opposingHand,winningChance,drawChance,lostChance
DIAMONDS FOUR SPADES QUEEN
HEARTS SIX HEARTS EIGHT,0.5314,0.0122,0.4564
SPADES TEN DIAMONDS KING,0.325,0.0084,0.6666
DIAMONDS TWO HEARTS NINE,0.6274,0.0134,0.3592
HEARTS FIVE DIAMONDS QUEEN,0.2156,0.4648,0.3196
SPADES EIGHT DIAMONDS JACK,0.573,0.0082,0.4188
CLUBS FOUR HEARTS ACE,0.2408,0.023,0.7362
DIAMONDS THREE SPADES EIGHT,0.634,0.0156,0.3504
SPADES THREE DIAMONDS TEN,0.622,0.0122,0.3658
CLUBS TEN HEARTS TWO,0.619,0.0154,0.3656
CLUBS SEVEN HEARTS EIGHT,0.556,0.013,0.431
SPADES ACE DIAMONDS KING,0.2962,0.005,0.6988
HEARTS TWO DIAMONDS FIVE,0.6046,0.0104,0.385
CLUBS TWO HEARTS ACE,0.3764,0.006,0.6176
CLUBS SIX SPADES FOUR,0.6808,0.046,0.2732
CLUBS SEVEN HEARTS TEN,0.575,0.0092,0.4158
SPADES FIVE CLUBS QUEEN,0.2204,0.4716,0.308
HEARTS ACE HEARTS TEN,0.3236,0.0054,0.671
HEARTS FIVE HEARTS JACK,0.5598,0.009,0.4312
DIAMONDS SEVEN DIAMONDS FIVE,0.5416,0.0132,0.4452
DIAMONDS THREE HEARTS EIGHT,0.6512,0.0128,0.336
CLUBS TEN DIAMONDS EIGHT,0.5528,0.0106,0.4366
DIAMONDS THREE HEARTS THREE,0.4216,0.0346,0.5438
DIAMONDS EIGHT CLUBS KING,0.3748,0.0064,0.6188
HEARTS SEVEN DIAMONDS ACE,0.3562,0.0034,0.6404
DIAMONDS NINE DIAMONDS EIGHT,0.5182,0.0118,0.47
CLUBS EIGHT HEARTS FIVE,0.5654,0.0136,0.421
DIAMONDS THREE CLUBS QUEEN,0.2718,0.5064,0.2218
DIAMONDS THREE DIAMONDS NINE,0.5948,0.0162,0.389
SPADES KING SPADES FIVE,0.3504,0.0096,0.64
SPADES EIGHT HEARTS JACK,0.5684,0.01,0.4216
DIAMONDS JACK SPADES THREE,0.634,0.0132,0.3528
DIAMONDS ACE SPADES TWO,0.3898,0.0058,0.6044
CLUBS TEN DIAMONDS KING,0.3304,0.0056,0.664
SPADES TEN SPADES THREE,0.6012,0.0138,0.385
CLUBS EIGHT HEARTS FOUR,0.706,0.0442,0.2498
HEARTS FIVE DIAMONDS NINE,0.5708,0.0126,0.4166
SPADES JACK CLUBS KING,0.3308,0.0072,0.662
SPADES KING CLUBS FOUR,0.2344,0.0388,0.7268
HEARTS TWO DIAMONDS ACE,0.3688,0.0054,0.6258
CLUBS FIVE HEARTS NINE,0.5704,0.0108,0.4188
SPADES TEN SPADES FOUR,0.6902,0.0444,0.2654
DIAMONDS TEN DIAMONDS NINE,0.5134,0.0124,0.4742
SPADES SEVEN DIAMONDS FIVE,0.5764,0.0156,0.408
CLUBS TEN SPADES JACK,0.5476,0.008,0.4444
DIAMONDS QUEEN CLUBS KING,0.2168,0.0266,0.7566
HEARTS QUEEN HEARTS NINE,0.217,0.1702,0.6128
CLUBS TEN SPADES FIVE,0.598,0.012,0.39
HEARTS SIX DIAMONDS FIVE,0.5628,0.0096,0.4276
SPADES ACE CLUBS TWO,0.3696,0.0068,0.6236
SPADES KING CLUBS EIGHT,0.3534,0.0076,0.639
CLUBS SIX HEARTS ACE,0.3664,0.0046,0.629
CLUBS THREE HEARTS QUEEN,0.2572,0.527,0.2158
DIAMONDS NINE HEARTS JACK,0.5454,0.0126,0.442
SPADES EIGHT SPADES THREE,0.6024,0.012,0.3856
HEARTS JACK CLUBS KING,0.348,0.0068,0.6452
DIAMONDS JACK DIAMONDS TEN,0.5092,0.0112,0.4796
SPADES EIGHT DIAMONDS SEVEN,0.5604,0.0134,0.4262
CLUBS FIVE DIAMONDS FIVE,0.3188,0.0318,0.6494
HEARTS SIX HEARTS NINE,0.5368,0.0114,0.4518
DIAMONDS NINE DIAMONDS SIX,0.544,0.0114,0.4446
DIAMONDS THREE SPADES NINE,0.6404,0.0124,0.3472
DIAMONDS KING DIAMONDS EIGHT,0.3372,0.007,0.6558
DIAMONDS THREE HEARTS KING,0.3982,0.0098,0.592
HEARTS FOUR DIAMONDS KING,0.2274,0.0342,0.7384
DIAMONDS THREE SPADES SEVEN,0.6234,0.0164,0.3602
CLUBS KING DIAMONDS FIVE,0.3336,0.0072,0.6592
CLUBS EIGHT CLUBS FOUR,0.6572,0.0428,0.3
SPADES FOUR CLUBS QUEEN,0.0194,0.9698,0.0108
HEARTS SEVEN CLUBS NINE,0.5466,0.0104,0.443
SPADES SIX DIAMONDS JACK,0.5926,0.0102,0.3972
HEARTS KING CLUBS ACE,0.3286,0.003,0.6684
HEARTS SEVEN CLUBS EIGHT,0.5532,0.0098,0.437
DIAMONDS EIGHT DIAMONDS SEVEN,0.5116,0.0122,0.4762
CLUBS NINE HEARTS THREE,0.621,0.012,0.367
CLUBS TWO DIAMONDS SIX,0.6286,0.013,0.3584
HEARTS SIX CLUBS JACK,0.6046,0.0104,0.385
CLUBS NINE SPADES FIVE,0.5812,0.0126,0.4062
SPADES KING DIAMONDS KING,0.1262,0.0026,0.8712
DIAMONDS ACE DIAMONDS TEN,0.3328,0.0056,0.6616
DIAMONDS THREE DIAMONDS KING,0.3746,0.0074,0.618
SPADES SIX HEARTS EIGHT,0.5672,0.0114,0.4214
SPADES KING HEARTS QUEEN,0.2418,0.0276,0.7306
CLUBS NINE CLUBS ACE,0.3364,0.0036,0.66
DIAMONDS NINE DIAMONDS SEVEN,0.5334,0.013,0.4536
HEARTS SIX DIAMONDS SEVEN,0.556,0.011,0.433
SPADES TWO CLUBS QUEEN,0.265,0.5166,0.2184
CLUBS FOUR CLUBS THREE,0.6528,0.04,0.3072
CLUBS SEVEN DIAMONDS TEN,0.558,0.0102,0.4318
CLUBS SEVEN SPADES THREE,0.6162,0.0138,0.37
HEARTS FOUR DIAMONDS JACK,0.7128,0.0452,0.242
HEARTS ACE DIAMONDS TEN,0.3634,0.0044,0.6322
SPADES NINE DIAMONDS SEVEN,0.5634,0.0122,0.4244
DIAMONDS ACE DIAMONDS SIX,0.3506,0.0054,0.644
SPADES TWO DIAMONDS SEVEN,0.633,0.0128,0.3542
SPADES JACK HEARTS NINE,0.5498,0.0158,0.4344
SPADES SEVEN CLUBS KING,0.367,0.007,0.626
DIAMONDS EIGHT DIAMONDS FIVE,0.5524,0.0128,0.4348
SPADES TEN CLUBS FIVE,0.6102,0.0124,0.3774
DIAMONDS EIGHT HEARTS EIGHT,0.3072,0.0204,0.6724
SPADES FIVE HEARTS TEN,0.5982,0.012,0.3898
CLUBS FIVE SPADES TWO,0.6208,0.0144,0.3648
CLUBS EIGHT DIAMONDS NINE,0.5342,0.0114,0.4544
HEARTS FIVE CLUBS SIX,0.5748,0.012,0.4132
DIAMONDS TWO CLUBS ACE,0.381,0.0056,0.6134
HEARTS FIVE DIAMONDS SEVEN,0.576,0.0118,0.4122
DIAMONDS QUEEN SPADES THREE,0.266,0.523,0.211
HEARTS EIGHT DIAMONDS FIVE,0.577,0.0162,0.4068
HEARTS SIX DIAMONDS QUEEN,0.2204,0.3824,0.3972
SPADES ACE SPADES NINE,0.3398,0.0052,0.655
CLUBS EIGHT HEARTS JACK,0.5626,0.0096,0.4278
CLUBS EIGHT DIAMONDS EIGHT,0.2988,0.0208,0.6804
HEARTS THREE HEARTS EIGHT,0.5826,0.013,0.4044
HEARTS SEVEN DIAMONDS QUEEN,0.2188,0.3164,0.4648
SPADES TEN DIAMONDS QUEEN,0.2292,0.13,0.6408
SPADES SIX HEARTS JACK,0.5992,0.0118,0.389
HEARTS SEVEN HEARTS TWO,0.5944,0.0148,0.3908
DIAMONDS JACK HEARTS KING,0.329,0.0066,0.6644
CLUBS ACE HEARTS TEN,0.3416,0.0036,0.6548
CLUBS SIX HEARTS EIGHT,0.5616,0.0124,0.426
HEARTS TEN HEARTS NINE,0.5102,0.0124,0.4774
CLUBS SEVEN SPADES SIX,0.5726,0.0144,0.413
CLUBS TEN HEARTS ACE,0.3552,0.002,0.6428
DIAMONDS ACE DIAMONDS EIGHT,0.3446,0.0052,0.6502
SPADES TWO HEARTS QUEEN,0.2594,0.5264,0.2142
CLUBS TEN HEARTS TEN,0.2888,0.0148,0.6964
DIAMONDS THREE DIAMONDS QUEEN,0.2618,0.487,0.2512
SPADES TWO CLUBS KING,0.3994,0.0092,0.5914
SPADES ACE SPADES FOUR,0.2154,0.0224,0.7622
HEARTS KING CLUBS JACK,0.3482,0.0044,0.6474
DIAMONDS TWO SPADES JACK,0.646,0.012,0.342
CLUBS TEN DIAMONDS FIVE,0.6038,0.0116,0.3846
SPADES FOUR DIAMONDS TEN,0.713,0.0516,0.2354
HEARTS FIVE SPADES THREE,0.614,0.0128,0.3732
CLUBS THREE CLUBS JACK,0.5786,0.0112,0.4102
SPADES EIGHT HEARTS KING,0.37,0.0058,0.6242
DIAMONDS TWO DIAMONDS SEVEN,0.5944,0.013,0.3926
HEARTS FOUR SPADES FOUR,0.2984,0.033,0.6686
HEARTS ACE DIAMONDS FIVE,0.3416,0.0042,0.6542
HEARTS SEVEN CLUBS TWO,0.6438,0.0106,0.3456
CLUBS THREE CLUBS ACE,0.3494,0.0058,0.6448
SPADES KING SPADES SEVEN,0.3448,0.0098,0.6454
SPADES ACE CLUBS TEN,0.3416,0.003,0.6554
HEARTS THREE CLUBS QUEEN,0.2698,0.5256,0.2046
HEARTS TWO HEARTS JACK,0.5978,0.0094,0.3928
SPADES EIGHT DIAMONDS EIGHT,0.2878,0.0224,0.6898
SPADES KING CLUBS SIX,0.3514,0.0108,0.6378
SPADES EIGHT CLUBS JACK,0.582,0.0118,0.4062
CLUBS EIGHT SPADES EIGHT,0.3108,0.0226,0.6666
HEARTS TWO CLUBS QUEEN,0.2644,0.5074,0.2282
CLUBS SEVEN DIAMONDS KING,0.3656,0.0076,0.6268
CLUBS NINE HEARTS QUEEN,0.2274,0.1696,0.603
CLUBS FOUR CLUBS QUEEN,0.0178,0.9096,0.0726
SPADES KING DIAMONDS EIGHT,0.3604,0.0078,0.6318
SPADES TWO HEARTS EIGHT,0.6236,0.011,0.3654
CLUBS THREE HEARTS TEN,0.6356,0.0138,0.3506
HEARTS FIVE HEARTS TWO,0.566,0.0138,0.4202
HEARTS QUEEN DIAMONDS SIX,0.2142,0.397,0.3888
HEARTS FIVE DIAMONDS ACE,0.3532,0.0046,0.6422
HEARTS SIX SPADES THREE,0.6194,0.0142,0.3664
CLUBS EIGHT CLUBS QUEEN,0.218,0.2108,0.5712
SPADES ACE SPADES TEN,0.3234,0.0046,0.672
DIAMONDS THREE SPADES JACK,0.639,0.013,0.348
HEARTS FIVE CLUBS JACK,0.599,0.0102,0.3908
CLUBS FOUR SPADES FIVE,0.6606,0.0428,0.2966
CLUBS SIX DIAMONDS TEN,0.5758,0.0122,0.412
HEARTS QUEEN CLUBS QUEEN,0.0892,0.0198,0.891
DIAMONDS KING DIAMONDS JACK,0.3168,0.007,0.6762
HEARTS FOUR SPADES SIX,0.6896,0.0402,0.2702
SPADES TEN SPADES EIGHT,0.535,0.0112,0.4538
SPADES ACE SPADES FIVE,0.3362,0.007,0.6568
CLUBS TEN DIAMONDS ACE,0.3468,0.005,0.6482
SPADES FOUR HEARTS TEN,0.7184,0.0468,0.2348
DIAMONDS JACK HEARTS QUEEN,0.2356,0.097,0.6674
SPADES NINE DIAMONDS SIX,0.5706,0.015,0.4144
SPADES SEVEN HEARTS ACE,0.3618,0.0052,0.633
DIAMONDS TEN CLUBS QUEEN,0.228,0.1196,0.6524
CLUBS TEN DIAMONDS JACK,0.5288,0.0102,0.461
HEARTS TEN HEARTS EIGHT,0.5196,0.0096,0.4708
SPADES FIVE CLUBS TWO,0.6098,0.0166,0.3736
HEARTS JACK HEARTS TEN,0.5012,0.0084,0.4904
HEARTS ACE SPADES THREE,0.3782,0.0056,0.6162
SPADES JACK HEARTS FOUR,0.7332,0.0528,0.214
HEARTS THREE DIAMONDS TEN,0.625,0.0144,0.3606
SPADES KING CLUBS THREE,0.3714,0.0074,0.6212
CLUBS SEVEN HEARTS ACE,0.3498,0.0046,0.6456
HEARTS SIX SPADES FOUR,0.6714,0.043,0.2856
HEARTS FIVE CLUBS QUEEN,0.2148,0.471,0.3142
SPADES TEN SPADES NINE,0.5172,0.0122,0.4706
CLUBS SIX CLUBS THREE,0.5678,0.0126,0.4196
CLUBS TWO DIAMONDS EIGHT,0.6116,0.0152,0.3732
HEARTS SIX CLUBS KING,0.3552,0.007,0.6378
DIAMONDS TWO SPADES FIVE,0.6164,0.0174,0.3662
DIAMONDS ACE CLUBS TWO,0.3812,0.0056,0.6132
DIAMONDS TWO HEARTS TEN,0.6238,0.0102,0.366
CLUBS SEVEN SPADES NINE,0.5576,0.0158,0.4266
SPADES SEVEN SPADES THREE,0.6038,0.0154,0.3808
SPADES NINE HEARTS THREE,0.6314,0.0136,0.355
HEARTS NINE CLUBS JACK,0.5464,0.0114,0.4422
CLUBS FIVE DIAMONDS SIX,0.5556,0.0116,0.4328
DIAMONDS QUEEN HEARTS ACE,0.2088,0.0166,0.7746
CLUBS KING CLUBS JACK,0.334,0.0064,0.6596
SPADES NINE HEARTS KING,0.3318,0.0064,0.6618
CLUBS EIGHT HEARTS TEN,0.5634,0.0098,0.4268
CLUBS FIVE DIAMONDS SEVEN,0.5754,0.0108,0.4138
DIAMONDS KING CLUBS KING,0.1318,0.0038,0.8644
SPADES KING HEARTS NINE,0.3534,0.0076,0.639
HEARTS FIVE SPADES FIVE,0.3286,0.0308,0.6406
SPADES FIVE DIAMONDS FIVE,0.3238,0.0346,0.6416
DIAMONDS EIGHT CLUBS QUEEN,0.2292,0.223,0.5478
SPADES EIGHT HEARTS NINE,0.5498,0.0116,0.4386
HEARTS SEVEN SPADES THREE,0.627,0.0136,0.3594
CLUBS THREE DIAMONDS NINE,0.6268,0.0108,0.3624
SPADES EIGHT HEARTS QUEEN,0.229,0.2308,0.5402
DIAMONDS QUEEN HEARTS EIGHT,0.2256,0.214,0.5604
DIAMONDS KING DIAMONDS TEN,0.327,0.0082,0.6648
SPADES KING SPADES SIX,0.3376,0.0068,0.6556
DIAMONDS ACE SPADES THREE,0.3668,0.0074,0.6258
DIAMONDS TWO SPADES SEVEN,0.6352,0.0156,0.3492
SPADES SIX CLUBS ACE,0.364,0.004,0.632
CLUBS FIVE HEARTS QUEEN,0.2282,0.4528,0.319
DIAMONDS TEN DIAMONDS SEVEN,0.5536,0.0112,0.4352
HEARTS SEVEN DIAMONDS SEVEN,0.323,0.0268,0.6502
SPADES KING SPADES TEN,0.3378,0.0076,0.6546
DIAMONDS THREE CLUBS SEVEN,0.6368,0.0112,0.352
DIAMONDS ACE DIAMONDS NINE,0.34,0.0042,0.6558
HEARTS ACE HEARTS QUEEN,0.214,0.0162,0.7698
SPADES JACK HEARTS EIGHT,0.5752,0.011,0.4138
CLUBS FIVE SPADES FIVE,0.3202,0.0364,0.6434
SPADES TWO DIAMONDS SIX,0.632,0.0168,0.3512
DIAMONDS TEN DIAMONDS SIX,0.5488,0.0148,0.4364
DIAMONDS NINE CLUBS JACK,0.5628,0.0092,0.428
CLUBS FIVE CLUBS JACK,0.555,0.0122,0.4328
HEARTS TWO HEARTS NINE,0.5854,0.012,0.4026
DIAMONDS JACK HEARTS EIGHT,0.5722,0.012,0.4158
SPADES EIGHT CLUBS TWO,0.6296,0.0162,0.3542
SPADES FOUR HEARTS KING,0.2322,0.035,0.7328
HEARTS FOUR CLUBS JACK,0.7082,0.05,0.2418
DIAMONDS QUEEN CLUBS JACK,0.2298,0.0986,0.6716
CLUBS TEN HEARTS SIX,0.5826,0.0118,0.4056
CLUBS TWO SPADES FOUR,0.702,0.051,0.247
SPADES KING SPADES FOUR,0.2158,0.0348,0.7494
SPADES FIVE HEARTS EIGHT,0.5808,0.0132,0.406
CLUBS TEN CLUBS FIVE,0.5584,0.01,0.4316
HEARTS SEVEN DIAMONDS TEN,0.5726,0.0102,0.4172
CLUBS THREE DIAMONDS SEVEN,0.6186,0.0142,0.3672
SPADES JACK SPADES NINE,0.5232,0.0102,0.4666
HEARTS SEVEN SPADES NINE,0.5712,0.0092,0.4196
SPADES NINE SPADES EIGHT,0.5284,0.0114,0.4602
SPADES FIVE SPADES FOUR,0.6354,0.0444,0.3202
CLUBS FIVE HEARTS ACE,0.348,0.0028,0.6492
CLUBS NINE SPADES THREE,0.6274,0.011,0.3616
HEARTS SEVEN CLUBS FIVE,0.5646,0.0142,0.4212
DIAMONDS QUEEN HEARTS NINE,0.2228,0.1684,0.6088
SPADES SEVEN DIAMONDS ACE,0.3466,0.0058,0.6476
CLUBS SEVEN CLUBS KING,0.3522,0.0076,0.6402
DIAMONDS JACK CLUBS QUEEN,0.2338,0.0936,0.6726
CLUBS NINE DIAMONDS QUEEN,0.2246,0.1646,0.6108
DIAMONDS KING HEARTS QUEEN,0.2322,0.026,0.7418
SPADES NINE SPADES FOUR,0.6958,0.041,0.2632
HEARTS SEVEN CLUBS SEVEN,0.3202,0.0234,0.6564
SPADES ACE HEARTS THREE,0.3838,0.0056,0.6106
HEARTS ACE CLUBS JACK,0.3514,0.0032,0.6454
HEARTS SEVEN HEARTS FIVE,0.535,0.014,0.451
DIAMONDS TWO HEARTS FIVE,0.6152,0.0128,0.372
SPADES EIGHT DIAMONDS NINE,0.5478,0.0114,0.4408
CLUBS EIGHT SPADES SEVEN,0.5576,0.0124,0.43
HEARTS SIX SPADES SEVEN,0.5674,0.0114,0.4212
CLUBS SIX CLUBS KING,0.3444,0.0066,0.649
DIAMONDS TWO HEARTS TWO,0.4326,0.036,0.5314
SPADES SEVEN CLUBS ACE,0.3726,0.0056,0.6218
DIAMONDS JACK DIAMONDS FIVE,0.5668,0.0132,0.42
CLUBS THREE DIAMONDS KING,0.3856,0.01,0.6044
DIAMONDS EIGHT HEARTS TEN,0.5476,0.0092,0.4432
SPADES TEN CLUBS SEVEN,0.5898,0.0124,0.3978
CLUBS THREE SPADES FIVE,0.613,0.015,0.372
DIAMONDS KING DIAMONDS QUEEN,0.2326,0.0256,0.7418
HEARTS SEVEN DIAMONDS NINE,0.5468,0.0106,0.4426
CLUBS NINE HEARTS SIX,0.5712,0.0098,0.419
HEARTS THREE DIAMONDS ACE,0.359,0.0054,0.6356
HEARTS SIX DIAMONDS TEN,0.5836,0.013,0.4034
HEARTS THREE DIAMONDS SEVEN,0.6274,0.0128,0.3598
HEARTS TWO CLUBS FOUR,0.6872,0.0486,0.2642
HEARTS JACK DIAMONDS EIGHT,0.5668,0.0098,0.4234
CLUBS THREE DIAMONDS TEN,0.6286,0.0108,0.3606
CLUBS THREE DIAMONDS EIGHT,0.6216,0.0148,0.3636
HEARTS QUEEN HEARTS JACK,0.223,0.0798,0.6972
CLUBS SEVEN SPADES FIVE,0.5834,0.0126,0.404
CLUBS QUEEN CLUBS JACK,0.2228,0.0896,0.6876
SPADES ACE SPADES THREE,0.3722,0.0064,0.6214
CLUBS TEN DIAMONDS TEN,0.2894,0.0148,0.6958
CLUBS FIVE SPADES FOUR,0.6744,0.0422,0.2834
SPADES TWO HEARTS JACK,0.6426,0.014,0.3434
HEARTS SEVEN SPADES FOUR,0.6992,0.037,0.2638
CLUBS SIX HEARTS THREE,0.6136,0.012,0.3744
SPADES ACE DIAMONDS TEN,0.3356,0.0052,0.6592
CLUBS EIGHT CLUBS SIX,0.532,0.0102,0.4578
HEARTS SEVEN CLUBS KING,0.3766,0.0066,0.6168
HEARTS THREE HEARTS QUEEN,0.2536,0.4716,0.2748
SPADES SEVEN HEARTS NINE,0.566,0.0132,0.4208
SPADES JACK SPADES TEN,0.5108,0.0106,0.4786
CLUBS EIGHT SPADES SIX,0.5738,0.0126,0.4136
SPADES TEN HEARTS TEN,0.3114,0.0136,0.675
DIAMONDS THREE DIAMONDS SEVEN,0.585,0.0162,0.3988
CLUBS SIX CLUBS FOUR,0.6462,0.0366,0.3172
SPADES ACE HEARTS KING,0.3094,0.0048,0.6858
HEARTS SIX CLUBS SIX,0.3202,0.029,0.6508
SPADES TEN DIAMONDS SEVEN,0.5736,0.0122,0.4142
CLUBS FOUR HEARTS JACK,0.7064,0.0484,0.2452
HEARTS THREE HEARTS TWO,0.6044,0.011,0.3846
SPADES ACE CLUBS JACK,0.3456,0.0034,0.651
HEARTS KING CLUBS QUEEN,0.2378,0.0268,0.7354
HEARTS TWO CLUBS TWO,0.4326,0.0328,0.5346
CLUBS NINE HEARTS FIVE,0.5864,0.0124,0.4012
HEARTS JACK CLUBS JACK,0.2848,0.01,0.7052
HEARTS FIVE DIAMONDS KING,0.3502,0.0096,0.6402
CLUBS SEVEN DIAMONDS JACK,0.5754,0.0118,0.4128
SPADES SEVEN DIAMONDS SIX,0.5624,0.0108,0.4268
HEARTS SIX HEARTS TEN,0.545,0.0124,0.4426
DIAMONDS THREE HEARTS SIX,0.615,0.0142,0.3708
HEARTS FIVE SPADES EIGHT,0.5754,0.0112,0.4134
HEARTS QUEEN CLUBS JACK,0.2454,0.0846,0.67
HEARTS SIX DIAMONDS JACK,0.5984,0.012,0.3896
CLUBS KING HEARTS TEN,0.3278,0.0062,0.666
DIAMONDS THREE CLUBS JACK,0.6316,0.0124,0.356
HEARTS SEVEN HEARTS QUEEN,0.2172,0.3028,0.48
HEARTS JACK HEARTS EIGHT,0.5368,0.0102,0.453
SPADES SIX DIAMONDS SEVEN,0.5532,0.0124,0.4344
SPADES THREE HEARTS TEN,0.6428,0.01,0.3472
HEARTS ACE SPADES TWO,0.3716,0.0052,0.6232
SPADES KING HEARTS TWO,0.397,0.009,0.594
DIAMONDS THREE CLUBS THREE,0.414,0.0326,0.5534
HEARTS TEN DIAMONDS FIVE,0.6056,0.0096,0.3848
SPADES SIX CLUBS TWO,0.6274,0.0148,0.3578
HEARTS ACE DIAMONDS JACK,0.3586,0.006,0.6354
SPADES SEVEN DIAMONDS EIGHT,0.5664,0.0118,0.4218
CLUBS TWO DIAMONDS QUEEN,0.2584,0.511,0.2306
SPADES FOUR DIAMONDS SEVEN,0.6978,0.0462,0.256
SPADES JACK CLUBS FOUR,0.7118,0.0524,0.2358
SPADES TEN HEARTS THREE,0.6324,0.0116,0.356
DIAMONDS ACE SPADES FOUR,0.2066,0.0302,0.7632
SPADES EIGHT DIAMONDS SIX,0.5664,0.012,0.4216
CLUBS SEVEN SPADES TWO,0.6348,0.014,0.3512
SPADES NINE DIAMONDS ACE,0.3628,0.0056,0.6316
SPADES TEN HEARTS KING,0.3444,0.0056,0.65
SPADES THREE HEARTS JACK,0.6416,0.0086,0.3498
CLUBS TWO CLUBS JACK,0.5854,0.0112,0.4034
DIAMONDS NINE CLUBS KING,0.3428,0.007,0.6502
SPADES ACE HEARTS FOUR,0.2408,0.0238,0.7354
CLUBS SEVEN CLUBS SIX,0.5306,0.0114,0.458
CLUBS FIVE SPADES SEVEN,0.5782,0.0126,0.4092
CLUBS TWO SPADES TWO,0.4334,0.034,0.5326
CLUBS THREE CLUBS QUEEN,0.2468,0.4882,0.265
HEARTS SIX DIAMONDS ACE,0.3556,0.0056,0.6388
DIAMONDS JACK DIAMONDS EIGHT,0.5364,0.0122,0.4514
HEARTS FOUR HEARTS EIGHT,0.643,0.0448,0.3122
HEARTS TWO HEARTS KING,0.3668,0.0106,0.6226
HEARTS THREE SPADES FOUR,0.6834,0.0452,0.2714
DIAMONDS EIGHT HEARTS NINE,0.5376,0.012,0.4504
HEARTS THREE HEARTS NINE,0.5904,0.011,0.3986
HEARTS THREE SPADES FIVE,0.5934,0.016,0.3906
HEARTS ACE HEARTS NINE,0.3396,0.004,0.6564
HEARTS ACE HEARTS JACK,0.3164,0.0058,0.6778
SPADES JACK HEARTS ACE,0.356,0.0048,0.6392
DIAMONDS TWO HEARTS QUEEN,0.28,0.5048,0.2152
DIAMONDS KING HEARTS JACK,0.3458,0.0082,0.646
SPADES THREE HEARTS KING,0.4022,0.01,0.5878
SPADES FIVE CLUBS JACK,0.6066,0.0102,0.3832
CLUBS QUEEN HEARTS NINE,0.227,0.1708,0.6022
SPADES ACE SPADES JACK,0.3218,0.0042,0.674
CLUBS EIGHT SPADES TWO,0.6236,0.017,0.3594
DIAMONDS THREE DIAMONDS TWO,0.5998,0.0184,0.3818
HEARTS ACE DIAMONDS NINE,0.3548,0.002,0.6432
CLUBS ACE HEARTS JACK,0.3458,0.0024,0.6518
CLUBS SIX CLUBS FIVE,0.5356,0.0128,0.4516
HEARTS SIX CLUBS TWO,0.625,0.0146,0.3604
CLUBS NINE SPADES FOUR,0.7114,0.0486,0.24
CLUBS FOUR SPADES TWO,0.7044,0.0468,0.2488
HEARTS FOUR SPADES EIGHT,0.717,0.038,0.245
SPADES FIVE HEARTS NINE,0.59,0.0116,0.3984
CLUBS FIVE CLUBS TWO,0.5798,0.0134,0.4068
CLUBS ACE HEARTS NINE,0.366,0.0044,0.6296
HEARTS SEVEN CLUBS ACE,0.3474,0.0034,0.6492
SPADES NINE DIAMONDS KING,0.3448,0.006,0.6492
SPADES JACK CLUBS JACK,0.2878,0.0082,0.704
SPADES SIX DIAMONDS EIGHT,0.5642,0.016,0.4198
DIAMONDS NINE HEARTS NINE,0.286,0.0156,0.6984
HEARTS QUEEN CLUBS KING,0.2282,0.0292,0.7426
CLUBS FOUR HEARTS QUEEN,0.0208,0.956,0.0232
DIAMONDS ACE CLUBS QUEEN,0.2156,0.0188,0.7656
DIAMONDS NINE DIAMONDS FIVE,0.555,0.0136,0.4314
HEARTS TEN CLUBS JACK,0.5318,0.012,0.4562
SPADES SIX CLUBS JACK,0.6004,0.0112,0.3884
DIAMONDS THREE SPADES TWO,0.639,0.015,0.346
SPADES ACE DIAMONDS JACK,0.3356,0.0052,0.6592
SPADES FIVE HEARTS ACE,0.346,0.0038,0.6502
CLUBS NINE DIAMONDS FIVE,0.588,0.013,0.399
HEARTS FOUR HEARTS KING,0.2298,0.0342,0.736
CLUBS THREE HEARTS ACE,0.3794,0.0044,0.6162
CLUBS SIX DIAMONDS SEVEN,0.5562,0.0134,0.4304
CLUBS FIVE HEARTS TEN,0.5978,0.012,0.3902
SPADES ACE CLUBS KING,0.308,0.005,0.687
SPADES KING HEARTS EIGHT,0.3602,0.0072,0.6326
CLUBS THREE DIAMONDS JACK,0.6252,0.0122,0.3626
CLUBS SIX DIAMONDS FIVE,0.5466,0.0148,0.4386
SPADES THREE DIAMONDS SEVEN,0.6256,0.018,0.3564
SPADES KING CLUBS JACK,0.33,0.0064,0.6636
HEARTS TWO CLUBS ACE,0.3892,0.005,0.6058
CLUBS ACE DIAMONDS FIVE,0.3516,0.0054,0.643
HEARTS QUEEN DIAMONDS SEVEN,0.2308,0.2942,0.475
SPADES SIX HEARTS TEN,0.5894,0.0086,0.402
CLUBS THREE CLUBS TWO,0.5954,0.0162,0.3884
SPADES FIVE DIAMONDS QUEEN,0.2138,0.4626,0.3236
CLUBS TWO HEARTS JACK,0.64,0.0136,0.3464
HEARTS SEVEN HEARTS ACE,0.3436,0.0046,0.6518
CLUBS ACE DIAMONDS EIGHT,0.3548,0.0062,0.639
HEARTS TWO CLUBS KING,0.4006,0.0096,0.5898
HEARTS SIX SPADES TEN,0.5966,0.0126,0.3908
HEARTS TWO CLUBS JACK,0.623,0.0134,0.3636
SPADES FIVE DIAMONDS SEVEN,0.5818,0.0186,0.3996
HEARTS FOUR DIAMONDS FIVE,0.6526,0.0504,0.297
SPADES SEVEN SPADES FIVE,0.548,0.0106,0.4414
HEARTS TWO SPADES THREE,0.6432,0.0148,0.342
CLUBS EIGHT CLUBS JACK,0.5318,0.0082,0.46
HEARTS ACE CLUBS ACE,0.1222,0.0034,0.8744
SPADES KING CLUBS KING,0.1222,0.0044,0.8734
HEARTS SEVEN HEARTS THREE,0.5814,0.0134,0.4052
HEARTS THREE SPADES EIGHT,0.634,0.0128,0.3532
CLUBS TEN SPADES NINE,0.5496,0.0104,0.44
SPADES TWO HEARTS NINE,0.6288,0.0136,0.3576
CLUBS NINE CLUBS KING,0.331,0.0058,0.6632
CLUBS FIVE HEARTS EIGHT,0.5938,0.014,0.3922
CLUBS NINE DIAMONDS ACE,0.36,0.0052,0.6348
HEARTS TWO DIAMONDS EIGHT,0.62,0.0138,0.3662
DIAMONDS THREE HEARTS FOUR,0.6866,0.053,0.2604
SPADES EIGHT SPADES FOUR,0.682,0.04,0.278
CLUBS SIX HEARTS QUEEN,0.2406,0.363,0.3964
SPADES ACE CLUBS SIX,0.36,0.0042,0.6358
DIAMONDS THREE CLUBS SIX,0.6124,0.0148,0.3728
SPADES EIGHT CLUBS FOUR,0.7054,0.0422,0.2524
CLUBS NINE DIAMONDS TEN,0.5436,0.0134,0.443
HEARTS SEVEN HEARTS EIGHT,0.5222,0.0112,0.4666
CLUBS SIX SPADES SEVEN,0.5686,0.0116,0.4198
DIAMONDS SIX DIAMONDS FIVE,0.5366,0.0104,0.453
DIAMONDS TEN HEARTS QUEEN,0.223,0.1174,0.6596
DIAMONDS THREE DIAMONDS SIX,0.5664,0.0104,0.4232
CLUBS TEN DIAMONDS SIX,0.5796,0.0114,0.409
DIAMONDS TWO DIAMONDS SIX,0.5816,0.0138,0.4046
DIAMONDS KING SPADES TWO,0.3922,0.0088,0.599
CLUBS TEN HEARTS THREE,0.6198,0.0106,0.3696
CLUBS TEN DIAMONDS NINE,0.5368,0.0106,0.4526
DIAMONDS SIX HEARTS EIGHT,0.5648,0.0108,0.4244
HEARTS FIVE DIAMONDS EIGHT,0.5844,0.0098,0.4058
SPADES ACE DIAMONDS ACE,0.1128,0.0026,0.8846
CLUBS THREE HEARTS NINE,0.6266,0.0096,0.3638
SPADES ACE DIAMONDS FIVE,0.3356,0.0046,0.6598
DIAMONDS QUEEN DIAMONDS TEN,0.2214,0.114,0.6646
SPADES FOUR DIAMONDS FIVE,0.6738,0.0466,0.2796
DIAMONDS THREE SPADES FIVE,0.6086,0.0148,0.3766
DIAMONDS THREE DIAMONDS ACE,0.3558,0.0048,0.6394
DIAMONDS TEN HEARTS JACK,0.5326,0.0122,0.4552
CLUBS SEVEN SPADES EIGHT,0.5672,0.0114,0.4214
CLUBS TEN SPADES TWO,0.6348,0.0126,0.3526
CLUBS THREE CLUBS KING,0.3564,0.0066,0.637
SPADES EIGHT DIAMONDS KING,0.3666,0.0066,0.6268
CLUBS FOUR CLUBS ACE,0.2224,0.0246,0.753
CLUBS NINE HEARTS EIGHT,0.5466,0.009,0.4444
SPADES KING HEARTS THREE,0.3806,0.009,0.6104
HEARTS TEN CLUBS QUEEN,0.2424,0.118,0.6396
HEARTS SIX HEARTS KING,0.3346,0.007,0.6584
DIAMONDS QUEEN HEARTS TEN,0.2316,0.1182,0.6502
HEARTS KING HEARTS TEN,0.3198,0.006,0.6742
CLUBS TEN SPADES FOUR,0.7126,0.0538,0.2336
SPADES THREE HEARTS NINE,0.6288,0.0162,0.355
SPADES ACE DIAMONDS EIGHT,0.3676,0.0046,0.6278
CLUBS NINE CLUBS SIX,0.532,0.008,0.46
SPADES ACE HEARTS TWO,0.378,0.0034,0.6186
SPADES TEN SPADES SEVEN,0.5434,0.013,0.4436
HEARTS THREE SPADES SIX,0.6202,0.0152,0.3646
HEARTS SEVEN SPADES KING,0.3684,0.0096,0.622
SPADES JACK HEARTS THREE,0.6328,0.0146,0.3526
CLUBS FOUR DIAMONDS SEVEN,0.6914,0.042,0.2666
SPADES TEN HEARTS NINE,0.5328,0.0086,0.4586
HEARTS SIX DIAMONDS NINE,0.5676,0.012,0.4204
HEARTS ACE CLUBS KING,0.3058,0.0038,0.6904
SPADES KING HEARTS JACK,0.332,0.0074,0.6606
DIAMONDS SEVEN CLUBS QUEEN,0.2136,0.3056,0.4808
DIAMONDS QUEEN DIAMONDS SIX,0.2044,0.3724,0.4232
SPADES TEN DIAMONDS TEN,0.2954,0.0142,0.6904
DIAMONDS KING SPADES FOUR,0.2272,0.0372,0.7356
HEARTS FIVE CLUBS THREE,0.588,0.015,0.397
HEARTS FOUR HEARTS JACK,0.6734,0.0426,0.284
SPADES KING DIAMONDS SIX,0.3572,0.0088,0.634
HEARTS TEN DIAMONDS SEVEN,0.5774,0.0096,0.413
CLUBS NINE DIAMONDS JACK,0.5498,0.0122,0.438
HEARTS FOUR SPADES THREE,0.6908,0.045,0.2642
CLUBS THREE SPADES TWO,0.632,0.016,0.352
SPADES FIVE DIAMONDS EIGHT,0.5752,0.0122,0.4126
CLUBS NINE HEARTS ACE,0.3456,0.0028,0.6516
SPADES JACK HEARTS TWO,0.6358,0.0152,0.349
CLUBS TWO CLUBS KING,0.3674,0.0086,0.624
SPADES KING DIAMONDS ACE,0.307,0.0044,0.6886
SPADES FOUR CLUBS KING,0.2386,0.0436,0.7178
HEARTS SIX DIAMONDS TWO,0.6226,0.0166,0.3608
SPADES ACE CLUBS QUEEN,0.2304,0.0152,0.7544
HEARTS SEVEN HEARTS JACK,0.5478,0.0116,0.4406
HEARTS THREE CLUBS KING,0.3888,0.0068,0.6044
DIAMONDS JACK DIAMONDS SIX,0.5626,0.0112,0.4262
SPADES TEN HEARTS ACE,0.353,0.0048,0.6422
CLUBS FIVE DIAMONDS KING,0.3596,0.0084,0.632
HEARTS SEVEN HEARTS SIX,0.5244,0.014,0.4616
HEARTS QUEEN HEARTS TEN,0.2106,0.1188,0.6706
HEARTS SEVEN SPADES SIX,0.5666,0.0122,0.4212
SPADES TWO DIAMONDS EIGHT,0.6308,0.0152,0.354
CLUBS FIVE CLUBS KING,0.3416,0.0072,0.6512
SPADES FOUR HEARTS EIGHT,0.7076,0.0464,0.246
DIAMONDS ACE SPADES SIX,0.3544,0.0062,0.6394
HEARTS KING DIAMONDS TEN,0.3436,0.0068,0.6496
CLUBS TEN DIAMONDS SEVEN,0.5582,0.0122,0.4296
CLUBS TEN SPADES SEVEN,0.564,0.0114,0.4246
SPADES ACE SPADES EIGHT,0.3274,0.0062,0.6664
CLUBS FOUR SPADES THREE,0.679,0.0452,0.2758
CLUBS KING DIAMONDS SEVEN,0.3796,0.0082,0.6122
SPADES THREE DIAMONDS NINE,0.635,0.0156,0.3494
CLUBS TWO HEARTS KING,0.3868,0.009,0.6042
DIAMONDS KING CLUBS TWO,0.4062,0.0084,0.5854
SPADES NINE DIAMONDS NINE,0.3038,0.018,0.6782
SPADES JACK DIAMONDS SEVEN,0.5762,0.0122,0.4116
SPADES THREE DIAMONDS SIX,0.615,0.014,0.371
HEARTS THREE DIAMONDS SIX,0.6166,0.0168,0.3666
HEARTS SIX CLUBS ACE,0.368,0.004,0.628
DIAMONDS ACE CLUBS JACK,0.3354,0.0032,0.6614
DIAMONDS THREE SPADES KING,0.3934,0.0114,0.5952
DIAMONDS JACK CLUBS ACE,0.3382,0.0048,0.657
CLUBS SEVEN DIAMONDS QUEEN,0.2228,0.2994,0.4778
SPADES FIVE HEARTS JACK,0.593,0.0114,0.3956
SPADES SIX DIAMONDS SIX,0.3108,0.0264,0.6628
CLUBS THREE HEARTS EIGHT,0.6382,0.011,0.3508
HEARTS THREE DIAMONDS KING,0.386,0.0116,0.6024
DIAMONDS QUEEN DIAMONDS NINE,0.2252,0.1662,0.6086
CLUBS FOUR HEARTS EIGHT,0.704,0.0406,0.2554
SPADES TEN HEARTS FOUR,0.7198,0.053,0.2272
CLUBS SIX CLUBS JACK,0.5536,0.0088,0.4376
HEARTS FIVE SPADES TEN,0.5972,0.0136,0.3892
HEARTS SEVEN CLUBS FOUR,0.6902,0.0408,0.269
SPADES TEN HEARTS JACK,0.5364,0.0124,0.4512
CLUBS FOUR DIAMONDS JACK,0.715,0.0434,0.2416
CLUBS SEVEN SPADES FOUR,0.6974,0.045,0.2576
CLUBS ACE CLUBS JACK,0.3228,0.0038,0.6734
HEARTS SEVEN SPADES FIVE,0.5784,0.015,0.4066
CLUBS FOUR SPADES SIX,0.6854,0.0432,0.2714
HEARTS FOUR DIAMONDS NINE,0.7236,0.041,0.2354
CLUBS TEN CLUBS EIGHT,0.5172,0.009,0.4738
DIAMONDS ACE HEARTS TEN,0.349,0.006,0.645
SPADES JACK HEARTS FIVE,0.6034,0.0152,0.3814
CLUBS THREE SPADES THREE,0.4226,0.0358,0.5416
CLUBS TEN HEARTS KING,0.3398,0.0052,0.655
HEARTS THREE SPADES THREE,0.4258,0.0342,0.54
CLUBS SEVEN DIAMONDS ACE,0.352,0.004,0.644
SPADES TEN DIAMONDS ACE,0.3464,0.0062,0.6474
DIAMONDS TWO CLUBS JACK,0.6324,0.0136,0.354
SPADES FIVE HEARTS KING,0.3652,0.0082,0.6266
CLUBS EIGHT HEARTS NINE,0.5432,0.0118,0.445
DIAMONDS TWO CLUBS FIVE,0.618,0.0148,0.3672
HEARTS FOUR CLUBS THREE,0.6648,0.0482,0.287
HEARTS QUEEN HEARTS EIGHT,0.2218,0.2134,0.5648
CLUBS FIVE CLUBS ACE,0.3284,0.0042,0.6674
HEARTS THREE HEARTS TEN,0.5858,0.0134,0.4008
DIAMONDS KING SPADES THREE,0.3844,0.0114,0.6042
SPADES NINE CLUBS KING,0.3622,0.0064,0.6314
CLUBS SEVEN HEARTS TWO,0.6434,0.0144,0.3422
SPADES TEN CLUBS JACK,0.5492,0.0096,0.4412
DIAMONDS TWO SPADES EIGHT,0.6306,0.012,0.3574
CLUBS TEN HEARTS JACK,0.5416,0.01,0.4484
CLUBS NINE DIAMONDS SEVEN,0.5512,0.0108,0.438
HEARTS FOUR DIAMONDS SEVEN,0.6988,0.0428,0.2584
SPADES FOUR CLUBS JACK,0.714,0.0494,0.2366
CLUBS FIVE SPADES SIX,0.572,0.0134,0.4146
CLUBS NINE SPADES SEVEN,0.5624,0.0106,0.427
CLUBS ACE HEARTS EIGHT,0.3608,0.0036,0.6356
CLUBS NINE SPADES SIX,0.5792,0.0144,0.4064
HEARTS SIX SPADES TWO,0.63,0.0146,0.3554
CLUBS FIVE HEARTS JACK,0.5978,0.0098,0.3924
SPADES FOUR DIAMONDS NINE,0.7214,0.046,0.2326
DIAMONDS ACE SPADES FIVE,0.341,0.0044,0.6546
HEARTS KING HEARTS EIGHT,0.3318,0.0056,0.6626
HEARTS SEVEN DIAMONDS FIVE,0.5748,0.0128,0.4124
DIAMONDS KING DIAMONDS FIVE,0.3422,0.0082,0.6496
SPADES ACE CLUBS ACE,0.1186,0.0052,0.8762
SPADES KING HEARTS KING,0.124,0.0054,0.8706
DIAMONDS THREE HEARTS TEN,0.623,0.0128,0.3642
SPADES JACK CLUBS THREE,0.6372,0.0112,0.3516
SPADES SIX HEARTS ACE,0.3622,0.0046,0.6332
CLUBS ACE DIAMONDS SIX,0.3468,0.0056,0.6476
SPADES KING DIAMONDS FIVE,0.3414,0.0098,0.6488
SPADES SIX SPADES TWO,0.5942,0.0156,0.3902
DIAMONDS THREE DIAMONDS JACK,0.5996,0.0148,0.3856
SPADES KING HEARTS TEN,0.3376,0.0044,0.658
CLUBS TEN HEARTS QUEEN,0.2288,0.1192,0.652
SPADES THREE DIAMONDS EIGHT,0.6484,0.012,0.3396
CLUBS NINE CLUBS JACK,0.514,0.0108,0.4752
HEARTS SEVEN DIAMONDS SIX,0.5676,0.014,0.4184
CLUBS FIVE CLUBS FOUR,0.6188,0.0424,0.3388
HEARTS FIVE HEARTS KING,0.3222,0.0066,0.6712
DIAMONDS SEVEN HEARTS EIGHT,0.544,0.0116,0.4444
CLUBS SEVEN HEARTS THREE,0.6202,0.0148,0.365
HEARTS FOUR CLUBS TWO,0.697,0.0478,0.2552
SPADES SEVEN HEARTS QUEEN,0.2356,0.304,0.4604
SPADES SEVEN SPADES SIX,0.5382,0.014,0.4478
HEARTS FOUR HEARTS TEN,0.672,0.045,0.283
HEARTS SEVEN HEARTS NINE,0.5354,0.0108,0.4538
CLUBS FIVE CLUBS THREE,0.559,0.0144,0.4266
SPADES ACE DIAMONDS THREE,0.3822,0.0062,0.6116
SPADES ACE CLUBS FOUR,0.2384,0.0278,0.7338
SPADES ACE DIAMONDS SEVEN,0.3524,0.0082,0.6394
HEARTS THREE DIAMONDS JACK,0.6288,0.0128,0.3584
DIAMONDS THREE HEARTS FIVE,0.602,0.0146,0.3834
HEARTS SEVEN DIAMONDS JACK,0.5766,0.0112,0.4122
CLUBS NINE HEARTS KING,0.3424,0.0058,0.6518
CLUBS EIGHT CLUBS THREE,0.5914,0.0124,0.3962
SPADES JACK SPADES SEVEN,0.5568,0.0146,0.4286
HEARTS FIVE CLUBS TWO,0.5954,0.0172,0.3874
SPADES ACE HEARTS SEVEN,0.3514,0.0042,0.6444
SPADES NINE CLUBS FOUR,0.7242,0.0414,0.2344
HEARTS SIX CLUBS FOUR,0.6736,0.0432,0.2832
CLUBS ACE CLUBS KING,0.294,0.0056,0.7004
DIAMONDS QUEEN CLUBS ACE,0.2308,0.0166,0.7526
CLUBS SEVEN CLUBS FIVE,0.5328,0.0114,0.4558
HEARTS FIVE SPADES TWO,0.6236,0.014,0.3624
CLUBS FIVE HEARTS TWO,0.6122,0.011,0.3768
SPADES ACE CLUBS THREE,0.3766,0.0058,0.6176
SPADES EIGHT DIAMONDS FIVE,0.5798,0.0146,0.4056
CLUBS SEVEN CLUBS QUEEN,0.2256,0.289,0.4854
SPADES EIGHT SPADES FIVE,0.5534,0.0126,0.434
SPADES EIGHT HEARTS TEN,0.5594,0.0118,0.4288
CLUBS FOUR HEARTS NINE,0.7154,0.0464,0.2382
SPADES JACK DIAMONDS QUEEN,0.2388,0.0974,0.6638
SPADES ACE CLUBS EIGHT,0.3554,0.0052,0.6394
SPADES JACK SPADES FOUR,0.7012,0.0476,0.2512
DIAMONDS KING HEARTS EIGHT,0.3742,0.0084,0.6174
CLUBS TWO HEARTS NINE,0.6238,0.0126,0.3636
HEARTS FIVE SPADES SEVEN,0.571,0.014,0.415
CLUBS EIGHT DIAMONDS KING,0.3508,0.0062,0.643
DIAMONDS TWO DIAMONDS TEN,0.5862,0.0162,0.3976
CLUBS ACE CLUBS QUEEN,0.2174,0.0188,0.7638
HEARTS SIX CLUBS SEVEN,0.5524,0.0116,0.436
HEARTS QUEEN CLUBS ACE,0.2376,0.0122,0.7502
DIAMONDS JACK HEARTS NINE,0.534,0.011,0.455
SPADES SIX HEARTS QUEEN,0.2244,0.37,0.4056
HEARTS FOUR CLUBS FOUR,0.3064,0.0366,0.657
DIAMONDS JACK CLUBS JACK,0.2788,0.0122,0.709
CLUBS TEN SPADES TEN,0.2816,0.0126,0.7058
SPADES NINE HEARTS ACE,0.3524,0.0054,0.6422
SPADES EIGHT CLUBS THREE,0.6364,0.014,0.3496
DIAMONDS KING CLUBS JACK,0.3264,0.0086,0.665
DIAMONDS QUEEN DIAMONDS JACK,0.225,0.0866,0.6884
DIAMONDS TWO HEARTS EIGHT,0.627,0.0146,0.3584
SPADES FOUR DIAMONDS EIGHT,0.698,0.0476,0.2544
HEARTS FOUR SPADES SEVEN,0.7024,0.0446,0.253
HEARTS TWO SPADES SIX,0.644,0.0142,0.3418
DIAMONDS NINE CLUBS QUEEN,0.216,0.1698,0.6142
SPADES THREE CLUBS KING,0.3888,0.0086,0.6026
CLUBS EIGHT SPADES TEN,0.563,0.0118,0.4252
SPADES KING SPADES EIGHT,0.3444,0.0082,0.6474
SPADES JACK SPADES SIX,0.567,0.0154,0.4176
SPADES JACK DIAMONDS JACK,0.2782,0.012,0.7098
SPADES SEVEN DIAMONDS SEVEN,0.3202,0.0246,0.6552
DIAMONDS KING DIAMONDS SEVEN,0.3488,0.0062,0.645
HEARTS SEVEN DIAMONDS KING,0.3564,0.008,0.6356
HEARTS FIVE DIAMONDS SIX,0.5602,0.0126,0.4272
DIAMONDS TEN HEARTS NINE,0.5566,0.012,0.4314
HEARTS THREE DIAMONDS NINE,0.6228,0.0116,0.3656
DIAMONDS ACE HEARTS ACE,0.1208,0.0036,0.8756
SPADES TEN CLUBS THREE,0.6398,0.011,0.3492
CLUBS NINE CLUBS SEVEN,0.5264,0.0106,0.463
DIAMONDS KING DIAMONDS SIX,0.3458,0.0062,0.648
CLUBS NINE SPADES TWO,0.623,0.014,0.363
SPADES TEN CLUBS FOUR,0.7224,0.0528,0.2248
SPADES JACK HEARTS JACK,0.289,0.0116,0.6994
SPADES SIX HEARTS KING,0.3656,0.0072,0.6272
SPADES ACE CLUBS SEVEN,0.3592,0.0062,0.6346
CLUBS SIX CLUBS TWO,0.5854,0.0128,0.4018
SPADES EIGHT DIAMONDS QUEEN,0.224,0.2298,0.5462
CLUBS TWO DIAMONDS JACK,0.6258,0.012,0.3622
DIAMONDS KING SPADES FIVE,0.3514,0.009,0.6396
CLUBS TEN CLUBS KING,0.3226,0.0056,0.6718
CLUBS EIGHT CLUBS ACE,0.3476,0.0046,0.6478
DIAMONDS TWO DIAMONDS EIGHT,0.5856,0.0126,0.4018
SPADES SIX DIAMONDS NINE,0.5708,0.0122,0.417
HEARTS SIX DIAMONDS SIX,0.3186,0.0264,0.655
CLUBS NINE DIAMONDS SIX,0.5726,0.0124,0.415
DIAMONDS ACE DIAMONDS JACK,0.3248,0.006,0.6692
SPADES JACK HEARTS TEN,0.5294,0.0086,0.462
DIAMONDS EIGHT DIAMONDS SIX,0.5416,0.0104,0.448
SPADES NINE SPADES TWO,0.594,0.0126,0.3934
HEARTS FIVE CLUBS KING,0.3524,0.0066,0.641
CLUBS TEN HEARTS EIGHT,0.5662,0.0086,0.4252
CLUBS EIGHT HEARTS THREE,0.6414,0.0132,0.3454
CLUBS NINE HEARTS FOUR,0.7222,0.0408,0.237
CLUBS NINE DIAMONDS KING,0.3652,0.0066,0.6282
CLUBS SEVEN SPADES SEVEN,0.3234,0.0254,0.6512
CLUBS TEN DIAMONDS THREE,0.648,0.0116,0.3404
HEARTS SIX SPADES EIGHT,0.572,0.012,0.416
HEARTS SEVEN HEARTS KING,0.338,0.0066,0.6554
CLUBS EIGHT HEARTS ACE,0.3542,0.0022,0.6436
DIAMONDS THREE DIAMONDS FIVE,0.56,0.0148,0.4252
DIAMONDS TWO SPADES FOUR,0.6978,0.0508,0.2514
SPADES NINE CLUBS SIX,0.5868,0.011,0.4022
SPADES SEVEN CLUBS FOUR,0.6978,0.0414,0.2608
CLUBS NINE HEARTS TEN,0.549,0.0106,0.4404
HEARTS THREE CLUBS ACE,0.375,0.0044,0.6206
CLUBS TWO HEARTS EIGHT,0.6214,0.0146,0.364
HEARTS NINE DIAMONDS SIX,0.5598,0.0116,0.4286
CLUBS THREE HEARTS KING,0.3904,0.0068,0.6028
SPADES SIX CLUBS THREE,0.6098,0.0156,0.3746
CLUBS SIX SPADES SIX,0.3242,0.0274,0.6484
HEARTS SIX SPADES JACK,0.6092,0.0136,0.3772
DIAMONDS TEN CLUBS KING,0.3436,0.0088,0.6476
SPADES FOUR SPADES TWO,0.675,0.0428,0.2822
DIAMONDS ACE DIAMONDS FIVE,0.3296,0.0042,0.6662
HEARTS SEVEN CLUBS THREE,0.618,0.0122,0.3698
HEARTS JACK CLUBS QUEEN,0.2526,0.0898,0.6576
SPADES NINE HEARTS JACK,0.5538,0.0118,0.4344
DIAMONDS TWO HEARTS ACE,0.3926,0.0058,0.6016
SPADES KING CLUBS SEVEN,0.3654,0.0078,0.6268
CLUBS FIVE DIAMONDS JACK,0.6024,0.0112,0.3864
CLUBS SEVEN HEARTS KING,0.3792,0.0094,0.6114
CLUBS SEVEN DIAMONDS FIVE,0.5666,0.0116,0.4218
HEARTS SIX SPADES NINE,0.5708,0.0118,0.4174
SPADES SEVEN CLUBS THREE,0.6174,0.0152,0.3674
HEARTS FIVE CLUBS FIVE,0.3266,0.033,0.6404
HEARTS QUEEN DIAMONDS EIGHT,0.2112,0.2286,0.5602
SPADES FIVE DIAMONDS TEN,0.5842,0.0144,0.4014
SPADES NINE DIAMONDS JACK,0.5442,0.013,0.4428
SPADES EIGHT SPADES TWO,0.607,0.0116,0.3814
SPADES FIVE SPADES TWO,0.5884,0.0132,0.3984
SPADES JACK DIAMONDS EIGHT,0.569,0.0116,0.4194
CLUBS EIGHT SPADES FIVE,0.5804,0.0112,0.4084
DIAMONDS JACK SPADES TWO,0.6308,0.0142,0.355
HEARTS SIX CLUBS FIVE,0.5636,0.013,0.4234
SPADES TWO DIAMONDS FIVE,0.6064,0.0126,0.381
SPADES FOUR DIAMONDS SIX,0.6738,0.0474,0.2788
DIAMONDS TWO HEARTS JACK,0.625,0.014,0.361
SPADES TEN SPADES TWO,0.605,0.0144,0.3806
SPADES FIVE CLUBS KING,0.3648,0.0084,0.6268
DIAMONDS JACK CLUBS KING,0.325,0.0044,0.6706
CLUBS SIX SPADES THREE,0.6108,0.0166,0.3726
HEARTS SEVEN SPADES TWO,0.6548,0.0122,0.333
SPADES TEN HEARTS QUEEN,0.2352,0.1176,0.6472
HEARTS SEVEN CLUBS QUEEN,0.219,0.312,0.469
HEARTS SEVEN HEARTS TEN,0.5448,0.0078,0.4474
HEARTS SIX SPADES SIX,0.3198,0.0268,0.6534
CLUBS EIGHT DIAMONDS SIX,0.5652,0.0102,0.4246
DIAMONDS THREE SPADES TEN,0.6446,0.0102,0.3452
CLUBS SEVEN HEARTS NINE,0.5544,0.0112,0.4344
CLUBS QUEEN DIAMONDS FIVE,0.2092,0.4652,0.3256
HEARTS FIVE SPADES SIX,0.5742,0.0138,0.412
HEARTS FOUR CLUBS SIX,0.6664,0.04,0.2936
HEARTS QUEEN DIAMONDS NINE,0.225,0.1634,0.6116
SPADES TEN CLUBS SIX,0.602,0.0126,0.3854
DIAMONDS ACE HEARTS EIGHT,0.3556,0.005,0.6394
SPADES JACK SPADES THREE,0.6142,0.0136,0.3722
HEARTS SIX SPADES FIVE,0.5728,0.0132,0.414
SPADES KING HEARTS SIX,0.3494,0.0068,0.6438
SPADES FOUR CLUBS ACE,0.2324,0.0256,0.742
DIAMONDS TEN SPADES TWO,0.6342,0.0162,0.3496
HEARTS KING DIAMONDS SEVEN,0.3692,0.006,0.6248
DIAMONDS KING HEARTS TEN,0.3442,0.0084,0.6474
SPADES TWO CLUBS ACE,0.401,0.0052,0.5938
DIAMONDS THREE CLUBS FOUR,0.6912,0.047,0.2618
SPADES FOUR HEARTS JACK,0.7196,0.0456,0.2348
SPADES ACE DIAMONDS SIX,0.3492,0.0034,0.6474
SPADES NINE SPADES SEVEN,0.5212,0.0112,0.4676
SPADES TEN SPADES SIX,0.5678,0.0118,0.4204
HEARTS THREE DIAMONDS EIGHT,0.6212,0.0156,0.3632
SPADES KING DIAMONDS SEVEN,0.3438,0.0094,0.6468
CLUBS TWO SPADES THREE,0.641,0.0148,0.3442
CLUBS EIGHT SPADES THREE,0.632,0.0128,0.3552
HEARTS FOUR DIAMONDS QUEEN,0.0128,0.9698,0.0174
HEARTS THREE CLUBS FOUR,0.6878,0.0442,0.268
HEARTS QUEEN DIAMONDS FIVE,0.2134,0.4584,0.3282
SPADES SEVEN SPADES FOUR,0.6626,0.0378,0.2996
HEARTS TWO SPADES FIVE,0.6168,0.013,0.3702
DIAMONDS THREE CLUBS FIVE,0.616,0.0162,0.3678
SPADES SIX DIAMONDS TEN,0.5784,0.0116,0.41
CLUBS EIGHT DIAMONDS JACK,0.5706,0.012,0.4174
CLUBS NINE SPADES TEN,0.5508,0.0114,0.4378
HEARTS FIVE HEARTS ACE,0.3344,0.0046,0.661
HEARTS FOUR SPADES NINE,0.7158,0.0474,0.2368
SPADES KING CLUBS NINE,0.3534,0.0052,0.6414
CLUBS EIGHT DIAMONDS TEN,0.5548,0.0106,0.4346
SPADES JACK CLUBS FIVE,0.5894,0.0116,0.399
SPADES FIVE CLUBS ACE,0.3538,0.0028,0.6434
SPADES THREE CLUBS ACE,0.387,0.0048,0.6082
CLUBS NINE CLUBS FOUR,0.6628,0.0446,0.2926
SPADES NINE SPADES THREE,0.5888,0.0118,0.3994
SPADES SIX DIAMONDS FIVE,0.5632,0.0146,0.4222
CLUBS EIGHT DIAMONDS ACE,0.3538,0.0052,0.641
CLUBS SIX DIAMONDS JACK,0.608,0.0082,0.3838
DIAMONDS SEVEN DIAMONDS SIX,0.5424,0.0122,0.4454
SPADES KING DIAMONDS NINE,0.3434,0.0056,0.651
CLUBS SIX SPADES FIVE,0.572,0.0132,0.4148
SPADES THREE CLUBS QUEEN,0.2702,0.5232,0.2066
DIAMONDS TEN CLUBS ACE,0.351,0.0044,0.6446
CLUBS THREE DIAMONDS SIX,0.6034,0.0148,0.3818
CLUBS TEN DIAMONDS QUEEN,0.24,0.119,0.641
HEARTS SEVEN SPADES TEN,0.571,0.0118,0.4172
SPADES THREE HEARTS EIGHT,0.6418,0.0126,0.3456
SPADES SIX SPADES FOUR,0.6452,0.0442,0.3106
HEARTS KING HEARTS QUEEN,0.209,0.027,0.764
HEARTS SEVEN CLUBS JACK,0.5872,0.0098,0.403
HEARTS SEVEN SPADES EIGHT,0.5576,0.0122,0.4302
HEARTS TWO DIAMONDS SIX,0.6236,0.0172,0.3592
SPADES EIGHT DIAMONDS TEN,0.5572,0.013,0.4298
CLUBS EIGHT HEARTS TWO,0.6216,0.0134,0.365
CLUBS JACK HEARTS EIGHT,0.5744,0.0124,0.4132
SPADES FIVE DIAMONDS JACK,0.5978,0.0142,0.388
SPADES FOUR DIAMONDS JACK,0.707,0.0516,0.2414
CLUBS NINE CLUBS TWO,0.5882,0.012,0.3998
DIAMONDS TWO DIAMONDS ACE,0.3418,0.0058,0.6524
SPADES SIX DIAMONDS QUEEN,0.217,0.3942,0.3888
DIAMONDS QUEEN CLUBS QUEEN,0.0792,0.0242,0.8966
SPADES JACK CLUBS TWO,0.6434,0.0136,0.343
SPADES SEVEN DIAMONDS JACK,0.587,0.0116,0.4014
SPADES KING CLUBS TWO,0.3976,0.008,0.5944
SPADES TEN HEARTS TWO,0.6312,0.012,0.3568
SPADES TEN DIAMONDS EIGHT,0.5578,0.0154,0.4268
SPADES TEN CLUBS KING,0.3394,0.0082,0.6524
HEARTS NINE DIAMONDS FIVE,0.5714,0.0128,0.4158
SPADES JACK DIAMONDS FIVE,0.592,0.0118,0.3962
CLUBS TWO CLUBS ACE,0.3576,0.0054,0.637
SPADES ACE HEARTS NINE,0.3538,0.0052,0.641
SPADES NINE SPADES SIX,0.5598,0.0108,0.4294
HEARTS THREE HEARTS ACE,0.3464,0.0042,0.6494
DIAMONDS TEN HEARTS TEN,0.2788,0.0134,0.7078
DIAMONDS QUEEN DIAMONDS EIGHT,0.2166,0.2188,0.5646
SPADES EIGHT CLUBS ACE,0.3604,0.005,0.6346
SPADES JACK HEARTS QUEEN,0.2458,0.0912,0.663
CLUBS KING CLUBS QUEEN,0.2192,0.024,0.7568
DIAMONDS THREE SPADES FOUR,0.6858,0.0522,0.262
DIAMONDS KING HEARTS NINE,0.3452,0.0084,0.6464
HEARTS KING DIAMONDS FIVE,0.3496,0.0094,0.641
CLUBS TWO HEARTS QUEEN,0.2604,0.5062,0.2334
DIAMONDS THREE CLUBS ACE,0.3814,0.0054,0.6132
HEARTS SIX HEARTS FIVE,0.5298,0.0128,0.4574
HEARTS SIX HEARTS QUEEN,0.205,0.3694,0.4256
CLUBS JACK DIAMONDS FIVE,0.593,0.0102,0.3968
CLUBS TEN CLUBS FOUR,0.6624,0.0502,0.2874
CLUBS SEVEN CLUBS THREE,0.5836,0.0132,0.4032
DIAMONDS TEN DIAMONDS FIVE,0.5602,0.0136,0.4262
CLUBS FOUR DIAMONDS ACE,0.2252,0.0236,0.7512
DIAMONDS THREE SPADES THREE,0.43,0.0362,0.5338
CLUBS ACE DIAMONDS SEVEN,0.3514,0.0042,0.6444
DIAMONDS TWO HEARTS FOUR,0.7048,0.0464,0.2488
HEARTS SEVEN SPADES JACK,0.5952,0.0108,0.394
HEARTS SIX CLUBS QUEEN,0.2348,0.3714,0.3938
HEARTS FOUR HEARTS QUEEN,0.0228,0.9016,0.0756
SPADES NINE HEARTS NINE,0.2896,0.018,0.6924
DIAMONDS THREE HEARTS ACE,0.3804,0.0046,0.615
HEARTS SEVEN HEARTS FOUR,0.6496,0.0364,0.314
SPADES FIVE HEARTS QUEEN,0.221,0.465,0.314
CLUBS SEVEN CLUBS ACE,0.338,0.005,0.657
CLUBS EIGHT CLUBS TWO,0.5766,0.0126,0.4108
HEARTS SIX HEARTS JACK,0.557,0.01,0.433
SPADES ACE HEARTS SIX,0.3518,0.005,0.6432
DIAMONDS QUEEN SPADES FOUR,0.0058,0.9888,0.0054
DIAMONDS SEVEN HEARTS NINE,0.5582,0.0086,0.4332
SPADES ACE HEARTS QUEEN,0.2316,0.0158,0.7526
SPADES TEN DIAMONDS SIX,0.5926,0.0136,0.3938
SPADES SIX CLUBS QUEEN,0.2268,0.378,0.3952
CLUBS TEN CLUBS THREE,0.5918,0.0106,0.3976
DIAMONDS TWO DIAMONDS JACK,0.5994,0.0114,0.3892
DIAMONDS THREE CLUBS TWO,0.648,0.0154,0.3366
DIAMONDS TWO SPADES SIX,0.622,0.0162,0.3618
HEARTS ACE HEARTS EIGHT,0.3552,0.0044,0.6404
CLUBS SIX HEARTS JACK,0.595,0.0084,0.3966
CLUBS NINE SPADES JACK,0.549,0.0096,0.4414
HEARTS SIX HEARTS FOUR,0.6484,0.0398,0.3118
HEARTS SEVEN DIAMONDS TWO,0.6398,0.014,0.3462
DIAMONDS ACE CLUBS THREE,0.3746,0.006,0.6194
DIAMONDS THREE HEARTS TWO,0.6368,0.0162,0.347
DIAMONDS ACE DIAMONDS SEVEN,0.343,0.0048,0.6522
SPADES TEN CLUBS QUEEN,0.2298,0.1158,0.6544
HEARTS FIVE CLUBS ACE,0.3356,0.0048,0.6596
CLUBS EIGHT DIAMONDS SEVEN,0.546,0.0136,0.4404
SPADES FIVE DIAMONDS NINE,0.572,0.0112,0.4168
CLUBS EIGHT HEARTS EIGHT,0.3214,0.0188,0.6598
SPADES ACE SPADES TWO,0.3528,0.0064,0.6408
CLUBS FOUR SPADES FOUR,0.3112,0.0334,0.6554
HEARTS FOUR DIAMONDS TEN,0.6962,0.0544,0.2494
SPADES EIGHT HEARTS ACE,0.3706,0.0058,0.6236
CLUBS SEVEN DIAMONDS SEVEN,0.317,0.0204,0.6626
