opposingHand,winningChance,drawChance,lostChance
DIAMONDS QUEEN DIAMONDS TEN
CLUBS NINE CLUBS SIX,0.643,0.0098,0.3472
CLUBS JACK DIAMONDS EIGHT,0.66,0.0082,0.3318
HEARTS JACK HEARTS NINE,0.6218,0.0102,0.368
SPADES NINE HEARTS JACK,0.65,0.0108,0.3392
HEARTS THREE HEARTS QUEEN,0.6344,0.1092,0.2564
SPADES TEN CLUBS SEVEN,0.7366,0.0432,0.2202
CLUBS SEVEN HEARTS JACK,0.6734,0.0098,0.3168
CLUBS SEVEN CLUBS KING,0.4418,0.006,0.5522
SPADES NINE DIAMONDS KING,0.4398,0.006,0.5542
DIAMONDS TWO DIAMONDS KING,0.4368,0.008,0.5552
CLUBS KING DIAMONDS FOUR,0.4654,0.0088,0.5258
SPADES QUEEN DIAMONDS KING,0.2772,0.025,0.6978
HEARTS FOUR SPADES TWO,0.677,0.01,0.313
CLUBS SIX HEARTS TWO,0.6774,0.0112,0.3114
DIAMONDS ACE HEARTS QUEEN,0.3006,0.0112,0.6882
SPADES KING HEARTS FIVE,0.482,0.0058,0.5122
DIAMONDS TWO CLUBS EIGHT,0.6968,0.0108,0.2924
SPADES TEN HEARTS QUEEN,0.0634,0.9142,0.0224
CLUBS SEVEN CLUBS THREE,0.6372,0.01,0.3528
DIAMONDS ACE HEARTS ACE,0.1894,0.0038,0.8068
HEARTS THREE CLUBS FIVE,0.654,0.0112,0.3348
CLUBS THREE DIAMONDS SIX,0.6752,0.0084,0.3164
HEARTS EIGHT DIAMONDS NINE,0.6562,0.0112,0.3326
DIAMONDS KING CLUBS KING,0.1906,0.0032,0.8062
SPADES SEVEN HEARTS JACK,0.67,0.0092,0.3208
CLUBS TEN DIAMONDS JACK,0.7208,0.0396,0.2396
DIAMONDS THREE CLUBS KING,0.4718,0.005,0.5232
HEARTS FIVE SPADES EIGHT,0.662,0.0112,0.3268
HEARTS SIX HEARTS ACE,0.4494,0.004,0.5466
SPADES KING DIAMONDS FIVE,0.4802,0.0074,0.5124
SPADES KING DIAMONDS SEVEN,0.4626,0.007,0.5304
DIAMONDS THREE SPADES FIVE,0.6418,0.0132,0.345
HEARTS SIX CLUBS ACE,0.4708,0.0032,0.526
CLUBS FIVE HEARTS TWO,0.6728,0.0092,0.318
DIAMONDS THREE HEARTS QUEEN,0.6662,0.1148,0.219
HEARTS FIVE DIAMONDS KING,0.466,0.0086,0.5254
SPADES ACE HEARTS TWO,0.4866,0.0038,0.5096
CLUBS NINE CLUBS ACE,0.4362,0.0052,0.5586
HEARTS EIGHT HEARTS SEVEN,0.601,0.0096,0.3894
SPADES JACK DIAMONDS SIX,0.6822,0.0074,0.3104
CLUBS JACK SPADES FIVE,0.6802,0.0102,0.3096
HEARTS QUEEN HEARTS JACK,0.2756,0.0836,0.6408
CLUBS TEN HEARTS FOUR,0.738,0.046,0.216
SPADES JACK HEARTS NINE,0.6446,0.0084,0.347
CLUBS ACE DIAMONDS SIX,0.4632,0.004,0.5328
CLUBS SEVEN CLUBS QUEEN,0.6302,0.1026,0.2672
HEARTS SIX CLUBS SIX,0.5002,0.0152,0.4846
CLUBS NINE HEARTS ACE,0.459,0.0026,0.5384
HEARTS FOUR HEARTS NINE,0.6642,0.0114,0.3244
HEARTS FOUR DIAMONDS ACE,0.453,0.005,0.542
SPADES TEN HEARTS NINE,0.7178,0.0442,0.238
HEARTS SEVEN CLUBS TWO,0.6996,0.0098,0.2906
SPADES QUEEN CLUBS ACE,0.3108,0.0156,0.6736
HEARTS FOUR SPADES NINE,0.7004,0.0102,0.2894
DIAMONDS THREE SPADES NINE,0.7018,0.0102,0.288
CLUBS KING DIAMONDS FIVE,0.4458,0.0088,0.5454
CLUBS EIGHT SPADES SIX,0.6638,0.007,0.3292
SPADES JACK HEARTS QUEEN,0.2814,0.0956,0.623
SPADES TEN DIAMONDS SIX,0.707,0.0438,0.2492
CLUBS TEN CLUBS SIX,0.687,0.0438,0.2692
HEARTS EIGHT CLUBS THREE,0.6942,0.011,0.2948
DIAMONDS TWO CLUBS TWO,0.509,0.0186,0.4724
HEARTS SIX SPADES EIGHT,0.668,0.0096,0.3224
DIAMONDS KING DIAMONDS SIX,0.4176,0.0098,0.5726
SPADES SEVEN DIAMONDS ACE,0.4496,0.0036,0.5468
SPADES EIGHT CLUBS KING,0.4598,0.0066,0.5336
SPADES THREE DIAMONDS SEVEN,0.682,0.0088,0.3092
CLUBS TEN CLUBS TWO,0.7044,0.0442,0.2514
CLUBS SEVEN HEARTS TWO,0.702,0.0106,0.2874
HEARTS FIVE DIAMONDS SIX,0.6604,0.01,0.3296
CLUBS ACE DIAMONDS FOUR,0.467,0.0066,0.5264
CLUBS TEN HEARTS TEN,0.3576,0.0198,0.6226
CLUBS FOUR HEARTS NINE,0.704,0.0094,0.2866
SPADES ACE SPADES KING,0.3794,0.0048,0.6158
SPADES QUEEN DIAMONDS NINE,0.664,0.1254,0.2106
SPADES TEN SPADES NINE,0.6762,0.0346,0.2892
CLUBS EIGHT CLUBS TWO,0.655,0.0084,0.3366
SPADES TEN CLUBS SIX,0.7316,0.0424,0.226
DIAMONDS SEVEN HEARTS TEN,0.7338,0.045,0.2212
CLUBS EIGHT CLUBS KING,0.4396,0.0072,0.5532
SPADES FOUR HEARTS KING,0.4812,0.0052,0.5136
HEARTS TWO DIAMONDS SEVEN,0.6958,0.0116,0.2926
CLUBS EIGHT HEARTS TEN,0.7092,0.0446,0.2462
HEARTS TWO HEARTS KING,0.451,0.0072,0.5418
SPADES ACE DIAMONDS EIGHT,0.4528,0.0036,0.5436
CLUBS EIGHT SPADES TWO,0.6892,0.009,0.3018
SPADES FIVE SPADES TWO,0.6176,0.0142,0.3682
SPADES KING HEARTS NINE,0.455,0.0062,0.5388
SPADES KING SPADES JACK,0.3866,0.008,0.6054
CLUBS JACK CLUBS NINE,0.6064,0.0108,0.3828
CLUBS SEVEN DIAMONDS SIX,0.6374,0.0108,0.3518
HEARTS SIX DIAMONDS EIGHT,0.6506,0.0118,0.3376
DIAMONDS ACE DIAMONDS SIX,0.4284,0.0046,0.567
SPADES THREE CLUBS QUEEN,0.6728,0.1128,0.2144
CLUBS FOUR HEARTS TEN,0.7428,0.0424,0.2148
HEARTS SEVEN DIAMONDS KING,0.4506,0.0082,0.5412
SPADES FOUR HEARTS NINE,0.6964,0.0092,0.2944
DIAMONDS KING DIAMONDS FIVE,0.422,0.0094,0.5686
DIAMONDS NINE HEARTS JACK,0.6596,0.0086,0.3318
HEARTS FIVE DIAMONDS JACK,0.675,0.013,0.312
CLUBS FIVE DIAMONDS FIVE,0.5002,0.0202,0.4796
HEARTS EIGHT DIAMONDS FIVE,0.6784,0.0112,0.3104
CLUBS SEVEN SPADES THREE,0.6796,0.0112,0.3092
SPADES THREE HEARTS NINE,0.7062,0.0104,0.2834
HEARTS THREE CLUBS KING,0.4686,0.0078,0.5236
CLUBS TEN CLUBS FOUR,0.6976,0.0434,0.259
CLUBS NINE SPADES SIX,0.679,0.0104,0.3106
SPADES KING DIAMONDS TWO,0.4638,0.0074,0.5288
CLUBS TEN HEARTS TWO,0.7422,0.0488,0.209
CLUBS NINE DIAMONDS JACK,0.6448,0.0136,0.3416
SPADES EIGHT DIAMONDS FIVE,0.6842,0.0106,0.3052
CLUBS TWO DIAMONDS FOUR,0.6538,0.0142,0.332
DIAMONDS TWO DIAMONDS FIVE,0.6642,0.0156,0.3202
CLUBS TEN SPADES NINE,0.7092,0.0406,0.2502
CLUBS TWO DIAMONDS EIGHT,0.6916,0.0126,0.2958
CLUBS JACK HEARTS FOUR,0.6818,0.0088,0.3094
CLUBS JACK CLUBS FIVE,0.6466,0.0098,0.3436
CLUBS FIVE DIAMONDS KING,0.473,0.008,0.519
CLUBS JACK SPADES KING,0.4032,0.0088,0.588
DIAMONDS THREE SPADES THREE,0.4982,0.0178,0.484
CLUBS NINE CLUBS QUEEN,0.6318,0.1094,0.2588
CLUBS TWO HEARTS QUEEN,0.6746,0.1132,0.2122
HEARTS ACE HEARTS QUEEN,0.2848,0.0128,0.7024
SPADES EIGHT CLUBS FOUR,0.6802,0.0096,0.3102
SPADES JACK HEARTS FIVE,0.6816,0.0074,0.311
HEARTS KING HEARTS NINE,0.4316,0.008,0.5604
HEARTS KING DIAMONDS SIX,0.4528,0.0068,0.5404
DIAMONDS KING DIAMONDS EIGHT,0.4168,0.0078,0.5754
SPADES EIGHT DIAMONDS ACE,0.4624,0.0026,0.535
DIAMONDS ACE CLUBS ACE,0.1778,0.0044,0.8178
SPADES JACK CLUBS ACE,0.4258,0.0038,0.5704
SPADES ACE CLUBS FIVE,0.468,0.0054,0.5266
SPADES ACE DIAMONDS KING,0.3804,0.0056,0.614
SPADES JACK HEARTS JACK,0.3444,0.011,0.6446
HEARTS FIVE DIAMONDS FIVE,0.499,0.012,0.489
DIAMONDS TWO CLUBS NINE,0.6972,0.0098,0.293
CLUBS THREE SPADES TWO,0.663,0.013,0.324
HEARTS THREE DIAMONDS KING,0.4534,0.0066,0.54
SPADES NINE CLUBS FOUR,0.6976,0.0108,0.2916
CLUBS THREE DIAMONDS FOUR,0.6526,0.0098,0.3376
SPADES SEVEN CLUBS ACE,0.4734,0.0038,0.5228
SPADES TEN CLUBS QUEEN,0.0732,0.9066,0.0202
CLUBS TEN HEARTS THREE,0.748,0.0446,0.2074
HEARTS FOUR HEARTS TEN,0.6912,0.0464,0.2624
SPADES JACK SPADES THREE,0.6424,0.0086,0.349
SPADES ACE CLUBS QUEEN,0.3194,0.0132,0.6674
SPADES NINE DIAMONDS JACK,0.648,0.012,0.34
HEARTS SEVEN SPADES TWO,0.6896,0.01,0.3004
CLUBS SEVEN DIAMONDS NINE,0.673,0.0116,0.3154
HEARTS JACK CLUBS KING,0.4186,0.007,0.5744
SPADES ACE CLUBS TWO,0.4722,0.005,0.5228
CLUBS NINE SPADES TWO,0.6992,0.0102,0.2906
DIAMONDS NINE CLUBS QUEEN,0.66,0.114,0.226
DIAMONDS NINE HEARTS NINE,0.4746,0.0128,0.5126
SPADES SEVEN CLUBS FOUR,0.6732,0.009,0.3178
HEARTS SEVEN HEARTS JACK,0.637,0.0098,0.3532
CLUBS THREE DIAMONDS FIVE,0.6538,0.0112,0.335
CLUBS JACK HEARTS SEVEN,0.677,0.008,0.315
SPADES QUEEN DIAMONDS JACK,0.2672,0.081,0.6518
CLUBS TEN HEARTS ACE,0.3024,0.0192,0.6784
SPADES FIVE SPADES THREE,0.6256,0.0118,0.3626
HEARTS ACE DIAMONDS FIVE,0.4724,0.0048,0.5228
DIAMONDS TWO HEARTS TWO,0.507,0.0176,0.4754
CLUBS SIX SPADES SIX,0.5066,0.0148,0.4786
SPADES TEN HEARTS JACK,0.7182,0.041,0.2408
SPADES ACE SPADES QUEEN,0.2888,0.017,0.6942
DIAMONDS JACK DIAMONDS SIX,0.6764,0.0114,0.3122
DIAMONDS EIGHT CLUBS QUEEN,0.6724,0.1158,0.2118
DIAMONDS ACE CLUBS QUEEN,0.292,0.017,0.691
DIAMONDS TWO SPADES JACK,0.6782,0.01,0.3118
DIAMONDS EIGHT DIAMONDS FOUR,0.6626,0.0152,0.3222
SPADES JACK DIAMONDS EIGHT,0.6584,0.0112,0.3304
HEARTS FOUR SPADES THREE,0.653,0.0134,0.3336
CLUBS TWO CLUBS QUEEN,0.628,0.1118,0.2602
CLUBS JACK DIAMONDS SIX,0.6766,0.011,0.3124
HEARTS SIX HEARTS FIVE,0.5992,0.0086,0.3922
DIAMONDS TWO DIAMONDS EIGHT,0.6916,0.0138,0.2946
CLUBS EIGHT HEARTS JACK,0.6566,0.013,0.3304
CLUBS TWO DIAMONDS SIX,0.692,0.0108,0.2972
CLUBS EIGHT DIAMONDS ACE,0.4516,0.0046,0.5438
HEARTS SIX SPADES JACK,0.6862,0.0058,0.308
SPADES FIVE CLUBS ACE,0.4724,0.0038,0.5238
HEARTS ACE HEARTS TEN,0.2918,0.0156,0.6926
HEARTS EIGHT SPADES JACK,0.6584,0.0072,0.3344
SPADES ACE DIAMONDS JACK,0.4188,0.0068,0.5744
HEARTS TWO CLUBS KING,0.464,0.0064,0.5296
SPADES TEN DIAMONDS ACE,0.2896,0.0168,0.6936
CLUBS NINE DIAMONDS KING,0.4522,0.0086,0.5392
SPADES SEVEN SPADES THREE,0.6434,0.0092,0.3474
HEARTS TWO SPADES SIX,0.6858,0.009,0.3052
CLUBS EIGHT DIAMONDS SIX,0.6512,0.0094,0.3394
SPADES JACK CLUBS FIVE,0.6848,0.0088,0.3064
SPADES SEVEN DIAMONDS FIVE,0.6432,0.0122,0.3446
CLUBS NINE DIAMONDS NINE,0.4702,0.0124,0.5174
DIAMONDS THREE CLUBS TWO,0.6642,0.0124,0.3234
HEARTS SEVEN HEARTS TWO,0.6418,0.0112,0.347
HEARTS FOUR DIAMONDS EIGHT,0.6856,0.0114,0.303
SPADES NINE SPADES SEVEN,0.6252,0.0098,0.365
CLUBS SEVEN CLUBS TWO,0.6538,0.008,0.3382
HEARTS FIVE DIAMONDS FOUR,0.6456,0.0096,0.3448
HEARTS EIGHT DIAMONDS SEVEN,0.6428,0.0102,0.347
HEARTS FIVE SPADES SIX,0.6572,0.0084,0.3344
SPADES TWO CLUBS ACE,0.4698,0.0064,0.5238
SPADES FIVE HEARTS QUEEN,0.6644,0.113,0.2226
CLUBS EIGHT HEARTS NINE,0.652,0.01,0.338
HEARTS SIX CLUBS THREE,0.6792,0.0108,0.31
SPADES KING SPADES EIGHT,0.4276,0.0088,0.5636
HEARTS KING CLUBS KING,0.1948,0.004,0.8012
SPADES FOUR SPADES THREE,0.6168,0.0108,0.3724
SPADES SIX DIAMONDS SEVEN,0.6328,0.0102,0.357
SPADES JACK HEARTS THREE,0.685,0.0106,0.3044
HEARTS FOUR HEARTS THREE,0.6272,0.0122,0.3606
CLUBS JACK SPADES NINE,0.6524,0.0092,0.3384
HEARTS SEVEN DIAMONDS FIVE,0.6476,0.0114,0.341
SPADES EIGHT HEARTS ACE,0.4766,0.0038,0.5196
HEARTS EIGHT SPADES FIVE,0.6676,0.0114,0.321
CLUBS SIX SPADES EIGHT,0.6612,0.011,0.3278
HEARTS FIVE HEARTS QUEEN,0.6254,0.106,0.2686
HEARTS SEVEN CLUBS THREE,0.6782,0.0102,0.3116
SPADES KING HEARTS SIX,0.4842,0.0066,0.5092
SPADES FOUR CLUBS QUEEN,0.677,0.1122,0.2108
DIAMONDS KING CLUBS QUEEN,0.2794,0.025,0.6956
HEARTS EIGHT CLUBS FOUR,0.679,0.0102,0.3108
DIAMONDS TWO CLUBS QUEEN,0.6804,0.1178,0.2018
CLUBS FOUR CLUBS QUEEN,0.6246,0.1072,0.2682
SPADES TEN DIAMONDS JACK,0.7166,0.0402,0.2432
HEARTS TWO SPADES FIVE,0.6632,0.0122,0.3246
HEARTS SIX HEARTS THREE,0.6286,0.0092,0.3622
CLUBS KING HEARTS NINE,0.4502,0.0064,0.5434
HEARTS EIGHT SPADES NINE,0.661,0.0092,0.3298
HEARTS SEVEN HEARTS SIX,0.5998,0.0098,0.3904
CLUBS NINE SPADES NINE,0.476,0.0118,0.5122
HEARTS QUEEN CLUBS ACE,0.2996,0.0138,0.6866
SPADES TEN SPADES FOUR,0.6956,0.0412,0.2632
SPADES FIVE HEARTS JACK,0.687,0.011,0.302
HEARTS SEVEN DIAMONDS TWO,0.6892,0.0154,0.2954
SPADES ACE DIAMONDS NINE,0.4542,0.0056,0.5402
SPADES JACK CLUBS QUEEN,0.2772,0.0944,0.6284
CLUBS TEN CLUBS FIVE,0.6966,0.0436,0.2598
HEARTS TWO DIAMONDS ACE,0.4692,0.006,0.5248
CLUBS TEN CLUBS KING,0.2806,0.0318,0.6876
SPADES KING CLUBS EIGHT,0.4738,0.0074,0.5188
SPADES JACK SPADES SIX,0.6422,0.009,0.3488
HEARTS FOUR DIAMONDS SIX,0.649,0.013,0.338
SPADES JACK CLUBS TWO,0.6796,0.0118,0.3086
SPADES FIVE DIAMONDS FOUR,0.6348,0.0122,0.353
DIAMONDS THREE DIAMONDS JACK,0.6754,0.013,0.3116
CLUBS JACK CLUBS EIGHT,0.6332,0.0084,0.3584
HEARTS SIX HEARTS TWO,0.629,0.01,0.361
DIAMONDS THREE SPADES SIX,0.6706,0.0102,0.3192
DIAMONDS KING SPADES FOUR,0.4748,0.0058,0.5194
DIAMONDS THREE CLUBS ACE,0.4628,0.0072,0.53
HEARTS FOUR HEARTS TWO,0.629,0.0118,0.3592
SPADES TEN SPADES THREE,0.7006,0.0418,0.2576
SPADES JACK SPADES FOUR,0.6422,0.0104,0.3474
CLUBS TWO SPADES TWO,0.5096,0.0168,0.4736
HEARTS SEVEN CLUBS SIX,0.657,0.0074,0.3356
SPADES FOUR SPADES TWO,0.6252,0.0122,0.3626
CLUBS ACE DIAMONDS FIVE,0.4682,0.006,0.5258
HEARTS THREE DIAMONDS SIX,0.6836,0.015,0.3014
DIAMONDS EIGHT DIAMONDS FIVE,0.6584,0.0106,0.331
HEARTS ACE DIAMONDS NINE,0.4536,0.0044,0.542
DIAMONDS TWO CLUBS SIX,0.6782,0.0126,0.3092
SPADES ACE SPADES EIGHT,0.438,0.0052,0.5568
HEARTS SEVEN CLUBS FIVE,0.6578,0.009,0.3332
SPADES ACE DIAMONDS FIVE,0.4556,0.0038,0.5406
DIAMONDS NINE HEARTS KING,0.4416,0.0058,0.5526
DIAMONDS THREE DIAMONDS SIX,0.6516,0.012,0.3364
DIAMONDS EIGHT CLUBS KING,0.4566,0.0064,0.537
SPADES SIX DIAMONDS EIGHT,0.6568,0.0132,0.33
HEARTS JACK CLUBS QUEEN,0.2818,0.0868,0.6314
SPADES EIGHT HEARTS QUEEN,0.6656,0.1086,0.2258
SPADES FIVE DIAMONDS EIGHT,0.6676,0.0114,0.321
SPADES FIVE HEARTS ACE,0.473,0.0036,0.5234
DIAMONDS THREE CLUBS QUEEN,0.6666,0.1188,0.2146
SPADES NINE CLUBS QUEEN,0.6742,0.1118,0.214
SPADES TWO DIAMONDS SIX,0.68,0.0152,0.3048
HEARTS TWO CLUBS QUEEN,0.675,0.1176,0.2074
CLUBS JACK CLUBS SEVEN,0.641,0.008,0.351
SPADES EIGHT HEARTS TWO,0.6892,0.0102,0.3006
CLUBS SIX HEARTS QUEEN,0.6608,0.1108,0.2284
SPADES ACE HEARTS JACK,0.4272,0.0032,0.5696
HEARTS TWO HEARTS NINE,0.6646,0.0104,0.325
SPADES FOUR CLUBS ACE,0.4714,0.0052,0.5234
HEARTS FIVE SPADES TWO,0.6714,0.0102,0.3184
CLUBS SEVEN SPADES SEVEN,0.4984,0.0162,0.4854
DIAMONDS KING HEARTS NINE,0.4474,0.0098,0.5428
HEARTS SIX DIAMONDS JACK,0.667,0.0112,0.3218
HEARTS THREE CLUBS THREE,0.504,0.017,0.479
DIAMONDS JACK HEARTS QUEEN,0.269,0.0872,0.6438
HEARTS SIX HEARTS TEN,0.6888,0.0366,0.2746
SPADES EIGHT DIAMONDS EIGHT,0.4732,0.0158,0.511
SPADES QUEEN HEARTS JACK,0.282,0.0914,0.6266
SPADES FIVE DIAMONDS JACK,0.6816,0.0098,0.3086
CLUBS TWO HEARTS KING,0.479,0.0072,0.5138
CLUBS JACK CLUBS SIX,0.6322,0.0108,0.357
SPADES TEN HEARTS ACE,0.3172,0.0196,0.6632
DIAMONDS JACK HEARTS ACE,0.3936,0.0044,0.602
CLUBS TWO SPADES FOUR,0.6668,0.0118,0.3214
HEARTS SIX SPADES FIVE,0.6498,0.0112,0.339
DIAMONDS SIX DIAMONDS FIVE,0.6362,0.0128,0.351
DIAMONDS TWO DIAMONDS SEVEN,0.6864,0.0128,0.3008
DIAMONDS TWO SPADES TEN,0.7348,0.0476,0.2176
HEARTS SEVEN HEARTS ACE,0.4348,0.004,0.5612
CLUBS EIGHT HEARTS QUEEN,0.672,0.111,0.217
HEARTS SEVEN HEARTS NINE,0.6194,0.0108,0.3698
CLUBS FIVE SPADES SEVEN,0.6622,0.0104,0.3274
CLUBS FIVE HEARTS ACE,0.4732,0.006,0.5208
SPADES ACE SPADES JACK,0.3938,0.0046,0.6016
SPADES SIX CLUBS THREE,0.667,0.0108,0.3222
HEARTS SEVEN SPADES SIX,0.6478,0.0074,0.3448
SPADES FIVE DIAMONDS SIX,0.6308,0.012,0.3572
CLUBS TEN DIAMONDS EIGHT,0.7152,0.0434,0.2414
HEARTS EIGHT CLUBS KING,0.4804,0.007,0.5126
SPADES KING CLUBS TWO,0.4794,0.0064,0.5142
DIAMONDS THREE HEARTS NINE,0.6922,0.0108,0.297
SPADES ACE SPADES FOUR,0.454,0.0054,0.5406
DIAMONDS EIGHT HEARTS QUEEN,0.6574,0.116,0.2266
CLUBS JACK SPADES THREE,0.6766,0.0108,0.3126
HEARTS FOUR CLUBS TWO,0.6768,0.0106,0.3126
DIAMONDS EIGHT HEARTS NINE,0.6484,0.01,0.3416
CLUBS SEVEN DIAMONDS JACK,0.6676,0.0086,0.3238
SPADES SIX HEARTS TEN,0.735,0.0402,0.2248
SPADES TEN DIAMONDS SEVEN,0.733,0.046,0.221
SPADES TWO CLUBS QUEEN,0.6834,0.1022,0.2144
HEARTS FOUR HEARTS QUEEN,0.6256,0.1132,0.2612
HEARTS TWO HEARTS JACK,0.641,0.0076,0.3514
HEARTS SIX CLUBS FOUR,0.6514,0.0106,0.338
SPADES KING SPADES TEN,0.2934,0.0288,0.6778
CLUBS TEN HEARTS JACK,0.7174,0.041,0.2416
DIAMONDS SIX HEARTS NINE,0.6658,0.0088,0.3254
HEARTS ACE CLUBS ACE,0.1976,0.0026,0.7998
DIAMONDS EIGHT HEARTS JACK,0.6524,0.0108,0.3368
HEARTS TWO CLUBS TWO,0.5068,0.0158,0.4774
DIAMONDS ACE DIAMONDS SEVEN,0.4164,0.0072,0.5764
DIAMONDS NINE CLUBS KING,0.4508,0.0086,0.5406
HEARTS FIVE CLUBS SIX,0.6492,0.0082,0.3426
CLUBS TWO DIAMONDS FIVE,0.6666,0.0082,0.3252
CLUBS SEVEN SPADES NINE,0.6776,0.01,0.3124
DIAMONDS SEVEN DIAMONDS FOUR,0.6616,0.0108,0.3276
DIAMONDS JACK HEARTS JACK,0.3276,0.011,0.6614
DIAMONDS NINE DIAMONDS SEVEN,0.6646,0.01,0.3254
CLUBS THREE SPADES THREE,0.5062,0.0212,0.4726
DIAMONDS THREE HEARTS FOUR,0.6572,0.0134,0.3294
SPADES JACK DIAMONDS ACE,0.3928,0.0052,0.602
CLUBS SEVEN SPADES SIX,0.649,0.0094,0.3416
DIAMONDS THREE HEARTS TWO,0.6646,0.012,0.3234
HEARTS ACE DIAMONDS SIX,0.4612,0.0044,0.5344
HEARTS SEVEN SPADES JACK,0.6754,0.0092,0.3154
CLUBS THREE DIAMONDS KING,0.4564,0.0086,0.535
SPADES JACK HEARTS TEN,0.7248,0.0396,0.2356
HEARTS SEVEN DIAMONDS SEVEN,0.5004,0.0176,0.482
HEARTS FOUR DIAMONDS JACK,0.6742,0.0096,0.3162
SPADES TEN SPADES SEVEN,0.6946,0.0392,0.2662
SPADES THREE HEARTS KING,0.4658,0.0046,0.5296
SPADES SEVEN DIAMONDS SIX,0.6446,0.0106,0.3448
DIAMONDS SEVEN DIAMONDS SIX,0.6596,0.0114,0.329
DIAMONDS TWO HEARTS KING,0.4726,0.0078,0.5196
SPADES EIGHT HEARTS NINE,0.658,0.0086,0.3334
HEARTS JACK DIAMONDS FOUR,0.6692,0.0118,0.319
SPADES TEN HEARTS FOUR,0.7324,0.0442,0.2234
SPADES NINE DIAMONDS FIVE,0.6848,0.0102,0.305
HEARTS THREE SPADES FOUR,0.6482,0.011,0.3408
CLUBS FIVE CLUBS TWO,0.634,0.0094,0.3566
SPADES TWO HEARTS NINE,0.7026,0.0094,0.288
SPADES KING CLUBS THREE,0.4686,0.0064,0.525
SPADES NINE SPADES FOUR,0.6558,0.0096,0.3346
SPADES JACK HEARTS ACE,0.41,0.0028,0.5872
HEARTS THREE CLUBS TWO,0.6762,0.0116,0.3122
CLUBS NINE SPADES THREE,0.7044,0.0096,0.286
HEARTS EIGHT CLUBS ACE,0.4594,0.0022,0.5384
SPADES TEN SPADES TWO,0.688,0.044,0.268
DIAMONDS ACE SPADES SIX,0.4556,0.0044,0.54
DIAMONDS THREE CLUBS SEVEN,0.6704,0.0118,0.3178
CLUBS SIX DIAMONDS NINE,0.6814,0.0102,0.3084
DIAMONDS THREE SPADES TEN,0.7364,0.0502,0.2134
CLUBS FOUR HEARTS JACK,0.6796,0.0096,0.3108
DIAMONDS THREE HEARTS ACE,0.4522,0.006,0.5418
SPADES QUEEN SPADES TEN,0.0728,0.8582,0.069
HEARTS SEVEN CLUBS FOUR,0.6698,0.0114,0.3188
CLUBS FOUR DIAMONDS NINE,0.6902,0.011,0.2988
SPADES QUEEN CLUBS SEVEN,0.669,0.1162,0.2148
CLUBS FIVE HEARTS QUEEN,0.6772,0.1074,0.2154
DIAMONDS SIX HEARTS TEN,0.7292,0.0436,0.2272
HEARTS SEVEN HEARTS FIVE,0.6378,0.0088,0.3534
SPADES ACE HEARTS NINE,0.4514,0.0044,0.5442
SPADES KING SPADES SIX,0.4492,0.0056,0.5452
CLUBS SEVEN SPADES EIGHT,0.6442,0.0116,0.3442
CLUBS NINE HEARTS THREE,0.6866,0.007,0.3064
DIAMONDS FIVE HEARTS NINE,0.6774,0.0118,0.3108
SPADES ACE SPADES SIX,0.4556,0.0046,0.5398
SPADES ACE HEARTS SEVEN,0.481,0.0034,0.5156
CLUBS EIGHT CLUBS QUEEN,0.6268,0.1094,0.2638
CLUBS TEN DIAMONDS TWO,0.7424,0.0458,0.2118
CLUBS TEN HEARTS FIVE,0.758,0.0396,0.2024
SPADES QUEEN HEARTS ACE,0.3104,0.0154,0.6742
SPADES NINE DIAMONDS FOUR,0.704,0.0112,0.2848
CLUBS TEN SPADES THREE,0.7532,0.0372,0.2096
CLUBS JACK SPADES TWO,0.6872,0.0108,0.302
HEARTS FIVE HEARTS FOUR,0.6052,0.012,0.3828
CLUBS NINE HEARTS KING,0.4626,0.0078,0.5296
SPADES NINE DIAMONDS SEVEN,0.6652,0.0096,0.3252
SPADES KING HEARTS TEN,0.298,0.0264,0.6756
SPADES QUEEN CLUBS FOUR,0.6628,0.1114,0.2258
SPADES QUEEN HEARTS FIVE,0.668,0.1126,0.2194
SPADES NINE SPADES EIGHT,0.616,0.0106,0.3734
DIAMONDS TWO CLUBS FIVE,0.6614,0.0112,0.3274
CLUBS TEN SPADES SIX,0.7292,0.044,0.2268
CLUBS SEVEN CLUBS SIX,0.6128,0.0094,0.3778
CLUBS THREE SPADES FOUR,0.663,0.0098,0.3272
SPADES FIVE DIAMONDS FIVE,0.5058,0.0192,0.475
SPADES QUEEN CLUBS QUEEN,0.1782,0.0196,0.8022
CLUBS EIGHT CLUBS THREE,0.6542,0.0088,0.337
HEARTS SEVEN HEARTS FOUR,0.642,0.0104,0.3476
SPADES FOUR DIAMONDS EIGHT,0.6768,0.0138,0.3094
SPADES KING CLUBS FIVE,0.48,0.0058,0.5142
HEARTS SIX DIAMONDS FOUR,0.6486,0.0122,0.3392
SPADES JACK CLUBS EIGHT,0.6598,0.0096,0.3306
SPADES JACK DIAMONDS KING,0.3988,0.0084,0.5928
CLUBS FIVE DIAMONDS EIGHT,0.6738,0.0096,0.3166
HEARTS FOUR HEARTS JACK,0.6416,0.0094,0.349
CLUBS SIX DIAMONDS JACK,0.6774,0.0094,0.3132
CLUBS SIX HEARTS KING,0.4772,0.0076,0.5152
HEARTS FIVE HEARTS KING,0.4538,0.0074,0.5388
DIAMONDS SEVEN CLUBS QUEEN,0.6638,0.1198,0.2164
HEARTS FOUR CLUBS QUEEN,0.6756,0.1138,0.2106
DIAMONDS TWO SPADES FIVE,0.653,0.012,0.335
HEARTS ACE HEARTS KING,0.362,0.0054,0.6326
CLUBS KING HEARTS TEN,0.2826,0.0274,0.69
DIAMONDS EIGHT CLUBS ACE,0.4518,0.004,0.5442
HEARTS FOUR SPADES EIGHT,0.6806,0.009,0.3104
HEARTS FIVE SPADES THREE,0.6594,0.0108,0.3298
CLUBS SEVEN SPADES FOUR,0.6698,0.013,0.3172
HEARTS ACE SPADES TWO,0.4698,0.0064,0.5238
CLUBS FIVE HEARTS KING,0.4774,0.006,0.5166
HEARTS KING HEARTS TEN,0.2826,0.03,0.6874
CLUBS THREE SPADES FIVE,0.657,0.0122,0.3308
DIAMONDS ACE SPADES TWO,0.4636,0.005,0.5314
HEARTS TEN CLUBS QUEEN,0.0782,0.898,0.0238
CLUBS SIX SPADES SEVEN,0.658,0.009,0.333
HEARTS SIX SPADES SIX,0.5092,0.0126,0.4782
CLUBS TEN DIAMONDS SIX,0.7334,0.0466,0.22
CLUBS SEVEN DIAMONDS EIGHT,0.6486,0.0108,0.3406
HEARTS FOUR DIAMONDS NINE,0.6856,0.0144,0.3
SPADES TEN DIAMONDS NINE,0.711,0.0434,0.2456
HEARTS SIX DIAMONDS NINE,0.6892,0.011,0.2998
CLUBS SEVEN DIAMONDS FIVE,0.6518,0.0138,0.3344
DIAMONDS THREE DIAMONDS EIGHT,0.6888,0.012,0.2992
HEARTS SEVEN SPADES QUEEN,0.671,0.1044,0.2246
SPADES TEN CLUBS FOUR,0.7336,0.0448,0.2216
CLUBS JACK SPADES JACK,0.3388,0.0092,0.652
SPADES TWO DIAMONDS FIVE,0.6694,0.0152,0.3154
SPADES JACK HEARTS FOUR,0.6784,0.007,0.3146
HEARTS FOUR SPADES SEVEN,0.6708,0.0122,0.317
CLUBS SIX DIAMONDS ACE,0.4656,0.0056,0.5288
CLUBS FIVE HEARTS NINE,0.6942,0.0084,0.2974
CLUBS FIVE DIAMONDS SIX,0.647,0.0132,0.3398
SPADES QUEEN CLUBS TWO,0.683,0.1104,0.2066
CLUBS FOUR SPADES FOUR,0.5018,0.0164,0.4818
SPADES QUEEN DIAMONDS FIVE,0.6666,0.1144,0.219
SPADES FOUR HEARTS ACE,0.4694,0.0042,0.5264
CLUBS TEN DIAMONDS SEVEN,0.7286,0.04,0.2314
HEARTS SIX CLUBS QUEEN,0.6606,0.1154,0.224
SPADES EIGHT SPADES SIX,0.6216,0.0112,0.3672
HEARTS THREE DIAMONDS NINE,0.682,0.013,0.305
CLUBS SIX SPADES FOUR,0.6532,0.0114,0.3354
HEARTS SEVEN SPADES THREE,0.6736,0.009,0.3174
SPADES TEN DIAMONDS EIGHT,0.7038,0.0464,0.2498
SPADES SIX DIAMONDS NINE,0.6794,0.0114,0.3092
HEARTS FOUR CLUBS KING,0.4766,0.006,0.5174
SPADES SIX DIAMONDS FOUR,0.6526,0.0094,0.338
DIAMONDS KING HEARTS TEN,0.2762,0.0302,0.6936
CLUBS QUEEN HEARTS NINE,0.6616,0.115,0.2234
DIAMONDS SEVEN DIAMONDS FIVE,0.653,0.0118,0.3352
HEARTS TEN HEARTS NINE,0.679,0.0394,0.2816
SPADES TWO HEARTS QUEEN,0.6676,0.1202,0.2122
CLUBS TEN CLUBS NINE,0.6714,0.045,0.2836
DIAMONDS FIVE CLUBS QUEEN,0.6564,0.1142,0.2294
SPADES SIX HEARTS NINE,0.6748,0.009,0.3162
SPADES SEVEN CLUBS QUEEN,0.6694,0.1086,0.222
SPADES NINE SPADES SIX,0.6364,0.012,0.3516
DIAMONDS JACK DIAMONDS SEVEN,0.6654,0.0114,0.3232
SPADES ACE CLUBS ACE,0.198,0.0026,0.7994
SPADES EIGHT HEARTS TEN,0.7122,0.0426,0.2452
CLUBS SIX DIAMONDS FIVE,0.6408,0.0104,0.3488
SPADES FIVE CLUBS QUEEN,0.6676,0.1136,0.2188
DIAMONDS THREE DIAMONDS ACE,0.4162,0.005,0.5788
CLUBS TEN SPADES FIVE,0.7438,0.0424,0.2138
HEARTS SIX CLUBS FIVE,0.651,0.0092,0.3398
CLUBS SIX DIAMONDS FOUR,0.654,0.0108,0.3352
SPADES ACE DIAMONDS SIX,0.473,0.0048,0.5222
CLUBS TEN SPADES SEVEN,0.73,0.0442,0.2258
HEARTS SEVEN HEARTS QUEEN,0.633,0.109,0.258
CLUBS JACK SPADES SEVEN,0.6866,0.0068,0.3066
HEARTS KING SPADES TWO,0.4704,0.009,0.5206
DIAMONDS NINE DIAMONDS EIGHT,0.6464,0.0112,0.3424
DIAMONDS TWO HEARTS FOUR,0.6732,0.0104,0.3164
SPADES FIVE HEARTS TEN,0.7406,0.0448,0.2146
CLUBS JACK DIAMONDS ACE,0.4056,0.0056,0.5888
HEARTS ACE CLUBS KING,0.401,0.0052,0.5938
SPADES EIGHT SPADES FOUR,0.6456,0.0128,0.3416
CLUBS JACK HEARTS TWO,0.6822,0.0082,0.3096
HEARTS NINE DIAMONDS FOUR,0.7064,0.0098,0.2838
SPADES QUEEN HEARTS FOUR,0.6732,0.1134,0.2134
DIAMONDS ACE CLUBS THREE,0.464,0.0064,0.5296
DIAMONDS SIX DIAMONDS FOUR,0.655,0.0106,0.3344
HEARTS ACE HEARTS NINE,0.434,0.0036,0.5624
DIAMONDS JACK DIAMONDS FOUR,0.6728,0.0096,0.3176
HEARTS KING CLUBS ACE,0.389,0.0038,0.6072
CLUBS FIVE SPADES THREE,0.6682,0.0102,0.3216
DIAMONDS FIVE DIAMONDS FOUR,0.6422,0.0136,0.3442
DIAMONDS TWO HEARTS NINE,0.6976,0.0104,0.292
DIAMONDS TWO SPADES SEVEN,0.6916,0.012,0.2964
SPADES ACE HEARTS EIGHT,0.4672,0.0034,0.5294
CLUBS JACK HEARTS KING,0.4086,0.0074,0.584
CLUBS EIGHT HEARTS KING,0.464,0.0084,0.5276
SPADES THREE HEARTS TEN,0.7368,0.0472,0.216
CLUBS EIGHT SPADES EIGHT,0.468,0.0124,0.5196
SPADES EIGHT SPADES SEVEN,0.6102,0.0088,0.381
CLUBS THREE HEARTS ACE,0.4682,0.0054,0.5264
SPADES QUEEN HEARTS TEN,0.071,0.9062,0.0228
SPADES ACE CLUBS NINE,0.4604,0.0034,0.5362
CLUBS JACK SPADES SIX,0.6812,0.0072,0.3116
HEARTS THREE DIAMONDS ACE,0.4486,0.0056,0.5458
SPADES QUEEN CLUBS THREE,0.6582,0.1186,0.2232
HEARTS SIX CLUBS SEVEN,0.6556,0.0106,0.3338
CLUBS TEN HEARTS QUEEN,0.0716,0.907,0.0214
HEARTS SEVEN SPADES SEVEN,0.496,0.0126,0.4914
CLUBS SIX CLUBS ACE,0.4444,0.0034,0.5522
SPADES TEN CLUBS THREE,0.7524,0.0424,0.2052
HEARTS EIGHT HEARTS TEN,0.6694,0.0398,0.2908
SPADES EIGHT CLUBS QUEEN,0.6832,0.1134,0.2034
CLUBS EIGHT DIAMONDS NINE,0.6622,0.0086,0.3292
HEARTS EIGHT SPADES FOUR,0.6902,0.0106,0.2992
DIAMONDS TWO CLUBS THREE,0.67,0.0124,0.3176
DIAMONDS TWO CLUBS SEVEN,0.6768,0.0104,0.3128
CLUBS FIVE SPADES FOUR,0.6574,0.0104,0.3322
DIAMONDS KING DIAMONDS NINE,0.4066,0.0082,0.5852
CLUBS NINE SPADES EIGHT,0.6602,0.01,0.3298
DIAMONDS EIGHT DIAMONDS SIX,0.6676,0.0102,0.3222
HEARTS SIX SPADES FOUR,0.656,0.0096,0.3344
DIAMONDS THREE SPADES FOUR,0.6576,0.0126,0.3298
HEARTS EIGHT HEARTS ACE,0.4454,0.0066,0.548
HEARTS THREE DIAMONDS FIVE,0.6488,0.0134,0.3378
CLUBS SEVEN CLUBS FOUR,0.6198,0.0094,0.3708
SPADES QUEEN DIAMONDS SEVEN,0.6676,0.1192,0.2132
HEARTS JACK DIAMONDS FIVE,0.676,0.0106,0.3134
CLUBS JACK DIAMONDS JACK,0.343,0.0094,0.6476
HEARTS EIGHT DIAMONDS SIX,0.6602,0.0108,0.329
SPADES ACE HEARTS KING,0.4054,0.0042,0.5904
SPADES KING CLUBS SEVEN,0.4644,0.0068,0.5288
SPADES NINE HEARTS THREE,0.6952,0.01,0.2948
DIAMONDS JACK SPADES TWO,0.6904,0.0118,0.2978
CLUBS SIX DIAMONDS SEVEN,0.6376,0.009,0.3534
CLUBS JACK HEARTS NINE,0.649,0.0086,0.3424
SPADES EIGHT DIAMONDS KING,0.4632,0.0064,0.5304
DIAMONDS THREE DIAMONDS KING,0.4342,0.008,0.5578
HEARTS FIVE CLUBS SEVEN,0.6652,0.009,0.3258
DIAMONDS KING DIAMONDS JACK,0.3572,0.0086,0.6342
SPADES ACE HEARTS THREE,0.4692,0.0038,0.527
CLUBS EIGHT HEARTS ACE,0.4614,0.0038,0.5348
CLUBS SEVEN HEARTS THREE,0.6824,0.0078,0.3098
HEARTS EIGHT HEARTS SIX,0.6234,0.0112,0.3654
DIAMONDS TWO DIAMONDS JACK,0.6804,0.0116,0.308
SPADES ACE HEARTS SIX,0.4824,0.0044,0.5132
SPADES EIGHT DIAMONDS FOUR,0.683,0.0116,0.3054
HEARTS FOUR DIAMONDS SEVEN,0.667,0.0098,0.3232
HEARTS EIGHT HEARTS THREE,0.6534,0.0096,0.337
HEARTS FIVE SPADES SEVEN,0.659,0.0108,0.3302
SPADES SIX SPADES THREE,0.6262,0.0112,0.3626
CLUBS SIX HEARTS TEN,0.7284,0.0412,0.2304
HEARTS EIGHT DIAMONDS TWO,0.6916,0.0112,0.2972
CLUBS SEVEN DIAMONDS SEVEN,0.4906,0.0146,0.4948
CLUBS THREE DIAMONDS JACK,0.6832,0.009,0.3078
SPADES QUEEN HEARTS SIX,0.667,0.1078,0.2252
HEARTS EIGHT SPADES TEN,0.704,0.0434,0.2526
HEARTS TWO DIAMONDS KING,0.4646,0.0094,0.526
DIAMONDS TWO SPADES EIGHT,0.688,0.012,0.3
HEARTS SIX SPADES TWO,0.6714,0.0106,0.318
DIAMONDS KING HEARTS KING,0.1824,0.0052,0.8124
SPADES SIX CLUBS TWO,0.689,0.0122,0.2988
HEARTS FOUR HEARTS KING,0.4476,0.0084,0.544
DIAMONDS TWO HEARTS FIVE,0.6714,0.0116,0.317
CLUBS THREE HEARTS TEN,0.7344,0.05,0.2156
CLUBS TWO DIAMONDS JACK,0.6794,0.014,0.3066
SPADES FIVE DIAMONDS SEVEN,0.6592,0.01,0.3308
HEARTS SEVEN CLUBS SEVEN,0.498,0.0154,0.4866
CLUBS FIVE DIAMONDS NINE,0.6786,0.0112,0.3102
CLUBS FIVE CLUBS QUEEN,0.6298,0.1074,0.2628
CLUBS SIX CLUBS FOUR,0.6286,0.011,0.3604
CLUBS SIX DIAMONDS EIGHT,0.6556,0.009,0.3354
SPADES ACE CLUBS THREE,0.4574,0.0032,0.5394
DIAMONDS JACK SPADES THREE,0.6714,0.0106,0.318
CLUBS THREE DIAMONDS EIGHT,0.696,0.009,0.295
SPADES QUEEN SPADES FIVE,0.6218,0.0998,0.2784
SPADES KING SPADES QUEEN,0.2806,0.0228,0.6966
HEARTS SEVEN SPADES FIVE,0.6428,0.0098,0.3474
HEARTS FIVE HEARTS THREE,0.6114,0.0118,0.3768
HEARTS KING DIAMONDS FIVE,0.4586,0.011,0.5304
CLUBS SIX DIAMONDS SIX,0.4788,0.0144,0.5068
HEARTS SEVEN DIAMONDS SIX,0.652,0.0092,0.3388
SPADES KING CLUBS NINE,0.4534,0.0068,0.5398
SPADES NINE HEARTS QUEEN,0.66,0.1176,0.2224
CLUBS FOUR DIAMONDS SIX,0.657,0.0118,0.3312
DIAMONDS ACE DIAMONDS FIVE,0.42,0.006,0.574
DIAMONDS ACE SPADES FOUR,0.4668,0.0038,0.5294
HEARTS FIVE SPADES NINE,0.6894,0.0096,0.301
SPADES SIX DIAMONDS KING,0.473,0.0062,0.5208
SPADES ACE HEARTS ACE,0.2026,0.004,0.7934
CLUBS FIVE CLUBS FOUR,0.603,0.0146,0.3824
SPADES EIGHT HEARTS KING,0.4614,0.0058,0.5328
CLUBS NINE HEARTS NINE,0.4892,0.0124,0.4984
SPADES EIGHT DIAMONDS JACK,0.6594,0.0094,0.3312
HEARTS FOUR SPADES FOUR,0.5108,0.0162,0.473
CLUBS SEVEN DIAMONDS KING,0.4642,0.008,0.5278
CLUBS EIGHT SPADES NINE,0.6486,0.0096,0.3418
DIAMONDS THREE DIAMONDS NINE,0.6862,0.0108,0.303
CLUBS TEN CLUBS QUEEN,0.0732,0.856,0.0708
SPADES EIGHT CLUBS FIVE,0.6672,0.0098,0.323
CLUBS FOUR CLUBS TWO,0.6372,0.0098,0.353
CLUBS FOUR HEARTS ACE,0.4716,0.0028,0.5256
SPADES THREE CLUBS KING,0.4818,0.0064,0.5118
CLUBS TEN DIAMONDS ACE,0.2894,0.0186,0.692
CLUBS EIGHT CLUBS FOUR,0.6556,0.0092,0.3352
HEARTS TWO HEARTS TEN,0.6928,0.04,0.2672
SPADES KING HEARTS JACK,0.4058,0.0078,0.5864
HEARTS FOUR CLUBS FIVE,0.6598,0.0098,0.3304
SPADES ACE SPADES FIVE,0.4452,0.004,0.5508
SPADES KING SPADES THREE,0.4334,0.0058,0.5608
HEARTS FIVE DIAMONDS EIGHT,0.6768,0.008,0.3152
DIAMONDS THREE HEARTS KING,0.4622,0.0074,0.5304
CLUBS FOUR SPADES FIVE,0.6366,0.012,0.3514
HEARTS EIGHT CLUBS EIGHT,0.4846,0.0158,0.4996
HEARTS THREE SPADES THREE,0.5224,0.015,0.4626
HEARTS FOUR HEARTS ACE,0.4398,0.0048,0.5554
CLUBS SIX SPADES TWO,0.68,0.0118,0.3082
DIAMONDS THREE HEARTS TEN,0.739,0.0472,0.2138
CLUBS FOUR DIAMONDS JACK,0.6756,0.008,0.3164
CLUBS TEN SPADES FOUR,0.74,0.0396,0.2204
CLUBS SEVEN SPADES FIVE,0.6566,0.0076,0.3358
CLUBS TEN DIAMONDS FOUR,0.731,0.0508,0.2182
HEARTS THREE SPADES EIGHT,0.6974,0.0102,0.2924
SPADES KING CLUBS SIX,0.4658,0.0058,0.5284
DIAMONDS JACK SPADES FOUR,0.6684,0.0068,0.3248
HEARTS EIGHT CLUBS NINE,0.655,0.0084,0.3366
DIAMONDS ACE DIAMONDS JACK,0.365,0.0066,0.6284
SPADES TEN HEARTS THREE,0.732,0.0478,0.2202
HEARTS EIGHT HEARTS QUEEN,0.6242,0.1104,0.2654
CLUBS THREE CLUBS QUEEN,0.6358,0.1026,0.2616
CLUBS SIX CLUBS THREE,0.641,0.0114,0.3476
SPADES JACK CLUBS KING,0.4106,0.006,0.5834
HEARTS EIGHT CLUBS FIVE,0.6782,0.0082,0.3136
DIAMONDS EIGHT SPADES TWO,0.6968,0.0086,0.2946
SPADES KING CLUBS TEN,0.2994,0.0284,0.6722
CLUBS JACK CLUBS ACE,0.3924,0.0046,0.603
CLUBS NINE CLUBS FOUR,0.6578,0.0114,0.3308
CLUBS EIGHT HEARTS FOUR,0.6918,0.0098,0.2984
SPADES QUEEN DIAMONDS FOUR,0.6616,0.1118,0.2266
HEARTS SEVEN CLUBS ACE,0.4912,0.0032,0.5056
CLUBS SEVEN HEARTS ACE,0.4752,0.0038,0.521
DIAMONDS THREE CLUBS SIX,0.6432,0.0106,0.3462
CLUBS FOUR HEARTS QUEEN,0.6794,0.1094,0.2112
DIAMONDS SEVEN HEARTS NINE,0.6576,0.0084,0.334
DIAMONDS THREE HEARTS SIX,0.6648,0.0124,0.3228
HEARTS SEVEN CLUBS QUEEN,0.6722,0.113,0.2148
CLUBS TEN HEARTS SEVEN,0.7436,0.0414,0.215
CLUBS FIVE DIAMONDS JACK,0.672,0.0102,0.3178
DIAMONDS KING DIAMONDS SEVEN,0.424,0.007,0.569
SPADES JACK DIAMONDS FIVE,0.6836,0.0078,0.3086
DIAMONDS ACE CLUBS KING,0.3752,0.0046,0.6202
DIAMONDS NINE SPADES THREE,0.6822,0.0126,0.3052
SPADES THREE CLUBS ACE,0.4606,0.0036,0.5358
SPADES NINE CLUBS FIVE,0.6836,0.0106,0.3058
SPADES QUEEN SPADES FOUR,0.633,0.1106,0.2564
DIAMONDS THREE CLUBS TEN,0.7414,0.0488,0.2098
HEARTS SEVEN HEARTS THREE,0.6444,0.0096,0.346
SPADES TEN CLUBS TWO,0.7504,0.0456,0.204
CLUBS NINE HEARTS JACK,0.6442,0.0084,0.3474
HEARTS THREE HEARTS ACE,0.4426,0.0036,0.5538
SPADES JACK SPADES SEVEN,0.63,0.0074,0.3626
CLUBS TEN DIAMONDS KING,0.2766,0.0288,0.6946
HEARTS TWO CLUBS FOUR,0.6736,0.0078,0.3186
SPADES KING DIAMONDS JACK,0.3994,0.005,0.5956
CLUBS FIVE CLUBS ACE,0.4378,0.0044,0.5578
SPADES QUEEN CLUBS NINE,0.6702,0.1032,0.2266
SPADES SEVEN CLUBS KING,0.474,0.0076,0.5184
HEARTS TWO DIAMONDS FIVE,0.6616,0.0132,0.3252
DIAMONDS TWO SPADES QUEEN,0.6626,0.1198,0.2176
DIAMONDS ACE HEARTS JACK,0.405,0.0066,0.5884
HEARTS EIGHT DIAMONDS KING,0.443,0.007,0.55
CLUBS TWO SPADES THREE,0.669,0.0136,0.3174
HEARTS THREE DIAMONDS FOUR,0.6436,0.0146,0.3418
CLUBS JACK HEARTS SIX,0.6896,0.0094,0.301
HEARTS SEVEN DIAMONDS NINE,0.6672,0.013,0.3198
HEARTS THREE DIAMONDS SEVEN,0.6742,0.0124,0.3134
CLUBS THREE DIAMONDS SEVEN,0.6802,0.011,0.3088
CLUBS JACK HEARTS ACE,0.4214,0.0034,0.5752
SPADES NINE DIAMONDS ACE,0.4592,0.0056,0.5352
SPADES FIVE SPADES FOUR,0.5976,0.0108,0.3916
SPADES QUEEN HEARTS TWO,0.6736,0.1172,0.2092
DIAMONDS ACE SPADES THREE,0.4626,0.0038,0.5336
CLUBS FIVE SPADES TWO,0.6714,0.0108,0.3178
HEARTS FIVE DIAMONDS NINE,0.6712,0.0122,0.3166
HEARTS TWO DIAMONDS EIGHT,0.6822,0.0134,0.3044
SPADES TEN HEARTS TWO,0.7374,0.052,0.2106
SPADES SEVEN SPADES FIVE,0.6106,0.01,0.3794
HEARTS EIGHT SPADES THREE,0.6946,0.0116,0.2938
SPADES JACK DIAMONDS SEVEN,0.6622,0.0098,0.328
SPADES QUEEN CLUBS KING,0.2954,0.0228,0.6818
CLUBS TWO HEARTS NINE,0.7134,0.0078,0.2788
DIAMONDS TWO HEARTS JACK,0.6902,0.0092,0.3006
HEARTS SEVEN DIAMONDS JACK,0.6736,0.011,0.3154
DIAMONDS NINE HEARTS TEN,0.7152,0.0436,0.2412
DIAMONDS THREE CLUBS THREE,0.505,0.0184,0.4766
SPADES SEVEN HEARTS KING,0.463,0.007,0.53
HEARTS TEN DIAMONDS FIVE,0.7354,0.0518,0.2128
CLUBS SEVEN DIAMONDS FOUR,0.659,0.01,0.331
HEARTS EIGHT DIAMONDS THREE,0.6832,0.011,0.3058
HEARTS EIGHT CLUBS TEN,0.7182,0.0438,0.238
HEARTS SIX SPADES THREE,0.6704,0.0126,0.317
SPADES EIGHT DIAMONDS SEVEN,0.6442,0.0124,0.3434
SPADES FOUR DIAMONDS SIX,0.6684,0.0132,0.3184
CLUBS NINE CLUBS TWO,0.6572,0.0084,0.3344
SPADES ACE CLUBS TEN,0.318,0.0194,0.6626
SPADES THREE DIAMONDS EIGHT,0.6902,0.01,0.2998
HEARTS FIVE HEARTS JACK,0.6376,0.01,0.3524
SPADES KING DIAMONDS EIGHT,0.4454,0.0072,0.5474
DIAMONDS TWO HEARTS TEN,0.7366,0.0438,0.2196
CLUBS THREE CLUBS TWO,0.6356,0.0096,0.3548
SPADES QUEEN SPADES EIGHT,0.6338,0.1044,0.2618
HEARTS THREE CLUBS QUEEN,0.677,0.111,0.212
CLUBS FOUR DIAMONDS KING,0.457,0.007,0.536
HEARTS EIGHT CLUBS SEVEN,0.6452,0.008,0.3468
DIAMONDS TWO HEARTS QUEEN,0.6718,0.1128,0.2154
DIAMONDS KING HEARTS QUEEN,0.2724,0.0276,0.7
HEARTS SEVEN HEARTS TEN,0.681,0.046,0.273
CLUBS NINE CLUBS KING,0.4376,0.0072,0.5552
CLUBS JACK CLUBS QUEEN,0.2706,0.0818,0.6476
CLUBS SIX CLUBS QUEEN,0.6336,0.101,0.2654
HEARTS SEVEN DIAMONDS EIGHT,0.6446,0.0092,0.3462
HEARTS EIGHT SPADES KING,0.4718,0.007,0.5212
SPADES SEVEN SPADES FOUR,0.622,0.0102,0.3678
HEARTS JACK HEARTS TEN,0.6906,0.0336,0.2758
SPADES SEVEN DIAMONDS EIGHT,0.652,0.0096,0.3384
DIAMONDS ACE DIAMONDS NINE,0.4156,0.0042,0.5802
HEARTS EIGHT DIAMONDS EIGHT,0.479,0.0136,0.5074
SPADES JACK SPADES TWO,0.661,0.0124,0.3266
HEARTS TWO SPADES SEVEN,0.6956,0.0088,0.2956
SPADES FOUR DIAMONDS NINE,0.6908,0.0112,0.298
CLUBS FOUR CLUBS ACE,0.4332,0.006,0.5608
SPADES THREE SPADES TWO,0.6368,0.0092,0.354
CLUBS NINE HEARTS FIVE,0.6896,0.0106,0.2998
HEARTS TWO CLUBS THREE,0.6726,0.013,0.3144
CLUBS JACK CLUBS TWO,0.6356,0.0086,0.3558
DIAMONDS TWO SPADES TWO,0.5136,0.0208,0.4656
SPADES TEN HEARTS KING,0.2868,0.027,0.6862
HEARTS THREE SPADES SEVEN,0.6816,0.0118,0.3066
HEARTS SIX DIAMONDS KING,0.472,0.0062,0.5218
SPADES JACK SPADES FIVE,0.6478,0.0092,0.343
SPADES EIGHT CLUBS THREE,0.7054,0.0086,0.286
DIAMONDS THREE HEARTS SEVEN,0.6902,0.0098,0.3
DIAMONDS KING CLUBS ACE,0.3694,0.0038,0.6268
HEARTS EIGHT DIAMONDS FOUR,0.6738,0.0106,0.3156
HEARTS EIGHT HEARTS TWO,0.6576,0.0124,0.33
CLUBS SIX HEARTS JACK,0.6732,0.0112,0.3156
SPADES NINE CLUBS ACE,0.468,0.0044,0.5276
SPADES QUEEN DIAMONDS ACE,0.2846,0.0178,0.6976
SPADES NINE HEARTS ACE,0.4722,0.0022,0.5256
SPADES KING CLUBS KING,0.2036,0.0034,0.793
CLUBS SIX SPADES FIVE,0.6568,0.01,0.3332
CLUBS EIGHT DIAMONDS SEVEN,0.6508,0.0102,0.339
CLUBS ACE CLUBS KING,0.3766,0.0054,0.618
SPADES KING HEARTS QUEEN,0.2956,0.0248,0.6796
CLUBS THREE HEARTS NINE,0.7042,0.0098,0.286
SPADES NINE HEARTS NINE,0.482,0.0138,0.5042
CLUBS NINE DIAMONDS EIGHT,0.6618,0.0084,0.3298
DIAMONDS THREE HEARTS JACK,0.6826,0.0104,0.307
SPADES JACK SPADES NINE,0.6198,0.0106,0.3696
SPADES ACE SPADES TWO,0.442,0.0062,0.5518
HEARTS FIVE CLUBS ACE,0.4658,0.0052,0.529
SPADES SIX DIAMONDS SIX,0.498,0.0158,0.4862
CLUBS SEVEN HEARTS KING,0.4694,0.0076,0.523
HEARTS SIX HEARTS FOUR,0.6238,0.0104,0.3658
DIAMONDS EIGHT HEARTS TEN,0.7088,0.0442,0.247
CLUBS TEN CLUBS ACE,0.2968,0.0164,0.6868
HEARTS QUEEN DIAMONDS FIVE,0.6622,0.1156,0.2222
HEARTS FIVE CLUBS QUEEN,0.6658,0.1084,0.2258
CLUBS EIGHT HEARTS TWO,0.692,0.013,0.295
HEARTS TWO HEARTS ACE,0.4524,0.0064,0.5412
DIAMONDS NINE SPADES TWO,0.7048,0.0116,0.2836
CLUBS SEVEN HEARTS TEN,0.7388,0.0406,0.2206
SPADES THREE DIAMONDS SIX,0.6666,0.0094,0.324
HEARTS SIX CLUBS TWO,0.6854,0.0106,0.304
HEARTS QUEEN DIAMONDS SIX,0.6566,0.1168,0.2266
CLUBS NINE CLUBS EIGHT,0.6192,0.0078,0.373
SPADES ACE DIAMONDS SEVEN,0.4732,0.0064,0.5204
DIAMONDS NINE DIAMONDS FIVE,0.6788,0.0102,0.311
CLUBS NINE HEARTS QUEEN,0.6698,0.1058,0.2244
HEARTS EIGHT HEARTS KING,0.4362,0.0044,0.5594
SPADES JACK DIAMONDS JACK,0.3374,0.01,0.6526
CLUBS FOUR SPADES THREE,0.6512,0.011,0.3378
CLUBS SEVEN CLUBS ACE,0.426,0.0034,0.5706
SPADES KING DIAMONDS KING,0.1826,0.004,0.8134
DIAMONDS KING DIAMONDS FOUR,0.4252,0.0088,0.566
HEARTS SIX CLUBS EIGHT,0.6562,0.0074,0.3364
HEARTS FOUR CLUBS THREE,0.6642,0.0104,0.3254
HEARTS THREE DIAMONDS JACK,0.6806,0.0132,0.3062
SPADES KING CLUBS FOUR,0.4702,0.0084,0.5214
DIAMONDS THREE SPADES KING,0.4678,0.0082,0.524
SPADES NINE DIAMONDS EIGHT,0.6574,0.0116,0.331
DIAMONDS KING CLUBS TWO,0.4688,0.0074,0.5238
SPADES NINE CLUBS SIX,0.676,0.0094,0.3146
HEARTS EIGHT HEARTS JACK,0.6122,0.0114,0.3764
SPADES QUEEN CLUBS FIVE,0.6618,0.1158,0.2224
CLUBS EIGHT SPADES THREE,0.6932,0.0094,0.2974
CLUBS EIGHT HEARTS THREE,0.6884,0.0082,0.3034
HEARTS SIX HEARTS NINE,0.6252,0.0108,0.364
SPADES JACK SPADES TEN,0.6698,0.039,0.2912
SPADES JACK HEARTS TWO,0.6874,0.0098,0.3028
SPADES FOUR HEARTS QUEEN,0.672,0.1136,0.2144
HEARTS EIGHT CLUBS TWO,0.6974,0.0108,0.2918
CLUBS THREE CLUBS ACE,0.4464,0.0062,0.5474
DIAMONDS JACK CLUBS ACE,0.415,0.0056,0.5794
SPADES KING HEARTS ACE,0.4068,0.0046,0.5886
SPADES FIVE CLUBS KING,0.4888,0.0074,0.5038
SPADES SEVEN SPADES SIX,0.61,0.0072,0.3828
CLUBS TEN DIAMONDS FIVE,0.7394,0.044,0.2166
SPADES ACE HEARTS FOUR,0.4906,0.0044,0.505
SPADES QUEEN HEARTS QUEEN,0.1694,0.0172,0.8134
DIAMONDS KING HEARTS JACK,0.393,0.0068,0.6002
HEARTS ACE CLUBS QUEEN,0.2982,0.0154,0.6864
HEARTS EIGHT SPADES SIX,0.6564,0.0082,0.3354
HEARTS QUEEN DIAMONDS SEVEN,0.6682,0.1102,0.2216
DIAMONDS JACK DIAMONDS EIGHT,0.654,0.0132,0.3328
SPADES JACK CLUBS SIX,0.6784,0.0078,0.3138
SPADES SEVEN DIAMONDS NINE,0.6604,0.0102,0.3294
SPADES SIX DIAMONDS FIVE,0.6412,0.011,0.3478
CLUBS JACK DIAMONDS SEVEN,0.6648,0.0116,0.3236
CLUBS JACK DIAMONDS THREE,0.6662,0.0138,0.32
HEARTS THREE CLUBS ACE,0.4676,0.0038,0.5286
DIAMONDS TWO SPADES THREE,0.6556,0.0114,0.333
SPADES SEVEN DIAMONDS KING,0.4538,0.0082,0.538
SPADES QUEEN HEARTS THREE,0.6768,0.1158,0.2074
CLUBS JACK HEARTS JACK,0.3386,0.0106,0.6508
SPADES TWO DIAMONDS SEVEN,0.6808,0.0136,0.3056
CLUBS ACE HEARTS JACK,0.4194,0.0048,0.5758
SPADES NINE SPADES TWO,0.655,0.0084,0.3366
HEARTS THREE DIAMONDS EIGHT,0.6944,0.0106,0.295
CLUBS TEN SPADES JACK,0.7326,0.0348,0.2326
CLUBS NINE DIAMONDS ACE,0.4578,0.004,0.5382
HEARTS KING HEARTS JACK,0.3826,0.0068,0.6106
SPADES KING SPADES FOUR,0.447,0.0056,0.5474
HEARTS SEVEN HEARTS KING,0.4508,0.0062,0.543
HEARTS FIVE CLUBS TWO,0.681,0.0108,0.3082
HEARTS ACE DIAMONDS SEVEN,0.4556,0.005,0.5394
HEARTS TWO DIAMONDS NINE,0.697,0.0142,0.2888
CLUBS FOUR HEARTS KING,0.4794,0.008,0.5126
CLUBS EIGHT CLUBS FIVE,0.6334,0.0116,0.355
CLUBS TEN CLUBS EIGHT,0.6766,0.0432,0.2802
CLUBS TEN CLUBS SEVEN,0.6978,0.0412,0.261
DIAMONDS TWO CLUBS FOUR,0.6794,0.012,0.3086
DIAMONDS KING SPADES THREE,0.465,0.0094,0.5256
CLUBS FOUR DIAMONDS EIGHT,0.6788,0.0112,0.31
HEARTS EIGHT SPADES SEVEN,0.6542,0.0074,0.3384
HEARTS TWO SPADES FOUR,0.6562,0.0116,0.3322
CLUBS THREE HEARTS KING,0.4732,0.0062,0.5206
CLUBS TEN DIAMONDS NINE,0.7178,0.0446,0.2376
SPADES TEN CLUBS FIVE,0.7342,0.0482,0.2176
SPADES EIGHT CLUBS ACE,0.4638,0.0044,0.5318
DIAMONDS THREE SPADES JACK,0.6768,0.01,0.3132
SPADES SEVEN HEARTS QUEEN,0.6762,0.1,0.2238
SPADES JACK DIAMONDS FOUR,0.6814,0.0094,0.3092
SPADES KING DIAMONDS NINE,0.4482,0.008,0.5438
SPADES NINE DIAMONDS NINE,0.4736,0.013,0.5134
HEARTS SIX SPADES SEVEN,0.6606,0.009,0.3304
SPADES KING HEARTS KING,0.1978,0.0054,0.7968
SPADES KING SPADES TWO,0.4496,0.0048,0.5456
CLUBS FOUR SPADES TWO,0.669,0.0114,0.3196
CLUBS THREE HEARTS JACK,0.6874,0.0106,0.302
CLUBS EIGHT SPADES SEVEN,0.6672,0.0072,0.3256
HEARTS SEVEN CLUBS KING,0.4796,0.0076,0.5128
SPADES KING HEARTS FOUR,0.473,0.0064,0.5206
CLUBS JACK DIAMONDS NINE,0.6516,0.012,0.3364
CLUBS JACK CLUBS KING,0.3944,0.0068,0.5988
HEARTS FIVE CLUBS KING,0.4902,0.0068,0.503
DIAMONDS ACE HEARTS KING,0.3844,0.0048,0.6108
CLUBS FIVE CLUBS THREE,0.6146,0.0122,0.3732
SPADES QUEEN SPADES SIX,0.6186,0.1104,0.271
SPADES TEN DIAMONDS KING,0.275,0.0278,0.6972
HEARTS EIGHT SPADES TWO,0.6908,0.0098,0.2994
CLUBS NINE CLUBS SEVEN,0.6246,0.0106,0.3648
HEARTS KING DIAMONDS EIGHT,0.4452,0.0064,0.5484
