opposingHand,winningChance,drawChance,lostChance
DIAMONDS ACE SPADES SEVEN
HEARTS FIVE SPADES TEN,0.6322,0.004,0.3638
HEARTS FIVE SPADES JACK,0.6262,0.0054,0.3684
SPADES FIVE CLUBS JACK,0.6376,0.0048,0.3576
CLUBS TEN SPADES FIVE,0.6456,0.0032,0.3512
CLUBS EIGHT CLUBS JACK,0.5426,0.0042,0.4532
CLUBS TEN CLUBS EIGHT,0.5382,0.0038,0.458
CLUBS EIGHT CLUBS KING,0.571,0.005,0.424
SPADES FIVE CLUBS ACE,0.4584,0.297,0.2446
CLUBS EIGHT CLUBS QUEEN,0.5488,0.0044,0.4468
SPADES FIVE CLUBS KING,0.6442,0.0044,0.3514
SPADES FIVE CLUBS QUEEN,0.6508,0.004,0.3452
CLUBS EIGHT CLUBS ACE,0.2246,0.213,0.5624
DIAMONDS TWO DIAMONDS THREE,0.6242,0.006,0.3698
DIAMONDS TWO DIAMONDS FIVE,0.6236,0.0048,0.3716
HEARTS FIVE SPADES KING,0.6246,0.0042,0.3712
DIAMONDS TWO DIAMONDS FOUR,0.6282,0.0062,0.3656
HEARTS FIVE SPADES QUEEN,0.6282,0.004,0.3678
DIAMONDS TWO DIAMONDS SEVEN,0.7314,0.0294,0.2392
DIAMONDS TWO DIAMONDS SIX,0.6304,0.0056,0.364
SPADES ACE HEARTS FIVE,0.4602,0.2962,0.2436
DIAMONDS TWO DIAMONDS NINE,0.6208,0.0048,0.3744
DIAMONDS TWO DIAMONDS EIGHT,0.6138,0.0032,0.383
DIAMONDS THREE DIAMONDS FOUR,0.6084,0.0078,0.3838
SPADES FOUR CLUBS TWO,0.6528,0.005,0.3422
DIAMONDS THREE DIAMONDS FIVE,0.6196,0.0056,0.3748
SPADES FIVE CLUBS TWO,0.6484,0.0058,0.3458
CLUBS TWO SPADES TWO,0.4784,0.0056,0.516
CLUBS TWO SPADES THREE,0.671,0.004,0.325
DIAMONDS THREE DIAMONDS EIGHT,0.6202,0.0062,0.3736
SPADES EIGHT CLUBS TWO,0.6426,0.0082,0.3492
DIAMONDS THREE DIAMONDS NINE,0.6142,0.0032,0.3826
SPADES NINE CLUBS TWO,0.6366,0.0044,0.359
DIAMONDS THREE DIAMONDS SIX,0.6332,0.0058,0.361
SPADES SIX CLUBS TWO,0.6796,0.003,0.3174
DIAMONDS THREE DIAMONDS SEVEN,0.701,0.0298,0.2692
CLUBS SIX CLUBS TWO,0.6268,0.0032,0.37
CLUBS SEVEN CLUBS TWO,0.7008,0.0276,0.2716
CLUBS FOUR CLUBS TWO,0.6042,0.0046,0.3912
CLUBS FIVE CLUBS TWO,0.6148,0.0044,0.3808
CLUBS TEN CLUBS JACK,0.5264,0.004,0.4696
DIAMONDS FOUR DIAMONDS SIX,0.6118,0.0042,0.384
CLUBS TEN CLUBS QUEEN,0.5254,0.0038,0.4708
DIAMONDS FOUR DIAMONDS SEVEN,0.7028,0.026,0.2712
CLUBS TEN CLUBS KING,0.5394,0.003,0.4576
CLUBS TEN CLUBS ACE,0.231,0.1166,0.6524
CLUBS EIGHT CLUBS TWO,0.604,0.0042,0.3918
DIAMONDS FIVE DIAMONDS FOUR,0.593,0.0054,0.4016
CLUBS NINE CLUBS TWO,0.6048,0.0034,0.3918
DIAMONDS NINE DIAMONDS FOUR,0.6076,0.0028,0.3896
DIAMONDS EIGHT DIAMONDS FOUR,0.6116,0.0054,0.383
CLUBS THREE CLUBS TWO,0.6198,0.0064,0.3738
DIAMONDS NINE DIAMONDS FIVE,0.609,0.0038,0.3872
DIAMONDS TWO CLUBS JACK,0.6346,0.0054,0.36
DIAMONDS EIGHT DIAMONDS FIVE,0.5964,0.0042,0.3994
CLUBS TEN DIAMONDS TWO,0.6514,0.0042,0.3444
DIAMONDS FIVE DIAMONDS SEVEN,0.6764,0.0282,0.2954
DIAMONDS FIVE DIAMONDS SIX,0.598,0.0064,0.3956
DIAMONDS TWO CLUBS ACE,0.4662,0.301,0.2328
DIAMONDS TWO CLUBS KING,0.6484,0.005,0.3466
DIAMONDS TWO CLUBS QUEEN,0.6442,0.0048,0.351
DIAMONDS EIGHT DIAMONDS SIX,0.5912,0.0054,0.4034
DIAMONDS NINE DIAMONDS SIX,0.596,0.0044,0.3996
HEARTS ACE SPADES THREE,0.4572,0.3056,0.2372
SPADES THREE HEARTS KING,0.6404,0.0036,0.356
DIAMONDS SEVEN DIAMONDS SIX,0.6664,0.029,0.3046
SPADES THREE HEARTS QUEEN,0.6402,0.0042,0.3556
SPADES THREE HEARTS JACK,0.6414,0.0046,0.354
SPADES THREE HEARTS TEN,0.6338,0.0034,0.3628
DIAMONDS EIGHT DIAMONDS SEVEN,0.6582,0.0236,0.3182
DIAMONDS NINE DIAMONDS SEVEN,0.6794,0.022,0.2986
DIAMONDS NINE DIAMONDS EIGHT,0.5496,0.0042,0.4462
DIAMONDS KING HEARTS TEN,0.5654,0.0052,0.4294
HEARTS THREE HEARTS TEN,0.6044,0.0032,0.3924
SPADES JACK CLUBS SIX,0.6312,0.0028,0.366
DIAMONDS KING HEARTS JACK,0.5822,0.0034,0.4144
HEARTS THREE HEARTS JACK,0.5874,0.005,0.4076
SPADES TEN CLUBS SIX,0.6338,0.0044,0.3618
SPADES JACK SPADES FIVE,0.5998,0.0048,0.3954
SPADES TEN SPADES FIVE,0.6162,0.0038,0.38
DIAMONDS KING HEARTS ACE,0.2386,0.053,0.7084
HEARTS THREE HEARTS ACE,0.4386,0.2798,0.2816
SPADES ACE CLUBS SIX,0.4888,0.2828,0.2284
DIAMONDS KING HEARTS QUEEN,0.5706,0.0036,0.4258
HEARTS THREE HEARTS QUEEN,0.5898,0.0054,0.4048
SPADES KING CLUBS SIX,0.6356,0.0036,0.3608
DIAMONDS KING HEARTS KING,0.2948,0.003,0.7022
HEARTS THREE HEARTS KING,0.591,0.0038,0.4052
SPADES QUEEN CLUBS SIX,0.6548,0.0038,0.3414
SPADES NINE HEARTS TEN,0.55,0.004,0.446
SPADES NINE HEARTS JACK,0.5622,0.0026,0.4352
SPADES QUEEN SPADES FIVE,0.5888,0.0052,0.406
SPADES KING SPADES FIVE,0.591,0.006,0.403
SPADES ACE SPADES FIVE,0.441,0.2812,0.2778
SPADES NINE HEARTS QUEEN,0.5712,0.0046,0.4242
SPADES NINE HEARTS KING,0.602,0.0034,0.3946
SPADES NINE HEARTS ACE,0.2216,0.174,0.6044
CLUBS TEN SPADES JACK,0.5492,0.005,0.4458
CLUBS TEN SPADES TEN,0.3088,0.0026,0.6886
SPADES ACE CLUBS TEN,0.2264,0.1138,0.6598
SPADES KING CLUBS TEN,0.5758,0.006,0.4182
CLUBS TEN SPADES QUEEN,0.5638,0.0034,0.4328
SPADES FIVE HEARTS QUEEN,0.6378,0.0036,0.3586
SPADES FIVE HEARTS KING,0.645,0.0032,0.3518
SPADES FIVE HEARTS ACE,0.4668,0.2988,0.2344
CLUBS EIGHT SPADES TEN,0.5714,0.0036,0.425
SPADES JACK HEARTS THREE,0.634,0.0054,0.3606
SPADES JACK DIAMONDS KING,0.5854,0.0048,0.4098
SPADES TEN DIAMONDS KING,0.5776,0.0056,0.4168
SPADES TEN HEARTS THREE,0.64,0.0038,0.3562
SPADES JACK CLUBS EIGHT,0.5836,0.004,0.4124
CLUBS SIX HEARTS ACE,0.4778,0.3062,0.216
SPADES ACE CLUBS EIGHT,0.2184,0.2328,0.5488
HEARTS FIVE CLUBS JACK,0.6304,0.0032,0.3664
HEARTS FIVE CLUBS TEN,0.6364,0.0052,0.3584
CLUBS SIX HEARTS QUEEN,0.633,0.0032,0.3638
SPADES QUEEN CLUBS EIGHT,0.586,0.0048,0.4092
CLUBS TEN SPADES THREE,0.6378,0.0048,0.3574
CLUBS SIX HEARTS KING,0.6444,0.0028,0.3528
SPADES KING CLUBS EIGHT,0.6232,0.0036,0.3732
SPADES THREE CLUBS JACK,0.6434,0.0042,0.3524
DIAMONDS TWO HEARTS JACK,0.6474,0.0046,0.348
SPADES THREE CLUBS QUEEN,0.638,0.0046,0.3574
DIAMONDS TWO HEARTS TEN,0.6344,0.006,0.3596
SPADES THREE CLUBS KING,0.6456,0.0056,0.3488
HEARTS FIVE CLUBS ACE,0.4616,0.2954,0.243
SPADES FIVE HEARTS TEN,0.6426,0.0032,0.3542
SPADES THREE CLUBS ACE,0.4654,0.3088,0.2258
HEARTS FIVE CLUBS KING,0.643,0.0046,0.3524
SPADES FIVE HEARTS JACK,0.628,0.0044,0.3676
HEARTS FIVE CLUBS QUEEN,0.6416,0.0032,0.3552
HEARTS THREE CLUBS KING,0.6346,0.002,0.3634
DIAMONDS KING CLUBS KING,0.3014,0.0036,0.695
HEARTS THREE CLUBS QUEEN,0.6278,0.0044,0.3678
DIAMONDS KING CLUBS QUEEN,0.5724,0.0034,0.4242
HEARTS FIVE HEARTS JACK,0.5934,0.0032,0.4034
HEARTS FIVE HEARTS TEN,0.5786,0.006,0.4154
HEARTS THREE CLUBS ACE,0.4542,0.3078,0.238
DIAMONDS KING CLUBS ACE,0.2422,0.0512,0.7066
SPADES ACE CLUBS QUEEN,0.2332,0.0682,0.6986
SPADES KING CLUBS QUEEN,0.5608,0.005,0.4342
HEARTS THREE CLUBS JACK,0.6284,0.005,0.3666
DIAMONDS KING CLUBS JACK,0.58,0.0052,0.4148
SPADES QUEEN CLUBS QUEEN,0.2854,0.0036,0.711
CLUBS TEN HEARTS THREE,0.635,0.0042,0.3608
CLUBS TEN DIAMONDS KING,0.5866,0.003,0.4104
SPADES JACK CLUBS QUEEN,0.5588,0.0026,0.4386
CLUBS SIX CLUBS QUEEN,0.5946,0.0044,0.401
SPADES TEN CLUBS QUEEN,0.5512,0.0036,0.4452
CLUBS SIX CLUBS KING,0.6172,0.0034,0.3794
CLUBS SIX CLUBS ACE,0.4454,0.2832,0.2714
HEARTS FIVE HEARTS KING,0.5872,0.0046,0.4082
HEARTS FIVE HEARTS QUEEN,0.5978,0.0048,0.3974
CLUBS TEN CLUBS SIX,0.586,0.0038,0.4102
HEARTS FIVE HEARTS ACE,0.4334,0.2704,0.2962
CLUBS SIX CLUBS JACK,0.6002,0.0028,0.397
DIAMONDS TWO CLUBS TWO,0.4758,0.0044,0.5198
DIAMONDS TWO CLUBS THREE,0.6644,0.0066,0.329
DIAMONDS TWO HEARTS SIX,0.6724,0.004,0.3236
DIAMONDS TWO HEARTS QUEEN,0.6414,0.0054,0.3532
HEARTS SEVEN DIAMONDS TWO,0.76,0.0284,0.2116
DIAMONDS TWO HEARTS KING,0.6454,0.0056,0.349
DIAMONDS TWO HEARTS EIGHT,0.6566,0.0036,0.3398
DIAMONDS TWO HEARTS ACE,0.4658,0.2964,0.2378
DIAMONDS TWO HEARTS NINE,0.6538,0.0042,0.342
DIAMONDS TWO DIAMONDS QUEEN,0.6138,0.0048,0.3814
DIAMONDS TWO HEARTS TWO,0.4688,0.0072,0.524
DIAMONDS TWO DIAMONDS KING,0.6208,0.0048,0.3744
DIAMONDS TWO HEARTS THREE,0.6664,0.006,0.3276
HEARTS FOUR DIAMONDS TWO,0.6586,0.004,0.3374
HEARTS FIVE DIAMONDS TWO,0.6566,0.0062,0.3372
DIAMONDS TWO DIAMONDS TEN,0.611,0.0044,0.3846
DIAMONDS TWO DIAMONDS JACK,0.6112,0.0026,0.3862
DIAMONDS TWO SPADES NINE,0.6462,0.0056,0.3482
DIAMONDS TWO SPADES EIGHT,0.6554,0.0054,0.3392
DIAMONDS TWO SPADES SIX,0.6714,0.0048,0.3238
DIAMONDS TWO SPADES FIVE,0.6646,0.0074,0.328
DIAMONDS TWO SPADES FOUR,0.6584,0.0048,0.3368
DIAMONDS TWO SPADES THREE,0.6814,0.0042,0.3144
DIAMONDS TWO SPADES TWO,0.4736,0.0064,0.52
CLUBS NINE DIAMONDS TWO,0.6498,0.0046,0.3456
DIAMONDS TWO CLUBS EIGHT,0.6574,0.0056,0.337
CLUBS SEVEN DIAMONDS TWO,0.7572,0.0312,0.2116
DIAMONDS TWO CLUBS SIX,0.6632,0.0052,0.3316
DIAMONDS TWO CLUBS FIVE,0.6502,0.0056,0.3442
DIAMONDS TWO CLUBS FOUR,0.6516,0.008,0.3404
CLUBS FOUR SPADES FIVE,0.625,0.0044,0.3706
CLUBS FOUR SPADES FOUR,0.463,0.0038,0.5332
CLUBS FOUR SPADES THREE,0.646,0.006,0.348
CLUBS FOUR SPADES TWO,0.6614,0.0062,0.3324
SPADES NINE CLUBS FOUR,0.6432,0.0042,0.3526
SPADES EIGHT CLUBS FOUR,0.631,0.004,0.365
SPADES SIX CLUBS FOUR,0.6482,0.0036,0.3482
SPADES ACE DIAMONDS SIX,0.4872,0.3044,0.2084
SPADES QUEEN DIAMONDS SIX,0.6372,0.0058,0.357
SPADES KING DIAMONDS SIX,0.6528,0.0042,0.343
SPADES TEN DIAMONDS SIX,0.636,0.003,0.361
SPADES JACK DIAMONDS SIX,0.6326,0.0048,0.3626
SPADES QUEEN SPADES TWO,0.5948,0.0038,0.4014
SPADES KING SPADES TWO,0.6104,0.0056,0.384
SPADES ACE SPADES TWO,0.449,0.2872,0.2638
DIAMONDS JACK CLUBS JACK,0.323,0.0024,0.6746
CLUBS TEN DIAMONDS JACK,0.5508,0.0032,0.446
DIAMONDS JACK CLUBS KING,0.5848,0.0028,0.4124
DIAMONDS JACK CLUBS QUEEN,0.5608,0.0074,0.4318
DIAMONDS THREE DIAMONDS JACK,0.6096,0.0056,0.3848
DIAMONDS THREE DIAMONDS TEN,0.6222,0.0056,0.3722
DIAMONDS JACK CLUBS ACE,0.2502,0.086,0.6638
DIAMONDS THREE DIAMONDS KING,0.6084,0.0058,0.3858
DIAMONDS THREE HEARTS THREE,0.4688,0.0046,0.5266
DIAMONDS THREE DIAMONDS QUEEN,0.6132,0.0038,0.383
DIAMONDS THREE HEARTS TWO,0.6586,0.004,0.3374
HEARTS FIVE DIAMONDS THREE,0.6406,0.0046,0.3548
HEARTS FOUR DIAMONDS THREE,0.6438,0.0042,0.352
HEARTS SEVEN DIAMONDS THREE,0.7352,0.0314,0.2334
SPADES TEN SPADES NINE,0.5206,0.0036,0.4758
HEARTS SIX DIAMONDS THREE,0.6606,0.0064,0.333
SPADES JACK SPADES NINE,0.5356,0.0042,0.4602
DIAMONDS THREE HEARTS NINE,0.658,0.0044,0.3376
HEARTS JACK DIAMONDS FOUR,0.6374,0.0048,0.3578
HEARTS ACE HEARTS KING,0.2312,0.0434,0.7254
SPADES TEN SPADES TWO,0.6048,0.0066,0.3886
DIAMONDS THREE HEARTS EIGHT,0.663,0.0054,0.3316
HEARTS TEN DIAMONDS FOUR,0.6228,0.0044,0.3728
SPADES JACK SPADES TWO,0.598,0.0056,0.3964
HEARTS QUEEN DIAMONDS FOUR,0.6308,0.0054,0.3638
HEARTS KING DIAMONDS FOUR,0.6548,0.0038,0.3414
SPADES ACE SPADES NINE,0.2232,0.17,0.6068
HEARTS ACE DIAMONDS FOUR,0.4652,0.2956,0.2392
SPADES KING SPADES NINE,0.5654,0.0048,0.4298
SPADES QUEEN SPADES NINE,0.5566,0.003,0.4404
DIAMONDS THREE SPADES NINE,0.637,0.0038,0.3592
DIAMONDS THREE SPADES EIGHT,0.6492,0.0036,0.3472
DIAMONDS THREE SPADES SIX,0.661,0.0048,0.3342
DIAMONDS THREE CLUBS SIX,0.6602,0.0046,0.3352
CLUBS FIVE CLUBS SIX,0.5922,0.0034,0.4044
CLUBS ACE DIAMONDS FOUR,0.452,0.3128,0.2352
CLUBS SEVEN DIAMONDS THREE,0.7322,0.0268,0.241
CLUBS SEVEN CLUBS FIVE,0.6614,0.0272,0.3114
DIAMONDS THREE CLUBS FOUR,0.6484,0.0052,0.3464
DIAMONDS FOUR CLUBS QUEEN,0.6378,0.0052,0.357
DIAMONDS THREE CLUBS FIVE,0.6364,0.004,0.3596
CLUBS KING DIAMONDS FOUR,0.6338,0.0034,0.3628
DIAMONDS THREE CLUBS TWO,0.6624,0.0056,0.332
CLUBS TEN DIAMONDS FOUR,0.6364,0.0044,0.3592
DIAMONDS THREE CLUBS THREE,0.4756,0.0064,0.518
DIAMONDS FOUR CLUBS JACK,0.6334,0.0028,0.3638
DIAMONDS THREE SPADES FOUR,0.6486,0.0068,0.3446
DIAMONDS THREE SPADES FIVE,0.6492,0.004,0.3468
DIAMONDS THREE SPADES TWO,0.6646,0.0066,0.3288
DIAMONDS THREE SPADES THREE,0.472,0.006,0.522
CLUBS EIGHT DIAMONDS THREE,0.6614,0.0034,0.3352
CLUBS NINE DIAMONDS THREE,0.644,0.0042,0.3518
CLUBS FIVE SPADES SIX,0.6196,0.006,0.3744
CLUBS FIVE SPADES NINE,0.632,0.004,0.364
CLUBS FIVE SPADES EIGHT,0.6142,0.0046,0.3812
CLUBS FIVE SPADES THREE,0.6406,0.0046,0.3548
CLUBS FIVE SPADES TWO,0.6592,0.0044,0.3364
CLUBS FIVE SPADES FIVE,0.4572,0.0042,0.5386
CLUBS FIVE SPADES FOUR,0.6184,0.0066,0.375
CLUBS NINE CLUBS FIVE,0.592,0.0042,0.4038
CLUBS EIGHT CLUBS FIVE,0.5806,0.0034,0.416
CLUBS ACE CLUBS QUEEN,0.2306,0.0556,0.7138
CLUBS KING CLUBS QUEEN,0.541,0.005,0.454
DIAMONDS TEN DIAMONDS FOUR,0.605,0.0058,0.3892
CLUBS TEN DIAMONDS NINE,0.5638,0.0044,0.4318
DIAMONDS JACK DIAMONDS FOUR,0.6058,0.0058,0.3884
DIAMONDS NINE CLUBS JACK,0.5612,0.0044,0.4344
SPADES NINE CLUBS JACK,0.5742,0.003,0.4228
CLUBS TEN SPADES NINE,0.5636,0.0052,0.4312
HEARTS FOUR DIAMONDS FOUR,0.4658,0.0038,0.5304
DIAMONDS JACK HEARTS TEN,0.5588,0.0042,0.437
SPADES NINE CLUBS KING,0.6044,0.0038,0.3918
DIAMONDS TWO SPADES TEN,0.6514,0.0048,0.3438
DIAMONDS NINE CLUBS ACE,0.229,0.1716,0.5994
HEARTS FIVE DIAMONDS FOUR,0.6256,0.0038,0.3706
DIAMONDS JACK HEARTS JACK,0.3146,0.0024,0.683
SPADES NINE CLUBS QUEEN,0.5846,0.006,0.4094
DIAMONDS TWO SPADES JACK,0.6468,0.0058,0.3474
DIAMONDS QUEEN DIAMONDS FOUR,0.6014,0.0058,0.3928
HEARTS TWO DIAMONDS FOUR,0.6672,0.0038,0.329
DIAMONDS NINE CLUBS QUEEN,0.5878,0.0036,0.4086
DIAMONDS KING DIAMONDS FOUR,0.6086,0.0046,0.3868
HEARTS THREE DIAMONDS FOUR,0.6394,0.005,0.3556
SPADES NINE CLUBS ACE,0.2228,0.1872,0.59
DIAMONDS NINE CLUBS KING,0.5932,0.005,0.4018
HEARTS ACE DIAMONDS JACK,0.2466,0.0906,0.6628
SPADES ACE DIAMONDS TWO,0.4762,0.3036,0.2202
HEARTS QUEEN DIAMONDS JACK,0.5672,0.0046,0.4282
SPADES QUEEN DIAMONDS TWO,0.6474,0.0054,0.3472
DIAMONDS JACK HEARTS KING,0.5766,0.0034,0.42
SPADES KING DIAMONDS TWO,0.6372,0.005,0.3578
CLUBS SEVEN CLUBS THREE,0.699,0.0282,0.2728
CLUBS SIX CLUBS THREE,0.6072,0.0054,0.3874
CLUBS FIVE CLUBS THREE,0.5886,0.007,0.4044
CLUBS THREE CLUBS FOUR,0.5914,0.0048,0.4038
CLUBS NINE CLUBS THREE,0.6162,0.0042,0.3796
CLUBS EIGHT CLUBS THREE,0.6184,0.0028,0.3788
CLUBS THREE SPADES FIVE,0.6402,0.0046,0.3552
CLUBS THREE SPADES FOUR,0.6484,0.005,0.3466
CLUBS THREE SPADES THREE,0.4652,0.0048,0.53
CLUBS THREE SPADES TWO,0.664,0.005,0.331
CLUBS THREE SPADES SIX,0.6714,0.0052,0.3234
SPADES EIGHT CLUBS THREE,0.6468,0.003,0.3502
SPADES NINE CLUBS THREE,0.6424,0.0038,0.3538
SPADES TWO DIAMONDS FOUR,0.665,0.0056,0.3294
SPADES THREE DIAMONDS FOUR,0.6566,0.005,0.3384
SPADES FOUR DIAMONDS FOUR,0.46,0.0056,0.5344
SPADES FIVE DIAMONDS FOUR,0.6334,0.0066,0.36
SPADES SIX DIAMONDS FOUR,0.6658,0.0034,0.3308
SPADES EIGHT DIAMONDS FOUR,0.6378,0.0056,0.3566
SPADES NINE DIAMONDS FOUR,0.6546,0.0058,0.3396
CLUBS FIVE DIAMONDS FOUR,0.6294,0.0054,0.3652
CLUBS FOUR DIAMONDS FOUR,0.4618,0.0052,0.533
CLUBS SEVEN DIAMONDS FOUR,0.718,0.028,0.254
CLUBS SIX DIAMONDS FOUR,0.6484,0.0034,0.3482
CLUBS NINE DIAMONDS FOUR,0.6548,0.004,0.3412
CLUBS EIGHT DIAMONDS FOUR,0.6414,0.0042,0.3544
HEARTS SEVEN DIAMONDS FOUR,0.7156,0.0292,0.2552
HEARTS SIX DIAMONDS FOUR,0.6436,0.0036,0.3528
DIAMONDS FOUR HEARTS NINE,0.6408,0.005,0.3542
DIAMONDS FOUR HEARTS EIGHT,0.6336,0.0042,0.3622
CLUBS THREE DIAMONDS FOUR,0.65,0.0062,0.3438
CLUBS TWO DIAMONDS FOUR,0.6434,0.0054,0.3512
DIAMONDS TEN DIAMONDS FIVE,0.6026,0.0054,0.392
DIAMONDS JACK DIAMONDS FIVE,0.6238,0.0036,0.3726
DIAMONDS NINE HEARTS QUEEN,0.5874,0.0048,0.4078
DIAMONDS NINE HEARTS KING,0.6078,0.0038,0.3884
HEARTS ACE DIAMONDS NINE,0.2386,0.166,0.5954
DIAMONDS NINE HEARTS TEN,0.5654,0.004,0.4306
DIAMONDS NINE HEARTS JACK,0.5782,0.0052,0.4166
CLUBS KING DIAMONDS SIX,0.655,0.0036,0.3414
CLUBS QUEEN DIAMONDS SIX,0.6458,0.0042,0.35
CLUBS ACE DIAMONDS SIX,0.4832,0.2922,0.2246
SPADES KING DIAMONDS FOUR,0.6388,0.0046,0.3566
SPADES QUEEN DIAMONDS FOUR,0.6334,0.0042,0.3624
CLUBS JACK DIAMONDS SIX,0.6432,0.0038,0.353
SPADES ACE DIAMONDS FOUR,0.456,0.306,0.238
CLUBS TEN DIAMONDS SIX,0.636,0.0046,0.3594
CLUBS NINE CLUBS FOUR,0.6144,0.0038,0.3818
CLUBS EIGHT CLUBS FOUR,0.596,0.0048,0.3992
SPADES JACK DIAMONDS FOUR,0.6334,0.0038,0.3628
SPADES TEN DIAMONDS FOUR,0.625,0.0062,0.3688
CLUBS FIVE CLUBS FOUR,0.5898,0.0044,0.4058
CLUBS SEVEN CLUBS FOUR,0.6758,0.0304,0.2938
CLUBS SIX CLUBS FOUR,0.603,0.0042,0.3928
CLUBS SEVEN SPADES EIGHT,0.6924,0.0198,0.2878
CLUBS SEVEN SPADES NINE,0.7002,0.0222,0.2776
CLUBS SEVEN SPADES SIX,0.7076,0.023,0.2694
CLUBS SEVEN SPADES FIVE,0.7052,0.0246,0.2702
CLUBS SEVEN SPADES FOUR,0.7306,0.0278,0.2416
CLUBS SEVEN SPADES THREE,0.7374,0.029,0.2336
CLUBS SEVEN SPADES TWO,0.751,0.031,0.218
CLUBS NINE CLUBS SEVEN,0.6504,0.02,0.3296
CLUBS SEVEN CLUBS EIGHT,0.648,0.0218,0.3302
HEARTS SIX DIAMONDS FIVE,0.6312,0.0058,0.363
HEARTS SEVEN DIAMONDS FIVE,0.7122,0.0256,0.2622
DIAMONDS FIVE HEARTS EIGHT,0.6234,0.0028,0.3738
DIAMONDS FIVE HEARTS NINE,0.6328,0.0044,0.3628
DIAMONDS QUEEN DIAMONDS FIVE,0.6062,0.0054,0.3884
HEARTS TWO DIAMONDS FIVE,0.6498,0.0038,0.3464
HEARTS KING HEARTS EIGHT,0.58,0.0024,0.4176
DIAMONDS KING DIAMONDS FIVE,0.608,0.0064,0.3856
HEARTS THREE DIAMONDS FIVE,0.6226,0.0052,0.3722
HEARTS QUEEN HEARTS EIGHT,0.5494,0.0042,0.4464
HEARTS FOUR DIAMONDS FIVE,0.6386,0.004,0.3574
HEARTS FIVE DIAMONDS FIVE,0.4628,0.004,0.5332
HEARTS ACE HEARTS EIGHT,0.1988,0.2256,0.5756
CLUBS FOUR DIAMONDS FIVE,0.63,0.006,0.364
CLUBS FIVE DIAMONDS FIVE,0.4482,0.0048,0.547
CLUBS SIX DIAMONDS FIVE,0.6346,0.0032,0.3622
CLUBS SEVEN DIAMONDS FIVE,0.7134,0.026,0.2606
CLUBS TWO DIAMONDS FIVE,0.6602,0.0044,0.3354
CLUBS THREE DIAMONDS FIVE,0.6418,0.0058,0.3524
SPADES THREE DIAMONDS FIVE,0.6554,0.0072,0.3374
SPADES TWO DIAMONDS FIVE,0.6652,0.0058,0.329
SPADES JACK DIAMONDS EIGHT,0.5878,0.0042,0.408
SPADES FIVE DIAMONDS FIVE,0.4388,0.0038,0.5574
CLUBS TEN HEARTS JACK,0.5594,0.0024,0.4382
SPADES TEN DIAMONDS EIGHT,0.578,0.0048,0.4172
SPADES FOUR DIAMONDS FIVE,0.6286,0.0058,0.3656
HEARTS JACK CLUBS JACK,0.3088,0.0042,0.687
HEARTS JACK CLUBS QUEEN,0.5578,0.0038,0.4384
CLUBS NINE DIAMONDS FIVE,0.637,0.0036,0.3594
CLUBS KING HEARTS JACK,0.5842,0.0032,0.4126
CLUBS EIGHT DIAMONDS FIVE,0.6242,0.0048,0.371
CLUBS ACE HEARTS JACK,0.2464,0.0956,0.658
SPADES KING DIAMONDS EIGHT,0.6158,0.004,0.3802
SPADES SIX DIAMONDS FIVE,0.6272,0.0046,0.3682
SPADES QUEEN DIAMONDS EIGHT,0.598,0.0022,0.3998
SPADES NINE DIAMONDS FIVE,0.632,0.0038,0.3642
SPADES EIGHT DIAMONDS FIVE,0.613,0.0038,0.3832
SPADES ACE DIAMONDS EIGHT,0.2302,0.231,0.5388
DIAMONDS TEN DIAMONDS SIX,0.6022,0.0024,0.3954
HEARTS ACE DIAMONDS SEVEN,0.0182,0.9704,0.0114
DIAMONDS JACK DIAMONDS SIX,0.61,0.0032,0.3868
HEARTS QUEEN DIAMONDS SEVEN,0.7478,0.0264,0.2258
HEARTS KING DIAMONDS SEVEN,0.7552,0.032,0.2128
HEARTS FOUR DIAMONDS SIX,0.6378,0.0048,0.3574
SPADES TWO HEARTS JACK,0.6526,0.0038,0.3436
HEARTS FIVE DIAMONDS SIX,0.6354,0.0042,0.3604
SPADES TWO HEARTS TEN,0.646,0.0046,0.3494
DIAMONDS QUEEN DIAMONDS SIX,0.608,0.0044,0.3876
HEARTS TWO DIAMONDS SIX,0.6736,0.0056,0.3208
DIAMONDS KING DIAMONDS SIX,0.6144,0.005,0.3806
HEARTS THREE DIAMONDS SIX,0.6544,0.0044,0.3412
HEARTS EIGHT DIAMONDS SIX,0.6142,0.004,0.3818
HEARTS NINE DIAMONDS SIX,0.6302,0.0042,0.3656
HEARTS SIX DIAMONDS SIX,0.4582,0.003,0.5388
HEARTS SEVEN DIAMONDS SIX,0.6884,0.028,0.2836
HEARTS TEN DIAMONDS SEVEN,0.7122,0.0236,0.2642
CLUBS TWO DIAMONDS SIX,0.6832,0.0056,0.3112
HEARTS JACK DIAMONDS SEVEN,0.7402,0.0232,0.2366
CLUBS THREE DIAMONDS SIX,0.6618,0.004,0.3342
CLUBS SEVEN DIAMONDS SIX,0.6972,0.0252,0.2776
DIAMONDS EIGHT CLUBS JACK,0.5994,0.004,0.3966
CLUBS SIX DIAMONDS SIX,0.4662,0.0038,0.53
CLUBS TEN DIAMONDS EIGHT,0.5926,0.0022,0.4052
CLUBS FIVE DIAMONDS SIX,0.6296,0.0054,0.365
CLUBS FOUR DIAMONDS SIX,0.6376,0.0054,0.357
HEARTS ACE HEARTS JACK,0.2344,0.0808,0.6848
DIAMONDS EIGHT CLUBS ACE,0.2202,0.2394,0.5404
HEARTS QUEEN HEARTS JACK,0.5294,0.0032,0.4674
DIAMONDS EIGHT CLUBS KING,0.6146,0.0042,0.3812
CLUBS NINE DIAMONDS SIX,0.6364,0.0044,0.3592
HEARTS KING HEARTS JACK,0.529,0.0044,0.4666
DIAMONDS EIGHT CLUBS QUEEN,0.5954,0.0038,0.4008
CLUBS EIGHT DIAMONDS SIX,0.6166,0.0036,0.3798
SPADES TEN HEARTS KING,0.5672,0.005,0.4278
SPADES FIVE DIAMONDS SIX,0.6428,0.0042,0.353
HEARTS ACE SPADES TWO,0.4778,0.2978,0.2244
SPADES JACK HEARTS KING,0.5704,0.006,0.4236
SPADES FOUR DIAMONDS SIX,0.6482,0.0056,0.3462
SPADES THREE DIAMONDS SIX,0.6596,0.0044,0.336
HEARTS QUEEN SPADES TWO,0.6346,0.005,0.3604
SPADES ACE SPADES KING,0.2472,0.0494,0.7034
SPADES TWO HEARTS KING,0.654,0.0036,0.3424
SPADES TWO DIAMONDS SIX,0.6854,0.0046,0.31
HEARTS TEN HEARTS EIGHT,0.5542,0.0026,0.4432
SPADES NINE DIAMONDS SIX,0.6292,0.0052,0.3656
HEARTS JACK HEARTS EIGHT,0.5436,0.0044,0.452
SPADES EIGHT DIAMONDS SIX,0.6254,0.0036,0.371
SPADES SIX DIAMONDS SIX,0.4608,0.0046,0.5346
SPADES KING HEARTS KING,0.2764,0.0046,0.719
SPADES QUEEN HEARTS KING,0.5674,0.003,0.4296
CLUBS ACE CLUBS KING,0.2336,0.0432,0.7232
SPADES ACE HEARTS KING,0.2594,0.0468,0.6938
SPADES ACE HEARTS JACK,0.2278,0.0898,0.6824
SPADES QUEEN HEARTS JACK,0.5582,0.0034,0.4384
SPADES KING HEARTS JACK,0.5604,0.004,0.4356
SPADES TEN DIAMONDS TEN,0.3232,0.0032,0.6736
SPADES JACK DIAMONDS TEN,0.5494,0.004,0.4466
SPADES ACE DIAMONDS TEN,0.2294,0.126,0.6446
SPADES JACK HEARTS JACK,0.3046,0.0024,0.693
SPADES TEN HEARTS JACK,0.5396,0.0026,0.4578
SPADES QUEEN DIAMONDS TEN,0.5756,0.005,0.4194
SPADES KING DIAMONDS TEN,0.5746,0.0042,0.4212
SPADES NINE DIAMONDS SEVEN,0.6998,0.0214,0.2788
SPADES EIGHT DIAMONDS SEVEN,0.6822,0.0242,0.2936
SPADES SIX DIAMONDS SEVEN,0.709,0.0242,0.2668
DIAMONDS KING DIAMONDS SEVEN,0.707,0.0266,0.2664
HEARTS THREE DIAMONDS SEVEN,0.7322,0.0328,0.235
HEARTS KING DIAMONDS FIVE,0.6396,0.0032,0.3572
DIAMONDS QUEEN DIAMONDS SEVEN,0.7152,0.0236,0.2612
HEARTS TWO DIAMONDS SEVEN,0.7668,0.0316,0.2016
HEARTS QUEEN DIAMONDS FIVE,0.641,0.0038,0.3552
HEARTS FIVE DIAMONDS SEVEN,0.7044,0.0282,0.2674
HEARTS FOUR DIAMONDS SEVEN,0.7292,0.0296,0.2412
HEARTS ACE DIAMONDS FIVE,0.4448,0.3078,0.2474
HEARTS SEVEN DIAMONDS SEVEN,0.303,0.0304,0.6666
HEARTS SIX DIAMONDS SEVEN,0.6986,0.0276,0.2738
DIAMONDS SEVEN HEARTS NINE,0.707,0.0188,0.2742
HEARTS EIGHT DIAMONDS SEVEN,0.6762,0.0186,0.3052
DIAMONDS JACK DIAMONDS SEVEN,0.706,0.0216,0.2724
DIAMONDS FIVE HEARTS JACK,0.6338,0.004,0.3622
DIAMONDS TEN DIAMONDS SEVEN,0.6852,0.026,0.2888
HEARTS TEN DIAMONDS FIVE,0.6444,0.004,0.3516
SPADES KING CLUBS TWO,0.6334,0.0044,0.3622
HEARTS KING CLUBS KING,0.2754,0.0032,0.7214
CLUBS EIGHT DIAMONDS SEVEN,0.699,0.0166,0.2844
SPADES QUEEN CLUBS TWO,0.6288,0.0062,0.365
HEARTS KING CLUBS QUEEN,0.5688,0.0032,0.428
CLUBS NINE DIAMONDS SEVEN,0.707,0.0202,0.2728
SPADES TWO CLUBS JACK,0.6498,0.004,0.3462
SPADES ACE CLUBS TWO,0.4646,0.3038,0.2316
CLUBS TEN SPADES TWO,0.6496,0.0034,0.347
HEARTS KING CLUBS ACE,0.2644,0.0488,0.6868
CLUBS SEVEN CLUBS SIX,0.6518,0.0272,0.321
SPADES TWO CLUBS KING,0.6416,0.0048,0.3536
SPADES TWO DIAMONDS SEVEN,0.7592,0.0336,0.2072
CLUBS EIGHT CLUBS SIX,0.5726,0.0028,0.4246
SPADES THREE DIAMONDS SEVEN,0.7516,0.0334,0.215
SPADES TWO CLUBS QUEEN,0.6404,0.004,0.3556
CLUBS NINE CLUBS SIX,0.6,0.002,0.398
SPADES FOUR DIAMONDS SEVEN,0.7362,0.0246,0.2392
HEARTS KING CLUBS JACK,0.5654,0.0052,0.4294
SPADES FIVE DIAMONDS SEVEN,0.7296,0.025,0.2454
SPADES TWO CLUBS ACE,0.4702,0.3044,0.2254
CLUBS TEN HEARTS KING,0.57,0.003,0.427
CLUBS SIX SPADES TWO,0.6694,0.0042,0.3264
CLUBS SIX SPADES THREE,0.659,0.0044,0.3366
CLUBS TWO DIAMONDS SEVEN,0.7614,0.032,0.2066
CLUBS SIX SPADES FOUR,0.6548,0.0034,0.3418
CLUBS THREE DIAMONDS SEVEN,0.736,0.0328,0.2312
CLUBS SIX SPADES FIVE,0.6258,0.0038,0.3704
CLUBS FOUR DIAMONDS SEVEN,0.7334,0.027,0.2396
CLUBS SIX SPADES SIX,0.4498,0.0026,0.5476
CLUBS FIVE DIAMONDS SEVEN,0.7162,0.0276,0.2562
CLUBS SIX DIAMONDS SEVEN,0.7092,0.0222,0.2686
CLUBS SIX SPADES EIGHT,0.6166,0.0036,0.3798
SPADES JACK CLUBS TWO,0.6432,0.0048,0.352
CLUBS SEVEN DIAMONDS SEVEN,0.3132,0.0258,0.661
SPADES NINE CLUBS SIX,0.6258,0.0028,0.3714
SPADES TEN CLUBS TWO,0.6404,0.0048,0.3548
CLUBS TWO CLUBS QUEEN,0.5964,0.004,0.3996
CLUBS TWO CLUBS KING,0.6034,0.0048,0.3918
CLUBS THREE DIAMONDS EIGHT,0.6572,0.0038,0.339
CLUBS TWO CLUBS ACE,0.4236,0.2916,0.2848
CLUBS TWO DIAMONDS EIGHT,0.644,0.006,0.35
HEARTS SEVEN DIAMONDS EIGHT,0.6862,0.021,0.2928
HEARTS SIX DIAMONDS EIGHT,0.6182,0.0058,0.376
DIAMONDS EIGHT HEARTS NINE,0.584,0.0042,0.4118
CLUBS TEN CLUBS TWO,0.595,0.0036,0.4014
DIAMONDS EIGHT HEARTS EIGHT,0.3458,0.0032,0.651
CLUBS TWO CLUBS JACK,0.5998,0.0046,0.3956
CLUBS NINE DIAMONDS EIGHT,0.5746,0.0048,0.4206
CLUBS EIGHT DIAMONDS EIGHT,0.3542,0.0036,0.6422
CLUBS FIVE DIAMONDS EIGHT,0.627,0.0044,0.3686
SPADES ACE SPADES THREE,0.4328,0.2934,0.2738
CLUBS FOUR DIAMONDS EIGHT,0.6402,0.0042,0.3556
CLUBS SEVEN DIAMONDS EIGHT,0.6898,0.0216,0.2886
SPADES QUEEN SPADES THREE,0.6192,0.0044,0.3764
CLUBS SIX DIAMONDS EIGHT,0.6098,0.0044,0.3858
SPADES KING SPADES THREE,0.6068,0.0058,0.3874
DIAMONDS QUEEN DIAMONDS EIGHT,0.562,0.0046,0.4334
HEARTS TWO DIAMONDS EIGHT,0.6494,0.0046,0.346
DIAMONDS KING DIAMONDS EIGHT,0.5734,0.0044,0.4222
HEARTS THREE DIAMONDS EIGHT,0.6428,0.0052,0.352
HEARTS FOUR DIAMONDS EIGHT,0.6322,0.0034,0.3644
HEARTS FIVE DIAMONDS EIGHT,0.6236,0.004,0.3724
DIAMONDS EIGHT DIAMONDS TEN,0.5444,0.0044,0.4512
DIAMONDS EIGHT DIAMONDS JACK,0.5714,0.0032,0.4254
SPADES JACK SPADES THREE,0.6118,0.0058,0.3824
SPADES TEN SPADES THREE,0.6058,0.005,0.3892
CLUBS FOUR HEARTS ACE,0.4576,0.2996,0.2428
CLUBS FOUR HEARTS QUEEN,0.653,0.0044,0.3426
CLUBS FOUR HEARTS KING,0.6186,0.0034,0.378
CLUBS SIX HEARTS TEN,0.626,0.0038,0.3702
CLUBS SIX HEARTS JACK,0.6464,0.0036,0.35
SPADES FOUR DIAMONDS EIGHT,0.6392,0.0042,0.3566
SPADES FIVE DIAMONDS EIGHT,0.6304,0.0042,0.3654
DIAMONDS EIGHT SPADES TWO,0.6572,0.003,0.3398
DIAMONDS EIGHT SPADES THREE,0.6548,0.0062,0.339
CLUBS FOUR HEARTS JACK,0.6434,0.0044,0.3522
SPADES EIGHT DIAMONDS EIGHT,0.3322,0.0058,0.662
SPADES TEN DIAMONDS QUEEN,0.566,0.0052,0.4288
SPADES TEN HEARTS TWO,0.628,0.0046,0.3674
SPADES JACK HEARTS EIGHT,0.5854,0.0052,0.4094
CLUBS FOUR HEARTS TEN,0.6506,0.004,0.3454
SPADES NINE DIAMONDS EIGHT,0.5872,0.0056,0.4072
SPADES TEN HEARTS EIGHT,0.5792,0.0044,0.4164
SPADES JACK HEARTS TWO,0.6376,0.005,0.3574
SPADES JACK DIAMONDS QUEEN,0.5644,0.005,0.4306
SPADES SIX DIAMONDS EIGHT,0.6272,0.0056,0.3672
SPADES ACE HEARTS TWO,0.4492,0.307,0.2438
SPADES ACE DIAMONDS QUEEN,0.2366,0.0748,0.6886
SPADES ACE HEARTS EIGHT,0.2254,0.2372,0.5374
SPADES KING HEARTS EIGHT,0.5952,0.0048,0.4
SPADES QUEEN HEARTS TWO,0.6304,0.0044,0.3652
SPADES QUEEN DIAMONDS QUEEN,0.2928,0.005,0.7022
SPADES KING DIAMONDS QUEEN,0.5726,0.0042,0.4232
SPADES KING HEARTS TWO,0.6418,0.0072,0.351
SPADES QUEEN HEARTS EIGHT,0.5898,0.0036,0.4066
CLUBS TWO HEARTS TEN,0.6356,0.0034,0.361
CLUBS TWO HEARTS JACK,0.6374,0.0038,0.3588
SPADES SIX DIAMONDS NINE,0.6354,0.0058,0.3588
SPADES NINE DIAMONDS NINE,0.3154,0.0034,0.6812
SPADES EIGHT DIAMONDS NINE,0.5632,0.0042,0.4326
SPADES TEN CLUBS KING,0.566,0.0034,0.4306
DIAMONDS NINE SPADES THREE,0.6342,0.0058,0.36
SPADES JACK CLUBS KING,0.57,0.0038,0.4262
DIAMONDS NINE SPADES TWO,0.6486,0.0068,0.3446
SPADES FIVE DIAMONDS NINE,0.638,0.0062,0.3558
DIAMONDS NINE SPADES FOUR,0.6642,0.004,0.3318
CLUBS NINE DIAMONDS NINE,0.3366,0.0032,0.6602
CLUBS EIGHT DIAMONDS NINE,0.5756,0.0034,0.421
CLUBS SIX DIAMONDS NINE,0.6242,0.0044,0.3714
SPADES JACK CLUBS FOUR,0.6206,0.0028,0.3766
CLUBS SEVEN DIAMONDS NINE,0.7002,0.0252,0.2746
SPADES TEN CLUBS FOUR,0.6294,0.005,0.3656
CLUBS FOUR DIAMONDS NINE,0.6496,0.0048,0.3456
CLUBS FIVE DIAMONDS NINE,0.6314,0.0048,0.3638
DIAMONDS NINE CLUBS TWO,0.6582,0.0058,0.336
CLUBS THREE DIAMONDS NINE,0.6468,0.0046,0.3486
DIAMONDS NINE HEARTS EIGHT,0.5746,0.0024,0.423
DIAMONDS NINE HEARTS NINE,0.3436,0.0022,0.6542
HEARTS SIX DIAMONDS NINE,0.6486,0.0044,0.347
HEARTS SEVEN DIAMONDS NINE,0.7008,0.025,0.2742
CLUBS NINE CLUBS EIGHT,0.5402,0.0038,0.456
HEARTS FOUR DIAMONDS NINE,0.644,0.0048,0.3512
HEARTS FIVE DIAMONDS NINE,0.6344,0.0038,0.3618
HEARTS ACE CLUBS TWO,0.462,0.2936,0.2444
SPADES ACE CLUBS FOUR,0.456,0.3036,0.2404
DIAMONDS QUEEN DIAMONDS NINE,0.5556,0.0034,0.441
HEARTS TWO DIAMONDS NINE,0.6482,0.0048,0.347
CLUBS TWO HEARTS KING,0.6542,0.0044,0.3414
SPADES KING CLUBS FOUR,0.618,0.0056,0.3764
DIAMONDS KING DIAMONDS NINE,0.569,0.0052,0.4258
HEARTS THREE DIAMONDS NINE,0.6374,0.0056,0.357
CLUBS TWO HEARTS QUEEN,0.6418,0.0044,0.3538
SPADES QUEEN CLUBS FOUR,0.6284,0.0056,0.366
DIAMONDS NINE DIAMONDS JACK,0.5438,0.0058,0.4504
CLUBS EIGHT SPADES NINE,0.5748,0.003,0.4222
DIAMONDS NINE DIAMONDS TEN,0.5494,0.0046,0.446
CLUBS EIGHT SPADES EIGHT,0.33,0.0032,0.6668
CLUBS EIGHT SPADES SIX,0.6138,0.003,0.3832
CLUBS EIGHT SPADES FIVE,0.6268,0.0042,0.369
CLUBS EIGHT SPADES FOUR,0.6408,0.0044,0.3548
CLUBS EIGHT SPADES THREE,0.6426,0.0034,0.354
CLUBS EIGHT SPADES TWO,0.666,0.0042,0.3298
HEARTS SIX DIAMONDS TEN,0.6408,0.004,0.3552
HEARTS SEVEN DIAMONDS TEN,0.7166,0.0272,0.2562
DIAMONDS TEN HEARTS EIGHT,0.5734,0.004,0.4226
CLUBS FOUR CLUBS JACK,0.5792,0.0064,0.4144
DIAMONDS TEN HEARTS NINE,0.5686,0.0028,0.4286
CLUBS TEN CLUBS FOUR,0.6006,0.0044,0.395
CLUBS FOUR CLUBS KING,0.5824,0.0032,0.4144
CLUBS FOUR CLUBS QUEEN,0.5904,0.0042,0.4054
CLUBS TWO DIAMONDS TEN,0.6406,0.0044,0.355
CLUBS THREE DIAMONDS TEN,0.6428,0.007,0.3502
CLUBS FOUR CLUBS ACE,0.4268,0.285,0.2882
DIAMONDS JACK DIAMONDS TEN,0.5306,0.0054,0.464
DIAMONDS QUEEN DIAMONDS TEN,0.5326,0.005,0.4624
HEARTS TWO DIAMONDS TEN,0.6314,0.0038,0.3648
DIAMONDS KING DIAMONDS TEN,0.5412,0.0042,0.4546
HEARTS THREE DIAMONDS TEN,0.6464,0.0044,0.3492
HEARTS FOUR DIAMONDS TEN,0.638,0.005,0.357
CLUBS EIGHT HEARTS JACK,0.5922,0.0028,0.405
HEARTS FIVE DIAMONDS TEN,0.6342,0.0044,0.3614
CLUBS EIGHT HEARTS TEN,0.578,0.0044,0.4176
CLUBS EIGHT HEARTS QUEEN,0.5966,0.003,0.4004
CLUBS EIGHT HEARTS KING,0.6012,0.0028,0.396
CLUBS EIGHT HEARTS ACE,0.2434,0.2228,0.5338
CLUBS NINE SPADES THREE,0.6412,0.0068,0.352
CLUBS NINE SPADES TWO,0.651,0.0022,0.3468
CLUBS NINE SPADES FIVE,0.6354,0.0044,0.3602
CLUBS NINE SPADES FOUR,0.6532,0.0048,0.342
CLUBS NINE SPADES SIX,0.6372,0.0036,0.3592
CLUBS NINE SPADES NINE,0.3226,0.0036,0.6738
CLUBS TEN HEARTS EIGHT,0.5728,0.0054,0.4218
CLUBS NINE SPADES EIGHT,0.5562,0.004,0.4398
HEARTS EIGHT CLUBS JACK,0.5966,0.0022,0.4012
CLUBS QUEEN HEARTS EIGHT,0.5934,0.004,0.4026
CLUBS KING HEARTS EIGHT,0.6024,0.0028,0.3948
CLUBS ACE HEARTS EIGHT,0.2294,0.229,0.5416
SPADES KING CLUBS KING,0.283,0.0036,0.7134
SPADES QUEEN CLUBS KING,0.5682,0.004,0.4278
SPADES ACE CLUBS KING,0.2376,0.0536,0.7088
HEARTS FOUR HEARTS TEN,0.6008,0.0044,0.3948
HEARTS FOUR HEARTS JACK,0.5976,0.0048,0.3976
SPADES KING CLUBS FIVE,0.6244,0.005,0.3706
SPADES QUEEN CLUBS FIVE,0.6258,0.0038,0.3704
SPADES ACE CLUBS FIVE,0.4498,0.2984,0.2518
HEARTS SEVEN DIAMONDS JACK,0.7174,0.0224,0.2602
HEARTS SIX DIAMONDS JACK,0.645,0.0028,0.3522
DIAMONDS JACK HEARTS NINE,0.5782,0.0038,0.418
DIAMONDS JACK HEARTS EIGHT,0.6076,0.004,0.3884
DIAMONDS KING DIAMONDS JACK,0.5574,0.006,0.4366
HEARTS THREE DIAMONDS JACK,0.6332,0.0036,0.3632
SPADES ACE SPADES SIX,0.4442,0.2898,0.266
HEARTS ACE SPADES FOUR,0.4682,0.2998,0.232
DIAMONDS QUEEN DIAMONDS JACK,0.5336,0.0062,0.4602
HEARTS TWO DIAMONDS JACK,0.6546,0.0068,0.3386
HEARTS FIVE DIAMONDS JACK,0.6524,0.0042,0.3434
SPADES QUEEN SPADES SIX,0.6002,0.0054,0.3944
SPADES FOUR HEARTS QUEEN,0.6302,0.0046,0.3652
HEARTS FOUR DIAMONDS JACK,0.6384,0.0068,0.3548
SPADES KING SPADES SIX,0.6066,0.004,0.3894
SPADES FOUR HEARTS KING,0.6474,0.006,0.3466
SPADES TEN SPADES SIX,0.5918,0.0024,0.4058
SPADES JACK SPADES SIX,0.615,0.0032,0.3818
SPADES FOUR DIAMONDS JACK,0.6508,0.0058,0.3434
SPADES FIVE DIAMONDS JACK,0.6304,0.0048,0.3648
DIAMONDS JACK SPADES TWO,0.6494,0.0048,0.3458
SPADES THREE DIAMONDS JACK,0.6342,0.0058,0.36
SPADES ACE DIAMONDS THREE,0.451,0.3144,0.2346
SPADES QUEEN DIAMONDS THREE,0.6368,0.0066,0.3566
CLUBS EIGHT DIAMONDS JACK,0.5894,0.0036,0.407
SPADES KING DIAMONDS THREE,0.647,0.0044,0.3486
CLUBS NINE DIAMONDS JACK,0.5896,0.0024,0.408
CLUBS SIX DIAMONDS JACK,0.6338,0.004,0.3622
CLUBS SEVEN DIAMONDS JACK,0.7254,0.0242,0.2504
CLUBS FOUR DIAMONDS JACK,0.6498,0.0028,0.3474
CLUBS FIVE DIAMONDS JACK,0.6348,0.0032,0.362
CLUBS TWO DIAMONDS JACK,0.629,0.0052,0.3658
CLUBS THREE DIAMONDS JACK,0.6468,0.005,0.3482
SPADES TEN CLUBS FIVE,0.6352,0.0054,0.3594
SPADES JACK HEARTS SIX,0.6256,0.0046,0.3698
HEARTS SIX SPADES TEN,0.6202,0.003,0.3768
SPADES JACK CLUBS FIVE,0.6456,0.0042,0.3502
SPADES JACK DIAMONDS THREE,0.6414,0.0044,0.3542
CLUBS SEVEN CLUBS ACE,0.019,0.912,0.069
DIAMONDS THREE SPADES TEN,0.638,0.0042,0.3578
CLUBS SEVEN CLUBS QUEEN,0.6976,0.0208,0.2816
CLUBS SEVEN CLUBS KING,0.6924,0.0292,0.2784
SPADES NINE DIAMONDS JACK,0.5782,0.0034,0.4184
CLUBS TEN CLUBS SEVEN,0.671,0.0164,0.3126
HEARTS FOUR HEARTS ACE,0.4182,0.2908,0.291
SPADES EIGHT DIAMONDS JACK,0.5874,0.0036,0.409
SPADES ACE HEARTS SIX,0.4718,0.3056,0.2226
CLUBS SEVEN CLUBS JACK,0.6834,0.022,0.2946
HEARTS FOUR HEARTS KING,0.613,0.0038,0.3832
SPADES KING HEARTS SIX,0.6198,0.005,0.3752
HEARTS FOUR HEARTS QUEEN,0.5952,0.0052,0.3996
SPADES SIX DIAMONDS JACK,0.6462,0.0048,0.349
SPADES QUEEN HEARTS SIX,0.6264,0.0026,0.371
SPADES TWO DIAMONDS TEN,0.651,0.0048,0.3442
SPADES THREE DIAMONDS TEN,0.6468,0.0058,0.3474
SPADES FOUR DIAMONDS TEN,0.639,0.0048,0.3562
SPADES FIVE DIAMONDS TEN,0.6474,0.0042,0.3484
SPADES SIX DIAMONDS TEN,0.6468,0.0044,0.3488
SPADES EIGHT DIAMONDS TEN,0.5754,0.0038,0.4208
SPADES NINE DIAMONDS TEN,0.576,0.0048,0.4192
CLUBS FOUR DIAMONDS TEN,0.6192,0.0048,0.376
CLUBS FIVE DIAMONDS TEN,0.6362,0.0028,0.361
CLUBS SIX DIAMONDS TEN,0.6306,0.0034,0.366
CLUBS SEVEN DIAMONDS TEN,0.709,0.0242,0.2668
CLUBS EIGHT DIAMONDS TEN,0.5816,0.0036,0.4148
CLUBS NINE DIAMONDS TEN,0.5694,0.0036,0.427
DIAMONDS THREE CLUBS JACK,0.645,0.0032,0.3518
CLUBS TEN DIAMONDS THREE,0.6434,0.0046,0.352
DIAMONDS THREE CLUBS KING,0.6576,0.0044,0.338
DIAMONDS THREE CLUBS QUEEN,0.6282,0.005,0.3668
DIAMONDS THREE CLUBS ACE,0.453,0.2912,0.2558
SPADES FOUR HEARTS JACK,0.6394,0.0034,0.3572
SPADES FOUR HEARTS TEN,0.632,0.0052,0.3628
SPADES FIVE SPADES TWO,0.6284,0.0034,0.3682
SPADES FOUR SPADES TWO,0.6314,0.005,0.3636
SPADES THREE SPADES TWO,0.6314,0.0074,0.3612
SPADES NINE SPADES TWO,0.6038,0.0078,0.3884
SPADES EIGHT SPADES TWO,0.5998,0.004,0.3962
SPADES SIX SPADES TWO,0.6318,0.0044,0.3638
DIAMONDS QUEEN CLUBS THREE,0.6344,0.0046,0.361
CLUBS THREE HEARTS TWO,0.6508,0.0056,0.3436
DIAMONDS QUEEN CLUBS TWO,0.638,0.0046,0.3574
HEARTS TWO CLUBS TWO,0.466,0.0056,0.5284
HEARTS SEVEN DIAMONDS QUEEN,0.7446,0.0266,0.2288
HEARTS SEVEN HEARTS TWO,0.7022,0.0286,0.2692
HEARTS SIX DIAMONDS QUEEN,0.636,0.0048,0.3592
HEARTS SIX HEARTS TWO,0.6198,0.005,0.3752
DIAMONDS QUEEN HEARTS NINE,0.5784,0.0036,0.418
HEARTS TWO HEARTS NINE,0.6084,0.0048,0.3868
DIAMONDS QUEEN HEARTS EIGHT,0.5924,0.0044,0.4032
HEARTS TWO HEARTS EIGHT,0.601,0.004,0.395
CLUBS NINE HEARTS TWO,0.6358,0.0064,0.3578
CLUBS NINE DIAMONDS QUEEN,0.5792,0.0034,0.4174
CLUBS EIGHT HEARTS TWO,0.6508,0.0032,0.346
CLUBS EIGHT DIAMONDS QUEEN,0.5986,0.0034,0.398
CLUBS FIVE DIAMONDS QUEEN,0.6382,0.0026,0.3592
CLUBS FIVE HEARTS TWO,0.654,0.006,0.34
SPADES EIGHT HEARTS ACE,0.228,0.226,0.546
DIAMONDS QUEEN CLUBS FOUR,0.6426,0.0048,0.3526
CLUBS FOUR HEARTS TWO,0.6498,0.0064,0.3438
CLUBS SEVEN DIAMONDS QUEEN,0.7416,0.0238,0.2346
CLUBS SEVEN HEARTS TWO,0.7424,0.0328,0.2248
SPADES EIGHT HEARTS QUEEN,0.5916,0.0042,0.4042
CLUBS SIX DIAMONDS QUEEN,0.6406,0.0042,0.3552
CLUBS SIX HEARTS TWO,0.6756,0.0058,0.3186
SPADES EIGHT HEARTS KING,0.6032,0.0044,0.3924
DIAMONDS QUEEN SPADES SIX,0.6442,0.0046,0.3512
SPADES SIX HEARTS TWO,0.6542,0.0068,0.339
HEARTS FOUR CLUBS QUEEN,0.6414,0.0026,0.356
HEARTS FOUR CLUBS KING,0.6368,0.0042,0.359
DIAMONDS QUEEN SPADES EIGHT,0.6042,0.005,0.3908
SPADES EIGHT HEARTS TWO,0.641,0.0048,0.3542
HEARTS FOUR CLUBS ACE,0.4568,0.3062,0.237
SPADES NINE DIAMONDS QUEEN,0.5664,0.0036,0.43
SPADES NINE HEARTS TWO,0.6478,0.0044,0.3478
HEARTS TWO SPADES TWO,0.4592,0.0062,0.5346
DIAMONDS QUEEN SPADES TWO,0.6562,0.005,0.3388
HEARTS TWO SPADES THREE,0.652,0.0056,0.3424
DIAMONDS QUEEN SPADES THREE,0.643,0.0042,0.3528
HEARTS TWO SPADES FOUR,0.653,0.0052,0.3418
DIAMONDS QUEEN SPADES FOUR,0.6408,0.0048,0.3544
CLUBS TEN HEARTS FOUR,0.6426,0.0038,0.3536
HEARTS TWO SPADES FIVE,0.6626,0.0032,0.3342
DIAMONDS QUEEN SPADES FIVE,0.641,0.0056,0.3534
HEARTS FOUR CLUBS JACK,0.6254,0.0032,0.3714
CLUBS FIVE CLUBS KING,0.6,0.004,0.396
CLUBS FIVE CLUBS QUEEN,0.5976,0.0036,0.3988
CLUBS FIVE CLUBS ACE,0.4364,0.278,0.2856
CLUBS FIVE CLUBS JACK,0.5922,0.004,0.4038
CLUBS TEN CLUBS FIVE,0.5956,0.0042,0.4002
SPADES KING CLUBS JACK,0.5696,0.0034,0.427
SPADES QUEEN CLUBS JACK,0.5514,0.0036,0.445
SPADES ACE CLUBS JACK,0.2354,0.0894,0.6752
SPADES SIX CLUBS KING,0.6458,0.0042,0.35
SPADES SIX CLUBS QUEEN,0.6332,0.0044,0.3624
SPADES EIGHT HEARTS JACK,0.586,0.0022,0.4118
SPADES SIX CLUBS ACE,0.4944,0.2888,0.2168
SPADES EIGHT HEARTS TEN,0.585,0.0022,0.4128
SPADES SIX CLUBS JACK,0.6422,0.0044,0.3534
CLUBS TEN SPADES SIX,0.6454,0.0036,0.351
SPADES TEN CLUBS JACK,0.5496,0.004,0.4464
SPADES JACK CLUBS JACK,0.3122,0.0038,0.684
SPADES QUEEN CLUBS SEVEN,0.7496,0.023,0.2274
SPADES KING CLUBS SEVEN,0.7404,0.0276,0.232
SPADES ACE CLUBS SEVEN,0.012,0.969,0.019
SPADES SIX HEARTS TEN,0.6404,0.003,0.3566
SPADES SIX HEARTS JACK,0.648,0.004,0.348
SPADES SIX HEARTS ACE,0.4684,0.312,0.2196
SPADES SIX HEARTS KING,0.644,0.003,0.353
SPADES SIX HEARTS QUEEN,0.6432,0.0034,0.3534
CLUBS SEVEN SPADES JACK,0.713,0.0284,0.2586
CLUBS SEVEN SPADES TEN,0.7126,0.0222,0.2652
CLUBS TEN HEARTS SIX,0.6316,0.003,0.3654
HEARTS SIX CLUBS JACK,0.6506,0.0036,0.3458
CLUBS ACE CLUBS JACK,0.2378,0.0796,0.6826
HEARTS SIX CLUBS QUEEN,0.6458,0.0026,0.3516
HEARTS SIX CLUBS KING,0.6336,0.0032,0.3632
HEARTS SIX CLUBS ACE,0.4716,0.2984,0.23
CLUBS QUEEN CLUBS JACK,0.5158,0.0056,0.4786
CLUBS KING CLUBS JACK,0.5324,0.0044,0.4632
DIAMONDS THREE HEARTS ACE,0.4592,0.296,0.2448
DIAMONDS THREE HEARTS QUEEN,0.6408,0.0046,0.3546
DIAMONDS THREE HEARTS KING,0.6462,0.0044,0.3494
CLUBS FIVE HEARTS JACK,0.6416,0.0026,0.3558
HEARTS FOUR SPADES TEN,0.6464,0.0052,0.3484
CLUBS FIVE HEARTS TEN,0.6286,0.0032,0.3682
HEARTS FOUR SPADES JACK,0.6408,0.0038,0.3554
SPADES ACE HEARTS FOUR,0.4558,0.3136,0.2306
CLUBS FIVE HEARTS ACE,0.4442,0.309,0.2468
CLUBS FIVE HEARTS KING,0.6282,0.0036,0.3682
HEARTS FOUR SPADES QUEEN,0.6298,0.004,0.3662
SPADES FOUR CLUBS JACK,0.6348,0.0042,0.361
CLUBS FIVE HEARTS QUEEN,0.6252,0.0044,0.3704
SPADES KING HEARTS FOUR,0.6186,0.0046,0.3768
CLUBS TEN SPADES FOUR,0.6472,0.003,0.3498
HEARTS FOUR DIAMONDS QUEEN,0.6396,0.006,0.3544
HEARTS FOUR HEARTS TWO,0.6228,0.0046,0.3726
DIAMONDS THREE HEARTS TEN,0.6432,0.0028,0.354
SPADES FOUR CLUBS KING,0.6456,0.0044,0.35
HEARTS FIVE DIAMONDS QUEEN,0.64,0.0048,0.3552
HEARTS FIVE HEARTS TWO,0.6132,0.0052,0.3816
DIAMONDS THREE HEARTS JACK,0.6498,0.0056,0.3446
SPADES FOUR CLUBS QUEEN,0.6362,0.0042,0.3596
DIAMONDS QUEEN HEARTS TWO,0.648,0.005,0.347
DIAMONDS KING DIAMONDS QUEEN,0.556,0.0062,0.4378
DIAMONDS KING HEARTS TWO,0.6372,0.0052,0.3576
DIAMONDS QUEEN HEARTS THREE,0.6318,0.0044,0.3638
HEARTS THREE HEARTS TWO,0.612,0.005,0.383
SPADES FOUR CLUBS ACE,0.4516,0.3042,0.2442
HEARTS TWO CLUBS ACE,0.4662,0.2956,0.2382
DIAMONDS QUEEN CLUBS ACE,0.2424,0.0552,0.7024
HEARTS TWO CLUBS QUEEN,0.6328,0.0042,0.363
DIAMONDS QUEEN CLUBS QUEEN,0.3076,0.0032,0.6892
HEARTS TWO CLUBS KING,0.6482,0.0026,0.3492
DIAMONDS QUEEN CLUBS KING,0.5778,0.0044,0.4178
SPADES EIGHT SPADES FIVE,0.5898,0.006,0.4042
CLUBS TEN HEARTS TWO,0.6436,0.006,0.3504
CLUBS TEN DIAMONDS QUEEN,0.5522,0.0064,0.4414
SPADES NINE SPADES FIVE,0.6032,0.0044,0.3924
HEARTS TWO CLUBS JACK,0.6448,0.0028,0.3524
DIAMONDS QUEEN CLUBS JACK,0.5518,0.0044,0.4438
SPADES SIX SPADES FIVE,0.5956,0.005,0.3994
DIAMONDS FIVE CLUBS QUEEN,0.6294,0.006,0.3646
SPADES EIGHT CLUBS ACE,0.2238,0.2302,0.546
DIAMONDS FIVE CLUBS KING,0.6328,0.0044,0.3628
SPADES EIGHT CLUBS KING,0.6148,0.0046,0.3806
CLUBS ACE DIAMONDS FIVE,0.4556,0.2972,0.2472
SPADES EIGHT CLUBS QUEEN,0.5758,0.0042,0.42
SPADES EIGHT CLUBS JACK,0.5766,0.003,0.4204
CLUBS TEN SPADES EIGHT,0.58,0.0042,0.4158
CLUBS TEN DIAMONDS FIVE,0.6438,0.0038,0.3524
DIAMONDS FIVE CLUBS JACK,0.6208,0.0046,0.3746
DIAMONDS TEN HEARTS JACK,0.5632,0.003,0.4338
DIAMONDS TEN HEARTS TEN,0.3184,0.0032,0.6784
SPADES ACE CLUBS NINE,0.226,0.1764,0.5976
CLUBS NINE SPADES QUEEN,0.5956,0.004,0.4004
CLUBS NINE SPADES KING,0.5878,0.0032,0.409
HEARTS SIX HEARTS KING,0.5944,0.0026,0.403
SPADES KING DIAMONDS SEVEN,0.741,0.0314,0.2276
HEARTS SIX HEARTS QUEEN,0.6038,0.0042,0.392
DIAMONDS KING SPADES SIX,0.6598,0.0054,0.3348
HEARTS THREE SPADES SIX,0.649,0.0056,0.3454
SPADES QUEEN DIAMONDS SEVEN,0.7516,0.0272,0.2212
DIAMONDS KING SPADES NINE,0.5968,0.005,0.3982
SPADES NINE HEARTS THREE,0.6388,0.0032,0.358
HEARTS SIX HEARTS ACE,0.4552,0.2762,0.2686
