opposingHand,winningChance,drawChance,lostChance
DIAMONDS TWO CLUBS THREE
HEARTS FIVE SPADES TEN,0.3536,0.032,0.6144
HEARTS FIVE SPADES JACK,0.3458,0.0176,0.6366
CLUBS JACK SPADES FIVE,0.3368,0.0222,0.641
CLUBS TEN SPADES FIVE,0.3398,0.0274,0.6328
CLUBS JACK CLUBS EIGHT,0.3196,0.021,0.6594
CLUBS TEN CLUBS EIGHT,0.3268,0.0266,0.6466
CLUBS EIGHT CLUBS KING,0.3214,0.0112,0.6674
SPADES FIVE CLUBS ACE,0.33,0.0072,0.6628
CLUBS EIGHT CLUBS QUEEN,0.3194,0.0124,0.6682
SPADES FIVE CLUBS KING,0.3308,0.0128,0.6564
SPADES FIVE CLUBS QUEEN,0.3394,0.0166,0.644
CLUBS EIGHT CLUBS ACE,0.3176,0.0066,0.6758
HEARTS FIVE SPADES KING,0.3416,0.01,0.6484
HEARTS FIVE SPADES QUEEN,0.3482,0.0144,0.6374
SPADES ACE HEARTS FIVE,0.325,0.0052,0.6698
DIAMONDS THREE DIAMONDS FOUR,0.2044,0.466,0.3296
CLUBS TWO SPADES FOUR,0.2228,0.505,0.2722
DIAMONDS THREE DIAMONDS FIVE,0.2138,0.3464,0.4398
SPADES FIVE CLUBS TWO,0.2144,0.375,0.4106
CLUBS TWO SPADES TWO,0.2294,0.1428,0.6278
CLUBS TWO SPADES THREE,0.0182,0.9692,0.0126
DIAMONDS THREE DIAMONDS EIGHT,0.2536,0.137,0.6094
SPADES EIGHT CLUBS TWO,0.26,0.1386,0.6014
DIAMONDS THREE DIAMONDS NINE,0.2388,0.1008,0.6604
SPADES NINE CLUBS TWO,0.271,0.102,0.627
DIAMONDS THREE DIAMONDS SIX,0.2492,0.266,0.4848
SPADES SIX CLUBS TWO,0.2442,0.2754,0.4804
DIAMONDS THREE DIAMONDS SEVEN,0.2244,0.1946,0.581
SPADES SEVEN CLUBS TWO,0.2448,0.2032,0.552
CLUBS SIX CLUBS TWO,0.2316,0.2668,0.5016
CLUBS SEVEN CLUBS TWO,0.2462,0.1878,0.566
CLUBS FOUR CLUBS TWO,0.2168,0.4828,0.3004
CLUBS FIVE CLUBS TWO,0.2222,0.3562,0.4216
CLUBS TEN CLUBS JACK,0.315,0.0174,0.6676
DIAMONDS FOUR DIAMONDS SIX,0.289,0.1462,0.5648
CLUBS TEN CLUBS QUEEN,0.3182,0.013,0.6688
DIAMONDS FOUR DIAMONDS SEVEN,0.3088,0.1034,0.5878
CLUBS TEN CLUBS KING,0.3178,0.01,0.6722
CLUBS TEN CLUBS ACE,0.322,0.0064,0.6716
CLUBS EIGHT CLUBS TWO,0.2498,0.1458,0.6044
DIAMONDS FOUR DIAMONDS FIVE,0.2738,0.227,0.4992
CLUBS NINE CLUBS TWO,0.2516,0.102,0.6464
DIAMONDS FOUR DIAMONDS NINE,0.3248,0.0438,0.6314
DIAMONDS FOUR DIAMONDS EIGHT,0.3294,0.073,0.5976
DIAMONDS NINE DIAMONDS FIVE,0.3296,0.0386,0.6318
DIAMONDS FIVE DIAMONDS EIGHT,0.3344,0.0704,0.5952
DIAMONDS FIVE DIAMONDS SEVEN,0.3022,0.0978,0.6
DIAMONDS SIX DIAMONDS FIVE,0.2906,0.1468,0.5626
DIAMONDS SIX DIAMONDS EIGHT,0.3182,0.0698,0.612
DIAMONDS NINE DIAMONDS SIX,0.3268,0.0444,0.6288
HEARTS ACE SPADES THREE,0.2474,0.018,0.7346
SPADES THREE HEARTS KING,0.2456,0.0336,0.7208
DIAMONDS SIX DIAMONDS SEVEN,0.3172,0.0946,0.5882
HEARTS QUEEN SPADES THREE,0.2524,0.0416,0.706
SPADES THREE HEARTS JACK,0.2662,0.06,0.6738
SPADES THREE HEARTS TEN,0.263,0.085,0.652
DIAMONDS EIGHT DIAMONDS SEVEN,0.2958,0.0598,0.6444
DIAMONDS NINE DIAMONDS SEVEN,0.3062,0.045,0.6488
DIAMONDS NINE DIAMONDS EIGHT,0.3092,0.0392,0.6516
DIAMONDS KING HEARTS TEN,0.3308,0.0078,0.6614
HEARTS THREE HEARTS TEN,0.2402,0.0764,0.6834
SPADES JACK CLUBS SIX,0.358,0.022,0.62
DIAMONDS KING HEARTS JACK,0.3326,0.0072,0.6602
HEARTS THREE HEARTS JACK,0.2458,0.0604,0.6938
SPADES TEN CLUBS SIX,0.3344,0.0334,0.6322
SPADES JACK SPADES FIVE,0.3268,0.0208,0.6524
SPADES TEN SPADES FIVE,0.321,0.0314,0.6476
DIAMONDS KING HEARTS ACE,0.344,0.0048,0.6512
HEARTS THREE HEARTS ACE,0.2178,0.0222,0.76
SPADES ACE CLUBS SIX,0.3438,0.0054,0.6508
DIAMONDS KING HEARTS QUEEN,0.3336,0.0096,0.6568
HEARTS THREE HEARTS QUEEN,0.2504,0.0386,0.711
SPADES KING CLUBS SIX,0.3444,0.01,0.6456
DIAMONDS KING HEARTS KING,0.1458,0.0206,0.8336
HEARTS THREE HEARTS KING,0.238,0.0266,0.7354
SPADES QUEEN CLUBS SIX,0.344,0.0114,0.6446
SPADES NINE HEARTS TEN,0.3222,0.0272,0.6506
SPADES NINE HEARTS JACK,0.334,0.0158,0.6502
SPADES QUEEN SPADES FIVE,0.3172,0.0152,0.6676
SPADES KING SPADES FIVE,0.3212,0.0084,0.6704
SPADES ACE SPADES FIVE,0.3014,0.0054,0.6932
SPADES NINE HEARTS QUEEN,0.3482,0.0146,0.6372
SPADES NINE HEARTS KING,0.3416,0.0074,0.651
SPADES NINE HEARTS ACE,0.348,0.0046,0.6474
CLUBS TEN SPADES JACK,0.3302,0.016,0.6538
CLUBS TEN SPADES TEN,0.1342,0.0622,0.8036
SPADES ACE CLUBS TEN,0.3244,0.0072,0.6684
CLUBS TEN SPADES KING,0.3342,0.0084,0.6574
CLUBS TEN SPADES QUEEN,0.335,0.0122,0.6528
SPADES FIVE HEARTS QUEEN,0.3388,0.0122,0.649
SPADES FIVE HEARTS KING,0.3454,0.0116,0.643
HEARTS ACE SPADES FIVE,0.3284,0.0066,0.665
CLUBS EIGHT SPADES TEN,0.322,0.028,0.65
SPADES JACK HEARTS THREE,0.2684,0.0544,0.6772
SPADES JACK DIAMONDS KING,0.3356,0.0086,0.6558
SPADES TEN DIAMONDS KING,0.32,0.0104,0.6696
SPADES TEN HEARTS THREE,0.2582,0.0768,0.665
CLUBS EIGHT SPADES JACK,0.3312,0.0182,0.6506
CLUBS SIX HEARTS ACE,0.3344,0.0052,0.6604
SPADES ACE CLUBS EIGHT,0.3378,0.0044,0.6578
HEARTS FIVE CLUBS JACK,0.3266,0.022,0.6514
CLUBS TEN HEARTS FIVE,0.3476,0.0312,0.6212
CLUBS SIX HEARTS QUEEN,0.3412,0.0136,0.6452
SPADES QUEEN CLUBS EIGHT,0.3346,0.0134,0.652
CLUBS TEN SPADES THREE,0.2406,0.0822,0.6772
CLUBS SIX HEARTS KING,0.3606,0.0086,0.6308
SPADES KING CLUBS EIGHT,0.3428,0.009,0.6482
CLUBS JACK SPADES THREE,0.2534,0.0634,0.6832
SPADES THREE CLUBS QUEEN,0.2464,0.0492,0.7044
SPADES THREE CLUBS KING,0.2512,0.0294,0.7194
HEARTS FIVE CLUBS ACE,0.315,0.0058,0.6792
SPADES FIVE HEARTS TEN,0.3486,0.0324,0.619
SPADES THREE CLUBS ACE,0.2356,0.0166,0.7478
HEARTS FIVE CLUBS KING,0.347,0.009,0.644
SPADES FIVE HEARTS JACK,0.339,0.0244,0.6366
HEARTS FIVE CLUBS QUEEN,0.3332,0.0162,0.6506
HEARTS THREE CLUBS KING,0.2418,0.029,0.7292
DIAMONDS KING CLUBS KING,0.1362,0.0218,0.842
HEARTS THREE CLUBS QUEEN,0.2358,0.0454,0.7188
DIAMONDS KING CLUBS QUEEN,0.3366,0.008,0.6554
HEARTS FIVE HEARTS JACK,0.324,0.024,0.652
HEARTS FIVE HEARTS TEN,0.3242,0.0288,0.647
HEARTS THREE CLUBS ACE,0.2286,0.0222,0.7492
DIAMONDS KING CLUBS ACE,0.3302,0.006,0.6638
SPADES ACE CLUBS QUEEN,0.3338,0.0044,0.6618
SPADES KING CLUBS QUEEN,0.3262,0.007,0.6668
CLUBS JACK HEARTS THREE,0.2344,0.0636,0.702
CLUBS JACK DIAMONDS KING,0.3318,0.0086,0.6596
SPADES QUEEN CLUBS QUEEN,0.1414,0.0346,0.824
CLUBS TEN HEARTS THREE,0.2608,0.0768,0.6624
CLUBS TEN DIAMONDS KING,0.3176,0.0098,0.6726
SPADES JACK CLUBS QUEEN,0.33,0.0128,0.6572
CLUBS SIX CLUBS QUEEN,0.3306,0.014,0.6554
SPADES TEN CLUBS QUEEN,0.3324,0.0124,0.6552
CLUBS SIX CLUBS KING,0.3194,0.008,0.6726
CLUBS SIX CLUBS ACE,0.3324,0.0062,0.6614
HEARTS FIVE HEARTS KING,0.3206,0.0094,0.67
HEARTS FIVE HEARTS QUEEN,0.3252,0.0154,0.6594
CLUBS TEN CLUBS SIX,0.3192,0.0298,0.651
HEARTS FIVE HEARTS ACE,0.3048,0.005,0.6902
CLUBS JACK CLUBS SIX,0.3322,0.018,0.6498
SPADES SEVEN HEARTS JACK,0.339,0.0208,0.6402
SPADES SEVEN HEARTS TEN,0.3338,0.034,0.6322
SPADES SEVEN HEARTS ACE,0.3332,0.0052,0.6616
SPADES SEVEN HEARTS KING,0.3424,0.0096,0.648
SPADES SEVEN HEARTS QUEEN,0.3478,0.0154,0.6368
CLUBS FOUR SPADES FIVE,0.2852,0.247,0.4678
CLUBS FOUR SPADES FOUR,0.1106,0.1702,0.7192
CLUBS FOUR SPADES THREE,0.227,0.4878,0.2852
CLUBS FOUR SPADES TWO,0.2124,0.5282,0.2594
SPADES NINE CLUBS FOUR,0.3372,0.0512,0.6116
SPADES EIGHT CLUBS FOUR,0.3338,0.075,0.5912
CLUBS FOUR SPADES SEVEN,0.3246,0.1028,0.5726
CLUBS FOUR SPADES SIX,0.3024,0.1704,0.5272
SPADES ACE DIAMONDS SIX,0.3434,0.0038,0.6528
SPADES QUEEN DIAMONDS SIX,0.3472,0.0132,0.6396
SPADES KING DIAMONDS SIX,0.3312,0.0104,0.6584
SPADES TEN DIAMONDS SIX,0.3356,0.0296,0.6348
SPADES JACK DIAMONDS SIX,0.3434,0.0202,0.6364
SPADES QUEEN SPADES TWO,0.2368,0.0356,0.7276
SPADES KING SPADES TWO,0.2466,0.029,0.7244
SPADES ACE SPADES TWO,0.2206,0.0158,0.7636
CLUBS JACK DIAMONDS JACK,0.1298,0.0536,0.8166
CLUBS TEN DIAMONDS JACK,0.3324,0.018,0.6496
DIAMONDS JACK CLUBS KING,0.3204,0.0078,0.6718
DIAMONDS JACK CLUBS QUEEN,0.323,0.0108,0.6662
DIAMONDS THREE DIAMONDS JACK,0.2516,0.0532,0.6952
DIAMONDS THREE DIAMONDS TEN,0.2556,0.0776,0.6668
DIAMONDS JACK CLUBS ACE,0.3268,0.0062,0.667
DIAMONDS THREE DIAMONDS KING,0.2398,0.0328,0.7274
DIAMONDS THREE HEARTS THREE,0.0688,0.1522,0.779
DIAMONDS THREE DIAMONDS QUEEN,0.244,0.0416,0.7144
DIAMONDS THREE HEARTS TWO,0.0116,0.9746,0.0138
HEARTS FIVE DIAMONDS THREE,0.2216,0.3744,0.404
DIAMONDS THREE DIAMONDS ACE,0.215,0.02,0.765
HEARTS FOUR DIAMONDS THREE,0.206,0.4936,0.3004
HEARTS SEVEN DIAMONDS THREE,0.235,0.2004,0.5646
SPADES TEN SPADES NINE,0.3134,0.023,0.6636
DIAMONDS THREE HEARTS SIX,0.2578,0.2772,0.465
SPADES JACK SPADES NINE,0.313,0.02,0.667
DIAMONDS THREE HEARTS NINE,0.2456,0.1038,0.6506
DIAMONDS FOUR HEARTS JACK,0.3358,0.0224,0.6418
HEARTS ACE HEARTS KING,0.322,0.0056,0.6724
SPADES TEN SPADES TWO,0.2426,0.0744,0.683
DIAMONDS THREE HEARTS EIGHT,0.2546,0.1536,0.5918
DIAMONDS FOUR HEARTS TEN,0.3298,0.0268,0.6434
SPADES JACK SPADES TWO,0.243,0.054,0.703
DIAMONDS FOUR HEARTS QUEEN,0.342,0.0132,0.6448
DIAMONDS FOUR HEARTS KING,0.3368,0.0102,0.653
SPADES ACE SPADES NINE,0.3292,0.0072,0.6636
DIAMONDS FOUR HEARTS ACE,0.3306,0.0052,0.6642
SPADES KING SPADES NINE,0.326,0.0082,0.6658
SPADES QUEEN SPADES NINE,0.3204,0.0132,0.6664
DIAMONDS THREE SPADES NINE,0.242,0.1034,0.6546
DIAMONDS THREE SPADES EIGHT,0.243,0.1468,0.6102
DIAMONDS THREE SPADES SEVEN,0.2334,0.2096,0.557
DIAMONDS THREE SPADES SIX,0.2382,0.2684,0.4934
DIAMONDS THREE CLUBS SIX,0.239,0.2702,0.4908
CLUBS SIX CLUBS FIVE,0.3054,0.1458,0.5488
DIAMONDS FOUR CLUBS ACE,0.3184,0.0074,0.6742
DIAMONDS THREE CLUBS SEVEN,0.2248,0.2106,0.5646
CLUBS SEVEN CLUBS FIVE,0.3102,0.102,0.5878
DIAMONDS THREE CLUBS FOUR,0.2052,0.5004,0.2944
DIAMONDS FOUR CLUBS QUEEN,0.339,0.0168,0.6442
DIAMONDS THREE CLUBS FIVE,0.2004,0.3832,0.4164
DIAMONDS FOUR CLUBS KING,0.3342,0.0102,0.6556
DIAMONDS THREE CLUBS TWO,0.0098,0.9862,0.004
CLUBS TEN DIAMONDS FOUR,0.3302,0.031,0.6388
CLUBS JACK DIAMONDS FOUR,0.3348,0.0228,0.6424
DIAMONDS THREE SPADES FOUR,0.2178,0.4954,0.2868
DIAMONDS THREE SPADES FIVE,0.211,0.379,0.41
DIAMONDS THREE SPADES TWO,0.01,0.9728,0.0172
DIAMONDS THREE SPADES THREE,0.0746,0.151,0.7744
CLUBS EIGHT DIAMONDS THREE,0.2506,0.1526,0.5968
DIAMONDS THREE CLUBS NINE,0.2502,0.1114,0.6384
SPADES SEVEN CLUBS ACE,0.3286,0.0018,0.6696
SPADES SEVEN CLUBS QUEEN,0.3428,0.0128,0.6444
SPADES SEVEN CLUBS KING,0.3306,0.0094,0.66
SPADES SEVEN CLUBS FIVE,0.318,0.1052,0.5768
CLUBS TEN SPADES SEVEN,0.3354,0.0302,0.6344
CLUBS FIVE SPADES SIX,0.3066,0.152,0.5414
CLUBS JACK SPADES SEVEN,0.3404,0.0168,0.6428
SPADES NINE CLUBS FIVE,0.3322,0.0514,0.6164
SPADES EIGHT CLUBS FIVE,0.323,0.067,0.61
CLUBS FIVE SPADES THREE,0.2078,0.3742,0.418
CLUBS FIVE SPADES TWO,0.2178,0.3808,0.4014
CLUBS FIVE SPADES FIVE,0.1066,0.1396,0.7538
CLUBS FIVE SPADES FOUR,0.2886,0.2384,0.473
CLUBS NINE CLUBS FIVE,0.3182,0.0476,0.6342
CLUBS EIGHT CLUBS FIVE,0.3236,0.0666,0.6098
CLUBS ACE CLUBS QUEEN,0.3264,0.0066,0.667
CLUBS KING CLUBS QUEEN,0.3134,0.0102,0.6764
DIAMONDS FOUR DIAMONDS TEN,0.3286,0.025,0.6464
CLUBS TEN DIAMONDS NINE,0.3288,0.023,0.6482
DIAMONDS FOUR DIAMONDS JACK,0.3226,0.0236,0.6538
CLUBS JACK DIAMONDS NINE,0.338,0.0174,0.6446
CLUBS JACK SPADES NINE,0.3352,0.0172,0.6476
CLUBS TEN SPADES NINE,0.3382,0.0216,0.6402
DIAMONDS FOUR DIAMONDS ACE,0.3046,0.0048,0.6906
HEARTS FOUR DIAMONDS FOUR,0.1018,0.1658,0.7324
DIAMONDS JACK HEARTS TEN,0.336,0.0152,0.6488
SPADES NINE CLUBS KING,0.3248,0.0094,0.6658
DIAMONDS NINE CLUBS ACE,0.3346,0.0054,0.66
HEARTS FIVE DIAMONDS FOUR,0.2984,0.2342,0.4674
DIAMONDS JACK HEARTS JACK,0.143,0.0494,0.8076
SPADES NINE CLUBS QUEEN,0.338,0.0126,0.6494
DIAMONDS FOUR DIAMONDS QUEEN,0.3258,0.0144,0.6598
DIAMONDS FOUR HEARTS TWO,0.221,0.5036,0.2754
DIAMONDS NINE CLUBS QUEEN,0.3306,0.0116,0.6578
DIAMONDS FOUR DIAMONDS KING,0.323,0.012,0.665
DIAMONDS FOUR HEARTS THREE,0.2146,0.5028,0.2826
SPADES NINE CLUBS ACE,0.3366,0.0042,0.6592
DIAMONDS NINE CLUBS KING,0.3312,0.0108,0.658
HEARTS ACE DIAMONDS JACK,0.3392,0.0046,0.6562
HEARTS QUEEN DIAMONDS JACK,0.3258,0.011,0.6632
HEARTS KING DIAMONDS JACK,0.3326,0.0096,0.6578
SPADES JACK SPADES SEVEN,0.3166,0.0236,0.6598
SPADES TEN SPADES SEVEN,0.3102,0.0264,0.6634
DIAMONDS FOUR SPADES TWO,0.2258,0.506,0.2682
DIAMONDS FOUR SPADES THREE,0.2102,0.5092,0.2806
DIAMONDS FOUR SPADES FOUR,0.1082,0.1718,0.72
DIAMONDS FOUR SPADES FIVE,0.2864,0.2352,0.4784
DIAMONDS FOUR SPADES SIX,0.3188,0.157,0.5242
DIAMONDS FOUR SPADES SEVEN,0.3226,0.1034,0.574
DIAMONDS FOUR SPADES EIGHT,0.3372,0.0768,0.586
DIAMONDS FOUR SPADES NINE,0.3442,0.0466,0.6092
DIAMONDS FOUR CLUBS FIVE,0.2808,0.2494,0.4698
DIAMONDS FOUR CLUBS FOUR,0.0948,0.173,0.7322
DIAMONDS FOUR CLUBS SEVEN,0.31,0.111,0.579
DIAMONDS FOUR CLUBS SIX,0.313,0.162,0.525
CLUBS NINE DIAMONDS FOUR,0.3384,0.0522,0.6094
CLUBS EIGHT DIAMONDS FOUR,0.3226,0.07,0.6074
HEARTS SEVEN DIAMONDS FOUR,0.3214,0.1136,0.565
HEARTS SIX DIAMONDS FOUR,0.3218,0.1568,0.5214
DIAMONDS FOUR HEARTS NINE,0.346,0.052,0.602
DIAMONDS FOUR HEARTS EIGHT,0.3408,0.0674,0.5918
DIAMONDS FOUR CLUBS TWO,0.2178,0.5204,0.2618
DIAMONDS TEN DIAMONDS FIVE,0.3306,0.0342,0.6352
DIAMONDS JACK DIAMONDS FIVE,0.325,0.0194,0.6556
DIAMONDS NINE HEARTS QUEEN,0.328,0.0108,0.6612
DIAMONDS NINE HEARTS KING,0.3378,0.0086,0.6536
HEARTS ACE DIAMONDS NINE,0.3368,0.0062,0.657
DIAMONDS NINE HEARTS TEN,0.3296,0.0222,0.6482
DIAMONDS NINE HEARTS JACK,0.344,0.0146,0.6414
DIAMONDS SIX CLUBS KING,0.3384,0.011,0.6506
DIAMONDS SIX CLUBS QUEEN,0.3306,0.012,0.6574
DIAMONDS SIX CLUBS ACE,0.3392,0.0054,0.6554
SPADES KING DIAMONDS FOUR,0.3332,0.0112,0.6556
SPADES ACE SPADES SEVEN,0.3186,0.0052,0.6762
SPADES QUEEN DIAMONDS FOUR,0.348,0.0144,0.6376
SPADES QUEEN SPADES SEVEN,0.3204,0.011,0.6686
CLUBS JACK DIAMONDS SIX,0.3428,0.0216,0.6356
SPADES KING SPADES SEVEN,0.3212,0.0086,0.6702
SPADES ACE DIAMONDS FOUR,0.3208,0.006,0.6732
CLUBS TEN DIAMONDS SIX,0.3376,0.0272,0.6352
CLUBS NINE CLUBS FOUR,0.3288,0.0474,0.6238
CLUBS EIGHT CLUBS FOUR,0.3236,0.0718,0.6046
SPADES JACK DIAMONDS FOUR,0.345,0.0196,0.6354
DIAMONDS FOUR SPADES TEN,0.3434,0.0302,0.6264
CLUBS FOUR CLUBS FIVE,0.2814,0.225,0.4936
CLUBS SEVEN CLUBS FOUR,0.3176,0.1016,0.5808
CLUBS SIX CLUBS FOUR,0.2986,0.1564,0.545
CLUBS SEVEN SPADES EIGHT,0.3058,0.0632,0.631
SPADES NINE CLUBS SEVEN,0.315,0.043,0.642
CLUBS SEVEN SPADES SIX,0.3258,0.0942,0.58
CLUBS SEVEN SPADES SEVEN,0.1318,0.116,0.7522
CLUBS SEVEN SPADES FIVE,0.313,0.108,0.579
CLUBS SEVEN SPADES FOUR,0.3104,0.1048,0.5848
CLUBS SEVEN SPADES THREE,0.236,0.1934,0.5706
CLUBS SEVEN SPADES TWO,0.25,0.19,0.56
CLUBS NINE CLUBS SEVEN,0.3154,0.04,0.6446
CLUBS EIGHT CLUBS SEVEN,0.3,0.0514,0.6486
HEARTS SIX DIAMONDS FIVE,0.3172,0.1582,0.5246
HEARTS SEVEN DIAMONDS FIVE,0.3232,0.1074,0.5694
DIAMONDS FIVE HEARTS EIGHT,0.3392,0.0702,0.5906
DIAMONDS FIVE HEARTS NINE,0.3382,0.0466,0.6152
DIAMONDS QUEEN DIAMONDS FIVE,0.3178,0.0142,0.668
HEARTS TWO DIAMONDS FIVE,0.2146,0.3792,0.4062
HEARTS KING HEARTS EIGHT,0.3184,0.0074,0.6742
DIAMONDS KING DIAMONDS FIVE,0.3326,0.0104,0.657
HEARTS THREE DIAMONDS FIVE,0.2076,0.3848,0.4076
HEARTS QUEEN HEARTS EIGHT,0.3086,0.0156,0.6758
DIAMONDS ACE DIAMONDS FIVE,0.3052,0.0054,0.6894
HEARTS FOUR DIAMONDS FIVE,0.291,0.2412,0.4678
HEARTS FIVE DIAMONDS FIVE,0.1088,0.1482,0.743
HEARTS ACE HEARTS EIGHT,0.32,0.004,0.676
CLUBS FOUR DIAMONDS FIVE,0.2994,0.2424,0.4582
CLUBS FIVE DIAMONDS FIVE,0.1028,0.153,0.7442
CLUBS SIX DIAMONDS FIVE,0.3034,0.1538,0.5428
CLUBS SEVEN DIAMONDS FIVE,0.32,0.1098,0.5702
CLUBS TWO DIAMONDS FIVE,0.2196,0.3836,0.3968
SPADES THREE DIAMONDS FIVE,0.2112,0.376,0.4128
SPADES TWO DIAMONDS FIVE,0.2102,0.3866,0.4032
SPADES JACK DIAMONDS EIGHT,0.3164,0.0176,0.666
SPADES FIVE DIAMONDS FIVE,0.1152,0.156,0.7288
CLUBS TEN HEARTS JACK,0.3314,0.0172,0.6514
SPADES TEN DIAMONDS EIGHT,0.3246,0.0282,0.6472
SPADES FOUR DIAMONDS FIVE,0.3016,0.2334,0.465
CLUBS JACK HEARTS JACK,0.1336,0.058,0.8084
HEARTS JACK CLUBS QUEEN,0.3354,0.0092,0.6554
CLUBS NINE DIAMONDS FIVE,0.33,0.0474,0.6226
CLUBS EIGHT DIAMONDS FIVE,0.3172,0.0666,0.6162
HEARTS JACK CLUBS KING,0.336,0.0098,0.6542
CLUBS ACE HEARTS JACK,0.3364,0.0062,0.6574
SPADES SEVEN DIAMONDS FIVE,0.318,0.1006,0.5814
SPADES KING DIAMONDS EIGHT,0.3398,0.0094,0.6508
SPADES QUEEN DIAMONDS EIGHT,0.3304,0.0134,0.6562
SPADES SIX DIAMONDS FIVE,0.3066,0.1556,0.5378
SPADES NINE DIAMONDS FIVE,0.3404,0.0452,0.6144
SPADES EIGHT DIAMONDS FIVE,0.3212,0.068,0.6108
SPADES ACE DIAMONDS EIGHT,0.3498,0.0042,0.646
DIAMONDS TEN DIAMONDS SIX,0.3252,0.0284,0.6464
HEARTS ACE DIAMONDS SEVEN,0.3492,0.005,0.6458
DIAMONDS JACK DIAMONDS SIX,0.3252,0.0174,0.6574
HEARTS QUEEN DIAMONDS SEVEN,0.3412,0.014,0.6448
HEARTS KING DIAMONDS SEVEN,0.3372,0.0084,0.6544
DIAMONDS ACE DIAMONDS SIX,0.3298,0.0062,0.664
HEARTS FOUR DIAMONDS SIX,0.3182,0.1682,0.5136
SPADES TWO HEARTS JACK,0.257,0.0592,0.6838
HEARTS FIVE DIAMONDS SIX,0.3218,0.1612,0.517
SPADES TWO HEARTS TEN,0.2626,0.079,0.6584
DIAMONDS QUEEN DIAMONDS SIX,0.3294,0.0134,0.6572
HEARTS TWO DIAMONDS SIX,0.2456,0.2662,0.4882
DIAMONDS KING DIAMONDS SIX,0.325,0.009,0.666
HEARTS THREE DIAMONDS SIX,0.2384,0.258,0.5036
DIAMONDS SIX HEARTS EIGHT,0.3366,0.0668,0.5966
DIAMONDS SIX HEARTS NINE,0.3334,0.0428,0.6238
HEARTS SIX DIAMONDS SIX,0.1304,0.1364,0.7332
HEARTS SEVEN DIAMONDS SIX,0.3232,0.099,0.5778
HEARTS TEN DIAMONDS SEVEN,0.3372,0.03,0.6328
CLUBS TWO DIAMONDS SIX,0.242,0.2826,0.4754
HEARTS JACK DIAMONDS SEVEN,0.3484,0.0198,0.6318
CLUBS SEVEN DIAMONDS SIX,0.3106,0.0952,0.5942
CLUBS JACK DIAMONDS EIGHT,0.333,0.0208,0.6462
CLUBS SIX DIAMONDS SIX,0.1192,0.1352,0.7456
CLUBS TEN DIAMONDS EIGHT,0.323,0.0292,0.6478
CLUBS FIVE DIAMONDS SIX,0.2926,0.161,0.5464
CLUBS FOUR DIAMONDS SIX,0.3048,0.1586,0.5366
HEARTS ACE HEARTS JACK,0.3216,0.006,0.6724
CLUBS ACE DIAMONDS EIGHT,0.3292,0.0056,0.6652
HEARTS QUEEN HEARTS JACK,0.3124,0.0132,0.6744
CLUBS KING DIAMONDS EIGHT,0.3244,0.0122,0.6634
CLUBS NINE DIAMONDS SIX,0.3192,0.045,0.6358
HEARTS KING HEARTS JACK,0.321,0.0062,0.6728
CLUBS EIGHT DIAMONDS SIX,0.3252,0.068,0.6068
DIAMONDS EIGHT CLUBS QUEEN,0.3264,0.0142,0.6594
SPADES TEN HEARTS KING,0.3342,0.0086,0.6572
SPADES FIVE DIAMONDS SIX,0.2984,0.158,0.5436
HEARTS ACE SPADES TWO,0.2426,0.0134,0.744
SPADES JACK HEARTS KING,0.3438,0.009,0.6472
SPADES FOUR DIAMONDS SIX,0.3144,0.1632,0.5224
SPADES THREE DIAMONDS SIX,0.2438,0.2836,0.4726
HEARTS QUEEN SPADES TWO,0.2496,0.0412,0.7092
SPADES ACE SPADES KING,0.3158,0.0042,0.68
HEARTS KING SPADES TWO,0.2656,0.0278,0.7066
SPADES TWO DIAMONDS SIX,0.2504,0.271,0.4786
HEARTS TEN HEARTS EIGHT,0.3018,0.026,0.6722
SPADES NINE DIAMONDS SIX,0.3416,0.047,0.6114
HEARTS JACK HEARTS EIGHT,0.3088,0.017,0.6742
SPADES EIGHT DIAMONDS SIX,0.332,0.0568,0.6112
SPADES SEVEN DIAMONDS SIX,0.3212,0.0992,0.5796
SPADES SIX DIAMONDS SIX,0.1328,0.1276,0.7396
SPADES KING HEARTS KING,0.1442,0.0194,0.8364
SPADES QUEEN HEARTS KING,0.3452,0.0082,0.6466
CLUBS ACE CLUBS KING,0.3216,0.0096,0.6688
SPADES ACE HEARTS KING,0.3434,0.007,0.6496
SPADES ACE HEARTS JACK,0.3548,0.0052,0.64
SPADES QUEEN HEARTS JACK,0.3284,0.0112,0.6604
SPADES KING HEARTS JACK,0.3546,0.008,0.6374
SPADES TEN DIAMONDS TEN,0.1414,0.0734,0.7852
SPADES JACK DIAMONDS TEN,0.3332,0.0144,0.6524
SPADES ACE DIAMONDS TEN,0.3298,0.0036,0.6666
SPADES JACK HEARTS JACK,0.1552,0.054,0.7908
SPADES TEN HEARTS JACK,0.3394,0.0152,0.6454
SPADES QUEEN DIAMONDS TEN,0.327,0.0156,0.6574
SPADES KING DIAMONDS TEN,0.3324,0.0082,0.6594
SPADES NINE DIAMONDS SEVEN,0.3236,0.0416,0.6348
SPADES EIGHT DIAMONDS SEVEN,0.3088,0.0618,0.6294
SPADES SEVEN DIAMONDS SEVEN,0.132,0.1184,0.7496
SPADES SIX DIAMONDS SEVEN,0.3346,0.0964,0.569
DIAMONDS KING DIAMONDS SEVEN,0.3196,0.0106,0.6698
HEARTS THREE DIAMONDS SEVEN,0.224,0.21,0.566
HEARTS KING DIAMONDS FIVE,0.327,0.009,0.664
DIAMONDS QUEEN DIAMONDS SEVEN,0.3294,0.0116,0.659
HEARTS TWO DIAMONDS SEVEN,0.25,0.2052,0.5448
HEARTS QUEEN DIAMONDS FIVE,0.3274,0.0174,0.6552
HEARTS FIVE DIAMONDS SEVEN,0.314,0.1118,0.5742
DIAMONDS ACE DIAMONDS SEVEN,0.3114,0.0054,0.6832
HEARTS FOUR DIAMONDS SEVEN,0.3206,0.1086,0.5708
HEARTS ACE DIAMONDS FIVE,0.327,0.0036,0.6694
HEARTS SEVEN DIAMONDS SEVEN,0.1304,0.1228,0.7468
HEARTS SIX DIAMONDS SEVEN,0.3188,0.0944,0.5868
HEARTS NINE DIAMONDS SEVEN,0.326,0.0454,0.6286
HEARTS EIGHT DIAMONDS SEVEN,0.3138,0.0628,0.6234
DIAMONDS JACK DIAMONDS SEVEN,0.3256,0.0186,0.6558
HEARTS JACK DIAMONDS FIVE,0.3204,0.0216,0.658
DIAMONDS TEN DIAMONDS SEVEN,0.3208,0.0308,0.6484
HEARTS TEN DIAMONDS FIVE,0.3326,0.032,0.6354
CLUBS EIGHT DIAMONDS SEVEN,0.3038,0.063,0.6332
SPADES KING CLUBS TWO,0.2542,0.0306,0.7152
HEARTS KING CLUBS KING,0.1392,0.0208,0.84
SPADES QUEEN CLUBS TWO,0.2574,0.0402,0.7024
HEARTS KING CLUBS QUEEN,0.334,0.0084,0.6576
CLUBS NINE DIAMONDS SEVEN,0.3348,0.0438,0.6214
CLUBS JACK SPADES TWO,0.2562,0.055,0.6888
CLUBS SIX CLUBS SEVEN,0.2986,0.0934,0.608
SPADES ACE CLUBS TWO,0.2376,0.0182,0.7442
CLUBS TEN SPADES TWO,0.2488,0.069,0.6822
HEARTS KING CLUBS ACE,0.3434,0.0036,0.653
SPADES TWO CLUBS KING,0.258,0.026,0.716
SPADES TWO DIAMONDS SEVEN,0.254,0.1964,0.5496
CLUBS EIGHT CLUBS SIX,0.3182,0.0594,0.6224
SPADES THREE DIAMONDS SEVEN,0.2318,0.209,0.5592
SPADES TWO CLUBS QUEEN,0.2444,0.0434,0.7122
CLUBS NINE CLUBS SIX,0.322,0.0458,0.6322
SPADES FOUR DIAMONDS SEVEN,0.3266,0.112,0.5614
CLUBS JACK HEARTS KING,0.3332,0.0086,0.6582
SPADES FIVE DIAMONDS SEVEN,0.329,0.0972,0.5738
SPADES TWO CLUBS ACE,0.24,0.0162,0.7438
CLUBS TEN HEARTS KING,0.325,0.0092,0.6658
CLUBS SIX SPADES TWO,0.2408,0.273,0.4862
CLUBS SIX SPADES THREE,0.2402,0.2746,0.4852
CLUBS TWO DIAMONDS SEVEN,0.2566,0.205,0.5384
CLUBS SIX SPADES FOUR,0.3194,0.1556,0.525
CLUBS SIX SPADES FIVE,0.3148,0.1546,0.5306
CLUBS FOUR DIAMONDS SEVEN,0.331,0.108,0.561
CLUBS SIX SPADES SIX,0.1238,0.1292,0.747
CLUBS FIVE DIAMONDS SEVEN,0.3148,0.101,0.5842
CLUBS SIX SPADES SEVEN,0.3292,0.0972,0.5736
CLUBS SIX DIAMONDS SEVEN,0.3132,0.1014,0.5854
CLUBS SIX SPADES EIGHT,0.3382,0.065,0.5968
SPADES JACK CLUBS TWO,0.2714,0.0554,0.6732
CLUBS SEVEN DIAMONDS SEVEN,0.1284,0.112,0.7596
CLUBS SIX SPADES NINE,0.3352,0.0434,0.6214
SPADES TEN CLUBS TWO,0.2604,0.0722,0.6674
CLUBS TWO CLUBS QUEEN,0.2436,0.038,0.7184
CLUBS TWO CLUBS KING,0.2508,0.0262,0.723
CLUBS TWO CLUBS ACE,0.2344,0.0166,0.749
CLUBS TWO DIAMONDS EIGHT,0.2456,0.1486,0.6058
HEARTS SEVEN DIAMONDS EIGHT,0.3164,0.0562,0.6274
HEARTS SIX DIAMONDS EIGHT,0.3348,0.0686,0.5966
DIAMONDS EIGHT HEARTS NINE,0.3214,0.042,0.6366
CLUBS TEN CLUBS TWO,0.2516,0.0694,0.679
HEARTS EIGHT DIAMONDS EIGHT,0.1392,0.101,0.7598
CLUBS JACK CLUBS TWO,0.2476,0.053,0.6994
CLUBS NINE DIAMONDS EIGHT,0.328,0.0422,0.6298
CLUBS EIGHT DIAMONDS EIGHT,0.1252,0.1042,0.7706
CLUBS FIVE DIAMONDS EIGHT,0.3182,0.0676,0.6142
SPADES ACE SPADES THREE,0.231,0.0202,0.7488
CLUBS FOUR DIAMONDS EIGHT,0.3246,0.0712,0.6042
CLUBS SEVEN DIAMONDS EIGHT,0.2998,0.0648,0.6354
SPADES QUEEN SPADES THREE,0.2382,0.0434,0.7184
CLUBS SIX DIAMONDS EIGHT,0.3268,0.0642,0.609
SPADES KING SPADES THREE,0.2372,0.0304,0.7324
DIAMONDS QUEEN DIAMONDS EIGHT,0.321,0.0108,0.6682
HEARTS TWO DIAMONDS EIGHT,0.2526,0.1424,0.605
DIAMONDS KING DIAMONDS EIGHT,0.3442,0.0066,0.6492
HEARTS THREE DIAMONDS EIGHT,0.2438,0.1474,0.6088
DIAMONDS ACE DIAMONDS EIGHT,0.3092,0.0056,0.6852
HEARTS FOUR DIAMONDS EIGHT,0.3244,0.0752,0.6004
HEARTS FIVE DIAMONDS EIGHT,0.328,0.0688,0.6032
DIAMONDS TEN DIAMONDS EIGHT,0.3218,0.0222,0.656
DIAMONDS JACK DIAMONDS EIGHT,0.3132,0.0174,0.6694
SPADES JACK SPADES THREE,0.2412,0.0562,0.7026
SPADES TEN SPADES THREE,0.2338,0.0744,0.6918
CLUBS FOUR HEARTS ACE,0.3182,0.0058,0.676
CLUBS FOUR HEARTS QUEEN,0.3402,0.0142,0.6456
CLUBS FOUR HEARTS KING,0.343,0.009,0.648
CLUBS SIX HEARTS TEN,0.3504,0.0234,0.6262
CLUBS SIX HEARTS JACK,0.341,0.0186,0.6404
SPADES FOUR DIAMONDS EIGHT,0.3404,0.0674,0.5922
SPADES FIVE DIAMONDS EIGHT,0.3294,0.0632,0.6074
SPADES TWO DIAMONDS EIGHT,0.2336,0.1528,0.6136
SPADES THREE DIAMONDS EIGHT,0.2458,0.15,0.6042
CLUBS FOUR HEARTS JACK,0.351,0.0282,0.6208
SPADES EIGHT DIAMONDS EIGHT,0.143,0.103,0.754
SPADES TEN DIAMONDS QUEEN,0.339,0.011,0.65
SPADES TEN HEARTS TWO,0.2668,0.0788,0.6544
SPADES JACK HEARTS EIGHT,0.3444,0.019,0.6366
CLUBS FOUR HEARTS TEN,0.3406,0.032,0.6274
SPADES NINE DIAMONDS EIGHT,0.3244,0.036,0.6396
SPADES TEN HEARTS EIGHT,0.333,0.029,0.638
SPADES JACK HEARTS TWO,0.2706,0.0518,0.6776
SPADES JACK DIAMONDS QUEEN,0.3346,0.0102,0.6552
SPADES SIX DIAMONDS EIGHT,0.3326,0.0616,0.6058
SPADES SEVEN DIAMONDS EIGHT,0.3144,0.0688,0.6168
SPADES ACE HEARTS TWO,0.2354,0.0154,0.7492
SPADES ACE DIAMONDS QUEEN,0.3392,0.0048,0.656
SPADES ACE HEARTS EIGHT,0.3416,0.0066,0.6518
SPADES KING HEARTS EIGHT,0.3466,0.0068,0.6466
SPADES QUEEN HEARTS TWO,0.258,0.0402,0.7018
SPADES QUEEN DIAMONDS QUEEN,0.1468,0.0344,0.8188
SPADES KING DIAMONDS QUEEN,0.3398,0.0076,0.6526
SPADES KING HEARTS TWO,0.2564,0.0274,0.7162
SPADES QUEEN HEARTS EIGHT,0.34,0.012,0.648
CLUBS TWO HEARTS TEN,0.2608,0.0818,0.6574
CLUBS TWO HEARTS JACK,0.2654,0.0578,0.6768
SPADES SEVEN DIAMONDS NINE,0.3324,0.045,0.6226
SPADES SIX DIAMONDS NINE,0.3342,0.043,0.6228
SPADES NINE DIAMONDS NINE,0.1496,0.0878,0.7626
SPADES EIGHT DIAMONDS NINE,0.3282,0.0336,0.6382
SPADES TEN CLUBS KING,0.3322,0.0072,0.6606
DIAMONDS NINE SPADES THREE,0.2594,0.107,0.6336
SPADES JACK CLUBS KING,0.3268,0.0076,0.6656
DIAMONDS NINE SPADES TWO,0.2626,0.1054,0.632
SPADES FIVE DIAMONDS NINE,0.3382,0.0474,0.6144
DIAMONDS NINE SPADES FOUR,0.3364,0.045,0.6186
CLUBS NINE DIAMONDS NINE,0.1294,0.0868,0.7838
CLUBS EIGHT DIAMONDS NINE,0.3156,0.038,0.6464
CLUBS SIX DIAMONDS NINE,0.3368,0.0458,0.6174
SPADES JACK CLUBS FOUR,0.3392,0.0248,0.636
CLUBS SEVEN DIAMONDS NINE,0.3284,0.0428,0.6288
SPADES TEN CLUBS FOUR,0.3496,0.0302,0.6202
CLUBS FOUR DIAMONDS NINE,0.3258,0.0492,0.625
CLUBS FIVE DIAMONDS NINE,0.3408,0.047,0.6122
CLUBS TWO DIAMONDS NINE,0.246,0.1084,0.6456
DIAMONDS NINE HEARTS EIGHT,0.324,0.0394,0.6366
DIAMONDS NINE HEARTS NINE,0.1446,0.083,0.7724
HEARTS SIX DIAMONDS NINE,0.3394,0.0428,0.6178
HEARTS SEVEN DIAMONDS NINE,0.3378,0.0428,0.6194
CLUBS EIGHT CLUBS NINE,0.3106,0.0372,0.6522
DIAMONDS ACE DIAMONDS NINE,0.3122,0.005,0.6828
HEARTS FOUR DIAMONDS NINE,0.3432,0.0478,0.609
HEARTS FIVE DIAMONDS NINE,0.3406,0.0484,0.611
HEARTS ACE CLUBS TWO,0.2358,0.0148,0.7494
SPADES ACE CLUBS FOUR,0.3228,0.0056,0.6716
DIAMONDS NINE DIAMONDS QUEEN,0.3126,0.013,0.6744
HEARTS TWO DIAMONDS NINE,0.2664,0.106,0.6276
CLUBS TWO HEARTS KING,0.2662,0.027,0.7068
SPADES KING CLUBS FOUR,0.3292,0.0068,0.664
DIAMONDS KING DIAMONDS NINE,0.317,0.0072,0.6758
HEARTS THREE DIAMONDS NINE,0.251,0.1092,0.6398
CLUBS TWO HEARTS QUEEN,0.2832,0.038,0.6788
SPADES QUEEN CLUBS FOUR,0.3536,0.0162,0.6302
DIAMONDS NINE DIAMONDS JACK,0.32,0.014,0.666
CLUBS EIGHT SPADES NINE,0.3244,0.0366,0.639
DIAMONDS TEN DIAMONDS NINE,0.3218,0.023,0.6552
CLUBS EIGHT SPADES EIGHT,0.133,0.1024,0.7646
CLUBS EIGHT SPADES SEVEN,0.3108,0.0632,0.626
CLUBS EIGHT SPADES SIX,0.3298,0.0656,0.6046
CLUBS EIGHT SPADES FIVE,0.3244,0.064,0.6116
CLUBS EIGHT SPADES FOUR,0.3248,0.075,0.6002
CLUBS EIGHT SPADES THREE,0.2556,0.1492,0.5952
CLUBS EIGHT SPADES TWO,0.2498,0.141,0.6092
HEARTS SIX DIAMONDS TEN,0.342,0.0298,0.6282
HEARTS SEVEN DIAMONDS TEN,0.324,0.026,0.65
DIAMONDS TEN HEARTS EIGHT,0.3366,0.0302,0.6332
CLUBS JACK CLUBS FOUR,0.336,0.0238,0.6402
DIAMONDS TEN HEARTS NINE,0.3322,0.028,0.6398
CLUBS TEN CLUBS FOUR,0.3238,0.0324,0.6438
CLUBS FOUR CLUBS KING,0.3362,0.0116,0.6522
CLUBS FOUR CLUBS QUEEN,0.3236,0.0136,0.6628
DIAMONDS TEN CLUBS TWO,0.254,0.0738,0.6722
CLUBS FOUR CLUBS ACE,0.3068,0.0056,0.6876
DIAMONDS TEN DIAMONDS JACK,0.3156,0.016,0.6684
DIAMONDS TEN DIAMONDS QUEEN,0.3208,0.0122,0.667
HEARTS TWO DIAMONDS TEN,0.2474,0.0752,0.6774
DIAMONDS KING DIAMONDS TEN,0.3244,0.014,0.6616
HEARTS THREE DIAMONDS TEN,0.2516,0.078,0.6704
DIAMONDS ACE DIAMONDS TEN,0.316,0.0058,0.6782
HEARTS FOUR DIAMONDS TEN,0.3506,0.0296,0.6198
CLUBS EIGHT HEARTS JACK,0.3392,0.0186,0.6422
HEARTS FIVE DIAMONDS TEN,0.3404,0.0346,0.625
CLUBS EIGHT HEARTS TEN,0.3264,0.0274,0.6462
CLUBS EIGHT HEARTS QUEEN,0.3418,0.012,0.6462
CLUBS EIGHT HEARTS KING,0.328,0.0104,0.6616
CLUBS EIGHT HEARTS ACE,0.3404,0.0042,0.6554
CLUBS NINE SPADES THREE,0.2514,0.112,0.6366
CLUBS NINE SPADES TWO,0.2616,0.0996,0.6388
CLUBS NINE SPADES FIVE,0.3354,0.0482,0.6164
CLUBS NINE SPADES FOUR,0.3394,0.0434,0.6172
CLUBS NINE SPADES SEVEN,0.3202,0.0428,0.637
CLUBS NINE SPADES SIX,0.3412,0.0472,0.6116
CLUBS NINE SPADES NINE,0.1516,0.0854,0.763
CLUBS TEN HEARTS EIGHT,0.3322,0.028,0.6398
CLUBS NINE SPADES EIGHT,0.3204,0.0438,0.6358
CLUBS JACK HEARTS EIGHT,0.3176,0.0202,0.6622
HEARTS EIGHT CLUBS QUEEN,0.338,0.0156,0.6464
CLUBS KING HEARTS EIGHT,0.3454,0.0076,0.647
CLUBS ACE HEARTS EIGHT,0.3234,0.0062,0.6704
SPADES KING CLUBS KING,0.1436,0.0196,0.8368
SPADES QUEEN CLUBS KING,0.3388,0.0108,0.6504
SPADES ACE CLUBS KING,0.3428,0.0052,0.652
DIAMONDS ACE HEARTS TEN,0.3396,0.0046,0.6558
HEARTS FOUR HEARTS TEN,0.3266,0.0328,0.6406
DIAMONDS ACE HEARTS JACK,0.3388,0.005,0.6562
HEARTS FOUR HEARTS JACK,0.3214,0.0196,0.659
SPADES KING CLUBS FIVE,0.3398,0.0084,0.6518
SPADES QUEEN CLUBS FIVE,0.3356,0.0106,0.6538
SPADES ACE CLUBS FIVE,0.3226,0.0058,0.6716
HEARTS SEVEN DIAMONDS JACK,0.3402,0.0176,0.6422
HEARTS SIX DIAMONDS JACK,0.337,0.022,0.641
DIAMONDS JACK HEARTS NINE,0.334,0.0178,0.6482
DIAMONDS JACK HEARTS EIGHT,0.3406,0.019,0.6404
DIAMONDS KING DIAMONDS JACK,0.3236,0.0084,0.668
HEARTS THREE DIAMONDS JACK,0.2434,0.0548,0.7018
SPADES ACE SPADES SIX,0.3164,0.0046,0.679
HEARTS ACE SPADES FOUR,0.3144,0.0058,0.6798
DIAMONDS QUEEN DIAMONDS JACK,0.3174,0.0132,0.6694
HEARTS TWO DIAMONDS JACK,0.2584,0.053,0.6886
HEARTS FIVE DIAMONDS JACK,0.3434,0.0212,0.6354
SPADES QUEEN SPADES SIX,0.335,0.0126,0.6524
SPADES FOUR HEARTS QUEEN,0.353,0.0146,0.6324
DIAMONDS ACE DIAMONDS JACK,0.3232,0.0048,0.672
HEARTS FOUR DIAMONDS JACK,0.3404,0.02,0.6396
SPADES KING SPADES SIX,0.3232,0.0096,0.6672
SPADES FOUR HEARTS KING,0.3406,0.0106,0.6488
SPADES TEN SPADES SIX,0.3274,0.0302,0.6424
SPADES JACK SPADES SIX,0.3214,0.0182,0.6604
SPADES FOUR DIAMONDS JACK,0.3472,0.0222,0.6306
SPADES FIVE DIAMONDS JACK,0.3316,0.0236,0.6448
DIAMONDS JACK SPADES TWO,0.2624,0.051,0.6866
SPADES THREE DIAMONDS JACK,0.2608,0.0546,0.6846
SPADES ACE DIAMONDS THREE,0.231,0.021,0.748
CLUBS EIGHT DIAMONDS JACK,0.3322,0.0196,0.6482
SPADES QUEEN DIAMONDS THREE,0.2558,0.0436,0.7006
SPADES KING DIAMONDS THREE,0.2348,0.033,0.7322
CLUBS NINE DIAMONDS JACK,0.3272,0.0172,0.6556
CLUBS SIX DIAMONDS JACK,0.3386,0.018,0.6434
CLUBS SEVEN DIAMONDS JACK,0.321,0.0242,0.6548
CLUBS FOUR DIAMONDS JACK,0.33,0.021,0.649
CLUBS FIVE DIAMONDS JACK,0.3276,0.0206,0.6518
CLUBS TWO DIAMONDS JACK,0.2536,0.054,0.6924
SPADES TEN CLUBS FIVE,0.3472,0.0318,0.621
SPADES JACK HEARTS SIX,0.3538,0.0218,0.6244
HEARTS SIX SPADES TEN,0.3436,0.029,0.6274
SPADES JACK CLUBS FIVE,0.3402,0.021,0.6388
DIAMONDS THREE SPADES JACK,0.2536,0.0606,0.6858
CLUBS SEVEN CLUBS ACE,0.3158,0.006,0.6782
DIAMONDS THREE SPADES TEN,0.2444,0.0868,0.6688
CLUBS SEVEN CLUBS QUEEN,0.3302,0.0138,0.656
CLUBS SEVEN CLUBS KING,0.3164,0.007,0.6766
SPADES NINE DIAMONDS JACK,0.342,0.0182,0.6398
CLUBS TEN CLUBS SEVEN,0.3194,0.0284,0.6522
DIAMONDS ACE HEARTS ACE,0.1288,0.0056,0.8656
HEARTS FOUR HEARTS ACE,0.307,0.005,0.688
SPADES EIGHT DIAMONDS JACK,0.335,0.0202,0.6448
SPADES ACE HEARTS SIX,0.3432,0.0048,0.652
CLUBS JACK CLUBS SEVEN,0.3168,0.0196,0.6636
DIAMONDS ACE HEARTS KING,0.3264,0.0068,0.6668
HEARTS FOUR HEARTS KING,0.3172,0.0118,0.671
SPADES SEVEN DIAMONDS JACK,0.3454,0.0216,0.633
SPADES KING HEARTS SIX,0.3536,0.008,0.6384
DIAMONDS ACE HEARTS QUEEN,0.3426,0.0056,0.6518
HEARTS FOUR HEARTS QUEEN,0.3288,0.0148,0.6564
SPADES QUEEN HEARTS SIX,0.3452,0.012,0.6428
SPADES SIX DIAMONDS JACK,0.3366,0.0202,0.6432
DIAMONDS TEN SPADES TWO,0.2536,0.0848,0.6616
DIAMONDS TEN SPADES THREE,0.245,0.0854,0.6696
DIAMONDS TEN SPADES FOUR,0.3504,0.03,0.6196
DIAMONDS TEN SPADES FIVE,0.348,0.0322,0.6198
SPADES SIX DIAMONDS TEN,0.3466,0.0302,0.6232
SPADES SEVEN DIAMONDS TEN,0.3316,0.0286,0.6398
SPADES EIGHT DIAMONDS TEN,0.3266,0.0278,0.6456
SPADES NINE DIAMONDS TEN,0.3246,0.0234,0.652
CLUBS FOUR DIAMONDS TEN,0.3348,0.0344,0.6308
CLUBS FIVE DIAMONDS TEN,0.3412,0.0326,0.6262
CLUBS SIX DIAMONDS TEN,0.329,0.0292,0.6418
CLUBS SEVEN DIAMONDS TEN,0.321,0.0258,0.6532
CLUBS EIGHT DIAMONDS TEN,0.3262,0.031,0.6428
CLUBS NINE DIAMONDS TEN,0.318,0.023,0.659
CLUBS JACK DIAMONDS THREE,0.2484,0.0584,0.6932
CLUBS TEN DIAMONDS THREE,0.248,0.0804,0.6716
DIAMONDS THREE CLUBS KING,0.2434,0.0368,0.7198
DIAMONDS THREE CLUBS QUEEN,0.247,0.04,0.713
DIAMONDS THREE CLUBS ACE,0.231,0.0216,0.7474
SPADES FOUR HEARTS JACK,0.3454,0.0196,0.635
SPADES FOUR HEARTS TEN,0.3392,0.0312,0.6296
SPADES FIVE SPADES TWO,0.2148,0.3482,0.437
SPADES FOUR SPADES TWO,0.2066,0.4876,0.3058
SPADES THREE SPADES TWO,0.018,0.9148,0.0672
SPADES NINE SPADES TWO,0.2518,0.0988,0.6494
SPADES EIGHT SPADES TWO,0.2444,0.1422,0.6134
SPADES SEVEN SPADES TWO,0.2412,0.1784,0.5804
SPADES SIX SPADES TWO,0.224,0.2558,0.5202
CLUBS TWO DIAMONDS QUEEN,0.2522,0.0406,0.7072
HEARTS TWO CLUBS TWO,0.2156,0.1422,0.6422
HEARTS SEVEN DIAMONDS QUEEN,0.3468,0.0146,0.6386
HEARTS SEVEN HEARTS TWO,0.2496,0.186,0.5644
HEARTS SIX DIAMONDS QUEEN,0.35,0.0132,0.6368
HEARTS SIX HEARTS TWO,0.2296,0.2564,0.514
DIAMONDS QUEEN HEARTS NINE,0.347,0.012,0.641
HEARTS TWO HEARTS NINE,0.2398,0.099,0.6612
DIAMONDS QUEEN HEARTS EIGHT,0.3412,0.0122,0.6466
HEARTS TWO HEARTS EIGHT,0.2512,0.1454,0.6034
CLUBS NINE HEARTS TWO,0.2682,0.1042,0.6276
CLUBS NINE DIAMONDS QUEEN,0.3248,0.0114,0.6638
CLUBS EIGHT DIAMONDS QUEEN,0.3388,0.0144,0.6468
CLUBS EIGHT HEARTS TWO,0.251,0.1474,0.6016
CLUBS FIVE DIAMONDS QUEEN,0.3392,0.0172,0.6436
CLUBS FIVE HEARTS TWO,0.2146,0.3788,0.4066
SPADES EIGHT HEARTS ACE,0.3434,0.0052,0.6514
CLUBS FOUR DIAMONDS QUEEN,0.3442,0.013,0.6428
CLUBS FOUR HEARTS TWO,0.2298,0.5014,0.2688
CLUBS SEVEN DIAMONDS QUEEN,0.321,0.0126,0.6664
CLUBS SEVEN HEARTS TWO,0.2474,0.1916,0.561
SPADES EIGHT HEARTS QUEEN,0.3454,0.0154,0.6392
CLUBS SIX DIAMONDS QUEEN,0.3344,0.0112,0.6544
CLUBS SIX HEARTS TWO,0.2524,0.255,0.4926
SPADES EIGHT HEARTS KING,0.3496,0.0082,0.6422
HEARTS TWO SPADES SIX,0.2616,0.2602,0.4782
SPADES SIX DIAMONDS QUEEN,0.341,0.0124,0.6466
HEARTS FOUR CLUBS QUEEN,0.3392,0.015,0.6458
DIAMONDS ACE CLUBS QUEEN,0.3276,0.0052,0.6672
SPADES SEVEN DIAMONDS QUEEN,0.3304,0.0152,0.6544
SPADES SEVEN HEARTS TWO,0.2496,0.1962,0.5542
HEARTS FOUR CLUBS KING,0.3386,0.0114,0.65
DIAMONDS ACE CLUBS KING,0.3304,0.0066,0.663
SPADES EIGHT DIAMONDS QUEEN,0.3356,0.012,0.6524
SPADES EIGHT HEARTS TWO,0.2644,0.1436,0.592
HEARTS FOUR CLUBS ACE,0.328,0.0072,0.6648
DIAMONDS ACE CLUBS ACE,0.1168,0.0086,0.8746
SPADES NINE DIAMONDS QUEEN,0.3384,0.0144,0.6472
SPADES NINE HEARTS TWO,0.2692,0.1036,0.6272
HEARTS TWO SPADES TWO,0.2224,0.138,0.6396
DIAMONDS QUEEN SPADES TWO,0.2556,0.0404,0.704
HEARTS TWO SPADES THREE,0.0198,0.9574,0.0228
DIAMONDS QUEEN SPADES THREE,0.25,0.0424,0.7076
HEARTS TWO SPADES FOUR,0.2264,0.4936,0.28
SPADES FOUR DIAMONDS QUEEN,0.3386,0.0176,0.6438
CLUBS TEN HEARTS FOUR,0.3356,0.0374,0.627
CLUBS TEN DIAMONDS ACE,0.3368,0.0042,0.659
HEARTS TWO SPADES FIVE,0.2164,0.3708,0.4128
SPADES FIVE DIAMONDS QUEEN,0.3368,0.0146,0.6486
CLUBS JACK HEARTS FOUR,0.3458,0.02,0.6342
CLUBS JACK DIAMONDS ACE,0.3332,0.0056,0.6612
CLUBS FIVE CLUBS KING,0.3264,0.0092,0.6644
CLUBS FIVE CLUBS QUEEN,0.3316,0.0166,0.6518
CLUBS FIVE CLUBS ACE,0.2986,0.0064,0.695
CLUBS JACK CLUBS FIVE,0.33,0.0182,0.6518
CLUBS TEN CLUBS FIVE,0.3376,0.0328,0.6296
SPADES KING CLUBS JACK,0.3364,0.0086,0.655
CLUBS JACK SPADES QUEEN,0.3364,0.0114,0.6522
SPADES ACE CLUBS JACK,0.3268,0.0062,0.667
SPADES SIX CLUBS KING,0.3506,0.0108,0.6386
SPADES SIX CLUBS QUEEN,0.3402,0.0144,0.6454
SPADES EIGHT HEARTS JACK,0.343,0.017,0.64
SPADES SIX CLUBS ACE,0.3436,0.0062,0.6502
SPADES EIGHT HEARTS TEN,0.3362,0.0252,0.6386
CLUBS JACK SPADES SIX,0.3424,0.025,0.6326
CLUBS TEN SPADES SIX,0.34,0.029,0.631
CLUBS JACK SPADES TEN,0.334,0.0158,0.6502
CLUBS JACK SPADES JACK,0.1404,0.0536,0.806
SPADES QUEEN CLUBS SEVEN,0.3328,0.0144,0.6528
SPADES KING CLUBS SEVEN,0.3246,0.0068,0.6686
SPADES ACE CLUBS SEVEN,0.3352,0.0064,0.6584
SPADES SIX HEARTS TEN,0.351,0.0268,0.6222
SPADES SIX HEARTS JACK,0.3488,0.0194,0.6318
SPADES SIX HEARTS ACE,0.3328,0.0066,0.6606
SPADES SIX HEARTS KING,0.3426,0.0086,0.6488
SPADES SIX HEARTS QUEEN,0.3522,0.014,0.6338
SPADES JACK CLUBS SEVEN,0.3304,0.0216,0.648
SPADES TEN CLUBS SEVEN,0.3372,0.0256,0.6372
CLUBS TEN HEARTS SIX,0.3336,0.0326,0.6338
CLUBS JACK HEARTS SIX,0.3528,0.021,0.6262
CLUBS JACK CLUBS ACE,0.3206,0.0054,0.674
HEARTS SIX CLUBS QUEEN,0.3452,0.0162,0.6386
HEARTS SIX CLUBS KING,0.3362,0.012,0.6518
HEARTS SIX CLUBS ACE,0.337,0.0052,0.6578
CLUBS JACK CLUBS QUEEN,0.3072,0.0138,0.679
CLUBS JACK CLUBS KING,0.315,0.0092,0.6758
DIAMONDS THREE HEARTS ACE,0.2278,0.0236,0.7486
DIAMONDS THREE HEARTS QUEEN,0.251,0.0456,0.7034
DIAMONDS THREE HEARTS KING,0.239,0.0326,0.7284
CLUBS FIVE HEARTS JACK,0.3456,0.025,0.6294
SPADES TEN DIAMONDS ACE,0.3324,0.0054,0.6622
HEARTS FOUR SPADES TEN,0.3276,0.0318,0.6406
CLUBS FIVE HEARTS TEN,0.353,0.032,0.615
HEARTS FOUR SPADES JACK,0.3402,0.0206,0.6392
SPADES JACK DIAMONDS ACE,0.335,0.0034,0.6616
SPADES ACE HEARTS FOUR,0.3324,0.0052,0.6624
SPADES ACE DIAMONDS ACE,0.13,0.0062,0.8638
CLUBS FIVE HEARTS ACE,0.3266,0.0036,0.6698
CLUBS FIVE HEARTS KING,0.3358,0.0102,0.654
HEARTS FOUR SPADES QUEEN,0.351,0.0148,0.6342
SPADES QUEEN DIAMONDS ACE,0.352,0.0062,0.6418
CLUBS JACK SPADES FOUR,0.3318,0.024,0.6442
CLUBS FIVE HEARTS QUEEN,0.335,0.0176,0.6474
SPADES KING DIAMONDS ACE,0.3372,0.0054,0.6574
SPADES KING HEARTS FOUR,0.346,0.0094,0.6446
CLUBS TEN SPADES FOUR,0.34,0.0312,0.6288
DIAMONDS ACE DIAMONDS QUEEN,0.3268,0.007,0.6662
DIAMONDS ACE HEARTS TWO,0.2352,0.0178,0.747
HEARTS FOUR DIAMONDS QUEEN,0.3388,0.0152,0.646
HEARTS FOUR HEARTS TWO,0.2068,0.4814,0.3118
DIAMONDS THREE HEARTS TEN,0.2522,0.0738,0.674
SPADES FOUR CLUBS KING,0.3484,0.0094,0.6422
HEARTS FIVE DIAMONDS QUEEN,0.3294,0.016,0.6546
HEARTS FIVE HEARTS TWO,0.2052,0.357,0.4378
DIAMONDS THREE HEARTS JACK,0.2544,0.0598,0.6858
SPADES FOUR CLUBS QUEEN,0.3412,0.0136,0.6452
HEARTS TWO DIAMONDS QUEEN,0.2472,0.0388,0.714
DIAMONDS KING DIAMONDS QUEEN,0.3324,0.009,0.6586
DIAMONDS KING HEARTS TWO,0.2468,0.0302,0.723
HEARTS THREE DIAMONDS QUEEN,0.2578,0.0438,0.6984
HEARTS THREE HEARTS TWO,0.018,0.912,0.07
SPADES FOUR CLUBS ACE,0.3182,0.0058,0.676
HEARTS TWO CLUBS ACE,0.2304,0.0158,0.7538
DIAMONDS QUEEN CLUBS ACE,0.3288,0.0062,0.665
HEARTS TWO CLUBS QUEEN,0.2542,0.0358,0.71
DIAMONDS QUEEN CLUBS QUEEN,0.1446,0.042,0.8134
HEARTS TWO CLUBS KING,0.2514,0.0292,0.7194
DIAMONDS QUEEN CLUBS KING,0.3314,0.0078,0.6608
SPADES EIGHT SPADES FIVE,0.3142,0.0766,0.6092
CLUBS TEN HEARTS TWO,0.255,0.0792,0.6658
CLUBS TEN DIAMONDS QUEEN,0.3312,0.0118,0.657
SPADES NINE SPADES FIVE,0.3172,0.0408,0.642
CLUBS JACK HEARTS TWO,0.2508,0.0568,0.6924
CLUBS JACK DIAMONDS QUEEN,0.325,0.0142,0.6608
SPADES SIX SPADES FIVE,0.2996,0.1428,0.5576
SPADES SEVEN SPADES FIVE,0.3058,0.1038,0.5904
DIAMONDS FIVE CLUBS QUEEN,0.3296,0.0146,0.6558
SPADES EIGHT CLUBS ACE,0.3456,0.005,0.6494
DIAMONDS FIVE CLUBS KING,0.3304,0.011,0.6586
SPADES EIGHT CLUBS KING,0.3362,0.0086,0.6552
CLUBS ACE DIAMONDS FIVE,0.3124,0.0062,0.6814
SPADES EIGHT CLUBS QUEEN,0.335,0.0132,0.6518
CLUBS JACK SPADES EIGHT,0.3392,0.0186,0.6422
CLUBS TEN SPADES EIGHT,0.3326,0.0274,0.64
CLUBS TEN DIAMONDS FIVE,0.3356,0.0294,0.635
CLUBS JACK DIAMONDS FIVE,0.3336,0.0212,0.6452
DIAMONDS TEN HEARTS JACK,0.3162,0.016,0.6678
DIAMONDS TEN HEARTS TEN,0.143,0.0718,0.7852
SPADES ACE CLUBS NINE,0.3434,0.0064,0.6502
SPADES QUEEN CLUBS NINE,0.3302,0.0082,0.6616
SPADES KING CLUBS NINE,0.3366,0.0072,0.6562
HEARTS SIX HEARTS KING,0.327,0.009,0.664
DIAMONDS KING SPADES SEVEN,0.343,0.0094,0.6476
HEARTS THREE SPADES SEVEN,0.2428,0.1908,0.5664
SPADES KING DIAMONDS SEVEN,0.333,0.007,0.66
HEARTS SIX HEARTS QUEEN,0.3358,0.012,0.6522
SPADES QUEEN DIAMONDS SEVEN,0.3386,0.011,0.6504
HEARTS THREE SPADES SIX,0.2536,0.2626,0.4838
DIAMONDS KING SPADES SIX,0.3392,0.0072,0.6536
SPADES NINE DIAMONDS KING,0.3408,0.0086,0.6506
SPADES NINE HEARTS THREE,0.2604,0.1052,0.6344
HEARTS SIX HEARTS ACE,0.3218,0.0068,0.6714
DIAMONDS KING SPADES EIGHT,0.343,0.0088,0.6482
SPADES EIGHT HEARTS THREE,0.2646,0.1506,0.5848
SPADES ACE DIAMONDS SEVEN,0.3414,0.0046,0.654
CLUBS NINE HEARTS THREE,0.2526,0.1024,0.645
CLUBS NINE DIAMONDS KING,0.3334,0.009,0.6576
CLUBS EIGHT DIAMONDS KING,0.3332,0.0092,0.6576
CLUBS EIGHT HEARTS THREE,0.2388,0.147,0.6142
HEARTS THREE SPADES THREE,0.0728,0.1434,0.7838
DIAMONDS KING SPADES THREE,0.2526,0.037,0.7104
HEARTS THREE SPADES TWO,0.022,0.959,0.019
DIAMONDS KING SPADES TWO,0.2556,0.0222,0.7222
HEARTS THREE SPADES FIVE,0.222,0.3588,0.4192
