opposingHand,winningChance,drawChance,lostChance
DIAMONDS ACE DIAMONDS SIX
DIAMONDS JACK HEARTS TEN,0.5674,0.0032,0.4294
HEARTS THREE DIAMONDS NINE,0.6636,0.0056,0.3308
CLUBS SEVEN HEARTS TEN,0.6202,0.0044,0.3754
SPADES FIVE SPADES THREE,0.6162,0.0068,0.377
SPADES TEN CLUBS ACE,0.2802,0.1178,0.602
CLUBS NINE SPADES TWO,0.6664,0.0058,0.3278
SPADES JACK HEARTS FIVE,0.6566,0.0032,0.3402
HEARTS EIGHT SPADES FIVE,0.6514,0.005,0.3436
SPADES KING SPADES FOUR,0.6144,0.0058,0.3798
SPADES QUEEN CLUBS SEVEN,0.6352,0.0034,0.3614
SPADES SIX CLUBS THREE,0.745,0.0266,0.2284
SPADES KING CLUBS THREE,0.6568,0.0062,0.337
SPADES JACK HEARTS ACE,0.283,0.0762,0.6408
SPADES KING DIAMONDS QUEEN,0.601,0.0038,0.3952
DIAMONDS QUEEN SPADES TWO,0.6508,0.0064,0.3428
SPADES THREE DIAMONDS FOUR,0.6458,0.0076,0.3466
SPADES ACE SPADES TWO,0.3864,0.3392,0.2744
DIAMONDS THREE SPADES THREE,0.497,0.0054,0.4976
SPADES SEVEN CLUBS FOUR,0.639,0.0056,0.3554
SPADES KING HEARTS TWO,0.6494,0.0056,0.345
SPADES QUEEN CLUBS NINE,0.6022,0.0042,0.3936
CLUBS FIVE SPADES FIVE,0.4702,0.0048,0.525
CLUBS THREE CLUBS QUEEN,0.6196,0.0044,0.376
CLUBS SEVEN DIAMONDS JACK,0.6034,0.0054,0.3912
SPADES ACE DIAMONDS SEVEN,0.2446,0.3002,0.4552
HEARTS FIVE HEARTS QUEEN,0.6094,0.005,0.3856
SPADES ACE CLUBS FIVE,0.4102,0.349,0.2408
SPADES ACE CLUBS QUEEN,0.3024,0.0574,0.6402
CLUBS TEN SPADES FOUR,0.6494,0.0036,0.347
SPADES ACE DIAMONDS FIVE,0.3934,0.3676,0.239
SPADES ACE CLUBS NINE,0.269,0.1614,0.5696
SPADES JACK HEARTS JACK,0.3444,0.004,0.6516
SPADES FIVE HEARTS NINE,0.6542,0.0034,0.3424
SPADES NINE SPADES EIGHT,0.5628,0.0034,0.4338
HEARTS THREE SPADES SEVEN,0.668,0.003,0.329
CLUBS JACK SPADES FOUR,0.6562,0.0052,0.3386
SPADES ACE SPADES SEVEN,0.2494,0.2596,0.491
CLUBS FOUR SPADES SIX,0.7128,0.0268,0.2604
CLUBS SEVEN DIAMONDS QUEEN,0.6252,0.0046,0.3702
DIAMONDS JACK DIAMONDS FIVE,0.6284,0.006,0.3656
SPADES TEN SPADES NINE,0.551,0.0046,0.4444
CLUBS TEN CLUBS KING,0.558,0.003,0.439
CLUBS FOUR DIAMONDS EIGHT,0.6542,0.0068,0.339
CLUBS TEN SPADES EIGHT,0.5912,0.005,0.4038
DIAMONDS TWO SPADES EIGHT,0.651,0.0044,0.3446
DIAMONDS THREE CLUBS SEVEN,0.6496,0.0064,0.344
HEARTS FIVE DIAMONDS TEN,0.6488,0.004,0.3472
HEARTS SIX HEARTS NINE,0.6866,0.0208,0.2926
SPADES ACE SPADES QUEEN,0.2756,0.0524,0.672
HEARTS SIX HEARTS FOUR,0.6754,0.0238,0.3008
CLUBS NINE SPADES NINE,0.3592,0.0036,0.6372
CLUBS JACK CLUBS FIVE,0.6192,0.0032,0.3776
DIAMONDS THREE HEARTS QUEEN,0.6548,0.0066,0.3386
HEARTS SEVEN SPADES SIX,0.708,0.0192,0.2728
CLUBS ACE HEARTS TEN,0.2816,0.108,0.6104
CLUBS FIVE HEARTS NINE,0.6532,0.0036,0.3432
HEARTS FIVE SPADES FOUR,0.6418,0.0048,0.3534
CLUBS TWO HEARTS QUEEN,0.6596,0.0054,0.335
SPADES TEN SPADES FOUR,0.6118,0.0058,0.3824
CLUBS SIX CLUBS THREE,0.7038,0.0234,0.2728
SPADES FOUR HEARTS TEN,0.639,0.0032,0.3578
SPADES ACE CLUBS KING,0.2854,0.0458,0.6688
HEARTS JACK HEARTS NINE,0.548,0.005,0.447
HEARTS THREE SPADES EIGHT,0.678,0.0052,0.3168
HEARTS THREE CLUBS FOUR,0.6544,0.0048,0.3408
HEARTS QUEEN HEARTS JACK,0.5446,0.0032,0.4522
CLUBS TEN SPADES FIVE,0.668,0.0054,0.3266
CLUBS FIVE HEARTS TWO,0.6666,0.0024,0.331
DIAMONDS TWO HEARTS FIVE,0.6622,0.0054,0.3324
CLUBS NINE SPADES FIVE,0.647,0.005,0.348
CLUBS FOUR DIAMONDS TEN,0.6508,0.0034,0.3458
DIAMONDS JACK SPADES TWO,0.6464,0.007,0.3466
CLUBS FOUR DIAMONDS SEVEN,0.6362,0.0048,0.359
CLUBS SEVEN SPADES SIX,0.7042,0.0206,0.2752
DIAMONDS JACK HEARTS NINE,0.5854,0.006,0.4086
CLUBS EIGHT CLUBS THREE,0.6262,0.0064,0.3674
CLUBS SIX DIAMONDS FIVE,0.6914,0.0284,0.2802
HEARTS FOUR DIAMONDS FIVE,0.642,0.007,0.351
HEARTS SEVEN SPADES QUEEN,0.6234,0.0054,0.3712
SPADES JACK SPADES SIX,0.707,0.0206,0.2724
CLUBS SIX DIAMONDS KING,0.7402,0.0308,0.229
HEARTS ACE DIAMONDS NINE,0.2624,0.1552,0.5824
CLUBS KING HEARTS NINE,0.6144,0.0036,0.382
HEARTS FOUR DIAMONDS FOUR,0.482,0.0044,0.5136
DIAMONDS JACK HEARTS JACK,0.322,0.0066,0.6714
CLUBS FIVE SPADES SEVEN,0.635,0.0032,0.3618
DIAMONDS THREE HEARTS SEVEN,0.6604,0.0046,0.335
HEARTS TEN CLUBS QUEEN,0.5856,0.0048,0.4096
SPADES NINE DIAMONDS FOUR,0.6624,0.0038,0.3338
HEARTS TEN DIAMONDS FIVE,0.651,0.0056,0.3434
HEARTS TWO SPADES SEVEN,0.6674,0.004,0.3286
SPADES TEN CLUBS QUEEN,0.5984,0.0048,0.3968
CLUBS ACE DIAMONDS SEVEN,0.2516,0.294,0.4544
CLUBS NINE CLUBS TWO,0.6148,0.0054,0.3798
DIAMONDS THREE CLUBS TEN,0.6398,0.0048,0.3554
CLUBS THREE DIAMONDS FIVE,0.6572,0.006,0.3368
SPADES NINE SPADES TWO,0.6104,0.0032,0.3864
HEARTS SEVEN SPADES FIVE,0.624,0.0032,0.3728
HEARTS FIVE SPADES TEN,0.6564,0.0048,0.3388
HEARTS FIVE CLUBS ACE,0.4212,0.3392,0.2396
CLUBS SEVEN HEARTS QUEEN,0.6272,0.0034,0.3694
SPADES ACE SPADES SIX,0.0682,0.861,0.0708
SPADES KING CLUBS QUEEN,0.597,0.0042,0.3988
CLUBS SIX HEARTS NINE,0.735,0.022,0.243
HEARTS FOUR DIAMONDS TEN,0.6464,0.0042,0.3494
DIAMONDS QUEEN HEARTS TEN,0.5716,0.003,0.4254
HEARTS KING HEARTS NINE,0.5788,0.006,0.4152
DIAMONDS KING HEARTS TEN,0.5906,0.0056,0.4038
HEARTS SIX CLUBS TWO,0.7482,0.0274,0.2244
DIAMONDS KING DIAMONDS QUEEN,0.5824,0.0044,0.4132
SPADES JACK HEARTS QUEEN,0.5976,0.0032,0.3992
SPADES KING DIAMONDS KING,0.3216,0.0058,0.6726
SPADES KING CLUBS ACE,0.2928,0.0406,0.6666
HEARTS THREE CLUBS KING,0.6532,0.0046,0.3422
DIAMONDS JACK CLUBS QUEEN,0.5804,0.0042,0.4154
DIAMONDS TWO DIAMONDS SEVEN,0.6616,0.0056,0.3328
SPADES JACK HEARTS TEN,0.5652,0.0028,0.432
CLUBS EIGHT HEARTS TEN,0.5928,0.0044,0.4028
SPADES EIGHT HEARTS QUEEN,0.613,0.0046,0.3824
DIAMONDS QUEEN DIAMONDS EIGHT,0.5934,0.0066,0.4
SPADES FOUR SPADES THREE,0.6262,0.0046,0.3692
DIAMONDS THREE CLUBS EIGHT,0.6646,0.004,0.3314
SPADES ACE SPADES JACK,0.2668,0.0822,0.651
CLUBS TEN HEARTS TWO,0.6528,0.0048,0.3424
HEARTS FOUR CLUBS THREE,0.6666,0.0028,0.3306
SPADES NINE CLUBS TWO,0.667,0.0042,0.3288
CLUBS NINE DIAMONDS JACK,0.5926,0.0052,0.4022
CLUBS SIX SPADES SIX,0.3544,0.0304,0.6152
HEARTS TWO HEARTS TEN,0.622,0.0058,0.3722
SPADES KING HEARTS FIVE,0.6552,0.0042,0.3406
SPADES EIGHT DIAMONDS QUEEN,0.612,0.0034,0.3846
DIAMONDS KING CLUBS KING,0.3246,0.0026,0.6728
SPADES NINE CLUBS FOUR,0.6594,0.0052,0.3354
CLUBS TEN DIAMONDS SEVEN,0.5946,0.005,0.4004
CLUBS TEN CLUBS SIX,0.7106,0.0192,0.2702
HEARTS THREE CLUBS ACE,0.4106,0.3622,0.2272
HEARTS FOUR HEARTS THREE,0.6132,0.0042,0.3826
SPADES SIX HEARTS QUEEN,0.7446,0.0312,0.2242
CLUBS ACE CLUBS QUEEN,0.2684,0.0526,0.679
SPADES KING CLUBS EIGHT,0.6268,0.0056,0.3676
DIAMONDS NINE SPADES TWO,0.6544,0.006,0.3396
SPADES TEN CLUBS TWO,0.6538,0.0048,0.3414
SPADES TEN HEARTS THREE,0.6652,0.005,0.3298
HEARTS EIGHT CLUBS FOUR,0.6526,0.0042,0.3432
SPADES SIX HEARTS NINE,0.7358,0.0202,0.244
CLUBS SIX CLUBS ACE,0.0754,0.8474,0.0772
HEARTS KING DIAMONDS NINE,0.608,0.0048,0.3872
CLUBS NINE HEARTS FOUR,0.675,0.0024,0.3226
SPADES JACK DIAMONDS QUEEN,0.5748,0.0064,0.4188
CLUBS TWO HEARTS JACK,0.65,0.0052,0.3448
HEARTS THREE CLUBS TWO,0.668,0.0056,0.3264
SPADES NINE HEARTS THREE,0.6702,0.0058,0.324
DIAMONDS TWO CLUBS SIX,0.7556,0.0252,0.2192
CLUBS TEN DIAMONDS NINE,0.5684,0.0058,0.4258
CLUBS JACK CLUBS KING,0.5654,0.0046,0.43
HEARTS FIVE SPADES SEVEN,0.6402,0.0042,0.3556
SPADES SEVEN HEARTS TEN,0.5956,0.0036,0.4008
CLUBS JACK CLUBS TWO,0.6336,0.0048,0.3616
CLUBS FIVE DIAMONDS SEVEN,0.634,0.0044,0.3616
DIAMONDS KING CLUBS ACE,0.279,0.0416,0.6794
SPADES SEVEN HEARTS QUEEN,0.6268,0.0042,0.369
SPADES QUEEN HEARTS KING,0.5982,0.0036,0.3982
HEARTS EIGHT SPADES SEVEN,0.588,0.0026,0.4094
SPADES THREE DIAMONDS EIGHT,0.6628,0.0054,0.3318
CLUBS KING HEARTS TEN,0.6006,0.0038,0.3956
CLUBS EIGHT DIAMONDS NINE,0.593,0.004,0.403
CLUBS THREE HEARTS QUEEN,0.651,0.0042,0.3448
HEARTS SEVEN CLUBS FOUR,0.6374,0.0054,0.3572
SPADES TEN HEARTS QUEEN,0.5864,0.0048,0.4088
CLUBS SEVEN CLUBS ACE,0.2578,0.2692,0.473
SPADES TWO CLUBS ACE,0.408,0.366,0.226
SPADES TEN CLUBS THREE,0.6532,0.004,0.3428
SPADES EIGHT CLUBS FOUR,0.6622,0.0048,0.333
SPADES SIX DIAMONDS TEN,0.7318,0.0274,0.2408
SPADES TWO DIAMONDS SEVEN,0.6592,0.0062,0.3346
CLUBS EIGHT DIAMONDS TEN,0.5894,0.0058,0.4048
HEARTS SEVEN CLUBS FIVE,0.635,0.0052,0.3598
DIAMONDS JACK CLUBS KING,0.6026,0.0038,0.3936
DIAMONDS KING CLUBS TWO,0.6534,0.0058,0.3408
CLUBS TWO HEARTS ACE,0.4102,0.3526,0.2372
SPADES KING SPADES QUEEN,0.5442,0.004,0.4518
DIAMONDS JACK CLUBS ACE,0.2652,0.0846,0.6502
HEARTS FIVE HEARTS ACE,0.3788,0.3458,0.2754
CLUBS EIGHT CLUBS FOUR,0.604,0.0072,0.3888
HEARTS ACE SPADES THREE,0.4178,0.3594,0.2228
CLUBS JACK DIAMONDS QUEEN,0.5698,0.0042,0.426
HEARTS EIGHT SPADES QUEEN,0.6178,0.0036,0.3786
SPADES TEN HEARTS JACK,0.5724,0.003,0.4246
CLUBS SIX SPADES FIVE,0.7088,0.0216,0.2696
HEARTS FIVE DIAMONDS QUEEN,0.6544,0.0054,0.3402
SPADES SIX SPADES TWO,0.7098,0.0274,0.2628
HEARTS ACE CLUBS QUEEN,0.29,0.0616,0.6484
SPADES TEN DIAMONDS TEN,0.3464,0.002,0.6516
CLUBS THREE HEARTS NINE,0.6662,0.0036,0.3302
HEARTS EIGHT CLUBS EIGHT,0.3618,0.0044,0.6338
DIAMONDS KING SPADES FOUR,0.6504,0.0052,0.3444
HEARTS SEVEN DIAMONDS KING,0.619,0.005,0.376
DIAMONDS EIGHT HEARTS TEN,0.5822,0.0042,0.4136
HEARTS FOUR HEARTS KING,0.6186,0.0058,0.3756
CLUBS JACK DIAMONDS SEVEN,0.595,0.0044,0.4006
DIAMONDS TEN DIAMONDS NINE,0.5674,0.006,0.4266
HEARTS TWO SPADES THREE,0.6812,0.0062,0.3126
SPADES JACK DIAMONDS FIVE,0.6514,0.0044,0.3442
DIAMONDS KING DIAMONDS SEVEN,0.6166,0.0068,0.3766
DIAMONDS THREE DIAMONDS SEVEN,0.642,0.0054,0.3526
CLUBS THREE DIAMONDS SEVEN,0.6482,0.0074,0.3444
DIAMONDS EIGHT HEARTS JACK,0.6046,0.0068,0.3886
SPADES FIVE CLUBS KING,0.669,0.003,0.328
SPADES SEVEN HEARTS JACK,0.606,0.0038,0.3902
SPADES TWO DIAMONDS FIVE,0.6724,0.0052,0.3224
CLUBS JACK HEARTS NINE,0.5882,0.004,0.4078
CLUBS SIX HEARTS QUEEN,0.7562,0.0278,0.216
DIAMONDS JACK SPADES THREE,0.654,0.0058,0.3402
SPADES ACE SPADES EIGHT,0.2542,0.2064,0.5394
HEARTS FIVE CLUBS KING,0.6664,0.006,0.3276
CLUBS SIX HEARTS KING,0.755,0.029,0.216
SPADES TEN CLUBS SIX,0.7382,0.0238,0.238
CLUBS JACK HEARTS QUEEN,0.5826,0.0028,0.4146
CLUBS THREE DIAMONDS FOUR,0.6614,0.0054,0.3332
HEARTS THREE HEARTS QUEEN,0.6128,0.0048,0.3824
CLUBS FOUR DIAMONDS KING,0.6528,0.0058,0.3414
HEARTS FIVE CLUBS THREE,0.6516,0.0064,0.342
CLUBS NINE HEARTS TEN,0.5848,0.0052,0.41
DIAMONDS THREE HEARTS THREE,0.4868,0.0044,0.5088
CLUBS JACK CLUBS FOUR,0.6114,0.0042,0.3844
SPADES JACK CLUBS TWO,0.6684,0.0052,0.3264
SPADES QUEEN HEARTS FIVE,0.6528,0.003,0.3442
DIAMONDS KING CLUBS QUEEN,0.5966,0.0046,0.3988
HEARTS FIVE DIAMONDS FOUR,0.647,0.0056,0.3474
HEARTS EIGHT HEARTS NINE,0.5568,0.0032,0.44
CLUBS SEVEN SPADES EIGHT,0.5844,0.005,0.4106
SPADES JACK CLUBS FOUR,0.6476,0.0052,0.3472
SPADES QUEEN CLUBS THREE,0.6516,0.0064,0.342
HEARTS SEVEN CLUBS EIGHT,0.5868,0.0044,0.4088
HEARTS EIGHT CLUBS SEVEN,0.6006,0.0038,0.3956
HEARTS ACE DIAMONDS TEN,0.2656,0.108,0.6264
DIAMONDS TWO SPADES SIX,0.743,0.0324,0.2246
SPADES ACE DIAMONDS FOUR,0.4174,0.3568,0.2258
HEARTS EIGHT SPADES SIX,0.7094,0.0214,0.2692
CLUBS KING CLUBS QUEEN,0.5568,0.0048,0.4384
HEARTS EIGHT CLUBS TWO,0.6534,0.0052,0.3414
SPADES FOUR CLUBS QUEEN,0.6566,0.0038,0.3396
CLUBS TWO CLUBS QUEEN,0.623,0.0032,0.3738
HEARTS TWO HEARTS JACK,0.6084,0.0062,0.3854
DIAMONDS TWO HEARTS SIX,0.7438,0.0272,0.229
CLUBS SEVEN CLUBS THREE,0.6128,0.0036,0.3836
CLUBS SEVEN CLUBS QUEEN,0.5912,0.0056,0.4032
SPADES ACE DIAMONDS TWO,0.4032,0.3632,0.2336
SPADES FOUR CLUBS KING,0.6648,0.0034,0.3318
HEARTS JACK HEARTS TEN,0.5416,0.0042,0.4542
HEARTS SEVEN SPADES EIGHT,0.5998,0.0032,0.397
CLUBS NINE SPADES JACK,0.5902,0.0046,0.4052
HEARTS FIVE CLUBS FIVE,0.4788,0.0052,0.516
HEARTS TWO DIAMONDS FIVE,0.6734,0.0052,0.3214
HEARTS FOUR HEARTS QUEEN,0.6218,0.0048,0.3734
SPADES ACE SPADES NINE,0.2614,0.1548,0.5838
DIAMONDS TWO HEARTS NINE,0.6538,0.0036,0.3426
CLUBS SIX HEARTS JACK,0.7376,0.0248,0.2376
DIAMONDS EIGHT CLUBS QUEEN,0.6192,0.0036,0.3772
SPADES FIVE HEARTS TEN,0.6558,0.0042,0.34
CLUBS EIGHT DIAMONDS SEVEN,0.5866,0.0038,0.4096
CLUBS SEVEN DIAMONDS EIGHT,0.5862,0.0074,0.4064
SPADES ACE HEARTS FOUR,0.4114,0.3604,0.2282
SPADES SIX HEARTS JACK,0.747,0.0224,0.2306
CLUBS TWO SPADES TWO,0.4938,0.0078,0.4984
HEARTS JACK CLUBS KING,0.5958,0.0036,0.4006
DIAMONDS NINE CLUBS KING,0.6068,0.005,0.3882
HEARTS EIGHT HEARTS TWO,0.6094,0.0046,0.386
HEARTS SEVEN HEARTS TWO,0.6274,0.0052,0.3674
HEARTS FOUR SPADES FOUR,0.48,0.0044,0.5156
DIAMONDS TWO HEARTS TWO,0.4846,0.007,0.5084
CLUBS TEN SPADES SEVEN,0.6088,0.0028,0.3884
DIAMONDS KING DIAMONDS NINE,0.5996,0.003,0.3974
HEARTS TWO SPADES SIX,0.7432,0.0306,0.2262
SPADES TEN HEARTS FOUR,0.6582,0.0034,0.3384
HEARTS SEVEN CLUBS THREE,0.6614,0.004,0.3346
HEARTS EIGHT DIAMONDS TWO,0.66,0.006,0.334
CLUBS SIX DIAMONDS NINE,0.7256,0.0266,0.2478
DIAMONDS THREE CLUBS THREE,0.4998,0.0034,0.4968
SPADES JACK DIAMONDS TEN,0.564,0.0046,0.4314
SPADES ACE CLUBS JACK,0.2808,0.0802,0.639
HEARTS EIGHT SPADES TWO,0.663,0.0038,0.3332
CLUBS TWO DIAMONDS TEN,0.651,0.005,0.344
DIAMONDS JACK HEARTS KING,0.5984,0.0056,0.396
SPADES EIGHT DIAMONDS SEVEN,0.5942,0.0058,0.4
SPADES NINE HEARTS QUEEN,0.5992,0.0034,0.3974
CLUBS NINE CLUBS FOUR,0.6198,0.0038,0.3764
SPADES JACK CLUBS KING,0.5926,0.0056,0.4018
SPADES EIGHT SPADES FOUR,0.6212,0.0038,0.375
HEARTS ACE HEARTS QUEEN,0.275,0.0512,0.6738
CLUBS JACK DIAMONDS NINE,0.5784,0.0062,0.4154
HEARTS QUEEN DIAMONDS FOUR,0.648,0.0052,0.3468
SPADES SEVEN DIAMONDS TEN,0.5966,0.0034,0.4
SPADES EIGHT DIAMONDS EIGHT,0.3648,0.0034,0.6318
DIAMONDS NINE CLUBS ACE,0.258,0.158,0.584
SPADES FOUR HEARTS KING,0.6606,0.0028,0.3366
HEARTS SEVEN CLUBS ACE,0.2698,0.2784,0.4518
HEARTS SIX DIAMONDS QUEEN,0.7386,0.0298,0.2316
SPADES TWO HEARTS JACK,0.6522,0.004,0.3438
DIAMONDS NINE HEARTS JACK,0.5894,0.0044,0.4062
SPADES KING HEARTS SEVEN,0.6302,0.003,0.3668
HEARTS SEVEN DIAMONDS TWO,0.662,0.0052,0.3328
SPADES ACE HEARTS FIVE,0.409,0.3594,0.2316
HEARTS TWO HEARTS QUEEN,0.6132,0.0038,0.383
SPADES QUEEN DIAMONDS FIVE,0.6552,0.0064,0.3384
CLUBS SEVEN CLUBS FIVE,0.6094,0.005,0.3856
HEARTS FOUR SPADES TWO,0.6786,0.0046,0.3168
SPADES ACE HEARTS SIX,0.068,0.9148,0.0172
SPADES SEVEN SPADES SIX,0.666,0.022,0.312
DIAMONDS QUEEN CLUBS KING,0.6002,0.0032,0.3966
DIAMONDS TWO SPADES TEN,0.6606,0.0048,0.3346
HEARTS SEVEN DIAMONDS FOUR,0.645,0.004,0.351
SPADES FIVE DIAMONDS TEN,0.661,0.0038,0.3352
DIAMONDS THREE CLUBS QUEEN,0.6536,0.0068,0.3396
SPADES JACK SPADES THREE,0.622,0.0046,0.3734
SPADES KING CLUBS FOUR,0.6696,0.0046,0.3258
CLUBS FOUR CLUBS QUEEN,0.6094,0.0048,0.3858
CLUBS TEN HEARTS JACK,0.5742,0.0046,0.4212
HEARTS EIGHT DIAMONDS NINE,0.5848,0.0044,0.4108
CLUBS JACK SPADES SIX,0.7518,0.0254,0.2228
HEARTS FOUR HEARTS TWO,0.628,0.0042,0.3678
DIAMONDS TWO DIAMONDS KING,0.6544,0.006,0.3396
SPADES KING SPADES THREE,0.6138,0.005,0.3812
HEARTS THREE HEARTS TEN,0.6194,0.0048,0.3758
SPADES KING HEARTS KING,0.3246,0.0036,0.6718
CLUBS SEVEN HEARTS KING,0.626,0.0044,0.3696
CLUBS NINE HEARTS FIVE,0.6496,0.004,0.3464
SPADES TEN HEARTS ACE,0.2872,0.1036,0.6092
DIAMONDS THREE DIAMONDS NINE,0.6526,0.0056,0.3418
HEARTS EIGHT HEARTS SEVEN,0.56,0.0044,0.4356
SPADES EIGHT DIAMONDS KING,0.6234,0.003,0.3736
CLUBS NINE CLUBS SEVEN,0.5654,0.0028,0.4318
HEARTS SEVEN HEARTS FIVE,0.5916,0.0052,0.4032
HEARTS FIVE HEARTS KING,0.6132,0.004,0.3828
CLUBS SEVEN CLUBS SIX,0.675,0.024,0.301
DIAMONDS QUEEN DIAMONDS NINE,0.593,0.005,0.402
HEARTS FOUR DIAMONDS NINE,0.6654,0.0052,0.3294
CLUBS JACK HEARTS SIX,0.7444,0.0256,0.23
SPADES TEN DIAMONDS SEVEN,0.6132,0.0042,0.3826
SPADES FOUR HEARTS JACK,0.6622,0.0038,0.334
HEARTS QUEEN CLUBS QUEEN,0.3366,0.0024,0.661
CLUBS EIGHT HEARTS KING,0.6288,0.0034,0.3678
SPADES FIVE DIAMONDS EIGHT,0.6356,0.0052,0.3592
HEARTS EIGHT CLUBS ACE,0.268,0.2128,0.5192
SPADES JACK SPADES TWO,0.6258,0.0052,0.369
HEARTS SEVEN HEARTS TEN,0.5798,0.0024,0.4178
HEARTS SIX SPADES THREE,0.7436,0.0262,0.2302
CLUBS NINE DIAMONDS QUEEN,0.6058,0.005,0.3892
HEARTS TWO CLUBS QUEEN,0.657,0.0086,0.3344
CLUBS JACK SPADES TEN,0.5786,0.004,0.4174
CLUBS TEN SPADES TWO,0.6632,0.0056,0.3312
DIAMONDS THREE SPADES TWO,0.6646,0.0056,0.3298
HEARTS FOUR HEARTS ACE,0.392,0.3312,0.2768
SPADES SIX DIAMONDS JACK,0.7428,0.0242,0.233
CLUBS FOUR HEARTS JACK,0.6594,0.0032,0.3374
HEARTS EIGHT DIAMONDS JACK,0.6096,0.0026,0.3878
HEARTS TWO CLUBS TWO,0.4986,0.006,0.4954
HEARTS ACE SPADES TWO,0.4142,0.361,0.2248
HEARTS SIX HEARTS QUEEN,0.7058,0.0296,0.2646
HEARTS QUEEN HEARTS NINE,0.5728,0.0036,0.4236
CLUBS FOUR DIAMONDS QUEEN,0.6472,0.0042,0.3486
CLUBS FIVE DIAMONDS NINE,0.6454,0.004,0.3506
SPADES FIVE HEARTS QUEEN,0.6506,0.0036,0.3458
SPADES KING HEARTS ACE,0.2956,0.0438,0.6606
DIAMONDS FIVE HEARTS NINE,0.648,0.0066,0.3454
CLUBS THREE HEARTS ACE,0.4052,0.3672,0.2276
DIAMONDS KING SPADES TWO,0.6516,0.005,0.3434
DIAMONDS THREE DIAMONDS TEN,0.653,0.007,0.34
SPADES SEVEN CLUBS KING,0.6374,0.0042,0.3584
SPADES TWO HEARTS TEN,0.6744,0.0046,0.321
CLUBS SEVEN HEARTS NINE,0.613,0.0044,0.3826
SPADES FIVE DIAMONDS FOUR,0.6398,0.0058,0.3544
CLUBS THREE SPADES THREE,0.4946,0.0068,0.4986
SPADES NINE DIAMONDS NINE,0.3582,0.0052,0.6366
CLUBS FIVE DIAMONDS FOUR,0.6178,0.0062,0.376
HEARTS SIX SPADES EIGHT,0.7272,0.0222,0.2506
DIAMONDS THREE SPADES SIX,0.7272,0.0264,0.2464
HEARTS FOUR SPADES THREE,0.6442,0.0044,0.3514
SPADES NINE SPADES SIX,0.683,0.0198,0.2972
HEARTS SIX SPADES SIX,0.3606,0.0238,0.6156
HEARTS TWO SPADES TWO,0.4968,0.0066,0.4966
HEARTS THREE DIAMONDS EIGHT,0.6474,0.0068,0.3458
HEARTS TWO DIAMONDS SEVEN,0.6594,0.0058,0.3348
SPADES ACE CLUBS EIGHT,0.2682,0.214,0.5178
CLUBS FOUR DIAMONDS FIVE,0.6446,0.007,0.3484
HEARTS EIGHT HEARTS FOUR,0.615,0.004,0.381
HEARTS SEVEN HEARTS KING,0.5866,0.0052,0.4082
DIAMONDS EIGHT HEARTS NINE,0.581,0.0048,0.4142
CLUBS EIGHT SPADES FOUR,0.655,0.003,0.342
HEARTS TWO HEARTS NINE,0.6196,0.0044,0.376
HEARTS THREE DIAMONDS FOUR,0.648,0.0082,0.3438
CLUBS TWO DIAMONDS FOUR,0.6614,0.0086,0.33
SPADES JACK SPADES FIVE,0.618,0.0036,0.3784
SPADES EIGHT HEARTS TWO,0.6744,0.0048,0.3208
CLUBS JACK HEARTS TWO,0.6586,0.0044,0.337
SPADES FIVE SPADES FOUR,0.611,0.0054,0.3836
HEARTS EIGHT HEARTS THREE,0.6266,0.0056,0.3678
CLUBS EIGHT DIAMONDS JACK,0.608,0.0052,0.3868
CLUBS SIX DIAMONDS EIGHT,0.7166,0.0234,0.26
HEARTS EIGHT HEARTS ACE,0.241,0.2088,0.5502
HEARTS SEVEN CLUBS KING,0.6266,0.0026,0.3708
SPADES QUEEN HEARTS FOUR,0.6696,0.0062,0.3242
SPADES SIX CLUBS TWO,0.7536,0.028,0.2184
CLUBS FOUR SPADES FOUR,0.4936,0.0036,0.5028
HEARTS KING CLUBS QUEEN,0.5926,0.0038,0.4036
DIAMONDS KING HEARTS ACE,0.2826,0.0462,0.6712
SPADES SIX DIAMONDS NINE,0.7286,0.0224,0.249
CLUBS FIVE DIAMONDS KING,0.6368,0.0042,0.359
HEARTS THREE HEARTS KING,0.6218,0.0066,0.3716
HEARTS THREE DIAMONDS JACK,0.6496,0.0062,0.3442
SPADES QUEEN SPADES TEN,0.5432,0.0048,0.452
HEARTS EIGHT DIAMONDS FOUR,0.6526,0.0042,0.3432
HEARTS FIVE DIAMONDS SEVEN,0.626,0.003,0.371
CLUBS FIVE SPADES TWO,0.6726,0.0048,0.3226
HEARTS SIX CLUBS SIX,0.3432,0.0268,0.63
SPADES JACK DIAMONDS NINE,0.5772,0.0046,0.4182
CLUBS SIX SPADES SEVEN,0.7068,0.017,0.2762
CLUBS TWO CLUBS ACE,0.3956,0.331,0.2734
SPADES NINE HEARTS NINE,0.368,0.0042,0.6278
CLUBS NINE CLUBS SIX,0.6798,0.0214,0.2988
HEARTS EIGHT DIAMONDS EIGHT,0.3692,0.0042,0.6266
HEARTS ACE DIAMONDS EIGHT,0.2558,0.213,0.5312
SPADES NINE SPADES SEVEN,0.5558,0.0022,0.442
DIAMONDS TWO CLUBS ACE,0.415,0.3646,0.2204
SPADES EIGHT SPADES SIX,0.6754,0.0178,0.3068
SPADES TEN HEARTS NINE,0.5894,0.003,0.4076
SPADES JACK SPADES EIGHT,0.5602,0.0046,0.4352
SPADES QUEEN SPADES JACK,0.554,0.0036,0.4424
CLUBS TEN DIAMONDS TEN,0.347,0.004,0.649
HEARTS EIGHT HEARTS JACK,0.5632,0.005,0.4318
DIAMONDS NINE HEARTS NINE,0.358,0.0052,0.6368
SPADES EIGHT CLUBS THREE,0.677,0.003,0.32
CLUBS EIGHT DIAMONDS EIGHT,0.3818,0.0036,0.6146
CLUBS THREE HEARTS JACK,0.6676,0.0038,0.3286
CLUBS TEN CLUBS QUEEN,0.5458,0.006,0.4482
HEARTS FIVE SPADES NINE,0.6504,0.0044,0.3452
SPADES NINE CLUBS ACE,0.277,0.151,0.572
CLUBS SEVEN CLUBS KING,0.5902,0.0038,0.406
CLUBS TEN CLUBS ACE,0.2636,0.1064,0.63
SPADES EIGHT CLUBS FIVE,0.639,0.0038,0.3572
SPADES KING SPADES EIGHT,0.6008,0.003,0.3962
CLUBS THREE CLUBS KING,0.6174,0.0046,0.378
CLUBS SIX HEARTS TWO,0.754,0.0266,0.2194
SPADES ACE SPADES THREE,0.3928,0.3294,0.2778
HEARTS EIGHT HEARTS KING,0.5868,0.0036,0.4096
CLUBS EIGHT HEARTS THREE,0.6726,0.0052,0.3222
HEARTS ACE HEARTS NINE,0.2654,0.1508,0.5838
SPADES TEN DIAMONDS QUEEN,0.5702,0.0054,0.4244
CLUBS TEN CLUBS FOUR,0.6098,0.005,0.3852
CLUBS NINE CLUBS FIVE,0.6088,0.0054,0.3858
HEARTS EIGHT SPADES NINE,0.5884,0.0036,0.408
CLUBS JACK DIAMONDS TWO,0.645,0.0048,0.3502
DIAMONDS TEN HEARTS QUEEN,0.5798,0.0054,0.4148
DIAMONDS TEN HEARTS JACK,0.5692,0.0044,0.4264
CLUBS TEN SPADES TEN,0.3528,0.003,0.6442
SPADES SEVEN DIAMONDS QUEEN,0.6244,0.0038,0.3718
HEARTS SIX DIAMONDS NINE,0.7298,0.0192,0.251
SPADES EIGHT HEARTS KING,0.6352,0.0032,0.3616
CLUBS THREE DIAMONDS TEN,0.647,0.0056,0.3474
CLUBS TEN HEARTS NINE,0.5768,0.0052,0.418
CLUBS TWO DIAMONDS SEVEN,0.6616,0.0048,0.3336
SPADES JACK CLUBS FIVE,0.6642,0.0038,0.332
SPADES SEVEN CLUBS TWO,0.662,0.0044,0.3336
CLUBS TEN HEARTS SEVEN,0.6116,0.0046,0.3838
SPADES SIX HEARTS KING,0.752,0.029,0.219
CLUBS TEN CLUBS FIVE,0.619,0.0042,0.3768
CLUBS JACK HEARTS EIGHT,0.6014,0.004,0.3946
SPADES ACE CLUBS SEVEN,0.2798,0.2644,0.4558
HEARTS KING DIAMONDS EIGHT,0.6178,0.0042,0.378
SPADES QUEEN SPADES SIX,0.7144,0.0268,0.2588
CLUBS NINE DIAMONDS FOUR,0.6634,0.0042,0.3324
CLUBS SEVEN DIAMONDS TEN,0.598,0.0058,0.3962
CLUBS NINE CLUBS THREE,0.6256,0.0042,0.3702
SPADES JACK HEARTS NINE,0.5748,0.0046,0.4206
HEARTS ACE HEARTS KING,0.2778,0.035,0.6872
HEARTS FIVE DIAMONDS NINE,0.6386,0.005,0.3564
DIAMONDS TWO SPADES FIVE,0.6646,0.0036,0.3318
DIAMONDS TWO DIAMONDS FOUR,0.6778,0.006,0.3162
HEARTS EIGHT DIAMONDS KING,0.622,0.0032,0.3748
HEARTS SIX DIAMONDS FIVE,0.6968,0.0278,0.2754
SPADES THREE HEARTS KING,0.6584,0.005,0.3366
HEARTS FIVE HEARTS TWO,0.6202,0.005,0.3748
HEARTS TWO DIAMONDS QUEEN,0.652,0.0052,0.3428
CLUBS FIVE HEARTS TEN,0.661,0.003,0.336
SPADES KING SPADES TEN,0.5546,0.0046,0.4408
SPADES KING DIAMONDS FOUR,0.6486,0.0046,0.3468
CLUBS NINE HEARTS JACK,0.601,0.0038,0.3952
HEARTS FIVE CLUBS TWO,0.6704,0.005,0.3246
SPADES ACE CLUBS TWO,0.4032,0.3676,0.2292
DIAMONDS THREE SPADES QUEEN,0.6534,0.0044,0.3422
SPADES QUEEN CLUBS FIVE,0.6534,0.0032,0.3434
CLUBS SIX HEARTS TEN,0.7386,0.018,0.2434
HEARTS TWO CLUBS FOUR,0.6706,0.0048,0.3246
DIAMONDS THREE SPADES SEVEN,0.6484,0.0068,0.3448
SPADES TEN DIAMONDS NINE,0.584,0.003,0.413
CLUBS SIX SPADES TWO,0.7578,0.0266,0.2156
SPADES KING CLUBS TWO,0.6584,0.0062,0.3354
SPADES SIX DIAMONDS SEVEN,0.7014,0.0214,0.2772
DIAMONDS NINE DIAMONDS SEVEN,0.5934,0.0062,0.4004
HEARTS THREE DIAMONDS FIVE,0.6482,0.0062,0.3456
SPADES QUEEN CLUBS KING,0.596,0.0042,0.3998
CLUBS SIX HEARTS ACE,0.0752,0.9044,0.0204
SPADES JACK CLUBS EIGHT,0.6068,0.0026,0.3906
SPADES NINE DIAMONDS TEN,0.5874,0.0054,0.4072
CLUBS TEN DIAMONDS EIGHT,0.5878,0.0056,0.4066
CLUBS FOUR DIAMONDS JACK,0.6434,0.0058,0.3508
CLUBS EIGHT CLUBS SEVEN,0.5578,0.0044,0.4378
DIAMONDS THREE HEARTS ACE,0.414,0.3498,0.2362
DIAMONDS QUEEN CLUBS QUEEN,0.3248,0.0044,0.6708
SPADES TEN SPADES FIVE,0.6214,0.0038,0.3748
CLUBS SIX CLUBS KING,0.7022,0.0284,0.2694
SPADES SIX HEARTS ACE,0.0738,0.9032,0.023
DIAMONDS QUEEN HEARTS QUEEN,0.3194,0.0052,0.6754
SPADES EIGHT CLUBS QUEEN,0.6124,0.0032,0.3844
DIAMONDS JACK SPADES FOUR,0.6528,0.0056,0.3416
SPADES TEN CLUBS KING,0.591,0.0054,0.4036
SPADES QUEEN HEARTS QUEEN,0.3272,0.0038,0.669
CLUBS JACK HEARTS JACK,0.3454,0.0036,0.651
SPADES EIGHT SPADES FIVE,0.601,0.0058,0.3932
CLUBS TWO CLUBS KING,0.6254,0.0044,0.3702
HEARTS JACK CLUBS QUEEN,0.58,0.0034,0.4166
HEARTS FOUR SPADES SIX,0.7108,0.0292,0.26
CLUBS FIVE CLUBS FOUR,0.606,0.0056,0.3884
HEARTS FOUR HEARTS TEN,0.6152,0.004,0.3808
CLUBS JACK CLUBS QUEEN,0.5412,0.0044,0.4544
SPADES ACE SPADES TEN,0.2682,0.1016,0.6302
SPADES JACK DIAMONDS FOUR,0.6456,0.0062,0.3482
CLUBS SIX SPADES EIGHT,0.7108,0.0194,0.2698
HEARTS SEVEN DIAMONDS NINE,0.598,0.004,0.398
SPADES KING HEARTS QUEEN,0.6052,0.004,0.3908
CLUBS EIGHT SPADES SEVEN,0.5958,0.0024,0.4018
HEARTS ACE DIAMONDS FIVE,0.4108,0.3552,0.234
SPADES SIX SPADES THREE,0.7002,0.0224,0.2774
SPADES NINE DIAMONDS SEVEN,0.5974,0.0042,0.3984
SPADES FIVE CLUBS QUEEN,0.6558,0.0034,0.3408
HEARTS THREE HEARTS TWO,0.629,0.007,0.364
SPADES NINE HEARTS TWO,0.666,0.0046,0.3294
HEARTS FIVE CLUBS SIX,0.7048,0.0282,0.267
SPADES JACK CLUBS THREE,0.6428,0.0074,0.3498
DIAMONDS THREE HEARTS KING,0.6386,0.0072,0.3542
CLUBS EIGHT SPADES EIGHT,0.369,0.0042,0.6268
HEARTS SIX SPADES FOUR,0.7222,0.0254,0.2524
CLUBS ACE DIAMONDS FIVE,0.397,0.3724,0.2306
HEARTS KING DIAMONDS FOUR,0.66,0.0052,0.3348
SPADES SIX DIAMONDS FOUR,0.7228,0.0292,0.248
DIAMONDS TEN DIAMONDS FOUR,0.6486,0.0044,0.347
CLUBS THREE SPADES FOUR,0.6604,0.0056,0.334
SPADES TEN SPADES EIGHT,0.5598,0.004,0.4362
HEARTS SEVEN HEARTS THREE,0.627,0.0038,0.3692
DIAMONDS TEN DIAMONDS FIVE,0.6418,0.0056,0.3526
HEARTS FIVE HEARTS THREE,0.6304,0.0044,0.3652
SPADES KING CLUBS KING,0.3282,0.0046,0.6672
CLUBS JACK CLUBS ACE,0.2686,0.0796,0.6518
SPADES SEVEN DIAMONDS FIVE,0.6334,0.0044,0.3622
SPADES TWO CLUBS KING,0.6456,0.0054,0.349
SPADES ACE DIAMONDS THREE,0.4108,0.3532,0.236
CLUBS TEN CLUBS NINE,0.5526,0.0052,0.4422
HEARTS FOUR HEARTS JACK,0.6246,0.0044,0.371
SPADES FOUR CLUBS ACE,0.417,0.3574,0.2256
CLUBS JACK DIAMONDS EIGHT,0.5902,0.0046,0.4052
CLUBS EIGHT HEARTS NINE,0.5936,0.0044,0.402
SPADES SIX DIAMONDS QUEEN,0.7432,0.0316,0.2252
SPADES SIX DIAMONDS EIGHT,0.713,0.0236,0.2634
HEARTS SEVEN CLUBS TWO,0.681,0.0052,0.3138
DIAMONDS THREE DIAMONDS TWO,0.6684,0.007,0.3246
HEARTS KING CLUBS ACE,0.277,0.0468,0.6762
SPADES EIGHT SPADES TWO,0.6184,0.005,0.3766
SPADES ACE CLUBS TEN,0.2926,0.1086,0.5988
CLUBS SIX DIAMONDS TEN,0.7374,0.0222,0.2404
CLUBS EIGHT HEARTS FOUR,0.6486,0.0032,0.3482
SPADES QUEEN DIAMONDS TEN,0.5786,0.0036,0.4178
HEARTS TWO CLUBS KING,0.6558,0.0056,0.3386
HEARTS TWO DIAMONDS TEN,0.649,0.0082,0.3428
DIAMONDS TEN CLUBS ACE,0.2744,0.1194,0.6062
DIAMONDS NINE HEARTS TEN,0.5782,0.0038,0.418
DIAMONDS TWO HEARTS THREE,0.672,0.0068,0.3212
DIAMONDS TWO SPADES NINE,0.6584,0.0048,0.3368
SPADES FIVE CLUBS TWO,0.6658,0.0042,0.33
SPADES TEN DIAMONDS FOUR,0.6472,0.0048,0.348
HEARTS TEN DIAMONDS FOUR,0.6582,0.0048,0.337
SPADES TEN CLUBS SEVEN,0.6102,0.0036,0.3862
SPADES SEVEN DIAMONDS JACK,0.6094,0.0044,0.3862
DIAMONDS JACK DIAMONDS NINE,0.5798,0.0052,0.415
CLUBS NINE HEARTS ACE,0.2798,0.1588,0.5614
CLUBS THREE DIAMONDS JACK,0.641,0.005,0.354
CLUBS SIX CLUBS FIVE,0.6772,0.0236,0.2992
HEARTS SIX HEARTS THREE,0.704,0.0242,0.2718
DIAMONDS TEN CLUBS KING,0.593,0.0044,0.4026
SPADES ACE SPADES FOUR,0.3922,0.3428,0.265
CLUBS JACK DIAMONDS FOUR,0.6602,0.0052,0.3346
DIAMONDS THREE CLUBS KING,0.6582,0.0052,0.3366
HEARTS FOUR SPADES EIGHT,0.6612,0.004,0.3348
HEARTS SEVEN HEARTS JACK,0.5692,0.0042,0.4266
CLUBS EIGHT CLUBS KING,0.59,0.0052,0.4048
CLUBS NINE CLUBS KING,0.5822,0.0054,0.4124
SPADES JACK HEARTS FOUR,0.6792,0.0034,0.3174
CLUBS TEN HEARTS THREE,0.6566,0.0042,0.3392
CLUBS FIVE HEARTS QUEEN,0.6534,0.0038,0.3428
HEARTS THREE SPADES THREE,0.502,0.0066,0.4914
HEARTS THREE DIAMONDS KING,0.6582,0.0056,0.3362
SPADES ACE CLUBS THREE,0.405,0.3726,0.2224
DIAMONDS TWO CLUBS FIVE,0.6732,0.005,0.3218
SPADES KING DIAMONDS SEVEN,0.6276,0.0036,0.3688
HEARTS THREE SPADES FIVE,0.6468,0.0048,0.3484
HEARTS FIVE HEARTS NINE,0.6048,0.0052,0.39
SPADES EIGHT SPADES SEVEN,0.5624,0.005,0.4326
SPADES NINE CLUBS QUEEN,0.604,0.0044,0.3916
DIAMONDS THREE CLUBS SIX,0.726,0.0282,0.2458
HEARTS SIX DIAMONDS FOUR,0.711,0.028,0.261
DIAMONDS TEN CLUBS QUEEN,0.5662,0.0042,0.4296
SPADES NINE DIAMONDS QUEEN,0.5926,0.0036,0.4038
SPADES EIGHT DIAMONDS NINE,0.584,0.0058,0.4102
SPADES FIVE CLUBS ACE,0.4116,0.354,0.2344
SPADES SEVEN HEARTS NINE,0.5976,0.0036,0.3988
CLUBS TEN CLUBS SEVEN,0.5674,0.004,0.4286
SPADES EIGHT HEARTS TEN,0.5834,0.0038,0.4128
HEARTS KING HEARTS TEN,0.5684,0.0048,0.4268
HEARTS SIX HEARTS TEN,0.696,0.0178,0.2862
SPADES TWO HEARTS QUEEN,0.6454,0.0056,0.349
DIAMONDS TWO HEARTS FOUR,0.6748,0.006,0.3192
SPADES FIVE HEARTS KING,0.649,0.0048,0.3462
SPADES THREE HEARTS TEN,0.6552,0.0036,0.3412
DIAMONDS QUEEN HEARTS KING,0.5894,0.005,0.4056
CLUBS EIGHT SPADES NINE,0.596,0.003,0.401
SPADES EIGHT DIAMONDS JACK,0.5726,0.0062,0.4212
CLUBS EIGHT CLUBS FIVE,0.6018,0.0052,0.393
DIAMONDS TWO CLUBS EIGHT,0.6628,0.0052,0.332
HEARTS SIX DIAMONDS SEVEN,0.6894,0.0226,0.288
HEARTS TWO HEARTS KING,0.617,0.0052,0.3778
DIAMONDS KING SPADES THREE,0.6632,0.0042,0.3326
CLUBS ACE HEARTS NINE,0.2766,0.1568,0.5666
CLUBS TWO HEARTS TEN,0.6494,0.0044,0.3462
CLUBS TEN CLUBS THREE,0.6174,0.0036,0.379
DIAMONDS KING CLUBS THREE,0.646,0.0066,0.3474
SPADES THREE CLUBS KING,0.6538,0.0046,0.3416
CLUBS NINE HEARTS THREE,0.6576,0.0034,0.339
CLUBS SIX DIAMONDS SEVEN,0.6878,0.0198,0.2924
CLUBS TWO HEARTS NINE,0.6618,0.0044,0.3338
HEARTS QUEEN CLUBS KING,0.6134,0.0036,0.383
SPADES QUEEN CLUBS SIX,0.7502,0.0306,0.2192
CLUBS SEVEN SPADES THREE,0.6564,0.0038,0.3398
HEARTS TWO SPADES FIVE,0.6654,0.0062,0.3284
HEARTS EIGHT CLUBS QUEEN,0.6106,0.0034,0.386
HEARTS EIGHT DIAMONDS TEN,0.5976,0.0038,0.3986
DIAMONDS EIGHT CLUBS ACE,0.2624,0.2228,0.5148
CLUBS THREE HEARTS TEN,0.668,0.0048,0.3272
CLUBS THREE SPADES FIVE,0.665,0.0052,0.3298
HEARTS QUEEN DIAMONDS EIGHT,0.598,0.004,0.398
SPADES ACE CLUBS ACE,0.1032,0.0076,0.8892
SPADES SEVEN CLUBS QUEEN,0.6356,0.0044,0.36
HEARTS SIX CLUBS QUEEN,0.7386,0.0264,0.235
SPADES QUEEN CLUBS QUEEN,0.3388,0.0034,0.6578
DIAMONDS TEN SPADES THREE,0.6488,0.0052,0.346
DIAMONDS JACK HEARTS QUEEN,0.587,0.0048,0.4082
SPADES JACK CLUBS SIX,0.7468,0.0206,0.2326
HEARTS SIX SPADES NINE,0.7294,0.021,0.2496
SPADES EIGHT HEARTS ACE,0.265,0.2172,0.5178
SPADES THREE SPADES TWO,0.6292,0.005,0.3658
HEARTS SIX SPADES JACK,0.7502,0.025,0.2248
CLUBS FOUR DIAMONDS FOUR,0.4828,0.0044,0.5128
SPADES FIVE SPADES TWO,0.6304,0.0046,0.365
CLUBS JACK SPADES NINE,0.5922,0.0044,0.4034
HEARTS SIX SPADES FIVE,0.7092,0.028,0.2628
SPADES FOUR HEARTS QUEEN,0.6584,0.0036,0.338
SPADES JACK SPADES SEVEN,0.571,0.0044,0.4246
CLUBS FOUR CLUBS TWO,0.6446,0.006,0.3494
DIAMONDS EIGHT DIAMONDS FIVE,0.6352,0.005,0.3598
SPADES KING HEARTS THREE,0.6564,0.0042,0.3394
SPADES FIVE HEARTS ACE,0.4166,0.359,0.2244
HEARTS THREE CLUBS FIVE,0.6626,0.0038,0.3336
DIAMONDS THREE DIAMONDS KING,0.656,0.0072,0.3368
HEARTS SEVEN DIAMONDS TEN,0.6044,0.004,0.3916
CLUBS TEN HEARTS FIVE,0.655,0.0034,0.3416
CLUBS FIVE CLUBS THREE,0.616,0.005,0.379
SPADES KING HEARTS NINE,0.6152,0.0052,0.3796
SPADES KING HEARTS FOUR,0.6684,0.0058,0.3258
DIAMONDS SEVEN DIAMONDS FIVE,0.6194,0.0062,0.3744
CLUBS JACK SPADES QUEEN,0.5838,0.005,0.4112
CLUBS FOUR HEARTS NINE,0.6598,0.0044,0.3358
HEARTS EIGHT HEARTS FIVE,0.596,0.005,0.399
DIAMONDS EIGHT DIAMONDS FOUR,0.6458,0.0056,0.3486
HEARTS THREE SPADES SIX,0.7442,0.0226,0.2332
CLUBS NINE HEARTS TWO,0.6656,0.0052,0.3292
HEARTS EIGHT DIAMONDS FIVE,0.6392,0.0044,0.3564
CLUBS EIGHT SPADES THREE,0.6518,0.004,0.3442
HEARTS SEVEN SPADES THREE,0.6532,0.0058,0.341
CLUBS TEN CLUBS TWO,0.6212,0.0042,0.3746
CLUBS SIX SPADES THREE,0.7404,0.0264,0.2332
CLUBS TEN HEARTS FOUR,0.666,0.0036,0.3304
SPADES KING DIAMONDS TWO,0.6522,0.0032,0.3446
DIAMONDS THREE CLUBS ACE,0.4076,0.3558,0.2366
DIAMONDS THREE DIAMONDS FIVE,0.6556,0.0064,0.338
CLUBS JACK CLUBS THREE,0.6126,0.0054,0.382
CLUBS JACK HEARTS ACE,0.29,0.0804,0.6296
DIAMONDS TWO CLUBS QUEEN,0.6538,0.0034,0.3428
CLUBS TEN SPADES SIX,0.7432,0.0234,0.2334
SPADES NINE DIAMONDS JACK,0.5762,0.004,0.4198
CLUBS FIVE DIAMONDS JACK,0.6452,0.0058,0.349
HEARTS FOUR SPADES FIVE,0.6458,0.0044,0.3498
SPADES QUEEN CLUBS FOUR,0.6644,0.0048,0.3308
SPADES TEN SPADES SEVEN,0.5698,0.0052,0.425
SPADES EIGHT CLUBS KING,0.6284,0.0048,0.3668
DIAMONDS THREE CLUBS FOUR,0.6458,0.0066,0.3476
SPADES QUEEN DIAMONDS NINE,0.6038,0.0036,0.3926
HEARTS FOUR CLUBS ACE,0.4238,0.356,0.2202
SPADES ACE CLUBS FOUR,0.419,0.3522,0.2288
CLUBS NINE DIAMONDS KING,0.601,0.0052,0.3938
SPADES ACE DIAMONDS QUEEN,0.2776,0.055,0.6674
CLUBS EIGHT DIAMONDS FOUR,0.6496,0.004,0.3464
DIAMONDS TWO CLUBS SEVEN,0.67,0.0046,0.3254
CLUBS TWO DIAMONDS FIVE,0.6678,0.007,0.3252
CLUBS NINE SPADES TEN,0.5732,0.0034,0.4234
HEARTS SIX HEARTS ACE,0.0672,0.8592,0.0736
DIAMONDS NINE DIAMONDS EIGHT,0.5796,0.0056,0.4148
CLUBS NINE SPADES SEVEN,0.6098,0.0034,0.3868
HEARTS EIGHT CLUBS NINE,0.5914,0.0038,0.4048
DIAMONDS THREE SPADES KING,0.6674,0.0046,0.328
CLUBS JACK HEARTS FIVE,0.6382,0.0042,0.3576
SPADES SIX DIAMONDS FIVE,0.696,0.0294,0.2746
CLUBS JACK CLUBS NINE,0.5618,0.0034,0.4348
HEARTS FIVE DIAMONDS KING,0.6612,0.0058,0.333
DIAMONDS JACK DIAMONDS FOUR,0.6528,0.0068,0.3404
HEARTS JACK DIAMONDS FIVE,0.6614,0.0032,0.3354
DIAMONDS THREE HEARTS TEN,0.6504,0.0036,0.346
SPADES NINE SPADES FOUR,0.6252,0.006,0.3688
HEARTS SEVEN HEARTS NINE,0.5558,0.0048,0.4394
SPADES JACK CLUBS QUEEN,0.5874,0.0042,0.4084
HEARTS SEVEN SPADES JACK,0.6288,0.0018,0.3694
SPADES NINE HEARTS JACK,0.5968,0.0024,0.4008
SPADES THREE DIAMONDS FIVE,0.6526,0.0058,0.3416
DIAMONDS THREE DIAMONDS EIGHT,0.6618,0.0052,0.333
CLUBS SIX CLUBS FOUR,0.6764,0.0264,0.2972
HEARTS ACE HEARTS TEN,0.2754,0.0994,0.6252
SPADES KING DIAMONDS TEN,0.5894,0.004,0.4066
DIAMONDS THREE SPADES TEN,0.6596,0.0048,0.3356
HEARTS SIX SPADES SEVEN,0.7116,0.0178,0.2706
HEARTS SEVEN DIAMONDS FIVE,0.6212,0.0046,0.3742
SPADES QUEEN HEARTS SIX,0.7516,0.0262,0.2222
SPADES JACK DIAMONDS SEVEN,0.6056,0.004,0.3904
CLUBS SIX DIAMONDS FOUR,0.7142,0.0284,0.2574
DIAMONDS THREE DIAMONDS QUEEN,0.6448,0.0074,0.3478
CLUBS NINE SPADES EIGHT,0.5964,0.003,0.4006
CLUBS EIGHT CLUBS QUEEN,0.5864,0.0052,0.4084
SPADES NINE SPADES FIVE,0.6078,0.0054,0.3868
CLUBS SEVEN SPADES FIVE,0.6286,0.0042,0.3672
HEARTS SEVEN CLUBS QUEEN,0.6408,0.0044,0.3548
HEARTS FIVE SPADES SIX,0.7246,0.0232,0.2522
DIAMONDS QUEEN DIAMONDS FIVE,0.656,0.0078,0.3362
DIAMONDS THREE CLUBS NINE,0.6658,0.0052,0.329
CLUBS THREE CLUBS TWO,0.6332,0.0054,0.3614
CLUBS TEN HEARTS KING,0.5882,0.0032,0.4086
SPADES SEVEN HEARTS ACE,0.2636,0.2846,0.4518
SPADES TWO DIAMONDS EIGHT,0.6558,0.007,0.3372
HEARTS FIVE SPADES EIGHT,0.6496,0.0044,0.346
SPADES QUEEN SPADES THREE,0.6296,0.006,0.3644
CLUBS EIGHT SPADES SIX,0.704,0.0226,0.2734
HEARTS SEVEN CLUBS SEVEN,0.38,0.0046,0.6154
HEARTS THREE HEARTS JACK,0.6172,0.005,0.3778
DIAMONDS SEVEN DIAMONDS FOUR,0.647,0.0036,0.3494
SPADES SEVEN DIAMONDS EIGHT,0.6012,0.0042,0.3946
HEARTS KING DIAMONDS FIVE,0.6526,0.005,0.3424
HEARTS SIX HEARTS KING,0.6992,0.0262,0.2746
CLUBS TEN DIAMONDS FIVE,0.6506,0.004,0.3454
HEARTS QUEEN HEARTS TEN,0.5584,0.0056,0.436
SPADES NINE CLUBS THREE,0.6514,0.004,0.3446
DIAMONDS KING DIAMONDS EIGHT,0.6196,0.0058,0.3746
CLUBS NINE HEARTS SIX,0.7272,0.0218,0.251
CLUBS SEVEN CLUBS FOUR,0.605,0.0058,0.3892
DIAMONDS TEN HEARTS TEN,0.3542,0.0068,0.639
SPADES QUEEN CLUBS EIGHT,0.6178,0.0056,0.3766
SPADES KING SPADES TWO,0.6352,0.005,0.3598
CLUBS SIX CLUBS QUEEN,0.705,0.0312,0.2638
HEARTS FOUR SPADES NINE,0.6764,0.0042,0.3194
CLUBS SEVEN HEARTS FOUR,0.6442,0.0042,0.3516
SPADES JACK HEARTS TWO,0.6414,0.0042,0.3544
SPADES QUEEN SPADES SEVEN,0.5974,0.0044,0.3982
DIAMONDS THREE HEARTS SIX,0.7294,0.031,0.2396
SPADES QUEEN DIAMONDS KING,0.5934,0.0058,0.4008
SPADES SEVEN SPADES FIVE,0.608,0.0046,0.3874
DIAMONDS QUEEN DIAMONDS TEN,0.561,0.005,0.434
SPADES ACE HEARTS KING,0.2996,0.0428,0.6576
CLUBS FIVE CLUBS KING,0.6116,0.0046,0.3838
HEARTS TWO DIAMONDS FOUR,0.676,0.0056,0.3184
HEARTS QUEEN CLUBS ACE,0.2916,0.0574,0.651
CLUBS JACK SPADES JACK,0.3394,0.0042,0.6564
SPADES ACE SPADES FIVE,0.3864,0.3398,0.2738
DIAMONDS THREE SPADES FIVE,0.652,0.0056,0.3424
HEARTS KING HEARTS JACK,0.5722,0.004,0.4238
HEARTS EIGHT HEARTS QUEEN,0.6022,0.005,0.3928
HEARTS TWO DIAMONDS KING,0.6624,0.004,0.3336
DIAMONDS KING DIAMONDS FIVE,0.6576,0.0052,0.3372
CLUBS EIGHT HEARTS ACE,0.272,0.21,0.518
HEARTS TWO CLUBS ACE,0.4084,0.362,0.2296
DIAMONDS KING DIAMONDS JACK,0.5852,0.006,0.4088
HEARTS SEVEN SPADES TEN,0.6292,0.0036,0.3672
DIAMONDS JACK DIAMONDS TEN,0.556,0.0062,0.4378
HEARTS FIVE SPADES THREE,0.6584,0.005,0.3366
DIAMONDS THREE DIAMONDS FOUR,0.651,0.0046,0.3444
SPADES SEVEN DIAMONDS KING,0.617,0.0038,0.3792
CLUBS TEN CLUBS EIGHT,0.5504,0.0042,0.4454
HEARTS NINE DIAMONDS FOUR,0.681,0.0052,0.3138
SPADES SEVEN DIAMONDS FOUR,0.654,0.006,0.34
SPADES NINE CLUBS SIX,0.7276,0.0198,0.2526
HEARTS ACE CLUBS ACE,0.1158,0.0078,0.8764
HEARTS SEVEN CLUBS SIX,0.7128,0.0168,0.2704
HEARTS EIGHT CLUBS TEN,0.5972,0.0034,0.3994
HEARTS FOUR DIAMONDS KING,0.6564,0.0048,0.3388
CLUBS SEVEN DIAMONDS FOUR,0.6446,0.0048,0.3506
DIAMONDS JACK HEARTS ACE,0.2692,0.08,0.6508
HEARTS SEVEN HEARTS SIX,0.6628,0.0214,0.3158
CLUBS FIVE CLUBS TWO,0.6342,0.0044,0.3614
CLUBS FIVE DIAMONDS FIVE,0.4708,0.004,0.5252
CLUBS FOUR HEARTS ACE,0.4118,0.3574,0.2308
SPADES THREE DIAMONDS NINE,0.6494,0.006,0.3446
CLUBS NINE HEARTS NINE,0.3674,0.003,0.6296
DIAMONDS TWO CLUBS TWO,0.4858,0.0054,0.5088
HEARTS TWO CLUBS THREE,0.6878,0.0058,0.3064
HEARTS JACK DIAMONDS FOUR,0.6532,0.006,0.3408
SPADES QUEEN SPADES NINE,0.562,0.0032,0.4348
CLUBS EIGHT SPADES FIVE,0.6372,0.0036,0.3592
HEARTS SIX CLUBS KING,0.7564,0.0246,0.219
HEARTS FOUR DIAMONDS EIGHT,0.646,0.0044,0.3496
SPADES TEN SPADES THREE,0.6206,0.0036,0.3758
HEARTS SEVEN SPADES TWO,0.6702,0.006,0.3238
HEARTS SEVEN HEARTS QUEEN,0.5882,0.0046,0.4072
HEARTS EIGHT SPADES EIGHT,0.365,0.0042,0.6308
CLUBS FIVE HEARTS KING,0.6472,0.0056,0.3472
DIAMONDS THREE HEARTS FIVE,0.652,0.0052,0.3428
SPADES ACE DIAMONDS JACK,0.272,0.0814,0.6466
SPADES ACE HEARTS SEVEN,0.2582,0.2896,0.4522
SPADES TEN SPADES TWO,0.6128,0.0062,0.381
SPADES QUEEN HEARTS NINE,0.5956,0.0036,0.4008
CLUBS EIGHT CLUBS ACE,0.262,0.205,0.533
HEARTS THREE CLUBS QUEEN,0.6498,0.0048,0.3454
CLUBS TEN SPADES JACK,0.5788,0.0026,0.4186
SPADES QUEEN DIAMONDS EIGHT,0.604,0.005,0.391
CLUBS JACK DIAMONDS THREE,0.6508,0.0056,0.3436
CLUBS FIVE SPADES FOUR,0.6396,0.005,0.3554
CLUBS JACK HEARTS THREE,0.6518,0.004,0.3442
CLUBS NINE DIAMONDS NINE,0.3702,0.0046,0.6252
CLUBS TEN HEARTS SIX,0.7304,0.0256,0.244
SPADES QUEEN DIAMONDS QUEEN,0.3262,0.004,0.6698
SPADES FOUR DIAMONDS FOUR,0.4798,0.0052,0.515
DIAMONDS KING HEARTS QUEEN,0.5922,0.003,0.4048
DIAMONDS EIGHT DIAMONDS SEVEN,0.5804,0.0066,0.413
HEARTS FOUR SPADES SEVEN,0.6634,0.0026,0.334
HEARTS SIX SPADES TEN,0.7412,0.0222,0.2366
CLUBS JACK HEARTS TEN,0.567,0.0036,0.4294
CLUBS JACK SPADES TWO,0.646,0.0068,0.3472
HEARTS EIGHT HEARTS SIX,0.6814,0.0172,0.3014
DIAMONDS QUEEN HEARTS ACE,0.275,0.0568,0.6682
CLUBS SEVEN DIAMONDS NINE,0.598,0.0034,0.3986
SPADES TEN DIAMONDS FIVE,0.6494,0.005,0.3456
CLUBS SIX DIAMONDS JACK,0.7474,0.0262,0.2264
DIAMONDS TWO SPADES THREE,0.6692,0.0056,0.3252
SPADES QUEEN SPADES FOUR,0.618,0.0048,0.3772
CLUBS QUEEN DIAMONDS FOUR,0.653,0.0042,0.3428
CLUBS EIGHT CLUBS SIX,0.6806,0.0172,0.3022
DIAMONDS THREE HEARTS TWO,0.6568,0.0052,0.338
CLUBS TEN HEARTS TEN,0.3552,0.003,0.6418
CLUBS TEN DIAMONDS QUEEN,0.5716,0.0046,0.4238
CLUBS JACK HEARTS SEVEN,0.6312,0.0024,0.3664
CLUBS JACK SPADES EIGHT,0.5958,0.0042,0.4
CLUBS SEVEN DIAMONDS KING,0.6152,0.0048,0.38
DIAMONDS TWO SPADES SEVEN,0.661,0.0054,0.3336
DIAMONDS QUEEN HEARTS NINE,0.6026,0.0026,0.3948
SPADES TWO HEARTS NINE,0.673,0.0054,0.3216
DIAMONDS TEN HEARTS KING,0.5898,0.0068,0.4034
SPADES NINE CLUBS KING,0.6074,0.0028,0.3898
HEARTS FIVE CLUBS QUEEN,0.659,0.0042,0.3368
CLUBS SIX CLUBS TWO,0.7164,0.026,0.2576
CLUBS THREE DIAMONDS EIGHT,0.6678,0.0042,0.328
SPADES TEN DIAMONDS JACK,0.5802,0.0048,0.415
SPADES JACK DIAMONDS KING,0.5944,0.0058,0.3998
CLUBS FOUR SPADES THREE,0.6446,0.005,0.3504
DIAMONDS THREE SPADES NINE,0.6504,0.0052,0.3444
HEARTS FOUR HEARTS NINE,0.6254,0.004,0.3706
DIAMONDS THREE SPADES JACK,0.6488,0.0038,0.3474
HEARTS SEVEN HEARTS FOUR,0.61,0.0044,0.3856
CLUBS EIGHT HEARTS TWO,0.6708,0.0042,0.325
CLUBS EIGHT SPADES TWO,0.6666,0.0042,0.3292
SPADES KING HEARTS TEN,0.5916,0.0038,0.4046
HEARTS SIX HEARTS TWO,0.7048,0.03,0.2652
HEARTS TWO SPADES FOUR,0.675,0.0058,0.3192
CLUBS ACE HEARTS JACK,0.278,0.0812,0.6408
HEARTS FIVE SPADES FIVE,0.4828,0.0048,0.5124
HEARTS SIX CLUBS THREE,0.733,0.029,0.238
CLUBS TWO DIAMONDS JACK,0.6594,0.0046,0.336
CLUBS TWO HEARTS KING,0.6492,0.0042,0.3466
SPADES TEN CLUBS FOUR,0.6506,0.004,0.3454
SPADES ACE DIAMONDS NINE,0.2674,0.1556,0.577
DIAMONDS TWO SPADES QUEEN,0.6598,0.0056,0.3346
HEARTS SEVEN SPADES FOUR,0.6554,0.0046,0.34
