opposingHand,winningChance,drawChance,lostChance
DIAMONDS FIVE DIAMONDS SIX
DIAMONDS QUEEN HEARTS QUEEN,0.2126,0.0326,0.7548
SPADES SIX DIAMONDS NINE,0.3042,0.1058,0.59
CLUBS NINE HEARTS FIVE,0.324,0.0964,0.5796
CLUBS FIVE CLUBS FOUR,0.4826,0.243,0.2744
CLUBS SIX DIAMONDS NINE,0.2932,0.1018,0.605
SPADES ACE DIAMONDS THREE,0.4482,0.004,0.5478
CLUBS FOUR DIAMONDS SEVEN,0.4292,0.0974,0.4734
CLUBS ACE HEARTS JACK,0.4154,0.0048,0.5798
HEARTS SEVEN DIAMONDS TWO,0.4528,0.1018,0.4454
SPADES QUEEN SPADES NINE,0.3836,0.0114,0.605
CLUBS FOUR SPADES FIVE,0.5098,0.2534,0.2368
SPADES THREE HEARTS NINE,0.4572,0.0428,0.5
HEARTS SIX HEARTS JACK,0.317,0.0572,0.6258
HEARTS THREE HEARTS NINE,0.4416,0.0384,0.52
HEARTS THREE SPADES FOUR,0.558,0.1326,0.3094
SPADES KING CLUBS FOUR,0.4636,0.008,0.5284
HEARTS SIX CLUBS SIX,0.1698,0.1112,0.719
HEARTS ACE DIAMONDS FOUR,0.4518,0.0048,0.5434
HEARTS FOUR DIAMONDS TEN,0.4472,0.0268,0.526
SPADES NINE SPADES THREE,0.4346,0.0434,0.522
SPADES NINE HEARTS TWO,0.459,0.0462,0.4948
DIAMONDS KING DIAMONDS JACK,0.3574,0.009,0.6336
HEARTS FOUR SPADES FOUR,0.3832,0.1254,0.4914
DIAMONDS JACK DIAMONDS NINE,0.3436,0.0172,0.6392
CLUBS FOUR CLUBS TWO,0.522,0.1412,0.3368
SPADES NINE DIAMONDS JACK,0.389,0.0192,0.5918
CLUBS NINE HEARTS TEN,0.4014,0.0214,0.5772
HEARTS TWO HEARTS ACE,0.418,0.0032,0.5788
SPADES SIX CLUBS KING,0.3378,0.0416,0.6206
DIAMONDS ACE CLUBS THREE,0.4378,0.0056,0.5566
HEARTS FIVE CLUBS SIX,0.0774,0.9012,0.0214
CLUBS FOUR DIAMONDS KING,0.433,0.0092,0.5578
DIAMONDS KING DIAMONDS EIGHT,0.351,0.0116,0.6374
DIAMONDS TWO HEARTS TWO,0.3994,0.1288,0.4718
HEARTS TWO DIAMONDS JACK,0.4648,0.0228,0.5124
DIAMONDS THREE DIAMONDS ACE,0.4018,0.0056,0.5926
HEARTS EIGHT DIAMONDS KING,0.4068,0.0064,0.5868
HEARTS EIGHT DIAMONDS FOUR,0.4348,0.071,0.4942
DIAMONDS ACE CLUBS TWO,0.4338,0.0066,0.5596
HEARTS ACE DIAMONDS JACK,0.3838,0.0048,0.6114
CLUBS TEN HEARTS ACE,0.4116,0.0046,0.5838
HEARTS EIGHT SPADES TEN,0.39,0.0266,0.5834
SPADES TEN HEARTS TWO,0.478,0.0284,0.4936
CLUBS JACK DIAMONDS TWO,0.459,0.0204,0.5206
SPADES KING CLUBS EIGHT,0.4202,0.0074,0.5724
SPADES KING SPADES QUEEN,0.398,0.0066,0.5954
HEARTS EIGHT SPADES EIGHT,0.2094,0.0924,0.6982
HEARTS FIVE DIAMONDS EIGHT,0.2924,0.1348,0.5728
CLUBS SIX CLUBS FIVE,0.0692,0.8556,0.0752
CLUBS SEVEN DIAMONDS QUEEN,0.4056,0.0116,0.5828
HEARTS SIX HEARTS KING,0.3142,0.032,0.6538
HEARTS FIVE DIAMONDS NINE,0.3002,0.1068,0.593
HEARTS FOUR DIAMONDS EIGHT,0.4452,0.0664,0.4884
SPADES SEVEN DIAMONDS FOUR,0.4288,0.1016,0.4696
DIAMONDS ACE DIAMONDS NINE,0.3458,0.007,0.6472
SPADES ACE CLUBS FIVE,0.3122,0.0266,0.6612
SPADES ACE CLUBS TWO,0.4514,0.0052,0.5434
SPADES ACE HEARTS JACK,0.4178,0.007,0.5752
CLUBS SEVEN CLUBS SIX,0.2782,0.184,0.5378
DIAMONDS THREE HEARTS KING,0.4564,0.0078,0.5358
CLUBS FOUR SPADES SIX,0.3656,0.434,0.2004
HEARTS EIGHT DIAMONDS THREE,0.4548,0.0626,0.4826
DIAMONDS TWO HEARTS ACE,0.4574,0.0056,0.537
SPADES KING SPADES EIGHT,0.3918,0.0084,0.5998
SPADES NINE CLUBS FIVE,0.316,0.1,0.584
CLUBS JACK CLUBS FIVE,0.311,0.054,0.635
SPADES SEVEN SPADES THREE,0.4392,0.098,0.4628
SPADES ACE SPADES KING,0.3876,0.0064,0.606
DIAMONDS THREE SPADES THREE,0.4076,0.1208,0.4716
DIAMONDS THREE CLUBS QUEEN,0.4716,0.0148,0.5136
SPADES JACK HEARTS THREE,0.4648,0.0186,0.5166
HEARTS TWO HEARTS NINE,0.4444,0.0394,0.5162
DIAMONDS THREE HEARTS QUEEN,0.4506,0.0142,0.5352
SPADES JACK DIAMONDS EIGHT,0.4058,0.0202,0.574
HEARTS SEVEN SPADES THREE,0.4518,0.0978,0.4504
CLUBS THREE HEARTS QUEEN,0.4738,0.011,0.5152
HEARTS TEN DIAMONDS FOUR,0.4492,0.0282,0.5226
CLUBS TEN SPADES TWO,0.465,0.0292,0.5058
HEARTS TWO CLUBS FOUR,0.5588,0.1538,0.2874
HEARTS EIGHT HEARTS JACK,0.3778,0.0188,0.6034
SPADES KING DIAMONDS JACK,0.401,0.0054,0.5936
CLUBS FIVE CLUBS QUEEN,0.3118,0.0398,0.6484
CLUBS KING DIAMONDS FOUR,0.4408,0.0094,0.5498
DIAMONDS QUEEN CLUBS QUEEN,0.2136,0.0344,0.752
HEARTS SIX DIAMONDS EIGHT,0.2906,0.14,0.5694
HEARTS SIX SPADES TEN,0.318,0.0766,0.6054
SPADES JACK SPADES FOUR,0.4238,0.0204,0.5558
CLUBS EIGHT HEARTS THREE,0.4574,0.0606,0.482
CLUBS NINE HEARTS ACE,0.4154,0.0036,0.581
HEARTS FOUR CLUBS KING,0.4556,0.0076,0.5368
SPADES KING HEARTS SEVEN,0.4138,0.0082,0.578
DIAMONDS TWO HEARTS NINE,0.4676,0.041,0.4914
SPADES SIX DIAMONDS QUEEN,0.3058,0.0558,0.6384
HEARTS EIGHT DIAMONDS TEN,0.3804,0.026,0.5936
CLUBS NINE SPADES THREE,0.4652,0.0394,0.4954
CLUBS FIVE CLUBS ACE,0.2944,0.0246,0.681
SPADES QUEEN CLUBS TWO,0.4784,0.0112,0.5104
CLUBS SEVEN HEARTS TEN,0.4012,0.0272,0.5716
HEARTS SIX HEARTS NINE,0.301,0.0974,0.6016
DIAMONDS THREE SPADES NINE,0.473,0.0474,0.4796
HEARTS THREE SPADES EIGHT,0.4614,0.065,0.4736
SPADES EIGHT CLUBS FOUR,0.45,0.0606,0.4894
SPADES KING SPADES SEVEN,0.3802,0.007,0.6128
DIAMONDS TWO SPADES SIX,0.3814,0.4162,0.2024
CLUBS JACK SPADES QUEEN,0.4104,0.0096,0.58
CLUBS JACK SPADES JACK,0.2336,0.0448,0.7216
HEARTS THREE SPADES TWO,0.558,0.1388,0.3032
CLUBS SEVEN HEARTS QUEEN,0.4094,0.0112,0.5794
HEARTS SIX DIAMONDS NINE,0.3004,0.1024,0.5972
SPADES ACE HEARTS QUEEN,0.4088,0.005,0.5862
HEARTS FIVE CLUBS SEVEN,0.2844,0.1858,0.5298
SPADES QUEEN DIAMONDS KING,0.4098,0.006,0.5842
SPADES SEVEN HEARTS JACK,0.4086,0.0178,0.5736
CLUBS NINE HEARTS KING,0.4112,0.0086,0.5802
CLUBS FOUR CLUBS THREE,0.5202,0.1326,0.3472
SPADES SEVEN CLUBS QUEEN,0.4162,0.0108,0.573
DIAMONDS TEN DIAMONDS SEVEN,0.3552,0.0304,0.6144
CLUBS SEVEN CLUBS QUEEN,0.3998,0.0106,0.5896
DIAMONDS JACK CLUBS ACE,0.408,0.004,0.588
SPADES EIGHT DIAMONDS ACE,0.384,0.0052,0.6108
CLUBS FOUR HEARTS TEN,0.454,0.026,0.52
SPADES KING DIAMONDS EIGHT,0.4028,0.0076,0.5896
CLUBS NINE SPADES TEN,0.401,0.0212,0.5778
CLUBS THREE DIAMONDS SEVEN,0.4386,0.1074,0.454
HEARTS QUEEN DIAMONDS FOUR,0.4568,0.011,0.5322
SPADES KING HEARTS ACE,0.4106,0.0054,0.584
DIAMONDS TWO DIAMONDS ACE,0.412,0.0072,0.5808
CLUBS FOUR DIAMONDS ACE,0.4224,0.0058,0.5718
SPADES FOUR HEARTS NINE,0.4584,0.038,0.5036
HEARTS TWO CLUBS ACE,0.4556,0.0048,0.5396
CLUBS TEN CLUBS KING,0.3848,0.0088,0.6064
DIAMONDS THREE DIAMONDS EIGHT,0.4094,0.0658,0.5248
SPADES ACE DIAMONDS JACK,0.3968,0.005,0.5982
CLUBS EIGHT SPADES THREE,0.4674,0.0632,0.4694
CLUBS TWO HEARTS QUEEN,0.4736,0.011,0.5154
DIAMONDS ACE DIAMONDS KING,0.3612,0.0056,0.6332
SPADES QUEEN HEARTS FOUR,0.4602,0.0108,0.529
CLUBS NINE HEARTS FOUR,0.456,0.0398,0.5042
CLUBS SIX CLUBS FOUR,0.3536,0.403,0.2434
HEARTS SEVEN SPADES TEN,0.3994,0.0278,0.5728
DIAMONDS JACK CLUBS QUEEN,0.3928,0.0104,0.5968
HEARTS EIGHT HEARTS ACE,0.3804,0.0036,0.616
SPADES NINE DIAMONDS NINE,0.2068,0.0722,0.721
CLUBS TWO CLUBS KING,0.4514,0.009,0.5396
DIAMONDS ACE SPADES FOUR,0.427,0.007,0.566
SPADES FOUR CLUBS KING,0.4628,0.0106,0.5266
SPADES EIGHT SPADES FIVE,0.2892,0.1346,0.5762
HEARTS THREE HEARTS KING,0.4444,0.0092,0.5464
DIAMONDS ACE DIAMONDS TEN,0.347,0.006,0.647
CLUBS FOUR HEARTS ACE,0.4388,0.0058,0.5554
HEARTS SEVEN HEARTS ACE,0.3812,0.0054,0.6134
CLUBS TEN SPADES SEVEN,0.4122,0.0228,0.565
HEARTS TWO DIAMONDS KING,0.4468,0.0136,0.5396
SPADES EIGHT SPADES THREE,0.4444,0.0562,0.4994
SPADES SEVEN SPADES SIX,0.2644,0.1848,0.5508
HEARTS FIVE HEARTS JACK,0.305,0.052,0.643
SPADES JACK DIAMONDS FOUR,0.4574,0.0192,0.5234
CLUBS THREE DIAMONDS FOUR,0.5426,0.1542,0.3032
CLUBS NINE SPADES FIVE,0.319,0.107,0.574
HEARTS KING DIAMONDS SEVEN,0.4054,0.0088,0.5858
HEARTS SIX CLUBS FOUR,0.3726,0.4194,0.208
CLUBS EIGHT DIAMONDS EIGHT,0.1908,0.0836,0.7256
DIAMONDS NINE DIAMONDS SEVEN,0.3412,0.0414,0.6174
CLUBS JACK CLUBS KING,0.3698,0.0066,0.6236
CLUBS EIGHT CLUBS SEVEN,0.364,0.0474,0.5886
SPADES QUEEN HEARTS TWO,0.4688,0.0132,0.518
HEARTS FOUR CLUBS QUEEN,0.4468,0.0154,0.5378
SPADES NINE HEARTS THREE,0.4624,0.0408,0.4968
HEARTS EIGHT SPADES FIVE,0.308,0.1266,0.5654
DIAMONDS NINE HEARTS JACK,0.4,0.0132,0.5868
HEARTS SIX SPADES THREE,0.3814,0.418,0.2006
SPADES NINE DIAMONDS TEN,0.3864,0.0224,0.5912
DIAMONDS QUEEN SPADES TWO,0.4502,0.0138,0.536
SPADES SIX HEARTS NINE,0.3164,0.102,0.5816
SPADES KING HEARTS JACK,0.4082,0.0066,0.5852
CLUBS TEN SPADES NINE,0.4012,0.0202,0.5786
HEARTS ACE CLUBS ACE,0.2286,0.0046,0.7668
HEARTS EIGHT CLUBS SEVEN,0.3876,0.0548,0.5576
HEARTS EIGHT CLUBS TEN,0.3978,0.0278,0.5744
CLUBS EIGHT DIAMONDS SEVEN,0.3656,0.0538,0.5806
DIAMONDS TWO HEARTS KING,0.4618,0.0096,0.5286
CLUBS NINE DIAMONDS QUEEN,0.4116,0.0116,0.5768
CLUBS EIGHT HEARTS JACK,0.4196,0.0148,0.5656
CLUBS TWO HEARTS ACE,0.4642,0.0042,0.5316
DIAMONDS EIGHT HEARTS TEN,0.38,0.0242,0.5958
SPADES ACE DIAMONDS QUEEN,0.3906,0.0044,0.605
CLUBS SIX SPADES EIGHT,0.3022,0.1388,0.559
DIAMONDS KING DIAMONDS FOUR,0.4072,0.0088,0.584
CLUBS EIGHT CLUBS FOUR,0.4256,0.0578,0.5166
CLUBS JACK SPADES THREE,0.4584,0.0204,0.5212
HEARTS FIVE SPADES SIX,0.0718,0.9052,0.023
CLUBS TEN SPADES FOUR,0.453,0.0276,0.5194
DIAMONDS NINE CLUBS ACE,0.4038,0.0066,0.5896
CLUBS JACK HEARTS TWO,0.4654,0.0158,0.5188
SPADES QUEEN HEARTS ACE,0.416,0.0056,0.5784
CLUBS NINE DIAMONDS NINE,0.2046,0.071,0.7244
CLUBS EIGHT CLUBS QUEEN,0.3994,0.0094,0.5912
HEARTS EIGHT DIAMONDS QUEEN,0.4132,0.01,0.5768
SPADES ACE HEARTS FIVE,0.3078,0.0206,0.6716
SPADES JACK SPADES FIVE,0.3084,0.0564,0.6352
SPADES JACK CLUBS FIVE,0.32,0.062,0.618
SPADES TEN CLUBS FIVE,0.3348,0.072,0.5932
SPADES KING HEARTS FIVE,0.3352,0.0312,0.6336
CLUBS KING CLUBS QUEEN,0.3796,0.0056,0.6148
CLUBS FIVE HEARTS ACE,0.3066,0.022,0.6714
HEARTS SIX CLUBS QUEEN,0.3322,0.0442,0.6236
SPADES ACE CLUBS KING,0.404,0.0054,0.5906
SPADES TEN CLUBS QUEEN,0.3986,0.0112,0.5902
SPADES EIGHT HEARTS NINE,0.3886,0.0392,0.5722
SPADES FOUR HEARTS ACE,0.442,0.0042,0.5538
SPADES QUEEN SPADES FOUR,0.4254,0.0132,0.5614
CLUBS FOUR HEARTS JACK,0.459,0.0216,0.5194
SPADES SIX DIAMONDS KING,0.3194,0.0352,0.6454
SPADES QUEEN DIAMONDS QUEEN,0.2148,0.0342,0.751
HEARTS EIGHT HEARTS THREE,0.4472,0.0598,0.493
SPADES FOUR DIAMONDS JACK,0.443,0.0198,0.5372
HEARTS TWO CLUBS QUEEN,0.4712,0.0128,0.516
HEARTS THREE HEARTS QUEEN,0.4384,0.0146,0.547
DIAMONDS THREE HEARTS TWO,0.5628,0.139,0.2982
CLUBS SEVEN CLUBS TWO,0.4426,0.0896,0.4678
HEARTS EIGHT DIAMONDS SEVEN,0.3676,0.0618,0.5706
SPADES QUEEN CLUBS FOUR,0.4488,0.013,0.5382
CLUBS SEVEN SPADES TWO,0.467,0.0982,0.4348
SPADES ACE SPADES SIX,0.3122,0.0228,0.665
CLUBS FIVE HEARTS QUEEN,0.3306,0.0428,0.6266
HEARTS ACE DIAMONDS EIGHT,0.3998,0.005,0.5952
DIAMONDS KING DIAMONDS SEVEN,0.3754,0.0084,0.6162
SPADES ACE DIAMONDS FOUR,0.4382,0.005,0.5568
HEARTS THREE DIAMONDS FOUR,0.5492,0.1448,0.306
HEARTS SEVEN SPADES EIGHT,0.3858,0.0558,0.5584
DIAMONDS THREE CLUBS TWO,0.5666,0.1448,0.2886
DIAMONDS TEN CLUBS KING,0.3948,0.008,0.5972
CLUBS NINE SPADES TWO,0.4652,0.046,0.4888
DIAMONDS KING SPADES FOUR,0.4296,0.0106,0.5598
SPADES QUEEN CLUBS FIVE,0.3228,0.0426,0.6346
SPADES SIX HEARTS TEN,0.301,0.0778,0.6212
CLUBS SEVEN SPADES FOUR,0.4404,0.09,0.4696
HEARTS FIVE CLUBS FOUR,0.4952,0.259,0.2458
HEARTS SEVEN DIAMONDS SEVEN,0.1844,0.1066,0.709
DIAMONDS THREE HEARTS FOUR,0.5576,0.1438,0.2986
HEARTS TWO HEARTS JACK,0.4336,0.0172,0.5492
SPADES ACE SPADES FOUR,0.4236,0.0044,0.572
HEARTS EIGHT DIAMONDS EIGHT,0.1898,0.0868,0.7234
SPADES QUEEN CLUBS KING,0.4218,0.0048,0.5734
HEARTS FOUR SPADES NINE,0.4618,0.0406,0.4976
HEARTS FOUR CLUBS FIVE,0.513,0.2454,0.2416
DIAMONDS TWO HEARTS FOUR,0.5502,0.1454,0.3044
DIAMONDS TWO CLUBS SIX,0.3658,0.424,0.2102
HEARTS THREE SPADES SEVEN,0.4602,0.0966,0.4432
HEARTS EIGHT CLUBS EIGHT,0.2066,0.0892,0.7042
SPADES THREE DIAMONDS EIGHT,0.4458,0.0682,0.486
DIAMONDS QUEEN HEARTS JACK,0.3918,0.0104,0.5978
SPADES TEN SPADES NINE,0.3718,0.0194,0.6088
CLUBS NINE SPADES SEVEN,0.3988,0.0388,0.5624
SPADES QUEEN CLUBS SEVEN,0.4266,0.0116,0.5618
CLUBS TWO HEARTS KING,0.4684,0.0104,0.5212
HEARTS FIVE HEARTS FOUR,0.4804,0.243,0.2766
SPADES KING CLUBS TWO,0.4702,0.0098,0.52
CLUBS SEVEN SPADES THREE,0.4666,0.0956,0.4378
CLUBS SEVEN CLUBS ACE,0.3904,0.0056,0.604
SPADES SIX SPADES TWO,0.3574,0.3926,0.25
CLUBS FIVE SPADES SIX,0.0688,0.9122,0.019
CLUBS TWO DIAMONDS SEVEN,0.4584,0.1008,0.4408
SPADES TEN HEARTS JACK,0.3954,0.012,0.5926
DIAMONDS ACE HEARTS NINE,0.4076,0.0044,0.588
SPADES ACE HEARTS TWO,0.4442,0.0074,0.5484
CLUBS EIGHT SPADES TEN,0.402,0.0254,0.5726
SPADES EIGHT CLUBS ACE,0.4086,0.0026,0.5888
CLUBS SEVEN DIAMONDS SEVEN,0.184,0.1112,0.7048
SPADES QUEEN SPADES JACK,0.3824,0.011,0.6066
CLUBS SEVEN CLUBS THREE,0.4308,0.0988,0.4704
CLUBS TWO HEARTS JACK,0.4528,0.0206,0.5266
SPADES EIGHT CLUBS FIVE,0.3022,0.1348,0.563
HEARTS EIGHT CLUBS SIX,0.3038,0.1368,0.5594
SPADES TEN SPADES SEVEN,0.375,0.0234,0.6016
CLUBS SEVEN CLUBS FIVE,0.279,0.1778,0.5432
HEARTS FOUR DIAMONDS NINE,0.4396,0.0468,0.5136
HEARTS JACK HEARTS NINE,0.377,0.0148,0.6082
SPADES SEVEN CLUBS FOUR,0.4448,0.0952,0.46
SPADES KING SPADES JACK,0.3862,0.008,0.6058
CLUBS NINE SPADES FOUR,0.4596,0.0438,0.4966
SPADES THREE DIAMONDS TEN,0.4558,0.0274,0.5168
SPADES QUEEN DIAMONDS FOUR,0.4598,0.0136,0.5266
SPADES FIVE DIAMONDS QUEEN,0.311,0.0464,0.6426
DIAMONDS TWO SPADES NINE,0.4718,0.0406,0.4876
DIAMONDS KING CLUBS KING,0.2126,0.0194,0.768
DIAMONDS THREE CLUBS KING,0.4532,0.008,0.5388
DIAMONDS JACK HEARTS JACK,0.2152,0.0462,0.7386
CLUBS JACK HEARTS QUEEN,0.4076,0.0084,0.584
DIAMONDS ACE HEARTS KING,0.4102,0.004,0.5858
CLUBS NINE DIAMONDS KING,0.4,0.0064,0.5936
HEARTS EIGHT HEARTS KING,0.3826,0.0066,0.6108
HEARTS FOUR DIAMONDS KING,0.4524,0.008,0.5396
HEARTS JACK HEARTS TEN,0.364,0.0152,0.6208
CLUBS SEVEN DIAMONDS ACE,0.3924,0.0028,0.6048
HEARTS QUEEN HEARTS NINE,0.3848,0.0118,0.6034
HEARTS SIX DIAMONDS QUEEN,0.3174,0.051,0.6316
SPADES TEN DIAMONDS KING,0.3914,0.0058,0.6028
HEARTS QUEEN DIAMONDS NINE,0.3946,0.0138,0.5916
HEARTS THREE SPADES THREE,0.3996,0.1248,0.4756
HEARTS KING CLUBS ACE,0.3978,0.004,0.5982
CLUBS TEN DIAMONDS SEVEN,0.3906,0.0242,0.5852
SPADES EIGHT SPADES FOUR,0.4304,0.0596,0.51
HEARTS ACE CLUBS KING,0.4134,0.002,0.5846
CLUBS TEN DIAMONDS FOUR,0.446,0.0286,0.5254
SPADES QUEEN CLUBS SIX,0.3224,0.0522,0.6254
SPADES SEVEN CLUBS ACE,0.4152,0.0032,0.5816
CLUBS JACK SPADES SIX,0.3324,0.0594,0.6082
CLUBS JACK DIAMONDS QUEEN,0.4004,0.0094,0.5902
SPADES THREE HEARTS KING,0.4576,0.0098,0.5326
SPADES NINE SPADES TWO,0.4542,0.0398,0.506
CLUBS SEVEN HEARTS TWO,0.4742,0.0922,0.4336
DIAMONDS QUEEN HEARTS TEN,0.3774,0.012,0.6106
HEARTS THREE DIAMONDS SEVEN,0.4316,0.1036,0.4648
HEARTS QUEEN HEARTS TEN,0.3768,0.0104,0.6128
CLUBS SIX CLUBS QUEEN,0.3046,0.0454,0.65
HEARTS FIVE HEARTS TWO,0.4724,0.2434,0.2842
SPADES TEN HEARTS QUEEN,0.404,0.0124,0.5836
SPADES KING SPADES THREE,0.4508,0.0122,0.537
DIAMONDS THREE SPADES JACK,0.4412,0.0206,0.5382
CLUBS THREE CLUBS QUEEN,0.4334,0.0136,0.553
SPADES KING CLUBS FIVE,0.3166,0.0286,0.6548
CLUBS EIGHT HEARTS TEN,0.4012,0.0228,0.576
SPADES KING SPADES NINE,0.3858,0.0106,0.6036
SPADES ACE HEARTS KING,0.4148,0.0042,0.581
DIAMONDS THREE SPADES SEVEN,0.4436,0.0986,0.4578
DIAMONDS TWO HEARTS FIVE,0.5178,0.2556,0.2266
SPADES SIX DIAMONDS EIGHT,0.2786,0.1488,0.5726
DIAMONDS KING SPADES TWO,0.4678,0.0096,0.5226
HEARTS FOUR CLUBS THREE,0.5578,0.1374,0.3048
CLUBS TEN HEARTS QUEEN,0.3994,0.0126,0.588
HEARTS FIVE SPADES SEVEN,0.2888,0.1862,0.525
HEARTS THREE HEARTS TWO,0.5162,0.1394,0.3444
CLUBS SIX CLUBS TWO,0.3586,0.3956,0.2458
CLUBS JACK CLUBS TEN,0.363,0.0118,0.6252
CLUBS SEVEN HEARTS THREE,0.4598,0.1036,0.4366
SPADES QUEEN DIAMONDS SEVEN,0.4158,0.011,0.5732
DIAMONDS TWO DIAMONDS KING,0.419,0.0098,0.5712
HEARTS SIX SPADES TWO,0.3788,0.4228,0.1984
SPADES NINE CLUBS FOUR,0.4556,0.0424,0.502
SPADES SEVEN DIAMONDS NINE,0.3818,0.0354,0.5828
SPADES TWO DIAMONDS SEVEN,0.461,0.1014,0.4376
DIAMONDS TWO DIAMONDS SEVEN,0.4152,0.101,0.4838
SPADES NINE DIAMONDS KING,0.4008,0.0072,0.592
SPADES SEVEN SPADES TWO,0.4362,0.0932,0.4706
CLUBS EIGHT HEARTS ACE,0.4034,0.005,0.5916
SPADES TEN SPADES TWO,0.431,0.0218,0.5472
CLUBS EIGHT SPADES TWO,0.4626,0.0666,0.4708
CLUBS JACK CLUBS ACE,0.3708,0.0042,0.625
SPADES KING HEARTS THREE,0.469,0.0088,0.5222
SPADES SEVEN SPADES FOUR,0.4236,0.0818,0.4946
SPADES FIVE CLUBS TWO,0.531,0.2472,0.2218
DIAMONDS TWO SPADES FOUR,0.5762,0.1514,0.2724
HEARTS KING DIAMONDS FOUR,0.448,0.0104,0.5416
SPADES TWO CLUBS ACE,0.457,0.0034,0.5396
SPADES THREE SPADES TWO,0.5314,0.1342,0.3344
CLUBS THREE CLUBS ACE,0.4216,0.0044,0.574
SPADES NINE CLUBS SIX,0.318,0.0974,0.5846
SPADES EIGHT CLUBS TWO,0.4694,0.0626,0.468
SPADES QUEEN CLUBS QUEEN,0.224,0.0314,0.7446
HEARTS SIX DIAMONDS JACK,0.3112,0.061,0.6278
HEARTS SEVEN DIAMONDS JACK,0.4014,0.0198,0.5788
SPADES SEVEN HEARTS ACE,0.4046,0.0052,0.5902
DIAMONDS TEN HEARTS NINE,0.3752,0.0218,0.603
HEARTS EIGHT DIAMONDS JACK,0.3974,0.0152,0.5874
SPADES ACE SPADES SEVEN,0.3858,0.005,0.6092
HEARTS FOUR HEARTS ACE,0.4216,0.0076,0.5708
SPADES KING DIAMONDS KING,0.2108,0.0178,0.7714
SPADES JACK HEARTS TWO,0.459,0.0184,0.5226
SPADES TEN CLUBS ACE,0.3908,0.0048,0.6044
SPADES EIGHT SPADES TWO,0.449,0.061,0.49
CLUBS TWO CLUBS ACE,0.4166,0.0036,0.5798
SPADES EIGHT DIAMONDS FOUR,0.4432,0.0674,0.4894
HEARTS EIGHT CLUBS ACE,0.4128,0.0048,0.5824
HEARTS SIX CLUBS SEVEN,0.2862,0.1804,0.5334
SPADES THREE CLUBS ACE,0.4504,0.0042,0.5454
CLUBS SIX SPADES FOUR,0.3572,0.4352,0.2076
SPADES SEVEN HEARTS TEN,0.396,0.0254,0.5786
SPADES SIX SPADES THREE,0.3546,0.4004,0.245
HEARTS FIVE CLUBS TWO,0.5164,0.258,0.2256
SPADES FIVE DIAMONDS EIGHT,0.2916,0.1344,0.574
SPADES SEVEN HEARTS NINE,0.3924,0.0414,0.5662
HEARTS SEVEN HEARTS TEN,0.3674,0.0268,0.6058
DIAMONDS THREE HEARTS THREE,0.4012,0.1164,0.4824
CLUBS SEVEN DIAMONDS FOUR,0.4256,0.093,0.4814
SPADES ACE SPADES TEN,0.3844,0.0046,0.611
SPADES EIGHT DIAMONDS NINE,0.3752,0.0376,0.5872
CLUBS TEN CLUBS TWO,0.431,0.0308,0.5382
CLUBS JACK CLUBS NINE,0.3888,0.0172,0.594
HEARTS EIGHT HEARTS FIVE,0.2836,0.1374,0.579
SPADES SIX HEARTS ACE,0.3168,0.025,0.6582
SPADES KING HEARTS SIX,0.3212,0.0386,0.6402
HEARTS FIVE DIAMONDS KING,0.3034,0.0312,0.6654
CLUBS TEN SPADES EIGHT,0.3946,0.0252,0.5802
HEARTS SEVEN HEARTS QUEEN,0.3998,0.012,0.5882
CLUBS ACE DIAMONDS FOUR,0.4384,0.0056,0.556
SPADES KING SPADES TEN,0.3786,0.0078,0.6136
SPADES TEN HEARTS THREE,0.4644,0.0284,0.5072
DIAMONDS TWO SPADES QUEEN,0.4598,0.0148,0.5254
CLUBS JACK DIAMONDS ACE,0.406,0.0052,0.5888
DIAMONDS TWO DIAMONDS NINE,0.4166,0.039,0.5444
HEARTS SEVEN HEARTS FOUR,0.4158,0.0904,0.4938
SPADES KING DIAMONDS ACE,0.4048,0.0044,0.5908
SPADES TEN DIAMONDS EIGHT,0.3946,0.025,0.5804
SPADES SEVEN SPADES FIVE,0.276,0.1746,0.5494
HEARTS FIVE DIAMONDS SEVEN,0.2746,0.1938,0.5316
HEARTS THREE DIAMONDS NINE,0.4536,0.0442,0.5022
SPADES KING DIAMONDS QUEEN,0.418,0.0088,0.5732
SPADES TEN HEARTS KING,0.4036,0.0086,0.5878
SPADES FIVE HEARTS ACE,0.3036,0.0214,0.675
CLUBS ACE CLUBS KING,0.386,0.005,0.609
SPADES ACE CLUBS EIGHT,0.411,0.0034,0.5856
SPADES THREE HEARTS TEN,0.4642,0.0246,0.5112
CLUBS SIX HEARTS THREE,0.3804,0.4142,0.2054
DIAMONDS JACK HEARTS KING,0.3918,0.0086,0.5996
HEARTS EIGHT HEARTS TWO,0.449,0.0584,0.4926
DIAMONDS KING CLUBS QUEEN,0.3906,0.0062,0.6032
HEARTS THREE DIAMONDS TEN,0.448,0.0254,0.5266
CLUBS SEVEN DIAMONDS KING,0.4066,0.0088,0.5846
CLUBS TWO DIAMONDS JACK,0.449,0.022,0.529
CLUBS TEN SPADES THREE,0.4636,0.0268,0.5096
CLUBS TEN HEARTS THREE,0.463,0.0308,0.5062
SPADES TEN DIAMONDS QUEEN,0.396,0.0098,0.5942
SPADES FIVE CLUBS ACE,0.3178,0.0218,0.6604
CLUBS SEVEN SPADES SIX,0.2876,0.1876,0.5248
CLUBS NINE HEARTS JACK,0.4072,0.0192,0.5736
DIAMONDS TWO HEARTS THREE,0.5596,0.14,0.3004
DIAMONDS QUEEN DIAMONDS NINE,0.3568,0.0106,0.6326
DIAMONDS THREE DIAMONDS TEN,0.4172,0.0294,0.5534
CLUBS TEN SPADES TEN,0.2304,0.0594,0.7102
DIAMONDS TWO CLUBS KING,0.4564,0.0108,0.5328
HEARTS JACK DIAMONDS SEVEN,0.4016,0.0184,0.58
HEARTS SEVEN SPADES JACK,0.4022,0.0168,0.581
SPADES JACK SPADES TWO,0.4426,0.018,0.5394
CLUBS FIVE SPADES FIVE,0.3148,0.0982,0.587
HEARTS FIVE SPADES TWO,0.5168,0.2564,0.2268
HEARTS EIGHT CLUBS QUEEN,0.4202,0.0112,0.5686
DIAMONDS TWO CLUBS FIVE,0.5104,0.2584,0.2312
SPADES ACE DIAMONDS ACE,0.211,0.004,0.785
CLUBS JACK HEARTS JACK,0.2268,0.0426,0.7306
CLUBS EIGHT CLUBS FIVE,0.2906,0.1372,0.5722
CLUBS EIGHT SPADES NINE,0.3842,0.0344,0.5814
DIAMONDS KING DIAMONDS QUEEN,0.356,0.008,0.636
SPADES TEN HEARTS TEN,0.2316,0.061,0.7074
HEARTS SIX DIAMONDS ACE,0.3082,0.0284,0.6634
SPADES TEN SPADES FIVE,0.3066,0.0694,0.624
HEARTS FIVE SPADES EIGHT,0.298,0.1446,0.5574
HEARTS FOUR HEARTS TEN,0.422,0.0298,0.5482
SPADES NINE CLUBS TWO,0.4704,0.0376,0.492
SPADES KING CLUBS ACE,0.4266,0.0038,0.5696
CLUBS FIVE CLUBS THREE,0.476,0.2388,0.2852
CLUBS SIX HEARTS KING,0.3274,0.036,0.6366
HEARTS SIX SPADES FOUR,0.3618,0.426,0.2122
DIAMONDS THREE CLUBS NINE,0.454,0.0422,0.5038
SPADES ACE DIAMONDS TEN,0.3902,0.0032,0.6066
DIAMONDS ACE HEARTS QUEEN,0.3884,0.0048,0.6068
HEARTS FIVE SPADES TEN,0.327,0.0688,0.6042
SPADES SEVEN CLUBS THREE,0.4666,0.096,0.4374
HEARTS SIX HEARTS QUEEN,0.3094,0.0506,0.64
SPADES JACK CLUBS QUEEN,0.4144,0.0082,0.5774
DIAMONDS QUEEN DIAMONDS JACK,0.3548,0.0094,0.6358
CLUBS FOUR HEARTS QUEEN,0.4616,0.0146,0.5238
CLUBS JACK HEARTS SIX,0.3204,0.0548,0.6248
SPADES ACE DIAMONDS EIGHT,0.4062,0.0046,0.5892
SPADES TEN CLUBS THREE,0.458,0.0312,0.5108
DIAMONDS TWO SPADES TWO,0.405,0.1242,0.4708
CLUBS FOUR HEARTS KING,0.4626,0.0092,0.5282
CLUBS FOUR SPADES THREE,0.554,0.1466,0.2994
HEARTS SIX CLUBS TWO,0.3738,0.4342,0.192
SPADES TWO CLUBS KING,0.4728,0.0062,0.521
HEARTS EIGHT HEARTS FOUR,0.4192,0.0602,0.5206
SPADES FIVE HEARTS KING,0.323,0.0336,0.6434
CLUBS JACK CLUBS TWO,0.4296,0.0158,0.5546
CLUBS EIGHT DIAMONDS QUEEN,0.4062,0.0118,0.582
DIAMONDS THREE CLUBS FIVE,0.5044,0.2564,0.2392
HEARTS TWO DIAMONDS QUEEN,0.4602,0.0146,0.5252
DIAMONDS KING HEARTS TEN,0.3984,0.0084,0.5932
SPADES TWO HEARTS NINE,0.4524,0.0478,0.4998
HEARTS SEVEN CLUBS KING,0.4126,0.0042,0.5832
HEARTS FOUR DIAMONDS QUEEN,0.4502,0.015,0.5348
HEARTS ACE HEARTS KING,0.3934,0.0024,0.6042
DIAMONDS TWO HEARTS QUEEN,0.4672,0.0138,0.519
SPADES QUEEN HEARTS KING,0.4056,0.0062,0.5882
SPADES QUEEN SPADES SIX,0.3144,0.0442,0.6414
HEARTS THREE DIAMONDS KING,0.455,0.0076,0.5374
SPADES QUEEN DIAMONDS ACE,0.3942,0.0036,0.6022
SPADES JACK HEARTS NINE,0.4044,0.0174,0.5782
HEARTS SEVEN SPADES SIX,0.2906,0.1828,0.5266
CLUBS THREE SPADES TWO,0.5646,0.1346,0.3008
HEARTS THREE SPADES SIX,0.3768,0.4148,0.2084
SPADES KING CLUBS NINE,0.4184,0.007,0.5746
SPADES ACE CLUBS SIX,0.321,0.0242,0.6548
SPADES TWO DIAMONDS FOUR,0.563,0.1464,0.2906
CLUBS FIVE HEARTS TEN,0.3352,0.0742,0.5906
SPADES FIVE DIAMONDS JACK,0.3174,0.0566,0.626
DIAMONDS ACE DIAMONDS FOUR,0.3914,0.0044,0.6042
HEARTS SIX DIAMONDS FOUR,0.338,0.4492,0.2128
SPADES QUEEN DIAMONDS JACK,0.4024,0.0078,0.5898
DIAMONDS ACE CLUBS QUEEN,0.4062,0.0052,0.5886
HEARTS QUEEN CLUBS KING,0.415,0.0054,0.5796
CLUBS FIVE DIAMONDS JACK,0.3142,0.0538,0.632
SPADES TEN DIAMONDS ACE,0.3854,0.0044,0.6102
CLUBS TWO CLUBS QUEEN,0.444,0.0112,0.5448
CLUBS FIVE HEARTS TWO,0.5196,0.2542,0.2262
SPADES EIGHT CLUBS KING,0.4186,0.0088,0.5726
CLUBS TWO SPADES FOUR,0.568,0.1428,0.2892
CLUBS TEN HEARTS TEN,0.2326,0.0582,0.7092
HEARTS FOUR SPADES FIVE,0.5024,0.252,0.2456
CLUBS SEVEN CLUBS KING,0.3904,0.0088,0.6008
DIAMONDS JACK DIAMONDS FOUR,0.4004,0.0232,0.5764
HEARTS FOUR CLUBS FOUR,0.3782,0.1226,0.4992
CLUBS SEVEN HEARTS JACK,0.408,0.0208,0.5712
HEARTS SIX SPADES EIGHT,0.3004,0.1326,0.567
CLUBS TWO DIAMONDS FOUR,0.561,0.1576,0.2814
SPADES QUEEN SPADES TEN,0.3678,0.0092,0.623
DIAMONDS TEN CLUBS QUEEN,0.3922,0.0106,0.5972
DIAMONDS THREE DIAMONDS QUEEN,0.4206,0.0128,0.5666
CLUBS TEN DIAMONDS TWO,0.4538,0.0298,0.5164
SPADES ACE DIAMONDS SEVEN,0.4074,0.0054,0.5872
HEARTS FIVE CLUBS THREE,0.5114,0.2548,0.2338
CLUBS SIX HEARTS NINE,0.3144,0.0958,0.5898
CLUBS FOUR DIAMONDS TEN,0.4516,0.0234,0.525
CLUBS JACK SPADES TWO,0.4746,0.02,0.5054
HEARTS SEVEN HEARTS FIVE,0.2702,0.1792,0.5506
HEARTS EIGHT SPADES JACK,0.414,0.017,0.569
CLUBS SEVEN HEARTS FOUR,0.4406,0.0964,0.463
HEARTS TEN CLUBS QUEEN,0.405,0.011,0.584
SPADES KING CLUBS KING,0.2416,0.0148,0.7436
HEARTS FIVE CLUBS ACE,0.311,0.018,0.671
SPADES QUEEN HEARTS THREE,0.4554,0.011,0.5336
SPADES TEN DIAMONDS NINE,0.3834,0.0212,0.5954
CLUBS FOUR SPADES FOUR,0.3938,0.124,0.4822
HEARTS SIX SPADES SEVEN,0.2818,0.191,0.5272
SPADES ACE CLUBS NINE,0.4138,0.0034,0.5828
DIAMONDS TEN SPADES TWO,0.458,0.0234,0.5186
SPADES EIGHT DIAMONDS TEN,0.3894,0.0276,0.583
SPADES SEVEN DIAMONDS QUEEN,0.4154,0.016,0.5686
SPADES QUEEN HEARTS SIX,0.3274,0.0476,0.625
SPADES JACK SPADES NINE,0.3836,0.0156,0.6008
SPADES EIGHT CLUBS QUEEN,0.4094,0.0102,0.5804
HEARTS FOUR DIAMONDS SEVEN,0.4356,0.0966,0.4678
SPADES JACK DIAMONDS TEN,0.3708,0.0142,0.615
HEARTS THREE CLUBS THREE,0.3964,0.1244,0.4792
CLUBS SIX CLUBS THREE,0.3572,0.402,0.2408
HEARTS FIVE CLUBS QUEEN,0.328,0.0404,0.6316
SPADES TEN CLUBS KING,0.4038,0.004,0.5922
DIAMONDS QUEEN DIAMONDS EIGHT,0.361,0.013,0.626
SPADES ACE SPADES JACK,0.384,0.0036,0.6124
HEARTS TWO SPADES FOUR,0.5688,0.138,0.2932
DIAMONDS ACE SPADES FIVE,0.2936,0.0222,0.6842
CLUBS TEN SPADES SIX,0.3108,0.0772,0.612
CLUBS JACK HEARTS SEVEN,0.4216,0.0174,0.561
HEARTS EIGHT CLUBS FOUR,0.4518,0.0606,0.4876
CLUBS TEN SPADES FIVE,0.3302,0.0732,0.5966
HEARTS QUEEN DIAMONDS EIGHT,0.3954,0.0132,0.5914
DIAMONDS THREE CLUBS TEN,0.4664,0.029,0.5046
CLUBS EIGHT HEARTS TWO,0.4586,0.0624,0.479
CLUBS TEN CLUBS NINE,0.376,0.0228,0.6012
CLUBS TEN DIAMONDS TEN,0.2174,0.06,0.7226
CLUBS TEN DIAMONDS QUEEN,0.3842,0.0126,0.6032
SPADES KING HEARTS KING,0.2264,0.016,0.7576
CLUBS JACK HEARTS KING,0.4112,0.0046,0.5842
DIAMONDS KING CLUBS TWO,0.463,0.0086,0.5284
SPADES FIVE HEARTS TEN,0.3282,0.0656,0.6062
CLUBS JACK HEARTS ACE,0.4186,0.0044,0.577
DIAMONDS TWO SPADES SEVEN,0.4604,0.0936,0.446
SPADES QUEEN DIAMONDS TEN,0.3792,0.01,0.6108
DIAMONDS TWO SPADES EIGHT,0.4538,0.0612,0.485
CLUBS SIX DIAMONDS JACK,0.3118,0.0622,0.626
SPADES FIVE DIAMONDS FOUR,0.5064,0.2556,0.238
DIAMONDS THREE CLUBS EIGHT,0.45,0.0644,0.4856
HEARTS FIVE HEARTS ACE,0.2944,0.021,0.6846
DIAMONDS THREE SPADES FIVE,0.5146,0.2596,0.2258
SPADES QUEEN DIAMONDS EIGHT,0.3924,0.014,0.5936
CLUBS FIVE SPADES FOUR,0.514,0.2532,0.2328
HEARTS TWO DIAMONDS SEVEN,0.4552,0.0824,0.4624
SPADES JACK HEARTS QUEEN,0.4154,0.0092,0.5754
DIAMONDS QUEEN CLUBS KING,0.386,0.0092,0.6048
SPADES FIVE SPADES TWO,0.4728,0.2458,0.2814
DIAMONDS ACE SPADES SIX,0.3172,0.03,0.6528
DIAMONDS KING HEARTS ACE,0.4082,0.005,0.5868
CLUBS JACK HEARTS TEN,0.383,0.0132,0.6038
DIAMONDS THREE SPADES EIGHT,0.4558,0.069,0.4752
SPADES NINE CLUBS ACE,0.4096,0.0052,0.5852
HEARTS TWO CLUBS TWO,0.402,0.1356,0.4624
SPADES TEN CLUBS SEVEN,0.3972,0.0236,0.5792
CLUBS FOUR CLUBS KING,0.4184,0.0062,0.5754
CLUBS SIX DIAMONDS ACE,0.3146,0.0262,0.6592
CLUBS NINE SPADES SIX,0.3206,0.1066,0.5728
DIAMONDS THREE SPADES KING,0.4506,0.0084,0.541
HEARTS ACE DIAMONDS NINE,0.3922,0.006,0.6018
CLUBS THREE DIAMONDS JACK,0.4462,0.0214,0.5324
SPADES EIGHT HEARTS QUEEN,0.4202,0.0098,0.57
HEARTS ACE HEARTS TEN,0.384,0.005,0.611
SPADES JACK HEARTS JACK,0.2318,0.0484,0.7198
DIAMONDS TWO DIAMONDS EIGHT,0.4328,0.0664,0.5008
SPADES FIVE HEARTS NINE,0.3142,0.1088,0.577
HEARTS THREE CLUBS QUEEN,0.4526,0.0134,0.534
HEARTS TEN HEARTS NINE,0.3684,0.0218,0.6098
HEARTS SEVEN HEARTS TWO,0.4422,0.0922,0.4656
CLUBS THREE SPADES FIVE,0.5236,0.2516,0.2248
HEARTS JACK DIAMONDS FOUR,0.462,0.0144,0.5236
SPADES NINE DIAMONDS EIGHT,0.3858,0.038,0.5762
CLUBS TEN HEARTS FOUR,0.4666,0.0286,0.5048
HEARTS SIX CLUBS FIVE,0.0694,0.9056,0.025
SPADES QUEEN HEARTS NINE,0.4202,0.0126,0.5672
HEARTS FIVE HEARTS TEN,0.309,0.0656,0.6254
CLUBS TEN DIAMONDS EIGHT,0.3886,0.0226,0.5888
CLUBS FIVE DIAMONDS KING,0.3116,0.0374,0.651
HEARTS FOUR SPADES SIX,0.3568,0.4454,0.1978
DIAMONDS TEN HEARTS JACK,0.364,0.0162,0.6198
SPADES FOUR DIAMONDS NINE,0.4444,0.0466,0.509
CLUBS NINE DIAMONDS JACK,0.3932,0.011,0.5958
SPADES EIGHT HEARTS TEN,0.4096,0.0256,0.5648
HEARTS FOUR SPADES SEVEN,0.4474,0.1024,0.4502
SPADES EIGHT HEARTS JACK,0.4138,0.0172,0.569
CLUBS EIGHT DIAMONDS JACK,0.4064,0.0188,0.5748
SPADES ACE HEARTS TEN,0.4078,0.006,0.5862
DIAMONDS THREE SPADES FOUR,0.5534,0.1446,0.302
CLUBS SEVEN DIAMONDS NINE,0.3848,0.042,0.5732
HEARTS SIX SPADES FIVE,0.0752,0.904,0.0208
HEARTS TWO SPADES SEVEN,0.4708,0.0868,0.4424
HEARTS FIVE CLUBS KING,0.3256,0.0348,0.6396
CLUBS JACK DIAMONDS NINE,0.3842,0.0164,0.5994
SPADES JACK DIAMONDS JACK,0.2092,0.0472,0.7436
CLUBS EIGHT SPADES SIX,0.2902,0.1426,0.5672
CLUBS QUEEN HEARTS NINE,0.41,0.0092,0.5808
DIAMONDS KING HEARTS QUEEN,0.406,0.007,0.587
DIAMONDS TEN DIAMONDS EIGHT,0.3392,0.0266,0.6342
SPADES JACK SPADES THREE,0.4352,0.0182,0.5466
CLUBS KING HEARTS NINE,0.4064,0.006,0.5876
HEARTS FOUR HEARTS JACK,0.4424,0.0184,0.5392
CLUBS THREE HEARTS ACE,0.4496,0.0058,0.5446
HEARTS ACE HEARTS JACK,0.3846,0.0068,0.6086
SPADES JACK DIAMONDS SEVEN,0.3946,0.0186,0.5868
SPADES JACK CLUBS FOUR,0.461,0.0158,0.5232
CLUBS FOUR DIAMONDS EIGHT,0.4336,0.06,0.5064
HEARTS THREE CLUBS ACE,0.4424,0.0046,0.553
SPADES ACE DIAMONDS NINE,0.396,0.0042,0.5998
DIAMONDS NINE DIAMONDS EIGHT,0.3302,0.0376,0.6322
SPADES SEVEN DIAMONDS SEVEN,0.1826,0.1052,0.7122
HEARTS TWO DIAMONDS ACE,0.457,0.0052,0.5378
SPADES KING HEARTS NINE,0.4212,0.0054,0.5734
HEARTS SEVEN SPADES FOUR,0.4418,0.099,0.4592
HEARTS ACE SPADES TWO,0.4474,0.0056,0.547
HEARTS FOUR SPADES EIGHT,0.4336,0.0668,0.4996
HEARTS SEVEN SPADES TWO,0.4674,0.0982,0.4344
CLUBS NINE CLUBS TWO,0.437,0.0424,0.5206
CLUBS THREE SPADES FOUR,0.5596,0.1372,0.3032
HEARTS FIVE HEARTS KING,0.313,0.0318,0.6552
DIAMONDS TWO CLUBS TWO,0.4038,0.1318,0.4644
HEARTS FIVE HEARTS THREE,0.4866,0.2486,0.2648
CLUBS NINE DIAMONDS ACE,0.4054,0.0038,0.5908
HEARTS SIX DIAMONDS KING,0.3114,0.0378,0.6508
SPADES EIGHT CLUBS THREE,0.452,0.064,0.484
SPADES TWO HEARTS QUEEN,0.4702,0.0126,0.5172
HEARTS KING SPADES TWO,0.4622,0.007,0.5308
CLUBS FOUR CLUBS ACE,0.4292,0.0058,0.565
CLUBS JACK DIAMONDS KING,0.396,0.0062,0.5978
CLUBS FIVE DIAMONDS NINE,0.3196,0.1024,0.578
DIAMONDS ACE HEARTS TEN,0.3806,0.004,0.6154
DIAMONDS JACK DIAMONDS EIGHT,0.354,0.0184,0.6276
SPADES JACK CLUBS KING,0.4046,0.0038,0.5916
DIAMONDS TWO DIAMONDS QUEEN,0.4276,0.015,0.5574
DIAMONDS THREE DIAMONDS JACK,0.4114,0.0188,0.5698
SPADES TEN CLUBS FOUR,0.4552,0.0248,0.52
HEARTS SEVEN DIAMONDS TEN,0.3828,0.0286,0.5886
SPADES FOUR CLUBS QUEEN,0.4604,0.0134,0.5262
CLUBS FIVE DIAMONDS EIGHT,0.2816,0.1352,0.5832
HEARTS KING DIAMONDS EIGHT,0.403,0.0078,0.5892
SPADES SEVEN HEARTS QUEEN,0.4188,0.0116,0.5696
DIAMONDS TWO SPADES THREE,0.5608,0.1418,0.2974
HEARTS TWO SPADES TWO,0.41,0.1236,0.4664
CLUBS TEN DIAMONDS NINE,0.382,0.0238,0.5942
SPADES FIVE HEARTS QUEEN,0.3226,0.0478,0.6296
HEARTS EIGHT SPADES SIX,0.306,0.1286,0.5654
SPADES ACE SPADES FIVE,0.3024,0.0208,0.6768
SPADES SIX CLUBS THREE,0.3658,0.4308,0.2034
HEARTS SIX DIAMONDS SEVEN,0.2758,0.1958,0.5284
DIAMONDS THREE CLUBS FOUR,0.5434,0.1432,0.3134
SPADES ACE SPADES THREE,0.4212,0.004,0.5748
CLUBS FOUR HEARTS NINE,0.4548,0.0422,0.503
SPADES SIX CLUBS ACE,0.32,0.0282,0.6518
CLUBS THREE DIAMONDS EIGHT,0.4542,0.0604,0.4854
SPADES ACE HEARTS NINE,0.4164,0.0038,0.5798
HEARTS FIVE SPADES FIVE,0.3208,0.099,0.5802
SPADES NINE CLUBS THREE,0.4634,0.0404,0.4962
CLUBS SIX HEARTS TWO,0.3918,0.408,0.2002
SPADES ACE HEARTS SEVEN,0.4012,0.0036,0.5952
HEARTS SIX CLUBS EIGHT,0.3038,0.1418,0.5544
SPADES QUEEN SPADES SEVEN,0.3806,0.0104,0.609
SPADES JACK HEARTS ACE,0.4126,0.0052,0.5822
SPADES FIVE DIAMONDS NINE,0.3016,0.1098,0.5886
CLUBS SIX SPADES SIX,0.1784,0.1076,0.714
HEARTS TWO HEARTS KING,0.4548,0.0098,0.5354
CLUBS TEN HEARTS SIX,0.3054,0.082,0.6126
SPADES ACE DIAMONDS KING,0.3982,0.0056,0.5962
DIAMONDS QUEEN SPADES THREE,0.4486,0.0142,0.5372
HEARTS EIGHT DIAMONDS NINE,0.3682,0.0378,0.594
SPADES QUEEN SPADES TWO,0.4394,0.0126,0.548
CLUBS JACK DIAMONDS EIGHT,0.3916,0.0188,0.5896
HEARTS SIX HEARTS ACE,0.3062,0.0246,0.6692
SPADES QUEEN SPADES EIGHT,0.3958,0.0078,0.5964
CLUBS SEVEN SPADES SEVEN,0.189,0.0962,0.7148
CLUBS TWO HEARTS NINE,0.4644,0.04,0.4956
DIAMONDS QUEEN HEARTS KING,0.3968,0.0078,0.5954
HEARTS EIGHT SPADES TWO,0.469,0.0584,0.4726
SPADES JACK SPADES SIX,0.3246,0.0534,0.622
CLUBS EIGHT CLUBS THREE,0.4312,0.0588,0.51
CLUBS SEVEN SPADES EIGHT,0.3668,0.072,0.5612
CLUBS JACK SPADES FIVE,0.3248,0.0548,0.6204
DIAMONDS QUEEN HEARTS NINE,0.4096,0.0124,0.578
CLUBS JACK HEARTS FOUR,0.4564,0.0176,0.526
HEARTS QUEEN CLUBS ACE,0.4078,0.0042,0.588
SPADES TWO DIAMONDS NINE,0.4602,0.0472,0.4926
CLUBS FOUR DIAMONDS JACK,0.4566,0.0184,0.525
SPADES TEN SPADES FOUR,0.436,0.0262,0.5378
CLUBS THREE DIAMONDS NINE,0.432,0.0428,0.5252
CLUBS NINE SPADES EIGHT,0.3964,0.0358,0.5678
DIAMONDS TWO SPADES FIVE,0.5134,0.2562,0.2304
HEARTS THREE CLUBS FOUR,0.5488,0.1468,0.3044
CLUBS JACK SPADES NINE,0.4082,0.016,0.5758
DIAMONDS KING SPADES THREE,0.4476,0.0108,0.5416
SPADES ACE CLUBS SEVEN,0.4,0.005,0.595
CLUBS SIX HEARTS TEN,0.3094,0.0844,0.6062
CLUBS SIX DIAMONDS TEN,0.3012,0.0816,0.6172
SPADES KING SPADES TWO,0.4424,0.0094,0.5482
CLUBS NINE SPADES JACK,0.3976,0.0148,0.5876
HEARTS TWO HEARTS TEN,0.4288,0.028,0.5432
HEARTS EIGHT CLUBS FIVE,0.2994,0.1362,0.5644
DIAMONDS KING DIAMONDS TEN,0.3438,0.0102,0.646
HEARTS TWO SPADES SIX,0.3874,0.4036,0.209
CLUBS SEVEN HEARTS ACE,0.4052,0.0056,0.5892
CLUBS FIVE DIAMONDS ACE,0.2858,0.024,0.6902
SPADES JACK DIAMONDS ACE,0.389,0.004,0.607
CLUBS TEN HEARTS FIVE,0.3258,0.0742,0.6
DIAMONDS JACK HEARTS NINE,0.3846,0.0168,0.5986
DIAMONDS NINE HEARTS TEN,0.3832,0.0226,0.5942
SPADES ACE CLUBS THREE,0.4542,0.0044,0.5414
CLUBS SIX DIAMONDS QUEEN,0.3208,0.05,0.6292
CLUBS SIX SPADES FIVE,0.0732,0.9058,0.021
SPADES FIVE CLUBS QUEEN,0.336,0.0434,0.6206
SPADES QUEEN SPADES THREE,0.4362,0.0126,0.5512
HEARTS FIVE SPADES THREE,0.5208,0.2488,0.2304
SPADES SEVEN DIAMONDS TEN,0.386,0.0272,0.5868
SPADES FOUR DIAMONDS TEN,0.4538,0.0306,0.5156
CLUBS SEVEN SPADES FIVE,0.2942,0.19,0.5158
CLUBS QUEEN DIAMONDS FOUR,0.454,0.0132,0.5328
CLUBS JACK DIAMONDS FOUR,0.4608,0.0218,0.5174
DIAMONDS NINE HEARTS NINE,0.2078,0.0736,0.7186
HEARTS SEVEN HEARTS JACK,0.3856,0.0186,0.5958
HEARTS FIVE SPADES NINE,0.3246,0.0934,0.582
CLUBS SEVEN SPADES NINE,0.392,0.041,0.567
CLUBS JACK CLUBS THREE,0.4286,0.016,0.5554
SPADES NINE DIAMONDS FOUR,0.4496,0.0388,0.5116
CLUBS TEN CLUBS THREE,0.4312,0.025,0.5438
HEARTS EIGHT CLUBS NINE,0.3752,0.036,0.5888
HEARTS TWO DIAMONDS FOUR,0.558,0.15,0.292
SPADES NINE SPADES SEVEN,0.3612,0.0352,0.6036
HEARTS THREE SPADES FIVE,0.5186,0.2494,0.232
CLUBS THREE HEARTS TEN,0.4708,0.0266,0.5026
DIAMONDS THREE SPADES TEN,0.4636,0.0328,0.5036
CLUBS TWO SPADES THREE,0.546,0.1466,0.3074
HEARTS EIGHT HEARTS SEVEN,0.3488,0.048,0.6032
HEARTS EIGHT HEARTS NINE,0.364,0.032,0.604
CLUBS EIGHT CLUBS ACE,0.38,0.0046,0.6154
CLUBS FIVE CLUBS KING,0.302,0.0338,0.6642
CLUBS FOUR DIAMONDS NINE,0.4348,0.046,0.5192
SPADES TEN DIAMONDS JACK,0.37,0.012,0.618
HEARTS THREE CLUBS FIVE,0.5284,0.2524,0.2192
HEARTS NINE DIAMONDS FOUR,0.4508,0.044,0.5052
HEARTS SIX HEARTS THREE,0.359,0.3924,0.2486
CLUBS TWO DIAMONDS TEN,0.4508,0.03,0.5192
HEARTS QUEEN CLUBS QUEEN,0.2318,0.033,0.7352
CLUBS SIX DIAMONDS EIGHT,0.2788,0.142,0.5792
CLUBS NINE SPADES NINE,0.2122,0.0696,0.7182
CLUBS NINE HEARTS QUEEN,0.3968,0.0124,0.5908
HEARTS SIX DIAMONDS TEN,0.2892,0.081,0.6298
DIAMONDS THREE DIAMONDS FOUR,0.5432,0.1536,0.3032
HEARTS SEVEN SPADES FIVE,0.2962,0.1936,0.5102
CLUBS FIVE SPADES THREE,0.505,0.2516,0.2434
HEARTS TWO CLUBS KING,0.455,0.0082,0.5368
HEARTS SEVEN HEARTS SIX,0.2742,0.1796,0.5462
SPADES QUEEN HEARTS JACK,0.4106,0.0086,0.5808
DIAMONDS JACK SPADES THREE,0.4546,0.0176,0.5278
SPADES JACK HEARTS KING,0.4082,0.0048,0.587
SPADES TEN HEARTS FOUR,0.4634,0.0212,0.5154
SPADES FOUR CLUBS ACE,0.4518,0.0056,0.5426
SPADES TEN SPADES SIX,0.2878,0.0742,0.638
DIAMONDS THREE HEARTS JACK,0.4586,0.0202,0.5212
DIAMONDS THREE HEARTS NINE,0.4608,0.043,0.4962
SPADES KING CLUBS SIX,0.3292,0.0392,0.6316
HEARTS SEVEN CLUBS EIGHT,0.384,0.0542,0.5618
CLUBS JACK CLUBS EIGHT,0.3856,0.0198,0.5946
HEARTS SIX HEARTS FIVE,0.0724,0.8562,0.0714
HEARTS KING CLUBS QUEEN,0.4142,0.0064,0.5794
DIAMONDS TWO CLUBS SEVEN,0.4622,0.0992,0.4386
SPADES FIVE SPADES THREE,0.4952,0.2394,0.2654
DIAMONDS SEVEN CLUBS QUEEN,0.4038,0.011,0.5852
SPADES EIGHT DIAMONDS KING,0.4052,0.0074,0.5874
CLUBS JACK SPADES TEN,0.3972,0.014,0.5888
CLUBS TEN HEARTS TWO,0.4762,0.0274,0.4964
CLUBS FIVE SPADES SEVEN,0.2918,0.1864,0.5218
HEARTS FOUR SPADES TWO,0.5802,0.143,0.2768
SPADES FIVE SPADES FOUR,0.4842,0.2382,0.2776
SPADES KING CLUBS TEN,0.4008,0.0062,0.593
SPADES JACK DIAMONDS KING,0.401,0.0084,0.5906
DIAMONDS KING SPADES FIVE,0.3074,0.0362,0.6564
SPADES JACK HEARTS FOUR,0.4676,0.0192,0.5132
SPADES JACK CLUBS TWO,0.4644,0.0262,0.5094
DIAMONDS ACE SPADES THREE,0.4398,0.0076,0.5526
CLUBS SIX CLUBS KING,0.3146,0.034,0.6514
DIAMONDS THREE CLUBS SEVEN,0.4636,0.0932,0.4432
SPADES SIX DIAMONDS SEVEN,0.2738,0.1794,0.5468
SPADES ACE HEARTS SIX,0.3276,0.026,0.6464
CLUBS EIGHT CLUBS TWO,0.4328,0.067,0.5002
DIAMONDS THREE DIAMONDS SEVEN,0.4154,0.096,0.4886
SPADES TEN CLUBS SIX,0.314,0.072,0.614
SPADES SIX SPADES FOUR,0.3402,0.4024,0.2574
SPADES SIX DIAMONDS TEN,0.2882,0.0784,0.6334
HEARTS SIX HEARTS FOUR,0.3368,0.4082,0.255
HEARTS ACE HEARTS QUEEN,0.3842,0.0042,0.6116
CLUBS NINE DIAMONDS TEN,0.3698,0.0248,0.6054
HEARTS SEVEN SPADES SEVEN,0.1848,0.1116,0.7036
CLUBS EIGHT DIAMONDS KING,0.388,0.0074,0.6046
DIAMONDS NINE DIAMONDS FOUR,0.3956,0.048,0.5564
SPADES KING HEARTS QUEEN,0.4078,0.006,0.5862
CLUBS EIGHT DIAMONDS NINE,0.3782,0.0354,0.5864
SPADES KING HEARTS FOUR,0.4706,0.0066,0.5228
CLUBS TEN CLUBS SIX,0.295,0.0696,0.6354
CLUBS FOUR DIAMONDS QUEEN,0.4568,0.0142,0.529
HEARTS SEVEN CLUBS TWO,0.4692,0.0974,0.4334
HEARTS FIVE DIAMONDS QUEEN,0.31,0.0464,0.6436
CLUBS ACE CLUBS QUEEN,0.3914,0.0042,0.6044
SPADES EIGHT HEARTS TWO,0.4654,0.0616,0.473
DIAMONDS ACE SPADES TWO,0.4264,0.0052,0.5684
HEARTS KING DIAMONDS TEN,0.3918,0.0072,0.601
SPADES JACK CLUBS SEVEN,0.4126,0.0154,0.572
HEARTS SIX SPADES NINE,0.318,0.107,0.575
HEARTS THREE HEARTS JACK,0.4298,0.0174,0.5528
SPADES JACK SPADES EIGHT,0.3892,0.013,0.5978
SPADES KING DIAMONDS SEVEN,0.404,0.0086,0.5874
HEARTS FOUR HEARTS TWO,0.532,0.1442,0.3238
HEARTS ACE SPADES THREE,0.4486,0.0044,0.547
HEARTS THREE CLUBS KING,0.4488,0.0076,0.5436
CLUBS JACK HEARTS EIGHT,0.4074,0.0188,0.5738
HEARTS ACE DIAMONDS TEN,0.3964,0.0024,0.6012
SPADES ACE HEARTS ACE,0.2262,0.0038,0.77
CLUBS EIGHT HEARTS KING,0.4124,0.0064,0.5812
DIAMONDS ACE DIAMONDS JACK,0.3516,0.005,0.6434
SPADES FOUR DIAMONDS FOUR,0.3876,0.1326,0.4798
CLUBS JACK SPADES EIGHT,0.405,0.0148,0.5802
CLUBS SIX DIAMONDS KING,0.3182,0.0386,0.6432
CLUBS SIX HEARTS QUEEN,0.3294,0.0494,0.6212
SPADES TEN DIAMONDS FOUR,0.45,0.0258,0.5242
HEARTS THREE HEARTS TEN,0.4272,0.0294,0.5434
HEARTS SEVEN SPADES QUEEN,0.4234,0.0128,0.5638
CLUBS JACK CLUBS SEVEN,0.3938,0.0184,0.5878
HEARTS TWO SPADES THREE,0.5402,0.1546,0.3052
SPADES KING SPADES FOUR,0.442,0.0076,0.5504
HEARTS SEVEN CLUBS FIVE,0.2918,0.1952,0.513
DIAMONDS TWO CLUBS QUEEN,0.4656,0.0118,0.5226
CLUBS JACK SPADES SEVEN,0.4228,0.0174,0.5598
SPADES QUEEN HEARTS TEN,0.4084,0.0114,0.5802
CLUBS FOUR SPADES TWO,0.5646,0.1432,0.2922
HEARTS SEVEN CLUBS NINE,0.408,0.0344,0.5576
CLUBS NINE DIAMONDS FOUR,0.4508,0.0478,0.5014
CLUBS SEVEN HEARTS NINE,0.4048,0.0362,0.559
SPADES QUEEN DIAMONDS NINE,0.3916,0.0096,0.5988
HEARTS SEVEN HEARTS NINE,0.3706,0.0408,0.5886
CLUBS FIVE SPADES TWO,0.5256,0.2542,0.2202
HEARTS THREE HEARTS ACE,0.4188,0.0044,0.5768
CLUBS NINE DIAMONDS SEVEN,0.3848,0.0382,0.577
CLUBS JACK DIAMONDS JACK,0.217,0.0518,0.7312
CLUBS TEN CLUBS SEVEN,0.3732,0.026,0.6008
HEARTS THREE DIAMONDS EIGHT,0.448,0.0672,0.4848
HEARTS SEVEN CLUBS QUEEN,0.4252,0.0108,0.564
SPADES NINE SPADES SIX,0.2962,0.102,0.6018
CLUBS EIGHT DIAMONDS FOUR,0.4436,0.065,0.4914
CLUBS THREE HEARTS JACK,0.4634,0.022,0.5146
SPADES THREE DIAMONDS SEVEN,0.4478,0.098,0.4542
SPADES QUEEN CLUBS ACE,0.4086,0.0034,0.588
CLUBS EIGHT DIAMONDS ACE,0.3924,0.006,0.6016
HEARTS FOUR DIAMONDS JACK,0.4384,0.02,0.5416
SPADES SEVEN DIAMONDS JACK,0.403,0.0182,0.5788
CLUBS JACK CLUBS QUEEN,0.3838,0.0088,0.6074
DIAMONDS EIGHT CLUBS QUEEN,0.387,0.0132,0.5998
SPADES KING DIAMONDS TWO,0.4634,0.0086,0.528
SPADES NINE HEARTS KING,0.4176,0.006,0.5764
HEARTS FIVE DIAMONDS TEN,0.3108,0.0772,0.612
CLUBS TWO DIAMONDS EIGHT,0.4494,0.0714,0.4792
HEARTS ACE HEARTS NINE,0.385,0.0042,0.6108
