opposingHand,winningChance,drawChance,lostChance
DIAMONDS FIVE HEARTS ACE
HEARTS FIVE SPADES TEN,0.7346,0.0286,0.2368
HEARTS FIVE SPADES JACK,0.74,0.0268,0.2332
CLUBS JACK SPADES FIVE,0.7312,0.0308,0.238
CLUBS TEN SPADES FIVE,0.7408,0.0252,0.234
CLUBS JACK CLUBS EIGHT,0.55,0.0046,0.4454
CLUBS TEN CLUBS EIGHT,0.5284,0.0052,0.4664
CLUBS EIGHT CLUBS KING,0.5734,0.0038,0.4228
SPADES FIVE CLUBS ACE,0.023,0.9586,0.0184
CLUBS EIGHT CLUBS QUEEN,0.5574,0.0038,0.4388
SPADES FIVE CLUBS KING,0.7332,0.0288,0.238
SPADES FIVE CLUBS QUEEN,0.7422,0.0268,0.231
CLUBS EIGHT CLUBS ACE,0.246,0.2096,0.5444
DIAMONDS TWO DIAMONDS THREE,0.6434,0.0086,0.348
HEARTS FIVE SPADES KING,0.7394,0.0328,0.2278
DIAMONDS TWO DIAMONDS FOUR,0.6498,0.0076,0.3426
HEARTS FIVE SPADES QUEEN,0.7478,0.0252,0.227
DIAMONDS TWO DIAMONDS SEVEN,0.6172,0.0052,0.3776
DIAMONDS TWO DIAMONDS SIX,0.6242,0.0052,0.3706
SPADES ACE HEARTS FIVE,0.0208,0.9674,0.0118
DIAMONDS TWO DIAMONDS NINE,0.6156,0.0056,0.3788
DIAMONDS TWO DIAMONDS EIGHT,0.6192,0.0058,0.375
DIAMONDS THREE DIAMONDS FOUR,0.631,0.0064,0.3626
CLUBS TWO SPADES FOUR,0.668,0.0046,0.3274
CLUBS TWO SPADES FIVE,0.749,0.0262,0.2248
CLUBS TWO SPADES TWO,0.4606,0.0068,0.5326
CLUBS TWO SPADES THREE,0.6554,0.0056,0.339
DIAMONDS THREE DIAMONDS EIGHT,0.6134,0.0062,0.3804
SPADES EIGHT CLUBS TWO,0.645,0.005,0.35
DIAMONDS THREE DIAMONDS NINE,0.615,0.0052,0.3798
SPADES NINE CLUBS TWO,0.654,0.0044,0.3416
DIAMONDS THREE DIAMONDS SIX,0.6012,0.0058,0.393
SPADES SIX CLUBS TWO,0.6496,0.0058,0.3446
DIAMONDS THREE DIAMONDS SEVEN,0.6166,0.0048,0.3786
SPADES SEVEN CLUBS TWO,0.6554,0.004,0.3406
CLUBS SIX CLUBS TWO,0.6002,0.0056,0.3942
CLUBS SEVEN CLUBS TWO,0.614,0.0048,0.3812
CLUBS FOUR CLUBS TWO,0.6276,0.0052,0.3672
CLUBS FIVE CLUBS TWO,0.6908,0.0256,0.2836
CLUBS TEN CLUBS JACK,0.513,0.0034,0.4836
DIAMONDS SIX DIAMONDS FOUR,0.5894,0.0058,0.4048
CLUBS TEN CLUBS QUEEN,0.5108,0.0036,0.4856
DIAMONDS FOUR DIAMONDS SEVEN,0.5996,0.005,0.3954
CLUBS TEN CLUBS KING,0.5472,0.0042,0.4486
CLUBS TEN CLUBS ACE,0.2338,0.1162,0.65
CLUBS EIGHT CLUBS TWO,0.6138,0.005,0.3812
CLUBS NINE CLUBS TWO,0.613,0.0032,0.3838
DIAMONDS NINE DIAMONDS FOUR,0.6196,0.006,0.3744
DIAMONDS FOUR DIAMONDS EIGHT,0.6078,0.0052,0.387
CLUBS TWO CLUBS THREE,0.6334,0.0044,0.3622
CLUBS JACK DIAMONDS TWO,0.6472,0.0042,0.3486
CLUBS TEN DIAMONDS TWO,0.6498,0.0054,0.3448
DIAMONDS TWO CLUBS ACE,0.32,0.4676,0.2124
DIAMONDS TWO CLUBS KING,0.6492,0.0042,0.3466
DIAMONDS TWO CLUBS QUEEN,0.6526,0.0046,0.3428
DIAMONDS SIX DIAMONDS EIGHT,0.57,0.0048,0.4252
DIAMONDS NINE DIAMONDS SIX,0.5694,0.004,0.4266
SPADES THREE HEARTS KING,0.657,0.0036,0.3394
DIAMONDS SIX DIAMONDS SEVEN,0.5578,0.0048,0.4374
HEARTS QUEEN SPADES THREE,0.6486,0.005,0.3464
SPADES THREE HEARTS JACK,0.654,0.0044,0.3416
SPADES THREE HEARTS TEN,0.6512,0.0052,0.3436
DIAMONDS EIGHT DIAMONDS SEVEN,0.5446,0.0052,0.4502
DIAMONDS NINE DIAMONDS SEVEN,0.5422,0.0054,0.4524
DIAMONDS NINE DIAMONDS EIGHT,0.5418,0.004,0.4542
DIAMONDS KING HEARTS TEN,0.583,0.0064,0.4106
HEARTS THREE HEARTS TEN,0.6188,0.005,0.3762
SPADES JACK CLUBS SIX,0.598,0.0036,0.3984
DIAMONDS KING HEARTS JACK,0.5772,0.0042,0.4186
HEARTS THREE HEARTS JACK,0.6142,0.006,0.3798
SPADES TEN CLUBS SIX,0.5936,0.0034,0.403
SPADES JACK SPADES FIVE,0.6936,0.026,0.2804
SPADES TEN SPADES FIVE,0.7048,0.0206,0.2746
SPADES ACE CLUBS SIX,0.2446,0.38,0.3754
DIAMONDS KING HEARTS QUEEN,0.5732,0.0044,0.4224
HEARTS THREE HEARTS QUEEN,0.6228,0.0046,0.3726
SPADES KING CLUBS SIX,0.606,0.0038,0.3902
DIAMONDS KING HEARTS KING,0.292,0.0044,0.7036
HEARTS THREE HEARTS KING,0.6164,0.005,0.3786
SPADES QUEEN CLUBS SIX,0.6044,0.0026,0.393
SPADES NINE HEARTS TEN,0.5468,0.0038,0.4494
SPADES NINE HEARTS JACK,0.5794,0.0042,0.4164
SPADES QUEEN SPADES FIVE,0.6964,0.0282,0.2754
SPADES KING SPADES FIVE,0.7008,0.0266,0.2726
SPADES ACE SPADES FIVE,0.0222,0.9076,0.0702
SPADES NINE HEARTS QUEEN,0.5848,0.0028,0.4124
SPADES NINE HEARTS KING,0.598,0.0044,0.3976
CLUBS TEN SPADES JACK,0.5636,0.0042,0.4322
CLUBS TEN SPADES TEN,0.3336,0.0022,0.6642
SPADES ACE CLUBS TEN,0.2542,0.1106,0.6352
CLUBS TEN SPADES KING,0.581,0.0032,0.4158
CLUBS TEN SPADES QUEEN,0.5566,0.0048,0.4386
SPADES FIVE HEARTS QUEEN,0.7464,0.0324,0.2212
SPADES FIVE HEARTS KING,0.748,0.028,0.224
CLUBS EIGHT SPADES TEN,0.5794,0.0046,0.416
SPADES JACK HEARTS THREE,0.647,0.0048,0.3482
SPADES JACK DIAMONDS KING,0.5708,0.0048,0.4244
SPADES TEN DIAMONDS KING,0.5678,0.0042,0.428
SPADES TEN HEARTS THREE,0.6492,0.006,0.3448
CLUBS EIGHT SPADES JACK,0.5898,0.002,0.4082
SPADES ACE CLUBS EIGHT,0.2418,0.2276,0.5306
HEARTS FIVE CLUBS JACK,0.7478,0.0306,0.2216
CLUBS TEN HEARTS FIVE,0.7394,0.0268,0.2338
CLUBS SIX HEARTS QUEEN,0.6272,0.0032,0.3696
SPADES QUEEN CLUBS EIGHT,0.5994,0.0036,0.397
CLUBS TEN SPADES THREE,0.6526,0.0044,0.343
CLUBS SIX HEARTS KING,0.6088,0.0034,0.3878
SPADES KING CLUBS EIGHT,0.6118,0.004,0.3842
CLUBS JACK SPADES THREE,0.6456,0.0032,0.3512
DIAMONDS TWO HEARTS JACK,0.6654,0.0062,0.3284
SPADES THREE CLUBS QUEEN,0.6456,0.0048,0.3496
DIAMONDS TWO HEARTS TEN,0.6484,0.006,0.3456
SPADES THREE CLUBS KING,0.6564,0.003,0.3406
HEARTS FIVE CLUBS ACE,0.0198,0.971,0.0092
SPADES FIVE HEARTS TEN,0.7318,0.0264,0.2418
SPADES THREE CLUBS ACE,0.3112,0.4596,0.2292
HEARTS FIVE CLUBS KING,0.7438,0.031,0.2252
SPADES FIVE HEARTS JACK,0.737,0.0282,0.2348
HEARTS FIVE CLUBS QUEEN,0.7472,0.0292,0.2236
HEARTS THREE CLUBS KING,0.6482,0.0046,0.3472
DIAMONDS KING CLUBS KING,0.2958,0.0048,0.6994
HEARTS THREE CLUBS QUEEN,0.658,0.0048,0.3372
DIAMONDS KING CLUBS QUEEN,0.5674,0.0054,0.4272
HEARTS FIVE HEARTS JACK,0.701,0.0312,0.2678
HEARTS FIVE HEARTS TEN,0.7046,0.0248,0.2706
HEARTS THREE CLUBS ACE,0.3118,0.4644,0.2238
DIAMONDS KING CLUBS ACE,0.2618,0.0476,0.6906
SPADES ACE CLUBS QUEEN,0.265,0.06,0.675
SPADES KING CLUBS QUEEN,0.5742,0.0048,0.421
CLUBS JACK HEARTS THREE,0.6536,0.006,0.3404
CLUBS JACK DIAMONDS KING,0.573,0.0042,0.4228
SPADES QUEEN CLUBS QUEEN,0.3204,0.0028,0.6768
CLUBS TEN HEARTS THREE,0.6384,0.005,0.3566
CLUBS TEN DIAMONDS KING,0.5662,0.0052,0.4286
SPADES JACK CLUBS QUEEN,0.5806,0.0042,0.4152
CLUBS SIX CLUBS QUEEN,0.5662,0.0034,0.4304
SPADES TEN CLUBS QUEEN,0.5632,0.004,0.4328
CLUBS SIX CLUBS KING,0.59,0.0054,0.4046
CLUBS SIX CLUBS ACE,0.23,0.3528,0.4172
HEARTS FIVE HEARTS KING,0.7252,0.0288,0.246
HEARTS FIVE HEARTS QUEEN,0.709,0.0278,0.2632
CLUBS TEN CLUBS SIX,0.5704,0.004,0.4256
CLUBS JACK CLUBS SIX,0.5772,0.005,0.4178
SPADES SEVEN HEARTS JACK,0.592,0.0028,0.4052
SPADES SEVEN HEARTS TEN,0.5798,0.0032,0.417
DIAMONDS TWO CLUBS TWO,0.4864,0.0054,0.5082
DIAMONDS TWO CLUBS THREE,0.6728,0.0058,0.3214
DIAMONDS TWO HEARTS SIX,0.6622,0.0058,0.332
DIAMONDS TWO HEARTS QUEEN,0.655,0.0058,0.3392
HEARTS SEVEN DIAMONDS TWO,0.676,0.0058,0.3182
DIAMONDS TWO HEARTS KING,0.656,0.0062,0.3378
DIAMONDS TWO HEARTS EIGHT,0.6596,0.0062,0.3342
DIAMONDS TWO HEARTS NINE,0.6508,0.007,0.3422
DIAMONDS TWO DIAMONDS QUEEN,0.6142,0.0068,0.379
DIAMONDS TWO HEARTS TWO,0.4718,0.007,0.5212
DIAMONDS TWO DIAMONDS KING,0.6128,0.0062,0.381
DIAMONDS TWO HEARTS THREE,0.6746,0.0064,0.319
DIAMONDS TWO DIAMONDS ACE,0.305,0.4362,0.2588
HEARTS FOUR DIAMONDS TWO,0.686,0.007,0.307
HEARTS FIVE DIAMONDS TWO,0.7526,0.0268,0.2206
DIAMONDS TWO DIAMONDS TEN,0.6158,0.005,0.3792
SPADES SEVEN HEARTS KING,0.6036,0.0032,0.3932
DIAMONDS TWO DIAMONDS JACK,0.6102,0.008,0.3818
SPADES SEVEN HEARTS QUEEN,0.605,0.006,0.389
DIAMONDS TWO SPADES NINE,0.6476,0.0044,0.348
DIAMONDS TWO SPADES EIGHT,0.6602,0.0058,0.334
DIAMONDS TWO SPADES SEVEN,0.6638,0.0056,0.3306
DIAMONDS TWO SPADES SIX,0.651,0.0072,0.3418
DIAMONDS TWO SPADES FIVE,0.7288,0.0316,0.2396
DIAMONDS TWO SPADES FOUR,0.6728,0.005,0.3222
DIAMONDS TWO SPADES THREE,0.6704,0.0064,0.3232
DIAMONDS TWO SPADES TWO,0.4762,0.0054,0.5184
DIAMONDS TWO CLUBS NINE,0.6522,0.005,0.3428
CLUBS EIGHT DIAMONDS TWO,0.6552,0.0044,0.3404
DIAMONDS TWO CLUBS SEVEN,0.6608,0.0058,0.3334
DIAMONDS TWO CLUBS SIX,0.6552,0.0044,0.3404
DIAMONDS TWO CLUBS FIVE,0.7428,0.0304,0.2268
DIAMONDS TWO CLUBS FOUR,0.6674,0.0052,0.3274
CLUBS FOUR SPADES FIVE,0.7072,0.0226,0.2702
CLUBS FOUR SPADES FOUR,0.445,0.0036,0.5514
CLUBS FOUR SPADES THREE,0.6618,0.0048,0.3334
CLUBS FOUR SPADES TWO,0.6778,0.0044,0.3178
SPADES NINE CLUBS FOUR,0.6458,0.0064,0.3478
SPADES EIGHT CLUBS FOUR,0.638,0.0034,0.3586
CLUBS FOUR SPADES SEVEN,0.6348,0.006,0.3592
CLUBS FOUR SPADES SIX,0.6232,0.0064,0.3704
SPADES ACE DIAMONDS SIX,0.238,0.389,0.373
SPADES QUEEN DIAMONDS SIX,0.5944,0.0044,0.4012
SPADES KING DIAMONDS SIX,0.621,0.0046,0.3744
SPADES TEN DIAMONDS SIX,0.5918,0.0046,0.4036
SPADES JACK DIAMONDS SIX,0.6182,0.003,0.3788
SPADES QUEEN SPADES TWO,0.5974,0.0054,0.3972
SPADES KING SPADES TWO,0.6108,0.0056,0.3836
SPADES ACE SPADES TWO,0.3026,0.4274,0.27
CLUBS JACK DIAMONDS JACK,0.3182,0.0042,0.6776
CLUBS TEN DIAMONDS JACK,0.5492,0.0044,0.4464
DIAMONDS JACK CLUBS KING,0.5832,0.0064,0.4104
DIAMONDS JACK CLUBS QUEEN,0.5666,0.0034,0.43
DIAMONDS THREE DIAMONDS JACK,0.6078,0.0046,0.3876
DIAMONDS THREE DIAMONDS TEN,0.6026,0.0058,0.3916
DIAMONDS JACK CLUBS ACE,0.255,0.0856,0.6594
DIAMONDS THREE DIAMONDS KING,0.6204,0.0058,0.3738
DIAMONDS THREE HEARTS THREE,0.4682,0.0068,0.525
DIAMONDS THREE DIAMONDS QUEEN,0.6216,0.0044,0.374
DIAMONDS THREE HEARTS TWO,0.672,0.0066,0.3214
HEARTS FIVE DIAMONDS THREE,0.7398,0.0278,0.2324
DIAMONDS THREE DIAMONDS ACE,0.2994,0.4414,0.2592
HEARTS FOUR DIAMONDS THREE,0.6592,0.0052,0.3356
HEARTS SEVEN DIAMONDS THREE,0.6542,0.005,0.3408
SPADES TEN SPADES NINE,0.5174,0.0042,0.4784
HEARTS SIX DIAMONDS THREE,0.6508,0.0056,0.3436
SPADES JACK SPADES NINE,0.5314,0.0044,0.4642
DIAMONDS THREE HEARTS NINE,0.6512,0.0058,0.343
HEARTS JACK DIAMONDS FOUR,0.6484,0.0042,0.3474
SPADES TEN SPADES TWO,0.6006,0.0048,0.3946
DIAMONDS THREE HEARTS EIGHT,0.6648,0.0044,0.3308
HEARTS TEN DIAMONDS FOUR,0.6522,0.0062,0.3416
SPADES JACK SPADES TWO,0.602,0.0048,0.3932
HEARTS QUEEN DIAMONDS FOUR,0.6456,0.0046,0.3498
HEARTS KING DIAMONDS FOUR,0.6644,0.007,0.3286
SPADES ACE SPADES NINE,0.2388,0.155,0.6062
SPADES KING SPADES NINE,0.5446,0.0046,0.4508
SPADES QUEEN SPADES NINE,0.5324,0.0042,0.4634
DIAMONDS THREE SPADES NINE,0.641,0.0048,0.3542
DIAMONDS THREE SPADES EIGHT,0.651,0.0044,0.3446
DIAMONDS THREE SPADES SEVEN,0.6546,0.0052,0.3402
DIAMONDS THREE SPADES SIX,0.638,0.006,0.356
DIAMONDS THREE CLUBS SIX,0.6494,0.0042,0.3464
CLUBS SIX CLUBS FIVE,0.6686,0.022,0.3094
CLUBS ACE DIAMONDS FOUR,0.3098,0.4706,0.2196
DIAMONDS THREE CLUBS SEVEN,0.6554,0.0064,0.3382
CLUBS SEVEN CLUBS FIVE,0.6634,0.0232,0.3134
DIAMONDS THREE CLUBS FOUR,0.657,0.0052,0.3378
DIAMONDS FOUR CLUBS QUEEN,0.6572,0.0056,0.3372
DIAMONDS THREE CLUBS FIVE,0.7138,0.0256,0.2606
DIAMONDS FOUR CLUBS KING,0.6658,0.0056,0.3286
DIAMONDS THREE CLUBS TWO,0.6712,0.0052,0.3236
CLUBS TEN DIAMONDS FOUR,0.649,0.0058,0.3452
DIAMONDS THREE CLUBS THREE,0.468,0.0058,0.5262
CLUBS JACK DIAMONDS FOUR,0.6466,0.0032,0.3502
DIAMONDS THREE SPADES FOUR,0.6536,0.0056,0.3408
DIAMONDS THREE SPADES FIVE,0.7354,0.023,0.2416
DIAMONDS THREE SPADES TWO,0.6806,0.0034,0.316
DIAMONDS THREE SPADES THREE,0.479,0.0048,0.5162
CLUBS EIGHT DIAMONDS THREE,0.6608,0.0042,0.335
CLUBS NINE DIAMONDS THREE,0.6458,0.0072,0.347
SPADES SEVEN CLUBS ACE,0.241,0.3012,0.4578
SPADES SEVEN CLUBS QUEEN,0.6084,0.002,0.3896
SPADES SEVEN CLUBS KING,0.6172,0.0038,0.379
SPADES SEVEN CLUBS FIVE,0.7056,0.02,0.2744
CLUBS TEN SPADES SEVEN,0.578,0.0036,0.4184
CLUBS FIVE SPADES SIX,0.7036,0.02,0.2764
CLUBS JACK SPADES SEVEN,0.5938,0.0032,0.403
SPADES NINE CLUBS FIVE,0.7258,0.0232,0.251
SPADES EIGHT CLUBS FIVE,0.7154,0.0242,0.2604
CLUBS FIVE SPADES THREE,0.73,0.0264,0.2436
CLUBS FIVE SPADES TWO,0.7392,0.026,0.2348
CLUBS FIVE SPADES FIVE,0.3282,0.0282,0.6436
CLUBS FIVE SPADES FOUR,0.706,0.0234,0.2706
CLUBS NINE CLUBS FIVE,0.685,0.0246,0.2904
CLUBS EIGHT CLUBS FIVE,0.666,0.0208,0.3132
CLUBS ACE CLUBS QUEEN,0.2536,0.0592,0.6872
CLUBS KING CLUBS QUEEN,0.5344,0.0064,0.4592
DIAMONDS TEN DIAMONDS FOUR,0.6096,0.0052,0.3852
CLUBS TEN DIAMONDS NINE,0.55,0.0034,0.4466
DIAMONDS JACK DIAMONDS FOUR,0.6104,0.0046,0.385
CLUBS JACK DIAMONDS NINE,0.5678,0.0046,0.4276
CLUBS JACK SPADES NINE,0.5632,0.0028,0.434
CLUBS TEN SPADES NINE,0.5576,0.0046,0.4378
DIAMONDS ACE DIAMONDS FOUR,0.3086,0.439,0.2524
HEARTS FOUR DIAMONDS FOUR,0.4794,0.0052,0.5154
DIAMONDS JACK HEARTS TEN,0.5478,0.0034,0.4488
SPADES NINE CLUBS KING,0.5878,0.004,0.4082
DIAMONDS TWO SPADES TEN,0.648,0.0048,0.3472
DIAMONDS NINE CLUBS ACE,0.245,0.171,0.584
HEARTS FIVE DIAMONDS FOUR,0.7126,0.026,0.2614
DIAMONDS JACK HEARTS JACK,0.3264,0.004,0.6696
SPADES NINE CLUBS QUEEN,0.5816,0.0042,0.4142
DIAMONDS TWO SPADES JACK,0.6536,0.004,0.3424
DIAMONDS QUEEN DIAMONDS FOUR,0.617,0.0068,0.3762
HEARTS TWO DIAMONDS FOUR,0.6836,0.0074,0.309
DIAMONDS NINE CLUBS QUEEN,0.5724,0.005,0.4226
DIAMONDS KING DIAMONDS FOUR,0.6168,0.0058,0.3774
HEARTS THREE DIAMONDS FOUR,0.655,0.0078,0.3372
SPADES NINE CLUBS ACE,0.2562,0.1696,0.5742
DIAMONDS NINE CLUBS KING,0.5892,0.0042,0.4066
SPADES ACE DIAMONDS TWO,0.3326,0.4528,0.2146
HEARTS QUEEN DIAMONDS JACK,0.5596,0.005,0.4354
SPADES QUEEN DIAMONDS TWO,0.6482,0.0042,0.3476
HEARTS KING DIAMONDS JACK,0.5788,0.0052,0.416
SPADES KING DIAMONDS TWO,0.6524,0.0064,0.3412
SPADES JACK SPADES SEVEN,0.556,0.0038,0.4402
SPADES TEN SPADES SEVEN,0.55,0.004,0.446
CLUBS SEVEN CLUBS THREE,0.605,0.0046,0.3904
CLUBS SIX CLUBS THREE,0.6018,0.0042,0.394
CLUBS FIVE CLUBS THREE,0.6786,0.0242,0.2972
CLUBS FOUR CLUBS THREE,0.6238,0.0048,0.3714
CLUBS NINE CLUBS THREE,0.6094,0.0046,0.386
CLUBS EIGHT CLUBS THREE,0.6162,0.0058,0.378
SPADES FIVE CLUBS THREE,0.7194,0.0276,0.253
CLUBS THREE SPADES FOUR,0.6466,0.003,0.3504
CLUBS THREE SPADES THREE,0.465,0.0068,0.5282
CLUBS THREE SPADES TWO,0.6612,0.004,0.3348
SPADES SIX CLUBS THREE,0.6378,0.004,0.3582
SPADES SEVEN CLUBS THREE,0.6492,0.006,0.3448
SPADES EIGHT CLUBS THREE,0.6482,0.0042,0.3476
SPADES NINE CLUBS THREE,0.646,0.0034,0.3506
SPADES TWO DIAMONDS FOUR,0.6778,0.0036,0.3186
SPADES THREE DIAMONDS FOUR,0.6546,0.0068,0.3386
SPADES FOUR DIAMONDS FOUR,0.452,0.0054,0.5426
SPADES FIVE DIAMONDS FOUR,0.7042,0.025,0.2708
SPADES SIX DIAMONDS FOUR,0.6388,0.0056,0.3556
SPADES SEVEN DIAMONDS FOUR,0.6216,0.0048,0.3736
SPADES EIGHT DIAMONDS FOUR,0.6296,0.0038,0.3666
SPADES NINE DIAMONDS FOUR,0.6464,0.0042,0.3494
CLUBS FIVE DIAMONDS FOUR,0.6986,0.029,0.2724
CLUBS FOUR DIAMONDS FOUR,0.457,0.0044,0.5386
CLUBS SEVEN DIAMONDS FOUR,0.6364,0.0042,0.3594
CLUBS SIX DIAMONDS FOUR,0.633,0.0046,0.3624
CLUBS NINE DIAMONDS FOUR,0.648,0.0042,0.3478
CLUBS EIGHT DIAMONDS FOUR,0.6524,0.0052,0.3424
HEARTS SEVEN DIAMONDS FOUR,0.6456,0.004,0.3504
HEARTS SIX DIAMONDS FOUR,0.6456,0.0042,0.3502
DIAMONDS FOUR HEARTS NINE,0.6544,0.0066,0.339
DIAMONDS FOUR HEARTS EIGHT,0.6454,0.0056,0.349
CLUBS THREE DIAMONDS FOUR,0.6576,0.0062,0.3362
CLUBS TWO DIAMONDS FOUR,0.6646,0.0054,0.33
DIAMONDS NINE HEARTS QUEEN,0.582,0.005,0.413
DIAMONDS NINE HEARTS KING,0.5904,0.0064,0.4032
DIAMONDS NINE HEARTS TEN,0.5672,0.0052,0.4276
DIAMONDS NINE HEARTS JACK,0.5648,0.005,0.4302
DIAMONDS SIX CLUBS KING,0.6106,0.0046,0.3848
DIAMONDS SIX CLUBS QUEEN,0.595,0.0034,0.4016
DIAMONDS SIX CLUBS ACE,0.2486,0.3812,0.3702
SPADES KING DIAMONDS FOUR,0.6518,0.0054,0.3428
SPADES ACE SPADES SEVEN,0.2246,0.2766,0.4988
SPADES QUEEN DIAMONDS FOUR,0.6414,0.0052,0.3534
SPADES QUEEN SPADES SEVEN,0.5824,0.0054,0.4122
CLUBS JACK DIAMONDS SIX,0.605,0.0042,0.3908
SPADES KING SPADES SEVEN,0.5624,0.0034,0.4342
SPADES ACE DIAMONDS FOUR,0.313,0.463,0.224
CLUBS TEN DIAMONDS SIX,0.5914,0.004,0.4046
CLUBS NINE CLUBS FOUR,0.6078,0.0038,0.3884
CLUBS EIGHT CLUBS FOUR,0.5994,0.0048,0.3958
SPADES JACK DIAMONDS FOUR,0.655,0.0044,0.3406
SPADES TEN DIAMONDS FOUR,0.6486,0.0044,0.347
CLUBS FOUR CLUBS FIVE,0.662,0.026,0.312
CLUBS SEVEN CLUBS FOUR,0.5986,0.0028,0.3986
CLUBS SIX CLUBS FOUR,0.5744,0.006,0.4196
CLUBS SEVEN SPADES EIGHT,0.5708,0.003,0.4262
SPADES NINE CLUBS SEVEN,0.5752,0.0034,0.4214
CLUBS SEVEN SPADES SIX,0.5844,0.0046,0.411
CLUBS SEVEN SPADES SEVEN,0.3568,0.0034,0.6398
CLUBS SEVEN SPADES FIVE,0.7026,0.0196,0.2778
CLUBS SEVEN SPADES FOUR,0.6362,0.0048,0.359
CLUBS SEVEN SPADES THREE,0.6384,0.0038,0.3578
CLUBS SEVEN SPADES TWO,0.662,0.005,0.333
CLUBS NINE CLUBS SEVEN,0.5392,0.0056,0.4552
CLUBS EIGHT CLUBS SEVEN,0.5294,0.0032,0.4674
HEARTS KING HEARTS EIGHT,0.5746,0.0054,0.42
HEARTS QUEEN HEARTS EIGHT,0.5662,0.0036,0.4302
SPADES JACK DIAMONDS EIGHT,0.5752,0.0038,0.421
CLUBS TEN HEARTS JACK,0.5464,0.003,0.4506
SPADES TEN DIAMONDS EIGHT,0.5714,0.0052,0.4234
CLUBS JACK HEARTS JACK,0.3228,0.0036,0.6736
HEARTS JACK CLUBS QUEEN,0.5752,0.0032,0.4216
HEARTS JACK CLUBS KING,0.582,0.0042,0.4138
CLUBS ACE HEARTS JACK,0.2638,0.0894,0.6468
SPADES KING DIAMONDS EIGHT,0.6002,0.0036,0.3962
SPADES QUEEN DIAMONDS EIGHT,0.5884,0.0032,0.4084
SPADES ACE DIAMONDS EIGHT,0.2438,0.2266,0.5296
DIAMONDS TEN DIAMONDS SIX,0.5616,0.0044,0.434
DIAMONDS JACK DIAMONDS SIX,0.5846,0.0068,0.4086
HEARTS QUEEN DIAMONDS SEVEN,0.6102,0.0048,0.385
HEARTS KING DIAMONDS SEVEN,0.6016,0.0048,0.3936
DIAMONDS ACE DIAMONDS SIX,0.2412,0.3556,0.4032
HEARTS FOUR DIAMONDS SIX,0.6218,0.007,0.3712
SPADES TWO HEARTS JACK,0.6478,0.0048,0.3474
HEARTS FIVE DIAMONDS SIX,0.712,0.0208,0.2672
SPADES TWO HEARTS TEN,0.6452,0.0058,0.349
DIAMONDS QUEEN DIAMONDS SIX,0.5738,0.006,0.4202
HEARTS TWO DIAMONDS SIX,0.6484,0.0044,0.3472
DIAMONDS KING DIAMONDS SIX,0.5824,0.0048,0.4128
HEARTS THREE DIAMONDS SIX,0.6492,0.0054,0.3454
DIAMONDS SIX HEARTS EIGHT,0.592,0.0042,0.4038
DIAMONDS SIX HEARTS NINE,0.596,0.0062,0.3978
HEARTS SIX DIAMONDS SIX,0.3688,0.004,0.6272
HEARTS SEVEN DIAMONDS SIX,0.5804,0.004,0.4156
HEARTS TEN DIAMONDS SEVEN,0.5958,0.0054,0.3988
CLUBS TWO DIAMONDS SIX,0.6412,0.0058,0.353
HEARTS JACK DIAMONDS SEVEN,0.5994,0.0038,0.3968
CLUBS THREE DIAMONDS SIX,0.6354,0.0054,0.3592
CLUBS SEVEN DIAMONDS SIX,0.5716,0.0058,0.4226
CLUBS JACK DIAMONDS EIGHT,0.5696,0.0022,0.4282
CLUBS SIX DIAMONDS SIX,0.373,0.0046,0.6224
CLUBS TEN DIAMONDS EIGHT,0.5484,0.0044,0.4472
CLUBS FIVE DIAMONDS SIX,0.7082,0.0258,0.266
CLUBS FOUR DIAMONDS SIX,0.6122,0.0044,0.3834
CLUBS ACE DIAMONDS EIGHT,0.2454,0.2294,0.5252
HEARTS QUEEN HEARTS JACK,0.5358,0.0068,0.4574
CLUBS KING DIAMONDS EIGHT,0.6086,0.0042,0.3872
CLUBS NINE DIAMONDS SIX,0.6024,0.0038,0.3938
HEARTS KING HEARTS JACK,0.5372,0.005,0.4578
CLUBS EIGHT DIAMONDS SIX,0.5976,0.0042,0.3982
DIAMONDS EIGHT CLUBS QUEEN,0.5888,0.0028,0.4084
SPADES TEN HEARTS KING,0.5718,0.005,0.4232
SPADES FIVE DIAMONDS SIX,0.7234,0.0212,0.2554
SPADES JACK HEARTS KING,0.5704,0.0046,0.425
SPADES FOUR DIAMONDS SIX,0.6212,0.0056,0.3732
SPADES THREE DIAMONDS SIX,0.6462,0.0048,0.349
HEARTS QUEEN SPADES TWO,0.653,0.0052,0.3418
SPADES ACE SPADES KING,0.2468,0.0448,0.7084
HEARTS KING SPADES TWO,0.6578,0.0056,0.3366
SPADES TWO DIAMONDS SIX,0.6506,0.004,0.3454
HEARTS TEN HEARTS EIGHT,0.5568,0.0066,0.4366
SPADES NINE DIAMONDS SIX,0.5822,0.0038,0.414
HEARTS JACK HEARTS EIGHT,0.5556,0.0062,0.4382
SPADES EIGHT DIAMONDS SIX,0.5882,0.0024,0.4094
SPADES SEVEN DIAMONDS SIX,0.5692,0.0058,0.425
SPADES SIX DIAMONDS SIX,0.341,0.0056,0.6534
SPADES KING HEARTS KING,0.296,0.0042,0.6998
SPADES QUEEN HEARTS KING,0.585,0.0048,0.4102
CLUBS ACE CLUBS KING,0.25,0.0384,0.7116
SPADES ACE HEARTS KING,0.2778,0.0486,0.6736
SPADES ACE HEARTS JACK,0.2764,0.0834,0.6402
SPADES QUEEN HEARTS JACK,0.5722,0.0042,0.4236
SPADES KING HEARTS JACK,0.578,0.0038,0.4182
SPADES TEN DIAMONDS TEN,0.3228,0.0028,0.6744
SPADES JACK DIAMONDS TEN,0.5366,0.0044,0.459
SPADES ACE DIAMONDS TEN,0.2594,0.1264,0.6142
SPADES JACK HEARTS JACK,0.3274,0.0048,0.6678
SPADES TEN HEARTS JACK,0.552,0.004,0.444
SPADES QUEEN DIAMONDS TEN,0.5668,0.0044,0.4288
SPADES KING DIAMONDS TEN,0.5828,0.005,0.4122
SPADES NINE DIAMONDS SEVEN,0.5726,0.0046,0.4228
SPADES EIGHT DIAMONDS SEVEN,0.5582,0.0038,0.438
SPADES SEVEN DIAMONDS SEVEN,0.3584,0.0044,0.6372
SPADES SIX DIAMONDS SEVEN,0.5776,0.004,0.4184
DIAMONDS KING DIAMONDS SEVEN,0.5692,0.0062,0.4246
HEARTS THREE DIAMONDS SEVEN,0.6418,0.0044,0.3538
DIAMONDS QUEEN DIAMONDS SEVEN,0.5714,0.0048,0.4238
HEARTS TWO DIAMONDS SEVEN,0.6614,0.0058,0.3328
HEARTS FIVE DIAMONDS SEVEN,0.6968,0.0244,0.2788
DIAMONDS ACE DIAMONDS SEVEN,0.2278,0.2908,0.4814
HEARTS FOUR DIAMONDS SEVEN,0.6332,0.0046,0.3622
HEARTS SEVEN DIAMONDS SEVEN,0.3596,0.0038,0.6366
HEARTS SIX DIAMONDS SEVEN,0.576,0.006,0.418
HEARTS NINE DIAMONDS SEVEN,0.5868,0.0062,0.407
HEARTS EIGHT DIAMONDS SEVEN,0.5754,0.006,0.4186
DIAMONDS JACK DIAMONDS SEVEN,0.5724,0.0056,0.422
DIAMONDS TEN DIAMONDS SEVEN,0.5528,0.005,0.4422
CLUBS EIGHT DIAMONDS SEVEN,0.559,0.0024,0.4386
SPADES KING CLUBS TWO,0.6486,0.006,0.3454
HEARTS KING CLUBS KING,0.293,0.0048,0.7022
SPADES QUEEN CLUBS TWO,0.654,0.005,0.341
HEARTS KING CLUBS QUEEN,0.5848,0.0048,0.4104
CLUBS NINE DIAMONDS SEVEN,0.583,0.0034,0.4136
CLUBS JACK SPADES TWO,0.6478,0.004,0.3482
CLUBS SIX CLUBS SEVEN,0.5328,0.0042,0.463
SPADES ACE CLUBS TWO,0.336,0.4544,0.2096
CLUBS TEN SPADES TWO,0.644,0.0042,0.3518
HEARTS KING CLUBS ACE,0.2618,0.055,0.6832
SPADES TWO CLUBS KING,0.643,0.0042,0.3528
SPADES TWO DIAMONDS SEVEN,0.6522,0.0064,0.3414
CLUBS EIGHT CLUBS SIX,0.5416,0.0032,0.4552
SPADES THREE DIAMONDS SEVEN,0.643,0.0056,0.3514
SPADES TWO CLUBS QUEEN,0.6614,0.0048,0.3338
CLUBS NINE CLUBS SIX,0.5676,0.0038,0.4286
SPADES FOUR DIAMONDS SEVEN,0.6222,0.0048,0.373
CLUBS JACK HEARTS KING,0.5854,0.0046,0.41
SPADES FIVE DIAMONDS SEVEN,0.7012,0.0234,0.2754
SPADES TWO CLUBS ACE,0.3234,0.4558,0.2208
CLUBS TEN HEARTS KING,0.5792,0.0042,0.4166
CLUBS SIX SPADES TWO,0.6476,0.0054,0.347
CLUBS SIX SPADES THREE,0.6422,0.0056,0.3522
CLUBS TWO DIAMONDS SEVEN,0.6682,0.0038,0.328
CLUBS SIX SPADES FOUR,0.6206,0.0048,0.3746
CLUBS THREE DIAMONDS SEVEN,0.642,0.0066,0.3514
CLUBS SIX SPADES FIVE,0.7164,0.0192,0.2644
CLUBS FOUR DIAMONDS SEVEN,0.6382,0.0052,0.3566
CLUBS SIX SPADES SIX,0.3662,0.0026,0.6312
CLUBS FIVE DIAMONDS SEVEN,0.7152,0.0218,0.263
CLUBS SIX SPADES SEVEN,0.586,0.0032,0.4108
CLUBS SIX DIAMONDS SEVEN,0.5806,0.004,0.4154
CLUBS SIX SPADES EIGHT,0.5966,0.0048,0.3986
SPADES JACK CLUBS TWO,0.6448,0.005,0.3502
CLUBS SEVEN DIAMONDS SEVEN,0.3596,0.0036,0.6368
CLUBS SIX SPADES NINE,0.5846,0.0036,0.4118
SPADES TEN CLUBS TWO,0.6408,0.0044,0.3548
CLUBS TWO CLUBS QUEEN,0.6202,0.0044,0.3754
CLUBS TWO CLUBS KING,0.6088,0.004,0.3872
CLUBS THREE DIAMONDS EIGHT,0.6564,0.0034,0.3402
CLUBS TWO CLUBS ACE,0.3082,0.4194,0.2724
CLUBS TWO DIAMONDS EIGHT,0.6598,0.0042,0.336
HEARTS SEVEN DIAMONDS EIGHT,0.5756,0.0046,0.4198
HEARTS SIX DIAMONDS EIGHT,0.5752,0.0054,0.4194
DIAMONDS EIGHT HEARTS NINE,0.5698,0.0064,0.4238
CLUBS TEN CLUBS TWO,0.615,0.004,0.381
HEARTS EIGHT DIAMONDS EIGHT,0.3514,0.0038,0.6448
CLUBS JACK CLUBS TWO,0.6036,0.0062,0.3902
CLUBS NINE DIAMONDS EIGHT,0.559,0.0046,0.4364
CLUBS EIGHT DIAMONDS EIGHT,0.3504,0.0034,0.6462
CLUBS FIVE DIAMONDS EIGHT,0.7062,0.023,0.2708
SPADES ACE SPADES THREE,0.3126,0.432,0.2554
CLUBS FOUR DIAMONDS EIGHT,0.638,0.0054,0.3566
CLUBS SEVEN DIAMONDS EIGHT,0.5678,0.0046,0.4276
SPADES QUEEN SPADES THREE,0.6078,0.0052,0.387
CLUBS SIX DIAMONDS EIGHT,0.5818,0.005,0.4132
SPADES KING SPADES THREE,0.6124,0.0044,0.3832
DIAMONDS QUEEN DIAMONDS EIGHT,0.5714,0.0042,0.4244
HEARTS TWO DIAMONDS EIGHT,0.6558,0.007,0.3372
DIAMONDS KING DIAMONDS EIGHT,0.5852,0.0046,0.4102
HEARTS THREE DIAMONDS EIGHT,0.6576,0.0046,0.3378
DIAMONDS ACE DIAMONDS EIGHT,0.2464,0.2188,0.5348
HEARTS FOUR DIAMONDS EIGHT,0.648,0.0064,0.3456
HEARTS FIVE DIAMONDS EIGHT,0.729,0.0248,0.2462
DIAMONDS TEN DIAMONDS EIGHT,0.5512,0.0038,0.445
DIAMONDS JACK DIAMONDS EIGHT,0.549,0.006,0.445
SPADES JACK SPADES THREE,0.6084,0.0044,0.3872
SPADES TEN SPADES THREE,0.5964,0.004,0.3996
CLUBS FOUR HEARTS QUEEN,0.6466,0.0038,0.3496
CLUBS FOUR HEARTS KING,0.6548,0.005,0.3402
CLUBS SIX HEARTS TEN,0.5918,0.004,0.4042
CLUBS SIX HEARTS JACK,0.6182,0.0028,0.379
SPADES FOUR DIAMONDS EIGHT,0.6392,0.003,0.3578
SPADES FIVE DIAMONDS EIGHT,0.701,0.026,0.273
SPADES TWO DIAMONDS EIGHT,0.6346,0.0042,0.3612
SPADES THREE DIAMONDS EIGHT,0.6498,0.0068,0.3434
CLUBS FOUR HEARTS JACK,0.6602,0.0036,0.3362
SPADES EIGHT DIAMONDS EIGHT,0.3414,0.0036,0.655
SPADES TEN DIAMONDS QUEEN,0.5524,0.005,0.4426
SPADES TEN HEARTS TWO,0.6412,0.0058,0.353
SPADES JACK HEARTS EIGHT,0.58,0.0034,0.4166
CLUBS FOUR HEARTS TEN,0.6534,0.005,0.3416
SPADES NINE DIAMONDS EIGHT,0.5712,0.0048,0.424
SPADES TEN HEARTS EIGHT,0.5692,0.0038,0.427
SPADES JACK HEARTS TWO,0.6598,0.0052,0.335
SPADES JACK DIAMONDS QUEEN,0.5652,0.0048,0.43
SPADES SIX DIAMONDS EIGHT,0.5638,0.005,0.4312
SPADES SEVEN DIAMONDS EIGHT,0.5806,0.0042,0.4152
SPADES ACE HEARTS TWO,0.313,0.4696,0.2174
SPADES ACE DIAMONDS QUEEN,0.25,0.067,0.683
SPADES ACE HEARTS EIGHT,0.252,0.2264,0.5216
SPADES KING HEARTS EIGHT,0.5998,0.0034,0.3968
SPADES QUEEN HEARTS TWO,0.6512,0.0048,0.344
SPADES QUEEN DIAMONDS QUEEN,0.2958,0.0032,0.701
SPADES KING DIAMONDS QUEEN,0.566,0.0048,0.4292
SPADES KING HEARTS TWO,0.6464,0.004,0.3496
SPADES QUEEN HEARTS EIGHT,0.597,0.004,0.399
CLUBS TWO HEARTS TEN,0.6558,0.0034,0.3408
CLUBS TWO HEARTS JACK,0.662,0.0036,0.3344
SPADES SEVEN DIAMONDS NINE,0.572,0.0038,0.4242
SPADES SIX DIAMONDS NINE,0.5984,0.0032,0.3984
SPADES NINE DIAMONDS NINE,0.3306,0.0042,0.6652
SPADES EIGHT DIAMONDS NINE,0.555,0.003,0.442
SPADES TEN CLUBS KING,0.5774,0.004,0.4186
DIAMONDS NINE SPADES THREE,0.6432,0.0056,0.3512
SPADES JACK CLUBS KING,0.5848,0.0032,0.412
DIAMONDS NINE SPADES TWO,0.6578,0.0056,0.3366
SPADES FIVE DIAMONDS NINE,0.713,0.0268,0.2602
DIAMONDS NINE SPADES FOUR,0.6526,0.0052,0.3422
CLUBS NINE DIAMONDS NINE,0.3494,0.0038,0.6468
CLUBS EIGHT DIAMONDS NINE,0.5576,0.0042,0.4382
CLUBS SIX DIAMONDS NINE,0.5996,0.005,0.3954
SPADES JACK CLUBS FOUR,0.6532,0.0044,0.3424
CLUBS SEVEN DIAMONDS NINE,0.589,0.0046,0.4064
SPADES TEN CLUBS FOUR,0.6382,0.0036,0.3582
CLUBS FOUR DIAMONDS NINE,0.6428,0.0048,0.3524
CLUBS FIVE DIAMONDS NINE,0.7176,0.0218,0.2606
CLUBS TWO DIAMONDS NINE,0.6526,0.0058,0.3416
CLUBS THREE DIAMONDS NINE,0.6504,0.005,0.3446
DIAMONDS NINE HEARTS EIGHT,0.568,0.0036,0.4284
DIAMONDS NINE HEARTS NINE,0.3482,0.0048,0.647
HEARTS SIX DIAMONDS NINE,0.5812,0.0056,0.4132
HEARTS SEVEN DIAMONDS NINE,0.5818,0.0038,0.4144
CLUBS EIGHT CLUBS NINE,0.5274,0.003,0.4696
DIAMONDS ACE DIAMONDS NINE,0.2382,0.1578,0.604
HEARTS FOUR DIAMONDS NINE,0.6528,0.0046,0.3426
HEARTS FIVE DIAMONDS NINE,0.7288,0.026,0.2452
SPADES ACE CLUBS FOUR,0.3222,0.462,0.2158
DIAMONDS NINE DIAMONDS QUEEN,0.5524,0.0044,0.4432
HEARTS TWO DIAMONDS NINE,0.6502,0.006,0.3438
CLUBS TWO HEARTS KING,0.6446,0.0042,0.3512
SPADES KING CLUBS FOUR,0.6378,0.0046,0.3576
DIAMONDS KING DIAMONDS NINE,0.5532,0.0046,0.4422
HEARTS THREE DIAMONDS NINE,0.6504,0.0064,0.3432
CLUBS TWO HEARTS QUEEN,0.6534,0.005,0.3416
SPADES QUEEN CLUBS FOUR,0.6426,0.005,0.3524
DIAMONDS NINE DIAMONDS JACK,0.5306,0.004,0.4654
CLUBS EIGHT SPADES NINE,0.5756,0.0036,0.4208
DIAMONDS TEN DIAMONDS NINE,0.5216,0.0058,0.4726
CLUBS EIGHT SPADES EIGHT,0.343,0.0026,0.6544
CLUBS EIGHT SPADES SEVEN,0.579,0.0042,0.4168
CLUBS EIGHT SPADES SIX,0.582,0.0024,0.4156
CLUBS EIGHT SPADES FIVE,0.7146,0.0222,0.2632
CLUBS EIGHT SPADES FOUR,0.63,0.0052,0.3648
CLUBS EIGHT SPADES THREE,0.6532,0.0042,0.3426
CLUBS EIGHT SPADES TWO,0.6428,0.0052,0.352
HEARTS SIX DIAMONDS TEN,0.5902,0.0054,0.4044
HEARTS SEVEN DIAMONDS TEN,0.5878,0.0036,0.4086
DIAMONDS TEN HEARTS EIGHT,0.5624,0.006,0.4316
CLUBS JACK CLUBS FOUR,0.6074,0.0056,0.387
DIAMONDS TEN HEARTS NINE,0.5506,0.005,0.4444
CLUBS TEN CLUBS FOUR,0.6084,0.0038,0.3878
CLUBS FOUR CLUBS KING,0.603,0.0036,0.3934
CLUBS FOUR CLUBS QUEEN,0.6028,0.0066,0.3906
CLUBS TWO DIAMONDS TEN,0.6438,0.006,0.3502
DIAMONDS TEN CLUBS THREE,0.6548,0.0058,0.3394
CLUBS FOUR CLUBS ACE,0.3052,0.4364,0.2584
DIAMONDS TEN DIAMONDS JACK,0.5292,0.0054,0.4654
DIAMONDS TEN DIAMONDS QUEEN,0.5248,0.0056,0.4696
HEARTS TWO DIAMONDS TEN,0.6428,0.007,0.3502
DIAMONDS KING DIAMONDS TEN,0.5442,0.0056,0.4502
HEARTS THREE DIAMONDS TEN,0.636,0.0062,0.3578
DIAMONDS ACE DIAMONDS TEN,0.2388,0.1174,0.6438
HEARTS FOUR DIAMONDS TEN,0.6408,0.005,0.3542
CLUBS EIGHT HEARTS JACK,0.581,0.0038,0.4152
HEARTS FIVE DIAMONDS TEN,0.7424,0.0208,0.2368
CLUBS EIGHT HEARTS TEN,0.5798,0.0038,0.4164
CLUBS EIGHT HEARTS QUEEN,0.597,0.006,0.397
CLUBS EIGHT HEARTS KING,0.6094,0.0046,0.386
CLUBS NINE SPADES THREE,0.651,0.0038,0.3452
CLUBS NINE SPADES TWO,0.6464,0.004,0.3496
CLUBS NINE SPADES FIVE,0.729,0.0246,0.2464
CLUBS NINE SPADES FOUR,0.6578,0.0052,0.337
CLUBS NINE SPADES SEVEN,0.5802,0.0034,0.4164
CLUBS NINE SPADES SIX,0.5962,0.0018,0.402
CLUBS NINE SPADES NINE,0.3462,0.0016,0.6522
CLUBS TEN HEARTS EIGHT,0.5682,0.0034,0.4284
CLUBS NINE SPADES EIGHT,0.5638,0.0042,0.432
CLUBS JACK HEARTS EIGHT,0.5842,0.0034,0.4124
HEARTS EIGHT CLUBS QUEEN,0.5846,0.004,0.4114
CLUBS KING HEARTS EIGHT,0.6072,0.0048,0.388
CLUBS ACE HEARTS EIGHT,0.249,0.223,0.528
SPADES KING CLUBS KING,0.3106,0.0022,0.6872
SPADES QUEEN CLUBS KING,0.5786,0.0056,0.4158
SPADES ACE CLUBS KING,0.2642,0.0432,0.6926
DIAMONDS ACE HEARTS TEN,0.2438,0.1226,0.6336
HEARTS FOUR HEARTS TEN,0.618,0.006,0.376
DIAMONDS ACE HEARTS JACK,0.2512,0.0804,0.6684
HEARTS FOUR HEARTS JACK,0.6278,0.0058,0.3664
SPADES KING CLUBS FIVE,0.7336,0.026,0.2404
SPADES QUEEN CLUBS FIVE,0.7396,0.0276,0.2328
SPADES ACE CLUBS FIVE,0.023,0.9564,0.0206
HEARTS SEVEN DIAMONDS JACK,0.5922,0.0042,0.4036
HEARTS SIX DIAMONDS JACK,0.6068,0.006,0.3872
DIAMONDS JACK HEARTS NINE,0.5724,0.0054,0.4222
DIAMONDS JACK HEARTS EIGHT,0.5898,0.0052,0.405
DIAMONDS KING DIAMONDS JACK,0.5322,0.0046,0.4632
HEARTS THREE DIAMONDS JACK,0.6576,0.0062,0.3362
SPADES ACE SPADES SIX,0.2326,0.356,0.4114
DIAMONDS QUEEN DIAMONDS JACK,0.5348,0.004,0.4612
HEARTS TWO DIAMONDS JACK,0.6466,0.0054,0.348
HEARTS FIVE DIAMONDS JACK,0.7424,0.0326,0.225
SPADES QUEEN SPADES SIX,0.5608,0.0028,0.4364
SPADES FOUR HEARTS QUEEN,0.6492,0.0038,0.347
DIAMONDS ACE DIAMONDS JACK,0.2442,0.0872,0.6686
HEARTS FOUR DIAMONDS JACK,0.6462,0.0066,0.3472
SPADES KING SPADES SIX,0.5796,0.0038,0.4166
SPADES FOUR HEARTS KING,0.6528,0.0046,0.3426
SPADES TEN SPADES SIX,0.5608,0.0036,0.4356
SPADES JACK SPADES SIX,0.5772,0.0038,0.419
SPADES FOUR DIAMONDS JACK,0.6434,0.0054,0.3512
SPADES FIVE DIAMONDS JACK,0.7276,0.0284,0.244
DIAMONDS JACK SPADES TWO,0.6502,0.0038,0.346
SPADES THREE DIAMONDS JACK,0.6462,0.0054,0.3484
SPADES ACE DIAMONDS THREE,0.326,0.4556,0.2184
CLUBS EIGHT DIAMONDS JACK,0.583,0.004,0.413
SPADES QUEEN DIAMONDS THREE,0.646,0.0044,0.3496
SPADES KING DIAMONDS THREE,0.6574,0.0054,0.3372
CLUBS NINE DIAMONDS JACK,0.5686,0.0036,0.4278
CLUBS SIX DIAMONDS JACK,0.62,0.0038,0.3762
CLUBS SEVEN DIAMONDS JACK,0.5964,0.004,0.3996
CLUBS FOUR DIAMONDS JACK,0.6348,0.0052,0.36
CLUBS FIVE DIAMONDS JACK,0.741,0.0304,0.2286
CLUBS TWO DIAMONDS JACK,0.642,0.0042,0.3538
CLUBS THREE DIAMONDS JACK,0.638,0.0054,0.3566
SPADES TEN CLUBS FIVE,0.7462,0.022,0.2318
SPADES JACK HEARTS SIX,0.6272,0.004,0.3688
HEARTS SIX SPADES TEN,0.5954,0.0056,0.399
SPADES JACK CLUBS FIVE,0.738,0.0274,0.2346
SPADES JACK DIAMONDS THREE,0.6522,0.0048,0.343
CLUBS SEVEN CLUBS ACE,0.2322,0.2918,0.476
DIAMONDS THREE SPADES TEN,0.6564,0.0052,0.3384
CLUBS SEVEN CLUBS QUEEN,0.5626,0.0044,0.433
CLUBS SEVEN CLUBS KING,0.5764,0.0062,0.4174
SPADES NINE DIAMONDS JACK,0.5608,0.006,0.4332
CLUBS TEN CLUBS SEVEN,0.5524,0.0038,0.4438
SPADES EIGHT DIAMONDS JACK,0.5744,0.003,0.4226
SPADES ACE HEARTS SIX,0.255,0.3832,0.3618
CLUBS JACK CLUBS SEVEN,0.565,0.003,0.432
DIAMONDS ACE HEARTS KING,0.2614,0.0484,0.6902
HEARTS FOUR HEARTS KING,0.6146,0.0054,0.38
SPADES SEVEN DIAMONDS JACK,0.593,0.0046,0.4024
SPADES KING HEARTS SIX,0.6078,0.0062,0.386
DIAMONDS ACE HEARTS QUEEN,0.2538,0.0634,0.6828
HEARTS FOUR HEARTS QUEEN,0.6136,0.0048,0.3816
SPADES QUEEN HEARTS SIX,0.6142,0.0042,0.3816
SPADES SIX DIAMONDS JACK,0.6136,0.004,0.3824
DIAMONDS TEN SPADES TWO,0.6426,0.0054,0.352
DIAMONDS TEN SPADES THREE,0.6352,0.0066,0.3582
DIAMONDS TEN SPADES FOUR,0.6304,0.0046,0.365
DIAMONDS TEN SPADES FIVE,0.7292,0.0274,0.2434
SPADES SIX DIAMONDS TEN,0.6006,0.0052,0.3942
SPADES SEVEN DIAMONDS TEN,0.5752,0.0028,0.422
SPADES EIGHT DIAMONDS TEN,0.553,0.0046,0.4424
SPADES NINE DIAMONDS TEN,0.554,0.003,0.443
CLUBS FOUR DIAMONDS TEN,0.653,0.0048,0.3422
CLUBS FIVE DIAMONDS TEN,0.7396,0.024,0.2364
CLUBS SIX DIAMONDS TEN,0.5972,0.004,0.3988
CLUBS SEVEN DIAMONDS TEN,0.582,0.004,0.414
CLUBS EIGHT DIAMONDS TEN,0.5544,0.0034,0.4422
CLUBS NINE DIAMONDS TEN,0.559,0.0034,0.4376
CLUBS JACK DIAMONDS THREE,0.6592,0.0044,0.3364
CLUBS TEN DIAMONDS THREE,0.6444,0.0034,0.3522
DIAMONDS THREE CLUBS KING,0.6496,0.0056,0.3448
DIAMONDS THREE CLUBS QUEEN,0.658,0.005,0.337
DIAMONDS THREE CLUBS ACE,0.3396,0.4546,0.2058
SPADES FOUR HEARTS JACK,0.6408,0.0042,0.355
SPADES FOUR HEARTS TEN,0.646,0.0048,0.3492
SPADES FIVE SPADES TWO,0.6832,0.0258,0.291
SPADES FOUR SPADES TWO,0.6294,0.004,0.3666
SPADES THREE SPADES TWO,0.6182,0.0066,0.3752
SPADES NINE SPADES TWO,0.6246,0.0062,0.3692
SPADES EIGHT SPADES TWO,0.6086,0.004,0.3874
SPADES SEVEN SPADES TWO,0.6118,0.0042,0.384
SPADES SIX SPADES TWO,0.6116,0.0038,0.3846
CLUBS THREE DIAMONDS QUEEN,0.6616,0.005,0.3334
HEARTS TWO CLUBS THREE,0.6712,0.0046,0.3242
CLUBS TWO DIAMONDS QUEEN,0.6606,0.0062,0.3332
HEARTS TWO CLUBS TWO,0.458,0.0066,0.5354
HEARTS SEVEN DIAMONDS QUEEN,0.6118,0.0052,0.383
HEARTS SEVEN HEARTS TWO,0.6332,0.005,0.3618
HEARTS SIX DIAMONDS QUEEN,0.6078,0.003,0.3892
HEARTS SIX HEARTS TWO,0.6136,0.0048,0.3816
DIAMONDS QUEEN HEARTS NINE,0.5844,0.0038,0.4118
HEARTS TWO HEARTS NINE,0.6228,0.0062,0.371
DIAMONDS QUEEN HEARTS EIGHT,0.593,0.0056,0.4014
HEARTS TWO HEARTS EIGHT,0.619,0.0056,0.3754
CLUBS NINE HEARTS TWO,0.6526,0.0044,0.343
CLUBS NINE DIAMONDS QUEEN,0.5802,0.0034,0.4164
CLUBS EIGHT DIAMONDS QUEEN,0.585,0.0046,0.4104
CLUBS EIGHT HEARTS TWO,0.6636,0.0034,0.333
CLUBS FIVE DIAMONDS QUEEN,0.7332,0.0296,0.2372
CLUBS FIVE HEARTS TWO,0.718,0.0316,0.2504
CLUBS FOUR DIAMONDS QUEEN,0.6366,0.0044,0.359
CLUBS FOUR HEARTS TWO,0.663,0.005,0.332
CLUBS SEVEN DIAMONDS QUEEN,0.6188,0.0052,0.376
CLUBS SEVEN HEARTS TWO,0.6586,0.0056,0.3358
SPADES EIGHT HEARTS QUEEN,0.605,0.0062,0.3888
CLUBS SIX DIAMONDS QUEEN,0.606,0.0054,0.3886
CLUBS SIX HEARTS TWO,0.6508,0.0044,0.3448
SPADES EIGHT HEARTS KING,0.6156,0.0048,0.3796
HEARTS TWO SPADES SIX,0.6576,0.0044,0.338
SPADES SIX DIAMONDS QUEEN,0.6128,0.0038,0.3834
HEARTS FOUR CLUBS QUEEN,0.65,0.0078,0.3422
DIAMONDS ACE CLUBS QUEEN,0.252,0.0682,0.6798
SPADES SEVEN DIAMONDS QUEEN,0.5988,0.0064,0.3948
SPADES SEVEN HEARTS TWO,0.683,0.0038,0.3132
HEARTS FOUR CLUBS KING,0.643,0.0034,0.3536
DIAMONDS ACE CLUBS KING,0.2624,0.0474,0.6902
SPADES EIGHT DIAMONDS QUEEN,0.5974,0.0046,0.398
SPADES EIGHT HEARTS TWO,0.6548,0.0032,0.342
HEARTS FOUR CLUBS ACE,0.3152,0.4656,0.2192
DIAMONDS ACE CLUBS ACE,0.076,0.014,0.91
SPADES NINE DIAMONDS QUEEN,0.571,0.0028,0.4262
SPADES NINE HEARTS TWO,0.6354,0.0044,0.3602
HEARTS TWO SPADES TWO,0.4668,0.0086,0.5246
DIAMONDS QUEEN SPADES TWO,0.6516,0.0052,0.3432
HEARTS TWO SPADES THREE,0.675,0.0052,0.3198
DIAMONDS QUEEN SPADES THREE,0.6394,0.0066,0.354
HEARTS TWO SPADES FOUR,0.6638,0.0066,0.3296
SPADES FOUR DIAMONDS QUEEN,0.639,0.0052,0.3558
CLUBS TEN HEARTS FOUR,0.638,0.003,0.359
CLUBS TEN DIAMONDS ACE,0.241,0.123,0.636
HEARTS TWO SPADES FIVE,0.7534,0.0264,0.2202
SPADES FIVE DIAMONDS QUEEN,0.741,0.0252,0.2338
CLUBS JACK HEARTS FOUR,0.6436,0.007,0.3494
CLUBS JACK DIAMONDS ACE,0.2528,0.0804,0.6668
CLUBS FIVE CLUBS KING,0.6988,0.0254,0.2758
CLUBS FIVE CLUBS QUEEN,0.7028,0.025,0.2722
CLUBS FIVE CLUBS ACE,0.0214,0.9158,0.0628
CLUBS JACK CLUBS FIVE,0.6902,0.0248,0.285
CLUBS TEN CLUBS FIVE,0.6888,0.0272,0.284
SPADES KING CLUBS JACK,0.578,0.0034,0.4186
CLUBS JACK SPADES QUEEN,0.5632,0.0044,0.4324
SPADES ACE CLUBS JACK,0.2494,0.0872,0.6634
SPADES SIX CLUBS KING,0.6026,0.0044,0.393
SPADES SIX CLUBS QUEEN,0.6142,0.0034,0.3824
SPADES EIGHT HEARTS JACK,0.582,0.0034,0.4146
SPADES SIX CLUBS ACE,0.24,0.3768,0.3832
SPADES EIGHT HEARTS TEN,0.5692,0.004,0.4268
CLUBS JACK SPADES SIX,0.6298,0.0024,0.3678
CLUBS TEN SPADES SIX,0.5936,0.0042,0.4022
CLUBS JACK SPADES TEN,0.5538,0.0036,0.4426
CLUBS JACK SPADES JACK,0.3318,0.0024,0.6658
SPADES QUEEN CLUBS SEVEN,0.6122,0.003,0.3848
SPADES KING CLUBS SEVEN,0.6106,0.0038,0.3856
SPADES ACE CLUBS SEVEN,0.2334,0.3074,0.4592
SPADES SIX HEARTS TEN,0.6076,0.003,0.3894
SPADES SIX HEARTS JACK,0.6288,0.0044,0.3668
SPADES SIX HEARTS KING,0.6058,0.0038,0.3904
SPADES SIX HEARTS QUEEN,0.61,0.0054,0.3846
SPADES JACK CLUBS SEVEN,0.5952,0.004,0.4008
SPADES TEN CLUBS SEVEN,0.5846,0.003,0.4124
CLUBS TEN HEARTS SIX,0.5902,0.003,0.4068
CLUBS JACK HEARTS SIX,0.627,0.0034,0.3696
CLUBS JACK CLUBS ACE,0.2392,0.079,0.6818
HEARTS SIX CLUBS QUEEN,0.6054,0.004,0.3906
HEARTS SIX CLUBS KING,0.62,0.0022,0.3778
HEARTS SIX CLUBS ACE,0.2498,0.384,0.3662
CLUBS JACK CLUBS QUEEN,0.5402,0.0046,0.4552
CLUBS JACK CLUBS KING,0.5412,0.0046,0.4542
DIAMONDS THREE HEARTS QUEEN,0.667,0.0046,0.3284
DIAMONDS THREE HEARTS KING,0.6546,0.0054,0.34
CLUBS FIVE HEARTS JACK,0.7384,0.0324,0.2292
SPADES TEN DIAMONDS ACE,0.2446,0.1106,0.6448
HEARTS FOUR SPADES TEN,0.651,0.004,0.345
CLUBS FIVE HEARTS TEN,0.7388,0.024,0.2372
HEARTS FOUR SPADES JACK,0.6648,0.0034,0.3318
SPADES JACK DIAMONDS ACE,0.2494,0.0902,0.6604
SPADES ACE HEARTS FOUR,0.3172,0.4716,0.2112
SPADES ACE DIAMONDS ACE,0.0782,0.0134,0.9084
CLUBS FIVE HEARTS KING,0.7448,0.029,0.2262
HEARTS FOUR SPADES QUEEN,0.6542,0.0044,0.3414
SPADES QUEEN DIAMONDS ACE,0.2684,0.064,0.6676
CLUBS JACK SPADES FOUR,0.6446,0.0038,0.3516
CLUBS FIVE HEARTS QUEEN,0.7446,0.0274,0.228
SPADES KING DIAMONDS ACE,0.2552,0.0478,0.697
SPADES KING HEARTS FOUR,0.6492,0.0052,0.3456
CLUBS TEN SPADES FOUR,0.637,0.0028,0.3602
DIAMONDS ACE DIAMONDS QUEEN,0.2572,0.0564,0.6864
DIAMONDS ACE HEARTS TWO,0.3142,0.4696,0.2162
HEARTS FOUR DIAMONDS QUEEN,0.6532,0.0038,0.343
HEARTS FOUR HEARTS TWO,0.652,0.0046,0.3434
DIAMONDS THREE HEARTS TEN,0.6464,0.0072,0.3464
SPADES FOUR CLUBS KING,0.643,0.0032,0.3538
HEARTS FIVE DIAMONDS QUEEN,0.7278,0.033,0.2392
HEARTS FIVE HEARTS TWO,0.7078,0.024,0.2682
DIAMONDS THREE HEARTS JACK,0.6546,0.007,0.3384
SPADES FOUR CLUBS QUEEN,0.6576,0.0034,0.339
HEARTS TWO DIAMONDS QUEEN,0.6374,0.0058,0.3568
DIAMONDS KING DIAMONDS QUEEN,0.5502,0.0064,0.4434
DIAMONDS KING HEARTS TWO,0.6548,0.006,0.3392
HEARTS THREE DIAMONDS QUEEN,0.654,0.0038,0.3422
HEARTS THREE HEARTS TWO,0.64,0.008,0.352
SPADES FOUR CLUBS ACE,0.3194,0.4596,0.221
HEARTS TWO CLUBS ACE,0.3224,0.4612,0.2164
DIAMONDS QUEEN CLUBS ACE,0.2572,0.0632,0.6796
HEARTS TWO CLUBS QUEEN,0.644,0.0094,0.3466
DIAMONDS QUEEN CLUBS QUEEN,0.3004,0.0038,0.6958
HEARTS TWO CLUBS KING,0.6516,0.0066,0.3418
DIAMONDS QUEEN CLUBS KING,0.5758,0.004,0.4202
SPADES EIGHT SPADES FIVE,0.6756,0.0224,0.302
CLUBS TEN HEARTS TWO,0.658,0.0042,0.3378
CLUBS TEN DIAMONDS QUEEN,0.5488,0.0048,0.4464
SPADES NINE SPADES FIVE,0.682,0.0224,0.2956
CLUBS JACK HEARTS TWO,0.6462,0.0042,0.3496
CLUBS JACK DIAMONDS QUEEN,0.5706,0.0044,0.425
SPADES SIX SPADES FIVE,0.6688,0.0202,0.311
SPADES SEVEN SPADES FIVE,0.6624,0.0222,0.3154
SPADES EIGHT CLUBS ACE,0.2434,0.2306,0.526
SPADES EIGHT CLUBS KING,0.617,0.0036,0.3794
SPADES EIGHT CLUBS QUEEN,0.5864,0.0054,0.4082
CLUBS JACK SPADES EIGHT,0.577,0.0036,0.4194
CLUBS TEN SPADES EIGHT,0.5734,0.0048,0.4218
DIAMONDS TEN HEARTS JACK,0.5374,0.0054,0.4572
DIAMONDS TEN HEARTS TEN,0.3268,0.0058,0.6674
SPADES ACE CLUBS NINE,0.2506,0.1862,0.5632
SPADES QUEEN CLUBS NINE,0.5808,0.0032,0.416
SPADES KING CLUBS NINE,0.6016,0.0036,0.3948
HEARTS SIX HEARTS KING,0.5988,0.0052,0.396
DIAMONDS KING SPADES SEVEN,0.6068,0.0048,0.3884
HEARTS THREE SPADES SEVEN,0.6412,0.0054,0.3534
SPADES KING DIAMONDS SEVEN,0.5948,0.0044,0.4008
HEARTS SIX HEARTS QUEEN,0.586,0.0054,0.4086
SPADES QUEEN DIAMONDS SEVEN,0.604,0.004,0.392
HEARTS THREE SPADES SIX,0.6414,0.0074,0.3512
DIAMONDS KING SPADES SIX,0.591,0.0044,0.4046
SPADES NINE DIAMONDS KING,0.5924,0.0028,0.4048
SPADES NINE HEARTS THREE,0.656,0.0036,0.3404
DIAMONDS KING SPADES EIGHT,0.577,0.005,0.418
SPADES EIGHT HEARTS THREE,0.6586,0.0032,0.3382
SPADES ACE DIAMONDS SEVEN,0.2302,0.3002,0.4696
CLUBS NINE HEARTS THREE,0.659,0.0066,0.3344
CLUBS NINE DIAMONDS KING,0.5908,0.0058,0.4034
CLUBS EIGHT DIAMONDS KING,0.6098,0.0058,0.3844
CLUBS EIGHT HEARTS THREE,0.6532,0.0052,0.3416
HEARTS THREE SPADES THREE,0.4714,0.006,0.5226
