opposingHand,winningChance,drawChance,lostChance
DIAMONDS JACK HEARTS QUEEN
HEARTS KING CLUBS KING,0.1436,0.004,0.8524
HEARTS TWO DIAMONDS SIX,0.6714,0.0098,0.3188
CLUBS SEVEN SPADES EIGHT,0.6336,0.0086,0.3578
CLUBS JACK CLUBS NINE,0.6614,0.0366,0.302
HEARTS SEVEN HEARTS JACK,0.711,0.0394,0.2496
HEARTS FIVE CLUBS TWO,0.6456,0.0108,0.3436
CLUBS TEN CLUBS SIX,0.6362,0.0076,0.3562
SPADES ACE HEARTS JACK,0.2746,0.0148,0.7106
SPADES TEN SPADES FIVE,0.631,0.0138,0.3552
SPADES SIX DIAMONDS SIX,0.4796,0.0116,0.5088
CLUBS EIGHT DIAMONDS ACE,0.447,0.0026,0.5504
DIAMONDS THREE HEARTS FOUR,0.6438,0.0098,0.3464
DIAMONDS TWO SPADES SEVEN,0.6812,0.0072,0.3116
HEARTS KING DIAMONDS SIX,0.445,0.007,0.548
HEARTS THREE DIAMONDS FOUR,0.6694,0.0124,0.3182
CLUBS JACK CLUBS SEVEN,0.6844,0.04,0.2756
HEARTS SIX DIAMONDS TEN,0.674,0.0088,0.3172
HEARTS SIX SPADES NINE,0.6464,0.0104,0.3432
HEARTS SEVEN SPADES SEVEN,0.4736,0.0134,0.513
HEARTS SEVEN HEARTS FIVE,0.6232,0.0078,0.369
CLUBS JACK SPADES QUEEN,0.026,0.9516,0.0224
SPADES SEVEN CLUBS QUEEN,0.6806,0.085,0.2344
DIAMONDS SEVEN DIAMONDS FIVE,0.6144,0.0098,0.3758
CLUBS THREE SPADES FIVE,0.622,0.0088,0.3692
CLUBS NINE DIAMONDS QUEEN,0.6744,0.0866,0.239
CLUBS JACK HEARTS TWO,0.7382,0.0392,0.2226
CLUBS EIGHT SPADES NINE,0.6232,0.0098,0.367
CLUBS EIGHT CLUBS TWO,0.6236,0.0088,0.3676
SPADES EIGHT DIAMONDS TEN,0.6666,0.0102,0.3232
DIAMONDS KING CLUBS QUEEN,0.24,0.0306,0.7294
CLUBS FIVE CLUBS THREE,0.5978,0.0094,0.3928
HEARTS SEVEN DIAMONDS ACE,0.437,0.0034,0.5596
DIAMONDS THREE SPADES NINE,0.69,0.0092,0.3008
CLUBS SIX HEARTS JACK,0.7384,0.0406,0.221
HEARTS FIVE DIAMONDS ACE,0.44,0.0044,0.5556
DIAMONDS SEVEN DIAMONDS SIX,0.6174,0.0076,0.375
CLUBS NINE CLUBS QUEEN,0.64,0.0838,0.2762
HEARTS ACE CLUBS ACE,0.1518,0.0038,0.8444
DIAMONDS THREE DIAMONDS EIGHT,0.6398,0.0092,0.351
SPADES ACE DIAMONDS THREE,0.4282,0.005,0.5668
HEARTS TWO DIAMONDS EIGHT,0.6758,0.0096,0.3146
DIAMONDS TEN CLUBS ACE,0.4066,0.005,0.5884
DIAMONDS THREE HEARTS NINE,0.688,0.012,0.3
SPADES EIGHT CLUBS FOUR,0.6494,0.0074,0.3432
CLUBS EIGHT CLUBS FOUR,0.6078,0.0084,0.3838
HEARTS NINE DIAMONDS FOUR,0.6898,0.0104,0.2998
CLUBS TEN HEARTS TWO,0.6936,0.0116,0.2948
CLUBS JACK CLUBS FIVE,0.6878,0.0372,0.275
HEARTS THREE CLUBS ACE,0.4356,0.0038,0.5606
HEARTS THREE CLUBS FOUR,0.6402,0.0098,0.35
SPADES JACK SPADES TEN,0.6772,0.0376,0.2852
HEARTS THREE CLUBS KING,0.4468,0.0054,0.5478
CLUBS TEN DIAMONDS TWO,0.6936,0.0102,0.2962
DIAMONDS QUEEN HEARTS ACE,0.2364,0.0194,0.7442
HEARTS FOUR DIAMONDS SIX,0.6426,0.009,0.3484
HEARTS SEVEN DIAMONDS THREE,0.6738,0.0122,0.314
DIAMONDS TEN HEARTS JACK,0.728,0.0396,0.2324
DIAMONDS THREE CLUBS TWO,0.658,0.014,0.328
CLUBS SIX SPADES TWO,0.651,0.009,0.34
CLUBS EIGHT HEARTS EIGHT,0.459,0.012,0.529
SPADES SEVEN DIAMONDS QUEEN,0.6808,0.0912,0.228
HEARTS TWO DIAMONDS KING,0.4364,0.0088,0.5548
SPADES EIGHT SPADES FOUR,0.618,0.0128,0.3692
CLUBS SIX HEARTS ACE,0.4406,0.0046,0.5548
CLUBS SEVEN HEARTS TEN,0.6658,0.0096,0.3246
DIAMONDS TWO CLUBS KING,0.435,0.007,0.558
HEARTS FIVE SPADES SEVEN,0.6358,0.009,0.3552
SPADES JACK HEARTS FOUR,0.73,0.043,0.227
SPADES FIVE SPADES FOUR,0.5592,0.011,0.4298
SPADES NINE CLUBS TWO,0.6736,0.0112,0.3152
DIAMONDS KING CLUBS ACE,0.3454,0.0044,0.6502
DIAMONDS QUEEN DIAMONDS EIGHT,0.6434,0.083,0.2736
HEARTS TWO HEARTS KING,0.4248,0.007,0.5682
SPADES SIX DIAMONDS FOUR,0.6346,0.0116,0.3538
CLUBS THREE CLUBS TWO,0.6098,0.0108,0.3794
HEARTS FOUR SPADES NINE,0.6752,0.0086,0.3162
DIAMONDS SEVEN DIAMONDS FOUR,0.6318,0.0084,0.3598
SPADES TEN DIAMONDS KING,0.3978,0.0056,0.5966
SPADES QUEEN HEARTS NINE,0.6774,0.0956,0.227
CLUBS TWO DIAMONDS EIGHT,0.679,0.0092,0.3118
HEARTS SIX HEARTS ACE,0.4106,0.0036,0.5858
CLUBS EIGHT DIAMONDS TEN,0.6634,0.0098,0.3268
SPADES KING DIAMONDS FOUR,0.431,0.0082,0.5608
CLUBS THREE CLUBS ACE,0.408,0.0032,0.5888
DIAMONDS TWO SPADES FOUR,0.6512,0.0112,0.3376
SPADES NINE DIAMONDS KING,0.4194,0.0068,0.5738
CLUBS FIVE DIAMONDS TEN,0.689,0.0134,0.2976
SPADES SEVEN DIAMONDS NINE,0.6556,0.0106,0.3338
DIAMONDS EIGHT CLUBS QUEEN,0.682,0.0916,0.2264
HEARTS FOUR HEARTS KING,0.4244,0.0084,0.5672
DIAMONDS THREE HEARTS SIX,0.6498,0.0106,0.3396
HEARTS TWO DIAMONDS QUEEN,0.6856,0.0936,0.2208
CLUBS JACK DIAMONDS TWO,0.7498,0.0438,0.2064
SPADES ACE SPADES FOUR,0.4016,0.0044,0.594
SPADES JACK SPADES EIGHT,0.6676,0.0382,0.2942
SPADES FOUR CLUBS QUEEN,0.6742,0.093,0.2328
DIAMONDS ACE CLUBS QUEEN,0.2564,0.0122,0.7314
HEARTS THREE DIAMONDS NINE,0.686,0.0094,0.3046
SPADES JACK HEARTS KING,0.2572,0.0252,0.7176
SPADES EIGHT DIAMONDS ACE,0.4268,0.0046,0.5686
HEARTS SEVEN HEARTS EIGHT,0.595,0.0106,0.3944
DIAMONDS THREE DIAMONDS NINE,0.654,0.0122,0.3338
CLUBS FOUR DIAMONDS KING,0.4352,0.0066,0.5582
SPADES QUEEN HEARTS FOUR,0.6716,0.0942,0.2342
SPADES TEN SPADES SIX,0.6228,0.0094,0.3678
SPADES EIGHT DIAMONDS NINE,0.63,0.0096,0.3604
SPADES FIVE SPADES THREE,0.58,0.0116,0.4084
CLUBS NINE CLUBS TWO,0.6384,0.0108,0.3508
HEARTS THREE SPADES TWO,0.6534,0.013,0.3336
DIAMONDS THREE HEARTS THREE,0.5004,0.0152,0.4844
DIAMONDS ACE DIAMONDS NINE,0.4092,0.0046,0.5862
SPADES QUEEN SPADES EIGHT,0.628,0.082,0.29
DIAMONDS TWO SPADES TEN,0.7004,0.0076,0.292
SPADES SEVEN SPADES SIX,0.6088,0.005,0.3862
CLUBS FOUR CLUBS KING,0.4234,0.0078,0.5688
HEARTS SEVEN SPADES KING,0.4406,0.0074,0.552
SPADES FOUR DIAMONDS SEVEN,0.6602,0.0094,0.3304
DIAMONDS TWO SPADES THREE,0.6634,0.012,0.3246
SPADES TEN SPADES THREE,0.652,0.0096,0.3384
SPADES TEN CLUBS FOUR,0.677,0.0098,0.3132
SPADES ACE SPADES FIVE,0.3952,0.004,0.6008
SPADES FIVE DIAMONDS SEVEN,0.632,0.0082,0.3598
DIAMONDS TWO SPADES TWO,0.4906,0.0182,0.4912
SPADES KING DIAMONDS NINE,0.4236,0.006,0.5704
HEARTS TEN CLUBS QUEEN,0.6738,0.0866,0.2396
CLUBS JACK HEARTS THREE,0.7376,0.0404,0.222
HEARTS FIVE SPADES NINE,0.6678,0.0104,0.3218
CLUBS SIX DIAMONDS ACE,0.4466,0.0054,0.548
DIAMONDS TWO CLUBS SEVEN,0.6808,0.0122,0.307
HEARTS FIVE HEARTS THREE,0.601,0.0106,0.3884
SPADES TWO DIAMONDS SEVEN,0.6766,0.0108,0.3126
CLUBS TWO CLUBS KING,0.429,0.0064,0.5646
SPADES JACK HEARTS EIGHT,0.7208,0.041,0.2382
DIAMONDS TEN SPADES TWO,0.6896,0.0124,0.298
DIAMONDS TWO DIAMONDS FOUR,0.6236,0.011,0.3654
SPADES FOUR HEARTS TEN,0.6886,0.011,0.3004
CLUBS JACK SPADES KING,0.2536,0.0246,0.7218
SPADES QUEEN HEARTS ACE,0.261,0.013,0.726
HEARTS JACK CLUBS KING,0.2596,0.024,0.7164
SPADES SEVEN HEARTS EIGHT,0.637,0.0124,0.3506
SPADES SIX DIAMONDS EIGHT,0.6368,0.0088,0.3544
CLUBS TEN CLUBS FOUR,0.6364,0.0108,0.3528
DIAMONDS QUEEN DIAMONDS SEVEN,0.6478,0.0904,0.2618
DIAMONDS EIGHT DIAMONDS FIVE,0.6308,0.0098,0.3594
SPADES NINE SPADES SEVEN,0.5998,0.0096,0.3906
CLUBS JACK HEARTS FIVE,0.7252,0.0438,0.231
SPADES QUEEN CLUBS FOUR,0.674,0.0954,0.2306
SPADES QUEEN CLUBS EIGHT,0.6722,0.0826,0.2452
HEARTS ACE SPADES TWO,0.4376,0.0054,0.557
SPADES ACE SPADES SEVEN,0.4052,0.0052,0.5896
HEARTS SIX SPADES TEN,0.6828,0.0078,0.3094
SPADES EIGHT DIAMONDS SIX,0.6452,0.009,0.3458
CLUBS SEVEN DIAMONDS FOUR,0.6354,0.0104,0.3542
CLUBS THREE HEARTS NINE,0.6786,0.0066,0.3148
CLUBS KING HEARTS NINE,0.4282,0.0056,0.5662
CLUBS TEN DIAMONDS NINE,0.6506,0.0132,0.3362
SPADES NINE SPADES EIGHT,0.594,0.0066,0.3994
HEARTS SIX SPADES EIGHT,0.6462,0.0092,0.3446
CLUBS EIGHT HEARTS KING,0.4204,0.007,0.5726
DIAMONDS THREE HEARTS KING,0.436,0.007,0.557
DIAMONDS TWO CLUBS FIVE,0.6444,0.0086,0.347
DIAMONDS KING DIAMONDS SIX,0.4154,0.0064,0.5782
CLUBS SEVEN HEARTS KING,0.4486,0.0068,0.5446
HEARTS TWO HEARTS ACE,0.4178,0.004,0.5782
HEARTS FOUR DIAMONDS QUEEN,0.679,0.0872,0.2338
CLUBS KING DIAMONDS FOUR,0.443,0.0072,0.5498
DIAMONDS KING HEARTS TEN,0.3958,0.0112,0.593
CLUBS JACK SPADES THREE,0.726,0.0464,0.2276
SPADES QUEEN CLUBS QUEEN,0.1336,0.016,0.8504
DIAMONDS ACE HEARTS NINE,0.417,0.0064,0.5766
CLUBS FIVE HEARTS TEN,0.6838,0.0084,0.3078
HEARTS FIVE SPADES TEN,0.6976,0.0094,0.293
HEARTS SEVEN CLUBS TWO,0.6798,0.0112,0.309
CLUBS SIX HEARTS TWO,0.665,0.0118,0.3232
SPADES EIGHT HEARTS NINE,0.632,0.0104,0.3576
DIAMONDS KING CLUBS THREE,0.432,0.008,0.56
SPADES KING HEARTS ACE,0.3422,0.003,0.6548
SPADES QUEEN DIAMONDS SIX,0.6704,0.1004,0.2292
DIAMONDS TWO HEARTS NINE,0.6998,0.0114,0.2888
SPADES ACE CLUBS ACE,0.1554,0.0022,0.8424
SPADES ACE CLUBS SEVEN,0.4396,0.0038,0.5566
SPADES JACK HEARTS TEN,0.7264,0.0346,0.239
HEARTS JACK CLUBS ACE,0.2656,0.0182,0.7162
SPADES ACE DIAMONDS QUEEN,0.2554,0.013,0.7316
CLUBS SIX DIAMONDS EIGHT,0.6536,0.0094,0.337
CLUBS FIVE HEARTS KING,0.448,0.0076,0.5444
SPADES QUEEN SPADES NINE,0.6252,0.0858,0.289
HEARTS TWO DIAMONDS TEN,0.7066,0.0114,0.282
SPADES THREE HEARTS NINE,0.6764,0.0122,0.3114
SPADES KING CLUBS FOUR,0.4462,0.0052,0.5486
SPADES FIVE HEARTS ACE,0.4256,0.0052,0.5692
CLUBS SEVEN HEARTS JACK,0.7462,0.042,0.2118
CLUBS SIX HEARTS KING,0.429,0.0058,0.5652
HEARTS THREE DIAMONDS TEN,0.6922,0.0118,0.296
CLUBS SEVEN SPADES SEVEN,0.4642,0.0124,0.5234
CLUBS TEN CLUBS FIVE,0.6448,0.0098,0.3454
DIAMONDS THREE CLUBS TEN,0.6806,0.0078,0.3116
CLUBS NINE DIAMONDS KING,0.413,0.0064,0.5806
CLUBS SEVEN DIAMONDS QUEEN,0.6718,0.0882,0.24
SPADES NINE DIAMONDS NINE,0.4526,0.0102,0.5372
HEARTS KING DIAMONDS FIVE,0.4324,0.0072,0.5604
HEARTS FIVE CLUBS EIGHT,0.6512,0.0102,0.3386
CLUBS FIVE DIAMONDS NINE,0.6694,0.01,0.3206
SPADES ACE DIAMONDS SIX,0.4346,0.0044,0.561
HEARTS THREE DIAMONDS KING,0.4374,0.0074,0.5552
HEARTS SEVEN CLUBS KING,0.4384,0.0056,0.556
CLUBS TEN SPADES EIGHT,0.6444,0.0088,0.3468
HEARTS THREE SPADES SIX,0.6604,0.0114,0.3282
CLUBS THREE SPADES THREE,0.47,0.0174,0.5126
SPADES KING SPADES TWO,0.4216,0.0068,0.5716
SPADES FIVE CLUBS KING,0.4436,0.005,0.5514
SPADES ACE CLUBS QUEEN,0.2576,0.014,0.7284
CLUBS SEVEN CLUBS SIX,0.6,0.0088,0.3912
HEARTS FIVE DIAMONDS QUEEN,0.6652,0.0956,0.2392
SPADES THREE DIAMONDS FIVE,0.6336,0.0104,0.356
SPADES QUEEN SPADES JACK,0.017,0.9092,0.0738
CLUBS ACE DIAMONDS FOUR,0.4476,0.0042,0.5482
SPADES TEN SPADES NINE,0.6088,0.0084,0.3828
SPADES ACE HEARTS ACE,0.144,0.005,0.851
CLUBS NINE DIAMONDS NINE,0.4394,0.0106,0.55
HEARTS FIVE CLUBS SIX,0.6338,0.0096,0.3566
CLUBS FOUR HEARTS TEN,0.692,0.0112,0.2968
SPADES EIGHT SPADES THREE,0.6358,0.0074,0.3568
SPADES ACE CLUBS FOUR,0.4376,0.004,0.5584
CLUBS JACK CLUBS EIGHT,0.6672,0.0394,0.2934
CLUBS NINE HEARTS ACE,0.423,0.004,0.573
DIAMONDS QUEEN DIAMONDS FIVE,0.6296,0.0858,0.2846
DIAMONDS TWO HEARTS EIGHT,0.672,0.0104,0.3176
HEARTS FOUR DIAMONDS FIVE,0.623,0.0134,0.3636
SPADES ACE DIAMONDS SEVEN,0.43,0.0032,0.5668
HEARTS FOUR SPADES TWO,0.649,0.0124,0.3386
DIAMONDS QUEEN DIAMONDS TEN,0.644,0.0902,0.2658
CLUBS SIX SPADES EIGHT,0.637,0.0084,0.3546
HEARTS SIX HEARTS NINE,0.6314,0.011,0.3576
HEARTS TEN CLUBS KING,0.408,0.0068,0.5852
SPADES SIX CLUBS KING,0.4506,0.006,0.5434
CLUBS SIX HEARTS TEN,0.6934,0.0086,0.298
SPADES TEN DIAMONDS QUEEN,0.6662,0.0994,0.2344
HEARTS SEVEN SPADES EIGHT,0.6402,0.0088,0.351
CLUBS EIGHT SPADES TWO,0.6804,0.007,0.3126
SPADES NINE HEARTS JACK,0.7212,0.0382,0.2406
SPADES JACK DIAMONDS FOUR,0.729,0.0452,0.2258
HEARTS FOUR SPADES THREE,0.6266,0.012,0.3614
DIAMONDS TWO HEARTS FOUR,0.665,0.012,0.323
CLUBS THREE DIAMONDS SEVEN,0.6742,0.0108,0.315
DIAMONDS EIGHT HEARTS EIGHT,0.4566,0.015,0.5284
SPADES EIGHT CLUBS TWO,0.6672,0.0084,0.3244
SPADES SEVEN CLUBS ACE,0.4364,0.003,0.5606
CLUBS NINE SPADES SIX,0.654,0.0098,0.3362
SPADES SEVEN DIAMONDS SEVEN,0.4904,0.0128,0.4968
SPADES TWO CLUBS KING,0.436,0.0058,0.5582
HEARTS SIX HEARTS JACK,0.6908,0.041,0.2682
DIAMONDS TWO SPADES FIVE,0.6442,0.0144,0.3414
CLUBS SIX DIAMONDS KING,0.4376,0.0062,0.5562
HEARTS THREE CLUBS TWO,0.6548,0.0148,0.3304
CLUBS NINE CLUBS SIX,0.6144,0.0084,0.3772
CLUBS ACE DIAMONDS FIVE,0.4346,0.0036,0.5618
SPADES FIVE DIAMONDS FIVE,0.4836,0.014,0.5024
SPADES SIX CLUBS TWO,0.6646,0.0078,0.3276
DIAMONDS EIGHT HEARTS JACK,0.7262,0.0434,0.2304
HEARTS SIX SPADES JACK,0.7366,0.0378,0.2256
CLUBS FIVE CLUBS QUEEN,0.6212,0.084,0.2948
SPADES JACK SPADES TWO,0.682,0.0418,0.2762
SPADES SEVEN SPADES FIVE,0.5976,0.0096,0.3928
SPADES ACE CLUBS TWO,0.4258,0.004,0.5702
SPADES QUEEN DIAMONDS SEVEN,0.6696,0.0952,0.2352
CLUBS NINE SPADES FIVE,0.66,0.012,0.328
SPADES FOUR DIAMONDS FIVE,0.642,0.0084,0.3496
DIAMONDS ACE DIAMONDS SEVEN,0.4138,0.0034,0.5828
SPADES KING CLUBS SEVEN,0.4304,0.007,0.5626
HEARTS ACE DIAMONDS SEVEN,0.4304,0.006,0.5636
CLUBS EIGHT CLUBS FIVE,0.6074,0.008,0.3846
CLUBS SEVEN DIAMONDS SIX,0.6512,0.0116,0.3372
DIAMONDS ACE DIAMONDS QUEEN,0.2462,0.0152,0.7386
CLUBS EIGHT CLUBS SIX,0.6054,0.0092,0.3854
CLUBS TWO HEARTS KING,0.4356,0.0076,0.5568
SPADES TEN CLUBS KING,0.3984,0.0064,0.5952
DIAMONDS ACE SPADES FIVE,0.435,0.004,0.561
CLUBS NINE SPADES EIGHT,0.6432,0.0078,0.349
SPADES SEVEN SPADES FOUR,0.6108,0.0072,0.382
SPADES SEVEN DIAMONDS EIGHT,0.6472,0.0082,0.3446
SPADES FOUR SPADES THREE,0.5926,0.0096,0.3978
SPADES TEN CLUBS FIVE,0.6708,0.0114,0.3178
SPADES EIGHT CLUBS FIVE,0.6498,0.007,0.3432
HEARTS FIVE HEARTS ACE,0.3982,0.005,0.5968
CLUBS QUEEN HEARTS EIGHT,0.675,0.0888,0.2362
DIAMONDS EIGHT DIAMONDS SEVEN,0.614,0.011,0.375
DIAMONDS TWO DIAMONDS QUEEN,0.6498,0.0954,0.2548
SPADES THREE HEARTS TEN,0.6878,0.0088,0.3034
DIAMONDS THREE DIAMONDS TEN,0.6658,0.0088,0.3254
CLUBS NINE HEARTS NINE,0.4408,0.013,0.5462
CLUBS SIX HEARTS NINE,0.6524,0.0098,0.3378
HEARTS SEVEN CLUBS TEN,0.6642,0.0082,0.3276
HEARTS KING CLUBS QUEEN,0.2412,0.0266,0.7322
DIAMONDS TWO HEARTS ACE,0.4206,0.0058,0.5736
HEARTS SIX HEARTS TWO,0.6444,0.0096,0.346
CLUBS THREE SPADES FOUR,0.627,0.009,0.364
CLUBS SIX DIAMONDS QUEEN,0.6762,0.0866,0.2372
SPADES EIGHT DIAMONDS EIGHT,0.459,0.0132,0.5278
HEARTS FIVE SPADES THREE,0.6392,0.011,0.3498
HEARTS FIVE CLUBS QUEEN,0.6642,0.086,0.2498
CLUBS TEN HEARTS ACE,0.3974,0.0054,0.5972
SPADES SIX HEARTS ACE,0.4324,0.0036,0.564
HEARTS SEVEN SPADES FOUR,0.662,0.0114,0.3266
SPADES QUEEN DIAMONDS ACE,0.2488,0.016,0.7352
SPADES SEVEN HEARTS JACK,0.7376,0.0386,0.2238
DIAMONDS TWO CLUBS FOUR,0.6376,0.0098,0.3526
CLUBS NINE HEARTS EIGHT,0.6376,0.0108,0.3516
CLUBS EIGHT HEARTS JACK,0.7234,0.0442,0.2324
DIAMONDS TWO DIAMONDS SEVEN,0.6444,0.0136,0.342
DIAMONDS THREE HEARTS TEN,0.703,0.0132,0.2838
SPADES ACE CLUBS SIX,0.4344,0.004,0.5616
SPADES EIGHT DIAMONDS KING,0.4306,0.0064,0.563
DIAMONDS KING SPADES FIVE,0.4338,0.0068,0.5594
HEARTS SIX SPADES SEVEN,0.6494,0.0078,0.3428
SPADES THREE DIAMONDS FOUR,0.6368,0.01,0.3532
HEARTS TWO CLUBS ACE,0.427,0.004,0.569
DIAMONDS ACE SPADES SIX,0.4222,0.0042,0.5736
SPADES ACE CLUBS JACK,0.2734,0.012,0.7146
CLUBS SEVEN DIAMONDS FIVE,0.6462,0.007,0.3468
CLUBS TEN DIAMONDS SEVEN,0.657,0.01,0.333
DIAMONDS QUEEN SPADES FOUR,0.6686,0.0912,0.2402
DIAMONDS THREE SPADES TWO,0.6502,0.014,0.3358
SPADES SEVEN HEARTS KING,0.4308,0.0068,0.5624
HEARTS SEVEN CLUBS ACE,0.438,0.0034,0.5586
DIAMONDS THREE CLUBS QUEEN,0.674,0.0938,0.2322
DIAMONDS TEN CLUBS QUEEN,0.687,0.0944,0.2186
DIAMONDS TEN SPADES THREE,0.6854,0.009,0.3056
SPADES KING CLUBS ACE,0.3564,0.004,0.6396
SPADES KING CLUBS THREE,0.4404,0.0048,0.5548
DIAMONDS TWO CLUBS EIGHT,0.6784,0.0088,0.3128
CLUBS SIX SPADES FOUR,0.6432,0.0074,0.3494
HEARTS TWO DIAMONDS ACE,0.4296,0.0062,0.5642
SPADES QUEEN DIAMONDS TEN,0.689,0.083,0.228
HEARTS SEVEN CLUBS NINE,0.6408,0.0118,0.3474
SPADES THREE SPADES TWO,0.607,0.011,0.382
CLUBS FOUR CLUBS TWO,0.601,0.0134,0.3856
CLUBS TEN CLUBS KING,0.3854,0.0066,0.608
SPADES SIX CLUBS QUEEN,0.672,0.0892,0.2388
CLUBS FIVE CLUBS FOUR,0.5758,0.0106,0.4136
SPADES QUEEN CLUBS THREE,0.6774,0.083,0.2396
SPADES TEN SPADES FOUR,0.643,0.0116,0.3454
CLUBS JACK DIAMONDS FOUR,0.7326,0.052,0.2154
DIAMONDS ACE DIAMONDS TEN,0.3868,0.0054,0.6078
CLUBS NINE SPADES TWO,0.6768,0.0104,0.3128
DIAMONDS NINE CLUBS ACE,0.4296,0.0044,0.566
CLUBS SEVEN HEARTS TWO,0.6694,0.0096,0.321
SPADES KING CLUBS EIGHT,0.4368,0.0062,0.557
CLUBS NINE SPADES JACK,0.7214,0.0348,0.2438
HEARTS KING HEARTS TEN,0.3846,0.009,0.6064
SPADES JACK DIAMONDS NINE,0.7186,0.0426,0.2388
CLUBS FOUR SPADES THREE,0.6448,0.0074,0.3478
DIAMONDS THREE SPADES TEN,0.6994,0.0098,0.2908
DIAMONDS TEN DIAMONDS NINE,0.6226,0.009,0.3684
HEARTS TWO DIAMONDS SEVEN,0.69,0.0104,0.2996
SPADES SEVEN SPADES THREE,0.6278,0.0116,0.3606
HEARTS TWO CLUBS THREE,0.649,0.015,0.336
CLUBS SIX HEARTS EIGHT,0.6502,0.0082,0.3416
CLUBS THREE DIAMONDS EIGHT,0.6828,0.0124,0.3048
DIAMONDS THREE DIAMONDS SIX,0.6236,0.0116,0.3648
CLUBS SIX DIAMONDS FOUR,0.6424,0.0078,0.3498
SPADES TEN HEARTS NINE,0.662,0.0088,0.3292
SPADES ACE SPADES TEN,0.382,0.0038,0.6142
CLUBS JACK SPADES FIVE,0.7204,0.0378,0.2418
HEARTS FOUR HEARTS THREE,0.6194,0.0122,0.3684
CLUBS JACK CLUBS THREE,0.685,0.0414,0.2736
DIAMONDS TWO CLUBS TWO,0.4872,0.016,0.4968
HEARTS SIX DIAMONDS EIGHT,0.6568,0.0108,0.3324
DIAMONDS THREE HEARTS JACK,0.7256,0.0488,0.2256
SPADES NINE CLUBS FIVE,0.6652,0.0124,0.3224
CLUBS THREE HEARTS ACE,0.434,0.0038,0.5622
HEARTS ACE DIAMONDS FOUR,0.4218,0.0058,0.5724
SPADES FIVE DIAMONDS FOUR,0.6298,0.0098,0.3604
CLUBS EIGHT DIAMONDS KING,0.4296,0.0058,0.5646
SPADES SEVEN HEARTS ACE,0.4348,0.0036,0.5616
CLUBS FOUR DIAMONDS NINE,0.693,0.01,0.297
DIAMONDS TWO CLUBS ACE,0.4402,0.0044,0.5554
CLUBS TEN DIAMONDS TEN,0.4358,0.0098,0.5544
CLUBS SIX CLUBS FIVE,0.5792,0.0114,0.4094
SPADES TEN HEARTS EIGHT,0.6644,0.0106,0.325
SPADES TEN CLUBS SEVEN,0.6788,0.008,0.3132
HEARTS KING HEARTS NINE,0.4068,0.0074,0.5858
SPADES ACE SPADES THREE,0.403,0.0044,0.5926
SPADES SEVEN CLUBS THREE,0.6612,0.008,0.3308
CLUBS TEN SPADES JACK,0.7058,0.0404,0.2538
CLUBS FOUR DIAMONDS TEN,0.6952,0.0084,0.2964
CLUBS FIVE CLUBS KING,0.4034,0.0056,0.591
DIAMONDS FIVE DIAMONDS FOUR,0.5918,0.0106,0.3976
HEARTS FOUR SPADES TEN,0.6888,0.0084,0.3028
CLUBS QUEEN DIAMONDS FOUR,0.6814,0.09,0.2286
SPADES QUEEN HEARTS KING,0.2366,0.0244,0.739
SPADES KING SPADES SEVEN,0.4162,0.0046,0.5792
CLUBS JACK CLUBS SIX,0.682,0.0384,0.2796
CLUBS SIX DIAMONDS SIX,0.4736,0.015,0.5114
HEARTS SEVEN HEARTS ACE,0.4154,0.0032,0.5814
HEARTS SIX CLUBS ACE,0.4514,0.0034,0.5452
CLUBS TEN HEARTS JACK,0.7198,0.0356,0.2446
DIAMONDS ACE HEARTS JACK,0.2672,0.0172,0.7156
SPADES TEN CLUBS QUEEN,0.6736,0.0936,0.2328
DIAMONDS THREE SPADES JACK,0.7272,0.0418,0.231
CLUBS EIGHT CLUBS KING,0.3944,0.007,0.5986
SPADES JACK CLUBS SEVEN,0.7372,0.044,0.2188
SPADES TWO DIAMONDS FOUR,0.6462,0.0114,0.3424
SPADES FIVE CLUBS QUEEN,0.668,0.087,0.245
SPADES JACK DIAMONDS FIVE,0.7266,0.043,0.2304
HEARTS FIVE CLUBS SEVEN,0.6366,0.007,0.3564
HEARTS NINE HEARTS EIGHT,0.6002,0.0096,0.3902
DIAMONDS ACE CLUBS TWO,0.4344,0.0044,0.5612
SPADES QUEEN SPADES SEVEN,0.6354,0.0834,0.2812
HEARTS SEVEN HEARTS TWO,0.6524,0.009,0.3386
SPADES KING HEARTS EIGHT,0.447,0.0072,0.5458
CLUBS TEN CLUBS ACE,0.3854,0.0046,0.61
HEARTS TWO SPADES TWO,0.4854,0.0152,0.4994
HEARTS TWO SPADES EIGHT,0.6658,0.0094,0.3248
CLUBS FIVE DIAMONDS ACE,0.4106,0.004,0.5854
HEARTS SEVEN HEARTS NINE,0.625,0.0098,0.3652
DIAMONDS THREE HEARTS FIVE,0.634,0.011,0.355
SPADES EIGHT DIAMONDS SEVEN,0.6348,0.009,0.3562
SPADES ACE CLUBS TEN,0.4158,0.0026,0.5816
SPADES KING HEARTS JACK,0.2602,0.0288,0.711
CLUBS FIVE CLUBS ACE,0.4118,0.004,0.5842
HEARTS FOUR DIAMONDS SEVEN,0.648,0.0112,0.3408
SPADES ACE DIAMONDS FIVE,0.4562,0.0042,0.5396
SPADES JACK CLUBS TWO,0.7326,0.0444,0.223
DIAMONDS THREE SPADES SEVEN,0.6796,0.0068,0.3136
CLUBS SEVEN DIAMONDS SEVEN,0.4788,0.0122,0.509
CLUBS EIGHT CLUBS THREE,0.6292,0.0088,0.362
SPADES KING DIAMONDS TWO,0.44,0.0086,0.5514
DIAMONDS TWO DIAMONDS FIVE,0.6216,0.0094,0.369
SPADES SEVEN HEARTS TEN,0.658,0.0122,0.3298
HEARTS TWO DIAMONDS NINE,0.6908,0.0096,0.2996
DIAMONDS NINE DIAMONDS EIGHT,0.606,0.01,0.384
CLUBS KING CLUBS QUEEN,0.2296,0.0208,0.7496
CLUBS TEN SPADES FIVE,0.6826,0.0098,0.3076
DIAMONDS TWO CLUBS SIX,0.6792,0.01,0.3108
HEARTS FIVE DIAMONDS TEN,0.6874,0.0094,0.3032
HEARTS ACE DIAMONDS EIGHT,0.433,0.0054,0.5616
HEARTS SEVEN DIAMONDS TWO,0.6926,0.0112,0.2962
SPADES FIVE HEARTS NINE,0.664,0.0104,0.3256
HEARTS ACE DIAMONDS SIX,0.4372,0.0056,0.5572
SPADES JACK SPADES SIX,0.6876,0.0388,0.2736
DIAMONDS TEN DIAMONDS FOUR,0.6536,0.0108,0.3356
CLUBS THREE HEARTS JACK,0.7326,0.0428,0.2246
CLUBS NINE CLUBS SEVEN,0.612,0.01,0.378
HEARTS THREE DIAMONDS SIX,0.6602,0.013,0.3268
SPADES NINE HEARTS TEN,0.655,0.0108,0.3342
DIAMONDS THREE DIAMONDS FOUR,0.6106,0.009,0.3804
HEARTS FIVE HEARTS JACK,0.694,0.0398,0.2662
HEARTS FOUR DIAMONDS FOUR,0.4864,0.016,0.4976
HEARTS SEVEN HEARTS SIX,0.6104,0.0102,0.3794
SPADES ACE SPADES NINE,0.3946,0.003,0.6024
DIAMONDS NINE DIAMONDS FIVE,0.6234,0.009,0.3676
DIAMONDS THREE SPADES SIX,0.6504,0.008,0.3416
CLUBS JACK SPADES FOUR,0.729,0.041,0.23
SPADES SIX HEARTS EIGHT,0.6446,0.008,0.3474
DIAMONDS KING HEARTS EIGHT,0.4248,0.0084,0.5668
SPADES ACE DIAMONDS FOUR,0.429,0.0048,0.5662
SPADES EIGHT CLUBS KING,0.441,0.0044,0.5546
SPADES TWO CLUBS ACE,0.445,0.0038,0.5512
SPADES SEVEN DIAMONDS KING,0.4346,0.0062,0.5592
HEARTS SIX SPADES TWO,0.6734,0.009,0.3176
HEARTS SIX SPADES QUEEN,0.6782,0.0926,0.2292
SPADES FOUR HEARTS JACK,0.7286,0.0418,0.2296
CLUBS FIVE SPADES SIX,0.6166,0.0076,0.3758
CLUBS KING HEARTS EIGHT,0.4358,0.0076,0.5566
HEARTS TWO DIAMONDS FIVE,0.6534,0.0108,0.3358
SPADES QUEEN CLUBS FIVE,0.6712,0.0896,0.2392
CLUBS ACE HEARTS NINE,0.4346,0.0038,0.5616
DIAMONDS ACE SPADES TWO,0.4234,0.0054,0.5712
HEARTS FOUR CLUBS SIX,0.65,0.0096,0.3404
CLUBS TEN HEARTS FOUR,0.6952,0.0096,0.2952
HEARTS ACE HEARTS KING,0.339,0.0038,0.6572
CLUBS THREE CLUBS KING,0.415,0.0084,0.5766
CLUBS TEN DIAMONDS KING,0.3906,0.0064,0.603
CLUBS THREE DIAMONDS FOUR,0.6436,0.0096,0.3468
CLUBS FIVE CLUBS TWO,0.5978,0.0096,0.3926
SPADES JACK DIAMONDS TEN,0.7214,0.034,0.2446
DIAMONDS ACE DIAMONDS FOUR,0.412,0.0054,0.5826
HEARTS TWO SPADES FOUR,0.6466,0.0142,0.3392
HEARTS SEVEN DIAMONDS SEVEN,0.4782,0.013,0.5088
CLUBS FOUR HEARTS NINE,0.6792,0.0084,0.3124
SPADES TEN SPADES TWO,0.6446,0.011,0.3444
CLUBS SEVEN DIAMONDS KING,0.4314,0.0072,0.5614
DIAMONDS NINE CLUBS QUEEN,0.679,0.0942,0.2268
SPADES QUEEN SPADES TWO,0.6374,0.0892,0.2734
CLUBS NINE CLUBS FIVE,0.6212,0.0084,0.3704
HEARTS SIX DIAMONDS SEVEN,0.654,0.0104,0.3356
HEARTS SEVEN SPADES NINE,0.6484,0.009,0.3426
DIAMONDS THREE CLUBS SEVEN,0.6714,0.011,0.3176
SPADES JACK DIAMONDS ACE,0.2574,0.0138,0.7288
CLUBS TEN HEARTS SIX,0.6862,0.01,0.3038
CLUBS SEVEN HEARTS NINE,0.6266,0.0114,0.362
DIAMONDS SIX HEARTS EIGHT,0.653,0.0096,0.3374
HEARTS SEVEN DIAMONDS FIVE,0.6446,0.0096,0.3458
HEARTS SEVEN SPADES QUEEN,0.6892,0.0896,0.2212
CLUBS TEN SPADES NINE,0.6492,0.0082,0.3426
HEARTS ACE SPADES THREE,0.4258,0.0042,0.57
DIAMONDS QUEEN CLUBS ACE,0.2562,0.0152,0.7286
CLUBS TWO DIAMONDS TEN,0.6902,0.0108,0.299
SPADES JACK DIAMONDS SIX,0.7292,0.036,0.2348
SPADES TEN CLUBS ACE,0.4062,0.0034,0.5904
SPADES KING DIAMONDS TEN,0.3992,0.0072,0.5936
HEARTS THREE CLUBS QUEEN,0.6758,0.0932,0.231
HEARTS THREE CLUBS FIVE,0.6384,0.0108,0.3508
HEARTS NINE DIAMONDS FIVE,0.681,0.0116,0.3074
HEARTS SEVEN DIAMONDS QUEEN,0.6648,0.093,0.2422
SPADES TEN DIAMONDS FOUR,0.698,0.013,0.289
CLUBS NINE DIAMONDS SEVEN,0.6342,0.0098,0.356
SPADES SIX DIAMONDS QUEEN,0.6636,0.0852,0.2512
CLUBS TWO DIAMONDS FIVE,0.6528,0.0126,0.3346
CLUBS SIX SPADES SEVEN,0.6456,0.0088,0.3456
CLUBS TEN DIAMONDS FIVE,0.6798,0.0124,0.3078
CLUBS TEN DIAMONDS FOUR,0.6764,0.0084,0.3152
DIAMONDS SEVEN CLUBS QUEEN,0.693,0.0824,0.2246
SPADES ACE HEARTS NINE,0.4322,0.004,0.5638
HEARTS FIVE CLUBS THREE,0.6416,0.0106,0.3478
SPADES ACE HEARTS TEN,0.4242,0.0042,0.5716
HEARTS TWO CLUBS FIVE,0.6566,0.0122,0.3312
CLUBS THREE DIAMONDS NINE,0.6946,0.0128,0.2926
CLUBS NINE DIAMONDS FOUR,0.6784,0.0116,0.31
SPADES SEVEN DIAMONDS FOUR,0.661,0.0082,0.3308
SPADES KING HEARTS FIVE,0.4436,0.0078,0.5486
DIAMONDS THREE DIAMONDS TWO,0.6238,0.0116,0.3646
SPADES KING SPADES JACK,0.2508,0.0212,0.728
SPADES TWO HEARTS EIGHT,0.6692,0.0126,0.3182
DIAMONDS QUEEN CLUBS TWO,0.6944,0.0902,0.2154
DIAMONDS ACE CLUBS ACE,0.1462,0.0034,0.8504
HEARTS FOUR HEARTS TEN,0.6536,0.0098,0.3366
DIAMONDS QUEEN HEARTS KING,0.2392,0.0298,0.731
DIAMONDS KING DIAMONDS EIGHT,0.4162,0.0078,0.576
CLUBS NINE DIAMONDS SIX,0.6506,0.0082,0.3412
SPADES ACE CLUBS NINE,0.4318,0.004,0.5642
SPADES TEN CLUBS SIX,0.671,0.0098,0.3192
HEARTS THREE DIAMONDS ACE,0.4466,0.0052,0.5482
HEARTS SIX DIAMONDS FIVE,0.6276,0.0092,0.3632
SPADES FIVE HEARTS KING,0.431,0.0078,0.5612
CLUBS SIX SPADES FIVE,0.623,0.0078,0.3692
SPADES EIGHT SPADES TWO,0.6292,0.0102,0.3606
CLUBS FIVE HEARTS EIGHT,0.6528,0.0122,0.335
SPADES QUEEN CLUBS KING,0.2574,0.026,0.7166
CLUBS EIGHT SPADES TEN,0.6404,0.0096,0.35
SPADES KING CLUBS TWO,0.4422,0.0052,0.5526
CLUBS EIGHT DIAMONDS SIX,0.6458,0.0092,0.345
SPADES NINE DIAMONDS EIGHT,0.6448,0.0106,0.3446
SPADES SEVEN HEARTS NINE,0.6498,0.0088,0.3414
CLUBS THREE DIAMONDS QUEEN,0.6756,0.0868,0.2376
SPADES KING HEARTS TEN,0.4042,0.0046,0.5912
SPADES KING CLUBS SIX,0.4462,0.0036,0.5502
CLUBS FIVE DIAMONDS KING,0.439,0.006,0.555
SPADES ACE SPADES TWO,0.4092,0.004,0.5868
CLUBS TEN SPADES THREE,0.6968,0.0088,0.2944
CLUBS EIGHT HEARTS NINE,0.6536,0.0088,0.3376
HEARTS FOUR CLUBS ACE,0.4294,0.004,0.5666
DIAMONDS THREE CLUBS NINE,0.6698,0.0106,0.3196
SPADES SEVEN DIAMONDS TEN,0.6654,0.0094,0.3252
HEARTS ACE HEARTS TEN,0.3928,0.0038,0.6034
SPADES FIVE DIAMONDS EIGHT,0.6586,0.0092,0.3322
CLUBS NINE SPADES THREE,0.6816,0.0094,0.309
HEARTS FIVE DIAMONDS KING,0.4402,0.007,0.5528
CLUBS TEN SPADES QUEEN,0.6786,0.0866,0.2348
SPADES TEN HEARTS THREE,0.6966,0.0086,0.2948
HEARTS ACE HEARTS NINE,0.4118,0.005,0.5832
HEARTS FIVE DIAMONDS SEVEN,0.6386,0.0104,0.351
DIAMONDS QUEEN SPADES TWO,0.6828,0.0936,0.2236
SPADES JACK SPADES NINE,0.6784,0.0372,0.2844
SPADES QUEEN HEARTS THREE,0.678,0.0964,0.2256
DIAMONDS ACE SPADES SEVEN,0.442,0.0046,0.5534
SPADES THREE DIAMONDS SIX,0.6494,0.009,0.3416
CLUBS NINE CLUBS KING,0.3866,0.0042,0.6092
DIAMONDS EIGHT CLUBS KING,0.435,0.0058,0.5592
SPADES SEVEN CLUBS KING,0.43,0.0046,0.5654
CLUBS TEN CLUBS THREE,0.6434,0.0084,0.3482
CLUBS TEN DIAMONDS QUEEN,0.6708,0.0874,0.2418
HEARTS FOUR CLUBS FOUR,0.483,0.0166,0.5004
SPADES TEN HEARTS TEN,0.4216,0.013,0.5654
HEARTS FOUR CLUBS TWO,0.6486,0.0134,0.338
DIAMONDS KING SPADES THREE,0.4244,0.0108,0.5648
HEARTS SIX HEARTS KING,0.4152,0.0064,0.5784
SPADES JACK SPADES FOUR,0.678,0.042,0.28
DIAMONDS EIGHT CLUBS ACE,0.4304,0.0032,0.5664
SPADES ACE CLUBS EIGHT,0.4378,0.0028,0.5594
CLUBS FOUR DIAMONDS SIX,0.6392,0.0096,0.3512
HEARTS JACK HEARTS NINE,0.6856,0.0434,0.271
SPADES JACK SPADES FIVE,0.6822,0.044,0.2738
HEARTS FIVE SPADES FIVE,0.4748,0.014,0.5112
HEARTS SEVEN SPADES SIX,0.6436,0.0094,0.347
CLUBS FOUR HEARTS KING,0.4312,0.0064,0.5624
DIAMONDS TWO HEARTS JACK,0.7522,0.0444,0.2034
HEARTS FOUR SPADES SIX,0.6392,0.011,0.3498
HEARTS KING SPADES TWO,0.4352,0.0072,0.5576
DIAMONDS NINE CLUBS KING,0.4308,0.009,0.5602
HEARTS ACE HEARTS EIGHT,0.4036,0.0036,0.5928
CLUBS JACK HEARTS KING,0.2502,0.0246,0.7252
HEARTS TWO HEARTS NINE,0.6506,0.0108,0.3386
DIAMONDS TEN HEARTS NINE,0.6532,0.0116,0.3352
DIAMONDS TWO DIAMONDS KING,0.4216,0.0084,0.57
CLUBS EIGHT DIAMONDS EIGHT,0.46,0.0116,0.5284
SPADES FIVE HEARTS EIGHT,0.645,0.0128,0.3422
DIAMONDS NINE DIAMONDS SEVEN,0.613,0.0104,0.3766
DIAMONDS KING DIAMONDS FIVE,0.4092,0.0076,0.5832
SPADES SEVEN DIAMONDS SIX,0.6438,0.0078,0.3484
SPADES SIX DIAMONDS SEVEN,0.637,0.0104,0.3526
HEARTS FIVE HEARTS KING,0.4074,0.0086,0.584
SPADES JACK HEARTS THREE,0.7318,0.0406,0.2276
CLUBS JACK HEARTS EIGHT,0.7222,0.0412,0.2366
CLUBS FIVE SPADES TWO,0.6442,0.0126,0.3432
SPADES SIX HEARTS JACK,0.726,0.0426,0.2314
CLUBS JACK DIAMONDS THREE,0.7274,0.0402,0.2324
DIAMONDS NINE HEARTS KING,0.408,0.0078,0.5842
CLUBS THREE HEARTS TEN,0.6988,0.0104,0.2908
CLUBS SEVEN HEARTS EIGHT,0.6476,0.008,0.3444
CLUBS NINE CLUBS EIGHT,0.591,0.0074,0.4016
DIAMONDS THREE SPADES THREE,0.4772,0.0144,0.5084
HEARTS FIVE CLUBS ACE,0.4334,0.0044,0.5622
DIAMONDS TWO HEARTS THREE,0.6576,0.0124,0.33
CLUBS EIGHT SPADES SIX,0.648,0.011,0.341
DIAMONDS KING DIAMONDS TEN,0.3968,0.0058,0.5974
HEARTS SIX SPADES SIX,0.472,0.0154,0.5126
CLUBS JACK SPADES TEN,0.7088,0.038,0.2532
CLUBS NINE HEARTS JACK,0.7226,0.039,0.2384
HEARTS KING HEARTS JACK,0.2504,0.0278,0.7218
DIAMONDS SEVEN HEARTS TEN,0.6684,0.011,0.3206
SPADES JACK DIAMONDS SEVEN,0.7338,0.042,0.2242
CLUBS SEVEN SPADES FIVE,0.6352,0.0118,0.353
SPADES FIVE DIAMONDS TEN,0.6814,0.0086,0.31
DIAMONDS TWO SPADES SIX,0.6758,0.012,0.3122
CLUBS SEVEN CLUBS TWO,0.6308,0.0114,0.3578
HEARTS TEN HEARTS EIGHT,0.6256,0.0108,0.3636
HEARTS FOUR HEARTS EIGHT,0.6404,0.0114,0.3482
CLUBS JACK CLUBS TEN,0.6682,0.0396,0.2922
HEARTS ACE HEARTS JACK,0.249,0.016,0.735
CLUBS THREE DIAMONDS FIVE,0.643,0.0104,0.3466
CLUBS EIGHT DIAMONDS SEVEN,0.6358,0.0104,0.3538
HEARTS FIVE DIAMONDS EIGHT,0.6644,0.0124,0.3232
DIAMONDS TEN SPADES FOUR,0.6894,0.0102,0.3004
HEARTS SEVEN DIAMONDS TEN,0.6618,0.0088,0.3294
HEARTS SEVEN HEARTS TEN,0.6396,0.009,0.3514
CLUBS KING DIAMONDS FIVE,0.4346,0.009,0.5564
DIAMONDS TWO HEARTS TEN,0.7002,0.0098,0.29
DIAMONDS THREE CLUBS FOUR,0.6412,0.0104,0.3484
HEARTS SIX CLUBS SIX,0.4704,0.0128,0.5168
CLUBS FIVE SPADES FOUR,0.6144,0.0108,0.3748
HEARTS FIVE HEARTS TEN,0.6508,0.0124,0.3368
SPADES EIGHT CLUBS ACE,0.4238,0.0036,0.5726
CLUBS EIGHT HEARTS TWO,0.6782,0.0112,0.3106
DIAMONDS TWO DIAMONDS NINE,0.65,0.0098,0.3402
SPADES NINE CLUBS KING,0.4248,0.006,0.5692
SPADES JACK CLUBS THREE,0.7222,0.0422,0.2356
SPADES QUEEN DIAMONDS NINE,0.68,0.0888,0.2312
DIAMONDS TWO CLUBS THREE,0.658,0.011,0.331
CLUBS FOUR SPADES SIX,0.6502,0.0076,0.3422
CLUBS FOUR SPADES TWO,0.6452,0.0106,0.3442
HEARTS SEVEN DIAMONDS SIX,0.6454,0.0086,0.346
DIAMONDS TEN CLUBS KING,0.3968,0.006,0.5972
SPADES KING SPADES TEN,0.3724,0.0062,0.6214
CLUBS EIGHT DIAMONDS FOUR,0.666,0.0118,0.3222
CLUBS ACE DIAMONDS SIX,0.4402,0.0034,0.5564
SPADES KING HEARTS FOUR,0.4402,0.008,0.5518
SPADES NINE SPADES SIX,0.6084,0.0092,0.3824
CLUBS SEVEN CLUBS FOUR,0.6162,0.0094,0.3744
SPADES QUEEN CLUBS NINE,0.673,0.0812,0.2458
CLUBS NINE HEARTS TWO,0.6914,0.012,0.2966
CLUBS NINE CLUBS FOUR,0.6404,0.0082,0.3514
SPADES ACE DIAMONDS ACE,0.1504,0.0042,0.8454
SPADES SIX DIAMONDS FIVE,0.6346,0.0104,0.355
CLUBS TWO CLUBS ACE,0.4036,0.005,0.5914
CLUBS TEN HEARTS FIVE,0.6876,0.0092,0.3032
SPADES SIX SPADES FIVE,0.5756,0.0118,0.4126
CLUBS FOUR HEARTS EIGHT,0.6644,0.0116,0.324
CLUBS FIVE DIAMONDS SEVEN,0.65,0.0084,0.3416
HEARTS FIVE SPADES JACK,0.725,0.0416,0.2334
CLUBS EIGHT DIAMONDS QUEEN,0.6694,0.0936,0.237
SPADES SIX CLUBS THREE,0.6448,0.0104,0.3448
CLUBS NINE DIAMONDS FIVE,0.6682,0.0112,0.3206
HEARTS THREE HEARTS JACK,0.696,0.0428,0.2612
SPADES KING HEARTS THREE,0.4424,0.0074,0.5502
SPADES KING DIAMONDS SEVEN,0.4562,0.0054,0.5384
HEARTS FOUR DIAMONDS EIGHT,0.6634,0.011,0.3256
SPADES SIX HEARTS NINE,0.6542,0.0092,0.3366
DIAMONDS THREE SPADES FIVE,0.6342,0.0136,0.3522
CLUBS FOUR DIAMONDS EIGHT,0.6728,0.0102,0.317
SPADES FOUR DIAMONDS EIGHT,0.6624,0.011,0.3266
CLUBS SEVEN DIAMONDS TEN,0.6744,0.0098,0.3158
CLUBS FIVE DIAMONDS SIX,0.6168,0.008,0.3752
SPADES ACE SPADES JACK,0.2552,0.0116,0.7332
HEARTS THREE DIAMONDS EIGHT,0.6762,0.0136,0.3102
DIAMONDS THREE CLUBS SIX,0.6402,0.0084,0.3514
HEARTS FOUR DIAMONDS TEN,0.6976,0.0108,0.2916
HEARTS SIX CLUBS THREE,0.6608,0.0094,0.3298
DIAMONDS ACE CLUBS FOUR,0.435,0.0048,0.5602
CLUBS FOUR DIAMONDS SEVEN,0.6424,0.01,0.3476
HEARTS SIX DIAMONDS NINE,0.6638,0.0112,0.325
CLUBS TWO HEARTS EIGHT,0.6828,0.0124,0.3048
HEARTS FOUR HEARTS ACE,0.4142,0.0046,0.5812
SPADES TWO DIAMONDS FIVE,0.6578,0.0102,0.332
SPADES QUEEN HEARTS FIVE,0.6628,0.0954,0.2418
DIAMONDS TWO HEARTS FIVE,0.656,0.014,0.33
HEARTS FIVE DIAMONDS SIX,0.6266,0.0104,0.363
SPADES JACK SPADES THREE,0.688,0.0388,0.2732
CLUBS TWO SPADES FOUR,0.6356,0.0132,0.3512
SPADES FIVE CLUBS ACE,0.4342,0.0038,0.562
HEARTS THREE SPADES THREE,0.4706,0.0162,0.5132
SPADES KING CLUBS KING,0.1642,0.002,0.8338
CLUBS TEN DIAMONDS EIGHT,0.6594,0.0074,0.3332
DIAMONDS EIGHT HEARTS TEN,0.6666,0.0108,0.3226
CLUBS ACE CLUBS QUEEN,0.2496,0.0146,0.7358
CLUBS SIX DIAMONDS TEN,0.682,0.0092,0.3088
SPADES FIVE DIAMONDS NINE,0.6628,0.0106,0.3266
SPADES SEVEN CLUBS FOUR,0.6514,0.0114,0.3372
HEARTS FIVE SPADES TWO,0.6414,0.0146,0.344
SPADES TEN HEARTS ACE,0.3952,0.0046,0.6002
SPADES JACK CLUBS KING,0.2498,0.0258,0.7244
CLUBS NINE SPADES TEN,0.6262,0.0084,0.3654
CLUBS JACK DIAMONDS SEVEN,0.7478,0.037,0.2152
SPADES QUEEN HEARTS EIGHT,0.6728,0.0876,0.2396
HEARTS THREE HEARTS KING,0.4108,0.0064,0.5828
HEARTS FOUR DIAMONDS ACE,0.429,0.0058,0.5652
CLUBS SEVEN CLUBS KING,0.4134,0.0056,0.581
DIAMONDS NINE DIAMONDS FOUR,0.657,0.0102,0.3328
SPADES THREE HEARTS KING,0.4492,0.007,0.5438
SPADES ACE HEARTS TWO,0.4294,0.0068,0.5638
CLUBS JACK CLUBS TWO,0.6824,0.0356,0.282
DIAMONDS TEN DIAMONDS SIX,0.6524,0.008,0.3396
CLUBS THREE CLUBS QUEEN,0.6358,0.088,0.2762
CLUBS JACK DIAMONDS FIVE,0.7178,0.0422,0.24
SPADES ACE CLUBS THREE,0.4294,0.0038,0.5668
SPADES SEVEN DIAMONDS FIVE,0.6344,0.0108,0.3548
HEARTS FOUR CLUBS FIVE,0.6254,0.0104,0.3642
SPADES KING SPADES SIX,0.4176,0.0058,0.5766
CLUBS TEN CLUBS SEVEN,0.6302,0.0084,0.3614
CLUBS FIVE DIAMONDS FIVE,0.4858,0.0132,0.501
CLUBS TEN DIAMONDS SIX,0.677,0.0112,0.3118
SPADES KING DIAMONDS ACE,0.3484,0.0034,0.6482
SPADES FOUR DIAMONDS SIX,0.6396,0.0102,0.3502
CLUBS TEN HEARTS THREE,0.702,0.0124,0.2856
CLUBS FOUR HEARTS ACE,0.4246,0.0046,0.5708
SPADES FOUR CLUBS KING,0.4414,0.0066,0.552
HEARTS TWO CLUBS TWO,0.4762,0.0134,0.5104
SPADES ACE SPADES QUEEN,0.2458,0.0154,0.7388
DIAMONDS KING CLUBS KING,0.1494,0.0044,0.8462
SPADES FOUR HEARTS KING,0.4266,0.0062,0.5672
SPADES SIX SPADES FOUR,0.6048,0.0092,0.386
CLUBS SEVEN SPADES NINE,0.6444,0.0114,0.3442
HEARTS FOUR CLUBS KING,0.4388,0.0068,0.5544
SPADES NINE DIAMONDS SEVEN,0.648,0.0106,0.3414
HEARTS SIX DIAMONDS KING,0.451,0.0108,0.5382
HEARTS NINE CLUBS QUEEN,0.6784,0.0906,0.231
HEARTS FOUR HEARTS JACK,0.6968,0.0448,0.2584
SPADES EIGHT DIAMONDS FIVE,0.6438,0.0096,0.3466
SPADES TEN SPADES EIGHT,0.6114,0.0116,0.377
SPADES THREE DIAMONDS SEVEN,0.6574,0.0104,0.3322
HEARTS FOUR SPADES FOUR,0.4914,0.014,0.4946
SPADES KING CLUBS TEN,0.3918,0.0056,0.6026
CLUBS NINE HEARTS FOUR,0.6628,0.01,0.3272
DIAMONDS QUEEN DIAMONDS SIX,0.6432,0.0856,0.2712
SPADES FIVE HEARTS TEN,0.695,0.0098,0.2952
CLUBS SEVEN CLUBS FIVE,0.6112,0.0104,0.3784
CLUBS EIGHT HEARTS TEN,0.6514,0.0104,0.3382
HEARTS FIVE DIAMONDS FOUR,0.6356,0.0092,0.3552
CLUBS SIX CLUBS QUEEN,0.6388,0.0828,0.2784
DIAMONDS ACE HEARTS TEN,0.411,0.0032,0.5858
CLUBS TWO CLUBS QUEEN,0.6398,0.088,0.2722
SPADES EIGHT CLUBS THREE,0.672,0.0102,0.3178
HEARTS TWO SPADES SIX,0.663,0.0086,0.3284
HEARTS FOUR SPADES FIVE,0.617,0.0108,0.3722
HEARTS SIX SPADES THREE,0.6428,0.01,0.3472
CLUBS SEVEN HEARTS THREE,0.6726,0.0112,0.3162
DIAMONDS THREE HEARTS EIGHT,0.679,0.0106,0.3104
CLUBS TWO DIAMONDS SEVEN,0.6636,0.0112,0.3252
HEARTS FIVE HEARTS FOUR,0.6,0.009,0.391
CLUBS EIGHT SPADES EIGHT,0.4634,0.0102,0.5264
SPADES NINE DIAMONDS SIX,0.6608,0.0096,0.3296
HEARTS SIX DIAMONDS ACE,0.4386,0.0038,0.5576
DIAMONDS NINE SPADES THREE,0.689,0.0094,0.3016
CLUBS JACK HEARTS JACK,0.3198,0.0186,0.6616
SPADES TWO CLUBS QUEEN,0.6812,0.0892,0.2296
DIAMONDS SIX HEARTS NINE,0.659,0.013,0.328
CLUBS NINE DIAMONDS ACE,0.422,0.0048,0.5732
CLUBS FIVE SPADES SEVEN,0.6308,0.0096,0.3596
HEARTS FIVE HEARTS TWO,0.6238,0.0082,0.368
SPADES FIVE SPADES TWO,0.603,0.0106,0.3864
DIAMONDS QUEEN HEARTS EIGHT,0.6816,0.0862,0.2322
CLUBS NINE SPADES SEVEN,0.642,0.0086,0.3494
CLUBS FIVE SPADES FIVE,0.4668,0.0124,0.5208
HEARTS FIVE SPADES FOUR,0.6342,0.0126,0.3532
HEARTS ACE CLUBS KING,0.3494,0.0042,0.6464
DIAMONDS QUEEN DIAMONDS NINE,0.6428,0.0864,0.2708
SPADES NINE CLUBS ACE,0.414,0.0026,0.5834
DIAMONDS TEN DIAMONDS SEVEN,0.6446,0.0096,0.3458
SPADES QUEEN DIAMONDS FOUR,0.692,0.083,0.225
SPADES THREE CLUBS QUEEN,0.6744,0.0918,0.2338
DIAMONDS THREE CLUBS KING,0.4386,0.0084,0.553
HEARTS FOUR DIAMONDS NINE,0.6882,0.0106,0.3012
SPADES THREE DIAMONDS EIGHT,0.6792,0.0108,0.31
CLUBS TEN CLUBS EIGHT,0.6152,0.0098,0.375
CLUBS TEN HEARTS EIGHT,0.6486,0.01,0.3414
DIAMONDS THREE CLUBS FIVE,0.6454,0.0088,0.3458
HEARTS JACK DIAMONDS SIX,0.7448,0.0422,0.213
SPADES EIGHT HEARTS TEN,0.655,0.0092,0.3358
SPADES TEN DIAMONDS FIVE,0.688,0.0104,0.3016
DIAMONDS THREE SPADES EIGHT,0.6726,0.01,0.3174
CLUBS TEN CLUBS QUEEN,0.634,0.089,0.277
HEARTS THREE SPADES FIVE,0.6414,0.011,0.3476
HEARTS FIVE SPADES EIGHT,0.6468,0.0114,0.3418
SPADES SIX CLUBS ACE,0.4386,0.0036,0.5578
DIAMONDS TWO DIAMONDS EIGHT,0.6348,0.01,0.3552
SPADES FOUR CLUBS ACE,0.4354,0.0056,0.559
CLUBS THREE HEARTS EIGHT,0.6648,0.008,0.3272
CLUBS EIGHT SPADES THREE,0.6674,0.0098,0.3228
DIAMONDS SEVEN HEARTS EIGHT,0.6434,0.01,0.3466
DIAMONDS TWO HEARTS KING,0.4434,0.0078,0.5488
DIAMONDS QUEEN SPADES THREE,0.673,0.0984,0.2286
CLUBS TWO HEARTS ACE,0.4326,0.0042,0.5632
CLUBS SIX SPADES SIX,0.4768,0.0114,0.5118
HEARTS SEVEN CLUBS FOUR,0.6466,0.0102,0.3432
DIAMONDS KING DIAMONDS QUEEN,0.2326,0.028,0.7394
CLUBS JACK HEARTS NINE,0.7084,0.0456,0.246
CLUBS JACK SPADES EIGHT,0.7216,0.0384,0.24
SPADES ACE CLUBS KING,0.351,0.0044,0.6446
DIAMONDS TWO SPADES EIGHT,0.672,0.0102,0.3178
DIAMONDS ACE DIAMONDS KING,0.3434,0.0046,0.652
HEARTS FIVE SPADES SIX,0.624,0.0094,0.3666
SPADES JACK CLUBS ACE,0.2658,0.0136,0.7206
SPADES QUEEN CLUBS ACE,0.2794,0.012,0.7086
DIAMONDS ACE HEARTS EIGHT,0.434,0.0052,0.5608
SPADES TEN CLUBS TWO,0.6944,0.009,0.2966
SPADES FOUR HEARTS EIGHT,0.6684,0.008,0.3236
SPADES KING HEARTS NINE,0.414,0.005,0.581
DIAMONDS KING DIAMONDS NINE,0.4002,0.0076,0.5922
SPADES EIGHT HEARTS EIGHT,0.4684,0.0138,0.5178
DIAMONDS KING HEARTS NINE,0.4234,0.0092,0.5674
SPADES SIX HEARTS TEN,0.6832,0.0098,0.307
SPADES ACE HEARTS SIX,0.4392,0.004,0.5568
CLUBS TEN SPADES SEVEN,0.6722,0.0084,0.3194
HEARTS THREE CLUBS SIX,0.6518,0.0074,0.3408
SPADES NINE CLUBS QUEEN,0.6686,0.0936,0.2378
SPADES NINE HEARTS NINE,0.4478,0.01,0.5422
CLUBS FIVE DIAMONDS FOUR,0.632,0.0098,0.3582
CLUBS SEVEN CLUBS THREE,0.6188,0.01,0.3712
SPADES QUEEN HEARTS TWO,0.701,0.085,0.214
SPADES JACK HEARTS NINE,0.7164,0.0456,0.238
SPADES JACK DIAMONDS KING,0.2414,0.0256,0.733
SPADES THREE CLUBS ACE,0.4244,0.0022,0.5734
CLUBS EIGHT CLUBS ACE,0.4044,0.0046,0.591
HEARTS ACE CLUBS QUEEN,0.2506,0.0154,0.734
DIAMONDS SIX DIAMONDS FIVE,0.597,0.0128,0.3902
HEARTS SIX HEARTS FIVE,0.6034,0.0108,0.3858
DIAMONDS TEN DIAMONDS FIVE,0.6546,0.0102,0.3352
CLUBS SIX CLUBS THREE,0.5972,0.009,0.3938
CLUBS SIX DIAMONDS FIVE,0.6292,0.0084,0.3624
SPADES KING DIAMONDS KING,0.157,0.0044,0.8386
SPADES EIGHT DIAMONDS FOUR,0.6594,0.0122,0.3284
DIAMONDS ACE CLUBS KING,0.3488,0.0048,0.6464
HEARTS KING HEARTS EIGHT,0.4154,0.0082,0.5764
HEARTS SEVEN SPADES JACK,0.7338,0.0438,0.2224
HEARTS TWO SPADES SEVEN,0.6776,0.0124,0.31
CLUBS SIX DIAMONDS SEVEN,0.6384,0.0102,0.3514
HEARTS THREE HEARTS NINE,0.655,0.01,0.335
DIAMONDS SEVEN HEARTS NINE,0.6452,0.0112,0.3436
HEARTS TWO SPADES THREE,0.6542,0.0114,0.3344
CLUBS JACK DIAMONDS SIX,0.7342,0.0406,0.2252
HEARTS SIX DIAMONDS SIX,0.4844,0.011,0.5046
HEARTS THREE SPADES EIGHT,0.677,0.0112,0.3118
SPADES SEVEN CLUBS TWO,0.6654,0.0104,0.3242
HEARTS SIX HEARTS FOUR,0.6108,0.0108,0.3784
HEARTS FOUR CLUBS SEVEN,0.659,0.0114,0.3296
HEARTS SEVEN CLUBS QUEEN,0.689,0.0884,0.2226
DIAMONDS THREE HEARTS TWO,0.6566,0.012,0.3314
CLUBS TWO SPADES THREE,0.6604,0.0126,0.327
HEARTS SIX SPADES FIVE,0.6164,0.0114,0.3722
HEARTS TWO SPADES FIVE,0.6374,0.0098,0.3528
SPADES QUEEN DIAMONDS FIVE,0.6758,0.09,0.2342
CLUBS SIX CLUBS KING,0.4006,0.0054,0.594
CLUBS FIVE HEARTS ACE,0.4316,0.0038,0.5646
CLUBS FOUR DIAMONDS FOUR,0.4724,0.0162,0.5114
HEARTS SIX HEARTS TEN,0.6542,0.01,0.3358
DIAMONDS ACE CLUBS THREE,0.4326,0.0034,0.564
CLUBS TWO DIAMONDS FOUR,0.6488,0.0108,0.3404
DIAMONDS SIX CLUBS QUEEN,0.6818,0.0902,0.228
SPADES EIGHT HEARTS JACK,0.7318,0.0382,0.23
CLUBS SEVEN SPADES THREE,0.652,0.0092,0.3388
DIAMONDS KING DIAMONDS SEVEN,0.4196,0.0056,0.5748
CLUBS SEVEN SPADES TWO,0.6616,0.0104,0.328
SPADES KING DIAMONDS EIGHT,0.4292,0.007,0.5638
SPADES SIX DIAMONDS TEN,0.6864,0.009,0.3046
SPADES QUEEN SPADES FIVE,0.6276,0.0842,0.2882
DIAMONDS TEN HEARTS ACE,0.4012,0.0042,0.5946
SPADES ACE DIAMONDS EIGHT,0.426,0.0034,0.5706
CLUBS JACK DIAMONDS EIGHT,0.7234,0.0392,0.2374
CLUBS TEN SPADES TEN,0.4412,0.0098,0.549
SPADES QUEEN HEARTS JACK,0.016,0.973,0.011
SPADES EIGHT CLUBS QUEEN,0.6716,0.0928,0.2356
DIAMONDS TWO CLUBS QUEEN,0.678,0.0954,0.2266
