opposingHand,winningChance,drawChance,lostChance
DIAMONDS THREE CLUBS QUEEN
HEARTS FIVE SPADES TEN,0.6014,0.0108,0.3878
HEARTS FIVE SPADES JACK,0.5896,0.0116,0.3988
SPADES FIVE CLUBS JACK,0.6004,0.014,0.3856
CLUBS TEN SPADES FIVE,0.5952,0.0126,0.3922
CLUBS EIGHT CLUBS JACK,0.536,0.01,0.454
CLUBS TEN CLUBS EIGHT,0.5304,0.01,0.4596
CLUBS EIGHT CLUBS KING,0.3486,0.007,0.6444
SPADES FIVE CLUBS ACE,0.3368,0.005,0.6582
SPADES FIVE CLUBS KING,0.3636,0.0054,0.631
CLUBS EIGHT CLUBS ACE,0.3352,0.0054,0.6594
DIAMONDS TWO DIAMONDS FIVE,0.5808,0.0162,0.403
HEARTS FIVE SPADES KING,0.3556,0.0072,0.6372
DIAMONDS TWO DIAMONDS FOUR,0.5892,0.0146,0.3962
HEARTS FIVE SPADES QUEEN,0.2198,0.4574,0.3228
DIAMONDS TWO DIAMONDS SEVEN,0.5864,0.013,0.4006
DIAMONDS TWO DIAMONDS SIX,0.5884,0.0146,0.397
SPADES ACE HEARTS FIVE,0.3466,0.0044,0.649
DIAMONDS TWO DIAMONDS NINE,0.5976,0.015,0.3874
DIAMONDS TWO DIAMONDS EIGHT,0.5888,0.0152,0.396
CLUBS TWO SPADES FOUR,0.6222,0.0174,0.3604
SPADES FIVE CLUBS TWO,0.6148,0.0128,0.3724
CLUBS TWO SPADES TWO,0.4158,0.0396,0.5446
CLUBS TWO SPADES THREE,0.7084,0.0462,0.2454
SPADES EIGHT CLUBS TWO,0.6254,0.0146,0.36
SPADES NINE CLUBS TWO,0.6294,0.0152,0.3554
SPADES SIX CLUBS TWO,0.636,0.013,0.351
SPADES SEVEN CLUBS TWO,0.6332,0.0142,0.3526
CLUBS SIX CLUBS TWO,0.586,0.0138,0.4002
CLUBS SEVEN CLUBS TWO,0.5956,0.0166,0.3878
CLUBS FOUR CLUBS TWO,0.5894,0.015,0.3956
CLUBS FIVE CLUBS TWO,0.5724,0.0132,0.4144
CLUBS TEN CLUBS JACK,0.4968,0.0116,0.4916
DIAMONDS FOUR DIAMONDS SIX,0.5444,0.0158,0.4398
DIAMONDS FOUR DIAMONDS SEVEN,0.5576,0.012,0.4304
CLUBS TEN CLUBS KING,0.3206,0.006,0.6734
CLUBS TEN CLUBS ACE,0.3298,0.006,0.6642
CLUBS EIGHT CLUBS TWO,0.5816,0.0144,0.404
DIAMONDS FOUR DIAMONDS FIVE,0.5264,0.0152,0.4584
CLUBS NINE CLUBS TWO,0.5988,0.0132,0.388
DIAMONDS FOUR DIAMONDS NINE,0.5542,0.0132,0.4326
DIAMONDS FOUR DIAMONDS EIGHT,0.5558,0.0118,0.4324
CLUBS THREE CLUBS TWO,0.6762,0.0412,0.2826
DIAMONDS NINE DIAMONDS FIVE,0.5434,0.0134,0.4432
DIAMONDS TWO CLUBS JACK,0.6502,0.0142,0.3356
DIAMONDS FIVE DIAMONDS EIGHT,0.5426,0.0138,0.4436
CLUBS TEN DIAMONDS TWO,0.6204,0.0146,0.365
DIAMONDS FIVE DIAMONDS SEVEN,0.5306,0.0142,0.4552
DIAMONDS SIX DIAMONDS FIVE,0.5274,0.0138,0.4588
DIAMONDS TWO CLUBS ACE,0.3564,0.0056,0.638
DIAMONDS TWO CLUBS KING,0.3816,0.0084,0.61
DIAMONDS SIX DIAMONDS EIGHT,0.5282,0.0136,0.4582
DIAMONDS NINE DIAMONDS SIX,0.5448,0.0118,0.4434
HEARTS ACE SPADES THREE,0.2318,0.0218,0.7464
SPADES THREE HEARTS KING,0.238,0.0346,0.7274
DIAMONDS SIX DIAMONDS SEVEN,0.5232,0.0104,0.4664
HEARTS QUEEN SPADES THREE,0.019,0.9612,0.0198
SPADES THREE HEARTS JACK,0.713,0.0442,0.2428
SPADES THREE HEARTS TEN,0.7192,0.0448,0.236
DIAMONDS EIGHT DIAMONDS SEVEN,0.5106,0.0138,0.4756
DIAMONDS NINE DIAMONDS SEVEN,0.5318,0.013,0.4552
DIAMONDS NINE DIAMONDS EIGHT,0.5118,0.0114,0.4768
DIAMONDS KING HEARTS TEN,0.333,0.0068,0.6602
HEARTS THREE HEARTS TEN,0.6852,0.0404,0.2744
SPADES JACK CLUBS SIX,0.6068,0.0124,0.3808
DIAMONDS KING HEARTS JACK,0.3268,0.0074,0.6658
HEARTS THREE HEARTS JACK,0.6744,0.0444,0.2812
SPADES TEN CLUBS SIX,0.5776,0.011,0.4114
SPADES JACK SPADES FIVE,0.552,0.0094,0.4386
SPADES TEN SPADES FIVE,0.5452,0.0124,0.4424
DIAMONDS KING HEARTS ACE,0.3182,0.0076,0.6742
HEARTS THREE HEARTS ACE,0.2094,0.0206,0.77
SPADES ACE CLUBS SIX,0.366,0.0046,0.6294
DIAMONDS KING HEARTS QUEEN,0.2178,0.029,0.7532
HEARTS THREE HEARTS QUEEN,0.0202,0.911,0.0688
SPADES KING CLUBS SIX,0.3664,0.0052,0.6284
DIAMONDS KING HEARTS KING,0.1298,0.0038,0.8664
HEARTS THREE HEARTS KING,0.2252,0.0282,0.7466
SPADES QUEEN CLUBS SIX,0.2184,0.3966,0.385
SPADES NINE HEARTS TEN,0.5508,0.0092,0.44
SPADES NINE HEARTS JACK,0.5662,0.0102,0.4236
SPADES QUEEN SPADES FIVE,0.1948,0.4388,0.3664
SPADES KING SPADES FIVE,0.3276,0.0068,0.6656
SPADES ACE SPADES FIVE,0.3366,0.0032,0.6602
SPADES NINE HEARTS QUEEN,0.2324,0.1646,0.603
SPADES NINE HEARTS KING,0.3536,0.0062,0.6402
SPADES NINE HEARTS ACE,0.3652,0.004,0.6308
CLUBS TEN SPADES JACK,0.5334,0.0114,0.4552
CLUBS TEN SPADES TEN,0.288,0.015,0.697
SPADES ACE CLUBS TEN,0.3572,0.0058,0.637
SPADES KING CLUBS TEN,0.3608,0.0074,0.6318
CLUBS TEN SPADES QUEEN,0.2278,0.1138,0.6584
SPADES FIVE HEARTS QUEEN,0.2164,0.455,0.3286
SPADES FIVE HEARTS KING,0.3524,0.0064,0.6412
HEARTS ACE SPADES FIVE,0.3398,0.0054,0.6548
CLUBS EIGHT SPADES TEN,0.547,0.0132,0.4398
SPADES JACK HEARTS THREE,0.7208,0.0352,0.244
SPADES JACK DIAMONDS KING,0.337,0.0068,0.6562
SPADES TEN DIAMONDS KING,0.3366,0.009,0.6544
SPADES TEN HEARTS THREE,0.7176,0.043,0.2394
SPADES JACK CLUBS EIGHT,0.5628,0.0126,0.4246
CLUBS SIX HEARTS ACE,0.3642,0.005,0.6308
SPADES ACE CLUBS EIGHT,0.351,0.0048,0.6442
HEARTS FIVE CLUBS JACK,0.5844,0.015,0.4006
HEARTS FIVE CLUBS TEN,0.577,0.0124,0.4106
CLUBS SIX HEARTS QUEEN,0.2226,0.374,0.4034
SPADES QUEEN CLUBS EIGHT,0.2164,0.2372,0.5464
CLUBS TEN SPADES THREE,0.7312,0.0432,0.2256
CLUBS SIX HEARTS KING,0.363,0.01,0.627
SPADES KING CLUBS EIGHT,0.3722,0.0098,0.618
SPADES THREE CLUBS JACK,0.7358,0.04,0.2242
DIAMONDS TWO HEARTS JACK,0.6344,0.012,0.3536
DIAMONDS TWO HEARTS TEN,0.6418,0.0112,0.347
SPADES THREE CLUBS KING,0.2288,0.0354,0.7358
HEARTS FIVE CLUBS ACE,0.3418,0.0054,0.6528
SPADES FIVE HEARTS TEN,0.5932,0.0146,0.3922
SPADES THREE CLUBS ACE,0.235,0.0234,0.7416
HEARTS FIVE CLUBS KING,0.3574,0.0062,0.6364
SPADES FIVE HEARTS JACK,0.5934,0.015,0.3916
HEARTS THREE CLUBS KING,0.2314,0.0366,0.732
DIAMONDS KING CLUBS KING,0.1226,0.0056,0.8718
HEARTS FIVE HEARTS JACK,0.55,0.0104,0.4396
HEARTS FIVE HEARTS TEN,0.5582,0.012,0.4298
HEARTS THREE CLUBS ACE,0.2312,0.0226,0.7462
DIAMONDS KING CLUBS ACE,0.3046,0.0046,0.6908
HEARTS THREE CLUBS JACK,0.7154,0.041,0.2436
DIAMONDS KING CLUBS JACK,0.3348,0.0068,0.6584
CLUBS TEN HEARTS THREE,0.733,0.0416,0.2254
CLUBS TEN DIAMONDS KING,0.3354,0.0082,0.6564
CLUBS SIX CLUBS KING,0.3446,0.01,0.6454
CLUBS SIX CLUBS ACE,0.3308,0.0068,0.6624
HEARTS FIVE HEARTS KING,0.3272,0.0064,0.6664
HEARTS FIVE HEARTS QUEEN,0.2028,0.4336,0.3636
CLUBS TEN CLUBS SIX,0.5474,0.0128,0.4398
HEARTS FIVE HEARTS ACE,0.325,0.0052,0.6698
CLUBS SIX CLUBS JACK,0.5658,0.0096,0.4246
SPADES SEVEN HEARTS JACK,0.5912,0.0112,0.3976
SPADES SEVEN HEARTS TEN,0.5728,0.011,0.4162
DIAMONDS TWO CLUBS TWO,0.4276,0.0372,0.5352
DIAMONDS TWO CLUBS THREE,0.7092,0.0516,0.2392
DIAMONDS TWO HEARTS SIX,0.62,0.0116,0.3684
DIAMONDS TWO HEARTS QUEEN,0.2608,0.5138,0.2254
HEARTS SEVEN DIAMONDS TWO,0.6398,0.0144,0.3458
DIAMONDS TWO HEARTS KING,0.3814,0.01,0.6086
DIAMONDS TWO HEARTS EIGHT,0.6264,0.0162,0.3574
DIAMONDS TWO HEARTS ACE,0.3678,0.0052,0.627
DIAMONDS TWO HEARTS NINE,0.6202,0.0122,0.3676
DIAMONDS TWO DIAMONDS QUEEN,0.2614,0.4868,0.2518
DIAMONDS TWO HEARTS TWO,0.4358,0.0354,0.5288
DIAMONDS TWO DIAMONDS KING,0.3646,0.0088,0.6266
DIAMONDS TWO HEARTS THREE,0.7078,0.0438,0.2484
DIAMONDS TWO DIAMONDS ACE,0.3634,0.0068,0.6298
HEARTS FOUR DIAMONDS TWO,0.6134,0.0184,0.3682
HEARTS FIVE DIAMONDS TWO,0.6058,0.0144,0.3798
SPADES SEVEN HEARTS ACE,0.3702,0.0034,0.6264
DIAMONDS TWO DIAMONDS TEN,0.6148,0.0134,0.3718
SPADES SEVEN HEARTS KING,0.3578,0.008,0.6342
DIAMONDS TWO DIAMONDS JACK,0.601,0.0118,0.3872
SPADES SEVEN HEARTS QUEEN,0.2416,0.298,0.4604
DIAMONDS TWO SPADES NINE,0.6264,0.0142,0.3594
DIAMONDS TWO SPADES EIGHT,0.6168,0.0152,0.368
DIAMONDS TWO SPADES SEVEN,0.6382,0.0152,0.3466
DIAMONDS TWO SPADES SIX,0.6306,0.014,0.3554
DIAMONDS TWO SPADES FIVE,0.6138,0.0136,0.3726
DIAMONDS TWO SPADES FOUR,0.6078,0.0212,0.371
DIAMONDS TWO SPADES THREE,0.7092,0.0432,0.2476
DIAMONDS TWO SPADES TWO,0.416,0.0366,0.5474
CLUBS NINE DIAMONDS TWO,0.6242,0.0152,0.3606
DIAMONDS TWO CLUBS EIGHT,0.6314,0.0176,0.351
CLUBS SEVEN DIAMONDS TWO,0.6466,0.0152,0.3382
DIAMONDS TWO CLUBS SIX,0.6378,0.0134,0.3488
DIAMONDS TWO CLUBS FIVE,0.6162,0.0148,0.369
DIAMONDS TWO CLUBS FOUR,0.6264,0.0144,0.3592
CLUBS FOUR SPADES FIVE,0.573,0.0164,0.4106
CLUBS FOUR SPADES FOUR,0.3272,0.0358,0.637
CLUBS FOUR SPADES THREE,0.6796,0.038,0.2824
CLUBS FOUR SPADES TWO,0.626,0.014,0.36
SPADES NINE CLUBS FOUR,0.6028,0.0138,0.3834
SPADES EIGHT CLUBS FOUR,0.5952,0.0116,0.3932
SPADES SEVEN CLUBS FOUR,0.5788,0.0126,0.4086
CLUBS FOUR SPADES SIX,0.5744,0.0152,0.4104
SPADES ACE DIAMONDS SIX,0.3634,0.005,0.6316
SPADES QUEEN DIAMONDS SIX,0.2246,0.3758,0.3996
SPADES KING DIAMONDS SIX,0.3578,0.006,0.6362
SPADES TEN DIAMONDS SIX,0.5858,0.0084,0.4058
SPADES JACK DIAMONDS SIX,0.5936,0.0112,0.3952
SPADES QUEEN SPADES TWO,0.2516,0.4888,0.2596
SPADES KING SPADES TWO,0.3496,0.0088,0.6416
SPADES ACE SPADES TWO,0.3526,0.004,0.6434
DIAMONDS JACK CLUBS JACK,0.278,0.0106,0.7114
CLUBS TEN DIAMONDS JACK,0.5436,0.011,0.4454
DIAMONDS JACK CLUBS KING,0.321,0.0092,0.6698
DIAMONDS JACK CLUBS ACE,0.3236,0.0054,0.671
SPADES TEN SPADES NINE,0.5114,0.0084,0.4802
SPADES JACK SPADES NINE,0.524,0.011,0.465
DIAMONDS FOUR HEARTS JACK,0.5916,0.0138,0.3946
HEARTS ACE HEARTS KING,0.3054,0.0042,0.6904
SPADES TEN SPADES TWO,0.5916,0.0152,0.3932
DIAMONDS FOUR HEARTS TEN,0.5908,0.0138,0.3954
SPADES JACK SPADES TWO,0.5946,0.0112,0.3942
DIAMONDS FOUR HEARTS QUEEN,0.2126,0.5232,0.2642
DIAMONDS FOUR HEARTS KING,0.3586,0.0062,0.6352
SPADES ACE SPADES NINE,0.327,0.0052,0.6678
DIAMONDS FOUR HEARTS ACE,0.3444,0.0064,0.6492
SPADES KING SPADES NINE,0.3346,0.0058,0.6596
SPADES QUEEN SPADES NINE,0.215,0.1542,0.6308
CLUBS FIVE CLUBS SIX,0.5402,0.0114,0.4484
DIAMONDS FOUR CLUBS ACE,0.3498,0.0066,0.6436
CLUBS SEVEN CLUBS FIVE,0.5398,0.0134,0.4468
DIAMONDS FOUR CLUBS KING,0.353,0.0072,0.6398
CLUBS TEN DIAMONDS FOUR,0.593,0.0142,0.3928
DIAMONDS FOUR CLUBS JACK,0.602,0.0158,0.3822
SPADES SEVEN CLUBS ACE,0.3446,0.0036,0.6518
SPADES SEVEN CLUBS KING,0.36,0.008,0.632
CLUBS FIVE SPADES SEVEN,0.5708,0.0126,0.4166
CLUBS TEN SPADES SEVEN,0.5832,0.0124,0.4044
CLUBS FIVE SPADES SIX,0.5608,0.0128,0.4264
SPADES SEVEN CLUBS JACK,0.5874,0.0108,0.4018
CLUBS FIVE SPADES NINE,0.5884,0.0098,0.4018
CLUBS FIVE SPADES EIGHT,0.5672,0.0118,0.421
CLUBS FIVE SPADES THREE,0.6842,0.0416,0.2742
CLUBS FIVE SPADES TWO,0.6122,0.0138,0.374
CLUBS FIVE SPADES FIVE,0.319,0.0324,0.6486
CLUBS FIVE SPADES FOUR,0.5672,0.013,0.4198
CLUBS NINE CLUBS FIVE,0.5546,0.0112,0.4342
CLUBS EIGHT CLUBS FIVE,0.5432,0.0144,0.4424
DIAMONDS FOUR DIAMONDS TEN,0.5574,0.012,0.4306
CLUBS TEN DIAMONDS NINE,0.5304,0.0132,0.4564
DIAMONDS FOUR DIAMONDS JACK,0.5484,0.0134,0.4382
DIAMONDS NINE CLUBS JACK,0.5502,0.009,0.4408
SPADES NINE CLUBS JACK,0.5554,0.0108,0.4338
CLUBS TEN SPADES NINE,0.5434,0.0104,0.4462
DIAMONDS FOUR DIAMONDS ACE,0.3382,0.0076,0.6542
HEARTS FOUR DIAMONDS FOUR,0.328,0.0352,0.6368
DIAMONDS JACK HEARTS TEN,0.541,0.0106,0.4484
SPADES NINE CLUBS KING,0.3434,0.0076,0.649
DIAMONDS TWO SPADES TEN,0.619,0.0148,0.3662
DIAMONDS NINE CLUBS ACE,0.3602,0.0064,0.6334
HEARTS FIVE DIAMONDS FOUR,0.5678,0.0144,0.4178
DIAMONDS JACK HEARTS JACK,0.28,0.0096,0.7104
DIAMONDS TWO SPADES JACK,0.6338,0.0132,0.353
DIAMONDS FOUR DIAMONDS QUEEN,0.2136,0.4856,0.3008
DIAMONDS FOUR HEARTS TWO,0.6188,0.0118,0.3694
DIAMONDS FOUR DIAMONDS KING,0.3468,0.0112,0.642
DIAMONDS FOUR HEARTS THREE,0.6824,0.0464,0.2712
SPADES NINE CLUBS ACE,0.3644,0.0038,0.6318
DIAMONDS NINE CLUBS KING,0.3496,0.0086,0.6418
HEARTS ACE DIAMONDS JACK,0.3474,0.0046,0.648
SPADES ACE DIAMONDS TWO,0.3792,0.0058,0.615
HEARTS QUEEN DIAMONDS JACK,0.2388,0.0878,0.6734
SPADES QUEEN DIAMONDS TWO,0.2636,0.5302,0.2062
HEARTS KING DIAMONDS JACK,0.3252,0.009,0.6658
SPADES KING DIAMONDS TWO,0.3836,0.0086,0.6078
SPADES JACK SPADES SEVEN,0.5426,0.0112,0.4462
SPADES TEN SPADES SEVEN,0.5344,0.0124,0.4532
CLUBS SEVEN CLUBS THREE,0.6758,0.0392,0.285
CLUBS SIX CLUBS THREE,0.685,0.0384,0.2766
CLUBS FIVE CLUBS THREE,0.6546,0.0396,0.3058
CLUBS THREE CLUBS FOUR,0.6604,0.0436,0.296
CLUBS NINE CLUBS THREE,0.6962,0.0436,0.2602
CLUBS EIGHT CLUBS THREE,0.6884,0.0422,0.2694
CLUBS THREE SPADES FIVE,0.6756,0.038,0.2864
CLUBS THREE SPADES FOUR,0.6792,0.0472,0.2736
CLUBS THREE SPADES THREE,0.313,0.0302,0.6568
CLUBS THREE SPADES TWO,0.7026,0.0444,0.253
CLUBS THREE SPADES SIX,0.703,0.0346,0.2624
CLUBS THREE SPADES SEVEN,0.7162,0.0354,0.2484
SPADES EIGHT CLUBS THREE,0.7206,0.0414,0.238
SPADES NINE CLUBS THREE,0.7216,0.0456,0.2328
DIAMONDS FOUR SPADES TWO,0.5996,0.017,0.3834
DIAMONDS FOUR SPADES THREE,0.6752,0.0454,0.2794
DIAMONDS FOUR SPADES FOUR,0.3102,0.0356,0.6542
DIAMONDS FOUR SPADES FIVE,0.559,0.0166,0.4244
DIAMONDS FOUR SPADES SIX,0.556,0.0196,0.4244
DIAMONDS FOUR SPADES SEVEN,0.5814,0.0106,0.408
DIAMONDS FOUR SPADES EIGHT,0.581,0.0136,0.4054
DIAMONDS FOUR SPADES NINE,0.601,0.0136,0.3854
DIAMONDS FOUR CLUBS FIVE,0.5758,0.0136,0.4106
DIAMONDS FOUR CLUBS FOUR,0.3212,0.0352,0.6436
CLUBS SEVEN DIAMONDS FOUR,0.5782,0.0124,0.4094
DIAMONDS FOUR CLUBS SIX,0.5776,0.0134,0.409
CLUBS NINE DIAMONDS FOUR,0.5984,0.0116,0.39
CLUBS EIGHT DIAMONDS FOUR,0.5874,0.0166,0.396
HEARTS SEVEN DIAMONDS FOUR,0.5692,0.0154,0.4154
HEARTS SIX DIAMONDS FOUR,0.5754,0.0152,0.4094
DIAMONDS FOUR HEARTS NINE,0.5978,0.0154,0.3868
DIAMONDS FOUR HEARTS EIGHT,0.582,0.0148,0.4032
DIAMONDS FOUR CLUBS THREE,0.6872,0.0432,0.2696
DIAMONDS FOUR CLUBS TWO,0.614,0.0168,0.3692
DIAMONDS TEN DIAMONDS FIVE,0.5628,0.0132,0.424
DIAMONDS JACK DIAMONDS FIVE,0.5634,0.0124,0.4242
DIAMONDS NINE HEARTS QUEEN,0.2242,0.1672,0.6086
DIAMONDS NINE HEARTS KING,0.345,0.0068,0.6482
HEARTS ACE DIAMONDS NINE,0.3626,0.003,0.6344
DIAMONDS NINE HEARTS TEN,0.5504,0.0114,0.4382
DIAMONDS NINE HEARTS JACK,0.5504,0.0104,0.4392
DIAMONDS SIX CLUBS KING,0.3548,0.0074,0.6378
DIAMONDS SIX CLUBS ACE,0.364,0.0042,0.6318
SPADES KING DIAMONDS FOUR,0.3622,0.0082,0.6296
SPADES ACE SPADES SEVEN,0.3524,0.0046,0.643
SPADES QUEEN DIAMONDS FOUR,0.2178,0.5176,0.2646
SPADES QUEEN SPADES SEVEN,0.2112,0.2998,0.489
DIAMONDS SIX CLUBS JACK,0.6026,0.011,0.3864
SPADES KING SPADES SEVEN,0.3356,0.0072,0.6572
SPADES ACE DIAMONDS FOUR,0.351,0.0028,0.6462
CLUBS TEN DIAMONDS SIX,0.5858,0.012,0.4022
CLUBS NINE CLUBS FOUR,0.582,0.0112,0.4068
CLUBS EIGHT CLUBS FOUR,0.5566,0.0174,0.426
SPADES JACK DIAMONDS FOUR,0.5852,0.014,0.4008
DIAMONDS FOUR SPADES TEN,0.5824,0.0132,0.4044
CLUBS FIVE CLUBS FOUR,0.5402,0.0166,0.4432
CLUBS SEVEN CLUBS FOUR,0.5606,0.0118,0.4276
CLUBS SIX CLUBS FOUR,0.5544,0.0122,0.4334
CLUBS SEVEN SPADES EIGHT,0.5492,0.0098,0.441
CLUBS SEVEN SPADES NINE,0.5616,0.0128,0.4256
CLUBS SEVEN SPADES SIX,0.5644,0.0122,0.4234
CLUBS SEVEN SPADES SEVEN,0.3196,0.0272,0.6532
CLUBS SEVEN SPADES FIVE,0.5696,0.0122,0.4182
CLUBS SEVEN SPADES FOUR,0.5842,0.0142,0.4016
CLUBS SEVEN SPADES THREE,0.712,0.0422,0.2458
CLUBS SEVEN SPADES TWO,0.6446,0.0148,0.3406
CLUBS NINE CLUBS SEVEN,0.5282,0.0122,0.4596
CLUBS SEVEN CLUBS EIGHT,0.5234,0.0124,0.4642
HEARTS SIX DIAMONDS FIVE,0.5502,0.013,0.4368
HEARTS SEVEN DIAMONDS FIVE,0.5452,0.015,0.4398
DIAMONDS FIVE HEARTS EIGHT,0.5664,0.015,0.4186
DIAMONDS FIVE HEARTS NINE,0.5788,0.015,0.4062
DIAMONDS QUEEN DIAMONDS FIVE,0.2052,0.443,0.3518
HEARTS TWO DIAMONDS FIVE,0.6018,0.015,0.3832
HEARTS KING HEARTS EIGHT,0.3396,0.0072,0.6532
DIAMONDS KING DIAMONDS FIVE,0.3308,0.0108,0.6584
HEARTS THREE DIAMONDS FIVE,0.6764,0.0342,0.2894
HEARTS QUEEN HEARTS EIGHT,0.2098,0.2182,0.572
DIAMONDS ACE DIAMONDS FIVE,0.3346,0.0082,0.6572
HEARTS FOUR DIAMONDS FIVE,0.5472,0.0144,0.4384
HEARTS FIVE DIAMONDS FIVE,0.3144,0.0324,0.6532
HEARTS ACE HEARTS EIGHT,0.3324,0.0054,0.6622
CLUBS FOUR DIAMONDS FIVE,0.5642,0.0174,0.4184
CLUBS FIVE DIAMONDS FIVE,0.3162,0.0284,0.6554
CLUBS SIX DIAMONDS FIVE,0.5696,0.013,0.4174
CLUBS SEVEN DIAMONDS FIVE,0.564,0.0148,0.4212
CLUBS TWO DIAMONDS FIVE,0.6102,0.0148,0.375
CLUBS THREE DIAMONDS FIVE,0.683,0.0434,0.2736
SPADES THREE DIAMONDS FIVE,0.6672,0.0378,0.295
SPADES TWO DIAMONDS FIVE,0.6,0.0144,0.3856
SPADES JACK DIAMONDS EIGHT,0.5734,0.0112,0.4154
SPADES FIVE DIAMONDS FIVE,0.312,0.032,0.656
CLUBS TEN HEARTS JACK,0.535,0.012,0.453
SPADES TEN DIAMONDS EIGHT,0.5564,0.0102,0.4334
SPADES FOUR DIAMONDS FIVE,0.5478,0.0128,0.4394
HEARTS JACK CLUBS JACK,0.2814,0.0116,0.707
CLUBS NINE DIAMONDS FIVE,0.5806,0.0156,0.4038
HEARTS JACK CLUBS KING,0.3322,0.0068,0.661
CLUBS EIGHT DIAMONDS FIVE,0.5704,0.0122,0.4174
CLUBS ACE HEARTS JACK,0.347,0.005,0.648
SPADES SEVEN DIAMONDS FIVE,0.5776,0.0124,0.41
SPADES KING DIAMONDS EIGHT,0.3684,0.0064,0.6252
SPADES QUEEN DIAMONDS EIGHT,0.232,0.2186,0.5494
SPADES SIX DIAMONDS FIVE,0.5568,0.0138,0.4294
SPADES NINE DIAMONDS FIVE,0.5876,0.0144,0.398
SPADES EIGHT DIAMONDS FIVE,0.5734,0.0126,0.414
SPADES ACE DIAMONDS EIGHT,0.3668,0.0034,0.6298
DIAMONDS TEN DIAMONDS SIX,0.554,0.011,0.435
HEARTS ACE DIAMONDS SEVEN,0.3532,0.0044,0.6424
DIAMONDS JACK DIAMONDS SIX,0.5588,0.0106,0.4306
HEARTS QUEEN DIAMONDS SEVEN,0.2296,0.311,0.4594
HEARTS KING DIAMONDS SEVEN,0.3544,0.0078,0.6378
DIAMONDS ACE DIAMONDS SIX,0.3416,0.0036,0.6548
HEARTS FOUR DIAMONDS SIX,0.5726,0.013,0.4144
SPADES TWO HEARTS JACK,0.6226,0.0148,0.3626
HEARTS FIVE DIAMONDS SIX,0.5464,0.0142,0.4394
SPADES TWO HEARTS TEN,0.634,0.0124,0.3536
DIAMONDS QUEEN DIAMONDS SIX,0.2088,0.3656,0.4256
HEARTS TWO DIAMONDS SIX,0.6128,0.0162,0.371
DIAMONDS KING DIAMONDS SIX,0.3402,0.0082,0.6516
HEARTS THREE DIAMONDS SIX,0.698,0.0424,0.2596
DIAMONDS SIX HEARTS EIGHT,0.5602,0.011,0.4288
DIAMONDS SIX HEARTS NINE,0.5776,0.0098,0.4126
HEARTS SIX DIAMONDS SIX,0.3216,0.0312,0.6472
HEARTS SEVEN DIAMONDS SIX,0.5568,0.009,0.4342
HEARTS TEN DIAMONDS SEVEN,0.5678,0.0102,0.422
CLUBS TWO DIAMONDS SIX,0.613,0.0136,0.3734
HEARTS JACK DIAMONDS SEVEN,0.5818,0.0138,0.4044
CLUBS THREE DIAMONDS SIX,0.7098,0.0396,0.2506
CLUBS SEVEN DIAMONDS SIX,0.5544,0.0132,0.4324
DIAMONDS EIGHT CLUBS JACK,0.5516,0.0122,0.4362
CLUBS SIX DIAMONDS SIX,0.3156,0.03,0.6544
CLUBS TEN DIAMONDS EIGHT,0.5612,0.0128,0.426
CLUBS FIVE DIAMONDS SIX,0.558,0.0134,0.4286
CLUBS FOUR DIAMONDS SIX,0.5634,0.0146,0.422
HEARTS ACE HEARTS JACK,0.3222,0.0038,0.674
CLUBS ACE DIAMONDS EIGHT,0.3468,0.0046,0.6486
HEARTS QUEEN HEARTS JACK,0.209,0.0836,0.7074
CLUBS KING DIAMONDS EIGHT,0.343,0.0076,0.6494
CLUBS NINE DIAMONDS SIX,0.5728,0.0138,0.4134
HEARTS KING HEARTS JACK,0.3248,0.0078,0.6674
CLUBS EIGHT DIAMONDS SIX,0.5566,0.014,0.4294
SPADES TEN HEARTS KING,0.3392,0.0046,0.6562
SPADES FIVE DIAMONDS SIX,0.556,0.0134,0.4306
HEARTS ACE SPADES TWO,0.3744,0.0062,0.6194
SPADES JACK HEARTS KING,0.337,0.0074,0.6556
SPADES FOUR DIAMONDS SIX,0.5614,0.0168,0.4218
SPADES THREE DIAMONDS SIX,0.6922,0.0438,0.264
HEARTS QUEEN SPADES TWO,0.2666,0.5138,0.2196
SPADES ACE SPADES KING,0.295,0.0046,0.7004
HEARTS KING SPADES TWO,0.386,0.0094,0.6046
SPADES TWO DIAMONDS SIX,0.619,0.0166,0.3644
HEARTS TEN HEARTS EIGHT,0.5018,0.009,0.4892
SPADES NINE DIAMONDS SIX,0.5788,0.009,0.4122
HEARTS JACK HEARTS EIGHT,0.5264,0.01,0.4636
SPADES EIGHT DIAMONDS SIX,0.5532,0.0096,0.4372
SPADES SEVEN DIAMONDS SIX,0.5462,0.0116,0.4422
SPADES SIX DIAMONDS SIX,0.3216,0.0274,0.651
SPADES KING HEARTS KING,0.1394,0.0022,0.8584
SPADES QUEEN HEARTS KING,0.2306,0.03,0.7394
CLUBS ACE CLUBS KING,0.3044,0.0066,0.689
SPADES ACE HEARTS KING,0.3118,0.0044,0.6838
SPADES ACE HEARTS JACK,0.3538,0.0036,0.6426
SPADES QUEEN HEARTS JACK,0.2332,0.0982,0.6686
SPADES KING HEARTS JACK,0.3502,0.0064,0.6434
SPADES TEN DIAMONDS TEN,0.2834,0.0148,0.7018
SPADES JACK DIAMONDS TEN,0.5306,0.0094,0.46
SPADES ACE DIAMONDS TEN,0.3418,0.0044,0.6538
SPADES JACK HEARTS JACK,0.2668,0.01,0.7232
SPADES TEN HEARTS JACK,0.5474,0.007,0.4456
SPADES QUEEN DIAMONDS TEN,0.234,0.118,0.648
SPADES KING DIAMONDS TEN,0.3306,0.0054,0.664
SPADES NINE DIAMONDS SEVEN,0.5356,0.0128,0.4516
SPADES EIGHT DIAMONDS SEVEN,0.547,0.0114,0.4416
SPADES SEVEN DIAMONDS SEVEN,0.3082,0.0244,0.6674
SPADES SIX DIAMONDS SEVEN,0.5608,0.0138,0.4254
DIAMONDS KING DIAMONDS SEVEN,0.3384,0.0106,0.651
HEARTS THREE DIAMONDS SEVEN,0.6976,0.0368,0.2656
HEARTS KING DIAMONDS FIVE,0.3494,0.0106,0.64
DIAMONDS QUEEN DIAMONDS SEVEN,0.2264,0.2876,0.486
HEARTS TWO DIAMONDS SEVEN,0.6378,0.015,0.3472
HEARTS QUEEN DIAMONDS FIVE,0.2216,0.4622,0.3162
HEARTS FIVE DIAMONDS SEVEN,0.5628,0.0142,0.423
DIAMONDS ACE DIAMONDS SEVEN,0.3394,0.0048,0.6558
HEARTS FOUR DIAMONDS SEVEN,0.586,0.0112,0.4028
HEARTS ACE DIAMONDS FIVE,0.3282,0.0056,0.6662
HEARTS SEVEN DIAMONDS SEVEN,0.3052,0.0244,0.6704
HEARTS SIX DIAMONDS SEVEN,0.5538,0.0142,0.432
HEARTS NINE DIAMONDS SEVEN,0.5594,0.0094,0.4312
HEARTS EIGHT DIAMONDS SEVEN,0.545,0.011,0.444
DIAMONDS JACK DIAMONDS SEVEN,0.5548,0.0114,0.4338
HEARTS JACK DIAMONDS FIVE,0.5946,0.0124,0.393
DIAMONDS TEN DIAMONDS SEVEN,0.5344,0.0102,0.4554
HEARTS TEN DIAMONDS FIVE,0.6026,0.013,0.3844
SPADES KING CLUBS TWO,0.3948,0.0074,0.5978
HEARTS KING CLUBS KING,0.1258,0.0052,0.869
CLUBS EIGHT DIAMONDS SEVEN,0.552,0.0122,0.4358
SPADES QUEEN CLUBS TWO,0.273,0.5222,0.2048
CLUBS NINE DIAMONDS SEVEN,0.5594,0.0128,0.4278
SPADES TWO CLUBS JACK,0.636,0.0154,0.3486
SPADES ACE CLUBS TWO,0.3904,0.005,0.6046
CLUBS TEN SPADES TWO,0.6346,0.0142,0.3512
HEARTS KING CLUBS ACE,0.3022,0.0068,0.691
CLUBS SEVEN CLUBS SIX,0.5238,0.0106,0.4656
SPADES TWO CLUBS KING,0.3906,0.0094,0.6
SPADES TWO DIAMONDS SEVEN,0.621,0.0194,0.3596
CLUBS EIGHT CLUBS SIX,0.5452,0.0104,0.4444
SPADES THREE DIAMONDS SEVEN,0.7098,0.038,0.2522
CLUBS NINE CLUBS SIX,0.5444,0.014,0.4416
SPADES FOUR DIAMONDS SEVEN,0.5706,0.0142,0.4152
HEARTS KING CLUBS JACK,0.3298,0.0076,0.6626
SPADES FIVE DIAMONDS SEVEN,0.563,0.011,0.426
SPADES TWO CLUBS ACE,0.3688,0.0058,0.6254
CLUBS TEN HEARTS KING,0.3436,0.0064,0.65
CLUBS SIX SPADES TWO,0.627,0.0148,0.3582
CLUBS SIX SPADES THREE,0.7022,0.0406,0.2572
CLUBS TWO DIAMONDS SEVEN,0.6304,0.017,0.3526
CLUBS SIX SPADES FOUR,0.5628,0.0136,0.4236
CLUBS THREE DIAMONDS SEVEN,0.7064,0.04,0.2536
CLUBS SIX SPADES FIVE,0.5562,0.0164,0.4274
CLUBS FOUR DIAMONDS SEVEN,0.585,0.012,0.403
CLUBS SIX SPADES SIX,0.3214,0.0318,0.6468
CLUBS FIVE DIAMONDS SEVEN,0.5704,0.011,0.4186
CLUBS SIX SPADES SEVEN,0.5642,0.0118,0.424
CLUBS SIX DIAMONDS SEVEN,0.5772,0.0104,0.4124
CLUBS SIX SPADES EIGHT,0.574,0.0146,0.4114
SPADES JACK CLUBS TWO,0.6338,0.0126,0.3536
CLUBS SEVEN DIAMONDS SEVEN,0.319,0.0266,0.6544
SPADES NINE CLUBS SIX,0.5758,0.0114,0.4128
SPADES TEN CLUBS TWO,0.6488,0.0124,0.3388
CLUBS TWO CLUBS KING,0.3712,0.0094,0.6194
CLUBS THREE DIAMONDS EIGHT,0.7152,0.0434,0.2414
CLUBS TWO CLUBS ACE,0.3598,0.0056,0.6346
CLUBS TWO DIAMONDS EIGHT,0.623,0.0132,0.3638
HEARTS SEVEN DIAMONDS EIGHT,0.5344,0.0122,0.4534
HEARTS SIX DIAMONDS EIGHT,0.547,0.0136,0.4394
DIAMONDS EIGHT HEARTS NINE,0.531,0.0112,0.4578
CLUBS TEN CLUBS TWO,0.6014,0.0134,0.3852
HEARTS EIGHT DIAMONDS EIGHT,0.2874,0.02,0.6926
CLUBS TWO CLUBS JACK,0.5854,0.0158,0.3988
CLUBS NINE DIAMONDS EIGHT,0.5444,0.0096,0.446
CLUBS EIGHT DIAMONDS EIGHT,0.3072,0.0214,0.6714
CLUBS FIVE DIAMONDS EIGHT,0.5668,0.015,0.4182
SPADES ACE SPADES THREE,0.209,0.0206,0.7704
CLUBS FOUR DIAMONDS EIGHT,0.5898,0.0158,0.3944
CLUBS SEVEN DIAMONDS EIGHT,0.5436,0.0164,0.44
SPADES QUEEN SPADES THREE,0.0188,0.9082,0.073
CLUBS SIX DIAMONDS EIGHT,0.5546,0.013,0.4324
SPADES KING SPADES THREE,0.2234,0.0304,0.7462
DIAMONDS QUEEN DIAMONDS EIGHT,0.222,0.2118,0.5662
HEARTS TWO DIAMONDS EIGHT,0.6164,0.0176,0.366
DIAMONDS KING DIAMONDS EIGHT,0.3556,0.008,0.6364
HEARTS THREE DIAMONDS EIGHT,0.7084,0.0414,0.2502
DIAMONDS ACE DIAMONDS EIGHT,0.337,0.0062,0.6568
HEARTS FOUR DIAMONDS EIGHT,0.5778,0.0138,0.4084
HEARTS FIVE DIAMONDS EIGHT,0.567,0.0144,0.4186
DIAMONDS TEN DIAMONDS EIGHT,0.5372,0.0126,0.4502
DIAMONDS JACK DIAMONDS EIGHT,0.5412,0.0104,0.4484
SPADES JACK SPADES THREE,0.6752,0.0402,0.2846
SPADES TEN SPADES THREE,0.6752,0.0418,0.283
CLUBS FOUR HEARTS ACE,0.3504,0.0042,0.6454
CLUBS FOUR HEARTS QUEEN,0.2132,0.5244,0.2624
CLUBS FOUR HEARTS KING,0.3522,0.0084,0.6394
CLUBS SIX HEARTS TEN,0.5774,0.0156,0.407
CLUBS SIX HEARTS JACK,0.601,0.0104,0.3886
SPADES FOUR DIAMONDS EIGHT,0.582,0.0148,0.4032
SPADES FIVE DIAMONDS EIGHT,0.5732,0.0096,0.4172
SPADES TWO DIAMONDS EIGHT,0.6314,0.0132,0.3554
SPADES THREE DIAMONDS EIGHT,0.7156,0.0402,0.2442
CLUBS FOUR HEARTS JACK,0.5914,0.0126,0.396
SPADES EIGHT DIAMONDS EIGHT,0.2984,0.0218,0.6798
SPADES TEN DIAMONDS QUEEN,0.218,0.116,0.666
SPADES TEN HEARTS TWO,0.6238,0.0128,0.3634
SPADES JACK HEARTS EIGHT,0.5774,0.0106,0.412
CLUBS FOUR HEARTS TEN,0.6084,0.0126,0.379
SPADES NINE DIAMONDS EIGHT,0.5334,0.0124,0.4542
SPADES TEN HEARTS EIGHT,0.556,0.011,0.433
SPADES JACK HEARTS TWO,0.629,0.0134,0.3576
SPADES JACK DIAMONDS QUEEN,0.2298,0.0912,0.679
SPADES SIX DIAMONDS EIGHT,0.5516,0.011,0.4374
SPADES SEVEN DIAMONDS EIGHT,0.532,0.011,0.457
SPADES ACE HEARTS TWO,0.381,0.006,0.613
SPADES ACE DIAMONDS QUEEN,0.2242,0.0176,0.7582
SPADES ACE HEARTS EIGHT,0.3596,0.0034,0.637
SPADES KING HEARTS EIGHT,0.3608,0.006,0.6332
SPADES QUEEN HEARTS TWO,0.268,0.509,0.223
SPADES QUEEN DIAMONDS QUEEN,0.0724,0.0208,0.9068
SPADES KING DIAMONDS QUEEN,0.2282,0.028,0.7438
SPADES KING HEARTS TWO,0.3824,0.01,0.6076
SPADES QUEEN HEARTS EIGHT,0.2302,0.2198,0.55
CLUBS TWO HEARTS TEN,0.6236,0.0114,0.365
CLUBS TWO HEARTS JACK,0.6338,0.01,0.3562
SPADES SEVEN DIAMONDS NINE,0.5524,0.012,0.4356
SPADES SIX DIAMONDS NINE,0.5624,0.0138,0.4238
SPADES NINE DIAMONDS NINE,0.2932,0.0166,0.6902
SPADES EIGHT DIAMONDS NINE,0.5392,0.012,0.4488
SPADES TEN CLUBS KING,0.3404,0.0082,0.6514
DIAMONDS NINE SPADES THREE,0.7188,0.0406,0.2406
SPADES JACK CLUBS KING,0.3252,0.0094,0.6654
DIAMONDS NINE SPADES TWO,0.6252,0.0136,0.3612
SPADES FIVE DIAMONDS NINE,0.5806,0.013,0.4064
DIAMONDS NINE SPADES FOUR,0.5946,0.0124,0.393
CLUBS NINE DIAMONDS NINE,0.2988,0.0186,0.6826
CLUBS EIGHT DIAMONDS NINE,0.533,0.0104,0.4566
CLUBS SIX DIAMONDS NINE,0.568,0.0162,0.4158
SPADES JACK CLUBS FOUR,0.5996,0.0138,0.3866
CLUBS SEVEN DIAMONDS NINE,0.5626,0.0114,0.426
SPADES TEN CLUBS FOUR,0.595,0.0132,0.3918
CLUBS FOUR DIAMONDS NINE,0.6022,0.0128,0.385
CLUBS FIVE DIAMONDS NINE,0.5968,0.0118,0.3914
CLUBS TWO DIAMONDS NINE,0.638,0.0138,0.3482
CLUBS THREE DIAMONDS NINE,0.7294,0.0448,0.2258
DIAMONDS NINE HEARTS EIGHT,0.547,0.0124,0.4406
DIAMONDS NINE HEARTS NINE,0.2982,0.0156,0.6862
HEARTS SIX DIAMONDS NINE,0.5658,0.0126,0.4216
HEARTS SEVEN DIAMONDS NINE,0.5608,0.0104,0.4288
CLUBS NINE CLUBS EIGHT,0.5178,0.0102,0.472
DIAMONDS ACE DIAMONDS NINE,0.3434,0.0052,0.6514
HEARTS FOUR DIAMONDS NINE,0.5942,0.014,0.3918
HEARTS FIVE DIAMONDS NINE,0.5772,0.0132,0.4096
HEARTS ACE CLUBS TWO,0.3834,0.0078,0.6088
SPADES ACE CLUBS FOUR,0.3506,0.005,0.6444
DIAMONDS NINE DIAMONDS QUEEN,0.223,0.1558,0.6212
HEARTS TWO DIAMONDS NINE,0.6256,0.012,0.3624
CLUBS TWO HEARTS KING,0.3848,0.0108,0.6044
SPADES KING CLUBS FOUR,0.362,0.0068,0.6312
DIAMONDS KING DIAMONDS NINE,0.34,0.0068,0.6532
HEARTS THREE DIAMONDS NINE,0.7104,0.0438,0.2458
CLUBS TWO HEARTS QUEEN,0.2618,0.5188,0.2194
SPADES QUEEN CLUBS FOUR,0.2172,0.5218,0.261
DIAMONDS NINE DIAMONDS JACK,0.5248,0.0114,0.4638
CLUBS EIGHT SPADES NINE,0.5472,0.0124,0.4404
DIAMONDS TEN DIAMONDS NINE,0.519,0.0112,0.4698
CLUBS EIGHT SPADES EIGHT,0.3142,0.0216,0.6642
CLUBS EIGHT SPADES SEVEN,0.5406,0.0116,0.4478
CLUBS EIGHT SPADES SIX,0.562,0.013,0.425
CLUBS EIGHT SPADES FIVE,0.5702,0.013,0.4168
CLUBS EIGHT SPADES FOUR,0.5848,0.0126,0.4026
CLUBS EIGHT SPADES THREE,0.7088,0.0412,0.25
CLUBS EIGHT SPADES TWO,0.6238,0.0168,0.3594
HEARTS SIX DIAMONDS TEN,0.5772,0.0148,0.408
HEARTS SEVEN DIAMONDS TEN,0.5522,0.0118,0.436
DIAMONDS TEN HEARTS EIGHT,0.551,0.012,0.437
CLUBS FOUR CLUBS JACK,0.5632,0.0134,0.4234
DIAMONDS TEN HEARTS NINE,0.5458,0.0104,0.4438
CLUBS TEN CLUBS FOUR,0.5708,0.0142,0.415
CLUBS FOUR CLUBS KING,0.3324,0.0086,0.659
DIAMONDS TEN CLUBS TWO,0.625,0.0152,0.3598
CLUBS THREE DIAMONDS TEN,0.7266,0.0452,0.2282
CLUBS FOUR CLUBS ACE,0.32,0.005,0.675
DIAMONDS TEN DIAMONDS JACK,0.5066,0.0084,0.485
DIAMONDS TEN DIAMONDS QUEEN,0.2188,0.1112,0.67
HEARTS TWO DIAMONDS TEN,0.6242,0.0158,0.36
DIAMONDS KING DIAMONDS TEN,0.3252,0.0072,0.6676
HEARTS THREE DIAMONDS TEN,0.7084,0.0414,0.2502
DIAMONDS ACE DIAMONDS TEN,0.32,0.0052,0.6748
HEARTS FOUR DIAMONDS TEN,0.5906,0.0132,0.3962
CLUBS EIGHT HEARTS JACK,0.575,0.0114,0.4136
HEARTS FIVE DIAMONDS TEN,0.6006,0.0108,0.3886
CLUBS EIGHT HEARTS TEN,0.5588,0.0106,0.4306
CLUBS EIGHT HEARTS QUEEN,0.2302,0.226,0.5438
CLUBS EIGHT HEARTS KING,0.3656,0.0106,0.6238
CLUBS EIGHT HEARTS ACE,0.3424,0.0048,0.6528
CLUBS NINE SPADES THREE,0.7224,0.046,0.2316
CLUBS NINE SPADES TWO,0.6208,0.017,0.3622
CLUBS NINE SPADES FIVE,0.5994,0.0134,0.3872
CLUBS NINE SPADES FOUR,0.6062,0.0132,0.3806
CLUBS NINE SPADES SEVEN,0.5468,0.0112,0.442
CLUBS NINE SPADES SIX,0.574,0.011,0.415
CLUBS NINE SPADES NINE,0.3058,0.0204,0.6738
CLUBS TEN HEARTS EIGHT,0.5422,0.0102,0.4476
CLUBS NINE SPADES EIGHT,0.5464,0.0098,0.4438
HEARTS EIGHT CLUBS JACK,0.5734,0.0098,0.4168
CLUBS KING HEARTS EIGHT,0.3562,0.0076,0.6362
CLUBS ACE HEARTS EIGHT,0.3482,0.0038,0.648
SPADES KING CLUBS KING,0.127,0.0046,0.8684
SPADES QUEEN CLUBS KING,0.212,0.0326,0.7554
SPADES ACE CLUBS KING,0.3164,0.0052,0.6784
DIAMONDS ACE HEARTS TEN,0.347,0.0052,0.6478
HEARTS FOUR HEARTS TEN,0.554,0.0118,0.4342
DIAMONDS ACE HEARTS JACK,0.342,0.0048,0.6532
HEARTS FOUR HEARTS JACK,0.5554,0.0096,0.435
SPADES KING CLUBS FIVE,0.3554,0.008,0.6366
SPADES QUEEN CLUBS FIVE,0.2222,0.4662,0.3116
SPADES ACE CLUBS FIVE,0.3446,0.0036,0.6518
HEARTS SEVEN DIAMONDS JACK,0.572,0.0116,0.4164
HEARTS SIX DIAMONDS JACK,0.5822,0.0138,0.404
DIAMONDS JACK HEARTS NINE,0.5544,0.0088,0.4368
DIAMONDS JACK HEARTS EIGHT,0.5654,0.012,0.4226
DIAMONDS KING DIAMONDS JACK,0.315,0.0112,0.6738
HEARTS THREE DIAMONDS JACK,0.7206,0.0458,0.2336
SPADES ACE SPADES SIX,0.341,0.0046,0.6544
HEARTS ACE SPADES FOUR,0.3404,0.0066,0.653
DIAMONDS QUEEN DIAMONDS JACK,0.2206,0.1008,0.6786
HEARTS TWO DIAMONDS JACK,0.6234,0.0156,0.361
HEARTS FIVE DIAMONDS JACK,0.5924,0.0122,0.3954
SPADES QUEEN SPADES SIX,0.2064,0.3502,0.4434
SPADES FOUR HEARTS QUEEN,0.2238,0.4994,0.2768
DIAMONDS ACE DIAMONDS JACK,0.3246,0.005,0.6704
HEARTS FOUR DIAMONDS JACK,0.5902,0.0124,0.3974
SPADES KING SPADES SIX,0.3324,0.0064,0.6612
SPADES FOUR HEARTS KING,0.3532,0.0072,0.6396
SPADES TEN SPADES SIX,0.5546,0.0118,0.4336
SPADES JACK SPADES SIX,0.556,0.012,0.432
SPADES FOUR DIAMONDS JACK,0.596,0.013,0.391
SPADES FIVE DIAMONDS JACK,0.5946,0.013,0.3924
DIAMONDS JACK SPADES TWO,0.6208,0.0132,0.366
SPADES THREE DIAMONDS JACK,0.7148,0.045,0.2402
CLUBS EIGHT DIAMONDS JACK,0.5552,0.0118,0.433
CLUBS NINE DIAMONDS JACK,0.5558,0.0112,0.433
CLUBS SIX DIAMONDS JACK,0.5886,0.0142,0.3972
CLUBS SEVEN DIAMONDS JACK,0.5784,0.0114,0.4102
CLUBS FOUR DIAMONDS JACK,0.5898,0.0142,0.396
CLUBS FIVE DIAMONDS JACK,0.5858,0.0158,0.3984
CLUBS TWO DIAMONDS JACK,0.6314,0.0146,0.354
CLUBS THREE DIAMONDS JACK,0.7194,0.0504,0.2302
SPADES TEN CLUBS FIVE,0.5928,0.0124,0.3948
SPADES JACK HEARTS SIX,0.5982,0.0122,0.3896
HEARTS SIX SPADES TEN,0.5888,0.0116,0.3996
SPADES JACK CLUBS FIVE,0.611,0.0118,0.3772
CLUBS SEVEN CLUBS ACE,0.3464,0.0052,0.6484
CLUBS SEVEN CLUBS KING,0.3266,0.01,0.6634
SPADES NINE DIAMONDS JACK,0.5386,0.0106,0.4508
CLUBS TEN CLUBS SEVEN,0.55,0.0114,0.4386
DIAMONDS ACE HEARTS ACE,0.1146,0.0046,0.8808
HEARTS FOUR HEARTS ACE,0.3152,0.0068,0.678
SPADES EIGHT DIAMONDS JACK,0.57,0.0132,0.4168
SPADES ACE HEARTS SIX,0.361,0.0044,0.6346
CLUBS SEVEN CLUBS JACK,0.5594,0.0112,0.4294
DIAMONDS ACE HEARTS KING,0.307,0.0064,0.6866
HEARTS FOUR HEARTS KING,0.344,0.0078,0.6482
SPADES SEVEN DIAMONDS JACK,0.5784,0.0116,0.41
SPADES KING HEARTS SIX,0.3584,0.0064,0.6352
DIAMONDS ACE HEARTS QUEEN,0.2266,0.0162,0.7572
HEARTS FOUR HEARTS QUEEN,0.2098,0.4968,0.2934
SPADES QUEEN HEARTS SIX,0.2362,0.3632,0.4006
SPADES SIX DIAMONDS JACK,0.6026,0.0098,0.3876
DIAMONDS TEN SPADES TWO,0.628,0.0138,0.3582
DIAMONDS TEN SPADES THREE,0.7078,0.0488,0.2434
DIAMONDS TEN SPADES FOUR,0.591,0.0136,0.3954
DIAMONDS TEN SPADES FIVE,0.5832,0.008,0.4088
SPADES SIX DIAMONDS TEN,0.5768,0.0108,0.4124
SPADES SEVEN DIAMONDS TEN,0.5718,0.0094,0.4188
SPADES EIGHT DIAMONDS TEN,0.555,0.0102,0.4348
SPADES NINE DIAMONDS TEN,0.5258,0.0118,0.4624
CLUBS FOUR DIAMONDS TEN,0.5834,0.0138,0.4028
CLUBS FIVE DIAMONDS TEN,0.5924,0.0158,0.3918
CLUBS SIX DIAMONDS TEN,0.5828,0.0126,0.4046
CLUBS SEVEN DIAMONDS TEN,0.5682,0.0128,0.419
CLUBS EIGHT DIAMONDS TEN,0.5412,0.0136,0.4452
CLUBS NINE DIAMONDS TEN,0.5398,0.0126,0.4476
SPADES FOUR HEARTS JACK,0.5898,0.0142,0.396
SPADES FOUR HEARTS TEN,0.5914,0.0136,0.395
SPADES FIVE SPADES TWO,0.564,0.0152,0.4208
SPADES FOUR SPADES TWO,0.563,0.0138,0.4232
SPADES THREE SPADES TWO,0.667,0.0432,0.2898
SPADES NINE SPADES TWO,0.584,0.0132,0.4028
SPADES EIGHT SPADES TWO,0.577,0.0148,0.4082
SPADES SEVEN SPADES TWO,0.5844,0.0166,0.399
SPADES SIX SPADES TWO,0.5898,0.013,0.3972
CLUBS THREE DIAMONDS QUEEN,0.0084,0.9848,0.0068
CLUBS THREE HEARTS TWO,0.7228,0.0386,0.2386
CLUBS TWO DIAMONDS QUEEN,0.2626,0.525,0.2124
HEARTS TWO CLUBS TWO,0.4288,0.0384,0.5328
HEARTS SEVEN DIAMONDS QUEEN,0.2226,0.3196,0.4578
HEARTS SEVEN HEARTS TWO,0.5806,0.0142,0.4052
HEARTS SIX DIAMONDS QUEEN,0.2318,0.3648,0.4034
HEARTS SIX HEARTS TWO,0.5886,0.0122,0.3992
DIAMONDS QUEEN HEARTS NINE,0.2222,0.167,0.6108
HEARTS TWO HEARTS NINE,0.5836,0.0128,0.4036
DIAMONDS QUEEN HEARTS EIGHT,0.2162,0.2314,0.5524
HEARTS TWO HEARTS EIGHT,0.5794,0.0148,0.4058
CLUBS NINE HEARTS TWO,0.634,0.0124,0.3536
CLUBS NINE DIAMONDS QUEEN,0.2262,0.1646,0.6092
CLUBS EIGHT HEARTS TWO,0.639,0.0144,0.3466
CLUBS EIGHT DIAMONDS QUEEN,0.2184,0.2284,0.5532
CLUBS FIVE DIAMONDS QUEEN,0.2058,0.4634,0.3308
CLUBS FIVE HEARTS TWO,0.615,0.0154,0.3696
SPADES EIGHT HEARTS ACE,0.3642,0.0042,0.6316
CLUBS FOUR DIAMONDS QUEEN,0.2212,0.5302,0.2486
CLUBS FOUR HEARTS TWO,0.6086,0.0156,0.3758
CLUBS SEVEN DIAMONDS QUEEN,0.2246,0.2936,0.4818
CLUBS SEVEN HEARTS TWO,0.6334,0.0144,0.3522
SPADES EIGHT HEARTS QUEEN,0.2212,0.2304,0.5484
CLUBS SIX DIAMONDS QUEEN,0.2268,0.3764,0.3968
CLUBS SIX HEARTS TWO,0.6198,0.016,0.3642
SPADES EIGHT HEARTS KING,0.3572,0.0052,0.6376
HEARTS TWO SPADES SIX,0.622,0.0132,0.3648
SPADES SIX DIAMONDS QUEEN,0.2206,0.3918,0.3876
SPADES SEVEN DIAMONDS QUEEN,0.2108,0.3224,0.4668
SPADES SEVEN HEARTS TWO,0.6376,0.009,0.3534
HEARTS FOUR CLUBS KING,0.3656,0.011,0.6234
DIAMONDS ACE CLUBS KING,0.3144,0.0046,0.681
SPADES EIGHT DIAMONDS QUEEN,0.2306,0.2174,0.552
SPADES EIGHT HEARTS TWO,0.6242,0.0116,0.3642
HEARTS FOUR CLUBS ACE,0.3516,0.0066,0.6418
DIAMONDS ACE CLUBS ACE,0.1076,0.0056,0.8868
SPADES NINE DIAMONDS QUEEN,0.223,0.165,0.612
SPADES NINE HEARTS TWO,0.635,0.0154,0.3496
HEARTS TWO SPADES TWO,0.433,0.0396,0.5274
DIAMONDS QUEEN SPADES TWO,0.2646,0.5216,0.2138
HEARTS TWO SPADES THREE,0.6926,0.0492,0.2582
DIAMONDS QUEEN SPADES THREE,0.0124,0.9696,0.018
HEARTS TWO SPADES FOUR,0.6062,0.0134,0.3804
SPADES FOUR DIAMONDS QUEEN,0.2096,0.5234,0.267
CLUBS TEN HEARTS FOUR,0.5934,0.0114,0.3952
CLUBS TEN DIAMONDS ACE,0.3434,0.0066,0.65
HEARTS TWO SPADES FIVE,0.5894,0.016,0.3946
SPADES FIVE DIAMONDS QUEEN,0.207,0.4722,0.3208
HEARTS FOUR CLUBS JACK,0.5938,0.0136,0.3926
DIAMONDS ACE CLUBS JACK,0.346,0.0046,0.6494
CLUBS FIVE CLUBS KING,0.336,0.0108,0.6532
CLUBS FIVE CLUBS ACE,0.3262,0.0058,0.668
CLUBS FIVE CLUBS JACK,0.5696,0.0128,0.4176
CLUBS TEN CLUBS FIVE,0.5738,0.0124,0.4138
SPADES KING CLUBS JACK,0.3334,0.0058,0.6608
SPADES QUEEN CLUBS JACK,0.2402,0.0908,0.669
SPADES ACE CLUBS JACK,0.3556,0.0054,0.639
SPADES SIX CLUBS KING,0.347,0.0072,0.6458
SPADES EIGHT HEARTS JACK,0.5562,0.0096,0.4342
SPADES SIX CLUBS ACE,0.3618,0.0052,0.633
SPADES EIGHT HEARTS TEN,0.5446,0.0088,0.4466
SPADES SIX CLUBS JACK,0.5922,0.0124,0.3954
CLUBS TEN SPADES SIX,0.5794,0.013,0.4076
SPADES TEN CLUBS JACK,0.5344,0.0074,0.4582
SPADES JACK CLUBS JACK,0.2776,0.0098,0.7126
SPADES QUEEN CLUBS SEVEN,0.2302,0.2982,0.4716
SPADES KING CLUBS SEVEN,0.3648,0.0062,0.629
SPADES ACE CLUBS SEVEN,0.36,0.0074,0.6326
SPADES SIX HEARTS TEN,0.5802,0.011,0.4088
SPADES SIX HEARTS JACK,0.5924,0.015,0.3926
SPADES SIX HEARTS ACE,0.3638,0.0046,0.6316
SPADES SIX HEARTS KING,0.3636,0.0054,0.631
SPADES SIX HEARTS QUEEN,0.23,0.371,0.399
CLUBS SEVEN SPADES JACK,0.582,0.0094,0.4086
CLUBS SEVEN SPADES TEN,0.5716,0.0144,0.414
CLUBS TEN HEARTS SIX,0.5928,0.0104,0.3968
HEARTS SIX CLUBS JACK,0.5942,0.0128,0.393
CLUBS ACE CLUBS JACK,0.3214,0.0048,0.6738
HEARTS SIX CLUBS KING,0.3492,0.01,0.6408
HEARTS SIX CLUBS ACE,0.3618,0.0044,0.6338
CLUBS KING CLUBS JACK,0.3248,0.0072,0.668
CLUBS FIVE HEARTS JACK,0.591,0.0136,0.3954
SPADES TEN DIAMONDS ACE,0.3408,0.004,0.6552
HEARTS FOUR SPADES TEN,0.6006,0.0126,0.3868
CLUBS FIVE HEARTS TEN,0.612,0.01,0.378
HEARTS FOUR SPADES JACK,0.5958,0.0108,0.3934
SPADES JACK DIAMONDS ACE,0.3396,0.004,0.6564
SPADES ACE HEARTS FOUR,0.3564,0.0048,0.6388
SPADES ACE DIAMONDS ACE,0.1154,0.005,0.8796
CLUBS FIVE HEARTS ACE,0.3402,0.005,0.6548
CLUBS FIVE HEARTS KING,0.3524,0.009,0.6386
HEARTS FOUR SPADES QUEEN,0.2102,0.536,0.2538
SPADES QUEEN DIAMONDS ACE,0.2252,0.019,0.7558
SPADES FOUR CLUBS JACK,0.6038,0.0104,0.3858
CLUBS FIVE HEARTS QUEEN,0.2192,0.466,0.3148
SPADES KING DIAMONDS ACE,0.3074,0.003,0.6896
SPADES KING HEARTS FOUR,0.3602,0.0098,0.63
CLUBS TEN SPADES FOUR,0.6032,0.0104,0.3864
DIAMONDS ACE DIAMONDS QUEEN,0.2112,0.0166,0.7722
DIAMONDS ACE HEARTS TWO,0.3666,0.004,0.6294
HEARTS FOUR DIAMONDS QUEEN,0.2154,0.5132,0.2714
HEARTS FOUR HEARTS TWO,0.5766,0.0152,0.4082
SPADES FOUR CLUBS KING,0.3582,0.01,0.6318
HEARTS FIVE DIAMONDS QUEEN,0.2106,0.4668,0.3226
HEARTS FIVE HEARTS TWO,0.5744,0.013,0.4126
HEARTS TWO DIAMONDS QUEEN,0.2536,0.5314,0.215
DIAMONDS KING DIAMONDS QUEEN,0.2218,0.0304,0.7478
DIAMONDS KING HEARTS TWO,0.3822,0.0068,0.611
HEARTS THREE DIAMONDS QUEEN,0.0108,0.9746,0.0146
HEARTS THREE HEARTS TWO,0.6632,0.0422,0.2946
SPADES FOUR CLUBS ACE,0.3376,0.005,0.6574
HEARTS TWO CLUBS ACE,0.3692,0.006,0.6248
DIAMONDS QUEEN CLUBS ACE,0.2206,0.017,0.7624
HEARTS TWO CLUBS KING,0.3822,0.011,0.6068
DIAMONDS QUEEN CLUBS KING,0.2082,0.0296,0.7622
SPADES EIGHT SPADES FIVE,0.5372,0.0118,0.451
CLUBS TEN HEARTS TWO,0.636,0.0138,0.3502
CLUBS TEN DIAMONDS QUEEN,0.221,0.1198,0.6592
SPADES NINE SPADES FIVE,0.54,0.012,0.448
HEARTS TWO CLUBS JACK,0.6274,0.0122,0.3604
DIAMONDS QUEEN CLUBS JACK,0.2294,0.1024,0.6682
SPADES SIX SPADES FIVE,0.528,0.0138,0.4582
SPADES SEVEN SPADES FIVE,0.516,0.0136,0.4704
SPADES EIGHT CLUBS ACE,0.3548,0.0038,0.6414
DIAMONDS FIVE CLUBS KING,0.3448,0.0092,0.646
SPADES EIGHT CLUBS KING,0.3588,0.0072,0.634
CLUBS ACE DIAMONDS FIVE,0.3466,0.0058,0.6476
SPADES EIGHT CLUBS JACK,0.5638,0.0118,0.4244
CLUBS TEN SPADES EIGHT,0.559,0.0146,0.4264
CLUBS TEN DIAMONDS FIVE,0.605,0.0102,0.3848
DIAMONDS FIVE CLUBS JACK,0.5832,0.0142,0.4026
DIAMONDS TEN HEARTS JACK,0.5274,0.0116,0.461
DIAMONDS TEN HEARTS TEN,0.2858,0.0138,0.7004
SPADES ACE CLUBS NINE,0.3628,0.0046,0.6326
CLUBS NINE SPADES QUEEN,0.224,0.1766,0.5994
CLUBS NINE SPADES KING,0.3542,0.0086,0.6372
HEARTS SIX HEARTS KING,0.3394,0.0082,0.6524
DIAMONDS KING SPADES SEVEN,0.3516,0.0068,0.6416
HEARTS THREE SPADES SEVEN,0.6932,0.0432,0.2636
SPADES KING DIAMONDS SEVEN,0.3562,0.0098,0.634
HEARTS SIX HEARTS QUEEN,0.2132,0.359,0.4278
SPADES QUEEN DIAMONDS SEVEN,0.221,0.3022,0.4768
HEARTS THREE SPADES SIX,0.7002,0.0352,0.2646
DIAMONDS KING SPADES SIX,0.3514,0.0078,0.6408
SPADES NINE DIAMONDS KING,0.3412,0.0082,0.6506
SPADES NINE HEARTS THREE,0.7042,0.0438,0.252
HEARTS SIX HEARTS ACE,0.331,0.0052,0.6638
DIAMONDS KING SPADES EIGHT,0.3642,0.0068,0.629
SPADES EIGHT HEARTS THREE,0.7166,0.0398,0.2436
SPADES ACE DIAMONDS SEVEN,0.3508,0.0048,0.6444
CLUBS NINE HEARTS THREE,0.7278,0.0424,0.2298
CLUBS NINE DIAMONDS KING,0.344,0.0108,0.6452
CLUBS EIGHT HEARTS THREE,0.7292,0.04,0.2308
CLUBS EIGHT DIAMONDS KING,0.3614,0.008,0.6306
HEARTS THREE SPADES THREE,0.3032,0.029,0.6678
DIAMONDS KING SPADES THREE,0.232,0.0344,0.7336
HEARTS THREE SPADES TWO,0.695,0.0432,0.2618
DIAMONDS KING SPADES TWO,0.3802,0.0068,0.613
HEARTS THREE SPADES FIVE,0.6734,0.0416,0.285
DIAMONDS KING SPADES FIVE,0.349,0.0056,0.6454
HEARTS THREE SPADES FOUR,0.6726,0.0398,0.2876
DIAMONDS KING SPADES FOUR,0.3492,0.0086,0.6422
DIAMONDS KING CLUBS TWO,0.3796,0.0118,0.6086
HEARTS THREE CLUBS TWO,0.7022,0.0482,0.2496
DIAMONDS KING CLUBS THREE,0.2306,0.0308,0.7386
CLUBS THREE HEARTS THREE,0.307,0.0308,0.6622
DIAMONDS KING CLUBS FOUR,0.3584,0.0098,0.6318
HEARTS THREE CLUBS FOUR,0.6726,0.0444,0.283
CLUBS FIVE DIAMONDS KING,0.3484,0.007,0.6446
CLUBS FIVE HEARTS THREE,0.6868,0.0444,0.2688
CLUBS SIX DIAMONDS KING,0.3648,0.0076,0.6276
CLUBS SIX HEARTS THREE,0.6934,0.0424,0.2642
CLUBS SEVEN DIAMONDS KING,0.3576,0.0086,0.6338
CLUBS SEVEN HEARTS THREE,0.7124,0.0424,0.2452
