opposingHand,winningChance,drawChance,lostChance
DIAMONDS THREE SPADES TEN
HEARTS FIVE SPADES JACK,0.3528,0.019,0.6282
SPADES FIVE CLUBS JACK,0.3688,0.0164,0.6148
CLUBS TEN SPADES FIVE,0.207,0.4842,0.3088
CLUBS EIGHT CLUBS JACK,0.3136,0.0152,0.6712
CLUBS TEN CLUBS EIGHT,0.2124,0.2066,0.581
CLUBS EIGHT CLUBS KING,0.3352,0.0066,0.6582
SPADES FIVE CLUBS ACE,0.3564,0.006,0.6376
CLUBS EIGHT CLUBS QUEEN,0.3208,0.0098,0.6694
SPADES FIVE CLUBS KING,0.3718,0.0082,0.62
SPADES FIVE CLUBS QUEEN,0.3672,0.011,0.6218
CLUBS EIGHT CLUBS ACE,0.3424,0.004,0.6536
DIAMONDS TWO DIAMONDS FIVE,0.568,0.0324,0.3996
HEARTS FIVE SPADES KING,0.3556,0.009,0.6354
DIAMONDS TWO DIAMONDS FOUR,0.5686,0.0288,0.4026
HEARTS FIVE SPADES QUEEN,0.3606,0.0126,0.6268
DIAMONDS TWO DIAMONDS SEVEN,0.5822,0.0316,0.3862
DIAMONDS TWO DIAMONDS SIX,0.5844,0.0326,0.383
SPADES ACE HEARTS FIVE,0.3472,0.0052,0.6476
DIAMONDS TWO DIAMONDS NINE,0.5888,0.0248,0.3864
DIAMONDS TWO DIAMONDS EIGHT,0.591,0.0288,0.3802
SPADES FOUR CLUBS TWO,0.5908,0.0342,0.375
SPADES FIVE CLUBS TWO,0.5846,0.03,0.3854
CLUBS TWO SPADES TWO,0.4028,0.0732,0.524
CLUBS TWO SPADES THREE,0.6684,0.0792,0.2524
SPADES EIGHT CLUBS TWO,0.6196,0.0324,0.348
SPADES NINE CLUBS TWO,0.6042,0.026,0.3698
SPADES SIX CLUBS TWO,0.625,0.0292,0.3458
SPADES SEVEN CLUBS TWO,0.6272,0.0262,0.3466
CLUBS SIX CLUBS TWO,0.5658,0.0328,0.4014
CLUBS SEVEN CLUBS TWO,0.5904,0.029,0.3806
CLUBS FOUR CLUBS TWO,0.5518,0.0282,0.42
CLUBS FIVE CLUBS TWO,0.548,0.0298,0.4222
CLUBS TEN CLUBS JACK,0.2144,0.0538,0.7318
DIAMONDS FOUR DIAMONDS SIX,0.5292,0.0302,0.4406
CLUBS TEN CLUBS QUEEN,0.2196,0.0412,0.7392
DIAMONDS FOUR DIAMONDS SEVEN,0.5414,0.0282,0.4304
CLUBS TEN CLUBS KING,0.2062,0.0376,0.7562
CLUBS TEN CLUBS ACE,0.2124,0.0222,0.7654
CLUBS EIGHT CLUBS TWO,0.5634,0.0272,0.4094
DIAMONDS FOUR DIAMONDS FIVE,0.5218,0.0308,0.4474
CLUBS NINE CLUBS TWO,0.5704,0.0314,0.3982
DIAMONDS FOUR DIAMONDS NINE,0.5574,0.0306,0.412
DIAMONDS FOUR DIAMONDS EIGHT,0.546,0.0256,0.4284
CLUBS THREE CLUBS TWO,0.613,0.078,0.309
DIAMONDS NINE DIAMONDS FIVE,0.5162,0.0256,0.4582
DIAMONDS TWO CLUBS JACK,0.3906,0.0204,0.589
DIAMONDS FIVE DIAMONDS EIGHT,0.5272,0.0268,0.446
CLUBS TEN DIAMONDS TWO,0.2586,0.524,0.2174
DIAMONDS FIVE DIAMONDS SEVEN,0.517,0.0326,0.4504
DIAMONDS SIX DIAMONDS FIVE,0.5356,0.0246,0.4398
DIAMONDS TWO CLUBS ACE,0.3842,0.0038,0.612
DIAMONDS TWO CLUBS KING,0.4006,0.008,0.5914
DIAMONDS TWO CLUBS QUEEN,0.3914,0.011,0.5976
DIAMONDS SIX DIAMONDS EIGHT,0.519,0.0286,0.4524
DIAMONDS NINE DIAMONDS SIX,0.5156,0.0242,0.4602
HEARTS ACE SPADES THREE,0.2494,0.0196,0.731
SPADES THREE HEARTS KING,0.2464,0.032,0.7216
DIAMONDS SIX DIAMONDS SEVEN,0.5084,0.0264,0.4652
SPADES THREE HEARTS QUEEN,0.2308,0.0436,0.7256
SPADES THREE HEARTS JACK,0.242,0.055,0.703
SPADES THREE HEARTS TEN,0.0214,0.9674,0.0112
DIAMONDS EIGHT DIAMONDS SEVEN,0.5028,0.0282,0.469
DIAMONDS NINE DIAMONDS SEVEN,0.5142,0.0236,0.4622
DIAMONDS NINE DIAMONDS EIGHT,0.4958,0.0264,0.4778
DIAMONDS KING HEARTS TEN,0.2262,0.0322,0.7416
HEARTS THREE HEARTS TEN,0.0226,0.9046,0.0728
SPADES JACK CLUBS SIX,0.3438,0.018,0.6382
DIAMONDS KING HEARTS JACK,0.306,0.0058,0.6882
HEARTS THREE HEARTS JACK,0.2114,0.061,0.7276
SPADES JACK SPADES FIVE,0.3448,0.0188,0.6364
DIAMONDS KING HEARTS ACE,0.326,0.0032,0.6708
HEARTS THREE HEARTS ACE,0.2264,0.0192,0.7544
SPADES ACE CLUBS SIX,0.3564,0.0046,0.639
DIAMONDS KING HEARTS QUEEN,0.3144,0.0054,0.6802
HEARTS THREE HEARTS QUEEN,0.2234,0.0428,0.7338
SPADES KING CLUBS SIX,0.3606,0.0082,0.6312
DIAMONDS KING HEARTS KING,0.1308,0.0128,0.8564
HEARTS THREE HEARTS KING,0.2236,0.0334,0.743
SPADES QUEEN CLUBS SIX,0.3558,0.0126,0.6316
SPADES NINE HEARTS TEN,0.2206,0.1658,0.6136
SPADES NINE HEARTS JACK,0.338,0.013,0.649
SPADES QUEEN SPADES FIVE,0.3388,0.0134,0.6478
SPADES KING SPADES FIVE,0.3478,0.0074,0.6448
SPADES ACE SPADES FIVE,0.337,0.0048,0.6582
SPADES NINE HEARTS QUEEN,0.3326,0.0116,0.6558
SPADES NINE HEARTS KING,0.3578,0.0074,0.6348
SPADES NINE HEARTS ACE,0.3586,0.0044,0.637
CLUBS TEN SPADES JACK,0.2088,0.0538,0.7374
SPADES ACE CLUBS TEN,0.223,0.022,0.755
SPADES KING CLUBS TEN,0.2158,0.036,0.7482
CLUBS TEN SPADES QUEEN,0.2274,0.0462,0.7264
SPADES FIVE HEARTS QUEEN,0.3662,0.012,0.6218
SPADES FIVE HEARTS KING,0.3582,0.0074,0.6344
SPADES FIVE HEARTS ACE,0.3482,0.0048,0.647
SPADES JACK HEARTS THREE,0.238,0.0622,0.6998
SPADES JACK DIAMONDS KING,0.3042,0.006,0.6898
SPADES JACK CLUBS EIGHT,0.3344,0.0172,0.6484
CLUBS SIX HEARTS ACE,0.359,0.004,0.637
SPADES ACE CLUBS EIGHT,0.3482,0.0036,0.6482
HEARTS FIVE CLUBS JACK,0.3598,0.0182,0.622
HEARTS FIVE CLUBS TEN,0.22,0.462,0.318
CLUBS SIX HEARTS QUEEN,0.3736,0.0134,0.613
SPADES QUEEN CLUBS EIGHT,0.3466,0.0112,0.6422
CLUBS TEN SPADES THREE,0.0192,0.973,0.0078
CLUBS SIX HEARTS KING,0.3694,0.0078,0.6228
SPADES KING CLUBS EIGHT,0.3526,0.009,0.6384
SPADES THREE CLUBS JACK,0.2304,0.0558,0.7138
DIAMONDS TWO HEARTS JACK,0.3792,0.0178,0.603
SPADES THREE CLUBS QUEEN,0.249,0.0422,0.7088
DIAMONDS TWO HEARTS TEN,0.2564,0.5244,0.2192
SPADES THREE CLUBS KING,0.251,0.0336,0.7154
HEARTS FIVE CLUBS ACE,0.3546,0.0026,0.6428
SPADES FIVE HEARTS TEN,0.2184,0.467,0.3146
SPADES THREE CLUBS ACE,0.2406,0.0194,0.74
HEARTS FIVE CLUBS KING,0.354,0.0068,0.6392
SPADES FIVE HEARTS JACK,0.3532,0.023,0.6238
HEARTS FIVE CLUBS QUEEN,0.356,0.0108,0.6332
HEARTS THREE CLUBS KING,0.2326,0.0332,0.7342
DIAMONDS KING CLUBS KING,0.136,0.0116,0.8524
HEARTS THREE CLUBS QUEEN,0.2344,0.0488,0.7168
DIAMONDS KING CLUBS QUEEN,0.308,0.005,0.687
HEARTS FIVE HEARTS JACK,0.3378,0.0156,0.6466
HEARTS FIVE HEARTS TEN,0.2058,0.43,0.3642
HEARTS THREE CLUBS ACE,0.2366,0.0178,0.7456
DIAMONDS KING CLUBS ACE,0.32,0.0052,0.6748
SPADES ACE CLUBS QUEEN,0.3156,0.0052,0.6792
SPADES KING CLUBS QUEEN,0.306,0.0076,0.6864
HEARTS THREE CLUBS JACK,0.2366,0.0554,0.708
DIAMONDS KING CLUBS JACK,0.3084,0.0094,0.6822
SPADES QUEEN CLUBS QUEEN,0.1316,0.0164,0.852
CLUBS TEN HEARTS THREE,0.0198,0.958,0.0222
CLUBS TEN DIAMONDS KING,0.2222,0.0368,0.741
SPADES JACK CLUBS QUEEN,0.3,0.01,0.69
CLUBS SIX CLUBS QUEEN,0.3334,0.0106,0.656
CLUBS SIX CLUBS KING,0.3374,0.0086,0.654
CLUBS SIX CLUBS ACE,0.3418,0.0054,0.6528
HEARTS FIVE HEARTS KING,0.3442,0.0096,0.6462
HEARTS FIVE HEARTS QUEEN,0.3366,0.0122,0.6512
CLUBS TEN CLUBS SIX,0.2034,0.3618,0.4348
HEARTS FIVE HEARTS ACE,0.3208,0.004,0.6752
CLUBS SIX CLUBS JACK,0.355,0.014,0.631
SPADES SEVEN HEARTS JACK,0.3518,0.0182,0.63
SPADES SEVEN HEARTS TEN,0.2166,0.3026,0.4808
DIAMONDS TWO CLUBS TWO,0.4028,0.0662,0.531
DIAMONDS TWO CLUBS THREE,0.669,0.0824,0.2486
DIAMONDS TWO HEARTS SIX,0.6158,0.0296,0.3546
DIAMONDS TWO HEARTS QUEEN,0.3922,0.0128,0.595
HEARTS SEVEN DIAMONDS TWO,0.6134,0.0338,0.3528
DIAMONDS TWO HEARTS KING,0.4098,0.0086,0.5816
DIAMONDS TWO HEARTS EIGHT,0.6128,0.029,0.3582
DIAMONDS TWO HEARTS ACE,0.3902,0.0062,0.6036
DIAMONDS TWO HEARTS NINE,0.6282,0.026,0.3458
DIAMONDS TWO DIAMONDS QUEEN,0.3712,0.0116,0.6172
DIAMONDS TWO HEARTS TWO,0.3922,0.0726,0.5352
DIAMONDS TWO DIAMONDS KING,0.3764,0.0094,0.6142
DIAMONDS TWO HEARTS THREE,0.672,0.082,0.246
DIAMONDS TWO DIAMONDS ACE,0.3654,0.005,0.6296
HEARTS FOUR DIAMONDS TWO,0.598,0.035,0.367
HEARTS FIVE DIAMONDS TWO,0.5986,0.0308,0.3706
SPADES SEVEN HEARTS ACE,0.3438,0.005,0.6512
DIAMONDS TWO DIAMONDS TEN,0.2432,0.4998,0.257
SPADES SEVEN HEARTS KING,0.3772,0.0074,0.6154
DIAMONDS TWO DIAMONDS JACK,0.3684,0.0188,0.6128
SPADES SEVEN HEARTS QUEEN,0.3768,0.0102,0.613
DIAMONDS TWO SPADES NINE,0.6146,0.0312,0.3542
DIAMONDS TWO SPADES EIGHT,0.6126,0.029,0.3584
DIAMONDS TWO SPADES SEVEN,0.6304,0.0292,0.3404
DIAMONDS TWO SPADES SIX,0.6132,0.033,0.3538
DIAMONDS TWO SPADES FIVE,0.604,0.0376,0.3584
DIAMONDS TWO SPADES FOUR,0.613,0.0348,0.3522
DIAMONDS TWO SPADES THREE,0.673,0.0818,0.2452
DIAMONDS TWO SPADES TWO,0.4014,0.0664,0.5322
CLUBS NINE DIAMONDS TWO,0.6202,0.0242,0.3556
DIAMONDS TWO CLUBS EIGHT,0.6188,0.0336,0.3476
CLUBS SEVEN DIAMONDS TWO,0.623,0.0276,0.3494
DIAMONDS TWO CLUBS SIX,0.6204,0.0292,0.3504
DIAMONDS TWO CLUBS FIVE,0.6078,0.0276,0.3646
DIAMONDS TWO CLUBS FOUR,0.6042,0.0296,0.3662
CLUBS FOUR SPADES FIVE,0.5536,0.0258,0.4206
CLUBS FOUR SPADES FOUR,0.3024,0.0682,0.6294
CLUBS FOUR SPADES THREE,0.6432,0.0858,0.271
CLUBS FOUR SPADES TWO,0.6114,0.034,0.3546
SPADES NINE CLUBS FOUR,0.596,0.027,0.377
SPADES EIGHT CLUBS FOUR,0.583,0.0258,0.3912
SPADES SEVEN CLUBS FOUR,0.5698,0.0296,0.4006
SPADES SIX CLUBS FOUR,0.5388,0.0288,0.4324
SPADES ACE DIAMONDS SIX,0.3558,0.0054,0.6388
SPADES QUEEN DIAMONDS SIX,0.348,0.0114,0.6406
SPADES KING DIAMONDS SIX,0.351,0.0084,0.6406
SPADES JACK DIAMONDS SIX,0.3424,0.0174,0.6402
SPADES QUEEN SPADES TWO,0.3668,0.015,0.6182
SPADES KING SPADES TWO,0.3726,0.0078,0.6196
SPADES ACE SPADES TWO,0.3652,0.005,0.6298
DIAMONDS JACK CLUBS JACK,0.1328,0.026,0.8412
CLUBS TEN DIAMONDS JACK,0.2174,0.0522,0.7304
DIAMONDS JACK CLUBS KING,0.3056,0.0096,0.6848
DIAMONDS JACK CLUBS QUEEN,0.3116,0.0086,0.6798
DIAMONDS JACK CLUBS ACE,0.3102,0.005,0.6848
SPADES JACK SPADES NINE,0.3128,0.015,0.6722
DIAMONDS FOUR HEARTS JACK,0.36,0.0208,0.6192
HEARTS ACE HEARTS KING,0.2976,0.0042,0.6982
DIAMONDS FOUR HEARTS TEN,0.2218,0.5154,0.2628
SPADES JACK SPADES TWO,0.3678,0.019,0.6132
DIAMONDS FOUR HEARTS QUEEN,0.347,0.012,0.641
DIAMONDS FOUR HEARTS KING,0.3594,0.0076,0.633
SPADES ACE SPADES NINE,0.3566,0.0036,0.6398
DIAMONDS FOUR HEARTS ACE,0.3446,0.0036,0.6518
SPADES KING SPADES NINE,0.3338,0.0098,0.6564
SPADES QUEEN SPADES NINE,0.3254,0.0108,0.6638
CLUBS FIVE CLUBS SIX,0.5066,0.0312,0.4622
DIAMONDS FOUR CLUBS ACE,0.3566,0.004,0.6394
CLUBS SEVEN CLUBS FIVE,0.5174,0.0288,0.4538
DIAMONDS FOUR CLUBS QUEEN,0.3538,0.0136,0.6326
DIAMONDS FOUR CLUBS KING,0.356,0.008,0.636
CLUBS TEN DIAMONDS FOUR,0.2122,0.5386,0.2492
DIAMONDS FOUR CLUBS JACK,0.352,0.0178,0.6302
SPADES SEVEN CLUBS ACE,0.3646,0.0054,0.63
SPADES SEVEN CLUBS QUEEN,0.37,0.0126,0.6174
SPADES SEVEN CLUBS KING,0.3628,0.0064,0.6308
CLUBS FIVE SPADES SEVEN,0.5618,0.027,0.4112
CLUBS TEN SPADES SEVEN,0.2204,0.2996,0.48
CLUBS FIVE SPADES SIX,0.5506,0.0294,0.42
SPADES SEVEN CLUBS JACK,0.3576,0.0168,0.6256
SPADES NINE CLUBS FIVE,0.578,0.0286,0.3934
CLUBS FIVE SPADES EIGHT,0.5642,0.026,0.4098
CLUBS FIVE SPADES THREE,0.6456,0.0786,0.2758
CLUBS FIVE SPADES TWO,0.6084,0.029,0.3626
CLUBS FIVE SPADES FIVE,0.2972,0.0602,0.6426
CLUBS FIVE SPADES FOUR,0.5518,0.0338,0.4144
CLUBS NINE CLUBS FIVE,0.5396,0.023,0.4374
CLUBS EIGHT CLUBS FIVE,0.5352,0.023,0.4418
CLUBS ACE CLUBS QUEEN,0.2976,0.0046,0.6978
CLUBS KING CLUBS QUEEN,0.2938,0.0076,0.6986
DIAMONDS FOUR DIAMONDS TEN,0.2048,0.4888,0.3064
CLUBS TEN DIAMONDS NINE,0.215,0.176,0.609
DIAMONDS FOUR DIAMONDS JACK,0.3396,0.0148,0.6456
DIAMONDS NINE CLUBS JACK,0.3214,0.0142,0.6644
SPADES NINE CLUBS JACK,0.3258,0.0178,0.6564
CLUBS TEN SPADES NINE,0.2262,0.1656,0.6082
DIAMONDS FOUR DIAMONDS ACE,0.3378,0.0054,0.6568
HEARTS FOUR DIAMONDS FOUR,0.293,0.0668,0.6402
DIAMONDS JACK HEARTS TEN,0.2218,0.0516,0.7266
SPADES NINE CLUBS KING,0.357,0.0064,0.6366
DIAMONDS NINE CLUBS ACE,0.3544,0.0048,0.6408
HEARTS FIVE DIAMONDS FOUR,0.5296,0.0286,0.4418
DIAMONDS JACK HEARTS JACK,0.1452,0.0236,0.8312
SPADES NINE CLUBS QUEEN,0.3452,0.0122,0.6426
DIAMONDS TWO SPADES JACK,0.3956,0.02,0.5844
DIAMONDS FOUR DIAMONDS QUEEN,0.3312,0.0126,0.6562
DIAMONDS FOUR HEARTS TWO,0.5962,0.0282,0.3756
DIAMONDS NINE CLUBS QUEEN,0.3354,0.0118,0.6528
DIAMONDS FOUR DIAMONDS KING,0.3466,0.0094,0.644
DIAMONDS FOUR HEARTS THREE,0.646,0.0764,0.2776
SPADES NINE CLUBS ACE,0.3666,0.0024,0.631
DIAMONDS NINE CLUBS KING,0.3566,0.0092,0.6342
HEARTS ACE DIAMONDS JACK,0.316,0.0032,0.6808
SPADES ACE DIAMONDS TWO,0.3902,0.0048,0.605
HEARTS QUEEN DIAMONDS JACK,0.2952,0.0116,0.6932
SPADES QUEEN DIAMONDS TWO,0.3808,0.0146,0.6046
HEARTS KING DIAMONDS JACK,0.3092,0.006,0.6848
SPADES KING DIAMONDS TWO,0.3866,0.0092,0.6042
SPADES JACK SPADES SEVEN,0.3202,0.0168,0.663
CLUBS SEVEN CLUBS THREE,0.6294,0.0664,0.3042
CLUBS SIX CLUBS THREE,0.6086,0.079,0.3124
CLUBS FIVE CLUBS THREE,0.6064,0.0816,0.312
CLUBS THREE CLUBS FOUR,0.615,0.0726,0.3124
CLUBS NINE CLUBS THREE,0.6494,0.0704,0.2802
CLUBS EIGHT CLUBS THREE,0.6494,0.07,0.2806
CLUBS THREE SPADES FIVE,0.6464,0.0758,0.2778
CLUBS THREE SPADES FOUR,0.6396,0.0816,0.2788
CLUBS THREE SPADES THREE,0.282,0.0486,0.6694
CLUBS THREE SPADES TWO,0.6726,0.0796,0.2478
CLUBS THREE SPADES SIX,0.672,0.071,0.257
SPADES SEVEN CLUBS THREE,0.6742,0.0702,0.2556
SPADES EIGHT CLUBS THREE,0.6768,0.0812,0.242
SPADES NINE CLUBS THREE,0.6816,0.0802,0.2382
DIAMONDS FOUR SPADES TWO,0.6026,0.0316,0.3658
DIAMONDS FOUR SPADES THREE,0.648,0.0792,0.2728
DIAMONDS FOUR SPADES FOUR,0.2854,0.071,0.6436
DIAMONDS FOUR SPADES FIVE,0.5496,0.035,0.4154
DIAMONDS FOUR SPADES SIX,0.5706,0.0294,0.4
DIAMONDS FOUR SPADES SEVEN,0.5618,0.0292,0.409
DIAMONDS FOUR SPADES EIGHT,0.5742,0.0284,0.3974
DIAMONDS FOUR SPADES NINE,0.5948,0.0308,0.3744
DIAMONDS FOUR CLUBS FIVE,0.5386,0.0282,0.4332
DIAMONDS FOUR CLUBS FOUR,0.2858,0.0714,0.6428
CLUBS SEVEN DIAMONDS FOUR,0.5694,0.0308,0.3998
DIAMONDS FOUR CLUBS SIX,0.5476,0.0338,0.4186
CLUBS NINE DIAMONDS FOUR,0.5774,0.0314,0.3912
CLUBS EIGHT DIAMONDS FOUR,0.5622,0.0312,0.4066
HEARTS SEVEN DIAMONDS FOUR,0.5596,0.0272,0.4132
HEARTS SIX DIAMONDS FOUR,0.5626,0.031,0.4064
DIAMONDS FOUR HEARTS NINE,0.5858,0.0278,0.3864
DIAMONDS FOUR HEARTS EIGHT,0.5648,0.0266,0.4086
DIAMONDS FOUR CLUBS THREE,0.6444,0.0828,0.2728
DIAMONDS FOUR CLUBS TWO,0.5892,0.0334,0.3774
DIAMONDS TEN DIAMONDS FIVE,0.208,0.4386,0.3534
DIAMONDS JACK DIAMONDS FIVE,0.3438,0.0198,0.6364
DIAMONDS NINE HEARTS QUEEN,0.3304,0.01,0.6596
DIAMONDS NINE HEARTS KING,0.3648,0.0064,0.6288
HEARTS ACE DIAMONDS NINE,0.3626,0.0046,0.6328
DIAMONDS NINE HEARTS TEN,0.2152,0.1716,0.6132
DIAMONDS NINE HEARTS JACK,0.3476,0.0162,0.6362
DIAMONDS SIX CLUBS KING,0.362,0.0082,0.6298
DIAMONDS SIX CLUBS QUEEN,0.3574,0.0114,0.6312
CLUBS ACE DIAMONDS SIX,0.3596,0.0052,0.6352
SPADES KING DIAMONDS FOUR,0.3432,0.0076,0.6492
SPADES ACE SPADES SEVEN,0.3356,0.0046,0.6598
SPADES QUEEN DIAMONDS FOUR,0.3522,0.0134,0.6344
SPADES QUEEN SPADES SEVEN,0.3466,0.0136,0.6398
DIAMONDS SIX CLUBS JACK,0.3668,0.0176,0.6156
SPADES KING SPADES SEVEN,0.3456,0.0094,0.645
SPADES ACE DIAMONDS FOUR,0.3318,0.0068,0.6614
CLUBS TEN DIAMONDS SIX,0.223,0.376,0.401
CLUBS NINE CLUBS FOUR,0.5558,0.0274,0.4168
CLUBS EIGHT CLUBS FOUR,0.531,0.0316,0.4374
SPADES JACK DIAMONDS FOUR,0.3482,0.0188,0.633
CLUBS FIVE CLUBS FOUR,0.512,0.0324,0.4556
CLUBS SEVEN CLUBS FOUR,0.5244,0.0228,0.4528
CLUBS SIX CLUBS FOUR,0.5156,0.031,0.4534
CLUBS SEVEN SPADES EIGHT,0.5312,0.0294,0.4394
CLUBS SEVEN SPADES NINE,0.5444,0.0316,0.424
CLUBS SEVEN SPADES SIX,0.5352,0.0256,0.4392
CLUBS SEVEN SPADES SEVEN,0.2742,0.0546,0.6712
CLUBS SEVEN SPADES FIVE,0.5528,0.0282,0.419
CLUBS SEVEN SPADES FOUR,0.5674,0.0322,0.4004
CLUBS SEVEN SPADES THREE,0.6868,0.0732,0.24
CLUBS SEVEN SPADES TWO,0.6094,0.032,0.3586
CLUBS NINE CLUBS SEVEN,0.5034,0.0258,0.4708
CLUBS SEVEN CLUBS EIGHT,0.4962,0.0244,0.4794
HEARTS SIX DIAMONDS FIVE,0.561,0.0282,0.4108
HEARTS SEVEN DIAMONDS FIVE,0.561,0.0258,0.4132
DIAMONDS FIVE HEARTS EIGHT,0.5464,0.0258,0.4278
DIAMONDS FIVE HEARTS NINE,0.5604,0.0262,0.4134
DIAMONDS QUEEN DIAMONDS FIVE,0.3508,0.014,0.6352
HEARTS TWO DIAMONDS FIVE,0.5966,0.0306,0.3728
HEARTS KING HEARTS EIGHT,0.3278,0.007,0.6652
DIAMONDS KING DIAMONDS FIVE,0.3444,0.0086,0.647
HEARTS THREE DIAMONDS FIVE,0.6394,0.0778,0.2828
HEARTS QUEEN HEARTS EIGHT,0.325,0.0094,0.6656
DIAMONDS ACE DIAMONDS FIVE,0.3364,0.0054,0.6582
HEARTS FOUR DIAMONDS FIVE,0.5446,0.0324,0.423
HEARTS FIVE DIAMONDS FIVE,0.2952,0.057,0.6478
HEARTS ACE HEARTS EIGHT,0.334,0.005,0.661
CLUBS FOUR DIAMONDS FIVE,0.541,0.036,0.423
CLUBS FIVE DIAMONDS FIVE,0.2918,0.0682,0.64
CLUBS SIX DIAMONDS FIVE,0.5604,0.0296,0.41
CLUBS SEVEN DIAMONDS FIVE,0.5402,0.0278,0.432
CLUBS TWO DIAMONDS FIVE,0.594,0.0296,0.3764
CLUBS THREE DIAMONDS FIVE,0.638,0.076,0.286
SPADES THREE DIAMONDS FIVE,0.6458,0.0848,0.2694
SPADES TWO DIAMONDS FIVE,0.5964,0.032,0.3716
SPADES JACK DIAMONDS EIGHT,0.3302,0.0174,0.6524
SPADES FIVE DIAMONDS FIVE,0.2936,0.0672,0.6392
CLUBS TEN HEARTS JACK,0.2144,0.0582,0.7274
SPADES FOUR DIAMONDS FIVE,0.5488,0.035,0.4162
HEARTS JACK CLUBS JACK,0.1526,0.0246,0.8228
HEARTS JACK CLUBS QUEEN,0.298,0.0086,0.6934
CLUBS NINE DIAMONDS FIVE,0.5742,0.0272,0.3986
CLUBS KING HEARTS JACK,0.3174,0.0054,0.6772
CLUBS EIGHT DIAMONDS FIVE,0.5602,0.0288,0.411
CLUBS ACE HEARTS JACK,0.314,0.0032,0.6828
SPADES SEVEN DIAMONDS FIVE,0.5434,0.0304,0.4262
SPADES KING DIAMONDS EIGHT,0.3444,0.0106,0.645
SPADES SIX DIAMONDS FIVE,0.541,0.0288,0.4302
SPADES QUEEN DIAMONDS EIGHT,0.3504,0.0102,0.6394
SPADES NINE DIAMONDS FIVE,0.5774,0.0304,0.3922
SPADES EIGHT DIAMONDS FIVE,0.5468,0.032,0.4212
SPADES ACE DIAMONDS EIGHT,0.3466,0.0044,0.649
DIAMONDS TEN DIAMONDS SIX,0.205,0.3628,0.4322
HEARTS ACE DIAMONDS SEVEN,0.3514,0.0036,0.645
DIAMONDS JACK DIAMONDS SIX,0.3636,0.0168,0.6196
HEARTS QUEEN DIAMONDS SEVEN,0.3606,0.0112,0.6282
HEARTS KING DIAMONDS SEVEN,0.3678,0.0074,0.6248
DIAMONDS ACE DIAMONDS SIX,0.3426,0.005,0.6524
HEARTS FOUR DIAMONDS SIX,0.5574,0.0294,0.4132
SPADES TWO HEARTS JACK,0.3912,0.0194,0.5894
HEARTS FIVE DIAMONDS SIX,0.5454,0.0276,0.427
SPADES TWO HEARTS TEN,0.2608,0.5244,0.2148
DIAMONDS QUEEN DIAMONDS SIX,0.3416,0.0106,0.6478
HEARTS TWO DIAMONDS SIX,0.6016,0.0324,0.366
DIAMONDS KING DIAMONDS SIX,0.338,0.0066,0.6554
HEARTS THREE DIAMONDS SIX,0.6632,0.0718,0.265
DIAMONDS SIX HEARTS EIGHT,0.5462,0.0278,0.426
DIAMONDS SIX HEARTS NINE,0.5572,0.0308,0.412
HEARTS SIX DIAMONDS SIX,0.2818,0.054,0.6642
HEARTS SEVEN DIAMONDS SIX,0.5306,0.026,0.4434
HEARTS TEN DIAMONDS SEVEN,0.2234,0.2974,0.4792
CLUBS TWO DIAMONDS SIX,0.6098,0.0282,0.362
HEARTS JACK DIAMONDS SEVEN,0.337,0.0192,0.6438
CLUBS THREE DIAMONDS SIX,0.6686,0.0694,0.262
CLUBS SEVEN DIAMONDS SIX,0.537,0.029,0.434
DIAMONDS EIGHT CLUBS JACK,0.3454,0.0156,0.639
CLUBS SIX DIAMONDS SIX,0.2906,0.056,0.6534
CLUBS TEN DIAMONDS EIGHT,0.211,0.2312,0.5578
CLUBS FIVE DIAMONDS SIX,0.552,0.0276,0.4204
CLUBS FOUR DIAMONDS SIX,0.5496,0.0264,0.424
HEARTS ACE HEARTS JACK,0.298,0.0046,0.6974
CLUBS ACE DIAMONDS EIGHT,0.3492,0.0044,0.6464
HEARTS QUEEN HEARTS JACK,0.2814,0.0108,0.7078
CLUBS KING DIAMONDS EIGHT,0.3592,0.006,0.6348
CLUBS NINE DIAMONDS SIX,0.5602,0.0272,0.4126
HEARTS KING HEARTS JACK,0.2918,0.007,0.7012
CLUBS QUEEN DIAMONDS EIGHT,0.336,0.0108,0.6532
CLUBS EIGHT DIAMONDS SIX,0.5392,0.0284,0.4324
SPADES FIVE DIAMONDS SIX,0.5544,0.028,0.4176
HEARTS ACE SPADES TWO,0.3858,0.0076,0.6066
SPADES JACK HEARTS KING,0.3042,0.0094,0.6864
SPADES FOUR DIAMONDS SIX,0.5648,0.029,0.4062
SPADES THREE DIAMONDS SIX,0.6602,0.0766,0.2632
HEARTS QUEEN SPADES TWO,0.3934,0.0126,0.594
SPADES ACE SPADES KING,0.3044,0.0042,0.6914
SPADES TWO HEARTS KING,0.386,0.0068,0.6072
SPADES TWO DIAMONDS SIX,0.6048,0.0338,0.3614
HEARTS TEN HEARTS EIGHT,0.2054,0.2164,0.5782
SPADES NINE DIAMONDS SIX,0.5552,0.0292,0.4156
HEARTS JACK HEARTS EIGHT,0.3124,0.0144,0.6732
SPADES EIGHT DIAMONDS SIX,0.5358,0.027,0.4372
SPADES SEVEN DIAMONDS SIX,0.5204,0.0322,0.4474
SPADES SIX DIAMONDS SIX,0.2812,0.0588,0.66
SPADES KING HEARTS KING,0.1288,0.0116,0.8596
SPADES QUEEN HEARTS KING,0.302,0.0088,0.6892
CLUBS ACE CLUBS KING,0.3036,0.0048,0.6916
SPADES ACE HEARTS KING,0.3154,0.0044,0.6802
SPADES ACE HEARTS JACK,0.3158,0.004,0.6802
SPADES QUEEN HEARTS JACK,0.3054,0.0102,0.6844
SPADES KING HEARTS JACK,0.3132,0.0056,0.6812
SPADES JACK DIAMONDS TEN,0.2098,0.051,0.7392
SPADES ACE DIAMONDS TEN,0.2152,0.0264,0.7584
SPADES JACK HEARTS JACK,0.1364,0.0204,0.8432
SPADES QUEEN DIAMONDS TEN,0.2138,0.0506,0.7356
SPADES KING DIAMONDS TEN,0.2074,0.0368,0.7558
SPADES NINE DIAMONDS SEVEN,0.5392,0.0234,0.4374
SPADES EIGHT DIAMONDS SEVEN,0.521,0.0312,0.4478
SPADES SEVEN DIAMONDS SEVEN,0.283,0.058,0.659
SPADES SIX DIAMONDS SEVEN,0.5472,0.0272,0.4256
DIAMONDS KING DIAMONDS SEVEN,0.347,0.008,0.645
HEARTS THREE DIAMONDS SEVEN,0.6688,0.07,0.2612
HEARTS KING DIAMONDS FIVE,0.361,0.007,0.632
DIAMONDS QUEEN DIAMONDS SEVEN,0.3434,0.0118,0.6448
HEARTS TWO DIAMONDS SEVEN,0.604,0.0316,0.3644
HEARTS QUEEN DIAMONDS FIVE,0.3578,0.0114,0.6308
HEARTS FIVE DIAMONDS SEVEN,0.5504,0.0334,0.4162
DIAMONDS ACE DIAMONDS SEVEN,0.3342,0.0038,0.662
HEARTS FOUR DIAMONDS SEVEN,0.5628,0.0324,0.4048
HEARTS ACE DIAMONDS FIVE,0.3476,0.0064,0.646
HEARTS SEVEN DIAMONDS SEVEN,0.2782,0.0522,0.6696
HEARTS SIX DIAMONDS SEVEN,0.5324,0.0298,0.4378
HEARTS NINE DIAMONDS SEVEN,0.5334,0.0238,0.4428
HEARTS EIGHT DIAMONDS SEVEN,0.518,0.0282,0.4538
DIAMONDS JACK DIAMONDS SEVEN,0.3324,0.017,0.6506
HEARTS JACK DIAMONDS FIVE,0.3648,0.0204,0.6148
DIAMONDS TEN DIAMONDS SEVEN,0.2064,0.2986,0.495
HEARTS TEN DIAMONDS FIVE,0.2122,0.466,0.3218
SPADES KING CLUBS TWO,0.3916,0.0088,0.5996
HEARTS KING CLUBS KING,0.1322,0.0094,0.8584
CLUBS EIGHT DIAMONDS SEVEN,0.5394,0.0238,0.4368
SPADES QUEEN CLUBS TWO,0.3916,0.014,0.5944
HEARTS KING CLUBS QUEEN,0.3164,0.0068,0.6768
CLUBS NINE DIAMONDS SEVEN,0.5334,0.0256,0.441
SPADES TWO CLUBS JACK,0.391,0.0182,0.5908
SPADES ACE CLUBS TWO,0.3812,0.0064,0.6124
CLUBS TEN SPADES TWO,0.2622,0.533,0.2048
HEARTS KING CLUBS ACE,0.3266,0.0032,0.6702
CLUBS SEVEN CLUBS SIX,0.5098,0.024,0.4662
SPADES TWO CLUBS KING,0.396,0.0118,0.5922
SPADES TWO DIAMONDS SEVEN,0.623,0.0314,0.3456
CLUBS EIGHT CLUBS SIX,0.5066,0.0278,0.4656
SPADES THREE DIAMONDS SEVEN,0.6764,0.0734,0.2502
SPADES TWO CLUBS QUEEN,0.4012,0.0154,0.5834
CLUBS NINE CLUBS SIX,0.5388,0.0254,0.4358
SPADES FOUR DIAMONDS SEVEN,0.5646,0.036,0.3994
HEARTS KING CLUBS JACK,0.3076,0.0074,0.685
SPADES FIVE DIAMONDS SEVEN,0.5524,0.0296,0.418
SPADES TWO CLUBS ACE,0.3918,0.0052,0.603
CLUBS TEN HEARTS KING,0.232,0.0408,0.7272
CLUBS SIX SPADES TWO,0.616,0.0316,0.3524
CLUBS SIX SPADES THREE,0.6594,0.0746,0.266
CLUBS TWO DIAMONDS SEVEN,0.6082,0.0336,0.3582
CLUBS SIX SPADES FOUR,0.5662,0.0304,0.4034
CLUBS THREE DIAMONDS SEVEN,0.675,0.0736,0.2514
CLUBS SIX SPADES FIVE,0.5518,0.0304,0.4178
CLUBS FOUR DIAMONDS SEVEN,0.569,0.027,0.404
CLUBS SIX SPADES SIX,0.2996,0.052,0.6484
CLUBS FIVE DIAMONDS SEVEN,0.545,0.0314,0.4236
CLUBS SIX SPADES SEVEN,0.5362,0.03,0.4338
CLUBS SIX DIAMONDS SEVEN,0.5382,0.0284,0.4334
SPADES EIGHT CLUBS SIX,0.5556,0.0268,0.4176
SPADES JACK CLUBS TWO,0.403,0.0192,0.5778
CLUBS SEVEN DIAMONDS SEVEN,0.2806,0.0512,0.6682
SPADES NINE CLUBS SIX,0.5656,0.0262,0.4082
CLUBS TWO CLUBS QUEEN,0.3582,0.0128,0.629
CLUBS TWO CLUBS KING,0.3574,0.0086,0.634
CLUBS THREE DIAMONDS EIGHT,0.678,0.0794,0.2426
CLUBS TWO CLUBS ACE,0.3702,0.004,0.6258
CLUBS TWO DIAMONDS EIGHT,0.5992,0.03,0.3708
HEARTS SEVEN DIAMONDS EIGHT,0.5162,0.0274,0.4564
HEARTS SIX DIAMONDS EIGHT,0.5426,0.027,0.4304
DIAMONDS EIGHT HEARTS NINE,0.5348,0.0254,0.4398
CLUBS TEN CLUBS TWO,0.2524,0.4942,0.2534
HEARTS EIGHT DIAMONDS EIGHT,0.2706,0.0464,0.683
CLUBS TWO CLUBS JACK,0.3534,0.0214,0.6252
CLUBS NINE DIAMONDS EIGHT,0.525,0.026,0.449
CLUBS EIGHT DIAMONDS EIGHT,0.276,0.0514,0.6726
CLUBS FIVE DIAMONDS EIGHT,0.5638,0.0274,0.4088
SPADES ACE SPADES THREE,0.224,0.0192,0.7568
CLUBS FOUR DIAMONDS EIGHT,0.5632,0.0322,0.4046
CLUBS SEVEN DIAMONDS EIGHT,0.5222,0.0256,0.4522
SPADES QUEEN SPADES THREE,0.2282,0.0404,0.7314
CLUBS SIX DIAMONDS EIGHT,0.5462,0.0256,0.4282
SPADES KING SPADES THREE,0.2328,0.0326,0.7346
DIAMONDS QUEEN DIAMONDS EIGHT,0.3316,0.012,0.6564
HEARTS TWO DIAMONDS EIGHT,0.608,0.0304,0.3616
DIAMONDS KING DIAMONDS EIGHT,0.3406,0.008,0.6514
HEARTS THREE DIAMONDS EIGHT,0.6826,0.0674,0.25
DIAMONDS ACE DIAMONDS EIGHT,0.3458,0.0044,0.6498
HEARTS FOUR DIAMONDS EIGHT,0.5704,0.0284,0.4012
HEARTS FIVE DIAMONDS EIGHT,0.5566,0.0328,0.4106
DIAMONDS TEN DIAMONDS EIGHT,0.1932,0.2244,0.5824
DIAMONDS JACK DIAMONDS EIGHT,0.316,0.0146,0.6694
SPADES JACK SPADES THREE,0.221,0.0552,0.7238
CLUBS FOUR HEARTS ACE,0.3448,0.0048,0.6504
CLUBS FOUR HEARTS QUEEN,0.3628,0.0132,0.624
CLUBS FOUR HEARTS KING,0.3626,0.0072,0.6302
CLUBS SIX HEARTS TEN,0.229,0.3716,0.3994
CLUBS SIX HEARTS JACK,0.3534,0.0184,0.6282
SPADES FOUR DIAMONDS EIGHT,0.5802,0.0322,0.3876
SPADES FIVE DIAMONDS EIGHT,0.5566,0.0304,0.413
SPADES TWO DIAMONDS EIGHT,0.6114,0.0294,0.3592
SPADES THREE DIAMONDS EIGHT,0.6906,0.072,0.2374
CLUBS FOUR HEARTS JACK,0.358,0.0164,0.6256
SPADES EIGHT DIAMONDS EIGHT,0.2712,0.0466,0.6822
SPADES JACK HEARTS EIGHT,0.334,0.0174,0.6486
CLUBS FOUR HEARTS TEN,0.217,0.5184,0.2646
SPADES NINE DIAMONDS EIGHT,0.5524,0.023,0.4246
SPADES JACK HEARTS TWO,0.392,0.0208,0.5872
SPADES JACK DIAMONDS QUEEN,0.2936,0.009,0.6974
SPADES SIX DIAMONDS EIGHT,0.5438,0.0268,0.4294
SPADES SEVEN DIAMONDS EIGHT,0.5384,0.028,0.4336
SPADES ACE HEARTS TWO,0.3722,0.008,0.6198
SPADES ACE DIAMONDS QUEEN,0.3042,0.0054,0.6904
SPADES ACE HEARTS EIGHT,0.3536,0.0038,0.6426
SPADES KING HEARTS EIGHT,0.3494,0.0076,0.643
SPADES QUEEN HEARTS TWO,0.4016,0.017,0.5814
SPADES QUEEN DIAMONDS QUEEN,0.121,0.0184,0.8606
SPADES KING DIAMONDS QUEEN,0.3134,0.0068,0.6798
SPADES KING HEARTS TWO,0.3914,0.0066,0.602
SPADES QUEEN HEARTS EIGHT,0.3526,0.0118,0.6356
CLUBS TWO HEARTS TEN,0.2652,0.53,0.2048
CLUBS TWO HEARTS JACK,0.3952,0.0202,0.5846
SPADES SEVEN DIAMONDS NINE,0.5394,0.0316,0.429
SPADES SIX DIAMONDS NINE,0.5518,0.0266,0.4216
SPADES NINE DIAMONDS NINE,0.269,0.0386,0.6924
SPADES EIGHT DIAMONDS NINE,0.5396,0.022,0.4384
DIAMONDS NINE SPADES THREE,0.6798,0.0822,0.238
SPADES JACK CLUBS KING,0.3154,0.0076,0.677
DIAMONDS NINE SPADES TWO,0.6218,0.0266,0.3516
SPADES FIVE DIAMONDS NINE,0.5798,0.0314,0.3888
SPADES FOUR DIAMONDS NINE,0.593,0.0294,0.3776
CLUBS NINE DIAMONDS NINE,0.2572,0.0358,0.707
CLUBS EIGHT DIAMONDS NINE,0.5278,0.024,0.4482
CLUBS SIX DIAMONDS NINE,0.5516,0.0294,0.419
SPADES JACK CLUBS FOUR,0.3542,0.019,0.6268
CLUBS SEVEN DIAMONDS NINE,0.5372,0.0268,0.436
CLUBS FOUR DIAMONDS NINE,0.5846,0.028,0.3874
CLUBS FIVE DIAMONDS NINE,0.5736,0.0298,0.3966
CLUBS TWO DIAMONDS NINE,0.6106,0.0286,0.3608
CLUBS THREE DIAMONDS NINE,0.6964,0.0786,0.225
DIAMONDS NINE HEARTS EIGHT,0.5338,0.026,0.4402
DIAMONDS NINE HEARTS NINE,0.2602,0.0444,0.6954
HEARTS SIX DIAMONDS NINE,0.5602,0.03,0.4098
HEARTS SEVEN DIAMONDS NINE,0.5284,0.031,0.4406
CLUBS NINE CLUBS EIGHT,0.5004,0.0278,0.4718
DIAMONDS ACE DIAMONDS NINE,0.3434,0.0058,0.6508
HEARTS FOUR DIAMONDS NINE,0.5822,0.0294,0.3884
HEARTS FIVE DIAMONDS NINE,0.5664,0.0286,0.405
HEARTS ACE CLUBS TWO,0.3766,0.0046,0.6188
SPADES ACE CLUBS FOUR,0.3544,0.0046,0.641
DIAMONDS NINE DIAMONDS QUEEN,0.3216,0.011,0.6674
HEARTS TWO DIAMONDS NINE,0.6142,0.0276,0.3582
CLUBS TWO HEARTS KING,0.3908,0.0072,0.602
SPADES KING CLUBS FOUR,0.356,0.0088,0.6352
DIAMONDS KING DIAMONDS NINE,0.323,0.0082,0.6688
HEARTS THREE DIAMONDS NINE,0.6892,0.0798,0.231
CLUBS TWO HEARTS QUEEN,0.3936,0.0138,0.5926
SPADES QUEEN CLUBS FOUR,0.3668,0.0124,0.6208
DIAMONDS NINE DIAMONDS JACK,0.3228,0.0168,0.6604
CLUBS EIGHT SPADES NINE,0.5286,0.0252,0.4462
DIAMONDS TEN DIAMONDS NINE,0.2098,0.1678,0.6224
CLUBS EIGHT SPADES EIGHT,0.2892,0.045,0.6658
CLUBS EIGHT SPADES SEVEN,0.5352,0.0246,0.4402
CLUBS EIGHT SPADES SIX,0.526,0.0294,0.4446
CLUBS EIGHT SPADES FIVE,0.554,0.0264,0.4196
CLUBS EIGHT SPADES FOUR,0.5766,0.0312,0.3922
CLUBS EIGHT SPADES THREE,0.6852,0.0752,0.2396
CLUBS EIGHT SPADES TWO,0.605,0.0328,0.3622
HEARTS SIX DIAMONDS TEN,0.2032,0.3854,0.4114
HEARTS SEVEN DIAMONDS TEN,0.2268,0.2894,0.4838
DIAMONDS TEN HEARTS EIGHT,0.2042,0.2298,0.566
CLUBS FOUR CLUBS JACK,0.3386,0.015,0.6464
DIAMONDS TEN HEARTS NINE,0.2202,0.1654,0.6144
CLUBS TEN CLUBS FOUR,0.2048,0.4878,0.3074
CLUBS FOUR CLUBS KING,0.344,0.007,0.649
CLUBS FOUR CLUBS QUEEN,0.326,0.0114,0.6626
DIAMONDS TEN CLUBS TWO,0.2588,0.5154,0.2258
CLUBS THREE DIAMONDS TEN,0.0106,0.9734,0.016
CLUBS FOUR CLUBS ACE,0.3396,0.0036,0.6568
DIAMONDS TEN DIAMONDS JACK,0.206,0.0566,0.7374
DIAMONDS TEN DIAMONDS QUEEN,0.2208,0.0438,0.7354
HEARTS TWO DIAMONDS TEN,0.2518,0.5288,0.2194
DIAMONDS KING DIAMONDS TEN,0.213,0.035,0.752
HEARTS THREE DIAMONDS TEN,0.011,0.9704,0.0186
DIAMONDS ACE DIAMONDS TEN,0.205,0.0232,0.7718
HEARTS FOUR DIAMONDS TEN,0.2134,0.5212,0.2654
CLUBS EIGHT HEARTS JACK,0.337,0.0156,0.6474
HEARTS FIVE DIAMONDS TEN,0.2094,0.4724,0.3182
CLUBS EIGHT HEARTS TEN,0.22,0.2246,0.5554
CLUBS EIGHT HEARTS QUEEN,0.3608,0.0114,0.6278
CLUBS EIGHT HEARTS KING,0.3656,0.0054,0.629
CLUBS EIGHT HEARTS ACE,0.3594,0.0044,0.6362
CLUBS NINE SPADES THREE,0.6794,0.0804,0.2402
CLUBS NINE SPADES TWO,0.6066,0.0316,0.3618
CLUBS NINE SPADES FIVE,0.5766,0.025,0.3984
CLUBS NINE SPADES FOUR,0.594,0.0298,0.3762
CLUBS NINE SPADES SEVEN,0.54,0.0298,0.4302
CLUBS NINE SPADES SIX,0.5678,0.0308,0.4014
CLUBS NINE SPADES NINE,0.2822,0.0414,0.6764
CLUBS TEN HEARTS EIGHT,0.2312,0.222,0.5468
CLUBS NINE SPADES EIGHT,0.526,0.0238,0.4502
HEARTS EIGHT CLUBS JACK,0.3432,0.0168,0.64
CLUBS QUEEN HEARTS EIGHT,0.3468,0.0116,0.6416
CLUBS KING HEARTS EIGHT,0.3612,0.0054,0.6334
CLUBS ACE HEARTS EIGHT,0.3604,0.0028,0.6368
SPADES KING CLUBS KING,0.1284,0.0114,0.8602
SPADES QUEEN CLUBS KING,0.3168,0.0074,0.6758
SPADES ACE CLUBS KING,0.3122,0.0048,0.683
DIAMONDS ACE HEARTS TEN,0.2174,0.0306,0.752
HEARTS FOUR HEARTS TEN,0.2212,0.481,0.2978
DIAMONDS ACE HEARTS JACK,0.313,0.005,0.682
HEARTS FOUR HEARTS JACK,0.3392,0.016,0.6448
SPADES KING CLUBS FIVE,0.3472,0.009,0.6438
SPADES QUEEN CLUBS FIVE,0.3462,0.0152,0.6386
SPADES ACE CLUBS FIVE,0.3548,0.0074,0.6378
HEARTS SEVEN DIAMONDS JACK,0.3534,0.0148,0.6318
HEARTS SIX DIAMONDS JACK,0.362,0.018,0.62
DIAMONDS JACK HEARTS NINE,0.3252,0.0132,0.6616
DIAMONDS JACK HEARTS EIGHT,0.339,0.0176,0.6434
DIAMONDS KING DIAMONDS JACK,0.302,0.0068,0.6912
HEARTS THREE DIAMONDS JACK,0.2408,0.0606,0.6986
SPADES ACE SPADES SIX,0.35,0.006,0.644
HEARTS ACE SPADES FOUR,0.351,0.005,0.644
DIAMONDS QUEEN DIAMONDS JACK,0.29,0.0092,0.7008
HEARTS TWO DIAMONDS JACK,0.3678,0.0194,0.6128
HEARTS FIVE DIAMONDS JACK,0.3562,0.0162,0.6276
SPADES QUEEN SPADES SIX,0.3414,0.0126,0.646
SPADES FOUR HEARTS QUEEN,0.3672,0.0148,0.618
DIAMONDS ACE DIAMONDS JACK,0.3024,0.0038,0.6938
HEARTS FOUR DIAMONDS JACK,0.364,0.0196,0.6164
SPADES KING SPADES SIX,0.347,0.0084,0.6446
SPADES FOUR HEARTS KING,0.3578,0.0072,0.635
SPADES JACK SPADES SIX,0.3396,0.0152,0.6452
SPADES FOUR DIAMONDS JACK,0.364,0.02,0.616
SPADES FIVE DIAMONDS JACK,0.3526,0.0194,0.628
SPADES TWO DIAMONDS JACK,0.3864,0.0198,0.5938
SPADES THREE DIAMONDS JACK,0.2406,0.0566,0.7028
CLUBS EIGHT DIAMONDS JACK,0.3306,0.015,0.6544
CLUBS NINE DIAMONDS JACK,0.3218,0.0186,0.6596
CLUBS SIX DIAMONDS JACK,0.3654,0.0172,0.6174
CLUBS SEVEN DIAMONDS JACK,0.359,0.016,0.625
CLUBS FOUR DIAMONDS JACK,0.349,0.0182,0.6328
CLUBS FIVE DIAMONDS JACK,0.3616,0.019,0.6194
CLUBS TWO DIAMONDS JACK,0.3852,0.0188,0.596
CLUBS THREE DIAMONDS JACK,0.2394,0.0574,0.7032
SPADES JACK HEARTS SIX,0.3536,0.017,0.6294
SPADES JACK CLUBS FIVE,0.3544,0.0172,0.6284
CLUBS SEVEN CLUBS ACE,0.3402,0.0048,0.655
CLUBS SEVEN CLUBS QUEEN,0.3398,0.0118,0.6484
CLUBS SEVEN CLUBS KING,0.3404,0.0074,0.6522
SPADES NINE DIAMONDS JACK,0.3266,0.0176,0.6558
CLUBS TEN CLUBS SEVEN,0.2166,0.273,0.5104
DIAMONDS ACE HEARTS ACE,0.1176,0.0044,0.878
HEARTS FOUR HEARTS ACE,0.3296,0.0048,0.6656
SPADES EIGHT DIAMONDS JACK,0.329,0.019,0.652
SPADES ACE HEARTS SIX,0.358,0.005,0.637
CLUBS SEVEN CLUBS JACK,0.3296,0.0198,0.6506
DIAMONDS ACE HEARTS KING,0.3192,0.0054,0.6754
HEARTS FOUR HEARTS KING,0.3328,0.0094,0.6578
SPADES SEVEN DIAMONDS JACK,0.3502,0.0156,0.6342
SPADES KING HEARTS SIX,0.368,0.0058,0.6262
DIAMONDS ACE HEARTS QUEEN,0.3218,0.0028,0.6754
HEARTS FOUR HEARTS QUEEN,0.3324,0.01,0.6576
SPADES SIX DIAMONDS JACK,0.3578,0.02,0.6222
SPADES QUEEN HEARTS SIX,0.3444,0.0124,0.6432
DIAMONDS TEN SPADES TWO,0.2632,0.526,0.2108
DIAMONDS TEN SPADES THREE,0.008,0.9836,0.0084
DIAMONDS TEN SPADES FOUR,0.2086,0.53,0.2614
SPADES FIVE DIAMONDS TEN,0.2004,0.4744,0.3252
SPADES SIX DIAMONDS TEN,0.2058,0.3954,0.3988
SPADES SEVEN DIAMONDS TEN,0.2036,0.3074,0.489
SPADES EIGHT DIAMONDS TEN,0.2224,0.227,0.5506
SPADES NINE DIAMONDS TEN,0.227,0.1688,0.6042
CLUBS FOUR DIAMONDS TEN,0.2174,0.5232,0.2594
CLUBS FIVE DIAMONDS TEN,0.22,0.4544,0.3256
CLUBS SIX DIAMONDS TEN,0.2166,0.3738,0.4096
CLUBS SEVEN DIAMONDS TEN,0.212,0.3004,0.4876
CLUBS EIGHT DIAMONDS TEN,0.2072,0.2308,0.562
CLUBS NINE DIAMONDS TEN,0.2162,0.1788,0.605
SPADES FOUR HEARTS JACK,0.3496,0.02,0.6304
SPADES FOUR HEARTS TEN,0.2158,0.5316,0.2526
SPADES FIVE SPADES TWO,0.5812,0.0294,0.3894
SPADES FOUR SPADES TWO,0.5754,0.0312,0.3934
SPADES THREE SPADES TWO,0.641,0.08,0.279
SPADES NINE SPADES TWO,0.583,0.0274,0.3896
SPADES EIGHT SPADES TWO,0.5846,0.0334,0.382
SPADES SEVEN SPADES TWO,0.585,0.0268,0.3882
SPADES SIX SPADES TWO,0.5828,0.0256,0.3916
CLUBS THREE DIAMONDS QUEEN,0.2356,0.041,0.7234
CLUBS THREE HEARTS TWO,0.668,0.0738,0.2582
CLUBS TWO DIAMONDS QUEEN,0.3894,0.0138,0.5968
HEARTS TWO CLUBS TWO,0.3998,0.0666,0.5336
HEARTS SEVEN DIAMONDS QUEEN,0.3674,0.0096,0.623
HEARTS SEVEN HEARTS TWO,0.5656,0.0292,0.4052
HEARTS SIX DIAMONDS QUEEN,0.3502,0.0098,0.64
HEARTS SIX HEARTS TWO,0.5666,0.0274,0.406
DIAMONDS QUEEN HEARTS NINE,0.3372,0.0104,0.6524
HEARTS TWO HEARTS NINE,0.5804,0.0312,0.3884
DIAMONDS QUEEN HEARTS EIGHT,0.3474,0.0102,0.6424
HEARTS TWO HEARTS EIGHT,0.574,0.027,0.399
CLUBS NINE HEARTS TWO,0.6058,0.0292,0.365
CLUBS NINE DIAMONDS QUEEN,0.3328,0.0128,0.6544
CLUBS EIGHT HEARTS TWO,0.6196,0.032,0.3484
CLUBS EIGHT DIAMONDS QUEEN,0.3448,0.0108,0.6444
CLUBS FIVE DIAMONDS QUEEN,0.342,0.012,0.646
CLUBS FIVE HEARTS TWO,0.5998,0.0316,0.3686
SPADES EIGHT HEARTS ACE,0.3666,0.0044,0.629
CLUBS FOUR DIAMONDS QUEEN,0.357,0.0132,0.6298
CLUBS FOUR HEARTS TWO,0.608,0.0292,0.3628
CLUBS SEVEN DIAMONDS QUEEN,0.3586,0.012,0.6294
CLUBS SEVEN HEARTS TWO,0.6198,0.0328,0.3474
SPADES EIGHT HEARTS QUEEN,0.355,0.0112,0.6338
CLUBS SIX DIAMONDS QUEEN,0.3628,0.0102,0.627
CLUBS SIX HEARTS TWO,0.593,0.0284,0.3786
SPADES EIGHT HEARTS KING,0.3604,0.0062,0.6334
SPADES SIX DIAMONDS QUEEN,0.3476,0.0122,0.6402
SPADES SIX HEARTS TWO,0.6132,0.0288,0.358
HEARTS FOUR CLUBS QUEEN,0.3612,0.0138,0.625
DIAMONDS ACE CLUBS QUEEN,0.3166,0.005,0.6784
SPADES SEVEN DIAMONDS QUEEN,0.3622,0.0128,0.625
SPADES SEVEN HEARTS TWO,0.627,0.0308,0.3422
HEARTS FOUR CLUBS KING,0.37,0.0088,0.6212
DIAMONDS ACE CLUBS KING,0.3364,0.0046,0.659
SPADES EIGHT DIAMONDS QUEEN,0.3572,0.0122,0.6306
SPADES EIGHT HEARTS TWO,0.6178,0.0314,0.3508
HEARTS FOUR CLUBS ACE,0.349,0.0028,0.6482
DIAMONDS ACE CLUBS ACE,0.1266,0.0022,0.8712
SPADES NINE DIAMONDS QUEEN,0.3432,0.0128,0.644
SPADES NINE HEARTS TWO,0.602,0.035,0.363
HEARTS TWO SPADES TWO,0.4008,0.0718,0.5274
DIAMONDS QUEEN SPADES TWO,0.3856,0.0178,0.5966
HEARTS TWO SPADES THREE,0.6658,0.0766,0.2576
SPADES THREE DIAMONDS QUEEN,0.2246,0.0444,0.731
HEARTS TWO SPADES FOUR,0.5898,0.0322,0.378
SPADES FOUR DIAMONDS QUEEN,0.3602,0.0144,0.6254
CLUBS TEN HEARTS FOUR,0.2082,0.5208,0.271
CLUBS TEN DIAMONDS ACE,0.2204,0.0206,0.759
HEARTS TWO SPADES FIVE,0.5864,0.0344,0.3792
SPADES FIVE DIAMONDS QUEEN,0.3646,0.014,0.6214
HEARTS FOUR CLUBS JACK,0.3552,0.0188,0.626
DIAMONDS ACE CLUBS JACK,0.3078,0.0048,0.6874
CLUBS FIVE CLUBS KING,0.3426,0.009,0.6484
CLUBS FIVE CLUBS QUEEN,0.3424,0.012,0.6456
CLUBS FIVE CLUBS ACE,0.3494,0.0038,0.6468
CLUBS FIVE CLUBS JACK,0.3414,0.0168,0.6418
CLUBS TEN CLUBS FIVE,0.1996,0.4442,0.3562
SPADES KING CLUBS JACK,0.2974,0.0098,0.6928
SPADES QUEEN CLUBS JACK,0.3044,0.0116,0.684
SPADES ACE CLUBS JACK,0.2968,0.0054,0.6978
SPADES SIX CLUBS KING,0.3638,0.0082,0.628
SPADES SIX CLUBS QUEEN,0.3634,0.0124,0.6242
SPADES EIGHT HEARTS JACK,0.3438,0.0184,0.6378
SPADES SIX CLUBS ACE,0.371,0.0028,0.6262
SPADES EIGHT HEARTS TEN,0.2224,0.232,0.5456
SPADES SIX CLUBS JACK,0.3556,0.0184,0.626
CLUBS TEN SPADES SIX,0.2186,0.3746,0.4068
SPADES JACK CLUBS JACK,0.1442,0.023,0.8328
SPADES QUEEN CLUBS SEVEN,0.3566,0.0114,0.632
SPADES KING CLUBS SEVEN,0.357,0.0062,0.6368
SPADES ACE CLUBS SEVEN,0.3648,0.0046,0.6306
SPADES SIX HEARTS TEN,0.2118,0.381,0.4072
SPADES SIX HEARTS JACK,0.353,0.0154,0.6316
SPADES SIX HEARTS ACE,0.3598,0.0048,0.6354
SPADES SIX HEARTS KING,0.3538,0.0072,0.639
SPADES SIX HEARTS QUEEN,0.3614,0.0112,0.6274
CLUBS SEVEN SPADES JACK,0.344,0.0168,0.6392
CLUBS TEN HEARTS SIX,0.2146,0.3694,0.416
HEARTS SIX CLUBS JACK,0.3568,0.0158,0.6274
CLUBS ACE CLUBS JACK,0.3018,0.0056,0.6926
HEARTS SIX CLUBS QUEEN,0.356,0.0114,0.6326
HEARTS SIX CLUBS KING,0.3644,0.0094,0.6262
HEARTS SIX CLUBS ACE,0.3658,0.0034,0.6308
CLUBS QUEEN CLUBS JACK,0.2864,0.0134,0.7002
CLUBS KING CLUBS JACK,0.2968,0.0054,0.6978
CLUBS FIVE HEARTS JACK,0.3372,0.02,0.6428
CLUBS FIVE HEARTS TEN,0.224,0.4556,0.3204
HEARTS FOUR SPADES JACK,0.364,0.0158,0.6202
SPADES JACK DIAMONDS ACE,0.3044,0.0054,0.6902
SPADES ACE HEARTS FOUR,0.361,0.0038,0.6352
SPADES ACE DIAMONDS ACE,0.117,0.0042,0.8788
CLUBS FIVE HEARTS ACE,0.3606,0.004,0.6354
CLUBS FIVE HEARTS KING,0.35,0.0086,0.6414
HEARTS FOUR SPADES QUEEN,0.355,0.0116,0.6334
SPADES QUEEN DIAMONDS ACE,0.3132,0.006,0.6808
SPADES FOUR CLUBS JACK,0.3508,0.0188,0.6304
CLUBS FIVE HEARTS QUEEN,0.3634,0.0126,0.624
SPADES KING DIAMONDS ACE,0.3092,0.0036,0.6872
SPADES KING HEARTS FOUR,0.359,0.0104,0.6306
CLUBS TEN SPADES FOUR,0.2216,0.5268,0.2516
DIAMONDS ACE DIAMONDS QUEEN,0.31,0.0052,0.6848
DIAMONDS ACE HEARTS TWO,0.391,0.0052,0.6038
HEARTS FOUR DIAMONDS QUEEN,0.3604,0.0126,0.627
HEARTS FOUR HEARTS TWO,0.5522,0.0308,0.417
SPADES FOUR CLUBS KING,0.3588,0.007,0.6342
HEARTS FIVE DIAMONDS QUEEN,0.3568,0.0126,0.6306
HEARTS FIVE HEARTS TWO,0.5666,0.031,0.4024
SPADES FOUR CLUBS QUEEN,0.3454,0.0122,0.6424
HEARTS TWO DIAMONDS QUEEN,0.3798,0.0126,0.6076
DIAMONDS KING DIAMONDS QUEEN,0.298,0.0092,0.6928
DIAMONDS KING HEARTS TWO,0.391,0.0074,0.6016
HEARTS THREE DIAMONDS QUEEN,0.2256,0.0488,0.7256
HEARTS THREE HEARTS TWO,0.644,0.0736,0.2824
SPADES FOUR CLUBS ACE,0.3536,0.0054,0.641
HEARTS TWO CLUBS ACE,0.379,0.0062,0.6148
DIAMONDS QUEEN CLUBS ACE,0.3186,0.0038,0.6776
HEARTS TWO CLUBS QUEEN,0.3962,0.013,0.5908
DIAMONDS QUEEN CLUBS QUEEN,0.1414,0.0166,0.842
HEARTS TWO CLUBS KING,0.3848,0.0064,0.6088
DIAMONDS QUEEN CLUBS KING,0.3018,0.006,0.6922
SPADES EIGHT SPADES FIVE,0.536,0.0264,0.4376
CLUBS TEN HEARTS TWO,0.2734,0.498,0.2286
CLUBS TEN DIAMONDS QUEEN,0.221,0.047,0.732
SPADES NINE SPADES FIVE,0.5344,0.0334,0.4322
HEARTS TWO CLUBS JACK,0.3938,0.0178,0.5884
DIAMONDS QUEEN CLUBS JACK,0.3026,0.0092,0.6882
SPADES SIX SPADES FIVE,0.5236,0.0234,0.453
SPADES SEVEN SPADES FIVE,0.5248,0.0276,0.4476
DIAMONDS FIVE CLUBS QUEEN,0.3728,0.0118,0.6154
SPADES EIGHT CLUBS ACE,0.3648,0.0038,0.6314
CLUBS KING DIAMONDS FIVE,0.3592,0.0066,0.6342
SPADES EIGHT CLUBS KING,0.3628,0.0068,0.6304
CLUBS ACE DIAMONDS FIVE,0.3366,0.0066,0.6568
SPADES EIGHT CLUBS QUEEN,0.3428,0.0104,0.6468
SPADES EIGHT CLUBS JACK,0.336,0.0156,0.6484
CLUBS TEN SPADES EIGHT,0.228,0.2226,0.5494
CLUBS TEN DIAMONDS FIVE,0.2184,0.462,0.3196
DIAMONDS FIVE CLUBS JACK,0.35,0.021,0.629
DIAMONDS TEN HEARTS JACK,0.2246,0.0596,0.7158
DIAMONDS TEN HEARTS TEN,0.0738,0.0562,0.87
SPADES ACE CLUBS NINE,0.3596,0.0052,0.6352
CLUBS NINE SPADES QUEEN,0.326,0.0116,0.6624
CLUBS NINE SPADES KING,0.3544,0.0078,0.6378
HEARTS SIX HEARTS KING,0.325,0.007,0.668
DIAMONDS KING SPADES SEVEN,0.3596,0.01,0.6304
SPADES SEVEN HEARTS THREE,0.681,0.07,0.249
SPADES KING DIAMONDS SEVEN,0.3566,0.0068,0.6366
HEARTS SIX HEARTS QUEEN,0.3426,0.0104,0.647
DIAMONDS KING SPADES SIX,0.3522,0.008,0.6398
HEARTS THREE SPADES SIX,0.667,0.0706,0.2624
SPADES QUEEN DIAMONDS SEVEN,0.3616,0.0142,0.6242
SPADES NINE DIAMONDS KING,0.344,0.0084,0.6476
SPADES NINE HEARTS THREE,0.6918,0.081,0.2272
HEARTS SIX HEARTS ACE,0.3458,0.0046,0.6496
SPADES EIGHT DIAMONDS KING,0.3524,0.0066,0.641
SPADES EIGHT HEARTS THREE,0.6892,0.0746,0.2362
SPADES ACE DIAMONDS SEVEN,0.3486,0.005,0.6464
CLUBS NINE HEARTS THREE,0.692,0.0784,0.2296
CLUBS NINE DIAMONDS KING,0.3466,0.0074,0.646
CLUBS EIGHT HEARTS THREE,0.6862,0.0792,0.2346
CLUBS EIGHT DIAMONDS KING,0.3634,0.006,0.6306
HEARTS THREE SPADES THREE,0.28,0.055,0.665
DIAMONDS KING SPADES THREE,0.2366,0.0376,0.7258
HEARTS THREE SPADES TWO,0.6562,0.0886,0.2552
DIAMONDS KING SPADES TWO,0.3858,0.0104,0.6038
HEARTS THREE SPADES FIVE,0.6466,0.0846,0.2688
DIAMONDS KING SPADES FIVE,0.3554,0.0112,0.6334
HEARTS THREE SPADES FOUR,0.6468,0.0762,0.277
DIAMONDS KING SPADES FOUR,0.3634,0.0106,0.626
DIAMONDS KING CLUBS TWO,0.3936,0.0094,0.597
HEARTS THREE CLUBS TWO,0.6582,0.0844,0.2574
DIAMONDS KING CLUBS THREE,0.2374,0.0342,0.7284
CLUBS THREE HEARTS THREE,0.2916,0.0494,0.659
