opposingHand,winningChance,drawChance,lostChance
DIAMONDS FIVE SPADES SEVEN
HEARTS FIVE SPADES TEN,0.2894,0.0742,0.6364
HEARTS FIVE SPADES JACK,0.2674,0.062,0.6706
SPADES FIVE CLUBS JACK,0.2888,0.0622,0.649
CLUBS TEN SPADES FIVE,0.277,0.0758,0.6472
CLUBS EIGHT CLUBS JACK,0.3344,0.0146,0.651
CLUBS TEN CLUBS EIGHT,0.3184,0.0244,0.6572
CLUBS EIGHT CLUBS KING,0.3386,0.0092,0.6522
SPADES FIVE CLUBS ACE,0.285,0.0218,0.6932
CLUBS EIGHT CLUBS QUEEN,0.3416,0.0128,0.6456
SPADES FIVE CLUBS KING,0.2888,0.029,0.6822
SPADES FIVE CLUBS QUEEN,0.2788,0.047,0.6742
CLUBS EIGHT CLUBS ACE,0.3364,0.003,0.6606
DIAMONDS TWO DIAMONDS THREE,0.5472,0.0976,0.3552
HEARTS FIVE SPADES KING,0.2676,0.0322,0.7002
DIAMONDS TWO DIAMONDS FOUR,0.5338,0.098,0.3682
HEARTS FIVE SPADES QUEEN,0.2776,0.0482,0.6742
DIAMONDS TWO DIAMONDS SEVEN,0.3196,0.4418,0.2386
DIAMONDS TWO DIAMONDS SIX,0.5468,0.1018,0.3514
SPADES ACE HEARTS FIVE,0.2826,0.0202,0.6972
DIAMONDS TWO DIAMONDS NINE,0.4116,0.038,0.5504
DIAMONDS TWO DIAMONDS EIGHT,0.4022,0.0634,0.5344
DIAMONDS THREE DIAMONDS FOUR,0.5402,0.104,0.3558
SPADES FOUR CLUBS TWO,0.5764,0.0954,0.3282
SPADES FIVE CLUBS TWO,0.569,0.2022,0.2288
CLUBS TWO SPADES TWO,0.3914,0.117,0.4916
CLUBS TWO SPADES THREE,0.584,0.1026,0.3134
DIAMONDS THREE DIAMONDS EIGHT,0.4056,0.065,0.5294
SPADES EIGHT CLUBS TWO,0.4196,0.0666,0.5138
DIAMONDS THREE DIAMONDS NINE,0.4164,0.043,0.5406
SPADES NINE CLUBS TWO,0.4228,0.049,0.5282
DIAMONDS THREE DIAMONDS SIX,0.53,0.1006,0.3694
SPADES SIX CLUBS TWO,0.578,0.103,0.319
DIAMONDS THREE DIAMONDS SEVEN,0.322,0.4344,0.2436
CLUBS SIX CLUBS TWO,0.5388,0.0958,0.3654
CLUBS SEVEN CLUBS TWO,0.3308,0.409,0.2602
CLUBS FOUR CLUBS TWO,0.5452,0.1028,0.352
CLUBS FIVE CLUBS TWO,0.5348,0.188,0.2772
CLUBS TEN CLUBS JACK,0.3248,0.0122,0.663
DIAMONDS SIX DIAMONDS FOUR,0.5212,0.1032,0.3756
CLUBS TEN CLUBS QUEEN,0.3406,0.0086,0.6508
DIAMONDS FOUR DIAMONDS SEVEN,0.307,0.4418,0.2512
CLUBS TEN CLUBS KING,0.3292,0.0078,0.663
CLUBS TEN CLUBS ACE,0.3248,0.005,0.6702
CLUBS EIGHT CLUBS TWO,0.4034,0.0618,0.5348
CLUBS NINE CLUBS TWO,0.403,0.0432,0.5538
DIAMONDS NINE DIAMONDS FOUR,0.398,0.0392,0.5628
DIAMONDS FOUR DIAMONDS EIGHT,0.3844,0.064,0.5516
CLUBS THREE CLUBS TWO,0.5322,0.0948,0.373
DIAMONDS TWO CLUBS JACK,0.436,0.0168,0.5472
CLUBS TEN DIAMONDS TWO,0.4316,0.0244,0.544
DIAMONDS TWO CLUBS ACE,0.4092,0.0042,0.5866
DIAMONDS TWO CLUBS KING,0.436,0.0074,0.5566
DIAMONDS TWO CLUBS QUEEN,0.4262,0.0134,0.5604
DIAMONDS SIX DIAMONDS EIGHT,0.3402,0.0552,0.6046
DIAMONDS NINE DIAMONDS SIX,0.3526,0.0372,0.6102
HEARTS ACE SPADES THREE,0.4056,0.0026,0.5918
SPADES THREE HEARTS KING,0.429,0.0076,0.5634
DIAMONDS SIX DIAMONDS SEVEN,0.2172,0.3654,0.4174
SPADES THREE HEARTS QUEEN,0.4234,0.0162,0.5604
SPADES THREE HEARTS JACK,0.4242,0.017,0.5588
SPADES THREE HEARTS TEN,0.4232,0.0334,0.5434
DIAMONDS EIGHT DIAMONDS SEVEN,0.237,0.1382,0.6248
DIAMONDS NINE DIAMONDS SEVEN,0.2272,0.1078,0.665
DIAMONDS NINE DIAMONDS EIGHT,0.3048,0.0378,0.6574
DIAMONDS KING HEARTS TEN,0.3644,0.0072,0.6284
HEARTS THREE HEARTS TEN,0.4026,0.025,0.5724
SPADES JACK CLUBS SIX,0.393,0.015,0.592
DIAMONDS KING HEARTS JACK,0.3644,0.0066,0.629
HEARTS THREE HEARTS JACK,0.3892,0.0214,0.5894
SPADES TEN CLUBS SIX,0.369,0.028,0.603
SPADES JACK SPADES FIVE,0.2706,0.0604,0.669
SPADES TEN SPADES FIVE,0.2684,0.0754,0.6562
DIAMONDS KING HEARTS ACE,0.3578,0.0044,0.6378
HEARTS THREE HEARTS ACE,0.385,0.0054,0.6096
SPADES ACE CLUBS SIX,0.3778,0.0034,0.6188
DIAMONDS KING HEARTS QUEEN,0.3594,0.0064,0.6342
HEARTS THREE HEARTS QUEEN,0.3904,0.0122,0.5974
SPADES KING CLUBS SIX,0.39,0.0098,0.6002
DIAMONDS KING HEARTS KING,0.1706,0.0168,0.8126
HEARTS THREE HEARTS KING,0.393,0.006,0.601
SPADES QUEEN CLUBS SIX,0.387,0.0132,0.5998
SPADES NINE HEARTS TEN,0.3358,0.0256,0.6386
SPADES NINE HEARTS JACK,0.3458,0.0164,0.6378
SPADES QUEEN SPADES FIVE,0.2652,0.0474,0.6874
SPADES KING SPADES FIVE,0.2568,0.0348,0.7084
SPADES ACE SPADES FIVE,0.2678,0.0186,0.7136
SPADES NINE HEARTS QUEEN,0.353,0.0108,0.6362
SPADES NINE HEARTS KING,0.3524,0.0076,0.64
SPADES NINE HEARTS ACE,0.3624,0.0028,0.6348
CLUBS TEN SPADES JACK,0.345,0.012,0.643
CLUBS TEN SPADES TEN,0.1816,0.055,0.7634
SPADES ACE CLUBS TEN,0.3516,0.0028,0.6456
SPADES KING CLUBS TEN,0.3614,0.0062,0.6324
CLUBS TEN SPADES QUEEN,0.3496,0.0106,0.6398
SPADES FIVE HEARTS QUEEN,0.2804,0.0436,0.676
SPADES FIVE HEARTS KING,0.2714,0.0336,0.695
SPADES FIVE HEARTS ACE,0.2684,0.0216,0.71
CLUBS EIGHT SPADES TEN,0.3508,0.0234,0.6258
SPADES JACK HEARTS THREE,0.4166,0.0206,0.5628
SPADES JACK DIAMONDS KING,0.3526,0.0054,0.642
SPADES TEN DIAMONDS KING,0.3536,0.0062,0.6402
SPADES TEN HEARTS THREE,0.416,0.0302,0.5538
SPADES JACK CLUBS EIGHT,0.3526,0.0176,0.6298
CLUBS SIX HEARTS ACE,0.3778,0.0032,0.619
SPADES ACE CLUBS EIGHT,0.3374,0.0042,0.6584
HEARTS FIVE CLUBS JACK,0.2902,0.065,0.6448
HEARTS FIVE CLUBS TEN,0.2814,0.0726,0.646
CLUBS SIX HEARTS QUEEN,0.3854,0.0134,0.6012
SPADES QUEEN CLUBS EIGHT,0.3502,0.012,0.6378
CLUBS TEN SPADES THREE,0.4236,0.0274,0.549
CLUBS SIX HEARTS KING,0.39,0.0076,0.6024
SPADES KING CLUBS EIGHT,0.3612,0.0088,0.63
SPADES THREE CLUBS JACK,0.4296,0.0204,0.55
DIAMONDS TWO HEARTS JACK,0.4434,0.0168,0.5398
SPADES THREE CLUBS QUEEN,0.4216,0.0122,0.5662
DIAMONDS TWO HEARTS TEN,0.4312,0.0302,0.5386
SPADES THREE CLUBS KING,0.4244,0.0068,0.5688
HEARTS FIVE CLUBS ACE,0.2826,0.024,0.6934
SPADES FIVE HEARTS TEN,0.2932,0.0796,0.6272
SPADES THREE CLUBS ACE,0.4172,0.006,0.5768
HEARTS FIVE CLUBS KING,0.2904,0.033,0.6766
SPADES FIVE HEARTS JACK,0.283,0.0638,0.6532
HEARTS FIVE CLUBS QUEEN,0.2876,0.0422,0.6702
HEARTS THREE CLUBS KING,0.4254,0.008,0.5666
DIAMONDS KING CLUBS KING,0.1742,0.02,0.8058
HEARTS THREE CLUBS QUEEN,0.422,0.0106,0.5674
DIAMONDS KING CLUBS QUEEN,0.3486,0.0064,0.645
HEARTS FIVE HEARTS JACK,0.2628,0.0598,0.6774
HEARTS FIVE HEARTS TEN,0.264,0.0698,0.6662
HEARTS THREE CLUBS ACE,0.4188,0.0056,0.5756
DIAMONDS KING CLUBS ACE,0.363,0.0038,0.6332
SPADES ACE CLUBS QUEEN,0.3606,0.002,0.6374
SPADES KING CLUBS QUEEN,0.3638,0.007,0.6292
HEARTS THREE CLUBS JACK,0.4128,0.0198,0.5674
DIAMONDS KING CLUBS JACK,0.373,0.009,0.618
SPADES QUEEN CLUBS QUEEN,0.1718,0.0334,0.7948
CLUBS TEN HEARTS THREE,0.416,0.0322,0.5518
CLUBS TEN DIAMONDS KING,0.3528,0.0066,0.6406
SPADES JACK CLUBS QUEEN,0.351,0.011,0.638
CLUBS SIX CLUBS QUEEN,0.371,0.0104,0.6186
SPADES TEN CLUBS QUEEN,0.3386,0.0112,0.6502
CLUBS SIX CLUBS KING,0.3764,0.0074,0.6162
CLUBS SIX CLUBS ACE,0.3608,0.0042,0.635
HEARTS FIVE HEARTS KING,0.269,0.0308,0.7002
HEARTS FIVE HEARTS QUEEN,0.267,0.042,0.691
CLUBS TEN CLUBS SIX,0.3656,0.0292,0.6052
HEARTS FIVE HEARTS ACE,0.2562,0.0232,0.7206
CLUBS SIX CLUBS JACK,0.3626,0.0154,0.622
DIAMONDS TWO CLUBS TWO,0.3932,0.116,0.4908
DIAMONDS TWO CLUBS THREE,0.5746,0.0994,0.326
DIAMONDS TWO HEARTS SIX,0.5694,0.1,0.3306
DIAMONDS TWO HEARTS QUEEN,0.4426,0.0104,0.547
HEARTS SEVEN DIAMONDS TWO,0.3476,0.45,0.2024
DIAMONDS TWO HEARTS KING,0.4342,0.01,0.5558
DIAMONDS TWO HEARTS EIGHT,0.422,0.063,0.515
DIAMONDS TWO HEARTS ACE,0.4054,0.0048,0.5898
DIAMONDS TWO HEARTS NINE,0.4304,0.0428,0.5268
DIAMONDS TWO DIAMONDS QUEEN,0.4232,0.0098,0.567
DIAMONDS TWO HEARTS TWO,0.3826,0.1156,0.5018
DIAMONDS TWO DIAMONDS KING,0.415,0.0104,0.5746
DIAMONDS TWO HEARTS THREE,0.5822,0.1056,0.3122
DIAMONDS TWO DIAMONDS ACE,0.3992,0.0074,0.5934
HEARTS FOUR DIAMONDS TWO,0.579,0.1056,0.3154
HEARTS FIVE DIAMONDS TWO,0.5692,0.2046,0.2262
DIAMONDS TWO DIAMONDS TEN,0.4128,0.0282,0.559
DIAMONDS TWO DIAMONDS JACK,0.4112,0.0216,0.5672
DIAMONDS TWO SPADES NINE,0.4302,0.0446,0.5252
DIAMONDS TWO SPADES EIGHT,0.4112,0.0676,0.5212
DIAMONDS TWO SPADES SIX,0.5862,0.0984,0.3154
DIAMONDS TWO SPADES FIVE,0.5786,0.2076,0.2138
DIAMONDS TWO SPADES FOUR,0.5898,0.1018,0.3084
DIAMONDS TWO SPADES THREE,0.5778,0.1024,0.3198
DIAMONDS TWO SPADES TWO,0.3934,0.1136,0.493
CLUBS NINE DIAMONDS TWO,0.4324,0.0452,0.5224
DIAMONDS TWO CLUBS EIGHT,0.433,0.0658,0.5012
CLUBS SEVEN DIAMONDS TWO,0.3518,0.4482,0.2
DIAMONDS TWO CLUBS SIX,0.579,0.107,0.314
DIAMONDS TWO CLUBS FIVE,0.577,0.2024,0.2206
DIAMONDS TWO CLUBS FOUR,0.5834,0.107,0.3096
CLUBS FOUR SPADES FIVE,0.542,0.202,0.256
CLUBS FOUR SPADES FOUR,0.386,0.1024,0.5116
CLUBS FOUR SPADES THREE,0.5636,0.1042,0.3322
CLUBS FOUR SPADES TWO,0.592,0.1046,0.3034
SPADES NINE CLUBS FOUR,0.4198,0.039,0.5412
SPADES EIGHT CLUBS FOUR,0.408,0.067,0.525
SPADES SIX CLUBS FOUR,0.5424,0.113,0.3446
SPADES ACE DIAMONDS SIX,0.3692,0.0048,0.626
SPADES QUEEN DIAMONDS SIX,0.3674,0.012,0.6206
SPADES KING DIAMONDS SIX,0.3872,0.0104,0.6024
SPADES TEN DIAMONDS SIX,0.3646,0.029,0.6064
SPADES JACK DIAMONDS SIX,0.378,0.021,0.601
SPADES QUEEN SPADES TWO,0.4178,0.0152,0.567
SPADES KING SPADES TWO,0.412,0.0094,0.5786
SPADES ACE SPADES TWO,0.3932,0.0056,0.6012
DIAMONDS JACK CLUBS JACK,0.177,0.0478,0.7752
CLUBS TEN DIAMONDS JACK,0.3198,0.0176,0.6626
DIAMONDS JACK CLUBS KING,0.3578,0.0082,0.634
DIAMONDS JACK CLUBS QUEEN,0.3466,0.01,0.6434
DIAMONDS THREE DIAMONDS JACK,0.394,0.0194,0.5866
DIAMONDS THREE DIAMONDS TEN,0.395,0.031,0.574
DIAMONDS JACK CLUBS ACE,0.3662,0.0044,0.6294
DIAMONDS THREE DIAMONDS KING,0.3914,0.011,0.5976
DIAMONDS THREE HEARTS THREE,0.376,0.1204,0.5036
DIAMONDS THREE DIAMONDS QUEEN,0.399,0.0118,0.5892
DIAMONDS THREE HEARTS TWO,0.5776,0.0976,0.3248
HEARTS FIVE DIAMONDS THREE,0.5534,0.2036,0.243
DIAMONDS THREE DIAMONDS ACE,0.3794,0.005,0.6156
HEARTS FOUR DIAMONDS THREE,0.5688,0.107,0.3242
HEARTS SEVEN DIAMONDS THREE,0.34,0.4484,0.2116
SPADES TEN SPADES NINE,0.327,0.0204,0.6526
HEARTS SIX DIAMONDS THREE,0.5692,0.102,0.3288
SPADES JACK SPADES NINE,0.3358,0.0174,0.6468
DIAMONDS THREE HEARTS NINE,0.4136,0.044,0.5424
HEARTS JACK DIAMONDS FOUR,0.4224,0.0184,0.5592
HEARTS ACE HEARTS KING,0.3356,0.0052,0.6592
SPADES TEN SPADES TWO,0.406,0.0238,0.5702
DIAMONDS THREE HEARTS EIGHT,0.426,0.0646,0.5094
HEARTS TEN DIAMONDS FOUR,0.4124,0.0284,0.5592
SPADES JACK SPADES TWO,0.41,0.0172,0.5728
HEARTS QUEEN DIAMONDS FOUR,0.4156,0.0136,0.5708
HEARTS KING DIAMONDS FOUR,0.4172,0.0072,0.5756
SPADES ACE SPADES NINE,0.3488,0.0048,0.6464
HEARTS ACE DIAMONDS FOUR,0.3944,0.0046,0.601
SPADES KING SPADES NINE,0.341,0.0076,0.6514
SPADES QUEEN SPADES NINE,0.3434,0.0128,0.6438
DIAMONDS THREE SPADES NINE,0.4208,0.0492,0.53
DIAMONDS THREE SPADES EIGHT,0.4134,0.0666,0.52
DIAMONDS THREE SPADES SIX,0.5644,0.1036,0.332
DIAMONDS THREE CLUBS SIX,0.5592,0.103,0.3378
CLUBS FIVE CLUBS SIX,0.52,0.1892,0.2908
CLUBS ACE DIAMONDS FOUR,0.384,0.0052,0.6108
CLUBS SEVEN DIAMONDS THREE,0.3362,0.4466,0.2172
CLUBS SEVEN CLUBS FIVE,0.0254,0.8994,0.0752
DIAMONDS THREE CLUBS FOUR,0.571,0.0976,0.3314
DIAMONDS FOUR CLUBS QUEEN,0.4212,0.0134,0.5654
DIAMONDS THREE CLUBS FIVE,0.5422,0.2056,0.2522
CLUBS KING DIAMONDS FOUR,0.425,0.0098,0.5652
DIAMONDS THREE CLUBS TWO,0.5636,0.1054,0.331
CLUBS TEN DIAMONDS FOUR,0.4172,0.0312,0.5516
DIAMONDS THREE CLUBS THREE,0.3842,0.1144,0.5014
DIAMONDS FOUR CLUBS JACK,0.4156,0.0218,0.5626
DIAMONDS THREE SPADES FOUR,0.5666,0.1104,0.323
DIAMONDS THREE SPADES FIVE,0.5346,0.2166,0.2488
DIAMONDS THREE SPADES TWO,0.5834,0.1046,0.312
DIAMONDS THREE SPADES THREE,0.3922,0.1138,0.494
CLUBS EIGHT DIAMONDS THREE,0.4286,0.0656,0.5058
CLUBS NINE DIAMONDS THREE,0.4344,0.0406,0.525
CLUBS FIVE SPADES SIX,0.5582,0.1964,0.2454
CLUBS FIVE SPADES NINE,0.271,0.1004,0.6286
CLUBS FIVE SPADES EIGHT,0.2448,0.1452,0.61
CLUBS FIVE SPADES THREE,0.5486,0.1972,0.2542
CLUBS FIVE SPADES TWO,0.5698,0.2042,0.226
CLUBS FIVE SPADES FIVE,0.287,0.0894,0.6236
CLUBS FIVE SPADES FOUR,0.5478,0.2036,0.2486
CLUBS NINE CLUBS FIVE,0.2462,0.1094,0.6444
CLUBS EIGHT CLUBS FIVE,0.2388,0.1378,0.6234
CLUBS ACE CLUBS QUEEN,0.338,0.0042,0.6578
CLUBS KING CLUBS QUEEN,0.347,0.006,0.647
DIAMONDS TEN DIAMONDS FOUR,0.3862,0.0316,0.5822
CLUBS TEN DIAMONDS NINE,0.335,0.0254,0.6396
DIAMONDS JACK DIAMONDS FOUR,0.3924,0.0212,0.5864
DIAMONDS NINE CLUBS JACK,0.3502,0.0188,0.631
SPADES NINE CLUBS JACK,0.3468,0.0132,0.64
CLUBS TEN SPADES NINE,0.34,0.0244,0.6356
DIAMONDS ACE DIAMONDS FOUR,0.3744,0.006,0.6196
HEARTS FOUR DIAMONDS FOUR,0.3626,0.1162,0.5212
DIAMONDS JACK HEARTS TEN,0.3316,0.0162,0.6522
SPADES NINE CLUBS KING,0.3554,0.0076,0.637
DIAMONDS TWO SPADES TEN,0.425,0.0252,0.5498
DIAMONDS NINE CLUBS ACE,0.353,0.0044,0.6426
HEARTS FIVE DIAMONDS FOUR,0.545,0.1946,0.2604
DIAMONDS JACK HEARTS JACK,0.179,0.0436,0.7774
SPADES NINE CLUBS QUEEN,0.3532,0.01,0.6368
DIAMONDS TWO SPADES JACK,0.4298,0.0182,0.552
DIAMONDS QUEEN DIAMONDS FOUR,0.3958,0.0156,0.5886
HEARTS TWO DIAMONDS FOUR,0.5804,0.1,0.3196
DIAMONDS NINE CLUBS QUEEN,0.36,0.0112,0.6288
DIAMONDS KING DIAMONDS FOUR,0.3904,0.0092,0.6004
HEARTS THREE DIAMONDS FOUR,0.5676,0.1096,0.3228
SPADES NINE CLUBS ACE,0.3572,0.0036,0.6392
DIAMONDS NINE CLUBS KING,0.3624,0.0064,0.6312
HEARTS ACE DIAMONDS JACK,0.3508,0.0046,0.6446
SPADES ACE DIAMONDS TWO,0.4174,0.0054,0.5772
HEARTS QUEEN DIAMONDS JACK,0.3672,0.009,0.6238
SPADES QUEEN DIAMONDS TWO,0.4266,0.017,0.5564
HEARTS KING DIAMONDS JACK,0.3498,0.0068,0.6434
SPADES KING DIAMONDS TWO,0.424,0.0112,0.5648
CLUBS SEVEN CLUBS THREE,0.3312,0.414,0.2548
CLUBS SIX CLUBS THREE,0.5276,0.101,0.3714
CLUBS FIVE CLUBS THREE,0.5088,0.1926,0.2986
CLUBS THREE CLUBS FOUR,0.526,0.0964,0.3776
CLUBS NINE CLUBS THREE,0.3978,0.0358,0.5664
CLUBS EIGHT CLUBS THREE,0.391,0.0628,0.5462
CLUBS THREE SPADES FIVE,0.554,0.2118,0.2342
CLUBS THREE SPADES FOUR,0.5614,0.1,0.3386
CLUBS THREE SPADES THREE,0.3838,0.1202,0.496
CLUBS THREE SPADES TWO,0.5706,0.1048,0.3246
CLUBS THREE SPADES SIX,0.5648,0.1012,0.334
SPADES EIGHT CLUBS THREE,0.4198,0.0596,0.5206
SPADES NINE CLUBS THREE,0.4254,0.0454,0.5292
SPADES TWO DIAMONDS FOUR,0.5842,0.1064,0.3094
SPADES THREE DIAMONDS FOUR,0.5822,0.101,0.3168
SPADES FOUR DIAMONDS FOUR,0.3802,0.114,0.5058
SPADES FIVE DIAMONDS FOUR,0.5568,0.2032,0.24
SPADES SIX DIAMONDS FOUR,0.5616,0.1006,0.3378
SPADES EIGHT DIAMONDS FOUR,0.3836,0.069,0.5474
SPADES NINE DIAMONDS FOUR,0.4146,0.041,0.5444
CLUBS FIVE DIAMONDS FOUR,0.5554,0.2,0.2446
CLUBS FOUR DIAMONDS FOUR,0.3712,0.111,0.5178
CLUBS SEVEN DIAMONDS FOUR,0.3288,0.458,0.2132
CLUBS SIX DIAMONDS FOUR,0.5544,0.108,0.3376
CLUBS NINE DIAMONDS FOUR,0.4192,0.043,0.5378
CLUBS EIGHT DIAMONDS FOUR,0.4122,0.067,0.5208
HEARTS SEVEN DIAMONDS FOUR,0.3248,0.463,0.2122
HEARTS SIX DIAMONDS FOUR,0.5412,0.1006,0.3582
DIAMONDS FOUR HEARTS NINE,0.4226,0.0414,0.536
DIAMONDS FOUR HEARTS EIGHT,0.4022,0.07,0.5278
CLUBS THREE DIAMONDS FOUR,0.5638,0.1036,0.3326
CLUBS TWO DIAMONDS FOUR,0.59,0.1028,0.3072
DIAMONDS NINE HEARTS QUEEN,0.351,0.012,0.637
DIAMONDS NINE HEARTS KING,0.3774,0.0074,0.6152
HEARTS ACE DIAMONDS NINE,0.359,0.0044,0.6366
DIAMONDS NINE HEARTS TEN,0.3324,0.0234,0.6442
DIAMONDS NINE HEARTS JACK,0.3548,0.0174,0.6278
DIAMONDS SIX CLUBS KING,0.383,0.0096,0.6074
DIAMONDS SIX CLUBS QUEEN,0.3736,0.014,0.6124
CLUBS ACE DIAMONDS SIX,0.3776,0.0026,0.6198
SPADES KING DIAMONDS FOUR,0.4126,0.0094,0.578
SPADES QUEEN DIAMONDS FOUR,0.416,0.014,0.57
DIAMONDS SIX CLUBS JACK,0.3916,0.0178,0.5906
SPADES ACE DIAMONDS FOUR,0.399,0.0056,0.5954
CLUBS TEN DIAMONDS SIX,0.3646,0.025,0.6104
CLUBS NINE CLUBS FOUR,0.3892,0.0434,0.5674
CLUBS EIGHT CLUBS FOUR,0.378,0.0648,0.5572
SPADES JACK DIAMONDS FOUR,0.417,0.022,0.561
SPADES TEN DIAMONDS FOUR,0.411,0.0296,0.5594
CLUBS FIVE CLUBS FOUR,0.5166,0.1868,0.2966
CLUBS SEVEN CLUBS FOUR,0.2942,0.4364,0.2694
CLUBS SIX CLUBS FOUR,0.519,0.1024,0.3786
CLUBS SEVEN SPADES EIGHT,0.2342,0.138,0.6278
CLUBS SEVEN SPADES NINE,0.2578,0.1042,0.638
CLUBS SEVEN SPADES SIX,0.2302,0.3874,0.3824
CLUBS SEVEN SPADES FIVE,0.0184,0.9728,0.0088
CLUBS SEVEN SPADES FOUR,0.3272,0.4678,0.205
CLUBS SEVEN SPADES THREE,0.337,0.4684,0.1946
CLUBS SEVEN SPADES TWO,0.359,0.44,0.201
CLUBS NINE CLUBS SEVEN,0.2512,0.1044,0.6444
CLUBS SEVEN CLUBS EIGHT,0.231,0.1346,0.6344
HEARTS KING HEARTS EIGHT,0.3368,0.0076,0.6556
HEARTS QUEEN HEARTS EIGHT,0.333,0.0114,0.6556
HEARTS ACE HEARTS EIGHT,0.34,0.0046,0.6554
SPADES JACK DIAMONDS EIGHT,0.3484,0.0206,0.631
CLUBS TEN HEARTS JACK,0.354,0.0116,0.6344
SPADES TEN DIAMONDS EIGHT,0.3364,0.0268,0.6368
HEARTS JACK CLUBS JACK,0.1866,0.0384,0.775
HEARTS JACK CLUBS QUEEN,0.3566,0.009,0.6344
CLUBS KING HEARTS JACK,0.3666,0.0044,0.629
CLUBS ACE HEARTS JACK,0.3696,0.0026,0.6278
SPADES KING DIAMONDS EIGHT,0.3602,0.0074,0.6324
SPADES QUEEN DIAMONDS EIGHT,0.344,0.0108,0.6452
SPADES ACE DIAMONDS EIGHT,0.3496,0.0034,0.647
DIAMONDS TEN DIAMONDS SIX,0.3584,0.0256,0.616
HEARTS ACE DIAMONDS SEVEN,0.256,0.0302,0.7138
DIAMONDS JACK DIAMONDS SIX,0.373,0.0194,0.6076
HEARTS QUEEN DIAMONDS SEVEN,0.272,0.0426,0.6854
HEARTS KING DIAMONDS SEVEN,0.2618,0.0368,0.7014
DIAMONDS ACE DIAMONDS SIX,0.3744,0.0046,0.621
HEARTS FOUR DIAMONDS SIX,0.553,0.1002,0.3468
SPADES TWO HEARTS JACK,0.427,0.0158,0.5572
HEARTS FIVE DIAMONDS SIX,0.5562,0.2,0.2438
SPADES TWO HEARTS TEN,0.4296,0.0308,0.5396
DIAMONDS QUEEN DIAMONDS SIX,0.3682,0.0128,0.619
HEARTS TWO DIAMONDS SIX,0.5524,0.1038,0.3438
DIAMONDS KING DIAMONDS SIX,0.3648,0.0092,0.626
HEARTS THREE DIAMONDS SIX,0.5502,0.1078,0.342
DIAMONDS SIX HEARTS EIGHT,0.3458,0.0658,0.5884
DIAMONDS SIX HEARTS NINE,0.3748,0.0448,0.5804
HEARTS SIX DIAMONDS SIX,0.2364,0.1042,0.6594
HEARTS SEVEN DIAMONDS SIX,0.2132,0.392,0.3948
HEARTS TEN DIAMONDS SEVEN,0.2518,0.0808,0.6674
CLUBS TWO DIAMONDS SIX,0.57,0.1056,0.3244
HEARTS JACK DIAMONDS SEVEN,0.2678,0.0572,0.675
CLUBS THREE DIAMONDS SIX,0.564,0.1038,0.3322
CLUBS SEVEN DIAMONDS SIX,0.2178,0.3864,0.3958
DIAMONDS EIGHT CLUBS JACK,0.3564,0.0154,0.6282
CLUBS SIX DIAMONDS SIX,0.2542,0.1094,0.6364
CLUBS TEN DIAMONDS EIGHT,0.3426,0.027,0.6304
CLUBS FIVE DIAMONDS SIX,0.5552,0.2088,0.236
CLUBS FOUR DIAMONDS SIX,0.553,0.0998,0.3472
HEARTS ACE HEARTS JACK,0.3418,0.002,0.6562
CLUBS ACE DIAMONDS EIGHT,0.3508,0.0036,0.6456
HEARTS QUEEN HEARTS JACK,0.3284,0.011,0.6606
CLUBS KING DIAMONDS EIGHT,0.3592,0.009,0.6318
CLUBS NINE DIAMONDS SIX,0.3506,0.0426,0.6068
HEARTS KING HEARTS JACK,0.3458,0.0068,0.6474
CLUBS QUEEN DIAMONDS EIGHT,0.352,0.0096,0.6384
CLUBS EIGHT DIAMONDS SIX,0.3544,0.0636,0.582
SPADES TEN HEARTS KING,0.3546,0.008,0.6374
SPADES FIVE DIAMONDS SIX,0.5364,0.215,0.2486
HEARTS ACE SPADES TWO,0.4272,0.0054,0.5674
SPADES JACK HEARTS KING,0.3662,0.0072,0.6266
SPADES FOUR DIAMONDS SIX,0.5482,0.0974,0.3544
SPADES THREE DIAMONDS SIX,0.5496,0.112,0.3384
HEARTS QUEEN SPADES TWO,0.4206,0.0146,0.5648
SPADES ACE SPADES KING,0.3416,0.005,0.6534
SPADES TWO HEARTS KING,0.4332,0.0112,0.5556
SPADES TWO DIAMONDS SIX,0.5692,0.1058,0.325
HEARTS TEN HEARTS EIGHT,0.3112,0.0224,0.6664
SPADES NINE DIAMONDS SIX,0.3552,0.0442,0.6006
HEARTS JACK HEARTS EIGHT,0.3188,0.0172,0.664
SPADES EIGHT DIAMONDS SIX,0.3428,0.0714,0.5858
SPADES SIX DIAMONDS SIX,0.2564,0.0982,0.6454
SPADES KING HEARTS KING,0.168,0.0202,0.8118
SPADES QUEEN HEARTS KING,0.3648,0.005,0.6302
CLUBS ACE CLUBS KING,0.3438,0.003,0.6532
SPADES ACE HEARTS KING,0.3606,0.0064,0.633
SPADES ACE HEARTS JACK,0.354,0.005,0.641
SPADES QUEEN HEARTS JACK,0.3644,0.0104,0.6252
SPADES KING HEARTS JACK,0.3564,0.0054,0.6382
SPADES TEN DIAMONDS TEN,0.161,0.0542,0.7848
SPADES JACK DIAMONDS TEN,0.3382,0.0152,0.6466
SPADES ACE DIAMONDS TEN,0.35,0.0046,0.6454
SPADES JACK HEARTS JACK,0.1712,0.042,0.7868
SPADES TEN HEARTS JACK,0.3402,0.0134,0.6464
SPADES QUEEN DIAMONDS TEN,0.3464,0.0104,0.6432
SPADES KING DIAMONDS TEN,0.3472,0.009,0.6438
SPADES NINE DIAMONDS SEVEN,0.243,0.1084,0.6486
SPADES EIGHT DIAMONDS SEVEN,0.2378,0.1428,0.6194
SPADES SIX DIAMONDS SEVEN,0.2252,0.3756,0.3992
DIAMONDS KING DIAMONDS SEVEN,0.2534,0.0378,0.7088
HEARTS THREE DIAMONDS SEVEN,0.3294,0.455,0.2156
DIAMONDS QUEEN DIAMONDS SEVEN,0.2692,0.0428,0.688
HEARTS TWO DIAMONDS SEVEN,0.334,0.4554,0.2106
HEARTS FIVE DIAMONDS SEVEN,0.0104,0.9702,0.0194
DIAMONDS ACE DIAMONDS SEVEN,0.248,0.0274,0.7246
HEARTS FOUR DIAMONDS SEVEN,0.3326,0.4546,0.2128
HEARTS SEVEN DIAMONDS SEVEN,0.1146,0.1028,0.7826
HEARTS SIX DIAMONDS SEVEN,0.223,0.381,0.396
HEARTS NINE DIAMONDS SEVEN,0.2506,0.1112,0.6382
HEARTS EIGHT DIAMONDS SEVEN,0.2424,0.141,0.6166
DIAMONDS JACK DIAMONDS SEVEN,0.2458,0.0622,0.692
DIAMONDS TEN DIAMONDS SEVEN,0.2424,0.0788,0.6788
SPADES KING CLUBS TWO,0.4344,0.0064,0.5592
HEARTS KING CLUBS KING,0.1778,0.0144,0.8078
CLUBS EIGHT DIAMONDS SEVEN,0.235,0.1444,0.6206
SPADES QUEEN CLUBS TWO,0.4338,0.0142,0.552
HEARTS KING CLUBS QUEEN,0.3708,0.005,0.6242
CLUBS NINE DIAMONDS SEVEN,0.2552,0.1088,0.636
SPADES TWO CLUBS JACK,0.4314,0.0198,0.5488
SPADES ACE CLUBS TWO,0.4214,0.0054,0.5732
CLUBS TEN SPADES TWO,0.4264,0.031,0.5426
HEARTS KING CLUBS ACE,0.3722,0.003,0.6248
CLUBS SEVEN CLUBS SIX,0.216,0.3514,0.4326
SPADES TWO CLUBS KING,0.442,0.0074,0.5506
SPADES TWO DIAMONDS SEVEN,0.3428,0.4484,0.2088
CLUBS EIGHT CLUBS SIX,0.3398,0.064,0.5962
SPADES THREE DIAMONDS SEVEN,0.3418,0.4612,0.197
SPADES TWO CLUBS QUEEN,0.4336,0.0124,0.554
CLUBS NINE CLUBS SIX,0.3454,0.0378,0.6168
SPADES FOUR DIAMONDS SEVEN,0.338,0.4656,0.1964
HEARTS KING CLUBS JACK,0.37,0.005,0.625
SPADES FIVE DIAMONDS SEVEN,0.0064,0.9844,0.0092
SPADES TWO CLUBS ACE,0.4268,0.0062,0.567
CLUBS TEN HEARTS KING,0.3674,0.0078,0.6248
CLUBS SIX SPADES TWO,0.58,0.1064,0.3136
CLUBS SIX SPADES THREE,0.5664,0.0996,0.334
CLUBS TWO DIAMONDS SEVEN,0.3326,0.466,0.2014
CLUBS SIX SPADES FOUR,0.5512,0.1012,0.3476
CLUBS THREE DIAMONDS SEVEN,0.3274,0.4628,0.2098
CLUBS SIX SPADES FIVE,0.5528,0.2056,0.2416
CLUBS FOUR DIAMONDS SEVEN,0.3352,0.4564,0.2084
CLUBS SIX SPADES SIX,0.2526,0.1044,0.643
CLUBS FIVE DIAMONDS SEVEN,0.0108,0.9692,0.02
CLUBS SIX DIAMONDS SEVEN,0.2218,0.396,0.3822
CLUBS SIX SPADES EIGHT,0.3574,0.0612,0.5814
SPADES JACK CLUBS TWO,0.437,0.0172,0.5458
CLUBS SEVEN DIAMONDS SEVEN,0.1152,0.1004,0.7844
SPADES NINE CLUBS SIX,0.3678,0.043,0.5892
SPADES TEN CLUBS TWO,0.4182,0.0302,0.5516
CLUBS TWO CLUBS QUEEN,0.3952,0.0132,0.5916
CLUBS TWO CLUBS KING,0.3962,0.012,0.5918
CLUBS THREE DIAMONDS EIGHT,0.4266,0.062,0.5114
CLUBS TWO CLUBS ACE,0.3868,0.0044,0.6088
CLUBS TWO DIAMONDS EIGHT,0.412,0.0594,0.5286
HEARTS SEVEN DIAMONDS EIGHT,0.2508,0.1338,0.6154
HEARTS SIX DIAMONDS EIGHT,0.3564,0.0706,0.573
DIAMONDS EIGHT HEARTS NINE,0.3306,0.0376,0.6318
CLUBS TEN CLUBS TWO,0.404,0.0296,0.5664
HEARTS EIGHT DIAMONDS EIGHT,0.1538,0.0842,0.762
CLUBS TWO CLUBS JACK,0.4092,0.0186,0.5722
CLUBS NINE DIAMONDS EIGHT,0.328,0.0414,0.6306
CLUBS EIGHT DIAMONDS EIGHT,0.1484,0.0846,0.767
CLUBS FIVE DIAMONDS EIGHT,0.25,0.1576,0.5924
SPADES ACE SPADES THREE,0.385,0.005,0.61
CLUBS FOUR DIAMONDS EIGHT,0.3998,0.0702,0.53
CLUBS SEVEN DIAMONDS EIGHT,0.2362,0.1466,0.6172
SPADES QUEEN SPADES THREE,0.404,0.0132,0.5828
CLUBS SIX DIAMONDS EIGHT,0.3518,0.0654,0.5828
SPADES KING SPADES THREE,0.4054,0.007,0.5876
DIAMONDS QUEEN DIAMONDS EIGHT,0.3454,0.0116,0.643
HEARTS TWO DIAMONDS EIGHT,0.4224,0.065,0.5126
DIAMONDS KING DIAMONDS EIGHT,0.354,0.0096,0.6364
HEARTS THREE DIAMONDS EIGHT,0.4268,0.0708,0.5024
DIAMONDS ACE DIAMONDS EIGHT,0.3448,0.0052,0.65
HEARTS FOUR DIAMONDS EIGHT,0.3936,0.0636,0.5428
HEARTS FIVE DIAMONDS EIGHT,0.2456,0.1488,0.6056
DIAMONDS TEN DIAMONDS EIGHT,0.3256,0.025,0.6494
DIAMONDS JACK DIAMONDS EIGHT,0.3436,0.0238,0.6326
SPADES JACK SPADES THREE,0.403,0.0216,0.5754
SPADES TEN SPADES THREE,0.4022,0.028,0.5698
CLUBS FOUR HEARTS ACE,0.4142,0.0036,0.5822
CLUBS FOUR HEARTS QUEEN,0.4122,0.0122,0.5756
CLUBS FOUR HEARTS KING,0.4136,0.0084,0.578
CLUBS SIX HEARTS TEN,0.3906,0.03,0.5794
CLUBS SIX HEARTS JACK,0.3826,0.0186,0.5988
SPADES FOUR DIAMONDS EIGHT,0.4038,0.073,0.5232
SPADES FIVE DIAMONDS EIGHT,0.2408,0.1438,0.6154
SPADES TWO DIAMONDS EIGHT,0.4166,0.0688,0.5146
SPADES THREE DIAMONDS EIGHT,0.4192,0.0688,0.512
CLUBS FOUR HEARTS JACK,0.4098,0.0204,0.5698
SPADES EIGHT DIAMONDS EIGHT,0.1426,0.0762,0.7812
SPADES TEN DIAMONDS QUEEN,0.343,0.0122,0.6448
SPADES TEN HEARTS TWO,0.4216,0.0268,0.5516
SPADES JACK HEARTS EIGHT,0.3644,0.0186,0.617
CLUBS FOUR HEARTS TEN,0.4184,0.0264,0.5552
SPADES NINE DIAMONDS EIGHT,0.325,0.0392,0.6358
SPADES TEN HEARTS EIGHT,0.343,0.0302,0.6268
SPADES JACK HEARTS TWO,0.4274,0.0194,0.5532
SPADES JACK DIAMONDS QUEEN,0.3472,0.0096,0.6432
SPADES SIX DIAMONDS EIGHT,0.3584,0.0688,0.5728
SPADES ACE HEARTS TWO,0.4042,0.0044,0.5914
SPADES ACE DIAMONDS QUEEN,0.3486,0.0046,0.6468
SPADES ACE HEARTS EIGHT,0.3518,0.0044,0.6438
SPADES KING HEARTS EIGHT,0.3762,0.008,0.6158
SPADES QUEEN HEARTS TWO,0.4144,0.0162,0.5694
SPADES QUEEN DIAMONDS QUEEN,0.1614,0.029,0.8096
SPADES KING DIAMONDS QUEEN,0.3446,0.0088,0.6466
SPADES KING HEARTS TWO,0.4258,0.0088,0.5654
SPADES QUEEN HEARTS EIGHT,0.3684,0.0138,0.6178
CLUBS TWO HEARTS TEN,0.423,0.0266,0.5504
CLUBS TWO HEARTS JACK,0.4322,0.023,0.5448
SPADES SIX DIAMONDS NINE,0.3584,0.0462,0.5954
SPADES NINE DIAMONDS NINE,0.165,0.0712,0.7638
SPADES EIGHT DIAMONDS NINE,0.3252,0.0384,0.6364
SPADES TEN CLUBS KING,0.3514,0.0058,0.6428
DIAMONDS NINE SPADES THREE,0.413,0.0454,0.5416
SPADES JACK CLUBS KING,0.3544,0.0072,0.6384
DIAMONDS NINE SPADES TWO,0.4188,0.0428,0.5384
SPADES FIVE DIAMONDS NINE,0.254,0.1148,0.6312
SPADES FOUR DIAMONDS NINE,0.4046,0.0386,0.5568
CLUBS NINE DIAMONDS NINE,0.1628,0.0776,0.7596
CLUBS EIGHT DIAMONDS NINE,0.3326,0.0408,0.6266
CLUBS SIX DIAMONDS NINE,0.359,0.0428,0.5982
SPADES JACK CLUBS FOUR,0.4178,0.0174,0.5648
CLUBS SEVEN DIAMONDS NINE,0.2618,0.1066,0.6316
SPADES TEN CLUBS FOUR,0.4022,0.0302,0.5676
CLUBS FOUR DIAMONDS NINE,0.4028,0.0388,0.5584
CLUBS FIVE DIAMONDS NINE,0.2582,0.1044,0.6374
CLUBS TWO DIAMONDS NINE,0.433,0.0392,0.5278
CLUBS THREE DIAMONDS NINE,0.4076,0.038,0.5544
DIAMONDS NINE HEARTS EIGHT,0.3342,0.0428,0.623
DIAMONDS NINE HEARTS NINE,0.174,0.067,0.759
HEARTS SIX DIAMONDS NINE,0.359,0.0428,0.5982
HEARTS SEVEN DIAMONDS NINE,0.2426,0.1116,0.6458
CLUBS NINE CLUBS EIGHT,0.3178,0.0368,0.6454
DIAMONDS ACE DIAMONDS NINE,0.3428,0.0028,0.6544
HEARTS FOUR DIAMONDS NINE,0.4052,0.0442,0.5506
HEARTS FIVE DIAMONDS NINE,0.2586,0.1144,0.627
HEARTS ACE CLUBS TWO,0.4202,0.0056,0.5742
SPADES ACE CLUBS FOUR,0.3954,0.0048,0.5998
DIAMONDS NINE DIAMONDS QUEEN,0.336,0.0114,0.6526
HEARTS TWO DIAMONDS NINE,0.4296,0.042,0.5284
CLUBS TWO HEARTS KING,0.4334,0.0092,0.5574
SPADES KING CLUBS FOUR,0.4048,0.0088,0.5864
DIAMONDS KING DIAMONDS NINE,0.3482,0.0092,0.6426
HEARTS THREE DIAMONDS NINE,0.3998,0.045,0.5552
CLUBS TWO HEARTS QUEEN,0.4326,0.013,0.5544
SPADES QUEEN CLUBS FOUR,0.4028,0.0144,0.5828
DIAMONDS NINE DIAMONDS JACK,0.3306,0.0146,0.6548
CLUBS EIGHT SPADES NINE,0.3318,0.0434,0.6248
DIAMONDS TEN DIAMONDS NINE,0.3282,0.0282,0.6436
CLUBS EIGHT SPADES EIGHT,0.1474,0.0804,0.7722
CLUBS EIGHT SPADES SIX,0.3488,0.0688,0.5824
CLUBS EIGHT SPADES FIVE,0.259,0.1442,0.5968
CLUBS EIGHT SPADES FOUR,0.4084,0.0638,0.5278
CLUBS EIGHT SPADES THREE,0.421,0.0694,0.5096
CLUBS EIGHT SPADES TWO,0.423,0.0676,0.5094
HEARTS SIX DIAMONDS TEN,0.3784,0.0282,0.5934
HEARTS SEVEN DIAMONDS TEN,0.2658,0.0772,0.657
DIAMONDS TEN HEARTS EIGHT,0.3498,0.0272,0.623
CLUBS FOUR CLUBS JACK,0.4068,0.02,0.5732
DIAMONDS TEN HEARTS NINE,0.334,0.0286,0.6374
CLUBS TEN CLUBS FOUR,0.4044,0.025,0.5706
CLUBS FOUR CLUBS KING,0.3936,0.0076,0.5988
CLUBS FOUR CLUBS QUEEN,0.3922,0.0118,0.596
DIAMONDS TEN CLUBS TWO,0.422,0.0294,0.5486
CLUBS THREE DIAMONDS TEN,0.4288,0.0286,0.5426
CLUBS FOUR CLUBS ACE,0.3796,0.0038,0.6166
DIAMONDS TEN DIAMONDS JACK,0.3274,0.0142,0.6584
DIAMONDS TEN DIAMONDS QUEEN,0.3256,0.0106,0.6638
HEARTS TWO DIAMONDS TEN,0.4174,0.0342,0.5484
DIAMONDS KING DIAMONDS TEN,0.3284,0.007,0.6646
HEARTS THREE DIAMONDS TEN,0.4038,0.0312,0.565
DIAMONDS ACE DIAMONDS TEN,0.3458,0.0066,0.6476
HEARTS FOUR DIAMONDS TEN,0.4142,0.0334,0.5524
CLUBS EIGHT HEARTS JACK,0.3666,0.0192,0.6142
HEARTS FIVE DIAMONDS TEN,0.282,0.0764,0.6416
CLUBS EIGHT HEARTS TEN,0.342,0.0246,0.6334
CLUBS EIGHT HEARTS QUEEN,0.3602,0.0132,0.6266
CLUBS EIGHT HEARTS KING,0.3806,0.0088,0.6106
CLUBS EIGHT HEARTS ACE,0.3572,0.0028,0.64
CLUBS NINE SPADES THREE,0.4288,0.047,0.5242
CLUBS NINE SPADES TWO,0.4288,0.0434,0.5278
CLUBS NINE SPADES FIVE,0.266,0.1112,0.6228
CLUBS NINE SPADES FOUR,0.416,0.0452,0.5388
CLUBS NINE SPADES SIX,0.3604,0.0452,0.5944
CLUBS NINE SPADES NINE,0.1652,0.0702,0.7646
CLUBS TEN HEARTS EIGHT,0.341,0.0252,0.6338
CLUBS NINE SPADES EIGHT,0.3244,0.042,0.6336
HEARTS EIGHT CLUBS JACK,0.362,0.0156,0.6224
CLUBS QUEEN HEARTS EIGHT,0.3648,0.013,0.6222
CLUBS KING HEARTS EIGHT,0.363,0.0084,0.6286
CLUBS ACE HEARTS EIGHT,0.3532,0.0042,0.6426
SPADES KING CLUBS KING,0.1712,0.0174,0.8114
SPADES QUEEN CLUBS KING,0.3652,0.0066,0.6282
SPADES ACE CLUBS KING,0.3602,0.0042,0.6356
DIAMONDS ACE HEARTS TEN,0.348,0.0046,0.6474
HEARTS FOUR HEARTS TEN,0.3904,0.0278,0.5818
DIAMONDS ACE HEARTS JACK,0.3438,0.0044,0.6518
HEARTS FOUR HEARTS JACK,0.3794,0.0204,0.6002
SPADES KING CLUBS FIVE,0.2808,0.035,0.6842
SPADES QUEEN CLUBS FIVE,0.2732,0.0482,0.6786
SPADES ACE CLUBS FIVE,0.279,0.0206,0.7004
HEARTS SEVEN DIAMONDS JACK,0.2654,0.0626,0.672
HEARTS SIX DIAMONDS JACK,0.3906,0.0202,0.5892
DIAMONDS JACK HEARTS NINE,0.356,0.0156,0.6284
DIAMONDS JACK HEARTS EIGHT,0.3544,0.0186,0.627
DIAMONDS KING DIAMONDS JACK,0.3438,0.0062,0.65
HEARTS THREE DIAMONDS JACK,0.4094,0.0196,0.571
SPADES ACE SPADES SIX,0.3672,0.0038,0.629
HEARTS ACE SPADES FOUR,0.409,0.0056,0.5854
DIAMONDS QUEEN DIAMONDS JACK,0.3342,0.0126,0.6532
HEARTS TWO DIAMONDS JACK,0.418,0.0244,0.5576
HEARTS FIVE DIAMONDS JACK,0.2708,0.0626,0.6666
SPADES QUEEN SPADES SIX,0.3746,0.0136,0.6118
SPADES FOUR HEARTS QUEEN,0.4194,0.0144,0.5662
DIAMONDS ACE DIAMONDS JACK,0.3352,0.0048,0.66
HEARTS FOUR DIAMONDS JACK,0.4078,0.016,0.5762
SPADES KING SPADES SIX,0.3578,0.0102,0.632
SPADES FOUR HEARTS KING,0.4116,0.0076,0.5808
SPADES TEN SPADES SIX,0.3666,0.0268,0.6066
SPADES JACK SPADES SIX,0.3802,0.0174,0.6024
SPADES FOUR DIAMONDS JACK,0.4216,0.0154,0.563
SPADES FIVE DIAMONDS JACK,0.2782,0.0648,0.657
SPADES TWO DIAMONDS JACK,0.4142,0.0212,0.5646
SPADES THREE DIAMONDS JACK,0.4106,0.021,0.5684
SPADES ACE DIAMONDS THREE,0.414,0.0044,0.5816
SPADES QUEEN DIAMONDS THREE,0.4168,0.015,0.5682
CLUBS EIGHT DIAMONDS JACK,0.358,0.0152,0.6268
SPADES KING DIAMONDS THREE,0.408,0.0106,0.5814
CLUBS NINE DIAMONDS JACK,0.3562,0.0148,0.629
CLUBS SIX DIAMONDS JACK,0.3848,0.018,0.5972
CLUBS SEVEN DIAMONDS JACK,0.2586,0.0564,0.685
CLUBS FOUR DIAMONDS JACK,0.4002,0.0176,0.5822
CLUBS FIVE DIAMONDS JACK,0.2782,0.0606,0.6612
CLUBS TWO DIAMONDS JACK,0.424,0.019,0.557
CLUBS THREE DIAMONDS JACK,0.4202,0.0236,0.5562
SPADES TEN CLUBS FIVE,0.267,0.0764,0.6566
SPADES JACK HEARTS SIX,0.3922,0.0192,0.5886
HEARTS SIX SPADES TEN,0.3682,0.0316,0.6002
SPADES JACK CLUBS FIVE,0.2772,0.06,0.6628
SPADES JACK DIAMONDS THREE,0.4172,0.0224,0.5604
CLUBS SEVEN CLUBS ACE,0.2554,0.0246,0.72
DIAMONDS THREE SPADES TEN,0.418,0.0316,0.5504
CLUBS SEVEN CLUBS QUEEN,0.261,0.0414,0.6976
CLUBS SEVEN CLUBS KING,0.2574,0.0402,0.7024
SPADES NINE DIAMONDS JACK,0.3434,0.0164,0.6402
CLUBS TEN CLUBS SEVEN,0.2378,0.08,0.6822
DIAMONDS ACE HEARTS ACE,0.1678,0.0036,0.8286
HEARTS FOUR HEARTS ACE,0.3774,0.0044,0.6182
SPADES EIGHT DIAMONDS JACK,0.34,0.019,0.641
SPADES ACE HEARTS SIX,0.3884,0.0032,0.6084
CLUBS SEVEN CLUBS JACK,0.2592,0.0566,0.6842
DIAMONDS ACE HEARTS KING,0.3552,0.0044,0.6404
HEARTS FOUR HEARTS KING,0.4024,0.0124,0.5852
SPADES KING HEARTS SIX,0.3782,0.0074,0.6144
DIAMONDS ACE HEARTS QUEEN,0.3518,0.0028,0.6454
HEARTS FOUR HEARTS QUEEN,0.3874,0.0126,0.6
SPADES SIX DIAMONDS JACK,0.3834,0.0194,0.5972
SPADES QUEEN HEARTS SIX,0.3708,0.0134,0.6158
DIAMONDS TEN SPADES TWO,0.4108,0.0298,0.5594
DIAMONDS TEN SPADES THREE,0.4074,0.0266,0.566
DIAMONDS TEN SPADES FOUR,0.4108,0.0278,0.5614
SPADES FIVE DIAMONDS TEN,0.2734,0.079,0.6476
SPADES SIX DIAMONDS TEN,0.3704,0.0262,0.6034
SPADES EIGHT DIAMONDS TEN,0.3446,0.0252,0.6302
SPADES NINE DIAMONDS TEN,0.331,0.0264,0.6426
CLUBS FOUR DIAMONDS TEN,0.411,0.0292,0.5598
CLUBS FIVE DIAMONDS TEN,0.2714,0.0782,0.6504
CLUBS SIX DIAMONDS TEN,0.3746,0.027,0.5984
CLUBS SEVEN DIAMONDS TEN,0.2536,0.0806,0.6658
CLUBS EIGHT DIAMONDS TEN,0.333,0.0288,0.6382
CLUBS NINE DIAMONDS TEN,0.3342,0.0266,0.6392
DIAMONDS THREE CLUBS JACK,0.4274,0.017,0.5556
CLUBS TEN DIAMONDS THREE,0.4282,0.0248,0.547
DIAMONDS THREE CLUBS KING,0.417,0.0086,0.5744
DIAMONDS THREE CLUBS QUEEN,0.4276,0.012,0.5604
DIAMONDS THREE CLUBS ACE,0.4216,0.0032,0.5752
SPADES FOUR HEARTS JACK,0.4328,0.0202,0.547
SPADES FOUR HEARTS TEN,0.4066,0.0272,0.5662
SPADES FIVE SPADES TWO,0.546,0.2046,0.2494
SPADES FOUR SPADES TWO,0.5646,0.093,0.3424
SPADES THREE SPADES TWO,0.5588,0.1044,0.3368
SPADES NINE SPADES TWO,0.4022,0.0466,0.5512
SPADES EIGHT SPADES TWO,0.399,0.067,0.534
SPADES SIX SPADES TWO,0.5446,0.0956,0.3598
CLUBS THREE DIAMONDS QUEEN,0.4278,0.0138,0.5584
CLUBS THREE HEARTS TWO,0.591,0.1,0.309
CLUBS TWO DIAMONDS QUEEN,0.423,0.0132,0.5638
HEARTS TWO CLUBS TWO,0.3908,0.1052,0.504
HEARTS SEVEN DIAMONDS QUEEN,0.262,0.0456,0.6924
HEARTS SEVEN HEARTS TWO,0.33,0.417,0.253
HEARTS SIX DIAMONDS QUEEN,0.39,0.014,0.596
HEARTS SIX HEARTS TWO,0.534,0.0962,0.3698
DIAMONDS QUEEN HEARTS NINE,0.3698,0.011,0.6192
HEARTS TWO HEARTS NINE,0.3936,0.0408,0.5656
DIAMONDS QUEEN HEARTS EIGHT,0.3734,0.013,0.6136
HEARTS TWO HEARTS EIGHT,0.401,0.0616,0.5374
CLUBS NINE HEARTS TWO,0.4366,0.0392,0.5242
CLUBS NINE DIAMONDS QUEEN,0.355,0.0104,0.6346
CLUBS EIGHT HEARTS TWO,0.4224,0.07,0.5076
CLUBS EIGHT DIAMONDS QUEEN,0.3528,0.0128,0.6344
CLUBS FIVE DIAMONDS QUEEN,0.271,0.0466,0.6824
CLUBS FIVE HEARTS TWO,0.5652,0.2062,0.2286
SPADES EIGHT HEARTS ACE,0.3534,0.0046,0.642
CLUBS FOUR DIAMONDS QUEEN,0.399,0.013,0.588
CLUBS FOUR HEARTS TWO,0.5662,0.1036,0.3302
CLUBS SEVEN DIAMONDS QUEEN,0.269,0.0476,0.6834
CLUBS SEVEN HEARTS TWO,0.34,0.4426,0.2174
SPADES EIGHT HEARTS QUEEN,0.3634,0.0096,0.627
CLUBS SIX DIAMONDS QUEEN,0.3814,0.0122,0.6064
CLUBS SIX HEARTS TWO,0.5712,0.1032,0.3256
SPADES EIGHT HEARTS KING,0.3632,0.0092,0.6276
SPADES SIX DIAMONDS QUEEN,0.3834,0.012,0.6046
SPADES SIX HEARTS TWO,0.5808,0.1066,0.3126
HEARTS FOUR CLUBS QUEEN,0.3958,0.0112,0.593
DIAMONDS ACE CLUBS QUEEN,0.348,0.0026,0.6494
HEARTS FOUR CLUBS KING,0.41,0.0058,0.5842
DIAMONDS ACE CLUBS KING,0.362,0.004,0.634
SPADES EIGHT DIAMONDS QUEEN,0.3536,0.0154,0.631
SPADES EIGHT HEARTS TWO,0.432,0.0652,0.5028
HEARTS FOUR CLUBS ACE,0.3932,0.003,0.6038
DIAMONDS ACE CLUBS ACE,0.1716,0.0022,0.8262
SPADES NINE DIAMONDS QUEEN,0.351,0.0152,0.6338
SPADES NINE HEARTS TWO,0.4262,0.0482,0.5256
HEARTS TWO SPADES TWO,0.4046,0.115,0.4804
DIAMONDS QUEEN SPADES TWO,0.436,0.0166,0.5474
HEARTS TWO SPADES THREE,0.5664,0.1054,0.3282
SPADES THREE DIAMONDS QUEEN,0.421,0.0146,0.5644
HEARTS TWO SPADES FOUR,0.5734,0.1068,0.3198
SPADES FOUR DIAMONDS QUEEN,0.399,0.015,0.586
CLUBS TEN HEARTS FOUR,0.4168,0.0284,0.5548
CLUBS TEN DIAMONDS ACE,0.3544,0.0044,0.6412
HEARTS TWO SPADES FIVE,0.5764,0.207,0.2166
SPADES FIVE DIAMONDS QUEEN,0.279,0.0496,0.6714
HEARTS FOUR CLUBS JACK,0.4152,0.0176,0.5672
DIAMONDS ACE CLUBS JACK,0.3628,0.0026,0.6346
CLUBS FIVE CLUBS KING,0.267,0.034,0.699
CLUBS FIVE CLUBS QUEEN,0.264,0.0392,0.6968
CLUBS FIVE CLUBS ACE,0.2476,0.0258,0.7266
CLUBS FIVE CLUBS JACK,0.2674,0.0588,0.6738
CLUBS TEN CLUBS FIVE,0.2576,0.0748,0.6676
SPADES KING CLUBS JACK,0.3524,0.0064,0.6412
SPADES QUEEN CLUBS JACK,0.3586,0.009,0.6324
SPADES ACE CLUBS JACK,0.3666,0.0028,0.6306
SPADES SIX CLUBS KING,0.396,0.0078,0.5962
SPADES SIX CLUBS QUEEN,0.3884,0.0148,0.5968
SPADES EIGHT HEARTS JACK,0.3514,0.0186,0.63
SPADES SIX CLUBS ACE,0.3892,0.0046,0.6062
SPADES EIGHT HEARTS TEN,0.3566,0.0246,0.6188
SPADES SIX CLUBS JACK,0.3992,0.0174,0.5834
CLUBS TEN SPADES SIX,0.3826,0.0288,0.5886
SPADES TEN CLUBS JACK,0.3344,0.0142,0.6514
SPADES JACK CLUBS JACK,0.175,0.0408,0.7842
SPADES QUEEN CLUBS SEVEN,0.2638,0.0494,0.6868
SPADES KING CLUBS SEVEN,0.2696,0.0414,0.689
SPADES ACE CLUBS SEVEN,0.2708,0.0246,0.7046
SPADES SIX HEARTS TEN,0.3894,0.0226,0.588
SPADES SIX HEARTS JACK,0.4044,0.0172,0.5784
SPADES SIX HEARTS ACE,0.3906,0.0038,0.6056
SPADES SIX HEARTS KING,0.3776,0.0078,0.6146
SPADES SIX HEARTS QUEEN,0.3946,0.012,0.5934
CLUBS SEVEN SPADES JACK,0.2612,0.0596,0.6792
CLUBS SEVEN SPADES TEN,0.2396,0.0846,0.6758
CLUBS TEN HEARTS SIX,0.3754,0.0242,0.6004
HEARTS SIX CLUBS JACK,0.398,0.0156,0.5864
CLUBS ACE CLUBS JACK,0.3368,0.0054,0.6578
HEARTS SIX CLUBS QUEEN,0.378,0.0126,0.6094
HEARTS SIX CLUBS KING,0.395,0.006,0.599
HEARTS SIX CLUBS ACE,0.3884,0.0036,0.608
CLUBS QUEEN CLUBS JACK,0.3182,0.0108,0.671
CLUBS KING CLUBS JACK,0.3366,0.0062,0.6572
DIAMONDS THREE HEARTS ACE,0.4124,0.005,0.5826
DIAMONDS THREE HEARTS QUEEN,0.4222,0.014,0.5638
DIAMONDS THREE HEARTS KING,0.422,0.0076,0.5704
CLUBS FIVE HEARTS JACK,0.2838,0.0528,0.6634
SPADES TEN DIAMONDS ACE,0.35,0.0056,0.6444
HEARTS FOUR SPADES TEN,0.4098,0.0256,0.5646
CLUBS FIVE HEARTS TEN,0.2824,0.0782,0.6394
HEARTS FOUR SPADES JACK,0.4088,0.0204,0.5708
SPADES JACK DIAMONDS ACE,0.3532,0.004,0.6428
SPADES ACE HEARTS FOUR,0.3948,0.0042,0.601
SPADES ACE DIAMONDS ACE,0.1608,0.0028,0.8364
CLUBS FIVE HEARTS ACE,0.276,0.0258,0.6982
CLUBS FIVE HEARTS KING,0.2902,0.0342,0.6756
HEARTS FOUR SPADES QUEEN,0.4228,0.0098,0.5674
SPADES QUEEN DIAMONDS ACE,0.3522,0.0034,0.6444
SPADES FOUR CLUBS JACK,0.4284,0.017,0.5546
CLUBS FIVE HEARTS QUEEN,0.2712,0.041,0.6878
SPADES KING DIAMONDS ACE,0.362,0.0046,0.6334
SPADES KING HEARTS FOUR,0.4304,0.0068,0.5628
CLUBS TEN SPADES FOUR,0.4132,0.031,0.5558
DIAMONDS ACE DIAMONDS QUEEN,0.3288,0.0064,0.6648
DIAMONDS ACE HEARTS TWO,0.4126,0.006,0.5814
HEARTS FOUR DIAMONDS QUEEN,0.4062,0.0116,0.5822
HEARTS FOUR HEARTS TWO,0.5476,0.0954,0.357
DIAMONDS THREE HEARTS TEN,0.4172,0.0278,0.555
SPADES FOUR CLUBS KING,0.4186,0.0072,0.5742
HEARTS FIVE DIAMONDS QUEEN,0.2846,0.0436,0.6718
HEARTS FIVE HEARTS TWO,0.5272,0.1912,0.2816
DIAMONDS THREE HEARTS JACK,0.4186,0.019,0.5624
SPADES FOUR CLUBS QUEEN,0.4134,0.0166,0.57
HEARTS TWO DIAMONDS QUEEN,0.4262,0.0146,0.5592
DIAMONDS KING DIAMONDS QUEEN,0.343,0.007,0.65
DIAMONDS KING HEARTS TWO,0.4202,0.0112,0.5686
HEARTS THREE DIAMONDS QUEEN,0.4178,0.0114,0.5708
HEARTS THREE HEARTS TWO,0.533,0.1082,0.3588
SPADES FOUR CLUBS ACE,0.4066,0.0048,0.5886
HEARTS TWO CLUBS ACE,0.4206,0.005,0.5744
DIAMONDS QUEEN CLUBS ACE,0.3592,0.005,0.6358
HEARTS TWO CLUBS QUEEN,0.4292,0.0126,0.5582
DIAMONDS QUEEN CLUBS QUEEN,0.1758,0.03,0.7942
HEARTS TWO CLUBS KING,0.4342,0.0092,0.5566
DIAMONDS QUEEN CLUBS KING,0.3502,0.0064,0.6434
SPADES EIGHT SPADES FIVE,0.2506,0.1322,0.6172
CLUBS TEN HEARTS TWO,0.4278,0.0302,0.542
CLUBS TEN DIAMONDS QUEEN,0.334,0.0114,0.6546
SPADES NINE SPADES FIVE,0.253,0.1102,0.6368
HEARTS TWO CLUBS JACK,0.4156,0.0226,0.5618
DIAMONDS QUEEN CLUBS JACK,0.3542,0.0102,0.6356
SPADES SIX SPADES FIVE,0.5366,0.1934,0.27
SPADES EIGHT CLUBS ACE,0.3654,0.0054,0.6292
SPADES EIGHT CLUBS KING,0.3488,0.0062,0.645
SPADES EIGHT CLUBS QUEEN,0.361,0.0108,0.6282
SPADES EIGHT CLUBS JACK,0.3426,0.0176,0.6398
CLUBS TEN SPADES EIGHT,0.3412,0.026,0.6328
DIAMONDS TEN HEARTS JACK,0.3498,0.0128,0.6374
DIAMONDS TEN HEARTS TEN,0.1748,0.0546,0.7706
SPADES ACE CLUBS NINE,0.3678,0.0042,0.628
CLUBS NINE SPADES QUEEN,0.3466,0.0082,0.6452
CLUBS NINE SPADES KING,0.3586,0.0056,0.6358
HEARTS SIX HEARTS KING,0.3654,0.008,0.6266
SPADES KING DIAMONDS SEVEN,0.2626,0.0386,0.6988
HEARTS SIX HEARTS QUEEN,0.3532,0.013,0.6338
DIAMONDS KING SPADES SIX,0.3846,0.0102,0.6052
HEARTS THREE SPADES SIX,0.5512,0.1084,0.3404
SPADES QUEEN DIAMONDS SEVEN,0.2604,0.0518,0.6878
SPADES NINE DIAMONDS KING,0.3656,0.009,0.6254
SPADES NINE HEARTS THREE,0.4098,0.0478,0.5424
HEARTS SIX HEARTS ACE,0.3682,0.0028,0.629
DIAMONDS KING SPADES EIGHT,0.35,0.01,0.64
SPADES EIGHT HEARTS THREE,0.4292,0.0682,0.5026
SPADES ACE DIAMONDS SEVEN,0.2554,0.0264,0.7182
CLUBS NINE HEARTS THREE,0.4168,0.0372,0.546
CLUBS NINE DIAMONDS KING,0.372,0.007,0.621
CLUBS EIGHT HEARTS THREE,0.4218,0.0678,0.5104
CLUBS EIGHT DIAMONDS KING,0.36,0.0084,0.6316
HEARTS THREE SPADES THREE,0.3814,0.1202,0.4984
DIAMONDS KING SPADES THREE,0.4386,0.008,0.5534
HEARTS THREE SPADES TWO,0.5688,0.1052,0.326
DIAMONDS KING SPADES TWO,0.4236,0.0104,0.566
HEARTS THREE SPADES FIVE,0.549,0.203,0.248
DIAMONDS KING SPADES FIVE,0.2844,0.0338,0.6818
HEARTS THREE SPADES FOUR,0.5706,0.1046,0.3248
DIAMONDS KING SPADES FOUR,0.427,0.0104,0.5626
DIAMONDS KING CLUBS TWO,0.4174,0.01,0.5726
HEARTS THREE CLUBS TWO,0.5828,0.1004,0.3168
DIAMONDS KING CLUBS THREE,0.4108,0.007,0.5822
CLUBS THREE HEARTS THREE,0.3732,0.1076,0.5192
DIAMONDS KING CLUBS FOUR,0.405,0.0084,0.5866
HEARTS THREE CLUBS FOUR,0.5564,0.1042,0.3394
