opposingHand,winningChance,drawChance,lostChance
DIAMONDS TEN HEARTS KING
HEARTS FIVE SPADES TEN,0.739,0.0388,0.2222
HEARTS FIVE SPADES JACK,0.65,0.0054,0.3446
CLUBS JACK SPADES FIVE,0.6532,0.006,0.3408
CLUBS TEN SPADES FIVE,0.7424,0.0362,0.2214
CLUBS JACK CLUBS EIGHT,0.6028,0.006,0.3912
CLUBS TEN CLUBS EIGHT,0.6618,0.0366,0.3016
CLUBS EIGHT CLUBS KING,0.6126,0.1036,0.2838
SPADES FIVE CLUBS ACE,0.4286,0.0044,0.567
CLUBS EIGHT CLUBS QUEEN,0.5974,0.0074,0.3952
SPADES FIVE CLUBS KING,0.6458,0.1116,0.2426
SPADES FIVE CLUBS QUEEN,0.6526,0.0066,0.3408
CLUBS EIGHT CLUBS ACE,0.4084,0.0018,0.5898
DIAMONDS TWO DIAMONDS THREE,0.6392,0.0088,0.352
DIAMONDS TWO DIAMONDS FIVE,0.6388,0.0084,0.3528
HEARTS FIVE SPADES KING,0.6568,0.1178,0.2254
DIAMONDS TWO DIAMONDS FOUR,0.633,0.008,0.359
HEARTS FIVE SPADES QUEEN,0.6696,0.0064,0.324
DIAMONDS TWO DIAMONDS SEVEN,0.6446,0.0084,0.347
DIAMONDS TWO DIAMONDS SIX,0.6228,0.0074,0.3698
SPADES ACE HEARTS FIVE,0.4256,0.0044,0.57
DIAMONDS TWO DIAMONDS NINE,0.6456,0.0066,0.3478
DIAMONDS TWO DIAMONDS EIGHT,0.6482,0.0076,0.3442
DIAMONDS THREE DIAMONDS FOUR,0.6024,0.0094,0.3882
CLUBS TWO SPADES FOUR,0.6512,0.0058,0.343
DIAMONDS THREE DIAMONDS FIVE,0.6078,0.0088,0.3834
CLUBS TWO SPADES FIVE,0.6424,0.0082,0.3494
CLUBS TWO SPADES TWO,0.4748,0.0106,0.5146
CLUBS TWO SPADES THREE,0.651,0.0094,0.3396
DIAMONDS THREE DIAMONDS EIGHT,0.6562,0.0094,0.3344
SPADES EIGHT CLUBS TWO,0.6732,0.009,0.3178
DIAMONDS THREE DIAMONDS NINE,0.6502,0.007,0.3428
SPADES NINE CLUBS TWO,0.6846,0.0054,0.31
DIAMONDS THREE DIAMONDS SIX,0.6306,0.0078,0.3616
SPADES SIX CLUBS TWO,0.6632,0.0068,0.33
DIAMONDS THREE DIAMONDS SEVEN,0.6252,0.0082,0.3666
SPADES SEVEN CLUBS TWO,0.6636,0.0072,0.3292
CLUBS SIX CLUBS TWO,0.6216,0.006,0.3724
CLUBS SEVEN CLUBS TWO,0.6268,0.0102,0.363
CLUBS FOUR CLUBS TWO,0.5992,0.0062,0.3946
CLUBS FIVE CLUBS TWO,0.612,0.008,0.38
CLUBS TEN CLUBS JACK,0.6722,0.0254,0.3024
DIAMONDS FOUR DIAMONDS SIX,0.6082,0.0058,0.386
CLUBS TEN CLUBS QUEEN,0.6762,0.0266,0.2972
DIAMONDS FOUR DIAMONDS SEVEN,0.616,0.008,0.376
CLUBS TEN CLUBS KING,0.0212,0.9098,0.069
CLUBS TEN CLUBS ACE,0.2394,0.0202,0.7404
CLUBS EIGHT CLUBS TWO,0.6348,0.0052,0.36
DIAMONDS FIVE DIAMONDS FOUR,0.5952,0.0086,0.3962
CLUBS NINE CLUBS TWO,0.6308,0.0062,0.363
DIAMONDS NINE DIAMONDS FOUR,0.645,0.0076,0.3474
DIAMONDS EIGHT DIAMONDS FOUR,0.6382,0.0064,0.3554
CLUBS TWO CLUBS THREE,0.6138,0.008,0.3782
DIAMONDS NINE DIAMONDS FIVE,0.637,0.0068,0.3562
CLUBS JACK DIAMONDS TWO,0.6574,0.0078,0.3348
DIAMONDS EIGHT DIAMONDS FIVE,0.614,0.0082,0.3778
CLUBS TEN DIAMONDS TWO,0.7418,0.0392,0.219
DIAMONDS FIVE DIAMONDS SEVEN,0.604,0.0084,0.3876
DIAMONDS FIVE DIAMONDS SIX,0.6022,0.008,0.3898
DIAMONDS TWO CLUBS ACE,0.4384,0.0052,0.5564
DIAMONDS TWO CLUBS KING,0.6554,0.1246,0.22
DIAMONDS TWO CLUBS QUEEN,0.6646,0.0074,0.328
DIAMONDS EIGHT DIAMONDS SIX,0.6024,0.0088,0.3888
DIAMONDS NINE DIAMONDS SIX,0.6238,0.008,0.3682
SPADES THREE HEARTS ACE,0.425,0.0046,0.5704
DIAMONDS SEVEN DIAMONDS SIX,0.5986,0.0056,0.3958
HEARTS QUEEN SPADES THREE,0.6582,0.0072,0.3346
SPADES THREE HEARTS JACK,0.6656,0.0072,0.3272
SPADES THREE HEARTS TEN,0.7374,0.0318,0.2308
DIAMONDS EIGHT DIAMONDS SEVEN,0.6054,0.0072,0.3874
DIAMONDS NINE DIAMONDS SEVEN,0.611,0.0094,0.3796
DIAMONDS NINE DIAMONDS EIGHT,0.6076,0.006,0.3864
DIAMONDS KING HEARTS TEN,0.0078,0.985,0.0072
HEARTS THREE HEARTS TEN,0.7084,0.0414,0.2502
SPADES JACK CLUBS SIX,0.6432,0.0056,0.3512
DIAMONDS KING HEARTS JACK,0.2248,0.0858,0.6894
HEARTS THREE HEARTS JACK,0.633,0.006,0.361
SPADES TEN CLUBS SIX,0.7266,0.0342,0.2392
SPADES JACK SPADES FIVE,0.619,0.0068,0.3742
SPADES TEN SPADES FIVE,0.6788,0.036,0.2852
DIAMONDS KING HEARTS ACE,0.2352,0.0144,0.7504
HEARTS THREE HEARTS ACE,0.3916,0.0052,0.6032
SPADES ACE CLUBS SIX,0.427,0.0026,0.5704
DIAMONDS KING HEARTS QUEEN,0.245,0.0594,0.6956
HEARTS THREE HEARTS QUEEN,0.6252,0.0072,0.3676
SPADES KING CLUBS SIX,0.6452,0.123,0.2318
SPADES QUEEN CLUBS SIX,0.6694,0.0064,0.3242
SPADES NINE HEARTS TEN,0.7086,0.0362,0.2552
SPADES NINE HEARTS JACK,0.6264,0.0088,0.3648
SPADES QUEEN SPADES FIVE,0.603,0.0066,0.3904
SPADES KING SPADES FIVE,0.6046,0.106,0.2894
SPADES ACE SPADES FIVE,0.3972,0.004,0.5988
SPADES NINE HEARTS QUEEN,0.6322,0.0066,0.3612
SPADES NINE HEARTS ACE,0.408,0.0042,0.5878
CLUBS TEN SPADES JACK,0.7022,0.0234,0.2744
CLUBS TEN SPADES TEN,0.3206,0.0208,0.6586
SPADES ACE CLUBS TEN,0.2526,0.0202,0.7272
CLUBS TEN SPADES KING,0.018,0.9578,0.0242
CLUBS TEN SPADES QUEEN,0.7178,0.0264,0.2558
SPADES FIVE HEARTS QUEEN,0.6518,0.0052,0.343
SPADES FIVE HEARTS ACE,0.4098,0.004,0.5862
CLUBS EIGHT SPADES TEN,0.7102,0.0294,0.2604
SPADES JACK HEARTS THREE,0.6456,0.007,0.3474
SPADES JACK DIAMONDS KING,0.2418,0.0822,0.676
SPADES TEN DIAMONDS KING,0.0116,0.9714,0.017
SPADES TEN HEARTS THREE,0.7396,0.0394,0.221
CLUBS EIGHT SPADES JACK,0.6264,0.0064,0.3672
CLUBS SIX HEARTS ACE,0.4166,0.0032,0.5802
SPADES ACE CLUBS EIGHT,0.4106,0.0034,0.586
HEARTS FIVE CLUBS JACK,0.6528,0.009,0.3382
CLUBS TEN HEARTS FIVE,0.745,0.0348,0.2202
CLUBS SIX HEARTS QUEEN,0.6562,0.0056,0.3382
SPADES QUEEN CLUBS EIGHT,0.6386,0.0074,0.354
CLUBS TEN SPADES THREE,0.7274,0.0348,0.2378
SPADES KING CLUBS EIGHT,0.664,0.1118,0.2242
CLUBS JACK SPADES THREE,0.6558,0.0054,0.3388
DIAMONDS TWO HEARTS JACK,0.6724,0.009,0.3186
SPADES THREE CLUBS QUEEN,0.6494,0.0074,0.3432
DIAMONDS TWO HEARTS TEN,0.7506,0.0376,0.2118
SPADES THREE CLUBS KING,0.6474,0.1192,0.2334
HEARTS FIVE CLUBS ACE,0.4232,0.0044,0.5724
SPADES FIVE HEARTS TEN,0.7526,0.033,0.2144
SPADES THREE CLUBS ACE,0.4216,0.0034,0.575
HEARTS FIVE CLUBS KING,0.6456,0.12,0.2344
SPADES FIVE HEARTS JACK,0.6382,0.0052,0.3566
HEARTS FIVE CLUBS QUEEN,0.6576,0.0062,0.3362
HEARTS THREE CLUBS KING,0.652,0.1194,0.2286
DIAMONDS KING CLUBS KING,0.1002,0.0152,0.8846
HEARTS THREE CLUBS QUEEN,0.6604,0.007,0.3326
DIAMONDS KING CLUBS QUEEN,0.2326,0.0558,0.7116
HEARTS FIVE HEARTS JACK,0.6072,0.0078,0.385
HEARTS FIVE HEARTS TEN,0.7114,0.0356,0.253
HEARTS THREE CLUBS ACE,0.4158,0.0038,0.5804
DIAMONDS KING CLUBS ACE,0.2408,0.0124,0.7468
SPADES ACE CLUBS QUEEN,0.3746,0.0048,0.6206
SPADES KING CLUBS QUEEN,0.2496,0.0644,0.686
CLUBS JACK HEARTS THREE,0.6582,0.0074,0.3344
CLUBS JACK DIAMONDS KING,0.2284,0.0882,0.6834
SPADES QUEEN CLUBS QUEEN,0.3022,0.0022,0.6956
CLUBS TEN HEARTS THREE,0.7442,0.0346,0.2212
CLUBS TEN DIAMONDS KING,0.0122,0.9694,0.0184
SPADES JACK CLUBS QUEEN,0.5998,0.0062,0.394
CLUBS SIX CLUBS QUEEN,0.6152,0.0056,0.3792
SPADES TEN CLUBS QUEEN,0.7174,0.0256,0.257
CLUBS SIX CLUBS KING,0.5934,0.1166,0.29
CLUBS SIX CLUBS ACE,0.3956,0.0038,0.6006
HEARTS FIVE HEARTS QUEEN,0.626,0.0082,0.3658
CLUBS TEN CLUBS SIX,0.6872,0.0318,0.281
HEARTS FIVE HEARTS ACE,0.406,0.0046,0.5894
CLUBS JACK CLUBS SIX,0.6058,0.0054,0.3888
SPADES SEVEN HEARTS JACK,0.6482,0.007,0.3448
SPADES SEVEN HEARTS TEN,0.7046,0.0318,0.2636
DIAMONDS TWO CLUBS TWO,0.4928,0.0094,0.4978
DIAMONDS TWO CLUBS THREE,0.652,0.008,0.34
DIAMONDS TWO HEARTS SIX,0.6716,0.008,0.3204
DIAMONDS TWO HEARTS QUEEN,0.6752,0.0064,0.3184
HEARTS SEVEN DIAMONDS TWO,0.6754,0.0076,0.317
DIAMONDS TWO HEARTS EIGHT,0.6734,0.0086,0.318
DIAMONDS TWO HEARTS ACE,0.4254,0.0056,0.569
DIAMONDS TWO HEARTS NINE,0.6756,0.0092,0.3152
DIAMONDS TWO DIAMONDS QUEEN,0.6294,0.0086,0.362
DIAMONDS TWO HEARTS TWO,0.486,0.013,0.501
DIAMONDS TWO DIAMONDS KING,0.625,0.1078,0.2672
DIAMONDS TWO HEARTS THREE,0.658,0.0096,0.3324
DIAMONDS TWO DIAMONDS ACE,0.3962,0.0078,0.596
HEARTS FOUR DIAMONDS TWO,0.6508,0.0094,0.3398
HEARTS FIVE DIAMONDS TWO,0.6596,0.0088,0.3316
SPADES SEVEN HEARTS ACE,0.4108,0.0028,0.5864
DIAMONDS TWO DIAMONDS JACK,0.6198,0.0078,0.3724
SPADES SEVEN HEARTS QUEEN,0.656,0.0064,0.3376
DIAMONDS TWO SPADES NINE,0.6874,0.007,0.3056
DIAMONDS TWO SPADES EIGHT,0.6702,0.0072,0.3226
DIAMONDS TWO SPADES SEVEN,0.6862,0.006,0.3078
DIAMONDS TWO SPADES SIX,0.6556,0.0072,0.3372
DIAMONDS TWO SPADES FIVE,0.6632,0.0068,0.33
DIAMONDS TWO SPADES FOUR,0.6436,0.009,0.3474
DIAMONDS TWO SPADES THREE,0.6668,0.0066,0.3266
DIAMONDS TWO SPADES TWO,0.4794,0.0106,0.51
DIAMONDS TWO CLUBS NINE,0.6906,0.004,0.3054
CLUBS EIGHT DIAMONDS TWO,0.6778,0.0072,0.315
DIAMONDS TWO CLUBS SEVEN,0.6698,0.006,0.3242
DIAMONDS TWO CLUBS SIX,0.6738,0.007,0.3192
DIAMONDS TWO CLUBS FIVE,0.6662,0.0084,0.3254
DIAMONDS TWO CLUBS FOUR,0.654,0.008,0.338
CLUBS FOUR SPADES FIVE,0.6094,0.0074,0.3832
CLUBS FOUR SPADES FOUR,0.4854,0.008,0.5066
CLUBS FOUR SPADES THREE,0.6294,0.0098,0.3608
CLUBS FOUR SPADES TWO,0.65,0.0076,0.3424
SPADES NINE CLUBS FOUR,0.6758,0.0066,0.3176
SPADES EIGHT CLUBS FOUR,0.6636,0.0058,0.3306
CLUBS FOUR SPADES SEVEN,0.6466,0.0058,0.3476
CLUBS FOUR SPADES SIX,0.6308,0.0068,0.3624
SPADES ACE DIAMONDS SIX,0.426,0.003,0.571
SPADES QUEEN DIAMONDS SIX,0.6552,0.007,0.3378
SPADES KING DIAMONDS SIX,0.6526,0.1262,0.2212
SPADES TEN DIAMONDS SIX,0.736,0.0312,0.2328
SPADES JACK DIAMONDS SIX,0.6606,0.0046,0.3348
SPADES QUEEN SPADES TWO,0.6106,0.0066,0.3828
SPADES KING SPADES TWO,0.6166,0.1096,0.2738
SPADES ACE SPADES TWO,0.3976,0.0042,0.5982
CLUBS JACK DIAMONDS JACK,0.2958,0.0064,0.6978
CLUBS TEN DIAMONDS JACK,0.699,0.0282,0.2728
DIAMONDS JACK CLUBS KING,0.226,0.0908,0.6832
DIAMONDS JACK CLUBS QUEEN,0.5878,0.0086,0.4036
DIAMONDS THREE DIAMONDS JACK,0.625,0.0076,0.3674
DIAMONDS JACK CLUBS ACE,0.3604,0.0052,0.6344
DIAMONDS THREE DIAMONDS KING,0.6164,0.1132,0.2704
DIAMONDS THREE HEARTS THREE,0.475,0.0104,0.5146
DIAMONDS THREE DIAMONDS QUEEN,0.6144,0.0084,0.3772
DIAMONDS THREE HEARTS TWO,0.6632,0.0084,0.3284
HEARTS FIVE DIAMONDS THREE,0.6364,0.008,0.3556
DIAMONDS THREE DIAMONDS ACE,0.406,0.0056,0.5884
HEARTS FOUR DIAMONDS THREE,0.6484,0.0092,0.3424
HEARTS SEVEN DIAMONDS THREE,0.682,0.0086,0.3094
SPADES TEN SPADES NINE,0.648,0.0306,0.3214
HEARTS SIX DIAMONDS THREE,0.6588,0.009,0.3322
SPADES JACK SPADES NINE,0.5832,0.0064,0.4104
DIAMONDS THREE HEARTS NINE,0.6876,0.0074,0.305
HEARTS JACK DIAMONDS FOUR,0.6648,0.0072,0.328
SPADES TEN SPADES TWO,0.7022,0.032,0.2658
DIAMONDS THREE HEARTS EIGHT,0.6874,0.0056,0.307
HEARTS TEN DIAMONDS FOUR,0.7442,0.0394,0.2164
SPADES JACK SPADES TWO,0.6214,0.0082,0.3704
HEARTS QUEEN DIAMONDS FOUR,0.665,0.0094,0.3256
SPADES ACE SPADES NINE,0.3874,0.0042,0.6084
HEARTS ACE DIAMONDS FOUR,0.4224,0.0056,0.572
SPADES KING SPADES NINE,0.6116,0.1164,0.272
SPADES QUEEN SPADES NINE,0.5986,0.0068,0.3946
DIAMONDS THREE SPADES NINE,0.668,0.007,0.325
DIAMONDS THREE SPADES EIGHT,0.6684,0.0098,0.3218
DIAMONDS THREE SPADES SEVEN,0.661,0.0066,0.3324
DIAMONDS THREE SPADES SIX,0.6636,0.0052,0.3312
DIAMONDS THREE CLUBS SIX,0.652,0.007,0.341
CLUBS SIX CLUBS FIVE,0.5992,0.006,0.3948
CLUBS ACE DIAMONDS FOUR,0.4226,0.0046,0.5728
DIAMONDS THREE CLUBS SEVEN,0.6594,0.0048,0.3358
CLUBS SEVEN CLUBS FIVE,0.591,0.0066,0.4024
DIAMONDS THREE CLUBS FOUR,0.6358,0.008,0.3562
DIAMONDS FOUR CLUBS QUEEN,0.6556,0.0058,0.3386
DIAMONDS THREE CLUBS FIVE,0.6454,0.007,0.3476
DIAMONDS FOUR CLUBS KING,0.6498,0.1202,0.23
DIAMONDS THREE CLUBS TWO,0.66,0.0082,0.3318
CLUBS TEN DIAMONDS FOUR,0.7508,0.0308,0.2184
DIAMONDS THREE CLUBS THREE,0.4962,0.0084,0.4954
CLUBS JACK DIAMONDS FOUR,0.6564,0.0056,0.338
DIAMONDS THREE SPADES FOUR,0.6362,0.0108,0.353
DIAMONDS THREE SPADES FIVE,0.633,0.0086,0.3584
DIAMONDS THREE SPADES TWO,0.653,0.008,0.339
DIAMONDS THREE SPADES THREE,0.4816,0.0104,0.508
CLUBS EIGHT DIAMONDS THREE,0.6738,0.0064,0.3198
CLUBS NINE DIAMONDS THREE,0.6832,0.0066,0.3102
SPADES SEVEN CLUBS ACE,0.4234,0.0028,0.5738
SPADES SEVEN CLUBS QUEEN,0.6624,0.0048,0.3328
SPADES SEVEN CLUBS KING,0.6612,0.1072,0.2316
SPADES SEVEN CLUBS FIVE,0.65,0.0052,0.3448
CLUBS TEN SPADES SEVEN,0.7148,0.0314,0.2538
CLUBS FIVE SPADES SIX,0.613,0.0066,0.3804
CLUBS JACK SPADES SEVEN,0.642,0.006,0.352
SPADES NINE CLUBS FIVE,0.6556,0.0052,0.3392
SPADES EIGHT CLUBS FIVE,0.6446,0.0054,0.35
CLUBS FIVE SPADES THREE,0.6284,0.006,0.3656
CLUBS FIVE SPADES TWO,0.6414,0.0102,0.3484
CLUBS FIVE SPADES FIVE,0.4766,0.0086,0.5148
CLUBS FIVE SPADES FOUR,0.6266,0.0058,0.3676
CLUBS NINE CLUBS FIVE,0.6224,0.0072,0.3704
CLUBS EIGHT CLUBS FIVE,0.6102,0.0058,0.384
CLUBS ACE CLUBS QUEEN,0.3418,0.0044,0.6538
CLUBS KING CLUBS QUEEN,0.2258,0.0616,0.7126
CLUBS TEN DIAMONDS NINE,0.7018,0.0312,0.267
DIAMONDS JACK DIAMONDS FOUR,0.6146,0.0068,0.3786
CLUBS JACK DIAMONDS NINE,0.6358,0.008,0.3562
CLUBS JACK SPADES NINE,0.635,0.004,0.361
CLUBS TEN SPADES NINE,0.7028,0.031,0.2662
DIAMONDS ACE DIAMONDS FOUR,0.3974,0.0062,0.5964
HEARTS FOUR DIAMONDS FOUR,0.4824,0.0102,0.5074
DIAMONDS JACK HEARTS TEN,0.7092,0.0318,0.259
SPADES NINE CLUBS KING,0.643,0.121,0.236
DIAMONDS TWO SPADES TEN,0.7518,0.0322,0.216
DIAMONDS NINE CLUBS ACE,0.421,0.0052,0.5738
HEARTS FIVE DIAMONDS FOUR,0.6312,0.0076,0.3612
DIAMONDS JACK HEARTS JACK,0.3056,0.0066,0.6878
SPADES NINE CLUBS QUEEN,0.6408,0.0058,0.3534
DIAMONDS TWO SPADES JACK,0.6626,0.0076,0.3298
DIAMONDS QUEEN DIAMONDS FOUR,0.6202,0.0066,0.3732
HEARTS TWO DIAMONDS FOUR,0.6712,0.0112,0.3176
DIAMONDS NINE CLUBS QUEEN,0.6356,0.0074,0.357
DIAMONDS KING DIAMONDS FOUR,0.6168,0.1172,0.266
HEARTS THREE DIAMONDS FOUR,0.651,0.0092,0.3398
SPADES NINE CLUBS ACE,0.4112,0.003,0.5858
DIAMONDS NINE CLUBS KING,0.661,0.1226,0.2164
HEARTS ACE DIAMONDS JACK,0.3658,0.0054,0.6288
SPADES ACE DIAMONDS TWO,0.4322,0.005,0.5628
HEARTS QUEEN DIAMONDS JACK,0.587,0.007,0.406
SPADES QUEEN DIAMONDS TWO,0.6586,0.0056,0.3358
SPADES KING DIAMONDS TWO,0.6624,0.1186,0.219
SPADES JACK SPADES SEVEN,0.5974,0.0088,0.3938
SPADES TEN SPADES SEVEN,0.6568,0.0346,0.3086
CLUBS SEVEN CLUBS THREE,0.6224,0.0066,0.371
CLUBS SIX CLUBS THREE,0.6016,0.0088,0.3896
CLUBS FIVE CLUBS THREE,0.5922,0.007,0.4008
CLUBS FOUR CLUBS THREE,0.5992,0.0072,0.3936
CLUBS NINE CLUBS THREE,0.6334,0.0092,0.3574
CLUBS EIGHT CLUBS THREE,0.628,0.0074,0.3646
SPADES FIVE CLUBS THREE,0.6422,0.0058,0.352
CLUBS THREE SPADES FOUR,0.6418,0.0072,0.351
CLUBS THREE SPADES THREE,0.482,0.0094,0.5086
CLUBS THREE SPADES TWO,0.6626,0.0108,0.3266
SPADES SIX CLUBS THREE,0.6462,0.0078,0.346
SPADES SEVEN CLUBS THREE,0.6624,0.0062,0.3314
SPADES EIGHT CLUBS THREE,0.6742,0.008,0.3178
SPADES NINE CLUBS THREE,0.6868,0.0068,0.3064
SPADES TWO DIAMONDS FOUR,0.6554,0.0092,0.3354
SPADES THREE DIAMONDS FOUR,0.6428,0.0062,0.351
SPADES FOUR DIAMONDS FOUR,0.4766,0.0086,0.5148
SPADES FIVE DIAMONDS FOUR,0.6214,0.009,0.3696
SPADES SIX DIAMONDS FOUR,0.6386,0.0062,0.3552
SPADES SEVEN DIAMONDS FOUR,0.6548,0.0058,0.3394
SPADES EIGHT DIAMONDS FOUR,0.6712,0.0068,0.322
SPADES NINE DIAMONDS FOUR,0.6772,0.0052,0.3176
CLUBS FIVE DIAMONDS FOUR,0.6204,0.0082,0.3714
CLUBS FOUR DIAMONDS FOUR,0.4896,0.0094,0.501
CLUBS SEVEN DIAMONDS FOUR,0.643,0.005,0.352
CLUBS SIX DIAMONDS FOUR,0.6454,0.007,0.3476
CLUBS NINE DIAMONDS FOUR,0.6844,0.0064,0.3092
CLUBS EIGHT DIAMONDS FOUR,0.6542,0.008,0.3378
HEARTS SEVEN DIAMONDS FOUR,0.6572,0.0092,0.3336
HEARTS SIX DIAMONDS FOUR,0.6484,0.0068,0.3448
DIAMONDS FOUR HEARTS NINE,0.6888,0.0078,0.3034
DIAMONDS FOUR HEARTS EIGHT,0.6558,0.0088,0.3354
CLUBS THREE DIAMONDS FOUR,0.6446,0.0074,0.348
CLUBS TWO DIAMONDS FOUR,0.655,0.01,0.335
DIAMONDS JACK DIAMONDS FIVE,0.628,0.0056,0.3664
DIAMONDS NINE HEARTS QUEEN,0.6414,0.0092,0.3494
DIAMONDS NINE HEARTS ACE,0.4026,0.0046,0.5928
DIAMONDS NINE HEARTS TEN,0.7096,0.038,0.2524
DIAMONDS NINE HEARTS JACK,0.6404,0.0066,0.353
CLUBS KING DIAMONDS SIX,0.6538,0.1204,0.2258
CLUBS QUEEN DIAMONDS SIX,0.6544,0.0068,0.3388
CLUBS ACE DIAMONDS SIX,0.4278,0.0044,0.5678
SPADES KING DIAMONDS FOUR,0.6512,0.117,0.2318
SPADES ACE SPADES SEVEN,0.3856,0.0032,0.6112
SPADES QUEEN DIAMONDS FOUR,0.6596,0.0082,0.3322
SPADES QUEEN SPADES SEVEN,0.6166,0.0072,0.3762
CLUBS JACK DIAMONDS SIX,0.6474,0.0054,0.3472
SPADES KING SPADES SEVEN,0.614,0.1108,0.2752
SPADES ACE DIAMONDS FOUR,0.4164,0.0036,0.58
CLUBS TEN DIAMONDS SIX,0.7372,0.033,0.2298
CLUBS NINE CLUBS FOUR,0.624,0.0072,0.3688
CLUBS EIGHT CLUBS FOUR,0.601,0.0062,0.3928
SPADES JACK DIAMONDS FOUR,0.661,0.0066,0.3324
SPADES TEN DIAMONDS FOUR,0.7428,0.0372,0.22
CLUBS FOUR CLUBS FIVE,0.5898,0.0056,0.4046
CLUBS SEVEN CLUBS FOUR,0.597,0.0052,0.3978
CLUBS SIX CLUBS FOUR,0.5894,0.008,0.4026
CLUBS SEVEN SPADES EIGHT,0.6152,0.0064,0.3784
SPADES NINE CLUBS SEVEN,0.636,0.005,0.359
CLUBS SEVEN SPADES SIX,0.6214,0.0068,0.3718
CLUBS SEVEN SPADES SEVEN,0.4526,0.0084,0.539
CLUBS SEVEN SPADES FIVE,0.6366,0.0066,0.3568
CLUBS SEVEN SPADES FOUR,0.6448,0.0058,0.3494
CLUBS SEVEN SPADES THREE,0.6604,0.0096,0.33
CLUBS SEVEN SPADES TWO,0.6728,0.0078,0.3194
CLUBS NINE CLUBS SEVEN,0.5912,0.0074,0.4014
CLUBS EIGHT CLUBS SEVEN,0.5914,0.007,0.4016
HEARTS SIX DIAMONDS FIVE,0.6218,0.0092,0.369
HEARTS SEVEN DIAMONDS FIVE,0.6404,0.0086,0.351
DIAMONDS FIVE HEARTS EIGHT,0.65,0.0068,0.3432
DIAMONDS FIVE HEARTS NINE,0.6642,0.0082,0.3276
DIAMONDS QUEEN DIAMONDS FIVE,0.6186,0.0072,0.3742
HEARTS TWO DIAMONDS FIVE,0.651,0.011,0.338
DIAMONDS KING DIAMONDS FIVE,0.6206,0.112,0.2674
HEARTS THREE DIAMONDS FIVE,0.6386,0.0076,0.3538
HEARTS QUEEN HEARTS EIGHT,0.6288,0.0066,0.3646
DIAMONDS ACE DIAMONDS FIVE,0.4054,0.0042,0.5904
HEARTS FOUR DIAMONDS FIVE,0.651,0.0082,0.3408
HEARTS FIVE DIAMONDS FIVE,0.4932,0.0098,0.497
HEARTS ACE HEARTS EIGHT,0.4032,0.0062,0.5906
CLUBS FOUR DIAMONDS FIVE,0.6254,0.0074,0.3672
CLUBS FIVE DIAMONDS FIVE,0.4706,0.0098,0.5196
CLUBS SIX DIAMONDS FIVE,0.6326,0.0082,0.3592
CLUBS SEVEN DIAMONDS FIVE,0.6352,0.0086,0.3562
CLUBS TWO DIAMONDS FIVE,0.6448,0.0082,0.347
CLUBS THREE DIAMONDS FIVE,0.6372,0.0074,0.3554
SPADES THREE DIAMONDS FIVE,0.6458,0.0086,0.3456
SPADES TWO DIAMONDS FIVE,0.6518,0.007,0.3412
SPADES JACK DIAMONDS EIGHT,0.6478,0.0042,0.348
SPADES FIVE DIAMONDS FIVE,0.485,0.0132,0.5018
CLUBS TEN HEARTS JACK,0.7038,0.027,0.2692
SPADES TEN DIAMONDS EIGHT,0.7118,0.0352,0.253
SPADES FOUR DIAMONDS FIVE,0.6294,0.0062,0.3644
CLUBS JACK HEARTS JACK,0.3106,0.0056,0.6838
HEARTS JACK CLUBS QUEEN,0.6038,0.0052,0.391
CLUBS NINE DIAMONDS FIVE,0.6618,0.0068,0.3314
CLUBS EIGHT DIAMONDS FIVE,0.6474,0.006,0.3466
HEARTS JACK CLUBS KING,0.251,0.0788,0.6702
CLUBS ACE HEARTS JACK,0.3684,0.0034,0.6282
SPADES SEVEN DIAMONDS FIVE,0.6394,0.0052,0.3554
SPADES KING DIAMONDS EIGHT,0.666,0.1106,0.2234
SPADES QUEEN DIAMONDS EIGHT,0.6544,0.0074,0.3382
SPADES SIX DIAMONDS FIVE,0.6312,0.008,0.3608
SPADES NINE DIAMONDS FIVE,0.6622,0.0068,0.331
SPADES EIGHT DIAMONDS FIVE,0.6542,0.0056,0.3402
SPADES ACE DIAMONDS EIGHT,0.426,0.0038,0.5702
HEARTS ACE DIAMONDS SEVEN,0.4294,0.0042,0.5664
DIAMONDS JACK DIAMONDS SIX,0.6276,0.0062,0.3662
HEARTS QUEEN DIAMONDS SEVEN,0.6716,0.0094,0.319
DIAMONDS ACE DIAMONDS SIX,0.409,0.0034,0.5876
HEARTS FOUR DIAMONDS SIX,0.639,0.009,0.352
SPADES TWO HEARTS JACK,0.658,0.0066,0.3354
HEARTS FIVE DIAMONDS SIX,0.6326,0.0096,0.3578
SPADES TWO HEARTS TEN,0.7378,0.0318,0.2304
DIAMONDS QUEEN DIAMONDS SIX,0.6248,0.0082,0.367
HEARTS TWO DIAMONDS SIX,0.6832,0.0064,0.3104
DIAMONDS KING DIAMONDS SIX,0.6172,0.1068,0.276
HEARTS THREE DIAMONDS SIX,0.6548,0.0068,0.3384
HEARTS EIGHT DIAMONDS SIX,0.641,0.007,0.352
HEARTS NINE DIAMONDS SIX,0.6606,0.0086,0.3308
HEARTS SIX DIAMONDS SIX,0.489,0.0086,0.5024
HEARTS SEVEN DIAMONDS SIX,0.624,0.0088,0.3672
HEARTS TEN DIAMONDS SEVEN,0.7116,0.0396,0.2488
CLUBS TWO DIAMONDS SIX,0.6756,0.0066,0.3178
HEARTS JACK DIAMONDS SEVEN,0.6568,0.0058,0.3374
CLUBS THREE DIAMONDS SIX,0.6568,0.0072,0.336
CLUBS SEVEN DIAMONDS SIX,0.6394,0.0058,0.3548
CLUBS JACK DIAMONDS EIGHT,0.6442,0.0078,0.348
CLUBS SIX DIAMONDS SIX,0.4722,0.0066,0.5212
CLUBS TEN DIAMONDS EIGHT,0.7264,0.0316,0.242
CLUBS FIVE DIAMONDS SIX,0.6272,0.0062,0.3666
CLUBS FOUR DIAMONDS SIX,0.625,0.007,0.368
HEARTS ACE HEARTS JACK,0.351,0.0058,0.6432
DIAMONDS EIGHT CLUBS ACE,0.4206,0.0044,0.575
HEARTS QUEEN HEARTS JACK,0.5648,0.0078,0.4274
DIAMONDS EIGHT CLUBS KING,0.659,0.1208,0.2202
CLUBS NINE DIAMONDS SIX,0.6638,0.0048,0.3314
CLUBS EIGHT DIAMONDS SIX,0.634,0.0066,0.3594
DIAMONDS EIGHT CLUBS QUEEN,0.643,0.0062,0.3508
SPADES FIVE DIAMONDS SIX,0.6318,0.0064,0.3618
HEARTS ACE SPADES TWO,0.4218,0.0046,0.5736
SPADES FOUR DIAMONDS SIX,0.6412,0.006,0.3528
SPADES THREE DIAMONDS SIX,0.6572,0.0064,0.3364
HEARTS QUEEN SPADES TWO,0.6636,0.007,0.3294
SPADES ACE SPADES KING,0.2272,0.0084,0.7644
SPADES TWO DIAMONDS SIX,0.6586,0.0064,0.335
HEARTS TEN HEARTS EIGHT,0.6908,0.0316,0.2776
SPADES NINE DIAMONDS SIX,0.6496,0.008,0.3424
HEARTS JACK HEARTS EIGHT,0.6126,0.0064,0.381
SPADES EIGHT DIAMONDS SIX,0.6414,0.0066,0.352
SPADES SEVEN DIAMONDS SIX,0.6258,0.0068,0.3674
SPADES SIX DIAMONDS SIX,0.467,0.0084,0.5246
CLUBS ACE CLUBS KING,0.2318,0.0114,0.7568
SPADES ACE HEARTS JACK,0.3878,0.0048,0.6074
SPADES QUEEN HEARTS JACK,0.5956,0.0066,0.3978
SPADES KING HEARTS JACK,0.2368,0.0842,0.679
SPADES JACK HEARTS JACK,0.3122,0.0048,0.683
SPADES TEN HEARTS JACK,0.709,0.0268,0.2642
SPADES NINE DIAMONDS SEVEN,0.6394,0.007,0.3536
SPADES EIGHT DIAMONDS SEVEN,0.6264,0.007,0.3666
SPADES SEVEN DIAMONDS SEVEN,0.465,0.0062,0.5288
SPADES SIX DIAMONDS SEVEN,0.6122,0.009,0.3788
DIAMONDS KING DIAMONDS SEVEN,0.6162,0.114,0.2698
HEARTS THREE DIAMONDS SEVEN,0.6664,0.0062,0.3274
DIAMONDS QUEEN DIAMONDS SEVEN,0.6258,0.0078,0.3664
HEARTS TWO DIAMONDS SEVEN,0.6862,0.0088,0.305
HEARTS QUEEN DIAMONDS FIVE,0.6524,0.007,0.3406
HEARTS FIVE DIAMONDS SEVEN,0.6402,0.0102,0.3496
DIAMONDS ACE DIAMONDS SEVEN,0.3976,0.0062,0.5962
HEARTS FOUR DIAMONDS SEVEN,0.65,0.0076,0.3424
HEARTS ACE DIAMONDS FIVE,0.4262,0.005,0.5688
HEARTS SEVEN DIAMONDS SEVEN,0.4766,0.0074,0.516
HEARTS SIX DIAMONDS SEVEN,0.6356,0.0048,0.3596
DIAMONDS SEVEN HEARTS NINE,0.6504,0.0052,0.3444
HEARTS EIGHT DIAMONDS SEVEN,0.6168,0.009,0.3742
DIAMONDS JACK DIAMONDS SEVEN,0.6118,0.0054,0.3828
DIAMONDS FIVE HEARTS JACK,0.6586,0.0072,0.3342
HEARTS TEN DIAMONDS FIVE,0.745,0.0416,0.2134
CLUBS EIGHT DIAMONDS SEVEN,0.63,0.0074,0.3626
SPADES KING CLUBS TWO,0.6406,0.1212,0.2382
SPADES QUEEN CLUBS TWO,0.671,0.0084,0.3206
CLUBS NINE DIAMONDS SEVEN,0.6504,0.0076,0.342
CLUBS JACK SPADES TWO,0.6576,0.0084,0.334
CLUBS SIX CLUBS SEVEN,0.5792,0.0074,0.4134
SPADES ACE CLUBS TWO,0.4224,0.0044,0.5732
CLUBS TEN SPADES TWO,0.743,0.0352,0.2218
SPADES TWO CLUBS KING,0.6528,0.1216,0.2256
SPADES TWO DIAMONDS SEVEN,0.6692,0.0066,0.3242
CLUBS EIGHT CLUBS SIX,0.5876,0.0066,0.4058
SPADES THREE DIAMONDS SEVEN,0.6518,0.0072,0.341
SPADES TWO CLUBS QUEEN,0.655,0.009,0.336
CLUBS NINE CLUBS SIX,0.5896,0.0068,0.4036
SPADES FOUR DIAMONDS SEVEN,0.6414,0.0098,0.3488
SPADES FIVE DIAMONDS SEVEN,0.636,0.0074,0.3566
SPADES TWO CLUBS ACE,0.4312,0.0024,0.5664
CLUBS SIX SPADES TWO,0.663,0.007,0.33
CLUBS SIX SPADES THREE,0.6448,0.008,0.3472
CLUBS TWO DIAMONDS SEVEN,0.6598,0.008,0.3322
CLUBS SIX SPADES FOUR,0.645,0.009,0.346
CLUBS THREE DIAMONDS SEVEN,0.6794,0.0072,0.3134
CLUBS SIX SPADES FIVE,0.6218,0.0058,0.3724
CLUBS FOUR DIAMONDS SEVEN,0.6418,0.0064,0.3518
CLUBS SIX SPADES SIX,0.474,0.007,0.519
CLUBS FIVE DIAMONDS SEVEN,0.6418,0.0068,0.3514
CLUBS SIX SPADES SEVEN,0.626,0.0058,0.3682
CLUBS SIX DIAMONDS SEVEN,0.6246,0.0068,0.3686
CLUBS SIX SPADES EIGHT,0.6332,0.0058,0.361
SPADES JACK CLUBS TWO,0.6578,0.0072,0.335
CLUBS SEVEN DIAMONDS SEVEN,0.4732,0.0064,0.5204
CLUBS SIX SPADES NINE,0.6398,0.0054,0.3548
SPADES TEN CLUBS TWO,0.7278,0.0352,0.237
CLUBS TWO CLUBS QUEEN,0.626,0.0082,0.3658
CLUBS TWO CLUBS KING,0.6108,0.1148,0.2744
CLUBS THREE DIAMONDS EIGHT,0.6754,0.0078,0.3168
CLUBS TWO CLUBS ACE,0.3958,0.0026,0.6016
CLUBS TWO DIAMONDS EIGHT,0.6686,0.0082,0.3232
HEARTS SEVEN DIAMONDS EIGHT,0.6352,0.005,0.3598
HEARTS SIX DIAMONDS EIGHT,0.6402,0.005,0.3548
DIAMONDS EIGHT HEARTS NINE,0.651,0.0062,0.3428
CLUBS TEN CLUBS TWO,0.6868,0.0346,0.2786
DIAMONDS EIGHT HEARTS EIGHT,0.4672,0.0098,0.523
CLUBS JACK CLUBS TWO,0.6034,0.0054,0.3912
CLUBS NINE DIAMONDS EIGHT,0.6392,0.0068,0.354
CLUBS EIGHT DIAMONDS EIGHT,0.4674,0.008,0.5246
CLUBS FIVE DIAMONDS EIGHT,0.6548,0.009,0.3362
SPADES ACE SPADES THREE,0.3956,0.0044,0.6
CLUBS FOUR DIAMONDS EIGHT,0.6616,0.0076,0.3308
CLUBS SEVEN DIAMONDS EIGHT,0.6366,0.0066,0.3568
SPADES QUEEN SPADES THREE,0.621,0.0082,0.3708
CLUBS SIX DIAMONDS EIGHT,0.642,0.0062,0.3518
SPADES KING SPADES THREE,0.615,0.1136,0.2714
DIAMONDS EIGHT DIAMONDS QUEEN,0.6224,0.0078,0.3698
HEARTS TWO DIAMONDS EIGHT,0.6878,0.008,0.3042
DIAMONDS KING DIAMONDS EIGHT,0.6278,0.1076,0.2646
HEARTS THREE DIAMONDS EIGHT,0.699,0.009,0.292
DIAMONDS ACE DIAMONDS EIGHT,0.3998,0.0052,0.595
HEARTS FOUR DIAMONDS EIGHT,0.6746,0.0078,0.3176
HEARTS FIVE DIAMONDS EIGHT,0.6518,0.0096,0.3386
DIAMONDS EIGHT DIAMONDS JACK,0.5934,0.0074,0.3992
SPADES JACK SPADES THREE,0.6146,0.0066,0.3788
SPADES TEN SPADES THREE,0.6942,0.0318,0.274
CLUBS FOUR HEARTS ACE,0.4188,0.006,0.5752
CLUBS FOUR HEARTS QUEEN,0.658,0.0072,0.3348
CLUBS SIX HEARTS TEN,0.7228,0.0366,0.2406
CLUBS SIX HEARTS JACK,0.6554,0.0066,0.338
DIAMONDS EIGHT SPADES FOUR,0.672,0.0082,0.3198
SPADES FIVE DIAMONDS EIGHT,0.6524,0.0058,0.3418
DIAMONDS EIGHT SPADES TWO,0.6862,0.0074,0.3064
DIAMONDS EIGHT SPADES THREE,0.6834,0.008,0.3086
CLUBS FOUR HEARTS JACK,0.6636,0.0068,0.3296
SPADES EIGHT DIAMONDS EIGHT,0.4584,0.0074,0.5342
SPADES TEN DIAMONDS QUEEN,0.7238,0.0296,0.2466
SPADES TEN HEARTS TWO,0.7434,0.0328,0.2238
SPADES JACK HEARTS EIGHT,0.651,0.0068,0.3422
CLUBS FOUR HEARTS TEN,0.736,0.0362,0.2278
SPADES NINE DIAMONDS EIGHT,0.633,0.0076,0.3594
SPADES TEN HEARTS EIGHT,0.7254,0.0276,0.247
SPADES JACK HEARTS TWO,0.6482,0.008,0.3438
SPADES JACK DIAMONDS QUEEN,0.6024,0.0066,0.391
SPADES SIX DIAMONDS EIGHT,0.6486,0.0066,0.3448
SPADES SEVEN DIAMONDS EIGHT,0.6318,0.0066,0.3616
SPADES ACE HEARTS TWO,0.4234,0.0054,0.5712
SPADES ACE DIAMONDS QUEEN,0.3754,0.0036,0.621
SPADES ACE HEARTS EIGHT,0.4372,0.0038,0.559
SPADES KING HEARTS EIGHT,0.6742,0.1116,0.2142
SPADES QUEEN HEARTS TWO,0.6728,0.008,0.3192
SPADES QUEEN DIAMONDS QUEEN,0.277,0.0052,0.7178
SPADES KING DIAMONDS QUEEN,0.2436,0.0616,0.6948
SPADES KING HEARTS TWO,0.655,0.1192,0.2258
SPADES QUEEN HEARTS EIGHT,0.6458,0.005,0.3492
CLUBS TWO HEARTS TEN,0.7364,0.0424,0.2212
CLUBS TWO HEARTS JACK,0.6606,0.0082,0.3312
SPADES SEVEN DIAMONDS NINE,0.6492,0.0054,0.3454
SPADES SIX DIAMONDS NINE,0.6446,0.0078,0.3476
SPADES NINE DIAMONDS NINE,0.4634,0.0098,0.5268
SPADES EIGHT DIAMONDS NINE,0.6368,0.0086,0.3546
SPADES TEN CLUBS KING,0.0208,0.9562,0.023
DIAMONDS NINE SPADES THREE,0.6674,0.0078,0.3248
SPADES JACK CLUBS KING,0.243,0.0878,0.6692
DIAMONDS NINE SPADES TWO,0.6842,0.0066,0.3092
DIAMONDS NINE SPADES FIVE,0.6606,0.008,0.3314
DIAMONDS NINE SPADES FOUR,0.6772,0.005,0.3178
CLUBS NINE DIAMONDS NINE,0.4512,0.0046,0.5442
CLUBS EIGHT DIAMONDS NINE,0.635,0.0058,0.3592
CLUBS SIX DIAMONDS NINE,0.6618,0.0056,0.3326
SPADES JACK CLUBS FOUR,0.65,0.0066,0.3434
CLUBS SEVEN DIAMONDS NINE,0.6368,0.0066,0.3566
SPADES TEN CLUBS FOUR,0.732,0.0334,0.2346
CLUBS FOUR DIAMONDS NINE,0.672,0.0068,0.3212
CLUBS FIVE DIAMONDS NINE,0.6574,0.008,0.3346
CLUBS TWO DIAMONDS NINE,0.681,0.0092,0.3098
DIAMONDS NINE CLUBS THREE,0.686,0.0088,0.3052
DIAMONDS NINE HEARTS EIGHT,0.6514,0.007,0.3416
DIAMONDS NINE HEARTS NINE,0.446,0.0098,0.5442
HEARTS SIX DIAMONDS NINE,0.6574,0.0084,0.3342
HEARTS SEVEN DIAMONDS NINE,0.647,0.0076,0.3454
CLUBS EIGHT CLUBS NINE,0.5842,0.0056,0.4102
DIAMONDS ACE DIAMONDS NINE,0.3786,0.0036,0.6178
HEARTS FOUR DIAMONDS NINE,0.6888,0.007,0.3042
HEARTS FIVE DIAMONDS NINE,0.6674,0.0082,0.3244
CLUBS TWO HEARTS ACE,0.4216,0.0058,0.5726
SPADES ACE CLUBS FOUR,0.4212,0.0038,0.575
DIAMONDS NINE DIAMONDS QUEEN,0.6038,0.0074,0.3888
HEARTS TWO DIAMONDS NINE,0.6798,0.0076,0.3126
SPADES KING CLUBS FOUR,0.6526,0.1124,0.235
DIAMONDS KING DIAMONDS NINE,0.6332,0.1106,0.2562
HEARTS THREE DIAMONDS NINE,0.6904,0.0072,0.3024
CLUBS TWO HEARTS QUEEN,0.6672,0.0086,0.3242
SPADES QUEEN CLUBS FOUR,0.6442,0.007,0.3488
DIAMONDS NINE DIAMONDS JACK,0.5938,0.0084,0.3978
CLUBS EIGHT SPADES NINE,0.6336,0.007,0.3594
CLUBS EIGHT SPADES EIGHT,0.4552,0.006,0.5388
CLUBS EIGHT SPADES SEVEN,0.6208,0.0068,0.3724
CLUBS EIGHT SPADES SIX,0.6348,0.0056,0.3596
CLUBS EIGHT SPADES FIVE,0.6406,0.0088,0.3506
CLUBS EIGHT SPADES FOUR,0.667,0.0042,0.3288
CLUBS EIGHT SPADES THREE,0.6824,0.0078,0.3098
CLUBS EIGHT SPADES TWO,0.6634,0.0068,0.3298
CLUBS JACK CLUBS FOUR,0.6132,0.0068,0.38
CLUBS TEN CLUBS FOUR,0.6962,0.0332,0.2706
CLUBS FOUR CLUBS KING,0.6126,0.1136,0.2738
CLUBS FOUR CLUBS QUEEN,0.614,0.006,0.38
CLUBS FOUR CLUBS ACE,0.406,0.0042,0.5898
CLUBS EIGHT HEARTS JACK,0.6396,0.0056,0.3548
CLUBS EIGHT HEARTS TEN,0.7208,0.03,0.2492
CLUBS EIGHT HEARTS QUEEN,0.6452,0.0056,0.3492
CLUBS EIGHT HEARTS ACE,0.4118,0.0044,0.5838
CLUBS NINE SPADES THREE,0.6788,0.005,0.3162
CLUBS NINE SPADES TWO,0.6794,0.0068,0.3138
CLUBS NINE SPADES FIVE,0.6546,0.0032,0.3422
CLUBS NINE SPADES FOUR,0.671,0.0076,0.3214
CLUBS NINE SPADES SEVEN,0.635,0.005,0.36
CLUBS NINE SPADES SIX,0.6508,0.0064,0.3428
CLUBS NINE SPADES NINE,0.4322,0.0064,0.5614
CLUBS TEN HEARTS EIGHT,0.7148,0.0322,0.253
CLUBS NINE SPADES EIGHT,0.635,0.005,0.36
CLUBS JACK HEARTS EIGHT,0.6476,0.0044,0.348
HEARTS EIGHT CLUBS QUEEN,0.6522,0.0066,0.3412
CLUBS KING HEARTS EIGHT,0.6626,0.1184,0.219
CLUBS ACE HEARTS EIGHT,0.4256,0.004,0.5704
SPADES KING CLUBS KING,0.1154,0.0114,0.8732
SPADES QUEEN CLUBS KING,0.2444,0.0662,0.6894
SPADES ACE CLUBS KING,0.2462,0.0114,0.7424
DIAMONDS ACE HEARTS TEN,0.2418,0.0238,0.7344
HEARTS FOUR HEARTS TEN,0.7078,0.0362,0.256
DIAMONDS ACE HEARTS JACK,0.3648,0.0048,0.6304
HEARTS FOUR HEARTS JACK,0.6262,0.006,0.3678
SPADES KING CLUBS FIVE,0.64,0.124,0.236
SPADES QUEEN CLUBS FIVE,0.6654,0.0076,0.327
SPADES ACE CLUBS FIVE,0.427,0.0046,0.5684
HEARTS SEVEN DIAMONDS JACK,0.6422,0.0056,0.3522
HEARTS SIX DIAMONDS JACK,0.6444,0.007,0.3486
DIAMONDS JACK HEARTS NINE,0.6356,0.0076,0.3568
DIAMONDS JACK HEARTS EIGHT,0.6338,0.0066,0.3596
DIAMONDS KING DIAMONDS JACK,0.2282,0.0824,0.6894
HEARTS THREE DIAMONDS JACK,0.6556,0.0068,0.3376
SPADES ACE SPADES SIX,0.408,0.0042,0.5878
SPADES FOUR HEARTS ACE,0.4158,0.0052,0.579
DIAMONDS QUEEN DIAMONDS JACK,0.55,0.0086,0.4414
HEARTS TWO DIAMONDS JACK,0.6512,0.0096,0.3392
HEARTS FIVE DIAMONDS JACK,0.6486,0.0066,0.3448
SPADES QUEEN SPADES SIX,0.6154,0.0036,0.381
SPADES FOUR HEARTS QUEEN,0.6652,0.0076,0.3272
DIAMONDS ACE DIAMONDS JACK,0.3404,0.0038,0.6558
HEARTS FOUR DIAMONDS JACK,0.649,0.0098,0.3412
SPADES KING SPADES SIX,0.6078,0.1082,0.284
SPADES TEN SPADES SIX,0.6604,0.037,0.3026
SPADES JACK SPADES SIX,0.6284,0.0056,0.366
SPADES FOUR DIAMONDS JACK,0.6544,0.0088,0.3368
SPADES FIVE DIAMONDS JACK,0.6558,0.006,0.3382
DIAMONDS JACK SPADES TWO,0.654,0.0082,0.3378
SPADES THREE DIAMONDS JACK,0.651,0.006,0.343
SPADES ACE DIAMONDS THREE,0.4356,0.0066,0.5578
CLUBS EIGHT DIAMONDS JACK,0.6226,0.0092,0.3682
SPADES QUEEN DIAMONDS THREE,0.6524,0.0052,0.3424
SPADES KING DIAMONDS THREE,0.6522,0.1236,0.2242
CLUBS NINE DIAMONDS JACK,0.6276,0.0058,0.3666
CLUBS SIX DIAMONDS JACK,0.6524,0.0062,0.3414
CLUBS SEVEN DIAMONDS JACK,0.6498,0.0064,0.3438
CLUBS FOUR DIAMONDS JACK,0.6474,0.005,0.3476
CLUBS FIVE DIAMONDS JACK,0.6398,0.0062,0.354
CLUBS TWO DIAMONDS JACK,0.6526,0.008,0.3394
CLUBS THREE DIAMONDS JACK,0.6478,0.0062,0.346
SPADES TEN CLUBS FIVE,0.7302,0.0314,0.2384
SPADES JACK HEARTS SIX,0.6588,0.0058,0.3354
HEARTS SIX SPADES TEN,0.7312,0.0328,0.236
SPADES JACK CLUBS FIVE,0.657,0.0058,0.3372
SPADES JACK DIAMONDS THREE,0.6676,0.0052,0.3272
CLUBS SEVEN CLUBS ACE,0.3906,0.004,0.6054
DIAMONDS THREE SPADES TEN,0.7336,0.0344,0.232
CLUBS SEVEN CLUBS QUEEN,0.6184,0.006,0.3756
CLUBS SEVEN CLUBS KING,0.6132,0.1106,0.2762
SPADES NINE DIAMONDS JACK,0.6228,0.0088,0.3684
CLUBS TEN CLUBS SEVEN,0.6658,0.0314,0.3028
DIAMONDS ACE HEARTS ACE,0.1272,0.004,0.8688
HEARTS FOUR HEARTS ACE,0.3946,0.007,0.5984
SPADES EIGHT DIAMONDS JACK,0.641,0.006,0.353
SPADES ACE HEARTS SIX,0.4388,0.005,0.5562
CLUBS JACK CLUBS SEVEN,0.6116,0.006,0.3824
SPADES SEVEN DIAMONDS JACK,0.6428,0.0048,0.3524
SPADES KING HEARTS SIX,0.6666,0.1092,0.2242
DIAMONDS ACE HEARTS QUEEN,0.3706,0.0058,0.6236
HEARTS FOUR HEARTS QUEEN,0.6256,0.0064,0.368
SPADES QUEEN HEARTS SIX,0.6618,0.0066,0.3316
SPADES SIX DIAMONDS JACK,0.6598,0.0068,0.3334
CLUBS JACK DIAMONDS THREE,0.6532,0.0074,0.3394
CLUBS TEN DIAMONDS THREE,0.745,0.0384,0.2166
DIAMONDS THREE CLUBS KING,0.6488,0.1178,0.2334
DIAMONDS THREE CLUBS QUEEN,0.6632,0.0092,0.3276
DIAMONDS THREE CLUBS ACE,0.4254,0.0054,0.5692
SPADES FOUR HEARTS JACK,0.6636,0.0068,0.3296
SPADES FOUR HEARTS TEN,0.7232,0.039,0.2378
SPADES FIVE SPADES TWO,0.6118,0.0054,0.3828
SPADES FOUR SPADES TWO,0.615,0.0108,0.3742
SPADES THREE SPADES TWO,0.606,0.0076,0.3864
SPADES NINE SPADES TWO,0.6246,0.0086,0.3668
SPADES EIGHT SPADES TWO,0.6372,0.0046,0.3582
SPADES SEVEN SPADES TWO,0.618,0.0072,0.3748
SPADES SIX SPADES TWO,0.6276,0.0064,0.366
CLUBS THREE DIAMONDS QUEEN,0.6524,0.007,0.3406
HEARTS TWO CLUBS THREE,0.6524,0.0068,0.3408
CLUBS TWO DIAMONDS QUEEN,0.66,0.008,0.332
HEARTS TWO CLUBS TWO,0.479,0.0136,0.5074
HEARTS SEVEN DIAMONDS QUEEN,0.6558,0.0082,0.336
HEARTS SEVEN HEARTS TWO,0.6418,0.0072,0.351
HEARTS SIX DIAMONDS QUEEN,0.66,0.0054,0.3346
HEARTS SIX HEARTS TWO,0.6338,0.0062,0.36
DIAMONDS QUEEN HEARTS NINE,0.6404,0.0058,0.3538
HEARTS TWO HEARTS NINE,0.6486,0.008,0.3434
DIAMONDS QUEEN HEARTS EIGHT,0.6514,0.0064,0.3422
HEARTS TWO HEARTS EIGHT,0.6324,0.0088,0.3588
CLUBS NINE HEARTS TWO,0.6842,0.0068,0.309
CLUBS NINE DIAMONDS QUEEN,0.6462,0.0052,0.3486
CLUBS EIGHT DIAMONDS QUEEN,0.6244,0.0068,0.3688
CLUBS EIGHT HEARTS TWO,0.6904,0.0072,0.3024
CLUBS FIVE DIAMONDS QUEEN,0.647,0.005,0.348
CLUBS FIVE HEARTS TWO,0.6542,0.0118,0.334
SPADES EIGHT HEARTS ACE,0.4246,0.0042,0.5712
CLUBS FOUR DIAMONDS QUEEN,0.643,0.0074,0.3496
CLUBS FOUR HEARTS TWO,0.6614,0.0068,0.3318
CLUBS SEVEN DIAMONDS QUEEN,0.643,0.0062,0.3508
CLUBS SEVEN HEARTS TWO,0.677,0.0074,0.3156
SPADES EIGHT HEARTS QUEEN,0.6462,0.0086,0.3452
CLUBS SIX DIAMONDS QUEEN,0.6572,0.006,0.3368
CLUBS SIX HEARTS TWO,0.6738,0.0096,0.3166
HEARTS TWO SPADES SIX,0.6622,0.0074,0.3304
SPADES SIX DIAMONDS QUEEN,0.6454,0.007,0.3476
HEARTS FOUR CLUBS QUEEN,0.6488,0.0074,0.3438
DIAMONDS ACE CLUBS QUEEN,0.3732,0.004,0.6228
SPADES SEVEN DIAMONDS QUEEN,0.6446,0.0062,0.3492
SPADES SEVEN HEARTS TWO,0.6718,0.006,0.3222
HEARTS FOUR CLUBS KING,0.6612,0.1162,0.2226
DIAMONDS ACE CLUBS KING,0.2404,0.0112,0.7484
SPADES EIGHT DIAMONDS QUEEN,0.638,0.0062,0.3558
SPADES EIGHT HEARTS TWO,0.6786,0.0084,0.313
HEARTS FOUR CLUBS ACE,0.42,0.005,0.575
DIAMONDS ACE CLUBS ACE,0.1324,0.0046,0.863
SPADES NINE DIAMONDS QUEEN,0.637,0.0068,0.3562
SPADES NINE HEARTS TWO,0.68,0.0066,0.3134
HEARTS TWO SPADES TWO,0.4902,0.01,0.4998
DIAMONDS QUEEN SPADES TWO,0.6558,0.0072,0.337
HEARTS TWO SPADES THREE,0.6642,0.0084,0.3274
DIAMONDS QUEEN SPADES THREE,0.6506,0.0098,0.3396
HEARTS TWO SPADES FOUR,0.648,0.01,0.342
SPADES FOUR DIAMONDS QUEEN,0.6606,0.007,0.3324
CLUBS TEN HEARTS FOUR,0.734,0.034,0.232
CLUBS TEN DIAMONDS ACE,0.2416,0.0194,0.739
HEARTS TWO SPADES FIVE,0.65,0.009,0.341
SPADES FIVE DIAMONDS QUEEN,0.6452,0.0066,0.3482
CLUBS JACK HEARTS FOUR,0.6594,0.0066,0.334
CLUBS JACK DIAMONDS ACE,0.3658,0.0038,0.6304
CLUBS FIVE CLUBS KING,0.6128,0.1162,0.271
CLUBS FIVE CLUBS QUEEN,0.6056,0.0076,0.3868
CLUBS FIVE CLUBS ACE,0.4104,0.005,0.5846
CLUBS JACK CLUBS FIVE,0.612,0.0052,0.3828
CLUBS TEN CLUBS FIVE,0.6776,0.033,0.2894
SPADES KING CLUBS JACK,0.2262,0.0824,0.6914
CLUBS JACK SPADES QUEEN,0.597,0.007,0.396
SPADES ACE CLUBS JACK,0.378,0.0044,0.6176
SPADES SIX CLUBS KING,0.6426,0.1124,0.245
SPADES SIX CLUBS QUEEN,0.647,0.0042,0.3488
SPADES EIGHT HEARTS JACK,0.632,0.007,0.361
SPADES SIX CLUBS ACE,0.4278,0.0026,0.5696
SPADES EIGHT HEARTS TEN,0.7134,0.0372,0.2494
CLUBS JACK SPADES SIX,0.6454,0.007,0.3476
CLUBS TEN SPADES SIX,0.7246,0.0322,0.2432
CLUBS JACK SPADES TEN,0.7168,0.0264,0.2568
CLUBS JACK SPADES JACK,0.3104,0.0042,0.6854
SPADES QUEEN CLUBS SEVEN,0.6514,0.0046,0.344
SPADES KING CLUBS SEVEN,0.649,0.1174,0.2336
SPADES ACE CLUBS SEVEN,0.4142,0.0028,0.583
SPADES SIX HEARTS TEN,0.7158,0.0342,0.25
SPADES SIX HEARTS JACK,0.6638,0.0058,0.3304
SPADES SIX HEARTS ACE,0.4176,0.0034,0.579
SPADES SIX HEARTS QUEEN,0.6606,0.0064,0.333
SPADES JACK CLUBS SEVEN,0.6322,0.0058,0.362
SPADES TEN CLUBS SEVEN,0.711,0.029,0.26
CLUBS TEN HEARTS SIX,0.721,0.0372,0.2418
CLUBS JACK HEARTS SIX,0.659,0.0052,0.3358
CLUBS JACK CLUBS ACE,0.3514,0.0056,0.643
HEARTS SIX CLUBS QUEEN,0.6618,0.004,0.3342
HEARTS SIX CLUBS KING,0.6574,0.1166,0.226
HEARTS SIX CLUBS ACE,0.441,0.0024,0.5566
CLUBS JACK CLUBS QUEEN,0.5564,0.0056,0.438
CLUBS JACK CLUBS KING,0.2254,0.0838,0.6908
DIAMONDS THREE HEARTS ACE,0.4156,0.003,0.5814
DIAMONDS THREE HEARTS QUEEN,0.6604,0.0094,0.3302
CLUBS FIVE HEARTS JACK,0.6686,0.0056,0.3258
SPADES TEN DIAMONDS ACE,0.2434,0.0194,0.7372
HEARTS FOUR SPADES TEN,0.7402,0.0288,0.231
CLUBS FIVE HEARTS TEN,0.74,0.038,0.222
HEARTS FOUR SPADES JACK,0.656,0.008,0.336
SPADES JACK DIAMONDS ACE,0.3796,0.0054,0.615
SPADES ACE HEARTS FOUR,0.427,0.0046,0.5684
SPADES ACE DIAMONDS ACE,0.1338,0.004,0.8622
CLUBS FIVE HEARTS ACE,0.4158,0.0058,0.5784
HEARTS FOUR SPADES QUEEN,0.6506,0.0044,0.345
SPADES QUEEN DIAMONDS ACE,0.3594,0.0044,0.6362
CLUBS JACK SPADES FOUR,0.6462,0.0062,0.3476
CLUBS FIVE HEARTS QUEEN,0.6702,0.0066,0.3232
SPADES KING DIAMONDS ACE,0.243,0.0108,0.7462
SPADES KING HEARTS FOUR,0.653,0.118,0.229
CLUBS TEN SPADES FOUR,0.7314,0.0332,0.2354
DIAMONDS ACE DIAMONDS QUEEN,0.3578,0.0062,0.636
DIAMONDS ACE HEARTS TWO,0.4272,0.0046,0.5682
HEARTS FOUR DIAMONDS QUEEN,0.6552,0.0064,0.3384
HEARTS FOUR HEARTS TWO,0.6224,0.0096,0.368
DIAMONDS THREE HEARTS TEN,0.7544,0.0416,0.204
SPADES FOUR CLUBS KING,0.642,0.1188,0.2392
HEARTS FIVE DIAMONDS QUEEN,0.6558,0.008,0.3362
HEARTS FIVE HEARTS TWO,0.6314,0.0078,0.3608
DIAMONDS THREE HEARTS JACK,0.6716,0.008,0.3204
SPADES FOUR CLUBS QUEEN,0.6454,0.007,0.3476
HEARTS TWO DIAMONDS QUEEN,0.6572,0.0076,0.3352
DIAMONDS KING DIAMONDS QUEEN,0.2376,0.0606,0.7018
DIAMONDS KING HEARTS TWO,0.65,0.1266,0.2234
HEARTS THREE DIAMONDS QUEEN,0.6558,0.008,0.3362
HEARTS THREE HEARTS TWO,0.6138,0.0114,0.3748
SPADES FOUR CLUBS ACE,0.4242,0.0034,0.5724
HEARTS TWO CLUBS ACE,0.4408,0.0046,0.5546
DIAMONDS QUEEN CLUBS ACE,0.3708,0.0048,0.6244
HEARTS TWO CLUBS QUEEN,0.6622,0.007,0.3308
DIAMONDS QUEEN CLUBS QUEEN,0.2912,0.0048,0.704
HEARTS TWO CLUBS KING,0.6656,0.1168,0.2176
DIAMONDS QUEEN CLUBS KING,0.2308,0.062,0.7072
SPADES EIGHT SPADES FIVE,0.608,0.007,0.385
CLUBS TEN HEARTS TWO,0.7548,0.035,0.2102
CLUBS TEN DIAMONDS QUEEN,0.7194,0.0252,0.2554
SPADES NINE SPADES FIVE,0.6218,0.0056,0.3726
CLUBS JACK HEARTS TWO,0.664,0.0084,0.3276
CLUBS JACK DIAMONDS QUEEN,0.5794,0.0062,0.4144
SPADES SIX SPADES FIVE,0.5814,0.0058,0.4128
SPADES SEVEN SPADES FIVE,0.5934,0.0066,0.4
DIAMONDS FIVE CLUBS QUEEN,0.666,0.007,0.327
SPADES EIGHT CLUBS ACE,0.4254,0.0058,0.5688
DIAMONDS FIVE CLUBS KING,0.6628,0.1174,0.2198
SPADES EIGHT CLUBS KING,0.6486,0.1134,0.238
DIAMONDS FIVE CLUBS ACE,0.4186,0.0048,0.5766
SPADES EIGHT CLUBS QUEEN,0.6438,0.0092,0.347
CLUBS JACK SPADES EIGHT,0.6348,0.0074,0.3578
CLUBS TEN SPADES EIGHT,0.715,0.0332,0.2518
CLUBS TEN DIAMONDS FIVE,0.7278,0.0372,0.235
CLUBS JACK DIAMONDS FIVE,0.6536,0.0076,0.3388
SPADES ACE CLUBS NINE,0.3992,0.0034,0.5974
SPADES QUEEN CLUBS NINE,0.6272,0.0072,0.3656
SPADES KING CLUBS NINE,0.646,0.1184,0.2356
DIAMONDS KING SPADES SEVEN,0.6486,0.1136,0.2378
HEARTS THREE SPADES SEVEN,0.68,0.0068,0.3132
SPADES KING DIAMONDS SEVEN,0.662,0.1216,0.2164
HEARTS SIX HEARTS QUEEN,0.6386,0.0086,0.3528
SPADES QUEEN DIAMONDS SEVEN,0.6608,0.0078,0.3314
HEARTS THREE SPADES SIX,0.653,0.0044,0.3426
DIAMONDS KING SPADES SIX,0.6468,0.1144,0.2388
SPADES NINE DIAMONDS KING,0.6606,0.1178,0.2216
SPADES NINE HEARTS THREE,0.6838,0.0078,0.3084
HEARTS SIX HEARTS ACE,0.4176,0.0044,0.578
DIAMONDS KING SPADES EIGHT,0.655,0.1232,0.2218
SPADES EIGHT HEARTS THREE,0.6766,0.0062,0.3172
SPADES ACE DIAMONDS SEVEN,0.4332,0.0054,0.5614
CLUBS NINE HEARTS THREE,0.6738,0.0072,0.319
CLUBS NINE DIAMONDS KING,0.6608,0.11,0.2292
CLUBS EIGHT DIAMONDS KING,0.6532,0.121,0.2258
CLUBS EIGHT HEARTS THREE,0.6714,0.0062,0.3224
HEARTS THREE SPADES THREE,0.4726,0.0086,0.5188
DIAMONDS KING SPADES THREE,0.6442,0.118,0.2378
HEARTS THREE SPADES TWO,0.6704,0.0072,0.3224
DIAMONDS KING SPADES TWO,0.658,0.1196,0.2224
HEARTS THREE SPADES FIVE,0.6334,0.0078,0.3588
DIAMONDS KING SPADES FIVE,0.6418,0.1156,0.2426
HEARTS THREE SPADES FOUR,0.6492,0.0072,0.3436
DIAMONDS KING SPADES FOUR,0.6372,0.1194,0.2434
DIAMONDS KING CLUBS TWO,0.667,0.1138,0.2192
