opposingHand,winningChance,drawChance,lostChance
DIAMONDS QUEEN SPADES TWO
HEARTS FIVE SPADES TEN,0.5842,0.0112,0.4046
HEARTS FIVE SPADES JACK,0.5838,0.014,0.4022
SPADES FIVE CLUBS JACK,0.5778,0.0096,0.4126
CLUBS TEN SPADES FIVE,0.5898,0.0146,0.3956
CLUBS EIGHT CLUBS JACK,0.5248,0.0114,0.4638
CLUBS TEN CLUBS EIGHT,0.5126,0.0114,0.476
CLUBS EIGHT CLUBS KING,0.3358,0.0074,0.6568
SPADES FIVE CLUBS ACE,0.3402,0.0048,0.655
CLUBS EIGHT CLUBS QUEEN,0.2082,0.2136,0.5782
SPADES FIVE CLUBS KING,0.3396,0.0078,0.6526
SPADES FIVE CLUBS QUEEN,0.2088,0.4564,0.3348
CLUBS EIGHT CLUBS ACE,0.3424,0.0062,0.6514
DIAMONDS TWO DIAMONDS THREE,0.68,0.0428,0.2772
DIAMONDS TWO DIAMONDS FIVE,0.6644,0.0366,0.299
HEARTS FIVE SPADES KING,0.348,0.007,0.645
DIAMONDS TWO DIAMONDS FOUR,0.6708,0.0412,0.288
HEARTS FIVE SPADES QUEEN,0.2122,0.4598,0.328
DIAMONDS TWO DIAMONDS SEVEN,0.688,0.0316,0.2804
DIAMONDS TWO DIAMONDS SIX,0.6868,0.0348,0.2784
SPADES ACE HEARTS FIVE,0.342,0.0052,0.6528
DIAMONDS TWO DIAMONDS NINE,0.6952,0.043,0.2618
DIAMONDS TWO DIAMONDS EIGHT,0.68,0.0396,0.2804
DIAMONDS THREE DIAMONDS FOUR,0.546,0.0182,0.4358
CLUBS TWO SPADES FOUR,0.6864,0.037,0.2766
DIAMONDS THREE DIAMONDS FIVE,0.5488,0.0152,0.436
SPADES FIVE CLUBS TWO,0.6942,0.0326,0.2732
CLUBS TWO SPADES THREE,0.7058,0.0418,0.2524
DIAMONDS THREE DIAMONDS EIGHT,0.5588,0.0124,0.4288
SPADES EIGHT CLUBS TWO,0.7138,0.0398,0.2464
DIAMONDS THREE DIAMONDS NINE,0.5786,0.0134,0.408
SPADES NINE CLUBS TWO,0.723,0.0384,0.2386
DIAMONDS THREE DIAMONDS SIX,0.5606,0.0122,0.4272
SPADES SIX CLUBS TWO,0.721,0.0338,0.2452
DIAMONDS THREE DIAMONDS SEVEN,0.5718,0.0124,0.4158
SPADES SEVEN CLUBS TWO,0.7176,0.0374,0.245
CLUBS SIX CLUBS TWO,0.663,0.0328,0.3042
CLUBS SEVEN CLUBS TWO,0.6646,0.0398,0.2956
CLUBS FOUR CLUBS TWO,0.653,0.0374,0.3096
CLUBS FIVE CLUBS TWO,0.6484,0.038,0.3136
CLUBS TEN CLUBS JACK,0.4982,0.0102,0.4916
DIAMONDS FOUR DIAMONDS SIX,0.5326,0.0166,0.4508
CLUBS TEN CLUBS QUEEN,0.2164,0.1182,0.6654
DIAMONDS FOUR DIAMONDS SEVEN,0.5436,0.0128,0.4436
CLUBS TEN CLUBS KING,0.316,0.005,0.679
CLUBS TEN CLUBS ACE,0.3216,0.005,0.6734
CLUBS EIGHT CLUBS TWO,0.6748,0.0346,0.2906
DIAMONDS FIVE DIAMONDS FOUR,0.527,0.0152,0.4578
CLUBS NINE CLUBS TWO,0.6602,0.0352,0.3046
DIAMONDS NINE DIAMONDS FOUR,0.5634,0.0116,0.425
DIAMONDS EIGHT DIAMONDS FOUR,0.5544,0.0122,0.4334
CLUBS THREE CLUBS TWO,0.6496,0.0366,0.3138
DIAMONDS NINE DIAMONDS FIVE,0.562,0.0158,0.4222
DIAMONDS TWO CLUBS JACK,0.7346,0.038,0.2274
DIAMONDS EIGHT DIAMONDS FIVE,0.5312,0.0136,0.4552
CLUBS TEN DIAMONDS TWO,0.7178,0.04,0.2422
DIAMONDS FIVE DIAMONDS SEVEN,0.5396,0.0164,0.444
DIAMONDS FIVE DIAMONDS SIX,0.5312,0.0142,0.4546
DIAMONDS TWO CLUBS ACE,0.2394,0.0196,0.741
DIAMONDS TWO CLUBS KING,0.237,0.029,0.734
DIAMONDS TWO CLUBS QUEEN,0.0162,0.973,0.0108
DIAMONDS EIGHT DIAMONDS SIX,0.5214,0.0148,0.4638
DIAMONDS NINE DIAMONDS SIX,0.5496,0.01,0.4404
HEARTS ACE SPADES THREE,0.3442,0.0062,0.6496
SPADES THREE HEARTS KING,0.357,0.0084,0.6346
DIAMONDS SEVEN DIAMONDS SIX,0.5332,0.0136,0.4532
HEARTS QUEEN SPADES THREE,0.2154,0.519,0.2656
SPADES THREE HEARTS JACK,0.591,0.0146,0.3944
SPADES THREE HEARTS TEN,0.5942,0.0124,0.3934
DIAMONDS EIGHT DIAMONDS SEVEN,0.5222,0.0128,0.465
DIAMONDS NINE DIAMONDS SEVEN,0.5298,0.012,0.4582
DIAMONDS NINE DIAMONDS EIGHT,0.5218,0.011,0.4672
DIAMONDS KING HEARTS TEN,0.3392,0.0092,0.6516
HEARTS THREE HEARTS TEN,0.5524,0.012,0.4356
SPADES JACK CLUBS SIX,0.59,0.0114,0.3986
DIAMONDS KING HEARTS JACK,0.3372,0.0058,0.657
HEARTS THREE HEARTS JACK,0.5546,0.0142,0.4312
SPADES TEN CLUBS SIX,0.5748,0.0102,0.415
SPADES JACK SPADES FIVE,0.5628,0.0154,0.4218
SPADES TEN SPADES FIVE,0.562,0.0116,0.4264
DIAMONDS KING HEARTS ACE,0.3096,0.0064,0.684
HEARTS THREE HEARTS ACE,0.3334,0.005,0.6616
SPADES ACE CLUBS SIX,0.3534,0.0052,0.6414
DIAMONDS KING HEARTS QUEEN,0.2272,0.0294,0.7434
HEARTS THREE HEARTS QUEEN,0.2014,0.5014,0.2972
SPADES KING CLUBS SIX,0.3482,0.0082,0.6436
DIAMONDS KING HEARTS KING,0.1256,0.0058,0.8686
HEARTS THREE HEARTS KING,0.344,0.0086,0.6474
SPADES QUEEN CLUBS SIX,0.2254,0.386,0.3886
SPADES NINE HEARTS TEN,0.543,0.0108,0.4462
SPADES NINE HEARTS JACK,0.5486,0.0116,0.4398
SPADES QUEEN SPADES FIVE,0.2108,0.444,0.3452
SPADES KING SPADES FIVE,0.3466,0.0072,0.6462
SPADES ACE SPADES FIVE,0.3244,0.0068,0.6688
SPADES NINE HEARTS QUEEN,0.2094,0.1726,0.618
SPADES NINE HEARTS KING,0.3464,0.0056,0.648
SPADES NINE HEARTS ACE,0.3518,0.004,0.6442
CLUBS TEN SPADES JACK,0.5384,0.0094,0.4522
CLUBS TEN SPADES TEN,0.2742,0.0148,0.711
SPADES ACE CLUBS TEN,0.3324,0.0064,0.6612
SPADES KING CLUBS TEN,0.3168,0.007,0.6762
CLUBS TEN SPADES QUEEN,0.2068,0.123,0.6702
SPADES FIVE HEARTS QUEEN,0.2026,0.4634,0.334
SPADES FIVE HEARTS KING,0.3636,0.0076,0.6288
HEARTS ACE SPADES FIVE,0.3294,0.0056,0.665
CLUBS EIGHT SPADES TEN,0.5522,0.0084,0.4394
SPADES JACK HEARTS THREE,0.6044,0.013,0.3826
SPADES JACK DIAMONDS KING,0.3206,0.0066,0.6728
SPADES TEN DIAMONDS KING,0.327,0.006,0.667
SPADES TEN HEARTS THREE,0.5818,0.013,0.4052
SPADES JACK CLUBS EIGHT,0.5576,0.0096,0.4328
CLUBS SIX HEARTS ACE,0.3584,0.0036,0.638
SPADES ACE CLUBS EIGHT,0.3426,0.004,0.6534
HEARTS FIVE CLUBS JACK,0.5916,0.012,0.3964
HEARTS FIVE CLUBS TEN,0.5844,0.0134,0.4022
CLUBS SIX HEARTS QUEEN,0.2278,0.383,0.3892
SPADES QUEEN CLUBS EIGHT,0.2166,0.225,0.5584
CLUBS TEN SPADES THREE,0.5984,0.0116,0.39
CLUBS SIX HEARTS KING,0.3626,0.0074,0.63
SPADES KING CLUBS EIGHT,0.3624,0.0086,0.629
SPADES THREE CLUBS JACK,0.587,0.0134,0.3996
DIAMONDS TWO HEARTS JACK,0.7346,0.0406,0.2248
SPADES THREE CLUBS QUEEN,0.2186,0.5202,0.2612
DIAMONDS TWO HEARTS TEN,0.7326,0.041,0.2264
SPADES THREE CLUBS KING,0.3574,0.01,0.6326
HEARTS FIVE CLUBS ACE,0.3538,0.005,0.6412
SPADES FIVE HEARTS TEN,0.5836,0.014,0.4024
SPADES THREE CLUBS ACE,0.3468,0.004,0.6492
HEARTS FIVE CLUBS KING,0.3586,0.0094,0.632
SPADES FIVE HEARTS JACK,0.5828,0.0126,0.4046
HEARTS FIVE CLUBS QUEEN,0.2208,0.4524,0.3268
HEARTS THREE CLUBS KING,0.3536,0.0072,0.6392
DIAMONDS KING CLUBS KING,0.1146,0.0046,0.8808
HEARTS THREE CLUBS QUEEN,0.2214,0.5128,0.2658
DIAMONDS KING CLUBS QUEEN,0.2126,0.0314,0.756
HEARTS FIVE HEARTS JACK,0.546,0.0122,0.4418
HEARTS FIVE HEARTS TEN,0.5498,0.011,0.4392
HEARTS THREE CLUBS ACE,0.3444,0.0042,0.6514
DIAMONDS KING CLUBS ACE,0.3044,0.006,0.6896
SPADES ACE CLUBS QUEEN,0.2018,0.019,0.7792
SPADES KING CLUBS QUEEN,0.222,0.0276,0.7504
HEARTS THREE CLUBS JACK,0.5976,0.0138,0.3886
DIAMONDS KING CLUBS JACK,0.3228,0.0082,0.669
SPADES QUEEN CLUBS QUEEN,0.071,0.0258,0.9032
CLUBS TEN HEARTS THREE,0.5968,0.0108,0.3924
CLUBS TEN DIAMONDS KING,0.3284,0.0074,0.6642
SPADES JACK CLUBS QUEEN,0.2336,0.088,0.6784
CLUBS SIX CLUBS QUEEN,0.2102,0.35,0.4398
SPADES TEN CLUBS QUEEN,0.2164,0.1234,0.6602
CLUBS SIX CLUBS KING,0.3334,0.008,0.6586
CLUBS SIX CLUBS ACE,0.3316,0.0036,0.6648
HEARTS FIVE HEARTS KING,0.334,0.0072,0.6588
HEARTS FIVE HEARTS QUEEN,0.2076,0.429,0.3634
CLUBS TEN CLUBS SIX,0.5514,0.0118,0.4368
HEARTS FIVE HEARTS ACE,0.3106,0.005,0.6844
CLUBS SIX CLUBS JACK,0.551,0.0102,0.4388
SPADES SEVEN HEARTS JACK,0.5752,0.0102,0.4146
SPADES SEVEN HEARTS TEN,0.5648,0.0114,0.4238
DIAMONDS TWO CLUBS TWO,0.2968,0.0272,0.676
DIAMONDS TWO CLUBS THREE,0.7086,0.0384,0.253
DIAMONDS TWO HEARTS SIX,0.7144,0.0386,0.247
DIAMONDS TWO HEARTS QUEEN,0.019,0.971,0.01
HEARTS SEVEN DIAMONDS TWO,0.734,0.0328,0.2332
DIAMONDS TWO HEARTS KING,0.2274,0.029,0.7436
DIAMONDS TWO HEARTS EIGHT,0.7174,0.0422,0.2404
DIAMONDS TWO HEARTS ACE,0.2364,0.0186,0.745
DIAMONDS TWO HEARTS NINE,0.7154,0.043,0.2416
DIAMONDS TWO HEARTS TWO,0.3096,0.0294,0.661
DIAMONDS TWO DIAMONDS KING,0.2282,0.0272,0.7446
DIAMONDS TWO HEARTS THREE,0.705,0.0376,0.2574
DIAMONDS TWO DIAMONDS ACE,0.226,0.0172,0.7568
HEARTS FOUR DIAMONDS TWO,0.7036,0.0374,0.259
HEARTS FIVE DIAMONDS TWO,0.6912,0.0382,0.2706
SPADES SEVEN HEARTS ACE,0.3568,0.0032,0.64
DIAMONDS TWO DIAMONDS TEN,0.6912,0.043,0.2658
SPADES SEVEN HEARTS KING,0.3514,0.0084,0.6402
DIAMONDS TWO DIAMONDS JACK,0.6956,0.0362,0.2682
SPADES SEVEN HEARTS QUEEN,0.2166,0.3096,0.4738
DIAMONDS TWO SPADES NINE,0.7168,0.0424,0.2408
DIAMONDS TWO SPADES EIGHT,0.7232,0.0448,0.232
DIAMONDS TWO SPADES SEVEN,0.7278,0.0362,0.236
DIAMONDS TWO SPADES SIX,0.7204,0.038,0.2416
DIAMONDS TWO SPADES FIVE,0.6996,0.044,0.2564
DIAMONDS TWO SPADES FOUR,0.7084,0.039,0.2526
DIAMONDS TWO SPADES THREE,0.7014,0.0458,0.2528
CLUBS NINE DIAMONDS TWO,0.725,0.04,0.235
DIAMONDS TWO CLUBS EIGHT,0.7212,0.041,0.2378
CLUBS SEVEN DIAMONDS TWO,0.7244,0.0394,0.2362
DIAMONDS TWO CLUBS SIX,0.7124,0.0372,0.2504
DIAMONDS TWO CLUBS FIVE,0.6896,0.0376,0.2728
DIAMONDS TWO CLUBS FOUR,0.7118,0.0418,0.2464
CLUBS FOUR SPADES FIVE,0.5664,0.0154,0.4182
CLUBS FOUR SPADES FOUR,0.314,0.0398,0.6462
CLUBS FOUR SPADES THREE,0.571,0.0138,0.4152
SPADES NINE CLUBS FOUR,0.5826,0.0136,0.4038
SPADES EIGHT CLUBS FOUR,0.571,0.0152,0.4138
SPADES SEVEN CLUBS FOUR,0.5746,0.0164,0.409
CLUBS FOUR SPADES SIX,0.5604,0.0136,0.426
SPADES ACE DIAMONDS SIX,0.3682,0.0028,0.629
SPADES QUEEN DIAMONDS SIX,0.207,0.3836,0.4094
SPADES KING DIAMONDS SIX,0.353,0.0104,0.6366
SPADES TEN DIAMONDS SIX,0.564,0.0148,0.4212
SPADES JACK DIAMONDS SIX,0.5904,0.014,0.3956
DIAMONDS JACK CLUBS JACK,0.276,0.0138,0.7102
CLUBS TEN DIAMONDS JACK,0.5422,0.0126,0.4452
DIAMONDS JACK CLUBS KING,0.3218,0.0076,0.6706
DIAMONDS JACK CLUBS QUEEN,0.2336,0.0862,0.6802
DIAMONDS THREE DIAMONDS JACK,0.5828,0.0124,0.4048
DIAMONDS THREE DIAMONDS TEN,0.5634,0.0132,0.4234
DIAMONDS JACK CLUBS ACE,0.347,0.0052,0.6478
DIAMONDS THREE DIAMONDS KING,0.3286,0.011,0.6604
DIAMONDS THREE HEARTS THREE,0.3268,0.0368,0.6364
DIAMONDS THREE HEARTS TWO,0.6984,0.0432,0.2584
HEARTS FIVE DIAMONDS THREE,0.5624,0.0158,0.4218
DIAMONDS THREE DIAMONDS ACE,0.3394,0.005,0.6556
HEARTS FOUR DIAMONDS THREE,0.5814,0.0132,0.4054
HEARTS SEVEN DIAMONDS THREE,0.5942,0.019,0.3868
SPADES TEN SPADES NINE,0.5128,0.0082,0.479
HEARTS SIX DIAMONDS THREE,0.586,0.0146,0.3994
SPADES JACK SPADES NINE,0.514,0.0112,0.4748
DIAMONDS THREE HEARTS NINE,0.5882,0.0142,0.3976
HEARTS JACK DIAMONDS FOUR,0.5928,0.013,0.3942
HEARTS ACE HEARTS KING,0.284,0.005,0.711
DIAMONDS THREE HEARTS EIGHT,0.6032,0.015,0.3818
HEARTS TEN DIAMONDS FOUR,0.5944,0.0136,0.392
HEARTS QUEEN DIAMONDS FOUR,0.2178,0.5194,0.2628
HEARTS KING DIAMONDS FOUR,0.358,0.0074,0.6346
SPADES ACE SPADES NINE,0.3382,0.0064,0.6554
HEARTS ACE DIAMONDS FOUR,0.3494,0.0046,0.646
SPADES KING SPADES NINE,0.3462,0.011,0.6428
SPADES QUEEN SPADES NINE,0.2038,0.1656,0.6306
DIAMONDS THREE SPADES NINE,0.5938,0.0142,0.392
DIAMONDS THREE SPADES EIGHT,0.5896,0.0146,0.3958
DIAMONDS THREE SPADES SEVEN,0.5916,0.0162,0.3922
DIAMONDS THREE SPADES SIX,0.5804,0.0168,0.4028
DIAMONDS THREE CLUBS SIX,0.5668,0.0164,0.4168
CLUBS FIVE CLUBS SIX,0.5198,0.0162,0.464
CLUBS ACE DIAMONDS FOUR,0.3616,0.0056,0.6328
CLUBS SEVEN DIAMONDS THREE,0.5816,0.0144,0.404
CLUBS SEVEN CLUBS FIVE,0.5178,0.0128,0.4694
DIAMONDS THREE CLUBS FOUR,0.5782,0.0142,0.4076
DIAMONDS FOUR CLUBS QUEEN,0.225,0.5156,0.2594
DIAMONDS THREE CLUBS FIVE,0.5896,0.013,0.3974
CLUBS KING DIAMONDS FOUR,0.3516,0.0096,0.6388
DIAMONDS THREE CLUBS TWO,0.6992,0.0432,0.2576
CLUBS TEN DIAMONDS FOUR,0.5966,0.0116,0.3918
DIAMONDS THREE CLUBS THREE,0.3314,0.0388,0.6298
DIAMONDS FOUR CLUBS JACK,0.6042,0.0128,0.383
DIAMONDS THREE SPADES FOUR,0.5768,0.0164,0.4068
DIAMONDS THREE SPADES FIVE,0.5622,0.0174,0.4204
DIAMONDS THREE SPADES THREE,0.3214,0.0454,0.6332
CLUBS EIGHT DIAMONDS THREE,0.5882,0.0142,0.3976
CLUBS NINE DIAMONDS THREE,0.5978,0.0134,0.3888
SPADES SEVEN CLUBS ACE,0.3516,0.0048,0.6436
SPADES SEVEN CLUBS QUEEN,0.213,0.302,0.485
SPADES SEVEN CLUBS KING,0.3642,0.0068,0.629
CLUBS FIVE SPADES SEVEN,0.555,0.0174,0.4276
CLUBS TEN SPADES SEVEN,0.5632,0.012,0.4248
CLUBS FIVE SPADES SIX,0.5576,0.0126,0.4298
SPADES SEVEN CLUBS JACK,0.5724,0.0146,0.413
CLUBS FIVE SPADES NINE,0.5798,0.0114,0.4088
CLUBS FIVE SPADES EIGHT,0.5664,0.0106,0.423
CLUBS FIVE SPADES THREE,0.5578,0.016,0.4262
CLUBS FIVE SPADES FIVE,0.3218,0.0334,0.6448
CLUBS FIVE SPADES FOUR,0.5578,0.0168,0.4254
CLUBS NINE CLUBS FIVE,0.5452,0.0128,0.442
CLUBS EIGHT CLUBS FIVE,0.5306,0.0098,0.4596
CLUBS ACE CLUBS QUEEN,0.212,0.0164,0.7716
CLUBS KING CLUBS QUEEN,0.2172,0.022,0.7608
DIAMONDS TEN DIAMONDS FOUR,0.554,0.014,0.432
CLUBS TEN DIAMONDS NINE,0.5512,0.009,0.4398
DIAMONDS JACK DIAMONDS FOUR,0.5622,0.0108,0.427
DIAMONDS NINE CLUBS JACK,0.572,0.0104,0.4176
SPADES NINE CLUBS JACK,0.5412,0.0116,0.4472
CLUBS TEN SPADES NINE,0.5324,0.0104,0.4572
DIAMONDS ACE DIAMONDS FOUR,0.3362,0.0058,0.658
HEARTS FOUR DIAMONDS FOUR,0.332,0.0336,0.6344
DIAMONDS JACK HEARTS TEN,0.539,0.0118,0.4492
SPADES NINE CLUBS KING,0.3476,0.0062,0.6462
DIAMONDS TWO SPADES TEN,0.7236,0.039,0.2374
DIAMONDS NINE CLUBS ACE,0.3598,0.0028,0.6374
HEARTS FIVE DIAMONDS FOUR,0.5724,0.0138,0.4138
DIAMONDS JACK HEARTS JACK,0.2882,0.0126,0.6992
SPADES NINE CLUBS QUEEN,0.2262,0.1638,0.61
DIAMONDS TWO SPADES JACK,0.7258,0.0406,0.2336
HEARTS TWO DIAMONDS FOUR,0.7014,0.0378,0.2608
DIAMONDS NINE CLUBS QUEEN,0.2238,0.1718,0.6044
DIAMONDS KING DIAMONDS FOUR,0.346,0.0114,0.6426
HEARTS THREE DIAMONDS FOUR,0.5718,0.0196,0.4086
SPADES NINE CLUBS ACE,0.3612,0.0034,0.6354
DIAMONDS NINE CLUBS KING,0.354,0.0084,0.6376
HEARTS ACE DIAMONDS JACK,0.348,0.0036,0.6484
SPADES ACE DIAMONDS TWO,0.225,0.017,0.758
HEARTS QUEEN DIAMONDS JACK,0.2274,0.0918,0.6808
SPADES QUEEN DIAMONDS TWO,0.0056,0.9856,0.0088
DIAMONDS JACK HEARTS KING,0.3414,0.008,0.6506
SPADES KING DIAMONDS TWO,0.2316,0.0266,0.7418
SPADES JACK SPADES SEVEN,0.5466,0.0112,0.4422
SPADES TEN SPADES SEVEN,0.5292,0.013,0.4578
CLUBS SEVEN CLUBS THREE,0.5548,0.0132,0.432
CLUBS SIX CLUBS THREE,0.5352,0.0128,0.452
CLUBS FIVE CLUBS THREE,0.5404,0.0118,0.4478
CLUBS THREE CLUBS FOUR,0.5424,0.0112,0.4464
CLUBS NINE CLUBS THREE,0.55,0.0132,0.4368
CLUBS EIGHT CLUBS THREE,0.554,0.013,0.433
CLUBS THREE SPADES FIVE,0.5756,0.0138,0.4106
CLUBS THREE SPADES FOUR,0.5646,0.0186,0.4168
CLUBS THREE SPADES THREE,0.323,0.0388,0.6382
CLUBS THREE SPADES SIX,0.583,0.0114,0.4056
CLUBS THREE SPADES SEVEN,0.5848,0.013,0.4022
SPADES EIGHT CLUBS THREE,0.6034,0.0166,0.38
SPADES NINE CLUBS THREE,0.584,0.014,0.402
SPADES THREE DIAMONDS FOUR,0.5622,0.0166,0.4212
SPADES FOUR DIAMONDS FOUR,0.3156,0.0382,0.6462
SPADES FIVE DIAMONDS FOUR,0.556,0.0158,0.4282
SPADES SIX DIAMONDS FOUR,0.5722,0.0128,0.415
SPADES SEVEN DIAMONDS FOUR,0.582,0.0112,0.4068
SPADES EIGHT DIAMONDS FOUR,0.573,0.0172,0.4098
SPADES NINE DIAMONDS FOUR,0.6006,0.0128,0.3866
CLUBS FIVE DIAMONDS FOUR,0.554,0.0146,0.4314
CLUBS FOUR DIAMONDS FOUR,0.3322,0.0314,0.6364
CLUBS SEVEN DIAMONDS FOUR,0.573,0.0114,0.4156
CLUBS SIX DIAMONDS FOUR,0.577,0.0122,0.4108
CLUBS NINE DIAMONDS FOUR,0.5954,0.0148,0.3898
CLUBS EIGHT DIAMONDS FOUR,0.5902,0.0126,0.3972
HEARTS SEVEN DIAMONDS FOUR,0.5828,0.015,0.4022
HEARTS SIX DIAMONDS FOUR,0.5508,0.016,0.4332
DIAMONDS FOUR HEARTS NINE,0.5942,0.0122,0.3936
DIAMONDS FOUR HEARTS EIGHT,0.585,0.0178,0.3972
CLUBS THREE DIAMONDS FOUR,0.5806,0.0116,0.4078
CLUBS TWO DIAMONDS FOUR,0.7004,0.0458,0.2538
DIAMONDS TEN DIAMONDS FIVE,0.5688,0.013,0.4182
DIAMONDS JACK DIAMONDS FIVE,0.5724,0.0118,0.4158
DIAMONDS NINE HEARTS QUEEN,0.2306,0.1648,0.6046
DIAMONDS NINE HEARTS KING,0.347,0.009,0.644
HEARTS ACE DIAMONDS NINE,0.3648,0.0052,0.63
DIAMONDS NINE HEARTS TEN,0.5462,0.0142,0.4396
DIAMONDS NINE HEARTS JACK,0.5562,0.0118,0.432
CLUBS KING DIAMONDS SIX,0.366,0.0076,0.6264
CLUBS QUEEN DIAMONDS SIX,0.231,0.3824,0.3866
CLUBS ACE DIAMONDS SIX,0.3448,0.0046,0.6506
SPADES KING DIAMONDS FOUR,0.3488,0.0092,0.642
SPADES ACE SPADES SEVEN,0.3278,0.0066,0.6656
SPADES QUEEN DIAMONDS FOUR,0.2218,0.5168,0.2614
SPADES QUEEN SPADES SEVEN,0.2078,0.3112,0.481
CLUBS JACK DIAMONDS SIX,0.5878,0.0122,0.4
SPADES KING SPADES SEVEN,0.354,0.0094,0.6366
SPADES ACE DIAMONDS FOUR,0.3326,0.0048,0.6626
CLUBS TEN DIAMONDS SIX,0.5752,0.0132,0.4116
CLUBS NINE CLUBS FOUR,0.539,0.0154,0.4456
CLUBS EIGHT CLUBS FOUR,0.5402,0.012,0.4478
SPADES JACK DIAMONDS FOUR,0.5948,0.0134,0.3918
SPADES TEN DIAMONDS FOUR,0.584,0.0154,0.4006
CLUBS FIVE CLUBS FOUR,0.5174,0.0164,0.4662
CLUBS SEVEN CLUBS FOUR,0.5496,0.013,0.4374
CLUBS SIX CLUBS FOUR,0.5354,0.0118,0.4528
CLUBS SEVEN SPADES EIGHT,0.5362,0.012,0.4518
CLUBS SEVEN SPADES NINE,0.5546,0.0102,0.4352
CLUBS SEVEN SPADES SIX,0.5542,0.0132,0.4326
CLUBS SEVEN SPADES SEVEN,0.3038,0.0242,0.672
CLUBS SEVEN SPADES FIVE,0.5662,0.014,0.4198
CLUBS SEVEN SPADES FOUR,0.568,0.0172,0.4148
CLUBS SEVEN SPADES THREE,0.5836,0.0122,0.4042
CLUBS NINE CLUBS SEVEN,0.5042,0.011,0.4848
CLUBS SEVEN CLUBS EIGHT,0.5054,0.0114,0.4832
HEARTS SIX DIAMONDS FIVE,0.5578,0.0122,0.43
HEARTS SEVEN DIAMONDS FIVE,0.5716,0.0126,0.4158
DIAMONDS FIVE HEARTS EIGHT,0.5678,0.0152,0.417
DIAMONDS FIVE HEARTS NINE,0.5858,0.0132,0.401
HEARTS TWO DIAMONDS FIVE,0.693,0.0442,0.2628
HEARTS KING HEARTS EIGHT,0.3452,0.007,0.6478
DIAMONDS KING DIAMONDS FIVE,0.3406,0.0066,0.6528
HEARTS THREE DIAMONDS FIVE,0.57,0.014,0.416
HEARTS QUEEN HEARTS EIGHT,0.2154,0.2008,0.5838
DIAMONDS ACE DIAMONDS FIVE,0.3248,0.0044,0.6708
HEARTS FOUR DIAMONDS FIVE,0.5528,0.0148,0.4324
HEARTS FIVE DIAMONDS FIVE,0.3118,0.034,0.6542
HEARTS ACE HEARTS EIGHT,0.3286,0.0052,0.6662
CLUBS FOUR DIAMONDS FIVE,0.5612,0.0144,0.4244
CLUBS FIVE DIAMONDS FIVE,0.3302,0.035,0.6348
CLUBS SIX DIAMONDS FIVE,0.5518,0.013,0.4352
CLUBS SEVEN DIAMONDS FIVE,0.5584,0.0148,0.4268
CLUBS TWO DIAMONDS FIVE,0.6972,0.0392,0.2636
CLUBS THREE DIAMONDS FIVE,0.5686,0.0146,0.4168
SPADES THREE DIAMONDS FIVE,0.5758,0.0168,0.4074
SPADES JACK DIAMONDS EIGHT,0.579,0.009,0.412
SPADES FIVE DIAMONDS FIVE,0.331,0.035,0.634
CLUBS TEN HEARTS JACK,0.5306,0.0086,0.4608
SPADES TEN DIAMONDS EIGHT,0.5452,0.013,0.4418
SPADES FOUR DIAMONDS FIVE,0.546,0.0186,0.4354
HEARTS JACK CLUBS JACK,0.2728,0.0112,0.716
HEARTS JACK CLUBS QUEEN,0.2234,0.0882,0.6884
CLUBS NINE DIAMONDS FIVE,0.5808,0.0136,0.4056
CLUBS KING HEARTS JACK,0.3478,0.0062,0.646
CLUBS EIGHT DIAMONDS FIVE,0.5744,0.0156,0.41
CLUBS ACE HEARTS JACK,0.342,0.0044,0.6536
SPADES SEVEN DIAMONDS FIVE,0.5502,0.016,0.4338
SPADES KING DIAMONDS EIGHT,0.361,0.0054,0.6336
SPADES QUEEN DIAMONDS EIGHT,0.2082,0.2318,0.56
SPADES SIX DIAMONDS FIVE,0.5512,0.0134,0.4354
SPADES NINE DIAMONDS FIVE,0.5934,0.0134,0.3932
SPADES EIGHT DIAMONDS FIVE,0.5694,0.015,0.4156
SPADES ACE DIAMONDS EIGHT,0.3554,0.004,0.6406
DIAMONDS TEN DIAMONDS SIX,0.5668,0.0102,0.423
HEARTS ACE DIAMONDS SEVEN,0.365,0.006,0.629
DIAMONDS JACK DIAMONDS SIX,0.5688,0.0156,0.4156
HEARTS QUEEN DIAMONDS SEVEN,0.2256,0.3018,0.4726
HEARTS KING DIAMONDS SEVEN,0.3598,0.0094,0.6308
DIAMONDS ACE DIAMONDS SIX,0.3394,0.0054,0.6552
HEARTS FOUR DIAMONDS SIX,0.5668,0.0126,0.4206
HEARTS FIVE DIAMONDS SIX,0.557,0.0128,0.4302
HEARTS TWO DIAMONDS SIX,0.7144,0.0346,0.251
DIAMONDS KING DIAMONDS SIX,0.3396,0.0082,0.6522
HEARTS THREE DIAMONDS SIX,0.5864,0.0142,0.3994
HEARTS EIGHT DIAMONDS SIX,0.5536,0.015,0.4314
HEARTS NINE DIAMONDS SIX,0.5668,0.013,0.4202
HEARTS SIX DIAMONDS SIX,0.3246,0.0334,0.642
HEARTS SEVEN DIAMONDS SIX,0.566,0.0098,0.4242
HEARTS TEN DIAMONDS SEVEN,0.5814,0.0124,0.4062
CLUBS TWO DIAMONDS SIX,0.725,0.035,0.24
HEARTS JACK DIAMONDS SEVEN,0.5826,0.0132,0.4042
CLUBS THREE DIAMONDS SIX,0.5838,0.0166,0.3996
CLUBS SEVEN DIAMONDS SIX,0.5432,0.012,0.4448
DIAMONDS EIGHT CLUBS JACK,0.5664,0.012,0.4216
CLUBS SIX DIAMONDS SIX,0.324,0.0296,0.6464
CLUBS TEN DIAMONDS EIGHT,0.5648,0.0098,0.4254
CLUBS FIVE DIAMONDS SIX,0.559,0.0132,0.4278
CLUBS FOUR DIAMONDS SIX,0.5706,0.0152,0.4142
HEARTS ACE HEARTS JACK,0.3284,0.0052,0.6664
DIAMONDS EIGHT CLUBS ACE,0.3486,0.0046,0.6468
HEARTS QUEEN HEARTS JACK,0.2126,0.0864,0.701
DIAMONDS EIGHT CLUBS KING,0.3722,0.0078,0.62
CLUBS NINE DIAMONDS SIX,0.5678,0.0142,0.418
HEARTS KING HEARTS JACK,0.3092,0.0086,0.6822
DIAMONDS EIGHT CLUBS QUEEN,0.2322,0.2152,0.5526
CLUBS EIGHT DIAMONDS SIX,0.556,0.0136,0.4304
SPADES TEN HEARTS KING,0.328,0.0054,0.6666
SPADES FIVE DIAMONDS SIX,0.5544,0.0126,0.433
SPADES JACK HEARTS KING,0.3284,0.0094,0.6622
SPADES FOUR DIAMONDS SIX,0.577,0.0174,0.4056
SPADES THREE DIAMONDS SIX,0.5842,0.0176,0.3982
SPADES ACE SPADES KING,0.297,0.0054,0.6976
HEARTS TEN HEARTS EIGHT,0.5262,0.012,0.4618
SPADES NINE DIAMONDS SIX,0.562,0.015,0.423
HEARTS JACK HEARTS EIGHT,0.5212,0.0112,0.4676
SPADES EIGHT DIAMONDS SIX,0.562,0.0146,0.4234
SPADES SEVEN DIAMONDS SIX,0.553,0.0122,0.4348
SPADES SIX DIAMONDS SIX,0.313,0.0302,0.6568
SPADES KING HEARTS KING,0.1242,0.0038,0.872
SPADES QUEEN HEARTS KING,0.2228,0.0262,0.751
CLUBS ACE CLUBS KING,0.2956,0.0038,0.7006
SPADES ACE HEARTS KING,0.3142,0.0044,0.6814
SPADES ACE HEARTS JACK,0.3436,0.0058,0.6506
SPADES QUEEN HEARTS JACK,0.22,0.0878,0.6922
SPADES KING HEARTS JACK,0.3256,0.0074,0.667
SPADES TEN DIAMONDS TEN,0.2782,0.0166,0.7052
SPADES JACK DIAMONDS TEN,0.5266,0.0112,0.4622
SPADES ACE DIAMONDS TEN,0.3352,0.0044,0.6604
SPADES JACK HEARTS JACK,0.271,0.0128,0.7162
SPADES TEN HEARTS JACK,0.5298,0.0108,0.4594
SPADES QUEEN DIAMONDS TEN,0.2214,0.1178,0.6608
SPADES KING DIAMONDS TEN,0.3334,0.007,0.6596
SPADES NINE DIAMONDS SEVEN,0.5482,0.0146,0.4372
SPADES EIGHT DIAMONDS SEVEN,0.5614,0.0124,0.4262
SPADES SEVEN DIAMONDS SEVEN,0.3118,0.0208,0.6674
SPADES SIX DIAMONDS SEVEN,0.5612,0.0182,0.4206
DIAMONDS KING DIAMONDS SEVEN,0.3504,0.0076,0.642
HEARTS THREE DIAMONDS SEVEN,0.5864,0.0136,0.4
HEARTS KING DIAMONDS FIVE,0.3612,0.0076,0.6312
HEARTS TWO DIAMONDS SEVEN,0.7372,0.0388,0.224
HEARTS QUEEN DIAMONDS FIVE,0.2232,0.451,0.3258
HEARTS FIVE DIAMONDS SEVEN,0.5636,0.011,0.4254
DIAMONDS ACE DIAMONDS SEVEN,0.3456,0.0048,0.6496
HEARTS FOUR DIAMONDS SEVEN,0.574,0.013,0.413
HEARTS ACE DIAMONDS FIVE,0.3548,0.0052,0.64
HEARTS SEVEN DIAMONDS SEVEN,0.3162,0.0262,0.6576
HEARTS SIX DIAMONDS SEVEN,0.543,0.0124,0.4446
DIAMONDS SEVEN HEARTS NINE,0.5486,0.0112,0.4402
HEARTS EIGHT DIAMONDS SEVEN,0.5406,0.0128,0.4466
DIAMONDS JACK DIAMONDS SEVEN,0.5518,0.0114,0.4368
DIAMONDS FIVE HEARTS JACK,0.5862,0.0132,0.4006
DIAMONDS TEN DIAMONDS SEVEN,0.546,0.0112,0.4428
HEARTS TEN DIAMONDS FIVE,0.5988,0.0098,0.3914
SPADES KING CLUBS TWO,0.2394,0.0264,0.7342
HEARTS KING CLUBS KING,0.1374,0.004,0.8586
CLUBS EIGHT DIAMONDS SEVEN,0.5548,0.0118,0.4334
SPADES QUEEN CLUBS TWO,0.0118,0.97,0.0182
HEARTS KING CLUBS QUEEN,0.2292,0.0266,0.7442
CLUBS NINE DIAMONDS SEVEN,0.553,0.0144,0.4326
SPADES ACE CLUBS TWO,0.2302,0.0192,0.7506
HEARTS KING CLUBS ACE,0.3134,0.0044,0.6822
CLUBS SEVEN CLUBS SIX,0.517,0.0142,0.4688
CLUBS EIGHT CLUBS SIX,0.5178,0.0106,0.4716
SPADES THREE DIAMONDS SEVEN,0.5796,0.015,0.4054
CLUBS NINE CLUBS SIX,0.537,0.013,0.45
SPADES FOUR DIAMONDS SEVEN,0.5824,0.0164,0.4012
HEARTS KING CLUBS JACK,0.3476,0.0058,0.6466
SPADES FIVE DIAMONDS SEVEN,0.5718,0.0134,0.4148
CLUBS TEN HEARTS KING,0.338,0.0058,0.6562
CLUBS SIX SPADES THREE,0.5776,0.0154,0.407
CLUBS TWO DIAMONDS SEVEN,0.7392,0.0352,0.2256
CLUBS SIX SPADES FOUR,0.561,0.011,0.428
CLUBS THREE DIAMONDS SEVEN,0.5764,0.0146,0.409
CLUBS SIX SPADES FIVE,0.556,0.0116,0.4324
CLUBS FOUR DIAMONDS SEVEN,0.5616,0.014,0.4244
CLUBS SIX SPADES SIX,0.3196,0.0306,0.6498
CLUBS FIVE DIAMONDS SEVEN,0.5708,0.0122,0.417
CLUBS SIX SPADES SEVEN,0.5428,0.0108,0.4464
CLUBS SIX DIAMONDS SEVEN,0.5602,0.0112,0.4286
CLUBS SIX SPADES EIGHT,0.565,0.0118,0.4232
SPADES JACK CLUBS TWO,0.722,0.0408,0.2372
CLUBS SEVEN DIAMONDS SEVEN,0.3174,0.0252,0.6574
SPADES NINE CLUBS SIX,0.5662,0.0124,0.4214
SPADES TEN CLUBS TWO,0.7136,0.04,0.2464
CLUBS TWO CLUBS QUEEN,0.0214,0.9076,0.071
CLUBS TWO CLUBS KING,0.224,0.029,0.747
CLUBS THREE DIAMONDS EIGHT,0.5952,0.0162,0.3886
CLUBS TWO CLUBS ACE,0.2204,0.0164,0.7632
CLUBS TWO DIAMONDS EIGHT,0.7228,0.0432,0.234
HEARTS SEVEN DIAMONDS EIGHT,0.5396,0.0138,0.4466
HEARTS SIX DIAMONDS EIGHT,0.5604,0.0156,0.424
DIAMONDS EIGHT HEARTS NINE,0.5594,0.0124,0.4282
CLUBS TEN CLUBS TWO,0.6878,0.0396,0.2726
DIAMONDS EIGHT HEARTS EIGHT,0.3132,0.019,0.6678
CLUBS TWO CLUBS JACK,0.676,0.0352,0.2888
CLUBS NINE DIAMONDS EIGHT,0.5384,0.0104,0.4512
CLUBS EIGHT DIAMONDS EIGHT,0.313,0.0232,0.6638
CLUBS FIVE DIAMONDS EIGHT,0.5598,0.0146,0.4256
SPADES ACE SPADES THREE,0.3332,0.0064,0.6604
CLUBS FOUR DIAMONDS EIGHT,0.5878,0.0152,0.397
CLUBS SEVEN DIAMONDS EIGHT,0.5564,0.011,0.4326
SPADES QUEEN SPADES THREE,0.2126,0.4946,0.2928
CLUBS SIX DIAMONDS EIGHT,0.545,0.0122,0.4428
SPADES KING SPADES THREE,0.3356,0.0108,0.6536
HEARTS TWO DIAMONDS EIGHT,0.7208,0.041,0.2382
DIAMONDS KING DIAMONDS EIGHT,0.3356,0.009,0.6554
HEARTS THREE DIAMONDS EIGHT,0.5984,0.0144,0.3872
DIAMONDS ACE DIAMONDS EIGHT,0.3254,0.0056,0.669
HEARTS FOUR DIAMONDS EIGHT,0.5886,0.0128,0.3986
HEARTS FIVE DIAMONDS EIGHT,0.5746,0.0136,0.4118
DIAMONDS EIGHT DIAMONDS TEN,0.526,0.0132,0.4608
DIAMONDS EIGHT DIAMONDS JACK,0.5408,0.012,0.4472
SPADES JACK SPADES THREE,0.5662,0.0148,0.419
SPADES TEN SPADES THREE,0.564,0.0134,0.4226
CLUBS FOUR HEARTS ACE,0.3554,0.0068,0.6378
CLUBS FOUR HEARTS QUEEN,0.2198,0.5222,0.258
CLUBS FOUR HEARTS KING,0.351,0.0078,0.6412
CLUBS SIX HEARTS TEN,0.5794,0.0096,0.411
CLUBS SIX HEARTS JACK,0.5958,0.0102,0.394
DIAMONDS EIGHT SPADES FOUR,0.5856,0.0142,0.4002
SPADES FIVE DIAMONDS EIGHT,0.5784,0.011,0.4106
DIAMONDS EIGHT SPADES THREE,0.5828,0.0144,0.4028
CLUBS FOUR HEARTS JACK,0.583,0.011,0.406
SPADES EIGHT DIAMONDS EIGHT,0.3086,0.0222,0.6692
SPADES TEN HEARTS TWO,0.7138,0.039,0.2472
SPADES JACK HEARTS EIGHT,0.5762,0.013,0.4108
CLUBS FOUR HEARTS TEN,0.6142,0.0116,0.3742
SPADES NINE DIAMONDS EIGHT,0.5516,0.0126,0.4358
SPADES TEN HEARTS EIGHT,0.543,0.0102,0.4468
SPADES JACK HEARTS TWO,0.7232,0.0412,0.2356
SPADES SIX DIAMONDS EIGHT,0.545,0.0132,0.4418
SPADES SEVEN DIAMONDS EIGHT,0.5512,0.0098,0.439
SPADES ACE HEARTS TWO,0.224,0.0168,0.7592
SPADES ACE HEARTS EIGHT,0.3446,0.0044,0.651
SPADES KING HEARTS EIGHT,0.3612,0.0086,0.6302
SPADES QUEEN HEARTS TWO,0.0086,0.976,0.0154
SPADES KING HEARTS TWO,0.2296,0.0306,0.7398
SPADES QUEEN HEARTS EIGHT,0.2352,0.2174,0.5474
CLUBS TWO HEARTS TEN,0.7182,0.0394,0.2424
CLUBS TWO HEARTS JACK,0.7144,0.0432,0.2424
SPADES SEVEN DIAMONDS NINE,0.5458,0.0116,0.4426
SPADES SIX DIAMONDS NINE,0.5694,0.014,0.4166
SPADES NINE DIAMONDS NINE,0.2944,0.0196,0.686
SPADES EIGHT DIAMONDS NINE,0.5388,0.013,0.4482
SPADES TEN CLUBS KING,0.332,0.007,0.661
DIAMONDS NINE SPADES THREE,0.5968,0.0144,0.3888
SPADES JACK CLUBS KING,0.334,0.0066,0.6594
DIAMONDS NINE SPADES FIVE,0.5738,0.011,0.4152
DIAMONDS NINE SPADES FOUR,0.5912,0.0146,0.3942
CLUBS NINE DIAMONDS NINE,0.3036,0.017,0.6794
CLUBS EIGHT DIAMONDS NINE,0.5442,0.0116,0.4442
CLUBS SIX DIAMONDS NINE,0.5662,0.0102,0.4236
SPADES JACK CLUBS FOUR,0.5884,0.0138,0.3978
CLUBS SEVEN DIAMONDS NINE,0.5642,0.0126,0.4232
SPADES TEN CLUBS FOUR,0.5936,0.0142,0.3922
CLUBS FOUR DIAMONDS NINE,0.5894,0.0148,0.3958
CLUBS FIVE DIAMONDS NINE,0.5842,0.0112,0.4046
DIAMONDS NINE CLUBS TWO,0.723,0.0378,0.2392
CLUBS THREE DIAMONDS NINE,0.6104,0.0118,0.3778
DIAMONDS NINE HEARTS EIGHT,0.5468,0.011,0.4422
DIAMONDS NINE HEARTS NINE,0.3042,0.0172,0.6786
HEARTS SIX DIAMONDS NINE,0.566,0.0124,0.4216
HEARTS SEVEN DIAMONDS NINE,0.5574,0.012,0.4306
CLUBS NINE CLUBS EIGHT,0.5008,0.0138,0.4854
DIAMONDS ACE DIAMONDS NINE,0.34,0.0038,0.6562
HEARTS FOUR DIAMONDS NINE,0.6012,0.0138,0.385
HEARTS FIVE DIAMONDS NINE,0.5884,0.0102,0.4014
HEARTS ACE CLUBS TWO,0.2336,0.0164,0.75
SPADES ACE CLUBS FOUR,0.3418,0.0038,0.6544
HEARTS TWO DIAMONDS NINE,0.7146,0.0394,0.246
CLUBS TWO HEARTS KING,0.2308,0.0306,0.7386
SPADES KING CLUBS FOUR,0.351,0.0086,0.6404
DIAMONDS KING DIAMONDS NINE,0.324,0.0096,0.6664
HEARTS THREE DIAMONDS NINE,0.5864,0.0118,0.4018
CLUBS TWO HEARTS QUEEN,0.0188,0.9594,0.0218
SPADES QUEEN CLUBS FOUR,0.2188,0.529,0.2522
DIAMONDS NINE DIAMONDS JACK,0.5186,0.0108,0.4706
CLUBS EIGHT SPADES NINE,0.5248,0.0122,0.463
DIAMONDS NINE DIAMONDS TEN,0.5218,0.0116,0.4666
CLUBS EIGHT SPADES EIGHT,0.308,0.0222,0.6698
CLUBS EIGHT SPADES SEVEN,0.5434,0.0132,0.4434
CLUBS EIGHT SPADES SIX,0.5476,0.011,0.4414
CLUBS EIGHT SPADES FIVE,0.5584,0.0124,0.4292
CLUBS EIGHT SPADES FOUR,0.587,0.0144,0.3986
CLUBS EIGHT SPADES THREE,0.6082,0.014,0.3778
HEARTS SIX DIAMONDS TEN,0.5954,0.0126,0.392
HEARTS SEVEN DIAMONDS TEN,0.5708,0.0122,0.417
DIAMONDS TEN HEARTS EIGHT,0.553,0.0092,0.4378
CLUBS FOUR CLUBS JACK,0.5544,0.0116,0.434
DIAMONDS TEN HEARTS NINE,0.5436,0.0106,0.4458
CLUBS TEN CLUBS FOUR,0.5542,0.014,0.4318
CLUBS FOUR CLUBS KING,0.3368,0.0068,0.6564
CLUBS FOUR CLUBS QUEEN,0.2014,0.477,0.3216
CLUBS TWO DIAMONDS TEN,0.7238,0.0418,0.2344
CLUBS THREE DIAMONDS TEN,0.5958,0.015,0.3892
CLUBS FOUR CLUBS ACE,0.318,0.006,0.676
DIAMONDS JACK DIAMONDS TEN,0.5004,0.0108,0.4888
HEARTS TWO DIAMONDS TEN,0.7162,0.042,0.2418
DIAMONDS KING DIAMONDS TEN,0.319,0.008,0.673
HEARTS THREE DIAMONDS TEN,0.6178,0.0112,0.371
DIAMONDS ACE DIAMONDS TEN,0.3404,0.0072,0.6524
HEARTS FOUR DIAMONDS TEN,0.5978,0.014,0.3882
CLUBS EIGHT HEARTS JACK,0.5618,0.0104,0.4278
HEARTS FIVE DIAMONDS TEN,0.6062,0.0148,0.379
CLUBS EIGHT HEARTS TEN,0.5418,0.009,0.4492
CLUBS EIGHT HEARTS QUEEN,0.235,0.216,0.549
CLUBS EIGHT HEARTS KING,0.3626,0.0052,0.6322
CLUBS EIGHT HEARTS ACE,0.3598,0.0062,0.634
CLUBS NINE SPADES THREE,0.5924,0.017,0.3906
CLUBS NINE SPADES FIVE,0.563,0.0118,0.4252
CLUBS NINE SPADES FOUR,0.597,0.012,0.391
CLUBS NINE SPADES SEVEN,0.5352,0.0122,0.4526
CLUBS NINE SPADES SIX,0.5574,0.0108,0.4318
CLUBS NINE SPADES NINE,0.2818,0.019,0.6992
CLUBS TEN HEARTS EIGHT,0.5466,0.0102,0.4432
CLUBS NINE SPADES EIGHT,0.521,0.0108,0.4682
HEARTS EIGHT CLUBS JACK,0.56,0.0126,0.4274
CLUBS QUEEN HEARTS EIGHT,0.2288,0.2318,0.5394
CLUBS KING HEARTS EIGHT,0.3536,0.0082,0.6382
CLUBS ACE HEARTS EIGHT,0.3712,0.0026,0.6262
SPADES KING CLUBS KING,0.1226,0.0034,0.874
SPADES QUEEN CLUBS KING,0.2228,0.0284,0.7488
SPADES ACE CLUBS KING,0.31,0.0052,0.6848
DIAMONDS ACE HEARTS TEN,0.349,0.0052,0.6458
HEARTS FOUR HEARTS TEN,0.545,0.0144,0.4406
DIAMONDS ACE HEARTS JACK,0.3384,0.0052,0.6564
HEARTS FOUR HEARTS JACK,0.5474,0.0116,0.441
SPADES KING CLUBS FIVE,0.3622,0.0076,0.6302
SPADES QUEEN CLUBS FIVE,0.2074,0.4582,0.3344
SPADES ACE CLUBS FIVE,0.3408,0.0048,0.6544
HEARTS SEVEN DIAMONDS JACK,0.5824,0.0116,0.406
HEARTS SIX DIAMONDS JACK,0.595,0.011,0.394
DIAMONDS JACK HEARTS NINE,0.5528,0.0126,0.4346
DIAMONDS JACK HEARTS EIGHT,0.5558,0.0132,0.431
DIAMONDS KING DIAMONDS JACK,0.3358,0.0066,0.6576
HEARTS THREE DIAMONDS JACK,0.5958,0.013,0.3912
SPADES ACE SPADES SIX,0.3446,0.0044,0.651
HEARTS ACE SPADES FOUR,0.3404,0.0032,0.6564
HEARTS TWO DIAMONDS JACK,0.7258,0.043,0.2312
HEARTS FIVE DIAMONDS JACK,0.5976,0.0108,0.3916
SPADES QUEEN SPADES SIX,0.198,0.3694,0.4326
SPADES FOUR HEARTS QUEEN,0.2136,0.517,0.2694
DIAMONDS ACE DIAMONDS JACK,0.3268,0.0058,0.6674
HEARTS FOUR DIAMONDS JACK,0.6066,0.012,0.3814
SPADES KING SPADES SIX,0.3458,0.008,0.6462
SPADES FOUR HEARTS KING,0.3642,0.0104,0.6254
SPADES TEN SPADES SIX,0.5418,0.015,0.4432
SPADES JACK SPADES SIX,0.5718,0.0114,0.4168
SPADES FOUR DIAMONDS JACK,0.5954,0.013,0.3916
SPADES FIVE DIAMONDS JACK,0.595,0.0118,0.3932
DIAMONDS JACK SPADES THREE,0.5966,0.0156,0.3878
SPADES ACE DIAMONDS THREE,0.3504,0.0054,0.6442
SPADES QUEEN DIAMONDS THREE,0.209,0.5414,0.2496
CLUBS EIGHT DIAMONDS JACK,0.5674,0.012,0.4206
SPADES KING DIAMONDS THREE,0.3454,0.008,0.6466
CLUBS NINE DIAMONDS JACK,0.5532,0.012,0.4348
CLUBS SIX DIAMONDS JACK,0.5896,0.0108,0.3996
CLUBS SEVEN DIAMONDS JACK,0.5812,0.0136,0.4052
CLUBS FOUR DIAMONDS JACK,0.5946,0.0132,0.3922
CLUBS FIVE DIAMONDS JACK,0.593,0.0132,0.3938
CLUBS TWO DIAMONDS JACK,0.7324,0.0438,0.2238
CLUBS THREE DIAMONDS JACK,0.6102,0.0134,0.3764
SPADES TEN CLUBS FIVE,0.5958,0.0132,0.391
SPADES JACK HEARTS SIX,0.58,0.0138,0.4062
HEARTS SIX SPADES TEN,0.5638,0.013,0.4232
SPADES JACK CLUBS FIVE,0.5918,0.0106,0.3976
SPADES JACK DIAMONDS THREE,0.603,0.0134,0.3836
CLUBS SEVEN CLUBS ACE,0.3328,0.0036,0.6636
DIAMONDS THREE SPADES TEN,0.5974,0.0124,0.3902
CLUBS SEVEN CLUBS QUEEN,0.206,0.2906,0.5034
CLUBS SEVEN CLUBS KING,0.3266,0.0078,0.6656
SPADES NINE DIAMONDS JACK,0.5634,0.0134,0.4232
CLUBS TEN CLUBS SEVEN,0.5344,0.0072,0.4584
DIAMONDS ACE HEARTS ACE,0.1114,0.0034,0.8852
HEARTS FOUR HEARTS ACE,0.327,0.005,0.668
SPADES EIGHT DIAMONDS JACK,0.5596,0.0116,0.4288
SPADES ACE HEARTS SIX,0.3538,0.006,0.6402
CLUBS SEVEN CLUBS JACK,0.548,0.0124,0.4396
DIAMONDS ACE HEARTS KING,0.307,0.006,0.687
HEARTS FOUR HEARTS KING,0.3344,0.0098,0.6558
SPADES SEVEN DIAMONDS JACK,0.5776,0.0126,0.4098
SPADES KING HEARTS SIX,0.3488,0.008,0.6432
DIAMONDS ACE HEARTS QUEEN,0.2104,0.021,0.7686
HEARTS FOUR HEARTS QUEEN,0.2086,0.4864,0.305
SPADES QUEEN HEARTS SIX,0.2178,0.3818,0.4004
SPADES SIX DIAMONDS JACK,0.5962,0.0122,0.3916
SPADES THREE DIAMONDS TEN,0.594,0.0126,0.3934
SPADES FOUR DIAMONDS TEN,0.5942,0.013,0.3928
SPADES FIVE DIAMONDS TEN,0.5938,0.0118,0.3944
SPADES SIX DIAMONDS TEN,0.5742,0.01,0.4158
SPADES SEVEN DIAMONDS TEN,0.5652,0.012,0.4228
SPADES EIGHT DIAMONDS TEN,0.5658,0.012,0.4222
SPADES NINE DIAMONDS TEN,0.543,0.0112,0.4458
CLUBS FOUR DIAMONDS TEN,0.5926,0.0136,0.3938
CLUBS FIVE DIAMONDS TEN,0.5956,0.012,0.3924
CLUBS SIX DIAMONDS TEN,0.5764,0.014,0.4096
CLUBS SEVEN DIAMONDS TEN,0.5592,0.01,0.4308
CLUBS EIGHT DIAMONDS TEN,0.5566,0.0112,0.4322
CLUBS NINE DIAMONDS TEN,0.545,0.014,0.441
DIAMONDS THREE CLUBS JACK,0.5964,0.0122,0.3914
CLUBS TEN DIAMONDS THREE,0.609,0.013,0.378
DIAMONDS THREE CLUBS KING,0.3598,0.0092,0.631
DIAMONDS THREE CLUBS QUEEN,0.233,0.5058,0.2612
DIAMONDS THREE CLUBS ACE,0.3508,0.0042,0.645
SPADES FOUR HEARTS JACK,0.6066,0.0118,0.3816
SPADES FOUR HEARTS TEN,0.5846,0.0156,0.3998
CLUBS THREE HEARTS TWO,0.7012,0.0404,0.2584
HEARTS TWO CLUBS TWO,0.3016,0.0288,0.6696
HEARTS SEVEN HEARTS TWO,0.6798,0.0326,0.2876
HEARTS SIX HEARTS TWO,0.6732,0.0338,0.293
HEARTS TWO HEARTS NINE,0.6714,0.0392,0.2894
HEARTS TWO HEARTS EIGHT,0.6734,0.0364,0.2902
CLUBS NINE HEARTS TWO,0.708,0.037,0.255
CLUBS EIGHT HEARTS TWO,0.7156,0.0374,0.247
CLUBS FIVE HEARTS TWO,0.694,0.0356,0.2704
SPADES EIGHT HEARTS ACE,0.3604,0.0036,0.636
CLUBS FOUR HEARTS TWO,0.7002,0.0382,0.2616
CLUBS SEVEN HEARTS TWO,0.726,0.0348,0.2392
SPADES EIGHT HEARTS QUEEN,0.2116,0.2258,0.5626
CLUBS SIX HEARTS TWO,0.705,0.0306,0.2644
SPADES EIGHT HEARTS KING,0.3588,0.007,0.6342
HEARTS TWO SPADES SIX,0.7064,0.0296,0.264
HEARTS FOUR CLUBS QUEEN,0.2228,0.5142,0.263
DIAMONDS ACE CLUBS QUEEN,0.2128,0.02,0.7672
SPADES SEVEN HEARTS TWO,0.7204,0.0334,0.2462
HEARTS FOUR CLUBS KING,0.3682,0.009,0.6228
DIAMONDS ACE CLUBS KING,0.3014,0.0066,0.692
SPADES EIGHT HEARTS TWO,0.7114,0.0348,0.2538
HEARTS FOUR CLUBS ACE,0.3454,0.0044,0.6502
DIAMONDS ACE CLUBS ACE,0.1066,0.0046,0.8888
SPADES NINE HEARTS TWO,0.724,0.0376,0.2384
HEARTS TWO SPADES THREE,0.6988,0.0422,0.259
HEARTS TWO SPADES FOUR,0.6888,0.0368,0.2744
CLUBS TEN HEARTS FOUR,0.5812,0.0124,0.4064
CLUBS TEN DIAMONDS ACE,0.3474,0.0056,0.647
HEARTS TWO SPADES FIVE,0.6946,0.0412,0.2642
HEARTS FOUR CLUBS JACK,0.5862,0.014,0.3998
DIAMONDS ACE CLUBS JACK,0.3322,0.0056,0.6622
CLUBS FIVE CLUBS KING,0.345,0.008,0.647
CLUBS FIVE CLUBS QUEEN,0.2138,0.4236,0.3626
CLUBS FIVE CLUBS ACE,0.3218,0.0052,0.673
CLUBS FIVE CLUBS JACK,0.558,0.0116,0.4304
CLUBS TEN CLUBS FIVE,0.5512,0.0118,0.437
SPADES KING CLUBS JACK,0.3308,0.0088,0.6604
SPADES QUEEN CLUBS JACK,0.2202,0.093,0.6868
SPADES ACE CLUBS JACK,0.3352,0.0052,0.6596
SPADES SIX CLUBS KING,0.3534,0.007,0.6396
SPADES SIX CLUBS QUEEN,0.2122,0.3866,0.4012
SPADES EIGHT HEARTS JACK,0.561,0.0086,0.4304
SPADES SIX CLUBS ACE,0.3642,0.0056,0.6302
SPADES EIGHT HEARTS TEN,0.5402,0.0112,0.4486
SPADES SIX CLUBS JACK,0.5812,0.0116,0.4072
CLUBS TEN SPADES SIX,0.5614,0.0086,0.43
SPADES TEN CLUBS JACK,0.5456,0.0102,0.4442
SPADES JACK CLUBS JACK,0.2702,0.01,0.7198
SPADES QUEEN CLUBS SEVEN,0.22,0.2996,0.4804
SPADES KING CLUBS SEVEN,0.3558,0.0056,0.6386
SPADES ACE CLUBS SEVEN,0.3584,0.0044,0.6372
SPADES SIX HEARTS TEN,0.5794,0.01,0.4106
SPADES SIX HEARTS JACK,0.5976,0.012,0.3904
SPADES SIX HEARTS ACE,0.3564,0.0064,0.6372
SPADES SIX HEARTS KING,0.354,0.0064,0.6396
SPADES SIX HEARTS QUEEN,0.2164,0.3836,0.4
CLUBS SEVEN SPADES JACK,0.5726,0.0124,0.415
CLUBS SEVEN SPADES TEN,0.5606,0.0104,0.429
CLUBS TEN HEARTS SIX,0.5868,0.008,0.4052
HEARTS SIX CLUBS JACK,0.5774,0.0114,0.4112
CLUBS ACE CLUBS JACK,0.32,0.0058,0.6742
HEARTS SIX CLUBS QUEEN,0.219,0.384,0.397
HEARTS SIX CLUBS KING,0.3588,0.0054,0.6358
HEARTS SIX CLUBS ACE,0.3652,0.0036,0.6312
CLUBS QUEEN CLUBS JACK,0.224,0.0808,0.6952
CLUBS KING CLUBS JACK,0.3168,0.0056,0.6776
DIAMONDS THREE HEARTS ACE,0.3428,0.0056,0.6516
DIAMONDS THREE HEARTS QUEEN,0.2248,0.5174,0.2578
DIAMONDS THREE HEARTS KING,0.3546,0.0074,0.638
CLUBS FIVE HEARTS JACK,0.5954,0.0124,0.3922
SPADES TEN DIAMONDS ACE,0.3188,0.0042,0.677
HEARTS FOUR SPADES TEN,0.5846,0.0134,0.402
CLUBS FIVE HEARTS TEN,0.5968,0.013,0.3902
HEARTS FOUR SPADES JACK,0.6016,0.0116,0.3868
SPADES JACK DIAMONDS ACE,0.3216,0.0036,0.6748
SPADES ACE HEARTS FOUR,0.3408,0.0042,0.655
SPADES ACE DIAMONDS ACE,0.0992,0.004,0.8968
CLUBS FIVE HEARTS ACE,0.3438,0.0046,0.6516
CLUBS FIVE HEARTS KING,0.3616,0.0108,0.6276
HEARTS FOUR SPADES QUEEN,0.2134,0.5308,0.2558
SPADES QUEEN DIAMONDS ACE,0.2,0.0204,0.7796
SPADES FOUR CLUBS JACK,0.593,0.0126,0.3944
CLUBS FIVE HEARTS QUEEN,0.2248,0.4452,0.33
SPADES KING DIAMONDS ACE,0.3018,0.0052,0.693
SPADES KING HEARTS FOUR,0.336,0.007,0.657
CLUBS TEN SPADES FOUR,0.5814,0.013,0.4056
DIAMONDS ACE HEARTS TWO,0.2268,0.0152,0.758
HEARTS FOUR HEARTS TWO,0.6558,0.0364,0.3078
DIAMONDS THREE HEARTS TEN,0.6044,0.0154,0.3802
SPADES FOUR CLUBS KING,0.3532,0.007,0.6398
HEARTS FIVE HEARTS TWO,0.6558,0.0394,0.3048
DIAMONDS THREE HEARTS JACK,0.5962,0.0122,0.3916
SPADES FOUR CLUBS QUEEN,0.21,0.5224,0.2676
DIAMONDS KING HEARTS TWO,0.2236,0.031,0.7454
HEARTS THREE HEARTS TWO,0.6626,0.0378,0.2996
SPADES FOUR CLUBS ACE,0.3468,0.0066,0.6466
HEARTS TWO CLUBS ACE,0.2274,0.017,0.7556
HEARTS TWO CLUBS QUEEN,0.0262,0.9546,0.0192
HEARTS TWO CLUBS KING,0.2244,0.0242,0.7514
SPADES EIGHT SPADES FIVE,0.5406,0.0126,0.4468
CLUBS TEN HEARTS TWO,0.7216,0.039,0.2394
SPADES NINE SPADES FIVE,0.5336,0.0124,0.454
HEARTS TWO CLUBS JACK,0.7154,0.045,0.2396
SPADES SIX SPADES FIVE,0.5178,0.0156,0.4666
SPADES SEVEN SPADES FIVE,0.5332,0.0124,0.4544
DIAMONDS FIVE CLUBS QUEEN,0.2148,0.4674,0.3178
SPADES EIGHT CLUBS ACE,0.363,0.0036,0.6334
DIAMONDS FIVE CLUBS KING,0.3574,0.007,0.6356
SPADES EIGHT CLUBS KING,0.3638,0.0064,0.6298
CLUBS ACE DIAMONDS FIVE,0.3548,0.0044,0.6408
SPADES EIGHT CLUBS QUEEN,0.2302,0.2226,0.5472
SPADES EIGHT CLUBS JACK,0.5722,0.0108,0.417
CLUBS TEN SPADES EIGHT,0.5442,0.0118,0.444
CLUBS TEN DIAMONDS FIVE,0.5976,0.0142,0.3882
DIAMONDS FIVE CLUBS JACK,0.605,0.0114,0.3836
DIAMONDS TEN HEARTS JACK,0.5376,0.0078,0.4546
DIAMONDS TEN HEARTS TEN,0.2956,0.014,0.6904
SPADES ACE CLUBS NINE,0.3524,0.0048,0.6428
CLUBS NINE SPADES QUEEN,0.2244,0.1574,0.6182
CLUBS NINE SPADES KING,0.3318,0.007,0.6612
HEARTS SIX HEARTS KING,0.3308,0.006,0.6632
DIAMONDS KING SPADES SEVEN,0.338,0.0094,0.6526
HEARTS THREE SPADES SEVEN,0.5878,0.0158,0.3964
SPADES KING DIAMONDS SEVEN,0.3552,0.0086,0.6362
HEARTS SIX HEARTS QUEEN,0.216,0.3462,0.4378
SPADES QUEEN DIAMONDS SEVEN,0.2256,0.2936,0.4808
HEARTS THREE SPADES SIX,0.5698,0.012,0.4182
DIAMONDS KING SPADES SIX,0.3562,0.007,0.6368
SPADES NINE DIAMONDS KING,0.3394,0.01,0.6506
SPADES NINE HEARTS THREE,0.5932,0.0108,0.396
HEARTS SIX HEARTS ACE,0.3288,0.0038,0.6674
DIAMONDS KING SPADES EIGHT,0.3494,0.0066,0.644
SPADES EIGHT HEARTS THREE,0.5978,0.0118,0.3904
SPADES ACE DIAMONDS SEVEN,0.347,0.0036,0.6494
CLUBS NINE HEARTS THREE,0.5902,0.0106,0.3992
CLUBS NINE DIAMONDS KING,0.3388,0.0058,0.6554
CLUBS EIGHT HEARTS THREE,0.5948,0.0146,0.3906
CLUBS EIGHT DIAMONDS KING,0.3642,0.0056,0.6302
HEARTS THREE SPADES THREE,0.3244,0.0334,0.6422
DIAMONDS KING SPADES THREE,0.3476,0.009,0.6434
HEARTS THREE SPADES FIVE,0.5718,0.0118,0.4164
DIAMONDS KING SPADES FIVE,0.3486,0.0094,0.642
HEARTS THREE SPADES FOUR,0.573,0.0148,0.4122
DIAMONDS KING SPADES FOUR,0.3338,0.0096,0.6566
DIAMONDS KING CLUBS TWO,0.2374,0.0302,0.7324
HEARTS THREE CLUBS TWO,0.697,0.0386,0.2644
DIAMONDS KING CLUBS THREE,0.3596,0.0084,0.632
CLUBS THREE HEARTS THREE,0.325,0.0372,0.6378
DIAMONDS KING CLUBS FOUR,0.3476,0.0098,0.6426
HEARTS THREE CLUBS FOUR,0.5754,0.0146,0.41
CLUBS FIVE DIAMONDS KING,0.3416,0.0072,0.6512
CLUBS FIVE HEARTS THREE,0.5654,0.0134,0.4212
CLUBS SIX DIAMONDS KING,0.3498,0.007,0.6432
