opposingHand,winningChance,drawChance,lostChance
DIAMONDS KING HEARTS QUEEN
SPADES ACE HEARTS NINE,0.4194,0.004,0.5766
CLUBS JACK CLUBS FIVE,0.6394,0.0052,0.3554
SPADES KING SPADES NINE,0.6582,0.0622,0.2796
SPADES TEN DIAMONDS SIX,0.6668,0.0046,0.3286
SPADES KING CLUBS QUEEN,0.0202,0.9578,0.022
SPADES ACE DIAMONDS NINE,0.4256,0.0032,0.5712
HEARTS THREE CLUBS QUEEN,0.7594,0.0264,0.2142
CLUBS JACK SPADES EIGHT,0.654,0.007,0.339
HEARTS SEVEN DIAMONDS TEN,0.6676,0.0062,0.3262
SPADES ACE HEARTS ACE,0.139,0.0042,0.8568
SPADES NINE SPADES SIX,0.6082,0.0056,0.3862
DIAMONDS NINE HEARTS JACK,0.6588,0.0056,0.3356
CLUBS KING DIAMONDS FIVE,0.6918,0.0634,0.2448
DIAMONDS TEN HEARTS KING,0.7102,0.0594,0.2304
SPADES FOUR HEARTS KING,0.6916,0.0634,0.245
SPADES QUEEN DIAMONDS EIGHT,0.7476,0.0274,0.225
HEARTS TWO SPADES SIX,0.652,0.0046,0.3434
SPADES SIX CLUBS KING,0.6908,0.0658,0.2434
SPADES JACK HEARTS TEN,0.6388,0.0068,0.3544
HEARTS TWO DIAMONDS FOUR,0.6678,0.0066,0.3256
SPADES TWO CLUBS ACE,0.4234,0.0036,0.573
HEARTS KING DIAMONDS FIVE,0.6904,0.0642,0.2454
DIAMONDS NINE DIAMONDS SEVEN,0.6276,0.0078,0.3646
SPADES ACE CLUBS KING,0.2434,0.0078,0.7488
HEARTS SEVEN HEARTS FOUR,0.6244,0.0064,0.3692
SPADES QUEEN SPADES TEN,0.6794,0.0248,0.2958
SPADES QUEEN HEARTS TEN,0.725,0.024,0.251
SPADES KING SPADES TEN,0.6546,0.0578,0.2876
SPADES QUEEN CLUBS SEVEN,0.7462,0.0252,0.2286
DIAMONDS SEVEN DIAMONDS FIVE,0.6082,0.0074,0.3844
CLUBS THREE CLUBS ACE,0.3976,0.0044,0.598
CLUBS SIX DIAMONDS TEN,0.6642,0.0076,0.3282
CLUBS NINE SPADES JACK,0.65,0.0058,0.3442
SPADES SIX DIAMONDS EIGHT,0.6412,0.0082,0.3506
CLUBS THREE DIAMONDS EIGHT,0.6722,0.0082,0.3196
SPADES TEN HEARTS JACK,0.6392,0.0054,0.3554
SPADES NINE HEARTS ACE,0.416,0.005,0.579
HEARTS THREE SPADES FIVE,0.6418,0.006,0.3522
CLUBS TWO SPADES FOUR,0.6414,0.0084,0.3502
SPADES QUEEN SPADES SEVEN,0.6854,0.0238,0.2908
SPADES KING HEARTS THREE,0.6966,0.0638,0.2396
HEARTS THREE DIAMONDS QUEEN,0.7478,0.0294,0.2228
CLUBS FOUR SPADES THREE,0.621,0.0078,0.3712
DIAMONDS TWO CLUBS FOUR,0.6562,0.0058,0.338
SPADES ACE HEARTS TEN,0.4046,0.0064,0.589
HEARTS SEVEN HEARTS THREE,0.6182,0.0056,0.3762
HEARTS SEVEN DIAMONDS THREE,0.6666,0.009,0.3244
SPADES EIGHT HEARTS TEN,0.6412,0.0072,0.3516
CLUBS TEN CLUBS QUEEN,0.6888,0.0196,0.2916
HEARTS KING HEARTS EIGHT,0.6856,0.0584,0.256
SPADES QUEEN CLUBS KING,0.019,0.9604,0.0206
HEARTS TWO HEARTS ACE,0.4042,0.0048,0.591
CLUBS TEN HEARTS NINE,0.632,0.007,0.361
CLUBS JACK HEARTS FIVE,0.6774,0.0076,0.315
HEARTS SIX SPADES JACK,0.687,0.0078,0.3052
SPADES NINE HEARTS JACK,0.6662,0.0066,0.3272
HEARTS FIVE CLUBS ACE,0.4386,0.0042,0.5572
CLUBS FIVE DIAMONDS FIVE,0.4778,0.0062,0.516
HEARTS SIX HEARTS TEN,0.6356,0.0108,0.3536
DIAMONDS NINE DIAMONDS FIVE,0.6302,0.0084,0.3614
HEARTS SIX CLUBS TWO,0.6554,0.0072,0.3374
HEARTS TWO CLUBS THREE,0.6606,0.0048,0.3346
HEARTS TWO SPADES EIGHT,0.6778,0.0054,0.3168
CLUBS JACK HEARTS EIGHT,0.6516,0.0068,0.3416
SPADES SIX DIAMONDS SEVEN,0.6256,0.0058,0.3686
SPADES KING SPADES EIGHT,0.6388,0.0622,0.299
SPADES TWO DIAMONDS FIVE,0.6304,0.0066,0.363
SPADES FIVE HEARTS KING,0.6828,0.0652,0.252
SPADES SIX DIAMONDS SIX,0.4696,0.0076,0.5228
HEARTS TEN CLUBS QUEEN,0.7226,0.0298,0.2476
SPADES SEVEN DIAMONDS FOUR,0.6464,0.0062,0.3474
SPADES SEVEN SPADES FIVE,0.594,0.008,0.398
SPADES ACE CLUBS THREE,0.4158,0.0046,0.5796
HEARTS FIVE SPADES SIX,0.6238,0.0062,0.37
SPADES ACE CLUBS FOUR,0.4036,0.005,0.5914
SPADES EIGHT CLUBS TWO,0.671,0.0052,0.3238
DIAMONDS JACK CLUBS ACE,0.4072,0.0054,0.5874
DIAMONDS ACE DIAMONDS NINE,0.4024,0.0058,0.5918
SPADES NINE DIAMONDS QUEEN,0.723,0.0248,0.2522
SPADES NINE DIAMONDS TEN,0.6496,0.0048,0.3456
HEARTS ACE HEARTS TEN,0.374,0.0038,0.6222
SPADES ACE CLUBS EIGHT,0.42,0.0034,0.5766
HEARTS THREE HEARTS NINE,0.6494,0.0066,0.344
HEARTS THREE SPADES EIGHT,0.677,0.0064,0.3166
SPADES EIGHT SPADES SIX,0.5922,0.0068,0.401
CLUBS JACK CLUBS THREE,0.6352,0.0062,0.3586
CLUBS FIVE SPADES TWO,0.6542,0.008,0.3378
HEARTS ACE HEARTS KING,0.2302,0.0144,0.7554
SPADES ACE DIAMONDS QUEEN,0.2588,0.0116,0.7296
CLUBS NINE DIAMONDS QUEEN,0.7316,0.0274,0.241
SPADES TEN CLUBS SEVEN,0.6534,0.006,0.3406
SPADES SIX HEARTS JACK,0.683,0.0074,0.3096
CLUBS SEVEN DIAMONDS JACK,0.666,0.0078,0.3262
CLUBS SEVEN CLUBS THREE,0.6324,0.0052,0.3624
DIAMONDS NINE HEARTS NINE,0.4612,0.0088,0.53
SPADES ACE CLUBS TEN,0.3946,0.0046,0.6008
SPADES JACK CLUBS THREE,0.6762,0.007,0.3168
DIAMONDS TEN CLUBS QUEEN,0.7386,0.0244,0.237
CLUBS SEVEN CLUBS TWO,0.6372,0.006,0.3568
CLUBS TWO HEARTS JACK,0.69,0.0096,0.3004
CLUBS FIVE CLUBS QUEEN,0.685,0.0318,0.2832
HEARTS FOUR SPADES NINE,0.6698,0.008,0.3222
SPADES ACE SPADES SIX,0.4028,0.0026,0.5946
CLUBS SIX HEARTS JACK,0.6786,0.0074,0.314
CLUBS SIX SPADES FIVE,0.6138,0.0048,0.3814
SPADES NINE HEARTS TEN,0.6422,0.008,0.3498
DIAMONDS TEN SPADES THREE,0.688,0.0066,0.3054
DIAMONDS THREE SPADES KING,0.695,0.0644,0.2406
SPADES JACK DIAMONDS QUEEN,0.7444,0.0266,0.229
SPADES QUEEN HEARTS EIGHT,0.7404,0.0258,0.2338
SPADES EIGHT DIAMONDS SEVEN,0.6498,0.0064,0.3438
CLUBS NINE DIAMONDS SEVEN,0.6406,0.0074,0.352
SPADES KING DIAMONDS QUEEN,0.0202,0.9666,0.0132
SPADES ACE HEARTS THREE,0.4296,0.0054,0.565
DIAMONDS TWO HEARTS ACE,0.4186,0.0078,0.5736
CLUBS FIVE HEARTS ACE,0.4068,0.0054,0.5878
HEARTS FIVE SPADES TWO,0.6354,0.0086,0.356
HEARTS FOUR CLUBS FOUR,0.4732,0.0092,0.5176
SPADES TEN HEARTS TWO,0.6866,0.0054,0.308
SPADES TEN CLUBS ACE,0.4006,0.004,0.5954
DIAMONDS TWO HEARTS THREE,0.664,0.0062,0.3298
HEARTS ACE SPADES TWO,0.4098,0.006,0.5842
HEARTS SEVEN SPADES NINE,0.6406,0.006,0.3534
CLUBS THREE DIAMONDS FOUR,0.6328,0.0102,0.357
CLUBS TEN DIAMONDS ACE,0.3854,0.0048,0.6098
SPADES KING DIAMONDS FIVE,0.6872,0.0658,0.247
SPADES EIGHT DIAMONDS FIVE,0.6482,0.0048,0.347
CLUBS NINE DIAMONDS FIVE,0.6642,0.0072,0.3286
SPADES ACE HEARTS SIX,0.4224,0.0032,0.5744
CLUBS SIX SPADES SEVEN,0.6122,0.0044,0.3834
SPADES TEN DIAMONDS ACE,0.3932,0.005,0.6018
DIAMONDS QUEEN CLUBS TWO,0.7484,0.0278,0.2238
HEARTS FOUR DIAMONDS FOUR,0.4966,0.008,0.4954
SPADES TEN SPADES THREE,0.6334,0.0058,0.3608
CLUBS SEVEN DIAMONDS SEVEN,0.4622,0.0058,0.532
SPADES SIX HEARTS ACE,0.4234,0.0042,0.5724
CLUBS TEN CLUBS THREE,0.645,0.0084,0.3466
HEARTS SEVEN DIAMONDS SEVEN,0.4744,0.0078,0.5178
DIAMONDS QUEEN DIAMONDS FIVE,0.719,0.0268,0.2542
SPADES NINE DIAMONDS FIVE,0.6528,0.0074,0.3398
CLUBS JACK HEARTS NINE,0.6664,0.0066,0.327
SPADES KING CLUBS TEN,0.6958,0.054,0.2502
CLUBS JACK SPADES FIVE,0.6726,0.0046,0.3228
SPADES EIGHT CLUBS ACE,0.4446,0.0034,0.552
CLUBS SEVEN SPADES SEVEN,0.4588,0.005,0.5362
SPADES KING DIAMONDS JACK,0.7032,0.0584,0.2384
SPADES EIGHT HEARTS ACE,0.424,0.0034,0.5726
HEARTS FIVE SPADES FOUR,0.6192,0.0066,0.3742
HEARTS SEVEN DIAMONDS SIX,0.6334,0.0068,0.3598
HEARTS THREE CLUBS ACE,0.417,0.0058,0.5772
SPADES NINE DIAMONDS SEVEN,0.653,0.0064,0.3406
CLUBS SIX HEARTS ACE,0.4194,0.0038,0.5768
DIAMONDS NINE CLUBS QUEEN,0.7358,0.0214,0.2428
CLUBS THREE HEARTS JACK,0.681,0.0088,0.3102
HEARTS THREE HEARTS JACK,0.656,0.0078,0.3362
DIAMONDS ACE SPADES THREE,0.4232,0.0066,0.5702
SPADES EIGHT DIAMONDS EIGHT,0.4624,0.0044,0.5332
DIAMONDS NINE DIAMONDS EIGHT,0.6066,0.0078,0.3856
SPADES SEVEN DIAMONDS JACK,0.6664,0.0076,0.326
CLUBS EIGHT SPADES NINE,0.6202,0.0042,0.3756
SPADES SEVEN HEARTS KING,0.6952,0.0624,0.2424
SPADES THREE CLUBS QUEEN,0.7476,0.0268,0.2256
CLUBS FIVE DIAMONDS JACK,0.692,0.0082,0.2998
CLUBS FIVE DIAMONDS NINE,0.6526,0.0076,0.3398
HEARTS SIX SPADES THREE,0.6324,0.0072,0.3604
HEARTS FIVE CLUBS EIGHT,0.645,0.0054,0.3496
SPADES TEN SPADES EIGHT,0.6112,0.008,0.3808
CLUBS SIX DIAMONDS SIX,0.4718,0.005,0.5232
HEARTS SEVEN HEARTS NINE,0.6114,0.0066,0.382
DIAMONDS JACK DIAMONDS FIVE,0.6442,0.0074,0.3484
CLUBS JACK CLUBS TWO,0.6308,0.0068,0.3624
SPADES SIX HEARTS TEN,0.6568,0.0076,0.3356
CLUBS THREE HEARTS EIGHT,0.6782,0.0086,0.3132
HEARTS FOUR HEARTS TWO,0.6224,0.0096,0.368
SPADES ACE CLUBS TWO,0.4212,0.0044,0.5744
SPADES NINE CLUBS KING,0.705,0.0562,0.2388
SPADES JACK CLUBS SIX,0.6832,0.005,0.3118
DIAMONDS THREE DIAMONDS NINE,0.6394,0.0072,0.3534
SPADES JACK SPADES EIGHT,0.5996,0.0078,0.3926
CLUBS NINE DIAMONDS ACE,0.4164,0.0032,0.5804
HEARTS SIX HEARTS KING,0.6576,0.0622,0.2802
SPADES EIGHT CLUBS KING,0.697,0.059,0.244
CLUBS FIVE SPADES FOUR,0.6224,0.0072,0.3704
CLUBS FOUR DIAMONDS SIX,0.6374,0.007,0.3556
HEARTS SIX SPADES TEN,0.67,0.006,0.324
SPADES EIGHT SPADES THREE,0.6174,0.0056,0.377
SPADES TEN SPADES SIX,0.6298,0.0058,0.3644
CLUBS SEVEN HEARTS TEN,0.6656,0.0066,0.3278
DIAMONDS QUEEN DIAMONDS JACK,0.699,0.026,0.275
SPADES QUEEN CLUBS TWO,0.7452,0.0242,0.2306
CLUBS QUEEN HEARTS EIGHT,0.7488,0.0254,0.2258
HEARTS NINE DIAMONDS FOUR,0.6746,0.01,0.3154
SPADES KING SPADES THREE,0.6456,0.0592,0.2952
SPADES KING HEARTS ACE,0.2402,0.0114,0.7484
SPADES JACK SPADES FOUR,0.6374,0.0064,0.3562
CLUBS EIGHT HEARTS TEN,0.6318,0.0066,0.3616
CLUBS THREE HEARTS NINE,0.6726,0.0068,0.3206
DIAMONDS SEVEN HEARTS EIGHT,0.653,0.0042,0.3428
DIAMONDS SEVEN DIAMONDS SIX,0.5918,0.007,0.4012
HEARTS SEVEN SPADES FIVE,0.6366,0.0062,0.3572
SPADES FOUR DIAMONDS SIX,0.641,0.0054,0.3536
SPADES SEVEN SPADES SIX,0.5928,0.0062,0.401
CLUBS TEN CLUBS EIGHT,0.605,0.0052,0.3898
SPADES SIX DIAMONDS NINE,0.6442,0.0048,0.351
HEARTS SIX HEARTS THREE,0.6202,0.0078,0.372
DIAMONDS THREE DIAMONDS TEN,0.6434,0.0078,0.3488
SPADES SIX SPADES FIVE,0.573,0.005,0.422
HEARTS THREE HEARTS TEN,0.6484,0.0088,0.3428
DIAMONDS ACE CLUBS TWO,0.4242,0.0048,0.571
SPADES NINE HEARTS KING,0.6992,0.0626,0.2382
CLUBS SEVEN CLUBS KING,0.6488,0.0658,0.2854
DIAMONDS ACE DIAMONDS JACK,0.3838,0.0076,0.6086
CLUBS NINE DIAMONDS EIGHT,0.641,0.0056,0.3534
DIAMONDS NINE HEARTS KING,0.7002,0.0648,0.235
SPADES EIGHT HEARTS KING,0.6898,0.0666,0.2436
HEARTS ACE DIAMONDS SEVEN,0.426,0.005,0.569
SPADES FOUR HEARTS ACE,0.4136,0.0062,0.5802
CLUBS THREE DIAMONDS SIX,0.6514,0.007,0.3416
DIAMONDS THREE SPADES SEVEN,0.6654,0.007,0.3276
SPADES SEVEN CLUBS ACE,0.4246,0.0032,0.5722
SPADES EIGHT DIAMONDS JACK,0.667,0.0064,0.3266
CLUBS ACE DIAMONDS FIVE,0.4256,0.0048,0.5696
HEARTS SIX SPADES SEVEN,0.6314,0.0058,0.3628
CLUBS FOUR DIAMONDS NINE,0.6502,0.0088,0.341
CLUBS TEN SPADES TEN,0.4224,0.0026,0.575
HEARTS SIX HEARTS ACE,0.404,0.0038,0.5922
SPADES TEN CLUBS SIX,0.6528,0.0068,0.3404
HEARTS SEVEN DIAMONDS ACE,0.4074,0.0078,0.5848
CLUBS FOUR SPADES FOUR,0.4824,0.0086,0.509
CLUBS FIVE SPADES SIX,0.6168,0.0048,0.3784
SPADES JACK HEARTS ACE,0.3948,0.0058,0.5994
CLUBS TEN SPADES SEVEN,0.644,0.0048,0.3512
SPADES EIGHT CLUBS THREE,0.6772,0.0048,0.318
HEARTS SIX DIAMONDS EIGHT,0.644,0.0046,0.3514
HEARTS FIVE HEARTS TWO,0.613,0.0064,0.3806
SPADES ACE CLUBS SEVEN,0.4188,0.0038,0.5774
CLUBS TEN DIAMONDS QUEEN,0.7306,0.026,0.2434
CLUBS FIVE SPADES SEVEN,0.6256,0.0068,0.3676
CLUBS TEN SPADES THREE,0.6742,0.007,0.3188
DIAMONDS TEN HEARTS JACK,0.653,0.0068,0.3402
SPADES QUEEN HEARTS THREE,0.7476,0.0306,0.2218
HEARTS TWO SPADES TWO,0.4776,0.0118,0.5106
HEARTS TWO HEARTS EIGHT,0.6412,0.0074,0.3514
CLUBS SIX HEARTS NINE,0.6568,0.0066,0.3366
SPADES QUEEN HEARTS ACE,0.2408,0.0112,0.748
SPADES EIGHT CLUBS FIVE,0.6304,0.0068,0.3628
SPADES FIVE SPADES THREE,0.5928,0.0068,0.4004
CLUBS SIX CLUBS FOUR,0.5872,0.007,0.4058
HEARTS TWO DIAMONDS QUEEN,0.7484,0.033,0.2186
DIAMONDS NINE SPADES TWO,0.6696,0.007,0.3234
CLUBS NINE CLUBS ACE,0.3896,0.0038,0.6066
SPADES QUEEN CLUBS SIX,0.742,0.0264,0.2316
HEARTS FOUR SPADES FIVE,0.6278,0.0076,0.3646
CLUBS EIGHT HEARTS NINE,0.6298,0.0048,0.3654
SPADES SIX CLUBS THREE,0.6388,0.0052,0.356
HEARTS FOUR HEARTS KING,0.6648,0.0652,0.27
DIAMONDS JACK SPADES FOUR,0.6886,0.008,0.3034
HEARTS TEN HEARTS NINE,0.6042,0.0082,0.3876
HEARTS TWO HEARTS TEN,0.6584,0.0066,0.335
CLUBS JACK DIAMONDS EIGHT,0.6608,0.006,0.3332
CLUBS THREE HEARTS TEN,0.685,0.0058,0.3092
SPADES JACK CLUBS TWO,0.6778,0.007,0.3152
CLUBS THREE HEARTS ACE,0.412,0.005,0.583
CLUBS TEN SPADES TWO,0.6732,0.0056,0.3212
CLUBS NINE CLUBS QUEEN,0.692,0.0238,0.2842
DIAMONDS JACK CLUBS TWO,0.6816,0.0084,0.31
HEARTS ACE DIAMONDS NINE,0.422,0.0032,0.5748
HEARTS THREE DIAMONDS FIVE,0.6432,0.0068,0.35
CLUBS SEVEN HEARTS EIGHT,0.6236,0.006,0.3704
SPADES JACK HEARTS THREE,0.6832,0.0074,0.3094
CLUBS EIGHT DIAMONDS SIX,0.638,0.0066,0.3554
CLUBS EIGHT CLUBS QUEEN,0.6892,0.0258,0.285
CLUBS FOUR HEARTS TEN,0.6768,0.006,0.3172
DIAMONDS JACK DIAMONDS NINE,0.6222,0.0072,0.3706
HEARTS FOUR CLUBS FIVE,0.628,0.0068,0.3652
HEARTS KING DIAMONDS SIX,0.6908,0.0616,0.2476
SPADES EIGHT SPADES TWO,0.636,0.0062,0.3578
HEARTS FIVE DIAMONDS FOUR,0.6422,0.0068,0.351
SPADES FOUR HEARTS JACK,0.6846,0.0078,0.3076
CLUBS SIX HEARTS EIGHT,0.6346,0.0058,0.3596
SPADES NINE SPADES FIVE,0.6072,0.0054,0.3874
DIAMONDS SIX HEARTS EIGHT,0.6336,0.0068,0.3596
CLUBS THREE DIAMONDS FIVE,0.6278,0.007,0.3652
DIAMONDS QUEEN DIAMONDS EIGHT,0.7122,0.0262,0.2616
SPADES NINE SPADES SEVEN,0.6052,0.007,0.3878
SPADES JACK DIAMONDS SEVEN,0.6656,0.0058,0.3286
CLUBS FOUR DIAMONDS EIGHT,0.6602,0.0058,0.334
SPADES ACE HEARTS FOUR,0.4222,0.004,0.5738
HEARTS SEVEN DIAMONDS FOUR,0.6528,0.0064,0.3408
DIAMONDS TWO CLUBS KING,0.6986,0.066,0.2354
HEARTS TWO HEARTS KING,0.6688,0.0642,0.267
CLUBS NINE DIAMONDS JACK,0.652,0.0078,0.3402
CLUBS SIX HEARTS KING,0.6976,0.0624,0.24
CLUBS NINE CLUBS SEVEN,0.6014,0.005,0.3936
HEARTS TWO DIAMONDS NINE,0.6886,0.007,0.3044
DIAMONDS TWO SPADES SIX,0.6622,0.0062,0.3316
CLUBS JACK CLUBS QUEEN,0.6954,0.0218,0.2828
HEARTS FIVE DIAMONDS QUEEN,0.7502,0.0302,0.2196
DIAMONDS TWO SPADES TEN,0.6886,0.0062,0.3052
SPADES QUEEN HEARTS TWO,0.7516,0.0304,0.218
CLUBS TEN DIAMONDS NINE,0.64,0.005,0.355
DIAMONDS TEN SPADES FOUR,0.6784,0.0072,0.3144
SPADES ACE DIAMONDS SIX,0.4266,0.0052,0.5682
CLUBS NINE SPADES FIVE,0.6372,0.0054,0.3574
DIAMONDS ACE HEARTS EIGHT,0.4184,0.0056,0.576
DIAMONDS THREE DIAMONDS QUEEN,0.7078,0.0248,0.2674
CLUBS SIX DIAMONDS FIVE,0.6162,0.0062,0.3776
DIAMONDS THREE HEARTS FOUR,0.6366,0.0116,0.3518
HEARTS SIX CLUBS FIVE,0.617,0.0064,0.3766
CLUBS TEN SPADES NINE,0.6408,0.0072,0.352
CLUBS SEVEN SPADES TWO,0.681,0.007,0.312
CLUBS JACK HEARTS JACK,0.4288,0.0024,0.5688
SPADES KING HEARTS KING,0.0982,0.0106,0.8912
HEARTS SEVEN CLUBS FOUR,0.655,0.0062,0.3388
CLUBS EIGHT SPADES EIGHT,0.4724,0.0062,0.5214
SPADES QUEEN CLUBS NINE,0.724,0.0284,0.2476
CLUBS FIVE SPADES FIVE,0.4854,0.0056,0.509
DIAMONDS JACK DIAMONDS SEVEN,0.6458,0.0072,0.347
HEARTS SEVEN HEARTS EIGHT,0.6092,0.0074,0.3834
DIAMONDS THREE DIAMONDS JACK,0.651,0.008,0.341
DIAMONDS ACE SPADES SEVEN,0.4236,0.0042,0.5722
SPADES TEN SPADES TWO,0.6358,0.0084,0.3558
HEARTS FIVE CLUBS THREE,0.638,0.0084,0.3536
SPADES ACE DIAMONDS JACK,0.4074,0.0046,0.588
SPADES TEN SPADES NINE,0.601,0.008,0.391
SPADES KING SPADES SEVEN,0.6638,0.064,0.2722
HEARTS FIVE SPADES SEVEN,0.6436,0.0058,0.3506
HEARTS SIX DIAMONDS SIX,0.487,0.0058,0.5072
CLUBS JACK HEARTS SEVEN,0.6716,0.006,0.3224
CLUBS EIGHT SPADES SIX,0.628,0.0056,0.3664
DIAMONDS TEN HEARTS TEN,0.4538,0.006,0.5402
HEARTS NINE CLUBS QUEEN,0.74,0.025,0.235
DIAMONDS THREE CLUBS TWO,0.6578,0.0074,0.3348
DIAMONDS TWO CLUBS ACE,0.423,0.0062,0.5708
SPADES SEVEN CLUBS KING,0.6958,0.0566,0.2476
CLUBS EIGHT SPADES TEN,0.6454,0.0056,0.349
SPADES SIX SPADES FOUR,0.5964,0.006,0.3976
DIAMONDS JACK HEARTS EIGHT,0.672,0.0068,0.3212
DIAMONDS EIGHT HEARTS TEN,0.6544,0.0102,0.3354
HEARTS SIX DIAMONDS SEVEN,0.6266,0.006,0.3674
HEARTS SIX DIAMONDS FOUR,0.6478,0.0058,0.3464
CLUBS SEVEN HEARTS KING,0.6906,0.0618,0.2476
CLUBS FIVE HEARTS KING,0.6912,0.066,0.2428
CLUBS NINE CLUBS FIVE,0.6182,0.0084,0.3734
DIAMONDS THREE CLUBS THREE,0.4726,0.007,0.5204
CLUBS TWO HEARTS NINE,0.6742,0.009,0.3168
DIAMONDS EIGHT SPADES TWO,0.6714,0.0084,0.3202
DIAMONDS FIVE HEARTS EIGHT,0.6494,0.0082,0.3424
DIAMONDS ACE SPADES FOUR,0.4112,0.006,0.5828
DIAMONDS TEN DIAMONDS NINE,0.6144,0.0074,0.3782
SPADES TWO CLUBS QUEEN,0.7448,0.0264,0.2288
CLUBS SIX DIAMONDS JACK,0.6912,0.0064,0.3024
DIAMONDS THREE HEARTS EIGHT,0.6748,0.0096,0.3156
HEARTS TWO SPADES THREE,0.6548,0.0094,0.3358
DIAMONDS THREE CLUBS FOUR,0.6384,0.0084,0.3532
CLUBS JACK CLUBS TEN,0.5992,0.0048,0.396
DIAMONDS THREE HEARTS SIX,0.6556,0.008,0.3364
HEARTS SIX CLUBS THREE,0.6576,0.0058,0.3366
HEARTS SIX DIAMONDS JACK,0.6926,0.0058,0.3016
DIAMONDS ACE SPADES TWO,0.4256,0.0056,0.5688
SPADES KING CLUBS FOUR,0.6824,0.0656,0.252
SPADES TEN HEARTS TEN,0.4288,0.0034,0.5678
HEARTS JACK CLUBS ACE,0.407,0.0048,0.5882
CLUBS SEVEN HEARTS TWO,0.671,0.0068,0.3222
SPADES JACK HEARTS JACK,0.4398,0.0044,0.5558
HEARTS FIVE CLUBS KING,0.6916,0.06,0.2484
CLUBS TWO HEARTS KING,0.6936,0.0726,0.2338
DIAMONDS ACE CLUBS KING,0.2366,0.013,0.7504
CLUBS TEN HEARTS SIX,0.6668,0.0044,0.3288
CLUBS THREE DIAMONDS NINE,0.6744,0.007,0.3186
HEARTS ACE DIAMONDS EIGHT,0.4108,0.005,0.5842
HEARTS FOUR CLUBS SEVEN,0.6418,0.0072,0.351
HEARTS JACK DIAMONDS FIVE,0.6766,0.0072,0.3162
DIAMONDS ACE CLUBS ACE,0.1268,0.003,0.8702
SPADES SEVEN DIAMONDS FIVE,0.635,0.0068,0.3582
HEARTS SEVEN HEARTS ACE,0.3898,0.0052,0.605
CLUBS TEN DIAMONDS TWO,0.681,0.0082,0.3108
HEARTS SIX CLUBS NINE,0.6488,0.0052,0.346
DIAMONDS TEN HEARTS ACE,0.3992,0.0068,0.594
CLUBS TEN DIAMONDS FOUR,0.6766,0.008,0.3154
DIAMONDS THREE CLUBS KING,0.7028,0.065,0.2322
CLUBS NINE SPADES FOUR,0.6708,0.0066,0.3226
DIAMONDS ACE SPADES SIX,0.4206,0.0046,0.5748
SPADES SEVEN SPADES FOUR,0.6006,0.0088,0.3906
CLUBS EIGHT SPADES TWO,0.669,0.0084,0.3226
CLUBS TWO CLUBS KING,0.6656,0.0592,0.2752
DIAMONDS THREE SPADES JACK,0.6856,0.0082,0.3062
HEARTS FIVE HEARTS FOUR,0.6,0.0068,0.3932
CLUBS FOUR CLUBS TWO,0.6046,0.0068,0.3886
SPADES FIVE HEARTS ACE,0.4206,0.004,0.5754
CLUBS JACK SPADES FOUR,0.6706,0.0058,0.3236
CLUBS FOUR HEARTS ACE,0.4038,0.0044,0.5918
SPADES KING DIAMONDS SEVEN,0.694,0.063,0.243
HEARTS FOUR HEARTS THREE,0.5968,0.0106,0.3926
CLUBS THREE HEARTS KING,0.6958,0.0696,0.2346
SPADES TEN HEARTS KING,0.6952,0.0668,0.238
SPADES NINE CLUBS THREE,0.6678,0.0066,0.3256
SPADES ACE SPADES QUEEN,0.2398,0.0118,0.7484
CLUBS FOUR HEARTS KING,0.6808,0.0678,0.2514
HEARTS THREE SPADES TWO,0.6564,0.0076,0.336
HEARTS TWO HEARTS JACK,0.6632,0.0074,0.3294
HEARTS SEVEN DIAMONDS EIGHT,0.6418,0.0076,0.3506
DIAMONDS QUEEN CLUBS ACE,0.2526,0.0128,0.7346
SPADES THREE DIAMONDS FOUR,0.6402,0.0078,0.352
CLUBS JACK DIAMONDS TWO,0.6918,0.0066,0.3016
DIAMONDS QUEEN DIAMONDS SIX,0.6968,0.025,0.2782
DIAMONDS QUEEN HEARTS NINE,0.7428,0.0268,0.2304
SPADES QUEEN CLUBS QUEEN,0.2988,0.0114,0.6898
SPADES SEVEN DIAMONDS SIX,0.628,0.007,0.365
CLUBS SEVEN DIAMONDS SIX,0.6228,0.0066,0.3706
DIAMONDS THREE CLUBS NINE,0.6826,0.007,0.3104
HEARTS TWO DIAMONDS EIGHT,0.6802,0.0068,0.313
SPADES SEVEN CLUBS THREE,0.662,0.007,0.331
CLUBS SEVEN SPADES FOUR,0.666,0.0064,0.3276
CLUBS TEN DIAMONDS SIX,0.674,0.0056,0.3204
HEARTS SEVEN HEARTS JACK,0.6356,0.007,0.3574
SPADES ACE SPADES FIVE,0.3944,0.0042,0.6014
CLUBS THREE SPADES THREE,0.469,0.008,0.523
SPADES QUEEN SPADES NINE,0.6892,0.0278,0.283
CLUBS SIX SPADES THREE,0.6522,0.008,0.3398
CLUBS FOUR DIAMONDS QUEEN,0.7422,0.0278,0.23
SPADES QUEEN HEARTS KING,0.0106,0.9712,0.0182
HEARTS SEVEN CLUBS NINE,0.6454,0.0082,0.3464
HEARTS FIVE CLUBS SIX,0.6214,0.007,0.3716
DIAMONDS TWO HEARTS TWO,0.4764,0.0092,0.5144
SPADES ACE HEARTS SEVEN,0.429,0.0042,0.5668
HEARTS TWO DIAMONDS SIX,0.6694,0.006,0.3246
HEARTS SIX HEARTS JACK,0.6564,0.005,0.3386
HEARTS TWO CLUBS QUEEN,0.7532,0.0292,0.2176
DIAMONDS TEN DIAMONDS FOUR,0.668,0.0076,0.3244
SPADES SIX SPADES THREE,0.6016,0.007,0.3914
SPADES NINE DIAMONDS EIGHT,0.6382,0.006,0.3558
SPADES FIVE HEARTS JACK,0.677,0.0068,0.3162
HEARTS SEVEN CLUBS TWO,0.677,0.0086,0.3144
HEARTS THREE DIAMONDS NINE,0.6812,0.0094,0.3094
HEARTS THREE CLUBS SIX,0.6402,0.0076,0.3522
CLUBS SEVEN DIAMONDS EIGHT,0.6414,0.0076,0.351
CLUBS FIVE CLUBS TWO,0.605,0.0068,0.3882
HEARTS SEVEN HEARTS SIX,0.5924,0.0066,0.401
DIAMONDS SEVEN DIAMONDS FOUR,0.6128,0.0056,0.3816
SPADES QUEEN HEARTS NINE,0.731,0.026,0.243
SPADES SEVEN CLUBS TWO,0.6738,0.005,0.3212
SPADES TEN HEARTS ACE,0.399,0.004,0.597
HEARTS TEN DIAMONDS FIVE,0.6938,0.008,0.2982
SPADES NINE DIAMONDS FOUR,0.679,0.0076,0.3134
CLUBS ACE HEARTS EIGHT,0.4332,0.0054,0.5614
HEARTS THREE HEARTS ACE,0.4024,0.0068,0.5908
SPADES JACK CLUBS ACE,0.401,0.0038,0.5952
HEARTS THREE SPADES THREE,0.464,0.007,0.529
HEARTS SEVEN CLUBS QUEEN,0.7424,0.0294,0.2282
HEARTS FIVE HEARTS THREE,0.606,0.006,0.388
CLUBS SIX CLUBS ACE,0.3946,0.0046,0.6008
DIAMONDS TEN HEARTS EIGHT,0.649,0.0092,0.3418
HEARTS SIX HEARTS NINE,0.6142,0.0056,0.3802
DIAMONDS NINE DIAMONDS SIX,0.6222,0.0058,0.372
SPADES NINE CLUBS FOUR,0.664,0.0066,0.3294
HEARTS TWO SPADES SEVEN,0.6842,0.0062,0.3096
DIAMONDS THREE HEARTS JACK,0.6876,0.0114,0.301
HEARTS THREE DIAMONDS JACK,0.696,0.0072,0.2968
HEARTS JACK HEARTS TEN,0.6128,0.0072,0.38
DIAMONDS THREE HEARTS KING,0.699,0.07,0.231
CLUBS TEN CLUBS FIVE,0.641,0.006,0.353
CLUBS SEVEN CLUBS FIVE,0.5954,0.006,0.3986
CLUBS JACK DIAMONDS QUEEN,0.7422,0.0258,0.232
CLUBS NINE CLUBS THREE,0.6266,0.0058,0.3676
CLUBS FOUR DIAMONDS FIVE,0.6248,0.0076,0.3676
HEARTS SIX CLUBS QUEEN,0.7506,0.0264,0.223
SPADES KING CLUBS SIX,0.6944,0.0586,0.247
CLUBS NINE SPADES THREE,0.662,0.0076,0.3304
DIAMONDS NINE CLUBS ACE,0.4068,0.0056,0.5876
HEARTS SIX HEARTS EIGHT,0.596,0.0076,0.3964
SPADES QUEEN CLUBS EIGHT,0.742,0.028,0.23
DIAMONDS THREE SPADES THREE,0.4794,0.0066,0.514
SPADES ACE CLUBS ACE,0.1406,0.0024,0.857
SPADES JACK CLUBS FOUR,0.669,0.0076,0.3234
HEARTS SEVEN CLUBS ACE,0.4246,0.006,0.5694
CLUBS SEVEN DIAMONDS FIVE,0.6376,0.0054,0.357
DIAMONDS TWO DIAMONDS ACE,0.3852,0.0052,0.6096
HEARTS TEN HEARTS EIGHT,0.6088,0.0084,0.3828
SPADES QUEEN SPADES FOUR,0.69,0.0282,0.2818
HEARTS FOUR CLUBS KING,0.6966,0.062,0.2414
SPADES FIVE DIAMONDS TEN,0.6814,0.0072,0.3114
HEARTS FIVE SPADES NINE,0.6602,0.0074,0.3324
CLUBS NINE DIAMONDS SIX,0.6534,0.0056,0.341
CLUBS FIVE CLUBS ACE,0.4004,0.0032,0.5964
CLUBS TEN CLUBS FOUR,0.6374,0.0068,0.3558
SPADES KING DIAMONDS ACE,0.2376,0.0124,0.75
SPADES KING HEARTS FIVE,0.6872,0.0678,0.245
SPADES THREE DIAMONDS SEVEN,0.6664,0.0068,0.3268
HEARTS FOUR SPADES TEN,0.6802,0.0068,0.313
CLUBS SEVEN DIAMONDS TEN,0.667,0.0054,0.3276
CLUBS TEN SPADES FOUR,0.672,0.0068,0.3212
HEARTS SIX HEARTS FOUR,0.6136,0.0066,0.3798
CLUBS NINE HEARTS JACK,0.647,0.0078,0.3452
HEARTS TWO SPADES FOUR,0.6412,0.0072,0.3516
HEARTS FIVE SPADES FIVE,0.473,0.0054,0.5216
DIAMONDS NINE HEARTS TEN,0.6364,0.008,0.3556
DIAMONDS QUEEN CLUBS KING,0.0182,0.9708,0.011
SPADES TEN CLUBS FIVE,0.6774,0.0074,0.3152
CLUBS JACK CLUBS ACE,0.3804,0.0038,0.6158
SPADES SEVEN DIAMONDS NINE,0.6494,0.0084,0.3422
HEARTS THREE SPADES FOUR,0.63,0.006,0.364
HEARTS KING HEARTS JACK,0.6586,0.0596,0.2818
CLUBS SEVEN SPADES NINE,0.6256,0.007,0.3674
CLUBS FIVE CLUBS FOUR,0.577,0.0076,0.4154
SPADES QUEEN SPADES JACK,0.6986,0.025,0.2764
CLUBS JACK CLUBS SIX,0.6348,0.0038,0.3614
HEARTS FOUR HEARTS TEN,0.6444,0.0046,0.351
SPADES JACK SPADES SIX,0.6448,0.0082,0.347
SPADES SIX CLUBS ACE,0.4188,0.0034,0.5778
SPADES FIVE CLUBS ACE,0.417,0.003,0.58
DIAMONDS SEVEN CLUBS KING,0.689,0.0654,0.2456
DIAMONDS THREE SPADES TEN,0.6792,0.007,0.3138
DIAMONDS TWO DIAMONDS NINE,0.6248,0.0086,0.3666
SPADES TEN SPADES SEVEN,0.6112,0.0078,0.381
SPADES KING DIAMONDS TEN,0.6956,0.0628,0.2416
HEARTS FOUR CLUBS TWO,0.659,0.0072,0.3338
SPADES NINE DIAMONDS NINE,0.4496,0.0044,0.546
HEARTS SEVEN DIAMONDS TWO,0.6958,0.007,0.2972
SPADES SIX DIAMONDS FIVE,0.62,0.0056,0.3744
CLUBS JACK CLUBS SEVEN,0.623,0.0068,0.3702
SPADES FIVE DIAMONDS FIVE,0.4764,0.0072,0.5164
HEARTS SEVEN CLUBS TEN,0.6554,0.0068,0.3378
HEARTS ACE DIAMONDS FOUR,0.4224,0.0062,0.5714
HEARTS FIVE HEARTS ACE,0.4048,0.0056,0.5896
HEARTS THREE DIAMONDS TEN,0.6954,0.0064,0.2982
CLUBS FOUR DIAMONDS FOUR,0.4758,0.0088,0.5154
DIAMONDS THREE SPADES QUEEN,0.7538,0.0288,0.2174
HEARTS SIX DIAMONDS TEN,0.672,0.009,0.319
CLUBS SEVEN CLUBS ACE,0.393,0.0032,0.6038
DIAMONDS NINE HEARTS EIGHT,0.6304,0.0086,0.361
SPADES NINE SPADES TWO,0.6314,0.006,0.3626
DIAMONDS ACE HEARTS KING,0.2376,0.0118,0.7506
SPADES ACE SPADES EIGHT,0.4024,0.0054,0.5922
SPADES ACE SPADES JACK,0.3764,0.0042,0.6194
HEARTS FIVE SPADES EIGHT,0.6388,0.0064,0.3548
CLUBS TWO HEARTS ACE,0.4206,0.006,0.5734
DIAMONDS TWO HEARTS TEN,0.6932,0.0086,0.2982
SPADES QUEEN DIAMONDS TEN,0.7302,0.0252,0.2446
SPADES JACK HEARTS EIGHT,0.659,0.0058,0.3352
SPADES FIVE DIAMONDS FOUR,0.6304,0.0078,0.3618
HEARTS THREE SPADES SEVEN,0.6616,0.0074,0.331
HEARTS SEVEN HEARTS KING,0.667,0.0614,0.2716
SPADES SIX DIAMONDS TEN,0.6682,0.007,0.3248
SPADES SEVEN HEARTS TEN,0.6708,0.0042,0.325
SPADES ACE SPADES KING,0.224,0.0096,0.7664
CLUBS NINE CLUBS KING,0.6652,0.0578,0.277
DIAMONDS TWO SPADES EIGHT,0.6766,0.0052,0.3182
HEARTS FOUR HEARTS NINE,0.6444,0.0082,0.3474
CLUBS KING CLUBS QUEEN,0.0208,0.9112,0.068
DIAMONDS SEVEN HEARTS TEN,0.6666,0.0054,0.328
CLUBS EIGHT SPADES THREE,0.6752,0.0072,0.3176
SPADES JACK CLUBS FIVE,0.6778,0.0082,0.314
HEARTS FIVE HEARTS TEN,0.6464,0.0088,0.3448
DIAMONDS EIGHT CLUBS ACE,0.4282,0.0042,0.5676
SPADES KING CLUBS SEVEN,0.703,0.063,0.234
HEARTS SEVEN DIAMONDS FIVE,0.653,0.0068,0.3402
HEARTS FIVE DIAMONDS TEN,0.6898,0.0096,0.3006
SPADES TEN CLUBS KING,0.7024,0.059,0.2386
CLUBS EIGHT DIAMONDS QUEEN,0.7576,0.0294,0.213
DIAMONDS JACK DIAMONDS FOUR,0.6504,0.0066,0.343
SPADES FOUR SPADES TWO,0.5976,0.0066,0.3958
CLUBS TWO DIAMONDS FIVE,0.6362,0.0102,0.3536
DIAMONDS THREE SPADES NINE,0.6812,0.006,0.3128
SPADES SEVEN HEARTS ACE,0.4168,0.0042,0.579
HEARTS FIVE CLUBS FIVE,0.4648,0.0078,0.5274
DIAMONDS QUEEN SPADES TWO,0.7558,0.0276,0.2166
CLUBS THREE CLUBS TWO,0.6182,0.009,0.3728
SPADES JACK CLUBS SEVEN,0.678,0.006,0.316
HEARTS SEVEN CLUBS SEVEN,0.47,0.0066,0.5234
DIAMONDS TWO HEARTS KING,0.6974,0.0718,0.2308
CLUBS SEVEN SPADES FIVE,0.6366,0.0062,0.3572
DIAMONDS QUEEN HEARTS EIGHT,0.7634,0.0294,0.2072
DIAMONDS JACK DIAMONDS TEN,0.6284,0.0084,0.3632
DIAMONDS TWO DIAMONDS FIVE,0.6236,0.0082,0.3682
DIAMONDS JACK SPADES FIVE,0.6728,0.007,0.3202
HEARTS FIVE HEARTS JACK,0.6416,0.0098,0.3486
SPADES TWO DIAMONDS FOUR,0.6524,0.008,0.3396
DIAMONDS EIGHT CLUBS QUEEN,0.7512,0.0228,0.226
SPADES THREE SPADES TWO,0.6114,0.0082,0.3804
SPADES ACE CLUBS JACK,0.412,0.004,0.584
SPADES TWO HEARTS EIGHT,0.67,0.0072,0.3228
HEARTS SIX SPADES QUEEN,0.7446,0.027,0.2284
SPADES FOUR HEARTS TEN,0.683,0.007,0.31
DIAMONDS QUEEN HEARTS KING,0.0086,0.9836,0.0078
CLUBS TEN SPADES SIX,0.6462,0.0058,0.348
HEARTS KING DIAMONDS EIGHT,0.7086,0.0658,0.2256
HEARTS TWO SPADES FIVE,0.6388,0.0088,0.3524
CLUBS EIGHT CLUBS FOUR,0.6194,0.0086,0.372
CLUBS TWO CLUBS QUEEN,0.6978,0.0294,0.2728
SPADES SEVEN HEARTS JACK,0.6742,0.0068,0.319
SPADES SIX CLUBS QUEEN,0.7326,0.0286,0.2388
HEARTS SIX DIAMONDS QUEEN,0.7502,0.0292,0.2206
DIAMONDS TWO HEARTS FIVE,0.6496,0.008,0.3424
DIAMONDS QUEEN SPADES FIVE,0.752,0.03,0.218
CLUBS KING DIAMONDS FOUR,0.689,0.0626,0.2484
CLUBS FOUR SPADES SIX,0.6326,0.0066,0.3608
CLUBS TEN HEARTS JACK,0.6528,0.0072,0.34
DIAMONDS JACK HEARTS KING,0.6924,0.0618,0.2458
SPADES ACE SPADES NINE,0.403,0.0042,0.5928
SPADES EIGHT SPADES FOUR,0.6128,0.0064,0.3808
SPADES KING CLUBS THREE,0.6958,0.0668,0.2374
CLUBS THREE SPADES FOUR,0.6284,0.0068,0.3648
HEARTS EIGHT DIAMONDS FOUR,0.6728,0.0074,0.3198
CLUBS NINE DIAMONDS TEN,0.632,0.009,0.359
DIAMONDS THREE HEARTS TWO,0.6632,0.0096,0.3272
SPADES QUEEN CLUBS ACE,0.255,0.0124,0.7326
DIAMONDS ACE DIAMONDS TEN,0.3908,0.0048,0.6044
CLUBS SEVEN DIAMONDS FOUR,0.6624,0.0074,0.3302
HEARTS JACK DIAMONDS SEVEN,0.6756,0.0082,0.3162
DIAMONDS TEN DIAMONDS EIGHT,0.621,0.0082,0.3708
SPADES TEN DIAMONDS FOUR,0.686,0.0052,0.3088
CLUBS NINE HEARTS TWO,0.6708,0.0082,0.321
CLUBS FIVE DIAMONDS EIGHT,0.6426,0.005,0.3524
HEARTS TWO CLUBS ACE,0.4188,0.0054,0.5758
SPADES QUEEN DIAMONDS SEVEN,0.7536,0.0278,0.2186
SPADES ACE SPADES SEVEN,0.3952,0.0038,0.601
SPADES TWO HEARTS JACK,0.6858,0.0096,0.3046
DIAMONDS THREE SPADES SIX,0.6516,0.0072,0.3412
SPADES TEN CLUBS THREE,0.6828,0.0086,0.3086
HEARTS FOUR DIAMONDS NINE,0.6786,0.0078,0.3136
CLUBS JACK HEARTS TWO,0.688,0.0088,0.3032
DIAMONDS EIGHT HEARTS JACK,0.6572,0.0072,0.3356
SPADES ACE SPADES THREE,0.3902,0.0048,0.605
CLUBS EIGHT DIAMONDS JACK,0.6492,0.0056,0.3452
HEARTS THREE DIAMONDS FOUR,0.633,0.0106,0.3564
SPADES THREE HEARTS NINE,0.6704,0.0064,0.3232
CLUBS FOUR HEARTS NINE,0.6754,0.008,0.3166
DIAMONDS TWO DIAMONDS QUEEN,0.7228,0.0266,0.2506
CLUBS NINE HEARTS THREE,0.6788,0.0076,0.3136
HEARTS SEVEN SPADES EIGHT,0.633,0.0064,0.3606
HEARTS FOUR DIAMONDS EIGHT,0.6668,0.0082,0.325
SPADES KING SPADES TWO,0.6466,0.065,0.2884
CLUBS EIGHT DIAMONDS EIGHT,0.4662,0.0076,0.5262
CLUBS SIX SPADES TWO,0.667,0.0056,0.3274
SPADES KING DIAMONDS FOUR,0.6984,0.0622,0.2394
SPADES FOUR DIAMONDS NINE,0.679,0.0082,0.3128
CLUBS JACK HEARTS TEN,0.6484,0.0052,0.3464
SPADES JACK HEARTS KING,0.6946,0.0652,0.2402
DIAMONDS THREE SPADES FIVE,0.647,0.0082,0.3448
SPADES ACE SPADES TWO,0.3958,0.0058,0.5984
SPADES THREE HEARTS EIGHT,0.6798,0.006,0.3142
SPADES FOUR DIAMONDS FOUR,0.475,0.0058,0.5192
SPADES EIGHT DIAMONDS FOUR,0.6716,0.0066,0.3218
SPADES JACK SPADES SEVEN,0.6178,0.004,0.3782
SPADES KING CLUBS TWO,0.6928,0.0638,0.2434
HEARTS SIX SPADES EIGHT,0.6358,0.006,0.3582
DIAMONDS TWO CLUBS QUEEN,0.7622,0.026,0.2118
SPADES JACK DIAMONDS FIVE,0.6804,0.0068,0.3128
CLUBS TWO SPADES TWO,0.4784,0.0096,0.512
DIAMONDS QUEEN CLUBS QUEEN,0.3158,0.0122,0.672
CLUBS TWO DIAMONDS SIX,0.6592,0.0078,0.333
DIAMONDS EIGHT CLUBS KING,0.6954,0.0696,0.235
SPADES SEVEN DIAMONDS SEVEN,0.4794,0.006,0.5146
CLUBS NINE SPADES NINE,0.4436,0.0026,0.5538
CLUBS EIGHT CLUBS TWO,0.6342,0.008,0.3578
SPADES TWO HEARTS NINE,0.6858,0.0086,0.3056
HEARTS THREE HEARTS TWO,0.6062,0.0072,0.3866
SPADES KING HEARTS SIX,0.7068,0.061,0.2322
SPADES JACK CLUBS EIGHT,0.6626,0.0044,0.333
HEARTS THREE DIAMONDS EIGHT,0.691,0.0056,0.3034
SPADES TEN DIAMONDS SEVEN,0.6642,0.0056,0.3302
SPADES QUEEN DIAMONDS QUEEN,0.314,0.0112,0.6748
HEARTS JACK DIAMONDS SIX,0.6886,0.0084,0.303
DIAMONDS THREE HEARTS FIVE,0.638,0.0092,0.3528
HEARTS SEVEN SPADES QUEEN,0.7392,0.0256,0.2352
SPADES SEVEN CLUBS QUEEN,0.735,0.025,0.24
CLUBS NINE DIAMONDS NINE,0.4476,0.0056,0.5468
CLUBS FOUR SPADES FIVE,0.6128,0.0066,0.3806
SPADES FOUR CLUBS KING,0.7016,0.058,0.2404
CLUBS JACK CLUBS EIGHT,0.6194,0.0058,0.3748
DIAMONDS JACK HEARTS ACE,0.398,0.0048,0.5972
CLUBS NINE HEARTS TEN,0.6374,0.0084,0.3542
SPADES NINE SPADES THREE,0.619,0.007,0.374
CLUBS SIX DIAMONDS FOUR,0.6338,0.0076,0.3586
SPADES KING DIAMONDS SIX,0.6988,0.0616,0.2396
SPADES FIVE DIAMONDS NINE,0.6598,0.0058,0.3344
HEARTS FIVE CLUBS TWO,0.6448,0.0092,0.346
SPADES FIVE CLUBS KING,0.6844,0.067,0.2486
SPADES THREE HEARTS TEN,0.6966,0.0078,0.2956
DIAMONDS JACK CLUBS QUEEN,0.7352,0.023,0.2418
CLUBS EIGHT CLUBS SIX,0.6032,0.0056,0.3912
SPADES NINE DIAMONDS ACE,0.4308,0.0042,0.565
DIAMONDS TWO HEARTS EIGHT,0.68,0.0078,0.3122
HEARTS THREE CLUBS FOUR,0.6354,0.0072,0.3574
CLUBS EIGHT CLUBS ACE,0.401,0.0026,0.5964
SPADES ACE HEARTS JACK,0.3968,0.0052,0.598
DIAMONDS TWO SPADES FOUR,0.642,0.0098,0.3482
HEARTS ACE HEARTS JACK,0.3768,0.006,0.6172
DIAMONDS ACE CLUBS QUEEN,0.2522,0.0092,0.7386
SPADES KING HEARTS EIGHT,0.699,0.0668,0.2342
HEARTS SIX SPADES NINE,0.6454,0.0054,0.3492
DIAMONDS SIX CLUBS QUEEN,0.7454,0.0288,0.2258
CLUBS EIGHT HEARTS THREE,0.6542,0.007,0.3388
DIAMONDS ACE CLUBS THREE,0.405,0.0046,0.5904
CLUBS KING HEARTS NINE,0.7122,0.0606,0.2272
CLUBS TEN DIAMONDS TEN,0.4286,0.005,0.5664
HEARTS SIX DIAMONDS TWO,0.6594,0.007,0.3336
CLUBS SIX CLUBS THREE,0.612,0.0068,0.3812
CLUBS FIVE DIAMONDS SEVEN,0.6344,0.0066,0.359
SPADES JACK SPADES THREE,0.6422,0.0054,0.3524
DIAMONDS TWO SPADES THREE,0.6538,0.0096,0.3366
CLUBS TWO DIAMONDS TEN,0.692,0.0058,0.3022
HEARTS KING HEARTS TEN,0.6646,0.0618,0.2736
CLUBS FIVE DIAMONDS FOUR,0.621,0.0064,0.3726
HEARTS FOUR HEARTS EIGHT,0.6286,0.0076,0.3638
HEARTS FIVE DIAMONDS JACK,0.6716,0.0096,0.3188
SPADES EIGHT HEARTS JACK,0.6642,0.0096,0.3262
DIAMONDS TWO SPADES QUEEN,0.7618,0.0272,0.211
SPADES ACE CLUBS QUEEN,0.262,0.0104,0.7276
DIAMONDS TWO CLUBS THREE,0.659,0.0086,0.3324
DIAMONDS TWO SPADES JACK,0.6964,0.0078,0.2958
CLUBS JACK DIAMONDS THREE,0.691,0.007,0.302
DIAMONDS EIGHT DIAMONDS SEVEN,0.6206,0.0058,0.3736
CLUBS JACK SPADES TEN,0.6368,0.0046,0.3586
SPADES JACK DIAMONDS TEN,0.6434,0.0096,0.347
CLUBS EIGHT DIAMONDS FIVE,0.6612,0.006,0.3328
DIAMONDS TWO SPADES FIVE,0.6512,0.0076,0.3412
SPADES TEN SPADES FOUR,0.6338,0.0064,0.3598
HEARTS TWO CLUBS FIVE,0.6556,0.0054,0.339
DIAMONDS THREE SPADES EIGHT,0.6782,0.0056,0.3162
SPADES ACE DIAMONDS TEN,0.4128,0.0052,0.582
SPADES FIVE DIAMONDS EIGHT,0.6562,0.0052,0.3386
CLUBS SIX HEARTS TEN,0.664,0.0076,0.3284
SPADES KING CLUBS ACE,0.245,0.01,0.745
DIAMONDS JACK HEARTS TEN,0.6482,0.0088,0.343
SPADES THREE HEARTS KING,0.6832,0.0646,0.2522
CLUBS NINE CLUBS FOUR,0.629,0.007,0.364
CLUBS SIX SPADES FOUR,0.6332,0.005,0.3618
SPADES TEN DIAMONDS JACK,0.656,0.0044,0.3396
DIAMONDS TWO CLUBS NINE,0.6776,0.006,0.3164
CLUBS JACK SPADES QUEEN,0.7242,0.0232,0.2526
DIAMONDS JACK HEARTS NINE,0.662,0.0084,0.3296
CLUBS NINE HEARTS EIGHT,0.6336,0.0064,0.36
SPADES KING DIAMONDS NINE,0.6996,0.0624,0.238
HEARTS ACE CLUBS KING,0.237,0.0122,0.7508
CLUBS SIX DIAMONDS SEVEN,0.6242,0.006,0.3698
SPADES TEN CLUBS FOUR,0.671,0.006,0.323
CLUBS SEVEN HEARTS JACK,0.665,0.0068,0.3282
DIAMONDS ACE DIAMONDS FIVE,0.393,0.0054,0.6016
CLUBS ACE CLUBS QUEEN,0.2406,0.0118,0.7476
HEARTS FOUR CLUBS QUEEN,0.7338,0.0256,0.2406
HEARTS FIVE DIAMONDS SEVEN,0.633,0.006,0.361
CLUBS SEVEN CLUBS SIX,0.5736,0.0044,0.422
CLUBS EIGHT DIAMONDS TEN,0.6442,0.0066,0.3492
DIAMONDS QUEEN CLUBS THREE,0.7518,0.0268,0.2214
CLUBS EIGHT CLUBS FIVE,0.6088,0.0064,0.3848
CLUBS EIGHT HEARTS ACE,0.4178,0.0058,0.5764
HEARTS SEVEN SPADES TWO,0.6608,0.01,0.3292
DIAMONDS TWO HEARTS FOUR,0.659,0.0068,0.3342
SPADES QUEEN CLUBS FOUR,0.7538,0.0262,0.22
CLUBS SIX DIAMONDS NINE,0.6528,0.0054,0.3418
HEARTS FIVE CLUBS FOUR,0.6312,0.0078,0.361
CLUBS THREE CLUBS QUEEN,0.7026,0.027,0.2704
HEARTS FOUR SPADES EIGHT,0.667,0.006,0.327
SPADES EIGHT DIAMONDS NINE,0.6446,0.0068,0.3486
DIAMONDS THREE CLUBS QUEEN,0.7528,0.0298,0.2174
HEARTS SIX SPADES TWO,0.664,0.0078,0.3282
HEARTS FIVE DIAMONDS EIGHT,0.6548,0.0078,0.3374
SPADES JACK DIAMONDS JACK,0.4436,0.0042,0.5522
SPADES JACK SPADES TEN,0.5786,0.0072,0.4142
SPADES SIX DIAMONDS FOUR,0.6488,0.0064,0.3448
HEARTS SEVEN CLUBS EIGHT,0.6368,0.0056,0.3576
DIAMONDS SEVEN HEARTS NINE,0.6454,0.0108,0.3438
HEARTS KING DIAMONDS FOUR,0.6894,0.0712,0.2394
CLUBS SIX CLUBS QUEEN,0.695,0.0258,0.2792
DIAMONDS ACE DIAMONDS QUEEN,0.235,0.0112,0.7538
HEARTS SEVEN CLUBS SIX,0.6342,0.0054,0.3604
DIAMONDS NINE CLUBS KING,0.6982,0.0652,0.2366
CLUBS NINE CLUBS TWO,0.6386,0.0066,0.3548
CLUBS FOUR DIAMONDS JACK,0.6894,0.0076,0.303
HEARTS ACE SPADES THREE,0.4184,0.005,0.5766
CLUBS JACK HEARTS KING,0.6894,0.0596,0.251
CLUBS EIGHT CLUBS THREE,0.63,0.0068,0.3632
HEARTS ACE HEARTS NINE,0.4042,0.005,0.5908
SPADES NINE CLUBS QUEEN,0.7138,0.0266,0.2596
CLUBS FIVE HEARTS EIGHT,0.6492,0.0042,0.3466
SPADES FIVE HEARTS EIGHT,0.6552,0.0066,0.3382
HEARTS SEVEN HEARTS FIVE,0.6032,0.0078,0.389
CLUBS TWO DIAMONDS NINE,0.6802,0.0082,0.3116
SPADES TEN SPADES FIVE,0.6332,0.0062,0.3606
HEARTS ACE CLUBS ACE,0.121,0.0032,0.8758
HEARTS FIVE SPADES TEN,0.6874,0.0058,0.3068
HEARTS TWO DIAMONDS TEN,0.6934,0.0062,0.3004
CLUBS TWO DIAMONDS SEVEN,0.6752,0.007,0.3178
SPADES QUEEN DIAMONDS FOUR,0.7472,0.0256,0.2272
CLUBS TEN CLUBS KING,0.6452,0.0598,0.295
CLUBS SIX CLUBS KING,0.6422,0.0624,0.2954
DIAMONDS ACE DIAMONDS EIGHT,0.3932,0.0056,0.6012
CLUBS JACK SPADES TWO,0.6854,0.01,0.3046
DIAMONDS THREE CLUBS FIVE,0.6378,0.0076,0.3546
CLUBS NINE SPADES TEN,0.6394,0.0056,0.355
HEARTS FIVE DIAMONDS NINE,0.6644,0.009,0.3266
SPADES FOUR CLUBS ACE,0.425,0.0028,0.5722
HEARTS SIX HEARTS TWO,0.6348,0.0086,0.3566
SPADES KING CLUBS FIVE,0.6846,0.0636,0.2518
SPADES KING SPADES FOUR,0.6314,0.064,0.3046
HEARTS SEVEN SPADES KING,0.7048,0.0592,0.236
HEARTS SEVEN SPADES TEN,0.6764,0.007,0.3166
HEARTS KING CLUBS KING,0.091,0.0144,0.8946
CLUBS TEN HEARTS FOUR,0.6828,0.0076,0.3096
SPADES FOUR SPADES THREE,0.5866,0.007,0.4064
SPADES JACK DIAMONDS EIGHT,0.6548,0.0068,0.3384
CLUBS FIVE CLUBS THREE,0.5878,0.0106,0.4016
SPADES JACK SPADES FIVE,0.6372,0.007,0.3558
CLUBS JACK HEARTS THREE,0.6746,0.0084,0.317
CLUBS JACK DIAMONDS JACK,0.4394,0.0044,0.5562
DIAMONDS TEN HEARTS NINE,0.642,0.0066,0.3514
SPADES QUEEN DIAMONDS SIX,0.7368,0.0284,0.2348
HEARTS FOUR CLUBS THREE,0.6326,0.0056,0.3618
HEARTS FOUR SPADES FOUR,0.488,0.0062,0.5058
SPADES THREE CLUBS KING,0.695,0.0616,0.2434
HEARTS FIVE DIAMONDS FIVE,0.4938,0.0068,0.4994
CLUBS JACK HEARTS SIX,0.6776,0.004,0.3184
CLUBS TEN DIAMONDS SEVEN,0.6478,0.0076,0.3446
DIAMONDS THREE CLUBS SIX,0.646,0.0064,0.3476
SPADES SEVEN HEARTS EIGHT,0.6434,0.006,0.3506
CLUBS SEVEN SPADES THREE,0.6468,0.0072,0.346
SPADES TWO DIAMONDS SIX,0.6592,0.0066,0.3342
HEARTS THREE CLUBS FIVE,0.631,0.0066,0.3624
HEARTS TEN DIAMONDS FOUR,0.6876,0.0076,0.3048
DIAMONDS TEN DIAMONDS SIX,0.6372,0.007,0.3558
CLUBS FOUR SPADES TWO,0.6388,0.0074,0.3538
CLUBS FIVE CLUBS KING,0.6462,0.0612,0.2926
DIAMONDS QUEEN DIAMONDS FOUR,0.7136,0.0252,0.2612
CLUBS FOUR HEARTS EIGHT,0.6574,0.006,0.3366
HEARTS THREE HEARTS EIGHT,0.6412,0.005,0.3538
SPADES NINE CLUBS FIVE,0.641,0.008,0.351
HEARTS FOUR SPADES SIX,0.6348,0.0074,0.3578
HEARTS THREE SPADES SIX,0.6452,0.0074,0.3474
HEARTS SIX CLUBS KING,0.7012,0.0614,0.2374
CLUBS TWO HEARTS EIGHT,0.6774,0.0052,0.3174
CLUBS FIVE DIAMONDS ACE,0.403,0.0038,0.5932
HEARTS FIVE HEARTS KING,0.6664,0.0628,0.2708
SPADES TEN DIAMONDS FIVE,0.6752,0.006,0.3188
DIAMONDS TEN CLUBS KING,0.6996,0.0578,0.2426
HEARTS KING HEARTS NINE,0.6768,0.0562,0.267
CLUBS FIVE DIAMONDS QUEEN,0.739,0.0286,0.2324
SPADES TWO CLUBS KING,0.6918,0.0666,0.2416
SPADES ACE DIAMONDS TWO,0.4248,0.0044,0.5708
SPADES QUEEN CLUBS THREE,0.7418,0.0256,0.2326
SPADES TEN CLUBS TWO,0.679,0.0088,0.3122
CLUBS EIGHT DIAMONDS ACE,0.4248,0.0056,0.5696
DIAMONDS SEVEN CLUBS ACE,0.4366,0.0028,0.5606
HEARTS SIX CLUBS EIGHT,0.643,0.006,0.351
SPADES KING HEARTS TWO,0.7098,0.0604,0.2298
CLUBS TEN SPADES JACK,0.643,0.0062,0.3508
DIAMONDS TWO SPADES NINE,0.6768,0.007,0.3162
CLUBS EIGHT DIAMONDS FOUR,0.6624,0.01,0.3276
HEARTS TWO DIAMONDS ACE,0.4078,0.007,0.5852
HEARTS SEVEN SPADES FOUR,0.6494,0.0074,0.3432
DIAMONDS QUEEN HEARTS ACE,0.2474,0.0134,0.7392
SPADES QUEEN DIAMONDS NINE,0.7326,0.0244,0.243
DIAMONDS TWO CLUBS EIGHT,0.6668,0.0072,0.326
HEARTS FOUR CLUBS SIX,0.641,0.007,0.352
SPADES TEN HEARTS NINE,0.629,0.0084,0.3626
SPADES EIGHT HEARTS EIGHT,0.4752,0.0064,0.5184
DIAMONDS THREE CLUBS ACE,0.4164,0.0052,0.5784
DIAMONDS SEVEN CLUBS QUEEN,0.7414,0.0308,0.2278
SPADES SIX CLUBS TWO,0.6512,0.0078,0.341
SPADES NINE CLUBS ACE,0.417,0.0024,0.5806
SPADES FIVE DIAMONDS SEVEN,0.6452,0.0078,0.347
DIAMONDS EIGHT HEARTS EIGHT,0.467,0.0052,0.5278
SPADES KING DIAMONDS EIGHT,0.7016,0.0624,0.236
HEARTS SIX DIAMONDS NINE,0.6584,0.0044,0.3372
CLUBS THREE SPADES TWO,0.6446,0.0088,0.3466
HEARTS JACK HEARTS NINE,0.6246,0.0086,0.3668
HEARTS FOUR DIAMONDS JACK,0.6904,0.0082,0.3014
CLUBS TEN HEARTS THREE,0.6764,0.0078,0.3158
HEARTS FIVE HEARTS NINE,0.6238,0.006,0.3702
DIAMONDS ACE HEARTS JACK,0.4034,0.0048,0.5918
CLUBS SIX DIAMONDS EIGHT,0.6318,0.0074,0.3608
CLUBS SIX CLUBS TWO,0.6166,0.0054,0.378
SPADES FIVE CLUBS QUEEN,0.7284,0.0326,0.239
SPADES EIGHT DIAMONDS ACE,0.4194,0.0044,0.5762
CLUBS TWO SPADES THREE,0.6406,0.0068,0.3526
SPADES SIX HEARTS NINE,0.642,0.009,0.349
HEARTS TWO CLUBS TWO,0.4708,0.0092,0.52
CLUBS THREE DIAMONDS JACK,0.6986,0.0066,0.2948
HEARTS FOUR HEARTS JACK,0.6506,0.0088,0.3406
HEARTS SEVEN SPADES THREE,0.6678,0.0056,0.3266
CLUBS TEN HEARTS TWO,0.685,0.005,0.31
SPADES EIGHT CLUBS QUEEN,0.7354,0.0252,0.2394
CLUBS EIGHT DIAMONDS NINE,0.642,0.0046,0.3534
SPADES EIGHT DIAMONDS TEN,0.643,0.0052,0.3518
HEARTS FOUR HEARTS ACE,0.3986,0.0056,0.5958
DIAMONDS TEN DIAMONDS SEVEN,0.6272,0.006,0.3668
CLUBS THREE CLUBS KING,0.6594,0.061,0.2796
SPADES SEVEN SPADES THREE,0.6178,0.0078,0.3744
DIAMONDS ACE DIAMONDS SIX,0.3848,0.0042,0.611
SPADES THREE DIAMONDS EIGHT,0.6808,0.0062,0.313
CLUBS NINE HEARTS NINE,0.446,0.0056,0.5484
SPADES TEN HEARTS EIGHT,0.6466,0.0066,0.3468
