opposingHand,winningChance,drawChance,lostChance
DIAMONDS JACK HEARTS ACE
HEARTS FIVE SPADES TEN,0.6806,0.0058,0.3136
HEARTS FIVE SPADES JACK,0.751,0.0246,0.2244
CLUBS JACK SPADES FIVE,0.7522,0.0188,0.229
CLUBS TEN SPADES FIVE,0.674,0.0024,0.3236
CLUBS JACK CLUBS EIGHT,0.6868,0.016,0.2972
CLUBS TEN CLUBS EIGHT,0.5968,0.0022,0.401
CLUBS EIGHT CLUBS KING,0.6018,0.0042,0.394
SPADES FIVE CLUBS ACE,0.6466,0.0852,0.2682
CLUBS EIGHT CLUBS QUEEN,0.5888,0.0034,0.4078
SPADES FIVE CLUBS KING,0.6406,0.0044,0.355
SPADES FIVE CLUBS QUEEN,0.6426,0.0022,0.3552
CLUBS EIGHT CLUBS ACE,0.6298,0.0798,0.2904
DIAMONDS TWO DIAMONDS THREE,0.6232,0.0046,0.3722
DIAMONDS TWO DIAMONDS FIVE,0.6122,0.0034,0.3844
HEARTS FIVE SPADES KING,0.6382,0.004,0.3578
DIAMONDS TWO DIAMONDS FOUR,0.6216,0.0064,0.372
HEARTS FIVE SPADES QUEEN,0.6472,0.0062,0.3466
DIAMONDS TWO DIAMONDS SEVEN,0.6576,0.0044,0.338
DIAMONDS TWO DIAMONDS SIX,0.6456,0.004,0.3504
SPADES ACE HEARTS FIVE,0.6526,0.0914,0.256
DIAMONDS TWO DIAMONDS NINE,0.6362,0.0058,0.358
DIAMONDS TWO DIAMONDS EIGHT,0.6516,0.0056,0.3428
DIAMONDS THREE DIAMONDS FOUR,0.6086,0.0044,0.387
CLUBS TWO SPADES FOUR,0.6478,0.0044,0.3478
DIAMONDS THREE DIAMONDS FIVE,0.6132,0.0048,0.382
CLUBS TWO SPADES FIVE,0.652,0.0024,0.3456
CLUBS TWO SPADES TWO,0.4816,0.0048,0.5136
CLUBS TWO SPADES THREE,0.6372,0.0038,0.359
DIAMONDS THREE DIAMONDS EIGHT,0.6454,0.0048,0.3498
SPADES EIGHT CLUBS TWO,0.6708,0.0048,0.3244
DIAMONDS THREE DIAMONDS NINE,0.6292,0.0048,0.366
SPADES NINE CLUBS TWO,0.6754,0.003,0.3216
DIAMONDS THREE DIAMONDS SIX,0.6184,0.0056,0.376
SPADES SIX CLUBS TWO,0.6596,0.005,0.3354
DIAMONDS THREE DIAMONDS SEVEN,0.6446,0.0068,0.3486
SPADES SEVEN CLUBS TWO,0.6714,0.0038,0.3248
CLUBS SIX CLUBS TWO,0.6154,0.0042,0.3804
CLUBS SEVEN CLUBS TWO,0.6278,0.0046,0.3676
CLUBS FOUR CLUBS TWO,0.6088,0.0038,0.3874
CLUBS FIVE CLUBS TWO,0.6016,0.0036,0.3948
CLUBS TEN CLUBS JACK,0.6614,0.018,0.3206
DIAMONDS FOUR DIAMONDS SIX,0.6084,0.0062,0.3854
CLUBS TEN CLUBS QUEEN,0.567,0.0048,0.4282
DIAMONDS FOUR DIAMONDS SEVEN,0.6192,0.0048,0.376
CLUBS TEN CLUBS KING,0.5924,0.005,0.4026
CLUBS TEN CLUBS ACE,0.6464,0.0828,0.2708
CLUBS EIGHT CLUBS TWO,0.6238,0.004,0.3722
DIAMONDS FIVE DIAMONDS FOUR,0.6076,0.0038,0.3886
CLUBS NINE CLUBS TWO,0.6422,0.0042,0.3536
DIAMONDS NINE DIAMONDS FOUR,0.6398,0.0054,0.3548
DIAMONDS EIGHT DIAMONDS FOUR,0.6386,0.0028,0.3586
CLUBS TWO CLUBS THREE,0.6176,0.006,0.3764
DIAMONDS NINE DIAMONDS FIVE,0.6398,0.0052,0.355
CLUBS JACK DIAMONDS TWO,0.7552,0.0248,0.22
DIAMONDS EIGHT DIAMONDS FIVE,0.6092,0.0064,0.3844
CLUBS TEN DIAMONDS TWO,0.6966,0.005,0.2984
DIAMONDS FIVE DIAMONDS SEVEN,0.613,0.0044,0.3826
DIAMONDS FIVE DIAMONDS SIX,0.5962,0.0062,0.3976
DIAMONDS TWO CLUBS ACE,0.6638,0.0822,0.254
DIAMONDS TWO CLUBS KING,0.6574,0.0052,0.3374
DIAMONDS TWO CLUBS QUEEN,0.6578,0.0048,0.3374
DIAMONDS EIGHT DIAMONDS SIX,0.6128,0.006,0.3812
DIAMONDS NINE DIAMONDS SIX,0.6336,0.0054,0.361
SPADES THREE HEARTS KING,0.6552,0.0046,0.3402
DIAMONDS SEVEN DIAMONDS SIX,0.607,0.006,0.387
HEARTS QUEEN SPADES THREE,0.6516,0.0032,0.3452
SPADES THREE HEARTS JACK,0.7618,0.021,0.2172
SPADES THREE HEARTS TEN,0.684,0.0034,0.3126
DIAMONDS EIGHT DIAMONDS SEVEN,0.5942,0.0038,0.402
DIAMONDS NINE DIAMONDS SEVEN,0.6278,0.0046,0.3676
DIAMONDS NINE DIAMONDS EIGHT,0.6012,0.0046,0.3942
DIAMONDS KING HEARTS TEN,0.6282,0.006,0.3658
HEARTS THREE HEARTS TEN,0.6436,0.0036,0.3528
SPADES JACK CLUBS SIX,0.7436,0.0194,0.237
DIAMONDS KING HEARTS JACK,0.7378,0.0176,0.2446
HEARTS THREE HEARTS JACK,0.7292,0.0222,0.2486
SPADES TEN CLUBS SIX,0.6706,0.0036,0.3258
SPADES JACK SPADES FIVE,0.695,0.0186,0.2864
SPADES TEN SPADES FIVE,0.6172,0.0044,0.3784
SPADES ACE CLUBS SIX,0.6658,0.0846,0.2496
DIAMONDS KING HEARTS QUEEN,0.6008,0.0062,0.393
HEARTS THREE HEARTS QUEEN,0.6134,0.0054,0.3812
SPADES KING CLUBS SIX,0.642,0.0026,0.3554
DIAMONDS KING HEARTS KING,0.2712,0.0066,0.7222
HEARTS THREE HEARTS KING,0.6268,0.005,0.3682
SPADES QUEEN CLUBS SIX,0.6548,0.0046,0.3406
SPADES NINE HEARTS TEN,0.638,0.0046,0.3574
SPADES NINE HEARTS JACK,0.7422,0.0142,0.2436
SPADES QUEEN SPADES FIVE,0.5964,0.0052,0.3984
SPADES KING SPADES FIVE,0.6026,0.0048,0.3926
SPADES ACE SPADES FIVE,0.6082,0.0904,0.3014
SPADES NINE HEARTS QUEEN,0.6378,0.0042,0.358
SPADES NINE HEARTS KING,0.636,0.0032,0.3608
CLUBS TEN SPADES JACK,0.7108,0.0164,0.2728
CLUBS TEN SPADES TEN,0.4416,0.0038,0.5546
SPADES ACE CLUBS TEN,0.6854,0.08,0.2346
CLUBS TEN SPADES KING,0.6302,0.0042,0.3656
CLUBS TEN SPADES QUEEN,0.6154,0.0048,0.3798
SPADES FIVE HEARTS QUEEN,0.6534,0.0028,0.3438
SPADES FIVE HEARTS KING,0.6444,0.0046,0.351
CLUBS EIGHT SPADES TEN,0.6514,0.0034,0.3452
SPADES JACK HEARTS THREE,0.7652,0.0178,0.217
SPADES JACK DIAMONDS KING,0.7362,0.0182,0.2456
SPADES TEN DIAMONDS KING,0.636,0.0038,0.3602
SPADES TEN HEARTS THREE,0.6898,0.0046,0.3056
CLUBS EIGHT SPADES JACK,0.7316,0.0154,0.253
SPADES ACE CLUBS EIGHT,0.6718,0.0882,0.24
HEARTS FIVE CLUBS JACK,0.737,0.0246,0.2384
CLUBS TEN HEARTS FIVE,0.676,0.0042,0.3198
CLUBS SIX HEARTS QUEEN,0.6552,0.005,0.3398
SPADES QUEEN CLUBS EIGHT,0.64,0.0042,0.3558
CLUBS TEN SPADES THREE,0.6858,0.005,0.3092
CLUBS SIX HEARTS KING,0.6544,0.0052,0.3404
SPADES KING CLUBS EIGHT,0.646,0.0032,0.3508
CLUBS JACK SPADES THREE,0.7554,0.0206,0.224
DIAMONDS TWO HEARTS JACK,0.7734,0.0234,0.2032
SPADES THREE CLUBS QUEEN,0.6556,0.0048,0.3396
DIAMONDS TWO HEARTS TEN,0.695,0.0032,0.3018
SPADES THREE CLUBS KING,0.6508,0.0036,0.3456
HEARTS FIVE CLUBS ACE,0.6554,0.0884,0.2562
SPADES FIVE HEARTS TEN,0.6838,0.0036,0.3126
SPADES THREE CLUBS ACE,0.6642,0.0896,0.2462
HEARTS FIVE CLUBS KING,0.6442,0.0036,0.3522
SPADES FIVE HEARTS JACK,0.7568,0.0222,0.221
HEARTS FIVE CLUBS QUEEN,0.6436,0.0054,0.351
HEARTS THREE CLUBS KING,0.6562,0.0048,0.339
DIAMONDS KING CLUBS KING,0.2842,0.0028,0.713
HEARTS THREE CLUBS QUEEN,0.6558,0.0034,0.3408
DIAMONDS KING CLUBS QUEEN,0.5904,0.0032,0.4064
HEARTS FIVE HEARTS JACK,0.7186,0.0204,0.261
HEARTS FIVE HEARTS TEN,0.6378,0.005,0.3572
HEARTS THREE CLUBS ACE,0.6684,0.0944,0.2372
DIAMONDS KING CLUBS ACE,0.244,0.0422,0.7138
SPADES ACE CLUBS QUEEN,0.2382,0.0614,0.7004
SPADES KING CLUBS QUEEN,0.5918,0.0032,0.405
CLUBS JACK HEARTS THREE,0.7566,0.0244,0.219
CLUBS JACK DIAMONDS KING,0.7176,0.0162,0.2662
SPADES QUEEN CLUBS QUEEN,0.2942,0.0022,0.7036
CLUBS TEN HEARTS THREE,0.6818,0.0068,0.3114
CLUBS TEN DIAMONDS KING,0.6092,0.004,0.3868
SPADES JACK CLUBS QUEEN,0.7286,0.014,0.2574
CLUBS SIX CLUBS QUEEN,0.6118,0.0046,0.3836
SPADES TEN CLUBS QUEEN,0.6204,0.004,0.3756
CLUBS SIX CLUBS KING,0.5968,0.0042,0.399
CLUBS SIX CLUBS ACE,0.635,0.083,0.282
HEARTS FIVE HEARTS KING,0.615,0.006,0.379
HEARTS FIVE HEARTS QUEEN,0.6162,0.006,0.3778
CLUBS TEN CLUBS SIX,0.6318,0.0046,0.3636
CLUBS JACK CLUBS SIX,0.7096,0.0192,0.2712
SPADES SEVEN HEARTS JACK,0.7408,0.0232,0.236
SPADES SEVEN HEARTS TEN,0.6632,0.0046,0.3322
DIAMONDS TWO CLUBS TWO,0.479,0.0066,0.5144
DIAMONDS TWO CLUBS THREE,0.659,0.005,0.336
DIAMONDS TWO HEARTS SIX,0.6744,0.0064,0.3192
DIAMONDS TWO HEARTS QUEEN,0.658,0.006,0.336
HEARTS SEVEN DIAMONDS TWO,0.6876,0.0048,0.3076
DIAMONDS TWO HEARTS KING,0.6624,0.0044,0.3332
DIAMONDS TWO HEARTS EIGHT,0.6866,0.005,0.3084
DIAMONDS TWO HEARTS NINE,0.6836,0.0046,0.3118
DIAMONDS TWO DIAMONDS QUEEN,0.6118,0.0056,0.3826
DIAMONDS TWO HEARTS TWO,0.4896,0.0088,0.5016
DIAMONDS TWO DIAMONDS KING,0.6166,0.005,0.3784
DIAMONDS TWO HEARTS THREE,0.6724,0.0056,0.322
DIAMONDS TWO DIAMONDS ACE,0.6404,0.0844,0.2752
HEARTS FOUR DIAMONDS TWO,0.6508,0.0046,0.3446
HEARTS FIVE DIAMONDS TWO,0.6502,0.0062,0.3436
DIAMONDS TWO DIAMONDS TEN,0.6582,0.0036,0.3382
SPADES SEVEN HEARTS KING,0.6382,0.0044,0.3574
SPADES SEVEN HEARTS QUEEN,0.6456,0.0036,0.3508
DIAMONDS TWO SPADES NINE,0.6776,0.0054,0.317
DIAMONDS TWO SPADES EIGHT,0.6824,0.005,0.3126
DIAMONDS TWO SPADES SEVEN,0.6834,0.005,0.3116
DIAMONDS TWO SPADES SIX,0.676,0.003,0.321
DIAMONDS TWO SPADES FIVE,0.647,0.0062,0.3468
DIAMONDS TWO SPADES FOUR,0.6524,0.004,0.3436
DIAMONDS TWO SPADES THREE,0.6652,0.005,0.3298
DIAMONDS TWO SPADES TWO,0.4798,0.0054,0.5148
DIAMONDS TWO CLUBS NINE,0.677,0.004,0.319
CLUBS EIGHT DIAMONDS TWO,0.6774,0.0046,0.318
DIAMONDS TWO CLUBS SEVEN,0.6766,0.006,0.3174
DIAMONDS TWO CLUBS SIX,0.672,0.005,0.323
DIAMONDS TWO CLUBS FIVE,0.6586,0.0032,0.3382
DIAMONDS TWO CLUBS FOUR,0.6592,0.0046,0.3362
CLUBS FOUR SPADES FIVE,0.627,0.0034,0.3696
CLUBS FOUR SPADES FOUR,0.4676,0.0046,0.5278
CLUBS FOUR SPADES THREE,0.6322,0.0052,0.3626
CLUBS FOUR SPADES TWO,0.6506,0.0044,0.345
SPADES NINE CLUBS FOUR,0.669,0.0022,0.3288
SPADES EIGHT CLUBS FOUR,0.6472,0.0038,0.349
CLUBS FOUR SPADES SEVEN,0.6488,0.003,0.3482
CLUBS FOUR SPADES SIX,0.644,0.0036,0.3524
SPADES ACE DIAMONDS SIX,0.6912,0.077,0.2318
SPADES QUEEN DIAMONDS SIX,0.6508,0.0044,0.3448
SPADES KING DIAMONDS SIX,0.6534,0.004,0.3426
SPADES TEN DIAMONDS SIX,0.673,0.0022,0.3248
SPADES JACK DIAMONDS SIX,0.766,0.0204,0.2136
SPADES QUEEN SPADES TWO,0.6038,0.004,0.3922
SPADES KING SPADES TWO,0.6082,0.004,0.3878
SPADES ACE SPADES TWO,0.6244,0.0868,0.2888
DIAMONDS THREE DIAMONDS TEN,0.6442,0.0054,0.3504
DIAMONDS THREE DIAMONDS KING,0.6128,0.005,0.3822
DIAMONDS THREE HEARTS THREE,0.4904,0.006,0.5036
DIAMONDS THREE DIAMONDS QUEEN,0.6124,0.0046,0.383
DIAMONDS THREE HEARTS TWO,0.6748,0.0054,0.3198
HEARTS FIVE DIAMONDS THREE,0.6314,0.0048,0.3638
DIAMONDS THREE DIAMONDS ACE,0.6336,0.0822,0.2842
HEARTS FOUR DIAMONDS THREE,0.6502,0.0052,0.3446
HEARTS SEVEN DIAMONDS THREE,0.673,0.0048,0.3222
SPADES TEN SPADES NINE,0.5974,0.0044,0.3982
HEARTS SIX DIAMONDS THREE,0.665,0.0048,0.3302
SPADES JACK SPADES NINE,0.6848,0.0164,0.2988
DIAMONDS THREE HEARTS NINE,0.6982,0.006,0.2958
HEARTS JACK DIAMONDS FOUR,0.7556,0.022,0.2224
SPADES TEN SPADES TWO,0.6282,0.004,0.3678
DIAMONDS THREE HEARTS EIGHT,0.684,0.005,0.311
HEARTS TEN DIAMONDS FOUR,0.6792,0.0072,0.3136
SPADES JACK SPADES TWO,0.7198,0.0184,0.2618
HEARTS QUEEN DIAMONDS FOUR,0.649,0.005,0.346
HEARTS KING DIAMONDS FOUR,0.66,0.0072,0.3328
SPADES ACE SPADES NINE,0.6366,0.084,0.2794
SPADES KING SPADES NINE,0.5904,0.004,0.4056
SPADES QUEEN SPADES NINE,0.5776,0.005,0.4174
DIAMONDS THREE SPADES NINE,0.6824,0.0058,0.3118
DIAMONDS THREE SPADES EIGHT,0.6822,0.0034,0.3144
DIAMONDS THREE SPADES SEVEN,0.6564,0.0048,0.3388
DIAMONDS THREE SPADES SIX,0.655,0.0048,0.3402
DIAMONDS THREE CLUBS SIX,0.6632,0.003,0.3338
CLUBS SIX CLUBS FIVE,0.574,0.0054,0.4206
CLUBS ACE DIAMONDS FOUR,0.666,0.0906,0.2434
DIAMONDS THREE CLUBS SEVEN,0.6718,0.004,0.3242
CLUBS SEVEN CLUBS FIVE,0.5816,0.0036,0.4148
DIAMONDS THREE CLUBS FOUR,0.6388,0.0066,0.3546
DIAMONDS FOUR CLUBS QUEEN,0.6496,0.0032,0.3472
DIAMONDS THREE CLUBS FIVE,0.6508,0.005,0.3442
DIAMONDS FOUR CLUBS KING,0.6492,0.0034,0.3474
DIAMONDS THREE CLUBS TWO,0.6546,0.0066,0.3388
CLUBS TEN DIAMONDS FOUR,0.675,0.0034,0.3216
DIAMONDS THREE CLUBS THREE,0.4756,0.0068,0.5176
CLUBS JACK DIAMONDS FOUR,0.7594,0.0186,0.222
DIAMONDS THREE SPADES FOUR,0.6366,0.0054,0.358
DIAMONDS THREE SPADES FIVE,0.6244,0.0052,0.3704
DIAMONDS THREE SPADES TWO,0.6558,0.0038,0.3404
DIAMONDS THREE SPADES THREE,0.4744,0.005,0.5206
CLUBS EIGHT DIAMONDS THREE,0.6774,0.0056,0.317
CLUBS NINE DIAMONDS THREE,0.6852,0.0038,0.311
SPADES SEVEN CLUBS ACE,0.666,0.0862,0.2478
SPADES SEVEN CLUBS QUEEN,0.6538,0.0038,0.3424
SPADES SEVEN CLUBS KING,0.6482,0.0024,0.3494
SPADES SEVEN CLUBS FIVE,0.63,0.0022,0.3678
CLUBS TEN SPADES SEVEN,0.6544,0.0024,0.3432
CLUBS FIVE SPADES SIX,0.6296,0.0044,0.366
CLUBS JACK SPADES SEVEN,0.7316,0.0178,0.2506
SPADES NINE CLUBS FIVE,0.6418,0.0032,0.355
SPADES EIGHT CLUBS FIVE,0.6384,0.0044,0.3572
CLUBS FIVE SPADES THREE,0.6446,0.0032,0.3522
CLUBS FIVE SPADES TWO,0.6446,0.005,0.3504
CLUBS FIVE SPADES FIVE,0.466,0.0034,0.5306
CLUBS FIVE SPADES FOUR,0.6088,0.005,0.3862
CLUBS NINE CLUBS FIVE,0.616,0.0024,0.3816
CLUBS EIGHT CLUBS FIVE,0.62,0.0028,0.3772
CLUBS ACE CLUBS QUEEN,0.2226,0.0546,0.7228
CLUBS KING CLUBS QUEEN,0.5632,0.0036,0.4332
DIAMONDS TEN DIAMONDS FOUR,0.6428,0.0042,0.353
CLUBS TEN DIAMONDS NINE,0.6396,0.003,0.3574
CLUBS JACK DIAMONDS NINE,0.7302,0.0228,0.247
CLUBS JACK SPADES NINE,0.7348,0.02,0.2452
CLUBS TEN SPADES NINE,0.6322,0.0026,0.3652
DIAMONDS ACE DIAMONDS FOUR,0.6336,0.0876,0.2788
HEARTS FOUR DIAMONDS FOUR,0.4838,0.0062,0.51
SPADES NINE CLUBS KING,0.6378,0.0034,0.3588
DIAMONDS TWO SPADES TEN,0.684,0.0038,0.3122
DIAMONDS NINE CLUBS ACE,0.6846,0.088,0.2274
HEARTS FIVE DIAMONDS FOUR,0.6366,0.0056,0.3578
SPADES NINE CLUBS QUEEN,0.6264,0.0028,0.3708
DIAMONDS TWO SPADES JACK,0.766,0.0178,0.2162
DIAMONDS QUEEN DIAMONDS FOUR,0.6268,0.0036,0.3696
HEARTS TWO DIAMONDS FOUR,0.6638,0.0044,0.3318
DIAMONDS NINE CLUBS QUEEN,0.6168,0.0028,0.3804
DIAMONDS KING DIAMONDS FOUR,0.6184,0.0044,0.3772
HEARTS THREE DIAMONDS FOUR,0.638,0.0068,0.3552
SPADES NINE CLUBS ACE,0.6726,0.089,0.2384
DIAMONDS NINE CLUBS KING,0.6376,0.005,0.3574
SPADES ACE DIAMONDS TWO,0.6646,0.086,0.2494
SPADES QUEEN DIAMONDS TWO,0.6456,0.0046,0.3498
SPADES KING DIAMONDS TWO,0.6568,0.0054,0.3378
SPADES JACK SPADES SEVEN,0.6784,0.0176,0.304
SPADES TEN SPADES SEVEN,0.6024,0.005,0.3926
CLUBS SEVEN CLUBS THREE,0.6246,0.003,0.3724
CLUBS SIX CLUBS THREE,0.5964,0.005,0.3986
CLUBS FIVE CLUBS THREE,0.5858,0.0044,0.4098
CLUBS FOUR CLUBS THREE,0.5882,0.0016,0.4102
CLUBS NINE CLUBS THREE,0.6404,0.0048,0.3548
CLUBS EIGHT CLUBS THREE,0.6378,0.0038,0.3584
SPADES FIVE CLUBS THREE,0.6376,0.0048,0.3576
CLUBS THREE SPADES FOUR,0.6398,0.006,0.3542
CLUBS THREE SPADES THREE,0.4812,0.0032,0.5156
CLUBS THREE SPADES TWO,0.65,0.0066,0.3434
SPADES SIX CLUBS THREE,0.6434,0.006,0.3506
SPADES SEVEN CLUBS THREE,0.655,0.0042,0.3408
SPADES EIGHT CLUBS THREE,0.679,0.0036,0.3174
SPADES NINE CLUBS THREE,0.672,0.0032,0.3248
SPADES TWO DIAMONDS FOUR,0.6472,0.006,0.3468
SPADES THREE DIAMONDS FOUR,0.6416,0.0048,0.3536
SPADES FOUR DIAMONDS FOUR,0.48,0.005,0.515
SPADES FIVE DIAMONDS FOUR,0.6118,0.0034,0.3848
SPADES SIX DIAMONDS FOUR,0.6464,0.0046,0.349
SPADES SEVEN DIAMONDS FOUR,0.655,0.0038,0.3412
SPADES EIGHT DIAMONDS FOUR,0.6714,0.0036,0.325
SPADES NINE DIAMONDS FOUR,0.6726,0.0048,0.3226
CLUBS FIVE DIAMONDS FOUR,0.6274,0.0054,0.3672
CLUBS FOUR DIAMONDS FOUR,0.4776,0.005,0.5174
CLUBS SEVEN DIAMONDS FOUR,0.6534,0.0038,0.3428
CLUBS SIX DIAMONDS FOUR,0.6436,0.0034,0.353
CLUBS NINE DIAMONDS FOUR,0.6758,0.004,0.3202
CLUBS EIGHT DIAMONDS FOUR,0.6664,0.0054,0.3282
HEARTS SEVEN DIAMONDS FOUR,0.6428,0.0036,0.3536
HEARTS SIX DIAMONDS FOUR,0.6546,0.0052,0.3402
DIAMONDS FOUR HEARTS NINE,0.6826,0.0038,0.3136
DIAMONDS FOUR HEARTS EIGHT,0.6804,0.005,0.3146
CLUBS THREE DIAMONDS FOUR,0.6316,0.0058,0.3626
CLUBS TWO DIAMONDS FOUR,0.6492,0.0054,0.3454
DIAMONDS TEN DIAMONDS FIVE,0.646,0.0054,0.3486
DIAMONDS NINE HEARTS QUEEN,0.6242,0.0062,0.3696
DIAMONDS NINE HEARTS KING,0.6488,0.0056,0.3456
DIAMONDS NINE HEARTS TEN,0.6408,0.0034,0.3558
DIAMONDS NINE HEARTS JACK,0.7436,0.0194,0.237
CLUBS KING DIAMONDS SIX,0.6616,0.004,0.3344
CLUBS QUEEN DIAMONDS SIX,0.6436,0.0034,0.353
CLUBS ACE DIAMONDS SIX,0.68,0.0834,0.2366
SPADES KING DIAMONDS FOUR,0.6558,0.0052,0.339
SPADES ACE SPADES SEVEN,0.6386,0.0794,0.282
SPADES QUEEN DIAMONDS FOUR,0.6504,0.0044,0.3452
SPADES QUEEN SPADES SEVEN,0.599,0.0036,0.3974
CLUBS JACK DIAMONDS SIX,0.7532,0.021,0.2258
SPADES KING SPADES SEVEN,0.5964,0.0032,0.4004
SPADES ACE DIAMONDS FOUR,0.6574,0.0918,0.2508
CLUBS TEN DIAMONDS SIX,0.6728,0.0032,0.324
CLUBS NINE CLUBS FOUR,0.616,0.0052,0.3788
CLUBS EIGHT CLUBS FOUR,0.6134,0.004,0.3826
SPADES JACK DIAMONDS FOUR,0.7452,0.0234,0.2314
SPADES TEN DIAMONDS FOUR,0.6696,0.005,0.3254
CLUBS FOUR CLUBS FIVE,0.5694,0.005,0.4256
CLUBS SEVEN CLUBS FOUR,0.6022,0.0044,0.3934
CLUBS SIX CLUBS FOUR,0.5892,0.0052,0.4056
CLUBS SEVEN SPADES EIGHT,0.6152,0.0028,0.382
SPADES NINE CLUBS SEVEN,0.6306,0.0042,0.3652
CLUBS SEVEN SPADES SIX,0.6348,0.0024,0.3628
CLUBS SEVEN SPADES SEVEN,0.4572,0.0042,0.5386
CLUBS SEVEN SPADES FIVE,0.621,0.0014,0.3776
CLUBS SEVEN SPADES FOUR,0.6484,0.0042,0.3474
CLUBS SEVEN SPADES THREE,0.6582,0.004,0.3378
CLUBS SEVEN SPADES TWO,0.6668,0.0054,0.3278
CLUBS NINE CLUBS SEVEN,0.5848,0.0022,0.413
CLUBS EIGHT CLUBS SEVEN,0.5876,0.0046,0.4078
HEARTS SIX DIAMONDS FIVE,0.6318,0.0046,0.3636
HEARTS SEVEN DIAMONDS FIVE,0.6512,0.0066,0.3422
DIAMONDS FIVE HEARTS EIGHT,0.649,0.0076,0.3434
DIAMONDS FIVE HEARTS NINE,0.6724,0.0056,0.322
DIAMONDS QUEEN DIAMONDS FIVE,0.6156,0.0052,0.3792
HEARTS TWO DIAMONDS FIVE,0.658,0.0064,0.3356
HEARTS KING HEARTS EIGHT,0.6136,0.0034,0.383
DIAMONDS KING DIAMONDS FIVE,0.615,0.007,0.378
HEARTS THREE DIAMONDS FIVE,0.6428,0.0038,0.3534
HEARTS QUEEN HEARTS EIGHT,0.6188,0.0054,0.3758
DIAMONDS ACE DIAMONDS FIVE,0.6212,0.094,0.2848
HEARTS FOUR DIAMONDS FIVE,0.6326,0.0064,0.361
HEARTS FIVE DIAMONDS FIVE,0.468,0.0046,0.5274
CLUBS FOUR DIAMONDS FIVE,0.6112,0.0038,0.385
CLUBS FIVE DIAMONDS FIVE,0.4648,0.0052,0.53
CLUBS SIX DIAMONDS FIVE,0.6158,0.0038,0.3804
CLUBS SEVEN DIAMONDS FIVE,0.6438,0.0058,0.3504
CLUBS TWO DIAMONDS FIVE,0.647,0.0056,0.3474
CLUBS THREE DIAMONDS FIVE,0.6276,0.0074,0.365
SPADES THREE DIAMONDS FIVE,0.6522,0.004,0.3438
SPADES TWO DIAMONDS FIVE,0.658,0.0044,0.3376
SPADES JACK DIAMONDS EIGHT,0.7214,0.0212,0.2574
SPADES FIVE DIAMONDS FIVE,0.4752,0.0038,0.521
CLUBS TEN HEARTS JACK,0.713,0.0174,0.2696
SPADES TEN DIAMONDS EIGHT,0.6574,0.003,0.3396
SPADES FOUR DIAMONDS FIVE,0.6304,0.0044,0.3652
CLUBS JACK HEARTS JACK,0.3178,0.0148,0.6674
HEARTS JACK CLUBS QUEEN,0.72,0.012,0.268
CLUBS NINE DIAMONDS FIVE,0.6784,0.0042,0.3174
CLUBS EIGHT DIAMONDS FIVE,0.6484,0.0046,0.347
HEARTS JACK CLUBS KING,0.7326,0.0148,0.2526
CLUBS ACE HEARTS JACK,0.017,0.9728,0.0102
SPADES SEVEN DIAMONDS FIVE,0.647,0.005,0.348
SPADES KING DIAMONDS EIGHT,0.6482,0.0046,0.3472
SPADES QUEEN DIAMONDS EIGHT,0.6322,0.0032,0.3646
SPADES SIX DIAMONDS FIVE,0.6164,0.0038,0.3798
SPADES NINE DIAMONDS FIVE,0.6522,0.0046,0.3432
SPADES EIGHT DIAMONDS FIVE,0.6578,0.004,0.3382
SPADES ACE DIAMONDS EIGHT,0.6756,0.0914,0.233
DIAMONDS TEN DIAMONDS SIX,0.6358,0.0036,0.3606
HEARTS QUEEN DIAMONDS SEVEN,0.6642,0.0074,0.3284
HEARTS KING DIAMONDS SEVEN,0.6456,0.005,0.3494
DIAMONDS ACE DIAMONDS SIX,0.651,0.086,0.263
HEARTS FOUR DIAMONDS SIX,0.6454,0.0064,0.3482
SPADES TWO HEARTS JACK,0.7566,0.0234,0.22
HEARTS FIVE DIAMONDS SIX,0.6408,0.0058,0.3534
SPADES TWO HEARTS TEN,0.6948,0.0044,0.3008
DIAMONDS QUEEN DIAMONDS SIX,0.6258,0.0054,0.3688
HEARTS TWO DIAMONDS SIX,0.6758,0.0058,0.3184
DIAMONDS KING DIAMONDS SIX,0.6288,0.0048,0.3664
HEARTS THREE DIAMONDS SIX,0.6638,0.0058,0.3304
HEARTS EIGHT DIAMONDS SIX,0.6472,0.0054,0.3474
HEARTS NINE DIAMONDS SIX,0.6452,0.0046,0.3502
HEARTS SIX DIAMONDS SIX,0.489,0.005,0.506
HEARTS SEVEN DIAMONDS SIX,0.6506,0.004,0.3454
HEARTS TEN DIAMONDS SEVEN,0.653,0.0048,0.3422
CLUBS TWO DIAMONDS SIX,0.666,0.0046,0.3294
HEARTS JACK DIAMONDS SEVEN,0.7516,0.02,0.2284
CLUBS THREE DIAMONDS SIX,0.6648,0.0034,0.3318
CLUBS SEVEN DIAMONDS SIX,0.634,0.0028,0.3632
CLUBS JACK DIAMONDS EIGHT,0.7288,0.0146,0.2566
CLUBS SIX DIAMONDS SIX,0.4698,0.0038,0.5264
CLUBS TEN DIAMONDS EIGHT,0.6446,0.0056,0.3498
CLUBS FIVE DIAMONDS SIX,0.6366,0.0038,0.3596
CLUBS FOUR DIAMONDS SIX,0.6454,0.004,0.3506
DIAMONDS EIGHT CLUBS ACE,0.6754,0.0884,0.2362
HEARTS QUEEN HEARTS JACK,0.6916,0.0182,0.2902
DIAMONDS EIGHT CLUBS KING,0.6446,0.0052,0.3502
CLUBS NINE DIAMONDS SIX,0.662,0.0028,0.3352
HEARTS KING HEARTS JACK,0.6924,0.0168,0.2908
CLUBS EIGHT DIAMONDS SIX,0.6356,0.0028,0.3616
DIAMONDS EIGHT CLUBS QUEEN,0.648,0.0046,0.3474
SPADES TEN HEARTS KING,0.6352,0.0044,0.3604
SPADES FIVE DIAMONDS SIX,0.6284,0.0034,0.3682
SPADES JACK HEARTS KING,0.7492,0.0178,0.233
SPADES FOUR DIAMONDS SIX,0.6402,0.005,0.3548
SPADES THREE DIAMONDS SIX,0.6494,0.0064,0.3442
HEARTS QUEEN SPADES TWO,0.6664,0.0054,0.3282
SPADES ACE SPADES KING,0.2294,0.0464,0.7242
HEARTS KING SPADES TWO,0.662,0.004,0.334
SPADES TWO DIAMONDS SIX,0.6692,0.0044,0.3264
HEARTS TEN HEARTS EIGHT,0.6202,0.0048,0.375
SPADES NINE DIAMONDS SIX,0.6506,0.0048,0.3446
HEARTS JACK HEARTS EIGHT,0.7062,0.0182,0.2756
SPADES EIGHT DIAMONDS SIX,0.6312,0.0044,0.3644
SPADES SEVEN DIAMONDS SIX,0.6432,0.0026,0.3542
SPADES SIX DIAMONDS SIX,0.4858,0.0042,0.51
SPADES KING HEARTS KING,0.284,0.0054,0.7106
SPADES QUEEN HEARTS KING,0.6008,0.0044,0.3948
CLUBS ACE CLUBS KING,0.2174,0.0454,0.7372
SPADES ACE HEARTS KING,0.2522,0.042,0.7058
SPADES ACE HEARTS JACK,0.0162,0.9744,0.0094
SPADES QUEEN HEARTS JACK,0.732,0.012,0.256
SPADES KING HEARTS JACK,0.734,0.0176,0.2484
SPADES TEN DIAMONDS TEN,0.439,0.0054,0.5556
SPADES JACK DIAMONDS TEN,0.7136,0.016,0.2704
SPADES ACE DIAMONDS TEN,0.68,0.0872,0.2328
SPADES JACK HEARTS JACK,0.2996,0.0162,0.6842
SPADES TEN HEARTS JACK,0.706,0.0232,0.2708
SPADES QUEEN DIAMONDS TEN,0.6296,0.0048,0.3656
SPADES KING DIAMONDS TEN,0.6232,0.0046,0.3722
SPADES NINE DIAMONDS SEVEN,0.6364,0.0024,0.3612
SPADES EIGHT DIAMONDS SEVEN,0.635,0.0042,0.3608
SPADES SEVEN DIAMONDS SEVEN,0.4604,0.0038,0.5358
SPADES SIX DIAMONDS SEVEN,0.6496,0.003,0.3474
DIAMONDS KING DIAMONDS SEVEN,0.6122,0.005,0.3828
HEARTS THREE DIAMONDS SEVEN,0.6718,0.0054,0.3228
HEARTS KING DIAMONDS FIVE,0.6488,0.0062,0.345
DIAMONDS QUEEN DIAMONDS SEVEN,0.6184,0.003,0.3786
HEARTS TWO DIAMONDS SEVEN,0.6788,0.0036,0.3176
HEARTS QUEEN DIAMONDS FIVE,0.6548,0.0034,0.3418
HEARTS FIVE DIAMONDS SEVEN,0.6456,0.005,0.3494
DIAMONDS ACE DIAMONDS SEVEN,0.6402,0.0844,0.2754
HEARTS FOUR DIAMONDS SEVEN,0.6578,0.0026,0.3396
HEARTS SEVEN DIAMONDS SEVEN,0.4708,0.0056,0.5236
HEARTS SIX DIAMONDS SEVEN,0.6418,0.0048,0.3534
DIAMONDS SEVEN HEARTS NINE,0.6504,0.0046,0.345
HEARTS EIGHT DIAMONDS SEVEN,0.6372,0.0046,0.3582
DIAMONDS FIVE HEARTS JACK,0.7542,0.0258,0.22
DIAMONDS TEN DIAMONDS SEVEN,0.632,0.0058,0.3622
HEARTS TEN DIAMONDS FIVE,0.6892,0.0038,0.307
CLUBS EIGHT DIAMONDS SEVEN,0.6288,0.004,0.3672
SPADES KING CLUBS TWO,0.6514,0.004,0.3446
HEARTS KING CLUBS KING,0.2822,0.0024,0.7154
SPADES QUEEN CLUBS TWO,0.658,0.0058,0.3362
HEARTS KING CLUBS QUEEN,0.5842,0.0056,0.4102
CLUBS NINE DIAMONDS SEVEN,0.6466,0.0036,0.3498
CLUBS JACK SPADES TWO,0.7616,0.0198,0.2186
CLUBS SIX CLUBS SEVEN,0.5928,0.0058,0.4014
SPADES ACE CLUBS TWO,0.6642,0.0956,0.2402
CLUBS TEN SPADES TWO,0.677,0.0048,0.3182
HEARTS KING CLUBS ACE,0.2408,0.0466,0.7126
SPADES TWO CLUBS KING,0.6448,0.0042,0.351
SPADES TWO DIAMONDS SEVEN,0.677,0.0068,0.3162
CLUBS EIGHT CLUBS SIX,0.6014,0.0038,0.3948
SPADES THREE DIAMONDS SEVEN,0.6614,0.0042,0.3344
SPADES TWO CLUBS QUEEN,0.6436,0.005,0.3514
CLUBS NINE CLUBS SIX,0.6178,0.0038,0.3784
SPADES FOUR DIAMONDS SEVEN,0.6676,0.0048,0.3276
CLUBS JACK HEARTS KING,0.7244,0.0166,0.259
SPADES FIVE DIAMONDS SEVEN,0.6458,0.005,0.3492
SPADES TWO CLUBS ACE,0.6692,0.0924,0.2384
CLUBS TEN HEARTS KING,0.6108,0.0034,0.3858
CLUBS SIX SPADES TWO,0.6654,0.0044,0.3302
CLUBS SIX SPADES THREE,0.6516,0.0042,0.3442
CLUBS TWO DIAMONDS SEVEN,0.6852,0.0058,0.309
CLUBS SIX SPADES FOUR,0.6534,0.0038,0.3428
CLUBS THREE DIAMONDS SEVEN,0.6678,0.0052,0.327
CLUBS SIX SPADES FIVE,0.6278,0.0032,0.369
CLUBS FOUR DIAMONDS SEVEN,0.6534,0.004,0.3426
CLUBS SIX SPADES SIX,0.4768,0.0046,0.5186
CLUBS FIVE DIAMONDS SEVEN,0.6284,0.0036,0.368
CLUBS SIX SPADES SEVEN,0.6226,0.003,0.3744
CLUBS SIX DIAMONDS SEVEN,0.6424,0.0044,0.3532
CLUBS SIX SPADES EIGHT,0.6428,0.0042,0.353
SPADES JACK CLUBS TWO,0.7652,0.018,0.2168
CLUBS SEVEN DIAMONDS SEVEN,0.4724,0.0024,0.5252
CLUBS SIX SPADES NINE,0.651,0.003,0.346
SPADES TEN CLUBS TWO,0.6854,0.0048,0.3098
CLUBS TWO CLUBS QUEEN,0.6096,0.0066,0.3838
CLUBS TWO CLUBS KING,0.6114,0.0044,0.3842
CLUBS THREE DIAMONDS EIGHT,0.6836,0.0038,0.3126
CLUBS TWO CLUBS ACE,0.606,0.087,0.307
CLUBS TWO DIAMONDS EIGHT,0.6766,0.0038,0.3196
HEARTS SEVEN DIAMONDS EIGHT,0.6266,0.006,0.3674
HEARTS SIX DIAMONDS EIGHT,0.66,0.004,0.336
DIAMONDS EIGHT HEARTS NINE,0.6298,0.0062,0.364
CLUBS TEN CLUBS TWO,0.6478,0.0038,0.3484
DIAMONDS EIGHT HEARTS EIGHT,0.4582,0.0052,0.5366
CLUBS JACK CLUBS TWO,0.7218,0.021,0.2572
CLUBS NINE DIAMONDS EIGHT,0.6246,0.0038,0.3716
CLUBS EIGHT DIAMONDS EIGHT,0.4518,0.0034,0.5448
CLUBS FIVE DIAMONDS EIGHT,0.6508,0.0072,0.342
SPADES ACE SPADES THREE,0.6316,0.0772,0.2912
CLUBS FOUR DIAMONDS EIGHT,0.6758,0.0052,0.319
CLUBS SEVEN DIAMONDS EIGHT,0.6152,0.0036,0.3812
SPADES QUEEN SPADES THREE,0.6024,0.0056,0.392
CLUBS SIX DIAMONDS EIGHT,0.638,0.0034,0.3586
SPADES KING SPADES THREE,0.599,0.0052,0.3958
DIAMONDS EIGHT DIAMONDS QUEEN,0.6034,0.0058,0.3908
HEARTS TWO DIAMONDS EIGHT,0.6802,0.0062,0.3136
DIAMONDS KING DIAMONDS EIGHT,0.6156,0.0044,0.38
HEARTS THREE DIAMONDS EIGHT,0.6816,0.007,0.3114
DIAMONDS ACE DIAMONDS EIGHT,0.6364,0.0948,0.2688
HEARTS FOUR DIAMONDS EIGHT,0.6696,0.0056,0.3248
HEARTS FIVE DIAMONDS EIGHT,0.6554,0.0068,0.3378
DIAMONDS EIGHT DIAMONDS TEN,0.615,0.0042,0.3808
SPADES JACK SPADES THREE,0.71,0.0206,0.2694
SPADES TEN SPADES THREE,0.6406,0.0058,0.3536
CLUBS FOUR HEARTS QUEEN,0.6496,0.0044,0.346
CLUBS FOUR HEARTS KING,0.6534,0.005,0.3416
CLUBS SIX HEARTS TEN,0.6756,0.0034,0.321
CLUBS SIX HEARTS JACK,0.7456,0.0212,0.2332
DIAMONDS EIGHT SPADES FOUR,0.6586,0.004,0.3374
SPADES FIVE DIAMONDS EIGHT,0.6424,0.0048,0.3528
DIAMONDS EIGHT SPADES TWO,0.6798,0.0052,0.315
DIAMONDS EIGHT SPADES THREE,0.6744,0.0048,0.3208
CLUBS FOUR HEARTS JACK,0.7528,0.021,0.2262
SPADES EIGHT DIAMONDS EIGHT,0.4588,0.004,0.5372
SPADES TEN DIAMONDS QUEEN,0.616,0.0046,0.3794
SPADES TEN HEARTS TWO,0.6928,0.0058,0.3014
SPADES JACK HEARTS EIGHT,0.7366,0.0158,0.2476
CLUBS FOUR HEARTS TEN,0.6826,0.002,0.3154
SPADES NINE DIAMONDS EIGHT,0.6316,0.0046,0.3638
SPADES TEN HEARTS EIGHT,0.6466,0.0032,0.3502
SPADES JACK HEARTS TWO,0.764,0.0222,0.2138
SPADES JACK DIAMONDS QUEEN,0.7192,0.0162,0.2646
SPADES SIX DIAMONDS EIGHT,0.6526,0.0022,0.3452
SPADES SEVEN DIAMONDS EIGHT,0.6272,0.005,0.3678
SPADES ACE HEARTS TWO,0.6688,0.0892,0.242
SPADES ACE DIAMONDS QUEEN,0.2346,0.0608,0.7046
SPADES ACE HEARTS EIGHT,0.6812,0.0892,0.2296
SPADES KING HEARTS EIGHT,0.6492,0.0036,0.3472
SPADES QUEEN HEARTS TWO,0.6532,0.0056,0.3412
SPADES QUEEN DIAMONDS QUEEN,0.2872,0.0032,0.7096
SPADES KING DIAMONDS QUEEN,0.5836,0.006,0.4104
SPADES KING HEARTS TWO,0.6504,0.0034,0.3462
SPADES QUEEN HEARTS EIGHT,0.6396,0.0046,0.3558
CLUBS TWO HEARTS TEN,0.6976,0.005,0.2974
CLUBS TWO HEARTS JACK,0.7616,0.0236,0.2148
SPADES SEVEN DIAMONDS NINE,0.6396,0.0036,0.3568
SPADES SIX DIAMONDS NINE,0.6636,0.0036,0.3328
SPADES NINE DIAMONDS NINE,0.4586,0.0054,0.536
SPADES EIGHT DIAMONDS NINE,0.637,0.0026,0.3604
SPADES TEN CLUBS KING,0.6242,0.0034,0.3724
DIAMONDS NINE SPADES THREE,0.677,0.0048,0.3182
SPADES JACK CLUBS KING,0.7286,0.0138,0.2576
DIAMONDS NINE SPADES TWO,0.6792,0.0056,0.3152
DIAMONDS NINE SPADES FIVE,0.6654,0.005,0.3296
DIAMONDS NINE SPADES FOUR,0.6812,0.0038,0.315
CLUBS NINE DIAMONDS NINE,0.4538,0.0014,0.5448
CLUBS EIGHT DIAMONDS NINE,0.6102,0.0038,0.386
CLUBS SIX DIAMONDS NINE,0.6534,0.0044,0.3422
SPADES JACK CLUBS FOUR,0.753,0.0234,0.2236
CLUBS SEVEN DIAMONDS NINE,0.649,0.0044,0.3466
SPADES TEN CLUBS FOUR,0.6742,0.0032,0.3226
CLUBS FOUR DIAMONDS NINE,0.6728,0.0036,0.3236
CLUBS FIVE DIAMONDS NINE,0.6636,0.005,0.3314
CLUBS TWO DIAMONDS NINE,0.6778,0.0062,0.316
DIAMONDS NINE CLUBS THREE,0.6828,0.0044,0.3128
DIAMONDS NINE HEARTS EIGHT,0.6388,0.0044,0.3568
DIAMONDS NINE HEARTS NINE,0.4596,0.004,0.5364
HEARTS SIX DIAMONDS NINE,0.67,0.0056,0.3244
HEARTS SEVEN DIAMONDS NINE,0.6474,0.0052,0.3474
CLUBS EIGHT CLUBS NINE,0.5884,0.0038,0.4078
DIAMONDS ACE DIAMONDS NINE,0.6506,0.0838,0.2656
HEARTS FOUR DIAMONDS NINE,0.6854,0.0056,0.309
HEARTS FIVE DIAMONDS NINE,0.6634,0.005,0.3316
SPADES ACE CLUBS FOUR,0.6542,0.083,0.2628
DIAMONDS NINE DIAMONDS QUEEN,0.6036,0.0042,0.3922
HEARTS TWO DIAMONDS NINE,0.6952,0.0054,0.2994
CLUBS TWO HEARTS KING,0.659,0.0058,0.3352
SPADES KING CLUBS FOUR,0.6408,0.0042,0.355
DIAMONDS KING DIAMONDS NINE,0.6048,0.0064,0.3888
HEARTS THREE DIAMONDS NINE,0.6812,0.0034,0.3154
CLUBS TWO HEARTS QUEEN,0.663,0.0044,0.3326
SPADES QUEEN CLUBS FOUR,0.6418,0.0036,0.3546
CLUBS EIGHT SPADES NINE,0.6238,0.0028,0.3734
DIAMONDS NINE DIAMONDS TEN,0.605,0.0042,0.3908
CLUBS EIGHT SPADES EIGHT,0.4618,0.0026,0.5356
CLUBS EIGHT SPADES SEVEN,0.6166,0.0026,0.3808
CLUBS EIGHT SPADES SIX,0.6318,0.0042,0.364
CLUBS EIGHT SPADES FIVE,0.6586,0.0028,0.3386
CLUBS EIGHT SPADES FOUR,0.6556,0.0032,0.3412
CLUBS EIGHT SPADES THREE,0.6564,0.0036,0.34
CLUBS EIGHT SPADES TWO,0.6756,0.0034,0.321
HEARTS SIX DIAMONDS TEN,0.6786,0.0034,0.318
HEARTS SEVEN DIAMONDS TEN,0.671,0.0038,0.3252
DIAMONDS TEN HEARTS EIGHT,0.651,0.0054,0.3436
CLUBS JACK CLUBS FOUR,0.7104,0.0176,0.272
DIAMONDS TEN HEARTS NINE,0.6256,0.0058,0.3686
CLUBS TEN CLUBS FOUR,0.6418,0.0052,0.353
CLUBS FOUR CLUBS KING,0.6006,0.0044,0.395
CLUBS FOUR CLUBS QUEEN,0.5928,0.0032,0.404
CLUBS TWO DIAMONDS TEN,0.687,0.0054,0.3076
CLUBS THREE DIAMONDS TEN,0.676,0.0052,0.3188
CLUBS FOUR CLUBS ACE,0.6214,0.079,0.2996
DIAMONDS QUEEN DIAMONDS TEN,0.5758,0.0034,0.4208
HEARTS TWO DIAMONDS TEN,0.6954,0.0062,0.2984
DIAMONDS KING DIAMONDS TEN,0.5974,0.0048,0.3978
HEARTS THREE DIAMONDS TEN,0.6794,0.006,0.3146
DIAMONDS ACE DIAMONDS TEN,0.634,0.093,0.273
HEARTS FOUR DIAMONDS TEN,0.6808,0.0056,0.3136
CLUBS EIGHT HEARTS JACK,0.7286,0.02,0.2514
HEARTS FIVE DIAMONDS TEN,0.6812,0.005,0.3138
CLUBS EIGHT HEARTS TEN,0.648,0.0042,0.3478
CLUBS EIGHT HEARTS QUEEN,0.6302,0.0052,0.3646
CLUBS EIGHT HEARTS KING,0.6486,0.004,0.3474
CLUBS NINE SPADES THREE,0.6724,0.0046,0.323
CLUBS NINE SPADES TWO,0.6818,0.0028,0.3154
CLUBS NINE SPADES FIVE,0.675,0.0042,0.3208
CLUBS NINE SPADES FOUR,0.6658,0.0034,0.3308
CLUBS NINE SPADES SEVEN,0.6448,0.004,0.3512
CLUBS NINE SPADES SIX,0.649,0.004,0.347
CLUBS NINE SPADES NINE,0.4596,0.0018,0.5386
CLUBS TEN HEARTS EIGHT,0.6424,0.0044,0.3532
CLUBS NINE SPADES EIGHT,0.6246,0.0024,0.373
CLUBS JACK HEARTS EIGHT,0.7248,0.0188,0.2564
HEARTS EIGHT CLUBS QUEEN,0.6446,0.0056,0.3498
CLUBS KING HEARTS EIGHT,0.6574,0.0032,0.3394
CLUBS ACE HEARTS EIGHT,0.674,0.0866,0.2394
SPADES KING CLUBS KING,0.2922,0.0036,0.7042
SPADES QUEEN CLUBS KING,0.599,0.0046,0.3964
SPADES ACE CLUBS KING,0.2584,0.0428,0.6988
DIAMONDS ACE HEARTS TEN,0.6828,0.0868,0.2304
HEARTS FOUR HEARTS TEN,0.6406,0.002,0.3574
DIAMONDS ACE HEARTS JACK,0.007,0.9862,0.0068
HEARTS FOUR HEARTS JACK,0.7196,0.0214,0.259
SPADES KING CLUBS FIVE,0.6224,0.0034,0.3742
SPADES QUEEN CLUBS FIVE,0.642,0.0044,0.3536
SPADES ACE CLUBS FIVE,0.6568,0.0932,0.25
SPADES ACE SPADES SIX,0.642,0.0812,0.2768
SPADES QUEEN SPADES SIX,0.612,0.0026,0.3854
SPADES FOUR HEARTS QUEEN,0.6498,0.0036,0.3466
SPADES KING SPADES SIX,0.5996,0.0034,0.397
SPADES FOUR HEARTS KING,0.6506,0.0028,0.3466
SPADES TEN SPADES SIX,0.6246,0.0042,0.3712
SPADES JACK SPADES SIX,0.7042,0.021,0.2748
SPADES ACE DIAMONDS THREE,0.6632,0.0816,0.2552
SPADES QUEEN DIAMONDS THREE,0.6572,0.0036,0.3392
SPADES KING DIAMONDS THREE,0.658,0.0048,0.3372
SPADES TEN CLUBS FIVE,0.674,0.0022,0.3238
SPADES JACK HEARTS SIX,0.7614,0.0196,0.219
HEARTS SIX SPADES TEN,0.674,0.0044,0.3216
SPADES JACK CLUBS FIVE,0.7462,0.0194,0.2344
SPADES JACK DIAMONDS THREE,0.7698,0.0212,0.209
CLUBS SEVEN CLUBS ACE,0.6386,0.0832,0.2782
DIAMONDS THREE SPADES TEN,0.6788,0.0052,0.316
CLUBS SEVEN CLUBS QUEEN,0.6112,0.0034,0.3854
CLUBS SEVEN CLUBS KING,0.5982,0.0042,0.3976
CLUBS TEN CLUBS SEVEN,0.6082,0.0052,0.3866
SPADES ACE HEARTS SIX,0.6718,0.0832,0.245
CLUBS JACK CLUBS SEVEN,0.6892,0.0182,0.2926
DIAMONDS ACE HEARTS KING,0.2462,0.0496,0.7042
HEARTS FOUR HEARTS KING,0.6238,0.0044,0.3718
SPADES KING HEARTS SIX,0.6618,0.0036,0.3346
DIAMONDS ACE HEARTS QUEEN,0.2294,0.0686,0.702
HEARTS FOUR HEARTS QUEEN,0.629,0.0058,0.3652
SPADES QUEEN HEARTS SIX,0.6564,0.002,0.3416
DIAMONDS TEN SPADES TWO,0.6802,0.0056,0.3142
SPADES THREE DIAMONDS TEN,0.6922,0.0052,0.3026
SPADES FOUR DIAMONDS TEN,0.6882,0.0062,0.3056
SPADES FIVE DIAMONDS TEN,0.6764,0.006,0.3176
SPADES SIX DIAMONDS TEN,0.6694,0.0044,0.3262
SPADES SEVEN DIAMONDS TEN,0.651,0.0042,0.3448
SPADES EIGHT DIAMONDS TEN,0.6514,0.0036,0.345
SPADES NINE DIAMONDS TEN,0.626,0.0036,0.3704
CLUBS FOUR DIAMONDS TEN,0.6766,0.0034,0.32
CLUBS FIVE DIAMONDS TEN,0.6894,0.0046,0.306
CLUBS SIX DIAMONDS TEN,0.6656,0.0034,0.331
CLUBS SEVEN DIAMONDS TEN,0.6588,0.0038,0.3374
CLUBS EIGHT DIAMONDS TEN,0.64,0.0028,0.3572
CLUBS NINE DIAMONDS TEN,0.6316,0.0038,0.3646
CLUBS JACK DIAMONDS THREE,0.7624,0.0222,0.2154
CLUBS TEN DIAMONDS THREE,0.6782,0.004,0.3178
DIAMONDS THREE CLUBS KING,0.651,0.0038,0.3452
DIAMONDS THREE CLUBS QUEEN,0.6658,0.0054,0.3288
DIAMONDS THREE CLUBS ACE,0.662,0.0912,0.2468
SPADES FOUR HEARTS JACK,0.7572,0.0222,0.2206
SPADES FOUR HEARTS TEN,0.6778,0.0058,0.3164
SPADES FIVE SPADES TWO,0.617,0.0046,0.3784
SPADES FOUR SPADES TWO,0.6196,0.0036,0.3768
SPADES THREE SPADES TWO,0.6132,0.0056,0.3812
SPADES NINE SPADES TWO,0.637,0.0036,0.3594
SPADES EIGHT SPADES TWO,0.632,0.0026,0.3654
SPADES SEVEN SPADES TWO,0.638,0.0038,0.3582
SPADES SIX SPADES TWO,0.6154,0.0048,0.3798
CLUBS THREE DIAMONDS QUEEN,0.6482,0.005,0.3468
HEARTS TWO CLUBS THREE,0.6524,0.0032,0.3444
CLUBS TWO DIAMONDS QUEEN,0.6576,0.0058,0.3366
HEARTS TWO CLUBS TWO,0.4766,0.0054,0.518
HEARTS SEVEN DIAMONDS QUEEN,0.6398,0.004,0.3562
HEARTS SEVEN HEARTS TWO,0.638,0.005,0.357
HEARTS SIX DIAMONDS QUEEN,0.6512,0.0054,0.3434
HEARTS SIX HEARTS TWO,0.641,0.006,0.353
DIAMONDS QUEEN HEARTS NINE,0.6262,0.0044,0.3694
HEARTS TWO HEARTS NINE,0.642,0.005,0.353
DIAMONDS QUEEN HEARTS EIGHT,0.6454,0.0038,0.3508
HEARTS TWO HEARTS EIGHT,0.629,0.0044,0.3666
CLUBS NINE HEARTS TWO,0.6644,0.0036,0.332
CLUBS NINE DIAMONDS QUEEN,0.6286,0.0044,0.367
CLUBS EIGHT DIAMONDS QUEEN,0.6224,0.004,0.3736
CLUBS EIGHT HEARTS TWO,0.6808,0.003,0.3162
CLUBS FIVE DIAMONDS QUEEN,0.638,0.005,0.357
CLUBS FIVE HEARTS TWO,0.6496,0.0046,0.3458
CLUBS FOUR DIAMONDS QUEEN,0.6482,0.0042,0.3476
CLUBS FOUR HEARTS TWO,0.6562,0.0048,0.339
CLUBS SEVEN DIAMONDS QUEEN,0.652,0.0058,0.3422
CLUBS SEVEN HEARTS TWO,0.6794,0.0046,0.316
SPADES EIGHT HEARTS QUEEN,0.632,0.0066,0.3614
CLUBS SIX DIAMONDS QUEEN,0.6542,0.0054,0.3404
CLUBS SIX HEARTS TWO,0.6692,0.0038,0.327
SPADES EIGHT HEARTS KING,0.653,0.0034,0.3436
HEARTS TWO SPADES SIX,0.6762,0.0054,0.3184
SPADES SIX DIAMONDS QUEEN,0.6388,0.005,0.3562
HEARTS FOUR CLUBS QUEEN,0.6544,0.0046,0.341
DIAMONDS ACE CLUBS QUEEN,0.2378,0.0628,0.6994
SPADES SEVEN DIAMONDS QUEEN,0.6378,0.004,0.3582
SPADES SEVEN HEARTS TWO,0.6806,0.0054,0.314
HEARTS FOUR CLUBS KING,0.6432,0.0044,0.3524
DIAMONDS ACE CLUBS KING,0.24,0.0478,0.7122
SPADES EIGHT DIAMONDS QUEEN,0.6382,0.0056,0.3562
SPADES EIGHT HEARTS TWO,0.674,0.0054,0.3206
HEARTS FOUR CLUBS ACE,0.675,0.0878,0.2372
DIAMONDS ACE CLUBS ACE,0.0648,0.0106,0.9246
SPADES NINE DIAMONDS QUEEN,0.6288,0.0044,0.3668
SPADES NINE HEARTS TWO,0.6818,0.0044,0.3138
HEARTS TWO SPADES TWO,0.4652,0.0054,0.5294
DIAMONDS QUEEN SPADES TWO,0.6482,0.004,0.3478
HEARTS TWO SPADES THREE,0.6512,0.007,0.3418
DIAMONDS QUEEN SPADES THREE,0.646,0.006,0.348
HEARTS TWO SPADES FOUR,0.651,0.0034,0.3456
SPADES FOUR DIAMONDS QUEEN,0.63,0.0048,0.3652
CLUBS TEN HEARTS FOUR,0.6856,0.0034,0.311
CLUBS TEN DIAMONDS ACE,0.6696,0.0888,0.2416
HEARTS TWO SPADES FIVE,0.6488,0.0052,0.346
SPADES FIVE DIAMONDS QUEEN,0.6496,0.0062,0.3442
CLUBS JACK HEARTS FOUR,0.7518,0.0246,0.2236
CLUBS JACK DIAMONDS ACE,0.0098,0.9718,0.0184
CLUBS FIVE CLUBS KING,0.5944,0.0038,0.4018
CLUBS FIVE CLUBS QUEEN,0.6056,0.0036,0.3908
CLUBS FIVE CLUBS ACE,0.6198,0.0814,0.2988
CLUBS JACK CLUBS FIVE,0.7064,0.019,0.2746
CLUBS TEN CLUBS FIVE,0.6376,0.0048,0.3576
SPADES KING CLUBS JACK,0.7374,0.0144,0.2482
CLUBS JACK SPADES QUEEN,0.7238,0.0154,0.2608
SPADES ACE CLUBS JACK,0.0224,0.9584,0.0192
SPADES SIX CLUBS KING,0.6468,0.0042,0.349
SPADES SIX CLUBS QUEEN,0.6416,0.0034,0.355
SPADES EIGHT HEARTS JACK,0.7328,0.0176,0.2496
SPADES SIX CLUBS ACE,0.6802,0.0768,0.243
SPADES EIGHT HEARTS TEN,0.6442,0.0048,0.351
CLUBS JACK SPADES SIX,0.7556,0.018,0.2264
CLUBS TEN SPADES SIX,0.6768,0.003,0.3202
CLUBS JACK SPADES TEN,0.714,0.0164,0.2696
CLUBS JACK SPADES JACK,0.302,0.0158,0.6822
SPADES QUEEN CLUBS SEVEN,0.6532,0.0024,0.3444
SPADES KING CLUBS SEVEN,0.635,0.0034,0.3616
SPADES ACE CLUBS SEVEN,0.6668,0.0838,0.2494
SPADES SIX HEARTS TEN,0.6706,0.0036,0.3258
SPADES SIX HEARTS JACK,0.763,0.0234,0.2136
SPADES SIX HEARTS KING,0.6598,0.0022,0.338
SPADES SIX HEARTS QUEEN,0.6516,0.0054,0.343
SPADES JACK CLUBS SEVEN,0.7304,0.0198,0.2498
SPADES TEN CLUBS SEVEN,0.6592,0.0032,0.3376
CLUBS TEN HEARTS SIX,0.669,0.004,0.327
CLUBS JACK HEARTS SIX,0.7546,0.0222,0.2232
CLUBS JACK CLUBS ACE,0.0202,0.9042,0.0756
HEARTS SIX CLUBS QUEEN,0.6472,0.005,0.3478
HEARTS SIX CLUBS KING,0.6448,0.0038,0.3514
HEARTS SIX CLUBS ACE,0.6848,0.0828,0.2324
CLUBS JACK CLUBS QUEEN,0.675,0.0132,0.3118
CLUBS JACK CLUBS KING,0.6838,0.0144,0.3018
DIAMONDS THREE HEARTS QUEEN,0.6548,0.005,0.3402
DIAMONDS THREE HEARTS KING,0.662,0.0064,0.3316
CLUBS FIVE HEARTS JACK,0.7552,0.0228,0.222
SPADES TEN DIAMONDS ACE,0.6832,0.0858,0.231
HEARTS FOUR SPADES TEN,0.6678,0.0032,0.329
CLUBS FIVE HEARTS TEN,0.6688,0.0034,0.3278
HEARTS FOUR SPADES JACK,0.7538,0.021,0.2252
SPADES JACK DIAMONDS ACE,0.0112,0.9676,0.0212
SPADES ACE HEARTS FOUR,0.669,0.0882,0.2428
SPADES ACE DIAMONDS ACE,0.065,0.0154,0.9196
CLUBS FIVE HEARTS KING,0.6494,0.0036,0.347
HEARTS FOUR SPADES QUEEN,0.6458,0.0046,0.3496
SPADES QUEEN DIAMONDS ACE,0.2408,0.0688,0.6904
CLUBS JACK SPADES FOUR,0.754,0.0242,0.2218
CLUBS FIVE HEARTS QUEEN,0.6466,0.0032,0.3502
SPADES KING DIAMONDS ACE,0.2402,0.0438,0.716
SPADES KING HEARTS FOUR,0.643,0.0058,0.3512
CLUBS TEN SPADES FOUR,0.677,0.0032,0.3198
DIAMONDS ACE DIAMONDS QUEEN,0.2196,0.0604,0.72
DIAMONDS ACE HEARTS TWO,0.658,0.0934,0.2486
HEARTS FOUR DIAMONDS QUEEN,0.6604,0.003,0.3366
HEARTS FOUR HEARTS TWO,0.6358,0.004,0.3602
DIAMONDS THREE HEARTS TEN,0.685,0.0058,0.3092
SPADES FOUR CLUBS KING,0.641,0.0054,0.3536
HEARTS FIVE DIAMONDS QUEEN,0.651,0.005,0.344
HEARTS FIVE HEARTS TWO,0.6192,0.0054,0.3754
DIAMONDS THREE HEARTS JACK,0.759,0.0252,0.2158
SPADES FOUR CLUBS QUEEN,0.647,0.0034,0.3496
HEARTS TWO DIAMONDS QUEEN,0.6436,0.006,0.3504
DIAMONDS KING DIAMONDS QUEEN,0.5584,0.0052,0.4364
DIAMONDS KING HEARTS TWO,0.6686,0.0056,0.3258
HEARTS THREE DIAMONDS QUEEN,0.6588,0.0054,0.3358
HEARTS THREE HEARTS TWO,0.615,0.0056,0.3794
SPADES FOUR CLUBS ACE,0.654,0.0842,0.2618
HEARTS TWO CLUBS ACE,0.6764,0.0826,0.241
DIAMONDS QUEEN CLUBS ACE,0.2348,0.0636,0.7016
HEARTS TWO CLUBS QUEEN,0.6602,0.0056,0.3342
DIAMONDS QUEEN CLUBS QUEEN,0.2872,0.004,0.7088
HEARTS TWO CLUBS KING,0.661,0.005,0.334
DIAMONDS QUEEN CLUBS KING,0.6086,0.0048,0.3866
SPADES EIGHT SPADES FIVE,0.5994,0.005,0.3956
CLUBS TEN HEARTS TWO,0.6784,0.0048,0.3168
CLUBS TEN DIAMONDS QUEEN,0.617,0.0058,0.3772
SPADES NINE SPADES FIVE,0.6204,0.0022,0.3774
CLUBS JACK HEARTS TWO,0.764,0.0204,0.2156
CLUBS JACK DIAMONDS QUEEN,0.7054,0.0168,0.2778
SPADES SIX SPADES FIVE,0.592,0.0034,0.4046
SPADES SEVEN SPADES FIVE,0.5988,0.0034,0.3978
DIAMONDS FIVE CLUBS QUEEN,0.6474,0.0052,0.3474
SPADES EIGHT CLUBS ACE,0.6654,0.0892,0.2454
DIAMONDS FIVE CLUBS KING,0.65,0.0044,0.3456
SPADES EIGHT CLUBS KING,0.6444,0.0024,0.3532
DIAMONDS FIVE CLUBS ACE,0.6766,0.0858,0.2376
SPADES EIGHT CLUBS QUEEN,0.6326,0.003,0.3644
CLUBS JACK SPADES EIGHT,0.721,0.0186,0.2604
CLUBS TEN SPADES EIGHT,0.637,0.0026,0.3604
CLUBS TEN DIAMONDS FIVE,0.682,0.0034,0.3146
CLUBS JACK DIAMONDS FIVE,0.7646,0.0214,0.214
DIAMONDS TEN HEARTS JACK,0.7176,0.0214,0.261
DIAMONDS TEN HEARTS TEN,0.439,0.005,0.556
SPADES ACE CLUBS NINE,0.6648,0.0846,0.2506
SPADES QUEEN CLUBS NINE,0.6242,0.0028,0.373
SPADES KING CLUBS NINE,0.6174,0.0034,0.3792
HEARTS SIX HEARTS KING,0.6248,0.0046,0.3706
DIAMONDS KING SPADES SEVEN,0.6364,0.0042,0.3594
HEARTS THREE SPADES SEVEN,0.679,0.005,0.316
SPADES KING DIAMONDS SEVEN,0.6564,0.0044,0.3392
HEARTS SIX HEARTS QUEEN,0.6214,0.005,0.3736
SPADES QUEEN DIAMONDS SEVEN,0.6522,0.0038,0.344
HEARTS THREE SPADES SIX,0.6528,0.0052,0.342
DIAMONDS KING SPADES SIX,0.6542,0.0028,0.343
SPADES NINE DIAMONDS KING,0.639,0.0038,0.3572
SPADES NINE HEARTS THREE,0.6724,0.0038,0.3238
DIAMONDS KING SPADES EIGHT,0.638,0.0038,0.3582
SPADES EIGHT HEARTS THREE,0.6606,0.005,0.3344
SPADES ACE DIAMONDS SEVEN,0.6712,0.0902,0.2386
CLUBS NINE HEARTS THREE,0.6822,0.0048,0.313
CLUBS NINE DIAMONDS KING,0.6354,0.005,0.3596
CLUBS EIGHT DIAMONDS KING,0.6372,0.0046,0.3582
CLUBS EIGHT HEARTS THREE,0.6818,0.0034,0.3148
HEARTS THREE SPADES THREE,0.4806,0.0046,0.5148
