opposingHand,winningChance,drawChance,lostChance
DIAMONDS FOUR SPADES JACK
HEARTS FIVE SPADES TEN,0.6042,0.0166,0.3792
SPADES FIVE CLUBS JACK,0.2112,0.4728,0.316
CLUBS TEN SPADES FIVE,0.5984,0.022,0.3796
CLUBS EIGHT CLUBS JACK,0.2204,0.2018,0.5778
CLUBS TEN CLUBS EIGHT,0.5182,0.0152,0.4666
CLUBS EIGHT CLUBS KING,0.3386,0.0068,0.6546
SPADES FIVE CLUBS ACE,0.3408,0.004,0.6552
CLUBS EIGHT CLUBS QUEEN,0.3354,0.01,0.6546
SPADES FIVE CLUBS KING,0.368,0.0078,0.6242
SPADES FIVE CLUBS QUEEN,0.367,0.0142,0.6188
CLUBS EIGHT CLUBS ACE,0.3426,0.0036,0.6538
DIAMONDS TWO DIAMONDS THREE,0.6028,0.0174,0.3798
DIAMONDS TWO DIAMONDS FIVE,0.5682,0.0192,0.4126
HEARTS FIVE SPADES KING,0.3588,0.008,0.6332
HEARTS FIVE SPADES QUEEN,0.348,0.0094,0.6426
DIAMONDS TWO DIAMONDS SEVEN,0.599,0.018,0.383
DIAMONDS TWO DIAMONDS SIX,0.5852,0.023,0.3918
SPADES ACE HEARTS FIVE,0.3484,0.0042,0.6474
DIAMONDS TWO DIAMONDS NINE,0.5868,0.016,0.3972
DIAMONDS TWO DIAMONDS EIGHT,0.5976,0.0202,0.3822
SPADES FOUR CLUBS TWO,0.6824,0.0598,0.2578
DIAMONDS THREE DIAMONDS FIVE,0.5562,0.022,0.4218
SPADES FIVE CLUBS TWO,0.611,0.0194,0.3696
CLUBS TWO SPADES TWO,0.4176,0.049,0.5334
CLUBS TWO SPADES THREE,0.65,0.0232,0.3268
DIAMONDS THREE DIAMONDS EIGHT,0.5938,0.0238,0.3824
SPADES EIGHT CLUBS TWO,0.6274,0.016,0.3566
DIAMONDS THREE DIAMONDS NINE,0.596,0.0194,0.3846
SPADES NINE CLUBS TWO,0.6384,0.018,0.3436
DIAMONDS THREE DIAMONDS SIX,0.572,0.023,0.405
SPADES SIX CLUBS TWO,0.6338,0.02,0.3462
DIAMONDS THREE DIAMONDS SEVEN,0.5858,0.0206,0.3936
SPADES SEVEN CLUBS TWO,0.6332,0.0238,0.343
CLUBS SIX CLUBS TWO,0.5836,0.0214,0.395
CLUBS SEVEN CLUBS TWO,0.5728,0.0212,0.406
CLUBS FOUR CLUBS TWO,0.6412,0.059,0.2998
CLUBS FIVE CLUBS TWO,0.5576,0.02,0.4224
CLUBS TEN CLUBS JACK,0.2062,0.1202,0.6736
CLUBS TEN CLUBS QUEEN,0.3132,0.0098,0.677
CLUBS TEN CLUBS KING,0.318,0.0054,0.6766
CLUBS TEN CLUBS ACE,0.3318,0.0056,0.6626
CLUBS EIGHT CLUBS TWO,0.5854,0.0218,0.3928
CLUBS NINE CLUBS TWO,0.5764,0.0182,0.4054
CLUBS THREE CLUBS TWO,0.6004,0.0204,0.3792
DIAMONDS NINE DIAMONDS FIVE,0.5448,0.015,0.4402
DIAMONDS TWO CLUBS JACK,0.2746,0.5122,0.2132
DIAMONDS FIVE DIAMONDS EIGHT,0.5372,0.0188,0.444
CLUBS TEN DIAMONDS TWO,0.6312,0.0178,0.351
DIAMONDS FIVE DIAMONDS SEVEN,0.5366,0.0194,0.444
DIAMONDS SIX DIAMONDS FIVE,0.519,0.0234,0.4576
DIAMONDS TWO CLUBS ACE,0.3904,0.005,0.6046
DIAMONDS TWO CLUBS KING,0.4048,0.0084,0.5868
DIAMONDS TWO CLUBS QUEEN,0.4154,0.013,0.5716
DIAMONDS SIX DIAMONDS EIGHT,0.5208,0.0166,0.4626
DIAMONDS NINE DIAMONDS SIX,0.5516,0.0162,0.4322
HEARTS ACE SPADES THREE,0.3752,0.0054,0.6194
SPADES THREE HEARTS KING,0.3932,0.0082,0.5986
DIAMONDS SIX DIAMONDS SEVEN,0.536,0.0148,0.4492
SPADES THREE HEARTS QUEEN,0.3952,0.0146,0.5902
SPADES THREE HEARTS JACK,0.2672,0.5108,0.222
SPADES THREE HEARTS TEN,0.6266,0.0168,0.3566
DIAMONDS EIGHT DIAMONDS SEVEN,0.528,0.0162,0.4558
DIAMONDS NINE DIAMONDS SEVEN,0.5388,0.0174,0.4438
DIAMONDS NINE DIAMONDS EIGHT,0.5076,0.0186,0.4738
DIAMONDS KING HEARTS TEN,0.3362,0.0076,0.6562
HEARTS THREE HEARTS TEN,0.5762,0.0186,0.4052
DIAMONDS KING HEARTS JACK,0.2274,0.0298,0.7428
HEARTS THREE HEARTS JACK,0.2444,0.4798,0.2758
SPADES TEN CLUBS SIX,0.5706,0.0192,0.4102
SPADES TEN SPADES FIVE,0.5662,0.022,0.4118
DIAMONDS KING HEARTS ACE,0.3184,0.0064,0.6752
HEARTS THREE HEARTS ACE,0.3502,0.0076,0.6422
SPADES ACE CLUBS SIX,0.3492,0.0034,0.6474
DIAMONDS KING HEARTS QUEEN,0.3134,0.004,0.6826
HEARTS THREE HEARTS QUEEN,0.3852,0.0122,0.6026
SPADES KING CLUBS SIX,0.3624,0.0056,0.632
DIAMONDS KING HEARTS KING,0.1252,0.0078,0.867
HEARTS THREE HEARTS KING,0.3688,0.0102,0.621
SPADES QUEEN CLUBS SIX,0.3678,0.0102,0.622
SPADES NINE HEARTS TEN,0.5302,0.0186,0.4512
SPADES NINE HEARTS JACK,0.2276,0.1622,0.6102
SPADES QUEEN SPADES FIVE,0.3472,0.0114,0.6414
SPADES KING SPADES FIVE,0.3512,0.0102,0.6386
SPADES ACE SPADES FIVE,0.3466,0.005,0.6484
SPADES NINE HEARTS QUEEN,0.3418,0.011,0.6472
SPADES NINE HEARTS KING,0.3638,0.009,0.6272
SPADES NINE HEARTS ACE,0.3558,0.004,0.6402
CLUBS TEN SPADES TEN,0.2772,0.0242,0.6986
SPADES ACE CLUBS TEN,0.3468,0.0046,0.6486
SPADES KING CLUBS TEN,0.3458,0.005,0.6492
CLUBS TEN SPADES QUEEN,0.3254,0.007,0.6676
SPADES FIVE HEARTS QUEEN,0.352,0.0116,0.6364
SPADES FIVE HEARTS KING,0.353,0.0068,0.6402
SPADES FIVE HEARTS ACE,0.3556,0.004,0.6404
SPADES TEN CLUBS EIGHT,0.5516,0.023,0.4254
SPADES TEN HEARTS THREE,0.6244,0.0208,0.3548
SPADES TEN DIAMONDS KING,0.341,0.0068,0.6522
CLUBS SIX HEARTS ACE,0.3644,0.0034,0.6322
SPADES ACE CLUBS EIGHT,0.358,0.0036,0.6384
HEARTS FIVE CLUBS JACK,0.222,0.4568,0.3212
HEARTS FIVE CLUBS TEN,0.598,0.0202,0.3818
CLUBS SIX HEARTS QUEEN,0.3772,0.0102,0.6126
SPADES QUEEN CLUBS EIGHT,0.3454,0.0106,0.644
CLUBS TEN SPADES THREE,0.6234,0.0206,0.356
CLUBS SIX HEARTS KING,0.3616,0.0076,0.6308
SPADES KING CLUBS EIGHT,0.3616,0.007,0.6314
SPADES THREE CLUBS JACK,0.2702,0.5184,0.2114
DIAMONDS TWO HEARTS JACK,0.2686,0.5298,0.2016
SPADES THREE CLUBS QUEEN,0.38,0.0116,0.6084
DIAMONDS TWO HEARTS TEN,0.6272,0.0188,0.354
SPADES THREE CLUBS KING,0.4022,0.0062,0.5916
HEARTS FIVE CLUBS ACE,0.3596,0.0038,0.6366
SPADES FIVE HEARTS TEN,0.6034,0.0152,0.3814
SPADES THREE CLUBS ACE,0.3942,0.005,0.6008
HEARTS FIVE CLUBS KING,0.3648,0.0092,0.626
SPADES FIVE HEARTS JACK,0.2246,0.4648,0.3106
HEARTS FIVE CLUBS QUEEN,0.351,0.0094,0.6396
HEARTS THREE CLUBS KING,0.3872,0.0106,0.6022
DIAMONDS KING CLUBS KING,0.1254,0.0068,0.8678
HEARTS THREE CLUBS QUEEN,0.3884,0.0114,0.6002
DIAMONDS KING CLUBS QUEEN,0.3106,0.0064,0.683
HEARTS FIVE HEARTS JACK,0.1948,0.4394,0.3658
HEARTS FIVE HEARTS TEN,0.551,0.0186,0.4304
HEARTS THREE CLUBS ACE,0.3758,0.0044,0.6198
DIAMONDS KING CLUBS ACE,0.3188,0.0068,0.6744
SPADES ACE CLUBS QUEEN,0.3222,0.0036,0.6742
SPADES KING CLUBS QUEEN,0.3118,0.0046,0.6836
HEARTS THREE CLUBS JACK,0.2742,0.501,0.2248
DIAMONDS KING CLUBS JACK,0.2212,0.031,0.7478
SPADES QUEEN CLUBS QUEEN,0.1356,0.0116,0.8528
CLUBS TEN HEARTS THREE,0.6296,0.0158,0.3546
CLUBS TEN DIAMONDS KING,0.3272,0.0056,0.6672
CLUBS SIX CLUBS QUEEN,0.3432,0.0114,0.6454
SPADES TEN CLUBS QUEEN,0.338,0.0082,0.6538
CLUBS SIX CLUBS KING,0.3312,0.0058,0.663
CLUBS SIX CLUBS ACE,0.3366,0.004,0.6594
HEARTS FIVE HEARTS KING,0.3326,0.008,0.6594
HEARTS FIVE HEARTS QUEEN,0.3444,0.0116,0.644
CLUBS TEN CLUBS SIX,0.5554,0.0166,0.428
HEARTS FIVE HEARTS ACE,0.3246,0.0054,0.67
CLUBS SIX CLUBS JACK,0.2096,0.3574,0.433
SPADES SEVEN HEARTS JACK,0.23,0.2994,0.4706
SPADES SEVEN HEARTS TEN,0.5786,0.0174,0.404
DIAMONDS TWO CLUBS TWO,0.4208,0.045,0.5342
DIAMONDS TWO CLUBS THREE,0.6318,0.0212,0.347
DIAMONDS TWO HEARTS SIX,0.6388,0.0178,0.3434
DIAMONDS TWO HEARTS QUEEN,0.4138,0.0124,0.5738
HEARTS SEVEN DIAMONDS TWO,0.6244,0.0196,0.356
DIAMONDS TWO HEARTS KING,0.4004,0.0078,0.5918
DIAMONDS TWO HEARTS EIGHT,0.6304,0.0202,0.3494
DIAMONDS TWO HEARTS ACE,0.3956,0.0034,0.601
DIAMONDS TWO HEARTS NINE,0.6174,0.0222,0.3604
DIAMONDS TWO DIAMONDS QUEEN,0.3752,0.013,0.6118
DIAMONDS TWO HEARTS TWO,0.4168,0.0548,0.5284
DIAMONDS TWO DIAMONDS KING,0.3764,0.008,0.6156
DIAMONDS TWO HEARTS THREE,0.6412,0.0264,0.3324
DIAMONDS TWO DIAMONDS ACE,0.3576,0.008,0.6344
HEARTS FOUR DIAMONDS TWO,0.695,0.0614,0.2436
HEARTS FIVE DIAMONDS TWO,0.6044,0.0218,0.3738
SPADES SEVEN HEARTS ACE,0.349,0.004,0.647
DIAMONDS TWO DIAMONDS TEN,0.5988,0.0156,0.3856
SPADES SEVEN HEARTS KING,0.3794,0.0056,0.615
DIAMONDS TWO DIAMONDS JACK,0.2594,0.4936,0.247
SPADES SEVEN HEARTS QUEEN,0.3778,0.0106,0.6116
DIAMONDS TWO SPADES NINE,0.6234,0.0192,0.3574
DIAMONDS TWO SPADES EIGHT,0.6272,0.021,0.3518
DIAMONDS TWO SPADES SEVEN,0.6302,0.0212,0.3486
DIAMONDS TWO SPADES SIX,0.6348,0.0256,0.3396
DIAMONDS TWO SPADES FIVE,0.6172,0.0246,0.3582
DIAMONDS TWO SPADES FOUR,0.6916,0.0628,0.2456
DIAMONDS TWO SPADES THREE,0.6516,0.0194,0.329
DIAMONDS TWO SPADES TWO,0.4188,0.0562,0.525
CLUBS NINE DIAMONDS TWO,0.6126,0.0186,0.3688
DIAMONDS TWO CLUBS EIGHT,0.6336,0.0208,0.3456
CLUBS SEVEN DIAMONDS TWO,0.636,0.0196,0.3444
DIAMONDS TWO CLUBS SIX,0.6252,0.0174,0.3574
DIAMONDS TWO CLUBS FIVE,0.6144,0.0206,0.365
DIAMONDS TWO CLUBS FOUR,0.6776,0.0672,0.2552
CLUBS FOUR SPADES FIVE,0.6616,0.0592,0.2792
CLUBS FOUR SPADES FOUR,0.294,0.0446,0.6614
CLUBS FOUR SPADES THREE,0.6648,0.0618,0.2734
CLUBS FOUR SPADES TWO,0.6872,0.0626,0.2502
SPADES NINE CLUBS FOUR,0.7112,0.0562,0.2326
SPADES EIGHT CLUBS FOUR,0.6934,0.0592,0.2474
SPADES SEVEN CLUBS FOUR,0.6706,0.061,0.2684
SPADES SIX CLUBS FOUR,0.6728,0.0572,0.27
SPADES ACE DIAMONDS SIX,0.3442,0.0054,0.6504
SPADES QUEEN DIAMONDS SIX,0.356,0.0108,0.6332
SPADES KING DIAMONDS SIX,0.3546,0.0064,0.639
SPADES TEN DIAMONDS SIX,0.5772,0.017,0.4058
SPADES QUEEN SPADES TWO,0.3742,0.01,0.6158
SPADES KING SPADES TWO,0.3674,0.0118,0.6208
SPADES ACE SPADES TWO,0.359,0.0054,0.6356
DIAMONDS JACK CLUBS JACK,0.088,0.039,0.873
CLUBS TEN DIAMONDS JACK,0.22,0.1164,0.6636
DIAMONDS JACK CLUBS KING,0.2292,0.032,0.7388
DIAMONDS JACK CLUBS QUEEN,0.2324,0.0428,0.7248
DIAMONDS THREE DIAMONDS JACK,0.2384,0.5114,0.2502
DIAMONDS THREE DIAMONDS TEN,0.5982,0.0178,0.384
DIAMONDS JACK CLUBS ACE,0.222,0.0214,0.7566
DIAMONDS THREE DIAMONDS KING,0.367,0.007,0.626
DIAMONDS THREE HEARTS THREE,0.4072,0.0496,0.5432
DIAMONDS THREE DIAMONDS QUEEN,0.3748,0.0112,0.614
DIAMONDS THREE HEARTS TWO,0.647,0.024,0.329
HEARTS FIVE DIAMONDS THREE,0.5868,0.0236,0.3896
DIAMONDS THREE DIAMONDS ACE,0.3726,0.0058,0.6216
HEARTS FOUR DIAMONDS THREE,0.6684,0.0634,0.2682
HEARTS SEVEN DIAMONDS THREE,0.6292,0.0178,0.353
SPADES TEN SPADES NINE,0.5232,0.0144,0.4624
HEARTS SIX DIAMONDS THREE,0.612,0.0202,0.3678
DIAMONDS THREE HEARTS NINE,0.6134,0.0168,0.3698
HEARTS ACE HEARTS KING,0.3014,0.0042,0.6944
SPADES TEN SPADES TWO,0.5852,0.0186,0.3962
DIAMONDS THREE HEARTS EIGHT,0.6198,0.0224,0.3578
SPADES ACE SPADES NINE,0.3388,0.003,0.6582
SPADES KING SPADES NINE,0.3406,0.0058,0.6536
SPADES QUEEN SPADES NINE,0.311,0.014,0.675
DIAMONDS THREE SPADES NINE,0.6252,0.0212,0.3536
DIAMONDS THREE SPADES EIGHT,0.6294,0.0216,0.349
DIAMONDS THREE SPADES SEVEN,0.6214,0.0226,0.356
DIAMONDS THREE SPADES SIX,0.6232,0.0192,0.3576
DIAMONDS THREE CLUBS SIX,0.6168,0.0204,0.3628
CLUBS FIVE CLUBS SIX,0.5336,0.0214,0.445
CLUBS SEVEN DIAMONDS THREE,0.6238,0.0172,0.359
CLUBS SEVEN CLUBS FIVE,0.5346,0.0204,0.445
DIAMONDS THREE CLUBS FOUR,0.665,0.066,0.269
DIAMONDS THREE CLUBS FIVE,0.591,0.0212,0.3878
DIAMONDS THREE CLUBS TWO,0.64,0.0216,0.3384
DIAMONDS THREE CLUBS THREE,0.413,0.0484,0.5386
DIAMONDS THREE SPADES FOUR,0.6764,0.066,0.2576
DIAMONDS THREE SPADES FIVE,0.6056,0.0248,0.3696
DIAMONDS THREE SPADES TWO,0.6324,0.0262,0.3414
DIAMONDS THREE SPADES THREE,0.4114,0.0552,0.5334
CLUBS EIGHT DIAMONDS THREE,0.6218,0.0198,0.3584
CLUBS NINE DIAMONDS THREE,0.6316,0.0164,0.352
SPADES SEVEN CLUBS ACE,0.3672,0.005,0.6278
SPADES SEVEN CLUBS QUEEN,0.3668,0.0108,0.6224
SPADES SEVEN CLUBS KING,0.3582,0.008,0.6338
CLUBS FIVE SPADES SEVEN,0.5594,0.0202,0.4204
CLUBS TEN SPADES SEVEN,0.572,0.0156,0.4124
CLUBS FIVE SPADES SIX,0.564,0.0174,0.4186
SPADES SEVEN CLUBS JACK,0.2232,0.2978,0.479
SPADES NINE CLUBS FIVE,0.5714,0.0162,0.4124
CLUBS FIVE SPADES EIGHT,0.5726,0.0218,0.4056
CLUBS FIVE SPADES THREE,0.5932,0.0206,0.3862
CLUBS FIVE SPADES TWO,0.601,0.0232,0.3758
CLUBS FIVE SPADES FIVE,0.3134,0.0514,0.6352
CLUBS FIVE SPADES FOUR,0.641,0.0588,0.3002
CLUBS NINE CLUBS FIVE,0.5354,0.0162,0.4484
CLUBS EIGHT CLUBS FIVE,0.5384,0.0218,0.4398
CLUBS ACE CLUBS QUEEN,0.304,0.0056,0.6904
CLUBS KING CLUBS QUEEN,0.2938,0.0084,0.6978
CLUBS TEN DIAMONDS NINE,0.5414,0.0124,0.4462
DIAMONDS NINE CLUBS JACK,0.2136,0.1696,0.6168
SPADES NINE CLUBS JACK,0.2212,0.1706,0.6082
CLUBS TEN SPADES NINE,0.5346,0.0182,0.4472
DIAMONDS JACK HEARTS TEN,0.2174,0.1222,0.6604
SPADES NINE CLUBS KING,0.3522,0.009,0.6388
DIAMONDS TWO SPADES TEN,0.608,0.0184,0.3736
DIAMONDS NINE CLUBS ACE,0.3408,0.0062,0.653
DIAMONDS JACK HEARTS JACK,0.0822,0.0428,0.875
SPADES NINE CLUBS QUEEN,0.3482,0.009,0.6428
DIAMONDS NINE CLUBS QUEEN,0.3352,0.0094,0.6554
SPADES NINE CLUBS ACE,0.3652,0.0042,0.6306
DIAMONDS NINE CLUBS KING,0.351,0.006,0.643
HEARTS ACE DIAMONDS JACK,0.2268,0.018,0.7552
SPADES ACE DIAMONDS TWO,0.3926,0.0068,0.6006
HEARTS QUEEN DIAMONDS JACK,0.224,0.0408,0.7352
SPADES QUEEN DIAMONDS TWO,0.3874,0.0132,0.5994
HEARTS KING DIAMONDS JACK,0.2178,0.0318,0.7504
SPADES KING DIAMONDS TWO,0.4104,0.0102,0.5794
SPADES TEN SPADES SEVEN,0.5366,0.0178,0.4456
CLUBS SEVEN CLUBS THREE,0.5856,0.0198,0.3946
CLUBS SIX CLUBS THREE,0.5764,0.017,0.4066
CLUBS FIVE CLUBS THREE,0.5492,0.0252,0.4256
CLUBS THREE CLUBS FOUR,0.6278,0.0612,0.311
CLUBS NINE CLUBS THREE,0.5752,0.0216,0.4032
CLUBS EIGHT CLUBS THREE,0.5826,0.0188,0.3986
CLUBS THREE SPADES FIVE,0.5852,0.0198,0.395
CLUBS THREE SPADES FOUR,0.6722,0.0592,0.2686
CLUBS THREE SPADES THREE,0.4026,0.0492,0.5482
CLUBS THREE SPADES TWO,0.6302,0.0194,0.3504
CLUBS THREE SPADES SIX,0.603,0.0194,0.3776
SPADES SEVEN CLUBS THREE,0.6176,0.0212,0.3612
SPADES EIGHT CLUBS THREE,0.6264,0.0212,0.3524
SPADES NINE CLUBS THREE,0.628,0.0224,0.3496
DIAMONDS TEN DIAMONDS FIVE,0.5704,0.0202,0.4094
DIAMONDS JACK DIAMONDS FIVE,0.2134,0.4452,0.3414
DIAMONDS NINE HEARTS QUEEN,0.3498,0.0098,0.6404
DIAMONDS NINE HEARTS KING,0.3476,0.0038,0.6486
HEARTS ACE DIAMONDS NINE,0.362,0.0036,0.6344
DIAMONDS NINE HEARTS TEN,0.5334,0.0134,0.4532
DIAMONDS NINE HEARTS JACK,0.2148,0.165,0.6202
DIAMONDS SIX CLUBS KING,0.3624,0.0082,0.6294
DIAMONDS SIX CLUBS QUEEN,0.3578,0.0108,0.6314
CLUBS ACE DIAMONDS SIX,0.3494,0.004,0.6466
SPADES ACE SPADES SEVEN,0.3452,0.0056,0.6492
SPADES QUEEN SPADES SEVEN,0.3358,0.012,0.6522
DIAMONDS SIX CLUBS JACK,0.2226,0.3808,0.3966
SPADES KING SPADES SEVEN,0.3364,0.0082,0.6554
CLUBS TEN DIAMONDS SIX,0.5832,0.019,0.3978
CLUBS NINE CLUBS FOUR,0.652,0.053,0.295
CLUBS EIGHT CLUBS FOUR,0.6358,0.055,0.3092
CLUBS FIVE CLUBS FOUR,0.618,0.0534,0.3286
CLUBS SEVEN CLUBS FOUR,0.637,0.0586,0.3044
CLUBS SIX CLUBS FOUR,0.6298,0.0552,0.315
CLUBS SEVEN SPADES EIGHT,0.5584,0.0172,0.4244
CLUBS SEVEN SPADES NINE,0.558,0.0196,0.4224
CLUBS SEVEN SPADES SIX,0.5652,0.0222,0.4126
CLUBS SEVEN SPADES SEVEN,0.3016,0.0408,0.6576
CLUBS SEVEN SPADES FIVE,0.5652,0.0216,0.4132
CLUBS SEVEN SPADES FOUR,0.6788,0.0572,0.264
CLUBS SEVEN SPADES THREE,0.6208,0.0196,0.3596
CLUBS SEVEN SPADES TWO,0.6326,0.0216,0.3458
CLUBS NINE CLUBS SEVEN,0.5192,0.0162,0.4646
CLUBS SEVEN CLUBS EIGHT,0.5128,0.019,0.4682
HEARTS SIX DIAMONDS FIVE,0.5558,0.0184,0.4258
HEARTS SEVEN DIAMONDS FIVE,0.5516,0.0218,0.4266
DIAMONDS FIVE HEARTS EIGHT,0.5716,0.019,0.4094
DIAMONDS FIVE HEARTS NINE,0.5766,0.0198,0.4036
DIAMONDS QUEEN DIAMONDS FIVE,0.3472,0.0126,0.6402
HEARTS TWO DIAMONDS FIVE,0.597,0.0232,0.3798
HEARTS KING HEARTS EIGHT,0.3456,0.0062,0.6482
DIAMONDS KING DIAMONDS FIVE,0.3472,0.0094,0.6434
HEARTS THREE DIAMONDS FIVE,0.5758,0.0232,0.401
HEARTS QUEEN HEARTS EIGHT,0.3352,0.0096,0.6552
DIAMONDS ACE DIAMONDS FIVE,0.3466,0.005,0.6484
HEARTS FOUR DIAMONDS FIVE,0.6324,0.0638,0.3038
HEARTS FIVE DIAMONDS FIVE,0.3152,0.0468,0.638
HEARTS ACE HEARTS EIGHT,0.339,0.0032,0.6578
CLUBS FOUR DIAMONDS FIVE,0.6378,0.0598,0.3024
CLUBS FIVE DIAMONDS FIVE,0.3112,0.0426,0.6462
CLUBS SIX DIAMONDS FIVE,0.5564,0.0194,0.4242
CLUBS SEVEN DIAMONDS FIVE,0.545,0.0202,0.4348
CLUBS TWO DIAMONDS FIVE,0.6056,0.0212,0.3732
CLUBS THREE DIAMONDS FIVE,0.5848,0.0164,0.3988
SPADES THREE DIAMONDS FIVE,0.5924,0.018,0.3896
SPADES TWO DIAMONDS FIVE,0.6056,0.019,0.3754
SPADES FIVE DIAMONDS FIVE,0.3136,0.0492,0.6372
CLUBS TEN HEARTS JACK,0.2288,0.1096,0.6616
SPADES TEN DIAMONDS EIGHT,0.5522,0.0168,0.431
SPADES FOUR DIAMONDS FIVE,0.6418,0.0634,0.2948
HEARTS JACK CLUBS JACK,0.0906,0.0398,0.8696
HEARTS JACK CLUBS QUEEN,0.2264,0.036,0.7376
CLUBS NINE DIAMONDS FIVE,0.577,0.0168,0.4062
CLUBS KING HEARTS JACK,0.2308,0.032,0.7372
CLUBS EIGHT DIAMONDS FIVE,0.5704,0.019,0.4106
CLUBS ACE HEARTS JACK,0.2258,0.0238,0.7504
SPADES SEVEN DIAMONDS FIVE,0.5706,0.0208,0.4086
SPADES KING DIAMONDS EIGHT,0.3644,0.0082,0.6274
SPADES SIX DIAMONDS FIVE,0.5684,0.0214,0.4102
SPADES QUEEN DIAMONDS EIGHT,0.37,0.0092,0.6208
SPADES NINE DIAMONDS FIVE,0.5848,0.0186,0.3966
SPADES EIGHT DIAMONDS FIVE,0.577,0.0192,0.4038
SPADES ACE DIAMONDS EIGHT,0.353,0.0058,0.6412
DIAMONDS TEN DIAMONDS SIX,0.551,0.02,0.429
HEARTS ACE DIAMONDS SEVEN,0.355,0.0028,0.6422
DIAMONDS JACK DIAMONDS SIX,0.2126,0.3754,0.412
HEARTS QUEEN DIAMONDS SEVEN,0.364,0.0084,0.6276
HEARTS KING DIAMONDS SEVEN,0.3538,0.0072,0.639
DIAMONDS ACE DIAMONDS SIX,0.3456,0.0038,0.6506
HEARTS FOUR DIAMONDS SIX,0.6596,0.0552,0.2852
SPADES TWO HEARTS JACK,0.279,0.5132,0.2078
HEARTS FIVE DIAMONDS SIX,0.5586,0.0206,0.4208
SPADES TWO HEARTS TEN,0.6216,0.0202,0.3582
DIAMONDS QUEEN DIAMONDS SIX,0.3478,0.013,0.6392
HEARTS TWO DIAMONDS SIX,0.6138,0.0192,0.367
DIAMONDS KING DIAMONDS SIX,0.3546,0.0094,0.636
HEARTS THREE DIAMONDS SIX,0.5976,0.0232,0.3792
DIAMONDS SIX HEARTS EIGHT,0.5644,0.0174,0.4182
DIAMONDS SIX HEARTS NINE,0.5646,0.0182,0.4172
HEARTS SIX DIAMONDS SIX,0.3062,0.0406,0.6532
HEARTS SEVEN DIAMONDS SIX,0.5588,0.0178,0.4234
HEARTS TEN DIAMONDS SEVEN,0.5604,0.018,0.4216
CLUBS TWO DIAMONDS SIX,0.6306,0.0212,0.3482
HEARTS JACK DIAMONDS SEVEN,0.2272,0.2984,0.4744
CLUBS THREE DIAMONDS SIX,0.6076,0.0202,0.3722
CLUBS SEVEN DIAMONDS SIX,0.5562,0.0234,0.4204
DIAMONDS EIGHT CLUBS JACK,0.2206,0.2202,0.5592
CLUBS SIX DIAMONDS SIX,0.3128,0.047,0.6402
CLUBS TEN DIAMONDS EIGHT,0.551,0.015,0.434
CLUBS FIVE DIAMONDS SIX,0.5682,0.0208,0.411
CLUBS FOUR DIAMONDS SIX,0.6684,0.0566,0.275
HEARTS ACE HEARTS JACK,0.2162,0.0178,0.766
CLUBS ACE DIAMONDS EIGHT,0.366,0.0048,0.6292
HEARTS QUEEN HEARTS JACK,0.208,0.0406,0.7514
CLUBS KING DIAMONDS EIGHT,0.3582,0.0078,0.634
CLUBS NINE DIAMONDS SIX,0.5558,0.0164,0.4278
HEARTS KING HEARTS JACK,0.2124,0.0326,0.755
CLUBS QUEEN DIAMONDS EIGHT,0.3446,0.0106,0.6448
CLUBS EIGHT DIAMONDS SIX,0.5572,0.0174,0.4254
SPADES TEN HEARTS KING,0.3492,0.0084,0.6424
SPADES FIVE DIAMONDS SIX,0.562,0.0206,0.4174
HEARTS ACE SPADES TWO,0.38,0.004,0.616
SPADES FOUR DIAMONDS SIX,0.6608,0.0614,0.2778
SPADES THREE DIAMONDS SIX,0.604,0.0212,0.3748
HEARTS QUEEN SPADES TWO,0.4052,0.0106,0.5842
SPADES ACE SPADES KING,0.3018,0.0058,0.6924
SPADES TWO HEARTS KING,0.3956,0.0092,0.5952
SPADES TWO DIAMONDS SIX,0.631,0.0238,0.3452
HEARTS TEN HEARTS EIGHT,0.5154,0.0196,0.465
SPADES NINE DIAMONDS SIX,0.5558,0.0176,0.4266
HEARTS JACK HEARTS EIGHT,0.2226,0.2098,0.5676
SPADES EIGHT DIAMONDS SIX,0.5634,0.0164,0.4202
SPADES SEVEN DIAMONDS SIX,0.5514,0.016,0.4326
SPADES SIX DIAMONDS SIX,0.2948,0.0396,0.6656
SPADES KING HEARTS KING,0.1374,0.0072,0.8554
SPADES QUEEN HEARTS KING,0.306,0.0072,0.6868
CLUBS ACE CLUBS KING,0.3088,0.004,0.6872
SPADES ACE HEARTS KING,0.3148,0.0062,0.679
SPADES ACE HEARTS JACK,0.2164,0.0216,0.762
SPADES QUEEN HEARTS JACK,0.23,0.039,0.731
SPADES KING HEARTS JACK,0.2188,0.0332,0.748
SPADES TEN DIAMONDS TEN,0.2692,0.023,0.7078
SPADES ACE DIAMONDS TEN,0.3292,0.0058,0.665
SPADES TEN HEARTS JACK,0.2348,0.1178,0.6474
SPADES QUEEN DIAMONDS TEN,0.3172,0.0132,0.6696
SPADES KING DIAMONDS TEN,0.3312,0.0058,0.663
SPADES NINE DIAMONDS SEVEN,0.5556,0.018,0.4264
SPADES EIGHT DIAMONDS SEVEN,0.5368,0.0184,0.4448
SPADES SEVEN DIAMONDS SEVEN,0.3138,0.0394,0.6468
SPADES SIX DIAMONDS SEVEN,0.5502,0.0216,0.4282
DIAMONDS KING DIAMONDS SEVEN,0.3356,0.0096,0.6548
HEARTS THREE DIAMONDS SEVEN,0.6162,0.0224,0.3614
HEARTS KING DIAMONDS FIVE,0.3538,0.0086,0.6376
DIAMONDS QUEEN DIAMONDS SEVEN,0.343,0.0122,0.6448
HEARTS TWO DIAMONDS SEVEN,0.6248,0.019,0.3562
HEARTS QUEEN DIAMONDS FIVE,0.3586,0.0112,0.6302
HEARTS FIVE DIAMONDS SEVEN,0.5696,0.0212,0.4092
DIAMONDS ACE DIAMONDS SEVEN,0.342,0.0048,0.6532
HEARTS FOUR DIAMONDS SEVEN,0.6762,0.054,0.2698
HEARTS ACE DIAMONDS FIVE,0.341,0.005,0.654
HEARTS SEVEN DIAMONDS SEVEN,0.2938,0.0386,0.6676
HEARTS SIX DIAMONDS SEVEN,0.5502,0.0176,0.4322
HEARTS NINE DIAMONDS SEVEN,0.5506,0.0152,0.4342
HEARTS EIGHT DIAMONDS SEVEN,0.5488,0.0204,0.4308
DIAMONDS JACK DIAMONDS SEVEN,0.2204,0.2786,0.501
HEARTS JACK DIAMONDS FIVE,0.215,0.4602,0.3248
DIAMONDS TEN DIAMONDS SEVEN,0.5372,0.0174,0.4454
HEARTS TEN DIAMONDS FIVE,0.5974,0.0218,0.3808
SPADES KING CLUBS TWO,0.3916,0.011,0.5974
HEARTS KING CLUBS KING,0.1402,0.006,0.8538
CLUBS EIGHT DIAMONDS SEVEN,0.5412,0.0168,0.442
SPADES QUEEN CLUBS TWO,0.3928,0.0112,0.596
HEARTS KING CLUBS QUEEN,0.3136,0.0058,0.6806
CLUBS NINE DIAMONDS SEVEN,0.5442,0.0178,0.438
SPADES TWO CLUBS JACK,0.2694,0.5136,0.217
SPADES ACE CLUBS TWO,0.3854,0.0034,0.6112
CLUBS TEN SPADES TWO,0.6294,0.0182,0.3524
HEARTS KING CLUBS ACE,0.331,0.0056,0.6634
CLUBS SEVEN CLUBS SIX,0.5144,0.0182,0.4674
SPADES TWO CLUBS KING,0.3918,0.011,0.5972
SPADES TWO DIAMONDS SEVEN,0.6412,0.0182,0.3406
CLUBS EIGHT CLUBS SIX,0.5294,0.0188,0.4518
SPADES THREE DIAMONDS SEVEN,0.6068,0.0208,0.3724
SPADES TWO CLUBS QUEEN,0.3942,0.0168,0.589
CLUBS NINE CLUBS SIX,0.5408,0.0146,0.4446
SPADES FOUR DIAMONDS SEVEN,0.6778,0.063,0.2592
HEARTS KING CLUBS JACK,0.235,0.0324,0.7326
SPADES FIVE DIAMONDS SEVEN,0.5748,0.0218,0.4034
SPADES TWO CLUBS ACE,0.3976,0.0046,0.5978
CLUBS TEN HEARTS KING,0.3456,0.0052,0.6492
CLUBS SIX SPADES TWO,0.6242,0.0206,0.3552
CLUBS SIX SPADES THREE,0.6052,0.018,0.3768
CLUBS TWO DIAMONDS SEVEN,0.6242,0.0218,0.354
CLUBS SIX SPADES FOUR,0.671,0.0574,0.2716
CLUBS THREE DIAMONDS SEVEN,0.604,0.0222,0.3738
CLUBS SIX SPADES FIVE,0.5596,0.0212,0.4192
CLUBS FOUR DIAMONDS SEVEN,0.6816,0.059,0.2594
CLUBS SIX SPADES SIX,0.309,0.0406,0.6504
CLUBS FIVE DIAMONDS SEVEN,0.5696,0.0192,0.4112
CLUBS SIX SPADES SEVEN,0.5724,0.0164,0.4112
CLUBS SIX DIAMONDS SEVEN,0.5432,0.0178,0.439
SPADES EIGHT CLUBS SIX,0.5608,0.0162,0.423
CLUBS SEVEN DIAMONDS SEVEN,0.3094,0.0394,0.6512
SPADES NINE CLUBS SIX,0.5668,0.02,0.4132
SPADES TEN CLUBS TWO,0.6226,0.02,0.3574
CLUBS TWO CLUBS QUEEN,0.377,0.0122,0.6108
CLUBS TWO CLUBS KING,0.373,0.007,0.62
CLUBS THREE DIAMONDS EIGHT,0.6222,0.0176,0.3602
CLUBS TWO CLUBS ACE,0.3542,0.0052,0.6406
CLUBS TWO DIAMONDS EIGHT,0.6196,0.0172,0.3632
HEARTS SEVEN DIAMONDS EIGHT,0.54,0.0144,0.4456
HEARTS SIX DIAMONDS EIGHT,0.5628,0.019,0.4182
DIAMONDS EIGHT HEARTS NINE,0.5354,0.0196,0.445
CLUBS TEN CLUBS TWO,0.576,0.0206,0.4034
HEARTS EIGHT DIAMONDS EIGHT,0.2904,0.033,0.6766
CLUBS TWO CLUBS JACK,0.2558,0.483,0.2612
CLUBS NINE DIAMONDS EIGHT,0.5356,0.0176,0.4468
CLUBS EIGHT DIAMONDS EIGHT,0.2874,0.0302,0.6824
CLUBS FIVE DIAMONDS EIGHT,0.5656,0.0184,0.416
SPADES ACE SPADES THREE,0.3698,0.0058,0.6244
CLUBS FOUR DIAMONDS EIGHT,0.6894,0.063,0.2476
CLUBS SEVEN DIAMONDS EIGHT,0.544,0.0198,0.4362
SPADES QUEEN SPADES THREE,0.3792,0.0128,0.608
CLUBS SIX DIAMONDS EIGHT,0.5558,0.0174,0.4268
SPADES KING SPADES THREE,0.3766,0.0074,0.616
DIAMONDS QUEEN DIAMONDS EIGHT,0.3438,0.0124,0.6438
HEARTS TWO DIAMONDS EIGHT,0.6296,0.0204,0.35
DIAMONDS KING DIAMONDS EIGHT,0.345,0.0066,0.6484
HEARTS THREE DIAMONDS EIGHT,0.6236,0.0192,0.3572
DIAMONDS ACE DIAMONDS EIGHT,0.3564,0.0048,0.6388
HEARTS FOUR DIAMONDS EIGHT,0.6812,0.0584,0.2604
HEARTS FIVE DIAMONDS EIGHT,0.569,0.0198,0.4112
DIAMONDS TEN DIAMONDS EIGHT,0.5138,0.0186,0.4676
DIAMONDS JACK DIAMONDS EIGHT,0.2156,0.2074,0.577
SPADES TEN SPADES THREE,0.5952,0.0188,0.386
CLUBS FOUR HEARTS ACE,0.2358,0.0198,0.7444
CLUBS FOUR HEARTS QUEEN,0.2384,0.0464,0.7152
CLUBS FOUR HEARTS KING,0.2426,0.0358,0.7216
CLUBS SIX HEARTS TEN,0.5768,0.0172,0.406
CLUBS SIX HEARTS JACK,0.2224,0.393,0.3846
SPADES FOUR DIAMONDS EIGHT,0.7018,0.06,0.2382
SPADES FIVE DIAMONDS EIGHT,0.5826,0.0222,0.3952
SPADES TWO DIAMONDS EIGHT,0.6262,0.0168,0.357
SPADES THREE DIAMONDS EIGHT,0.6298,0.0206,0.3496
CLUBS FOUR HEARTS JACK,0.0214,0.9564,0.0222
SPADES EIGHT DIAMONDS EIGHT,0.2786,0.0328,0.6886
SPADES TEN HEARTS TWO,0.6288,0.0194,0.3518
SPADES TEN DIAMONDS QUEEN,0.3386,0.0098,0.6516
CLUBS FOUR HEARTS TEN,0.7114,0.0564,0.2322
SPADES NINE DIAMONDS EIGHT,0.5456,0.02,0.4344
SPADES TEN HEARTS EIGHT,0.5522,0.0138,0.434
SPADES SIX DIAMONDS EIGHT,0.573,0.0198,0.4072
SPADES SEVEN DIAMONDS EIGHT,0.5426,0.0176,0.4398
SPADES ACE HEARTS TWO,0.381,0.0056,0.6134
SPADES ACE DIAMONDS QUEEN,0.3136,0.0068,0.6796
SPADES ACE HEARTS EIGHT,0.3688,0.0048,0.6264
SPADES KING HEARTS EIGHT,0.3698,0.0066,0.6236
SPADES QUEEN HEARTS TWO,0.3998,0.0116,0.5886
SPADES QUEEN DIAMONDS QUEEN,0.1226,0.013,0.8644
SPADES KING DIAMONDS QUEEN,0.302,0.0048,0.6932
SPADES KING HEARTS TWO,0.3918,0.0074,0.6008
SPADES QUEEN HEARTS EIGHT,0.3486,0.0096,0.6418
CLUBS TWO HEARTS TEN,0.615,0.0164,0.3686
CLUBS TWO HEARTS JACK,0.2594,0.5174,0.2232
SPADES SEVEN DIAMONDS NINE,0.553,0.0188,0.4282
SPADES SIX DIAMONDS NINE,0.5746,0.0166,0.4088
SPADES NINE DIAMONDS NINE,0.2688,0.0316,0.6996
SPADES EIGHT DIAMONDS NINE,0.5314,0.0148,0.4538
SPADES TEN CLUBS KING,0.344,0.0068,0.6492
DIAMONDS NINE SPADES THREE,0.633,0.017,0.35
DIAMONDS NINE SPADES TWO,0.6304,0.0174,0.3522
SPADES FIVE DIAMONDS NINE,0.592,0.0174,0.3906
SPADES FOUR DIAMONDS NINE,0.7126,0.0612,0.2262
CLUBS NINE DIAMONDS NINE,0.2786,0.0284,0.693
CLUBS EIGHT DIAMONDS NINE,0.5326,0.0178,0.4496
CLUBS SIX DIAMONDS NINE,0.5608,0.0196,0.4196
CLUBS SEVEN DIAMONDS NINE,0.5518,0.0166,0.4316
SPADES TEN CLUBS FOUR,0.7132,0.066,0.2208
CLUBS FOUR DIAMONDS NINE,0.6938,0.057,0.2492
CLUBS FIVE DIAMONDS NINE,0.5822,0.021,0.3968
CLUBS TWO DIAMONDS NINE,0.6238,0.0156,0.3606
CLUBS THREE DIAMONDS NINE,0.6158,0.022,0.3622
DIAMONDS NINE HEARTS EIGHT,0.538,0.0182,0.4438
DIAMONDS NINE HEARTS NINE,0.28,0.0248,0.6952
HEARTS SIX DIAMONDS NINE,0.5684,0.0188,0.4128
HEARTS SEVEN DIAMONDS NINE,0.5574,0.0178,0.4248
CLUBS NINE CLUBS EIGHT,0.493,0.0138,0.4932
DIAMONDS ACE DIAMONDS NINE,0.3654,0.0048,0.6298
HEARTS FOUR DIAMONDS NINE,0.6954,0.0614,0.2432
HEARTS FIVE DIAMONDS NINE,0.59,0.0202,0.3898
HEARTS ACE CLUBS TWO,0.3872,0.0056,0.6072
SPADES ACE CLUBS FOUR,0.2198,0.0258,0.7544
DIAMONDS NINE DIAMONDS QUEEN,0.322,0.0096,0.6684
HEARTS TWO DIAMONDS NINE,0.6018,0.0202,0.378
CLUBS TWO HEARTS KING,0.4052,0.0102,0.5846
SPADES KING CLUBS FOUR,0.215,0.0378,0.7472
DIAMONDS KING DIAMONDS NINE,0.3286,0.0072,0.6642
HEARTS THREE DIAMONDS NINE,0.6208,0.0176,0.3616
CLUBS TWO HEARTS QUEEN,0.4066,0.0106,0.5828
SPADES QUEEN CLUBS FOUR,0.2328,0.0552,0.712
DIAMONDS NINE DIAMONDS JACK,0.2112,0.169,0.6198
CLUBS EIGHT SPADES NINE,0.5546,0.0176,0.4278
DIAMONDS TEN DIAMONDS NINE,0.5092,0.016,0.4748
CLUBS EIGHT SPADES EIGHT,0.2958,0.036,0.6682
CLUBS EIGHT SPADES SEVEN,0.553,0.016,0.431
CLUBS EIGHT SPADES SIX,0.5698,0.018,0.4122
CLUBS EIGHT SPADES FIVE,0.5908,0.0162,0.393
CLUBS EIGHT SPADES FOUR,0.691,0.0612,0.2478
CLUBS EIGHT SPADES THREE,0.6308,0.023,0.3462
CLUBS EIGHT SPADES TWO,0.6218,0.0186,0.3596
HEARTS SIX DIAMONDS TEN,0.5848,0.0172,0.398
HEARTS SEVEN DIAMONDS TEN,0.5674,0.0142,0.4184
DIAMONDS TEN HEARTS EIGHT,0.5672,0.0138,0.419
CLUBS FOUR CLUBS JACK,0.0234,0.901,0.0756
DIAMONDS TEN HEARTS NINE,0.5222,0.0168,0.461
CLUBS TEN CLUBS FOUR,0.6694,0.0554,0.2752
CLUBS FOUR CLUBS KING,0.2298,0.0376,0.7326
CLUBS FOUR CLUBS QUEEN,0.2202,0.0446,0.7352
DIAMONDS TEN CLUBS TWO,0.6162,0.016,0.3678
CLUBS THREE DIAMONDS TEN,0.6208,0.015,0.3642
CLUBS FOUR CLUBS ACE,0.2266,0.024,0.7494
DIAMONDS TEN DIAMONDS JACK,0.2194,0.1156,0.665
DIAMONDS TEN DIAMONDS QUEEN,0.296,0.0088,0.6952
HEARTS TWO DIAMONDS TEN,0.6256,0.0166,0.3578
DIAMONDS KING DIAMONDS TEN,0.327,0.0078,0.6652
HEARTS THREE DIAMONDS TEN,0.617,0.0204,0.3626
DIAMONDS ACE DIAMONDS TEN,0.3376,0.0036,0.6588
HEARTS FOUR DIAMONDS TEN,0.6964,0.0674,0.2362
CLUBS EIGHT HEARTS JACK,0.222,0.225,0.553
HEARTS FIVE DIAMONDS TEN,0.5802,0.019,0.4008
CLUBS EIGHT HEARTS TEN,0.558,0.0132,0.4288
CLUBS EIGHT HEARTS QUEEN,0.3582,0.0078,0.634
CLUBS EIGHT HEARTS KING,0.374,0.0074,0.6186
CLUBS EIGHT HEARTS ACE,0.3618,0.0036,0.6346
CLUBS NINE SPADES THREE,0.6258,0.0214,0.3528
CLUBS NINE SPADES TWO,0.6362,0.0162,0.3476
CLUBS NINE SPADES FIVE,0.588,0.015,0.397
CLUBS NINE SPADES FOUR,0.703,0.0606,0.2364
CLUBS NINE SPADES SEVEN,0.5564,0.0168,0.4268
CLUBS NINE SPADES SIX,0.571,0.0198,0.4092
CLUBS NINE SPADES NINE,0.289,0.0284,0.6826
CLUBS TEN HEARTS EIGHT,0.5508,0.0134,0.4358
CLUBS NINE SPADES EIGHT,0.5432,0.017,0.4398
HEARTS EIGHT CLUBS JACK,0.2306,0.2178,0.5516
CLUBS QUEEN HEARTS EIGHT,0.3622,0.0092,0.6286
CLUBS KING HEARTS EIGHT,0.3612,0.0088,0.63
CLUBS ACE HEARTS EIGHT,0.3658,0.0024,0.6318
SPADES KING CLUBS KING,0.1376,0.0072,0.8552
SPADES QUEEN CLUBS KING,0.3168,0.0094,0.6738
SPADES ACE CLUBS KING,0.3156,0.0048,0.6796
DIAMONDS ACE HEARTS TEN,0.3492,0.0026,0.6482
HEARTS FOUR HEARTS TEN,0.6638,0.063,0.2732
DIAMONDS ACE HEARTS JACK,0.214,0.0236,0.7624
HEARTS FOUR HEARTS JACK,0.0226,0.9032,0.0742
SPADES KING CLUBS FIVE,0.3536,0.011,0.6354
SPADES QUEEN CLUBS FIVE,0.3538,0.0122,0.634
SPADES ACE CLUBS FIVE,0.3436,0.0038,0.6526
HEARTS SEVEN DIAMONDS JACK,0.22,0.3016,0.4784
HEARTS SIX DIAMONDS JACK,0.23,0.3638,0.4062
DIAMONDS JACK HEARTS NINE,0.2218,0.175,0.6032
DIAMONDS JACK HEARTS EIGHT,0.219,0.2242,0.5568
DIAMONDS KING DIAMONDS JACK,0.2232,0.0326,0.7442
HEARTS THREE DIAMONDS JACK,0.2626,0.511,0.2264
SPADES ACE SPADES SIX,0.3408,0.0068,0.6524
HEARTS ACE SPADES FOUR,0.2438,0.0268,0.7294
DIAMONDS QUEEN DIAMONDS JACK,0.2186,0.04,0.7414
HEARTS TWO DIAMONDS JACK,0.2596,0.5156,0.2248
HEARTS FIVE DIAMONDS JACK,0.2188,0.461,0.3202
SPADES QUEEN SPADES SIX,0.3372,0.0098,0.653
SPADES FOUR HEARTS QUEEN,0.2358,0.0484,0.7158
DIAMONDS ACE DIAMONDS JACK,0.2288,0.0228,0.7484
HEARTS FOUR DIAMONDS JACK,0.012,0.9696,0.0184
SPADES KING SPADES SIX,0.3402,0.0088,0.651
SPADES FOUR HEARTS KING,0.2312,0.0346,0.7342
SPADES TEN SPADES SIX,0.5598,0.0176,0.4226
SPADES FOUR DIAMONDS JACK,0.0084,0.985,0.0066
SPADES FIVE DIAMONDS JACK,0.2114,0.4802,0.3084
SPADES TWO DIAMONDS JACK,0.2604,0.5296,0.21
SPADES THREE DIAMONDS JACK,0.2474,0.5334,0.2192
SPADES ACE DIAMONDS THREE,0.3778,0.006,0.6162
SPADES QUEEN DIAMONDS THREE,0.3912,0.0124,0.5964
CLUBS EIGHT DIAMONDS JACK,0.2234,0.2226,0.554
SPADES KING DIAMONDS THREE,0.3854,0.0088,0.6058
CLUBS NINE DIAMONDS JACK,0.2228,0.1702,0.607
CLUBS SIX DIAMONDS JACK,0.2214,0.3792,0.3994
CLUBS SEVEN DIAMONDS JACK,0.222,0.293,0.485
CLUBS FOUR DIAMONDS JACK,0.01,0.972,0.018
CLUBS FIVE DIAMONDS JACK,0.2174,0.4572,0.3254
CLUBS TWO DIAMONDS JACK,0.2552,0.5208,0.224
CLUBS THREE DIAMONDS JACK,0.2612,0.5138,0.225
SPADES TEN CLUBS FIVE,0.5934,0.0184,0.3882
SPADES TEN HEARTS SIX,0.592,0.0174,0.3906
CLUBS SEVEN CLUBS ACE,0.3406,0.0044,0.655
SPADES TEN DIAMONDS THREE,0.635,0.0188,0.3462
CLUBS SEVEN CLUBS QUEEN,0.337,0.012,0.651
CLUBS SEVEN CLUBS KING,0.332,0.0078,0.6602
SPADES NINE DIAMONDS JACK,0.2192,0.1724,0.6084
CLUBS TEN CLUBS SEVEN,0.5312,0.0178,0.451
DIAMONDS ACE HEARTS ACE,0.1194,0.0042,0.8764
HEARTS FOUR HEARTS ACE,0.2268,0.0302,0.743
SPADES EIGHT DIAMONDS JACK,0.2296,0.232,0.5384
SPADES ACE HEARTS SIX,0.3666,0.0052,0.6282
CLUBS SEVEN CLUBS JACK,0.2194,0.2772,0.5034
DIAMONDS ACE HEARTS KING,0.3258,0.0042,0.67
HEARTS FOUR HEARTS KING,0.2202,0.0384,0.7414
SPADES SEVEN DIAMONDS JACK,0.2148,0.3056,0.4796
SPADES KING HEARTS SIX,0.3612,0.0052,0.6336
DIAMONDS ACE HEARTS QUEEN,0.3174,0.005,0.6776
HEARTS FOUR HEARTS QUEEN,0.2208,0.049,0.7302
SPADES SIX DIAMONDS JACK,0.2102,0.4042,0.3856
SPADES QUEEN HEARTS SIX,0.3608,0.01,0.6292
DIAMONDS TEN SPADES TWO,0.621,0.0188,0.3602
DIAMONDS TEN SPADES THREE,0.634,0.0218,0.3442
DIAMONDS TEN SPADES FOUR,0.6952,0.0654,0.2394
SPADES FIVE DIAMONDS TEN,0.5992,0.0162,0.3846
SPADES SIX DIAMONDS TEN,0.5824,0.0176,0.4
SPADES SEVEN DIAMONDS TEN,0.5624,0.0192,0.4184
SPADES EIGHT DIAMONDS TEN,0.5554,0.0182,0.4264
SPADES NINE DIAMONDS TEN,0.5316,0.0168,0.4516
CLUBS FOUR DIAMONDS TEN,0.6988,0.0626,0.2386
CLUBS FIVE DIAMONDS TEN,0.604,0.0182,0.3778
CLUBS SIX DIAMONDS TEN,0.5778,0.0174,0.4048
CLUBS SEVEN DIAMONDS TEN,0.5666,0.0178,0.4156
CLUBS EIGHT DIAMONDS TEN,0.5592,0.0196,0.4212
CLUBS NINE DIAMONDS TEN,0.542,0.0154,0.4426
DIAMONDS THREE CLUBS JACK,0.2668,0.524,0.2092
CLUBS TEN DIAMONDS THREE,0.639,0.0204,0.3406
DIAMONDS THREE CLUBS KING,0.4026,0.0084,0.589
DIAMONDS THREE CLUBS QUEEN,0.3906,0.011,0.5984
DIAMONDS THREE CLUBS ACE,0.3738,0.0044,0.6218
SPADES FOUR HEARTS JACK,0.0216,0.9678,0.0106
SPADES FOUR HEARTS TEN,0.697,0.0632,0.2398
SPADES FIVE SPADES TWO,0.573,0.0182,0.4088
SPADES FOUR SPADES TWO,0.6526,0.0608,0.2866
SPADES THREE SPADES TWO,0.6034,0.0212,0.3754
SPADES NINE SPADES TWO,0.5898,0.0172,0.393
SPADES EIGHT SPADES TWO,0.5978,0.0164,0.3858
SPADES SEVEN SPADES TWO,0.6106,0.0216,0.3678
SPADES SIX SPADES TWO,0.5998,0.0182,0.382
CLUBS THREE DIAMONDS QUEEN,0.3732,0.0156,0.6112
CLUBS THREE HEARTS TWO,0.6406,0.0216,0.3378
CLUBS TWO DIAMONDS QUEEN,0.4006,0.0136,0.5858
HEARTS TWO CLUBS TWO,0.4014,0.0566,0.542
HEARTS SEVEN DIAMONDS QUEEN,0.3518,0.013,0.6352
HEARTS SEVEN HEARTS TWO,0.5886,0.0186,0.3928
HEARTS SIX DIAMONDS QUEEN,0.3586,0.0114,0.63
HEARTS SIX HEARTS TWO,0.5838,0.02,0.3962
DIAMONDS QUEEN HEARTS NINE,0.3382,0.0122,0.6496
HEARTS TWO HEARTS NINE,0.5832,0.02,0.3968
DIAMONDS QUEEN HEARTS EIGHT,0.3524,0.0108,0.6368
HEARTS TWO HEARTS EIGHT,0.5866,0.0174,0.396
CLUBS NINE HEARTS TWO,0.6102,0.018,0.3718
CLUBS NINE DIAMONDS QUEEN,0.3522,0.0094,0.6384
CLUBS EIGHT HEARTS TWO,0.6132,0.018,0.3688
CLUBS EIGHT DIAMONDS QUEEN,0.3552,0.0102,0.6346
CLUBS FIVE DIAMONDS QUEEN,0.3584,0.0132,0.6284
CLUBS FIVE HEARTS TWO,0.6082,0.02,0.3718
SPADES EIGHT HEARTS ACE,0.356,0.0042,0.6398
CLUBS FOUR DIAMONDS QUEEN,0.2416,0.0422,0.7162
CLUBS FOUR HEARTS TWO,0.6772,0.063,0.2598
CLUBS SEVEN DIAMONDS QUEEN,0.3722,0.0106,0.6172
CLUBS SEVEN HEARTS TWO,0.628,0.0198,0.3522
SPADES EIGHT HEARTS QUEEN,0.3588,0.0128,0.6284
CLUBS SIX DIAMONDS QUEEN,0.3682,0.0114,0.6204
CLUBS SIX HEARTS TWO,0.6286,0.0168,0.3546
SPADES EIGHT HEARTS KING,0.3744,0.0058,0.6198
SPADES SIX DIAMONDS QUEEN,0.3578,0.0128,0.6294
SPADES SIX HEARTS TWO,0.6242,0.0208,0.355
HEARTS FOUR CLUBS QUEEN,0.2364,0.047,0.7166
DIAMONDS ACE CLUBS QUEEN,0.322,0.0036,0.6744
SPADES SEVEN DIAMONDS QUEEN,0.3674,0.0112,0.6214
SPADES SEVEN HEARTS TWO,0.625,0.023,0.352
HEARTS FOUR CLUBS KING,0.2396,0.0332,0.7272
DIAMONDS ACE CLUBS KING,0.3222,0.0028,0.675
SPADES EIGHT DIAMONDS QUEEN,0.3494,0.0118,0.6388
SPADES EIGHT HEARTS TWO,0.632,0.0158,0.3522
HEARTS FOUR CLUBS ACE,0.2352,0.0238,0.741
DIAMONDS ACE CLUBS ACE,0.1222,0.0034,0.8744
SPADES NINE DIAMONDS QUEEN,0.347,0.0114,0.6416
SPADES NINE HEARTS TWO,0.6274,0.0168,0.3558
HEARTS TWO SPADES TWO,0.4096,0.0498,0.5406
DIAMONDS QUEEN SPADES TWO,0.3896,0.013,0.5974
HEARTS TWO SPADES THREE,0.6352,0.0218,0.343
SPADES THREE DIAMONDS QUEEN,0.3934,0.0132,0.5934
HEARTS TWO SPADES FOUR,0.6988,0.057,0.2442
SPADES FOUR DIAMONDS QUEEN,0.2382,0.0518,0.71
CLUBS TEN HEARTS FOUR,0.6856,0.0594,0.255
CLUBS TEN DIAMONDS ACE,0.3308,0.0052,0.664
HEARTS TWO SPADES FIVE,0.6248,0.0206,0.3546
SPADES FIVE DIAMONDS QUEEN,0.3466,0.0112,0.6422
HEARTS FOUR CLUBS JACK,0.021,0.9556,0.0234
DIAMONDS ACE CLUBS JACK,0.2332,0.0196,0.7472
CLUBS FIVE CLUBS KING,0.3418,0.0062,0.652
CLUBS FIVE CLUBS QUEEN,0.3434,0.012,0.6446
CLUBS FIVE CLUBS ACE,0.3424,0.0054,0.6522
CLUBS FIVE CLUBS JACK,0.2068,0.4388,0.3544
CLUBS TEN CLUBS FIVE,0.5524,0.0158,0.4318
SPADES KING CLUBS JACK,0.2274,0.0358,0.7368
SPADES QUEEN CLUBS JACK,0.2228,0.0422,0.735
SPADES ACE CLUBS JACK,0.2296,0.0212,0.7492
SPADES SIX CLUBS KING,0.3722,0.007,0.6208
SPADES SIX CLUBS QUEEN,0.3712,0.0112,0.6176
SPADES EIGHT HEARTS JACK,0.2354,0.2228,0.5418
SPADES SIX CLUBS ACE,0.3848,0.0034,0.6118
SPADES EIGHT HEARTS TEN,0.5602,0.0166,0.4232
SPADES SIX CLUBS JACK,0.2302,0.3906,0.3792
CLUBS TEN SPADES SIX,0.5722,0.0174,0.4104
SPADES TEN CLUBS JACK,0.2318,0.1246,0.6436
SPADES QUEEN CLUBS SEVEN,0.3632,0.013,0.6238
SPADES KING CLUBS SEVEN,0.3468,0.0048,0.6484
SPADES ACE CLUBS SEVEN,0.3582,0.0054,0.6364
SPADES SIX HEARTS TEN,0.597,0.0166,0.3864
SPADES SIX HEARTS JACK,0.2342,0.3816,0.3842
SPADES SIX HEARTS ACE,0.372,0.0056,0.6224
SPADES SIX HEARTS KING,0.3712,0.0056,0.6232
SPADES SIX HEARTS QUEEN,0.3684,0.01,0.6216
CLUBS SEVEN SPADES TEN,0.5788,0.0226,0.3986
CLUBS TEN HEARTS SIX,0.5812,0.0126,0.4062
HEARTS SIX CLUBS JACK,0.2226,0.3878,0.3896
CLUBS ACE CLUBS JACK,0.214,0.018,0.768
HEARTS SIX CLUBS QUEEN,0.3582,0.0128,0.629
HEARTS SIX CLUBS KING,0.38,0.0078,0.6122
HEARTS SIX CLUBS ACE,0.3674,0.0044,0.6282
CLUBS QUEEN CLUBS JACK,0.2216,0.0402,0.7382
CLUBS KING CLUBS JACK,0.222,0.0318,0.7462
DIAMONDS THREE HEARTS ACE,0.3828,0.0038,0.6134
DIAMONDS THREE HEARTS QUEEN,0.3864,0.0146,0.599
DIAMONDS THREE HEARTS KING,0.3854,0.0084,0.6062
CLUBS FIVE HEARTS JACK,0.2138,0.471,0.3152
HEARTS FOUR SPADES TEN,0.7058,0.0684,0.2258
SPADES TEN DIAMONDS ACE,0.3454,0.0046,0.65
CLUBS FIVE HEARTS TEN,0.603,0.0158,0.3812
SPADES ACE HEARTS FOUR,0.2312,0.0236,0.7452
SPADES ACE DIAMONDS ACE,0.1124,0.0042,0.8834
CLUBS FIVE HEARTS ACE,0.3544,0.0028,0.6428
CLUBS FIVE HEARTS KING,0.3668,0.0094,0.6238
HEARTS FOUR SPADES QUEEN,0.2256,0.0476,0.7268
SPADES QUEEN DIAMONDS ACE,0.3116,0.0044,0.684
SPADES FOUR CLUBS JACK,0.0194,0.9718,0.0088
CLUBS FIVE HEARTS QUEEN,0.3536,0.011,0.6354
SPADES KING DIAMONDS ACE,0.3196,0.0034,0.677
SPADES KING HEARTS FOUR,0.2362,0.04,0.7238
CLUBS TEN SPADES FOUR,0.7168,0.0626,0.2206
DIAMONDS ACE DIAMONDS QUEEN,0.3012,0.0052,0.6936
DIAMONDS ACE HEARTS TWO,0.3832,0.0062,0.6106
HEARTS FOUR DIAMONDS QUEEN,0.229,0.0496,0.7214
HEARTS FOUR HEARTS TWO,0.6578,0.0598,0.2824
DIAMONDS THREE HEARTS TEN,0.6354,0.0176,0.347
SPADES FOUR CLUBS KING,0.2386,0.039,0.7224
HEARTS FIVE DIAMONDS QUEEN,0.3564,0.0136,0.63
HEARTS FIVE HEARTS TWO,0.5702,0.0176,0.4122
DIAMONDS THREE HEARTS JACK,0.264,0.532,0.204
SPADES FOUR CLUBS QUEEN,0.2284,0.048,0.7236
HEARTS TWO DIAMONDS QUEEN,0.3948,0.0116,0.5936
DIAMONDS KING DIAMONDS QUEEN,0.2964,0.0072,0.6964
DIAMONDS KING HEARTS TWO,0.3986,0.0086,0.5928
HEARTS THREE DIAMONDS QUEEN,0.372,0.0134,0.6146
HEARTS THREE HEARTS TWO,0.5898,0.0212,0.389
SPADES FOUR CLUBS ACE,0.2326,0.0236,0.7438
HEARTS TWO CLUBS ACE,0.3798,0.0054,0.6148
DIAMONDS QUEEN CLUBS ACE,0.3092,0.0046,0.6862
HEARTS TWO CLUBS QUEEN,0.3956,0.0152,0.5892
DIAMONDS QUEEN CLUBS QUEEN,0.136,0.0106,0.8534
HEARTS TWO CLUBS KING,0.3948,0.0076,0.5976
DIAMONDS QUEEN CLUBS KING,0.32,0.0052,0.6748
SPADES EIGHT SPADES FIVE,0.5424,0.0222,0.4354
CLUBS TEN HEARTS TWO,0.6252,0.0192,0.3556
CLUBS TEN DIAMONDS QUEEN,0.3204,0.0102,0.6694
SPADES NINE SPADES FIVE,0.5548,0.019,0.4262
HEARTS TWO CLUBS JACK,0.2756,0.5068,0.2176
DIAMONDS QUEEN CLUBS JACK,0.2222,0.0382,0.7396
SPADES SIX SPADES FIVE,0.5368,0.02,0.4432
SPADES SEVEN SPADES FIVE,0.5374,0.0214,0.4412
DIAMONDS FIVE CLUBS QUEEN,0.3626,0.0096,0.6278
SPADES EIGHT CLUBS ACE,0.364,0.0046,0.6314
CLUBS KING DIAMONDS FIVE,0.3532,0.0076,0.6392
SPADES EIGHT CLUBS KING,0.3752,0.0074,0.6174
CLUBS ACE DIAMONDS FIVE,0.3574,0.0038,0.6388
SPADES EIGHT CLUBS QUEEN,0.3728,0.011,0.6162
SPADES EIGHT CLUBS JACK,0.2236,0.2168,0.5596
CLUBS TEN SPADES EIGHT,0.5422,0.0158,0.442
CLUBS TEN DIAMONDS FIVE,0.5852,0.0182,0.3966
DIAMONDS FIVE CLUBS JACK,0.203,0.4906,0.3064
DIAMONDS TEN HEARTS JACK,0.2148,0.1206,0.6646
DIAMONDS TEN HEARTS TEN,0.2646,0.0236,0.7118
SPADES ACE CLUBS NINE,0.3504,0.004,0.6456
CLUBS NINE SPADES QUEEN,0.3296,0.0092,0.6612
CLUBS NINE SPADES KING,0.3556,0.0054,0.639
HEARTS SIX HEARTS KING,0.3376,0.0048,0.6576
DIAMONDS KING SPADES SEVEN,0.3606,0.007,0.6324
SPADES SEVEN HEARTS THREE,0.6078,0.0216,0.3706
SPADES KING DIAMONDS SEVEN,0.3614,0.0088,0.6298
HEARTS SIX HEARTS QUEEN,0.3468,0.0112,0.642
DIAMONDS KING SPADES SIX,0.366,0.0064,0.6276
HEARTS THREE SPADES SIX,0.6098,0.0218,0.3684
SPADES QUEEN DIAMONDS SEVEN,0.3534,0.0136,0.633
SPADES NINE DIAMONDS KING,0.3634,0.0074,0.6292
SPADES NINE HEARTS THREE,0.6246,0.0192,0.3562
HEARTS SIX HEARTS ACE,0.3386,0.0038,0.6576
SPADES EIGHT DIAMONDS KING,0.3604,0.0074,0.6322
SPADES EIGHT HEARTS THREE,0.6278,0.0212,0.351
SPADES ACE DIAMONDS SEVEN,0.3472,0.0064,0.6464
CLUBS NINE HEARTS THREE,0.6208,0.0196,0.3596
CLUBS NINE DIAMONDS KING,0.3532,0.0078,0.639
CLUBS EIGHT HEARTS THREE,0.6226,0.0202,0.3572
CLUBS EIGHT DIAMONDS KING,0.3628,0.006,0.6312
HEARTS THREE SPADES THREE,0.398,0.0552,0.5468
DIAMONDS KING SPADES THREE,0.4006,0.0084,0.591
HEARTS THREE SPADES TWO,0.6166,0.021,0.3624
DIAMONDS KING SPADES TWO,0.3814,0.0074,0.6112
HEARTS THREE SPADES FIVE,0.6116,0.0238,0.3646
DIAMONDS KING SPADES FIVE,0.3492,0.008,0.6428
HEARTS THREE SPADES FOUR,0.6718,0.0594,0.2688
DIAMONDS KING SPADES FOUR,0.2328,0.0406,0.7266
DIAMONDS KING CLUBS TWO,0.3928,0.0086,0.5986
HEARTS THREE CLUBS TWO,0.6432,0.0176,0.3392
