opposingHand,winningChance,drawChance,lostChance
DIAMONDS FIVE SPADES KING
CLUBS ACE HEARTS EIGHT,0.3582,0.0036,0.6382
HEARTS FIVE HEARTS QUEEN,0.6712,0.0358,0.293
HEARTS KING CLUBS JACK,0.231,0.0818,0.6872
CLUBS JACK HEARTS EIGHT,0.5702,0.0058,0.424
DIAMONDS QUEEN DIAMONDS TEN,0.5228,0.0054,0.4718
HEARTS KING SPADES TWO,0.329,0.4458,0.2252
HEARTS FOUR CLUBS SIX,0.599,0.0078,0.3932
CLUBS TWO HEARTS QUEEN,0.6376,0.0068,0.3556
HEARTS QUEEN DIAMONDS EIGHT,0.5866,0.0058,0.4076
CLUBS EIGHT CLUBS TWO,0.5916,0.0098,0.3986
SPADES TEN CLUBS ACE,0.346,0.004,0.65
HEARTS FOUR CLUBS QUEEN,0.6388,0.0076,0.3536
SPADES SEVEN HEARTS QUEEN,0.602,0.0078,0.3902
SPADES EIGHT HEARTS ACE,0.3598,0.0042,0.636
HEARTS SIX HEARTS JACK,0.5668,0.0072,0.426
CLUBS TWO DIAMONDS SIX,0.6278,0.01,0.3622
SPADES SEVEN CLUBS KING,0.2306,0.3046,0.4648
HEARTS ACE HEARTS NINE,0.3512,0.0048,0.644
HEARTS FIVE HEARTS THREE,0.6586,0.0368,0.3046
CLUBS NINE HEARTS FIVE,0.7158,0.031,0.2532
HEARTS QUEEN DIAMONDS SIX,0.6012,0.0064,0.3924
HEARTS FOUR DIAMONDS KING,0.3062,0.4696,0.2242
SPADES TEN DIAMONDS KING,0.236,0.115,0.649
CLUBS SEVEN SPADES NINE,0.5754,0.0066,0.418
CLUBS TEN DIAMONDS EIGHT,0.5582,0.0064,0.4354
SPADES NINE HEARTS KING,0.2436,0.168,0.5884
DIAMONDS EIGHT HEARTS NINE,0.556,0.0074,0.4366
SPADES TWO DIAMONDS SEVEN,0.6488,0.0092,0.342
HEARTS SEVEN SPADES QUEEN,0.6104,0.0068,0.3828
DIAMONDS ACE DIAMONDS QUEEN,0.3348,0.0042,0.661
CLUBS SIX CLUBS ACE,0.3412,0.0046,0.6542
CLUBS FOUR CLUBS KING,0.3002,0.4334,0.2664
HEARTS SEVEN HEARTS KING,0.2084,0.2888,0.5028
CLUBS THREE DIAMONDS KING,0.317,0.4536,0.2294
SPADES QUEEN CLUBS TWO,0.6298,0.0086,0.3616
CLUBS SIX SPADES EIGHT,0.579,0.0068,0.4142
DIAMONDS JACK CLUBS ACE,0.3312,0.0032,0.6656
CLUBS EIGHT HEARTS TEN,0.5552,0.0086,0.4362
CLUBS SEVEN HEARTS FOUR,0.6188,0.0074,0.3738
HEARTS TWO DIAMONDS SEVEN,0.6448,0.009,0.3462
HEARTS ACE HEARTS TEN,0.339,0.0064,0.6546
HEARTS SEVEN CLUBS THREE,0.6356,0.0084,0.356
SPADES NINE DIAMONDS NINE,0.3086,0.012,0.6794
CLUBS THREE SPADES FIVE,0.6902,0.0394,0.2704
CLUBS SEVEN SPADES SIX,0.575,0.008,0.417
HEARTS THREE HEARTS KING,0.2962,0.421,0.2828
HEARTS ACE DIAMONDS JACK,0.3492,0.0034,0.6474
HEARTS KING DIAMONDS EIGHT,0.232,0.226,0.542
CLUBS KING CLUBS QUEEN,0.2338,0.0626,0.7036
DIAMONDS ACE DIAMONDS SIX,0.3326,0.006,0.6614
CLUBS SIX SPADES FOUR,0.6134,0.0102,0.3764
DIAMONDS KING DIAMONDS TEN,0.2232,0.1188,0.658
DIAMONDS TEN CLUBS JACK,0.545,0.005,0.45
HEARTS NINE DIAMONDS SIX,0.571,0.0076,0.4214
DIAMONDS THREE HEARTS FOUR,0.638,0.0086,0.3534
SPADES QUEEN DIAMONDS EIGHT,0.5968,0.009,0.3942
CLUBS SIX SPADES SIX,0.333,0.0156,0.6514
CLUBS NINE SPADES THREE,0.6336,0.0082,0.3582
DIAMONDS ACE HEARTS QUEEN,0.3456,0.0052,0.6492
SPADES QUEEN HEARTS TWO,0.625,0.011,0.364
HEARTS THREE HEARTS TEN,0.5734,0.006,0.4206
SPADES ACE DIAMONDS SIX,0.3402,0.006,0.6538
SPADES ACE HEARTS FOUR,0.3636,0.0046,0.6318
DIAMONDS NINE HEARTS EIGHT,0.5612,0.007,0.4318
HEARTS SIX CLUBS QUEEN,0.6062,0.008,0.3858
SPADES JACK SPADES FIVE,0.6894,0.0392,0.2714
SPADES NINE HEARTS EIGHT,0.5574,0.0076,0.435
HEARTS FOUR SPADES THREE,0.6388,0.011,0.3502
SPADES FIVE DIAMONDS SEVEN,0.694,0.0334,0.2726
SPADES FOUR CLUBS JACK,0.636,0.0066,0.3574
HEARTS TWO CLUBS KING,0.3304,0.4462,0.2234
SPADES NINE HEARTS ACE,0.3614,0.0056,0.633
CLUBS TEN HEARTS JACK,0.5362,0.006,0.4578
CLUBS SEVEN HEARTS TWO,0.652,0.0076,0.3404
SPADES JACK SPADES FOUR,0.6092,0.0072,0.3836
SPADES JACK DIAMONDS SEVEN,0.5892,0.0056,0.4052
SPADES ACE SPADES SIX,0.3486,0.0054,0.646
SPADES THREE CLUBS JACK,0.644,0.0074,0.3486
DIAMONDS KING DIAMONDS SEVEN,0.2208,0.2952,0.484
SPADES SIX SPADES FOUR,0.5822,0.0096,0.4082
DIAMONDS THREE CLUBS ACE,0.3886,0.0038,0.6076
HEARTS JACK DIAMONDS SEVEN,0.5796,0.009,0.4114
CLUBS TWO HEARTS ACE,0.3866,0.0034,0.61
HEARTS THREE CLUBS FOUR,0.637,0.0088,0.3542
CLUBS TWO DIAMONDS NINE,0.6384,0.007,0.3546
HEARTS THREE SPADES TWO,0.6626,0.0106,0.3268
DIAMONDS EIGHT CLUBS JACK,0.569,0.0084,0.4226
HEARTS ACE HEARTS EIGHT,0.3344,0.0052,0.6604
DIAMONDS KING HEARTS QUEEN,0.243,0.0634,0.6936
SPADES SIX DIAMONDS JACK,0.6008,0.0088,0.3904
HEARTS THREE DIAMONDS QUEEN,0.6298,0.0096,0.3606
HEARTS SEVEN DIAMONDS FOUR,0.6198,0.0086,0.3716
HEARTS THREE HEARTS TWO,0.6086,0.0096,0.3818
SPADES EIGHT HEARTS EIGHT,0.3324,0.014,0.6536
CLUBS ACE DIAMONDS SIX,0.3618,0.0042,0.634
DIAMONDS TWO CLUBS QUEEN,0.6298,0.0094,0.3608
SPADES SIX DIAMONDS KING,0.2188,0.3874,0.3938
DIAMONDS KING HEARTS JACK,0.2358,0.0854,0.6788
SPADES TEN SPADES NINE,0.5206,0.007,0.4724
HEARTS FOUR HEARTS JACK,0.586,0.006,0.408
DIAMONDS KING CLUBS JACK,0.24,0.0896,0.6704
CLUBS EIGHT DIAMONDS EIGHT,0.3238,0.0128,0.6634
CLUBS SIX DIAMONDS KING,0.2184,0.382,0.3996
CLUBS FIVE DIAMONDS SIX,0.6782,0.032,0.2898
DIAMONDS TWO CLUBS ACE,0.3966,0.003,0.6004
HEARTS TWO CLUBS JACK,0.636,0.0082,0.3558
HEARTS SIX HEARTS EIGHT,0.5406,0.0084,0.451
HEARTS TWO CLUBS THREE,0.6466,0.0078,0.3456
HEARTS THREE DIAMONDS SIX,0.6234,0.0096,0.367
SPADES FOUR HEARTS TEN,0.6296,0.009,0.3614
CLUBS FIVE CLUBS QUEEN,0.6834,0.0406,0.276
CLUBS SEVEN CLUBS THREE,0.5848,0.0076,0.4076
CLUBS TEN DIAMONDS KING,0.2342,0.1254,0.6404
CLUBS NINE DIAMONDS SIX,0.5796,0.0076,0.4128
SPADES EIGHT SPADES TWO,0.6138,0.009,0.3772
SPADES SIX DIAMONDS EIGHT,0.5664,0.0094,0.4242
CLUBS SIX DIAMONDS NINE,0.5802,0.008,0.4118
SPADES THREE HEARTS JACK,0.6426,0.0086,0.3488
SPADES NINE DIAMONDS ACE,0.3716,0.0054,0.623
SPADES ACE CLUBS THREE,0.3668,0.007,0.6262
CLUBS TWO CLUBS KING,0.3012,0.4296,0.2692
HEARTS KING CLUBS KING,0.0804,0.0132,0.9064
SPADES FIVE HEARTS KING,0.0184,0.9698,0.0118
CLUBS EIGHT SPADES TWO,0.6518,0.008,0.3402
HEARTS THREE CLUBS JACK,0.6416,0.0086,0.3498
CLUBS TWO DIAMONDS JACK,0.6418,0.0076,0.3506
HEARTS FIVE HEARTS KING,0.0222,0.9006,0.0772
HEARTS SIX CLUBS EIGHT,0.5736,0.0072,0.4192
DIAMONDS TWO DIAMONDS KING,0.3078,0.4418,0.2504
HEARTS SIX SPADES TEN,0.5914,0.0074,0.4012
SPADES ACE HEARTS TWO,0.386,0.003,0.611
CLUBS ACE CLUBS KING,0.215,0.0116,0.7734
DIAMONDS ACE DIAMONDS EIGHT,0.3516,0.0064,0.642
CLUBS TEN HEARTS SIX,0.5898,0.007,0.4032
CLUBS TEN CLUBS JACK,0.4992,0.0066,0.4942
DIAMONDS TWO CLUBS EIGHT,0.63,0.0086,0.3614
DIAMONDS KING SPADES FIVE,0.0082,0.9858,0.006
CLUBS TEN HEARTS TEN,0.3048,0.0048,0.6904
CLUBS KING DIAMONDS SIX,0.2094,0.391,0.3996
DIAMONDS QUEEN HEARTS EIGHT,0.584,0.0078,0.4082
HEARTS SEVEN SPADES NINE,0.585,0.0064,0.4086
HEARTS FIVE HEARTS EIGHT,0.65,0.0328,0.3172
SPADES ACE SPADES TWO,0.3666,0.0044,0.629
HEARTS SEVEN DIAMONDS SIX,0.563,0.007,0.43
DIAMONDS TWO CLUBS KING,0.3364,0.4516,0.212
SPADES QUEEN DIAMONDS TEN,0.5358,0.0086,0.4556
SPADES NINE SPADES SIX,0.5544,0.009,0.4366
CLUBS FIVE SPADES SEVEN,0.6914,0.0316,0.277
SPADES ACE HEARTS THREE,0.3678,0.0046,0.6276
DIAMONDS THREE HEARTS JACK,0.6384,0.0088,0.3528
HEARTS FOUR DIAMONDS NINE,0.638,0.0064,0.3556
HEARTS SIX SPADES SEVEN,0.5692,0.0076,0.4232
DIAMONDS KING HEARTS TEN,0.2344,0.11,0.6556
CLUBS EIGHT SPADES EIGHT,0.333,0.01,0.657
DIAMONDS KING SPADES TWO,0.3188,0.4674,0.2138
CLUBS EIGHT HEARTS JACK,0.5612,0.006,0.4328
CLUBS SEVEN HEARTS EIGHT,0.5686,0.0048,0.4266
HEARTS KING HEARTS TEN,0.2268,0.1146,0.6586
SPADES SEVEN DIAMONDS KING,0.2286,0.2978,0.4736
SPADES ACE DIAMONDS ACE,0.1136,0.004,0.8824
SPADES THREE HEARTS KING,0.3278,0.466,0.2062
DIAMONDS THREE SPADES NINE,0.6346,0.0084,0.357
HEARTS SIX CLUBS SEVEN,0.5746,0.0068,0.4186
CLUBS SEVEN CLUBS QUEEN,0.5826,0.007,0.4104
CLUBS NINE CLUBS THREE,0.5928,0.0102,0.397
SPADES ACE CLUBS EIGHT,0.3608,0.0048,0.6344
HEARTS SEVEN HEARTS SIX,0.5302,0.0076,0.4622
CLUBS NINE SPADES FOUR,0.6326,0.0094,0.358
HEARTS FIVE CLUBS TWO,0.7098,0.0424,0.2478
DIAMONDS QUEEN SPADES TWO,0.6254,0.0104,0.3642
CLUBS SEVEN SPADES EIGHT,0.5682,0.0096,0.4222
SPADES SIX HEARTS NINE,0.5902,0.0076,0.4022
HEARTS SIX CLUBS JACK,0.599,0.0072,0.3938
CLUBS TEN CLUBS SEVEN,0.5378,0.0068,0.4554
DIAMONDS JACK DIAMONDS SIX,0.5688,0.0078,0.4234
DIAMONDS SIX DIAMONDS FOUR,0.5826,0.0072,0.4102
CLUBS FIVE CLUBS JACK,0.6886,0.0326,0.2788
SPADES ACE SPADES EIGHT,0.3476,0.0058,0.6466
SPADES TEN DIAMONDS ACE,0.3428,0.0066,0.6506
CLUBS THREE SPADES THREE,0.4538,0.0188,0.5274
CLUBS KING HEARTS EIGHT,0.2356,0.2384,0.526
DIAMONDS THREE CLUBS THREE,0.4498,0.0216,0.5286
DIAMONDS TWO HEARTS FIVE,0.7268,0.038,0.2352
HEARTS QUEEN CLUBS QUEEN,0.2828,0.0038,0.7134
SPADES TEN SPADES TWO,0.6058,0.0094,0.3848
SPADES FOUR HEARTS NINE,0.6394,0.0078,0.3528
CLUBS TEN DIAMONDS QUEEN,0.5426,0.0044,0.453
CLUBS THREE DIAMONDS NINE,0.6272,0.009,0.3638
DIAMONDS SEVEN CLUBS QUEEN,0.5968,0.0064,0.3968
CLUBS EIGHT CLUBS FIVE,0.6458,0.0362,0.318
HEARTS SIX DIAMONDS ACE,0.3628,0.004,0.6332
DIAMONDS THREE SPADES TWO,0.6606,0.0102,0.3292
DIAMONDS QUEEN DIAMONDS SEVEN,0.5644,0.0066,0.429
CLUBS TWO CLUBS QUEEN,0.6034,0.0078,0.3888
CLUBS QUEEN DIAMONDS SIX,0.5986,0.0078,0.3936
CLUBS THREE CLUBS JACK,0.6026,0.0072,0.3902
SPADES QUEEN HEARTS THREE,0.6462,0.0088,0.345
DIAMONDS THREE CLUBS SEVEN,0.6366,0.0074,0.356
SPADES TEN HEARTS JACK,0.5432,0.0084,0.4484
DIAMONDS NINE DIAMONDS EIGHT,0.5314,0.0102,0.4584
HEARTS FOUR HEARTS EIGHT,0.5864,0.0068,0.4068
HEARTS SEVEN HEARTS JACK,0.553,0.0074,0.4396
CLUBS SEVEN SPADES SEVEN,0.3378,0.0148,0.6474
HEARTS SIX DIAMONDS SEVEN,0.5644,0.0064,0.4292
CLUBS EIGHT HEARTS ACE,0.3626,0.003,0.6344
CLUBS TEN CLUBS FIVE,0.6872,0.0348,0.278
HEARTS QUEEN HEARTS JACK,0.5298,0.0062,0.464
SPADES FIVE DIAMONDS SIX,0.6814,0.0318,0.2868
HEARTS SEVEN HEARTS THREE,0.5892,0.01,0.4008
SPADES FOUR SPADES THREE,0.61,0.0098,0.3802
HEARTS JACK CLUBS JACK,0.3,0.0046,0.6954
CLUBS FIVE CLUBS FOUR,0.625,0.0392,0.3358
HEARTS TWO DIAMONDS TEN,0.633,0.0102,0.3568
CLUBS SEVEN DIAMONDS QUEEN,0.5926,0.0094,0.398
SPADES TWO DIAMONDS EIGHT,0.6348,0.0102,0.355
HEARTS FOUR HEARTS TEN,0.5944,0.0092,0.3964
CLUBS NINE SPADES SIX,0.5846,0.0078,0.4076
SPADES EIGHT DIAMONDS QUEEN,0.587,0.0088,0.4042
DIAMONDS QUEEN HEARTS JACK,0.5558,0.0052,0.439
SPADES SEVEN HEARTS ACE,0.3574,0.005,0.6376
HEARTS TWO DIAMONDS FOUR,0.6536,0.0078,0.3386
SPADES FIVE DIAMONDS EIGHT,0.6928,0.0332,0.274
CLUBS FOUR DIAMONDS TEN,0.6252,0.0088,0.366
DIAMONDS TWO SPADES TEN,0.643,0.0104,0.3466
CLUBS TEN HEARTS NINE,0.5488,0.007,0.4442
SPADES EIGHT SPADES FOUR,0.6024,0.0098,0.3878
CLUBS THREE DIAMONDS QUEEN,0.64,0.0094,0.3506
SPADES TWO CLUBS ACE,0.383,0.0046,0.6124
CLUBS TEN SPADES FIVE,0.7206,0.042,0.2374
HEARTS SIX SPADES FIVE,0.6836,0.0314,0.285
HEARTS FIVE CLUBS ACE,0.2302,0.0322,0.7376
HEARTS FOUR DIAMONDS EIGHT,0.6294,0.0084,0.3622
CLUBS SEVEN SPADES TWO,0.6466,0.0082,0.3452
SPADES SEVEN DIAMONDS NINE,0.5712,0.0092,0.4196
CLUBS SIX CLUBS THREE,0.5954,0.008,0.3966
CLUBS FOUR HEARTS ACE,0.3812,0.0042,0.6146
CLUBS NINE CLUBS EIGHT,0.5192,0.0062,0.4746
DIAMONDS THREE SPADES JACK,0.6444,0.0064,0.3492
HEARTS THREE HEARTS JACK,0.5832,0.0088,0.408
DIAMONDS QUEEN DIAMONDS EIGHT,0.5578,0.0066,0.4356
DIAMONDS NINE HEARTS TEN,0.537,0.0078,0.4552
DIAMONDS EIGHT CLUBS QUEEN,0.5826,0.0084,0.409
CLUBS QUEEN HEARTS NINE,0.5664,0.0064,0.4272
HEARTS FIVE SPADES FOUR,0.687,0.0386,0.2744
CLUBS QUEEN CLUBS JACK,0.5244,0.0056,0.47
SPADES EIGHT DIAMONDS SIX,0.571,0.009,0.42
HEARTS FIVE CLUBS FOUR,0.6698,0.0366,0.2936
SPADES JACK SPADES EIGHT,0.5448,0.0072,0.448
CLUBS FOUR DIAMONDS NINE,0.6302,0.0112,0.3586
CLUBS NINE DIAMONDS QUEEN,0.5732,0.0062,0.4206
CLUBS TEN CLUBS SIX,0.5554,0.0072,0.4374
SPADES SEVEN SPADES FOUR,0.5918,0.0092,0.399
SPADES JACK DIAMONDS SIX,0.6112,0.006,0.3828
HEARTS SEVEN SPADES SIX,0.5748,0.0072,0.418
SPADES NINE DIAMONDS KING,0.2222,0.1754,0.6024
HEARTS SIX CLUBS SIX,0.3288,0.0138,0.6574
HEARTS SEVEN SPADES TEN,0.574,0.0082,0.4178
SPADES TEN CLUBS JACK,0.535,0.006,0.459
CLUBS TEN CLUBS FOUR,0.5854,0.007,0.4076
CLUBS TEN DIAMONDS NINE,0.5494,0.0072,0.4434
DIAMONDS QUEEN SPADES FOUR,0.6438,0.0096,0.3466
DIAMONDS ACE SPADES FOUR,0.3686,0.0038,0.6276
SPADES NINE SPADES TWO,0.6172,0.0078,0.375
SPADES JACK CLUBS JACK,0.3014,0.0054,0.6932
SPADES QUEEN CLUBS FOUR,0.6298,0.0072,0.363
CLUBS NINE CLUBS KING,0.2262,0.153,0.6208
SPADES JACK CLUBS THREE,0.634,0.0078,0.3582
SPADES ACE CLUBS SEVEN,0.3528,0.0044,0.6428
SPADES JACK HEARTS THREE,0.6474,0.0094,0.3432
DIAMONDS NINE DIAMONDS SEVEN,0.5358,0.0076,0.4566
HEARTS TEN DIAMONDS SIX,0.5992,0.0074,0.3934
HEARTS SEVEN DIAMONDS QUEEN,0.5894,0.007,0.4036
DIAMONDS THREE SPADES FOUR,0.6446,0.0088,0.3466
SPADES ACE CLUBS FIVE,0.221,0.032,0.747
SPADES JACK CLUBS SIX,0.6074,0.0068,0.3858
CLUBS EIGHT DIAMONDS SEVEN,0.5582,0.0078,0.434
CLUBS ACE HEARTS JACK,0.3578,0.0036,0.6386
DIAMONDS TWO SPADES FIVE,0.7304,0.0442,0.2254
CLUBS FOUR SPADES TWO,0.641,0.0106,0.3484
HEARTS FIVE HEARTS TWO,0.6752,0.0394,0.2854
CLUBS FIVE HEARTS TEN,0.726,0.0372,0.2368
HEARTS FOUR CLUBS THREE,0.64,0.0066,0.3534
SPADES TEN HEARTS TEN,0.3056,0.007,0.6874
HEARTS QUEEN DIAMONDS NINE,0.5692,0.007,0.4238
SPADES JACK HEARTS NINE,0.5612,0.0064,0.4324
HEARTS FOUR HEARTS KING,0.302,0.4362,0.2618
HEARTS SEVEN SPADES SEVEN,0.3348,0.0128,0.6524
CLUBS THREE HEARTS JACK,0.6198,0.0086,0.3716
CLUBS SEVEN SPADES THREE,0.632,0.0102,0.3578
HEARTS SEVEN HEARTS ACE,0.3352,0.0044,0.6604
CLUBS TEN DIAMONDS SEVEN,0.5616,0.007,0.4314
CLUBS SEVEN DIAMONDS FOUR,0.6182,0.0072,0.3746
SPADES ACE CLUBS NINE,0.362,0.0052,0.6328
CLUBS SIX DIAMONDS TEN,0.591,0.0076,0.4014
CLUBS TEN CLUBS ACE,0.3402,0.0042,0.6556
HEARTS FOUR CLUBS TWO,0.648,0.0082,0.3438
SPADES SIX CLUBS QUEEN,0.61,0.0062,0.3838
SPADES FIVE CLUBS KING,0.015,0.973,0.012
SPADES SEVEN SPADES FIVE,0.6516,0.0338,0.3146
SPADES QUEEN HEARTS JACK,0.567,0.0068,0.4262
HEARTS SIX HEARTS KING,0.2088,0.3686,0.4226
DIAMONDS TWO HEARTS JACK,0.6426,0.0084,0.349
SPADES QUEEN CLUBS SEVEN,0.6018,0.0054,0.3928
DIAMONDS TWO CLUBS JACK,0.6436,0.0072,0.3492
HEARTS SIX HEARTS FOUR,0.5708,0.007,0.4222
HEARTS TWO CLUBS ACE,0.3822,0.0036,0.6142
HEARTS ACE DIAMONDS EIGHT,0.361,0.0046,0.6344
DIAMONDS THREE HEARTS QUEEN,0.637,0.008,0.355
SPADES THREE DIAMONDS SIX,0.619,0.0094,0.3716
HEARTS KING DIAMONDS NINE,0.2256,0.1704,0.604
CLUBS THREE CLUBS KING,0.3128,0.418,0.2692
DIAMONDS SEVEN DIAMONDS SIX,0.5384,0.0104,0.4512
HEARTS SIX CLUBS TWO,0.6336,0.0108,0.3556
CLUBS TEN SPADES EIGHT,0.5556,0.0088,0.4356
HEARTS SEVEN CLUBS SIX,0.5712,0.008,0.4208
DIAMONDS QUEEN CLUBS JACK,0.5426,0.004,0.4534
HEARTS FIVE SPADES TEN,0.7272,0.0346,0.2382
SPADES FOUR HEARTS KING,0.3264,0.4542,0.2194
DIAMONDS TWO DIAMONDS ACE,0.372,0.0026,0.6254
SPADES EIGHT CLUBS FIVE,0.7026,0.0326,0.2648
DIAMONDS KING CLUBS KING,0.0692,0.0134,0.9174
HEARTS FOUR SPADES SIX,0.6184,0.0094,0.3722
CLUBS EIGHT DIAMONDS KING,0.2286,0.227,0.5444
SPADES ACE DIAMONDS FOUR,0.3708,0.0072,0.622
SPADES JACK CLUBS KING,0.2396,0.0994,0.661
HEARTS JACK HEARTS TEN,0.5034,0.007,0.4896
DIAMONDS THREE DIAMONDS JACK,0.5894,0.0112,0.3994
SPADES FOUR CLUBS KING,0.3342,0.4532,0.2126
HEARTS KING HEARTS NINE,0.237,0.1468,0.6162
HEARTS FIVE DIAMONDS TEN,0.7298,0.0354,0.2348
CLUBS EIGHT HEARTS QUEEN,0.5866,0.0054,0.408
SPADES FOUR HEARTS ACE,0.3792,0.008,0.6128
HEARTS KING HEARTS EIGHT,0.218,0.2232,0.5588
CLUBS JACK DIAMONDS FOUR,0.6316,0.0088,0.3596
CLUBS THREE DIAMONDS TEN,0.6282,0.008,0.3638
CLUBS NINE SPADES JACK,0.5728,0.0062,0.421
CLUBS SEVEN DIAMONDS SIX,0.5642,0.0062,0.4296
CLUBS THREE DIAMONDS JACK,0.6284,0.008,0.3636
SPADES ACE DIAMONDS SEVEN,0.3492,0.0076,0.6432
CLUBS EIGHT SPADES SEVEN,0.579,0.008,0.413
CLUBS TWO HEARTS TEN,0.6284,0.0098,0.3618
CLUBS THREE DIAMONDS EIGHT,0.6382,0.0068,0.355
HEARTS TEN CLUBS QUEEN,0.547,0.005,0.448
CLUBS SEVEN DIAMONDS NINE,0.5744,0.0076,0.418
CLUBS FOUR HEARTS NINE,0.6212,0.0064,0.3724
HEARTS FOUR DIAMONDS QUEEN,0.625,0.0072,0.3678
DIAMONDS TWO HEARTS EIGHT,0.6384,0.0086,0.353
SPADES JACK CLUBS TWO,0.624,0.0088,0.3672
SPADES EIGHT HEARTS TEN,0.5658,0.0056,0.4286
HEARTS THREE HEARTS QUEEN,0.5882,0.0054,0.4064
HEARTS SEVEN HEARTS TWO,0.6016,0.008,0.3904
CLUBS SIX CLUBS JACK,0.5674,0.0068,0.4258
HEARTS JACK HEARTS NINE,0.5282,0.0072,0.4646
CLUBS THREE CLUBS QUEEN,0.6002,0.0088,0.391
CLUBS EIGHT SPADES TEN,0.5656,0.007,0.4274
SPADES TEN CLUBS FOUR,0.6366,0.0082,0.3552
SPADES ACE DIAMONDS KING,0.2176,0.0126,0.7698
HEARTS FOUR HEARTS THREE,0.589,0.0074,0.4036
SPADES TEN HEARTS FOUR,0.6312,0.0084,0.3604
SPADES THREE SPADES TWO,0.6424,0.0102,0.3474
CLUBS THREE HEARTS NINE,0.6382,0.0074,0.3544
CLUBS FOUR CLUBS THREE,0.5818,0.0096,0.4086
SPADES TEN SPADES THREE,0.605,0.0094,0.3856
HEARTS SIX DIAMONDS TWO,0.6374,0.01,0.3526
DIAMONDS TEN CLUBS ACE,0.3392,0.0042,0.6566
DIAMONDS QUEEN CLUBS KING,0.2346,0.064,0.7014
SPADES QUEEN SPADES THREE,0.6016,0.0108,0.3876
SPADES NINE DIAMONDS TEN,0.5442,0.0054,0.4504
SPADES FIVE HEARTS QUEEN,0.7192,0.042,0.2388
CLUBS TEN SPADES TEN,0.304,0.0072,0.6888
HEARTS TEN DIAMONDS FOUR,0.624,0.009,0.367
DIAMONDS THREE SPADES SIX,0.6304,0.0104,0.3592
CLUBS NINE CLUBS FOUR,0.5934,0.0076,0.399
SPADES FIVE HEARTS TEN,0.7258,0.0386,0.2356
HEARTS SEVEN SPADES TWO,0.6418,0.0096,0.3486
SPADES QUEEN HEARTS FOUR,0.6388,0.0076,0.3536
SPADES SIX HEARTS KING,0.2246,0.3888,0.3866
HEARTS SEVEN SPADES FOUR,0.6298,0.0076,0.3626
DIAMONDS TWO HEARTS FOUR,0.6348,0.0086,0.3566
HEARTS SIX CLUBS KING,0.2356,0.383,0.3814
CLUBS FIVE HEARTS ACE,0.2338,0.0278,0.7384
DIAMONDS THREE CLUBS SIX,0.6166,0.0096,0.3738
DIAMONDS THREE HEARTS NINE,0.6384,0.0072,0.3544
CLUBS FOUR DIAMONDS EIGHT,0.6288,0.0062,0.365
SPADES ACE CLUBS TWO,0.3854,0.0058,0.6088
DIAMONDS TWO HEARTS QUEEN,0.641,0.0076,0.3514
CLUBS EIGHT SPADES NINE,0.5592,0.0062,0.4346
HEARTS SEVEN DIAMONDS JACK,0.5832,0.007,0.4098
CLUBS THREE HEARTS TEN,0.6374,0.0092,0.3534
DIAMONDS TEN HEARTS JACK,0.5348,0.0082,0.457
SPADES SIX DIAMONDS SIX,0.329,0.0168,0.6542
CLUBS TEN DIAMONDS FOUR,0.627,0.0088,0.3642
HEARTS TWO HEARTS NINE,0.5852,0.008,0.4068
DIAMONDS QUEEN HEARTS ACE,0.353,0.0034,0.6436
SPADES ACE HEARTS NINE,0.354,0.0058,0.6402
SPADES EIGHT DIAMONDS KING,0.2292,0.2292,0.5416
SPADES TEN DIAMONDS JACK,0.549,0.0054,0.4456
CLUBS NINE CLUBS SIX,0.5484,0.0078,0.4438
DIAMONDS TEN HEARTS QUEEN,0.5516,0.0064,0.442
SPADES QUEEN SPADES JACK,0.5312,0.0078,0.461
SPADES SIX CLUBS JACK,0.605,0.0068,0.3882
SPADES SEVEN HEARTS JACK,0.5822,0.0074,0.4104
DIAMONDS JACK CLUBS QUEEN,0.5528,0.0084,0.4388
SPADES NINE CLUBS QUEEN,0.5754,0.0066,0.418
DIAMONDS ACE CLUBS KING,0.223,0.0122,0.7648
HEARTS SEVEN CLUBS FIVE,0.6716,0.0356,0.2928
SPADES QUEEN CLUBS QUEEN,0.2942,0.0046,0.7012
HEARTS TWO CLUBS FOUR,0.6528,0.0098,0.3374
SPADES THREE CLUBS QUEEN,0.6394,0.0074,0.3532
SPADES ACE HEARTS FIVE,0.2214,0.0312,0.7474
DIAMONDS SEVEN DIAMONDS FOUR,0.5906,0.0096,0.3998
SPADES FIVE CLUBS QUEEN,0.7244,0.0396,0.236
SPADES ACE SPADES QUEEN,0.3322,0.0048,0.663
CLUBS NINE DIAMONDS SEVEN,0.5644,0.0078,0.4278
DIAMONDS TWO SPADES THREE,0.6478,0.0122,0.34
HEARTS FIVE HEARTS JACK,0.6726,0.0422,0.2852
HEARTS FIVE SPADES EIGHT,0.7102,0.038,0.2518
HEARTS SIX HEARTS QUEEN,0.5642,0.0066,0.4292
HEARTS ACE CLUBS QUEEN,0.359,0.0046,0.6364
CLUBS EIGHT CLUBS SIX,0.5452,0.007,0.4478
SPADES QUEEN CLUBS THREE,0.6418,0.007,0.3512
SPADES FIVE DIAMONDS NINE,0.707,0.0362,0.2568
HEARTS SIX HEARTS TEN,0.5568,0.0078,0.4354
HEARTS FOUR SPADES FOUR,0.4406,0.0142,0.5452
CLUBS EIGHT HEARTS TWO,0.6284,0.0068,0.3648
DIAMONDS ACE HEARTS ACE,0.1176,0.0046,0.8778
SPADES EIGHT DIAMONDS SEVEN,0.564,0.0054,0.4306
CLUBS TEN CLUBS TWO,0.597,0.0088,0.3942
HEARTS TWO SPADES SIX,0.638,0.0088,0.3532
SPADES SEVEN CLUBS FOUR,0.6268,0.0058,0.3674
HEARTS SEVEN CLUBS SEVEN,0.3366,0.0114,0.652
DIAMONDS THREE CLUBS NINE,0.6364,0.0072,0.3564
CLUBS THREE HEARTS KING,0.3248,0.4534,0.2218
HEARTS THREE SPADES THREE,0.4524,0.0198,0.5278
HEARTS FIVE DIAMONDS EIGHT,0.6888,0.0348,0.2764
CLUBS SEVEN CLUBS FOUR,0.578,0.0098,0.4122
SPADES JACK SPADES TWO,0.6154,0.0078,0.3768
SPADES TEN HEARTS TWO,0.6402,0.0072,0.3526
DIAMONDS TWO DIAMONDS TEN,0.5996,0.008,0.3924
CLUBS EIGHT HEARTS EIGHT,0.3254,0.0092,0.6654
HEARTS ACE DIAMONDS SIX,0.3616,0.0032,0.6352
DIAMONDS ACE DIAMONDS TEN,0.3328,0.0056,0.6616
CLUBS NINE HEARTS SIX,0.5696,0.0074,0.423
CLUBS NINE HEARTS FOUR,0.6284,0.007,0.3646
SPADES EIGHT CLUBS KING,0.2358,0.2298,0.5344
SPADES TWO DIAMONDS NINE,0.6366,0.0096,0.3538
SPADES JACK HEARTS FIVE,0.7256,0.0412,0.2332
HEARTS TWO HEARTS TEN,0.5946,0.0088,0.3966
SPADES QUEEN HEARTS KING,0.2454,0.0684,0.6862
CLUBS SEVEN SPADES FOUR,0.6468,0.0092,0.344
HEARTS SEVEN HEARTS EIGHT,0.541,0.0068,0.4522
CLUBS TEN DIAMONDS JACK,0.5382,0.0082,0.4536
CLUBS SEVEN HEARTS NINE,0.567,0.0082,0.4248
DIAMONDS KING CLUBS TWO,0.3178,0.4732,0.209
SPADES SIX HEARTS JACK,0.5958,0.007,0.3972
CLUBS NINE CLUBS JACK,0.5146,0.005,0.4804
HEARTS THREE SPADES SEVEN,0.6374,0.0064,0.3562
SPADES NINE DIAMONDS SIX,0.5944,0.0074,0.3982
CLUBS TWO DIAMONDS QUEEN,0.6442,0.0078,0.348
HEARTS THREE CLUBS ACE,0.3858,0.0054,0.6088
DIAMONDS TWO CLUBS SIX,0.6292,0.009,0.3618
HEARTS THREE DIAMONDS FOUR,0.6394,0.0082,0.3524
DIAMONDS EIGHT DIAMONDS SEVEN,0.545,0.005,0.45
CLUBS EIGHT DIAMONDS ACE,0.3572,0.0058,0.637
CLUBS TWO DIAMONDS FOUR,0.6466,0.0112,0.3422
DIAMONDS THREE SPADES QUEEN,0.637,0.0094,0.3536
HEARTS JACK CLUBS KING,0.2392,0.0942,0.6666
CLUBS FIVE DIAMONDS KING,0.0106,0.973,0.0164
HEARTS SIX CLUBS THREE,0.6328,0.0076,0.3596
SPADES THREE HEARTS EIGHT,0.6436,0.008,0.3484
DIAMONDS ACE DIAMONDS JACK,0.3262,0.0066,0.6672
HEARTS SEVEN CLUBS JACK,0.5762,0.0072,0.4166
HEARTS NINE DIAMONDS FOUR,0.6466,0.0092,0.3442
DIAMONDS TEN CLUBS QUEEN,0.5504,0.0064,0.4432
SPADES QUEEN SPADES SIX,0.5872,0.0072,0.4056
HEARTS FIVE HEARTS FOUR,0.6396,0.0352,0.3252
HEARTS FOUR DIAMONDS ACE,0.3692,0.0058,0.625
SPADES NINE HEARTS TWO,0.635,0.0072,0.3578
DIAMONDS ACE SPADES SIX,0.3646,0.0056,0.6298
CLUBS FIVE SPADES TWO,0.7004,0.0422,0.2574
CLUBS SIX HEARTS NINE,0.5712,0.0068,0.422
CLUBS THREE DIAMONDS SEVEN,0.6298,0.0066,0.3636
SPADES SIX HEARTS EIGHT,0.5794,0.0062,0.4144
HEARTS KING DIAMONDS FOUR,0.3142,0.4614,0.2244
HEARTS NINE HEARTS EIGHT,0.522,0.007,0.471
CLUBS NINE HEARTS ACE,0.3586,0.0038,0.6376
CLUBS NINE CLUBS ACE,0.3462,0.0034,0.6504
HEARTS FOUR SPADES TWO,0.6468,0.0108,0.3424
CLUBS NINE SPADES TEN,0.5426,0.0066,0.4508
CLUBS SEVEN DIAMONDS EIGHT,0.5676,0.0082,0.4242
CLUBS FIVE SPADES SIX,0.6828,0.0322,0.285
CLUBS FIVE DIAMONDS FOUR,0.6794,0.0384,0.2822
DIAMONDS TWO DIAMONDS JACK,0.61,0.008,0.382
SPADES EIGHT DIAMONDS JACK,0.5628,0.007,0.4302
CLUBS SEVEN CLUBS FIVE,0.6392,0.0318,0.329
DIAMONDS KING SPADES FOUR,0.3156,0.4656,0.2188
SPADES SEVEN DIAMONDS QUEEN,0.5978,0.0102,0.392
CLUBS FIVE HEARTS TWO,0.7128,0.0356,0.2516
DIAMONDS TWO DIAMONDS SEVEN,0.6058,0.0062,0.388
DIAMONDS QUEEN SPADES THREE,0.6388,0.0096,0.3516
HEARTS TEN CLUBS JACK,0.5434,0.0072,0.4494
DIAMONDS ACE DIAMONDS KING,0.2246,0.012,0.7634
HEARTS SEVEN CLUBS FOUR,0.6194,0.0078,0.3728
DIAMONDS QUEEN DIAMONDS SIX,0.565,0.0082,0.4268
CLUBS TEN CLUBS NINE,0.5174,0.0054,0.4772
CLUBS TEN HEARTS FIVE,0.7284,0.0286,0.243
CLUBS EIGHT HEARTS THREE,0.6508,0.0062,0.343
HEARTS FIVE CLUBS KING,0.0198,0.956,0.0242
DIAMONDS ACE CLUBS QUEEN,0.3584,0.0048,0.6368
HEARTS SEVEN HEARTS FIVE,0.6368,0.0346,0.3286
DIAMONDS THREE DIAMONDS NINE,0.595,0.008,0.397
SPADES ACE CLUBS ACE,0.115,0.0046,0.8804
CLUBS EIGHT SPADES FIVE,0.7046,0.0338,0.2616
HEARTS SIX HEARTS NINE,0.5382,0.007,0.4548
DIAMONDS JACK SPADES THREE,0.6398,0.0096,0.3506
SPADES NINE CLUBS FIVE,0.7116,0.0404,0.248
SPADES THREE DIAMONDS NINE,0.6416,0.0098,0.3486
SPADES QUEEN SPADES NINE,0.5492,0.0068,0.444
CLUBS FOUR DIAMONDS FOUR,0.4334,0.0158,0.5508
HEARTS THREE SPADES SIX,0.6288,0.0102,0.361
HEARTS TWO SPADES SEVEN,0.6576,0.0074,0.335
SPADES ACE DIAMONDS THREE,0.3922,0.0074,0.6004
CLUBS SEVEN CLUBS KING,0.2162,0.2842,0.4996
HEARTS SEVEN SPADES JACK,0.5992,0.0078,0.393
DIAMONDS TEN HEARTS NINE,0.5536,0.0076,0.4388
SPADES TEN SPADES EIGHT,0.531,0.0088,0.4602
DIAMONDS JACK SPADES TWO,0.6372,0.012,0.3508
DIAMONDS THREE CLUBS FIVE,0.6922,0.035,0.2728
SPADES THREE HEARTS TEN,0.6322,0.0104,0.3574
SPADES JACK CLUBS ACE,0.3454,0.0028,0.6518
SPADES QUEEN DIAMONDS TWO,0.6468,0.0084,0.3448
SPADES NINE HEARTS JACK,0.5704,0.0058,0.4238
HEARTS FIVE CLUBS QUEEN,0.7286,0.0438,0.2276
SPADES TEN SPADES FIVE,0.7008,0.0394,0.2598
SPADES FOUR HEARTS QUEEN,0.6328,0.0072,0.36
HEARTS FOUR CLUBS KING,0.321,0.4554,0.2236
SPADES SEVEN HEARTS EIGHT,0.5718,0.0082,0.42
CLUBS NINE DIAMONDS JACK,0.5578,0.0058,0.4364
SPADES TWO HEARTS QUEEN,0.6462,0.0092,0.3446
DIAMONDS THREE HEARTS EIGHT,0.6482,0.0084,0.3434
DIAMONDS KING DIAMONDS SIX,0.2182,0.3512,0.4306
CLUBS TEN HEARTS ACE,0.3486,0.0036,0.6478
CLUBS NINE DIAMONDS ACE,0.3724,0.0042,0.6234
SPADES TEN DIAMONDS SEVEN,0.5714,0.0082,0.4204
SPADES QUEEN CLUBS FIVE,0.7302,0.0438,0.226
SPADES JACK HEARTS EIGHT,0.5738,0.0068,0.4194
SPADES SEVEN CLUBS ACE,0.3618,0.005,0.6332
SPADES TWO DIAMONDS SIX,0.6458,0.0118,0.3424
HEARTS SEVEN CLUBS NINE,0.5646,0.006,0.4294
CLUBS TEN SPADES FOUR,0.627,0.0074,0.3656
SPADES TEN DIAMONDS TEN,0.2972,0.0094,0.6934
SPADES EIGHT DIAMONDS EIGHT,0.3222,0.0126,0.6652
DIAMONDS SIX CLUBS JACK,0.601,0.008,0.391
SPADES TWO CLUBS QUEEN,0.6374,0.008,0.3546
SPADES NINE CLUBS FOUR,0.6458,0.0058,0.3484
SPADES TEN HEARTS NINE,0.545,0.0072,0.4478
SPADES FOUR DIAMONDS NINE,0.639,0.0098,0.3512
HEARTS FOUR HEARTS NINE,0.5978,0.0088,0.3934
HEARTS SIX HEARTS THREE,0.5896,0.008,0.4024
SPADES QUEEN SPADES FOUR,0.6052,0.0066,0.3882
HEARTS SEVEN DIAMONDS TEN,0.572,0.0086,0.4194
SPADES TWO HEARTS TEN,0.6382,0.01,0.3518
HEARTS FOUR CLUBS FOUR,0.4316,0.0152,0.5532
CLUBS TEN HEARTS TWO,0.6312,0.0088,0.36
SPADES EIGHT CLUBS THREE,0.6598,0.0082,0.332
SPADES ACE SPADES NINE,0.3634,0.0048,0.6318
HEARTS ACE HEARTS KING,0.2188,0.0132,0.768
CLUBS FIVE DIAMONDS JACK,0.7198,0.0472,0.233
DIAMONDS THREE CLUBS TWO,0.6596,0.0104,0.33
SPADES EIGHT SPADES THREE,0.623,0.0078,0.3692
HEARTS SIX CLUBS FIVE,0.675,0.0306,0.2944
DIAMONDS TEN CLUBS KING,0.2306,0.1176,0.6518
HEARTS SIX SPADES THREE,0.6312,0.0106,0.3582
CLUBS NINE DIAMONDS KING,0.2252,0.1674,0.6074
SPADES THREE CLUBS ACE,0.3872,0.0064,0.6064
CLUBS TEN SPADES QUEEN,0.5604,0.0074,0.4322
HEARTS THREE DIAMONDS JACK,0.6184,0.005,0.3766
HEARTS FIVE HEARTS ACE,0.2124,0.028,0.7596
SPADES ACE HEARTS ACE,0.1174,0.0036,0.879
CLUBS EIGHT CLUBS SEVEN,0.5338,0.007,0.4592
SPADES FIVE HEARTS EIGHT,0.6952,0.0342,0.2706
HEARTS FOUR DIAMONDS SEVEN,0.6162,0.0088,0.375
DIAMONDS ACE HEARTS KING,0.2334,0.0116,0.755
HEARTS FOUR SPADES NINE,0.6314,0.0068,0.3618
DIAMONDS JACK HEARTS EIGHT,0.5796,0.0052,0.4152
CLUBS TEN SPADES SEVEN,0.58,0.008,0.412
CLUBS EIGHT HEARTS FOUR,0.6276,0.0064,0.366
CLUBS EIGHT SPADES THREE,0.6512,0.007,0.3418
CLUBS ACE DIAMONDS SEVEN,0.3562,0.0046,0.6392
HEARTS KING DIAMONDS SIX,0.2146,0.3794,0.406
SPADES ACE HEARTS TEN,0.341,0.0018,0.6572
SPADES FOUR CLUBS QUEEN,0.6446,0.0074,0.348
HEARTS SEVEN HEARTS FOUR,0.5744,0.0098,0.4158
HEARTS SIX CLUBS FOUR,0.6034,0.0072,0.3894
HEARTS FIVE DIAMONDS KING,0.0128,0.9656,0.0216
HEARTS FOUR DIAMONDS TEN,0.6294,0.0086,0.362
CLUBS NINE CLUBS TWO,0.5964,0.0082,0.3954
HEARTS SEVEN HEARTS TEN,0.5366,0.0088,0.4546
CLUBS NINE SPADES NINE,0.3216,0.008,0.6704
HEARTS SIX DIAMONDS NINE,0.5772,0.0064,0.4164
SPADES JACK HEARTS TEN,0.5528,0.0068,0.4404
SPADES ACE CLUBS FOUR,0.3646,0.0042,0.6312
SPADES JACK CLUBS EIGHT,0.5888,0.0076,0.4036
SPADES ACE HEARTS EIGHT,0.3488,0.0032,0.648
SPADES EIGHT HEARTS QUEEN,0.5792,0.0074,0.4134
SPADES ACE HEARTS SIX,0.3596,0.0052,0.6352
HEARTS JACK DIAMONDS FOUR,0.6428,0.0078,0.3494
HEARTS FIVE DIAMONDS ACE,0.2256,0.028,0.7464
SPADES ACE DIAMONDS EIGHT,0.3458,0.0052,0.649
CLUBS SEVEN DIAMONDS TEN,0.5754,0.0076,0.417
CLUBS SEVEN HEARTS QUEEN,0.6004,0.0054,0.3942
SPADES EIGHT CLUBS JACK,0.5658,0.009,0.4252
HEARTS SIX DIAMONDS KING,0.2292,0.3818,0.389
SPADES TWO HEARTS JACK,0.639,0.0068,0.3542
DIAMONDS EIGHT CLUBS KING,0.2304,0.2248,0.5448
SPADES ACE CLUBS SIX,0.3548,0.004,0.6412
SPADES SEVEN DIAMONDS ACE,0.3598,0.0044,0.6358
HEARTS TWO DIAMONDS ACE,0.394,0.0064,0.5996
SPADES SEVEN CLUBS QUEEN,0.6046,0.0074,0.388
HEARTS TWO SPADES FIVE,0.7048,0.0428,0.2524
SPADES NINE CLUBS THREE,0.6412,0.0098,0.349
SPADES SEVEN DIAMONDS SIX,0.5738,0.0078,0.4184
CLUBS KING HEARTS TEN,0.2352,0.119,0.6458
CLUBS SEVEN HEARTS THREE,0.6112,0.0078,0.381
DIAMONDS JACK HEARTS QUEEN,0.541,0.0068,0.4522
CLUBS EIGHT CLUBS QUEEN,0.5408,0.006,0.4532
CLUBS TWO CLUBS JACK,0.5938,0.0082,0.398
DIAMONDS TWO SPADES EIGHT,0.6442,0.0072,0.3486
DIAMONDS TWO CLUBS TWO,0.456,0.0188,0.5252
CLUBS FOUR DIAMONDS ACE,0.3672,0.0056,0.6272
HEARTS FIVE DIAMONDS SEVEN,0.6814,0.035,0.2836
CLUBS TEN DIAMONDS TWO,0.6326,0.007,0.3604
HEARTS SEVEN HEARTS NINE,0.5296,0.0088,0.4616
CLUBS TWO DIAMONDS SEVEN,0.6366,0.0108,0.3526
SPADES SIX HEARTS ACE,0.3648,0.0042,0.631
SPADES JACK DIAMONDS ACE,0.3386,0.0056,0.6558
SPADES EIGHT HEARTS KING,0.2468,0.222,0.5312
CLUBS FOUR DIAMONDS SEVEN,0.6132,0.0088,0.378
SPADES QUEEN CLUBS SIX,0.602,0.0092,0.3888
SPADES FIVE HEARTS JACK,0.7256,0.04,0.2344
SPADES JACK CLUBS FIVE,0.7356,0.0394,0.225
DIAMONDS KING CLUBS QUEEN,0.2364,0.0638,0.6998
CLUBS TWO CLUBS ACE,0.3522,0.0052,0.6426
SPADES QUEEN HEARTS NINE,0.5702,0.0074,0.4224
SPADES QUEEN DIAMONDS NINE,0.5742,0.0068,0.419
SPADES EIGHT SPADES SEVEN,0.5446,0.0058,0.4496
HEARTS ACE CLUBS KING,0.2306,0.01,0.7594
CLUBS EIGHT DIAMONDS QUEEN,0.5824,0.009,0.4086
CLUBS EIGHT DIAMONDS TEN,0.5466,0.0076,0.4458
CLUBS SEVEN DIAMONDS SEVEN,0.34,0.0156,0.6444
CLUBS SIX DIAMONDS EIGHT,0.5616,0.0078,0.4306
DIAMONDS EIGHT DIAMONDS FOUR,0.5928,0.0104,0.3968
DIAMONDS TWO CLUBS FIVE,0.714,0.0372,0.2488
DIAMONDS THREE SPADES SEVEN,0.6438,0.0104,0.3458
SPADES ACE CLUBS KING,0.2206,0.0162,0.7632
SPADES ACE DIAMONDS QUEEN,0.3396,0.005,0.6554
HEARTS THREE SPADES FIVE,0.7008,0.0394,0.2598
DIAMONDS ACE HEARTS EIGHT,0.3452,0.0032,0.6516
DIAMONDS TWO SPADES JACK,0.6444,0.01,0.3456
DIAMONDS TEN DIAMONDS EIGHT,0.5248,0.0064,0.4688
CLUBS FOUR HEARTS TEN,0.625,0.0072,0.3678
CLUBS SIX HEARTS EIGHT,0.5774,0.0078,0.4148
CLUBS SEVEN DIAMONDS KING,0.2196,0.3024,0.478
SPADES THREE DIAMONDS FOUR,0.643,0.0114,0.3456
CLUBS SIX HEARTS ACE,0.36,0.0024,0.6376
DIAMONDS SEVEN HEARTS NINE,0.5622,0.0062,0.4316
SPADES NINE HEARTS NINE,0.3236,0.0076,0.6688
DIAMONDS KING DIAMONDS JACK,0.231,0.079,0.69
SPADES ACE HEARTS JACK,0.3546,0.0058,0.6396
HEARTS TEN HEARTS NINE,0.5052,0.0082,0.4866
CLUBS NINE CLUBS QUEEN,0.5304,0.0064,0.4632
SPADES SEVEN HEARTS KING,0.23,0.3014,0.4686
HEARTS THREE HEARTS EIGHT,0.5966,0.006,0.3974
CLUBS SIX HEARTS THREE,0.6202,0.0104,0.3694
CLUBS ACE CLUBS QUEEN,0.3236,0.0032,0.6732
HEARTS SEVEN DIAMONDS EIGHT,0.5636,0.006,0.4304
DIAMONDS THREE CLUBS EIGHT,0.6458,0.0104,0.3438
SPADES EIGHT CLUBS FOUR,0.6296,0.0086,0.3618
CLUBS NINE HEARTS JACK,0.5482,0.007,0.4448
CLUBS THREE HEARTS QUEEN,0.648,0.0084,0.3436
SPADES SEVEN SPADES TWO,0.6128,0.0072,0.38
HEARTS SIX HEARTS FIVE,0.6536,0.0306,0.3158
SPADES QUEEN SPADES FIVE,0.6944,0.0364,0.2692
CLUBS SEVEN CLUBS ACE,0.343,0.0058,0.6512
DIAMONDS ACE CLUBS THREE,0.3836,0.005,0.6114
SPADES TEN DIAMONDS FOUR,0.6382,0.0096,0.3522
CLUBS FIVE HEARTS KING,0.0248,0.9524,0.0228
SPADES TWO DIAMONDS FOUR,0.6478,0.0112,0.341
DIAMONDS TWO SPADES NINE,0.6252,0.0084,0.3664
SPADES SEVEN CLUBS JACK,0.5866,0.0094,0.404
HEARTS FIVE HEARTS TEN,0.6836,0.0374,0.279
HEARTS THREE DIAMONDS KING,0.3264,0.4488,0.2248
SPADES EIGHT SPADES FIVE,0.682,0.0358,0.2822
CLUBS SEVEN DIAMONDS ACE,0.3556,0.0056,0.6388
HEARTS ACE DIAMONDS NINE,0.3586,0.0048,0.6366
HEARTS SEVEN CLUBS KING,0.225,0.2932,0.4818
CLUBS TWO HEARTS NINE,0.631,0.0074,0.3616
SPADES JACK DIAMONDS EIGHT,0.5796,0.0078,0.4126
CLUBS SIX HEARTS TWO,0.6386,0.009,0.3524
SPADES JACK CLUBS FOUR,0.6504,0.0074,0.3422
HEARTS SEVEN CLUBS EIGHT,0.5594,0.0056,0.435
SPADES QUEEN HEARTS EIGHT,0.5956,0.0076,0.3968
DIAMONDS SIX HEARTS EIGHT,0.5828,0.0082,0.409
SPADES TWO CLUBS KING,0.34,0.4598,0.2002
HEARTS THREE DIAMONDS NINE,0.6262,0.0052,0.3686
DIAMONDS KING DIAMONDS QUEEN,0.2276,0.0618,0.7106
SPADES FIVE CLUBS TWO,0.7204,0.0428,0.2368
DIAMONDS THREE CLUBS QUEEN,0.652,0.006,0.342
SPADES JACK DIAMONDS JACK,0.2886,0.008,0.7034
HEARTS SEVEN DIAMONDS SEVEN,0.3268,0.0144,0.6588
DIAMONDS THREE HEARTS ACE,0.3744,0.0066,0.619
DIAMONDS THREE HEARTS FIVE,0.692,0.044,0.264
HEARTS TEN DIAMONDS SEVEN,0.5774,0.0052,0.4174
DIAMONDS THREE SPADES EIGHT,0.6512,0.0088,0.34
CLUBS EIGHT DIAMONDS FOUR,0.6342,0.0084,0.3574
HEARTS TWO DIAMONDS SIX,0.6258,0.0094,0.3648
SPADES TEN DIAMONDS SIX,0.5858,0.0092,0.405
SPADES EIGHT DIAMONDS FOUR,0.6218,0.009,0.3692
CLUBS SIX HEARTS JACK,0.616,0.007,0.377
CLUBS NINE CLUBS SEVEN,0.5358,0.01,0.4542
DIAMONDS TWO HEARTS NINE,0.6368,0.0104,0.3528
CLUBS FIVE CLUBS TWO,0.6686,0.0374,0.294
SPADES JACK DIAMONDS QUEEN,0.5666,0.0074,0.426
DIAMONDS THREE CLUBS FOUR,0.639,0.0084,0.3526
SPADES EIGHT HEARTS NINE,0.5652,0.0066,0.4282
HEARTS THREE CLUBS FIVE,0.689,0.037,0.274
CLUBS SIX HEARTS TEN,0.5898,0.0068,0.4034
DIAMONDS THREE HEARTS TWO,0.6532,0.01,0.3368
CLUBS TEN DIAMONDS SIX,0.5854,0.0068,0.4078
DIAMONDS THREE SPADES TEN,0.633,0.009,0.358
HEARTS FIVE CLUBS SEVEN,0.6888,0.037,0.2742
CLUBS NINE SPADES EIGHT,0.566,0.0076,0.4264
CLUBS SIX CLUBS QUEEN,0.5526,0.008,0.4394
CLUBS TEN CLUBS THREE,0.5852,0.007,0.4078
SPADES JACK HEARTS ACE,0.351,0.0052,0.6438
SPADES JACK HEARTS KING,0.2412,0.0844,0.6744
SPADES QUEEN HEARTS ACE,0.349,0.0034,0.6476
SPADES TEN SPADES SEVEN,0.5512,0.0078,0.441
HEARTS QUEEN CLUBS ACE,0.3516,0.0042,0.6442
CLUBS FOUR SPADES SIX,0.6182,0.0076,0.3742
DIAMONDS JACK HEARTS TEN,0.5422,0.0096,0.4482
CLUBS SIX HEARTS QUEEN,0.604,0.008,0.388
CLUBS FOUR HEARTS KING,0.312,0.4668,0.2212
DIAMONDS TEN HEARTS EIGHT,0.5554,0.0082,0.4364
SPADES SIX SPADES THREE,0.6036,0.0064,0.39
CLUBS THREE SPADES FOUR,0.638,0.0096,0.3524
SPADES QUEEN CLUBS NINE,0.5766,0.007,0.4164
CLUBS FOUR SPADES THREE,0.646,0.0098,0.3442
DIAMONDS TEN DIAMONDS NINE,0.5108,0.0064,0.4828
SPADES NINE SPADES EIGHT,0.5278,0.0086,0.4636
SPADES SIX CLUBS THREE,0.6234,0.007,0.3696
SPADES QUEEN CLUBS ACE,0.3544,0.005,0.6406
SPADES JACK DIAMONDS KING,0.2368,0.0952,0.668
CLUBS NINE DIAMONDS NINE,0.3152,0.0082,0.6766
HEARTS QUEEN HEARTS TEN,0.5058,0.0062,0.488
HEARTS SEVEN DIAMONDS ACE,0.3608,0.0038,0.6354
CLUBS FOUR HEARTS EIGHT,0.6332,0.0088,0.358
SPADES TEN DIAMONDS EIGHT,0.5554,0.0094,0.4352
DIAMONDS KING HEARTS EIGHT,0.249,0.2176,0.5334
HEARTS QUEEN CLUBS KING,0.2508,0.0676,0.6816
SPADES ACE DIAMONDS NINE,0.3504,0.0052,0.6444
DIAMONDS THREE DIAMONDS FOUR,0.6064,0.0088,0.3848
HEARTS FIVE CLUBS THREE,0.6922,0.0362,0.2716
SPADES FOUR HEARTS EIGHT,0.6304,0.0122,0.3574
SPADES JACK SPADES NINE,0.5394,0.0096,0.451
HEARTS ACE SPADES TWO,0.3894,0.0054,0.6052
DIAMONDS NINE HEARTS NINE,0.33,0.0086,0.6614
SPADES FIVE CLUBS ACE,0.2312,0.0322,0.7366
HEARTS ACE CLUBS JACK,0.364,0.0022,0.6338
SPADES NINE DIAMONDS EIGHT,0.5706,0.0078,0.4216
SPADES JACK CLUBS QUEEN,0.5608,0.0086,0.4306
HEARTS FIVE SPADES SEVEN,0.6776,0.0372,0.2852
SPADES THREE DIAMONDS SEVEN,0.6362,0.007,0.3568
SPADES TEN SPADES SIX,0.576,0.0074,0.4166
DIAMONDS THREE DIAMONDS QUEEN,0.6004,0.0066,0.393
SPADES QUEEN HEARTS QUEEN,0.2962,0.0038,0.7
DIAMONDS ACE SPADES FIVE,0.226,0.0292,0.7448
DIAMONDS THREE SPADES FIVE,0.7046,0.0404,0.255
HEARTS KING HEARTS JACK,0.2294,0.0836,0.687
HEARTS SEVEN SPADES FIVE,0.6892,0.0336,0.2772
HEARTS FIVE SPADES TWO,0.7174,0.042,0.2406
HEARTS FOUR HEARTS TWO,0.6072,0.0072,0.3856
DIAMONDS ACE CLUBS ACE,0.1176,0.0036,0.8788
SPADES NINE DIAMONDS JACK,0.5722,0.008,0.4198
DIAMONDS TWO HEARTS TEN,0.6386,0.0082,0.3532
SPADES QUEEN DIAMONDS SIX,0.6062,0.007,0.3868
CLUBS NINE HEARTS THREE,0.6278,0.0102,0.362
CLUBS SIX SPADES FIVE,0.6908,0.0308,0.2784
HEARTS FIVE DIAMONDS NINE,0.6946,0.0408,0.2646
DIAMONDS QUEEN CLUBS ACE,0.3578,0.0038,0.6384
DIAMONDS THREE HEARTS TEN,0.6406,0.0096,0.3498
DIAMONDS TWO CLUBS FOUR,0.6508,0.0084,0.3408
SPADES ACE SPADES JACK,0.3488,0.0056,0.6456
DIAMONDS TEN DIAMONDS SIX,0.5576,0.0102,0.4322
HEARTS FOUR HEARTS QUEEN,0.6002,0.0082,0.3916
CLUBS KING HEARTS NINE,0.2448,0.1742,0.581
SPADES FIVE DIAMONDS TEN,0.7178,0.0372,0.245
DIAMONDS KING HEARTS KING,0.0696,0.0134,0.917
SPADES THREE DIAMONDS TEN,0.6504,0.0088,0.3408
HEARTS SEVEN SPADES EIGHT,0.573,0.0056,0.4214
HEARTS THREE DIAMONDS EIGHT,0.6398,0.009,0.3512
HEARTS TWO HEARTS EIGHT,0.597,0.0084,0.3946
SPADES EIGHT DIAMONDS TEN,0.5522,0.0072,0.4406
DIAMONDS TWO CLUBS THREE,0.66,0.0076,0.3324
HEARTS SIX CLUBS ACE,0.3474,0.0044,0.6482
DIAMONDS SEVEN HEARTS EIGHT,0.5508,0.0074,0.4418
HEARTS QUEEN DIAMONDS FOUR,0.6378,0.0064,0.3558
CLUBS TEN SPADES NINE,0.5404,0.0074,0.4522
CLUBS TEN CLUBS EIGHT,0.5262,0.0082,0.4656
HEARTS SIX SPADES TWO,0.648,0.0094,0.3426
SPADES QUEEN DIAMONDS SEVEN,0.6024,0.009,0.3886
SPADES EIGHT CLUBS QUEEN,0.582,0.0064,0.4116
HEARTS FIVE CLUBS FIVE,0.309,0.0372,0.6538
CLUBS FIVE HEARTS JACK,0.7332,0.0376,0.2292
HEARTS FIVE DIAMONDS QUEEN,0.7242,0.0416,0.2342
HEARTS TWO SPADES THREE,0.6568,0.0094,0.3338
HEARTS ACE HEARTS QUEEN,0.328,0.0038,0.6682
SPADES JACK HEARTS JACK,0.2998,0.0056,0.6946
DIAMONDS TWO SPADES TWO,0.4514,0.0196,0.529
CLUBS FOUR HEARTS JACK,0.6416,0.0052,0.3532
DIAMONDS ACE DIAMONDS FOUR,0.3538,0.0058,0.6404
SPADES ACE HEARTS QUEEN,0.3488,0.004,0.6472
SPADES TEN CLUBS SIX,0.5988,0.0086,0.3926
SPADES FIVE SPADES TWO,0.6828,0.0412,0.276
CLUBS THREE SPADES TWO,0.653,0.0122,0.3348
DIAMONDS ACE CLUBS TWO,0.3782,0.0036,0.6182
CLUBS TEN CLUBS KING,0.223,0.1042,0.6728
DIAMONDS THREE HEARTS THREE,0.444,0.0178,0.5382
SPADES JACK HEARTS QUEEN,0.563,0.0068,0.4302
DIAMONDS KING CLUBS ACE,0.2304,0.0122,0.7574
SPADES SEVEN DIAMONDS SEVEN,0.3276,0.019,0.6534
DIAMONDS TWO CLUBS SEVEN,0.6518,0.0098,0.3384
SPADES FOUR DIAMONDS JACK,0.6408,0.0106,0.3486
CLUBS FOUR SPADES FIVE,0.6834,0.0404,0.2762
SPADES NINE CLUBS JACK,0.5532,0.0078,0.439
HEARTS ACE DIAMONDS SEVEN,0.357,0.0056,0.6374
SPADES SIX DIAMONDS SEVEN,0.564,0.0086,0.4274
DIAMONDS TEN SPADES TWO,0.636,0.0092,0.3548
SPADES FOUR SPADES TWO,0.6182,0.0096,0.3722
HEARTS SIX SPADES NINE,0.579,0.0082,0.4128
CLUBS SEVEN HEARTS ACE,0.3654,0.0032,0.6314
HEARTS FIVE DIAMONDS JACK,0.7248,0.0408,0.2344
HEARTS SEVEN DIAMONDS TWO,0.6408,0.0096,0.3496
SPADES JACK DIAMONDS NINE,0.5496,0.0084,0.442
CLUBS FIVE SPADES FIVE,0.3066,0.0292,0.6642
SPADES QUEEN SPADES SEVEN,0.5712,0.0044,0.4244
DIAMONDS QUEEN HEARTS NINE,0.5658,0.0072,0.427
SPADES ACE SPADES FIVE,0.218,0.0264,0.7556
DIAMONDS NINE CLUBS JACK,0.5548,0.0082,0.437
SPADES QUEEN DIAMONDS FOUR,0.6412,0.0078,0.351
SPADES TEN CLUBS KING,0.2466,0.1192,0.6342
DIAMONDS ACE HEARTS NINE,0.3652,0.0032,0.6316
CLUBS SEVEN SPADES FIVE,0.686,0.0372,0.2768
CLUBS FIVE SPADES THREE,0.688,0.0382,0.2738
CLUBS NINE SPADES FIVE,0.7232,0.036,0.2408
SPADES SIX DIAMONDS NINE,0.5938,0.0072,0.399
CLUBS NINE HEARTS NINE,0.3196,0.0118,0.6686
DIAMONDS TWO HEARTS ACE,0.3832,0.0044,0.6124
DIAMONDS THREE DIAMONDS SEVEN,0.5978,0.0124,0.3898
SPADES FOUR DIAMONDS SIX,0.6022,0.0098,0.388
CLUBS FOUR DIAMONDS QUEEN,0.6388,0.0074,0.3538
DIAMONDS NINE DIAMONDS FOUR,0.598,0.0096,0.3924
DIAMONDS ACE DIAMONDS NINE,0.3526,0.0052,0.6422
HEARTS ACE DIAMONDS TEN,0.3516,0.003,0.6454
HEARTS FIVE DIAMONDS SIX,0.686,0.0336,0.2804
SPADES TWO HEARTS NINE,0.6294,0.0102,0.3604
SPADES QUEEN DIAMONDS QUEEN,0.2932,0.0052,0.7016
HEARTS TWO HEARTS ACE,0.3546,0.0046,0.6408
HEARTS EIGHT DIAMONDS FOUR,0.626,0.0092,0.3648
HEARTS THREE CLUBS KING,0.3164,0.4594,0.2242
SPADES TEN CLUBS QUEEN,0.5492,0.0086,0.4422
CLUBS TEN SPADES THREE,0.633,0.0082,0.3588
CLUBS EIGHT CLUBS KING,0.2264,0.2136,0.56
SPADES EIGHT HEARTS TWO,0.6448,0.0078,0.3474
DIAMONDS JACK HEARTS NINE,0.5682,0.0044,0.4274
CLUBS SIX DIAMONDS SEVEN,0.5766,0.0082,0.4152
SPADES TEN SPADES FOUR,0.6084,0.0086,0.383
CLUBS TWO DIAMONDS TEN,0.613,0.0076,0.3794
HEARTS TWO HEARTS JACK,0.605,0.0074,0.3876
DIAMONDS KING DIAMONDS NINE,0.223,0.1656,0.6114
SPADES JACK HEARTS TWO,0.6448,0.0066,0.3486
DIAMONDS NINE CLUBS KING,0.2282,0.1722,0.5996
SPADES ACE HEARTS SEVEN,0.3412,0.0042,0.6546
DIAMONDS JACK DIAMONDS FOUR,0.5968,0.0068,0.3964
DIAMONDS JACK CLUBS JACK,0.2946,0.0068,0.6986
CLUBS SIX DIAMONDS QUEEN,0.5946,0.007,0.3984
HEARTS SIX DIAMONDS JACK,0.582,0.0068,0.4112
DIAMONDS ACE DIAMONDS SEVEN,0.3372,0.0048,0.658
SPADES ACE DIAMONDS JACK,0.3518,0.007,0.6412
CLUBS SIX DIAMONDS ACE,0.3588,0.0052,0.636
HEARTS KING CLUBS ACE,0.2238,0.0118,0.7644
