opposingHand,winningChance,drawChance,lostChance
DIAMONDS FIVE CLUBS THREE
HEARTS FIVE SPADES TEN,0.2608,0.0796,0.6596
HEARTS FIVE SPADES JACK,0.2792,0.0752,0.6456
CLUBS JACK SPADES FIVE,0.2628,0.0656,0.6716
CLUBS TEN SPADES FIVE,0.2632,0.082,0.6548
CLUBS JACK CLUBS EIGHT,0.3414,0.0192,0.6394
CLUBS TEN CLUBS EIGHT,0.3226,0.0258,0.6516
CLUBS EIGHT CLUBS KING,0.3484,0.0078,0.6438
SPADES FIVE CLUBS ACE,0.2352,0.0268,0.738
CLUBS EIGHT CLUBS QUEEN,0.3498,0.0114,0.6388
SPADES FIVE CLUBS KING,0.268,0.0374,0.6946
SPADES FIVE CLUBS QUEEN,0.2714,0.051,0.6776
CLUBS EIGHT CLUBS ACE,0.336,0.0072,0.6568
DIAMONDS TWO DIAMONDS THREE,0.3778,0.3704,0.2518
HEARTS FIVE SPADES KING,0.2768,0.0372,0.686
DIAMONDS TWO DIAMONDS FOUR,0.4122,0.2342,0.3536
HEARTS FIVE SPADES QUEEN,0.2614,0.0472,0.6914
DIAMONDS TWO DIAMONDS SEVEN,0.3916,0.1034,0.505
DIAMONDS TWO DIAMONDS SIX,0.3804,0.1592,0.4604
SPADES ACE HEARTS FIVE,0.248,0.0286,0.7234
DIAMONDS TWO DIAMONDS NINE,0.4024,0.0422,0.5554
DIAMONDS TWO DIAMONDS EIGHT,0.4,0.0552,0.5448
DIAMONDS THREE DIAMONDS FOUR,0.3898,0.3604,0.2498
CLUBS TWO SPADES FOUR,0.4166,0.256,0.3274
SPADES FIVE CLUBS TWO,0.2686,0.5108,0.2206
CLUBS TWO SPADES TWO,0.3338,0.1558,0.5104
CLUBS TWO SPADES THREE,0.4118,0.3732,0.215
DIAMONDS THREE DIAMONDS EIGHT,0.2712,0.1398,0.589
SPADES EIGHT CLUBS TWO,0.4126,0.0672,0.5202
DIAMONDS THREE DIAMONDS NINE,0.2648,0.1062,0.629
SPADES NINE CLUBS TWO,0.4264,0.0462,0.5274
DIAMONDS THREE DIAMONDS SIX,0.2322,0.2738,0.494
SPADES SIX CLUBS TWO,0.398,0.1726,0.4294
DIAMONDS THREE DIAMONDS SEVEN,0.2436,0.1882,0.5682
SPADES SEVEN CLUBS TWO,0.4194,0.1112,0.4694
CLUBS SIX CLUBS TWO,0.3828,0.1496,0.4676
CLUBS SEVEN CLUBS TWO,0.3958,0.0944,0.5098
CLUBS FOUR CLUBS TWO,0.3872,0.2438,0.369
CLUBS FIVE CLUBS TWO,0.2688,0.4772,0.254
CLUBS TEN CLUBS JACK,0.3296,0.0118,0.6586
DIAMONDS SIX DIAMONDS FOUR,0.3256,0.1548,0.5196
CLUBS TEN CLUBS QUEEN,0.325,0.013,0.662
DIAMONDS FOUR DIAMONDS SEVEN,0.3358,0.099,0.5652
CLUBS TEN CLUBS KING,0.3456,0.0084,0.646
CLUBS TEN CLUBS ACE,0.3586,0.0044,0.637
CLUBS EIGHT CLUBS TWO,0.3892,0.0696,0.5412
CLUBS NINE CLUBS TWO,0.4022,0.0446,0.5532
DIAMONDS NINE DIAMONDS FOUR,0.3568,0.0486,0.5946
DIAMONDS FOUR DIAMONDS EIGHT,0.3504,0.0686,0.581
CLUBS JACK DIAMONDS TWO,0.411,0.0254,0.5636
CLUBS TEN DIAMONDS TWO,0.417,0.0342,0.5488
DIAMONDS TWO CLUBS ACE,0.3892,0.0072,0.6036
DIAMONDS TWO CLUBS KING,0.4254,0.0092,0.5654
DIAMONDS TWO CLUBS QUEEN,0.4196,0.0134,0.567
DIAMONDS SIX DIAMONDS EIGHT,0.3146,0.0642,0.6212
DIAMONDS NINE DIAMONDS SIX,0.3362,0.0426,0.6212
HEARTS ACE SPADES THREE,0.2616,0.0172,0.7212
SPADES THREE HEARTS KING,0.2796,0.036,0.6844
DIAMONDS SIX DIAMONDS SEVEN,0.3152,0.0996,0.5852
HEARTS QUEEN SPADES THREE,0.2896,0.043,0.6674
SPADES THREE HEARTS JACK,0.2846,0.0552,0.6602
SPADES THREE HEARTS TEN,0.2808,0.071,0.6482
DIAMONDS EIGHT DIAMONDS SEVEN,0.3278,0.056,0.6162
DIAMONDS NINE DIAMONDS SEVEN,0.3356,0.0376,0.6268
DIAMONDS NINE DIAMONDS EIGHT,0.319,0.035,0.646
DIAMONDS KING HEARTS TEN,0.3484,0.0072,0.6444
HEARTS THREE HEARTS TEN,0.2602,0.0768,0.663
SPADES JACK CLUBS SIX,0.367,0.0214,0.6116
DIAMONDS KING HEARTS JACK,0.3604,0.0064,0.6332
HEARTS THREE HEARTS JACK,0.2744,0.0552,0.6704
SPADES TEN CLUBS SIX,0.3486,0.0308,0.6206
SPADES JACK SPADES FIVE,0.2612,0.0618,0.677
SPADES TEN SPADES FIVE,0.2508,0.0758,0.6734
DIAMONDS KING HEARTS ACE,0.348,0.0072,0.6448
HEARTS THREE HEARTS ACE,0.2474,0.018,0.7346
SPADES ACE CLUBS SIX,0.3428,0.0054,0.6518
DIAMONDS KING HEARTS QUEEN,0.3634,0.0076,0.629
HEARTS THREE HEARTS QUEEN,0.2582,0.0416,0.7002
SPADES KING CLUBS SIX,0.3604,0.01,0.6296
DIAMONDS KING HEARTS KING,0.1692,0.0224,0.8084
HEARTS THREE HEARTS KING,0.2738,0.0296,0.6966
SPADES QUEEN CLUBS SIX,0.3628,0.0146,0.6226
SPADES NINE HEARTS TEN,0.3518,0.0224,0.6258
SPADES NINE HEARTS JACK,0.3526,0.0164,0.631
SPADES QUEEN SPADES FIVE,0.2488,0.054,0.6972
SPADES KING SPADES FIVE,0.2532,0.0352,0.7116
SPADES ACE SPADES FIVE,0.2344,0.026,0.7396
SPADES NINE HEARTS QUEEN,0.3572,0.0122,0.6306
SPADES NINE HEARTS KING,0.364,0.0052,0.6308
SPADES NINE HEARTS ACE,0.3616,0.0026,0.6358
CLUBS TEN SPADES JACK,0.3386,0.0164,0.645
CLUBS TEN SPADES TEN,0.171,0.0652,0.7638
SPADES ACE CLUBS TEN,0.3634,0.0074,0.6292
CLUBS TEN SPADES KING,0.3568,0.0082,0.635
CLUBS TEN SPADES QUEEN,0.357,0.0118,0.6312
SPADES FIVE HEARTS QUEEN,0.2756,0.054,0.6704
SPADES FIVE HEARTS KING,0.2778,0.0392,0.683
HEARTS ACE SPADES FIVE,0.2608,0.0226,0.7166
CLUBS EIGHT SPADES TEN,0.3384,0.0284,0.6332
SPADES JACK HEARTS THREE,0.2912,0.0568,0.652
SPADES JACK DIAMONDS KING,0.3428,0.0064,0.6508
SPADES TEN DIAMONDS KING,0.3552,0.0068,0.638
SPADES TEN HEARTS THREE,0.2782,0.078,0.6438
CLUBS EIGHT SPADES JACK,0.359,0.0158,0.6252
CLUBS SIX HEARTS ACE,0.3584,0.0044,0.6372
SPADES ACE CLUBS EIGHT,0.35,0.005,0.645
HEARTS FIVE CLUBS JACK,0.2698,0.069,0.6612
CLUBS TEN HEARTS FIVE,0.2678,0.0792,0.653
CLUBS SIX HEARTS QUEEN,0.3556,0.013,0.6314
SPADES QUEEN CLUBS EIGHT,0.362,0.0138,0.6242
CLUBS TEN SPADES THREE,0.2676,0.0776,0.6548
CLUBS SIX HEARTS KING,0.3618,0.0092,0.629
SPADES KING CLUBS EIGHT,0.3552,0.0078,0.637
CLUBS JACK SPADES THREE,0.2866,0.0578,0.6556
DIAMONDS TWO HEARTS JACK,0.425,0.0204,0.5546
SPADES THREE CLUBS QUEEN,0.2722,0.0388,0.689
DIAMONDS TWO HEARTS TEN,0.4146,0.0318,0.5536
SPADES THREE CLUBS KING,0.2728,0.034,0.6932
HEARTS FIVE CLUBS ACE,0.2536,0.0244,0.722
SPADES FIVE HEARTS TEN,0.2818,0.0746,0.6436
SPADES THREE CLUBS ACE,0.2554,0.0194,0.7252
HEARTS FIVE CLUBS KING,0.2602,0.039,0.7008
SPADES FIVE HEARTS JACK,0.2822,0.0626,0.6552
HEARTS FIVE CLUBS QUEEN,0.2596,0.052,0.6884
HEARTS THREE CLUBS KING,0.2818,0.0356,0.6826
DIAMONDS KING CLUBS KING,0.1592,0.0192,0.8216
HEARTS THREE CLUBS QUEEN,0.2676,0.0392,0.6932
DIAMONDS KING CLUBS QUEEN,0.3586,0.0118,0.6296
HEARTS FIVE HEARTS JACK,0.2602,0.064,0.6758
HEARTS FIVE HEARTS TEN,0.2638,0.0764,0.6598
HEARTS THREE CLUBS ACE,0.251,0.0212,0.7278
DIAMONDS KING CLUBS ACE,0.3684,0.009,0.6226
SPADES ACE CLUBS QUEEN,0.354,0.0056,0.6404
SPADES KING CLUBS QUEEN,0.3624,0.0054,0.6322
CLUBS JACK HEARTS THREE,0.2744,0.0572,0.6684
CLUBS JACK DIAMONDS KING,0.3448,0.0118,0.6434
SPADES QUEEN CLUBS QUEEN,0.1654,0.0348,0.7998
CLUBS TEN HEARTS THREE,0.2774,0.0786,0.644
CLUBS TEN DIAMONDS KING,0.3472,0.0062,0.6466
SPADES JACK CLUBS QUEEN,0.3492,0.0086,0.6422
CLUBS SIX CLUBS QUEEN,0.3556,0.014,0.6304
SPADES TEN CLUBS QUEEN,0.3442,0.01,0.6458
CLUBS SIX CLUBS KING,0.3482,0.0088,0.643
CLUBS SIX CLUBS ACE,0.3576,0.0042,0.6382
HEARTS FIVE HEARTS KING,0.2588,0.0402,0.701
HEARTS FIVE HEARTS QUEEN,0.2532,0.0486,0.6982
CLUBS TEN CLUBS SIX,0.33,0.0346,0.6354
HEARTS FIVE HEARTS ACE,0.2402,0.0214,0.7384
CLUBS JACK CLUBS SIX,0.338,0.019,0.643
SPADES SEVEN HEARTS JACK,0.3618,0.0184,0.6198
SPADES SEVEN HEARTS TEN,0.3556,0.0278,0.6166
DIAMONDS TWO CLUBS TWO,0.3252,0.1656,0.5092
DIAMONDS TWO HEARTS SIX,0.4104,0.1564,0.4332
DIAMONDS TWO HEARTS QUEEN,0.4206,0.0144,0.565
HEARTS SEVEN DIAMONDS TWO,0.41,0.105,0.485
DIAMONDS TWO HEARTS KING,0.424,0.0104,0.5656
DIAMONDS TWO HEARTS EIGHT,0.4124,0.0732,0.5144
DIAMONDS TWO HEARTS ACE,0.405,0.0058,0.5892
DIAMONDS TWO HEARTS NINE,0.4218,0.0446,0.5336
DIAMONDS TWO DIAMONDS QUEEN,0.3942,0.0132,0.5926
DIAMONDS TWO HEARTS TWO,0.3388,0.1616,0.4996
DIAMONDS TWO DIAMONDS KING,0.3896,0.0088,0.6016
DIAMONDS TWO HEARTS THREE,0.4136,0.3644,0.222
DIAMONDS TWO DIAMONDS ACE,0.3986,0.0054,0.596
HEARTS FOUR DIAMONDS TWO,0.4204,0.2454,0.3342
HEARTS FIVE DIAMONDS TWO,0.274,0.5182,0.2078
SPADES SEVEN HEARTS ACE,0.3604,0.0046,0.635
DIAMONDS TWO DIAMONDS TEN,0.402,0.0322,0.5658
SPADES SEVEN HEARTS KING,0.3646,0.0072,0.6282
DIAMONDS TWO DIAMONDS JACK,0.3966,0.0234,0.58
SPADES SEVEN HEARTS QUEEN,0.37,0.0122,0.6178
DIAMONDS TWO SPADES NINE,0.4202,0.042,0.5378
DIAMONDS TWO SPADES EIGHT,0.4168,0.0686,0.5146
DIAMONDS TWO SPADES SEVEN,0.4146,0.1058,0.4796
DIAMONDS TWO SPADES SIX,0.4082,0.1616,0.4302
DIAMONDS TWO SPADES FIVE,0.2768,0.512,0.2112
DIAMONDS TWO SPADES FOUR,0.4182,0.2562,0.3256
DIAMONDS TWO SPADES THREE,0.4154,0.3696,0.215
DIAMONDS TWO SPADES TWO,0.331,0.1626,0.5064
DIAMONDS TWO CLUBS NINE,0.417,0.0444,0.5386
CLUBS EIGHT DIAMONDS TWO,0.4174,0.0698,0.5128
DIAMONDS TWO CLUBS SEVEN,0.413,0.1182,0.4688
DIAMONDS TWO CLUBS SIX,0.398,0.1616,0.4404
DIAMONDS TWO CLUBS FIVE,0.2806,0.5124,0.207
DIAMONDS TWO CLUBS FOUR,0.4202,0.2572,0.3226
CLUBS FOUR SPADES FIVE,0.214,0.5018,0.2842
CLUBS FOUR SPADES FOUR,0.2266,0.1452,0.6282
CLUBS FOUR SPADES THREE,0.3962,0.385,0.2188
CLUBS FOUR SPADES TWO,0.4112,0.259,0.3298
SPADES NINE CLUBS FOUR,0.3844,0.0428,0.5728
SPADES EIGHT CLUBS FOUR,0.3694,0.0698,0.5608
CLUBS FOUR SPADES SEVEN,0.362,0.0994,0.5386
CLUBS FOUR SPADES SIX,0.3506,0.1576,0.4918
SPADES ACE DIAMONDS SIX,0.356,0.0042,0.6398
SPADES QUEEN DIAMONDS SIX,0.3618,0.0136,0.6246
SPADES KING DIAMONDS SIX,0.3558,0.0066,0.6376
SPADES TEN DIAMONDS SIX,0.347,0.0262,0.6268
SPADES JACK DIAMONDS SIX,0.3684,0.0178,0.6138
SPADES QUEEN SPADES TWO,0.3896,0.013,0.5974
SPADES KING SPADES TWO,0.4016,0.0076,0.5908
SPADES ACE SPADES TWO,0.3676,0.0066,0.6258
CLUBS JACK DIAMONDS JACK,0.1586,0.0526,0.7888
CLUBS TEN DIAMONDS JACK,0.331,0.0164,0.6526
DIAMONDS JACK CLUBS KING,0.3464,0.0088,0.6448
DIAMONDS JACK CLUBS QUEEN,0.3492,0.0108,0.64
DIAMONDS THREE DIAMONDS JACK,0.282,0.0532,0.6648
DIAMONDS THREE DIAMONDS TEN,0.27,0.077,0.653
DIAMONDS JACK CLUBS ACE,0.3512,0.004,0.6448
DIAMONDS THREE DIAMONDS KING,0.2642,0.0282,0.7076
DIAMONDS THREE HEARTS THREE,0.2792,0.116,0.6048
DIAMONDS THREE DIAMONDS QUEEN,0.2606,0.0392,0.7002
DIAMONDS THREE HEARTS TWO,0.414,0.3744,0.2116
HEARTS FIVE DIAMONDS THREE,0.0182,0.9694,0.0124
DIAMONDS THREE DIAMONDS ACE,0.2498,0.0216,0.7286
HEARTS FOUR DIAMONDS THREE,0.4108,0.3674,0.2218
HEARTS SEVEN DIAMONDS THREE,0.2664,0.2036,0.53
SPADES TEN SPADES NINE,0.3312,0.0224,0.6464
HEARTS SIX DIAMONDS THREE,0.2522,0.2806,0.4672
SPADES JACK SPADES NINE,0.3228,0.017,0.6602
DIAMONDS THREE HEARTS NINE,0.2794,0.107,0.6136
HEARTS JACK DIAMONDS FOUR,0.3868,0.0176,0.5956
HEARTS ACE HEARTS KING,0.3448,0.0042,0.651
SPADES TEN SPADES TWO,0.3748,0.0292,0.596
DIAMONDS THREE HEARTS EIGHT,0.2732,0.1472,0.5796
HEARTS TEN DIAMONDS FOUR,0.382,0.0276,0.5904
SPADES JACK SPADES TWO,0.4032,0.0226,0.5742
HEARTS QUEEN DIAMONDS FOUR,0.379,0.0166,0.6044
HEARTS KING DIAMONDS FOUR,0.3786,0.0102,0.6112
SPADES ACE SPADES NINE,0.344,0.0038,0.6522
HEARTS ACE DIAMONDS FOUR,0.3826,0.0062,0.6112
SPADES KING SPADES NINE,0.3282,0.0072,0.6646
SPADES QUEEN SPADES NINE,0.3382,0.0138,0.648
DIAMONDS THREE SPADES NINE,0.2868,0.1176,0.5956
DIAMONDS THREE SPADES EIGHT,0.2806,0.1412,0.5782
DIAMONDS THREE SPADES SEVEN,0.2754,0.1946,0.53
DIAMONDS THREE SPADES SIX,0.264,0.2856,0.4504
DIAMONDS THREE CLUBS SIX,0.2362,0.2796,0.4842
CLUBS SIX CLUBS FIVE,0.2306,0.248,0.5214
CLUBS ACE DIAMONDS FOUR,0.3528,0.0062,0.641
DIAMONDS THREE CLUBS SEVEN,0.2604,0.1952,0.5444
CLUBS SEVEN CLUBS FIVE,0.2468,0.195,0.5582
DIAMONDS THREE CLUBS FOUR,0.3942,0.3878,0.218
DIAMONDS FOUR CLUBS QUEEN,0.382,0.0106,0.6074
DIAMONDS THREE CLUBS FIVE,0.0094,0.9826,0.008
DIAMONDS FOUR CLUBS KING,0.3818,0.0076,0.6106
DIAMONDS THREE CLUBS TWO,0.4114,0.383,0.2056
CLUBS TEN DIAMONDS FOUR,0.378,0.03,0.592
CLUBS JACK DIAMONDS FOUR,0.3862,0.0232,0.5906
DIAMONDS THREE SPADES FOUR,0.401,0.3758,0.2232
DIAMONDS THREE SPADES FIVE,0.0196,0.9702,0.0102
DIAMONDS THREE SPADES TWO,0.4154,0.379,0.2056
DIAMONDS THREE SPADES THREE,0.2646,0.1176,0.6178
CLUBS EIGHT DIAMONDS THREE,0.2698,0.1518,0.5784
CLUBS NINE DIAMONDS THREE,0.2758,0.107,0.6172
SPADES SEVEN CLUBS ACE,0.3456,0.004,0.6504
SPADES SEVEN CLUBS QUEEN,0.3544,0.0124,0.6332
SPADES SEVEN CLUBS KING,0.3604,0.0088,0.6308
SPADES SEVEN CLUBS FIVE,0.247,0.1998,0.5532
CLUBS TEN SPADES SEVEN,0.3356,0.031,0.6334
CLUBS FIVE SPADES SIX,0.239,0.2604,0.5006
CLUBS JACK SPADES SEVEN,0.3616,0.0218,0.6166
SPADES NINE CLUBS FIVE,0.259,0.1124,0.6286
SPADES EIGHT CLUBS FIVE,0.241,0.1484,0.6106
CLUBS FIVE SPADES THREE,0.0128,0.9694,0.0178
CLUBS FIVE SPADES TWO,0.2638,0.5106,0.2256
CLUBS FIVE SPADES FIVE,0.0894,0.1256,0.785
CLUBS FIVE SPADES FOUR,0.2268,0.5046,0.2686
CLUBS NINE CLUBS FIVE,0.248,0.1124,0.6396
CLUBS EIGHT CLUBS FIVE,0.2388,0.146,0.6152
CLUBS ACE CLUBS QUEEN,0.3462,0.0054,0.6484
CLUBS KING CLUBS QUEEN,0.3528,0.0072,0.64
DIAMONDS TEN DIAMONDS FOUR,0.3608,0.0384,0.6008
CLUBS TEN DIAMONDS NINE,0.3384,0.0254,0.6362
DIAMONDS JACK DIAMONDS FOUR,0.3724,0.0202,0.6074
CLUBS JACK DIAMONDS NINE,0.3468,0.0154,0.6378
CLUBS JACK SPADES NINE,0.3456,0.0138,0.6406
CLUBS TEN SPADES NINE,0.3436,0.0268,0.6296
DIAMONDS ACE DIAMONDS FOUR,0.3514,0.0044,0.6442
HEARTS FOUR DIAMONDS FOUR,0.2334,0.146,0.6206
DIAMONDS JACK HEARTS TEN,0.3494,0.0174,0.6332
SPADES NINE CLUBS KING,0.3654,0.0076,0.627
DIAMONDS TWO SPADES TEN,0.42,0.0356,0.5444
DIAMONDS NINE CLUBS ACE,0.3464,0.007,0.6466
HEARTS FIVE DIAMONDS FOUR,0.2078,0.5212,0.271
DIAMONDS JACK HEARTS JACK,0.176,0.0514,0.7726
SPADES NINE CLUBS QUEEN,0.3522,0.0116,0.6362
DIAMONDS TWO SPADES JACK,0.4072,0.0246,0.5682
DIAMONDS QUEEN DIAMONDS FOUR,0.3572,0.0128,0.63
HEARTS TWO DIAMONDS FOUR,0.4188,0.249,0.3322
DIAMONDS NINE CLUBS QUEEN,0.354,0.0124,0.6336
DIAMONDS KING DIAMONDS FOUR,0.3744,0.008,0.6176
HEARTS THREE DIAMONDS FOUR,0.3986,0.3892,0.2122
SPADES NINE CLUBS ACE,0.3716,0.0058,0.6226
DIAMONDS NINE CLUBS KING,0.37,0.0102,0.6198
HEARTS ACE DIAMONDS JACK,0.3458,0.0054,0.6488
SPADES ACE DIAMONDS TWO,0.3886,0.0048,0.6066
HEARTS QUEEN DIAMONDS JACK,0.3536,0.0122,0.6342
SPADES QUEEN DIAMONDS TWO,0.4172,0.014,0.5688
HEARTS KING DIAMONDS JACK,0.355,0.006,0.639
SPADES KING DIAMONDS TWO,0.4272,0.0092,0.5636
SPADES JACK SPADES SEVEN,0.3264,0.0178,0.6558
SPADES TEN SPADES SEVEN,0.3458,0.0256,0.6286
SPADES TWO DIAMONDS FOUR,0.4162,0.2508,0.333
SPADES THREE DIAMONDS FOUR,0.4004,0.3686,0.231
SPADES FOUR DIAMONDS FOUR,0.2278,0.1462,0.626
SPADES FIVE DIAMONDS FOUR,0.2186,0.5174,0.264
SPADES SIX DIAMONDS FOUR,0.359,0.159,0.482
SPADES SEVEN DIAMONDS FOUR,0.3666,0.1004,0.533
SPADES EIGHT DIAMONDS FOUR,0.3876,0.0716,0.5408
SPADES NINE DIAMONDS FOUR,0.403,0.0418,0.5552
CLUBS FIVE DIAMONDS FOUR,0.209,0.5266,0.2644
CLUBS FOUR DIAMONDS FOUR,0.2256,0.1538,0.6206
CLUBS SEVEN DIAMONDS FOUR,0.3612,0.0976,0.5412
CLUBS SIX DIAMONDS FOUR,0.3496,0.1708,0.4796
CLUBS NINE DIAMONDS FOUR,0.3888,0.0466,0.5646
CLUBS EIGHT DIAMONDS FOUR,0.3778,0.0648,0.5574
HEARTS SEVEN DIAMONDS FOUR,0.358,0.105,0.537
HEARTS SIX DIAMONDS FOUR,0.3574,0.1546,0.488
DIAMONDS FOUR HEARTS NINE,0.378,0.042,0.58
DIAMONDS FOUR HEARTS EIGHT,0.384,0.0708,0.5452
CLUBS TWO DIAMONDS FOUR,0.4284,0.2478,0.3238
DIAMONDS NINE HEARTS QUEEN,0.3586,0.0126,0.6288
DIAMONDS NINE HEARTS KING,0.353,0.0082,0.6388
HEARTS ACE DIAMONDS NINE,0.3544,0.0046,0.641
DIAMONDS NINE HEARTS TEN,0.335,0.0224,0.6426
DIAMONDS NINE HEARTS JACK,0.357,0.0166,0.6264
DIAMONDS SIX CLUBS KING,0.3582,0.0088,0.633
DIAMONDS SIX CLUBS QUEEN,0.353,0.0126,0.6344
DIAMONDS SIX CLUBS ACE,0.3466,0.006,0.6474
SPADES KING DIAMONDS FOUR,0.3904,0.0098,0.5998
SPADES ACE SPADES SEVEN,0.3416,0.005,0.6534
SPADES QUEEN DIAMONDS FOUR,0.3872,0.014,0.5988
SPADES QUEEN SPADES SEVEN,0.3416,0.0124,0.646
CLUBS JACK DIAMONDS SIX,0.3514,0.0196,0.629
SPADES KING SPADES SEVEN,0.3442,0.0088,0.647
SPADES ACE DIAMONDS FOUR,0.3674,0.0048,0.6278
CLUBS TEN DIAMONDS SIX,0.3384,0.0344,0.6272
CLUBS NINE CLUBS FOUR,0.3718,0.0456,0.5826
CLUBS EIGHT CLUBS FOUR,0.362,0.0668,0.5712
SPADES JACK DIAMONDS FOUR,0.384,0.018,0.598
SPADES TEN DIAMONDS FOUR,0.3824,0.0288,0.5888
CLUBS FOUR CLUBS FIVE,0.2088,0.4884,0.3028
CLUBS SEVEN CLUBS FOUR,0.3542,0.1022,0.5436
CLUBS SIX CLUBS FOUR,0.3222,0.1502,0.5276
CLUBS SEVEN SPADES EIGHT,0.327,0.0612,0.6118
SPADES NINE CLUBS SEVEN,0.3364,0.042,0.6216
CLUBS SEVEN SPADES SIX,0.3218,0.0992,0.579
CLUBS SEVEN SPADES SEVEN,0.1476,0.1216,0.7308
CLUBS SEVEN SPADES FIVE,0.2402,0.2006,0.5592
CLUBS SEVEN SPADES FOUR,0.3512,0.1038,0.545
CLUBS SEVEN SPADES THREE,0.2642,0.2018,0.534
CLUBS SEVEN SPADES TWO,0.41,0.1014,0.4886
CLUBS NINE CLUBS SEVEN,0.334,0.0376,0.6284
CLUBS EIGHT CLUBS SEVEN,0.3108,0.0584,0.6308
HEARTS KING HEARTS EIGHT,0.338,0.0086,0.6534
HEARTS QUEEN HEARTS EIGHT,0.344,0.0138,0.6422
HEARTS ACE HEARTS EIGHT,0.331,0.0032,0.6658
SPADES JACK DIAMONDS EIGHT,0.3534,0.017,0.6296
CLUBS TEN HEARTS JACK,0.3484,0.019,0.6326
SPADES TEN DIAMONDS EIGHT,0.344,0.028,0.628
CLUBS JACK HEARTS JACK,0.1654,0.047,0.7876
HEARTS JACK CLUBS QUEEN,0.3504,0.0094,0.6402
HEARTS JACK CLUBS KING,0.371,0.0048,0.6242
CLUBS ACE HEARTS JACK,0.364,0.0038,0.6322
SPADES KING DIAMONDS EIGHT,0.3652,0.007,0.6278
SPADES QUEEN DIAMONDS EIGHT,0.3608,0.0136,0.6256
SPADES ACE DIAMONDS EIGHT,0.3596,0.0072,0.6332
DIAMONDS TEN DIAMONDS SIX,0.3436,0.0288,0.6276
HEARTS ACE DIAMONDS SEVEN,0.358,0.0048,0.6372
DIAMONDS JACK DIAMONDS SIX,0.3402,0.0208,0.639
HEARTS QUEEN DIAMONDS SEVEN,0.3666,0.0126,0.6208
HEARTS KING DIAMONDS SEVEN,0.3542,0.0088,0.637
DIAMONDS ACE DIAMONDS SIX,0.343,0.0046,0.6524
HEARTS FOUR DIAMONDS SIX,0.3384,0.1612,0.5004
SPADES TWO HEARTS JACK,0.4254,0.0202,0.5544
HEARTS FIVE DIAMONDS SIX,0.2338,0.2648,0.5014
SPADES TWO HEARTS TEN,0.4112,0.0288,0.56
DIAMONDS QUEEN DIAMONDS SIX,0.3248,0.0148,0.6604
HEARTS TWO DIAMONDS SIX,0.4008,0.16,0.4392
DIAMONDS KING DIAMONDS SIX,0.3416,0.0098,0.6486
HEARTS THREE DIAMONDS SIX,0.2488,0.2658,0.4854
DIAMONDS SIX HEARTS EIGHT,0.3266,0.0714,0.602
DIAMONDS SIX HEARTS NINE,0.3492,0.0402,0.6106
HEARTS SIX DIAMONDS SIX,0.1492,0.1306,0.7202
HEARTS SEVEN DIAMONDS SIX,0.322,0.1016,0.5764
HEARTS TEN DIAMONDS SEVEN,0.3478,0.0234,0.6288
CLUBS TWO DIAMONDS SIX,0.3948,0.1572,0.448
HEARTS JACK DIAMONDS SEVEN,0.3702,0.0182,0.6116
CLUBS SEVEN DIAMONDS SIX,0.3254,0.0982,0.5764
CLUBS JACK DIAMONDS EIGHT,0.356,0.0174,0.6266
CLUBS SIX DIAMONDS SIX,0.1258,0.1268,0.7474
CLUBS TEN DIAMONDS EIGHT,0.3358,0.028,0.6362
CLUBS FIVE DIAMONDS SIX,0.2188,0.2698,0.5114
CLUBS FOUR DIAMONDS SIX,0.341,0.1666,0.4924
HEARTS ACE HEARTS JACK,0.336,0.005,0.659
CLUBS ACE DIAMONDS EIGHT,0.3582,0.005,0.6368
HEARTS QUEEN HEARTS JACK,0.3312,0.0096,0.6592
CLUBS KING DIAMONDS EIGHT,0.347,0.0088,0.6442
CLUBS NINE DIAMONDS SIX,0.347,0.0412,0.6118
HEARTS KING HEARTS JACK,0.3206,0.0076,0.6718
CLUBS EIGHT DIAMONDS SIX,0.3258,0.0644,0.6098
DIAMONDS EIGHT CLUBS QUEEN,0.364,0.0098,0.6262
SPADES TEN HEARTS KING,0.3498,0.0082,0.642
SPADES FIVE DIAMONDS SIX,0.2434,0.2602,0.4964
HEARTS ACE SPADES TWO,0.4048,0.0052,0.59
SPADES JACK HEARTS KING,0.3634,0.006,0.6306
SPADES FOUR DIAMONDS SIX,0.3516,0.1598,0.4886
SPADES THREE DIAMONDS SIX,0.2526,0.2634,0.484
HEARTS QUEEN SPADES TWO,0.4166,0.0138,0.5696
SPADES ACE SPADES KING,0.331,0.006,0.663
HEARTS KING SPADES TWO,0.399,0.012,0.589
SPADES TWO DIAMONDS SIX,0.3942,0.1648,0.441
HEARTS TEN HEARTS EIGHT,0.3322,0.0246,0.6432
SPADES NINE DIAMONDS SIX,0.3404,0.0478,0.6118
HEARTS JACK HEARTS EIGHT,0.3362,0.0186,0.6452
SPADES EIGHT DIAMONDS SIX,0.3404,0.0674,0.5922
SPADES SEVEN DIAMONDS SIX,0.3364,0.093,0.5706
SPADES SIX DIAMONDS SIX,0.1436,0.136,0.7204
SPADES KING HEARTS KING,0.1688,0.016,0.8152
SPADES QUEEN HEARTS KING,0.3694,0.0068,0.6238
CLUBS ACE CLUBS KING,0.3418,0.006,0.6522
SPADES ACE HEARTS KING,0.3738,0.0044,0.6218
SPADES ACE HEARTS JACK,0.3522,0.0044,0.6434
SPADES QUEEN HEARTS JACK,0.3622,0.0104,0.6274
SPADES KING HEARTS JACK,0.3572,0.0064,0.6364
SPADES TEN DIAMONDS TEN,0.1628,0.0688,0.7684
SPADES JACK DIAMONDS TEN,0.3626,0.0168,0.6206
SPADES ACE DIAMONDS TEN,0.3582,0.0048,0.637
SPADES JACK HEARTS JACK,0.1806,0.0486,0.7708
SPADES TEN HEARTS JACK,0.3454,0.0122,0.6424
SPADES QUEEN DIAMONDS TEN,0.355,0.0104,0.6346
SPADES KING DIAMONDS TEN,0.3584,0.0082,0.6334
SPADES NINE DIAMONDS SEVEN,0.3426,0.0424,0.615
SPADES EIGHT DIAMONDS SEVEN,0.3386,0.0674,0.594
SPADES SEVEN DIAMONDS SEVEN,0.1516,0.1186,0.7298
SPADES SIX DIAMONDS SEVEN,0.3162,0.1036,0.5802
DIAMONDS KING DIAMONDS SEVEN,0.3394,0.0106,0.65
HEARTS THREE DIAMONDS SEVEN,0.259,0.1948,0.5462
DIAMONDS QUEEN DIAMONDS SEVEN,0.3434,0.014,0.6426
HEARTS TWO DIAMONDS SEVEN,0.402,0.1108,0.4872
HEARTS FIVE DIAMONDS SEVEN,0.251,0.1986,0.5504
DIAMONDS ACE DIAMONDS SEVEN,0.3314,0.0066,0.662
HEARTS FOUR DIAMONDS SEVEN,0.3516,0.1004,0.548
HEARTS SEVEN DIAMONDS SEVEN,0.1476,0.1094,0.743
HEARTS SIX DIAMONDS SEVEN,0.3362,0.0972,0.5666
HEARTS NINE DIAMONDS SEVEN,0.3392,0.041,0.6198
HEARTS EIGHT DIAMONDS SEVEN,0.3342,0.0658,0.6
DIAMONDS JACK DIAMONDS SEVEN,0.3606,0.0192,0.6202
DIAMONDS TEN DIAMONDS SEVEN,0.3358,0.0296,0.6346
CLUBS EIGHT DIAMONDS SEVEN,0.322,0.0644,0.6136
SPADES KING CLUBS TWO,0.419,0.0082,0.5728
HEARTS KING CLUBS KING,0.1704,0.022,0.8076
SPADES QUEEN CLUBS TWO,0.421,0.0128,0.5662
HEARTS KING CLUBS QUEEN,0.3554,0.0074,0.6372
CLUBS NINE DIAMONDS SEVEN,0.3392,0.0466,0.6142
CLUBS JACK SPADES TWO,0.4042,0.0218,0.574
CLUBS SIX CLUBS SEVEN,0.3112,0.0958,0.593
SPADES ACE CLUBS TWO,0.4112,0.005,0.5838
CLUBS TEN SPADES TWO,0.4058,0.0346,0.5596
HEARTS KING CLUBS ACE,0.3604,0.0036,0.636
SPADES TWO CLUBS KING,0.4206,0.008,0.5714
SPADES TWO DIAMONDS SEVEN,0.401,0.1144,0.4846
CLUBS EIGHT CLUBS SIX,0.3238,0.061,0.6152
SPADES THREE DIAMONDS SEVEN,0.2598,0.2044,0.5358
SPADES TWO CLUBS QUEEN,0.4038,0.0146,0.5816
CLUBS NINE CLUBS SIX,0.3292,0.042,0.6288
SPADES FOUR DIAMONDS SEVEN,0.3636,0.104,0.5324
CLUBS JACK HEARTS KING,0.3636,0.0068,0.6296
SPADES FIVE DIAMONDS SEVEN,0.2396,0.2052,0.5552
SPADES TWO CLUBS ACE,0.3896,0.0056,0.6048
CLUBS TEN HEARTS KING,0.3632,0.0052,0.6316
CLUBS SIX SPADES TWO,0.3952,0.1654,0.4394
CLUBS SIX SPADES THREE,0.2536,0.2702,0.4762
CLUBS TWO DIAMONDS SEVEN,0.4052,0.1104,0.4844
CLUBS SIX SPADES FOUR,0.3462,0.153,0.5008
CLUBS SIX SPADES FIVE,0.2422,0.2674,0.4904
CLUBS FOUR DIAMONDS SEVEN,0.3544,0.1042,0.5414
CLUBS SIX SPADES SIX,0.1424,0.1222,0.7354
CLUBS FIVE DIAMONDS SEVEN,0.2406,0.2088,0.5506
CLUBS SIX SPADES SEVEN,0.318,0.0988,0.5832
CLUBS SIX DIAMONDS SEVEN,0.3208,0.0898,0.5894
CLUBS SIX SPADES EIGHT,0.3418,0.066,0.5922
SPADES JACK CLUBS TWO,0.4394,0.0202,0.5404
CLUBS SEVEN DIAMONDS SEVEN,0.143,0.1078,0.7492
CLUBS SIX SPADES NINE,0.3504,0.0432,0.6064
SPADES TEN CLUBS TWO,0.418,0.0344,0.5476
CLUBS TWO CLUBS QUEEN,0.3916,0.0172,0.5912
CLUBS TWO CLUBS KING,0.3894,0.0088,0.6018
CLUBS TWO CLUBS ACE,0.3874,0.0048,0.6078
CLUBS TWO DIAMONDS EIGHT,0.409,0.0718,0.5192
HEARTS SEVEN DIAMONDS EIGHT,0.3384,0.0514,0.6102
HEARTS SIX DIAMONDS EIGHT,0.3346,0.0684,0.597
DIAMONDS EIGHT HEARTS NINE,0.3386,0.0416,0.6198
CLUBS TEN CLUBS TWO,0.399,0.033,0.568
HEARTS EIGHT DIAMONDS EIGHT,0.1622,0.1034,0.7344
CLUBS JACK CLUBS TWO,0.3874,0.0148,0.5978
CLUBS NINE DIAMONDS EIGHT,0.3382,0.0374,0.6244
CLUBS EIGHT DIAMONDS EIGHT,0.1658,0.0928,0.7414
CLUBS FIVE DIAMONDS EIGHT,0.2398,0.1572,0.603
SPADES ACE SPADES THREE,0.247,0.0138,0.7392
CLUBS FOUR DIAMONDS EIGHT,0.3722,0.0706,0.5572
CLUBS SEVEN DIAMONDS EIGHT,0.33,0.0684,0.6016
SPADES QUEEN SPADES THREE,0.2652,0.0362,0.6986
CLUBS SIX DIAMONDS EIGHT,0.3376,0.0714,0.591
SPADES KING SPADES THREE,0.2704,0.0268,0.7028
DIAMONDS QUEEN DIAMONDS EIGHT,0.3382,0.0158,0.646
HEARTS TWO DIAMONDS EIGHT,0.4208,0.0682,0.511
DIAMONDS KING DIAMONDS EIGHT,0.3396,0.01,0.6504
HEARTS THREE DIAMONDS EIGHT,0.2764,0.1416,0.582
DIAMONDS ACE DIAMONDS EIGHT,0.3432,0.0066,0.6502
HEARTS FOUR DIAMONDS EIGHT,0.37,0.0646,0.5654
HEARTS FIVE DIAMONDS EIGHT,0.2502,0.1486,0.6012
DIAMONDS TEN DIAMONDS EIGHT,0.3376,0.0222,0.6402
DIAMONDS JACK DIAMONDS EIGHT,0.333,0.0184,0.6486
SPADES JACK SPADES THREE,0.26,0.0496,0.6904
SPADES TEN SPADES THREE,0.2664,0.076,0.6576
CLUBS FOUR HEARTS ACE,0.3694,0.0036,0.627
CLUBS FOUR HEARTS QUEEN,0.3796,0.0174,0.603
CLUBS FOUR HEARTS KING,0.3856,0.0082,0.6062
CLUBS SIX HEARTS TEN,0.357,0.0302,0.6128
CLUBS SIX HEARTS JACK,0.3598,0.022,0.6182
SPADES FOUR DIAMONDS EIGHT,0.3712,0.0646,0.5642
SPADES FIVE DIAMONDS EIGHT,0.244,0.151,0.605
SPADES TWO DIAMONDS EIGHT,0.4118,0.0642,0.524
SPADES THREE DIAMONDS EIGHT,0.2722,0.1458,0.582
CLUBS FOUR HEARTS JACK,0.3864,0.0208,0.5928
SPADES EIGHT DIAMONDS EIGHT,0.1624,0.0956,0.742
SPADES TEN DIAMONDS QUEEN,0.3462,0.0088,0.645
SPADES TEN HEARTS TWO,0.4166,0.0334,0.55
SPADES JACK HEARTS EIGHT,0.3586,0.015,0.6264
CLUBS FOUR HEARTS TEN,0.3698,0.0362,0.594
SPADES NINE DIAMONDS EIGHT,0.339,0.0392,0.6218
SPADES TEN HEARTS EIGHT,0.3306,0.0264,0.643
SPADES JACK HEARTS TWO,0.4076,0.021,0.5714
SPADES JACK DIAMONDS QUEEN,0.3622,0.0128,0.625
SPADES SIX DIAMONDS EIGHT,0.339,0.0652,0.5958
SPADES SEVEN DIAMONDS EIGHT,0.3372,0.062,0.6008
SPADES ACE HEARTS TWO,0.4,0.004,0.596
SPADES ACE DIAMONDS QUEEN,0.3488,0.0068,0.6444
SPADES ACE HEARTS EIGHT,0.3684,0.0044,0.6272
SPADES KING HEARTS EIGHT,0.3712,0.008,0.6208
SPADES QUEEN HEARTS TWO,0.413,0.0156,0.5714
SPADES QUEEN DIAMONDS QUEEN,0.163,0.0342,0.8028
SPADES KING DIAMONDS QUEEN,0.3526,0.0078,0.6396
SPADES KING HEARTS TWO,0.422,0.0092,0.5688
SPADES QUEEN HEARTS EIGHT,0.3728,0.0142,0.613
CLUBS TWO HEARTS TEN,0.4216,0.0312,0.5472
CLUBS TWO HEARTS JACK,0.4034,0.0188,0.5778
SPADES SEVEN DIAMONDS NINE,0.344,0.0424,0.6136
SPADES SIX DIAMONDS NINE,0.3404,0.0434,0.6162
SPADES NINE DIAMONDS NINE,0.1706,0.0736,0.7558
SPADES EIGHT DIAMONDS NINE,0.3388,0.0342,0.627
SPADES TEN CLUBS KING,0.3642,0.0074,0.6284
DIAMONDS NINE SPADES THREE,0.288,0.1088,0.6032
SPADES JACK CLUBS KING,0.3512,0.0072,0.6416
DIAMONDS NINE SPADES TWO,0.4128,0.0482,0.539
SPADES FIVE DIAMONDS NINE,0.2654,0.1124,0.6222
DIAMONDS NINE SPADES FOUR,0.3778,0.0488,0.5734
CLUBS NINE DIAMONDS NINE,0.16,0.0852,0.7548
CLUBS EIGHT DIAMONDS NINE,0.3286,0.0398,0.6316
CLUBS SIX DIAMONDS NINE,0.3408,0.0462,0.613
SPADES JACK CLUBS FOUR,0.3712,0.0232,0.6056
CLUBS SEVEN DIAMONDS NINE,0.3264,0.0416,0.632
SPADES TEN CLUBS FOUR,0.3824,0.0342,0.5834
CLUBS FOUR DIAMONDS NINE,0.3734,0.0478,0.5788
CLUBS FIVE DIAMONDS NINE,0.266,0.111,0.623
CLUBS TWO DIAMONDS NINE,0.4148,0.049,0.5362
DIAMONDS NINE HEARTS EIGHT,0.3348,0.0376,0.6276
DIAMONDS NINE HEARTS NINE,0.1668,0.0868,0.7464
HEARTS SIX DIAMONDS NINE,0.3508,0.044,0.6052
HEARTS SEVEN DIAMONDS NINE,0.3466,0.0406,0.6128
CLUBS EIGHT CLUBS NINE,0.3258,0.0362,0.638
DIAMONDS ACE DIAMONDS NINE,0.3368,0.0036,0.6596
HEARTS FOUR DIAMONDS NINE,0.3818,0.05,0.5682
HEARTS FIVE DIAMONDS NINE,0.2618,0.1156,0.6226
HEARTS ACE CLUBS TWO,0.4032,0.007,0.5898
SPADES ACE CLUBS FOUR,0.3712,0.0046,0.6242
DIAMONDS NINE DIAMONDS QUEEN,0.3412,0.0122,0.6466
HEARTS TWO DIAMONDS NINE,0.4076,0.0498,0.5426
CLUBS TWO HEARTS KING,0.413,0.011,0.576
SPADES KING CLUBS FOUR,0.3838,0.008,0.6082
DIAMONDS KING DIAMONDS NINE,0.3456,0.0078,0.6466
HEARTS THREE DIAMONDS NINE,0.2716,0.1044,0.624
CLUBS TWO HEARTS QUEEN,0.432,0.0138,0.5542
SPADES QUEEN CLUBS FOUR,0.393,0.0132,0.5938
DIAMONDS NINE DIAMONDS JACK,0.33,0.018,0.652
CLUBS EIGHT SPADES NINE,0.3386,0.0382,0.6232
DIAMONDS TEN DIAMONDS NINE,0.325,0.0256,0.6494
CLUBS EIGHT SPADES EIGHT,0.1538,0.094,0.7522
CLUBS EIGHT SPADES SEVEN,0.342,0.0648,0.5932
CLUBS EIGHT SPADES SIX,0.3352,0.0736,0.5912
CLUBS EIGHT SPADES FIVE,0.2488,0.1498,0.6014
CLUBS EIGHT SPADES FOUR,0.3764,0.069,0.5546
CLUBS EIGHT SPADES THREE,0.2648,0.1558,0.5794
CLUBS EIGHT SPADES TWO,0.4142,0.0706,0.5152
HEARTS SIX DIAMONDS TEN,0.3658,0.026,0.6082
HEARTS SEVEN DIAMONDS TEN,0.3506,0.0266,0.6228
DIAMONDS TEN HEARTS EIGHT,0.3452,0.0284,0.6264
CLUBS JACK CLUBS FOUR,0.3602,0.0218,0.618
DIAMONDS TEN HEARTS NINE,0.3394,0.0242,0.6364
CLUBS TEN CLUBS FOUR,0.3738,0.0282,0.598
CLUBS FOUR CLUBS KING,0.3608,0.0094,0.6298
CLUBS FOUR CLUBS QUEEN,0.3676,0.014,0.6184
DIAMONDS TEN CLUBS TWO,0.4182,0.0296,0.5522
CLUBS FOUR CLUBS ACE,0.357,0.0052,0.6378
DIAMONDS TEN DIAMONDS JACK,0.3284,0.0154,0.6562
DIAMONDS TEN DIAMONDS QUEEN,0.3438,0.0094,0.6468
HEARTS TWO DIAMONDS TEN,0.4036,0.0308,0.5656
DIAMONDS KING DIAMONDS TEN,0.334,0.009,0.657
HEARTS THREE DIAMONDS TEN,0.2734,0.0778,0.6488
DIAMONDS ACE DIAMONDS TEN,0.3512,0.0048,0.644
HEARTS FOUR DIAMONDS TEN,0.372,0.0298,0.5982
CLUBS EIGHT HEARTS JACK,0.348,0.0214,0.6306
HEARTS FIVE DIAMONDS TEN,0.2592,0.0754,0.6654
CLUBS EIGHT HEARTS TEN,0.3458,0.025,0.6292
CLUBS EIGHT HEARTS QUEEN,0.3472,0.0118,0.641
CLUBS EIGHT HEARTS KING,0.3566,0.008,0.6354
CLUBS EIGHT HEARTS ACE,0.3458,0.0064,0.6478
CLUBS NINE SPADES THREE,0.2672,0.1056,0.6272
CLUBS NINE SPADES TWO,0.4016,0.0498,0.5486
CLUBS NINE SPADES FIVE,0.2688,0.106,0.6252
CLUBS NINE SPADES FOUR,0.3776,0.047,0.5754
CLUBS NINE SPADES SEVEN,0.349,0.046,0.605
CLUBS NINE SPADES SIX,0.3462,0.0502,0.6036
CLUBS NINE SPADES NINE,0.1728,0.0802,0.747
CLUBS TEN HEARTS EIGHT,0.3408,0.0304,0.6288
CLUBS NINE SPADES EIGHT,0.338,0.04,0.622
CLUBS JACK HEARTS EIGHT,0.37,0.0178,0.6122
HEARTS EIGHT CLUBS QUEEN,0.3704,0.0122,0.6174
CLUBS KING HEARTS EIGHT,0.3596,0.0086,0.6318
CLUBS ACE HEARTS EIGHT,0.3414,0.0044,0.6542
SPADES KING CLUBS KING,0.1652,0.0184,0.8164
SPADES QUEEN CLUBS KING,0.3526,0.0072,0.6402
SPADES ACE CLUBS KING,0.3756,0.005,0.6194
DIAMONDS ACE HEARTS TEN,0.3478,0.0054,0.6468
HEARTS FOUR HEARTS TEN,0.372,0.0292,0.5988
DIAMONDS ACE HEARTS JACK,0.355,0.0036,0.6414
HEARTS FOUR HEARTS JACK,0.3678,0.0196,0.6126
SPADES KING CLUBS FIVE,0.2602,0.0448,0.695
SPADES QUEEN CLUBS FIVE,0.2636,0.045,0.6914
SPADES ACE CLUBS FIVE,0.2538,0.0288,0.7174
HEARTS SEVEN DIAMONDS JACK,0.3488,0.0218,0.6294
HEARTS SIX DIAMONDS JACK,0.3598,0.0184,0.6218
DIAMONDS JACK HEARTS NINE,0.3506,0.0172,0.6322
DIAMONDS JACK HEARTS EIGHT,0.3442,0.0172,0.6386
DIAMONDS KING DIAMONDS JACK,0.3262,0.0086,0.6652
HEARTS THREE DIAMONDS JACK,0.2812,0.0576,0.6612
SPADES ACE SPADES SIX,0.3324,0.0046,0.663
HEARTS ACE SPADES FOUR,0.357,0.0054,0.6376
DIAMONDS QUEEN DIAMONDS JACK,0.3388,0.011,0.6502
HEARTS TWO DIAMONDS JACK,0.409,0.0206,0.5704
HEARTS FIVE DIAMONDS JACK,0.2698,0.0658,0.6644
SPADES QUEEN SPADES SIX,0.3432,0.0124,0.6444
SPADES FOUR HEARTS QUEEN,0.3922,0.0148,0.593
DIAMONDS ACE DIAMONDS JACK,0.348,0.0052,0.6468
HEARTS FOUR DIAMONDS JACK,0.3932,0.0208,0.586
SPADES KING SPADES SIX,0.3398,0.008,0.6522
SPADES FOUR HEARTS KING,0.3866,0.0068,0.6066
SPADES TEN SPADES SIX,0.3456,0.0316,0.6228
SPADES JACK SPADES SIX,0.3378,0.0188,0.6434
SPADES FOUR DIAMONDS JACK,0.3828,0.0212,0.596
SPADES FIVE DIAMONDS JACK,0.2682,0.0728,0.659
DIAMONDS JACK SPADES TWO,0.4114,0.0224,0.5662
SPADES THREE DIAMONDS JACK,0.2716,0.0582,0.6702
SPADES ACE DIAMONDS THREE,0.2662,0.016,0.7178
CLUBS EIGHT DIAMONDS JACK,0.3596,0.0196,0.6208
SPADES QUEEN DIAMONDS THREE,0.2792,0.0454,0.6754
SPADES KING DIAMONDS THREE,0.2904,0.0296,0.68
CLUBS NINE DIAMONDS JACK,0.3524,0.0194,0.6282
CLUBS SIX DIAMONDS JACK,0.36,0.0194,0.6206
CLUBS SEVEN DIAMONDS JACK,0.3498,0.0206,0.6296
CLUBS FOUR DIAMONDS JACK,0.383,0.0224,0.5946
CLUBS FIVE DIAMONDS JACK,0.2494,0.0632,0.6874
CLUBS TWO DIAMONDS JACK,0.4246,0.0214,0.554
SPADES TEN CLUBS FIVE,0.269,0.0812,0.6498
SPADES JACK HEARTS SIX,0.3534,0.0172,0.6294
HEARTS SIX SPADES TEN,0.3642,0.0246,0.6112
SPADES JACK CLUBS FIVE,0.2724,0.0648,0.6628
SPADES JACK DIAMONDS THREE,0.2828,0.0642,0.653
CLUBS SEVEN CLUBS ACE,0.3446,0.0046,0.6508
DIAMONDS THREE SPADES TEN,0.28,0.0746,0.6454
CLUBS SEVEN CLUBS QUEEN,0.3504,0.0122,0.6374
CLUBS SEVEN CLUBS KING,0.3328,0.007,0.6602
SPADES NINE DIAMONDS JACK,0.3512,0.019,0.6298
CLUBS TEN CLUBS SEVEN,0.336,0.0224,0.6416
DIAMONDS ACE HEARTS ACE,0.1546,0.0042,0.8412
HEARTS FOUR HEARTS ACE,0.3626,0.005,0.6324
SPADES EIGHT DIAMONDS JACK,0.3594,0.0162,0.6244
SPADES ACE HEARTS SIX,0.3554,0.005,0.6396
CLUBS JACK CLUBS SEVEN,0.3336,0.0216,0.6448
DIAMONDS ACE HEARTS KING,0.3716,0.005,0.6234
HEARTS FOUR HEARTS KING,0.3598,0.0082,0.632
SPADES SEVEN DIAMONDS JACK,0.3566,0.0166,0.6268
SPADES KING HEARTS SIX,0.369,0.0092,0.6218
DIAMONDS ACE HEARTS QUEEN,0.3554,0.005,0.6396
HEARTS FOUR HEARTS QUEEN,0.3708,0.0126,0.6166
SPADES QUEEN HEARTS SIX,0.3662,0.0114,0.6224
SPADES SIX DIAMONDS JACK,0.3748,0.0188,0.6064
DIAMONDS TEN SPADES TWO,0.413,0.0306,0.5564
DIAMONDS TEN SPADES THREE,0.2762,0.0792,0.6446
DIAMONDS TEN SPADES FOUR,0.3786,0.0286,0.5928
DIAMONDS TEN SPADES FIVE,0.2782,0.0804,0.6414
SPADES SIX DIAMONDS TEN,0.358,0.0276,0.6144
SPADES SEVEN DIAMONDS TEN,0.3388,0.0324,0.6288
SPADES EIGHT DIAMONDS TEN,0.3454,0.0282,0.6264
SPADES NINE DIAMONDS TEN,0.3504,0.0218,0.6278
CLUBS FOUR DIAMONDS TEN,0.3676,0.028,0.6044
CLUBS FIVE DIAMONDS TEN,0.2534,0.0868,0.6598
CLUBS SIX DIAMONDS TEN,0.349,0.0326,0.6184
CLUBS SEVEN DIAMONDS TEN,0.3558,0.0282,0.616
CLUBS EIGHT DIAMONDS TEN,0.3368,0.029,0.6342
CLUBS NINE DIAMONDS TEN,0.3424,0.029,0.6286
CLUBS JACK DIAMONDS THREE,0.275,0.0608,0.6642
CLUBS TEN DIAMONDS THREE,0.2748,0.0764,0.6488
DIAMONDS THREE CLUBS KING,0.2766,0.0282,0.6952
DIAMONDS THREE CLUBS QUEEN,0.2778,0.042,0.6802
DIAMONDS THREE CLUBS ACE,0.2496,0.0222,0.7282
SPADES FOUR HEARTS JACK,0.388,0.022,0.59
SPADES FOUR HEARTS TEN,0.3644,0.0328,0.6028
SPADES FIVE SPADES TWO,0.256,0.4794,0.2646
SPADES FOUR SPADES TWO,0.4052,0.23,0.3648
SPADES THREE SPADES TWO,0.3874,0.354,0.2586
SPADES NINE SPADES TWO,0.3912,0.0436,0.5652
SPADES EIGHT SPADES TWO,0.386,0.0664,0.5476
SPADES SEVEN SPADES TWO,0.3858,0.0962,0.518
SPADES SIX SPADES TWO,0.3818,0.157,0.4612
CLUBS TWO DIAMONDS QUEEN,0.4154,0.0174,0.5672
HEARTS TWO CLUBS TWO,0.3276,0.1582,0.5142
HEARTS SEVEN DIAMONDS QUEEN,0.3558,0.0126,0.6316
HEARTS SEVEN HEARTS TWO,0.3888,0.1076,0.5036
HEARTS SIX DIAMONDS QUEEN,0.366,0.0166,0.6174
HEARTS SIX HEARTS TWO,0.3778,0.148,0.4742
DIAMONDS QUEEN HEARTS NINE,0.3524,0.0124,0.6352
HEARTS TWO HEARTS NINE,0.385,0.0426,0.5724
DIAMONDS QUEEN HEARTS EIGHT,0.3544,0.012,0.6336
HEARTS TWO HEARTS EIGHT,0.392,0.0646,0.5434
CLUBS NINE HEARTS TWO,0.4174,0.049,0.5336
CLUBS NINE DIAMONDS QUEEN,0.344,0.011,0.645
CLUBS EIGHT DIAMONDS QUEEN,0.364,0.0178,0.6182
CLUBS EIGHT HEARTS TWO,0.4008,0.073,0.5262
CLUBS FIVE DIAMONDS QUEEN,0.268,0.0462,0.6858
CLUBS FIVE HEARTS TWO,0.2632,0.5148,0.222
SPADES EIGHT HEARTS ACE,0.3562,0.005,0.6388
CLUBS FOUR DIAMONDS QUEEN,0.38,0.0168,0.6032
CLUBS FOUR HEARTS TWO,0.413,0.256,0.331
CLUBS SEVEN DIAMONDS QUEEN,0.3444,0.0144,0.6412
CLUBS SEVEN HEARTS TWO,0.4034,0.1004,0.4962
SPADES EIGHT HEARTS QUEEN,0.3628,0.0108,0.6264
CLUBS SIX DIAMONDS QUEEN,0.3488,0.014,0.6372
CLUBS SIX HEARTS TWO,0.3944,0.1648,0.4408
SPADES EIGHT HEARTS KING,0.364,0.0106,0.6254
HEARTS TWO SPADES SIX,0.3996,0.1594,0.441
SPADES SIX DIAMONDS QUEEN,0.3532,0.0148,0.632
HEARTS FOUR CLUBS QUEEN,0.3914,0.0156,0.593
DIAMONDS ACE CLUBS QUEEN,0.3564,0.0048,0.6388
SPADES SEVEN DIAMONDS QUEEN,0.3606,0.0152,0.6242
SPADES SEVEN HEARTS TWO,0.404,0.1074,0.4886
HEARTS FOUR CLUBS KING,0.3816,0.0088,0.6096
DIAMONDS ACE CLUBS KING,0.3504,0.0036,0.646
SPADES EIGHT DIAMONDS QUEEN,0.3454,0.015,0.6396
SPADES EIGHT HEARTS TWO,0.4022,0.0594,0.5384
HEARTS FOUR CLUBS ACE,0.3656,0.0054,0.629
DIAMONDS ACE CLUBS ACE,0.1534,0.0054,0.8412
SPADES NINE DIAMONDS QUEEN,0.3534,0.0108,0.6358
SPADES NINE HEARTS TWO,0.4222,0.0488,0.529
HEARTS TWO SPADES TWO,0.3376,0.153,0.5094
DIAMONDS QUEEN SPADES TWO,0.4178,0.0116,0.5706
HEARTS TWO SPADES THREE,0.4016,0.3808,0.2176
DIAMONDS QUEEN SPADES THREE,0.276,0.0406,0.6834
HEARTS TWO SPADES FOUR,0.415,0.2612,0.3238
SPADES FOUR DIAMONDS QUEEN,0.3692,0.0118,0.619
CLUBS TEN HEARTS FOUR,0.3722,0.0326,0.5952
CLUBS TEN DIAMONDS ACE,0.355,0.0054,0.6396
HEARTS TWO SPADES FIVE,0.2668,0.511,0.2222
SPADES FIVE DIAMONDS QUEEN,0.2652,0.0496,0.6852
CLUBS JACK HEARTS FOUR,0.3964,0.0202,0.5834
CLUBS JACK DIAMONDS ACE,0.3362,0.0042,0.6596
CLUBS FIVE CLUBS KING,0.2382,0.0402,0.7216
CLUBS FIVE CLUBS QUEEN,0.258,0.0516,0.6904
CLUBS FIVE CLUBS ACE,0.2452,0.0256,0.7292
CLUBS JACK CLUBS FIVE,0.2614,0.0626,0.676
CLUBS TEN CLUBS FIVE,0.267,0.0868,0.6462
SPADES KING CLUBS JACK,0.3518,0.008,0.6402
CLUBS JACK SPADES QUEEN,0.3568,0.0122,0.631
SPADES ACE CLUBS JACK,0.3612,0.0044,0.6344
SPADES SIX CLUBS KING,0.3604,0.0086,0.631
SPADES SIX CLUBS QUEEN,0.3518,0.0142,0.634
SPADES EIGHT HEARTS JACK,0.3502,0.0168,0.633
SPADES SIX CLUBS ACE,0.3452,0.0056,0.6492
SPADES EIGHT HEARTS TEN,0.3722,0.0268,0.601
CLUBS JACK SPADES SIX,0.3604,0.018,0.6216
CLUBS TEN SPADES SIX,0.3542,0.0294,0.6164
CLUBS JACK SPADES TEN,0.3512,0.0128,0.636
CLUBS JACK SPADES JACK,0.1638,0.0504,0.7858
SPADES QUEEN CLUBS SEVEN,0.3686,0.0132,0.6182
SPADES KING CLUBS SEVEN,0.3612,0.0086,0.6302
SPADES ACE CLUBS SEVEN,0.349,0.006,0.645
SPADES SIX HEARTS TEN,0.3672,0.027,0.6058
SPADES SIX HEARTS JACK,0.3716,0.016,0.6124
SPADES SIX HEARTS ACE,0.3754,0.0044,0.6202
SPADES SIX HEARTS KING,0.3576,0.0076,0.6348
SPADES SIX HEARTS QUEEN,0.3624,0.0126,0.625
SPADES JACK CLUBS SEVEN,0.3726,0.0192,0.6082
SPADES TEN CLUBS SEVEN,0.352,0.0278,0.6202
CLUBS TEN HEARTS SIX,0.3518,0.0284,0.6198
CLUBS JACK HEARTS SIX,0.3526,0.0224,0.625
CLUBS JACK CLUBS ACE,0.3548,0.006,0.6392
HEARTS SIX CLUBS QUEEN,0.3532,0.0122,0.6346
HEARTS SIX CLUBS KING,0.3568,0.0076,0.6356
HEARTS SIX CLUBS ACE,0.3462,0.0052,0.6486
CLUBS JACK CLUBS QUEEN,0.3392,0.011,0.6498
CLUBS JACK CLUBS KING,0.3438,0.0084,0.6478
DIAMONDS THREE HEARTS ACE,0.2654,0.0196,0.715
DIAMONDS THREE HEARTS QUEEN,0.2858,0.046,0.6682
DIAMONDS THREE HEARTS KING,0.2782,0.032,0.6898
CLUBS FIVE HEARTS JACK,0.2684,0.059,0.6726
SPADES TEN DIAMONDS ACE,0.354,0.0046,0.6414
HEARTS FOUR SPADES TEN,0.3794,0.0318,0.5888
CLUBS FIVE HEARTS TEN,0.2702,0.0874,0.6424
HEARTS FOUR SPADES JACK,0.374,0.0206,0.6054
SPADES JACK DIAMONDS ACE,0.3432,0.0066,0.6502
SPADES ACE HEARTS FOUR,0.369,0.0056,0.6254
SPADES ACE DIAMONDS ACE,0.1556,0.003,0.8414
CLUBS FIVE HEARTS ACE,0.2554,0.0282,0.7164
CLUBS FIVE HEARTS KING,0.2536,0.0408,0.7056
HEARTS FOUR SPADES QUEEN,0.388,0.0142,0.5978
SPADES QUEEN DIAMONDS ACE,0.3592,0.0044,0.6364
CLUBS JACK SPADES FOUR,0.3868,0.0206,0.5926
CLUBS FIVE HEARTS QUEEN,0.272,0.0516,0.6764
SPADES KING DIAMONDS ACE,0.3596,0.0046,0.6358
SPADES KING HEARTS FOUR,0.388,0.0086,0.6034
CLUBS TEN SPADES FOUR,0.3826,0.029,0.5884
DIAMONDS ACE DIAMONDS QUEEN,0.3468,0.0054,0.6478
DIAMONDS ACE HEARTS TWO,0.3952,0.0062,0.5986
HEARTS FOUR DIAMONDS QUEEN,0.3802,0.0144,0.6054
HEARTS FOUR HEARTS TWO,0.393,0.235,0.372
DIAMONDS THREE HEARTS TEN,0.2764,0.0766,0.647
SPADES FOUR CLUBS KING,0.369,0.0096,0.6214
HEARTS FIVE DIAMONDS QUEEN,0.2634,0.0508,0.6858
HEARTS FIVE HEARTS TWO,0.25,0.4986,0.2514
DIAMONDS THREE HEARTS JACK,0.2824,0.0508,0.6668
SPADES FOUR CLUBS QUEEN,0.39,0.0142,0.5958
HEARTS TWO DIAMONDS QUEEN,0.4072,0.0198,0.573
DIAMONDS KING DIAMONDS QUEEN,0.3486,0.0068,0.6446
DIAMONDS KING HEARTS TWO,0.4066,0.0112,0.5822
HEARTS THREE DIAMONDS QUEEN,0.2726,0.041,0.6864
HEARTS THREE HEARTS TWO,0.3822,0.3552,0.2626
SPADES FOUR CLUBS ACE,0.3754,0.0046,0.62
HEARTS TWO CLUBS ACE,0.3986,0.0048,0.5966
DIAMONDS QUEEN CLUBS ACE,0.3562,0.0062,0.6376
HEARTS TWO CLUBS QUEEN,0.4062,0.0156,0.5782
DIAMONDS QUEEN CLUBS QUEEN,0.1592,0.034,0.8068
HEARTS TWO CLUBS KING,0.4182,0.0108,0.571
DIAMONDS QUEEN CLUBS KING,0.3584,0.0084,0.6332
SPADES EIGHT SPADES FIVE,0.2308,0.1374,0.6318
CLUBS TEN HEARTS TWO,0.419,0.0288,0.5522
CLUBS TEN DIAMONDS QUEEN,0.3422,0.0132,0.6446
SPADES NINE SPADES FIVE,0.256,0.1056,0.6384
CLUBS JACK HEARTS TWO,0.4134,0.0232,0.5634
CLUBS JACK DIAMONDS QUEEN,0.3486,0.0104,0.641
SPADES SIX SPADES FIVE,0.222,0.2572,0.5208
SPADES SEVEN SPADES FIVE,0.2368,0.1908,0.5724
SPADES EIGHT CLUBS ACE,0.3568,0.006,0.6372
SPADES EIGHT CLUBS KING,0.3614,0.0056,0.633
SPADES EIGHT CLUBS QUEEN,0.3582,0.012,0.6298
CLUBS JACK SPADES EIGHT,0.3554,0.0208,0.6238
CLUBS TEN SPADES EIGHT,0.3406,0.0294,0.63
DIAMONDS TEN HEARTS JACK,0.3496,0.018,0.6324
DIAMONDS TEN HEARTS TEN,0.1722,0.0616,0.7662
SPADES ACE CLUBS NINE,0.3652,0.0044,0.6304
SPADES QUEEN CLUBS NINE,0.3574,0.012,0.6306
SPADES KING CLUBS NINE,0.3556,0.01,0.6344
HEARTS SIX HEARTS KING,0.3442,0.0072,0.6486
DIAMONDS KING SPADES SEVEN,0.3538,0.0068,0.6394
HEARTS THREE SPADES SEVEN,0.2728,0.192,0.5352
SPADES KING DIAMONDS SEVEN,0.354,0.0108,0.6352
HEARTS SIX HEARTS QUEEN,0.331,0.011,0.658
SPADES QUEEN DIAMONDS SEVEN,0.355,0.0162,0.6288
HEARTS THREE SPADES SIX,0.244,0.2734,0.4826
DIAMONDS KING SPADES SIX,0.3604,0.0092,0.6304
SPADES NINE DIAMONDS KING,0.3532,0.0084,0.6384
SPADES NINE HEARTS THREE,0.2974,0.1034,0.5992
HEARTS SIX HEARTS ACE,0.3334,0.005,0.6616
DIAMONDS KING SPADES EIGHT,0.3502,0.0094,0.6404
SPADES EIGHT HEARTS THREE,0.2928,0.128,0.5792
SPADES ACE DIAMONDS SEVEN,0.3574,0.0052,0.6374
CLUBS NINE HEARTS THREE,0.286,0.1018,0.6122
CLUBS NINE DIAMONDS KING,0.3542,0.0086,0.6372
CLUBS EIGHT DIAMONDS KING,0.3528,0.0078,0.6394
CLUBS EIGHT HEARTS THREE,0.2758,0.1428,0.5814
