opposingHand,winningChance,drawChance,lostChance
DIAMONDS FIVE DIAMONDS SEVEN
HEARTS ACE DIAMONDS EIGHT,0.3936,0.0058,0.6006
DIAMONDS EIGHT CLUBS QUEEN,0.3916,0.01,0.5984
CLUBS JACK SPADES EIGHT,0.3976,0.0138,0.5886
HEARTS QUEEN HEARTS TEN,0.3692,0.008,0.6228
SPADES TEN DIAMONDS KING,0.3818,0.0062,0.612
CLUBS KING DIAMONDS SIX,0.411,0.007,0.582
DIAMONDS TWO SPADES QUEEN,0.4638,0.0136,0.5226
CLUBS FOUR DIAMONDS SIX,0.5764,0.0904,0.3332
SPADES KING HEARTS ACE,0.4084,0.003,0.5886
SPADES TWO HEARTS TEN,0.4648,0.029,0.5062
DIAMONDS THREE DIAMONDS TWO,0.5984,0.1016,0.3
HEARTS SEVEN HEARTS SIX,0.2482,0.347,0.4048
SPADES ACE HEARTS NINE,0.4058,0.0042,0.59
CLUBS EIGHT SPADES THREE,0.45,0.0622,0.4878
CLUBS JACK HEARTS FOUR,0.4552,0.018,0.5268
SPADES QUEEN CLUBS TWO,0.469,0.014,0.517
SPADES EIGHT DIAMONDS FOUR,0.436,0.0594,0.5046
SPADES FOUR DIAMONDS FOUR,0.4078,0.1184,0.4738
HEARTS EIGHT CLUBS QUEEN,0.411,0.012,0.577
SPADES EIGHT CLUBS QUEEN,0.4026,0.011,0.5864
SPADES FIVE CLUBS KING,0.3254,0.034,0.6406
CLUBS NINE HEARTS THREE,0.4544,0.0394,0.5062
HEARTS EIGHT DIAMONDS THREE,0.4512,0.0578,0.491
HEARTS FIVE SPADES FIVE,0.3372,0.0874,0.5754
CLUBS SIX DIAMONDS NINE,0.398,0.0406,0.5614
SPADES QUEEN HEARTS TEN,0.3826,0.0106,0.6068
SPADES TWO CLUBS ACE,0.4528,0.0034,0.5438
DIAMONDS JACK HEARTS NINE,0.3876,0.0164,0.596
HEARTS SEVEN CLUBS QUEEN,0.312,0.0432,0.6448
SPADES SEVEN DIAMONDS ACE,0.294,0.0294,0.6766
SPADES THREE HEARTS NINE,0.4652,0.0424,0.4924
HEARTS FOUR HEARTS JACK,0.4244,0.017,0.5586
DIAMONDS THREE HEARTS TWO,0.599,0.099,0.302
SPADES SEVEN CLUBS THREE,0.3828,0.414,0.2032
DIAMONDS JACK CLUBS ACE,0.3858,0.004,0.6102
HEARTS FIVE CLUBS SIX,0.571,0.1942,0.2348
HEARTS ACE DIAMONDS SIX,0.4196,0.0048,0.5756
CLUBS JACK SPADES QUEEN,0.3914,0.0082,0.6004
SPADES KING DIAMONDS NINE,0.4026,0.0078,0.5896
SPADES JACK HEARTS TEN,0.383,0.0128,0.6042
CLUBS EIGHT HEARTS KING,0.397,0.0064,0.5966
SPADES NINE CLUBS FOUR,0.4578,0.0454,0.4968
DIAMONDS TWO SPADES SIX,0.6012,0.095,0.3038
HEARTS EIGHT CLUBS KING,0.408,0.0092,0.5828
CLUBS EIGHT HEARTS FIVE,0.291,0.1386,0.5704
CLUBS ACE HEARTS TEN,0.4096,0.0054,0.585
SPADES SIX HEARTS ACE,0.4262,0.0034,0.5704
SPADES THREE HEARTS TEN,0.4536,0.0302,0.5162
CLUBS JACK CLUBS FOUR,0.429,0.0142,0.5568
CLUBS TEN CLUBS FIVE,0.307,0.0754,0.6176
SPADES JACK HEARTS ACE,0.3962,0.0032,0.6006
SPADES KING HEARTS QUEEN,0.3956,0.0052,0.5992
DIAMONDS JACK HEARTS KING,0.3962,0.01,0.5938
HEARTS KING CLUBS QUEEN,0.3958,0.007,0.5972
DIAMONDS THREE DIAMONDS TEN,0.411,0.0296,0.5594
DIAMONDS ACE CLUBS ACE,0.21,0.0036,0.7864
DIAMONDS TEN DIAMONDS EIGHT,0.319,0.027,0.654
SPADES TEN CLUBS SIX,0.4338,0.0286,0.5376
CLUBS JACK HEARTS QUEEN,0.3972,0.0112,0.5916
SPADES KING SPADES FOUR,0.4178,0.0094,0.5728
HEARTS SIX HEARTS KING,0.4014,0.0098,0.5888
DIAMONDS TWO HEARTS FOUR,0.5882,0.0992,0.3126
DIAMONDS TEN DIAMONDS SIX,0.3512,0.032,0.6168
CLUBS SEVEN HEARTS FOUR,0.3684,0.4208,0.2108
HEARTS SEVEN CLUBS TWO,0.3958,0.4036,0.2006
SPADES EIGHT HEARTS KING,0.4176,0.0088,0.5736
DIAMONDS THREE SPADES FOUR,0.5846,0.0982,0.3172
DIAMONDS TEN HEARTS TEN,0.2036,0.0602,0.7362
CLUBS SEVEN HEARTS TWO,0.3846,0.4162,0.1992
SPADES JACK DIAMONDS JACK,0.2234,0.0406,0.736
HEARTS SEVEN SPADES SIX,0.2678,0.3606,0.3716
SPADES SIX DIAMONDS KING,0.4178,0.0072,0.575
SPADES TWO HEARTS QUEEN,0.4746,0.0114,0.514
CLUBS THREE HEARTS TEN,0.4584,0.0274,0.5142
SPADES QUEEN HEARTS ACE,0.4052,0.0054,0.5894
HEARTS FIVE HEARTS TWO,0.5514,0.1842,0.2644
HEARTS SIX HEARTS FOUR,0.5468,0.0978,0.3554
CLUBS FIVE SPADES FIVE,0.3264,0.0836,0.59
CLUBS SIX HEARTS TWO,0.6022,0.093,0.3048
SPADES ACE CLUBS SIX,0.4274,0.0034,0.5692
DIAMONDS TEN CLUBS ACE,0.3942,0.0052,0.6006
CLUBS SIX CLUBS FIVE,0.5484,0.1792,0.2724
DIAMONDS KING CLUBS ACE,0.381,0.0052,0.6138
HEARTS TWO HEARTS QUEEN,0.4294,0.0158,0.5548
HEARTS FIVE CLUBS ACE,0.3172,0.0224,0.6604
CLUBS FOUR CLUBS QUEEN,0.4336,0.0098,0.5566
SPADES EIGHT DIAMONDS KING,0.3994,0.0084,0.5922
CLUBS SIX SPADES FOUR,0.5778,0.1022,0.32
DIAMONDS TWO DIAMONDS QUEEN,0.4092,0.0132,0.5776
HEARTS KING HEARTS JACK,0.389,0.0042,0.6068
SPADES EIGHT CLUBS THREE,0.4476,0.0658,0.4866
DIAMONDS THREE SPADES SEVEN,0.3794,0.427,0.1936
SPADES KING DIAMONDS EIGHT,0.3916,0.0082,0.6002
HEARTS THREE DIAMONDS NINE,0.4404,0.043,0.5166
SPADES FIVE CLUBS TWO,0.594,0.1892,0.2168
HEARTS QUEEN DIAMONDS FOUR,0.4468,0.013,0.5402
SPADES NINE DIAMONDS KING,0.3922,0.0074,0.6004
HEARTS TWO CLUBS ACE,0.4516,0.0032,0.5452
CLUBS FIVE HEARTS KING,0.3192,0.0294,0.6514
DIAMONDS TWO SPADES TEN,0.457,0.0306,0.5124
DIAMONDS KING DIAMONDS SIX,0.3682,0.0086,0.6232
DIAMONDS TWO SPADES SEVEN,0.377,0.4246,0.1984
SPADES TWO CLUBS KING,0.4542,0.0088,0.537
HEARTS FOUR SPADES FOUR,0.4058,0.1158,0.4784
HEARTS EIGHT CLUBS NINE,0.3762,0.0392,0.5846
SPADES TWO DIAMONDS NINE,0.4536,0.0376,0.5088
SPADES QUEEN CLUBS FIVE,0.3284,0.042,0.6296
HEARTS FIVE SPADES SIX,0.588,0.1806,0.2314
SPADES ACE DIAMONDS EIGHT,0.3884,0.0042,0.6074
CLUBS FIVE HEARTS QUEEN,0.3086,0.0442,0.6472
DIAMONDS NINE CLUBS ACE,0.391,0.0052,0.6038
HEARTS FOUR HEARTS KING,0.421,0.0076,0.5714
SPADES NINE SPADES FOUR,0.435,0.0352,0.5298
CLUBS NINE CLUBS QUEEN,0.373,0.0128,0.6142
HEARTS SEVEN HEARTS TWO,0.3624,0.3862,0.2514
HEARTS FIVE DIAMONDS SIX,0.5862,0.1814,0.2324
CLUBS THREE HEARTS KING,0.4636,0.0084,0.528
HEARTS THREE HEARTS ACE,0.4124,0.005,0.5826
CLUBS EIGHT DIAMONDS FOUR,0.4318,0.0668,0.5014
CLUBS SIX HEARTS THREE,0.5836,0.0948,0.3216
CLUBS TEN DIAMONDS JACK,0.3744,0.0164,0.6092
SPADES ACE CLUBS FOUR,0.4392,0.0054,0.5554
SPADES THREE HEARTS QUEEN,0.451,0.015,0.534
CLUBS SEVEN DIAMONDS KING,0.3064,0.0376,0.656
SPADES SEVEN DIAMONDS EIGHT,0.2744,0.1406,0.585
DIAMONDS TWO HEARTS THREE,0.5884,0.1022,0.3094
CLUBS EIGHT CLUBS THREE,0.4236,0.0626,0.5138
SPADES THREE CLUBS QUEEN,0.4554,0.0144,0.5302
DIAMONDS THREE HEARTS NINE,0.4528,0.0438,0.5034
SPADES JACK SPADES TWO,0.4422,0.0172,0.5406
CLUBS JACK DIAMONDS KING,0.39,0.005,0.605
CLUBS SEVEN DIAMONDS QUEEN,0.2982,0.0526,0.6492
CLUBS TEN HEARTS FIVE,0.3238,0.0736,0.6026
SPADES SEVEN SPADES FOUR,0.339,0.4068,0.2542
CLUBS FOUR HEARTS ACE,0.434,0.004,0.562
CLUBS NINE HEARTS NINE,0.2136,0.0694,0.717
CLUBS NINE HEARTS ACE,0.4118,0.0028,0.5854
DIAMONDS TWO SPADES EIGHT,0.454,0.0672,0.4788
HEARTS SIX SPADES SIX,0.2986,0.1114,0.59
CLUBS TEN HEARTS TWO,0.4504,0.0238,0.5258
CLUBS TWO HEARTS JACK,0.472,0.0178,0.5102
CLUBS EIGHT SPADES SIX,0.3884,0.061,0.5506
CLUBS TEN DIAMONDS SIX,0.409,0.0306,0.5604
CLUBS SIX DIAMONDS KING,0.4066,0.0096,0.5838
SPADES ACE DIAMONDS FOUR,0.4296,0.005,0.5654
DIAMONDS EIGHT CLUBS KING,0.3984,0.0088,0.5928
SPADES ACE CLUBS ACE,0.207,0.0026,0.7904
SPADES JACK DIAMONDS ACE,0.3942,0.0046,0.6012
CLUBS TEN CLUBS KING,0.3692,0.006,0.6248
CLUBS NINE CLUBS EIGHT,0.3524,0.0308,0.6168
HEARTS SIX HEARTS ACE,0.3936,0.0038,0.6026
SPADES KING CLUBS KING,0.2206,0.0158,0.7636
DIAMONDS JACK SPADES THREE,0.4332,0.0202,0.5466
HEARTS ACE SPADES THREE,0.453,0.0046,0.5424
SPADES FOUR SPADES TWO,0.5484,0.0972,0.3544
CLUBS TEN SPADES NINE,0.3732,0.0248,0.602
CLUBS SEVEN SPADES FOUR,0.3794,0.4244,0.1962
SPADES EIGHT DIAMONDS TEN,0.3734,0.0256,0.601
SPADES SIX DIAMONDS EIGHT,0.3892,0.0592,0.5516
DIAMONDS JACK DIAMONDS NINE,0.3386,0.021,0.6404
SPADES SEVEN SPADES THREE,0.3494,0.4078,0.2428
SPADES FIVE SPADES THREE,0.5398,0.1904,0.2698
HEARTS QUEEN HEARTS JACK,0.3696,0.008,0.6224
SPADES ACE HEARTS FOUR,0.4428,0.0044,0.5528
SPADES KING DIAMONDS QUEEN,0.3864,0.0076,0.606
SPADES QUEEN DIAMONDS TEN,0.3818,0.012,0.6062
SPADES QUEEN HEARTS SIX,0.4368,0.012,0.5512
CLUBS FIVE CLUBS QUEEN,0.3016,0.0402,0.6582
HEARTS EIGHT HEARTS FIVE,0.2732,0.1304,0.5964
HEARTS EIGHT DIAMONDS SIX,0.3982,0.0666,0.5352
SPADES KING SPADES TWO,0.4454,0.0074,0.5472
DIAMONDS THREE HEARTS SIX,0.5948,0.095,0.3102
HEARTS SIX DIAMONDS JACK,0.4106,0.019,0.5704
CLUBS NINE CLUBS FOUR,0.4228,0.0386,0.5386
HEARTS QUEEN DIAMONDS SIX,0.4158,0.0126,0.5716
CLUBS JACK DIAMONDS SIX,0.4266,0.018,0.5554
DIAMONDS ACE SPADES FOUR,0.4322,0.0066,0.5612
SPADES QUEEN DIAMONDS KING,0.393,0.0076,0.5994
DIAMONDS TEN HEARTS NINE,0.3636,0.0224,0.614
CLUBS NINE DIAMONDS EIGHT,0.3618,0.0402,0.598
HEARTS FIVE DIAMONDS KING,0.3034,0.0334,0.6632
SPADES FIVE DIAMONDS NINE,0.2932,0.1044,0.6024
SPADES ACE DIAMONDS QUEEN,0.3864,0.0058,0.6078
HEARTS SIX SPADES FOUR,0.572,0.0976,0.3304
CLUBS TEN SPADES JACK,0.3782,0.0128,0.609
SPADES KING SPADES SIX,0.4028,0.0092,0.588
CLUBS THREE HEARTS QUEEN,0.4588,0.014,0.5272
CLUBS EIGHT HEARTS JACK,0.3926,0.016,0.5914
HEARTS SEVEN HEARTS JACK,0.3012,0.0564,0.6424
DIAMONDS THREE SPADES EIGHT,0.4496,0.0692,0.4812
DIAMONDS SIX DIAMONDS FOUR,0.5728,0.0978,0.3294
SPADES ACE HEARTS TEN,0.4068,0.0048,0.5884
SPADES FIVE DIAMONDS JACK,0.3094,0.0594,0.6312
HEARTS SIX DIAMONDS QUEEN,0.417,0.0122,0.5708
CLUBS FOUR SPADES THREE,0.5858,0.0964,0.3178
HEARTS FOUR HEARTS TWO,0.569,0.0926,0.3384
DIAMONDS ACE DIAMONDS KING,0.355,0.0052,0.6398
DIAMONDS QUEEN DIAMONDS FOUR,0.3878,0.0134,0.5988
HEARTS SEVEN DIAMONDS JACK,0.3038,0.0572,0.639
SPADES ACE DIAMONDS TEN,0.3944,0.007,0.5986
SPADES FOUR DIAMONDS JACK,0.434,0.024,0.542
HEARTS TWO DIAMONDS KING,0.4498,0.0098,0.5404
DIAMONDS QUEEN HEARTS KING,0.3894,0.006,0.6046
CLUBS TEN SPADES THREE,0.4582,0.0292,0.5126
HEARTS TWO SPADES FIVE,0.595,0.1844,0.2206
SPADES QUEEN SPADES JACK,0.3744,0.0092,0.6164
SPADES TEN SPADES SIX,0.3884,0.0262,0.5854
SPADES NINE DIAMONDS NINE,0.2038,0.0648,0.7314
CLUBS NINE HEARTS JACK,0.3964,0.0144,0.5892
HEARTS ACE HEARTS NINE,0.3722,0.005,0.6228
CLUBS NINE HEARTS KING,0.41,0.0046,0.5854
CLUBS SIX CLUBS QUEEN,0.38,0.0142,0.6058
DIAMONDS TWO CLUBS THREE,0.5994,0.095,0.3056
DIAMONDS THREE CLUBS THREE,0.3978,0.1122,0.49
HEARTS THREE CLUBS FIVE,0.5674,0.1968,0.2358
SPADES SIX DIAMONDS QUEEN,0.4036,0.0096,0.5868
SPADES KING CLUBS TEN,0.4006,0.0062,0.5932
SPADES FIVE HEARTS JACK,0.3208,0.0578,0.6214
HEARTS SIX HEARTS TEN,0.3976,0.0238,0.5786
DIAMONDS QUEEN HEARTS ACE,0.379,0.0042,0.6168
HEARTS JACK DIAMONDS EIGHT,0.3738,0.0196,0.6066
SPADES NINE HEARTS NINE,0.2142,0.071,0.7148
CLUBS FIVE SPADES FOUR,0.58,0.1854,0.2346
SPADES SEVEN DIAMONDS FOUR,0.3472,0.4418,0.211
CLUBS NINE HEARTS QUEEN,0.3858,0.0116,0.6026
CLUBS JACK HEARTS FIVE,0.3144,0.0576,0.628
CLUBS TEN HEARTS KING,0.403,0.0068,0.5902
CLUBS SEVEN DIAMONDS NINE,0.2904,0.1082,0.6014
HEARTS FIVE CLUBS FOUR,0.5654,0.19,0.2446
DIAMONDS NINE CLUBS QUEEN,0.3858,0.01,0.6042
DIAMONDS KING DIAMONDS QUEEN,0.344,0.009,0.647
CLUBS JACK CLUBS FIVE,0.2942,0.066,0.6398
DIAMONDS TWO HEARTS KING,0.4562,0.0072,0.5366
HEARTS SIX DIAMONDS KING,0.4102,0.0074,0.5824
HEARTS EIGHT DIAMONDS TEN,0.3644,0.0254,0.6102
DIAMONDS THREE DIAMONDS QUEEN,0.4194,0.014,0.5666
SPADES JACK CLUBS SIX,0.4334,0.0176,0.549
SPADES SEVEN DIAMONDS QUEEN,0.302,0.0436,0.6544
HEARTS NINE DIAMONDS FOUR,0.4396,0.044,0.5164
HEARTS THREE HEARTS QUEEN,0.4424,0.0124,0.5452
DIAMONDS THREE DIAMONDS FOUR,0.5796,0.1006,0.3198
HEARTS SEVEN CLUBS SIX,0.2696,0.3596,0.3708
SPADES TEN CLUBS TWO,0.4606,0.0294,0.51
DIAMONDS THREE HEARTS FOUR,0.578,0.1052,0.3168
HEARTS EIGHT HEARTS TWO,0.4366,0.0548,0.5086
HEARTS SEVEN HEARTS QUEEN,0.2978,0.0448,0.6574
CLUBS NINE DIAMONDS ACE,0.3902,0.005,0.6048
HEARTS SIX SPADES EIGHT,0.3978,0.0636,0.5386
CLUBS FOUR DIAMONDS KING,0.4328,0.0086,0.5586
CLUBS TWO DIAMONDS SIX,0.5916,0.1036,0.3048
CLUBS TEN DIAMONDS QUEEN,0.3714,0.0106,0.618
SPADES FIVE HEARTS ACE,0.3176,0.0174,0.665
SPADES EIGHT HEARTS ACE,0.4082,0.0032,0.5886
HEARTS SEVEN SPADES SEVEN,0.165,0.097,0.738
DIAMONDS QUEEN SPADES FOUR,0.4322,0.0138,0.554
DIAMONDS EIGHT HEARTS NINE,0.3622,0.0366,0.6012
CLUBS SIX SPADES SEVEN,0.2844,0.3398,0.3758
HEARTS THREE CLUBS KING,0.4492,0.0094,0.5414
CLUBS SEVEN HEARTS THREE,0.3764,0.4242,0.1994
CLUBS EIGHT SPADES NINE,0.3662,0.0346,0.5992
DIAMONDS ACE CLUBS KING,0.3832,0.0076,0.6092
CLUBS TWO HEARTS NINE,0.4694,0.0404,0.4902
HEARTS FOUR CLUBS SIX,0.5776,0.0968,0.3256
CLUBS FIVE DIAMONDS ACE,0.3052,0.0238,0.671
SPADES TEN CLUBS THREE,0.451,0.028,0.521
CLUBS FOUR HEARTS JACK,0.4526,0.0134,0.534
SPADES QUEEN DIAMONDS SIX,0.413,0.012,0.575
CLUBS THREE SPADES FIVE,0.5602,0.1946,0.2452
CLUBS SEVEN HEARTS JACK,0.3178,0.055,0.6272
CLUBS EIGHT HEARTS THREE,0.4596,0.057,0.4834
HEARTS FIVE SPADES SEVEN,0.0714,0.9056,0.023
DIAMONDS TEN SPADES TWO,0.4516,0.0284,0.52
SPADES EIGHT DIAMONDS SIX,0.3828,0.0628,0.5544
CLUBS EIGHT CLUBS TWO,0.4372,0.0616,0.5012
CLUBS ACE DIAMONDS FOUR,0.4362,0.0054,0.5584
SPADES SIX CLUBS ACE,0.4192,0.0028,0.578
CLUBS ACE DIAMONDS SIX,0.4076,0.0048,0.5876
SPADES KING CLUBS EIGHT,0.414,0.0082,0.5778
DIAMONDS TWO SPADES NINE,0.4408,0.0428,0.5164
SPADES SEVEN CLUBS QUEEN,0.3184,0.0494,0.6322
SPADES SIX CLUBS TWO,0.5954,0.099,0.3056
CLUBS TEN DIAMONDS EIGHT,0.359,0.0258,0.6152
HEARTS JACK CLUBS QUEEN,0.3994,0.0072,0.5934
CLUBS EIGHT HEARTS ACE,0.3942,0.005,0.6008
CLUBS SEVEN HEARTS QUEEN,0.3178,0.0448,0.6374
HEARTS FIVE HEARTS NINE,0.2918,0.0952,0.613
SPADES FIVE SPADES TWO,0.5554,0.185,0.2596
DIAMONDS KING HEARTS TEN,0.3788,0.0076,0.6136
DIAMONDS TWO CLUBS FOUR,0.5984,0.0994,0.3022
HEARTS FIVE HEARTS ACE,0.2936,0.0208,0.6856
SPADES TWO HEARTS NINE,0.4756,0.0404,0.484
SPADES TEN DIAMONDS EIGHT,0.3702,0.0224,0.6074
CLUBS FIVE DIAMONDS JACK,0.3058,0.07,0.6242
DIAMONDS TWO CLUBS EIGHT,0.4586,0.0586,0.4828
CLUBS THREE DIAMONDS JACK,0.4494,0.0212,0.5294
SPADES NINE CLUBS SIX,0.3948,0.0364,0.5688
SPADES NINE HEARTS JACK,0.3978,0.0136,0.5886
DIAMONDS TWO HEARTS TWO,0.4098,0.1082,0.482
SPADES TEN HEARTS TEN,0.2216,0.0496,0.7288
CLUBS EIGHT DIAMONDS QUEEN,0.389,0.0124,0.5986
HEARTS SEVEN DIAMONDS NINE,0.2842,0.1074,0.6084
SPADES FIVE HEARTS KING,0.305,0.0336,0.6614
DIAMONDS JACK DIAMONDS FOUR,0.4046,0.017,0.5784
CLUBS TEN SPADES TEN,0.2202,0.0552,0.7246
CLUBS THREE DIAMONDS QUEEN,0.443,0.0148,0.5422
CLUBS TEN DIAMONDS KING,0.3908,0.0082,0.601
HEARTS TWO CLUBS KING,0.4664,0.0066,0.527
HEARTS SIX SPADES JACK,0.436,0.0176,0.5464
SPADES ACE DIAMONDS KING,0.3924,0.0064,0.6012
SPADES ACE SPADES SIX,0.3992,0.0046,0.5962
SPADES QUEEN HEARTS KING,0.41,0.0064,0.5836
CLUBS JACK HEARTS TWO,0.4622,0.015,0.5228
HEARTS FOUR CLUBS THREE,0.5818,0.1012,0.317
CLUBS FIVE HEARTS TWO,0.5836,0.1942,0.2222
DIAMONDS THREE HEARTS SEVEN,0.3632,0.434,0.2028
CLUBS TEN CLUBS TWO,0.4386,0.0234,0.538
SPADES ACE DIAMONDS NINE,0.3866,0.0064,0.607
HEARTS SIX HEARTS FIVE,0.5324,0.1822,0.2854
CLUBS TEN SPADES TWO,0.4762,0.0254,0.4984
SPADES KING HEARTS FOUR,0.46,0.0072,0.5328
SPADES SIX CLUBS THREE,0.584,0.0958,0.3202
SPADES SEVEN CLUBS ACE,0.3064,0.027,0.6666
HEARTS ACE DIAMONDS TEN,0.3842,0.0038,0.612
DIAMONDS ACE DIAMONDS FOUR,0.3816,0.006,0.6124
CLUBS SEVEN DIAMONDS SIX,0.2636,0.3592,0.3772
CLUBS SIX CLUBS FOUR,0.5448,0.087,0.3682
SPADES JACK DIAMONDS SIX,0.4238,0.0178,0.5584
SPADES QUEEN SPADES SIX,0.4026,0.012,0.5854
HEARTS TWO SPADES SIX,0.6042,0.098,0.2978
SPADES SIX DIAMONDS TEN,0.4044,0.0268,0.5688
CLUBS TEN HEARTS ACE,0.4032,0.005,0.5918
CLUBS NINE CLUBS ACE,0.3804,0.0036,0.616
CLUBS SIX HEARTS QUEEN,0.4302,0.0146,0.5552
HEARTS FIVE SPADES NINE,0.307,0.1068,0.5862
HEARTS EIGHT CLUBS TEN,0.3958,0.029,0.5752
DIAMONDS TWO CLUBS SEVEN,0.3714,0.4234,0.2052
HEARTS FIVE DIAMONDS QUEEN,0.3128,0.0448,0.6424
SPADES KING HEARTS FIVE,0.336,0.03,0.634
HEARTS EIGHT HEARTS SIX,0.3848,0.0606,0.5546
CLUBS TEN DIAMONDS ACE,0.387,0.0038,0.6092
SPADES JACK HEARTS FIVE,0.33,0.0628,0.6072
HEARTS FOUR HEARTS QUEEN,0.4152,0.0142,0.5706
SPADES JACK DIAMONDS EIGHT,0.3924,0.0152,0.5924
HEARTS THREE CLUBS TWO,0.5994,0.0986,0.302
SPADES QUEEN CLUBS SIX,0.4336,0.0108,0.5556
CLUBS TEN CLUBS THREE,0.4214,0.0264,0.5522
DIAMONDS TWO CLUBS FIVE,0.5962,0.1906,0.2132
SPADES KING SPADES NINE,0.372,0.0078,0.6202
HEARTS TWO HEARTS TEN,0.441,0.028,0.531
CLUBS EIGHT HEARTS TWO,0.458,0.061,0.481
CLUBS FIVE HEARTS ACE,0.3158,0.021,0.6632
SPADES JACK DIAMONDS NINE,0.3778,0.0176,0.6046
SPADES KING DIAMONDS ACE,0.3992,0.0058,0.595
CLUBS TWO HEARTS ACE,0.4534,0.0066,0.54
HEARTS EIGHT SPADES FIVE,0.2856,0.1302,0.5842
CLUBS JACK SPADES FOUR,0.4554,0.0178,0.5268
CLUBS TWO SPADES TWO,0.4202,0.1084,0.4714
SPADES QUEEN HEARTS NINE,0.3914,0.0084,0.6002
CLUBS TWO DIAMONDS QUEEN,0.4548,0.011,0.5342
SPADES TWO HEARTS JACK,0.4584,0.0212,0.5204
CLUBS QUEEN HEARTS NINE,0.4054,0.0104,0.5842
HEARTS SIX SPADES TWO,0.5966,0.0974,0.306
CLUBS EIGHT SPADES FOUR,0.4516,0.062,0.4864
HEARTS EIGHT DIAMONDS JACK,0.3778,0.0186,0.6036
HEARTS EIGHT HEARTS QUEEN,0.376,0.0112,0.6128
SPADES QUEEN SPADES EIGHT,0.3826,0.0106,0.6068
SPADES SIX DIAMONDS JACK,0.4164,0.0178,0.5658
SPADES KING CLUBS FOUR,0.4538,0.0098,0.5364
DIAMONDS KING HEARTS NINE,0.3888,0.0086,0.6026
CLUBS TWO HEARTS QUEEN,0.4636,0.0122,0.5242
DIAMONDS THREE CLUBS ACE,0.4386,0.007,0.5544
CLUBS JACK HEARTS JACK,0.2268,0.0392,0.734
HEARTS THREE HEARTS TWO,0.5674,0.0968,0.3358
CLUBS SEVEN CLUBS THREE,0.3556,0.3968,0.2476
HEARTS SIX CLUBS FIVE,0.585,0.184,0.231
HEARTS EIGHT DIAMONDS EIGHT,0.1866,0.0834,0.73
SPADES SIX CLUBS QUEEN,0.419,0.013,0.568
SPADES KING CLUBS QUEEN,0.387,0.006,0.607
DIAMONDS THREE HEARTS KING,0.4514,0.0092,0.5394
HEARTS SIX DIAMONDS SIX,0.2828,0.105,0.6122
CLUBS JACK CLUBS SIX,0.4118,0.0164,0.5718
HEARTS SIX SPADES FIVE,0.5738,0.1976,0.2286
HEARTS SEVEN HEARTS FIVE,0.0676,0.8616,0.0708
HEARTS SEVEN DIAMONDS KING,0.2994,0.038,0.6626
SPADES EIGHT CLUBS FOUR,0.4578,0.0648,0.4774
HEARTS FIVE DIAMONDS NINE,0.2902,0.109,0.6008
CLUBS JACK CLUBS NINE,0.374,0.0146,0.6114
CLUBS NINE SPADES THREE,0.4472,0.046,0.5068
DIAMONDS NINE DIAMONDS EIGHT,0.3122,0.039,0.6488
SPADES ACE CLUBS QUEEN,0.397,0.0042,0.5988
CLUBS TEN CLUBS SEVEN,0.2824,0.0754,0.6422
DIAMONDS THREE CLUBS QUEEN,0.4558,0.0142,0.53
SPADES JACK HEARTS THREE,0.4574,0.016,0.5266
CLUBS SIX DIAMONDS QUEEN,0.4012,0.0096,0.5892
DIAMONDS THREE CLUBS SIX,0.5816,0.0952,0.3232
CLUBS TWO DIAMONDS TEN,0.4552,0.0274,0.5174
SPADES SIX SPADES TWO,0.5688,0.0878,0.3434
DIAMONDS THREE SPADES SIX,0.5796,0.0846,0.3358
HEARTS SIX CLUBS SEVEN,0.2622,0.3514,0.3864
CLUBS JACK CLUBS TWO,0.4336,0.018,0.5484
CLUBS JACK CLUBS ACE,0.3754,0.0028,0.6218
HEARTS THREE HEARTS JACK,0.4346,0.0166,0.5488
HEARTS SEVEN SPADES TWO,0.3764,0.4238,0.1998
CLUBS JACK CLUBS THREE,0.4258,0.0204,0.5538
HEARTS SEVEN HEARTS KING,0.2936,0.0386,0.6678
SPADES KING HEARTS KING,0.2128,0.0138,0.7734
SPADES SEVEN CLUBS FOUR,0.376,0.4226,0.2014
CLUBS FIVE CLUBS FOUR,0.5396,0.186,0.2744
CLUBS EIGHT CLUBS KING,0.3798,0.0072,0.613
SPADES NINE CLUBS TWO,0.4686,0.0392,0.4922
HEARTS ACE HEARTS JACK,0.3718,0.004,0.6242
DIAMONDS ACE HEARTS KING,0.3828,0.005,0.6122
CLUBS EIGHT SPADES TEN,0.3764,0.0258,0.5978
DIAMONDS THREE DIAMONDS EIGHT,0.4108,0.0614,0.5278
SPADES JACK SPADES EIGHT,0.3684,0.0166,0.615
CLUBS SIX HEARTS ACE,0.425,0.0034,0.5716
HEARTS EIGHT CLUBS SEVEN,0.2948,0.137,0.5682
SPADES SIX DIAMONDS FOUR,0.5758,0.0968,0.3274
HEARTS FOUR DIAMONDS FOUR,0.3914,0.1092,0.4994
SPADES QUEEN HEARTS FIVE,0.3168,0.0436,0.6396
SPADES JACK HEARTS KING,0.406,0.0046,0.5894
HEARTS THREE DIAMONDS ACE,0.4372,0.0048,0.558
DIAMONDS THREE SPADES NINE,0.4382,0.0452,0.5166
DIAMONDS THREE CLUBS SEVEN,0.3642,0.4358,0.2
SPADES NINE DIAMONDS EIGHT,0.3522,0.0328,0.615
CLUBS NINE SPADES SEVEN,0.2928,0.1078,0.5994
CLUBS EIGHT DIAMONDS TEN,0.366,0.0302,0.6038
SPADES FOUR DIAMONDS EIGHT,0.4168,0.0692,0.514
DIAMONDS TWO HEARTS ACE,0.444,0.0046,0.5514
HEARTS SEVEN HEARTS TEN,0.2886,0.0738,0.6376
CLUBS TEN CLUBS ACE,0.3774,0.0038,0.6188
SPADES TEN SPADES FIVE,0.3042,0.0712,0.6246
CLUBS KING CLUBS QUEEN,0.379,0.0064,0.6146
SPADES ACE DIAMONDS THREE,0.432,0.0064,0.5616
HEARTS SEVEN CLUBS KING,0.311,0.03,0.659
CLUBS THREE DIAMONDS KING,0.4494,0.0092,0.5414
DIAMONDS KING CLUBS QUEEN,0.3884,0.0068,0.6048
HEARTS EIGHT HEARTS NINE,0.3576,0.038,0.6044
SPADES ACE CLUBS SEVEN,0.3042,0.0274,0.6684
SPADES ACE CLUBS THREE,0.4588,0.0054,0.5358
CLUBS FOUR DIAMONDS ACE,0.4238,0.004,0.5722
HEARTS FOUR CLUBS QUEEN,0.4472,0.0114,0.5414
CLUBS FOUR CLUBS TWO,0.569,0.0896,0.3414
CLUBS FOUR DIAMONDS NINE,0.448,0.0418,0.5102
CLUBS NINE CLUBS THREE,0.425,0.0392,0.5358
HEARTS SEVEN SPADES QUEEN,0.3282,0.0454,0.6264
DIAMONDS EIGHT DIAMONDS SIX,0.3366,0.0646,0.5988
CLUBS NINE DIAMONDS KING,0.385,0.0086,0.6064
SPADES EIGHT CLUBS FIVE,0.2922,0.1376,0.5702
DIAMONDS QUEEN DIAMONDS TEN,0.336,0.0104,0.6536
HEARTS FIVE SPADES TEN,0.322,0.0786,0.5994
SPADES FOUR DIAMONDS SIX,0.5682,0.099,0.3328
SPADES SEVEN HEARTS JACK,0.3298,0.0564,0.6138
SPADES KING DIAMONDS SIX,0.425,0.0068,0.5682
CLUBS TEN SPADES QUEEN,0.403,0.009,0.588
HEARTS THREE SPADES SIX,0.579,0.1002,0.3208
CLUBS THREE HEARTS NINE,0.4546,0.037,0.5084
DIAMONDS QUEEN DIAMONDS NINE,0.3276,0.0128,0.6596
SPADES NINE DIAMONDS QUEEN,0.3954,0.012,0.5926
CLUBS TWO DIAMONDS JACK,0.4458,0.0192,0.535
SPADES ACE SPADES KING,0.3778,0.0052,0.617
SPADES JACK SPADES THREE,0.4348,0.016,0.5492
SPADES NINE CLUBS ACE,0.4076,0.0044,0.588
SPADES TWO CLUBS QUEEN,0.4682,0.0134,0.5184
CLUBS JACK DIAMONDS EIGHT,0.3806,0.0164,0.603
CLUBS JACK DIAMONDS THREE,0.4542,0.0198,0.526
SPADES KING CLUBS SIX,0.4382,0.0082,0.5536
CLUBS NINE HEARTS FOUR,0.4616,0.0374,0.501
CLUBS TWO HEARTS TEN,0.462,0.0274,0.5106
SPADES KING SPADES JACK,0.3764,0.006,0.6176
DIAMONDS EIGHT DIAMONDS FOUR,0.3776,0.0662,0.5562
SPADES KING SPADES THREE,0.436,0.008,0.556
SPADES TEN CLUBS SEVEN,0.2994,0.0792,0.6214
HEARTS ACE HEARTS QUEEN,0.378,0.004,0.618
CLUBS THREE SPADES FOUR,0.5768,0.105,0.3182
SPADES QUEEN SPADES NINE,0.3866,0.0112,0.6022
CLUBS SIX DIAMONDS EIGHT,0.3808,0.0616,0.5576
SPADES ACE HEARTS JACK,0.3978,0.0038,0.5984
DIAMONDS QUEEN DIAMONDS JACK,0.3278,0.01,0.6622
CLUBS TEN CLUBS FOUR,0.4364,0.0232,0.5404
SPADES TWO DIAMONDS SIX,0.5832,0.103,0.3138
SPADES SEVEN CLUBS KING,0.3248,0.0414,0.6338
SPADES THREE CLUBS KING,0.4524,0.0112,0.5364
CLUBS TEN CLUBS NINE,0.3524,0.0224,0.6252
HEARTS SIX DIAMONDS TEN,0.3934,0.0336,0.573
HEARTS FIVE HEARTS TEN,0.3064,0.0714,0.6222
DIAMONDS JACK DIAMONDS TEN,0.3296,0.0136,0.6568
SPADES KING CLUBS NINE,0.409,0.006,0.585
CLUBS ACE HEARTS JACK,0.4072,0.004,0.5888
HEARTS KING HEARTS TEN,0.3744,0.0052,0.6204
CLUBS JACK SPADES THREE,0.454,0.019,0.527
CLUBS THREE SPADES THREE,0.416,0.1098,0.4742
HEARTS JACK CLUBS KING,0.4084,0.008,0.5836
CLUBS SEVEN DIAMONDS JACK,0.3002,0.0618,0.638
DIAMONDS QUEEN HEARTS NINE,0.3738,0.0104,0.6158
CLUBS SEVEN HEARTS ACE,0.3062,0.0278,0.666
CLUBS SIX CLUBS TWO,0.5614,0.092,0.3466
CLUBS JACK SPADES SIX,0.4362,0.022,0.5418
HEARTS SIX CLUBS FOUR,0.5708,0.098,0.3312
SPADES EIGHT CLUBS KING,0.4038,0.007,0.5892
HEARTS FIVE SPADES EIGHT,0.2924,0.1344,0.5732
SPADES SIX SPADES FIVE,0.54,0.1866,0.2734
SPADES KING SPADES EIGHT,0.3878,0.0074,0.6048
SPADES SIX DIAMONDS SIX,0.2834,0.104,0.6126
DIAMONDS THREE HEARTS ACE,0.4418,0.0048,0.5534
HEARTS SIX SPADES TEN,0.4124,0.022,0.5656
HEARTS THREE DIAMONDS FOUR,0.5924,0.0954,0.3122
SPADES KING CLUBS THREE,0.4634,0.007,0.5296
CLUBS SEVEN CLUBS FIVE,0.0794,0.8524,0.0682
SPADES SIX DIAMONDS NINE,0.3938,0.0444,0.5618
SPADES TEN HEARTS NINE,0.3864,0.025,0.5886
HEARTS SIX DIAMONDS NINE,0.3908,0.0442,0.565
SPADES SIX HEARTS TEN,0.4246,0.028,0.5474
SPADES TEN SPADES FOUR,0.4248,0.0268,0.5484
SPADES FIVE HEARTS NINE,0.3202,0.103,0.5768
HEARTS SEVEN DIAMONDS SIX,0.2476,0.3698,0.3826
CLUBS TEN HEARTS SEVEN,0.295,0.0752,0.6298
HEARTS SIX DIAMONDS ACE,0.4182,0.0034,0.5784
SPADES THREE DIAMONDS NINE,0.4362,0.0418,0.522
DIAMONDS THREE SPADES TWO,0.59,0.102,0.308
DIAMONDS QUEEN CLUBS QUEEN,0.2096,0.03,0.7604
DIAMONDS ACE SPADES SIX,0.4128,0.0038,0.5834
HEARTS FIVE CLUBS QUEEN,0.321,0.0412,0.6378
CLUBS SIX HEARTS TEN,0.3978,0.0258,0.5764
CLUBS TEN DIAMONDS TWO,0.4604,0.0308,0.5088
SPADES KING CLUBS ACE,0.3922,0.0034,0.6044
HEARTS FIVE CLUBS THREE,0.5656,0.192,0.2424
SPADES EIGHT HEARTS JACK,0.3966,0.0162,0.5872
DIAMONDS THREE CLUBS KING,0.4566,0.0104,0.533
CLUBS EIGHT CLUBS SIX,0.3768,0.063,0.5602
SPADES NINE DIAMONDS FOUR,0.4506,0.0458,0.5036
SPADES SEVEN CLUBS TWO,0.3966,0.4206,0.1828
SPADES TEN DIAMONDS QUEEN,0.3796,0.0106,0.6098
DIAMONDS NINE DIAMONDS FOUR,0.3916,0.0404,0.568
SPADES ACE HEARTS SIX,0.4366,0.0038,0.5596
CLUBS FOUR HEARTS KING,0.4634,0.0072,0.5294
DIAMONDS TWO SPADES FOUR,0.5978,0.0978,0.3044
CLUBS FOUR SPADES FIVE,0.5658,0.1926,0.2416
HEARTS TWO DIAMONDS JACK,0.4526,0.0186,0.5288
SPADES ACE DIAMONDS SIX,0.4182,0.0054,0.5764
CLUBS THREE CLUBS TWO,0.568,0.0888,0.3432
SPADES TEN CLUBS QUEEN,0.397,0.0094,0.5936
SPADES QUEEN CLUBS FOUR,0.4598,0.0138,0.5264
DIAMONDS TWO DIAMONDS TEN,0.421,0.0278,0.5512
SPADES ACE DIAMONDS JACK,0.3932,0.0042,0.6026
CLUBS NINE HEARTS FIVE,0.3022,0.1028,0.595
SPADES QUEEN HEARTS FOUR,0.4444,0.0122,0.5434
SPADES KING DIAMONDS KING,0.2104,0.0198,0.7698
SPADES ACE SPADES SEVEN,0.2886,0.023,0.6884
SPADES QUEEN DIAMONDS JACK,0.3838,0.0086,0.6076
CLUBS FOUR CLUBS THREE,0.5622,0.1,0.3378
DIAMONDS TEN DIAMONDS NINE,0.33,0.0252,0.6448
CLUBS TEN HEARTS SIX,0.411,0.0272,0.5618
CLUBS SEVEN CLUBS TWO,0.362,0.4006,0.2374
HEARTS FIVE DIAMONDS ACE,0.2968,0.0226,0.6806
SPADES FIVE HEARTS QUEEN,0.3306,0.047,0.6224
HEARTS FOUR SPADES EIGHT,0.4458,0.0596,0.4946
HEARTS SIX DIAMONDS EIGHT,0.387,0.0576,0.5554
CLUBS FOUR CLUBS ACE,0.4114,0.006,0.5826
HEARTS SEVEN DIAMONDS EIGHT,0.2786,0.133,0.5884
SPADES KING DIAMONDS TEN,0.3776,0.0074,0.615
DIAMONDS THREE SPADES KING,0.4614,0.011,0.5276
DIAMONDS THREE SPADES THREE,0.402,0.1074,0.4906
CLUBS FIVE DIAMONDS KING,0.3052,0.0336,0.6612
SPADES KING DIAMONDS FOUR,0.4448,0.0094,0.5458
CLUBS SIX DIAMONDS JACK,0.4114,0.0206,0.568
SPADES TEN HEARTS ACE,0.4008,0.0038,0.5954
HEARTS THREE SPADES THREE,0.4084,0.1108,0.4808
DIAMONDS THREE CLUBS NINE,0.446,0.0398,0.5142
DIAMONDS TEN HEARTS JACK,0.369,0.016,0.615
CLUBS JACK SPADES KING,0.4058,0.007,0.5872
SPADES SIX SPADES FOUR,0.5514,0.093,0.3556
CLUBS KING HEARTS TEN,0.3948,0.007,0.5982
SPADES QUEEN DIAMONDS NINE,0.3862,0.0098,0.604
HEARTS SIX HEARTS THREE,0.5518,0.0864,0.3618
HEARTS THREE SPADES TWO,0.5886,0.1044,0.307
HEARTS THREE CLUBS THREE,0.4014,0.1074,0.4912
SPADES NINE SPADES FIVE,0.294,0.1008,0.6052
SPADES KING SPADES FIVE,0.3038,0.0332,0.663
HEARTS KING HEARTS QUEEN,0.389,0.0078,0.6032
DIAMONDS QUEEN HEARTS QUEEN,0.1992,0.0318,0.769
HEARTS THREE SPADES FIVE,0.5628,0.1912,0.246
HEARTS EIGHT DIAMONDS TWO,0.458,0.0622,0.4798
SPADES TEN HEARTS FOUR,0.4524,0.0316,0.516
SPADES JACK DIAMONDS FOUR,0.4422,0.0226,0.5352
HEARTS TWO CLUBS QUEEN,0.4614,0.0116,0.527
CLUBS JACK CLUBS SEVEN,0.3044,0.0578,0.6378
HEARTS SEVEN CLUBS EIGHT,0.2922,0.1314,0.5764
SPADES KING SPADES QUEEN,0.3794,0.008,0.6126
CLUBS ACE HEARTS NINE,0.4196,0.0032,0.5772
DIAMONDS THREE SPADES JACK,0.4578,0.0166,0.5256
DIAMONDS THREE CLUBS TEN,0.4486,0.0256,0.5258
CLUBS JACK SPADES TEN,0.4026,0.0142,0.5832
HEARTS TWO DIAMONDS EIGHT,0.4512,0.0608,0.488
CLUBS TWO CLUBS ACE,0.4258,0.0056,0.5686
HEARTS SIX CLUBS SIX,0.3004,0.105,0.5946
HEARTS FIVE DIAMONDS EIGHT,0.2826,0.1374,0.58
SPADES ACE SPADES THREE,0.414,0.0058,0.5802
SPADES JACK SPADES FIVE,0.304,0.0506,0.6454
HEARTS SEVEN CLUBS THREE,0.3734,0.4156,0.211
CLUBS JACK HEARTS THREE,0.4496,0.0148,0.5356
DIAMONDS JACK HEARTS TEN,0.3726,0.0136,0.6138
SPADES EIGHT DIAMONDS ACE,0.3952,0.005,0.5998
SPADES KING HEARTS TEN,0.4026,0.0068,0.5906
HEARTS EIGHT CLUBS EIGHT,0.1962,0.0828,0.721
HEARTS THREE DIAMONDS EIGHT,0.434,0.0684,0.4976
SPADES QUEEN SPADES FIVE,0.3006,0.044,0.6554
SPADES FIVE DIAMONDS FOUR,0.5528,0.2008,0.2464
HEARTS FIVE HEARTS FOUR,0.5282,0.1808,0.291
HEARTS FIVE SPADES THREE,0.5774,0.185,0.2376
CLUBS NINE SPADES FOUR,0.4518,0.04,0.5082
DIAMONDS THREE CLUBS FIVE,0.5658,0.1932,0.241
SPADES KING DIAMONDS TWO,0.4754,0.007,0.5176
CLUBS FIVE DIAMONDS QUEEN,0.3068,0.0462,0.647
CLUBS FOUR DIAMONDS TEN,0.418,0.0288,0.5532
SPADES ACE HEARTS FIVE,0.3216,0.0178,0.6606
DIAMONDS QUEEN HEARTS TEN,0.3876,0.0102,0.6022
HEARTS TWO DIAMONDS QUEEN,0.4464,0.0156,0.538
CLUBS SIX HEARTS KING,0.4282,0.0074,0.5644
DIAMONDS ACE CLUBS QUEEN,0.3848,0.0034,0.6118
CLUBS TWO CLUBS KING,0.4426,0.0066,0.5508
CLUBS TEN CLUBS EIGHT,0.3538,0.027,0.6192
HEARTS EIGHT DIAMONDS QUEEN,0.3946,0.0128,0.5926
DIAMONDS SIX CLUBS QUEEN,0.4202,0.0124,0.5674
CLUBS ACE CLUBS QUEEN,0.3786,0.0042,0.6172
SPADES ACE HEARTS QUEEN,0.4106,0.0028,0.5866
HEARTS EIGHT CLUBS SIX,0.3934,0.0666,0.54
SPADES SEVEN DIAMONDS TEN,0.2896,0.0692,0.6412
DIAMONDS TWO DIAMONDS ACE,0.395,0.0062,0.5988
CLUBS SEVEN CLUBS FOUR,0.3446,0.4078,0.2476
SPADES JACK HEARTS TWO,0.4648,0.0198,0.5154
SPADES TEN DIAMONDS FOUR,0.4348,0.032,0.5332
CLUBS ACE CLUBS KING,0.3924,0.0048,0.6028
SPADES THREE SPADES TWO,0.5738,0.0958,0.3304
DIAMONDS SIX HEARTS NINE,0.3958,0.0424,0.5618
DIAMONDS JACK DIAMONDS SIX,0.3694,0.0212,0.6094
SPADES NINE HEARTS TWO,0.4668,0.0408,0.4924
SPADES ACE CLUBS FIVE,0.3324,0.0194,0.6482
DIAMONDS THREE DIAMONDS KING,0.404,0.009,0.587
SPADES SEVEN DIAMONDS SIX,0.2596,0.3644,0.376
HEARTS FOUR DIAMONDS NINE,0.4254,0.0478,0.5268
HEARTS SEVEN HEARTS FOUR,0.3382,0.4014,0.2604
HEARTS THREE DIAMONDS SIX,0.5806,0.099,0.3204
CLUBS TEN CLUBS QUEEN,0.366,0.0106,0.6234
SPADES EIGHT DIAMONDS EIGHT,0.1896,0.0752,0.7352
CLUBS TEN HEARTS NINE,0.3704,0.025,0.6046
DIAMONDS TEN CLUBS QUEEN,0.3694,0.0096,0.621
SPADES JACK CLUBS KING,0.392,0.0062,0.6018
CLUBS SEVEN SPADES TWO,0.3848,0.4104,0.2048
CLUBS NINE SPADES NINE,0.2108,0.076,0.7132
SPADES EIGHT CLUBS ACE,0.398,0.0048,0.5972
DIAMONDS TWO HEARTS QUEEN,0.4534,0.012,0.5346
SPADES QUEEN SPADES TWO,0.4442,0.0114,0.5444
SPADES EIGHT HEARTS QUEEN,0.4024,0.0114,0.5862
HEARTS SIX HEARTS TWO,0.5688,0.0964,0.3348
CLUBS NINE CLUBS SIX,0.387,0.0408,0.5722
HEARTS TWO HEARTS KING,0.4466,0.0064,0.547
CLUBS EIGHT DIAMONDS ACE,0.382,0.0046,0.6134
SPADES NINE HEARTS QUEEN,0.4054,0.0092,0.5854
CLUBS TEN SPADES SIX,0.4156,0.0238,0.5606
SPADES SEVEN SPADES FIVE,0.0786,0.8468,0.0746
CLUBS JACK HEARTS ACE,0.4016,0.003,0.5954
SPADES ACE HEARTS KING,0.4096,0.0034,0.587
HEARTS FIVE SPADES TWO,0.5822,0.1984,0.2194
SPADES TEN SPADES TWO,0.434,0.0292,0.5368
DIAMONDS TWO HEARTS FIVE,0.5852,0.1956,0.2192
SPADES TEN CLUBS KING,0.395,0.0078,0.5972
HEARTS EIGHT HEARTS THREE,0.4412,0.0552,0.5036
CLUBS FIVE CLUBS TWO,0.5442,0.1758,0.28
SPADES JACK SPADES NINE,0.3666,0.017,0.6164
HEARTS FOUR SPADES THREE,0.5924,0.0966,0.311
HEARTS FOUR HEARTS NINE,0.424,0.0386,0.5374
CLUBS SEVEN SPADES FIVE,0.0724,0.9024,0.0252
DIAMONDS ACE HEARTS JACK,0.3808,0.0048,0.6144
SPADES SEVEN DIAMONDS JACK,0.3082,0.0604,0.6314
DIAMONDS KING SPADES FOUR,0.4282,0.01,0.5618
SPADES EIGHT SPADES FIVE,0.2648,0.1288,0.6064
DIAMONDS KING HEARTS KING,0.2098,0.0164,0.7738
CLUBS FIVE SPADES TWO,0.5788,0.1956,0.2256
HEARTS ACE HEARTS KING,0.3866,0.0048,0.6086
CLUBS FOUR SPADES SIX,0.5678,0.0984,0.3338
DIAMONDS TWO CLUBS ACE,0.4478,0.0066,0.5456
CLUBS NINE SPADES JACK,0.3962,0.0124,0.5914
DIAMONDS THREE CLUBS FOUR,0.5812,0.1,0.3188
SPADES KING HEARTS TWO,0.4772,0.0088,0.514
DIAMONDS KING SPADES FIVE,0.307,0.0336,0.6594
SPADES FOUR DIAMONDS NINE,0.4496,0.0406,0.5098
SPADES JACK CLUBS FIVE,0.313,0.0614,0.6256
HEARTS SIX SPADES THREE,0.5842,0.0978,0.318
HEARTS ACE CLUBS ACE,0.2084,0.0036,0.788
CLUBS TEN SPADES FIVE,0.3146,0.0714,0.614
CLUBS JACK HEARTS EIGHT,0.4036,0.018,0.5784
HEARTS THREE HEARTS NINE,0.4214,0.0388,0.5398
CLUBS THREE DIAMONDS EIGHT,0.4386,0.0624,0.499
SPADES JACK HEARTS JACK,0.2216,0.0498,0.7286
CLUBS JACK HEARTS NINE,0.3902,0.0162,0.5936
CLUBS EIGHT CLUBS SEVEN,0.2728,0.1222,0.605
DIAMONDS TWO CLUBS QUEEN,0.458,0.0122,0.5298
CLUBS EIGHT SPADES TWO,0.4614,0.0644,0.4742
CLUBS NINE SPADES TEN,0.3736,0.026,0.6004
SPADES FOUR HEARTS KING,0.4518,0.0082,0.54
CLUBS SIX SPADES FIVE,0.5748,0.19,0.2352
DIAMONDS TWO DIAMONDS JACK,0.4138,0.02,0.5662
SPADES ACE CLUBS TEN,0.4028,0.0022,0.595
CLUBS JACK SPADES JACK,0.2046,0.0436,0.7518
DIAMONDS ACE CLUBS TWO,0.4426,0.0052,0.5522
SPADES SIX HEARTS JACK,0.4212,0.0198,0.559
SPADES TEN DIAMONDS ACE,0.3882,0.0046,0.6072
SPADES NINE HEARTS KING,0.4038,0.0064,0.5898
CLUBS EIGHT CLUBS ACE,0.3776,0.0038,0.6186
HEARTS FOUR SPADES TWO,0.6038,0.0946,0.3016
SPADES NINE DIAMONDS SIX,0.4056,0.044,0.5504
HEARTS TWO CLUBS FOUR,0.5926,0.0984,0.309
DIAMONDS TWO HEARTS JACK,0.4716,0.0186,0.5098
CLUBS EIGHT DIAMONDS EIGHT,0.197,0.0774,0.7256
SPADES FOUR HEARTS QUEEN,0.4446,0.013,0.5424
HEARTS TWO DIAMONDS TEN,0.4472,0.0272,0.5256
CLUBS SEVEN SPADES THREE,0.3756,0.4304,0.194
HEARTS EIGHT DIAMONDS ACE,0.3776,0.0054,0.617
HEARTS SIX CLUBS EIGHT,0.3874,0.0656,0.547
SPADES TEN DIAMONDS SIX,0.4056,0.0242,0.5702
HEARTS FOUR SPADES FIVE,0.5562,0.1954,0.2484
HEARTS SIX DIAMONDS FOUR,0.5744,0.0932,0.3324
SPADES NINE SPADES TWO,0.437,0.0384,0.5246
SPADES SEVEN SPADES TWO,0.3642,0.3904,0.2454
SPADES NINE HEARTS THREE,0.448,0.0396,0.5124
SPADES KING DIAMONDS JACK,0.3924,0.006,0.6016
CLUBS NINE HEARTS TEN,0.375,0.0226,0.6024
HEARTS SIX HEARTS JACK,0.3958,0.0164,0.5878
HEARTS FOUR DIAMONDS ACE,0.421,0.0048,0.5742
HEARTS EIGHT CLUBS TWO,0.4702,0.0638,0.466
HEARTS SEVEN DIAMONDS TWO,0.385,0.4216,0.1934
SPADES SEVEN HEARTS TEN,0.2948,0.0738,0.6314
HEARTS SEVEN SPADES JACK,0.3182,0.0546,0.6272
CLUBS NINE DIAMONDS QUEEN,0.3876,0.0118,0.6006
SPADES TEN HEARTS JACK,0.3824,0.0124,0.6052
DIAMONDS THREE CLUBS TWO,0.5952,0.1002,0.3046
SPADES NINE SPADES EIGHT,0.3488,0.0378,0.6134
SPADES JACK CLUBS QUEEN,0.4004,0.009,0.5906
SPADES QUEEN SPADES THREE,0.4344,0.0132,0.5524
SPADES SIX CLUBS KING,0.4206,0.0074,0.572
HEARTS SIX CLUBS QUEEN,0.4318,0.0124,0.5558
HEARTS THREE CLUBS QUEEN,0.4532,0.0128,0.534
HEARTS SEVEN SPADES EIGHT,0.2828,0.1358,0.5814
DIAMONDS EIGHT HEARTS TEN,0.3792,0.0266,0.5942
CLUBS FIVE DIAMONDS SIX,0.5698,0.194,0.2362
SPADES SIX SPADES THREE,0.5486,0.0992,0.3522
SPADES FIVE HEARTS TEN,0.322,0.0732,0.6048
HEARTS FOUR CLUBS KING,0.4544,0.0078,0.5378
HEARTS FOUR CLUBS FOUR,0.3952,0.1094,0.4954
DIAMONDS KING DIAMONDS EIGHT,0.3658,0.0082,0.626
HEARTS EIGHT SPADES FOUR,0.4534,0.0612,0.4854
HEARTS SEVEN HEARTS NINE,0.2832,0.1072,0.6096
HEARTS EIGHT SPADES KING,0.3924,0.0072,0.6004
CLUBS SIX DIAMONDS TEN,0.3994,0.0236,0.577
CLUBS FIVE CLUBS KING,0.31,0.0318,0.6582
CLUBS JACK DIAMONDS JACK,0.1992,0.0416,0.7592
DIAMONDS ACE HEARTS TEN,0.3824,0.0038,0.6138
SPADES JACK CLUBS TWO,0.4654,0.0162,0.5184
CLUBS JACK HEARTS KING,0.3988,0.007,0.5942
CLUBS EIGHT DIAMONDS NINE,0.3606,0.0358,0.6036
CLUBS TEN DIAMONDS TEN,0.2102,0.0512,0.7386
DIAMONDS TWO CLUBS SIX,0.6006,0.0936,0.3058
SPADES SEVEN HEARTS ACE,0.31,0.026,0.664
CLUBS THREE CLUBS KING,0.4396,0.007,0.5534
CLUBS THREE HEARTS ACE,0.4366,0.0044,0.559
DIAMONDS KING HEARTS JACK,0.3902,0.006,0.6038
CLUBS EIGHT DIAMONDS JACK,0.3836,0.0156,0.6008
CLUBS JACK CLUBS TEN,0.3636,0.0112,0.6252
HEARTS TWO DIAMONDS NINE,0.4556,0.0384,0.506
DIAMONDS KING DIAMONDS NINE,0.3448,0.0118,0.6434
SPADES ACE SPADES QUEEN,0.3778,0.0046,0.6176
SPADES EIGHT SPADES TWO,0.4474,0.0574,0.4952
DIAMONDS TWO HEARTS NINE,0.4418,0.046,0.5122
SPADES KING HEARTS THREE,0.4632,0.0086,0.5282
DIAMONDS THREE SPADES QUEEN,0.4418,0.0124,0.5458
SPADES NINE DIAMONDS ACE,0.386,0.007,0.607
SPADES THREE DIAMONDS EIGHT,0.4414,0.0668,0.4918
DIAMONDS NINE HEARTS NINE,0.2006,0.0694,0.73
CLUBS FOUR CLUBS KING,0.4266,0.0076,0.5658
HEARTS SEVEN DIAMONDS FOUR,0.355,0.4336,0.2114
SPADES SEVEN HEARTS NINE,0.3102,0.098,0.5918
SPADES FIVE DIAMONDS QUEEN,0.294,0.0458,0.6602
CLUBS JACK DIAMONDS ACE,0.3946,0.0042,0.6012
SPADES NINE SPADES THREE,0.433,0.04,0.527
SPADES QUEEN CLUBS SEVEN,0.316,0.0488,0.6352
HEARTS EIGHT CLUBS ACE,0.384,0.0052,0.6108
CLUBS FOUR DIAMONDS FOUR,0.3982,0.1092,0.4926
SPADES EIGHT SPADES FOUR,0.424,0.052,0.524
HEARTS QUEEN CLUBS KING,0.3914,0.0072,0.6014
HEARTS KING DIAMONDS FOUR,0.4506,0.0124,0.537
DIAMONDS KING SPADES TWO,0.4564,0.0086,0.535
HEARTS EIGHT CLUBS FIVE,0.2932,0.1348,0.572
DIAMONDS JACK HEARTS JACK,0.2014,0.041,0.7576
CLUBS JACK DIAMONDS TEN,0.364,0.0132,0.6228
CLUBS JACK DIAMONDS FOUR,0.4458,0.022,0.5322
DIAMONDS TWO HEARTS SIX,0.5916,0.0932,0.3152
DIAMONDS KING CLUBS TWO,0.4582,0.0086,0.5332
DIAMONDS TWO DIAMONDS EIGHT,0.4184,0.061,0.5206
SPADES FOUR CLUBS KING,0.4628,0.0092,0.528
CLUBS SIX HEARTS JACK,0.424,0.0136,0.5624
DIAMONDS THREE HEARTS QUEEN,0.4564,0.011,0.5326
HEARTS EIGHT SPADES TWO,0.4624,0.0618,0.4758
CLUBS TWO DIAMONDS EIGHT,0.4652,0.0576,0.4772
SPADES TWO DIAMONDS EIGHT,0.4502,0.0624,0.4874
CLUBS FIVE DIAMONDS TEN,0.3124,0.0768,0.6108
HEARTS TWO DIAMONDS ACE,0.4448,0.0068,0.5484
HEARTS THREE DIAMONDS TEN,0.4398,0.0304,0.5298
CLUBS SIX SPADES SIX,0.2938,0.0914,0.6148
CLUBS NINE DIAMONDS SIX,0.4024,0.0394,0.5582
DIAMONDS KING HEARTS QUEEN,0.388,0.0056,0.6064
SPADES EIGHT SPADES SEVEN,0.268,0.1286,0.6034
CLUBS SIX SPADES EIGHT,0.3924,0.0614,0.5462
SPADES EIGHT HEARTS TEN,0.3792,0.0262,0.5946
CLUBS SIX HEARTS NINE,0.396,0.0394,0.5646
HEARTS EIGHT HEARTS SEVEN,0.2722,0.1252,0.6026
DIAMONDS KING DIAMONDS FOUR,0.4004,0.0092,0.5904
SPADES JACK DIAMONDS QUEEN,0.3874,0.0076,0.605
HEARTS EIGHT HEARTS JACK,0.3666,0.016,0.6174
DIAMONDS JACK DIAMONDS EIGHT,0.34,0.0184,0.6416
HEARTS THREE SPADES SEVEN,0.3854,0.414,0.2006
DIAMONDS JACK CLUBS QUEEN,0.396,0.0066,0.5974
SPADES FIVE CLUBS QUEEN,0.3176,0.0422,0.6402
SPADES ACE SPADES FOUR,0.4128,0.005,0.5822
CLUBS EIGHT HEARTS NINE,0.3602,0.0426,0.5972
SPADES QUEEN HEARTS QUEEN,0.2236,0.0292,0.7472
CLUBS JACK CLUBS EIGHT,0.3764,0.0196,0.604
DIAMONDS THREE DIAMONDS ACE,0.3954,0.0062,0.5984
CLUBS FIVE SPADES SEVEN,0.0698,0.9106,0.0196
SPADES ACE CLUBS NINE,0.3906,0.0044,0.605
HEARTS SEVEN DIAMONDS QUEEN,0.2988,0.0466,0.6546
CLUBS KING DIAMONDS FOUR,0.4494,0.0088,0.5418
SPADES JACK CLUBS FOUR,0.4568,0.0168,0.5264
SPADES TEN HEARTS KING,0.403,0.0072,0.5898
HEARTS SIX HEARTS NINE,0.3844,0.035,0.5806
CLUBS FIVE SPADES THREE,0.5718,0.2002,0.228
DIAMONDS ACE DIAMONDS JACK,0.3494,0.005,0.6456
HEARTS SEVEN CLUBS ACE,0.3136,0.0268,0.6596
SPADES QUEEN HEARTS JACK,0.4032,0.0086,0.5882
CLUBS FIVE DIAMONDS NINE,0.29,0.1014,0.6086
HEARTS FIVE CLUBS SEVEN,0.077,0.9014,0.0216
DIAMONDS NINE HEARTS JACK,0.3868,0.0132,0.6
HEARTS EIGHT HEARTS ACE,0.3714,0.005,0.6236
DIAMONDS TWO DIAMONDS SIX,0.5832,0.1018,0.315
HEARTS FOUR CLUBS TWO,0.611,0.0956,0.2934
HEARTS SIX CLUBS TWO,0.6056,0.1008,0.2936
SPADES QUEEN CLUBS EIGHT,0.3994,0.011,0.5896
SPADES NINE CLUBS FIVE,0.303,0.0944,0.6026
HEARTS KING DIAMONDS EIGHT,0.3994,0.0094,0.5912
SPADES NINE SPADES SEVEN,0.2876,0.0974,0.615
DIAMONDS ACE DIAMONDS EIGHT,0.351,0.005,0.644
SPADES TEN DIAMONDS NINE,0.359,0.0226,0.6184
CLUBS TEN SPADES FOUR,0.458,0.0272,0.5148
DIAMONDS TWO SPADES JACK,0.4532,0.0198,0.527
CLUBS THREE CLUBS QUEEN,0.4242,0.0132,0.5626
DIAMONDS KING HEARTS ACE,0.3994,0.0048,0.5958
HEARTS EIGHT SPADES QUEEN,0.4068,0.0124,0.5808
HEARTS THREE CLUBS FOUR,0.5922,0.0996,0.3082
SPADES QUEEN SPADES TEN,0.3736,0.0116,0.6148
DIAMONDS KING DIAMONDS TEN,0.3502,0.009,0.6408
HEARTS EIGHT SPADES TEN,0.376,0.0258,0.5982
SPADES NINE CLUBS QUEEN,0.4008,0.0102,0.589
HEARTS EIGHT HEARTS TEN,0.3612,0.0228,0.616
CLUBS EIGHT CLUBS QUEEN,0.3788,0.0082,0.613
DIAMONDS ACE DIAMONDS QUEEN,0.3544,0.0066,0.639
HEARTS SEVEN CLUBS FOUR,0.364,0.4314,0.2046
CLUBS TWO DIAMONDS NINE,0.4504,0.047,0.5026
DIAMONDS ACE DIAMONDS SIX,0.367,0.0046,0.6284
HEARTS QUEEN DIAMONDS NINE,0.3862,0.011,0.6028
HEARTS SEVEN DIAMONDS TEN,0.2804,0.083,0.6366
DIAMONDS NINE DIAMONDS SIX,0.3542,0.0448,0.601
CLUBS TEN HEARTS QUEEN,0.3868,0.0104,0.6028
CLUBS NINE SPADES EIGHT,0.3746,0.0376,0.5878
SPADES NINE DIAMONDS JACK,0.3794,0.0164,0.6042
CLUBS FOUR DIAMONDS EIGHT,0.4312,0.0628,0.506
CLUBS NINE DIAMONDS FOUR,0.4514,0.0392,0.5094
HEARTS THREE CLUBS ACE,0.451,0.0042,0.5448
DIAMONDS QUEEN CLUBS ACE,0.3822,0.0062,0.6116
HEARTS KING DIAMONDS TEN,0.3868,0.007,0.6062
HEARTS THREE DIAMONDS QUEEN,0.435,0.0134,0.5516
SPADES TEN SPADES NINE,0.3548,0.021,0.6242
DIAMONDS JACK SPADES TWO,0.46,0.0208,0.5192
SPADES NINE CLUBS THREE,0.4532,0.0446,0.5022
CLUBS JACK HEARTS TEN,0.387,0.0134,0.5996
HEARTS EIGHT DIAMONDS KING,0.3914,0.0068,0.6018
SPADES THREE HEARTS JACK,0.4586,0.0184,0.523
SPADES QUEEN SPADES FOUR,0.4384,0.011,0.5506
DIAMONDS TWO DIAMONDS KING,0.417,0.0124,0.5706
SPADES ACE CLUBS TWO,0.4464,0.0068,0.5468
SPADES SEVEN DIAMONDS NINE,0.2894,0.104,0.6066
CLUBS TWO DIAMONDS FOUR,0.5956,0.1012,0.3032
SPADES NINE DIAMONDS TEN,0.3582,0.0244,0.6174
HEARTS TWO SPADES SEVEN,0.3904,0.409,0.2006
