opposingHand,winningChance,drawChance,lostChance
DIAMONDS THREE SPADES THREE
HEARTS FIVE SPADES TEN,0.5448,0.0664,0.3888
HEARTS FIVE SPADES JACK,0.535,0.0458,0.4192
SPADES FIVE CLUBS JACK,0.5284,0.052,0.4196
CLUBS TEN SPADES FIVE,0.5336,0.0638,0.4026
CLUBS EIGHT CLUBS JACK,0.4818,0.0392,0.479
CLUBS TEN CLUBS EIGHT,0.4954,0.0492,0.4554
CLUBS EIGHT CLUBS KING,0.503,0.0146,0.4824
SPADES FIVE CLUBS ACE,0.5202,0.0072,0.4726
CLUBS EIGHT CLUBS QUEEN,0.497,0.0246,0.4784
SPADES FIVE CLUBS KING,0.5372,0.0176,0.4452
SPADES FIVE CLUBS QUEEN,0.5418,0.0338,0.4244
CLUBS EIGHT CLUBS ACE,0.4986,0.0032,0.4982
DIAMONDS TWO DIAMONDS FIVE,0.594,0.1466,0.2594
HEARTS FIVE SPADES KING,0.5384,0.0194,0.4422
DIAMONDS TWO DIAMONDS FOUR,0.5746,0.1682,0.2572
HEARTS FIVE SPADES QUEEN,0.5324,0.035,0.4326
DIAMONDS TWO DIAMONDS SEVEN,0.6006,0.121,0.2784
DIAMONDS TWO DIAMONDS SIX,0.595,0.143,0.262
SPADES ACE HEARTS FIVE,0.5266,0.0042,0.4692
DIAMONDS TWO DIAMONDS NINE,0.5938,0.088,0.3182
DIAMONDS TWO DIAMONDS EIGHT,0.595,0.1032,0.3018
CLUBS TWO SPADES FOUR,0.6008,0.1692,0.23
SPADES FIVE CLUBS TWO,0.61,0.1654,0.2246
CLUBS TWO SPADES TWO,0.5012,0.3342,0.1646
SPADES EIGHT CLUBS TWO,0.6122,0.1136,0.2742
SPADES NINE CLUBS TWO,0.6276,0.0896,0.2828
SPADES SIX CLUBS TWO,0.6202,0.1402,0.2396
SPADES SEVEN CLUBS TWO,0.6188,0.1242,0.257
CLUBS SIX CLUBS TWO,0.5858,0.14,0.2742
CLUBS SEVEN CLUBS TWO,0.5982,0.12,0.2818
CLUBS FOUR CLUBS TWO,0.593,0.1638,0.2432
CLUBS FIVE CLUBS TWO,0.5822,0.1472,0.2706
CLUBS TEN CLUBS JACK,0.4822,0.0236,0.4942
DIAMONDS FOUR DIAMONDS SIX,0.484,0.1304,0.3856
CLUBS TEN CLUBS QUEEN,0.4696,0.0192,0.5112
DIAMONDS FOUR DIAMONDS SEVEN,0.4872,0.1264,0.3864
CLUBS TEN CLUBS KING,0.4918,0.0118,0.4964
CLUBS TEN CLUBS ACE,0.4928,0.004,0.5032
CLUBS EIGHT CLUBS TWO,0.5876,0.1098,0.3026
DIAMONDS FOUR DIAMONDS FIVE,0.4852,0.1434,0.3714
CLUBS NINE CLUBS TWO,0.5934,0.0838,0.3228
DIAMONDS FOUR DIAMONDS NINE,0.5204,0.088,0.3916
DIAMONDS FOUR DIAMONDS EIGHT,0.4988,0.1032,0.398
CLUBS THREE CLUBS TWO,0.7248,0.1396,0.1356
DIAMONDS NINE DIAMONDS FIVE,0.5116,0.0752,0.4132
DIAMONDS TWO CLUBS JACK,0.6274,0.0562,0.3164
DIAMONDS FIVE DIAMONDS EIGHT,0.4946,0.0932,0.4122
CLUBS TEN DIAMONDS TWO,0.6334,0.078,0.2886
DIAMONDS FIVE DIAMONDS SEVEN,0.4776,0.1124,0.41
DIAMONDS SIX DIAMONDS FIVE,0.473,0.124,0.403
DIAMONDS TWO CLUBS ACE,0.6208,0.0074,0.3718
DIAMONDS TWO CLUBS KING,0.6422,0.0212,0.3366
DIAMONDS TWO CLUBS QUEEN,0.6524,0.0386,0.309
DIAMONDS SIX DIAMONDS EIGHT,0.4644,0.0944,0.4412
DIAMONDS NINE DIAMONDS SIX,0.4968,0.073,0.4302
DIAMONDS SIX DIAMONDS SEVEN,0.4694,0.0976,0.433
DIAMONDS EIGHT DIAMONDS SEVEN,0.4596,0.0888,0.4516
DIAMONDS NINE DIAMONDS SEVEN,0.4856,0.064,0.4504
DIAMONDS NINE DIAMONDS EIGHT,0.4726,0.063,0.4644
DIAMONDS KING HEARTS TEN,0.5048,0.0094,0.4858
HEARTS THREE HEARTS TEN,0.6296,0.0484,0.322
SPADES JACK CLUBS SIX,0.5462,0.0434,0.4104
DIAMONDS KING HEARTS JACK,0.5108,0.0104,0.4788
HEARTS THREE HEARTS JACK,0.6244,0.0346,0.341
SPADES TEN CLUBS SIX,0.5312,0.0576,0.4112
SPADES JACK SPADES FIVE,0.501,0.0444,0.4546
SPADES TEN SPADES FIVE,0.516,0.0644,0.4196
DIAMONDS KING HEARTS ACE,0.5352,0.005,0.4598
HEARTS THREE HEARTS ACE,0.5898,0.0194,0.3908
SPADES ACE CLUBS SIX,0.5314,0.0048,0.4638
DIAMONDS KING HEARTS QUEEN,0.5102,0.0088,0.481
HEARTS THREE HEARTS QUEEN,0.6252,0.0262,0.3486
SPADES KING CLUBS SIX,0.536,0.016,0.448
DIAMONDS KING HEARTS KING,0.1962,0.0366,0.7672
HEARTS THREE HEARTS KING,0.6302,0.025,0.3448
SPADES QUEEN CLUBS SIX,0.5342,0.0286,0.4372
SPADES NINE HEARTS TEN,0.498,0.0408,0.4612
SPADES NINE HEARTS JACK,0.504,0.031,0.465
SPADES QUEEN SPADES FIVE,0.5184,0.0274,0.4542
SPADES KING SPADES FIVE,0.5154,0.0198,0.4648
SPADES ACE SPADES FIVE,0.5,0.0044,0.4956
SPADES NINE HEARTS QUEEN,0.5164,0.0216,0.462
SPADES NINE HEARTS KING,0.5174,0.0102,0.4724
SPADES NINE HEARTS ACE,0.5238,0.0032,0.473
CLUBS TEN SPADES JACK,0.4932,0.0266,0.4802
CLUBS TEN SPADES TEN,0.18,0.1206,0.6994
SPADES ACE CLUBS TEN,0.519,0.007,0.474
SPADES KING CLUBS TEN,0.5078,0.0104,0.4818
CLUBS TEN SPADES QUEEN,0.5198,0.017,0.4632
SPADES FIVE HEARTS QUEEN,0.5348,0.035,0.4302
SPADES FIVE HEARTS KING,0.5312,0.018,0.4508
HEARTS ACE SPADES FIVE,0.5228,0.0062,0.471
CLUBS EIGHT SPADES TEN,0.5056,0.0488,0.4456
SPADES JACK HEARTS THREE,0.675,0.0432,0.2818
SPADES JACK DIAMONDS KING,0.5156,0.0096,0.4748
SPADES TEN DIAMONDS KING,0.5106,0.0084,0.481
SPADES TEN HEARTS THREE,0.6542,0.0504,0.2954
SPADES JACK CLUBS EIGHT,0.5086,0.0378,0.4536
CLUBS SIX HEARTS ACE,0.5392,0.0064,0.4544
SPADES ACE CLUBS EIGHT,0.5312,0.0052,0.4636
HEARTS FIVE CLUBS JACK,0.547,0.0482,0.4048
HEARTS FIVE CLUBS TEN,0.5318,0.0634,0.4048
CLUBS SIX HEARTS QUEEN,0.5372,0.0278,0.435
SPADES QUEEN CLUBS EIGHT,0.5154,0.0246,0.46
CLUBS SIX HEARTS KING,0.5386,0.0152,0.4462
SPADES KING CLUBS EIGHT,0.519,0.0122,0.4688
DIAMONDS TWO HEARTS JACK,0.641,0.0492,0.3098
DIAMONDS TWO HEARTS TEN,0.634,0.0772,0.2888
HEARTS FIVE CLUBS ACE,0.5328,0.0058,0.4614
SPADES FIVE HEARTS TEN,0.542,0.0618,0.3962
HEARTS FIVE CLUBS KING,0.5386,0.0178,0.4436
SPADES FIVE HEARTS JACK,0.5388,0.0468,0.4144
HEARTS FIVE CLUBS QUEEN,0.5336,0.0336,0.4328
HEARTS THREE CLUBS KING,0.665,0.0238,0.3112
DIAMONDS KING CLUBS KING,0.1886,0.0318,0.7796
HEARTS THREE CLUBS QUEEN,0.6708,0.0272,0.302
DIAMONDS KING CLUBS QUEEN,0.516,0.0078,0.4762
HEARTS FIVE HEARTS JACK,0.511,0.0418,0.4472
HEARTS FIVE HEARTS TEN,0.5268,0.0598,0.4134
HEARTS THREE CLUBS ACE,0.6448,0.0208,0.3344
DIAMONDS KING CLUBS ACE,0.5188,0.0042,0.477
SPADES ACE CLUBS QUEEN,0.5188,0.005,0.4762
SPADES KING CLUBS QUEEN,0.5168,0.0076,0.4756
HEARTS THREE CLUBS JACK,0.6756,0.0414,0.283
DIAMONDS KING CLUBS JACK,0.5094,0.0102,0.4804
SPADES QUEEN CLUBS QUEEN,0.1808,0.0624,0.7568
CLUBS TEN HEARTS THREE,0.6632,0.0518,0.285
CLUBS TEN DIAMONDS KING,0.4954,0.0114,0.4932
SPADES JACK CLUBS QUEEN,0.505,0.018,0.477
CLUBS SIX CLUBS QUEEN,0.5132,0.0278,0.459
SPADES TEN CLUBS QUEEN,0.5022,0.0184,0.4794
CLUBS SIX CLUBS KING,0.5126,0.0156,0.4718
CLUBS SIX CLUBS ACE,0.5084,0.0052,0.4864
HEARTS FIVE HEARTS KING,0.5194,0.0168,0.4638
HEARTS FIVE HEARTS QUEEN,0.518,0.0294,0.4526
CLUBS TEN CLUBS SIX,0.5006,0.0628,0.4366
HEARTS FIVE HEARTS ACE,0.4976,0.0076,0.4948
CLUBS SIX CLUBS JACK,0.5128,0.0456,0.4416
SPADES SEVEN HEARTS JACK,0.5252,0.0438,0.431
SPADES SEVEN HEARTS TEN,0.5108,0.0586,0.4306
DIAMONDS TWO CLUBS TWO,0.4962,0.333,0.1708
DIAMONDS TWO CLUBS THREE,0.794,0.1424,0.0636
DIAMONDS TWO HEARTS SIX,0.6242,0.1456,0.2302
DIAMONDS TWO HEARTS QUEEN,0.6386,0.0396,0.3218
HEARTS SEVEN DIAMONDS TWO,0.6324,0.1274,0.2402
DIAMONDS TWO HEARTS KING,0.6432,0.0204,0.3364
DIAMONDS TWO HEARTS EIGHT,0.6156,0.1138,0.2706
DIAMONDS TWO HEARTS ACE,0.6224,0.0056,0.372
DIAMONDS TWO HEARTS NINE,0.6466,0.0856,0.2678
DIAMONDS TWO DIAMONDS QUEEN,0.611,0.0386,0.3504
DIAMONDS TWO HEARTS TWO,0.4944,0.3346,0.171
DIAMONDS TWO DIAMONDS KING,0.5998,0.0232,0.377
DIAMONDS TWO HEARTS THREE,0.7816,0.141,0.0774
DIAMONDS TWO DIAMONDS ACE,0.591,0.006,0.403
HEARTS FOUR DIAMONDS TWO,0.6222,0.1698,0.208
HEARTS FIVE DIAMONDS TWO,0.6332,0.1478,0.219
SPADES SEVEN HEARTS ACE,0.5348,0.006,0.4592
DIAMONDS TWO DIAMONDS TEN,0.6026,0.0698,0.3276
SPADES SEVEN HEARTS KING,0.5408,0.017,0.4422
DIAMONDS TWO DIAMONDS JACK,0.6002,0.0516,0.3482
SPADES SEVEN HEARTS QUEEN,0.5414,0.0244,0.4342
DIAMONDS TWO SPADES NINE,0.6254,0.0944,0.2802
DIAMONDS TWO SPADES EIGHT,0.6252,0.11,0.2648
DIAMONDS TWO SPADES SEVEN,0.626,0.1368,0.2372
DIAMONDS TWO SPADES SIX,0.6238,0.1424,0.2338
DIAMONDS TWO SPADES FIVE,0.6276,0.1614,0.211
DIAMONDS TWO SPADES FOUR,0.6192,0.178,0.2028
DIAMONDS TWO SPADES TWO,0.4938,0.3452,0.161
CLUBS NINE DIAMONDS TWO,0.6394,0.0896,0.271
DIAMONDS TWO CLUBS EIGHT,0.6308,0.1084,0.2608
CLUBS SEVEN DIAMONDS TWO,0.6264,0.1298,0.2438
DIAMONDS TWO CLUBS SIX,0.6418,0.1324,0.2258
DIAMONDS TWO CLUBS FIVE,0.6226,0.1574,0.22
DIAMONDS TWO CLUBS FOUR,0.619,0.1646,0.2164
CLUBS FOUR SPADES FIVE,0.5012,0.143,0.3558
CLUBS FOUR SPADES FOUR,0.1748,0.315,0.5102
CLUBS FOUR SPADES TWO,0.6278,0.1706,0.2016
SPADES NINE CLUBS FOUR,0.5384,0.0826,0.379
SPADES EIGHT CLUBS FOUR,0.5296,0.098,0.3724
SPADES SEVEN CLUBS FOUR,0.5062,0.1242,0.3696
CLUBS FOUR SPADES SIX,0.516,0.1384,0.3456
SPADES ACE DIAMONDS SIX,0.5408,0.0038,0.4554
SPADES QUEEN DIAMONDS SIX,0.53,0.03,0.44
SPADES KING DIAMONDS SIX,0.5222,0.0146,0.4632
SPADES TEN DIAMONDS SIX,0.5174,0.0626,0.42
SPADES JACK DIAMONDS SIX,0.5218,0.0472,0.431
SPADES QUEEN SPADES TWO,0.5982,0.0338,0.368
SPADES KING SPADES TWO,0.6146,0.0198,0.3656
SPADES ACE SPADES TWO,0.5802,0.007,0.4128
DIAMONDS JACK CLUBS JACK,0.1736,0.0926,0.7338
CLUBS TEN DIAMONDS JACK,0.4876,0.0256,0.4868
DIAMONDS JACK CLUBS KING,0.5198,0.0078,0.4724
DIAMONDS JACK CLUBS QUEEN,0.4972,0.0152,0.4876
DIAMONDS JACK CLUBS ACE,0.5018,0.0062,0.492
SPADES TEN SPADES NINE,0.4664,0.0468,0.4868
SPADES JACK SPADES NINE,0.472,0.03,0.498
DIAMONDS FOUR HEARTS JACK,0.5372,0.0536,0.4092
HEARTS ACE HEARTS KING,0.5018,0.003,0.4952
SPADES TEN SPADES TWO,0.5984,0.076,0.3256
DIAMONDS FOUR HEARTS TEN,0.542,0.0684,0.3896
SPADES JACK SPADES TWO,0.6014,0.053,0.3456
DIAMONDS FOUR HEARTS QUEEN,0.544,0.033,0.423
DIAMONDS FOUR HEARTS KING,0.5412,0.0186,0.4402
SPADES ACE SPADES NINE,0.5102,0.0068,0.483
DIAMONDS FOUR HEARTS ACE,0.5324,0.004,0.4636
SPADES KING SPADES NINE,0.5042,0.011,0.4848
SPADES QUEEN SPADES NINE,0.493,0.0208,0.4862
CLUBS FIVE CLUBS SIX,0.4812,0.1232,0.3956
DIAMONDS FOUR CLUBS ACE,0.5228,0.007,0.4702
CLUBS SEVEN CLUBS FIVE,0.4742,0.1166,0.4092
DIAMONDS FOUR CLUBS QUEEN,0.547,0.0338,0.4192
DIAMONDS FOUR CLUBS KING,0.5372,0.0174,0.4454
CLUBS TEN DIAMONDS FOUR,0.537,0.067,0.396
DIAMONDS FOUR CLUBS JACK,0.5448,0.0532,0.402
SPADES SEVEN CLUBS ACE,0.5348,0.0066,0.4586
SPADES SEVEN CLUBS QUEEN,0.5346,0.0282,0.4372
SPADES SEVEN CLUBS KING,0.5222,0.0156,0.4622
CLUBS FIVE SPADES SEVEN,0.5016,0.1244,0.374
CLUBS TEN SPADES SEVEN,0.5176,0.0526,0.4298
CLUBS FIVE SPADES SIX,0.4988,0.1306,0.3706
SPADES SEVEN CLUBS JACK,0.517,0.0396,0.4434
CLUBS FIVE SPADES NINE,0.5212,0.0844,0.3944
CLUBS FIVE SPADES EIGHT,0.5062,0.0996,0.3942
CLUBS FIVE SPADES TWO,0.622,0.156,0.222
CLUBS FIVE SPADES FIVE,0.1716,0.278,0.5504
CLUBS FIVE SPADES FOUR,0.516,0.1434,0.3406
CLUBS NINE CLUBS FIVE,0.4986,0.0714,0.43
CLUBS EIGHT CLUBS FIVE,0.4804,0.0988,0.4208
CLUBS ACE CLUBS QUEEN,0.4958,0.0058,0.4984
CLUBS KING CLUBS QUEEN,0.4902,0.0062,0.5036
DIAMONDS FOUR DIAMONDS TEN,0.5128,0.067,0.4202
CLUBS TEN DIAMONDS NINE,0.4838,0.047,0.4692
DIAMONDS FOUR DIAMONDS JACK,0.5128,0.0454,0.4418
DIAMONDS NINE CLUBS JACK,0.5044,0.032,0.4636
SPADES NINE CLUBS JACK,0.4954,0.0326,0.472
CLUBS TEN SPADES NINE,0.4854,0.0424,0.4722
DIAMONDS FOUR DIAMONDS ACE,0.5108,0.0068,0.4824
HEARTS FOUR DIAMONDS FOUR,0.169,0.3036,0.5274
DIAMONDS JACK HEARTS TEN,0.4888,0.0274,0.4838
SPADES NINE CLUBS KING,0.5216,0.0102,0.4682
DIAMONDS TWO SPADES TEN,0.6234,0.0758,0.3008
DIAMONDS NINE CLUBS ACE,0.5196,0.005,0.4754
HEARTS FIVE DIAMONDS FOUR,0.4944,0.1488,0.3568
DIAMONDS JACK HEARTS JACK,0.1894,0.0928,0.7178
SPADES NINE CLUBS QUEEN,0.5056,0.0216,0.4728
DIAMONDS TWO SPADES JACK,0.62,0.0602,0.3198
DIAMONDS FOUR DIAMONDS QUEEN,0.5306,0.0308,0.4386
DIAMONDS FOUR HEARTS TWO,0.6208,0.1682,0.211
DIAMONDS NINE CLUBS QUEEN,0.5098,0.0244,0.4658
DIAMONDS FOUR DIAMONDS KING,0.513,0.019,0.468
DIAMONDS FOUR HEARTS THREE,0.6068,0.1376,0.2556
SPADES NINE CLUBS ACE,0.521,0.0056,0.4734
DIAMONDS NINE CLUBS KING,0.5232,0.0132,0.4636
HEARTS ACE DIAMONDS JACK,0.5142,0.005,0.4808
SPADES ACE DIAMONDS TWO,0.62,0.0078,0.3722
HEARTS QUEEN DIAMONDS JACK,0.501,0.0176,0.4814
SPADES QUEEN DIAMONDS TWO,0.6256,0.0446,0.3298
HEARTS KING DIAMONDS JACK,0.5184,0.0092,0.4724
SPADES KING DIAMONDS TWO,0.6438,0.0224,0.3338
SPADES JACK SPADES SEVEN,0.5094,0.0436,0.447
SPADES TEN SPADES SEVEN,0.4928,0.0526,0.4546
CLUBS SEVEN CLUBS THREE,0.607,0.0822,0.3108
CLUBS SIX CLUBS THREE,0.5986,0.0946,0.3068
CLUBS FIVE CLUBS THREE,0.5758,0.1196,0.3046
CLUBS THREE CLUBS FOUR,0.5874,0.1256,0.287
CLUBS NINE CLUBS THREE,0.6262,0.0634,0.3104
CLUBS EIGHT CLUBS THREE,0.6274,0.0666,0.306
CLUBS THREE SPADES FIVE,0.6226,0.1188,0.2586
CLUBS THREE SPADES FOUR,0.6198,0.1336,0.2466
CLUBS THREE SPADES TWO,0.7806,0.1456,0.0738
CLUBS THREE SPADES SIX,0.6302,0.1046,0.2652
CLUBS THREE SPADES SEVEN,0.6516,0.0844,0.264
SPADES EIGHT CLUBS THREE,0.652,0.0816,0.2664
SPADES NINE CLUBS THREE,0.664,0.0644,0.2716
DIAMONDS FOUR SPADES TWO,0.6146,0.1764,0.209
DIAMONDS FOUR SPADES FOUR,0.1624,0.3184,0.5192
DIAMONDS FOUR SPADES FIVE,0.507,0.1582,0.3348
DIAMONDS FOUR SPADES SIX,0.5128,0.134,0.3532
DIAMONDS FOUR SPADES SEVEN,0.5176,0.119,0.3634
DIAMONDS FOUR SPADES EIGHT,0.5226,0.1068,0.3706
DIAMONDS FOUR SPADES NINE,0.5296,0.0864,0.384
DIAMONDS FOUR CLUBS FIVE,0.5054,0.1564,0.3382
DIAMONDS FOUR CLUBS FOUR,0.1762,0.2982,0.5256
CLUBS SEVEN DIAMONDS FOUR,0.513,0.1222,0.3648
DIAMONDS FOUR CLUBS SIX,0.514,0.1396,0.3464
CLUBS NINE DIAMONDS FOUR,0.5352,0.089,0.3758
CLUBS EIGHT DIAMONDS FOUR,0.5234,0.106,0.3706
HEARTS SEVEN DIAMONDS FOUR,0.5222,0.1194,0.3584
HEARTS SIX DIAMONDS FOUR,0.5038,0.1394,0.3568
DIAMONDS FOUR HEARTS NINE,0.5396,0.0872,0.3732
DIAMONDS FOUR HEARTS EIGHT,0.5306,0.1024,0.367
DIAMONDS FOUR CLUBS THREE,0.608,0.1314,0.2606
DIAMONDS FOUR CLUBS TWO,0.602,0.1738,0.2242
DIAMONDS TEN DIAMONDS FIVE,0.5064,0.0608,0.4328
DIAMONDS JACK DIAMONDS FIVE,0.518,0.0508,0.4312
DIAMONDS NINE HEARTS QUEEN,0.511,0.019,0.47
DIAMONDS NINE HEARTS KING,0.52,0.0156,0.4644
HEARTS ACE DIAMONDS NINE,0.5246,0.0054,0.47
DIAMONDS NINE HEARTS TEN,0.483,0.0456,0.4714
DIAMONDS NINE HEARTS JACK,0.5076,0.0326,0.4598
DIAMONDS SIX CLUBS KING,0.5288,0.015,0.4562
DIAMONDS SIX CLUBS QUEEN,0.5214,0.0264,0.4522
CLUBS ACE DIAMONDS SIX,0.5522,0.0052,0.4426
SPADES KING DIAMONDS FOUR,0.5394,0.0166,0.444
SPADES ACE SPADES SEVEN,0.4908,0.004,0.5052
SPADES QUEEN DIAMONDS FOUR,0.5426,0.0388,0.4186
SPADES QUEEN SPADES SEVEN,0.5062,0.0266,0.4672
DIAMONDS SIX CLUBS JACK,0.5348,0.0448,0.4204
SPADES KING SPADES SEVEN,0.5114,0.0134,0.4752
SPADES ACE DIAMONDS FOUR,0.5212,0.0062,0.4726
CLUBS TEN DIAMONDS SIX,0.5294,0.0606,0.41
CLUBS NINE CLUBS FOUR,0.5226,0.077,0.4004
CLUBS EIGHT CLUBS FOUR,0.4948,0.1016,0.4036
SPADES JACK DIAMONDS FOUR,0.5284,0.0546,0.417
DIAMONDS FOUR SPADES TEN,0.5328,0.0696,0.3976
CLUBS FIVE CLUBS FOUR,0.4872,0.1464,0.3664
CLUBS SEVEN CLUBS FOUR,0.5008,0.1118,0.3874
CLUBS SIX CLUBS FOUR,0.494,0.1198,0.3862
CLUBS SEVEN SPADES EIGHT,0.4768,0.0864,0.4368
CLUBS SEVEN SPADES NINE,0.499,0.0694,0.4316
CLUBS SEVEN SPADES SIX,0.5102,0.1078,0.382
CLUBS SEVEN SPADES SEVEN,0.1734,0.2088,0.6178
CLUBS SEVEN SPADES FIVE,0.507,0.1214,0.3716
CLUBS SEVEN SPADES FOUR,0.5136,0.123,0.3634
CLUBS SEVEN SPADES TWO,0.6316,0.1212,0.2472
CLUBS NINE CLUBS SEVEN,0.4864,0.0692,0.4444
CLUBS SEVEN CLUBS EIGHT,0.462,0.087,0.451
HEARTS SIX DIAMONDS FIVE,0.5066,0.1322,0.3612
HEARTS SEVEN DIAMONDS FIVE,0.5052,0.116,0.3788
DIAMONDS FIVE HEARTS EIGHT,0.5194,0.0984,0.3822
DIAMONDS FIVE HEARTS NINE,0.5064,0.0872,0.4064
DIAMONDS QUEEN DIAMONDS FIVE,0.5138,0.0328,0.4534
HEARTS TWO DIAMONDS FIVE,0.6128,0.1604,0.2268
HEARTS KING HEARTS EIGHT,0.4976,0.0118,0.4906
DIAMONDS KING DIAMONDS FIVE,0.5018,0.02,0.4782
HEARTS THREE DIAMONDS FIVE,0.6228,0.1146,0.2626
HEARTS QUEEN HEARTS EIGHT,0.4934,0.0214,0.4852
DIAMONDS ACE DIAMONDS FIVE,0.5026,0.0058,0.4916
HEARTS FOUR DIAMONDS FIVE,0.5042,0.1532,0.3426
HEARTS FIVE DIAMONDS FIVE,0.1706,0.2804,0.549
HEARTS ACE HEARTS EIGHT,0.4912,0.0058,0.503
CLUBS FOUR DIAMONDS FIVE,0.506,0.1512,0.3428
CLUBS FIVE DIAMONDS FIVE,0.1798,0.272,0.5482
CLUBS SIX DIAMONDS FIVE,0.507,0.1354,0.3576
CLUBS SEVEN DIAMONDS FIVE,0.5154,0.107,0.3776
CLUBS TWO DIAMONDS FIVE,0.6184,0.1538,0.2278
CLUBS THREE DIAMONDS FIVE,0.611,0.1206,0.2684
SPADES TWO DIAMONDS FIVE,0.6202,0.158,0.2218
SPADES JACK DIAMONDS EIGHT,0.5026,0.0384,0.459
SPADES FIVE DIAMONDS FIVE,0.1656,0.2752,0.5592
CLUBS TEN HEARTS JACK,0.485,0.03,0.485
SPADES TEN DIAMONDS EIGHT,0.5012,0.0478,0.451
SPADES FOUR DIAMONDS FIVE,0.4966,0.1544,0.349
HEARTS JACK CLUBS JACK,0.1886,0.0918,0.7196
HEARTS JACK CLUBS QUEEN,0.5168,0.0166,0.4666
CLUBS NINE DIAMONDS FIVE,0.5314,0.0836,0.385
CLUBS KING HEARTS JACK,0.5126,0.0094,0.478
CLUBS EIGHT DIAMONDS FIVE,0.5064,0.1074,0.3862
CLUBS ACE HEARTS JACK,0.525,0.0044,0.4706
SPADES SEVEN DIAMONDS FIVE,0.4972,0.118,0.3848
SPADES KING DIAMONDS EIGHT,0.5362,0.0132,0.4506
SPADES QUEEN DIAMONDS EIGHT,0.5272,0.022,0.4508
SPADES SIX DIAMONDS FIVE,0.4944,0.1258,0.3798
SPADES NINE DIAMONDS FIVE,0.526,0.0806,0.3934
SPADES EIGHT DIAMONDS FIVE,0.514,0.0976,0.3884
SPADES ACE DIAMONDS EIGHT,0.5124,0.0056,0.482
DIAMONDS TEN DIAMONDS SIX,0.5084,0.0586,0.433
HEARTS ACE DIAMONDS SEVEN,0.538,0.0052,0.4568
DIAMONDS JACK DIAMONDS SIX,0.5188,0.0412,0.44
HEARTS QUEEN DIAMONDS SEVEN,0.5248,0.0336,0.4416
HEARTS KING DIAMONDS SEVEN,0.5262,0.0154,0.4584
DIAMONDS ACE DIAMONDS SIX,0.5124,0.008,0.4796
HEARTS FOUR DIAMONDS SIX,0.5174,0.1356,0.347
SPADES TWO HEARTS JACK,0.6326,0.0588,0.3086
HEARTS FIVE DIAMONDS SIX,0.501,0.1384,0.3606
SPADES TWO HEARTS TEN,0.6362,0.0738,0.29
DIAMONDS QUEEN DIAMONDS SIX,0.5182,0.0274,0.4544
HEARTS TWO DIAMONDS SIX,0.6178,0.1484,0.2338
DIAMONDS KING DIAMONDS SIX,0.5112,0.0176,0.4712
HEARTS THREE DIAMONDS SIX,0.6354,0.098,0.2666
DIAMONDS SIX HEARTS EIGHT,0.5046,0.0892,0.4062
DIAMONDS SIX HEARTS NINE,0.5188,0.0772,0.404
HEARTS SIX DIAMONDS SIX,0.177,0.2328,0.5902
HEARTS SEVEN DIAMONDS SIX,0.4978,0.1036,0.3986
HEARTS TEN DIAMONDS SEVEN,0.5054,0.0546,0.44
CLUBS TWO DIAMONDS SIX,0.6162,0.1462,0.2376
HEARTS JACK DIAMONDS SEVEN,0.534,0.0382,0.4278
CLUBS THREE DIAMONDS SIX,0.6358,0.0956,0.2686
CLUBS SEVEN DIAMONDS SIX,0.4792,0.1122,0.4086
DIAMONDS EIGHT CLUBS JACK,0.5208,0.0374,0.4418
CLUBS SIX DIAMONDS SIX,0.1672,0.2474,0.5854
CLUBS TEN DIAMONDS EIGHT,0.5024,0.0508,0.4468
CLUBS FIVE DIAMONDS SIX,0.511,0.1312,0.3578
CLUBS FOUR DIAMONDS SIX,0.5176,0.1266,0.3558
HEARTS ACE HEARTS JACK,0.4926,0.0054,0.502
CLUBS ACE DIAMONDS EIGHT,0.5156,0.0062,0.4782
HEARTS QUEEN HEARTS JACK,0.4762,0.0148,0.509
CLUBS KING DIAMONDS EIGHT,0.525,0.013,0.462
CLUBS NINE DIAMONDS SIX,0.5108,0.0754,0.4138
HEARTS KING HEARTS JACK,0.4846,0.0096,0.5058
CLUBS QUEEN DIAMONDS EIGHT,0.5314,0.022,0.4466
CLUBS EIGHT DIAMONDS SIX,0.4974,0.0908,0.4118
SPADES TEN HEARTS KING,0.5128,0.0086,0.4786
SPADES FIVE DIAMONDS SIX,0.481,0.1366,0.3824
HEARTS ACE SPADES TWO,0.6222,0.0054,0.3724
SPADES JACK HEARTS KING,0.5106,0.0088,0.4806
SPADES FOUR DIAMONDS SIX,0.501,0.1312,0.3678
HEARTS QUEEN SPADES TWO,0.647,0.0388,0.3142
SPADES ACE SPADES KING,0.505,0.0056,0.4894
SPADES TWO HEARTS KING,0.6314,0.022,0.3466
SPADES TWO DIAMONDS SIX,0.6256,0.1452,0.2292
HEARTS TEN HEARTS EIGHT,0.4686,0.0508,0.4806
SPADES NINE DIAMONDS SIX,0.505,0.0766,0.4184
HEARTS JACK HEARTS EIGHT,0.4858,0.033,0.4812
SPADES EIGHT DIAMONDS SIX,0.5034,0.0902,0.4064
SPADES SEVEN DIAMONDS SIX,0.4952,0.1096,0.3952
SPADES SIX DIAMONDS SIX,0.1718,0.2438,0.5844
SPADES KING HEARTS KING,0.1858,0.0336,0.7806
SPADES QUEEN HEARTS KING,0.5058,0.0072,0.487
CLUBS ACE CLUBS KING,0.4882,0.0052,0.5066
SPADES ACE HEARTS KING,0.5208,0.0048,0.4744
SPADES ACE HEARTS JACK,0.5124,0.0062,0.4814
SPADES QUEEN HEARTS JACK,0.5076,0.0176,0.4748
SPADES KING HEARTS JACK,0.5176,0.0118,0.4706
SPADES TEN DIAMONDS TEN,0.1796,0.114,0.7064
SPADES JACK DIAMONDS TEN,0.4914,0.0294,0.4792
SPADES ACE DIAMONDS TEN,0.5102,0.0064,0.4834
SPADES JACK HEARTS JACK,0.194,0.086,0.72
SPADES TEN HEARTS JACK,0.5068,0.0298,0.4634
SPADES QUEEN DIAMONDS TEN,0.4946,0.018,0.4874
SPADES KING DIAMONDS TEN,0.5074,0.011,0.4816
SPADES NINE DIAMONDS SEVEN,0.5032,0.0676,0.4292
SPADES EIGHT DIAMONDS SEVEN,0.4824,0.0866,0.431
SPADES SEVEN DIAMONDS SEVEN,0.1812,0.2146,0.6042
SPADES SIX DIAMONDS SEVEN,0.4972,0.1046,0.3982
DIAMONDS KING DIAMONDS SEVEN,0.5042,0.0148,0.481
HEARTS THREE DIAMONDS SEVEN,0.6358,0.091,0.2732
HEARTS KING DIAMONDS FIVE,0.5376,0.0176,0.4448
DIAMONDS QUEEN DIAMONDS SEVEN,0.5176,0.026,0.4564
HEARTS TWO DIAMONDS SEVEN,0.639,0.1186,0.2424
HEARTS QUEEN DIAMONDS FIVE,0.5404,0.0292,0.4304
HEARTS FIVE DIAMONDS SEVEN,0.5028,0.1176,0.3796
DIAMONDS ACE DIAMONDS SEVEN,0.4942,0.0082,0.4976
HEARTS FOUR DIAMONDS SEVEN,0.5284,0.1162,0.3554
HEARTS ACE DIAMONDS FIVE,0.5246,0.0048,0.4706
HEARTS SEVEN DIAMONDS SEVEN,0.178,0.2068,0.6152
HEARTS SIX DIAMONDS SEVEN,0.5008,0.11,0.3892
HEARTS NINE DIAMONDS SEVEN,0.5092,0.0638,0.427
HEARTS EIGHT DIAMONDS SEVEN,0.491,0.0848,0.4242
DIAMONDS JACK DIAMONDS SEVEN,0.5024,0.0396,0.458
HEARTS JACK DIAMONDS FIVE,0.5342,0.0454,0.4204
DIAMONDS TEN DIAMONDS SEVEN,0.4938,0.0512,0.455
HEARTS TEN DIAMONDS FIVE,0.5176,0.0718,0.4106
SPADES KING CLUBS TWO,0.6212,0.0194,0.3594
HEARTS KING CLUBS KING,0.1942,0.0318,0.774
CLUBS EIGHT DIAMONDS SEVEN,0.491,0.0826,0.4264
SPADES QUEEN CLUBS TWO,0.6326,0.0386,0.3288
HEARTS KING CLUBS QUEEN,0.5186,0.0064,0.475
CLUBS NINE DIAMONDS SEVEN,0.5036,0.0658,0.4306
SPADES TWO CLUBS JACK,0.6364,0.0596,0.304
SPADES ACE CLUBS TWO,0.6264,0.0054,0.3682
CLUBS TEN SPADES TWO,0.6342,0.0706,0.2952
HEARTS KING CLUBS ACE,0.5308,0.0042,0.465
CLUBS SEVEN CLUBS SIX,0.4662,0.1034,0.4304
SPADES TWO CLUBS KING,0.6288,0.0202,0.351
SPADES TWO DIAMONDS SEVEN,0.6232,0.1342,0.2426
CLUBS EIGHT CLUBS SIX,0.4786,0.0804,0.441
SPADES TWO CLUBS QUEEN,0.6528,0.0348,0.3124
CLUBS NINE CLUBS SIX,0.4862,0.0784,0.4354
SPADES FOUR DIAMONDS SEVEN,0.5248,0.1232,0.352
HEARTS KING CLUBS JACK,0.5286,0.0096,0.4618
SPADES FIVE DIAMONDS SEVEN,0.4962,0.1204,0.3834
SPADES TWO CLUBS ACE,0.6314,0.006,0.3626
CLUBS TEN HEARTS KING,0.52,0.0094,0.4706
CLUBS SIX SPADES TWO,0.6302,0.1438,0.226
CLUBS TWO DIAMONDS SEVEN,0.6242,0.1298,0.246
CLUBS SIX SPADES FOUR,0.51,0.1374,0.3526
CLUBS THREE DIAMONDS SEVEN,0.6362,0.0842,0.2796
CLUBS SIX SPADES FIVE,0.5036,0.123,0.3734
CLUBS FOUR DIAMONDS SEVEN,0.5076,0.1242,0.3682
CLUBS SIX SPADES SIX,0.1792,0.2534,0.5674
CLUBS FIVE DIAMONDS SEVEN,0.5216,0.1204,0.358
CLUBS SIX SPADES SEVEN,0.5022,0.1136,0.3842
CLUBS SIX DIAMONDS SEVEN,0.4956,0.1072,0.3972
CLUBS SIX SPADES EIGHT,0.5104,0.0898,0.3998
SPADES JACK CLUBS TWO,0.6262,0.0572,0.3166
CLUBS SEVEN DIAMONDS SEVEN,0.18,0.2106,0.6094
SPADES NINE CLUBS SIX,0.5158,0.0728,0.4114
SPADES TEN CLUBS TWO,0.6246,0.0788,0.2966
CLUBS TWO CLUBS QUEEN,0.606,0.0336,0.3604
CLUBS TWO CLUBS KING,0.599,0.0178,0.3832
CLUBS THREE DIAMONDS EIGHT,0.6652,0.0768,0.258
CLUBS TWO CLUBS ACE,0.6032,0.0046,0.3922
CLUBS TWO DIAMONDS EIGHT,0.619,0.1098,0.2712
HEARTS SEVEN DIAMONDS EIGHT,0.4938,0.0816,0.4246
HEARTS SIX DIAMONDS EIGHT,0.4918,0.0914,0.4168
DIAMONDS EIGHT HEARTS NINE,0.511,0.0626,0.4264
CLUBS TEN CLUBS TWO,0.5968,0.0688,0.3344
HEARTS EIGHT DIAMONDS EIGHT,0.1636,0.1838,0.6526
CLUBS TWO CLUBS JACK,0.6038,0.0542,0.342
CLUBS NINE DIAMONDS EIGHT,0.4772,0.0706,0.4522
CLUBS EIGHT DIAMONDS EIGHT,0.1804,0.1816,0.638
CLUBS FIVE DIAMONDS EIGHT,0.5104,0.104,0.3856
CLUBS FOUR DIAMONDS EIGHT,0.5152,0.1014,0.3834
CLUBS SEVEN DIAMONDS EIGHT,0.4856,0.0872,0.4272
CLUBS SIX DIAMONDS EIGHT,0.4918,0.0936,0.4146
DIAMONDS QUEEN DIAMONDS EIGHT,0.4816,0.0244,0.494
HEARTS TWO DIAMONDS EIGHT,0.6174,0.1132,0.2694
DIAMONDS KING DIAMONDS EIGHT,0.4932,0.0142,0.4926
HEARTS THREE DIAMONDS EIGHT,0.6678,0.0722,0.26
DIAMONDS ACE DIAMONDS EIGHT,0.5012,0.0058,0.493
HEARTS FOUR DIAMONDS EIGHT,0.539,0.0998,0.3612
HEARTS FIVE DIAMONDS EIGHT,0.5144,0.0952,0.3904
DIAMONDS TEN DIAMONDS EIGHT,0.4804,0.0496,0.47
DIAMONDS JACK DIAMONDS EIGHT,0.483,0.0318,0.4852
CLUBS FOUR HEARTS ACE,0.5364,0.0064,0.4572
CLUBS FOUR HEARTS QUEEN,0.5494,0.029,0.4216
CLUBS FOUR HEARTS KING,0.552,0.0166,0.4314
CLUBS SIX HEARTS TEN,0.5316,0.0594,0.409
CLUBS SIX HEARTS JACK,0.542,0.043,0.415
SPADES FOUR DIAMONDS EIGHT,0.5156,0.1104,0.374
SPADES FIVE DIAMONDS EIGHT,0.5024,0.0988,0.3988
SPADES TWO DIAMONDS EIGHT,0.6242,0.1164,0.2594
CLUBS FOUR HEARTS JACK,0.55,0.0524,0.3976
SPADES EIGHT DIAMONDS EIGHT,0.177,0.1822,0.6408
SPADES TEN DIAMONDS QUEEN,0.4872,0.0188,0.494
SPADES TEN HEARTS TWO,0.6274,0.0674,0.3052
SPADES JACK HEARTS EIGHT,0.5112,0.0432,0.4456
CLUBS FOUR HEARTS TEN,0.5422,0.0628,0.395
SPADES NINE DIAMONDS EIGHT,0.4922,0.0668,0.441
SPADES TEN HEARTS EIGHT,0.503,0.0476,0.4494
SPADES JACK HEARTS TWO,0.6352,0.0562,0.3086
SPADES JACK DIAMONDS QUEEN,0.5002,0.0158,0.484
SPADES SIX DIAMONDS EIGHT,0.5046,0.0944,0.401
SPADES SEVEN DIAMONDS EIGHT,0.4828,0.0874,0.4298
SPADES ACE HEARTS TWO,0.622,0.0082,0.3698
SPADES ACE DIAMONDS QUEEN,0.5142,0.0058,0.48
SPADES ACE HEARTS EIGHT,0.5246,0.0048,0.4706
SPADES KING HEARTS EIGHT,0.5222,0.0124,0.4654
SPADES QUEEN HEARTS TWO,0.6342,0.0422,0.3236
SPADES QUEEN DIAMONDS QUEEN,0.1788,0.0612,0.76
SPADES KING DIAMONDS QUEEN,0.5032,0.0094,0.4874
SPADES KING HEARTS TWO,0.6492,0.017,0.3338
SPADES QUEEN HEARTS EIGHT,0.523,0.0222,0.4548
CLUBS TWO HEARTS TEN,0.6194,0.0778,0.3028
CLUBS TWO HEARTS JACK,0.6348,0.0558,0.3094
SPADES SEVEN DIAMONDS NINE,0.503,0.072,0.425
SPADES SIX DIAMONDS NINE,0.503,0.0836,0.4134
SPADES NINE DIAMONDS NINE,0.1828,0.1572,0.66
SPADES EIGHT DIAMONDS NINE,0.4884,0.0622,0.4494
SPADES TEN CLUBS KING,0.502,0.0104,0.4876
SPADES JACK CLUBS KING,0.5178,0.011,0.4712
DIAMONDS NINE SPADES TWO,0.6202,0.0992,0.2806
SPADES FIVE DIAMONDS NINE,0.526,0.0808,0.3932
DIAMONDS NINE SPADES FOUR,0.5338,0.0868,0.3794
CLUBS NINE DIAMONDS NINE,0.186,0.1496,0.6644
CLUBS EIGHT DIAMONDS NINE,0.4918,0.0622,0.446
CLUBS SIX DIAMONDS NINE,0.5148,0.0758,0.4094
SPADES JACK CLUBS FOUR,0.5434,0.052,0.4046
CLUBS SEVEN DIAMONDS NINE,0.5088,0.068,0.4232
SPADES TEN CLUBS FOUR,0.5406,0.0672,0.3922
CLUBS FOUR DIAMONDS NINE,0.5454,0.0844,0.3702
CLUBS FIVE DIAMONDS NINE,0.5334,0.0778,0.3888
CLUBS TWO DIAMONDS NINE,0.6258,0.0878,0.2864
CLUBS THREE DIAMONDS NINE,0.6562,0.0682,0.2756
DIAMONDS NINE HEARTS EIGHT,0.476,0.0658,0.4582
DIAMONDS NINE HEARTS NINE,0.1796,0.157,0.6634
HEARTS SIX DIAMONDS NINE,0.512,0.073,0.415
HEARTS SEVEN DIAMONDS NINE,0.499,0.0684,0.4326
CLUBS NINE CLUBS EIGHT,0.4648,0.0612,0.474
DIAMONDS ACE DIAMONDS NINE,0.4976,0.0056,0.4968
HEARTS FOUR DIAMONDS NINE,0.5368,0.0876,0.3756
HEARTS FIVE DIAMONDS NINE,0.527,0.084,0.389
HEARTS ACE CLUBS TWO,0.6148,0.007,0.3782
SPADES ACE CLUBS FOUR,0.5306,0.007,0.4624
DIAMONDS NINE DIAMONDS QUEEN,0.501,0.0212,0.4778
HEARTS TWO DIAMONDS NINE,0.6152,0.0932,0.2916
CLUBS TWO HEARTS KING,0.6272,0.0208,0.352
SPADES KING CLUBS FOUR,0.5304,0.02,0.4496
DIAMONDS KING DIAMONDS NINE,0.4842,0.0092,0.5066
HEARTS THREE DIAMONDS NINE,0.6682,0.0634,0.2684
CLUBS TWO HEARTS QUEEN,0.638,0.0348,0.3272
SPADES QUEEN CLUBS FOUR,0.5374,0.0338,0.4288
DIAMONDS NINE DIAMONDS JACK,0.4708,0.037,0.4922
CLUBS EIGHT SPADES NINE,0.4792,0.0642,0.4566
DIAMONDS TEN DIAMONDS NINE,0.4736,0.0392,0.4872
CLUBS EIGHT SPADES EIGHT,0.183,0.184,0.633
CLUBS EIGHT SPADES SEVEN,0.492,0.0856,0.4224
CLUBS EIGHT SPADES SIX,0.487,0.096,0.417
CLUBS EIGHT SPADES FIVE,0.5174,0.0938,0.3888
CLUBS EIGHT SPADES FOUR,0.5148,0.1042,0.381
CLUBS EIGHT SPADES TWO,0.6268,0.1118,0.2614
HEARTS SIX DIAMONDS TEN,0.527,0.0528,0.4202
HEARTS SEVEN DIAMONDS TEN,0.505,0.0566,0.4384
DIAMONDS TEN HEARTS EIGHT,0.4834,0.0534,0.4632
CLUBS FOUR CLUBS JACK,0.5264,0.052,0.4216
DIAMONDS TEN HEARTS NINE,0.4906,0.0426,0.4668
CLUBS TEN CLUBS FOUR,0.5074,0.0688,0.4238
CLUBS FOUR CLUBS KING,0.506,0.0204,0.4736
CLUBS FOUR CLUBS QUEEN,0.5124,0.0314,0.4562
DIAMONDS TEN CLUBS TWO,0.6324,0.069,0.2986
CLUBS THREE DIAMONDS TEN,0.6594,0.0534,0.2872
CLUBS FOUR CLUBS ACE,0.4988,0.0058,0.4954
DIAMONDS TEN DIAMONDS JACK,0.4698,0.026,0.5042
DIAMONDS TEN DIAMONDS QUEEN,0.4746,0.0184,0.507
HEARTS TWO DIAMONDS TEN,0.615,0.081,0.304
DIAMONDS KING DIAMONDS TEN,0.4746,0.0082,0.5172
HEARTS THREE DIAMONDS TEN,0.6658,0.0456,0.2886
DIAMONDS ACE DIAMONDS TEN,0.4852,0.0062,0.5086
HEARTS FOUR DIAMONDS TEN,0.5324,0.0686,0.399
CLUBS EIGHT HEARTS JACK,0.5036,0.036,0.4604
HEARTS FIVE DIAMONDS TEN,0.559,0.0602,0.3808
CLUBS EIGHT HEARTS TEN,0.5068,0.049,0.4442
CLUBS EIGHT HEARTS QUEEN,0.5246,0.0256,0.4498
CLUBS EIGHT HEARTS KING,0.5236,0.0106,0.4658
CLUBS EIGHT HEARTS ACE,0.5284,0.0046,0.467
CLUBS NINE SPADES TWO,0.6194,0.089,0.2916
CLUBS NINE SPADES FIVE,0.517,0.081,0.402
CLUBS NINE SPADES FOUR,0.5356,0.085,0.3794
CLUBS NINE SPADES SEVEN,0.5026,0.0666,0.4308
CLUBS NINE SPADES SIX,0.5286,0.0736,0.3978
CLUBS NINE SPADES NINE,0.18,0.1556,0.6644
CLUBS TEN HEARTS EIGHT,0.5048,0.0516,0.4436
CLUBS NINE SPADES EIGHT,0.482,0.067,0.451
HEARTS EIGHT CLUBS JACK,0.5182,0.038,0.4438
CLUBS QUEEN HEARTS EIGHT,0.5194,0.0224,0.4582
CLUBS KING HEARTS EIGHT,0.5334,0.0148,0.4518
CLUBS ACE HEARTS EIGHT,0.525,0.0048,0.4702
SPADES KING CLUBS KING,0.1866,0.0328,0.7806
SPADES QUEEN CLUBS KING,0.501,0.0092,0.4898
SPADES ACE CLUBS KING,0.5248,0.0072,0.468
DIAMONDS ACE HEARTS TEN,0.5198,0.004,0.4762
HEARTS FOUR HEARTS TEN,0.521,0.069,0.41
DIAMONDS ACE HEARTS JACK,0.5258,0.0042,0.47
HEARTS FOUR HEARTS JACK,0.5154,0.0452,0.4394
SPADES KING CLUBS FIVE,0.5364,0.0154,0.4482
SPADES QUEEN CLUBS FIVE,0.5392,0.0308,0.43
SPADES ACE CLUBS FIVE,0.523,0.0056,0.4714
HEARTS SEVEN DIAMONDS JACK,0.5116,0.037,0.4514
HEARTS SIX DIAMONDS JACK,0.5224,0.047,0.4306
DIAMONDS JACK HEARTS NINE,0.492,0.0298,0.4782
DIAMONDS JACK HEARTS EIGHT,0.5138,0.0346,0.4516
DIAMONDS KING DIAMONDS JACK,0.49,0.0118,0.4982
HEARTS THREE DIAMONDS JACK,0.6702,0.0392,0.2906
SPADES ACE SPADES SIX,0.5084,0.006,0.4856
HEARTS ACE SPADES FOUR,0.536,0.0044,0.4596
DIAMONDS QUEEN DIAMONDS JACK,0.4834,0.0152,0.5014
HEARTS TWO DIAMONDS JACK,0.631,0.0542,0.3148
HEARTS FIVE DIAMONDS JACK,0.5396,0.0486,0.4118
SPADES QUEEN SPADES SIX,0.5176,0.0272,0.4552
SPADES FOUR HEARTS QUEEN,0.5438,0.034,0.4222
DIAMONDS ACE DIAMONDS JACK,0.5022,0.0052,0.4926
HEARTS FOUR DIAMONDS JACK,0.5276,0.0524,0.42
SPADES KING SPADES SIX,0.5076,0.0194,0.473
SPADES FOUR HEARTS KING,0.5528,0.0176,0.4296
SPADES TEN SPADES SIX,0.5078,0.0608,0.4314
SPADES JACK SPADES SIX,0.5036,0.0462,0.4502
SPADES FOUR DIAMONDS JACK,0.5314,0.0506,0.418
SPADES FIVE DIAMONDS JACK,0.536,0.053,0.411
SPADES TWO DIAMONDS JACK,0.6392,0.0574,0.3034
CLUBS EIGHT DIAMONDS JACK,0.5122,0.036,0.4518
CLUBS NINE DIAMONDS JACK,0.5008,0.0306,0.4686
CLUBS SIX DIAMONDS JACK,0.5362,0.0428,0.421
CLUBS SEVEN DIAMONDS JACK,0.5202,0.0422,0.4376
CLUBS FOUR DIAMONDS JACK,0.5482,0.0492,0.4026
CLUBS FIVE DIAMONDS JACK,0.533,0.0464,0.4206
CLUBS TWO DIAMONDS JACK,0.6296,0.0554,0.315
CLUBS THREE DIAMONDS JACK,0.6796,0.0424,0.278
SPADES TEN CLUBS FIVE,0.5378,0.0628,0.3994
SPADES JACK HEARTS SIX,0.5454,0.0456,0.409
HEARTS SIX SPADES TEN,0.5188,0.0662,0.415
SPADES JACK CLUBS FIVE,0.538,0.0464,0.4156
CLUBS SEVEN CLUBS ACE,0.5046,0.0062,0.4892
CLUBS SEVEN CLUBS QUEEN,0.5142,0.0194,0.4664
CLUBS SEVEN CLUBS KING,0.4984,0.0144,0.4872
SPADES NINE DIAMONDS JACK,0.4906,0.0358,0.4736
CLUBS TEN CLUBS SEVEN,0.4806,0.0588,0.4606
DIAMONDS ACE HEARTS ACE,0.1754,0.0052,0.8194
HEARTS FOUR HEARTS ACE,0.4956,0.0056,0.4988
SPADES EIGHT DIAMONDS JACK,0.5146,0.0422,0.4432
SPADES ACE HEARTS SIX,0.5226,0.0044,0.473
CLUBS SEVEN CLUBS JACK,0.4916,0.0446,0.4638
DIAMONDS ACE HEARTS KING,0.5254,0.0058,0.4688
HEARTS FOUR HEARTS KING,0.5132,0.018,0.4688
SPADES SEVEN DIAMONDS JACK,0.5212,0.0438,0.435
SPADES KING HEARTS SIX,0.5402,0.0168,0.443
DIAMONDS ACE HEARTS QUEEN,0.5164,0.0048,0.4788
HEARTS FOUR HEARTS QUEEN,0.506,0.0348,0.4592
SPADES QUEEN HEARTS SIX,0.5406,0.0298,0.4296
SPADES SIX DIAMONDS JACK,0.538,0.0468,0.4152
DIAMONDS TEN SPADES TWO,0.6324,0.0744,0.2932
DIAMONDS TEN SPADES FOUR,0.5412,0.0688,0.39
DIAMONDS TEN SPADES FIVE,0.5366,0.0632,0.4002
SPADES SIX DIAMONDS TEN,0.5124,0.063,0.4246
SPADES SEVEN DIAMONDS TEN,0.5006,0.0538,0.4456
SPADES EIGHT DIAMONDS TEN,0.477,0.0504,0.4726
SPADES NINE DIAMONDS TEN,0.4906,0.0462,0.4632
CLUBS FOUR DIAMONDS TEN,0.532,0.0748,0.3932
CLUBS FIVE DIAMONDS TEN,0.5292,0.0662,0.4046
CLUBS SIX DIAMONDS TEN,0.5366,0.0562,0.4072
CLUBS SEVEN DIAMONDS TEN,0.5128,0.0582,0.429
CLUBS EIGHT DIAMONDS TEN,0.4844,0.0512,0.4644
CLUBS NINE DIAMONDS TEN,0.4988,0.0472,0.454
SPADES FOUR HEARTS JACK,0.5474,0.0508,0.4018
SPADES FOUR HEARTS TEN,0.5364,0.0642,0.3994
SPADES FIVE SPADES TWO,0.5832,0.1504,0.2664
SPADES FOUR SPADES TWO,0.5986,0.1592,0.2422
SPADES NINE SPADES TWO,0.6056,0.0924,0.302
SPADES EIGHT SPADES TWO,0.5938,0.1086,0.2976
SPADES SEVEN SPADES TWO,0.594,0.1298,0.2762
SPADES SIX SPADES TWO,0.5888,0.1438,0.2674
CLUBS THREE DIAMONDS QUEEN,0.6626,0.0294,0.308
CLUBS THREE HEARTS TWO,0.7678,0.1498,0.0824
CLUBS TWO DIAMONDS QUEEN,0.6204,0.0378,0.3418
HEARTS TWO CLUBS TWO,0.4914,0.3298,0.1788
HEARTS SEVEN DIAMONDS QUEEN,0.5334,0.0252,0.4414
HEARTS SEVEN HEARTS TWO,0.6036,0.12,0.2764
HEARTS SIX DIAMONDS QUEEN,0.5456,0.0282,0.4262
HEARTS SIX HEARTS TWO,0.598,0.135,0.267
DIAMONDS QUEEN HEARTS NINE,0.5158,0.019,0.4652
HEARTS TWO HEARTS NINE,0.5856,0.088,0.3264
DIAMONDS QUEEN HEARTS EIGHT,0.5176,0.0244,0.458
HEARTS TWO HEARTS EIGHT,0.5926,0.1088,0.2986
CLUBS NINE HEARTS TWO,0.6286,0.0948,0.2766
CLUBS NINE DIAMONDS QUEEN,0.511,0.019,0.47
CLUBS EIGHT HEARTS TWO,0.6324,0.0988,0.2688
CLUBS EIGHT DIAMONDS QUEEN,0.5146,0.0264,0.459
CLUBS FIVE DIAMONDS QUEEN,0.5436,0.0324,0.424
CLUBS FIVE HEARTS TWO,0.6162,0.1502,0.2336
SPADES EIGHT HEARTS ACE,0.5364,0.0038,0.4598
CLUBS FOUR DIAMONDS QUEEN,0.542,0.0344,0.4236
CLUBS FOUR HEARTS TWO,0.6198,0.1654,0.2148
CLUBS SEVEN DIAMONDS QUEEN,0.537,0.0264,0.4366
CLUBS SEVEN HEARTS TWO,0.628,0.1234,0.2486
SPADES EIGHT HEARTS QUEEN,0.5218,0.0246,0.4536
CLUBS SIX DIAMONDS QUEEN,0.539,0.0282,0.4328
CLUBS SIX HEARTS TWO,0.6306,0.1352,0.2342
SPADES EIGHT HEARTS KING,0.5252,0.0164,0.4584
HEARTS TWO SPADES SIX,0.628,0.1402,0.2318
SPADES SIX DIAMONDS QUEEN,0.5364,0.0332,0.4304
HEARTS FOUR CLUBS QUEEN,0.5542,0.0306,0.4152
DIAMONDS ACE CLUBS QUEEN,0.5262,0.0058,0.468
SPADES SEVEN DIAMONDS QUEEN,0.5308,0.0288,0.4404
SPADES SEVEN HEARTS TWO,0.6228,0.124,0.2532
HEARTS FOUR CLUBS KING,0.5366,0.0196,0.4438
DIAMONDS ACE CLUBS KING,0.5256,0.005,0.4694
SPADES EIGHT DIAMONDS QUEEN,0.5298,0.0258,0.4444
SPADES EIGHT HEARTS TWO,0.6228,0.1044,0.2728
HEARTS FOUR CLUBS ACE,0.5174,0.006,0.4766
DIAMONDS ACE CLUBS ACE,0.1836,0.0048,0.8116
SPADES NINE DIAMONDS QUEEN,0.491,0.0234,0.4856
SPADES NINE HEARTS TWO,0.6194,0.0876,0.293
HEARTS TWO SPADES TWO,0.4888,0.336,0.1752
DIAMONDS QUEEN SPADES TWO,0.641,0.033,0.326
HEARTS TWO SPADES FOUR,0.625,0.163,0.212
SPADES FOUR DIAMONDS QUEEN,0.5336,0.037,0.4294
CLUBS TEN HEARTS FOUR,0.5476,0.0686,0.3838
CLUBS TEN DIAMONDS ACE,0.5106,0.0054,0.484
HEARTS TWO SPADES FIVE,0.6114,0.1652,0.2234
SPADES FIVE DIAMONDS QUEEN,0.548,0.0292,0.4228
HEARTS FOUR CLUBS JACK,0.5378,0.053,0.4092
DIAMONDS ACE CLUBS JACK,0.507,0.005,0.488
CLUBS FIVE CLUBS KING,0.5092,0.016,0.4748
CLUBS FIVE CLUBS QUEEN,0.507,0.0338,0.4592
CLUBS FIVE CLUBS ACE,0.4894,0.0052,0.5054
CLUBS FIVE CLUBS JACK,0.5166,0.048,0.4354
CLUBS TEN CLUBS FIVE,0.5134,0.0632,0.4234
SPADES KING CLUBS JACK,0.5044,0.0092,0.4864
SPADES QUEEN CLUBS JACK,0.5198,0.0186,0.4616
SPADES ACE CLUBS JACK,0.515,0.005,0.48
SPADES SIX CLUBS KING,0.5358,0.015,0.4492
SPADES SIX CLUBS QUEEN,0.5322,0.0282,0.4396
SPADES EIGHT HEARTS JACK,0.5234,0.038,0.4386
SPADES SIX CLUBS ACE,0.524,0.0044,0.4716
SPADES EIGHT HEARTS TEN,0.493,0.0504,0.4566
SPADES SIX CLUBS JACK,0.539,0.046,0.415
CLUBS TEN SPADES SIX,0.5168,0.0582,0.425
SPADES TEN CLUBS JACK,0.4872,0.0318,0.481
SPADES JACK CLUBS JACK,0.1794,0.0952,0.7254
SPADES QUEEN CLUBS SEVEN,0.5362,0.0262,0.4376
SPADES KING CLUBS SEVEN,0.5276,0.0162,0.4562
SPADES ACE CLUBS SEVEN,0.5254,0.0052,0.4694
SPADES SIX HEARTS TEN,0.5288,0.0566,0.4146
SPADES SIX HEARTS JACK,0.5414,0.043,0.4156
SPADES SIX HEARTS ACE,0.5406,0.006,0.4534
SPADES SIX HEARTS KING,0.52,0.019,0.461
SPADES SIX HEARTS QUEEN,0.5298,0.0298,0.4404
CLUBS SEVEN SPADES JACK,0.5326,0.0374,0.43
CLUBS SEVEN SPADES TEN,0.5042,0.0582,0.4376
CLUBS TEN HEARTS SIX,0.5224,0.0602,0.4174
HEARTS SIX CLUBS JACK,0.5428,0.0398,0.4174
CLUBS ACE CLUBS JACK,0.494,0.0038,0.5022
HEARTS SIX CLUBS QUEEN,0.5472,0.0288,0.424
HEARTS SIX CLUBS KING,0.5426,0.0156,0.4418
HEARTS SIX CLUBS ACE,0.5456,0.0058,0.4486
CLUBS QUEEN CLUBS JACK,0.4684,0.0144,0.5172
CLUBS KING CLUBS JACK,0.4882,0.007,0.5048
CLUBS FIVE HEARTS JACK,0.541,0.0454,0.4136
SPADES TEN DIAMONDS ACE,0.5184,0.0048,0.4768
HEARTS FOUR SPADES TEN,0.5376,0.067,0.3954
CLUBS FIVE HEARTS TEN,0.5466,0.059,0.3944
HEARTS FOUR SPADES JACK,0.5384,0.0526,0.409
SPADES JACK DIAMONDS ACE,0.5208,0.0048,0.4744
SPADES ACE HEARTS FOUR,0.5334,0.0084,0.4582
SPADES ACE DIAMONDS ACE,0.1788,0.0044,0.8168
CLUBS FIVE HEARTS ACE,0.5266,0.0056,0.4678
CLUBS FIVE HEARTS KING,0.5386,0.0194,0.442
HEARTS FOUR SPADES QUEEN,0.5354,0.0364,0.4282
SPADES QUEEN DIAMONDS ACE,0.5228,0.006,0.4712
SPADES FOUR CLUBS JACK,0.5388,0.0518,0.4094
CLUBS FIVE HEARTS QUEEN,0.5288,0.0354,0.4358
SPADES KING DIAMONDS ACE,0.5156,0.006,0.4784
SPADES KING HEARTS FOUR,0.552,0.016,0.432
CLUBS TEN SPADES FOUR,0.5296,0.0716,0.3988
DIAMONDS ACE DIAMONDS QUEEN,0.4954,0.0068,0.4978
DIAMONDS ACE HEARTS TWO,0.6264,0.009,0.3646
HEARTS FOUR DIAMONDS QUEEN,0.538,0.0326,0.4294
HEARTS FOUR HEARTS TWO,0.5816,0.1646,0.2538
SPADES FOUR CLUBS KING,0.5482,0.0178,0.434
HEARTS FIVE DIAMONDS QUEEN,0.5412,0.0296,0.4292
HEARTS FIVE HEARTS TWO,0.594,0.14,0.266
SPADES FOUR CLUBS QUEEN,0.5404,0.038,0.4216
HEARTS TWO DIAMONDS QUEEN,0.6304,0.0386,0.331
DIAMONDS KING DIAMONDS QUEEN,0.505,0.0078,0.4872
DIAMONDS KING HEARTS TWO,0.6226,0.0208,0.3566
HEARTS THREE DIAMONDS QUEEN,0.6794,0.0284,0.2922
HEARTS THREE HEARTS TWO,0.7172,0.14,0.1428
SPADES FOUR CLUBS ACE,0.5386,0.0056,0.4558
HEARTS TWO CLUBS ACE,0.6272,0.0068,0.366
DIAMONDS QUEEN CLUBS ACE,0.526,0.0052,0.4688
HEARTS TWO CLUBS QUEEN,0.638,0.0366,0.3254
DIAMONDS QUEEN CLUBS QUEEN,0.183,0.0696,0.7474
HEARTS TWO CLUBS KING,0.6328,0.0208,0.3464
DIAMONDS QUEEN CLUBS KING,0.5058,0.0104,0.4838
SPADES EIGHT SPADES FIVE,0.4824,0.0908,0.4268
CLUBS TEN HEARTS TWO,0.6232,0.0692,0.3076
CLUBS TEN DIAMONDS QUEEN,0.495,0.0212,0.4838
SPADES NINE SPADES FIVE,0.496,0.0788,0.4252
HEARTS TWO CLUBS JACK,0.6356,0.0532,0.3112
DIAMONDS QUEEN CLUBS JACK,0.5178,0.014,0.4682
SPADES SIX SPADES FIVE,0.482,0.1234,0.3946
SPADES SEVEN SPADES FIVE,0.4804,0.1076,0.412
DIAMONDS FIVE CLUBS QUEEN,0.5406,0.0366,0.4228
SPADES EIGHT CLUBS ACE,0.5246,0.0052,0.4702
CLUBS KING DIAMONDS FIVE,0.5346,0.0196,0.4458
SPADES EIGHT CLUBS KING,0.5242,0.0144,0.4614
CLUBS ACE DIAMONDS FIVE,0.5322,0.0066,0.4612
SPADES EIGHT CLUBS QUEEN,0.5052,0.023,0.4718
SPADES EIGHT CLUBS JACK,0.51,0.0348,0.4552
CLUBS TEN SPADES EIGHT,0.5106,0.0464,0.443
CLUBS TEN DIAMONDS FIVE,0.5392,0.0594,0.4014
DIAMONDS FIVE CLUBS JACK,0.5308,0.0522,0.417
DIAMONDS TEN HEARTS JACK,0.4938,0.0274,0.4788
DIAMONDS TEN HEARTS TEN,0.19,0.1248,0.6852
SPADES ACE CLUBS NINE,0.521,0.0062,0.4728
CLUBS NINE SPADES QUEEN,0.5062,0.0242,0.4696
CLUBS NINE SPADES KING,0.5238,0.014,0.4622
HEARTS SIX HEARTS KING,0.5046,0.0172,0.4782
DIAMONDS KING SPADES SEVEN,0.5278,0.0142,0.458
HEARTS THREE SPADES SEVEN,0.635,0.0912,0.2738
SPADES KING DIAMONDS SEVEN,0.5294,0.014,0.4566
HEARTS SIX HEARTS QUEEN,0.5144,0.031,0.4546
SPADES QUEEN DIAMONDS SEVEN,0.5468,0.028,0.4252
HEARTS THREE SPADES SIX,0.6356,0.104,0.2604
DIAMONDS KING SPADES SIX,0.5342,0.0176,0.4482
SPADES NINE DIAMONDS KING,0.5176,0.011,0.4714
SPADES NINE HEARTS THREE,0.6664,0.0638,0.2698
HEARTS SIX HEARTS ACE,0.4944,0.0058,0.4998
DIAMONDS KING SPADES EIGHT,0.5224,0.015,0.4626
SPADES EIGHT HEARTS THREE,0.6538,0.0754,0.2708
SPADES ACE DIAMONDS SEVEN,0.514,0.0062,0.4798
CLUBS NINE HEARTS THREE,0.663,0.067,0.27
CLUBS NINE DIAMONDS KING,0.5252,0.0102,0.4646
CLUBS EIGHT HEARTS THREE,0.6562,0.069,0.2748
CLUBS EIGHT DIAMONDS KING,0.5342,0.0148,0.451
HEARTS THREE SPADES TWO,0.791,0.1414,0.0676
DIAMONDS KING SPADES TWO,0.629,0.0218,0.3492
HEARTS THREE SPADES FIVE,0.6048,0.1218,0.2734
DIAMONDS KING SPADES FIVE,0.5388,0.018,0.4432
HEARTS THREE SPADES FOUR,0.603,0.139,0.258
DIAMONDS KING SPADES FOUR,0.5386,0.022,0.4394
DIAMONDS KING CLUBS TWO,0.63,0.0188,0.3512
HEARTS THREE CLUBS TWO,0.7842,0.1408,0.075
DIAMONDS KING CLUBS THREE,0.665,0.0248,0.3102
CLUBS THREE HEARTS THREE,0.0256,0.9554,0.019
DIAMONDS KING CLUBS FOUR,0.5416,0.02,0.4384
HEARTS THREE CLUBS FOUR,0.6338,0.123,0.2432
CLUBS FIVE DIAMONDS KING,0.5352,0.0178,0.447
CLUBS FIVE HEARTS THREE,0.6126,0.1218,0.2656
CLUBS SIX DIAMONDS KING,0.5456,0.0198,0.4346
CLUBS SIX HEARTS THREE,0.642,0.0996,0.2584
