opposingHand,winningChance,drawChance,lostChance
DIAMONDS FIVE SPADES FOUR
HEARTS FIVE SPADES TEN,0.2886,0.0782,0.6332
HEARTS FIVE SPADES JACK,0.2936,0.0704,0.636
SPADES FIVE CLUBS JACK,0.2842,0.0606,0.6552
CLUBS TEN SPADES FIVE,0.2898,0.0784,0.6318
CLUBS EIGHT CLUBS JACK,0.36,0.0162,0.6238
CLUBS TEN CLUBS EIGHT,0.346,0.0214,0.6326
CLUBS EIGHT CLUBS KING,0.366,0.0074,0.6266
SPADES FIVE CLUBS ACE,0.2618,0.0264,0.7118
CLUBS EIGHT CLUBS QUEEN,0.3524,0.0118,0.6358
SPADES FIVE CLUBS KING,0.2796,0.041,0.6794
SPADES FIVE CLUBS QUEEN,0.2804,0.047,0.6726
CLUBS EIGHT CLUBS ACE,0.3658,0.0056,0.6286
DIAMONDS TWO DIAMONDS THREE,0.4598,0.2186,0.3216
HEARTS FIVE SPADES KING,0.2728,0.0408,0.6864
DIAMONDS TWO DIAMONDS FOUR,0.3956,0.3662,0.2382
HEARTS FIVE SPADES QUEEN,0.2776,0.0548,0.6676
DIAMONDS TWO DIAMONDS SEVEN,0.408,0.0988,0.4932
DIAMONDS TWO DIAMONDS SIX,0.3914,0.1626,0.446
SPADES ACE HEARTS FIVE,0.257,0.0276,0.7154
DIAMONDS TWO DIAMONDS NINE,0.4104,0.044,0.5456
DIAMONDS TWO DIAMONDS EIGHT,0.406,0.071,0.523
DIAMONDS THREE DIAMONDS FOUR,0.4038,0.3532,0.243
SPADES FIVE CLUBS TWO,0.283,0.5102,0.2068
CLUBS TWO SPADES TWO,0.355,0.153,0.492
CLUBS TWO SPADES THREE,0.4678,0.239,0.2932
DIAMONDS THREE DIAMONDS EIGHT,0.4012,0.0674,0.5314
SPADES EIGHT CLUBS TWO,0.4252,0.068,0.5068
DIAMONDS THREE DIAMONDS NINE,0.4052,0.0458,0.549
SPADES NINE CLUBS TWO,0.4166,0.0474,0.536
DIAMONDS THREE DIAMONDS SIX,0.3776,0.1468,0.4756
SPADES SIX CLUBS TWO,0.4232,0.1572,0.4196
DIAMONDS THREE DIAMONDS SEVEN,0.3882,0.0988,0.513
SPADES SEVEN CLUBS TWO,0.4238,0.1128,0.4634
CLUBS SIX CLUBS TWO,0.386,0.1552,0.4588
CLUBS SEVEN CLUBS TWO,0.4068,0.1034,0.4898
CLUBS FOUR CLUBS TWO,0.3882,0.3416,0.2702
CLUBS FIVE CLUBS TWO,0.264,0.4694,0.2666
CLUBS TEN CLUBS JACK,0.342,0.0142,0.6438
DIAMONDS SIX DIAMONDS FOUR,0.24,0.269,0.491
CLUBS TEN CLUBS QUEEN,0.343,0.0112,0.6458
DIAMONDS FOUR DIAMONDS SEVEN,0.2442,0.1998,0.556
CLUBS TEN CLUBS KING,0.3538,0.0058,0.6404
CLUBS TEN CLUBS ACE,0.3626,0.0042,0.6332
CLUBS EIGHT CLUBS TWO,0.4022,0.0692,0.5286
CLUBS NINE CLUBS TWO,0.3964,0.0366,0.567
DIAMONDS NINE DIAMONDS FOUR,0.28,0.1104,0.6096
DIAMONDS FOUR DIAMONDS EIGHT,0.272,0.1494,0.5786
CLUBS THREE CLUBS TWO,0.439,0.2224,0.3386
DIAMONDS TWO CLUBS JACK,0.4436,0.0204,0.536
CLUBS TEN DIAMONDS TWO,0.4376,0.0282,0.5342
DIAMONDS TWO CLUBS ACE,0.4134,0.005,0.5816
DIAMONDS TWO CLUBS KING,0.4492,0.0096,0.5412
DIAMONDS TWO CLUBS QUEEN,0.4348,0.0124,0.5528
DIAMONDS SIX DIAMONDS EIGHT,0.3464,0.0608,0.5928
DIAMONDS NINE DIAMONDS SIX,0.3426,0.0446,0.6128
HEARTS ACE SPADES THREE,0.4294,0.0048,0.5658
SPADES THREE HEARTS KING,0.4246,0.01,0.5654
DIAMONDS SIX DIAMONDS SEVEN,0.3206,0.097,0.5824
SPADES THREE HEARTS QUEEN,0.4316,0.013,0.5554
SPADES THREE HEARTS JACK,0.437,0.0214,0.5416
SPADES THREE HEARTS TEN,0.4302,0.0288,0.541
DIAMONDS EIGHT DIAMONDS SEVEN,0.3464,0.0548,0.5988
DIAMONDS NINE DIAMONDS SEVEN,0.343,0.0418,0.6152
DIAMONDS NINE DIAMONDS EIGHT,0.3326,0.046,0.6214
DIAMONDS KING HEARTS TEN,0.3694,0.0092,0.6214
HEARTS THREE HEARTS TEN,0.4002,0.0314,0.5684
SPADES JACK CLUBS SIX,0.3652,0.0184,0.6164
DIAMONDS KING HEARTS JACK,0.3798,0.0076,0.6126
HEARTS THREE HEARTS JACK,0.3858,0.0218,0.5924
SPADES TEN CLUBS SIX,0.3766,0.0324,0.591
SPADES JACK SPADES FIVE,0.2746,0.0646,0.6608
SPADES TEN SPADES FIVE,0.278,0.081,0.641
DIAMONDS KING HEARTS ACE,0.3554,0.0054,0.6392
HEARTS THREE HEARTS ACE,0.3876,0.0038,0.6086
SPADES ACE CLUBS SIX,0.3616,0.0056,0.6328
DIAMONDS KING HEARTS QUEEN,0.3764,0.0078,0.6158
HEARTS THREE HEARTS QUEEN,0.3892,0.0136,0.5972
SPADES KING CLUBS SIX,0.377,0.0094,0.6136
DIAMONDS KING HEARTS KING,0.1842,0.0224,0.7934
HEARTS THREE HEARTS KING,0.3804,0.0094,0.6102
SPADES QUEEN CLUBS SIX,0.3738,0.0118,0.6144
SPADES NINE HEARTS TEN,0.3394,0.0242,0.6364
SPADES NINE HEARTS JACK,0.374,0.019,0.607
SPADES QUEEN SPADES FIVE,0.2732,0.0464,0.6804
SPADES KING SPADES FIVE,0.2866,0.0362,0.6772
SPADES ACE SPADES FIVE,0.259,0.029,0.712
SPADES NINE HEARTS QUEEN,0.3612,0.0122,0.6266
SPADES NINE HEARTS KING,0.3654,0.0088,0.6258
SPADES NINE HEARTS ACE,0.3624,0.0068,0.6308
CLUBS TEN SPADES JACK,0.3598,0.0154,0.6248
CLUBS TEN SPADES TEN,0.1846,0.0652,0.7502
SPADES ACE CLUBS TEN,0.3566,0.0046,0.6388
SPADES KING CLUBS TEN,0.374,0.0062,0.6198
CLUBS TEN SPADES QUEEN,0.3598,0.0124,0.6278
SPADES FIVE HEARTS QUEEN,0.2796,0.0548,0.6656
SPADES FIVE HEARTS KING,0.2834,0.039,0.6776
HEARTS ACE SPADES FIVE,0.2738,0.0276,0.6986
CLUBS EIGHT SPADES TEN,0.3654,0.0274,0.6072
SPADES JACK HEARTS THREE,0.4192,0.019,0.5618
SPADES JACK DIAMONDS KING,0.3604,0.0088,0.6308
SPADES TEN DIAMONDS KING,0.3652,0.0094,0.6254
SPADES TEN HEARTS THREE,0.4102,0.0334,0.5564
SPADES JACK CLUBS EIGHT,0.3636,0.0206,0.6158
CLUBS SIX HEARTS ACE,0.3744,0.0038,0.6218
SPADES ACE CLUBS EIGHT,0.3656,0.0036,0.6308
HEARTS FIVE CLUBS JACK,0.2918,0.0646,0.6436
HEARTS FIVE CLUBS TEN,0.2926,0.0874,0.62
CLUBS SIX HEARTS QUEEN,0.3764,0.011,0.6126
SPADES QUEEN CLUBS EIGHT,0.372,0.0116,0.6164
CLUBS TEN SPADES THREE,0.4416,0.0302,0.5282
CLUBS SIX HEARTS KING,0.38,0.007,0.613
SPADES KING CLUBS EIGHT,0.373,0.0094,0.6176
SPADES THREE CLUBS JACK,0.434,0.0204,0.5456
DIAMONDS TWO HEARTS JACK,0.4362,0.0192,0.5446
SPADES THREE CLUBS QUEEN,0.4256,0.0136,0.5608
DIAMONDS TWO HEARTS TEN,0.43,0.0284,0.5416
SPADES THREE CLUBS KING,0.421,0.0098,0.5692
HEARTS FIVE CLUBS ACE,0.2604,0.0286,0.711
SPADES FIVE HEARTS TEN,0.2914,0.078,0.6306
SPADES THREE CLUBS ACE,0.4218,0.006,0.5722
HEARTS FIVE CLUBS KING,0.277,0.0408,0.6822
SPADES FIVE HEARTS JACK,0.2704,0.0672,0.6624
HEARTS FIVE CLUBS QUEEN,0.2774,0.0474,0.6752
HEARTS THREE CLUBS KING,0.4244,0.0086,0.567
DIAMONDS KING CLUBS KING,0.1916,0.0234,0.785
HEARTS THREE CLUBS QUEEN,0.4208,0.015,0.5642
DIAMONDS KING CLUBS QUEEN,0.3706,0.01,0.6194
HEARTS FIVE HEARTS JACK,0.2666,0.0626,0.6708
HEARTS FIVE HEARTS TEN,0.2722,0.0746,0.6532
HEARTS THREE CLUBS ACE,0.4128,0.0044,0.5828
DIAMONDS KING CLUBS ACE,0.3746,0.0044,0.621
SPADES ACE CLUBS QUEEN,0.3674,0.0042,0.6284
SPADES KING CLUBS QUEEN,0.376,0.0066,0.6174
HEARTS THREE CLUBS JACK,0.4286,0.0218,0.5496
DIAMONDS KING CLUBS JACK,0.3806,0.01,0.6094
SPADES QUEEN CLUBS QUEEN,0.1912,0.034,0.7748
CLUBS TEN HEARTS THREE,0.4158,0.0348,0.5494
CLUBS TEN DIAMONDS KING,0.3716,0.007,0.6214
SPADES JACK CLUBS QUEEN,0.3652,0.0088,0.626
CLUBS SIX CLUBS QUEEN,0.3598,0.011,0.6292
SPADES TEN CLUBS QUEEN,0.3628,0.0092,0.628
CLUBS SIX CLUBS KING,0.3598,0.0072,0.633
CLUBS SIX CLUBS ACE,0.3478,0.0068,0.6454
HEARTS FIVE HEARTS KING,0.2636,0.0386,0.6978
HEARTS FIVE HEARTS QUEEN,0.2792,0.045,0.6758
CLUBS TEN CLUBS SIX,0.346,0.0304,0.6236
HEARTS FIVE HEARTS ACE,0.2634,0.0284,0.7082
CLUBS SIX CLUBS JACK,0.3536,0.022,0.6244
SPADES SEVEN HEARTS JACK,0.3734,0.0176,0.609
SPADES SEVEN HEARTS TEN,0.3688,0.0256,0.6056
DIAMONDS TWO CLUBS TWO,0.3534,0.1484,0.4982
DIAMONDS TWO CLUBS THREE,0.481,0.2336,0.2854
DIAMONDS TWO HEARTS SIX,0.4094,0.1576,0.433
DIAMONDS TWO HEARTS QUEEN,0.4308,0.0126,0.5566
HEARTS SEVEN DIAMONDS TWO,0.4354,0.1042,0.4604
DIAMONDS TWO HEARTS KING,0.4358,0.0114,0.5528
DIAMONDS TWO HEARTS EIGHT,0.4496,0.0686,0.4818
DIAMONDS TWO HEARTS ACE,0.426,0.008,0.566
DIAMONDS TWO HEARTS NINE,0.4236,0.0398,0.5366
DIAMONDS TWO DIAMONDS QUEEN,0.4114,0.0136,0.575
DIAMONDS TWO HEARTS TWO,0.3622,0.1546,0.4832
DIAMONDS TWO DIAMONDS KING,0.407,0.0074,0.5856
DIAMONDS TWO HEARTS THREE,0.4728,0.2396,0.2876
DIAMONDS TWO DIAMONDS ACE,0.3832,0.0062,0.6106
HEARTS FOUR DIAMONDS TWO,0.4286,0.3654,0.206
HEARTS FIVE DIAMONDS TWO,0.303,0.498,0.199
SPADES SEVEN HEARTS ACE,0.3602,0.0044,0.6354
DIAMONDS TWO DIAMONDS TEN,0.4156,0.0302,0.5542
SPADES SEVEN HEARTS KING,0.3806,0.007,0.6124
DIAMONDS TWO DIAMONDS JACK,0.4046,0.0242,0.5712
SPADES SEVEN HEARTS QUEEN,0.387,0.012,0.601
DIAMONDS TWO SPADES NINE,0.4296,0.0452,0.5252
DIAMONDS TWO SPADES EIGHT,0.4268,0.068,0.5052
DIAMONDS TWO SPADES SEVEN,0.43,0.109,0.461
DIAMONDS TWO SPADES SIX,0.4272,0.163,0.4098
DIAMONDS TWO SPADES FIVE,0.2836,0.5064,0.21
DIAMONDS TWO SPADES THREE,0.4656,0.2414,0.293
DIAMONDS TWO SPADES TWO,0.3544,0.1544,0.4912
CLUBS NINE DIAMONDS TWO,0.4356,0.048,0.5164
DIAMONDS TWO CLUBS EIGHT,0.4236,0.0688,0.5076
CLUBS SEVEN DIAMONDS TWO,0.4008,0.1124,0.4868
DIAMONDS TWO CLUBS SIX,0.4164,0.1704,0.4132
DIAMONDS TWO CLUBS FIVE,0.2904,0.495,0.2146
DIAMONDS TWO CLUBS FOUR,0.4322,0.3618,0.206
CLUBS FOUR SPADES FIVE,0.0092,0.9706,0.0202
CLUBS FOUR SPADES THREE,0.4232,0.3648,0.212
CLUBS FOUR SPADES TWO,0.4304,0.3576,0.212
SPADES NINE CLUBS FOUR,0.2918,0.104,0.6042
SPADES EIGHT CLUBS FOUR,0.2778,0.1482,0.574
SPADES SEVEN CLUBS FOUR,0.262,0.1986,0.5394
CLUBS FOUR SPADES SIX,0.2562,0.2712,0.4726
SPADES ACE DIAMONDS SIX,0.3766,0.0062,0.6172
SPADES QUEEN DIAMONDS SIX,0.365,0.0112,0.6238
SPADES KING DIAMONDS SIX,0.3638,0.0082,0.628
SPADES TEN DIAMONDS SIX,0.3704,0.0274,0.6022
SPADES JACK DIAMONDS SIX,0.3668,0.0176,0.6156
SPADES QUEEN SPADES TWO,0.4106,0.0166,0.5728
SPADES KING SPADES TWO,0.408,0.01,0.582
SPADES ACE SPADES TWO,0.3944,0.006,0.5996
DIAMONDS JACK CLUBS JACK,0.1782,0.052,0.7698
CLUBS TEN DIAMONDS JACK,0.3686,0.0144,0.617
DIAMONDS JACK CLUBS KING,0.3602,0.0054,0.6344
DIAMONDS JACK CLUBS QUEEN,0.367,0.009,0.624
DIAMONDS THREE DIAMONDS JACK,0.4124,0.0156,0.572
DIAMONDS THREE DIAMONDS TEN,0.3966,0.032,0.5714
DIAMONDS JACK CLUBS ACE,0.3626,0.0038,0.6336
DIAMONDS THREE DIAMONDS KING,0.3946,0.0096,0.5958
DIAMONDS THREE HEARTS THREE,0.346,0.151,0.503
DIAMONDS THREE DIAMONDS QUEEN,0.401,0.0166,0.5824
DIAMONDS THREE HEARTS TWO,0.4712,0.2388,0.29
HEARTS FIVE DIAMONDS THREE,0.267,0.5224,0.2106
DIAMONDS THREE DIAMONDS ACE,0.3952,0.0046,0.6002
HEARTS FOUR DIAMONDS THREE,0.4168,0.3632,0.22
HEARTS SEVEN DIAMONDS THREE,0.4294,0.1038,0.4668
SPADES TEN SPADES NINE,0.3282,0.0206,0.6512
HEARTS SIX DIAMONDS THREE,0.411,0.1616,0.4274
SPADES JACK SPADES NINE,0.3546,0.0154,0.63
DIAMONDS THREE HEARTS NINE,0.4258,0.0472,0.527
HEARTS JACK DIAMONDS FOUR,0.3048,0.0566,0.6386
HEARTS ACE HEARTS KING,0.3478,0.0054,0.6468
SPADES TEN SPADES TWO,0.4054,0.0298,0.5648
DIAMONDS THREE HEARTS EIGHT,0.4226,0.0698,0.5076
HEARTS TEN DIAMONDS FOUR,0.2842,0.0838,0.632
SPADES JACK SPADES TWO,0.4166,0.0232,0.5602
HEARTS QUEEN DIAMONDS FOUR,0.2904,0.0478,0.6618
HEARTS KING DIAMONDS FOUR,0.2982,0.0346,0.6672
SPADES ACE SPADES NINE,0.3518,0.0052,0.643
HEARTS ACE DIAMONDS FOUR,0.2742,0.0198,0.706
SPADES KING SPADES NINE,0.3598,0.0086,0.6316
SPADES QUEEN SPADES NINE,0.3542,0.0114,0.6344
DIAMONDS THREE SPADES NINE,0.4282,0.0422,0.5296
DIAMONDS THREE SPADES EIGHT,0.4194,0.0724,0.5082
DIAMONDS THREE SPADES SEVEN,0.4198,0.1082,0.472
DIAMONDS THREE SPADES SIX,0.3972,0.1592,0.4436
DIAMONDS THREE CLUBS SIX,0.4008,0.1698,0.4294
CLUBS FIVE CLUBS SIX,0.2312,0.2496,0.5192
CLUBS ACE DIAMONDS FOUR,0.2762,0.0172,0.7066
CLUBS SEVEN DIAMONDS THREE,0.4056,0.106,0.4884
CLUBS SEVEN CLUBS FIVE,0.245,0.185,0.57
DIAMONDS THREE CLUBS FOUR,0.4132,0.366,0.2208
DIAMONDS FOUR CLUBS QUEEN,0.2888,0.043,0.6682
DIAMONDS THREE CLUBS FIVE,0.273,0.5046,0.2224
CLUBS KING DIAMONDS FOUR,0.2914,0.0348,0.6738
DIAMONDS THREE CLUBS TWO,0.4706,0.2242,0.3052
CLUBS TEN DIAMONDS FOUR,0.3074,0.0772,0.6154
DIAMONDS THREE CLUBS THREE,0.3258,0.154,0.5202
DIAMONDS FOUR CLUBS JACK,0.3022,0.061,0.6368
DIAMONDS THREE SPADES FIVE,0.2708,0.5194,0.2098
DIAMONDS THREE SPADES TWO,0.48,0.2334,0.2866
DIAMONDS THREE SPADES THREE,0.3534,0.1494,0.4972
CLUBS EIGHT DIAMONDS THREE,0.4286,0.0678,0.5036
CLUBS NINE DIAMONDS THREE,0.4136,0.0432,0.5432
SPADES SEVEN CLUBS ACE,0.38,0.0042,0.6158
SPADES SEVEN CLUBS QUEEN,0.3782,0.0148,0.607
SPADES SEVEN CLUBS KING,0.3692,0.0092,0.6216
CLUBS FIVE SPADES SEVEN,0.25,0.2156,0.5344
CLUBS TEN SPADES SEVEN,0.3588,0.0266,0.6146
CLUBS FIVE SPADES SIX,0.2418,0.278,0.4802
SPADES SEVEN CLUBS JACK,0.3674,0.0198,0.6128
CLUBS FIVE SPADES NINE,0.2656,0.1172,0.6172
CLUBS FIVE SPADES EIGHT,0.2642,0.1508,0.585
CLUBS FIVE SPADES THREE,0.2628,0.5244,0.2128
CLUBS FIVE SPADES TWO,0.294,0.4984,0.2076
CLUBS FIVE SPADES FIVE,0.1246,0.1274,0.748
CLUBS NINE CLUBS FIVE,0.2508,0.1094,0.6398
CLUBS EIGHT CLUBS FIVE,0.262,0.145,0.593
CLUBS ACE CLUBS QUEEN,0.3472,0.0046,0.6482
CLUBS KING CLUBS QUEEN,0.3448,0.008,0.6472
DIAMONDS TEN DIAMONDS FOUR,0.2722,0.0826,0.6452
CLUBS TEN DIAMONDS NINE,0.3426,0.0232,0.6342
DIAMONDS JACK DIAMONDS FOUR,0.2832,0.0574,0.6594
DIAMONDS NINE CLUBS JACK,0.3594,0.014,0.6266
SPADES NINE CLUBS JACK,0.3532,0.0174,0.6294
CLUBS TEN SPADES NINE,0.3352,0.0248,0.64
DIAMONDS ACE DIAMONDS FOUR,0.2552,0.0232,0.7216
HEARTS FOUR DIAMONDS FOUR,0.2766,0.1246,0.5988
DIAMONDS JACK HEARTS TEN,0.3636,0.0172,0.6192
SPADES NINE CLUBS KING,0.355,0.009,0.636
DIAMONDS TWO SPADES TEN,0.418,0.033,0.549
DIAMONDS NINE CLUBS ACE,0.367,0.0066,0.6264
HEARTS FIVE DIAMONDS FOUR,0.0174,0.9716,0.011
DIAMONDS JACK HEARTS JACK,0.1782,0.05,0.7718
SPADES NINE CLUBS QUEEN,0.3574,0.0144,0.6282
DIAMONDS TWO SPADES JACK,0.4312,0.021,0.5478
DIAMONDS QUEEN DIAMONDS FOUR,0.274,0.0482,0.6778
HEARTS TWO DIAMONDS FOUR,0.4176,0.3744,0.208
DIAMONDS NINE CLUBS QUEEN,0.37,0.0112,0.6188
DIAMONDS KING DIAMONDS FOUR,0.2726,0.0326,0.6948
HEARTS THREE DIAMONDS FOUR,0.4192,0.3676,0.2132
SPADES NINE CLUBS ACE,0.3758,0.0034,0.6208
DIAMONDS NINE CLUBS KING,0.373,0.0094,0.6176
HEARTS ACE DIAMONDS JACK,0.385,0.006,0.609
SPADES ACE DIAMONDS TWO,0.4212,0.0062,0.5726
HEARTS QUEEN DIAMONDS JACK,0.3674,0.01,0.6226
SPADES QUEEN DIAMONDS TWO,0.4272,0.0154,0.5574
HEARTS KING DIAMONDS JACK,0.3786,0.0084,0.613
SPADES KING DIAMONDS TWO,0.438,0.0106,0.5514
SPADES JACK SPADES SEVEN,0.3526,0.02,0.6274
SPADES TEN SPADES SEVEN,0.3452,0.031,0.6238
CLUBS SEVEN CLUBS THREE,0.3888,0.099,0.5122
CLUBS SIX CLUBS THREE,0.3772,0.142,0.4808
CLUBS FIVE CLUBS THREE,0.2562,0.4852,0.2586
CLUBS THREE CLUBS FOUR,0.3922,0.3404,0.2674
CLUBS NINE CLUBS THREE,0.3948,0.0446,0.5606
CLUBS EIGHT CLUBS THREE,0.408,0.0606,0.5314
CLUBS THREE SPADES FIVE,0.2576,0.514,0.2284
CLUBS THREE SPADES THREE,0.3488,0.1584,0.4928
CLUBS THREE SPADES TWO,0.4764,0.2346,0.289
CLUBS THREE SPADES SIX,0.4102,0.1556,0.4342
CLUBS THREE SPADES SEVEN,0.4224,0.1072,0.4704
SPADES EIGHT CLUBS THREE,0.4,0.0728,0.5272
SPADES NINE CLUBS THREE,0.41,0.0512,0.5388
SPADES TWO DIAMONDS FOUR,0.4358,0.362,0.2022
SPADES THREE DIAMONDS FOUR,0.425,0.374,0.201
SPADES FIVE DIAMONDS FOUR,0.0084,0.9846,0.007
SPADES SIX DIAMONDS FOUR,0.243,0.2754,0.4816
SPADES SEVEN DIAMONDS FOUR,0.2544,0.2002,0.5454
SPADES EIGHT DIAMONDS FOUR,0.259,0.1506,0.5904
SPADES NINE DIAMONDS FOUR,0.2892,0.1022,0.6086
CLUBS FIVE DIAMONDS FOUR,0.0174,0.9704,0.0122
CLUBS FOUR DIAMONDS FOUR,0.2796,0.1216,0.5988
CLUBS SEVEN DIAMONDS FOUR,0.2582,0.2008,0.541
CLUBS SIX DIAMONDS FOUR,0.2566,0.2744,0.469
CLUBS NINE DIAMONDS FOUR,0.2894,0.1058,0.6048
CLUBS EIGHT DIAMONDS FOUR,0.281,0.1464,0.5726
HEARTS SEVEN DIAMONDS FOUR,0.2672,0.1912,0.5416
HEARTS SIX DIAMONDS FOUR,0.2636,0.2712,0.4652
DIAMONDS FOUR HEARTS NINE,0.3008,0.1088,0.5904
DIAMONDS FOUR HEARTS EIGHT,0.2704,0.15,0.5796
CLUBS THREE DIAMONDS FOUR,0.4284,0.3576,0.214
CLUBS TWO DIAMONDS FOUR,0.4318,0.3636,0.2046
DIAMONDS NINE HEARTS QUEEN,0.3682,0.0128,0.619
DIAMONDS NINE HEARTS KING,0.3748,0.0086,0.6166
HEARTS ACE DIAMONDS NINE,0.3712,0.005,0.6238
DIAMONDS NINE HEARTS TEN,0.3588,0.0242,0.617
DIAMONDS NINE HEARTS JACK,0.363,0.017,0.62
DIAMONDS SIX CLUBS KING,0.3736,0.0094,0.617
DIAMONDS SIX CLUBS QUEEN,0.3796,0.016,0.6044
CLUBS ACE DIAMONDS SIX,0.3724,0.005,0.6226
SPADES KING DIAMONDS FOUR,0.2814,0.0342,0.6844
SPADES ACE SPADES SEVEN,0.351,0.0064,0.6426
SPADES QUEEN DIAMONDS FOUR,0.2948,0.0472,0.658
SPADES QUEEN SPADES SEVEN,0.3536,0.011,0.6354
DIAMONDS SIX CLUBS JACK,0.3822,0.0212,0.5966
SPADES KING SPADES SEVEN,0.3492,0.0082,0.6426
SPADES ACE DIAMONDS FOUR,0.2614,0.0226,0.716
CLUBS TEN DIAMONDS SIX,0.3612,0.028,0.6108
CLUBS NINE CLUBS FOUR,0.2738,0.1006,0.6256
CLUBS EIGHT CLUBS FOUR,0.266,0.1334,0.6006
SPADES JACK DIAMONDS FOUR,0.297,0.059,0.644
SPADES TEN DIAMONDS FOUR,0.2826,0.0814,0.636
CLUBS FIVE CLUBS FOUR,0.0218,0.9094,0.0688
CLUBS SEVEN CLUBS FOUR,0.2524,0.1844,0.5632
CLUBS SIX CLUBS FOUR,0.2448,0.2516,0.5036
CLUBS SEVEN SPADES EIGHT,0.3502,0.0576,0.5922
CLUBS SEVEN SPADES NINE,0.3532,0.0422,0.6046
CLUBS SEVEN SPADES SIX,0.3452,0.1066,0.5482
CLUBS SEVEN SPADES SEVEN,0.1616,0.112,0.7264
CLUBS SEVEN SPADES FIVE,0.2616,0.2092,0.5292
CLUBS SEVEN SPADES THREE,0.419,0.105,0.476
CLUBS SEVEN SPADES TWO,0.4296,0.108,0.4624
CLUBS NINE CLUBS SEVEN,0.3386,0.0444,0.617
CLUBS SEVEN CLUBS EIGHT,0.3334,0.0568,0.6098
HEARTS KING HEARTS EIGHT,0.3464,0.0072,0.6464
HEARTS QUEEN HEARTS EIGHT,0.3454,0.0112,0.6434
HEARTS ACE HEARTS EIGHT,0.356,0.0036,0.6404
SPADES JACK DIAMONDS EIGHT,0.3658,0.0196,0.6146
CLUBS TEN HEARTS JACK,0.3694,0.0148,0.6158
SPADES TEN DIAMONDS EIGHT,0.3514,0.0228,0.6258
HEARTS JACK CLUBS JACK,0.1924,0.0436,0.764
HEARTS JACK CLUBS QUEEN,0.3716,0.0094,0.619
CLUBS KING HEARTS JACK,0.3726,0.0056,0.6218
CLUBS ACE HEARTS JACK,0.3756,0.0044,0.62
SPADES KING DIAMONDS EIGHT,0.369,0.0132,0.6178
SPADES QUEEN DIAMONDS EIGHT,0.3578,0.0132,0.629
SPADES ACE DIAMONDS EIGHT,0.3654,0.0066,0.628
DIAMONDS TEN DIAMONDS SIX,0.3492,0.0298,0.621
HEARTS ACE DIAMONDS SEVEN,0.3688,0.0028,0.6284
DIAMONDS JACK DIAMONDS SIX,0.3708,0.0232,0.606
HEARTS QUEEN DIAMONDS SEVEN,0.3874,0.0156,0.597
HEARTS KING DIAMONDS SEVEN,0.37,0.007,0.623
DIAMONDS ACE DIAMONDS SIX,0.3522,0.0056,0.6422
HEARTS FOUR DIAMONDS SIX,0.2396,0.2668,0.4936
SPADES TWO HEARTS JACK,0.4264,0.0192,0.5544
HEARTS FIVE DIAMONDS SIX,0.2392,0.2764,0.4844
SPADES TWO HEARTS TEN,0.4434,0.033,0.5236
DIAMONDS QUEEN DIAMONDS SIX,0.3546,0.0128,0.6326
HEARTS TWO DIAMONDS SIX,0.4164,0.168,0.4156
DIAMONDS KING DIAMONDS SIX,0.353,0.0102,0.6368
HEARTS THREE DIAMONDS SIX,0.3888,0.1604,0.4508
DIAMONDS SIX HEARTS EIGHT,0.3474,0.0636,0.589
DIAMONDS SIX HEARTS NINE,0.3638,0.0442,0.592
HEARTS SIX DIAMONDS SIX,0.1406,0.1378,0.7216
HEARTS SEVEN DIAMONDS SIX,0.325,0.1024,0.5726
HEARTS TEN DIAMONDS SEVEN,0.3702,0.027,0.6028
CLUBS TWO DIAMONDS SIX,0.4118,0.1678,0.4204
HEARTS JACK DIAMONDS SEVEN,0.3666,0.0186,0.6148
CLUBS THREE DIAMONDS SIX,0.3976,0.159,0.4434
CLUBS SEVEN DIAMONDS SIX,0.3234,0.1018,0.5748
DIAMONDS EIGHT CLUBS JACK,0.3628,0.0184,0.6188
CLUBS SIX DIAMONDS SIX,0.1462,0.1212,0.7326
CLUBS TEN DIAMONDS EIGHT,0.3618,0.0284,0.6098
CLUBS FIVE DIAMONDS SIX,0.2486,0.26,0.4914
CLUBS FOUR DIAMONDS SIX,0.2538,0.2718,0.4744
HEARTS ACE HEARTS JACK,0.3516,0.0046,0.6438
CLUBS ACE DIAMONDS EIGHT,0.3624,0.0054,0.6322
HEARTS QUEEN HEARTS JACK,0.341,0.0106,0.6484
CLUBS KING DIAMONDS EIGHT,0.374,0.0086,0.6174
CLUBS NINE DIAMONDS SIX,0.3618,0.0448,0.5934
HEARTS KING HEARTS JACK,0.3532,0.0062,0.6406
CLUBS QUEEN DIAMONDS EIGHT,0.3752,0.0094,0.6154
CLUBS EIGHT DIAMONDS SIX,0.3422,0.0674,0.5904
SPADES TEN HEARTS KING,0.3616,0.0058,0.6326
SPADES FIVE DIAMONDS SIX,0.2394,0.2612,0.4994
HEARTS ACE SPADES TWO,0.4198,0.0046,0.5756
SPADES JACK HEARTS KING,0.39,0.0076,0.6024
SPADES THREE DIAMONDS SIX,0.408,0.1546,0.4374
HEARTS QUEEN SPADES TWO,0.4372,0.0128,0.55
SPADES ACE SPADES KING,0.3544,0.0052,0.6404
SPADES TWO HEARTS KING,0.441,0.0092,0.5498
SPADES TWO DIAMONDS SIX,0.423,0.1616,0.4154
HEARTS TEN HEARTS EIGHT,0.3524,0.0232,0.6244
SPADES NINE DIAMONDS SIX,0.3474,0.0448,0.6078
HEARTS JACK HEARTS EIGHT,0.3578,0.0186,0.6236
SPADES EIGHT DIAMONDS SIX,0.3292,0.0658,0.605
SPADES SEVEN DIAMONDS SIX,0.339,0.0928,0.5682
SPADES SIX DIAMONDS SIX,0.1282,0.129,0.7428
SPADES KING HEARTS KING,0.1754,0.0194,0.8052
SPADES QUEEN HEARTS KING,0.3748,0.007,0.6182
CLUBS ACE CLUBS KING,0.3506,0.0044,0.645
SPADES ACE HEARTS KING,0.3652,0.0052,0.6296
SPADES ACE HEARTS JACK,0.357,0.0058,0.6372
SPADES QUEEN HEARTS JACK,0.3642,0.0106,0.6252
SPADES KING HEARTS JACK,0.3666,0.0104,0.623
SPADES TEN DIAMONDS TEN,0.1766,0.0672,0.7562
SPADES JACK DIAMONDS TEN,0.355,0.0162,0.6288
SPADES ACE DIAMONDS TEN,0.355,0.0052,0.6398
SPADES JACK HEARTS JACK,0.1848,0.054,0.7612
SPADES TEN HEARTS JACK,0.3604,0.0156,0.624
SPADES QUEEN DIAMONDS TEN,0.351,0.01,0.639
SPADES KING DIAMONDS TEN,0.3602,0.0102,0.6296
SPADES NINE DIAMONDS SEVEN,0.3512,0.047,0.6018
SPADES EIGHT DIAMONDS SEVEN,0.34,0.0616,0.5984
SPADES SEVEN DIAMONDS SEVEN,0.1518,0.1214,0.7268
SPADES SIX DIAMONDS SEVEN,0.3328,0.0906,0.5766
DIAMONDS KING DIAMONDS SEVEN,0.358,0.0108,0.6312
HEARTS THREE DIAMONDS SEVEN,0.4124,0.1046,0.483
DIAMONDS QUEEN DIAMONDS SEVEN,0.357,0.0126,0.6304
HEARTS TWO DIAMONDS SEVEN,0.4222,0.1014,0.4764
HEARTS FIVE DIAMONDS SEVEN,0.2486,0.199,0.5524
DIAMONDS ACE DIAMONDS SEVEN,0.3536,0.0046,0.6418
HEARTS FOUR DIAMONDS SEVEN,0.2562,0.2006,0.5432
HEARTS SEVEN DIAMONDS SEVEN,0.161,0.1168,0.7222
HEARTS SIX DIAMONDS SEVEN,0.3208,0.0948,0.5844
HEARTS NINE DIAMONDS SEVEN,0.3542,0.0424,0.6034
HEARTS EIGHT DIAMONDS SEVEN,0.3394,0.061,0.5996
DIAMONDS JACK DIAMONDS SEVEN,0.3572,0.0202,0.6226
DIAMONDS TEN DIAMONDS SEVEN,0.3494,0.0264,0.6242
SPADES KING CLUBS TWO,0.41,0.0116,0.5784
HEARTS KING CLUBS KING,0.1892,0.0206,0.7902
CLUBS EIGHT DIAMONDS SEVEN,0.349,0.057,0.594
SPADES QUEEN CLUBS TWO,0.4168,0.0156,0.5676
HEARTS KING CLUBS QUEEN,0.367,0.0082,0.6248
CLUBS NINE DIAMONDS SEVEN,0.3556,0.0476,0.5968
SPADES TWO CLUBS JACK,0.431,0.0214,0.5476
SPADES ACE CLUBS TWO,0.4292,0.0072,0.5636
CLUBS TEN SPADES TWO,0.4204,0.032,0.5476
HEARTS KING CLUBS ACE,0.382,0.0054,0.6126
CLUBS SEVEN CLUBS SIX,0.3226,0.0944,0.583
SPADES TWO CLUBS KING,0.4306,0.0098,0.5596
SPADES TWO DIAMONDS SEVEN,0.426,0.1074,0.4666
CLUBS EIGHT CLUBS SIX,0.3342,0.059,0.6068
SPADES THREE DIAMONDS SEVEN,0.4206,0.1106,0.4688
SPADES TWO CLUBS QUEEN,0.429,0.0186,0.5524
CLUBS NINE CLUBS SIX,0.3346,0.0386,0.6268
HEARTS KING CLUBS JACK,0.3822,0.0088,0.609
SPADES FIVE DIAMONDS SEVEN,0.2508,0.2036,0.5456
SPADES TWO CLUBS ACE,0.4172,0.0082,0.5746
CLUBS TEN HEARTS KING,0.3684,0.007,0.6246
CLUBS SIX SPADES TWO,0.416,0.1644,0.4196
CLUBS SIX SPADES THREE,0.4094,0.1392,0.4514
CLUBS TWO DIAMONDS SEVEN,0.4272,0.1032,0.4696
CLUBS THREE DIAMONDS SEVEN,0.4056,0.1148,0.4796
CLUBS SIX SPADES FIVE,0.2332,0.2696,0.4972
CLUBS FOUR DIAMONDS SEVEN,0.2618,0.1978,0.5404
CLUBS SIX SPADES SIX,0.1484,0.1292,0.7224
CLUBS FIVE DIAMONDS SEVEN,0.2474,0.207,0.5456
CLUBS SIX SPADES SEVEN,0.3312,0.0996,0.5692
CLUBS SIX DIAMONDS SEVEN,0.344,0.0904,0.5656
CLUBS SIX SPADES EIGHT,0.3598,0.0646,0.5756
SPADES JACK CLUBS TWO,0.4266,0.0208,0.5526
CLUBS SEVEN DIAMONDS SEVEN,0.1508,0.12,0.7292
SPADES NINE CLUBS SIX,0.3528,0.0486,0.5986
SPADES TEN CLUBS TWO,0.4162,0.0288,0.555
CLUBS TWO CLUBS QUEEN,0.4166,0.0124,0.571
CLUBS TWO CLUBS KING,0.4098,0.0086,0.5816
CLUBS THREE DIAMONDS EIGHT,0.4264,0.0714,0.5022
CLUBS TWO CLUBS ACE,0.387,0.0066,0.6064
CLUBS TWO DIAMONDS EIGHT,0.4248,0.0656,0.5096
HEARTS SEVEN DIAMONDS EIGHT,0.34,0.0648,0.5952
HEARTS SIX DIAMONDS EIGHT,0.3398,0.067,0.5932
DIAMONDS EIGHT HEARTS NINE,0.3522,0.0352,0.6126
CLUBS TEN CLUBS TWO,0.4032,0.027,0.5698
HEARTS EIGHT DIAMONDS EIGHT,0.1708,0.0984,0.7308
CLUBS TWO CLUBS JACK,0.4028,0.0202,0.577
CLUBS NINE DIAMONDS EIGHT,0.3594,0.0326,0.608
CLUBS EIGHT DIAMONDS EIGHT,0.1762,0.0964,0.7274
CLUBS FIVE DIAMONDS EIGHT,0.2682,0.141,0.5908
SPADES ACE SPADES THREE,0.403,0.006,0.591
CLUBS FOUR DIAMONDS EIGHT,0.27,0.1478,0.5822
CLUBS SEVEN DIAMONDS EIGHT,0.3454,0.0642,0.5904
SPADES QUEEN SPADES THREE,0.3978,0.0112,0.591
CLUBS SIX DIAMONDS EIGHT,0.3478,0.0654,0.5868
SPADES KING SPADES THREE,0.4092,0.0102,0.5806
DIAMONDS QUEEN DIAMONDS EIGHT,0.366,0.0156,0.6184
HEARTS TWO DIAMONDS EIGHT,0.4172,0.071,0.5118
DIAMONDS KING DIAMONDS EIGHT,0.3486,0.01,0.6414
HEARTS THREE DIAMONDS EIGHT,0.4174,0.0772,0.5054
DIAMONDS ACE DIAMONDS EIGHT,0.363,0.0048,0.6322
HEARTS FOUR DIAMONDS EIGHT,0.2708,0.1326,0.5966
HEARTS FIVE DIAMONDS EIGHT,0.2692,0.152,0.5788
DIAMONDS TEN DIAMONDS EIGHT,0.348,0.0264,0.6256
DIAMONDS JACK DIAMONDS EIGHT,0.3564,0.0172,0.6264
SPADES JACK SPADES THREE,0.3984,0.024,0.5776
SPADES TEN SPADES THREE,0.4022,0.0304,0.5674
CLUBS FOUR HEARTS ACE,0.272,0.023,0.705
CLUBS FOUR HEARTS QUEEN,0.3028,0.045,0.6522
CLUBS FOUR HEARTS KING,0.3044,0.0336,0.662
CLUBS SIX HEARTS TEN,0.367,0.0328,0.6002
CLUBS SIX HEARTS JACK,0.3848,0.02,0.5952
SPADES FIVE DIAMONDS EIGHT,0.2546,0.1494,0.596
SPADES TWO DIAMONDS EIGHT,0.4292,0.0708,0.5
SPADES THREE DIAMONDS EIGHT,0.4312,0.0702,0.4986
CLUBS FOUR HEARTS JACK,0.296,0.0568,0.6472
SPADES EIGHT DIAMONDS EIGHT,0.1612,0.1056,0.7332
SPADES TEN DIAMONDS QUEEN,0.3738,0.0122,0.614
SPADES TEN HEARTS TWO,0.4232,0.0304,0.5464
SPADES JACK HEARTS EIGHT,0.3678,0.0166,0.6156
CLUBS FOUR HEARTS TEN,0.3018,0.078,0.6202
SPADES NINE DIAMONDS EIGHT,0.3514,0.042,0.6066
SPADES TEN HEARTS EIGHT,0.3484,0.0232,0.6284
SPADES JACK HEARTS TWO,0.421,0.0166,0.5624
SPADES JACK DIAMONDS QUEEN,0.3574,0.0104,0.6322
SPADES SIX DIAMONDS EIGHT,0.3412,0.0698,0.589
SPADES SEVEN DIAMONDS EIGHT,0.3364,0.0658,0.5978
SPADES ACE HEARTS TWO,0.4096,0.0064,0.584
SPADES ACE DIAMONDS QUEEN,0.3756,0.0046,0.6198
SPADES ACE HEARTS EIGHT,0.3584,0.0044,0.6372
SPADES KING HEARTS EIGHT,0.3714,0.0094,0.6192
SPADES QUEEN HEARTS TWO,0.4254,0.0162,0.5584
SPADES QUEEN DIAMONDS QUEEN,0.1714,0.039,0.7896
SPADES KING DIAMONDS QUEEN,0.3696,0.0092,0.6212
SPADES KING HEARTS TWO,0.4366,0.0086,0.5548
SPADES QUEEN HEARTS EIGHT,0.3796,0.0108,0.6096
CLUBS TWO HEARTS TEN,0.428,0.0336,0.5384
CLUBS TWO HEARTS JACK,0.4236,0.02,0.5564
SPADES SEVEN DIAMONDS NINE,0.339,0.0422,0.6188
SPADES SIX DIAMONDS NINE,0.3494,0.0464,0.6042
SPADES NINE DIAMONDS NINE,0.1698,0.0824,0.7478
SPADES EIGHT DIAMONDS NINE,0.349,0.0422,0.6088
SPADES TEN CLUBS KING,0.371,0.0086,0.6204
DIAMONDS NINE SPADES THREE,0.42,0.051,0.529
SPADES JACK CLUBS KING,0.3616,0.008,0.6304
DIAMONDS NINE SPADES TWO,0.4196,0.0456,0.5348
SPADES FIVE DIAMONDS NINE,0.2624,0.1088,0.6288
CLUBS NINE DIAMONDS NINE,0.1686,0.0816,0.7498
CLUBS EIGHT DIAMONDS NINE,0.3528,0.0364,0.6108
CLUBS SIX DIAMONDS NINE,0.3534,0.0484,0.5982
SPADES JACK CLUBS FOUR,0.2868,0.0606,0.6526
CLUBS SEVEN DIAMONDS NINE,0.3548,0.044,0.6012
SPADES TEN CLUBS FOUR,0.296,0.082,0.622
CLUBS FOUR DIAMONDS NINE,0.284,0.1102,0.6058
CLUBS FIVE DIAMONDS NINE,0.2662,0.115,0.6188
CLUBS TWO DIAMONDS NINE,0.4166,0.0406,0.5428
CLUBS THREE DIAMONDS NINE,0.4264,0.0438,0.5298
DIAMONDS NINE HEARTS EIGHT,0.3574,0.0388,0.6038
DIAMONDS NINE HEARTS NINE,0.1838,0.0876,0.7286
HEARTS SIX DIAMONDS NINE,0.3564,0.0428,0.6008
HEARTS SEVEN DIAMONDS NINE,0.3624,0.039,0.5986
CLUBS NINE CLUBS EIGHT,0.3362,0.0332,0.6306
DIAMONDS ACE DIAMONDS NINE,0.3642,0.005,0.6308
HEARTS FOUR DIAMONDS NINE,0.2954,0.1138,0.5908
HEARTS FIVE DIAMONDS NINE,0.273,0.1112,0.6158
HEARTS ACE CLUBS TWO,0.4096,0.0058,0.5846
SPADES ACE CLUBS FOUR,0.2714,0.023,0.7056
DIAMONDS NINE DIAMONDS QUEEN,0.3446,0.0132,0.6422
HEARTS TWO DIAMONDS NINE,0.4308,0.0448,0.5244
CLUBS TWO HEARTS KING,0.423,0.0094,0.5676
SPADES KING CLUBS FOUR,0.2708,0.033,0.6962
DIAMONDS KING DIAMONDS NINE,0.3556,0.0066,0.6378
HEARTS THREE DIAMONDS NINE,0.413,0.0468,0.5402
CLUBS TWO HEARTS QUEEN,0.4366,0.0156,0.5478
SPADES QUEEN CLUBS FOUR,0.2874,0.0454,0.6672
DIAMONDS NINE DIAMONDS JACK,0.3578,0.0166,0.6256
CLUBS EIGHT SPADES NINE,0.354,0.041,0.605
DIAMONDS TEN DIAMONDS NINE,0.3412,0.0194,0.6394
CLUBS EIGHT SPADES EIGHT,0.1706,0.0904,0.739
CLUBS EIGHT SPADES SEVEN,0.3438,0.0578,0.5984
CLUBS EIGHT SPADES SIX,0.3376,0.0652,0.5972
CLUBS EIGHT SPADES FIVE,0.2644,0.149,0.5866
CLUBS EIGHT SPADES THREE,0.4296,0.07,0.5004
CLUBS EIGHT SPADES TWO,0.4274,0.0676,0.505
HEARTS SIX DIAMONDS TEN,0.3674,0.0276,0.605
HEARTS SEVEN DIAMONDS TEN,0.3646,0.0262,0.6092
DIAMONDS TEN HEARTS EIGHT,0.3534,0.0224,0.6242
CLUBS FOUR CLUBS JACK,0.2838,0.0532,0.663
DIAMONDS TEN HEARTS NINE,0.339,0.0264,0.6346
CLUBS TEN CLUBS FOUR,0.2672,0.0786,0.6542
CLUBS FOUR CLUBS KING,0.2766,0.0382,0.6852
CLUBS FOUR CLUBS QUEEN,0.2884,0.0442,0.6674
DIAMONDS TEN CLUBS TWO,0.4266,0.0286,0.5448
CLUBS THREE DIAMONDS TEN,0.4274,0.0336,0.539
CLUBS FOUR CLUBS ACE,0.2582,0.019,0.7228
DIAMONDS TEN DIAMONDS JACK,0.3478,0.0158,0.6364
DIAMONDS TEN DIAMONDS QUEEN,0.352,0.0118,0.6362
HEARTS TWO DIAMONDS TEN,0.4202,0.0312,0.5486
DIAMONDS KING DIAMONDS TEN,0.3468,0.0088,0.6444
HEARTS THREE DIAMONDS TEN,0.4146,0.0324,0.553
DIAMONDS ACE DIAMONDS TEN,0.3254,0.0058,0.6688
HEARTS FOUR DIAMONDS TEN,0.2824,0.0794,0.6382
CLUBS EIGHT HEARTS JACK,0.3724,0.0172,0.6104
HEARTS FIVE DIAMONDS TEN,0.2874,0.085,0.6276
CLUBS EIGHT HEARTS TEN,0.3706,0.0218,0.6076
CLUBS EIGHT HEARTS QUEEN,0.3706,0.0112,0.6182
CLUBS EIGHT HEARTS KING,0.3724,0.008,0.6196
CLUBS EIGHT HEARTS ACE,0.3754,0.0038,0.6208
CLUBS NINE SPADES THREE,0.42,0.0502,0.5298
CLUBS NINE SPADES TWO,0.4262,0.0508,0.523
CLUBS NINE SPADES FIVE,0.2564,0.1178,0.6258
CLUBS NINE SPADES SEVEN,0.346,0.0412,0.6128
CLUBS NINE SPADES SIX,0.3594,0.0448,0.5958
CLUBS NINE SPADES NINE,0.1776,0.08,0.7424
CLUBS TEN HEARTS EIGHT,0.363,0.027,0.61
CLUBS NINE SPADES EIGHT,0.3498,0.0338,0.6164
HEARTS EIGHT CLUBS JACK,0.373,0.0152,0.6118
CLUBS QUEEN HEARTS EIGHT,0.3804,0.0112,0.6084
CLUBS KING HEARTS EIGHT,0.3754,0.0056,0.619
CLUBS ACE HEARTS EIGHT,0.3672,0.0038,0.629
SPADES KING CLUBS KING,0.1816,0.0224,0.796
SPADES QUEEN CLUBS KING,0.376,0.0074,0.6166
SPADES ACE CLUBS KING,0.3788,0.004,0.6172
DIAMONDS ACE HEARTS TEN,0.3608,0.003,0.6362
HEARTS FOUR HEARTS TEN,0.27,0.0776,0.6524
DIAMONDS ACE HEARTS JACK,0.3618,0.006,0.6322
HEARTS FOUR HEARTS JACK,0.2696,0.0626,0.6678
SPADES KING CLUBS FIVE,0.2764,0.0356,0.688
SPADES QUEEN CLUBS FIVE,0.284,0.0512,0.6648
SPADES ACE CLUBS FIVE,0.266,0.0292,0.7048
HEARTS SEVEN DIAMONDS JACK,0.3766,0.0218,0.6016
HEARTS SIX DIAMONDS JACK,0.3764,0.0176,0.606
DIAMONDS JACK HEARTS NINE,0.3656,0.0154,0.619
DIAMONDS JACK HEARTS EIGHT,0.359,0.0174,0.6236
DIAMONDS KING DIAMONDS JACK,0.3542,0.0092,0.6366
HEARTS THREE DIAMONDS JACK,0.412,0.0204,0.5676
SPADES ACE SPADES SIX,0.365,0.0042,0.6308
DIAMONDS QUEEN DIAMONDS JACK,0.341,0.011,0.648
HEARTS TWO DIAMONDS JACK,0.426,0.0226,0.5514
HEARTS FIVE DIAMONDS JACK,0.2904,0.0588,0.6508
SPADES QUEEN SPADES SIX,0.3588,0.0152,0.626
DIAMONDS ACE DIAMONDS JACK,0.3502,0.0052,0.6446
HEARTS FOUR DIAMONDS JACK,0.2962,0.0562,0.6476
SPADES KING SPADES SIX,0.3568,0.0112,0.632
SPADES TEN SPADES SIX,0.3544,0.0272,0.6184
SPADES JACK SPADES SIX,0.3816,0.018,0.6004
SPADES FIVE DIAMONDS JACK,0.2906,0.0674,0.642
SPADES TWO DIAMONDS JACK,0.4336,0.02,0.5464
SPADES THREE DIAMONDS JACK,0.423,0.02,0.557
SPADES ACE DIAMONDS THREE,0.4102,0.0054,0.5844
SPADES QUEEN DIAMONDS THREE,0.419,0.0152,0.5658
CLUBS EIGHT DIAMONDS JACK,0.3738,0.0168,0.6094
SPADES KING DIAMONDS THREE,0.4196,0.0116,0.5688
CLUBS NINE DIAMONDS JACK,0.3654,0.0164,0.6182
CLUBS SIX DIAMONDS JACK,0.3746,0.0188,0.6066
CLUBS SEVEN DIAMONDS JACK,0.3756,0.0182,0.6062
CLUBS FOUR DIAMONDS JACK,0.2982,0.0572,0.6446
CLUBS FIVE DIAMONDS JACK,0.2882,0.0592,0.6526
CLUBS TWO DIAMONDS JACK,0.4292,0.0224,0.5484
CLUBS THREE DIAMONDS JACK,0.4224,0.021,0.5566
SPADES TEN CLUBS FIVE,0.2828,0.0758,0.6414
SPADES JACK HEARTS SIX,0.383,0.0208,0.5962
HEARTS SIX SPADES TEN,0.367,0.0274,0.6056
SPADES JACK CLUBS FIVE,0.2716,0.065,0.6634
SPADES JACK DIAMONDS THREE,0.4252,0.0232,0.5516
CLUBS SEVEN CLUBS ACE,0.3482,0.0058,0.646
DIAMONDS THREE SPADES TEN,0.4268,0.0286,0.5446
CLUBS SEVEN CLUBS QUEEN,0.3606,0.0112,0.6282
CLUBS SEVEN CLUBS KING,0.3446,0.008,0.6474
SPADES NINE DIAMONDS JACK,0.3488,0.0188,0.6324
CLUBS TEN CLUBS SEVEN,0.3472,0.0274,0.6254
DIAMONDS ACE HEARTS ACE,0.1656,0.0046,0.8298
HEARTS FOUR HEARTS ACE,0.2532,0.0216,0.7252
SPADES EIGHT DIAMONDS JACK,0.3682,0.0158,0.616
SPADES ACE HEARTS SIX,0.369,0.0052,0.6258
CLUBS SEVEN CLUBS JACK,0.3336,0.0196,0.6468
DIAMONDS ACE HEARTS KING,0.3758,0.0048,0.6194
HEARTS FOUR HEARTS KING,0.2728,0.0306,0.6966
SPADES SEVEN DIAMONDS JACK,0.361,0.0188,0.6202
SPADES KING HEARTS SIX,0.365,0.0074,0.6276
DIAMONDS ACE HEARTS QUEEN,0.375,0.0044,0.6206
HEARTS FOUR HEARTS QUEEN,0.2562,0.0416,0.7022
SPADES QUEEN HEARTS SIX,0.3738,0.0142,0.612
SPADES SIX DIAMONDS JACK,0.3752,0.0208,0.604
DIAMONDS TEN SPADES TWO,0.4286,0.0316,0.5398
DIAMONDS TEN SPADES THREE,0.408,0.0354,0.5566
DIAMONDS TEN SPADES FIVE,0.2804,0.0856,0.634
SPADES SIX DIAMONDS TEN,0.3516,0.0282,0.6202
SPADES SEVEN DIAMONDS TEN,0.3678,0.0332,0.599
SPADES EIGHT DIAMONDS TEN,0.3578,0.0274,0.6148
SPADES NINE DIAMONDS TEN,0.3498,0.0238,0.6264
CLUBS FOUR DIAMONDS TEN,0.294,0.0774,0.6286
CLUBS FIVE DIAMONDS TEN,0.2868,0.0824,0.6308
CLUBS SIX DIAMONDS TEN,0.3704,0.0274,0.6022
CLUBS SEVEN DIAMONDS TEN,0.3676,0.0316,0.6008
CLUBS EIGHT DIAMONDS TEN,0.3624,0.0274,0.6102
CLUBS NINE DIAMONDS TEN,0.3454,0.023,0.6316
DIAMONDS THREE CLUBS JACK,0.436,0.018,0.546
CLUBS TEN DIAMONDS THREE,0.4172,0.0312,0.5516
DIAMONDS THREE CLUBS KING,0.4348,0.0118,0.5534
DIAMONDS THREE CLUBS QUEEN,0.436,0.0128,0.5512
DIAMONDS THREE CLUBS ACE,0.421,0.0056,0.5734
SPADES FIVE SPADES TWO,0.283,0.4738,0.2432
SPADES THREE SPADES TWO,0.456,0.2178,0.3262
SPADES NINE SPADES TWO,0.407,0.0434,0.5496
SPADES EIGHT SPADES TWO,0.4036,0.0636,0.5328
SPADES SEVEN SPADES TWO,0.4058,0.0998,0.4944
SPADES SIX SPADES TWO,0.3936,0.1562,0.4502
CLUBS THREE DIAMONDS QUEEN,0.4264,0.014,0.5596
CLUBS THREE HEARTS TWO,0.4678,0.2392,0.293
CLUBS TWO DIAMONDS QUEEN,0.4318,0.0134,0.5548
HEARTS TWO CLUBS TWO,0.3472,0.1544,0.4984
HEARTS SEVEN DIAMONDS QUEEN,0.366,0.012,0.622
HEARTS SEVEN HEARTS TWO,0.399,0.1,0.501
HEARTS SIX DIAMONDS QUEEN,0.3784,0.0146,0.607
HEARTS SIX HEARTS TWO,0.3998,0.1446,0.4556
DIAMONDS QUEEN HEARTS NINE,0.3724,0.0112,0.6164
HEARTS TWO HEARTS NINE,0.4008,0.0506,0.5486
DIAMONDS QUEEN HEARTS EIGHT,0.3764,0.0148,0.6088
HEARTS TWO HEARTS EIGHT,0.396,0.0666,0.5374
CLUBS NINE HEARTS TWO,0.424,0.0474,0.5286
CLUBS NINE DIAMONDS QUEEN,0.371,0.0106,0.6184
CLUBS EIGHT HEARTS TWO,0.4364,0.0736,0.49
CLUBS EIGHT DIAMONDS QUEEN,0.3804,0.0096,0.61
CLUBS FIVE DIAMONDS QUEEN,0.2784,0.0496,0.672
CLUBS FIVE HEARTS TWO,0.2834,0.5014,0.2152
SPADES EIGHT HEARTS ACE,0.371,0.0036,0.6254
CLUBS FOUR DIAMONDS QUEEN,0.287,0.046,0.667
CLUBS FOUR HEARTS TWO,0.4248,0.3526,0.2226
CLUBS SEVEN DIAMONDS QUEEN,0.3682,0.0114,0.6204
CLUBS SEVEN HEARTS TWO,0.4228,0.1032,0.474
SPADES EIGHT HEARTS QUEEN,0.3672,0.0104,0.6224
CLUBS SIX DIAMONDS QUEEN,0.3692,0.0108,0.62
CLUBS SIX HEARTS TWO,0.4144,0.1618,0.4238
SPADES EIGHT HEARTS KING,0.3674,0.0086,0.624
HEARTS TWO SPADES SIX,0.4082,0.1572,0.4346
SPADES SIX DIAMONDS QUEEN,0.37,0.012,0.618
HEARTS FOUR CLUBS QUEEN,0.3006,0.045,0.6544
DIAMONDS ACE CLUBS QUEEN,0.3686,0.0038,0.6276
SPADES SEVEN DIAMONDS QUEEN,0.3668,0.0124,0.6208
SPADES SEVEN HEARTS TWO,0.4304,0.1012,0.4684
HEARTS FOUR CLUBS KING,0.297,0.0314,0.6716
DIAMONDS ACE CLUBS KING,0.3792,0.0066,0.6142
SPADES EIGHT DIAMONDS QUEEN,0.3756,0.0122,0.6122
SPADES EIGHT HEARTS TWO,0.423,0.0716,0.5054
HEARTS FOUR CLUBS ACE,0.2746,0.0258,0.6996
DIAMONDS ACE CLUBS ACE,0.1674,0.0032,0.8294
SPADES NINE DIAMONDS QUEEN,0.3596,0.0118,0.6286
SPADES NINE HEARTS TWO,0.4182,0.0468,0.535
HEARTS TWO SPADES TWO,0.3552,0.1508,0.494
DIAMONDS QUEEN SPADES TWO,0.4232,0.0144,0.5624
HEARTS TWO SPADES THREE,0.4622,0.243,0.2948
SPADES THREE DIAMONDS QUEEN,0.4264,0.0152,0.5584
CLUBS TEN HEARTS FOUR,0.2974,0.0792,0.6234
CLUBS TEN DIAMONDS ACE,0.3742,0.0038,0.622
HEARTS TWO SPADES FIVE,0.291,0.5036,0.2054
SPADES FIVE DIAMONDS QUEEN,0.2668,0.0548,0.6784
HEARTS FOUR CLUBS JACK,0.2876,0.0606,0.6518
DIAMONDS ACE CLUBS JACK,0.3744,0.0038,0.6218
CLUBS FIVE CLUBS KING,0.2764,0.035,0.6886
CLUBS FIVE CLUBS QUEEN,0.273,0.0428,0.6842
CLUBS FIVE CLUBS ACE,0.249,0.0248,0.7262
CLUBS FIVE CLUBS JACK,0.2686,0.058,0.6734
CLUBS TEN CLUBS FIVE,0.276,0.0766,0.6474
SPADES KING CLUBS JACK,0.3682,0.0064,0.6254
SPADES QUEEN CLUBS JACK,0.3758,0.0116,0.6126
SPADES ACE CLUBS JACK,0.3904,0.0044,0.6052
SPADES SIX CLUBS KING,0.3548,0.009,0.6362
SPADES SIX CLUBS QUEEN,0.39,0.0108,0.5992
SPADES EIGHT HEARTS JACK,0.3716,0.0178,0.6106
SPADES SIX CLUBS ACE,0.366,0.0056,0.6284
SPADES EIGHT HEARTS TEN,0.367,0.025,0.608
SPADES SIX CLUBS JACK,0.3736,0.0226,0.6038
CLUBS TEN SPADES SIX,0.3644,0.0296,0.606
SPADES TEN CLUBS JACK,0.3558,0.0156,0.6286
SPADES JACK CLUBS JACK,0.186,0.0562,0.7578
SPADES QUEEN CLUBS SEVEN,0.3766,0.0114,0.612
SPADES KING CLUBS SEVEN,0.3652,0.0096,0.6252
SPADES ACE CLUBS SEVEN,0.3724,0.0044,0.6232
SPADES SIX HEARTS TEN,0.367,0.0304,0.6026
SPADES SIX HEARTS JACK,0.3836,0.0172,0.5992
SPADES SIX HEARTS ACE,0.3638,0.004,0.6322
SPADES SIX HEARTS KING,0.367,0.01,0.623
SPADES SIX HEARTS QUEEN,0.3706,0.0128,0.6166
CLUBS SEVEN SPADES JACK,0.3774,0.0184,0.6042
CLUBS SEVEN SPADES TEN,0.3764,0.0236,0.6
CLUBS TEN HEARTS SIX,0.36,0.0246,0.6154
HEARTS SIX CLUBS JACK,0.3766,0.0204,0.603
CLUBS ACE CLUBS JACK,0.3554,0.0042,0.6404
HEARTS SIX CLUBS QUEEN,0.3734,0.0132,0.6134
HEARTS SIX CLUBS KING,0.3836,0.0076,0.6088
HEARTS SIX CLUBS ACE,0.3802,0.0036,0.6162
CLUBS QUEEN CLUBS JACK,0.344,0.0148,0.6412
CLUBS KING CLUBS JACK,0.3502,0.0086,0.6412
DIAMONDS THREE HEARTS ACE,0.413,0.0052,0.5818
DIAMONDS THREE HEARTS QUEEN,0.423,0.015,0.562
DIAMONDS THREE HEARTS KING,0.4242,0.008,0.5678
CLUBS FIVE HEARTS JACK,0.294,0.0616,0.6444
SPADES TEN DIAMONDS ACE,0.361,0.008,0.631
HEARTS FOUR SPADES TEN,0.284,0.0796,0.6364
CLUBS FIVE HEARTS TEN,0.2928,0.0832,0.624
HEARTS FOUR SPADES JACK,0.3012,0.0598,0.639
SPADES JACK DIAMONDS ACE,0.3614,0.006,0.6326
SPADES ACE HEARTS FOUR,0.2662,0.0238,0.71
SPADES ACE DIAMONDS ACE,0.1658,0.004,0.8302
CLUBS FIVE HEARTS ACE,0.2782,0.0244,0.6974
CLUBS FIVE HEARTS KING,0.2936,0.0378,0.6686
HEARTS FOUR SPADES QUEEN,0.2938,0.0492,0.657
SPADES QUEEN DIAMONDS ACE,0.3738,0.0056,0.6206
CLUBS FIVE HEARTS QUEEN,0.2886,0.0456,0.6658
SPADES KING DIAMONDS ACE,0.3574,0.0058,0.6368
SPADES KING HEARTS FOUR,0.278,0.0346,0.6874
DIAMONDS ACE DIAMONDS QUEEN,0.3544,0.0032,0.6424
DIAMONDS ACE HEARTS TWO,0.4196,0.0044,0.576
HEARTS FOUR DIAMONDS QUEEN,0.284,0.0514,0.6646
HEARTS FOUR HEARTS TWO,0.4016,0.3306,0.2678
DIAMONDS THREE HEARTS TEN,0.4274,0.0316,0.541
HEARTS FIVE DIAMONDS QUEEN,0.2878,0.0474,0.6648
HEARTS FIVE HEARTS TWO,0.2672,0.4554,0.2774
DIAMONDS THREE HEARTS JACK,0.4326,0.022,0.5454
HEARTS TWO DIAMONDS QUEEN,0.4222,0.0134,0.5644
DIAMONDS KING DIAMONDS QUEEN,0.3636,0.0062,0.6302
DIAMONDS KING HEARTS TWO,0.4278,0.011,0.5612
HEARTS THREE DIAMONDS QUEEN,0.4272,0.0148,0.558
HEARTS THREE HEARTS TWO,0.4398,0.2192,0.341
HEARTS TWO CLUBS ACE,0.428,0.0036,0.5684
DIAMONDS QUEEN CLUBS ACE,0.3744,0.0062,0.6194
HEARTS TWO CLUBS QUEEN,0.4264,0.0134,0.5602
DIAMONDS QUEEN CLUBS QUEEN,0.1858,0.0356,0.7786
HEARTS TWO CLUBS KING,0.4358,0.01,0.5542
DIAMONDS QUEEN CLUBS KING,0.367,0.0084,0.6246
SPADES EIGHT SPADES FIVE,0.265,0.145,0.59
CLUBS TEN HEARTS TWO,0.4278,0.0314,0.5408
CLUBS TEN DIAMONDS QUEEN,0.3684,0.0136,0.618
SPADES NINE SPADES FIVE,0.2518,0.1136,0.6346
HEARTS TWO CLUBS JACK,0.4338,0.0218,0.5444
DIAMONDS QUEEN CLUBS JACK,0.3672,0.0112,0.6216
SPADES SIX SPADES FIVE,0.2368,0.265,0.4982
SPADES SEVEN SPADES FIVE,0.2362,0.1916,0.5722
SPADES EIGHT CLUBS ACE,0.374,0.004,0.622
SPADES EIGHT CLUBS KING,0.3772,0.0072,0.6156
SPADES EIGHT CLUBS QUEEN,0.3704,0.0114,0.6182
SPADES EIGHT CLUBS JACK,0.3746,0.018,0.6074
CLUBS TEN SPADES EIGHT,0.364,0.0244,0.6116
DIAMONDS TEN HEARTS JACK,0.3652,0.0156,0.6192
DIAMONDS TEN HEARTS TEN,0.1896,0.0648,0.7456
SPADES ACE CLUBS NINE,0.3704,0.0038,0.6258
CLUBS NINE SPADES QUEEN,0.3596,0.0104,0.63
CLUBS NINE SPADES KING,0.3612,0.0084,0.6304
HEARTS SIX HEARTS KING,0.3504,0.0092,0.6404
DIAMONDS KING SPADES SEVEN,0.369,0.0094,0.6216
HEARTS THREE SPADES SEVEN,0.4094,0.1136,0.477
SPADES KING DIAMONDS SEVEN,0.3688,0.0104,0.6208
HEARTS SIX HEARTS QUEEN,0.3594,0.0118,0.6288
SPADES QUEEN DIAMONDS SEVEN,0.3776,0.0122,0.6102
HEARTS THREE SPADES SIX,0.4028,0.1624,0.4348
DIAMONDS KING SPADES SIX,0.3696,0.006,0.6244
SPADES NINE DIAMONDS KING,0.3638,0.0082,0.628
SPADES NINE HEARTS THREE,0.4132,0.0488,0.538
HEARTS SIX HEARTS ACE,0.3514,0.0042,0.6444
DIAMONDS KING SPADES EIGHT,0.3806,0.0084,0.611
SPADES EIGHT HEARTS THREE,0.424,0.0696,0.5064
SPADES ACE DIAMONDS SEVEN,0.3542,0.0058,0.64
CLUBS NINE HEARTS THREE,0.4392,0.0442,0.5166
CLUBS NINE DIAMONDS KING,0.3824,0.0056,0.612
CLUBS EIGHT HEARTS THREE,0.4264,0.0648,0.5088
CLUBS EIGHT DIAMONDS KING,0.3804,0.0096,0.61
HEARTS THREE SPADES THREE,0.345,0.1422,0.5128
DIAMONDS KING SPADES THREE,0.4204,0.0094,0.5702
HEARTS THREE SPADES TWO,0.4654,0.2432,0.2914
DIAMONDS KING SPADES TWO,0.427,0.0088,0.5642
