opposingHand,winningChance,drawChance,lostChance
DIAMONDS FOUR HEARTS SIX
CLUBS SEVEN DIAMONDS QUEEN,0.3586,0.0102,0.6312
HEARTS QUEEN DIAMONDS SEVEN,0.356,0.0134,0.6306
SPADES JACK CLUBS TWO,0.4284,0.0202,0.5514
SPADES FIVE HEARTS NINE,0.3622,0.0408,0.597
DIAMONDS KING DIAMONDS TEN,0.3418,0.0076,0.6506
SPADES ACE HEARTS SEVEN,0.3538,0.0038,0.6424
HEARTS JACK HEARTS TEN,0.3194,0.0148,0.6658
HEARTS EIGHT SPADES FOUR,0.2546,0.1396,0.6058
CLUBS JACK HEARTS THREE,0.4032,0.0208,0.576
DIAMONDS ACE HEARTS ACE,0.1574,0.005,0.8376
CLUBS NINE HEARTS KING,0.3626,0.0062,0.6312
DIAMONDS KING HEARTS ACE,0.3542,0.0044,0.6414
SPADES ACE DIAMONDS SEVEN,0.3402,0.0058,0.654
CLUBS THREE CLUBS ACE,0.371,0.005,0.624
SPADES QUEEN CLUBS QUEEN,0.181,0.0348,0.7842
SPADES JACK HEARTS FOUR,0.2788,0.057,0.6642
HEARTS TWO SPADES SEVEN,0.4314,0.0958,0.4728
HEARTS ACE CLUBS ACE,0.1654,0.0054,0.8292
HEARTS JACK HEARTS NINE,0.3282,0.0154,0.6564
SPADES QUEEN SPADES NINE,0.3206,0.0148,0.6646
DIAMONDS JACK SPADES TWO,0.419,0.0212,0.5598
HEARTS THREE DIAMONDS SEVEN,0.3998,0.1006,0.4996
CLUBS EIGHT CLUBS QUEEN,0.3324,0.0122,0.6554
HEARTS THREE HEARTS TEN,0.4018,0.032,0.5662
SPADES QUEEN CLUBS ACE,0.353,0.0034,0.6436
HEARTS SEVEN SPADES TWO,0.4202,0.1108,0.469
CLUBS TEN HEARTS THREE,0.4176,0.0314,0.551
CLUBS SIX DIAMONDS KING,0.2616,0.0376,0.7008
DIAMONDS JACK DIAMONDS SEVEN,0.3316,0.0188,0.6496
SPADES QUEEN SPADES TWO,0.3836,0.0118,0.6046
SPADES QUEEN CLUBS NINE,0.3598,0.0116,0.6286
CLUBS QUEEN DIAMONDS FIVE,0.3724,0.0134,0.6142
HEARTS SEVEN DIAMONDS TWO,0.4044,0.1066,0.489
SPADES SEVEN DIAMONDS EIGHT,0.3346,0.0568,0.6086
DIAMONDS THREE HEARTS ACE,0.3966,0.0074,0.596
HEARTS THREE CLUBS TWO,0.5298,0.1596,0.3106
HEARTS THREE DIAMONDS SIX,0.2696,0.5222,0.2082
SPADES KING SPADES EIGHT,0.347,0.0072,0.6458
SPADES QUEEN HEARTS FIVE,0.3828,0.013,0.6042
SPADES QUEEN DIAMONDS NINE,0.3554,0.0122,0.6324
DIAMONDS QUEEN DIAMONDS SEVEN,0.3444,0.0118,0.6438
SPADES ACE DIAMONDS EIGHT,0.3518,0.0038,0.6444
CLUBS KING HEARTS TEN,0.3518,0.0056,0.6426
HEARTS TWO HEARTS TEN,0.3962,0.0318,0.572
SPADES TEN DIAMONDS JACK,0.3474,0.014,0.6386
CLUBS JACK CLUBS EIGHT,0.3258,0.0142,0.66
SPADES KING HEARTS TEN,0.3362,0.0066,0.6572
CLUBS TEN CLUBS SIX,0.2534,0.0848,0.6618
HEARTS THREE DIAMONDS JACK,0.4096,0.0212,0.5692
CLUBS THREE CLUBS KING,0.3804,0.0094,0.6102
SPADES EIGHT CLUBS TWO,0.4284,0.0698,0.5018
CLUBS JACK SPADES JACK,0.1738,0.0438,0.7824
DIAMONDS TWO DIAMONDS FIVE,0.4996,0.1378,0.3626
HEARTS SEVEN SPADES TEN,0.343,0.0262,0.6308
HEARTS FIVE CLUBS FOUR,0.4728,0.2836,0.2436
HEARTS TWO DIAMONDS ACE,0.39,0.0054,0.6046
CLUBS FIVE HEARTS KING,0.373,0.007,0.62
SPADES SIX SPADES THREE,0.2686,0.4714,0.26
HEARTS TWO HEARTS JACK,0.4006,0.0224,0.577
CLUBS NINE DIAMONDS KING,0.3594,0.006,0.6346
HEARTS THREE CLUBS THREE,0.3394,0.1376,0.523
CLUBS EIGHT DIAMONDS SEVEN,0.3336,0.0614,0.605
HEARTS SEVEN CLUBS TWO,0.4074,0.1024,0.4902
CLUBS SIX CLUBS KING,0.253,0.0348,0.7122
HEARTS SEVEN HEARTS NINE,0.3222,0.0398,0.638
DIAMONDS TWO SPADES FOUR,0.4884,0.2746,0.237
HEARTS TEN DIAMONDS FIVE,0.3826,0.0286,0.5888
CLUBS TEN CLUBS FOUR,0.2674,0.0672,0.6654
SPADES SEVEN CLUBS TWO,0.4166,0.1054,0.478
HEARTS JACK CLUBS KING,0.3544,0.0068,0.6388
CLUBS JACK CLUBS QUEEN,0.3314,0.0098,0.6588
SPADES QUEEN HEARTS QUEEN,0.1744,0.0314,0.7942
SPADES NINE SPADES SEVEN,0.3158,0.0404,0.6438
DIAMONDS TWO DIAMONDS QUEEN,0.4054,0.0132,0.5814
DIAMONDS TEN CLUBS ACE,0.367,0.0038,0.6292
CLUBS JACK CLUBS SEVEN,0.3362,0.0236,0.6402
CLUBS FOUR DIAMONDS FIVE,0.477,0.2644,0.2586
SPADES SEVEN SPADES FOUR,0.2416,0.1866,0.5718
DIAMONDS KING CLUBS KING,0.165,0.016,0.819
CLUBS TEN DIAMONDS NINE,0.3416,0.0224,0.636
SPADES EIGHT DIAMONDS FIVE,0.3552,0.073,0.5718
DIAMONDS JACK DIAMONDS NINE,0.3324,0.015,0.6526
SPADES FIVE DIAMONDS JACK,0.3756,0.0246,0.5998
CLUBS TEN CLUBS EIGHT,0.3298,0.0264,0.6438
CLUBS FOUR DIAMONDS SEVEN,0.2478,0.1978,0.5544
SPADES EIGHT HEARTS KING,0.3554,0.0068,0.6378
SPADES JACK SPADES NINE,0.3332,0.016,0.6508
HEARTS EIGHT SPADES QUEEN,0.3538,0.0138,0.6324
SPADES SEVEN CLUBS QUEEN,0.3664,0.0106,0.623
DIAMONDS SEVEN HEARTS NINE,0.3382,0.0416,0.6202
SPADES EIGHT CLUBS ACE,0.3682,0.005,0.6268
SPADES SIX DIAMONDS SEVEN,0.227,0.2016,0.5714
DIAMONDS KING DIAMONDS FIVE,0.3654,0.0104,0.6242
SPADES NINE SPADES THREE,0.3898,0.0378,0.5724
SPADES SIX DIAMONDS JACK,0.2656,0.065,0.6694
CLUBS JACK DIAMONDS SEVEN,0.3572,0.018,0.6248
SPADES JACK DIAMONDS ACE,0.3454,0.0038,0.6508
SPADES TEN DIAMONDS KING,0.3472,0.005,0.6478
HEARTS SEVEN DIAMONDS EIGHT,0.3128,0.0606,0.6266
CLUBS TEN DIAMONDS SIX,0.269,0.0886,0.6424
CLUBS EIGHT DIAMONDS FIVE,0.3618,0.0636,0.5746
CLUBS NINE CLUBS SEVEN,0.3218,0.0386,0.6396
HEARTS FOUR HEARTS JACK,0.2522,0.058,0.6898
CLUBS FIVE SPADES SEVEN,0.3616,0.0946,0.5438
CLUBS THREE DIAMONDS SIX,0.268,0.5208,0.2112
CLUBS JACK SPADES SEVEN,0.365,0.0212,0.6138
DIAMONDS THREE SPADES KING,0.4138,0.0108,0.5754
HEARTS FOUR HEARTS NINE,0.2584,0.1072,0.6344
SPADES FIVE HEARTS KING,0.3704,0.0088,0.6208
HEARTS TEN HEARTS NINE,0.324,0.0196,0.6564
SPADES EIGHT HEARTS JACK,0.3494,0.018,0.6326
HEARTS FIVE SPADES SEVEN,0.352,0.1006,0.5474
SPADES QUEEN DIAMONDS ACE,0.3506,0.003,0.6464
HEARTS FIVE CLUBS SIX,0.2252,0.4604,0.3144
HEARTS EIGHT CLUBS TWO,0.4084,0.0722,0.5194
HEARTS ACE HEARTS JACK,0.334,0.006,0.66
HEARTS TWO SPADES FIVE,0.5054,0.1582,0.3364
HEARTS FOUR CLUBS SIX,0.0224,0.9644,0.0132
CLUBS JACK CLUBS THREE,0.3868,0.02,0.5932
HEARTS KING DIAMONDS SEVEN,0.3532,0.0076,0.6392
CLUBS FIVE HEARTS QUEEN,0.3824,0.0134,0.6042
SPADES EIGHT HEARTS QUEEN,0.3644,0.011,0.6246
CLUBS KING CLUBS QUEEN,0.3384,0.0064,0.6552
SPADES SEVEN SPADES SIX,0.2236,0.1794,0.597
CLUBS SEVEN HEARTS ACE,0.352,0.0038,0.6442
SPADES TEN SPADES FOUR,0.26,0.0712,0.6688
CLUBS THREE HEARTS NINE,0.4106,0.0422,0.5472
CLUBS SEVEN SPADES NINE,0.3502,0.0442,0.6056
SPADES FIVE CLUBS TWO,0.497,0.1596,0.3434
CLUBS JACK DIAMONDS THREE,0.413,0.0198,0.5672
SPADES JACK HEARTS NINE,0.3502,0.0146,0.6352
DIAMONDS TWO CLUBS THREE,0.5226,0.1642,0.3132
DIAMONDS THREE HEARTS NINE,0.4102,0.0454,0.5444
CLUBS EIGHT DIAMONDS TEN,0.3316,0.024,0.6444
CLUBS EIGHT DIAMONDS EIGHT,0.1598,0.0976,0.7426
SPADES JACK SPADES TEN,0.3228,0.0168,0.6604
HEARTS EIGHT SPADES TWO,0.4202,0.0682,0.5116
CLUBS TEN CLUBS QUEEN,0.3414,0.0094,0.6492
CLUBS ACE HEARTS NINE,0.3528,0.0032,0.644
HEARTS EIGHT DIAMONDS FIVE,0.3486,0.0716,0.5798
HEARTS SEVEN SPADES THREE,0.398,0.1078,0.4942
CLUBS JACK DIAMONDS SIX,0.2626,0.0622,0.6752
DIAMONDS THREE DIAMONDS SEVEN,0.376,0.1018,0.5222
CLUBS FOUR HEARTS JACK,0.261,0.0578,0.6812
HEARTS EIGHT SPADES JACK,0.3446,0.0192,0.6362
CLUBS NINE HEARTS FIVE,0.3696,0.0428,0.5876
SPADES TEN HEARTS TWO,0.425,0.033,0.542
HEARTS ACE DIAMONDS TEN,0.3374,0.0082,0.6544
CLUBS KING HEARTS NINE,0.3604,0.0076,0.632
SPADES SEVEN CLUBS THREE,0.3972,0.1116,0.4912
CLUBS SIX HEARTS NINE,0.2522,0.1202,0.6276
SPADES QUEEN CLUBS THREE,0.402,0.0118,0.5862
HEARTS FOUR CLUBS THREE,0.4856,0.2648,0.2496
SPADES ACE HEARTS ACE,0.1624,0.0032,0.8344
SPADES ACE DIAMONDS FIVE,0.3728,0.0052,0.622
CLUBS TEN DIAMONDS SEVEN,0.344,0.0226,0.6334
SPADES ACE SPADES SEVEN,0.3258,0.0036,0.6706
CLUBS EIGHT CLUBS THREE,0.3922,0.0608,0.547
HEARTS ACE DIAMONDS EIGHT,0.347,0.0038,0.6492
DIAMONDS QUEEN HEARTS NINE,0.3372,0.0116,0.6512
SPADES QUEEN DIAMONDS SIX,0.2734,0.0504,0.6762
DIAMONDS KING CLUBS QUEEN,0.3566,0.0036,0.6398
SPADES SEVEN DIAMONDS SIX,0.2396,0.1964,0.564
CLUBS SEVEN DIAMONDS JACK,0.3554,0.0172,0.6274
HEARTS FOUR DIAMONDS TEN,0.2702,0.0828,0.647
SPADES KING CLUBS KING,0.1824,0.0214,0.7962
DIAMONDS THREE SPADES THREE,0.3532,0.1354,0.5114
DIAMONDS JACK HEARTS TEN,0.32,0.0148,0.6652
CLUBS EIGHT HEARTS ACE,0.3404,0.0062,0.6534
HEARTS FOUR DIAMONDS SEVEN,0.233,0.2,0.567
CLUBS TEN DIAMONDS KING,0.3464,0.0066,0.647
CLUBS FIVE SPADES FOUR,0.4836,0.2708,0.2456
HEARTS JACK DIAMONDS SIX,0.2576,0.0664,0.676
SPADES ACE SPADES JACK,0.3308,0.0044,0.6648
DIAMONDS ACE SPADES SIX,0.262,0.0302,0.7078
CLUBS THREE HEARTS ACE,0.3828,0.004,0.6132
DIAMONDS TWO CLUBS TWO,0.3686,0.1418,0.4896
DIAMONDS ACE HEARTS QUEEN,0.3546,0.0054,0.64
HEARTS EIGHT DIAMONDS SEVEN,0.31,0.065,0.625
CLUBS NINE CLUBS FIVE,0.3384,0.0428,0.6188
CLUBS EIGHT HEARTS QUEEN,0.3604,0.0106,0.629
HEARTS EIGHT SPADES TEN,0.3582,0.028,0.6138
SPADES NINE HEARTS TEN,0.343,0.0172,0.6398
CLUBS THREE DIAMONDS SEVEN,0.3894,0.1146,0.496
DIAMONDS THREE DIAMONDS SIX,0.2666,0.4894,0.244
SPADES JACK SPADES SEVEN,0.3326,0.018,0.6494
SPADES THREE CLUBS KING,0.4064,0.0086,0.585
SPADES ACE DIAMONDS TWO,0.4154,0.006,0.5786
CLUBS TEN SPADES EIGHT,0.3518,0.0232,0.625
SPADES QUEEN SPADES SIX,0.2642,0.0504,0.6854
SPADES SIX SPADES FIVE,0.2116,0.422,0.3664
CLUBS TEN HEARTS FIVE,0.3954,0.0302,0.5744
HEARTS EIGHT CLUBS THREE,0.4108,0.0676,0.5216
SPADES QUEEN CLUBS KING,0.367,0.0076,0.6254
SPADES JACK HEARTS TWO,0.4172,0.017,0.5658
SPADES EIGHT DIAMONDS SEVEN,0.321,0.0624,0.6166
CLUBS KING DIAMONDS FIVE,0.3824,0.0114,0.6062
HEARTS FIVE HEARTS KING,0.369,0.01,0.621
HEARTS FIVE SPADES JACK,0.3764,0.019,0.6046
CLUBS FIVE SPADES SIX,0.2192,0.4516,0.3292
HEARTS FIVE DIAMONDS NINE,0.3714,0.0458,0.5828
CLUBS EIGHT HEARTS TEN,0.34,0.0272,0.6328
SPADES KING CLUBS ACE,0.3596,0.003,0.6374
CLUBS EIGHT DIAMONDS SIX,0.2468,0.152,0.6012
HEARTS EIGHT HEARTS TWO,0.3876,0.0694,0.543
DIAMONDS JACK DIAMONDS EIGHT,0.3382,0.016,0.6458
DIAMONDS KING HEARTS KING,0.1556,0.0186,0.8258
DIAMONDS TEN DIAMONDS FIVE,0.3584,0.0284,0.6132
SPADES TEN DIAMONDS ACE,0.3596,0.004,0.6364
CLUBS SIX DIAMONDS FIVE,0.213,0.4636,0.3234
HEARTS FIVE DIAMONDS FIVE,0.234,0.133,0.633
SPADES JACK CLUBS SEVEN,0.3592,0.0168,0.624
CLUBS EIGHT DIAMONDS QUEEN,0.3566,0.0112,0.6322
DIAMONDS THREE HEARTS FIVE,0.4978,0.1642,0.338
CLUBS TEN SPADES QUEEN,0.354,0.0094,0.6366
DIAMONDS TWO DIAMONDS TEN,0.4052,0.0298,0.565
HEARTS EIGHT SPADES SIX,0.2402,0.157,0.6028
SPADES SIX CLUBS QUEEN,0.2674,0.0514,0.6812
SPADES TEN HEARTS THREE,0.4156,0.0308,0.5536
CLUBS TWO DIAMONDS EIGHT,0.408,0.069,0.523
HEARTS ACE CLUBS QUEEN,0.3466,0.0048,0.6486
SPADES SIX DIAMONDS EIGHT,0.2454,0.1466,0.608
SPADES ACE CLUBS QUEEN,0.3622,0.004,0.6338
SPADES TEN DIAMONDS FIVE,0.3892,0.0274,0.5834
CLUBS TEN HEARTS QUEEN,0.3484,0.0112,0.6404
CLUBS NINE CLUBS QUEEN,0.323,0.0096,0.6674
SPADES EIGHT SPADES SEVEN,0.3038,0.0544,0.6418
CLUBS SIX DIAMONDS EIGHT,0.2546,0.1382,0.6072
DIAMONDS NINE SPADES TWO,0.404,0.0446,0.5514
DIAMONDS NINE HEARTS JACK,0.3288,0.0166,0.6546
HEARTS EIGHT HEARTS QUEEN,0.349,0.0134,0.6376
SPADES JACK HEARTS TEN,0.3358,0.0134,0.6508
SPADES ACE HEARTS JACK,0.3546,0.0044,0.641
HEARTS SEVEN SPADES SIX,0.2316,0.1996,0.5688
CLUBS FOUR DIAMONDS NINE,0.2696,0.0952,0.6352
SPADES JACK HEARTS QUEEN,0.3456,0.0104,0.644
CLUBS FIVE DIAMONDS SEVEN,0.3322,0.1086,0.5592
HEARTS SEVEN SPADES QUEEN,0.3426,0.0106,0.6468
HEARTS THREE DIAMONDS QUEEN,0.4132,0.0156,0.5712
CLUBS NINE HEARTS ACE,0.3626,0.0052,0.6322
CLUBS THREE SPADES TWO,0.5056,0.1666,0.3278
DIAMONDS TWO CLUBS SEVEN,0.4238,0.1032,0.473
HEARTS FIVE DIAMONDS SIX,0.2128,0.4754,0.3118
DIAMONDS JACK HEARTS ACE,0.3438,0.0038,0.6524
DIAMONDS JACK DIAMONDS TEN,0.3258,0.016,0.6582
HEARTS TWO CLUBS THREE,0.5252,0.1702,0.3046
CLUBS THREE DIAMONDS TEN,0.416,0.0322,0.5518
SPADES NINE CLUBS ACE,0.3678,0.0034,0.6288
HEARTS FOUR SPADES THREE,0.486,0.2782,0.2358
DIAMONDS TWO SPADES TEN,0.4368,0.0344,0.5288
SPADES ACE SPADES TEN,0.332,0.0046,0.6634
SPADES FIVE CLUBS KING,0.3846,0.008,0.6074
CLUBS TEN CLUBS SEVEN,0.324,0.0324,0.6436
HEARTS ACE HEARTS KING,0.3364,0.0052,0.6584
SPADES KING HEARTS KING,0.1654,0.0156,0.819
CLUBS NINE HEARTS NINE,0.1738,0.0756,0.7506
DIAMONDS TEN HEARTS NINE,0.3284,0.0248,0.6468
DIAMONDS THREE DIAMONDS TEN,0.3838,0.0326,0.5836
CLUBS TWO CLUBS ACE,0.3804,0.0052,0.6144
SPADES KING DIAMONDS FIVE,0.3612,0.0064,0.6324
DIAMONDS NINE HEARTS QUEEN,0.347,0.011,0.642
CLUBS FIVE CLUBS THREE,0.4616,0.1546,0.3838
SPADES KING CLUBS EIGHT,0.3672,0.007,0.6258
DIAMONDS TWO HEARTS ACE,0.4026,0.006,0.5914
CLUBS TEN SPADES TWO,0.418,0.0346,0.5474
DIAMONDS TWO DIAMONDS NINE,0.3974,0.0436,0.559
HEARTS EIGHT HEARTS SEVEN,0.309,0.0634,0.6276
SPADES EIGHT DIAMONDS EIGHT,0.1526,0.09,0.7574
HEARTS TWO CLUBS QUEEN,0.42,0.0124,0.5676
CLUBS TWO SPADES THREE,0.5176,0.1596,0.3228
DIAMONDS ACE DIAMONDS QUEEN,0.3454,0.0046,0.65
DIAMONDS QUEEN DIAMONDS TEN,0.3422,0.0112,0.6466
DIAMONDS QUEEN DIAMONDS JACK,0.3318,0.0102,0.658
SPADES FIVE SPADES THREE,0.4644,0.1478,0.3878
DIAMONDS THREE DIAMONDS ACE,0.3786,0.0064,0.615
DIAMONDS NINE CLUBS QUEEN,0.3466,0.0086,0.6448
HEARTS EIGHT HEARTS JACK,0.3336,0.0204,0.646
SPADES THREE HEARTS TEN,0.3986,0.0334,0.568
SPADES TEN CLUBS SEVEN,0.35,0.0288,0.6212
HEARTS TWO CLUBS KING,0.4152,0.0086,0.5762
HEARTS THREE CLUBS FOUR,0.4964,0.2588,0.2448
HEARTS KING CLUBS KING,0.1668,0.0198,0.8134
HEARTS NINE DIAMONDS FIVE,0.3602,0.0424,0.5974
HEARTS FIVE HEARTS THREE,0.4728,0.141,0.3862
CLUBS EIGHT SPADES NINE,0.3506,0.036,0.6134
CLUBS NINE SPADES FOUR,0.271,0.1038,0.6252
SPADES SIX HEARTS JACK,0.2744,0.0648,0.6608
CLUBS TEN HEARTS TEN,0.1708,0.0662,0.763
SPADES FOUR SPADES TWO,0.4602,0.2522,0.2876
SPADES QUEEN SPADES EIGHT,0.3358,0.0118,0.6524
CLUBS FIVE CLUBS FOUR,0.4462,0.2592,0.2946
CLUBS ACE DIAMONDS SEVEN,0.3572,0.0038,0.639
DIAMONDS TWO SPADES SIX,0.2924,0.4962,0.2114
SPADES QUEEN DIAMONDS JACK,0.3562,0.0082,0.6356
DIAMONDS ACE CLUBS FOUR,0.2502,0.0208,0.729
DIAMONDS QUEEN CLUBS ACE,0.3398,0.0044,0.6558
SPADES KING CLUBS TEN,0.3586,0.0058,0.6356
CLUBS EIGHT DIAMONDS NINE,0.3404,0.0424,0.6172
CLUBS FIVE CLUBS KING,0.3454,0.0086,0.646
SPADES NINE DIAMONDS NINE,0.1602,0.0746,0.7652
SPADES FOUR HEARTS QUEEN,0.2708,0.0424,0.6868
DIAMONDS THREE HEARTS TEN,0.4032,0.0344,0.5624
SPADES JACK CLUBS THREE,0.4144,0.0168,0.5688
SPADES KING CLUBS FOUR,0.2844,0.0294,0.6862
CLUBS NINE DIAMONDS QUEEN,0.362,0.0114,0.6266
DIAMONDS THREE SPADES JACK,0.4078,0.0192,0.573
DIAMONDS ACE SPADES THREE,0.3984,0.0044,0.5972
HEARTS FOUR HEARTS KING,0.26,0.0318,0.7082
HEARTS THREE SPADES FIVE,0.4796,0.1646,0.3558
DIAMONDS TWO DIAMONDS JACK,0.3964,0.0182,0.5854
CLUBS EIGHT SPADES EIGHT,0.161,0.0908,0.7482
HEARTS FIVE SPADES EIGHT,0.3668,0.0646,0.5686
SPADES JACK DIAMONDS SEVEN,0.3546,0.0166,0.6288
DIAMONDS THREE DIAMONDS FIVE,0.4572,0.152,0.3908
CLUBS JACK CLUBS SIX,0.242,0.0624,0.6956
CLUBS ACE HEARTS TEN,0.3608,0.0054,0.6338
HEARTS EIGHT DIAMONDS THREE,0.4146,0.0792,0.5062
HEARTS SEVEN SPADES SEVEN,0.1442,0.1078,0.748
DIAMONDS EIGHT DIAMONDS SIX,0.2416,0.137,0.6214
HEARTS FOUR DIAMONDS FIVE,0.4838,0.2706,0.2456
CLUBS THREE SPADES FIVE,0.4922,0.1524,0.3554
SPADES THREE DIAMONDS EIGHT,0.413,0.0694,0.5176
CLUBS NINE SPADES EIGHT,0.3308,0.041,0.6282
SPADES JACK HEARTS KING,0.3606,0.0076,0.6318
CLUBS TEN HEARTS KING,0.3504,0.0068,0.6428
HEARTS QUEEN HEARTS NINE,0.353,0.008,0.639
HEARTS TWO SPADES SIX,0.2934,0.5022,0.2044
CLUBS TEN HEARTS NINE,0.3336,0.0268,0.6396
SPADES SEVEN SPADES THREE,0.3726,0.1,0.5274
SPADES TEN SPADES TWO,0.397,0.0312,0.5718
SPADES KING HEARTS FIVE,0.3894,0.011,0.5996
CLUBS FIVE DIAMONDS EIGHT,0.354,0.067,0.579
HEARTS TWO HEARTS ACE,0.3974,0.0054,0.5972
HEARTS SEVEN CLUBS FOUR,0.2362,0.1928,0.571
DIAMONDS TWO SPADES QUEEN,0.4192,0.013,0.5678
CLUBS SEVEN HEARTS TEN,0.357,0.0256,0.6174
HEARTS EIGHT DIAMONDS SIX,0.2492,0.1548,0.596
SPADES SEVEN DIAMONDS KING,0.3504,0.0082,0.6414
HEARTS FIVE DIAMONDS JACK,0.3798,0.0174,0.6028
SPADES NINE DIAMONDS SEVEN,0.3342,0.043,0.6228
CLUBS JACK HEARTS TWO,0.415,0.0208,0.5642
DIAMONDS JACK DIAMONDS FIVE,0.3636,0.0204,0.616
CLUBS THREE DIAMONDS QUEEN,0.4186,0.0116,0.5698
CLUBS JACK DIAMONDS NINE,0.3574,0.0166,0.626
CLUBS FIVE CLUBS TWO,0.4648,0.1566,0.3786
SPADES ACE SPADES TWO,0.3762,0.005,0.6188
HEARTS EIGHT SPADES EIGHT,0.1594,0.0894,0.7512
SPADES SIX CLUBS ACE,0.277,0.03,0.693
SPADES NINE CLUBS THREE,0.4232,0.045,0.5318
SPADES QUEEN SPADES JACK,0.3348,0.0094,0.6558
SPADES TWO HEARTS JACK,0.3998,0.02,0.5802
CLUBS JACK CLUBS TWO,0.384,0.0178,0.5982
DIAMONDS QUEEN SPADES TWO,0.4218,0.0142,0.564
CLUBS NINE SPADES SIX,0.253,0.1086,0.6384
SPADES ACE CLUBS FIVE,0.3558,0.006,0.6382
CLUBS SIX CLUBS ACE,0.2634,0.0244,0.7122
HEARTS FOUR CLUBS TWO,0.4828,0.2876,0.2296
HEARTS JACK DIAMONDS SEVEN,0.3444,0.0208,0.6348
HEARTS FIVE SPADES FIVE,0.2352,0.1352,0.6296
HEARTS EIGHT DIAMONDS QUEEN,0.3416,0.0132,0.6452
CLUBS THREE SPADES FOUR,0.4784,0.271,0.2506
DIAMONDS ACE HEARTS KING,0.3482,0.0042,0.6476
HEARTS FIVE DIAMONDS EIGHT,0.3578,0.0628,0.5794
DIAMONDS JACK HEARTS QUEEN,0.3452,0.0102,0.6446
SPADES ACE HEARTS EIGHT,0.3614,0.004,0.6346
DIAMONDS NINE HEARTS TEN,0.3366,0.0232,0.6402
CLUBS TEN SPADES SEVEN,0.3668,0.0298,0.6034
CLUBS EIGHT SPADES SIX,0.2526,0.1406,0.6068
SPADES JACK CLUBS QUEEN,0.3622,0.0088,0.629
CLUBS NINE DIAMONDS EIGHT,0.3316,0.0454,0.623
DIAMONDS EIGHT DIAMONDS SEVEN,0.311,0.0602,0.6288
CLUBS THREE HEARTS TEN,0.4,0.0316,0.5684
DIAMONDS KING DIAMONDS SEVEN,0.3424,0.0098,0.6478
SPADES EIGHT DIAMONDS NINE,0.3258,0.041,0.6332
CLUBS JACK SPADES THREE,0.4008,0.0216,0.5776
DIAMONDS TEN CLUBS KING,0.3506,0.0066,0.6428
CLUBS NINE SPADES TEN,0.353,0.0264,0.6206
DIAMONDS THREE HEARTS QUEEN,0.4072,0.0146,0.5782
CLUBS EIGHT SPADES TEN,0.3502,0.0266,0.6232
CLUBS SEVEN SPADES EIGHT,0.3308,0.0596,0.6096
CLUBS JACK HEARTS NINE,0.34,0.0158,0.6442
DIAMONDS QUEEN HEARTS QUEEN,0.1626,0.036,0.8014
CLUBS SEVEN CLUBS THREE,0.3776,0.101,0.5214
CLUBS THREE HEARTS JACK,0.4062,0.0216,0.5722
CLUBS TWO HEARTS TEN,0.4154,0.0252,0.5594
SPADES JACK CLUBS SIX,0.2758,0.0606,0.6636
SPADES SEVEN DIAMONDS TEN,0.3518,0.0292,0.619
SPADES JACK CLUBS KING,0.3414,0.006,0.6526
DIAMONDS TWO DIAMONDS EIGHT,0.3894,0.064,0.5466
HEARTS FOUR SPADES SIX,0.0206,0.9684,0.011
SPADES NINE DIAMONDS KING,0.3506,0.0074,0.642
DIAMONDS THREE CLUBS ACE,0.4034,0.0056,0.591
DIAMONDS TWO HEARTS TEN,0.4094,0.0326,0.558
CLUBS FOUR SPADES FOUR,0.2548,0.099,0.6462
CLUBS ACE CLUBS QUEEN,0.3382,0.0038,0.658
SPADES EIGHT DIAMONDS JACK,0.3506,0.0156,0.6338
CLUBS TEN SPADES THREE,0.4128,0.0266,0.5606
CLUBS EIGHT CLUBS FIVE,0.34,0.0606,0.5994
DIAMONDS SIX HEARTS NINE,0.231,0.122,0.647
DIAMONDS THREE SPADES NINE,0.4158,0.0468,0.5374
DIAMONDS NINE DIAMONDS SIX,0.2444,0.1084,0.6472
HEARTS FIVE HEARTS NINE,0.3542,0.041,0.6048
HEARTS TWO CLUBS FOUR,0.492,0.2754,0.2326
SPADES JACK CLUBS EIGHT,0.3576,0.0154,0.627
HEARTS TWO DIAMONDS FIVE,0.4972,0.1726,0.3302
SPADES JACK DIAMONDS EIGHT,0.3472,0.0178,0.635
HEARTS SEVEN DIAMONDS SIX,0.2242,0.2088,0.567
CLUBS SIX SPADES FIVE,0.2202,0.4528,0.327
SPADES THREE DIAMONDS FIVE,0.4832,0.1524,0.3644
HEARTS EIGHT DIAMONDS ACE,0.3524,0.0052,0.6424
SPADES FIVE HEARTS JACK,0.367,0.0214,0.6116
HEARTS FOUR DIAMONDS ACE,0.247,0.0208,0.7322
SPADES NINE CLUBS QUEEN,0.3622,0.0074,0.6304
CLUBS SIX HEARTS TWO,0.2894,0.4976,0.213
HEARTS SEVEN DIAMONDS KING,0.3524,0.0098,0.6378
CLUBS SIX CLUBS QUEEN,0.2478,0.0498,0.7024
CLUBS TEN CLUBS KING,0.3352,0.0074,0.6574
HEARTS FIVE HEARTS JACK,0.3634,0.0188,0.6178
DIAMONDS THREE DIAMONDS JACK,0.3894,0.0204,0.5902
HEARTS EIGHT DIAMONDS JACK,0.347,0.0182,0.6348
HEARTS SEVEN DIAMONDS TEN,0.3384,0.0256,0.636
SPADES NINE CLUBS FIVE,0.3698,0.0476,0.5826
CLUBS JACK CLUBS ACE,0.3226,0.0042,0.6732
CLUBS FOUR DIAMONDS TEN,0.277,0.0742,0.6488
SPADES TWO HEARTS QUEEN,0.4264,0.0146,0.559
CLUBS SIX SPADES SIX,0.107,0.111,0.782
SPADES QUEEN SPADES FOUR,0.2594,0.0432,0.6974
HEARTS SEVEN SPADES JACK,0.3546,0.0174,0.628
SPADES FOUR DIAMONDS EIGHT,0.2488,0.1422,0.609
SPADES FIVE CLUBS QUEEN,0.3826,0.0124,0.605
SPADES TEN SPADES NINE,0.3306,0.0258,0.6436
SPADES THREE DIAMONDS NINE,0.4248,0.0412,0.534
DIAMONDS JACK CLUBS QUEEN,0.3462,0.0084,0.6454
CLUBS JACK SPADES SIX,0.2756,0.0634,0.661
CLUBS TEN SPADES FIVE,0.3848,0.0218,0.5934
CLUBS NINE CLUBS EIGHT,0.3186,0.0396,0.6418
SPADES FOUR DIAMONDS SIX,0.0088,0.973,0.0182
CLUBS EIGHT DIAMONDS KING,0.3504,0.0082,0.6414
CLUBS JACK HEARTS ACE,0.3598,0.0032,0.637
HEARTS EIGHT SPADES FIVE,0.3626,0.0662,0.5712
SPADES FOUR HEARTS ACE,0.2352,0.0196,0.7452
CLUBS TEN CLUBS ACE,0.3446,0.0048,0.6506
SPADES TWO DIAMONDS FIVE,0.4962,0.164,0.3398
SPADES TWO DIAMONDS SIX,0.2918,0.4946,0.2136
SPADES EIGHT DIAMONDS KING,0.3658,0.0064,0.6278
HEARTS ACE SPADES THREE,0.4026,0.004,0.5934
CLUBS SIX DIAMONDS JACK,0.264,0.0666,0.6694
CLUBS TEN HEARTS JACK,0.3442,0.0154,0.6404
HEARTS THREE HEARTS NINE,0.3824,0.0446,0.573
SPADES KING DIAMONDS KING,0.1718,0.0172,0.811
SPADES TWO HEARTS TEN,0.4068,0.032,0.5612
CLUBS JACK DIAMONDS TWO,0.4214,0.0204,0.5582
CLUBS FOUR CLUBS QUEEN,0.2554,0.0392,0.7054
HEARTS JACK CLUBS QUEEN,0.3434,0.0098,0.6468
DIAMONDS THREE SPADES EIGHT,0.4198,0.0652,0.515
DIAMONDS QUEEN CLUBS KING,0.354,0.0058,0.6402
CLUBS SIX SPADES TWO,0.284,0.4994,0.2166
HEARTS EIGHT HEARTS KING,0.342,0.0058,0.6522
SPADES NINE DIAMONDS JACK,0.3408,0.0138,0.6454
DIAMONDS QUEEN HEARTS KING,0.3558,0.0086,0.6356
CLUBS SEVEN DIAMONDS FIVE,0.3504,0.0958,0.5538
CLUBS SEVEN DIAMONDS ACE,0.3566,0.0032,0.6402
SPADES NINE CLUBS SIX,0.2444,0.1176,0.638
CLUBS TWO SPADES FOUR,0.4826,0.275,0.2424
HEARTS EIGHT DIAMONDS TEN,0.3446,0.0248,0.6306
HEARTS FOUR HEARTS ACE,0.241,0.0198,0.7392
DIAMONDS TWO CLUBS EIGHT,0.4222,0.0702,0.5076
SPADES KING SPADES THREE,0.3874,0.0112,0.6014
HEARTS QUEEN DIAMONDS EIGHT,0.3512,0.0106,0.6382
SPADES SEVEN DIAMONDS FIVE,0.34,0.1028,0.5572
SPADES SIX HEARTS QUEEN,0.2574,0.0558,0.6868
DIAMONDS TWO HEARTS FOUR,0.4796,0.2792,0.2412
SPADES NINE SPADES FIVE,0.349,0.0418,0.6092
HEARTS SEVEN HEARTS QUEEN,0.3456,0.0134,0.641
DIAMONDS TWO HEARTS THREE,0.516,0.1638,0.3202
DIAMONDS JACK CLUBS ACE,0.3564,0.0044,0.6392
DIAMONDS QUEEN DIAMONDS NINE,0.3342,0.0132,0.6526
CLUBS SEVEN SPADES SEVEN,0.1514,0.1034,0.7452
SPADES ACE DIAMONDS NINE,0.3504,0.004,0.6456
SPADES TWO DIAMONDS EIGHT,0.4236,0.063,0.5134
SPADES JACK SPADES EIGHT,0.333,0.017,0.65
SPADES QUEEN HEARTS NINE,0.3582,0.0126,0.6292
SPADES ACE DIAMONDS KING,0.357,0.0036,0.6394
SPADES JACK DIAMONDS KING,0.3538,0.0068,0.6394
CLUBS EIGHT HEARTS THREE,0.407,0.0664,0.5266
HEARTS TWO SPADES THREE,0.5316,0.162,0.3064
DIAMONDS ACE CLUBS QUEEN,0.358,0.0032,0.6388
SPADES FIVE SPADES TWO,0.4626,0.1614,0.376
SPADES JACK DIAMONDS JACK,0.1702,0.045,0.7848
DIAMONDS ACE DIAMONDS EIGHT,0.337,0.0048,0.6582
HEARTS TWO DIAMONDS EIGHT,0.4308,0.067,0.5022
CLUBS NINE HEARTS TEN,0.344,0.0216,0.6344
HEARTS EIGHT HEARTS TEN,0.3386,0.02,0.6414
CLUBS FIVE HEARTS TEN,0.3646,0.0274,0.608
DIAMONDS THREE CLUBS THREE,0.3632,0.1424,0.4944
SPADES NINE CLUBS KING,0.3596,0.0058,0.6346
CLUBS JACK HEARTS KING,0.3508,0.008,0.6412
HEARTS SEVEN HEARTS TWO,0.3892,0.1018,0.509
HEARTS SEVEN SPADES NINE,0.3374,0.0382,0.6244
HEARTS EIGHT CLUBS EIGHT,0.1586,0.09,0.7514
HEARTS FIVE CLUBS EIGHT,0.3644,0.0724,0.5632
SPADES JACK HEARTS ACE,0.3502,0.005,0.6448
SPADES THREE DIAMONDS SIX,0.2686,0.5098,0.2216
CLUBS FOUR SPADES THREE,0.4922,0.2702,0.2376
SPADES ACE DIAMONDS SIX,0.267,0.027,0.706
CLUBS ACE DIAMONDS SIX,0.2696,0.0294,0.701
SPADES FOUR CLUBS KING,0.2864,0.0284,0.6852
SPADES KING CLUBS SIX,0.268,0.0378,0.6942
CLUBS KING DIAMONDS SIX,0.258,0.0392,0.7028
SPADES JACK DIAMONDS NINE,0.3494,0.017,0.6336
DIAMONDS THREE CLUBS EIGHT,0.4194,0.068,0.5126
SPADES TEN CLUBS FIVE,0.3926,0.0298,0.5776
SPADES QUEEN DIAMONDS TEN,0.3536,0.0096,0.6368
HEARTS EIGHT CLUBS SEVEN,0.3296,0.0642,0.6062
CLUBS SEVEN HEARTS QUEEN,0.3696,0.01,0.6204
HEARTS KING HEARTS JACK,0.336,0.0056,0.6584
HEARTS QUEEN DIAMONDS SIX,0.255,0.0458,0.6992
HEARTS TWO DIAMONDS KING,0.4228,0.0102,0.567
SPADES KING HEARTS SEVEN,0.356,0.0068,0.6372
CLUBS FOUR HEARTS ACE,0.2524,0.0178,0.7298
CLUBS NINE SPADES SEVEN,0.3556,0.0366,0.6078
HEARTS THREE SPADES THREE,0.3502,0.1338,0.516
HEARTS FOUR SPADES SEVEN,0.2396,0.199,0.5614
SPADES QUEEN CLUBS EIGHT,0.3658,0.0128,0.6214
SPADES TEN SPADES FIVE,0.3624,0.0262,0.6114
SPADES NINE HEARTS TWO,0.4264,0.0462,0.5274
CLUBS EIGHT HEARTS JACK,0.3526,0.023,0.6244
CLUBS NINE SPADES JACK,0.3526,0.0172,0.6302
CLUBS THREE DIAMONDS NINE,0.4106,0.046,0.5434
DIAMONDS TWO DIAMONDS KING,0.3968,0.01,0.5932
CLUBS ACE HEARTS JACK,0.3414,0.0044,0.6542
HEARTS KING CLUBS QUEEN,0.3586,0.0082,0.6332
HEARTS THREE HEARTS ACE,0.3774,0.006,0.6166
HEARTS FIVE HEARTS QUEEN,0.3678,0.0116,0.6206
CLUBS SEVEN CLUBS TWO,0.4,0.0944,0.5056
HEARTS FOUR CLUBS FIVE,0.4834,0.28,0.2366
SPADES NINE DIAMONDS QUEEN,0.359,0.0108,0.6302
CLUBS FIVE DIAMONDS SIX,0.2114,0.4626,0.326
HEARTS SEVEN DIAMONDS ACE,0.3538,0.0058,0.6404
HEARTS FOUR DIAMONDS KING,0.273,0.0298,0.6972
DIAMONDS SEVEN DIAMONDS SIX,0.2256,0.1948,0.5796
SPADES THREE SPADES TWO,0.4836,0.1466,0.3698
SPADES FIVE DIAMONDS NINE,0.3664,0.0424,0.5912
CLUBS SIX CLUBS FOUR,0.0214,0.9124,0.0662
CLUBS FIVE DIAMONDS NINE,0.3698,0.0398,0.5904
HEARTS SEVEN HEARTS FIVE,0.334,0.096,0.57
SPADES KING HEARTS QUEEN,0.3674,0.0086,0.624
CLUBS TWO HEARTS NINE,0.4056,0.0426,0.5518
CLUBS FOUR DIAMONDS SIX,0.011,0.9696,0.0194
DIAMONDS THREE DIAMONDS QUEEN,0.4022,0.0136,0.5842
CLUBS EIGHT SPADES FOUR,0.2628,0.142,0.5952
CLUBS TEN DIAMONDS QUEEN,0.352,0.0072,0.6408
CLUBS EIGHT HEARTS KING,0.3562,0.0096,0.6342
DIAMONDS JACK HEARTS KING,0.3558,0.0056,0.6386
CLUBS THREE HEARTS QUEEN,0.4168,0.0136,0.5696
DIAMONDS KING HEARTS TEN,0.3426,0.0076,0.6498
SPADES EIGHT CLUBS THREE,0.426,0.0622,0.5118
SPADES NINE SPADES EIGHT,0.3132,0.0404,0.6464
SPADES JACK SPADES THREE,0.3848,0.0204,0.5948
DIAMONDS SEVEN CLUBS KING,0.3608,0.0082,0.631
CLUBS TEN SPADES JACK,0.3452,0.0128,0.642
CLUBS SEVEN HEARTS NINE,0.3468,0.042,0.6112
SPADES SEVEN HEARTS KING,0.3572,0.009,0.6338
CLUBS SIX HEARTS TEN,0.2566,0.085,0.6584
DIAMONDS QUEEN HEARTS TEN,0.3432,0.0148,0.642
SPADES SEVEN DIAMONDS SEVEN,0.1478,0.1044,0.7478
SPADES QUEEN DIAMONDS SEVEN,0.3542,0.0132,0.6326
SPADES SIX HEARTS NINE,0.2446,0.1048,0.6506
CLUBS EIGHT HEARTS TWO,0.4184,0.065,0.5166
HEARTS THREE HEARTS QUEEN,0.3896,0.0126,0.5978
SPADES NINE SPADES FOUR,0.2446,0.0996,0.6558
CLUBS FOUR DIAMONDS QUEEN,0.275,0.0394,0.6856
HEARTS THREE SPADES SEVEN,0.4024,0.1052,0.4924
SPADES TEN HEARTS KING,0.3566,0.0068,0.6366
CLUBS ACE DIAMONDS FIVE,0.352,0.005,0.643
SPADES ACE SPADES THREE,0.3676,0.0058,0.6266
SPADES NINE DIAMONDS TEN,0.3276,0.0264,0.646
CLUBS JACK SPADES QUEEN,0.3618,0.009,0.6292
DIAMONDS ACE DIAMONDS NINE,0.3406,0.006,0.6534
SPADES NINE DIAMONDS FIVE,0.3776,0.0452,0.5772
SPADES ACE CLUBS SIX,0.272,0.0254,0.7026
CLUBS FIVE CLUBS ACE,0.3426,0.0032,0.6542
DIAMONDS TEN HEARTS KING,0.3476,0.007,0.6454
SPADES ACE SPADES SIX,0.2586,0.0268,0.7146
CLUBS THREE DIAMONDS EIGHT,0.3934,0.0622,0.5444
HEARTS FIVE SPADES TWO,0.511,0.1498,0.3392
CLUBS JACK HEARTS JACK,0.1656,0.048,0.7864
SPADES ACE CLUBS JACK,0.3562,0.0036,0.6402
SPADES TEN DIAMONDS TEN,0.1772,0.06,0.7628
SPADES EIGHT DIAMONDS SIX,0.2476,0.142,0.6104
DIAMONDS KING SPADES FOUR,0.286,0.033,0.681
HEARTS KING HEARTS TEN,0.3386,0.0078,0.6536
SPADES FOUR HEARTS TEN,0.2574,0.076,0.6666
DIAMONDS THREE CLUBS TWO,0.5294,0.1582,0.3124
HEARTS EIGHT HEARTS ACE,0.3424,0.0052,0.6524
SPADES ACE CLUBS ACE,0.177,0.0032,0.8198
CLUBS JACK DIAMONDS KING,0.35,0.0062,0.6438
DIAMONDS ACE CLUBS ACE,0.1714,0.004,0.8246
SPADES QUEEN CLUBS FOUR,0.2886,0.0408,0.6706
SPADES SIX CLUBS TWO,0.295,0.4982,0.2068
HEARTS SEVEN CLUBS SEVEN,0.1402,0.112,0.7478
CLUBS TEN CLUBS THREE,0.3806,0.0302,0.5892
DIAMONDS TWO SPADES NINE,0.4266,0.0462,0.5272
HEARTS EIGHT CLUBS FOUR,0.2498,0.1436,0.6066
SPADES THREE CLUBS QUEEN,0.4054,0.0122,0.5824
CLUBS FOUR DIAMONDS EIGHT,0.2616,0.1446,0.5938
SPADES JACK HEARTS THREE,0.4148,0.0218,0.5634
HEARTS FIVE CLUBS THREE,0.4926,0.1664,0.341
HEARTS EIGHT CLUBS KING,0.3598,0.0074,0.6328
DIAMONDS ACE CLUBS KING,0.349,0.0062,0.6448
SPADES KING CLUBS NINE,0.362,0.005,0.633
SPADES FIVE DIAMONDS FIVE,0.2318,0.1266,0.6416
DIAMONDS QUEEN HEARTS JACK,0.3472,0.0112,0.6416
SPADES TEN HEARTS ACE,0.3564,0.0036,0.64
SPADES KING DIAMONDS SEVEN,0.3556,0.0064,0.638
DIAMONDS THREE HEARTS KING,0.4154,0.0106,0.574
HEARTS THREE SPADES FOUR,0.478,0.2808,0.2412
DIAMONDS KING SPADES FIVE,0.3882,0.0072,0.6046
SPADES KING CLUBS THREE,0.4068,0.0088,0.5844
HEARTS TWO SPADES FOUR,0.4926,0.275,0.2324
HEARTS FOUR DIAMONDS SIX,0.0092,0.984,0.0068
CLUBS SIX DIAMONDS ACE,0.27,0.0282,0.7018
CLUBS FOUR CLUBS THREE,0.4624,0.245,0.2926
SPADES ACE CLUBS KING,0.3678,0.0036,0.6286
SPADES ACE HEARTS QUEEN,0.3492,0.0052,0.6456
SPADES TWO CLUBS KING,0.424,0.0078,0.5682
CLUBS TWO DIAMONDS FIVE,0.492,0.1606,0.3474
CLUBS JACK SPADES EIGHT,0.3642,0.0154,0.6204
DIAMONDS QUEEN SPADES FIVE,0.377,0.0122,0.6108
HEARTS FOUR CLUBS ACE,0.256,0.021,0.723
SPADES TEN CLUBS THREE,0.4102,0.0282,0.5616
SPADES FIVE SPADES FOUR,0.4388,0.2642,0.297
DIAMONDS KING CLUBS ACE,0.362,0.0032,0.6348
CLUBS TEN DIAMONDS ACE,0.3592,0.0034,0.6374
DIAMONDS THREE CLUBS QUEEN,0.4122,0.0142,0.5736
DIAMONDS KING DIAMONDS QUEEN,0.3392,0.0076,0.6532
DIAMONDS THREE DIAMONDS TWO,0.4974,0.1504,0.3522
CLUBS TWO HEARTS ACE,0.3974,0.0064,0.5962
CLUBS FIVE HEARTS JACK,0.3854,0.0214,0.5932
CLUBS NINE DIAMONDS JACK,0.3492,0.0176,0.6332
CLUBS NINE CLUBS SIX,0.2416,0.109,0.6494
DIAMONDS TWO HEARTS NINE,0.4166,0.048,0.5354
HEARTS EIGHT CLUBS FIVE,0.345,0.0704,0.5846
HEARTS SEVEN CLUBS NINE,0.3284,0.0426,0.629
HEARTS SEVEN DIAMONDS NINE,0.3328,0.0442,0.623
SPADES TEN HEARTS TEN,0.1736,0.06,0.7664
CLUBS SEVEN DIAMONDS EIGHT,0.3166,0.0608,0.6226
SPADES JACK SPADES SIX,0.255,0.0574,0.6876
HEARTS SEVEN SPADES FIVE,0.3398,0.1052,0.555
CLUBS FIVE DIAMONDS TEN,0.3842,0.026,0.5898
HEARTS FOUR CLUBS FOUR,0.2696,0.1042,0.6262
DIAMONDS TEN SPADES THREE,0.4124,0.028,0.5596
CLUBS SEVEN SPADES TWO,0.428,0.105,0.467
SPADES EIGHT SPADES FOUR,0.2496,0.125,0.6254
DIAMONDS THREE CLUBS FOUR,0.4902,0.272,0.2378
SPADES EIGHT HEARTS NINE,0.3374,0.0404,0.6222
SPADES KING HEARTS FOUR,0.2878,0.0262,0.686
SPADES KING CLUBS TWO,0.429,0.0106,0.5604
CLUBS NINE DIAMONDS ACE,0.3588,0.0044,0.6368
SPADES ACE CLUBS TWO,0.4018,0.0046,0.5936
SPADES ACE HEARTS TWO,0.4004,0.0064,0.5932
HEARTS ACE DIAMONDS NINE,0.3358,0.0064,0.6578
HEARTS FIVE CLUBS ACE,0.3864,0.0068,0.6068
HEARTS TWO CLUBS TWO,0.3646,0.1368,0.4986
SPADES SEVEN HEARTS ACE,0.3594,0.0044,0.6362
CLUBS JACK DIAMONDS ACE,0.3614,0.0044,0.6342
HEARTS QUEEN CLUBS QUEEN,0.1658,0.03,0.8042
DIAMONDS SIX CLUBS QUEEN,0.2702,0.054,0.6758
HEARTS TWO CLUBS ACE,0.4044,0.0046,0.591
SPADES EIGHT SPADES TWO,0.3862,0.0566,0.5572
CLUBS THREE DIAMONDS FIVE,0.5022,0.1582,0.3396
SPADES ACE HEARTS FOUR,0.2538,0.0194,0.7268
HEARTS SEVEN CLUBS KING,0.3586,0.0068,0.6346
HEARTS SEVEN CLUBS THREE,0.4008,0.1002,0.499
DIAMONDS ACE HEARTS NINE,0.3482,0.0062,0.6456
SPADES FIVE DIAMONDS EIGHT,0.3618,0.0654,0.5728
CLUBS NINE DIAMONDS NINE,0.172,0.074,0.754
DIAMONDS KING DIAMONDS EIGHT,0.348,0.01,0.642
CLUBS JACK CLUBS FOUR,0.2584,0.0526,0.689
HEARTS KING DIAMONDS FIVE,0.3678,0.0096,0.6226
CLUBS FIVE SPADES THREE,0.4986,0.156,0.3454
CLUBS EIGHT CLUBS TWO,0.3984,0.0598,0.5418
CLUBS FOUR HEARTS KING,0.262,0.0302,0.7078
HEARTS KING DIAMONDS SIX,0.2654,0.0446,0.69
SPADES QUEEN HEARTS KING,0.3614,0.0066,0.632
SPADES KING CLUBS SEVEN,0.3668,0.0064,0.6268
DIAMONDS TWO HEARTS QUEEN,0.42,0.0154,0.5646
HEARTS EIGHT CLUBS ACE,0.3558,0.0042,0.64
DIAMONDS THREE CLUBS TEN,0.4202,0.0334,0.5464
HEARTS TEN DIAMONDS SIX,0.257,0.0846,0.6584
SPADES FOUR DIAMONDS TEN,0.2582,0.0758,0.666
SPADES QUEEN CLUBS FIVE,0.3824,0.0114,0.6062
HEARTS FOUR SPADES TWO,0.4862,0.2704,0.2434
CLUBS THREE CLUBS QUEEN,0.3954,0.014,0.5906
HEARTS FIVE SPADES THREE,0.4982,0.1624,0.3394
SPADES TEN SPADES EIGHT,0.3272,0.0262,0.6466
SPADES QUEEN CLUBS TWO,0.4204,0.0132,0.5664
DIAMONDS TEN SPADES TWO,0.4088,0.0326,0.5586
CLUBS TWO DIAMONDS TEN,0.4148,0.0288,0.5564
SPADES ACE SPADES NINE,0.3296,0.0036,0.6668
SPADES TWO HEARTS NINE,0.4088,0.047,0.5442
HEARTS FIVE SPADES FOUR,0.483,0.271,0.246
DIAMONDS TWO CLUBS FOUR,0.4766,0.2898,0.2336
SPADES NINE DIAMONDS SIX,0.2482,0.1146,0.6372
DIAMONDS QUEEN SPADES FOUR,0.279,0.0424,0.6786
SPADES QUEEN SPADES SEVEN,0.3556,0.0112,0.6332
DIAMONDS SEVEN CLUBS QUEEN,0.3668,0.0102,0.623
SPADES KING SPADES TEN,0.3268,0.007,0.6662
HEARTS ACE HEARTS QUEEN,0.3478,0.0054,0.6468
SPADES TEN CLUBS TWO,0.4268,0.0306,0.5426
SPADES SIX SPADES TWO,0.2796,0.4594,0.261
SPADES TEN HEARTS JACK,0.3498,0.0142,0.636
CLUBS TWO HEARTS JACK,0.4208,0.0212,0.558
CLUBS FOUR SPADES TWO,0.4846,0.2672,0.2482
HEARTS QUEEN CLUBS ACE,0.3474,0.005,0.6476
SPADES KING CLUBS FIVE,0.3852,0.0044,0.6104
CLUBS SEVEN CLUBS FOUR,0.2304,0.1826,0.587
SPADES KING DIAMONDS QUEEN,0.3686,0.0048,0.6266
HEARTS TWO DIAMONDS TEN,0.4224,0.0316,0.546
HEARTS SEVEN DIAMONDS SEVEN,0.1358,0.1134,0.7508
DIAMONDS SEVEN DIAMONDS FIVE,0.3382,0.0978,0.564
CLUBS FOUR SPADES FIVE,0.4708,0.2772,0.252
SPADES THREE HEARTS NINE,0.409,0.0472,0.5438
CLUBS TEN DIAMONDS FIVE,0.381,0.0274,0.5916
HEARTS JACK DIAMONDS FIVE,0.3814,0.0208,0.5978
DIAMONDS NINE DIAMONDS FIVE,0.3592,0.0412,0.5996
CLUBS SEVEN SPADES THREE,0.405,0.1088,0.4862
HEARTS ACE SPADES TWO,0.4022,0.0054,0.5924
CLUBS JACK SPADES FIVE,0.3878,0.0188,0.5934
SPADES QUEEN HEARTS ACE,0.3558,0.0034,0.6408
HEARTS ACE CLUBS KING,0.3548,0.0044,0.6408
HEARTS THREE HEARTS JACK,0.389,0.0212,0.5898
SPADES KING HEARTS NINE,0.3508,0.0074,0.6418
DIAMONDS KING SPADES THREE,0.4162,0.0092,0.5746
SPADES SIX CLUBS THREE,0.2752,0.4968,0.228
SPADES JACK HEARTS JACK,0.1654,0.0508,0.7838
SPADES QUEEN HEARTS THREE,0.4278,0.0136,0.5586
HEARTS FIVE DIAMONDS QUEEN,0.381,0.0138,0.6052
SPADES EIGHT CLUBS FOUR,0.2564,0.1408,0.6028
CLUBS JACK HEARTS FIVE,0.3828,0.0206,0.5966
CLUBS SEVEN CLUBS FIVE,0.3158,0.0978,0.5864
DIAMONDS TWO CLUBS FIVE,0.5116,0.156,0.3324
CLUBS THREE HEARTS KING,0.4208,0.0084,0.5708
CLUBS NINE DIAMONDS SEVEN,0.3368,0.044,0.6192
SPADES TEN DIAMONDS EIGHT,0.3476,0.0326,0.6198
DIAMONDS EIGHT CLUBS ACE,0.3464,0.0044,0.6492
SPADES ACE SPADES EIGHT,0.3424,0.0052,0.6524
DIAMONDS TWO DIAMONDS SIX,0.2722,0.4734,0.2544
SPADES ACE DIAMONDS QUEEN,0.3506,0.0068,0.6426
CLUBS TWO DIAMONDS NINE,0.4148,0.0462,0.539
DIAMONDS KING DIAMONDS JACK,0.3368,0.0082,0.655
SPADES TEN CLUBS QUEEN,0.356,0.01,0.634
CLUBS JACK CLUBS FIVE,0.3654,0.0198,0.6148
CLUBS NINE SPADES THREE,0.4128,0.0478,0.5394
SPADES ACE CLUBS TEN,0.3462,0.0042,0.6496
SPADES TWO CLUBS ACE,0.409,0.005,0.586
HEARTS THREE DIAMONDS ACE,0.4072,0.0068,0.586
DIAMONDS KING DIAMONDS NINE,0.3552,0.0064,0.6384
DIAMONDS THREE HEARTS THREE,0.3602,0.1336,0.5062
HEARTS QUEEN DIAMONDS FIVE,0.3734,0.0146,0.612
CLUBS THREE CLUBS TWO,0.5008,0.1478,0.3514
SPADES NINE HEARTS QUEEN,0.3562,0.0114,0.6324
CLUBS FIVE DIAMONDS QUEEN,0.3852,0.0124,0.6024
CLUBS JACK DIAMONDS TEN,0.339,0.0104,0.6506
DIAMONDS QUEEN DIAMONDS EIGHT,0.343,0.0148,0.6422
SPADES TEN CLUBS KING,0.3552,0.005,0.6398
DIAMONDS ACE CLUBS TWO,0.4106,0.0048,0.5846
SPADES QUEEN SPADES FIVE,0.3652,0.0132,0.6216
CLUBS TWO HEARTS KING,0.415,0.0076,0.5774
CLUBS FIVE SPADES FIVE,0.2434,0.1248,0.6318
HEARTS THREE SPADES EIGHT,0.4128,0.0702,0.517
DIAMONDS TEN CLUBS QUEEN,0.3462,0.0072,0.6466
DIAMONDS EIGHT HEARTS JACK,0.349,0.0188,0.6322
HEARTS TWO HEARTS KING,0.4,0.0112,0.5888
CLUBS TWO HEARTS QUEEN,0.424,0.0146,0.5614
CLUBS NINE SPADES FIVE,0.3798,0.0464,0.5738
HEARTS FOUR CLUBS KING,0.286,0.0298,0.6842
SPADES NINE SPADES TWO,0.3822,0.0436,0.5742
DIAMONDS TWO HEARTS JACK,0.402,0.0208,0.5772
SPADES EIGHT HEARTS ACE,0.3564,0.0042,0.6394
CLUBS SIX CLUBS FIVE,0.1972,0.4316,0.3712
SPADES KING DIAMONDS EIGHT,0.3578,0.0068,0.6354
CLUBS TEN DIAMONDS EIGHT,0.339,0.0266,0.6344
SPADES JACK SPADES TWO,0.3822,0.0184,0.5994
HEARTS THREE CLUBS FIVE,0.487,0.1714,0.3416
SPADES NINE SPADES SIX,0.2334,0.1072,0.6594
HEARTS KING HEARTS QUEEN,0.3468,0.0078,0.6454
SPADES QUEEN HEARTS TWO,0.4406,0.014,0.5454
SPADES THREE CLUBS ACE,0.3982,0.0038,0.598
DIAMONDS THREE SPADES TWO,0.5178,0.1628,0.3194
HEARTS FOUR HEARTS TEN,0.2652,0.0782,0.6566
HEARTS EIGHT SPADES NINE,0.3286,0.0418,0.6296
DIAMONDS KING SPADES TWO,0.4198,0.0102,0.57
DIAMONDS TEN HEARTS JACK,0.347,0.0166,0.6364
CLUBS JACK DIAMONDS JACK,0.1694,0.0482,0.7824
HEARTS FIVE HEARTS TEN,0.3586,0.0274,0.614
CLUBS JACK SPADES FOUR,0.274,0.0536,0.6724
DIAMONDS QUEEN CLUBS QUEEN,0.1764,0.036,0.7876
DIAMONDS TWO HEARTS TWO,0.3646,0.1406,0.4948
HEARTS SEVEN CLUBS FIVE,0.3336,0.107,0.5594
SPADES QUEEN CLUBS SIX,0.268,0.048,0.684
HEARTS QUEEN HEARTS TEN,0.3326,0.0116,0.6558
SPADES KING HEARTS ACE,0.3694,0.0044,0.6262
SPADES FOUR CLUBS QUEEN,0.276,0.0444,0.6796
CLUBS TEN DIAMONDS JACK,0.3458,0.0134,0.6408
SPADES KING SPADES SIX,0.2572,0.0372,0.7056
CLUBS FIVE CLUBS QUEEN,0.3564,0.0098,0.6338
SPADES TEN CLUBS ACE,0.3582,0.0038,0.638
CLUBS FIVE HEARTS NINE,0.3654,0.05,0.5846
SPADES ACE HEARTS TEN,0.3504,0.0048,0.6448
DIAMONDS TWO CLUBS SIX,0.2842,0.5094,0.2064
HEARTS FOUR HEARTS TWO,0.4666,0.2608,0.2726
SPADES THREE DIAMONDS SEVEN,0.4042,0.1096,0.4862
DIAMONDS TWO SPADES JACK,0.4116,0.0232,0.5652
DIAMONDS TWO HEARTS FIVE,0.5082,0.1694,0.3224
CLUBS SEVEN SPADES SIX,0.2426,0.1924,0.565
SPADES FOUR HEARTS KING,0.2766,0.0292,0.6942
DIAMONDS ACE SPADES SEVEN,0.343,0.0042,0.6528
DIAMONDS NINE CLUBS ACE,0.3524,0.0056,0.642
HEARTS EIGHT HEARTS FOUR,0.2508,0.1434,0.6058
SPADES FIVE HEARTS QUEEN,0.383,0.0124,0.6046
DIAMONDS QUEEN CLUBS TWO,0.4102,0.0162,0.5736
CLUBS SEVEN SPADES FIVE,0.3554,0.1034,0.5412
DIAMONDS TWO HEARTS KING,0.4126,0.0104,0.577
HEARTS SEVEN SPADES FOUR,0.2432,0.1934,0.5634
SPADES KING SPADES FOUR,0.2642,0.0272,0.7086
HEARTS FOUR DIAMONDS EIGHT,0.2574,0.1432,0.5994
HEARTS TEN CLUBS QUEEN,0.358,0.0114,0.6306
CLUBS SEVEN CLUBS QUEEN,0.339,0.0112,0.6498
CLUBS JACK HEARTS TEN,0.3408,0.0124,0.6468
SPADES EIGHT DIAMONDS TEN,0.3484,0.0248,0.6268
DIAMONDS ACE DIAMONDS JACK,0.346,0.0062,0.6478
CLUBS QUEEN HEARTS NINE,0.3614,0.0128,0.6258
CLUBS FIVE SPADES TWO,0.5102,0.1618,0.328
SPADES SIX CLUBS KING,0.2674,0.0398,0.6928
CLUBS SIX HEARTS ACE,0.2694,0.0266,0.704
DIAMONDS TWO DIAMONDS SEVEN,0.398,0.102,0.5
CLUBS SIX SPADES FOUR,0.0182,0.9614,0.0204
SPADES ACE HEARTS KING,0.3456,0.0052,0.6492
HEARTS TWO CLUBS FIVE,0.5202,0.1536,0.3262
CLUBS JACK SPADES KING,0.361,0.006,0.633
DIAMONDS THREE SPADES QUEEN,0.4106,0.0146,0.5748
SPADES JACK DIAMONDS FIVE,0.3732,0.0206,0.6062
CLUBS FOUR HEARTS NINE,0.2686,0.1062,0.6252
CLUBS TEN DIAMONDS TEN,0.163,0.0638,0.7732
CLUBS TWO SPADES TWO,0.3526,0.135,0.5124
HEARTS THREE SPADES TWO,0.536,0.1562,0.3078
CLUBS JACK CLUBS KING,0.3344,0.007,0.6586
DIAMONDS JACK CLUBS KING,0.3518,0.0066,0.6416
CLUBS TWO DIAMONDS SIX,0.2836,0.4988,0.2176
CLUBS SIX SPADES SEVEN,0.2318,0.1914,0.5768
SPADES JACK CLUBS ACE,0.354,0.0048,0.6412
SPADES TEN DIAMONDS NINE,0.3448,0.027,0.6282
CLUBS SIX HEARTS JACK,0.2686,0.0584,0.673
CLUBS FIVE DIAMONDS JACK,0.3746,0.0204,0.605
SPADES SEVEN HEARTS QUEEN,0.3812,0.0138,0.605
DIAMONDS QUEEN HEARTS ACE,0.3434,0.007,0.6496
CLUBS NINE CLUBS KING,0.3456,0.0062,0.6482
SPADES THREE HEARTS QUEEN,0.4162,0.0164,0.5674
CLUBS TEN HEARTS FOUR,0.2684,0.0794,0.6522
SPADES ACE HEARTS THREE,0.4042,0.0062,0.5896
SPADES NINE CLUBS FOUR,0.2868,0.0952,0.618
HEARTS QUEEN CLUBS KING,0.3512,0.0064,0.6424
DIAMONDS NINE DIAMONDS SEVEN,0.3174,0.0446,0.638
DIAMONDS ACE CLUBS THREE,0.395,0.0042,0.6008
SPADES ACE SPADES FIVE,0.3472,0.0056,0.6472
HEARTS EIGHT SPADES KING,0.352,0.0074,0.6406
SPADES JACK DIAMONDS QUEEN,0.3496,0.0088,0.6416
HEARTS TWO DIAMONDS SEVEN,0.4098,0.0992,0.491
CLUBS THREE DIAMONDS JACK,0.4082,0.024,0.5678
DIAMONDS THREE CLUBS SEVEN,0.4034,0.1072,0.4894
HEARTS EIGHT SPADES SEVEN,0.3286,0.0654,0.606
DIAMONDS JACK HEARTS NINE,0.3332,0.0154,0.6514
CLUBS NINE DIAMONDS FIVE,0.3744,0.0434,0.5822
CLUBS JACK HEARTS FOUR,0.2692,0.0562,0.6746
HEARTS FOUR DIAMONDS QUEEN,0.2688,0.044,0.6872
CLUBS EIGHT HEARTS NINE,0.3378,0.0386,0.6236
SPADES ACE CLUBS SEVEN,0.3554,0.0042,0.6404
CLUBS FOUR HEARTS TEN,0.2784,0.0742,0.6474
DIAMONDS TWO CLUBS NINE,0.4328,0.0382,0.529
CLUBS NINE HEARTS QUEEN,0.3584,0.0124,0.6292
CLUBS SIX DIAMONDS TEN,0.261,0.0832,0.6558
SPADES NINE HEARTS ACE,0.354,0.0028,0.6432
DIAMONDS NINE HEARTS NINE,0.1606,0.0782,0.7612
HEARTS TWO DIAMONDS NINE,0.4164,0.0414,0.5422
DIAMONDS ACE DIAMONDS FIVE,0.342,0.0048,0.6532
DIAMONDS TEN DIAMONDS SIX,0.2634,0.0704,0.6662
SPADES JACK DIAMONDS SIX,0.2616,0.0604,0.678
DIAMONDS THREE CLUBS NINE,0.4074,0.046,0.5466
DIAMONDS QUEEN SPADES THREE,0.4044,0.0118,0.5838
