opposingHand,winningChance,drawChance,lostChance
DIAMONDS FOUR CLUBS FOUR
HEARTS FIVE SPADES TEN,0.5456,0.064,0.3904
HEARTS FIVE SPADES JACK,0.5442,0.0466,0.4092
CLUBS JACK SPADES FIVE,0.5404,0.0474,0.4122
CLUBS TEN SPADES FIVE,0.5448,0.0652,0.39
CLUBS JACK CLUBS EIGHT,0.4908,0.0356,0.4736
CLUBS TEN CLUBS EIGHT,0.4782,0.0532,0.4686
CLUBS EIGHT CLUBS KING,0.5154,0.0116,0.473
SPADES FIVE CLUBS ACE,0.5326,0.004,0.4634
CLUBS EIGHT CLUBS QUEEN,0.5102,0.0256,0.4642
SPADES FIVE CLUBS KING,0.5518,0.0178,0.4304
SPADES FIVE CLUBS QUEEN,0.543,0.0352,0.4218
CLUBS EIGHT CLUBS ACE,0.5026,0.0056,0.4918
DIAMONDS TWO DIAMONDS THREE,0.7008,0.1576,0.1416
DIAMONDS TWO DIAMONDS FIVE,0.5984,0.1512,0.2504
HEARTS FIVE SPADES KING,0.5548,0.0162,0.429
HEARTS FIVE SPADES QUEEN,0.5458,0.0308,0.4234
DIAMONDS TWO DIAMONDS SEVEN,0.6194,0.1096,0.271
DIAMONDS TWO DIAMONDS SIX,0.6126,0.1372,0.2502
SPADES ACE HEARTS FIVE,0.522,0.0038,0.4742
DIAMONDS TWO DIAMONDS NINE,0.6052,0.089,0.3058
DIAMONDS TWO DIAMONDS EIGHT,0.6088,0.1014,0.2898
CLUBS TWO SPADES FOUR,0.7818,0.1326,0.0856
DIAMONDS THREE DIAMONDS FIVE,0.5852,0.1474,0.2674
SPADES FIVE CLUBS TWO,0.6314,0.1502,0.2184
CLUBS TWO SPADES TWO,0.536,0.292,0.172
CLUBS TWO SPADES THREE,0.72,0.1606,0.1194
DIAMONDS THREE DIAMONDS EIGHT,0.615,0.1004,0.2846
SPADES EIGHT CLUBS TWO,0.631,0.1148,0.2542
DIAMONDS THREE DIAMONDS NINE,0.6014,0.085,0.3136
SPADES NINE CLUBS TWO,0.6388,0.0922,0.269
DIAMONDS THREE DIAMONDS SIX,0.602,0.129,0.269
SPADES SIX CLUBS TWO,0.6414,0.139,0.2196
DIAMONDS THREE DIAMONDS SEVEN,0.6064,0.1186,0.275
SPADES SEVEN CLUBS TWO,0.6314,0.1328,0.2358
CLUBS SIX CLUBS TWO,0.6096,0.1284,0.262
CLUBS SEVEN CLUBS TWO,0.6076,0.1154,0.277
CLUBS FIVE CLUBS TWO,0.601,0.1448,0.2542
CLUBS TEN CLUBS JACK,0.4716,0.0302,0.4982
CLUBS TEN CLUBS QUEEN,0.4826,0.0154,0.502
CLUBS TEN CLUBS KING,0.4734,0.0102,0.5164
CLUBS TEN CLUBS ACE,0.491,0.0046,0.5044
CLUBS EIGHT CLUBS TWO,0.61,0.105,0.285
CLUBS NINE CLUBS TWO,0.602,0.081,0.317
CLUBS THREE CLUBS TWO,0.6888,0.1634,0.1478
DIAMONDS NINE DIAMONDS FIVE,0.4926,0.0792,0.4282
CLUBS JACK DIAMONDS TWO,0.6406,0.0554,0.304
DIAMONDS FIVE DIAMONDS EIGHT,0.5054,0.0946,0.4
CLUBS TEN DIAMONDS TWO,0.6374,0.064,0.2986
DIAMONDS FIVE DIAMONDS SEVEN,0.4892,0.1116,0.3992
DIAMONDS SIX DIAMONDS FIVE,0.4854,0.135,0.3796
DIAMONDS TWO CLUBS ACE,0.619,0.0062,0.3748
DIAMONDS TWO CLUBS KING,0.6374,0.021,0.3416
DIAMONDS TWO CLUBS QUEEN,0.64,0.0358,0.3242
DIAMONDS SIX DIAMONDS EIGHT,0.4906,0.089,0.4204
DIAMONDS NINE DIAMONDS SIX,0.495,0.0748,0.4302
HEARTS ACE SPADES THREE,0.6352,0.004,0.3608
SPADES THREE HEARTS KING,0.6296,0.0176,0.3528
DIAMONDS SIX DIAMONDS SEVEN,0.487,0.1036,0.4094
HEARTS QUEEN SPADES THREE,0.6292,0.0326,0.3382
SPADES THREE HEARTS JACK,0.6376,0.0514,0.311
SPADES THREE HEARTS TEN,0.6376,0.0626,0.2998
DIAMONDS EIGHT DIAMONDS SEVEN,0.472,0.0868,0.4412
DIAMONDS NINE DIAMONDS SEVEN,0.4808,0.0646,0.4546
DIAMONDS NINE DIAMONDS EIGHT,0.4682,0.0614,0.4704
DIAMONDS KING HEARTS TEN,0.519,0.0102,0.4708
HEARTS THREE HEARTS TEN,0.5916,0.0658,0.3426
SPADES JACK CLUBS SIX,0.5474,0.043,0.4096
DIAMONDS KING HEARTS JACK,0.5156,0.0112,0.4732
HEARTS THREE HEARTS JACK,0.5968,0.0522,0.351
SPADES TEN CLUBS SIX,0.5278,0.058,0.4142
SPADES JACK SPADES FIVE,0.5312,0.0398,0.429
SPADES TEN SPADES FIVE,0.5166,0.061,0.4224
DIAMONDS KING HEARTS ACE,0.5248,0.0058,0.4694
HEARTS THREE HEARTS ACE,0.5832,0.0058,0.411
SPADES ACE CLUBS SIX,0.5282,0.0076,0.4642
DIAMONDS KING HEARTS QUEEN,0.5244,0.0072,0.4684
HEARTS THREE HEARTS QUEEN,0.5892,0.0356,0.3752
SPADES KING CLUBS SIX,0.5486,0.018,0.4334
DIAMONDS KING HEARTS KING,0.1964,0.0332,0.7704
HEARTS THREE HEARTS KING,0.5934,0.0184,0.3882
SPADES QUEEN CLUBS SIX,0.5458,0.0268,0.4274
SPADES NINE HEARTS TEN,0.4834,0.0434,0.4732
SPADES NINE HEARTS JACK,0.5132,0.0312,0.4556
SPADES QUEEN SPADES FIVE,0.5202,0.0276,0.4522
SPADES KING SPADES FIVE,0.5224,0.0194,0.4582
SPADES ACE SPADES FIVE,0.5188,0.006,0.4752
SPADES NINE HEARTS QUEEN,0.5172,0.0208,0.462
SPADES NINE HEARTS KING,0.5324,0.0134,0.4542
SPADES NINE HEARTS ACE,0.5236,0.0028,0.4736
CLUBS TEN SPADES JACK,0.5052,0.0258,0.469
CLUBS TEN SPADES TEN,0.1978,0.1218,0.6804
SPADES ACE CLUBS TEN,0.5126,0.0042,0.4832
CLUBS TEN SPADES KING,0.5112,0.0112,0.4776
CLUBS TEN SPADES QUEEN,0.5046,0.0162,0.4792
SPADES FIVE HEARTS QUEEN,0.5536,0.034,0.4124
SPADES FIVE HEARTS KING,0.5382,0.0174,0.4444
HEARTS ACE SPADES FIVE,0.5364,0.0034,0.4602
CLUBS EIGHT SPADES TEN,0.5034,0.0556,0.441
SPADES JACK HEARTS THREE,0.6416,0.0514,0.307
SPADES JACK DIAMONDS KING,0.5152,0.0086,0.4762
SPADES TEN DIAMONDS KING,0.503,0.012,0.485
SPADES TEN HEARTS THREE,0.631,0.0714,0.2976
CLUBS EIGHT SPADES JACK,0.5272,0.0368,0.436
CLUBS SIX HEARTS ACE,0.5628,0.0054,0.4318
SPADES ACE CLUBS EIGHT,0.5262,0.0062,0.4676
HEARTS FIVE CLUBS JACK,0.5416,0.0472,0.4112
CLUBS TEN HEARTS FIVE,0.5512,0.0598,0.389
CLUBS SIX HEARTS QUEEN,0.5464,0.032,0.4216
SPADES QUEEN CLUBS EIGHT,0.524,0.0272,0.4488
CLUBS TEN SPADES THREE,0.648,0.0646,0.2874
CLUBS SIX HEARTS KING,0.5414,0.013,0.4456
SPADES KING CLUBS EIGHT,0.5532,0.012,0.4348
CLUBS JACK SPADES THREE,0.6354,0.0506,0.314
DIAMONDS TWO HEARTS JACK,0.644,0.0448,0.3112
SPADES THREE CLUBS QUEEN,0.6406,0.0366,0.3228
DIAMONDS TWO HEARTS TEN,0.6288,0.0654,0.3058
SPADES THREE CLUBS KING,0.6322,0.0184,0.3494
HEARTS FIVE CLUBS ACE,0.5422,0.0058,0.452
SPADES FIVE HEARTS TEN,0.5516,0.0606,0.3878
SPADES THREE CLUBS ACE,0.6194,0.0052,0.3754
HEARTS FIVE CLUBS KING,0.5488,0.0136,0.4376
SPADES FIVE HEARTS JACK,0.559,0.0472,0.3938
HEARTS FIVE CLUBS QUEEN,0.5478,0.0296,0.4226
HEARTS THREE CLUBS KING,0.6388,0.0208,0.3404
DIAMONDS KING CLUBS KING,0.1822,0.037,0.7808
HEARTS THREE CLUBS QUEEN,0.6104,0.0338,0.3558
DIAMONDS KING CLUBS QUEEN,0.5116,0.0086,0.4798
HEARTS FIVE HEARTS JACK,0.5198,0.0484,0.4318
HEARTS FIVE HEARTS TEN,0.5198,0.0604,0.4198
HEARTS THREE CLUBS ACE,0.6308,0.0068,0.3624
DIAMONDS KING CLUBS ACE,0.5284,0.0068,0.4648
SPADES ACE CLUBS QUEEN,0.5222,0.0056,0.4722
SPADES KING CLUBS QUEEN,0.526,0.0074,0.4666
CLUBS JACK HEARTS THREE,0.6324,0.0526,0.315
CLUBS JACK DIAMONDS KING,0.5008,0.0104,0.4888
SPADES QUEEN CLUBS QUEEN,0.1984,0.0632,0.7384
CLUBS TEN HEARTS THREE,0.6316,0.0632,0.3052
CLUBS TEN DIAMONDS KING,0.5164,0.0114,0.4722
SPADES JACK CLUBS QUEEN,0.4988,0.018,0.4832
CLUBS SIX CLUBS QUEEN,0.5108,0.0266,0.4626
SPADES TEN CLUBS QUEEN,0.5066,0.0168,0.4766
CLUBS SIX CLUBS KING,0.5228,0.0168,0.4604
CLUBS SIX CLUBS ACE,0.5146,0.0042,0.4812
HEARTS FIVE HEARTS KING,0.5244,0.0164,0.4592
HEARTS FIVE HEARTS QUEEN,0.5134,0.0274,0.4592
CLUBS TEN CLUBS SIX,0.5148,0.06,0.4252
HEARTS FIVE HEARTS ACE,0.5038,0.0044,0.4918
CLUBS JACK CLUBS SIX,0.515,0.0452,0.4398
SPADES SEVEN HEARTS JACK,0.5348,0.0394,0.4258
SPADES SEVEN HEARTS TEN,0.5222,0.0542,0.4236
DIAMONDS TWO CLUBS TWO,0.5246,0.3106,0.1648
DIAMONDS TWO CLUBS THREE,0.7242,0.1696,0.1062
DIAMONDS TWO HEARTS SIX,0.6306,0.138,0.2314
DIAMONDS TWO HEARTS QUEEN,0.6368,0.0354,0.3278
HEARTS SEVEN DIAMONDS TWO,0.6408,0.1204,0.2388
DIAMONDS TWO HEARTS KING,0.651,0.019,0.33
DIAMONDS TWO HEARTS EIGHT,0.6446,0.1,0.2554
DIAMONDS TWO HEARTS ACE,0.6328,0.0056,0.3616
DIAMONDS TWO HEARTS NINE,0.6538,0.0798,0.2664
DIAMONDS TWO DIAMONDS QUEEN,0.615,0.0332,0.3518
DIAMONDS TWO HEARTS TWO,0.5184,0.3112,0.1704
DIAMONDS TWO DIAMONDS KING,0.6112,0.0228,0.366
DIAMONDS TWO HEARTS THREE,0.7158,0.1704,0.1138
DIAMONDS TWO DIAMONDS ACE,0.6076,0.0064,0.386
HEARTS FOUR DIAMONDS TWO,0.7856,0.1406,0.0738
HEARTS FIVE DIAMONDS TWO,0.6368,0.1454,0.2178
SPADES SEVEN HEARTS ACE,0.5326,0.004,0.4634
DIAMONDS TWO DIAMONDS TEN,0.602,0.0656,0.3324
SPADES SEVEN HEARTS KING,0.5558,0.0126,0.4316
DIAMONDS TWO DIAMONDS JACK,0.5956,0.0552,0.3492
SPADES SEVEN HEARTS QUEEN,0.5484,0.0242,0.4274
DIAMONDS TWO SPADES NINE,0.6412,0.0874,0.2714
DIAMONDS TWO SPADES EIGHT,0.6324,0.1068,0.2608
DIAMONDS TWO SPADES SEVEN,0.6494,0.1232,0.2274
DIAMONDS TWO SPADES SIX,0.643,0.1328,0.2242
DIAMONDS TWO SPADES FIVE,0.6152,0.1648,0.22
DIAMONDS TWO SPADES FOUR,0.7856,0.143,0.0714
DIAMONDS TWO SPADES THREE,0.718,0.1628,0.1192
DIAMONDS TWO SPADES TWO,0.5202,0.307,0.1728
DIAMONDS TWO CLUBS NINE,0.6208,0.0914,0.2878
CLUBS EIGHT DIAMONDS TWO,0.643,0.1022,0.2548
DIAMONDS TWO CLUBS SEVEN,0.653,0.117,0.23
DIAMONDS TWO CLUBS SIX,0.6368,0.1494,0.2138
DIAMONDS TWO CLUBS FIVE,0.64,0.1506,0.2094
SPADES ACE DIAMONDS SIX,0.5358,0.007,0.4572
SPADES QUEEN DIAMONDS SIX,0.5378,0.0262,0.436
SPADES KING DIAMONDS SIX,0.5468,0.0146,0.4386
SPADES TEN DIAMONDS SIX,0.5408,0.057,0.4022
SPADES JACK DIAMONDS SIX,0.5344,0.0456,0.42
SPADES QUEEN SPADES TWO,0.5988,0.0338,0.3674
SPADES KING SPADES TWO,0.598,0.0206,0.3814
SPADES ACE SPADES TWO,0.5966,0.0044,0.399
CLUBS JACK DIAMONDS JACK,0.174,0.0922,0.7338
CLUBS TEN DIAMONDS JACK,0.4764,0.0252,0.4984
DIAMONDS JACK CLUBS KING,0.4968,0.0096,0.4936
DIAMONDS JACK CLUBS QUEEN,0.4978,0.0166,0.4856
DIAMONDS THREE DIAMONDS JACK,0.6022,0.051,0.3468
DIAMONDS THREE DIAMONDS TEN,0.609,0.061,0.33
DIAMONDS JACK CLUBS ACE,0.4938,0.0056,0.5006
DIAMONDS THREE DIAMONDS KING,0.6056,0.0192,0.3752
DIAMONDS THREE HEARTS THREE,0.526,0.3056,0.1684
DIAMONDS THREE DIAMONDS QUEEN,0.5916,0.0348,0.3736
DIAMONDS THREE HEARTS TWO,0.7124,0.174,0.1136
HEARTS FIVE DIAMONDS THREE,0.6276,0.1454,0.227
DIAMONDS THREE DIAMONDS ACE,0.6024,0.008,0.3896
HEARTS FOUR DIAMONDS THREE,0.759,0.1488,0.0922
HEARTS SEVEN DIAMONDS THREE,0.6294,0.1176,0.253
SPADES TEN SPADES NINE,0.4756,0.0368,0.4876
HEARTS SIX DIAMONDS THREE,0.6308,0.1342,0.235
SPADES JACK SPADES NINE,0.489,0.03,0.481
DIAMONDS THREE HEARTS NINE,0.6358,0.0844,0.2798
HEARTS ACE HEARTS KING,0.4884,0.006,0.5056
SPADES TEN SPADES TWO,0.6068,0.0596,0.3336
DIAMONDS THREE HEARTS EIGHT,0.6532,0.1026,0.2442
SPADES JACK SPADES TWO,0.6038,0.0482,0.348
SPADES ACE SPADES NINE,0.501,0.0046,0.4944
SPADES KING SPADES NINE,0.49,0.0116,0.4984
SPADES QUEEN SPADES NINE,0.4784,0.0218,0.4998
DIAMONDS THREE SPADES NINE,0.6496,0.0832,0.2672
DIAMONDS THREE SPADES EIGHT,0.638,0.1046,0.2574
DIAMONDS THREE SPADES SEVEN,0.6388,0.1168,0.2444
DIAMONDS THREE SPADES SIX,0.6358,0.1356,0.2286
DIAMONDS THREE CLUBS SIX,0.634,0.1378,0.2282
CLUBS SIX CLUBS FIVE,0.4786,0.1312,0.3902
DIAMONDS THREE CLUBS SEVEN,0.6302,0.1216,0.2482
CLUBS SEVEN CLUBS FIVE,0.4898,0.1086,0.4016
DIAMONDS THREE CLUBS FIVE,0.6224,0.1418,0.2358
DIAMONDS THREE CLUBS TWO,0.7322,0.1692,0.0986
DIAMONDS THREE CLUBS THREE,0.525,0.3066,0.1684
DIAMONDS THREE SPADES FOUR,0.7756,0.134,0.0904
DIAMONDS THREE SPADES FIVE,0.6228,0.149,0.2282
DIAMONDS THREE SPADES TWO,0.726,0.1684,0.1056
DIAMONDS THREE SPADES THREE,0.5242,0.3036,0.1722
CLUBS EIGHT DIAMONDS THREE,0.6478,0.0988,0.2534
CLUBS NINE DIAMONDS THREE,0.6234,0.088,0.2886
SPADES SEVEN CLUBS ACE,0.5404,0.004,0.4556
SPADES SEVEN CLUBS QUEEN,0.5418,0.0264,0.4318
SPADES SEVEN CLUBS KING,0.5354,0.0146,0.45
SPADES SEVEN CLUBS FIVE,0.5148,0.1162,0.369
CLUBS TEN SPADES SEVEN,0.514,0.052,0.434
CLUBS FIVE SPADES SIX,0.514,0.1328,0.3532
CLUBS JACK SPADES SEVEN,0.5392,0.0366,0.4242
SPADES NINE CLUBS FIVE,0.5294,0.083,0.3876
SPADES EIGHT CLUBS FIVE,0.5148,0.107,0.3782
CLUBS FIVE SPADES THREE,0.6122,0.158,0.2298
CLUBS FIVE SPADES TWO,0.6352,0.1452,0.2196
CLUBS FIVE SPADES FIVE,0.1764,0.2716,0.552
CLUBS FIVE SPADES FOUR,0.5988,0.1206,0.2806
CLUBS NINE CLUBS FIVE,0.513,0.0792,0.4078
CLUBS EIGHT CLUBS FIVE,0.5028,0.1006,0.3966
CLUBS ACE CLUBS QUEEN,0.495,0.0054,0.4996
CLUBS KING CLUBS QUEEN,0.493,0.0074,0.4996
CLUBS TEN DIAMONDS NINE,0.4884,0.0444,0.4672
CLUBS JACK DIAMONDS NINE,0.5108,0.0318,0.4574
CLUBS JACK SPADES NINE,0.5082,0.036,0.4558
CLUBS TEN SPADES NINE,0.4954,0.04,0.4646
DIAMONDS JACK HEARTS TEN,0.4994,0.0244,0.4762
SPADES NINE CLUBS KING,0.5224,0.0092,0.4684
DIAMONDS TWO SPADES TEN,0.6338,0.0714,0.2948
DIAMONDS NINE CLUBS ACE,0.5136,0.005,0.4814
DIAMONDS JACK HEARTS JACK,0.1828,0.0956,0.7216
SPADES NINE CLUBS QUEEN,0.5124,0.0208,0.4668
DIAMONDS TWO SPADES JACK,0.645,0.057,0.298
DIAMONDS NINE CLUBS QUEEN,0.5114,0.0204,0.4682
SPADES NINE CLUBS ACE,0.5152,0.005,0.4798
DIAMONDS NINE CLUBS KING,0.504,0.0122,0.4838
HEARTS ACE DIAMONDS JACK,0.5104,0.0048,0.4848
SPADES ACE DIAMONDS TWO,0.6334,0.003,0.3636
HEARTS QUEEN DIAMONDS JACK,0.501,0.0174,0.4816
SPADES QUEEN DIAMONDS TWO,0.6372,0.0334,0.3294
HEARTS KING DIAMONDS JACK,0.5142,0.0072,0.4786
SPADES KING DIAMONDS TWO,0.6376,0.0182,0.3442
SPADES JACK SPADES SEVEN,0.519,0.039,0.442
SPADES TEN SPADES SEVEN,0.5038,0.046,0.4502
CLUBS SEVEN CLUBS THREE,0.6192,0.112,0.2688
CLUBS SIX CLUBS THREE,0.5904,0.1436,0.266
CLUBS THREE CLUBS FIVE,0.5888,0.1528,0.2584
CLUBS NINE CLUBS THREE,0.6102,0.0854,0.3044
CLUBS EIGHT CLUBS THREE,0.604,0.1044,0.2916
CLUBS THREE SPADES FIVE,0.6198,0.1572,0.223
CLUBS THREE SPADES FOUR,0.7634,0.1388,0.0978
CLUBS THREE SPADES THREE,0.5276,0.2996,0.1728
CLUBS THREE SPADES TWO,0.7228,0.161,0.1162
CLUBS THREE SPADES SIX,0.6392,0.1294,0.2314
CLUBS THREE SPADES SEVEN,0.6376,0.1114,0.251
SPADES EIGHT CLUBS THREE,0.6324,0.0994,0.2682
SPADES NINE CLUBS THREE,0.6164,0.085,0.2986
DIAMONDS TEN DIAMONDS FIVE,0.5122,0.0572,0.4306
DIAMONDS JACK DIAMONDS FIVE,0.5252,0.0458,0.429
DIAMONDS NINE HEARTS QUEEN,0.5192,0.0216,0.4592
DIAMONDS NINE HEARTS KING,0.5236,0.009,0.4674
HEARTS ACE DIAMONDS NINE,0.5258,0.006,0.4682
DIAMONDS NINE HEARTS TEN,0.4988,0.047,0.4542
DIAMONDS NINE HEARTS JACK,0.5156,0.0314,0.453
DIAMONDS SIX CLUBS KING,0.5388,0.019,0.4422
DIAMONDS SIX CLUBS QUEEN,0.529,0.0294,0.4416
DIAMONDS SIX CLUBS ACE,0.5312,0.009,0.4598
SPADES ACE SPADES SEVEN,0.5048,0.004,0.4912
SPADES QUEEN SPADES SEVEN,0.5106,0.0308,0.4586
CLUBS JACK DIAMONDS SIX,0.5316,0.0448,0.4236
SPADES KING SPADES SEVEN,0.5148,0.0152,0.47
CLUBS TEN DIAMONDS SIX,0.5498,0.0572,0.393
CLUBS SEVEN SPADES EIGHT,0.498,0.0826,0.4194
SPADES NINE CLUBS SEVEN,0.5036,0.0694,0.427
CLUBS SEVEN SPADES SIX,0.5092,0.1052,0.3856
CLUBS SEVEN SPADES SEVEN,0.1804,0.2202,0.5994
CLUBS SEVEN SPADES FIVE,0.5206,0.1158,0.3636
CLUBS SEVEN SPADES FOUR,0.635,0.0978,0.2672
CLUBS SEVEN SPADES THREE,0.6292,0.1226,0.2482
CLUBS SEVEN SPADES TWO,0.6344,0.1258,0.2398
CLUBS NINE CLUBS SEVEN,0.4814,0.0712,0.4474
CLUBS EIGHT CLUBS SEVEN,0.4766,0.0822,0.4412
HEARTS SIX DIAMONDS FIVE,0.512,0.1342,0.3538
HEARTS SEVEN DIAMONDS FIVE,0.5188,0.1114,0.3698
DIAMONDS FIVE HEARTS EIGHT,0.5298,0.0898,0.3804
DIAMONDS FIVE HEARTS NINE,0.5338,0.0842,0.382
DIAMONDS QUEEN DIAMONDS FIVE,0.5122,0.0298,0.458
HEARTS TWO DIAMONDS FIVE,0.6212,0.1548,0.224
HEARTS KING HEARTS EIGHT,0.5096,0.0138,0.4766
DIAMONDS KING DIAMONDS FIVE,0.5252,0.019,0.4558
HEARTS THREE DIAMONDS FIVE,0.6222,0.155,0.2228
HEARTS QUEEN HEARTS EIGHT,0.5016,0.0244,0.474
DIAMONDS ACE DIAMONDS FIVE,0.5136,0.0058,0.4806
HEARTS FOUR DIAMONDS FIVE,0.6042,0.1258,0.27
HEARTS FIVE DIAMONDS FIVE,0.17,0.2752,0.5548
HEARTS ACE HEARTS EIGHT,0.4956,0.0058,0.4986
CLUBS FIVE DIAMONDS FIVE,0.1688,0.2728,0.5584
CLUBS SIX DIAMONDS FIVE,0.508,0.1306,0.3614
CLUBS SEVEN DIAMONDS FIVE,0.5132,0.1174,0.3694
CLUBS TWO DIAMONDS FIVE,0.6304,0.1554,0.2142
CLUBS THREE DIAMONDS FIVE,0.6216,0.148,0.2304
SPADES THREE DIAMONDS FIVE,0.6238,0.1524,0.2238
SPADES TWO DIAMONDS FIVE,0.6234,0.1472,0.2294
SPADES JACK DIAMONDS EIGHT,0.5242,0.0378,0.438
SPADES FIVE DIAMONDS FIVE,0.174,0.2858,0.5402
CLUBS TEN HEARTS JACK,0.507,0.0262,0.4668
SPADES TEN DIAMONDS EIGHT,0.506,0.0484,0.4456
SPADES FOUR DIAMONDS FIVE,0.5938,0.1202,0.286
CLUBS JACK HEARTS JACK,0.1778,0.0862,0.736
HEARTS JACK CLUBS QUEEN,0.513,0.0144,0.4726
CLUBS NINE DIAMONDS FIVE,0.5202,0.0816,0.3982
CLUBS EIGHT DIAMONDS FIVE,0.5176,0.103,0.3794
HEARTS JACK CLUBS KING,0.513,0.0096,0.4774
CLUBS ACE HEARTS JACK,0.5132,0.0042,0.4826
SPADES SEVEN DIAMONDS FIVE,0.5228,0.1126,0.3646
SPADES KING DIAMONDS EIGHT,0.5382,0.011,0.4508
SPADES QUEEN DIAMONDS EIGHT,0.5326,0.0238,0.4436
SPADES SIX DIAMONDS FIVE,0.5062,0.126,0.3678
SPADES NINE DIAMONDS FIVE,0.5302,0.0766,0.3932
SPADES EIGHT DIAMONDS FIVE,0.5356,0.0926,0.3718
SPADES ACE DIAMONDS EIGHT,0.5336,0.0054,0.461
DIAMONDS TEN DIAMONDS SIX,0.5224,0.0572,0.4204
HEARTS ACE DIAMONDS SEVEN,0.5302,0.0042,0.4656
DIAMONDS JACK DIAMONDS SIX,0.5364,0.04,0.4236
HEARTS QUEEN DIAMONDS SEVEN,0.524,0.0268,0.4492
HEARTS KING DIAMONDS SEVEN,0.5342,0.0134,0.4524
DIAMONDS ACE DIAMONDS SIX,0.514,0.0062,0.4798
HEARTS FOUR DIAMONDS SIX,0.6324,0.1022,0.2654
SPADES TWO HEARTS JACK,0.6296,0.0492,0.3212
HEARTS FIVE DIAMONDS SIX,0.5122,0.1288,0.359
SPADES TWO HEARTS TEN,0.6328,0.0684,0.2988
DIAMONDS QUEEN DIAMONDS SIX,0.518,0.0304,0.4516
HEARTS TWO DIAMONDS SIX,0.6314,0.1424,0.2262
DIAMONDS KING DIAMONDS SIX,0.5064,0.0162,0.4774
HEARTS THREE DIAMONDS SIX,0.628,0.1332,0.2388
DIAMONDS SIX HEARTS EIGHT,0.536,0.0822,0.3818
DIAMONDS SIX HEARTS NINE,0.5172,0.0752,0.4076
HEARTS SIX DIAMONDS SIX,0.1812,0.2534,0.5654
HEARTS SEVEN DIAMONDS SIX,0.5166,0.101,0.3824
HEARTS TEN DIAMONDS SEVEN,0.5186,0.052,0.4294
CLUBS TWO DIAMONDS SIX,0.6408,0.1456,0.2136
HEARTS JACK DIAMONDS SEVEN,0.5214,0.0424,0.4362
CLUBS THREE DIAMONDS SIX,0.6294,0.1324,0.2382
CLUBS SEVEN DIAMONDS SIX,0.5048,0.1058,0.3894
CLUBS JACK DIAMONDS EIGHT,0.5128,0.0392,0.448
CLUBS SIX DIAMONDS SIX,0.1656,0.2532,0.5812
CLUBS TEN DIAMONDS EIGHT,0.508,0.0546,0.4374
CLUBS FIVE DIAMONDS SIX,0.4958,0.1328,0.3714
HEARTS ACE HEARTS JACK,0.4936,0.006,0.5004
CLUBS ACE DIAMONDS EIGHT,0.5256,0.0046,0.4698
HEARTS QUEEN HEARTS JACK,0.4746,0.014,0.5114
CLUBS KING DIAMONDS EIGHT,0.5322,0.0158,0.452
CLUBS NINE DIAMONDS SIX,0.5136,0.0814,0.405
HEARTS KING HEARTS JACK,0.4754,0.0066,0.518
CLUBS EIGHT DIAMONDS SIX,0.499,0.0952,0.4058
DIAMONDS EIGHT CLUBS QUEEN,0.5256,0.0234,0.451
SPADES TEN HEARTS KING,0.5246,0.0088,0.4666
SPADES FIVE DIAMONDS SIX,0.5164,0.131,0.3526
HEARTS ACE SPADES TWO,0.6294,0.0066,0.364
SPADES JACK HEARTS KING,0.5152,0.0084,0.4764
SPADES FOUR DIAMONDS SIX,0.6228,0.1038,0.2734
SPADES THREE DIAMONDS SIX,0.6288,0.14,0.2312
HEARTS QUEEN SPADES TWO,0.6426,0.0332,0.3242
SPADES ACE SPADES KING,0.4942,0.0056,0.5002
HEARTS KING SPADES TWO,0.635,0.019,0.346
SPADES TWO DIAMONDS SIX,0.6344,0.1374,0.2282
HEARTS TEN HEARTS EIGHT,0.4904,0.0414,0.4682
SPADES NINE DIAMONDS SIX,0.524,0.0756,0.4004
HEARTS JACK HEARTS EIGHT,0.4868,0.0364,0.4768
SPADES EIGHT DIAMONDS SIX,0.5114,0.0922,0.3964
SPADES SEVEN DIAMONDS SIX,0.4994,0.0986,0.402
SPADES SIX DIAMONDS SIX,0.1736,0.2556,0.5708
SPADES KING HEARTS KING,0.1956,0.0378,0.7666
SPADES QUEEN HEARTS KING,0.5254,0.0052,0.4694
CLUBS ACE CLUBS KING,0.5014,0.0036,0.495
SPADES ACE HEARTS KING,0.5252,0.0048,0.47
SPADES ACE HEARTS JACK,0.5246,0.0018,0.4736
SPADES QUEEN HEARTS JACK,0.5196,0.0132,0.4672
SPADES KING HEARTS JACK,0.5178,0.0088,0.4734
SPADES TEN DIAMONDS TEN,0.1932,0.1272,0.6796
SPADES JACK DIAMONDS TEN,0.5,0.0302,0.4698
SPADES ACE DIAMONDS TEN,0.51,0.0032,0.4868
SPADES JACK HEARTS JACK,0.1974,0.0898,0.7128
SPADES TEN HEARTS JACK,0.4952,0.0254,0.4794
SPADES QUEEN DIAMONDS TEN,0.5084,0.0198,0.4718
SPADES KING DIAMONDS TEN,0.51,0.0096,0.4804
SPADES NINE DIAMONDS SEVEN,0.5056,0.066,0.4284
SPADES EIGHT DIAMONDS SEVEN,0.5024,0.0794,0.4182
SPADES SEVEN DIAMONDS SEVEN,0.1844,0.2192,0.5964
SPADES SIX DIAMONDS SEVEN,0.499,0.1078,0.3932
DIAMONDS KING DIAMONDS SEVEN,0.5222,0.0164,0.4614
HEARTS THREE DIAMONDS SEVEN,0.6416,0.1142,0.2442
HEARTS KING DIAMONDS FIVE,0.542,0.017,0.441
DIAMONDS QUEEN DIAMONDS SEVEN,0.5154,0.023,0.4616
HEARTS TWO DIAMONDS SEVEN,0.6382,0.1206,0.2412
HEARTS QUEEN DIAMONDS FIVE,0.558,0.0308,0.4112
HEARTS FIVE DIAMONDS SEVEN,0.5226,0.1046,0.3728
DIAMONDS ACE DIAMONDS SEVEN,0.5056,0.0068,0.4876
HEARTS FOUR DIAMONDS SEVEN,0.6258,0.092,0.2822
HEARTS ACE DIAMONDS FIVE,0.5206,0.0062,0.4732
HEARTS SEVEN DIAMONDS SEVEN,0.1882,0.2134,0.5984
HEARTS SIX DIAMONDS SEVEN,0.4994,0.1108,0.3898
HEARTS NINE DIAMONDS SEVEN,0.5096,0.0638,0.4266
HEARTS EIGHT DIAMONDS SEVEN,0.4996,0.0872,0.4132
DIAMONDS JACK DIAMONDS SEVEN,0.4972,0.0438,0.459
HEARTS JACK DIAMONDS FIVE,0.5392,0.048,0.4128
DIAMONDS TEN DIAMONDS SEVEN,0.4968,0.0556,0.4476
HEARTS TEN DIAMONDS FIVE,0.5586,0.0572,0.3842
CLUBS EIGHT DIAMONDS SEVEN,0.497,0.0868,0.4162
SPADES KING CLUBS TWO,0.6548,0.018,0.3272
HEARTS KING CLUBS KING,0.1924,0.0356,0.772
SPADES QUEEN CLUBS TWO,0.6482,0.0334,0.3184
HEARTS KING CLUBS QUEEN,0.5404,0.0088,0.4508
CLUBS NINE DIAMONDS SEVEN,0.498,0.0712,0.4308
CLUBS JACK SPADES TWO,0.6308,0.0504,0.3188
CLUBS SIX CLUBS SEVEN,0.4848,0.1018,0.4134
SPADES ACE CLUBS TWO,0.6254,0.006,0.3686
CLUBS TEN SPADES TWO,0.628,0.0714,0.3006
HEARTS KING CLUBS ACE,0.509,0.0048,0.4862
SPADES TWO CLUBS KING,0.6384,0.0182,0.3434
SPADES TWO DIAMONDS SEVEN,0.6424,0.1236,0.234
CLUBS EIGHT CLUBS SIX,0.4824,0.0906,0.427
SPADES THREE DIAMONDS SEVEN,0.6272,0.1288,0.244
SPADES TWO CLUBS QUEEN,0.64,0.0312,0.3288
CLUBS NINE CLUBS SIX,0.5008,0.068,0.4312
SPADES FOUR DIAMONDS SEVEN,0.6352,0.0878,0.277
CLUBS JACK HEARTS KING,0.5084,0.0102,0.4814
SPADES FIVE DIAMONDS SEVEN,0.526,0.1086,0.3654
SPADES TWO CLUBS ACE,0.6252,0.0062,0.3686
CLUBS TEN HEARTS KING,0.5068,0.0098,0.4834
CLUBS SIX SPADES TWO,0.6386,0.1252,0.2362
CLUBS SIX SPADES THREE,0.6294,0.1358,0.2348
CLUBS TWO DIAMONDS SEVEN,0.6386,0.123,0.2384
CLUBS SIX SPADES FOUR,0.623,0.1094,0.2676
CLUBS THREE DIAMONDS SEVEN,0.6296,0.1272,0.2432
CLUBS SIX SPADES FIVE,0.5164,0.1278,0.3558
CLUBS SIX SPADES SIX,0.1722,0.2352,0.5926
CLUBS FIVE DIAMONDS SEVEN,0.5182,0.117,0.3648
CLUBS SIX SPADES SEVEN,0.509,0.1076,0.3834
CLUBS SIX DIAMONDS SEVEN,0.5096,0.105,0.3854
CLUBS SIX SPADES EIGHT,0.509,0.0872,0.4038
SPADES JACK CLUBS TWO,0.6398,0.0544,0.3058
CLUBS SEVEN DIAMONDS SEVEN,0.1702,0.2152,0.6146
CLUBS SIX SPADES NINE,0.5196,0.0728,0.4076
SPADES TEN CLUBS TWO,0.6318,0.0714,0.2968
CLUBS TWO CLUBS QUEEN,0.6172,0.0392,0.3436
CLUBS TWO CLUBS KING,0.6102,0.0168,0.373
CLUBS THREE DIAMONDS EIGHT,0.6386,0.1116,0.2498
CLUBS TWO CLUBS ACE,0.5974,0.0066,0.396
CLUBS TWO DIAMONDS EIGHT,0.636,0.1032,0.2608
HEARTS SEVEN DIAMONDS EIGHT,0.4942,0.0888,0.417
HEARTS SIX DIAMONDS EIGHT,0.5144,0.094,0.3916
DIAMONDS EIGHT HEARTS NINE,0.4864,0.0662,0.4474
CLUBS TEN CLUBS TWO,0.6038,0.075,0.3212
HEARTS EIGHT DIAMONDS EIGHT,0.1928,0.1804,0.6268
CLUBS JACK CLUBS TWO,0.622,0.0442,0.3338
CLUBS NINE DIAMONDS EIGHT,0.498,0.063,0.439
CLUBS EIGHT DIAMONDS EIGHT,0.1804,0.1782,0.6414
CLUBS FIVE DIAMONDS EIGHT,0.516,0.0886,0.3954
SPADES ACE SPADES THREE,0.601,0.0072,0.3918
CLUBS SEVEN DIAMONDS EIGHT,0.502,0.0798,0.4182
SPADES QUEEN SPADES THREE,0.6038,0.0358,0.3604
CLUBS SIX DIAMONDS EIGHT,0.5236,0.086,0.3904
SPADES KING SPADES THREE,0.604,0.0168,0.3792
DIAMONDS QUEEN DIAMONDS EIGHT,0.502,0.0244,0.4736
HEARTS TWO DIAMONDS EIGHT,0.6308,0.1012,0.268
DIAMONDS KING DIAMONDS EIGHT,0.502,0.0166,0.4814
HEARTS THREE DIAMONDS EIGHT,0.6306,0.1018,0.2676
DIAMONDS ACE DIAMONDS EIGHT,0.5016,0.0042,0.4942
HEARTS FOUR DIAMONDS EIGHT,0.6492,0.0782,0.2726
HEARTS FIVE DIAMONDS EIGHT,0.5182,0.0976,0.3842
DIAMONDS TEN DIAMONDS EIGHT,0.4828,0.0486,0.4686
DIAMONDS JACK DIAMONDS EIGHT,0.4826,0.04,0.4774
SPADES JACK SPADES THREE,0.5932,0.0462,0.3606
SPADES TEN SPADES THREE,0.6022,0.0622,0.3356
CLUBS SIX HEARTS TEN,0.5352,0.0582,0.4066
CLUBS SIX HEARTS JACK,0.5342,0.0448,0.421
SPADES FOUR DIAMONDS EIGHT,0.6406,0.0844,0.275
SPADES FIVE DIAMONDS EIGHT,0.5148,0.0968,0.3884
SPADES TWO DIAMONDS EIGHT,0.6294,0.1066,0.264
SPADES THREE DIAMONDS EIGHT,0.6322,0.103,0.2648
SPADES EIGHT DIAMONDS EIGHT,0.1962,0.1768,0.627
SPADES TEN DIAMONDS QUEEN,0.498,0.0166,0.4854
SPADES TEN HEARTS TWO,0.6382,0.0668,0.295
SPADES JACK HEARTS EIGHT,0.534,0.0392,0.4268
SPADES NINE DIAMONDS EIGHT,0.49,0.0606,0.4494
SPADES TEN HEARTS EIGHT,0.5156,0.05,0.4344
SPADES JACK HEARTS TWO,0.649,0.0458,0.3052
SPADES JACK DIAMONDS QUEEN,0.5054,0.0146,0.48
SPADES SIX DIAMONDS EIGHT,0.5184,0.0886,0.393
SPADES SEVEN DIAMONDS EIGHT,0.4812,0.0898,0.429
SPADES ACE HEARTS TWO,0.6432,0.0046,0.3522
SPADES ACE DIAMONDS QUEEN,0.5278,0.0058,0.4664
SPADES ACE HEARTS EIGHT,0.5374,0.0038,0.4588
SPADES KING HEARTS EIGHT,0.5318,0.0154,0.4528
SPADES QUEEN HEARTS TWO,0.636,0.0346,0.3294
SPADES QUEEN DIAMONDS QUEEN,0.186,0.057,0.757
SPADES KING DIAMONDS QUEEN,0.5202,0.0058,0.474
SPADES KING HEARTS TWO,0.6234,0.018,0.3586
SPADES QUEEN HEARTS EIGHT,0.5248,0.0238,0.4514
CLUBS TWO HEARTS TEN,0.6434,0.0628,0.2938
CLUBS TWO HEARTS JACK,0.6326,0.0552,0.3122
SPADES SEVEN DIAMONDS NINE,0.5016,0.0726,0.4258
SPADES SIX DIAMONDS NINE,0.5226,0.0816,0.3958
SPADES NINE DIAMONDS NINE,0.1714,0.159,0.6696
SPADES EIGHT DIAMONDS NINE,0.4854,0.0634,0.4512
SPADES TEN CLUBS KING,0.514,0.0106,0.4754
DIAMONDS NINE SPADES THREE,0.6258,0.0872,0.287
SPADES JACK CLUBS KING,0.5184,0.0068,0.4748
DIAMONDS NINE SPADES TWO,0.6342,0.083,0.2828
SPADES FIVE DIAMONDS NINE,0.5404,0.0814,0.3782
DIAMONDS NINE SPADES FOUR,0.663,0.0618,0.2752
CLUBS NINE DIAMONDS NINE,0.1716,0.1522,0.6762
CLUBS EIGHT DIAMONDS NINE,0.4982,0.0574,0.4444
CLUBS SIX DIAMONDS NINE,0.519,0.0696,0.4114
CLUBS SEVEN DIAMONDS NINE,0.4992,0.0722,0.4286
CLUBS FIVE DIAMONDS NINE,0.5186,0.0836,0.3978
CLUBS TWO DIAMONDS NINE,0.6272,0.0876,0.2852
CLUBS THREE DIAMONDS NINE,0.6384,0.0918,0.2698
DIAMONDS NINE HEARTS EIGHT,0.491,0.065,0.444
DIAMONDS NINE HEARTS NINE,0.1842,0.1478,0.668
HEARTS SIX DIAMONDS NINE,0.5172,0.0786,0.4042
HEARTS SEVEN DIAMONDS NINE,0.4942,0.0734,0.4324
CLUBS EIGHT CLUBS NINE,0.472,0.0646,0.4634
DIAMONDS ACE DIAMONDS NINE,0.4924,0.0054,0.5022
HEARTS FOUR DIAMONDS NINE,0.6768,0.0658,0.2574
HEARTS FIVE DIAMONDS NINE,0.5132,0.0898,0.397
HEARTS ACE CLUBS TWO,0.6338,0.006,0.3602
DIAMONDS NINE DIAMONDS QUEEN,0.4856,0.0226,0.4918
HEARTS TWO DIAMONDS NINE,0.641,0.0922,0.2668
CLUBS TWO HEARTS KING,0.6416,0.019,0.3394
DIAMONDS KING DIAMONDS NINE,0.488,0.0122,0.4998
HEARTS THREE DIAMONDS NINE,0.6196,0.0894,0.291
CLUBS TWO HEARTS QUEEN,0.6392,0.0324,0.3284
DIAMONDS NINE DIAMONDS JACK,0.4782,0.0292,0.4926
CLUBS EIGHT SPADES NINE,0.5056,0.0632,0.4312
DIAMONDS TEN DIAMONDS NINE,0.4644,0.0404,0.4952
CLUBS EIGHT SPADES EIGHT,0.1844,0.1866,0.629
CLUBS EIGHT SPADES SEVEN,0.5076,0.0844,0.408
CLUBS EIGHT SPADES SIX,0.521,0.0828,0.3962
CLUBS EIGHT SPADES FIVE,0.5284,0.097,0.3746
CLUBS EIGHT SPADES FOUR,0.6474,0.0806,0.272
CLUBS EIGHT SPADES THREE,0.6296,0.1024,0.268
CLUBS EIGHT SPADES TWO,0.6308,0.107,0.2622
HEARTS SIX DIAMONDS TEN,0.528,0.0554,0.4166
HEARTS SEVEN DIAMONDS TEN,0.5192,0.0544,0.4264
DIAMONDS TEN HEARTS EIGHT,0.5064,0.0492,0.4444
DIAMONDS TEN HEARTS NINE,0.4932,0.0424,0.4644
DIAMONDS TEN CLUBS TWO,0.6316,0.0766,0.2918
CLUBS THREE DIAMONDS TEN,0.6292,0.0716,0.2992
DIAMONDS TEN DIAMONDS JACK,0.4688,0.0312,0.5
DIAMONDS TEN DIAMONDS QUEEN,0.4766,0.018,0.5054
HEARTS TWO DIAMONDS TEN,0.6272,0.0784,0.2944
DIAMONDS KING DIAMONDS TEN,0.4956,0.0084,0.496
HEARTS THREE DIAMONDS TEN,0.6264,0.0684,0.3052
DIAMONDS ACE DIAMONDS TEN,0.4764,0.007,0.5166
HEARTS FOUR DIAMONDS TEN,0.6708,0.0528,0.2764
CLUBS EIGHT HEARTS JACK,0.512,0.033,0.455
HEARTS FIVE DIAMONDS TEN,0.5438,0.0614,0.3948
CLUBS EIGHT HEARTS TEN,0.5008,0.05,0.4492
CLUBS EIGHT HEARTS QUEEN,0.5232,0.0246,0.4522
CLUBS EIGHT HEARTS KING,0.529,0.015,0.456
CLUBS EIGHT HEARTS ACE,0.5162,0.0048,0.479
CLUBS NINE SPADES THREE,0.63,0.083,0.287
CLUBS NINE SPADES TWO,0.6308,0.0862,0.283
CLUBS NINE SPADES FIVE,0.5338,0.0772,0.389
CLUBS NINE SPADES FOUR,0.6774,0.0574,0.2652
CLUBS NINE SPADES SEVEN,0.4996,0.0654,0.435
CLUBS NINE SPADES SIX,0.515,0.0698,0.4152
CLUBS NINE SPADES NINE,0.1908,0.148,0.6612
CLUBS TEN HEARTS EIGHT,0.5066,0.0512,0.4422
CLUBS NINE SPADES EIGHT,0.4918,0.0646,0.4436
CLUBS JACK HEARTS EIGHT,0.5158,0.0328,0.4514
HEARTS EIGHT CLUBS QUEEN,0.532,0.0216,0.4464
CLUBS KING HEARTS EIGHT,0.5284,0.0122,0.4594
CLUBS ACE HEARTS EIGHT,0.525,0.0052,0.4698
SPADES KING CLUBS KING,0.1944,0.034,0.7716
SPADES QUEEN CLUBS KING,0.518,0.0078,0.4742
SPADES ACE CLUBS KING,0.5242,0.0058,0.47
DIAMONDS ACE HEARTS TEN,0.5124,0.0038,0.4838
HEARTS FOUR HEARTS TEN,0.6138,0.0526,0.3336
DIAMONDS ACE HEARTS JACK,0.5248,0.0066,0.4686
HEARTS FOUR HEARTS JACK,0.6212,0.0428,0.336
SPADES KING CLUBS FIVE,0.5334,0.0222,0.4444
SPADES QUEEN CLUBS FIVE,0.5396,0.0342,0.4262
SPADES ACE CLUBS FIVE,0.5324,0.0046,0.463
HEARTS SEVEN DIAMONDS JACK,0.5278,0.0458,0.4264
HEARTS SIX DIAMONDS JACK,0.549,0.0422,0.4088
DIAMONDS JACK HEARTS NINE,0.509,0.0324,0.4586
DIAMONDS JACK HEARTS EIGHT,0.527,0.0334,0.4396
DIAMONDS KING DIAMONDS JACK,0.496,0.007,0.497
HEARTS THREE DIAMONDS JACK,0.6396,0.0472,0.3132
SPADES ACE SPADES SIX,0.5064,0.0042,0.4894
HEARTS ACE SPADES FOUR,0.6384,0.0226,0.339
DIAMONDS QUEEN DIAMONDS JACK,0.4878,0.012,0.5002
HEARTS TWO DIAMONDS JACK,0.6256,0.0528,0.3216
HEARTS FIVE DIAMONDS JACK,0.5488,0.047,0.4042
SPADES QUEEN SPADES SIX,0.5234,0.0276,0.449
SPADES FOUR HEARTS QUEEN,0.6608,0.0386,0.3006
DIAMONDS ACE DIAMONDS JACK,0.4924,0.006,0.5016
HEARTS FOUR DIAMONDS JACK,0.6592,0.0458,0.295
SPADES KING SPADES SIX,0.5156,0.0132,0.4712
SPADES FOUR HEARTS KING,0.659,0.0296,0.3114
SPADES TEN SPADES SIX,0.5014,0.058,0.4406
SPADES JACK SPADES SIX,0.514,0.0438,0.4422
SPADES FOUR DIAMONDS JACK,0.6674,0.0442,0.2884
SPADES FIVE DIAMONDS JACK,0.5348,0.0514,0.4138
DIAMONDS JACK SPADES TWO,0.6372,0.0528,0.31
SPADES THREE DIAMONDS JACK,0.6386,0.0498,0.3116
SPADES ACE DIAMONDS THREE,0.6282,0.0052,0.3666
CLUBS EIGHT DIAMONDS JACK,0.5116,0.0396,0.4488
SPADES QUEEN DIAMONDS THREE,0.6486,0.0326,0.3188
SPADES KING DIAMONDS THREE,0.6338,0.022,0.3442
CLUBS NINE DIAMONDS JACK,0.489,0.036,0.475
CLUBS SIX DIAMONDS JACK,0.5376,0.0396,0.4228
CLUBS SEVEN DIAMONDS JACK,0.5462,0.0416,0.4122
CLUBS FIVE DIAMONDS JACK,0.5354,0.0462,0.4184
CLUBS TWO DIAMONDS JACK,0.629,0.052,0.319
CLUBS THREE DIAMONDS JACK,0.6402,0.0516,0.3082
SPADES TEN CLUBS FIVE,0.543,0.0598,0.3972
SPADES JACK HEARTS SIX,0.5462,0.0408,0.413
HEARTS SIX SPADES TEN,0.5316,0.0546,0.4138
SPADES JACK CLUBS FIVE,0.538,0.0434,0.4186
SPADES JACK DIAMONDS THREE,0.6314,0.0502,0.3184
CLUBS SEVEN CLUBS ACE,0.5008,0.0044,0.4948
DIAMONDS THREE SPADES TEN,0.6402,0.0712,0.2886
CLUBS SEVEN CLUBS QUEEN,0.5122,0.0286,0.4592
CLUBS SEVEN CLUBS KING,0.5114,0.0126,0.476
SPADES NINE DIAMONDS JACK,0.5068,0.0356,0.4576
CLUBS TEN CLUBS SEVEN,0.4966,0.055,0.4484
DIAMONDS ACE HEARTS ACE,0.182,0.003,0.815
HEARTS FOUR HEARTS ACE,0.5924,0.0208,0.3868
SPADES EIGHT DIAMONDS JACK,0.5168,0.034,0.4492
SPADES ACE HEARTS SIX,0.543,0.0042,0.4528
CLUBS JACK CLUBS SEVEN,0.5096,0.0434,0.447
DIAMONDS ACE HEARTS KING,0.5166,0.0048,0.4786
HEARTS FOUR HEARTS KING,0.6252,0.0262,0.3486
SPADES SEVEN DIAMONDS JACK,0.521,0.0398,0.4392
SPADES KING HEARTS SIX,0.5464,0.0134,0.4402
DIAMONDS ACE HEARTS QUEEN,0.5154,0.0048,0.4798
HEARTS FOUR HEARTS QUEEN,0.6202,0.031,0.3488
SPADES QUEEN HEARTS SIX,0.5536,0.0276,0.4188
SPADES SIX DIAMONDS JACK,0.537,0.0408,0.4222
DIAMONDS TEN SPADES TWO,0.6324,0.077,0.2906
DIAMONDS TEN SPADES THREE,0.6422,0.0678,0.29
DIAMONDS TEN SPADES FOUR,0.672,0.05,0.278
DIAMONDS TEN SPADES FIVE,0.5408,0.0634,0.3958
SPADES SIX DIAMONDS TEN,0.5376,0.056,0.4064
SPADES SEVEN DIAMONDS TEN,0.5242,0.056,0.4198
SPADES EIGHT DIAMONDS TEN,0.5014,0.0538,0.4448
SPADES NINE DIAMONDS TEN,0.4904,0.0452,0.4644
CLUBS FIVE DIAMONDS TEN,0.5398,0.0668,0.3934
CLUBS SIX DIAMONDS TEN,0.5282,0.0592,0.4126
CLUBS SEVEN DIAMONDS TEN,0.521,0.0566,0.4224
CLUBS EIGHT DIAMONDS TEN,0.5116,0.0484,0.44
CLUBS NINE DIAMONDS TEN,0.4802,0.0446,0.4752
CLUBS JACK DIAMONDS THREE,0.6418,0.0496,0.3086
CLUBS TEN DIAMONDS THREE,0.6388,0.0688,0.2924
DIAMONDS THREE CLUBS KING,0.6492,0.017,0.3338
DIAMONDS THREE CLUBS QUEEN,0.6314,0.0382,0.3304
DIAMONDS THREE CLUBS ACE,0.6294,0.0062,0.3644
SPADES FOUR HEARTS JACK,0.67,0.0462,0.2838
SPADES FOUR HEARTS TEN,0.653,0.0562,0.2908
SPADES FIVE SPADES TWO,0.603,0.1348,0.2622
SPADES FOUR SPADES TWO,0.731,0.1458,0.1232
SPADES THREE SPADES TWO,0.6864,0.1558,0.1578
SPADES NINE SPADES TWO,0.6008,0.0842,0.315
SPADES EIGHT SPADES TWO,0.6088,0.1044,0.2868
SPADES SEVEN SPADES TWO,0.5934,0.1188,0.2878
SPADES SIX SPADES TWO,0.5998,0.126,0.2742
CLUBS THREE DIAMONDS QUEEN,0.6424,0.0328,0.3248
CLUBS THREE HEARTS TWO,0.722,0.1714,0.1066
CLUBS TWO DIAMONDS QUEEN,0.6366,0.0412,0.3222
HEARTS TWO CLUBS TWO,0.5258,0.3008,0.1734
HEARTS SEVEN DIAMONDS QUEEN,0.5346,0.0266,0.4388
HEARTS SEVEN HEARTS TWO,0.6046,0.123,0.2724
HEARTS SIX DIAMONDS QUEEN,0.557,0.0284,0.4146
HEARTS SIX HEARTS TWO,0.5954,0.1312,0.2734
DIAMONDS QUEEN HEARTS NINE,0.508,0.0218,0.4702
HEARTS TWO HEARTS NINE,0.6024,0.0772,0.3204
DIAMONDS QUEEN HEARTS EIGHT,0.524,0.0234,0.4526
HEARTS TWO HEARTS EIGHT,0.611,0.0916,0.2974
CLUBS NINE HEARTS TWO,0.6492,0.0884,0.2624
CLUBS NINE DIAMONDS QUEEN,0.5124,0.018,0.4696
CLUBS EIGHT DIAMONDS QUEEN,0.5268,0.0248,0.4484
CLUBS EIGHT HEARTS TWO,0.6346,0.1036,0.2618
CLUBS FIVE DIAMONDS QUEEN,0.5322,0.036,0.4318
CLUBS FIVE HEARTS TWO,0.6106,0.1592,0.2302
SPADES EIGHT HEARTS ACE,0.5244,0.0036,0.472
CLUBS SEVEN DIAMONDS QUEEN,0.539,0.0258,0.4352
CLUBS SEVEN HEARTS TWO,0.6432,0.1126,0.2442
SPADES EIGHT HEARTS QUEEN,0.5358,0.0216,0.4426
CLUBS SIX DIAMONDS QUEEN,0.5576,0.025,0.4174
CLUBS SIX HEARTS TWO,0.625,0.146,0.229
SPADES EIGHT HEARTS KING,0.5276,0.0134,0.459
HEARTS TWO SPADES SIX,0.6324,0.1352,0.2324
SPADES SIX DIAMONDS QUEEN,0.5408,0.0262,0.433
HEARTS FOUR CLUBS QUEEN,0.6628,0.0358,0.3014
DIAMONDS ACE CLUBS QUEEN,0.526,0.0076,0.4664
SPADES SEVEN DIAMONDS QUEEN,0.5372,0.0274,0.4354
SPADES SEVEN HEARTS TWO,0.6412,0.1322,0.2266
HEARTS FOUR CLUBS KING,0.6608,0.03,0.3092
DIAMONDS ACE CLUBS KING,0.5206,0.005,0.4744
SPADES EIGHT DIAMONDS QUEEN,0.5278,0.0254,0.4468
SPADES EIGHT HEARTS TWO,0.6318,0.099,0.2692
HEARTS FOUR CLUBS ACE,0.633,0.0232,0.3438
DIAMONDS ACE CLUBS ACE,0.165,0.0048,0.8302
SPADES NINE DIAMONDS QUEEN,0.5152,0.0214,0.4634
SPADES NINE HEARTS TWO,0.6282,0.0858,0.286
HEARTS TWO SPADES TWO,0.52,0.3046,0.1754
DIAMONDS QUEEN SPADES TWO,0.6394,0.0348,0.3258
HEARTS TWO SPADES THREE,0.7262,0.1664,0.1074
DIAMONDS QUEEN SPADES THREE,0.636,0.0328,0.3312
HEARTS TWO SPADES FOUR,0.7748,0.14,0.0852
SPADES FOUR DIAMONDS QUEEN,0.661,0.0352,0.3038
CLUBS TEN HEARTS FOUR,0.666,0.054,0.28
CLUBS TEN DIAMONDS ACE,0.5132,0.005,0.4818
HEARTS TWO SPADES FIVE,0.6294,0.151,0.2196
SPADES FIVE DIAMONDS QUEEN,0.5412,0.0326,0.4262
CLUBS JACK HEARTS FOUR,0.6516,0.0462,0.3022
CLUBS JACK DIAMONDS ACE,0.5176,0.0046,0.4778
CLUBS FIVE CLUBS KING,0.5138,0.0202,0.466
CLUBS FIVE CLUBS QUEEN,0.5258,0.0286,0.4456
CLUBS FIVE CLUBS ACE,0.4978,0.0062,0.496
CLUBS JACK CLUBS FIVE,0.521,0.045,0.434
CLUBS TEN CLUBS FIVE,0.5196,0.0638,0.4166
SPADES KING CLUBS JACK,0.514,0.0074,0.4786
CLUBS JACK SPADES QUEEN,0.5132,0.0142,0.4726
SPADES ACE CLUBS JACK,0.5266,0.0036,0.4698
SPADES SIX CLUBS KING,0.5536,0.0154,0.431
SPADES SIX CLUBS QUEEN,0.5444,0.0282,0.4274
SPADES EIGHT HEARTS JACK,0.5194,0.0338,0.4468
SPADES SIX CLUBS ACE,0.5376,0.005,0.4574
SPADES EIGHT HEARTS TEN,0.5016,0.0478,0.4506
CLUBS JACK SPADES SIX,0.5324,0.0426,0.425
CLUBS TEN SPADES SIX,0.5244,0.062,0.4136
CLUBS JACK SPADES TEN,0.4918,0.0272,0.481
CLUBS JACK SPADES JACK,0.1876,0.0862,0.7262
SPADES QUEEN CLUBS SEVEN,0.5544,0.0272,0.4184
SPADES KING CLUBS SEVEN,0.546,0.0146,0.4394
SPADES ACE CLUBS SEVEN,0.53,0.0058,0.4642
SPADES SIX HEARTS TEN,0.5496,0.0564,0.394
SPADES SIX HEARTS JACK,0.5558,0.0362,0.408
SPADES SIX HEARTS ACE,0.547,0.004,0.449
SPADES SIX HEARTS KING,0.5558,0.012,0.4322
SPADES SIX HEARTS QUEEN,0.5508,0.027,0.4222
SPADES JACK CLUBS SEVEN,0.5386,0.0406,0.4208
SPADES TEN CLUBS SEVEN,0.522,0.0544,0.4236
CLUBS TEN HEARTS SIX,0.5218,0.0628,0.4154
CLUBS JACK HEARTS SIX,0.5444,0.0426,0.413
CLUBS JACK CLUBS ACE,0.4892,0.005,0.5058
HEARTS SIX CLUBS QUEEN,0.537,0.028,0.435
HEARTS SIX CLUBS KING,0.5426,0.0146,0.4428
HEARTS SIX CLUBS ACE,0.5382,0.0054,0.4564
CLUBS JACK CLUBS QUEEN,0.4674,0.0142,0.5184
CLUBS JACK CLUBS KING,0.4948,0.0096,0.4956
DIAMONDS THREE HEARTS ACE,0.6322,0.0044,0.3634
DIAMONDS THREE HEARTS QUEEN,0.6448,0.0328,0.3224
DIAMONDS THREE HEARTS KING,0.6394,0.0196,0.341
CLUBS FIVE HEARTS JACK,0.5444,0.0466,0.409
SPADES TEN DIAMONDS ACE,0.5068,0.0068,0.4864
HEARTS FOUR SPADES TEN,0.6574,0.0518,0.2908
CLUBS FIVE HEARTS TEN,0.526,0.0678,0.4062
HEARTS FOUR SPADES JACK,0.6636,0.0424,0.294
SPADES JACK DIAMONDS ACE,0.5128,0.0048,0.4824
SPADES ACE HEARTS FOUR,0.6456,0.0216,0.3328
SPADES ACE DIAMONDS ACE,0.1832,0.005,0.8118
CLUBS FIVE HEARTS ACE,0.5248,0.0042,0.471
CLUBS FIVE HEARTS KING,0.5456,0.0204,0.434
HEARTS FOUR SPADES QUEEN,0.6654,0.0356,0.299
SPADES QUEEN DIAMONDS ACE,0.5212,0.0048,0.474
CLUBS JACK SPADES FOUR,0.6576,0.0446,0.2978
CLUBS FIVE HEARTS QUEEN,0.539,0.0276,0.4334
SPADES KING DIAMONDS ACE,0.5326,0.0062,0.4612
SPADES KING HEARTS FOUR,0.6636,0.026,0.3104
CLUBS TEN SPADES FOUR,0.6562,0.0588,0.285
DIAMONDS ACE DIAMONDS QUEEN,0.4938,0.0052,0.501
DIAMONDS ACE HEARTS TWO,0.6202,0.0062,0.3736
HEARTS FOUR DIAMONDS QUEEN,0.6646,0.0322,0.3032
HEARTS FOUR HEARTS TWO,0.7248,0.1414,0.1338
DIAMONDS THREE HEARTS TEN,0.6516,0.068,0.2804
SPADES FOUR CLUBS KING,0.6536,0.028,0.3184
HEARTS FIVE DIAMONDS QUEEN,0.5498,0.0344,0.4158
HEARTS FIVE HEARTS TWO,0.5944,0.136,0.2696
DIAMONDS THREE HEARTS JACK,0.6524,0.0504,0.2972
SPADES FOUR CLUBS QUEEN,0.667,0.0336,0.2994
HEARTS TWO DIAMONDS QUEEN,0.6356,0.0336,0.3308
DIAMONDS KING DIAMONDS QUEEN,0.4974,0.008,0.4946
DIAMONDS KING HEARTS TWO,0.6286,0.0212,0.3502
HEARTS THREE DIAMONDS QUEEN,0.6408,0.0288,0.3304
HEARTS THREE HEARTS TWO,0.6872,0.161,0.1518
SPADES FOUR CLUBS ACE,0.6352,0.0238,0.341
HEARTS TWO CLUBS ACE,0.6212,0.0044,0.3744
DIAMONDS QUEEN CLUBS ACE,0.5164,0.0076,0.476
HEARTS TWO CLUBS QUEEN,0.6418,0.0364,0.3218
DIAMONDS QUEEN CLUBS QUEEN,0.1868,0.06,0.7532
HEARTS TWO CLUBS KING,0.6398,0.0216,0.3386
DIAMONDS QUEEN CLUBS KING,0.5036,0.0092,0.4872
SPADES EIGHT SPADES FIVE,0.5018,0.0956,0.4026
CLUBS TEN HEARTS TWO,0.631,0.0712,0.2978
CLUBS TEN DIAMONDS QUEEN,0.5102,0.0154,0.4744
SPADES NINE SPADES FIVE,0.4992,0.08,0.4208
CLUBS JACK HEARTS TWO,0.6396,0.053,0.3074
CLUBS JACK DIAMONDS QUEEN,0.5102,0.0186,0.4712
SPADES SIX SPADES FIVE,0.4934,0.1256,0.381
SPADES SEVEN SPADES FIVE,0.4918,0.112,0.3962
DIAMONDS FIVE CLUBS QUEEN,0.5386,0.031,0.4304
SPADES EIGHT CLUBS ACE,0.541,0.0032,0.4558
DIAMONDS FIVE CLUBS KING,0.542,0.0182,0.4398
SPADES EIGHT CLUBS KING,0.5506,0.0126,0.4368
CLUBS ACE DIAMONDS FIVE,0.5244,0.0044,0.4712
SPADES EIGHT CLUBS QUEEN,0.5202,0.0272,0.4526
CLUBS JACK SPADES EIGHT,0.5152,0.0352,0.4496
CLUBS TEN SPADES EIGHT,0.5154,0.0464,0.4382
CLUBS TEN DIAMONDS FIVE,0.5346,0.065,0.4004
CLUBS JACK DIAMONDS FIVE,0.5346,0.048,0.4174
DIAMONDS TEN HEARTS JACK,0.4842,0.0242,0.4916
DIAMONDS TEN HEARTS TEN,0.1972,0.1226,0.6802
SPADES ACE CLUBS NINE,0.5204,0.0056,0.474
SPADES QUEEN CLUBS NINE,0.5116,0.0198,0.4686
SPADES KING CLUBS NINE,0.5214,0.0122,0.4664
HEARTS SIX HEARTS KING,0.51,0.0178,0.4722
DIAMONDS KING SPADES SEVEN,0.5366,0.0158,0.4476
HEARTS THREE SPADES SEVEN,0.6442,0.1148,0.241
SPADES KING DIAMONDS SEVEN,0.5502,0.0134,0.4364
HEARTS SIX HEARTS QUEEN,0.5106,0.0284,0.461
SPADES QUEEN DIAMONDS SEVEN,0.5314,0.0266,0.442
HEARTS THREE SPADES SIX,0.6226,0.1402,0.2372
DIAMONDS KING SPADES SIX,0.555,0.015,0.43
SPADES NINE DIAMONDS KING,0.5272,0.0104,0.4624
SPADES NINE HEARTS THREE,0.6432,0.0826,0.2742
HEARTS SIX HEARTS ACE,0.5218,0.0052,0.473
DIAMONDS KING SPADES EIGHT,0.5308,0.0122,0.457
SPADES EIGHT HEARTS THREE,0.636,0.1026,0.2614
SPADES ACE DIAMONDS SEVEN,0.5464,0.004,0.4496
CLUBS NINE HEARTS THREE,0.6232,0.0904,0.2864
CLUBS NINE DIAMONDS KING,0.523,0.013,0.464
CLUBS EIGHT DIAMONDS KING,0.5276,0.0154,0.457
CLUBS EIGHT HEARTS THREE,0.629,0.1054,0.2656
HEARTS THREE SPADES THREE,0.5058,0.312,0.1822
DIAMONDS KING SPADES THREE,0.6298,0.0194,0.3508
HEARTS THREE SPADES TWO,0.7124,0.1692,0.1184
DIAMONDS KING SPADES TWO,0.6394,0.0202,0.3404
HEARTS THREE SPADES FIVE,0.6336,0.1406,0.2258
DIAMONDS KING SPADES FIVE,0.5468,0.019,0.4342
HEARTS THREE SPADES FOUR,0.7578,0.1418,0.1004
DIAMONDS KING SPADES FOUR,0.6632,0.028,0.3088
DIAMONDS KING CLUBS TWO,0.659,0.0166,0.3244
HEARTS THREE CLUBS TWO,0.7252,0.1682,0.1066
DIAMONDS KING CLUBS THREE,0.645,0.0168,0.3382
CLUBS THREE HEARTS THREE,0.5264,0.2984,0.1752
DIAMONDS KING CLUBS FIVE,0.5382,0.0202,0.4416
HEARTS THREE CLUBS FIVE,0.6132,0.1558,0.231
CLUBS SIX DIAMONDS KING,0.5252,0.0196,0.4552
CLUBS SIX HEARTS THREE,0.617,0.1398,0.2432
CLUBS SEVEN DIAMONDS KING,0.531,0.017,0.452
CLUBS SEVEN HEARTS THREE,0.6296,0.129,0.2414
DIAMONDS KING HEARTS THREE,0.6412,0.0182,0.3406
