opposingHand,winningChance,drawChance,lostChance
DIAMONDS FOUR CLUBS ACE
HEARTS FIVE SPADES TEN,0.6238,0.0054,0.3708
HEARTS FIVE SPADES JACK,0.6114,0.0054,0.3832
SPADES FIVE CLUBS JACK,0.6128,0.0052,0.382
CLUBS TEN SPADES FIVE,0.6202,0.0046,0.3752
CLUBS EIGHT CLUBS JACK,0.5496,0.0042,0.4462
CLUBS TEN CLUBS EIGHT,0.5392,0.006,0.4548
CLUBS EIGHT CLUBS KING,0.5624,0.006,0.4316
CLUBS EIGHT CLUBS QUEEN,0.5654,0.005,0.4296
SPADES FIVE CLUBS KING,0.6254,0.0054,0.3692
SPADES FIVE CLUBS QUEEN,0.6168,0.0058,0.3774
DIAMONDS TWO DIAMONDS THREE,0.6354,0.0066,0.358
DIAMONDS TWO DIAMONDS FIVE,0.6144,0.0048,0.3808
HEARTS FIVE SPADES KING,0.6202,0.0046,0.3752
HEARTS FIVE SPADES QUEEN,0.607,0.005,0.388
DIAMONDS TWO DIAMONDS SEVEN,0.6178,0.0062,0.376
DIAMONDS TWO DIAMONDS SIX,0.6172,0.0046,0.3782
SPADES ACE HEARTS FIVE,0.2216,0.4556,0.3228
DIAMONDS TWO DIAMONDS NINE,0.6168,0.0048,0.3784
DIAMONDS TWO DIAMONDS EIGHT,0.6184,0.004,0.3776
CLUBS TWO SPADES FOUR,0.749,0.0254,0.2256
DIAMONDS THREE DIAMONDS FIVE,0.5866,0.0052,0.4082
SPADES FIVE CLUBS TWO,0.639,0.0064,0.3546
CLUBS TWO SPADES TWO,0.4718,0.0074,0.5208
CLUBS TWO SPADES THREE,0.6656,0.0046,0.3298
DIAMONDS THREE DIAMONDS EIGHT,0.6098,0.0052,0.385
SPADES EIGHT CLUBS TWO,0.6556,0.0036,0.3408
DIAMONDS THREE DIAMONDS NINE,0.61,0.0056,0.3844
SPADES NINE CLUBS TWO,0.6476,0.0062,0.3462
DIAMONDS THREE DIAMONDS SIX,0.603,0.0056,0.3914
SPADES SIX CLUBS TWO,0.6526,0.0054,0.342
DIAMONDS THREE DIAMONDS SEVEN,0.6006,0.0064,0.393
SPADES SEVEN CLUBS TWO,0.6618,0.0052,0.333
CLUBS SIX CLUBS TWO,0.626,0.0068,0.3672
CLUBS SEVEN CLUBS TWO,0.6214,0.0074,0.3712
CLUBS FOUR CLUBS TWO,0.7144,0.0226,0.263
CLUBS FIVE CLUBS TWO,0.611,0.0052,0.3838
CLUBS TEN CLUBS JACK,0.5288,0.0058,0.4654
CLUBS TEN CLUBS QUEEN,0.5306,0.0036,0.4658
CLUBS TEN CLUBS KING,0.558,0.0074,0.4346
CLUBS EIGHT CLUBS TWO,0.619,0.0058,0.3752
CLUBS NINE CLUBS TWO,0.6094,0.0076,0.383
CLUBS THREE CLUBS TWO,0.6342,0.007,0.3588
DIAMONDS NINE DIAMONDS FIVE,0.5644,0.0058,0.4298
DIAMONDS TWO CLUBS JACK,0.6504,0.0064,0.3432
DIAMONDS FIVE DIAMONDS EIGHT,0.5638,0.0058,0.4304
CLUBS TEN DIAMONDS TWO,0.6448,0.0054,0.3498
DIAMONDS FIVE DIAMONDS SEVEN,0.5732,0.0022,0.4246
DIAMONDS SIX DIAMONDS FIVE,0.5554,0.006,0.4386
DIAMONDS TWO CLUBS KING,0.6568,0.0058,0.3374
DIAMONDS TWO CLUBS QUEEN,0.6652,0.0048,0.33
DIAMONDS SIX DIAMONDS EIGHT,0.5348,0.0046,0.4606
DIAMONDS NINE DIAMONDS SIX,0.5598,0.0052,0.435
HEARTS ACE SPADES THREE,0.2528,0.5176,0.2296
SPADES THREE HEARTS KING,0.6546,0.0036,0.3418
DIAMONDS SIX DIAMONDS SEVEN,0.5386,0.0056,0.4558
HEARTS QUEEN SPADES THREE,0.647,0.0052,0.3478
SPADES THREE HEARTS JACK,0.645,0.006,0.349
SPADES THREE HEARTS TEN,0.6422,0.003,0.3548
DIAMONDS EIGHT DIAMONDS SEVEN,0.5458,0.0052,0.449
DIAMONDS NINE DIAMONDS SEVEN,0.5456,0.0056,0.4488
DIAMONDS NINE DIAMONDS EIGHT,0.5188,0.0068,0.4744
DIAMONDS KING HEARTS TEN,0.5798,0.0038,0.4164
HEARTS THREE HEARTS TEN,0.6064,0.0064,0.3872
SPADES JACK CLUBS SIX,0.6166,0.0038,0.3796
DIAMONDS KING HEARTS JACK,0.5686,0.0042,0.4272
HEARTS THREE HEARTS JACK,0.6068,0.0044,0.3888
SPADES TEN CLUBS SIX,0.5912,0.0054,0.4034
SPADES JACK SPADES FIVE,0.5828,0.0066,0.4106
SPADES TEN SPADES FIVE,0.5666,0.0038,0.4296
DIAMONDS KING HEARTS ACE,0.2572,0.0488,0.694
HEARTS THREE HEARTS ACE,0.249,0.4774,0.2736
SPADES ACE CLUBS SIX,0.2552,0.3834,0.3614
DIAMONDS KING HEARTS QUEEN,0.5566,0.0056,0.4378
HEARTS THREE HEARTS QUEEN,0.5968,0.0046,0.3986
SPADES KING CLUBS SIX,0.5996,0.0042,0.3962
DIAMONDS KING HEARTS KING,0.279,0.0044,0.7166
HEARTS THREE HEARTS KING,0.6152,0.0062,0.3786
SPADES QUEEN CLUBS SIX,0.6114,0.0034,0.3852
SPADES NINE HEARTS TEN,0.558,0.0034,0.4386
SPADES NINE HEARTS JACK,0.5656,0.0034,0.431
SPADES QUEEN SPADES FIVE,0.5542,0.0052,0.4406
SPADES KING SPADES FIVE,0.5716,0.0034,0.425
SPADES ACE SPADES FIVE,0.2082,0.4324,0.3594
SPADES NINE HEARTS QUEEN,0.572,0.0038,0.4242
SPADES NINE HEARTS KING,0.5902,0.0036,0.4062
SPADES NINE HEARTS ACE,0.251,0.1816,0.5674
CLUBS TEN SPADES JACK,0.5472,0.0036,0.4492
CLUBS TEN SPADES TEN,0.3312,0.004,0.6648
SPADES ACE CLUBS TEN,0.2452,0.1326,0.6222
SPADES KING CLUBS TEN,0.5752,0.0036,0.4212
CLUBS TEN SPADES QUEEN,0.5694,0.0048,0.4258
SPADES FIVE HEARTS QUEEN,0.6218,0.0028,0.3754
SPADES FIVE HEARTS KING,0.623,0.0046,0.3724
HEARTS ACE SPADES FIVE,0.2236,0.462,0.3144
CLUBS EIGHT SPADES TEN,0.5778,0.0038,0.4184
SPADES JACK HEARTS THREE,0.6444,0.0042,0.3514
SPADES JACK DIAMONDS KING,0.5688,0.004,0.4272
SPADES TEN DIAMONDS KING,0.5566,0.0028,0.4406
SPADES TEN HEARTS THREE,0.6468,0.0044,0.3488
SPADES JACK CLUBS EIGHT,0.5944,0.0034,0.4022
CLUBS SIX HEARTS ACE,0.2398,0.3812,0.379
SPADES ACE CLUBS EIGHT,0.246,0.238,0.516
HEARTS FIVE CLUBS JACK,0.6236,0.004,0.3724
HEARTS FIVE CLUBS TEN,0.6174,0.0038,0.3788
CLUBS SIX HEARTS QUEEN,0.614,0.0056,0.3804
SPADES QUEEN CLUBS EIGHT,0.5902,0.0034,0.4064
CLUBS TEN SPADES THREE,0.6548,0.004,0.3412
CLUBS SIX HEARTS KING,0.6032,0.0046,0.3922
SPADES KING CLUBS EIGHT,0.6128,0.0048,0.3824
SPADES THREE CLUBS JACK,0.649,0.0038,0.3472
DIAMONDS TWO HEARTS JACK,0.641,0.0052,0.3538
SPADES THREE CLUBS QUEEN,0.6488,0.0046,0.3466
DIAMONDS TWO HEARTS TEN,0.6328,0.005,0.3622
SPADES THREE CLUBS KING,0.6594,0.0052,0.3354
SPADES FIVE HEARTS TEN,0.6196,0.0022,0.3782
HEARTS FIVE CLUBS KING,0.6262,0.0068,0.367
SPADES FIVE HEARTS JACK,0.612,0.0044,0.3836
HEARTS FIVE CLUBS QUEEN,0.6256,0.0062,0.3682
HEARTS THREE CLUBS KING,0.6434,0.0052,0.3514
DIAMONDS KING CLUBS KING,0.3074,0.0046,0.688
HEARTS THREE CLUBS QUEEN,0.6528,0.006,0.3412
DIAMONDS KING CLUBS QUEEN,0.5722,0.0054,0.4224
HEARTS FIVE HEARTS JACK,0.5676,0.0046,0.4278
HEARTS FIVE HEARTS TEN,0.5774,0.0038,0.4188
SPADES ACE CLUBS QUEEN,0.2532,0.0666,0.6802
SPADES KING CLUBS QUEEN,0.579,0.0066,0.4144
HEARTS THREE CLUBS JACK,0.6514,0.0062,0.3424
DIAMONDS KING CLUBS JACK,0.5706,0.0058,0.4236
SPADES QUEEN CLUBS QUEEN,0.3264,0.0038,0.6698
CLUBS TEN HEARTS THREE,0.6516,0.0048,0.3436
CLUBS TEN DIAMONDS KING,0.575,0.0052,0.4198
SPADES JACK CLUBS QUEEN,0.5786,0.0044,0.417
CLUBS SIX CLUBS QUEEN,0.5898,0.0068,0.4034
SPADES TEN CLUBS QUEEN,0.5546,0.005,0.4404
CLUBS SIX CLUBS KING,0.5828,0.0046,0.4126
HEARTS FIVE HEARTS KING,0.5824,0.0052,0.4124
HEARTS FIVE HEARTS QUEEN,0.5762,0.0036,0.4202
CLUBS TEN CLUBS SIX,0.5604,0.0058,0.4338
HEARTS FIVE HEARTS ACE,0.205,0.4378,0.3572
CLUBS SIX CLUBS JACK,0.569,0.0048,0.4262
SPADES SEVEN HEARTS JACK,0.5932,0.0042,0.4026
SPADES SEVEN HEARTS TEN,0.5814,0.0042,0.4144
DIAMONDS TWO CLUBS TWO,0.4664,0.009,0.5246
DIAMONDS TWO CLUBS THREE,0.6782,0.007,0.3148
DIAMONDS TWO HEARTS SIX,0.6556,0.003,0.3414
DIAMONDS TWO HEARTS QUEEN,0.6398,0.0064,0.3538
HEARTS SEVEN DIAMONDS TWO,0.6536,0.004,0.3424
DIAMONDS TWO HEARTS KING,0.6554,0.0052,0.3394
DIAMONDS TWO HEARTS EIGHT,0.6334,0.0034,0.3632
DIAMONDS TWO HEARTS ACE,0.2742,0.513,0.2128
DIAMONDS TWO HEARTS NINE,0.6538,0.0048,0.3414
DIAMONDS TWO DIAMONDS QUEEN,0.626,0.0054,0.3686
DIAMONDS TWO HEARTS TWO,0.4852,0.0066,0.5082
DIAMONDS TWO DIAMONDS KING,0.6238,0.0074,0.3688
DIAMONDS TWO HEARTS THREE,0.6794,0.008,0.3126
DIAMONDS TWO DIAMONDS ACE,0.261,0.482,0.257
HEARTS FOUR DIAMONDS TWO,0.7426,0.0254,0.232
HEARTS FIVE DIAMONDS TWO,0.6332,0.0066,0.3602
SPADES SEVEN HEARTS ACE,0.2468,0.297,0.4562
DIAMONDS TWO DIAMONDS TEN,0.6138,0.0058,0.3804
SPADES SEVEN HEARTS KING,0.6046,0.0052,0.3902
DIAMONDS TWO DIAMONDS JACK,0.611,0.006,0.383
SPADES SEVEN HEARTS QUEEN,0.605,0.0042,0.3908
DIAMONDS TWO SPADES NINE,0.6588,0.0072,0.334
DIAMONDS TWO SPADES EIGHT,0.6432,0.0048,0.352
DIAMONDS TWO SPADES SEVEN,0.6558,0.0034,0.3408
DIAMONDS TWO SPADES SIX,0.661,0.0058,0.3332
DIAMONDS TWO SPADES FIVE,0.6312,0.0052,0.3636
DIAMONDS TWO SPADES FOUR,0.744,0.0246,0.2314
DIAMONDS TWO SPADES THREE,0.6802,0.008,0.3118
DIAMONDS TWO SPADES TWO,0.4638,0.0072,0.529
CLUBS NINE DIAMONDS TWO,0.6534,0.0064,0.3402
DIAMONDS TWO CLUBS EIGHT,0.6612,0.0056,0.3332
CLUBS SEVEN DIAMONDS TWO,0.6674,0.0056,0.327
DIAMONDS TWO CLUBS SIX,0.6588,0.0052,0.336
DIAMONDS TWO CLUBS FIVE,0.644,0.0062,0.3498
DIAMONDS TWO CLUBS FOUR,0.7476,0.0262,0.2262
CLUBS FOUR SPADES FIVE,0.6986,0.023,0.2784
CLUBS FOUR SPADES FOUR,0.3466,0.026,0.6274
CLUBS FOUR SPADES THREE,0.723,0.025,0.252
CLUBS FOUR SPADES TWO,0.7456,0.0266,0.2278
SPADES NINE CLUBS FOUR,0.7448,0.0218,0.2334
SPADES EIGHT CLUBS FOUR,0.7258,0.0188,0.2554
SPADES SEVEN CLUBS FOUR,0.7118,0.0178,0.2704
CLUBS FOUR SPADES SIX,0.7196,0.021,0.2594
SPADES ACE DIAMONDS SIX,0.2328,0.4042,0.363
SPADES QUEEN DIAMONDS SIX,0.6042,0.0066,0.3892
SPADES KING DIAMONDS SIX,0.6106,0.0052,0.3842
SPADES TEN DIAMONDS SIX,0.5892,0.004,0.4068
SPADES JACK DIAMONDS SIX,0.6054,0.004,0.3906
SPADES QUEEN SPADES TWO,0.593,0.0046,0.4024
SPADES KING SPADES TWO,0.6042,0.0058,0.39
SPADES ACE SPADES TWO,0.2634,0.4834,0.2532
DIAMONDS JACK CLUBS JACK,0.3138,0.0042,0.682
CLUBS TEN DIAMONDS JACK,0.5492,0.005,0.4458
DIAMONDS JACK CLUBS KING,0.5668,0.0048,0.4284
DIAMONDS JACK CLUBS QUEEN,0.5694,0.0038,0.4268
DIAMONDS THREE DIAMONDS JACK,0.6092,0.0048,0.386
DIAMONDS THREE DIAMONDS TEN,0.6108,0.0058,0.3834
DIAMONDS THREE DIAMONDS KING,0.615,0.0052,0.3798
DIAMONDS THREE HEARTS THREE,0.4844,0.0046,0.511
DIAMONDS THREE DIAMONDS QUEEN,0.6166,0.0048,0.3786
DIAMONDS THREE HEARTS TWO,0.6726,0.0064,0.321
HEARTS FIVE DIAMONDS THREE,0.6346,0.0036,0.3618
DIAMONDS THREE DIAMONDS ACE,0.2546,0.4838,0.2616
HEARTS FOUR DIAMONDS THREE,0.7204,0.0222,0.2574
HEARTS SEVEN DIAMONDS THREE,0.647,0.0056,0.3474
SPADES TEN SPADES NINE,0.5124,0.006,0.4816
HEARTS SIX DIAMONDS THREE,0.6444,0.0054,0.3502
SPADES JACK SPADES NINE,0.5326,0.0046,0.4628
DIAMONDS THREE HEARTS NINE,0.6584,0.0072,0.3344
HEARTS ACE HEARTS KING,0.245,0.0472,0.7078
SPADES TEN SPADES TWO,0.595,0.0052,0.3998
DIAMONDS THREE HEARTS EIGHT,0.6438,0.0044,0.3518
SPADES JACK SPADES TWO,0.6072,0.0066,0.3862
SPADES ACE SPADES NINE,0.2468,0.1566,0.5966
SPADES KING SPADES NINE,0.5422,0.0058,0.452
SPADES QUEEN SPADES NINE,0.5396,0.0054,0.455
DIAMONDS THREE SPADES NINE,0.6536,0.0032,0.3432
DIAMONDS THREE SPADES EIGHT,0.661,0.0038,0.3352
DIAMONDS THREE SPADES SEVEN,0.6514,0.0056,0.343
DIAMONDS THREE SPADES SIX,0.6336,0.0054,0.361
DIAMONDS THREE CLUBS SIX,0.6434,0.0048,0.3518
CLUBS FIVE CLUBS SIX,0.5642,0.0072,0.4286
CLUBS SEVEN DIAMONDS THREE,0.6496,0.0052,0.3452
CLUBS SEVEN CLUBS FIVE,0.5564,0.0074,0.4362
DIAMONDS THREE CLUBS FOUR,0.74,0.024,0.236
DIAMONDS THREE CLUBS FIVE,0.6352,0.0064,0.3584
DIAMONDS THREE CLUBS TWO,0.6934,0.0056,0.301
DIAMONDS THREE CLUBS THREE,0.4692,0.0062,0.5246
DIAMONDS THREE SPADES FOUR,0.7254,0.019,0.2556
DIAMONDS THREE SPADES FIVE,0.6356,0.007,0.3574
DIAMONDS THREE SPADES TWO,0.6764,0.007,0.3166
DIAMONDS THREE SPADES THREE,0.4576,0.0058,0.5366
CLUBS EIGHT DIAMONDS THREE,0.6618,0.0042,0.334
CLUBS NINE DIAMONDS THREE,0.6604,0.005,0.3346
SPADES SEVEN CLUBS QUEEN,0.6122,0.0044,0.3834
SPADES SEVEN CLUBS KING,0.5908,0.0042,0.405
CLUBS FIVE SPADES SEVEN,0.5974,0.0074,0.3952
CLUBS TEN SPADES SEVEN,0.5772,0.005,0.4178
CLUBS FIVE SPADES SIX,0.5952,0.0048,0.4
SPADES SEVEN CLUBS JACK,0.611,0.0056,0.3834
CLUBS FIVE SPADES NINE,0.6158,0.0042,0.38
CLUBS FIVE SPADES EIGHT,0.5992,0.0058,0.395
CLUBS FIVE SPADES THREE,0.623,0.0062,0.3708
CLUBS FIVE SPADES TWO,0.6452,0.0064,0.3484
CLUBS FIVE SPADES FIVE,0.3644,0.0054,0.6302
CLUBS FIVE SPADES FOUR,0.7002,0.0174,0.2824
CLUBS NINE CLUBS FIVE,0.5678,0.0036,0.4286
CLUBS EIGHT CLUBS FIVE,0.565,0.0062,0.4288
CLUBS KING CLUBS QUEEN,0.5308,0.0046,0.4646
CLUBS TEN DIAMONDS NINE,0.5676,0.004,0.4284
DIAMONDS NINE CLUBS JACK,0.5582,0.0042,0.4376
SPADES NINE CLUBS JACK,0.5646,0.0048,0.4306
CLUBS TEN SPADES NINE,0.5494,0.0042,0.4464
DIAMONDS JACK HEARTS TEN,0.5506,0.0048,0.4446
SPADES NINE CLUBS KING,0.589,0.0064,0.4046
DIAMONDS TWO SPADES TEN,0.6472,0.0046,0.3482
DIAMONDS JACK HEARTS JACK,0.3186,0.006,0.6754
SPADES NINE CLUBS QUEEN,0.592,0.0046,0.4034
DIAMONDS TWO SPADES JACK,0.6496,0.0052,0.3452
DIAMONDS NINE CLUBS QUEEN,0.5824,0.0056,0.412
DIAMONDS NINE CLUBS KING,0.578,0.0068,0.4152
HEARTS ACE DIAMONDS JACK,0.252,0.095,0.653
SPADES ACE DIAMONDS TWO,0.2806,0.5172,0.2022
HEARTS QUEEN DIAMONDS JACK,0.5628,0.0034,0.4338
SPADES QUEEN DIAMONDS TWO,0.6692,0.005,0.3258
HEARTS KING DIAMONDS JACK,0.577,0.0046,0.4184
SPADES KING DIAMONDS TWO,0.649,0.008,0.343
SPADES JACK SPADES SEVEN,0.5596,0.0026,0.4378
SPADES TEN SPADES SEVEN,0.5478,0.0052,0.447
CLUBS SEVEN CLUBS THREE,0.61,0.0046,0.3854
CLUBS SIX CLUBS THREE,0.6046,0.006,0.3894
CLUBS FIVE CLUBS THREE,0.6002,0.0054,0.3944
CLUBS THREE CLUBS FOUR,0.7024,0.0252,0.2724
CLUBS NINE CLUBS THREE,0.6078,0.0062,0.386
CLUBS EIGHT CLUBS THREE,0.6228,0.0064,0.3708
CLUBS THREE SPADES FIVE,0.6334,0.006,0.3606
CLUBS THREE SPADES FOUR,0.7254,0.022,0.2526
CLUBS THREE SPADES THREE,0.4578,0.0074,0.5348
CLUBS THREE SPADES TWO,0.6812,0.006,0.3128
CLUBS THREE SPADES SIX,0.6464,0.0058,0.3478
CLUBS THREE SPADES SEVEN,0.6554,0.0048,0.3398
SPADES EIGHT CLUBS THREE,0.6618,0.006,0.3322
SPADES NINE CLUBS THREE,0.6478,0.0054,0.3468
DIAMONDS TEN DIAMONDS FIVE,0.587,0.0058,0.4072
DIAMONDS JACK DIAMONDS FIVE,0.5894,0.0054,0.4052
DIAMONDS NINE HEARTS QUEEN,0.5808,0.0036,0.4156
DIAMONDS NINE HEARTS KING,0.597,0.0058,0.3972
HEARTS ACE DIAMONDS NINE,0.2424,0.1762,0.5814
DIAMONDS NINE HEARTS TEN,0.5484,0.0046,0.447
DIAMONDS NINE HEARTS JACK,0.5602,0.0042,0.4356
DIAMONDS SIX CLUBS KING,0.5992,0.0054,0.3954
DIAMONDS SIX CLUBS QUEEN,0.6014,0.0048,0.3938
SPADES ACE SPADES SEVEN,0.2336,0.2728,0.4936
SPADES QUEEN SPADES SEVEN,0.5678,0.005,0.4272
DIAMONDS SIX CLUBS JACK,0.6168,0.0052,0.378
SPADES KING SPADES SEVEN,0.566,0.0038,0.4302
CLUBS TEN DIAMONDS SIX,0.6142,0.0056,0.3802
CLUBS NINE CLUBS FOUR,0.7178,0.0178,0.2644
CLUBS EIGHT CLUBS FOUR,0.7022,0.02,0.2778
CLUBS FIVE CLUBS FOUR,0.666,0.0224,0.3116
CLUBS SEVEN CLUBS FOUR,0.6902,0.0166,0.2932
CLUBS SIX CLUBS FOUR,0.6952,0.019,0.2858
CLUBS SEVEN SPADES EIGHT,0.586,0.004,0.41
CLUBS SEVEN SPADES NINE,0.5674,0.005,0.4276
CLUBS SEVEN SPADES SIX,0.5854,0.0046,0.41
CLUBS SEVEN SPADES SEVEN,0.3608,0.004,0.6352
CLUBS SEVEN SPADES FIVE,0.6072,0.0044,0.3884
CLUBS SEVEN SPADES FOUR,0.7294,0.0204,0.2502
CLUBS SEVEN SPADES THREE,0.6426,0.0054,0.352
CLUBS SEVEN SPADES TWO,0.6574,0.0056,0.337
CLUBS NINE CLUBS SEVEN,0.5544,0.0062,0.4394
CLUBS SEVEN CLUBS EIGHT,0.541,0.006,0.453
HEARTS SIX DIAMONDS FIVE,0.5802,0.0052,0.4146
HEARTS SEVEN DIAMONDS FIVE,0.5922,0.0038,0.404
DIAMONDS FIVE HEARTS EIGHT,0.596,0.0028,0.4012
DIAMONDS FIVE HEARTS NINE,0.6024,0.004,0.3936
DIAMONDS QUEEN DIAMONDS FIVE,0.5948,0.0074,0.3978
HEARTS TWO DIAMONDS FIVE,0.6472,0.0066,0.3462
HEARTS KING HEARTS EIGHT,0.5646,0.0048,0.4306
DIAMONDS KING DIAMONDS FIVE,0.5958,0.0042,0.4
HEARTS THREE DIAMONDS FIVE,0.6232,0.0038,0.373
HEARTS QUEEN HEARTS EIGHT,0.5584,0.0044,0.4372
DIAMONDS ACE DIAMONDS FIVE,0.21,0.444,0.346
HEARTS FOUR DIAMONDS FIVE,0.699,0.0208,0.2802
HEARTS FIVE DIAMONDS FIVE,0.352,0.0054,0.6426
HEARTS ACE HEARTS EIGHT,0.2398,0.2026,0.5576
CLUBS FOUR DIAMONDS FIVE,0.7106,0.0222,0.2672
CLUBS FIVE DIAMONDS FIVE,0.3518,0.0064,0.6418
CLUBS SIX DIAMONDS FIVE,0.5866,0.0064,0.407
CLUBS SEVEN DIAMONDS FIVE,0.6022,0.0054,0.3924
CLUBS TWO DIAMONDS FIVE,0.6306,0.0056,0.3638
CLUBS THREE DIAMONDS FIVE,0.6358,0.0056,0.3586
SPADES THREE DIAMONDS FIVE,0.6174,0.006,0.3766
SPADES TWO DIAMONDS FIVE,0.6248,0.0046,0.3706
SPADES JACK DIAMONDS EIGHT,0.5756,0.0038,0.4206
SPADES FIVE DIAMONDS FIVE,0.3644,0.0064,0.6292
CLUBS TEN HEARTS JACK,0.5662,0.0034,0.4304
SPADES TEN DIAMONDS EIGHT,0.5592,0.0042,0.4366
SPADES FOUR DIAMONDS FIVE,0.695,0.0212,0.2838
HEARTS JACK CLUBS JACK,0.321,0.0058,0.6732
HEARTS JACK CLUBS QUEEN,0.565,0.0036,0.4314
CLUBS NINE DIAMONDS FIVE,0.6096,0.0038,0.3866
CLUBS KING HEARTS JACK,0.5628,0.0028,0.4344
CLUBS EIGHT DIAMONDS FIVE,0.5962,0.0058,0.398
SPADES SEVEN DIAMONDS FIVE,0.5894,0.005,0.4056
SPADES KING DIAMONDS EIGHT,0.592,0.006,0.402
SPADES QUEEN DIAMONDS EIGHT,0.5886,0.0058,0.4056
SPADES SIX DIAMONDS FIVE,0.5846,0.0032,0.4122
SPADES NINE DIAMONDS FIVE,0.597,0.0066,0.3964
SPADES EIGHT DIAMONDS FIVE,0.6074,0.0042,0.3884
SPADES ACE DIAMONDS EIGHT,0.2482,0.231,0.5208
DIAMONDS TEN DIAMONDS SIX,0.5628,0.0052,0.432
HEARTS ACE DIAMONDS SEVEN,0.2392,0.3056,0.4552
DIAMONDS JACK DIAMONDS SIX,0.583,0.0048,0.4122
HEARTS QUEEN DIAMONDS SEVEN,0.6056,0.0044,0.39
HEARTS KING DIAMONDS SEVEN,0.5978,0.0032,0.399
DIAMONDS ACE DIAMONDS SIX,0.243,0.3562,0.4008
HEARTS FOUR DIAMONDS SIX,0.7286,0.0218,0.2496
SPADES TWO HEARTS JACK,0.6508,0.005,0.3442
HEARTS FIVE DIAMONDS SIX,0.579,0.0048,0.4162
SPADES TWO HEARTS TEN,0.6458,0.0058,0.3484
DIAMONDS QUEEN DIAMONDS SIX,0.5654,0.0046,0.43
HEARTS TWO DIAMONDS SIX,0.6402,0.0068,0.353
DIAMONDS KING DIAMONDS SIX,0.576,0.0038,0.4202
HEARTS THREE DIAMONDS SIX,0.6278,0.0054,0.3668
DIAMONDS SIX HEARTS EIGHT,0.5878,0.0034,0.4088
DIAMONDS SIX HEARTS NINE,0.5912,0.0052,0.4036
HEARTS SIX DIAMONDS SIX,0.3576,0.0034,0.639
HEARTS SEVEN DIAMONDS SIX,0.5674,0.003,0.4296
HEARTS TEN DIAMONDS SEVEN,0.5694,0.0048,0.4258
CLUBS TWO DIAMONDS SIX,0.6646,0.0056,0.3298
HEARTS JACK DIAMONDS SEVEN,0.6076,0.0044,0.388
CLUBS THREE DIAMONDS SIX,0.6406,0.0066,0.3528
CLUBS SEVEN DIAMONDS SIX,0.56,0.0056,0.4344
DIAMONDS EIGHT CLUBS JACK,0.5774,0.005,0.4176
CLUBS SIX DIAMONDS SIX,0.3672,0.0064,0.6264
CLUBS TEN DIAMONDS EIGHT,0.57,0.0042,0.4258
CLUBS FIVE DIAMONDS SIX,0.5888,0.0046,0.4066
CLUBS FOUR DIAMONDS SIX,0.7392,0.0228,0.238
HEARTS ACE HEARTS JACK,0.2352,0.0814,0.6834
HEARTS QUEEN HEARTS JACK,0.5238,0.0046,0.4716
CLUBS KING DIAMONDS EIGHT,0.589,0.0058,0.4052
CLUBS NINE DIAMONDS SIX,0.5694,0.0066,0.424
HEARTS KING HEARTS JACK,0.5344,0.0052,0.4604
CLUBS QUEEN DIAMONDS EIGHT,0.5876,0.005,0.4074
CLUBS EIGHT DIAMONDS SIX,0.585,0.0056,0.4094
SPADES TEN HEARTS KING,0.5764,0.0036,0.42
SPADES FIVE DIAMONDS SIX,0.5756,0.0042,0.4202
HEARTS ACE SPADES TWO,0.2698,0.508,0.2222
SPADES JACK HEARTS KING,0.5744,0.0038,0.4218
SPADES FOUR DIAMONDS SIX,0.7318,0.0178,0.2504
SPADES THREE DIAMONDS SIX,0.6322,0.0048,0.363
HEARTS QUEEN SPADES TWO,0.6516,0.007,0.3414
SPADES ACE SPADES KING,0.2474,0.0528,0.6998
HEARTS KING SPADES TWO,0.6474,0.0044,0.3482
SPADES TWO DIAMONDS SIX,0.6396,0.0056,0.3548
HEARTS TEN HEARTS EIGHT,0.531,0.0042,0.4648
SPADES NINE DIAMONDS SIX,0.5846,0.0026,0.4128
HEARTS JACK HEARTS EIGHT,0.5328,0.003,0.4642
SPADES EIGHT DIAMONDS SIX,0.5724,0.0046,0.423
SPADES SEVEN DIAMONDS SIX,0.5726,0.0048,0.4226
SPADES SIX DIAMONDS SIX,0.3674,0.0038,0.6288
SPADES KING HEARTS KING,0.302,0.0036,0.6944
SPADES QUEEN HEARTS KING,0.5612,0.0032,0.4356
SPADES ACE HEARTS KING,0.2644,0.0462,0.6894
SPADES ACE HEARTS JACK,0.261,0.0908,0.6482
SPADES QUEEN HEARTS JACK,0.5824,0.0034,0.4142
SPADES KING HEARTS JACK,0.5678,0.0044,0.4278
SPADES TEN DIAMONDS TEN,0.3264,0.0042,0.6694
SPADES JACK DIAMONDS TEN,0.5488,0.0048,0.4464
SPADES ACE DIAMONDS TEN,0.2444,0.1234,0.6322
SPADES JACK HEARTS JACK,0.319,0.0024,0.6786
SPADES TEN HEARTS JACK,0.5436,0.004,0.4524
SPADES QUEEN DIAMONDS TEN,0.552,0.0044,0.4436
SPADES KING DIAMONDS TEN,0.5716,0.0044,0.424
SPADES NINE DIAMONDS SEVEN,0.5684,0.0034,0.4282
SPADES EIGHT DIAMONDS SEVEN,0.5656,0.0056,0.4288
SPADES SEVEN DIAMONDS SEVEN,0.3398,0.0036,0.6566
SPADES SIX DIAMONDS SEVEN,0.5688,0.0026,0.4286
DIAMONDS KING DIAMONDS SEVEN,0.5682,0.0044,0.4274
HEARTS THREE DIAMONDS SEVEN,0.6426,0.007,0.3504
HEARTS KING DIAMONDS FIVE,0.6042,0.0048,0.391
DIAMONDS QUEEN DIAMONDS SEVEN,0.5766,0.0064,0.417
HEARTS TWO DIAMONDS SEVEN,0.653,0.0058,0.3412
HEARTS QUEEN DIAMONDS FIVE,0.6124,0.0036,0.384
HEARTS FIVE DIAMONDS SEVEN,0.5856,0.0048,0.4096
DIAMONDS ACE DIAMONDS SEVEN,0.2344,0.284,0.4816
HEARTS FOUR DIAMONDS SEVEN,0.7136,0.0192,0.2672
HEARTS ACE DIAMONDS FIVE,0.2186,0.4662,0.3152
HEARTS SEVEN DIAMONDS SEVEN,0.3542,0.003,0.6428
HEARTS SIX DIAMONDS SEVEN,0.5644,0.0038,0.4318
HEARTS NINE DIAMONDS SEVEN,0.5776,0.0042,0.4182
HEARTS EIGHT DIAMONDS SEVEN,0.5858,0.0052,0.409
DIAMONDS JACK DIAMONDS SEVEN,0.5602,0.0052,0.4346
HEARTS JACK DIAMONDS FIVE,0.6114,0.0054,0.3832
DIAMONDS TEN DIAMONDS SEVEN,0.5452,0.0038,0.451
HEARTS TEN DIAMONDS FIVE,0.6106,0.0056,0.3838
SPADES KING CLUBS TWO,0.6534,0.0048,0.3418
HEARTS KING CLUBS KING,0.2834,0.004,0.7126
CLUBS EIGHT DIAMONDS SEVEN,0.5758,0.0052,0.419
SPADES QUEEN CLUBS TWO,0.6414,0.006,0.3526
HEARTS KING CLUBS QUEEN,0.5838,0.0054,0.4108
CLUBS NINE DIAMONDS SEVEN,0.5812,0.0052,0.4136
SPADES TWO CLUBS JACK,0.6368,0.0074,0.3558
SPADES ACE CLUBS TWO,0.2704,0.5202,0.2094
CLUBS TEN SPADES TWO,0.6568,0.0056,0.3376
CLUBS SEVEN CLUBS SIX,0.5574,0.005,0.4376
SPADES TWO CLUBS KING,0.6508,0.0042,0.345
SPADES TWO DIAMONDS SEVEN,0.639,0.0044,0.3566
CLUBS EIGHT CLUBS SIX,0.555,0.0038,0.4412
SPADES THREE DIAMONDS SEVEN,0.6376,0.0052,0.3572
SPADES TWO CLUBS QUEEN,0.6562,0.0062,0.3376
CLUBS NINE CLUBS SIX,0.5656,0.0046,0.4298
SPADES FOUR DIAMONDS SEVEN,0.7108,0.017,0.2722
HEARTS KING CLUBS JACK,0.5626,0.0052,0.4322
SPADES FIVE DIAMONDS SEVEN,0.5964,0.006,0.3976
CLUBS TEN HEARTS KING,0.5654,0.0058,0.4288
CLUBS SIX SPADES TWO,0.6484,0.0066,0.345
CLUBS SIX SPADES THREE,0.639,0.006,0.355
CLUBS TWO DIAMONDS SEVEN,0.6566,0.0044,0.339
CLUBS SIX SPADES FOUR,0.7326,0.017,0.2504
CLUBS THREE DIAMONDS SEVEN,0.641,0.0086,0.3504
CLUBS SIX SPADES FIVE,0.5788,0.0062,0.415
CLUBS FOUR DIAMONDS SEVEN,0.7248,0.0176,0.2576
CLUBS SIX SPADES SIX,0.3636,0.0054,0.631
CLUBS FIVE DIAMONDS SEVEN,0.5884,0.006,0.4056
CLUBS SIX SPADES SEVEN,0.5874,0.0052,0.4074
CLUBS SIX DIAMONDS SEVEN,0.5794,0.0052,0.4154
CLUBS SIX SPADES EIGHT,0.5888,0.004,0.4072
SPADES JACK CLUBS TWO,0.6454,0.0054,0.3492
CLUBS SEVEN DIAMONDS SEVEN,0.3582,0.007,0.6348
SPADES NINE CLUBS SIX,0.5756,0.0058,0.4186
SPADES TEN CLUBS TWO,0.6448,0.005,0.3502
CLUBS TWO CLUBS QUEEN,0.6186,0.0056,0.3758
CLUBS TWO CLUBS KING,0.6238,0.0056,0.3706
CLUBS THREE DIAMONDS EIGHT,0.6486,0.0062,0.3452
CLUBS TWO DIAMONDS EIGHT,0.6484,0.0034,0.3482
HEARTS SEVEN DIAMONDS EIGHT,0.5514,0.0054,0.4432
HEARTS SIX DIAMONDS EIGHT,0.5718,0.0052,0.423
DIAMONDS EIGHT HEARTS NINE,0.5488,0.0054,0.4458
CLUBS TEN CLUBS TWO,0.6264,0.0044,0.3692
HEARTS EIGHT DIAMONDS EIGHT,0.349,0.0036,0.6474
CLUBS TWO CLUBS JACK,0.6154,0.0058,0.3788
CLUBS NINE DIAMONDS EIGHT,0.561,0.005,0.434
CLUBS EIGHT DIAMONDS EIGHT,0.3336,0.0056,0.6608
CLUBS FIVE DIAMONDS EIGHT,0.5968,0.003,0.4002
SPADES ACE SPADES THREE,0.2502,0.4868,0.263
CLUBS FOUR DIAMONDS EIGHT,0.74,0.0198,0.2402
CLUBS SEVEN DIAMONDS EIGHT,0.5628,0.0044,0.4328
SPADES QUEEN SPADES THREE,0.5904,0.0046,0.405
CLUBS SIX DIAMONDS EIGHT,0.5806,0.0048,0.4146
SPADES KING SPADES THREE,0.6082,0.0038,0.388
DIAMONDS QUEEN DIAMONDS EIGHT,0.5538,0.0056,0.4406
HEARTS TWO DIAMONDS EIGHT,0.648,0.0042,0.3478
DIAMONDS KING DIAMONDS EIGHT,0.5616,0.0056,0.4328
HEARTS THREE DIAMONDS EIGHT,0.6494,0.0054,0.3452
DIAMONDS ACE DIAMONDS EIGHT,0.2326,0.2266,0.5408
HEARTS FOUR DIAMONDS EIGHT,0.7214,0.0204,0.2582
HEARTS FIVE DIAMONDS EIGHT,0.5982,0.0048,0.397
DIAMONDS TEN DIAMONDS EIGHT,0.5398,0.0038,0.4564
DIAMONDS JACK DIAMONDS EIGHT,0.5434,0.0048,0.4518
SPADES JACK SPADES THREE,0.592,0.006,0.402
SPADES TEN SPADES THREE,0.6042,0.0058,0.39
CLUBS FOUR HEARTS ACE,0.0186,0.9718,0.0096
CLUBS FOUR HEARTS QUEEN,0.7426,0.0216,0.2358
CLUBS FOUR HEARTS KING,0.751,0.0226,0.2264
CLUBS SIX HEARTS TEN,0.5994,0.0046,0.396
CLUBS SIX HEARTS JACK,0.6064,0.0038,0.3898
SPADES FOUR DIAMONDS EIGHT,0.7328,0.0146,0.2526
SPADES FIVE DIAMONDS EIGHT,0.596,0.0056,0.3984
SPADES TWO DIAMONDS EIGHT,0.6286,0.0074,0.364
SPADES THREE DIAMONDS EIGHT,0.6404,0.005,0.3546
CLUBS FOUR HEARTS JACK,0.7518,0.022,0.2262
SPADES EIGHT DIAMONDS EIGHT,0.34,0.004,0.656
SPADES TEN DIAMONDS QUEEN,0.5602,0.0026,0.4372
SPADES TEN HEARTS TWO,0.6324,0.0056,0.362
SPADES JACK HEARTS EIGHT,0.5816,0.004,0.4144
CLUBS FOUR HEARTS TEN,0.7472,0.025,0.2278
SPADES NINE DIAMONDS EIGHT,0.556,0.0034,0.4406
SPADES TEN HEARTS EIGHT,0.5696,0.0042,0.4262
SPADES JACK HEARTS TWO,0.6464,0.0054,0.3482
SPADES JACK DIAMONDS QUEEN,0.5586,0.0056,0.4358
SPADES SIX DIAMONDS EIGHT,0.5756,0.0048,0.4196
SPADES SEVEN DIAMONDS EIGHT,0.5582,0.0046,0.4372
SPADES ACE HEARTS TWO,0.2574,0.5144,0.2282
SPADES ACE DIAMONDS QUEEN,0.2586,0.0566,0.6848
SPADES ACE HEARTS EIGHT,0.2426,0.2278,0.5296
SPADES KING HEARTS EIGHT,0.6106,0.0052,0.3842
SPADES QUEEN HEARTS TWO,0.6424,0.005,0.3526
SPADES QUEEN DIAMONDS QUEEN,0.3084,0.003,0.6886
SPADES KING DIAMONDS QUEEN,0.5666,0.0036,0.4298
SPADES KING HEARTS TWO,0.6434,0.0044,0.3522
SPADES QUEEN HEARTS EIGHT,0.5776,0.0046,0.4178
CLUBS TWO HEARTS TEN,0.643,0.0058,0.3512
CLUBS TWO HEARTS JACK,0.6492,0.0034,0.3474
SPADES SEVEN DIAMONDS NINE,0.5678,0.0048,0.4274
SPADES SIX DIAMONDS NINE,0.5714,0.0058,0.4228
SPADES NINE DIAMONDS NINE,0.3292,0.0038,0.667
SPADES EIGHT DIAMONDS NINE,0.5442,0.0054,0.4504
SPADES TEN CLUBS KING,0.575,0.004,0.421
DIAMONDS NINE SPADES THREE,0.6426,0.004,0.3534
SPADES JACK CLUBS KING,0.5824,0.0042,0.4134
DIAMONDS NINE SPADES TWO,0.643,0.0072,0.3498
SPADES FIVE DIAMONDS NINE,0.604,0.0042,0.3918
DIAMONDS NINE SPADES FOUR,0.7424,0.023,0.2346
CLUBS NINE DIAMONDS NINE,0.346,0.0052,0.6488
CLUBS EIGHT DIAMONDS NINE,0.5556,0.0044,0.44
CLUBS SIX DIAMONDS NINE,0.5936,0.0054,0.401
SPADES JACK CLUBS FOUR,0.7464,0.0246,0.229
CLUBS SEVEN DIAMONDS NINE,0.5704,0.004,0.4256
SPADES TEN CLUBS FOUR,0.7476,0.026,0.2264
CLUBS FOUR DIAMONDS NINE,0.7516,0.0192,0.2292
CLUBS FIVE DIAMONDS NINE,0.61,0.0062,0.3838
CLUBS TWO DIAMONDS NINE,0.646,0.0062,0.3478
CLUBS THREE DIAMONDS NINE,0.6332,0.0042,0.3626
DIAMONDS NINE HEARTS EIGHT,0.5526,0.0042,0.4432
DIAMONDS NINE HEARTS NINE,0.3458,0.0034,0.6508
HEARTS SIX DIAMONDS NINE,0.5848,0.0042,0.411
HEARTS SEVEN DIAMONDS NINE,0.5824,0.0034,0.4142
CLUBS NINE CLUBS EIGHT,0.5374,0.0042,0.4584
DIAMONDS ACE DIAMONDS NINE,0.2346,0.1714,0.594
HEARTS FOUR DIAMONDS NINE,0.73,0.0198,0.2502
HEARTS FIVE DIAMONDS NINE,0.6008,0.004,0.3952
HEARTS ACE CLUBS TWO,0.2628,0.5216,0.2156
SPADES ACE CLUBS FOUR,0.0246,0.9654,0.01
DIAMONDS NINE DIAMONDS QUEEN,0.5382,0.0056,0.4562
HEARTS TWO DIAMONDS NINE,0.658,0.0064,0.3356
CLUBS TWO HEARTS KING,0.6536,0.006,0.3404
SPADES KING CLUBS FOUR,0.7462,0.0214,0.2324
DIAMONDS KING DIAMONDS NINE,0.5518,0.004,0.4442
HEARTS THREE DIAMONDS NINE,0.6384,0.0054,0.3562
CLUBS TWO HEARTS QUEEN,0.6608,0.0038,0.3354
SPADES QUEEN CLUBS FOUR,0.7482,0.0264,0.2254
DIAMONDS NINE DIAMONDS JACK,0.5264,0.0054,0.4682
CLUBS EIGHT SPADES NINE,0.5578,0.0058,0.4364
DIAMONDS TEN DIAMONDS NINE,0.5138,0.004,0.4822
CLUBS EIGHT SPADES EIGHT,0.3584,0.0042,0.6374
CLUBS EIGHT SPADES SEVEN,0.577,0.0046,0.4184
CLUBS EIGHT SPADES SIX,0.5822,0.0026,0.4152
CLUBS EIGHT SPADES FIVE,0.5924,0.0056,0.402
CLUBS EIGHT SPADES FOUR,0.7344,0.0234,0.2422
CLUBS EIGHT SPADES THREE,0.6462,0.0036,0.3502
CLUBS EIGHT SPADES TWO,0.6492,0.005,0.3458
HEARTS SIX DIAMONDS TEN,0.5866,0.0042,0.4092
HEARTS SEVEN DIAMONDS TEN,0.5676,0.0036,0.4288
DIAMONDS TEN HEARTS EIGHT,0.5546,0.004,0.4414
CLUBS FOUR CLUBS JACK,0.7036,0.0258,0.2706
DIAMONDS TEN HEARTS NINE,0.5462,0.0064,0.4474
CLUBS TEN CLUBS FOUR,0.713,0.0244,0.2626
CLUBS FOUR CLUBS KING,0.7134,0.0264,0.2602
CLUBS FOUR CLUBS QUEEN,0.7078,0.0222,0.27
DIAMONDS TEN CLUBS TWO,0.643,0.006,0.351
CLUBS THREE DIAMONDS TEN,0.6454,0.0044,0.3502
DIAMONDS TEN DIAMONDS JACK,0.5202,0.0048,0.475
DIAMONDS TEN DIAMONDS QUEEN,0.5362,0.004,0.4598
HEARTS TWO DIAMONDS TEN,0.6402,0.0066,0.3532
DIAMONDS KING DIAMONDS TEN,0.5412,0.006,0.4528
HEARTS THREE DIAMONDS TEN,0.633,0.0048,0.3622
DIAMONDS ACE DIAMONDS TEN,0.2302,0.1178,0.652
HEARTS FOUR DIAMONDS TEN,0.7294,0.0252,0.2454
CLUBS EIGHT HEARTS JACK,0.58,0.0056,0.4144
HEARTS FIVE DIAMONDS TEN,0.6116,0.0052,0.3832
CLUBS EIGHT HEARTS TEN,0.5752,0.0042,0.4206
CLUBS EIGHT HEARTS QUEEN,0.6012,0.0038,0.395
CLUBS EIGHT HEARTS KING,0.6124,0.0064,0.3812
CLUBS EIGHT HEARTS ACE,0.2498,0.2302,0.52
CLUBS NINE SPADES THREE,0.6562,0.0036,0.3402
CLUBS NINE SPADES TWO,0.6548,0.005,0.3402
CLUBS NINE SPADES FIVE,0.6148,0.006,0.3792
CLUBS NINE SPADES FOUR,0.7536,0.018,0.2284
CLUBS NINE SPADES SEVEN,0.5794,0.0046,0.416
CLUBS NINE SPADES SIX,0.5898,0.004,0.4062
CLUBS NINE SPADES NINE,0.3394,0.003,0.6576
CLUBS TEN HEARTS EIGHT,0.577,0.0042,0.4188
CLUBS NINE SPADES EIGHT,0.563,0.005,0.432
HEARTS EIGHT CLUBS JACK,0.5816,0.002,0.4164
CLUBS QUEEN HEARTS EIGHT,0.6016,0.0058,0.3926
CLUBS KING HEARTS EIGHT,0.6126,0.005,0.3824
SPADES KING CLUBS KING,0.2946,0.0028,0.7026
SPADES QUEEN CLUBS KING,0.5722,0.0058,0.422
SPADES ACE CLUBS KING,0.267,0.0522,0.6808
DIAMONDS ACE HEARTS TEN,0.2446,0.1212,0.6342
HEARTS FOUR HEARTS TEN,0.6916,0.0218,0.2866
DIAMONDS ACE HEARTS JACK,0.2568,0.0896,0.6536
HEARTS FOUR HEARTS JACK,0.698,0.0234,0.2786
SPADES KING CLUBS FIVE,0.6264,0.0066,0.367
SPADES QUEEN CLUBS FIVE,0.622,0.0054,0.3726
SPADES ACE CLUBS FIVE,0.2162,0.4738,0.31
HEARTS SEVEN DIAMONDS JACK,0.5836,0.0044,0.412
HEARTS SIX DIAMONDS JACK,0.6164,0.0032,0.3804
DIAMONDS JACK HEARTS NINE,0.5562,0.0046,0.4392
DIAMONDS JACK HEARTS EIGHT,0.571,0.0032,0.4258
DIAMONDS KING DIAMONDS JACK,0.5424,0.0056,0.452
HEARTS THREE DIAMONDS JACK,0.6376,0.004,0.3584
SPADES ACE SPADES SIX,0.2366,0.3506,0.4128
HEARTS ACE SPADES FOUR,0.0236,0.957,0.0194
DIAMONDS QUEEN DIAMONDS JACK,0.5332,0.0074,0.4594
HEARTS TWO DIAMONDS JACK,0.6476,0.0042,0.3482
HEARTS FIVE DIAMONDS JACK,0.613,0.005,0.382
SPADES QUEEN SPADES SIX,0.5616,0.0036,0.4348
SPADES FOUR HEARTS QUEEN,0.7474,0.0234,0.2292
DIAMONDS ACE DIAMONDS JACK,0.232,0.0836,0.6844
HEARTS FOUR DIAMONDS JACK,0.7368,0.0266,0.2366
SPADES KING SPADES SIX,0.574,0.0046,0.4214
SPADES FOUR HEARTS KING,0.7534,0.0236,0.223
SPADES TEN SPADES SIX,0.5462,0.0034,0.4504
SPADES JACK SPADES SIX,0.569,0.0044,0.4266
SPADES FOUR DIAMONDS JACK,0.7482,0.0248,0.227
SPADES FIVE DIAMONDS JACK,0.6078,0.0046,0.3876
DIAMONDS JACK SPADES TWO,0.6328,0.0046,0.3626
SPADES THREE DIAMONDS JACK,0.6416,0.006,0.3524
SPADES ACE DIAMONDS THREE,0.2626,0.529,0.2084
SPADES QUEEN DIAMONDS THREE,0.6562,0.0056,0.3382
CLUBS EIGHT DIAMONDS JACK,0.589,0.004,0.407
SPADES KING DIAMONDS THREE,0.6562,0.0052,0.3386
CLUBS NINE DIAMONDS JACK,0.5664,0.0054,0.4282
CLUBS SIX DIAMONDS JACK,0.6,0.0028,0.3972
CLUBS SEVEN DIAMONDS JACK,0.583,0.0038,0.4132
CLUBS FOUR DIAMONDS JACK,0.7304,0.0234,0.2462
CLUBS FIVE DIAMONDS JACK,0.6188,0.0046,0.3766
CLUBS TWO DIAMONDS JACK,0.6572,0.0046,0.3382
CLUBS THREE DIAMONDS JACK,0.649,0.007,0.344
SPADES TEN CLUBS FIVE,0.6272,0.0038,0.369
SPADES JACK HEARTS SIX,0.5964,0.0038,0.3998
HEARTS SIX SPADES TEN,0.608,0.002,0.39
SPADES JACK CLUBS FIVE,0.615,0.0026,0.3824
SPADES JACK DIAMONDS THREE,0.6492,0.0054,0.3454
DIAMONDS THREE SPADES TEN,0.6462,0.0062,0.3476
CLUBS SEVEN CLUBS QUEEN,0.5742,0.0054,0.4204
CLUBS SEVEN CLUBS KING,0.5942,0.0042,0.4016
SPADES NINE DIAMONDS JACK,0.5548,0.0054,0.4398
CLUBS TEN CLUBS SEVEN,0.5624,0.0062,0.4314
DIAMONDS ACE HEARTS ACE,0.0706,0.0122,0.9172
HEARTS FOUR HEARTS ACE,0.0208,0.907,0.0722
SPADES EIGHT DIAMONDS JACK,0.5638,0.0052,0.431
SPADES ACE HEARTS SIX,0.2476,0.3756,0.3768
CLUBS SEVEN CLUBS JACK,0.5682,0.0044,0.4274
DIAMONDS ACE HEARTS KING,0.2466,0.0486,0.7048
HEARTS FOUR HEARTS KING,0.7022,0.0286,0.2692
SPADES SEVEN DIAMONDS JACK,0.6018,0.0036,0.3946
SPADES KING HEARTS SIX,0.599,0.004,0.397
DIAMONDS ACE HEARTS QUEEN,0.2442,0.0634,0.6924
HEARTS FOUR HEARTS QUEEN,0.698,0.0226,0.2794
SPADES QUEEN HEARTS SIX,0.606,0.004,0.39
SPADES SIX DIAMONDS JACK,0.6092,0.003,0.3878
DIAMONDS TEN SPADES TWO,0.6498,0.0042,0.346
DIAMONDS TEN SPADES THREE,0.6298,0.006,0.3642
DIAMONDS TEN SPADES FOUR,0.7374,0.022,0.2406
DIAMONDS TEN SPADES FIVE,0.6102,0.0038,0.386
SPADES SIX DIAMONDS TEN,0.5922,0.0044,0.4034
SPADES SEVEN DIAMONDS TEN,0.5774,0.0028,0.4198
SPADES EIGHT DIAMONDS TEN,0.5716,0.0034,0.425
SPADES NINE DIAMONDS TEN,0.5482,0.0028,0.449
CLUBS FOUR DIAMONDS TEN,0.7402,0.024,0.2358
CLUBS FIVE DIAMONDS TEN,0.6236,0.0062,0.3702
CLUBS SIX DIAMONDS TEN,0.5988,0.0056,0.3956
CLUBS SEVEN DIAMONDS TEN,0.5788,0.006,0.4152
CLUBS EIGHT DIAMONDS TEN,0.5634,0.0042,0.4324
CLUBS NINE DIAMONDS TEN,0.5406,0.0044,0.455
DIAMONDS THREE CLUBS JACK,0.6614,0.0064,0.3322
CLUBS TEN DIAMONDS THREE,0.6546,0.006,0.3394
DIAMONDS THREE CLUBS KING,0.6572,0.0072,0.3356
DIAMONDS THREE CLUBS QUEEN,0.6612,0.006,0.3328
SPADES FOUR HEARTS JACK,0.7372,0.0252,0.2376
SPADES FOUR HEARTS TEN,0.7282,0.0252,0.2466
SPADES FIVE SPADES TWO,0.5906,0.004,0.4054
SPADES FOUR SPADES TWO,0.6996,0.02,0.2804
SPADES THREE SPADES TWO,0.6266,0.005,0.3684
SPADES NINE SPADES TWO,0.612,0.0052,0.3828
SPADES EIGHT SPADES TWO,0.607,0.005,0.388
SPADES SEVEN SPADES TWO,0.6094,0.0046,0.386
SPADES SIX SPADES TWO,0.6096,0.005,0.3854
CLUBS THREE DIAMONDS QUEEN,0.6506,0.0046,0.3448
CLUBS THREE HEARTS TWO,0.6746,0.006,0.3194
CLUBS TWO DIAMONDS QUEEN,0.6382,0.0066,0.3552
HEARTS TWO CLUBS TWO,0.4826,0.0062,0.5112
HEARTS SEVEN DIAMONDS QUEEN,0.5998,0.0036,0.3966
HEARTS SEVEN HEARTS TWO,0.6092,0.0054,0.3854
HEARTS SIX DIAMONDS QUEEN,0.595,0.0048,0.4002
HEARTS SIX HEARTS TWO,0.6072,0.0046,0.3882
DIAMONDS QUEEN HEARTS NINE,0.573,0.0032,0.4238
HEARTS TWO HEARTS NINE,0.6084,0.005,0.3866
DIAMONDS QUEEN HEARTS EIGHT,0.5948,0.0056,0.3996
HEARTS TWO HEARTS EIGHT,0.6134,0.0034,0.3832
CLUBS NINE HEARTS TWO,0.6488,0.0058,0.3454
CLUBS NINE DIAMONDS QUEEN,0.5814,0.0078,0.4108
CLUBS EIGHT HEARTS TWO,0.6582,0.0042,0.3376
CLUBS EIGHT DIAMONDS QUEEN,0.5854,0.0078,0.4068
CLUBS FIVE DIAMONDS QUEEN,0.623,0.005,0.372
CLUBS FIVE HEARTS TWO,0.646,0.0048,0.3492
SPADES EIGHT HEARTS ACE,0.253,0.2266,0.5204
CLUBS FOUR DIAMONDS QUEEN,0.7396,0.0228,0.2376
CLUBS FOUR HEARTS TWO,0.7436,0.0258,0.2306
CLUBS SEVEN DIAMONDS QUEEN,0.602,0.004,0.394
CLUBS SEVEN HEARTS TWO,0.6462,0.0042,0.3496
SPADES EIGHT HEARTS QUEEN,0.5996,0.0048,0.3956
CLUBS SIX DIAMONDS QUEEN,0.6042,0.0068,0.389
CLUBS SIX HEARTS TWO,0.6528,0.006,0.3412
SPADES EIGHT HEARTS KING,0.6118,0.0038,0.3844
HEARTS TWO SPADES SIX,0.6434,0.0052,0.3514
SPADES SIX DIAMONDS QUEEN,0.6118,0.0042,0.384
HEARTS FOUR CLUBS QUEEN,0.7456,0.0286,0.2258
DIAMONDS ACE CLUBS QUEEN,0.2558,0.0638,0.6804
SPADES SEVEN DIAMONDS QUEEN,0.6084,0.0048,0.3868
SPADES SEVEN HEARTS TWO,0.6632,0.0064,0.3304
HEARTS FOUR CLUBS KING,0.7552,0.021,0.2238
DIAMONDS ACE CLUBS KING,0.2618,0.0576,0.6806
SPADES EIGHT DIAMONDS QUEEN,0.6066,0.003,0.3904
SPADES EIGHT HEARTS TWO,0.6488,0.0036,0.3476
SPADES NINE DIAMONDS QUEEN,0.5754,0.006,0.4186
SPADES NINE HEARTS TWO,0.646,0.0052,0.3488
HEARTS TWO SPADES TWO,0.469,0.0062,0.5248
DIAMONDS QUEEN SPADES TWO,0.6504,0.0066,0.343
HEARTS TWO SPADES THREE,0.6662,0.005,0.3288
DIAMONDS QUEEN SPADES THREE,0.6516,0.0046,0.3438
HEARTS TWO SPADES FOUR,0.7456,0.0252,0.2292
SPADES FOUR DIAMONDS QUEEN,0.736,0.0282,0.2358
CLUBS TEN HEARTS FOUR,0.7242,0.0262,0.2496
CLUBS TEN DIAMONDS ACE,0.2432,0.1274,0.6294
HEARTS TWO SPADES FIVE,0.6332,0.0072,0.3596
SPADES FIVE DIAMONDS QUEEN,0.6074,0.0046,0.388
HEARTS FOUR CLUBS JACK,0.7488,0.0238,0.2274
DIAMONDS ACE CLUBS JACK,0.2564,0.081,0.6626
CLUBS FIVE CLUBS KING,0.5926,0.0062,0.4012
CLUBS FIVE CLUBS QUEEN,0.598,0.006,0.396
CLUBS FIVE CLUBS JACK,0.589,0.0052,0.4058
CLUBS TEN CLUBS FIVE,0.5894,0.0056,0.405
SPADES KING CLUBS JACK,0.572,0.0056,0.4224
SPADES QUEEN CLUBS JACK,0.5676,0.006,0.4264
SPADES ACE CLUBS JACK,0.2614,0.0916,0.647
SPADES SIX CLUBS KING,0.6132,0.006,0.3808
SPADES SIX CLUBS QUEEN,0.6106,0.0046,0.3848
SPADES EIGHT HEARTS JACK,0.5672,0.003,0.4298
SPADES EIGHT HEARTS TEN,0.5584,0.004,0.4376
SPADES SIX CLUBS JACK,0.6118,0.004,0.3842
CLUBS TEN SPADES SIX,0.588,0.0074,0.4046
SPADES TEN CLUBS JACK,0.558,0.0026,0.4394
SPADES JACK CLUBS JACK,0.3218,0.0042,0.674
SPADES QUEEN CLUBS SEVEN,0.605,0.0046,0.3904
SPADES KING CLUBS SEVEN,0.6078,0.0038,0.3884
SPADES ACE CLUBS SEVEN,0.2334,0.3128,0.4538
SPADES SIX HEARTS TEN,0.5984,0.0034,0.3982
SPADES SIX HEARTS JACK,0.61,0.0046,0.3854
SPADES SIX HEARTS ACE,0.2518,0.37,0.3782
SPADES SIX HEARTS KING,0.6146,0.003,0.3824
SPADES SIX HEARTS QUEEN,0.6124,0.0034,0.3842
CLUBS SEVEN SPADES JACK,0.5876,0.0054,0.407
CLUBS SEVEN SPADES TEN,0.5796,0.004,0.4164
CLUBS TEN HEARTS SIX,0.6016,0.0046,0.3938
HEARTS SIX CLUBS JACK,0.615,0.0054,0.3796
HEARTS SIX CLUBS QUEEN,0.6126,0.0046,0.3828
HEARTS SIX CLUBS KING,0.61,0.0042,0.3858
CLUBS QUEEN CLUBS JACK,0.5376,0.0044,0.458
CLUBS KING CLUBS JACK,0.5472,0.0054,0.4474
DIAMONDS THREE HEARTS ACE,0.26,0.5244,0.2156
DIAMONDS THREE HEARTS QUEEN,0.6472,0.0032,0.3496
DIAMONDS THREE HEARTS KING,0.6522,0.005,0.3428
CLUBS FIVE HEARTS JACK,0.6274,0.0056,0.367
SPADES TEN DIAMONDS ACE,0.2474,0.1218,0.6308
HEARTS FOUR SPADES TEN,0.7354,0.0228,0.2418
CLUBS FIVE HEARTS TEN,0.6196,0.0052,0.3752
HEARTS FOUR SPADES JACK,0.7462,0.0238,0.23
SPADES JACK DIAMONDS ACE,0.2586,0.088,0.6534
SPADES ACE HEARTS FOUR,0.0198,0.9584,0.0218
SPADES ACE DIAMONDS ACE,0.067,0.014,0.919
CLUBS FIVE HEARTS ACE,0.22,0.47,0.31
CLUBS FIVE HEARTS KING,0.6246,0.0046,0.3708
HEARTS FOUR SPADES QUEEN,0.7428,0.0232,0.234
SPADES QUEEN DIAMONDS ACE,0.2468,0.0678,0.6854
SPADES FOUR CLUBS JACK,0.748,0.0262,0.2258
CLUBS FIVE HEARTS QUEEN,0.6222,0.0054,0.3724
SPADES KING DIAMONDS ACE,0.2602,0.0484,0.6914
SPADES KING HEARTS FOUR,0.7476,0.0268,0.2256
CLUBS TEN SPADES FOUR,0.7438,0.0228,0.2334
DIAMONDS ACE DIAMONDS QUEEN,0.2376,0.0618,0.7006
DIAMONDS ACE HEARTS TWO,0.2584,0.52,0.2216
HEARTS FOUR DIAMONDS QUEEN,0.741,0.0222,0.2368
HEARTS FOUR HEARTS TWO,0.6908,0.0224,0.2868
DIAMONDS THREE HEARTS TEN,0.6494,0.0052,0.3454
SPADES FOUR CLUBS KING,0.7522,0.0224,0.2254
HEARTS FIVE DIAMONDS QUEEN,0.6104,0.006,0.3836
HEARTS FIVE HEARTS TWO,0.6098,0.0058,0.3844
DIAMONDS THREE HEARTS JACK,0.65,0.006,0.344
SPADES FOUR CLUBS QUEEN,0.7368,0.0276,0.2356
HEARTS TWO DIAMONDS QUEEN,0.6518,0.0056,0.3426
DIAMONDS KING DIAMONDS QUEEN,0.5344,0.0054,0.4602
DIAMONDS KING HEARTS TWO,0.6492,0.0062,0.3446
HEARTS THREE DIAMONDS QUEEN,0.6376,0.0054,0.357
HEARTS THREE HEARTS TWO,0.6276,0.0058,0.3666
HEARTS TWO CLUBS QUEEN,0.6594,0.0054,0.3352
DIAMONDS QUEEN CLUBS QUEEN,0.2932,0.0046,0.7022
HEARTS TWO CLUBS KING,0.656,0.0058,0.3382
DIAMONDS QUEEN CLUBS KING,0.5704,0.006,0.4236
SPADES EIGHT SPADES FIVE,0.5528,0.0042,0.443
CLUBS TEN HEARTS TWO,0.638,0.0056,0.3564
CLUBS TEN DIAMONDS QUEEN,0.5542,0.0046,0.4412
SPADES NINE SPADES FIVE,0.5722,0.0052,0.4226
HEARTS TWO CLUBS JACK,0.6552,0.0084,0.3364
DIAMONDS QUEEN CLUBS JACK,0.5648,0.006,0.4292
SPADES SIX SPADES FIVE,0.5488,0.006,0.4452
SPADES SEVEN SPADES FIVE,0.5534,0.0052,0.4414
DIAMONDS FIVE CLUBS QUEEN,0.6188,0.003,0.3782
CLUBS KING DIAMONDS FIVE,0.6092,0.008,0.3828
SPADES EIGHT CLUBS KING,0.6116,0.0052,0.3832
SPADES EIGHT CLUBS QUEEN,0.5742,0.0038,0.422
SPADES EIGHT CLUBS JACK,0.578,0.0034,0.4186
CLUBS TEN SPADES EIGHT,0.5806,0.0046,0.4148
CLUBS TEN DIAMONDS FIVE,0.6172,0.0068,0.376
DIAMONDS FIVE CLUBS JACK,0.6158,0.0068,0.3774
DIAMONDS TEN HEARTS JACK,0.5596,0.0056,0.4348
DIAMONDS TEN HEARTS TEN,0.323,0.004,0.673
SPADES ACE CLUBS NINE,0.2524,0.1718,0.5758
CLUBS NINE SPADES QUEEN,0.5706,0.004,0.4254
CLUBS NINE SPADES KING,0.5854,0.0048,0.4098
HEARTS SIX HEARTS KING,0.572,0.0042,0.4238
DIAMONDS KING SPADES SEVEN,0.5968,0.0046,0.3986
HEARTS THREE SPADES SEVEN,0.6472,0.0038,0.349
SPADES KING DIAMONDS SEVEN,0.6006,0.0038,0.3956
HEARTS SIX HEARTS QUEEN,0.549,0.0038,0.4472
SPADES QUEEN DIAMONDS SEVEN,0.6072,0.003,0.3898
HEARTS THREE SPADES SIX,0.6344,0.0044,0.3612
DIAMONDS KING SPADES SIX,0.607,0.0048,0.3882
SPADES NINE DIAMONDS KING,0.5904,0.0046,0.405
SPADES NINE HEARTS THREE,0.6518,0.005,0.3432
HEARTS SIX HEARTS ACE,0.2276,0.3628,0.4096
DIAMONDS KING SPADES EIGHT,0.5844,0.0052,0.4104
SPADES EIGHT HEARTS THREE,0.6396,0.005,0.3554
SPADES ACE DIAMONDS SEVEN,0.2404,0.3088,0.4508
CLUBS NINE HEARTS THREE,0.6526,0.005,0.3424
CLUBS NINE DIAMONDS KING,0.591,0.0062,0.4028
CLUBS EIGHT HEARTS THREE,0.6562,0.0062,0.3376
CLUBS EIGHT DIAMONDS KING,0.6,0.005,0.395
HEARTS THREE SPADES THREE,0.4714,0.0064,0.5222
DIAMONDS KING SPADES THREE,0.6542,0.0042,0.3416
HEARTS THREE SPADES TWO,0.665,0.0036,0.3314
DIAMONDS KING SPADES TWO,0.656,0.0064,0.3376
HEARTS THREE SPADES FIVE,0.6198,0.0058,0.3744
DIAMONDS KING SPADES FIVE,0.6176,0.006,0.3764
HEARTS THREE SPADES FOUR,0.721,0.022,0.257
DIAMONDS KING SPADES FOUR,0.7464,0.0222,0.2314
DIAMONDS KING CLUBS TWO,0.6588,0.0066,0.3346
HEARTS THREE CLUBS TWO,0.6704,0.0058,0.3238
DIAMONDS KING CLUBS THREE,0.6468,0.0068,0.3464
CLUBS THREE HEARTS THREE,0.4612,0.0054,0.5334
DIAMONDS KING CLUBS FOUR,0.747,0.0276,0.2254
