opposingHand,winningChance,drawChance,lostChance
DIAMONDS KING DIAMONDS TEN
DIAMONDS EIGHT CLUBS KING,0.668,0.1134,0.2186
DIAMONDS EIGHT DIAMONDS FOUR,0.6718,0.006,0.3222
SPADES JACK SPADES NINE,0.6046,0.006,0.3894
SPADES TEN CLUBS TWO,0.7678,0.0318,0.2004
HEARTS KING CLUBS ACE,0.3016,0.014,0.6844
CLUBS KING CLUBS QUEEN,0.2744,0.0578,0.6678
SPADES KING HEARTS NINE,0.6908,0.1018,0.2074
DIAMONDS THREE SPADES SIX,0.6656,0.008,0.3264
CLUBS NINE CLUBS ACE,0.4302,0.0054,0.5644
HEARTS ACE DIAMONDS SEVEN,0.4618,0.004,0.5342
SPADES JACK SPADES THREE,0.6344,0.0076,0.358
CLUBS FIVE HEARTS TWO,0.6736,0.0086,0.3178
CLUBS THREE HEARTS QUEEN,0.6708,0.007,0.3222
HEARTS EIGHT SPADES KING,0.6714,0.1124,0.2162
CLUBS NINE SPADES TEN,0.7158,0.0326,0.2516
HEARTS THREE SPADES SIX,0.676,0.0066,0.3174
CLUBS THREE CLUBS QUEEN,0.6474,0.0068,0.3458
CLUBS KING HEARTS TEN,0.0716,0.9044,0.024
HEARTS KING HEARTS JACK,0.2706,0.0804,0.649
HEARTS FIVE HEARTS THREE,0.6192,0.0084,0.3724
CLUBS EIGHT SPADES FIVE,0.6634,0.0046,0.332
HEARTS ACE CLUBS KING,0.3038,0.0122,0.684
HEARTS SEVEN HEARTS THREE,0.6434,0.0094,0.3472
SPADES QUEEN CLUBS NINE,0.6664,0.0054,0.3282
CLUBS EIGHT CLUBS SIX,0.6082,0.0064,0.3854
HEARTS EIGHT DIAMONDS EIGHT,0.4888,0.009,0.5022
SPADES FIVE DIAMONDS FIVE,0.52,0.0108,0.4692
SPADES QUEEN CLUBS QUEEN,0.3282,0.0044,0.6674
HEARTS FOUR HEARTS JACK,0.6288,0.0078,0.3634
DIAMONDS QUEEN HEARTS QUEEN,0.316,0.004,0.68
HEARTS TWO SPADES FOUR,0.6802,0.0098,0.31
HEARTS EIGHT HEARTS THREE,0.6532,0.009,0.3378
SPADES THREE HEARTS JACK,0.6888,0.0058,0.3054
SPADES TEN HEARTS QUEEN,0.7356,0.0288,0.2356
DIAMONDS TWO HEARTS TWO,0.4922,0.0094,0.4984
HEARTS SIX CLUBS SEVEN,0.6558,0.0042,0.34
CLUBS FIVE CLUBS TWO,0.6358,0.0116,0.3526
CLUBS EIGHT CLUBS ACE,0.4444,0.0052,0.5504
HEARTS FIVE CLUBS KING,0.6642,0.1098,0.226
HEARTS TWO DIAMONDS QUEEN,0.669,0.0086,0.3224
CLUBS TEN SPADES JACK,0.7254,0.0274,0.2472
SPADES EIGHT CLUBS FOUR,0.681,0.0062,0.3128
CLUBS EIGHT CLUBS QUEEN,0.6218,0.0074,0.3708
SPADES QUEEN DIAMONDS SIX,0.6652,0.0094,0.3254
DIAMONDS TWO HEARTS NINE,0.7024,0.008,0.2896
CLUBS FIVE HEARTS QUEEN,0.6832,0.0072,0.3096
SPADES ACE SPADES JACK,0.3806,0.0042,0.6152
SPADES ACE DIAMONDS SEVEN,0.4552,0.0046,0.5402
CLUBS FIVE SPADES TWO,0.6702,0.01,0.3198
HEARTS EIGHT DIAMONDS THREE,0.6938,0.007,0.2992
HEARTS QUEEN DIAMONDS FOUR,0.6598,0.0078,0.3324
SPADES KING HEARTS TWO,0.6774,0.1124,0.2102
DIAMONDS NINE SPADES TWO,0.6948,0.008,0.2972
HEARTS SIX DIAMONDS FOUR,0.6548,0.0068,0.3384
DIAMONDS TWO SPADES NINE,0.6946,0.0082,0.2972
CLUBS EIGHT HEARTS THREE,0.7012,0.0094,0.2894
CLUBS JACK SPADES FIVE,0.6682,0.0062,0.3256
HEARTS SEVEN DIAMONDS SIX,0.642,0.007,0.351
CLUBS JACK SPADES FOUR,0.665,0.009,0.326
DIAMONDS TWO HEARTS QUEEN,0.6766,0.0076,0.3158
HEARTS FIVE DIAMONDS EIGHT,0.6706,0.0068,0.3226
HEARTS FIVE CLUBS FIVE,0.5016,0.0074,0.491
CLUBS THREE DIAMONDS SEVEN,0.6864,0.0078,0.3058
SPADES TWO HEARTS TEN,0.7572,0.032,0.2108
CLUBS JACK CLUBS TWO,0.6312,0.0074,0.3614
DIAMONDS SIX DIAMONDS FOUR,0.651,0.008,0.341
SPADES SEVEN DIAMONDS SEVEN,0.4826,0.0082,0.5092
HEARTS FOUR CLUBS QUEEN,0.681,0.005,0.314
HEARTS KING DIAMONDS FIVE,0.668,0.1058,0.2262
DIAMONDS THREE SPADES NINE,0.699,0.0076,0.2934
SPADES THREE CLUBS KING,0.6708,0.1086,0.2206
CLUBS EIGHT SPADES SEVEN,0.6646,0.0074,0.328
SPADES ACE SPADES TWO,0.4298,0.0072,0.563
SPADES ACE DIAMONDS NINE,0.4514,0.006,0.5426
SPADES SEVEN SPADES SIX,0.612,0.0048,0.3832
CLUBS SIX DIAMONDS NINE,0.6676,0.005,0.3274
HEARTS SEVEN DIAMONDS FIVE,0.652,0.0044,0.3436
DIAMONDS TWO CLUBS SEVEN,0.6978,0.0094,0.2928
HEARTS KING DIAMONDS SEVEN,0.6658,0.1144,0.2198
SPADES FOUR CLUBS KING,0.6698,0.105,0.2252
CLUBS JACK CLUBS SEVEN,0.6312,0.0054,0.3634
CLUBS NINE HEARTS TWO,0.7002,0.0064,0.2934
SPADES SEVEN DIAMONDS QUEEN,0.6796,0.0064,0.314
CLUBS TWO SPADES TWO,0.5044,0.0114,0.4842
HEARTS FIVE DIAMONDS SEVEN,0.6582,0.0082,0.3336
DIAMONDS ACE CLUBS THREE,0.454,0.0068,0.5392
CLUBS FOUR CLUBS KING,0.6236,0.1054,0.271
SPADES NINE DIAMONDS FOUR,0.6792,0.009,0.3118
HEARTS SEVEN HEARTS JACK,0.619,0.0066,0.3744
HEARTS FIVE SPADES TEN,0.7482,0.0378,0.214
SPADES JACK CLUBS FIVE,0.6702,0.0074,0.3224
HEARTS EIGHT DIAMONDS ACE,0.449,0.0058,0.5452
SPADES TEN HEARTS TEN,0.3574,0.0238,0.6188
SPADES EIGHT DIAMONDS FIVE,0.6718,0.008,0.3202
SPADES NINE HEARTS JACK,0.6536,0.0058,0.3406
CLUBS FIVE SPADES FOUR,0.6326,0.0076,0.3598
HEARTS TWO CLUBS ACE,0.4622,0.0046,0.5332
CLUBS TWO SPADES THREE,0.6766,0.011,0.3124
HEARTS SEVEN DIAMONDS JACK,0.6628,0.0084,0.3288
SPADES QUEEN CLUBS THREE,0.6746,0.007,0.3184
DIAMONDS FIVE HEARTS NINE,0.677,0.0082,0.3148
SPADES SIX SPADES TWO,0.6362,0.0078,0.356
CLUBS EIGHT HEARTS ACE,0.4546,0.002,0.5434
DIAMONDS TWO HEARTS FOUR,0.6604,0.0084,0.3312
DIAMONDS THREE CLUBS SIX,0.6662,0.0076,0.3262
CLUBS FIVE CLUBS QUEEN,0.6404,0.0076,0.352
SPADES NINE HEARTS TWO,0.698,0.0084,0.2936
SPADES FOUR SPADES TWO,0.6214,0.0106,0.368
DIAMONDS JACK HEARTS JACK,0.3398,0.0058,0.6544
DIAMONDS TWO CLUBS EIGHT,0.6904,0.0062,0.3034
HEARTS TEN DIAMONDS FIVE,0.7542,0.0378,0.208
SPADES ACE SPADES EIGHT,0.4412,0.0058,0.553
CLUBS TWO HEARTS KING,0.6744,0.1082,0.2174
SPADES FIVE SPADES THREE,0.6262,0.0062,0.3676
DIAMONDS JACK DIAMONDS FOUR,0.6624,0.009,0.3286
DIAMONDS THREE HEARTS KING,0.6696,0.1124,0.218
CLUBS JACK DIAMONDS EIGHT,0.6516,0.0062,0.3422
DIAMONDS QUEEN DIAMONDS FOUR,0.6742,0.0074,0.3184
CLUBS ACE DIAMONDS SIX,0.463,0.0044,0.5326
CLUBS NINE HEARTS FOUR,0.6978,0.007,0.2952
SPADES ACE DIAMONDS FOUR,0.4586,0.0044,0.537
SPADES FIVE CLUBS QUEEN,0.6794,0.0066,0.314
CLUBS SEVEN SPADES THREE,0.6784,0.0074,0.3142
SPADES KING DIAMONDS TWO,0.6724,0.1082,0.2194
SPADES THREE CLUBS ACE,0.4684,0.0058,0.5258
SPADES THREE HEARTS KING,0.671,0.1134,0.2156
SPADES SIX CLUBS THREE,0.6768,0.0076,0.3156
CLUBS FIVE DIAMONDS SIX,0.6412,0.0076,0.3512
HEARTS JACK DIAMONDS FIVE,0.6726,0.0066,0.3208
SPADES JACK CLUBS KING,0.2886,0.0832,0.6282
SPADES JACK HEARTS JACK,0.337,0.0062,0.6568
SPADES EIGHT HEARTS KING,0.6742,0.1088,0.217
CLUBS TEN SPADES NINE,0.7084,0.0318,0.2598
HEARTS SIX CLUBS ACE,0.4654,0.0028,0.5318
CLUBS EIGHT HEARTS TEN,0.724,0.0358,0.2402
CLUBS FIVE HEARTS JACK,0.6824,0.0064,0.3112
SPADES FIVE DIAMONDS EIGHT,0.6622,0.0084,0.3294
SPADES NINE HEARTS QUEEN,0.652,0.0056,0.3424
DIAMONDS JACK HEARTS QUEEN,0.6036,0.009,0.3874
CLUBS NINE SPADES FOUR,0.6994,0.0068,0.2938
CLUBS TEN DIAMONDS SEVEN,0.7346,0.032,0.2334
CLUBS JACK DIAMONDS THREE,0.6804,0.006,0.3136
HEARTS SEVEN CLUBS NINE,0.6556,0.0076,0.3368
DIAMONDS THREE CLUBS ACE,0.4528,0.006,0.5412
SPADES FOUR DIAMONDS EIGHT,0.6766,0.0078,0.3156
CLUBS JACK SPADES KING,0.2774,0.0834,0.6392
SPADES ACE SPADES KING,0.2832,0.0122,0.7046
SPADES SIX HEARTS JACK,0.6734,0.0066,0.32
CLUBS SIX DIAMONDS EIGHT,0.6474,0.0054,0.3472
HEARTS KING DIAMONDS EIGHT,0.666,0.1088,0.2252
HEARTS EIGHT DIAMONDS FIVE,0.6578,0.0066,0.3356
SPADES JACK DIAMONDS SEVEN,0.6674,0.006,0.3266
CLUBS FIVE SPADES SEVEN,0.661,0.0066,0.3324
DIAMONDS QUEEN SPADES FOUR,0.6776,0.01,0.3124
HEARTS QUEEN HEARTS JACK,0.575,0.0046,0.4204
SPADES SEVEN HEARTS KING,0.6758,0.101,0.2232
HEARTS SEVEN SPADES TEN,0.719,0.0304,0.2506
CLUBS EIGHT SPADES THREE,0.6866,0.0086,0.3048
CLUBS FOUR DIAMONDS FIVE,0.6478,0.0098,0.3424
CLUBS EIGHT SPADES FOUR,0.6872,0.008,0.3048
HEARTS THREE SPADES FIVE,0.6636,0.007,0.3294
CLUBS FIVE CLUBS KING,0.6348,0.1072,0.258
SPADES JACK HEARTS TEN,0.7244,0.0236,0.252
HEARTS FOUR CLUBS SIX,0.6552,0.0084,0.3364
CLUBS FOUR CLUBS QUEEN,0.6288,0.007,0.3642
HEARTS FOUR HEARTS TEN,0.7136,0.0326,0.2538
SPADES ACE DIAMONDS EIGHT,0.4624,0.0038,0.5338
CLUBS THREE DIAMONDS NINE,0.6964,0.0074,0.2962
SPADES QUEEN DIAMONDS NINE,0.6642,0.0062,0.3296
DIAMONDS NINE DIAMONDS FIVE,0.6706,0.0088,0.3206
CLUBS TEN HEARTS SEVEN,0.7144,0.0328,0.2528
HEARTS SEVEN HEARTS KING,0.6224,0.1048,0.2728
DIAMONDS NINE HEARTS QUEEN,0.6498,0.009,0.3412
CLUBS JACK HEARTS THREE,0.6742,0.0064,0.3194
SPADES SIX SPADES THREE,0.6394,0.0058,0.3548
HEARTS EIGHT DIAMONDS QUEEN,0.6554,0.0066,0.338
HEARTS TWO SPADES THREE,0.67,0.0076,0.3224
CLUBS TEN SPADES TWO,0.7536,0.0358,0.2106
HEARTS ACE HEARTS TEN,0.2804,0.0206,0.699
DIAMONDS TWO HEARTS KING,0.6746,0.1116,0.2138
CLUBS SEVEN SPADES FIVE,0.6498,0.0068,0.3434
HEARTS FOUR SPADES FOUR,0.5032,0.0112,0.4856
DIAMONDS EIGHT HEARTS JACK,0.6444,0.008,0.3476
CLUBS FOUR HEARTS QUEEN,0.648,0.006,0.346
HEARTS FIVE HEARTS FOUR,0.6058,0.0082,0.386
CLUBS NINE CLUBS QUEEN,0.6252,0.0062,0.3686
SPADES JACK CLUBS TWO,0.6826,0.0066,0.3108
DIAMONDS SEVEN DIAMONDS FOUR,0.6638,0.0088,0.3274
CLUBS EIGHT DIAMONDS EIGHT,0.4862,0.01,0.5038
HEARTS EIGHT CLUBS KING,0.6776,0.1124,0.21
SPADES JACK SPADES TEN,0.6764,0.0278,0.2958
HEARTS SEVEN HEARTS ACE,0.4436,0.0042,0.5522
CLUBS FOUR DIAMONDS JACK,0.6682,0.006,0.3258
CLUBS TWO CLUBS QUEEN,0.6426,0.0098,0.3476
CLUBS TEN DIAMONDS SIX,0.7362,0.0364,0.2274
HEARTS EIGHT CLUBS SEVEN,0.632,0.0078,0.3602
HEARTS EIGHT HEARTS FIVE,0.6298,0.007,0.3632
HEARTS THREE CLUBS TWO,0.674,0.0068,0.3192
HEARTS ACE DIAMONDS SIX,0.4548,0.0038,0.5414
CLUBS SEVEN SPADES SEVEN,0.4904,0.0082,0.5014
SPADES QUEEN CLUBS KING,0.2906,0.066,0.6434
CLUBS THREE CLUBS KING,0.632,0.1018,0.2662
CLUBS TEN CLUBS THREE,0.6954,0.0344,0.2702
DIAMONDS JACK DIAMONDS SEVEN,0.6598,0.0072,0.333
CLUBS JACK HEARTS EIGHT,0.656,0.0066,0.3374
HEARTS THREE DIAMONDS FIVE,0.6568,0.0084,0.3348
HEARTS THREE CLUBS QUEEN,0.6716,0.0048,0.3236
DIAMONDS JACK DIAMONDS NINE,0.6412,0.0082,0.3506
SPADES FIVE DIAMONDS NINE,0.6924,0.008,0.2996
CLUBS FOUR SPADES FOUR,0.508,0.0116,0.4804
HEARTS THREE CLUBS KING,0.6738,0.1072,0.219
CLUBS TEN DIAMONDS FIVE,0.7388,0.0334,0.2278
SPADES TEN HEARTS KING,0.067,0.9068,0.0262
SPADES JACK SPADES SIX,0.6348,0.0068,0.3584
CLUBS SEVEN CLUBS KING,0.632,0.1076,0.2604
CLUBS SEVEN HEARTS JACK,0.6542,0.005,0.3408
HEARTS SIX HEARTS FIVE,0.6098,0.0118,0.3784
SPADES SIX CLUBS QUEEN,0.6786,0.0056,0.3158
SPADES KING DIAMONDS SEVEN,0.6672,0.1118,0.221
CLUBS THREE CLUBS TWO,0.62,0.0104,0.3696
SPADES FOUR CLUBS QUEEN,0.6716,0.0066,0.3218
SPADES FOUR HEARTS QUEEN,0.658,0.0076,0.3344
CLUBS THREE DIAMONDS FOUR,0.644,0.007,0.349
SPADES NINE SPADES THREE,0.6522,0.007,0.3408
SPADES TEN SPADES TWO,0.7168,0.0386,0.2446
HEARTS FIVE CLUBS QUEEN,0.676,0.0086,0.3154
HEARTS FIVE DIAMONDS NINE,0.6806,0.009,0.3104
DIAMONDS TWO DIAMONDS EIGHT,0.6942,0.0074,0.2984
CLUBS TWO HEARTS NINE,0.7042,0.0062,0.2896
CLUBS SEVEN HEARTS QUEEN,0.6838,0.0072,0.309
CLUBS TEN SPADES SEVEN,0.7218,0.0354,0.2428
HEARTS KING HEARTS TEN,0.0658,0.8652,0.069
DIAMONDS NINE HEARTS JACK,0.6362,0.0076,0.3562
SPADES ACE HEARTS SIX,0.4644,0.004,0.5316
DIAMONDS THREE CLUBS QUEEN,0.678,0.0078,0.3142
DIAMONDS TWO CLUBS FOUR,0.6574,0.0086,0.334
HEARTS SEVEN DIAMONDS ACE,0.4478,0.0056,0.5466
DIAMONDS SEVEN HEARTS TEN,0.7216,0.0318,0.2466
HEARTS NINE DIAMONDS FOUR,0.6794,0.0082,0.3124
DIAMONDS JACK SPADES THREE,0.6682,0.0058,0.326
SPADES KING HEARTS ACE,0.2838,0.0104,0.7058
HEARTS EIGHT HEARTS FOUR,0.6386,0.0058,0.3556
CLUBS TEN HEARTS TEN,0.3632,0.0206,0.6162
DIAMONDS NINE DIAMONDS SIX,0.6646,0.008,0.3274
SPADES QUEEN DIAMONDS JACK,0.615,0.0068,0.3782
DIAMONDS ACE HEARTS JACK,0.408,0.006,0.586
HEARTS EIGHT SPADES JACK,0.6602,0.0066,0.3332
DIAMONDS JACK SPADES TWO,0.6642,0.0062,0.3296
CLUBS SIX CLUBS FOUR,0.614,0.0072,0.3788
SPADES JACK CLUBS QUEEN,0.6198,0.0056,0.3746
HEARTS FOUR DIAMONDS SEVEN,0.673,0.007,0.32
CLUBS SEVEN HEARTS FOUR,0.6618,0.0062,0.332
SPADES NINE SPADES TWO,0.655,0.0074,0.3376
SPADES EIGHT CLUBS QUEEN,0.661,0.005,0.334
CLUBS JACK DIAMONDS QUEEN,0.618,0.0092,0.3728
CLUBS SIX HEARTS KING,0.6726,0.1022,0.2252
CLUBS SEVEN CLUBS TWO,0.6418,0.0046,0.3536
CLUBS JACK CLUBS EIGHT,0.6114,0.0076,0.381
HEARTS SIX CLUBS FOUR,0.661,0.0078,0.3312
HEARTS SIX SPADES FOUR,0.672,0.0058,0.3222
SPADES QUEEN CLUBS TWO,0.6912,0.0058,0.303
HEARTS TWO HEARTS KING,0.6316,0.1068,0.2616
SPADES KING DIAMONDS JACK,0.2734,0.0774,0.6492
DIAMONDS TWO HEARTS ACE,0.4618,0.0044,0.5338
HEARTS FOUR CLUBS ACE,0.46,0.0034,0.5366
CLUBS JACK CLUBS ACE,0.3584,0.0082,0.6334
HEARTS EIGHT DIAMONDS NINE,0.6638,0.0082,0.328
CLUBS NINE HEARTS THREE,0.6928,0.006,0.3012
HEARTS EIGHT CLUBS FOUR,0.6758,0.0084,0.3158
DIAMONDS ACE HEARTS NINE,0.4356,0.0056,0.5588
CLUBS SEVEN HEARTS KING,0.6598,0.1224,0.2178
HEARTS FOUR CLUBS FIVE,0.6498,0.0066,0.3436
SPADES ACE SPADES NINE,0.433,0.0066,0.5604
SPADES JACK DIAMONDS FOUR,0.6486,0.0088,0.3426
CLUBS TWO DIAMONDS JACK,0.6662,0.009,0.3248
HEARTS FOUR SPADES FIVE,0.6334,0.0066,0.36
HEARTS ACE SPADES THREE,0.4526,0.0046,0.5428
DIAMONDS SEVEN DIAMONDS FIVE,0.6558,0.007,0.3372
SPADES NINE HEARTS THREE,0.7044,0.005,0.2906
CLUBS FOUR CLUBS THREE,0.619,0.008,0.373
DIAMONDS TWO DIAMONDS ACE,0.4194,0.0058,0.5748
SPADES EIGHT CLUBS THREE,0.6888,0.0078,0.3034
SPADES EIGHT DIAMONDS SIX,0.6592,0.0078,0.333
CLUBS SEVEN SPADES FOUR,0.663,0.0064,0.3306
DIAMONDS TWO CLUBS TWO,0.5016,0.012,0.4864
SPADES ACE HEARTS ACE,0.1962,0.003,0.8008
HEARTS SIX CLUBS SIX,0.4906,0.0084,0.501
SPADES ACE CLUBS THREE,0.4596,0.0052,0.5352
DIAMONDS TWO SPADES JACK,0.6664,0.0066,0.327
DIAMONDS JACK HEARTS ACE,0.4014,0.0066,0.592
SPADES TEN DIAMONDS QUEEN,0.7258,0.0282,0.246
SPADES TEN SPADES SIX,0.6972,0.0298,0.273
CLUBS ACE HEARTS JACK,0.4244,0.0052,0.5704
HEARTS FOUR SPADES SIX,0.6652,0.006,0.3288
CLUBS FOUR DIAMONDS EIGHT,0.68,0.0084,0.3116
SPADES KING DIAMONDS QUEEN,0.2826,0.0608,0.6566
CLUBS JACK CLUBS SIX,0.6232,0.0072,0.3696
SPADES FIVE HEARTS NINE,0.6792,0.0062,0.3146
SPADES TWO DIAMONDS FOUR,0.667,0.0074,0.3256
HEARTS QUEEN CLUBS KING,0.2888,0.0548,0.6564
CLUBS NINE DIAMONDS SIX,0.6552,0.0094,0.3354
DIAMONDS JACK HEARTS NINE,0.6246,0.0074,0.368
HEARTS THREE HEARTS JACK,0.6466,0.007,0.3464
SPADES QUEEN HEARTS TEN,0.7336,0.0288,0.2376
SPADES JACK CLUBS FOUR,0.671,0.0068,0.3222
SPADES TEN CLUBS ACE,0.296,0.0144,0.6896
HEARTS EIGHT CLUBS FIVE,0.6696,0.0068,0.3236
SPADES KING CLUBS KING,0.1608,0.0106,0.8286
HEARTS EIGHT SPADES THREE,0.7092,0.006,0.2848
DIAMONDS THREE DIAMONDS ACE,0.4018,0.0044,0.5938
SPADES KING HEARTS SEVEN,0.6752,0.1072,0.2176
HEARTS ACE DIAMONDS EIGHT,0.4516,0.005,0.5434
SPADES ACE HEARTS EIGHT,0.4544,0.0032,0.5424
DIAMONDS NINE HEARTS TEN,0.7156,0.0306,0.2538
DIAMONDS NINE CLUBS QUEEN,0.6578,0.0064,0.3358
DIAMONDS THREE SPADES TEN,0.741,0.0384,0.2206
HEARTS SEVEN HEARTS QUEEN,0.6326,0.008,0.3594
DIAMONDS SEVEN CLUBS KING,0.6656,0.1104,0.224
SPADES ACE HEARTS FIVE,0.4648,0.0052,0.53
HEARTS SEVEN DIAMONDS SEVEN,0.503,0.009,0.488
SPADES QUEEN SPADES JACK,0.576,0.0076,0.4164
CLUBS SIX HEARTS THREE,0.665,0.006,0.329
SPADES TEN HEARTS TWO,0.7606,0.0294,0.21
CLUBS EIGHT HEARTS QUEEN,0.6724,0.0076,0.32
DIAMONDS THREE CLUBS NINE,0.6908,0.0074,0.3018
HEARTS SEVEN DIAMONDS NINE,0.6478,0.0072,0.345
HEARTS EIGHT SPADES SEVEN,0.6432,0.007,0.3498
SPADES KING DIAMONDS EIGHT,0.6814,0.1106,0.208
SPADES EIGHT SPADES SIX,0.6144,0.0054,0.3802
SPADES TWO CLUBS KING,0.6692,0.1104,0.2204
CLUBS NINE SPADES EIGHT,0.6636,0.0058,0.3306
HEARTS THREE DIAMONDS ACE,0.4582,0.0048,0.537
DIAMONDS SEVEN HEARTS JACK,0.6628,0.0072,0.33
HEARTS SEVEN SPADES JACK,0.669,0.0074,0.3236
SPADES EIGHT SPADES TWO,0.6502,0.0058,0.344
HEARTS THREE DIAMONDS QUEEN,0.684,0.006,0.31
HEARTS TWO DIAMONDS SEVEN,0.6908,0.0096,0.2996
HEARTS TWO DIAMONDS NINE,0.6916,0.0098,0.2986
CLUBS EIGHT CLUBS TWO,0.6622,0.0078,0.33
CLUBS FOUR HEARTS TEN,0.7374,0.0332,0.2294
CLUBS JACK SPADES JACK,0.3424,0.0054,0.6522
HEARTS ACE HEARTS JACK,0.3848,0.0058,0.6094
CLUBS NINE DIAMONDS EIGHT,0.6518,0.006,0.3422
DIAMONDS QUEEN DIAMONDS FIVE,0.6662,0.0102,0.3236
SPADES KING HEARTS FIVE,0.6704,0.1056,0.224
CLUBS TEN DIAMONDS JACK,0.7096,0.0256,0.2648
CLUBS THREE HEARTS ACE,0.4636,0.0048,0.5316
HEARTS JACK DIAMONDS SIX,0.6762,0.0066,0.3172
SPADES JACK SPADES TWO,0.6356,0.0078,0.3566
CLUBS TEN CLUBS ACE,0.2796,0.021,0.6994
SPADES NINE HEARTS TEN,0.7188,0.0294,0.2518
SPADES FIVE DIAMONDS SIX,0.6414,0.0066,0.352
SPADES QUEEN CLUBS EIGHT,0.6652,0.0048,0.33
SPADES EIGHT HEARTS QUEEN,0.6646,0.0058,0.3296
DIAMONDS QUEEN HEARTS TEN,0.7196,0.0268,0.2536
SPADES QUEEN HEARTS JACK,0.6242,0.0054,0.3704
SPADES ACE HEARTS TWO,0.467,0.0062,0.5268
HEARTS SEVEN CLUBS KING,0.658,0.1166,0.2254
SPADES JACK DIAMONDS ACE,0.392,0.0038,0.6042
HEARTS SIX CLUBS TWO,0.695,0.0058,0.2992
HEARTS TWO HEARTS TEN,0.7154,0.0266,0.258
HEARTS THREE CLUBS THREE,0.506,0.009,0.485
SPADES TWO DIAMONDS SIX,0.676,0.0074,0.3166
CLUBS SEVEN CLUBS QUEEN,0.641,0.007,0.352
CLUBS SEVEN CLUBS SIX,0.6016,0.0066,0.3918
DIAMONDS ACE HEARTS ACE,0.1706,0.0038,0.8256
HEARTS QUEEN DIAMONDS FIVE,0.6764,0.009,0.3146
DIAMONDS ACE SPADES SIX,0.4608,0.0046,0.5346
HEARTS SIX DIAMONDS JACK,0.6788,0.006,0.3152
CLUBS TEN SPADES FIVE,0.7582,0.0326,0.2092
CLUBS ACE CLUBS QUEEN,0.3888,0.0056,0.6056
SPADES QUEEN CLUBS FOUR,0.6628,0.0054,0.3318
SPADES TEN DIAMONDS SEVEN,0.7284,0.0286,0.243
CLUBS NINE HEARTS FIVE,0.689,0.0076,0.3034
HEARTS FIVE DIAMONDS JACK,0.6688,0.0064,0.3248
CLUBS FOUR CLUBS TWO,0.6296,0.0082,0.3622
DIAMONDS QUEEN DIAMONDS NINE,0.653,0.0074,0.3396
HEARTS KING HEARTS NINE,0.6264,0.1094,0.2642
CLUBS EIGHT SPADES TEN,0.7348,0.0288,0.2364
SPADES FIVE CLUBS ACE,0.4734,0.0042,0.5224
CLUBS EIGHT HEARTS JACK,0.6546,0.0064,0.339
CLUBS NINE HEARTS KING,0.6752,0.1064,0.2184
HEARTS SIX CLUBS EIGHT,0.6612,0.0072,0.3316
DIAMONDS THREE SPADES FIVE,0.6498,0.0104,0.3398
CLUBS JACK HEARTS SEVEN,0.6634,0.0048,0.3318
SPADES KING CLUBS ACE,0.3024,0.0114,0.6862
SPADES FOUR HEARTS NINE,0.6952,0.0086,0.2962
HEARTS TWO CLUBS KING,0.6716,0.1122,0.2162
CLUBS FIVE DIAMONDS SEVEN,0.6544,0.0078,0.3378
HEARTS ACE HEARTS NINE,0.446,0.0048,0.5492
SPADES TEN SPADES FOUR,0.6976,0.035,0.2674
SPADES QUEEN DIAMONDS SEVEN,0.6618,0.0064,0.3318
HEARTS SIX CLUBS THREE,0.6608,0.0078,0.3314
HEARTS EIGHT SPADES NINE,0.6506,0.0064,0.343
HEARTS SIX CLUBS KING,0.6638,0.1118,0.2244
CLUBS SIX DIAMONDS QUEEN,0.6688,0.009,0.3222
HEARTS SEVEN SPADES SEVEN,0.4916,0.0074,0.501
SPADES KING SPADES TWO,0.6242,0.1132,0.2626
CLUBS NINE CLUBS SEVEN,0.6102,0.0084,0.3814
HEARTS QUEEN DIAMONDS SIX,0.6692,0.0064,0.3244
HEARTS EIGHT SPADES FIVE,0.6778,0.005,0.3172
HEARTS FOUR HEARTS THREE,0.614,0.0072,0.3788
HEARTS QUEEN HEARTS TEN,0.7,0.0244,0.2756
SPADES TEN DIAMONDS FOUR,0.7568,0.0322,0.211
DIAMONDS THREE DIAMONDS NINE,0.6794,0.0094,0.3112
CLUBS TWO SPADES FOUR,0.6706,0.0098,0.3196
HEARTS SIX SPADES THREE,0.6598,0.0066,0.3336
CLUBS EIGHT DIAMONDS ACE,0.4538,0.0018,0.5444
HEARTS SEVEN HEARTS TEN,0.6872,0.0336,0.2792
HEARTS SEVEN HEARTS NINE,0.6208,0.0046,0.3746
HEARTS TWO DIAMONDS FIVE,0.6672,0.0064,0.3264
CLUBS TEN CLUBS KING,0.0782,0.8498,0.072
HEARTS ACE HEARTS QUEEN,0.4028,0.003,0.5942
HEARTS FIVE SPADES THREE,0.6608,0.0078,0.3314
CLUBS JACK SPADES EIGHT,0.6578,0.0056,0.3366
SPADES SIX HEARTS KING,0.6636,0.1084,0.228
SPADES JACK DIAMONDS EIGHT,0.6544,0.0062,0.3394
HEARTS SEVEN SPADES SIX,0.6578,0.0066,0.3356
CLUBS TEN DIAMONDS TWO,0.7602,0.0386,0.2012
CLUBS ACE DIAMONDS FIVE,0.4598,0.0046,0.5356
DIAMONDS THREE DIAMONDS FIVE,0.6514,0.0114,0.3372
CLUBS FOUR CLUBS ACE,0.4358,0.0056,0.5586
DIAMONDS EIGHT HEARTS NINE,0.6616,0.0058,0.3326
SPADES QUEEN HEARTS NINE,0.6524,0.0084,0.3392
HEARTS EIGHT SPADES EIGHT,0.4938,0.0066,0.4996
CLUBS JACK DIAMONDS ACE,0.3912,0.0042,0.6046
CLUBS SEVEN DIAMONDS SIX,0.6394,0.0064,0.3542
CLUBS JACK DIAMONDS SEVEN,0.6554,0.0082,0.3364
CLUBS NINE CLUBS FIVE,0.6384,0.0076,0.354
DIAMONDS QUEEN HEARTS KING,0.2734,0.0594,0.6672
SPADES QUEEN SPADES EIGHT,0.6202,0.0064,0.3734
HEARTS SIX SPADES SEVEN,0.6428,0.007,0.3502
SPADES FOUR DIAMONDS NINE,0.68,0.0088,0.3112
SPADES SIX HEARTS TEN,0.7358,0.0332,0.231
HEARTS KING HEARTS QUEEN,0.2696,0.049,0.6814
DIAMONDS ACE DIAMONDS SIX,0.4096,0.0064,0.584
SPADES TEN HEARTS JACK,0.7074,0.0264,0.2662
HEARTS ACE DIAMONDS FOUR,0.4356,0.0056,0.5588
HEARTS FIVE SPADES NINE,0.6808,0.0094,0.3098
SPADES QUEEN HEARTS SIX,0.6624,0.0064,0.3312
DIAMONDS ACE DIAMONDS SEVEN,0.4162,0.0072,0.5766
SPADES SEVEN SPADES THREE,0.6358,0.01,0.3542
CLUBS NINE SPADES FIVE,0.6884,0.0084,0.3032
CLUBS KING HEARTS NINE,0.6672,0.1122,0.2206
HEARTS FOUR HEARTS ACE,0.4356,0.0048,0.5596
CLUBS FIVE SPADES FIVE,0.5062,0.0084,0.4854
HEARTS FIVE SPADES EIGHT,0.6736,0.0056,0.3208
HEARTS FOUR CLUBS FOUR,0.505,0.0122,0.4828
CLUBS FIVE HEARTS TEN,0.756,0.0344,0.2096
DIAMONDS THREE SPADES FOUR,0.6508,0.0078,0.3414
CLUBS SIX SPADES TWO,0.6822,0.01,0.3078
HEARTS SIX HEARTS JACK,0.6448,0.0058,0.3494
CLUBS SIX SPADES SEVEN,0.6552,0.005,0.3398
CLUBS JACK HEARTS SIX,0.689,0.0052,0.3058
CLUBS FOUR HEARTS KING,0.6598,0.1076,0.2326
CLUBS SIX DIAMONDS JACK,0.6686,0.0064,0.325
HEARTS SIX HEARTS THREE,0.6296,0.0066,0.3638
SPADES JACK SPADES SEVEN,0.62,0.007,0.373
CLUBS FOUR HEARTS ACE,0.4652,0.0052,0.5296
CLUBS SEVEN CLUBS ACE,0.439,0.0048,0.5562
DIAMONDS THREE SPADES EIGHT,0.6886,0.0072,0.3042
SPADES KING CLUBS SEVEN,0.6648,0.1096,0.2256
SPADES QUEEN DIAMONDS QUEEN,0.3292,0.0036,0.6672
DIAMONDS SIX HEARTS TEN,0.7392,0.0324,0.2284
SPADES KING HEARTS SIX,0.6594,0.1052,0.2354
CLUBS NINE CLUBS FOUR,0.6476,0.0056,0.3468
HEARTS EIGHT DIAMONDS TWO,0.6916,0.0084,0.3
DIAMONDS TWO SPADES SIX,0.6776,0.0068,0.3156
CLUBS THREE SPADES FOUR,0.6536,0.008,0.3384
DIAMONDS ACE SPADES THREE,0.4422,0.0058,0.552
DIAMONDS TWO SPADES QUEEN,0.6726,0.0054,0.322
CLUBS EIGHT DIAMONDS QUEEN,0.6688,0.0052,0.326
HEARTS SIX HEARTS QUEEN,0.6348,0.0056,0.3596
CLUBS TWO DIAMONDS NINE,0.6822,0.0072,0.3106
SPADES SEVEN HEARTS QUEEN,0.6832,0.0064,0.3104
SPADES KING HEARTS FOUR,0.67,0.1094,0.2206
SPADES TEN DIAMONDS FIVE,0.7538,0.0344,0.2118
SPADES FIVE CLUBS TWO,0.6718,0.0072,0.321
CLUBS FOUR DIAMONDS SEVEN,0.6772,0.0064,0.3164
CLUBS NINE CLUBS EIGHT,0.6184,0.0068,0.3748
SPADES TEN CLUBS QUEEN,0.7286,0.025,0.2464
CLUBS TEN HEARTS JACK,0.724,0.0276,0.2484
HEARTS SEVEN SPADES EIGHT,0.654,0.0054,0.3406
DIAMONDS QUEEN HEARTS JACK,0.5986,0.006,0.3954
CLUBS FIVE DIAMONDS JACK,0.6632,0.0086,0.3282
CLUBS NINE HEARTS TEN,0.7156,0.031,0.2534
SPADES FIVE HEARTS ACE,0.463,0.003,0.534
DIAMONDS TWO SPADES FOUR,0.6612,0.0072,0.3316
DIAMONDS QUEEN CLUBS KING,0.269,0.0586,0.6724
CLUBS EIGHT CLUBS SEVEN,0.6036,0.0094,0.387
CLUBS JACK DIAMONDS TWO,0.6778,0.0074,0.3148
SPADES NINE CLUBS FOUR,0.6894,0.0046,0.306
DIAMONDS TWO SPADES SEVEN,0.6948,0.0062,0.299
CLUBS SIX HEARTS TWO,0.6736,0.007,0.3194
CLUBS TEN DIAMONDS QUEEN,0.7296,0.0298,0.2406
CLUBS FOUR DIAMONDS ACE,0.4618,0.0038,0.5344
CLUBS JACK HEARTS FOUR,0.6802,0.008,0.3118
CLUBS SIX HEARTS QUEEN,0.6818,0.0074,0.3108
SPADES NINE HEARTS ACE,0.4596,0.005,0.5354
SPADES SIX DIAMONDS JACK,0.6706,0.0082,0.3212
SPADES FOUR SPADES THREE,0.6334,0.0068,0.3598
SPADES NINE CLUBS SIX,0.6682,0.005,0.3268
HEARTS ACE CLUBS ACE,0.173,0.004,0.823
HEARTS EIGHT CLUBS QUEEN,0.669,0.0078,0.3232
SPADES JACK HEARTS THREE,0.6734,0.0058,0.3208
SPADES SIX SPADES FOUR,0.6204,0.007,0.3726
CLUBS NINE DIAMONDS JACK,0.6382,0.0068,0.355
CLUBS NINE SPADES TWO,0.7122,0.0068,0.281
SPADES QUEEN HEARTS QUEEN,0.3242,0.0038,0.672
DIAMONDS TWO CLUBS NINE,0.7036,0.0078,0.2886
SPADES TEN SPADES NINE,0.6658,0.034,0.3002
HEARTS FIVE HEARTS QUEEN,0.6468,0.0072,0.346
DIAMONDS JACK DIAMONDS FIVE,0.6648,0.0066,0.3286
CLUBS NINE SPADES SEVEN,0.6548,0.0088,0.3364
SPADES SIX DIAMONDS FIVE,0.646,0.0098,0.3442
DIAMONDS QUEEN HEARTS ACE,0.4116,0.0054,0.583
CLUBS QUEEN DIAMONDS FOUR,0.6646,0.0062,0.3292
SPADES TEN HEARTS FOUR,0.7494,0.0316,0.219
HEARTS EIGHT CLUBS ACE,0.4652,0.0042,0.5306
DIAMONDS QUEEN DIAMONDS JACK,0.6156,0.0078,0.3766
CLUBS TWO HEARTS JACK,0.6852,0.006,0.3088
CLUBS THREE DIAMONDS QUEEN,0.671,0.007,0.322
HEARTS SIX SPADES EIGHT,0.6696,0.0066,0.3238
CLUBS FOUR SPADES TWO,0.676,0.0086,0.3154
HEARTS EIGHT SPADES SIX,0.6646,0.0066,0.3288
HEARTS THREE DIAMONDS NINE,0.688,0.007,0.305
CLUBS SIX DIAMONDS FIVE,0.6272,0.0092,0.3636
SPADES JACK HEARTS ACE,0.4142,0.0038,0.582
SPADES SEVEN HEARTS NINE,0.6522,0.0066,0.3412
CLUBS FIVE CLUBS THREE,0.6182,0.0084,0.3734
CLUBS TEN HEARTS KING,0.0678,0.907,0.0252
SPADES FIVE CLUBS KING,0.6606,0.109,0.2304
CLUBS THREE SPADES TWO,0.6784,0.0088,0.3128
SPADES SEVEN CLUBS QUEEN,0.6768,0.0076,0.3156
DIAMONDS THREE DIAMONDS TWO,0.6608,0.0082,0.331
CLUBS ACE HEARTS NINE,0.4462,0.0048,0.549
CLUBS FIVE DIAMONDS ACE,0.4514,0.0056,0.543
SPADES ACE CLUBS TEN,0.2946,0.0182,0.6872
SPADES JACK DIAMONDS SIX,0.678,0.0074,0.3146
DIAMONDS NINE DIAMONDS EIGHT,0.6518,0.0092,0.339
SPADES JACK HEARTS TWO,0.6866,0.0066,0.3068
SPADES ACE CLUBS TWO,0.4554,0.0058,0.5388
CLUBS THREE SPADES THREE,0.5022,0.011,0.4868
HEARTS TWO DIAMONDS ACE,0.4452,0.0046,0.5502
DIAMONDS THREE SPADES KING,0.672,0.1086,0.2194
DIAMONDS ACE CLUBS ACE,0.1644,0.0058,0.8298
SPADES KING CLUBS TEN,0.0688,0.908,0.0232
SPADES NINE DIAMONDS QUEEN,0.6398,0.0064,0.3538
SPADES ACE CLUBS KING,0.283,0.0102,0.7068
DIAMONDS THREE SPADES SEVEN,0.6708,0.0072,0.322
SPADES TWO DIAMONDS SEVEN,0.6942,0.0094,0.2964
SPADES QUEEN SPADES FOUR,0.6364,0.0054,0.3582
DIAMONDS TWO DIAMONDS QUEEN,0.6738,0.0104,0.3158
SPADES NINE CLUBS QUEEN,0.6554,0.0052,0.3394
DIAMONDS THREE HEARTS NINE,0.6874,0.0088,0.3038
HEARTS TWO SPADES TWO,0.5086,0.011,0.4804
HEARTS FOUR HEARTS TWO,0.6322,0.009,0.3588
SPADES KING SPADES EIGHT,0.6314,0.1012,0.2674
SPADES FIVE HEARTS JACK,0.6696,0.0092,0.3212
HEARTS ACE HEARTS KING,0.2726,0.0098,0.7176
DIAMONDS THREE HEARTS FIVE,0.6628,0.0072,0.33
SPADES JACK CLUBS SIX,0.6774,0.006,0.3166
HEARTS TWO DIAMONDS EIGHT,0.6858,0.008,0.3062
HEARTS THREE DIAMONDS SEVEN,0.6698,0.006,0.3242
DIAMONDS ACE DIAMONDS JACK,0.3506,0.005,0.6444
HEARTS SEVEN HEARTS FOUR,0.6302,0.0058,0.364
SPADES EIGHT DIAMONDS JACK,0.6462,0.008,0.3458
SPADES ACE CLUBS FIVE,0.4592,0.0046,0.5362
SPADES TEN CLUBS KING,0.0696,0.9096,0.0208
DIAMONDS TWO DIAMONDS SEVEN,0.6922,0.0076,0.3002
DIAMONDS EIGHT SPADES TWO,0.71,0.0072,0.2828
HEARTS EIGHT HEARTS SEVEN,0.6056,0.0058,0.3886
DIAMONDS THREE DIAMONDS FOUR,0.6494,0.0084,0.3422
CLUBS TEN DIAMONDS NINE,0.7172,0.0352,0.2476
CLUBS JACK CLUBS TEN,0.6724,0.0276,0.3
CLUBS THREE DIAMONDS FIVE,0.654,0.0104,0.3356
HEARTS SEVEN CLUBS FOUR,0.6634,0.0072,0.3294
DIAMONDS ACE HEARTS TEN,0.2912,0.0158,0.693
SPADES NINE CLUBS THREE,0.6956,0.008,0.2964
HEARTS FOUR SPADES SEVEN,0.6808,0.0068,0.3124
SPADES KING DIAMONDS NINE,0.6518,0.111,0.2372
CLUBS SIX SPADES THREE,0.677,0.0088,0.3142
DIAMONDS QUEEN SPADES FIVE,0.67,0.0076,0.3224
CLUBS NINE DIAMONDS SEVEN,0.6558,0.007,0.3372
CLUBS THREE DIAMONDS JACK,0.679,0.0084,0.3126
DIAMONDS NINE CLUBS KING,0.672,0.1174,0.2106
DIAMONDS QUEEN DIAMONDS SEVEN,0.6818,0.0084,0.3098
HEARTS EIGHT HEARTS SIX,0.6076,0.0074,0.385
CLUBS SIX HEARTS JACK,0.6632,0.0058,0.331
CLUBS SIX DIAMONDS SEVEN,0.6424,0.0066,0.351
HEARTS ACE DIAMONDS FIVE,0.4596,0.0056,0.5348
HEARTS EIGHT CLUBS THREE,0.6938,0.0074,0.2988
SPADES KING SPADES SIX,0.6242,0.1038,0.272
HEARTS SIX DIAMONDS ACE,0.4556,0.0044,0.54
HEARTS SEVEN CLUBS THREE,0.6776,0.0064,0.316
HEARTS EIGHT DIAMONDS SIX,0.6508,0.0092,0.34
CLUBS SIX HEARTS NINE,0.658,0.0066,0.3354
DIAMONDS TWO SPADES EIGHT,0.6958,0.009,0.2952
HEARTS SEVEN CLUBS QUEEN,0.6802,0.0082,0.3116
DIAMONDS TWO DIAMONDS NINE,0.6964,0.0082,0.2954
HEARTS KING DIAMONDS FOUR,0.66,0.116,0.224
CLUBS JACK HEARTS TEN,0.7294,0.0226,0.248
CLUBS EIGHT CLUBS FIVE,0.6182,0.0068,0.375
CLUBS KING DIAMONDS FOUR,0.6598,0.1132,0.227
CLUBS TWO CLUBS KING,0.6254,0.1094,0.2652
HEARTS SEVEN CLUBS SIX,0.6474,0.0058,0.3468
CLUBS SIX DIAMONDS SIX,0.4886,0.0092,0.5022
CLUBS FIVE HEARTS ACE,0.446,0.0032,0.5508
HEARTS SIX HEARTS KING,0.6358,0.1054,0.2588
SPADES KING CLUBS NINE,0.6662,0.1172,0.2166
DIAMONDS THREE SPADES THREE,0.4956,0.0114,0.493
CLUBS JACK DIAMONDS NINE,0.645,0.007,0.348
HEARTS FOUR SPADES EIGHT,0.6868,0.0078,0.3054
SPADES FOUR HEARTS JACK,0.6858,0.0042,0.31
HEARTS FIVE CLUBS SEVEN,0.6578,0.0048,0.3374
DIAMONDS QUEEN CLUBS QUEEN,0.3308,0.0056,0.6636
HEARTS SEVEN DIAMONDS QUEEN,0.6716,0.009,0.3194
DIAMONDS QUEEN HEARTS NINE,0.646,0.008,0.346
CLUBS NINE HEARTS SIX,0.679,0.0088,0.3122
HEARTS FIVE HEARTS KING,0.6326,0.1046,0.2628
SPADES NINE DIAMONDS JACK,0.642,0.0076,0.3504
HEARTS THREE DIAMONDS EIGHT,0.68,0.0052,0.3148
CLUBS SIX CLUBS TWO,0.6406,0.0088,0.3506
SPADES ACE DIAMONDS TWO,0.4652,0.0058,0.529
CLUBS JACK CLUBS THREE,0.6462,0.0066,0.3472
SPADES SIX HEARTS NINE,0.6826,0.006,0.3114
SPADES SEVEN DIAMONDS JACK,0.668,0.0086,0.3234
CLUBS SIX SPADES FIVE,0.65,0.007,0.343
DIAMONDS TWO HEARTS THREE,0.6624,0.0088,0.3288
CLUBS FOUR SPADES SIX,0.67,0.0078,0.3222
CLUBS SEVEN HEARTS NINE,0.6766,0.0054,0.318
HEARTS FIVE HEARTS JACK,0.6344,0.0058,0.3598
SPADES KING SPADES NINE,0.6264,0.1082,0.2654
SPADES SEVEN SPADES FOUR,0.6358,0.0086,0.3556
CLUBS FOUR SPADES THREE,0.6632,0.008,0.3288
DIAMONDS TWO SPADES TWO,0.5012,0.0124,0.4864
SPADES QUEEN SPADES THREE,0.6362,0.0064,0.3574
DIAMONDS THREE SPADES JACK,0.681,0.006,0.313
SPADES EIGHT HEARTS JACK,0.6532,0.0078,0.339
HEARTS FIVE CLUBS SIX,0.6416,0.0072,0.3512
HEARTS SEVEN SPADES THREE,0.6818,0.0062,0.312
HEARTS ACE SPADES TWO,0.4638,0.0048,0.5314
SPADES EIGHT CLUBS FIVE,0.6748,0.0076,0.3176
HEARTS FOUR DIAMONDS NINE,0.6942,0.0066,0.2992
CLUBS TEN CLUBS FOUR,0.6962,0.034,0.2698
DIAMONDS NINE DIAMONDS SEVEN,0.6494,0.0076,0.343
CLUBS SIX SPADES SIX,0.488,0.0124,0.4996
SPADES SEVEN HEARTS TEN,0.721,0.0332,0.2458
CLUBS TEN CLUBS TWO,0.7148,0.034,0.2512
DIAMONDS THREE HEARTS JACK,0.6748,0.0084,0.3168
SPADES NINE CLUBS TWO,0.7008,0.0068,0.2924
CLUBS EIGHT SPADES EIGHT,0.4976,0.008,0.4944
DIAMONDS THREE SPADES TWO,0.6642,0.0096,0.3262
HEARTS ACE CLUBS QUEEN,0.4186,0.0032,0.5782
HEARTS FIVE SPADES SIX,0.6348,0.0078,0.3574
CLUBS ACE HEARTS TEN,0.2962,0.0208,0.683
CLUBS SEVEN SPADES EIGHT,0.6528,0.0076,0.3396
CLUBS THREE SPADES FIVE,0.6658,0.0084,0.3258
SPADES QUEEN CLUBS SIX,0.668,0.006,0.326
SPADES NINE SPADES EIGHT,0.619,0.0068,0.3742
CLUBS SIX SPADES EIGHT,0.6568,0.0082,0.335
SPADES KING SPADES TEN,0.0738,0.8534,0.0728
SPADES KING HEARTS KING,0.156,0.0118,0.8322
HEARTS EIGHT CLUBS EIGHT,0.492,0.0054,0.5026
SPADES KING HEARTS THREE,0.6744,0.1032,0.2224
DIAMONDS JACK HEARTS KING,0.27,0.0802,0.6498
CLUBS JACK SPADES QUEEN,0.6178,0.0054,0.3768
SPADES TEN DIAMONDS EIGHT,0.7248,0.0372,0.238
CLUBS THREE DIAMONDS SIX,0.6674,0.0066,0.326
SPADES SIX CLUBS KING,0.6694,0.1116,0.219
CLUBS FIVE DIAMONDS FIVE,0.5058,0.0102,0.484
CLUBS THREE CLUBS ACE,0.4386,0.0058,0.5556
SPADES FIVE HEARTS KING,0.6698,0.1064,0.2238
HEARTS FIVE DIAMONDS FIVE,0.5028,0.0078,0.4894
HEARTS TWO HEARTS ACE,0.4394,0.0028,0.5578
SPADES NINE HEARTS KING,0.6648,0.111,0.2242
DIAMONDS EIGHT HEARTS QUEEN,0.673,0.006,0.321
SPADES JACK HEARTS FOUR,0.675,0.0074,0.3176
DIAMONDS FIVE CLUBS QUEEN,0.6568,0.0082,0.335
CLUBS EIGHT HEARTS NINE,0.6592,0.0058,0.335
CLUBS NINE DIAMONDS FOUR,0.691,0.0058,0.3032
DIAMONDS THREE CLUBS TWO,0.673,0.0088,0.3182
HEARTS EIGHT HEARTS KING,0.6354,0.1044,0.2602
SPADES KING CLUBS FOUR,0.6622,0.1114,0.2264
SPADES QUEEN HEARTS TWO,0.6878,0.0072,0.305
CLUBS TEN HEARTS SIX,0.745,0.0316,0.2234
HEARTS FOUR CLUBS KING,0.6684,0.108,0.2236
SPADES SIX DIAMONDS NINE,0.6624,0.0072,0.3304
SPADES FIVE SPADES TWO,0.6308,0.0088,0.3604
HEARTS EIGHT CLUBS SIX,0.6694,0.008,0.3226
HEARTS SEVEN CLUBS FIVE,0.6598,0.0068,0.3334
DIAMONDS THREE DIAMONDS SEVEN,0.6864,0.0054,0.3082
HEARTS EIGHT CLUBS TEN,0.7318,0.0316,0.2366
HEARTS FIVE DIAMONDS QUEEN,0.6736,0.0068,0.3196
DIAMONDS EIGHT DIAMONDS FIVE,0.661,0.008,0.331
SPADES ACE DIAMONDS SIX,0.45,0.0056,0.5444
SPADES EIGHT DIAMONDS FOUR,0.6776,0.0062,0.3162
SPADES SEVEN CLUBS KING,0.6744,0.1052,0.2204
SPADES KING CLUBS THREE,0.667,0.1072,0.2258
CLUBS SEVEN DIAMONDS EIGHT,0.644,0.0044,0.3516
CLUBS ACE CLUBS KING,0.2808,0.011,0.7082
HEARTS FOUR DIAMONDS JACK,0.662,0.0062,0.3318
HEARTS FOUR DIAMONDS FIVE,0.6412,0.0084,0.3504
CLUBS JACK HEARTS JACK,0.3352,0.0052,0.6596
SPADES KING CLUBS QUEEN,0.286,0.068,0.646
DIAMONDS TWO CLUBS SIX,0.6764,0.0084,0.3152
SPADES FIVE DIAMONDS FOUR,0.6374,0.0084,0.3542
HEARTS JACK DIAMONDS FOUR,0.668,0.006,0.326
HEARTS EIGHT SPADES TEN,0.7368,0.0318,0.2314
HEARTS EIGHT HEARTS QUEEN,0.6154,0.0068,0.3778
DIAMONDS TWO CLUBS KING,0.6726,0.1122,0.2152
SPADES QUEEN SPADES NINE,0.624,0.0068,0.3692
CLUBS FIVE CLUBS FOUR,0.6152,0.0066,0.3782
CLUBS EIGHT DIAMONDS FIVE,0.6632,0.0066,0.3302
HEARTS KING DIAMONDS SIX,0.6674,0.111,0.2216
CLUBS SIX CLUBS FIVE,0.6116,0.0066,0.3818
HEARTS TWO CLUBS TWO,0.5146,0.0094,0.476
HEARTS SIX HEARTS TEN,0.6938,0.0324,0.2738
SPADES ACE HEARTS FOUR,0.4648,0.0044,0.5308
DIAMONDS QUEEN SPADES THREE,0.6822,0.007,0.3108
HEARTS FIVE CLUBS ACE,0.4628,0.0034,0.5338
SPADES JACK DIAMONDS JACK,0.335,0.007,0.658
HEARTS SIX HEARTS TWO,0.6442,0.008,0.3478
SPADES ACE HEARTS QUEEN,0.4144,0.0032,0.5824
HEARTS THREE HEARTS NINE,0.6612,0.0056,0.3332
SPADES KING SPADES QUEEN,0.268,0.0536,0.6784
SPADES KING SPADES JACK,0.2632,0.0766,0.6602
HEARTS FIVE SPADES TWO,0.6756,0.0082,0.3162
CLUBS SEVEN CLUBS FOUR,0.6312,0.0084,0.3604
SPADES NINE DIAMONDS NINE,0.466,0.0076,0.5264
SPADES THREE HEARTS NINE,0.6984,0.0082,0.2934
CLUBS FOUR SPADES FIVE,0.6536,0.0084,0.338
HEARTS SEVEN CLUBS ACE,0.4714,0.0048,0.5238
CLUBS SIX DIAMONDS FOUR,0.6476,0.0082,0.3442
SPADES SEVEN CLUBS THREE,0.6752,0.0086,0.3162
SPADES QUEEN SPADES SIX,0.621,0.0074,0.3716
SPADES FOUR DIAMONDS FIVE,0.6424,0.009,0.3486
HEARTS SEVEN CLUBS TWO,0.7008,0.0068,0.2924
SPADES KING DIAMONDS ACE,0.2822,0.0086,0.7092
DIAMONDS QUEEN DIAMONDS EIGHT,0.6588,0.0098,0.3314
CLUBS SEVEN DIAMONDS FOUR,0.6678,0.0074,0.3248
HEARTS TWO CLUBS QUEEN,0.6772,0.0066,0.3162
HEARTS FIVE CLUBS FOUR,0.6498,0.0086,0.3416
SPADES TEN CLUBS THREE,0.7554,0.039,0.2056
HEARTS QUEEN CLUBS ACE,0.417,0.0028,0.5802
CLUBS NINE HEARTS QUEEN,0.6678,0.0056,0.3266
SPADES SIX SPADES FIVE,0.6178,0.0068,0.3754
HEARTS THREE HEARTS TWO,0.6386,0.009,0.3524
CLUBS EIGHT DIAMONDS FOUR,0.6838,0.0072,0.309
DIAMONDS THREE HEARTS SEVEN,0.6866,0.0074,0.306
CLUBS JACK HEARTS KING,0.2862,0.0774,0.6364
CLUBS THREE HEARTS JACK,0.6732,0.0048,0.322
HEARTS KING CLUBS KING,0.16,0.0136,0.8264
CLUBS TEN DIAMONDS ACE,0.2744,0.022,0.7036
DIAMONDS TWO CLUBS ACE,0.4578,0.0048,0.5374
HEARTS FIVE SPADES FIVE,0.4922,0.009,0.4988
SPADES KING HEARTS QUEEN,0.2896,0.0592,0.6512
SPADES NINE DIAMONDS FIVE,0.6768,0.0064,0.3168
SPADES FIVE SPADES FOUR,0.6066,0.0058,0.3876
SPADES SIX DIAMONDS FOUR,0.6554,0.008,0.3366
SPADES FOUR HEARTS KING,0.6656,0.1074,0.227
SPADES TEN CLUBS SEVEN,0.7202,0.0274,0.2524
CLUBS JACK DIAMONDS SIX,0.6742,0.0076,0.3182
DIAMONDS JACK DIAMONDS EIGHT,0.6544,0.0068,0.3388
DIAMONDS THREE DIAMONDS QUEEN,0.6598,0.0084,0.3318
DIAMONDS EIGHT CLUBS QUEEN,0.6768,0.0052,0.318
SPADES TEN DIAMONDS NINE,0.7038,0.0354,0.2608
SPADES TWO DIAMONDS FIVE,0.6678,0.0084,0.3238
SPADES ACE CLUBS JACK,0.4178,0.0052,0.577
SPADES NINE DIAMONDS EIGHT,0.6496,0.0068,0.3436
CLUBS TWO HEARTS ACE,0.4662,0.0044,0.5294
HEARTS THREE DIAMONDS JACK,0.6808,0.0074,0.3118
CLUBS JACK DIAMONDS FOUR,0.6646,0.0086,0.3268
CLUBS THREE HEARTS NINE,0.7032,0.0074,0.2894
HEARTS SIX HEARTS NINE,0.627,0.007,0.366
HEARTS SEVEN HEARTS FIVE,0.6176,0.0052,0.3772
SPADES KING SPADES FIVE,0.6206,0.1084,0.271
SPADES KING DIAMONDS FOUR,0.6518,0.1154,0.2328
CLUBS EIGHT HEARTS KING,0.6786,0.1026,0.2188
CLUBS JACK CLUBS NINE,0.6046,0.0064,0.389
CLUBS TEN SPADES SIX,0.728,0.0372,0.2348
SPADES ACE CLUBS ACE,0.1832,0.0026,0.8142
HEARTS FOUR SPADES NINE,0.6964,0.0072,0.2964
SPADES ACE CLUBS SEVEN,0.4636,0.0038,0.5326
SPADES QUEEN HEARTS FOUR,0.6752,0.007,0.3178
HEARTS THREE SPADES TWO,0.6738,0.0098,0.3164
HEARTS SIX SPADES JACK,0.672,0.0054,0.3226
DIAMONDS TWO HEARTS FIVE,0.668,0.0084,0.3236
HEARTS THREE CLUBS ACE,0.4554,0.0024,0.5422
HEARTS SIX DIAMONDS SIX,0.5046,0.0078,0.4876
SPADES TWO CLUBS QUEEN,0.6726,0.0072,0.3202
SPADES QUEEN SPADES SEVEN,0.6302,0.005,0.3648
HEARTS SEVEN DIAMONDS EIGHT,0.6444,0.0074,0.3482
SPADES TEN HEARTS THREE,0.748,0.0348,0.2172
CLUBS FOUR HEARTS NINE,0.6992,0.0056,0.2952
CLUBS JACK CLUBS KING,0.2562,0.085,0.6588
SPADES EIGHT CLUBS ACE,0.457,0.0054,0.5376
DIAMONDS THREE HEARTS FOUR,0.6626,0.0076,0.3298
SPADES QUEEN HEARTS FIVE,0.6762,0.0084,0.3154
SPADES TEN SPADES FIVE,0.6992,0.0376,0.2632
SPADES TEN CLUBS FOUR,0.7508,0.032,0.2172
CLUBS TEN HEARTS NINE,0.7116,0.0358,0.2526
SPADES NINE CLUBS ACE,0.459,0.0052,0.5358
HEARTS TWO DIAMONDS JACK,0.6692,0.0096,0.3212
DIAMONDS ACE SPADES FIVE,0.4518,0.0034,0.5448
SPADES QUEEN DIAMONDS EIGHT,0.6654,0.0062,0.3284
HEARTS EIGHT HEARTS ACE,0.428,0.003,0.569
CLUBS NINE CLUBS KING,0.6422,0.1052,0.2526
CLUBS FIVE SPADES SIX,0.652,0.0062,0.3418
CLUBS JACK SPADES TEN,0.7134,0.0292,0.2574
CLUBS TEN SPADES THREE,0.7436,0.0404,0.216
SPADES KING SPADES SEVEN,0.6332,0.1054,0.2614
HEARTS SEVEN HEARTS SIX,0.6074,0.0048,0.3878
DIAMONDS JACK CLUBS KING,0.258,0.0898,0.6522
DIAMONDS NINE HEARTS NINE,0.4676,0.0078,0.5246
SPADES ACE HEARTS JACK,0.4052,0.005,0.5898
CLUBS EIGHT CLUBS KING,0.6246,0.1066,0.2688
SPADES JACK HEARTS FIVE,0.666,0.007,0.327
SPADES JACK HEARTS QUEEN,0.6218,0.007,0.3712
SPADES NINE SPADES FIVE,0.6392,0.0058,0.355
SPADES ACE CLUBS EIGHT,0.4588,0.0044,0.5368
SPADES JACK DIAMONDS NINE,0.6452,0.0074,0.3474
HEARTS SIX DIAMONDS SEVEN,0.645,0.0084,0.3466
SPADES THREE HEARTS TEN,0.743,0.0384,0.2186
DIAMONDS JACK CLUBS ACE,0.3982,0.0058,0.596
CLUBS SEVEN DIAMONDS ACE,0.433,0.0048,0.5622
CLUBS SEVEN SPADES NINE,0.6712,0.0088,0.32
HEARTS EIGHT DIAMONDS FOUR,0.6784,0.0078,0.3138
CLUBS EIGHT DIAMONDS JACK,0.657,0.0074,0.3356
CLUBS SEVEN HEARTS TWO,0.696,0.0052,0.2988
SPADES EIGHT DIAMONDS ACE,0.4406,0.0044,0.555
CLUBS SIX CLUBS KING,0.6222,0.1048,0.273
CLUBS FIVE DIAMONDS QUEEN,0.6712,0.0088,0.32
CLUBS TEN HEARTS ACE,0.2914,0.018,0.6906
HEARTS SIX DIAMONDS QUEEN,0.6696,0.0058,0.3246
SPADES ACE HEARTS KING,0.301,0.0106,0.6884
SPADES KING HEARTS TEN,0.0724,0.906,0.0216
CLUBS SEVEN CLUBS THREE,0.6392,0.006,0.3548
HEARTS SIX DIAMONDS NINE,0.6628,0.0098,0.3274
DIAMONDS EIGHT DIAMONDS SEVEN,0.641,0.0084,0.3506
HEARTS EIGHT CLUBS NINE,0.6548,0.0056,0.3396
SPADES JACK SPADES EIGHT,0.6128,0.0098,0.3774
SPADES FOUR DIAMONDS FOUR,0.498,0.009,0.493
HEARTS SIX SPADES SIX,0.495,0.006,0.499
CLUBS SIX HEARTS TEN,0.73,0.033,0.237
SPADES SEVEN HEARTS JACK,0.6644,0.0046,0.331
HEARTS KING CLUBS QUEEN,0.2918,0.0624,0.6458
CLUBS FOUR DIAMONDS QUEEN,0.6758,0.0084,0.3158
SPADES NINE SPADES SIX,0.6264,0.008,0.3656
HEARTS SIX HEARTS ACE,0.4348,0.005,0.5602
SPADES ACE CLUBS FOUR,0.467,0.0036,0.5294
HEARTS FOUR CLUBS TWO,0.6804,0.0094,0.3102
HEARTS THREE DIAMONDS FOUR,0.6596,0.009,0.3314
DIAMONDS TWO DIAMONDS JACK,0.672,0.0072,0.3208
CLUBS SIX HEARTS ACE,0.4598,0.004,0.5362
HEARTS FIVE SPADES SEVEN,0.6484,0.0066,0.345
SPADES SIX DIAMONDS EIGHT,0.6534,0.0044,0.3422
SPADES ACE CLUBS SIX,0.4644,0.005,0.5306
HEARTS THREE CLUBS FIVE,0.6586,0.0086,0.3328
CLUBS SIX CLUBS THREE,0.6268,0.0064,0.3668
HEARTS EIGHT HEARTS JACK,0.613,0.0066,0.3804
CLUBS ACE DIAMONDS FOUR,0.4514,0.005,0.5436
CLUBS JACK HEARTS NINE,0.6496,0.006,0.3444
CLUBS NINE DIAMONDS NINE,0.4794,0.008,0.5126
HEARTS SIX SPADES TEN,0.7428,0.0314,0.2258
SPADES THREE HEARTS QUEEN,0.6732,0.0062,0.3206
DIAMONDS THREE CLUBS FIVE,0.6648,0.008,0.3272
SPADES JACK SPADES FIVE,0.6366,0.0066,0.3568
CLUBS FIVE CLUBS ACE,0.4316,0.0052,0.5632
HEARTS FOUR DIAMONDS EIGHT,0.6742,0.0066,0.3192
HEARTS FIVE SPADES FOUR,0.6482,0.0052,0.3466
CLUBS SEVEN HEARTS TEN,0.7202,0.0316,0.2482
CLUBS TWO HEARTS QUEEN,0.6686,0.0064,0.325
SPADES SIX CLUBS ACE,0.4534,0.0042,0.5424
CLUBS EIGHT SPADES NINE,0.6484,0.0064,0.3452
SPADES NINE DIAMONDS SEVEN,0.6398,0.0078,0.3524
SPADES QUEEN SPADES FIVE,0.643,0.0056,0.3514
HEARTS TWO HEARTS JACK,0.6422,0.008,0.3498
SPADES ACE SPADES FIVE,0.4362,0.0056,0.5582
DIAMONDS SIX HEARTS NINE,0.6624,0.0084,0.3292
SPADES SEVEN CLUBS FOUR,0.6826,0.005,0.3124
CLUBS TEN SPADES FOUR,0.735,0.0328,0.2322
SPADES THREE DIAMONDS EIGHT,0.6894,0.0102,0.3004
SPADES SEVEN HEARTS ACE,0.4566,0.0044,0.539
SPADES SIX DIAMONDS SEVEN,0.6402,0.0078,0.352
DIAMONDS TWO HEARTS JACK,0.678,0.0078,0.3142
HEARTS EIGHT HEARTS TWO,0.6548,0.006,0.3392
CLUBS FOUR DIAMONDS NINE,0.6888,0.007,0.3042
HEARTS THREE HEARTS ACE,0.4312,0.0058,0.563
HEARTS THREE DIAMONDS SIX,0.6746,0.0076,0.3178
HEARTS JACK HEARTS TEN,0.6692,0.029,0.3018
SPADES SIX CLUBS TWO,0.6746,0.0076,0.3178
