opposingHand,winningChance,drawChance,lostChance
DIAMONDS FOUR HEARTS QUEEN
CLUBS FOUR HEARTS TEN,0.7066,0.0458,0.2476
DIAMONDS THREE HEARTS KING,0.3764,0.0088,0.6148
CLUBS FIVE SPADES FOUR,0.6652,0.048,0.2868
SPADES ACE CLUBS NINE,0.363,0.003,0.634
HEARTS TWO SPADES TWO,0.443,0.0374,0.5196
CLUBS NINE SPADES THREE,0.6288,0.0124,0.3588
CLUBS TEN HEARTS FIVE,0.5988,0.0118,0.3894
DIAMONDS TWO CLUBS FIVE,0.6234,0.016,0.3606
SPADES QUEEN DIAMONDS SIX,0.2192,0.3982,0.3826
HEARTS FOUR HEARTS KING,0.2202,0.0356,0.7442
SPADES EIGHT HEARTS ACE,0.3628,0.0032,0.634
CLUBS TWO SPADES TWO,0.423,0.0362,0.5408
DIAMONDS SEVEN HEARTS EIGHT,0.558,0.0122,0.4298
HEARTS THREE DIAMONDS SIX,0.6108,0.0126,0.3766
DIAMONDS TEN DIAMONDS EIGHT,0.5198,0.0132,0.467
CLUBS FIVE HEARTS NINE,0.599,0.0138,0.3872
CLUBS SEVEN DIAMONDS SEVEN,0.3204,0.0238,0.6558
CLUBS JACK HEARTS FOUR,0.7212,0.0506,0.2282
HEARTS THREE SPADES FIVE,0.5998,0.0136,0.3866
CLUBS JACK DIAMONDS EIGHT,0.5668,0.0086,0.4246
SPADES TWO DIAMONDS SIX,0.6264,0.0112,0.3624
SPADES FOUR DIAMONDS TEN,0.7126,0.051,0.2364
SPADES JACK CLUBS SEVEN,0.5836,0.0106,0.4058
DIAMONDS TWO HEARTS EIGHT,0.6324,0.017,0.3506
HEARTS FOUR SPADES EIGHT,0.711,0.0418,0.2472
SPADES FOUR HEARTS TEN,0.7184,0.0472,0.2344
DIAMONDS TEN CLUBS KING,0.345,0.0058,0.6492
DIAMONDS THREE DIAMONDS SEVEN,0.588,0.014,0.398
SPADES SEVEN DIAMONDS FIVE,0.5696,0.0158,0.4146
HEARTS JACK CLUBS ACE,0.3654,0.0044,0.6302
SPADES FIVE CLUBS KING,0.3688,0.0076,0.6236
CLUBS TEN SPADES SIX,0.5762,0.0118,0.412
HEARTS FOUR CLUBS SIX,0.688,0.0394,0.2726
SPADES EIGHT CLUBS FIVE,0.5762,0.0118,0.412
DIAMONDS THREE CLUBS FOUR,0.674,0.0468,0.2792
DIAMONDS ACE DIAMONDS NINE,0.3374,0.0054,0.6572
CLUBS JACK SPADES SEVEN,0.592,0.0102,0.3978
SPADES QUEEN DIAMONDS JACK,0.2432,0.0906,0.6662
CLUBS SEVEN SPADES EIGHT,0.5628,0.009,0.4282
HEARTS FIVE HEARTS FOUR,0.6378,0.046,0.3162
CLUBS EIGHT CLUBS TWO,0.5772,0.0156,0.4072
CLUBS NINE CLUBS FOUR,0.669,0.0436,0.2874
CLUBS FOUR DIAMONDS FIVE,0.655,0.0436,0.3014
CLUBS TEN HEARTS TWO,0.6352,0.0112,0.3536
CLUBS TEN HEARTS NINE,0.5454,0.0122,0.4424
HEARTS THREE DIAMONDS NINE,0.6364,0.0124,0.3512
HEARTS TEN DIAMONDS SIX,0.5878,0.0108,0.4014
SPADES FOUR DIAMONDS NINE,0.7086,0.0426,0.2488
HEARTS FOUR DIAMONDS FIVE,0.6762,0.0448,0.279
SPADES KING HEARTS FIVE,0.3586,0.007,0.6344
SPADES QUEEN CLUBS FIVE,0.2284,0.4522,0.3194
DIAMONDS THREE CLUBS QUEEN,0.2644,0.5264,0.2092
SPADES SIX CLUBS ACE,0.3816,0.0052,0.6132
HEARTS EIGHT DIAMONDS FIVE,0.5744,0.0152,0.4104
HEARTS TEN CLUBS KING,0.3562,0.0076,0.6362
HEARTS THREE HEARTS KING,0.3596,0.0082,0.6322
CLUBS THREE HEARTS TEN,0.6262,0.012,0.3618
SPADES KING DIAMONDS JACK,0.3408,0.0066,0.6526
CLUBS TEN SPADES EIGHT,0.5682,0.0096,0.4222
SPADES SEVEN HEARTS NINE,0.5592,0.0116,0.4292
CLUBS TWO HEARTS EIGHT,0.6362,0.0186,0.3452
SPADES ACE HEARTS SIX,0.3598,0.005,0.6352
DIAMONDS THREE CLUBS NINE,0.6358,0.0146,0.3496
SPADES SIX DIAMONDS JACK,0.599,0.01,0.391
DIAMONDS TWO HEARTS JACK,0.6488,0.0106,0.3406
SPADES KING CLUBS NINE,0.3594,0.0058,0.6348
DIAMONDS TWO DIAMONDS JACK,0.5946,0.012,0.3934
SPADES QUEEN CLUBS FOUR,0.0212,0.9564,0.0224
SPADES JACK DIAMONDS SIX,0.5918,0.0118,0.3964
DIAMONDS TWO SPADES THREE,0.6408,0.014,0.3452
HEARTS SIX CLUBS QUEEN,0.23,0.3768,0.3932
DIAMONDS THREE CLUBS EIGHT,0.625,0.0164,0.3586
CLUBS ACE HEARTS EIGHT,0.3568,0.0046,0.6386
CLUBS EIGHT HEARTS ACE,0.3524,0.0044,0.6432
SPADES ACE HEARTS TEN,0.3538,0.0036,0.6426
HEARTS SEVEN DIAMONDS ACE,0.3636,0.0052,0.6312
HEARTS FOUR CLUBS KING,0.238,0.0384,0.7236
CLUBS JACK CLUBS TEN,0.5048,0.007,0.4882
SPADES NINE CLUBS SIX,0.5694,0.0102,0.4204
SPADES EIGHT SPADES FIVE,0.536,0.0102,0.4538
HEARTS SEVEN SPADES SIX,0.5702,0.01,0.4198
CLUBS NINE HEARTS EIGHT,0.5338,0.013,0.4532
CLUBS SIX SPADES FIVE,0.5626,0.0142,0.4232
HEARTS SIX HEARTS TWO,0.5988,0.0152,0.386
DIAMONDS NINE HEARTS EIGHT,0.5394,0.0112,0.4494
HEARTS SEVEN DIAMONDS EIGHT,0.5692,0.012,0.4188
SPADES EIGHT DIAMONDS TEN,0.5556,0.0106,0.4338
SPADES KING SPADES EIGHT,0.3398,0.0064,0.6538
SPADES THREE HEARTS EIGHT,0.6386,0.0146,0.3468
DIAMONDS TWO DIAMONDS NINE,0.5912,0.0124,0.3964
SPADES FOUR CLUBS QUEEN,0.0228,0.954,0.0232
SPADES SEVEN CLUBS KING,0.3696,0.0054,0.625
CLUBS SIX DIAMONDS SIX,0.3234,0.031,0.6456
SPADES KING CLUBS ACE,0.328,0.0034,0.6686
SPADES ACE DIAMONDS EIGHT,0.3522,0.0042,0.6436
CLUBS FOUR SPADES FIVE,0.6602,0.0428,0.297
CLUBS EIGHT HEARTS FOUR,0.7034,0.0408,0.2558
DIAMONDS TWO CLUBS SIX,0.6218,0.0144,0.3638
SPADES ACE CLUBS SIX,0.3676,0.0052,0.6272
SPADES NINE DIAMONDS JACK,0.544,0.0134,0.4426
DIAMONDS THREE CLUBS TEN,0.6222,0.0152,0.3626
CLUBS THREE HEARTS EIGHT,0.6272,0.0142,0.3586
DIAMONDS NINE CLUBS QUEEN,0.2266,0.1652,0.6082
HEARTS TWO CLUBS FIVE,0.6174,0.012,0.3706
CLUBS SIX DIAMONDS EIGHT,0.5674,0.0146,0.418
HEARTS TWO DIAMONDS ACE,0.3736,0.0058,0.6206
CLUBS SEVEN CLUBS KING,0.3474,0.0068,0.6458
HEARTS FOUR CLUBS TWO,0.7018,0.0536,0.2446
CLUBS NINE SPADES JACK,0.5624,0.0082,0.4294
SPADES ACE DIAMONDS THREE,0.3878,0.0038,0.6084
SPADES NINE HEARTS TWO,0.6384,0.0114,0.3502
CLUBS TEN CLUBS SIX,0.5482,0.0094,0.4424
CLUBS EIGHT DIAMONDS NINE,0.5424,0.0114,0.4462
CLUBS FIVE CLUBS THREE,0.5524,0.0124,0.4352
SPADES KING SPADES THREE,0.355,0.0062,0.6388
CLUBS EIGHT SPADES FOUR,0.7076,0.0436,0.2488
CLUBS EIGHT DIAMONDS FIVE,0.574,0.01,0.416
SPADES SIX DIAMONDS TEN,0.5804,0.0116,0.408
CLUBS SIX SPADES FOUR,0.6788,0.0458,0.2754
HEARTS SEVEN SPADES QUEEN,0.2376,0.3046,0.4578
CLUBS JACK SPADES TWO,0.6446,0.0122,0.3432
HEARTS FOUR HEARTS ACE,0.215,0.027,0.758
CLUBS SIX HEARTS EIGHT,0.57,0.0118,0.4182
DIAMONDS TWO CLUBS FOUR,0.7192,0.0462,0.2346
SPADES SIX CLUBS QUEEN,0.2266,0.3656,0.4078
DIAMONDS KING HEARTS ACE,0.3264,0.004,0.6696
DIAMONDS TEN HEARTS NINE,0.5474,0.0116,0.441
CLUBS SEVEN HEARTS TWO,0.631,0.012,0.357
SPADES FOUR DIAMONDS FIVE,0.6698,0.0456,0.2846
CLUBS NINE SPADES EIGHT,0.5354,0.0102,0.4544
HEARTS FIVE CLUBS FOUR,0.666,0.0422,0.2918
HEARTS NINE DIAMONDS SIX,0.569,0.0122,0.4188
SPADES KING SPADES TWO,0.3608,0.0102,0.629
CLUBS EIGHT SPADES FIVE,0.5748,0.0146,0.4106
DIAMONDS TWO HEARTS FOUR,0.708,0.0476,0.2444
SPADES SEVEN HEARTS JACK,0.5862,0.011,0.4028
HEARTS FOUR CLUBS FOUR,0.3072,0.0342,0.6586
CLUBS THREE DIAMONDS QUEEN,0.2506,0.5188,0.2306
SPADES KING CLUBS TWO,0.4006,0.0066,0.5928
CLUBS SEVEN DIAMONDS EIGHT,0.5714,0.0134,0.4152
SPADES FIVE HEARTS JACK,0.6112,0.0094,0.3794
HEARTS THREE CLUBS SIX,0.6214,0.0142,0.3644
CLUBS FIVE DIAMONDS TEN,0.598,0.0134,0.3886
CLUBS THREE DIAMONDS SEVEN,0.6258,0.0138,0.3604
DIAMONDS EIGHT DIAMONDS FIVE,0.542,0.0128,0.4452
SPADES FOUR DIAMONDS SIX,0.6718,0.041,0.2872
HEARTS FOUR HEARTS EIGHT,0.6704,0.0466,0.283
DIAMONDS KING SPADES FOUR,0.228,0.0376,0.7344
DIAMONDS QUEEN CLUBS TWO,0.2664,0.5122,0.2214
SPADES SEVEN DIAMONDS QUEEN,0.2202,0.2958,0.484
CLUBS JACK HEARTS KING,0.3406,0.0066,0.6528
SPADES JACK CLUBS ACE,0.3492,0.0038,0.647
CLUBS FIVE HEARTS TEN,0.618,0.0106,0.3714
CLUBS SIX CLUBS THREE,0.5732,0.0114,0.4154
DIAMONDS TWO SPADES TEN,0.6476,0.01,0.3424
CLUBS EIGHT CLUBS FIVE,0.5484,0.0124,0.4392
SPADES JACK DIAMONDS JACK,0.2804,0.011,0.7086
DIAMONDS KING SPADES THREE,0.3916,0.0068,0.6016
SPADES QUEEN SPADES SEVEN,0.2146,0.281,0.5044
DIAMONDS NINE DIAMONDS SIX,0.5362,0.0138,0.45
DIAMONDS QUEEN SPADES TWO,0.265,0.5126,0.2224
HEARTS SIX HEARTS ACE,0.3334,0.0046,0.662
SPADES KING DIAMONDS QUEEN,0.2322,0.0232,0.7446
CLUBS JACK SPADES THREE,0.6272,0.0086,0.3642
CLUBS FOUR DIAMONDS QUEEN,0.0142,0.9672,0.0186
CLUBS FIVE CLUBS FOUR,0.6206,0.0434,0.336
DIAMONDS KING SPADES TWO,0.4058,0.0088,0.5854
HEARTS FIVE HEARTS JACK,0.5752,0.0136,0.4112
SPADES SIX SPADES TWO,0.5798,0.0144,0.4058
SPADES FIVE DIAMONDS TEN,0.5964,0.0098,0.3938
SPADES THREE DIAMONDS FIVE,0.6128,0.0144,0.3728
SPADES SEVEN CLUBS FOUR,0.6762,0.0432,0.2806
SPADES QUEEN DIAMONDS QUEEN,0.0788,0.0228,0.8984
DIAMONDS THREE DIAMONDS JACK,0.599,0.009,0.392
DIAMONDS THREE SPADES FIVE,0.6076,0.0138,0.3786
SPADES EIGHT CLUBS TWO,0.6358,0.015,0.3492
DIAMONDS QUEEN SPADES THREE,0.274,0.5066,0.2194
SPADES EIGHT DIAMONDS FIVE,0.5824,0.016,0.4016
CLUBS SEVEN CLUBS SIX,0.5328,0.013,0.4542
HEARTS THREE SPADES SEVEN,0.6232,0.0122,0.3646
CLUBS SIX HEARTS ACE,0.3604,0.0038,0.6358
HEARTS FIVE HEARTS THREE,0.569,0.0148,0.4162
CLUBS SEVEN HEARTS TEN,0.5636,0.0088,0.4276
HEARTS SIX CLUBS NINE,0.5664,0.0124,0.4212
SPADES TEN HEARTS THREE,0.6342,0.0132,0.3526
CLUBS FIVE DIAMONDS SEVEN,0.5744,0.0134,0.4122
CLUBS SIX HEARTS KING,0.3722,0.0064,0.6214
HEARTS FIVE DIAMONDS QUEEN,0.2226,0.4654,0.312
SPADES SEVEN DIAMONDS SIX,0.5572,0.0112,0.4316
SPADES FOUR HEARTS EIGHT,0.7082,0.042,0.2498
CLUBS EIGHT SPADES TWO,0.6258,0.0118,0.3624
SPADES EIGHT CLUBS KING,0.375,0.0068,0.6182
CLUBS NINE CLUBS SEVEN,0.5168,0.0116,0.4716
DIAMONDS JACK HEARTS TEN,0.5498,0.0102,0.44
CLUBS JACK CLUBS SIX,0.5596,0.0122,0.4282
CLUBS THREE DIAMONDS EIGHT,0.6244,0.0128,0.3628
DIAMONDS KING DIAMONDS JACK,0.3326,0.0096,0.6578
SPADES TEN SPADES TWO,0.5772,0.0142,0.4086
SPADES ACE CLUBS SEVEN,0.3608,0.0044,0.6348
CLUBS JACK DIAMONDS TWO,0.631,0.0146,0.3544
CLUBS TEN CLUBS SEVEN,0.5368,0.012,0.4512
HEARTS TEN DIAMONDS SEVEN,0.5712,0.0114,0.4174
CLUBS EIGHT HEARTS JACK,0.5758,0.0114,0.4128
CLUBS SIX CLUBS KING,0.342,0.0078,0.6502
HEARTS SIX CLUBS FIVE,0.5716,0.012,0.4164
HEARTS TWO DIAMONDS QUEEN,0.2634,0.5294,0.2072
SPADES SIX HEARTS ACE,0.3672,0.0054,0.6274
CLUBS SEVEN CLUBS THREE,0.5762,0.0134,0.4104
HEARTS THREE HEARTS TWO,0.607,0.0132,0.3798
SPADES EIGHT DIAMONDS EIGHT,0.3152,0.0186,0.6662
HEARTS SEVEN HEARTS FIVE,0.557,0.0122,0.4308
HEARTS FOUR HEARTS TWO,0.6606,0.0512,0.2882
HEARTS FOUR DIAMONDS NINE,0.7184,0.0518,0.2298
HEARTS TEN HEARTS EIGHT,0.5268,0.0104,0.4628
HEARTS SIX SPADES SIX,0.3268,0.0252,0.648
SPADES ACE CLUBS TWO,0.3812,0.0056,0.6132
SPADES ACE HEARTS JACK,0.3708,0.0028,0.6264
CLUBS FIVE SPADES SIX,0.5688,0.0134,0.4178
HEARTS SIX HEARTS KING,0.3592,0.0076,0.6332
HEARTS SIX SPADES EIGHT,0.5576,0.0106,0.4318
SPADES ACE SPADES JACK,0.3328,0.0056,0.6616
SPADES JACK HEARTS ACE,0.3466,0.0044,0.649
HEARTS TWO DIAMONDS EIGHT,0.6226,0.0138,0.3636
SPADES NINE DIAMONDS SEVEN,0.561,0.0118,0.4272
CLUBS NINE CLUBS FIVE,0.5586,0.013,0.4284
DIAMONDS SEVEN HEARTS NINE,0.5668,0.0128,0.4204
CLUBS NINE HEARTS FIVE,0.5932,0.0094,0.3974
CLUBS SEVEN HEARTS JACK,0.5796,0.007,0.4134
CLUBS THREE DIAMONDS TEN,0.623,0.0144,0.3626
SPADES KING DIAMONDS SEVEN,0.3766,0.0078,0.6156
CLUBS JACK CLUBS EIGHT,0.5236,0.0112,0.4652
SPADES KING DIAMONDS ACE,0.3246,0.0052,0.6702
HEARTS THREE CLUBS ACE,0.385,0.0054,0.6096
SPADES ACE HEARTS FIVE,0.3446,0.005,0.6504
HEARTS SEVEN SPADES EIGHT,0.5634,0.0122,0.4244
SPADES FIVE HEARTS EIGHT,0.5856,0.0144,0.4
CLUBS SEVEN DIAMONDS KING,0.3442,0.006,0.6498
SPADES TEN HEARTS ACE,0.3554,0.0052,0.6394
CLUBS FIVE CLUBS ACE,0.3278,0.0054,0.6668
SPADES NINE DIAMONDS NINE,0.2894,0.0224,0.6882
HEARTS SIX SPADES SEVEN,0.5792,0.012,0.4088
SPADES TEN HEARTS JACK,0.5432,0.0104,0.4464
CLUBS TWO DIAMONDS SIX,0.6308,0.013,0.3562
HEARTS SIX HEARTS FIVE,0.5376,0.016,0.4464
HEARTS FIVE HEARTS KING,0.3368,0.0084,0.6548
SPADES KING CLUBS FOUR,0.2234,0.041,0.7356
CLUBS SEVEN CLUBS FIVE,0.5356,0.0138,0.4506
SPADES FIVE CLUBS TWO,0.6096,0.016,0.3744
DIAMONDS EIGHT HEARTS EIGHT,0.3038,0.0218,0.6744
SPADES KING SPADES QUEEN,0.2152,0.0254,0.7594
SPADES NINE CLUBS QUEEN,0.2368,0.1516,0.6116
SPADES TEN DIAMONDS TEN,0.284,0.0174,0.6986
HEARTS KING DIAMONDS FIVE,0.338,0.0102,0.6518
CLUBS TEN HEARTS THREE,0.6294,0.0136,0.357
HEARTS SIX HEARTS JACK,0.5664,0.0106,0.423
HEARTS ACE DIAMONDS SEVEN,0.3458,0.0044,0.6498
SPADES QUEEN CLUBS QUEEN,0.0892,0.022,0.8888
HEARTS FIVE CLUBS THREE,0.5994,0.0144,0.3862
CLUBS KING CLUBS QUEEN,0.2248,0.0228,0.7524
HEARTS SEVEN DIAMONDS TEN,0.5668,0.0118,0.4214
SPADES NINE CLUBS ACE,0.3506,0.0028,0.6466
DIAMONDS ACE DIAMONDS KING,0.3022,0.0046,0.6932
HEARTS ACE DIAMONDS EIGHT,0.3532,0.0032,0.6436
DIAMONDS ACE CLUBS KING,0.315,0.006,0.679
CLUBS TWO CLUBS QUEEN,0.2542,0.4734,0.2724
CLUBS JACK DIAMONDS THREE,0.629,0.0164,0.3546
HEARTS THREE DIAMONDS QUEEN,0.2458,0.5408,0.2134
SPADES TWO HEARTS NINE,0.6302,0.0138,0.356
HEARTS KING CLUBS KING,0.1306,0.004,0.8654
SPADES JACK CLUBS EIGHT,0.5608,0.0104,0.4288
CLUBS NINE SPADES SIX,0.5788,0.0116,0.4096
CLUBS FOUR DIAMONDS EIGHT,0.6954,0.0466,0.258
SPADES NINE CLUBS THREE,0.6156,0.0122,0.3722
DIAMONDS SEVEN CLUBS QUEEN,0.2246,0.3004,0.475
DIAMONDS THREE HEARTS TWO,0.649,0.017,0.334
HEARTS SIX DIAMONDS FIVE,0.5612,0.0118,0.427
HEARTS SEVEN HEARTS FOUR,0.6654,0.0404,0.2942
HEARTS FIVE HEARTS ACE,0.3162,0.0058,0.678
HEARTS FIVE SPADES EIGHT,0.5778,0.0106,0.4116
SPADES ACE HEARTS FOUR,0.233,0.029,0.738
SPADES THREE HEARTS JACK,0.6346,0.0104,0.355
DIAMONDS TWO DIAMONDS SIX,0.595,0.014,0.391
HEARTS THREE CLUBS FOUR,0.6866,0.0466,0.2668
HEARTS FIVE HEARTS NINE,0.5614,0.011,0.4276
DIAMONDS NINE DIAMONDS SEVEN,0.5252,0.013,0.4618
SPADES FIVE DIAMONDS NINE,0.5938,0.0136,0.3926
DIAMONDS TWO CLUBS TWO,0.4418,0.0322,0.526
SPADES SIX SPADES FOUR,0.6464,0.0386,0.315
HEARTS SEVEN HEARTS TEN,0.5442,0.0144,0.4414
CLUBS KING DIAMONDS SIX,0.3512,0.0092,0.6396
SPADES QUEEN SPADES JACK,0.229,0.0924,0.6786
HEARTS TWO DIAMONDS SIX,0.6212,0.0144,0.3644
DIAMONDS THREE DIAMONDS ACE,0.3626,0.0058,0.6316
DIAMONDS QUEEN DIAMONDS SIX,0.22,0.3582,0.4218
DIAMONDS KING CLUBS QUEEN,0.2328,0.0226,0.7446
SPADES FOUR SPADES TWO,0.6558,0.0488,0.2954
DIAMONDS THREE CLUBS SEVEN,0.637,0.0142,0.3488
HEARTS SEVEN HEARTS KING,0.3448,0.007,0.6482
DIAMONDS ACE SPADES FOUR,0.2428,0.0276,0.7296
SPADES TWO HEARTS TEN,0.6288,0.0132,0.358
SPADES ACE HEARTS KING,0.3114,0.0052,0.6834
SPADES QUEEN SPADES TEN,0.2174,0.1082,0.6744
CLUBS ACE DIAMONDS SEVEN,0.3608,0.004,0.6352
CLUBS FIVE CLUBS QUEEN,0.2052,0.4272,0.3676
DIAMONDS NINE DIAMONDS FIVE,0.5508,0.0106,0.4386
CLUBS THREE DIAMONDS FIVE,0.5862,0.013,0.4008
HEARTS JACK DIAMONDS EIGHT,0.5784,0.01,0.4116
CLUBS SEVEN SPADES TWO,0.629,0.016,0.355
CLUBS TEN HEARTS SIX,0.5992,0.0072,0.3936
SPADES TEN CLUBS FOUR,0.717,0.0466,0.2364
CLUBS FOUR CLUBS TWO,0.6548,0.0476,0.2976
SPADES ACE DIAMONDS NINE,0.3514,0.0056,0.643
CLUBS SEVEN SPADES SIX,0.553,0.0122,0.4348
DIAMONDS NINE CLUBS ACE,0.352,0.004,0.644
CLUBS TEN SPADES FIVE,0.6018,0.0108,0.3874
DIAMONDS TEN CLUBS ACE,0.3382,0.0064,0.6554
DIAMONDS QUEEN CLUBS QUEEN,0.077,0.0214,0.9016
SPADES NINE SPADES FIVE,0.5512,0.0104,0.4384
CLUBS EIGHT SPADES SIX,0.56,0.013,0.427
SPADES FOUR HEARTS ACE,0.2266,0.0266,0.7468
CLUBS THREE DIAMONDS SIX,0.5918,0.0128,0.3954
CLUBS JACK DIAMONDS TEN,0.5306,0.0092,0.4602
HEARTS TWO SPADES EIGHT,0.6306,0.0104,0.359
SPADES SIX DIAMONDS NINE,0.5656,0.0118,0.4226
SPADES FIVE HEARTS NINE,0.5814,0.014,0.4046
HEARTS ACE DIAMONDS SIX,0.357,0.0062,0.6368
SPADES TWO HEARTS JACK,0.6348,0.0152,0.35
SPADES EIGHT CLUBS THREE,0.6258,0.0124,0.3618
DIAMONDS KING HEARTS EIGHT,0.3634,0.007,0.6296
SPADES THREE SPADES TWO,0.5886,0.0156,0.3958
DIAMONDS THREE SPADES THREE,0.4238,0.0372,0.539
HEARTS FOUR DIAMONDS SEVEN,0.6918,0.0468,0.2614
CLUBS EIGHT DIAMONDS TEN,0.5602,0.0118,0.428
DIAMONDS THREE HEARTS FIVE,0.6182,0.016,0.3658
CLUBS TWO CLUBS ACE,0.3622,0.0034,0.6344
HEARTS FIVE CLUBS ACE,0.345,0.0056,0.6494
HEARTS SIX DIAMONDS TWO,0.6396,0.0134,0.347
DIAMONDS TWO HEARTS TWO,0.4206,0.0312,0.5482
DIAMONDS KING DIAMONDS SIX,0.3378,0.0084,0.6538
CLUBS JACK CLUBS NINE,0.519,0.0102,0.4708
DIAMONDS TWO SPADES FOUR,0.7054,0.0486,0.246
SPADES FIVE SPADES THREE,0.556,0.0146,0.4294
SPADES FOUR HEARTS KING,0.229,0.0378,0.7332
SPADES TEN SPADES EIGHT,0.5192,0.0094,0.4714
HEARTS THREE DIAMONDS KING,0.3754,0.0118,0.6128
SPADES KING HEARTS KING,0.1402,0.0024,0.8574
CLUBS EIGHT SPADES NINE,0.534,0.0112,0.4548
HEARTS FOUR CLUBS THREE,0.6948,0.0448,0.2604
HEARTS SIX CLUBS THREE,0.6168,0.0156,0.3676
HEARTS NINE HEARTS EIGHT,0.5344,0.0112,0.4544
CLUBS JACK DIAMONDS SIX,0.5902,0.0132,0.3966
DIAMONDS ACE DIAMONDS EIGHT,0.3568,0.004,0.6392
HEARTS SEVEN CLUBS TEN,0.5712,0.0114,0.4174
DIAMONDS TWO SPADES TWO,0.4286,0.0324,0.539
SPADES NINE CLUBS KING,0.3462,0.0058,0.648
CLUBS JACK CLUBS SEVEN,0.5462,0.012,0.4418
DIAMONDS KING SPADES SIX,0.3596,0.0046,0.6358
CLUBS NINE DIAMONDS NINE,0.3008,0.0184,0.6808
HEARTS FOUR HEARTS TEN,0.6782,0.0468,0.275
DIAMONDS QUEEN DIAMONDS FIVE,0.201,0.4496,0.3494
CLUBS EIGHT DIAMONDS ACE,0.3626,0.0054,0.632
SPADES KING CLUBS TEN,0.3336,0.005,0.6614
DIAMONDS TWO SPADES EIGHT,0.6308,0.0108,0.3584
HEARTS THREE DIAMONDS JACK,0.6312,0.0156,0.3532
HEARTS SIX CLUBS ACE,0.3662,0.0032,0.6306
CLUBS TWO DIAMONDS JACK,0.635,0.0118,0.3532
CLUBS SEVEN SPADES NINE,0.5616,0.0098,0.4286
SPADES EIGHT DIAMONDS NINE,0.5228,0.0124,0.4648
CLUBS TEN HEARTS EIGHT,0.5634,0.01,0.4266
SPADES ACE DIAMONDS SEVEN,0.36,0.005,0.635
SPADES FIVE DIAMONDS JACK,0.5872,0.0128,0.4
CLUBS JACK DIAMONDS KING,0.3314,0.0056,0.663
HEARTS SEVEN CLUBS SIX,0.5684,0.0132,0.4184
DIAMONDS TWO HEARTS THREE,0.6426,0.0148,0.3426
SPADES THREE DIAMONDS NINE,0.6254,0.0136,0.361
CLUBS SEVEN DIAMONDS FIVE,0.57,0.0106,0.4194
SPADES THREE HEARTS KING,0.387,0.0082,0.6048
DIAMONDS KING HEARTS NINE,0.354,0.0064,0.6396
CLUBS TWO DIAMONDS SEVEN,0.626,0.0178,0.3562
SPADES NINE DIAMONDS QUEEN,0.221,0.1678,0.6112
SPADES QUEEN DIAMONDS SEVEN,0.2274,0.303,0.4696
SPADES KING CLUBS QUEEN,0.234,0.0242,0.7418
DIAMONDS TEN HEARTS KING,0.3242,0.0088,0.667
SPADES JACK CLUBS QUEEN,0.2366,0.0838,0.6796
HEARTS SEVEN SPADES SEVEN,0.3284,0.0234,0.6482
SPADES TEN HEARTS TEN,0.3002,0.0152,0.6846
SPADES QUEEN SPADES FOUR,0.0226,0.9108,0.0666
SPADES JACK DIAMONDS FIVE,0.5958,0.0136,0.3906
CLUBS NINE SPADES FOUR,0.7042,0.0468,0.249
DIAMONDS TEN HEARTS JACK,0.5418,0.0084,0.4498
CLUBS JACK SPADES NINE,0.5566,0.007,0.4364
HEARTS TWO CLUBS KING,0.4032,0.0086,0.5882
HEARTS FOUR DIAMONDS ACE,0.2298,0.0242,0.746
CLUBS FIVE HEARTS ACE,0.3512,0.0052,0.6436
DIAMONDS TWO DIAMONDS QUEEN,0.267,0.4818,0.2512
HEARTS FIVE CLUBS TWO,0.6074,0.0168,0.3758
CLUBS NINE CLUBS THREE,0.5932,0.0098,0.397
SPADES FOUR HEARTS JACK,0.714,0.0494,0.2366
DIAMONDS THREE HEARTS JACK,0.646,0.0118,0.3422
DIAMONDS QUEEN HEARTS TEN,0.225,0.115,0.66
CLUBS NINE DIAMONDS JACK,0.5438,0.0094,0.4468
HEARTS SEVEN DIAMONDS JACK,0.5744,0.0128,0.4128
HEARTS ACE SPADES THREE,0.3788,0.0066,0.6146
SPADES JACK SPADES THREE,0.5756,0.01,0.4144
SPADES EIGHT HEARTS JACK,0.5626,0.0108,0.4266
CLUBS JACK SPADES FOUR,0.7284,0.0416,0.23
HEARTS SEVEN SPADES TEN,0.5724,0.012,0.4156
HEARTS TWO HEARTS JACK,0.6108,0.0132,0.376
SPADES QUEEN CLUBS ACE,0.2402,0.0166,0.7432
SPADES NINE HEARTS NINE,0.2944,0.0172,0.6884
DIAMONDS JACK SPADES FOUR,0.7164,0.0468,0.2368
DIAMONDS KING HEARTS TEN,0.3422,0.0066,0.6512
CLUBS SEVEN HEARTS NINE,0.5576,0.0092,0.4332
DIAMONDS KING DIAMONDS SEVEN,0.343,0.0068,0.6502
SPADES TWO DIAMONDS EIGHT,0.624,0.0148,0.3612
DIAMONDS TWO HEARTS FIVE,0.6262,0.0134,0.3604
CLUBS THREE HEARTS NINE,0.6306,0.0146,0.3548
SPADES THREE DIAMONDS EIGHT,0.6294,0.0138,0.3568
CLUBS NINE DIAMONDS SIX,0.569,0.011,0.42
HEARTS TWO CLUBS ACE,0.3818,0.0068,0.6114
CLUBS FOUR SPADES TWO,0.6996,0.0448,0.2556
DIAMONDS SEVEN DIAMONDS SIX,0.5316,0.0134,0.455
CLUBS EIGHT HEARTS EIGHT,0.3116,0.0238,0.6646
SPADES QUEEN DIAMONDS FIVE,0.2262,0.4494,0.3244
CLUBS JACK SPADES JACK,0.2784,0.0076,0.714
CLUBS SIX SPADES THREE,0.6128,0.0134,0.3738
CLUBS FOUR CLUBS KING,0.2196,0.0348,0.7456
CLUBS JACK DIAMONDS FIVE,0.606,0.0118,0.3822
SPADES TEN SPADES THREE,0.581,0.0114,0.4076
SPADES QUEEN SPADES NINE,0.2202,0.1588,0.621
DIAMONDS TWO SPADES JACK,0.629,0.0118,0.3592
SPADES QUEEN CLUBS EIGHT,0.2334,0.222,0.5446
SPADES TEN DIAMONDS SEVEN,0.565,0.0102,0.4248
DIAMONDS TEN HEARTS EIGHT,0.5586,0.0128,0.4286
SPADES SIX CLUBS TWO,0.6386,0.0118,0.3496
CLUBS NINE DIAMONDS FIVE,0.5788,0.0128,0.4084
HEARTS SEVEN DIAMONDS NINE,0.5616,0.012,0.4264
HEARTS KING DIAMONDS NINE,0.3422,0.008,0.6498
HEARTS SIX SPADES NINE,0.573,0.0128,0.4142
SPADES SIX CLUBS KING,0.3612,0.006,0.6328
HEARTS FOUR DIAMONDS TEN,0.7188,0.0484,0.2328
HEARTS TWO SPADES SEVEN,0.6494,0.0142,0.3364
SPADES SEVEN HEARTS KING,0.3572,0.0076,0.6352
SPADES JACK HEARTS NINE,0.5732,0.009,0.4178
SPADES ACE DIAMONDS ACE,0.1194,0.0032,0.8774
DIAMONDS SIX HEARTS EIGHT,0.5714,0.014,0.4146
SPADES NINE DIAMONDS FIVE,0.5684,0.0138,0.4178
HEARTS SEVEN HEARTS EIGHT,0.5312,0.0128,0.456
SPADES QUEEN HEARTS FOUR,0.0192,0.9702,0.0106
CLUBS ACE HEARTS TEN,0.347,0.0044,0.6486
CLUBS TWO HEARTS JACK,0.6408,0.015,0.3442
HEARTS SEVEN DIAMONDS SIX,0.5588,0.0126,0.4286
DIAMONDS THREE SPADES EIGHT,0.6248,0.0148,0.3604
SPADES ACE CLUBS FOUR,0.2354,0.024,0.7406
SPADES FOUR DIAMONDS SEVEN,0.682,0.0428,0.2752
DIAMONDS EIGHT DIAMONDS SIX,0.5436,0.0158,0.4406
SPADES NINE HEARTS KING,0.3478,0.0076,0.6446
SPADES SIX HEARTS JACK,0.5968,0.0096,0.3936
DIAMONDS TWO SPADES FIVE,0.6042,0.0156,0.3802
CLUBS JACK CLUBS FOUR,0.6808,0.0476,0.2716
HEARTS THREE SPADES TWO,0.6608,0.0146,0.3246
CLUBS SIX HEARTS NINE,0.5722,0.0124,0.4154
HEARTS NINE DIAMONDS FIVE,0.5874,0.0144,0.3982
DIAMONDS THREE SPADES KING,0.4042,0.0078,0.588
SPADES TEN CLUBS SIX,0.5834,0.0082,0.4084
SPADES QUEEN CLUBS SIX,0.2246,0.3722,0.4032
HEARTS FOUR SPADES SIX,0.6814,0.0414,0.2772
CLUBS JACK HEARTS JACK,0.2962,0.0112,0.6926
DIAMONDS JACK DIAMONDS FIVE,0.5726,0.0126,0.4148
HEARTS TWO SPADES THREE,0.6566,0.0158,0.3276
SPADES ACE HEARTS NINE,0.3662,0.0052,0.6286
DIAMONDS TWO DIAMONDS FIVE,0.5724,0.0142,0.4134
SPADES QUEEN HEARTS NINE,0.227,0.18,0.593
DIAMONDS TEN HEARTS TEN,0.2734,0.0094,0.7172
CLUBS SEVEN SPADES FOUR,0.6766,0.0436,0.2798
CLUBS EIGHT DIAMONDS EIGHT,0.308,0.0228,0.6692
CLUBS TEN SPADES TEN,0.2878,0.0144,0.6978
CLUBS FIVE DIAMONDS SIX,0.5506,0.0152,0.4342
SPADES ACE SPADES TEN,0.3354,0.0056,0.659
CLUBS SEVEN DIAMONDS SIX,0.5642,0.0122,0.4236
CLUBS TEN DIAMONDS TWO,0.6282,0.0136,0.3582
SPADES KING SPADES TEN,0.3132,0.0062,0.6806
HEARTS THREE HEARTS EIGHT,0.6016,0.0142,0.3842
SPADES QUEEN SPADES TWO,0.2398,0.4988,0.2614
CLUBS EIGHT DIAMONDS SIX,0.5618,0.0136,0.4246
SPADES ACE SPADES QUEEN,0.215,0.0172,0.7678
DIAMONDS ACE SPADES FIVE,0.3454,0.0036,0.651
SPADES EIGHT HEARTS NINE,0.5464,0.0094,0.4442
CLUBS SEVEN SPADES THREE,0.6346,0.0146,0.3508
DIAMONDS JACK CLUBS QUEEN,0.2306,0.093,0.6764
DIAMONDS TWO DIAMONDS EIGHT,0.6054,0.0128,0.3818
CLUBS JACK SPADES SIX,0.5976,0.0082,0.3942
CLUBS SIX CLUBS FOUR,0.6362,0.04,0.3238
SPADES EIGHT CLUBS FOUR,0.6936,0.0436,0.2628
SPADES SIX HEARTS EIGHT,0.565,0.0104,0.4246
CLUBS TEN SPADES SEVEN,0.5732,0.0082,0.4186
CLUBS TEN HEARTS TEN,0.2876,0.014,0.6984
DIAMONDS SIX CLUBS QUEEN,0.2174,0.3898,0.3928
CLUBS FOUR HEARTS EIGHT,0.7026,0.0482,0.2492
DIAMONDS TWO CLUBS KING,0.3926,0.008,0.5994
DIAMONDS TWO HEARTS KING,0.3958,0.0114,0.5928
HEARTS SIX HEARTS EIGHT,0.5344,0.0112,0.4544
CLUBS JACK SPADES EIGHT,0.56,0.0104,0.4296
HEARTS SEVEN HEARTS THREE,0.6028,0.0126,0.3846
DIAMONDS QUEEN DIAMONDS JACK,0.2208,0.089,0.6902
CLUBS SEVEN DIAMONDS TEN,0.5694,0.0114,0.4192
HEARTS TWO HEARTS KING,0.3702,0.0078,0.622
DIAMONDS THREE SPADES NINE,0.6228,0.0132,0.364
HEARTS THREE SPADES EIGHT,0.63,0.0108,0.3592
SPADES TEN DIAMONDS FIVE,0.579,0.013,0.408
HEARTS THREE HEARTS NINE,0.6116,0.0092,0.3792
SPADES NINE CLUBS FIVE,0.5816,0.0108,0.4076
DIAMONDS TWO SPADES SIX,0.6302,0.0168,0.353
SPADES SIX DIAMONDS QUEEN,0.2142,0.3882,0.3976
HEARTS TWO SPADES SIX,0.6248,0.0178,0.3574
SPADES SIX DIAMONDS SEVEN,0.5528,0.0092,0.438
CLUBS FIVE DIAMONDS JACK,0.593,0.0136,0.3934
SPADES TWO CLUBS KING,0.401,0.0088,0.5902
CLUBS KING DIAMONDS FIVE,0.3558,0.0068,0.6374
SPADES KING CLUBS KING,0.1396,0.0058,0.8546
SPADES KING HEARTS JACK,0.346,0.006,0.648
HEARTS THREE HEARTS TEN,0.5986,0.0142,0.3872
CLUBS SEVEN HEARTS ACE,0.349,0.0042,0.6468
HEARTS SEVEN SPADES TWO,0.6378,0.0156,0.3466
DIAMONDS KING DIAMONDS FIVE,0.3354,0.0108,0.6538
DIAMONDS TWO SPADES NINE,0.6168,0.0102,0.373
SPADES FOUR CLUBS ACE,0.2414,0.0264,0.7322
SPADES NINE SPADES SEVEN,0.5092,0.01,0.4808
HEARTS JACK HEARTS EIGHT,0.5582,0.0084,0.4334
HEARTS TWO HEARTS EIGHT,0.5972,0.0154,0.3874
CLUBS EIGHT CLUBS SEVEN,0.5242,0.0126,0.4632
HEARTS THREE CLUBS QUEEN,0.2622,0.5262,0.2116
SPADES FOUR DIAMONDS EIGHT,0.6894,0.0446,0.266
CLUBS JACK HEARTS ACE,0.346,0.0038,0.6502
DIAMONDS KING DIAMONDS NINE,0.3308,0.0074,0.6618
SPADES TEN SPADES FOUR,0.6678,0.0444,0.2878
CLUBS FOUR CLUBS QUEEN,0.0192,0.911,0.0698
HEARTS FIVE SPADES JACK,0.6116,0.0134,0.375
DIAMONDS KING SPADES FIVE,0.3582,0.0076,0.6342
SPADES SEVEN HEARTS TEN,0.5706,0.0104,0.419
CLUBS EIGHT CLUBS FOUR,0.6564,0.039,0.3046
HEARTS SIX DIAMONDS NINE,0.5664,0.0128,0.4208
HEARTS ACE SPADES TWO,0.3918,0.0042,0.604
SPADES SEVEN SPADES FOUR,0.647,0.0408,0.3122
HEARTS SIX SPADES QUEEN,0.2146,0.3914,0.394
DIAMONDS ACE HEARTS NINE,0.3674,0.0062,0.6264
HEARTS KING HEARTS EIGHT,0.3478,0.0104,0.6418
HEARTS SIX CLUBS KING,0.3688,0.01,0.6212
CLUBS NINE HEARTS TWO,0.6382,0.0148,0.347
CLUBS TWO SPADES THREE,0.6286,0.0164,0.355
HEARTS SEVEN HEARTS NINE,0.5294,0.0102,0.4604
SPADES FOUR CLUBS KING,0.2372,0.033,0.7298
HEARTS FOUR CLUBS ACE,0.2358,0.0266,0.7376
SPADES ACE DIAMONDS TEN,0.35,0.0054,0.6446
CLUBS SIX HEARTS TEN,0.598,0.0112,0.3908
DIAMONDS ACE HEARTS ACE,0.111,0.0054,0.8836
SPADES TEN SPADES SIX,0.5472,0.009,0.4438
CLUBS FOUR HEARTS KING,0.2294,0.0358,0.7348
SPADES QUEEN DIAMONDS EIGHT,0.2276,0.2214,0.551
HEARTS SIX SPADES TEN,0.5908,0.0116,0.3976
DIAMONDS THREE DIAMONDS TWO,0.6192,0.013,0.3678
HEARTS THREE DIAMONDS FIVE,0.5952,0.0144,0.3904
SPADES TEN DIAMONDS KING,0.3258,0.0068,0.6674
CLUBS NINE DIAMONDS ACE,0.3638,0.0046,0.6316
CLUBS JACK SPADES KING,0.3416,0.006,0.6524
HEARTS SEVEN DIAMONDS SEVEN,0.318,0.026,0.656
SPADES FIVE DIAMONDS FIVE,0.3164,0.036,0.6476
HEARTS TWO CLUBS QUEEN,0.2662,0.5252,0.2086
HEARTS FIVE DIAMONDS TEN,0.6028,0.0124,0.3848
CLUBS ACE HEARTS NINE,0.3608,0.0052,0.634
CLUBS NINE CLUBS EIGHT,0.5118,0.0092,0.479
SPADES EIGHT SPADES SEVEN,0.5308,0.0086,0.4606
HEARTS FIVE HEARTS TEN,0.584,0.0088,0.4072
DIAMONDS QUEEN CLUBS ACE,0.2134,0.016,0.7706
SPADES ACE DIAMONDS JACK,0.3398,0.0048,0.6554
CLUBS THREE SPADES FIVE,0.613,0.0124,0.3746
SPADES JACK HEARTS EIGHT,0.5668,0.0124,0.4208
CLUBS NINE CLUBS ACE,0.3324,0.0064,0.6612
SPADES KING DIAMONDS EIGHT,0.3594,0.0088,0.6318
SPADES SIX DIAMONDS EIGHT,0.5704,0.012,0.4176
HEARTS ACE CLUBS QUEEN,0.2244,0.015,0.7606
HEARTS SIX DIAMONDS TEN,0.5916,0.0116,0.3968
HEARTS SEVEN HEARTS JACK,0.5726,0.0102,0.4172
CLUBS ACE DIAMONDS SIX,0.3514,0.0046,0.644
SPADES TEN SPADES FIVE,0.5538,0.0122,0.434
SPADES KING DIAMONDS TEN,0.3378,0.0062,0.656
DIAMONDS KING CLUBS TWO,0.3812,0.0082,0.6106
HEARTS TWO DIAMONDS FIVE,0.6158,0.0162,0.368
DIAMONDS QUEEN DIAMONDS TEN,0.2284,0.1074,0.6642
CLUBS JACK DIAMONDS QUEEN,0.224,0.0908,0.6852
CLUBS NINE HEARTS FOUR,0.7146,0.0474,0.238
DIAMONDS JACK DIAMONDS NINE,0.5268,0.0126,0.4606
SPADES FIVE HEARTS KING,0.3628,0.0086,0.6286
DIAMONDS THREE HEARTS EIGHT,0.6394,0.0156,0.345
SPADES SIX DIAMONDS FIVE,0.5594,0.0108,0.4298
HEARTS SIX DIAMONDS EIGHT,0.5572,0.0118,0.431
CLUBS TWO HEARTS KING,0.3762,0.0104,0.6134
DIAMONDS TEN SPADES TWO,0.63,0.0124,0.3576
HEARTS TWO DIAMONDS TEN,0.6292,0.0106,0.3602
SPADES JACK SPADES TEN,0.5068,0.0088,0.4844
CLUBS THREE SPADES TWO,0.627,0.0168,0.3562
SPADES JACK DIAMONDS TEN,0.5372,0.0088,0.454
CLUBS SIX DIAMONDS JACK,0.5864,0.0096,0.404
HEARTS FOUR SPADES TEN,0.7138,0.0482,0.238
SPADES QUEEN CLUBS SEVEN,0.2158,0.3116,0.4726
SPADES JACK SPADES TWO,0.5882,0.0154,0.3964
CLUBS TWO HEARTS NINE,0.6322,0.013,0.3548
HEARTS TWO DIAMONDS JACK,0.6288,0.013,0.3582
CLUBS TEN DIAMONDS EIGHT,0.5598,0.0106,0.4296
SPADES TEN SPADES NINE,0.5118,0.0116,0.4766
SPADES KING CLUBS SEVEN,0.3542,0.0078,0.638
CLUBS EIGHT SPADES EIGHT,0.3062,0.0248,0.669
CLUBS TEN DIAMONDS QUEEN,0.2284,0.123,0.6486
SPADES JACK DIAMONDS EIGHT,0.55,0.0066,0.4434
DIAMONDS JACK DIAMONDS SIX,0.555,0.012,0.433
CLUBS TEN DIAMONDS SIX,0.5796,0.0126,0.4078
SPADES KING HEARTS EIGHT,0.3834,0.0094,0.6072
SPADES SEVEN DIAMONDS TEN,0.5642,0.01,0.4258
CLUBS TEN DIAMONDS ACE,0.3566,0.0042,0.6392
HEARTS SIX SPADES THREE,0.6056,0.0148,0.3796
HEARTS SEVEN CLUBS TWO,0.6426,0.013,0.3444
HEARTS SEVEN CLUBS FOUR,0.6998,0.042,0.2582
HEARTS ACE DIAMONDS TEN,0.3278,0.0056,0.6666
HEARTS JACK DIAMONDS FIVE,0.604,0.013,0.383
SPADES TEN CLUBS KING,0.3298,0.005,0.6652
HEARTS SIX SPADES FIVE,0.5702,0.0132,0.4166
CLUBS FIVE CLUBS TWO,0.5816,0.012,0.4064
HEARTS KING DIAMONDS SEVEN,0.3514,0.0088,0.6398
SPADES QUEEN SPADES FIVE,0.203,0.4314,0.3656
DIAMONDS TWO CLUBS QUEEN,0.2676,0.5214,0.211
SPADES TWO CLUBS QUEEN,0.2838,0.5028,0.2134
DIAMONDS SIX DIAMONDS FIVE,0.537,0.0162,0.4468
HEARTS FIVE SPADES THREE,0.595,0.014,0.391
CLUBS SIX DIAMONDS KING,0.361,0.0064,0.6326
DIAMONDS THREE DIAMONDS EIGHT,0.5956,0.011,0.3934
SPADES QUEEN CLUBS TWO,0.2698,0.514,0.2162
CLUBS JACK HEARTS TEN,0.5326,0.0108,0.4566
DIAMONDS JACK HEARTS NINE,0.5488,0.0114,0.4398
SPADES ACE SPADES SIX,0.3438,0.0046,0.6516
SPADES NINE DIAMONDS ACE,0.3592,0.0062,0.6346
DIAMONDS JACK DIAMONDS EIGHT,0.5464,0.0142,0.4394
DIAMONDS THREE HEARTS SIX,0.6166,0.0166,0.3668
DIAMONDS THREE SPADES QUEEN,0.2706,0.512,0.2174
SPADES JACK HEARTS TEN,0.5478,0.0104,0.4418
SPADES EIGHT DIAMONDS SIX,0.5676,0.0132,0.4192
SPADES KING HEARTS TWO,0.4016,0.0094,0.589
DIAMONDS ACE SPADES TWO,0.3924,0.005,0.6026
DIAMONDS ACE DIAMONDS TEN,0.3298,0.0044,0.6658
HEARTS FOUR SPADES NINE,0.7188,0.0408,0.2404
CLUBS THREE HEARTS ACE,0.3794,0.0054,0.6152
HEARTS SIX SPADES JACK,0.6132,0.0118,0.375
CLUBS FOUR DIAMONDS NINE,0.707,0.0412,0.2518
HEARTS THREE DIAMONDS TEN,0.6256,0.0134,0.361
SPADES TEN DIAMONDS EIGHT,0.5542,0.0122,0.4336
CLUBS FOUR SPADES THREE,0.6884,0.0404,0.2712
HEARTS SIX HEARTS THREE,0.588,0.0152,0.3968
CLUBS EIGHT DIAMONDS SEVEN,0.5542,0.0124,0.4334
SPADES NINE DIAMONDS EIGHT,0.5338,0.0112,0.455
HEARTS SEVEN CLUBS KING,0.3668,0.007,0.6262
CLUBS FOUR CLUBS THREE,0.643,0.0462,0.3108
SPADES NINE SPADES SIX,0.5416,0.008,0.4504
SPADES THREE HEARTS NINE,0.6174,0.013,0.3696
DIAMONDS JACK SPADES TWO,0.628,0.0116,0.3604
DIAMONDS THREE HEARTS THREE,0.423,0.0352,0.5418
CLUBS SEVEN DIAMONDS NINE,0.5472,0.0112,0.4416
DIAMONDS THREE HEARTS NINE,0.626,0.0156,0.3584
HEARTS FIVE SPADES FOUR,0.6618,0.049,0.2892
SPADES QUEEN HEARTS ACE,0.217,0.0198,0.7632
SPADES SEVEN SPADES FIVE,0.5368,0.0136,0.4496
CLUBS SIX DIAMONDS SEVEN,0.5516,0.0132,0.4352
HEARTS ACE HEARTS EIGHT,0.3524,0.0042,0.6434
SPADES JACK HEARTS THREE,0.6286,0.0126,0.3588
DIAMONDS KING CLUBS ACE,0.3214,0.0022,0.6764
CLUBS TEN HEARTS FOUR,0.7292,0.0426,0.2282
SPADES KING HEARTS SIX,0.3744,0.0062,0.6194
CLUBS FOUR SPADES SIX,0.678,0.0414,0.2806
SPADES ACE SPADES SEVEN,0.3384,0.003,0.6586
SPADES THREE DIAMONDS SIX,0.6024,0.0132,0.3844
CLUBS NINE HEARTS NINE,0.2978,0.0188,0.6834
HEARTS TWO HEARTS NINE,0.5984,0.0132,0.3884
CLUBS NINE DIAMONDS SEVEN,0.5642,0.009,0.4268
CLUBS SEVEN CLUBS ACE,0.3324,0.0052,0.6624
CLUBS SEVEN SPADES SEVEN,0.3132,0.0204,0.6664
DIAMONDS THREE SPADES TEN,0.64,0.0128,0.3472
CLUBS FIVE SPADES SEVEN,0.5726,0.0142,0.4132
SPADES NINE CLUBS FOUR,0.7194,0.0396,0.241
SPADES ACE CLUBS JACK,0.3502,0.0044,0.6454
SPADES NINE SPADES THREE,0.5768,0.0142,0.409
DIAMONDS EIGHT DIAMONDS SEVEN,0.526,0.0128,0.4612
CLUBS SEVEN HEARTS THREE,0.6316,0.0142,0.3542
SPADES FIVE SPADES TWO,0.5826,0.0136,0.4038
CLUBS SIX CLUBS QUEEN,0.2082,0.3518,0.44
CLUBS TWO DIAMONDS EIGHT,0.6338,0.0116,0.3546
CLUBS FOUR DIAMONDS JACK,0.708,0.0522,0.2398
HEARTS SIX CLUBS EIGHT,0.5606,0.0152,0.4242
HEARTS ACE DIAMONDS NINE,0.3464,0.0048,0.6488
CLUBS TEN DIAMONDS KING,0.343,0.0062,0.6508
CLUBS SEVEN HEARTS KING,0.372,0.0066,0.6214
SPADES TEN SPADES SEVEN,0.5426,0.0106,0.4468
HEARTS FIVE SPADES NINE,0.5942,0.013,0.3928
CLUBS FOUR HEARTS JACK,0.7192,0.0496,0.2312
CLUBS EIGHT CLUBS SIX,0.5228,0.009,0.4682
SPADES FIVE DIAMONDS EIGHT,0.5662,0.014,0.4198
CLUBS EIGHT CLUBS ACE,0.3366,0.0038,0.6596
HEARTS SIX DIAMONDS KING,0.3576,0.0084,0.634
HEARTS FOUR SPADES SEVEN,0.7018,0.0456,0.2526
CLUBS TWO CLUBS KING,0.3706,0.0072,0.6222
CLUBS TEN CLUBS KING,0.325,0.0074,0.6676
DIAMONDS TEN SPADES THREE,0.6266,0.013,0.3604
SPADES KING SPADES NINE,0.3216,0.0064,0.672
HEARTS SIX SPADES TWO,0.6276,0.0168,0.3556
HEARTS TWO SPADES FOUR,0.6922,0.0518,0.256
CLUBS FOUR HEARTS ACE,0.231,0.0244,0.7446
DIAMONDS THREE DIAMONDS NINE,0.6014,0.0128,0.3858
SPADES FIVE DIAMONDS SEVEN,0.5778,0.012,0.4102
HEARTS SEVEN DIAMONDS KING,0.3536,0.0094,0.637
HEARTS FIVE CLUBS SIX,0.5584,0.0142,0.4274
SPADES ACE SPADES THREE,0.3558,0.0054,0.6388
CLUBS JACK HEARTS NINE,0.557,0.0118,0.4312
DIAMONDS TEN DIAMONDS SIX,0.558,0.0124,0.4296
CLUBS EIGHT SPADES THREE,0.6276,0.0144,0.358
SPADES EIGHT DIAMONDS JACK,0.5534,0.0082,0.4384
SPADES TWO DIAMONDS FIVE,0.6172,0.0148,0.368
HEARTS SEVEN SPADES THREE,0.6234,0.0158,0.3608
CLUBS NINE CLUBS KING,0.3398,0.007,0.6532
CLUBS NINE CLUBS TWO,0.5798,0.015,0.4052
SPADES ACE HEARTS TWO,0.3866,0.0054,0.608
HEARTS FOUR SPADES FOUR,0.3094,0.0336,0.657
HEARTS SIX CLUBS FOUR,0.6914,0.0428,0.2658
SPADES NINE HEARTS EIGHT,0.5486,0.0112,0.4402
SPADES TEN HEARTS TWO,0.6236,0.012,0.3644
HEARTS SIX DIAMONDS ACE,0.3584,0.0042,0.6374
CLUBS JACK DIAMONDS NINE,0.549,0.0144,0.4366
HEARTS ACE HEARTS TEN,0.3226,0.0042,0.6732
SPADES KING CLUBS FIVE,0.3562,0.0082,0.6356
CLUBS NINE DIAMONDS KING,0.3606,0.0058,0.6336
CLUBS FIVE HEARTS JACK,0.6098,0.0106,0.3796
HEARTS SEVEN SPADES KING,0.3614,0.0078,0.6308
SPADES NINE DIAMONDS SIX,0.5678,0.0114,0.4208
SPADES EIGHT DIAMONDS SEVEN,0.553,0.0114,0.4356
SPADES SEVEN DIAMONDS NINE,0.5568,0.01,0.4332
DIAMONDS TWO SPADES SEVEN,0.635,0.0152,0.3498
HEARTS SEVEN HEARTS TWO,0.6162,0.0118,0.372
CLUBS SIX CLUBS FIVE,0.5224,0.013,0.4646
SPADES ACE SPADES FOUR,0.2276,0.0224,0.75
CLUBS NINE SPADES NINE,0.2954,0.017,0.6876
SPADES NINE CLUBS TWO,0.6254,0.0128,0.3618
HEARTS SIX SPADES FOUR,0.6814,0.039,0.2796
DIAMONDS ACE SPADES THREE,0.3832,0.0058,0.611
DIAMONDS JACK SPADES THREE,0.6338,0.0126,0.3536
SPADES SEVEN SPADES THREE,0.5754,0.0122,0.4124
HEARTS SEVEN HEARTS SIX,0.5424,0.013,0.4446
SPADES KING SPADES JACK,0.3008,0.0072,0.692
CLUBS JACK CLUBS THREE,0.5792,0.009,0.4118
DIAMONDS TWO DIAMONDS SEVEN,0.6082,0.0148,0.377
CLUBS SIX CLUBS ACE,0.3252,0.0026,0.6722
HEARTS KING CLUBS ACE,0.3204,0.0048,0.6748
DIAMONDS TWO HEARTS TEN,0.647,0.0104,0.3426
CLUBS QUEEN HEARTS EIGHT,0.2308,0.2214,0.5478
SPADES TEN HEARTS EIGHT,0.556,0.013,0.431
HEARTS SIX CLUBS SEVEN,0.5612,0.012,0.4268
SPADES FIVE HEARTS TEN,0.6006,0.0122,0.3872
HEARTS JACK DIAMONDS SEVEN,0.5852,0.0132,0.4016
SPADES TEN CLUBS TWO,0.624,0.012,0.364
SPADES FOUR SPADES THREE,0.6406,0.0482,0.3112
SPADES TEN HEARTS NINE,0.5376,0.0102,0.4522
SPADES QUEEN HEARTS FIVE,0.2282,0.4592,0.3126
HEARTS SIX DIAMONDS SIX,0.3106,0.0272,0.6622
DIAMONDS JACK CLUBS KING,0.3466,0.007,0.6464
HEARTS SEVEN DIAMONDS QUEEN,0.2242,0.2998,0.476
SPADES ACE HEARTS ACE,0.1124,0.0054,0.8822
CLUBS TEN SPADES JACK,0.5416,0.0098,0.4486
SPADES JACK DIAMONDS SEVEN,0.5796,0.0122,0.4082
HEARTS FOUR DIAMONDS SIX,0.6838,0.0376,0.2786
CLUBS THREE CLUBS TWO,0.6028,0.014,0.3832
SPADES KING HEARTS FOUR,0.232,0.039,0.729
DIAMONDS THREE HEARTS FOUR,0.6954,0.0468,0.2578
SPADES ACE HEARTS THREE,0.374,0.0048,0.6212
HEARTS ACE HEARTS KING,0.3094,0.0046,0.686
HEARTS THREE CLUBS THREE,0.4266,0.0356,0.5378
DIAMONDS TEN DIAMONDS SEVEN,0.5522,0.0118,0.436
CLUBS FIVE DIAMONDS NINE,0.5872,0.01,0.4028
SPADES KING SPADES SIX,0.3368,0.006,0.6572
SPADES ACE SPADES EIGHT,0.3338,0.0042,0.662
HEARTS FIVE CLUBS QUEEN,0.219,0.4604,0.3206
DIAMONDS ACE DIAMONDS QUEEN,0.2128,0.0188,0.7684
SPADES JACK SPADES NINE,0.511,0.01,0.479
CLUBS NINE DIAMONDS EIGHT,0.5448,0.01,0.4452
CLUBS JACK DIAMONDS SEVEN,0.5846,0.0112,0.4042
CLUBS SIX DIAMONDS QUEEN,0.2108,0.3832,0.406
CLUBS TEN HEARTS ACE,0.3424,0.005,0.6526
CLUBS JACK CLUBS KING,0.319,0.0086,0.6724
CLUBS SEVEN HEARTS EIGHT,0.5592,0.0102,0.4306
SPADES ACE SPADES KING,0.2996,0.0062,0.6942
CLUBS EIGHT SPADES SEVEN,0.5502,0.0138,0.436
CLUBS NINE HEARTS TEN,0.5428,0.0108,0.4464
SPADES ACE SPADES NINE,0.33,0.004,0.666
HEARTS SEVEN CLUBS ACE,0.365,0.0026,0.6324
CLUBS NINE SPADES TWO,0.6142,0.0092,0.3766
CLUBS TEN DIAMONDS JACK,0.5332,0.0106,0.4562
HEARTS FOUR CLUBS QUEEN,0.0198,0.9712,0.009
SPADES ACE CLUBS KING,0.3278,0.0044,0.6678
DIAMONDS TEN DIAMONDS FIVE,0.5678,0.0142,0.418
DIAMONDS THREE CLUBS THREE,0.423,0.034,0.543
DIAMONDS ACE DIAMONDS SIX,0.3406,0.0048,0.6546
SPADES SEVEN DIAMONDS SEVEN,0.3136,0.0254,0.661
CLUBS THREE SPADES THREE,0.416,0.0338,0.5502
HEARTS SEVEN DIAMONDS THREE,0.6248,0.0144,0.3608
SPADES ACE DIAMONDS FIVE,0.3432,0.0056,0.6512
SPADES THREE CLUBS QUEEN,0.2718,0.5124,0.2158
SPADES TWO DIAMONDS SEVEN,0.6336,0.0134,0.353
CLUBS TEN SPADES NINE,0.5316,0.0098,0.4586
HEARTS FIVE DIAMONDS KING,0.3422,0.0068,0.651
HEARTS SEVEN DIAMONDS TWO,0.6414,0.0146,0.344
SPADES TEN CLUBS SEVEN,0.571,0.013,0.416
DIAMONDS TWO HEARTS ACE,0.3806,0.005,0.6144
SPADES SIX HEARTS KING,0.3634,0.006,0.6306
HEARTS TEN DIAMONDS FIVE,0.5948,0.0124,0.3928
SPADES JACK SPADES FIVE,0.5678,0.0092,0.423
SPADES FIVE CLUBS QUEEN,0.2312,0.455,0.3138
HEARTS KING DIAMONDS SIX,0.3474,0.0098,0.6428
DIAMONDS THREE SPADES JACK,0.6424,0.0122,0.3454
CLUBS THREE DIAMONDS NINE,0.6088,0.0156,0.3756
DIAMONDS KING DIAMONDS EIGHT,0.3528,0.008,0.6392
CLUBS ACE CLUBS KING,0.303,0.0044,0.6926
CLUBS FIVE DIAMONDS ACE,0.3484,0.0056,0.646
CLUBS JACK SPADES TEN,0.5368,0.0082,0.455
CLUBS JACK CLUBS FIVE,0.5548,0.0106,0.4346
HEARTS THREE SPADES THREE,0.4176,0.0384,0.544
HEARTS TEN CLUBS QUEEN,0.2338,0.1126,0.6536
CLUBS EIGHT DIAMONDS QUEEN,0.2382,0.2206,0.5412
CLUBS FIVE HEARTS EIGHT,0.5704,0.0134,0.4162
CLUBS TEN SPADES FOUR,0.7078,0.0458,0.2464
DIAMONDS THREE DIAMONDS TEN,0.5912,0.0106,0.3982
SPADES TEN DIAMONDS ACE,0.3486,0.0044,0.647
SPADES SEVEN CLUBS TWO,0.6376,0.0132,0.3492
SPADES SEVEN DIAMONDS EIGHT,0.5542,0.0118,0.434
DIAMONDS KING CLUBS KING,0.1422,0.0062,0.8516
CLUBS THREE HEARTS KING,0.3926,0.0092,0.5982
CLUBS EIGHT HEARTS THREE,0.6228,0.0154,0.3618
SPADES JACK SPADES EIGHT,0.523,0.0128,0.4642
CLUBS TEN SPADES QUEEN,0.232,0.1214,0.6466
HEARTS FIVE HEARTS TWO,0.5826,0.014,0.4034
CLUBS FIVE DIAMONDS FIVE,0.3134,0.036,0.6506
SPADES KING CLUBS EIGHT,0.367,0.0064,0.6266
DIAMONDS ACE SPADES SEVEN,0.36,0.0028,0.6372
SPADES SIX SPADES FIVE,0.5308,0.0116,0.4576
HEARTS FIVE CLUBS SEVEN,0.5876,0.0126,0.3998
SPADES QUEEN HEARTS THREE,0.27,0.518,0.212
SPADES JACK CLUBS THREE,0.6292,0.009,0.3618
HEARTS FIVE SPADES SIX,0.5716,0.013,0.4154
SPADES SEVEN CLUBS THREE,0.6168,0.014,0.3692
HEARTS SIX HEARTS FOUR,0.662,0.0408,0.2972
HEARTS TWO CLUBS THREE,0.6446,0.015,0.3404
HEARTS SEVEN CLUBS THREE,0.6392,0.0146,0.3462
CLUBS JACK SPADES QUEEN,0.2332,0.0942,0.6726
HEARTS FIVE SPADES TEN,0.6004,0.01,0.3896
CLUBS THREE CLUBS ACE,0.3484,0.0038,0.6478
CLUBS THREE CLUBS KING,0.3652,0.009,0.6258
CLUBS SEVEN CLUBS TWO,0.5948,0.0132,0.392
CLUBS FIVE CLUBS KING,0.3278,0.007,0.6652
DIAMONDS THREE SPADES TWO,0.6414,0.0176,0.341
HEARTS SEVEN SPADES JACK,0.5868,0.0126,0.4006
HEARTS FIVE DIAMONDS FIVE,0.3078,0.035,0.6572
SPADES THREE CLUBS ACE,0.3796,0.003,0.6174
HEARTS FIVE SPADES TWO,0.615,0.0144,0.3706
CLUBS FIVE SPADES FIVE,0.3294,0.0328,0.6378
HEARTS KING CLUBS QUEEN,0.2294,0.032,0.7386
DIAMONDS TWO CLUBS NINE,0.625,0.0152,0.3598
DIAMONDS TWO CLUBS THREE,0.6398,0.016,0.3442
SPADES SEVEN DIAMONDS JACK,0.5824,0.011,0.4066
SPADES TEN DIAMONDS SIX,0.585,0.01,0.405
HEARTS FOUR CLUBS FIVE,0.6632,0.0504,0.2864
SPADES EIGHT DIAMONDS QUEEN,0.2336,0.2224,0.544
SPADES FIVE CLUBS ACE,0.3414,0.005,0.6536
DIAMONDS ACE CLUBS THREE,0.3658,0.0054,0.6288
DIAMONDS ACE HEARTS JACK,0.34,0.0046,0.6554
DIAMONDS JACK HEARTS KING,0.3434,0.0098,0.6468
HEARTS THREE SPADES SIX,0.6254,0.0146,0.36
SPADES NINE HEARTS ACE,0.3536,0.0064,0.64
HEARTS SEVEN SPADES FOUR,0.6974,0.039,0.2636
HEARTS FIVE CLUBS EIGHT,0.5804,0.0122,0.4074
HEARTS THREE CLUBS FIVE,0.606,0.0132,0.3808
DIAMONDS JACK HEARTS JACK,0.2808,0.0122,0.707
HEARTS SEVEN CLUBS QUEEN,0.2376,0.3008,0.4616
CLUBS FOUR DIAMONDS SIX,0.6852,0.0376,0.2772
HEARTS THREE DIAMONDS ACE,0.3716,0.0068,0.6216
CLUBS NINE HEARTS KING,0.3366,0.0078,0.6556
DIAMONDS THREE CLUBS SIX,0.6196,0.013,0.3674
CLUBS ACE DIAMONDS FIVE,0.3396,0.0066,0.6538
CLUBS JACK HEARTS THREE,0.6314,0.0144,0.3542
