opposingHand,winningChance,drawChance,lostChance
DIAMONDS TWO HEARTS QUEEN
HEARTS ACE DIAMONDS NINE,0.3518,0.006,0.6422
DIAMONDS THREE DIAMONDS SEVEN,0.552,0.0112,0.4368
SPADES KING DIAMONDS NINE,0.3512,0.007,0.6418
CLUBS SEVEN SPADES FIVE,0.5554,0.0158,0.4288
SPADES QUEEN HEARTS JACK,0.2348,0.0922,0.673
SPADES SIX HEARTS KING,0.3476,0.0062,0.6462
HEARTS THREE DIAMONDS EIGHT,0.6116,0.0158,0.3726
SPADES THREE HEARTS NINE,0.5916,0.013,0.3954
SPADES FIVE CLUBS TWO,0.688,0.0368,0.2752
CLUBS SIX SPADES TWO,0.7062,0.0338,0.26
CLUBS TEN HEARTS FOUR,0.58,0.0144,0.4056
HEARTS KING DIAMONDS SEVEN,0.349,0.0074,0.6436
SPADES QUEEN CLUBS TWO,0.0226,0.9538,0.0236
CLUBS NINE HEARTS KING,0.3288,0.0088,0.6624
SPADES FOUR DIAMONDS NINE,0.5788,0.0156,0.4056
DIAMONDS ACE HEARTS KING,0.3,0.0076,0.6924
CLUBS TEN CLUBS FIVE,0.5594,0.0128,0.4278
SPADES TEN SPADES NINE,0.5054,0.0104,0.4842
CLUBS FIVE DIAMONDS EIGHT,0.5614,0.0132,0.4254
CLUBS NINE SPADES NINE,0.3012,0.0176,0.6812
HEARTS NINE DIAMONDS FIVE,0.5896,0.0104,0.4
SPADES ACE SPADES NINE,0.3348,0.0066,0.6586
HEARTS TWO SPADES FOUR,0.7018,0.042,0.2562
SPADES KING HEARTS FOUR,0.3588,0.0074,0.6338
SPADES ACE CLUBS NINE,0.354,0.0042,0.6418
DIAMONDS THREE SPADES TWO,0.6998,0.0338,0.2664
DIAMONDS QUEEN DIAMONDS SEVEN,0.212,0.298,0.49
SPADES EIGHT DIAMONDS QUEEN,0.22,0.229,0.551
SPADES FIVE CLUBS ACE,0.3604,0.0048,0.6348
SPADES TEN SPADES TWO,0.6644,0.0404,0.2952
CLUBS KING HEARTS EIGHT,0.3476,0.008,0.6444
HEARTS SEVEN HEARTS ACE,0.3264,0.0066,0.667
SPADES EIGHT SPADES THREE,0.5478,0.012,0.4402
SPADES QUEEN HEARTS FIVE,0.2226,0.4642,0.3132
CLUBS FIVE HEARTS ACE,0.3398,0.0048,0.6554
SPADES TWO CLUBS ACE,0.2368,0.0144,0.7488
HEARTS KING HEARTS JACK,0.3164,0.0086,0.675
HEARTS SEVEN DIAMONDS FIVE,0.5642,0.0108,0.425
DIAMONDS FOUR SPADES SIX,0.556,0.0148,0.4292
CLUBS SEVEN DIAMONDS FIVE,0.5416,0.014,0.4444
CLUBS THREE HEARTS JACK,0.5902,0.014,0.3958
HEARTS SEVEN DIAMONDS EIGHT,0.5504,0.0128,0.4368
SPADES JACK DIAMONDS NINE,0.5492,0.0104,0.4404
HEARTS FOUR SPADES THREE,0.5826,0.0158,0.4016
HEARTS THREE HEARTS NINE,0.577,0.0138,0.4092
SPADES TEN SPADES THREE,0.5582,0.0118,0.43
HEARTS SEVEN CLUBS FOUR,0.5712,0.0158,0.413
CLUBS FIVE HEARTS EIGHT,0.5706,0.0158,0.4136
HEARTS THREE CLUBS THREE,0.3252,0.0424,0.6324
DIAMONDS KING CLUBS THREE,0.3516,0.0094,0.639
SPADES KING SPADES FOUR,0.3244,0.0098,0.6658
CLUBS SEVEN CLUBS QUEEN,0.2142,0.2714,0.5144
DIAMONDS KING CLUBS ACE,0.31,0.0046,0.6854
HEARTS SEVEN CLUBS NINE,0.5544,0.013,0.4326
HEARTS THREE SPADES THREE,0.3328,0.0394,0.6278
SPADES KING CLUBS THREE,0.349,0.0076,0.6434
CLUBS FOUR SPADES SIX,0.5624,0.0124,0.4252
SPADES TEN SPADES SEVEN,0.5244,0.0112,0.4644
HEARTS SEVEN CLUBS THREE,0.595,0.0138,0.3912
DIAMONDS THREE CLUBS FIVE,0.5604,0.0132,0.4264
CLUBS SEVEN SPADES FOUR,0.5802,0.0122,0.4076
SPADES SEVEN DIAMONDS JACK,0.5712,0.0114,0.4174
SPADES TEN CLUBS SEVEN,0.5564,0.0126,0.431
SPADES ACE HEARTS NINE,0.3564,0.0038,0.6398
DIAMONDS QUEEN CLUBS KING,0.2194,0.0286,0.752
CLUBS SIX HEARTS TWO,0.7168,0.0362,0.247
SPADES SIX SPADES FIVE,0.5142,0.0136,0.4722
HEARTS SEVEN HEARTS TWO,0.691,0.0314,0.2776
CLUBS JACK SPADES NINE,0.5498,0.0082,0.442
SPADES THREE HEARTS KING,0.3422,0.0084,0.6494
CLUBS TEN SPADES EIGHT,0.5618,0.0084,0.4298
DIAMONDS FOUR SPADES NINE,0.585,0.015,0.4
SPADES ACE SPADES FIVE,0.3392,0.0052,0.6556
CLUBS SEVEN HEARTS THREE,0.5872,0.014,0.3988
SPADES JACK SPADES SEVEN,0.54,0.0108,0.4492
HEARTS SEVEN SPADES SEVEN,0.3208,0.0296,0.6496
DIAMONDS QUEEN HEARTS KING,0.2082,0.032,0.7598
SPADES EIGHT DIAMONDS SIX,0.533,0.0128,0.4542
SPADES JACK HEARTS EIGHT,0.554,0.011,0.435
SPADES EIGHT CLUBS ACE,0.3536,0.005,0.6414
SPADES SEVEN CLUBS THREE,0.5976,0.0128,0.3896
DIAMONDS THREE CLUBS QUEEN,0.2062,0.5178,0.276
CLUBS SEVEN DIAMONDS KING,0.342,0.0064,0.6516
DIAMONDS FOUR DIAMONDS TEN,0.5612,0.0136,0.4252
HEARTS FOUR CLUBS THREE,0.58,0.0148,0.4052
DIAMONDS FOUR DIAMONDS EIGHT,0.561,0.0134,0.4256
CLUBS SEVEN DIAMONDS EIGHT,0.5398,0.0108,0.4494
CLUBS FOUR DIAMONDS JACK,0.61,0.0102,0.3798
SPADES NINE DIAMONDS NINE,0.28,0.0204,0.6996
SPADES JACK SPADES NINE,0.5174,0.0118,0.4708
CLUBS NINE DIAMONDS SIX,0.5548,0.009,0.4362
CLUBS JACK SPADES QUEEN,0.2368,0.091,0.6722
CLUBS EIGHT HEARTS EIGHT,0.3114,0.021,0.6676
CLUBS THREE DIAMONDS TEN,0.5872,0.0108,0.402
HEARTS FOUR HEARTS NINE,0.5734,0.0104,0.4162
HEARTS SEVEN HEARTS KING,0.3342,0.0072,0.6586
CLUBS TEN SPADES SIX,0.5826,0.0118,0.4056
DIAMONDS KING DIAMONDS SIX,0.3412,0.007,0.6518
SPADES SIX DIAMONDS SEVEN,0.545,0.012,0.443
SPADES SEVEN DIAMONDS QUEEN,0.2166,0.3008,0.4826
CLUBS FIVE DIAMONDS SEVEN,0.552,0.0138,0.4342
SPADES JACK DIAMONDS EIGHT,0.5562,0.0132,0.4306
SPADES KING CLUBS KING,0.1182,0.0052,0.8766
CLUBS TEN DIAMONDS TEN,0.281,0.0174,0.7016
DIAMONDS TEN CLUBS ACE,0.3378,0.0058,0.6564
HEARTS FIVE HEARTS EIGHT,0.565,0.012,0.423
SPADES SIX DIAMONDS SIX,0.3098,0.027,0.6632
SPADES EIGHT SPADES FOUR,0.5514,0.0102,0.4384
DIAMONDS KING SPADES FIVE,0.3556,0.0074,0.637
CLUBS ACE DIAMONDS SIX,0.3658,0.0038,0.6304
HEARTS THREE CLUBS KING,0.351,0.0092,0.6398
HEARTS THREE DIAMONDS SEVEN,0.583,0.015,0.402
CLUBS FIVE SPADES FOUR,0.5432,0.016,0.4408
HEARTS SEVEN HEARTS NINE,0.526,0.0114,0.4626
SPADES THREE HEARTS TEN,0.5988,0.012,0.3892
SPADES FOUR DIAMONDS TEN,0.5848,0.0114,0.4038
HEARTS SIX DIAMONDS SEVEN,0.5372,0.0116,0.4512
CLUBS NINE HEARTS EIGHT,0.5354,0.0148,0.4498
DIAMONDS KING DIAMONDS JACK,0.316,0.0076,0.6764
HEARTS FOUR DIAMONDS SIX,0.5666,0.0148,0.4186
SPADES KING HEARTS KING,0.123,0.0048,0.8722
SPADES ACE DIAMONDS EIGHT,0.3564,0.0052,0.6384
CLUBS THREE CLUBS KING,0.3416,0.007,0.6514
CLUBS FOUR CLUBS QUEEN,0.208,0.4808,0.3112
DIAMONDS THREE DIAMONDS TEN,0.5728,0.0124,0.4148
HEARTS TWO HEARTS TEN,0.688,0.0388,0.2732
HEARTS THREE DIAMONDS SIX,0.5852,0.0122,0.4026
HEARTS FOUR CLUBS TWO,0.7084,0.0404,0.2512
HEARTS SEVEN DIAMONDS NINE,0.5558,0.0114,0.4328
DIAMONDS THREE HEARTS THREE,0.3226,0.0386,0.6388
DIAMONDS THREE SPADES NINE,0.5714,0.0156,0.413
SPADES TWO HEARTS JACK,0.7208,0.0392,0.24
CLUBS FIVE SPADES TWO,0.6912,0.0384,0.2704
SPADES ACE CLUBS THREE,0.3436,0.0048,0.6516
CLUBS NINE CLUBS TWO,0.6824,0.0392,0.2784
HEARTS FOUR SPADES SEVEN,0.5872,0.0144,0.3984
DIAMONDS KING DIAMONDS NINE,0.3404,0.0082,0.6514
SPADES TEN CLUBS QUEEN,0.227,0.117,0.656
SPADES TEN SPADES EIGHT,0.5162,0.012,0.4718
CLUBS FIVE DIAMONDS TEN,0.5884,0.0134,0.3982
HEARTS SEVEN DIAMONDS TEN,0.5632,0.0112,0.4256
HEARTS SIX DIAMONDS ACE,0.3602,0.0066,0.6332
SPADES KING SPADES QUEEN,0.2174,0.0282,0.7544
SPADES TWO HEARTS EIGHT,0.7308,0.0408,0.2284
DIAMONDS THREE HEARTS ACE,0.3416,0.005,0.6534
SPADES KING HEARTS EIGHT,0.3684,0.0066,0.625
CLUBS NINE SPADES EIGHT,0.539,0.01,0.451
SPADES TWO DIAMONDS SIX,0.719,0.035,0.246
DIAMONDS FOUR CLUBS THREE,0.561,0.0152,0.4238
CLUBS JACK HEARTS JACK,0.2736,0.0132,0.7132
CLUBS JACK DIAMONDS JACK,0.2696,0.0114,0.719
SPADES KING SPADES SIX,0.3412,0.0072,0.6516
SPADES NINE HEARTS EIGHT,0.5374,0.0104,0.4522
CLUBS ACE DIAMONDS FIVE,0.3534,0.0056,0.641
HEARTS SIX HEARTS TEN,0.5426,0.0118,0.4456
HEARTS THREE SPADES EIGHT,0.5928,0.0142,0.393
HEARTS TWO DIAMONDS ACE,0.2432,0.018,0.7388
CLUBS FOUR HEARTS ACE,0.3392,0.0054,0.6554
SPADES QUEEN CLUBS EIGHT,0.2212,0.2194,0.5594
HEARTS THREE CLUBS QUEEN,0.2316,0.5146,0.2538
SPADES EIGHT HEARTS JACK,0.572,0.0098,0.4182
HEARTS TEN DIAMONDS SEVEN,0.5778,0.0116,0.4106
DIAMONDS TEN DIAMONDS SIX,0.5516,0.0108,0.4376
SPADES QUEEN CLUBS THREE,0.2232,0.5072,0.2696
CLUBS SIX DIAMONDS FIVE,0.5588,0.0164,0.4248
CLUBS NINE SPADES TWO,0.7278,0.0338,0.2384
HEARTS SIX CLUBS SEVEN,0.5484,0.0142,0.4374
DIAMONDS FOUR CLUBS SEVEN,0.5742,0.0138,0.412
CLUBS SEVEN CLUBS SIX,0.5232,0.0122,0.4646
DIAMONDS QUEEN DIAMONDS EIGHT,0.2124,0.2146,0.573
CLUBS FIVE DIAMONDS NINE,0.5694,0.0118,0.4188
DIAMONDS FOUR SPADES FOUR,0.3222,0.033,0.6448
DIAMONDS KING HEARTS ACE,0.3046,0.0058,0.6896
HEARTS SIX HEARTS NINE,0.5408,0.0132,0.446
CLUBS JACK DIAMONDS FOUR,0.589,0.0136,0.3974
HEARTS TEN DIAMONDS SIX,0.5712,0.014,0.4148
HEARTS TWO CLUBS TWO,0.295,0.028,0.677
CLUBS SIX DIAMONDS SEVEN,0.5382,0.015,0.4468
SPADES QUEEN DIAMONDS QUEEN,0.0728,0.0266,0.9006
SPADES JACK SPADES FIVE,0.5472,0.011,0.4418
SPADES TEN HEARTS TEN,0.2864,0.0152,0.6984
DIAMONDS THREE CLUBS ACE,0.3492,0.0044,0.6464
SPADES KING CLUBS TEN,0.334,0.0076,0.6584
DIAMONDS SIX CLUBS QUEEN,0.2182,0.38,0.4018
SPADES JACK CLUBS EIGHT,0.569,0.0102,0.4208
CLUBS TEN CLUBS FOUR,0.5514,0.0116,0.437
HEARTS FOUR DIAMONDS KING,0.3438,0.0078,0.6484
HEARTS SIX CLUBS ACE,0.3602,0.0042,0.6356
CLUBS JACK HEARTS ACE,0.3504,0.0038,0.6458
HEARTS FOUR HEARTS TEN,0.5666,0.0138,0.4196
DIAMONDS KING SPADES FOUR,0.3452,0.0082,0.6466
CLUBS FOUR CLUBS KING,0.339,0.0088,0.6522
SPADES ACE HEARTS TEN,0.351,0.0052,0.6438
HEARTS SEVEN DIAMONDS SIX,0.5436,0.0112,0.4452
CLUBS THREE DIAMONDS SEVEN,0.5796,0.0128,0.4076
SPADES TEN CLUBS THREE,0.5934,0.0128,0.3938
HEARTS JACK CLUBS ACE,0.3368,0.0062,0.657
HEARTS THREE CLUBS ACE,0.3478,0.0068,0.6454
CLUBS JACK SPADES TEN,0.5474,0.01,0.4426
CLUBS FOUR SPADES FOUR,0.3258,0.0304,0.6438
DIAMONDS FOUR CLUBS SIX,0.573,0.0128,0.4142
DIAMONDS FOUR HEARTS FIVE,0.5592,0.0134,0.4274
SPADES ACE CLUBS KING,0.318,0.0036,0.6784
DIAMONDS ACE HEARTS JACK,0.3476,0.0056,0.6468
SPADES FIVE CLUBS QUEEN,0.2084,0.466,0.3256
CLUBS SEVEN DIAMONDS SEVEN,0.3124,0.0224,0.6652
HEARTS SEVEN HEARTS THREE,0.5618,0.0144,0.4238
HEARTS TWO SPADES EIGHT,0.7168,0.0414,0.2418
HEARTS FOUR CLUBS SEVEN,0.5688,0.013,0.4182
HEARTS SEVEN SPADES TEN,0.5684,0.0132,0.4184
CLUBS SIX HEARTS JACK,0.5938,0.01,0.3962
HEARTS SEVEN DIAMONDS KING,0.3442,0.0094,0.6464
SPADES NINE DIAMONDS EIGHT,0.5428,0.0144,0.4428
SPADES KING HEARTS FIVE,0.3538,0.0084,0.6378
DIAMONDS KING DIAMONDS QUEEN,0.2164,0.0304,0.7532
DIAMONDS THREE SPADES SIX,0.5658,0.0132,0.421
SPADES JACK DIAMONDS TEN,0.5354,0.0106,0.454
HEARTS FIVE CLUBS ACE,0.3538,0.0062,0.64
DIAMONDS JACK SPADES THREE,0.5816,0.0148,0.4036
CLUBS TEN CLUBS KING,0.3094,0.0062,0.6844
HEARTS TWO SPADES THREE,0.7088,0.0442,0.247
HEARTS ACE DIAMONDS EIGHT,0.35,0.0056,0.6444
HEARTS FOUR SPADES FOUR,0.3408,0.034,0.6252
DIAMONDS NINE SPADES TWO,0.7168,0.0406,0.2426
CLUBS JACK SPADES THREE,0.6072,0.0144,0.3784
CLUBS QUEEN HEARTS EIGHT,0.2234,0.229,0.5476
CLUBS EIGHT SPADES TEN,0.5472,0.0104,0.4424
SPADES FOUR SPADES TWO,0.648,0.0364,0.3156
CLUBS EIGHT DIAMONDS SEVEN,0.5492,0.0116,0.4392
DIAMONDS ACE SPADES TWO,0.2274,0.0182,0.7544
HEARTS THREE DIAMONDS TEN,0.6026,0.0142,0.3832
SPADES EIGHT SPADES SEVEN,0.525,0.0126,0.4624
DIAMONDS FOUR HEARTS EIGHT,0.5762,0.015,0.4088
SPADES KING HEARTS SIX,0.3728,0.0098,0.6174
CLUBS NINE CLUBS EIGHT,0.5114,0.0112,0.4774
SPADES NINE SPADES FOUR,0.5458,0.0146,0.4396
CLUBS NINE CLUBS THREE,0.5526,0.0138,0.4336
CLUBS JACK CLUBS FIVE,0.5378,0.0122,0.45
CLUBS JACK CLUBS SIX,0.5492,0.0106,0.4402
SPADES ACE DIAMONDS NINE,0.3498,0.0056,0.6446
SPADES TEN CLUBS ACE,0.3356,0.0038,0.6606
CLUBS EIGHT SPADES SIX,0.5662,0.0118,0.422
DIAMONDS FOUR DIAMONDS THREE,0.5396,0.0164,0.444
DIAMONDS FOUR CLUBS ACE,0.3484,0.0046,0.647
CLUBS EIGHT SPADES THREE,0.5964,0.014,0.3896
HEARTS SIX CLUBS QUEEN,0.229,0.3778,0.3932
SPADES JACK DIAMONDS KING,0.3408,0.0064,0.6528
CLUBS JACK DIAMONDS TEN,0.5244,0.0092,0.4664
HEARTS FIVE DIAMONDS KING,0.3616,0.0092,0.6292
HEARTS FIVE HEARTS THREE,0.5466,0.0148,0.4386
SPADES ACE SPADES KING,0.288,0.0048,0.7072
CLUBS ACE HEARTS NINE,0.3556,0.0044,0.64
SPADES QUEEN SPADES THREE,0.206,0.4868,0.3072
DIAMONDS FOUR SPADES EIGHT,0.581,0.0144,0.4046
SPADES THREE HEARTS EIGHT,0.598,0.0132,0.3888
CLUBS KING HEARTS NINE,0.3538,0.0076,0.6386
HEARTS THREE SPADES SIX,0.5806,0.0168,0.4026
CLUBS TWO SPADES FOUR,0.7054,0.0334,0.2612
CLUBS TEN DIAMONDS SIX,0.58,0.0154,0.4046
CLUBS FOUR CLUBS THREE,0.5382,0.0138,0.448
DIAMONDS THREE HEARTS NINE,0.5922,0.0148,0.393
SPADES JACK CLUBS QUEEN,0.2298,0.0928,0.6774
HEARTS SEVEN SPADES EIGHT,0.5522,0.0124,0.4354
SPADES KING CLUBS NINE,0.353,0.005,0.642
HEARTS JACK CLUBS QUEEN,0.2254,0.0896,0.685
HEARTS FIVE HEARTS TWO,0.6714,0.0384,0.2902
CLUBS FIVE DIAMONDS KING,0.3666,0.0092,0.6242
SPADES JACK SPADES THREE,0.55,0.0104,0.4396
SPADES JACK SPADES FOUR,0.5556,0.0108,0.4336
DIAMONDS ACE HEARTS TEN,0.3388,0.0044,0.6568
DIAMONDS EIGHT HEARTS TEN,0.5532,0.012,0.4348
HEARTS SEVEN HEARTS TEN,0.5206,0.0142,0.4652
DIAMONDS JACK CLUBS ACE,0.346,0.005,0.649
SPADES JACK CLUBS FOUR,0.5872,0.0126,0.4002
HEARTS SIX HEARTS JACK,0.5676,0.0106,0.4218
DIAMONDS THREE DIAMONDS FIVE,0.5354,0.018,0.4466
DIAMONDS TEN CLUBS QUEEN,0.2174,0.1138,0.6688
CLUBS FIVE SPADES SIX,0.5492,0.0138,0.437
DIAMONDS KING SPADES SIX,0.3526,0.0078,0.6396
HEARTS NINE HEARTS EIGHT,0.5036,0.0118,0.4846
DIAMONDS ACE DIAMONDS NINE,0.3452,0.0062,0.6486
DIAMONDS KING DIAMONDS TEN,0.3142,0.0092,0.6766
CLUBS FOUR HEARTS NINE,0.6028,0.012,0.3852
CLUBS JACK HEARTS TWO,0.7342,0.0352,0.2306
CLUBS TEN CLUBS SEVEN,0.5216,0.0122,0.4662
HEARTS SEVEN SPADES KING,0.361,0.008,0.631
SPADES SIX CLUBS ACE,0.3626,0.0042,0.6332
DIAMONDS JACK DIAMONDS FIVE,0.56,0.0154,0.4246
CLUBS JACK CLUBS THREE,0.5616,0.0106,0.4278
SPADES QUEEN HEARTS KING,0.2064,0.0338,0.7598
CLUBS SIX SPADES EIGHT,0.5582,0.0138,0.428
SPADES SIX DIAMONDS EIGHT,0.5534,0.0142,0.4324
SPADES ACE DIAMONDS THREE,0.3292,0.0062,0.6646
HEARTS ACE SPADES TWO,0.2344,0.0158,0.7498
HEARTS SEVEN HEARTS EIGHT,0.5316,0.014,0.4544
SPADES SEVEN CLUBS FOUR,0.5744,0.0136,0.412
CLUBS SIX DIAMONDS NINE,0.5714,0.0092,0.4194
DIAMONDS FOUR HEARTS FOUR,0.3274,0.036,0.6366
CLUBS JACK HEARTS FIVE,0.5926,0.0136,0.3938
SPADES EIGHT HEARTS KING,0.3496,0.0082,0.6422
HEARTS ACE DIAMONDS SIX,0.3472,0.0066,0.6462
CLUBS TEN HEARTS EIGHT,0.55,0.0118,0.4382
SPADES NINE CLUBS THREE,0.5782,0.0116,0.4102
SPADES TEN DIAMONDS KING,0.3328,0.007,0.6602
SPADES SIX HEARTS JACK,0.5972,0.0134,0.3894
SPADES NINE SPADES SIX,0.5178,0.0114,0.4708
CLUBS NINE DIAMONDS KING,0.3428,0.0084,0.6488
SPADES TEN HEARTS THREE,0.5998,0.0112,0.389
SPADES NINE SPADES SEVEN,0.5222,0.011,0.4668
SPADES THREE CLUBS QUEEN,0.2178,0.5202,0.262
CLUBS TWO HEARTS EIGHT,0.7162,0.0442,0.2396
CLUBS FOUR HEARTS EIGHT,0.5962,0.0134,0.3904
SPADES KING HEARTS NINE,0.3568,0.0078,0.6354
CLUBS SIX SPADES SEVEN,0.546,0.0116,0.4424
HEARTS SEVEN HEARTS SIX,0.5242,0.0128,0.463
HEARTS FIVE CLUBS SEVEN,0.558,0.0124,0.4296
HEARTS ACE HEARTS KING,0.2994,0.007,0.6936
DIAMONDS EIGHT HEARTS EIGHT,0.2946,0.0216,0.6838
HEARTS SEVEN SPADES SIX,0.5518,0.013,0.4352
SPADES SEVEN HEARTS NINE,0.5598,0.0124,0.4278
HEARTS SEVEN SPADES TWO,0.7306,0.0362,0.2332
CLUBS JACK DIAMONDS ACE,0.3448,0.0052,0.65
CLUBS SEVEN HEARTS KING,0.3598,0.0074,0.6328
DIAMONDS QUEEN HEARTS TEN,0.2116,0.1256,0.6628
HEARTS TWO DIAMONDS KING,0.2288,0.0334,0.7378
HEARTS ACE CLUBS KING,0.3056,0.004,0.6904
CLUBS JACK DIAMONDS SEVEN,0.5736,0.0092,0.4172
SPADES NINE HEARTS JACK,0.5672,0.009,0.4238
CLUBS JACK HEARTS SIX,0.5916,0.0138,0.3946
SPADES SIX SPADES FOUR,0.5272,0.0122,0.4606
DIAMONDS KING CLUBS QUEEN,0.2296,0.025,0.7454
SPADES SEVEN HEARTS JACK,0.5764,0.0126,0.411
DIAMONDS EIGHT CLUBS KING,0.3698,0.0058,0.6244
DIAMONDS THREE DIAMONDS EIGHT,0.5684,0.0148,0.4168
CLUBS EIGHT SPADES FIVE,0.5678,0.012,0.4202
DIAMONDS JACK DIAMONDS SIX,0.5646,0.0102,0.4252
CLUBS JACK HEARTS TEN,0.538,0.0118,0.4502
SPADES JACK SPADES EIGHT,0.5236,0.0138,0.4626
HEARTS SEVEN DIAMONDS THREE,0.5876,0.014,0.3984
HEARTS FIVE DIAMONDS FIVE,0.3064,0.039,0.6546
DIAMONDS FOUR SPADES TWO,0.7036,0.04,0.2564
CLUBS FIVE DIAMONDS FIVE,0.31,0.0304,0.6596
CLUBS SIX DIAMONDS JACK,0.5872,0.0112,0.4016
SPADES FIVE DIAMONDS NINE,0.573,0.0124,0.4146
CLUBS NINE SPADES TEN,0.5476,0.011,0.4414
SPADES ACE SPADES FOUR,0.3258,0.0044,0.6698
CLUBS SEVEN DIAMONDS JACK,0.572,0.0102,0.4178
CLUBS SIX DIAMONDS EIGHT,0.5482,0.012,0.4398
HEARTS FOUR CLUBS SIX,0.569,0.0138,0.4172
DIAMONDS KING HEARTS NINE,0.3384,0.0072,0.6544
DIAMONDS JACK HEARTS JACK,0.2724,0.0122,0.7154
SPADES TEN CLUBS FOUR,0.589,0.0138,0.3972
SPADES ACE HEARTS THREE,0.3462,0.0052,0.6486
SPADES QUEEN HEARTS EIGHT,0.233,0.2254,0.5416
SPADES ACE SPADES SEVEN,0.3132,0.0062,0.6806
SPADES EIGHT HEARTS NINE,0.5304,0.0144,0.4552
DIAMONDS TEN CLUBS KING,0.338,0.0062,0.6558
DIAMONDS SEVEN HEARTS NINE,0.5504,0.0122,0.4374
CLUBS ACE CLUBS KING,0.294,0.0036,0.7024
CLUBS EIGHT DIAMONDS NINE,0.527,0.0114,0.4616
DIAMONDS JACK DIAMONDS TEN,0.504,0.0118,0.4842
SPADES SIX HEARTS NINE,0.5684,0.0122,0.4194
DIAMONDS KING DIAMONDS EIGHT,0.3406,0.0074,0.652
SPADES JACK DIAMONDS JACK,0.2726,0.0126,0.7148
DIAMONDS TEN DIAMONDS NINE,0.5228,0.0124,0.4648
SPADES ACE SPADES QUEEN,0.2026,0.02,0.7774
CLUBS THREE CLUBS ACE,0.3198,0.0056,0.6746
DIAMONDS THREE HEARTS TEN,0.5832,0.0146,0.4022
DIAMONDS ACE DIAMONDS SEVEN,0.3462,0.003,0.6508
SPADES SIX DIAMONDS FIVE,0.5496,0.0146,0.4358
DIAMONDS QUEEN DIAMONDS NINE,0.2066,0.1604,0.633
DIAMONDS ACE SPADES THREE,0.3386,0.0056,0.6558
CLUBS SEVEN HEARTS ACE,0.349,0.006,0.645
SPADES JACK CLUBS KING,0.327,0.0078,0.6652
SPADES TEN HEARTS NINE,0.5472,0.0128,0.44
HEARTS FIVE SPADES THREE,0.5774,0.0152,0.4074
SPADES KING DIAMONDS QUEEN,0.2174,0.0276,0.755
DIAMONDS FOUR HEARTS THREE,0.5618,0.0124,0.4258
CLUBS JACK CLUBS ACE,0.3128,0.0054,0.6818
SPADES FOUR HEARTS EIGHT,0.5886,0.0124,0.399
DIAMONDS EIGHT CLUBS ACE,0.3528,0.0056,0.6416
DIAMONDS THREE CLUBS EIGHT,0.6,0.0156,0.3844
CLUBS JACK DIAMONDS NINE,0.5494,0.013,0.4376
HEARTS FIVE DIAMONDS NINE,0.591,0.0154,0.3936
SPADES TEN DIAMONDS TEN,0.275,0.0132,0.7118
SPADES FIVE SPADES FOUR,0.5126,0.0162,0.4712
SPADES SEVEN DIAMONDS SEVEN,0.3034,0.0244,0.6722
DIAMONDS KING CLUBS TWO,0.2324,0.0276,0.74
DIAMONDS KING HEARTS KING,0.118,0.0048,0.8772
DIAMONDS THREE HEARTS TWO,0.6994,0.042,0.2586
HEARTS FOUR SPADES TEN,0.597,0.0102,0.3928
HEARTS FOUR SPADES TWO,0.708,0.0346,0.2574
DIAMONDS FOUR HEARTS KING,0.344,0.0094,0.6466
DIAMONDS QUEEN SPADES FOUR,0.2114,0.5138,0.2748
CLUBS EIGHT HEARTS NINE,0.5488,0.0122,0.439
SPADES THREE CLUBS ACE,0.3502,0.0046,0.6452
SPADES FIVE CLUBS KING,0.3562,0.0086,0.6352
SPADES NINE SPADES EIGHT,0.4944,0.0118,0.4938
CLUBS SEVEN CLUBS KING,0.3282,0.0092,0.6626
CLUBS JACK HEARTS KING,0.3358,0.0088,0.6554
HEARTS FIVE HEARTS ACE,0.3354,0.0068,0.6578
HEARTS THREE CLUBS TWO,0.7076,0.0438,0.2486
SPADES QUEEN CLUBS ACE,0.2148,0.0172,0.768
SPADES SEVEN CLUBS TWO,0.7198,0.0374,0.2428
HEARTS TEN HEARTS NINE,0.5168,0.0102,0.473
DIAMONDS FOUR DIAMONDS JACK,0.5576,0.01,0.4324
HEARTS EIGHT DIAMONDS FIVE,0.5466,0.0154,0.438
CLUBS EIGHT CLUBS TWO,0.68,0.0362,0.2838
DIAMONDS THREE SPADES SEVEN,0.5986,0.0086,0.3928
HEARTS SEVEN CLUBS TWO,0.7168,0.0404,0.2428
SPADES ACE DIAMONDS SIX,0.3458,0.0054,0.6488
HEARTS ACE DIAMONDS SEVEN,0.343,0.0058,0.6512
SPADES SEVEN SPADES TWO,0.6802,0.0304,0.2894
CLUBS TEN SPADES FIVE,0.5946,0.0142,0.3912
HEARTS TWO CLUBS FIVE,0.6994,0.0434,0.2572
HEARTS FOUR HEARTS JACK,0.5652,0.0128,0.422
HEARTS FOUR SPADES EIGHT,0.5752,0.013,0.4118
HEARTS TWO SPADES SEVEN,0.7252,0.0336,0.2412
HEARTS TWO SPADES TWO,0.3002,0.0286,0.6712
DIAMONDS THREE HEARTS FIVE,0.5678,0.0174,0.4148
CLUBS SEVEN HEARTS EIGHT,0.5446,0.0118,0.4436
SPADES ACE DIAMONDS KING,0.3102,0.0042,0.6856
HEARTS THREE CLUBS FIVE,0.5792,0.0126,0.4082
CLUBS JACK DIAMONDS KING,0.3226,0.0084,0.669
DIAMONDS KING HEARTS TEN,0.3266,0.0108,0.6626
SPADES ACE DIAMONDS FIVE,0.3248,0.0044,0.6708
DIAMONDS ACE SPADES FOUR,0.3338,0.005,0.6612
SPADES NINE DIAMONDS ACE,0.3484,0.0042,0.6474
DIAMONDS FOUR SPADES QUEEN,0.2106,0.5116,0.2778
CLUBS TEN CLUBS EIGHT,0.5214,0.0116,0.467
DIAMONDS EIGHT DIAMONDS SIX,0.5362,0.0138,0.45
DIAMONDS TEN SPADES TWO,0.7242,0.0408,0.235
SPADES TEN SPADES FIVE,0.5526,0.0142,0.4332
CLUBS NINE HEARTS FOUR,0.6014,0.0132,0.3854
HEARTS SEVEN CLUBS FIVE,0.5704,0.012,0.4176
HEARTS FIVE DIAMONDS ACE,0.3358,0.0058,0.6584
CLUBS NINE CLUBS SIX,0.5314,0.0112,0.4574
SPADES FOUR HEARTS ACE,0.3464,0.0036,0.65
HEARTS FOUR DIAMONDS JACK,0.6038,0.0154,0.3808
DIAMONDS THREE HEARTS FOUR,0.5696,0.017,0.4134
SPADES NINE SPADES TWO,0.673,0.0384,0.2886
DIAMONDS NINE DIAMONDS SIX,0.5436,0.011,0.4454
SPADES ACE HEARTS TWO,0.24,0.017,0.743
SPADES QUEEN SPADES TWO,0.0216,0.9104,0.068
HEARTS FIVE HEARTS FOUR,0.5246,0.0174,0.458
SPADES NINE DIAMONDS JACK,0.559,0.0108,0.4302
DIAMONDS ACE CLUBS KING,0.305,0.0054,0.6896
SPADES KING CLUBS QUEEN,0.2286,0.0276,0.7438
CLUBS TEN SPADES NINE,0.5326,0.0108,0.4566
HEARTS FIVE CLUBS SIX,0.5462,0.0126,0.4412
SPADES KING DIAMONDS SEVEN,0.3612,0.0068,0.632
CLUBS JACK SPADES KING,0.3258,0.0074,0.6668
SPADES ACE CLUBS JACK,0.3412,0.0038,0.655
HEARTS TWO DIAMONDS SEVEN,0.7174,0.0352,0.2474
CLUBS FOUR HEARTS KING,0.3484,0.01,0.6416
CLUBS SEVEN CLUBS THREE,0.5524,0.0136,0.434
SPADES JACK HEARTS NINE,0.5456,0.0142,0.4402
DIAMONDS FOUR CLUBS KING,0.348,0.0088,0.6432
HEARTS THREE SPADES SEVEN,0.5878,0.0132,0.399
CLUBS TEN HEARTS JACK,0.5452,0.0098,0.445
HEARTS SEVEN SPADES QUEEN,0.2314,0.2944,0.4742
CLUBS THREE CLUBS TWO,0.6458,0.0426,0.3116
CLUBS THREE HEARTS EIGHT,0.5966,0.0136,0.3898
DIAMONDS SEVEN DIAMONDS FIVE,0.5326,0.0136,0.4538
CLUBS TWO HEARTS TEN,0.738,0.038,0.224
CLUBS NINE DIAMONDS JACK,0.5584,0.0102,0.4314
CLUBS JACK CLUBS FOUR,0.5618,0.0126,0.4256
CLUBS TEN DIAMONDS QUEEN,0.2204,0.1228,0.6568
HEARTS TEN HEARTS EIGHT,0.5204,0.012,0.4676
SPADES EIGHT HEARTS TEN,0.5622,0.0124,0.4254
HEARTS FOUR SPADES SIX,0.568,0.0132,0.4188
DIAMONDS THREE DIAMONDS JACK,0.5628,0.0132,0.424
HEARTS SIX DIAMONDS THREE,0.5778,0.0164,0.4058
SPADES SEVEN SPADES THREE,0.5524,0.0128,0.4348
CLUBS EIGHT CLUBS ACE,0.33,0.0058,0.6642
SPADES KING HEARTS ACE,0.3016,0.0052,0.6932
SPADES KING HEARTS TEN,0.3356,0.0068,0.6576
DIAMONDS ACE SPADES SEVEN,0.3506,0.0034,0.646
HEARTS SIX CLUBS THREE,0.5832,0.011,0.4058
CLUBS JACK HEARTS NINE,0.5612,0.0114,0.4274
DIAMONDS THREE CLUBS KING,0.3404,0.0088,0.6508
SPADES FOUR DIAMONDS SIX,0.552,0.0152,0.4328
SPADES EIGHT DIAMONDS ACE,0.3482,0.005,0.6468
CLUBS THREE SPADES TWO,0.697,0.0392,0.2638
CLUBS FIVE CLUBS FOUR,0.5104,0.0158,0.4738
CLUBS TEN HEARTS NINE,0.5484,0.0106,0.441
DIAMONDS FOUR DIAMONDS SIX,0.5512,0.0142,0.4346
SPADES QUEEN HEARTS FOUR,0.2266,0.518,0.2554
HEARTS THREE SPADES TWO,0.698,0.0412,0.2608
HEARTS ACE DIAMONDS FIVE,0.3364,0.0062,0.6574
SPADES ACE SPADES JACK,0.3104,0.005,0.6846
HEARTS KING CLUBS QUEEN,0.2134,0.0316,0.755
DIAMONDS ACE DIAMONDS FIVE,0.3314,0.0046,0.664
CLUBS JACK SPADES SIX,0.5862,0.0098,0.404
SPADES KING DIAMONDS SIX,0.3652,0.005,0.6298
SPADES SEVEN HEARTS ACE,0.3406,0.0064,0.653
CLUBS FIVE CLUBS QUEEN,0.1984,0.4278,0.3738
CLUBS SIX DIAMONDS KING,0.3578,0.0072,0.635
DIAMONDS ACE CLUBS THREE,0.3408,0.0054,0.6538
HEARTS SEVEN DIAMONDS FOUR,0.5724,0.0154,0.4122
DIAMONDS JACK DIAMONDS NINE,0.5286,0.0092,0.4622
CLUBS THREE DIAMONDS SIX,0.5816,0.014,0.4044
HEARTS FOUR DIAMONDS QUEEN,0.2092,0.5302,0.2606
CLUBS JACK CLUBS TWO,0.6848,0.036,0.2792
CLUBS EIGHT SPADES SEVEN,0.5388,0.0132,0.448
DIAMONDS KING SPADES TWO,0.2264,0.031,0.7426
CLUBS THREE DIAMONDS FIVE,0.5536,0.0152,0.4312
HEARTS SIX HEARTS FIVE,0.525,0.013,0.462
HEARTS FOUR HEARTS EIGHT,0.5628,0.0124,0.4248
DIAMONDS JACK HEARTS EIGHT,0.557,0.0124,0.4306
SPADES KING SPADES EIGHT,0.334,0.0058,0.6602
SPADES KING HEARTS TWO,0.2336,0.0308,0.7356
HEARTS TEN CLUBS KING,0.3346,0.0104,0.655
SPADES ACE HEARTS FIVE,0.3542,0.0052,0.6406
CLUBS ACE HEARTS TEN,0.3404,0.004,0.6556
HEARTS SIX CLUBS EIGHT,0.5616,0.0114,0.427
CLUBS EIGHT HEARTS TEN,0.5476,0.0116,0.4408
HEARTS JACK DIAMONDS EIGHT,0.5644,0.0126,0.423
HEARTS SIX HEARTS KING,0.3488,0.0078,0.6434
SPADES EIGHT DIAMONDS FIVE,0.5682,0.0134,0.4184
SPADES SEVEN HEARTS EIGHT,0.5494,0.014,0.4366
CLUBS NINE HEARTS NINE,0.2922,0.0188,0.689
SPADES ACE CLUBS QUEEN,0.218,0.0152,0.7668
CLUBS JACK SPADES FOUR,0.598,0.0136,0.3884
HEARTS ACE HEARTS NINE,0.3336,0.0044,0.662
CLUBS SEVEN SPADES SEVEN,0.3176,0.0228,0.6596
HEARTS NINE DIAMONDS SIX,0.5512,0.0156,0.4332
DIAMONDS TEN HEARTS NINE,0.5304,0.0118,0.4578
HEARTS FIVE DIAMONDS SEVEN,0.5436,0.0142,0.4422
HEARTS THREE HEARTS TEN,0.5658,0.012,0.4222
SPADES QUEEN SPADES FIVE,0.2006,0.4314,0.368
CLUBS JACK DIAMONDS FIVE,0.5822,0.0128,0.405
SPADES FOUR SPADES THREE,0.5362,0.014,0.4498
HEARTS SIX CLUBS TWO,0.7236,0.0354,0.241
CLUBS TEN HEARTS KING,0.317,0.0094,0.6736
SPADES FIVE DIAMONDS SEVEN,0.5586,0.0156,0.4258
HEARTS FOUR DIAMONDS FIVE,0.5434,0.0188,0.4378
SPADES ACE CLUBS ACE,0.1122,0.004,0.8838
SPADES THREE DIAMONDS FIVE,0.5618,0.0188,0.4194
HEARTS TWO CLUBS ACE,0.235,0.016,0.749
SPADES FOUR HEARTS NINE,0.6012,0.0124,0.3864
HEARTS FIVE CLUBS TWO,0.703,0.0356,0.2614
HEARTS TWO DIAMONDS QUEEN,0.0044,0.9898,0.0058
CLUBS SEVEN DIAMONDS ACE,0.351,0.0042,0.6448
HEARTS THREE HEARTS JACK,0.5672,0.0152,0.4176
DIAMONDS TEN HEARTS TEN,0.2756,0.0148,0.7096
SPADES SIX CLUBS KING,0.3526,0.008,0.6394
CLUBS TWO DIAMONDS TEN,0.7264,0.0384,0.2352
CLUBS NINE DIAMONDS ACE,0.3636,0.004,0.6324
DIAMONDS QUEEN HEARTS ACE,0.2044,0.0194,0.7762
HEARTS SIX DIAMONDS TEN,0.5756,0.0108,0.4136
SPADES KING HEARTS JACK,0.3332,0.0088,0.658
CLUBS FOUR DIAMONDS SEVEN,0.562,0.015,0.423
HEARTS SIX DIAMONDS NINE,0.5654,0.0122,0.4224
SPADES THREE DIAMONDS NINE,0.589,0.0144,0.3966
SPADES ACE HEARTS ACE,0.1086,0.0046,0.8868
HEARTS FIVE SPADES EIGHT,0.5736,0.0114,0.415
CLUBS SIX HEARTS EIGHT,0.5736,0.012,0.4144
CLUBS THREE SPADES THREE,0.3226,0.0354,0.642
SPADES EIGHT DIAMONDS JACK,0.5616,0.0108,0.4276
CLUBS SEVEN CLUBS TWO,0.6772,0.0302,0.2926
DIAMONDS FOUR CLUBS FOUR,0.323,0.0374,0.6396
HEARTS TWO DIAMONDS EIGHT,0.7256,0.0388,0.2356
SPADES QUEEN CLUBS QUEEN,0.0818,0.0228,0.8954
SPADES NINE DIAMONDS SEVEN,0.5544,0.0116,0.434
SPADES ACE HEARTS SIX,0.368,0.005,0.627
SPADES NINE HEARTS NINE,0.303,0.0178,0.6792
SPADES SEVEN CLUBS ACE,0.361,0.005,0.634
SPADES QUEEN CLUBS FIVE,0.222,0.4616,0.3164
SPADES SEVEN CLUBS QUEEN,0.2322,0.297,0.4708
CLUBS FIVE DIAMONDS JACK,0.5798,0.0112,0.409
CLUBS NINE SPADES THREE,0.5928,0.0168,0.3904
CLUBS SEVEN SPADES SIX,0.549,0.0126,0.4384
SPADES SIX CLUBS THREE,0.5748,0.0162,0.409
HEARTS JACK HEARTS NINE,0.521,0.012,0.467
DIAMONDS FOUR DIAMONDS KING,0.3372,0.0102,0.6526
CLUBS SEVEN CLUBS FOUR,0.5364,0.013,0.4506
CLUBS TWO DIAMONDS FIVE,0.6898,0.0376,0.2726
CLUBS FOUR DIAMONDS EIGHT,0.5678,0.017,0.4152
SPADES ACE CLUBS SEVEN,0.3568,0.0036,0.6396
SPADES ACE SPADES TWO,0.229,0.0146,0.7564
DIAMONDS THREE CLUBS THREE,0.3198,0.0358,0.6444
HEARTS THREE DIAMONDS JACK,0.598,0.0134,0.3886
CLUBS FIVE CLUBS KING,0.325,0.008,0.667
HEARTS FIVE HEARTS JACK,0.5694,0.0102,0.4204
CLUBS EIGHT SPADES TWO,0.703,0.04,0.257
SPADES QUEEN HEARTS TEN,0.2362,0.129,0.6348
DIAMONDS NINE HEARTS NINE,0.2876,0.0154,0.697
CLUBS JACK CLUBS TEN,0.4988,0.0096,0.4916
SPADES NINE CLUBS QUEEN,0.223,0.167,0.61
HEARTS SIX SPADES SIX,0.3248,0.0262,0.649
CLUBS JACK HEARTS THREE,0.5998,0.0124,0.3878
SPADES FOUR HEARTS KING,0.3436,0.0096,0.6468
CLUBS FOUR HEARTS TEN,0.6016,0.0118,0.3866
HEARTS JACK HEARTS EIGHT,0.5428,0.0114,0.4458
DIAMONDS FOUR DIAMONDS QUEEN,0.2098,0.493,0.2972
HEARTS THREE HEARTS KING,0.3456,0.0096,0.6448
CLUBS SIX HEARTS NINE,0.5648,0.0134,0.4218
HEARTS SIX HEARTS TWO,0.6806,0.0352,0.2842
HEARTS SEVEN CLUBS ACE,0.3428,0.004,0.6532
SPADES NINE HEARTS ACE,0.3428,0.004,0.6532
CLUBS TWO DIAMONDS EIGHT,0.7152,0.0458,0.239
CLUBS EIGHT CLUBS SIX,0.5104,0.013,0.4766
DIAMONDS FOUR HEARTS SIX,0.575,0.014,0.411
SPADES EIGHT HEARTS EIGHT,0.2986,0.0226,0.6788
HEARTS FIVE HEARTS TEN,0.565,0.0142,0.4208
DIAMONDS ACE CLUBS QUEEN,0.2208,0.019,0.7602
HEARTS FIVE HEARTS KING,0.3276,0.01,0.6624
SPADES FOUR CLUBS ACE,0.3648,0.0046,0.6306
CLUBS JACK HEARTS FOUR,0.6038,0.0098,0.3864
SPADES JACK DIAMONDS QUEEN,0.2182,0.0916,0.6902
SPADES TWO HEARTS NINE,0.7214,0.047,0.2316
SPADES QUEEN SPADES SIX,0.2098,0.3574,0.4328
DIAMONDS NINE HEARTS JACK,0.552,0.01,0.438
CLUBS FIVE HEARTS TEN,0.5882,0.0136,0.3982
HEARTS SEVEN DIAMONDS SEVEN,0.311,0.0244,0.6646
CLUBS EIGHT SPADES EIGHT,0.2966,0.024,0.6794
CLUBS NINE CLUBS FIVE,0.5546,0.0124,0.433
SPADES KING CLUBS SIX,0.361,0.0072,0.6318
CLUBS FIVE SPADES THREE,0.555,0.0146,0.4304
CLUBS SEVEN HEARTS JACK,0.5832,0.0142,0.4026
DIAMONDS THREE SPADES JACK,0.5886,0.0146,0.3968
SPADES SEVEN DIAMONDS NINE,0.531,0.0086,0.4604
SPADES ACE CLUBS FIVE,0.3538,0.006,0.6402
CLUBS FOUR SPADES FIVE,0.5614,0.014,0.4246
CLUBS TEN DIAMONDS KING,0.341,0.0068,0.6522
DIAMONDS SEVEN DIAMONDS SIX,0.5106,0.0136,0.4758
SPADES SEVEN DIAMONDS FIVE,0.5586,0.014,0.4274
CLUBS EIGHT DIAMONDS KING,0.3566,0.0076,0.6358
SPADES TWO DIAMONDS EIGHT,0.7202,0.0376,0.2422
HEARTS FOUR CLUBS KING,0.3452,0.0094,0.6454
CLUBS NINE CLUBS QUEEN,0.2244,0.15,0.6256
CLUBS TEN SPADES JACK,0.5324,0.0078,0.4598
SPADES TEN DIAMONDS EIGHT,0.5526,0.0132,0.4342
SPADES TEN DIAMONDS SIX,0.5828,0.01,0.4072
CLUBS EIGHT CLUBS FOUR,0.555,0.0126,0.4324
CLUBS FIVE SPADES SEVEN,0.5666,0.0122,0.4212
DIAMONDS ACE HEARTS NINE,0.3608,0.0054,0.6338
DIAMONDS FOUR SPADES FIVE,0.5506,0.0128,0.4366
SPADES KING SPADES NINE,0.3338,0.0056,0.6606
SPADES EIGHT DIAMONDS KING,0.3638,0.0064,0.6298
DIAMONDS KING SPADES THREE,0.3534,0.0088,0.6378
SPADES SIX CLUBS QUEEN,0.2316,0.3696,0.3988
CLUBS JACK CLUBS SEVEN,0.5432,0.013,0.4438
SPADES ACE SPADES THREE,0.3202,0.0072,0.6726
HEARTS SEVEN DIAMONDS JACK,0.5762,0.0142,0.4096
DIAMONDS TEN DIAMONDS EIGHT,0.5232,0.0132,0.4636
CLUBS SIX CLUBS QUEEN,0.2036,0.3614,0.435
CLUBS TWO DIAMONDS NINE,0.7118,0.0424,0.2458
SPADES THREE HEARTS JACK,0.6038,0.0148,0.3814
HEARTS SEVEN CLUBS SIX,0.5506,0.0116,0.4378
HEARTS SEVEN DIAMONDS ACE,0.3556,0.0052,0.6392
SPADES JACK CLUBS FIVE,0.5886,0.0142,0.3972
HEARTS SIX DIAMONDS JACK,0.5902,0.0136,0.3962
HEARTS FOUR HEARTS TWO,0.6598,0.036,0.3042
SPADES JACK CLUBS SEVEN,0.5722,0.0106,0.4172
CLUBS JACK SPADES FIVE,0.5932,0.012,0.3948
CLUBS NINE SPADES FIVE,0.5808,0.0144,0.4048
SPADES SEVEN HEARTS KING,0.3592,0.0078,0.633
SPADES JACK HEARTS TEN,0.5462,0.0116,0.4422
CLUBS SIX SPADES SIX,0.3182,0.0262,0.6556
CLUBS FIVE HEARTS JACK,0.594,0.0082,0.3978
SPADES QUEEN DIAMONDS ACE,0.2172,0.0176,0.7652
CLUBS FOUR DIAMONDS TEN,0.5824,0.0106,0.407
DIAMONDS FOUR SPADES SEVEN,0.5726,0.0168,0.4106
SPADES KING SPADES TWO,0.2174,0.0268,0.7558
CLUBS NINE SPADES JACK,0.5404,0.0104,0.4492
SPADES EIGHT DIAMONDS SEVEN,0.532,0.0152,0.4528
HEARTS TWO HEARTS NINE,0.6882,0.0452,0.2666
DIAMONDS JACK CLUBS KING,0.3352,0.0074,0.6574
HEARTS THREE SPADES FOUR,0.5752,0.0162,0.4086
CLUBS TEN HEARTS FIVE,0.5952,0.0174,0.3874
SPADES NINE SPADES FIVE,0.5298,0.0144,0.4558
SPADES TEN DIAMONDS QUEEN,0.2196,0.12,0.6604
CLUBS THREE HEARTS ACE,0.3496,0.0062,0.6442
SPADES EIGHT CLUBS TWO,0.7056,0.0426,0.2518
HEARTS TWO HEARTS KING,0.2204,0.035,0.7446
HEARTS SEVEN CLUBS KING,0.3628,0.0084,0.6288
SPADES QUEEN DIAMONDS TEN,0.2192,0.1244,0.6564
HEARTS FIVE SPADES TEN,0.5912,0.014,0.3948
CLUBS EIGHT CLUBS QUEEN,0.2088,0.216,0.5752
CLUBS SEVEN HEARTS TEN,0.559,0.0142,0.4268
HEARTS FOUR CLUBS FIVE,0.557,0.0152,0.4278
HEARTS FIVE HEARTS NINE,0.5544,0.0136,0.432
SPADES ACE CLUBS EIGHT,0.3506,0.003,0.6464
DIAMONDS QUEEN HEARTS EIGHT,0.2208,0.2308,0.5484
SPADES ACE SPADES TEN,0.322,0.0032,0.6748
DIAMONDS THREE DIAMONDS NINE,0.5636,0.0132,0.4232
HEARTS SEVEN CLUBS QUEEN,0.2194,0.3082,0.4724
CLUBS JACK CLUBS NINE,0.519,0.0124,0.4686
HEARTS FOUR HEARTS THREE,0.5382,0.0154,0.4464
CLUBS NINE CLUBS FOUR,0.551,0.0144,0.4346
DIAMONDS THREE DIAMONDS QUEEN,0.2036,0.4958,0.3006
SPADES QUEEN DIAMONDS NINE,0.2214,0.1624,0.6162
SPADES FIVE HEARTS ACE,0.3364,0.0066,0.657
CLUBS EIGHT DIAMONDS FIVE,0.57,0.0142,0.4158
HEARTS ACE HEARTS JACK,0.3222,0.004,0.6738
CLUBS THREE DIAMONDS EIGHT,0.6008,0.0132,0.386
HEARTS FOUR DIAMONDS TEN,0.594,0.0138,0.3922
HEARTS SIX SPADES FOUR,0.5732,0.016,0.4108
HEARTS TWO CLUBS QUEEN,0.0178,0.9712,0.011
CLUBS SIX CLUBS TWO,0.6646,0.0326,0.3028
CLUBS TEN SPADES SEVEN,0.568,0.0112,0.4208
CLUBS SIX DIAMONDS ACE,0.357,0.0042,0.6388
HEARTS TEN DIAMONDS FIVE,0.5852,0.012,0.4028
DIAMONDS FOUR HEARTS NINE,0.5902,0.012,0.3978
HEARTS FOUR HEARTS ACE,0.3264,0.0084,0.6652
SPADES TWO HEARTS TEN,0.7186,0.0454,0.236
CLUBS TEN DIAMONDS JACK,0.54,0.0104,0.4496
HEARTS FOUR CLUBS FOUR,0.3238,0.0338,0.6424
HEARTS FIVE SPADES JACK,0.586,0.0122,0.4018
CLUBS JACK SPADES EIGHT,0.5632,0.0104,0.4264
CLUBS FIVE CLUBS TWO,0.6574,0.039,0.3036
SPADES NINE CLUBS ACE,0.3368,0.0046,0.6586
CLUBS EIGHT DIAMONDS ACE,0.3528,0.0036,0.6436
CLUBS EIGHT SPADES NINE,0.5496,0.0124,0.438
CLUBS EIGHT DIAMONDS QUEEN,0.2238,0.227,0.5492
CLUBS NINE DIAMONDS SEVEN,0.5664,0.0126,0.421
SPADES KING DIAMONDS ACE,0.3062,0.004,0.6898
CLUBS EIGHT HEARTS FOUR,0.5912,0.0138,0.395
CLUBS TEN SPADES THREE,0.5838,0.0146,0.4016
SPADES NINE CLUBS TWO,0.724,0.0394,0.2366
CLUBS FOUR SPADES TWO,0.696,0.0414,0.2626
HEARTS KING DIAMONDS SIX,0.3452,0.0082,0.6466
DIAMONDS THREE HEARTS KING,0.3504,0.0096,0.64
CLUBS SIX HEARTS ACE,0.3492,0.0062,0.6446
SPADES FOUR CLUBS KING,0.3556,0.009,0.6354
HEARTS TWO CLUBS THREE,0.706,0.0386,0.2554
SPADES KING DIAMONDS FIVE,0.3474,0.008,0.6446
HEARTS SIX DIAMONDS EIGHT,0.5656,0.0104,0.424
SPADES KING DIAMONDS KING,0.1182,0.0032,0.8786
CLUBS EIGHT DIAMONDS SIX,0.5514,0.0142,0.4344
CLUBS SEVEN DIAMONDS QUEEN,0.214,0.3124,0.4736
SPADES SIX SPADES THREE,0.544,0.0128,0.4432
HEARTS TWO HEARTS ACE,0.2392,0.0156,0.7452
DIAMONDS THREE HEARTS JACK,0.587,0.015,0.398
HEARTS THREE HEARTS TWO,0.6774,0.0422,0.2804
CLUBS TEN HEARTS ACE,0.336,0.0042,0.6598
CLUBS FOUR DIAMONDS QUEEN,0.206,0.5256,0.2684
SPADES KING CLUBS FIVE,0.3602,0.0068,0.633
HEARTS TWO HEARTS JACK,0.703,0.0422,0.2548
CLUBS NINE DIAMONDS TEN,0.5298,0.0092,0.461
HEARTS SIX SPADES SEVEN,0.555,0.0164,0.4286
HEARTS FIVE CLUBS KING,0.3554,0.0078,0.6368
CLUBS EIGHT SPADES FOUR,0.5846,0.0138,0.4016
CLUBS SEVEN CLUBS FIVE,0.5302,0.0114,0.4584
DIAMONDS ACE DIAMONDS SIX,0.346,0.0032,0.6508
HEARTS KING HEARTS NINE,0.3364,0.008,0.6556
CLUBS TEN SPADES QUEEN,0.222,0.118,0.66
SPADES ACE CLUBS SIX,0.3572,0.0044,0.6384
SPADES FIVE DIAMONDS SIX,0.5466,0.0134,0.44
DIAMONDS FOUR DIAMONDS SEVEN,0.5426,0.0126,0.4448
HEARTS THREE DIAMONDS QUEEN,0.2238,0.5218,0.2544
DIAMONDS FOUR HEARTS TWO,0.7046,0.0396,0.2558
SPADES JACK CLUBS ACE,0.344,0.0064,0.6496
CLUBS EIGHT DIAMONDS TEN,0.56,0.0114,0.4286
CLUBS TWO DIAMONDS SEVEN,0.7224,0.034,0.2436
SPADES ACE HEARTS JACK,0.3444,0.005,0.6506
CLUBS SEVEN SPADES THREE,0.5876,0.0156,0.3968
SPADES FIVE HEARTS TEN,0.5938,0.0086,0.3976
DIAMONDS NINE HEARTS TEN,0.5398,0.011,0.4492
HEARTS TWO SPADES SIX,0.7174,0.0348,0.2478
CLUBS JACK SPADES JACK,0.2766,0.0108,0.7126
HEARTS ACE DIAMONDS TEN,0.3398,0.006,0.6542
CLUBS FIVE CLUBS ACE,0.3188,0.006,0.6752
CLUBS FOUR DIAMONDS SIX,0.5664,0.0138,0.4198
CLUBS THREE CLUBS QUEEN,0.2118,0.4852,0.303
HEARTS TWO HEARTS EIGHT,0.6942,0.0384,0.2674
HEARTS FIVE SPADES NINE,0.5846,0.0126,0.4028
CLUBS THREE DIAMONDS QUEEN,0.2092,0.5172,0.2736
CLUBS SIX CLUBS KING,0.3356,0.0066,0.6578
HEARTS FOUR DIAMONDS ACE,0.346,0.0062,0.6478
HEARTS FIVE SPADES SEVEN,0.571,0.0114,0.4176
DIAMONDS JACK HEARTS NINE,0.5376,0.01,0.4524
SPADES JACK SPADES TWO,0.6788,0.0412,0.28
HEARTS SEVEN SPADES JACK,0.5774,0.012,0.4106
CLUBS TWO CLUBS ACE,0.213,0.0178,0.7692
SPADES ACE CLUBS TWO,0.2456,0.0124,0.742
CLUBS EIGHT HEARTS ACE,0.364,0.0066,0.6294
HEARTS SIX DIAMONDS KING,0.3596,0.0072,0.6332
SPADES THREE DIAMONDS EIGHT,0.5886,0.0172,0.3942
CLUBS TEN SPADES TWO,0.7194,0.0388,0.2418
HEARTS TWO CLUBS KING,0.2432,0.0322,0.7246
CLUBS NINE HEARTS THREE,0.6,0.0156,0.3844
SPADES KING SPADES FIVE,0.3532,0.0074,0.6394
SPADES SEVEN DIAMONDS TEN,0.5564,0.0106,0.433
SPADES NINE DIAMONDS SIX,0.5766,0.0078,0.4156
SPADES TEN HEARTS EIGHT,0.5614,0.0114,0.4272
HEARTS TWO SPADES FIVE,0.6998,0.037,0.2632
DIAMONDS SEVEN CLUBS KING,0.3624,0.0084,0.6292
SPADES NINE DIAMONDS FIVE,0.5828,0.014,0.4032
SPADES FIVE HEARTS KING,0.3402,0.0082,0.6516
CLUBS SEVEN DIAMONDS TEN,0.5534,0.0126,0.434
SPADES TEN SPADES SIX,0.5268,0.0126,0.4606
DIAMONDS NINE DIAMONDS SEVEN,0.5316,0.0122,0.4562
HEARTS JACK CLUBS KING,0.3348,0.0068,0.6584
CLUBS FOUR DIAMONDS FIVE,0.5372,0.014,0.4488
CLUBS TWO DIAMONDS JACK,0.721,0.0406,0.2384
DIAMONDS THREE SPADES FIVE,0.5588,0.0176,0.4236
SPADES JACK SPADES TEN,0.494,0.0092,0.4968
HEARTS FIVE SPADES FIVE,0.3184,0.0326,0.649
HEARTS SEVEN HEARTS FOUR,0.5588,0.0144,0.4268
SPADES ACE DIAMONDS QUEEN,0.2184,0.0172,0.7644
SPADES TWO CLUBS KING,0.2446,0.028,0.7274
HEARTS SIX CLUBS FOUR,0.5694,0.0142,0.4164
DIAMONDS ACE CLUBS ACE,0.1088,0.0028,0.8884
HEARTS JACK DIAMONDS FIVE,0.5902,0.015,0.3948
DIAMONDS KING DIAMONDS SEVEN,0.3538,0.0104,0.6358
SPADES JACK DIAMONDS SEVEN,0.564,0.0146,0.4214
SPADES TEN CLUBS SIX,0.563,0.0118,0.4252
SPADES KING SPADES TEN,0.3074,0.008,0.6846
CLUBS SEVEN DIAMONDS SIX,0.556,0.0136,0.4304
HEARTS ACE HEARTS TEN,0.3278,0.0058,0.6664
HEARTS SIX DIAMONDS QUEEN,0.209,0.3986,0.3924
DIAMONDS NINE DIAMONDS EIGHT,0.5092,0.0118,0.479
SPADES KING DIAMONDS TEN,0.3306,0.0084,0.661
SPADES QUEEN HEARTS THREE,0.2232,0.5112,0.2656
CLUBS SIX SPADES THREE,0.5638,0.0164,0.4198
CLUBS TWO DIAMONDS SIX,0.7056,0.0356,0.2588
CLUBS SEVEN SPADES NINE,0.5588,0.0132,0.428
CLUBS EIGHT HEARTS KING,0.3524,0.0068,0.6408
CLUBS TEN DIAMONDS ACE,0.3414,0.0054,0.6532
SPADES ACE CLUBS TEN,0.331,0.0034,0.6656
CLUBS NINE HEARTS FIVE,0.5876,0.0104,0.402
DIAMONDS THREE SPADES TEN,0.596,0.0114,0.3926
CLUBS SIX DIAMONDS TEN,0.5868,0.0146,0.3986
DIAMONDS THREE CLUBS TWO,0.7096,0.0396,0.2508
SPADES SIX HEARTS EIGHT,0.5614,0.01,0.4286
CLUBS TEN DIAMONDS SEVEN,0.5688,0.011,0.4202
DIAMONDS FOUR CLUBS TEN,0.5906,0.0126,0.3968
HEARTS THREE DIAMONDS FIVE,0.5732,0.0128,0.414
DIAMONDS FOUR DIAMONDS FIVE,0.5388,0.0108,0.4504
CLUBS TWO SPADES THREE,0.6964,0.0394,0.2642
HEARTS FIVE CLUBS THREE,0.5746,0.0146,0.4108
HEARTS SIX HEARTS FOUR,0.5344,0.014,0.4516
SPADES QUEEN HEARTS NINE,0.226,0.1528,0.6212
CLUBS FOUR CLUBS ACE,0.3256,0.0076,0.6668
HEARTS SIX HEARTS EIGHT,0.5322,0.014,0.4538
CLUBS SIX CLUBS ACE,0.3264,0.0056,0.668
CLUBS TEN DIAMONDS FIVE,0.5866,0.0138,0.3996
CLUBS FOUR DIAMONDS KING,0.3456,0.0076,0.6468
DIAMONDS THREE DIAMONDS KING,0.3404,0.0104,0.6492
SPADES JACK DIAMONDS SIX,0.5994,0.0134,0.3872
DIAMONDS SIX HEARTS EIGHT,0.556,0.0112,0.4328
CLUBS EIGHT HEARTS JACK,0.5624,0.014,0.4236
DIAMONDS NINE HEARTS EIGHT,0.542,0.0172,0.4408
DIAMONDS FOUR SPADES JACK,0.5908,0.013,0.3962
SPADES NINE CLUBS FIVE,0.5776,0.0146,0.4078
DIAMONDS KING CLUBS KING,0.1212,0.0046,0.8742
HEARTS SEVEN CLUBS SEVEN,0.325,0.025,0.65
HEARTS FIVE SPADES FOUR,0.561,0.0138,0.4252
DIAMONDS EIGHT DIAMONDS SEVEN,0.5258,0.0124,0.4618
SPADES QUEEN DIAMONDS SEVEN,0.209,0.3042,0.4868
SPADES SIX SPADES TWO,0.6792,0.031,0.2898
SPADES KING SPADES THREE,0.3478,0.009,0.6432
SPADES JACK CLUBS SIX,0.5788,0.0144,0.4068
CLUBS KING DIAMONDS FIVE,0.3438,0.0064,0.6498
DIAMONDS THREE CLUBS SIX,0.5828,0.0114,0.4058
SPADES SEVEN SPADES FIVE,0.5174,0.0094,0.4732
SPADES KING DIAMONDS THREE,0.3508,0.011,0.6382
DIAMONDS FOUR HEARTS TEN,0.5968,0.013,0.3902
DIAMONDS FOUR CLUBS NINE,0.592,0.0106,0.3974
SPADES QUEEN CLUBS FOUR,0.2268,0.4936,0.2796
SPADES FIVE DIAMONDS JACK,0.5796,0.0116,0.4088
DIAMONDS JACK DIAMONDS SEVEN,0.543,0.0102,0.4468
CLUBS TEN DIAMONDS NINE,0.5496,0.0106,0.4398
SPADES NINE CLUBS KING,0.36,0.007,0.633
DIAMONDS THREE SPADES QUEEN,0.2194,0.5132,0.2674
SPADES TWO DIAMONDS SEVEN,0.7248,0.0284,0.2468
HEARTS SIX CLUBS FIVE,0.5626,0.0152,0.4222
SPADES TEN HEARTS KING,0.3418,0.0066,0.6516
DIAMONDS TEN DIAMONDS FIVE,0.5566,0.0108,0.4326
SPADES EIGHT CLUBS QUEEN,0.225,0.2214,0.5536
CLUBS NINE SPADES SEVEN,0.5622,0.0138,0.424
CLUBS NINE HEARTS JACK,0.5458,0.0096,0.4446
DIAMONDS QUEEN DIAMONDS FIVE,0.2186,0.4258,0.3556
SPADES SIX DIAMONDS NINE,0.5688,0.0122,0.419
DIAMONDS THREE CLUBS FOUR,0.5648,0.0166,0.4186
CLUBS FIVE CLUBS THREE,0.529,0.0152,0.4558
SPADES SEVEN DIAMONDS SIX,0.5506,0.0122,0.4372
SPADES ACE CLUBS FOUR,0.342,0.0022,0.6558
DIAMONDS ACE SPADES SIX,0.3662,0.0038,0.63
SPADES JACK CLUBS THREE,0.6008,0.014,0.3852
DIAMONDS QUEEN DIAMONDS SIX,0.2106,0.3782,0.4112
SPADES KING CLUBS FOUR,0.3494,0.008,0.6426
SPADES QUEEN DIAMONDS JACK,0.2148,0.0944,0.6908
HEARTS SIX SPADES NINE,0.5782,0.0104,0.4114
CLUBS TEN SPADES TEN,0.2836,0.0138,0.7026
HEARTS SEVEN SPADES FOUR,0.564,0.0134,0.4226
DIAMONDS QUEEN HEARTS JACK,0.228,0.0896,0.6824
HEARTS SEVEN CLUBS EIGHT,0.543,0.012,0.445
