opposingHand,winningChance,drawChance,lostChance
HEARTS FOUR DIAMONDS KING
CLUBS TEN HEARTS KING,0.2338,0.117,0.6492
SPADES SEVEN CLUBS ACE,0.3516,0.0054,0.643
CLUBS JACK HEARTS SIX,0.5962,0.0074,0.3964
SPADES SEVEN DIAMONDS EIGHT,0.5598,0.0076,0.4326
CLUBS EIGHT DIAMONDS JACK,0.5692,0.0084,0.4224
CLUBS SIX HEARTS QUEEN,0.6004,0.0056,0.394
SPADES ACE DIAMONDS QUEEN,0.3468,0.0048,0.6484
CLUBS JACK CLUBS KING,0.2202,0.0802,0.6996
DIAMONDS TWO HEARTS KING,0.2578,0.53,0.2122
HEARTS SEVEN DIAMONDS JACK,0.595,0.0082,0.3968
CLUBS THREE DIAMONDS SEVEN,0.635,0.0098,0.3552
SPADES NINE SPADES SIX,0.5388,0.0072,0.454
CLUBS SEVEN DIAMONDS EIGHT,0.568,0.01,0.422
SPADES ACE SPADES KING,0.209,0.0116,0.7794
CLUBS SIX HEARTS KING,0.2176,0.3738,0.4086
HEARTS THREE CLUBS QUEEN,0.6366,0.0068,0.3566
SPADES ACE HEARTS TWO,0.3786,0.0058,0.6156
HEARTS SEVEN HEARTS FIVE,0.5606,0.0084,0.431
DIAMONDS THREE DIAMONDS FIVE,0.5906,0.0116,0.3978
SPADES KING DIAMONDS NINE,0.2326,0.1696,0.5978
CLUBS SIX HEARTS ACE,0.3458,0.0058,0.6484
HEARTS THREE SPADES FIVE,0.6146,0.011,0.3744
SPADES KING HEARTS SEVEN,0.2306,0.3062,0.4632
SPADES SIX CLUBS ACE,0.357,0.0028,0.6402
CLUBS FIVE HEARTS NINE,0.5778,0.008,0.4142
SPADES TEN DIAMONDS NINE,0.5442,0.0078,0.448
CLUBS JACK DIAMONDS TWO,0.6418,0.0098,0.3484
CLUBS FIVE DIAMONDS EIGHT,0.5808,0.0088,0.4104
SPADES ACE DIAMONDS TWO,0.3672,0.004,0.6288
DIAMONDS TEN SPADES FOUR,0.7178,0.0412,0.241
SPADES ACE HEARTS QUEEN,0.3448,0.0048,0.6504
DIAMONDS TWO SPADES FIVE,0.6174,0.01,0.3726
CLUBS TEN HEARTS JACK,0.5332,0.0074,0.4594
DIAMONDS THREE HEARTS FIVE,0.6094,0.0086,0.382
SPADES FIVE CLUBS ACE,0.3478,0.0048,0.6474
HEARTS FIVE DIAMONDS TEN,0.6002,0.008,0.3918
SPADES SEVEN CLUBS TWO,0.639,0.0084,0.3526
SPADES FIVE HEARTS TEN,0.6064,0.007,0.3866
HEARTS EIGHT DIAMONDS ACE,0.3604,0.0054,0.6342
CLUBS EIGHT HEARTS QUEEN,0.5788,0.0074,0.4138
CLUBS JACK CLUBS NINE,0.526,0.006,0.468
HEARTS SIX HEARTS JACK,0.5732,0.0084,0.4184
HEARTS SEVEN HEARTS TWO,0.6026,0.0108,0.3866
CLUBS TEN HEARTS TEN,0.291,0.0084,0.7006
DIAMONDS JACK DIAMONDS FOUR,0.6994,0.0368,0.2638
SPADES FOUR CLUBS QUEEN,0.7296,0.0296,0.2408
HEARTS SIX CLUBS SIX,0.3268,0.0104,0.6628
SPADES QUEEN SPADES EIGHT,0.5476,0.0056,0.4468
CLUBS FIVE CLUBS THREE,0.5568,0.0096,0.4336
HEARTS FIVE HEARTS ACE,0.331,0.006,0.663
SPADES QUEEN HEARTS SIX,0.592,0.0068,0.4012
SPADES TEN CLUBS TWO,0.6374,0.01,0.3526
CLUBS EIGHT SPADES SEVEN,0.5552,0.0082,0.4366
SPADES ACE HEARTS SIX,0.3568,0.0058,0.6374
DIAMONDS THREE DIAMONDS ACE,0.3578,0.0052,0.637
DIAMONDS TWO HEARTS THREE,0.6486,0.0122,0.3392
SPADES TEN DIAMONDS FIVE,0.594,0.007,0.399
HEARTS SEVEN DIAMONDS FIVE,0.5854,0.0052,0.4094
DIAMONDS JACK DIAMONDS EIGHT,0.5406,0.0084,0.451
HEARTS EIGHT SPADES FIVE,0.5794,0.0082,0.4124
HEARTS TWO SPADES SEVEN,0.644,0.0078,0.3482
SPADES KING HEARTS TEN,0.2268,0.1112,0.662
SPADES EIGHT HEARTS KING,0.2252,0.2286,0.5462
CLUBS NINE CLUBS KING,0.22,0.1548,0.6252
DIAMONDS TWO CLUBS SEVEN,0.648,0.0098,0.3422
HEARTS SEVEN CLUBS KING,0.2294,0.3066,0.464
DIAMONDS THREE CLUBS NINE,0.623,0.007,0.37
SPADES JACK HEARTS FIVE,0.5826,0.0074,0.41
SPADES TEN DIAMONDS QUEEN,0.5566,0.007,0.4364
CLUBS FOUR DIAMONDS SEVEN,0.6936,0.0314,0.275
SPADES SIX CLUBS TWO,0.6232,0.009,0.3678
CLUBS FOUR SPADES TWO,0.7072,0.037,0.2558
DIAMONDS JACK CLUBS TWO,0.6318,0.0068,0.3614
DIAMONDS SIX DIAMONDS FOUR,0.677,0.03,0.293
SPADES TEN SPADES SEVEN,0.5336,0.0072,0.4592
CLUBS NINE DIAMONDS TEN,0.5462,0.0078,0.446
CLUBS THREE DIAMONDS FOUR,0.7064,0.0352,0.2584
DIAMONDS JACK HEARTS NINE,0.5694,0.0064,0.4242
SPADES TEN DIAMONDS JACK,0.56,0.0064,0.4336
HEARTS TWO SPADES FOUR,0.7144,0.0392,0.2464
DIAMONDS TWO CLUBS SIX,0.6236,0.0096,0.3668
SPADES KING DIAMONDS FOUR,0.0188,0.9724,0.0088
DIAMONDS THREE HEARTS THREE,0.4458,0.0186,0.5356
SPADES KING CLUBS NINE,0.2336,0.1674,0.599
SPADES QUEEN DIAMONDS FIVE,0.6142,0.0078,0.378
HEARTS FIVE SPADES NINE,0.5824,0.0072,0.4104
HEARTS THREE CLUBS SIX,0.6298,0.0078,0.3624
CLUBS SIX DIAMONDS FIVE,0.5632,0.0106,0.4262
CLUBS JACK SPADES JACK,0.2948,0.005,0.7002
SPADES JACK HEARTS TEN,0.5256,0.0078,0.4666
HEARTS THREE CLUBS FIVE,0.6114,0.0096,0.379
SPADES QUEEN CLUBS ACE,0.348,0.0044,0.6476
HEARTS FIVE HEARTS QUEEN,0.577,0.0074,0.4156
HEARTS ACE HEARTS TEN,0.3326,0.0036,0.6638
CLUBS EIGHT CLUBS KING,0.2238,0.2238,0.5524
CLUBS JACK HEARTS SEVEN,0.594,0.0078,0.3982
CLUBS JACK HEARTS QUEEN,0.5512,0.0066,0.4422
CLUBS THREE DIAMONDS TEN,0.6514,0.0078,0.3408
HEARTS THREE DIAMONDS NINE,0.6354,0.0096,0.355
CLUBS EIGHT HEARTS KING,0.2278,0.2258,0.5464
HEARTS FIVE DIAMONDS ACE,0.3392,0.006,0.6548
SPADES QUEEN CLUBS QUEEN,0.2828,0.003,0.7142
SPADES SEVEN DIAMONDS JACK,0.599,0.006,0.395
HEARTS SIX HEARTS NINE,0.5432,0.0056,0.4512
SPADES ACE CLUBS NINE,0.363,0.0036,0.6334
DIAMONDS EIGHT CLUBS ACE,0.3668,0.0032,0.63
DIAMONDS TWO HEARTS NINE,0.6344,0.0094,0.3562
HEARTS SIX HEARTS THREE,0.593,0.0076,0.3994
CLUBS FOUR HEARTS NINE,0.7244,0.0292,0.2464
CLUBS THREE CLUBS ACE,0.3548,0.0034,0.6418
HEARTS FIVE CLUBS ACE,0.3414,0.0066,0.652
HEARTS EIGHT DIAMONDS JACK,0.5804,0.009,0.4106
CLUBS TEN CLUBS EIGHT,0.5354,0.0052,0.4594
CLUBS FOUR HEARTS ACE,0.2262,0.025,0.7488
SPADES NINE CLUBS TWO,0.629,0.0054,0.3656
CLUBS FIVE CLUBS ACE,0.3268,0.0082,0.665
SPADES KING HEARTS ACE,0.2194,0.0142,0.7664
SPADES KING HEARTS JACK,0.2344,0.0952,0.6704
DIAMONDS THREE SPADES EIGHT,0.6356,0.006,0.3584
CLUBS FOUR DIAMONDS EIGHT,0.7154,0.0374,0.2472
HEARTS THREE HEARTS TEN,0.599,0.0078,0.3932
DIAMONDS QUEEN DIAMONDS FOUR,0.6988,0.0378,0.2634
SPADES JACK DIAMONDS NINE,0.5606,0.009,0.4304
SPADES FOUR HEARTS NINE,0.7154,0.0316,0.253
CLUBS EIGHT CLUBS FOUR,0.6748,0.0306,0.2946
HEARTS TWO SPADES TWO,0.441,0.0208,0.5382
CLUBS JACK SPADES FIVE,0.5924,0.009,0.3986
HEARTS EIGHT HEARTS THREE,0.5944,0.0102,0.3954
DIAMONDS QUEEN SPADES THREE,0.6414,0.0084,0.3502
SPADES JACK CLUBS FIVE,0.6006,0.0076,0.3918
DIAMONDS TWO SPADES SIX,0.6166,0.012,0.3714
HEARTS FIVE HEARTS JACK,0.5804,0.009,0.4106
CLUBS JACK CLUBS EIGHT,0.5372,0.0104,0.4524
HEARTS TWO DIAMONDS FOUR,0.7154,0.041,0.2436
HEARTS EIGHT CLUBS ACE,0.3696,0.0048,0.6256
CLUBS NINE SPADES SEVEN,0.5556,0.0058,0.4386
DIAMONDS ACE SPADES SEVEN,0.3532,0.0032,0.6436
CLUBS FOUR DIAMONDS NINE,0.7276,0.0366,0.2358
SPADES KING HEARTS SIX,0.2234,0.3826,0.394
SPADES FIVE DIAMONDS EIGHT,0.5778,0.0092,0.413
SPADES NINE DIAMONDS JACK,0.5488,0.0082,0.443
CLUBS EIGHT HEARTS NINE,0.5424,0.006,0.4516
SPADES JACK SPADES TWO,0.594,0.009,0.397
HEARTS TWO HEARTS NINE,0.6002,0.0084,0.3914
DIAMONDS EIGHT SPADES TWO,0.6466,0.0084,0.345
SPADES TEN CLUBS SEVEN,0.575,0.006,0.419
HEARTS QUEEN CLUBS QUEEN,0.2844,0.0046,0.711
CLUBS TEN DIAMONDS SEVEN,0.5764,0.009,0.4146
CLUBS EIGHT CLUBS SIX,0.542,0.008,0.45
SPADES TWO DIAMONDS FIVE,0.6224,0.01,0.3676
CLUBS TEN CLUBS FIVE,0.5574,0.0086,0.434
SPADES JACK HEARTS TWO,0.6326,0.0078,0.3596
SPADES SIX SPADES FIVE,0.5348,0.0076,0.4576
HEARTS EIGHT SPADES TEN,0.5558,0.0076,0.4366
SPADES TEN CLUBS FOUR,0.724,0.0396,0.2364
CLUBS TEN SPADES NINE,0.548,0.0056,0.4464
SPADES TEN HEARTS TEN,0.3,0.0072,0.6928
CLUBS SEVEN DIAMONDS SEVEN,0.34,0.0114,0.6486
HEARTS SEVEN DIAMONDS NINE,0.561,0.0076,0.4314
DIAMONDS TEN HEARTS ACE,0.3406,0.0058,0.6536
CLUBS TEN HEARTS ACE,0.3588,0.0056,0.6356
HEARTS SIX CLUBS FIVE,0.5624,0.0106,0.427
SPADES THREE DIAMONDS SIX,0.6218,0.009,0.3692
CLUBS FOUR HEARTS TEN,0.7194,0.0418,0.2388
SPADES SEVEN CLUBS FOUR,0.6946,0.0276,0.2778
CLUBS FOUR DIAMONDS SIX,0.6904,0.0308,0.2788
DIAMONDS TWO SPADES FOUR,0.7158,0.0352,0.249
HEARTS KING CLUBS ACE,0.214,0.0134,0.7726
HEARTS EIGHT DIAMONDS EIGHT,0.3142,0.0146,0.6712
HEARTS EIGHT SPADES SIX,0.5672,0.0084,0.4244
SPADES JACK CLUBS THREE,0.6406,0.0078,0.3516
SPADES TEN HEARTS ACE,0.3472,0.0042,0.6486
SPADES ACE HEARTS FIVE,0.3418,0.004,0.6542
HEARTS TWO DIAMONDS NINE,0.6474,0.0076,0.345
SPADES NINE CLUBS THREE,0.6308,0.0076,0.3616
SPADES ACE DIAMONDS EIGHT,0.3652,0.0042,0.6306
HEARTS ACE HEARTS QUEEN,0.3316,0.0046,0.6638
DIAMONDS QUEEN HEARTS KING,0.2312,0.0656,0.7032
CLUBS JACK HEARTS JACK,0.2996,0.0066,0.6938
SPADES KING SPADES TEN,0.22,0.1134,0.6666
CLUBS SIX CLUBS QUEEN,0.5504,0.0086,0.441
DIAMONDS ACE DIAMONDS SEVEN,0.3346,0.006,0.6594
DIAMONDS TWO SPADES EIGHT,0.6472,0.0092,0.3436
CLUBS SEVEN DIAMONDS NINE,0.561,0.009,0.43
HEARTS SIX CLUBS EIGHT,0.5752,0.008,0.4168
DIAMONDS QUEEN SPADES TWO,0.6416,0.01,0.3484
HEARTS QUEEN DIAMONDS FOUR,0.7312,0.0378,0.231
DIAMONDS TWO SPADES SEVEN,0.6396,0.008,0.3524
CLUBS TEN SPADES THREE,0.625,0.0072,0.3678
CLUBS TEN DIAMONDS FOUR,0.7354,0.0342,0.2304
CLUBS TEN DIAMONDS EIGHT,0.5624,0.008,0.4296
DIAMONDS TWO DIAMONDS EIGHT,0.6082,0.0088,0.383
CLUBS KING CLUBS QUEEN,0.2232,0.0628,0.714
CLUBS JACK HEARTS NINE,0.5504,0.0072,0.4424
SPADES ACE HEARTS JACK,0.3468,0.004,0.6492
CLUBS TEN DIAMONDS TEN,0.3176,0.0062,0.6762
CLUBS NINE CLUBS FIVE,0.5452,0.0056,0.4492
CLUBS SEVEN CLUBS THREE,0.5964,0.012,0.3916
CLUBS TWO SPADES THREE,0.645,0.0082,0.3468
CLUBS FOUR CLUBS TWO,0.668,0.032,0.3
DIAMONDS THREE HEARTS TWO,0.6422,0.0114,0.3464
CLUBS FIVE SPADES SEVEN,0.5792,0.0098,0.411
SPADES SIX DIAMONDS SIX,0.3382,0.0128,0.649
DIAMONDS TWO DIAMONDS SEVEN,0.6174,0.0072,0.3754
DIAMONDS TWO SPADES THREE,0.6374,0.009,0.3536
DIAMONDS TEN DIAMONDS SIX,0.5662,0.0108,0.423
SPADES ACE CLUBS JACK,0.3432,0.0058,0.651
SPADES SEVEN SPADES FIVE,0.5286,0.0088,0.4626
CLUBS TEN CLUBS SIX,0.5534,0.0054,0.4412
DIAMONDS SEVEN CLUBS ACE,0.3546,0.0026,0.6428
SPADES FIVE SPADES FOUR,0.6256,0.0326,0.3418
DIAMONDS SEVEN CLUBS KING,0.2376,0.2996,0.4628
SPADES EIGHT DIAMONDS SIX,0.5728,0.0094,0.4178
HEARTS SEVEN SPADES NINE,0.5552,0.0096,0.4352
SPADES JACK CLUBS FOUR,0.7286,0.0408,0.2306
SPADES KING SPADES NINE,0.2206,0.1584,0.621
SPADES SEVEN SPADES THREE,0.5882,0.0078,0.404
HEARTS QUEEN DIAMONDS SEVEN,0.6,0.008,0.392
CLUBS SIX SPADES TWO,0.6312,0.007,0.3618
CLUBS NINE DIAMONDS QUEEN,0.5764,0.0066,0.417
CLUBS JACK CLUBS FOUR,0.6716,0.0412,0.2872
HEARTS SEVEN CLUBS SIX,0.5506,0.0084,0.441
CLUBS THREE DIAMONDS EIGHT,0.6408,0.0102,0.349
SPADES JACK CLUBS ACE,0.3572,0.0044,0.6384
CLUBS TWO HEARTS TEN,0.6352,0.0112,0.3536
DIAMONDS ACE CLUBS FOUR,0.2266,0.0244,0.749
CLUBS TEN SPADES TWO,0.6278,0.0096,0.3626
CLUBS FIVE SPADES THREE,0.6108,0.0094,0.3798
SPADES QUEEN CLUBS TWO,0.6356,0.0076,0.3568
SPADES SEVEN HEARTS NINE,0.5576,0.007,0.4354
HEARTS EIGHT HEARTS JACK,0.542,0.0112,0.4468
HEARTS SIX HEARTS TWO,0.5932,0.0102,0.3966
DIAMONDS TWO HEARTS SIX,0.6164,0.0092,0.3744
DIAMONDS THREE CLUBS TWO,0.654,0.0114,0.3346
SPADES KING SPADES SIX,0.2088,0.3548,0.4364
SPADES SIX HEARTS TEN,0.5944,0.0068,0.3988
HEARTS THREE DIAMONDS SIX,0.6244,0.0106,0.365
CLUBS EIGHT SPADES NINE,0.546,0.0062,0.4478
SPADES JACK HEARTS NINE,0.5622,0.007,0.4308
HEARTS TWO HEARTS ACE,0.3662,0.0066,0.6272
SPADES TWO DIAMONDS FOUR,0.7086,0.0384,0.253
CLUBS FOUR DIAMONDS TEN,0.7272,0.0412,0.2316
SPADES JACK DIAMONDS SIX,0.5896,0.0106,0.3998
HEARTS SEVEN SPADES FIVE,0.5778,0.01,0.4122
DIAMONDS NINE HEARTS TEN,0.5488,0.0078,0.4434
SPADES FIVE DIAMONDS TEN,0.601,0.008,0.391
HEARTS TWO HEARTS JACK,0.5862,0.0076,0.4062
HEARTS FIVE HEARTS THREE,0.579,0.0084,0.4126
SPADES TEN DIAMONDS ACE,0.3452,0.0032,0.6516
DIAMONDS QUEEN CLUBS THREE,0.6318,0.008,0.3602
HEARTS SIX DIAMONDS JACK,0.5978,0.0086,0.3936
SPADES ACE SPADES JACK,0.3336,0.0052,0.6612
CLUBS TWO DIAMONDS FIVE,0.624,0.0084,0.3676
CLUBS FIVE SPADES SIX,0.56,0.0092,0.4308
DIAMONDS JACK CLUBS QUEEN,0.5696,0.0064,0.424
CLUBS TWO HEARTS QUEEN,0.635,0.0074,0.3576
CLUBS JACK HEARTS FIVE,0.588,0.01,0.402
SPADES QUEEN DIAMONDS JACK,0.5638,0.0062,0.43
CLUBS EIGHT DIAMONDS QUEEN,0.5934,0.0064,0.4002
SPADES NINE HEARTS ACE,0.3624,0.0048,0.6328
SPADES FIVE HEARTS NINE,0.5872,0.0052,0.4076
DIAMONDS NINE CLUBS KING,0.2314,0.1712,0.5974
CLUBS TEN SPADES EIGHT,0.5556,0.0042,0.4402
DIAMONDS TEN SPADES THREE,0.6354,0.0088,0.3558
SPADES EIGHT SPADES SIX,0.5322,0.0082,0.4596
SPADES FIVE DIAMONDS FIVE,0.3432,0.0182,0.6386
SPADES FIVE DIAMONDS SIX,0.5668,0.0076,0.4256
CLUBS JACK DIAMONDS THREE,0.6362,0.0068,0.357
DIAMONDS THREE HEARTS SEVEN,0.6264,0.0098,0.3638
CLUBS TEN SPADES SIX,0.5792,0.0072,0.4136
SPADES ACE SPADES THREE,0.3582,0.0058,0.636
CLUBS TWO HEARTS KING,0.2564,0.5226,0.221
CLUBS TWO DIAMONDS TEN,0.6288,0.0086,0.3626
CLUBS NINE CLUBS EIGHT,0.5228,0.006,0.4712
SPADES ACE HEARTS KING,0.2136,0.0096,0.7768
SPADES TEN HEARTS THREE,0.6276,0.0072,0.3652
HEARTS SIX CLUBS KING,0.2218,0.3736,0.4046
DIAMONDS JACK DIAMONDS FIVE,0.5768,0.0082,0.415
SPADES TWO HEARTS NINE,0.6302,0.0072,0.3626
SPADES THREE HEARTS JACK,0.623,0.0066,0.3704
CLUBS SIX DIAMONDS EIGHT,0.577,0.0068,0.4162
SPADES ACE SPADES NINE,0.3326,0.0036,0.6638
HEARTS THREE HEARTS TWO,0.6176,0.0086,0.3738
SPADES JACK SPADES SEVEN,0.5632,0.0064,0.4304
DIAMONDS EIGHT DIAMONDS SEVEN,0.5326,0.0074,0.46
SPADES ACE SPADES TWO,0.3472,0.0042,0.6486
SPADES NINE SPADES SEVEN,0.5312,0.006,0.4628
HEARTS TEN DIAMONDS FIVE,0.6076,0.0088,0.3836
SPADES QUEEN SPADES NINE,0.5272,0.0074,0.4654
HEARTS ACE HEARTS JACK,0.3432,0.0042,0.6526
SPADES NINE DIAMONDS FIVE,0.5914,0.0106,0.398
CLUBS NINE DIAMONDS EIGHT,0.559,0.0058,0.4352
SPADES QUEEN SPADES THREE,0.599,0.0066,0.3944
SPADES ACE DIAMONDS THREE,0.3868,0.006,0.6072
HEARTS THREE DIAMONDS QUEEN,0.6484,0.009,0.3426
CLUBS FIVE CLUBS TWO,0.5884,0.0102,0.4014
HEARTS FIVE CLUBS QUEEN,0.59,0.0094,0.4006
CLUBS EIGHT DIAMONDS FOUR,0.7208,0.0326,0.2466
CLUBS NINE DIAMONDS SIX,0.5754,0.0094,0.4152
HEARTS TWO CLUBS TWO,0.439,0.0218,0.5392
DIAMONDS ACE HEARTS QUEEN,0.339,0.0058,0.6552
SPADES KING CLUBS QUEEN,0.2444,0.0674,0.6882
HEARTS EIGHT HEARTS FIVE,0.559,0.009,0.432
SPADES QUEEN CLUBS EIGHT,0.5852,0.0074,0.4074
SPADES EIGHT CLUBS KING,0.2414,0.2268,0.5318
CLUBS TEN SPADES FIVE,0.5926,0.0064,0.401
CLUBS THREE HEARTS NINE,0.6256,0.009,0.3654
DIAMONDS ACE SPADES THREE,0.37,0.0052,0.6248
SPADES NINE CLUBS KING,0.2306,0.1746,0.5948
HEARTS SIX SPADES NINE,0.5694,0.0066,0.424
DIAMONDS THREE HEARTS SIX,0.6166,0.0112,0.3722
DIAMONDS ACE DIAMONDS FOUR,0.2144,0.028,0.7576
SPADES ACE SPADES FIVE,0.3214,0.005,0.6736
HEARTS ACE DIAMONDS FOUR,0.2146,0.0292,0.7562
HEARTS FIVE HEARTS TWO,0.5898,0.0098,0.4004
SPADES ACE SPADES EIGHT,0.3444,0.0036,0.652
SPADES JACK SPADES FIVE,0.564,0.0088,0.4272
CLUBS THREE DIAMONDS JACK,0.6344,0.0098,0.3558
SPADES QUEEN SPADES FOUR,0.673,0.041,0.286
SPADES SEVEN HEARTS TEN,0.5764,0.006,0.4176
CLUBS EIGHT CLUBS QUEEN,0.5552,0.0062,0.4386
SPADES JACK CLUBS KING,0.2412,0.087,0.6718
HEARTS THREE SPADES EIGHT,0.6382,0.0072,0.3546
CLUBS SIX DIAMONDS ACE,0.3432,0.0044,0.6524
HEARTS SEVEN HEARTS QUEEN,0.5516,0.0076,0.4408
SPADES QUEEN SPADES TEN,0.5318,0.0052,0.463
CLUBS TEN DIAMONDS ACE,0.3446,0.0036,0.6518
SPADES SEVEN HEARTS ACE,0.3486,0.0028,0.6486
DIAMONDS NINE HEARTS NINE,0.2978,0.0128,0.6894
HEARTS QUEEN HEARTS NINE,0.5368,0.0076,0.4556
HEARTS SEVEN SPADES JACK,0.5744,0.0078,0.4178
CLUBS JACK CLUBS QUEEN,0.5174,0.0076,0.475
SPADES ACE CLUBS FIVE,0.3532,0.004,0.6428
CLUBS NINE HEARTS SIX,0.5678,0.008,0.4242
DIAMONDS QUEEN HEARTS QUEEN,0.279,0.006,0.715
HEARTS TWO DIAMONDS ACE,0.3744,0.0072,0.6184
HEARTS THREE HEARTS NINE,0.6008,0.008,0.3912
SPADES KING SPADES EIGHT,0.2254,0.2198,0.5548
SPADES KING HEARTS KING,0.0736,0.0156,0.9108
CLUBS TEN DIAMONDS FIVE,0.6084,0.0084,0.3832
SPADES ACE DIAMONDS TEN,0.349,0.0042,0.6468
SPADES SIX DIAMONDS EIGHT,0.5802,0.0076,0.4122
HEARTS SEVEN CLUBS ACE,0.3536,0.0028,0.6436
CLUBS FIVE DIAMONDS ACE,0.3388,0.003,0.6582
CLUBS TEN CLUBS QUEEN,0.5226,0.0046,0.4728
DIAMONDS SEVEN DIAMONDS FIVE,0.5444,0.011,0.4446
SPADES KING SPADES TWO,0.2448,0.491,0.2642
CLUBS TWO SPADES FOUR,0.7152,0.0368,0.248
SPADES TEN SPADES SIX,0.568,0.008,0.424
SPADES EIGHT HEARTS TEN,0.5596,0.0106,0.4298
HEARTS THREE HEARTS QUEEN,0.5874,0.0082,0.4044
SPADES THREE HEARTS TEN,0.6304,0.0084,0.3612
SPADES EIGHT CLUBS FOUR,0.7132,0.0282,0.2586
HEARTS SEVEN SPADES SEVEN,0.3192,0.015,0.6658
HEARTS FIVE SPADES SEVEN,0.569,0.008,0.423
CLUBS FIVE DIAMONDS SIX,0.578,0.0108,0.4112
CLUBS JACK CLUBS SIX,0.5604,0.007,0.4326
CLUBS FIVE HEARTS KING,0.225,0.463,0.312
SPADES SIX DIAMONDS NINE,0.574,0.0104,0.4156
SPADES NINE DIAMONDS EIGHT,0.5618,0.006,0.4322
HEARTS EIGHT DIAMONDS TEN,0.5664,0.0058,0.4278
DIAMONDS QUEEN HEARTS TEN,0.5628,0.0082,0.429
DIAMONDS NINE HEARTS JACK,0.5572,0.0092,0.4336
CLUBS FIVE DIAMONDS JACK,0.5952,0.0108,0.394
CLUBS EIGHT DIAMONDS SEVEN,0.5636,0.0082,0.4282
CLUBS SIX HEARTS JACK,0.5966,0.0076,0.3958
SPADES QUEEN CLUBS NINE,0.5726,0.0076,0.4198
CLUBS FOUR HEARTS KING,0.0132,0.9686,0.0182
DIAMONDS ACE HEARTS JACK,0.3358,0.0062,0.658
HEARTS QUEEN CLUBS ACE,0.3366,0.005,0.6584
CLUBS NINE CLUBS THREE,0.5854,0.0058,0.4088
HEARTS ACE SPADES THREE,0.3658,0.0054,0.6288
CLUBS NINE DIAMONDS FIVE,0.585,0.0072,0.4078
CLUBS NINE HEARTS FIVE,0.5844,0.0084,0.4072
DIAMONDS THREE DIAMONDS TEN,0.596,0.0114,0.3926
SPADES TEN CLUBS QUEEN,0.552,0.006,0.442
HEARTS KING HEARTS NINE,0.218,0.1592,0.6228
SPADES ACE DIAMONDS SIX,0.359,0.004,0.637
SPADES KING CLUBS KING,0.0814,0.0148,0.9038
CLUBS TEN SPADES FOUR,0.7218,0.0348,0.2434
HEARTS ACE CLUBS QUEEN,0.3566,0.0034,0.64
SPADES NINE HEARTS NINE,0.3202,0.0092,0.6706
CLUBS SIX DIAMONDS JACK,0.5984,0.0076,0.394
DIAMONDS TWO DIAMONDS FOUR,0.675,0.0424,0.2826
HEARTS SEVEN CLUBS SEVEN,0.3122,0.0122,0.6756
CLUBS TEN CLUBS NINE,0.5262,0.0058,0.468
CLUBS JACK HEARTS TWO,0.629,0.0072,0.3638
HEARTS THREE DIAMONDS TEN,0.6428,0.0098,0.3474
DIAMONDS TWO DIAMONDS TEN,0.607,0.007,0.386
DIAMONDS TEN DIAMONDS NINE,0.5252,0.0078,0.467
SPADES TEN CLUBS THREE,0.6246,0.007,0.3684
SPADES EIGHT DIAMONDS JACK,0.5784,0.006,0.4156
CLUBS TEN SPADES SEVEN,0.583,0.0048,0.4122
CLUBS TEN SPADES TEN,0.3016,0.0066,0.6918
SPADES TEN DIAMONDS TEN,0.3018,0.0074,0.6908
CLUBS TEN CLUBS KING,0.2294,0.1112,0.6594
HEARTS FIVE CLUBS FOUR,0.68,0.032,0.288
DIAMONDS ACE DIAMONDS TEN,0.3376,0.0046,0.6578
SPADES JACK SPADES EIGHT,0.5264,0.0084,0.4652
HEARTS FIVE DIAMONDS FIVE,0.3298,0.0178,0.6524
HEARTS FIVE CLUBS FIVE,0.3382,0.019,0.6428
HEARTS FIVE DIAMONDS QUEEN,0.6078,0.0086,0.3836
SPADES NINE DIAMONDS TEN,0.5478,0.006,0.4462
SPADES EIGHT CLUBS TWO,0.6246,0.0094,0.366
SPADES KING DIAMONDS TWO,0.2644,0.5164,0.2192
SPADES EIGHT CLUBS THREE,0.6418,0.0068,0.3514
CLUBS SEVEN SPADES SIX,0.56,0.0078,0.4322
DIAMONDS QUEEN HEARTS ACE,0.3538,0.0044,0.6418
SPADES TEN SPADES NINE,0.5056,0.0078,0.4866
CLUBS JACK HEARTS TEN,0.5326,0.0074,0.46
HEARTS SIX CLUBS FOUR,0.6822,0.03,0.2878
SPADES QUEEN CLUBS FIVE,0.6046,0.0058,0.3896
CLUBS JACK DIAMONDS FOUR,0.7286,0.043,0.2284
DIAMONDS TEN DIAMONDS SEVEN,0.558,0.0084,0.4336
CLUBS SIX SPADES SIX,0.3444,0.0154,0.6402
HEARTS FIVE SPADES SIX,0.562,0.0078,0.4302
DIAMONDS EIGHT CLUBS KING,0.2386,0.2296,0.5318
SPADES ACE CLUBS TWO,0.3746,0.0032,0.6222
DIAMONDS TWO DIAMONDS FIVE,0.5856,0.011,0.4034
SPADES TEN HEARTS NINE,0.5372,0.0072,0.4556
CLUBS ACE HEARTS NINE,0.3552,0.0042,0.6406
SPADES KING DIAMONDS FIVE,0.2298,0.4726,0.2976
DIAMONDS SEVEN CLUBS QUEEN,0.5972,0.0064,0.3964
DIAMONDS QUEEN DIAMONDS NINE,0.54,0.0104,0.4496
CLUBS FIVE SPADES TWO,0.6236,0.007,0.3694
SPADES FOUR DIAMONDS NINE,0.7326,0.0284,0.239
CLUBS EIGHT SPADES THREE,0.6342,0.0082,0.3576
SPADES JACK CLUBS SIX,0.592,0.0044,0.4036
CLUBS SIX SPADES FIVE,0.5614,0.0096,0.429
HEARTS SIX DIAMONDS QUEEN,0.6058,0.0084,0.3858
SPADES JACK CLUBS QUEEN,0.569,0.0066,0.4244
SPADES NINE SPADES TWO,0.5958,0.0074,0.3968
SPADES FOUR CLUBS ACE,0.2356,0.0288,0.7356
HEARTS TWO CLUBS FOUR,0.7174,0.036,0.2466
HEARTS QUEEN DIAMONDS FIVE,0.5944,0.008,0.3976
HEARTS EIGHT CLUBS QUEEN,0.5756,0.0062,0.4182
HEARTS THREE CLUBS TWO,0.6526,0.0102,0.3372
DIAMONDS SEVEN HEARTS NINE,0.5618,0.0086,0.4296
CLUBS QUEEN HEARTS NINE,0.5608,0.0062,0.433
HEARTS SEVEN DIAMONDS SIX,0.5668,0.008,0.4252
SPADES NINE DIAMONDS NINE,0.3158,0.011,0.6732
DIAMONDS THREE DIAMONDS SIX,0.5856,0.0118,0.4026
SPADES TWO HEARTS QUEEN,0.6314,0.008,0.3606
DIAMONDS NINE DIAMONDS FIVE,0.563,0.0078,0.4292
SPADES KING HEARTS TWO,0.2696,0.5294,0.201
SPADES EIGHT DIAMONDS NINE,0.562,0.0072,0.4308
DIAMONDS TWO CLUBS FOUR,0.7126,0.04,0.2474
CLUBS THREE HEARTS QUEEN,0.6334,0.0106,0.356
SPADES SEVEN DIAMONDS TEN,0.5754,0.0072,0.4174
HEARTS EIGHT DIAMONDS QUEEN,0.5778,0.0082,0.414
SPADES FIVE HEARTS KING,0.224,0.4558,0.3202
HEARTS ACE DIAMONDS EIGHT,0.355,0.0058,0.6392
CLUBS FIVE HEARTS ACE,0.3494,0.0052,0.6454
CLUBS TWO DIAMONDS FOUR,0.7156,0.0354,0.249
HEARTS SEVEN DIAMONDS ACE,0.3676,0.0056,0.6268
SPADES KING HEARTS NINE,0.2346,0.17,0.5954
SPADES QUEEN DIAMONDS QUEEN,0.282,0.0034,0.7146
HEARTS SEVEN HEARTS KING,0.2118,0.295,0.4932
CLUBS SIX DIAMONDS FOUR,0.7002,0.0286,0.2712
HEARTS THREE SPADES SIX,0.629,0.0126,0.3584
SPADES SEVEN CLUBS THREE,0.6208,0.0098,0.3694
CLUBS SIX HEARTS TEN,0.5832,0.0068,0.41
CLUBS FOUR HEARTS QUEEN,0.7232,0.0406,0.2362
SPADES QUEEN HEARTS ACE,0.3436,0.004,0.6524
SPADES KING SPADES QUEEN,0.2338,0.059,0.7072
HEARTS SIX HEARTS FIVE,0.54,0.0084,0.4516
SPADES KING CLUBS SEVEN,0.2452,0.2902,0.4646
DIAMONDS JACK HEARTS ACE,0.3558,0.0052,0.639
HEARTS KING SPADES TWO,0.2672,0.517,0.2158
CLUBS JACK DIAMONDS FIVE,0.5986,0.0072,0.3942
CLUBS SEVEN CLUBS ACE,0.3454,0.0052,0.6494
SPADES ACE SPADES SEVEN,0.3386,0.0028,0.6586
SPADES SIX HEARTS QUEEN,0.5864,0.0052,0.4084
SPADES TEN HEARTS JACK,0.5438,0.0058,0.4504
CLUBS TEN DIAMONDS TWO,0.644,0.0086,0.3474
HEARTS EIGHT DIAMONDS TWO,0.6356,0.0076,0.3568
SPADES SIX HEARTS JACK,0.5952,0.0062,0.3986
DIAMONDS TEN CLUBS QUEEN,0.5598,0.0064,0.4338
CLUBS EIGHT DIAMONDS EIGHT,0.329,0.014,0.657
HEARTS SIX CLUBS THREE,0.607,0.0094,0.3836
CLUBS TWO DIAMONDS NINE,0.6354,0.0088,0.3558
SPADES NINE DIAMONDS FOUR,0.7318,0.0304,0.2378
CLUBS SIX DIAMONDS SEVEN,0.5618,0.0104,0.4278
DIAMONDS QUEEN HEARTS NINE,0.5672,0.0074,0.4254
SPADES ACE SPADES QUEEN,0.315,0.0042,0.6808
DIAMONDS ACE CLUBS KING,0.2228,0.0134,0.7638
SPADES FOUR SPADES THREE,0.6446,0.0364,0.319
HEARTS SIX SPADES THREE,0.614,0.0096,0.3764
SPADES EIGHT SPADES THREE,0.5918,0.0074,0.4008
CLUBS EIGHT HEARTS TWO,0.6444,0.0072,0.3484
SPADES SIX HEARTS NINE,0.5648,0.0088,0.4264
HEARTS SIX SPADES FIVE,0.5592,0.0076,0.4332
HEARTS SIX SPADES EIGHT,0.574,0.0064,0.4196
CLUBS SEVEN CLUBS FOUR,0.6566,0.0286,0.3148
DIAMONDS ACE DIAMONDS SIX,0.348,0.0044,0.6476
DIAMONDS NINE DIAMONDS EIGHT,0.5122,0.0076,0.4802
DIAMONDS SIX CLUBS QUEEN,0.6116,0.0064,0.382
SPADES SEVEN DIAMONDS SIX,0.5648,0.0066,0.4286
SPADES TEN DIAMONDS SIX,0.5962,0.008,0.3958
HEARTS EIGHT SPADES KING,0.2278,0.2376,0.5346
CLUBS JACK SPADES FOUR,0.725,0.0364,0.2386
HEARTS KING HEARTS TEN,0.2254,0.1126,0.662
SPADES NINE DIAMONDS SIX,0.5762,0.0078,0.416
HEARTS TWO CLUBS QUEEN,0.632,0.008,0.36
HEARTS THREE CLUBS KING,0.2624,0.5232,0.2144
CLUBS JACK CLUBS TEN,0.5008,0.0058,0.4934
DIAMONDS THREE DIAMONDS NINE,0.6028,0.0114,0.3858
SPADES QUEEN DIAMONDS SEVEN,0.5996,0.0068,0.3936
HEARTS FIVE SPADES FIVE,0.3328,0.02,0.6472
CLUBS NINE HEARTS NINE,0.3168,0.0096,0.6736
DIAMONDS ACE SPADES FIVE,0.335,0.0032,0.6618
CLUBS EIGHT DIAMONDS ACE,0.3578,0.005,0.6372
CLUBS NINE SPADES THREE,0.6424,0.009,0.3486
DIAMONDS QUEEN CLUBS KING,0.2374,0.0606,0.702
SPADES JACK CLUBS EIGHT,0.5758,0.0086,0.4156
HEARTS ACE SPADES TWO,0.376,0.0048,0.6192
HEARTS TWO SPADES THREE,0.6368,0.0112,0.352
HEARTS EIGHT CLUBS TEN,0.5562,0.007,0.4368
HEARTS EIGHT HEARTS ACE,0.3322,0.0066,0.6612
CLUBS EIGHT HEARTS ACE,0.347,0.005,0.648
HEARTS EIGHT SPADES NINE,0.5502,0.009,0.4408
CLUBS SEVEN SPADES SEVEN,0.3286,0.0114,0.66
CLUBS EIGHT CLUBS THREE,0.6056,0.01,0.3844
HEARTS TEN DIAMONDS FOUR,0.7376,0.0398,0.2226
SPADES ACE SPADES FOUR,0.21,0.0246,0.7654
DIAMONDS ACE HEARTS NINE,0.35,0.0054,0.6446
SPADES ACE HEARTS TEN,0.349,0.0056,0.6454
HEARTS SEVEN DIAMONDS SEVEN,0.322,0.0148,0.6632
DIAMONDS THREE SPADES FIVE,0.6066,0.011,0.3824
DIAMONDS QUEEN CLUBS QUEEN,0.2858,0.0036,0.7106
HEARTS EIGHT CLUBS KING,0.2334,0.2324,0.5342
HEARTS KING DIAMONDS FIVE,0.2234,0.464,0.3126
SPADES EIGHT SPADES FIVE,0.55,0.0074,0.4426
DIAMONDS TWO CLUBS QUEEN,0.645,0.007,0.348
SPADES EIGHT CLUBS FIVE,0.5832,0.008,0.4088
CLUBS SIX CLUBS FOUR,0.6348,0.0354,0.3298
HEARTS TWO HEARTS QUEEN,0.5994,0.0096,0.391
DIAMONDS ACE HEARTS TEN,0.331,0.0072,0.6618
HEARTS EIGHT SPADES QUEEN,0.5888,0.0062,0.405
CLUBS THREE CLUBS QUEEN,0.6048,0.0092,0.386
CLUBS SEVEN SPADES FIVE,0.5908,0.0076,0.4016
CLUBS NINE CLUBS QUEEN,0.5372,0.0068,0.456
CLUBS SEVEN CLUBS QUEEN,0.543,0.0082,0.4488
HEARTS KING HEARTS JACK,0.2264,0.0868,0.6868
CLUBS FOUR CLUBS QUEEN,0.685,0.0364,0.2786
SPADES FOUR SPADES TWO,0.6532,0.0396,0.3072
HEARTS SEVEN HEARTS THREE,0.6062,0.0098,0.384
SPADES TEN CLUBS FIVE,0.6014,0.0062,0.3924
CLUBS SEVEN SPADES NINE,0.575,0.0066,0.4184
CLUBS FIVE CLUBS QUEEN,0.569,0.009,0.422
HEARTS FIVE DIAMONDS SIX,0.5648,0.0098,0.4254
CLUBS JACK DIAMONDS QUEEN,0.5648,0.0062,0.429
CLUBS SEVEN DIAMONDS QUEEN,0.5998,0.008,0.3922
DIAMONDS TEN DIAMONDS EIGHT,0.5418,0.0058,0.4524
HEARTS TWO SPADES SIX,0.6274,0.0094,0.3632
CLUBS EIGHT DIAMONDS SIX,0.5794,0.0084,0.4122
CLUBS NINE HEARTS THREE,0.6428,0.0074,0.3498
SPADES ACE HEARTS EIGHT,0.3506,0.0046,0.6448
HEARTS FIVE DIAMONDS JACK,0.5844,0.0096,0.406
CLUBS THREE DIAMONDS SIX,0.622,0.0094,0.3686
CLUBS THREE SPADES FIVE,0.605,0.0096,0.3854
SPADES KING DIAMONDS TEN,0.242,0.1144,0.6436
SPADES TEN HEARTS KING,0.2284,0.114,0.6576
CLUBS THREE SPADES THREE,0.4344,0.018,0.5476
SPADES ACE DIAMONDS SEVEN,0.37,0.0052,0.6248
CLUBS KING DIAMONDS FOUR,0.0176,0.9726,0.0098
SPADES FOUR DIAMONDS SIX,0.6948,0.0344,0.2708
CLUBS FOUR DIAMONDS QUEEN,0.7254,0.0382,0.2364
HEARTS EIGHT CLUBS FIVE,0.5864,0.0068,0.4068
SPADES FOUR DIAMONDS FIVE,0.677,0.0366,0.2864
CLUBS JACK HEARTS EIGHT,0.558,0.0082,0.4338
HEARTS FIVE SPADES TWO,0.6098,0.0114,0.3788
CLUBS TEN CLUBS THREE,0.5818,0.0116,0.4066
DIAMONDS TEN HEARTS JACK,0.5532,0.0078,0.439
DIAMONDS TWO DIAMONDS SIX,0.5992,0.0118,0.389
CLUBS TEN HEARTS SIX,0.5956,0.0088,0.3956
SPADES ACE HEARTS THREE,0.378,0.007,0.615
DIAMONDS THREE SPADES NINE,0.6288,0.008,0.3632
SPADES ACE HEARTS ACE,0.1244,0.0046,0.871
DIAMONDS NINE SPADES TWO,0.6158,0.0082,0.376
SPADES JACK DIAMONDS SEVEN,0.5874,0.0058,0.4068
DIAMONDS THREE CLUBS SIX,0.6188,0.0092,0.372
SPADES JACK DIAMONDS TEN,0.5474,0.0054,0.4472
CLUBS THREE HEARTS KING,0.2584,0.5176,0.224
SPADES KING CLUBS FIVE,0.2254,0.4614,0.3132
SPADES QUEEN HEARTS NINE,0.5772,0.0064,0.4164
SPADES SEVEN SPADES FOUR,0.6456,0.0316,0.3228
HEARTS THREE HEARTS ACE,0.3698,0.0044,0.6258
SPADES SIX DIAMONDS TEN,0.5872,0.009,0.4038
SPADES TEN DIAMONDS FOUR,0.7236,0.0396,0.2368
SPADES SIX CLUBS KING,0.2234,0.3818,0.3948
CLUBS EIGHT CLUBS ACE,0.3354,0.0046,0.66
DIAMONDS ACE CLUBS THREE,0.3706,0.004,0.6254
HEARTS FIVE CLUBS THREE,0.6014,0.0102,0.3884
DIAMONDS TEN DIAMONDS FOUR,0.7072,0.0338,0.259
CLUBS JACK DIAMONDS SIX,0.6046,0.0064,0.389
CLUBS FOUR DIAMONDS FOUR,0.3104,0.027,0.6626
SPADES ACE CLUBS SIX,0.3598,0.005,0.6352
SPADES KING CLUBS TWO,0.271,0.5114,0.2176
SPADES THREE DIAMONDS EIGHT,0.6446,0.009,0.3464
DIAMONDS NINE DIAMONDS FOUR,0.702,0.031,0.267
SPADES QUEEN DIAMONDS ACE,0.3488,0.0056,0.6456
CLUBS JACK HEARTS ACE,0.352,0.0044,0.6436
CLUBS NINE CLUBS FOUR,0.6728,0.031,0.2962
CLUBS TWO HEARTS JACK,0.6328,0.0082,0.359
DIAMONDS TWO CLUBS TWO,0.4476,0.0206,0.5318
SPADES TEN SPADES FOUR,0.6798,0.038,0.2822
CLUBS NINE HEARTS QUEEN,0.5694,0.0056,0.425
CLUBS FIVE SPADES FOUR,0.669,0.0326,0.2984
SPADES NINE CLUBS QUEEN,0.566,0.0056,0.4284
HEARTS THREE HEARTS JACK,0.5998,0.0074,0.3928
DIAMONDS SEVEN HEARTS JACK,0.5846,0.0054,0.41
DIAMONDS JACK HEARTS JACK,0.2814,0.0078,0.7108
CLUBS TEN HEARTS TWO,0.6212,0.0082,0.3706
DIAMONDS TWO CLUBS ACE,0.3874,0.003,0.6096
HEARTS SIX CLUBS QUEEN,0.602,0.0086,0.3894
SPADES JACK SPADES SIX,0.5648,0.008,0.4272
HEARTS FIVE CLUBS SIX,0.5688,0.0084,0.4228
SPADES FOUR DIAMONDS SEVEN,0.7034,0.0326,0.264
SPADES THREE HEARTS QUEEN,0.6358,0.0086,0.3556
DIAMONDS TWO HEARTS TEN,0.6408,0.0074,0.3518
DIAMONDS ACE HEARTS KING,0.2208,0.0142,0.765
HEARTS ACE DIAMONDS FIVE,0.346,0.0058,0.6482
CLUBS JACK CLUBS FIVE,0.554,0.0076,0.4384
SPADES NINE CLUBS ACE,0.3578,0.0044,0.6378
SPADES EIGHT DIAMONDS FOUR,0.728,0.033,0.239
SPADES JACK DIAMONDS QUEEN,0.5576,0.007,0.4354
CLUBS THREE CLUBS TWO,0.6014,0.0084,0.3902
DIAMONDS ACE CLUBS ACE,0.1148,0.004,0.8812
HEARTS TWO DIAMONDS TEN,0.6532,0.0082,0.3386
SPADES ACE DIAMONDS ACE,0.119,0.0052,0.8758
CLUBS SEVEN CLUBS FIVE,0.5312,0.0082,0.4606
SPADES EIGHT HEARTS QUEEN,0.5884,0.0078,0.4038
DIAMONDS THREE DIAMONDS EIGHT,0.6134,0.0064,0.3802
SPADES THREE CLUBS QUEEN,0.6348,0.0072,0.358
SPADES JACK SPADES FOUR,0.6916,0.0358,0.2726
HEARTS SEVEN HEARTS ACE,0.3424,0.0066,0.651
HEARTS EIGHT CLUBS TWO,0.644,0.0088,0.3472
CLUBS JACK SPADES QUEEN,0.5488,0.0068,0.4444
CLUBS JACK SPADES SIX,0.6084,0.0076,0.384
CLUBS SIX SPADES FOUR,0.692,0.0264,0.2816
CLUBS THREE HEARTS ACE,0.3764,0.0058,0.6178
SPADES THREE DIAMONDS SEVEN,0.6218,0.0064,0.3718
DIAMONDS THREE HEARTS QUEEN,0.6468,0.0088,0.3444
DIAMONDS QUEEN DIAMONDS FIVE,0.5788,0.0088,0.4124
DIAMONDS THREE SPADES QUEEN,0.647,0.0072,0.3458
CLUBS EIGHT DIAMONDS TEN,0.56,0.0052,0.4348
DIAMONDS THREE HEARTS KING,0.2546,0.5234,0.222
SPADES QUEEN HEARTS QUEEN,0.2852,0.0032,0.7116
CLUBS TEN CLUBS FOUR,0.6668,0.0342,0.299
CLUBS SIX CLUBS TWO,0.5946,0.0082,0.3972
CLUBS SIX DIAMONDS TEN,0.589,0.0084,0.4026
SPADES QUEEN HEARTS KING,0.2398,0.0596,0.7006
DIAMONDS THREE SPADES THREE,0.45,0.0174,0.5326
SPADES SEVEN SPADES SIX,0.5248,0.007,0.4682
SPADES SEVEN DIAMONDS SEVEN,0.3418,0.0124,0.6458
HEARTS FIVE SPADES THREE,0.6062,0.0072,0.3866
CLUBS NINE HEARTS TWO,0.633,0.009,0.358
HEARTS THREE SPADES NINE,0.6398,0.0066,0.3536
SPADES FIVE SPADES THREE,0.5608,0.0088,0.4304
CLUBS JACK DIAMONDS JACK,0.2992,0.0048,0.696
SPADES JACK DIAMONDS ACE,0.3466,0.0052,0.6482
CLUBS TEN CLUBS ACE,0.3186,0.0036,0.6778
CLUBS SEVEN HEARTS TWO,0.6338,0.0088,0.3574
HEARTS SIX DIAMONDS SIX,0.3258,0.0178,0.6564
SPADES TEN DIAMONDS SEVEN,0.5962,0.0086,0.3952
HEARTS FIVE CLUBS KING,0.2104,0.4614,0.3282
SPADES SEVEN HEARTS QUEEN,0.586,0.0068,0.4072
HEARTS TWO HEARTS KING,0.265,0.4832,0.2518
HEARTS THREE DIAMONDS JACK,0.6384,0.0088,0.3528
SPADES QUEEN SPADES SEVEN,0.5654,0.007,0.4276
SPADES FIVE CLUBS KING,0.2088,0.4612,0.33
SPADES FIVE DIAMONDS SEVEN,0.576,0.0094,0.4146
CLUBS TEN DIAMONDS SIX,0.5798,0.0058,0.4144
HEARTS SIX HEARTS KING,0.2136,0.3716,0.4148
CLUBS THREE CLUBS KING,0.2416,0.4852,0.2732
SPADES JACK HEARTS THREE,0.6346,0.008,0.3574
SPADES KING HEARTS FIVE,0.2052,0.4676,0.3272
HEARTS TWO HEARTS TEN,0.589,0.01,0.401
SPADES QUEEN HEARTS TWO,0.6422,0.0086,0.3492
DIAMONDS FIVE DIAMONDS FOUR,0.6438,0.034,0.3222
CLUBS NINE HEARTS TEN,0.544,0.0084,0.4476
CLUBS FIVE DIAMONDS TEN,0.5988,0.0074,0.3938
DIAMONDS QUEEN SPADES FOUR,0.7442,0.0312,0.2246
DIAMONDS JACK DIAMONDS NINE,0.5194,0.009,0.4716
CLUBS SEVEN DIAMONDS FIVE,0.583,0.0102,0.4068
CLUBS EIGHT SPADES FIVE,0.5902,0.0082,0.4016
DIAMONDS TWO HEARTS JACK,0.64,0.0084,0.3516
SPADES TEN HEARTS TWO,0.6362,0.008,0.3558
CLUBS NINE DIAMONDS FOUR,0.7302,0.0334,0.2364
HEARTS SEVEN HEARTS TEN,0.536,0.0104,0.4536
SPADES ACE DIAMONDS JACK,0.3438,0.0048,0.6514
CLUBS TEN HEARTS NINE,0.5472,0.0068,0.446
SPADES FOUR HEARTS JACK,0.7194,0.0346,0.246
HEARTS EIGHT SPADES THREE,0.6328,0.0102,0.357
CLUBS SEVEN HEARTS THREE,0.625,0.0076,0.3674
SPADES SIX DIAMONDS JACK,0.6098,0.0064,0.3838
HEARTS EIGHT CLUBS NINE,0.5508,0.0074,0.4418
CLUBS SEVEN CLUBS SIX,0.5246,0.0082,0.4672
SPADES SIX SPADES FOUR,0.6586,0.0338,0.3076
CLUBS ACE CLUBS QUEEN,0.331,0.0022,0.6668
SPADES QUEEN HEARTS TEN,0.5466,0.0074,0.446
SPADES EIGHT SPADES FOUR,0.6712,0.0286,0.3002
SPADES FIVE HEARTS ACE,0.3458,0.0034,0.6508
SPADES QUEEN CLUBS SIX,0.6038,0.006,0.3902
HEARTS ACE DIAMONDS SIX,0.3548,0.0034,0.6418
SPADES QUEEN DIAMONDS NINE,0.5684,0.0064,0.4252
SPADES JACK HEARTS ACE,0.3312,0.005,0.6638
CLUBS SEVEN HEARTS QUEEN,0.5982,0.005,0.3968
SPADES NINE HEARTS TEN,0.5412,0.0062,0.4526
DIAMONDS TWO SPADES QUEEN,0.6302,0.0124,0.3574
SPADES QUEEN SPADES JACK,0.5224,0.0072,0.4704
SPADES KING SPADES FOUR,0.0198,0.9136,0.0666
SPADES SIX HEARTS ACE,0.3706,0.0044,0.625
HEARTS FIVE SPADES FOUR,0.6756,0.0346,0.2898
DIAMONDS TWO DIAMONDS JACK,0.6088,0.0074,0.3838
DIAMONDS THREE SPADES TEN,0.6292,0.0086,0.3622
CLUBS KING DIAMONDS FIVE,0.233,0.4528,0.3142
CLUBS JACK SPADES TEN,0.5488,0.0058,0.4454
HEARTS SIX SPADES TWO,0.6362,0.0088,0.355
CLUBS TWO CLUBS KING,0.262,0.4652,0.2728
HEARTS SEVEN HEARTS NINE,0.534,0.006,0.46
HEARTS JACK CLUBS KING,0.2412,0.08,0.6788
DIAMONDS SIX CLUBS KING,0.233,0.3708,0.3962
CLUBS JACK SPADES THREE,0.628,0.008,0.364
HEARTS SIX DIAMONDS EIGHT,0.5814,0.008,0.4106
SPADES SIX CLUBS QUEEN,0.6046,0.0064,0.389
SPADES SIX HEARTS KING,0.2152,0.3768,0.408
HEARTS QUEEN HEARTS JACK,0.5286,0.008,0.4634
HEARTS SEVEN CLUBS FIVE,0.5812,0.0074,0.4114
SPADES THREE HEARTS NINE,0.6232,0.0078,0.369
DIAMONDS TEN CLUBS ACE,0.3394,0.0046,0.656
DIAMONDS ACE CLUBS QUEEN,0.35,0.005,0.645
CLUBS SEVEN DIAMONDS ACE,0.3568,0.0042,0.639
CLUBS SEVEN SPADES THREE,0.6244,0.008,0.3676
SPADES QUEEN CLUBS FOUR,0.7344,0.0394,0.2262
CLUBS JACK SPADES SEVEN,0.5878,0.0058,0.4064
SPADES SEVEN DIAMONDS FOUR,0.702,0.0306,0.2674
SPADES FOUR DIAMONDS FOUR,0.3062,0.0294,0.6644
HEARTS JACK DIAMONDS FIVE,0.5902,0.0078,0.402
DIAMONDS TWO CLUBS THREE,0.6444,0.009,0.3466
SPADES JACK DIAMONDS FOUR,0.73,0.0374,0.2326
SPADES KING SPADES THREE,0.2596,0.4814,0.259
CLUBS FIVE DIAMONDS FIVE,0.3336,0.0158,0.6506
DIAMONDS THREE CLUBS FOUR,0.6948,0.036,0.2692
CLUBS JACK SPADES NINE,0.5472,0.0062,0.4466
DIAMONDS EIGHT DIAMONDS FOUR,0.6822,0.0316,0.2862
SPADES EIGHT CLUBS QUEEN,0.5842,0.0072,0.4086
SPADES NINE HEARTS JACK,0.5448,0.0062,0.449
SPADES KING SPADES FIVE,0.2068,0.4264,0.3668
SPADES KING SPADES JACK,0.2204,0.0838,0.6958
DIAMONDS THREE CLUBS SEVEN,0.641,0.0102,0.3488
CLUBS KING HEARTS NINE,0.2366,0.1632,0.6002
CLUBS TWO DIAMONDS EIGHT,0.622,0.0112,0.3668
HEARTS KING DIAMONDS FOUR,0.0084,0.984,0.0076
CLUBS SIX CLUBS ACE,0.3314,0.005,0.6636
DIAMONDS TWO CLUBS NINE,0.635,0.0092,0.3558
CLUBS FIVE DIAMONDS FOUR,0.6864,0.0354,0.2782
HEARTS FIVE CLUBS TWO,0.6254,0.009,0.3656
HEARTS ACE DIAMONDS SEVEN,0.3602,0.0064,0.6334
SPADES FOUR HEARTS ACE,0.2132,0.0242,0.7626
DIAMONDS ACE DIAMONDS QUEEN,0.3304,0.0038,0.6658
DIAMONDS QUEEN DIAMONDS TEN,0.5284,0.0084,0.4632
DIAMONDS THREE CLUBS THREE,0.439,0.0204,0.5406
DIAMONDS TEN HEARTS QUEEN,0.5544,0.0078,0.4378
SPADES QUEEN SPADES SIX,0.5664,0.0068,0.4268
CLUBS SIX SPADES SEVEN,0.5584,0.0076,0.434
DIAMONDS ACE SPADES SIX,0.3466,0.0072,0.6462
DIAMONDS SEVEN DIAMONDS FOUR,0.665,0.032,0.303
SPADES TWO HEARTS TEN,0.6356,0.0078,0.3566
SPADES NINE CLUBS SIX,0.5852,0.0076,0.4072
HEARTS ACE HEARTS KING,0.222,0.0138,0.7642
SPADES QUEEN CLUBS KING,0.26,0.0598,0.6802
HEARTS SIX HEARTS ACE,0.351,0.005,0.644
SPADES KING DIAMONDS SIX,0.2222,0.398,0.3798
CLUBS FOUR SPADES FIVE,0.6726,0.0292,0.2982
CLUBS THREE SPADES TWO,0.6392,0.0096,0.3512
CLUBS NINE SPADES FIVE,0.586,0.007,0.407
SPADES THREE DIAMONDS FIVE,0.6148,0.0096,0.3756
CLUBS ACE DIAMONDS FIVE,0.3484,0.0074,0.6442
SPADES SEVEN CLUBS KING,0.2284,0.2962,0.4754
SPADES ACE CLUBS THREE,0.3788,0.0048,0.6164
CLUBS EIGHT HEARTS FIVE,0.5906,0.0074,0.402
HEARTS JACK DIAMONDS FOUR,0.7276,0.042,0.2304
HEARTS EIGHT CLUBS FOUR,0.7092,0.0308,0.26
HEARTS ACE DIAMONDS NINE,0.3602,0.005,0.6348
HEARTS EIGHT DIAMONDS THREE,0.6436,0.0132,0.3432
SPADES QUEEN CLUBS SEVEN,0.5906,0.0068,0.4026
CLUBS JACK CLUBS ACE,0.334,0.004,0.662
SPADES EIGHT DIAMONDS QUEEN,0.5916,0.0062,0.4022
SPADES SEVEN HEARTS JACK,0.5878,0.0084,0.4038
DIAMONDS THREE SPADES SEVEN,0.6312,0.01,0.3588
DIAMONDS ACE HEARTS ACE,0.112,0.0042,0.8838
SPADES NINE HEARTS TWO,0.6238,0.0094,0.3668
SPADES TEN CLUBS SIX,0.5886,0.005,0.4064
CLUBS FOUR CLUBS THREE,0.6406,0.0332,0.3262
DIAMONDS NINE SPADES THREE,0.6326,0.0096,0.3578
HEARTS SIX HEARTS TEN,0.5652,0.0074,0.4274
HEARTS SIX DIAMONDS FOUR,0.6966,0.0316,0.2718
DIAMONDS TWO HEARTS TWO,0.4556,0.0214,0.523
DIAMONDS JACK SPADES TWO,0.637,0.0084,0.3546
HEARTS EIGHT CLUBS SEVEN,0.5458,0.0066,0.4476
HEARTS FIVE SPADES TEN,0.6016,0.0084,0.39
CLUBS JACK CLUBS TWO,0.59,0.0096,0.4004
CLUBS NINE CLUBS SIX,0.5246,0.0078,0.4676
HEARTS TWO CLUBS FIVE,0.6282,0.0094,0.3624
DIAMONDS SIX DIAMONDS FIVE,0.5428,0.0092,0.448
CLUBS EIGHT SPADES FOUR,0.715,0.0354,0.2496
CLUBS FOUR CLUBS ACE,0.2074,0.027,0.7656
CLUBS NINE SPADES FOUR,0.7266,0.0316,0.2418
CLUBS NINE DIAMONDS JACK,0.5592,0.0076,0.4332
CLUBS JACK DIAMONDS SEVEN,0.5912,0.0092,0.3996
DIAMONDS EIGHT HEARTS QUEEN,0.6098,0.0096,0.3806
CLUBS TEN DIAMONDS JACK,0.5616,0.0064,0.432
HEARTS THREE DIAMONDS FOUR,0.7056,0.0352,0.2592
CLUBS SEVEN HEARTS TEN,0.5744,0.0064,0.4192
HEARTS EIGHT DIAMONDS NINE,0.5568,0.0092,0.434
CLUBS EIGHT CLUBS SEVEN,0.5166,0.007,0.4764
HEARTS EIGHT SPADES FOUR,0.7058,0.0336,0.2606
CLUBS FOUR CLUBS KING,0.0218,0.9096,0.0686
SPADES EIGHT DIAMONDS FIVE,0.5976,0.0072,0.3952
SPADES QUEEN DIAMONDS SIX,0.602,0.006,0.392
CLUBS SEVEN SPADES TWO,0.6408,0.0094,0.3498
DIAMONDS JACK CLUBS KING,0.248,0.0926,0.6594
HEARTS SIX SPADES TEN,0.591,0.007,0.402
SPADES ACE CLUBS FOUR,0.2366,0.0254,0.738
CLUBS FOUR DIAMONDS FIVE,0.6608,0.041,0.2982
CLUBS FIVE DIAMONDS QUEEN,0.6058,0.0062,0.388
SPADES ACE DIAMONDS FIVE,0.3522,0.005,0.6428
CLUBS THREE HEARTS TEN,0.6274,0.0088,0.3638
DIAMONDS SEVEN DIAMONDS SIX,0.5328,0.011,0.4562
SPADES ACE DIAMONDS FOUR,0.2288,0.0268,0.7444
CLUBS NINE HEARTS ACE,0.3542,0.0046,0.6412
CLUBS FIVE DIAMONDS NINE,0.5826,0.0064,0.411
SPADES EIGHT CLUBS ACE,0.3614,0.002,0.6366
DIAMONDS TWO DIAMONDS QUEEN,0.6008,0.0098,0.3894
CLUBS JACK DIAMONDS EIGHT,0.5782,0.0066,0.4152
SPADES NINE SPADES FIVE,0.5452,0.0108,0.444
CLUBS FIVE HEARTS TEN,0.602,0.0086,0.3894
HEARTS EIGHT HEARTS TEN,0.5304,0.007,0.4626
CLUBS NINE SPADES TWO,0.6342,0.009,0.3568
HEARTS KING DIAMONDS EIGHT,0.2334,0.2378,0.5288
DIAMONDS EIGHT HEARTS JACK,0.5764,0.0102,0.4134
HEARTS SEVEN CLUBS FOUR,0.7044,0.032,0.2636
CLUBS FOUR SPADES SIX,0.6958,0.0266,0.2776
CLUBS SEVEN DIAMONDS FOUR,0.71,0.0282,0.2618
SPADES ACE HEARTS NINE,0.3568,0.0044,0.6388
DIAMONDS TWO CLUBS KING,0.2794,0.506,0.2146
HEARTS SEVEN SPADES FOUR,0.6968,0.028,0.2752
CLUBS NINE CLUBS TWO,0.591,0.0084,0.4006
CLUBS NINE DIAMONDS NINE,0.307,0.0104,0.6826
CLUBS FOUR SPADES THREE,0.6982,0.032,0.2698
DIAMONDS JACK CLUBS ACE,0.353,0.004,0.643
HEARTS SEVEN CLUBS NINE,0.5586,0.0052,0.4362
SPADES SEVEN SPADES TWO,0.6026,0.0098,0.3876
SPADES EIGHT SPADES SEVEN,0.5302,0.0062,0.4636
HEARTS EIGHT HEARTS KING,0.2222,0.2252,0.5526
SPADES NINE SPADES FOUR,0.6742,0.032,0.2938
DIAMONDS ACE DIAMONDS NINE,0.3464,0.0076,0.646
DIAMONDS QUEEN DIAMONDS JACK,0.5466,0.007,0.4464
CLUBS SIX SPADES THREE,0.616,0.0088,0.3752
SPADES JACK CLUBS SEVEN,0.5876,0.0068,0.4056
CLUBS EIGHT HEARTS THREE,0.6418,0.011,0.3472
HEARTS SEVEN SPADES THREE,0.628,0.0084,0.3636
HEARTS EIGHT CLUBS EIGHT,0.3324,0.011,0.6566
DIAMONDS THREE HEARTS JACK,0.6368,0.0106,0.3526
HEARTS EIGHT DIAMONDS SIX,0.568,0.0082,0.4238
SPADES ACE CLUBS SEVEN,0.3448,0.0046,0.6506
DIAMONDS THREE SPADES KING,0.2802,0.5102,0.2096
HEARTS SEVEN SPADES TWO,0.6288,0.0106,0.3606
CLUBS EIGHT SPADES TEN,0.5508,0.007,0.4422
HEARTS SIX CLUBS ACE,0.3618,0.0036,0.6346
CLUBS TWO HEARTS NINE,0.6204,0.007,0.3726
CLUBS TEN DIAMONDS QUEEN,0.5614,0.007,0.4316
CLUBS THREE DIAMONDS NINE,0.6278,0.01,0.3622
HEARTS JACK DIAMONDS SIX,0.6008,0.011,0.3882
CLUBS EIGHT CLUBS FIVE,0.5502,0.0082,0.4416
SPADES NINE DIAMONDS ACE,0.349,0.0048,0.6462
DIAMONDS ACE CLUBS TWO,0.3756,0.0038,0.6206
DIAMONDS JACK HEARTS KING,0.2464,0.0888,0.6648
DIAMONDS EIGHT HEARTS TEN,0.5564,0.0092,0.4344
DIAMONDS JACK DIAMONDS SIX,0.5872,0.0084,0.4044
HEARTS SEVEN DIAMONDS TEN,0.5748,0.0084,0.4168
CLUBS NINE SPADES EIGHT,0.5504,0.0062,0.4434
CLUBS SEVEN SPADES FOUR,0.692,0.032,0.276
SPADES JACK SPADES TEN,0.5068,0.0048,0.4884
CLUBS SEVEN SPADES EIGHT,0.5552,0.0088,0.436
SPADES FIVE DIAMONDS FOUR,0.6746,0.0362,0.2892
CLUBS QUEEN DIAMONDS FOUR,0.73,0.0394,0.2306
HEARTS SEVEN HEARTS JACK,0.5544,0.0112,0.4344
HEARTS SIX HEARTS QUEEN,0.5594,0.0066,0.434
HEARTS EIGHT SPADES JACK,0.5676,0.0086,0.4238
DIAMONDS QUEEN DIAMONDS SIX,0.5676,0.009,0.4234
