opposingHand,winningChance,drawChance,lostChance
HEARTS QUEEN CLUBS QUEEN
HEARTS FIVE SPADES TEN,0.8404,0.0162,0.1434
SPADES JACK HEARTS FIVE,0.8422,0.0136,0.1442
SPADES FIVE CLUBS JACK,0.8432,0.0108,0.146
CLUBS TEN SPADES FIVE,0.8372,0.0218,0.141
CLUBS EIGHT CLUBS JACK,0.7992,0.0102,0.1906
CLUBS TEN CLUBS EIGHT,0.7722,0.0166,0.2112
CLUBS EIGHT CLUBS KING,0.6812,0.0048,0.314
SPADES FIVE CLUBS ACE,0.6856,0.0034,0.311
SPADES FIVE CLUBS KING,0.7076,0.0038,0.2886
CLUBS EIGHT CLUBS ACE,0.6548,0.0042,0.341
DIAMONDS TWO DIAMONDS THREE,0.7624,0.035,0.2026
DIAMONDS TWO DIAMONDS FIVE,0.7856,0.0338,0.1806
SPADES KING HEARTS FIVE,0.7118,0.0038,0.2844
DIAMONDS TWO DIAMONDS FOUR,0.7594,0.0352,0.2054
SPADES QUEEN HEARTS FIVE,0.891,0.025,0.084
DIAMONDS TWO DIAMONDS SEVEN,0.8034,0.031,0.1656
DIAMONDS TWO DIAMONDS SIX,0.7966,0.031,0.1724
SPADES ACE HEARTS FIVE,0.701,0.0036,0.2954
DIAMONDS TWO DIAMONDS NINE,0.805,0.0214,0.1736
DIAMONDS TWO DIAMONDS EIGHT,0.8024,0.0254,0.1722
DIAMONDS THREE DIAMONDS FOUR,0.757,0.0366,0.2064
CLUBS TWO SPADES FOUR,0.8104,0.037,0.1526
DIAMONDS THREE DIAMONDS FIVE,0.7536,0.0328,0.2136
SPADES FIVE CLUBS TWO,0.8132,0.036,0.1508
CLUBS TWO SPADES TWO,0.7454,0.0694,0.1852
CLUBS TWO SPADES THREE,0.8182,0.0386,0.1432
DIAMONDS THREE DIAMONDS EIGHT,0.8058,0.0258,0.1684
SPADES EIGHT CLUBS TWO,0.847,0.0266,0.1264
DIAMONDS THREE DIAMONDS NINE,0.7922,0.0222,0.1856
SPADES NINE CLUBS TWO,0.8448,0.0196,0.1356
DIAMONDS THREE DIAMONDS SIX,0.7744,0.028,0.1976
SPADES SIX CLUBS TWO,0.8326,0.033,0.1344
DIAMONDS THREE DIAMONDS SEVEN,0.7812,0.0358,0.183
SPADES SEVEN CLUBS TWO,0.8472,0.0296,0.1232
CLUBS SIX CLUBS TWO,0.8,0.035,0.165
CLUBS SEVEN CLUBS TWO,0.826,0.0276,0.1464
CLUBS FOUR CLUBS TWO,0.7868,0.0324,0.1808
CLUBS FIVE CLUBS TWO,0.7752,0.0364,0.1884
CLUBS TEN CLUBS JACK,0.795,0.0108,0.1942
DIAMONDS FOUR DIAMONDS SIX,0.7456,0.0344,0.22
DIAMONDS FOUR DIAMONDS SEVEN,0.7762,0.0288,0.195
CLUBS TEN CLUBS KING,0.6652,0.0058,0.329
CLUBS TEN CLUBS ACE,0.661,0.0042,0.3348
CLUBS EIGHT CLUBS TWO,0.8142,0.0256,0.1602
DIAMONDS FIVE DIAMONDS FOUR,0.733,0.0364,0.2306
CLUBS NINE CLUBS TWO,0.8112,0.0236,0.1652
DIAMONDS NINE DIAMONDS FOUR,0.7996,0.0242,0.1762
DIAMONDS EIGHT DIAMONDS FOUR,0.7774,0.0274,0.1952
CLUBS THREE CLUBS TWO,0.7938,0.034,0.1722
DIAMONDS NINE DIAMONDS FIVE,0.7798,0.021,0.1992
DIAMONDS TWO CLUBS JACK,0.8574,0.0108,0.1318
DIAMONDS EIGHT DIAMONDS FIVE,0.7674,0.0252,0.2074
CLUBS TEN DIAMONDS TWO,0.8502,0.0184,0.1314
DIAMONDS FIVE DIAMONDS SEVEN,0.7426,0.0332,0.2242
DIAMONDS FIVE DIAMONDS SIX,0.734,0.0292,0.2368
DIAMONDS TWO CLUBS ACE,0.6852,0.006,0.3088
DIAMONDS TWO CLUBS KING,0.7144,0.0042,0.2814
DIAMONDS EIGHT DIAMONDS SIX,0.7588,0.026,0.2152
DIAMONDS NINE DIAMONDS SIX,0.7714,0.022,0.2066
HEARTS ACE SPADES THREE,0.6868,0.0034,0.3098
SPADES THREE HEARTS KING,0.7162,0.0042,0.2796
DIAMONDS SEVEN DIAMONDS SIX,0.7496,0.026,0.2244
HEARTS JACK SPADES THREE,0.85,0.0134,0.1366
SPADES THREE HEARTS TEN,0.844,0.0144,0.1416
DIAMONDS EIGHT DIAMONDS SEVEN,0.7416,0.0236,0.2348
DIAMONDS NINE DIAMONDS SEVEN,0.7472,0.0224,0.2304
DIAMONDS NINE DIAMONDS EIGHT,0.7586,0.019,0.2224
DIAMONDS KING HEARTS TEN,0.709,0.0038,0.2872
HEARTS THREE HEARTS TEN,0.8102,0.0146,0.1752
SPADES JACK CLUBS SIX,0.8574,0.0124,0.1302
DIAMONDS KING HEARTS JACK,0.695,0.0026,0.3024
HEARTS THREE HEARTS JACK,0.822,0.008,0.17
SPADES TEN CLUBS SIX,0.832,0.014,0.154
SPADES JACK SPADES FIVE,0.8026,0.0098,0.1876
SPADES TEN SPADES FIVE,0.7958,0.0162,0.188
DIAMONDS KING HEARTS ACE,0.5606,0.0038,0.4356
HEARTS THREE HEARTS ACE,0.6544,0.0036,0.342
SPADES ACE CLUBS SIX,0.704,0.0028,0.2932
SPADES KING CLUBS SIX,0.7054,0.0032,0.2914
DIAMONDS KING HEARTS KING,0.1812,0.0358,0.783
HEARTS THREE HEARTS KING,0.6882,0.0038,0.308
SPADES QUEEN CLUBS SIX,0.8922,0.0266,0.0812
SPADES NINE HEARTS TEN,0.8048,0.0172,0.178
SPADES NINE HEARTS JACK,0.8374,0.0092,0.1534
SPADES QUEEN SPADES FIVE,0.8406,0.0276,0.1318
SPADES KING SPADES FIVE,0.6796,0.0038,0.3166
SPADES ACE SPADES FIVE,0.6456,0.0042,0.3502
SPADES NINE HEARTS KING,0.718,0.0042,0.2778
SPADES NINE HEARTS ACE,0.6962,0.0022,0.3016
CLUBS TEN SPADES JACK,0.83,0.011,0.159
CLUBS TEN SPADES TEN,0.743,0.063,0.194
SPADES ACE CLUBS TEN,0.7106,0.0028,0.2866
SPADES KING CLUBS TEN,0.7082,0.0032,0.2886
CLUBS TEN SPADES QUEEN,0.854,0.018,0.128
SPADES FIVE HEARTS KING,0.7002,0.0044,0.2954
HEARTS ACE SPADES FIVE,0.6764,0.0028,0.3208
CLUBS EIGHT SPADES TEN,0.8096,0.014,0.1764
HEARTS THREE SPADES JACK,0.8576,0.0094,0.133
SPADES JACK DIAMONDS KING,0.6978,0.0032,0.299
SPADES TEN DIAMONDS KING,0.7054,0.0032,0.2914
HEARTS THREE SPADES TEN,0.8474,0.0176,0.135
SPADES JACK CLUBS EIGHT,0.8426,0.0102,0.1472
CLUBS SIX HEARTS ACE,0.7068,0.005,0.2882
SPADES ACE CLUBS EIGHT,0.705,0.004,0.291
HEARTS FIVE CLUBS JACK,0.8534,0.0098,0.1368
CLUBS TEN HEARTS FIVE,0.8466,0.0158,0.1376
SPADES QUEEN CLUBS EIGHT,0.8784,0.0266,0.095
CLUBS TEN SPADES THREE,0.8558,0.0168,0.1274
CLUBS SIX HEARTS KING,0.721,0.0036,0.2754
SPADES KING CLUBS EIGHT,0.7248,0.0034,0.2718
SPADES THREE CLUBS JACK,0.8542,0.012,0.1338
DIAMONDS TWO HEARTS JACK,0.8626,0.0094,0.128
DIAMONDS TWO HEARTS TEN,0.8584,0.0164,0.1252
SPADES THREE CLUBS KING,0.7134,0.0038,0.2828
HEARTS FIVE CLUBS ACE,0.6944,0.0038,0.3018
SPADES FIVE HEARTS TEN,0.842,0.0174,0.1406
SPADES THREE CLUBS ACE,0.6938,0.004,0.3022
HEARTS FIVE CLUBS KING,0.7172,0.0046,0.2782
SPADES FIVE HEARTS JACK,0.8416,0.013,0.1454
HEARTS THREE CLUBS KING,0.7254,0.0052,0.2694
DIAMONDS KING CLUBS KING,0.188,0.041,0.771
HEARTS FIVE HEARTS JACK,0.8072,0.011,0.1818
HEARTS FIVE HEARTS TEN,0.8026,0.0184,0.179
HEARTS THREE CLUBS ACE,0.6948,0.0042,0.301
DIAMONDS KING CLUBS ACE,0.5664,0.0046,0.429
HEARTS THREE CLUBS JACK,0.8654,0.0116,0.123
DIAMONDS KING CLUBS JACK,0.7086,0.0054,0.286
CLUBS TEN HEARTS THREE,0.8616,0.016,0.1224
CLUBS TEN DIAMONDS KING,0.707,0.0054,0.2876
CLUBS SIX CLUBS KING,0.6602,0.005,0.3348
CLUBS SIX CLUBS ACE,0.6808,0.0052,0.314
HEARTS FIVE HEARTS KING,0.6726,0.0038,0.3236
CLUBS TEN CLUBS SIX,0.8004,0.0194,0.1802
HEARTS FIVE HEARTS ACE,0.6484,0.0052,0.3464
CLUBS SIX CLUBS JACK,0.818,0.0094,0.1726
SPADES SEVEN HEARTS JACK,0.8432,0.0098,0.147
SPADES SEVEN HEARTS TEN,0.8144,0.018,0.1676
DIAMONDS TWO CLUBS TWO,0.747,0.067,0.186
DIAMONDS TWO CLUBS THREE,0.8212,0.0368,0.142
HEARTS SIX DIAMONDS TWO,0.8312,0.0334,0.1354
DIAMONDS TWO HEARTS SEVEN,0.8506,0.027,0.1224
DIAMONDS TWO HEARTS KING,0.7182,0.0052,0.2766
DIAMONDS TWO HEARTS EIGHT,0.8462,0.0234,0.1304
DIAMONDS TWO HEARTS ACE,0.7026,0.0032,0.2942
DIAMONDS TWO HEARTS NINE,0.8536,0.0222,0.1242
DIAMONDS TWO DIAMONDS QUEEN,0.8512,0.024,0.1248
DIAMONDS TWO HEARTS TWO,0.7712,0.0594,0.1694
DIAMONDS TWO DIAMONDS KING,0.6868,0.0054,0.3078
HEARTS THREE DIAMONDS TWO,0.8244,0.0362,0.1394
DIAMONDS TWO DIAMONDS ACE,0.6562,0.0038,0.34
HEARTS FOUR DIAMONDS TWO,0.8178,0.0378,0.1444
DIAMONDS TWO HEARTS FIVE,0.8082,0.0386,0.1532
SPADES SEVEN HEARTS ACE,0.702,0.0034,0.2946
DIAMONDS TWO DIAMONDS TEN,0.7954,0.0136,0.191
SPADES SEVEN HEARTS KING,0.7172,0.0036,0.2792
DIAMONDS TWO DIAMONDS JACK,0.8076,0.0106,0.1818
DIAMONDS TWO SPADES NINE,0.8428,0.0218,0.1354
DIAMONDS TWO SPADES EIGHT,0.8314,0.026,0.1426
DIAMONDS TWO SPADES SEVEN,0.8352,0.0314,0.1334
DIAMONDS TWO SPADES SIX,0.8172,0.0324,0.1504
DIAMONDS TWO SPADES FIVE,0.8,0.0344,0.1656
DIAMONDS TWO SPADES FOUR,0.8134,0.0336,0.153
DIAMONDS TWO SPADES THREE,0.8114,0.0384,0.1502
DIAMONDS TWO SPADES TWO,0.7478,0.0608,0.1914
CLUBS NINE DIAMONDS TWO,0.8508,0.0242,0.125
DIAMONDS TWO CLUBS EIGHT,0.8496,0.027,0.1234
CLUBS SEVEN DIAMONDS TWO,0.8518,0.0278,0.1204
DIAMONDS TWO CLUBS SIX,0.8274,0.0354,0.1372
DIAMONDS TWO CLUBS FIVE,0.8078,0.037,0.1552
DIAMONDS TWO CLUBS FOUR,0.8118,0.0342,0.154
CLUBS FOUR SPADES FIVE,0.7814,0.0376,0.181
CLUBS FOUR SPADES FOUR,0.7494,0.0616,0.189
CLUBS FOUR SPADES THREE,0.7936,0.0336,0.1728
CLUBS FOUR SPADES TWO,0.8224,0.034,0.1436
SPADES NINE CLUBS FOUR,0.853,0.0212,0.1258
SPADES EIGHT CLUBS FOUR,0.8334,0.0266,0.14
SPADES SEVEN CLUBS FOUR,0.81,0.0332,0.1568
CLUBS FOUR SPADES SIX,0.8,0.0312,0.1688
SPADES ACE DIAMONDS SIX,0.7046,0.002,0.2934
SPADES QUEEN DIAMONDS SIX,0.8826,0.027,0.0904
SPADES KING DIAMONDS SIX,0.7116,0.0024,0.286
SPADES TEN DIAMONDS SIX,0.8318,0.012,0.1562
SPADES JACK DIAMONDS SIX,0.8408,0.01,0.1492
SPADES QUEEN SPADES TWO,0.8436,0.0252,0.1312
SPADES KING SPADES TWO,0.6844,0.0042,0.3114
SPADES ACE SPADES TWO,0.664,0.0026,0.3334
DIAMONDS JACK CLUBS JACK,0.7422,0.0776,0.1802
CLUBS TEN DIAMONDS JACK,0.8288,0.0094,0.1618
DIAMONDS JACK CLUBS KING,0.7062,0.004,0.2898
DIAMONDS THREE DIAMONDS JACK,0.8072,0.0134,0.1794
DIAMONDS THREE DIAMONDS TEN,0.8086,0.0148,0.1766
DIAMONDS JACK CLUBS ACE,0.6958,0.0026,0.3016
DIAMONDS THREE DIAMONDS KING,0.679,0.0044,0.3166
HEARTS THREE DIAMONDS THREE,0.7546,0.0594,0.186
DIAMONDS THREE DIAMONDS QUEEN,0.8444,0.0232,0.1324
DIAMONDS THREE HEARTS TWO,0.8252,0.0402,0.1346
HEARTS FIVE DIAMONDS THREE,0.7936,0.0356,0.1708
DIAMONDS THREE DIAMONDS ACE,0.6384,0.0038,0.3578
HEARTS FOUR DIAMONDS THREE,0.799,0.0354,0.1656
DIAMONDS THREE HEARTS SEVEN,0.8252,0.0326,0.1422
SPADES TEN SPADES NINE,0.7716,0.0198,0.2086
HEARTS SIX DIAMONDS THREE,0.8292,0.0304,0.1404
SPADES JACK SPADES NINE,0.783,0.0094,0.2076
DIAMONDS THREE HEARTS NINE,0.8498,0.0242,0.126
HEARTS JACK DIAMONDS FOUR,0.8418,0.0118,0.1464
HEARTS ACE HEARTS KING,0.535,0.0046,0.4604
SPADES TEN SPADES TWO,0.8072,0.0166,0.1762
DIAMONDS THREE HEARTS EIGHT,0.8526,0.0226,0.1248
HEARTS TEN DIAMONDS FOUR,0.841,0.0194,0.1396
SPADES JACK SPADES TWO,0.8022,0.0126,0.1852
HEARTS KING DIAMONDS FOUR,0.7048,0.0048,0.2904
SPADES ACE SPADES NINE,0.6484,0.004,0.3476
HEARTS ACE DIAMONDS FOUR,0.6866,0.0032,0.3102
SPADES KING SPADES NINE,0.6658,0.0038,0.3304
SPADES QUEEN SPADES NINE,0.822,0.0202,0.1578
DIAMONDS THREE SPADES NINE,0.8382,0.0216,0.1402
DIAMONDS THREE SPADES EIGHT,0.848,0.0236,0.1284
DIAMONDS THREE SPADES SEVEN,0.8272,0.029,0.1438
DIAMONDS THREE SPADES SIX,0.8096,0.0316,0.1588
DIAMONDS THREE CLUBS SIX,0.8066,0.0344,0.159
CLUBS FIVE CLUBS SIX,0.7444,0.0354,0.2202
CLUBS ACE DIAMONDS FOUR,0.678,0.0046,0.3174
CLUBS SEVEN DIAMONDS THREE,0.8446,0.0298,0.1256
CLUBS SEVEN CLUBS FIVE,0.7638,0.0282,0.208
DIAMONDS THREE CLUBS FOUR,0.7914,0.0376,0.171
DIAMONDS THREE CLUBS FIVE,0.8018,0.0352,0.163
DIAMONDS FOUR CLUBS KING,0.7038,0.0036,0.2926
DIAMONDS THREE CLUBS TWO,0.827,0.0346,0.1384
CLUBS TEN DIAMONDS FOUR,0.8434,0.0188,0.1378
DIAMONDS THREE CLUBS THREE,0.7548,0.0616,0.1836
DIAMONDS FOUR CLUBS JACK,0.8512,0.0114,0.1374
DIAMONDS THREE SPADES FOUR,0.7914,0.0404,0.1682
DIAMONDS THREE SPADES FIVE,0.7946,0.0318,0.1736
DIAMONDS THREE SPADES TWO,0.8204,0.0334,0.1462
DIAMONDS THREE SPADES THREE,0.7404,0.0654,0.1942
CLUBS EIGHT DIAMONDS THREE,0.847,0.0254,0.1276
CLUBS NINE DIAMONDS THREE,0.8398,0.0244,0.1358
SPADES SEVEN CLUBS ACE,0.7076,0.003,0.2894
SPADES SEVEN CLUBS KING,0.7142,0.0032,0.2826
CLUBS FIVE SPADES SEVEN,0.799,0.0332,0.1678
CLUBS TEN SPADES SEVEN,0.8262,0.015,0.1588
CLUBS FIVE SPADES SIX,0.7808,0.0304,0.1888
SPADES SEVEN CLUBS JACK,0.8372,0.0102,0.1526
CLUBS FIVE SPADES NINE,0.8312,0.0214,0.1474
CLUBS FIVE SPADES EIGHT,0.807,0.0254,0.1676
CLUBS FIVE SPADES THREE,0.8056,0.0332,0.1612
CLUBS FIVE SPADES TWO,0.8138,0.034,0.1522
CLUBS FIVE SPADES FIVE,0.753,0.067,0.18
CLUBS FIVE SPADES FOUR,0.774,0.037,0.189
CLUBS NINE CLUBS FIVE,0.7904,0.0222,0.1874
CLUBS EIGHT CLUBS FIVE,0.7852,0.0272,0.1876
DIAMONDS TEN DIAMONDS FOUR,0.7982,0.0174,0.1844
CLUBS TEN DIAMONDS NINE,0.8072,0.0178,0.175
DIAMONDS JACK DIAMONDS FOUR,0.799,0.0116,0.1894
DIAMONDS NINE CLUBS JACK,0.8314,0.0102,0.1584
SPADES NINE CLUBS JACK,0.8332,0.0112,0.1556
CLUBS TEN SPADES NINE,0.823,0.0154,0.1616
DIAMONDS ACE DIAMONDS FOUR,0.6508,0.0034,0.3458
HEARTS FOUR DIAMONDS FOUR,0.7464,0.0656,0.188
DIAMONDS JACK HEARTS TEN,0.8328,0.0112,0.156
SPADES NINE CLUBS KING,0.7058,0.0044,0.2898
DIAMONDS TWO SPADES TEN,0.84,0.0136,0.1464
DIAMONDS NINE CLUBS ACE,0.7008,0.0034,0.2958
HEARTS FIVE DIAMONDS FOUR,0.7988,0.03,0.1712
HEARTS JACK DIAMONDS JACK,0.7504,0.0698,0.1798
DIAMONDS TWO SPADES JACK,0.8438,0.0132,0.143
DIAMONDS QUEEN DIAMONDS FOUR,0.8422,0.0226,0.1352
HEARTS TWO DIAMONDS FOUR,0.8144,0.0398,0.1458
DIAMONDS KING DIAMONDS FOUR,0.6684,0.0028,0.3288
HEARTS THREE DIAMONDS FOUR,0.8054,0.0394,0.1552
SPADES NINE CLUBS ACE,0.6974,0.0046,0.298
DIAMONDS NINE CLUBS KING,0.7066,0.0036,0.2898
HEARTS ACE DIAMONDS JACK,0.707,0.0032,0.2898
SPADES ACE DIAMONDS TWO,0.7038,0.0046,0.2916
SPADES QUEEN DIAMONDS TWO,0.9008,0.025,0.0742
DIAMONDS JACK HEARTS KING,0.7036,0.004,0.2924
SPADES KING DIAMONDS TWO,0.719,0.0026,0.2784
SPADES JACK SPADES SEVEN,0.7868,0.0072,0.206
SPADES TEN SPADES SEVEN,0.7758,0.0152,0.209
CLUBS SEVEN CLUBS THREE,0.7946,0.034,0.1714
CLUBS SIX CLUBS THREE,0.7792,0.0362,0.1846
CLUBS FIVE CLUBS THREE,0.7634,0.0306,0.206
CLUBS THREE CLUBS FOUR,0.7726,0.0356,0.1918
CLUBS NINE CLUBS THREE,0.8256,0.0166,0.1578
CLUBS EIGHT CLUBS THREE,0.8078,0.028,0.1642
CLUBS THREE SPADES FIVE,0.802,0.0336,0.1644
CLUBS THREE SPADES FOUR,0.8058,0.0374,0.1568
CLUBS THREE SPADES THREE,0.7522,0.0674,0.1804
CLUBS THREE SPADES TWO,0.8138,0.0348,0.1514
CLUBS THREE SPADES SIX,0.8242,0.031,0.1448
CLUBS THREE SPADES SEVEN,0.833,0.0304,0.1366
SPADES EIGHT CLUBS THREE,0.8486,0.0264,0.125
SPADES NINE CLUBS THREE,0.8452,0.026,0.1288
SPADES TWO DIAMONDS FOUR,0.8152,0.0352,0.1496
SPADES THREE DIAMONDS FOUR,0.7946,0.0328,0.1726
SPADES FOUR DIAMONDS FOUR,0.7392,0.0608,0.2
SPADES FIVE DIAMONDS FOUR,0.7668,0.0312,0.202
SPADES SIX DIAMONDS FOUR,0.7944,0.0282,0.1774
SPADES SEVEN DIAMONDS FOUR,0.8052,0.0308,0.164
SPADES EIGHT DIAMONDS FOUR,0.8132,0.0262,0.1606
SPADES NINE DIAMONDS FOUR,0.8352,0.0214,0.1434
CLUBS FIVE DIAMONDS FOUR,0.7808,0.0352,0.184
CLUBS FOUR DIAMONDS FOUR,0.7432,0.063,0.1938
CLUBS SEVEN DIAMONDS FOUR,0.8194,0.0318,0.1488
CLUBS SIX DIAMONDS FOUR,0.7934,0.0356,0.171
CLUBS NINE DIAMONDS FOUR,0.84,0.0234,0.1366
CLUBS EIGHT DIAMONDS FOUR,0.8236,0.0302,0.1462
DIAMONDS FOUR HEARTS SEVEN,0.8096,0.0254,0.165
HEARTS SIX DIAMONDS FOUR,0.8052,0.031,0.1638
HEARTS NINE DIAMONDS FOUR,0.8422,0.023,0.1348
DIAMONDS FOUR HEARTS EIGHT,0.8298,0.0276,0.1426
CLUBS THREE DIAMONDS FOUR,0.8088,0.03,0.1612
CLUBS TWO DIAMONDS FOUR,0.8128,0.034,0.1532
DIAMONDS TEN DIAMONDS FIVE,0.7928,0.0174,0.1898
DIAMONDS JACK DIAMONDS FIVE,0.7884,0.0084,0.2032
DIAMONDS NINE HEARTS KING,0.7014,0.0048,0.2938
HEARTS ACE DIAMONDS NINE,0.697,0.003,0.3
DIAMONDS NINE HEARTS TEN,0.8038,0.0156,0.1806
DIAMONDS NINE HEARTS JACK,0.8386,0.0106,0.1508
CLUBS KING DIAMONDS SIX,0.7042,0.0046,0.2912
CLUBS ACE DIAMONDS SIX,0.6982,0.0042,0.2976
SPADES KING DIAMONDS FOUR,0.7126,0.004,0.2834
SPADES ACE SPADES SEVEN,0.6612,0.0024,0.3364
SPADES QUEEN DIAMONDS FOUR,0.8846,0.0262,0.0892
SPADES QUEEN SPADES SEVEN,0.842,0.0212,0.1368
CLUBS JACK DIAMONDS SIX,0.856,0.011,0.133
SPADES KING SPADES SEVEN,0.673,0.0028,0.3242
SPADES ACE DIAMONDS FOUR,0.6888,0.003,0.3082
CLUBS TEN DIAMONDS SIX,0.831,0.0192,0.1498
CLUBS NINE CLUBS FOUR,0.8038,0.0248,0.1714
CLUBS EIGHT CLUBS FOUR,0.7886,0.026,0.1854
SPADES JACK DIAMONDS FOUR,0.8478,0.0104,0.1418
SPADES TEN DIAMONDS FOUR,0.8348,0.0156,0.1496
CLUBS FIVE CLUBS FOUR,0.739,0.0378,0.2232
CLUBS SEVEN CLUBS FOUR,0.7818,0.03,0.1882
CLUBS SIX CLUBS FOUR,0.7626,0.0318,0.2056
CLUBS SEVEN SPADES EIGHT,0.7932,0.0222,0.1846
CLUBS SEVEN SPADES NINE,0.8034,0.0216,0.175
CLUBS SEVEN SPADES SIX,0.7836,0.025,0.1914
CLUBS SEVEN SPADES SEVEN,0.7446,0.0634,0.192
CLUBS SEVEN SPADES FIVE,0.7896,0.0348,0.1756
CLUBS SEVEN SPADES FOUR,0.8148,0.0308,0.1544
CLUBS SEVEN SPADES THREE,0.8352,0.0304,0.1344
CLUBS SEVEN SPADES TWO,0.8506,0.0288,0.1206
CLUBS NINE CLUBS SEVEN,0.7684,0.0198,0.2118
CLUBS SEVEN CLUBS EIGHT,0.7584,0.0286,0.213
HEARTS SIX DIAMONDS FIVE,0.7802,0.0306,0.1892
DIAMONDS FIVE HEARTS SEVEN,0.801,0.028,0.171
DIAMONDS FIVE HEARTS EIGHT,0.8092,0.0266,0.1642
HEARTS NINE DIAMONDS FIVE,0.8234,0.0204,0.1562
DIAMONDS QUEEN DIAMONDS FIVE,0.8284,0.0244,0.1472
HEARTS TWO DIAMONDS FIVE,0.8212,0.0334,0.1454
HEARTS KING HEARTS EIGHT,0.6772,0.005,0.3178
DIAMONDS KING DIAMONDS FIVE,0.6728,0.0054,0.3218
HEARTS THREE DIAMONDS FIVE,0.8,0.036,0.164
DIAMONDS ACE DIAMONDS FIVE,0.649,0.0042,0.3468
HEARTS FOUR DIAMONDS FIVE,0.7814,0.034,0.1846
HEARTS FIVE DIAMONDS FIVE,0.7268,0.0692,0.204
HEARTS ACE HEARTS EIGHT,0.668,0.0034,0.3286
CLUBS FOUR DIAMONDS FIVE,0.7766,0.0294,0.194
CLUBS FIVE DIAMONDS FIVE,0.7516,0.0634,0.185
CLUBS SIX DIAMONDS FIVE,0.7706,0.0338,0.1956
CLUBS SEVEN DIAMONDS FIVE,0.7924,0.031,0.1766
CLUBS TWO DIAMONDS FIVE,0.8118,0.034,0.1542
CLUBS THREE DIAMONDS FIVE,0.7936,0.0382,0.1682
SPADES THREE DIAMONDS FIVE,0.7946,0.0322,0.1732
SPADES TWO DIAMONDS FIVE,0.8154,0.0328,0.1518
SPADES JACK DIAMONDS EIGHT,0.8262,0.0096,0.1642
SPADES FIVE DIAMONDS FIVE,0.7364,0.0634,0.2002
CLUBS TEN HEARTS JACK,0.8354,0.0108,0.1538
SPADES TEN DIAMONDS EIGHT,0.8114,0.0142,0.1744
SPADES FOUR DIAMONDS FIVE,0.78,0.0328,0.1872
HEARTS JACK CLUBS JACK,0.753,0.0776,0.1694
CLUBS NINE DIAMONDS FIVE,0.8196,0.0252,0.1552
HEARTS JACK CLUBS KING,0.7094,0.0062,0.2844
CLUBS EIGHT DIAMONDS FIVE,0.807,0.0276,0.1654
HEARTS JACK CLUBS ACE,0.6932,0.004,0.3028
SPADES SEVEN DIAMONDS FIVE,0.8012,0.0316,0.1672
SPADES KING DIAMONDS EIGHT,0.7076,0.004,0.2884
SPADES QUEEN DIAMONDS EIGHT,0.8836,0.02,0.0964
SPADES SIX DIAMONDS FIVE,0.7658,0.032,0.2022
SPADES NINE DIAMONDS FIVE,0.8212,0.0182,0.1606
SPADES EIGHT DIAMONDS FIVE,0.8052,0.028,0.1668
SPADES ACE DIAMONDS EIGHT,0.7098,0.0016,0.2886
DIAMONDS TEN DIAMONDS SIX,0.7876,0.0138,0.1986
HEARTS ACE DIAMONDS SEVEN,0.6974,0.003,0.2996
DIAMONDS JACK DIAMONDS SIX,0.8056,0.012,0.1824
HEARTS KING DIAMONDS SEVEN,0.717,0.0034,0.2796
DIAMONDS ACE DIAMONDS SIX,0.6594,0.0024,0.3382
HEARTS FOUR DIAMONDS SIX,0.8012,0.0296,0.1692
HEARTS JACK SPADES TWO,0.8624,0.0108,0.1268
HEARTS FIVE DIAMONDS SIX,0.7762,0.0314,0.1924
SPADES TWO HEARTS TEN,0.861,0.0198,0.1192
DIAMONDS QUEEN DIAMONDS SIX,0.8424,0.0236,0.134
HEARTS TWO DIAMONDS SIX,0.8392,0.0296,0.1312
DIAMONDS KING DIAMONDS SIX,0.6684,0.003,0.3286
HEARTS THREE DIAMONDS SIX,0.8146,0.033,0.1524
HEARTS EIGHT DIAMONDS SIX,0.7974,0.0256,0.177
HEARTS NINE DIAMONDS SIX,0.8216,0.0224,0.156
HEARTS SIX DIAMONDS SIX,0.7456,0.0648,0.1896
HEARTS SEVEN DIAMONDS SIX,0.7806,0.0356,0.1838
HEARTS TEN DIAMONDS SEVEN,0.8074,0.0132,0.1794
CLUBS TWO DIAMONDS SIX,0.831,0.0306,0.1384
HEARTS JACK DIAMONDS SEVEN,0.8372,0.012,0.1508
CLUBS THREE DIAMONDS SIX,0.818,0.0322,0.1498
CLUBS SEVEN DIAMONDS SIX,0.7956,0.0298,0.1746
DIAMONDS EIGHT CLUBS JACK,0.8284,0.0096,0.162
CLUBS SIX DIAMONDS SIX,0.7428,0.0638,0.1934
CLUBS TEN DIAMONDS EIGHT,0.8126,0.0166,0.1708
CLUBS FIVE DIAMONDS SIX,0.7806,0.0338,0.1856
CLUBS FOUR DIAMONDS SIX,0.792,0.0346,0.1734
HEARTS ACE HEARTS JACK,0.6766,0.0036,0.3198
DIAMONDS EIGHT CLUBS ACE,0.6902,0.0036,0.3062
DIAMONDS EIGHT CLUBS KING,0.7258,0.004,0.2702
CLUBS NINE DIAMONDS SIX,0.817,0.0232,0.1598
HEARTS JACK HEARTS KING,0.6758,0.0042,0.32
CLUBS EIGHT DIAMONDS SIX,0.8026,0.0276,0.1698
SPADES TEN HEARTS KING,0.698,0.0048,0.2972
SPADES FIVE DIAMONDS SIX,0.766,0.0346,0.1994
HEARTS ACE SPADES TWO,0.6956,0.0058,0.2986
SPADES JACK HEARTS KING,0.687,0.0036,0.3094
SPADES FOUR DIAMONDS SIX,0.7974,0.0284,0.1742
SPADES THREE DIAMONDS SIX,0.8112,0.0304,0.1584
SPADES ACE SPADES KING,0.5404,0.003,0.4566
HEARTS KING SPADES TWO,0.7202,0.0044,0.2754
SPADES TWO DIAMONDS SIX,0.8192,0.0362,0.1446
HEARTS TEN HEARTS EIGHT,0.784,0.0156,0.2004
SPADES NINE DIAMONDS SIX,0.8004,0.02,0.1796
HEARTS JACK HEARTS EIGHT,0.7968,0.0094,0.1938
SPADES EIGHT DIAMONDS SIX,0.787,0.0248,0.1882
SPADES SEVEN DIAMONDS SIX,0.777,0.0362,0.1868
SPADES SIX DIAMONDS SIX,0.7392,0.0576,0.2032
SPADES KING HEARTS KING,0.1706,0.0388,0.7906
SPADES QUEEN HEARTS KING,0.6774,0.0134,0.3092
CLUBS ACE CLUBS KING,0.5418,0.0048,0.4534
SPADES ACE HEARTS KING,0.5628,0.0042,0.433
SPADES ACE HEARTS JACK,0.715,0.0028,0.2822
SPADES QUEEN HEARTS JACK,0.8584,0.018,0.1236
SPADES KING HEARTS JACK,0.7004,0.0046,0.295
SPADES TEN DIAMONDS TEN,0.74,0.069,0.191
SPADES JACK DIAMONDS TEN,0.827,0.0092,0.1638
SPADES ACE DIAMONDS TEN,0.6956,0.0016,0.3028
SPADES JACK HEARTS JACK,0.7476,0.0742,0.1782
SPADES TEN HEARTS JACK,0.8298,0.01,0.1602
SPADES QUEEN DIAMONDS TEN,0.8408,0.0224,0.1368
SPADES KING DIAMONDS TEN,0.7044,0.0036,0.292
SPADES NINE DIAMONDS SEVEN,0.7914,0.022,0.1866
SPADES EIGHT DIAMONDS SEVEN,0.7868,0.0248,0.1884
SPADES SEVEN DIAMONDS SEVEN,0.735,0.061,0.204
SPADES SIX DIAMONDS SEVEN,0.7788,0.0268,0.1944
DIAMONDS KING DIAMONDS SEVEN,0.66,0.0034,0.3366
HEARTS THREE DIAMONDS SEVEN,0.8422,0.0276,0.1302
HEARTS KING DIAMONDS FIVE,0.7106,0.0048,0.2846
DIAMONDS QUEEN DIAMONDS SEVEN,0.8468,0.0228,0.1304
HEARTS TWO DIAMONDS SEVEN,0.852,0.0294,0.1186
HEARTS FIVE DIAMONDS SEVEN,0.7952,0.0318,0.173
DIAMONDS ACE DIAMONDS SEVEN,0.6506,0.004,0.3454
HEARTS FOUR DIAMONDS SEVEN,0.8104,0.0328,0.1568
HEARTS ACE DIAMONDS FIVE,0.6846,0.0042,0.3112
HEARTS SEVEN DIAMONDS SEVEN,0.7344,0.0668,0.1988
HEARTS SIX DIAMONDS SEVEN,0.7904,0.0258,0.1838
HEARTS NINE DIAMONDS SEVEN,0.794,0.0234,0.1826
DIAMONDS SEVEN HEARTS EIGHT,0.7802,0.0262,0.1936
DIAMONDS JACK DIAMONDS SEVEN,0.7976,0.0096,0.1928
HEARTS JACK DIAMONDS FIVE,0.8456,0.0092,0.1452
DIAMONDS TEN DIAMONDS SEVEN,0.7728,0.015,0.2122
DIAMONDS FIVE HEARTS TEN,0.8446,0.0184,0.137
SPADES KING CLUBS TWO,0.729,0.0048,0.2662
HEARTS KING CLUBS KING,0.1728,0.0352,0.792
CLUBS EIGHT DIAMONDS SEVEN,0.7874,0.0228,0.1898
SPADES QUEEN CLUBS TWO,0.9012,0.0262,0.0726
CLUBS NINE DIAMONDS SEVEN,0.8054,0.0196,0.175
SPADES TWO CLUBS JACK,0.8548,0.011,0.1342
SPADES ACE CLUBS TWO,0.705,0.004,0.291
CLUBS TEN SPADES TWO,0.8468,0.017,0.1362
HEARTS KING CLUBS ACE,0.5644,0.0044,0.4312
CLUBS SEVEN CLUBS SIX,0.756,0.031,0.213
SPADES TWO CLUBS KING,0.7212,0.0036,0.2752
SPADES TWO DIAMONDS SEVEN,0.842,0.0282,0.1298
CLUBS EIGHT CLUBS SIX,0.7728,0.029,0.1982
SPADES THREE DIAMONDS SEVEN,0.8342,0.0268,0.139
CLUBS NINE CLUBS SIX,0.7894,0.0212,0.1894
SPADES FOUR DIAMONDS SEVEN,0.811,0.0278,0.1612
HEARTS KING CLUBS JACK,0.7226,0.0044,0.273
SPADES FIVE DIAMONDS SEVEN,0.794,0.0276,0.1784
SPADES TWO CLUBS ACE,0.7012,0.0042,0.2946
CLUBS TEN HEARTS KING,0.7102,0.0046,0.2852
CLUBS SIX SPADES TWO,0.8336,0.032,0.1344
CLUBS SIX SPADES THREE,0.821,0.028,0.151
CLUBS TWO DIAMONDS SEVEN,0.8536,0.032,0.1144
CLUBS SIX SPADES FOUR,0.801,0.0288,0.1702
CLUBS THREE DIAMONDS SEVEN,0.8348,0.0262,0.139
CLUBS SIX SPADES FIVE,0.7844,0.0294,0.1862
CLUBS FOUR DIAMONDS SEVEN,0.814,0.0274,0.1586
CLUBS SIX SPADES SIX,0.736,0.0682,0.1958
CLUBS FIVE DIAMONDS SEVEN,0.791,0.0314,0.1776
CLUBS SIX SPADES SEVEN,0.7866,0.0332,0.1802
CLUBS SIX DIAMONDS SEVEN,0.7954,0.0264,0.1782
CLUBS SIX SPADES EIGHT,0.7972,0.0196,0.1832
SPADES JACK CLUBS TWO,0.8546,0.0118,0.1336
CLUBS SEVEN DIAMONDS SEVEN,0.7484,0.063,0.1886
SPADES NINE CLUBS SIX,0.8106,0.023,0.1664
SPADES TEN CLUBS TWO,0.847,0.0148,0.1382
CLUBS TWO CLUBS KING,0.69,0.0056,0.3044
CLUBS THREE DIAMONDS EIGHT,0.8414,0.0288,0.1298
CLUBS TWO CLUBS ACE,0.66,0.0052,0.3348
CLUBS TWO DIAMONDS EIGHT,0.8356,0.0304,0.134
DIAMONDS EIGHT HEARTS SEVEN,0.791,0.0232,0.1858
HEARTS SIX DIAMONDS EIGHT,0.8068,0.023,0.1702
DIAMONDS EIGHT HEARTS NINE,0.7912,0.0214,0.1874
CLUBS TEN CLUBS TWO,0.822,0.0166,0.1614
DIAMONDS EIGHT HEARTS EIGHT,0.7412,0.0646,0.1942
CLUBS TWO CLUBS JACK,0.8212,0.0122,0.1666
CLUBS NINE DIAMONDS EIGHT,0.7996,0.0234,0.177
CLUBS EIGHT DIAMONDS EIGHT,0.7588,0.059,0.1822
CLUBS FIVE DIAMONDS EIGHT,0.815,0.0278,0.1572
SPADES ACE SPADES THREE,0.6546,0.0032,0.3422
CLUBS FOUR DIAMONDS EIGHT,0.8304,0.0262,0.1434
CLUBS SEVEN DIAMONDS EIGHT,0.779,0.0258,0.1952
SPADES QUEEN SPADES THREE,0.8424,0.0262,0.1314
CLUBS SIX DIAMONDS EIGHT,0.791,0.0286,0.1804
SPADES KING SPADES THREE,0.6748,0.0042,0.321
DIAMONDS QUEEN DIAMONDS EIGHT,0.834,0.0206,0.1454
HEARTS TWO DIAMONDS EIGHT,0.8326,0.0282,0.1392
DIAMONDS KING DIAMONDS EIGHT,0.666,0.0034,0.3306
HEARTS THREE DIAMONDS EIGHT,0.8488,0.0258,0.1254
DIAMONDS ACE DIAMONDS EIGHT,0.6506,0.0026,0.3468
HEARTS FOUR DIAMONDS EIGHT,0.825,0.0278,0.1472
HEARTS FIVE DIAMONDS EIGHT,0.8012,0.0264,0.1724
DIAMONDS EIGHT DIAMONDS TEN,0.7738,0.0168,0.2094
DIAMONDS EIGHT DIAMONDS JACK,0.787,0.0088,0.2042
SPADES JACK SPADES THREE,0.8084,0.0106,0.181
SPADES TEN SPADES THREE,0.7952,0.0122,0.1926
CLUBS FOUR HEARTS ACE,0.6948,0.0044,0.3008
CLUBS FOUR HEARTS KING,0.7114,0.0066,0.282
CLUBS SIX HEARTS TEN,0.835,0.0186,0.1464
CLUBS SIX HEARTS JACK,0.859,0.0122,0.1288
DIAMONDS EIGHT SPADES FOUR,0.8332,0.022,0.1448
SPADES FIVE DIAMONDS EIGHT,0.8014,0.0274,0.1712
DIAMONDS EIGHT SPADES TWO,0.8394,0.0252,0.1354
DIAMONDS EIGHT SPADES THREE,0.841,0.024,0.135
CLUBS FOUR HEARTS JACK,0.8552,0.0124,0.1324
SPADES EIGHT DIAMONDS EIGHT,0.7354,0.0644,0.2002
SPADES TEN DIAMONDS QUEEN,0.8468,0.0194,0.1338
SPADES TEN HEARTS TWO,0.848,0.0174,0.1346
SPADES JACK HEARTS EIGHT,0.8266,0.011,0.1624
CLUBS FOUR HEARTS TEN,0.8492,0.0194,0.1314
SPADES NINE DIAMONDS EIGHT,0.7884,0.0232,0.1884
SPADES TEN HEARTS EIGHT,0.8224,0.0164,0.1612
SPADES JACK HEARTS TWO,0.8574,0.0094,0.1332
SPADES JACK DIAMONDS QUEEN,0.8492,0.0192,0.1316
SPADES SIX DIAMONDS EIGHT,0.7972,0.0254,0.1774
SPADES SEVEN DIAMONDS EIGHT,0.7782,0.026,0.1958
SPADES ACE HEARTS TWO,0.7028,0.0062,0.291
SPADES ACE DIAMONDS QUEEN,0.6904,0.009,0.3006
SPADES ACE HEARTS EIGHT,0.7082,0.0032,0.2886
SPADES KING HEARTS EIGHT,0.7164,0.0036,0.28
SPADES QUEEN HEARTS TWO,0.9056,0.0252,0.0692
SPADES QUEEN DIAMONDS QUEEN,0.0224,0.9556,0.022
SPADES KING DIAMONDS QUEEN,0.6824,0.0118,0.3058
SPADES KING HEARTS TWO,0.7294,0.0038,0.2668
SPADES QUEEN HEARTS EIGHT,0.8844,0.0234,0.0922
CLUBS TWO HEARTS TEN,0.8566,0.0156,0.1278
CLUBS TWO HEARTS JACK,0.8642,0.0126,0.1232
SPADES SEVEN DIAMONDS NINE,0.7968,0.0238,0.1794
SPADES SIX DIAMONDS NINE,0.8112,0.0228,0.166
SPADES NINE DIAMONDS NINE,0.7292,0.063,0.2078
SPADES EIGHT DIAMONDS NINE,0.7744,0.0214,0.2042
SPADES TEN CLUBS KING,0.7046,0.0028,0.2926
DIAMONDS NINE SPADES THREE,0.8406,0.0174,0.142
SPADES JACK CLUBS KING,0.6996,0.0044,0.296
DIAMONDS NINE SPADES TWO,0.8468,0.0216,0.1316
DIAMONDS NINE SPADES FIVE,0.8204,0.017,0.1626
DIAMONDS NINE SPADES FOUR,0.8526,0.0192,0.1282
CLUBS NINE DIAMONDS NINE,0.744,0.0726,0.1834
CLUBS EIGHT DIAMONDS NINE,0.8032,0.0184,0.1784
CLUBS SIX DIAMONDS NINE,0.813,0.0264,0.1606
SPADES JACK CLUBS FOUR,0.8508,0.0118,0.1374
CLUBS SEVEN DIAMONDS NINE,0.7986,0.0222,0.1792
SPADES TEN CLUBS FOUR,0.8548,0.0174,0.1278
CLUBS FOUR DIAMONDS NINE,0.8602,0.0188,0.121
CLUBS FIVE DIAMONDS NINE,0.828,0.0198,0.1522
DIAMONDS NINE CLUBS TWO,0.8488,0.0234,0.1278
CLUBS THREE DIAMONDS NINE,0.8474,0.0194,0.1332
DIAMONDS NINE HEARTS EIGHT,0.7992,0.0194,0.1814
DIAMONDS NINE HEARTS NINE,0.743,0.0666,0.1904
HEARTS SIX DIAMONDS NINE,0.808,0.0208,0.1712
DIAMONDS NINE HEARTS SEVEN,0.8058,0.0226,0.1716
CLUBS NINE CLUBS EIGHT,0.7712,0.0252,0.2036
DIAMONDS ACE DIAMONDS NINE,0.6726,0.002,0.3254
HEARTS FOUR DIAMONDS NINE,0.8416,0.0172,0.1412
HEARTS FIVE DIAMONDS NINE,0.8174,0.0236,0.159
HEARTS ACE CLUBS TWO,0.7002,0.0042,0.2956
SPADES ACE CLUBS FOUR,0.6972,0.0046,0.2982
DIAMONDS QUEEN DIAMONDS NINE,0.812,0.0242,0.1638
HEARTS TWO DIAMONDS NINE,0.855,0.0192,0.1258
CLUBS TWO HEARTS KING,0.7192,0.007,0.2738
SPADES KING CLUBS FOUR,0.7274,0.0032,0.2694
DIAMONDS KING DIAMONDS NINE,0.6704,0.0032,0.3264
HEARTS THREE DIAMONDS NINE,0.8444,0.0212,0.1344
SPADES QUEEN CLUBS FOUR,0.9044,0.0208,0.0748
DIAMONDS NINE DIAMONDS JACK,0.7844,0.009,0.2066
CLUBS EIGHT SPADES NINE,0.798,0.019,0.183
DIAMONDS NINE DIAMONDS TEN,0.7748,0.0154,0.2098
CLUBS EIGHT SPADES EIGHT,0.743,0.062,0.195
CLUBS EIGHT SPADES SEVEN,0.7976,0.02,0.1824
CLUBS EIGHT SPADES SIX,0.7992,0.0266,0.1742
CLUBS EIGHT SPADES FIVE,0.8164,0.0212,0.1624
CLUBS EIGHT SPADES FOUR,0.818,0.0284,0.1536
CLUBS EIGHT SPADES THREE,0.8544,0.0268,0.1188
CLUBS EIGHT SPADES TWO,0.8432,0.0318,0.125
HEARTS SIX DIAMONDS TEN,0.8264,0.0178,0.1558
DIAMONDS TEN HEARTS SEVEN,0.812,0.0214,0.1666
DIAMONDS TEN HEARTS EIGHT,0.8098,0.0142,0.176
CLUBS FOUR CLUBS JACK,0.8156,0.0116,0.1728
DIAMONDS TEN HEARTS NINE,0.8106,0.0186,0.1708
CLUBS TEN CLUBS FOUR,0.8238,0.015,0.1612
CLUBS FOUR CLUBS KING,0.6846,0.0066,0.3088
CLUBS TWO DIAMONDS TEN,0.856,0.0136,0.1304
CLUBS THREE DIAMONDS TEN,0.8466,0.0152,0.1382
CLUBS FOUR CLUBS ACE,0.6546,0.004,0.3414
DIAMONDS JACK DIAMONDS TEN,0.7778,0.0106,0.2116
DIAMONDS QUEEN DIAMONDS TEN,0.7946,0.0218,0.1836
HEARTS TWO DIAMONDS TEN,0.8522,0.0192,0.1286
DIAMONDS KING DIAMONDS TEN,0.666,0.0038,0.3302
HEARTS THREE DIAMONDS TEN,0.8432,0.0198,0.137
DIAMONDS ACE DIAMONDS TEN,0.656,0.0036,0.3404
HEARTS FOUR DIAMONDS TEN,0.8464,0.016,0.1376
CLUBS EIGHT HEARTS JACK,0.8404,0.011,0.1486
HEARTS FIVE DIAMONDS TEN,0.8376,0.0208,0.1416
CLUBS EIGHT HEARTS TEN,0.8222,0.0174,0.1604
CLUBS EIGHT HEARTS KING,0.7116,0.005,0.2834
CLUBS EIGHT HEARTS ACE,0.712,0.005,0.283
CLUBS NINE SPADES THREE,0.846,0.0212,0.1328
CLUBS NINE SPADES TWO,0.8422,0.0184,0.1394
CLUBS NINE SPADES FIVE,0.8324,0.023,0.1446
CLUBS NINE SPADES FOUR,0.8414,0.0222,0.1364
CLUBS NINE SPADES SEVEN,0.8024,0.0212,0.1764
CLUBS NINE SPADES SIX,0.8148,0.0222,0.163
CLUBS NINE SPADES NINE,0.7404,0.073,0.1866
CLUBS TEN HEARTS EIGHT,0.832,0.0172,0.1508
CLUBS NINE SPADES EIGHT,0.7992,0.024,0.1768
CLUBS JACK HEARTS EIGHT,0.8364,0.011,0.1526
CLUBS KING HEARTS EIGHT,0.7186,0.006,0.2754
CLUBS ACE HEARTS EIGHT,0.708,0.0042,0.2878
SPADES KING CLUBS KING,0.1782,0.037,0.7848
SPADES QUEEN CLUBS KING,0.6746,0.0128,0.3126
SPADES ACE CLUBS KING,0.5582,0.0024,0.4394
DIAMONDS ACE HEARTS TEN,0.7066,0.0034,0.29
HEARTS FOUR HEARTS TEN,0.8152,0.013,0.1718
DIAMONDS ACE HEARTS JACK,0.7068,0.0034,0.2898
HEARTS FOUR HEARTS JACK,0.8128,0.0114,0.1758
SPADES KING CLUBS FIVE,0.7102,0.0048,0.285
SPADES QUEEN CLUBS FIVE,0.9014,0.0222,0.0764
SPADES ACE CLUBS FIVE,0.6906,0.0044,0.305
DIAMONDS JACK HEARTS SEVEN,0.8292,0.0098,0.161
HEARTS SIX DIAMONDS JACK,0.8546,0.0116,0.1338
DIAMONDS JACK HEARTS NINE,0.8376,0.0102,0.1522
DIAMONDS JACK HEARTS EIGHT,0.8354,0.0102,0.1544
DIAMONDS KING DIAMONDS JACK,0.6752,0.0028,0.322
HEARTS THREE DIAMONDS JACK,0.8614,0.0118,0.1268
SPADES ACE SPADES SIX,0.6712,0.002,0.3268
HEARTS ACE SPADES FOUR,0.6836,0.0046,0.3118
DIAMONDS QUEEN DIAMONDS JACK,0.8154,0.0214,0.1632
HEARTS TWO DIAMONDS JACK,0.8522,0.0098,0.138
HEARTS FIVE DIAMONDS JACK,0.8468,0.0102,0.143
SPADES QUEEN SPADES SIX,0.8466,0.0218,0.1316
DIAMONDS ACE DIAMONDS JACK,0.6484,0.0044,0.3472
HEARTS FOUR DIAMONDS JACK,0.8454,0.012,0.1426
SPADES KING SPADES SIX,0.6578,0.0034,0.3388
SPADES FOUR HEARTS KING,0.7216,0.0038,0.2746
SPADES TEN SPADES SIX,0.7938,0.0134,0.1928
SPADES JACK SPADES SIX,0.8096,0.0106,0.1798
SPADES FOUR DIAMONDS JACK,0.849,0.0106,0.1404
SPADES FIVE DIAMONDS JACK,0.8392,0.0106,0.1502
DIAMONDS JACK SPADES TWO,0.8436,0.0122,0.1442
DIAMONDS JACK SPADES THREE,0.845,0.0124,0.1426
SPADES ACE DIAMONDS THREE,0.7048,0.0036,0.2916
SPADES QUEEN DIAMONDS THREE,0.886,0.024,0.09
CLUBS EIGHT DIAMONDS JACK,0.8372,0.01,0.1528
SPADES KING DIAMONDS THREE,0.7114,0.0054,0.2832
CLUBS NINE DIAMONDS JACK,0.832,0.0086,0.1594
CLUBS SIX DIAMONDS JACK,0.8524,0.0078,0.1398
CLUBS SEVEN DIAMONDS JACK,0.834,0.0102,0.1558
CLUBS FOUR DIAMONDS JACK,0.8418,0.01,0.1482
CLUBS FIVE DIAMONDS JACK,0.8456,0.0096,0.1448
CLUBS TWO DIAMONDS JACK,0.8608,0.0114,0.1278
CLUBS THREE DIAMONDS JACK,0.8546,0.0106,0.1348
SPADES TEN CLUBS FIVE,0.8402,0.0176,0.1422
HEARTS SIX SPADES JACK,0.8478,0.0124,0.1398
HEARTS SIX SPADES TEN,0.8292,0.0162,0.1546
SPADES JACK CLUBS FIVE,0.8376,0.011,0.1514
SPADES JACK DIAMONDS THREE,0.8494,0.0084,0.1422
CLUBS SEVEN CLUBS ACE,0.6742,0.0026,0.3232
DIAMONDS THREE SPADES TEN,0.8416,0.0168,0.1416
CLUBS SEVEN CLUBS KING,0.6808,0.005,0.3142
SPADES NINE DIAMONDS JACK,0.8222,0.01,0.1678
CLUBS TEN CLUBS SEVEN,0.78,0.013,0.207
DIAMONDS ACE HEARTS ACE,0.1788,0.0038,0.8174
HEARTS FOUR HEARTS ACE,0.6542,0.0058,0.34
SPADES EIGHT DIAMONDS JACK,0.8282,0.0086,0.1632
SPADES ACE HEARTS SIX,0.6976,0.0026,0.2998
CLUBS SEVEN CLUBS JACK,0.8112,0.0114,0.1774
DIAMONDS ACE HEARTS KING,0.5504,0.0058,0.4438
HEARTS FOUR HEARTS KING,0.6928,0.0054,0.3018
SPADES SEVEN DIAMONDS JACK,0.8316,0.0106,0.1578
SPADES KING HEARTS SIX,0.7256,0.0038,0.2706
SPADES QUEEN HEARTS SIX,0.899,0.0204,0.0806
SPADES SIX DIAMONDS JACK,0.8318,0.0114,0.1568
DIAMONDS TEN SPADES TWO,0.8428,0.0162,0.141
SPADES THREE DIAMONDS TEN,0.847,0.0154,0.1376
SPADES FOUR DIAMONDS TEN,0.8408,0.0172,0.142
SPADES FIVE DIAMONDS TEN,0.8484,0.0132,0.1384
SPADES SIX DIAMONDS TEN,0.8314,0.0166,0.152
SPADES SEVEN DIAMONDS TEN,0.805,0.0136,0.1814
SPADES EIGHT DIAMONDS TEN,0.8082,0.0142,0.1776
SPADES NINE DIAMONDS TEN,0.8152,0.0156,0.1692
CLUBS FOUR DIAMONDS TEN,0.8468,0.0158,0.1374
CLUBS FIVE DIAMONDS TEN,0.835,0.0214,0.1436
CLUBS SIX DIAMONDS TEN,0.8352,0.016,0.1488
CLUBS SEVEN DIAMONDS TEN,0.8198,0.0144,0.1658
CLUBS EIGHT DIAMONDS TEN,0.815,0.016,0.169
CLUBS NINE DIAMONDS TEN,0.811,0.0152,0.1738
DIAMONDS THREE CLUBS JACK,0.8542,0.0096,0.1362
CLUBS TEN DIAMONDS THREE,0.8518,0.0132,0.135
DIAMONDS THREE CLUBS KING,0.706,0.0026,0.2914
DIAMONDS THREE CLUBS ACE,0.69,0.0066,0.3034
SPADES FOUR HEARTS JACK,0.8592,0.0078,0.133
SPADES FOUR HEARTS TEN,0.8512,0.0138,0.135
SPADES FIVE SPADES TWO,0.7734,0.0336,0.193
SPADES FOUR SPADES TWO,0.7622,0.0346,0.2032
SPADES THREE SPADES TWO,0.7864,0.0328,0.1808
SPADES NINE SPADES TWO,0.8026,0.0246,0.1728
SPADES EIGHT SPADES TWO,0.7944,0.0254,0.1802
SPADES SEVEN SPADES TWO,0.7996,0.0304,0.17
SPADES SIX SPADES TWO,0.7786,0.0308,0.1906
DIAMONDS QUEEN CLUBS THREE,0.9092,0.025,0.0658
CLUBS THREE HEARTS TWO,0.822,0.0368,0.1412
DIAMONDS QUEEN CLUBS TWO,0.9116,0.0262,0.0622
HEARTS TWO CLUBS TWO,0.7562,0.0678,0.176
DIAMONDS QUEEN HEARTS SEVEN,0.892,0.027,0.081
HEARTS TWO HEARTS SEVEN,0.8176,0.0282,0.1542
HEARTS SIX DIAMONDS QUEEN,0.8928,0.0254,0.0818
HEARTS SIX HEARTS TWO,0.801,0.0336,0.1654
DIAMONDS QUEEN HEARTS NINE,0.8732,0.022,0.1048
HEARTS TWO HEARTS NINE,0.814,0.0252,0.1608
DIAMONDS QUEEN HEARTS EIGHT,0.884,0.0246,0.0914
HEARTS TWO HEARTS EIGHT,0.8088,0.0252,0.166
CLUBS NINE HEARTS TWO,0.8516,0.0218,0.1266
CLUBS NINE DIAMONDS QUEEN,0.871,0.0206,0.1084
CLUBS EIGHT HEARTS TWO,0.8502,0.0274,0.1224
CLUBS EIGHT DIAMONDS QUEEN,0.887,0.0216,0.0914
CLUBS FIVE DIAMONDS QUEEN,0.9016,0.0242,0.0742
CLUBS FIVE HEARTS TWO,0.8168,0.0358,0.1474
SPADES EIGHT HEARTS ACE,0.6936,0.003,0.3034
DIAMONDS QUEEN CLUBS FOUR,0.8888,0.0268,0.0844
HEARTS TWO CLUBS FOUR,0.8234,0.0374,0.1392
CLUBS SEVEN DIAMONDS QUEEN,0.896,0.0244,0.0796
CLUBS SEVEN HEARTS TWO,0.8618,0.0318,0.1064
CLUBS SIX DIAMONDS QUEEN,0.901,0.0206,0.0784
CLUBS SIX HEARTS TWO,0.8298,0.0328,0.1374
SPADES EIGHT HEARTS KING,0.7076,0.0052,0.2872
HEARTS TWO SPADES SIX,0.8296,0.032,0.1384
DIAMONDS QUEEN SPADES SIX,0.8896,0.023,0.0874
DIAMONDS QUEEN SPADES SEVEN,0.889,0.0214,0.0896
HEARTS TWO SPADES SEVEN,0.8488,0.0308,0.1204
HEARTS FOUR CLUBS KING,0.717,0.004,0.279
DIAMONDS ACE CLUBS KING,0.5732,0.002,0.4248
DIAMONDS QUEEN SPADES EIGHT,0.8746,0.016,0.1094
SPADES EIGHT HEARTS TWO,0.8468,0.0248,0.1284
HEARTS FOUR CLUBS ACE,0.6864,0.0068,0.3068
DIAMONDS ACE CLUBS ACE,0.1772,0.0044,0.8184
SPADES NINE DIAMONDS QUEEN,0.8612,0.0234,0.1154
SPADES NINE HEARTS TWO,0.8512,0.023,0.1258
HEARTS TWO SPADES TWO,0.7486,0.0624,0.189
DIAMONDS QUEEN SPADES TWO,0.8966,0.026,0.0774
HEARTS TWO SPADES THREE,0.8166,0.0392,0.1442
DIAMONDS QUEEN SPADES THREE,0.8962,0.0234,0.0804
HEARTS TWO SPADES FOUR,0.8088,0.0352,0.156
DIAMONDS QUEEN SPADES FOUR,0.8904,0.0242,0.0854
HEARTS FOUR CLUBS TEN,0.854,0.0194,0.1266
CLUBS TEN DIAMONDS ACE,0.698,0.0032,0.2988
HEARTS TWO SPADES FIVE,0.8122,0.0384,0.1494
DIAMONDS QUEEN SPADES FIVE,0.886,0.0208,0.0932
HEARTS FOUR CLUBS JACK,0.857,0.0102,0.1328
DIAMONDS ACE CLUBS JACK,0.7184,0.004,0.2776
CLUBS FIVE CLUBS KING,0.6754,0.007,0.3176
CLUBS FIVE CLUBS ACE,0.6518,0.0038,0.3444
CLUBS FIVE CLUBS JACK,0.803,0.012,0.185
CLUBS TEN CLUBS FIVE,0.7942,0.0152,0.1906
SPADES KING CLUBS JACK,0.7132,0.0038,0.283
SPADES QUEEN CLUBS JACK,0.848,0.0242,0.1278
SPADES ACE CLUBS JACK,0.7016,0.0036,0.2948
SPADES SIX CLUBS KING,0.7128,0.003,0.2842
SPADES EIGHT HEARTS JACK,0.8388,0.0116,0.1496
SPADES SIX CLUBS ACE,0.707,0.004,0.289
SPADES EIGHT HEARTS TEN,0.812,0.0168,0.1712
SPADES SIX CLUBS JACK,0.841,0.01,0.149
CLUBS TEN SPADES SIX,0.8296,0.0182,0.1522
SPADES TEN CLUBS JACK,0.8194,0.014,0.1666
SPADES JACK CLUBS JACK,0.7496,0.0696,0.1808
SPADES QUEEN CLUBS SEVEN,0.9088,0.019,0.0722
SPADES KING CLUBS SEVEN,0.7098,0.004,0.2862
SPADES ACE CLUBS SEVEN,0.7012,0.0028,0.296
SPADES SIX HEARTS TEN,0.831,0.0166,0.1524
SPADES SIX HEARTS JACK,0.8476,0.0124,0.14
SPADES SIX HEARTS ACE,0.7072,0.0038,0.289
SPADES SIX HEARTS KING,0.7102,0.0046,0.2852
CLUBS SEVEN SPADES JACK,0.8328,0.008,0.1592
CLUBS SEVEN SPADES TEN,0.8116,0.016,0.1724
CLUBS TEN HEARTS SIX,0.83,0.0164,0.1536
HEARTS SIX CLUBS JACK,0.8638,0.0106,0.1256
CLUBS ACE CLUBS JACK,0.6818,0.0046,0.3136
HEARTS SIX CLUBS KING,0.715,0.0058,0.2792
HEARTS SIX CLUBS ACE,0.6954,0.004,0.3006
CLUBS KING CLUBS JACK,0.6888,0.0056,0.3056
DIAMONDS THREE HEARTS ACE,0.6952,0.0032,0.3016
DIAMONDS THREE HEARTS KING,0.7142,0.0056,0.2802
CLUBS FIVE HEARTS JACK,0.8498,0.011,0.1392
SPADES TEN DIAMONDS ACE,0.693,0.003,0.304
HEARTS FOUR SPADES TEN,0.8436,0.0184,0.138
CLUBS FIVE HEARTS TEN,0.849,0.02,0.131
HEARTS FOUR SPADES JACK,0.8524,0.01,0.1376
SPADES JACK DIAMONDS ACE,0.7084,0.0044,0.2872
SPADES ACE HEARTS FOUR,0.6928,0.004,0.3032
SPADES ACE DIAMONDS ACE,0.2016,0.002,0.7964
CLUBS FIVE HEARTS ACE,0.6962,0.0046,0.2992
CLUBS FIVE HEARTS KING,0.7098,0.0062,0.284
HEARTS FOUR SPADES QUEEN,0.894,0.0248,0.0812
SPADES QUEEN DIAMONDS ACE,0.6796,0.0112,0.3092
SPADES FOUR CLUBS JACK,0.8498,0.0102,0.14
SPADES KING DIAMONDS ACE,0.564,0.003,0.433
HEARTS FOUR SPADES KING,0.718,0.0032,0.2788
CLUBS TEN SPADES FOUR,0.8502,0.0136,0.1362
DIAMONDS QUEEN DIAMONDS ACE,0.6522,0.0098,0.338
HEARTS TWO DIAMONDS ACE,0.7124,0.0038,0.2838
HEARTS FOUR DIAMONDS QUEEN,0.8996,0.0266,0.0738
HEARTS FOUR HEARTS TWO,0.7768,0.0354,0.1878
DIAMONDS THREE HEARTS TEN,0.8394,0.018,0.1426
SPADES FOUR CLUBS KING,0.7138,0.0038,0.2824
HEARTS FIVE DIAMONDS QUEEN,0.8856,0.027,0.0874
HEARTS FIVE HEARTS TWO,0.7786,0.0344,0.187
DIAMONDS THREE HEARTS JACK,0.8528,0.009,0.1382
DIAMONDS QUEEN HEARTS TWO,0.9028,0.025,0.0722
DIAMONDS KING DIAMONDS QUEEN,0.6314,0.0112,0.3574
DIAMONDS KING HEARTS TWO,0.7248,0.004,0.2712
HEARTS THREE DIAMONDS QUEEN,0.9,0.0302,0.0698
HEARTS THREE HEARTS TWO,0.7836,0.0346,0.1818
SPADES FOUR CLUBS ACE,0.6908,0.0028,0.3064
HEARTS TWO CLUBS ACE,0.711,0.0054,0.2836
DIAMONDS QUEEN CLUBS ACE,0.6834,0.0114,0.3052
HEARTS TWO CLUBS KING,0.722,0.0082,0.2698
DIAMONDS QUEEN CLUBS KING,0.6734,0.0124,0.3142
SPADES EIGHT SPADES FIVE,0.7694,0.0276,0.203
CLUBS TEN HEARTS TWO,0.8564,0.0172,0.1264
CLUBS TEN DIAMONDS QUEEN,0.8514,0.0214,0.1272
SPADES NINE SPADES FIVE,0.7908,0.0192,0.19
HEARTS TWO CLUBS JACK,0.8694,0.0144,0.1162
DIAMONDS QUEEN CLUBS JACK,0.8572,0.0184,0.1244
SPADES SIX SPADES FIVE,0.7414,0.0318,0.2268
SPADES SEVEN SPADES FIVE,0.7686,0.0304,0.201
SPADES EIGHT CLUBS ACE,0.7038,0.0036,0.2926
DIAMONDS FIVE CLUBS KING,0.7004,0.004,0.2956
SPADES EIGHT CLUBS KING,0.701,0.0034,0.2956
DIAMONDS FIVE CLUBS ACE,0.6828,0.004,0.3132
SPADES EIGHT CLUBS JACK,0.839,0.0112,0.1498
CLUBS TEN SPADES EIGHT,0.8168,0.0158,0.1674
CLUBS TEN DIAMONDS FIVE,0.8438,0.0166,0.1396
DIAMONDS FIVE CLUBS JACK,0.8462,0.0108,0.143
HEARTS JACK DIAMONDS TEN,0.8298,0.013,0.1572
DIAMONDS TEN HEARTS TEN,0.7552,0.0696,0.1752
SPADES ACE CLUBS NINE,0.7168,0.0042,0.279
CLUBS NINE SPADES QUEEN,0.8652,0.021,0.1138
CLUBS NINE SPADES KING,0.7232,0.0044,0.2724
HEARTS SIX HEARTS KING,0.6808,0.0038,0.3154
DIAMONDS KING SPADES SEVEN,0.7114,0.0018,0.2868
HEARTS THREE SPADES SEVEN,0.8344,0.0344,0.1312
SPADES KING DIAMONDS SEVEN,0.7144,0.0026,0.283
SPADES QUEEN DIAMONDS SEVEN,0.8932,0.0208,0.086
HEARTS THREE SPADES SIX,0.8136,0.0332,0.1532
DIAMONDS KING SPADES SIX,0.7206,0.0024,0.277
DIAMONDS KING SPADES NINE,0.7028,0.0022,0.295
HEARTS THREE SPADES NINE,0.84,0.0214,0.1386
HEARTS SIX HEARTS ACE,0.678,0.0052,0.3168
DIAMONDS KING SPADES EIGHT,0.7086,0.0022,0.2892
HEARTS THREE SPADES EIGHT,0.8484,0.0254,0.1262
SPADES ACE DIAMONDS SEVEN,0.7024,0.003,0.2946
CLUBS NINE HEARTS THREE,0.85,0.0212,0.1288
