opposingHand,winningChance,drawChance,lostChance
HEARTS ACE HEARTS KING
CLUBS THREE HEARTS SEVEN,0.6706,0.0054,0.324
DIAMONDS THREE HEARTS QUEEN,0.695,0.0054,0.2996
HEARTS TEN DIAMONDS FIVE,0.6926,0.0054,0.302
DIAMONDS TWO DIAMONDS JACK,0.6612,0.0036,0.3352
CLUBS FIVE CLUBS TWO,0.6298,0.0058,0.3644
CLUBS FIVE HEARTS SEVEN,0.6498,0.0056,0.3446
CLUBS SIX DIAMONDS SIX,0.4966,0.005,0.4984
HEARTS SEVEN DIAMONDS FOUR,0.6722,0.0028,0.325
SPADES JACK DIAMONDS ACE,0.7188,0.0426,0.2386
HEARTS TWO SPADES SIX,0.6794,0.004,0.3166
SPADES EIGHT CLUBS THREE,0.691,0.0034,0.3056
SPADES ACE DIAMONDS TWO,0.708,0.0468,0.2452
DIAMONDS KING DIAMONDS JACK,0.7292,0.0092,0.2616
CLUBS TEN CLUBS ACE,0.6784,0.0402,0.2814
CLUBS NINE CLUBS THREE,0.6374,0.0048,0.3578
DIAMONDS THREE SPADES EIGHT,0.6968,0.004,0.2992
DIAMONDS NINE CLUBS ACE,0.7234,0.0442,0.2324
HEARTS FIVE HEARTS TEN,0.693,0.004,0.303
SPADES EIGHT HEARTS QUEEN,0.6824,0.0054,0.3122
SPADES KING CLUBS TEN,0.7588,0.0098,0.2314
CLUBS TEN CLUBS TWO,0.6514,0.0038,0.3448
HEARTS THREE SPADES NINE,0.6792,0.0064,0.3144
CLUBS SIX CLUBS KING,0.7262,0.0124,0.2614
HEARTS TWO CLUBS ACE,0.7128,0.0486,0.2386
HEARTS SIX DIAMONDS FOUR,0.6482,0.0036,0.3482
DIAMONDS SEVEN DIAMONDS FIVE,0.6098,0.0048,0.3854
SPADES KING CLUBS FOUR,0.7708,0.01,0.2192
CLUBS EIGHT HEARTS TWO,0.6788,0.0042,0.317
HEARTS FOUR HEARTS NINE,0.6826,0.0068,0.3106
DIAMONDS JACK SPADES FOUR,0.6924,0.005,0.3026
SPADES THREE DIAMONDS FOUR,0.6628,0.0042,0.333
SPADES QUEEN CLUBS NINE,0.6788,0.0034,0.3178
DIAMONDS ACE CLUBS KING,0.0708,0.908,0.0212
DIAMONDS SIX HEARTS SEVEN,0.6424,0.003,0.3546
CLUBS FIVE SPADES SIX,0.6522,0.0038,0.344
CLUBS SIX SPADES EIGHT,0.665,0.0034,0.3316
HEARTS FIVE SPADES SEVEN,0.6414,0.0054,0.3532
SPADES ACE SPADES QUEEN,0.679,0.0448,0.2762
SPADES ACE SPADES TWO,0.6712,0.0484,0.2804
HEARTS FIVE DIAMONDS TEN,0.685,0.0074,0.3076
HEARTS THREE DIAMONDS FOUR,0.6564,0.0062,0.3374
CLUBS ACE CLUBS QUEEN,0.6894,0.0412,0.2694
HEARTS FOUR SPADES FIVE,0.6268,0.0078,0.3654
SPADES ACE HEARTS TWO,0.7094,0.0492,0.2414
CLUBS SEVEN CLUBS QUEEN,0.6558,0.0054,0.3388
HEARTS FOUR DIAMONDS TEN,0.68,0.0044,0.3156
DIAMONDS THREE HEARTS NINE,0.6904,0.0048,0.3048
CLUBS TEN DIAMONDS FIVE,0.6864,0.0048,0.3088
CLUBS TWO SPADES TWO,0.5008,0.0062,0.493
SPADES NINE CLUBS THREE,0.7008,0.0036,0.2956
SPADES ACE DIAMONDS JACK,0.7068,0.0446,0.2486
DIAMONDS NINE HEARTS JACK,0.6588,0.004,0.3372
DIAMONDS THREE CLUBS THREE,0.502,0.005,0.493
SPADES ACE HEARTS SIX,0.7258,0.042,0.2322
DIAMONDS TEN SPADES TWO,0.6906,0.0056,0.3038
CLUBS TEN DIAMONDS SIX,0.6904,0.0026,0.307
SPADES THREE HEARTS SEVEN,0.6796,0.006,0.3144
DIAMONDS KING SPADES SEVEN,0.7652,0.0114,0.2234
CLUBS TWO DIAMONDS NINE,0.6884,0.0056,0.306
CLUBS TWO HEARTS NINE,0.6798,0.0072,0.313
HEARTS JACK DIAMONDS SEVEN,0.679,0.003,0.318
HEARTS THREE CLUBS SIX,0.6674,0.0048,0.3278
SPADES NINE CLUBS TWO,0.6878,0.0066,0.3056
SPADES FIVE DIAMONDS NINE,0.6778,0.006,0.3162
HEARTS SIX HEARTS QUEEN,0.6736,0.0052,0.3212
DIAMONDS JACK DIAMONDS FIVE,0.6494,0.0052,0.3454
HEARTS FOUR CLUBS THREE,0.645,0.0076,0.3474
SPADES ACE SPADES SIX,0.6718,0.0398,0.2884
SPADES FIVE DIAMONDS SEVEN,0.6568,0.0032,0.34
CLUBS TEN DIAMONDS KING,0.7568,0.0102,0.233
DIAMONDS QUEEN CLUBS TWO,0.6996,0.006,0.2944
DIAMONDS NINE DIAMONDS EIGHT,0.614,0.0056,0.3804
CLUBS NINE HEARTS TWO,0.6916,0.005,0.3034
DIAMONDS KING HEARTS EIGHT,0.7764,0.013,0.2106
SPADES JACK HEARTS THREE,0.6888,0.0052,0.306
SPADES NINE HEARTS EIGHT,0.648,0.0042,0.3478
CLUBS ACE HEARTS EIGHT,0.717,0.049,0.234
HEARTS SIX DIAMONDS FIVE,0.6282,0.0032,0.3686
HEARTS FOUR SPADES JACK,0.6836,0.0048,0.3116
CLUBS FIVE CLUBS THREE,0.6252,0.0058,0.369
CLUBS JACK HEARTS EIGHT,0.6762,0.0036,0.3202
CLUBS NINE DIAMONDS FIVE,0.6862,0.003,0.3108
HEARTS FOUR DIAMONDS QUEEN,0.6916,0.0052,0.3032
CLUBS TEN SPADES NINE,0.6392,0.0024,0.3584
HEARTS TWO CLUBS QUEEN,0.6962,0.005,0.2988
CLUBS NINE CLUBS FIVE,0.6268,0.005,0.3682
HEARTS JACK CLUBS QUEEN,0.6682,0.0058,0.326
DIAMONDS THREE CLUBS FIVE,0.6532,0.0042,0.3426
HEARTS SIX SPADES SEVEN,0.6422,0.0046,0.3532
SPADES JACK CLUBS TWO,0.7058,0.0056,0.2886
CLUBS FOUR SPADES THREE,0.6702,0.006,0.3238
HEARTS EIGHT CLUBS QUEEN,0.6642,0.0042,0.3316
DIAMONDS TEN DIAMONDS NINE,0.6144,0.0026,0.383
HEARTS THREE DIAMONDS SIX,0.6656,0.0058,0.3286
DIAMONDS QUEEN SPADES FIVE,0.692,0.003,0.305
SPADES EIGHT CLUBS QUEEN,0.6888,0.0038,0.3074
HEARTS QUEEN HEARTS SEVEN,0.6902,0.0056,0.3042
DIAMONDS THREE SPADES SIX,0.6696,0.0062,0.3242
CLUBS FIVE HEARTS JACK,0.6824,0.0068,0.3108
SPADES FIVE HEARTS TEN,0.6768,0.0058,0.3174
SPADES TWO CLUBS KING,0.7658,0.015,0.2192
SPADES ACE DIAMONDS TEN,0.7188,0.0426,0.2386
SPADES ACE DIAMONDS THREE,0.716,0.0482,0.2358
SPADES SIX SPADES FOUR,0.6204,0.0046,0.375
HEARTS FIVE DIAMONDS FOUR,0.6432,0.0064,0.3504
SPADES TEN SPADES SIX,0.6502,0.0042,0.3456
CLUBS QUEEN DIAMONDS FOUR,0.6948,0.0058,0.2994
CLUBS FOUR DIAMONDS EIGHT,0.67,0.006,0.324
HEARTS THREE HEARTS JACK,0.6912,0.0042,0.3046
HEARTS FIVE DIAMONDS FIVE,0.498,0.0046,0.4974
SPADES ACE CLUBS SIX,0.7256,0.0448,0.2296
HEARTS SIX SPADES TWO,0.6764,0.0068,0.3168
SPADES JACK CLUBS QUEEN,0.6808,0.0048,0.3144
HEARTS THREE SPADES TEN,0.688,0.0058,0.3062
CLUBS FOUR DIAMONDS JACK,0.6812,0.0058,0.313
DIAMONDS TWO CLUBS THREE,0.6746,0.0088,0.3166
HEARTS TWO DIAMONDS JACK,0.697,0.0062,0.2968
SPADES TEN DIAMONDS SEVEN,0.6674,0.0044,0.3282
HEARTS FOUR HEARTS JACK,0.6776,0.0074,0.315
SPADES SEVEN SPADES FIVE,0.6268,0.0052,0.368
HEARTS SIX DIAMONDS QUEEN,0.7042,0.0038,0.292
SPADES EIGHT DIAMONDS FOUR,0.6812,0.0046,0.3142
CLUBS FIVE SPADES FOUR,0.6342,0.0058,0.36
CLUBS JACK DIAMONDS THREE,0.703,0.004,0.293
HEARTS TWO DIAMONDS NINE,0.699,0.0052,0.2958
SPADES JACK SPADES THREE,0.6552,0.0058,0.339
DIAMONDS THREE DIAMONDS KING,0.7404,0.0114,0.2482
HEARTS SIX HEARTS FIVE,0.632,0.0054,0.3626
SPADES JACK CLUBS FIVE,0.6888,0.0044,0.3068
CLUBS NINE SPADES SEVEN,0.6676,0.0028,0.3296
CLUBS EIGHT SPADES FIVE,0.6722,0.0048,0.323
CLUBS TWO CLUBS KING,0.7262,0.0132,0.2606
CLUBS NINE DIAMONDS FOUR,0.6898,0.004,0.3062
HEARTS FIVE SPADES THREE,0.6554,0.0046,0.34
SPADES NINE SPADES SEVEN,0.618,0.0048,0.3772
SPADES QUEEN SPADES EIGHT,0.6484,0.0048,0.3468
CLUBS JACK CLUBS NINE,0.635,0.0058,0.3592
DIAMONDS TEN HEARTS TEN,0.4714,0.005,0.5236
SPADES QUEEN HEARTS NINE,0.6784,0.007,0.3146
CLUBS TEN CLUBS NINE,0.6212,0.0052,0.3736
DIAMONDS SEVEN DIAMONDS FOUR,0.6216,0.005,0.3734
CLUBS JACK DIAMONDS ACE,0.727,0.0432,0.2298
SPADES KING DIAMONDS ACE,0.0726,0.9064,0.021
SPADES TEN HEARTS EIGHT,0.6612,0.0048,0.334
HEARTS QUEEN DIAMONDS EIGHT,0.6864,0.006,0.3076
SPADES TEN SPADES THREE,0.6566,0.0066,0.3368
SPADES JACK HEARTS NINE,0.655,0.005,0.34
SPADES EIGHT HEARTS SEVEN,0.6314,0.0038,0.3648
DIAMONDS KING CLUBS QUEEN,0.7532,0.0104,0.2364
CLUBS TEN SPADES THREE,0.6934,0.005,0.3016
CLUBS JACK CLUBS SEVEN,0.6496,0.0032,0.3472
CLUBS TWO HEARTS EIGHT,0.6932,0.0048,0.302
HEARTS THREE DIAMONDS EIGHT,0.6966,0.0058,0.2976
CLUBS JACK CLUBS EIGHT,0.6362,0.0046,0.3592
CLUBS SEVEN HEARTS NINE,0.6536,0.0048,0.3416
DIAMONDS THREE SPADES TWO,0.6738,0.0058,0.3204
SPADES QUEEN DIAMONDS QUEEN,0.4562,0.0036,0.5402
CLUBS EIGHT HEARTS SEVEN,0.6436,0.0042,0.3522
CLUBS SEVEN DIAMONDS JACK,0.6836,0.0036,0.3128
SPADES QUEEN DIAMONDS ACE,0.7258,0.0386,0.2356
CLUBS SIX DIAMONDS FIVE,0.6472,0.0046,0.3482
SPADES KING CLUBS TWO,0.776,0.0116,0.2124
CLUBS EIGHT DIAMONDS FOUR,0.6832,0.0034,0.3134
SPADES JACK DIAMONDS TEN,0.6444,0.005,0.3506
DIAMONDS QUEEN CLUBS ACE,0.7232,0.0412,0.2356
SPADES JACK CLUBS THREE,0.6914,0.0058,0.3028
SPADES TWO HEARTS NINE,0.6932,0.0062,0.3006
HEARTS THREE SPADES TWO,0.6614,0.007,0.3316
DIAMONDS QUEEN HEARTS SEVEN,0.6922,0.004,0.3038
SPADES ACE SPADES KING,0.0726,0.8592,0.0682
SPADES FIVE HEARTS QUEEN,0.6934,0.0044,0.3022
DIAMONDS TEN CLUBS ACE,0.7172,0.04,0.2428
HEARTS THREE CLUBS QUEEN,0.695,0.0068,0.2982
CLUBS SEVEN HEARTS JACK,0.6768,0.005,0.3182
CLUBS SIX DIAMONDS SEVEN,0.6452,0.0036,0.3512
HEARTS TEN HEARTS EIGHT,0.6602,0.0052,0.3346
CLUBS FIVE HEARTS NINE,0.677,0.003,0.32
DIAMONDS THREE HEARTS TWO,0.6718,0.0056,0.3226
SPADES NINE DIAMONDS FIVE,0.683,0.0044,0.3126
HEARTS THREE CLUBS FIVE,0.6644,0.0056,0.33
SPADES ACE CLUBS SEVEN,0.7156,0.0428,0.2416
HEARTS FOUR HEARTS TEN,0.6916,0.0058,0.3026
SPADES EIGHT HEARTS TEN,0.645,0.0042,0.3508
HEARTS SIX SPADES EIGHT,0.6634,0.0044,0.3322
CLUBS EIGHT DIAMONDS EIGHT,0.4926,0.002,0.5054
SPADES SEVEN HEARTS EIGHT,0.6404,0.0046,0.355
DIAMONDS TWO HEARTS TEN,0.6986,0.0054,0.296
SPADES TEN DIAMONDS SIX,0.6926,0.0032,0.3042
SPADES FIVE CLUBS KING,0.7646,0.0154,0.22
CLUBS TEN SPADES SIX,0.6826,0.0038,0.3136
CLUBS ACE CLUBS KING,0.0748,0.8536,0.0716
HEARTS NINE HEARTS SEVEN,0.633,0.0044,0.3626
CLUBS NINE CLUBS KING,0.7288,0.0116,0.2596
SPADES ACE DIAMONDS FIVE,0.7046,0.046,0.2494
DIAMONDS THREE DIAMONDS SIX,0.6304,0.0042,0.3654
SPADES QUEEN CLUBS FOUR,0.6988,0.006,0.2952
CLUBS NINE HEARTS EIGHT,0.6546,0.0034,0.342
DIAMONDS JACK HEARTS EIGHT,0.653,0.0064,0.3406
SPADES QUEEN SPADES FOUR,0.651,0.0044,0.3446
SPADES SEVEN HEARTS NINE,0.6458,0.0038,0.3504
SPADES KING CLUBS NINE,0.7672,0.0106,0.2222
DIAMONDS THREE CLUBS NINE,0.6914,0.003,0.3056
HEARTS FIVE CLUBS EIGHT,0.6674,0.0038,0.3288
SPADES KING HEARTS QUEEN,0.7522,0.0144,0.2334
DIAMONDS TWO DIAMONDS ACE,0.6692,0.0468,0.284
SPADES SIX HEARTS NINE,0.6558,0.005,0.3392
HEARTS TEN CLUBS ACE,0.7112,0.0466,0.2422
SPADES EIGHT DIAMONDS NINE,0.6708,0.0014,0.3278
DIAMONDS TWO DIAMONDS QUEEN,0.6594,0.005,0.3356
CLUBS TEN HEARTS FIVE,0.6832,0.0072,0.3096
DIAMONDS EIGHT DIAMONDS SEVEN,0.5958,0.0064,0.3978
CLUBS JACK DIAMONDS TEN,0.6504,0.004,0.3456
SPADES SIX HEARTS QUEEN,0.6906,0.0054,0.304
SPADES NINE DIAMONDS JACK,0.6652,0.0044,0.3304
HEARTS TWO SPADES TWO,0.5032,0.0064,0.4904
SPADES QUEEN SPADES JACK,0.6358,0.0066,0.3576
HEARTS SIX DIAMONDS NINE,0.676,0.005,0.319
SPADES SEVEN SPADES FOUR,0.6256,0.0042,0.3702
DIAMONDS JACK CLUBS KING,0.7634,0.0114,0.2252
CLUBS SIX CLUBS FOUR,0.6244,0.0044,0.3712
SPADES SEVEN CLUBS THREE,0.686,0.0052,0.3088
SPADES THREE CLUBS QUEEN,0.6984,0.0042,0.2974
HEARTS SIX HEARTS JACK,0.6852,0.008,0.3068
SPADES SIX CLUBS ACE,0.7336,0.0434,0.223
CLUBS EIGHT CLUBS FOUR,0.653,0.0058,0.3412
SPADES JACK CLUBS SEVEN,0.682,0.0056,0.3124
SPADES KING CLUBS QUEEN,0.764,0.01,0.226
SPADES SIX DIAMONDS EIGHT,0.6564,0.0036,0.34
DIAMONDS TEN HEARTS NINE,0.645,0.005,0.35
SPADES SIX CLUBS KING,0.7666,0.0104,0.223
HEARTS SIX CLUBS THREE,0.6638,0.005,0.3312
HEARTS QUEEN HEARTS NINE,0.6664,0.006,0.3276
HEARTS FIVE HEARTS SEVEN,0.641,0.0058,0.3532
HEARTS QUEEN HEARTS EIGHT,0.6722,0.0056,0.3222
HEARTS FIVE HEARTS NINE,0.6736,0.0082,0.3182
HEARTS FIVE CLUBS KING,0.7646,0.0124,0.223
SPADES SEVEN SPADES TWO,0.6384,0.0058,0.3558
HEARTS FOUR SPADES NINE,0.6734,0.0052,0.3214
SPADES SEVEN DIAMONDS FOUR,0.6716,0.0042,0.3242
SPADES KING CLUBS FIVE,0.7604,0.012,0.2276
CLUBS TWO SPADES FOUR,0.6646,0.006,0.3294
SPADES JACK DIAMONDS SEVEN,0.6806,0.0038,0.3156
CLUBS TEN SPADES FOUR,0.695,0.004,0.301
SPADES JACK DIAMONDS FIVE,0.6908,0.004,0.3052
DIAMONDS THREE SPADES SEVEN,0.6822,0.0036,0.3142
CLUBS EIGHT SPADES TEN,0.6592,0.0038,0.337
HEARTS TWO CLUBS FIVE,0.6778,0.004,0.3182
SPADES THREE HEARTS TEN,0.6766,0.0054,0.318
DIAMONDS THREE DIAMONDS SEVEN,0.6414,0.0066,0.352
DIAMONDS JACK DIAMONDS FOUR,0.6496,0.007,0.3434
SPADES EIGHT DIAMONDS SEVEN,0.6392,0.004,0.3568
DIAMONDS TWO SPADES TWO,0.4902,0.0062,0.5036
CLUBS NINE HEARTS THREE,0.6782,0.007,0.3148
DIAMONDS THREE CLUBS EIGHT,0.6814,0.005,0.3136
HEARTS FIVE DIAMONDS EIGHT,0.6476,0.0038,0.3486
CLUBS SIX CLUBS FIVE,0.6132,0.0034,0.3834
CLUBS FOUR SPADES FOUR,0.4958,0.006,0.4982
SPADES EIGHT DIAMONDS SIX,0.6552,0.005,0.3398
HEARTS FIVE SPADES TEN,0.6874,0.0058,0.3068
CLUBS FOUR HEARTS JACK,0.6908,0.0058,0.3034
HEARTS FOUR SPADES THREE,0.6508,0.006,0.3432
SPADES QUEEN SPADES SEVEN,0.6502,0.0046,0.3452
HEARTS TWO DIAMONDS KING,0.7784,0.0114,0.2102
CLUBS JACK SPADES SEVEN,0.6822,0.0024,0.3154
CLUBS THREE HEARTS NINE,0.7002,0.0074,0.2924
DIAMONDS JACK DIAMONDS TEN,0.6104,0.0066,0.383
DIAMONDS NINE HEARTS TEN,0.6528,0.0046,0.3426
SPADES JACK HEARTS QUEEN,0.659,0.0052,0.3358
HEARTS THREE CLUBS FOUR,0.6552,0.0074,0.3374
CLUBS KING HEARTS SEVEN,0.7646,0.0124,0.223
HEARTS TWO SPADES FIVE,0.6738,0.008,0.3182
DIAMONDS FIVE HEARTS SEVEN,0.6428,0.0046,0.3526
SPADES SEVEN SPADES SIX,0.6096,0.0048,0.3856
DIAMONDS ACE DIAMONDS QUEEN,0.6838,0.041,0.2752
HEARTS TWO SPADES SEVEN,0.692,0.0056,0.3024
CLUBS FOUR DIAMONDS TEN,0.6952,0.005,0.2998
HEARTS THREE HEARTS TWO,0.6628,0.0084,0.3288
CLUBS NINE SPADES TWO,0.693,0.0056,0.3014
SPADES TWO HEARTS TEN,0.688,0.0054,0.3066
HEARTS FIVE DIAMONDS SIX,0.6392,0.004,0.3568
DIAMONDS THREE CLUBS SIX,0.6644,0.0054,0.3302
DIAMONDS ACE DIAMONDS KING,0.0748,0.8548,0.0704
CLUBS NINE HEARTS FOUR,0.6886,0.0052,0.3062
DIAMONDS ACE SPADES EIGHT,0.7164,0.0504,0.2332
CLUBS SEVEN SPADES SEVEN,0.49,0.004,0.506
CLUBS JACK DIAMONDS EIGHT,0.6606,0.003,0.3364
CLUBS SEVEN SPADES NINE,0.6552,0.0028,0.342
SPADES EIGHT DIAMONDS JACK,0.6648,0.0038,0.3314
SPADES QUEEN CLUBS KING,0.7644,0.008,0.2276
DIAMONDS EIGHT SPADES TWO,0.6892,0.0032,0.3076
HEARTS FIVE SPADES NINE,0.6864,0.0058,0.3078
CLUBS EIGHT DIAMONDS QUEEN,0.6882,0.0038,0.308
CLUBS NINE HEARTS TEN,0.64,0.0052,0.3548
SPADES SIX DIAMONDS TEN,0.673,0.004,0.323
HEARTS TWO CLUBS FOUR,0.6594,0.0064,0.3342
CLUBS EIGHT CLUBS TWO,0.6458,0.0052,0.349
CLUBS NINE DIAMONDS SIX,0.6768,0.003,0.3202
SPADES ACE DIAMONDS FOUR,0.7134,0.0434,0.2432
CLUBS SIX SPADES THREE,0.6606,0.0044,0.335
SPADES ACE SPADES FIVE,0.664,0.0442,0.2918
HEARTS FOUR CLUBS TWO,0.6728,0.0058,0.3214
HEARTS TWO HEARTS EIGHT,0.692,0.0066,0.3014
CLUBS JACK HEARTS QUEEN,0.6598,0.0062,0.334
CLUBS KING DIAMONDS FOUR,0.7716,0.0116,0.2168
SPADES JACK DIAMONDS NINE,0.6666,0.0036,0.3298
CLUBS TEN SPADES TEN,0.469,0.0028,0.5282
HEARTS FIVE CLUBS ACE,0.7106,0.0448,0.2446
CLUBS FIVE SPADES SEVEN,0.649,0.0056,0.3454
SPADES QUEEN SPADES TEN,0.6308,0.0066,0.3626
DIAMONDS NINE SPADES THREE,0.6918,0.0044,0.3038
HEARTS SIX HEARTS EIGHT,0.652,0.0068,0.3412
DIAMONDS ACE DIAMONDS NINE,0.68,0.0464,0.2736
SPADES EIGHT SPADES SEVEN,0.613,0.0064,0.3806
HEARTS FIVE SPADES SIX,0.6452,0.0072,0.3476
CLUBS TEN DIAMONDS NINE,0.6462,0.0042,0.3496
HEARTS TWO HEARTS NINE,0.686,0.0048,0.3092
SPADES KING DIAMONDS FOUR,0.7752,0.0116,0.2132
SPADES TEN DIAMONDS QUEEN,0.658,0.0048,0.3372
SPADES NINE DIAMONDS FOUR,0.6888,0.0052,0.306
SPADES EIGHT DIAMONDS TEN,0.6604,0.0022,0.3374
CLUBS EIGHT CLUBS SIX,0.6186,0.0042,0.3772
HEARTS JACK HEARTS SEVEN,0.6666,0.0072,0.3262
SPADES ACE SPADES FOUR,0.6706,0.0414,0.288
CLUBS JACK HEARTS FIVE,0.6884,0.005,0.3066
DIAMONDS JACK HEARTS JACK,0.4668,0.0034,0.5298
HEARTS TWO DIAMONDS FIVE,0.6546,0.0056,0.3398
SPADES QUEEN HEARTS FOUR,0.6834,0.0068,0.3098
HEARTS SIX SPADES THREE,0.6742,0.006,0.3198
DIAMONDS TWO DIAMONDS EIGHT,0.6494,0.0038,0.3468
CLUBS FIVE CLUBS KING,0.7218,0.0128,0.2654
DIAMONDS TWO HEARTS SEVEN,0.6912,0.0072,0.3016
CLUBS NINE DIAMONDS ACE,0.723,0.0454,0.2316
CLUBS FOUR SPADES SIX,0.6534,0.006,0.3406
SPADES SIX DIAMONDS FIVE,0.6428,0.003,0.3542
CLUBS NINE CLUBS FOUR,0.647,0.0042,0.3488
SPADES THREE DIAMONDS EIGHT,0.6942,0.0046,0.3012
CLUBS SEVEN CLUBS FIVE,0.6112,0.003,0.3858
CLUBS THREE HEARTS TEN,0.688,0.0046,0.3074
SPADES ACE CLUBS TEN,0.724,0.0428,0.2332
CLUBS SIX HEARTS TEN,0.6698,0.0046,0.3256
HEARTS SIX SPADES QUEEN,0.684,0.0042,0.3118
CLUBS TEN DIAMONDS ACE,0.718,0.0462,0.2358
SPADES SEVEN CLUBS TWO,0.6948,0.004,0.3012
HEARTS THREE SPADES SIX,0.659,0.007,0.334
CLUBS JACK SPADES THREE,0.6894,0.0042,0.3064
CLUBS TEN DIAMONDS FOUR,0.694,0.005,0.301
SPADES EIGHT SPADES FIVE,0.62,0.0044,0.3756
SPADES JACK CLUBS SIX,0.6812,0.0038,0.315
DIAMONDS SIX HEARTS EIGHT,0.655,0.0062,0.3388
DIAMONDS KING CLUBS THREE,0.773,0.0136,0.2134
CLUBS SIX SPADES FOUR,0.6526,0.0034,0.344
HEARTS THREE HEARTS NINE,0.6814,0.007,0.3116
CLUBS SIX DIAMONDS NINE,0.66,0.0042,0.3358
CLUBS FIVE DIAMONDS SEVEN,0.6582,0.0038,0.338
HEARTS TWO CLUBS SIX,0.6686,0.0036,0.3278
SPADES EIGHT DIAMONDS QUEEN,0.6758,0.0038,0.3204
SPADES SEVEN HEARTS JACK,0.6684,0.0052,0.3264
SPADES KING HEARTS JACK,0.7462,0.0088,0.245
SPADES JACK CLUBS EIGHT,0.6732,0.004,0.3228
DIAMONDS SIX CLUBS KING,0.7678,0.0108,0.2214
HEARTS TEN HEARTS SEVEN,0.6584,0.0044,0.3372
CLUBS SIX SPADES SIX,0.491,0.0036,0.5054
HEARTS FOUR HEARTS EIGHT,0.6672,0.0054,0.3274
DIAMONDS THREE SPADES FIVE,0.6584,0.0062,0.3354
DIAMONDS SEVEN DIAMONDS SIX,0.612,0.0052,0.3828
DIAMONDS NINE DIAMONDS SEVEN,0.6174,0.0036,0.379
SPADES THREE CLUBS ACE,0.7064,0.0502,0.2434
CLUBS JACK SPADES TWO,0.7048,0.005,0.2902
HEARTS SIX CLUBS QUEEN,0.6966,0.0056,0.2978
CLUBS THREE DIAMONDS FIVE,0.6536,0.0048,0.3416
DIAMONDS KING DIAMONDS QUEEN,0.706,0.0114,0.2826
DIAMONDS TEN HEARTS QUEEN,0.6582,0.0036,0.3382
SPADES THREE HEARTS EIGHT,0.6788,0.0052,0.316
DIAMONDS TEN CLUBS KING,0.7484,0.0106,0.241
CLUBS EIGHT CLUBS KING,0.7172,0.0126,0.2702
SPADES EIGHT HEARTS EIGHT,0.4802,0.004,0.5158
HEARTS QUEEN DIAMONDS SEVEN,0.6894,0.0054,0.3052
HEARTS SIX HEARTS FOUR,0.6548,0.0066,0.3386
CLUBS JACK CLUBS ACE,0.6822,0.0394,0.2784
CLUBS ACE HEARTS SEVEN,0.7082,0.048,0.2438
DIAMONDS TWO CLUBS SEVEN,0.7088,0.004,0.2872
SPADES TWO HEARTS SEVEN,0.6866,0.006,0.3074
DIAMONDS QUEEN HEARTS QUEEN,0.4638,0.0032,0.533
DIAMONDS TWO HEARTS FOUR,0.678,0.0074,0.3146
CLUBS TWO DIAMONDS EIGHT,0.6888,0.0058,0.3054
SPADES TEN DIAMONDS EIGHT,0.6484,0.0054,0.3462
HEARTS THREE CLUBS SEVEN,0.6686,0.0052,0.3262
CLUBS JACK SPADES EIGHT,0.679,0.0044,0.3166
CLUBS NINE CLUBS TWO,0.6662,0.0054,0.3284
HEARTS FIVE HEARTS FOUR,0.6268,0.0064,0.3668
HEARTS FIVE HEARTS THREE,0.6514,0.0048,0.3438
SPADES SEVEN HEARTS SEVEN,0.4854,0.0042,0.5104
CLUBS JACK CLUBS TWO,0.6486,0.0062,0.3452
SPADES NINE SPADES TWO,0.65,0.0066,0.3434
SPADES SIX CLUBS TWO,0.6832,0.0032,0.3136
CLUBS THREE HEARTS JACK,0.697,0.005,0.298
SPADES ACE HEARTS FIVE,0.7024,0.0506,0.247
SPADES NINE DIAMONDS KING,0.7764,0.0112,0.2124
HEARTS QUEEN CLUBS KING,0.7524,0.0108,0.2368
DIAMONDS QUEEN DIAMONDS EIGHT,0.6414,0.0046,0.354
SPADES FOUR HEARTS EIGHT,0.6858,0.0058,0.3084
CLUBS EIGHT SPADES SIX,0.6534,0.0034,0.3432
CLUBS SEVEN HEARTS TEN,0.6822,0.0058,0.312
DIAMONDS THREE SPADES JACK,0.7032,0.0056,0.2912
HEARTS TWO CLUBS KING,0.7736,0.0136,0.2128
CLUBS THREE CLUBS TWO,0.638,0.0038,0.3582
CLUBS FOUR HEARTS EIGHT,0.6814,0.0064,0.3122
HEARTS NINE CLUBS QUEEN,0.6766,0.0054,0.318
HEARTS JACK HEARTS TEN,0.6496,0.0062,0.3442
HEARTS SIX DIAMONDS JACK,0.6966,0.0036,0.2998
DIAMONDS KING DIAMONDS SEVEN,0.7186,0.0132,0.2682
SPADES SIX DIAMONDS SEVEN,0.6466,0.0034,0.35
DIAMONDS TEN HEARTS SEVEN,0.6648,0.005,0.3302
HEARTS SIX HEARTS TWO,0.6762,0.0058,0.318
DIAMONDS THREE DIAMONDS TWO,0.6336,0.006,0.3604
CLUBS JACK CLUBS SIX,0.6478,0.0054,0.3468
HEARTS FIVE HEARTS TWO,0.6496,0.005,0.3454
DIAMONDS QUEEN HEARTS JACK,0.6672,0.0058,0.327
SPADES KING SPADES SEVEN,0.7116,0.0142,0.2742
HEARTS FIVE DIAMONDS QUEEN,0.6878,0.006,0.3062
CLUBS TWO HEARTS QUEEN,0.7068,0.0054,0.2878
HEARTS TWO DIAMONDS SEVEN,0.6848,0.0052,0.31
HEARTS JACK SPADES TWO,0.6916,0.0084,0.3
SPADES ACE DIAMONDS QUEEN,0.7262,0.0404,0.2334
SPADES TEN HEARTS TEN,0.4708,0.0042,0.525
SPADES TEN SPADES SEVEN,0.6404,0.0054,0.3542
HEARTS QUEEN DIAMONDS NINE,0.6596,0.0056,0.3348
SPADES QUEEN DIAMONDS JACK,0.6672,0.005,0.3278
CLUBS NINE SPADES EIGHT,0.659,0.0028,0.3382
SPADES THREE DIAMONDS FIVE,0.6456,0.0054,0.349
DIAMONDS TWO HEARTS TWO,0.4978,0.0056,0.4966
SPADES SEVEN CLUBS FOUR,0.6622,0.0034,0.3344
CLUBS JACK DIAMONDS JACK,0.4646,0.0038,0.5316
CLUBS NINE HEARTS NINE,0.4822,0.0044,0.5134
HEARTS FOUR CLUBS FIVE,0.64,0.0052,0.3548
DIAMONDS EIGHT HEARTS TEN,0.646,0.005,0.349
CLUBS THREE CLUBS ACE,0.6752,0.0416,0.2832
DIAMONDS EIGHT HEARTS NINE,0.6562,0.0054,0.3384
HEARTS FIVE SPADES EIGHT,0.6654,0.0038,0.3308
SPADES FOUR HEARTS JACK,0.6948,0.0054,0.2998
SPADES SEVEN HEARTS TEN,0.6624,0.0056,0.332
SPADES SEVEN DIAMONDS JACK,0.6772,0.0032,0.3196
CLUBS FOUR HEARTS SEVEN,0.6666,0.0042,0.3292
CLUBS TEN CLUBS QUEEN,0.6152,0.0052,0.3796
CLUBS SEVEN DIAMONDS TEN,0.6724,0.0034,0.3242
SPADES NINE DIAMONDS TEN,0.6598,0.0036,0.3366
HEARTS TWO CLUBS TWO,0.4928,0.006,0.5012
DIAMONDS ACE DIAMONDS EIGHT,0.666,0.047,0.287
SPADES SIX SPADES FIVE,0.5944,0.0042,0.4014
SPADES TEN DIAMONDS NINE,0.6448,0.0024,0.3528
CLUBS TEN HEARTS THREE,0.6806,0.0048,0.3146
SPADES JACK SPADES TEN,0.6216,0.0048,0.3736
DIAMONDS THREE HEARTS SEVEN,0.6798,0.0056,0.3146
SPADES SEVEN SPADES THREE,0.645,0.0062,0.3488
CLUBS TEN CLUBS FOUR,0.6444,0.0044,0.3512
SPADES THREE SPADES TWO,0.6378,0.0062,0.356
DIAMONDS KING SPADES FOUR,0.779,0.0108,0.2102
SPADES QUEEN DIAMONDS EIGHT,0.7018,0.004,0.2942
SPADES ACE CLUBS FIVE,0.7016,0.0472,0.2512
HEARTS THREE DIAMONDS ACE,0.7096,0.048,0.2424
SPADES TEN SPADES EIGHT,0.6238,0.0042,0.372
DIAMONDS ACE SPADES SEVEN,0.731,0.0468,0.2222
CLUBS SEVEN HEARTS EIGHT,0.6448,0.0032,0.352
SPADES KING DIAMONDS NINE,0.7718,0.0152,0.213
CLUBS TEN DIAMONDS TEN,0.494,0.0036,0.5024
HEARTS SIX HEARTS THREE,0.6472,0.0054,0.3474
SPADES ACE SPADES SEVEN,0.6784,0.0404,0.2812
CLUBS FOUR HEARTS QUEEN,0.6838,0.007,0.3092
CLUBS SIX DIAMONDS TEN,0.688,0.0034,0.3086
HEARTS EIGHT DIAMONDS FIVE,0.6506,0.005,0.3444
CLUBS JACK DIAMONDS QUEEN,0.6702,0.0032,0.3266
HEARTS TWO HEARTS QUEEN,0.6886,0.006,0.3054
SPADES FIVE CLUBS ACE,0.7102,0.0438,0.246
CLUBS TWO HEARTS JACK,0.6946,0.0058,0.2996
CLUBS SIX DIAMONDS EIGHT,0.651,0.0042,0.3448
CLUBS TEN CLUBS THREE,0.6572,0.0058,0.337
CLUBS EIGHT CLUBS THREE,0.6456,0.0054,0.349
DIAMONDS TWO HEARTS QUEEN,0.6904,0.006,0.3036
CLUBS JACK SPADES JACK,0.4576,0.0046,0.5378
DIAMONDS QUEEN HEARTS NINE,0.6796,0.006,0.3144
DIAMONDS TWO CLUBS SIX,0.687,0.0066,0.3064
SPADES TWO DIAMONDS SIX,0.6988,0.0048,0.2964
SPADES JACK DIAMONDS SIX,0.69,0.0046,0.3054
CLUBS FOUR CLUBS TWO,0.6332,0.0068,0.36
DIAMONDS QUEEN HEARTS TEN,0.6566,0.0042,0.3392
SPADES QUEEN SPADES NINE,0.6338,0.0026,0.3636
DIAMONDS TWO CLUBS EIGHT,0.6894,0.0054,0.3052
HEARTS FOUR SPADES TWO,0.6738,0.0038,0.3224
CLUBS ACE DIAMONDS FOUR,0.7066,0.046,0.2474
CLUBS FIVE HEARTS QUEEN,0.6858,0.0046,0.3096
CLUBS FOUR CLUBS QUEEN,0.6448,0.0048,0.3504
SPADES TEN CLUBS TWO,0.7,0.0048,0.2952
HEARTS QUEEN SPADES TWO,0.6994,0.0068,0.2938
CLUBS NINE DIAMONDS TEN,0.644,0.0046,0.3514
DIAMONDS TWO DIAMONDS NINE,0.649,0.0056,0.3454
HEARTS FIVE HEARTS EIGHT,0.6586,0.0048,0.3366
SPADES JACK DIAMONDS EIGHT,0.6872,0.0036,0.3092
SPADES TEN CLUBS KING,0.7462,0.0088,0.245
SPADES SIX SPADES THREE,0.6226,0.006,0.3714
CLUBS NINE DIAMONDS NINE,0.4832,0.0032,0.5136
CLUBS EIGHT CLUBS FIVE,0.6258,0.0048,0.3694
HEARTS FIVE DIAMONDS TWO,0.664,0.0072,0.3288
SPADES QUEEN DIAMONDS TEN,0.6646,0.0044,0.331
CLUBS JACK SPADES NINE,0.6552,0.0038,0.341
SPADES EIGHT DIAMONDS EIGHT,0.4862,0.0036,0.5102
DIAMONDS KING SPADES TWO,0.7832,0.0132,0.2036
DIAMONDS TWO SPADES THREE,0.6754,0.005,0.3196
CLUBS JACK DIAMONDS FIVE,0.6848,0.0042,0.311
CLUBS SEVEN HEARTS QUEEN,0.7034,0.0046,0.292
HEARTS QUEEN CLUBS ACE,0.712,0.044,0.244
SPADES EIGHT SPADES THREE,0.6484,0.0062,0.3454
CLUBS FIVE DIAMONDS QUEEN,0.6924,0.0054,0.3022
SPADES SIX DIAMONDS NINE,0.6664,0.0044,0.3292
SPADES EIGHT HEARTS NINE,0.661,0.003,0.336
CLUBS SIX DIAMONDS JACK,0.6874,0.0036,0.309
CLUBS FIVE CLUBS FOUR,0.6094,0.0046,0.386
SPADES ACE CLUBS THREE,0.7154,0.0462,0.2384
DIAMONDS THREE CLUBS FOUR,0.6544,0.0034,0.3422
CLUBS FOUR SPADES TWO,0.679,0.0042,0.3168
DIAMONDS TEN CLUBS QUEEN,0.6684,0.005,0.3266
HEARTS QUEEN DIAMONDS FIVE,0.6942,0.006,0.2998
HEARTS NINE DIAMONDS FOUR,0.6874,0.0062,0.3064
DIAMONDS KING DIAMONDS SIX,0.7178,0.0112,0.271
HEARTS TWO SPADES THREE,0.6706,0.006,0.3234
SPADES NINE SPADES THREE,0.6564,0.0044,0.3392
CLUBS EIGHT HEARTS TEN,0.6588,0.0034,0.3378
DIAMONDS SIX DIAMONDS FIVE,0.611,0.003,0.386
SPADES THREE DIAMONDS SEVEN,0.6816,0.0028,0.3156
HEARTS THREE SPADES FOUR,0.651,0.005,0.344
CLUBS JACK DIAMONDS KING,0.7538,0.011,0.2352
SPADES QUEEN SPADES TWO,0.6572,0.0044,0.3384
CLUBS SEVEN CLUBS THREE,0.6282,0.007,0.3648
CLUBS TEN CLUBS FIVE,0.6434,0.0056,0.351
CLUBS JACK SPADES FOUR,0.6918,0.0054,0.3028
DIAMONDS TWO CLUBS FIVE,0.6742,0.0068,0.319
SPADES QUEEN SPADES SIX,0.657,0.0052,0.3378
CLUBS SEVEN SPADES FIVE,0.651,0.005,0.344
HEARTS SIX HEARTS NINE,0.6626,0.0074,0.33
CLUBS SEVEN DIAMONDS NINE,0.6548,0.0036,0.3416
CLUBS FIVE DIAMONDS TEN,0.6932,0.004,0.3028
DIAMONDS ACE CLUBS FOUR,0.6974,0.0488,0.2538
SPADES KING CLUBS KING,0.3358,0.0106,0.6536
DIAMONDS TWO SPADES FOUR,0.6774,0.0054,0.3172
CLUBS EIGHT CLUBS SEVEN,0.6116,0.0036,0.3848
SPADES KING SPADES SIX,0.723,0.0098,0.2672
DIAMONDS KING DIAMONDS FIVE,0.7104,0.0128,0.2768
DIAMONDS THREE DIAMONDS JACK,0.646,0.0064,0.3476
CLUBS TWO DIAMONDS FOUR,0.6664,0.0042,0.3294
SPADES EIGHT CLUBS TWO,0.6962,0.005,0.2988
DIAMONDS QUEEN CLUBS KING,0.7622,0.009,0.2288
DIAMONDS JACK CLUBS QUEEN,0.6594,0.0062,0.3344
CLUBS TEN HEARTS NINE,0.634,0.0042,0.3618
DIAMONDS TWO DIAMONDS SEVEN,0.643,0.0052,0.3518
SPADES EIGHT SPADES SIX,0.6238,0.0044,0.3718
CLUBS NINE CLUBS EIGHT,0.6272,0.0052,0.3676
SPADES KING SPADES JACK,0.7094,0.0108,0.2798
HEARTS THREE DIAMONDS TEN,0.6876,0.0074,0.305
DIAMONDS QUEEN SPADES FOUR,0.7068,0.0034,0.2898
CLUBS EIGHT HEARTS EIGHT,0.489,0.003,0.508
HEARTS FIVE CLUBS SIX,0.63,0.0046,0.3654
HEARTS TWO DIAMONDS SIX,0.677,0.0046,0.3184
DIAMONDS JACK SPADES FIVE,0.6994,0.004,0.2966
DIAMONDS JACK HEARTS QUEEN,0.6558,0.0058,0.3384
DIAMONDS TWO SPADES SIX,0.6822,0.0036,0.3142
CLUBS FOUR DIAMONDS NINE,0.6994,0.0024,0.2982
CLUBS NINE CLUBS SIX,0.6174,0.0052,0.3774
SPADES FOUR HEARTS QUEEN,0.695,0.0068,0.2982
SPADES SIX HEARTS JACK,0.6988,0.0048,0.2964
CLUBS FIVE DIAMONDS FOUR,0.645,0.0054,0.3496
CLUBS FIVE DIAMONDS KING,0.765,0.0134,0.2216
CLUBS NINE DIAMONDS SEVEN,0.6536,0.0026,0.3438
DIAMONDS TWO HEARTS THREE,0.6676,0.0058,0.3266
DIAMONDS TWO SPADES TEN,0.6968,0.0052,0.298
SPADES SEVEN DIAMONDS NINE,0.6512,0.0044,0.3444
SPADES NINE DIAMONDS NINE,0.4892,0.0028,0.508
CLUBS TWO DIAMONDS SIX,0.6898,0.007,0.3032
DIAMONDS THREE HEARTS FOUR,0.6518,0.0072,0.341
DIAMONDS ACE DIAMONDS FOUR,0.6712,0.0404,0.2884
SPADES NINE SPADES EIGHT,0.6274,0.004,0.3686
SPADES FOUR DIAMONDS SIX,0.675,0.0044,0.3206
SPADES TEN SPADES NINE,0.6046,0.0044,0.391
DIAMONDS TWO DIAMONDS KING,0.7366,0.0116,0.2518
SPADES NINE HEARTS NINE,0.494,0.0034,0.5026
CLUBS EIGHT DIAMONDS TEN,0.652,0.0034,0.3446
SPADES QUEEN HEARTS EIGHT,0.6728,0.0058,0.3214
SPADES SEVEN CLUBS KING,0.7592,0.0112,0.2296
DIAMONDS QUEEN SPADES SIX,0.696,0.0044,0.2996
CLUBS JACK HEARTS TWO,0.698,0.0044,0.2976
SPADES KING HEARTS EIGHT,0.7654,0.012,0.2226
CLUBS EIGHT CLUBS QUEEN,0.6352,0.0052,0.3596
DIAMONDS QUEEN DIAMONDS FIVE,0.6512,0.005,0.3438
HEARTS FIVE SPADES QUEEN,0.6976,0.0044,0.298
CLUBS THREE CLUBS QUEEN,0.6528,0.0056,0.3416
SPADES FIVE CLUBS TWO,0.6702,0.0056,0.3242
CLUBS SEVEN HEARTS TWO,0.6926,0.0046,0.3028
DIAMONDS QUEEN SPADES TWO,0.7026,0.006,0.2914
HEARTS FOUR SPADES TEN,0.6864,0.006,0.3076
DIAMONDS KING SPADES SIX,0.7688,0.0136,0.2176
SPADES SIX CLUBS THREE,0.6534,0.0042,0.3424
DIAMONDS KING SPADES THREE,0.7668,0.0106,0.2226
SPADES FOUR CLUBS QUEEN,0.678,0.004,0.318
CLUBS EIGHT HEARTS THREE,0.6746,0.0076,0.3178
SPADES NINE CLUBS KING,0.768,0.0128,0.2192
HEARTS QUEEN HEARTS JACK,0.6634,0.005,0.3316
CLUBS TWO DIAMONDS TEN,0.681,0.006,0.313
HEARTS FOUR HEARTS QUEEN,0.6918,0.0072,0.301
DIAMONDS SEVEN HEARTS EIGHT,0.642,0.006,0.352
SPADES EIGHT CLUBS KING,0.7706,0.0082,0.2212
HEARTS THREE SPADES FIVE,0.6484,0.0042,0.3474
SPADES JACK SPADES TWO,0.6524,0.0056,0.342
CLUBS ACE DIAMONDS SIX,0.7142,0.0426,0.2432
CLUBS NINE HEARTS QUEEN,0.6708,0.0058,0.3234
HEARTS SIX SPADES KING,0.7596,0.0134,0.227
CLUBS EIGHT DIAMONDS SEVEN,0.6342,0.0032,0.3626
HEARTS SIX CLUBS SEVEN,0.6336,0.0046,0.3618
CLUBS SEVEN DIAMONDS EIGHT,0.6486,0.004,0.3474
DIAMONDS ACE HEARTS JACK,0.7338,0.0434,0.2228
HEARTS SIX CLUBS SIX,0.4944,0.0056,0.5
HEARTS THREE DIAMONDS FIVE,0.654,0.007,0.339
CLUBS NINE HEARTS SEVEN,0.6474,0.0036,0.349
DIAMONDS ACE DIAMONDS SEVEN,0.687,0.043,0.27
CLUBS JACK SPADES KING,0.7594,0.0092,0.2314
HEARTS THREE CLUBS THREE,0.5068,0.005,0.4882
SPADES TEN DIAMONDS TEN,0.4678,0.0036,0.5286
HEARTS FOUR CLUBS SEVEN,0.6592,0.0032,0.3376
CLUBS SEVEN DIAMONDS ACE,0.7168,0.0472,0.236
DIAMONDS NINE DIAMONDS SIX,0.635,0.004,0.361
DIAMONDS SEVEN CLUBS QUEEN,0.6936,0.0042,0.3022
HEARTS FIVE DIAMONDS KING,0.7692,0.0096,0.2212
SPADES FIVE HEARTS JACK,0.6732,0.0036,0.3232
HEARTS FOUR CLUBS ACE,0.6988,0.0442,0.257
SPADES KING CLUBS EIGHT,0.7702,0.0124,0.2174
SPADES TEN DIAMONDS KING,0.761,0.01,0.229
DIAMONDS TEN DIAMONDS FOUR,0.6384,0.0052,0.3564
DIAMONDS KING DIAMONDS EIGHT,0.7296,0.0126,0.2578
CLUBS JACK SPADES TEN,0.648,0.0028,0.3492
SPADES SEVEN CLUBS QUEEN,0.6972,0.0042,0.2986
CLUBS JACK HEARTS JACK,0.4654,0.0056,0.529
CLUBS TEN DIAMONDS JACK,0.6546,0.0042,0.3412
CLUBS TEN SPADES FIVE,0.6936,0.0042,0.3022
CLUBS NINE SPADES FIVE,0.6742,0.0032,0.3226
SPADES SEVEN HEARTS QUEEN,0.6868,0.0042,0.309
CLUBS EIGHT DIAMONDS FIVE,0.6756,0.0054,0.319
SPADES ACE HEARTS TEN,0.7018,0.0488,0.2494
DIAMONDS TWO SPADES JACK,0.6948,0.004,0.3012
SPADES NINE HEARTS JACK,0.666,0.0064,0.3276
CLUBS FOUR CLUBS THREE,0.6216,0.006,0.3724
SPADES TWO DIAMONDS FOUR,0.6716,0.0048,0.3236
SPADES JACK SPADES SEVEN,0.64,0.0044,0.3556
SPADES SIX CLUBS QUEEN,0.696,0.003,0.301
CLUBS TWO HEARTS SEVEN,0.6796,0.0052,0.3152
SPADES NINE CLUBS QUEEN,0.665,0.0074,0.3276
DIAMONDS QUEEN CLUBS QUEEN,0.4616,0.0028,0.5356
DIAMONDS ACE SPADES FIVE,0.6964,0.0526,0.251
CLUBS SIX HEARTS NINE,0.6728,0.0054,0.3218
SPADES TEN DIAMONDS FOUR,0.6852,0.0046,0.3102
SPADES FIVE SPADES FOUR,0.6102,0.005,0.3848
HEARTS FIVE DIAMONDS NINE,0.6854,0.005,0.3096
DIAMONDS EIGHT CLUBS QUEEN,0.6836,0.0054,0.311
HEARTS QUEEN CLUBS QUEEN,0.4676,0.0052,0.5272
CLUBS FIVE CLUBS QUEEN,0.6498,0.0056,0.3446
HEARTS FOUR HEARTS THREE,0.6542,0.0068,0.339
CLUBS SIX DIAMONDS KING,0.7646,0.012,0.2234
DIAMONDS THREE CLUBS TWO,0.6764,0.0058,0.3178
HEARTS SIX DIAMONDS TEN,0.6772,0.0032,0.3196
DIAMONDS TWO HEARTS EIGHT,0.6924,0.0056,0.302
SPADES QUEEN HEARTS TWO,0.7102,0.0062,0.2836
SPADES FOUR SPADES THREE,0.6316,0.0066,0.3618
DIAMONDS KING CLUBS ACE,0.0706,0.9078,0.0216
DIAMONDS THREE SPADES TEN,0.6828,0.0042,0.313
SPADES ACE SPADES NINE,0.6776,0.0474,0.275
DIAMONDS KING DIAMONDS NINE,0.7298,0.0108,0.2594
SPADES JACK HEARTS TEN,0.6468,0.0052,0.348
CLUBS JACK HEARTS THREE,0.6956,0.005,0.2994
SPADES ACE HEARTS EIGHT,0.7082,0.047,0.2448
DIAMONDS THREE CLUBS ACE,0.7114,0.0438,0.2448
HEARTS FIVE HEARTS QUEEN,0.685,0.0042,0.3108
HEARTS TEN DIAMONDS SIX,0.6862,0.0036,0.3102
HEARTS FOUR DIAMONDS SIX,0.6462,0.006,0.3478
SPADES ACE CLUBS QUEEN,0.721,0.0406,0.2384
SPADES FOUR CLUBS KING,0.7626,0.0126,0.2248
CLUBS FOUR DIAMONDS SEVEN,0.6666,0.0024,0.331
DIAMONDS TEN DIAMONDS EIGHT,0.617,0.006,0.377
DIAMONDS TWO SPADES EIGHT,0.6894,0.0038,0.3068
HEARTS THREE CLUBS TWO,0.6696,0.0056,0.3248
HEARTS NINE CLUBS KING,0.757,0.0134,0.2296
SPADES SEVEN CLUBS ACE,0.7132,0.0462,0.2406
SPADES SEVEN DIAMONDS SIX,0.6414,0.0026,0.356
HEARTS THREE DIAMONDS QUEEN,0.6912,0.0042,0.3046
SPADES NINE DIAMONDS SEVEN,0.6558,0.0032,0.341
CLUBS JACK DIAMONDS TWO,0.696,0.005,0.299
DIAMONDS JACK DIAMONDS EIGHT,0.6344,0.0036,0.362
CLUBS TEN DIAMONDS EIGHT,0.6598,0.004,0.3362
HEARTS FOUR CLUBS EIGHT,0.6744,0.006,0.3196
SPADES ACE CLUBS KING,0.07,0.9072,0.0228
CLUBS NINE SPADES JACK,0.6526,0.0038,0.3436
SPADES TEN CLUBS SEVEN,0.6628,0.0028,0.3344
CLUBS TEN DIAMONDS QUEEN,0.6588,0.0048,0.3364
SPADES SIX SPADES TWO,0.6386,0.0044,0.357
DIAMONDS SEVEN HEARTS SEVEN,0.4892,0.005,0.5058
SPADES KING SPADES QUEEN,0.7122,0.0124,0.2754
SPADES QUEEN DIAMONDS SIX,0.6874,0.0042,0.3084
CLUBS SIX HEARTS QUEEN,0.6864,0.005,0.3086
SPADES QUEEN CLUBS SIX,0.7002,0.0038,0.296
CLUBS FIVE SPADES THREE,0.6644,0.0048,0.3308
HEARTS TEN DIAMONDS FOUR,0.6822,0.0046,0.3132
CLUBS TEN HEARTS SEVEN,0.6636,0.0042,0.3322
DIAMONDS THREE HEARTS EIGHT,0.6882,0.0044,0.3074
HEARTS FIVE SPADES JACK,0.6806,0.0048,0.3146
CLUBS THREE HEARTS QUEEN,0.6984,0.0062,0.2954
HEARTS TEN CLUBS QUEEN,0.6544,0.0058,0.3398
CLUBS TEN CLUBS KING,0.7104,0.0114,0.2782
HEARTS SIX CLUBS EIGHT,0.662,0.005,0.333
HEARTS TWO CLUBS THREE,0.675,0.0078,0.3172
DIAMONDS ACE CLUBS TWO,0.7158,0.05,0.2342
CLUBS JACK HEARTS TEN,0.6416,0.0046,0.3538
HEARTS FIVE CLUBS THREE,0.665,0.0054,0.3296
SPADES FOUR DIAMONDS FIVE,0.6372,0.0056,0.3572
CLUBS EIGHT DIAMONDS ACE,0.7174,0.0458,0.2368
CLUBS SEVEN CLUBS KING,0.7196,0.013,0.2674
DIAMONDS FIVE CLUBS QUEEN,0.6932,0.0032,0.3036
CLUBS SEVEN CLUBS SIX,0.5972,0.005,0.3978
DIAMONDS KING HEARTS TEN,0.7406,0.0132,0.2462
HEARTS FOUR DIAMONDS FOUR,0.4806,0.0058,0.5136
CLUBS FOUR DIAMONDS SIX,0.6664,0.0038,0.3298
HEARTS SIX DIAMONDS KING,0.7724,0.014,0.2136
SPADES ACE CLUBS EIGHT,0.7184,0.0416,0.24
DIAMONDS TWO SPADES SEVEN,0.6896,0.0044,0.306
DIAMONDS QUEEN DIAMONDS SEVEN,0.6546,0.0036,0.3418
HEARTS TEN DIAMONDS SEVEN,0.6682,0.0048,0.327
HEARTS FOUR SPADES EIGHT,0.674,0.0048,0.3212
CLUBS KING HEARTS EIGHT,0.7602,0.0114,0.2284
HEARTS FIVE CLUBS TWO,0.6564,0.0058,0.3378
CLUBS TWO DIAMONDS FIVE,0.6654,0.0062,0.3284
SPADES TEN CLUBS THREE,0.6994,0.0048,0.2958
HEARTS THREE HEARTS QUEEN,0.6968,0.0072,0.296
DIAMONDS NINE DIAMONDS FIVE,0.6272,0.0068,0.366
HEARTS SIX CLUBS FOUR,0.6506,0.0032,0.3462
DIAMONDS SIX DIAMONDS FOUR,0.6284,0.0066,0.365
DIAMONDS TWO SPADES QUEEN,0.6926,0.0052,0.3022
DIAMONDS EIGHT HEARTS EIGHT,0.4942,0.005,0.5008
SPADES QUEEN HEARTS JACK,0.666,0.0048,0.3292
SPADES THREE HEARTS JACK,0.6954,0.0044,0.3002
CLUBS TEN SPADES QUEEN,0.6604,0.003,0.3366
CLUBS SEVEN SPADES TWO,0.6894,0.0052,0.3054
DIAMONDS TWO DIAMONDS FIVE,0.6218,0.0052,0.373
DIAMONDS THREE CLUBS TEN,0.6842,0.0042,0.3116
DIAMONDS ACE HEARTS NINE,0.716,0.0484,0.2356
CLUBS EIGHT HEARTS JACK,0.657,0.0066,0.3364
HEARTS FIVE DIAMONDS SEVEN,0.6456,0.0044,0.35
DIAMONDS TWO DIAMONDS SIX,0.6512,0.0038,0.345
DIAMONDS QUEEN HEARTS EIGHT,0.672,0.004,0.324
DIAMONDS THREE DIAMONDS NINE,0.6476,0.0052,0.3472
CLUBS NINE SPADES SIX,0.6836,0.0046,0.3118
DIAMONDS ACE CLUBS THREE,0.7088,0.0446,0.2466
CLUBS SIX CLUBS TWO,0.6346,0.0054,0.36
HEARTS FOUR CLUBS KING,0.761,0.0114,0.2276
SPADES QUEEN CLUBS ACE,0.7298,0.0432,0.227
DIAMONDS JACK CLUBS TWO,0.6922,0.006,0.3018
SPADES KING SPADES FIVE,0.7188,0.012,0.2692
DIAMONDS SIX CLUBS QUEEN,0.686,0.004,0.31
CLUBS TEN CLUBS SIX,0.6582,0.0048,0.337
HEARTS FIVE CLUBS NINE,0.681,0.0052,0.3138
SPADES SIX DIAMONDS FOUR,0.6536,0.0038,0.3426
HEARTS EIGHT DIAMONDS FOUR,0.666,0.0048,0.3292
SPADES KING DIAMONDS KING,0.3406,0.0068,0.6526
SPADES KING SPADES FOUR,0.7348,0.0124,0.2528
CLUBS NINE DIAMONDS EIGHT,0.6584,0.003,0.3386
DIAMONDS SEVEN CLUBS KING,0.7772,0.0114,0.2114
CLUBS JACK SPADES SIX,0.698,0.0052,0.2968
DIAMONDS EIGHT DIAMONDS SIX,0.6064,0.005,0.3886
SPADES NINE CLUBS FIVE,0.6802,0.0044,0.3154
HEARTS QUEEN HEARTS TEN,0.6608,0.0056,0.3336
SPADES QUEEN DIAMONDS KING,0.7536,0.0126,0.2338
DIAMONDS TWO DIAMONDS TEN,0.648,0.0058,0.3462
SPADES KING DIAMONDS TEN,0.771,0.0076,0.2214
HEARTS SIX SPADES NINE,0.6738,0.005,0.3212
DIAMONDS THREE HEARTS THREE,0.501,0.0078,0.4912
DIAMONDS THREE HEARTS FIVE,0.6418,0.006,0.3522
SPADES NINE DIAMONDS QUEEN,0.6694,0.0036,0.327
DIAMONDS TWO HEARTS JACK,0.6966,0.0054,0.298
DIAMONDS THREE DIAMONDS QUEEN,0.6588,0.0044,0.3368
CLUBS FIVE HEARTS EIGHT,0.6694,0.0054,0.3252
CLUBS FIVE DIAMONDS JACK,0.6954,0.0044,0.3002
SPADES JACK CLUBS FOUR,0.6936,0.0052,0.3012
HEARTS FIVE CLUBS SEVEN,0.6564,0.0056,0.338
CLUBS TWO SPADES THREE,0.6806,0.0056,0.3138
SPADES TWO CLUBS ACE,0.7108,0.0508,0.2384
DIAMONDS TWO HEARTS NINE,0.6988,0.0066,0.2946
SPADES QUEEN HEARTS THREE,0.6964,0.0066,0.297
SPADES JACK SPADES FIVE,0.6422,0.0048,0.353
DIAMONDS TWO SPADES NINE,0.6958,0.0056,0.2986
HEARTS TWO DIAMONDS TEN,0.6916,0.0046,0.3038
SPADES JACK HEARTS SEVEN,0.6848,0.004,0.3112
DIAMONDS THREE SPADES THREE,0.4978,0.007,0.4952
HEARTS FOUR CLUBS SIX,0.657,0.005,0.338
DIAMONDS TEN SPADES FOUR,0.6788,0.004,0.3172
HEARTS SIX SPADES JACK,0.688,0.0056,0.3064
HEARTS FOUR DIAMONDS KING,0.7616,0.0134,0.225
CLUBS ACE HEARTS NINE,0.7194,0.0442,0.2364
HEARTS SIX DIAMONDS THREE,0.6682,0.0054,0.3264
SPADES SIX DIAMONDS JACK,0.6918,0.0038,0.3044
DIAMONDS TWO CLUBS FOUR,0.682,0.0034,0.3146
HEARTS TWO HEARTS SEVEN,0.6716,0.0056,0.3228
SPADES QUEEN HEARTS QUEEN,0.4666,0.0044,0.529
HEARTS THREE SPADES EIGHT,0.6904,0.0046,0.305
CLUBS SEVEN SPADES EIGHT,0.643,0.0046,0.3524
CLUBS FOUR SPADES FIVE,0.644,0.0048,0.3512
CLUBS FOUR HEARTS NINE,0.683,0.0062,0.3108
SPADES JACK DIAMONDS KING,0.742,0.0116,0.2464
SPADES FIVE HEARTS NINE,0.6762,0.0034,0.3204
SPADES ACE HEARTS JACK,0.7176,0.0436,0.2388
CLUBS THREE SPADES TWO,0.6684,0.0076,0.324
DIAMONDS KING HEARTS JACK,0.7518,0.0104,0.2378
SPADES QUEEN CLUBS THREE,0.707,0.0042,0.2888
CLUBS TWO DIAMONDS SEVEN,0.6986,0.0036,0.2978
SPADES JACK DIAMONDS QUEEN,0.6614,0.0064,0.3322
SPADES KING HEARTS SEVEN,0.759,0.0136,0.2274
DIAMONDS ACE DIAMONDS JACK,0.6764,0.0422,0.2814
SPADES ACE DIAMONDS ACE,0.1098,0.0126,0.8776
CLUBS TEN HEARTS QUEEN,0.6566,0.004,0.3394
SPADES KING DIAMONDS EIGHT,0.7638,0.011,0.2252
HEARTS JACK CLUBS ACE,0.722,0.0404,0.2376
CLUBS SEVEN DIAMONDS FIVE,0.6398,0.0034,0.3568
DIAMONDS NINE HEARTS EIGHT,0.655,0.0062,0.3388
CLUBS JACK DIAMONDS SEVEN,0.6788,0.0042,0.317
CLUBS SEVEN CLUBS TWO,0.6538,0.0054,0.3408
CLUBS FOUR DIAMONDS FIVE,0.6416,0.0056,0.3528
SPADES NINE DIAMONDS SIX,0.674,0.0034,0.3226
CLUBS THREE SPADES FIVE,0.6566,0.0034,0.34
CLUBS EIGHT SPADES THREE,0.6894,0.0058,0.3048
SPADES JACK DIAMONDS FOUR,0.6918,0.0046,0.3036
DIAMONDS ACE HEARTS SEVEN,0.704,0.0482,0.2478
SPADES SEVEN DIAMONDS EIGHT,0.6324,0.0046,0.363
HEARTS JACK HEARTS NINE,0.6544,0.0068,0.3388
HEARTS JACK DIAMONDS SIX,0.6904,0.0044,0.3052
DIAMONDS THREE HEARTS JACK,0.6842,0.0056,0.3102
DIAMONDS ACE HEARTS QUEEN,0.7184,0.047,0.2346
SPADES FIVE DIAMONDS FOUR,0.6352,0.0046,0.3602
CLUBS KING CLUBS QUEEN,0.7238,0.0086,0.2676
DIAMONDS TWO CLUBS TWO,0.4984,0.0046,0.497
DIAMONDS ACE HEARTS EIGHT,0.7154,0.049,0.2356
SPADES KING CLUBS THREE,0.7746,0.0136,0.2118
SPADES TWO DIAMONDS FIVE,0.6664,0.0062,0.3274
CLUBS TEN HEARTS JACK,0.641,0.005,0.354
SPADES ACE HEARTS SEVEN,0.7062,0.0478,0.246
SPADES SIX HEARTS EIGHT,0.6612,0.0052,0.3336
HEARTS EIGHT HEARTS SEVEN,0.6282,0.0044,0.3674
CLUBS NINE DIAMONDS QUEEN,0.685,0.0038,0.3112
CLUBS NINE DIAMONDS KING,0.7752,0.0138,0.211
HEARTS FOUR SPADES SEVEN,0.6616,0.0044,0.334
HEARTS QUEEN SPADES THREE,0.6966,0.0052,0.2982
CLUBS JACK DIAMONDS NINE,0.6636,0.0056,0.3308
SPADES SEVEN DIAMONDS TEN,0.6776,0.0032,0.3192
HEARTS SIX CLUBS ACE,0.7144,0.0444,0.2412
HEARTS TWO DIAMONDS QUEEN,0.6968,0.006,0.2972
SPADES KING SPADES TWO,0.7298,0.0144,0.2558
DIAMONDS ACE DIAMONDS SIX,0.6916,0.0396,0.2688
HEARTS THREE CLUBS KING,0.7746,0.0116,0.2138
SPADES FIVE CLUBS QUEEN,0.7006,0.0048,0.2946
DIAMONDS ACE CLUBS ACE,0.1104,0.013,0.8766
CLUBS TEN DIAMONDS TWO,0.693,0.0058,0.3012
SPADES EIGHT CLUBS FOUR,0.6684,0.0048,0.3268
DIAMONDS JACK DIAMONDS NINE,0.625,0.0064,0.3686
HEARTS TWO SPADES FOUR,0.6764,0.0062,0.3174
HEARTS FOUR DIAMONDS FIVE,0.6434,0.0062,0.3504
SPADES TEN DIAMONDS JACK,0.64,0.0048,0.3552
SPADES ACE SPADES THREE,0.6638,0.0452,0.291
DIAMONDS TWO SPADES FIVE,0.661,0.0062,0.3328
CLUBS TEN HEARTS EIGHT,0.6444,0.0026,0.353
CLUBS SIX DIAMONDS ACE,0.7296,0.035,0.2354
CLUBS SEVEN DIAMONDS KING,0.752,0.0146,0.2334
DIAMONDS KING CLUBS TWO,0.7836,0.0136,0.2028
DIAMONDS KING CLUBS KING,0.3514,0.0082,0.6404
SPADES ACE HEARTS THREE,0.7018,0.05,0.2482
SPADES ACE DIAMONDS SEVEN,0.711,0.0452,0.2438
CLUBS TEN SPADES EIGHT,0.6802,0.0048,0.315
HEARTS FOUR HEARTS TWO,0.672,0.0076,0.3204
CLUBS TEN SPADES JACK,0.6458,0.0048,0.3494
SPADES TEN HEARTS SEVEN,0.6588,0.0046,0.3366
HEARTS FOUR DIAMONDS NINE,0.686,0.0062,0.3078
DIAMONDS QUEEN DIAMONDS JACK,0.6264,0.005,0.3686
HEARTS SIX CLUBS TEN,0.6818,0.0064,0.3118
CLUBS JACK HEARTS FOUR,0.683,0.0086,0.3084
CLUBS THREE DIAMONDS JACK,0.6856,0.0036,0.3108
SPADES FOUR DIAMONDS EIGHT,0.687,0.0036,0.3094
CLUBS SIX SPADES TWO,0.688,0.0046,0.3074
CLUBS THREE SPADES FOUR,0.6554,0.0056,0.339
DIAMONDS JACK DIAMONDS SEVEN,0.6282,0.0056,0.3662
