opposingHand,winningChance,drawChance,lostChance
HEARTS SEVEN HEARTS KING
HEARTS FIVE SPADES TEN,0.6608,0.0058,0.3334
SPADES JACK HEARTS FIVE,0.6448,0.0076,0.3476
CLUBS JACK SPADES FIVE,0.6576,0.007,0.3354
CLUBS TEN SPADES FIVE,0.6468,0.0068,0.3464
CLUBS JACK CLUBS EIGHT,0.5612,0.0094,0.4294
CLUBS TEN CLUBS EIGHT,0.5632,0.0062,0.4306
CLUBS EIGHT CLUBS KING,0.264,0.2066,0.5294
SPADES FIVE CLUBS ACE,0.4294,0.0044,0.5662
CLUBS EIGHT CLUBS QUEEN,0.5832,0.0078,0.409
SPADES FIVE CLUBS KING,0.4982,0.2786,0.2232
SPADES FIVE CLUBS QUEEN,0.6498,0.0058,0.3444
CLUBS EIGHT CLUBS ACE,0.3744,0.0034,0.6222
DIAMONDS TWO DIAMONDS THREE,0.6346,0.0066,0.3588
DIAMONDS TWO DIAMONDS FIVE,0.6358,0.0066,0.3576
SPADES KING HEARTS FIVE,0.501,0.2886,0.2104
DIAMONDS TWO DIAMONDS FOUR,0.6296,0.0078,0.3626
SPADES QUEEN HEARTS FIVE,0.6442,0.008,0.3478
DIAMONDS TWO DIAMONDS SEVEN,0.7102,0.038,0.2518
DIAMONDS TWO DIAMONDS SIX,0.6372,0.0098,0.353
SPADES ACE HEARTS FIVE,0.4134,0.0038,0.5828
DIAMONDS TWO DIAMONDS NINE,0.6148,0.0058,0.3794
DIAMONDS TWO DIAMONDS EIGHT,0.6286,0.0076,0.3638
DIAMONDS THREE DIAMONDS FOUR,0.6062,0.0064,0.3874
CLUBS TWO SPADES FOUR,0.6714,0.0068,0.3218
DIAMONDS THREE DIAMONDS FIVE,0.6198,0.0092,0.371
CLUBS TWO SPADES FIVE,0.67,0.0088,0.3212
CLUBS TWO SPADES TWO,0.4878,0.0174,0.4948
CLUBS TWO SPADES THREE,0.6862,0.01,0.3038
DIAMONDS THREE DIAMONDS EIGHT,0.6282,0.0084,0.3634
SPADES EIGHT CLUBS TWO,0.6668,0.0064,0.3268
DIAMONDS THREE DIAMONDS NINE,0.6158,0.0078,0.3764
SPADES NINE CLUBS TWO,0.6644,0.0066,0.329
DIAMONDS THREE DIAMONDS SIX,0.6262,0.008,0.3658
SPADES SIX CLUBS TWO,0.6838,0.0062,0.31
DIAMONDS THREE DIAMONDS SEVEN,0.702,0.0402,0.2578
SPADES SEVEN CLUBS TWO,0.7444,0.0388,0.2168
CLUBS SIX CLUBS TWO,0.6412,0.008,0.3508
CLUBS SEVEN CLUBS TWO,0.7008,0.036,0.2632
CLUBS FOUR CLUBS TWO,0.6218,0.0078,0.3704
CLUBS FIVE CLUBS TWO,0.6208,0.0084,0.3708
CLUBS TEN CLUBS JACK,0.5534,0.0054,0.4412
DIAMONDS FOUR DIAMONDS SIX,0.6222,0.0082,0.3696
CLUBS TEN CLUBS QUEEN,0.5484,0.0062,0.4454
DIAMONDS FOUR DIAMONDS SEVEN,0.6914,0.0358,0.2728
CLUBS TEN CLUBS KING,0.275,0.1028,0.6222
CLUBS TEN CLUBS ACE,0.3664,0.0048,0.6288
CLUBS EIGHT CLUBS TWO,0.6182,0.0084,0.3734
DIAMONDS FIVE DIAMONDS FOUR,0.6044,0.008,0.3876
CLUBS NINE CLUBS TWO,0.6184,0.0088,0.3728
DIAMONDS NINE DIAMONDS FOUR,0.6034,0.0092,0.3874
DIAMONDS EIGHT DIAMONDS FOUR,0.6028,0.0082,0.389
CLUBS TWO CLUBS THREE,0.6434,0.007,0.3496
DIAMONDS NINE DIAMONDS FIVE,0.607,0.0074,0.3856
CLUBS JACK DIAMONDS TWO,0.651,0.0086,0.3404
DIAMONDS EIGHT DIAMONDS FIVE,0.6028,0.0044,0.3928
CLUBS TEN DIAMONDS TWO,0.6646,0.0076,0.3278
DIAMONDS FIVE DIAMONDS SEVEN,0.6676,0.032,0.3004
DIAMONDS FIVE DIAMONDS SIX,0.6002,0.007,0.3928
DIAMONDS TWO CLUBS ACE,0.4548,0.0054,0.5398
DIAMONDS TWO CLUBS KING,0.5096,0.2694,0.221
DIAMONDS TWO CLUBS QUEEN,0.6636,0.0058,0.3306
DIAMONDS EIGHT DIAMONDS SIX,0.5902,0.0082,0.4016
DIAMONDS NINE DIAMONDS SIX,0.6048,0.0064,0.3888
SPADES THREE HEARTS ACE,0.4176,0.004,0.5784
DIAMONDS SEVEN DIAMONDS SIX,0.6456,0.0368,0.3176
HEARTS QUEEN SPADES THREE,0.651,0.0092,0.3398
SPADES THREE HEARTS JACK,0.66,0.008,0.332
SPADES THREE HEARTS TEN,0.6396,0.0078,0.3526
DIAMONDS EIGHT DIAMONDS SEVEN,0.6598,0.031,0.3092
DIAMONDS NINE DIAMONDS SEVEN,0.6716,0.0308,0.2976
DIAMONDS NINE DIAMONDS EIGHT,0.5456,0.0066,0.4478
DIAMONDS KING HEARTS TEN,0.2598,0.1084,0.6318
HEARTS THREE HEARTS TEN,0.6432,0.0088,0.348
SPADES JACK CLUBS SIX,0.6634,0.007,0.3296
DIAMONDS KING HEARTS JACK,0.2634,0.0828,0.6538
HEARTS THREE HEARTS JACK,0.636,0.009,0.355
SPADES TEN CLUBS SIX,0.6512,0.0066,0.3422
SPADES JACK SPADES FIVE,0.5968,0.0084,0.3948
SPADES TEN SPADES FIVE,0.6264,0.0056,0.368
DIAMONDS KING HEARTS ACE,0.2716,0.0134,0.715
HEARTS THREE HEARTS ACE,0.3702,0.0056,0.6242
SPADES ACE CLUBS SIX,0.4262,0.0042,0.5696
DIAMONDS KING HEARTS QUEEN,0.2806,0.0574,0.662
HEARTS THREE HEARTS QUEEN,0.6456,0.0094,0.345
SPADES KING CLUBS SIX,0.5166,0.278,0.2054
SPADES QUEEN CLUBS SIX,0.654,0.0048,0.3412
SPADES NINE HEARTS TEN,0.5734,0.0064,0.4202
SPADES NINE HEARTS JACK,0.585,0.0076,0.4074
SPADES QUEEN SPADES FIVE,0.6084,0.007,0.3846
SPADES KING SPADES FIVE,0.4764,0.2656,0.258
SPADES ACE SPADES FIVE,0.4056,0.0044,0.59
SPADES NINE HEARTS QUEEN,0.5978,0.0056,0.3966
SPADES NINE HEARTS ACE,0.3942,0.0042,0.6016
CLUBS TEN SPADES JACK,0.5766,0.0074,0.416
CLUBS TEN SPADES TEN,0.3386,0.0062,0.6552
SPADES ACE CLUBS TEN,0.3824,0.0042,0.6134
CLUBS TEN SPADES KING,0.2868,0.1042,0.609
CLUBS TEN SPADES QUEEN,0.5894,0.009,0.4016
SPADES FIVE HEARTS QUEEN,0.6444,0.0058,0.3498
SPADES FIVE HEARTS ACE,0.4194,0.0054,0.5752
CLUBS EIGHT SPADES TEN,0.61,0.0048,0.3852
HEARTS THREE SPADES JACK,0.6546,0.0076,0.3378
SPADES JACK DIAMONDS KING,0.2938,0.0814,0.6248
SPADES TEN DIAMONDS KING,0.2776,0.1218,0.6006
HEARTS THREE SPADES TEN,0.6538,0.009,0.3372
CLUBS EIGHT SPADES JACK,0.6148,0.007,0.3782
CLUBS SIX HEARTS ACE,0.4078,0.0058,0.5864
SPADES ACE CLUBS EIGHT,0.4048,0.0036,0.5916
CLUBS JACK HEARTS FIVE,0.6478,0.007,0.3452
CLUBS TEN HEARTS FIVE,0.6522,0.0066,0.3412
CLUBS SIX HEARTS QUEEN,0.6452,0.0068,0.348
SPADES QUEEN CLUBS EIGHT,0.6148,0.0042,0.381
CLUBS TEN SPADES THREE,0.6502,0.0056,0.3442
SPADES KING CLUBS EIGHT,0.2742,0.2286,0.4972
CLUBS JACK SPADES THREE,0.6424,0.008,0.3496
DIAMONDS TWO HEARTS JACK,0.6588,0.0088,0.3324
SPADES THREE CLUBS QUEEN,0.6492,0.0076,0.3432
DIAMONDS TWO HEARTS TEN,0.6518,0.0088,0.3394
SPADES THREE CLUBS KING,0.5178,0.2798,0.2024
HEARTS FIVE CLUBS ACE,0.4242,0.0044,0.5714
SPADES FIVE HEARTS TEN,0.6542,0.008,0.3378
SPADES THREE CLUBS ACE,0.435,0.0058,0.5592
HEARTS FIVE CLUBS KING,0.4886,0.285,0.2264
SPADES FIVE HEARTS JACK,0.6546,0.0046,0.3408
HEARTS FIVE CLUBS QUEEN,0.6382,0.0096,0.3522
HEARTS THREE CLUBS KING,0.4978,0.2924,0.2098
DIAMONDS KING CLUBS KING,0.1306,0.0128,0.8566
HEARTS THREE CLUBS QUEEN,0.6358,0.0086,0.3556
DIAMONDS KING CLUBS QUEEN,0.294,0.0616,0.6444
HEARTS FIVE HEARTS JACK,0.6418,0.0092,0.349
HEARTS FIVE HEARTS TEN,0.6468,0.005,0.3482
HEARTS THREE CLUBS ACE,0.4232,0.0052,0.5716
DIAMONDS KING CLUBS ACE,0.283,0.0118,0.7052
SPADES ACE CLUBS QUEEN,0.383,0.0036,0.6134
SPADES KING CLUBS QUEEN,0.2964,0.0572,0.6464
CLUBS JACK HEARTS THREE,0.6394,0.008,0.3526
CLUBS JACK DIAMONDS KING,0.2918,0.0754,0.6328
SPADES QUEEN CLUBS QUEEN,0.3198,0.0038,0.6764
CLUBS TEN HEARTS THREE,0.6508,0.0078,0.3414
CLUBS TEN DIAMONDS KING,0.2718,0.1114,0.6168
SPADES JACK CLUBS QUEEN,0.5828,0.0046,0.4126
CLUBS SIX CLUBS QUEEN,0.6192,0.0072,0.3736
SPADES TEN CLUBS QUEEN,0.571,0.0048,0.4242
CLUBS SIX CLUBS KING,0.4648,0.2776,0.2576
CLUBS SIX CLUBS ACE,0.4136,0.0032,0.5832
HEARTS FIVE HEARTS QUEEN,0.6364,0.0102,0.3534
CLUBS TEN CLUBS SIX,0.595,0.008,0.397
HEARTS FIVE HEARTS ACE,0.3658,0.0064,0.6278
CLUBS JACK CLUBS SIX,0.6122,0.0068,0.381
SPADES SEVEN HEARTS JACK,0.7272,0.036,0.2368
SPADES SEVEN HEARTS TEN,0.7152,0.034,0.2508
DIAMONDS TWO CLUBS TWO,0.4838,0.0114,0.5048
DIAMONDS TWO CLUBS THREE,0.6732,0.0072,0.3196
HEARTS SIX DIAMONDS TWO,0.6746,0.0072,0.3182
DIAMONDS TWO HEARTS QUEEN,0.647,0.01,0.343
DIAMONDS TWO HEARTS EIGHT,0.6548,0.0078,0.3374
DIAMONDS TWO HEARTS ACE,0.4236,0.006,0.5704
DIAMONDS TWO HEARTS NINE,0.6654,0.0078,0.3268
DIAMONDS TWO DIAMONDS QUEEN,0.616,0.0082,0.3758
DIAMONDS TWO HEARTS TWO,0.478,0.0196,0.5024
DIAMONDS TWO DIAMONDS KING,0.4944,0.252,0.2536
HEARTS THREE DIAMONDS TWO,0.6676,0.0096,0.3228
DIAMONDS TWO DIAMONDS ACE,0.419,0.0044,0.5766
HEARTS FOUR DIAMONDS TWO,0.6632,0.0118,0.325
DIAMONDS TWO HEARTS FIVE,0.662,0.0064,0.3316
SPADES SEVEN HEARTS ACE,0.2512,0.0252,0.7236
DIAMONDS TWO DIAMONDS TEN,0.6234,0.0066,0.37
DIAMONDS TWO DIAMONDS JACK,0.6204,0.0072,0.3724
SPADES SEVEN HEARTS QUEEN,0.7454,0.0318,0.2228
DIAMONDS TWO SPADES NINE,0.6634,0.0086,0.328
DIAMONDS TWO SPADES EIGHT,0.6738,0.0086,0.3176
DIAMONDS TWO SPADES SEVEN,0.741,0.0386,0.2204
DIAMONDS TWO SPADES SIX,0.6862,0.0098,0.304
DIAMONDS TWO SPADES FIVE,0.6754,0.0088,0.3158
DIAMONDS TWO SPADES FOUR,0.6672,0.0088,0.324
DIAMONDS TWO SPADES THREE,0.6704,0.009,0.3206
DIAMONDS TWO SPADES TWO,0.4766,0.0164,0.507
DIAMONDS TWO CLUBS NINE,0.6552,0.0088,0.336
CLUBS EIGHT DIAMONDS TWO,0.6674,0.0076,0.325
DIAMONDS TWO CLUBS SEVEN,0.7416,0.0446,0.2138
DIAMONDS TWO CLUBS SIX,0.6896,0.0068,0.3036
DIAMONDS TWO CLUBS FIVE,0.6648,0.008,0.3272
DIAMONDS TWO CLUBS FOUR,0.6714,0.0104,0.3182
CLUBS FOUR SPADES FIVE,0.6366,0.0072,0.3562
CLUBS FOUR SPADES FOUR,0.4758,0.0154,0.5088
CLUBS FOUR SPADES THREE,0.6474,0.007,0.3456
CLUBS FOUR SPADES TWO,0.6684,0.0084,0.3232
SPADES NINE CLUBS FOUR,0.658,0.009,0.333
SPADES EIGHT CLUBS FOUR,0.6508,0.008,0.3412
CLUBS FOUR SPADES SEVEN,0.7204,0.0428,0.2368
CLUBS FOUR SPADES SIX,0.6566,0.0108,0.3326
SPADES ACE DIAMONDS SIX,0.4304,0.0038,0.5658
SPADES QUEEN DIAMONDS SIX,0.6556,0.0052,0.3392
SPADES KING DIAMONDS SIX,0.5162,0.2734,0.2104
SPADES TEN DIAMONDS SIX,0.6596,0.0072,0.3332
SPADES JACK DIAMONDS SIX,0.6474,0.0056,0.347
SPADES QUEEN SPADES TWO,0.6144,0.006,0.3796
SPADES KING SPADES TWO,0.4752,0.2652,0.2596
SPADES ACE SPADES TWO,0.4154,0.006,0.5786
CLUBS JACK DIAMONDS JACK,0.34,0.0052,0.6548
CLUBS TEN DIAMONDS JACK,0.582,0.0074,0.4106
DIAMONDS JACK CLUBS KING,0.292,0.0776,0.6304
DIAMONDS JACK CLUBS QUEEN,0.584,0.0054,0.4106
DIAMONDS THREE DIAMONDS JACK,0.6266,0.0048,0.3686
DIAMONDS THREE DIAMONDS TEN,0.6204,0.0074,0.3722
DIAMONDS JACK CLUBS ACE,0.3968,0.0042,0.599
DIAMONDS THREE DIAMONDS KING,0.4722,0.2568,0.271
HEARTS THREE DIAMONDS THREE,0.4704,0.0164,0.5132
DIAMONDS THREE DIAMONDS QUEEN,0.6182,0.0098,0.372
DIAMONDS THREE HEARTS TWO,0.6614,0.0078,0.3308
HEARTS FIVE DIAMONDS THREE,0.6368,0.0096,0.3536
DIAMONDS THREE DIAMONDS ACE,0.4052,0.0046,0.5902
HEARTS FOUR DIAMONDS THREE,0.6488,0.0078,0.3434
SPADES TEN SPADES NINE,0.5412,0.0084,0.4504
HEARTS SIX DIAMONDS THREE,0.6626,0.0092,0.3282
SPADES JACK SPADES NINE,0.5546,0.0096,0.4358
DIAMONDS THREE HEARTS NINE,0.6516,0.0098,0.3386
HEARTS JACK DIAMONDS FOUR,0.6428,0.0082,0.349
SPADES TEN SPADES TWO,0.622,0.008,0.37
DIAMONDS THREE HEARTS EIGHT,0.6524,0.0086,0.339
HEARTS TEN DIAMONDS FOUR,0.643,0.0068,0.3502
SPADES JACK SPADES TWO,0.6124,0.0066,0.381
HEARTS QUEEN DIAMONDS FOUR,0.645,0.0076,0.3474
SPADES ACE SPADES NINE,0.38,0.0048,0.6152
HEARTS ACE DIAMONDS FOUR,0.412,0.007,0.581
SPADES KING SPADES NINE,0.2648,0.1508,0.5844
SPADES QUEEN SPADES NINE,0.568,0.0074,0.4246
DIAMONDS THREE SPADES NINE,0.6562,0.008,0.3358
DIAMONDS THREE SPADES EIGHT,0.6624,0.0108,0.3268
DIAMONDS THREE SPADES SEVEN,0.7216,0.0372,0.2412
DIAMONDS THREE SPADES SIX,0.6654,0.0076,0.327
DIAMONDS THREE CLUBS SIX,0.6656,0.007,0.3274
CLUBS SIX CLUBS FIVE,0.6014,0.0076,0.391
CLUBS ACE DIAMONDS FOUR,0.444,0.005,0.551
DIAMONDS THREE CLUBS SEVEN,0.744,0.0388,0.2172
CLUBS SEVEN CLUBS FIVE,0.6566,0.0356,0.3078
DIAMONDS THREE CLUBS FOUR,0.654,0.0076,0.3384
DIAMONDS FOUR CLUBS QUEEN,0.6632,0.0078,0.329
DIAMONDS THREE CLUBS FIVE,0.6438,0.0052,0.351
DIAMONDS FOUR CLUBS KING,0.5098,0.2816,0.2086
DIAMONDS THREE CLUBS TWO,0.671,0.0116,0.3174
CLUBS TEN DIAMONDS FOUR,0.6516,0.0058,0.3426
DIAMONDS THREE CLUBS THREE,0.4904,0.015,0.4946
CLUBS JACK DIAMONDS FOUR,0.6422,0.008,0.3498
DIAMONDS THREE SPADES FOUR,0.6558,0.008,0.3362
DIAMONDS THREE SPADES FIVE,0.651,0.0064,0.3426
DIAMONDS THREE SPADES TWO,0.672,0.0072,0.3208
DIAMONDS THREE SPADES THREE,0.4896,0.0148,0.4956
CLUBS EIGHT DIAMONDS THREE,0.6634,0.0056,0.331
CLUBS NINE DIAMONDS THREE,0.6504,0.008,0.3416
SPADES SEVEN CLUBS ACE,0.283,0.025,0.692
SPADES SEVEN CLUBS QUEEN,0.7454,0.0336,0.221
SPADES SEVEN CLUBS KING,0.076,0.8994,0.0246
SPADES SEVEN CLUBS FIVE,0.711,0.0354,0.2536
CLUBS TEN SPADES SEVEN,0.7176,0.0292,0.2532
CLUBS FIVE SPADES SIX,0.6452,0.0076,0.3472
CLUBS JACK SPADES SEVEN,0.7356,0.0352,0.2292
SPADES NINE CLUBS FIVE,0.6478,0.0076,0.3446
SPADES EIGHT CLUBS FIVE,0.6368,0.0088,0.3544
CLUBS FIVE SPADES THREE,0.6624,0.0074,0.3302
CLUBS FIVE SPADES TWO,0.6804,0.0076,0.312
CLUBS FIVE SPADES FIVE,0.4722,0.0116,0.5162
CLUBS FIVE SPADES FOUR,0.6278,0.008,0.3642
CLUBS NINE CLUBS FIVE,0.6078,0.0062,0.386
CLUBS EIGHT CLUBS FIVE,0.5964,0.0058,0.3978
CLUBS ACE CLUBS QUEEN,0.3586,0.0062,0.6352
CLUBS KING CLUBS QUEEN,0.265,0.0594,0.6756
DIAMONDS TEN DIAMONDS FOUR,0.611,0.0066,0.3824
CLUBS TEN DIAMONDS NINE,0.6004,0.0052,0.3944
DIAMONDS JACK DIAMONDS FOUR,0.607,0.0062,0.3868
CLUBS JACK DIAMONDS NINE,0.5934,0.0064,0.4002
CLUBS JACK SPADES NINE,0.5944,0.0082,0.3974
CLUBS TEN SPADES NINE,0.5926,0.0046,0.4028
DIAMONDS ACE DIAMONDS FOUR,0.4034,0.005,0.5916
HEARTS FOUR DIAMONDS FOUR,0.4758,0.0148,0.5094
DIAMONDS JACK HEARTS TEN,0.572,0.0066,0.4214
SPADES NINE CLUBS KING,0.2728,0.1544,0.5728
DIAMONDS TWO SPADES TEN,0.6604,0.0066,0.333
DIAMONDS NINE CLUBS ACE,0.4134,0.0038,0.5828
HEARTS FIVE DIAMONDS FOUR,0.6406,0.0076,0.3518
DIAMONDS JACK HEARTS JACK,0.3342,0.006,0.6598
SPADES NINE CLUBS QUEEN,0.597,0.0044,0.3986
DIAMONDS TWO SPADES JACK,0.6646,0.0074,0.328
DIAMONDS QUEEN DIAMONDS FOUR,0.6092,0.0054,0.3854
HEARTS TWO DIAMONDS FOUR,0.6734,0.0096,0.317
DIAMONDS NINE CLUBS QUEEN,0.5896,0.0058,0.4046
DIAMONDS KING DIAMONDS FOUR,0.474,0.2606,0.2654
HEARTS THREE DIAMONDS FOUR,0.6446,0.01,0.3454
SPADES NINE CLUBS ACE,0.4124,0.0052,0.5824
DIAMONDS NINE CLUBS KING,0.2804,0.151,0.5686
DIAMONDS JACK HEARTS ACE,0.3702,0.005,0.6248
SPADES ACE DIAMONDS TWO,0.4388,0.0054,0.5558
HEARTS QUEEN DIAMONDS JACK,0.582,0.0068,0.4112
SPADES QUEEN DIAMONDS TWO,0.6542,0.0088,0.337
SPADES KING DIAMONDS TWO,0.4982,0.2792,0.2226
SPADES JACK SPADES SEVEN,0.6952,0.0304,0.2744
SPADES TEN SPADES SEVEN,0.6772,0.0346,0.2882
CLUBS SEVEN CLUBS THREE,0.6922,0.0376,0.2702
CLUBS SIX CLUBS THREE,0.6286,0.009,0.3624
CLUBS FIVE CLUBS THREE,0.6134,0.0072,0.3794
CLUBS FOUR CLUBS THREE,0.611,0.0082,0.3808
CLUBS NINE CLUBS THREE,0.6102,0.0092,0.3806
CLUBS EIGHT CLUBS THREE,0.62,0.0078,0.3722
SPADES FIVE CLUBS THREE,0.6482,0.0068,0.345
CLUBS THREE SPADES FOUR,0.6462,0.0082,0.3456
CLUBS THREE SPADES THREE,0.476,0.0172,0.5068
CLUBS THREE SPADES TWO,0.6682,0.0076,0.3242
SPADES SIX CLUBS THREE,0.6748,0.0074,0.3178
SPADES SEVEN CLUBS THREE,0.7288,0.0404,0.2308
SPADES EIGHT CLUBS THREE,0.659,0.0076,0.3334
SPADES NINE CLUBS THREE,0.6486,0.0068,0.3446
SPADES TWO DIAMONDS FOUR,0.675,0.012,0.313
SPADES THREE DIAMONDS FOUR,0.654,0.0064,0.3396
SPADES FOUR DIAMONDS FOUR,0.477,0.0136,0.5094
SPADES FIVE DIAMONDS FOUR,0.6396,0.0076,0.3528
SPADES SIX DIAMONDS FOUR,0.6564,0.01,0.3336
SPADES SEVEN DIAMONDS FOUR,0.714,0.0364,0.2496
SPADES EIGHT DIAMONDS FOUR,0.6424,0.0086,0.349
SPADES NINE DIAMONDS FOUR,0.6644,0.007,0.3286
CLUBS FIVE DIAMONDS FOUR,0.6484,0.0076,0.344
CLUBS FOUR DIAMONDS FOUR,0.4788,0.0182,0.503
CLUBS SEVEN DIAMONDS FOUR,0.721,0.0418,0.2372
CLUBS SIX DIAMONDS FOUR,0.6576,0.0072,0.3352
CLUBS NINE DIAMONDS FOUR,0.6596,0.0104,0.33
CLUBS EIGHT DIAMONDS FOUR,0.6602,0.009,0.3308
HEARTS SIX DIAMONDS FOUR,0.657,0.0096,0.3334
DIAMONDS FOUR HEARTS NINE,0.6462,0.011,0.3428
DIAMONDS FOUR HEARTS EIGHT,0.6424,0.0076,0.35
CLUBS THREE DIAMONDS FOUR,0.658,0.0074,0.3346
CLUBS TWO DIAMONDS FOUR,0.674,0.0086,0.3174
DIAMONDS TEN DIAMONDS FIVE,0.6222,0.0082,0.3696
DIAMONDS JACK DIAMONDS FIVE,0.618,0.0074,0.3746
DIAMONDS NINE HEARTS QUEEN,0.599,0.0082,0.3928
DIAMONDS NINE HEARTS ACE,0.3964,0.0044,0.5992
DIAMONDS NINE HEARTS TEN,0.5776,0.0056,0.4168
DIAMONDS NINE HEARTS JACK,0.5934,0.0084,0.3982
CLUBS KING DIAMONDS SIX,0.5116,0.262,0.2264
CLUBS QUEEN DIAMONDS SIX,0.645,0.0056,0.3494
CLUBS ACE DIAMONDS SIX,0.4366,0.004,0.5594
SPADES KING DIAMONDS FOUR,0.4988,0.2772,0.224
SPADES ACE SPADES SEVEN,0.2634,0.031,0.7056
SPADES QUEEN DIAMONDS FOUR,0.6436,0.0072,0.3492
SPADES QUEEN SPADES SEVEN,0.7,0.0352,0.2648
CLUBS JACK DIAMONDS SIX,0.6566,0.0054,0.338
SPADES KING SPADES SEVEN,0.0752,0.8524,0.0724
SPADES ACE DIAMONDS FOUR,0.4504,0.0036,0.546
CLUBS TEN DIAMONDS SIX,0.649,0.0076,0.3434
CLUBS NINE CLUBS FOUR,0.606,0.009,0.385
CLUBS EIGHT CLUBS FOUR,0.6062,0.0076,0.3862
SPADES JACK DIAMONDS FOUR,0.6672,0.0072,0.3256
SPADES TEN DIAMONDS FOUR,0.6492,0.0074,0.3434
CLUBS FOUR CLUBS FIVE,0.5874,0.0072,0.4054
CLUBS SEVEN CLUBS FOUR,0.6838,0.0388,0.2774
CLUBS SIX CLUBS FOUR,0.6076,0.0112,0.3812
CLUBS SEVEN SPADES EIGHT,0.6906,0.035,0.2744
SPADES NINE CLUBS SEVEN,0.7086,0.0266,0.2648
CLUBS SEVEN SPADES SIX,0.7026,0.0326,0.2648
CLUBS SEVEN SPADES SEVEN,0.3414,0.0278,0.6308
CLUBS SEVEN SPADES FIVE,0.7122,0.0376,0.2502
CLUBS SEVEN SPADES FOUR,0.7264,0.042,0.2316
CLUBS SEVEN SPADES THREE,0.7396,0.0358,0.2246
CLUBS SEVEN SPADES TWO,0.7458,0.0408,0.2134
CLUBS NINE CLUBS SEVEN,0.6714,0.0306,0.298
CLUBS EIGHT CLUBS SEVEN,0.6652,0.0336,0.3012
HEARTS SIX DIAMONDS FIVE,0.6316,0.007,0.3614
DIAMONDS FIVE HEARTS EIGHT,0.6318,0.008,0.3602
DIAMONDS FIVE HEARTS NINE,0.6362,0.009,0.3548
DIAMONDS QUEEN DIAMONDS FIVE,0.6076,0.0076,0.3848
HEARTS TWO DIAMONDS FIVE,0.6592,0.0076,0.3332
DIAMONDS KING DIAMONDS FIVE,0.467,0.2694,0.2636
HEARTS THREE DIAMONDS FIVE,0.6402,0.008,0.3518
HEARTS QUEEN HEARTS EIGHT,0.6056,0.0086,0.3858
DIAMONDS ACE DIAMONDS FIVE,0.3908,0.0042,0.605
HEARTS FOUR DIAMONDS FIVE,0.6296,0.0106,0.3598
HEARTS FIVE DIAMONDS FIVE,0.4642,0.017,0.5188
HEARTS ACE HEARTS EIGHT,0.35,0.0046,0.6454
CLUBS FOUR DIAMONDS FIVE,0.6462,0.0098,0.344
CLUBS FIVE DIAMONDS FIVE,0.4712,0.0102,0.5186
CLUBS SIX DIAMONDS FIVE,0.6362,0.0064,0.3574
CLUBS SEVEN DIAMONDS FIVE,0.7024,0.0384,0.2592
CLUBS TWO DIAMONDS FIVE,0.6686,0.0076,0.3238
CLUBS THREE DIAMONDS FIVE,0.6446,0.0098,0.3456
SPADES THREE DIAMONDS FIVE,0.659,0.0096,0.3314
SPADES TWO DIAMONDS FIVE,0.666,0.0074,0.3266
SPADES JACK DIAMONDS EIGHT,0.6062,0.0062,0.3876
SPADES FIVE DIAMONDS FIVE,0.4762,0.0142,0.5096
CLUBS TEN HEARTS JACK,0.5738,0.0062,0.42
SPADES TEN DIAMONDS EIGHT,0.6014,0.0066,0.392
SPADES FOUR DIAMONDS FIVE,0.6364,0.0068,0.3568
CLUBS JACK HEARTS JACK,0.318,0.0052,0.6768
HEARTS JACK CLUBS QUEEN,0.58,0.008,0.412
CLUBS NINE DIAMONDS FIVE,0.6444,0.0066,0.349
CLUBS EIGHT DIAMONDS FIVE,0.6424,0.0066,0.351
HEARTS JACK CLUBS KING,0.2872,0.0772,0.6356
CLUBS ACE HEARTS JACK,0.3858,0.0036,0.6106
SPADES SEVEN DIAMONDS FIVE,0.7036,0.034,0.2624
SPADES KING DIAMONDS EIGHT,0.273,0.219,0.508
SPADES QUEEN DIAMONDS EIGHT,0.604,0.0072,0.3888
SPADES SIX DIAMONDS FIVE,0.6332,0.0058,0.361
SPADES NINE DIAMONDS FIVE,0.645,0.0062,0.3488
SPADES EIGHT DIAMONDS FIVE,0.6498,0.0068,0.3434
SPADES ACE DIAMONDS EIGHT,0.3952,0.0028,0.602
DIAMONDS TEN DIAMONDS SIX,0.6164,0.0064,0.3772
HEARTS ACE DIAMONDS SEVEN,0.2676,0.0318,0.7006
DIAMONDS JACK DIAMONDS SIX,0.6214,0.0072,0.3714
HEARTS QUEEN DIAMONDS SEVEN,0.7432,0.0394,0.2174
DIAMONDS ACE DIAMONDS SIX,0.4062,0.0044,0.5894
HEARTS FOUR DIAMONDS SIX,0.6502,0.0062,0.3436
SPADES TWO HEARTS JACK,0.6542,0.0088,0.337
HEARTS FIVE DIAMONDS SIX,0.6302,0.007,0.3628
SPADES TWO HEARTS TEN,0.6586,0.0084,0.333
DIAMONDS QUEEN DIAMONDS SIX,0.6156,0.005,0.3794
HEARTS TWO DIAMONDS SIX,0.685,0.0088,0.3062
DIAMONDS KING DIAMONDS SIX,0.4716,0.2664,0.262
HEARTS THREE DIAMONDS SIX,0.6744,0.0088,0.3168
HEARTS EIGHT DIAMONDS SIX,0.622,0.0074,0.3706
HEARTS NINE DIAMONDS SIX,0.632,0.0068,0.3612
HEARTS SIX DIAMONDS SIX,0.4552,0.0164,0.5284
HEARTS TEN DIAMONDS SEVEN,0.7212,0.0356,0.2432
CLUBS TWO DIAMONDS SIX,0.6882,0.0088,0.303
HEARTS JACK DIAMONDS SEVEN,0.726,0.036,0.238
CLUBS THREE DIAMONDS SIX,0.6668,0.0086,0.3246
CLUBS SEVEN DIAMONDS SIX,0.6968,0.0338,0.2694
CLUBS JACK DIAMONDS EIGHT,0.6056,0.0076,0.3868
CLUBS SIX DIAMONDS SIX,0.4576,0.012,0.5304
CLUBS TEN DIAMONDS EIGHT,0.6006,0.0076,0.3918
CLUBS FIVE DIAMONDS SIX,0.637,0.0076,0.3554
CLUBS FOUR DIAMONDS SIX,0.6574,0.0054,0.3372
HEARTS ACE HEARTS JACK,0.3442,0.006,0.6498
DIAMONDS EIGHT CLUBS ACE,0.4026,0.0052,0.5922
HEARTS QUEEN HEARTS JACK,0.579,0.0074,0.4136
DIAMONDS EIGHT CLUBS KING,0.2774,0.2094,0.5132
CLUBS NINE DIAMONDS SIX,0.6402,0.0086,0.3512
CLUBS EIGHT DIAMONDS SIX,0.638,0.0072,0.3548
DIAMONDS EIGHT CLUBS QUEEN,0.6162,0.0076,0.3762
SPADES FIVE DIAMONDS SIX,0.6302,0.0072,0.3626
HEARTS ACE SPADES TWO,0.425,0.0056,0.5694
SPADES FOUR DIAMONDS SIX,0.6594,0.0078,0.3328
SPADES THREE DIAMONDS SIX,0.6682,0.0072,0.3246
HEARTS QUEEN SPADES TWO,0.6552,0.0062,0.3386
SPADES ACE SPADES KING,0.2554,0.0118,0.7328
SPADES TWO DIAMONDS SIX,0.6908,0.0072,0.302
HEARTS TEN HEARTS EIGHT,0.5838,0.009,0.4072
SPADES NINE DIAMONDS SIX,0.6428,0.0082,0.349
HEARTS JACK HEARTS EIGHT,0.5992,0.0076,0.3932
SPADES EIGHT DIAMONDS SIX,0.6372,0.0064,0.3564
SPADES SEVEN DIAMONDS SIX,0.6996,0.033,0.2674
SPADES SIX DIAMONDS SIX,0.4642,0.012,0.5238
CLUBS ACE CLUBS KING,0.2602,0.0134,0.7264
SPADES ACE HEARTS JACK,0.3906,0.0042,0.6052
SPADES QUEEN HEARTS JACK,0.581,0.0074,0.4116
SPADES KING HEARTS JACK,0.2724,0.0784,0.6492
SPADES TEN DIAMONDS TEN,0.3268,0.007,0.6662
SPADES JACK DIAMONDS TEN,0.5682,0.006,0.4258
SPADES ACE DIAMONDS TEN,0.3958,0.0042,0.6
SPADES JACK HEARTS JACK,0.3136,0.0054,0.681
SPADES TEN HEARTS JACK,0.5658,0.0068,0.4274
SPADES QUEEN DIAMONDS TEN,0.5744,0.0054,0.4202
SPADES KING DIAMONDS TEN,0.2706,0.1118,0.6176
SPADES NINE DIAMONDS SEVEN,0.695,0.0358,0.2692
SPADES EIGHT DIAMONDS SEVEN,0.69,0.0306,0.2794
SPADES SEVEN DIAMONDS SEVEN,0.3444,0.029,0.6266
SPADES SIX DIAMONDS SEVEN,0.7026,0.035,0.2624
DIAMONDS KING DIAMONDS SEVEN,0.0644,0.8646,0.071
HEARTS THREE DIAMONDS SEVEN,0.7316,0.0404,0.228
DIAMONDS QUEEN DIAMONDS SEVEN,0.6922,0.0312,0.2766
HEARTS TWO DIAMONDS SEVEN,0.7452,0.0426,0.2122
HEARTS QUEEN DIAMONDS FIVE,0.6478,0.007,0.3452
HEARTS FIVE DIAMONDS SEVEN,0.6972,0.0398,0.263
DIAMONDS ACE DIAMONDS SEVEN,0.2626,0.027,0.7104
HEARTS FOUR DIAMONDS SEVEN,0.7152,0.0408,0.244
HEARTS ACE DIAMONDS FIVE,0.4086,0.0054,0.586
HEARTS SIX DIAMONDS SEVEN,0.6846,0.0362,0.2792
DIAMONDS SEVEN HEARTS NINE,0.7014,0.032,0.2666
HEARTS EIGHT DIAMONDS SEVEN,0.6874,0.0274,0.2852
DIAMONDS JACK DIAMONDS SEVEN,0.6994,0.033,0.2676
DIAMONDS FIVE HEARTS JACK,0.649,0.0068,0.3442
DIAMONDS TEN DIAMONDS SEVEN,0.6712,0.0326,0.2962
HEARTS TEN DIAMONDS FIVE,0.6462,0.007,0.3468
CLUBS EIGHT DIAMONDS SEVEN,0.6958,0.033,0.2712
SPADES KING CLUBS TWO,0.5114,0.284,0.2046
SPADES QUEEN CLUBS TWO,0.6516,0.0076,0.3408
CLUBS NINE DIAMONDS SEVEN,0.7138,0.031,0.2552
CLUBS JACK SPADES TWO,0.6596,0.0096,0.3308
CLUBS SIX CLUBS SEVEN,0.6476,0.0354,0.317
SPADES ACE CLUBS TWO,0.4458,0.0046,0.5496
CLUBS TEN SPADES TWO,0.6636,0.0062,0.3302
SPADES TWO CLUBS KING,0.5088,0.2744,0.2168
SPADES TWO DIAMONDS SEVEN,0.747,0.0392,0.2138
CLUBS EIGHT CLUBS SIX,0.5924,0.007,0.4006
SPADES THREE DIAMONDS SEVEN,0.7352,0.0412,0.2236
SPADES TWO CLUBS QUEEN,0.6488,0.0066,0.3446
CLUBS NINE CLUBS SIX,0.5958,0.0068,0.3974
SPADES FOUR DIAMONDS SEVEN,0.7148,0.0374,0.2478
SPADES FIVE DIAMONDS SEVEN,0.7124,0.0326,0.255
SPADES TWO CLUBS ACE,0.4294,0.0044,0.5662
CLUBS SIX SPADES TWO,0.68,0.0078,0.3122
CLUBS SIX SPADES THREE,0.6754,0.0088,0.3158
CLUBS TWO DIAMONDS SEVEN,0.7544,0.037,0.2086
CLUBS SIX SPADES FOUR,0.6564,0.0086,0.335
CLUBS THREE DIAMONDS SEVEN,0.7478,0.0388,0.2134
CLUBS SIX SPADES FIVE,0.6464,0.0066,0.347
CLUBS FOUR DIAMONDS SEVEN,0.7196,0.0368,0.2436
CLUBS SIX SPADES SIX,0.463,0.013,0.524
CLUBS FIVE DIAMONDS SEVEN,0.7126,0.036,0.2514
CLUBS SIX SPADES SEVEN,0.698,0.0408,0.2612
CLUBS SIX DIAMONDS SEVEN,0.6888,0.0332,0.278
CLUBS SIX SPADES EIGHT,0.6296,0.0084,0.362
SPADES JACK CLUBS TWO,0.6572,0.0056,0.3372
CLUBS SEVEN DIAMONDS SEVEN,0.3442,0.027,0.6288
CLUBS SIX SPADES NINE,0.6476,0.004,0.3484
SPADES TEN CLUBS TWO,0.654,0.01,0.336
CLUBS TWO CLUBS QUEEN,0.6082,0.0064,0.3854
CLUBS TWO CLUBS KING,0.4822,0.2654,0.2524
CLUBS THREE DIAMONDS EIGHT,0.66,0.0098,0.3302
CLUBS TWO CLUBS ACE,0.4004,0.0046,0.595
CLUBS TWO DIAMONDS EIGHT,0.6642,0.008,0.3278
HEARTS SIX DIAMONDS EIGHT,0.6192,0.006,0.3748
DIAMONDS EIGHT HEARTS NINE,0.5766,0.0068,0.4166
CLUBS TEN CLUBS TWO,0.6146,0.0078,0.3776
DIAMONDS EIGHT HEARTS EIGHT,0.3534,0.0104,0.6362
CLUBS JACK CLUBS TWO,0.6056,0.0076,0.3868
CLUBS NINE DIAMONDS EIGHT,0.5972,0.0078,0.395
CLUBS EIGHT DIAMONDS EIGHT,0.3498,0.0114,0.6388
CLUBS FIVE DIAMONDS EIGHT,0.6346,0.0066,0.3588
SPADES ACE SPADES THREE,0.407,0.0036,0.5894
CLUBS FOUR DIAMONDS EIGHT,0.649,0.0098,0.3412
CLUBS SEVEN DIAMONDS EIGHT,0.6918,0.0302,0.278
SPADES QUEEN SPADES THREE,0.6086,0.0056,0.3858
CLUBS SIX DIAMONDS EIGHT,0.6272,0.0054,0.3674
SPADES KING SPADES THREE,0.4824,0.2654,0.2522
DIAMONDS QUEEN DIAMONDS EIGHT,0.5842,0.007,0.4088
HEARTS TWO DIAMONDS EIGHT,0.6536,0.0068,0.3396
DIAMONDS KING DIAMONDS EIGHT,0.2668,0.2062,0.527
HEARTS THREE DIAMONDS EIGHT,0.6538,0.0086,0.3376
DIAMONDS ACE DIAMONDS EIGHT,0.37,0.0032,0.6268
HEARTS FOUR DIAMONDS EIGHT,0.645,0.0094,0.3456
HEARTS FIVE DIAMONDS EIGHT,0.616,0.009,0.375
DIAMONDS EIGHT DIAMONDS TEN,0.5544,0.0066,0.439
DIAMONDS EIGHT DIAMONDS JACK,0.5656,0.0076,0.4268
SPADES JACK SPADES THREE,0.6084,0.009,0.3826
SPADES TEN SPADES THREE,0.6042,0.0056,0.3902
CLUBS FOUR HEARTS ACE,0.415,0.0064,0.5786
CLUBS FOUR HEARTS QUEEN,0.6518,0.008,0.3402
CLUBS SIX HEARTS TEN,0.6414,0.0078,0.3508
CLUBS SIX HEARTS JACK,0.6512,0.0078,0.341
DIAMONDS EIGHT SPADES FOUR,0.6522,0.0054,0.3424
SPADES FIVE DIAMONDS EIGHT,0.6542,0.0062,0.3396
DIAMONDS EIGHT SPADES TWO,0.6644,0.0066,0.329
DIAMONDS EIGHT SPADES THREE,0.6576,0.0088,0.3336
CLUBS FOUR HEARTS JACK,0.6424,0.011,0.3466
SPADES EIGHT DIAMONDS EIGHT,0.3514,0.0118,0.6368
SPADES TEN DIAMONDS QUEEN,0.575,0.0064,0.4186
SPADES TEN HEARTS TWO,0.6502,0.0076,0.3422
SPADES JACK HEARTS EIGHT,0.592,0.006,0.402
CLUBS FOUR HEARTS TEN,0.6622,0.0086,0.3292
SPADES NINE DIAMONDS EIGHT,0.5866,0.0042,0.4092
SPADES TEN HEARTS EIGHT,0.5908,0.0052,0.404
SPADES JACK HEARTS TWO,0.6526,0.0074,0.34
SPADES JACK DIAMONDS QUEEN,0.5792,0.005,0.4158
SPADES SIX DIAMONDS EIGHT,0.6208,0.0062,0.373
SPADES SEVEN DIAMONDS EIGHT,0.685,0.0312,0.2838
SPADES ACE HEARTS TWO,0.434,0.0044,0.5616
SPADES ACE DIAMONDS QUEEN,0.3936,0.0034,0.603
SPADES ACE HEARTS EIGHT,0.3878,0.0044,0.6078
SPADES KING HEARTS EIGHT,0.2632,0.2282,0.5086
SPADES QUEEN HEARTS TWO,0.644,0.0074,0.3486
SPADES QUEEN DIAMONDS QUEEN,0.3136,0.0036,0.6828
SPADES KING DIAMONDS QUEEN,0.2914,0.0612,0.6474
SPADES KING HEARTS TWO,0.4982,0.2912,0.2106
SPADES QUEEN HEARTS EIGHT,0.6152,0.0058,0.379
CLUBS TWO HEARTS TEN,0.6614,0.0088,0.3298
CLUBS TWO HEARTS JACK,0.649,0.0088,0.3422
SPADES SEVEN DIAMONDS NINE,0.7086,0.0258,0.2656
SPADES SIX DIAMONDS NINE,0.6436,0.0058,0.3506
SPADES NINE DIAMONDS NINE,0.3506,0.0114,0.638
SPADES EIGHT DIAMONDS NINE,0.5884,0.0058,0.4058
SPADES TEN CLUBS KING,0.2736,0.114,0.6124
DIAMONDS NINE SPADES THREE,0.6498,0.0092,0.341
SPADES JACK CLUBS KING,0.2956,0.0792,0.6252
DIAMONDS NINE SPADES TWO,0.6532,0.0082,0.3386
DIAMONDS NINE SPADES FIVE,0.6408,0.0064,0.3528
DIAMONDS NINE SPADES FOUR,0.6632,0.008,0.3288
CLUBS NINE DIAMONDS NINE,0.3388,0.0086,0.6526
CLUBS EIGHT DIAMONDS NINE,0.5942,0.007,0.3988
CLUBS SIX DIAMONDS NINE,0.6526,0.0072,0.3402
SPADES JACK CLUBS FOUR,0.649,0.0072,0.3438
CLUBS SEVEN DIAMONDS NINE,0.7074,0.0292,0.2634
SPADES TEN CLUBS FOUR,0.6588,0.0088,0.3324
CLUBS FOUR DIAMONDS NINE,0.6576,0.007,0.3354
CLUBS FIVE DIAMONDS NINE,0.648,0.0062,0.3458
CLUBS TWO DIAMONDS NINE,0.6498,0.008,0.3422
DIAMONDS NINE CLUBS THREE,0.656,0.0062,0.3378
DIAMONDS NINE HEARTS EIGHT,0.5882,0.0072,0.4046
DIAMONDS NINE HEARTS NINE,0.3462,0.01,0.6438
HEARTS SIX DIAMONDS NINE,0.6334,0.0088,0.3578
CLUBS EIGHT CLUBS NINE,0.561,0.0066,0.4324
DIAMONDS ACE DIAMONDS NINE,0.3862,0.0048,0.609
HEARTS FOUR DIAMONDS NINE,0.6506,0.0088,0.3406
HEARTS FIVE DIAMONDS NINE,0.6374,0.0086,0.354
CLUBS TWO HEARTS ACE,0.4314,0.0058,0.5628
SPADES ACE CLUBS FOUR,0.4326,0.005,0.5624
DIAMONDS QUEEN DIAMONDS NINE,0.5626,0.005,0.4324
HEARTS TWO DIAMONDS NINE,0.654,0.0084,0.3376
SPADES KING CLUBS FOUR,0.5052,0.2814,0.2134
DIAMONDS KING DIAMONDS NINE,0.2704,0.1492,0.5804
HEARTS THREE DIAMONDS NINE,0.6396,0.0068,0.3536
CLUBS TWO HEARTS QUEEN,0.6522,0.007,0.3408
SPADES QUEEN CLUBS FOUR,0.661,0.0066,0.3324
DIAMONDS NINE DIAMONDS JACK,0.5598,0.0054,0.4348
CLUBS EIGHT SPADES NINE,0.588,0.007,0.405
DIAMONDS NINE DIAMONDS TEN,0.556,0.0062,0.4378
CLUBS EIGHT SPADES EIGHT,0.3666,0.0104,0.623
CLUBS EIGHT SPADES SEVEN,0.6986,0.0308,0.2706
CLUBS EIGHT SPADES SIX,0.6282,0.0076,0.3642
CLUBS EIGHT SPADES FIVE,0.6414,0.0078,0.3508
CLUBS EIGHT SPADES FOUR,0.6614,0.0086,0.33
CLUBS EIGHT SPADES THREE,0.6644,0.0064,0.3292
CLUBS EIGHT SPADES TWO,0.6658,0.0076,0.3266
HEARTS SIX DIAMONDS TEN,0.6454,0.0084,0.3462
DIAMONDS TEN HEARTS EIGHT,0.589,0.006,0.405
CLUBS JACK CLUBS FOUR,0.6312,0.0066,0.3622
DIAMONDS TEN HEARTS NINE,0.5816,0.0086,0.4098
CLUBS TEN CLUBS FOUR,0.6132,0.01,0.3768
CLUBS FOUR CLUBS KING,0.4804,0.2704,0.2492
CLUBS FOUR CLUBS QUEEN,0.61,0.0098,0.3802
CLUBS TWO DIAMONDS TEN,0.6594,0.0064,0.3342
CLUBS THREE DIAMONDS TEN,0.6548,0.0078,0.3374
CLUBS FOUR CLUBS ACE,0.4008,0.005,0.5942
DIAMONDS JACK DIAMONDS TEN,0.5428,0.0088,0.4484
DIAMONDS QUEEN DIAMONDS TEN,0.5322,0.0084,0.4594
HEARTS TWO DIAMONDS TEN,0.6456,0.0092,0.3452
DIAMONDS KING DIAMONDS TEN,0.265,0.1018,0.6332
HEARTS THREE DIAMONDS TEN,0.637,0.0084,0.3546
DIAMONDS ACE DIAMONDS TEN,0.3674,0.0052,0.6274
HEARTS FOUR DIAMONDS TEN,0.646,0.0076,0.3464
CLUBS EIGHT HEARTS JACK,0.5982,0.0072,0.3946
HEARTS FIVE DIAMONDS TEN,0.642,0.0066,0.3514
CLUBS EIGHT HEARTS TEN,0.5922,0.0068,0.401
CLUBS EIGHT HEARTS QUEEN,0.6018,0.0052,0.393
CLUBS EIGHT HEARTS ACE,0.385,0.007,0.608
CLUBS NINE SPADES THREE,0.6642,0.007,0.3288
CLUBS NINE SPADES TWO,0.65,0.0074,0.3426
CLUBS NINE SPADES FIVE,0.6472,0.0064,0.3464
CLUBS NINE SPADES FOUR,0.6528,0.0082,0.339
CLUBS NINE SPADES SEVEN,0.696,0.0338,0.2702
CLUBS NINE SPADES SIX,0.6302,0.006,0.3638
CLUBS NINE SPADES NINE,0.3418,0.0084,0.6498
CLUBS TEN HEARTS EIGHT,0.5956,0.0066,0.3978
CLUBS NINE SPADES EIGHT,0.5846,0.0076,0.4078
CLUBS JACK HEARTS EIGHT,0.588,0.01,0.402
HEARTS EIGHT CLUBS QUEEN,0.6016,0.0074,0.391
CLUBS KING HEARTS EIGHT,0.2598,0.2162,0.524
CLUBS ACE HEARTS EIGHT,0.3988,0.0056,0.5956
SPADES KING CLUBS KING,0.1352,0.0126,0.8522
SPADES QUEEN CLUBS KING,0.2924,0.0648,0.6428
SPADES ACE CLUBS KING,0.2808,0.0104,0.7088
DIAMONDS ACE HEARTS TEN,0.3824,0.0036,0.614
HEARTS FOUR HEARTS TEN,0.635,0.0088,0.3562
DIAMONDS ACE HEARTS JACK,0.3914,0.0054,0.6032
HEARTS FOUR HEARTS JACK,0.6468,0.0072,0.346
SPADES KING CLUBS FIVE,0.5034,0.282,0.2146
SPADES QUEEN CLUBS FIVE,0.6364,0.0082,0.3554
SPADES ACE CLUBS FIVE,0.4214,0.0036,0.575
HEARTS SIX DIAMONDS JACK,0.6524,0.0098,0.3378
DIAMONDS JACK HEARTS NINE,0.595,0.007,0.398
DIAMONDS JACK HEARTS EIGHT,0.607,0.0096,0.3834
DIAMONDS KING DIAMONDS JACK,0.2628,0.0838,0.6534
HEARTS THREE DIAMONDS JACK,0.6534,0.0068,0.3398
SPADES ACE SPADES SIX,0.4136,0.004,0.5824
SPADES FOUR HEARTS ACE,0.411,0.0038,0.5852
DIAMONDS QUEEN DIAMONDS JACK,0.5484,0.007,0.4446
HEARTS TWO DIAMONDS JACK,0.6546,0.0072,0.3382
HEARTS FIVE DIAMONDS JACK,0.6426,0.0056,0.3518
SPADES QUEEN SPADES SIX,0.598,0.0078,0.3942
SPADES FOUR HEARTS QUEEN,0.6452,0.007,0.3478
DIAMONDS ACE DIAMONDS JACK,0.3752,0.0044,0.6204
HEARTS FOUR DIAMONDS JACK,0.6556,0.0084,0.336
SPADES KING SPADES SIX,0.461,0.2804,0.2586
SPADES TEN SPADES SIX,0.5986,0.007,0.3944
SPADES JACK SPADES SIX,0.626,0.0054,0.3686
SPADES FOUR DIAMONDS JACK,0.6552,0.007,0.3378
SPADES FIVE DIAMONDS JACK,0.6598,0.0066,0.3336
DIAMONDS JACK SPADES TWO,0.662,0.0076,0.3304
DIAMONDS JACK SPADES THREE,0.6546,0.009,0.3364
SPADES ACE DIAMONDS THREE,0.4412,0.0042,0.5546
CLUBS EIGHT DIAMONDS JACK,0.6086,0.007,0.3844
SPADES QUEEN DIAMONDS THREE,0.6366,0.008,0.3554
SPADES KING DIAMONDS THREE,0.5036,0.2774,0.219
CLUBS NINE DIAMONDS JACK,0.5982,0.0084,0.3934
CLUBS SIX DIAMONDS JACK,0.6554,0.0056,0.339
CLUBS SEVEN DIAMONDS JACK,0.7346,0.0328,0.2326
CLUBS FOUR DIAMONDS JACK,0.6444,0.0084,0.3472
CLUBS FIVE DIAMONDS JACK,0.6544,0.0074,0.3382
CLUBS TWO DIAMONDS JACK,0.6554,0.0096,0.335
CLUBS THREE DIAMONDS JACK,0.66,0.0072,0.3328
SPADES TEN CLUBS FIVE,0.6574,0.0072,0.3354
HEARTS SIX SPADES JACK,0.6616,0.0058,0.3326
HEARTS SIX SPADES TEN,0.6344,0.0066,0.359
SPADES JACK CLUBS FIVE,0.645,0.0066,0.3484
SPADES JACK DIAMONDS THREE,0.6532,0.006,0.3408
CLUBS SEVEN CLUBS ACE,0.2564,0.029,0.7146
DIAMONDS THREE SPADES TEN,0.6518,0.0064,0.3418
CLUBS SEVEN CLUBS QUEEN,0.7066,0.0348,0.2586
CLUBS SEVEN CLUBS KING,0.0738,0.8586,0.0676
SPADES NINE DIAMONDS JACK,0.5868,0.0066,0.4066
CLUBS TEN CLUBS SEVEN,0.6746,0.0306,0.2948
DIAMONDS ACE HEARTS ACE,0.1516,0.006,0.8424
HEARTS FOUR HEARTS ACE,0.381,0.0048,0.6142
SPADES EIGHT DIAMONDS JACK,0.6028,0.007,0.3902
SPADES ACE HEARTS SIX,0.4278,0.0038,0.5684
CLUBS JACK CLUBS SEVEN,0.6926,0.0316,0.2758
SPADES SEVEN DIAMONDS JACK,0.7316,0.031,0.2374
SPADES KING HEARTS SIX,0.5022,0.2856,0.2122
DIAMONDS ACE HEARTS QUEEN,0.395,0.0056,0.5994
HEARTS FOUR HEARTS QUEEN,0.6512,0.0082,0.3406
SPADES QUEEN HEARTS SIX,0.6454,0.0066,0.348
SPADES SIX DIAMONDS JACK,0.6566,0.0046,0.3388
DIAMONDS TEN SPADES TWO,0.6678,0.0068,0.3254
SPADES THREE DIAMONDS TEN,0.661,0.007,0.332
SPADES FOUR DIAMONDS TEN,0.6412,0.008,0.3508
SPADES FIVE DIAMONDS TEN,0.6562,0.005,0.3388
SPADES SIX DIAMONDS TEN,0.6402,0.006,0.3538
SPADES SEVEN DIAMONDS TEN,0.7198,0.0336,0.2466
SPADES EIGHT DIAMONDS TEN,0.5974,0.0078,0.3948
SPADES NINE DIAMONDS TEN,0.5824,0.0056,0.412
CLUBS FOUR DIAMONDS TEN,0.6422,0.0076,0.3502
CLUBS FIVE DIAMONDS TEN,0.651,0.0072,0.3418
CLUBS SIX DIAMONDS TEN,0.6418,0.0066,0.3516
CLUBS SEVEN DIAMONDS TEN,0.719,0.0332,0.2478
CLUBS EIGHT DIAMONDS TEN,0.596,0.0068,0.3972
CLUBS NINE DIAMONDS TEN,0.5844,0.0046,0.411
CLUBS JACK DIAMONDS THREE,0.653,0.0086,0.3384
CLUBS TEN DIAMONDS THREE,0.6496,0.0086,0.3418
DIAMONDS THREE CLUBS KING,0.5088,0.2804,0.2108
DIAMONDS THREE CLUBS QUEEN,0.6552,0.0072,0.3376
DIAMONDS THREE CLUBS ACE,0.4374,0.0054,0.5572
SPADES FOUR HEARTS JACK,0.6392,0.0088,0.352
SPADES FOUR HEARTS TEN,0.6452,0.0086,0.3462
SPADES FIVE SPADES TWO,0.6304,0.0084,0.3612
SPADES FOUR SPADES TWO,0.6204,0.0082,0.3714
SPADES THREE SPADES TWO,0.6374,0.0084,0.3542
SPADES NINE SPADES TWO,0.6222,0.0068,0.371
SPADES EIGHT SPADES TWO,0.631,0.008,0.361
SPADES SEVEN SPADES TWO,0.7164,0.0438,0.2398
SPADES SIX SPADES TWO,0.6394,0.0096,0.351
DIAMONDS QUEEN CLUBS THREE,0.65,0.0072,0.3428
HEARTS TWO CLUBS THREE,0.6642,0.01,0.3258
DIAMONDS QUEEN CLUBS TWO,0.6512,0.0054,0.3434
HEARTS TWO CLUBS TWO,0.4932,0.0188,0.488
HEARTS SIX DIAMONDS QUEEN,0.6498,0.0072,0.343
HEARTS SIX HEARTS TWO,0.6756,0.0106,0.3138
DIAMONDS QUEEN HEARTS NINE,0.6076,0.0054,0.387
HEARTS TWO HEARTS NINE,0.643,0.0098,0.3472
DIAMONDS QUEEN HEARTS EIGHT,0.627,0.0078,0.3652
HEARTS TWO HEARTS EIGHT,0.652,0.009,0.339
CLUBS NINE HEARTS TWO,0.6598,0.007,0.3332
CLUBS NINE DIAMONDS QUEEN,0.6156,0.0046,0.3798
CLUBS EIGHT DIAMONDS QUEEN,0.6052,0.006,0.3888
CLUBS EIGHT HEARTS TWO,0.661,0.0068,0.3322
DIAMONDS QUEEN CLUBS FIVE,0.6496,0.0056,0.3448
HEARTS TWO CLUBS FIVE,0.6496,0.0112,0.3392
SPADES EIGHT HEARTS ACE,0.3914,0.0046,0.604
DIAMONDS QUEEN CLUBS FOUR,0.6622,0.006,0.3318
CLUBS FOUR HEARTS TWO,0.659,0.0078,0.3332
CLUBS SEVEN DIAMONDS QUEEN,0.7456,0.0324,0.222
CLUBS SEVEN HEARTS TWO,0.7448,0.0418,0.2134
SPADES EIGHT HEARTS QUEEN,0.616,0.008,0.376
CLUBS SIX DIAMONDS QUEEN,0.6584,0.0056,0.336
CLUBS SIX HEARTS TWO,0.68,0.0078,0.3122
HEARTS TWO SPADES SIX,0.6788,0.0068,0.3144
DIAMONDS QUEEN SPADES SIX,0.6444,0.007,0.3486
HEARTS FOUR CLUBS QUEEN,0.6474,0.0082,0.3444
DIAMONDS ACE CLUBS QUEEN,0.3862,0.0034,0.6104
DIAMONDS QUEEN SPADES SEVEN,0.7462,0.0348,0.219
HEARTS TWO SPADES SEVEN,0.7368,0.0408,0.2224
HEARTS FOUR CLUBS KING,0.5048,0.2726,0.2226
DIAMONDS ACE CLUBS KING,0.2822,0.0116,0.7062
DIAMONDS QUEEN SPADES EIGHT,0.6154,0.0072,0.3774
SPADES EIGHT HEARTS TWO,0.6574,0.0094,0.3332
HEARTS FOUR CLUBS ACE,0.4258,0.0058,0.5684
DIAMONDS ACE CLUBS ACE,0.1744,0.0034,0.8222
SPADES NINE DIAMONDS QUEEN,0.6042,0.006,0.3898
SPADES NINE HEARTS TWO,0.6602,0.009,0.3308
HEARTS TWO SPADES TWO,0.4796,0.0152,0.5052
DIAMONDS QUEEN SPADES TWO,0.651,0.007,0.342
HEARTS TWO SPADES THREE,0.6794,0.009,0.3116
DIAMONDS QUEEN SPADES THREE,0.6552,0.0074,0.3374
HEARTS TWO SPADES FOUR,0.673,0.006,0.321
DIAMONDS QUEEN SPADES FOUR,0.6528,0.0072,0.34
CLUBS TEN HEARTS FOUR,0.652,0.0088,0.3392
CLUBS TEN DIAMONDS ACE,0.3898,0.0058,0.6044
HEARTS TWO SPADES FIVE,0.665,0.0082,0.3268
DIAMONDS QUEEN SPADES FIVE,0.6548,0.0042,0.341
HEARTS FOUR CLUBS JACK,0.647,0.0086,0.3444
CLUBS JACK DIAMONDS ACE,0.3952,0.0042,0.6006
CLUBS FIVE CLUBS KING,0.4708,0.268,0.2612
CLUBS FIVE CLUBS QUEEN,0.6134,0.007,0.3796
CLUBS FIVE CLUBS ACE,0.4052,0.0044,0.5904
CLUBS JACK CLUBS FIVE,0.6116,0.0086,0.3798
CLUBS TEN CLUBS FIVE,0.6148,0.0088,0.3764
SPADES KING CLUBS JACK,0.294,0.0776,0.6284
CLUBS JACK SPADES QUEEN,0.595,0.007,0.398
SPADES ACE CLUBS JACK,0.4042,0.0046,0.5912
SPADES SIX CLUBS KING,0.5142,0.2746,0.2112
SPADES SIX CLUBS QUEEN,0.6612,0.0056,0.3332
SPADES EIGHT HEARTS JACK,0.6042,0.0056,0.3902
SPADES SIX CLUBS ACE,0.4218,0.004,0.5742
SPADES EIGHT HEARTS TEN,0.5902,0.0062,0.4036
CLUBS JACK SPADES SIX,0.6672,0.0072,0.3256
CLUBS TEN SPADES SIX,0.643,0.0054,0.3516
CLUBS JACK SPADES TEN,0.5714,0.0068,0.4218
CLUBS JACK SPADES JACK,0.3384,0.003,0.6586
SPADES QUEEN CLUBS SEVEN,0.7444,0.033,0.2226
SPADES KING CLUBS SEVEN,0.0702,0.904,0.0258
SPADES ACE CLUBS SEVEN,0.2854,0.0268,0.6878
SPADES SIX HEARTS TEN,0.6378,0.009,0.3532
SPADES SIX HEARTS JACK,0.6482,0.0068,0.345
SPADES SIX HEARTS ACE,0.4154,0.0048,0.5798
SPADES SIX HEARTS QUEEN,0.656,0.0068,0.3372
SPADES JACK CLUBS SEVEN,0.7382,0.0288,0.233
SPADES TEN CLUBS SEVEN,0.7172,0.0328,0.25
CLUBS TEN HEARTS SIX,0.6372,0.008,0.3548
CLUBS JACK HEARTS SIX,0.645,0.0058,0.3492
CLUBS JACK CLUBS ACE,0.3598,0.005,0.6352
HEARTS SIX CLUBS QUEEN,0.6424,0.0098,0.3478
HEARTS SIX CLUBS KING,0.5036,0.2844,0.212
HEARTS SIX CLUBS ACE,0.4316,0.0046,0.5638
CLUBS JACK CLUBS QUEEN,0.5412,0.0076,0.4512
CLUBS JACK CLUBS KING,0.272,0.0794,0.6486
DIAMONDS THREE HEARTS ACE,0.4282,0.008,0.5638
DIAMONDS THREE HEARTS QUEEN,0.6466,0.0078,0.3456
CLUBS FIVE HEARTS JACK,0.6466,0.0068,0.3466
SPADES TEN DIAMONDS ACE,0.4038,0.0026,0.5936
HEARTS FOUR SPADES TEN,0.6568,0.0076,0.3356
CLUBS FIVE HEARTS TEN,0.6552,0.0088,0.336
HEARTS FOUR SPADES JACK,0.6516,0.0076,0.3408
SPADES JACK DIAMONDS ACE,0.3986,0.005,0.5964
SPADES ACE HEARTS FOUR,0.4356,0.0048,0.5596
SPADES ACE DIAMONDS ACE,0.1702,0.004,0.8258
CLUBS FIVE HEARTS ACE,0.415,0.0062,0.5788
HEARTS FOUR SPADES QUEEN,0.6442,0.0086,0.3472
SPADES QUEEN DIAMONDS ACE,0.398,0.0034,0.5986
CLUBS JACK SPADES FOUR,0.6596,0.0076,0.3328
CLUBS FIVE HEARTS QUEEN,0.6288,0.007,0.3642
SPADES KING DIAMONDS ACE,0.2722,0.0128,0.715
HEARTS FOUR SPADES KING,0.4948,0.2928,0.2124
CLUBS TEN SPADES FOUR,0.6612,0.0064,0.3324
DIAMONDS QUEEN DIAMONDS ACE,0.3682,0.0048,0.627
HEARTS TWO DIAMONDS ACE,0.4388,0.006,0.5552
HEARTS FOUR DIAMONDS QUEEN,0.6526,0.006,0.3414
HEARTS FOUR HEARTS TWO,0.658,0.0086,0.3334
DIAMONDS THREE HEARTS TEN,0.6384,0.0106,0.351
SPADES FOUR CLUBS KING,0.492,0.2854,0.2226
HEARTS FIVE DIAMONDS QUEEN,0.6346,0.0092,0.3562
HEARTS FIVE HEARTS TWO,0.6564,0.0074,0.3362
DIAMONDS THREE HEARTS JACK,0.6478,0.0104,0.3418
SPADES FOUR CLUBS QUEEN,0.6544,0.007,0.3386
DIAMONDS QUEEN HEARTS TWO,0.658,0.0052,0.3368
DIAMONDS KING DIAMONDS QUEEN,0.2664,0.062,0.6716
DIAMONDS KING HEARTS TWO,0.4836,0.2996,0.2168
HEARTS THREE DIAMONDS QUEEN,0.6512,0.0074,0.3414
HEARTS THREE HEARTS TWO,0.669,0.01,0.321
SPADES FOUR CLUBS ACE,0.4284,0.0046,0.567
HEARTS TWO CLUBS ACE,0.4362,0.0048,0.559
DIAMONDS QUEEN CLUBS ACE,0.3902,0.0044,0.6054
HEARTS TWO CLUBS QUEEN,0.6452,0.0078,0.347
DIAMONDS QUEEN CLUBS QUEEN,0.319,0.0046,0.6764
HEARTS TWO CLUBS KING,0.496,0.2934,0.2106
DIAMONDS QUEEN CLUBS KING,0.2822,0.0578,0.66
SPADES EIGHT SPADES FIVE,0.6026,0.0078,0.3896
CLUBS TEN HEARTS TWO,0.6626,0.0072,0.3302
CLUBS TEN DIAMONDS QUEEN,0.5878,0.0056,0.4066
SPADES NINE SPADES FIVE,0.5992,0.0066,0.3942
CLUBS JACK HEARTS TWO,0.6632,0.0082,0.3286
CLUBS JACK DIAMONDS QUEEN,0.5834,0.006,0.4106
SPADES SIX SPADES FIVE,0.6064,0.0072,0.3864
SPADES SEVEN SPADES FIVE,0.6694,0.0356,0.295
DIAMONDS FIVE CLUBS QUEEN,0.657,0.0056,0.3374
SPADES EIGHT CLUBS ACE,0.3922,0.0038,0.604
DIAMONDS FIVE CLUBS KING,0.5044,0.2772,0.2184
SPADES EIGHT CLUBS KING,0.2686,0.2208,0.5106
DIAMONDS FIVE CLUBS ACE,0.4288,0.003,0.5682
SPADES EIGHT CLUBS QUEEN,0.6088,0.0072,0.384
CLUBS JACK SPADES EIGHT,0.5996,0.0066,0.3938
CLUBS TEN SPADES EIGHT,0.6022,0.0066,0.3912
CLUBS TEN DIAMONDS FIVE,0.6482,0.008,0.3438
CLUBS JACK DIAMONDS FIVE,0.6514,0.0086,0.34
