opposingHand,winningChance,drawChance,lostChance
HEARTS EIGHT SPADES TEN
SPADES JACK HEARTS FIVE,0.4172,0.0174,0.5654
SPADES FIVE CLUBS JACK,0.4174,0.0202,0.5624
CLUBS TEN SPADES FIVE,0.5552,0.2254,0.2194
CLUBS EIGHT CLUBS JACK,0.2262,0.0554,0.7184
CLUBS TEN CLUBS EIGHT,0.0234,0.905,0.0716
CLUBS EIGHT CLUBS KING,0.2652,0.028,0.7068
SPADES FIVE CLUBS ACE,0.4288,0.0032,0.568
CLUBS EIGHT CLUBS QUEEN,0.2578,0.0434,0.6988
SPADES FIVE CLUBS KING,0.4338,0.008,0.5582
SPADES FIVE CLUBS QUEEN,0.4326,0.0126,0.5548
CLUBS EIGHT CLUBS ACE,0.2558,0.0248,0.7194
DIAMONDS TWO DIAMONDS THREE,0.5972,0.029,0.3738
DIAMONDS TWO DIAMONDS FIVE,0.5866,0.0236,0.3898
SPADES KING HEARTS FIVE,0.427,0.006,0.567
DIAMONDS TWO DIAMONDS FOUR,0.5902,0.0242,0.3856
SPADES QUEEN HEARTS FIVE,0.4336,0.0094,0.557
DIAMONDS TWO DIAMONDS SEVEN,0.6392,0.0256,0.3352
DIAMONDS TWO DIAMONDS SIX,0.6168,0.0262,0.357
SPADES ACE HEARTS FIVE,0.426,0.0054,0.5686
DIAMONDS TWO DIAMONDS NINE,0.6152,0.0228,0.362
DIAMONDS TWO DIAMONDS EIGHT,0.6512,0.0788,0.27
DIAMONDS THREE DIAMONDS FOUR,0.5752,0.0252,0.3996
SPADES FOUR CLUBS TWO,0.6322,0.027,0.3408
DIAMONDS THREE DIAMONDS FIVE,0.5864,0.0224,0.3912
SPADES FIVE CLUBS TWO,0.6276,0.0278,0.3446
CLUBS TWO SPADES TWO,0.47,0.0438,0.4862
CLUBS TWO SPADES THREE,0.6454,0.026,0.3286
DIAMONDS THREE DIAMONDS EIGHT,0.6542,0.0754,0.2704
SPADES EIGHT CLUBS TWO,0.7042,0.082,0.2138
DIAMONDS THREE DIAMONDS NINE,0.6024,0.024,0.3736
SPADES NINE CLUBS TWO,0.644,0.0228,0.3332
DIAMONDS THREE DIAMONDS SIX,0.5962,0.024,0.3798
SPADES SIX CLUBS TWO,0.6578,0.0266,0.3156
DIAMONDS THREE DIAMONDS SEVEN,0.614,0.0254,0.3606
SPADES SEVEN CLUBS TWO,0.6702,0.0278,0.302
CLUBS SIX CLUBS TWO,0.6164,0.0254,0.3582
CLUBS SEVEN CLUBS TWO,0.6332,0.0256,0.3412
CLUBS FOUR CLUBS TWO,0.5914,0.022,0.3866
CLUBS FIVE CLUBS TWO,0.5918,0.0274,0.3808
CLUBS TEN CLUBS JACK,0.2318,0.057,0.7112
DIAMONDS FOUR DIAMONDS SIX,0.584,0.0226,0.3934
CLUBS TEN CLUBS QUEEN,0.249,0.042,0.709
DIAMONDS FOUR DIAMONDS SEVEN,0.6028,0.0278,0.3694
CLUBS TEN CLUBS KING,0.2346,0.0376,0.7278
CLUBS TEN CLUBS ACE,0.2524,0.0204,0.7272
CLUBS EIGHT CLUBS TWO,0.6556,0.0758,0.2686
DIAMONDS FIVE DIAMONDS FOUR,0.573,0.0254,0.4016
CLUBS NINE CLUBS TWO,0.625,0.0202,0.3548
DIAMONDS NINE DIAMONDS FOUR,0.6042,0.0194,0.3764
DIAMONDS EIGHT DIAMONDS FOUR,0.6384,0.0798,0.2818
CLUBS THREE CLUBS TWO,0.6094,0.026,0.3646
DIAMONDS NINE DIAMONDS FIVE,0.6,0.0244,0.3756
DIAMONDS TWO CLUBS JACK,0.4314,0.0188,0.5498
DIAMONDS EIGHT DIAMONDS FIVE,0.6394,0.076,0.2846
CLUBS TEN DIAMONDS TWO,0.5582,0.224,0.2178
DIAMONDS FIVE DIAMONDS SEVEN,0.598,0.0204,0.3816
DIAMONDS FIVE DIAMONDS SIX,0.5776,0.024,0.3984
DIAMONDS TWO CLUBS ACE,0.4312,0.0042,0.5646
DIAMONDS TWO CLUBS KING,0.4324,0.0068,0.5608
DIAMONDS TWO CLUBS QUEEN,0.4458,0.009,0.5452
DIAMONDS EIGHT DIAMONDS SIX,0.6104,0.0786,0.311
DIAMONDS NINE DIAMONDS SIX,0.6046,0.0232,0.3722
HEARTS ACE SPADES THREE,0.4276,0.0062,0.5662
SPADES THREE HEARTS KING,0.4244,0.0102,0.5654
DIAMONDS SEVEN DIAMONDS SIX,0.5804,0.021,0.3986
SPADES THREE HEARTS QUEEN,0.435,0.0124,0.5526
SPADES THREE HEARTS JACK,0.4308,0.0152,0.554
SPADES THREE HEARTS TEN,0.548,0.2336,0.2184
DIAMONDS EIGHT DIAMONDS SEVEN,0.63,0.0746,0.2954
DIAMONDS NINE DIAMONDS SEVEN,0.5778,0.0222,0.4
DIAMONDS NINE DIAMONDS EIGHT,0.6362,0.0676,0.2962
DIAMONDS KING HEARTS TEN,0.2616,0.035,0.7034
HEARTS THREE HEARTS TEN,0.5238,0.2186,0.2576
SPADES JACK CLUBS SIX,0.421,0.0166,0.5624
DIAMONDS KING HEARTS JACK,0.3268,0.007,0.6662
HEARTS THREE HEARTS JACK,0.4268,0.0172,0.556
SPADES JACK SPADES FIVE,0.4188,0.016,0.5652
DIAMONDS KING HEARTS ACE,0.3412,0.004,0.6548
HEARTS THREE HEARTS ACE,0.412,0.004,0.584
SPADES ACE CLUBS SIX,0.4292,0.005,0.5658
DIAMONDS KING HEARTS QUEEN,0.349,0.0074,0.6436
HEARTS THREE HEARTS QUEEN,0.4158,0.0108,0.5734
SPADES KING CLUBS SIX,0.4194,0.0036,0.577
DIAMONDS KING HEARTS KING,0.1788,0.009,0.8122
HEARTS THREE HEARTS KING,0.4162,0.0064,0.5774
SPADES QUEEN CLUBS SIX,0.4164,0.0098,0.5738
SPADES NINE HEARTS TEN,0.2194,0.1718,0.6088
SPADES NINE HEARTS JACK,0.3556,0.0148,0.6296
SPADES QUEEN SPADES FIVE,0.4052,0.0084,0.5864
SPADES KING SPADES FIVE,0.412,0.007,0.581
SPADES ACE SPADES FIVE,0.4122,0.0048,0.583
SPADES NINE HEARTS QUEEN,0.3762,0.011,0.6128
SPADES NINE HEARTS KING,0.378,0.0092,0.6128
SPADES NINE HEARTS ACE,0.3908,0.003,0.6062
CLUBS TEN SPADES JACK,0.234,0.049,0.717
SPADES ACE CLUBS TEN,0.2548,0.0288,0.7164
SPADES KING CLUBS TEN,0.2396,0.038,0.7224
CLUBS TEN SPADES QUEEN,0.2404,0.0478,0.7118
SPADES FIVE HEARTS QUEEN,0.4286,0.0094,0.562
SPADES FIVE HEARTS KING,0.4266,0.0084,0.565
SPADES FIVE HEARTS ACE,0.4326,0.0044,0.563
HEARTS THREE SPADES JACK,0.4402,0.0182,0.5416
SPADES JACK DIAMONDS KING,0.3374,0.0092,0.6534
SPADES JACK CLUBS EIGHT,0.2482,0.0566,0.6952
CLUBS SIX HEARTS ACE,0.4192,0.0056,0.5752
SPADES ACE CLUBS EIGHT,0.2736,0.0266,0.6998
HEARTS FIVE CLUBS JACK,0.4414,0.0134,0.5452
CLUBS TEN HEARTS FIVE,0.5606,0.2308,0.2086
CLUBS SIX HEARTS QUEEN,0.4294,0.0092,0.5614
SPADES QUEEN CLUBS EIGHT,0.258,0.0404,0.7016
CLUBS TEN SPADES THREE,0.5646,0.2232,0.2122
CLUBS SIX HEARTS KING,0.416,0.0076,0.5764
SPADES KING CLUBS EIGHT,0.2764,0.0268,0.6968
SPADES THREE CLUBS JACK,0.441,0.0178,0.5412
DIAMONDS TWO HEARTS JACK,0.4278,0.015,0.5572
SPADES THREE CLUBS QUEEN,0.439,0.0074,0.5536
DIAMONDS TWO HEARTS TEN,0.5492,0.229,0.2218
SPADES THREE CLUBS KING,0.4216,0.0068,0.5716
HEARTS FIVE CLUBS ACE,0.4222,0.0044,0.5734
SPADES FIVE HEARTS TEN,0.5504,0.2254,0.2242
SPADES THREE CLUBS ACE,0.4316,0.0034,0.565
HEARTS FIVE CLUBS KING,0.4288,0.008,0.5632
SPADES FIVE HEARTS JACK,0.429,0.0184,0.5526
HEARTS FIVE CLUBS QUEEN,0.438,0.0114,0.5506
HEARTS THREE CLUBS KING,0.4442,0.007,0.5488
DIAMONDS KING CLUBS KING,0.1922,0.0088,0.799
HEARTS THREE CLUBS QUEEN,0.441,0.0136,0.5454
DIAMONDS KING CLUBS QUEEN,0.3544,0.0048,0.6408
HEARTS FIVE HEARTS JACK,0.4096,0.0168,0.5736
HEARTS FIVE HEARTS TEN,0.519,0.2204,0.2606
HEARTS THREE CLUBS ACE,0.4284,0.0046,0.567
DIAMONDS KING CLUBS ACE,0.363,0.0032,0.6338
SPADES ACE CLUBS QUEEN,0.3506,0.0044,0.645
SPADES KING CLUBS QUEEN,0.352,0.0072,0.6408
HEARTS THREE CLUBS JACK,0.4348,0.019,0.5462
DIAMONDS KING CLUBS JACK,0.3514,0.005,0.6436
SPADES QUEEN CLUBS QUEEN,0.1638,0.018,0.8182
CLUBS TEN HEARTS THREE,0.551,0.2346,0.2144
CLUBS TEN DIAMONDS KING,0.2662,0.035,0.6988
SPADES JACK CLUBS QUEEN,0.3222,0.0088,0.669
CLUBS SIX CLUBS QUEEN,0.4074,0.011,0.5816
CLUBS SIX CLUBS KING,0.3958,0.0054,0.5988
CLUBS SIX CLUBS ACE,0.3904,0.0048,0.6048
HEARTS FIVE HEARTS KING,0.4138,0.0074,0.5788
HEARTS FIVE HEARTS QUEEN,0.4056,0.0118,0.5826
CLUBS TEN CLUBS SIX,0.5116,0.2132,0.2752
HEARTS FIVE HEARTS ACE,0.3992,0.004,0.5968
CLUBS SIX CLUBS JACK,0.399,0.0132,0.5878
SPADES SEVEN HEARTS JACK,0.4066,0.0164,0.577
SPADES SEVEN HEARTS TEN,0.5514,0.2364,0.2122
DIAMONDS TWO CLUBS TWO,0.4478,0.0486,0.5036
DIAMONDS TWO CLUBS THREE,0.6302,0.0258,0.344
HEARTS SIX DIAMONDS TWO,0.6596,0.0298,0.3106
DIAMONDS TWO HEARTS QUEEN,0.4354,0.0134,0.5512
DIAMONDS TWO HEARTS SEVEN,0.6772,0.0276,0.2952
DIAMONDS TWO HEARTS KING,0.4432,0.0078,0.549
DIAMONDS TWO HEARTS ACE,0.423,0.0048,0.5722
DIAMONDS TWO HEARTS NINE,0.6446,0.0204,0.335
DIAMONDS TWO DIAMONDS QUEEN,0.4146,0.0086,0.5768
DIAMONDS TWO HEARTS TWO,0.4396,0.0526,0.5078
DIAMONDS TWO DIAMONDS KING,0.4018,0.0092,0.589
HEARTS THREE DIAMONDS TWO,0.6458,0.0298,0.3244
DIAMONDS TWO DIAMONDS ACE,0.4022,0.0032,0.5946
HEARTS FOUR DIAMONDS TWO,0.6356,0.0292,0.3352
DIAMONDS TWO HEARTS FIVE,0.6356,0.0252,0.3392
SPADES SEVEN HEARTS ACE,0.4196,0.0038,0.5766
DIAMONDS TWO DIAMONDS TEN,0.5272,0.2002,0.2726
SPADES SEVEN HEARTS KING,0.4246,0.0064,0.569
DIAMONDS TWO DIAMONDS JACK,0.416,0.015,0.569
SPADES SEVEN HEARTS QUEEN,0.4312,0.0098,0.559
DIAMONDS TWO SPADES NINE,0.6494,0.0238,0.3268
DIAMONDS TWO SPADES EIGHT,0.7088,0.0822,0.209
DIAMONDS TWO SPADES SEVEN,0.678,0.0242,0.2978
DIAMONDS TWO SPADES SIX,0.6596,0.0246,0.3158
DIAMONDS TWO SPADES FIVE,0.6426,0.023,0.3344
DIAMONDS TWO SPADES FOUR,0.638,0.0264,0.3356
DIAMONDS TWO SPADES THREE,0.644,0.0302,0.3258
DIAMONDS TWO SPADES TWO,0.4564,0.0522,0.4914
CLUBS NINE DIAMONDS TWO,0.645,0.0224,0.3326
DIAMONDS TWO CLUBS EIGHT,0.6802,0.0914,0.2284
CLUBS SEVEN DIAMONDS TWO,0.6688,0.0224,0.3088
DIAMONDS TWO CLUBS SIX,0.6552,0.023,0.3218
DIAMONDS TWO CLUBS FIVE,0.6412,0.0262,0.3326
DIAMONDS TWO CLUBS FOUR,0.6408,0.0252,0.334
CLUBS FOUR SPADES FIVE,0.6224,0.028,0.3496
CLUBS FOUR SPADES FOUR,0.454,0.0456,0.5004
CLUBS FOUR SPADES THREE,0.635,0.0278,0.3372
CLUBS FOUR SPADES TWO,0.6396,0.0278,0.3326
SPADES NINE CLUBS FOUR,0.6612,0.0244,0.3144
SPADES EIGHT CLUBS FOUR,0.6844,0.083,0.2326
SPADES SEVEN CLUBS FOUR,0.656,0.0274,0.3166
SPADES SIX CLUBS FOUR,0.6298,0.0248,0.3454
SPADES ACE DIAMONDS SIX,0.4054,0.0044,0.5902
SPADES QUEEN DIAMONDS SIX,0.4118,0.0114,0.5768
SPADES KING DIAMONDS SIX,0.4156,0.007,0.5774
SPADES JACK DIAMONDS SIX,0.4184,0.0192,0.5624
SPADES QUEEN SPADES TWO,0.4032,0.011,0.5858
SPADES KING SPADES TWO,0.4062,0.0082,0.5856
SPADES ACE SPADES TWO,0.4064,0.0056,0.588
DIAMONDS JACK CLUBS JACK,0.1612,0.0212,0.8176
CLUBS TEN DIAMONDS JACK,0.2478,0.0528,0.6994
DIAMONDS JACK CLUBS KING,0.3354,0.006,0.6586
DIAMONDS JACK CLUBS QUEEN,0.3314,0.0074,0.6612
DIAMONDS THREE DIAMONDS JACK,0.4038,0.016,0.5802
DIAMONDS THREE DIAMONDS TEN,0.5172,0.211,0.2718
DIAMONDS JACK CLUBS ACE,0.3604,0.0046,0.635
DIAMONDS THREE DIAMONDS KING,0.4022,0.0032,0.5946
HEARTS THREE DIAMONDS THREE,0.4518,0.0514,0.4968
DIAMONDS THREE DIAMONDS QUEEN,0.4118,0.0092,0.579
DIAMONDS THREE HEARTS TWO,0.6316,0.0196,0.3488
HEARTS FIVE DIAMONDS THREE,0.6326,0.0214,0.346
DIAMONDS THREE DIAMONDS ACE,0.4034,0.0034,0.5932
HEARTS FOUR DIAMONDS THREE,0.6234,0.028,0.3486
DIAMONDS THREE HEARTS SEVEN,0.6536,0.0256,0.3208
HEARTS SIX DIAMONDS THREE,0.6392,0.0238,0.337
SPADES JACK SPADES NINE,0.345,0.0138,0.6412
DIAMONDS THREE HEARTS NINE,0.633,0.0246,0.3424
HEARTS JACK DIAMONDS FOUR,0.4322,0.0176,0.5502
HEARTS ACE HEARTS KING,0.3386,0.0052,0.6562
HEARTS TEN DIAMONDS FOUR,0.5478,0.224,0.2282
SPADES JACK SPADES TWO,0.4226,0.0192,0.5582
HEARTS QUEEN DIAMONDS FOUR,0.4382,0.014,0.5478
HEARTS KING DIAMONDS FOUR,0.427,0.0108,0.5622
SPADES ACE SPADES NINE,0.3742,0.0044,0.6214
HEARTS ACE DIAMONDS FOUR,0.423,0.0042,0.5728
SPADES KING SPADES NINE,0.3784,0.0082,0.6134
SPADES QUEEN SPADES NINE,0.3654,0.0098,0.6248
DIAMONDS THREE SPADES NINE,0.6434,0.0216,0.335
DIAMONDS THREE SPADES EIGHT,0.7066,0.0834,0.21
DIAMONDS THREE SPADES SEVEN,0.6596,0.029,0.3114
DIAMONDS THREE SPADES SIX,0.6468,0.0258,0.3274
DIAMONDS THREE CLUBS SIX,0.6304,0.0238,0.3458
CLUBS FIVE CLUBS SIX,0.5848,0.0228,0.3924
CLUBS ACE DIAMONDS FOUR,0.432,0.0042,0.5638
CLUBS SEVEN DIAMONDS THREE,0.6534,0.026,0.3206
CLUBS SEVEN CLUBS FIVE,0.596,0.0212,0.3828
DIAMONDS THREE CLUBS FOUR,0.6204,0.0266,0.353
DIAMONDS FOUR CLUBS QUEEN,0.4282,0.0092,0.5626
DIAMONDS THREE CLUBS FIVE,0.617,0.0302,0.3528
CLUBS KING DIAMONDS FOUR,0.4212,0.0074,0.5714
DIAMONDS THREE CLUBS TWO,0.6428,0.0264,0.3308
CLUBS TEN DIAMONDS FOUR,0.5462,0.226,0.2278
DIAMONDS THREE CLUBS THREE,0.4476,0.0498,0.5026
DIAMONDS FOUR CLUBS JACK,0.4284,0.0162,0.5554
DIAMONDS THREE SPADES FOUR,0.6218,0.026,0.3522
DIAMONDS THREE SPADES FIVE,0.6394,0.027,0.3336
DIAMONDS THREE SPADES TWO,0.6424,0.0248,0.3328
DIAMONDS THREE SPADES THREE,0.4494,0.0482,0.5024
CLUBS EIGHT DIAMONDS THREE,0.6988,0.079,0.2222
CLUBS NINE DIAMONDS THREE,0.6596,0.0324,0.308
SPADES SEVEN CLUBS ACE,0.4198,0.0042,0.576
SPADES SEVEN CLUBS QUEEN,0.4224,0.0092,0.5684
SPADES SEVEN CLUBS KING,0.4164,0.0086,0.575
CLUBS FIVE SPADES SEVEN,0.6464,0.0252,0.3284
CLUBS TEN SPADES SEVEN,0.5508,0.2278,0.2214
CLUBS FIVE SPADES SIX,0.6172,0.0202,0.3626
SPADES SEVEN CLUBS JACK,0.404,0.0164,0.5796
SPADES NINE CLUBS FIVE,0.6422,0.0248,0.333
CLUBS FIVE SPADES EIGHT,0.6938,0.08,0.2262
CLUBS FIVE SPADES THREE,0.6338,0.0244,0.3418
CLUBS FIVE SPADES TWO,0.6386,0.0284,0.333
CLUBS FIVE SPADES FIVE,0.4332,0.0466,0.5202
CLUBS FIVE SPADES FOUR,0.6078,0.0266,0.3656
CLUBS NINE CLUBS FIVE,0.5954,0.0208,0.3838
CLUBS EIGHT CLUBS FIVE,0.6442,0.0704,0.2854
CLUBS ACE CLUBS QUEEN,0.33,0.0042,0.6658
CLUBS KING CLUBS QUEEN,0.3296,0.007,0.6634
DIAMONDS TEN DIAMONDS FOUR,0.5268,0.2118,0.2614
CLUBS TEN DIAMONDS NINE,0.2428,0.1692,0.588
DIAMONDS JACK DIAMONDS FOUR,0.4018,0.0182,0.58
DIAMONDS NINE CLUBS JACK,0.3642,0.0124,0.6234
SPADES NINE CLUBS JACK,0.3612,0.0136,0.6252
CLUBS TEN SPADES NINE,0.2316,0.1732,0.5952
DIAMONDS ACE DIAMONDS FOUR,0.4048,0.0028,0.5924
HEARTS FOUR DIAMONDS FOUR,0.4438,0.0422,0.514
DIAMONDS JACK HEARTS TEN,0.2394,0.0632,0.6974
SPADES NINE CLUBS KING,0.385,0.0076,0.6074
DIAMONDS NINE CLUBS ACE,0.4002,0.005,0.5948
HEARTS FIVE DIAMONDS FOUR,0.6216,0.0252,0.3532
DIAMONDS JACK HEARTS JACK,0.158,0.023,0.819
SPADES NINE CLUBS QUEEN,0.372,0.0118,0.6162
DIAMONDS TWO SPADES JACK,0.4324,0.0156,0.552
DIAMONDS QUEEN DIAMONDS FOUR,0.3952,0.0122,0.5926
HEARTS TWO DIAMONDS FOUR,0.6342,0.0278,0.338
DIAMONDS NINE CLUBS QUEEN,0.3834,0.0076,0.609
DIAMONDS KING DIAMONDS FOUR,0.4054,0.0048,0.5898
HEARTS THREE DIAMONDS FOUR,0.6348,0.0234,0.3418
SPADES NINE CLUBS ACE,0.3882,0.0042,0.6076
DIAMONDS NINE CLUBS KING,0.4018,0.006,0.5922
HEARTS ACE DIAMONDS JACK,0.3574,0.0056,0.637
SPADES ACE DIAMONDS TWO,0.4238,0.004,0.5722
HEARTS QUEEN DIAMONDS JACK,0.3292,0.0108,0.66
SPADES QUEEN DIAMONDS TWO,0.4272,0.01,0.5628
DIAMONDS JACK HEARTS KING,0.3448,0.0066,0.6486
SPADES KING DIAMONDS TWO,0.4274,0.008,0.5646
SPADES JACK SPADES SEVEN,0.3912,0.0154,0.5934
CLUBS SEVEN CLUBS THREE,0.6288,0.0272,0.344
CLUBS SIX CLUBS THREE,0.5916,0.026,0.3824
CLUBS FIVE CLUBS THREE,0.5892,0.0246,0.3862
CLUBS THREE CLUBS FOUR,0.5898,0.0248,0.3854
CLUBS NINE CLUBS THREE,0.607,0.0232,0.3698
CLUBS EIGHT CLUBS THREE,0.658,0.0732,0.2688
CLUBS THREE SPADES FIVE,0.6242,0.0268,0.349
CLUBS THREE SPADES FOUR,0.6324,0.0256,0.342
CLUBS THREE SPADES THREE,0.4482,0.047,0.5048
CLUBS THREE SPADES TWO,0.6422,0.0262,0.3316
CLUBS THREE SPADES SIX,0.6486,0.0284,0.323
SPADES SEVEN CLUBS THREE,0.6628,0.024,0.3132
SPADES EIGHT CLUBS THREE,0.7008,0.079,0.2202
SPADES NINE CLUBS THREE,0.6394,0.027,0.3336
SPADES TWO DIAMONDS FOUR,0.6454,0.025,0.3296
SPADES THREE DIAMONDS FOUR,0.6234,0.028,0.3486
SPADES FOUR DIAMONDS FOUR,0.445,0.0452,0.5098
SPADES FIVE DIAMONDS FOUR,0.6134,0.0276,0.359
SPADES SIX DIAMONDS FOUR,0.6208,0.0252,0.354
SPADES SEVEN DIAMONDS FOUR,0.6534,0.024,0.3226
SPADES EIGHT DIAMONDS FOUR,0.6858,0.0748,0.2394
SPADES NINE DIAMONDS FOUR,0.646,0.0242,0.3298
CLUBS FIVE DIAMONDS FOUR,0.6134,0.026,0.3606
CLUBS FOUR DIAMONDS FOUR,0.4384,0.0504,0.5112
CLUBS SEVEN DIAMONDS FOUR,0.6272,0.0236,0.3492
CLUBS SIX DIAMONDS FOUR,0.6272,0.026,0.3468
CLUBS NINE DIAMONDS FOUR,0.6512,0.022,0.3268
CLUBS EIGHT DIAMONDS FOUR,0.6684,0.0834,0.2482
DIAMONDS FOUR HEARTS SEVEN,0.6532,0.0272,0.3196
HEARTS SIX DIAMONDS FOUR,0.6328,0.0256,0.3416
DIAMONDS FOUR HEARTS NINE,0.6392,0.025,0.3358
CLUBS THREE DIAMONDS FOUR,0.6202,0.0266,0.3532
CLUBS TWO DIAMONDS FOUR,0.631,0.0272,0.3418
DIAMONDS TEN DIAMONDS FIVE,0.5202,0.2106,0.2692
DIAMONDS JACK DIAMONDS FIVE,0.411,0.016,0.573
DIAMONDS NINE HEARTS QUEEN,0.3712,0.0128,0.616
DIAMONDS NINE HEARTS KING,0.3814,0.0072,0.6114
HEARTS ACE DIAMONDS NINE,0.4038,0.0044,0.5918
DIAMONDS NINE HEARTS TEN,0.227,0.1634,0.6096
DIAMONDS NINE HEARTS JACK,0.3474,0.0182,0.6344
CLUBS KING DIAMONDS SIX,0.4234,0.0052,0.5714
CLUBS QUEEN DIAMONDS SIX,0.4296,0.0094,0.561
CLUBS ACE DIAMONDS SIX,0.4198,0.0024,0.5778
SPADES KING DIAMONDS FOUR,0.4274,0.0076,0.565
SPADES ACE SPADES SEVEN,0.3956,0.0034,0.601
SPADES QUEEN DIAMONDS FOUR,0.4274,0.0102,0.5624
SPADES QUEEN SPADES SEVEN,0.4086,0.0118,0.5796
CLUBS JACK DIAMONDS SIX,0.424,0.0148,0.5612
SPADES KING SPADES SEVEN,0.3996,0.0058,0.5946
SPADES ACE DIAMONDS FOUR,0.4168,0.004,0.5792
CLUBS TEN DIAMONDS SIX,0.5484,0.2216,0.23
CLUBS NINE CLUBS FOUR,0.5982,0.0256,0.3762
CLUBS EIGHT CLUBS FOUR,0.6382,0.0782,0.2836
SPADES JACK DIAMONDS FOUR,0.4318,0.0158,0.5524
CLUBS FIVE CLUBS FOUR,0.5688,0.0286,0.4026
CLUBS SEVEN CLUBS FOUR,0.5918,0.0232,0.385
CLUBS SIX CLUBS FOUR,0.5872,0.0214,0.3914
CLUBS SEVEN SPADES EIGHT,0.6702,0.078,0.2518
CLUBS SEVEN SPADES NINE,0.625,0.0254,0.3496
CLUBS SEVEN SPADES SIX,0.6232,0.0276,0.3492
CLUBS SEVEN SPADES SEVEN,0.4208,0.04,0.5392
CLUBS SEVEN SPADES FIVE,0.625,0.0278,0.3472
CLUBS SEVEN SPADES FOUR,0.639,0.0272,0.3338
CLUBS SEVEN SPADES THREE,0.6724,0.0282,0.2994
CLUBS SEVEN SPADES TWO,0.6704,0.0286,0.301
CLUBS NINE CLUBS SEVEN,0.5834,0.0262,0.3904
CLUBS SEVEN CLUBS EIGHT,0.6182,0.0766,0.3052
HEARTS SIX DIAMONDS FIVE,0.611,0.0246,0.3644
DIAMONDS FIVE HEARTS SEVEN,0.6346,0.0278,0.3376
DIAMONDS FIVE HEARTS NINE,0.624,0.026,0.35
DIAMONDS QUEEN DIAMONDS FIVE,0.415,0.0108,0.5742
HEARTS TWO DIAMONDS FIVE,0.6358,0.0252,0.339
DIAMONDS KING DIAMONDS FIVE,0.3946,0.006,0.5994
HEARTS THREE DIAMONDS FIVE,0.6264,0.0274,0.3462
DIAMONDS ACE DIAMONDS FIVE,0.3972,0.0026,0.6002
HEARTS FOUR DIAMONDS FIVE,0.6104,0.025,0.3646
HEARTS FIVE DIAMONDS FIVE,0.4574,0.0488,0.4938
CLUBS FOUR DIAMONDS FIVE,0.6076,0.0274,0.365
CLUBS FIVE DIAMONDS FIVE,0.4416,0.0412,0.5172
CLUBS SIX DIAMONDS FIVE,0.6084,0.0238,0.3678
CLUBS SEVEN DIAMONDS FIVE,0.6256,0.0234,0.351
CLUBS TWO DIAMONDS FIVE,0.627,0.026,0.347
CLUBS THREE DIAMONDS FIVE,0.6232,0.0256,0.3512
SPADES THREE DIAMONDS FIVE,0.64,0.0282,0.3318
SPADES TWO DIAMONDS FIVE,0.637,0.0282,0.3348
SPADES JACK DIAMONDS EIGHT,0.2502,0.0582,0.6916
SPADES FIVE DIAMONDS FIVE,0.4444,0.0452,0.5104
CLUBS TEN HEARTS JACK,0.2334,0.0518,0.7148
SPADES FOUR DIAMONDS FIVE,0.6054,0.0284,0.3662
HEARTS JACK CLUBS JACK,0.1556,0.0184,0.826
HEARTS JACK CLUBS QUEEN,0.337,0.0128,0.6502
CLUBS NINE DIAMONDS FIVE,0.634,0.0214,0.3446
CLUBS KING HEARTS JACK,0.3408,0.0066,0.6526
CLUBS EIGHT DIAMONDS FIVE,0.6872,0.0736,0.2392
CLUBS ACE HEARTS JACK,0.3442,0.0042,0.6516
SPADES SEVEN DIAMONDS FIVE,0.6478,0.0238,0.3284
SPADES KING DIAMONDS EIGHT,0.267,0.029,0.704
SPADES SIX DIAMONDS FIVE,0.63,0.0258,0.3442
SPADES QUEEN DIAMONDS EIGHT,0.2644,0.039,0.6966
SPADES NINE DIAMONDS FIVE,0.6456,0.0226,0.3318
SPADES EIGHT DIAMONDS FIVE,0.6822,0.0856,0.2322
SPADES ACE DIAMONDS EIGHT,0.2794,0.021,0.6996
DIAMONDS TEN DIAMONDS SIX,0.5312,0.2088,0.26
HEARTS ACE DIAMONDS SEVEN,0.4084,0.0036,0.588
DIAMONDS JACK DIAMONDS SIX,0.4006,0.0116,0.5878
HEARTS QUEEN DIAMONDS SEVEN,0.415,0.012,0.573
HEARTS KING DIAMONDS SEVEN,0.4232,0.0072,0.5696
DIAMONDS ACE DIAMONDS SIX,0.3956,0.0036,0.6008
HEARTS FOUR DIAMONDS SIX,0.6334,0.0242,0.3424
SPADES TWO HEARTS JACK,0.4232,0.0194,0.5574
HEARTS FIVE DIAMONDS SIX,0.619,0.024,0.357
SPADES TWO HEARTS TEN,0.5688,0.2176,0.2136
DIAMONDS QUEEN DIAMONDS SIX,0.3972,0.0098,0.593
HEARTS TWO DIAMONDS SIX,0.6434,0.0264,0.3302
DIAMONDS KING DIAMONDS SIX,0.4004,0.005,0.5946
HEARTS THREE DIAMONDS SIX,0.6446,0.0234,0.332
HEARTS NINE DIAMONDS SIX,0.6268,0.025,0.3482
HEARTS SIX DIAMONDS SIX,0.4224,0.044,0.5336
HEARTS SEVEN DIAMONDS SIX,0.6218,0.0298,0.3484
HEARTS TEN DIAMONDS SEVEN,0.559,0.2152,0.2258
CLUBS TWO DIAMONDS SIX,0.645,0.0234,0.3316
HEARTS JACK DIAMONDS SEVEN,0.401,0.017,0.582
CLUBS THREE DIAMONDS SIX,0.6396,0.0254,0.335
CLUBS SEVEN DIAMONDS SIX,0.6192,0.0234,0.3574
DIAMONDS EIGHT CLUBS JACK,0.256,0.0588,0.6852
CLUBS SIX DIAMONDS SIX,0.4268,0.048,0.5252
CLUBS TEN DIAMONDS EIGHT,0.0194,0.9602,0.0204
CLUBS FIVE DIAMONDS SIX,0.6152,0.025,0.3598
CLUBS FOUR DIAMONDS SIX,0.6178,0.0316,0.3506
HEARTS ACE HEARTS JACK,0.3376,0.0054,0.657
DIAMONDS EIGHT CLUBS ACE,0.2894,0.0218,0.6888
HEARTS QUEEN HEARTS JACK,0.312,0.009,0.679
DIAMONDS EIGHT CLUBS KING,0.28,0.0266,0.6934
CLUBS NINE DIAMONDS SIX,0.6302,0.0232,0.3466
HEARTS KING HEARTS JACK,0.3388,0.0084,0.6528
DIAMONDS EIGHT CLUBS QUEEN,0.26,0.0384,0.7016
CLUBS EIGHT DIAMONDS SIX,0.6692,0.0774,0.2534
SPADES FIVE DIAMONDS SIX,0.618,0.0248,0.3572
HEARTS ACE SPADES TWO,0.4284,0.0052,0.5664
SPADES JACK HEARTS KING,0.3384,0.009,0.6526
SPADES FOUR DIAMONDS SIX,0.6122,0.0264,0.3614
SPADES THREE DIAMONDS SIX,0.6562,0.0282,0.3156
HEARTS QUEEN SPADES TWO,0.437,0.009,0.554
SPADES ACE SPADES KING,0.3288,0.0032,0.668
SPADES TWO HEARTS KING,0.4202,0.008,0.5718
SPADES TWO DIAMONDS SIX,0.647,0.0288,0.3242
SPADES NINE DIAMONDS SIX,0.6258,0.0254,0.3488
SPADES EIGHT DIAMONDS SIX,0.6756,0.0764,0.248
SPADES SEVEN DIAMONDS SIX,0.62,0.022,0.358
SPADES SIX DIAMONDS SIX,0.4326,0.0488,0.5186
SPADES KING HEARTS KING,0.1642,0.0102,0.8256
SPADES QUEEN HEARTS KING,0.3442,0.007,0.6488
CLUBS ACE CLUBS KING,0.3372,0.0042,0.6586
SPADES ACE HEARTS KING,0.3582,0.003,0.6388
SPADES ACE HEARTS JACK,0.3426,0.0038,0.6536
SPADES QUEEN HEARTS JACK,0.3222,0.0114,0.6664
SPADES KING HEARTS JACK,0.3384,0.0066,0.655
SPADES JACK DIAMONDS TEN,0.2442,0.054,0.7018
SPADES ACE DIAMONDS TEN,0.2662,0.0238,0.71
SPADES JACK HEARTS JACK,0.1562,0.0204,0.8234
SPADES QUEEN DIAMONDS TEN,0.2602,0.04,0.6998
SPADES KING DIAMONDS TEN,0.254,0.0326,0.7134
SPADES NINE DIAMONDS SEVEN,0.6236,0.0254,0.351
SPADES EIGHT DIAMONDS SEVEN,0.6656,0.075,0.2594
SPADES SEVEN DIAMONDS SEVEN,0.4156,0.0408,0.5436
SPADES SIX DIAMONDS SEVEN,0.63,0.0248,0.3452
DIAMONDS KING DIAMONDS SEVEN,0.385,0.0076,0.6074
HEARTS THREE DIAMONDS SEVEN,0.6536,0.0256,0.3208
HEARTS KING DIAMONDS FIVE,0.4132,0.0072,0.5796
DIAMONDS QUEEN DIAMONDS SEVEN,0.3924,0.0092,0.5984
HEARTS TWO DIAMONDS SEVEN,0.676,0.0234,0.3006
HEARTS QUEEN DIAMONDS FIVE,0.44,0.0128,0.5472
HEARTS FIVE DIAMONDS SEVEN,0.64,0.0262,0.3338
DIAMONDS ACE DIAMONDS SEVEN,0.3896,0.0022,0.6082
HEARTS FOUR DIAMONDS SEVEN,0.658,0.0234,0.3186
HEARTS ACE DIAMONDS FIVE,0.4234,0.0044,0.5722
HEARTS SEVEN DIAMONDS SEVEN,0.4274,0.048,0.5246
HEARTS SIX DIAMONDS SEVEN,0.6302,0.022,0.3478
DIAMONDS SEVEN HEARTS NINE,0.6186,0.0244,0.357
DIAMONDS JACK DIAMONDS SEVEN,0.38,0.0146,0.6054
DIAMONDS FIVE HEARTS JACK,0.4174,0.0156,0.567
DIAMONDS TEN DIAMONDS SEVEN,0.5178,0.2184,0.2638
HEARTS TEN DIAMONDS FIVE,0.5564,0.2172,0.2264
SPADES KING CLUBS TWO,0.4356,0.0082,0.5562
HEARTS KING CLUBS KING,0.1714,0.0126,0.816
CLUBS EIGHT DIAMONDS SEVEN,0.669,0.0704,0.2606
SPADES QUEEN CLUBS TWO,0.4146,0.014,0.5714
HEARTS KING CLUBS QUEEN,0.3542,0.0048,0.641
CLUBS NINE DIAMONDS SEVEN,0.6268,0.0254,0.3478
SPADES TWO CLUBS JACK,0.4414,0.02,0.5386
SPADES ACE CLUBS TWO,0.4242,0.0032,0.5726
CLUBS TEN SPADES TWO,0.5518,0.2256,0.2226
HEARTS KING CLUBS ACE,0.3506,0.0046,0.6448
CLUBS SEVEN CLUBS SIX,0.5792,0.0196,0.4012
SPADES TWO CLUBS KING,0.4398,0.0068,0.5534
SPADES TWO DIAMONDS SEVEN,0.6646,0.0296,0.3058
CLUBS EIGHT CLUBS SIX,0.634,0.0752,0.2908
SPADES THREE DIAMONDS SEVEN,0.6628,0.0276,0.3096
SPADES TWO CLUBS QUEEN,0.4394,0.0104,0.5502
CLUBS NINE CLUBS SIX,0.5982,0.024,0.3778
SPADES FOUR DIAMONDS SEVEN,0.6502,0.0254,0.3244
HEARTS KING CLUBS JACK,0.3436,0.0068,0.6496
SPADES FIVE DIAMONDS SEVEN,0.6312,0.023,0.3458
SPADES TWO CLUBS ACE,0.4558,0.0038,0.5404
CLUBS TEN HEARTS KING,0.2426,0.0342,0.7232
CLUBS SIX SPADES TWO,0.6528,0.023,0.3242
CLUBS SIX SPADES THREE,0.6422,0.0268,0.331
CLUBS TWO DIAMONDS SEVEN,0.6644,0.0262,0.3094
CLUBS SIX SPADES FOUR,0.6228,0.026,0.3512
CLUBS THREE DIAMONDS SEVEN,0.6494,0.0258,0.3248
CLUBS SIX SPADES FIVE,0.609,0.0282,0.3628
CLUBS FOUR DIAMONDS SEVEN,0.6324,0.0254,0.3422
CLUBS SIX SPADES SIX,0.4316,0.0478,0.5206
CLUBS FIVE DIAMONDS SEVEN,0.6294,0.0264,0.3442
CLUBS SIX SPADES SEVEN,0.6296,0.0252,0.3452
CLUBS SIX DIAMONDS SEVEN,0.6208,0.0276,0.3516
SPADES EIGHT CLUBS SIX,0.6956,0.0714,0.233
SPADES JACK CLUBS TWO,0.4228,0.0194,0.5578
CLUBS SEVEN DIAMONDS SEVEN,0.4182,0.0422,0.5396
SPADES NINE CLUBS SIX,0.6304,0.029,0.3406
CLUBS TWO CLUBS QUEEN,0.4116,0.0102,0.5782
CLUBS TWO CLUBS KING,0.4144,0.0074,0.5782
CLUBS THREE DIAMONDS EIGHT,0.704,0.0718,0.2242
CLUBS TWO CLUBS ACE,0.4038,0.0042,0.592
CLUBS TWO DIAMONDS EIGHT,0.6998,0.0778,0.2224
DIAMONDS EIGHT HEARTS SEVEN,0.6804,0.075,0.2446
HEARTS SIX DIAMONDS EIGHT,0.6732,0.077,0.2498
DIAMONDS EIGHT HEARTS NINE,0.6712,0.0702,0.2586
CLUBS TEN CLUBS TWO,0.5006,0.218,0.2814
CLUBS TWO CLUBS JACK,0.4064,0.0172,0.5764
CLUBS NINE DIAMONDS EIGHT,0.6684,0.0712,0.2604
CLUBS EIGHT DIAMONDS EIGHT,0.325,0.047,0.628
CLUBS FIVE DIAMONDS EIGHT,0.6902,0.074,0.2358
SPADES ACE SPADES THREE,0.4086,0.0052,0.5862
CLUBS FOUR DIAMONDS EIGHT,0.6802,0.0824,0.2374
CLUBS SEVEN DIAMONDS EIGHT,0.6602,0.078,0.2618
SPADES QUEEN SPADES THREE,0.4244,0.011,0.5646
CLUBS SIX DIAMONDS EIGHT,0.6706,0.0718,0.2576
SPADES KING SPADES THREE,0.3984,0.0088,0.5928
DIAMONDS QUEEN DIAMONDS EIGHT,0.2588,0.0348,0.7064
HEARTS TWO DIAMONDS EIGHT,0.708,0.0794,0.2126
DIAMONDS KING DIAMONDS EIGHT,0.2624,0.0256,0.712
HEARTS THREE DIAMONDS EIGHT,0.691,0.0792,0.2298
DIAMONDS ACE DIAMONDS EIGHT,0.262,0.0198,0.7182
HEARTS FOUR DIAMONDS EIGHT,0.695,0.0712,0.2338
HEARTS FIVE DIAMONDS EIGHT,0.6904,0.0784,0.2312
DIAMONDS EIGHT DIAMONDS TEN,0.0238,0.9012,0.075
DIAMONDS EIGHT DIAMONDS JACK,0.2496,0.0468,0.7036
SPADES JACK SPADES THREE,0.415,0.019,0.566
CLUBS FOUR HEARTS ACE,0.4292,0.0046,0.5662
CLUBS FOUR HEARTS QUEEN,0.4172,0.0096,0.5732
CLUBS FOUR HEARTS KING,0.4334,0.0058,0.5608
CLUBS SIX HEARTS TEN,0.5528,0.2194,0.2278
CLUBS SIX HEARTS JACK,0.4404,0.0124,0.5472
SPADES FOUR DIAMONDS EIGHT,0.6742,0.0882,0.2376
SPADES FIVE DIAMONDS EIGHT,0.688,0.0826,0.2294
DIAMONDS EIGHT SPADES TWO,0.7118,0.0844,0.2038
DIAMONDS EIGHT SPADES THREE,0.7068,0.08,0.2132
CLUBS FOUR HEARTS JACK,0.4214,0.0174,0.5612
SPADES EIGHT DIAMONDS EIGHT,0.314,0.0456,0.6404
CLUBS FOUR HEARTS TEN,0.5408,0.2226,0.2366
SPADES NINE DIAMONDS EIGHT,0.675,0.068,0.257
SPADES JACK HEARTS TWO,0.4416,0.014,0.5444
SPADES JACK DIAMONDS QUEEN,0.3432,0.0088,0.648
SPADES SIX DIAMONDS EIGHT,0.6866,0.075,0.2384
SPADES SEVEN DIAMONDS EIGHT,0.6698,0.079,0.2512
SPADES ACE HEARTS TWO,0.4226,0.0072,0.5702
SPADES ACE DIAMONDS QUEEN,0.3524,0.0052,0.6424
SPADES QUEEN HEARTS TWO,0.4374,0.013,0.5496
SPADES QUEEN DIAMONDS QUEEN,0.1728,0.0154,0.8118
SPADES KING DIAMONDS QUEEN,0.3602,0.0074,0.6324
SPADES KING HEARTS TWO,0.4328,0.0088,0.5584
CLUBS TWO HEARTS TEN,0.5508,0.2354,0.2138
CLUBS TWO HEARTS JACK,0.4382,0.0174,0.5444
SPADES SEVEN DIAMONDS NINE,0.6148,0.0254,0.3598
SPADES SIX DIAMONDS NINE,0.6314,0.0274,0.3412
SPADES NINE DIAMONDS NINE,0.3016,0.0428,0.6556
SPADES EIGHT DIAMONDS NINE,0.6746,0.0706,0.2548
DIAMONDS NINE SPADES THREE,0.654,0.0272,0.3188
SPADES JACK CLUBS KING,0.3364,0.0084,0.6552
DIAMONDS NINE SPADES TWO,0.6406,0.0262,0.3332
SPADES FIVE DIAMONDS NINE,0.641,0.025,0.334
DIAMONDS NINE SPADES FOUR,0.6548,0.024,0.3212
CLUBS NINE DIAMONDS NINE,0.2934,0.0384,0.6682
CLUBS EIGHT DIAMONDS NINE,0.6726,0.0754,0.252
CLUBS SIX DIAMONDS NINE,0.6282,0.0246,0.3472
SPADES JACK CLUBS FOUR,0.4258,0.0146,0.5596
CLUBS SEVEN DIAMONDS NINE,0.61,0.0234,0.3666
CLUBS FOUR DIAMONDS NINE,0.6374,0.0258,0.3368
CLUBS FIVE DIAMONDS NINE,0.625,0.0242,0.3508
DIAMONDS NINE CLUBS TWO,0.649,0.0268,0.3242
CLUBS THREE DIAMONDS NINE,0.6448,0.0252,0.33
DIAMONDS NINE HEARTS NINE,0.2822,0.0422,0.6756
HEARTS SIX DIAMONDS NINE,0.6218,0.0294,0.3488
DIAMONDS NINE HEARTS SEVEN,0.6264,0.0268,0.3468
CLUBS NINE CLUBS EIGHT,0.635,0.0634,0.3016
DIAMONDS ACE DIAMONDS NINE,0.3606,0.0028,0.6366
HEARTS FOUR DIAMONDS NINE,0.6432,0.0252,0.3316
HEARTS FIVE DIAMONDS NINE,0.6424,0.0208,0.3368
HEARTS ACE CLUBS TWO,0.4224,0.0052,0.5724
SPADES ACE CLUBS FOUR,0.4272,0.004,0.5688
DIAMONDS QUEEN DIAMONDS NINE,0.3444,0.0088,0.6468
HEARTS TWO DIAMONDS NINE,0.6482,0.0246,0.3272
CLUBS TWO HEARTS KING,0.4358,0.0098,0.5544
SPADES KING CLUBS FOUR,0.441,0.0066,0.5524
DIAMONDS KING DIAMONDS NINE,0.366,0.007,0.627
HEARTS THREE DIAMONDS NINE,0.6484,0.0244,0.3272
CLUBS TWO HEARTS QUEEN,0.4384,0.0112,0.5504
SPADES QUEEN CLUBS FOUR,0.439,0.0088,0.5522
DIAMONDS NINE DIAMONDS JACK,0.3368,0.0166,0.6466
CLUBS EIGHT SPADES NINE,0.674,0.0788,0.2472
DIAMONDS NINE DIAMONDS TEN,0.2144,0.1598,0.6258
CLUBS EIGHT SPADES EIGHT,0.328,0.0444,0.6276
CLUBS EIGHT SPADES SEVEN,0.673,0.0814,0.2456
CLUBS EIGHT SPADES SIX,0.676,0.0738,0.2502
CLUBS EIGHT SPADES FIVE,0.68,0.0798,0.2402
CLUBS EIGHT SPADES FOUR,0.6856,0.0828,0.2316
CLUBS EIGHT SPADES THREE,0.6988,0.0856,0.2156
CLUBS EIGHT SPADES TWO,0.6966,0.0814,0.222
HEARTS SIX DIAMONDS TEN,0.5476,0.2298,0.2226
DIAMONDS TEN HEARTS SEVEN,0.5452,0.2368,0.218
CLUBS FOUR CLUBS JACK,0.404,0.0144,0.5816
DIAMONDS TEN HEARTS NINE,0.2244,0.169,0.6066
CLUBS TEN CLUBS FOUR,0.5184,0.216,0.2656
CLUBS FOUR CLUBS KING,0.3962,0.0064,0.5974
CLUBS FOUR CLUBS QUEEN,0.412,0.01,0.578
CLUBS TWO DIAMONDS TEN,0.552,0.2256,0.2224
CLUBS THREE DIAMONDS TEN,0.5572,0.2186,0.2242
CLUBS FOUR CLUBS ACE,0.399,0.0038,0.5972
DIAMONDS JACK DIAMONDS TEN,0.23,0.0498,0.7202
DIAMONDS QUEEN DIAMONDS TEN,0.235,0.0392,0.7258
HEARTS TWO DIAMONDS TEN,0.5508,0.227,0.2222
DIAMONDS KING DIAMONDS TEN,0.24,0.0306,0.7294
HEARTS THREE DIAMONDS TEN,0.557,0.229,0.214
DIAMONDS ACE DIAMONDS TEN,0.2428,0.023,0.7342
HEARTS FOUR DIAMONDS TEN,0.5628,0.2234,0.2138
CLUBS EIGHT HEARTS JACK,0.2428,0.0532,0.704
HEARTS FIVE DIAMONDS TEN,0.5646,0.2146,0.2208
CLUBS EIGHT HEARTS TEN,0.0126,0.9702,0.0172
CLUBS EIGHT HEARTS QUEEN,0.2692,0.0444,0.6864
CLUBS EIGHT HEARTS KING,0.2716,0.0322,0.6962
CLUBS EIGHT HEARTS ACE,0.2752,0.0238,0.701
CLUBS NINE SPADES THREE,0.6408,0.0258,0.3334
CLUBS NINE SPADES TWO,0.656,0.0274,0.3166
CLUBS NINE SPADES FIVE,0.629,0.0274,0.3436
CLUBS NINE SPADES FOUR,0.6428,0.0284,0.3288
CLUBS NINE SPADES SEVEN,0.6176,0.0226,0.3598
CLUBS NINE SPADES SIX,0.6246,0.0228,0.3526
CLUBS NINE SPADES NINE,0.2846,0.0362,0.6792
CLUBS NINE SPADES EIGHT,0.68,0.07,0.25
SPADES KING CLUBS KING,0.1782,0.0092,0.8126
SPADES QUEEN CLUBS KING,0.3438,0.0048,0.6514
SPADES ACE CLUBS KING,0.3432,0.0062,0.6506
DIAMONDS ACE HEARTS TEN,0.2696,0.0228,0.7076
HEARTS FOUR HEARTS TEN,0.5384,0.2082,0.2534
DIAMONDS ACE HEARTS JACK,0.3452,0.0048,0.65
HEARTS FOUR HEARTS JACK,0.4096,0.0204,0.57
SPADES KING CLUBS FIVE,0.431,0.0062,0.5628
SPADES QUEEN CLUBS FIVE,0.426,0.0108,0.5632
SPADES ACE CLUBS FIVE,0.4266,0.0042,0.5692
DIAMONDS JACK HEARTS SEVEN,0.4186,0.0162,0.5652
HEARTS SIX DIAMONDS JACK,0.4236,0.0182,0.5582
DIAMONDS JACK HEARTS NINE,0.356,0.0182,0.6258
DIAMONDS KING DIAMONDS JACK,0.3292,0.005,0.6658
HEARTS THREE DIAMONDS JACK,0.4282,0.016,0.5558
SPADES ACE SPADES SIX,0.4006,0.0038,0.5956
HEARTS ACE SPADES FOUR,0.4258,0.0062,0.568
DIAMONDS QUEEN DIAMONDS JACK,0.314,0.0082,0.6778
HEARTS TWO DIAMONDS JACK,0.4482,0.0136,0.5382
HEARTS FIVE DIAMONDS JACK,0.4376,0.0176,0.5448
SPADES QUEEN SPADES SIX,0.4054,0.012,0.5826
SPADES FOUR HEARTS QUEEN,0.4232,0.0124,0.5644
DIAMONDS ACE DIAMONDS JACK,0.3356,0.0056,0.6588
HEARTS FOUR DIAMONDS JACK,0.4326,0.0142,0.5532
SPADES KING SPADES SIX,0.4098,0.0078,0.5824
SPADES FOUR HEARTS KING,0.4288,0.0072,0.564
SPADES JACK SPADES SIX,0.4088,0.0134,0.5778
SPADES FOUR DIAMONDS JACK,0.428,0.0192,0.5528
SPADES FIVE DIAMONDS JACK,0.4244,0.0176,0.558
DIAMONDS JACK SPADES TWO,0.4362,0.0172,0.5466
SPADES THREE DIAMONDS JACK,0.44,0.0158,0.5442
SPADES ACE DIAMONDS THREE,0.4286,0.0046,0.5668
SPADES QUEEN DIAMONDS THREE,0.4394,0.013,0.5476
CLUBS EIGHT DIAMONDS JACK,0.2546,0.0462,0.6992
SPADES KING DIAMONDS THREE,0.441,0.0074,0.5516
CLUBS NINE DIAMONDS JACK,0.3616,0.0134,0.625
CLUBS SIX DIAMONDS JACK,0.4302,0.015,0.5548
CLUBS SEVEN DIAMONDS JACK,0.408,0.0176,0.5744
CLUBS FOUR DIAMONDS JACK,0.4288,0.0168,0.5544
CLUBS FIVE DIAMONDS JACK,0.4202,0.019,0.5608
CLUBS TWO DIAMONDS JACK,0.4434,0.0138,0.5428
CLUBS THREE DIAMONDS JACK,0.4424,0.0144,0.5432
HEARTS SIX SPADES JACK,0.4298,0.017,0.5532
SPADES JACK CLUBS FIVE,0.4222,0.0154,0.5624
SPADES JACK DIAMONDS THREE,0.4266,0.0152,0.5582
CLUBS SEVEN CLUBS ACE,0.3898,0.0034,0.6068
CLUBS SEVEN CLUBS QUEEN,0.3982,0.0136,0.5882
CLUBS SEVEN CLUBS KING,0.3914,0.0066,0.602
SPADES NINE DIAMONDS JACK,0.3716,0.016,0.6124
CLUBS TEN CLUBS SEVEN,0.5166,0.215,0.2684
DIAMONDS ACE HEARTS ACE,0.1644,0.0036,0.832
HEARTS FOUR HEARTS ACE,0.4196,0.0066,0.5738
SPADES EIGHT DIAMONDS JACK,0.2548,0.0504,0.6948
SPADES ACE HEARTS SIX,0.4204,0.0046,0.575
CLUBS SEVEN CLUBS JACK,0.3866,0.0174,0.596
DIAMONDS ACE HEARTS KING,0.3448,0.0046,0.6506
HEARTS FOUR HEARTS KING,0.4088,0.0066,0.5846
SPADES SEVEN DIAMONDS JACK,0.4206,0.0174,0.562
SPADES KING HEARTS SIX,0.431,0.0066,0.5624
DIAMONDS ACE HEARTS QUEEN,0.3614,0.0036,0.635
HEARTS FOUR HEARTS QUEEN,0.4034,0.0114,0.5852
SPADES SIX DIAMONDS JACK,0.4318,0.0184,0.5498
SPADES QUEEN HEARTS SIX,0.4286,0.0096,0.5618
SPADES TWO DIAMONDS TEN,0.5672,0.2146,0.2182
SPADES THREE DIAMONDS TEN,0.5578,0.227,0.2152
SPADES FOUR DIAMONDS TEN,0.5614,0.2238,0.2148
SPADES FIVE DIAMONDS TEN,0.5486,0.2268,0.2246
SPADES SIX DIAMONDS TEN,0.5542,0.2272,0.2186
SPADES SEVEN DIAMONDS TEN,0.5544,0.2262,0.2194
SPADES EIGHT DIAMONDS TEN,0.0186,0.9694,0.012
SPADES NINE DIAMONDS TEN,0.2306,0.1746,0.5948
CLUBS FOUR DIAMONDS TEN,0.5568,0.2202,0.223
CLUBS FIVE DIAMONDS TEN,0.5578,0.2252,0.217
CLUBS SIX DIAMONDS TEN,0.5478,0.2224,0.2298
CLUBS SEVEN DIAMONDS TEN,0.547,0.2238,0.2292
CLUBS EIGHT DIAMONDS TEN,0.0246,0.9504,0.025
CLUBS NINE DIAMONDS TEN,0.2338,0.164,0.6022
DIAMONDS THREE CLUBS JACK,0.4366,0.0136,0.5498
CLUBS TEN DIAMONDS THREE,0.557,0.2218,0.2212
DIAMONDS THREE CLUBS KING,0.438,0.007,0.555
DIAMONDS THREE CLUBS QUEEN,0.4334,0.0108,0.5558
DIAMONDS THREE CLUBS ACE,0.4228,0.0032,0.574
SPADES FOUR HEARTS JACK,0.4322,0.0176,0.5502
SPADES FOUR HEARTS TEN,0.5446,0.2216,0.2338
SPADES FIVE SPADES TWO,0.604,0.0276,0.3684
SPADES FOUR SPADES TWO,0.6044,0.0246,0.371
SPADES THREE SPADES TWO,0.6006,0.0278,0.3716
SPADES NINE SPADES TWO,0.6364,0.0196,0.344
SPADES EIGHT SPADES TWO,0.6692,0.0812,0.2496
SPADES SEVEN SPADES TWO,0.6354,0.0262,0.3384
SPADES SIX SPADES TWO,0.6256,0.0242,0.3502
DIAMONDS QUEEN CLUBS THREE,0.4282,0.0098,0.562
CLUBS THREE HEARTS TWO,0.6464,0.0246,0.329
DIAMONDS QUEEN CLUBS TWO,0.4386,0.0114,0.55
HEARTS TWO CLUBS TWO,0.4478,0.0496,0.5026
DIAMONDS QUEEN HEARTS SEVEN,0.4258,0.0106,0.5636
HEARTS TWO HEARTS SEVEN,0.64,0.0276,0.3324
HEARTS SIX DIAMONDS QUEEN,0.4206,0.0106,0.5688
HEARTS SIX HEARTS TWO,0.6206,0.023,0.3564
DIAMONDS QUEEN HEARTS NINE,0.3654,0.0114,0.6232
HEARTS TWO HEARTS NINE,0.6142,0.0216,0.3642
CLUBS NINE HEARTS TWO,0.6478,0.0198,0.3324
CLUBS NINE DIAMONDS QUEEN,0.375,0.0108,0.6142
CLUBS EIGHT HEARTS TWO,0.6982,0.08,0.2218
CLUBS EIGHT DIAMONDS QUEEN,0.2804,0.0358,0.6838
CLUBS FIVE DIAMONDS QUEEN,0.4426,0.007,0.5504
CLUBS FIVE HEARTS TWO,0.63,0.027,0.343
SPADES EIGHT HEARTS ACE,0.2848,0.0198,0.6954
DIAMONDS QUEEN CLUBS FOUR,0.443,0.012,0.545
HEARTS TWO CLUBS FOUR,0.6348,0.0276,0.3376
CLUBS SEVEN DIAMONDS QUEEN,0.4126,0.01,0.5774
CLUBS SEVEN HEARTS TWO,0.6858,0.0248,0.2894
SPADES EIGHT HEARTS QUEEN,0.261,0.0436,0.6954
CLUBS SIX DIAMONDS QUEEN,0.4392,0.0104,0.5504
CLUBS SIX HEARTS TWO,0.6582,0.0286,0.3132
SPADES EIGHT HEARTS KING,0.2802,0.0292,0.6906
DIAMONDS QUEEN SPADES SIX,0.4282,0.0112,0.5606
HEARTS TWO SPADES SIX,0.666,0.0254,0.3086
HEARTS FOUR CLUBS QUEEN,0.4372,0.0122,0.5506
DIAMONDS ACE CLUBS QUEEN,0.3628,0.0042,0.633
DIAMONDS QUEEN SPADES SEVEN,0.4304,0.0108,0.5588
SPADES SEVEN HEARTS TWO,0.6836,0.0234,0.293
HEARTS FOUR CLUBS KING,0.4232,0.0064,0.5704
DIAMONDS ACE CLUBS KING,0.3658,0.0024,0.6318
SPADES EIGHT DIAMONDS QUEEN,0.277,0.0416,0.6814
SPADES EIGHT HEARTS TWO,0.6968,0.0866,0.2166
HEARTS FOUR CLUBS ACE,0.4294,0.003,0.5676
DIAMONDS ACE CLUBS ACE,0.1716,0.0038,0.8246
SPADES NINE DIAMONDS QUEEN,0.3784,0.0102,0.6114
SPADES NINE HEARTS TWO,0.6488,0.029,0.3222
HEARTS TWO SPADES TWO,0.4534,0.0504,0.4962
DIAMONDS QUEEN SPADES TWO,0.4328,0.0124,0.5548
HEARTS TWO SPADES THREE,0.65,0.0244,0.3256
DIAMONDS QUEEN SPADES THREE,0.4422,0.0108,0.547
HEARTS TWO SPADES FOUR,0.6458,0.026,0.3282
DIAMONDS QUEEN SPADES FOUR,0.4452,0.0128,0.542
HEARTS FOUR CLUBS TEN,0.5644,0.2254,0.2102
CLUBS TEN DIAMONDS ACE,0.277,0.0238,0.6992
HEARTS TWO SPADES FIVE,0.6414,0.0294,0.3292
DIAMONDS QUEEN SPADES FIVE,0.442,0.0096,0.5484
HEARTS FOUR CLUBS JACK,0.4306,0.0162,0.5532
DIAMONDS ACE CLUBS JACK,0.3508,0.005,0.6442
CLUBS FIVE CLUBS KING,0.4012,0.009,0.5898
CLUBS FIVE CLUBS QUEEN,0.405,0.0114,0.5836
CLUBS FIVE CLUBS ACE,0.3982,0.004,0.5978
CLUBS FIVE CLUBS JACK,0.4004,0.0192,0.5804
CLUBS TEN CLUBS FIVE,0.5194,0.2068,0.2738
SPADES KING CLUBS JACK,0.3536,0.0054,0.641
SPADES QUEEN CLUBS JACK,0.3316,0.0098,0.6586
SPADES ACE CLUBS JACK,0.356,0.0042,0.6398
SPADES SIX CLUBS KING,0.4298,0.0072,0.563
SPADES SIX CLUBS QUEEN,0.4228,0.0114,0.5658
SPADES EIGHT HEARTS JACK,0.2482,0.0562,0.6956
SPADES SIX CLUBS ACE,0.437,0.0032,0.5598
SPADES EIGHT HEARTS TEN,0.0044,0.9856,0.01
SPADES SIX CLUBS JACK,0.4246,0.018,0.5574
CLUBS TEN SPADES SIX,0.5666,0.223,0.2104
SPADES JACK CLUBS JACK,0.1644,0.0234,0.8122
SPADES QUEEN CLUBS SEVEN,0.4094,0.012,0.5786
SPADES KING CLUBS SEVEN,0.4106,0.0062,0.5832
SPADES ACE CLUBS SEVEN,0.401,0.0036,0.5954
SPADES SIX HEARTS TEN,0.5608,0.2226,0.2166
SPADES SIX HEARTS JACK,0.4228,0.018,0.5592
SPADES SIX HEARTS ACE,0.4182,0.0042,0.5776
SPADES SIX HEARTS KING,0.4206,0.0082,0.5712
SPADES SIX HEARTS QUEEN,0.4242,0.0126,0.5632
CLUBS SEVEN SPADES JACK,0.4088,0.0192,0.572
CLUBS TEN HEARTS SIX,0.5568,0.221,0.2222
HEARTS SIX CLUBS JACK,0.4362,0.0178,0.546
CLUBS ACE CLUBS JACK,0.3354,0.0042,0.6604
HEARTS SIX CLUBS QUEEN,0.4332,0.0086,0.5582
HEARTS SIX CLUBS KING,0.431,0.0062,0.5628
HEARTS SIX CLUBS ACE,0.4386,0.004,0.5574
CLUBS QUEEN CLUBS JACK,0.3202,0.0076,0.6722
CLUBS KING CLUBS JACK,0.3184,0.005,0.6766
DIAMONDS THREE HEARTS ACE,0.4372,0.0042,0.5586
DIAMONDS THREE HEARTS QUEEN,0.432,0.0134,0.5546
DIAMONDS THREE HEARTS KING,0.4244,0.01,0.5656
CLUBS FIVE HEARTS JACK,0.4182,0.0164,0.5654
CLUBS FIVE HEARTS TEN,0.543,0.2236,0.2334
HEARTS FOUR SPADES JACK,0.4268,0.0212,0.552
SPADES JACK DIAMONDS ACE,0.3538,0.0044,0.6418
SPADES ACE HEARTS FOUR,0.4226,0.0046,0.5728
SPADES ACE DIAMONDS ACE,0.164,0.0022,0.8338
CLUBS FIVE HEARTS ACE,0.429,0.0028,0.5682
CLUBS FIVE HEARTS KING,0.4362,0.01,0.5538
HEARTS FOUR SPADES QUEEN,0.4394,0.0106,0.55
SPADES QUEEN DIAMONDS ACE,0.3536,0.0062,0.6402
SPADES FOUR CLUBS JACK,0.4282,0.015,0.5568
CLUBS FIVE HEARTS QUEEN,0.4318,0.009,0.5592
SPADES KING DIAMONDS ACE,0.3714,0.0034,0.6252
HEARTS FOUR SPADES KING,0.4348,0.0086,0.5566
CLUBS TEN SPADES FOUR,0.5406,0.2354,0.224
DIAMONDS QUEEN DIAMONDS ACE,0.325,0.0042,0.6708
HEARTS TWO DIAMONDS ACE,0.4382,0.0034,0.5584
HEARTS FOUR DIAMONDS QUEEN,0.4212,0.011,0.5678
HEARTS FOUR HEARTS TWO,0.6074,0.0258,0.3668
DIAMONDS THREE HEARTS TEN,0.5506,0.2198,0.2296
SPADES FOUR CLUBS KING,0.4344,0.0078,0.5578
HEARTS FIVE DIAMONDS QUEEN,0.4362,0.0116,0.5522
HEARTS FIVE HEARTS TWO,0.607,0.026,0.367
DIAMONDS THREE HEARTS JACK,0.4474,0.0204,0.5322
SPADES FOUR CLUBS QUEEN,0.4452,0.0086,0.5462
DIAMONDS QUEEN HEARTS TWO,0.4364,0.0122,0.5514
DIAMONDS KING DIAMONDS QUEEN,0.3274,0.0068,0.6658
DIAMONDS KING HEARTS TWO,0.4256,0.0078,0.5666
HEARTS THREE DIAMONDS QUEEN,0.4366,0.0124,0.551
HEARTS THREE HEARTS TWO,0.6136,0.0294,0.357
SPADES FOUR CLUBS ACE,0.4358,0.003,0.5612
HEARTS TWO CLUBS ACE,0.4312,0.0032,0.5656
DIAMONDS QUEEN CLUBS ACE,0.3664,0.0018,0.6318
HEARTS TWO CLUBS QUEEN,0.4412,0.0098,0.549
DIAMONDS QUEEN CLUBS QUEEN,0.1784,0.0226,0.799
HEARTS TWO CLUBS KING,0.4502,0.0062,0.5436
DIAMONDS QUEEN CLUBS KING,0.3442,0.0036,0.6522
SPADES EIGHT SPADES FIVE,0.6558,0.077,0.2672
CLUBS TEN HEARTS TWO,0.5468,0.2348,0.2184
CLUBS TEN DIAMONDS QUEEN,0.2538,0.0492,0.697
SPADES NINE SPADES FIVE,0.6024,0.0274,0.3702
HEARTS TWO CLUBS JACK,0.4322,0.0164,0.5514
DIAMONDS QUEEN CLUBS JACK,0.3404,0.0066,0.653
SPADES SIX SPADES FIVE,0.59,0.0266,0.3834
SPADES SEVEN SPADES FIVE,0.6172,0.0248,0.358
DIAMONDS FIVE CLUBS QUEEN,0.4288,0.0114,0.5598
SPADES EIGHT CLUBS ACE,0.2762,0.0186,0.7052
DIAMONDS FIVE CLUBS KING,0.439,0.0084,0.5526
SPADES EIGHT CLUBS KING,0.2866,0.0302,0.6832
CLUBS ACE DIAMONDS FIVE,0.4184,0.0032,0.5784
SPADES EIGHT CLUBS QUEEN,0.265,0.0422,0.6928
SPADES EIGHT CLUBS JACK,0.2616,0.0518,0.6866
CLUBS TEN SPADES EIGHT,0.0138,0.9764,0.0098
CLUBS TEN DIAMONDS FIVE,0.559,0.2238,0.2172
DIAMONDS FIVE CLUBS JACK,0.436,0.017,0.547
DIAMONDS TEN HEARTS JACK,0.2552,0.0514,0.6934
DIAMONDS TEN HEARTS TEN,0.125,0.0538,0.8212
SPADES ACE CLUBS NINE,0.3904,0.0034,0.6062
CLUBS NINE SPADES QUEEN,0.3704,0.0088,0.6208
CLUBS NINE SPADES KING,0.3708,0.0056,0.6236
HEARTS SIX HEARTS KING,0.3972,0.0058,0.597
DIAMONDS KING SPADES SEVEN,0.4352,0.0052,0.5596
HEARTS THREE SPADES SEVEN,0.6726,0.0254,0.302
