opposingHand,winningChance,drawChance,lostChance
HEARTS SIX DIAMONDS TWO
SPADES JACK SPADES FIVE,0.333,0.0182,0.6488
SPADES FIVE DIAMONDS NINE,0.3396,0.045,0.6154
SPADES THREE DIAMONDS EIGHT,0.3572,0.074,0.5688
CLUBS THREE DIAMONDS EIGHT,0.355,0.0654,0.5796
SPADES ACE DIAMONDS NINE,0.3326,0.0044,0.663
SPADES KING HEARTS FOUR,0.359,0.0074,0.6336
SPADES JACK HEARTS QUEEN,0.3322,0.012,0.6558
CLUBS JACK CLUBS TWO,0.2294,0.0506,0.72
HEARTS TWO CLUBS KING,0.253,0.0204,0.7266
HEARTS EIGHT SPADES FIVE,0.3316,0.058,0.6104
SPADES SIX SPADES THREE,0.2042,0.4848,0.311
CLUBS JACK SPADES NINE,0.3302,0.0162,0.6536
DIAMONDS ACE HEARTS ACE,0.1136,0.0058,0.8806
SPADES KING HEARTS TWO,0.2534,0.024,0.7226
SPADES TWO DIAMONDS EIGHT,0.2414,0.1524,0.6062
DIAMONDS KING CLUBS THREE,0.3568,0.0092,0.634
SPADES FIVE SPADES THREE,0.404,0.1552,0.4408
CLUBS ACE HEARTS NINE,0.3332,0.003,0.6638
DIAMONDS ACE HEARTS QUEEN,0.3166,0.0048,0.6786
DIAMONDS THREE SPADES SIX,0.2198,0.5012,0.279
CLUBS JACK CLUBS NINE,0.3092,0.0164,0.6744
SPADES SEVEN SPADES FIVE,0.3016,0.0996,0.5988
DIAMONDS FOUR CLUBS KING,0.3536,0.0094,0.637
HEARTS QUEEN HEARTS TEN,0.3244,0.011,0.6646
HEARTS EIGHT CLUBS KING,0.327,0.0086,0.6644
DIAMONDS FOUR CLUBS FOUR,0.2212,0.1354,0.6434
HEARTS EIGHT DIAMONDS FOUR,0.3332,0.066,0.6008
DIAMONDS EIGHT CLUBS ACE,0.3338,0.0036,0.6626
SPADES TEN CLUBS QUEEN,0.3328,0.0104,0.6568
SPADES KING SPADES THREE,0.3472,0.0096,0.6432
SPADES ACE DIAMONDS FOUR,0.3446,0.0072,0.6482
SPADES TEN DIAMONDS SEVEN,0.3236,0.0272,0.6492
HEARTS TWO SPADES THREE,0.4882,0.2592,0.2526
CLUBS JACK SPADES SEVEN,0.3332,0.017,0.6498
HEARTS TWO SPADES TWO,0.2442,0.1022,0.6536
HEARTS KING HEARTS TEN,0.3154,0.0056,0.679
CLUBS EIGHT DIAMONDS JACK,0.3176,0.0136,0.6688
SPADES SIX SPADES FOUR,0.1994,0.4774,0.3232
DIAMONDS KING DIAMONDS EIGHT,0.3202,0.0072,0.6726
HEARTS FOUR CLUBS TWO,0.4938,0.2652,0.241
SPADES JACK HEARTS NINE,0.3262,0.0158,0.658
DIAMONDS JACK CLUBS ACE,0.3236,0.0036,0.6728
HEARTS EIGHT HEARTS QUEEN,0.2994,0.0154,0.6852
HEARTS EIGHT SPADES THREE,0.3522,0.0674,0.5804
SPADES FIVE SPADES TWO,0.462,0.2508,0.2872
HEARTS FIVE CLUBS ACE,0.3532,0.0044,0.6424
SPADES NINE DIAMONDS SIX,0.2244,0.1116,0.664
CLUBS SEVEN CLUBS SIX,0.1976,0.1956,0.6068
HEARTS ACE DIAMONDS EIGHT,0.3308,0.0058,0.6634
HEARTS FOUR DIAMONDS NINE,0.3646,0.0438,0.5916
CLUBS FIVE SPADES FOUR,0.4178,0.1612,0.421
CLUBS ACE DIAMONDS SEVEN,0.3132,0.0046,0.6822
SPADES JACK CLUBS SEVEN,0.3324,0.0186,0.649
DIAMONDS THREE CLUBS THREE,0.224,0.1436,0.6324
SPADES EIGHT HEARTS NINE,0.3042,0.0428,0.653
CLUBS SEVEN DIAMONDS FIVE,0.3224,0.1078,0.5698
SPADES EIGHT DIAMONDS TEN,0.3076,0.0256,0.6668
CLUBS SEVEN CLUBS FOUR,0.3194,0.0968,0.5838
DIAMONDS THREE SPADES FOUR,0.4334,0.1634,0.4032
HEARTS THREE HEARTS JACK,0.3524,0.0194,0.6282
CLUBS TWO DIAMONDS EIGHT,0.2544,0.1332,0.6124
SPADES QUEEN CLUBS ACE,0.3432,0.0034,0.6534
DIAMONDS ACE CLUBS FOUR,0.3296,0.0052,0.6652
SPADES NINE CLUBS FIVE,0.3472,0.0478,0.605
SPADES QUEEN DIAMONDS QUEEN,0.1402,0.034,0.8258
CLUBS NINE HEARTS TEN,0.3062,0.0268,0.667
SPADES KING HEARTS JACK,0.3218,0.0054,0.6728
DIAMONDS NINE HEARTS QUEEN,0.3152,0.0136,0.6712
DIAMONDS FOUR DIAMONDS ACE,0.3308,0.0058,0.6634
CLUBS JACK HEARTS NINE,0.3248,0.0176,0.6576
CLUBS SIX DIAMONDS JACK,0.2244,0.0654,0.7102
HEARTS FIVE SPADES FOUR,0.427,0.1614,0.4116
CLUBS FIVE HEARTS JACK,0.3536,0.02,0.6264
CLUBS SIX HEARTS ACE,0.2316,0.0298,0.7386
SPADES EIGHT DIAMONDS ACE,0.3272,0.0036,0.6692
HEARTS THREE SPADES NINE,0.361,0.0456,0.5934
DIAMONDS QUEEN DIAMONDS FIVE,0.3394,0.0112,0.6494
DIAMONDS KING HEARTS NINE,0.3192,0.0104,0.6704
SPADES QUEEN DIAMONDS JACK,0.3132,0.0094,0.6774
CLUBS EIGHT DIAMONDS FIVE,0.316,0.0676,0.6164
CLUBS JACK DIAMONDS FOUR,0.3436,0.023,0.6334
DIAMONDS EIGHT HEARTS NINE,0.3022,0.0346,0.6632
CLUBS TEN HEARTS FOUR,0.3598,0.0316,0.6086
HEARTS KING HEARTS QUEEN,0.3104,0.0072,0.6824
HEARTS KING DIAMONDS EIGHT,0.3244,0.0072,0.6684
SPADES NINE CLUBS SIX,0.2306,0.116,0.6534
DIAMONDS EIGHT DIAMONDS FIVE,0.3096,0.067,0.6234
CLUBS SIX SPADES THREE,0.2228,0.5052,0.272
HEARTS FIVE CLUBS FIVE,0.2126,0.1402,0.6472
SPADES NINE HEARTS KING,0.3244,0.0102,0.6654
SPADES JACK CLUBS SIX,0.2408,0.0646,0.6946
CLUBS NINE HEARTS ACE,0.321,0.0062,0.6728
HEARTS THREE DIAMONDS NINE,0.3636,0.0438,0.5926
SPADES JACK HEARTS JACK,0.1374,0.0414,0.8212
CLUBS NINE SPADES TEN,0.3246,0.0218,0.6536
CLUBS JACK DIAMONDS TEN,0.3092,0.0156,0.6752
CLUBS FIVE HEARTS TEN,0.3508,0.0306,0.6186
SPADES ACE SPADES NINE,0.3202,0.005,0.6748
CLUBS TWO DIAMONDS FIVE,0.4908,0.2694,0.2398
SPADES TEN HEARTS QUEEN,0.326,0.0108,0.6632
CLUBS NINE DIAMONDS FIVE,0.348,0.0506,0.6014
SPADES TWO DIAMONDS SIX,0.011,0.975,0.014
DIAMONDS KING HEARTS ACE,0.3316,0.005,0.6634
SPADES SEVEN DIAMONDS SIX,0.2112,0.1992,0.5896
CLUBS ACE HEARTS JACK,0.3112,0.0048,0.684
SPADES TEN SPADES NINE,0.3026,0.0254,0.672
CLUBS JACK DIAMONDS ACE,0.324,0.0054,0.6706
CLUBS NINE CLUBS EIGHT,0.2992,0.0396,0.6612
DIAMONDS EIGHT HEARTS TEN,0.3056,0.031,0.6634
SPADES QUEEN SPADES JACK,0.3028,0.0076,0.6896
SPADES SIX DIAMONDS NINE,0.2344,0.1166,0.649
CLUBS NINE DIAMONDS NINE,0.1336,0.0706,0.7958
CLUBS EIGHT HEARTS TEN,0.3146,0.0246,0.6608
DIAMONDS THREE CLUBS QUEEN,0.3578,0.0146,0.6276
HEARTS ACE HEARTS NINE,0.325,0.0068,0.6682
SPADES NINE DIAMONDS QUEEN,0.334,0.0106,0.6554
SPADES SEVEN CLUBS KING,0.3348,0.0072,0.658
SPADES JACK HEARTS ACE,0.321,0.0036,0.6754
SPADES ACE CLUBS EIGHT,0.32,0.003,0.677
SPADES TEN DIAMONDS KING,0.3184,0.0068,0.6748
SPADES ACE CLUBS NINE,0.3378,0.0042,0.658
CLUBS NINE SPADES FOUR,0.3682,0.0434,0.5884
HEARTS FOUR HEARTS KING,0.345,0.0078,0.6472
SPADES JACK DIAMONDS QUEEN,0.3212,0.0068,0.672
HEARTS EIGHT CLUBS TEN,0.3156,0.0252,0.6592
DIAMONDS ACE DIAMONDS KING,0.3106,0.0062,0.6832
HEARTS THREE DIAMONDS JACK,0.3564,0.026,0.6176
CLUBS NINE SPADES THREE,0.3678,0.0456,0.5866
SPADES EIGHT SPADES FOUR,0.3228,0.064,0.6132
DIAMONDS THREE DIAMONDS NINE,0.3454,0.044,0.6106
SPADES TWO HEARTS JACK,0.2474,0.0486,0.704
HEARTS FOUR HEARTS QUEEN,0.3396,0.0182,0.6422
SPADES JACK CLUBS FIVE,0.3664,0.0202,0.6134
HEARTS THREE CLUBS SIX,0.2124,0.5156,0.272
SPADES NINE HEARTS JACK,0.3282,0.0176,0.6542
SPADES SEVEN HEARTS KING,0.3238,0.0102,0.666
CLUBS SIX HEARTS NINE,0.2212,0.1096,0.6692
SPADES FIVE DIAMONDS EIGHT,0.3302,0.0684,0.6014
HEARTS FIVE DIAMONDS SEVEN,0.3224,0.0974,0.5802
SPADES QUEEN DIAMONDS SIX,0.2304,0.0564,0.7132
HEARTS SEVEN SPADES QUEEN,0.325,0.0136,0.6614
CLUBS KING DIAMONDS FIVE,0.3496,0.0102,0.6402
CLUBS TEN HEARTS ACE,0.324,0.004,0.672
DIAMONDS SIX DIAMONDS FIVE,0.1976,0.431,0.3714
SPADES JACK CLUBS FOUR,0.3392,0.0168,0.644
CLUBS TEN CLUBS ACE,0.3108,0.0072,0.682
SPADES JACK HEARTS THREE,0.3684,0.0218,0.6098
HEARTS EIGHT DIAMONDS FIVE,0.3266,0.0762,0.5972
DIAMONDS THREE HEARTS FOUR,0.437,0.1658,0.3972
CLUBS SIX DIAMONDS NINE,0.229,0.1096,0.6614
CLUBS JACK HEARTS TWO,0.2606,0.046,0.6934
HEARTS SEVEN HEARTS FIVE,0.32,0.099,0.581
DIAMONDS THREE DIAMONDS KING,0.3456,0.0106,0.6438
SPADES FOUR HEARTS NINE,0.3556,0.046,0.5984
SPADES JACK DIAMONDS JACK,0.129,0.0444,0.8266
HEARTS THREE DIAMONDS ACE,0.3534,0.0072,0.6394
DIAMONDS ACE CLUBS QUEEN,0.3294,0.0056,0.665
CLUBS NINE CLUBS FIVE,0.3336,0.0438,0.6226
DIAMONDS KING DIAMONDS SEVEN,0.3116,0.0076,0.6808
SPADES KING DIAMONDS ACE,0.3252,0.0058,0.669
DIAMONDS THREE SPADES SEVEN,0.347,0.104,0.549
CLUBS NINE HEARTS FOUR,0.3714,0.0416,0.587
SPADES NINE SPADES FIVE,0.3342,0.0404,0.6254
DIAMONDS ACE CLUBS ACE,0.1302,0.0042,0.8656
HEARTS FIVE HEARTS FOUR,0.4074,0.1506,0.442
DIAMONDS FOUR DIAMONDS THREE,0.4236,0.1628,0.4136
CLUBS JACK CLUBS KING,0.3044,0.007,0.6886
DIAMONDS THREE CLUBS FOUR,0.4268,0.1664,0.4068
CLUBS EIGHT CLUBS FIVE,0.3232,0.0664,0.6104
CLUBS NINE DIAMONDS SEVEN,0.3318,0.0446,0.6236
DIAMONDS JACK CLUBS QUEEN,0.3266,0.0104,0.663
DIAMONDS FOUR HEARTS NINE,0.3514,0.0464,0.6022
HEARTS EIGHT HEARTS SEVEN,0.2852,0.0656,0.6492
SPADES NINE CLUBS KING,0.3378,0.0068,0.6554
SPADES NINE HEARTS NINE,0.133,0.0778,0.7892
SPADES KING DIAMONDS TEN,0.3264,0.0066,0.667
SPADES KING DIAMONDS KING,0.126,0.0182,0.8558
SPADES KING SPADES JACK,0.3022,0.0068,0.691
CLUBS JACK CLUBS EIGHT,0.3018,0.0142,0.684
SPADES KING CLUBS NINE,0.3446,0.007,0.6484
CLUBS SEVEN DIAMONDS KING,0.3248,0.0074,0.6678
HEARTS FOUR SPADES NINE,0.3712,0.0454,0.5834
DIAMONDS FOUR CLUBS EIGHT,0.3318,0.0692,0.599
CLUBS TWO DIAMONDS TEN,0.2456,0.077,0.6774
SPADES EIGHT DIAMONDS QUEEN,0.3382,0.0132,0.6486
SPADES KING HEARTS TEN,0.3342,0.007,0.6588
HEARTS EIGHT SPADES QUEEN,0.3384,0.0124,0.6492
CLUBS ACE HEARTS TEN,0.3138,0.0048,0.6814
SPADES KING DIAMONDS EIGHT,0.3314,0.0096,0.659
HEARTS SEVEN DIAMONDS FIVE,0.3042,0.0984,0.5974
DIAMONDS SEVEN DIAMONDS FIVE,0.3192,0.0962,0.5846
SPADES NINE DIAMONDS EIGHT,0.314,0.039,0.647
HEARTS FIVE CLUBS SEVEN,0.3226,0.1056,0.5718
DIAMONDS FOUR SPADES SIX,0.2016,0.5064,0.292
DIAMONDS ACE CLUBS THREE,0.3496,0.0046,0.6458
CLUBS TWO HEARTS TEN,0.2492,0.0662,0.6846
HEARTS QUEEN HEARTS JACK,0.3114,0.0108,0.6778
HEARTS TWO DIAMONDS ACE,0.2206,0.0128,0.7666
SPADES JACK HEARTS TWO,0.256,0.0482,0.6958
HEARTS EIGHT CLUBS SEVEN,0.2932,0.0608,0.646
DIAMONDS FOUR HEARTS QUEEN,0.355,0.02,0.625
SPADES THREE SPADES TWO,0.441,0.2638,0.2952
CLUBS TEN HEARTS TEN,0.132,0.0616,0.8064
SPADES SIX DIAMONDS TEN,0.226,0.087,0.687
CLUBS TEN CLUBS KING,0.2982,0.0094,0.6924
SPADES TEN CLUBS THREE,0.367,0.0288,0.6042
DIAMONDS NINE HEARTS NINE,0.1318,0.0776,0.7906
HEARTS FOUR SPADES SEVEN,0.351,0.1072,0.5418
HEARTS FIVE HEARTS NINE,0.329,0.0452,0.6258
HEARTS TWO CLUBS QUEEN,0.253,0.0348,0.7122
SPADES QUEEN HEARTS TEN,0.3172,0.01,0.6728
HEARTS FOUR SPADES EIGHT,0.3396,0.0718,0.5886
DIAMONDS THREE SPADES QUEEN,0.3584,0.0144,0.6272
DIAMONDS NINE CLUBS QUEEN,0.3374,0.011,0.6516
SPADES KING SPADES NINE,0.3112,0.0064,0.6824
CLUBS EIGHT SPADES SEVEN,0.3172,0.0666,0.6162
DIAMONDS KING CLUBS QUEEN,0.3298,0.0056,0.6646
DIAMONDS SEVEN CLUBS QUEEN,0.3358,0.011,0.6532
HEARTS EIGHT DIAMONDS SIX,0.2264,0.1578,0.6158
CLUBS THREE SPADES THREE,0.2254,0.1404,0.6342
DIAMONDS THREE SPADES TEN,0.3532,0.032,0.6148
SPADES KING SPADES SEVEN,0.3092,0.0084,0.6824
SPADES ACE DIAMONDS SEVEN,0.3266,0.0046,0.6688
CLUBS TWO SPADES THREE,0.4754,0.2746,0.25
SPADES JACK SPADES TEN,0.2974,0.0126,0.69
HEARTS SEVEN SPADES JACK,0.324,0.0186,0.6574
DIAMONDS SEVEN HEARTS NINE,0.3164,0.0438,0.6398
HEARTS ACE DIAMONDS SIX,0.2224,0.0328,0.7448
SPADES ACE HEARTS SEVEN,0.324,0.0038,0.6722
CLUBS JACK HEARTS JACK,0.1226,0.0512,0.8262
CLUBS EIGHT HEARTS FOUR,0.3508,0.0682,0.581
SPADES TEN SPADES FIVE,0.3456,0.0288,0.6256
SPADES EIGHT SPADES TWO,0.2484,0.1286,0.623
CLUBS FIVE SPADES TWO,0.4784,0.2652,0.2564
HEARTS SEVEN DIAMONDS KING,0.3306,0.0114,0.658
SPADES SEVEN CLUBS QUEEN,0.3456,0.0096,0.6448
CLUBS EIGHT DIAMONDS SIX,0.2334,0.1496,0.617
HEARTS FOUR DIAMONDS SIX,0.2138,0.5016,0.2846
DIAMONDS THREE DIAMONDS FIVE,0.4142,0.149,0.4368
CLUBS THREE HEARTS QUEEN,0.3688,0.0148,0.6164
DIAMONDS KING CLUBS KING,0.133,0.0158,0.8512
DIAMONDS QUEEN DIAMONDS SEVEN,0.3204,0.0122,0.6674
HEARTS THREE HEARTS TEN,0.345,0.0302,0.6248
HEARTS TWO DIAMONDS JACK,0.2468,0.053,0.7002
DIAMONDS THREE DIAMONDS EIGHT,0.344,0.0636,0.5924
DIAMONDS KING DIAMONDS TEN,0.3106,0.0072,0.6822
SPADES TEN DIAMONDS TEN,0.1318,0.0636,0.8046
CLUBS TWO SPADES FOUR,0.5012,0.2596,0.2392
HEARTS TEN DIAMONDS FIVE,0.331,0.0322,0.6368
SPADES NINE SPADES SIX,0.224,0.0994,0.6766
CLUBS EIGHT HEARTS ACE,0.3326,0.0024,0.665
SPADES QUEEN HEARTS KING,0.335,0.0066,0.6584
HEARTS KING HEARTS NINE,0.3184,0.0074,0.6742
SPADES JACK HEARTS KING,0.3196,0.0088,0.6716
CLUBS THREE DIAMONDS QUEEN,0.359,0.0142,0.6268
CLUBS TEN SPADES JACK,0.326,0.0156,0.6584
DIAMONDS KING CLUBS ACE,0.3244,0.0046,0.671
SPADES SIX HEARTS TEN,0.236,0.0788,0.6852
CLUBS FOUR SPADES FOUR,0.2208,0.1326,0.6466
CLUBS TWO HEARTS ACE,0.2222,0.016,0.7618
HEARTS FIVE SPADES JACK,0.3552,0.0226,0.6222
SPADES TEN CLUBS FOUR,0.3632,0.0302,0.6066
CLUBS NINE DIAMONDS EIGHT,0.305,0.0432,0.6518
HEARTS SEVEN HEARTS TWO,0.2332,0.1852,0.5816
SPADES ACE HEARTS JACK,0.326,0.004,0.67
CLUBS SIX HEARTS QUEEN,0.2336,0.0584,0.708
DIAMONDS FOUR HEARTS ACE,0.34,0.0062,0.6538
SPADES SIX CLUBS TWO,0.0208,0.956,0.0232
CLUBS JACK HEARTS EIGHT,0.3314,0.0168,0.6518
SPADES NINE SPADES THREE,0.3442,0.038,0.6178
SPADES SEVEN HEARTS QUEEN,0.3272,0.0168,0.656
SPADES ACE HEARTS TEN,0.3296,0.0046,0.6658
SPADES ACE HEARTS NINE,0.3228,0.005,0.6722
HEARTS JACK DIAMONDS FIVE,0.3418,0.0214,0.6368
HEARTS TWO DIAMONDS TEN,0.2472,0.0706,0.6822
HEARTS SEVEN SPADES THREE,0.3492,0.1042,0.5466
CLUBS SEVEN DIAMONDS QUEEN,0.3242,0.0108,0.665
HEARTS QUEEN DIAMONDS SEVEN,0.3238,0.0124,0.6638
CLUBS FOUR DIAMONDS TEN,0.3376,0.032,0.6304
SPADES ACE DIAMONDS EIGHT,0.3204,0.0046,0.675
DIAMONDS KING SPADES SIX,0.2278,0.0418,0.7304
SPADES SIX DIAMONDS QUEEN,0.2354,0.0494,0.7152
CLUBS JACK CLUBS FIVE,0.3186,0.0196,0.6618
SPADES EIGHT CLUBS QUEEN,0.3374,0.0116,0.651
CLUBS NINE SPADES TWO,0.2474,0.1066,0.646
HEARTS ACE CLUBS ACE,0.1248,0.004,0.8712
DIAMONDS TEN DIAMONDS EIGHT,0.3114,0.025,0.6636
SPADES QUEEN SPADES THREE,0.3482,0.0108,0.641
CLUBS SEVEN SPADES SEVEN,0.1354,0.103,0.7616
HEARTS FIVE SPADES THREE,0.425,0.1666,0.4084
SPADES KING DIAMONDS FIVE,0.358,0.009,0.633
SPADES QUEEN DIAMONDS SEVEN,0.3368,0.011,0.6522
CLUBS TEN SPADES SIX,0.2424,0.0778,0.6798
CLUBS TEN HEARTS FIVE,0.3664,0.029,0.6046
SPADES JACK SPADES NINE,0.2992,0.015,0.6858
CLUBS EIGHT SPADES TEN,0.3432,0.027,0.6298
CLUBS SIX SPADES TWO,0.0198,0.9634,0.0168
SPADES QUEEN DIAMONDS FIVE,0.3618,0.0124,0.6258
HEARTS TWO SPADES FIVE,0.4912,0.2774,0.2314
HEARTS SEVEN DIAMONDS SIX,0.196,0.204,0.6
CLUBS JACK SPADES THREE,0.3592,0.0202,0.6206
DIAMONDS NINE DIAMONDS SEVEN,0.286,0.0438,0.6702
CLUBS TWO HEARTS JACK,0.25,0.053,0.697
HEARTS JACK HEARTS NINE,0.2988,0.0174,0.6838
SPADES SEVEN CLUBS FOUR,0.3298,0.1006,0.5696
SPADES NINE HEARTS ACE,0.3432,0.0042,0.6526
DIAMONDS EIGHT CLUBS QUEEN,0.3274,0.0108,0.6618
SPADES KING HEARTS FIVE,0.3524,0.0074,0.6402
SPADES QUEEN HEARTS QUEEN,0.1294,0.031,0.8396
HEARTS QUEEN DIAMONDS FIVE,0.3394,0.0142,0.6464
HEARTS EIGHT SPADES SIX,0.229,0.148,0.623
CLUBS THREE DIAMONDS NINE,0.3532,0.0514,0.5954
SPADES TEN SPADES SIX,0.226,0.0756,0.6984
CLUBS JACK SPADES TEN,0.3246,0.0154,0.66
SPADES SIX HEARTS JACK,0.2296,0.0654,0.705
SPADES KING HEARTS ACE,0.342,0.0054,0.6526
CLUBS SEVEN SPADES FIVE,0.3216,0.097,0.5814
CLUBS NINE CLUBS SEVEN,0.284,0.0396,0.6764
DIAMONDS KING SPADES FOUR,0.349,0.0096,0.6414
HEARTS QUEEN CLUBS KING,0.3254,0.0082,0.6664
HEARTS SEVEN CLUBS KING,0.3234,0.0058,0.6708
HEARTS EIGHT HEARTS JACK,0.3244,0.0182,0.6574
SPADES NINE HEARTS TEN,0.3202,0.0272,0.6526
HEARTS EIGHT SPADES NINE,0.315,0.0398,0.6452
DIAMONDS TEN DIAMONDS FIVE,0.3322,0.0304,0.6374
SPADES SEVEN CLUBS ACE,0.3228,0.0052,0.672
CLUBS NINE CLUBS FOUR,0.33,0.0412,0.6288
CLUBS TEN CLUBS NINE,0.3054,0.0256,0.669
DIAMONDS KING HEARTS QUEEN,0.3254,0.0098,0.6648
SPADES SIX DIAMONDS SEVEN,0.1986,0.1962,0.6052
SPADES KING HEARTS KING,0.124,0.0198,0.8562
SPADES SIX DIAMONDS FIVE,0.2052,0.451,0.3438
SPADES SEVEN DIAMONDS TEN,0.3148,0.0278,0.6574
DIAMONDS NINE CLUBS ACE,0.3362,0.0052,0.6586
HEARTS THREE CLUBS THREE,0.2284,0.1394,0.6322
HEARTS EIGHT SPADES SEVEN,0.3082,0.0556,0.6362
CLUBS KING CLUBS QUEEN,0.3132,0.0072,0.6796
CLUBS TWO SPADES TWO,0.241,0.0912,0.6678
HEARTS FIVE HEARTS JACK,0.3426,0.0186,0.6388
DIAMONDS FOUR HEARTS JACK,0.342,0.0226,0.6354
SPADES EIGHT DIAMONDS SEVEN,0.2948,0.062,0.6432
DIAMONDS SEVEN DIAMONDS SIX,0.1992,0.2034,0.5974
CLUBS TEN DIAMONDS FIVE,0.3464,0.029,0.6246
DIAMONDS QUEEN SPADES TWO,0.2496,0.0346,0.7158
DIAMONDS KING DIAMONDS SIX,0.2322,0.0422,0.7256
HEARTS FIVE HEARTS QUEEN,0.3452,0.0146,0.6402
HEARTS EIGHT SPADES JACK,0.3184,0.0198,0.6618
CLUBS KING DIAMONDS SIX,0.2322,0.0446,0.7232
CLUBS SIX CLUBS FOUR,0.1966,0.4686,0.3348
CLUBS NINE CLUBS KING,0.3066,0.0072,0.6862
CLUBS THREE CLUBS TWO,0.4506,0.2572,0.2922
DIAMONDS FOUR SPADES QUEEN,0.3758,0.014,0.6102
CLUBS FIVE HEARTS QUEEN,0.3598,0.0128,0.6274
DIAMONDS THREE SPADES NINE,0.366,0.0426,0.5914
CLUBS FIVE HEARTS ACE,0.3488,0.0038,0.6474
SPADES ACE CLUBS QUEEN,0.3386,0.0054,0.656
SPADES TEN CLUBS FIVE,0.3524,0.0274,0.6202
SPADES TEN DIAMONDS QUEEN,0.32,0.0102,0.6698
CLUBS JACK HEARTS THREE,0.3612,0.022,0.6168
DIAMONDS QUEEN DIAMONDS NINE,0.3312,0.0114,0.6574
CLUBS JACK DIAMONDS SEVEN,0.319,0.0188,0.6622
DIAMONDS FOUR CLUBS NINE,0.3544,0.0448,0.6008
HEARTS SEVEN SPADES FOUR,0.33,0.102,0.568
CLUBS TEN CLUBS SEVEN,0.2958,0.028,0.6762
SPADES JACK CLUBS KING,0.334,0.007,0.659
DIAMONDS TEN SPADES THREE,0.3594,0.0338,0.6068
HEARTS EIGHT CLUBS FOUR,0.3462,0.072,0.5818
HEARTS FIVE SPADES EIGHT,0.343,0.0656,0.5914
SPADES THREE HEARTS TEN,0.3584,0.032,0.6096
HEARTS FOUR CLUBS FOUR,0.2396,0.1324,0.628
DIAMONDS KING CLUBS TWO,0.2474,0.0236,0.729
SPADES EIGHT DIAMONDS FIVE,0.3308,0.0648,0.6044
DIAMONDS JACK DIAMONDS SIX,0.236,0.0658,0.6982
CLUBS NINE HEARTS TWO,0.2508,0.1006,0.6486
DIAMONDS THREE DIAMONDS QUEEN,0.3394,0.013,0.6476
CLUBS ACE DIAMONDS SIX,0.2288,0.031,0.7402
SPADES QUEEN SPADES SIX,0.2218,0.0458,0.7324
HEARTS THREE DIAMONDS SEVEN,0.3502,0.105,0.5448
CLUBS TEN CLUBS TWO,0.2446,0.0646,0.6908
SPADES TEN HEARTS THREE,0.3632,0.028,0.6088
HEARTS EIGHT DIAMONDS QUEEN,0.3198,0.0116,0.6686
CLUBS EIGHT SPADES EIGHT,0.141,0.0938,0.7652
DIAMONDS KING DIAMONDS NINE,0.3182,0.008,0.6738
DIAMONDS FOUR SPADES EIGHT,0.336,0.0634,0.6006
HEARTS FOUR HEARTS TWO,0.4634,0.2632,0.2734
SPADES QUEEN DIAMONDS NINE,0.3264,0.0144,0.6592
DIAMONDS THREE CLUBS SEVEN,0.348,0.114,0.538
SPADES NINE DIAMONDS FIVE,0.331,0.0442,0.6248
CLUBS JACK SPADES TWO,0.2496,0.0498,0.7006
CLUBS TWO DIAMONDS NINE,0.2424,0.1082,0.6494
CLUBS SEVEN HEARTS TWO,0.2448,0.1984,0.5568
DIAMONDS THREE DIAMONDS SIX,0.207,0.488,0.305
HEARTS EIGHT HEARTS FIVE,0.3186,0.0616,0.6198
HEARTS TWO DIAMONDS SIX,0.0042,0.9872,0.0086
DIAMONDS THREE CLUBS EIGHT,0.3634,0.0636,0.573
SPADES TEN SPADES EIGHT,0.3026,0.0212,0.6762
HEARTS ACE HEARTS JACK,0.3028,0.0056,0.6916
DIAMONDS KING HEARTS TEN,0.3248,0.0066,0.6686
DIAMONDS THREE HEARTS FIVE,0.4378,0.1652,0.397
HEARTS FIVE DIAMONDS JACK,0.3604,0.0192,0.6204
HEARTS FIVE CLUBS TWO,0.4804,0.2666,0.253
HEARTS FOUR SPADES TWO,0.4768,0.271,0.2522
DIAMONDS NINE HEARTS TEN,0.3032,0.0276,0.6692
CLUBS SIX SPADES EIGHT,0.223,0.1586,0.6184
SPADES ACE SPADES THREE,0.331,0.005,0.664
HEARTS SEVEN SPADES TEN,0.3042,0.0302,0.6656
DIAMONDS JACK HEARTS JACK,0.1216,0.0486,0.8298
CLUBS FOUR CLUBS KING,0.328,0.0104,0.6616
HEARTS EIGHT CLUBS QUEEN,0.3316,0.012,0.6564
CLUBS TWO CLUBS ACE,0.2176,0.0102,0.7722
SPADES FIVE CLUBS KING,0.36,0.008,0.632
DIAMONDS EIGHT HEARTS JACK,0.3222,0.0176,0.6602
SPADES SIX CLUBS ACE,0.2336,0.0302,0.7362
CLUBS JACK SPADES FOUR,0.3492,0.0184,0.6324
DIAMONDS TEN HEARTS JACK,0.3168,0.0134,0.6698
HEARTS FIVE DIAMONDS KING,0.3608,0.0098,0.6294
HEARTS SEVEN DIAMONDS JACK,0.3248,0.021,0.6542
CLUBS SEVEN SPADES FOUR,0.3438,0.1044,0.5518
CLUBS EIGHT DIAMONDS EIGHT,0.1314,0.1018,0.7668
SPADES SIX DIAMONDS EIGHT,0.2244,0.1478,0.6278
CLUBS FIVE DIAMONDS SEVEN,0.3288,0.109,0.5622
CLUBS SIX DIAMONDS EIGHT,0.2346,0.1462,0.6192
DIAMONDS JACK HEARTS TEN,0.3022,0.015,0.6828
SPADES SIX CLUBS KING,0.233,0.042,0.725
DIAMONDS KING SPADES TWO,0.2404,0.0272,0.7324
HEARTS SEVEN DIAMONDS ACE,0.3212,0.0046,0.6742
HEARTS TEN CLUBS QUEEN,0.323,0.0122,0.6648
DIAMONDS NINE DIAMONDS EIGHT,0.2912,0.0332,0.6756
DIAMONDS THREE DIAMONDS TEN,0.3414,0.0276,0.631
CLUBS EIGHT CLUBS SEVEN,0.2796,0.0626,0.6578
HEARTS SEVEN SPADES NINE,0.2988,0.0416,0.6596
SPADES SIX SPADES FIVE,0.1926,0.421,0.3864
CLUBS SEVEN CLUBS THREE,0.3266,0.1014,0.572
SPADES SEVEN DIAMONDS EIGHT,0.3014,0.0704,0.6282
CLUBS SEVEN SPADES TWO,0.2434,0.192,0.5646
HEARTS EIGHT HEARTS THREE,0.3388,0.0702,0.591
SPADES KING HEARTS THREE,0.3626,0.0104,0.627
CLUBS TEN SPADES TEN,0.139,0.0612,0.7998
SPADES THREE CLUBS KING,0.3638,0.008,0.6282
HEARTS THREE DIAMONDS SIX,0.2138,0.509,0.2772
CLUBS SIX HEARTS JACK,0.2452,0.0634,0.6914
CLUBS FIVE SPADES THREE,0.4502,0.161,0.3888
SPADES NINE HEARTS TWO,0.2588,0.0992,0.642
CLUBS SEVEN HEARTS ACE,0.3236,0.0036,0.6728
CLUBS TWO DIAMONDS JACK,0.2476,0.0536,0.6988
DIAMONDS JACK HEARTS NINE,0.3222,0.018,0.6598
CLUBS SEVEN DIAMONDS SIX,0.2092,0.1978,0.593
HEARTS TWO HEARTS NINE,0.2362,0.1096,0.6542
DIAMONDS ACE SPADES TWO,0.234,0.0134,0.7526
DIAMONDS FOUR DIAMONDS NINE,0.347,0.0468,0.6062
SPADES EIGHT HEARTS KING,0.332,0.0084,0.6596
HEARTS EIGHT DIAMONDS KING,0.3388,0.0086,0.6526
SPADES SEVEN DIAMONDS JACK,0.3286,0.0172,0.6542
HEARTS FOUR DIAMONDS KING,0.3518,0.0088,0.6394
HEARTS KING SPADES TWO,0.2432,0.025,0.7318
SPADES SEVEN DIAMONDS NINE,0.3088,0.0398,0.6514
DIAMONDS JACK CLUBS KING,0.3202,0.0048,0.675
CLUBS EIGHT DIAMONDS QUEEN,0.316,0.0112,0.6728
SPADES KING CLUBS TEN,0.3332,0.0096,0.6572
CLUBS TEN DIAMONDS SEVEN,0.3216,0.03,0.6484
SPADES JACK SPADES SEVEN,0.315,0.0186,0.6664
SPADES NINE SPADES TWO,0.2334,0.0944,0.6722
SPADES EIGHT SPADES SIX,0.2138,0.1396,0.6466
CLUBS FIVE CLUBS QUEEN,0.3244,0.015,0.6606
SPADES THREE DIAMONDS NINE,0.366,0.0484,0.5856
HEARTS KING DIAMONDS NINE,0.3118,0.0092,0.679
SPADES ACE SPADES SEVEN,0.3136,0.004,0.6824
SPADES ACE SPADES FOUR,0.3094,0.0038,0.6868
SPADES NINE HEARTS QUEEN,0.3358,0.0128,0.6514
DIAMONDS FOUR HEARTS TEN,0.3436,0.0286,0.6278
SPADES THREE CLUBS QUEEN,0.3716,0.0112,0.6172
HEARTS FOUR DIAMONDS JACK,0.3434,0.0234,0.6332
DIAMONDS KING HEARTS KING,0.1226,0.016,0.8614
SPADES ACE HEARTS THREE,0.359,0.0064,0.6346
SPADES EIGHT HEARTS JACK,0.3372,0.0176,0.6452
HEARTS EIGHT CLUBS EIGHT,0.1284,0.0888,0.7828
HEARTS TWO CLUBS TWO,0.2566,0.1,0.6434
SPADES QUEEN SPADES TWO,0.2424,0.035,0.7226
CLUBS FIVE CLUBS KING,0.3382,0.0064,0.6554
CLUBS FOUR DIAMONDS FIVE,0.4252,0.1504,0.4244
SPADES TEN CLUBS ACE,0.33,0.0052,0.6648
SPADES TEN DIAMONDS SIX,0.232,0.0812,0.6868
HEARTS FOUR CLUBS KING,0.3652,0.012,0.6228
CLUBS EIGHT DIAMONDS SEVEN,0.2932,0.0624,0.6444
HEARTS FOUR DIAMONDS QUEEN,0.3698,0.0134,0.6168
SPADES FIVE HEARTS KING,0.3376,0.0104,0.652
DIAMONDS KING SPADES FIVE,0.3508,0.0096,0.6396
HEARTS FIVE SPADES TWO,0.4726,0.2758,0.2516
HEARTS FIVE HEARTS KING,0.3444,0.0094,0.6462
SPADES ACE CLUBS TEN,0.3358,0.003,0.6612
CLUBS JACK CLUBS THREE,0.336,0.0184,0.6456
CLUBS SIX HEARTS KING,0.2344,0.0404,0.7252
CLUBS SEVEN DIAMONDS NINE,0.305,0.0382,0.6568
DIAMONDS JACK DIAMONDS SEVEN,0.3084,0.0178,0.6738
SPADES TEN DIAMONDS NINE,0.3142,0.0234,0.6624
HEARTS EIGHT DIAMONDS ACE,0.324,0.004,0.672
SPADES JACK SPADES TWO,0.2416,0.0456,0.7128
SPADES NINE DIAMONDS SEVEN,0.307,0.0448,0.6482
SPADES QUEEN SPADES EIGHT,0.3148,0.0126,0.6726
SPADES QUEEN CLUBS FOUR,0.3658,0.0124,0.6218
SPADES NINE CLUBS TWO,0.2522,0.0924,0.6554
SPADES TEN HEARTS NINE,0.3188,0.0234,0.6578
SPADES EIGHT CLUBS FOUR,0.3538,0.0724,0.5738
CLUBS TEN DIAMONDS THREE,0.3536,0.0294,0.617
HEARTS SEVEN CLUBS SEVEN,0.1252,0.1076,0.7672
CLUBS EIGHT CLUBS ACE,0.317,0.006,0.677
CLUBS NINE HEARTS KING,0.3204,0.0086,0.671
CLUBS FOUR DIAMONDS JACK,0.3568,0.0196,0.6236
HEARTS EIGHT DIAMONDS SEVEN,0.2902,0.0648,0.645
SPADES EIGHT HEARTS TEN,0.316,0.024,0.66
SPADES SEVEN SPADES FOUR,0.3226,0.089,0.5884
SPADES KING DIAMONDS SIX,0.231,0.0508,0.7182
CLUBS FOUR HEARTS QUEEN,0.3478,0.0124,0.6398
DIAMONDS FOUR DIAMONDS JACK,0.3472,0.0186,0.6342
DIAMONDS THREE CLUBS KING,0.372,0.009,0.619
CLUBS THREE HEARTS NINE,0.3488,0.0466,0.6046
DIAMONDS ACE DIAMONDS EIGHT,0.299,0.0042,0.6968
SPADES QUEEN CLUBS KING,0.3336,0.008,0.6584
SPADES KING HEARTS NINE,0.3358,0.0108,0.6534
CLUBS EIGHT CLUBS FOUR,0.3204,0.0678,0.6118
CLUBS FOUR HEARTS NINE,0.359,0.0458,0.5952
SPADES TEN CLUBS KING,0.3312,0.0078,0.661
DIAMONDS FOUR DIAMONDS SIX,0.1988,0.477,0.3242
HEARTS THREE SPADES SIX,0.2064,0.5212,0.2724
HEARTS FIVE DIAMONDS FIVE,0.214,0.1348,0.6512
DIAMONDS JACK SPADES TWO,0.2412,0.046,0.7128
DIAMONDS ACE DIAMONDS SEVEN,0.31,0.0048,0.6852
HEARTS FIVE HEARTS ACE,0.3286,0.005,0.6664
HEARTS EIGHT CLUBS ACE,0.3344,0.005,0.6606
HEARTS FOUR HEARTS TEN,0.337,0.0316,0.6314
DIAMONDS KING DIAMONDS QUEEN,0.3042,0.0066,0.6892
SPADES QUEEN CLUBS EIGHT,0.3392,0.0106,0.6502
HEARTS EIGHT HEARTS ACE,0.3082,0.0056,0.6862
DIAMONDS THREE DIAMONDS JACK,0.334,0.0236,0.6424
SPADES QUEEN CLUBS QUEEN,0.1444,0.0338,0.8218
DIAMONDS JACK SPADES FOUR,0.3538,0.0218,0.6244
SPADES JACK CLUBS ACE,0.3278,0.0032,0.669
SPADES ACE CLUBS TWO,0.238,0.0116,0.7504
CLUBS SEVEN HEARTS QUEEN,0.3292,0.0128,0.658
CLUBS TEN DIAMONDS NINE,0.3098,0.0242,0.666
CLUBS SIX DIAMONDS QUEEN,0.2344,0.053,0.7126
SPADES FIVE DIAMONDS SIX,0.2106,0.444,0.3454
DIAMONDS THREE HEARTS JACK,0.3512,0.0212,0.6276
SPADES NINE DIAMONDS NINE,0.1324,0.0802,0.7874
SPADES ACE DIAMONDS TEN,0.3262,0.004,0.6698
HEARTS TWO SPADES SEVEN,0.2452,0.1884,0.5664
SPADES KING HEARTS SEVEN,0.3218,0.0068,0.6714
SPADES JACK DIAMONDS TEN,0.3152,0.0154,0.6694
DIAMONDS KING SPADES THREE,0.3582,0.0102,0.6316
HEARTS THREE DIAMONDS TEN,0.3574,0.0312,0.6114
DIAMONDS THREE HEARTS NINE,0.351,0.0462,0.6028
DIAMONDS QUEEN CLUBS ACE,0.3188,0.0056,0.6756
HEARTS TWO HEARTS ACE,0.2198,0.0136,0.7666
HEARTS FIVE SPADES NINE,0.3392,0.046,0.6148
CLUBS THREE HEARTS TEN,0.358,0.0306,0.6114
SPADES SIX DIAMONDS SIX,0.064,0.1168,0.8192
CLUBS FOUR SPADES TWO,0.4754,0.2736,0.251
HEARTS FOUR SPADES SIX,0.2112,0.5048,0.284
DIAMONDS THREE CLUBS FIVE,0.4216,0.1622,0.4162
DIAMONDS FOUR SPADES SEVEN,0.3276,0.1074,0.565
CLUBS NINE DIAMONDS JACK,0.3292,0.0154,0.6554
CLUBS FIVE DIAMONDS NINE,0.3464,0.0358,0.6178
CLUBS EIGHT DIAMONDS ACE,0.3178,0.0046,0.6776
SPADES FIVE DIAMONDS FIVE,0.2042,0.139,0.6568
DIAMONDS FOUR CLUBS SIX,0.2036,0.5108,0.2856
CLUBS FOUR DIAMONDS SIX,0.2238,0.4836,0.2926
CLUBS SIX DIAMONDS ACE,0.2164,0.0318,0.7518
HEARTS KING DIAMONDS SEVEN,0.323,0.0096,0.6674
HEARTS FOUR HEARTS ACE,0.3314,0.0062,0.6624
SPADES TEN HEARTS TWO,0.2498,0.0692,0.681
DIAMONDS FOUR HEARTS KING,0.3418,0.01,0.6482
CLUBS TEN CLUBS FOUR,0.34,0.0302,0.6298
CLUBS TWO DIAMONDS SIX,0.0096,0.9744,0.016
DIAMONDS QUEEN HEARTS NINE,0.3178,0.0108,0.6714
CLUBS TWO CLUBS QUEEN,0.236,0.0296,0.7344
SPADES TEN HEARTS KING,0.3312,0.0082,0.6606
CLUBS THREE HEARTS KING,0.3744,0.0106,0.615
SPADES NINE CLUBS QUEEN,0.3402,0.0108,0.649
SPADES KING DIAMONDS NINE,0.3288,0.008,0.6632
SPADES TEN DIAMONDS FIVE,0.3624,0.0282,0.6094
DIAMONDS KING HEARTS JACK,0.3272,0.0066,0.6662
SPADES EIGHT DIAMONDS KING,0.3364,0.0064,0.6572
SPADES THREE HEARTS JACK,0.3628,0.0232,0.614
SPADES ACE SPADES KING,0.3158,0.0038,0.6804
CLUBS JACK HEARTS FIVE,0.3558,0.0202,0.624
HEARTS FIVE DIAMONDS EIGHT,0.3414,0.073,0.5856
SPADES EIGHT HEARTS QUEEN,0.3274,0.0114,0.6612
DIAMONDS JACK DIAMONDS TEN,0.2958,0.0126,0.6916
DIAMONDS EIGHT DIAMONDS SEVEN,0.2918,0.063,0.6452
HEARTS THREE HEARTS KING,0.3448,0.0108,0.6444
CLUBS NINE DIAMONDS QUEEN,0.3232,0.012,0.6648
HEARTS FOUR SPADES THREE,0.439,0.1508,0.4102
SPADES ACE DIAMONDS JACK,0.3072,0.0064,0.6864
CLUBS THREE DIAMONDS SEVEN,0.3482,0.1018,0.55
CLUBS TEN SPADES EIGHT,0.32,0.0278,0.6522
SPADES KING SPADES QUEEN,0.3164,0.0086,0.675
SPADES KING SPADES FIVE,0.3268,0.0098,0.6634
HEARTS EIGHT DIAMONDS EIGHT,0.1204,0.097,0.7826
CLUBS SEVEN DIAMONDS SEVEN,0.1242,0.1076,0.7682
DIAMONDS FOUR SPADES FOUR,0.2116,0.1474,0.641
DIAMONDS ACE HEARTS NINE,0.3286,0.0056,0.6658
SPADES EIGHT DIAMONDS JACK,0.3228,0.021,0.6562
HEARTS FIVE SPADES SEVEN,0.3294,0.1058,0.5648
CLUBS THREE SPADES TWO,0.481,0.2654,0.2536
CLUBS EIGHT SPADES FOUR,0.3566,0.0634,0.58
SPADES QUEEN HEARTS THREE,0.36,0.0142,0.6258
DIAMONDS FOUR SPADES THREE,0.4362,0.164,0.3998
SPADES FIVE CLUBS ACE,0.3352,0.0038,0.661
HEARTS EIGHT SPADES TWO,0.2428,0.141,0.6162
SPADES KING CLUBS FIVE,0.355,0.0076,0.6374
HEARTS FOUR CLUBS ACE,0.3504,0.0042,0.6454
DIAMONDS QUEEN SPADES FIVE,0.3604,0.0144,0.6252
CLUBS QUEEN HEARTS NINE,0.3314,0.013,0.6556
DIAMONDS FOUR DIAMONDS QUEEN,0.3396,0.0116,0.6488
SPADES JACK HEARTS FOUR,0.3632,0.02,0.6168
HEARTS FIVE HEARTS THREE,0.4016,0.1624,0.436
SPADES FOUR HEARTS TEN,0.3484,0.0372,0.6144
SPADES FIVE HEARTS ACE,0.3408,0.007,0.6522
DIAMONDS ACE DIAMONDS QUEEN,0.3092,0.0046,0.6862
SPADES NINE SPADES SEVEN,0.2904,0.0404,0.6692
HEARTS SEVEN CLUBS QUEEN,0.3306,0.0128,0.6566
CLUBS FOUR SPADES SIX,0.2146,0.4954,0.29
CLUBS SEVEN DIAMONDS ACE,0.3088,0.0042,0.687
HEARTS FIVE SPADES TEN,0.3668,0.0284,0.6048
CLUBS EIGHT CLUBS TWO,0.2324,0.1378,0.6298
CLUBS SEVEN HEARTS THREE,0.3468,0.107,0.5462
CLUBS SIX DIAMONDS TEN,0.2318,0.0874,0.6808
SPADES TEN CLUBS SEVEN,0.326,0.0306,0.6434
CLUBS TEN HEARTS NINE,0.32,0.0218,0.6582
DIAMONDS TEN HEARTS QUEEN,0.3166,0.0126,0.6708
HEARTS SEVEN SPADES FIVE,0.328,0.1032,0.5688
HEARTS FIVE HEARTS TEN,0.337,0.0288,0.6342
SPADES TWO CLUBS KING,0.2522,0.0242,0.7236
SPADES FOUR DIAMONDS TEN,0.3504,0.0302,0.6194
CLUBS TEN SPADES TWO,0.256,0.0678,0.6762
HEARTS EIGHT CLUBS THREE,0.3536,0.0672,0.5792
SPADES TEN SPADES TWO,0.2424,0.062,0.6956
SPADES FOUR DIAMONDS NINE,0.3596,0.0412,0.5992
SPADES SIX CLUBS THREE,0.219,0.498,0.283
HEARTS FOUR DIAMONDS SEVEN,0.3342,0.1058,0.56
SPADES ACE HEARTS FIVE,0.3406,0.0052,0.6542
CLUBS TEN CLUBS SIX,0.2228,0.0762,0.701
DIAMONDS THREE HEARTS QUEEN,0.3578,0.0172,0.625
CLUBS TEN SPADES QUEEN,0.3276,0.012,0.6604
CLUBS THREE CLUBS KING,0.3354,0.0096,0.655
HEARTS SEVEN DIAMONDS QUEEN,0.3298,0.0108,0.6594
CLUBS NINE HEARTS THREE,0.3668,0.04,0.5932
CLUBS THREE DIAMONDS FIVE,0.4252,0.1674,0.4074
HEARTS FOUR DIAMONDS TEN,0.3644,0.0288,0.6068
SPADES FOUR CLUBS KING,0.3526,0.008,0.6394
HEARTS FOUR CLUBS THREE,0.4438,0.1524,0.4038
HEARTS THREE DIAMONDS QUEEN,0.3618,0.0154,0.6228
HEARTS SEVEN HEARTS NINE,0.2952,0.0416,0.6632
CLUBS NINE SPADES NINE,0.1368,0.074,0.7892
HEARTS THREE SPADES FOUR,0.4512,0.16,0.3888
HEARTS ACE HEARTS TEN,0.3178,0.0068,0.6754
CLUBS ACE CLUBS KING,0.3224,0.0024,0.6752
DIAMONDS ACE CLUBS TWO,0.2356,0.0136,0.7508
HEARTS FIVE CLUBS FOUR,0.4244,0.1694,0.4062
SPADES QUEEN CLUBS SIX,0.2396,0.0516,0.7088
DIAMONDS QUEEN DIAMONDS TEN,0.3106,0.0138,0.6756
SPADES TEN DIAMONDS JACK,0.2962,0.0144,0.6894
SPADES TWO DIAMONDS FIVE,0.4822,0.2688,0.249
DIAMONDS THREE SPADES JACK,0.363,0.02,0.617
HEARTS THREE CLUBS FIVE,0.439,0.154,0.407
SPADES JACK SPADES FOUR,0.3308,0.022,0.6472
CLUBS THREE SPADES FOUR,0.4232,0.1702,0.4066
HEARTS EIGHT SPADES FOUR,0.348,0.0646,0.5874
DIAMONDS QUEEN SPADES FOUR,0.3494,0.0124,0.6382
CLUBS JACK SPADES SIX,0.2386,0.0602,0.7012
DIAMONDS QUEEN HEARTS TEN,0.3168,0.011,0.6722
HEARTS TWO CLUBS FIVE,0.4798,0.2762,0.244
HEARTS FIVE SPADES FIVE,0.2428,0.1264,0.6308
HEARTS KING DIAMONDS SIX,0.2216,0.044,0.7344
DIAMONDS QUEEN CLUBS TWO,0.2466,0.0312,0.7222
HEARTS NINE DIAMONDS FIVE,0.3318,0.0466,0.6216
DIAMONDS THREE SPADES THREE,0.226,0.1438,0.6302
CLUBS TEN CLUBS QUEEN,0.307,0.0102,0.6828
SPADES KING SPADES TEN,0.3076,0.0072,0.6852
HEARTS SEVEN CLUBS EIGHT,0.2998,0.0612,0.639
CLUBS QUEEN DIAMONDS FIVE,0.3532,0.0128,0.634
HEARTS KING CLUBS ACE,0.3384,0.0062,0.6554
HEARTS THREE DIAMONDS EIGHT,0.3534,0.0718,0.5748
CLUBS FIVE SPADES FIVE,0.2146,0.1352,0.6502
DIAMONDS FOUR DIAMONDS FIVE,0.3996,0.1484,0.452
CLUBS SIX HEARTS TEN,0.2304,0.0812,0.6884
HEARTS SEVEN CLUBS FOUR,0.3286,0.1006,0.5708
SPADES FIVE HEARTS TEN,0.3514,0.0308,0.6178
SPADES TWO HEARTS TEN,0.2396,0.072,0.6884
HEARTS THREE CLUBS FOUR,0.4486,0.1602,0.3912
HEARTS EIGHT DIAMONDS TEN,0.3102,0.0264,0.6634
DIAMONDS ACE DIAMONDS JACK,0.3088,0.0046,0.6866
HEARTS FOUR HEARTS THREE,0.4108,0.1482,0.441
DIAMONDS TEN DIAMONDS NINE,0.2978,0.0258,0.6764
SPADES QUEEN HEARTS FOUR,0.3546,0.0104,0.635
SPADES JACK CLUBS TWO,0.2666,0.0512,0.6822
SPADES ACE HEARTS EIGHT,0.3122,0.0036,0.6842
SPADES ACE SPADES SIX,0.2172,0.0278,0.755
SPADES NINE CLUBS FOUR,0.3736,0.0446,0.5818
SPADES EIGHT DIAMONDS EIGHT,0.136,0.0832,0.7808
CLUBS NINE SPADES EIGHT,0.3138,0.0416,0.6446
CLUBS FIVE CLUBS FOUR,0.395,0.1532,0.4518
SPADES QUEEN HEARTS ACE,0.3426,0.006,0.6514
CLUBS JACK DIAMONDS EIGHT,0.3312,0.0176,0.6512
CLUBS SIX CLUBS QUEEN,0.217,0.0444,0.7386
CLUBS TEN CLUBS FIVE,0.3352,0.029,0.6358
CLUBS TWO HEARTS NINE,0.2334,0.102,0.6646
HEARTS FOUR DIAMONDS EIGHT,0.3502,0.0746,0.5752
CLUBS FOUR SPADES THREE,0.4248,0.1644,0.4108
DIAMONDS FOUR CLUBS QUEEN,0.3642,0.0154,0.6204
SPADES JACK DIAMONDS EIGHT,0.3178,0.0188,0.6634
SPADES KING CLUBS THREE,0.3604,0.0092,0.6304
CLUBS FIVE DIAMONDS FIVE,0.2274,0.1238,0.6488
HEARTS KING HEARTS JACK,0.3116,0.008,0.6804
HEARTS TWO DIAMONDS KING,0.2536,0.0242,0.7222
SPADES QUEEN HEARTS TWO,0.2682,0.0316,0.7002
SPADES ACE CLUBS SEVEN,0.3274,0.005,0.6676
CLUBS SIX SPADES SEVEN,0.2144,0.1932,0.5924
CLUBS JACK CLUBS ACE,0.301,0.0044,0.6946
DIAMONDS ACE HEARTS KING,0.3216,0.0036,0.6748
SPADES ACE CLUBS THREE,0.3532,0.0072,0.6396
SPADES THREE DIAMONDS SEVEN,0.3402,0.1126,0.5472
HEARTS JACK CLUBS QUEEN,0.3198,0.0122,0.668
CLUBS JACK HEARTS TEN,0.3178,0.0144,0.6678
DIAMONDS FOUR SPADES FIVE,0.4188,0.1676,0.4136
HEARTS ACE DIAMONDS TEN,0.3214,0.0038,0.6748
DIAMONDS FOUR CLUBS ACE,0.3366,0.0068,0.6566
CLUBS TEN HEARTS QUEEN,0.328,0.0124,0.6596
DIAMONDS TEN HEARTS KING,0.3214,0.0106,0.668
HEARTS SEVEN SPADES EIGHT,0.3182,0.0624,0.6194
HEARTS TWO HEARTS TEN,0.2402,0.0668,0.693
DIAMONDS FOUR CLUBS FIVE,0.411,0.1644,0.4246
DIAMONDS ACE CLUBS KING,0.3356,0.0054,0.659
CLUBS EIGHT HEARTS JACK,0.3188,0.0204,0.6608
HEARTS ACE DIAMONDS FIVE,0.3304,0.0058,0.6638
HEARTS SEVEN SPADES TWO,0.2366,0.1926,0.5708
SPADES FOUR SPADES TWO,0.4462,0.2674,0.2864
CLUBS JACK CLUBS SEVEN,0.3036,0.0202,0.6762
HEARTS SEVEN HEARTS QUEEN,0.3128,0.0134,0.6738
HEARTS SEVEN CLUBS NINE,0.3094,0.043,0.6476
HEARTS FIVE SPADES SIX,0.211,0.4524,0.3366
SPADES FIVE DIAMONDS TEN,0.351,0.032,0.617
DIAMONDS QUEEN HEARTS QUEEN,0.1232,0.0304,0.8464
SPADES FIVE HEARTS QUEEN,0.3362,0.0136,0.6502
HEARTS TWO CLUBS FOUR,0.4802,0.2738,0.246
CLUBS NINE CLUBS SIX,0.218,0.1134,0.6686
HEARTS SEVEN SPADES SEVEN,0.1264,0.1012,0.7724
CLUBS SEVEN DIAMONDS EIGHT,0.2954,0.0624,0.6422
CLUBS JACK DIAMONDS JACK,0.1286,0.0438,0.8276
DIAMONDS THREE DIAMONDS SEVEN,0.342,0.0942,0.5638
SPADES JACK SPADES EIGHT,0.308,0.0174,0.6746
SPADES JACK CLUBS EIGHT,0.3338,0.0168,0.6494
CLUBS FOUR SPADES FIVE,0.4222,0.1544,0.4234
CLUBS FOUR HEARTS JACK,0.356,0.0198,0.6242
HEARTS TWO HEARTS KING,0.2454,0.0234,0.7312
HEARTS EIGHT HEARTS NINE,0.296,0.0386,0.6654
CLUBS SIX SPADES FIVE,0.213,0.4446,0.3424
DIAMONDS QUEEN CLUBS QUEEN,0.1352,0.0324,0.8324
DIAMONDS TEN CLUBS KING,0.3336,0.0068,0.6596
DIAMONDS FOUR DIAMONDS KING,0.3468,0.0098,0.6434
DIAMONDS EIGHT CLUBS KING,0.3522,0.0074,0.6404
SPADES TWO HEARTS QUEEN,0.2512,0.0306,0.7182
CLUBS TEN SPADES SEVEN,0.334,0.0198,0.6462
HEARTS THREE CLUBS TWO,0.467,0.2822,0.2508
DIAMONDS KING DIAMONDS FIVE,0.3406,0.009,0.6504
DIAMONDS ACE SPADES SIX,0.2366,0.028,0.7354
SPADES KING CLUBS SIX,0.2326,0.0372,0.7302
HEARTS SEVEN HEARTS KING,0.313,0.0076,0.6794
CLUBS TEN DIAMONDS KING,0.3274,0.0058,0.6668
DIAMONDS QUEEN DIAMONDS EIGHT,0.3108,0.013,0.6762
CLUBS SEVEN CLUBS QUEEN,0.3184,0.0124,0.6692
SPADES KING HEARTS QUEEN,0.319,0.01,0.671
SPADES KING DIAMONDS QUEEN,0.3262,0.0084,0.6654
SPADES FOUR CLUBS QUEEN,0.3652,0.0118,0.623
SPADES THREE DIAMONDS FIVE,0.4224,0.159,0.4186
SPADES EIGHT SPADES FIVE,0.3176,0.067,0.6154
SPADES SEVEN DIAMONDS SEVEN,0.1298,0.109,0.7612
HEARTS SEVEN DIAMONDS NINE,0.3014,0.0444,0.6542
HEARTS SEVEN DIAMONDS SEVEN,0.119,0.1024,0.7786
CLUBS EIGHT SPADES TWO,0.2466,0.1406,0.6128
SPADES EIGHT CLUBS TWO,0.2332,0.133,0.6338
DIAMONDS QUEEN HEARTS KING,0.3158,0.0076,0.6766
SPADES KING DIAMONDS JACK,0.3298,0.0072,0.663
SPADES JACK DIAMONDS NINE,0.3246,0.0176,0.6578
SPADES TWO CLUBS ACE,0.2256,0.0114,0.763
DIAMONDS JACK HEARTS ACE,0.3194,0.005,0.6756
SPADES SIX CLUBS QUEEN,0.236,0.0514,0.7126
HEARTS THREE CLUBS KING,0.362,0.0084,0.6296
HEARTS TWO DIAMONDS SEVEN,0.2494,0.1886,0.562
SPADES TWO DIAMONDS SEVEN,0.2432,0.2004,0.5564
DIAMONDS JACK SPADES THREE,0.3554,0.0252,0.6194
CLUBS SIX DIAMONDS FIVE,0.21,0.4434,0.3466
SPADES FIVE CLUBS QUEEN,0.3534,0.0126,0.634
CLUBS FOUR DIAMONDS EIGHT,0.334,0.071,0.595
DIAMONDS THREE HEARTS THREE,0.2272,0.1454,0.6274
SPADES SIX HEARTS ACE,0.2236,0.0242,0.7522
CLUBS JACK CLUBS TEN,0.2932,0.017,0.6898
SPADES SIX HEARTS KING,0.235,0.0408,0.7242
SPADES SEVEN SPADES SIX,0.1982,0.1944,0.6074
SPADES EIGHT DIAMONDS NINE,0.3084,0.0426,0.649
HEARTS FOUR SPADES FOUR,0.229,0.1382,0.6328
CLUBS JACK HEARTS SEVEN,0.3148,0.0192,0.666
HEARTS SEVEN DIAMONDS TEN,0.3102,0.0272,0.6626
CLUBS FIVE HEARTS NINE,0.3464,0.0458,0.6078
CLUBS TWO HEARTS KING,0.2502,0.0248,0.725
DIAMONDS FOUR HEARTS FIVE,0.4226,0.168,0.4094
HEARTS KING CLUBS QUEEN,0.325,0.0056,0.6694
DIAMONDS NINE CLUBS KING,0.32,0.0074,0.6726
SPADES NINE CLUBS ACE,0.317,0.003,0.68
CLUBS KING HEARTS NINE,0.3292,0.0088,0.662
CLUBS TEN CLUBS THREE,0.342,0.0264,0.6316
DIAMONDS FOUR DIAMONDS EIGHT,0.3302,0.0686,0.6012
CLUBS FOUR HEARTS ACE,0.345,0.006,0.649
SPADES JACK DIAMONDS ACE,0.3148,0.0062,0.679
CLUBS TEN DIAMONDS ACE,0.3334,0.0046,0.662
CLUBS NINE SPADES SIX,0.2416,0.11,0.6484
CLUBS NINE SPADES JACK,0.3282,0.0152,0.6566
SPADES SIX DIAMONDS JACK,0.2374,0.062,0.7006
HEARTS QUEEN CLUBS ACE,0.34,0.0044,0.6556
DIAMONDS FOUR SPADES TEN,0.3584,0.0312,0.6104
SPADES KING SPADES SIX,0.2238,0.0404,0.7358
DIAMONDS FOUR DIAMONDS TEN,0.3328,0.0312,0.636
HEARTS EIGHT HEARTS TWO,0.2294,0.1424,0.6282
CLUBS EIGHT SPADES FIVE,0.344,0.066,0.59
CLUBS NINE SPADES SEVEN,0.3088,0.0408,0.6504
SPADES KING DIAMONDS THREE,0.3618,0.0102,0.628
DIAMONDS THREE CLUBS NINE,0.3588,0.0462,0.595
HEARTS TWO DIAMONDS EIGHT,0.2422,0.1444,0.6134
HEARTS EIGHT HEARTS FOUR,0.3218,0.066,0.6122
SPADES TEN SPADES THREE,0.3268,0.0312,0.642
HEARTS THREE SPADES FIVE,0.4256,0.167,0.4074
SPADES NINE SPADES FOUR,0.3384,0.0356,0.626
SPADES FOUR DIAMONDS FIVE,0.418,0.157,0.425
SPADES QUEEN DIAMONDS ACE,0.3354,0.005,0.6596
CLUBS EIGHT SPADES NINE,0.3114,0.0338,0.6548
HEARTS EIGHT CLUBS NINE,0.3104,0.038,0.6516
CLUBS FIVE HEARTS KING,0.3496,0.01,0.6404
DIAMONDS TEN SPADES TWO,0.2354,0.0726,0.692
HEARTS THREE SPADES SEVEN,0.3508,0.1078,0.5414
SPADES QUEEN HEARTS JACK,0.323,0.0108,0.6662
CLUBS EIGHT SPADES THREE,0.359,0.0626,0.5784
HEARTS FOUR HEARTS JACK,0.343,0.0208,0.6362
DIAMONDS THREE CLUBS ACE,0.3448,0.0054,0.6498
SPADES KING CLUBS SEVEN,0.322,0.0076,0.6704
SPADES QUEEN SPADES SEVEN,0.3142,0.0138,0.672
CLUBS SEVEN CLUBS ACE,0.309,0.0044,0.6866
CLUBS TWO CLUBS KING,0.2302,0.0248,0.745
DIAMONDS JACK HEARTS QUEEN,0.313,0.0108,0.6762
DIAMONDS JACK DIAMONDS FIVE,0.3352,0.0182,0.6466
SPADES ACE CLUBS FOUR,0.3494,0.0054,0.6452
HEARTS ACE CLUBS QUEEN,0.3322,0.006,0.6618
CLUBS FIVE DIAMONDS EIGHT,0.3298,0.0748,0.5954
DIAMONDS TEN HEARTS NINE,0.3074,0.0266,0.666
DIAMONDS TEN CLUBS ACE,0.3218,0.0038,0.6744
SPADES JACK SPADES THREE,0.3286,0.0216,0.6498
CLUBS EIGHT CLUBS THREE,0.339,0.0612,0.5998
CLUBS SIX HEARTS TWO,0.021,0.9642,0.0148
HEARTS THREE HEARTS ACE,0.3286,0.0068,0.6646
DIAMONDS ACE HEARTS TEN,0.3146,0.0074,0.678
CLUBS SEVEN SPADES THREE,0.3504,0.1074,0.5422
SPADES ACE SPADES JACK,0.31,0.0034,0.6866
DIAMONDS TEN DIAMONDS SEVEN,0.3118,0.029,0.6592
DIAMONDS FOUR CLUBS SEVEN,0.3196,0.1084,0.572
CLUBS TEN HEARTS JACK,0.3178,0.015,0.6672
HEARTS FIVE DIAMONDS TEN,0.357,0.0304,0.6126
SPADES EIGHT CLUBS KING,0.3356,0.0088,0.6556
HEARTS FIVE CLUBS EIGHT,0.3376,0.0674,0.595
CLUBS JACK DIAMONDS KING,0.323,0.0058,0.6712
CLUBS FIVE DIAMONDS JACK,0.3596,0.0174,0.623
CLUBS EIGHT CLUBS SIX,0.215,0.1446,0.6404
DIAMONDS ACE HEARTS JACK,0.316,0.0036,0.6804
DIAMONDS ACE SPADES SEVEN,0.3136,0.0052,0.6812
SPADES JACK CLUBS QUEEN,0.3242,0.0114,0.6644
HEARTS KING CLUBS KING,0.1408,0.0184,0.8408
CLUBS NINE CLUBS QUEEN,0.3072,0.012,0.6808
SPADES SEVEN CLUBS THREE,0.3502,0.101,0.5488
CLUBS FIVE DIAMONDS KING,0.3512,0.0072,0.6416
SPADES KING SPADES FOUR,0.3388,0.008,0.6532
CLUBS JACK SPADES JACK,0.1306,0.0478,0.8216
SPADES SEVEN SPADES THREE,0.3226,0.0996,0.5778
HEARTS SEVEN CLUBS SIX,0.206,0.2046,0.5894
CLUBS SEVEN HEARTS KING,0.319,0.009,0.672
HEARTS QUEEN CLUBS QUEEN,0.1274,0.0326,0.84
HEARTS SEVEN CLUBS ACE,0.3248,0.0046,0.6706
CLUBS TEN HEARTS TWO,0.2562,0.0652,0.6786
SPADES QUEEN DIAMONDS KING,0.3338,0.006,0.6602
SPADES FOUR DIAMONDS SEVEN,0.3248,0.101,0.5742
HEARTS EIGHT CLUBS SIX,0.2264,0.1544,0.6192
