opposingHand,winningChance,drawChance,lostChance
HEARTS FOUR HEARTS TWO
CLUBS NINE DIAMONDS NINE,0.1882,0.0804,0.7314
SPADES SIX HEARTS TEN,0.3762,0.028,0.5958
HEARTS SIX SPADES NINE,0.3724,0.0424,0.5852
CLUBS TWO HEARTS JACK,0.3096,0.054,0.6364
SPADES EIGHT SPADES SEVEN,0.3412,0.0526,0.6062
CLUBS FIVE CLUBS FOUR,0.2582,0.315,0.4268
CLUBS QUEEN HEARTS NINE,0.3548,0.011,0.6342
HEARTS THREE CLUBS QUEEN,0.403,0.0148,0.5822
HEARTS EIGHT CLUBS THREE,0.4024,0.0718,0.5258
DIAMONDS QUEEN HEARTS TEN,0.3754,0.01,0.6146
HEARTS SEVEN DIAMONDS JACK,0.3712,0.0198,0.609
SPADES ACE HEARTS TEN,0.3784,0.0068,0.6148
CLUBS JACK CLUBS FIVE,0.3544,0.0212,0.6244
CLUBS TEN CLUBS QUEEN,0.3486,0.0114,0.64
HEARTS FIVE CLUBS SEVEN,0.3394,0.1026,0.558
CLUBS EIGHT SPADES SIX,0.3636,0.0674,0.569
DIAMONDS SIX CLUBS QUEEN,0.3884,0.014,0.5976
CLUBS JACK CLUBS SIX,0.3686,0.0178,0.6136
DIAMONDS QUEEN DIAMONDS TEN,0.3432,0.0114,0.6454
SPADES EIGHT DIAMONDS JACK,0.381,0.0132,0.6058
CLUBS FIVE DIAMONDS KING,0.3868,0.0104,0.6028
SPADES NINE DIAMONDS ACE,0.3862,0.005,0.6088
CLUBS JACK SPADES QUEEN,0.3738,0.0122,0.614
HEARTS FIVE DIAMONDS FIVE,0.1462,0.1544,0.6994
CLUBS NINE DIAMONDS JACK,0.3664,0.014,0.6196
SPADES EIGHT DIAMONDS EIGHT,0.1812,0.0912,0.7276
SPADES FIVE DIAMONDS EIGHT,0.3762,0.0708,0.553
HEARTS SEVEN DIAMONDS FIVE,0.345,0.1008,0.5542
CLUBS SIX SPADES FOUR,0.2794,0.2524,0.4682
CLUBS THREE HEARTS QUEEN,0.4044,0.0158,0.5798
CLUBS JACK DIAMONDS THREE,0.422,0.021,0.557
DIAMONDS ACE SPADES SIX,0.383,0.0046,0.6124
CLUBS EIGHT CLUBS QUEEN,0.3668,0.0124,0.6208
SPADES KING DIAMONDS SEVEN,0.3994,0.0078,0.5928
DIAMONDS THREE SPADES NINE,0.4142,0.0428,0.543
SPADES QUEEN HEARTS ACE,0.3606,0.0058,0.6336
CLUBS FOUR HEARTS ACE,0.2686,0.0232,0.7082
SPADES QUEEN SPADES NINE,0.3454,0.0118,0.6428
CLUBS EIGHT HEARTS JACK,0.3732,0.0182,0.6086
CLUBS NINE SPADES FOUR,0.2962,0.1146,0.5892
HEARTS FIVE HEARTS JACK,0.3278,0.0218,0.6504
CLUBS EIGHT DIAMONDS EIGHT,0.1788,0.0966,0.7246
SPADES SEVEN CLUBS ACE,0.3892,0.0036,0.6072
SPADES QUEEN DIAMONDS SIX,0.3952,0.012,0.5928
HEARTS TEN DIAMONDS FIVE,0.3762,0.03,0.5938
SPADES EIGHT DIAMONDS FOUR,0.3032,0.145,0.5518
DIAMONDS ACE SPADES THREE,0.387,0.008,0.605
HEARTS EIGHT HEARTS NINE,0.316,0.038,0.646
HEARTS ACE CLUBS ACE,0.171,0.0048,0.8242
HEARTS EIGHT CLUBS SEVEN,0.3644,0.0612,0.5744
HEARTS EIGHT SPADES THREE,0.3956,0.0722,0.5322
HEARTS FIVE SPADES SEVEN,0.343,0.099,0.558
CLUBS FIVE SPADES FOUR,0.2674,0.349,0.3836
DIAMONDS KING DIAMONDS FOUR,0.2818,0.0344,0.6838
DIAMONDS JACK SPADES FIVE,0.3856,0.0174,0.597
DIAMONDS THREE DIAMONDS EIGHT,0.3844,0.0634,0.5522
DIAMONDS THREE CLUBS FIVE,0.371,0.2316,0.3974
CLUBS EIGHT DIAMONDS FIVE,0.3652,0.0704,0.5644
CLUBS EIGHT SPADES THREE,0.4036,0.0654,0.531
CLUBS FIVE CLUBS QUEEN,0.3596,0.0132,0.6272
SPADES ACE SPADES TWO,0.273,0.011,0.716
CLUBS SEVEN HEARTS TEN,0.3594,0.0272,0.6134
SPADES KING HEARTS QUEEN,0.369,0.0108,0.6202
HEARTS FIVE SPADES THREE,0.367,0.2238,0.4092
DIAMONDS SEVEN DIAMONDS SIX,0.3488,0.0862,0.565
HEARTS FIVE DIAMONDS SEVEN,0.3448,0.0994,0.5558
CLUBS NINE DIAMONDS KING,0.3846,0.0094,0.606
CLUBS SEVEN SPADES SIX,0.3684,0.0884,0.5432
CLUBS EIGHT DIAMONDS QUEEN,0.3888,0.0106,0.6006
SPADES KING CLUBS EIGHT,0.4,0.008,0.592
DIAMONDS THREE CLUBS EIGHT,0.4246,0.0656,0.5098
CLUBS JACK SPADES FIVE,0.3844,0.0188,0.5968
DIAMONDS ACE HEARTS QUEEN,0.3726,0.0066,0.6208
DIAMONDS EIGHT HEARTS TEN,0.3568,0.0286,0.6146
DIAMONDS ACE DIAMONDS EIGHT,0.3684,0.0062,0.6254
CLUBS EIGHT HEARTS KING,0.383,0.0066,0.6104
DIAMONDS ACE CLUBS FIVE,0.3546,0.0056,0.6398
CLUBS THREE CLUBS TWO,0.3006,0.4462,0.2532
SPADES NINE HEARTS ACE,0.385,0.0044,0.6106
SPADES TEN HEARTS JACK,0.3714,0.0162,0.6124
HEARTS FIVE CLUBS KING,0.3718,0.0076,0.6206
HEARTS SIX SPADES TEN,0.3716,0.033,0.5954
HEARTS TEN HEARTS NINE,0.309,0.0244,0.6666
SPADES SIX SPADES THREE,0.3734,0.1358,0.4908
SPADES EIGHT DIAMONDS NINE,0.3836,0.0356,0.5808
SPADES NINE DIAMONDS FIVE,0.3696,0.0422,0.5882
SPADES KING HEARTS KING,0.1718,0.0212,0.807
SPADES FOUR SPADES TWO,0.0754,0.8466,0.078
SPADES JACK SPADES THREE,0.3948,0.0194,0.5858
HEARTS QUEEN CLUBS QUEEN,0.1862,0.0398,0.774
DIAMONDS TWO HEARTS KING,0.2834,0.0252,0.6914
CLUBS TEN HEARTS FIVE,0.3704,0.0272,0.6024
SPADES TEN SPADES TWO,0.2986,0.0612,0.6402
DIAMONDS JACK DIAMONDS EIGHT,0.3548,0.0168,0.6284
CLUBS SEVEN SPADES EIGHT,0.3646,0.0584,0.577
CLUBS EIGHT DIAMONDS SIX,0.3738,0.0652,0.561
DIAMONDS TWO HEARTS QUEEN,0.283,0.034,0.683
HEARTS EIGHT SPADES QUEEN,0.3706,0.0136,0.6158
HEARTS SIX CLUBS EIGHT,0.3476,0.064,0.5884
HEARTS QUEEN DIAMONDS FIVE,0.3732,0.013,0.6138
HEARTS THREE SPADES FOUR,0.2554,0.4848,0.2598
CLUBS NINE HEARTS JACK,0.3588,0.0158,0.6254
SPADES SIX CLUBS THREE,0.3766,0.149,0.4744
SPADES ACE SPADES EIGHT,0.3706,0.0056,0.6238
SPADES ACE DIAMONDS FOUR,0.2766,0.0226,0.7008
SPADES TEN DIAMONDS NINE,0.3762,0.0232,0.6006
CLUBS TEN HEARTS SIX,0.3812,0.028,0.5908
HEARTS SIX SPADES JACK,0.377,0.0222,0.6008
SPADES EIGHT DIAMONDS SEVEN,0.3642,0.0596,0.5762
DIAMONDS QUEEN CLUBS TWO,0.3058,0.0358,0.6584
HEARTS TEN CLUBS QUEEN,0.3704,0.0114,0.6182
DIAMONDS KING DIAMONDS SEVEN,0.3588,0.0076,0.6336
DIAMONDS QUEEN SPADES FIVE,0.381,0.0134,0.6056
SPADES JACK HEARTS KING,0.3766,0.0084,0.615
CLUBS TEN SPADES SIX,0.3924,0.0282,0.5794
SPADES TEN DIAMONDS QUEEN,0.3752,0.0132,0.6116
CLUBS TWO HEARTS NINE,0.2976,0.1022,0.6002
HEARTS THREE CLUBS ACE,0.3936,0.005,0.6014
SPADES KING HEARTS FIVE,0.371,0.009,0.62
SPADES SIX DIAMONDS NINE,0.3812,0.0422,0.5766
CLUBS TWO CLUBS QUEEN,0.295,0.0346,0.6704
SPADES QUEEN SPADES SIX,0.3568,0.0158,0.6274
HEARTS QUEEN HEARTS NINE,0.3142,0.0142,0.6716
SPADES SIX DIAMONDS SEVEN,0.3566,0.0878,0.5556
SPADES QUEEN CLUBS FOUR,0.3012,0.0508,0.648
CLUBS THREE CLUBS ACE,0.364,0.0052,0.6308
CLUBS NINE SPADES FIVE,0.3988,0.0436,0.5576
SPADES FOUR HEARTS JACK,0.2784,0.0608,0.6608
SPADES TEN DIAMONDS ACE,0.3754,0.0058,0.6188
CLUBS SEVEN HEARTS KING,0.3788,0.0082,0.613
SPADES EIGHT HEARTS KING,0.3864,0.0078,0.6058
DIAMONDS TWO SPADES FIVE,0.2738,0.3462,0.38
CLUBS EIGHT HEARTS QUEEN,0.3694,0.0144,0.6162
DIAMONDS THREE CLUBS FOUR,0.2558,0.4956,0.2486
CLUBS THREE HEARTS JACK,0.381,0.0208,0.5982
CLUBS SEVEN SPADES NINE,0.3728,0.04,0.5872
DIAMONDS TWO DIAMONDS EIGHT,0.2854,0.1338,0.5808
CLUBS NINE SPADES SIX,0.3814,0.039,0.5796
HEARTS ACE DIAMONDS SIX,0.3676,0.0048,0.6276
DIAMONDS EIGHT DIAMONDS FOUR,0.2814,0.1414,0.5772
DIAMONDS NINE CLUBS ACE,0.382,0.003,0.615
CLUBS JACK HEARTS NINE,0.3566,0.0162,0.6272
CLUBS JACK HEARTS EIGHT,0.3666,0.0172,0.6162
CLUBS JACK DIAMONDS ACE,0.391,0.005,0.604
CLUBS NINE CLUBS SIX,0.3596,0.04,0.6004
DIAMONDS EIGHT DIAMONDS FIVE,0.3582,0.0636,0.5782
DIAMONDS TEN HEARTS KING,0.3832,0.0078,0.609
DIAMONDS THREE CLUBS KING,0.4172,0.0098,0.573
SPADES JACK CLUBS SIX,0.39,0.0172,0.5928
CLUBS FOUR HEARTS QUEEN,0.2884,0.0496,0.662
DIAMONDS TEN HEARTS JACK,0.3698,0.0164,0.6138
CLUBS SEVEN SPADES FIVE,0.3632,0.0966,0.5402
DIAMONDS SEVEN CLUBS QUEEN,0.3866,0.0122,0.6012
HEARTS THREE SPADES THREE,0.2574,0.1588,0.5838
DIAMONDS THREE SPADES TWO,0.313,0.4784,0.2086
HEARTS QUEEN HEARTS JACK,0.3386,0.012,0.6494
HEARTS EIGHT CLUBS KING,0.3752,0.0078,0.617
DIAMONDS ACE SPADES FOUR,0.2728,0.0244,0.7028
SPADES THREE HEARTS NINE,0.4032,0.0464,0.5504
CLUBS TEN HEARTS KING,0.3852,0.0062,0.6086
CLUBS JACK CLUBS TWO,0.2788,0.0482,0.673
SPADES ACE HEARTS SIX,0.3794,0.006,0.6146
HEARTS SIX HEARTS JACK,0.3352,0.0206,0.6442
DIAMONDS TEN HEARTS QUEEN,0.363,0.0116,0.6254
HEARTS SIX DIAMONDS EIGHT,0.37,0.0674,0.5626
HEARTS SIX DIAMONDS NINE,0.3692,0.0458,0.585
SPADES ACE SPADES TEN,0.3584,0.0046,0.637
HEARTS KING CLUBS ACE,0.3746,0.0058,0.6196
HEARTS THREE SPADES FIVE,0.356,0.233,0.411
CLUBS SEVEN CLUBS FIVE,0.3518,0.0912,0.557
SPADES TEN SPADES NINE,0.353,0.0188,0.6282
CLUBS QUEEN DIAMONDS FOUR,0.3056,0.0434,0.651
DIAMONDS THREE CLUBS TWO,0.312,0.4746,0.2134
SPADES ACE DIAMONDS SEVEN,0.3908,0.0056,0.6036
HEARTS SEVEN SPADES QUEEN,0.3706,0.0132,0.6162
CLUBS FIVE SPADES SEVEN,0.3664,0.1012,0.5324
SPADES FIVE SPADES FOUR,0.2466,0.3278,0.4256
SPADES FIVE HEARTS QUEEN,0.3714,0.0148,0.6138
CLUBS EIGHT CLUBS ACE,0.3716,0.0052,0.6232
DIAMONDS JACK CLUBS ACE,0.39,0.0066,0.6034
SPADES JACK CLUBS KING,0.3916,0.0062,0.6022
SPADES TWO CLUBS QUEEN,0.3038,0.0392,0.657
CLUBS SEVEN CLUBS KING,0.3684,0.0078,0.6238
CLUBS TWO HEARTS TEN,0.2876,0.0768,0.6356
DIAMONDS EIGHT DIAMONDS SIX,0.3612,0.0588,0.58
DIAMONDS TWO CLUBS SIX,0.2912,0.266,0.4428
DIAMONDS THREE DIAMONDS FIVE,0.3596,0.2184,0.422
DIAMONDS SEVEN HEARTS TEN,0.3714,0.0248,0.6038
SPADES NINE DIAMONDS EIGHT,0.3784,0.0342,0.5874
DIAMONDS QUEEN HEARTS NINE,0.3776,0.0088,0.6136
DIAMONDS THREE CLUBS SEVEN,0.3972,0.1012,0.5016
SPADES NINE CLUBS KING,0.3752,0.008,0.6168
SPADES FIVE DIAMONDS FOUR,0.2632,0.34,0.3968
HEARTS EIGHT CLUBS TEN,0.3644,0.0276,0.608
HEARTS EIGHT SPADES TWO,0.3056,0.135,0.5594
DIAMONDS TEN HEARTS TEN,0.174,0.0674,0.7586
SPADES TEN SPADES SEVEN,0.3684,0.0236,0.608
SPADES THREE CLUBS QUEEN,0.4126,0.0158,0.5716
CLUBS JACK SPADES SIX,0.3906,0.0198,0.5896
CLUBS EIGHT DIAMONDS TEN,0.3846,0.0298,0.5856
SPADES FIVE SPADES THREE,0.3496,0.221,0.4294
SPADES FOUR DIAMONDS NINE,0.303,0.1096,0.5874
SPADES ACE SPADES SIX,0.3666,0.0064,0.627
SPADES KING HEARTS ACE,0.3734,0.0048,0.6218
SPADES THREE HEARTS QUEEN,0.3848,0.017,0.5982
SPADES KING DIAMONDS NINE,0.3846,0.008,0.6074
CLUBS SIX CLUBS THREE,0.3506,0.1416,0.5078
HEARTS SEVEN CLUBS NINE,0.359,0.0402,0.6008
CLUBS SEVEN DIAMONDS KING,0.3854,0.0058,0.6088
SPADES QUEEN HEARTS NINE,0.3662,0.011,0.6228
SPADES JACK DIAMONDS KING,0.3828,0.0072,0.61
CLUBS SEVEN HEARTS ACE,0.3566,0.0046,0.6388
HEARTS SEVEN CLUBS QUEEN,0.3816,0.0112,0.6072
SPADES QUEEN HEARTS SIX,0.3884,0.014,0.5976
CLUBS NINE SPADES TEN,0.3786,0.02,0.6014
HEARTS SEVEN HEARTS KING,0.3388,0.008,0.6532
SPADES JACK SPADES TWO,0.2898,0.0518,0.6584
DIAMONDS QUEEN DIAMONDS JACK,0.3656,0.0098,0.6246
SPADES SEVEN DIAMONDS TEN,0.387,0.0232,0.5898
HEARTS KING CLUBS KING,0.185,0.0196,0.7954
CLUBS EIGHT HEARTS NINE,0.359,0.0404,0.6006
SPADES KING HEARTS TEN,0.3656,0.0094,0.625
DIAMONDS THREE SPADES JACK,0.406,0.019,0.575
HEARTS EIGHT DIAMONDS FIVE,0.3536,0.0666,0.5798
SPADES EIGHT CLUBS ACE,0.3968,0.0044,0.5988
HEARTS EIGHT SPADES KING,0.3794,0.0102,0.6104
HEARTS QUEEN CLUBS KING,0.365,0.0108,0.6242
DIAMONDS TWO DIAMONDS KING,0.2886,0.0286,0.6828
SPADES QUEEN DIAMONDS QUEEN,0.1972,0.034,0.7688
CLUBS NINE DIAMONDS QUEEN,0.3986,0.0102,0.5912
SPADES KING SPADES THREE,0.3904,0.0096,0.6
HEARTS THREE CLUBS FIVE,0.359,0.241,0.4
DIAMONDS JACK HEARTS QUEEN,0.3844,0.0116,0.604
CLUBS TEN DIAMONDS SEVEN,0.3798,0.0296,0.5906
SPADES QUEEN SPADES THREE,0.3742,0.0158,0.61
CLUBS SIX DIAMONDS EIGHT,0.3834,0.0626,0.554
CLUBS FOUR CLUBS THREE,0.2456,0.4638,0.2906
CLUBS TWO DIAMONDS SIX,0.2898,0.2666,0.4436
CLUBS NINE HEARTS TEN,0.3774,0.0252,0.5974
SPADES KING SPADES JACK,0.359,0.008,0.633
SPADES JACK DIAMONDS QUEEN,0.3842,0.0112,0.6046
DIAMONDS TWO HEARTS THREE,0.3112,0.4724,0.2164
SPADES FOUR DIAMONDS FOUR,0.1302,0.1308,0.739
DIAMONDS SIX HEARTS NINE,0.3724,0.0402,0.5874
CLUBS NINE DIAMONDS SIX,0.3776,0.0428,0.5796
CLUBS SIX HEARTS ACE,0.3748,0.0062,0.619
HEARTS KING HEARTS JACK,0.328,0.0102,0.6618
HEARTS EIGHT DIAMONDS TEN,0.3552,0.0268,0.618
DIAMONDS NINE HEARTS JACK,0.3608,0.02,0.6192
SPADES EIGHT DIAMONDS TEN,0.377,0.0258,0.5972
DIAMONDS NINE HEARTS QUEEN,0.3664,0.0124,0.6212
CLUBS SIX SPADES EIGHT,0.3754,0.0658,0.5588
CLUBS TEN DIAMONDS TWO,0.3066,0.0724,0.621
CLUBS FIVE HEARTS JACK,0.3802,0.0178,0.602
CLUBS NINE CLUBS TWO,0.291,0.0938,0.6152
SPADES QUEEN HEARTS JACK,0.3592,0.0112,0.6296
SPADES SEVEN DIAMONDS SEVEN,0.1978,0.114,0.6882
DIAMONDS QUEEN SPADES THREE,0.4092,0.0158,0.575
CLUBS JACK HEARTS SIX,0.3744,0.0208,0.6048
SPADES QUEEN HEARTS THREE,0.4076,0.0186,0.5738
CLUBS EIGHT DIAMONDS JACK,0.3878,0.0188,0.5934
CLUBS JACK CLUBS ACE,0.3668,0.0052,0.628
CLUBS SIX DIAMONDS JACK,0.398,0.0194,0.5826
DIAMONDS TWO SPADES FOUR,0.0746,0.9034,0.022
SPADES KING CLUBS THREE,0.4174,0.0132,0.5694
HEARTS THREE CLUBS SIX,0.3766,0.1582,0.4652
DIAMONDS QUEEN HEARTS QUEEN,0.1766,0.038,0.7854
CLUBS THREE DIAMONDS SIX,0.3868,0.1438,0.4694
SPADES TEN CLUBS THREE,0.4088,0.0302,0.561
SPADES TEN SPADES EIGHT,0.3612,0.0262,0.6126
SPADES NINE CLUBS FOUR,0.3134,0.0988,0.5878
HEARTS THREE SPADES SEVEN,0.3942,0.101,0.5048
SPADES ACE CLUBS ACE,0.1758,0.0032,0.821
DIAMONDS QUEEN CLUBS QUEEN,0.189,0.0376,0.7734
SPADES ACE SPADES FIVE,0.3414,0.0072,0.6514
SPADES EIGHT DIAMONDS KING,0.3878,0.0074,0.6048
HEARTS SIX HEARTS NINE,0.318,0.0512,0.6308
SPADES JACK DIAMONDS NINE,0.384,0.0154,0.6006
DIAMONDS ACE CLUBS TWO,0.2858,0.0124,0.7018
CLUBS EIGHT CLUBS SIX,0.3512,0.058,0.5908
SPADES TEN DIAMONDS EIGHT,0.395,0.0226,0.5824
CLUBS JACK CLUBS THREE,0.388,0.016,0.596
SPADES QUEEN DIAMONDS FOUR,0.3102,0.0428,0.647
CLUBS SEVEN HEARTS QUEEN,0.375,0.0138,0.6112
DIAMONDS NINE DIAMONDS SIX,0.3646,0.0366,0.5988
HEARTS EIGHT HEARTS THREE,0.349,0.071,0.58
DIAMONDS KING HEARTS JACK,0.367,0.0092,0.6238
CLUBS TEN SPADES TWO,0.3104,0.0744,0.6152
HEARTS FIVE CLUBS THREE,0.3556,0.239,0.4054
CLUBS JACK SPADES TEN,0.38,0.0122,0.6078
CLUBS TEN DIAMONDS NINE,0.3718,0.0228,0.6054
SPADES TWO HEARTS NINE,0.2886,0.1064,0.605
CLUBS FIVE DIAMONDS NINE,0.39,0.0428,0.5672
CLUBS JACK DIAMONDS FIVE,0.3948,0.0224,0.5828
CLUBS EIGHT SPADES FIVE,0.362,0.0644,0.5736
DIAMONDS THREE HEARTS SIX,0.3684,0.1708,0.4608
HEARTS SIX SPADES EIGHT,0.368,0.0706,0.5614
SPADES NINE CLUBS FIVE,0.3844,0.0472,0.5684
SPADES TEN DIAMONDS SIX,0.3742,0.0268,0.599
SPADES TEN HEARTS THREE,0.4124,0.0316,0.556
CLUBS SEVEN CLUBS QUEEN,0.3694,0.0138,0.6168
CLUBS TWO SPADES THREE,0.3206,0.4616,0.2178
SPADES SIX SPADES FIVE,0.3354,0.1248,0.5398
CLUBS TEN DIAMONDS QUEEN,0.384,0.0114,0.6046
CLUBS TEN DIAMONDS FOUR,0.3006,0.0728,0.6266
DIAMONDS THREE DIAMONDS SIX,0.358,0.1464,0.4956
SPADES FIVE HEARTS KING,0.3816,0.01,0.6084
HEARTS SIX HEARTS KING,0.328,0.01,0.662
DIAMONDS THREE CLUBS THREE,0.256,0.1606,0.5834
CLUBS FIVE HEARTS NINE,0.3724,0.0432,0.5844
CLUBS NINE CLUBS QUEEN,0.369,0.0078,0.6232
HEARTS SEVEN DIAMONDS FOUR,0.2606,0.2008,0.5386
SPADES KING DIAMONDS FOUR,0.3054,0.0376,0.657
SPADES FOUR SPADES THREE,0.256,0.4404,0.3036
SPADES ACE HEARTS ACE,0.1618,0.0052,0.833
CLUBS TEN CLUBS EIGHT,0.3552,0.026,0.6188
CLUBS FOUR CLUBS ACE,0.266,0.0244,0.7096
SPADES THREE HEARTS TEN,0.4012,0.032,0.5668
HEARTS SEVEN SPADES TEN,0.3642,0.027,0.6088
HEARTS SEVEN HEARTS ACE,0.336,0.0064,0.6576
DIAMONDS TWO DIAMONDS SIX,0.2764,0.243,0.4806
SPADES SEVEN SPADES FOUR,0.262,0.1898,0.5482
HEARTS FIVE DIAMONDS TEN,0.3776,0.0254,0.597
DIAMONDS TWO SPADES THREE,0.3176,0.4704,0.212
HEARTS SIX HEARTS THREE,0.3486,0.1692,0.4822
HEARTS SEVEN DIAMONDS EIGHT,0.3566,0.056,0.5874
SPADES SEVEN CLUBS THREE,0.4042,0.1018,0.494
SPADES JACK DIAMONDS FOUR,0.3016,0.0608,0.6376
HEARTS SEVEN CLUBS SEVEN,0.1744,0.1044,0.7212
SPADES SIX DIAMONDS SIX,0.1788,0.1294,0.6918
DIAMONDS TWO SPADES SIX,0.2998,0.2594,0.4408
CLUBS FIVE HEARTS TEN,0.3702,0.029,0.6008
DIAMONDS JACK DIAMONDS SIX,0.3666,0.0208,0.6126
SPADES QUEEN DIAMONDS JACK,0.3708,0.011,0.6182
DIAMONDS QUEEN DIAMONDS NINE,0.3566,0.0134,0.63
DIAMONDS ACE SPADES TWO,0.2842,0.0168,0.699
SPADES FIVE HEARTS NINE,0.3694,0.046,0.5846
SPADES KING DIAMONDS ACE,0.3902,0.0046,0.6052
CLUBS SEVEN CLUBS TWO,0.2858,0.1822,0.532
HEARTS THREE HEARTS ACE,0.355,0.008,0.637
SPADES KING DIAMONDS TWO,0.3158,0.0236,0.6606
DIAMONDS TWO SPADES TEN,0.3058,0.0712,0.623
DIAMONDS TWO SPADES TWO,0.277,0.1254,0.5976
HEARTS THREE DIAMONDS NINE,0.411,0.045,0.544
CLUBS SIX DIAMONDS NINE,0.3832,0.0422,0.5746
HEARTS JACK CLUBS QUEEN,0.3654,0.0104,0.6242
DIAMONDS NINE HEARTS KING,0.3726,0.0096,0.6178
SPADES ACE DIAMONDS EIGHT,0.384,0.0056,0.6104
HEARTS QUEEN HEARTS TEN,0.3228,0.0154,0.6618
CLUBS SIX HEARTS JACK,0.3752,0.0232,0.6016
HEARTS SEVEN SPADES SIX,0.3556,0.0916,0.5528
CLUBS TEN CLUBS SEVEN,0.356,0.0238,0.6202
CLUBS TEN CLUBS ACE,0.3502,0.005,0.6448
SPADES SIX CLUBS ACE,0.3886,0.0034,0.608
DIAMONDS ACE DIAMONDS JACK,0.3562,0.005,0.6388
CLUBS JACK SPADES FOUR,0.3016,0.0558,0.6426
DIAMONDS KING CLUBS ACE,0.3838,0.0042,0.612
DIAMONDS TWO DIAMONDS JACK,0.2796,0.046,0.6744
DIAMONDS FIVE DIAMONDS FOUR,0.2512,0.321,0.4278
DIAMONDS KING DIAMONDS FIVE,0.3722,0.0116,0.6162
CLUBS TEN SPADES FOUR,0.2932,0.0816,0.6252
CLUBS EIGHT SPADES EIGHT,0.1946,0.0974,0.708
HEARTS KING HEARTS NINE,0.3298,0.0106,0.6596
DIAMONDS FIVE CLUBS QUEEN,0.397,0.0122,0.5908
CLUBS JACK DIAMONDS JACK,0.186,0.052,0.762
CLUBS TEN SPADES SEVEN,0.3794,0.0282,0.5924
CLUBS TEN CLUBS KING,0.3646,0.0052,0.6302
DIAMONDS ACE HEARTS ACE,0.1694,0.0054,0.8252
DIAMONDS THREE DIAMONDS NINE,0.3856,0.0394,0.575
CLUBS EIGHT DIAMONDS SEVEN,0.367,0.059,0.574
DIAMONDS TWO SPADES QUEEN,0.3186,0.04,0.6414
DIAMONDS TWO CLUBS TWO,0.2796,0.1188,0.6016
SPADES TWO DIAMONDS SIX,0.292,0.251,0.457
CLUBS JACK HEARTS TEN,0.359,0.0156,0.6254
DIAMONDS KING CLUBS FOUR,0.2982,0.0364,0.6654
SPADES KING SPADES FOUR,0.2744,0.0348,0.6908
DIAMONDS TEN DIAMONDS FIVE,0.3714,0.0338,0.5948
SPADES KING HEARTS SEVEN,0.3728,0.0132,0.614
DIAMONDS NINE HEARTS NINE,0.1726,0.083,0.7444
SPADES ACE CLUBS SEVEN,0.3816,0.0042,0.6142
DIAMONDS THREE SPADES FOUR,0.264,0.4778,0.2582
HEARTS TEN DIAMONDS FOUR,0.2856,0.0836,0.6308
SPADES JACK HEARTS TEN,0.3762,0.0152,0.6086
HEARTS EIGHT DIAMONDS THREE,0.4094,0.0712,0.5194
CLUBS THREE DIAMONDS SEVEN,0.3946,0.1064,0.499
CLUBS TWO HEARTS ACE,0.2636,0.0154,0.721
DIAMONDS TEN DIAMONDS FOUR,0.2836,0.0862,0.6302
DIAMONDS JACK HEARTS TEN,0.3634,0.0172,0.6194
DIAMONDS THREE CLUBS NINE,0.4016,0.0462,0.5522
SPADES FIVE HEARTS ACE,0.3572,0.0064,0.6364
SPADES TEN HEARTS ACE,0.3686,0.0066,0.6248
DIAMONDS EIGHT HEARTS JACK,0.3844,0.0194,0.5962
SPADES EIGHT CLUBS THREE,0.4166,0.071,0.5124
SPADES ACE CLUBS QUEEN,0.39,0.0042,0.6058
SPADES TEN SPADES SIX,0.3658,0.022,0.6122
HEARTS EIGHT SPADES FIVE,0.3658,0.0696,0.5646
CLUBS EIGHT DIAMONDS NINE,0.3652,0.0356,0.5992
CLUBS FIVE DIAMONDS FOUR,0.2554,0.349,0.3956
DIAMONDS SEVEN HEARTS JACK,0.368,0.0162,0.6158
SPADES FOUR DIAMONDS FIVE,0.2604,0.3416,0.398
CLUBS JACK SPADES NINE,0.3944,0.0166,0.589
DIAMONDS KING HEARTS ACE,0.3686,0.006,0.6254
CLUBS KING HEARTS TEN,0.3736,0.0082,0.6182
CLUBS TWO DIAMONDS FOUR,0.0722,0.9066,0.0212
HEARTS FIVE DIAMONDS QUEEN,0.38,0.0146,0.6054
CLUBS JACK HEARTS KING,0.3746,0.01,0.6154
CLUBS FOUR CLUBS QUEEN,0.2854,0.0436,0.671
CLUBS KING DIAMONDS FIVE,0.3904,0.01,0.5996
DIAMONDS TWO HEARTS SIX,0.2782,0.2556,0.4662
CLUBS FIVE HEARTS KING,0.3484,0.0106,0.641
HEARTS ACE SPADES THREE,0.3792,0.0072,0.6136
HEARTS KING DIAMONDS SEVEN,0.3716,0.0098,0.6186
DIAMONDS THREE SPADES FIVE,0.3664,0.2368,0.3968
CLUBS TWO CLUBS ACE,0.277,0.0152,0.7078
HEARTS ACE HEARTS TEN,0.3232,0.0076,0.6692
DIAMONDS KING CLUBS QUEEN,0.3876,0.0096,0.6028
HEARTS ACE DIAMONDS FOUR,0.259,0.0248,0.7162
DIAMONDS ACE DIAMONDS SIX,0.362,0.0056,0.6324
HEARTS EIGHT DIAMONDS KING,0.3728,0.0072,0.62
HEARTS FIVE SPADES FOUR,0.2434,0.3556,0.401
DIAMONDS ACE SPADES EIGHT,0.3918,0.0038,0.6044
CLUBS TEN DIAMONDS SIX,0.3894,0.0236,0.587
SPADES NINE DIAMONDS JACK,0.377,0.0176,0.6054
CLUBS JACK SPADES EIGHT,0.3678,0.019,0.6132
HEARTS ACE DIAMONDS FIVE,0.3598,0.0062,0.634
DIAMONDS THREE HEARTS JACK,0.3948,0.0224,0.5828
SPADES SEVEN DIAMONDS QUEEN,0.3888,0.0124,0.5988
HEARTS SEVEN HEARTS QUEEN,0.328,0.012,0.66
CLUBS NINE CLUBS SEVEN,0.3546,0.0374,0.608
DIAMONDS TWO CLUBS FIVE,0.276,0.3438,0.3802
HEARTS SEVEN SPADES EIGHT,0.3566,0.06,0.5834
DIAMONDS JACK CLUBS QUEEN,0.368,0.0102,0.6218
CLUBS TEN HEARTS TEN,0.174,0.068,0.758
SPADES JACK CLUBS FIVE,0.3848,0.017,0.5982
SPADES JACK SPADES SEVEN,0.3622,0.0188,0.619
HEARTS ACE DIAMONDS NINE,0.3644,0.0066,0.629
DIAMONDS SIX CLUBS KING,0.3824,0.0084,0.6092
HEARTS EIGHT SPADES SIX,0.3788,0.0642,0.557
SPADES QUEEN CLUBS KING,0.4004,0.0062,0.5934
SPADES TEN CLUBS FOUR,0.2998,0.0802,0.62
HEARTS KING DIAMONDS EIGHT,0.375,0.0076,0.6174
SPADES TEN DIAMONDS FIVE,0.3868,0.028,0.5852
DIAMONDS KING SPADES THREE,0.4238,0.008,0.5682
HEARTS KING HEARTS TEN,0.3218,0.0098,0.6684
HEARTS THREE HEARTS NINE,0.353,0.0502,0.5968
CLUBS SIX DIAMONDS SIX,0.1784,0.1296,0.692
HEARTS ACE HEARTS NINE,0.3352,0.0082,0.6566
HEARTS SEVEN DIAMONDS ACE,0.373,0.0052,0.6218
CLUBS TWO DIAMONDS NINE,0.3128,0.096,0.5912
CLUBS TEN DIAMONDS JACK,0.38,0.0118,0.6082
HEARTS SIX DIAMONDS JACK,0.3804,0.0228,0.5968
DIAMONDS THREE DIAMONDS QUEEN,0.3838,0.0134,0.6028
SPADES ACE HEARTS KING,0.3728,0.0056,0.6216
SPADES NINE HEARTS JACK,0.371,0.0168,0.6122
DIAMONDS JACK CLUBS KING,0.387,0.01,0.603
SPADES KING SPADES FIVE,0.3618,0.0098,0.6284
CLUBS FOUR DIAMONDS SEVEN,0.2804,0.184,0.5356
HEARTS SIX CLUBS SIX,0.1684,0.1236,0.708
SPADES ACE SPADES NINE,0.3548,0.0048,0.6404
SPADES TEN DIAMONDS KING,0.3894,0.0088,0.6018
SPADES JACK CLUBS SEVEN,0.3728,0.0192,0.608
CLUBS FOUR DIAMONDS FOUR,0.1224,0.14,0.7376
SPADES ACE SPADES QUEEN,0.3702,0.0056,0.6242
SPADES JACK CLUBS THREE,0.411,0.0196,0.5694
HEARTS EIGHT CLUBS ACE,0.366,0.0056,0.6284
DIAMONDS JACK CLUBS TWO,0.3116,0.0554,0.633
HEARTS THREE DIAMONDS ACE,0.383,0.0068,0.6102
HEARTS THREE DIAMONDS KING,0.403,0.0116,0.5854
CLUBS THREE HEARTS KING,0.4072,0.01,0.5828
DIAMONDS JACK SPADES THREE,0.405,0.0212,0.5738
SPADES FOUR CLUBS ACE,0.2862,0.0216,0.6922
CLUBS TWO SPADES FOUR,0.0776,0.899,0.0234
CLUBS EIGHT HEARTS TEN,0.3638,0.028,0.6082
SPADES KING SPADES NINE,0.3722,0.006,0.6218
CLUBS TWO DIAMONDS SEVEN,0.3032,0.187,0.5098
SPADES TEN CLUBS QUEEN,0.3796,0.0108,0.6096
SPADES EIGHT CLUBS KING,0.3926,0.0074,0.6
HEARTS EIGHT HEARTS QUEEN,0.327,0.012,0.661
DIAMONDS THREE SPADES QUEEN,0.414,0.0128,0.5732
DIAMONDS TWO DIAMONDS SEVEN,0.2852,0.1744,0.5404
SPADES KING CLUBS ACE,0.3822,0.0054,0.6124
CLUBS SIX HEARTS TEN,0.3778,0.032,0.5902
SPADES EIGHT HEARTS ACE,0.372,0.0058,0.6222
DIAMONDS TWO DIAMONDS NINE,0.292,0.1026,0.6054
SPADES NINE DIAMONDS SEVEN,0.3832,0.0356,0.5812
SPADES KING SPADES SIX,0.3818,0.0088,0.6094
CLUBS NINE HEARTS NINE,0.1786,0.0798,0.7416
DIAMONDS TWO SPADES EIGHT,0.2986,0.1466,0.5548
CLUBS ACE DIAMONDS SIX,0.3828,0.0062,0.611
SPADES QUEEN CLUBS THREE,0.4226,0.0098,0.5676
CLUBS FOUR DIAMONDS EIGHT,0.2966,0.1492,0.5542
CLUBS JACK SPADES SEVEN,0.3894,0.0164,0.5942
HEARTS EIGHT DIAMONDS FOUR,0.2854,0.1484,0.5662
SPADES TWO HEARTS QUEEN,0.2856,0.0394,0.675
CLUBS FOUR DIAMONDS NINE,0.292,0.1086,0.5994
SPADES FIVE CLUBS KING,0.3908,0.01,0.5992
SPADES EIGHT SPADES SIX,0.353,0.0618,0.5852
SPADES EIGHT SPADES FOUR,0.2856,0.1398,0.5746
SPADES KING CLUBS TWO,0.315,0.022,0.663
DIAMONDS SIX DIAMONDS FIVE,0.337,0.1366,0.5264
SPADES NINE DIAMONDS SIX,0.3856,0.046,0.5684
CLUBS NINE CLUBS FOUR,0.283,0.1046,0.6124
CLUBS FOUR DIAMONDS FIVE,0.265,0.3424,0.3926
SPADES SEVEN HEARTS NINE,0.3616,0.0442,0.5942
SPADES QUEEN DIAMONDS ACE,0.3862,0.005,0.6088
HEARTS SEVEN CLUBS EIGHT,0.3456,0.0554,0.599
SPADES ACE SPADES SEVEN,0.3508,0.0086,0.6406
SPADES FIVE DIAMONDS NINE,0.3764,0.045,0.5786
DIAMONDS KING DIAMONDS EIGHT,0.3816,0.0064,0.612
DIAMONDS NINE SPADES TWO,0.3072,0.1048,0.588
SPADES QUEEN DIAMONDS TEN,0.3822,0.0102,0.6076
HEARTS SEVEN DIAMONDS KING,0.3682,0.0062,0.6256
SPADES ACE CLUBS THREE,0.3992,0.0066,0.5942
SPADES ACE DIAMONDS ACE,0.1866,0.0042,0.8092
HEARTS FIVE HEARTS QUEEN,0.3364,0.0114,0.6522
HEARTS EIGHT CLUBS EIGHT,0.1782,0.093,0.7288
HEARTS FIVE HEARTS THREE,0.308,0.2452,0.4468
SPADES KING SPADES TEN,0.362,0.008,0.63
SPADES TEN CLUBS SIX,0.3866,0.0284,0.585
DIAMONDS THREE SPADES SIX,0.3816,0.1566,0.4618
SPADES TEN DIAMONDS TEN,0.1932,0.0686,0.7382
DIAMONDS ACE DIAMONDS SEVEN,0.3576,0.0068,0.6356
HEARTS SIX SPADES FIVE,0.3348,0.1366,0.5286
SPADES TEN CLUBS FIVE,0.3948,0.0276,0.5776
SPADES THREE SPADES TWO,0.2996,0.4396,0.2608
DIAMONDS JACK SPADES FOUR,0.299,0.0628,0.6382
SPADES SIX HEARTS JACK,0.3658,0.021,0.6132
HEARTS EIGHT SPADES FOUR,0.273,0.1494,0.5776
SPADES ACE CLUBS NINE,0.3804,0.0052,0.6144
SPADES JACK DIAMONDS EIGHT,0.3926,0.0192,0.5882
CLUBS SIX DIAMONDS FOUR,0.286,0.251,0.463
CLUBS FOUR DIAMONDS JACK,0.2926,0.06,0.6474
CLUBS JACK DIAMONDS EIGHT,0.389,0.0188,0.5922
HEARTS THREE HEARTS KING,0.3548,0.0094,0.6358
SPADES QUEEN SPADES FIVE,0.369,0.0128,0.6182
CLUBS FOUR HEARTS TEN,0.286,0.0834,0.6306
DIAMONDS THREE CLUBS SIX,0.3926,0.1452,0.4622
CLUBS TEN HEARTS JACK,0.3592,0.0118,0.629
CLUBS SIX DIAMONDS QUEEN,0.3902,0.0128,0.597
CLUBS EIGHT DIAMONDS KING,0.389,0.005,0.606
DIAMONDS ACE CLUBS ACE,0.1724,0.004,0.8236
CLUBS JACK DIAMONDS SIX,0.3924,0.017,0.5906
SPADES ACE HEARTS FIVE,0.3592,0.0072,0.6336
SPADES QUEEN HEARTS FIVE,0.3612,0.012,0.6268
HEARTS SIX DIAMONDS TEN,0.3538,0.0302,0.616
CLUBS EIGHT CLUBS KING,0.3644,0.0084,0.6272
SPADES JACK DIAMONDS SIX,0.3958,0.019,0.5852
CLUBS FIVE HEARTS QUEEN,0.3766,0.015,0.6084
SPADES QUEEN CLUBS QUEEN,0.1884,0.0356,0.776
SPADES JACK HEARTS QUEEN,0.359,0.0114,0.6296
SPADES SEVEN HEARTS TEN,0.3716,0.029,0.5994
SPADES THREE DIAMONDS SIX,0.3738,0.1528,0.4734
DIAMONDS EIGHT CLUBS QUEEN,0.397,0.0122,0.5908
CLUBS JACK DIAMONDS NINE,0.3778,0.015,0.6072
CLUBS THREE DIAMONDS TEN,0.4108,0.031,0.5582
SPADES ACE DIAMONDS SIX,0.3864,0.0052,0.6084
DIAMONDS THREE HEARTS KING,0.4008,0.0136,0.5856
CLUBS THREE HEARTS NINE,0.399,0.0472,0.5538
CLUBS FIVE CLUBS THREE,0.3588,0.2088,0.4324
SPADES NINE HEARTS QUEEN,0.3652,0.0116,0.6232
HEARTS EIGHT CLUBS TWO,0.2778,0.1474,0.5748
HEARTS EIGHT HEARTS FIVE,0.3046,0.069,0.6264
CLUBS JACK SPADES KING,0.3834,0.0082,0.6084
DIAMONDS THREE DIAMONDS KING,0.4004,0.008,0.5916
SPADES KING CLUBS SEVEN,0.3772,0.008,0.6148
DIAMONDS THREE CLUBS QUEEN,0.4156,0.0162,0.5682
SPADES SEVEN HEARTS KING,0.3686,0.0096,0.6218
HEARTS KING DIAMONDS FOUR,0.278,0.0376,0.6844
SPADES EIGHT DIAMONDS FIVE,0.3618,0.0752,0.563
SPADES EIGHT DIAMONDS QUEEN,0.3794,0.011,0.6096
SPADES KING CLUBS SIX,0.3914,0.0092,0.5994
SPADES QUEEN DIAMONDS FIVE,0.3864,0.013,0.6006
DIAMONDS THREE CLUBS TEN,0.4056,0.0286,0.5658
SPADES TEN HEARTS KING,0.3768,0.0074,0.6158
DIAMONDS TWO HEARTS NINE,0.2898,0.1028,0.6074
HEARTS FIVE CLUBS FOUR,0.2498,0.3422,0.408
SPADES ACE SPADES KING,0.3584,0.0042,0.6374
SPADES SIX CLUBS KING,0.3822,0.0096,0.6082
HEARTS SIX SPADES SIX,0.1642,0.1376,0.6982
CLUBS FOUR SPADES FIVE,0.2608,0.3494,0.3898
SPADES FIVE HEARTS JACK,0.3834,0.0232,0.5934
CLUBS FIVE DIAMONDS JACK,0.384,0.0228,0.5932
DIAMONDS QUEEN SPADES SIX,0.39,0.0146,0.5954
SPADES SIX HEARTS ACE,0.3748,0.0052,0.62
CLUBS SEVEN DIAMONDS ACE,0.3842,0.004,0.6118
HEARTS QUEEN DIAMONDS FOUR,0.2788,0.048,0.6732
DIAMONDS TWO DIAMONDS FIVE,0.2646,0.3346,0.4008
CLUBS ACE DIAMONDS FIVE,0.3872,0.0072,0.6056
CLUBS SEVEN CLUBS SIX,0.3398,0.0812,0.579
DIAMONDS JACK DIAMONDS NINE,0.3492,0.0172,0.6336
HEARTS ACE CLUBS QUEEN,0.354,0.0054,0.6406
CLUBS TEN CLUBS TWO,0.2926,0.071,0.6364
SPADES QUEEN SPADES JACK,0.3542,0.012,0.6338
SPADES JACK DIAMONDS TEN,0.3828,0.0146,0.6026
DIAMONDS KING HEARTS NINE,0.3762,0.0086,0.6152
HEARTS THREE CLUBS FOUR,0.2532,0.4814,0.2654
HEARTS EIGHT HEARTS ACE,0.3194,0.0066,0.674
HEARTS KING DIAMONDS SIX,0.3806,0.011,0.6084
CLUBS NINE SPADES TWO,0.2978,0.1054,0.5968
SPADES TWO DIAMONDS SEVEN,0.312,0.1888,0.4992
DIAMONDS TWO CLUBS SEVEN,0.302,0.1892,0.5088
DIAMONDS TWO CLUBS ACE,0.2908,0.0164,0.6928
SPADES KING HEARTS SIX,0.3686,0.0086,0.6228
DIAMONDS TWO DIAMONDS ACE,0.2822,0.0168,0.701
SPADES THREE HEARTS KING,0.4014,0.0096,0.589
HEARTS FIVE DIAMONDS SIX,0.3292,0.149,0.5218
DIAMONDS TWO SPADES JACK,0.3152,0.0482,0.6366
SPADES TEN DIAMONDS FOUR,0.2886,0.0788,0.6326
SPADES QUEEN HEARTS KING,0.371,0.0088,0.6202
DIAMONDS ACE DIAMONDS QUEEN,0.368,0.0046,0.6274
SPADES KING SPADES QUEEN,0.3778,0.0072,0.615
CLUBS EIGHT SPADES TWO,0.306,0.1444,0.5496
CLUBS SIX CLUBS KING,0.369,0.0096,0.6214
SPADES TWO DIAMONDS FOUR,0.0684,0.9088,0.0228
CLUBS SEVEN DIAMONDS NINE,0.383,0.038,0.579
CLUBS TEN DIAMONDS EIGHT,0.3738,0.0238,0.6024
DIAMONDS TWO CLUBS NINE,0.3142,0.1056,0.5802
HEARTS THREE SPADES EIGHT,0.406,0.0672,0.5268
HEARTS SEVEN SPADES SEVEN,0.17,0.112,0.718
DIAMONDS QUEEN SPADES TWO,0.3058,0.0432,0.651
CLUBS FOUR SPADES FOUR,0.1338,0.1352,0.731
DIAMONDS ACE CLUBS QUEEN,0.3904,0.005,0.6046
DIAMONDS TWO HEARTS FIVE,0.2496,0.369,0.3814
HEARTS KING HEARTS QUEEN,0.323,0.0092,0.6678
SPADES SEVEN CLUBS KING,0.389,0.0086,0.6024
DIAMONDS THREE DIAMONDS FOUR,0.2446,0.4536,0.3018
CLUBS NINE HEARTS THREE,0.408,0.048,0.544
CLUBS NINE DIAMONDS FOUR,0.3112,0.0968,0.592
CLUBS THREE DIAMONDS EIGHT,0.4254,0.0714,0.5032
SPADES EIGHT SPADES TWO,0.2914,0.1336,0.575
HEARTS SIX HEARTS ACE,0.3262,0.0068,0.667
SPADES JACK DIAMONDS ACE,0.3822,0.0044,0.6134
HEARTS FIVE HEARTS TEN,0.3326,0.0306,0.6368
CLUBS NINE HEARTS ACE,0.3876,0.0032,0.6092
SPADES NINE DIAMONDS TEN,0.38,0.0264,0.5936
DIAMONDS QUEEN SPADES FOUR,0.2974,0.05,0.6526
CLUBS JACK HEARTS SEVEN,0.3752,0.02,0.6048
CLUBS TEN HEARTS NINE,0.3668,0.0222,0.611
DIAMONDS JACK HEARTS ACE,0.3596,0.0064,0.634
CLUBS SIX DIAMONDS FIVE,0.3508,0.144,0.5052
DIAMONDS KING SPADES FIVE,0.3926,0.009,0.5984
SPADES KING CLUBS NINE,0.3786,0.0088,0.6126
DIAMONDS KING HEARTS TEN,0.368,0.0064,0.6256
DIAMONDS JACK DIAMONDS SEVEN,0.3586,0.015,0.6264
HEARTS ACE HEARTS QUEEN,0.3214,0.0072,0.6714
HEARTS FIVE DIAMONDS JACK,0.3802,0.0206,0.5992
SPADES SEVEN SPADES TWO,0.287,0.1776,0.5354
SPADES SEVEN CLUBS FOUR,0.272,0.193,0.535
SPADES EIGHT CLUBS QUEEN,0.38,0.0108,0.6092
HEARTS SIX HEARTS TEN,0.329,0.0262,0.6448
CLUBS THREE SPADES FOUR,0.2598,0.4852,0.255
HEARTS NINE DIAMONDS FOUR,0.2884,0.1136,0.598
HEARTS SEVEN HEARTS NINE,0.3156,0.0488,0.6356
CLUBS FIVE CLUBS TWO,0.253,0.3318,0.4152
DIAMONDS THREE HEARTS QUEEN,0.405,0.0176,0.5774
DIAMONDS ACE DIAMONDS FIVE,0.3488,0.0058,0.6454
SPADES QUEEN DIAMONDS EIGHT,0.3916,0.0116,0.5968
CLUBS SIX SPADES THREE,0.3854,0.1584,0.4562
SPADES FIVE CLUBS QUEEN,0.381,0.0122,0.6068
SPADES KING HEARTS NINE,0.3652,0.0096,0.6252
SPADES JACK SPADES SIX,0.3726,0.0178,0.6096
CLUBS JACK CLUBS EIGHT,0.365,0.0184,0.6166
HEARTS THREE DIAMONDS JACK,0.3984,0.0206,0.581
SPADES SIX DIAMONDS TEN,0.3744,0.0262,0.5994
SPADES JACK DIAMONDS SEVEN,0.3926,0.0196,0.5878
SPADES SEVEN HEARTS ACE,0.3758,0.005,0.6192
SPADES KING SPADES TWO,0.3024,0.0254,0.6722
DIAMONDS TEN CLUBS KING,0.384,0.0082,0.6078
CLUBS JACK DIAMONDS TEN,0.3838,0.0144,0.6018
DIAMONDS TEN CLUBS ACE,0.377,0.0044,0.6186
DIAMONDS TWO DIAMONDS FOUR,0.0718,0.8612,0.067
HEARTS EIGHT CLUBS FOUR,0.282,0.1408,0.5772
HEARTS THREE CLUBS THREE,0.2568,0.1648,0.5784
SPADES ACE DIAMONDS QUEEN,0.3874,0.0076,0.605
CLUBS THREE SPADES TWO,0.3178,0.467,0.2152
SPADES NINE SPADES FOUR,0.2906,0.1086,0.6008
DIAMONDS TEN HEARTS ACE,0.3746,0.0044,0.621
HEARTS EIGHT DIAMONDS QUEEN,0.3704,0.0134,0.6162
DIAMONDS THREE HEARTS SEVEN,0.3806,0.1066,0.5128
SPADES ACE DIAMONDS KING,0.3944,0.0064,0.5992
SPADES ACE DIAMONDS FIVE,0.3666,0.0054,0.628
HEARTS SIX SPADES THREE,0.3778,0.1512,0.471
HEARTS SEVEN SPADES TWO,0.2954,0.1844,0.5202
DIAMONDS KING DIAMONDS TEN,0.368,0.006,0.626
SPADES NINE SPADES TWO,0.2876,0.096,0.6164
SPADES EIGHT HEARTS NINE,0.3636,0.0342,0.6022
SPADES JACK SPADES TEN,0.3556,0.012,0.6324
SPADES FOUR CLUBS QUEEN,0.292,0.0442,0.6638
CLUBS SEVEN SPADES TWO,0.3126,0.1874,0.5
SPADES JACK HEARTS FIVE,0.3778,0.0204,0.6018
SPADES EIGHT CLUBS FOUR,0.3042,0.1448,0.551
HEARTS FIVE SPADES SIX,0.3284,0.148,0.5236
HEARTS SIX HEARTS FIVE,0.2924,0.1548,0.5528
HEARTS QUEEN DIAMONDS SEVEN,0.3762,0.0112,0.6126
CLUBS TEN SPADES FIVE,0.3818,0.029,0.5892
DIAMONDS SEVEN CLUBS ACE,0.394,0.004,0.602
SPADES NINE CLUBS SIX,0.374,0.0418,0.5842
CLUBS NINE HEARTS SIX,0.377,0.0432,0.5798
SPADES FOUR CLUBS KING,0.2982,0.0356,0.6662
SPADES ACE DIAMONDS TWO,0.2906,0.0108,0.6986
DIAMONDS KING SPADES SEVEN,0.3928,0.0114,0.5958
SPADES NINE SPADES FIVE,0.3642,0.0422,0.5936
SPADES ACE CLUBS KING,0.3866,0.005,0.6084
DIAMONDS KING SPADES TWO,0.3054,0.0254,0.6692
DIAMONDS TWO CLUBS EIGHT,0.3152,0.1314,0.5534
CLUBS FOUR HEARTS NINE,0.293,0.1052,0.6018
DIAMONDS THREE SPADES TEN,0.4126,0.0316,0.5558
SPADES QUEEN DIAMONDS NINE,0.3734,0.0118,0.6148
CLUBS TEN DIAMONDS TEN,0.1934,0.0636,0.743
CLUBS JACK HEARTS QUEEN,0.3698,0.0088,0.6214
SPADES EIGHT HEARTS TEN,0.3688,0.0242,0.607
SPADES SEVEN DIAMONDS EIGHT,0.3716,0.056,0.5724
DIAMONDS TWO HEARTS TEN,0.299,0.0672,0.6338
DIAMONDS KING DIAMONDS SIX,0.3584,0.0082,0.6334
DIAMONDS EIGHT SPADES TWO,0.3168,0.142,0.5412
SPADES ACE HEARTS SEVEN,0.3728,0.0056,0.6216
SPADES NINE CLUBS QUEEN,0.3816,0.0142,0.6042
CLUBS TWO HEARTS KING,0.2828,0.0308,0.6864
SPADES ACE HEARTS NINE,0.3844,0.0064,0.6092
SPADES TWO HEARTS TEN,0.2986,0.0766,0.6248
DIAMONDS JACK DIAMONDS FOUR,0.277,0.0594,0.6636
CLUBS EIGHT HEARTS ACE,0.3772,0.0064,0.6164
HEARTS SIX CLUBS QUEEN,0.3938,0.015,0.5912
HEARTS KING CLUBS QUEEN,0.3626,0.008,0.6294
CLUBS TWO DIAMONDS EIGHT,0.3094,0.1416,0.549
SPADES FIVE DIAMONDS FIVE,0.1548,0.1532,0.692
DIAMONDS SIX HEARTS TEN,0.3716,0.0264,0.602
SPADES QUEEN CLUBS FIVE,0.3832,0.017,0.5998
CLUBS THREE CLUBS QUEEN,0.3886,0.0168,0.5946
CLUBS FOUR SPADES SIX,0.2862,0.2628,0.451
CLUBS SIX CLUBS FOUR,0.2808,0.244,0.4752
SPADES NINE CLUBS TWO,0.303,0.091,0.606
CLUBS FOUR SPADES THREE,0.2662,0.4766,0.2572
CLUBS FOUR CLUBS KING,0.2778,0.034,0.6882
CLUBS SIX SPADES FIVE,0.35,0.139,0.511
HEARTS SIX DIAMONDS FOUR,0.2664,0.266,0.4676
SPADES SEVEN DIAMONDS FIVE,0.3668,0.0998,0.5334
CLUBS JACK HEARTS FIVE,0.3798,0.019,0.6012
CLUBS TEN DIAMONDS ACE,0.374,0.0058,0.6202
SPADES EIGHT SPADES THREE,0.3796,0.0642,0.5562
HEARTS EIGHT CLUBS QUEEN,0.3638,0.0154,0.6208
CLUBS NINE DIAMONDS FIVE,0.379,0.0386,0.5824
CLUBS SEVEN DIAMONDS FOUR,0.29,0.1894,0.5206
DIAMONDS KING HEARTS KING,0.1746,0.0206,0.8048
CLUBS SIX CLUBS ACE,0.3704,0.005,0.6246
CLUBS TEN HEARTS SEVEN,0.3786,0.0306,0.5908
DIAMONDS ACE DIAMONDS TEN,0.3556,0.0044,0.64
CLUBS JACK CLUBS NINE,0.3596,0.0168,0.6236
SPADES QUEEN SPADES FOUR,0.2872,0.0456,0.6672
DIAMONDS TWO HEARTS JACK,0.2962,0.0524,0.6514
HEARTS FIVE CLUBS TWO,0.252,0.3542,0.3938
DIAMONDS SIX DIAMONDS FOUR,0.2792,0.2408,0.48
SPADES SIX HEARTS KING,0.3848,0.0082,0.607
HEARTS JACK CLUBS KING,0.3774,0.0062,0.6164
HEARTS SEVEN SPADES FOUR,0.259,0.1922,0.5488
SPADES TEN CLUBS TWO,0.3018,0.0762,0.622
SPADES SEVEN SPADES THREE,0.368,0.0894,0.5426
CLUBS SEVEN HEARTS NINE,0.3504,0.0476,0.602
SPADES TWO CLUBS ACE,0.291,0.018,0.691
SPADES FOUR DIAMONDS SIX,0.2852,0.2634,0.4514
SPADES KING CLUBS QUEEN,0.3998,0.0082,0.592
HEARTS FIVE CLUBS FIVE,0.1506,0.1462,0.7032
SPADES SEVEN HEARTS QUEEN,0.3702,0.0106,0.6192
HEARTS SIX DIAMONDS SIX,0.1724,0.1244,0.7032
SPADES ACE CLUBS TWO,0.2916,0.017,0.6914
SPADES KING CLUBS TEN,0.38,0.0066,0.6134
DIAMONDS JACK DIAMONDS TEN,0.3628,0.0154,0.6218
CLUBS EIGHT CLUBS THREE,0.3934,0.062,0.5446
HEARTS ACE HEARTS JACK,0.321,0.0064,0.6726
CLUBS SIX HEARTS KING,0.3724,0.006,0.6216
DIAMONDS JACK HEARTS KING,0.3634,0.0086,0.628
SPADES SIX DIAMONDS FIVE,0.3604,0.1396,0.5
SPADES FOUR HEARTS KING,0.2862,0.0354,0.6784
CLUBS NINE DIAMONDS ACE,0.3886,0.0042,0.6072
DIAMONDS NINE DIAMONDS SEVEN,0.3438,0.0376,0.6186
CLUBS FIVE SPADES SIX,0.3524,0.1442,0.5034
CLUBS JACK SPADES JACK,0.1828,0.0524,0.7648
CLUBS SIX DIAMONDS SEVEN,0.3644,0.0906,0.545
CLUBS FIVE DIAMONDS TEN,0.377,0.0278,0.5952
HEARTS THREE CLUBS KING,0.402,0.0092,0.5888
HEARTS FIVE CLUBS QUEEN,0.3692,0.0172,0.6136
CLUBS FOUR DIAMONDS TEN,0.3034,0.0818,0.6148
CLUBS TEN SPADES NINE,0.3728,0.0234,0.6038
SPADES QUEEN SPADES EIGHT,0.3624,0.0136,0.624
CLUBS TEN SPADES EIGHT,0.3784,0.0242,0.5974
CLUBS JACK SPADES THREE,0.4092,0.0208,0.57
CLUBS NINE CLUBS EIGHT,0.3522,0.035,0.6128
HEARTS THREE SPADES SIX,0.3818,0.156,0.4622
SPADES FOUR DIAMONDS SEVEN,0.285,0.1902,0.5248
CLUBS NINE CLUBS THREE,0.382,0.0486,0.5694
HEARTS EIGHT CLUBS SIX,0.3522,0.0672,0.5806
CLUBS TEN CLUBS FOUR,0.2704,0.075,0.6546
CLUBS SIX SPADES SIX,0.1804,0.138,0.6816
HEARTS QUEEN CLUBS ACE,0.3736,0.0056,0.6208
CLUBS EIGHT CLUBS FOUR,0.2786,0.1354,0.586
HEARTS SIX CLUBS FIVE,0.3476,0.1364,0.516
SPADES ACE DIAMONDS TEN,0.3732,0.0066,0.6202
SPADES KING CLUBS FOUR,0.2942,0.0328,0.673
CLUBS SEVEN DIAMONDS JACK,0.39,0.019,0.591
SPADES TEN SPADES THREE,0.3822,0.0282,0.5896
CLUBS NINE CLUBS FIVE,0.369,0.0458,0.5852
HEARTS FIVE CLUBS SIX,0.3324,0.1512,0.5164
DIAMONDS ACE HEARTS NINE,0.3716,0.005,0.6234
HEARTS THREE SPADES TWO,0.3052,0.4902,0.2046
SPADES FOUR HEARTS QUEEN,0.2778,0.0492,0.673
HEARTS SEVEN CLUBS FIVE,0.353,0.1014,0.5456
CLUBS NINE HEARTS KING,0.3714,0.0086,0.62
DIAMONDS THREE DIAMONDS JACK,0.3764,0.0208,0.6028
HEARTS SIX SPADES TWO,0.2758,0.2532,0.471
DIAMONDS EIGHT CLUBS KING,0.4026,0.0078,0.5896
SPADES QUEEN SPADES TEN,0.364,0.0112,0.6248
CLUBS EIGHT CLUBS SEVEN,0.3456,0.0586,0.5958
CLUBS TWO HEARTS QUEEN,0.2988,0.0382,0.663
DIAMONDS TWO DIAMONDS TEN,0.2898,0.0696,0.6406
CLUBS NINE SPADES THREE,0.4062,0.0476,0.5462
CLUBS SEVEN DIAMONDS QUEEN,0.3946,0.0126,0.5928
SPADES ACE CLUBS SIX,0.3684,0.0054,0.6262
HEARTS EIGHT SPADES NINE,0.3604,0.037,0.6026
SPADES QUEEN CLUBS TWO,0.3002,0.0402,0.6596
SPADES JACK SPADES NINE,0.3638,0.0152,0.621
CLUBS FIVE CLUBS ACE,0.3482,0.0062,0.6456
HEARTS SEVEN CLUBS FOUR,0.2488,0.2014,0.5498
CLUBS TWO CLUBS KING,0.2962,0.0252,0.6786
CLUBS SIX CLUBS QUEEN,0.3764,0.014,0.6096
SPADES ACE DIAMONDS NINE,0.3858,0.005,0.6092
SPADES NINE HEARTS KING,0.3564,0.0066,0.637
SPADES NINE DIAMONDS KING,0.39,0.0072,0.6028
DIAMONDS QUEEN DIAMONDS SEVEN,0.3616,0.0114,0.627
SPADES SIX SPADES FOUR,0.263,0.257,0.48
CLUBS JACK CLUBS SEVEN,0.3622,0.0194,0.6184
SPADES JACK HEARTS NINE,0.3588,0.0166,0.6246
SPADES EIGHT SPADES FIVE,0.3722,0.0606,0.5672
CLUBS ACE CLUBS QUEEN,0.3634,0.0056,0.631
SPADES ACE CLUBS FOUR,0.2782,0.024,0.6978
DIAMONDS EIGHT HEARTS NINE,0.3602,0.0376,0.6022
HEARTS EIGHT DIAMONDS EIGHT,0.1756,0.0984,0.726
SPADES QUEEN CLUBS SEVEN,0.396,0.012,0.592
SPADES SEVEN DIAMONDS FOUR,0.266,0.208,0.526
HEARTS EIGHT DIAMONDS JACK,0.3684,0.0198,0.6118
HEARTS FIVE DIAMONDS EIGHT,0.3652,0.0664,0.5684
HEARTS SEVEN DIAMONDS SEVEN,0.1816,0.1066,0.7118
SPADES FIVE DIAMONDS SIX,0.3548,0.1414,0.5038
DIAMONDS JACK HEARTS JACK,0.1928,0.0494,0.7578
SPADES JACK CLUBS QUEEN,0.3876,0.0122,0.6002
HEARTS EIGHT SPADES TEN,0.3746,0.0274,0.598
SPADES NINE DIAMONDS FOUR,0.3006,0.1076,0.5918
DIAMONDS QUEEN CLUBS ACE,0.3878,0.0048,0.6074
HEARTS JACK HEARTS NINE,0.3338,0.0164,0.6498
DIAMONDS THREE SPADES KING,0.4146,0.0098,0.5756
CLUBS TEN SPADES TEN,0.1858,0.0672,0.747
HEARTS FIVE SPADES TEN,0.3792,0.0268,0.594
HEARTS EIGHT DIAMONDS SIX,0.3542,0.0578,0.588
SPADES JACK HEARTS THREE,0.4016,0.025,0.5734
SPADES KING SPADES EIGHT,0.3664,0.0078,0.6258
HEARTS EIGHT CLUBS NINE,0.37,0.0384,0.5916
CLUBS THREE SPADES FIVE,0.368,0.239,0.393
DIAMONDS TWO CLUBS KING,0.311,0.026,0.663
SPADES TEN DIAMONDS SEVEN,0.367,0.026,0.607
DIAMONDS THREE DIAMONDS SEVEN,0.3708,0.1006,0.5286
HEARTS THREE CLUBS TWO,0.3086,0.4754,0.216
HEARTS JACK HEARTS TEN,0.3248,0.0172,0.658
DIAMONDS TEN DIAMONDS SIX,0.354,0.0282,0.6178
CLUBS FOUR DIAMONDS QUEEN,0.3036,0.0428,0.6536
SPADES SIX DIAMONDS FOUR,0.2918,0.2686,0.4396
SPADES QUEEN SPADES TWO,0.2892,0.0348,0.676
DIAMONDS ACE CLUBS KING,0.3744,0.0062,0.6194
CLUBS TEN HEARTS QUEEN,0.3628,0.0116,0.6256
SPADES JACK HEARTS ACE,0.369,0.006,0.625
CLUBS NINE CLUBS KING,0.3544,0.0094,0.6362
SPADES THREE CLUBS KING,0.4076,0.0092,0.5832
SPADES TEN HEARTS QUEEN,0.3596,0.0118,0.6286
SPADES TEN CLUBS KING,0.3794,0.0084,0.6122
HEARTS THREE DIAMONDS FIVE,0.3682,0.2208,0.411
SPADES ACE CLUBS FIVE,0.3736,0.0058,0.6206
CLUBS TEN SPADES JACK,0.3856,0.014,0.6004
DIAMONDS JACK SPADES TWO,0.3118,0.0518,0.6364
HEARTS EIGHT CLUBS FIVE,0.3712,0.0622,0.5666
CLUBS SEVEN CLUBS ACE,0.3562,0.0072,0.6366
SPADES SEVEN DIAMONDS JACK,0.3892,0.0192,0.5916
CLUBS EIGHT HEARTS FIVE,0.3606,0.0636,0.5758
DIAMONDS ACE HEARTS KING,0.368,0.0052,0.6268
CLUBS THREE HEARTS ACE,0.381,0.0054,0.6136
CLUBS NINE HEARTS QUEEN,0.3756,0.0106,0.6138
SPADES QUEEN CLUBS ACE,0.3812,0.006,0.6128
SPADES ACE HEARTS THREE,0.389,0.007,0.604
SPADES QUEEN HEARTS TEN,0.3654,0.0116,0.623
DIAMONDS KING CLUBS KING,0.193,0.0214,0.7856
SPADES JACK CLUBS ACE,0.396,0.0048,0.5992
CLUBS SIX SPADES TWO,0.2912,0.2598,0.449
CLUBS KING CLUBS QUEEN,0.359,0.0084,0.6326
CLUBS SEVEN DIAMONDS TEN,0.3734,0.0264,0.6002
SPADES SEVEN SPADES SIX,0.3362,0.087,0.5768
