opposingHand,winningChance,drawChance,lostChance
HEARTS EIGHT DIAMONDS KING
HEARTS FOUR DIAMONDS QUEEN,0.6278,0.0088,0.3634
DIAMONDS QUEEN DIAMONDS JACK,0.5288,0.0072,0.464
CLUBS SIX CLUBS QUEEN,0.5936,0.0054,0.401
SPADES JACK DIAMONDS NINE,0.5756,0.0062,0.4182
SPADES EIGHT CLUBS FIVE,0.6944,0.0356,0.27
CLUBS FIVE CLUBS THREE,0.5742,0.0088,0.417
CLUBS FOUR DIAMONDS TEN,0.6394,0.0062,0.3544
DIAMONDS SIX HEARTS NINE,0.6062,0.0084,0.3854
HEARTS TWO DIAMONDS ACE,0.3938,0.0062,0.6
CLUBS TEN CLUBS SEVEN,0.5748,0.0074,0.4178
CLUBS JACK DIAMONDS QUEEN,0.5666,0.006,0.4274
CLUBS TEN HEARTS KING,0.2352,0.1088,0.656
HEARTS FIVE CLUBS EIGHT,0.6992,0.0372,0.2636
DIAMONDS THREE CLUBS FOUR,0.6362,0.0102,0.3536
DIAMONDS TEN HEARTS ACE,0.3518,0.0054,0.6428
SPADES TEN HEARTS THREE,0.6466,0.0078,0.3456
HEARTS TWO SPADES THREE,0.6576,0.008,0.3344
SPADES QUEEN SPADES TEN,0.5262,0.006,0.4678
CLUBS KING HEARTS TEN,0.223,0.1284,0.6486
CLUBS SEVEN HEARTS ACE,0.3852,0.0044,0.6104
HEARTS FOUR HEARTS KING,0.5102,0.2186,0.2712
SPADES QUEEN DIAMONDS QUEEN,0.2818,0.0026,0.7156
DIAMONDS JACK DIAMONDS SIX,0.6066,0.0084,0.385
CLUBS SEVEN HEARTS QUEEN,0.6342,0.0076,0.3582
CLUBS EIGHT CLUBS SEVEN,0.6324,0.0322,0.3354
HEARTS SEVEN CLUBS EIGHT,0.681,0.0334,0.2856
HEARTS SIX HEARTS FOUR,0.6024,0.0072,0.3904
CLUBS JACK CLUBS FIVE,0.5808,0.0066,0.4126
HEARTS FIVE HEARTS JACK,0.5846,0.0054,0.41
HEARTS SEVEN CLUBS FIVE,0.6212,0.007,0.3718
SPADES SIX CLUBS QUEEN,0.6292,0.0052,0.3656
CLUBS TEN SPADES FOUR,0.6208,0.007,0.3722
SPADES ACE SPADES SEVEN,0.3616,0.0062,0.6322
SPADES ACE DIAMONDS SIX,0.3954,0.0056,0.599
SPADES ACE DIAMONDS TWO,0.3996,0.0046,0.5958
HEARTS FOUR CLUBS QUEEN,0.626,0.0056,0.3684
HEARTS QUEEN DIAMONDS FOUR,0.6158,0.0094,0.3748
SPADES FOUR DIAMONDS SIX,0.6412,0.0086,0.3502
SPADES ACE DIAMONDS FIVE,0.4026,0.005,0.5924
CLUBS JACK HEARTS SIX,0.6358,0.0068,0.3574
CLUBS TWO DIAMONDS EIGHT,0.7432,0.035,0.2218
SPADES ACE SPADES FOUR,0.3668,0.004,0.6292
SPADES THREE HEARTS NINE,0.6274,0.007,0.3656
CLUBS FIVE HEARTS TEN,0.6298,0.0082,0.362
SPADES SEVEN HEARTS KING,0.534,0.2272,0.2388
SPADES EIGHT SPADES FIVE,0.6718,0.0324,0.2958
SPADES SEVEN DIAMONDS SEVEN,0.4324,0.0118,0.5558
SPADES TEN SPADES SEVEN,0.575,0.0054,0.4196
SPADES SEVEN DIAMONDS TEN,0.618,0.0064,0.3756
CLUBS TEN SPADES TWO,0.6248,0.0054,0.3698
HEARTS ACE HEARTS QUEEN,0.3282,0.0062,0.6656
HEARTS TWO DIAMONDS NINE,0.6556,0.0072,0.3372
HEARTS ACE DIAMONDS NINE,0.3512,0.0062,0.6426
DIAMONDS TEN HEARTS QUEEN,0.555,0.0068,0.4382
SPADES JACK HEARTS QUEEN,0.5584,0.0076,0.434
SPADES SIX SPADES FOUR,0.5918,0.0078,0.4004
HEARTS SEVEN CLUBS TWO,0.6714,0.0084,0.3202
CLUBS JACK DIAMONDS TEN,0.5558,0.008,0.4362
HEARTS TWO CLUBS THREE,0.6676,0.0068,0.3256
HEARTS ACE CLUBS KING,0.2312,0.0146,0.7542
DIAMONDS TWO DIAMONDS TEN,0.6008,0.0096,0.3896
HEARTS SEVEN HEARTS QUEEN,0.5994,0.0072,0.3934
SPADES QUEEN SPADES FIVE,0.5892,0.0066,0.4042
SPADES EIGHT DIAMONDS ACE,0.2336,0.024,0.7424
HEARTS TWO CLUBS FIVE,0.6638,0.0068,0.3294
SPADES SEVEN DIAMONDS JACK,0.6262,0.0072,0.3666
CLUBS FOUR DIAMONDS FIVE,0.609,0.0062,0.3848
SPADES KING SPADES EIGHT,0.0202,0.9132,0.0666
DIAMONDS ACE DIAMONDS QUEEN,0.3346,0.0056,0.6598
CLUBS TWO HEARTS JACK,0.6354,0.0056,0.359
SPADES SEVEN CLUBS ACE,0.3938,0.003,0.6032
HEARTS SEVEN SPADES KING,0.5448,0.2284,0.2268
SPADES SEVEN HEARTS JACK,0.6102,0.0082,0.3816
DIAMONDS TWO HEARTS FIVE,0.6432,0.0086,0.3482
DIAMONDS NINE SPADES THREE,0.6536,0.0068,0.3396
DIAMONDS TEN DIAMONDS SEVEN,0.598,0.0072,0.3948
CLUBS EIGHT CLUBS TWO,0.6904,0.034,0.2756
DIAMONDS SEVEN HEARTS NINE,0.6074,0.0078,0.3848
SPADES EIGHT DIAMONDS JACK,0.708,0.028,0.264
HEARTS SEVEN DIAMONDS TEN,0.6206,0.0058,0.3736
SPADES QUEEN DIAMONDS FIVE,0.63,0.0068,0.3632
HEARTS SIX CLUBS ACE,0.3976,0.0024,0.6
HEARTS TWO DIAMONDS FIVE,0.6486,0.0098,0.3416
CLUBS EIGHT CLUBS FOUR,0.6792,0.0344,0.2864
HEARTS ACE DIAMONDS FIVE,0.3666,0.0056,0.6278
SPADES EIGHT DIAMONDS TEN,0.682,0.0288,0.2892
DIAMONDS THREE HEARTS FIVE,0.625,0.007,0.368
DIAMONDS JACK SPADES FOUR,0.6352,0.0074,0.3574
CLUBS FIVE HEARTS NINE,0.6254,0.0058,0.3688
HEARTS SIX CLUBS QUEEN,0.6358,0.0068,0.3574
HEARTS SEVEN SPADES TWO,0.6798,0.0072,0.313
CLUBS FIVE SPADES SEVEN,0.633,0.0066,0.3604
DIAMONDS JACK HEARTS ACE,0.3382,0.0056,0.6562
CLUBS THREE HEARTS ACE,0.4104,0.0038,0.5858
CLUBS FOUR CLUBS KING,0.5028,0.2106,0.2866
CLUBS TWO HEARTS TEN,0.63,0.0074,0.3626
DIAMONDS JACK HEARTS JACK,0.2786,0.0062,0.7152
HEARTS FOUR HEARTS QUEEN,0.583,0.0066,0.4104
CLUBS SIX SPADES SIX,0.4368,0.0106,0.5526
HEARTS QUEEN HEARTS TEN,0.525,0.0056,0.4694
SPADES SIX SPADES THREE,0.5992,0.0052,0.3956
DIAMONDS ACE HEARTS QUEEN,0.3454,0.005,0.6496
SPADES ACE CLUBS SIX,0.398,0.0032,0.5988
DIAMONDS QUEEN SPADES FIVE,0.6316,0.0062,0.3622
DIAMONDS ACE CLUBS ACE,0.1172,0.0042,0.8786
SPADES KING CLUBS TWO,0.5344,0.2334,0.2322
CLUBS EIGHT SPADES NINE,0.6762,0.0334,0.2904
DIAMONDS TWO SPADES THREE,0.6606,0.0082,0.3312
HEARTS THREE CLUBS ACE,0.4014,0.0026,0.596
CLUBS TEN HEARTS FOUR,0.6422,0.007,0.3508
DIAMONDS QUEEN HEARTS ACE,0.3362,0.0048,0.659
CLUBS FOUR DIAMONDS EIGHT,0.7172,0.0402,0.2426
SPADES ACE HEARTS TEN,0.3392,0.005,0.6558
DIAMONDS NINE DIAMONDS SEVEN,0.5778,0.008,0.4142
SPADES KING CLUBS THREE,0.5324,0.238,0.2296
SPADES NINE SPADES SEVEN,0.5516,0.0084,0.44
CLUBS TWO HEARTS NINE,0.6358,0.0082,0.356
SPADES JACK HEARTS TWO,0.6242,0.0104,0.3654
DIAMONDS THREE DIAMONDS TWO,0.6344,0.0074,0.3582
CLUBS JACK SPADES FIVE,0.6306,0.0036,0.3658
CLUBS FOUR SPADES SIX,0.625,0.007,0.368
CLUBS NINE CLUBS THREE,0.5808,0.0078,0.4114
CLUBS EIGHT SPADES EIGHT,0.2992,0.0232,0.6776
CLUBS NINE SPADES SIX,0.6126,0.0064,0.381
CLUBS SEVEN SPADES TWO,0.6676,0.0068,0.3256
DIAMONDS QUEEN HEARTS TEN,0.5656,0.0072,0.4272
HEARTS FOUR SPADES FIVE,0.626,0.0074,0.3666
HEARTS SIX SPADES NINE,0.6204,0.0068,0.3728
HEARTS SEVEN CLUBS ACE,0.3904,0.0042,0.6054
CLUBS JACK CLUBS KING,0.227,0.086,0.687
HEARTS TWO DIAMONDS FOUR,0.6476,0.0098,0.3426
CLUBS SEVEN CLUBS THREE,0.6036,0.007,0.3894
HEARTS FIVE CLUBS FOUR,0.6308,0.0062,0.363
HEARTS JACK DIAMONDS SIX,0.636,0.0066,0.3574
DIAMONDS EIGHT DIAMONDS FIVE,0.6732,0.0402,0.2866
SPADES NINE DIAMONDS NINE,0.3122,0.01,0.6778
CLUBS TEN DIAMONDS SEVEN,0.6078,0.0076,0.3846
CLUBS FIVE SPADES SIX,0.616,0.0072,0.3768
CLUBS SIX SPADES FIVE,0.6042,0.0056,0.3902
SPADES NINE DIAMONDS QUEEN,0.5824,0.0056,0.412
DIAMONDS THREE HEARTS FOUR,0.6374,0.0078,0.3548
CLUBS TEN SPADES EIGHT,0.6934,0.0284,0.2782
SPADES EIGHT DIAMONDS SIX,0.6832,0.039,0.2778
CLUBS THREE DIAMONDS EIGHT,0.7364,0.0424,0.2212
CLUBS THREE HEARTS QUEEN,0.6368,0.0092,0.354
DIAMONDS JACK HEARTS TEN,0.559,0.0074,0.4336
HEARTS TEN DIAMONDS FOUR,0.6354,0.0066,0.358
SPADES ACE SPADES SIX,0.3668,0.0032,0.63
HEARTS QUEEN CLUBS ACE,0.3602,0.002,0.6378
CLUBS SEVEN HEARTS JACK,0.6254,0.0074,0.3672
HEARTS FIVE CLUBS TWO,0.6418,0.0088,0.3494
HEARTS SEVEN HEARTS SIX,0.5778,0.0096,0.4126
HEARTS TWO SPADES TWO,0.4574,0.0166,0.526
CLUBS TEN DIAMONDS TEN,0.2916,0.0082,0.7002
CLUBS FIVE HEARTS QUEEN,0.6268,0.0058,0.3674
HEARTS THREE DIAMONDS FOUR,0.638,0.0098,0.3522
CLUBS ACE CLUBS KING,0.2102,0.0122,0.7776
CLUBS ACE CLUBS QUEEN,0.33,0.0026,0.6674
HEARTS JACK DIAMONDS FOUR,0.6348,0.0084,0.3568
DIAMONDS THREE DIAMONDS QUEEN,0.5964,0.0092,0.3944
CLUBS SIX CLUBS TWO,0.6212,0.0092,0.3696
SPADES TEN HEARTS KING,0.2292,0.112,0.6588
SPADES EIGHT DIAMONDS FOUR,0.7298,0.0396,0.2306
SPADES KING SPADES SEVEN,0.5056,0.2128,0.2816
SPADES SEVEN CLUBS THREE,0.6494,0.0066,0.344
CLUBS SIX DIAMONDS ACE,0.3882,0.0046,0.6072
SPADES ACE DIAMONDS EIGHT,0.2444,0.0268,0.7288
CLUBS NINE CLUBS FIVE,0.5776,0.0066,0.4158
CLUBS THREE DIAMONDS NINE,0.65,0.0048,0.3452
DIAMONDS TWO CLUBS FOUR,0.6576,0.0088,0.3336
HEARTS TWO HEARTS NINE,0.6002,0.0072,0.3926
DIAMONDS TWO CLUBS SIX,0.661,0.006,0.333
SPADES KING SPADES SIX,0.5016,0.2202,0.2782
CLUBS TWO CLUBS ACE,0.3718,0.0056,0.6226
DIAMONDS TWO HEARTS THREE,0.6528,0.0066,0.3406
CLUBS SEVEN SPADES THREE,0.6496,0.0066,0.3438
DIAMONDS TEN DIAMONDS FIVE,0.6096,0.0078,0.3826
SPADES FOUR HEARTS TEN,0.6358,0.0072,0.357
SPADES JACK HEARTS TEN,0.5462,0.007,0.4468
DIAMONDS SEVEN DIAMONDS FOUR,0.6094,0.0084,0.3822
CLUBS TEN DIAMONDS QUEEN,0.5724,0.0082,0.4194
HEARTS TWO CLUBS FOUR,0.6456,0.0078,0.3466
HEARTS KING SPADES TWO,0.5338,0.2252,0.241
DIAMONDS TEN DIAMONDS EIGHT,0.6558,0.0322,0.312
DIAMONDS TEN SPADES FOUR,0.6352,0.0074,0.3574
HEARTS FOUR CLUBS FIVE,0.619,0.0072,0.3738
CLUBS SEVEN HEARTS KING,0.5328,0.2282,0.239
CLUBS JACK HEARTS SEVEN,0.6354,0.008,0.3566
SPADES JACK DIAMONDS JACK,0.2892,0.005,0.7058
SPADES NINE DIAMONDS SIX,0.615,0.0076,0.3774
HEARTS FIVE HEARTS FOUR,0.5864,0.0102,0.4034
SPADES QUEEN SPADES NINE,0.5476,0.0068,0.4456
DIAMONDS QUEEN DIAMONDS FIVE,0.5808,0.008,0.4112
CLUBS NINE DIAMONDS FOUR,0.643,0.0068,0.3502
CLUBS ACE DIAMONDS FIVE,0.3944,0.0032,0.6024
HEARTS FIVE DIAMONDS EIGHT,0.7174,0.034,0.2486
HEARTS SEVEN SPADES TEN,0.6082,0.0104,0.3814
CLUBS JACK HEARTS TEN,0.5434,0.0066,0.45
HEARTS FIVE DIAMONDS QUEEN,0.6362,0.0074,0.3564
DIAMONDS TWO HEARTS TWO,0.4596,0.0142,0.5262
DIAMONDS THREE DIAMONDS SEVEN,0.6332,0.0086,0.3582
SPADES QUEEN HEARTS JACK,0.5482,0.0046,0.4472
CLUBS TEN CLUBS QUEEN,0.5216,0.0058,0.4726
CLUBS NINE SPADES TWO,0.6332,0.0058,0.361
CLUBS TWO DIAMONDS NINE,0.6306,0.0082,0.3612
CLUBS TEN DIAMONDS JACK,0.5568,0.0062,0.437
CLUBS JACK CLUBS TEN,0.5164,0.005,0.4786
CLUBS TEN DIAMONDS FIVE,0.6288,0.0088,0.3624
HEARTS SIX SPADES TWO,0.6582,0.0082,0.3336
HEARTS SIX CLUBS SEVEN,0.6202,0.007,0.3728
HEARTS FOUR DIAMONDS FOUR,0.4568,0.0124,0.5308
SPADES THREE DIAMONDS FOUR,0.638,0.0074,0.3546
DIAMONDS TWO CLUBS THREE,0.6416,0.0096,0.3488
DIAMONDS EIGHT CLUBS ACE,0.2248,0.0214,0.7538
DIAMONDS THREE CLUBS THREE,0.456,0.0114,0.5326
HEARTS FIVE CLUBS SIX,0.6294,0.0076,0.363
CLUBS SIX DIAMONDS EIGHT,0.6882,0.0382,0.2736
DIAMONDS TWO SPADES TEN,0.6272,0.0092,0.3636
SPADES QUEEN SPADES SEVEN,0.59,0.0064,0.4036
HEARTS FOUR SPADES THREE,0.6274,0.01,0.3626
DIAMONDS TEN SPADES THREE,0.6358,0.008,0.3562
DIAMONDS TWO SPADES TWO,0.4352,0.0144,0.5504
DIAMONDS SEVEN CLUBS KING,0.547,0.2284,0.2246
CLUBS TEN HEARTS THREE,0.636,0.008,0.356
DIAMONDS ACE HEARTS JACK,0.3448,0.0058,0.6494
CLUBS FIVE CLUBS KING,0.4994,0.2176,0.283
SPADES ACE CLUBS NINE,0.352,0.003,0.645
CLUBS TWO SPADES FOUR,0.6238,0.0074,0.3688
DIAMONDS ACE CLUBS TWO,0.395,0.0068,0.5982
SPADES JACK DIAMONDS SIX,0.628,0.0062,0.3658
CLUBS FOUR DIAMONDS FOUR,0.4544,0.0142,0.5314
SPADES JACK CLUBS FOUR,0.6236,0.007,0.3694
CLUBS JACK DIAMONDS THREE,0.6294,0.0078,0.3628
CLUBS THREE DIAMONDS TEN,0.6386,0.0086,0.3528
CLUBS THREE DIAMONDS SIX,0.6384,0.0072,0.3544
SPADES TEN SPADES EIGHT,0.6404,0.0274,0.3322
HEARTS FIVE DIAMONDS SIX,0.628,0.0088,0.3632
CLUBS SIX DIAMONDS SIX,0.4396,0.0138,0.5466
DIAMONDS NINE DIAMONDS EIGHT,0.644,0.03,0.326
DIAMONDS ACE DIAMONDS TEN,0.3272,0.0046,0.6682
DIAMONDS THREE DIAMONDS EIGHT,0.7044,0.0366,0.259
CLUBS EIGHT HEARTS TEN,0.678,0.0272,0.2948
HEARTS SIX HEARTS TEN,0.5956,0.0078,0.3966
CLUBS JACK SPADES TEN,0.5502,0.0066,0.4432
CLUBS EIGHT DIAMONDS EIGHT,0.2986,0.0278,0.6736
SPADES KING CLUBS KING,0.0726,0.0154,0.912
SPADES FOUR SPADES TWO,0.6094,0.0068,0.3838
DIAMONDS ACE SPADES TWO,0.4036,0.0048,0.5916
DIAMONDS EIGHT CLUBS QUEEN,0.722,0.0316,0.2464
CLUBS SIX DIAMONDS JACK,0.6402,0.0072,0.3526
CLUBS JACK HEARTS FOUR,0.6228,0.0076,0.3696
SPADES ACE SPADES FIVE,0.3544,0.0046,0.641
SPADES NINE HEARTS TWO,0.6346,0.0086,0.3568
HEARTS THREE HEARTS KING,0.5178,0.2166,0.2656
CLUBS JACK SPADES KING,0.2352,0.0898,0.675
DIAMONDS THREE CLUBS FIVE,0.6266,0.0076,0.3658
HEARTS ACE DIAMONDS FOUR,0.4084,0.0058,0.5858
SPADES TEN HEARTS TWO,0.6352,0.0072,0.3576
DIAMONDS THREE SPADES FIVE,0.6314,0.0058,0.3628
DIAMONDS JACK SPADES FIVE,0.6448,0.006,0.3492
SPADES JACK SPADES SIX,0.5912,0.007,0.4018
HEARTS KING DIAMONDS SIX,0.5368,0.2408,0.2224
CLUBS NINE SPADES NINE,0.3112,0.0106,0.6782
SPADES JACK DIAMONDS SEVEN,0.6208,0.006,0.3732
HEARTS SIX DIAMONDS QUEEN,0.6314,0.0048,0.3638
CLUBS NINE CLUBS TWO,0.5944,0.0086,0.397
HEARTS FIVE SPADES FIVE,0.4384,0.0112,0.5504
SPADES ACE DIAMONDS SEVEN,0.378,0.0034,0.6186
SPADES FIVE DIAMONDS SEVEN,0.6264,0.0068,0.3668
HEARTS FIVE CLUBS QUEEN,0.6308,0.006,0.3632
HEARTS ACE SPADES THREE,0.387,0.0048,0.6082
DIAMONDS THREE DIAMONDS NINE,0.6014,0.008,0.3906
CLUBS JACK DIAMONDS FIVE,0.628,0.0062,0.3658
SPADES SEVEN SPADES TWO,0.6334,0.0084,0.3582
DIAMONDS THREE CLUBS SEVEN,0.657,0.0086,0.3344
SPADES TEN CLUBS QUEEN,0.5604,0.0044,0.4352
DIAMONDS THREE SPADES FOUR,0.6372,0.0104,0.3524
SPADES ACE SPADES TEN,0.3212,0.0034,0.6754
DIAMONDS TWO HEARTS ACE,0.4022,0.0074,0.5904
SPADES SEVEN DIAMONDS FOUR,0.6518,0.0098,0.3384
HEARTS JACK DIAMONDS FIVE,0.6386,0.0064,0.355
CLUBS JACK HEARTS NINE,0.5662,0.009,0.4248
DIAMONDS JACK DIAMONDS EIGHT,0.6776,0.031,0.2914
CLUBS SIX DIAMONDS TEN,0.6298,0.008,0.3622
DIAMONDS TEN HEARTS KING,0.2328,0.1198,0.6474
SPADES JACK SPADES FIVE,0.5818,0.0084,0.4098
SPADES NINE HEARTS JACK,0.5714,0.0054,0.4232
HEARTS SIX HEARTS JACK,0.591,0.0082,0.4008
CLUBS FIVE DIAMONDS FOUR,0.6094,0.0072,0.3834
SPADES THREE SPADES TWO,0.5972,0.0092,0.3936
CLUBS JACK DIAMONDS NINE,0.5614,0.006,0.4326
CLUBS EIGHT HEARTS THREE,0.7402,0.0414,0.2184
HEARTS SIX DIAMONDS SIX,0.4472,0.0112,0.5416
SPADES EIGHT HEARTS QUEEN,0.7272,0.031,0.2418
SPADES JACK CLUBS QUEEN,0.5608,0.005,0.4342
DIAMONDS THREE DIAMONDS JACK,0.6172,0.0088,0.374
SPADES SIX DIAMONDS FOUR,0.622,0.0066,0.3714
CLUBS FOUR DIAMONDS JACK,0.641,0.0068,0.3522
HEARTS SIX SPADES SIX,0.4468,0.0094,0.5438
SPADES TWO HEARTS JACK,0.6222,0.0084,0.3694
CLUBS SEVEN DIAMONDS JACK,0.619,0.0052,0.3758
CLUBS TEN HEARTS TWO,0.6288,0.0072,0.364
SPADES KING SPADES JACK,0.23,0.084,0.686
CLUBS NINE HEARTS FOUR,0.6318,0.0086,0.3596
HEARTS THREE DIAMONDS JACK,0.6378,0.0084,0.3538
CLUBS JACK SPADES TWO,0.6336,0.0076,0.3588
SPADES JACK DIAMONDS ACE,0.3462,0.0042,0.6496
SPADES THREE DIAMONDS SIX,0.6436,0.0082,0.3482
HEARTS THREE CLUBS KING,0.5522,0.2292,0.2186
SPADES JACK HEARTS FOUR,0.64,0.0076,0.3524
SPADES ACE SPADES THREE,0.3732,0.0036,0.6232
SPADES QUEEN SPADES SIX,0.5936,0.0086,0.3978
DIAMONDS QUEEN DIAMONDS FOUR,0.5962,0.0066,0.3972
HEARTS TWO CLUBS QUEEN,0.6378,0.0074,0.3548
SPADES NINE CLUBS FOUR,0.631,0.008,0.361
HEARTS FOUR DIAMONDS JACK,0.6296,0.0076,0.3628
SPADES THREE HEARTS KING,0.5436,0.23,0.2264
SPADES QUEEN SPADES THREE,0.5948,0.0058,0.3994
HEARTS SEVEN HEARTS FIVE,0.5992,0.0062,0.3946
SPADES KING CLUBS QUEEN,0.2288,0.0604,0.7108
CLUBS SIX DIAMONDS FIVE,0.628,0.0064,0.3656
CLUBS SIX CLUBS KING,0.5204,0.207,0.2726
SPADES NINE HEARTS TEN,0.554,0.0076,0.4384
HEARTS QUEEN HEARTS NINE,0.5548,0.0066,0.4386
DIAMONDS THREE HEARTS SIX,0.6626,0.0082,0.3292
SPADES SIX DIAMONDS TEN,0.6306,0.0066,0.3628
HEARTS THREE CLUBS QUEEN,0.6322,0.0068,0.361
DIAMONDS TEN HEARTS JACK,0.5644,0.0054,0.4302
CLUBS THREE CLUBS QUEEN,0.5974,0.0072,0.3954
DIAMONDS ACE SPADES THREE,0.3964,0.0048,0.5988
DIAMONDS ACE SPADES SIX,0.3918,0.0052,0.603
SPADES NINE SPADES EIGHT,0.6392,0.0314,0.3294
CLUBS EIGHT CLUBS THREE,0.685,0.0344,0.2806
CLUBS TEN CLUBS THREE,0.5886,0.0084,0.403
HEARTS SEVEN DIAMONDS FOUR,0.6418,0.0088,0.3494
SPADES JACK CLUBS THREE,0.6198,0.0082,0.372
CLUBS TEN SPADES FIVE,0.634,0.0058,0.3602
DIAMONDS TWO DIAMONDS FOUR,0.6276,0.007,0.3654
CLUBS JACK CLUBS THREE,0.5836,0.009,0.4074
HEARTS ACE HEARTS KING,0.2164,0.013,0.7706
SPADES TEN DIAMONDS FOUR,0.6406,0.007,0.3524
HEARTS THREE HEARTS NINE,0.5944,0.0076,0.398
DIAMONDS TWO SPADES FOUR,0.6412,0.009,0.3498
HEARTS FIVE SPADES TEN,0.6386,0.0084,0.353
DIAMONDS THREE CLUBS SIX,0.6402,0.0062,0.3536
HEARTS ACE HEARTS JACK,0.3268,0.004,0.6692
SPADES ACE CLUBS ACE,0.128,0.0026,0.8694
DIAMONDS SEVEN CLUBS QUEEN,0.6372,0.0066,0.3562
CLUBS FIVE HEARTS ACE,0.3762,0.0046,0.6192
CLUBS TWO CLUBS QUEEN,0.5828,0.0064,0.4108
CLUBS NINE DIAMONDS SEVEN,0.5984,0.0072,0.3944
DIAMONDS TWO SPADES EIGHT,0.7284,0.043,0.2286
HEARTS THREE CLUBS FIVE,0.6216,0.0072,0.3712
CLUBS FOUR HEARTS JACK,0.629,0.0066,0.3644
DIAMONDS NINE HEARTS TEN,0.5684,0.0068,0.4248
HEARTS TWO CLUBS ACE,0.4032,0.0028,0.594
HEARTS SEVEN DIAMONDS NINE,0.6152,0.008,0.3768
DIAMONDS ACE DIAMONDS JACK,0.331,0.004,0.665
CLUBS EIGHT DIAMONDS FIVE,0.6992,0.041,0.2598
CLUBS FIVE SPADES FIVE,0.4468,0.0096,0.5436
SPADES FIVE CLUBS KING,0.5448,0.221,0.2342
HEARTS THREE SPADES SIX,0.6438,0.005,0.3512
DIAMONDS JACK CLUBS ACE,0.3344,0.0046,0.661
CLUBS THREE HEARTS TEN,0.632,0.0066,0.3614
SPADES JACK CLUBS EIGHT,0.708,0.028,0.264
DIAMONDS EIGHT CLUBS KING,0.0184,0.9706,0.011
SPADES JACK SPADES EIGHT,0.6664,0.0292,0.3044
SPADES NINE DIAMONDS FOUR,0.6314,0.0082,0.3604
CLUBS SIX HEARTS TEN,0.617,0.0076,0.3754
HEARTS TWO DIAMONDS SIX,0.6618,0.0082,0.33
HEARTS SEVEN DIAMONDS TWO,0.6814,0.0074,0.3112
HEARTS SEVEN HEARTS THREE,0.6184,0.0062,0.3754
SPADES ACE SPADES KING,0.2106,0.0128,0.7766
SPADES THREE CLUBS ACE,0.3976,0.0044,0.598
CLUBS SIX DIAMONDS SEVEN,0.6226,0.008,0.3694
CLUBS NINE HEARTS JACK,0.5576,0.006,0.4364
SPADES NINE CLUBS ACE,0.3588,0.0032,0.638
CLUBS SEVEN DIAMONDS QUEEN,0.637,0.0082,0.3548
HEARTS THREE DIAMONDS QUEEN,0.6482,0.0102,0.3416
HEARTS TEN HEARTS NINE,0.536,0.0082,0.4558
HEARTS FIVE HEARTS TWO,0.619,0.0078,0.3732
SPADES TEN CLUBS ACE,0.3468,0.0032,0.65
CLUBS SEVEN CLUBS FOUR,0.6004,0.0084,0.3912
HEARTS ACE HEARTS TEN,0.3246,0.0052,0.6702
SPADES FIVE HEARTS TEN,0.6294,0.0098,0.3608
HEARTS FIVE SPADES THREE,0.6232,0.0068,0.37
SPADES ACE SPADES QUEEN,0.3268,0.0034,0.6698
CLUBS JACK HEARTS QUEEN,0.557,0.0072,0.4358
CLUBS KING DIAMONDS FIVE,0.535,0.2344,0.2306
CLUBS KING HEARTS NINE,0.2192,0.1638,0.617
CLUBS FOUR HEARTS KING,0.5374,0.2236,0.239
CLUBS FIVE CLUBS QUEEN,0.5796,0.005,0.4154
HEARTS TWO DIAMONDS TEN,0.64,0.0068,0.3532
HEARTS SEVEN HEARTS ACE,0.3672,0.005,0.6278
CLUBS JACK HEARTS JACK,0.2744,0.0078,0.7178
SPADES FOUR DIAMONDS NINE,0.6476,0.008,0.3444
CLUBS SEVEN DIAMONDS SEVEN,0.441,0.0106,0.5484
SPADES QUEEN HEARTS QUEEN,0.289,0.0038,0.7072
SPADES SEVEN SPADES FOUR,0.6038,0.0062,0.39
CLUBS SEVEN SPADES FIVE,0.6282,0.0068,0.365
CLUBS TEN CLUBS FOUR,0.5994,0.0076,0.393
HEARTS SIX CLUBS NINE,0.6246,0.0074,0.368
DIAMONDS TWO SPADES QUEEN,0.6308,0.0074,0.3618
HEARTS FOUR DIAMONDS SEVEN,0.6422,0.0088,0.349
CLUBS FOUR HEARTS NINE,0.6352,0.006,0.3588
CLUBS JACK DIAMONDS TWO,0.635,0.0082,0.3568
SPADES KING HEARTS NINE,0.2212,0.168,0.6108
SPADES EIGHT HEARTS NINE,0.6744,0.0308,0.2948
SPADES KING DIAMONDS TWO,0.5404,0.2394,0.2202
CLUBS NINE CLUBS KING,0.2282,0.1558,0.616
HEARTS SEVEN HEARTS FOUR,0.6202,0.0086,0.3712
CLUBS JACK DIAMONDS SIX,0.634,0.0058,0.3602
SPADES KING CLUBS SIX,0.5324,0.228,0.2396
SPADES FIVE DIAMONDS FOUR,0.618,0.0112,0.3708
DIAMONDS NINE HEARTS QUEEN,0.5782,0.0078,0.414
SPADES ACE HEARTS KING,0.2306,0.0134,0.756
SPADES QUEEN CLUBS TWO,0.6178,0.0072,0.375
SPADES NINE DIAMONDS ACE,0.347,0.0042,0.6488
HEARTS TWO HEARTS KING,0.5248,0.216,0.2592
DIAMONDS TWO DIAMONDS NINE,0.6062,0.0098,0.384
DIAMONDS THREE HEARTS JACK,0.639,0.0066,0.3544
SPADES ACE SPADES TWO,0.368,0.005,0.627
CLUBS SEVEN DIAMONDS FIVE,0.6326,0.0092,0.3582
CLUBS TEN HEARTS NINE,0.5516,0.005,0.4434
HEARTS THREE CLUBS SIX,0.6508,0.0086,0.3406
CLUBS TWO CLUBS KING,0.5066,0.2162,0.2772
HEARTS THREE DIAMONDS ACE,0.3928,0.0044,0.6028
HEARTS THREE SPADES THREE,0.4654,0.0154,0.5192
HEARTS SIX HEARTS KING,0.5124,0.2252,0.2624
SPADES SIX CLUBS TWO,0.6506,0.0068,0.3426
HEARTS FIVE DIAMONDS FIVE,0.4514,0.0144,0.5342
SPADES KING CLUBS FOUR,0.534,0.2284,0.2376
SPADES NINE HEARTS NINE,0.2974,0.009,0.6936
SPADES TEN DIAMONDS FIVE,0.633,0.0086,0.3584
CLUBS TEN HEARTS FIVE,0.6352,0.009,0.3558
CLUBS JACK HEARTS FIVE,0.6272,0.0072,0.3656
HEARTS SIX DIAMONDS EIGHT,0.7014,0.03,0.2686
CLUBS FOUR SPADES FIVE,0.6072,0.0078,0.385
DIAMONDS JACK CLUBS TWO,0.629,0.0066,0.3644
SPADES KING HEARTS FOUR,0.5406,0.2298,0.2296
SPADES ACE CLUBS TEN,0.347,0.0026,0.6504
SPADES SEVEN CLUBS TWO,0.6722,0.0092,0.3186
HEARTS KING HEARTS JACK,0.2302,0.085,0.6848
SPADES SIX SPADES FIVE,0.5796,0.0062,0.4142
DIAMONDS THREE SPADES TEN,0.633,0.0076,0.3594
CLUBS JACK CLUBS ACE,0.3314,0.004,0.6646
HEARTS QUEEN HEARTS JACK,0.5374,0.0088,0.4538
HEARTS THREE HEARTS TWO,0.623,0.0114,0.3656
SPADES NINE HEARTS KING,0.2326,0.1706,0.5968
CLUBS SIX HEARTS KING,0.535,0.23,0.235
SPADES QUEEN CLUBS SEVEN,0.6224,0.0048,0.3728
DIAMONDS THREE SPADES SEVEN,0.667,0.0066,0.3264
HEARTS FOUR CLUBS FOUR,0.4548,0.0138,0.5314
SPADES SEVEN SPADES FIVE,0.5838,0.0068,0.4094
CLUBS EIGHT DIAMONDS FOUR,0.7288,0.0388,0.2324
DIAMONDS JACK CLUBS QUEEN,0.5588,0.0074,0.4338
DIAMONDS TWO HEARTS TEN,0.6308,0.0092,0.36
DIAMONDS THREE HEARTS QUEEN,0.6362,0.006,0.3578
DIAMONDS QUEEN DIAMONDS SEVEN,0.6076,0.0064,0.386
CLUBS TEN SPADES QUEEN,0.5738,0.007,0.4192
HEARTS SEVEN DIAMONDS SEVEN,0.447,0.0122,0.5408
SPADES ACE CLUBS JACK,0.35,0.0058,0.6442
SPADES ACE DIAMONDS JACK,0.3574,0.003,0.6396
HEARTS SEVEN CLUBS QUEEN,0.6522,0.0068,0.341
CLUBS EIGHT CLUBS KING,0.0206,0.9048,0.0746
CLUBS NINE SPADES THREE,0.6184,0.0086,0.373
DIAMONDS ACE CLUBS QUEEN,0.352,0.007,0.641
CLUBS FIVE CLUBS FOUR,0.5684,0.0072,0.4244
SPADES KING HEARTS ACE,0.2246,0.0108,0.7646
CLUBS EIGHT SPADES FOUR,0.7296,0.0318,0.2386
CLUBS JACK HEARTS ACE,0.3468,0.0046,0.6486
CLUBS SIX HEARTS ACE,0.3878,0.0046,0.6076
SPADES SIX SPADES TWO,0.608,0.0066,0.3854
SPADES FIVE HEARTS NINE,0.6206,0.0062,0.3732
SPADES TEN HEARTS JACK,0.5564,0.0076,0.436
SPADES TEN DIAMONDS NINE,0.5712,0.0074,0.4214
SPADES EIGHT DIAMONDS QUEEN,0.7204,0.0344,0.2452
SPADES ACE CLUBS EIGHT,0.239,0.0204,0.7406
HEARTS KING HEARTS TEN,0.2156,0.1114,0.673
CLUBS SEVEN CLUBS SIX,0.5692,0.0072,0.4236
DIAMONDS TEN HEARTS TEN,0.2906,0.0072,0.7022
DIAMONDS SEVEN CLUBS ACE,0.3978,0.003,0.5992
SPADES EIGHT CLUBS KING,0.0208,0.9562,0.023
HEARTS SIX CLUBS THREE,0.6412,0.0074,0.3514
SPADES KING CLUBS NINE,0.2372,0.153,0.6098
HEARTS SIX SPADES QUEEN,0.6374,0.0056,0.357
DIAMONDS NINE CLUBS ACE,0.3568,0.0042,0.639
HEARTS THREE CLUBS TWO,0.6516,0.0106,0.3378
SPADES FIVE DIAMONDS SIX,0.628,0.0076,0.3644
HEARTS FOUR CLUBS TWO,0.6404,0.0066,0.353
SPADES ACE DIAMONDS NINE,0.3584,0.0032,0.6384
DIAMONDS ACE CLUBS FOUR,0.3864,0.004,0.6096
SPADES EIGHT SPADES FOUR,0.6806,0.0362,0.2832
DIAMONDS TWO DIAMONDS EIGHT,0.7082,0.042,0.2498
SPADES NINE SPADES SIX,0.5714,0.007,0.4216
CLUBS NINE DIAMONDS QUEEN,0.5936,0.0082,0.3982
CLUBS TEN HEARTS JACK,0.5514,0.005,0.4436
SPADES ACE CLUBS QUEEN,0.3444,0.0046,0.651
SPADES KING DIAMONDS NINE,0.2264,0.1718,0.6018
DIAMONDS JACK SPADES TWO,0.6334,0.0108,0.3558
CLUBS EIGHT DIAMONDS SEVEN,0.6862,0.0326,0.2812
SPADES KING HEARTS QUEEN,0.2308,0.062,0.7072
SPADES THREE CLUBS QUEEN,0.639,0.0058,0.3552
HEARTS FIVE DIAMONDS JACK,0.6364,0.0106,0.353
DIAMONDS TEN DIAMONDS FOUR,0.5944,0.0086,0.397
HEARTS THREE HEARTS TEN,0.5924,0.0078,0.3998
DIAMONDS TWO DIAMONDS QUEEN,0.602,0.0056,0.3924
CLUBS JACK DIAMONDS EIGHT,0.716,0.0284,0.2556
DIAMONDS QUEEN HEARTS NINE,0.5812,0.0082,0.4106
CLUBS NINE SPADES TEN,0.5586,0.0058,0.4356
SPADES SIX CLUBS KING,0.5444,0.2266,0.229
SPADES FIVE SPADES THREE,0.6018,0.008,0.3902
SPADES SEVEN DIAMONDS EIGHT,0.6774,0.0328,0.2898
CLUBS FOUR SPADES THREE,0.6428,0.0068,0.3504
HEARTS FOUR CLUBS SIX,0.6366,0.0074,0.356
SPADES JACK DIAMONDS FIVE,0.6318,0.0072,0.361
SPADES ACE CLUBS TWO,0.397,0.0044,0.5986
CLUBS SIX HEARTS TWO,0.6618,0.0068,0.3314
DIAMONDS TWO SPADES FIVE,0.631,0.0098,0.3592
HEARTS FOUR CLUBS THREE,0.6208,0.007,0.3722
HEARTS FOUR HEARTS THREE,0.6148,0.0062,0.379
CLUBS JACK SPADES QUEEN,0.5576,0.006,0.4364
CLUBS QUEEN DIAMONDS FOUR,0.6304,0.0066,0.363
CLUBS TEN SPADES NINE,0.5486,0.0068,0.4446
HEARTS FIVE SPADES TWO,0.6364,0.0076,0.356
CLUBS NINE CLUBS EIGHT,0.6344,0.0266,0.339
SPADES FIVE SPADES TWO,0.599,0.006,0.395
CLUBS FIVE DIAMONDS SIX,0.622,0.007,0.371
HEARTS SIX DIAMONDS FOUR,0.6284,0.0108,0.3608
DIAMONDS THREE CLUBS EIGHT,0.7436,0.0364,0.22
SPADES TWO HEARTS TEN,0.6316,0.007,0.3614
CLUBS SIX DIAMONDS FOUR,0.6392,0.0078,0.353
SPADES TEN HEARTS NINE,0.5634,0.0062,0.4304
HEARTS SIX CLUBS KING,0.5382,0.2356,0.2262
DIAMONDS THREE HEARTS TWO,0.6586,0.0076,0.3338
SPADES TWO HEARTS QUEEN,0.6244,0.0078,0.3678
DIAMONDS THREE SPADES QUEEN,0.6384,0.0074,0.3542
SPADES TEN DIAMONDS JACK,0.5582,0.0078,0.434
HEARTS SIX SPADES EIGHT,0.699,0.031,0.27
SPADES QUEEN SPADES FOUR,0.5934,0.0062,0.4004
HEARTS SEVEN SPADES JACK,0.6334,0.0058,0.3608
SPADES TEN SPADES NINE,0.5338,0.005,0.4612
SPADES SIX DIAMONDS JACK,0.6374,0.0074,0.3552
SPADES JACK HEARTS ACE,0.3484,0.0044,0.6472
HEARTS SEVEN SPADES EIGHT,0.6804,0.0318,0.2878
SPADES SIX CLUBS ACE,0.3826,0.0026,0.6148
SPADES TEN CLUBS SIX,0.6142,0.0068,0.379
CLUBS TEN SPADES SIX,0.6176,0.0082,0.3742
SPADES FIVE DIAMONDS NINE,0.631,0.0076,0.3614
DIAMONDS JACK CLUBS KING,0.232,0.0918,0.6762
SPADES JACK HEARTS NINE,0.5666,0.0066,0.4268
SPADES JACK SPADES FOUR,0.5828,0.0064,0.4108
DIAMONDS TWO CLUBS KING,0.5554,0.2232,0.2214
DIAMONDS THREE CLUBS QUEEN,0.62,0.0076,0.3724
CLUBS FIVE DIAMONDS ACE,0.383,0.0046,0.6124
DIAMONDS TWO SPADES JACK,0.6374,0.0068,0.3558
HEARTS SEVEN CLUBS SEVEN,0.438,0.012,0.55
CLUBS TEN CLUBS EIGHT,0.6458,0.0298,0.3244
HEARTS SEVEN SPADES FIVE,0.6284,0.0082,0.3634
CLUBS NINE DIAMONDS TEN,0.5648,0.0054,0.4298
SPADES ACE HEARTS ACE,0.1088,0.0038,0.8874
SPADES QUEEN CLUBS KING,0.2342,0.0644,0.7014
CLUBS TEN SPADES JACK,0.5598,0.0064,0.4338
SPADES NINE HEARTS ACE,0.3454,0.0046,0.65
CLUBS JACK CLUBS EIGHT,0.6558,0.0298,0.3144
DIAMONDS SEVEN HEARTS TEN,0.6146,0.0074,0.378
SPADES QUEEN DIAMONDS TEN,0.5686,0.0078,0.4236
CLUBS JACK HEARTS TWO,0.6388,0.0064,0.3548
DIAMONDS EIGHT DIAMONDS FOUR,0.6856,0.038,0.2764
DIAMONDS TWO DIAMONDS SEVEN,0.6454,0.0052,0.3494
DIAMONDS NINE CLUBS KING,0.2404,0.1564,0.6032
CLUBS FOUR HEARTS TEN,0.6324,0.006,0.3616
SPADES TEN SPADES SIX,0.5854,0.0058,0.4088
SPADES QUEEN CLUBS ACE,0.347,0.0028,0.6502
HEARTS KING CLUBS QUEEN,0.2302,0.0714,0.6984
DIAMONDS QUEEN CLUBS TWO,0.6434,0.0092,0.3474
HEARTS SIX SPADES SEVEN,0.6338,0.0054,0.3608
CLUBS TWO DIAMONDS FOUR,0.6392,0.0086,0.3522
DIAMONDS QUEEN DIAMONDS NINE,0.5658,0.0058,0.4284
DIAMONDS THREE SPADES EIGHT,0.7338,0.0396,0.2266
CLUBS KING CLUBS QUEEN,0.2226,0.0632,0.7142
CLUBS FOUR DIAMONDS NINE,0.6434,0.0078,0.3488
CLUBS SIX DIAMONDS QUEEN,0.6208,0.006,0.3732
CLUBS SIX SPADES EIGHT,0.6908,0.0332,0.276
SPADES EIGHT DIAMONDS NINE,0.686,0.0314,0.2826
SPADES ACE HEARTS QUEEN,0.355,0.005,0.64
DIAMONDS TWO HEARTS JACK,0.6412,0.0086,0.3502
CLUBS FOUR CLUBS THREE,0.597,0.0086,0.3944
HEARTS KING DIAMONDS FOUR,0.5376,0.231,0.2314
SPADES TEN CLUBS THREE,0.6242,0.0066,0.3692
CLUBS SEVEN HEARTS TWO,0.6684,0.0078,0.3238
CLUBS SIX SPADES THREE,0.65,0.0084,0.3416
DIAMONDS QUEEN CLUBS KING,0.2376,0.0666,0.6958
SPADES SIX HEARTS ACE,0.3972,0.0048,0.598
HEARTS TWO SPADES EIGHT,0.7416,0.0398,0.2186
HEARTS FIVE HEARTS QUEEN,0.607,0.0074,0.3856
CLUBS TEN SPADES SEVEN,0.6092,0.0056,0.3852
SPADES EIGHT HEARTS JACK,0.7022,0.033,0.2648
HEARTS FOUR CLUBS SEVEN,0.645,0.0076,0.3474
SPADES QUEEN HEARTS TWO,0.6344,0.0072,0.3584
HEARTS TWO DIAMONDS QUEEN,0.6468,0.005,0.3482
CLUBS FOUR DIAMONDS SEVEN,0.6356,0.0086,0.3558
SPADES TEN DIAMONDS SIX,0.6304,0.0072,0.3624
HEARTS FIVE HEARTS THREE,0.5868,0.0082,0.405
SPADES THREE DIAMONDS SEVEN,0.6574,0.009,0.3336
CLUBS SEVEN CLUBS QUEEN,0.5934,0.0058,0.4008
SPADES FIVE CLUBS ACE,0.39,0.0028,0.6072
CLUBS TEN CLUBS SIX,0.5764,0.0066,0.417
HEARTS KING HEARTS NINE,0.2148,0.1546,0.6306
HEARTS SEVEN SPADES NINE,0.6204,0.0086,0.371
DIAMONDS ACE HEARTS ACE,0.1038,0.005,0.8912
DIAMONDS ACE DIAMONDS EIGHT,0.2234,0.0278,0.7488
CLUBS TEN SPADES THREE,0.6338,0.0054,0.3608
HEARTS KING DIAMONDS SEVEN,0.533,0.2394,0.2276
DIAMONDS EIGHT HEARTS JACK,0.7138,0.0334,0.2528
CLUBS SEVEN HEARTS TEN,0.6212,0.0082,0.3706
CLUBS NINE DIAMONDS JACK,0.5746,0.008,0.4174
HEARTS SEVEN CLUBS SIX,0.6284,0.008,0.3636
DIAMONDS FIVE HEARTS NINE,0.6096,0.0082,0.3822
HEARTS SEVEN SPADES SEVEN,0.4346,0.0132,0.5522
HEARTS SIX DIAMONDS FIVE,0.6124,0.011,0.3766
SPADES TEN SPADES FIVE,0.5782,0.0076,0.4142
DIAMONDS JACK DIAMONDS SEVEN,0.5952,0.0064,0.3984
SPADES THREE CLUBS KING,0.5362,0.2288,0.235
CLUBS TWO SPADES THREE,0.6446,0.0078,0.3476
SPADES EIGHT DIAMONDS EIGHT,0.3038,0.0226,0.6736
DIAMONDS JACK DIAMONDS FIVE,0.6126,0.0076,0.3798
SPADES FOUR DIAMONDS FOUR,0.44,0.0132,0.5468
SPADES QUEEN DIAMONDS JACK,0.5696,0.0066,0.4238
DIAMONDS TWO CLUBS NINE,0.6396,0.0046,0.3558
CLUBS TEN HEARTS TEN,0.2884,0.0092,0.7024
SPADES SIX DIAMONDS EIGHT,0.698,0.0356,0.2664
HEARTS SIX HEARTS ACE,0.3722,0.004,0.6238
SPADES QUEEN SPADES EIGHT,0.6746,0.03,0.2954
CLUBS SIX SPADES TWO,0.657,0.0074,0.3356
CLUBS FOUR SPADES FOUR,0.452,0.0138,0.5342
CLUBS JACK CLUBS SIX,0.6034,0.0064,0.3902
SPADES THREE HEARTS JACK,0.6282,0.009,0.3628
DIAMONDS QUEEN DIAMONDS EIGHT,0.6874,0.0324,0.2802
CLUBS SIX HEARTS NINE,0.6122,0.0044,0.3834
HEARTS FOUR DIAMONDS NINE,0.6406,0.0078,0.3516
HEARTS TWO DIAMONDS JACK,0.6432,0.008,0.3488
HEARTS SEVEN SPADES QUEEN,0.6466,0.007,0.3464
SPADES KING SPADES TWO,0.5102,0.2168,0.273
SPADES EIGHT HEARTS ACE,0.2298,0.0236,0.7466
CLUBS SIX DIAMONDS NINE,0.633,0.0066,0.3604
CLUBS THREE SPADES FIVE,0.6232,0.0094,0.3674
DIAMONDS TWO HEARTS NINE,0.652,0.0076,0.3404
SPADES SEVEN HEARTS QUEEN,0.6388,0.006,0.3552
SPADES QUEEN CLUBS FIVE,0.6346,0.0074,0.358
CLUBS FOUR HEARTS QUEEN,0.6216,0.0076,0.3708
SPADES ACE HEARTS SIX,0.414,0.0028,0.5832
SPADES KING CLUBS EIGHT,0.0194,0.9586,0.022
DIAMONDS TWO SPADES SEVEN,0.6706,0.0086,0.3208
CLUBS EIGHT DIAMONDS JACK,0.7078,0.0306,0.2616
HEARTS QUEEN DIAMONDS SEVEN,0.631,0.0084,0.3606
DIAMONDS TWO DIAMONDS FIVE,0.6078,0.0094,0.3828
CLUBS SEVEN DIAMONDS FOUR,0.6436,0.011,0.3454
HEARTS SIX DIAMONDS ACE,0.3928,0.0034,0.6038
SPADES KING SPADES NINE,0.203,0.1656,0.6314
CLUBS NINE SPADES JACK,0.5684,0.0068,0.4248
HEARTS TWO HEARTS ACE,0.3762,0.0054,0.6184
SPADES JACK HEARTS KING,0.2334,0.088,0.6786
HEARTS SEVEN CLUBS KING,0.5356,0.2344,0.23
CLUBS EIGHT SPADES FIVE,0.7066,0.0326,0.2608
DIAMONDS TWO CLUBS TWO,0.4618,0.0142,0.524
HEARTS TWO SPADES FIVE,0.6458,0.0088,0.3454
HEARTS FIVE CLUBS FIVE,0.4518,0.0124,0.5358
CLUBS ACE HEARTS TEN,0.3448,0.0052,0.65
HEARTS SEVEN SPADES THREE,0.6582,0.0084,0.3334
HEARTS FIVE SPADES EIGHT,0.7144,0.034,0.2516
DIAMONDS JACK SPADES THREE,0.627,0.0074,0.3656
CLUBS SEVEN DIAMONDS SIX,0.6162,0.0086,0.3752
DIAMONDS ACE SPADES SEVEN,0.3868,0.0054,0.6078
SPADES QUEEN DIAMONDS SIX,0.6314,0.0056,0.363
HEARTS SIX SPADES THREE,0.6408,0.0058,0.3534
SPADES KING DIAMONDS QUEEN,0.2348,0.0618,0.7034
SPADES QUEEN CLUBS QUEEN,0.2946,0.0034,0.702
SPADES NINE CLUBS QUEEN,0.5856,0.0044,0.41
DIAMONDS TEN SPADES TWO,0.6402,0.007,0.3528
SPADES TWO DIAMONDS SIX,0.6528,0.0096,0.3376
CLUBS EIGHT HEARTS ACE,0.2352,0.026,0.7388
HEARTS SEVEN CLUBS NINE,0.5954,0.0076,0.397
SPADES NINE CLUBS SIX,0.6038,0.0054,0.3908
CLUBS JACK SPADES SIX,0.6316,0.0064,0.362
HEARTS SIX SPADES FOUR,0.6372,0.006,0.3568
DIAMONDS ACE DIAMONDS SIX,0.3694,0.005,0.6256
SPADES THREE HEARTS QUEEN,0.6242,0.0088,0.367
HEARTS TWO CLUBS TWO,0.463,0.0168,0.5202
HEARTS SEVEN HEARTS JACK,0.5842,0.0076,0.4082
SPADES KING DIAMONDS SEVEN,0.5488,0.2286,0.2226
SPADES JACK SPADES TEN,0.5144,0.0066,0.479
DIAMONDS ACE DIAMONDS FIVE,0.3786,0.005,0.6164
DIAMONDS QUEEN DIAMONDS TEN,0.5354,0.0076,0.457
HEARTS TWO HEARTS JACK,0.598,0.0058,0.3962
HEARTS ACE HEARTS NINE,0.348,0.0044,0.6476
SPADES TEN SPADES TWO,0.5766,0.007,0.4164
CLUBS JACK CLUBS SEVEN,0.595,0.0066,0.3984
SPADES FOUR HEARTS NINE,0.6308,0.0092,0.36
SPADES KING SPADES FOUR,0.4918,0.2116,0.2966
SPADES THREE HEARTS TEN,0.6276,0.0098,0.3626
SPADES THREE DIAMONDS FIVE,0.6356,0.007,0.3574
SPADES QUEEN CLUBS SIX,0.6228,0.0052,0.372
SPADES NINE DIAMONDS EIGHT,0.675,0.0308,0.2942
SPADES QUEEN CLUBS EIGHT,0.7026,0.0342,0.2632
SPADES QUEEN HEARTS FIVE,0.6316,0.006,0.3624
SPADES TWO DIAMONDS SEVEN,0.674,0.009,0.317
CLUBS TEN DIAMONDS TWO,0.6336,0.0058,0.3606
CLUBS FOUR HEARTS ACE,0.3848,0.0056,0.6096
HEARTS FIVE HEARTS NINE,0.5772,0.0076,0.4152
DIAMONDS JACK DIAMONDS NINE,0.5532,0.0068,0.44
CLUBS EIGHT DIAMONDS NINE,0.6896,0.0308,0.2796
DIAMONDS TWO DIAMONDS JACK,0.5978,0.0066,0.3956
SPADES EIGHT SPADES THREE,0.683,0.033,0.284
SPADES EIGHT CLUBS ACE,0.2356,0.0254,0.739
DIAMONDS JACK HEARTS QUEEN,0.571,0.0074,0.4216
HEARTS QUEEN DIAMONDS FIVE,0.6276,0.0076,0.3648
DIAMONDS THREE DIAMONDS FIVE,0.5954,0.0076,0.397
SPADES EIGHT HEARTS KING,0.011,0.967,0.022
SPADES ACE CLUBS KING,0.2338,0.0078,0.7584
CLUBS TEN DIAMONDS ACE,0.3472,0.0036,0.6492
SPADES SEVEN HEARTS NINE,0.5946,0.0062,0.3992
CLUBS FIVE DIAMONDS TEN,0.6372,0.0074,0.3554
CLUBS NINE HEARTS QUEEN,0.5674,0.0072,0.4254
SPADES KING CLUBS SEVEN,0.5394,0.231,0.2296
CLUBS JACK HEARTS KING,0.2298,0.0828,0.6874
SPADES QUEEN HEARTS THREE,0.6408,0.008,0.3512
HEARTS SIX CLUBS TWO,0.659,0.0088,0.3322
SPADES QUEEN SPADES TWO,0.5882,0.0086,0.4032
CLUBS FOUR DIAMONDS QUEEN,0.631,0.0088,0.3602
SPADES ACE SPADES NINE,0.341,0.0026,0.6564
CLUBS EIGHT SPADES SIX,0.6952,0.0338,0.271
SPADES ACE SPADES JACK,0.3292,0.0052,0.6656
DIAMONDS NINE HEARTS JACK,0.5732,0.0066,0.4202
HEARTS NINE DIAMONDS FOUR,0.6464,0.0082,0.3454
CLUBS EIGHT DIAMONDS ACE,0.2286,0.0278,0.7436
CLUBS SEVEN HEARTS THREE,0.6538,0.0084,0.3378
HEARTS SIX DIAMONDS JACK,0.6414,0.009,0.3496
SPADES KING DIAMONDS TEN,0.2282,0.1188,0.653
DIAMONDS THREE SPADES THREE,0.4632,0.0138,0.523
DIAMONDS SIX CLUBS QUEEN,0.631,0.0064,0.3626
SPADES NINE SPADES TWO,0.5794,0.0056,0.415
HEARTS SEVEN DIAMONDS EIGHT,0.6974,0.0342,0.2684
HEARTS THREE DIAMONDS FIVE,0.6386,0.008,0.3534
HEARTS THREE SPADES EIGHT,0.7284,0.0384,0.2332
SPADES FIVE HEARTS QUEEN,0.6252,0.007,0.3678
SPADES KING HEARTS TEN,0.2218,0.1152,0.663
CLUBS NINE DIAMONDS ACE,0.363,0.0038,0.6332
CLUBS JACK CLUBS TWO,0.5958,0.006,0.3982
DIAMONDS THREE DIAMONDS ACE,0.3824,0.0036,0.614
CLUBS FIVE SPADES TWO,0.6326,0.007,0.3604
DIAMONDS THREE CLUBS NINE,0.6368,0.0066,0.3566
CLUBS TWO DIAMONDS TEN,0.6404,0.0064,0.3532
DIAMONDS EIGHT DIAMONDS SEVEN,0.6538,0.036,0.3102
SPADES TEN SPADES FOUR,0.5864,0.0076,0.406
CLUBS SEVEN DIAMONDS EIGHT,0.6844,0.034,0.2816
SPADES EIGHT SPADES SIX,0.6524,0.0352,0.3124
SPADES SEVEN DIAMONDS QUEEN,0.6366,0.0082,0.3552
SPADES THREE DIAMONDS EIGHT,0.741,0.035,0.224
DIAMONDS THREE SPADES JACK,0.6502,0.005,0.3448
HEARTS SIX HEARTS THREE,0.6228,0.0098,0.3674
CLUBS NINE SPADES FIVE,0.6154,0.0068,0.3778
CLUBS NINE HEARTS NINE,0.3,0.0068,0.6932
SPADES QUEEN DIAMONDS EIGHT,0.7326,0.029,0.2384
HEARTS SIX SPADES JACK,0.6366,0.0074,0.356
SPADES SEVEN SPADES THREE,0.6138,0.0072,0.379
CLUBS SIX CLUBS ACE,0.364,0.0034,0.6326
SPADES SIX HEARTS NINE,0.6148,0.0066,0.3786
SPADES TWO CLUBS ACE,0.4052,0.0044,0.5904
CLUBS KING DIAMONDS FOUR,0.537,0.2428,0.2202
HEARTS TWO DIAMONDS SEVEN,0.681,0.0088,0.3102
HEARTS FOUR DIAMONDS TEN,0.6348,0.0062,0.359
SPADES QUEEN SPADES JACK,0.5236,0.0066,0.4698
SPADES FIVE SPADES FOUR,0.5824,0.0066,0.411
CLUBS SEVEN DIAMONDS ACE,0.3738,0.0044,0.6218
HEARTS ACE DIAMONDS SEVEN,0.3998,0.0052,0.595
HEARTS KING DIAMONDS EIGHT,0.009,0.9832,0.0078
CLUBS FIVE DIAMONDS EIGHT,0.7164,0.033,0.2506
SPADES TEN CLUBS SEVEN,0.6144,0.0062,0.3794
SPADES ACE HEARTS SEVEN,0.3862,0.0044,0.6094
HEARTS FOUR HEARTS TEN,0.6026,0.008,0.3894
HEARTS FOUR DIAMONDS EIGHT,0.7406,0.0312,0.2282
SPADES KING DIAMONDS ACE,0.2292,0.0112,0.7596
SPADES SEVEN SPADES SIX,0.5772,0.0062,0.4166
SPADES ACE CLUBS SEVEN,0.386,0.0032,0.6108
SPADES FOUR CLUBS KING,0.5366,0.2254,0.238
SPADES FIVE HEARTS JACK,0.6354,0.0084,0.3562
DIAMONDS ACE HEARTS KING,0.2232,0.0156,0.7612
HEARTS THREE DIAMONDS NINE,0.6486,0.0078,0.3436
SPADES ACE DIAMONDS ACE,0.1292,0.0028,0.868
HEARTS ACE CLUBS QUEEN,0.3418,0.0056,0.6526
SPADES JACK DIAMONDS QUEEN,0.5518,0.0072,0.441
SPADES FOUR HEARTS ACE,0.3808,0.004,0.6152
SPADES SIX DIAMONDS SEVEN,0.6232,0.0076,0.3692
SPADES JACK SPADES NINE,0.5356,0.007,0.4574
SPADES QUEEN HEARTS KING,0.2328,0.0562,0.711
DIAMONDS ACE DIAMONDS NINE,0.338,0.0064,0.6556
SPADES JACK CLUBS SEVEN,0.6112,0.0074,0.3814
SPADES KING DIAMONDS FOUR,0.5476,0.225,0.2274
DIAMONDS JACK DIAMONDS FOUR,0.5898,0.0056,0.4046
SPADES NINE DIAMONDS SEVEN,0.6136,0.0056,0.3808
SPADES KING CLUBS TEN,0.224,0.1176,0.6584
HEARTS ACE SPADES TWO,0.3956,0.0054,0.599
DIAMONDS THREE HEARTS NINE,0.6346,0.0086,0.3568
SPADES EIGHT CLUBS THREE,0.731,0.0386,0.2304
DIAMONDS JACK HEARTS KING,0.2244,0.0796,0.696
SPADES NINE DIAMONDS FIVE,0.6338,0.0066,0.3596
HEARTS TWO SPADES FOUR,0.6414,0.0096,0.349
CLUBS EIGHT CLUBS FIVE,0.6598,0.0332,0.307
DIAMONDS FIVE DIAMONDS FOUR,0.5826,0.006,0.4114
CLUBS ACE HEARTS JACK,0.3588,0.0044,0.6368
HEARTS THREE SPADES TWO,0.6522,0.0088,0.339
DIAMONDS TWO CLUBS QUEEN,0.6346,0.009,0.3564
CLUBS EIGHT SPADES SEVEN,0.6794,0.029,0.2916
DIAMONDS TWO CLUBS FIVE,0.644,0.0066,0.3494
SPADES ACE CLUBS FIVE,0.3882,0.0038,0.608
HEARTS FIVE DIAMONDS TEN,0.6466,0.0088,0.3446
CLUBS THREE SPADES FOUR,0.627,0.0088,0.3642
DIAMONDS THREE SPADES SIX,0.638,0.0078,0.3542
CLUBS EIGHT HEARTS FOUR,0.7196,0.038,0.2424
SPADES QUEEN DIAMONDS ACE,0.3498,0.0044,0.6458
SPADES KING SPADES QUEEN,0.2246,0.0638,0.7116
HEARTS THREE HEARTS JACK,0.5966,0.0062,0.3972
DIAMONDS THREE HEARTS KING,0.538,0.2342,0.2278
SPADES QUEEN HEARTS NINE,0.5814,0.0054,0.4132
CLUBS NINE DIAMONDS FIVE,0.6298,0.0064,0.3638
SPADES EIGHT DIAMONDS FIVE,0.7062,0.0374,0.2564
SPADES TWO DIAMONDS FOUR,0.646,0.009,0.345
HEARTS TWO SPADES SIX,0.6632,0.0078,0.329
CLUBS THREE HEARTS NINE,0.6326,0.0064,0.361
CLUBS FIVE DIAMONDS FIVE,0.4564,0.0098,0.5338
HEARTS SIX HEARTS FIVE,0.5772,0.0064,0.4164
DIAMONDS QUEEN HEARTS JACK,0.5638,0.006,0.4302
HEARTS FOUR CLUBS ACE,0.3962,0.0032,0.6006
DIAMONDS ACE SPADES FIVE,0.387,0.0048,0.6082
SPADES EIGHT CLUBS FOUR,0.7082,0.0382,0.2536
SPADES FOUR HEARTS KING,0.5206,0.2452,0.2342
SPADES SIX DIAMONDS NINE,0.6188,0.0074,0.3738
DIAMONDS ACE SPADES FOUR,0.3984,0.005,0.5966
SPADES ACE HEARTS TWO,0.392,0.0044,0.6036
HEARTS FIVE CLUBS THREE,0.6474,0.008,0.3446
CLUBS EIGHT DIAMONDS QUEEN,0.7154,0.0336,0.251
HEARTS JACK CLUBS QUEEN,0.5514,0.0062,0.4424
SPADES JACK CLUBS ACE,0.346,0.0048,0.6492
HEARTS SIX SPADES TEN,0.6184,0.0076,0.374
CLUBS NINE CLUBS QUEEN,0.5502,0.0064,0.4434
CLUBS TWO HEARTS KING,0.537,0.236,0.227
SPADES SEVEN DIAMONDS SIX,0.6178,0.008,0.3742
CLUBS TEN HEARTS SIX,0.6156,0.0076,0.3768
CLUBS TWO DIAMONDS SIX,0.6508,0.009,0.3402
SPADES KING HEARTS FIVE,0.5434,0.229,0.2276
DIAMONDS NINE HEARTS KING,0.228,0.1646,0.6074
HEARTS JACK HEARTS NINE,0.5386,0.0082,0.4532
CLUBS SIX CLUBS FIVE,0.5798,0.0078,0.4124
CLUBS THREE DIAMONDS JACK,0.6326,0.0098,0.3576
SPADES ACE HEARTS THREE,0.3922,0.0044,0.6034
SPADES FIVE DIAMONDS TEN,0.6296,0.0086,0.3618
DIAMONDS TWO SPADES SIX,0.6722,0.0078,0.32
HEARTS ACE CLUBS ACE,0.1108,0.0028,0.8864
DIAMONDS TWO HEARTS QUEEN,0.6202,0.0068,0.373
HEARTS SEVEN SPADES SIX,0.6238,0.009,0.3672
CLUBS THREE HEARTS KING,0.5188,0.243,0.2382
SPADES KING CLUBS FIVE,0.53,0.2248,0.2452
HEARTS SEVEN HEARTS TWO,0.6502,0.0084,0.3414
HEARTS ACE DIAMONDS SIX,0.39,0.0046,0.6054
HEARTS FIVE HEARTS KING,0.5154,0.2144,0.2702
SPADES KING DIAMONDS FIVE,0.5476,0.2258,0.2266
SPADES SEVEN HEARTS TEN,0.615,0.007,0.378
HEARTS SIX HEARTS QUEEN,0.5996,0.006,0.3944
CLUBS SEVEN DIAMONDS TEN,0.6226,0.006,0.3714
CLUBS JACK SPADES NINE,0.5712,0.0036,0.4252
CLUBS EIGHT HEARTS QUEEN,0.7168,0.0356,0.2476
SPADES SEVEN DIAMONDS FIVE,0.6138,0.0078,0.3784
HEARTS FIVE HEARTS TEN,0.6,0.0068,0.3932
SPADES ACE HEARTS JACK,0.3464,0.0048,0.6488
HEARTS SEVEN HEARTS TEN,0.5858,0.0072,0.407
CLUBS EIGHT HEARTS KING,0.0106,0.9696,0.0198
CLUBS TEN HEARTS QUEEN,0.5722,0.0054,0.4224
CLUBS JACK DIAMONDS SEVEN,0.63,0.0092,0.3608
DIAMONDS THREE HEARTS TEN,0.6374,0.009,0.3536
CLUBS TEN CLUBS KING,0.22,0.11,0.67
SPADES KING DIAMONDS EIGHT,0.0194,0.9696,0.011
CLUBS FIVE CLUBS ACE,0.3512,0.0046,0.6442
SPADES QUEEN DIAMONDS NINE,0.59,0.006,0.404
CLUBS EIGHT SPADES TWO,0.7378,0.0358,0.2264
HEARTS SIX HEARTS TWO,0.617,0.0088,0.3742
DIAMONDS QUEEN SPADES SIX,0.6278,0.007,0.3652
SPADES ACE DIAMONDS FOUR,0.3982,0.0048,0.597
DIAMONDS QUEEN CLUBS THREE,0.631,0.0074,0.3616
CLUBS JACK HEARTS THREE,0.6474,0.0052,0.3474
SPADES SEVEN DIAMONDS NINE,0.6052,0.0064,0.3884
