opposingHand,winningChance,drawChance,lostChance
HEARTS FIVE CLUBS THREE
CLUBS JACK SPADES FIVE,0.2624,0.063,0.6746
CLUBS TEN SPADES FIVE,0.2632,0.0764,0.6604
CLUBS JACK CLUBS EIGHT,0.3434,0.0192,0.6374
CLUBS TEN CLUBS EIGHT,0.3228,0.026,0.6512
CLUBS EIGHT CLUBS KING,0.3364,0.0076,0.656
SPADES FIVE CLUBS ACE,0.251,0.0282,0.7208
CLUBS EIGHT CLUBS QUEEN,0.333,0.014,0.653
SPADES FIVE CLUBS KING,0.2588,0.0436,0.6976
SPADES FIVE CLUBS QUEEN,0.2614,0.0488,0.6898
CLUBS EIGHT CLUBS ACE,0.3354,0.0054,0.6592
DIAMONDS TWO DIAMONDS THREE,0.3768,0.3554,0.2678
DIAMONDS TWO DIAMONDS FIVE,0.261,0.4766,0.2624
DIAMONDS TWO DIAMONDS FOUR,0.3854,0.2388,0.3758
DIAMONDS TWO DIAMONDS SEVEN,0.3792,0.1046,0.5162
DIAMONDS TWO DIAMONDS SIX,0.384,0.147,0.469
DIAMONDS TWO DIAMONDS NINE,0.3732,0.0448,0.582
DIAMONDS TWO DIAMONDS EIGHT,0.388,0.0618,0.5502
DIAMONDS THREE DIAMONDS FOUR,0.391,0.3428,0.2662
CLUBS TWO SPADES FOUR,0.4212,0.2536,0.3252
DIAMONDS THREE DIAMONDS FIVE,0.0202,0.9118,0.068
SPADES FIVE CLUBS TWO,0.2684,0.5194,0.2122
CLUBS TWO SPADES TWO,0.3418,0.1622,0.496
CLUBS TWO SPADES THREE,0.4114,0.3724,0.2162
DIAMONDS THREE DIAMONDS EIGHT,0.266,0.1312,0.6028
SPADES EIGHT CLUBS TWO,0.4146,0.0724,0.513
DIAMONDS THREE DIAMONDS NINE,0.2666,0.095,0.6384
SPADES NINE CLUBS TWO,0.4248,0.0464,0.5288
DIAMONDS THREE DIAMONDS SIX,0.2434,0.2556,0.501
SPADES SIX CLUBS TWO,0.4016,0.1616,0.4368
DIAMONDS THREE DIAMONDS SEVEN,0.2478,0.1934,0.5588
SPADES SEVEN CLUBS TWO,0.4234,0.107,0.4696
CLUBS SIX CLUBS TWO,0.3868,0.1502,0.463
CLUBS SEVEN CLUBS TWO,0.3996,0.1058,0.4946
CLUBS FOUR CLUBS TWO,0.3914,0.2324,0.3762
CLUBS FIVE CLUBS TWO,0.2524,0.4968,0.2508
CLUBS TEN CLUBS JACK,0.3292,0.016,0.6548
DIAMONDS FOUR DIAMONDS SIX,0.3312,0.144,0.5248
CLUBS TEN CLUBS QUEEN,0.3434,0.0104,0.6462
DIAMONDS FOUR DIAMONDS SEVEN,0.3428,0.0986,0.5586
CLUBS TEN CLUBS KING,0.3278,0.008,0.6642
CLUBS TEN CLUBS ACE,0.3458,0.0042,0.65
CLUBS EIGHT CLUBS TWO,0.3986,0.0686,0.5328
DIAMONDS FIVE DIAMONDS FOUR,0.2122,0.4972,0.2906
CLUBS NINE CLUBS TWO,0.3954,0.0408,0.5638
DIAMONDS NINE DIAMONDS FOUR,0.3622,0.0448,0.593
DIAMONDS EIGHT DIAMONDS FOUR,0.3582,0.0616,0.5802
DIAMONDS NINE DIAMONDS FIVE,0.2516,0.1048,0.6436
CLUBS JACK DIAMONDS TWO,0.4164,0.022,0.5616
DIAMONDS EIGHT DIAMONDS FIVE,0.2376,0.1428,0.6196
CLUBS TEN DIAMONDS TWO,0.4112,0.0346,0.5542
DIAMONDS FIVE DIAMONDS SEVEN,0.2298,0.1884,0.5818
DIAMONDS FIVE DIAMONDS SIX,0.225,0.2506,0.5244
DIAMONDS TWO CLUBS ACE,0.3932,0.0056,0.6012
DIAMONDS TWO CLUBS KING,0.4318,0.0088,0.5594
DIAMONDS TWO CLUBS QUEEN,0.4128,0.0164,0.5708
DIAMONDS EIGHT DIAMONDS SIX,0.3194,0.0546,0.626
DIAMONDS NINE DIAMONDS SIX,0.338,0.0414,0.6206
HEARTS ACE SPADES THREE,0.2572,0.0164,0.7264
SPADES THREE HEARTS KING,0.2644,0.0344,0.7012
DIAMONDS SEVEN DIAMONDS SIX,0.3132,0.0916,0.5952
HEARTS QUEEN SPADES THREE,0.2708,0.045,0.6842
SPADES THREE HEARTS JACK,0.266,0.0596,0.6744
SPADES THREE HEARTS TEN,0.2716,0.0778,0.6506
DIAMONDS EIGHT DIAMONDS SEVEN,0.3106,0.0608,0.6286
DIAMONDS NINE DIAMONDS SEVEN,0.3356,0.0384,0.626
DIAMONDS NINE DIAMONDS EIGHT,0.3272,0.0362,0.6366
DIAMONDS KING HEARTS TEN,0.3498,0.0082,0.642
HEARTS THREE HEARTS TEN,0.2596,0.0768,0.6636
SPADES JACK CLUBS SIX,0.3604,0.0188,0.6208
DIAMONDS KING HEARTS JACK,0.3644,0.0072,0.6284
HEARTS THREE HEARTS JACK,0.2652,0.0556,0.6792
SPADES TEN CLUBS SIX,0.3622,0.026,0.6118
SPADES JACK SPADES FIVE,0.255,0.0652,0.6798
SPADES TEN SPADES FIVE,0.266,0.0708,0.6632
DIAMONDS KING HEARTS ACE,0.3628,0.0046,0.6326
HEARTS THREE HEARTS ACE,0.2574,0.0194,0.7232
SPADES ACE CLUBS SIX,0.3532,0.0032,0.6436
DIAMONDS KING HEARTS QUEEN,0.3466,0.008,0.6454
HEARTS THREE HEARTS QUEEN,0.275,0.0406,0.6844
SPADES KING CLUBS SIX,0.3478,0.0086,0.6436
DIAMONDS KING HEARTS KING,0.1652,0.0202,0.8146
HEARTS THREE HEARTS KING,0.2696,0.0298,0.7006
SPADES QUEEN CLUBS SIX,0.36,0.0126,0.6274
SPADES NINE HEARTS TEN,0.3372,0.0228,0.64
SPADES NINE HEARTS JACK,0.3542,0.0164,0.6294
SPADES QUEEN SPADES FIVE,0.2486,0.0462,0.7052
SPADES KING SPADES FIVE,0.2424,0.0362,0.7214
SPADES ACE SPADES FIVE,0.234,0.0256,0.7404
SPADES NINE HEARTS QUEEN,0.3458,0.0114,0.6428
SPADES NINE HEARTS KING,0.362,0.0088,0.6292
SPADES NINE HEARTS ACE,0.3446,0.006,0.6494
CLUBS TEN SPADES JACK,0.3438,0.0148,0.6414
CLUBS TEN SPADES TEN,0.165,0.0642,0.7708
SPADES ACE CLUBS TEN,0.3528,0.0034,0.6438
CLUBS TEN SPADES KING,0.3478,0.0084,0.6438
CLUBS TEN SPADES QUEEN,0.3382,0.0114,0.6504
SPADES FIVE HEARTS QUEEN,0.262,0.0492,0.6888
SPADES FIVE HEARTS KING,0.2738,0.0374,0.6888
HEARTS ACE SPADES FIVE,0.2514,0.0258,0.7228
CLUBS EIGHT SPADES TEN,0.3428,0.0302,0.627
HEARTS THREE SPADES JACK,0.2896,0.057,0.6534
SPADES JACK DIAMONDS KING,0.3542,0.008,0.6378
SPADES TEN DIAMONDS KING,0.3548,0.0078,0.6374
HEARTS THREE SPADES TEN,0.2852,0.0768,0.638
CLUBS EIGHT SPADES JACK,0.354,0.0186,0.6274
CLUBS SIX HEARTS ACE,0.3514,0.0056,0.643
SPADES ACE CLUBS EIGHT,0.3708,0.0038,0.6254
CLUBS SIX HEARTS QUEEN,0.3548,0.012,0.6332
SPADES QUEEN CLUBS EIGHT,0.361,0.0132,0.6258
CLUBS TEN SPADES THREE,0.2742,0.0852,0.6406
CLUBS SIX HEARTS KING,0.3604,0.01,0.6296
SPADES KING CLUBS EIGHT,0.362,0.0116,0.6264
CLUBS JACK SPADES THREE,0.2868,0.0546,0.6586
DIAMONDS TWO HEARTS JACK,0.4098,0.0246,0.5656
SPADES THREE CLUBS QUEEN,0.281,0.0432,0.6758
DIAMONDS TWO HEARTS TEN,0.4046,0.0312,0.5642
SPADES THREE CLUBS KING,0.272,0.0352,0.6928
SPADES FIVE HEARTS TEN,0.2714,0.0792,0.6494
SPADES THREE CLUBS ACE,0.2692,0.0166,0.7142
SPADES FIVE HEARTS JACK,0.2658,0.0674,0.6668
HEARTS THREE CLUBS KING,0.2714,0.0282,0.7004
DIAMONDS KING CLUBS KING,0.164,0.0194,0.8166
HEARTS THREE CLUBS QUEEN,0.263,0.0404,0.6966
DIAMONDS KING CLUBS QUEEN,0.3598,0.0088,0.6314
HEARTS THREE CLUBS ACE,0.2438,0.0226,0.7336
DIAMONDS KING CLUBS ACE,0.3654,0.0046,0.63
SPADES ACE CLUBS QUEEN,0.3554,0.005,0.6396
SPADES KING CLUBS QUEEN,0.3518,0.0084,0.6398
CLUBS JACK HEARTS THREE,0.2762,0.0572,0.6666
CLUBS JACK DIAMONDS KING,0.3644,0.0092,0.6264
SPADES QUEEN CLUBS QUEEN,0.1706,0.0366,0.7928
CLUBS TEN HEARTS THREE,0.2726,0.0784,0.649
CLUBS TEN DIAMONDS KING,0.3446,0.0084,0.647
SPADES JACK CLUBS QUEEN,0.3508,0.0108,0.6384
CLUBS SIX CLUBS QUEEN,0.3462,0.0136,0.6402
SPADES TEN CLUBS QUEEN,0.3542,0.013,0.6328
CLUBS SIX CLUBS KING,0.3352,0.0092,0.6556
CLUBS SIX CLUBS ACE,0.3412,0.0056,0.6532
CLUBS TEN CLUBS SIX,0.3372,0.0294,0.6334
CLUBS JACK CLUBS SIX,0.3472,0.015,0.6378
SPADES SEVEN HEARTS JACK,0.3448,0.0246,0.6306
SPADES SEVEN HEARTS TEN,0.3512,0.0278,0.621
DIAMONDS TWO CLUBS TWO,0.3358,0.1572,0.507
DIAMONDS TWO HEARTS SIX,0.3796,0.17,0.4504
DIAMONDS TWO HEARTS QUEEN,0.4266,0.0138,0.5596
HEARTS SEVEN DIAMONDS TWO,0.4218,0.1022,0.476
DIAMONDS TWO HEARTS KING,0.4098,0.0064,0.5838
DIAMONDS TWO HEARTS EIGHT,0.4084,0.0662,0.5254
DIAMONDS TWO HEARTS ACE,0.4062,0.0078,0.586
DIAMONDS TWO HEARTS NINE,0.4094,0.0468,0.5438
DIAMONDS TWO DIAMONDS QUEEN,0.3876,0.0138,0.5986
DIAMONDS TWO HEARTS TWO,0.3358,0.1608,0.5034
DIAMONDS TWO DIAMONDS KING,0.3938,0.01,0.5962
HEARTS THREE DIAMONDS TWO,0.4102,0.3702,0.2196
DIAMONDS TWO DIAMONDS ACE,0.3696,0.007,0.6234
HEARTS FOUR DIAMONDS TWO,0.4094,0.2586,0.332
SPADES SEVEN HEARTS ACE,0.3428,0.0064,0.6508
DIAMONDS TWO DIAMONDS TEN,0.3916,0.0276,0.5808
SPADES SEVEN HEARTS KING,0.3612,0.009,0.6298
DIAMONDS TWO DIAMONDS JACK,0.3884,0.0192,0.5924
SPADES SEVEN HEARTS QUEEN,0.374,0.0138,0.6122
DIAMONDS TWO SPADES NINE,0.4182,0.0416,0.5402
DIAMONDS TWO SPADES EIGHT,0.4082,0.0638,0.528
DIAMONDS TWO SPADES SEVEN,0.4146,0.1068,0.4786
DIAMONDS TWO SPADES SIX,0.3976,0.1628,0.4396
DIAMONDS TWO SPADES FIVE,0.2672,0.51,0.2228
DIAMONDS TWO SPADES FOUR,0.4218,0.2322,0.346
DIAMONDS TWO SPADES THREE,0.4074,0.3678,0.2248
DIAMONDS TWO SPADES TWO,0.3426,0.1648,0.4926
DIAMONDS TWO CLUBS NINE,0.4178,0.048,0.5342
CLUBS EIGHT DIAMONDS TWO,0.4048,0.0646,0.5306
DIAMONDS TWO CLUBS SEVEN,0.41,0.101,0.489
DIAMONDS TWO CLUBS SIX,0.4012,0.159,0.4398
DIAMONDS TWO CLUBS FIVE,0.2622,0.519,0.2188
DIAMONDS TWO CLUBS FOUR,0.4122,0.2482,0.3396
CLUBS FOUR SPADES FIVE,0.2178,0.5078,0.2744
CLUBS FOUR SPADES FOUR,0.2254,0.1502,0.6244
CLUBS FOUR SPADES THREE,0.3816,0.3966,0.2218
CLUBS FOUR SPADES TWO,0.423,0.2404,0.3366
SPADES NINE CLUBS FOUR,0.3754,0.044,0.5806
SPADES EIGHT CLUBS FOUR,0.3748,0.0666,0.5586
CLUBS FOUR SPADES SEVEN,0.3594,0.103,0.5376
CLUBS FOUR SPADES SIX,0.3462,0.1564,0.4974
SPADES ACE DIAMONDS SIX,0.3518,0.0042,0.644
SPADES QUEEN DIAMONDS SIX,0.3638,0.0114,0.6248
SPADES KING DIAMONDS SIX,0.3612,0.0068,0.632
SPADES TEN DIAMONDS SIX,0.3696,0.0306,0.5998
SPADES JACK DIAMONDS SIX,0.3666,0.0174,0.616
SPADES QUEEN SPADES TWO,0.3998,0.0126,0.5876
SPADES KING SPADES TWO,0.4032,0.0054,0.5914
SPADES ACE SPADES TWO,0.3656,0.0064,0.628
CLUBS JACK DIAMONDS JACK,0.164,0.0468,0.7892
CLUBS TEN DIAMONDS JACK,0.3418,0.0154,0.6428
DIAMONDS JACK CLUBS KING,0.3528,0.0096,0.6376
DIAMONDS JACK CLUBS QUEEN,0.3474,0.0102,0.6424
DIAMONDS THREE DIAMONDS JACK,0.2688,0.0548,0.6764
DIAMONDS THREE DIAMONDS TEN,0.2674,0.0716,0.661
DIAMONDS JACK CLUBS ACE,0.3504,0.0058,0.6438
DIAMONDS THREE DIAMONDS KING,0.2724,0.0296,0.698
HEARTS THREE DIAMONDS THREE,0.2678,0.1242,0.608
DIAMONDS THREE DIAMONDS QUEEN,0.2842,0.0404,0.6754
DIAMONDS THREE HEARTS TWO,0.4114,0.3728,0.2158
DIAMONDS THREE DIAMONDS ACE,0.247,0.016,0.737
HEARTS FOUR DIAMONDS THREE,0.4116,0.3762,0.2122
HEARTS SEVEN DIAMONDS THREE,0.2686,0.1872,0.5442
SPADES TEN SPADES NINE,0.33,0.0194,0.6506
HEARTS SIX DIAMONDS THREE,0.2392,0.2832,0.4776
SPADES JACK SPADES NINE,0.3452,0.0206,0.6342
DIAMONDS THREE HEARTS NINE,0.2802,0.1112,0.6086
HEARTS JACK DIAMONDS FOUR,0.382,0.0238,0.5942
HEARTS ACE HEARTS KING,0.3388,0.0078,0.6534
SPADES TEN SPADES TWO,0.3826,0.03,0.5874
DIAMONDS THREE HEARTS EIGHT,0.2768,0.1442,0.579
HEARTS TEN DIAMONDS FOUR,0.3748,0.0328,0.5924
SPADES JACK SPADES TWO,0.3922,0.0186,0.5892
HEARTS QUEEN DIAMONDS FOUR,0.3864,0.0128,0.6008
HEARTS KING DIAMONDS FOUR,0.3734,0.0124,0.6142
SPADES ACE SPADES NINE,0.3292,0.0032,0.6676
HEARTS ACE DIAMONDS FOUR,0.3754,0.0054,0.6192
SPADES KING SPADES NINE,0.3386,0.0062,0.6552
SPADES QUEEN SPADES NINE,0.3318,0.0102,0.658
DIAMONDS THREE SPADES NINE,0.2864,0.104,0.6096
DIAMONDS THREE SPADES EIGHT,0.28,0.1492,0.5708
DIAMONDS THREE SPADES SEVEN,0.2582,0.1942,0.5476
DIAMONDS THREE SPADES SIX,0.2516,0.2606,0.4878
DIAMONDS THREE CLUBS SIX,0.2538,0.2738,0.4724
CLUBS SIX CLUBS FIVE,0.2278,0.2622,0.51
CLUBS ACE DIAMONDS FOUR,0.3552,0.0054,0.6394
DIAMONDS THREE CLUBS SEVEN,0.2578,0.2024,0.5398
CLUBS SEVEN CLUBS FIVE,0.2356,0.1956,0.5688
DIAMONDS THREE CLUBS FOUR,0.3938,0.3732,0.233
DIAMONDS FOUR CLUBS QUEEN,0.3824,0.0134,0.6042
DIAMONDS THREE CLUBS FIVE,0.0106,0.9716,0.0178
DIAMONDS FOUR CLUBS KING,0.3686,0.0072,0.6242
DIAMONDS THREE CLUBS TWO,0.4086,0.3712,0.2202
CLUBS TEN DIAMONDS FOUR,0.378,0.0306,0.5914
CLUBS JACK DIAMONDS FOUR,0.3826,0.0216,0.5958
DIAMONDS THREE SPADES FOUR,0.4112,0.3646,0.2242
DIAMONDS THREE SPADES FIVE,0.0166,0.9624,0.021
DIAMONDS THREE SPADES TWO,0.4068,0.3706,0.2226
DIAMONDS THREE SPADES THREE,0.2844,0.118,0.5976
CLUBS EIGHT DIAMONDS THREE,0.284,0.1382,0.5778
CLUBS NINE DIAMONDS THREE,0.282,0.1026,0.6154
SPADES SEVEN CLUBS ACE,0.3574,0.0054,0.6372
SPADES SEVEN CLUBS QUEEN,0.3626,0.0116,0.6258
SPADES SEVEN CLUBS KING,0.3534,0.0086,0.638
SPADES SEVEN CLUBS FIVE,0.25,0.2032,0.5468
CLUBS TEN SPADES SEVEN,0.3514,0.0254,0.6232
CLUBS FIVE SPADES SIX,0.2318,0.2726,0.4956
CLUBS JACK SPADES SEVEN,0.3562,0.0184,0.6254
SPADES NINE CLUBS FIVE,0.276,0.116,0.608
SPADES EIGHT CLUBS FIVE,0.2504,0.1522,0.5974
CLUBS FIVE SPADES THREE,0.0088,0.976,0.0152
CLUBS FIVE SPADES TWO,0.2638,0.5262,0.21
CLUBS FIVE SPADES FIVE,0.0968,0.131,0.7722
CLUBS FIVE SPADES FOUR,0.2146,0.5174,0.268
CLUBS NINE CLUBS FIVE,0.2654,0.102,0.6326
CLUBS EIGHT CLUBS FIVE,0.2486,0.152,0.5994
CLUBS ACE CLUBS QUEEN,0.3424,0.0058,0.6518
CLUBS KING CLUBS QUEEN,0.3484,0.009,0.6426
DIAMONDS TEN DIAMONDS FOUR,0.3628,0.0262,0.611
CLUBS TEN DIAMONDS NINE,0.3372,0.022,0.6408
DIAMONDS JACK DIAMONDS FOUR,0.3702,0.022,0.6078
CLUBS JACK DIAMONDS NINE,0.359,0.0164,0.6246
CLUBS JACK SPADES NINE,0.3558,0.0194,0.6248
CLUBS TEN SPADES NINE,0.3388,0.026,0.6352
DIAMONDS ACE DIAMONDS FOUR,0.3388,0.0052,0.656
HEARTS FOUR DIAMONDS FOUR,0.2408,0.1534,0.6058
DIAMONDS JACK HEARTS TEN,0.3512,0.017,0.6318
SPADES NINE CLUBS KING,0.3578,0.0078,0.6344
DIAMONDS TWO SPADES TEN,0.4038,0.0308,0.5654
DIAMONDS NINE CLUBS ACE,0.3674,0.0046,0.628
DIAMONDS JACK HEARTS JACK,0.174,0.0484,0.7776
SPADES NINE CLUBS QUEEN,0.3522,0.012,0.6358
DIAMONDS TWO SPADES JACK,0.416,0.0198,0.5642
DIAMONDS QUEEN DIAMONDS FOUR,0.3542,0.0112,0.6346
HEARTS TWO DIAMONDS FOUR,0.4258,0.263,0.3112
DIAMONDS NINE CLUBS QUEEN,0.3532,0.0114,0.6354
DIAMONDS KING DIAMONDS FOUR,0.3612,0.0092,0.6296
HEARTS THREE DIAMONDS FOUR,0.3998,0.3812,0.219
SPADES NINE CLUBS ACE,0.3592,0.004,0.6368
DIAMONDS NINE CLUBS KING,0.356,0.0066,0.6374
HEARTS ACE DIAMONDS JACK,0.3544,0.0046,0.641
SPADES ACE DIAMONDS TWO,0.4136,0.0052,0.5812
HEARTS QUEEN DIAMONDS JACK,0.347,0.0106,0.6424
SPADES QUEEN DIAMONDS TWO,0.4102,0.0126,0.5772
DIAMONDS JACK HEARTS KING,0.3598,0.0052,0.635
SPADES KING DIAMONDS TWO,0.4104,0.0076,0.582
SPADES JACK SPADES SEVEN,0.3402,0.0156,0.6442
SPADES TEN SPADES SEVEN,0.3348,0.0246,0.6406
SPADES TWO DIAMONDS FOUR,0.419,0.2446,0.3364
SPADES THREE DIAMONDS FOUR,0.4114,0.3738,0.2148
SPADES FOUR DIAMONDS FOUR,0.232,0.1482,0.6198
SPADES FIVE DIAMONDS FOUR,0.2162,0.5018,0.282
SPADES SIX DIAMONDS FOUR,0.3602,0.159,0.4808
SPADES SEVEN DIAMONDS FOUR,0.3524,0.1048,0.5428
SPADES EIGHT DIAMONDS FOUR,0.3798,0.0674,0.5528
SPADES NINE DIAMONDS FOUR,0.3884,0.0434,0.5682
CLUBS FIVE DIAMONDS FOUR,0.205,0.527,0.268
CLUBS FOUR DIAMONDS FOUR,0.2166,0.1482,0.6352
CLUBS SEVEN DIAMONDS FOUR,0.3676,0.1028,0.5296
CLUBS SIX DIAMONDS FOUR,0.3368,0.1624,0.5008
CLUBS NINE DIAMONDS FOUR,0.3842,0.0454,0.5704
CLUBS EIGHT DIAMONDS FOUR,0.3778,0.0714,0.5508
HEARTS SEVEN DIAMONDS FOUR,0.3526,0.108,0.5394
HEARTS SIX DIAMONDS FOUR,0.349,0.1652,0.4858
DIAMONDS FOUR HEARTS NINE,0.3884,0.0476,0.564
DIAMONDS FOUR HEARTS EIGHT,0.3702,0.072,0.5578
CLUBS TWO DIAMONDS FOUR,0.4292,0.2544,0.3164
DIAMONDS TEN DIAMONDS FIVE,0.2568,0.0868,0.6564
DIAMONDS JACK DIAMONDS FIVE,0.257,0.062,0.681
DIAMONDS NINE HEARTS QUEEN,0.3558,0.0104,0.6338
DIAMONDS NINE HEARTS KING,0.3634,0.0066,0.63
HEARTS ACE DIAMONDS NINE,0.3598,0.0036,0.6366
DIAMONDS NINE HEARTS TEN,0.3448,0.028,0.6272
DIAMONDS NINE HEARTS JACK,0.347,0.0146,0.6384
CLUBS KING DIAMONDS SIX,0.361,0.01,0.629
CLUBS QUEEN DIAMONDS SIX,0.3568,0.0148,0.6284
CLUBS ACE DIAMONDS SIX,0.3534,0.0048,0.6418
SPADES KING DIAMONDS FOUR,0.3882,0.0068,0.605
SPADES ACE SPADES SEVEN,0.3394,0.0052,0.6554
SPADES QUEEN DIAMONDS FOUR,0.3872,0.0142,0.5986
SPADES QUEEN SPADES SEVEN,0.3428,0.0114,0.6458
CLUBS JACK DIAMONDS SIX,0.358,0.0216,0.6204
SPADES KING SPADES SEVEN,0.341,0.0084,0.6506
SPADES ACE DIAMONDS FOUR,0.3592,0.005,0.6358
CLUBS TEN DIAMONDS SIX,0.342,0.03,0.628
CLUBS NINE CLUBS FOUR,0.3752,0.0394,0.5854
CLUBS EIGHT CLUBS FOUR,0.3604,0.0696,0.57
SPADES JACK DIAMONDS FOUR,0.389,0.0208,0.5902
SPADES TEN DIAMONDS FOUR,0.3696,0.0318,0.5986
CLUBS FOUR CLUBS FIVE,0.1954,0.5016,0.303
CLUBS SEVEN CLUBS FOUR,0.3528,0.098,0.5492
CLUBS SIX CLUBS FOUR,0.3326,0.1516,0.5158
CLUBS SEVEN SPADES EIGHT,0.3398,0.0602,0.6
SPADES NINE CLUBS SEVEN,0.352,0.0476,0.6004
CLUBS SEVEN SPADES SIX,0.322,0.1068,0.5712
CLUBS SEVEN SPADES SEVEN,0.1458,0.114,0.7402
CLUBS SEVEN SPADES FIVE,0.2454,0.2148,0.5398
CLUBS SEVEN SPADES FOUR,0.3558,0.1018,0.5424
CLUBS SEVEN SPADES THREE,0.255,0.195,0.55
CLUBS SEVEN SPADES TWO,0.4136,0.098,0.4884
CLUBS NINE CLUBS SEVEN,0.3322,0.043,0.6248
CLUBS EIGHT CLUBS SEVEN,0.32,0.06,0.62
HEARTS SIX DIAMONDS FIVE,0.2434,0.2716,0.485
HEARTS SEVEN DIAMONDS FIVE,0.249,0.207,0.544
DIAMONDS FIVE HEARTS EIGHT,0.2522,0.1464,0.6014
DIAMONDS FIVE HEARTS NINE,0.266,0.1124,0.6216
DIAMONDS QUEEN DIAMONDS FIVE,0.2474,0.0528,0.6998
HEARTS TWO DIAMONDS FIVE,0.2796,0.5194,0.201
HEARTS KING HEARTS EIGHT,0.3514,0.0108,0.6378
DIAMONDS KING DIAMONDS FIVE,0.2592,0.0396,0.7012
HEARTS THREE DIAMONDS FIVE,0.0204,0.9724,0.0072
HEARTS QUEEN HEARTS EIGHT,0.3462,0.0132,0.6406
DIAMONDS ACE DIAMONDS FIVE,0.242,0.0224,0.7356
HEARTS FOUR DIAMONDS FIVE,0.213,0.5198,0.2672
HEARTS ACE HEARTS EIGHT,0.343,0.0064,0.6506
CLUBS FOUR DIAMONDS FIVE,0.218,0.507,0.275
CLUBS FIVE DIAMONDS FIVE,0.0888,0.1414,0.7698
CLUBS SIX DIAMONDS FIVE,0.2212,0.2806,0.4982
CLUBS SEVEN DIAMONDS FIVE,0.2504,0.2,0.5496
CLUBS TWO DIAMONDS FIVE,0.2676,0.529,0.2034
SPADES THREE DIAMONDS FIVE,0.0218,0.9566,0.0216
SPADES TWO DIAMONDS FIVE,0.2806,0.5008,0.2186
SPADES JACK DIAMONDS EIGHT,0.3582,0.0202,0.6216
SPADES FIVE DIAMONDS FIVE,0.1112,0.1242,0.7646
CLUBS TEN HEARTS JACK,0.342,0.015,0.643
SPADES TEN DIAMONDS EIGHT,0.3566,0.0248,0.6186
SPADES FOUR DIAMONDS FIVE,0.2244,0.514,0.2616
CLUBS JACK HEARTS JACK,0.1552,0.0476,0.7972
HEARTS JACK CLUBS QUEEN,0.35,0.0108,0.6392
CLUBS NINE DIAMONDS FIVE,0.2676,0.1078,0.6246
CLUBS EIGHT DIAMONDS FIVE,0.2426,0.1566,0.6008
HEARTS JACK CLUBS KING,0.342,0.0076,0.6504
CLUBS ACE HEARTS JACK,0.3382,0.0044,0.6574
SPADES SEVEN DIAMONDS FIVE,0.2582,0.1958,0.546
SPADES KING DIAMONDS EIGHT,0.3696,0.0094,0.621
SPADES QUEEN DIAMONDS EIGHT,0.3616,0.0108,0.6276
SPADES SIX DIAMONDS FIVE,0.252,0.259,0.489
SPADES NINE DIAMONDS FIVE,0.2696,0.1112,0.6192
SPADES EIGHT DIAMONDS FIVE,0.2464,0.149,0.6046
SPADES ACE DIAMONDS EIGHT,0.3482,0.0028,0.649
DIAMONDS TEN DIAMONDS SIX,0.3404,0.0258,0.6338
HEARTS ACE DIAMONDS SEVEN,0.3504,0.0052,0.6444
DIAMONDS JACK DIAMONDS SIX,0.3374,0.0194,0.6432
HEARTS QUEEN DIAMONDS SEVEN,0.3672,0.0124,0.6204
HEARTS KING DIAMONDS SEVEN,0.3736,0.008,0.6184
DIAMONDS ACE DIAMONDS SIX,0.3358,0.006,0.6582
HEARTS FOUR DIAMONDS SIX,0.3576,0.153,0.4894
SPADES TWO HEARTS JACK,0.4214,0.0194,0.5592
SPADES TWO HEARTS TEN,0.4032,0.0334,0.5634
DIAMONDS QUEEN DIAMONDS SIX,0.343,0.0118,0.6452
HEARTS TWO DIAMONDS SIX,0.4042,0.168,0.4278
DIAMONDS KING DIAMONDS SIX,0.3312,0.0084,0.6604
HEARTS THREE DIAMONDS SIX,0.26,0.2638,0.4762
HEARTS EIGHT DIAMONDS SIX,0.3272,0.0658,0.607
HEARTS NINE DIAMONDS SIX,0.362,0.0464,0.5916
HEARTS SIX DIAMONDS SIX,0.1406,0.1228,0.7366
HEARTS SEVEN DIAMONDS SIX,0.3298,0.0972,0.573
HEARTS TEN DIAMONDS SEVEN,0.3564,0.0284,0.6152
CLUBS TWO DIAMONDS SIX,0.4018,0.1698,0.4284
HEARTS JACK DIAMONDS SEVEN,0.3636,0.0208,0.6156
CLUBS SEVEN DIAMONDS SIX,0.322,0.0994,0.5786
CLUBS JACK DIAMONDS EIGHT,0.3486,0.021,0.6304
CLUBS SIX DIAMONDS SIX,0.1308,0.1222,0.747
CLUBS TEN DIAMONDS EIGHT,0.3462,0.0266,0.6272
CLUBS FIVE DIAMONDS SIX,0.2438,0.2646,0.4916
CLUBS FOUR DIAMONDS SIX,0.3386,0.1624,0.499
HEARTS ACE HEARTS JACK,0.337,0.0066,0.6564
DIAMONDS EIGHT CLUBS ACE,0.359,0.007,0.634
HEARTS QUEEN HEARTS JACK,0.3408,0.0116,0.6476
DIAMONDS EIGHT CLUBS KING,0.359,0.0074,0.6336
CLUBS NINE DIAMONDS SIX,0.3548,0.0412,0.604
HEARTS KING HEARTS JACK,0.3346,0.009,0.6564
CLUBS EIGHT DIAMONDS SIX,0.3384,0.07,0.5916
DIAMONDS EIGHT CLUBS QUEEN,0.3542,0.0122,0.6336
SPADES TEN HEARTS KING,0.3454,0.0092,0.6454
SPADES FIVE DIAMONDS SIX,0.248,0.2584,0.4936
HEARTS ACE SPADES TWO,0.4018,0.0058,0.5924
SPADES JACK HEARTS KING,0.3482,0.0082,0.6436
SPADES FOUR DIAMONDS SIX,0.3622,0.151,0.4868
SPADES THREE DIAMONDS SIX,0.2528,0.2636,0.4836
HEARTS QUEEN SPADES TWO,0.4172,0.0154,0.5674
SPADES ACE SPADES KING,0.3402,0.0034,0.6564
HEARTS KING SPADES TWO,0.4058,0.0136,0.5806
SPADES TWO DIAMONDS SIX,0.3996,0.1634,0.437
HEARTS TEN HEARTS EIGHT,0.3308,0.029,0.6402
SPADES NINE DIAMONDS SIX,0.3692,0.036,0.5948
HEARTS JACK HEARTS EIGHT,0.3346,0.018,0.6474
SPADES EIGHT DIAMONDS SIX,0.341,0.0674,0.5916
SPADES SEVEN DIAMONDS SIX,0.3294,0.1036,0.567
SPADES SIX DIAMONDS SIX,0.138,0.1322,0.7298
SPADES KING HEARTS KING,0.1652,0.018,0.8168
SPADES QUEEN HEARTS KING,0.3498,0.007,0.6432
CLUBS ACE CLUBS KING,0.339,0.0062,0.6548
SPADES ACE HEARTS KING,0.356,0.0068,0.6372
SPADES ACE HEARTS JACK,0.3498,0.0042,0.646
SPADES QUEEN HEARTS JACK,0.3648,0.0096,0.6256
SPADES KING HEARTS JACK,0.3546,0.005,0.6404
SPADES TEN DIAMONDS TEN,0.172,0.0624,0.7656
SPADES JACK DIAMONDS TEN,0.3544,0.0142,0.6314
SPADES ACE DIAMONDS TEN,0.3612,0.0044,0.6344
SPADES JACK HEARTS JACK,0.1656,0.0492,0.7852
SPADES TEN HEARTS JACK,0.3396,0.0162,0.6442
SPADES QUEEN DIAMONDS TEN,0.3594,0.0104,0.6302
SPADES KING DIAMONDS TEN,0.3556,0.0082,0.6362
SPADES NINE DIAMONDS SEVEN,0.3472,0.0424,0.6104
SPADES EIGHT DIAMONDS SEVEN,0.339,0.057,0.604
SPADES SEVEN DIAMONDS SEVEN,0.1684,0.115,0.7166
SPADES SIX DIAMONDS SEVEN,0.3196,0.104,0.5764
DIAMONDS KING DIAMONDS SEVEN,0.335,0.0082,0.6568
HEARTS THREE DIAMONDS SEVEN,0.2678,0.2032,0.529
HEARTS KING DIAMONDS FIVE,0.2632,0.0408,0.696
DIAMONDS QUEEN DIAMONDS SEVEN,0.3478,0.0128,0.6394
HEARTS TWO DIAMONDS SEVEN,0.412,0.1046,0.4834
HEARTS QUEEN DIAMONDS FIVE,0.2728,0.0536,0.6736
DIAMONDS ACE DIAMONDS SEVEN,0.3394,0.0028,0.6578
HEARTS FOUR DIAMONDS SEVEN,0.3626,0.1048,0.5326
HEARTS ACE DIAMONDS FIVE,0.249,0.0332,0.7178
HEARTS SEVEN DIAMONDS SEVEN,0.1528,0.105,0.7422
HEARTS SIX DIAMONDS SEVEN,0.3304,0.098,0.5716
DIAMONDS SEVEN HEARTS NINE,0.3422,0.0408,0.617
HEARTS EIGHT DIAMONDS SEVEN,0.3352,0.0572,0.6076
DIAMONDS JACK DIAMONDS SEVEN,0.3432,0.0176,0.6392
DIAMONDS FIVE HEARTS JACK,0.2712,0.069,0.6598
DIAMONDS TEN DIAMONDS SEVEN,0.3224,0.0278,0.6498
HEARTS TEN DIAMONDS FIVE,0.2824,0.0768,0.6408
CLUBS EIGHT DIAMONDS SEVEN,0.339,0.063,0.598
SPADES KING CLUBS TWO,0.4212,0.0096,0.5692
HEARTS KING CLUBS KING,0.1616,0.02,0.8184
SPADES QUEEN CLUBS TWO,0.409,0.0128,0.5782
HEARTS KING CLUBS QUEEN,0.3542,0.0082,0.6376
CLUBS NINE DIAMONDS SEVEN,0.3354,0.0436,0.621
CLUBS JACK SPADES TWO,0.4084,0.0246,0.567
CLUBS SIX CLUBS SEVEN,0.3104,0.0968,0.5928
SPADES ACE CLUBS TWO,0.4182,0.0056,0.5762
CLUBS TEN SPADES TWO,0.4086,0.0328,0.5586
HEARTS KING CLUBS ACE,0.3486,0.0032,0.6482
SPADES TWO CLUBS KING,0.4074,0.0124,0.5802
SPADES TWO DIAMONDS SEVEN,0.4202,0.099,0.4808
CLUBS EIGHT CLUBS SIX,0.3352,0.073,0.5918
SPADES THREE DIAMONDS SEVEN,0.2638,0.1978,0.5384
SPADES TWO CLUBS QUEEN,0.4022,0.016,0.5818
CLUBS NINE CLUBS SIX,0.3188,0.0458,0.6354
SPADES FOUR DIAMONDS SEVEN,0.3696,0.0982,0.5322
CLUBS JACK HEARTS KING,0.3518,0.0094,0.6388
SPADES FIVE DIAMONDS SEVEN,0.2492,0.1944,0.5564
SPADES TWO CLUBS ACE,0.399,0.007,0.594
CLUBS TEN HEARTS KING,0.3432,0.0094,0.6474
CLUBS SIX SPADES TWO,0.404,0.1638,0.4322
CLUBS SIX SPADES THREE,0.253,0.2684,0.4786
CLUBS TWO DIAMONDS SEVEN,0.4136,0.1116,0.4748
CLUBS SIX SPADES FOUR,0.3348,0.1602,0.505
CLUBS SIX SPADES FIVE,0.2324,0.276,0.4916
CLUBS FOUR DIAMONDS SEVEN,0.359,0.109,0.532
CLUBS SIX SPADES SIX,0.1316,0.1336,0.7348
CLUBS FIVE DIAMONDS SEVEN,0.2426,0.2004,0.557
CLUBS SIX SPADES SEVEN,0.3194,0.1036,0.577
CLUBS SIX DIAMONDS SEVEN,0.3338,0.0948,0.5714
CLUBS SIX SPADES EIGHT,0.3374,0.0648,0.5978
SPADES JACK CLUBS TWO,0.4096,0.02,0.5704
CLUBS SEVEN DIAMONDS SEVEN,0.1466,0.1064,0.747
CLUBS SIX SPADES NINE,0.3474,0.05,0.6026
SPADES TEN CLUBS TWO,0.4282,0.0284,0.5434
CLUBS TWO CLUBS QUEEN,0.3848,0.0148,0.6004
CLUBS TWO CLUBS KING,0.3804,0.0078,0.6118
CLUBS TWO CLUBS ACE,0.3828,0.006,0.6112
CLUBS TWO DIAMONDS EIGHT,0.4178,0.076,0.5062
HEARTS SEVEN DIAMONDS EIGHT,0.3304,0.061,0.6086
HEARTS SIX DIAMONDS EIGHT,0.3378,0.0668,0.5954
DIAMONDS EIGHT HEARTS NINE,0.3374,0.0422,0.6204
CLUBS TEN CLUBS TWO,0.4012,0.029,0.5698
DIAMONDS EIGHT HEARTS EIGHT,0.1552,0.1002,0.7446
CLUBS JACK CLUBS TWO,0.4062,0.019,0.5748
CLUBS NINE DIAMONDS EIGHT,0.336,0.0368,0.6272
CLUBS EIGHT DIAMONDS EIGHT,0.1612,0.0952,0.7436
CLUBS FIVE DIAMONDS EIGHT,0.2424,0.155,0.6026
SPADES ACE SPADES THREE,0.2474,0.0194,0.7332
CLUBS FOUR DIAMONDS EIGHT,0.3768,0.0686,0.5546
CLUBS SEVEN DIAMONDS EIGHT,0.3428,0.069,0.5882
SPADES QUEEN SPADES THREE,0.2606,0.0384,0.701
CLUBS SIX DIAMONDS EIGHT,0.339,0.0678,0.5932
SPADES KING SPADES THREE,0.2558,0.0294,0.7148
DIAMONDS QUEEN DIAMONDS EIGHT,0.337,0.01,0.653
HEARTS TWO DIAMONDS EIGHT,0.4016,0.0766,0.5218
DIAMONDS KING DIAMONDS EIGHT,0.3324,0.0082,0.6594
HEARTS THREE DIAMONDS EIGHT,0.2848,0.1386,0.5766
DIAMONDS ACE DIAMONDS EIGHT,0.3258,0.0066,0.6676
HEARTS FOUR DIAMONDS EIGHT,0.3682,0.0694,0.5624
DIAMONDS EIGHT DIAMONDS TEN,0.3378,0.0214,0.6408
DIAMONDS EIGHT DIAMONDS JACK,0.3406,0.017,0.6424
SPADES JACK SPADES THREE,0.266,0.0534,0.6806
SPADES TEN SPADES THREE,0.2616,0.0682,0.6702
CLUBS FOUR HEARTS ACE,0.371,0.0056,0.6234
CLUBS FOUR HEARTS QUEEN,0.3748,0.0162,0.609
CLUBS FOUR HEARTS KING,0.3752,0.0106,0.6142
CLUBS SIX HEARTS TEN,0.3448,0.029,0.6262
CLUBS SIX HEARTS JACK,0.3462,0.0174,0.6364
DIAMONDS EIGHT SPADES FOUR,0.3774,0.0648,0.5578
SPADES FIVE DIAMONDS EIGHT,0.2532,0.1464,0.6004
DIAMONDS EIGHT SPADES TWO,0.4192,0.0756,0.5052
DIAMONDS EIGHT SPADES THREE,0.2736,0.1458,0.5806
CLUBS FOUR HEARTS JACK,0.3742,0.028,0.5978
SPADES EIGHT DIAMONDS EIGHT,0.1778,0.0898,0.7324
SPADES TEN DIAMONDS QUEEN,0.3638,0.0116,0.6246
SPADES TEN HEARTS TWO,0.4214,0.0292,0.5494
SPADES JACK HEARTS EIGHT,0.3544,0.0212,0.6244
CLUBS FOUR HEARTS TEN,0.3666,0.0322,0.6012
SPADES NINE DIAMONDS EIGHT,0.3392,0.0368,0.624
SPADES TEN HEARTS EIGHT,0.3416,0.0308,0.6276
SPADES JACK HEARTS TWO,0.4172,0.0222,0.5606
SPADES JACK DIAMONDS QUEEN,0.3654,0.0106,0.624
SPADES SIX DIAMONDS EIGHT,0.3318,0.0684,0.5998
SPADES SEVEN DIAMONDS EIGHT,0.3402,0.0582,0.6016
SPADES ACE HEARTS TWO,0.4018,0.0054,0.5928
SPADES ACE DIAMONDS QUEEN,0.365,0.003,0.632
SPADES ACE HEARTS EIGHT,0.355,0.007,0.638
SPADES KING HEARTS EIGHT,0.3676,0.0074,0.625
SPADES QUEEN HEARTS TWO,0.4132,0.016,0.5708
SPADES QUEEN DIAMONDS QUEEN,0.1652,0.0286,0.8062
SPADES KING DIAMONDS QUEEN,0.3638,0.0064,0.6298
SPADES KING HEARTS TWO,0.4138,0.0118,0.5744
SPADES QUEEN HEARTS EIGHT,0.3476,0.0136,0.6388
CLUBS TWO HEARTS TEN,0.4028,0.0346,0.5626
CLUBS TWO HEARTS JACK,0.424,0.0204,0.5556
SPADES SEVEN DIAMONDS NINE,0.354,0.0372,0.6088
SPADES SIX DIAMONDS NINE,0.3656,0.0396,0.5948
SPADES NINE DIAMONDS NINE,0.1748,0.0806,0.7446
SPADES EIGHT DIAMONDS NINE,0.3402,0.038,0.6218
SPADES TEN CLUBS KING,0.3556,0.0094,0.635
DIAMONDS NINE SPADES THREE,0.284,0.1034,0.6126
SPADES JACK CLUBS KING,0.352,0.0076,0.6404
DIAMONDS NINE SPADES TWO,0.4018,0.046,0.5522
DIAMONDS NINE SPADES FIVE,0.2792,0.1044,0.6164
DIAMONDS NINE SPADES FOUR,0.399,0.0474,0.5536
CLUBS NINE DIAMONDS NINE,0.1622,0.0824,0.7554
CLUBS EIGHT DIAMONDS NINE,0.3438,0.0446,0.6116
CLUBS SIX DIAMONDS NINE,0.3516,0.045,0.6034
SPADES JACK CLUBS FOUR,0.3918,0.022,0.5862
CLUBS SEVEN DIAMONDS NINE,0.3608,0.04,0.5992
SPADES TEN CLUBS FOUR,0.382,0.0312,0.5868
CLUBS FOUR DIAMONDS NINE,0.3924,0.0462,0.5614
CLUBS FIVE DIAMONDS NINE,0.2644,0.1088,0.6268
DIAMONDS NINE CLUBS TWO,0.4184,0.0448,0.5368
DIAMONDS NINE HEARTS EIGHT,0.3424,0.0394,0.6182
DIAMONDS NINE HEARTS NINE,0.181,0.0814,0.7376
HEARTS SIX DIAMONDS NINE,0.3462,0.048,0.6058
HEARTS SEVEN DIAMONDS NINE,0.334,0.0396,0.6264
CLUBS EIGHT CLUBS NINE,0.3288,0.036,0.6352
DIAMONDS ACE DIAMONDS NINE,0.3452,0.003,0.6518
HEARTS FOUR DIAMONDS NINE,0.3882,0.0464,0.5654
HEARTS ACE CLUBS TWO,0.4054,0.0072,0.5874
SPADES ACE CLUBS FOUR,0.3614,0.0046,0.634
DIAMONDS QUEEN DIAMONDS NINE,0.3222,0.0126,0.6652
HEARTS TWO DIAMONDS NINE,0.4144,0.0514,0.5342
CLUBS TWO HEARTS KING,0.4072,0.0114,0.5814
SPADES KING CLUBS FOUR,0.3834,0.0116,0.605
DIAMONDS KING DIAMONDS NINE,0.333,0.007,0.66
HEARTS THREE DIAMONDS NINE,0.268,0.1132,0.6188
CLUBS TWO HEARTS QUEEN,0.4186,0.0154,0.566
SPADES QUEEN CLUBS FOUR,0.3754,0.0148,0.6098
DIAMONDS NINE DIAMONDS JACK,0.3414,0.0168,0.6418
CLUBS EIGHT SPADES NINE,0.33,0.0384,0.6316
DIAMONDS NINE DIAMONDS TEN,0.324,0.0246,0.6514
CLUBS EIGHT SPADES EIGHT,0.1604,0.1,0.7396
CLUBS EIGHT SPADES SEVEN,0.3332,0.0614,0.6054
CLUBS EIGHT SPADES SIX,0.3372,0.0668,0.596
CLUBS EIGHT SPADES FIVE,0.2556,0.1562,0.5882
CLUBS EIGHT SPADES FOUR,0.3772,0.071,0.5518
CLUBS EIGHT SPADES THREE,0.288,0.1398,0.5722
CLUBS EIGHT SPADES TWO,0.3966,0.0728,0.5306
HEARTS SIX DIAMONDS TEN,0.353,0.03,0.617
HEARTS SEVEN DIAMONDS TEN,0.3536,0.0278,0.6186
DIAMONDS TEN HEARTS EIGHT,0.3478,0.0236,0.6286
CLUBS JACK CLUBS FOUR,0.3688,0.0212,0.61
DIAMONDS TEN HEARTS NINE,0.3504,0.024,0.6256
CLUBS TEN CLUBS FOUR,0.3614,0.028,0.6106
CLUBS FOUR CLUBS KING,0.3688,0.0094,0.6218
CLUBS FOUR CLUBS QUEEN,0.3738,0.0144,0.6118
CLUBS TWO DIAMONDS TEN,0.4176,0.0274,0.555
CLUBS FOUR CLUBS ACE,0.346,0.0068,0.6472
DIAMONDS JACK DIAMONDS TEN,0.33,0.0144,0.6556
DIAMONDS QUEEN DIAMONDS TEN,0.3354,0.0104,0.6542
HEARTS TWO DIAMONDS TEN,0.4128,0.0296,0.5576
DIAMONDS KING DIAMONDS TEN,0.3246,0.0064,0.669
HEARTS THREE DIAMONDS TEN,0.2884,0.0702,0.6414
DIAMONDS ACE DIAMONDS TEN,0.3314,0.006,0.6626
HEARTS FOUR DIAMONDS TEN,0.385,0.031,0.584
CLUBS EIGHT HEARTS JACK,0.3442,0.0172,0.6386
CLUBS EIGHT HEARTS TEN,0.3204,0.0306,0.649
CLUBS EIGHT HEARTS QUEEN,0.3482,0.0128,0.639
CLUBS EIGHT HEARTS KING,0.355,0.009,0.636
CLUBS EIGHT HEARTS ACE,0.3552,0.0054,0.6394
CLUBS NINE SPADES THREE,0.27,0.1134,0.6166
CLUBS NINE SPADES TWO,0.4004,0.051,0.5486
CLUBS NINE SPADES FIVE,0.267,0.107,0.626
CLUBS NINE SPADES FOUR,0.3902,0.0476,0.5622
CLUBS NINE SPADES SEVEN,0.338,0.0408,0.6212
CLUBS NINE SPADES SIX,0.3474,0.0458,0.6068
CLUBS NINE SPADES NINE,0.1568,0.084,0.7592
CLUBS TEN HEARTS EIGHT,0.347,0.0254,0.6276
CLUBS NINE SPADES EIGHT,0.3286,0.0396,0.6318
CLUBS JACK HEARTS EIGHT,0.3494,0.017,0.6336
HEARTS EIGHT CLUBS QUEEN,0.3472,0.0122,0.6406
CLUBS KING HEARTS EIGHT,0.347,0.0076,0.6454
CLUBS ACE HEARTS EIGHT,0.3494,0.0054,0.6452
SPADES KING CLUBS KING,0.1656,0.0198,0.8146
SPADES QUEEN CLUBS KING,0.3644,0.0068,0.6288
SPADES ACE CLUBS KING,0.3748,0.0036,0.6216
DIAMONDS ACE HEARTS TEN,0.3646,0.0058,0.6296
HEARTS FOUR HEARTS TEN,0.3676,0.0294,0.603
DIAMONDS ACE HEARTS JACK,0.3612,0.0056,0.6332
HEARTS FOUR HEARTS JACK,0.3632,0.0216,0.6152
SPADES KING CLUBS FIVE,0.2648,0.043,0.6922
SPADES QUEEN CLUBS FIVE,0.2588,0.0536,0.6876
SPADES ACE CLUBS FIVE,0.2514,0.0324,0.7162
HEARTS SEVEN DIAMONDS JACK,0.3646,0.0158,0.6196
HEARTS SIX DIAMONDS JACK,0.3524,0.0188,0.6288
DIAMONDS JACK HEARTS NINE,0.3498,0.0174,0.6328
DIAMONDS JACK HEARTS EIGHT,0.3522,0.0168,0.631
DIAMONDS KING DIAMONDS JACK,0.335,0.0094,0.6556
HEARTS THREE DIAMONDS JACK,0.2764,0.0618,0.6618
SPADES ACE SPADES SIX,0.3338,0.0048,0.6614
HEARTS ACE SPADES FOUR,0.3652,0.007,0.6278
DIAMONDS QUEEN DIAMONDS JACK,0.3496,0.0116,0.6388
HEARTS TWO DIAMONDS JACK,0.4322,0.0214,0.5464
SPADES QUEEN SPADES SIX,0.339,0.0142,0.6468
SPADES FOUR HEARTS QUEEN,0.3606,0.0142,0.6252
DIAMONDS ACE DIAMONDS JACK,0.3312,0.004,0.6648
HEARTS FOUR DIAMONDS JACK,0.4008,0.024,0.5752
SPADES KING SPADES SIX,0.3392,0.0072,0.6536
SPADES FOUR HEARTS KING,0.3796,0.0088,0.6116
SPADES TEN SPADES SIX,0.3366,0.0302,0.6332
SPADES JACK SPADES SIX,0.3484,0.0146,0.637
SPADES FOUR DIAMONDS JACK,0.3938,0.023,0.5832
SPADES FIVE DIAMONDS JACK,0.2698,0.062,0.6682
DIAMONDS JACK SPADES TWO,0.4118,0.0222,0.566
DIAMONDS JACK SPADES THREE,0.2822,0.0502,0.6676
SPADES ACE DIAMONDS THREE,0.263,0.018,0.719
CLUBS EIGHT DIAMONDS JACK,0.3428,0.0192,0.638
SPADES QUEEN DIAMONDS THREE,0.2854,0.0398,0.6748
SPADES KING DIAMONDS THREE,0.28,0.0318,0.6882
CLUBS NINE DIAMONDS JACK,0.3474,0.0156,0.637
CLUBS SIX DIAMONDS JACK,0.3534,0.019,0.6276
CLUBS SEVEN DIAMONDS JACK,0.3384,0.015,0.6466
CLUBS FOUR DIAMONDS JACK,0.3794,0.021,0.5996
CLUBS FIVE DIAMONDS JACK,0.2658,0.0642,0.67
CLUBS TWO DIAMONDS JACK,0.4184,0.0198,0.5618
SPADES TEN CLUBS FIVE,0.2732,0.083,0.6438
SPADES JACK HEARTS SIX,0.3642,0.0194,0.6164
HEARTS SIX SPADES TEN,0.3614,0.0312,0.6074
SPADES JACK CLUBS FIVE,0.2702,0.0656,0.6642
SPADES JACK DIAMONDS THREE,0.295,0.0598,0.6452
CLUBS SEVEN CLUBS ACE,0.3488,0.0062,0.645
DIAMONDS THREE SPADES TEN,0.287,0.0758,0.6372
CLUBS SEVEN CLUBS QUEEN,0.3362,0.0184,0.6454
CLUBS SEVEN CLUBS KING,0.349,0.01,0.641
SPADES NINE DIAMONDS JACK,0.3642,0.0146,0.6212
CLUBS TEN CLUBS SEVEN,0.3302,0.0226,0.6472
DIAMONDS ACE HEARTS ACE,0.1482,0.0054,0.8464
HEARTS FOUR HEARTS ACE,0.3618,0.0046,0.6336
SPADES EIGHT DIAMONDS JACK,0.366,0.0156,0.6184
SPADES ACE HEARTS SIX,0.3626,0.0052,0.6322
CLUBS JACK CLUBS SEVEN,0.342,0.0226,0.6354
DIAMONDS ACE HEARTS KING,0.357,0.0054,0.6376
HEARTS FOUR HEARTS KING,0.3776,0.0086,0.6138
SPADES SEVEN DIAMONDS JACK,0.374,0.0178,0.6082
SPADES KING HEARTS SIX,0.3488,0.0106,0.6406
DIAMONDS ACE HEARTS QUEEN,0.3588,0.0052,0.636
HEARTS FOUR HEARTS QUEEN,0.3758,0.0138,0.6104
SPADES QUEEN HEARTS SIX,0.363,0.0092,0.6278
SPADES SIX DIAMONDS JACK,0.366,0.0196,0.6144
DIAMONDS TEN SPADES TWO,0.4178,0.034,0.5482
SPADES THREE DIAMONDS TEN,0.2732,0.0688,0.658
SPADES FOUR DIAMONDS TEN,0.3786,0.0282,0.5932
SPADES FIVE DIAMONDS TEN,0.279,0.071,0.65
SPADES SIX DIAMONDS TEN,0.3536,0.0272,0.6192
SPADES SEVEN DIAMONDS TEN,0.3474,0.0262,0.6264
SPADES EIGHT DIAMONDS TEN,0.356,0.0238,0.6202
SPADES NINE DIAMONDS TEN,0.3634,0.0232,0.6134
CLUBS FOUR DIAMONDS TEN,0.3804,0.0304,0.5892
CLUBS FIVE DIAMONDS TEN,0.2702,0.0812,0.6486
CLUBS SIX DIAMONDS TEN,0.3622,0.0268,0.611
CLUBS SEVEN DIAMONDS TEN,0.3572,0.0228,0.62
CLUBS EIGHT DIAMONDS TEN,0.3532,0.0222,0.6246
CLUBS NINE DIAMONDS TEN,0.3388,0.0238,0.6374
CLUBS JACK DIAMONDS THREE,0.279,0.0638,0.6572
CLUBS TEN DIAMONDS THREE,0.274,0.0776,0.6484
DIAMONDS THREE CLUBS KING,0.281,0.028,0.691
DIAMONDS THREE CLUBS QUEEN,0.2748,0.0446,0.6806
DIAMONDS THREE CLUBS ACE,0.2452,0.0168,0.738
SPADES FOUR HEARTS JACK,0.3856,0.0182,0.5962
SPADES FOUR HEARTS TEN,0.3812,0.0302,0.5886
SPADES FIVE SPADES TWO,0.2426,0.488,0.2694
SPADES FOUR SPADES TWO,0.3884,0.2356,0.376
SPADES THREE SPADES TWO,0.3778,0.3526,0.2696
SPADES NINE SPADES TWO,0.3814,0.0466,0.572
SPADES EIGHT SPADES TWO,0.3874,0.0752,0.5374
SPADES SEVEN SPADES TWO,0.403,0.0894,0.5076
SPADES SIX SPADES TWO,0.3782,0.1518,0.47
DIAMONDS QUEEN CLUBS TWO,0.4242,0.0122,0.5636
HEARTS TWO CLUBS TWO,0.3294,0.1602,0.5104
HEARTS SEVEN DIAMONDS QUEEN,0.3596,0.0138,0.6266
HEARTS SEVEN HEARTS TWO,0.3958,0.1044,0.4998
HEARTS SIX DIAMONDS QUEEN,0.3598,0.0138,0.6264
HEARTS SIX HEARTS TWO,0.383,0.1528,0.4642
DIAMONDS QUEEN HEARTS NINE,0.3696,0.0124,0.618
HEARTS TWO HEARTS NINE,0.3858,0.0486,0.5656
DIAMONDS QUEEN HEARTS EIGHT,0.3564,0.0116,0.632
HEARTS TWO HEARTS EIGHT,0.384,0.0706,0.5454
CLUBS NINE HEARTS TWO,0.4186,0.0418,0.5396
CLUBS NINE DIAMONDS QUEEN,0.3506,0.0128,0.6366
CLUBS EIGHT DIAMONDS QUEEN,0.363,0.0126,0.6244
CLUBS EIGHT HEARTS TWO,0.4068,0.0786,0.5146
DIAMONDS QUEEN CLUBS FIVE,0.2628,0.0528,0.6844
HEARTS TWO CLUBS FIVE,0.2762,0.5176,0.2062
SPADES EIGHT HEARTS ACE,0.351,0.004,0.645
DIAMONDS QUEEN CLUBS FOUR,0.384,0.0172,0.5988
CLUBS FOUR HEARTS TWO,0.4238,0.2436,0.3326
CLUBS SEVEN DIAMONDS QUEEN,0.3704,0.0124,0.6172
CLUBS SEVEN HEARTS TWO,0.4038,0.0976,0.4986
SPADES EIGHT HEARTS QUEEN,0.3482,0.012,0.6398
CLUBS SIX DIAMONDS QUEEN,0.3672,0.0106,0.6222
CLUBS SIX HEARTS TWO,0.3976,0.1548,0.4476
SPADES EIGHT HEARTS KING,0.3488,0.0098,0.6414
HEARTS TWO SPADES SIX,0.4174,0.1614,0.4212
DIAMONDS QUEEN SPADES SIX,0.3706,0.0126,0.6168
HEARTS FOUR CLUBS QUEEN,0.3734,0.0152,0.6114
DIAMONDS ACE CLUBS QUEEN,0.3646,0.0054,0.63
DIAMONDS QUEEN SPADES SEVEN,0.3606,0.0118,0.6276
HEARTS TWO SPADES SEVEN,0.4196,0.1012,0.4792
HEARTS FOUR CLUBS KING,0.3816,0.0094,0.609
DIAMONDS ACE CLUBS KING,0.3546,0.0054,0.64
DIAMONDS QUEEN SPADES EIGHT,0.3628,0.0112,0.626
SPADES EIGHT HEARTS TWO,0.418,0.0702,0.5118
HEARTS FOUR CLUBS ACE,0.3732,0.0054,0.6214
DIAMONDS ACE CLUBS ACE,0.1478,0.0048,0.8474
SPADES NINE DIAMONDS QUEEN,0.3604,0.0126,0.627
SPADES NINE HEARTS TWO,0.4196,0.048,0.5324
HEARTS TWO SPADES TWO,0.336,0.1554,0.5086
DIAMONDS QUEEN SPADES TWO,0.4154,0.0128,0.5718
HEARTS TWO SPADES THREE,0.415,0.3682,0.2168
DIAMONDS QUEEN SPADES THREE,0.2858,0.0354,0.6788
HEARTS TWO SPADES FOUR,0.443,0.249,0.308
DIAMONDS QUEEN SPADES FOUR,0.3812,0.0118,0.607
CLUBS TEN HEARTS FOUR,0.367,0.0298,0.6032
CLUBS TEN DIAMONDS ACE,0.3556,0.0028,0.6416
HEARTS TWO SPADES FIVE,0.2704,0.5092,0.2204
DIAMONDS QUEEN SPADES FIVE,0.2702,0.0484,0.6814
HEARTS FOUR CLUBS JACK,0.3818,0.0238,0.5944
CLUBS JACK DIAMONDS ACE,0.3518,0.0026,0.6456
CLUBS FIVE CLUBS KING,0.2674,0.0348,0.6978
CLUBS FIVE CLUBS QUEEN,0.261,0.0488,0.6902
CLUBS FIVE CLUBS ACE,0.2454,0.0268,0.7278
CLUBS JACK CLUBS FIVE,0.25,0.0674,0.6826
CLUBS TEN CLUBS FIVE,0.256,0.0738,0.6702
SPADES KING CLUBS JACK,0.3604,0.008,0.6316
CLUBS JACK SPADES QUEEN,0.3532,0.0126,0.6342
SPADES ACE CLUBS JACK,0.364,0.0036,0.6324
SPADES SIX CLUBS KING,0.3576,0.0088,0.6336
SPADES SIX CLUBS QUEEN,0.3674,0.0128,0.6198
SPADES EIGHT HEARTS JACK,0.3466,0.019,0.6344
SPADES SIX CLUBS ACE,0.3584,0.0066,0.635
SPADES EIGHT HEARTS TEN,0.3566,0.0274,0.616
CLUBS JACK SPADES SIX,0.371,0.0212,0.6078
CLUBS TEN SPADES SIX,0.3722,0.0308,0.597
CLUBS JACK SPADES TEN,0.3464,0.0156,0.638
CLUBS JACK SPADES JACK,0.1664,0.0484,0.7852
SPADES QUEEN CLUBS SEVEN,0.3648,0.0116,0.6236
SPADES KING CLUBS SEVEN,0.3712,0.0094,0.6194
SPADES ACE CLUBS SEVEN,0.3602,0.0032,0.6366
SPADES SIX HEARTS TEN,0.3568,0.0264,0.6168
SPADES SIX HEARTS JACK,0.3584,0.0234,0.6182
SPADES SIX HEARTS ACE,0.361,0.005,0.634
SPADES SIX HEARTS KING,0.3598,0.0104,0.6298
SPADES SIX HEARTS QUEEN,0.3582,0.0142,0.6276
SPADES JACK CLUBS SEVEN,0.3716,0.0186,0.6098
SPADES TEN CLUBS SEVEN,0.3482,0.0286,0.6232
CLUBS TEN HEARTS SIX,0.3512,0.0308,0.618
CLUBS JACK HEARTS SIX,0.3582,0.0196,0.6222
CLUBS JACK CLUBS ACE,0.3316,0.0068,0.6616
HEARTS SIX CLUBS QUEEN,0.3484,0.013,0.6386
HEARTS SIX CLUBS KING,0.356,0.0098,0.6342
HEARTS SIX CLUBS ACE,0.3454,0.0052,0.6494
CLUBS JACK CLUBS QUEEN,0.3326,0.008,0.6594
CLUBS JACK CLUBS KING,0.3468,0.0114,0.6418
DIAMONDS THREE HEARTS ACE,0.2564,0.0178,0.7258
DIAMONDS THREE HEARTS QUEEN,0.269,0.0426,0.6884
DIAMONDS THREE HEARTS KING,0.2748,0.0316,0.6936
CLUBS FIVE HEARTS JACK,0.2614,0.072,0.6666
SPADES TEN DIAMONDS ACE,0.3548,0.005,0.6402
HEARTS FOUR SPADES TEN,0.3748,0.0298,0.5954
CLUBS FIVE HEARTS TEN,0.2616,0.0818,0.6566
HEARTS FOUR SPADES JACK,0.3856,0.02,0.5944
SPADES JACK DIAMONDS ACE,0.3662,0.0036,0.6302
SPADES ACE HEARTS FOUR,0.3766,0.0074,0.616
SPADES ACE DIAMONDS ACE,0.1594,0.004,0.8366
CLUBS FIVE HEARTS ACE,0.2252,0.0284,0.7464
CLUBS FIVE HEARTS KING,0.2568,0.0424,0.7008
HEARTS FOUR SPADES QUEEN,0.3904,0.0116,0.598
SPADES QUEEN DIAMONDS ACE,0.3704,0.0048,0.6248
CLUBS JACK SPADES FOUR,0.3848,0.0192,0.596
CLUBS FIVE HEARTS QUEEN,0.2528,0.0558,0.6914
SPADES KING DIAMONDS ACE,0.3712,0.0054,0.6234
HEARTS FOUR SPADES KING,0.3906,0.0094,0.6
CLUBS TEN SPADES FOUR,0.3838,0.031,0.5852
DIAMONDS QUEEN DIAMONDS ACE,0.3272,0.0028,0.67
HEARTS TWO DIAMONDS ACE,0.4102,0.0042,0.5856
HEARTS FOUR DIAMONDS QUEEN,0.3906,0.0138,0.5956
HEARTS FOUR HEARTS TWO,0.3974,0.2488,0.3538
DIAMONDS THREE HEARTS TEN,0.2784,0.0726,0.649
SPADES FOUR CLUBS KING,0.3764,0.0096,0.614
DIAMONDS THREE HEARTS JACK,0.2726,0.0574,0.67
SPADES FOUR CLUBS QUEEN,0.3654,0.0194,0.6152
DIAMONDS QUEEN HEARTS TWO,0.418,0.0156,0.5664
DIAMONDS KING DIAMONDS QUEEN,0.3386,0.007,0.6544
DIAMONDS KING HEARTS TWO,0.4196,0.0116,0.5688
HEARTS THREE DIAMONDS QUEEN,0.2896,0.046,0.6644
HEARTS THREE HEARTS TWO,0.3874,0.3598,0.2528
SPADES FOUR CLUBS ACE,0.366,0.0028,0.6312
HEARTS TWO CLUBS ACE,0.4,0.0062,0.5938
DIAMONDS QUEEN CLUBS ACE,0.3626,0.0058,0.6316
HEARTS TWO CLUBS QUEEN,0.4192,0.0178,0.563
DIAMONDS QUEEN CLUBS QUEEN,0.1712,0.038,0.7908
HEARTS TWO CLUBS KING,0.4146,0.0112,0.5742
DIAMONDS QUEEN CLUBS KING,0.3518,0.0086,0.6396
SPADES EIGHT SPADES FIVE,0.2404,0.1398,0.6198
CLUBS TEN HEARTS TWO,0.4176,0.0304,0.552
CLUBS TEN DIAMONDS QUEEN,0.3378,0.01,0.6522
SPADES NINE SPADES FIVE,0.2498,0.1116,0.6386
CLUBS JACK HEARTS TWO,0.4136,0.021,0.5654
CLUBS JACK DIAMONDS QUEEN,0.344,0.0088,0.6472
SPADES SIX SPADES FIVE,0.2396,0.2476,0.5128
SPADES SEVEN SPADES FIVE,0.2366,0.1996,0.5638
DIAMONDS FIVE CLUBS QUEEN,0.2652,0.055,0.6798
SPADES EIGHT CLUBS ACE,0.349,0.0044,0.6466
DIAMONDS FIVE CLUBS KING,0.2664,0.0374,0.6962
SPADES EIGHT CLUBS KING,0.353,0.0084,0.6386
DIAMONDS FIVE CLUBS ACE,0.2488,0.0272,0.724
SPADES EIGHT CLUBS QUEEN,0.3478,0.0136,0.6386
CLUBS JACK SPADES EIGHT,0.3488,0.019,0.6322
CLUBS TEN SPADES EIGHT,0.3454,0.0274,0.6272
CLUBS TEN DIAMONDS FIVE,0.2674,0.0832,0.6494
CLUBS JACK DIAMONDS FIVE,0.2684,0.0636,0.668
DIAMONDS TEN HEARTS JACK,0.3484,0.0158,0.6358
DIAMONDS TEN HEARTS TEN,0.1656,0.0624,0.772
SPADES ACE CLUBS NINE,0.3612,0.004,0.6348
