opposingHand,winningChance,drawChance,lostChance
HEARTS SIX SPADES FIVE
HEARTS FIVE SPADES TEN,0.2846,0.0788,0.6366
SPADES JACK HEARTS FIVE,0.2816,0.0598,0.6586
CLUBS EIGHT CLUBS JACK,0.3392,0.0178,0.643
CLUBS TEN CLUBS EIGHT,0.3382,0.0266,0.6352
CLUBS EIGHT CLUBS KING,0.3532,0.0072,0.6396
CLUBS EIGHT CLUBS QUEEN,0.354,0.0098,0.6362
CLUBS EIGHT CLUBS ACE,0.3586,0.005,0.6364
DIAMONDS TWO DIAMONDS THREE,0.5034,0.1416,0.355
DIAMONDS TWO DIAMONDS FIVE,0.4692,0.2482,0.2826
SPADES KING HEARTS FIVE,0.276,0.0342,0.6898
DIAMONDS TWO DIAMONDS FOUR,0.5012,0.1356,0.3632
SPADES QUEEN HEARTS FIVE,0.2868,0.0464,0.6668
DIAMONDS TWO DIAMONDS SEVEN,0.4138,0.0912,0.495
DIAMONDS TWO DIAMONDS SIX,0.3214,0.4286,0.25
SPADES ACE HEARTS FIVE,0.2662,0.0206,0.7132
DIAMONDS TWO DIAMONDS NINE,0.4106,0.0422,0.5472
DIAMONDS TWO DIAMONDS EIGHT,0.404,0.0614,0.5346
DIAMONDS THREE DIAMONDS FOUR,0.4936,0.1506,0.3558
SPADES FOUR CLUBS TWO,0.5492,0.1562,0.2946
DIAMONDS THREE DIAMONDS FIVE,0.464,0.244,0.292
CLUBS TWO SPADES TWO,0.372,0.1312,0.4968
CLUBS TWO SPADES THREE,0.5324,0.1538,0.3138
DIAMONDS THREE DIAMONDS EIGHT,0.4102,0.0632,0.5266
SPADES EIGHT CLUBS TWO,0.4244,0.0624,0.5132
DIAMONDS THREE DIAMONDS NINE,0.4028,0.0422,0.555
SPADES NINE CLUBS TWO,0.4322,0.044,0.5238
DIAMONDS THREE DIAMONDS SIX,0.3234,0.4154,0.2612
SPADES SIX CLUBS TWO,0.336,0.443,0.221
DIAMONDS THREE DIAMONDS SEVEN,0.3894,0.0938,0.5168
SPADES SEVEN CLUBS TWO,0.4258,0.105,0.4692
CLUBS SIX CLUBS TWO,0.3378,0.3994,0.2628
CLUBS SEVEN CLUBS TWO,0.399,0.0966,0.5044
CLUBS FOUR CLUBS TWO,0.5116,0.1352,0.3532
CLUBS FIVE CLUBS TWO,0.4666,0.2576,0.2758
CLUBS TEN CLUBS JACK,0.3298,0.0114,0.6588
DIAMONDS FOUR DIAMONDS SIX,0.3054,0.437,0.2576
CLUBS TEN CLUBS QUEEN,0.34,0.0118,0.6482
DIAMONDS FOUR DIAMONDS SEVEN,0.3898,0.0956,0.5146
CLUBS TEN CLUBS KING,0.3452,0.006,0.6488
CLUBS TEN CLUBS ACE,0.3428,0.004,0.6532
CLUBS EIGHT CLUBS TWO,0.404,0.0626,0.5334
DIAMONDS FIVE DIAMONDS FOUR,0.4424,0.2636,0.294
CLUBS NINE CLUBS TWO,0.4074,0.0474,0.5452
DIAMONDS NINE DIAMONDS FOUR,0.4008,0.0412,0.558
DIAMONDS EIGHT DIAMONDS FOUR,0.3882,0.0606,0.5512
CLUBS THREE CLUBS TWO,0.5118,0.1442,0.344
DIAMONDS NINE DIAMONDS FIVE,0.2536,0.105,0.6414
DIAMONDS TWO CLUBS JACK,0.4328,0.0204,0.5468
DIAMONDS EIGHT DIAMONDS FIVE,0.2488,0.1384,0.6128
CLUBS TEN DIAMONDS TWO,0.439,0.0322,0.5288
DIAMONDS FIVE DIAMONDS SEVEN,0.2302,0.196,0.5738
DIAMONDS FIVE DIAMONDS SIX,0.023,0.9044,0.0726
DIAMONDS TWO CLUBS ACE,0.4138,0.0036,0.5826
DIAMONDS TWO CLUBS KING,0.4392,0.0066,0.5542
DIAMONDS TWO CLUBS QUEEN,0.439,0.0126,0.5484
DIAMONDS EIGHT DIAMONDS SIX,0.2494,0.1412,0.6094
DIAMONDS NINE DIAMONDS SIX,0.2518,0.1112,0.637
HEARTS ACE SPADES THREE,0.4118,0.004,0.5842
SPADES THREE HEARTS KING,0.4176,0.0104,0.572
DIAMONDS SEVEN DIAMONDS SIX,0.234,0.1876,0.5784
SPADES THREE HEARTS QUEEN,0.4284,0.0132,0.5584
SPADES THREE HEARTS JACK,0.4228,0.0248,0.5524
SPADES THREE HEARTS TEN,0.4232,0.0292,0.5476
DIAMONDS EIGHT DIAMONDS SEVEN,0.31,0.0552,0.6348
DIAMONDS NINE DIAMONDS SEVEN,0.3354,0.0338,0.6308
DIAMONDS NINE DIAMONDS EIGHT,0.3276,0.0364,0.636
DIAMONDS KING HEARTS TEN,0.3584,0.006,0.6356
HEARTS THREE HEARTS TEN,0.408,0.025,0.567
SPADES JACK CLUBS SIX,0.2844,0.0622,0.6534
DIAMONDS KING HEARTS JACK,0.3618,0.0068,0.6314
HEARTS THREE HEARTS JACK,0.4056,0.0182,0.5762
SPADES TEN CLUBS SIX,0.2618,0.0726,0.6656
DIAMONDS KING HEARTS ACE,0.3648,0.005,0.6302
HEARTS THREE HEARTS ACE,0.402,0.0048,0.5932
SPADES ACE CLUBS SIX,0.2834,0.025,0.6916
DIAMONDS KING HEARTS QUEEN,0.38,0.0058,0.6142
HEARTS THREE HEARTS QUEEN,0.4068,0.013,0.5802
SPADES KING CLUBS SIX,0.2812,0.0422,0.6766
DIAMONDS KING HEARTS KING,0.1826,0.0178,0.7996
HEARTS THREE HEARTS KING,0.4128,0.0098,0.5774
SPADES QUEEN CLUBS SIX,0.2728,0.0512,0.676
SPADES NINE HEARTS TEN,0.3356,0.0254,0.639
SPADES NINE HEARTS JACK,0.3558,0.0162,0.628
SPADES NINE HEARTS QUEEN,0.3732,0.0118,0.615
SPADES NINE HEARTS KING,0.3762,0.0078,0.616
SPADES NINE HEARTS ACE,0.3616,0.0058,0.6326
CLUBS TEN SPADES JACK,0.3392,0.0154,0.6454
CLUBS TEN SPADES TEN,0.1738,0.0696,0.7566
SPADES ACE CLUBS TEN,0.3564,0.004,0.6396
SPADES KING CLUBS TEN,0.3708,0.0094,0.6198
CLUBS TEN SPADES QUEEN,0.3604,0.0098,0.6298
CLUBS EIGHT SPADES TEN,0.3528,0.0282,0.619
HEARTS THREE SPADES JACK,0.4268,0.0194,0.5538
SPADES JACK DIAMONDS KING,0.3622,0.006,0.6318
SPADES TEN DIAMONDS KING,0.3612,0.0064,0.6324
HEARTS THREE SPADES TEN,0.418,0.0336,0.5484
SPADES JACK CLUBS EIGHT,0.3624,0.019,0.6186
CLUBS SIX HEARTS ACE,0.2968,0.0262,0.677
SPADES ACE CLUBS EIGHT,0.3572,0.005,0.6378
HEARTS FIVE CLUBS JACK,0.286,0.0612,0.6528
CLUBS TEN HEARTS FIVE,0.298,0.079,0.623
CLUBS SIX HEARTS QUEEN,0.2858,0.0484,0.6658
SPADES QUEEN CLUBS EIGHT,0.3616,0.0144,0.624
CLUBS TEN SPADES THREE,0.429,0.0232,0.5478
CLUBS SIX HEARTS KING,0.273,0.036,0.691
SPADES KING CLUBS EIGHT,0.3754,0.0084,0.6162
SPADES THREE CLUBS JACK,0.4226,0.0168,0.5606
DIAMONDS TWO HEARTS JACK,0.4282,0.0212,0.5506
SPADES THREE CLUBS QUEEN,0.4114,0.014,0.5746
DIAMONDS TWO HEARTS TEN,0.4182,0.0296,0.5522
SPADES THREE CLUBS KING,0.4284,0.0106,0.561
HEARTS FIVE CLUBS ACE,0.2672,0.0254,0.7074
SPADES THREE CLUBS ACE,0.4112,0.0054,0.5834
HEARTS FIVE CLUBS KING,0.2966,0.0316,0.6718
HEARTS FIVE CLUBS QUEEN,0.2816,0.045,0.6734
HEARTS THREE CLUBS KING,0.4178,0.0114,0.5708
DIAMONDS KING CLUBS KING,0.1902,0.0154,0.7944
HEARTS THREE CLUBS QUEEN,0.4562,0.0094,0.5344
DIAMONDS KING CLUBS QUEEN,0.3838,0.0048,0.6114
HEARTS FIVE HEARTS JACK,0.2838,0.0552,0.661
HEARTS FIVE HEARTS TEN,0.2726,0.075,0.6524
HEARTS THREE CLUBS ACE,0.4274,0.007,0.5656
DIAMONDS KING CLUBS ACE,0.3836,0.002,0.6144
SPADES ACE CLUBS QUEEN,0.3638,0.0034,0.6328
SPADES KING CLUBS QUEEN,0.37,0.0066,0.6234
HEARTS THREE CLUBS JACK,0.4346,0.0168,0.5486
DIAMONDS KING CLUBS JACK,0.3862,0.0054,0.6084
SPADES QUEEN CLUBS QUEEN,0.1954,0.0266,0.778
CLUBS TEN HEARTS THREE,0.4308,0.0268,0.5424
CLUBS TEN DIAMONDS KING,0.366,0.0066,0.6274
SPADES JACK CLUBS QUEEN,0.3788,0.0108,0.6104
CLUBS SIX CLUBS QUEEN,0.2838,0.049,0.6672
SPADES TEN CLUBS QUEEN,0.3648,0.0098,0.6254
CLUBS SIX CLUBS KING,0.2684,0.0336,0.698
CLUBS SIX CLUBS ACE,0.261,0.027,0.712
HEARTS FIVE HEARTS KING,0.2788,0.0346,0.6866
HEARTS FIVE HEARTS QUEEN,0.283,0.0426,0.6744
CLUBS TEN CLUBS SIX,0.2552,0.0854,0.6594
HEARTS FIVE HEARTS ACE,0.2506,0.0206,0.7288
CLUBS SIX CLUBS JACK,0.2716,0.0632,0.6652
SPADES SEVEN HEARTS JACK,0.3558,0.017,0.6272
SPADES SEVEN HEARTS TEN,0.3434,0.033,0.6236
DIAMONDS TWO CLUBS TWO,0.3864,0.1256,0.488
DIAMONDS TWO CLUBS THREE,0.5374,0.151,0.3116
DIAMONDS TWO HEARTS QUEEN,0.4294,0.0126,0.558
HEARTS SEVEN DIAMONDS TWO,0.4258,0.1022,0.472
DIAMONDS TWO HEARTS KING,0.426,0.008,0.566
DIAMONDS TWO HEARTS EIGHT,0.4294,0.0676,0.503
DIAMONDS TWO HEARTS ACE,0.413,0.0052,0.5818
DIAMONDS TWO HEARTS NINE,0.4212,0.0452,0.5336
DIAMONDS TWO DIAMONDS QUEEN,0.41,0.0118,0.5782
DIAMONDS TWO HEARTS TWO,0.39,0.1276,0.4824
DIAMONDS TWO DIAMONDS KING,0.4008,0.0068,0.5924
HEARTS THREE DIAMONDS TWO,0.5476,0.153,0.2994
DIAMONDS TWO DIAMONDS ACE,0.3842,0.0038,0.612
HEARTS FOUR DIAMONDS TWO,0.5348,0.1566,0.3086
DIAMONDS TWO HEARTS FIVE,0.4934,0.2698,0.2368
SPADES SEVEN HEARTS ACE,0.3562,0.003,0.6408
DIAMONDS TWO DIAMONDS TEN,0.3986,0.0244,0.577
SPADES SEVEN HEARTS KING,0.3638,0.0072,0.629
DIAMONDS TWO DIAMONDS JACK,0.3958,0.0216,0.5826
SPADES SEVEN HEARTS QUEEN,0.3752,0.0124,0.6124
DIAMONDS TWO SPADES NINE,0.4242,0.0472,0.5286
DIAMONDS TWO SPADES EIGHT,0.418,0.0722,0.5098
DIAMONDS TWO SPADES SEVEN,0.4236,0.1084,0.468
DIAMONDS TWO SPADES SIX,0.3354,0.4588,0.2058
DIAMONDS TWO SPADES FOUR,0.5394,0.1484,0.3122
DIAMONDS TWO SPADES THREE,0.5244,0.1552,0.3204
DIAMONDS TWO SPADES TWO,0.3744,0.1382,0.4874
CLUBS NINE DIAMONDS TWO,0.4336,0.0446,0.5218
DIAMONDS TWO CLUBS EIGHT,0.4304,0.0688,0.5008
CLUBS SEVEN DIAMONDS TWO,0.4326,0.1078,0.4596
DIAMONDS TWO CLUBS SIX,0.3446,0.4392,0.2162
DIAMONDS TWO CLUBS FIVE,0.4982,0.2582,0.2436
DIAMONDS TWO CLUBS FOUR,0.5344,0.1562,0.3094
CLUBS FOUR SPADES FOUR,0.3692,0.1284,0.5024
CLUBS FOUR SPADES THREE,0.5186,0.157,0.3244
CLUBS FOUR SPADES TWO,0.5358,0.16,0.3042
SPADES NINE CLUBS FOUR,0.4344,0.041,0.5246
SPADES EIGHT CLUBS FOUR,0.4132,0.0702,0.5166
SPADES SEVEN CLUBS FOUR,0.3998,0.111,0.4892
CLUBS FOUR SPADES SIX,0.3246,0.455,0.2204
SPADES ACE DIAMONDS SIX,0.2918,0.0238,0.6844
SPADES QUEEN DIAMONDS SIX,0.2882,0.0508,0.661
SPADES KING DIAMONDS SIX,0.2778,0.0376,0.6846
SPADES TEN DIAMONDS SIX,0.2722,0.0758,0.652
SPADES JACK DIAMONDS SIX,0.285,0.0616,0.6534
SPADES QUEEN SPADES TWO,0.4142,0.0118,0.574
SPADES KING SPADES TWO,0.4004,0.0096,0.59
SPADES ACE SPADES TWO,0.3894,0.0076,0.603
DIAMONDS JACK CLUBS JACK,0.1916,0.0478,0.7606
CLUBS TEN DIAMONDS JACK,0.3378,0.016,0.6462
DIAMONDS JACK CLUBS KING,0.3686,0.0068,0.6246
DIAMONDS JACK CLUBS QUEEN,0.3602,0.0096,0.6302
DIAMONDS THREE DIAMONDS JACK,0.4122,0.0196,0.5682
DIAMONDS THREE DIAMONDS TEN,0.394,0.0268,0.5792
DIAMONDS JACK CLUBS ACE,0.3718,0.0038,0.6244
DIAMONDS THREE DIAMONDS KING,0.395,0.0088,0.5962
HEARTS THREE DIAMONDS THREE,0.3752,0.137,0.4878
DIAMONDS THREE DIAMONDS QUEEN,0.3864,0.014,0.5996
DIAMONDS THREE HEARTS TWO,0.5432,0.1474,0.3094
HEARTS FIVE DIAMONDS THREE,0.4966,0.2642,0.2392
DIAMONDS THREE DIAMONDS ACE,0.3956,0.0036,0.6008
HEARTS FOUR DIAMONDS THREE,0.5508,0.1448,0.3044
HEARTS SEVEN DIAMONDS THREE,0.406,0.103,0.491
SPADES TEN SPADES NINE,0.335,0.0238,0.6412
SPADES JACK SPADES NINE,0.3376,0.0184,0.644
DIAMONDS THREE HEARTS NINE,0.4166,0.044,0.5394
HEARTS JACK DIAMONDS FOUR,0.417,0.0226,0.5604
HEARTS ACE HEARTS KING,0.3476,0.005,0.6474
SPADES TEN SPADES TWO,0.4028,0.0288,0.5684
DIAMONDS THREE HEARTS EIGHT,0.4156,0.0704,0.514
HEARTS TEN DIAMONDS FOUR,0.404,0.0316,0.5644
SPADES JACK SPADES TWO,0.4136,0.0208,0.5656
HEARTS QUEEN DIAMONDS FOUR,0.4146,0.0136,0.5718
HEARTS KING DIAMONDS FOUR,0.4132,0.009,0.5778
SPADES ACE SPADES NINE,0.3546,0.0052,0.6402
HEARTS ACE DIAMONDS FOUR,0.408,0.0048,0.5872
SPADES KING SPADES NINE,0.3478,0.0088,0.6434
SPADES QUEEN SPADES NINE,0.3598,0.0096,0.6306
DIAMONDS THREE SPADES NINE,0.4114,0.0486,0.54
DIAMONDS THREE SPADES EIGHT,0.4234,0.0688,0.5078
DIAMONDS THREE SPADES SEVEN,0.4124,0.1088,0.4788
DIAMONDS THREE SPADES SIX,0.3332,0.459,0.2078
DIAMONDS THREE CLUBS SIX,0.3398,0.4396,0.2206
CLUBS FIVE CLUBS SIX,0.021,0.906,0.073
CLUBS ACE DIAMONDS FOUR,0.396,0.0026,0.6014
CLUBS SEVEN DIAMONDS THREE,0.4066,0.1052,0.4882
CLUBS SEVEN CLUBS FIVE,0.2358,0.1862,0.578
DIAMONDS THREE CLUBS FOUR,0.5178,0.159,0.3232
DIAMONDS FOUR CLUBS QUEEN,0.4278,0.0164,0.5558
DIAMONDS THREE CLUBS FIVE,0.4992,0.2588,0.242
CLUBS KING DIAMONDS FOUR,0.4286,0.0102,0.5612
DIAMONDS THREE CLUBS TWO,0.5246,0.154,0.3214
CLUBS TEN DIAMONDS FOUR,0.4094,0.0252,0.5654
DIAMONDS THREE CLUBS THREE,0.371,0.1286,0.5004
DIAMONDS FOUR CLUBS JACK,0.4136,0.0186,0.5678
DIAMONDS THREE SPADES FOUR,0.5304,0.1508,0.3188
DIAMONDS THREE SPADES TWO,0.543,0.1494,0.3076
DIAMONDS THREE SPADES THREE,0.368,0.1288,0.5032
CLUBS EIGHT DIAMONDS THREE,0.4322,0.0674,0.5004
CLUBS NINE DIAMONDS THREE,0.4324,0.0418,0.5258
SPADES SEVEN CLUBS ACE,0.3616,0.003,0.6354
SPADES SEVEN CLUBS QUEEN,0.381,0.0122,0.6068
SPADES SEVEN CLUBS KING,0.3736,0.006,0.6204
CLUBS FIVE SPADES SEVEN,0.2322,0.1996,0.5682
CLUBS TEN SPADES SEVEN,0.3604,0.0276,0.612
CLUBS FIVE SPADES SIX,0.012,0.973,0.015
SPADES SEVEN CLUBS JACK,0.376,0.0192,0.6048
CLUBS FIVE SPADES NINE,0.275,0.1048,0.6202
CLUBS FIVE SPADES EIGHT,0.2584,0.1474,0.5942
CLUBS FIVE SPADES THREE,0.4934,0.2644,0.2422
CLUBS FIVE SPADES TWO,0.5008,0.2646,0.2346
CLUBS FIVE SPADES FOUR,0.4974,0.2666,0.236
CLUBS NINE CLUBS FIVE,0.2522,0.0974,0.6504
CLUBS EIGHT CLUBS FIVE,0.2466,0.1356,0.6178
CLUBS ACE CLUBS QUEEN,0.338,0.0046,0.6574
CLUBS KING CLUBS QUEEN,0.3564,0.0058,0.6378
DIAMONDS TEN DIAMONDS FOUR,0.3788,0.0288,0.5924
CLUBS TEN DIAMONDS NINE,0.3542,0.0234,0.6224
DIAMONDS JACK DIAMONDS FOUR,0.4032,0.0206,0.5762
DIAMONDS NINE CLUBS JACK,0.3756,0.0154,0.609
SPADES NINE CLUBS JACK,0.3582,0.0202,0.6216
CLUBS TEN SPADES NINE,0.3542,0.021,0.6248
DIAMONDS ACE DIAMONDS FOUR,0.3884,0.0048,0.6068
HEARTS FOUR DIAMONDS FOUR,0.3578,0.1158,0.5264
DIAMONDS JACK HEARTS TEN,0.3354,0.0132,0.6514
SPADES NINE CLUBS KING,0.3698,0.0092,0.621
DIAMONDS TWO SPADES TEN,0.4216,0.0328,0.5456
DIAMONDS NINE CLUBS ACE,0.3796,0.0044,0.616
HEARTS FIVE DIAMONDS FOUR,0.4864,0.2718,0.2418
DIAMONDS JACK HEARTS JACK,0.1878,0.0448,0.7674
SPADES NINE CLUBS QUEEN,0.3698,0.0124,0.6178
DIAMONDS TWO SPADES JACK,0.416,0.0186,0.5654
DIAMONDS QUEEN DIAMONDS FOUR,0.3782,0.012,0.6098
HEARTS TWO DIAMONDS FOUR,0.5428,0.1532,0.304
DIAMONDS NINE CLUBS QUEEN,0.373,0.011,0.616
DIAMONDS KING DIAMONDS FOUR,0.3914,0.0054,0.6032
HEARTS THREE DIAMONDS FOUR,0.5204,0.1506,0.329
SPADES NINE CLUBS ACE,0.3728,0.0044,0.6228
DIAMONDS NINE CLUBS KING,0.3812,0.0074,0.6114
HEARTS ACE DIAMONDS JACK,0.3638,0.0044,0.6318
SPADES ACE DIAMONDS TWO,0.4088,0.0044,0.5868
HEARTS QUEEN DIAMONDS JACK,0.357,0.0092,0.6338
SPADES QUEEN DIAMONDS TWO,0.4224,0.014,0.5636
DIAMONDS JACK HEARTS KING,0.368,0.0046,0.6274
SPADES KING DIAMONDS TWO,0.4344,0.0074,0.5582
SPADES JACK SPADES SEVEN,0.3534,0.0168,0.6298
SPADES TEN SPADES SEVEN,0.3478,0.0266,0.6256
CLUBS SEVEN CLUBS THREE,0.3946,0.0974,0.508
CLUBS SIX CLUBS THREE,0.319,0.432,0.249
CLUBS FIVE CLUBS THREE,0.4646,0.2506,0.2848
CLUBS THREE CLUBS FOUR,0.493,0.1446,0.3624
CLUBS NINE CLUBS THREE,0.4106,0.047,0.5424
CLUBS EIGHT CLUBS THREE,0.4238,0.0634,0.5128
CLUBS THREE SPADES FOUR,0.538,0.1528,0.3092
CLUBS THREE SPADES THREE,0.3662,0.1368,0.497
CLUBS THREE SPADES TWO,0.5382,0.1602,0.3016
CLUBS THREE SPADES SIX,0.349,0.4382,0.2128
CLUBS THREE SPADES SEVEN,0.413,0.1038,0.4832
SPADES EIGHT CLUBS THREE,0.429,0.0732,0.4978
SPADES NINE CLUBS THREE,0.4122,0.0488,0.539
SPADES TWO DIAMONDS FOUR,0.543,0.1634,0.2936
SPADES THREE DIAMONDS FOUR,0.5308,0.1442,0.325
SPADES FOUR DIAMONDS FOUR,0.3566,0.1282,0.5152
SPADES SIX DIAMONDS FOUR,0.3118,0.4742,0.214
SPADES SEVEN DIAMONDS FOUR,0.4024,0.0982,0.4994
SPADES EIGHT DIAMONDS FOUR,0.4148,0.0676,0.5176
SPADES NINE DIAMONDS FOUR,0.4196,0.053,0.5274
CLUBS FIVE DIAMONDS FOUR,0.4894,0.2628,0.2478
CLUBS FOUR DIAMONDS FOUR,0.3532,0.1232,0.5236
CLUBS SEVEN DIAMONDS FOUR,0.4056,0.103,0.4914
CLUBS SIX DIAMONDS FOUR,0.3296,0.4572,0.2132
CLUBS NINE DIAMONDS FOUR,0.4262,0.0464,0.5274
CLUBS EIGHT DIAMONDS FOUR,0.4126,0.0614,0.526
HEARTS SEVEN DIAMONDS FOUR,0.3866,0.1022,0.5112
DIAMONDS FOUR HEARTS NINE,0.4166,0.0464,0.537
DIAMONDS FOUR HEARTS EIGHT,0.4048,0.0662,0.529
CLUBS THREE DIAMONDS FOUR,0.5292,0.1498,0.321
CLUBS TWO DIAMONDS FOUR,0.542,0.1482,0.3098
DIAMONDS TEN DIAMONDS FIVE,0.2758,0.0726,0.6516
DIAMONDS JACK DIAMONDS FIVE,0.2652,0.057,0.6778
DIAMONDS NINE HEARTS QUEEN,0.3734,0.0092,0.6174
DIAMONDS NINE HEARTS KING,0.3698,0.0076,0.6226
HEARTS ACE DIAMONDS NINE,0.3624,0.0052,0.6324
DIAMONDS NINE HEARTS TEN,0.343,0.0246,0.6324
DIAMONDS NINE HEARTS JACK,0.375,0.0166,0.6084
CLUBS KING DIAMONDS SIX,0.2806,0.0352,0.6842
CLUBS QUEEN DIAMONDS SIX,0.2906,0.0514,0.658
CLUBS ACE DIAMONDS SIX,0.2872,0.0268,0.686
SPADES KING DIAMONDS FOUR,0.4226,0.0076,0.5698
SPADES ACE SPADES SEVEN,0.3582,0.0038,0.638
SPADES QUEEN DIAMONDS FOUR,0.4106,0.0134,0.576
SPADES QUEEN SPADES SEVEN,0.36,0.015,0.625
CLUBS JACK DIAMONDS SIX,0.2924,0.0622,0.6454
SPADES KING SPADES SEVEN,0.3416,0.0078,0.6506
SPADES ACE DIAMONDS FOUR,0.3942,0.0052,0.6006
CLUBS TEN DIAMONDS SIX,0.2666,0.0798,0.6536
CLUBS NINE CLUBS FOUR,0.3834,0.0418,0.5748
CLUBS EIGHT CLUBS FOUR,0.3902,0.0594,0.5504
SPADES JACK DIAMONDS FOUR,0.4216,0.0196,0.5588
SPADES TEN DIAMONDS FOUR,0.4098,0.0318,0.5584
CLUBS FIVE CLUBS FOUR,0.4538,0.2592,0.287
CLUBS SEVEN CLUBS FOUR,0.3904,0.0902,0.5194
CLUBS SIX CLUBS FOUR,0.304,0.4306,0.2654
CLUBS SEVEN SPADES EIGHT,0.3324,0.0658,0.6018
CLUBS SEVEN SPADES NINE,0.3528,0.0386,0.6086
CLUBS SEVEN SPADES SIX,0.2394,0.1974,0.5632
CLUBS SEVEN SPADES SEVEN,0.1468,0.0992,0.754
CLUBS SEVEN SPADES FOUR,0.3962,0.1054,0.4984
CLUBS SEVEN SPADES THREE,0.4196,0.1056,0.4748
CLUBS SEVEN SPADES TWO,0.4312,0.0924,0.4764
CLUBS NINE CLUBS SEVEN,0.3322,0.0392,0.6286
CLUBS SEVEN CLUBS EIGHT,0.3262,0.0566,0.6172
HEARTS SEVEN DIAMONDS FIVE,0.2458,0.1944,0.5598
DIAMONDS FIVE HEARTS EIGHT,0.2656,0.1464,0.588
DIAMONDS FIVE HEARTS NINE,0.2716,0.104,0.6244
DIAMONDS QUEEN DIAMONDS FIVE,0.2812,0.041,0.6778
HEARTS TWO DIAMONDS FIVE,0.4994,0.2676,0.233
HEARTS KING HEARTS EIGHT,0.3604,0.007,0.6326
DIAMONDS KING DIAMONDS FIVE,0.27,0.0354,0.6946
HEARTS THREE DIAMONDS FIVE,0.505,0.2662,0.2288
HEARTS QUEEN HEARTS EIGHT,0.352,0.011,0.637
DIAMONDS ACE DIAMONDS FIVE,0.256,0.0192,0.7248
HEARTS FOUR DIAMONDS FIVE,0.486,0.2692,0.2448
HEARTS FIVE DIAMONDS FIVE,0.2788,0.1006,0.6206
HEARTS ACE HEARTS EIGHT,0.3516,0.0048,0.6436
CLUBS FOUR DIAMONDS FIVE,0.4878,0.2722,0.24
CLUBS FIVE DIAMONDS FIVE,0.275,0.106,0.619
CLUBS SIX DIAMONDS FIVE,0.0206,0.9608,0.0186
CLUBS SEVEN DIAMONDS FIVE,0.2424,0.1964,0.5612
CLUBS TWO DIAMONDS FIVE,0.4988,0.2602,0.241
CLUBS THREE DIAMONDS FIVE,0.4886,0.2686,0.2428
SPADES THREE DIAMONDS FIVE,0.493,0.2718,0.2352
SPADES TWO DIAMONDS FIVE,0.5004,0.2696,0.23
SPADES JACK DIAMONDS EIGHT,0.3636,0.0156,0.6208
CLUBS TEN HEARTS JACK,0.3398,0.0152,0.645
SPADES TEN DIAMONDS EIGHT,0.3598,0.025,0.6152
SPADES FOUR DIAMONDS FIVE,0.5008,0.2642,0.235
HEARTS JACK CLUBS JACK,0.1872,0.044,0.7688
HEARTS JACK CLUBS QUEEN,0.3686,0.0104,0.621
CLUBS NINE DIAMONDS FIVE,0.2808,0.1008,0.6184
CLUBS KING HEARTS JACK,0.3766,0.007,0.6164
CLUBS EIGHT DIAMONDS FIVE,0.2684,0.1406,0.591
CLUBS ACE HEARTS JACK,0.3566,0.0044,0.639
SPADES SEVEN DIAMONDS FIVE,0.241,0.1888,0.5702
SPADES KING DIAMONDS EIGHT,0.3646,0.0064,0.629
SPADES QUEEN DIAMONDS EIGHT,0.3562,0.0132,0.6306
SPADES SIX DIAMONDS FIVE,0.0076,0.974,0.0184
SPADES NINE DIAMONDS FIVE,0.2744,0.1082,0.6174
SPADES EIGHT DIAMONDS FIVE,0.2546,0.1494,0.596
SPADES ACE DIAMONDS EIGHT,0.3638,0.004,0.6322
DIAMONDS TEN DIAMONDS SIX,0.2528,0.075,0.6722
HEARTS ACE DIAMONDS SEVEN,0.368,0.0036,0.6284
DIAMONDS JACK DIAMONDS SIX,0.2674,0.0614,0.6712
HEARTS QUEEN DIAMONDS SEVEN,0.3652,0.013,0.6218
HEARTS KING DIAMONDS SEVEN,0.3868,0.0078,0.6054
DIAMONDS ACE DIAMONDS SIX,0.27,0.0256,0.7044
HEARTS FOUR DIAMONDS SIX,0.3294,0.453,0.2176
SPADES TWO HEARTS JACK,0.4336,0.0176,0.5488
HEARTS FIVE DIAMONDS SIX,0.0196,0.9692,0.0112
SPADES TWO HEARTS TEN,0.4356,0.0266,0.5378
DIAMONDS QUEEN DIAMONDS SIX,0.2762,0.0454,0.6784
HEARTS TWO DIAMONDS SIX,0.3512,0.4472,0.2016
DIAMONDS KING DIAMONDS SIX,0.2798,0.0358,0.6844
HEARTS THREE DIAMONDS SIX,0.3468,0.4512,0.202
HEARTS EIGHT DIAMONDS SIX,0.2596,0.1464,0.594
HEARTS NINE DIAMONDS SIX,0.2678,0.1118,0.6204
HEARTS SEVEN DIAMONDS SIX,0.2496,0.1992,0.5512
HEARTS TEN DIAMONDS SEVEN,0.359,0.0286,0.6124
CLUBS TWO DIAMONDS SIX,0.3478,0.439,0.2132
HEARTS JACK DIAMONDS SEVEN,0.3688,0.0188,0.6124
CLUBS THREE DIAMONDS SIX,0.3328,0.437,0.2302
CLUBS SEVEN DIAMONDS SIX,0.2406,0.203,0.5564
DIAMONDS EIGHT CLUBS JACK,0.366,0.0186,0.6154
CLUBS SIX DIAMONDS SIX,0.1276,0.1094,0.763
CLUBS TEN DIAMONDS EIGHT,0.3594,0.0252,0.6154
CLUBS FIVE DIAMONDS SIX,0.023,0.9552,0.0218
CLUBS FOUR DIAMONDS SIX,0.3268,0.4528,0.2204
HEARTS ACE HEARTS JACK,0.3546,0.0044,0.641
DIAMONDS EIGHT CLUBS ACE,0.3598,0.0032,0.637
HEARTS QUEEN HEARTS JACK,0.3426,0.0108,0.6466
DIAMONDS EIGHT CLUBS KING,0.3682,0.0084,0.6234
CLUBS NINE DIAMONDS SIX,0.268,0.112,0.62
HEARTS KING HEARTS JACK,0.3594,0.0076,0.633
DIAMONDS EIGHT CLUBS QUEEN,0.374,0.0104,0.6156
CLUBS EIGHT DIAMONDS SIX,0.2628,0.1498,0.5874
SPADES TEN HEARTS KING,0.364,0.0064,0.6296
HEARTS ACE SPADES TWO,0.4116,0.0056,0.5828
SPADES JACK HEARTS KING,0.3654,0.0072,0.6274
SPADES FOUR DIAMONDS SIX,0.3276,0.4456,0.2268
SPADES THREE DIAMONDS SIX,0.3418,0.4448,0.2134
HEARTS QUEEN SPADES TWO,0.431,0.0142,0.5548
SPADES ACE SPADES KING,0.345,0.0048,0.6502
SPADES TWO HEARTS KING,0.4396,0.0068,0.5536
SPADES TWO DIAMONDS SIX,0.3502,0.4358,0.214
HEARTS TEN HEARTS EIGHT,0.3456,0.022,0.6324
SPADES NINE DIAMONDS SIX,0.255,0.1058,0.6392
HEARTS JACK HEARTS EIGHT,0.3606,0.0178,0.6216
SPADES EIGHT DIAMONDS SIX,0.263,0.1444,0.5926
SPADES SEVEN DIAMONDS SIX,0.234,0.2016,0.5644
SPADES SIX DIAMONDS SIX,0.1226,0.1072,0.7702
SPADES KING HEARTS KING,0.1804,0.0188,0.8008
SPADES QUEEN HEARTS KING,0.3608,0.0064,0.6328
CLUBS ACE CLUBS KING,0.3484,0.0024,0.6492
SPADES ACE HEARTS KING,0.364,0.0034,0.6326
SPADES ACE HEARTS JACK,0.3766,0.0048,0.6186
SPADES QUEEN HEARTS JACK,0.3676,0.0088,0.6236
SPADES KING HEARTS JACK,0.3562,0.0084,0.6354
SPADES TEN DIAMONDS TEN,0.191,0.0548,0.7542
SPADES JACK DIAMONDS TEN,0.3472,0.0184,0.6344
SPADES ACE DIAMONDS TEN,0.3682,0.0056,0.6262
SPADES JACK HEARTS JACK,0.1786,0.0456,0.7758
SPADES TEN HEARTS JACK,0.3322,0.0176,0.6502
SPADES QUEEN DIAMONDS TEN,0.3572,0.0094,0.6334
SPADES KING DIAMONDS TEN,0.3672,0.0066,0.6262
SPADES NINE DIAMONDS SEVEN,0.3498,0.043,0.6072
SPADES EIGHT DIAMONDS SEVEN,0.334,0.0626,0.6034
SPADES SEVEN DIAMONDS SEVEN,0.1448,0.097,0.7582
SPADES SIX DIAMONDS SEVEN,0.2456,0.198,0.5564
DIAMONDS KING DIAMONDS SEVEN,0.3432,0.0086,0.6482
HEARTS THREE DIAMONDS SEVEN,0.4118,0.108,0.4802
HEARTS KING DIAMONDS FIVE,0.284,0.0322,0.6838
DIAMONDS QUEEN DIAMONDS SEVEN,0.3352,0.014,0.6508
HEARTS TWO DIAMONDS SEVEN,0.429,0.1092,0.4618
HEARTS QUEEN DIAMONDS FIVE,0.295,0.0444,0.6606
HEARTS FIVE DIAMONDS SEVEN,0.2482,0.1894,0.5624
DIAMONDS ACE DIAMONDS SEVEN,0.3448,0.0054,0.6498
HEARTS FOUR DIAMONDS SEVEN,0.4142,0.1046,0.4812
HEARTS ACE DIAMONDS FIVE,0.2568,0.0248,0.7184
HEARTS SEVEN DIAMONDS SEVEN,0.1444,0.1058,0.7498
DIAMONDS SEVEN HEARTS NINE,0.3606,0.036,0.6034
HEARTS EIGHT DIAMONDS SEVEN,0.329,0.0594,0.6116
DIAMONDS JACK DIAMONDS SEVEN,0.3462,0.0182,0.6356
DIAMONDS FIVE HEARTS JACK,0.2806,0.061,0.6584
DIAMONDS TEN DIAMONDS SEVEN,0.3496,0.0278,0.6226
HEARTS TEN DIAMONDS FIVE,0.2724,0.0752,0.6524
SPADES KING CLUBS TWO,0.4366,0.0074,0.556
HEARTS KING CLUBS KING,0.1902,0.0162,0.7936
CLUBS EIGHT DIAMONDS SEVEN,0.3372,0.0558,0.607
SPADES QUEEN CLUBS TWO,0.4378,0.014,0.5482
HEARTS KING CLUBS QUEEN,0.381,0.0072,0.6118
CLUBS NINE DIAMONDS SEVEN,0.3606,0.0386,0.6008
SPADES TWO CLUBS JACK,0.4394,0.0188,0.5418
SPADES ACE CLUBS TWO,0.4126,0.0056,0.5818
CLUBS TEN SPADES TWO,0.4366,0.0292,0.5342
HEARTS KING CLUBS ACE,0.3626,0.0064,0.631
CLUBS SEVEN CLUBS SIX,0.2374,0.1946,0.568
SPADES TWO CLUBS KING,0.4294,0.0084,0.5622
SPADES TWO DIAMONDS SEVEN,0.4428,0.1002,0.457
CLUBS EIGHT CLUBS SIX,0.2352,0.1426,0.6222
SPADES THREE DIAMONDS SEVEN,0.425,0.1056,0.4694
SPADES TWO CLUBS QUEEN,0.439,0.0124,0.5486
CLUBS NINE CLUBS SIX,0.263,0.1104,0.6266
SPADES FOUR DIAMONDS SEVEN,0.405,0.1064,0.4886
HEARTS KING CLUBS JACK,0.3758,0.0074,0.6168
SPADES TWO CLUBS ACE,0.4216,0.0038,0.5746
CLUBS TEN HEARTS KING,0.369,0.0062,0.6248
CLUBS SIX SPADES TWO,0.3556,0.4356,0.2088
CLUBS SIX SPADES THREE,0.347,0.445,0.208
CLUBS TWO DIAMONDS SEVEN,0.4384,0.1028,0.4588
CLUBS SIX SPADES FOUR,0.3252,0.4634,0.2114
CLUBS THREE DIAMONDS SEVEN,0.435,0.1044,0.4606
CLUBS FOUR DIAMONDS SEVEN,0.3992,0.1022,0.4986
CLUBS SIX SPADES SIX,0.1176,0.1032,0.7792
CLUBS FIVE DIAMONDS SEVEN,0.236,0.2038,0.5602
CLUBS SIX SPADES SEVEN,0.2422,0.1928,0.565
CLUBS SIX DIAMONDS SEVEN,0.2332,0.1962,0.5706
CLUBS SIX SPADES EIGHT,0.2552,0.155,0.5898
SPADES JACK CLUBS TWO,0.4248,0.0208,0.5544
CLUBS SEVEN DIAMONDS SEVEN,0.147,0.1086,0.7444
SPADES NINE CLUBS SIX,0.2668,0.1118,0.6214
SPADES TEN CLUBS TWO,0.4266,0.0294,0.544
CLUBS TWO CLUBS QUEEN,0.4094,0.0112,0.5794
CLUBS TWO CLUBS KING,0.3994,0.0096,0.591
CLUBS THREE DIAMONDS EIGHT,0.4366,0.0634,0.5
CLUBS TWO CLUBS ACE,0.3858,0.0056,0.6086
CLUBS TWO DIAMONDS EIGHT,0.427,0.0632,0.5098
HEARTS SEVEN DIAMONDS EIGHT,0.3536,0.0606,0.5858
DIAMONDS EIGHT HEARTS NINE,0.3308,0.0402,0.629
CLUBS TEN CLUBS TWO,0.4134,0.0258,0.5608
DIAMONDS EIGHT HEARTS EIGHT,0.159,0.0928,0.7482
CLUBS TWO CLUBS JACK,0.4214,0.0194,0.5592
CLUBS NINE DIAMONDS EIGHT,0.3586,0.0342,0.6072
CLUBS EIGHT DIAMONDS EIGHT,0.165,0.0904,0.7446
CLUBS FIVE DIAMONDS EIGHT,0.267,0.1396,0.5934
SPADES ACE SPADES THREE,0.3906,0.0056,0.6038
CLUBS FOUR DIAMONDS EIGHT,0.4086,0.0648,0.5266
CLUBS SEVEN DIAMONDS EIGHT,0.3396,0.063,0.5974
SPADES QUEEN SPADES THREE,0.4026,0.0144,0.583
CLUBS SIX DIAMONDS EIGHT,0.2668,0.1496,0.5836
SPADES KING SPADES THREE,0.4032,0.0078,0.589
DIAMONDS QUEEN DIAMONDS EIGHT,0.346,0.0132,0.6408
HEARTS TWO DIAMONDS EIGHT,0.4268,0.0646,0.5086
DIAMONDS KING DIAMONDS EIGHT,0.3588,0.0054,0.6358
HEARTS THREE DIAMONDS EIGHT,0.4264,0.0716,0.502
DIAMONDS ACE DIAMONDS EIGHT,0.3456,0.0024,0.652
HEARTS FOUR DIAMONDS EIGHT,0.4254,0.0638,0.5108
HEARTS FIVE DIAMONDS EIGHT,0.2548,0.1406,0.6046
DIAMONDS EIGHT DIAMONDS TEN,0.3418,0.0198,0.6384
DIAMONDS EIGHT DIAMONDS JACK,0.355,0.016,0.629
SPADES JACK SPADES THREE,0.3984,0.019,0.5826
SPADES TEN SPADES THREE,0.397,0.026,0.577
CLUBS FOUR HEARTS ACE,0.411,0.0056,0.5834
CLUBS FOUR HEARTS QUEEN,0.4154,0.0146,0.57
CLUBS FOUR HEARTS KING,0.4112,0.0078,0.581
CLUBS SIX HEARTS TEN,0.2802,0.0748,0.645
CLUBS SIX HEARTS JACK,0.2794,0.0638,0.6568
SPADES FOUR DIAMONDS EIGHT,0.4174,0.0646,0.518
DIAMONDS EIGHT SPADES TWO,0.4302,0.0704,0.4994
DIAMONDS EIGHT SPADES THREE,0.437,0.066,0.497
CLUBS FOUR HEARTS JACK,0.4078,0.0194,0.5728
SPADES EIGHT DIAMONDS EIGHT,0.1608,0.0906,0.7486
SPADES TEN DIAMONDS QUEEN,0.3678,0.0116,0.6206
SPADES TEN HEARTS TWO,0.4326,0.0282,0.5392
SPADES JACK HEARTS EIGHT,0.368,0.0186,0.6134
CLUBS FOUR HEARTS TEN,0.4208,0.0288,0.5504
SPADES NINE DIAMONDS EIGHT,0.3538,0.0358,0.6104
SPADES TEN HEARTS EIGHT,0.3464,0.022,0.6316
SPADES JACK HEARTS TWO,0.4292,0.0186,0.5522
SPADES JACK DIAMONDS QUEEN,0.378,0.01,0.612
SPADES SIX DIAMONDS EIGHT,0.258,0.144,0.598
SPADES SEVEN DIAMONDS EIGHT,0.3458,0.0586,0.5956
SPADES ACE HEARTS TWO,0.422,0.0084,0.5696
SPADES ACE DIAMONDS QUEEN,0.3724,0.0028,0.6248
SPADES ACE HEARTS EIGHT,0.3664,0.0048,0.6288
SPADES KING HEARTS EIGHT,0.3652,0.0084,0.6264
SPADES QUEEN HEARTS TWO,0.4424,0.0142,0.5434
SPADES QUEEN DIAMONDS QUEEN,0.185,0.0318,0.7832
SPADES KING DIAMONDS QUEEN,0.3768,0.006,0.6172
SPADES KING HEARTS TWO,0.439,0.0088,0.5522
SPADES QUEEN HEARTS EIGHT,0.3634,0.0098,0.6268
CLUBS TWO HEARTS TEN,0.4198,0.031,0.5492
CLUBS TWO HEARTS JACK,0.4322,0.023,0.5448
SPADES SEVEN DIAMONDS NINE,0.3508,0.0396,0.6096
SPADES SIX DIAMONDS NINE,0.2686,0.1058,0.6256
SPADES NINE DIAMONDS NINE,0.1742,0.08,0.7458
SPADES EIGHT DIAMONDS NINE,0.3326,0.0392,0.6282
SPADES TEN CLUBS KING,0.3644,0.0062,0.6294
DIAMONDS NINE SPADES THREE,0.4222,0.0402,0.5376
SPADES JACK CLUBS KING,0.3724,0.006,0.6216
DIAMONDS NINE SPADES TWO,0.4282,0.0438,0.528
DIAMONDS NINE SPADES FOUR,0.4218,0.0516,0.5266
CLUBS NINE DIAMONDS NINE,0.1768,0.0732,0.75
CLUBS EIGHT DIAMONDS NINE,0.3536,0.0318,0.6146
CLUBS SIX DIAMONDS NINE,0.278,0.1054,0.6166
SPADES JACK CLUBS FOUR,0.4182,0.0192,0.5626
CLUBS SEVEN DIAMONDS NINE,0.3634,0.037,0.5996
SPADES TEN CLUBS FOUR,0.4208,0.0292,0.55
CLUBS FOUR DIAMONDS NINE,0.4272,0.0402,0.5326
CLUBS FIVE DIAMONDS NINE,0.2854,0.1016,0.613
DIAMONDS NINE CLUBS TWO,0.4244,0.0492,0.5264
CLUBS THREE DIAMONDS NINE,0.4286,0.0412,0.5302
DIAMONDS NINE HEARTS EIGHT,0.3518,0.034,0.6142
DIAMONDS NINE HEARTS NINE,0.172,0.0746,0.7534
HEARTS SEVEN DIAMONDS NINE,0.3462,0.0412,0.6126
CLUBS NINE CLUBS EIGHT,0.3226,0.0362,0.6412
DIAMONDS ACE DIAMONDS NINE,0.3566,0.004,0.6394
HEARTS FOUR DIAMONDS NINE,0.4286,0.045,0.5264
HEARTS FIVE DIAMONDS NINE,0.2812,0.1138,0.605
HEARTS ACE CLUBS TWO,0.4244,0.0056,0.57
SPADES ACE CLUBS FOUR,0.3906,0.003,0.6064
DIAMONDS QUEEN DIAMONDS NINE,0.35,0.011,0.639
HEARTS TWO DIAMONDS NINE,0.441,0.0462,0.5128
CLUBS TWO HEARTS KING,0.4212,0.0098,0.569
SPADES KING CLUBS FOUR,0.4166,0.0094,0.574
DIAMONDS KING DIAMONDS NINE,0.3528,0.0078,0.6394
HEARTS THREE DIAMONDS NINE,0.4298,0.0468,0.5234
CLUBS TWO HEARTS QUEEN,0.4226,0.0138,0.5636
SPADES QUEEN CLUBS FOUR,0.4126,0.0128,0.5746
DIAMONDS NINE DIAMONDS JACK,0.3432,0.0154,0.6414
CLUBS EIGHT SPADES NINE,0.3454,0.0384,0.6162
DIAMONDS NINE DIAMONDS TEN,0.3282,0.0218,0.65
CLUBS EIGHT SPADES EIGHT,0.1646,0.0856,0.7498
CLUBS EIGHT SPADES SEVEN,0.34,0.0642,0.5958
CLUBS EIGHT SPADES SIX,0.2434,0.1488,0.6078
CLUBS EIGHT SPADES FOUR,0.421,0.0664,0.5126
CLUBS EIGHT SPADES THREE,0.4184,0.0642,0.5174
CLUBS EIGHT SPADES TWO,0.4364,0.063,0.5006
HEARTS SEVEN DIAMONDS TEN,0.3584,0.0242,0.6174
DIAMONDS TEN HEARTS EIGHT,0.356,0.0236,0.6204
CLUBS FOUR CLUBS JACK,0.3896,0.0196,0.5908
DIAMONDS TEN HEARTS NINE,0.3566,0.0272,0.6162
CLUBS TEN CLUBS FOUR,0.388,0.0262,0.5858
CLUBS FOUR CLUBS KING,0.4024,0.0092,0.5884
CLUBS FOUR CLUBS QUEEN,0.3928,0.0136,0.5936
CLUBS TWO DIAMONDS TEN,0.4244,0.0294,0.5462
CLUBS THREE DIAMONDS TEN,0.4308,0.031,0.5382
CLUBS FOUR CLUBS ACE,0.384,0.0032,0.6128
DIAMONDS JACK DIAMONDS TEN,0.3238,0.0124,0.6638
DIAMONDS QUEEN DIAMONDS TEN,0.336,0.0136,0.6504
HEARTS TWO DIAMONDS TEN,0.4266,0.0302,0.5432
DIAMONDS KING DIAMONDS TEN,0.339,0.007,0.654
HEARTS THREE DIAMONDS TEN,0.4178,0.034,0.5482
DIAMONDS ACE DIAMONDS TEN,0.3432,0.0038,0.653
HEARTS FOUR DIAMONDS TEN,0.4118,0.0272,0.561
CLUBS EIGHT HEARTS JACK,0.3582,0.0196,0.6222
HEARTS FIVE DIAMONDS TEN,0.2898,0.0814,0.6288
CLUBS EIGHT HEARTS TEN,0.3516,0.0242,0.6242
CLUBS EIGHT HEARTS QUEEN,0.356,0.0164,0.6276
CLUBS EIGHT HEARTS KING,0.3738,0.0062,0.62
CLUBS EIGHT HEARTS ACE,0.36,0.0042,0.6358
CLUBS NINE SPADES THREE,0.4376,0.043,0.5194
CLUBS NINE SPADES TWO,0.4354,0.041,0.5236
CLUBS NINE SPADES FOUR,0.4262,0.0458,0.528
CLUBS NINE SPADES SEVEN,0.3434,0.0412,0.6154
CLUBS NINE SPADES SIX,0.2614,0.1132,0.6254
CLUBS NINE SPADES NINE,0.161,0.0816,0.7574
CLUBS TEN HEARTS EIGHT,0.3622,0.0252,0.6126
CLUBS NINE SPADES EIGHT,0.3516,0.0376,0.6108
HEARTS EIGHT CLUBS JACK,0.381,0.0172,0.6018
CLUBS QUEEN HEARTS EIGHT,0.3718,0.0136,0.6146
CLUBS KING HEARTS EIGHT,0.3644,0.0082,0.6274
CLUBS ACE HEARTS EIGHT,0.356,0.0036,0.6404
SPADES KING CLUBS KING,0.1912,0.0182,0.7906
SPADES QUEEN CLUBS KING,0.3698,0.005,0.6252
SPADES ACE CLUBS KING,0.3542,0.006,0.6398
DIAMONDS ACE HEARTS TEN,0.3692,0.0042,0.6266
HEARTS FOUR HEARTS TEN,0.3996,0.0264,0.574
DIAMONDS ACE HEARTS JACK,0.3684,0.0032,0.6284
HEARTS FOUR HEARTS JACK,0.3882,0.0208,0.591
SPADES KING CLUBS FIVE,0.2726,0.0346,0.6928
SPADES QUEEN CLUBS FIVE,0.278,0.0482,0.6738
SPADES ACE CLUBS FIVE,0.2634,0.0172,0.7194
HEARTS SEVEN DIAMONDS JACK,0.3644,0.0154,0.6202
DIAMONDS JACK HEARTS NINE,0.3674,0.0188,0.6138
DIAMONDS JACK HEARTS EIGHT,0.3524,0.0194,0.6282
DIAMONDS KING DIAMONDS JACK,0.3462,0.006,0.6478
HEARTS THREE DIAMONDS JACK,0.4292,0.0192,0.5516
SPADES ACE SPADES SIX,0.2736,0.0276,0.6988
HEARTS ACE SPADES FOUR,0.404,0.0054,0.5906
DIAMONDS QUEEN DIAMONDS JACK,0.3494,0.0084,0.6422
HEARTS TWO DIAMONDS JACK,0.4314,0.0244,0.5442
HEARTS FIVE DIAMONDS JACK,0.2982,0.0644,0.6374
SPADES QUEEN SPADES SIX,0.2764,0.0534,0.6702
SPADES FOUR HEARTS QUEEN,0.411,0.0152,0.5738
DIAMONDS ACE DIAMONDS JACK,0.3478,0.005,0.6472
HEARTS FOUR DIAMONDS JACK,0.4204,0.0234,0.5562
SPADES KING SPADES SIX,0.2712,0.0394,0.6894
SPADES FOUR HEARTS KING,0.429,0.0078,0.5632
SPADES TEN SPADES SIX,0.2546,0.0784,0.667
SPADES JACK SPADES SIX,0.2736,0.0632,0.6632
SPADES FOUR DIAMONDS JACK,0.4278,0.02,0.5522
DIAMONDS JACK SPADES TWO,0.4438,0.0192,0.537
SPADES THREE DIAMONDS JACK,0.4278,0.0196,0.5526
SPADES ACE DIAMONDS THREE,0.4012,0.0068,0.592
SPADES QUEEN DIAMONDS THREE,0.4294,0.0154,0.5552
CLUBS EIGHT DIAMONDS JACK,0.3556,0.0158,0.6286
SPADES KING DIAMONDS THREE,0.4228,0.0118,0.5654
CLUBS NINE DIAMONDS JACK,0.3636,0.0168,0.6196
CLUBS SIX DIAMONDS JACK,0.2824,0.0544,0.6632
CLUBS SEVEN DIAMONDS JACK,0.3802,0.0146,0.6052
CLUBS FOUR DIAMONDS JACK,0.4224,0.018,0.5596
CLUBS FIVE DIAMONDS JACK,0.298,0.0596,0.6424
CLUBS TWO DIAMONDS JACK,0.4268,0.0202,0.553
CLUBS THREE DIAMONDS JACK,0.427,0.0214,0.5516
SPADES TEN CLUBS FIVE,0.2824,0.0738,0.6438
SPADES JACK CLUBS FIVE,0.2832,0.0538,0.663
SPADES JACK DIAMONDS THREE,0.4238,0.0188,0.5574
CLUBS SEVEN CLUBS ACE,0.3428,0.0046,0.6526
DIAMONDS THREE SPADES TEN,0.4062,0.0316,0.5622
CLUBS SEVEN CLUBS QUEEN,0.3636,0.0082,0.6282
CLUBS SEVEN CLUBS KING,0.352,0.0062,0.6418
SPADES NINE DIAMONDS JACK,0.3574,0.018,0.6246
CLUBS TEN CLUBS SEVEN,0.349,0.0262,0.6248
DIAMONDS ACE HEARTS ACE,0.1888,0.0026,0.8086
HEARTS FOUR HEARTS ACE,0.389,0.0046,0.6064
SPADES EIGHT DIAMONDS JACK,0.3782,0.0158,0.606
CLUBS SEVEN CLUBS JACK,0.3502,0.0184,0.6314
DIAMONDS ACE HEARTS KING,0.3644,0.0054,0.6302
HEARTS FOUR HEARTS KING,0.394,0.0094,0.5966
SPADES SEVEN DIAMONDS JACK,0.378,0.0168,0.6052
DIAMONDS ACE HEARTS QUEEN,0.3654,0.0044,0.6302
HEARTS FOUR HEARTS QUEEN,0.4086,0.0116,0.5798
SPADES SIX DIAMONDS JACK,0.2774,0.0626,0.66
SPADES TWO DIAMONDS TEN,0.4392,0.033,0.5278
SPADES THREE DIAMONDS TEN,0.4188,0.0262,0.555
SPADES FOUR DIAMONDS TEN,0.4336,0.0262,0.5402
SPADES SIX DIAMONDS TEN,0.2746,0.0806,0.6448
SPADES SEVEN DIAMONDS TEN,0.3494,0.0244,0.6262
SPADES EIGHT DIAMONDS TEN,0.3434,0.0252,0.6314
SPADES NINE DIAMONDS TEN,0.3496,0.0236,0.6268
CLUBS FOUR DIAMONDS TEN,0.4202,0.0284,0.5514
CLUBS FIVE DIAMONDS TEN,0.2922,0.0732,0.6346
CLUBS SIX DIAMONDS TEN,0.2764,0.08,0.6436
CLUBS SEVEN DIAMONDS TEN,0.364,0.0236,0.6124
CLUBS EIGHT DIAMONDS TEN,0.354,0.0244,0.6216
CLUBS NINE DIAMONDS TEN,0.355,0.0204,0.6246
DIAMONDS THREE CLUBS JACK,0.4224,0.0164,0.5612
CLUBS TEN DIAMONDS THREE,0.4308,0.0292,0.54
DIAMONDS THREE CLUBS KING,0.4178,0.0076,0.5746
DIAMONDS THREE CLUBS QUEEN,0.4216,0.0134,0.565
DIAMONDS THREE CLUBS ACE,0.4162,0.0036,0.5802
SPADES FOUR HEARTS JACK,0.4194,0.0168,0.5638
SPADES FOUR HEARTS TEN,0.4162,0.0274,0.5564
SPADES FOUR SPADES TWO,0.5194,0.1424,0.3382
SPADES THREE SPADES TWO,0.5082,0.1462,0.3456
SPADES NINE SPADES TWO,0.4152,0.0418,0.543
SPADES EIGHT SPADES TWO,0.4124,0.0638,0.5238
SPADES SEVEN SPADES TWO,0.4118,0.093,0.4952
SPADES SIX SPADES TWO,0.3476,0.4162,0.2362
DIAMONDS QUEEN CLUBS THREE,0.4198,0.0142,0.566
CLUBS THREE HEARTS TWO,0.5418,0.1542,0.304
DIAMONDS QUEEN CLUBS TWO,0.4314,0.0126,0.556
HEARTS TWO CLUBS TWO,0.3722,0.1316,0.4962
HEARTS SEVEN DIAMONDS QUEEN,0.3684,0.0136,0.618
HEARTS SEVEN HEARTS TWO,0.4098,0.0926,0.4976
DIAMONDS QUEEN HEARTS NINE,0.368,0.0134,0.6186
HEARTS TWO HEARTS NINE,0.413,0.0458,0.5412
DIAMONDS QUEEN HEARTS EIGHT,0.358,0.0112,0.6308
HEARTS TWO HEARTS EIGHT,0.4114,0.0658,0.5228
CLUBS NINE HEARTS TWO,0.4336,0.0416,0.5248
CLUBS NINE DIAMONDS QUEEN,0.3622,0.0116,0.6262
CLUBS EIGHT HEARTS TWO,0.4296,0.0744,0.496
CLUBS EIGHT DIAMONDS QUEEN,0.3716,0.0096,0.6188
CLUBS FIVE DIAMONDS QUEEN,0.2958,0.0406,0.6636
CLUBS FIVE HEARTS TWO,0.4924,0.2618,0.2458
SPADES EIGHT HEARTS ACE,0.3674,0.0048,0.6278
DIAMONDS QUEEN CLUBS FOUR,0.4326,0.0088,0.5586
HEARTS TWO CLUBS FOUR,0.5496,0.1532,0.2972
CLUBS SEVEN DIAMONDS QUEEN,0.3792,0.012,0.6088
CLUBS SEVEN HEARTS TWO,0.4412,0.1064,0.4524
SPADES EIGHT HEARTS QUEEN,0.3756,0.0126,0.6118
CLUBS SIX DIAMONDS QUEEN,0.282,0.0438,0.6742
CLUBS SIX HEARTS TWO,0.354,0.4422,0.2038
SPADES EIGHT HEARTS KING,0.3742,0.0082,0.6176
HEARTS TWO SPADES SIX,0.3478,0.4482,0.204
DIAMONDS QUEEN SPADES SIX,0.2856,0.0456,0.6688
HEARTS FOUR CLUBS QUEEN,0.432,0.015,0.553
DIAMONDS ACE CLUBS QUEEN,0.3766,0.003,0.6204
DIAMONDS QUEEN SPADES SEVEN,0.3646,0.013,0.6224
HEARTS TWO SPADES SEVEN,0.4416,0.1004,0.458
HEARTS FOUR CLUBS KING,0.4342,0.0082,0.5576
DIAMONDS ACE CLUBS KING,0.3804,0.0032,0.6164
DIAMONDS QUEEN SPADES EIGHT,0.3738,0.0112,0.615
SPADES EIGHT HEARTS TWO,0.4326,0.066,0.5014
HEARTS FOUR CLUBS ACE,0.411,0.004,0.585
DIAMONDS ACE CLUBS ACE,0.1814,0.0016,0.817
SPADES NINE DIAMONDS QUEEN,0.3682,0.011,0.6208
SPADES NINE HEARTS TWO,0.4302,0.0432,0.5266
HEARTS TWO SPADES TWO,0.3938,0.136,0.4702
DIAMONDS QUEEN SPADES TWO,0.44,0.011,0.549
HEARTS TWO SPADES THREE,0.552,0.1454,0.3026
DIAMONDS QUEEN SPADES THREE,0.4292,0.0146,0.5562
HEARTS TWO SPADES FOUR,0.5512,0.1498,0.299
DIAMONDS QUEEN SPADES FOUR,0.4322,0.0132,0.5546
HEARTS FOUR CLUBS TEN,0.417,0.029,0.554
CLUBS TEN DIAMONDS ACE,0.3662,0.0028,0.631
HEARTS FOUR CLUBS JACK,0.4216,0.0168,0.5616
DIAMONDS ACE CLUBS JACK,0.3726,0.004,0.6234
CLUBS FIVE CLUBS KING,0.273,0.033,0.694
CLUBS FIVE CLUBS QUEEN,0.2674,0.0406,0.692
CLUBS FIVE CLUBS ACE,0.2488,0.0188,0.7324
CLUBS FIVE CLUBS JACK,0.2596,0.058,0.6824
CLUBS TEN CLUBS FIVE,0.2706,0.072,0.6574
SPADES KING CLUBS JACK,0.3522,0.006,0.6418
SPADES QUEEN CLUBS JACK,0.3584,0.009,0.6326
SPADES ACE CLUBS JACK,0.3632,0.0042,0.6326
SPADES SIX CLUBS KING,0.2872,0.0362,0.6766
SPADES SIX CLUBS QUEEN,0.2852,0.0472,0.6676
SPADES EIGHT HEARTS JACK,0.3584,0.02,0.6216
SPADES SIX CLUBS ACE,0.2786,0.0284,0.693
SPADES EIGHT HEARTS TEN,0.3512,0.027,0.6218
SPADES SIX CLUBS JACK,0.2762,0.0572,0.6666
CLUBS TEN SPADES SIX,0.2712,0.0782,0.6506
SPADES TEN CLUBS JACK,0.3394,0.0158,0.6448
SPADES JACK CLUBS JACK,0.1766,0.0508,0.7726
SPADES QUEEN CLUBS SEVEN,0.3676,0.0126,0.6198
SPADES KING CLUBS SEVEN,0.3786,0.0072,0.6142
SPADES ACE CLUBS SEVEN,0.3564,0.0048,0.6388
SPADES SIX HEARTS TEN,0.2636,0.0864,0.65
SPADES SIX HEARTS JACK,0.2812,0.0578,0.661
SPADES SIX HEARTS ACE,0.2732,0.028,0.6988
SPADES SIX HEARTS KING,0.2832,0.0408,0.676
SPADES SIX HEARTS QUEEN,0.2588,0.0556,0.6856
CLUBS SEVEN SPADES JACK,0.3708,0.02,0.6092
CLUBS SEVEN SPADES TEN,0.3686,0.0298,0.6016
CLUBS ACE CLUBS JACK,0.3442,0.0034,0.6524
CLUBS QUEEN CLUBS JACK,0.3508,0.0096,0.6396
CLUBS KING CLUBS JACK,0.3422,0.0036,0.6542
DIAMONDS THREE HEARTS ACE,0.418,0.0054,0.5766
DIAMONDS THREE HEARTS QUEEN,0.4328,0.0108,0.5564
DIAMONDS THREE HEARTS KING,0.4118,0.01,0.5782
CLUBS FIVE HEARTS JACK,0.287,0.0598,0.6532
SPADES TEN DIAMONDS ACE,0.3596,0.005,0.6354
HEARTS FOUR SPADES TEN,0.4206,0.0306,0.5488
CLUBS FIVE HEARTS TEN,0.2792,0.0788,0.642
HEARTS FOUR SPADES JACK,0.4206,0.0218,0.5576
SPADES JACK DIAMONDS ACE,0.3584,0.0052,0.6364
SPADES ACE HEARTS FOUR,0.404,0.005,0.591
SPADES ACE DIAMONDS ACE,0.1742,0.0026,0.8232
CLUBS FIVE HEARTS ACE,0.27,0.02,0.71
CLUBS FIVE HEARTS KING,0.2852,0.0388,0.676
HEARTS FOUR SPADES QUEEN,0.426,0.0148,0.5592
SPADES QUEEN DIAMONDS ACE,0.3588,0.0042,0.637
SPADES FOUR CLUBS JACK,0.4222,0.0212,0.5566
CLUBS FIVE HEARTS QUEEN,0.2878,0.051,0.6612
SPADES KING DIAMONDS ACE,0.3782,0.003,0.6188
HEARTS FOUR SPADES KING,0.4108,0.0082,0.581
CLUBS TEN SPADES FOUR,0.4136,0.0346,0.5518
DIAMONDS QUEEN DIAMONDS ACE,0.3538,0.0044,0.6418
HEARTS TWO DIAMONDS ACE,0.4156,0.005,0.5794
HEARTS FOUR DIAMONDS QUEEN,0.4216,0.0118,0.5666
HEARTS FOUR HEARTS TWO,0.5186,0.1398,0.3416
DIAMONDS THREE HEARTS TEN,0.4138,0.0268,0.5594
SPADES FOUR CLUBS KING,0.4254,0.0092,0.5654
HEARTS FIVE DIAMONDS QUEEN,0.2876,0.0462,0.6662
HEARTS FIVE HEARTS TWO,0.475,0.2642,0.2608
DIAMONDS THREE HEARTS JACK,0.4208,0.0194,0.5598
SPADES FOUR CLUBS QUEEN,0.4188,0.0114,0.5698
DIAMONDS QUEEN HEARTS TWO,0.4424,0.0158,0.5418
DIAMONDS KING DIAMONDS QUEEN,0.3504,0.0054,0.6442
DIAMONDS KING HEARTS TWO,0.443,0.0094,0.5476
HEARTS THREE DIAMONDS QUEEN,0.4234,0.0134,0.5632
HEARTS THREE HEARTS TWO,0.5108,0.1386,0.3506
SPADES FOUR CLUBS ACE,0.403,0.0028,0.5942
HEARTS TWO CLUBS ACE,0.421,0.0056,0.5734
DIAMONDS QUEEN CLUBS ACE,0.3792,0.0026,0.6182
HEARTS TWO CLUBS QUEEN,0.4446,0.0108,0.5446
DIAMONDS QUEEN CLUBS QUEEN,0.1922,0.032,0.7758
HEARTS TWO CLUBS KING,0.4346,0.0088,0.5566
DIAMONDS QUEEN CLUBS KING,0.374,0.0054,0.6206
CLUBS TEN HEARTS TWO,0.4384,0.027,0.5346
CLUBS TEN DIAMONDS QUEEN,0.3542,0.0112,0.6346
HEARTS TWO CLUBS JACK,0.4334,0.0238,0.5428
DIAMONDS QUEEN CLUBS JACK,0.361,0.0056,0.6334
DIAMONDS FIVE CLUBS QUEEN,0.2866,0.041,0.6724
SPADES EIGHT CLUBS ACE,0.3756,0.0042,0.6202
DIAMONDS FIVE CLUBS KING,0.304,0.0332,0.6628
SPADES EIGHT CLUBS KING,0.3696,0.0056,0.6248
CLUBS ACE DIAMONDS FIVE,0.261,0.0196,0.7194
SPADES EIGHT CLUBS QUEEN,0.3784,0.0106,0.611
SPADES EIGHT CLUBS JACK,0.375,0.0174,0.6076
CLUBS TEN SPADES EIGHT,0.3506,0.0284,0.621
CLUBS TEN DIAMONDS FIVE,0.2948,0.084,0.6212
DIAMONDS FIVE CLUBS JACK,0.2904,0.0586,0.651
DIAMONDS TEN HEARTS JACK,0.339,0.0124,0.6486
DIAMONDS TEN HEARTS TEN,0.1806,0.0604,0.759
SPADES ACE CLUBS NINE,0.363,0.0058,0.6312
CLUBS NINE SPADES QUEEN,0.3736,0.0118,0.6146
CLUBS NINE SPADES KING,0.3824,0.008,0.6096
DIAMONDS KING SPADES SEVEN,0.3666,0.0072,0.6262
HEARTS THREE SPADES SEVEN,0.4222,0.1066,0.4712
SPADES KING DIAMONDS SEVEN,0.3708,0.0082,0.621
SPADES QUEEN DIAMONDS SEVEN,0.3784,0.0138,0.6078
HEARTS THREE SPADES SIX,0.3352,0.45,0.2148
