opposingHand,winningChance,drawChance,lostChance
HEARTS SIX SPADES SEVEN
HEARTS FIVE SPADES TEN,0.4146,0.0286,0.5568
SPADES JACK HEARTS FIVE,0.4158,0.0216,0.5626
SPADES FIVE CLUBS JACK,0.4182,0.0182,0.5636
CLUBS TEN SPADES FIVE,0.4186,0.0244,0.557
CLUBS EIGHT CLUBS JACK,0.34,0.0136,0.6464
CLUBS TEN CLUBS EIGHT,0.3384,0.0218,0.6398
CLUBS EIGHT CLUBS KING,0.3574,0.0064,0.6362
SPADES FIVE CLUBS ACE,0.4134,0.005,0.5816
CLUBS EIGHT CLUBS QUEEN,0.35,0.0132,0.6368
SPADES FIVE CLUBS KING,0.4292,0.0086,0.5622
SPADES FIVE CLUBS QUEEN,0.4266,0.0132,0.5602
CLUBS EIGHT CLUBS ACE,0.3406,0.0044,0.655
DIAMONDS TWO DIAMONDS THREE,0.539,0.0904,0.3706
DIAMONDS TWO DIAMONDS FIVE,0.5466,0.098,0.3554
SPADES KING HEARTS FIVE,0.4276,0.009,0.5634
DIAMONDS TWO DIAMONDS FOUR,0.5326,0.0988,0.3686
SPADES QUEEN HEARTS FIVE,0.4116,0.014,0.5744
DIAMONDS TWO DIAMONDS SEVEN,0.397,0.3452,0.2578
DIAMONDS TWO DIAMONDS SIX,0.5456,0.1922,0.2622
SPADES ACE HEARTS FIVE,0.409,0.005,0.586
DIAMONDS TWO DIAMONDS NINE,0.4096,0.0358,0.5546
DIAMONDS TWO DIAMONDS EIGHT,0.4014,0.0662,0.5324
DIAMONDS THREE DIAMONDS FOUR,0.5182,0.0902,0.3916
SPADES FOUR CLUBS TWO,0.5942,0.098,0.3078
DIAMONDS THREE DIAMONDS FIVE,0.5466,0.0866,0.3668
SPADES FIVE CLUBS TWO,0.5944,0.093,0.3126
CLUBS TWO SPADES TWO,0.4074,0.1076,0.485
CLUBS TWO SPADES THREE,0.5692,0.1006,0.3302
DIAMONDS THREE DIAMONDS EIGHT,0.3986,0.0618,0.5396
SPADES EIGHT CLUBS TWO,0.4398,0.0658,0.4944
DIAMONDS THREE DIAMONDS NINE,0.4076,0.0394,0.553
SPADES NINE CLUBS TWO,0.4266,0.0404,0.533
DIAMONDS THREE DIAMONDS SIX,0.532,0.1896,0.2784
SPADES SIX CLUBS TWO,0.589,0.2072,0.2038
DIAMONDS THREE DIAMONDS SEVEN,0.4048,0.3406,0.2546
CLUBS SIX CLUBS TWO,0.5676,0.1706,0.2618
CLUBS SEVEN CLUBS TWO,0.3942,0.3486,0.2572
CLUBS FOUR CLUBS TWO,0.538,0.0916,0.3704
CLUBS FIVE CLUBS TWO,0.543,0.0866,0.3704
CLUBS TEN CLUBS JACK,0.3422,0.0122,0.6456
DIAMONDS FOUR DIAMONDS SIX,0.5376,0.1802,0.2822
CLUBS TEN CLUBS QUEEN,0.3442,0.0092,0.6466
DIAMONDS FOUR DIAMONDS SEVEN,0.3792,0.3494,0.2714
CLUBS TEN CLUBS KING,0.3548,0.0064,0.6388
CLUBS TEN CLUBS ACE,0.341,0.0036,0.6554
CLUBS EIGHT CLUBS TWO,0.4102,0.063,0.5268
DIAMONDS FIVE DIAMONDS FOUR,0.5198,0.0926,0.3876
CLUBS NINE CLUBS TWO,0.4256,0.0366,0.5378
DIAMONDS NINE DIAMONDS FOUR,0.3922,0.0418,0.566
DIAMONDS EIGHT DIAMONDS FOUR,0.3824,0.059,0.5586
CLUBS THREE CLUBS TWO,0.5388,0.089,0.3722
DIAMONDS NINE DIAMONDS FIVE,0.3824,0.0436,0.574
DIAMONDS TWO CLUBS JACK,0.4402,0.019,0.5408
DIAMONDS EIGHT DIAMONDS FIVE,0.3872,0.061,0.5518
CLUBS TEN DIAMONDS TWO,0.4428,0.0244,0.5328
DIAMONDS FIVE DIAMONDS SEVEN,0.3736,0.3646,0.2618
DIAMONDS FIVE DIAMONDS SIX,0.534,0.174,0.292
DIAMONDS TWO CLUBS ACE,0.4108,0.0044,0.5848
DIAMONDS TWO CLUBS KING,0.4348,0.0074,0.5578
DIAMONDS TWO CLUBS QUEEN,0.4492,0.01,0.5408
DIAMONDS EIGHT DIAMONDS SIX,0.2358,0.1298,0.6344
DIAMONDS NINE DIAMONDS SIX,0.251,0.1008,0.6482
HEARTS ACE SPADES THREE,0.4188,0.0048,0.5764
SPADES THREE HEARTS KING,0.4326,0.0092,0.5582
DIAMONDS SEVEN DIAMONDS SIX,0.0232,0.9022,0.0746
SPADES THREE HEARTS QUEEN,0.434,0.0164,0.5496
SPADES THREE HEARTS JACK,0.4194,0.0174,0.5632
SPADES THREE HEARTS TEN,0.4298,0.0302,0.54
DIAMONDS EIGHT DIAMONDS SEVEN,0.2358,0.133,0.6312
DIAMONDS NINE DIAMONDS SEVEN,0.2446,0.1026,0.6528
DIAMONDS NINE DIAMONDS EIGHT,0.3182,0.0362,0.6456
DIAMONDS KING HEARTS TEN,0.3686,0.0038,0.6276
HEARTS THREE HEARTS TEN,0.415,0.0274,0.5576
SPADES JACK CLUBS SIX,0.2852,0.0626,0.6522
DIAMONDS KING HEARTS JACK,0.3608,0.0056,0.6336
HEARTS THREE HEARTS JACK,0.4,0.0186,0.5814
SPADES TEN CLUBS SIX,0.29,0.0756,0.6344
SPADES JACK SPADES FIVE,0.392,0.0226,0.5854
SPADES TEN SPADES FIVE,0.4074,0.0294,0.5632
DIAMONDS KING HEARTS ACE,0.3696,0.0042,0.6262
HEARTS THREE HEARTS ACE,0.4068,0.0052,0.588
SPADES ACE CLUBS SIX,0.286,0.0228,0.6912
DIAMONDS KING HEARTS QUEEN,0.3626,0.0066,0.6308
HEARTS THREE HEARTS QUEEN,0.4012,0.0114,0.5874
SPADES KING CLUBS SIX,0.287,0.0296,0.6834
DIAMONDS KING HEARTS KING,0.2014,0.0146,0.784
HEARTS THREE HEARTS KING,0.4108,0.01,0.5792
SPADES QUEEN CLUBS SIX,0.2928,0.043,0.6642
SPADES NINE HEARTS TEN,0.3382,0.024,0.6378
SPADES NINE HEARTS JACK,0.3418,0.0172,0.641
SPADES QUEEN SPADES FIVE,0.4142,0.0104,0.5754
SPADES KING SPADES FIVE,0.4026,0.0084,0.589
SPADES ACE SPADES FIVE,0.3888,0.0054,0.6058
SPADES NINE HEARTS QUEEN,0.3512,0.0154,0.6334
SPADES NINE HEARTS KING,0.3636,0.0076,0.6288
SPADES NINE HEARTS ACE,0.3694,0.0036,0.627
CLUBS TEN SPADES JACK,0.3478,0.0138,0.6384
CLUBS TEN SPADES TEN,0.1868,0.0636,0.7496
SPADES ACE CLUBS TEN,0.3712,0.0038,0.625
SPADES KING CLUBS TEN,0.3672,0.004,0.6288
CLUBS TEN SPADES QUEEN,0.3564,0.0108,0.6328
SPADES FIVE HEARTS QUEEN,0.421,0.014,0.565
SPADES FIVE HEARTS KING,0.4228,0.0074,0.5698
SPADES FIVE HEARTS ACE,0.4006,0.006,0.5934
CLUBS EIGHT SPADES TEN,0.3436,0.027,0.6294
HEARTS THREE SPADES JACK,0.4364,0.0182,0.5454
SPADES JACK DIAMONDS KING,0.364,0.0068,0.6292
SPADES TEN DIAMONDS KING,0.3734,0.0086,0.618
HEARTS THREE SPADES TEN,0.4424,0.0258,0.5318
SPADES JACK CLUBS EIGHT,0.3666,0.0176,0.6158
CLUBS SIX HEARTS ACE,0.2914,0.0212,0.6874
SPADES ACE CLUBS EIGHT,0.3664,0.0026,0.631
HEARTS FIVE CLUBS JACK,0.4156,0.0198,0.5646
CLUBS TEN HEARTS FIVE,0.4268,0.0276,0.5456
CLUBS SIX HEARTS QUEEN,0.2892,0.0474,0.6634
SPADES QUEEN CLUBS EIGHT,0.372,0.0092,0.6188
CLUBS TEN SPADES THREE,0.441,0.0302,0.5288
CLUBS SIX HEARTS KING,0.29,0.0342,0.6758
SPADES KING CLUBS EIGHT,0.3672,0.0056,0.6272
SPADES THREE CLUBS JACK,0.4328,0.0166,0.5506
DIAMONDS TWO HEARTS JACK,0.4378,0.019,0.5432
SPADES THREE CLUBS QUEEN,0.4342,0.0128,0.553
DIAMONDS TWO HEARTS TEN,0.4372,0.0276,0.5352
SPADES THREE CLUBS KING,0.4342,0.009,0.5568
HEARTS FIVE CLUBS ACE,0.4204,0.0026,0.577
SPADES FIVE HEARTS TEN,0.4318,0.0258,0.5424
SPADES THREE CLUBS ACE,0.4372,0.005,0.5578
HEARTS FIVE CLUBS KING,0.4494,0.0062,0.5444
SPADES FIVE HEARTS JACK,0.4266,0.0214,0.552
HEARTS FIVE CLUBS QUEEN,0.4212,0.0124,0.5664
HEARTS THREE CLUBS KING,0.4402,0.0114,0.5484
DIAMONDS KING CLUBS KING,0.1994,0.016,0.7846
HEARTS THREE CLUBS QUEEN,0.4406,0.0134,0.546
DIAMONDS KING CLUBS QUEEN,0.3724,0.0034,0.6242
HEARTS FIVE HEARTS JACK,0.397,0.0196,0.5834
HEARTS FIVE HEARTS TEN,0.3964,0.034,0.5696
HEARTS THREE CLUBS ACE,0.4238,0.0076,0.5686
DIAMONDS KING CLUBS ACE,0.3764,0.0032,0.6204
SPADES ACE CLUBS QUEEN,0.3648,0.0024,0.6328
SPADES KING CLUBS QUEEN,0.3722,0.0052,0.6226
HEARTS THREE CLUBS JACK,0.4166,0.0208,0.5626
DIAMONDS KING CLUBS JACK,0.3738,0.0062,0.62
SPADES QUEEN CLUBS QUEEN,0.183,0.0266,0.7904
CLUBS TEN HEARTS THREE,0.4272,0.0308,0.542
CLUBS TEN DIAMONDS KING,0.3666,0.0052,0.6282
SPADES JACK CLUBS QUEEN,0.3422,0.0112,0.6466
CLUBS SIX CLUBS QUEEN,0.2774,0.0358,0.6868
SPADES TEN CLUBS QUEEN,0.3492,0.0108,0.64
CLUBS SIX CLUBS KING,0.282,0.0314,0.6866
CLUBS SIX CLUBS ACE,0.284,0.0208,0.6952
HEARTS FIVE HEARTS KING,0.4004,0.009,0.5906
HEARTS FIVE HEARTS QUEEN,0.4018,0.0126,0.5856
CLUBS TEN CLUBS SIX,0.2624,0.0764,0.6612
HEARTS FIVE HEARTS ACE,0.3924,0.0052,0.6024
CLUBS SIX CLUBS JACK,0.2874,0.0536,0.659
DIAMONDS TWO CLUBS TWO,0.3996,0.104,0.4964
DIAMONDS TWO CLUBS THREE,0.5732,0.0954,0.3314
DIAMONDS TWO HEARTS QUEEN,0.4362,0.0128,0.551
HEARTS SEVEN DIAMONDS TWO,0.4126,0.3666,0.2208
DIAMONDS TWO HEARTS KING,0.4294,0.011,0.5596
DIAMONDS TWO HEARTS EIGHT,0.4326,0.0678,0.4996
DIAMONDS TWO HEARTS ACE,0.4224,0.006,0.5716
DIAMONDS TWO HEARTS NINE,0.4332,0.0438,0.523
DIAMONDS TWO DIAMONDS QUEEN,0.4172,0.0112,0.5716
DIAMONDS TWO HEARTS TWO,0.406,0.1122,0.4818
DIAMONDS TWO DIAMONDS KING,0.4034,0.0082,0.5884
HEARTS THREE DIAMONDS TWO,0.5912,0.0954,0.3134
DIAMONDS TWO DIAMONDS ACE,0.3946,0.0044,0.601
HEARTS FOUR DIAMONDS TWO,0.5832,0.1024,0.3144
DIAMONDS TWO HEARTS FIVE,0.5912,0.091,0.3178
DIAMONDS TWO DIAMONDS TEN,0.4052,0.0234,0.5714
DIAMONDS TWO DIAMONDS JACK,0.4056,0.0178,0.5766
DIAMONDS TWO SPADES NINE,0.4442,0.0442,0.5116
DIAMONDS TWO SPADES EIGHT,0.4276,0.0628,0.5096
DIAMONDS TWO SPADES SIX,0.5984,0.1958,0.2058
DIAMONDS TWO SPADES FIVE,0.5934,0.1018,0.3048
DIAMONDS TWO SPADES FOUR,0.584,0.0948,0.3212
DIAMONDS TWO SPADES THREE,0.5784,0.0994,0.3222
DIAMONDS TWO SPADES TWO,0.4104,0.1078,0.4818
CLUBS NINE DIAMONDS TWO,0.442,0.0474,0.5106
DIAMONDS TWO CLUBS EIGHT,0.4358,0.0652,0.499
CLUBS SEVEN DIAMONDS TWO,0.4158,0.3674,0.2168
DIAMONDS TWO CLUBS SIX,0.5898,0.1856,0.2246
DIAMONDS TWO CLUBS FIVE,0.5942,0.0952,0.3106
DIAMONDS TWO CLUBS FOUR,0.5894,0.0912,0.3194
CLUBS FOUR SPADES FIVE,0.5746,0.0984,0.327
CLUBS FOUR SPADES FOUR,0.3974,0.1022,0.5004
CLUBS FOUR SPADES THREE,0.5692,0.0972,0.3336
CLUBS FOUR SPADES TWO,0.6056,0.0948,0.2996
SPADES NINE CLUBS FOUR,0.4244,0.0396,0.536
SPADES EIGHT CLUBS FOUR,0.3918,0.0686,0.5396
SPADES SIX CLUBS FOUR,0.5716,0.1912,0.2372
SPADES ACE DIAMONDS SIX,0.2888,0.021,0.6902
SPADES QUEEN DIAMONDS SIX,0.287,0.0494,0.6636
SPADES KING DIAMONDS SIX,0.2984,0.035,0.6666
SPADES TEN DIAMONDS SIX,0.2844,0.0732,0.6424
SPADES JACK DIAMONDS SIX,0.2976,0.0528,0.6496
SPADES QUEEN SPADES TWO,0.4102,0.0172,0.5726
SPADES KING SPADES TWO,0.4098,0.0094,0.5808
SPADES ACE SPADES TWO,0.3922,0.0048,0.603
DIAMONDS JACK CLUBS JACK,0.1942,0.0366,0.7692
CLUBS TEN DIAMONDS JACK,0.3556,0.0112,0.6332
DIAMONDS JACK CLUBS KING,0.3686,0.0068,0.6246
DIAMONDS JACK CLUBS QUEEN,0.3502,0.0092,0.6406
DIAMONDS THREE DIAMONDS JACK,0.4166,0.0186,0.5648
DIAMONDS THREE DIAMONDS TEN,0.3974,0.0234,0.5792
DIAMONDS JACK CLUBS ACE,0.3724,0.0034,0.6242
DIAMONDS THREE DIAMONDS KING,0.411,0.0086,0.5804
HEARTS THREE DIAMONDS THREE,0.3986,0.108,0.4934
DIAMONDS THREE DIAMONDS QUEEN,0.4126,0.0122,0.5752
DIAMONDS THREE HEARTS TWO,0.5922,0.097,0.3108
HEARTS FIVE DIAMONDS THREE,0.5732,0.099,0.3278
DIAMONDS THREE DIAMONDS ACE,0.3984,0.0038,0.5978
HEARTS FOUR DIAMONDS THREE,0.5768,0.0982,0.325
HEARTS SEVEN DIAMONDS THREE,0.4228,0.3664,0.2108
SPADES TEN SPADES NINE,0.3376,0.0234,0.639
SPADES JACK SPADES NINE,0.3536,0.0146,0.6318
DIAMONDS THREE HEARTS NINE,0.4282,0.0422,0.5296
HEARTS JACK DIAMONDS FOUR,0.423,0.0198,0.5572
HEARTS ACE HEARTS KING,0.3546,0.0044,0.641
SPADES TEN SPADES TWO,0.4176,0.026,0.5564
DIAMONDS THREE HEARTS EIGHT,0.4292,0.064,0.5068
HEARTS TEN DIAMONDS FOUR,0.4288,0.0276,0.5436
SPADES JACK SPADES TWO,0.4114,0.019,0.5696
HEARTS QUEEN DIAMONDS FOUR,0.4344,0.0116,0.554
HEARTS KING DIAMONDS FOUR,0.4206,0.0074,0.572
SPADES ACE SPADES NINE,0.3634,0.005,0.6316
HEARTS ACE DIAMONDS FOUR,0.421,0.0042,0.5748
SPADES KING SPADES NINE,0.3502,0.0078,0.642
SPADES QUEEN SPADES NINE,0.354,0.0132,0.6328
DIAMONDS THREE SPADES NINE,0.4506,0.0416,0.5078
DIAMONDS THREE SPADES EIGHT,0.4348,0.0642,0.501
DIAMONDS THREE SPADES SIX,0.5794,0.1964,0.2242
DIAMONDS THREE CLUBS SIX,0.564,0.2004,0.2356
CLUBS FIVE CLUBS SIX,0.5282,0.1824,0.2894
CLUBS ACE DIAMONDS FOUR,0.4234,0.0046,0.572
CLUBS SEVEN DIAMONDS THREE,0.4202,0.3638,0.216
CLUBS SEVEN CLUBS FIVE,0.379,0.3636,0.2574
DIAMONDS THREE CLUBS FOUR,0.5618,0.0922,0.346
DIAMONDS FOUR CLUBS QUEEN,0.4282,0.0132,0.5586
DIAMONDS THREE CLUBS FIVE,0.58,0.0966,0.3234
CLUBS KING DIAMONDS FOUR,0.4248,0.009,0.5662
DIAMONDS THREE CLUBS TWO,0.5706,0.1008,0.3286
CLUBS TEN DIAMONDS FOUR,0.428,0.0266,0.5454
DIAMONDS THREE CLUBS THREE,0.3818,0.1068,0.5114
DIAMONDS FOUR CLUBS JACK,0.4282,0.018,0.5538
DIAMONDS THREE SPADES FOUR,0.5776,0.0966,0.3258
DIAMONDS THREE SPADES FIVE,0.5714,0.1028,0.3258
DIAMONDS THREE SPADES TWO,0.5834,0.0922,0.3244
DIAMONDS THREE SPADES THREE,0.3912,0.115,0.4938
CLUBS EIGHT DIAMONDS THREE,0.4342,0.0614,0.5044
CLUBS NINE DIAMONDS THREE,0.4242,0.0398,0.536
CLUBS FIVE SPADES SIX,0.5624,0.1908,0.2468
CLUBS FIVE SPADES NINE,0.4066,0.042,0.5514
CLUBS FIVE SPADES EIGHT,0.4052,0.0578,0.537
CLUBS FIVE SPADES THREE,0.5758,0.0974,0.3268
CLUBS FIVE SPADES TWO,0.5838,0.0984,0.3178
CLUBS FIVE SPADES FIVE,0.3718,0.1072,0.521
CLUBS FIVE SPADES FOUR,0.5602,0.0934,0.3464
CLUBS NINE CLUBS FIVE,0.3844,0.0404,0.5752
CLUBS EIGHT CLUBS FIVE,0.37,0.0614,0.5686
CLUBS ACE CLUBS QUEEN,0.3452,0.0028,0.652
CLUBS KING CLUBS QUEEN,0.3428,0.007,0.6502
DIAMONDS TEN DIAMONDS FOUR,0.3912,0.0242,0.5846
CLUBS TEN DIAMONDS NINE,0.3498,0.0192,0.631
DIAMONDS JACK DIAMONDS FOUR,0.401,0.018,0.581
DIAMONDS NINE CLUBS JACK,0.3694,0.0128,0.6178
SPADES NINE CLUBS JACK,0.3562,0.0162,0.6276
CLUBS TEN SPADES NINE,0.3436,0.024,0.6324
DIAMONDS ACE DIAMONDS FOUR,0.3952,0.0046,0.6002
HEARTS FOUR DIAMONDS FOUR,0.3884,0.1046,0.507
DIAMONDS JACK HEARTS TEN,0.353,0.0152,0.6318
SPADES NINE CLUBS KING,0.3638,0.0078,0.6284
DIAMONDS TWO SPADES TEN,0.4228,0.029,0.5482
DIAMONDS NINE CLUBS ACE,0.3772,0.0036,0.6192
HEARTS FIVE DIAMONDS FOUR,0.5734,0.0992,0.3274
DIAMONDS JACK HEARTS JACK,0.1908,0.0374,0.7718
SPADES NINE CLUBS QUEEN,0.3592,0.0094,0.6314
DIAMONDS TWO SPADES JACK,0.4256,0.0164,0.558
DIAMONDS QUEEN DIAMONDS FOUR,0.4092,0.0134,0.5774
HEARTS TWO DIAMONDS FOUR,0.5728,0.098,0.3292
DIAMONDS NINE CLUBS QUEEN,0.3724,0.0088,0.6188
DIAMONDS KING DIAMONDS FOUR,0.3914,0.0088,0.5998
HEARTS THREE DIAMONDS FOUR,0.5742,0.096,0.3298
SPADES NINE CLUBS ACE,0.363,0.0046,0.6324
DIAMONDS NINE CLUBS KING,0.3702,0.004,0.6258
HEARTS ACE DIAMONDS JACK,0.3608,0.0022,0.637
SPADES ACE DIAMONDS TWO,0.4126,0.003,0.5844
HEARTS QUEEN DIAMONDS JACK,0.3406,0.0082,0.6512
SPADES QUEEN DIAMONDS TWO,0.4424,0.0118,0.5458
DIAMONDS JACK HEARTS KING,0.3516,0.0062,0.6422
SPADES KING DIAMONDS TWO,0.4386,0.0074,0.554
CLUBS SEVEN CLUBS THREE,0.3966,0.3468,0.2566
CLUBS SIX CLUBS THREE,0.511,0.1872,0.3018
CLUBS FIVE CLUBS THREE,0.5286,0.0988,0.3726
CLUBS THREE CLUBS FOUR,0.5276,0.0892,0.3832
CLUBS NINE CLUBS THREE,0.4036,0.0372,0.5592
CLUBS EIGHT CLUBS THREE,0.408,0.0602,0.5318
CLUBS THREE SPADES FIVE,0.5762,0.0982,0.3256
CLUBS THREE SPADES FOUR,0.5878,0.0996,0.3126
CLUBS THREE SPADES THREE,0.4072,0.1048,0.488
CLUBS THREE SPADES TWO,0.5732,0.103,0.3238
CLUBS THREE SPADES SIX,0.562,0.2012,0.2368
SPADES EIGHT CLUBS THREE,0.4222,0.0666,0.5112
SPADES NINE CLUBS THREE,0.4238,0.0432,0.533
SPADES TWO DIAMONDS FOUR,0.592,0.0948,0.3132
SPADES THREE DIAMONDS FOUR,0.577,0.1042,0.3188
SPADES FOUR DIAMONDS FOUR,0.388,0.1006,0.5114
SPADES FIVE DIAMONDS FOUR,0.569,0.0914,0.3396
SPADES SIX DIAMONDS FOUR,0.5682,0.1916,0.2402
SPADES EIGHT DIAMONDS FOUR,0.408,0.0628,0.5292
SPADES NINE DIAMONDS FOUR,0.4314,0.0414,0.5272
CLUBS FIVE DIAMONDS FOUR,0.5646,0.0934,0.342
CLUBS FOUR DIAMONDS FOUR,0.3892,0.1062,0.5046
CLUBS SEVEN DIAMONDS FOUR,0.4086,0.3674,0.224
CLUBS SIX DIAMONDS FOUR,0.5524,0.1992,0.2484
CLUBS NINE DIAMONDS FOUR,0.4394,0.0414,0.5192
CLUBS EIGHT DIAMONDS FOUR,0.4272,0.0666,0.5062
HEARTS SEVEN DIAMONDS FOUR,0.4096,0.3768,0.2136
DIAMONDS FOUR HEARTS NINE,0.4302,0.036,0.5338
DIAMONDS FOUR HEARTS EIGHT,0.4174,0.0634,0.5192
CLUBS THREE DIAMONDS FOUR,0.5708,0.095,0.3342
CLUBS TWO DIAMONDS FOUR,0.573,0.0946,0.3324
DIAMONDS TEN DIAMONDS FIVE,0.4002,0.0244,0.5754
DIAMONDS JACK DIAMONDS FIVE,0.406,0.0184,0.5756
DIAMONDS NINE HEARTS QUEEN,0.3634,0.011,0.6256
DIAMONDS NINE HEARTS KING,0.3786,0.0072,0.6142
HEARTS ACE DIAMONDS NINE,0.3706,0.003,0.6264
DIAMONDS NINE HEARTS TEN,0.3564,0.0248,0.6188
DIAMONDS NINE HEARTS JACK,0.3486,0.014,0.6374
CLUBS KING DIAMONDS SIX,0.2856,0.0318,0.6826
CLUBS QUEEN DIAMONDS SIX,0.2912,0.0428,0.666
CLUBS ACE DIAMONDS SIX,0.2922,0.0186,0.6892
SPADES KING DIAMONDS FOUR,0.4266,0.0078,0.5656
SPADES QUEEN DIAMONDS FOUR,0.4162,0.0104,0.5734
CLUBS JACK DIAMONDS SIX,0.294,0.0576,0.6484
SPADES ACE DIAMONDS FOUR,0.4044,0.0044,0.5912
CLUBS TEN DIAMONDS SIX,0.2904,0.0772,0.6324
CLUBS NINE CLUBS FOUR,0.3922,0.0338,0.574
CLUBS EIGHT CLUBS FOUR,0.3992,0.0602,0.5406
SPADES JACK DIAMONDS FOUR,0.433,0.0194,0.5476
SPADES TEN DIAMONDS FOUR,0.4324,0.025,0.5426
CLUBS FIVE CLUBS FOUR,0.5234,0.0882,0.3884
CLUBS SEVEN CLUBS FOUR,0.3802,0.3538,0.266
CLUBS SIX CLUBS FOUR,0.5238,0.1962,0.28
CLUBS SEVEN SPADES EIGHT,0.2374,0.1478,0.6148
CLUBS SEVEN SPADES NINE,0.2488,0.112,0.6392
CLUBS SEVEN SPADES SIX,0.0168,0.9702,0.013
CLUBS SEVEN SPADES FIVE,0.386,0.3934,0.2206
CLUBS SEVEN SPADES FOUR,0.4058,0.3822,0.212
CLUBS SEVEN SPADES THREE,0.4172,0.3674,0.2154
CLUBS SEVEN SPADES TWO,0.4284,0.3694,0.2022
CLUBS NINE CLUBS SEVEN,0.248,0.0988,0.6532
CLUBS SEVEN CLUBS EIGHT,0.2348,0.138,0.6272
HEARTS SEVEN DIAMONDS FIVE,0.3912,0.3804,0.2284
DIAMONDS FIVE HEARTS EIGHT,0.4046,0.064,0.5314
DIAMONDS FIVE HEARTS NINE,0.405,0.0408,0.5542
DIAMONDS QUEEN DIAMONDS FIVE,0.3978,0.0104,0.5918
HEARTS TWO DIAMONDS FIVE,0.5896,0.102,0.3084
HEARTS KING HEARTS EIGHT,0.363,0.0086,0.6284
DIAMONDS KING DIAMONDS FIVE,0.3886,0.0062,0.6052
HEARTS THREE DIAMONDS FIVE,0.5856,0.0976,0.3168
HEARTS QUEEN HEARTS EIGHT,0.362,0.0114,0.6266
DIAMONDS ACE DIAMONDS FIVE,0.3944,0.0032,0.6024
HEARTS FOUR DIAMONDS FIVE,0.5682,0.102,0.3298
HEARTS FIVE DIAMONDS FIVE,0.3726,0.1082,0.5192
HEARTS ACE HEARTS EIGHT,0.3676,0.0046,0.6278
CLUBS FOUR DIAMONDS FIVE,0.5668,0.0986,0.3346
CLUBS FIVE DIAMONDS FIVE,0.377,0.1104,0.5126
CLUBS SIX DIAMONDS FIVE,0.5666,0.192,0.2414
CLUBS SEVEN DIAMONDS FIVE,0.4038,0.3778,0.2184
CLUBS TWO DIAMONDS FIVE,0.5774,0.093,0.3296
CLUBS THREE DIAMONDS FIVE,0.5794,0.0896,0.331
SPADES THREE DIAMONDS FIVE,0.5782,0.0998,0.322
SPADES TWO DIAMONDS FIVE,0.5852,0.1012,0.3136
SPADES JACK DIAMONDS EIGHT,0.3624,0.0166,0.621
SPADES FIVE DIAMONDS FIVE,0.377,0.1084,0.5146
CLUBS TEN HEARTS JACK,0.3442,0.0162,0.6396
SPADES TEN DIAMONDS EIGHT,0.344,0.0218,0.6342
SPADES FOUR DIAMONDS FIVE,0.5678,0.0982,0.334
HEARTS JACK CLUBS JACK,0.1846,0.0434,0.772
HEARTS JACK CLUBS QUEEN,0.3534,0.0092,0.6374
CLUBS NINE DIAMONDS FIVE,0.4192,0.0446,0.5362
CLUBS KING HEARTS JACK,0.3774,0.0072,0.6154
CLUBS EIGHT DIAMONDS FIVE,0.4152,0.0654,0.5194
CLUBS ACE HEARTS JACK,0.3608,0.0034,0.6358
SPADES KING DIAMONDS EIGHT,0.3574,0.0054,0.6372
SPADES SIX DIAMONDS FIVE,0.5632,0.1982,0.2386
SPADES QUEEN DIAMONDS EIGHT,0.3642,0.0084,0.6274
SPADES NINE DIAMONDS FIVE,0.4226,0.0416,0.5358
SPADES EIGHT DIAMONDS FIVE,0.4058,0.0608,0.5334
SPADES ACE DIAMONDS EIGHT,0.3752,0.0034,0.6214
DIAMONDS TEN DIAMONDS SIX,0.2632,0.0742,0.6626
HEARTS ACE DIAMONDS SEVEN,0.2714,0.027,0.7016
DIAMONDS JACK DIAMONDS SIX,0.2746,0.0542,0.6712
HEARTS QUEEN DIAMONDS SEVEN,0.2664,0.0422,0.6914
HEARTS KING DIAMONDS SEVEN,0.2858,0.0382,0.676
DIAMONDS ACE DIAMONDS SIX,0.2728,0.018,0.7092
HEARTS FOUR DIAMONDS SIX,0.5814,0.1964,0.2222
SPADES TWO HEARTS JACK,0.4326,0.0192,0.5482
HEARTS FIVE DIAMONDS SIX,0.569,0.204,0.227
SPADES TWO HEARTS TEN,0.4344,0.0276,0.538
DIAMONDS QUEEN DIAMONDS SIX,0.275,0.0398,0.6852
HEARTS TWO DIAMONDS SIX,0.596,0.1962,0.2078
DIAMONDS KING DIAMONDS SIX,0.277,0.028,0.695
HEARTS THREE DIAMONDS SIX,0.578,0.1916,0.2304
HEARTS EIGHT DIAMONDS SIX,0.2536,0.1434,0.603
HEARTS NINE DIAMONDS SIX,0.2528,0.0938,0.6534
HEARTS SEVEN DIAMONDS SIX,0.0106,0.9716,0.0178
HEARTS TEN DIAMONDS SEVEN,0.2662,0.0788,0.655
CLUBS TWO DIAMONDS SIX,0.588,0.209,0.203
HEARTS JACK DIAMONDS SEVEN,0.2622,0.0572,0.6806
CLUBS THREE DIAMONDS SIX,0.5716,0.1926,0.2358
CLUBS SEVEN DIAMONDS SIX,0.021,0.9592,0.0198
DIAMONDS EIGHT CLUBS JACK,0.3686,0.0196,0.6118
CLUBS SIX DIAMONDS SIX,0.3032,0.0804,0.6164
CLUBS TEN DIAMONDS EIGHT,0.352,0.0246,0.6234
CLUBS FIVE DIAMONDS SIX,0.5604,0.1978,0.2418
CLUBS FOUR DIAMONDS SIX,0.551,0.1932,0.2558
HEARTS ACE HEARTS JACK,0.3438,0.0042,0.652
DIAMONDS EIGHT CLUBS ACE,0.3668,0.002,0.6312
HEARTS QUEEN HEARTS JACK,0.3318,0.0078,0.6604
DIAMONDS EIGHT CLUBS KING,0.3748,0.0044,0.6208
CLUBS NINE DIAMONDS SIX,0.2694,0.1064,0.6242
HEARTS KING HEARTS JACK,0.3518,0.0048,0.6434
DIAMONDS EIGHT CLUBS QUEEN,0.3752,0.012,0.6128
CLUBS EIGHT DIAMONDS SIX,0.2568,0.1392,0.604
SPADES TEN HEARTS KING,0.365,0.0076,0.6274
SPADES FIVE DIAMONDS SIX,0.5594,0.2022,0.2384
HEARTS ACE SPADES TWO,0.4176,0.0042,0.5782
SPADES JACK HEARTS KING,0.3614,0.0078,0.6308
SPADES FOUR DIAMONDS SIX,0.5602,0.197,0.2428
SPADES THREE DIAMONDS SIX,0.5786,0.1946,0.2268
HEARTS QUEEN SPADES TWO,0.4332,0.0156,0.5512
SPADES ACE SPADES KING,0.3588,0.0038,0.6374
SPADES TWO HEARTS KING,0.439,0.0082,0.5528
SPADES TWO DIAMONDS SIX,0.6054,0.191,0.2036
HEARTS TEN HEARTS EIGHT,0.3298,0.025,0.6452
SPADES NINE DIAMONDS SIX,0.2662,0.1102,0.6236
HEARTS JACK HEARTS EIGHT,0.3418,0.0168,0.6414
SPADES EIGHT DIAMONDS SIX,0.2444,0.155,0.6006
SPADES SIX DIAMONDS SIX,0.295,0.0894,0.6156
SPADES KING HEARTS KING,0.1808,0.0176,0.8016
SPADES QUEEN HEARTS KING,0.3666,0.0074,0.626
CLUBS ACE CLUBS KING,0.3496,0.0044,0.646
SPADES ACE HEARTS KING,0.361,0.0046,0.6344
SPADES ACE HEARTS JACK,0.3484,0.006,0.6456
SPADES QUEEN HEARTS JACK,0.3368,0.0098,0.6534
SPADES KING HEARTS JACK,0.362,0.009,0.629
SPADES TEN DIAMONDS TEN,0.185,0.0612,0.7538
SPADES JACK DIAMONDS TEN,0.3318,0.0156,0.6526
SPADES ACE DIAMONDS TEN,0.3684,0.0026,0.629
SPADES JACK HEARTS JACK,0.1708,0.0442,0.785
SPADES TEN HEARTS JACK,0.336,0.0142,0.6498
SPADES QUEEN DIAMONDS TEN,0.3594,0.009,0.6316
SPADES KING DIAMONDS TEN,0.3664,0.0068,0.6268
SPADES NINE DIAMONDS SEVEN,0.2536,0.1062,0.6402
SPADES EIGHT DIAMONDS SEVEN,0.2448,0.1472,0.608
SPADES SIX DIAMONDS SEVEN,0.0194,0.967,0.0136
DIAMONDS KING DIAMONDS SEVEN,0.272,0.0358,0.6922
HEARTS THREE DIAMONDS SEVEN,0.434,0.358,0.208
HEARTS KING DIAMONDS FIVE,0.4234,0.009,0.5676
DIAMONDS QUEEN DIAMONDS SEVEN,0.2782,0.0448,0.677
HEARTS TWO DIAMONDS SEVEN,0.4152,0.376,0.2088
HEARTS QUEEN DIAMONDS FIVE,0.4182,0.0116,0.5702
HEARTS FIVE DIAMONDS SEVEN,0.4072,0.3778,0.215
DIAMONDS ACE DIAMONDS SEVEN,0.2602,0.0228,0.717
HEARTS FOUR DIAMONDS SEVEN,0.4116,0.3822,0.2062
HEARTS ACE DIAMONDS FIVE,0.4112,0.0038,0.585
HEARTS SEVEN DIAMONDS SEVEN,0.1296,0.0994,0.771
DIAMONDS SEVEN HEARTS NINE,0.2556,0.103,0.6414
HEARTS EIGHT DIAMONDS SEVEN,0.2358,0.1482,0.616
DIAMONDS JACK DIAMONDS SEVEN,0.2456,0.0622,0.6922
DIAMONDS FIVE HEARTS JACK,0.4066,0.0206,0.5728
DIAMONDS TEN DIAMONDS SEVEN,0.2606,0.0736,0.6658
HEARTS TEN DIAMONDS FIVE,0.411,0.0268,0.5622
SPADES KING CLUBS TWO,0.4396,0.0096,0.5508
HEARTS KING CLUBS KING,0.1928,0.0164,0.7908
CLUBS EIGHT DIAMONDS SEVEN,0.2444,0.147,0.6086
SPADES QUEEN CLUBS TWO,0.4336,0.0134,0.553
HEARTS KING CLUBS QUEEN,0.3632,0.0034,0.6334
CLUBS NINE DIAMONDS SEVEN,0.2654,0.1034,0.6312
SPADES TWO CLUBS JACK,0.4224,0.021,0.5566
SPADES ACE CLUBS TWO,0.415,0.0036,0.5814
CLUBS TEN SPADES TWO,0.4496,0.0264,0.524
HEARTS KING CLUBS ACE,0.3608,0.0038,0.6354
CLUBS SEVEN CLUBS SIX,0.0216,0.8972,0.0812
SPADES TWO CLUBS KING,0.4396,0.0098,0.5506
SPADES TWO DIAMONDS SEVEN,0.4166,0.3778,0.2056
CLUBS EIGHT CLUBS SIX,0.244,0.1308,0.6252
SPADES THREE DIAMONDS SEVEN,0.413,0.3764,0.2106
SPADES TWO CLUBS QUEEN,0.4544,0.0104,0.5352
CLUBS NINE CLUBS SIX,0.2592,0.0946,0.6462
SPADES FOUR DIAMONDS SEVEN,0.4234,0.3692,0.2074
HEARTS KING CLUBS JACK,0.368,0.0066,0.6254
SPADES FIVE DIAMONDS SEVEN,0.4002,0.3816,0.2182
SPADES TWO CLUBS ACE,0.429,0.0036,0.5674
CLUBS TEN HEARTS KING,0.3744,0.0074,0.6182
CLUBS SIX SPADES TWO,0.607,0.1876,0.2054
CLUBS SIX SPADES THREE,0.577,0.1948,0.2282
CLUBS TWO DIAMONDS SEVEN,0.419,0.3784,0.2026
CLUBS SIX SPADES FOUR,0.5692,0.1922,0.2386
CLUBS THREE DIAMONDS SEVEN,0.4036,0.3838,0.2126
CLUBS SIX SPADES FIVE,0.569,0.1966,0.2344
CLUBS FOUR DIAMONDS SEVEN,0.396,0.3728,0.2312
CLUBS SIX SPADES SIX,0.2948,0.0892,0.616
CLUBS FIVE DIAMONDS SEVEN,0.3858,0.392,0.2222
CLUBS SIX DIAMONDS SEVEN,0.02,0.9634,0.0166
CLUBS SIX SPADES EIGHT,0.2504,0.144,0.6056
SPADES JACK CLUBS TWO,0.4422,0.019,0.5388
CLUBS SEVEN DIAMONDS SEVEN,0.1364,0.1008,0.7628
SPADES NINE CLUBS SIX,0.2608,0.1094,0.6298
SPADES TEN CLUBS TWO,0.4306,0.0284,0.541
CLUBS TWO CLUBS QUEEN,0.4078,0.0082,0.584
CLUBS TWO CLUBS KING,0.416,0.0092,0.5748
CLUBS THREE DIAMONDS EIGHT,0.428,0.0642,0.5078
CLUBS TWO CLUBS ACE,0.3864,0.0042,0.6094
CLUBS TWO DIAMONDS EIGHT,0.4452,0.0718,0.483
HEARTS SEVEN DIAMONDS EIGHT,0.2288,0.1444,0.6268
DIAMONDS EIGHT HEARTS NINE,0.3176,0.037,0.6454
CLUBS TEN CLUBS TWO,0.4136,0.0302,0.5562
DIAMONDS EIGHT HEARTS EIGHT,0.1528,0.078,0.7692
CLUBS TWO CLUBS JACK,0.407,0.0162,0.5768
CLUBS NINE DIAMONDS EIGHT,0.3362,0.0368,0.627
CLUBS EIGHT DIAMONDS EIGHT,0.1606,0.087,0.7524
CLUBS FIVE DIAMONDS EIGHT,0.4072,0.069,0.5238
SPADES ACE SPADES THREE,0.4044,0.008,0.5876
CLUBS FOUR DIAMONDS EIGHT,0.4154,0.062,0.5226
CLUBS SEVEN DIAMONDS EIGHT,0.2512,0.1424,0.6064
SPADES QUEEN SPADES THREE,0.4102,0.0118,0.578
CLUBS SIX DIAMONDS EIGHT,0.2372,0.1442,0.6186
SPADES KING SPADES THREE,0.418,0.0096,0.5724
DIAMONDS QUEEN DIAMONDS EIGHT,0.3312,0.0126,0.6562
HEARTS TWO DIAMONDS EIGHT,0.4458,0.0644,0.4898
DIAMONDS KING DIAMONDS EIGHT,0.3596,0.0068,0.6336
HEARTS THREE DIAMONDS EIGHT,0.4364,0.0664,0.4972
DIAMONDS ACE DIAMONDS EIGHT,0.356,0.0044,0.6396
HEARTS FOUR DIAMONDS EIGHT,0.4176,0.069,0.5134
HEARTS FIVE DIAMONDS EIGHT,0.4078,0.0646,0.5276
DIAMONDS EIGHT DIAMONDS TEN,0.3318,0.0306,0.6376
DIAMONDS EIGHT DIAMONDS JACK,0.3312,0.0194,0.6494
SPADES JACK SPADES THREE,0.401,0.017,0.582
SPADES TEN SPADES THREE,0.4124,0.0246,0.563
CLUBS FOUR HEARTS ACE,0.4204,0.0042,0.5754
CLUBS FOUR HEARTS QUEEN,0.4234,0.0134,0.5632
CLUBS FOUR HEARTS KING,0.4264,0.0064,0.5672
CLUBS SIX HEARTS TEN,0.2778,0.071,0.6512
CLUBS SIX HEARTS JACK,0.292,0.0566,0.6514
SPADES FOUR DIAMONDS EIGHT,0.4142,0.0666,0.5192
SPADES FIVE DIAMONDS EIGHT,0.3982,0.0692,0.5326
DIAMONDS EIGHT SPADES TWO,0.4256,0.069,0.5054
DIAMONDS EIGHT SPADES THREE,0.4362,0.06,0.5038
CLUBS FOUR HEARTS JACK,0.4118,0.0206,0.5676
SPADES EIGHT DIAMONDS EIGHT,0.1534,0.0768,0.7698
SPADES TEN DIAMONDS QUEEN,0.354,0.0098,0.6362
SPADES TEN HEARTS TWO,0.439,0.0288,0.5322
SPADES JACK HEARTS EIGHT,0.358,0.0182,0.6238
CLUBS FOUR HEARTS TEN,0.4144,0.0268,0.5588
SPADES NINE DIAMONDS EIGHT,0.348,0.0398,0.6122
SPADES TEN HEARTS EIGHT,0.3382,0.0262,0.6356
SPADES JACK HEARTS TWO,0.4398,0.0204,0.5398
SPADES JACK DIAMONDS QUEEN,0.3466,0.0098,0.6436
SPADES SIX DIAMONDS EIGHT,0.257,0.1502,0.5928
SPADES ACE HEARTS TWO,0.418,0.0054,0.5766
SPADES ACE DIAMONDS QUEEN,0.3616,0.0034,0.635
SPADES ACE HEARTS EIGHT,0.3512,0.0034,0.6454
SPADES KING HEARTS EIGHT,0.3678,0.0084,0.6238
SPADES QUEEN HEARTS TWO,0.4346,0.0122,0.5532
SPADES QUEEN DIAMONDS QUEEN,0.1856,0.0308,0.7836
SPADES KING DIAMONDS QUEEN,0.371,0.0078,0.6212
SPADES KING HEARTS TWO,0.4302,0.009,0.5608
SPADES QUEEN HEARTS EIGHT,0.3588,0.0108,0.6304
CLUBS TWO HEARTS TEN,0.4434,0.0276,0.529
CLUBS TWO HEARTS JACK,0.4428,0.0174,0.5398
SPADES SIX DIAMONDS NINE,0.2604,0.1082,0.6314
SPADES NINE DIAMONDS NINE,0.1662,0.0658,0.768
SPADES EIGHT DIAMONDS NINE,0.34,0.0382,0.6218
SPADES TEN CLUBS KING,0.3646,0.0062,0.6292
DIAMONDS NINE SPADES THREE,0.437,0.0384,0.5246
SPADES JACK CLUBS KING,0.3646,0.0056,0.6298
DIAMONDS NINE SPADES TWO,0.441,0.0528,0.5062
SPADES FIVE DIAMONDS NINE,0.4162,0.0432,0.5406
DIAMONDS NINE SPADES FOUR,0.451,0.0426,0.5064
CLUBS NINE DIAMONDS NINE,0.1722,0.061,0.7668
CLUBS EIGHT DIAMONDS NINE,0.3474,0.034,0.6186
CLUBS SIX DIAMONDS NINE,0.276,0.102,0.622
SPADES JACK CLUBS FOUR,0.4128,0.02,0.5672
CLUBS SEVEN DIAMONDS NINE,0.2534,0.1056,0.641
SPADES TEN CLUBS FOUR,0.4192,0.0288,0.552
CLUBS FOUR DIAMONDS NINE,0.4244,0.0468,0.5288
CLUBS FIVE DIAMONDS NINE,0.4214,0.0426,0.536
DIAMONDS NINE CLUBS TWO,0.428,0.04,0.532
CLUBS THREE DIAMONDS NINE,0.4304,0.0428,0.5268
DIAMONDS NINE HEARTS EIGHT,0.3444,0.039,0.6166
DIAMONDS NINE HEARTS NINE,0.1586,0.0774,0.764
HEARTS SEVEN DIAMONDS NINE,0.2606,0.11,0.6294
CLUBS NINE CLUBS EIGHT,0.3172,0.0366,0.6462
DIAMONDS ACE DIAMONDS NINE,0.35,0.0042,0.6458
HEARTS FOUR DIAMONDS NINE,0.4322,0.0446,0.5232
HEARTS FIVE DIAMONDS NINE,0.4138,0.045,0.5412
HEARTS ACE CLUBS TWO,0.4124,0.0038,0.5838
SPADES ACE CLUBS FOUR,0.4186,0.0032,0.5782
DIAMONDS QUEEN DIAMONDS NINE,0.3526,0.0102,0.6372
HEARTS TWO DIAMONDS NINE,0.443,0.0414,0.5156
CLUBS TWO HEARTS KING,0.4394,0.0064,0.5542
SPADES KING CLUBS FOUR,0.4298,0.0058,0.5644
DIAMONDS KING DIAMONDS NINE,0.3504,0.0048,0.6448
HEARTS THREE DIAMONDS NINE,0.437,0.0438,0.5192
CLUBS TWO HEARTS QUEEN,0.445,0.0126,0.5424
SPADES QUEEN CLUBS FOUR,0.4244,0.0132,0.5624
DIAMONDS NINE DIAMONDS JACK,0.3422,0.0168,0.641
CLUBS EIGHT SPADES NINE,0.3358,0.034,0.6302
DIAMONDS NINE DIAMONDS TEN,0.328,0.021,0.651
CLUBS EIGHT SPADES EIGHT,0.1468,0.084,0.7692
CLUBS EIGHT SPADES SIX,0.2686,0.1388,0.5926
CLUBS EIGHT SPADES FIVE,0.407,0.063,0.53
CLUBS EIGHT SPADES FOUR,0.4256,0.0606,0.5138
CLUBS EIGHT SPADES THREE,0.4298,0.0638,0.5064
CLUBS EIGHT SPADES TWO,0.4292,0.0698,0.501
HEARTS SEVEN DIAMONDS TEN,0.2694,0.077,0.6536
DIAMONDS TEN HEARTS EIGHT,0.3504,0.0274,0.6222
CLUBS FOUR CLUBS JACK,0.4022,0.0168,0.581
DIAMONDS TEN HEARTS NINE,0.35,0.0246,0.6254
CLUBS TEN CLUBS FOUR,0.4018,0.0238,0.5744
CLUBS FOUR CLUBS KING,0.3994,0.0078,0.5928
CLUBS FOUR CLUBS QUEEN,0.4026,0.0112,0.5862
CLUBS TWO DIAMONDS TEN,0.4396,0.0256,0.5348
CLUBS THREE DIAMONDS TEN,0.4362,0.0268,0.537
CLUBS FOUR CLUBS ACE,0.3992,0.005,0.5958
DIAMONDS JACK DIAMONDS TEN,0.3224,0.0124,0.6652
DIAMONDS QUEEN DIAMONDS TEN,0.343,0.0098,0.6472
HEARTS TWO DIAMONDS TEN,0.4538,0.0246,0.5216
DIAMONDS KING DIAMONDS TEN,0.3474,0.0066,0.646
HEARTS THREE DIAMONDS TEN,0.4462,0.0248,0.529
DIAMONDS ACE DIAMONDS TEN,0.354,0.0028,0.6432
HEARTS FOUR DIAMONDS TEN,0.423,0.0254,0.5516
CLUBS EIGHT HEARTS JACK,0.3618,0.0184,0.6198
HEARTS FIVE DIAMONDS TEN,0.4284,0.0268,0.5448
CLUBS EIGHT HEARTS TEN,0.341,0.0246,0.6344
CLUBS EIGHT HEARTS QUEEN,0.3704,0.0112,0.6184
CLUBS EIGHT HEARTS KING,0.3794,0.0066,0.614
CLUBS EIGHT HEARTS ACE,0.3654,0.005,0.6296
CLUBS NINE SPADES THREE,0.4308,0.0442,0.525
CLUBS NINE SPADES TWO,0.4492,0.0434,0.5074
CLUBS NINE SPADES FIVE,0.418,0.044,0.538
CLUBS NINE SPADES FOUR,0.4398,0.04,0.5202
CLUBS NINE SPADES SIX,0.2572,0.1172,0.6256
CLUBS NINE SPADES NINE,0.1726,0.068,0.7594
CLUBS TEN HEARTS EIGHT,0.3594,0.0246,0.616
CLUBS NINE SPADES EIGHT,0.3366,0.0346,0.6288
HEARTS EIGHT CLUBS JACK,0.3502,0.012,0.6378
CLUBS QUEEN HEARTS EIGHT,0.3584,0.0114,0.6302
CLUBS KING HEARTS EIGHT,0.3678,0.006,0.6262
CLUBS ACE HEARTS EIGHT,0.3704,0.0034,0.6262
SPADES KING CLUBS KING,0.1804,0.018,0.8016
SPADES QUEEN CLUBS KING,0.3784,0.008,0.6136
SPADES ACE CLUBS KING,0.3754,0.0044,0.6202
DIAMONDS ACE HEARTS TEN,0.362,0.0042,0.6338
HEARTS FOUR HEARTS TEN,0.403,0.0286,0.5684
DIAMONDS ACE HEARTS JACK,0.3714,0.0054,0.6232
HEARTS FOUR HEARTS JACK,0.4154,0.0142,0.5704
SPADES KING CLUBS FIVE,0.4086,0.0064,0.585
SPADES QUEEN CLUBS FIVE,0.427,0.0102,0.5628
SPADES ACE CLUBS FIVE,0.423,0.004,0.573
HEARTS SEVEN DIAMONDS JACK,0.2608,0.0656,0.6736
DIAMONDS JACK HEARTS NINE,0.3612,0.017,0.6218
DIAMONDS JACK HEARTS EIGHT,0.3606,0.0134,0.626
DIAMONDS KING DIAMONDS JACK,0.3416,0.0032,0.6552
HEARTS THREE DIAMONDS JACK,0.439,0.022,0.539
SPADES ACE SPADES SIX,0.2754,0.0262,0.6984
HEARTS ACE SPADES FOUR,0.4028,0.0058,0.5914
DIAMONDS QUEEN DIAMONDS JACK,0.331,0.0104,0.6586
HEARTS TWO DIAMONDS JACK,0.4434,0.0196,0.537
HEARTS FIVE DIAMONDS JACK,0.4288,0.0184,0.5528
SPADES QUEEN SPADES SIX,0.2836,0.0454,0.671
SPADES FOUR HEARTS QUEEN,0.4212,0.0126,0.5662
DIAMONDS ACE DIAMONDS JACK,0.3398,0.0032,0.657
HEARTS FOUR DIAMONDS JACK,0.4332,0.0196,0.5472
SPADES KING SPADES SIX,0.2808,0.0352,0.684
SPADES FOUR HEARTS KING,0.4348,0.0088,0.5564
SPADES TEN SPADES SIX,0.2604,0.0768,0.6628
SPADES JACK SPADES SIX,0.2776,0.0568,0.6656
SPADES FOUR DIAMONDS JACK,0.4426,0.0178,0.5396
SPADES FIVE DIAMONDS JACK,0.4218,0.0146,0.5636
DIAMONDS JACK SPADES TWO,0.442,0.0194,0.5386
SPADES THREE DIAMONDS JACK,0.4272,0.0206,0.5522
SPADES ACE DIAMONDS THREE,0.4206,0.0054,0.574
SPADES QUEEN DIAMONDS THREE,0.4288,0.0124,0.5588
CLUBS EIGHT DIAMONDS JACK,0.3596,0.0164,0.624
SPADES KING DIAMONDS THREE,0.4214,0.0102,0.5684
CLUBS NINE DIAMONDS JACK,0.361,0.0148,0.6242
CLUBS SIX DIAMONDS JACK,0.2904,0.0582,0.6514
CLUBS SEVEN DIAMONDS JACK,0.2612,0.0572,0.6816
CLUBS FOUR DIAMONDS JACK,0.4284,0.0206,0.551
CLUBS FIVE DIAMONDS JACK,0.422,0.0166,0.5614
CLUBS TWO DIAMONDS JACK,0.4368,0.017,0.5462
CLUBS THREE DIAMONDS JACK,0.439,0.0194,0.5416
SPADES TEN CLUBS FIVE,0.41,0.0258,0.5642
SPADES JACK CLUBS FIVE,0.4162,0.0158,0.568
SPADES JACK DIAMONDS THREE,0.4248,0.0184,0.5568
CLUBS SEVEN CLUBS ACE,0.2588,0.0212,0.72
DIAMONDS THREE SPADES TEN,0.4276,0.029,0.5434
CLUBS SEVEN CLUBS QUEEN,0.2752,0.0432,0.6816
CLUBS SEVEN CLUBS KING,0.2604,0.0326,0.707
SPADES NINE DIAMONDS JACK,0.3592,0.0184,0.6224
CLUBS TEN CLUBS SEVEN,0.2498,0.0758,0.6744
DIAMONDS ACE HEARTS ACE,0.1796,0.003,0.8174
HEARTS FOUR HEARTS ACE,0.3966,0.0044,0.599
SPADES EIGHT DIAMONDS JACK,0.3564,0.0204,0.6232
CLUBS SEVEN CLUBS JACK,0.2614,0.0552,0.6834
DIAMONDS ACE HEARTS KING,0.376,0.0044,0.6196
HEARTS FOUR HEARTS KING,0.4002,0.0092,0.5906
DIAMONDS ACE HEARTS QUEEN,0.367,0.005,0.628
HEARTS FOUR HEARTS QUEEN,0.4176,0.0134,0.569
SPADES SIX DIAMONDS JACK,0.2996,0.0544,0.646
SPADES TWO DIAMONDS TEN,0.4412,0.022,0.5368
SPADES THREE DIAMONDS TEN,0.4488,0.0284,0.5228
SPADES FOUR DIAMONDS TEN,0.426,0.0304,0.5436
SPADES FIVE DIAMONDS TEN,0.4414,0.0246,0.534
SPADES SIX DIAMONDS TEN,0.2852,0.0716,0.6432
SPADES EIGHT DIAMONDS TEN,0.356,0.0268,0.6172
SPADES NINE DIAMONDS TEN,0.3542,0.0236,0.6222
CLUBS FOUR DIAMONDS TEN,0.4262,0.0278,0.546
CLUBS FIVE DIAMONDS TEN,0.4254,0.0288,0.5458
CLUBS SIX DIAMONDS TEN,0.2904,0.0718,0.6378
CLUBS SEVEN DIAMONDS TEN,0.2706,0.0802,0.6492
CLUBS EIGHT DIAMONDS TEN,0.3644,0.028,0.6076
CLUBS NINE DIAMONDS TEN,0.354,0.0238,0.6222
DIAMONDS THREE CLUBS JACK,0.4338,0.0172,0.549
CLUBS TEN DIAMONDS THREE,0.4362,0.0294,0.5344
DIAMONDS THREE CLUBS KING,0.4438,0.0068,0.5494
DIAMONDS THREE CLUBS QUEEN,0.4406,0.012,0.5474
DIAMONDS THREE CLUBS ACE,0.4252,0.005,0.5698
SPADES FOUR HEARTS JACK,0.4262,0.0218,0.552
SPADES FOUR HEARTS TEN,0.4232,0.0268,0.55
SPADES FIVE SPADES TWO,0.5622,0.0936,0.3442
SPADES FOUR SPADES TWO,0.5568,0.0972,0.346
SPADES THREE SPADES TWO,0.5486,0.09,0.3614
SPADES NINE SPADES TWO,0.4344,0.044,0.5216
SPADES EIGHT SPADES TWO,0.4244,0.0594,0.5162
SPADES SIX SPADES TWO,0.5658,0.1896,0.2446
DIAMONDS QUEEN CLUBS THREE,0.4104,0.0118,0.5778
CLUBS THREE HEARTS TWO,0.585,0.0938,0.3212
DIAMONDS QUEEN CLUBS TWO,0.4394,0.0106,0.55
HEARTS TWO CLUBS TWO,0.4122,0.1112,0.4766
HEARTS SEVEN DIAMONDS QUEEN,0.2824,0.0392,0.6784
HEARTS SEVEN HEARTS TWO,0.4002,0.3612,0.2386
DIAMONDS QUEEN HEARTS NINE,0.3608,0.01,0.6292
HEARTS TWO HEARTS NINE,0.4072,0.0426,0.5502
DIAMONDS QUEEN HEARTS EIGHT,0.3606,0.0118,0.6276
HEARTS TWO HEARTS EIGHT,0.4184,0.0604,0.5212
CLUBS NINE HEARTS TWO,0.4332,0.041,0.5258
CLUBS NINE DIAMONDS QUEEN,0.3688,0.0084,0.6228
CLUBS EIGHT HEARTS TWO,0.44,0.0588,0.5012
CLUBS EIGHT DIAMONDS QUEEN,0.3644,0.009,0.6266
CLUBS FIVE DIAMONDS QUEEN,0.416,0.0126,0.5714
CLUBS FIVE HEARTS TWO,0.5752,0.1014,0.3234
SPADES EIGHT HEARTS ACE,0.3692,0.0044,0.6264
DIAMONDS QUEEN CLUBS FOUR,0.4386,0.0132,0.5482
HEARTS TWO CLUBS FOUR,0.587,0.0972,0.3158
CLUBS SEVEN DIAMONDS QUEEN,0.2992,0.0452,0.6556
CLUBS SEVEN HEARTS TWO,0.4256,0.375,0.1994
SPADES EIGHT HEARTS QUEEN,0.3622,0.0144,0.6234
CLUBS SIX DIAMONDS QUEEN,0.2982,0.0416,0.6602
CLUBS SIX HEARTS TWO,0.5992,0.1958,0.205
SPADES EIGHT HEARTS KING,0.3542,0.0076,0.6382
DIAMONDS QUEEN SPADES SIX,0.2998,0.0434,0.6568
HEARTS TWO SPADES SIX,0.596,0.2028,0.2012
HEARTS FOUR CLUBS QUEEN,0.4258,0.0112,0.563
DIAMONDS ACE CLUBS QUEEN,0.3638,0.0028,0.6334
HEARTS FOUR CLUBS KING,0.434,0.0064,0.5596
DIAMONDS ACE CLUBS KING,0.3678,0.004,0.6282
DIAMONDS QUEEN SPADES EIGHT,0.367,0.0132,0.6198
SPADES EIGHT HEARTS TWO,0.4444,0.069,0.4866
HEARTS FOUR CLUBS ACE,0.4288,0.0036,0.5676
DIAMONDS ACE CLUBS ACE,0.1894,0.0022,0.8084
SPADES NINE DIAMONDS QUEEN,0.3632,0.0112,0.6256
SPADES NINE HEARTS TWO,0.437,0.0486,0.5144
HEARTS TWO SPADES TWO,0.4142,0.1038,0.482
DIAMONDS QUEEN SPADES TWO,0.4478,0.0122,0.54
HEARTS TWO SPADES THREE,0.5902,0.0938,0.316
DIAMONDS QUEEN SPADES THREE,0.4312,0.0144,0.5544
HEARTS TWO SPADES FOUR,0.6034,0.0984,0.2982
DIAMONDS QUEEN SPADES FOUR,0.4116,0.0106,0.5778
HEARTS FOUR CLUBS TEN,0.4358,0.031,0.5332
CLUBS TEN DIAMONDS ACE,0.3688,0.0024,0.6288
HEARTS TWO SPADES FIVE,0.5894,0.0974,0.3132
DIAMONDS QUEEN SPADES FIVE,0.4224,0.0134,0.5642
HEARTS FOUR CLUBS JACK,0.434,0.0192,0.5468
DIAMONDS ACE CLUBS JACK,0.3746,0.0042,0.6212
CLUBS FIVE CLUBS KING,0.3842,0.0098,0.606
CLUBS FIVE CLUBS QUEEN,0.3874,0.0144,0.5982
CLUBS FIVE CLUBS ACE,0.394,0.0046,0.6014
CLUBS FIVE CLUBS JACK,0.3986,0.0196,0.5818
CLUBS TEN CLUBS FIVE,0.409,0.0262,0.5648
SPADES KING CLUBS JACK,0.3686,0.0068,0.6246
SPADES QUEEN CLUBS JACK,0.3314,0.0112,0.6574
SPADES ACE CLUBS JACK,0.3604,0.0044,0.6352
SPADES SIX CLUBS KING,0.308,0.0346,0.6574
SPADES SIX CLUBS QUEEN,0.2968,0.0448,0.6584
SPADES EIGHT HEARTS JACK,0.3474,0.017,0.6356
SPADES SIX CLUBS ACE,0.2918,0.022,0.6862
SPADES EIGHT HEARTS TEN,0.3534,0.0248,0.6218
SPADES SIX CLUBS JACK,0.2958,0.0564,0.6478
CLUBS TEN SPADES SIX,0.2846,0.0766,0.6388
SPADES TEN CLUBS JACK,0.3484,0.0146,0.637
SPADES JACK CLUBS JACK,0.1854,0.0424,0.7722
SPADES QUEEN CLUBS SEVEN,0.2818,0.0448,0.6734
SPADES KING CLUBS SEVEN,0.284,0.0392,0.6768
SPADES ACE CLUBS SEVEN,0.2736,0.0326,0.6938
SPADES SIX HEARTS TEN,0.2692,0.083,0.6478
SPADES SIX HEARTS JACK,0.2826,0.0572,0.6602
SPADES SIX HEARTS ACE,0.3068,0.0212,0.672
SPADES SIX HEARTS KING,0.2998,0.0322,0.668
SPADES SIX HEARTS QUEEN,0.3028,0.0444,0.6528
CLUBS SEVEN SPADES JACK,0.2528,0.0644,0.6828
CLUBS SEVEN SPADES TEN,0.2726,0.0756,0.6518
CLUBS ACE CLUBS JACK,0.3498,0.0032,0.647
CLUBS QUEEN CLUBS JACK,0.335,0.0082,0.6568
CLUBS KING CLUBS JACK,0.3486,0.005,0.6464
DIAMONDS THREE HEARTS ACE,0.4104,0.004,0.5856
DIAMONDS THREE HEARTS QUEEN,0.4314,0.0114,0.5572
DIAMONDS THREE HEARTS KING,0.4366,0.006,0.5574
CLUBS FIVE HEARTS JACK,0.4158,0.0166,0.5676
SPADES TEN DIAMONDS ACE,0.3622,0.0032,0.6346
HEARTS FOUR SPADES TEN,0.4306,0.0246,0.5448
CLUBS FIVE HEARTS TEN,0.4392,0.0256,0.5352
HEARTS FOUR SPADES JACK,0.4146,0.0188,0.5666
SPADES JACK DIAMONDS ACE,0.3562,0.0026,0.6412
SPADES ACE HEARTS FOUR,0.4268,0.0054,0.5678
SPADES ACE DIAMONDS ACE,0.1782,0.003,0.8188
CLUBS FIVE HEARTS ACE,0.4078,0.0032,0.589
CLUBS FIVE HEARTS KING,0.4182,0.0078,0.574
HEARTS FOUR SPADES QUEEN,0.4386,0.012,0.5494
SPADES QUEEN DIAMONDS ACE,0.3684,0.003,0.6286
SPADES FOUR CLUBS JACK,0.4368,0.0222,0.541
CLUBS FIVE HEARTS QUEEN,0.4216,0.0132,0.5652
SPADES KING DIAMONDS ACE,0.3782,0.0042,0.6176
HEARTS FOUR SPADES KING,0.4282,0.0094,0.5624
CLUBS TEN SPADES FOUR,0.4188,0.0254,0.5558
DIAMONDS QUEEN DIAMONDS ACE,0.355,0.0054,0.6396
HEARTS TWO DIAMONDS ACE,0.43,0.0042,0.5658
HEARTS FOUR DIAMONDS QUEEN,0.437,0.0142,0.5488
HEARTS FOUR HEARTS TWO,0.5572,0.0982,0.3446
DIAMONDS THREE HEARTS TEN,0.4336,0.0296,0.5368
SPADES FOUR CLUBS KING,0.4412,0.0092,0.5496
HEARTS FIVE DIAMONDS QUEEN,0.4252,0.0126,0.5622
HEARTS FIVE HEARTS TWO,0.5648,0.088,0.3472
DIAMONDS THREE HEARTS JACK,0.431,0.0212,0.5478
SPADES FOUR CLUBS QUEEN,0.435,0.0156,0.5494
DIAMONDS QUEEN HEARTS TWO,0.442,0.0142,0.5438
DIAMONDS KING DIAMONDS QUEEN,0.337,0.0074,0.6556
DIAMONDS KING HEARTS TWO,0.4348,0.0084,0.5568
HEARTS THREE DIAMONDS QUEEN,0.4404,0.0142,0.5454
HEARTS THREE HEARTS TWO,0.57,0.089,0.341
SPADES FOUR CLUBS ACE,0.4388,0.006,0.5552
HEARTS TWO CLUBS ACE,0.4118,0.0042,0.584
DIAMONDS QUEEN CLUBS ACE,0.3604,0.004,0.6356
HEARTS TWO CLUBS QUEEN,0.443,0.0134,0.5436
DIAMONDS QUEEN CLUBS QUEEN,0.2006,0.0284,0.771
HEARTS TWO CLUBS KING,0.4388,0.009,0.5522
DIAMONDS QUEEN CLUBS KING,0.3704,0.0046,0.625
SPADES EIGHT SPADES FIVE,0.3824,0.0632,0.5544
CLUBS TEN HEARTS TWO,0.4498,0.0252,0.525
CLUBS TEN DIAMONDS QUEEN,0.3696,0.011,0.6194
SPADES NINE SPADES FIVE,0.4,0.0442,0.5558
HEARTS TWO CLUBS JACK,0.4364,0.0184,0.5452
DIAMONDS QUEEN CLUBS JACK,0.3598,0.0082,0.632
SPADES SIX SPADES FIVE,0.541,0.195,0.264
DIAMONDS FIVE CLUBS QUEEN,0.422,0.0134,0.5646
SPADES EIGHT CLUBS ACE,0.3616,0.0034,0.635
DIAMONDS FIVE CLUBS KING,0.4138,0.008,0.5782
SPADES EIGHT CLUBS KING,0.373,0.006,0.621
CLUBS ACE DIAMONDS FIVE,0.419,0.0038,0.5772
SPADES EIGHT CLUBS QUEEN,0.365,0.0106,0.6244
SPADES EIGHT CLUBS JACK,0.362,0.0176,0.6204
CLUBS TEN SPADES EIGHT,0.3584,0.027,0.6146
CLUBS TEN DIAMONDS FIVE,0.4128,0.0232,0.564
DIAMONDS FIVE CLUBS JACK,0.4268,0.0192,0.554
DIAMONDS TEN HEARTS JACK,0.3384,0.0162,0.6454
DIAMONDS TEN HEARTS TEN,0.178,0.0584,0.7636
SPADES ACE CLUBS NINE,0.3724,0.0036,0.624
CLUBS NINE SPADES QUEEN,0.3712,0.01,0.6188
CLUBS NINE SPADES KING,0.37,0.0078,0.6222
SPADES KING DIAMONDS SEVEN,0.2758,0.0396,0.6846
DIAMONDS KING SPADES SIX,0.2934,0.033,0.6736
HEARTS THREE SPADES SIX,0.5896,0.2012,0.2092
