opposingHand,winningChance,drawChance,lostChance
HEARTS FOUR CLUBS THREE
HEARTS FIVE SPADES TEN,0.362,0.0308,0.6072
HEARTS FIVE SPADES JACK,0.3504,0.0226,0.627
CLUBS JACK SPADES FIVE,0.3572,0.0158,0.627
CLUBS TEN SPADES FIVE,0.371,0.0262,0.6028
CLUBS JACK CLUBS EIGHT,0.3364,0.0202,0.6434
CLUBS TEN CLUBS EIGHT,0.3466,0.0222,0.6312
CLUBS EIGHT CLUBS KING,0.3506,0.009,0.6404
SPADES FIVE CLUBS ACE,0.329,0.005,0.666
CLUBS EIGHT CLUBS QUEEN,0.3322,0.0122,0.6556
SPADES FIVE CLUBS KING,0.3436,0.011,0.6454
SPADES FIVE CLUBS QUEEN,0.35,0.014,0.636
CLUBS EIGHT CLUBS ACE,0.3328,0.0068,0.6604
DIAMONDS TWO DIAMONDS THREE,0.2746,0.4594,0.266
DIAMONDS TWO DIAMONDS FIVE,0.3564,0.2364,0.4072
HEARTS FIVE SPADES KING,0.341,0.0116,0.6474
DIAMONDS TWO DIAMONDS FOUR,0.2594,0.4792,0.2614
HEARTS FIVE SPADES QUEEN,0.3532,0.0158,0.631
DIAMONDS TWO DIAMONDS SEVEN,0.3726,0.104,0.5234
DIAMONDS TWO DIAMONDS SIX,0.3838,0.1512,0.465
SPADES ACE HEARTS FIVE,0.3236,0.0058,0.6706
DIAMONDS TWO DIAMONDS NINE,0.3736,0.0438,0.5826
DIAMONDS TWO DIAMONDS EIGHT,0.3858,0.062,0.5522
DIAMONDS THREE DIAMONDS FOUR,0.0194,0.9082,0.0724
CLUBS TWO SPADES FOUR,0.2678,0.5246,0.2076
DIAMONDS THREE DIAMONDS FIVE,0.2238,0.346,0.4302
SPADES FIVE CLUBS TWO,0.3924,0.2566,0.351
CLUBS TWO SPADES TWO,0.3268,0.169,0.5042
CLUBS TWO SPADES THREE,0.2828,0.4978,0.2194
DIAMONDS THREE DIAMONDS EIGHT,0.2588,0.1398,0.6014
SPADES EIGHT CLUBS TWO,0.4158,0.0672,0.517
DIAMONDS THREE DIAMONDS NINE,0.2562,0.1002,0.6436
SPADES NINE CLUBS TWO,0.4102,0.0468,0.543
DIAMONDS THREE DIAMONDS SIX,0.2406,0.2508,0.5086
SPADES SIX CLUBS TWO,0.4054,0.1568,0.4378
DIAMONDS THREE DIAMONDS SEVEN,0.2476,0.1828,0.5696
SPADES SEVEN CLUBS TWO,0.417,0.1068,0.4762
CLUBS SIX CLUBS TWO,0.3762,0.1562,0.4676
CLUBS SEVEN CLUBS TWO,0.3906,0.1066,0.5028
CLUBS FOUR CLUBS TWO,0.2648,0.4802,0.255
CLUBS FIVE CLUBS TWO,0.3688,0.2308,0.4004
CLUBS TEN CLUBS JACK,0.3352,0.0158,0.649
DIAMONDS FOUR DIAMONDS SIX,0.2244,0.268,0.5076
CLUBS TEN CLUBS QUEEN,0.3332,0.011,0.6558
DIAMONDS FOUR DIAMONDS SEVEN,0.2338,0.1938,0.5724
CLUBS TEN CLUBS KING,0.3374,0.0106,0.652
CLUBS TEN CLUBS ACE,0.3354,0.0058,0.6588
CLUBS EIGHT CLUBS TWO,0.3808,0.0678,0.5514
DIAMONDS FIVE DIAMONDS FOUR,0.204,0.3518,0.4442
CLUBS NINE CLUBS TWO,0.3996,0.0442,0.5562
DIAMONDS NINE DIAMONDS FOUR,0.2562,0.099,0.6448
DIAMONDS EIGHT DIAMONDS FOUR,0.2414,0.1394,0.6192
DIAMONDS NINE DIAMONDS FIVE,0.3392,0.0438,0.617
CLUBS JACK DIAMONDS TWO,0.404,0.0216,0.5744
DIAMONDS EIGHT DIAMONDS FIVE,0.3238,0.0708,0.6054
CLUBS TEN DIAMONDS TWO,0.3986,0.0308,0.5706
DIAMONDS FIVE DIAMONDS SEVEN,0.3206,0.0938,0.5856
DIAMONDS FIVE DIAMONDS SIX,0.3066,0.1408,0.5526
DIAMONDS TWO CLUBS ACE,0.3966,0.0064,0.597
DIAMONDS TWO CLUBS KING,0.3954,0.0106,0.594
DIAMONDS TWO CLUBS QUEEN,0.4074,0.0158,0.5768
DIAMONDS EIGHT DIAMONDS SIX,0.3184,0.0626,0.619
DIAMONDS NINE DIAMONDS SIX,0.3304,0.0402,0.6294
HEARTS ACE SPADES THREE,0.2454,0.0208,0.7338
SPADES THREE HEARTS KING,0.2708,0.0324,0.6968
DIAMONDS SEVEN DIAMONDS SIX,0.2982,0.095,0.6068
HEARTS QUEEN SPADES THREE,0.2844,0.0426,0.673
SPADES THREE HEARTS JACK,0.27,0.0606,0.6694
SPADES THREE HEARTS TEN,0.2674,0.0762,0.6564
DIAMONDS EIGHT DIAMONDS SEVEN,0.3226,0.0542,0.6232
DIAMONDS NINE DIAMONDS SEVEN,0.3262,0.0372,0.6366
DIAMONDS NINE DIAMONDS EIGHT,0.3084,0.039,0.6526
DIAMONDS KING HEARTS TEN,0.3408,0.0092,0.65
HEARTS THREE HEARTS TEN,0.2702,0.0778,0.652
SPADES JACK CLUBS SIX,0.3708,0.0196,0.6096
DIAMONDS KING HEARTS JACK,0.3558,0.008,0.6362
HEARTS THREE HEARTS JACK,0.2686,0.0576,0.6738
SPADES TEN CLUBS SIX,0.3652,0.0306,0.6042
SPADES JACK SPADES FIVE,0.3248,0.0216,0.6536
SPADES TEN SPADES FIVE,0.3404,0.0318,0.6278
DIAMONDS KING HEARTS ACE,0.3696,0.0042,0.6262
HEARTS THREE HEARTS ACE,0.2492,0.019,0.7318
SPADES ACE CLUBS SIX,0.3552,0.0048,0.64
DIAMONDS KING HEARTS QUEEN,0.3532,0.0088,0.638
HEARTS THREE HEARTS QUEEN,0.2566,0.0434,0.7
SPADES KING CLUBS SIX,0.3602,0.008,0.6318
DIAMONDS KING HEARTS KING,0.162,0.0214,0.8166
HEARTS THREE HEARTS KING,0.2606,0.0344,0.705
SPADES QUEEN CLUBS SIX,0.3544,0.013,0.6326
SPADES NINE HEARTS TEN,0.3426,0.0218,0.6356
SPADES NINE HEARTS JACK,0.3452,0.0154,0.6394
SPADES QUEEN SPADES FIVE,0.3318,0.0108,0.6574
SPADES KING SPADES FIVE,0.3274,0.01,0.6626
SPADES ACE SPADES FIVE,0.3252,0.0044,0.6704
SPADES NINE HEARTS QUEEN,0.341,0.011,0.648
SPADES NINE HEARTS KING,0.3634,0.0084,0.6282
SPADES NINE HEARTS ACE,0.3472,0.0056,0.6472
CLUBS TEN SPADES JACK,0.346,0.0158,0.6382
CLUBS TEN SPADES TEN,0.1762,0.068,0.7558
SPADES ACE CLUBS TEN,0.3572,0.004,0.6388
CLUBS TEN SPADES KING,0.356,0.0096,0.6344
CLUBS TEN SPADES QUEEN,0.3446,0.011,0.6444
SPADES FIVE HEARTS QUEEN,0.356,0.0154,0.6286
SPADES FIVE HEARTS KING,0.3416,0.009,0.6494
HEARTS ACE SPADES FIVE,0.3286,0.0048,0.6666
CLUBS EIGHT SPADES TEN,0.346,0.032,0.622
HEARTS THREE SPADES JACK,0.2832,0.0558,0.661
SPADES JACK DIAMONDS KING,0.358,0.0072,0.6348
SPADES TEN DIAMONDS KING,0.3658,0.0092,0.625
HEARTS THREE SPADES TEN,0.2808,0.079,0.6402
CLUBS EIGHT SPADES JACK,0.3476,0.0164,0.636
CLUBS SIX HEARTS ACE,0.3394,0.0054,0.6552
SPADES ACE CLUBS EIGHT,0.36,0.0044,0.6356
HEARTS FIVE CLUBS JACK,0.3398,0.0194,0.6408
CLUBS TEN HEARTS FIVE,0.3504,0.0326,0.617
CLUBS SIX HEARTS QUEEN,0.3462,0.0138,0.64
SPADES QUEEN CLUBS EIGHT,0.3548,0.0094,0.6358
CLUBS TEN SPADES THREE,0.2772,0.079,0.6438
CLUBS SIX HEARTS KING,0.3338,0.0062,0.66
SPADES KING CLUBS EIGHT,0.3592,0.0094,0.6314
CLUBS JACK SPADES THREE,0.2752,0.057,0.6678
DIAMONDS TWO HEARTS JACK,0.406,0.0238,0.5702
SPADES THREE CLUBS QUEEN,0.2644,0.047,0.6886
DIAMONDS TWO HEARTS TEN,0.4056,0.0348,0.5596
SPADES THREE CLUBS KING,0.2712,0.0294,0.6994
HEARTS FIVE CLUBS ACE,0.3398,0.0062,0.654
SPADES FIVE HEARTS TEN,0.3536,0.0288,0.6176
SPADES THREE CLUBS ACE,0.247,0.0198,0.7332
HEARTS FIVE CLUBS KING,0.3474,0.009,0.6436
SPADES FIVE HEARTS JACK,0.3592,0.0198,0.621
HEARTS FIVE CLUBS QUEEN,0.3402,0.0166,0.6432
HEARTS THREE CLUBS KING,0.2854,0.027,0.6876
DIAMONDS KING CLUBS KING,0.168,0.017,0.815
HEARTS THREE CLUBS QUEEN,0.2714,0.0466,0.682
DIAMONDS KING CLUBS QUEEN,0.3442,0.007,0.6488
HEARTS FIVE HEARTS JACK,0.349,0.0208,0.6302
HEARTS FIVE HEARTS TEN,0.3516,0.0292,0.6192
HEARTS THREE CLUBS ACE,0.2648,0.0184,0.7168
DIAMONDS KING CLUBS ACE,0.3526,0.0064,0.641
SPADES ACE CLUBS QUEEN,0.3442,0.0056,0.6502
SPADES KING CLUBS QUEEN,0.3658,0.0058,0.6284
CLUBS JACK HEARTS THREE,0.2748,0.061,0.6642
CLUBS JACK DIAMONDS KING,0.3528,0.007,0.6402
SPADES QUEEN CLUBS QUEEN,0.1564,0.0394,0.8042
CLUBS TEN HEARTS THREE,0.2674,0.0832,0.6494
CLUBS TEN DIAMONDS KING,0.3574,0.0092,0.6334
SPADES JACK CLUBS QUEEN,0.3446,0.0104,0.645
CLUBS SIX CLUBS QUEEN,0.3418,0.0144,0.6438
SPADES TEN CLUBS QUEEN,0.3426,0.0132,0.6442
CLUBS SIX CLUBS KING,0.3414,0.0072,0.6514
CLUBS SIX CLUBS ACE,0.346,0.0064,0.6476
HEARTS FIVE HEARTS KING,0.3462,0.011,0.6428
HEARTS FIVE HEARTS QUEEN,0.35,0.0114,0.6386
CLUBS TEN CLUBS SIX,0.341,0.027,0.632
HEARTS FIVE HEARTS ACE,0.3106,0.0066,0.6828
CLUBS JACK CLUBS SIX,0.3348,0.0196,0.6456
SPADES SEVEN HEARTS JACK,0.3628,0.023,0.6142
SPADES SEVEN HEARTS TEN,0.3534,0.0294,0.6172
DIAMONDS TWO CLUBS TWO,0.323,0.1756,0.5014
DIAMONDS TWO HEARTS SIX,0.4052,0.1584,0.4364
DIAMONDS TWO HEARTS QUEEN,0.4028,0.0152,0.582
HEARTS SEVEN DIAMONDS TWO,0.4184,0.096,0.4856
DIAMONDS TWO HEARTS KING,0.4084,0.01,0.5816
DIAMONDS TWO HEARTS EIGHT,0.4054,0.0688,0.5258
DIAMONDS TWO HEARTS ACE,0.39,0.0052,0.6048
DIAMONDS TWO HEARTS NINE,0.4086,0.0486,0.5428
DIAMONDS TWO DIAMONDS QUEEN,0.3794,0.014,0.6066
DIAMONDS TWO HEARTS TWO,0.3416,0.1724,0.486
DIAMONDS TWO DIAMONDS KING,0.3936,0.0084,0.598
HEARTS THREE DIAMONDS TWO,0.2888,0.4962,0.215
DIAMONDS TWO DIAMONDS ACE,0.378,0.0036,0.6184
HEARTS FIVE DIAMONDS TWO,0.378,0.2626,0.3594
SPADES SEVEN HEARTS ACE,0.3528,0.0048,0.6424
DIAMONDS TWO DIAMONDS TEN,0.3998,0.0336,0.5666
SPADES SEVEN HEARTS KING,0.359,0.01,0.631
DIAMONDS TWO DIAMONDS JACK,0.3888,0.0226,0.5886
SPADES SEVEN HEARTS QUEEN,0.3518,0.0122,0.636
DIAMONDS TWO SPADES NINE,0.417,0.049,0.534
DIAMONDS TWO SPADES EIGHT,0.4018,0.0708,0.5274
DIAMONDS TWO SPADES SEVEN,0.4174,0.1062,0.4764
DIAMONDS TWO SPADES SIX,0.3946,0.1646,0.4408
DIAMONDS TWO SPADES FIVE,0.3768,0.2642,0.359
DIAMONDS TWO SPADES FOUR,0.2748,0.5124,0.2128
DIAMONDS TWO SPADES THREE,0.2884,0.498,0.2136
DIAMONDS TWO SPADES TWO,0.3198,0.161,0.5192
DIAMONDS TWO CLUBS NINE,0.4086,0.0478,0.5436
CLUBS EIGHT DIAMONDS TWO,0.4066,0.076,0.5174
DIAMONDS TWO CLUBS SEVEN,0.4106,0.1042,0.4852
DIAMONDS TWO CLUBS SIX,0.3984,0.1642,0.4374
DIAMONDS TWO CLUBS FIVE,0.3786,0.2532,0.3682
DIAMONDS TWO CLUBS FOUR,0.2708,0.5132,0.216
CLUBS FOUR SPADES FIVE,0.2088,0.369,0.4222
CLUBS FOUR SPADES FOUR,0.0932,0.1452,0.7616
CLUBS FOUR SPADES THREE,0.0094,0.9718,0.0188
CLUBS FOUR SPADES TWO,0.2578,0.526,0.2162
SPADES NINE CLUBS FOUR,0.2704,0.1078,0.6218
SPADES EIGHT CLUBS FOUR,0.2462,0.1526,0.6012
CLUBS FOUR SPADES SEVEN,0.2402,0.202,0.5578
CLUBS FOUR SPADES SIX,0.2396,0.2758,0.4846
SPADES ACE DIAMONDS SIX,0.3572,0.0028,0.64
SPADES QUEEN DIAMONDS SIX,0.3528,0.0154,0.6318
SPADES KING DIAMONDS SIX,0.366,0.0052,0.6288
SPADES TEN DIAMONDS SIX,0.3762,0.0264,0.5974
SPADES JACK DIAMONDS SIX,0.3582,0.0164,0.6254
SPADES QUEEN SPADES TWO,0.3738,0.016,0.6102
SPADES KING SPADES TWO,0.387,0.0108,0.6022
SPADES ACE SPADES TWO,0.3732,0.004,0.6228
CLUBS JACK DIAMONDS JACK,0.163,0.0546,0.7824
CLUBS TEN DIAMONDS JACK,0.3466,0.0152,0.6382
DIAMONDS JACK CLUBS KING,0.3556,0.009,0.6354
DIAMONDS JACK CLUBS QUEEN,0.3564,0.0118,0.6318
DIAMONDS THREE DIAMONDS JACK,0.2636,0.0522,0.6842
DIAMONDS THREE DIAMONDS TEN,0.2764,0.0704,0.6532
DIAMONDS JACK CLUBS ACE,0.3536,0.005,0.6414
DIAMONDS THREE DIAMONDS KING,0.263,0.0292,0.7078
HEARTS THREE DIAMONDS THREE,0.2542,0.136,0.6098
DIAMONDS THREE DIAMONDS QUEEN,0.2682,0.037,0.6948
DIAMONDS THREE HEARTS TWO,0.2954,0.4904,0.2142
HEARTS FIVE DIAMONDS THREE,0.2144,0.3738,0.4118
DIAMONDS THREE DIAMONDS ACE,0.2438,0.0174,0.7388
HEARTS SEVEN DIAMONDS THREE,0.2622,0.1946,0.5432
SPADES TEN SPADES NINE,0.3262,0.0238,0.65
HEARTS SIX DIAMONDS THREE,0.2448,0.2778,0.4774
SPADES JACK SPADES NINE,0.3212,0.0174,0.6614
DIAMONDS THREE HEARTS NINE,0.2764,0.1024,0.6212
HEARTS JACK DIAMONDS FOUR,0.2742,0.06,0.6658
HEARTS ACE HEARTS KING,0.3442,0.0044,0.6514
SPADES TEN SPADES TWO,0.3818,0.0324,0.5858
DIAMONDS THREE HEARTS EIGHT,0.2742,0.1446,0.5812
HEARTS TEN DIAMONDS FOUR,0.2654,0.086,0.6486
SPADES JACK SPADES TWO,0.3912,0.0234,0.5854
HEARTS QUEEN DIAMONDS FOUR,0.2638,0.0482,0.688
HEARTS KING DIAMONDS FOUR,0.261,0.0348,0.7042
SPADES ACE SPADES NINE,0.317,0.0052,0.6778
HEARTS ACE DIAMONDS FOUR,0.2476,0.0222,0.7302
SPADES KING SPADES NINE,0.3364,0.008,0.6556
SPADES QUEEN SPADES NINE,0.3292,0.0092,0.6616
DIAMONDS THREE SPADES NINE,0.281,0.1008,0.6182
DIAMONDS THREE SPADES EIGHT,0.2708,0.1488,0.5804
DIAMONDS THREE SPADES SEVEN,0.2646,0.2056,0.5298
DIAMONDS THREE SPADES SIX,0.252,0.2818,0.4662
DIAMONDS THREE CLUBS SIX,0.2452,0.2642,0.4906
CLUBS SIX CLUBS FIVE,0.31,0.1378,0.5522
CLUBS ACE DIAMONDS FOUR,0.255,0.0196,0.7254
DIAMONDS THREE CLUBS SEVEN,0.262,0.2034,0.5346
CLUBS SEVEN CLUBS FIVE,0.3252,0.1026,0.5722
DIAMONDS THREE CLUBS FOUR,0.0096,0.9746,0.0158
DIAMONDS FOUR CLUBS QUEEN,0.2758,0.048,0.6762
DIAMONDS THREE CLUBS FIVE,0.214,0.3802,0.4058
DIAMONDS FOUR CLUBS KING,0.2592,0.0378,0.703
DIAMONDS THREE CLUBS TWO,0.2906,0.4916,0.2178
CLUBS TEN DIAMONDS FOUR,0.2632,0.0868,0.65
CLUBS JACK DIAMONDS FOUR,0.2716,0.0602,0.6682
DIAMONDS THREE SPADES FOUR,0.0228,0.9566,0.0206
DIAMONDS THREE SPADES FIVE,0.2204,0.3696,0.41
DIAMONDS THREE SPADES TWO,0.2908,0.4966,0.2126
DIAMONDS THREE SPADES THREE,0.253,0.128,0.619
CLUBS EIGHT DIAMONDS THREE,0.2668,0.1568,0.5764
CLUBS NINE DIAMONDS THREE,0.2802,0.107,0.6128
SPADES SEVEN CLUBS ACE,0.3612,0.0064,0.6324
SPADES SEVEN CLUBS QUEEN,0.3598,0.0118,0.6284
SPADES SEVEN CLUBS KING,0.353,0.0094,0.6376
SPADES SEVEN CLUBS FIVE,0.339,0.1014,0.5596
CLUBS TEN SPADES SEVEN,0.3468,0.0304,0.6228
CLUBS FIVE SPADES SIX,0.3186,0.154,0.5274
CLUBS JACK SPADES SEVEN,0.3596,0.0176,0.6228
SPADES NINE CLUBS FIVE,0.3562,0.0414,0.6024
SPADES EIGHT CLUBS FIVE,0.3272,0.0658,0.607
CLUBS FIVE SPADES THREE,0.219,0.3756,0.4054
CLUBS FIVE SPADES TWO,0.3778,0.2408,0.3814
CLUBS FIVE SPADES FIVE,0.1126,0.1464,0.741
CLUBS FIVE SPADES FOUR,0.2184,0.3724,0.4092
CLUBS NINE CLUBS FIVE,0.3378,0.0404,0.6218
CLUBS EIGHT CLUBS FIVE,0.3216,0.0648,0.6136
CLUBS ACE CLUBS QUEEN,0.3428,0.006,0.6512
CLUBS KING CLUBS QUEEN,0.3396,0.0066,0.6538
DIAMONDS TEN DIAMONDS FOUR,0.2578,0.0864,0.6558
CLUBS TEN DIAMONDS NINE,0.3526,0.024,0.6234
DIAMONDS JACK DIAMONDS FOUR,0.255,0.0606,0.6844
CLUBS JACK DIAMONDS NINE,0.3526,0.015,0.6324
CLUBS JACK SPADES NINE,0.3404,0.0172,0.6424
CLUBS TEN SPADES NINE,0.3332,0.0308,0.636
DIAMONDS ACE DIAMONDS FOUR,0.2398,0.0206,0.7396
DIAMONDS JACK HEARTS TEN,0.3598,0.0158,0.6244
SPADES NINE CLUBS KING,0.3594,0.008,0.6326
DIAMONDS TWO SPADES TEN,0.4162,0.0288,0.555
DIAMONDS NINE CLUBS ACE,0.349,0.007,0.644
HEARTS FIVE DIAMONDS FOUR,0.2082,0.3664,0.4254
DIAMONDS JACK HEARTS JACK,0.161,0.0548,0.7842
SPADES NINE CLUBS QUEEN,0.3562,0.016,0.6278
DIAMONDS TWO SPADES JACK,0.4142,0.0242,0.5616
DIAMONDS QUEEN DIAMONDS FOUR,0.266,0.047,0.687
HEARTS TWO DIAMONDS FOUR,0.2746,0.516,0.2094
DIAMONDS NINE CLUBS QUEEN,0.3386,0.0114,0.65
DIAMONDS KING DIAMONDS FOUR,0.2528,0.0336,0.7136
HEARTS THREE DIAMONDS FOUR,0.0172,0.9696,0.0132
SPADES NINE CLUBS ACE,0.3518,0.0044,0.6438
DIAMONDS NINE CLUBS KING,0.3406,0.0066,0.6528
HEARTS ACE DIAMONDS JACK,0.3522,0.0046,0.6432
SPADES ACE DIAMONDS TWO,0.4008,0.006,0.5932
HEARTS QUEEN DIAMONDS JACK,0.3488,0.011,0.6402
SPADES QUEEN DIAMONDS TWO,0.4084,0.0144,0.5772
DIAMONDS JACK HEARTS KING,0.3578,0.0066,0.6356
SPADES KING DIAMONDS TWO,0.4064,0.0094,0.5842
SPADES JACK SPADES SEVEN,0.3356,0.0204,0.644
SPADES TEN SPADES SEVEN,0.3374,0.0264,0.6362
SPADES TWO DIAMONDS FOUR,0.2792,0.5098,0.211
SPADES THREE DIAMONDS FOUR,0.0228,0.958,0.0192
SPADES FOUR DIAMONDS FOUR,0.1114,0.1306,0.758
SPADES FIVE DIAMONDS FOUR,0.2246,0.3656,0.4098
SPADES SIX DIAMONDS FOUR,0.2494,0.2682,0.4824
SPADES SEVEN DIAMONDS FOUR,0.2714,0.1878,0.5408
SPADES EIGHT DIAMONDS FOUR,0.2582,0.148,0.5938
SPADES NINE DIAMONDS FOUR,0.2758,0.1114,0.6128
CLUBS FIVE DIAMONDS FOUR,0.2138,0.3692,0.417
CLUBS FOUR DIAMONDS FOUR,0.0984,0.1402,0.7614
CLUBS SEVEN DIAMONDS FOUR,0.2514,0.2078,0.5408
CLUBS SIX DIAMONDS FOUR,0.2316,0.275,0.4934
CLUBS NINE DIAMONDS FOUR,0.2682,0.1108,0.621
CLUBS EIGHT DIAMONDS FOUR,0.2454,0.1458,0.6088
HEARTS SEVEN DIAMONDS FOUR,0.243,0.2098,0.5472
HEARTS SIX DIAMONDS FOUR,0.2448,0.287,0.4682
DIAMONDS FOUR HEARTS NINE,0.2688,0.1106,0.6206
DIAMONDS FOUR HEARTS EIGHT,0.2454,0.1534,0.6012
CLUBS TWO DIAMONDS FOUR,0.2768,0.5164,0.2068
DIAMONDS TEN DIAMONDS FIVE,0.3438,0.0288,0.6274
DIAMONDS JACK DIAMONDS FIVE,0.3284,0.0198,0.6518
DIAMONDS NINE HEARTS QUEEN,0.3436,0.0106,0.6458
DIAMONDS NINE HEARTS KING,0.3638,0.0058,0.6304
HEARTS ACE DIAMONDS NINE,0.347,0.0056,0.6474
DIAMONDS NINE HEARTS TEN,0.3532,0.0228,0.624
DIAMONDS NINE HEARTS JACK,0.3548,0.0186,0.6266
CLUBS KING DIAMONDS SIX,0.3508,0.0088,0.6404
CLUBS QUEEN DIAMONDS SIX,0.3552,0.0104,0.6344
CLUBS ACE DIAMONDS SIX,0.3686,0.0062,0.6252
SPADES KING DIAMONDS FOUR,0.2778,0.0312,0.691
SPADES ACE SPADES SEVEN,0.3192,0.0042,0.6766
SPADES QUEEN DIAMONDS FOUR,0.2772,0.0486,0.6742
SPADES QUEEN SPADES SEVEN,0.3362,0.0112,0.6526
CLUBS JACK DIAMONDS SIX,0.361,0.0198,0.6192
SPADES KING SPADES SEVEN,0.3462,0.0096,0.6442
SPADES ACE DIAMONDS FOUR,0.2422,0.0226,0.7352
CLUBS TEN DIAMONDS SIX,0.3496,0.0286,0.6218
CLUBS NINE CLUBS FOUR,0.2444,0.103,0.6526
CLUBS EIGHT CLUBS FOUR,0.2374,0.1464,0.6162
SPADES JACK DIAMONDS FOUR,0.2832,0.0584,0.6584
SPADES TEN DIAMONDS FOUR,0.273,0.0794,0.6476
CLUBS FOUR CLUBS FIVE,0.2078,0.3484,0.4438
CLUBS SEVEN CLUBS FOUR,0.2432,0.1946,0.5622
CLUBS SIX CLUBS FOUR,0.2394,0.2584,0.5022
CLUBS SEVEN SPADES EIGHT,0.3266,0.0556,0.6178
SPADES NINE CLUBS SEVEN,0.3474,0.0446,0.608
CLUBS SEVEN SPADES SIX,0.3314,0.0984,0.5702
CLUBS SEVEN SPADES SEVEN,0.1332,0.1128,0.754
CLUBS SEVEN SPADES FIVE,0.3334,0.1066,0.56
CLUBS SEVEN SPADES FOUR,0.249,0.1986,0.5524
CLUBS SEVEN SPADES THREE,0.2636,0.1998,0.5366
CLUBS SEVEN SPADES TWO,0.402,0.1084,0.4896
CLUBS NINE CLUBS SEVEN,0.3284,0.0376,0.634
CLUBS EIGHT CLUBS SEVEN,0.3096,0.0566,0.6338
HEARTS SIX DIAMONDS FIVE,0.3048,0.1524,0.5428
HEARTS SEVEN DIAMONDS FIVE,0.3454,0.0956,0.559
DIAMONDS FIVE HEARTS EIGHT,0.3428,0.0738,0.5834
DIAMONDS FIVE HEARTS NINE,0.3502,0.046,0.6038
DIAMONDS QUEEN DIAMONDS FIVE,0.3394,0.0124,0.6482
HEARTS TWO DIAMONDS FIVE,0.3986,0.2592,0.3422
HEARTS KING HEARTS EIGHT,0.3392,0.0086,0.6522
DIAMONDS KING DIAMONDS FIVE,0.3392,0.0076,0.6532
HEARTS THREE DIAMONDS FIVE,0.2268,0.378,0.3952
HEARTS QUEEN HEARTS EIGHT,0.3374,0.0146,0.648
DIAMONDS ACE DIAMONDS FIVE,0.3192,0.0064,0.6744
HEARTS FIVE DIAMONDS FIVE,0.1188,0.1522,0.729
HEARTS ACE HEARTS EIGHT,0.3518,0.0066,0.6416
CLUBS FOUR DIAMONDS FIVE,0.21,0.3694,0.4206
CLUBS FIVE DIAMONDS FIVE,0.1206,0.1548,0.7246
CLUBS SIX DIAMONDS FIVE,0.3126,0.1644,0.523
CLUBS SEVEN DIAMONDS FIVE,0.3286,0.1064,0.565
CLUBS TWO DIAMONDS FIVE,0.3924,0.2512,0.3564
SPADES THREE DIAMONDS FIVE,0.2218,0.3684,0.4098
SPADES TWO DIAMONDS FIVE,0.3818,0.2512,0.367
SPADES JACK DIAMONDS EIGHT,0.3492,0.0162,0.6346
SPADES FIVE DIAMONDS FIVE,0.1324,0.1544,0.7132
CLUBS TEN HEARTS JACK,0.333,0.0184,0.6486
SPADES TEN DIAMONDS EIGHT,0.34,0.0234,0.6366
SPADES FOUR DIAMONDS FIVE,0.2216,0.3578,0.4206
CLUBS JACK HEARTS JACK,0.1518,0.0482,0.8
HEARTS JACK CLUBS QUEEN,0.357,0.0126,0.6304
CLUBS NINE DIAMONDS FIVE,0.3522,0.0478,0.6
CLUBS EIGHT DIAMONDS FIVE,0.3364,0.0634,0.6002
HEARTS JACK CLUBS KING,0.3452,0.0088,0.646
CLUBS ACE HEARTS JACK,0.356,0.0048,0.6392
SPADES SEVEN DIAMONDS FIVE,0.3366,0.0996,0.5638
SPADES KING DIAMONDS EIGHT,0.3562,0.0088,0.635
SPADES QUEEN DIAMONDS EIGHT,0.3568,0.0124,0.6308
SPADES SIX DIAMONDS FIVE,0.3202,0.1522,0.5276
SPADES NINE DIAMONDS FIVE,0.3462,0.0422,0.6116
SPADES EIGHT DIAMONDS FIVE,0.3376,0.0682,0.5942
SPADES ACE DIAMONDS EIGHT,0.369,0.0048,0.6262
DIAMONDS TEN DIAMONDS SIX,0.3478,0.0292,0.623
HEARTS ACE DIAMONDS SEVEN,0.353,0.0064,0.6406
DIAMONDS JACK DIAMONDS SIX,0.3332,0.0214,0.6454
HEARTS QUEEN DIAMONDS SEVEN,0.3528,0.0132,0.634
HEARTS KING DIAMONDS SEVEN,0.3574,0.0062,0.6364
DIAMONDS ACE DIAMONDS SIX,0.3212,0.0058,0.673
SPADES TWO HEARTS JACK,0.4102,0.0214,0.5684
HEARTS FIVE DIAMONDS SIX,0.3242,0.1588,0.517
SPADES TWO HEARTS TEN,0.4022,0.0342,0.5636
DIAMONDS QUEEN DIAMONDS SIX,0.3362,0.0134,0.6504
HEARTS TWO DIAMONDS SIX,0.3994,0.1604,0.4402
DIAMONDS KING DIAMONDS SIX,0.345,0.008,0.647
HEARTS THREE DIAMONDS SIX,0.2482,0.2754,0.4764
HEARTS EIGHT DIAMONDS SIX,0.3364,0.0658,0.5978
HEARTS NINE DIAMONDS SIX,0.3402,0.0446,0.6152
HEARTS SIX DIAMONDS SIX,0.136,0.1374,0.7266
HEARTS SEVEN DIAMONDS SIX,0.3284,0.0952,0.5764
HEARTS TEN DIAMONDS SEVEN,0.3656,0.027,0.6074
CLUBS TWO DIAMONDS SIX,0.4042,0.1604,0.4354
HEARTS JACK DIAMONDS SEVEN,0.351,0.0198,0.6292
CLUBS SEVEN DIAMONDS SIX,0.3186,0.0942,0.5872
CLUBS JACK DIAMONDS EIGHT,0.347,0.0204,0.6326
CLUBS SIX DIAMONDS SIX,0.132,0.1266,0.7414
CLUBS TEN DIAMONDS EIGHT,0.3442,0.0272,0.6286
CLUBS FIVE DIAMONDS SIX,0.3196,0.1534,0.527
CLUBS FOUR DIAMONDS SIX,0.2366,0.277,0.4864
HEARTS ACE HEARTS JACK,0.3398,0.0052,0.655
DIAMONDS EIGHT CLUBS ACE,0.3442,0.0052,0.6506
HEARTS QUEEN HEARTS JACK,0.3296,0.013,0.6574
DIAMONDS EIGHT CLUBS KING,0.3506,0.0086,0.6408
CLUBS NINE DIAMONDS SIX,0.3478,0.0412,0.611
HEARTS KING HEARTS JACK,0.3392,0.0074,0.6534
CLUBS EIGHT DIAMONDS SIX,0.3312,0.0684,0.6004
DIAMONDS EIGHT CLUBS QUEEN,0.353,0.011,0.636
SPADES TEN HEARTS KING,0.3522,0.0104,0.6374
SPADES FIVE DIAMONDS SIX,0.3182,0.1464,0.5354
HEARTS ACE SPADES TWO,0.393,0.0064,0.6006
SPADES JACK HEARTS KING,0.355,0.0076,0.6374
SPADES FOUR DIAMONDS SIX,0.241,0.28,0.479
SPADES THREE DIAMONDS SIX,0.2428,0.2708,0.4864
HEARTS QUEEN SPADES TWO,0.4118,0.0178,0.5704
SPADES ACE SPADES KING,0.3282,0.0036,0.6682
HEARTS KING SPADES TWO,0.4204,0.0108,0.5688
SPADES TWO DIAMONDS SIX,0.3922,0.1678,0.44
HEARTS TEN HEARTS EIGHT,0.3316,0.0322,0.6362
SPADES NINE DIAMONDS SIX,0.352,0.0434,0.6046
HEARTS JACK HEARTS EIGHT,0.3328,0.0148,0.6524
SPADES EIGHT DIAMONDS SIX,0.3366,0.0662,0.5972
SPADES SEVEN DIAMONDS SIX,0.3408,0.0898,0.5694
SPADES SIX DIAMONDS SIX,0.1406,0.1316,0.7278
SPADES KING HEARTS KING,0.1564,0.0192,0.8244
SPADES QUEEN HEARTS KING,0.357,0.0078,0.6352
CLUBS ACE CLUBS KING,0.3376,0.0056,0.6568
SPADES ACE HEARTS KING,0.3516,0.0054,0.643
SPADES ACE HEARTS JACK,0.354,0.004,0.642
SPADES QUEEN HEARTS JACK,0.3542,0.013,0.6328
SPADES KING HEARTS JACK,0.358,0.0066,0.6354
SPADES TEN DIAMONDS TEN,0.1722,0.0654,0.7624
SPADES JACK DIAMONDS TEN,0.3382,0.017,0.6448
SPADES ACE DIAMONDS TEN,0.3562,0.0046,0.6392
SPADES JACK HEARTS JACK,0.1628,0.0524,0.7848
SPADES TEN HEARTS JACK,0.3374,0.0178,0.6448
SPADES QUEEN DIAMONDS TEN,0.356,0.0106,0.6334
SPADES KING DIAMONDS TEN,0.3514,0.0078,0.6408
SPADES NINE DIAMONDS SEVEN,0.3584,0.0424,0.5992
SPADES EIGHT DIAMONDS SEVEN,0.3322,0.0684,0.5994
SPADES SEVEN DIAMONDS SEVEN,0.1522,0.1122,0.7356
SPADES SIX DIAMONDS SEVEN,0.338,0.0998,0.5622
DIAMONDS KING DIAMONDS SEVEN,0.3426,0.0096,0.6478
HEARTS THREE DIAMONDS SEVEN,0.2632,0.1918,0.545
HEARTS KING DIAMONDS FIVE,0.3594,0.0094,0.6312
DIAMONDS QUEEN DIAMONDS SEVEN,0.3398,0.0112,0.649
HEARTS TWO DIAMONDS SEVEN,0.4166,0.104,0.4794
HEARTS QUEEN DIAMONDS FIVE,0.3584,0.0152,0.6264
HEARTS FIVE DIAMONDS SEVEN,0.3288,0.108,0.5632
DIAMONDS ACE DIAMONDS SEVEN,0.3336,0.0038,0.6626
HEARTS ACE DIAMONDS FIVE,0.3408,0.0056,0.6536
HEARTS SEVEN DIAMONDS SEVEN,0.1532,0.1194,0.7274
HEARTS SIX DIAMONDS SEVEN,0.3206,0.1038,0.5756
DIAMONDS SEVEN HEARTS NINE,0.3328,0.0436,0.6236
HEARTS EIGHT DIAMONDS SEVEN,0.3366,0.0578,0.6056
DIAMONDS JACK DIAMONDS SEVEN,0.3388,0.0176,0.6436
DIAMONDS FIVE HEARTS JACK,0.3604,0.0202,0.6194
DIAMONDS TEN DIAMONDS SEVEN,0.3402,0.0236,0.6362
HEARTS TEN DIAMONDS FIVE,0.3576,0.0304,0.612
CLUBS EIGHT DIAMONDS SEVEN,0.341,0.0606,0.5984
SPADES KING CLUBS TWO,0.3898,0.0102,0.6
HEARTS KING CLUBS KING,0.1596,0.024,0.8164
SPADES QUEEN CLUBS TWO,0.409,0.0158,0.5752
HEARTS KING CLUBS QUEEN,0.3456,0.0078,0.6466
CLUBS NINE DIAMONDS SEVEN,0.3348,0.0454,0.6198
CLUBS JACK SPADES TWO,0.409,0.0268,0.5642
CLUBS SIX CLUBS SEVEN,0.3148,0.0984,0.5868
SPADES ACE CLUBS TWO,0.4068,0.0084,0.5848
CLUBS TEN SPADES TWO,0.4102,0.0334,0.5564
HEARTS KING CLUBS ACE,0.3444,0.0048,0.6508
SPADES TWO CLUBS KING,0.401,0.0118,0.5872
SPADES TWO DIAMONDS SEVEN,0.3962,0.1068,0.497
CLUBS EIGHT CLUBS SIX,0.3132,0.068,0.6188
SPADES THREE DIAMONDS SEVEN,0.2676,0.1896,0.5428
SPADES TWO CLUBS QUEEN,0.4102,0.0178,0.572
CLUBS NINE CLUBS SIX,0.3462,0.0412,0.6126
SPADES FOUR DIAMONDS SEVEN,0.2492,0.2018,0.549
CLUBS JACK HEARTS KING,0.3354,0.011,0.6536
SPADES FIVE DIAMONDS SEVEN,0.3368,0.1004,0.5628
SPADES TWO CLUBS ACE,0.4014,0.0048,0.5938
CLUBS TEN HEARTS KING,0.3434,0.0086,0.648
CLUBS SIX SPADES TWO,0.399,0.1646,0.4364
CLUBS SIX SPADES THREE,0.247,0.2694,0.4836
CLUBS TWO DIAMONDS SEVEN,0.4102,0.1032,0.4866
CLUBS SIX SPADES FOUR,0.2446,0.2578,0.4976
CLUBS SIX SPADES FIVE,0.3248,0.1422,0.533
CLUBS FOUR DIAMONDS SEVEN,0.2596,0.201,0.5394
CLUBS SIX SPADES SIX,0.128,0.1318,0.7402
CLUBS FIVE DIAMONDS SEVEN,0.3256,0.1008,0.5736
CLUBS SIX SPADES SEVEN,0.3312,0.1004,0.5684
CLUBS SIX DIAMONDS SEVEN,0.3374,0.096,0.5666
CLUBS SIX SPADES EIGHT,0.3398,0.0722,0.588
SPADES JACK CLUBS TWO,0.4016,0.0238,0.5746
CLUBS SEVEN DIAMONDS SEVEN,0.1484,0.1234,0.7282
CLUBS SIX SPADES NINE,0.338,0.0432,0.6188
SPADES TEN CLUBS TWO,0.4144,0.0316,0.554
CLUBS TWO CLUBS QUEEN,0.384,0.0142,0.6018
CLUBS TWO CLUBS KING,0.3948,0.011,0.5942
CLUBS TWO CLUBS ACE,0.3846,0.0066,0.6088
CLUBS TWO DIAMONDS EIGHT,0.4108,0.069,0.5202
HEARTS SEVEN DIAMONDS EIGHT,0.339,0.0594,0.6016
HEARTS SIX DIAMONDS EIGHT,0.331,0.0662,0.6028
DIAMONDS EIGHT HEARTS NINE,0.3206,0.0404,0.639
CLUBS TEN CLUBS TWO,0.4066,0.0308,0.5626
DIAMONDS EIGHT HEARTS EIGHT,0.157,0.099,0.744
CLUBS JACK CLUBS TWO,0.3944,0.0254,0.5802
CLUBS NINE DIAMONDS EIGHT,0.3404,0.0392,0.6204
CLUBS EIGHT DIAMONDS EIGHT,0.1468,0.0978,0.7554
CLUBS FIVE DIAMONDS EIGHT,0.3372,0.0696,0.5932
SPADES ACE SPADES THREE,0.2402,0.0176,0.7422
CLUBS FOUR DIAMONDS EIGHT,0.2536,0.154,0.5924
CLUBS SEVEN DIAMONDS EIGHT,0.3252,0.0632,0.6116
SPADES QUEEN SPADES THREE,0.2532,0.0396,0.7072
CLUBS SIX DIAMONDS EIGHT,0.3324,0.066,0.6016
SPADES KING SPADES THREE,0.2556,0.0276,0.7168
DIAMONDS QUEEN DIAMONDS EIGHT,0.3304,0.0126,0.657
HEARTS TWO DIAMONDS EIGHT,0.4026,0.0678,0.5296
DIAMONDS KING DIAMONDS EIGHT,0.338,0.0088,0.6532
HEARTS THREE DIAMONDS EIGHT,0.2904,0.1368,0.5728
DIAMONDS ACE DIAMONDS EIGHT,0.3398,0.0056,0.6546
HEARTS FIVE DIAMONDS EIGHT,0.3348,0.064,0.6012
DIAMONDS EIGHT DIAMONDS TEN,0.3246,0.0264,0.649
DIAMONDS EIGHT DIAMONDS JACK,0.3296,0.015,0.6554
SPADES JACK SPADES THREE,0.2584,0.0612,0.6804
SPADES TEN SPADES THREE,0.264,0.0696,0.6664
CLUBS FOUR HEARTS ACE,0.2324,0.0222,0.7454
CLUBS FOUR HEARTS QUEEN,0.2596,0.0524,0.688
CLUBS FOUR HEARTS KING,0.2678,0.0342,0.698
CLUBS SIX HEARTS TEN,0.3624,0.0304,0.6072
CLUBS SIX HEARTS JACK,0.3618,0.0184,0.6198
DIAMONDS EIGHT SPADES FOUR,0.252,0.153,0.595
SPADES FIVE DIAMONDS EIGHT,0.3418,0.0688,0.5894
DIAMONDS EIGHT SPADES TWO,0.4126,0.0708,0.5166
DIAMONDS EIGHT SPADES THREE,0.2892,0.1368,0.574
CLUBS FOUR HEARTS JACK,0.2486,0.0616,0.6898
SPADES EIGHT DIAMONDS EIGHT,0.158,0.0994,0.7426
SPADES TEN DIAMONDS QUEEN,0.3508,0.0092,0.64
SPADES TEN HEARTS TWO,0.4132,0.03,0.5568
SPADES JACK HEARTS EIGHT,0.3522,0.0176,0.6302
CLUBS FOUR HEARTS TEN,0.2572,0.0904,0.6524
SPADES NINE DIAMONDS EIGHT,0.3364,0.0408,0.6228
SPADES TEN HEARTS EIGHT,0.3418,0.0268,0.6314
SPADES JACK HEARTS TWO,0.4268,0.0254,0.5478
SPADES JACK DIAMONDS QUEEN,0.365,0.0112,0.6238
SPADES SIX DIAMONDS EIGHT,0.3382,0.0652,0.5966
SPADES SEVEN DIAMONDS EIGHT,0.3432,0.0656,0.5912
SPADES ACE HEARTS TWO,0.4118,0.0046,0.5836
SPADES ACE DIAMONDS QUEEN,0.3692,0.0048,0.626
SPADES ACE HEARTS EIGHT,0.3468,0.004,0.6492
SPADES KING HEARTS EIGHT,0.3628,0.0094,0.6278
SPADES QUEEN HEARTS TWO,0.4142,0.0142,0.5716
SPADES QUEEN DIAMONDS QUEEN,0.1748,0.04,0.7852
SPADES KING DIAMONDS QUEEN,0.3646,0.0072,0.6282
SPADES KING HEARTS TWO,0.4196,0.0104,0.57
SPADES QUEEN HEARTS EIGHT,0.3514,0.0138,0.6348
CLUBS TWO HEARTS TEN,0.4112,0.0298,0.559
CLUBS TWO HEARTS JACK,0.4078,0.0198,0.5724
SPADES SEVEN DIAMONDS NINE,0.3418,0.0466,0.6116
SPADES SIX DIAMONDS NINE,0.3568,0.0476,0.5956
SPADES NINE DIAMONDS NINE,0.1618,0.0792,0.759
SPADES EIGHT DIAMONDS NINE,0.3372,0.043,0.6198
SPADES TEN CLUBS KING,0.3638,0.0108,0.6254
DIAMONDS NINE SPADES THREE,0.2796,0.107,0.6134
SPADES JACK CLUBS KING,0.3558,0.0088,0.6354
DIAMONDS NINE SPADES TWO,0.413,0.0446,0.5424
DIAMONDS NINE SPADES FIVE,0.3436,0.0478,0.6086
DIAMONDS NINE SPADES FOUR,0.2714,0.1016,0.627
CLUBS NINE DIAMONDS NINE,0.1632,0.0804,0.7564
CLUBS EIGHT DIAMONDS NINE,0.3238,0.0362,0.64
CLUBS SIX DIAMONDS NINE,0.3616,0.0442,0.5942
SPADES JACK CLUBS FOUR,0.2742,0.0604,0.6654
CLUBS SEVEN DIAMONDS NINE,0.3452,0.0368,0.618
SPADES TEN CLUBS FOUR,0.2598,0.0828,0.6574
CLUBS FOUR DIAMONDS NINE,0.262,0.1142,0.6238
CLUBS FIVE DIAMONDS NINE,0.3448,0.0392,0.616
DIAMONDS NINE CLUBS TWO,0.4198,0.05,0.5302
DIAMONDS NINE HEARTS EIGHT,0.3168,0.0392,0.644
DIAMONDS NINE HEARTS NINE,0.153,0.081,0.766
HEARTS SIX DIAMONDS NINE,0.3438,0.0416,0.6146
HEARTS SEVEN DIAMONDS NINE,0.353,0.0386,0.6084
CLUBS EIGHT CLUBS NINE,0.3036,0.0396,0.6568
DIAMONDS ACE DIAMONDS NINE,0.3322,0.005,0.6628
HEARTS FIVE DIAMONDS NINE,0.348,0.047,0.605
HEARTS ACE CLUBS TWO,0.402,0.006,0.592
SPADES ACE CLUBS FOUR,0.2524,0.0256,0.722
DIAMONDS QUEEN DIAMONDS NINE,0.3218,0.014,0.6642
HEARTS TWO DIAMONDS NINE,0.4192,0.048,0.5328
CLUBS TWO HEARTS KING,0.4012,0.0104,0.5884
SPADES KING CLUBS FOUR,0.2748,0.034,0.6912
DIAMONDS KING DIAMONDS NINE,0.3376,0.0084,0.654
HEARTS THREE DIAMONDS NINE,0.2754,0.1128,0.6118
CLUBS TWO HEARTS QUEEN,0.414,0.018,0.568
SPADES QUEEN CLUBS FOUR,0.2636,0.0442,0.6922
DIAMONDS NINE DIAMONDS JACK,0.317,0.0172,0.6658
CLUBS EIGHT SPADES NINE,0.3348,0.0402,0.625
DIAMONDS NINE DIAMONDS TEN,0.3308,0.0238,0.6454
CLUBS EIGHT SPADES EIGHT,0.1552,0.1048,0.74
CLUBS EIGHT SPADES SEVEN,0.3412,0.061,0.5978
CLUBS EIGHT SPADES SIX,0.3464,0.0658,0.5878
CLUBS EIGHT SPADES FIVE,0.3416,0.0662,0.5922
CLUBS EIGHT SPADES FOUR,0.2568,0.1438,0.5994
CLUBS EIGHT SPADES THREE,0.27,0.1502,0.5798
CLUBS EIGHT SPADES TWO,0.4032,0.0752,0.5216
HEARTS SIX DIAMONDS TEN,0.363,0.027,0.61
HEARTS SEVEN DIAMONDS TEN,0.3556,0.0318,0.6126
DIAMONDS TEN HEARTS EIGHT,0.348,0.0298,0.6222
CLUBS JACK CLUBS FOUR,0.2624,0.0682,0.6694
DIAMONDS TEN HEARTS NINE,0.3456,0.0206,0.6338
CLUBS TEN CLUBS FOUR,0.2582,0.0836,0.6582
CLUBS FOUR CLUBS KING,0.255,0.0378,0.7072
CLUBS FOUR CLUBS QUEEN,0.2532,0.0464,0.7004
CLUBS TWO DIAMONDS TEN,0.4158,0.0294,0.5548
CLUBS FOUR CLUBS ACE,0.239,0.0222,0.7388
DIAMONDS JACK DIAMONDS TEN,0.3284,0.0152,0.6564
DIAMONDS QUEEN DIAMONDS TEN,0.347,0.01,0.643
HEARTS TWO DIAMONDS TEN,0.411,0.0326,0.5564
DIAMONDS KING DIAMONDS TEN,0.3352,0.0082,0.6566
HEARTS THREE DIAMONDS TEN,0.2842,0.0802,0.6356
DIAMONDS ACE DIAMONDS TEN,0.3346,0.005,0.6604
CLUBS EIGHT HEARTS JACK,0.3364,0.0174,0.6462
HEARTS FIVE DIAMONDS TEN,0.3584,0.027,0.6146
CLUBS EIGHT HEARTS TEN,0.3516,0.0276,0.6208
CLUBS EIGHT HEARTS QUEEN,0.3534,0.013,0.6336
CLUBS EIGHT HEARTS KING,0.3378,0.0078,0.6544
CLUBS EIGHT HEARTS ACE,0.3534,0.0058,0.6408
CLUBS NINE SPADES THREE,0.2674,0.103,0.6296
CLUBS NINE SPADES TWO,0.3992,0.0438,0.557
CLUBS NINE SPADES FIVE,0.3446,0.045,0.6104
CLUBS NINE SPADES FOUR,0.2716,0.111,0.6174
CLUBS NINE SPADES SEVEN,0.3382,0.0416,0.6202
CLUBS NINE SPADES SIX,0.34,0.042,0.618
CLUBS NINE SPADES NINE,0.1506,0.0834,0.766
CLUBS TEN HEARTS EIGHT,0.3498,0.0276,0.6226
CLUBS NINE SPADES EIGHT,0.3272,0.0432,0.6296
CLUBS JACK HEARTS EIGHT,0.331,0.0242,0.6448
HEARTS EIGHT CLUBS QUEEN,0.3506,0.0136,0.6358
CLUBS KING HEARTS EIGHT,0.3578,0.0106,0.6316
CLUBS ACE HEARTS EIGHT,0.3472,0.0044,0.6484
SPADES KING CLUBS KING,0.1626,0.0204,0.817
SPADES QUEEN CLUBS KING,0.354,0.0082,0.6378
SPADES ACE CLUBS KING,0.3568,0.0022,0.641
DIAMONDS ACE HEARTS TEN,0.3474,0.0046,0.648
DIAMONDS ACE HEARTS JACK,0.348,0.0058,0.6462
SPADES KING CLUBS FIVE,0.3478,0.0112,0.641
SPADES QUEEN CLUBS FIVE,0.3584,0.0138,0.6278
SPADES ACE CLUBS FIVE,0.3276,0.007,0.6654
HEARTS SEVEN DIAMONDS JACK,0.352,0.0182,0.6298
HEARTS SIX DIAMONDS JACK,0.36,0.022,0.618
DIAMONDS JACK HEARTS NINE,0.3432,0.018,0.6388
DIAMONDS JACK HEARTS EIGHT,0.3604,0.0174,0.6222
DIAMONDS KING DIAMONDS JACK,0.3274,0.0088,0.6638
HEARTS THREE DIAMONDS JACK,0.2766,0.0536,0.6698
SPADES ACE SPADES SIX,0.3384,0.0054,0.6562
HEARTS ACE SPADES FOUR,0.2458,0.0226,0.7316
DIAMONDS QUEEN DIAMONDS JACK,0.3202,0.0124,0.6674
HEARTS TWO DIAMONDS JACK,0.4152,0.0206,0.5642
HEARTS FIVE DIAMONDS JACK,0.3456,0.0186,0.6358
SPADES QUEEN SPADES SIX,0.3346,0.0132,0.6522
SPADES FOUR HEARTS QUEEN,0.2696,0.0474,0.683
DIAMONDS ACE DIAMONDS JACK,0.3302,0.004,0.6658
SPADES KING SPADES SIX,0.3468,0.0098,0.6434
SPADES FOUR HEARTS KING,0.2588,0.0324,0.7088
SPADES TEN SPADES SIX,0.3484,0.0286,0.623
SPADES JACK SPADES SIX,0.3416,0.0196,0.6388
SPADES FOUR DIAMONDS JACK,0.2648,0.0584,0.6768
SPADES FIVE DIAMONDS JACK,0.3696,0.0158,0.6146
DIAMONDS JACK SPADES TWO,0.4172,0.0224,0.5604
DIAMONDS JACK SPADES THREE,0.276,0.0578,0.6662
SPADES ACE DIAMONDS THREE,0.268,0.0194,0.7126
CLUBS EIGHT DIAMONDS JACK,0.3518,0.0206,0.6276
SPADES QUEEN DIAMONDS THREE,0.2742,0.0434,0.6824
SPADES KING DIAMONDS THREE,0.2792,0.0322,0.6886
CLUBS NINE DIAMONDS JACK,0.3496,0.0164,0.634
CLUBS SIX DIAMONDS JACK,0.358,0.018,0.624
CLUBS SEVEN DIAMONDS JACK,0.3494,0.023,0.6276
CLUBS FOUR DIAMONDS JACK,0.2696,0.0692,0.6612
CLUBS FIVE DIAMONDS JACK,0.3598,0.0224,0.6178
CLUBS TWO DIAMONDS JACK,0.426,0.0232,0.5508
SPADES TEN CLUBS FIVE,0.3562,0.0276,0.6162
SPADES JACK HEARTS SIX,0.3616,0.019,0.6194
HEARTS SIX SPADES TEN,0.3538,0.032,0.6142
SPADES JACK CLUBS FIVE,0.3484,0.0204,0.6312
SPADES JACK DIAMONDS THREE,0.2744,0.0576,0.668
CLUBS SEVEN CLUBS ACE,0.3308,0.007,0.6622
DIAMONDS THREE SPADES TEN,0.2822,0.0752,0.6426
CLUBS SEVEN CLUBS QUEEN,0.3414,0.0144,0.6442
CLUBS SEVEN CLUBS KING,0.3384,0.0088,0.6528
SPADES NINE DIAMONDS JACK,0.3612,0.0144,0.6244
CLUBS TEN CLUBS SEVEN,0.3428,0.0296,0.6276
DIAMONDS ACE HEARTS ACE,0.1378,0.0046,0.8576
SPADES EIGHT DIAMONDS JACK,0.3554,0.0184,0.6262
SPADES ACE HEARTS SIX,0.3586,0.004,0.6374
CLUBS JACK CLUBS SEVEN,0.3544,0.0208,0.6248
DIAMONDS ACE HEARTS KING,0.3512,0.0048,0.644
SPADES SEVEN DIAMONDS JACK,0.3678,0.017,0.6152
SPADES KING HEARTS SIX,0.3532,0.008,0.6388
DIAMONDS ACE HEARTS QUEEN,0.354,0.006,0.64
SPADES QUEEN HEARTS SIX,0.3588,0.0162,0.625
SPADES SIX DIAMONDS JACK,0.3576,0.019,0.6234
DIAMONDS TEN SPADES TWO,0.4176,0.0316,0.5508
SPADES THREE DIAMONDS TEN,0.284,0.0736,0.6424
SPADES FOUR DIAMONDS TEN,0.2772,0.0812,0.6416
SPADES FIVE DIAMONDS TEN,0.3642,0.03,0.6058
SPADES SIX DIAMONDS TEN,0.3682,0.0272,0.6046
SPADES SEVEN DIAMONDS TEN,0.3552,0.0328,0.612
SPADES EIGHT DIAMONDS TEN,0.3454,0.0282,0.6264
SPADES NINE DIAMONDS TEN,0.3412,0.0204,0.6384
CLUBS FOUR DIAMONDS TEN,0.2822,0.079,0.6388
CLUBS FIVE DIAMONDS TEN,0.3586,0.032,0.6094
CLUBS SIX DIAMONDS TEN,0.339,0.032,0.629
CLUBS SEVEN DIAMONDS TEN,0.3618,0.0296,0.6086
CLUBS EIGHT DIAMONDS TEN,0.3472,0.0316,0.6212
CLUBS NINE DIAMONDS TEN,0.349,0.0248,0.6262
CLUBS JACK DIAMONDS THREE,0.277,0.0616,0.6614
CLUBS TEN DIAMONDS THREE,0.2848,0.082,0.6332
DIAMONDS THREE CLUBS KING,0.2734,0.0306,0.696
DIAMONDS THREE CLUBS QUEEN,0.2706,0.0364,0.693
DIAMONDS THREE CLUBS ACE,0.2488,0.0178,0.7334
SPADES FOUR HEARTS JACK,0.2732,0.0624,0.6644
SPADES FOUR HEARTS TEN,0.2694,0.0794,0.6512
SPADES FIVE SPADES TWO,0.3556,0.2234,0.421
SPADES FOUR SPADES TWO,0.2526,0.4782,0.2692
SPADES THREE SPADES TWO,0.27,0.4678,0.2622
SPADES NINE SPADES TWO,0.388,0.0422,0.5698
SPADES EIGHT SPADES TWO,0.3936,0.0634,0.543
SPADES SEVEN SPADES TWO,0.3894,0.0964,0.5142
SPADES SIX SPADES TWO,0.377,0.1476,0.4754
DIAMONDS QUEEN CLUBS TWO,0.4038,0.0166,0.5796
HEARTS TWO CLUBS TWO,0.3292,0.169,0.5018
HEARTS SEVEN DIAMONDS QUEEN,0.37,0.0138,0.6162
HEARTS SEVEN HEARTS TWO,0.3918,0.1042,0.504
HEARTS SIX DIAMONDS QUEEN,0.3594,0.0122,0.6284
HEARTS SIX HEARTS TWO,0.3874,0.147,0.4656
DIAMONDS QUEEN HEARTS NINE,0.3472,0.0122,0.6406
HEARTS TWO HEARTS NINE,0.393,0.0466,0.5604
DIAMONDS QUEEN HEARTS EIGHT,0.3408,0.0106,0.6486
HEARTS TWO HEARTS EIGHT,0.3878,0.0722,0.54
CLUBS NINE HEARTS TWO,0.4188,0.0456,0.5356
CLUBS NINE DIAMONDS QUEEN,0.352,0.0114,0.6366
CLUBS EIGHT DIAMONDS QUEEN,0.3588,0.012,0.6292
CLUBS EIGHT HEARTS TWO,0.3944,0.0742,0.5314
DIAMONDS QUEEN CLUBS FIVE,0.3382,0.0128,0.649
HEARTS TWO CLUBS FIVE,0.3806,0.255,0.3644
SPADES EIGHT HEARTS ACE,0.3528,0.0052,0.642
DIAMONDS QUEEN CLUBS FOUR,0.2592,0.0432,0.6976
CLUBS FOUR HEARTS TWO,0.2696,0.5078,0.2226
CLUBS SEVEN DIAMONDS QUEEN,0.3616,0.0134,0.625
CLUBS SEVEN HEARTS TWO,0.4132,0.103,0.4838
SPADES EIGHT HEARTS QUEEN,0.3382,0.0108,0.651
CLUBS SIX DIAMONDS QUEEN,0.365,0.0164,0.6186
CLUBS SIX HEARTS TWO,0.394,0.1706,0.4354
SPADES EIGHT HEARTS KING,0.3532,0.008,0.6388
HEARTS TWO SPADES SIX,0.3838,0.1608,0.4554
DIAMONDS QUEEN SPADES SIX,0.3684,0.013,0.6186
DIAMONDS ACE CLUBS QUEEN,0.3504,0.007,0.6426
DIAMONDS QUEEN SPADES SEVEN,0.3624,0.0124,0.6252
HEARTS TWO SPADES SEVEN,0.4076,0.1024,0.49
DIAMONDS ACE CLUBS KING,0.3542,0.005,0.6408
DIAMONDS QUEEN SPADES EIGHT,0.3532,0.0124,0.6344
SPADES EIGHT HEARTS TWO,0.403,0.075,0.522
DIAMONDS ACE CLUBS ACE,0.149,0.0056,0.8454
SPADES NINE DIAMONDS QUEEN,0.363,0.0124,0.6246
SPADES NINE HEARTS TWO,0.4174,0.047,0.5356
HEARTS TWO SPADES TWO,0.3252,0.1688,0.506
DIAMONDS QUEEN SPADES TWO,0.4168,0.0144,0.5688
HEARTS TWO SPADES THREE,0.2892,0.4948,0.216
DIAMONDS QUEEN SPADES THREE,0.2742,0.0384,0.6874
HEARTS TWO SPADES FOUR,0.2746,0.5202,0.2052
DIAMONDS QUEEN SPADES FOUR,0.2746,0.0498,0.6756
CLUBS TEN DIAMONDS ACE,0.354,0.006,0.64
HEARTS TWO SPADES FIVE,0.3786,0.257,0.3644
DIAMONDS QUEEN SPADES FIVE,0.3598,0.0134,0.6268
CLUBS JACK DIAMONDS ACE,0.3508,0.0054,0.6438
CLUBS FIVE CLUBS KING,0.3408,0.0104,0.6488
CLUBS FIVE CLUBS QUEEN,0.3446,0.0142,0.6412
CLUBS FIVE CLUBS ACE,0.3234,0.0054,0.6712
CLUBS JACK CLUBS FIVE,0.3392,0.022,0.6388
CLUBS TEN CLUBS FIVE,0.344,0.0328,0.6232
SPADES KING CLUBS JACK,0.347,0.0052,0.6478
CLUBS JACK SPADES QUEEN,0.3522,0.0104,0.6374
SPADES ACE CLUBS JACK,0.364,0.006,0.63
SPADES SIX CLUBS KING,0.3546,0.0088,0.6366
SPADES SIX CLUBS QUEEN,0.3498,0.013,0.6372
SPADES EIGHT HEARTS JACK,0.333,0.0206,0.6464
SPADES SIX CLUBS ACE,0.355,0.0044,0.6406
SPADES EIGHT HEARTS TEN,0.3484,0.0262,0.6254
CLUBS JACK SPADES SIX,0.3534,0.0222,0.6244
CLUBS TEN SPADES SIX,0.363,0.0326,0.6044
CLUBS JACK SPADES TEN,0.3462,0.0182,0.6356
CLUBS JACK SPADES JACK,0.156,0.054,0.79
SPADES QUEEN CLUBS SEVEN,0.3494,0.0134,0.6372
SPADES KING CLUBS SEVEN,0.368,0.0092,0.6228
SPADES ACE CLUBS SEVEN,0.3512,0.0062,0.6426
SPADES SIX HEARTS TEN,0.3536,0.0258,0.6206
SPADES SIX HEARTS JACK,0.3566,0.019,0.6244
SPADES SIX HEARTS ACE,0.3552,0.0052,0.6396
SPADES SIX HEARTS KING,0.3612,0.0086,0.6302
SPADES SIX HEARTS QUEEN,0.355,0.0142,0.6308
SPADES JACK CLUBS SEVEN,0.3696,0.0196,0.6108
SPADES TEN CLUBS SEVEN,0.3476,0.0248,0.6276
CLUBS TEN HEARTS SIX,0.3432,0.0288,0.628
CLUBS JACK HEARTS SIX,0.3488,0.0212,0.63
CLUBS JACK CLUBS ACE,0.334,0.0056,0.6604
HEARTS SIX CLUBS QUEEN,0.3586,0.0142,0.6272
HEARTS SIX CLUBS KING,0.3506,0.01,0.6394
HEARTS SIX CLUBS ACE,0.3454,0.0048,0.6498
CLUBS JACK CLUBS QUEEN,0.3284,0.0124,0.6592
CLUBS JACK CLUBS KING,0.348,0.0118,0.6402
DIAMONDS THREE HEARTS ACE,0.2504,0.0194,0.7302
DIAMONDS THREE HEARTS QUEEN,0.2726,0.047,0.6804
DIAMONDS THREE HEARTS KING,0.2752,0.0306,0.6942
CLUBS FIVE HEARTS JACK,0.3514,0.024,0.6246
SPADES TEN DIAMONDS ACE,0.3514,0.0038,0.6448
CLUBS FIVE HEARTS TEN,0.3582,0.0302,0.6116
SPADES JACK DIAMONDS ACE,0.3548,0.0032,0.642
SPADES ACE DIAMONDS ACE,0.1544,0.0042,0.8414
CLUBS FIVE HEARTS ACE,0.3202,0.0074,0.6724
CLUBS FIVE HEARTS KING,0.345,0.0106,0.6444
SPADES QUEEN DIAMONDS ACE,0.3546,0.005,0.6404
CLUBS JACK SPADES FOUR,0.2564,0.057,0.6866
CLUBS FIVE HEARTS QUEEN,0.3504,0.012,0.6376
SPADES KING DIAMONDS ACE,0.3792,0.0048,0.616
CLUBS TEN SPADES FOUR,0.268,0.0898,0.6422
DIAMONDS QUEEN DIAMONDS ACE,0.3436,0.0036,0.6528
HEARTS TWO DIAMONDS ACE,0.4078,0.0058,0.5864
DIAMONDS THREE HEARTS TEN,0.2816,0.0758,0.6426
SPADES FOUR CLUBS KING,0.2758,0.0346,0.6896
HEARTS FIVE DIAMONDS QUEEN,0.3554,0.0134,0.6312
HEARTS FIVE HEARTS TWO,0.3704,0.2404,0.3892
DIAMONDS THREE HEARTS JACK,0.2766,0.0556,0.6678
SPADES FOUR CLUBS QUEEN,0.268,0.0416,0.6904
DIAMONDS QUEEN HEARTS TWO,0.418,0.0162,0.5658
DIAMONDS KING DIAMONDS QUEEN,0.3296,0.0082,0.6622
DIAMONDS KING HEARTS TWO,0.4134,0.0112,0.5754
HEARTS THREE DIAMONDS QUEEN,0.2782,0.0418,0.68
HEARTS THREE HEARTS TWO,0.278,0.4712,0.2508
SPADES FOUR CLUBS ACE,0.2408,0.0262,0.733
HEARTS TWO CLUBS ACE,0.3924,0.0082,0.5994
DIAMONDS QUEEN CLUBS ACE,0.354,0.0054,0.6406
HEARTS TWO CLUBS QUEEN,0.4214,0.0142,0.5644
DIAMONDS QUEEN CLUBS QUEEN,0.1662,0.033,0.8008
HEARTS TWO CLUBS KING,0.4134,0.01,0.5766
DIAMONDS QUEEN CLUBS KING,0.3466,0.0082,0.6452
SPADES EIGHT SPADES FIVE,0.3142,0.0726,0.6132
CLUBS TEN HEARTS TWO,0.4134,0.0328,0.5538
CLUBS TEN DIAMONDS QUEEN,0.3398,0.0126,0.6476
SPADES NINE SPADES FIVE,0.3328,0.0402,0.627
CLUBS JACK HEARTS TWO,0.399,0.0204,0.5806
CLUBS JACK DIAMONDS QUEEN,0.3642,0.0126,0.6232
SPADES SIX SPADES FIVE,0.302,0.1396,0.5584
SPADES SEVEN SPADES FIVE,0.3228,0.089,0.5882
DIAMONDS FIVE CLUBS QUEEN,0.3408,0.0132,0.646
SPADES EIGHT CLUBS ACE,0.3592,0.0068,0.634
DIAMONDS FIVE CLUBS KING,0.3614,0.0084,0.6302
SPADES EIGHT CLUBS KING,0.355,0.0088,0.6362
DIAMONDS FIVE CLUBS ACE,0.3456,0.006,0.6484
SPADES EIGHT CLUBS QUEEN,0.3462,0.014,0.6398
CLUBS JACK SPADES EIGHT,0.3434,0.018,0.6386
CLUBS TEN SPADES EIGHT,0.3478,0.0278,0.6244
CLUBS TEN DIAMONDS FIVE,0.3598,0.0322,0.608
CLUBS JACK DIAMONDS FIVE,0.3448,0.021,0.6342
DIAMONDS TEN HEARTS JACK,0.343,0.0146,0.6424
DIAMONDS TEN HEARTS TEN,0.1696,0.0692,0.7612
SPADES ACE CLUBS NINE,0.3576,0.0058,0.6366
