opposingHand,winningChance,drawChance,lostChance
HEARTS THREE HEARTS TEN
SPADES SIX CLUBS TWO,0.6268,0.0312,0.342
DIAMONDS ACE CLUBS THREE,0.2862,0.0198,0.694
SPADES QUEEN CLUBS FIVE,0.399,0.013,0.588
SPADES TEN HEARTS QUEEN,0.2492,0.0428,0.708
DIAMONDS EIGHT SPADES TWO,0.6426,0.0306,0.3268
CLUBS FIVE CLUBS FOUR,0.5588,0.029,0.4122
HEARTS FOUR CLUBS SIX,0.5952,0.0268,0.378
DIAMONDS TEN HEARTS JACK,0.2528,0.053,0.6942
DIAMONDS ACE SPADES SEVEN,0.396,0.0046,0.5994
SPADES JACK HEARTS NINE,0.3612,0.0154,0.6234
DIAMONDS THREE HEARTS ACE,0.2754,0.0208,0.7038
CLUBS TEN CLUBS EIGHT,0.2434,0.201,0.5556
DIAMONDS ACE DIAMONDS SIX,0.3966,0.004,0.5994
SPADES TEN DIAMONDS SEVEN,0.2712,0.2648,0.464
CLUBS JACK HEARTS FOUR,0.39,0.0162,0.5938
CLUBS TEN DIAMONDS TEN,0.1306,0.0548,0.8146
HEARTS FIVE HEARTS JACK,0.3402,0.0224,0.6374
DIAMONDS TWO CLUBS SIX,0.6356,0.0298,0.3346
SPADES NINE CLUBS FOUR,0.6028,0.0256,0.3716
SPADES NINE DIAMONDS SEVEN,0.573,0.0228,0.4042
SPADES TEN SPADES FOUR,0.2676,0.4478,0.2846
CLUBS FOUR SPADES FIVE,0.5646,0.0338,0.4016
CLUBS ACE CLUBS QUEEN,0.3284,0.0058,0.6658
CLUBS FIVE HEARTS NINE,0.5928,0.0294,0.3778
CLUBS JACK DIAMONDS ACE,0.3596,0.0026,0.6378
SPADES NINE HEARTS NINE,0.3026,0.0404,0.657
CLUBS EIGHT SPADES TWO,0.6376,0.0312,0.3312
SPADES TEN SPADES TWO,0.278,0.4672,0.2548
SPADES EIGHT HEARTS JACK,0.3582,0.0174,0.6244
CLUBS FIVE CLUBS KING,0.3834,0.0062,0.6104
CLUBS NINE HEARTS TWO,0.6278,0.0318,0.3404
HEARTS FIVE CLUBS TWO,0.6134,0.0306,0.356
HEARTS TWO DIAMONDS ACE,0.4202,0.0056,0.5742
CLUBS FOUR CLUBS TWO,0.591,0.0256,0.3834
CLUBS FOUR CLUBS QUEEN,0.385,0.0094,0.6056
SPADES KING HEARTS EIGHT,0.387,0.006,0.607
SPADES TWO HEARTS JACK,0.4156,0.0194,0.565
DIAMONDS KING DIAMONDS SEVEN,0.3668,0.0078,0.6254
DIAMONDS KING CLUBS TWO,0.4408,0.0094,0.5498
CLUBS EIGHT DIAMONDS NINE,0.5666,0.0252,0.4082
HEARTS ACE HEARTS QUEEN,0.3004,0.0042,0.6954
SPADES THREE SPADES TWO,0.6358,0.0702,0.294
DIAMONDS QUEEN HEARTS NINE,0.3708,0.0098,0.6194
CLUBS SIX SPADES SEVEN,0.5712,0.0256,0.4032
CLUBS FIVE DIAMONDS FOUR,0.5692,0.0306,0.4002
CLUBS JACK SPADES THREE,0.2888,0.0574,0.6538
SPADES KING CLUBS SIX,0.399,0.0086,0.5924
DIAMONDS TWO CLUBS NINE,0.6438,0.0314,0.3248
SPADES ACE HEARTS QUEEN,0.34,0.0058,0.6542
CLUBS FIVE DIAMONDS KING,0.3952,0.0078,0.597
DIAMONDS QUEEN SPADES SIX,0.4174,0.0088,0.5738
CLUBS EIGHT SPADES FOUR,0.5988,0.0242,0.377
SPADES SEVEN DIAMONDS SEVEN,0.3104,0.0544,0.6352
SPADES KING SPADES THREE,0.2784,0.031,0.6906
DIAMONDS KING CLUBS ACE,0.3664,0.0044,0.6292
SPADES EIGHT DIAMONDS TEN,0.2658,0.2186,0.5156
HEARTS FIVE HEARTS FOUR,0.5604,0.033,0.4066
CLUBS THREE HEARTS KING,0.267,0.0332,0.6998
DIAMONDS THREE DIAMONDS TWO,0.6392,0.0692,0.2916
CLUBS SEVEN DIAMONDS SIX,0.5704,0.0326,0.397
SPADES KING SPADES TEN,0.266,0.0326,0.7014
DIAMONDS KING SPADES THREE,0.2844,0.0314,0.6842
HEARTS SEVEN CLUBS THREE,0.6758,0.0686,0.2556
SPADES FIVE DIAMONDS FIVE,0.3316,0.0618,0.6066
DIAMONDS TWO SPADES FOUR,0.6238,0.0268,0.3494
SPADES ACE DIAMONDS FOUR,0.383,0.0046,0.6124
HEARTS SEVEN CLUBS TEN,0.2584,0.275,0.4666
SPADES JACK SPADES TWO,0.4038,0.0188,0.5774
SPADES JACK SPADES FOUR,0.3702,0.0172,0.6126
SPADES TEN CLUBS TWO,0.3162,0.4758,0.208
SPADES JACK HEARTS EIGHT,0.3714,0.0184,0.6102
DIAMONDS NINE HEARTS EIGHT,0.5494,0.0252,0.4254
HEARTS KING HEARTS EIGHT,0.3476,0.0084,0.644
SPADES SEVEN CLUBS TWO,0.65,0.0308,0.3192
SPADES ACE SPADES QUEEN,0.3368,0.0078,0.6554
CLUBS TEN SPADES SIX,0.271,0.3562,0.3728
DIAMONDS THREE HEARTS FIVE,0.663,0.0778,0.2592
CLUBS JACK SPADES SIX,0.3976,0.019,0.5834
SPADES QUEEN SPADES TWO,0.4132,0.0128,0.574
SPADES QUEEN DIAMONDS SIX,0.4034,0.012,0.5846
HEARTS JACK DIAMONDS FOUR,0.3874,0.021,0.5916
SPADES EIGHT SPADES TWO,0.6014,0.0262,0.3724
SPADES ACE HEARTS NINE,0.3974,0.0042,0.5984
CLUBS FOUR DIAMONDS JACK,0.3866,0.015,0.5984
HEARTS SIX HEARTS FIVE,0.5616,0.0324,0.406
SPADES JACK HEARTS QUEEN,0.3246,0.0104,0.665
HEARTS FOUR SPADES FOUR,0.322,0.068,0.61
CLUBS THREE CLUBS ACE,0.2806,0.0236,0.6958
HEARTS SIX CLUBS THREE,0.6738,0.0728,0.2534
HEARTS FIVE SPADES THREE,0.66,0.0758,0.2642
HEARTS FOUR DIAMONDS FOUR,0.3316,0.0692,0.5992
DIAMONDS EIGHT CLUBS ACE,0.3978,0.0032,0.599
HEARTS FOUR DIAMONDS QUEEN,0.3946,0.0104,0.595
CLUBS TEN SPADES FIVE,0.2582,0.438,0.3038
SPADES FOUR DIAMONDS FOUR,0.3334,0.07,0.5966
DIAMONDS THREE HEARTS TWO,0.6744,0.0798,0.2458
DIAMONDS KING CLUBS THREE,0.2926,0.0304,0.677
DIAMONDS TEN DIAMONDS FOUR,0.2528,0.4654,0.2818
SPADES KING DIAMONDS EIGHT,0.394,0.007,0.599
SPADES ACE DIAMONDS EIGHT,0.3974,0.0028,0.5998
CLUBS TEN HEARTS TWO,0.2994,0.4874,0.2132
SPADES NINE SPADES EIGHT,0.5116,0.0248,0.4636
CLUBS EIGHT HEARTS NINE,0.5378,0.0268,0.4354
HEARTS NINE DIAMONDS FOUR,0.5964,0.0244,0.3792
HEARTS FOUR CLUBS KING,0.3896,0.0086,0.6018
CLUBS SIX DIAMONDS FIVE,0.58,0.0292,0.3908
SPADES SEVEN DIAMONDS QUEEN,0.4156,0.0084,0.576
CLUBS NINE DIAMONDS FOUR,0.6162,0.0262,0.3576
CLUBS SIX SPADES SIX,0.3338,0.0536,0.6126
HEARTS SIX HEARTS EIGHT,0.5364,0.0258,0.4378
SPADES JACK HEARTS JACK,0.1812,0.0234,0.7954
SPADES JACK DIAMONDS KING,0.3538,0.009,0.6372
HEARTS FIVE CLUBS FOUR,0.5736,0.0306,0.3958
SPADES QUEEN HEARTS QUEEN,0.1718,0.0208,0.8074
DIAMONDS TWO CLUBS QUEEN,0.4318,0.01,0.5582
DIAMONDS KING SPADES TWO,0.4514,0.0078,0.5408
SPADES JACK DIAMONDS FIVE,0.3926,0.0202,0.5872
SPADES SIX DIAMONDS SEVEN,0.5762,0.0294,0.3944
HEARTS FIVE HEARTS NINE,0.5824,0.0282,0.3894
CLUBS FIVE SPADES SEVEN,0.584,0.0252,0.3908
CLUBS TEN CLUBS NINE,0.267,0.1546,0.5784
CLUBS EIGHT CLUBS FIVE,0.5366,0.0268,0.4366
SPADES EIGHT DIAMONDS SEVEN,0.5468,0.031,0.4222
CLUBS FIVE SPADES THREE,0.6732,0.0688,0.258
DIAMONDS JACK DIAMONDS FIVE,0.3826,0.0152,0.6022
SPADES ACE CLUBS QUEEN,0.3712,0.0044,0.6244
SPADES ACE DIAMONDS THREE,0.2784,0.0188,0.7028
HEARTS SEVEN DIAMONDS FOUR,0.5884,0.0286,0.383
HEARTS FOUR HEARTS EIGHT,0.5852,0.0306,0.3842
SPADES FOUR DIAMONDS SIX,0.5832,0.0274,0.3894
DIAMONDS TWO CLUBS TWO,0.4142,0.0696,0.5162
SPADES THREE CLUBS QUEEN,0.2904,0.0444,0.6652
SPADES ACE CLUBS SEVEN,0.4044,0.005,0.5906
CLUBS TEN DIAMONDS NINE,0.2796,0.1578,0.5626
CLUBS NINE CLUBS SEVEN,0.539,0.0256,0.4354
SPADES TEN DIAMONDS QUEEN,0.274,0.043,0.683
DIAMONDS TWO SPADES NINE,0.6332,0.0248,0.342
HEARTS SEVEN SPADES TEN,0.2658,0.273,0.4612
CLUBS SEVEN CLUBS KING,0.377,0.0058,0.6172
DIAMONDS TEN HEARTS KING,0.2568,0.0372,0.706
HEARTS SEVEN DIAMONDS EIGHT,0.5516,0.0234,0.425
DIAMONDS ACE DIAMONDS EIGHT,0.3816,0.0048,0.6136
HEARTS SEVEN DIAMONDS SEVEN,0.3168,0.0536,0.6296
CLUBS THREE DIAMONDS SIX,0.6706,0.0674,0.262
DIAMONDS THREE CLUBS SEVEN,0.692,0.067,0.241
HEARTS KING HEARTS QUEEN,0.2972,0.0066,0.6962
SPADES FIVE CLUBS ACE,0.3912,0.0034,0.6054
DIAMONDS NINE CLUBS ACE,0.3928,0.0042,0.603
CLUBS SIX DIAMONDS QUEEN,0.408,0.01,0.582
DIAMONDS THREE HEARTS SIX,0.679,0.0658,0.2552
CLUBS JACK SPADES FIVE,0.3938,0.018,0.5882
DIAMONDS QUEEN HEARTS KING,0.3406,0.0068,0.6526
SPADES NINE CLUBS QUEEN,0.3962,0.0116,0.5922
HEARTS TWO DIAMONDS JACK,0.4124,0.0196,0.568
CLUBS TEN HEARTS FOUR,0.2522,0.488,0.2598
CLUBS NINE CLUBS TWO,0.5982,0.0234,0.3784
CLUBS TEN SPADES TWO,0.3038,0.4912,0.205
DIAMONDS JACK CLUBS QUEEN,0.3434,0.0092,0.6474
HEARTS SIX HEARTS ACE,0.3398,0.0066,0.6536
CLUBS JACK DIAMONDS FOUR,0.387,0.022,0.591
HEARTS SIX DIAMONDS SIX,0.3248,0.0526,0.6226
SPADES FIVE HEARTS EIGHT,0.5764,0.0242,0.3994
SPADES QUEEN SPADES SIX,0.3784,0.012,0.6096
SPADES KING HEARTS KING,0.1766,0.0096,0.8138
HEARTS SIX DIAMONDS EIGHT,0.564,0.024,0.412
SPADES SIX DIAMONDS EIGHT,0.5618,0.0242,0.414
SPADES FIVE SPADES TWO,0.5778,0.029,0.3932
CLUBS FOUR DIAMONDS SEVEN,0.5862,0.0288,0.385
SPADES SEVEN DIAMONDS NINE,0.582,0.0204,0.3976
DIAMONDS ACE SPADES TWO,0.4302,0.004,0.5658
CLUBS FOUR SPADES SIX,0.5904,0.0292,0.3804
CLUBS NINE SPADES SEVEN,0.5748,0.0248,0.4004
SPADES QUEEN DIAMONDS SEVEN,0.3952,0.0088,0.596
SPADES TEN HEARTS JACK,0.2606,0.056,0.6834
DIAMONDS THREE HEARTS QUEEN,0.2652,0.041,0.6938
SPADES QUEEN CLUBS FOUR,0.4036,0.0136,0.5828
SPADES QUEEN DIAMONDS KING,0.3616,0.0048,0.6336
CLUBS EIGHT DIAMONDS EIGHT,0.312,0.0456,0.6424
HEARTS FIVE CLUBS SEVEN,0.5692,0.028,0.4028
CLUBS FIVE HEARTS EIGHT,0.583,0.0258,0.3912
CLUBS TEN SPADES EIGHT,0.2618,0.2204,0.5178
SPADES JACK DIAMONDS TEN,0.2688,0.0506,0.6806
DIAMONDS THREE SPADES FOUR,0.6718,0.0708,0.2574
DIAMONDS QUEEN CLUBS TWO,0.4188,0.0128,0.5684
CLUBS SIX HEARTS ACE,0.3934,0.0056,0.601
DIAMONDS THREE CLUBS TWO,0.6682,0.08,0.2518
CLUBS KING DIAMONDS FOUR,0.4112,0.005,0.5838
DIAMONDS ACE SPADES FOUR,0.3958,0.0042,0.6
HEARTS SIX HEARTS TWO,0.6164,0.0344,0.3492
DIAMONDS TWO CLUBS EIGHT,0.6372,0.0284,0.3344
SPADES ACE HEARTS SIX,0.3988,0.0046,0.5966
SPADES EIGHT HEARTS KING,0.3896,0.01,0.6004
CLUBS NINE DIAMONDS SIX,0.596,0.0278,0.3762
DIAMONDS TWO SPADES FIVE,0.609,0.032,0.359
HEARTS FIVE DIAMONDS SEVEN,0.5852,0.0266,0.3882
DIAMONDS FIVE CLUBS QUEEN,0.4,0.014,0.586
DIAMONDS THREE CLUBS FIVE,0.676,0.0734,0.2506
SPADES JACK CLUBS TWO,0.4288,0.0196,0.5516
CLUBS NINE CLUBS ACE,0.3834,0.005,0.6116
SPADES FOUR CLUBS QUEEN,0.4064,0.0104,0.5832
SPADES TEN SPADES NINE,0.2586,0.1462,0.5952
DIAMONDS TWO CLUBS FIVE,0.6234,0.029,0.3476
SPADES JACK HEARTS FOUR,0.3796,0.0212,0.5992
SPADES SIX DIAMONDS JACK,0.398,0.0144,0.5876
HEARTS SEVEN SPADES TWO,0.624,0.0286,0.3474
CLUBS FIVE HEARTS JACK,0.3824,0.023,0.5946
DIAMONDS SEVEN DIAMONDS FIVE,0.552,0.0294,0.4186
DIAMONDS KING HEARTS KING,0.1584,0.0108,0.8308
CLUBS JACK CLUBS TWO,0.4136,0.0156,0.5708
CLUBS NINE HEARTS KING,0.3834,0.0084,0.6082
CLUBS NINE DIAMONDS JACK,0.3752,0.0164,0.6084
CLUBS THREE HEARTS NINE,0.7068,0.0736,0.2196
HEARTS QUEEN DIAMONDS SIX,0.3822,0.0138,0.604
SPADES EIGHT SPADES SIX,0.5494,0.023,0.4276
SPADES SIX HEARTS NINE,0.5618,0.0306,0.4076
HEARTS KING DIAMONDS EIGHT,0.3732,0.0074,0.6194
HEARTS FOUR CLUBS FOUR,0.3238,0.0686,0.6076
SPADES ACE CLUBS SIX,0.4062,0.0024,0.5914
CLUBS SIX SPADES TWO,0.6166,0.0288,0.3546
DIAMONDS THREE DIAMONDS KING,0.267,0.0276,0.7054
HEARTS FIVE DIAMONDS EIGHT,0.578,0.0276,0.3944
HEARTS TWO CLUBS FOUR,0.6072,0.0302,0.3626
SPADES TEN HEARTS EIGHT,0.2616,0.2128,0.5256
DIAMONDS NINE CLUBS KING,0.3934,0.0096,0.597
SPADES TEN CLUBS SEVEN,0.2752,0.2648,0.46
HEARTS ACE SPADES THREE,0.2614,0.023,0.7156
HEARTS QUEEN HEARTS EIGHT,0.3378,0.0132,0.649
SPADES ACE CLUBS NINE,0.3966,0.0046,0.5988
CLUBS SIX SPADES FIVE,0.567,0.0296,0.4034
HEARTS QUEEN HEARTS NINE,0.3214,0.0104,0.6682
DIAMONDS TWO HEARTS FOUR,0.6008,0.0358,0.3634
CLUBS JACK CLUBS SIX,0.3888,0.0186,0.5926
CLUBS THREE DIAMONDS SEVEN,0.6972,0.0642,0.2386
HEARTS FOUR SPADES SIX,0.5546,0.0284,0.417
CLUBS EIGHT DIAMONDS ACE,0.3832,0.0028,0.614
SPADES TEN DIAMONDS JACK,0.2596,0.0552,0.6852
CLUBS ACE CLUBS KING,0.3432,0.0062,0.6506
SPADES EIGHT CLUBS FOUR,0.5918,0.0284,0.3798
HEARTS FIVE DIAMONDS QUEEN,0.3868,0.0132,0.6
DIAMONDS EIGHT HEARTS EIGHT,0.3034,0.0512,0.6454
SPADES EIGHT HEARTS NINE,0.5588,0.0266,0.4146
SPADES SEVEN DIAMONDS EIGHT,0.5614,0.0294,0.4092
CLUBS NINE SPADES SIX,0.5964,0.0238,0.3798
DIAMONDS TWO DIAMONDS EIGHT,0.5996,0.0272,0.3732
SPADES QUEEN CLUBS ACE,0.3716,0.0046,0.6238
DIAMONDS QUEEN HEARTS JACK,0.3218,0.01,0.6682
DIAMONDS THREE SPADES TWO,0.6618,0.0814,0.2568
CLUBS FOUR DIAMONDS EIGHT,0.598,0.0298,0.3722
HEARTS FOUR SPADES EIGHT,0.5906,0.0282,0.3812
SPADES QUEEN HEARTS NINE,0.3736,0.0108,0.6156
SPADES NINE SPADES FOUR,0.5858,0.0256,0.3886
HEARTS FIVE CLUBS KING,0.3788,0.009,0.6122
SPADES THREE DIAMONDS FIVE,0.6714,0.069,0.2596
CLUBS TEN SPADES QUEEN,0.2724,0.042,0.6856
CLUBS NINE CLUBS SIX,0.5482,0.0264,0.4254
CLUBS NINE HEARTS NINE,0.2974,0.0388,0.6638
HEARTS KING DIAMONDS SEVEN,0.3984,0.0078,0.5938
DIAMONDS TWO SPADES THREE,0.6852,0.081,0.2338
HEARTS FOUR DIAMONDS FIVE,0.5684,0.0292,0.4024
CLUBS SEVEN SPADES THREE,0.6932,0.0708,0.236
DIAMONDS NINE HEARTS JACK,0.3592,0.0124,0.6284
DIAMONDS TWO HEARTS ACE,0.406,0.0058,0.5882
SPADES TEN SPADES SEVEN,0.256,0.2608,0.4832
SPADES NINE DIAMONDS KING,0.3912,0.0054,0.6034
HEARTS SEVEN CLUBS NINE,0.5714,0.0284,0.4002
CLUBS JACK CLUBS EIGHT,0.3618,0.019,0.6192
HEARTS TWO DIAMONDS QUEEN,0.4294,0.0144,0.5562
CLUBS TWO DIAMONDS EIGHT,0.6432,0.0282,0.3286
CLUBS NINE DIAMONDS SEVEN,0.5638,0.027,0.4092
SPADES TEN SPADES FIVE,0.2528,0.4032,0.344
HEARTS KING HEARTS JACK,0.2992,0.0096,0.6912
DIAMONDS SIX HEARTS NINE,0.574,0.0258,0.4002
DIAMONDS ACE DIAMONDS QUEEN,0.3464,0.006,0.6476
CLUBS QUEEN HEARTS EIGHT,0.3846,0.0094,0.606
DIAMONDS TEN DIAMONDS NINE,0.266,0.1492,0.5848
HEARTS TWO HEARTS QUEEN,0.3748,0.0128,0.6124
HEARTS KING CLUBS QUEEN,0.3448,0.0072,0.648
DIAMONDS ACE HEARTS EIGHT,0.3834,0.006,0.6106
HEARTS NINE DIAMONDS FIVE,0.594,0.0266,0.3794
HEARTS FIVE DIAMONDS FOUR,0.5604,0.0312,0.4084
SPADES FIVE DIAMONDS SEVEN,0.5768,0.0308,0.3924
CLUBS NINE DIAMONDS KING,0.3872,0.006,0.6068
SPADES NINE DIAMONDS FOUR,0.6226,0.0234,0.354
DIAMONDS EIGHT HEARTS QUEEN,0.3656,0.0136,0.6208
SPADES ACE CLUBS FIVE,0.3964,0.0058,0.5978
HEARTS TWO DIAMONDS SIX,0.6238,0.026,0.3502
SPADES KING CLUBS FIVE,0.4128,0.0076,0.5796
SPADES NINE DIAMONDS FIVE,0.6004,0.028,0.3716
SPADES FOUR CLUBS ACE,0.3986,0.0062,0.5952
DIAMONDS JACK DIAMONDS SIX,0.37,0.017,0.613
SPADES ACE SPADES TWO,0.4142,0.0062,0.5796
SPADES ACE SPADES FIVE,0.3676,0.0056,0.6268
SPADES ACE DIAMONDS TWO,0.4108,0.0072,0.582
SPADES ACE DIAMONDS NINE,0.4102,0.0036,0.5862
CLUBS FIVE HEARTS ACE,0.3658,0.0044,0.6298
SPADES QUEEN SPADES FOUR,0.3842,0.0132,0.6026
SPADES SIX SPADES FIVE,0.5386,0.0256,0.4358
SPADES FIVE HEARTS JACK,0.3862,0.0188,0.595
SPADES THREE HEARTS EIGHT,0.6946,0.0728,0.2326
CLUBS JACK DIAMONDS TWO,0.4276,0.0154,0.557
SPADES ACE DIAMONDS QUEEN,0.368,0.0034,0.6286
SPADES SEVEN CLUBS THREE,0.6786,0.0738,0.2476
CLUBS FIVE CLUBS TWO,0.5804,0.0324,0.3872
HEARTS SIX DIAMONDS QUEEN,0.395,0.0126,0.5924
SPADES JACK DIAMONDS FOUR,0.3902,0.0164,0.5934
SPADES TEN SPADES SIX,0.2566,0.3258,0.4176
SPADES KING CLUBS TEN,0.2656,0.0364,0.698
CLUBS EIGHT CLUBS TWO,0.595,0.0278,0.3772
HEARTS SEVEN DIAMONDS TEN,0.262,0.2788,0.4592
CLUBS ACE DIAMONDS FIVE,0.3856,0.005,0.6094
SPADES SEVEN DIAMONDS FIVE,0.5808,0.0272,0.392
DIAMONDS TWO SPADES TEN,0.3036,0.4836,0.2128
DIAMONDS QUEEN SPADES FIVE,0.3974,0.0104,0.5922
CLUBS FOUR DIAMONDS SIX,0.5888,0.0282,0.383
CLUBS TEN SPADES NINE,0.2724,0.166,0.5616
CLUBS SEVEN HEARTS EIGHT,0.5584,0.0266,0.415
CLUBS SEVEN HEARTS KING,0.3866,0.0062,0.6072
HEARTS FIVE DIAMONDS KING,0.3824,0.009,0.6086
HEARTS SEVEN CLUBS FOUR,0.5754,0.0304,0.3942
CLUBS SEVEN SPADES EIGHT,0.565,0.023,0.412
HEARTS FIVE CLUBS QUEEN,0.3934,0.0146,0.592
CLUBS EIGHT HEARTS JACK,0.3808,0.0166,0.6026
CLUBS SIX HEARTS QUEEN,0.388,0.0144,0.5976
HEARTS ACE DIAMONDS EIGHT,0.389,0.0052,0.6058
SPADES NINE CLUBS FIVE,0.6046,0.0296,0.3658
HEARTS SIX CLUBS SEVEN,0.5498,0.0314,0.4188
CLUBS SEVEN DIAMONDS FIVE,0.5766,0.0238,0.3996
SPADES JACK DIAMONDS ACE,0.3624,0.005,0.6326
CLUBS THREE SPADES FOUR,0.6604,0.0746,0.265
CLUBS SEVEN SPADES NINE,0.5756,0.024,0.4004
SPADES TWO HEARTS EIGHT,0.6268,0.0268,0.3464
HEARTS FOUR HEARTS ACE,0.3402,0.0066,0.6532
CLUBS FOUR HEARTS JACK,0.39,0.018,0.592
DIAMONDS THREE SPADES QUEEN,0.29,0.0456,0.6644
CLUBS TWO HEARTS KING,0.4142,0.0098,0.576
SPADES KING DIAMONDS QUEEN,0.3518,0.004,0.6442
HEARTS FIVE SPADES TEN,0.2548,0.4484,0.2968
SPADES SEVEN DIAMONDS JACK,0.3962,0.0188,0.585
CLUBS TWO DIAMONDS NINE,0.6464,0.0304,0.3232
DIAMONDS TEN HEARTS NINE,0.2508,0.1658,0.5834
DIAMONDS TEN DIAMONDS EIGHT,0.2504,0.2018,0.5478
DIAMONDS THREE DIAMONDS NINE,0.6598,0.076,0.2642
DIAMONDS FIVE HEARTS EIGHT,0.5816,0.0264,0.392
SPADES KING SPADES TWO,0.4062,0.0072,0.5866
CLUBS ACE DIAMONDS FOUR,0.3834,0.0044,0.6122
SPADES FIVE DIAMONDS EIGHT,0.5836,0.0302,0.3862
CLUBS NINE SPADES NINE,0.3172,0.0376,0.6452
SPADES TEN HEARTS NINE,0.2702,0.1702,0.5596
SPADES SIX DIAMONDS NINE,0.5932,0.0262,0.3806
DIAMONDS KING SPADES FOUR,0.3992,0.0084,0.5924
SPADES ACE SPADES EIGHT,0.382,0.0036,0.6144
SPADES FOUR CLUBS KING,0.413,0.0084,0.5786
DIAMONDS QUEEN HEARTS QUEEN,0.1646,0.0212,0.8142
SPADES JACK SPADES TEN,0.2452,0.0524,0.7024
SPADES KING CLUBS ACE,0.3748,0.0036,0.6216
CLUBS JACK SPADES JACK,0.1814,0.0222,0.7964
DIAMONDS NINE HEARTS KING,0.374,0.0096,0.6164
HEARTS QUEEN HEARTS JACK,0.2954,0.0108,0.6938
SPADES NINE DIAMONDS SIX,0.5842,0.0236,0.3922
DIAMONDS QUEEN CLUBS ACE,0.3664,0.0042,0.6294
HEARTS SIX HEARTS FOUR,0.563,0.0288,0.4082
DIAMONDS TWO DIAMONDS ACE,0.3986,0.0048,0.5966
SPADES KING SPADES SIX,0.3728,0.0086,0.6186
SPADES JACK DIAMONDS SIX,0.4122,0.017,0.5708
SPADES NINE SPADES SIX,0.5518,0.0296,0.4186
SPADES FIVE DIAMONDS FOUR,0.5682,0.0294,0.4024
CLUBS SIX DIAMONDS EIGHT,0.5754,0.0306,0.394
SPADES ACE CLUBS JACK,0.3576,0.0046,0.6378
SPADES TEN HEARTS TWO,0.3016,0.481,0.2174
SPADES EIGHT HEARTS ACE,0.3978,0.0034,0.5988
SPADES SIX HEARTS JACK,0.3934,0.02,0.5866
DIAMONDS SEVEN CLUBS QUEEN,0.4058,0.01,0.5842
HEARTS KING SPADES TWO,0.4174,0.0102,0.5724
CLUBS FOUR CLUBS THREE,0.6284,0.0736,0.298
HEARTS SIX SPADES THREE,0.6774,0.073,0.2496
CLUBS TEN CLUBS TWO,0.2846,0.4586,0.2568
HEARTS SEVEN DIAMONDS NINE,0.5628,0.027,0.4102
HEARTS SEVEN HEARTS FOUR,0.5782,0.0336,0.3882
SPADES TWO CLUBS QUEEN,0.4234,0.013,0.5636
HEARTS FOUR SPADES TWO,0.614,0.0334,0.3526
HEARTS JACK CLUBS QUEEN,0.3334,0.0096,0.657
SPADES JACK SPADES NINE,0.3374,0.0138,0.6488
SPADES QUEEN SPADES THREE,0.2778,0.0382,0.684
HEARTS ACE DIAMONDS NINE,0.375,0.0054,0.6196
CLUBS TEN DIAMONDS ACE,0.2782,0.0226,0.6992
SPADES KING DIAMONDS JACK,0.3514,0.0066,0.642
DIAMONDS SEVEN CLUBS ACE,0.3996,0.004,0.5964
HEARTS ACE DIAMONDS FOUR,0.361,0.0052,0.6338
HEARTS TWO SPADES EIGHT,0.6298,0.029,0.3412
CLUBS TWO HEARTS EIGHT,0.63,0.0304,0.3396
CLUBS JACK SPADES SEVEN,0.3808,0.0172,0.602
SPADES EIGHT CLUBS QUEEN,0.3982,0.0094,0.5924
HEARTS SEVEN SPADES JACK,0.3788,0.0196,0.6016
CLUBS TEN HEARTS ACE,0.2504,0.023,0.7266
SPADES TEN DIAMONDS FOUR,0.2586,0.4902,0.2512
CLUBS JACK SPADES NINE,0.3684,0.0142,0.6174
CLUBS FIVE CLUBS ACE,0.3812,0.0048,0.614
HEARTS ACE DIAMONDS FIVE,0.3772,0.0052,0.6176
SPADES SEVEN CLUBS FOUR,0.5964,0.0308,0.3728
HEARTS SIX DIAMONDS FIVE,0.571,0.027,0.402
HEARTS SEVEN HEARTS NINE,0.5632,0.0242,0.4126
HEARTS FOUR HEARTS KING,0.358,0.0074,0.6346
DIAMONDS NINE HEARTS QUEEN,0.3774,0.0104,0.6122
CLUBS SEVEN DIAMONDS ACE,0.418,0.0022,0.5798
SPADES FOUR DIAMONDS SEVEN,0.5966,0.0264,0.377
CLUBS JACK CLUBS TEN,0.248,0.0564,0.6956
CLUBS JACK SPADES TEN,0.269,0.0534,0.6776
SPADES JACK SPADES FIVE,0.3716,0.0188,0.6096
SPADES KING CLUBS KING,0.1864,0.008,0.8056
CLUBS SEVEN DIAMONDS KING,0.4068,0.0076,0.5856
CLUBS SEVEN CLUBS FIVE,0.5394,0.028,0.4326
SPADES KING SPADES JACK,0.3328,0.0078,0.6594
HEARTS FIVE DIAMONDS ACE,0.3898,0.0054,0.6048
CLUBS SEVEN CLUBS SIX,0.5338,0.0302,0.436
DIAMONDS THREE SPADES NINE,0.713,0.0662,0.2208
CLUBS NINE SPADES EIGHT,0.5632,0.0238,0.413
DIAMONDS THREE SPADES TEN,0.0726,0.9068,0.0206
CLUBS TEN DIAMONDS KING,0.2798,0.0328,0.6874
DIAMONDS THREE DIAMONDS FIVE,0.6302,0.0696,0.3002
DIAMONDS KING DIAMONDS FIVE,0.3916,0.0082,0.6002
SPADES ACE SPADES SIX,0.3924,0.0042,0.6034
CLUBS TWO CLUBS KING,0.3976,0.0088,0.5936
CLUBS FIVE DIAMONDS SEVEN,0.5816,0.0232,0.3952
SPADES NINE SPADES THREE,0.6612,0.0728,0.266
DIAMONDS TWO CLUBS ACE,0.4226,0.0048,0.5726
SPADES KING CLUBS EIGHT,0.4016,0.0066,0.5918
HEARTS TWO SPADES THREE,0.6826,0.0756,0.2418
CLUBS TEN CLUBS SEVEN,0.2554,0.255,0.4896
CLUBS NINE HEARTS FOUR,0.599,0.0306,0.3704
DIAMONDS KING DIAMONDS SIX,0.3836,0.0076,0.6088
HEARTS FOUR CLUBS THREE,0.657,0.0776,0.2654
SPADES EIGHT DIAMONDS QUEEN,0.3886,0.0108,0.6006
CLUBS SIX HEARTS NINE,0.5886,0.0228,0.3886
CLUBS SIX DIAMONDS NINE,0.5886,0.024,0.3874
CLUBS FIVE SPADES SIX,0.5828,0.0268,0.3904
CLUBS SEVEN DIAMONDS FOUR,0.5904,0.0284,0.3812
CLUBS SEVEN SPADES FOUR,0.5944,0.0294,0.3762
SPADES JACK DIAMONDS QUEEN,0.3454,0.0082,0.6464
CLUBS SIX HEARTS KING,0.3766,0.0096,0.6138
SPADES JACK SPADES EIGHT,0.3646,0.0146,0.6208
CLUBS JACK DIAMONDS EIGHT,0.3778,0.0156,0.6066
SPADES THREE DIAMONDS SEVEN,0.6938,0.0722,0.234
SPADES FIVE HEARTS NINE,0.5798,0.03,0.3902
DIAMONDS ACE DIAMONDS SEVEN,0.3696,0.006,0.6244
DIAMONDS QUEEN DIAMONDS SIX,0.3834,0.0116,0.605
CLUBS TEN CLUBS KING,0.2644,0.0334,0.7022
CLUBS FOUR DIAMONDS FIVE,0.5842,0.0292,0.3866
DIAMONDS SIX CLUBS QUEEN,0.409,0.0108,0.5802
DIAMONDS JACK DIAMONDS NINE,0.3556,0.0154,0.629
CLUBS EIGHT CLUBS ACE,0.3686,0.0054,0.626
DIAMONDS EIGHT HEARTS NINE,0.5414,0.0208,0.4378
HEARTS SIX SPADES JACK,0.4128,0.0204,0.5668
SPADES QUEEN CLUBS TWO,0.4388,0.013,0.5482
CLUBS SEVEN CLUBS ACE,0.374,0.0056,0.6204
HEARTS SIX SPADES TWO,0.6336,0.0314,0.335
HEARTS TWO CLUBS TWO,0.4146,0.0766,0.5088
DIAMONDS ACE CLUBS ACE,0.171,0.0032,0.8258
DIAMONDS KING SPADES SEVEN,0.3946,0.0064,0.599
CLUBS TEN SPADES THREE,0.0706,0.9054,0.024
CLUBS SIX DIAMONDS TEN,0.2572,0.3526,0.3902
CLUBS FOUR DIAMONDS QUEEN,0.4066,0.013,0.5804
SPADES KING DIAMONDS NINE,0.4016,0.0078,0.5906
HEARTS TWO CLUBS KING,0.413,0.0088,0.5782
CLUBS THREE HEARTS JACK,0.2678,0.055,0.6772
CLUBS SEVEN DIAMONDS EIGHT,0.5488,0.0258,0.4254
HEARTS SEVEN SPADES KING,0.3858,0.0072,0.607
SPADES ACE SPADES SEVEN,0.3712,0.0044,0.6244
DIAMONDS NINE DIAMONDS FIVE,0.565,0.0246,0.4104
HEARTS ACE CLUBS QUEEN,0.3622,0.0042,0.6336
DIAMONDS QUEEN SPADES THREE,0.2774,0.044,0.6786
DIAMONDS TEN CLUBS QUEEN,0.2536,0.051,0.6954
SPADES EIGHT SPADES THREE,0.6544,0.0702,0.2754
CLUBS NINE SPADES TEN,0.271,0.1572,0.5718
DIAMONDS THREE CLUBS TEN,0.0724,0.908,0.0196
SPADES JACK CLUBS FIVE,0.3958,0.0182,0.586
CLUBS TEN HEARTS QUEEN,0.2532,0.049,0.6978
SPADES SEVEN HEARTS KING,0.3822,0.0074,0.6104
SPADES JACK DIAMONDS NINE,0.3752,0.0168,0.608
DIAMONDS KING DIAMONDS QUEEN,0.3378,0.0074,0.6548
CLUBS TEN DIAMONDS SIX,0.259,0.3498,0.3912
SPADES ACE SPADES NINE,0.37,0.003,0.627
DIAMONDS JACK CLUBS TWO,0.4196,0.0212,0.5592
DIAMONDS KING DIAMONDS NINE,0.3676,0.0086,0.6238
HEARTS ACE SPADES TWO,0.3962,0.0064,0.5974
CLUBS EIGHT CLUBS THREE,0.6648,0.064,0.2712
SPADES TWO HEARTS NINE,0.641,0.0338,0.3252
CLUBS JACK CLUBS FOUR,0.3664,0.016,0.6176
SPADES NINE HEARTS JACK,0.3578,0.017,0.6252
SPADES TEN DIAMONDS TEN,0.1348,0.0528,0.8124
HEARTS FOUR CLUBS FIVE,0.5726,0.0334,0.394
HEARTS FOUR HEARTS NINE,0.598,0.0296,0.3724
HEARTS SEVEN CLUBS QUEEN,0.398,0.0138,0.5882
SPADES TEN DIAMONDS NINE,0.2638,0.1632,0.573
HEARTS KING DIAMONDS FIVE,0.3822,0.007,0.6108
DIAMONDS TWO CLUBS FOUR,0.6208,0.0296,0.3496
CLUBS NINE SPADES THREE,0.706,0.0742,0.2198
DIAMONDS KING HEARTS NINE,0.3774,0.0064,0.6162
CLUBS SEVEN DIAMONDS JACK,0.3928,0.0166,0.5906
SPADES ACE SPADES JACK,0.3572,0.0036,0.6392
SPADES FOUR DIAMONDS NINE,0.6088,0.0298,0.3614
CLUBS JACK DIAMONDS KING,0.3428,0.0068,0.6504
DIAMONDS KING DIAMONDS JACK,0.3284,0.0052,0.6664
DIAMONDS SEVEN HEARTS JACK,0.3814,0.0208,0.5978
CLUBS SEVEN HEARTS ACE,0.3924,0.0054,0.6022
SPADES THREE CLUBS ACE,0.2716,0.018,0.7104
SPADES KING DIAMONDS SIX,0.4044,0.007,0.5886
CLUBS KING DIAMONDS FIVE,0.4044,0.0088,0.5868
SPADES TWO DIAMONDS SEVEN,0.6362,0.0248,0.339
SPADES NINE DIAMONDS EIGHT,0.5602,0.0238,0.416
DIAMONDS TWO SPADES EIGHT,0.6368,0.0268,0.3364
DIAMONDS ACE SPADES EIGHT,0.3914,0.0026,0.606
SPADES EIGHT DIAMONDS NINE,0.5574,0.0266,0.416
DIAMONDS TWO HEARTS NINE,0.6452,0.0284,0.3264
SPADES THREE HEARTS KING,0.2712,0.0352,0.6936
HEARTS SEVEN DIAMONDS JACK,0.384,0.0168,0.5992
DIAMONDS TWO DIAMONDS TEN,0.3074,0.4584,0.2342
CLUBS TEN CLUBS FIVE,0.2484,0.4178,0.3338
CLUBS QUEEN DIAMONDS FOUR,0.3926,0.014,0.5934
SPADES SIX DIAMONDS FIVE,0.5774,0.0274,0.3952
HEARTS FIVE DIAMONDS SIX,0.558,0.0302,0.4118
CLUBS SEVEN HEARTS TWO,0.6302,0.0314,0.3384
CLUBS THREE HEARTS QUEEN,0.2668,0.0402,0.693
DIAMONDS KING HEARTS JACK,0.339,0.0068,0.6542
SPADES QUEEN HEARTS JACK,0.3366,0.0104,0.653
CLUBS SEVEN HEARTS QUEEN,0.3846,0.0096,0.6058
HEARTS KING DIAMONDS SIX,0.3876,0.0068,0.6056
SPADES QUEEN DIAMONDS JACK,0.3374,0.009,0.6536
HEARTS JACK CLUBS KING,0.3314,0.0092,0.6594
HEARTS SIX DIAMONDS KING,0.395,0.0088,0.5962
SPADES NINE CLUBS TWO,0.6338,0.029,0.3372
SPADES KING CLUBS FOUR,0.404,0.0076,0.5884
CLUBS TWO SPADES TWO,0.4084,0.078,0.5136
CLUBS SIX CLUBS QUEEN,0.3792,0.0094,0.6114
SPADES EIGHT CLUBS KING,0.399,0.0072,0.5938
CLUBS NINE HEARTS ACE,0.3862,0.005,0.6088
SPADES EIGHT DIAMONDS JACK,0.378,0.0154,0.6066
HEARTS KING DIAMONDS FOUR,0.3812,0.0092,0.6096
SPADES ACE CLUBS TEN,0.2774,0.0218,0.7008
DIAMONDS SIX DIAMONDS FOUR,0.5534,0.0326,0.414
HEARTS SIX SPADES TEN,0.2632,0.361,0.3758
CLUBS EIGHT DIAMONDS SEVEN,0.5594,0.0258,0.4148
HEARTS SEVEN HEARTS EIGHT,0.5368,0.0258,0.4374
DIAMONDS TWO HEARTS TWO,0.4128,0.073,0.5142
HEARTS ACE CLUBS ACE,0.1594,0.0038,0.8368
CLUBS TWO HEARTS NINE,0.6264,0.0278,0.3458
SPADES JACK CLUBS FOUR,0.393,0.0166,0.5904
HEARTS SIX SPADES FIVE,0.566,0.0322,0.4018
SPADES TEN CLUBS FIVE,0.2624,0.4412,0.2964
HEARTS EIGHT DIAMONDS FOUR,0.596,0.0248,0.3792
SPADES THREE DIAMONDS EIGHT,0.7,0.075,0.225
SPADES TWO DIAMONDS FIVE,0.629,0.0318,0.3392
HEARTS FOUR SPADES SEVEN,0.5876,0.0294,0.383
DIAMONDS ACE CLUBS QUEEN,0.3626,0.0042,0.6332
CLUBS NINE SPADES JACK,0.3678,0.0188,0.6134
CLUBS TEN DIAMONDS TWO,0.2996,0.492,0.2084
SPADES ACE HEARTS FOUR,0.3756,0.0034,0.621
HEARTS QUEEN DIAMONDS FOUR,0.4044,0.0132,0.5824
CLUBS EIGHT SPADES EIGHT,0.2966,0.0434,0.66
HEARTS ACE CLUBS KING,0.357,0.0042,0.6388
SPADES QUEEN DIAMONDS FIVE,0.4088,0.0098,0.5814
SPADES THREE DIAMONDS SIX,0.68,0.0686,0.2514
SPADES SIX CLUBS QUEEN,0.3954,0.0108,0.5938
SPADES ACE DIAMONDS JACK,0.3528,0.0042,0.643
HEARTS JACK HEARTS EIGHT,0.332,0.0186,0.6494
DIAMONDS NINE DIAMONDS EIGHT,0.522,0.0246,0.4534
HEARTS FIVE SPADES SEVEN,0.5762,0.0246,0.3992
SPADES QUEEN CLUBS QUEEN,0.1818,0.0158,0.8024
CLUBS NINE SPADES TWO,0.649,0.0286,0.3224
SPADES EIGHT SPADES FIVE,0.5468,0.0266,0.4266
CLUBS FOUR SPADES TWO,0.6124,0.0298,0.3578
DIAMONDS THREE CLUBS QUEEN,0.2946,0.0404,0.665
HEARTS SIX CLUBS FOUR,0.5738,0.0316,0.3946
HEARTS JACK DIAMONDS FIVE,0.3802,0.0182,0.6016
SPADES FOUR SPADES TWO,0.5834,0.0292,0.3874
SPADES ACE DIAMONDS FIVE,0.3922,0.0048,0.603
SPADES TEN CLUBS ACE,0.2724,0.0272,0.7004
DIAMONDS THREE SPADES EIGHT,0.6966,0.0732,0.2302
DIAMONDS TWO HEARTS JACK,0.4114,0.02,0.5686
SPADES ACE HEARTS KING,0.3476,0.0052,0.6472
CLUBS NINE HEARTS QUEEN,0.3804,0.0112,0.6084
SPADES JACK SPADES SIX,0.3724,0.0148,0.6128
HEARTS KING HEARTS NINE,0.352,0.0082,0.6398
CLUBS FOUR HEARTS NINE,0.5962,0.0298,0.374
SPADES FOUR HEARTS ACE,0.3814,0.0052,0.6134
SPADES THREE HEARTS JACK,0.2684,0.0592,0.6724
DIAMONDS QUEEN CLUBS QUEEN,0.1814,0.0166,0.802
CLUBS NINE DIAMONDS QUEEN,0.3698,0.0108,0.6194
CLUBS JACK DIAMONDS SIX,0.4052,0.0186,0.5762
HEARTS FOUR DIAMONDS NINE,0.6004,0.0266,0.373
CLUBS TWO SPADES THREE,0.6834,0.0826,0.234
HEARTS ACE HEARTS NINE,0.351,0.0048,0.6442
HEARTS FOUR HEARTS TWO,0.5964,0.0318,0.3718
SPADES KING HEARTS ACE,0.3396,0.0056,0.6548
HEARTS FIVE CLUBS THREE,0.6614,0.075,0.2636
HEARTS SEVEN CLUBS KING,0.399,0.0074,0.5936
SPADES QUEEN CLUBS NINE,0.393,0.0088,0.5982
CLUBS SIX CLUBS THREE,0.643,0.0666,0.2904
HEARTS FOUR HEARTS JACK,0.3424,0.022,0.6356
DIAMONDS JACK HEARTS NINE,0.3738,0.017,0.6092
CLUBS KING HEARTS NINE,0.3786,0.0086,0.6128
SPADES SEVEN SPADES FOUR,0.5538,0.0276,0.4186
CLUBS TEN HEARTS JACK,0.244,0.058,0.698
SPADES KING DIAMONDS SEVEN,0.4002,0.0064,0.5934
DIAMONDS TEN HEARTS ACE,0.2428,0.0242,0.733
HEARTS TWO DIAMONDS TEN,0.3086,0.4838,0.2076
SPADES ACE SPADES KING,0.3418,0.0054,0.6528
CLUBS JACK HEARTS JACK,0.1804,0.024,0.7956
SPADES NINE CLUBS SIX,0.5876,0.0254,0.387
HEARTS NINE HEARTS EIGHT,0.5446,0.0262,0.4292
HEARTS SEVEN HEARTS QUEEN,0.3412,0.0132,0.6456
HEARTS SIX CLUBS QUEEN,0.3938,0.0112,0.595
DIAMONDS ACE HEARTS NINE,0.378,0.005,0.617
CLUBS ACE HEARTS EIGHT,0.384,0.0058,0.6102
HEARTS SEVEN SPADES QUEEN,0.3848,0.0094,0.6058
SPADES TWO DIAMONDS FOUR,0.6124,0.0288,0.3588
SPADES EIGHT HEARTS EIGHT,0.3096,0.0486,0.6418
CLUBS JACK HEARTS QUEEN,0.3334,0.0092,0.6574
CLUBS FOUR DIAMONDS NINE,0.6262,0.0252,0.3486
SPADES THREE HEARTS NINE,0.698,0.0796,0.2224
SPADES FIVE DIAMONDS TEN,0.2724,0.4272,0.3004
HEARTS SEVEN SPADES EIGHT,0.5546,0.0272,0.4182
CLUBS JACK HEARTS ACE,0.3466,0.0046,0.6488
SPADES THREE HEARTS QUEEN,0.2686,0.0422,0.6892
SPADES TEN DIAMONDS EIGHT,0.2716,0.2142,0.5142
SPADES TEN DIAMONDS FIVE,0.2656,0.4336,0.3008
CLUBS TEN DIAMONDS FIVE,0.2614,0.4312,0.3074
DIAMONDS KING HEARTS QUEEN,0.3424,0.0076,0.65
HEARTS SEVEN CLUBS ACE,0.3986,0.0044,0.597
SPADES KING SPADES QUEEN,0.3354,0.0072,0.6574
HEARTS SEVEN DIAMONDS SIX,0.5596,0.0264,0.414
CLUBS THREE CLUBS QUEEN,0.2732,0.0414,0.6854
CLUBS NINE DIAMONDS FIVE,0.5958,0.0282,0.376
CLUBS FOUR HEARTS QUEEN,0.3808,0.013,0.6062
HEARTS SIX HEARTS NINE,0.5768,0.0246,0.3986
DIAMONDS JACK HEARTS ACE,0.3486,0.0048,0.6466
DIAMONDS THREE CLUBS EIGHT,0.7136,0.0698,0.2166
SPADES ACE SPADES THREE,0.2732,0.0174,0.7094
CLUBS EIGHT SPADES SIX,0.5714,0.0282,0.4004
CLUBS TWO HEARTS QUEEN,0.411,0.0174,0.5716
DIAMONDS ACE HEARTS QUEEN,0.3502,0.004,0.6458
SPADES NINE HEARTS KING,0.3722,0.0054,0.6224
CLUBS EIGHT CLUBS FOUR,0.5498,0.0284,0.4218
SPADES SEVEN HEARTS EIGHT,0.54,0.026,0.434
CLUBS NINE CLUBS EIGHT,0.5298,0.0268,0.4434
HEARTS SEVEN HEARTS ACE,0.3484,0.0032,0.6484
SPADES SEVEN CLUBS KING,0.4076,0.0108,0.5816
CLUBS FIVE DIAMONDS NINE,0.5974,0.0264,0.3762
HEARTS SEVEN DIAMONDS ACE,0.3838,0.006,0.6102
SPADES SIX DIAMONDS TEN,0.2712,0.3602,0.3686
CLUBS NINE DIAMONDS EIGHT,0.5462,0.025,0.4288
DIAMONDS TEN HEARTS QUEEN,0.2566,0.045,0.6984
DIAMONDS SEVEN HEARTS EIGHT,0.5502,0.026,0.4238
SPADES JACK CLUBS ACE,0.354,0.003,0.643
SPADES FIVE SPADES FOUR,0.5296,0.0316,0.4388
DIAMONDS THREE CLUBS KING,0.2742,0.0384,0.6874
SPADES QUEEN SPADES EIGHT,0.382,0.0112,0.6068
CLUBS TWO DIAMONDS SEVEN,0.6346,0.0278,0.3376
CLUBS SIX CLUBS TWO,0.5896,0.0318,0.3786
DIAMONDS THREE SPADES FIVE,0.6532,0.0788,0.268
HEARTS TWO CLUBS THREE,0.679,0.0774,0.2436
HEARTS TWO SPADES FIVE,0.6226,0.0286,0.3488
HEARTS SEVEN HEARTS TWO,0.6086,0.0262,0.3652
SPADES FIVE DIAMONDS NINE,0.6056,0.0274,0.367
CLUBS FIVE SPADES TWO,0.6164,0.0344,0.3492
DIAMONDS ACE CLUBS KING,0.353,0.005,0.642
SPADES SEVEN SPADES FIVE,0.5538,0.0284,0.4178
DIAMONDS EIGHT HEARTS JACK,0.3694,0.0176,0.613
SPADES ACE HEARTS EIGHT,0.3904,0.0046,0.605
HEARTS FIVE SPADES JACK,0.3898,0.0178,0.5924
HEARTS FOUR CLUBS ACE,0.385,0.0046,0.6104
SPADES TEN CLUBS QUEEN,0.264,0.0422,0.6938
SPADES KING DIAMONDS ACE,0.3614,0.0048,0.6338
DIAMONDS TWO DIAMONDS SIX,0.5894,0.0298,0.3808
CLUBS JACK SPADES FOUR,0.387,0.0188,0.5942
SPADES SIX CLUBS KING,0.3806,0.0074,0.612
SPADES EIGHT CLUBS TWO,0.632,0.0312,0.3368
SPADES EIGHT DIAMONDS SIX,0.575,0.0272,0.3978
SPADES ACE HEARTS TWO,0.4078,0.0056,0.5866
SPADES FOUR HEARTS JACK,0.3886,0.02,0.5914
CLUBS EIGHT SPADES THREE,0.7006,0.0688,0.2306
DIAMONDS NINE DIAMONDS FOUR,0.5678,0.0258,0.4064
CLUBS TEN SPADES JACK,0.2764,0.0502,0.6734
DIAMONDS THREE SPADES THREE,0.3342,0.0504,0.6154
CLUBS TWO CLUBS ACE,0.4026,0.0046,0.5928
CLUBS THREE SPADES TWO,0.6876,0.0792,0.2332
CLUBS EIGHT DIAMONDS JACK,0.3782,0.017,0.6048
DIAMONDS THREE DIAMONDS JACK,0.2648,0.055,0.6802
SPADES KING SPADES SEVEN,0.38,0.0076,0.6124
CLUBS TEN SPADES SEVEN,0.2614,0.267,0.4716
SPADES SEVEN HEARTS ACE,0.387,0.005,0.608
DIAMONDS THREE HEARTS EIGHT,0.6948,0.076,0.2292
DIAMONDS SIX HEARTS EIGHT,0.5648,0.0296,0.4056
CLUBS JACK DIAMONDS FIVE,0.4014,0.0174,0.5812
HEARTS SEVEN SPADES SIX,0.5564,0.0254,0.4182
DIAMONDS QUEEN DIAMONDS FIVE,0.3728,0.012,0.6152
CLUBS SEVEN HEARTS NINE,0.549,0.0296,0.4214
SPADES FOUR HEARTS EIGHT,0.5856,0.0244,0.39
DIAMONDS JACK HEARTS QUEEN,0.3324,0.0096,0.658
SPADES EIGHT HEARTS QUEEN,0.3872,0.0128,0.6
HEARTS FIVE SPADES TWO,0.6052,0.0312,0.3636
DIAMONDS ACE DIAMONDS JACK,0.328,0.0062,0.6658
HEARTS SEVEN DIAMONDS FIVE,0.5794,0.0318,0.3888
DIAMONDS THREE CLUBS SIX,0.6846,0.0692,0.2462
SPADES FOUR HEARTS NINE,0.6028,0.0278,0.3694
CLUBS NINE HEARTS JACK,0.3592,0.0126,0.6282
HEARTS FIVE DIAMONDS TEN,0.2506,0.4378,0.3116
DIAMONDS THREE DIAMONDS ACE,0.262,0.016,0.722
HEARTS FOUR CLUBS SEVEN,0.5848,0.0248,0.3904
HEARTS SEVEN CLUBS FIVE,0.5774,0.0276,0.395
HEARTS ACE DIAMONDS SIX,0.3906,0.0042,0.6052
HEARTS SEVEN HEARTS JACK,0.3262,0.0186,0.6552
CLUBS EIGHT DIAMONDS QUEEN,0.3944,0.0136,0.592
DIAMONDS QUEEN DIAMONDS JACK,0.3332,0.0094,0.6574
CLUBS SEVEN CLUBS THREE,0.6426,0.0702,0.2872
DIAMONDS THREE CLUBS THREE,0.3224,0.0494,0.6282
SPADES ACE HEARTS SEVEN,0.3866,0.004,0.6094
HEARTS SEVEN SPADES THREE,0.6806,0.0716,0.2478
HEARTS SIX CLUBS FIVE,0.5728,0.0294,0.3978
DIAMONDS TWO DIAMONDS NINE,0.6048,0.0248,0.3704
SPADES KING HEARTS QUEEN,0.35,0.0076,0.6424
CLUBS FIVE DIAMONDS JACK,0.401,0.017,0.582
SPADES QUEEN CLUBS SIX,0.4004,0.0096,0.59
SPADES TEN CLUBS KING,0.284,0.0364,0.6796
CLUBS SIX HEARTS EIGHT,0.5596,0.022,0.4184
HEARTS FIVE HEARTS EIGHT,0.5726,0.0302,0.3972
SPADES SEVEN DIAMONDS TEN,0.2834,0.2682,0.4484
CLUBS NINE SPADES FIVE,0.596,0.0266,0.3774
SPADES EIGHT SPADES SEVEN,0.5166,0.0244,0.459
DIAMONDS NINE SPADES THREE,0.696,0.0764,0.2276
HEARTS TWO HEARTS JACK,0.3722,0.0204,0.6074
HEARTS SIX SPADES QUEEN,0.3984,0.0128,0.5888
HEARTS SEVEN DIAMONDS QUEEN,0.3934,0.013,0.5936
HEARTS FOUR HEARTS QUEEN,0.3332,0.015,0.6518
SPADES KING DIAMONDS TWO,0.4292,0.0086,0.5622
SPADES JACK HEARTS KING,0.33,0.008,0.662
DIAMONDS JACK SPADES FOUR,0.3838,0.018,0.5982
DIAMONDS QUEEN SPADES TWO,0.4288,0.0136,0.5576
SPADES KING HEARTS TWO,0.4318,0.0058,0.5624
DIAMONDS KING DIAMONDS EIGHT,0.3792,0.0064,0.6144
CLUBS FIVE SPADES FOUR,0.5768,0.0284,0.3948
HEARTS FIVE HEARTS KING,0.3416,0.009,0.6494
HEARTS FOUR DIAMONDS ACE,0.3812,0.0054,0.6134
SPADES FOUR HEARTS QUEEN,0.3824,0.0108,0.6068
SPADES QUEEN SPADES NINE,0.3598,0.011,0.6292
HEARTS SEVEN SPADES FOUR,0.5792,0.0284,0.3924
HEARTS SIX CLUBS ACE,0.404,0.0056,0.5904
HEARTS FIVE HEARTS QUEEN,0.35,0.0126,0.6374
SPADES ACE CLUBS TWO,0.4246,0.0038,0.5716
DIAMONDS FIVE DIAMONDS FOUR,0.536,0.0218,0.4422
SPADES TWO DIAMONDS SIX,0.6362,0.0292,0.3346
CLUBS NINE CLUBS FOUR,0.5842,0.0278,0.388
HEARTS SIX HEARTS QUEEN,0.3398,0.0162,0.644
DIAMONDS THREE HEARTS KING,0.2722,0.033,0.6948
SPADES NINE HEARTS QUEEN,0.3638,0.0122,0.624
SPADES FOUR HEARTS KING,0.3868,0.0082,0.605
SPADES QUEEN DIAMONDS FOUR,0.4034,0.0134,0.5832
HEARTS FIVE DIAMONDS NINE,0.5976,0.0286,0.3738
SPADES JACK CLUBS KING,0.3574,0.005,0.6376
SPADES THREE DIAMONDS FOUR,0.645,0.0836,0.2714
SPADES KING SPADES FIVE,0.382,0.007,0.611
SPADES QUEEN HEARTS FIVE,0.394,0.0138,0.5922
SPADES JACK HEARTS ACE,0.3414,0.0056,0.653
CLUBS SEVEN SPADES TWO,0.6292,0.0342,0.3366
CLUBS TEN HEARTS SIX,0.2506,0.3728,0.3766
SPADES ACE HEARTS JACK,0.343,0.0064,0.6506
CLUBS SIX CLUBS KING,0.3938,0.0084,0.5978
DIAMONDS ACE HEARTS ACE,0.1514,0.0048,0.8438
DIAMONDS TWO DIAMONDS FOUR,0.5884,0.0276,0.384
CLUBS ACE HEARTS JACK,0.3422,0.006,0.6518
DIAMONDS KING SPADES SIX,0.3966,0.007,0.5964
CLUBS JACK DIAMONDS THREE,0.2796,0.058,0.6624
CLUBS FIVE HEARTS QUEEN,0.3864,0.0102,0.6034
DIAMONDS ACE CLUBS FIVE,0.4058,0.0056,0.5886
CLUBS THREE DIAMONDS FIVE,0.6582,0.0778,0.264
SPADES SEVEN CLUBS QUEEN,0.4038,0.011,0.5852
DIAMONDS KING CLUBS FOUR,0.391,0.0086,0.6004
SPADES NINE DIAMONDS ACE,0.4028,0.005,0.5922
CLUBS FIVE DIAMONDS TEN,0.2716,0.4372,0.2912
CLUBS NINE DIAMONDS TEN,0.2716,0.158,0.5704
HEARTS FIVE CLUBS SIX,0.578,0.029,0.393
SPADES ACE SPADES FOUR,0.3774,0.0048,0.6178
SPADES ACE HEARTS ACE,0.155,0.0038,0.8412
SPADES SEVEN HEARTS QUEEN,0.3818,0.0136,0.6046
DIAMONDS THREE DIAMONDS SIX,0.6392,0.0716,0.2892
CLUBS SIX DIAMONDS SEVEN,0.5602,0.0294,0.4104
DIAMONDS THREE SPADES SIX,0.6714,0.0656,0.263
CLUBS JACK HEARTS SEVEN,0.3876,0.0176,0.5948
SPADES KING CLUBS TWO,0.4238,0.0076,0.5686
SPADES TEN SPADES THREE,0.0636,0.8646,0.0718
HEARTS SEVEN CLUBS SIX,0.563,0.0264,0.4106
SPADES JACK CLUBS QUEEN,0.3456,0.0074,0.647
CLUBS SIX DIAMONDS SIX,0.3248,0.0592,0.616
SPADES TEN SPADES EIGHT,0.2546,0.1984,0.547
CLUBS TEN SPADES TEN,0.138,0.0562,0.8058
CLUBS TWO HEARTS ACE,0.4014,0.0058,0.5928
CLUBS EIGHT DIAMONDS FOUR,0.6056,0.0252,0.3692
HEARTS FIVE SPADES FIVE,0.3316,0.0618,0.6066
SPADES SIX HEARTS QUEEN,0.3894,0.0106,0.6
DIAMONDS TWO CLUBS SEVEN,0.6372,0.0306,0.3322
DIAMONDS SIX DIAMONDS FIVE,0.5334,0.0304,0.4362
CLUBS SEVEN SPADES FIVE,0.5782,0.0272,0.3946
CLUBS JACK HEARTS FIVE,0.3968,0.0182,0.585
DIAMONDS TWO HEARTS FIVE,0.6256,0.0306,0.3438
HEARTS FIVE HEARTS TWO,0.6108,0.0288,0.3604
SPADES NINE SPADES FIVE,0.5656,0.0216,0.4128
SPADES NINE CLUBS ACE,0.3886,0.0032,0.6082
DIAMONDS TWO DIAMONDS QUEEN,0.3944,0.015,0.5906
SPADES SIX CLUBS THREE,0.6836,0.0682,0.2482
CLUBS TWO DIAMONDS FOUR,0.6236,0.031,0.3454
CLUBS TEN DIAMONDS FOUR,0.2642,0.4872,0.2486
SPADES KING CLUBS QUEEN,0.3526,0.007,0.6404
DIAMONDS QUEEN SPADES FOUR,0.4082,0.0128,0.579
HEARTS QUEEN DIAMONDS FIVE,0.3848,0.0128,0.6024
HEARTS QUEEN CLUBS KING,0.3384,0.007,0.6546
DIAMONDS THREE SPADES JACK,0.2812,0.0574,0.6614
DIAMONDS EIGHT CLUBS QUEEN,0.3904,0.01,0.5996
CLUBS SIX DIAMONDS JACK,0.3882,0.0168,0.595
CLUBS FOUR CLUBS KING,0.3724,0.0086,0.619
DIAMONDS QUEEN HEARTS EIGHT,0.383,0.012,0.605
HEARTS SIX DIAMONDS TWO,0.613,0.031,0.356
SPADES JACK CLUBS EIGHT,0.3748,0.0178,0.6074
HEARTS TWO DIAMONDS SEVEN,0.6246,0.0294,0.346
CLUBS THREE HEARTS ACE,0.2798,0.0232,0.697
SPADES KING DIAMONDS FIVE,0.4118,0.0098,0.5784
SPADES QUEEN DIAMONDS NINE,0.3886,0.0112,0.6002
HEARTS ACE DIAMONDS SEVEN,0.392,0.006,0.602
CLUBS JACK HEARTS SIX,0.3898,0.0182,0.592
CLUBS EIGHT DIAMONDS KING,0.4022,0.0076,0.5902
CLUBS NINE HEARTS FIVE,0.5978,0.0244,0.3778
DIAMONDS THREE SPADES SEVEN,0.6844,0.0716,0.244
SPADES TEN HEARTS KING,0.259,0.036,0.705
HEARTS TWO HEARTS EIGHT,0.6418,0.0288,0.3294
CLUBS EIGHT SPADES NINE,0.5542,0.024,0.4218
DIAMONDS QUEEN DIAMONDS TEN,0.2532,0.043,0.7038
HEARTS SIX DIAMONDS SEVEN,0.5602,0.0262,0.4136
DIAMONDS NINE DIAMONDS SEVEN,0.5394,0.0224,0.4382
SPADES KING HEARTS FOUR,0.3988,0.009,0.5922
CLUBS SEVEN CLUBS FOUR,0.5516,0.027,0.4214
HEARTS TWO CLUBS SIX,0.6312,0.0318,0.337
HEARTS NINE CLUBS QUEEN,0.3756,0.0078,0.6166
SPADES NINE DIAMONDS NINE,0.3092,0.0384,0.6524
HEARTS KING CLUBS ACE,0.3558,0.0052,0.639
HEARTS SIX CLUBS TWO,0.6212,0.0312,0.3476
SPADES EIGHT CLUBS ACE,0.4084,0.0048,0.5868
DIAMONDS KING SPADES FIVE,0.4114,0.0064,0.5822
CLUBS SIX SPADES THREE,0.6862,0.0672,0.2466
CLUBS TEN DIAMONDS JACK,0.27,0.0468,0.6832
SPADES FIVE SPADES THREE,0.6328,0.0676,0.2996
SPADES QUEEN HEARTS ACE,0.3408,0.005,0.6542
HEARTS SEVEN CLUBS TWO,0.6166,0.0316,0.3518
SPADES QUEEN SPADES FIVE,0.3656,0.0108,0.6236
CLUBS FIVE CLUBS QUEEN,0.3784,0.013,0.6086
CLUBS SEVEN DIAMONDS NINE,0.5782,0.0232,0.3986
HEARTS FIVE HEARTS ACE,0.3394,0.0052,0.6554
HEARTS FIVE SPADES SIX,0.5538,0.028,0.4182
HEARTS SIX SPADES FOUR,0.5718,0.0258,0.4024
DIAMONDS EIGHT DIAMONDS SIX,0.524,0.0292,0.4468
CLUBS THREE DIAMONDS FOUR,0.6548,0.0696,0.2756
DIAMONDS THREE HEARTS FOUR,0.6664,0.0748,0.2588
DIAMONDS JACK CLUBS ACE,0.36,0.0034,0.6366
DIAMONDS TWO HEARTS EIGHT,0.626,0.0242,0.3498
HEARTS SIX SPADES EIGHT,0.5438,0.0238,0.4324
CLUBS JACK HEARTS EIGHT,0.3678,0.019,0.6132
CLUBS JACK HEARTS NINE,0.3668,0.0164,0.6168
HEARTS TWO SPADES NINE,0.6318,0.0318,0.3364
CLUBS JACK SPADES EIGHT,0.3804,0.0138,0.6058
HEARTS FOUR SPADES FIVE,0.5668,0.0306,0.4026
CLUBS FOUR HEARTS EIGHT,0.587,0.0284,0.3846
CLUBS SIX CLUBS ACE,0.3742,0.0056,0.6202
SPADES NINE SPADES TWO,0.6036,0.0234,0.373
HEARTS SIX HEARTS JACK,0.3412,0.018,0.6408
HEARTS SEVEN DIAMONDS THREE,0.6806,0.0756,0.2438
HEARTS FIVE SPADES FOUR,0.557,0.0332,0.4098
HEARTS SIX CLUBS SIX,0.3216,0.0564,0.622
SPADES FIVE HEARTS KING,0.393,0.0118,0.5952
SPADES KING CLUBS THREE,0.283,0.0262,0.6908
DIAMONDS TEN DIAMONDS SIX,0.2572,0.3278,0.415
SPADES SEVEN SPADES THREE,0.647,0.0672,0.2858
HEARTS FOUR DIAMONDS SIX,0.5666,0.0296,0.4038
SPADES EIGHT DIAMONDS FIVE,0.5894,0.0248,0.3858
DIAMONDS NINE DIAMONDS SIX,0.5438,0.0244,0.4318
SPADES EIGHT CLUBS FIVE,0.5894,0.0242,0.3864
SPADES FIVE HEARTS QUEEN,0.3816,0.0114,0.607
DIAMONDS EIGHT DIAMONDS FIVE,0.5506,0.0264,0.423
SPADES SIX SPADES THREE,0.65,0.0678,0.2822
CLUBS ACE DIAMONDS SIX,0.4086,0.0042,0.5872
HEARTS FIVE CLUBS EIGHT,0.5832,0.0266,0.3902
HEARTS SIX CLUBS EIGHT,0.5638,0.0266,0.4096
CLUBS SIX DIAMONDS ACE,0.4014,0.0032,0.5954
