opposingHand,winningChance,drawChance,lostChance
HEARTS ACE DIAMONDS EIGHT
HEARTS FIVE SPADES TEN,0.6382,0.0048,0.357
HEARTS FIVE SPADES JACK,0.632,0.0054,0.3626
CLUBS JACK SPADES FIVE,0.6348,0.002,0.3632
CLUBS TEN SPADES FIVE,0.6274,0.005,0.3676
CLUBS JACK CLUBS EIGHT,0.6662,0.0242,0.3096
CLUBS TEN CLUBS EIGHT,0.6548,0.02,0.3252
CLUBS EIGHT CLUBS KING,0.6908,0.0206,0.2886
SPADES FIVE CLUBS ACE,0.5312,0.221,0.2478
CLUBS EIGHT CLUBS QUEEN,0.6778,0.0254,0.2968
SPADES FIVE CLUBS KING,0.6328,0.0028,0.3644
SPADES FIVE CLUBS QUEEN,0.6224,0.004,0.3736
CLUBS EIGHT CLUBS ACE,0.0242,0.9036,0.0722
DIAMONDS TWO DIAMONDS THREE,0.6276,0.0058,0.3666
DIAMONDS TWO DIAMONDS FIVE,0.628,0.0056,0.3664
HEARTS FIVE SPADES KING,0.6334,0.0038,0.3628
DIAMONDS TWO DIAMONDS FOUR,0.6324,0.0044,0.3632
HEARTS FIVE SPADES QUEEN,0.6326,0.0046,0.3628
DIAMONDS TWO DIAMONDS SEVEN,0.6504,0.0052,0.3444
DIAMONDS TWO DIAMONDS SIX,0.6398,0.0064,0.3538
SPADES ACE HEARTS FIVE,0.5398,0.2362,0.224
DIAMONDS TWO DIAMONDS NINE,0.6238,0.004,0.3722
DIAMONDS THREE DIAMONDS FOUR,0.6166,0.006,0.3774
CLUBS TWO SPADES FOUR,0.6592,0.004,0.3368
DIAMONDS THREE DIAMONDS FIVE,0.6074,0.0062,0.3864
CLUBS TWO SPADES FIVE,0.6456,0.004,0.3504
CLUBS TWO SPADES TWO,0.4664,0.004,0.5296
CLUBS TWO SPADES THREE,0.6604,0.0032,0.3364
SPADES EIGHT CLUBS TWO,0.7554,0.024,0.2206
DIAMONDS THREE DIAMONDS NINE,0.6158,0.0048,0.3794
SPADES NINE CLUBS TWO,0.6274,0.0036,0.369
DIAMONDS THREE DIAMONDS SIX,0.627,0.0032,0.3698
SPADES SIX CLUBS TWO,0.6724,0.0052,0.3224
DIAMONDS THREE DIAMONDS SEVEN,0.6454,0.0062,0.3484
SPADES SEVEN CLUBS TWO,0.6742,0.0044,0.3214
CLUBS SIX CLUBS TWO,0.627,0.0036,0.3694
CLUBS SEVEN CLUBS TWO,0.6332,0.0038,0.363
CLUBS FOUR CLUBS TWO,0.6024,0.004,0.3936
CLUBS FIVE CLUBS TWO,0.608,0.0052,0.3868
CLUBS TEN CLUBS JACK,0.5324,0.0046,0.463
DIAMONDS FOUR DIAMONDS SIX,0.5988,0.007,0.3942
CLUBS TEN CLUBS QUEEN,0.5344,0.0034,0.4622
DIAMONDS FOUR DIAMONDS SEVEN,0.6372,0.0048,0.358
CLUBS TEN CLUBS KING,0.5384,0.006,0.4556
CLUBS TEN CLUBS ACE,0.2164,0.1112,0.6724
CLUBS EIGHT CLUBS TWO,0.7098,0.0276,0.2626
DIAMONDS FIVE DIAMONDS FOUR,0.597,0.0052,0.3978
CLUBS NINE CLUBS TWO,0.6068,0.005,0.3882
DIAMONDS NINE DIAMONDS FOUR,0.6056,0.0044,0.39
CLUBS TWO CLUBS THREE,0.627,0.0034,0.3696
DIAMONDS NINE DIAMONDS FIVE,0.5924,0.006,0.4016
CLUBS JACK DIAMONDS TWO,0.647,0.004,0.349
CLUBS TEN DIAMONDS TWO,0.6478,0.004,0.3482
DIAMONDS FIVE DIAMONDS SEVEN,0.6138,0.004,0.3822
DIAMONDS FIVE DIAMONDS SIX,0.6002,0.0062,0.3936
DIAMONDS TWO CLUBS ACE,0.5382,0.2296,0.2322
DIAMONDS TWO CLUBS KING,0.6308,0.006,0.3632
DIAMONDS TWO CLUBS QUEEN,0.6616,0.0054,0.333
DIAMONDS NINE DIAMONDS SIX,0.5854,0.0056,0.409
SPADES THREE HEARTS KING,0.636,0.0074,0.3566
DIAMONDS SEVEN DIAMONDS SIX,0.5998,0.0062,0.394
HEARTS QUEEN SPADES THREE,0.6416,0.0062,0.3522
SPADES THREE HEARTS JACK,0.6464,0.0042,0.3494
SPADES THREE HEARTS TEN,0.6478,0.0024,0.3498
DIAMONDS NINE DIAMONDS SEVEN,0.5746,0.0028,0.4226
DIAMONDS KING HEARTS TEN,0.5706,0.0042,0.4252
HEARTS THREE HEARTS TEN,0.6162,0.006,0.3778
SPADES JACK CLUBS SIX,0.6466,0.0038,0.3496
DIAMONDS KING HEARTS JACK,0.575,0.0046,0.4204
HEARTS THREE HEARTS JACK,0.611,0.0066,0.3824
SPADES TEN CLUBS SIX,0.6394,0.003,0.3576
SPADES JACK SPADES FIVE,0.5944,0.0032,0.4024
SPADES TEN SPADES FIVE,0.6006,0.004,0.3954
SPADES ACE CLUBS SIX,0.5468,0.2156,0.2376
DIAMONDS KING HEARTS QUEEN,0.5724,0.0042,0.4234
HEARTS THREE HEARTS QUEEN,0.6148,0.0036,0.3816
SPADES KING CLUBS SIX,0.6406,0.0034,0.356
DIAMONDS KING HEARTS KING,0.27,0.0052,0.7248
HEARTS THREE HEARTS KING,0.6054,0.005,0.3896
SPADES QUEEN CLUBS SIX,0.6348,0.002,0.3632
SPADES NINE HEARTS TEN,0.5822,0.0038,0.414
SPADES NINE HEARTS JACK,0.5838,0.004,0.4122
SPADES QUEEN SPADES FIVE,0.5904,0.0046,0.405
SPADES KING SPADES FIVE,0.5922,0.004,0.4038
SPADES ACE SPADES FIVE,0.4902,0.2188,0.291
SPADES NINE HEARTS QUEEN,0.5992,0.0048,0.396
SPADES NINE HEARTS KING,0.6044,0.003,0.3926
CLUBS TEN SPADES JACK,0.5618,0.0046,0.4336
CLUBS TEN SPADES TEN,0.3146,0.0024,0.683
SPADES ACE CLUBS TEN,0.2342,0.121,0.6448
CLUBS TEN SPADES KING,0.581,0.0042,0.4148
CLUBS TEN SPADES QUEEN,0.5618,0.0038,0.4344
SPADES FIVE HEARTS QUEEN,0.6374,0.0034,0.3592
SPADES FIVE HEARTS KING,0.6244,0.0044,0.3712
CLUBS EIGHT SPADES TEN,0.697,0.0196,0.2834
SPADES JACK HEARTS THREE,0.6468,0.004,0.3492
SPADES JACK DIAMONDS KING,0.5698,0.0042,0.426
SPADES TEN DIAMONDS KING,0.5692,0.0054,0.4254
SPADES TEN HEARTS THREE,0.6446,0.005,0.3504
CLUBS EIGHT SPADES JACK,0.7122,0.0194,0.2684
SPADES ACE CLUBS EIGHT,0.0248,0.9532,0.022
HEARTS FIVE CLUBS JACK,0.6356,0.0052,0.3592
CLUBS TEN HEARTS FIVE,0.6438,0.004,0.3522
CLUBS SIX HEARTS QUEEN,0.6428,0.0042,0.353
SPADES QUEEN CLUBS EIGHT,0.7388,0.0234,0.2378
CLUBS TEN SPADES THREE,0.6314,0.0034,0.3652
CLUBS SIX HEARTS KING,0.6346,0.004,0.3614
SPADES KING CLUBS EIGHT,0.7496,0.022,0.2284
CLUBS JACK SPADES THREE,0.6438,0.0046,0.3516
DIAMONDS TWO HEARTS JACK,0.6404,0.0034,0.3562
SPADES THREE CLUBS QUEEN,0.6458,0.0038,0.3504
DIAMONDS TWO HEARTS TEN,0.6476,0.006,0.3464
SPADES THREE CLUBS KING,0.6342,0.0044,0.3614
HEARTS FIVE CLUBS ACE,0.527,0.2314,0.2416
SPADES FIVE HEARTS TEN,0.6272,0.0032,0.3696
SPADES THREE CLUBS ACE,0.529,0.218,0.253
HEARTS FIVE CLUBS KING,0.639,0.0024,0.3586
SPADES FIVE HEARTS JACK,0.6442,0.0026,0.3532
HEARTS FIVE CLUBS QUEEN,0.6386,0.0052,0.3562
HEARTS THREE CLUBS KING,0.6352,0.0036,0.3612
DIAMONDS KING CLUBS KING,0.2726,0.004,0.7234
HEARTS THREE CLUBS QUEEN,0.6552,0.0044,0.3404
DIAMONDS KING CLUBS QUEEN,0.5734,0.005,0.4216
HEARTS FIVE HEARTS JACK,0.6036,0.0054,0.391
HEARTS FIVE HEARTS TEN,0.6068,0.007,0.3862
HEARTS THREE CLUBS ACE,0.536,0.2236,0.2404
DIAMONDS KING CLUBS ACE,0.2508,0.049,0.7002
SPADES ACE CLUBS QUEEN,0.2458,0.0642,0.69
SPADES KING CLUBS QUEEN,0.5604,0.0032,0.4364
CLUBS JACK HEARTS THREE,0.642,0.0038,0.3542
CLUBS JACK DIAMONDS KING,0.5816,0.004,0.4144
SPADES QUEEN CLUBS QUEEN,0.3098,0.0042,0.686
CLUBS TEN HEARTS THREE,0.6476,0.0034,0.349
CLUBS TEN DIAMONDS KING,0.5772,0.0044,0.4184
SPADES JACK CLUBS QUEEN,0.563,0.0022,0.4348
CLUBS SIX CLUBS QUEEN,0.5974,0.004,0.3986
SPADES TEN CLUBS QUEEN,0.563,0.0026,0.4344
CLUBS SIX CLUBS KING,0.5912,0.0034,0.4054
CLUBS SIX CLUBS ACE,0.5216,0.2114,0.267
HEARTS FIVE HEARTS KING,0.6064,0.0052,0.3884
HEARTS FIVE HEARTS QUEEN,0.6114,0.0042,0.3844
CLUBS TEN CLUBS SIX,0.6024,0.0038,0.3938
CLUBS JACK CLUBS SIX,0.598,0.0052,0.3968
SPADES SEVEN HEARTS JACK,0.6386,0.0028,0.3586
SPADES SEVEN HEARTS TEN,0.6314,0.003,0.3656
DIAMONDS TWO CLUBS TWO,0.4712,0.0064,0.5224
DIAMONDS TWO CLUBS THREE,0.6624,0.0038,0.3338
DIAMONDS TWO HEARTS SIX,0.6804,0.0048,0.3148
DIAMONDS TWO HEARTS QUEEN,0.643,0.0058,0.3512
HEARTS SEVEN DIAMONDS TWO,0.6868,0.0042,0.309
DIAMONDS TWO HEARTS KING,0.6486,0.0038,0.3476
DIAMONDS TWO HEARTS EIGHT,0.7576,0.036,0.2064
DIAMONDS TWO HEARTS NINE,0.6514,0.0056,0.343
DIAMONDS TWO DIAMONDS QUEEN,0.607,0.0056,0.3874
DIAMONDS TWO HEARTS TWO,0.4682,0.0062,0.5256
DIAMONDS TWO DIAMONDS KING,0.6108,0.0052,0.384
DIAMONDS TWO HEARTS THREE,0.6594,0.005,0.3356
DIAMONDS TWO DIAMONDS ACE,0.5122,0.2064,0.2814
HEARTS FOUR DIAMONDS TWO,0.6562,0.0066,0.3372
HEARTS FIVE DIAMONDS TWO,0.6628,0.0058,0.3314
DIAMONDS TWO DIAMONDS TEN,0.6056,0.005,0.3894
SPADES SEVEN HEARTS KING,0.6312,0.0042,0.3646
DIAMONDS TWO DIAMONDS JACK,0.605,0.0048,0.3902
SPADES SEVEN HEARTS QUEEN,0.6414,0.004,0.3546
DIAMONDS TWO SPADES NINE,0.6456,0.0036,0.3508
DIAMONDS TWO SPADES EIGHT,0.7556,0.0338,0.2106
DIAMONDS TWO SPADES SEVEN,0.6778,0.003,0.3192
DIAMONDS TWO SPADES SIX,0.6722,0.0046,0.3232
DIAMONDS TWO SPADES FIVE,0.6638,0.003,0.3332
DIAMONDS TWO SPADES FOUR,0.6522,0.004,0.3438
DIAMONDS TWO SPADES THREE,0.6672,0.0046,0.3282
DIAMONDS TWO SPADES TWO,0.4696,0.004,0.5264
DIAMONDS TWO CLUBS NINE,0.6422,0.005,0.3528
CLUBS EIGHT DIAMONDS TWO,0.7588,0.0338,0.2074
DIAMONDS TWO CLUBS SEVEN,0.6798,0.004,0.3162
DIAMONDS TWO CLUBS SIX,0.6706,0.0052,0.3242
DIAMONDS TWO CLUBS FIVE,0.6566,0.006,0.3374
DIAMONDS TWO CLUBS FOUR,0.6652,0.006,0.3288
CLUBS FOUR SPADES FIVE,0.625,0.004,0.371
CLUBS FOUR SPADES FOUR,0.4704,0.0046,0.525
CLUBS FOUR SPADES THREE,0.647,0.0044,0.3486
CLUBS FOUR SPADES TWO,0.6458,0.0038,0.3504
SPADES NINE CLUBS FOUR,0.6452,0.0028,0.352
SPADES EIGHT CLUBS FOUR,0.7326,0.0294,0.238
CLUBS FOUR SPADES SEVEN,0.6456,0.0036,0.3508
CLUBS FOUR SPADES SIX,0.6302,0.005,0.3648
SPADES ACE DIAMONDS SIX,0.5484,0.2312,0.2204
SPADES QUEEN DIAMONDS SIX,0.6452,0.0044,0.3504
SPADES KING DIAMONDS SIX,0.6366,0.0036,0.3598
SPADES TEN DIAMONDS SIX,0.631,0.0052,0.3638
SPADES JACK DIAMONDS SIX,0.6386,0.0038,0.3576
SPADES QUEEN SPADES TWO,0.597,0.0044,0.3986
SPADES KING SPADES TWO,0.594,0.0046,0.4014
SPADES ACE SPADES TWO,0.5018,0.2172,0.281
CLUBS JACK DIAMONDS JACK,0.2984,0.0036,0.698
CLUBS TEN DIAMONDS JACK,0.5462,0.0046,0.4492
DIAMONDS JACK CLUBS KING,0.5674,0.0054,0.4272
DIAMONDS JACK CLUBS QUEEN,0.5578,0.0038,0.4384
DIAMONDS THREE DIAMONDS JACK,0.6066,0.0074,0.386
DIAMONDS THREE DIAMONDS TEN,0.6006,0.0026,0.3968
DIAMONDS JACK CLUBS ACE,0.231,0.0842,0.6848
DIAMONDS THREE DIAMONDS KING,0.6096,0.007,0.3834
DIAMONDS THREE HEARTS THREE,0.477,0.0078,0.5152
DIAMONDS THREE DIAMONDS QUEEN,0.6072,0.0056,0.3872
DIAMONDS THREE HEARTS TWO,0.6576,0.0064,0.336
HEARTS FIVE DIAMONDS THREE,0.6374,0.005,0.3576
DIAMONDS THREE DIAMONDS ACE,0.514,0.2086,0.2774
HEARTS FOUR DIAMONDS THREE,0.6394,0.0044,0.3562
HEARTS SEVEN DIAMONDS THREE,0.6696,0.0048,0.3256
SPADES TEN SPADES NINE,0.5284,0.0036,0.468
HEARTS SIX DIAMONDS THREE,0.6574,0.0038,0.3388
SPADES JACK SPADES NINE,0.5318,0.006,0.4622
DIAMONDS THREE HEARTS NINE,0.6702,0.0046,0.3252
HEARTS JACK DIAMONDS FOUR,0.6538,0.0064,0.3398
SPADES TEN SPADES TWO,0.5966,0.0044,0.399
DIAMONDS THREE HEARTS EIGHT,0.7498,0.0354,0.2148
HEARTS TEN DIAMONDS FOUR,0.6342,0.0042,0.3616
SPADES JACK SPADES TWO,0.6078,0.0058,0.3864
HEARTS QUEEN DIAMONDS FOUR,0.649,0.0062,0.3448
HEARTS KING DIAMONDS FOUR,0.644,0.0056,0.3504
SPADES ACE SPADES NINE,0.211,0.1682,0.6208
SPADES KING SPADES NINE,0.5558,0.0052,0.439
SPADES QUEEN SPADES NINE,0.5546,0.0038,0.4416
DIAMONDS THREE SPADES NINE,0.6516,0.006,0.3424
DIAMONDS THREE SPADES EIGHT,0.7592,0.0292,0.2116
DIAMONDS THREE SPADES SEVEN,0.675,0.0054,0.3196
DIAMONDS THREE SPADES SIX,0.6536,0.0046,0.3418
DIAMONDS THREE CLUBS SIX,0.6542,0.0036,0.3422
CLUBS SIX CLUBS FIVE,0.5962,0.0036,0.4002
CLUBS ACE DIAMONDS FOUR,0.5366,0.229,0.2344
DIAMONDS THREE CLUBS SEVEN,0.6686,0.0038,0.3276
CLUBS SEVEN CLUBS FIVE,0.6032,0.0034,0.3934
DIAMONDS THREE CLUBS FOUR,0.6396,0.005,0.3554
DIAMONDS FOUR CLUBS QUEEN,0.6434,0.0054,0.3512
DIAMONDS THREE CLUBS FIVE,0.635,0.0056,0.3594
DIAMONDS FOUR CLUBS KING,0.6346,0.0032,0.3622
DIAMONDS THREE CLUBS TWO,0.6554,0.006,0.3386
CLUBS TEN DIAMONDS FOUR,0.6316,0.0038,0.3646
DIAMONDS THREE CLUBS THREE,0.481,0.0058,0.5132
CLUBS JACK DIAMONDS FOUR,0.632,0.0054,0.3626
DIAMONDS THREE SPADES FOUR,0.6362,0.0048,0.359
DIAMONDS THREE SPADES FIVE,0.6514,0.0036,0.345
DIAMONDS THREE SPADES TWO,0.653,0.0068,0.3402
DIAMONDS THREE SPADES THREE,0.4884,0.0056,0.506
CLUBS EIGHT DIAMONDS THREE,0.7526,0.0274,0.22
CLUBS NINE DIAMONDS THREE,0.6478,0.0058,0.3464
SPADES SEVEN CLUBS ACE,0.5342,0.2292,0.2366
SPADES SEVEN CLUBS QUEEN,0.6368,0.0042,0.359
SPADES SEVEN CLUBS KING,0.635,0.004,0.361
SPADES SEVEN CLUBS FIVE,0.635,0.002,0.363
CLUBS TEN SPADES SEVEN,0.6204,0.0026,0.377
CLUBS FIVE SPADES SIX,0.621,0.0016,0.3774
CLUBS JACK SPADES SEVEN,0.6286,0.0012,0.3702
SPADES NINE CLUBS FIVE,0.6262,0.0034,0.3704
SPADES EIGHT CLUBS FIVE,0.7228,0.025,0.2522
CLUBS FIVE SPADES THREE,0.6364,0.0038,0.3598
CLUBS FIVE SPADES TWO,0.6628,0.0038,0.3334
CLUBS FIVE SPADES FIVE,0.456,0.0028,0.5412
CLUBS FIVE SPADES FOUR,0.6334,0.0046,0.362
CLUBS NINE CLUBS FIVE,0.5962,0.005,0.3988
CLUBS EIGHT CLUBS FIVE,0.6846,0.0278,0.2876
CLUBS ACE CLUBS QUEEN,0.2208,0.0572,0.722
CLUBS KING CLUBS QUEEN,0.5218,0.0034,0.4748
DIAMONDS TEN DIAMONDS FOUR,0.6036,0.0054,0.391
CLUBS TEN DIAMONDS NINE,0.561,0.0028,0.4362
DIAMONDS JACK DIAMONDS FOUR,0.6078,0.006,0.3862
CLUBS JACK DIAMONDS NINE,0.5734,0.0042,0.4224
CLUBS JACK SPADES NINE,0.582,0.0036,0.4144
CLUBS TEN SPADES NINE,0.5616,0.0032,0.4352
DIAMONDS ACE DIAMONDS FOUR,0.4984,0.228,0.2736
HEARTS FOUR DIAMONDS FOUR,0.4608,0.0046,0.5346
DIAMONDS JACK HEARTS TEN,0.5782,0.0056,0.4162
SPADES NINE CLUBS KING,0.5878,0.003,0.4092
DIAMONDS TWO SPADES TEN,0.6614,0.005,0.3336
DIAMONDS NINE CLUBS ACE,0.2292,0.1718,0.599
HEARTS FIVE DIAMONDS FOUR,0.632,0.0052,0.3628
DIAMONDS JACK HEARTS JACK,0.2932,0.0034,0.7034
SPADES NINE CLUBS QUEEN,0.5824,0.0026,0.415
DIAMONDS TWO SPADES JACK,0.6448,0.0044,0.3508
DIAMONDS QUEEN DIAMONDS FOUR,0.5966,0.0044,0.399
HEARTS TWO DIAMONDS FOUR,0.6606,0.0064,0.333
DIAMONDS NINE CLUBS QUEEN,0.589,0.0058,0.4052
DIAMONDS KING DIAMONDS FOUR,0.6172,0.0038,0.379
HEARTS THREE DIAMONDS FOUR,0.6518,0.0062,0.342
SPADES NINE CLUBS ACE,0.2328,0.1652,0.602
DIAMONDS NINE CLUBS KING,0.5916,0.0034,0.405
SPADES ACE DIAMONDS TWO,0.5426,0.2222,0.2352
HEARTS QUEEN DIAMONDS JACK,0.5576,0.0036,0.4388
SPADES QUEEN DIAMONDS TWO,0.6326,0.003,0.3644
HEARTS KING DIAMONDS JACK,0.5754,0.005,0.4196
SPADES KING DIAMONDS TWO,0.6366,0.0018,0.3616
SPADES JACK SPADES SEVEN,0.5968,0.003,0.4002
SPADES TEN SPADES SEVEN,0.5888,0.0044,0.4068
CLUBS SEVEN CLUBS THREE,0.617,0.003,0.38
CLUBS SIX CLUBS THREE,0.6032,0.005,0.3918
CLUBS FIVE CLUBS THREE,0.5936,0.0036,0.4028
CLUBS FOUR CLUBS THREE,0.601,0.0042,0.3948
CLUBS NINE CLUBS THREE,0.5964,0.0042,0.3994
CLUBS EIGHT CLUBS THREE,0.7148,0.0278,0.2574
SPADES FIVE CLUBS THREE,0.6344,0.0044,0.3612
CLUBS THREE SPADES FOUR,0.6446,0.0056,0.3498
CLUBS THREE SPADES THREE,0.4704,0.0032,0.5264
CLUBS THREE SPADES TWO,0.649,0.0044,0.3466
SPADES SIX CLUBS THREE,0.6664,0.0038,0.3298
SPADES SEVEN CLUBS THREE,0.6706,0.0026,0.3268
SPADES EIGHT CLUBS THREE,0.7424,0.0286,0.229
SPADES NINE CLUBS THREE,0.6324,0.0054,0.3622
SPADES TWO DIAMONDS FOUR,0.6432,0.0044,0.3524
SPADES THREE DIAMONDS FOUR,0.6438,0.0062,0.35
SPADES FOUR DIAMONDS FOUR,0.4608,0.005,0.5342
SPADES FIVE DIAMONDS FOUR,0.6138,0.005,0.3812
SPADES SIX DIAMONDS FOUR,0.6456,0.0032,0.3512
SPADES SEVEN DIAMONDS FOUR,0.644,0.0048,0.3512
SPADES EIGHT DIAMONDS FOUR,0.733,0.0332,0.2338
SPADES NINE DIAMONDS FOUR,0.6594,0.0038,0.3368
CLUBS FIVE DIAMONDS FOUR,0.6282,0.0052,0.3666
CLUBS FOUR DIAMONDS FOUR,0.4732,0.0042,0.5226
CLUBS SEVEN DIAMONDS FOUR,0.6496,0.0046,0.3458
CLUBS SIX DIAMONDS FOUR,0.637,0.0056,0.3574
CLUBS NINE DIAMONDS FOUR,0.6442,0.0036,0.3522
CLUBS EIGHT DIAMONDS FOUR,0.7356,0.0286,0.2358
HEARTS SEVEN DIAMONDS FOUR,0.655,0.0046,0.3404
HEARTS SIX DIAMONDS FOUR,0.6444,0.0032,0.3524
DIAMONDS FOUR HEARTS NINE,0.646,0.0056,0.3484
DIAMONDS FOUR HEARTS EIGHT,0.74,0.031,0.229
CLUBS THREE DIAMONDS FOUR,0.6356,0.0058,0.3586
CLUBS TWO DIAMONDS FOUR,0.6534,0.0058,0.3408
DIAMONDS TEN DIAMONDS FIVE,0.6074,0.0054,0.3872
DIAMONDS JACK DIAMONDS FIVE,0.6036,0.0028,0.3936
DIAMONDS NINE HEARTS QUEEN,0.5908,0.0038,0.4054
DIAMONDS NINE HEARTS KING,0.5914,0.0048,0.4038
DIAMONDS NINE HEARTS TEN,0.5664,0.005,0.4286
DIAMONDS NINE HEARTS JACK,0.5918,0.0032,0.405
CLUBS KING DIAMONDS SIX,0.6414,0.0034,0.3552
CLUBS QUEEN DIAMONDS SIX,0.6386,0.003,0.3584
CLUBS ACE DIAMONDS SIX,0.5576,0.2158,0.2266
SPADES KING DIAMONDS FOUR,0.6412,0.0048,0.354
SPADES ACE SPADES SEVEN,0.5148,0.2152,0.27
SPADES QUEEN DIAMONDS FOUR,0.6266,0.0052,0.3682
SPADES QUEEN SPADES SEVEN,0.602,0.0036,0.3944
CLUBS JACK DIAMONDS SIX,0.65,0.0026,0.3474
SPADES KING SPADES SEVEN,0.5964,0.0026,0.401
SPADES ACE DIAMONDS FOUR,0.534,0.2266,0.2394
CLUBS TEN DIAMONDS SIX,0.6164,0.004,0.3796
CLUBS NINE CLUBS FOUR,0.5886,0.0042,0.4072
CLUBS EIGHT CLUBS FOUR,0.6884,0.0272,0.2844
SPADES JACK DIAMONDS FOUR,0.6456,0.006,0.3484
SPADES TEN DIAMONDS FOUR,0.6468,0.0034,0.3498
CLUBS FOUR CLUBS FIVE,0.5802,0.005,0.4148
CLUBS SEVEN CLUBS FOUR,0.6078,0.0044,0.3878
CLUBS SIX CLUBS FOUR,0.5974,0.0034,0.3992
CLUBS SEVEN SPADES EIGHT,0.696,0.021,0.283
SPADES NINE CLUBS SEVEN,0.6158,0.0024,0.3818
CLUBS SEVEN SPADES SIX,0.6224,0.0014,0.3762
CLUBS SEVEN SPADES SEVEN,0.4358,0.0022,0.562
CLUBS SEVEN SPADES FIVE,0.6338,0.0028,0.3634
CLUBS SEVEN SPADES FOUR,0.6526,0.0024,0.345
CLUBS SEVEN SPADES THREE,0.653,0.005,0.342
CLUBS SEVEN SPADES TWO,0.6758,0.0034,0.3208
CLUBS NINE CLUBS SEVEN,0.5684,0.003,0.4286
CLUBS EIGHT CLUBS SEVEN,0.654,0.0278,0.3182
HEARTS SIX DIAMONDS FIVE,0.6392,0.0054,0.3554
HEARTS SEVEN DIAMONDS FIVE,0.6486,0.0044,0.347
DIAMONDS FIVE HEARTS EIGHT,0.7328,0.028,0.2392
DIAMONDS FIVE HEARTS NINE,0.6434,0.0054,0.3512
DIAMONDS QUEEN DIAMONDS FIVE,0.6068,0.0066,0.3866
HEARTS TWO DIAMONDS FIVE,0.6604,0.0054,0.3342
HEARTS KING HEARTS EIGHT,0.7164,0.024,0.2596
DIAMONDS KING DIAMONDS FIVE,0.5998,0.0044,0.3958
HEARTS THREE DIAMONDS FIVE,0.6448,0.0048,0.3504
HEARTS QUEEN HEARTS EIGHT,0.6902,0.0214,0.2884
DIAMONDS ACE DIAMONDS FIVE,0.503,0.2142,0.2828
HEARTS FOUR DIAMONDS FIVE,0.6322,0.004,0.3638
HEARTS FIVE DIAMONDS FIVE,0.4524,0.005,0.5426
CLUBS FOUR DIAMONDS FIVE,0.6164,0.005,0.3786
CLUBS FIVE DIAMONDS FIVE,0.4632,0.0044,0.5324
CLUBS SIX DIAMONDS FIVE,0.6252,0.0048,0.37
CLUBS SEVEN DIAMONDS FIVE,0.6312,0.0036,0.3652
CLUBS TWO DIAMONDS FIVE,0.6536,0.0064,0.34
CLUBS THREE DIAMONDS FIVE,0.6274,0.0036,0.369
SPADES THREE DIAMONDS FIVE,0.6354,0.0052,0.3594
SPADES TWO DIAMONDS FIVE,0.6562,0.0064,0.3374
SPADES FIVE DIAMONDS FIVE,0.4622,0.0044,0.5334
CLUBS TEN HEARTS JACK,0.5678,0.0042,0.428
SPADES FOUR DIAMONDS FIVE,0.6278,0.0034,0.3688
CLUBS JACK HEARTS JACK,0.3126,0.0022,0.6852
HEARTS JACK CLUBS QUEEN,0.5702,0.0024,0.4274
CLUBS NINE DIAMONDS FIVE,0.6376,0.0042,0.3582
CLUBS EIGHT DIAMONDS FIVE,0.7272,0.028,0.2448
HEARTS JACK CLUBS KING,0.5786,0.0038,0.4176
CLUBS ACE HEARTS JACK,0.2376,0.0844,0.678
SPADES SEVEN DIAMONDS FIVE,0.6326,0.0036,0.3638
SPADES SIX DIAMONDS FIVE,0.636,0.0056,0.3584
SPADES NINE DIAMONDS FIVE,0.644,0.0046,0.3514
SPADES EIGHT DIAMONDS FIVE,0.721,0.0262,0.2528
DIAMONDS TEN DIAMONDS SIX,0.608,0.0044,0.3876
DIAMONDS JACK DIAMONDS SIX,0.6146,0.005,0.3804
HEARTS QUEEN DIAMONDS SEVEN,0.65,0.0052,0.3448
HEARTS KING DIAMONDS SEVEN,0.648,0.005,0.347
DIAMONDS ACE DIAMONDS SIX,0.52,0.221,0.259
HEARTS FOUR DIAMONDS SIX,0.6556,0.005,0.3394
SPADES TWO HEARTS JACK,0.6382,0.0036,0.3582
HEARTS FIVE DIAMONDS SIX,0.6306,0.0062,0.3632
SPADES TWO HEARTS TEN,0.6508,0.0048,0.3444
DIAMONDS QUEEN DIAMONDS SIX,0.6114,0.0028,0.3858
HEARTS TWO DIAMONDS SIX,0.6746,0.0056,0.3198
DIAMONDS KING DIAMONDS SIX,0.592,0.0034,0.4046
HEARTS THREE DIAMONDS SIX,0.6598,0.0042,0.336
HEARTS EIGHT DIAMONDS SIX,0.7142,0.027,0.2588
HEARTS NINE DIAMONDS SIX,0.6392,0.0046,0.3562
HEARTS SIX DIAMONDS SIX,0.4704,0.0038,0.5258
HEARTS SEVEN DIAMONDS SIX,0.642,0.0038,0.3542
HEARTS TEN DIAMONDS SEVEN,0.6334,0.0038,0.3628
CLUBS TWO DIAMONDS SIX,0.669,0.0042,0.3268
HEARTS JACK DIAMONDS SEVEN,0.6286,0.0048,0.3666
CLUBS THREE DIAMONDS SIX,0.6586,0.0054,0.336
CLUBS SEVEN DIAMONDS SIX,0.645,0.0034,0.3516
CLUBS SIX DIAMONDS SIX,0.46,0.0028,0.5372
CLUBS FIVE DIAMONDS SIX,0.6184,0.0046,0.377
CLUBS FOUR DIAMONDS SIX,0.6392,0.0032,0.3576
HEARTS QUEEN HEARTS JACK,0.5486,0.0038,0.4476
CLUBS NINE DIAMONDS SIX,0.6376,0.0032,0.3592
HEARTS KING HEARTS JACK,0.554,0.0042,0.4418
CLUBS EIGHT DIAMONDS SIX,0.7102,0.0238,0.266
SPADES TEN HEARTS KING,0.5738,0.006,0.4202
SPADES FIVE DIAMONDS SIX,0.6268,0.0044,0.3688
SPADES JACK HEARTS KING,0.574,0.0078,0.4182
SPADES FOUR DIAMONDS SIX,0.6552,0.0042,0.3406
SPADES THREE DIAMONDS SIX,0.6586,0.0036,0.3378
HEARTS QUEEN SPADES TWO,0.6326,0.0044,0.363
SPADES ACE SPADES KING,0.2398,0.0468,0.7134
HEARTS KING SPADES TWO,0.638,0.0042,0.3578
SPADES TWO DIAMONDS SIX,0.6724,0.0032,0.3244
HEARTS TEN HEARTS EIGHT,0.6712,0.0218,0.307
SPADES NINE DIAMONDS SIX,0.6294,0.003,0.3676
HEARTS JACK HEARTS EIGHT,0.6874,0.021,0.2916
SPADES EIGHT DIAMONDS SIX,0.7144,0.0302,0.2554
SPADES SEVEN DIAMONDS SIX,0.6374,0.0046,0.358
SPADES SIX DIAMONDS SIX,0.4624,0.0028,0.5348
SPADES KING HEARTS KING,0.2954,0.0014,0.7032
SPADES QUEEN HEARTS KING,0.5858,0.0042,0.41
CLUBS ACE CLUBS KING,0.2292,0.0476,0.7232
SPADES ACE HEARTS KING,0.2494,0.047,0.7036
SPADES ACE HEARTS JACK,0.2434,0.0884,0.6682
SPADES QUEEN HEARTS JACK,0.5654,0.0032,0.4314
SPADES KING HEARTS JACK,0.575,0.003,0.422
SPADES TEN DIAMONDS TEN,0.3156,0.0046,0.6798
SPADES JACK DIAMONDS TEN,0.557,0.0044,0.4386
SPADES ACE DIAMONDS TEN,0.224,0.1152,0.6608
SPADES JACK HEARTS JACK,0.3112,0.0048,0.684
SPADES TEN HEARTS JACK,0.5602,0.0034,0.4364
SPADES QUEEN DIAMONDS TEN,0.5708,0.0044,0.4248
SPADES KING DIAMONDS TEN,0.5722,0.0044,0.4234
SPADES NINE DIAMONDS SEVEN,0.6152,0.0044,0.3804
SPADES EIGHT DIAMONDS SEVEN,0.6972,0.0264,0.2764
SPADES SEVEN DIAMONDS SEVEN,0.4418,0.0042,0.554
SPADES SIX DIAMONDS SEVEN,0.633,0.0042,0.3628
DIAMONDS KING DIAMONDS SEVEN,0.6108,0.0044,0.3848
HEARTS THREE DIAMONDS SEVEN,0.6796,0.0038,0.3166
HEARTS KING DIAMONDS FIVE,0.6302,0.0038,0.366
DIAMONDS QUEEN DIAMONDS SEVEN,0.6112,0.004,0.3848
HEARTS TWO DIAMONDS SEVEN,0.69,0.004,0.306
HEARTS QUEEN DIAMONDS FIVE,0.6374,0.0064,0.3562
HEARTS FIVE DIAMONDS SEVEN,0.6464,0.003,0.3506
DIAMONDS ACE DIAMONDS SEVEN,0.5076,0.2208,0.2716
HEARTS FOUR DIAMONDS SEVEN,0.6638,0.005,0.3312
HEARTS SEVEN DIAMONDS SEVEN,0.4384,0.0048,0.5568
HEARTS SIX DIAMONDS SEVEN,0.635,0.0056,0.3594
DIAMONDS SEVEN HEARTS NINE,0.607,0.0042,0.3888
HEARTS EIGHT DIAMONDS SEVEN,0.6946,0.0284,0.277
DIAMONDS JACK DIAMONDS SEVEN,0.598,0.0042,0.3978
DIAMONDS FIVE HEARTS JACK,0.6404,0.0042,0.3554
DIAMONDS TEN DIAMONDS SEVEN,0.5818,0.0036,0.4146
HEARTS TEN DIAMONDS FIVE,0.6554,0.0042,0.3404
CLUBS EIGHT DIAMONDS SEVEN,0.6968,0.0272,0.276
SPADES KING CLUBS TWO,0.6408,0.0026,0.3566
HEARTS KING CLUBS KING,0.2862,0.0042,0.7096
SPADES QUEEN CLUBS TWO,0.631,0.0042,0.3648
HEARTS KING CLUBS QUEEN,0.5742,0.0028,0.423
CLUBS NINE DIAMONDS SEVEN,0.6182,0.0034,0.3784
CLUBS JACK SPADES TWO,0.637,0.0054,0.3576
CLUBS SIX CLUBS SEVEN,0.5776,0.003,0.4194
SPADES ACE CLUBS TWO,0.5198,0.2324,0.2478
CLUBS TEN SPADES TWO,0.6272,0.0038,0.369
HEARTS KING CLUBS ACE,0.2578,0.0466,0.6956
SPADES TWO CLUBS KING,0.646,0.0026,0.3514
SPADES TWO DIAMONDS SEVEN,0.6798,0.0034,0.3168
CLUBS EIGHT CLUBS SIX,0.6668,0.028,0.3052
SPADES THREE DIAMONDS SEVEN,0.6658,0.0038,0.3304
SPADES TWO CLUBS QUEEN,0.6506,0.0026,0.3468
CLUBS NINE CLUBS SIX,0.5782,0.005,0.4168
SPADES FOUR DIAMONDS SEVEN,0.6584,0.003,0.3386
CLUBS JACK HEARTS KING,0.5772,0.004,0.4188
SPADES FIVE DIAMONDS SEVEN,0.6366,0.0038,0.3596
SPADES TWO CLUBS ACE,0.524,0.231,0.245
CLUBS TEN HEARTS KING,0.5682,0.0044,0.4274
CLUBS SIX SPADES TWO,0.6618,0.004,0.3342
CLUBS SIX SPADES THREE,0.654,0.0022,0.3438
CLUBS TWO DIAMONDS SEVEN,0.6814,0.004,0.3146
CLUBS SIX SPADES FOUR,0.6368,0.0032,0.36
CLUBS THREE DIAMONDS SEVEN,0.6734,0.0044,0.3222
CLUBS SIX SPADES FIVE,0.6232,0.0034,0.3734
CLUBS FOUR DIAMONDS SEVEN,0.6506,0.0034,0.346
CLUBS SIX SPADES SIX,0.4572,0.0042,0.5386
CLUBS FIVE DIAMONDS SEVEN,0.6502,0.0048,0.345
CLUBS SIX SPADES SEVEN,0.6334,0.0044,0.3622
CLUBS SIX DIAMONDS SEVEN,0.6328,0.0048,0.3624
CLUBS SIX SPADES EIGHT,0.6992,0.024,0.2768
SPADES JACK CLUBS TWO,0.649,0.003,0.348
CLUBS SEVEN DIAMONDS SEVEN,0.4526,0.0056,0.5418
CLUBS SIX SPADES NINE,0.629,0.002,0.369
SPADES TEN CLUBS TWO,0.6372,0.0034,0.3594
CLUBS TWO CLUBS QUEEN,0.595,0.005,0.4
CLUBS TWO CLUBS KING,0.5888,0.0036,0.4076
CLUBS TWO CLUBS ACE,0.4968,0.214,0.2892
CLUBS TEN CLUBS TWO,0.6062,0.0024,0.3914
CLUBS JACK CLUBS TWO,0.5906,0.0044,0.405
SPADES ACE SPADES THREE,0.4932,0.2244,0.2824
SPADES QUEEN SPADES THREE,0.5922,0.0042,0.4036
SPADES KING SPADES THREE,0.6052,0.0022,0.3926
SPADES JACK SPADES THREE,0.6014,0.0034,0.3952
SPADES TEN SPADES THREE,0.5958,0.0036,0.4006
CLUBS FOUR HEARTS QUEEN,0.6342,0.0046,0.3612
CLUBS FOUR HEARTS KING,0.6318,0.0054,0.3628
CLUBS SIX HEARTS TEN,0.6374,0.003,0.3596
CLUBS SIX HEARTS JACK,0.6458,0.004,0.3502
CLUBS FOUR HEARTS JACK,0.6474,0.0042,0.3484
SPADES TEN DIAMONDS QUEEN,0.575,0.0042,0.4208
SPADES TEN HEARTS TWO,0.6346,0.0048,0.3606
SPADES JACK HEARTS EIGHT,0.7162,0.0204,0.2634
CLUBS FOUR HEARTS TEN,0.6406,0.0026,0.3568
SPADES TEN HEARTS EIGHT,0.7112,0.0186,0.2702
SPADES JACK HEARTS TWO,0.6386,0.005,0.3564
SPADES JACK DIAMONDS QUEEN,0.5684,0.004,0.4276
SPADES ACE HEARTS TWO,0.546,0.215,0.239
SPADES ACE DIAMONDS QUEEN,0.2506,0.063,0.6864
SPADES ACE HEARTS EIGHT,0.0192,0.9722,0.0086
SPADES KING HEARTS EIGHT,0.7316,0.025,0.2434
SPADES QUEEN HEARTS TWO,0.6466,0.0044,0.349
SPADES QUEEN DIAMONDS QUEEN,0.2834,0.004,0.7126
SPADES KING DIAMONDS QUEEN,0.5592,0.004,0.4368
SPADES KING HEARTS TWO,0.6494,0.0062,0.3444
SPADES QUEEN HEARTS EIGHT,0.7256,0.024,0.2504
CLUBS TWO HEARTS TEN,0.6416,0.0046,0.3538
CLUBS TWO HEARTS JACK,0.6414,0.0068,0.3518
SPADES SEVEN DIAMONDS NINE,0.6158,0.004,0.3802
SPADES SIX DIAMONDS NINE,0.6272,0.0048,0.368
SPADES NINE DIAMONDS NINE,0.3242,0.0042,0.6716
SPADES EIGHT DIAMONDS NINE,0.691,0.023,0.286
SPADES TEN CLUBS KING,0.5676,0.0042,0.4282
DIAMONDS NINE SPADES THREE,0.6434,0.005,0.3516
SPADES JACK CLUBS KING,0.5822,0.002,0.4158
DIAMONDS NINE SPADES TWO,0.6474,0.0048,0.3478
SPADES FIVE DIAMONDS NINE,0.6228,0.0044,0.3728
DIAMONDS NINE SPADES FOUR,0.6332,0.0034,0.3634
CLUBS NINE DIAMONDS NINE,0.3148,0.0028,0.6824
CLUBS EIGHT DIAMONDS NINE,0.687,0.0234,0.2896
CLUBS SIX DIAMONDS NINE,0.603,0.0034,0.3936
SPADES JACK CLUBS FOUR,0.633,0.003,0.364
CLUBS SEVEN DIAMONDS NINE,0.6212,0.0042,0.3746
SPADES TEN CLUBS FOUR,0.6452,0.0018,0.353
CLUBS FOUR DIAMONDS NINE,0.6476,0.0048,0.3476
CLUBS FIVE DIAMONDS NINE,0.627,0.0038,0.3692
CLUBS TWO DIAMONDS NINE,0.6356,0.0046,0.3598
CLUBS THREE DIAMONDS NINE,0.6442,0.0046,0.3512
DIAMONDS NINE HEARTS EIGHT,0.7,0.0216,0.2784
DIAMONDS NINE HEARTS NINE,0.3274,0.0042,0.6684
HEARTS SIX DIAMONDS NINE,0.6396,0.0048,0.3556
HEARTS SEVEN DIAMONDS NINE,0.6014,0.004,0.3946
CLUBS EIGHT CLUBS NINE,0.6602,0.0172,0.3226
DIAMONDS ACE DIAMONDS NINE,0.2266,0.1702,0.6032
HEARTS FOUR DIAMONDS NINE,0.6388,0.0068,0.3544
HEARTS FIVE DIAMONDS NINE,0.6348,0.0032,0.362
SPADES ACE CLUBS FOUR,0.5248,0.2306,0.2446
DIAMONDS NINE DIAMONDS QUEEN,0.556,0.0042,0.4398
HEARTS TWO DIAMONDS NINE,0.6504,0.0056,0.344
CLUBS TWO HEARTS KING,0.6438,0.004,0.3522
SPADES KING CLUBS FOUR,0.6268,0.0042,0.369
DIAMONDS KING DIAMONDS NINE,0.5682,0.0048,0.427
HEARTS THREE DIAMONDS NINE,0.6518,0.0034,0.3448
CLUBS TWO HEARTS QUEEN,0.6418,0.004,0.3542
SPADES QUEEN CLUBS FOUR,0.6326,0.0028,0.3646
DIAMONDS NINE DIAMONDS JACK,0.5442,0.0032,0.4526
CLUBS EIGHT SPADES NINE,0.685,0.023,0.292
DIAMONDS TEN DIAMONDS NINE,0.5412,0.0048,0.454
CLUBS EIGHT SPADES EIGHT,0.2988,0.0266,0.6746
CLUBS EIGHT SPADES SEVEN,0.6868,0.026,0.2872
CLUBS EIGHT SPADES SIX,0.7058,0.0278,0.2664
CLUBS EIGHT SPADES FIVE,0.7218,0.0292,0.249
CLUBS EIGHT SPADES FOUR,0.73,0.0274,0.2426
CLUBS EIGHT SPADES THREE,0.7514,0.0258,0.2228
CLUBS EIGHT SPADES TWO,0.7592,0.0292,0.2116
HEARTS SIX DIAMONDS TEN,0.63,0.0036,0.3664
HEARTS SEVEN DIAMONDS TEN,0.6188,0.004,0.3772
DIAMONDS TEN HEARTS EIGHT,0.6962,0.0232,0.2806
CLUBS JACK CLUBS FOUR,0.5932,0.0052,0.4016
DIAMONDS TEN HEARTS NINE,0.567,0.0046,0.4284
CLUBS TEN CLUBS FOUR,0.597,0.0028,0.4002
CLUBS FOUR CLUBS KING,0.5888,0.0046,0.4066
CLUBS FOUR CLUBS QUEEN,0.5948,0.0056,0.3996
CLUBS TWO DIAMONDS TEN,0.647,0.0046,0.3484
DIAMONDS TEN CLUBS THREE,0.6414,0.0042,0.3544
CLUBS FOUR CLUBS ACE,0.4932,0.2238,0.283
DIAMONDS TEN DIAMONDS JACK,0.535,0.0042,0.4608
DIAMONDS TEN DIAMONDS QUEEN,0.542,0.0052,0.4528
HEARTS TWO DIAMONDS TEN,0.6466,0.0052,0.3482
DIAMONDS KING DIAMONDS TEN,0.549,0.0058,0.4452
HEARTS THREE DIAMONDS TEN,0.634,0.0062,0.3598
DIAMONDS ACE DIAMONDS TEN,0.2282,0.1176,0.6542
HEARTS FOUR DIAMONDS TEN,0.641,0.0052,0.3538
CLUBS EIGHT HEARTS JACK,0.7142,0.019,0.2668
HEARTS FIVE DIAMONDS TEN,0.6406,0.005,0.3544
CLUBS EIGHT HEARTS TEN,0.6964,0.0182,0.2854
CLUBS EIGHT HEARTS QUEEN,0.7298,0.0274,0.2428
CLUBS EIGHT HEARTS KING,0.7396,0.0264,0.234
CLUBS NINE SPADES THREE,0.6372,0.0038,0.359
CLUBS NINE SPADES TWO,0.6516,0.0032,0.3452
CLUBS NINE SPADES FIVE,0.6358,0.0038,0.3604
CLUBS NINE SPADES FOUR,0.6438,0.0046,0.3516
CLUBS NINE SPADES SEVEN,0.614,0.0024,0.3836
CLUBS NINE SPADES SIX,0.617,0.0024,0.3806
CLUBS NINE SPADES NINE,0.3338,0.0038,0.6624
CLUBS TEN HEARTS EIGHT,0.7058,0.0216,0.2726
CLUBS NINE SPADES EIGHT,0.693,0.0206,0.2864
CLUBS JACK HEARTS EIGHT,0.7118,0.023,0.2652
HEARTS EIGHT CLUBS QUEEN,0.7252,0.03,0.2448
CLUBS KING HEARTS EIGHT,0.7314,0.0264,0.2422
CLUBS ACE HEARTS EIGHT,0.0204,0.9674,0.0122
SPADES KING CLUBS KING,0.2822,0.0016,0.7162
SPADES QUEEN CLUBS KING,0.5766,0.0036,0.4198
SPADES ACE CLUBS KING,0.2422,0.0474,0.7104
DIAMONDS ACE HEARTS TEN,0.2264,0.122,0.6516
HEARTS FOUR HEARTS TEN,0.6056,0.0054,0.389
DIAMONDS ACE HEARTS JACK,0.2318,0.0754,0.6928
HEARTS FOUR HEARTS JACK,0.623,0.005,0.372
SPADES KING CLUBS FIVE,0.6288,0.0034,0.3678
SPADES QUEEN CLUBS FIVE,0.6216,0.003,0.3754
SPADES ACE CLUBS FIVE,0.5158,0.2366,0.2476
HEARTS SEVEN DIAMONDS JACK,0.626,0.0044,0.3696
HEARTS SIX DIAMONDS JACK,0.6426,0.003,0.3544
DIAMONDS JACK HEARTS NINE,0.574,0.0052,0.4208
DIAMONDS JACK HEARTS EIGHT,0.7244,0.0248,0.2508
DIAMONDS KING DIAMONDS JACK,0.5376,0.0044,0.458
HEARTS THREE DIAMONDS JACK,0.6342,0.006,0.3598
SPADES ACE SPADES SIX,0.5086,0.2198,0.2716
DIAMONDS QUEEN DIAMONDS JACK,0.54,0.0056,0.4544
HEARTS TWO DIAMONDS JACK,0.6546,0.0046,0.3408
HEARTS FIVE DIAMONDS JACK,0.6354,0.0052,0.3594
SPADES QUEEN SPADES SIX,0.5866,0.005,0.4084
SPADES FOUR HEARTS QUEEN,0.6314,0.0044,0.3642
DIAMONDS ACE DIAMONDS JACK,0.2332,0.0908,0.676
HEARTS FOUR DIAMONDS JACK,0.6362,0.003,0.3608
SPADES KING SPADES SIX,0.591,0.0032,0.4058
SPADES FOUR HEARTS KING,0.635,0.0056,0.3594
SPADES TEN SPADES SIX,0.5884,0.0034,0.4082
SPADES JACK SPADES SIX,0.597,0.0054,0.3976
SPADES FOUR DIAMONDS JACK,0.6322,0.0042,0.3636
SPADES FIVE DIAMONDS JACK,0.6352,0.0038,0.361
DIAMONDS JACK SPADES TWO,0.6364,0.007,0.3566
SPADES THREE DIAMONDS JACK,0.6422,0.0038,0.354
SPADES ACE DIAMONDS THREE,0.5248,0.2316,0.2436
CLUBS EIGHT DIAMONDS JACK,0.7162,0.0244,0.2594
SPADES QUEEN DIAMONDS THREE,0.6442,0.005,0.3508
SPADES KING DIAMONDS THREE,0.6398,0.0056,0.3546
CLUBS NINE DIAMONDS JACK,0.5836,0.0034,0.413
CLUBS SIX DIAMONDS JACK,0.6492,0.0034,0.3474
CLUBS SEVEN DIAMONDS JACK,0.6296,0.004,0.3664
CLUBS FOUR DIAMONDS JACK,0.6406,0.0032,0.3562
CLUBS FIVE DIAMONDS JACK,0.631,0.004,0.365
CLUBS TWO DIAMONDS JACK,0.6272,0.0056,0.3672
CLUBS THREE DIAMONDS JACK,0.623,0.005,0.372
SPADES TEN CLUBS FIVE,0.632,0.0024,0.3656
SPADES JACK HEARTS SIX,0.6464,0.004,0.3496
HEARTS SIX SPADES TEN,0.6362,0.0052,0.3586
SPADES JACK CLUBS FIVE,0.6406,0.0026,0.3568
SPADES JACK DIAMONDS THREE,0.644,0.0048,0.3512
CLUBS SEVEN CLUBS ACE,0.5138,0.2064,0.2798
DIAMONDS THREE SPADES TEN,0.6462,0.0044,0.3494
CLUBS SEVEN CLUBS QUEEN,0.5894,0.0036,0.407
CLUBS SEVEN CLUBS KING,0.5988,0.0024,0.3988
SPADES NINE DIAMONDS JACK,0.5856,0.0042,0.4102
CLUBS TEN CLUBS SEVEN,0.5796,0.004,0.4164
SPADES EIGHT DIAMONDS JACK,0.7048,0.022,0.2732
SPADES ACE HEARTS SIX,0.5486,0.2306,0.2208
CLUBS JACK CLUBS SEVEN,0.5896,0.0036,0.4068
DIAMONDS ACE HEARTS KING,0.238,0.0502,0.7118
HEARTS FOUR HEARTS KING,0.604,0.0054,0.3906
SPADES SEVEN DIAMONDS JACK,0.629,0.0042,0.3668
SPADES KING HEARTS SIX,0.6308,0.0046,0.3646
DIAMONDS ACE HEARTS QUEEN,0.2388,0.0654,0.6958
HEARTS FOUR HEARTS QUEEN,0.6022,0.006,0.3918
SPADES QUEEN HEARTS SIX,0.6528,0.0028,0.3444
SPADES SIX DIAMONDS JACK,0.6252,0.004,0.3708
DIAMONDS TEN SPADES TWO,0.6338,0.005,0.3612
DIAMONDS TEN SPADES THREE,0.6336,0.0036,0.3628
DIAMONDS TEN SPADES FOUR,0.6326,0.0054,0.362
DIAMONDS TEN SPADES FIVE,0.6398,0.0046,0.3556
SPADES SIX DIAMONDS TEN,0.6414,0.0036,0.355
SPADES SEVEN DIAMONDS TEN,0.6188,0.004,0.3772
SPADES EIGHT DIAMONDS TEN,0.701,0.0226,0.2764
SPADES NINE DIAMONDS TEN,0.5656,0.0032,0.4312
CLUBS FOUR DIAMONDS TEN,0.635,0.0028,0.3622
CLUBS FIVE DIAMONDS TEN,0.626,0.0042,0.3698
CLUBS SIX DIAMONDS TEN,0.6232,0.0034,0.3734
CLUBS SEVEN DIAMONDS TEN,0.6188,0.0044,0.3768
CLUBS EIGHT DIAMONDS TEN,0.6998,0.0212,0.279
CLUBS NINE DIAMONDS TEN,0.574,0.0038,0.4222
CLUBS JACK DIAMONDS THREE,0.6382,0.005,0.3568
CLUBS TEN DIAMONDS THREE,0.6446,0.005,0.3504
DIAMONDS THREE CLUBS KING,0.6404,0.0034,0.3562
DIAMONDS THREE CLUBS QUEEN,0.6374,0.0056,0.357
DIAMONDS THREE CLUBS ACE,0.5262,0.231,0.2428
SPADES FOUR HEARTS JACK,0.632,0.0048,0.3632
SPADES FOUR HEARTS TEN,0.6514,0.0044,0.3442
SPADES FIVE SPADES TWO,0.6048,0.0044,0.3908
SPADES FOUR SPADES TWO,0.604,0.0044,0.3916
SPADES THREE SPADES TWO,0.5912,0.0036,0.4052
SPADES NINE SPADES TWO,0.588,0.0046,0.4074
SPADES EIGHT SPADES TWO,0.6998,0.0294,0.2708
SPADES SEVEN SPADES TWO,0.6346,0.0032,0.3622
SPADES SIX SPADES TWO,0.6174,0.0024,0.3802
CLUBS THREE DIAMONDS QUEEN,0.6396,0.004,0.3564
HEARTS TWO CLUBS THREE,0.6544,0.0044,0.3412
CLUBS TWO DIAMONDS QUEEN,0.6304,0.0046,0.365
HEARTS TWO CLUBS TWO,0.4624,0.0034,0.5342
HEARTS SEVEN DIAMONDS QUEEN,0.6456,0.0046,0.3498
HEARTS SEVEN HEARTS TWO,0.6514,0.0034,0.3452
HEARTS SIX DIAMONDS QUEEN,0.6404,0.0046,0.355
HEARTS SIX HEARTS TWO,0.6348,0.0038,0.3614
DIAMONDS QUEEN HEARTS NINE,0.5888,0.0034,0.4078
HEARTS TWO HEARTS NINE,0.62,0.0044,0.3756
DIAMONDS QUEEN HEARTS EIGHT,0.7298,0.0254,0.2448
HEARTS TWO HEARTS EIGHT,0.7164,0.0284,0.2552
CLUBS NINE HEARTS TWO,0.643,0.0046,0.3524
CLUBS NINE DIAMONDS QUEEN,0.5786,0.0034,0.418
CLUBS EIGHT DIAMONDS QUEEN,0.7404,0.0234,0.2362
CLUBS EIGHT HEARTS TWO,0.7438,0.0284,0.2278
CLUBS FIVE DIAMONDS QUEEN,0.6278,0.003,0.3692
CLUBS FIVE HEARTS TWO,0.6432,0.0054,0.3514
CLUBS FOUR DIAMONDS QUEEN,0.6146,0.0048,0.3806
CLUBS FOUR HEARTS TWO,0.6704,0.0032,0.3264
CLUBS SEVEN DIAMONDS QUEEN,0.6372,0.0038,0.359
CLUBS SEVEN HEARTS TWO,0.6734,0.0054,0.3212
SPADES EIGHT HEARTS QUEEN,0.7266,0.0258,0.2476
CLUBS SIX DIAMONDS QUEEN,0.6412,0.0042,0.3546
CLUBS SIX HEARTS TWO,0.6644,0.005,0.3306
SPADES EIGHT HEARTS KING,0.7416,0.026,0.2324
HEARTS TWO SPADES SIX,0.6668,0.003,0.3302
SPADES SIX DIAMONDS QUEEN,0.6412,0.0046,0.3542
HEARTS FOUR CLUBS QUEEN,0.6398,0.0044,0.3558
DIAMONDS ACE CLUBS QUEEN,0.23,0.064,0.706
SPADES SEVEN DIAMONDS QUEEN,0.6312,0.003,0.3658
SPADES SEVEN HEARTS TWO,0.6876,0.0046,0.3078
HEARTS FOUR CLUBS KING,0.6402,0.0064,0.3534
DIAMONDS ACE CLUBS KING,0.2332,0.0462,0.7206
SPADES EIGHT DIAMONDS QUEEN,0.7182,0.0222,0.2596
SPADES EIGHT HEARTS TWO,0.765,0.0274,0.2076
HEARTS FOUR CLUBS ACE,0.5184,0.2428,0.2388
DIAMONDS ACE CLUBS ACE,0.0548,0.0122,0.933
SPADES NINE DIAMONDS QUEEN,0.5846,0.0036,0.4118
SPADES NINE HEARTS TWO,0.6408,0.0042,0.355
HEARTS TWO SPADES TWO,0.4738,0.0046,0.5216
DIAMONDS QUEEN SPADES TWO,0.6324,0.0056,0.362
HEARTS TWO SPADES THREE,0.6614,0.0052,0.3334
DIAMONDS QUEEN SPADES THREE,0.6412,0.006,0.3528
HEARTS TWO SPADES FOUR,0.6628,0.0042,0.333
SPADES FOUR DIAMONDS QUEEN,0.6314,0.0056,0.363
CLUBS TEN HEARTS FOUR,0.6442,0.0036,0.3522
CLUBS TEN DIAMONDS ACE,0.226,0.123,0.651
HEARTS TWO SPADES FIVE,0.6526,0.0042,0.3432
SPADES FIVE DIAMONDS QUEEN,0.6368,0.0026,0.3606
CLUBS JACK HEARTS FOUR,0.636,0.0042,0.3598
CLUBS JACK DIAMONDS ACE,0.2314,0.0818,0.6868
CLUBS FIVE CLUBS KING,0.5874,0.0052,0.4074
CLUBS FIVE CLUBS QUEEN,0.5954,0.0036,0.401
CLUBS FIVE CLUBS ACE,0.4818,0.218,0.3002
CLUBS JACK CLUBS FIVE,0.5978,0.0036,0.3986
CLUBS TEN CLUBS FIVE,0.5974,0.0038,0.3988
SPADES KING CLUBS JACK,0.5744,0.003,0.4226
CLUBS JACK SPADES QUEEN,0.5736,0.0018,0.4246
SPADES ACE CLUBS JACK,0.2376,0.0912,0.6712
SPADES SIX CLUBS KING,0.6312,0.0034,0.3654
SPADES SIX CLUBS QUEEN,0.634,0.0016,0.3644
SPADES EIGHT HEARTS JACK,0.7224,0.0258,0.2518
SPADES SIX CLUBS ACE,0.5426,0.2352,0.2222
SPADES EIGHT HEARTS TEN,0.6976,0.0232,0.2792
CLUBS JACK SPADES SIX,0.6366,0.0024,0.361
CLUBS TEN SPADES SIX,0.625,0.0036,0.3714
CLUBS JACK SPADES TEN,0.5568,0.003,0.4402
CLUBS JACK SPADES JACK,0.3162,0.0032,0.6806
SPADES QUEEN CLUBS SEVEN,0.641,0.0022,0.3568
SPADES KING CLUBS SEVEN,0.6384,0.0038,0.3578
SPADES ACE CLUBS SEVEN,0.5418,0.2286,0.2296
SPADES SIX HEARTS TEN,0.6466,0.005,0.3484
SPADES SIX HEARTS JACK,0.652,0.0052,0.3428
SPADES SIX HEARTS KING,0.6374,0.0038,0.3588
SPADES SIX HEARTS QUEEN,0.6372,0.0044,0.3584
SPADES JACK CLUBS SEVEN,0.6348,0.0038,0.3614
SPADES TEN CLUBS SEVEN,0.62,0.0022,0.3778
CLUBS TEN HEARTS SIX,0.635,0.005,0.36
CLUBS JACK HEARTS SIX,0.6484,0.0036,0.348
CLUBS JACK CLUBS ACE,0.219,0.0886,0.6924
HEARTS SIX CLUBS QUEEN,0.6356,0.0056,0.3588
HEARTS SIX CLUBS KING,0.6452,0.0038,0.351
HEARTS SIX CLUBS ACE,0.557,0.2184,0.2246
CLUBS JACK CLUBS QUEEN,0.5366,0.0038,0.4596
CLUBS JACK CLUBS KING,0.539,0.0048,0.4562
DIAMONDS THREE HEARTS QUEEN,0.6574,0.0048,0.3378
DIAMONDS THREE HEARTS KING,0.6336,0.006,0.3604
CLUBS FIVE HEARTS JACK,0.633,0.0034,0.3636
SPADES TEN DIAMONDS ACE,0.239,0.1186,0.6424
HEARTS FOUR SPADES TEN,0.6424,0.0038,0.3538
CLUBS FIVE HEARTS TEN,0.6442,0.0054,0.3504
HEARTS FOUR SPADES JACK,0.6396,0.0042,0.3562
SPADES JACK DIAMONDS ACE,0.2294,0.0924,0.6782
SPADES ACE HEARTS FOUR,0.5402,0.2234,0.2364
SPADES ACE DIAMONDS ACE,0.0552,0.0132,0.9316
CLUBS FIVE HEARTS KING,0.6406,0.004,0.3554
HEARTS FOUR SPADES QUEEN,0.64,0.0034,0.3566
SPADES QUEEN DIAMONDS ACE,0.235,0.0642,0.7008
CLUBS JACK SPADES FOUR,0.6328,0.0032,0.364
CLUBS FIVE HEARTS QUEEN,0.6348,0.0042,0.361
SPADES KING DIAMONDS ACE,0.2404,0.0492,0.7104
SPADES KING HEARTS FOUR,0.6444,0.004,0.3516
CLUBS TEN SPADES FOUR,0.6406,0.0042,0.3552
DIAMONDS ACE DIAMONDS QUEEN,0.2346,0.0654,0.7
DIAMONDS ACE HEARTS TWO,0.5304,0.2356,0.234
HEARTS FOUR DIAMONDS QUEEN,0.6324,0.0042,0.3634
HEARTS FOUR HEARTS TWO,0.6186,0.006,0.3754
DIAMONDS THREE HEARTS TEN,0.6614,0.0046,0.334
SPADES FOUR CLUBS KING,0.6182,0.0026,0.3792
HEARTS FIVE DIAMONDS QUEEN,0.6466,0.005,0.3484
HEARTS FIVE HEARTS TWO,0.626,0.0052,0.3688
DIAMONDS THREE HEARTS JACK,0.6416,0.005,0.3534
SPADES FOUR CLUBS QUEEN,0.62,0.0032,0.3768
HEARTS TWO DIAMONDS QUEEN,0.6384,0.0046,0.357
DIAMONDS KING DIAMONDS QUEEN,0.5436,0.005,0.4514
DIAMONDS KING HEARTS TWO,0.6406,0.0054,0.354
HEARTS THREE DIAMONDS QUEEN,0.6254,0.0038,0.3708
HEARTS THREE HEARTS TWO,0.6256,0.0042,0.3702
SPADES FOUR CLUBS ACE,0.5238,0.2196,0.2566
HEARTS TWO CLUBS ACE,0.5434,0.217,0.2396
DIAMONDS QUEEN CLUBS ACE,0.238,0.0654,0.6966
HEARTS TWO CLUBS QUEEN,0.641,0.0046,0.3544
DIAMONDS QUEEN CLUBS QUEEN,0.278,0.0036,0.7184
HEARTS TWO CLUBS KING,0.6528,0.0036,0.3436
DIAMONDS QUEEN CLUBS KING,0.5718,0.0046,0.4236
SPADES EIGHT SPADES FIVE,0.6752,0.026,0.2988
CLUBS TEN HEARTS TWO,0.6358,0.0064,0.3578
CLUBS TEN DIAMONDS QUEEN,0.5628,0.0038,0.4334
SPADES NINE SPADES FIVE,0.5948,0.0048,0.4004
CLUBS JACK HEARTS TWO,0.6446,0.0026,0.3528
CLUBS JACK DIAMONDS QUEEN,0.569,0.003,0.428
SPADES SIX SPADES FIVE,0.5908,0.0024,0.4068
SPADES SEVEN SPADES FIVE,0.6104,0.0026,0.387
DIAMONDS FIVE CLUBS QUEEN,0.6402,0.0038,0.356
SPADES EIGHT CLUBS ACE,0.019,0.9588,0.0222
DIAMONDS FIVE CLUBS KING,0.633,0.0042,0.3628
SPADES EIGHT CLUBS KING,0.744,0.0214,0.2346
DIAMONDS FIVE CLUBS ACE,0.529,0.2286,0.2424
SPADES EIGHT CLUBS QUEEN,0.7198,0.0222,0.258
CLUBS JACK SPADES EIGHT,0.7006,0.0186,0.2808
CLUBS TEN SPADES EIGHT,0.7012,0.0216,0.2772
CLUBS TEN DIAMONDS FIVE,0.639,0.0028,0.3582
CLUBS JACK DIAMONDS FIVE,0.6376,0.004,0.3584
DIAMONDS TEN HEARTS JACK,0.5644,0.004,0.4316
DIAMONDS TEN HEARTS TEN,0.3116,0.0036,0.6848
SPADES ACE CLUBS NINE,0.2292,0.166,0.6048
SPADES QUEEN CLUBS NINE,0.5852,0.0028,0.412
SPADES KING CLUBS NINE,0.6076,0.0038,0.3886
HEARTS SIX HEARTS KING,0.6152,0.004,0.3808
DIAMONDS KING SPADES SEVEN,0.6346,0.0028,0.3626
HEARTS THREE SPADES SEVEN,0.6744,0.005,0.3206
SPADES KING DIAMONDS SEVEN,0.6396,0.0046,0.3558
HEARTS SIX HEARTS QUEEN,0.5996,0.0052,0.3952
SPADES QUEEN DIAMONDS SEVEN,0.6464,0.0022,0.3514
HEARTS THREE SPADES SIX,0.6606,0.0044,0.335
DIAMONDS KING SPADES SIX,0.629,0.0036,0.3674
SPADES NINE DIAMONDS KING,0.6,0.0034,0.3966
SPADES NINE HEARTS THREE,0.6514,0.0032,0.3454
DIAMONDS KING SPADES EIGHT,0.7448,0.0232,0.232
SPADES EIGHT HEARTS THREE,0.754,0.0242,0.2218
SPADES ACE DIAMONDS SEVEN,0.5436,0.228,0.2284
CLUBS NINE HEARTS THREE,0.6418,0.0044,0.3538
CLUBS NINE DIAMONDS KING,0.5914,0.0044,0.4042
CLUBS EIGHT DIAMONDS KING,0.7364,0.0262,0.2374
CLUBS EIGHT HEARTS THREE,0.7578,0.0344,0.2078
HEARTS THREE SPADES THREE,0.4808,0.005,0.5142
DIAMONDS KING SPADES THREE,0.6386,0.0056,0.3558
HEARTS THREE SPADES TWO,0.6554,0.0074,0.3372
