opposingHand,winningChance,drawChance,lostChance
HEARTS FOUR SPADES FIVE
HEARTS FIVE SPADES TEN,0.2754,0.085,0.6396
HEARTS FIVE SPADES JACK,0.2748,0.065,0.6602
CLUBS EIGHT CLUBS JACK,0.355,0.0186,0.6264
CLUBS TEN CLUBS EIGHT,0.3406,0.0262,0.6332
CLUBS EIGHT CLUBS KING,0.3524,0.0092,0.6384
CLUBS EIGHT CLUBS QUEEN,0.3454,0.0114,0.6432
CLUBS EIGHT CLUBS ACE,0.3438,0.0048,0.6514
DIAMONDS TWO DIAMONDS THREE,0.4364,0.2278,0.3358
DIAMONDS TWO DIAMONDS FIVE,0.279,0.4664,0.2546
HEARTS FIVE SPADES KING,0.2848,0.0398,0.6754
DIAMONDS TWO DIAMONDS FOUR,0.3954,0.3474,0.2572
HEARTS FIVE SPADES QUEEN,0.272,0.0544,0.6736
DIAMONDS TWO DIAMONDS SEVEN,0.4088,0.0908,0.5004
DIAMONDS TWO DIAMONDS SIX,0.3882,0.1496,0.4622
SPADES ACE HEARTS FIVE,0.265,0.026,0.709
DIAMONDS TWO DIAMONDS NINE,0.405,0.0444,0.5506
DIAMONDS TWO DIAMONDS EIGHT,0.4128,0.0638,0.5234
DIAMONDS THREE DIAMONDS FOUR,0.386,0.3486,0.2654
SPADES FOUR CLUBS TWO,0.4166,0.3794,0.204
DIAMONDS THREE DIAMONDS FIVE,0.258,0.4854,0.2566
CLUBS TWO SPADES TWO,0.359,0.146,0.495
CLUBS TWO SPADES THREE,0.4542,0.246,0.2998
DIAMONDS THREE DIAMONDS EIGHT,0.41,0.0608,0.5292
SPADES EIGHT CLUBS TWO,0.42,0.0664,0.5136
DIAMONDS THREE DIAMONDS NINE,0.3884,0.0404,0.5712
SPADES NINE CLUBS TWO,0.4248,0.0512,0.524
DIAMONDS THREE DIAMONDS SIX,0.3838,0.15,0.4662
SPADES SIX CLUBS TWO,0.4124,0.1574,0.4302
DIAMONDS THREE DIAMONDS SEVEN,0.384,0.0984,0.5176
SPADES SEVEN CLUBS TWO,0.421,0.1022,0.4768
CLUBS SIX CLUBS TWO,0.3784,0.1506,0.471
CLUBS SEVEN CLUBS TWO,0.3928,0.1008,0.5064
CLUBS FOUR CLUBS TWO,0.3984,0.3464,0.2552
CLUBS FIVE CLUBS TWO,0.279,0.4726,0.2484
CLUBS TEN CLUBS JACK,0.3366,0.015,0.6484
DIAMONDS FOUR DIAMONDS SIX,0.2486,0.2558,0.4956
CLUBS TEN CLUBS QUEEN,0.3516,0.01,0.6384
DIAMONDS FOUR DIAMONDS SEVEN,0.2548,0.1902,0.555
CLUBS TEN CLUBS KING,0.3468,0.0068,0.6464
CLUBS TEN CLUBS ACE,0.3464,0.0034,0.6502
CLUBS EIGHT CLUBS TWO,0.3962,0.0666,0.5372
DIAMONDS FIVE DIAMONDS FOUR,0.0232,0.9114,0.0654
CLUBS NINE CLUBS TWO,0.403,0.038,0.559
DIAMONDS NINE DIAMONDS FOUR,0.2862,0.0998,0.614
DIAMONDS EIGHT DIAMONDS FOUR,0.2734,0.1428,0.5838
CLUBS THREE CLUBS TWO,0.4408,0.2276,0.3316
DIAMONDS NINE DIAMONDS FIVE,0.2484,0.1124,0.6392
DIAMONDS TWO CLUBS JACK,0.4382,0.0192,0.5426
DIAMONDS EIGHT DIAMONDS FIVE,0.2484,0.144,0.6076
CLUBS TEN DIAMONDS TWO,0.4288,0.0316,0.5396
DIAMONDS FIVE DIAMONDS SEVEN,0.244,0.1886,0.5674
DIAMONDS FIVE DIAMONDS SIX,0.2452,0.2504,0.5044
DIAMONDS TWO CLUBS ACE,0.4014,0.0052,0.5934
DIAMONDS TWO CLUBS KING,0.4242,0.0086,0.5672
DIAMONDS TWO CLUBS QUEEN,0.409,0.0144,0.5766
DIAMONDS EIGHT DIAMONDS SIX,0.3276,0.0636,0.6088
DIAMONDS NINE DIAMONDS SIX,0.349,0.0406,0.6104
HEARTS ACE SPADES THREE,0.4058,0.0072,0.587
SPADES THREE HEARTS KING,0.428,0.0098,0.5622
DIAMONDS SEVEN DIAMONDS SIX,0.3168,0.0894,0.5938
SPADES THREE HEARTS QUEEN,0.4364,0.014,0.5496
SPADES THREE HEARTS JACK,0.4174,0.0222,0.5604
SPADES THREE HEARTS TEN,0.4238,0.0314,0.5448
DIAMONDS EIGHT DIAMONDS SEVEN,0.3246,0.053,0.6224
DIAMONDS NINE DIAMONDS SEVEN,0.3482,0.0408,0.611
DIAMONDS NINE DIAMONDS EIGHT,0.3358,0.041,0.6232
DIAMONDS KING HEARTS TEN,0.3608,0.0064,0.6328
HEARTS THREE HEARTS TEN,0.3988,0.0288,0.5724
SPADES JACK CLUBS SIX,0.3576,0.0236,0.6188
DIAMONDS KING HEARTS JACK,0.362,0.0086,0.6294
HEARTS THREE HEARTS JACK,0.4054,0.0218,0.5728
SPADES TEN CLUBS SIX,0.3604,0.028,0.6116
DIAMONDS KING HEARTS ACE,0.3576,0.0048,0.6376
HEARTS THREE HEARTS ACE,0.387,0.0056,0.6074
SPADES ACE CLUBS SIX,0.3648,0.0052,0.63
DIAMONDS KING HEARTS QUEEN,0.3774,0.0102,0.6124
HEARTS THREE HEARTS QUEEN,0.4034,0.0158,0.5808
SPADES KING CLUBS SIX,0.3676,0.009,0.6234
DIAMONDS KING HEARTS KING,0.1868,0.0176,0.7956
HEARTS THREE HEARTS KING,0.4078,0.0092,0.583
SPADES QUEEN CLUBS SIX,0.3668,0.0154,0.6178
SPADES NINE HEARTS TEN,0.3378,0.023,0.6392
SPADES NINE HEARTS JACK,0.35,0.0196,0.6304
SPADES NINE HEARTS QUEEN,0.3546,0.0148,0.6306
SPADES NINE HEARTS KING,0.364,0.0106,0.6254
SPADES NINE HEARTS ACE,0.363,0.0074,0.6296
CLUBS TEN SPADES JACK,0.3616,0.0174,0.621
CLUBS TEN SPADES TEN,0.1884,0.0666,0.745
SPADES ACE CLUBS TEN,0.364,0.004,0.632
SPADES KING CLUBS TEN,0.3668,0.0066,0.6266
CLUBS TEN SPADES QUEEN,0.3732,0.0114,0.6154
CLUBS EIGHT SPADES TEN,0.3628,0.0244,0.6128
HEARTS THREE SPADES JACK,0.4122,0.0216,0.5662
SPADES JACK DIAMONDS KING,0.3614,0.011,0.6276
SPADES TEN DIAMONDS KING,0.3604,0.0076,0.632
HEARTS THREE SPADES TEN,0.417,0.0268,0.5562
SPADES JACK CLUBS EIGHT,0.3616,0.0196,0.6188
CLUBS SIX HEARTS ACE,0.3654,0.005,0.6296
SPADES ACE CLUBS EIGHT,0.367,0.006,0.627
HEARTS FIVE CLUBS JACK,0.2862,0.0674,0.6464
HEARTS FIVE CLUBS TEN,0.2826,0.0836,0.6338
CLUBS SIX HEARTS QUEEN,0.3646,0.0126,0.6228
SPADES QUEEN CLUBS EIGHT,0.3678,0.01,0.6222
CLUBS TEN SPADES THREE,0.4212,0.0302,0.5486
CLUBS SIX HEARTS KING,0.3786,0.0074,0.614
SPADES KING CLUBS EIGHT,0.3806,0.0076,0.6118
SPADES THREE CLUBS JACK,0.4286,0.0188,0.5526
DIAMONDS TWO HEARTS JACK,0.4162,0.0204,0.5634
SPADES THREE CLUBS QUEEN,0.4332,0.0152,0.5516
DIAMONDS TWO HEARTS TEN,0.4202,0.038,0.5418
SPADES THREE CLUBS KING,0.436,0.01,0.554
HEARTS FIVE CLUBS ACE,0.2666,0.0254,0.708
SPADES THREE CLUBS ACE,0.4042,0.007,0.5888
HEARTS FIVE CLUBS KING,0.2754,0.0362,0.6884
HEARTS FIVE CLUBS QUEEN,0.2908,0.0446,0.6646
HEARTS THREE CLUBS KING,0.4334,0.0122,0.5544
DIAMONDS KING CLUBS KING,0.1854,0.0174,0.7972
HEARTS THREE CLUBS QUEEN,0.4322,0.0164,0.5514
DIAMONDS KING CLUBS QUEEN,0.3812,0.0074,0.6114
HEARTS FIVE HEARTS JACK,0.2854,0.0584,0.6562
HEARTS FIVE HEARTS TEN,0.2896,0.0836,0.6268
HEARTS THREE CLUBS ACE,0.417,0.0056,0.5774
DIAMONDS KING CLUBS ACE,0.3858,0.0046,0.6096
SPADES ACE CLUBS QUEEN,0.3734,0.0062,0.6204
SPADES KING CLUBS QUEEN,0.369,0.0072,0.6238
HEARTS THREE CLUBS JACK,0.4246,0.0238,0.5516
DIAMONDS KING CLUBS JACK,0.3864,0.0054,0.6082
SPADES QUEEN CLUBS QUEEN,0.1814,0.0352,0.7834
CLUBS TEN HEARTS THREE,0.428,0.0316,0.5404
CLUBS TEN DIAMONDS KING,0.363,0.0068,0.6302
SPADES JACK CLUBS QUEEN,0.3676,0.0088,0.6236
CLUBS SIX CLUBS QUEEN,0.3492,0.0116,0.6392
SPADES TEN CLUBS QUEEN,0.3602,0.009,0.6308
CLUBS SIX CLUBS KING,0.3412,0.0092,0.6496
CLUBS SIX CLUBS ACE,0.34,0.0048,0.6552
HEARTS FIVE HEARTS KING,0.2698,0.0346,0.6956
HEARTS FIVE HEARTS QUEEN,0.2852,0.0474,0.6674
CLUBS TEN CLUBS SIX,0.3612,0.0296,0.6092
HEARTS FIVE HEARTS ACE,0.2494,0.0286,0.722
CLUBS SIX CLUBS JACK,0.3494,0.0214,0.6292
SPADES SEVEN HEARTS JACK,0.3592,0.0196,0.6212
SPADES SEVEN HEARTS TEN,0.3686,0.0236,0.6078
DIAMONDS TWO CLUBS TWO,0.3572,0.1474,0.4954
DIAMONDS TWO CLUBS THREE,0.4516,0.2518,0.2966
DIAMONDS TWO HEARTS SIX,0.4166,0.1598,0.4236
DIAMONDS TWO HEARTS QUEEN,0.4276,0.0134,0.559
HEARTS SEVEN DIAMONDS TWO,0.4262,0.1128,0.461
DIAMONDS TWO HEARTS KING,0.4234,0.0086,0.568
DIAMONDS TWO HEARTS EIGHT,0.4376,0.0708,0.4916
DIAMONDS TWO HEARTS ACE,0.413,0.0062,0.5808
DIAMONDS TWO HEARTS NINE,0.416,0.0422,0.5418
DIAMONDS TWO DIAMONDS QUEEN,0.4,0.0132,0.5868
DIAMONDS TWO HEARTS TWO,0.35,0.1516,0.4984
DIAMONDS TWO DIAMONDS KING,0.3978,0.0092,0.593
HEARTS THREE DIAMONDS TWO,0.4706,0.2418,0.2876
DIAMONDS TWO DIAMONDS ACE,0.3948,0.0076,0.5976
HEARTS FIVE DIAMONDS TWO,0.278,0.5106,0.2114
SPADES SEVEN HEARTS ACE,0.364,0.0054,0.6306
DIAMONDS TWO DIAMONDS TEN,0.4026,0.0288,0.5686
SPADES SEVEN HEARTS KING,0.3772,0.0064,0.6164
DIAMONDS TWO DIAMONDS JACK,0.4056,0.0176,0.5768
SPADES SEVEN HEARTS QUEEN,0.3674,0.015,0.6176
DIAMONDS TWO SPADES NINE,0.4284,0.0436,0.528
DIAMONDS TWO SPADES EIGHT,0.4216,0.0714,0.507
DIAMONDS TWO SPADES SEVEN,0.4218,0.1022,0.476
DIAMONDS TWO SPADES SIX,0.4204,0.1508,0.4288
DIAMONDS TWO SPADES FOUR,0.4252,0.358,0.2168
DIAMONDS TWO SPADES THREE,0.4542,0.2524,0.2934
DIAMONDS TWO SPADES TWO,0.3454,0.1584,0.4962
CLUBS NINE DIAMONDS TWO,0.433,0.0454,0.5216
DIAMONDS TWO CLUBS EIGHT,0.4232,0.0702,0.5066
CLUBS SEVEN DIAMONDS TWO,0.4372,0.1,0.4628
DIAMONDS TWO CLUBS SIX,0.4284,0.155,0.4166
DIAMONDS TWO CLUBS FIVE,0.2828,0.5022,0.215
DIAMONDS TWO CLUBS FOUR,0.4224,0.3584,0.2192
CLUBS FOUR SPADES FOUR,0.2712,0.1234,0.6054
CLUBS FOUR SPADES THREE,0.4186,0.3732,0.2082
CLUBS FOUR SPADES TWO,0.4206,0.3628,0.2166
SPADES NINE CLUBS FOUR,0.2932,0.108,0.5988
SPADES EIGHT CLUBS FOUR,0.2774,0.1396,0.583
SPADES SEVEN CLUBS FOUR,0.2606,0.2134,0.526
CLUBS FOUR SPADES SIX,0.2518,0.2734,0.4748
SPADES ACE DIAMONDS SIX,0.3734,0.0064,0.6202
SPADES QUEEN DIAMONDS SIX,0.3804,0.0118,0.6078
SPADES KING DIAMONDS SIX,0.3738,0.0076,0.6186
SPADES TEN DIAMONDS SIX,0.3642,0.0314,0.6044
SPADES JACK DIAMONDS SIX,0.362,0.0194,0.6186
SPADES QUEEN SPADES TWO,0.4158,0.0146,0.5696
SPADES KING SPADES TWO,0.4086,0.0088,0.5826
SPADES ACE SPADES TWO,0.3874,0.0062,0.6064
DIAMONDS JACK CLUBS JACK,0.1948,0.0428,0.7624
CLUBS TEN DIAMONDS JACK,0.367,0.0152,0.6178
DIAMONDS JACK CLUBS KING,0.3798,0.0074,0.6128
DIAMONDS JACK CLUBS QUEEN,0.3674,0.0118,0.6208
DIAMONDS THREE DIAMONDS JACK,0.4048,0.0242,0.571
DIAMONDS THREE DIAMONDS TEN,0.391,0.0252,0.5838
DIAMONDS JACK CLUBS ACE,0.3754,0.0032,0.6214
DIAMONDS THREE DIAMONDS KING,0.4012,0.0072,0.5916
HEARTS THREE DIAMONDS THREE,0.3478,0.1552,0.497
DIAMONDS THREE DIAMONDS QUEEN,0.4064,0.014,0.5796
DIAMONDS THREE HEARTS TWO,0.4518,0.2516,0.2966
HEARTS FIVE DIAMONDS THREE,0.2722,0.5108,0.217
DIAMONDS THREE DIAMONDS ACE,0.377,0.004,0.619
HEARTS SEVEN DIAMONDS THREE,0.4106,0.1114,0.478
SPADES TEN SPADES NINE,0.3186,0.0268,0.6546
HEARTS SIX DIAMONDS THREE,0.4048,0.167,0.4282
SPADES JACK SPADES NINE,0.3378,0.0174,0.6448
DIAMONDS THREE HEARTS NINE,0.4238,0.0508,0.5254
HEARTS JACK DIAMONDS FOUR,0.2914,0.0624,0.6462
HEARTS ACE HEARTS KING,0.3564,0.0046,0.639
SPADES TEN SPADES TWO,0.4116,0.03,0.5584
DIAMONDS THREE HEARTS EIGHT,0.4192,0.0716,0.5092
HEARTS TEN DIAMONDS FOUR,0.2834,0.089,0.6276
SPADES JACK SPADES TWO,0.4212,0.0216,0.5572
HEARTS QUEEN DIAMONDS FOUR,0.2868,0.046,0.6672
HEARTS KING DIAMONDS FOUR,0.2876,0.0338,0.6786
SPADES ACE SPADES NINE,0.3448,0.0048,0.6504
HEARTS ACE DIAMONDS FOUR,0.27,0.021,0.709
SPADES KING SPADES NINE,0.3436,0.0082,0.6482
SPADES QUEEN SPADES NINE,0.3596,0.0092,0.6312
DIAMONDS THREE SPADES NINE,0.4114,0.0488,0.5398
DIAMONDS THREE SPADES EIGHT,0.4254,0.0728,0.5018
DIAMONDS THREE SPADES SEVEN,0.4106,0.106,0.4834
DIAMONDS THREE SPADES SIX,0.3886,0.1672,0.4442
DIAMONDS THREE CLUBS SIX,0.4134,0.158,0.4286
CLUBS FIVE CLUBS SIX,0.2414,0.2426,0.516
CLUBS ACE DIAMONDS FOUR,0.2806,0.0216,0.6978
CLUBS SEVEN DIAMONDS THREE,0.4136,0.1,0.4864
CLUBS SEVEN CLUBS FIVE,0.2564,0.1922,0.5514
DIAMONDS THREE CLUBS FOUR,0.4144,0.362,0.2236
DIAMONDS FOUR CLUBS QUEEN,0.2928,0.0418,0.6654
DIAMONDS THREE CLUBS FIVE,0.2798,0.5002,0.22
CLUBS KING DIAMONDS FOUR,0.2908,0.0336,0.6756
DIAMONDS THREE CLUBS TWO,0.4644,0.235,0.3006
CLUBS TEN DIAMONDS FOUR,0.2778,0.0776,0.6446
DIAMONDS THREE CLUBS THREE,0.3474,0.1544,0.4982
DIAMONDS FOUR CLUBS JACK,0.2906,0.0576,0.6518
DIAMONDS THREE SPADES FOUR,0.4148,0.3608,0.2244
DIAMONDS THREE SPADES TWO,0.4694,0.2412,0.2894
DIAMONDS THREE SPADES THREE,0.3422,0.1484,0.5094
CLUBS EIGHT DIAMONDS THREE,0.4268,0.064,0.5092
CLUBS NINE DIAMONDS THREE,0.4258,0.0502,0.524
SPADES SEVEN CLUBS ACE,0.3662,0.0054,0.6284
SPADES SEVEN CLUBS QUEEN,0.3746,0.0136,0.6118
SPADES SEVEN CLUBS KING,0.374,0.0084,0.6176
CLUBS FIVE SPADES SEVEN,0.2624,0.2074,0.5302
CLUBS TEN SPADES SEVEN,0.3786,0.0264,0.595
CLUBS FIVE SPADES SIX,0.2362,0.268,0.4958
SPADES SEVEN CLUBS JACK,0.3816,0.0202,0.5982
CLUBS FIVE SPADES NINE,0.261,0.1198,0.6192
CLUBS FIVE SPADES EIGHT,0.272,0.1584,0.5696
CLUBS FIVE SPADES THREE,0.2828,0.5202,0.197
CLUBS FIVE SPADES TWO,0.2854,0.5016,0.213
CLUBS FIVE SPADES FOUR,0.0202,0.9684,0.0114
CLUBS NINE CLUBS FIVE,0.262,0.1018,0.6362
CLUBS EIGHT CLUBS FIVE,0.2542,0.153,0.5928
CLUBS ACE CLUBS QUEEN,0.3482,0.0058,0.646
CLUBS KING CLUBS QUEEN,0.3504,0.008,0.6416
DIAMONDS TEN DIAMONDS FOUR,0.2756,0.0772,0.6472
CLUBS TEN DIAMONDS NINE,0.3472,0.0234,0.6294
DIAMONDS JACK DIAMONDS FOUR,0.2866,0.0602,0.6532
DIAMONDS NINE CLUBS JACK,0.382,0.0138,0.6042
SPADES NINE CLUBS JACK,0.3746,0.0174,0.608
CLUBS TEN SPADES NINE,0.3324,0.0266,0.641
DIAMONDS ACE DIAMONDS FOUR,0.2518,0.0176,0.7306
DIAMONDS JACK HEARTS TEN,0.3472,0.0138,0.639
SPADES NINE CLUBS KING,0.378,0.0076,0.6144
DIAMONDS TWO SPADES TEN,0.423,0.033,0.544
DIAMONDS NINE CLUBS ACE,0.3678,0.0044,0.6278
HEARTS FIVE DIAMONDS FOUR,0.01,0.9698,0.0202
DIAMONDS JACK HEARTS JACK,0.196,0.0452,0.7588
SPADES NINE CLUBS QUEEN,0.3538,0.0122,0.634
DIAMONDS TWO SPADES JACK,0.4388,0.0222,0.539
DIAMONDS QUEEN DIAMONDS FOUR,0.2758,0.0494,0.6748
HEARTS TWO DIAMONDS FOUR,0.4304,0.367,0.2026
DIAMONDS NINE CLUBS QUEEN,0.3606,0.011,0.6284
DIAMONDS KING DIAMONDS FOUR,0.279,0.0306,0.6904
HEARTS THREE DIAMONDS FOUR,0.4198,0.37,0.2102
SPADES NINE CLUBS ACE,0.3722,0.0048,0.623
DIAMONDS NINE CLUBS KING,0.3738,0.0084,0.6178
HEARTS ACE DIAMONDS JACK,0.3718,0.0048,0.6234
SPADES ACE DIAMONDS TWO,0.4166,0.0076,0.5758
HEARTS QUEEN DIAMONDS JACK,0.3694,0.0132,0.6174
SPADES QUEEN DIAMONDS TWO,0.4332,0.014,0.5528
DIAMONDS JACK HEARTS KING,0.3724,0.0088,0.6188
SPADES KING DIAMONDS TWO,0.426,0.009,0.565
SPADES JACK SPADES SEVEN,0.3566,0.018,0.6254
SPADES TEN SPADES SEVEN,0.355,0.0266,0.6184
CLUBS SEVEN CLUBS THREE,0.3818,0.1002,0.518
CLUBS SIX CLUBS THREE,0.378,0.1506,0.4714
CLUBS FIVE CLUBS THREE,0.2618,0.4762,0.262
CLUBS THREE CLUBS FOUR,0.3904,0.3516,0.258
CLUBS NINE CLUBS THREE,0.3812,0.046,0.5728
CLUBS EIGHT CLUBS THREE,0.4002,0.0608,0.539
CLUBS THREE SPADES FOUR,0.4204,0.3678,0.2118
CLUBS THREE SPADES THREE,0.3518,0.1428,0.5054
CLUBS THREE SPADES TWO,0.4662,0.246,0.2878
CLUBS THREE SPADES SIX,0.4056,0.1618,0.4326
CLUBS THREE SPADES SEVEN,0.41,0.1018,0.4882
SPADES EIGHT CLUBS THREE,0.4146,0.0722,0.5132
SPADES NINE CLUBS THREE,0.417,0.0502,0.5328
SPADES TWO DIAMONDS FOUR,0.4212,0.3626,0.2162
SPADES THREE DIAMONDS FOUR,0.399,0.382,0.219
SPADES FOUR DIAMONDS FOUR,0.2866,0.1112,0.6022
SPADES SIX DIAMONDS FOUR,0.2306,0.2816,0.4878
SPADES SEVEN DIAMONDS FOUR,0.2592,0.1958,0.545
SPADES EIGHT DIAMONDS FOUR,0.2706,0.138,0.5914
SPADES NINE DIAMONDS FOUR,0.2908,0.1038,0.6054
CLUBS FIVE DIAMONDS FOUR,0.0206,0.955,0.0244
CLUBS FOUR DIAMONDS FOUR,0.2768,0.1236,0.5996
CLUBS SEVEN DIAMONDS FOUR,0.2646,0.2022,0.5332
CLUBS SIX DIAMONDS FOUR,0.2538,0.2704,0.4758
CLUBS NINE DIAMONDS FOUR,0.2866,0.1136,0.5998
CLUBS EIGHT DIAMONDS FOUR,0.279,0.1472,0.5738
HEARTS SEVEN DIAMONDS FOUR,0.2566,0.202,0.5414
HEARTS SIX DIAMONDS FOUR,0.249,0.2712,0.4798
DIAMONDS FOUR HEARTS NINE,0.2872,0.1016,0.6112
DIAMONDS FOUR HEARTS EIGHT,0.2766,0.1434,0.58
CLUBS THREE DIAMONDS FOUR,0.399,0.366,0.235
CLUBS TWO DIAMONDS FOUR,0.4082,0.3702,0.2216
DIAMONDS TEN DIAMONDS FIVE,0.276,0.0854,0.6386
DIAMONDS JACK DIAMONDS FIVE,0.2682,0.0534,0.6784
DIAMONDS NINE HEARTS QUEEN,0.3698,0.0118,0.6184
DIAMONDS NINE HEARTS KING,0.363,0.0092,0.6278
HEARTS ACE DIAMONDS NINE,0.3688,0.0052,0.626
DIAMONDS NINE HEARTS TEN,0.3424,0.0238,0.6338
DIAMONDS NINE HEARTS JACK,0.3718,0.0194,0.6088
CLUBS KING DIAMONDS SIX,0.3808,0.0088,0.6104
CLUBS QUEEN DIAMONDS SIX,0.3746,0.0124,0.613
CLUBS ACE DIAMONDS SIX,0.3712,0.0054,0.6234
SPADES KING DIAMONDS FOUR,0.284,0.0342,0.6818
SPADES ACE SPADES SEVEN,0.349,0.0052,0.6458
SPADES QUEEN DIAMONDS FOUR,0.292,0.043,0.665
SPADES QUEEN SPADES SEVEN,0.3582,0.014,0.6278
CLUBS JACK DIAMONDS SIX,0.3746,0.0218,0.6036
SPADES KING SPADES SEVEN,0.3696,0.0094,0.621
SPADES ACE DIAMONDS FOUR,0.2686,0.025,0.7064
CLUBS TEN DIAMONDS SIX,0.3806,0.0296,0.5898
CLUBS NINE CLUBS FOUR,0.2774,0.1006,0.622
CLUBS EIGHT CLUBS FOUR,0.2548,0.1414,0.6038
SPADES JACK DIAMONDS FOUR,0.288,0.0624,0.6496
SPADES TEN DIAMONDS FOUR,0.2962,0.0794,0.6244
CLUBS FIVE CLUBS FOUR,0.023,0.9004,0.0766
CLUBS SEVEN CLUBS FOUR,0.2514,0.1878,0.5608
CLUBS SIX CLUBS FOUR,0.2392,0.263,0.4978
CLUBS SEVEN SPADES EIGHT,0.3432,0.0676,0.5892
CLUBS SEVEN SPADES NINE,0.3588,0.0422,0.599
CLUBS SEVEN SPADES SIX,0.3314,0.0986,0.57
CLUBS SEVEN SPADES SEVEN,0.1516,0.1032,0.7452
CLUBS SEVEN SPADES FOUR,0.2706,0.1978,0.5316
CLUBS SEVEN SPADES THREE,0.4148,0.1082,0.477
CLUBS SEVEN SPADES TWO,0.429,0.1068,0.4642
CLUBS NINE CLUBS SEVEN,0.3374,0.0388,0.6238
CLUBS SEVEN CLUBS EIGHT,0.3344,0.063,0.6026
HEARTS SIX DIAMONDS FIVE,0.2532,0.2638,0.483
HEARTS SEVEN DIAMONDS FIVE,0.2518,0.206,0.5422
DIAMONDS FIVE HEARTS EIGHT,0.2672,0.1476,0.5852
DIAMONDS FIVE HEARTS NINE,0.2722,0.111,0.6168
DIAMONDS QUEEN DIAMONDS FIVE,0.2772,0.05,0.6728
HEARTS TWO DIAMONDS FIVE,0.294,0.502,0.204
HEARTS KING HEARTS EIGHT,0.3658,0.0088,0.6254
DIAMONDS KING DIAMONDS FIVE,0.2628,0.0376,0.6996
HEARTS THREE DIAMONDS FIVE,0.2614,0.5284,0.2102
HEARTS QUEEN HEARTS EIGHT,0.3548,0.0126,0.6326
DIAMONDS ACE DIAMONDS FIVE,0.2506,0.0274,0.722
HEARTS FIVE DIAMONDS FIVE,0.1162,0.1292,0.7546
HEARTS ACE HEARTS EIGHT,0.3556,0.005,0.6394
CLUBS FOUR DIAMONDS FIVE,0.022,0.9574,0.0206
CLUBS FIVE DIAMONDS FIVE,0.1286,0.1194,0.752
CLUBS SIX DIAMONDS FIVE,0.2444,0.2654,0.4902
CLUBS SEVEN DIAMONDS FIVE,0.259,0.2046,0.5364
CLUBS TWO DIAMONDS FIVE,0.2892,0.4936,0.2172
CLUBS THREE DIAMONDS FIVE,0.274,0.5074,0.2186
SPADES THREE DIAMONDS FIVE,0.2862,0.5108,0.203
SPADES TWO DIAMONDS FIVE,0.2898,0.493,0.2172
SPADES JACK DIAMONDS EIGHT,0.3718,0.0176,0.6106
CLUBS TEN HEARTS JACK,0.3572,0.0168,0.626
SPADES TEN DIAMONDS EIGHT,0.364,0.0276,0.6084
SPADES FOUR DIAMONDS FIVE,0.0176,0.973,0.0094
HEARTS JACK CLUBS JACK,0.1908,0.0508,0.7584
HEARTS JACK CLUBS QUEEN,0.363,0.0096,0.6274
CLUBS NINE DIAMONDS FIVE,0.2718,0.1116,0.6166
CLUBS KING HEARTS JACK,0.3606,0.0078,0.6316
CLUBS EIGHT DIAMONDS FIVE,0.2708,0.1506,0.5786
CLUBS ACE HEARTS JACK,0.3704,0.006,0.6236
SPADES SEVEN DIAMONDS FIVE,0.2506,0.1986,0.5508
SPADES KING DIAMONDS EIGHT,0.3822,0.0086,0.6092
SPADES QUEEN DIAMONDS EIGHT,0.3608,0.0108,0.6284
SPADES SIX DIAMONDS FIVE,0.2502,0.2688,0.481
SPADES NINE DIAMONDS FIVE,0.2666,0.1116,0.6218
SPADES EIGHT DIAMONDS FIVE,0.2628,0.1554,0.5818
SPADES ACE DIAMONDS EIGHT,0.3728,0.0056,0.6216
DIAMONDS TEN DIAMONDS SIX,0.3542,0.0252,0.6206
HEARTS ACE DIAMONDS SEVEN,0.3728,0.0032,0.624
DIAMONDS JACK DIAMONDS SIX,0.3548,0.0224,0.6228
HEARTS QUEEN DIAMONDS SEVEN,0.3718,0.0154,0.6128
HEARTS KING DIAMONDS SEVEN,0.3628,0.0088,0.6284
DIAMONDS ACE DIAMONDS SIX,0.3504,0.0052,0.6444
SPADES TWO HEARTS JACK,0.4264,0.0206,0.553
HEARTS FIVE DIAMONDS SIX,0.2318,0.2744,0.4938
SPADES TWO HEARTS TEN,0.4218,0.032,0.5462
DIAMONDS QUEEN DIAMONDS SIX,0.344,0.0112,0.6448
HEARTS TWO DIAMONDS SIX,0.4194,0.1694,0.4112
DIAMONDS KING DIAMONDS SIX,0.349,0.0078,0.6432
HEARTS THREE DIAMONDS SIX,0.4022,0.172,0.4258
HEARTS EIGHT DIAMONDS SIX,0.3426,0.0616,0.5958
HEARTS NINE DIAMONDS SIX,0.3536,0.0402,0.6062
HEARTS SIX DIAMONDS SIX,0.1416,0.1274,0.731
HEARTS SEVEN DIAMONDS SIX,0.3344,0.093,0.5726
HEARTS TEN DIAMONDS SEVEN,0.3532,0.03,0.6168
CLUBS TWO DIAMONDS SIX,0.4192,0.168,0.4128
HEARTS JACK DIAMONDS SEVEN,0.3662,0.0186,0.6152
CLUBS THREE DIAMONDS SIX,0.4032,0.1608,0.436
CLUBS SEVEN DIAMONDS SIX,0.3402,0.0968,0.563
DIAMONDS EIGHT CLUBS JACK,0.3772,0.017,0.6058
CLUBS SIX DIAMONDS SIX,0.1582,0.1318,0.71
CLUBS TEN DIAMONDS EIGHT,0.363,0.0222,0.6148
CLUBS FIVE DIAMONDS SIX,0.254,0.258,0.488
CLUBS FOUR DIAMONDS SIX,0.2584,0.2732,0.4684
HEARTS ACE HEARTS JACK,0.3542,0.0042,0.6416
DIAMONDS EIGHT CLUBS ACE,0.3866,0.0042,0.6092
HEARTS QUEEN HEARTS JACK,0.3566,0.0106,0.6328
DIAMONDS EIGHT CLUBS KING,0.378,0.0094,0.6126
CLUBS NINE DIAMONDS SIX,0.3554,0.0404,0.6042
HEARTS KING HEARTS JACK,0.349,0.0082,0.6428
DIAMONDS EIGHT CLUBS QUEEN,0.3718,0.013,0.6152
CLUBS EIGHT DIAMONDS SIX,0.3496,0.0636,0.5868
SPADES TEN HEARTS KING,0.371,0.009,0.62
HEARTS ACE SPADES TWO,0.418,0.0056,0.5764
SPADES JACK HEARTS KING,0.365,0.007,0.628
SPADES FOUR DIAMONDS SIX,0.2626,0.2712,0.4662
SPADES THREE DIAMONDS SIX,0.4072,0.1604,0.4324
HEARTS QUEEN SPADES TWO,0.4342,0.017,0.5488
SPADES ACE SPADES KING,0.3546,0.0058,0.6396
SPADES TWO HEARTS KING,0.428,0.0112,0.5608
SPADES TWO DIAMONDS SIX,0.4368,0.1578,0.4054
HEARTS TEN HEARTS EIGHT,0.3624,0.0224,0.6152
SPADES NINE DIAMONDS SIX,0.3606,0.0462,0.5932
HEARTS JACK HEARTS EIGHT,0.3522,0.0196,0.6282
SPADES EIGHT DIAMONDS SIX,0.3538,0.069,0.5772
SPADES SEVEN DIAMONDS SIX,0.3436,0.099,0.5574
SPADES SIX DIAMONDS SIX,0.1408,0.1288,0.7304
SPADES KING HEARTS KING,0.182,0.0202,0.7978
SPADES QUEEN HEARTS KING,0.3714,0.0088,0.6198
CLUBS ACE CLUBS KING,0.3498,0.0044,0.6458
SPADES ACE HEARTS KING,0.371,0.0052,0.6238
SPADES ACE HEARTS JACK,0.3668,0.0058,0.6274
SPADES QUEEN HEARTS JACK,0.3724,0.0126,0.615
SPADES KING HEARTS JACK,0.3578,0.01,0.6322
SPADES TEN DIAMONDS TEN,0.1818,0.066,0.7522
SPADES JACK DIAMONDS TEN,0.3672,0.0174,0.6154
SPADES ACE DIAMONDS TEN,0.361,0.0048,0.6342
SPADES JACK HEARTS JACK,0.1758,0.0526,0.7716
SPADES TEN HEARTS JACK,0.3512,0.0168,0.632
SPADES QUEEN DIAMONDS TEN,0.361,0.0088,0.6302
SPADES KING DIAMONDS TEN,0.3522,0.0084,0.6394
SPADES NINE DIAMONDS SEVEN,0.3598,0.0442,0.596
SPADES EIGHT DIAMONDS SEVEN,0.3572,0.061,0.5818
SPADES SEVEN DIAMONDS SEVEN,0.161,0.106,0.733
SPADES SIX DIAMONDS SEVEN,0.3344,0.1022,0.5634
DIAMONDS KING DIAMONDS SEVEN,0.3564,0.0068,0.6368
HEARTS THREE DIAMONDS SEVEN,0.4176,0.1062,0.4762
HEARTS KING DIAMONDS FIVE,0.2752,0.0364,0.6884
DIAMONDS QUEEN DIAMONDS SEVEN,0.3698,0.013,0.6172
HEARTS TWO DIAMONDS SEVEN,0.4306,0.1074,0.462
HEARTS QUEEN DIAMONDS FIVE,0.2882,0.0516,0.6602
HEARTS FIVE DIAMONDS SEVEN,0.2536,0.2096,0.5368
DIAMONDS ACE DIAMONDS SEVEN,0.3512,0.006,0.6428
HEARTS ACE DIAMONDS FIVE,0.2706,0.0276,0.7018
HEARTS SEVEN DIAMONDS SEVEN,0.1612,0.1162,0.7226
HEARTS SIX DIAMONDS SEVEN,0.3404,0.0986,0.561
DIAMONDS SEVEN HEARTS NINE,0.3614,0.0414,0.5972
HEARTS EIGHT DIAMONDS SEVEN,0.336,0.0552,0.6088
DIAMONDS JACK DIAMONDS SEVEN,0.343,0.0206,0.6364
DIAMONDS FIVE HEARTS JACK,0.2784,0.0698,0.6518
DIAMONDS TEN DIAMONDS SEVEN,0.3514,0.024,0.6246
HEARTS TEN DIAMONDS FIVE,0.2932,0.0888,0.618
SPADES KING CLUBS TWO,0.4268,0.0118,0.5614
HEARTS KING CLUBS KING,0.1734,0.0188,0.8078
CLUBS EIGHT DIAMONDS SEVEN,0.348,0.0662,0.5858
SPADES QUEEN CLUBS TWO,0.4388,0.0162,0.545
HEARTS KING CLUBS QUEEN,0.3658,0.007,0.6272
CLUBS NINE DIAMONDS SEVEN,0.3604,0.0454,0.5942
SPADES TWO CLUBS JACK,0.442,0.0182,0.5398
SPADES ACE CLUBS TWO,0.4082,0.007,0.5848
CLUBS TEN SPADES TWO,0.427,0.0262,0.5468
HEARTS KING CLUBS ACE,0.3772,0.0044,0.6184
CLUBS SEVEN CLUBS SIX,0.318,0.0992,0.5828
SPADES TWO CLUBS KING,0.435,0.0096,0.5554
SPADES TWO DIAMONDS SEVEN,0.426,0.1104,0.4636
CLUBS EIGHT CLUBS SIX,0.3368,0.0666,0.5966
SPADES THREE DIAMONDS SEVEN,0.413,0.113,0.474
SPADES TWO CLUBS QUEEN,0.4324,0.0134,0.5542
CLUBS NINE CLUBS SIX,0.3452,0.0404,0.6144
SPADES FOUR DIAMONDS SEVEN,0.2734,0.187,0.5396
HEARTS KING CLUBS JACK,0.3806,0.0098,0.6096
SPADES TWO CLUBS ACE,0.4202,0.0056,0.5742
CLUBS TEN HEARTS KING,0.3656,0.0062,0.6282
CLUBS SIX SPADES TWO,0.4286,0.1566,0.4148
CLUBS SIX SPADES THREE,0.4054,0.161,0.4336
CLUBS TWO DIAMONDS SEVEN,0.4292,0.103,0.4678
CLUBS SIX SPADES FOUR,0.2536,0.2748,0.4716
CLUBS THREE DIAMONDS SEVEN,0.4278,0.0984,0.4738
CLUBS FOUR DIAMONDS SEVEN,0.257,0.1996,0.5434
CLUBS SIX SPADES SIX,0.1436,0.1284,0.728
CLUBS FIVE DIAMONDS SEVEN,0.252,0.198,0.55
CLUBS SIX SPADES SEVEN,0.3422,0.0998,0.558
CLUBS SIX DIAMONDS SEVEN,0.3436,0.0954,0.561
CLUBS SIX SPADES EIGHT,0.3482,0.068,0.5838
SPADES JACK CLUBS TWO,0.4282,0.0232,0.5486
CLUBS SEVEN DIAMONDS SEVEN,0.1626,0.115,0.7224
SPADES NINE CLUBS SIX,0.3678,0.0424,0.5898
SPADES TEN CLUBS TWO,0.4276,0.0328,0.5396
CLUBS TWO CLUBS QUEEN,0.4012,0.013,0.5858
CLUBS TWO CLUBS KING,0.4078,0.009,0.5832
CLUBS THREE DIAMONDS EIGHT,0.4302,0.0652,0.5046
CLUBS TWO CLUBS ACE,0.3976,0.003,0.5994
CLUBS TWO DIAMONDS EIGHT,0.426,0.068,0.506
HEARTS SEVEN DIAMONDS EIGHT,0.364,0.0546,0.5814
HEARTS SIX DIAMONDS EIGHT,0.3464,0.0624,0.5912
DIAMONDS EIGHT HEARTS NINE,0.3514,0.0428,0.6058
CLUBS TEN CLUBS TWO,0.398,0.0298,0.5722
DIAMONDS EIGHT HEARTS EIGHT,0.1706,0.096,0.7334
CLUBS TWO CLUBS JACK,0.417,0.019,0.564
CLUBS NINE DIAMONDS EIGHT,0.355,0.0392,0.6058
CLUBS EIGHT DIAMONDS EIGHT,0.1792,0.1042,0.7166
CLUBS FIVE DIAMONDS EIGHT,0.2688,0.1496,0.5816
SPADES ACE SPADES THREE,0.3862,0.0066,0.6072
CLUBS FOUR DIAMONDS EIGHT,0.289,0.1282,0.5828
CLUBS SEVEN DIAMONDS EIGHT,0.3562,0.0618,0.582
SPADES QUEEN SPADES THREE,0.4084,0.013,0.5786
CLUBS SIX DIAMONDS EIGHT,0.3488,0.06,0.5912
SPADES KING SPADES THREE,0.4092,0.0088,0.582
DIAMONDS QUEEN DIAMONDS EIGHT,0.3528,0.009,0.6382
HEARTS TWO DIAMONDS EIGHT,0.4274,0.065,0.5076
DIAMONDS KING DIAMONDS EIGHT,0.3466,0.01,0.6434
HEARTS THREE DIAMONDS EIGHT,0.4256,0.0748,0.4996
DIAMONDS ACE DIAMONDS EIGHT,0.35,0.0062,0.6438
HEARTS FIVE DIAMONDS EIGHT,0.264,0.1516,0.5844
DIAMONDS EIGHT DIAMONDS TEN,0.3442,0.0214,0.6344
DIAMONDS EIGHT DIAMONDS JACK,0.3408,0.0172,0.642
SPADES JACK SPADES THREE,0.4204,0.0192,0.5604
SPADES TEN SPADES THREE,0.4058,0.0294,0.5648
CLUBS FOUR HEARTS ACE,0.2724,0.0164,0.7112
CLUBS FOUR HEARTS QUEEN,0.2866,0.0416,0.6718
CLUBS FOUR HEARTS KING,0.2756,0.037,0.6874
CLUBS SIX HEARTS TEN,0.3746,0.0276,0.5978
CLUBS SIX HEARTS JACK,0.3748,0.0194,0.6058
SPADES FOUR DIAMONDS EIGHT,0.2792,0.1432,0.5776
DIAMONDS EIGHT SPADES TWO,0.4244,0.0682,0.5074
DIAMONDS EIGHT SPADES THREE,0.4284,0.0752,0.4964
CLUBS FOUR HEARTS JACK,0.2898,0.0626,0.6476
SPADES EIGHT DIAMONDS EIGHT,0.1688,0.1,0.7312
SPADES TEN DIAMONDS QUEEN,0.3656,0.0108,0.6236
SPADES TEN HEARTS TWO,0.4292,0.0352,0.5356
SPADES JACK HEARTS EIGHT,0.3512,0.0202,0.6286
CLUBS FOUR HEARTS TEN,0.2892,0.0742,0.6366
SPADES NINE DIAMONDS EIGHT,0.3468,0.0358,0.6174
SPADES TEN HEARTS EIGHT,0.35,0.0264,0.6236
SPADES JACK HEARTS TWO,0.424,0.0224,0.5536
SPADES JACK DIAMONDS QUEEN,0.3724,0.0128,0.6148
SPADES SIX DIAMONDS EIGHT,0.348,0.0696,0.5824
SPADES SEVEN DIAMONDS EIGHT,0.3406,0.06,0.5994
SPADES ACE HEARTS TWO,0.4226,0.0054,0.572
SPADES ACE DIAMONDS QUEEN,0.37,0.0056,0.6244
SPADES ACE HEARTS EIGHT,0.3602,0.007,0.6328
SPADES KING HEARTS EIGHT,0.3664,0.0102,0.6234
SPADES QUEEN HEARTS TWO,0.4302,0.014,0.5558
SPADES QUEEN DIAMONDS QUEEN,0.1852,0.0362,0.7786
SPADES KING DIAMONDS QUEEN,0.3728,0.0074,0.6198
SPADES KING HEARTS TWO,0.4286,0.0112,0.5602
SPADES QUEEN HEARTS EIGHT,0.3726,0.0122,0.6152
CLUBS TWO HEARTS TEN,0.403,0.0396,0.5574
CLUBS TWO HEARTS JACK,0.4274,0.0244,0.5482
SPADES SEVEN DIAMONDS NINE,0.3508,0.0398,0.6094
SPADES SIX DIAMONDS NINE,0.3674,0.0436,0.589
SPADES NINE DIAMONDS NINE,0.184,0.087,0.729
SPADES EIGHT DIAMONDS NINE,0.3502,0.0432,0.6066
SPADES TEN CLUBS KING,0.361,0.0108,0.6282
DIAMONDS NINE SPADES THREE,0.4198,0.0488,0.5314
SPADES JACK CLUBS KING,0.384,0.0064,0.6096
DIAMONDS NINE SPADES TWO,0.4248,0.048,0.5272
DIAMONDS NINE SPADES FOUR,0.302,0.1048,0.5932
CLUBS NINE DIAMONDS NINE,0.189,0.0776,0.7334
CLUBS EIGHT DIAMONDS NINE,0.3452,0.0404,0.6144
CLUBS SIX DIAMONDS NINE,0.3568,0.044,0.5992
SPADES JACK CLUBS FOUR,0.2866,0.0602,0.6532
CLUBS SEVEN DIAMONDS NINE,0.3578,0.044,0.5982
SPADES TEN CLUBS FOUR,0.287,0.0832,0.6298
CLUBS FOUR DIAMONDS NINE,0.2888,0.109,0.6022
CLUBS FIVE DIAMONDS NINE,0.2758,0.1124,0.6118
DIAMONDS NINE CLUBS TWO,0.4332,0.0478,0.519
CLUBS THREE DIAMONDS NINE,0.422,0.0458,0.5322
DIAMONDS NINE HEARTS EIGHT,0.349,0.0394,0.6116
DIAMONDS NINE HEARTS NINE,0.182,0.079,0.739
HEARTS SIX DIAMONDS NINE,0.3498,0.0452,0.605
HEARTS SEVEN DIAMONDS NINE,0.3586,0.043,0.5984
CLUBS NINE CLUBS EIGHT,0.3352,0.0336,0.6312
DIAMONDS ACE DIAMONDS NINE,0.351,0.006,0.643
HEARTS FIVE DIAMONDS NINE,0.2678,0.1188,0.6134
HEARTS ACE CLUBS TWO,0.4172,0.007,0.5758
SPADES ACE CLUBS FOUR,0.2768,0.023,0.7002
DIAMONDS QUEEN DIAMONDS NINE,0.3386,0.0108,0.6506
HEARTS TWO DIAMONDS NINE,0.426,0.0452,0.5288
CLUBS TWO HEARTS KING,0.4212,0.0098,0.569
SPADES KING CLUBS FOUR,0.2934,0.0348,0.6718
DIAMONDS KING DIAMONDS NINE,0.3504,0.0044,0.6452
HEARTS THREE DIAMONDS NINE,0.428,0.0424,0.5296
CLUBS TWO HEARTS QUEEN,0.4272,0.0158,0.557
SPADES QUEEN CLUBS FOUR,0.2892,0.0482,0.6626
DIAMONDS NINE DIAMONDS JACK,0.3448,0.0186,0.6366
CLUBS EIGHT SPADES NINE,0.352,0.0392,0.6088
DIAMONDS NINE DIAMONDS TEN,0.328,0.0212,0.6508
CLUBS EIGHT SPADES EIGHT,0.1668,0.1004,0.7328
CLUBS EIGHT SPADES SEVEN,0.3422,0.0598,0.598
CLUBS EIGHT SPADES SIX,0.3418,0.0688,0.5894
CLUBS EIGHT SPADES FOUR,0.2832,0.1472,0.5696
CLUBS EIGHT SPADES THREE,0.424,0.0718,0.5042
CLUBS EIGHT SPADES TWO,0.4376,0.072,0.4904
HEARTS SIX DIAMONDS TEN,0.3612,0.0324,0.6064
HEARTS SEVEN DIAMONDS TEN,0.3546,0.0286,0.6168
DIAMONDS TEN HEARTS EIGHT,0.372,0.0264,0.6016
CLUBS FOUR CLUBS JACK,0.2746,0.0614,0.664
DIAMONDS TEN HEARTS NINE,0.3398,0.0234,0.6368
CLUBS TEN CLUBS FOUR,0.2644,0.0764,0.6592
CLUBS FOUR CLUBS KING,0.2704,0.032,0.6976
CLUBS FOUR CLUBS QUEEN,0.2702,0.0368,0.693
CLUBS TWO DIAMONDS TEN,0.4348,0.0334,0.5318
CLUBS THREE DIAMONDS TEN,0.4226,0.0294,0.548
CLUBS FOUR CLUBS ACE,0.261,0.0146,0.7244
DIAMONDS JACK DIAMONDS TEN,0.336,0.0146,0.6494
DIAMONDS QUEEN DIAMONDS TEN,0.3462,0.0118,0.642
HEARTS TWO DIAMONDS TEN,0.4234,0.0264,0.5502
DIAMONDS KING DIAMONDS TEN,0.3498,0.0064,0.6438
HEARTS THREE DIAMONDS TEN,0.4284,0.0328,0.5388
DIAMONDS ACE DIAMONDS TEN,0.3606,0.0046,0.6348
CLUBS EIGHT HEARTS JACK,0.3788,0.0196,0.6016
HEARTS FIVE DIAMONDS TEN,0.281,0.0796,0.6394
CLUBS EIGHT HEARTS TEN,0.3588,0.0234,0.6178
CLUBS EIGHT HEARTS QUEEN,0.383,0.0112,0.6058
CLUBS EIGHT HEARTS KING,0.373,0.0104,0.6166
CLUBS EIGHT HEARTS ACE,0.3672,0.0038,0.629
CLUBS NINE SPADES THREE,0.416,0.0448,0.5392
CLUBS NINE SPADES TWO,0.4222,0.0512,0.5266
CLUBS NINE SPADES FOUR,0.2952,0.1052,0.5996
CLUBS NINE SPADES SEVEN,0.356,0.0434,0.6006
CLUBS NINE SPADES SIX,0.374,0.049,0.577
CLUBS NINE SPADES NINE,0.1826,0.0856,0.7318
CLUBS TEN HEARTS EIGHT,0.3648,0.0302,0.605
CLUBS NINE SPADES EIGHT,0.3494,0.0422,0.6084
HEARTS EIGHT CLUBS JACK,0.37,0.0168,0.6132
CLUBS QUEEN HEARTS EIGHT,0.3754,0.01,0.6146
CLUBS KING HEARTS EIGHT,0.3718,0.0076,0.6206
CLUBS ACE HEARTS EIGHT,0.376,0.0052,0.6188
SPADES KING CLUBS KING,0.1926,0.0162,0.7912
SPADES QUEEN CLUBS KING,0.3724,0.009,0.6186
SPADES ACE CLUBS KING,0.3664,0.0044,0.6292
DIAMONDS ACE HEARTS TEN,0.3576,0.0054,0.637
DIAMONDS ACE HEARTS JACK,0.3712,0.0042,0.6246
SPADES KING CLUBS FIVE,0.2846,0.04,0.6754
SPADES QUEEN CLUBS FIVE,0.2754,0.0528,0.6718
SPADES ACE CLUBS FIVE,0.2564,0.0316,0.712
HEARTS SEVEN DIAMONDS JACK,0.3748,0.0204,0.6048
HEARTS SIX DIAMONDS JACK,0.377,0.0196,0.6034
DIAMONDS JACK HEARTS NINE,0.3688,0.0132,0.618
DIAMONDS JACK HEARTS EIGHT,0.3768,0.0168,0.6064
DIAMONDS KING DIAMONDS JACK,0.3528,0.007,0.6402
HEARTS THREE DIAMONDS JACK,0.4166,0.0232,0.5602
SPADES ACE SPADES SIX,0.359,0.0058,0.6352
HEARTS ACE SPADES FOUR,0.2718,0.0234,0.7048
DIAMONDS QUEEN DIAMONDS JACK,0.336,0.0094,0.6546
HEARTS TWO DIAMONDS JACK,0.4522,0.0212,0.5266
HEARTS FIVE DIAMONDS JACK,0.2756,0.0672,0.6572
SPADES QUEEN SPADES SIX,0.3662,0.0122,0.6216
SPADES FOUR HEARTS QUEEN,0.298,0.0456,0.6564
DIAMONDS ACE DIAMONDS JACK,0.3494,0.004,0.6466
SPADES KING SPADES SIX,0.35,0.0104,0.6396
SPADES FOUR HEARTS KING,0.2902,0.0356,0.6742
SPADES TEN SPADES SIX,0.3462,0.0264,0.6274
SPADES JACK SPADES SIX,0.3638,0.0224,0.6138
SPADES FOUR DIAMONDS JACK,0.3002,0.0594,0.6404
DIAMONDS JACK SPADES TWO,0.4174,0.0178,0.5648
SPADES THREE DIAMONDS JACK,0.4222,0.0224,0.5554
SPADES ACE DIAMONDS THREE,0.3952,0.008,0.5968
SPADES QUEEN DIAMONDS THREE,0.4136,0.013,0.5734
CLUBS EIGHT DIAMONDS JACK,0.3778,0.0156,0.6066
SPADES KING DIAMONDS THREE,0.4196,0.011,0.5694
CLUBS NINE DIAMONDS JACK,0.3534,0.0126,0.634
CLUBS SIX DIAMONDS JACK,0.3888,0.0192,0.592
CLUBS SEVEN DIAMONDS JACK,0.3796,0.0194,0.601
CLUBS FOUR DIAMONDS JACK,0.287,0.0584,0.6546
CLUBS FIVE DIAMONDS JACK,0.2934,0.0644,0.6422
CLUBS TWO DIAMONDS JACK,0.439,0.0226,0.5384
CLUBS THREE DIAMONDS JACK,0.4274,0.019,0.5536
SPADES TEN CLUBS FIVE,0.2874,0.081,0.6316
SPADES JACK HEARTS SIX,0.367,0.0198,0.6132
HEARTS SIX SPADES TEN,0.3588,0.0318,0.6094
SPADES JACK CLUBS FIVE,0.2898,0.067,0.6432
SPADES JACK DIAMONDS THREE,0.4094,0.0222,0.5684
CLUBS SEVEN CLUBS ACE,0.366,0.0038,0.6302
DIAMONDS THREE SPADES TEN,0.4182,0.0288,0.553
CLUBS SEVEN CLUBS QUEEN,0.3512,0.0114,0.6374
CLUBS SEVEN CLUBS KING,0.3526,0.0064,0.641
SPADES NINE DIAMONDS JACK,0.3556,0.0178,0.6266
CLUBS TEN CLUBS SEVEN,0.3448,0.028,0.6272
DIAMONDS ACE HEARTS ACE,0.1642,0.0044,0.8314
SPADES EIGHT DIAMONDS JACK,0.3726,0.0156,0.6118
SPADES ACE HEARTS SIX,0.3668,0.0052,0.628
CLUBS SEVEN CLUBS JACK,0.3522,0.0134,0.6344
DIAMONDS ACE HEARTS KING,0.3678,0.0062,0.626
SPADES SEVEN DIAMONDS JACK,0.3712,0.0198,0.609
SPADES KING HEARTS SIX,0.364,0.0104,0.6256
DIAMONDS ACE HEARTS QUEEN,0.3758,0.0042,0.62
SPADES QUEEN HEARTS SIX,0.3594,0.0152,0.6254
SPADES SIX DIAMONDS JACK,0.3814,0.0168,0.6018
SPADES TWO DIAMONDS TEN,0.427,0.0318,0.5412
SPADES THREE DIAMONDS TEN,0.4248,0.0266,0.5486
SPADES FOUR DIAMONDS TEN,0.2848,0.0796,0.6356
SPADES SIX DIAMONDS TEN,0.3634,0.0252,0.6114
SPADES SEVEN DIAMONDS TEN,0.3732,0.0286,0.5982
SPADES EIGHT DIAMONDS TEN,0.3534,0.0262,0.6204
SPADES NINE DIAMONDS TEN,0.3536,0.0244,0.622
CLUBS FOUR DIAMONDS TEN,0.2884,0.0812,0.6304
CLUBS FIVE DIAMONDS TEN,0.2968,0.0774,0.6258
CLUBS SIX DIAMONDS TEN,0.3866,0.0296,0.5838
CLUBS SEVEN DIAMONDS TEN,0.3706,0.027,0.6024
CLUBS EIGHT DIAMONDS TEN,0.3546,0.0286,0.6168
CLUBS NINE DIAMONDS TEN,0.3536,0.0232,0.6232
DIAMONDS THREE CLUBS JACK,0.4274,0.0184,0.5542
CLUBS TEN DIAMONDS THREE,0.4256,0.036,0.5384
DIAMONDS THREE CLUBS KING,0.4258,0.0128,0.5614
DIAMONDS THREE CLUBS QUEEN,0.4386,0.0154,0.546
DIAMONDS THREE CLUBS ACE,0.42,0.0048,0.5752
SPADES FOUR HEARTS JACK,0.3012,0.057,0.6418
SPADES FOUR HEARTS TEN,0.2832,0.0866,0.6302
SPADES FOUR SPADES TWO,0.4118,0.3386,0.2496
SPADES THREE SPADES TWO,0.4426,0.2324,0.325
SPADES NINE SPADES TWO,0.4066,0.0428,0.5506
SPADES EIGHT SPADES TWO,0.4008,0.0692,0.53
SPADES SEVEN SPADES TWO,0.4002,0.1002,0.4996
SPADES SIX SPADES TWO,0.3968,0.1544,0.4488
DIAMONDS QUEEN CLUBS THREE,0.4304,0.0142,0.5554
CLUBS THREE HEARTS TWO,0.465,0.2472,0.2878
DIAMONDS QUEEN CLUBS TWO,0.4258,0.0154,0.5588
HEARTS TWO CLUBS TWO,0.3408,0.1518,0.5074
HEARTS SEVEN DIAMONDS QUEEN,0.3814,0.0136,0.605
HEARTS SEVEN HEARTS TWO,0.4088,0.109,0.4822
HEARTS SIX DIAMONDS QUEEN,0.376,0.0128,0.6112
HEARTS SIX HEARTS TWO,0.4054,0.1586,0.436
DIAMONDS QUEEN HEARTS NINE,0.3518,0.0138,0.6344
HEARTS TWO HEARTS NINE,0.4026,0.0492,0.5482
DIAMONDS QUEEN HEARTS EIGHT,0.3722,0.0128,0.615
HEARTS TWO HEARTS EIGHT,0.41,0.0702,0.5198
CLUBS NINE HEARTS TWO,0.4122,0.042,0.5458
CLUBS NINE DIAMONDS QUEEN,0.3826,0.0104,0.607
CLUBS EIGHT HEARTS TWO,0.4346,0.0732,0.4922
CLUBS EIGHT DIAMONDS QUEEN,0.3782,0.0108,0.611
CLUBS FIVE DIAMONDS QUEEN,0.2788,0.0466,0.6746
CLUBS FIVE HEARTS TWO,0.2776,0.5106,0.2118
SPADES EIGHT HEARTS ACE,0.366,0.0058,0.6282
DIAMONDS QUEEN CLUBS FOUR,0.2932,0.0392,0.6676
HEARTS TWO CLUBS FOUR,0.4272,0.356,0.2168
CLUBS SEVEN DIAMONDS QUEEN,0.3812,0.0116,0.6072
CLUBS SEVEN HEARTS TWO,0.4352,0.1062,0.4586
SPADES EIGHT HEARTS QUEEN,0.3714,0.0118,0.6168
CLUBS SIX DIAMONDS QUEEN,0.3818,0.0142,0.604
CLUBS SIX HEARTS TWO,0.417,0.159,0.424
SPADES EIGHT HEARTS KING,0.3674,0.0114,0.6212
HEARTS TWO SPADES SIX,0.4224,0.1614,0.4162
DIAMONDS QUEEN SPADES SIX,0.3728,0.0136,0.6136
DIAMONDS ACE CLUBS QUEEN,0.369,0.004,0.627
DIAMONDS QUEEN SPADES SEVEN,0.3626,0.0106,0.6268
HEARTS TWO SPADES SEVEN,0.432,0.1044,0.4636
DIAMONDS ACE CLUBS KING,0.372,0.0048,0.6232
DIAMONDS QUEEN SPADES EIGHT,0.3776,0.013,0.6094
SPADES EIGHT HEARTS TWO,0.4356,0.0716,0.4928
DIAMONDS ACE CLUBS ACE,0.1772,0.0046,0.8182
SPADES NINE DIAMONDS QUEEN,0.3588,0.0062,0.635
SPADES NINE HEARTS TWO,0.4358,0.0452,0.519
HEARTS TWO SPADES TWO,0.36,0.145,0.495
DIAMONDS QUEEN SPADES TWO,0.4412,0.0144,0.5444
HEARTS TWO SPADES THREE,0.4778,0.2324,0.2898
DIAMONDS QUEEN SPADES THREE,0.4298,0.0114,0.5588
HEARTS TWO SPADES FOUR,0.425,0.3746,0.2004
DIAMONDS QUEEN SPADES FOUR,0.2942,0.0428,0.663
CLUBS TEN DIAMONDS ACE,0.3664,0.003,0.6306
DIAMONDS ACE CLUBS JACK,0.3772,0.0026,0.6202
CLUBS FIVE CLUBS KING,0.2806,0.0326,0.6868
CLUBS FIVE CLUBS QUEEN,0.2782,0.0476,0.6742
CLUBS FIVE CLUBS ACE,0.2658,0.0248,0.7094
CLUBS FIVE CLUBS JACK,0.271,0.0552,0.6738
CLUBS TEN CLUBS FIVE,0.278,0.0762,0.6458
SPADES KING CLUBS JACK,0.3606,0.0086,0.6308
SPADES QUEEN CLUBS JACK,0.376,0.0098,0.6142
SPADES ACE CLUBS JACK,0.3682,0.0028,0.629
SPADES SIX CLUBS KING,0.3654,0.0094,0.6252
SPADES SIX CLUBS QUEEN,0.3742,0.013,0.6128
SPADES EIGHT HEARTS JACK,0.3594,0.0202,0.6204
SPADES SIX CLUBS ACE,0.3714,0.0068,0.6218
SPADES EIGHT HEARTS TEN,0.3592,0.0324,0.6084
SPADES SIX CLUBS JACK,0.3662,0.0234,0.6104
CLUBS TEN SPADES SIX,0.3778,0.0244,0.5978
SPADES TEN CLUBS JACK,0.3614,0.0146,0.624
SPADES JACK CLUBS JACK,0.1768,0.0546,0.7686
SPADES QUEEN CLUBS SEVEN,0.3836,0.0114,0.605
SPADES KING CLUBS SEVEN,0.3702,0.0096,0.6202
SPADES ACE CLUBS SEVEN,0.3474,0.0052,0.6474
SPADES SIX HEARTS TEN,0.3594,0.0352,0.6054
SPADES SIX HEARTS JACK,0.3674,0.0198,0.6128
SPADES SIX HEARTS ACE,0.3728,0.0054,0.6218
SPADES SIX HEARTS KING,0.3588,0.0078,0.6334
SPADES SIX HEARTS QUEEN,0.3648,0.0156,0.6196
CLUBS SEVEN SPADES JACK,0.3672,0.0242,0.6086
CLUBS SEVEN SPADES TEN,0.374,0.0298,0.5962
CLUBS TEN HEARTS SIX,0.3706,0.0304,0.599
HEARTS SIX CLUBS JACK,0.3688,0.0238,0.6074
CLUBS ACE CLUBS JACK,0.3466,0.004,0.6494
HEARTS SIX CLUBS QUEEN,0.3648,0.0144,0.6208
HEARTS SIX CLUBS KING,0.367,0.0106,0.6224
HEARTS SIX CLUBS ACE,0.3702,0.0062,0.6236
CLUBS QUEEN CLUBS JACK,0.3536,0.0074,0.639
CLUBS KING CLUBS JACK,0.3444,0.0062,0.6494
DIAMONDS THREE HEARTS ACE,0.4196,0.0046,0.5758
DIAMONDS THREE HEARTS QUEEN,0.4238,0.0134,0.5628
DIAMONDS THREE HEARTS KING,0.419,0.011,0.57
CLUBS FIVE HEARTS JACK,0.2934,0.0652,0.6414
SPADES TEN DIAMONDS ACE,0.368,0.0056,0.6264
CLUBS FIVE HEARTS TEN,0.2774,0.079,0.6436
SPADES JACK DIAMONDS ACE,0.3678,0.0042,0.628
SPADES ACE DIAMONDS ACE,0.1588,0.0042,0.837
CLUBS FIVE HEARTS ACE,0.2626,0.027,0.7104
CLUBS FIVE HEARTS KING,0.2832,0.0408,0.676
SPADES QUEEN DIAMONDS ACE,0.3804,0.0044,0.6152
SPADES FOUR CLUBS JACK,0.3026,0.0628,0.6346
CLUBS FIVE HEARTS QUEEN,0.288,0.0532,0.6588
SPADES KING DIAMONDS ACE,0.3804,0.006,0.6136
CLUBS TEN SPADES FOUR,0.2914,0.0832,0.6254
DIAMONDS QUEEN DIAMONDS ACE,0.3424,0.0052,0.6524
HEARTS TWO DIAMONDS ACE,0.425,0.0058,0.5692
DIAMONDS THREE HEARTS TEN,0.4082,0.0314,0.5604
SPADES FOUR CLUBS KING,0.292,0.0336,0.6744
HEARTS FIVE DIAMONDS QUEEN,0.296,0.0516,0.6524
HEARTS FIVE HEARTS TWO,0.2828,0.475,0.2422
DIAMONDS THREE HEARTS JACK,0.4206,0.02,0.5594
SPADES FOUR CLUBS QUEEN,0.2866,0.0426,0.6708
DIAMONDS QUEEN HEARTS TWO,0.4248,0.0118,0.5634
DIAMONDS KING DIAMONDS QUEEN,0.3552,0.0082,0.6366
DIAMONDS KING HEARTS TWO,0.4246,0.0124,0.563
HEARTS THREE DIAMONDS QUEEN,0.426,0.0148,0.5592
HEARTS THREE HEARTS TWO,0.4438,0.2316,0.3246
SPADES FOUR CLUBS ACE,0.2724,0.0234,0.7042
HEARTS TWO CLUBS ACE,0.4114,0.007,0.5816
DIAMONDS QUEEN CLUBS ACE,0.385,0.006,0.609
HEARTS TWO CLUBS QUEEN,0.4278,0.0136,0.5586
DIAMONDS QUEEN CLUBS QUEEN,0.189,0.036,0.775
HEARTS TWO CLUBS KING,0.4326,0.0118,0.5556
DIAMONDS QUEEN CLUBS KING,0.3902,0.0056,0.6042
CLUBS TEN HEARTS TWO,0.4436,0.0346,0.5218
CLUBS TEN DIAMONDS QUEEN,0.3698,0.0098,0.6204
HEARTS TWO CLUBS JACK,0.4272,0.0204,0.5524
DIAMONDS QUEEN CLUBS JACK,0.3682,0.0082,0.6236
DIAMONDS FIVE CLUBS QUEEN,0.2888,0.0466,0.6646
SPADES EIGHT CLUBS ACE,0.374,0.004,0.622
DIAMONDS FIVE CLUBS KING,0.2946,0.028,0.6774
SPADES EIGHT CLUBS KING,0.3874,0.0078,0.6048
CLUBS ACE DIAMONDS FIVE,0.2744,0.0214,0.7042
SPADES EIGHT CLUBS QUEEN,0.3646,0.0118,0.6236
SPADES EIGHT CLUBS JACK,0.3718,0.0236,0.6046
CLUBS TEN SPADES EIGHT,0.364,0.0274,0.6086
CLUBS TEN DIAMONDS FIVE,0.2992,0.0802,0.6206
DIAMONDS FIVE CLUBS JACK,0.2956,0.0596,0.6448
DIAMONDS TEN HEARTS JACK,0.3506,0.0134,0.636
DIAMONDS TEN HEARTS TEN,0.1784,0.073,0.7486
SPADES ACE CLUBS NINE,0.3682,0.0042,0.6276
CLUBS NINE SPADES QUEEN,0.3662,0.0114,0.6224
CLUBS NINE SPADES KING,0.3726,0.0074,0.62
HEARTS SIX HEARTS KING,0.3538,0.0092,0.637
DIAMONDS KING SPADES SEVEN,0.379,0.0076,0.6134
HEARTS THREE SPADES SEVEN,0.4184,0.1116,0.47
SPADES KING DIAMONDS SEVEN,0.3662,0.008,0.6258
HEARTS SIX HEARTS QUEEN,0.3622,0.0144,0.6234
SPADES QUEEN DIAMONDS SEVEN,0.369,0.0128,0.6182
HEARTS THREE SPADES SIX,0.3978,0.1608,0.4414
DIAMONDS KING SPADES SIX,0.3722,0.0096,0.6182
DIAMONDS KING SPADES NINE,0.3798,0.0076,0.6126
HEARTS THREE SPADES NINE,0.4122,0.0468,0.541
HEARTS SIX HEARTS ACE,0.3622,0.0044,0.6334
