opposingHand,winningChance,drawChance,lostChance
HEARTS EIGHT SPADES EIGHT
HEARTS FIVE SPADES TEN,0.6808,0.048,0.2712
SPADES JACK HEARTS FIVE,0.6756,0.0342,0.2902
SPADES FIVE CLUBS JACK,0.676,0.0342,0.2898
CLUBS TEN SPADES FIVE,0.6808,0.043,0.2762
CLUBS EIGHT CLUBS JACK,0.6074,0.0338,0.3588
CLUBS TEN CLUBS EIGHT,0.6116,0.041,0.3474
CLUBS EIGHT CLUBS KING,0.6416,0.0198,0.3386
SPADES FIVE CLUBS ACE,0.6322,0.0034,0.3644
CLUBS EIGHT CLUBS QUEEN,0.625,0.0306,0.3444
SPADES FIVE CLUBS KING,0.65,0.0152,0.3348
SPADES FIVE CLUBS QUEEN,0.665,0.0222,0.3128
CLUBS EIGHT CLUBS ACE,0.6344,0.0252,0.3404
DIAMONDS TWO DIAMONDS THREE,0.728,0.0942,0.1778
DIAMONDS TWO DIAMONDS FIVE,0.7104,0.0924,0.1972
SPADES KING HEARTS FIVE,0.6488,0.0114,0.3398
DIAMONDS TWO DIAMONDS FOUR,0.7148,0.0954,0.1898
SPADES QUEEN HEARTS FIVE,0.6586,0.0238,0.3176
DIAMONDS TWO DIAMONDS SEVEN,0.7508,0.08,0.1692
DIAMONDS TWO DIAMONDS SIX,0.7372,0.093,0.1698
SPADES ACE HEARTS FIVE,0.6464,0.0046,0.349
DIAMONDS TWO DIAMONDS NINE,0.6492,0.0556,0.2952
DIAMONDS TWO DIAMONDS EIGHT,0.7836,0.089,0.1274
DIAMONDS THREE DIAMONDS FOUR,0.7012,0.0962,0.2026
SPADES FOUR CLUBS TWO,0.7462,0.1032,0.1506
DIAMONDS THREE DIAMONDS FIVE,0.6906,0.1,0.2094
SPADES FIVE CLUBS TWO,0.7498,0.098,0.1522
CLUBS TWO SPADES TWO,0.6434,0.1788,0.1778
CLUBS TWO SPADES THREE,0.768,0.0952,0.1368
DIAMONDS THREE DIAMONDS EIGHT,0.7878,0.087,0.1252
DIAMONDS THREE DIAMONDS NINE,0.6448,0.056,0.2992
SPADES NINE CLUBS TWO,0.671,0.0562,0.2728
DIAMONDS THREE DIAMONDS SIX,0.708,0.0836,0.2084
SPADES SIX CLUBS TWO,0.7746,0.0962,0.1292
DIAMONDS THREE DIAMONDS SEVEN,0.7354,0.0726,0.192
SPADES SEVEN CLUBS TWO,0.7914,0.0834,0.1252
CLUBS SIX CLUBS TWO,0.7346,0.0852,0.1802
CLUBS SEVEN CLUBS TWO,0.7472,0.0758,0.177
CLUBS FOUR CLUBS TWO,0.6998,0.1072,0.193
CLUBS FIVE CLUBS TWO,0.708,0.0934,0.1986
CLUBS TEN CLUBS JACK,0.512,0.0194,0.4686
DIAMONDS FOUR DIAMONDS SIX,0.7152,0.0826,0.2022
CLUBS TEN CLUBS QUEEN,0.4902,0.0154,0.4944
DIAMONDS FOUR DIAMONDS SEVEN,0.7244,0.0836,0.192
CLUBS TEN CLUBS KING,0.5054,0.0092,0.4854
CLUBS TEN CLUBS ACE,0.4978,0.0038,0.4984
CLUBS EIGHT CLUBS TWO,0.7924,0.0876,0.12
DIAMONDS FIVE DIAMONDS FOUR,0.6866,0.1008,0.2126
CLUBS NINE CLUBS TWO,0.6408,0.0616,0.2976
DIAMONDS NINE DIAMONDS FOUR,0.6394,0.0592,0.3014
DIAMONDS EIGHT DIAMONDS FOUR,0.7818,0.0792,0.139
CLUBS THREE CLUBS TWO,0.7176,0.1062,0.1762
DIAMONDS NINE DIAMONDS FIVE,0.631,0.0544,0.3146
DIAMONDS TWO CLUBS JACK,0.6846,0.032,0.2834
DIAMONDS EIGHT DIAMONDS FIVE,0.7616,0.0796,0.1588
CLUBS TEN DIAMONDS TWO,0.673,0.0436,0.2834
DIAMONDS FIVE DIAMONDS SEVEN,0.7264,0.0784,0.1952
DIAMONDS FIVE DIAMONDS SIX,0.6956,0.0878,0.2166
DIAMONDS TWO CLUBS ACE,0.655,0.0036,0.3414
DIAMONDS TWO CLUBS KING,0.6636,0.014,0.3224
DIAMONDS TWO CLUBS QUEEN,0.674,0.0244,0.3016
DIAMONDS EIGHT DIAMONDS SIX,0.764,0.0772,0.1588
DIAMONDS NINE DIAMONDS SIX,0.6464,0.0552,0.2984
HEARTS ACE SPADES THREE,0.6602,0.0046,0.3352
SPADES THREE HEARTS KING,0.6662,0.0136,0.3202
DIAMONDS SEVEN DIAMONDS SIX,0.712,0.0752,0.2128
SPADES THREE HEARTS QUEEN,0.679,0.0256,0.2954
SPADES THREE HEARTS JACK,0.6794,0.0338,0.2868
SPADES THREE HEARTS TEN,0.6766,0.0442,0.2792
DIAMONDS EIGHT DIAMONDS SEVEN,0.7476,0.0726,0.1798
DIAMONDS NINE DIAMONDS SEVEN,0.6176,0.0576,0.3248
DIAMONDS NINE DIAMONDS EIGHT,0.5844,0.053,0.3626
DIAMONDS KING HEARTS TEN,0.5388,0.007,0.4542
HEARTS THREE HEARTS TEN,0.6406,0.0446,0.3148
SPADES JACK CLUBS SIX,0.679,0.0304,0.2906
DIAMONDS KING HEARTS JACK,0.5246,0.0068,0.4686
HEARTS THREE HEARTS JACK,0.6488,0.0352,0.316
SPADES TEN CLUBS SIX,0.673,0.048,0.279
SPADES JACK SPADES FIVE,0.6352,0.03,0.3348
SPADES TEN SPADES FIVE,0.619,0.0488,0.3322
DIAMONDS KING HEARTS ACE,0.5334,0.004,0.4626
HEARTS THREE HEARTS ACE,0.6232,0.0048,0.372
SPADES ACE CLUBS SIX,0.6514,0.003,0.3456
DIAMONDS KING HEARTS QUEEN,0.5198,0.0072,0.473
HEARTS THREE HEARTS QUEEN,0.6346,0.0246,0.3408
SPADES KING CLUBS SIX,0.6674,0.0108,0.3218
DIAMONDS KING HEARTS KING,0.1956,0.0344,0.77
HEARTS THREE HEARTS KING,0.651,0.012,0.337
SPADES QUEEN CLUBS SIX,0.667,0.0224,0.3106
SPADES NINE HEARTS TEN,0.5152,0.0422,0.4426
SPADES NINE HEARTS JACK,0.5402,0.0318,0.428
SPADES QUEEN SPADES FIVE,0.644,0.022,0.334
SPADES KING SPADES FIVE,0.6336,0.011,0.3554
SPADES ACE SPADES FIVE,0.6082,0.0046,0.3872
SPADES NINE HEARTS QUEEN,0.537,0.0206,0.4424
SPADES NINE HEARTS KING,0.5414,0.0082,0.4504
SPADES NINE HEARTS ACE,0.5478,0.0034,0.4488
CLUBS TEN SPADES JACK,0.531,0.0234,0.4456
CLUBS TEN SPADES TEN,0.1878,0.1256,0.6866
SPADES ACE CLUBS TEN,0.5322,0.004,0.4638
SPADES KING CLUBS TEN,0.5282,0.0074,0.4644
CLUBS TEN SPADES QUEEN,0.5338,0.0122,0.454
SPADES FIVE HEARTS QUEEN,0.671,0.0188,0.3102
SPADES FIVE HEARTS KING,0.649,0.0138,0.3372
SPADES FIVE HEARTS ACE,0.6384,0.0064,0.3552
CLUBS EIGHT SPADES TEN,0.6412,0.0424,0.3164
HEARTS THREE SPADES JACK,0.6754,0.0336,0.291
SPADES JACK DIAMONDS KING,0.5294,0.0078,0.4628
SPADES TEN DIAMONDS KING,0.5218,0.0092,0.469
HEARTS THREE SPADES TEN,0.6768,0.047,0.2762
SPADES JACK CLUBS EIGHT,0.6456,0.0394,0.315
CLUBS SIX HEARTS ACE,0.6554,0.004,0.3406
SPADES ACE CLUBS EIGHT,0.6582,0.0304,0.3114
HEARTS FIVE CLUBS JACK,0.6722,0.029,0.2988
CLUBS TEN HEARTS FIVE,0.6786,0.0496,0.2718
CLUBS SIX HEARTS QUEEN,0.6632,0.0186,0.3182
SPADES QUEEN CLUBS EIGHT,0.6492,0.0306,0.3202
CLUBS TEN SPADES THREE,0.6896,0.0472,0.2632
CLUBS SIX HEARTS KING,0.668,0.0096,0.3224
SPADES KING CLUBS EIGHT,0.6724,0.0294,0.2982
SPADES THREE CLUBS JACK,0.6874,0.0342,0.2784
DIAMONDS TWO HEARTS JACK,0.6902,0.0316,0.2782
SPADES THREE CLUBS QUEEN,0.6708,0.024,0.3052
DIAMONDS TWO HEARTS TEN,0.669,0.047,0.284
SPADES THREE CLUBS KING,0.6646,0.0104,0.325
HEARTS FIVE CLUBS ACE,0.6558,0.0048,0.3394
SPADES FIVE HEARTS TEN,0.6694,0.0452,0.2854
SPADES THREE CLUBS ACE,0.6476,0.0038,0.3486
HEARTS FIVE CLUBS KING,0.6648,0.0108,0.3244
SPADES FIVE HEARTS JACK,0.676,0.0364,0.2876
HEARTS FIVE CLUBS QUEEN,0.6798,0.024,0.2962
HEARTS THREE CLUBS KING,0.6702,0.0092,0.3206
DIAMONDS KING CLUBS KING,0.2082,0.031,0.7608
HEARTS THREE CLUBS QUEEN,0.67,0.0224,0.3076
DIAMONDS KING CLUBS QUEEN,0.5136,0.004,0.4824
HEARTS FIVE HEARTS JACK,0.639,0.0314,0.3296
HEARTS FIVE HEARTS TEN,0.6506,0.0412,0.3082
HEARTS THREE CLUBS ACE,0.6508,0.0038,0.3454
DIAMONDS KING CLUBS ACE,0.5458,0.0012,0.453
SPADES ACE CLUBS QUEEN,0.525,0.0036,0.4714
SPADES KING CLUBS QUEEN,0.5358,0.0046,0.4596
HEARTS THREE CLUBS JACK,0.6734,0.0346,0.292
DIAMONDS KING CLUBS JACK,0.5322,0.0062,0.4616
SPADES QUEEN CLUBS QUEEN,0.195,0.0684,0.7366
CLUBS TEN HEARTS THREE,0.6736,0.0488,0.2776
CLUBS TEN DIAMONDS KING,0.5228,0.008,0.4692
SPADES JACK CLUBS QUEEN,0.525,0.0102,0.4648
CLUBS SIX CLUBS QUEEN,0.6402,0.0212,0.3386
SPADES TEN CLUBS QUEEN,0.5192,0.0144,0.4664
CLUBS SIX CLUBS KING,0.6306,0.0106,0.3588
CLUBS SIX CLUBS ACE,0.6174,0.003,0.3796
HEARTS FIVE HEARTS KING,0.622,0.013,0.365
HEARTS FIVE HEARTS QUEEN,0.6166,0.025,0.3584
CLUBS TEN CLUBS SIX,0.6366,0.0432,0.3202
HEARTS FIVE HEARTS ACE,0.6144,0.0044,0.3812
CLUBS SIX CLUBS JACK,0.644,0.0314,0.3246
SPADES SEVEN HEARTS JACK,0.6678,0.0364,0.2958
SPADES SEVEN HEARTS TEN,0.6616,0.0474,0.291
DIAMONDS TWO CLUBS TWO,0.6292,0.1838,0.187
DIAMONDS TWO CLUBS THREE,0.7634,0.0946,0.142
HEARTS SIX DIAMONDS TWO,0.7836,0.0868,0.1296
DIAMONDS TWO HEARTS QUEEN,0.6722,0.0222,0.3056
DIAMONDS TWO HEARTS SEVEN,0.7994,0.0828,0.1178
DIAMONDS TWO HEARTS KING,0.662,0.0118,0.3262
DIAMONDS TWO HEARTS ACE,0.6536,0.0042,0.3422
DIAMONDS TWO HEARTS NINE,0.6682,0.061,0.2708
DIAMONDS TWO DIAMONDS QUEEN,0.6314,0.02,0.3486
DIAMONDS TWO HEARTS TWO,0.6442,0.1728,0.183
DIAMONDS TWO DIAMONDS KING,0.622,0.0102,0.3678
HEARTS THREE DIAMONDS TWO,0.7728,0.098,0.1292
DIAMONDS TWO DIAMONDS ACE,0.6202,0.0016,0.3782
HEARTS FOUR DIAMONDS TWO,0.7542,0.1044,0.1414
DIAMONDS TWO HEARTS FIVE,0.7472,0.0998,0.153
SPADES SEVEN HEARTS ACE,0.6636,0.004,0.3324
DIAMONDS TWO DIAMONDS TEN,0.6516,0.041,0.3074
SPADES SEVEN HEARTS KING,0.67,0.0128,0.3172
DIAMONDS TWO DIAMONDS JACK,0.6388,0.0284,0.3328
SPADES SEVEN HEARTS QUEEN,0.6788,0.0212,0.3
DIAMONDS TWO SPADES NINE,0.6818,0.0556,0.2626
DIAMONDS TWO SPADES SEVEN,0.7988,0.0782,0.123
DIAMONDS TWO SPADES SIX,0.7794,0.0926,0.128
DIAMONDS TWO SPADES FIVE,0.7494,0.0986,0.152
DIAMONDS TWO SPADES FOUR,0.7532,0.0998,0.147
DIAMONDS TWO SPADES THREE,0.7604,0.1042,0.1354
DIAMONDS TWO SPADES TWO,0.6322,0.1868,0.181
CLUBS NINE DIAMONDS TWO,0.6882,0.0536,0.2582
DIAMONDS TWO CLUBS EIGHT,0.8448,0.086,0.0692
CLUBS SEVEN DIAMONDS TWO,0.7912,0.0856,0.1232
DIAMONDS TWO CLUBS SIX,0.7836,0.0892,0.1272
DIAMONDS TWO CLUBS FIVE,0.7584,0.1,0.1416
DIAMONDS TWO CLUBS FOUR,0.7462,0.1062,0.1476
CLUBS FOUR SPADES FIVE,0.7302,0.0984,0.1714
CLUBS FOUR SPADES FOUR,0.619,0.1944,0.1866
CLUBS FOUR SPADES THREE,0.748,0.0954,0.1566
CLUBS FOUR SPADES TWO,0.745,0.1056,0.1494
SPADES NINE CLUBS FOUR,0.678,0.0538,0.2682
SPADES SEVEN CLUBS FOUR,0.7722,0.0808,0.147
SPADES SIX CLUBS FOUR,0.7566,0.0888,0.1546
SPADES ACE DIAMONDS SIX,0.6608,0.0024,0.3368
SPADES QUEEN DIAMONDS SIX,0.6632,0.0222,0.3146
SPADES KING DIAMONDS SIX,0.6536,0.0104,0.336
SPADES TEN DIAMONDS SIX,0.6586,0.0504,0.291
SPADES JACK DIAMONDS SIX,0.6648,0.0324,0.3028
SPADES QUEEN SPADES TWO,0.632,0.022,0.346
SPADES KING SPADES TWO,0.6342,0.0122,0.3536
SPADES ACE SPADES TWO,0.6258,0.0036,0.3706
DIAMONDS JACK CLUBS JACK,0.1892,0.0972,0.7136
CLUBS TEN DIAMONDS JACK,0.5304,0.0244,0.4452
DIAMONDS JACK CLUBS KING,0.5408,0.0056,0.4536
DIAMONDS JACK CLUBS QUEEN,0.5344,0.0106,0.455
DIAMONDS THREE DIAMONDS JACK,0.642,0.0276,0.3304
DIAMONDS THREE DIAMONDS TEN,0.647,0.0414,0.3116
DIAMONDS JACK CLUBS ACE,0.5336,0.0016,0.4648
DIAMONDS THREE DIAMONDS KING,0.6296,0.0108,0.3596
HEARTS THREE DIAMONDS THREE,0.637,0.1796,0.1834
DIAMONDS THREE DIAMONDS QUEEN,0.6412,0.0228,0.336
DIAMONDS THREE HEARTS TWO,0.7686,0.0938,0.1376
HEARTS FIVE DIAMONDS THREE,0.7464,0.0978,0.1558
DIAMONDS THREE DIAMONDS ACE,0.617,0.0032,0.3798
HEARTS FOUR DIAMONDS THREE,0.7368,0.1042,0.159
DIAMONDS THREE HEARTS SEVEN,0.7698,0.0874,0.1428
SPADES TEN SPADES NINE,0.517,0.0418,0.4412
HEARTS SIX DIAMONDS THREE,0.7732,0.0916,0.1352
SPADES JACK SPADES NINE,0.5172,0.028,0.4548
DIAMONDS THREE HEARTS NINE,0.6814,0.0604,0.2582
HEARTS JACK DIAMONDS FOUR,0.666,0.034,0.3
HEARTS ACE HEARTS KING,0.487,0.005,0.508
SPADES TEN SPADES TWO,0.6514,0.0446,0.304
HEARTS TEN DIAMONDS FOUR,0.672,0.0492,0.2788
SPADES JACK SPADES TWO,0.646,0.0308,0.3232
HEARTS QUEEN DIAMONDS FOUR,0.6728,0.022,0.3052
HEARTS KING DIAMONDS FOUR,0.6598,0.0118,0.3284
SPADES ACE SPADES NINE,0.5148,0.0062,0.479
HEARTS ACE DIAMONDS FOUR,0.6386,0.0026,0.3588
SPADES KING SPADES NINE,0.5206,0.0116,0.4678
SPADES QUEEN SPADES NINE,0.5198,0.0154,0.4648
DIAMONDS THREE SPADES NINE,0.6722,0.063,0.2648
DIAMONDS THREE SPADES SEVEN,0.7792,0.079,0.1418
DIAMONDS THREE SPADES SIX,0.756,0.0924,0.1516
DIAMONDS THREE CLUBS SIX,0.7488,0.0908,0.1604
CLUBS FIVE CLUBS SIX,0.6948,0.0904,0.2148
CLUBS ACE DIAMONDS FOUR,0.6472,0.0048,0.348
CLUBS SEVEN DIAMONDS THREE,0.777,0.0824,0.1406
CLUBS SEVEN CLUBS FIVE,0.7188,0.0768,0.2044
DIAMONDS THREE CLUBS FOUR,0.7504,0.0916,0.158
DIAMONDS FOUR CLUBS QUEEN,0.6722,0.0194,0.3084
DIAMONDS THREE CLUBS FIVE,0.736,0.0938,0.1702
CLUBS KING DIAMONDS FOUR,0.6656,0.0104,0.324
DIAMONDS THREE CLUBS TWO,0.7544,0.0998,0.1458
CLUBS TEN DIAMONDS FOUR,0.6798,0.0486,0.2716
DIAMONDS THREE CLUBS THREE,0.6482,0.1684,0.1834
DIAMONDS FOUR CLUBS JACK,0.6684,0.0312,0.3004
DIAMONDS THREE SPADES FOUR,0.739,0.1078,0.1532
DIAMONDS THREE SPADES FIVE,0.7356,0.0938,0.1706
DIAMONDS THREE SPADES TWO,0.7572,0.104,0.1388
DIAMONDS THREE SPADES THREE,0.651,0.1708,0.1782
CLUBS EIGHT DIAMONDS THREE,0.8292,0.0842,0.0866
CLUBS NINE DIAMONDS THREE,0.6906,0.0558,0.2536
SPADES SEVEN CLUBS ACE,0.6572,0.0028,0.34
SPADES SEVEN CLUBS QUEEN,0.6746,0.021,0.3044
SPADES SEVEN CLUBS KING,0.659,0.0112,0.3298
CLUBS FIVE SPADES SEVEN,0.7686,0.0844,0.147
CLUBS TEN SPADES SEVEN,0.6616,0.0474,0.291
CLUBS FIVE SPADES SIX,0.7428,0.0916,0.1656
SPADES SEVEN CLUBS JACK,0.6776,0.0356,0.2868
CLUBS FIVE SPADES NINE,0.6722,0.059,0.2688
CLUBS FIVE SPADES THREE,0.7392,0.094,0.1668
CLUBS FIVE SPADES TWO,0.7574,0.092,0.1506
CLUBS FIVE SPADES FIVE,0.631,0.1896,0.1794
CLUBS FIVE SPADES FOUR,0.7176,0.1062,0.1762
CLUBS NINE CLUBS FIVE,0.6286,0.0584,0.313
CLUBS EIGHT CLUBS FIVE,0.7678,0.0776,0.1546
CLUBS ACE CLUBS QUEEN,0.4984,0.0028,0.4988
CLUBS KING CLUBS QUEEN,0.4996,0.0048,0.4956
DIAMONDS TEN DIAMONDS FOUR,0.628,0.0442,0.3278
CLUBS TEN DIAMONDS NINE,0.5274,0.0392,0.4334
DIAMONDS JACK DIAMONDS FOUR,0.6322,0.0282,0.3396
DIAMONDS NINE CLUBS JACK,0.5458,0.0266,0.4276
SPADES NINE CLUBS JACK,0.5364,0.0264,0.4372
CLUBS TEN SPADES NINE,0.52,0.0374,0.4426
DIAMONDS ACE DIAMONDS FOUR,0.61,0.0034,0.3866
HEARTS FOUR DIAMONDS FOUR,0.6472,0.166,0.1868
DIAMONDS JACK HEARTS TEN,0.516,0.0236,0.4604
SPADES NINE CLUBS KING,0.5418,0.0124,0.4458
DIAMONDS TWO SPADES TEN,0.684,0.0466,0.2694
DIAMONDS NINE CLUBS ACE,0.5592,0.0036,0.4372
HEARTS FIVE DIAMONDS FOUR,0.7358,0.098,0.1662
DIAMONDS JACK HEARTS JACK,0.186,0.0972,0.7168
SPADES NINE CLUBS QUEEN,0.5484,0.0154,0.4362
DIAMONDS TWO SPADES JACK,0.6772,0.0336,0.2892
DIAMONDS QUEEN DIAMONDS FOUR,0.6348,0.022,0.3432
HEARTS TWO DIAMONDS FOUR,0.7552,0.103,0.1418
DIAMONDS NINE CLUBS QUEEN,0.5418,0.0156,0.4426
DIAMONDS KING DIAMONDS FOUR,0.6342,0.0106,0.3552
HEARTS THREE DIAMONDS FOUR,0.7504,0.0924,0.1572
SPADES NINE CLUBS ACE,0.5572,0.0038,0.439
DIAMONDS NINE CLUBS KING,0.548,0.009,0.443
HEARTS ACE DIAMONDS JACK,0.522,0.0024,0.4756
SPADES ACE DIAMONDS TWO,0.6556,0.0028,0.3416
HEARTS QUEEN DIAMONDS JACK,0.525,0.0118,0.4632
SPADES QUEEN DIAMONDS TWO,0.6732,0.0282,0.2986
DIAMONDS JACK HEARTS KING,0.537,0.0066,0.4564
SPADES KING DIAMONDS TWO,0.6742,0.0142,0.3116
SPADES JACK SPADES SEVEN,0.6328,0.0318,0.3354
SPADES TEN SPADES SEVEN,0.6292,0.0464,0.3244
CLUBS SEVEN CLUBS THREE,0.7338,0.0764,0.1898
CLUBS SIX CLUBS THREE,0.7142,0.0848,0.201
CLUBS FIVE CLUBS THREE,0.701,0.0962,0.2028
CLUBS THREE CLUBS FOUR,0.6974,0.1008,0.2018
CLUBS NINE CLUBS THREE,0.6582,0.0582,0.2836
CLUBS EIGHT CLUBS THREE,0.798,0.0848,0.1172
CLUBS THREE SPADES FIVE,0.7338,0.0998,0.1664
CLUBS THREE SPADES FOUR,0.7482,0.0964,0.1554
CLUBS THREE SPADES THREE,0.6276,0.1858,0.1866
CLUBS THREE SPADES TWO,0.766,0.097,0.137
CLUBS THREE SPADES SIX,0.769,0.087,0.144
SPADES SEVEN CLUBS THREE,0.788,0.082,0.13
SPADES NINE CLUBS THREE,0.6908,0.0602,0.249
SPADES TWO DIAMONDS FOUR,0.7526,0.1046,0.1428
SPADES THREE DIAMONDS FOUR,0.7458,0.093,0.1612
SPADES FOUR DIAMONDS FOUR,0.6282,0.189,0.1828
SPADES FIVE DIAMONDS FOUR,0.7272,0.098,0.1748
SPADES SIX DIAMONDS FOUR,0.7458,0.0926,0.1616
SPADES SEVEN DIAMONDS FOUR,0.77,0.0904,0.1396
SPADES NINE DIAMONDS FOUR,0.6734,0.058,0.2686
CLUBS FIVE DIAMONDS FOUR,0.7244,0.0954,0.1802
CLUBS FOUR DIAMONDS FOUR,0.6354,0.1812,0.1834
CLUBS SEVEN DIAMONDS FOUR,0.7788,0.0772,0.144
CLUBS SIX DIAMONDS FOUR,0.747,0.0864,0.1666
CLUBS NINE DIAMONDS FOUR,0.6836,0.0594,0.257
CLUBS EIGHT DIAMONDS FOUR,0.813,0.0874,0.0996
DIAMONDS FOUR HEARTS SEVEN,0.768,0.0802,0.1518
HEARTS SIX DIAMONDS FOUR,0.7586,0.0876,0.1538
DIAMONDS FOUR HEARTS NINE,0.6802,0.0622,0.2576
CLUBS THREE DIAMONDS FOUR,0.7288,0.1024,0.1688
CLUBS TWO DIAMONDS FOUR,0.7462,0.1068,0.147
DIAMONDS TEN DIAMONDS FIVE,0.6272,0.045,0.3278
DIAMONDS JACK DIAMONDS FIVE,0.6272,0.0326,0.3402
DIAMONDS NINE HEARTS QUEEN,0.5384,0.0182,0.4434
DIAMONDS NINE HEARTS KING,0.5376,0.0082,0.4542
HEARTS ACE DIAMONDS NINE,0.5488,0.005,0.4462
DIAMONDS NINE HEARTS TEN,0.5214,0.0398,0.4388
DIAMONDS NINE HEARTS JACK,0.5534,0.0214,0.4252
CLUBS KING DIAMONDS SIX,0.667,0.0106,0.3224
CLUBS QUEEN DIAMONDS SIX,0.6754,0.0152,0.3094
CLUBS ACE DIAMONDS SIX,0.6672,0.0028,0.33
SPADES KING DIAMONDS FOUR,0.666,0.0114,0.3226
SPADES ACE SPADES SEVEN,0.6236,0.0056,0.3708
SPADES QUEEN DIAMONDS FOUR,0.661,0.024,0.315
SPADES QUEEN SPADES SEVEN,0.6386,0.0182,0.3432
CLUBS JACK DIAMONDS SIX,0.6752,0.0288,0.296
SPADES KING SPADES SEVEN,0.6378,0.0144,0.3478
SPADES ACE DIAMONDS FOUR,0.6494,0.004,0.3466
CLUBS TEN DIAMONDS SIX,0.6784,0.0356,0.286
CLUBS NINE CLUBS FOUR,0.6396,0.059,0.3014
CLUBS EIGHT CLUBS FOUR,0.7806,0.0796,0.1398
SPADES JACK DIAMONDS FOUR,0.6636,0.0336,0.3028
SPADES TEN DIAMONDS FOUR,0.6706,0.0452,0.2842
CLUBS FIVE CLUBS FOUR,0.6822,0.0924,0.2254
CLUBS SEVEN CLUBS FOUR,0.7306,0.0716,0.1978
CLUBS SIX CLUBS FOUR,0.7046,0.092,0.2034
CLUBS SEVEN SPADES NINE,0.6596,0.065,0.2754
CLUBS SEVEN SPADES SIX,0.7648,0.083,0.1522
CLUBS SEVEN SPADES SEVEN,0.6182,0.1894,0.1924
CLUBS SEVEN SPADES FIVE,0.7682,0.0816,0.1502
CLUBS SEVEN SPADES FOUR,0.7722,0.0756,0.1522
CLUBS SEVEN SPADES THREE,0.7762,0.0814,0.1424
CLUBS SEVEN SPADES TWO,0.7946,0.0874,0.118
CLUBS NINE CLUBS SEVEN,0.6254,0.0522,0.3224
CLUBS SEVEN CLUBS EIGHT,0.7344,0.074,0.1916
HEARTS SIX DIAMONDS FIVE,0.7418,0.0918,0.1664
DIAMONDS FIVE HEARTS SEVEN,0.7672,0.0806,0.1522
DIAMONDS FIVE HEARTS NINE,0.6596,0.062,0.2784
DIAMONDS QUEEN DIAMONDS FIVE,0.6322,0.0188,0.349
HEARTS TWO DIAMONDS FIVE,0.7574,0.094,0.1486
DIAMONDS KING DIAMONDS FIVE,0.627,0.0108,0.3622
HEARTS THREE DIAMONDS FIVE,0.7398,0.0978,0.1624
DIAMONDS ACE DIAMONDS FIVE,0.6084,0.0048,0.3868
HEARTS FOUR DIAMONDS FIVE,0.724,0.1012,0.1748
HEARTS FIVE DIAMONDS FIVE,0.6354,0.1746,0.19
CLUBS FOUR DIAMONDS FIVE,0.7222,0.0982,0.1796
CLUBS FIVE DIAMONDS FIVE,0.6152,0.183,0.2018
CLUBS SIX DIAMONDS FIVE,0.7482,0.0872,0.1646
CLUBS SEVEN DIAMONDS FIVE,0.7494,0.0826,0.168
CLUBS TWO DIAMONDS FIVE,0.751,0.098,0.151
CLUBS THREE DIAMONDS FIVE,0.7346,0.0932,0.1722
SPADES THREE DIAMONDS FIVE,0.7422,0.0964,0.1614
SPADES TWO DIAMONDS FIVE,0.7548,0.0922,0.153
SPADES JACK DIAMONDS EIGHT,0.6442,0.0402,0.3156
SPADES FIVE DIAMONDS FIVE,0.6206,0.187,0.1924
CLUBS TEN HEARTS JACK,0.5306,0.025,0.4444
SPADES TEN DIAMONDS EIGHT,0.6478,0.0422,0.31
SPADES FOUR DIAMONDS FIVE,0.7302,0.0988,0.171
HEARTS JACK CLUBS JACK,0.1868,0.1024,0.7108
HEARTS JACK CLUBS QUEEN,0.5314,0.0118,0.4568
CLUBS NINE DIAMONDS FIVE,0.6646,0.0554,0.28
CLUBS KING HEARTS JACK,0.532,0.007,0.461
CLUBS EIGHT DIAMONDS FIVE,0.8082,0.084,0.1078
CLUBS ACE HEARTS JACK,0.5362,0.004,0.4598
SPADES SEVEN DIAMONDS FIVE,0.7562,0.0906,0.1532
SPADES KING DIAMONDS EIGHT,0.6658,0.0282,0.306
SPADES SIX DIAMONDS FIVE,0.7432,0.0986,0.1582
SPADES QUEEN DIAMONDS EIGHT,0.6558,0.0288,0.3154
SPADES NINE DIAMONDS FIVE,0.6668,0.0598,0.2734
SPADES ACE DIAMONDS EIGHT,0.6554,0.0244,0.3202
DIAMONDS TEN DIAMONDS SIX,0.6314,0.0494,0.3192
HEARTS ACE DIAMONDS SEVEN,0.658,0.0038,0.3382
DIAMONDS JACK DIAMONDS SIX,0.635,0.0296,0.3354
HEARTS QUEEN DIAMONDS SEVEN,0.6698,0.023,0.3072
HEARTS KING DIAMONDS SEVEN,0.6536,0.0128,0.3336
DIAMONDS ACE DIAMONDS SIX,0.6278,0.0052,0.367
HEARTS FOUR DIAMONDS SIX,0.757,0.0946,0.1484
SPADES TWO HEARTS JACK,0.6842,0.0318,0.284
HEARTS FIVE DIAMONDS SIX,0.751,0.0862,0.1628
SPADES TWO HEARTS TEN,0.6794,0.0444,0.2762
DIAMONDS QUEEN DIAMONDS SIX,0.643,0.0184,0.3386
HEARTS TWO DIAMONDS SIX,0.7774,0.0888,0.1338
DIAMONDS KING DIAMONDS SIX,0.6236,0.0112,0.3652
HEARTS THREE DIAMONDS SIX,0.7584,0.097,0.1446
HEARTS NINE DIAMONDS SIX,0.6758,0.0534,0.2708
HEARTS SIX DIAMONDS SIX,0.6324,0.1828,0.1848
HEARTS SEVEN DIAMONDS SIX,0.7604,0.0824,0.1572
HEARTS TEN DIAMONDS SEVEN,0.6708,0.04,0.2892
CLUBS TWO DIAMONDS SIX,0.7676,0.094,0.1384
HEARTS JACK DIAMONDS SEVEN,0.6742,0.0316,0.2942
CLUBS THREE DIAMONDS SIX,0.756,0.0848,0.1592
CLUBS SEVEN DIAMONDS SIX,0.758,0.0832,0.1588
DIAMONDS EIGHT CLUBS JACK,0.662,0.0312,0.3068
CLUBS SIX DIAMONDS SIX,0.6336,0.1772,0.1892
CLUBS TEN DIAMONDS EIGHT,0.6398,0.0436,0.3166
CLUBS FIVE DIAMONDS SIX,0.7388,0.0918,0.1694
CLUBS FOUR DIAMONDS SIX,0.7426,0.0902,0.1672
HEARTS ACE HEARTS JACK,0.5034,0.0038,0.4928
DIAMONDS EIGHT CLUBS ACE,0.6618,0.0238,0.3144
HEARTS QUEEN HEARTS JACK,0.501,0.0126,0.4864
DIAMONDS EIGHT CLUBS KING,0.6744,0.0238,0.3018
CLUBS NINE DIAMONDS SIX,0.6738,0.059,0.2672
HEARTS KING HEARTS JACK,0.4954,0.0054,0.4992
DIAMONDS EIGHT CLUBS QUEEN,0.667,0.027,0.306
CLUBS EIGHT DIAMONDS SIX,0.7948,0.0738,0.1314
SPADES TEN HEARTS KING,0.5298,0.0086,0.4616
SPADES FIVE DIAMONDS SIX,0.7506,0.0912,0.1582
HEARTS ACE SPADES TWO,0.6578,0.005,0.3372
SPADES JACK HEARTS KING,0.5254,0.006,0.4686
SPADES FOUR DIAMONDS SIX,0.7528,0.0924,0.1548
SPADES THREE DIAMONDS SIX,0.7694,0.0874,0.1432
HEARTS QUEEN SPADES TWO,0.6766,0.0246,0.2988
SPADES ACE SPADES KING,0.5042,0.0036,0.4922
SPADES TWO HEARTS KING,0.6638,0.0106,0.3256
SPADES TWO DIAMONDS SIX,0.774,0.0992,0.1268
SPADES NINE DIAMONDS SIX,0.6684,0.0622,0.2694
SPADES SEVEN DIAMONDS SIX,0.7576,0.0858,0.1566
SPADES SIX DIAMONDS SIX,0.6462,0.1768,0.177
SPADES KING HEARTS KING,0.1864,0.0348,0.7788
SPADES QUEEN HEARTS KING,0.5172,0.0058,0.477
CLUBS ACE CLUBS KING,0.5182,0.0018,0.48
SPADES ACE HEARTS KING,0.5176,0.0048,0.4776
SPADES ACE HEARTS JACK,0.5346,0.004,0.4614
SPADES QUEEN HEARTS JACK,0.522,0.0156,0.4624
SPADES KING HEARTS JACK,0.5338,0.0072,0.459
SPADES TEN DIAMONDS TEN,0.1756,0.128,0.6964
SPADES JACK DIAMONDS TEN,0.5262,0.0252,0.4486
SPADES ACE DIAMONDS TEN,0.539,0.0044,0.4566
SPADES JACK HEARTS JACK,0.179,0.0986,0.7224
SPADES TEN HEARTS JACK,0.5168,0.025,0.4582
SPADES QUEEN DIAMONDS TEN,0.5344,0.0192,0.4464
SPADES KING DIAMONDS TEN,0.5224,0.0072,0.4704
SPADES NINE DIAMONDS SEVEN,0.6484,0.0604,0.2912
SPADES SEVEN DIAMONDS SEVEN,0.6394,0.1798,0.1808
SPADES SIX DIAMONDS SEVEN,0.765,0.0798,0.1552
DIAMONDS KING DIAMONDS SEVEN,0.6304,0.0108,0.3588
HEARTS THREE DIAMONDS SEVEN,0.7734,0.0832,0.1434
HEARTS KING DIAMONDS FIVE,0.6652,0.0102,0.3246
DIAMONDS QUEEN DIAMONDS SEVEN,0.6344,0.0162,0.3494
HEARTS TWO DIAMONDS SEVEN,0.7854,0.0832,0.1314
HEARTS QUEEN DIAMONDS FIVE,0.6712,0.0208,0.308
HEARTS FIVE DIAMONDS SEVEN,0.7644,0.0834,0.1522
DIAMONDS ACE DIAMONDS SEVEN,0.6138,0.0018,0.3844
HEARTS FOUR DIAMONDS SEVEN,0.7772,0.0768,0.146
HEARTS ACE DIAMONDS FIVE,0.6364,0.0042,0.3594
HEARTS SEVEN DIAMONDS SEVEN,0.6272,0.19,0.1828
HEARTS SIX DIAMONDS SEVEN,0.7644,0.0806,0.155
DIAMONDS SEVEN HEARTS NINE,0.6528,0.0656,0.2816
DIAMONDS JACK DIAMONDS SEVEN,0.635,0.03,0.335
DIAMONDS FIVE HEARTS JACK,0.6606,0.0374,0.302
DIAMONDS TEN DIAMONDS SEVEN,0.6376,0.0508,0.3116
HEARTS TEN DIAMONDS FIVE,0.6608,0.0474,0.2918
SPADES KING CLUBS TWO,0.6578,0.0092,0.333
HEARTS KING CLUBS KING,0.1932,0.032,0.7748
CLUBS EIGHT DIAMONDS SEVEN,0.7758,0.0806,0.1436
SPADES QUEEN CLUBS TWO,0.666,0.0194,0.3146
HEARTS KING CLUBS QUEEN,0.5316,0.0084,0.46
CLUBS NINE DIAMONDS SEVEN,0.6676,0.0626,0.2698
SPADES TWO CLUBS JACK,0.675,0.0302,0.2948
SPADES ACE CLUBS TWO,0.6538,0.0042,0.342
CLUBS TEN SPADES TWO,0.6876,0.0476,0.2648
HEARTS KING CLUBS ACE,0.5312,0.0036,0.4652
CLUBS SEVEN CLUBS SIX,0.714,0.0808,0.2052
SPADES TWO CLUBS KING,0.6632,0.0116,0.3252
SPADES TWO DIAMONDS SEVEN,0.7984,0.077,0.1246
CLUBS EIGHT CLUBS SIX,0.7472,0.0752,0.1776
SPADES THREE DIAMONDS SEVEN,0.775,0.0868,0.1382
SPADES TWO CLUBS QUEEN,0.6764,0.0228,0.3008
CLUBS NINE CLUBS SIX,0.6316,0.0604,0.308
SPADES FOUR DIAMONDS SEVEN,0.7756,0.0832,0.1412
HEARTS KING CLUBS JACK,0.53,0.0068,0.4632
SPADES FIVE DIAMONDS SEVEN,0.774,0.0776,0.1484
SPADES TWO CLUBS ACE,0.6588,0.0046,0.3366
CLUBS TEN HEARTS KING,0.5266,0.007,0.4664
CLUBS SIX SPADES TWO,0.7732,0.0914,0.1354
CLUBS SIX SPADES THREE,0.7672,0.0918,0.141
CLUBS TWO DIAMONDS SEVEN,0.786,0.084,0.13
CLUBS SIX SPADES FOUR,0.7634,0.0874,0.1492
CLUBS THREE DIAMONDS SEVEN,0.7704,0.0782,0.1514
CLUBS SIX SPADES FIVE,0.7576,0.093,0.1494
CLUBS FOUR DIAMONDS SEVEN,0.7652,0.079,0.1558
CLUBS SIX SPADES SIX,0.63,0.1904,0.1796
CLUBS FIVE DIAMONDS SEVEN,0.7654,0.078,0.1566
CLUBS SIX SPADES SEVEN,0.7686,0.0774,0.154
CLUBS SIX DIAMONDS SEVEN,0.76,0.079,0.161
SPADES JACK CLUBS TWO,0.663,0.0368,0.3002
CLUBS SEVEN DIAMONDS SEVEN,0.6238,0.1934,0.1828
SPADES NINE CLUBS SIX,0.67,0.0546,0.2754
SPADES TEN CLUBS TWO,0.6806,0.0454,0.274
CLUBS TWO CLUBS QUEEN,0.641,0.0194,0.3396
CLUBS TWO CLUBS KING,0.623,0.011,0.366
CLUBS THREE DIAMONDS EIGHT,0.8396,0.083,0.0774
CLUBS TWO CLUBS ACE,0.6186,0.0042,0.3772
CLUBS TWO DIAMONDS EIGHT,0.8292,0.0888,0.082
DIAMONDS EIGHT HEARTS SEVEN,0.7956,0.0758,0.1286
HEARTS SIX DIAMONDS EIGHT,0.8048,0.0806,0.1146
DIAMONDS EIGHT HEARTS NINE,0.6268,0.0532,0.32
CLUBS TEN CLUBS TWO,0.6274,0.0492,0.3234
CLUBS TWO CLUBS JACK,0.6396,0.0314,0.329
CLUBS NINE DIAMONDS EIGHT,0.6326,0.053,0.3144
CLUBS EIGHT DIAMONDS EIGHT,0.023,0.9572,0.0198
CLUBS FIVE DIAMONDS EIGHT,0.7924,0.0872,0.1204
SPADES ACE SPADES THREE,0.6276,0.003,0.3694
CLUBS FOUR DIAMONDS EIGHT,0.8074,0.0902,0.1024
CLUBS SEVEN DIAMONDS EIGHT,0.777,0.0806,0.1424
SPADES QUEEN SPADES THREE,0.6444,0.0224,0.3332
CLUBS SIX DIAMONDS EIGHT,0.788,0.0856,0.1264
SPADES KING SPADES THREE,0.626,0.0108,0.3632
DIAMONDS QUEEN DIAMONDS EIGHT,0.6244,0.0292,0.3464
HEARTS TWO DIAMONDS EIGHT,0.8402,0.0934,0.0664
DIAMONDS KING DIAMONDS EIGHT,0.6276,0.023,0.3494
HEARTS THREE DIAMONDS EIGHT,0.8376,0.094,0.0684
DIAMONDS ACE DIAMONDS EIGHT,0.6238,0.0262,0.35
HEARTS FOUR DIAMONDS EIGHT,0.8236,0.0906,0.0858
HEARTS FIVE DIAMONDS EIGHT,0.8052,0.0894,0.1054
DIAMONDS EIGHT DIAMONDS TEN,0.6024,0.044,0.3536
DIAMONDS EIGHT DIAMONDS JACK,0.619,0.034,0.347
SPADES JACK SPADES THREE,0.6374,0.0364,0.3262
SPADES TEN SPADES THREE,0.6556,0.04,0.3044
CLUBS FOUR HEARTS ACE,0.6484,0.0046,0.347
CLUBS FOUR HEARTS QUEEN,0.6722,0.0184,0.3094
CLUBS FOUR HEARTS KING,0.6544,0.0112,0.3344
CLUBS SIX HEARTS TEN,0.6726,0.0422,0.2852
CLUBS SIX HEARTS JACK,0.6666,0.0306,0.3028
SPADES FOUR DIAMONDS EIGHT,0.8296,0.0844,0.086
SPADES FIVE DIAMONDS EIGHT,0.8062,0.0864,0.1074
DIAMONDS EIGHT SPADES TWO,0.8492,0.0842,0.0666
DIAMONDS EIGHT SPADES THREE,0.8494,0.0828,0.0678
CLUBS FOUR HEARTS JACK,0.6626,0.035,0.3024
SPADES TEN DIAMONDS QUEEN,0.525,0.0118,0.4632
SPADES TEN HEARTS TWO,0.6826,0.0448,0.2726
CLUBS FOUR HEARTS TEN,0.6708,0.046,0.2832
SPADES NINE DIAMONDS EIGHT,0.6252,0.0536,0.3212
SPADES JACK HEARTS TWO,0.6874,0.0364,0.2762
SPADES JACK DIAMONDS QUEEN,0.5264,0.0158,0.4578
SPADES SIX DIAMONDS EIGHT,0.8042,0.078,0.1178
SPADES SEVEN DIAMONDS EIGHT,0.7762,0.0844,0.1394
SPADES ACE HEARTS TWO,0.6424,0.004,0.3536
SPADES ACE DIAMONDS QUEEN,0.5322,0.0042,0.4636
SPADES QUEEN HEARTS TWO,0.6784,0.0204,0.3012
SPADES QUEEN DIAMONDS QUEEN,0.1906,0.062,0.7474
SPADES KING DIAMONDS QUEEN,0.5348,0.0058,0.4594
SPADES KING HEARTS TWO,0.673,0.0138,0.3132
CLUBS TWO HEARTS TEN,0.6678,0.05,0.2822
CLUBS TWO HEARTS JACK,0.6772,0.0378,0.285
SPADES SEVEN DIAMONDS NINE,0.667,0.0694,0.2636
SPADES SIX DIAMONDS NINE,0.6732,0.058,0.2688
SPADES NINE DIAMONDS NINE,0.1816,0.1564,0.662
SPADES TEN CLUBS KING,0.5348,0.008,0.4572
DIAMONDS NINE SPADES THREE,0.6848,0.0608,0.2544
SPADES JACK CLUBS KING,0.53,0.007,0.463
DIAMONDS NINE SPADES TWO,0.6854,0.059,0.2556
SPADES FIVE DIAMONDS NINE,0.6758,0.0592,0.265
DIAMONDS NINE SPADES FOUR,0.685,0.0626,0.2524
CLUBS NINE DIAMONDS NINE,0.1884,0.1482,0.6634
CLUBS EIGHT DIAMONDS NINE,0.6258,0.0574,0.3168
CLUBS SIX DIAMONDS NINE,0.6788,0.0544,0.2668
SPADES JACK CLUBS FOUR,0.6608,0.04,0.2992
CLUBS SEVEN DIAMONDS NINE,0.6552,0.057,0.2878
SPADES TEN CLUBS FOUR,0.661,0.0456,0.2934
CLUBS FOUR DIAMONDS NINE,0.673,0.0602,0.2668
CLUBS FIVE DIAMONDS NINE,0.667,0.0598,0.2732
DIAMONDS NINE CLUBS TWO,0.6926,0.0558,0.2516
CLUBS THREE DIAMONDS NINE,0.6744,0.0622,0.2634
DIAMONDS NINE HEARTS NINE,0.1788,0.1636,0.6576
HEARTS SIX DIAMONDS NINE,0.6796,0.0632,0.2572
DIAMONDS NINE HEARTS SEVEN,0.6656,0.0564,0.278
CLUBS NINE CLUBS EIGHT,0.5934,0.053,0.3536
DIAMONDS ACE DIAMONDS NINE,0.5188,0.0044,0.4768
HEARTS FOUR DIAMONDS NINE,0.6872,0.0666,0.2462
HEARTS FIVE DIAMONDS NINE,0.6786,0.0612,0.2602
HEARTS ACE CLUBS TWO,0.654,0.0042,0.3418
SPADES ACE CLUBS FOUR,0.6358,0.0042,0.36
DIAMONDS QUEEN DIAMONDS NINE,0.5202,0.0176,0.4622
HEARTS TWO DIAMONDS NINE,0.686,0.0624,0.2516
CLUBS TWO HEARTS KING,0.6678,0.013,0.3192
SPADES KING CLUBS FOUR,0.6702,0.0092,0.3206
DIAMONDS KING DIAMONDS NINE,0.5272,0.0102,0.4626
HEARTS THREE DIAMONDS NINE,0.6984,0.0558,0.2458
CLUBS TWO HEARTS QUEEN,0.6598,0.0212,0.319
SPADES QUEEN CLUBS FOUR,0.6642,0.0226,0.3132
DIAMONDS NINE DIAMONDS JACK,0.5,0.0268,0.4732
CLUBS EIGHT SPADES NINE,0.6276,0.0538,0.3186
DIAMONDS NINE DIAMONDS TEN,0.5078,0.0366,0.4556
CLUBS EIGHT SPADES SEVEN,0.7872,0.0784,0.1344
CLUBS EIGHT SPADES SIX,0.7808,0.0862,0.133
CLUBS EIGHT SPADES FIVE,0.8078,0.09,0.1022
CLUBS EIGHT SPADES FOUR,0.8244,0.0882,0.0874
CLUBS EIGHT SPADES THREE,0.8506,0.0842,0.0652
CLUBS EIGHT SPADES TWO,0.8472,0.0884,0.0644
HEARTS SIX DIAMONDS TEN,0.6728,0.0464,0.2808
DIAMONDS TEN HEARTS SEVEN,0.67,0.0448,0.2852
CLUBS FOUR CLUBS JACK,0.631,0.0314,0.3376
DIAMONDS TEN HEARTS NINE,0.544,0.0402,0.4158
CLUBS TEN CLUBS FOUR,0.653,0.0444,0.3026
CLUBS FOUR CLUBS KING,0.6386,0.0124,0.349
CLUBS FOUR CLUBS QUEEN,0.6246,0.021,0.3544
CLUBS TWO DIAMONDS TEN,0.6814,0.0466,0.272
CLUBS THREE DIAMONDS TEN,0.6788,0.0478,0.2734
CLUBS FOUR CLUBS ACE,0.6102,0.0032,0.3866
DIAMONDS JACK DIAMONDS TEN,0.4968,0.0232,0.48
DIAMONDS QUEEN DIAMONDS TEN,0.502,0.0104,0.4876
HEARTS TWO DIAMONDS TEN,0.6766,0.0474,0.276
DIAMONDS KING DIAMONDS TEN,0.4928,0.0048,0.5024
HEARTS THREE DIAMONDS TEN,0.688,0.043,0.269
DIAMONDS ACE DIAMONDS TEN,0.5162,0.0036,0.4802
HEARTS FOUR DIAMONDS TEN,0.6788,0.0472,0.274
CLUBS EIGHT HEARTS JACK,0.6466,0.0354,0.318
HEARTS FIVE DIAMONDS TEN,0.669,0.0514,0.2796
CLUBS EIGHT HEARTS TEN,0.6272,0.0452,0.3276
CLUBS EIGHT HEARTS QUEEN,0.671,0.0242,0.3048
CLUBS EIGHT HEARTS KING,0.667,0.0272,0.3058
CLUBS EIGHT HEARTS ACE,0.6668,0.0282,0.305
CLUBS NINE SPADES THREE,0.6832,0.0612,0.2556
CLUBS NINE SPADES TWO,0.691,0.059,0.25
CLUBS NINE SPADES FIVE,0.678,0.0614,0.2606
CLUBS NINE SPADES FOUR,0.672,0.0596,0.2684
CLUBS NINE SPADES SEVEN,0.6654,0.0636,0.271
CLUBS NINE SPADES SIX,0.658,0.062,0.28
CLUBS NINE SPADES NINE,0.1744,0.1634,0.6622
SPADES KING CLUBS KING,0.2012,0.0328,0.766
SPADES QUEEN CLUBS KING,0.53,0.0038,0.4662
SPADES ACE CLUBS KING,0.5372,0.0044,0.4584
DIAMONDS ACE HEARTS TEN,0.5376,0.005,0.4574
HEARTS FOUR HEARTS TEN,0.6306,0.0478,0.3216
DIAMONDS ACE HEARTS JACK,0.5342,0.0032,0.4626
HEARTS FOUR HEARTS JACK,0.646,0.0314,0.3226
SPADES KING CLUBS FIVE,0.6444,0.0084,0.3472
SPADES QUEEN CLUBS FIVE,0.661,0.0186,0.3204
SPADES ACE CLUBS FIVE,0.638,0.0042,0.3578
DIAMONDS JACK HEARTS SEVEN,0.6794,0.0284,0.2922
HEARTS SIX DIAMONDS JACK,0.6846,0.0306,0.2848
DIAMONDS JACK HEARTS NINE,0.529,0.0266,0.4444
DIAMONDS KING DIAMONDS JACK,0.5022,0.0058,0.492
HEARTS THREE DIAMONDS JACK,0.683,0.0338,0.2832
SPADES ACE SPADES SIX,0.6272,0.0062,0.3666
HEARTS ACE SPADES FOUR,0.6502,0.005,0.3448
DIAMONDS QUEEN DIAMONDS JACK,0.5028,0.012,0.4852
HEARTS TWO DIAMONDS JACK,0.6784,0.0332,0.2884
HEARTS FIVE DIAMONDS JACK,0.6808,0.0332,0.286
SPADES QUEEN SPADES SIX,0.6366,0.0224,0.341
SPADES FOUR HEARTS QUEEN,0.6728,0.0226,0.3046
DIAMONDS ACE DIAMONDS JACK,0.5098,0.0026,0.4876
HEARTS FOUR DIAMONDS JACK,0.6818,0.03,0.2882
SPADES KING SPADES SIX,0.6336,0.0112,0.3552
SPADES FOUR HEARTS KING,0.6698,0.015,0.3152
SPADES TEN SPADES SIX,0.6458,0.044,0.3102
SPADES JACK SPADES SIX,0.6408,0.0308,0.3284
SPADES FOUR DIAMONDS JACK,0.6704,0.0344,0.2952
SPADES FIVE DIAMONDS JACK,0.6736,0.0296,0.2968
DIAMONDS JACK SPADES TWO,0.6916,0.0356,0.2728
SPADES THREE DIAMONDS JACK,0.6846,0.0342,0.2812
SPADES ACE DIAMONDS THREE,0.663,0.0042,0.3328
SPADES QUEEN DIAMONDS THREE,0.6662,0.0202,0.3136
CLUBS EIGHT DIAMONDS JACK,0.6466,0.0294,0.324
SPADES KING DIAMONDS THREE,0.6768,0.0106,0.3126
CLUBS NINE DIAMONDS JACK,0.5406,0.0272,0.4322
CLUBS SIX DIAMONDS JACK,0.6772,0.0318,0.291
CLUBS SEVEN DIAMONDS JACK,0.656,0.0334,0.3106
CLUBS FOUR DIAMONDS JACK,0.663,0.032,0.305
CLUBS FIVE DIAMONDS JACK,0.6838,0.0336,0.2826
CLUBS TWO DIAMONDS JACK,0.6818,0.0352,0.283
CLUBS THREE DIAMONDS JACK,0.6698,0.0336,0.2966
SPADES TEN CLUBS FIVE,0.665,0.0458,0.2892
HEARTS SIX SPADES JACK,0.6686,0.0312,0.3002
HEARTS SIX SPADES TEN,0.659,0.047,0.294
SPADES JACK CLUBS FIVE,0.666,0.0338,0.3002
SPADES JACK DIAMONDS THREE,0.6782,0.0328,0.289
CLUBS SEVEN CLUBS ACE,0.6192,0.0036,0.3772
DIAMONDS THREE SPADES TEN,0.6792,0.0484,0.2724
CLUBS SEVEN CLUBS QUEEN,0.6438,0.0188,0.3374
CLUBS SEVEN CLUBS KING,0.6306,0.0128,0.3566
SPADES NINE DIAMONDS JACK,0.538,0.0254,0.4366
CLUBS TEN CLUBS SEVEN,0.6294,0.0436,0.327
DIAMONDS ACE HEARTS ACE,0.193,0.002,0.805
HEARTS FOUR HEARTS ACE,0.6072,0.003,0.3898
SPADES ACE HEARTS SIX,0.6558,0.005,0.3392
CLUBS SEVEN CLUBS JACK,0.6416,0.0308,0.3276
DIAMONDS ACE HEARTS KING,0.5296,0.0022,0.4682
HEARTS FOUR HEARTS KING,0.636,0.014,0.35
SPADES SEVEN DIAMONDS JACK,0.6698,0.031,0.2992
SPADES KING HEARTS SIX,0.6726,0.0094,0.318
DIAMONDS ACE HEARTS QUEEN,0.5334,0.004,0.4626
HEARTS FOUR HEARTS QUEEN,0.6528,0.0224,0.3248
SPADES SIX DIAMONDS JACK,0.6928,0.031,0.2762
SPADES QUEEN HEARTS SIX,0.6686,0.0204,0.311
SPADES TWO DIAMONDS TEN,0.685,0.0454,0.2696
SPADES THREE DIAMONDS TEN,0.6904,0.0442,0.2654
SPADES FOUR DIAMONDS TEN,0.6762,0.0456,0.2782
SPADES FIVE DIAMONDS TEN,0.6724,0.0422,0.2854
SPADES SIX DIAMONDS TEN,0.6752,0.0404,0.2844
SPADES SEVEN DIAMONDS TEN,0.6716,0.0416,0.2868
SPADES NINE DIAMONDS TEN,0.5404,0.0394,0.4202
CLUBS FOUR DIAMONDS TEN,0.6786,0.0482,0.2732
CLUBS FIVE DIAMONDS TEN,0.6742,0.0432,0.2826
CLUBS SIX DIAMONDS TEN,0.673,0.0438,0.2832
CLUBS SEVEN DIAMONDS TEN,0.6542,0.0452,0.3006
CLUBS EIGHT DIAMONDS TEN,0.6464,0.0432,0.3104
CLUBS NINE DIAMONDS TEN,0.5264,0.0386,0.435
DIAMONDS THREE CLUBS JACK,0.6744,0.0302,0.2954
CLUBS TEN DIAMONDS THREE,0.669,0.0522,0.2788
DIAMONDS THREE CLUBS KING,0.6598,0.0086,0.3316
DIAMONDS THREE CLUBS QUEEN,0.6636,0.0232,0.3132
DIAMONDS THREE CLUBS ACE,0.6452,0.003,0.3518
SPADES FOUR HEARTS JACK,0.6734,0.0314,0.2952
SPADES FOUR HEARTS TEN,0.6704,0.0524,0.2772
SPADES FIVE SPADES TWO,0.7172,0.1008,0.182
SPADES FOUR SPADES TWO,0.7242,0.0954,0.1804
SPADES THREE SPADES TWO,0.7228,0.1082,0.169
SPADES NINE SPADES TWO,0.6572,0.0554,0.2874
SPADES SEVEN SPADES TWO,0.768,0.0782,0.1538
SPADES SIX SPADES TWO,0.7432,0.0898,0.167
DIAMONDS QUEEN CLUBS THREE,0.6606,0.0234,0.316
CLUBS THREE HEARTS TWO,0.7552,0.1104,0.1344
DIAMONDS QUEEN CLUBS TWO,0.6758,0.022,0.3022
HEARTS TWO CLUBS TWO,0.6448,0.1692,0.186
DIAMONDS QUEEN HEARTS SEVEN,0.6684,0.0202,0.3114
HEARTS TWO HEARTS SEVEN,0.762,0.0768,0.1612
HEARTS SIX DIAMONDS QUEEN,0.6622,0.0254,0.3124
HEARTS SIX HEARTS TWO,0.7542,0.0864,0.1594
DIAMONDS QUEEN HEARTS NINE,0.5528,0.0188,0.4284
HEARTS TWO HEARTS NINE,0.6592,0.0564,0.2844
CLUBS NINE HEARTS TWO,0.6766,0.0624,0.261
CLUBS NINE DIAMONDS QUEEN,0.5488,0.015,0.4362
CLUBS EIGHT HEARTS TWO,0.8438,0.0908,0.0654
CLUBS EIGHT DIAMONDS QUEEN,0.6656,0.0292,0.3052
CLUBS FIVE DIAMONDS QUEEN,0.6706,0.0194,0.31
CLUBS FIVE HEARTS TWO,0.7492,0.1022,0.1486
DIAMONDS QUEEN CLUBS FOUR,0.673,0.0198,0.3072
HEARTS TWO CLUBS FOUR,0.7556,0.1014,0.143
CLUBS SEVEN DIAMONDS QUEEN,0.6666,0.0218,0.3116
CLUBS SEVEN HEARTS TWO,0.7934,0.08,0.1266
CLUBS SIX DIAMONDS QUEEN,0.681,0.0178,0.3012
CLUBS SIX HEARTS TWO,0.7834,0.086,0.1306
DIAMONDS QUEEN SPADES SIX,0.668,0.0194,0.3126
HEARTS TWO SPADES SIX,0.7762,0.094,0.1298
HEARTS FOUR CLUBS QUEEN,0.6742,0.022,0.3038
DIAMONDS ACE CLUBS QUEEN,0.552,0.0024,0.4456
DIAMONDS QUEEN SPADES SEVEN,0.6818,0.0168,0.3014
SPADES SEVEN HEARTS TWO,0.7994,0.0872,0.1134
HEARTS FOUR CLUBS KING,0.6732,0.0092,0.3176
DIAMONDS ACE CLUBS KING,0.5438,0.0034,0.4528
HEARTS FOUR CLUBS ACE,0.6328,0.0046,0.3626
DIAMONDS ACE CLUBS ACE,0.2104,0.0026,0.787
SPADES NINE DIAMONDS QUEEN,0.5284,0.019,0.4526
SPADES NINE HEARTS TWO,0.6878,0.0654,0.2468
HEARTS TWO SPADES TWO,0.6428,0.177,0.1802
DIAMONDS QUEEN SPADES TWO,0.667,0.023,0.31
HEARTS TWO SPADES THREE,0.773,0.1002,0.1268
DIAMONDS QUEEN SPADES THREE,0.6786,0.0204,0.301
HEARTS TWO SPADES FOUR,0.7544,0.1054,0.1402
DIAMONDS QUEEN SPADES FOUR,0.6578,0.0232,0.319
HEARTS FOUR CLUBS TEN,0.6804,0.0478,0.2718
CLUBS TEN DIAMONDS ACE,0.5454,0.0032,0.4514
HEARTS TWO SPADES FIVE,0.758,0.1064,0.1356
DIAMONDS QUEEN SPADES FIVE,0.671,0.0192,0.3098
HEARTS FOUR CLUBS JACK,0.6768,0.032,0.2912
DIAMONDS ACE CLUBS JACK,0.5484,0.0038,0.4478
CLUBS FIVE CLUBS KING,0.624,0.01,0.366
CLUBS FIVE CLUBS QUEEN,0.6306,0.0214,0.348
CLUBS FIVE CLUBS ACE,0.6,0.0064,0.3936
CLUBS FIVE CLUBS JACK,0.6424,0.0288,0.3288
CLUBS TEN CLUBS FIVE,0.6444,0.0442,0.3114
SPADES KING CLUBS JACK,0.5152,0.0068,0.478
SPADES QUEEN CLUBS JACK,0.527,0.0114,0.4616
SPADES ACE CLUBS JACK,0.5448,0.0024,0.4528
SPADES SIX CLUBS KING,0.6608,0.011,0.3282
SPADES SIX CLUBS QUEEN,0.675,0.0224,0.3026
SPADES SIX CLUBS ACE,0.6596,0.0036,0.3368
SPADES SIX CLUBS JACK,0.6842,0.0328,0.283
CLUBS TEN SPADES SIX,0.676,0.044,0.28
SPADES TEN CLUBS JACK,0.511,0.0228,0.4662
SPADES JACK CLUBS JACK,0.1922,0.0964,0.7114
SPADES QUEEN CLUBS SEVEN,0.6736,0.0178,0.3086
SPADES KING CLUBS SEVEN,0.6568,0.0106,0.3326
SPADES ACE CLUBS SEVEN,0.6502,0.003,0.3468
SPADES SIX HEARTS TEN,0.6764,0.0462,0.2774
SPADES SIX HEARTS JACK,0.6818,0.0308,0.2874
SPADES SIX HEARTS ACE,0.6568,0.0038,0.3394
SPADES SIX HEARTS KING,0.655,0.0092,0.3358
SPADES SIX HEARTS QUEEN,0.6616,0.0252,0.3132
CLUBS SEVEN SPADES JACK,0.6658,0.0314,0.3028
CLUBS SEVEN SPADES TEN,0.6606,0.0458,0.2936
CLUBS TEN HEARTS SIX,0.6796,0.046,0.2744
HEARTS SIX CLUBS JACK,0.6728,0.0348,0.2924
CLUBS ACE CLUBS JACK,0.5002,0.0034,0.4964
HEARTS SIX CLUBS QUEEN,0.6788,0.0232,0.298
HEARTS SIX CLUBS KING,0.6742,0.0122,0.3136
HEARTS SIX CLUBS ACE,0.6678,0.004,0.3282
CLUBS QUEEN CLUBS JACK,0.5052,0.0108,0.484
CLUBS KING CLUBS JACK,0.5068,0.0074,0.4858
DIAMONDS THREE HEARTS ACE,0.6512,0.0038,0.345
DIAMONDS THREE HEARTS QUEEN,0.6694,0.0228,0.3078
DIAMONDS THREE HEARTS KING,0.672,0.0156,0.3124
CLUBS FIVE HEARTS JACK,0.6728,0.0318,0.2954
SPADES TEN DIAMONDS ACE,0.5338,0.0044,0.4618
HEARTS FOUR SPADES TEN,0.6764,0.047,0.2766
CLUBS FIVE HEARTS TEN,0.6652,0.0536,0.2812
HEARTS FOUR SPADES JACK,0.681,0.034,0.285
SPADES JACK DIAMONDS ACE,0.53,0.003,0.467
SPADES ACE HEARTS FOUR,0.6346,0.0056,0.3598
SPADES ACE DIAMONDS ACE,0.204,0.0034,0.7926
CLUBS FIVE HEARTS ACE,0.6426,0.0046,0.3528
CLUBS FIVE HEARTS KING,0.6588,0.0106,0.3306
HEARTS FOUR SPADES QUEEN,0.6682,0.0246,0.3072
SPADES QUEEN DIAMONDS ACE,0.5302,0.0034,0.4664
SPADES FOUR CLUBS JACK,0.6774,0.0342,0.2884
CLUBS FIVE HEARTS QUEEN,0.6596,0.0208,0.3196
SPADES KING DIAMONDS ACE,0.5334,0.0024,0.4642
HEARTS FOUR SPADES KING,0.6638,0.0102,0.326
CLUBS TEN SPADES FOUR,0.6808,0.0496,0.2696
DIAMONDS QUEEN DIAMONDS ACE,0.5068,0.0018,0.4914
HEARTS TWO DIAMONDS ACE,0.6584,0.0044,0.3372
HEARTS FOUR DIAMONDS QUEEN,0.6712,0.0222,0.3066
HEARTS FOUR HEARTS TWO,0.7274,0.0978,0.1748
DIAMONDS THREE HEARTS TEN,0.6782,0.0472,0.2746
SPADES FOUR CLUBS KING,0.6596,0.0098,0.3306
HEARTS FIVE DIAMONDS QUEEN,0.6624,0.0204,0.3172
HEARTS FIVE HEARTS TWO,0.7138,0.1008,0.1854
DIAMONDS THREE HEARTS JACK,0.69,0.0314,0.2786
SPADES FOUR CLUBS QUEEN,0.6774,0.021,0.3016
DIAMONDS QUEEN HEARTS TWO,0.6712,0.0196,0.3092
DIAMONDS KING DIAMONDS QUEEN,0.5054,0.006,0.4886
DIAMONDS KING HEARTS TWO,0.6524,0.0136,0.334
HEARTS THREE DIAMONDS QUEEN,0.6762,0.0246,0.2992
HEARTS THREE HEARTS TWO,0.74,0.0884,0.1716
SPADES FOUR CLUBS ACE,0.6418,0.004,0.3542
HEARTS TWO CLUBS ACE,0.6488,0.0036,0.3476
DIAMONDS QUEEN CLUBS ACE,0.5454,0.0028,0.4518
HEARTS TWO CLUBS QUEEN,0.684,0.0194,0.2966
DIAMONDS QUEEN CLUBS QUEEN,0.2008,0.0638,0.7354
HEARTS TWO CLUBS KING,0.6834,0.0108,0.3058
DIAMONDS QUEEN CLUBS KING,0.5286,0.0044,0.467
CLUBS TEN HEARTS TWO,0.6844,0.0452,0.2704
CLUBS TEN DIAMONDS QUEEN,0.5362,0.0136,0.4502
SPADES NINE SPADES FIVE,0.6304,0.063,0.3066
HEARTS TWO CLUBS JACK,0.6918,0.0312,0.277
DIAMONDS QUEEN CLUBS JACK,0.5286,0.0106,0.4608
SPADES SIX SPADES FIVE,0.7198,0.0884,0.1918
SPADES SEVEN SPADES FIVE,0.725,0.085,0.19
DIAMONDS FIVE CLUBS QUEEN,0.6714,0.0202,0.3084
DIAMONDS FIVE CLUBS KING,0.6674,0.0098,0.3228
CLUBS ACE DIAMONDS FIVE,0.6294,0.003,0.3676
CLUBS TEN DIAMONDS FIVE,0.6826,0.047,0.2704
DIAMONDS FIVE CLUBS JACK,0.6628,0.0346,0.3026
DIAMONDS TEN HEARTS JACK,0.5284,0.0232,0.4484
DIAMONDS TEN HEARTS TEN,0.1812,0.119,0.6998
SPADES ACE CLUBS NINE,0.5486,0.0038,0.4476
CLUBS NINE SPADES QUEEN,0.5464,0.0162,0.4374
CLUBS NINE SPADES KING,0.5516,0.009,0.4394
HEARTS SIX HEARTS KING,0.6348,0.0108,0.3544
DIAMONDS KING SPADES SEVEN,0.6794,0.0096,0.311
HEARTS THREE SPADES SEVEN,0.7938,0.082,0.1242
SPADES KING DIAMONDS SEVEN,0.6614,0.0114,0.3272
HEARTS SIX HEARTS QUEEN,0.6382,0.0206,0.3412
