opposingHand,winningChance,drawChance,lostChance
HEARTS SIX CLUBS QUEEN
HEARTS FIVE SPADES TEN,0.6328,0.0108,0.3564
SPADES JACK HEARTS FIVE,0.636,0.0118,0.3522
SPADES FIVE CLUBS JACK,0.631,0.0128,0.3562
CLUBS TEN SPADES FIVE,0.6354,0.0124,0.3522
CLUBS EIGHT CLUBS JACK,0.5494,0.0124,0.4382
CLUBS TEN CLUBS EIGHT,0.531,0.0092,0.4598
CLUBS EIGHT CLUBS KING,0.3596,0.0072,0.6332
SPADES FIVE CLUBS ACE,0.3876,0.0046,0.6078
SPADES FIVE CLUBS KING,0.3812,0.0074,0.6114
CLUBS EIGHT CLUBS ACE,0.3342,0.0066,0.6592
DIAMONDS TWO DIAMONDS THREE,0.5984,0.0102,0.3914
DIAMONDS TWO DIAMONDS FIVE,0.595,0.012,0.393
SPADES KING HEARTS FIVE,0.3956,0.007,0.5974
DIAMONDS TWO DIAMONDS FOUR,0.6072,0.015,0.3778
SPADES QUEEN HEARTS FIVE,0.3886,0.3926,0.2188
DIAMONDS TWO DIAMONDS SEVEN,0.5878,0.0142,0.398
DIAMONDS TWO DIAMONDS SIX,0.6802,0.042,0.2778
SPADES ACE HEARTS FIVE,0.3764,0.004,0.6196
DIAMONDS TWO DIAMONDS NINE,0.5934,0.0116,0.395
DIAMONDS TWO DIAMONDS EIGHT,0.5928,0.0088,0.3984
DIAMONDS THREE DIAMONDS FOUR,0.5836,0.0162,0.4002
CLUBS TWO SPADES FOUR,0.6452,0.0116,0.3432
DIAMONDS THREE DIAMONDS FIVE,0.5884,0.012,0.3996
SPADES FIVE CLUBS TWO,0.6428,0.015,0.3422
CLUBS TWO SPADES TWO,0.4298,0.0294,0.5408
CLUBS TWO SPADES THREE,0.637,0.0138,0.3492
DIAMONDS THREE DIAMONDS EIGHT,0.596,0.0128,0.3912
SPADES EIGHT CLUBS TWO,0.6314,0.013,0.3556
DIAMONDS THREE DIAMONDS NINE,0.5928,0.0108,0.3964
SPADES NINE CLUBS TWO,0.623,0.0122,0.3648
DIAMONDS THREE DIAMONDS SIX,0.6486,0.0474,0.304
SPADES SIX CLUBS TWO,0.7194,0.0528,0.2278
DIAMONDS THREE DIAMONDS SEVEN,0.5796,0.0126,0.4078
SPADES SEVEN CLUBS TWO,0.6408,0.014,0.3452
CLUBS SIX CLUBS TWO,0.6848,0.0506,0.2646
CLUBS SEVEN CLUBS TWO,0.6074,0.0116,0.381
CLUBS FOUR CLUBS TWO,0.6076,0.0128,0.3796
CLUBS FIVE CLUBS TWO,0.6002,0.0124,0.3874
CLUBS TEN CLUBS JACK,0.5032,0.0122,0.4846
DIAMONDS FOUR DIAMONDS SIX,0.6294,0.0524,0.3182
DIAMONDS FOUR DIAMONDS SEVEN,0.5694,0.009,0.4216
CLUBS TEN CLUBS KING,0.327,0.0062,0.6668
CLUBS TEN CLUBS ACE,0.3282,0.0036,0.6682
CLUBS EIGHT CLUBS TWO,0.5998,0.0116,0.3886
DIAMONDS FIVE DIAMONDS FOUR,0.5644,0.0106,0.425
CLUBS NINE CLUBS TWO,0.5824,0.0148,0.4028
DIAMONDS NINE DIAMONDS FOUR,0.5952,0.0146,0.3902
DIAMONDS EIGHT DIAMONDS FOUR,0.581,0.0116,0.4074
CLUBS THREE CLUBS TWO,0.617,0.0132,0.3698
DIAMONDS NINE DIAMONDS FIVE,0.5832,0.012,0.4048
DIAMONDS TWO CLUBS JACK,0.6318,0.0106,0.3576
DIAMONDS EIGHT DIAMONDS FIVE,0.5638,0.0118,0.4244
CLUBS TEN DIAMONDS TWO,0.6346,0.0092,0.3562
DIAMONDS FIVE DIAMONDS SEVEN,0.5512,0.0128,0.436
DIAMONDS FIVE DIAMONDS SIX,0.6228,0.0484,0.3288
DIAMONDS TWO CLUBS ACE,0.3956,0.0062,0.5982
DIAMONDS TWO CLUBS KING,0.3966,0.007,0.5964
DIAMONDS EIGHT DIAMONDS SIX,0.6456,0.041,0.3134
DIAMONDS NINE DIAMONDS SIX,0.6378,0.0424,0.3198
HEARTS ACE SPADES THREE,0.3852,0.0062,0.6086
SPADES THREE HEARTS KING,0.386,0.0084,0.6056
DIAMONDS SEVEN DIAMONDS SIX,0.6338,0.0418,0.3244
HEARTS QUEEN SPADES THREE,0.3912,0.3874,0.2214
SPADES THREE HEARTS JACK,0.6208,0.0126,0.3666
SPADES THREE HEARTS TEN,0.6204,0.0106,0.369
DIAMONDS EIGHT DIAMONDS SEVEN,0.5286,0.0116,0.4598
DIAMONDS NINE DIAMONDS SEVEN,0.5408,0.0084,0.4508
DIAMONDS NINE DIAMONDS EIGHT,0.5226,0.011,0.4664
DIAMONDS KING HEARTS TEN,0.3364,0.0068,0.6568
HEARTS THREE HEARTS TEN,0.5874,0.0118,0.4008
SPADES JACK CLUBS SIX,0.7266,0.0518,0.2216
DIAMONDS KING HEARTS JACK,0.3264,0.0064,0.6672
HEARTS THREE HEARTS JACK,0.6066,0.0108,0.3826
SPADES TEN CLUBS SIX,0.7064,0.047,0.2466
SPADES JACK SPADES FIVE,0.5902,0.0098,0.4
SPADES TEN SPADES FIVE,0.5874,0.011,0.4016
DIAMONDS KING HEARTS ACE,0.3198,0.003,0.6772
HEARTS THREE HEARTS ACE,0.3718,0.0062,0.622
SPADES ACE CLUBS SIX,0.2336,0.0304,0.736
DIAMONDS KING HEARTS QUEEN,0.227,0.028,0.745
HEARTS THREE HEARTS QUEEN,0.38,0.3646,0.2554
SPADES KING CLUBS SIX,0.2402,0.0426,0.7172
DIAMONDS KING HEARTS KING,0.1436,0.004,0.8524
HEARTS THREE HEARTS KING,0.3886,0.0094,0.602
SPADES QUEEN CLUBS SIX,0.017,0.9694,0.0136
SPADES NINE HEARTS TEN,0.5432,0.008,0.4488
SPADES NINE HEARTS JACK,0.553,0.0104,0.4366
SPADES QUEEN SPADES FIVE,0.3596,0.3622,0.2782
SPADES KING SPADES FIVE,0.3612,0.0066,0.6322
SPADES ACE SPADES FIVE,0.3654,0.0052,0.6294
SPADES NINE HEARTS QUEEN,0.2222,0.1696,0.6082
SPADES NINE HEARTS KING,0.3492,0.0094,0.6414
SPADES NINE HEARTS ACE,0.3614,0.0038,0.6348
CLUBS TEN SPADES JACK,0.5552,0.0098,0.435
CLUBS TEN SPADES TEN,0.2902,0.0134,0.6964
SPADES ACE CLUBS TEN,0.3462,0.005,0.6488
SPADES KING CLUBS TEN,0.3458,0.0044,0.6498
CLUBS TEN SPADES QUEEN,0.2324,0.1212,0.6464
SPADES FIVE HEARTS QUEEN,0.3782,0.3936,0.2282
SPADES FIVE HEARTS KING,0.3808,0.0054,0.6138
HEARTS ACE SPADES FIVE,0.3768,0.0042,0.619
CLUBS EIGHT SPADES TEN,0.5672,0.0134,0.4194
HEARTS THREE SPADES JACK,0.6348,0.0132,0.352
SPADES JACK DIAMONDS KING,0.3486,0.006,0.6454
SPADES TEN DIAMONDS KING,0.346,0.0064,0.6476
HEARTS THREE SPADES TEN,0.6342,0.01,0.3558
SPADES JACK CLUBS EIGHT,0.5742,0.0116,0.4142
CLUBS SIX HEARTS ACE,0.225,0.0292,0.7458
SPADES ACE CLUBS EIGHT,0.368,0.0038,0.6282
HEARTS FIVE CLUBS JACK,0.6424,0.0132,0.3444
CLUBS TEN HEARTS FIVE,0.6416,0.0124,0.346
CLUBS SIX HEARTS QUEEN,0.008,0.9838,0.0082
SPADES QUEEN CLUBS EIGHT,0.2278,0.2192,0.553
CLUBS TEN SPADES THREE,0.6344,0.011,0.3546
CLUBS SIX HEARTS KING,0.2326,0.0446,0.7228
SPADES KING CLUBS EIGHT,0.3542,0.0074,0.6384
SPADES THREE CLUBS JACK,0.634,0.0116,0.3544
DIAMONDS TWO HEARTS JACK,0.6268,0.0136,0.3596
DIAMONDS TWO HEARTS TEN,0.6292,0.0134,0.3574
SPADES THREE CLUBS KING,0.3984,0.0058,0.5958
HEARTS FIVE CLUBS ACE,0.3814,0.0044,0.6142
SPADES FIVE HEARTS TEN,0.6278,0.0106,0.3616
SPADES THREE CLUBS ACE,0.3908,0.005,0.6042
HEARTS FIVE CLUBS KING,0.3842,0.0064,0.6094
SPADES FIVE HEARTS JACK,0.627,0.0098,0.3632
HEARTS THREE CLUBS KING,0.396,0.0062,0.5978
DIAMONDS KING CLUBS KING,0.123,0.0034,0.8736
HEARTS FIVE HEARTS JACK,0.6068,0.0124,0.3808
HEARTS FIVE HEARTS TEN,0.5976,0.0128,0.3896
HEARTS THREE CLUBS ACE,0.3996,0.0054,0.595
DIAMONDS KING CLUBS ACE,0.3198,0.005,0.6752
HEARTS THREE CLUBS JACK,0.6284,0.0114,0.3602
DIAMONDS KING CLUBS JACK,0.3476,0.0076,0.6448
CLUBS TEN HEARTS THREE,0.636,0.0126,0.3514
CLUBS TEN DIAMONDS KING,0.3472,0.0062,0.6466
CLUBS SIX CLUBS KING,0.226,0.0344,0.7396
CLUBS SIX CLUBS ACE,0.2278,0.0286,0.7436
HEARTS FIVE HEARTS KING,0.3746,0.0076,0.6178
HEARTS FIVE HEARTS QUEEN,0.3788,0.3626,0.2586
CLUBS TEN CLUBS SIX,0.682,0.0416,0.2764
HEARTS FIVE HEARTS ACE,0.3728,0.0036,0.6236
CLUBS SIX CLUBS JACK,0.6882,0.0462,0.2656
SPADES SEVEN HEARTS JACK,0.59,0.013,0.397
SPADES SEVEN HEARTS TEN,0.5798,0.0116,0.4086
DIAMONDS TWO CLUBS TWO,0.4352,0.0298,0.535
DIAMONDS TWO CLUBS THREE,0.649,0.0144,0.3366
DIAMONDS TWO HEARTS QUEEN,0.3888,0.39,0.2212
HEARTS SEVEN DIAMONDS TWO,0.6356,0.0132,0.3512
DIAMONDS TWO HEARTS KING,0.3996,0.0088,0.5916
DIAMONDS TWO HEARTS EIGHT,0.6284,0.0138,0.3578
DIAMONDS TWO HEARTS ACE,0.3982,0.0062,0.5956
DIAMONDS TWO HEARTS NINE,0.6284,0.015,0.3566
DIAMONDS TWO DIAMONDS QUEEN,0.3724,0.3636,0.264
DIAMONDS TWO HEARTS TWO,0.4274,0.0306,0.542
DIAMONDS TWO DIAMONDS KING,0.3734,0.009,0.6176
HEARTS THREE DIAMONDS TWO,0.6418,0.012,0.3462
DIAMONDS TWO DIAMONDS ACE,0.3632,0.0056,0.6312
HEARTS FOUR DIAMONDS TWO,0.6354,0.0176,0.347
DIAMONDS TWO HEARTS FIVE,0.6458,0.0108,0.3434
SPADES SEVEN HEARTS ACE,0.358,0.0018,0.6402
DIAMONDS TWO DIAMONDS TEN,0.596,0.0102,0.3938
SPADES SEVEN HEARTS KING,0.3482,0.0072,0.6446
DIAMONDS TWO DIAMONDS JACK,0.5946,0.0112,0.3942
SPADES SEVEN HEARTS QUEEN,0.2198,0.31,0.4702
DIAMONDS TWO SPADES NINE,0.6236,0.0122,0.3642
DIAMONDS TWO SPADES EIGHT,0.624,0.0108,0.3652
DIAMONDS TWO SPADES SEVEN,0.6368,0.0124,0.3508
DIAMONDS TWO SPADES SIX,0.702,0.0562,0.2418
DIAMONDS TWO SPADES FIVE,0.6412,0.0146,0.3442
DIAMONDS TWO SPADES FOUR,0.6368,0.0116,0.3516
DIAMONDS TWO SPADES THREE,0.6458,0.0156,0.3386
DIAMONDS TWO SPADES TWO,0.4432,0.031,0.5258
CLUBS NINE DIAMONDS TWO,0.6214,0.0138,0.3648
DIAMONDS TWO CLUBS EIGHT,0.6388,0.0136,0.3476
CLUBS SEVEN DIAMONDS TWO,0.6508,0.0116,0.3376
DIAMONDS TWO CLUBS SIX,0.7228,0.0528,0.2244
DIAMONDS TWO CLUBS FIVE,0.6436,0.018,0.3384
DIAMONDS TWO CLUBS FOUR,0.6404,0.0126,0.347
CLUBS FOUR SPADES FIVE,0.6172,0.013,0.3698
CLUBS FOUR SPADES FOUR,0.4124,0.0316,0.556
CLUBS FOUR SPADES THREE,0.6352,0.0124,0.3524
CLUBS FOUR SPADES TWO,0.6438,0.0148,0.3414
SPADES NINE CLUBS FOUR,0.64,0.0114,0.3486
SPADES EIGHT CLUBS FOUR,0.6246,0.0128,0.3626
SPADES SEVEN CLUBS FOUR,0.6156,0.012,0.3724
CLUBS FOUR SPADES SIX,0.6838,0.0536,0.2626
SPADES ACE DIAMONDS SIX,0.2336,0.0274,0.739
SPADES QUEEN DIAMONDS SIX,0.0206,0.9572,0.0222
SPADES KING DIAMONDS SIX,0.2358,0.0396,0.7246
SPADES TEN DIAMONDS SIX,0.7064,0.0444,0.2492
SPADES JACK DIAMONDS SIX,0.7114,0.0474,0.2412
SPADES QUEEN SPADES TWO,0.3708,0.3486,0.2806
SPADES KING SPADES TWO,0.3662,0.0058,0.628
SPADES ACE SPADES TWO,0.3722,0.0038,0.624
DIAMONDS JACK CLUBS JACK,0.283,0.0096,0.7074
CLUBS TEN DIAMONDS JACK,0.5478,0.0074,0.4448
DIAMONDS JACK CLUBS KING,0.3362,0.0086,0.6552
DIAMONDS THREE DIAMONDS JACK,0.579,0.0108,0.4102
DIAMONDS THREE DIAMONDS TEN,0.5768,0.0108,0.4124
DIAMONDS JACK CLUBS ACE,0.341,0.0052,0.6538
DIAMONDS THREE DIAMONDS KING,0.3754,0.0064,0.6182
HEARTS THREE DIAMONDS THREE,0.444,0.0292,0.5268
DIAMONDS THREE DIAMONDS QUEEN,0.3674,0.3592,0.2734
DIAMONDS THREE HEARTS TWO,0.6438,0.0126,0.3436
HEARTS FIVE DIAMONDS THREE,0.6358,0.0106,0.3536
DIAMONDS THREE DIAMONDS ACE,0.3708,0.0056,0.6236
HEARTS FOUR DIAMONDS THREE,0.623,0.0162,0.3608
HEARTS SEVEN DIAMONDS THREE,0.6212,0.0128,0.366
SPADES TEN SPADES NINE,0.514,0.01,0.476
SPADES JACK SPADES NINE,0.5256,0.0054,0.469
DIAMONDS THREE HEARTS NINE,0.6442,0.0122,0.3436
HEARTS JACK DIAMONDS FOUR,0.613,0.0136,0.3734
HEARTS ACE HEARTS KING,0.3054,0.007,0.6876
SPADES TEN SPADES TWO,0.5964,0.0128,0.3908
DIAMONDS THREE HEARTS EIGHT,0.6268,0.0116,0.3616
HEARTS TEN DIAMONDS FOUR,0.6336,0.0106,0.3558
SPADES JACK SPADES TWO,0.5866,0.0124,0.401
HEARTS QUEEN DIAMONDS FOUR,0.3904,0.3802,0.2294
HEARTS KING DIAMONDS FOUR,0.394,0.0074,0.5986
SPADES ACE SPADES NINE,0.3378,0.004,0.6582
HEARTS ACE DIAMONDS FOUR,0.391,0.0044,0.6046
SPADES KING SPADES NINE,0.3294,0.0064,0.6642
SPADES QUEEN SPADES NINE,0.2204,0.1622,0.6174
DIAMONDS THREE SPADES NINE,0.6388,0.0098,0.3514
DIAMONDS THREE SPADES EIGHT,0.6432,0.0116,0.3452
DIAMONDS THREE SPADES SEVEN,0.6206,0.0124,0.367
DIAMONDS THREE SPADES SIX,0.6962,0.05,0.2538
DIAMONDS THREE CLUBS SIX,0.7088,0.055,0.2362
CLUBS FIVE CLUBS SIX,0.6366,0.0486,0.3148
CLUBS ACE DIAMONDS FOUR,0.3804,0.0056,0.614
CLUBS SEVEN DIAMONDS THREE,0.6374,0.0118,0.3508
CLUBS SEVEN CLUBS FIVE,0.5924,0.0126,0.395
DIAMONDS THREE CLUBS FOUR,0.6356,0.0128,0.3516
DIAMONDS THREE CLUBS FIVE,0.6256,0.0142,0.3602
DIAMONDS FOUR CLUBS KING,0.3976,0.008,0.5944
DIAMONDS THREE CLUBS TWO,0.6414,0.0128,0.3458
CLUBS TEN DIAMONDS FOUR,0.6348,0.0124,0.3528
DIAMONDS THREE CLUBS THREE,0.443,0.0364,0.5206
DIAMONDS FOUR CLUBS JACK,0.63,0.0134,0.3566
DIAMONDS THREE SPADES FOUR,0.6204,0.0156,0.364
DIAMONDS THREE SPADES FIVE,0.6424,0.0128,0.3448
DIAMONDS THREE SPADES TWO,0.6422,0.0132,0.3446
DIAMONDS THREE SPADES THREE,0.43,0.0308,0.5392
CLUBS EIGHT DIAMONDS THREE,0.634,0.0116,0.3544
CLUBS NINE DIAMONDS THREE,0.6378,0.0124,0.3498
SPADES SEVEN CLUBS ACE,0.36,0.0042,0.6358
SPADES SEVEN CLUBS KING,0.3428,0.0086,0.6486
CLUBS FIVE SPADES SEVEN,0.598,0.0132,0.3888
CLUBS TEN SPADES SEVEN,0.5896,0.0076,0.4028
CLUBS FIVE SPADES SIX,0.666,0.0494,0.2846
SPADES SEVEN CLUBS JACK,0.5986,0.01,0.3914
CLUBS FIVE SPADES NINE,0.6274,0.0126,0.36
CLUBS FIVE SPADES EIGHT,0.6146,0.013,0.3724
CLUBS FIVE SPADES THREE,0.6306,0.013,0.3564
CLUBS FIVE SPADES TWO,0.6444,0.0158,0.3398
CLUBS FIVE SPADES FIVE,0.4314,0.0224,0.5462
CLUBS FIVE SPADES FOUR,0.6076,0.013,0.3794
CLUBS NINE CLUBS FIVE,0.5892,0.0112,0.3996
CLUBS EIGHT CLUBS FIVE,0.5772,0.0142,0.4086
DIAMONDS TEN DIAMONDS FOUR,0.5918,0.0122,0.396
CLUBS TEN DIAMONDS NINE,0.556,0.0098,0.4342
DIAMONDS JACK DIAMONDS FOUR,0.5798,0.0112,0.409
DIAMONDS NINE CLUBS JACK,0.5716,0.01,0.4184
SPADES NINE CLUBS JACK,0.5634,0.0108,0.4258
CLUBS TEN SPADES NINE,0.5668,0.0106,0.4226
DIAMONDS ACE DIAMONDS FOUR,0.3536,0.0036,0.6428
HEARTS FOUR DIAMONDS FOUR,0.4384,0.0268,0.5348
DIAMONDS JACK HEARTS TEN,0.5406,0.0064,0.453
SPADES NINE CLUBS KING,0.3636,0.0094,0.627
DIAMONDS TWO SPADES TEN,0.6326,0.0122,0.3552
DIAMONDS NINE CLUBS ACE,0.3566,0.0042,0.6392
HEARTS FIVE DIAMONDS FOUR,0.621,0.012,0.367
DIAMONDS JACK HEARTS JACK,0.2752,0.0104,0.7144
DIAMONDS TWO SPADES JACK,0.6274,0.0124,0.3602
DIAMONDS QUEEN DIAMONDS FOUR,0.3698,0.3632,0.267
HEARTS TWO DIAMONDS FOUR,0.6468,0.0132,0.34
DIAMONDS KING DIAMONDS FOUR,0.365,0.0068,0.6282
HEARTS THREE DIAMONDS FOUR,0.6268,0.0116,0.3616
SPADES NINE CLUBS ACE,0.3668,0.0034,0.6298
DIAMONDS NINE CLUBS KING,0.3472,0.007,0.6458
HEARTS ACE DIAMONDS JACK,0.3346,0.0048,0.6606
SPADES ACE DIAMONDS TWO,0.389,0.004,0.607
HEARTS QUEEN DIAMONDS JACK,0.236,0.0846,0.6794
SPADES QUEEN DIAMONDS TWO,0.3826,0.3888,0.2286
DIAMONDS JACK HEARTS KING,0.3254,0.0082,0.6664
SPADES KING DIAMONDS TWO,0.4198,0.0096,0.5706
SPADES JACK SPADES SEVEN,0.5488,0.0116,0.4396
SPADES TEN SPADES SEVEN,0.5512,0.0094,0.4394
CLUBS SEVEN CLUBS THREE,0.5978,0.012,0.3902
CLUBS SIX CLUBS THREE,0.6668,0.0516,0.2816
CLUBS FIVE CLUBS THREE,0.6072,0.0124,0.3804
CLUBS THREE CLUBS FOUR,0.5946,0.0116,0.3938
CLUBS NINE CLUBS THREE,0.5956,0.0126,0.3918
CLUBS EIGHT CLUBS THREE,0.6048,0.0082,0.387
CLUBS THREE SPADES FIVE,0.6184,0.0134,0.3682
CLUBS THREE SPADES FOUR,0.6168,0.0128,0.3704
CLUBS THREE SPADES THREE,0.428,0.03,0.542
CLUBS THREE SPADES TWO,0.6516,0.0132,0.3352
CLUBS THREE SPADES SIX,0.7018,0.0528,0.2454
CLUBS THREE SPADES SEVEN,0.6168,0.0138,0.3694
SPADES EIGHT CLUBS THREE,0.6396,0.0102,0.3502
SPADES NINE CLUBS THREE,0.634,0.0128,0.3532
SPADES TWO DIAMONDS FOUR,0.6488,0.0132,0.338
SPADES THREE DIAMONDS FOUR,0.6214,0.0152,0.3634
SPADES FOUR DIAMONDS FOUR,0.4154,0.0298,0.5548
SPADES FIVE DIAMONDS FOUR,0.6104,0.013,0.3766
SPADES SIX DIAMONDS FOUR,0.6712,0.0548,0.274
SPADES SEVEN DIAMONDS FOUR,0.6152,0.0138,0.371
SPADES EIGHT DIAMONDS FOUR,0.618,0.0114,0.3706
SPADES NINE DIAMONDS FOUR,0.6258,0.0132,0.361
CLUBS FIVE DIAMONDS FOUR,0.6244,0.0136,0.362
CLUBS FOUR DIAMONDS FOUR,0.4224,0.0268,0.5508
CLUBS SEVEN DIAMONDS FOUR,0.6294,0.0152,0.3554
CLUBS SIX DIAMONDS FOUR,0.6914,0.0468,0.2618
CLUBS NINE DIAMONDS FOUR,0.6362,0.0108,0.353
CLUBS EIGHT DIAMONDS FOUR,0.6228,0.0124,0.3648
HEARTS SEVEN DIAMONDS FOUR,0.6136,0.0124,0.374
DIAMONDS FOUR HEARTS NINE,0.6298,0.0118,0.3584
DIAMONDS FOUR HEARTS EIGHT,0.6172,0.0124,0.3704
CLUBS THREE DIAMONDS FOUR,0.6324,0.012,0.3556
CLUBS TWO DIAMONDS FOUR,0.645,0.0126,0.3424
DIAMONDS TEN DIAMONDS FIVE,0.5804,0.011,0.4086
DIAMONDS JACK DIAMONDS FIVE,0.5994,0.0094,0.3912
DIAMONDS NINE HEARTS QUEEN,0.2208,0.1664,0.6128
DIAMONDS NINE HEARTS KING,0.3558,0.003,0.6412
HEARTS ACE DIAMONDS NINE,0.3588,0.003,0.6382
DIAMONDS NINE HEARTS TEN,0.546,0.0108,0.4432
DIAMONDS NINE HEARTS JACK,0.544,0.0098,0.4462
CLUBS KING DIAMONDS SIX,0.2254,0.046,0.7286
CLUBS ACE DIAMONDS SIX,0.2246,0.031,0.7444
SPADES KING DIAMONDS FOUR,0.4096,0.006,0.5844
SPADES ACE SPADES SEVEN,0.335,0.0042,0.6608
SPADES QUEEN DIAMONDS FOUR,0.3838,0.3866,0.2296
SPADES QUEEN SPADES SEVEN,0.2082,0.2834,0.5084
CLUBS JACK DIAMONDS SIX,0.7286,0.0482,0.2232
SPADES KING SPADES SEVEN,0.3482,0.0066,0.6452
SPADES ACE DIAMONDS FOUR,0.3814,0.0042,0.6144
CLUBS TEN DIAMONDS SIX,0.7106,0.0472,0.2422
CLUBS NINE CLUBS FOUR,0.6,0.0086,0.3914
CLUBS EIGHT CLUBS FOUR,0.5888,0.0114,0.3998
SPADES JACK DIAMONDS FOUR,0.6172,0.0114,0.3714
SPADES TEN DIAMONDS FOUR,0.6384,0.012,0.3496
CLUBS FIVE CLUBS FOUR,0.5868,0.0146,0.3986
CLUBS SEVEN CLUBS FOUR,0.5884,0.0138,0.3978
CLUBS SIX CLUBS FOUR,0.6568,0.0528,0.2904
CLUBS SEVEN SPADES EIGHT,0.5508,0.0132,0.436
CLUBS SEVEN SPADES NINE,0.5824,0.0108,0.4068
CLUBS SEVEN SPADES SIX,0.6662,0.0442,0.2896
CLUBS SEVEN SPADES SEVEN,0.3168,0.0262,0.657
CLUBS SEVEN SPADES FIVE,0.6112,0.0162,0.3726
CLUBS SEVEN SPADES FOUR,0.6154,0.0162,0.3684
CLUBS SEVEN SPADES THREE,0.6352,0.014,0.3508
CLUBS SEVEN SPADES TWO,0.6366,0.0166,0.3468
CLUBS NINE CLUBS SEVEN,0.544,0.0114,0.4446
CLUBS SEVEN CLUBS EIGHT,0.5414,0.0136,0.445
HEARTS SEVEN DIAMONDS FIVE,0.5882,0.0112,0.4006
DIAMONDS FIVE HEARTS EIGHT,0.596,0.0088,0.3952
DIAMONDS FIVE HEARTS NINE,0.61,0.012,0.378
DIAMONDS QUEEN DIAMONDS FIVE,0.3616,0.3644,0.274
HEARTS TWO DIAMONDS FIVE,0.6302,0.013,0.3568
HEARTS KING HEARTS EIGHT,0.3512,0.007,0.6418
DIAMONDS KING DIAMONDS FIVE,0.3718,0.0046,0.6236
HEARTS THREE DIAMONDS FIVE,0.6202,0.0128,0.367
HEARTS QUEEN HEARTS EIGHT,0.236,0.2126,0.5514
DIAMONDS ACE DIAMONDS FIVE,0.367,0.0068,0.6262
HEARTS FOUR DIAMONDS FIVE,0.6112,0.0122,0.3766
HEARTS FIVE DIAMONDS FIVE,0.4142,0.026,0.5598
HEARTS ACE HEARTS EIGHT,0.3356,0.005,0.6594
CLUBS FOUR DIAMONDS FIVE,0.618,0.0156,0.3664
CLUBS FIVE DIAMONDS FIVE,0.4162,0.0292,0.5546
CLUBS SIX DIAMONDS FIVE,0.6618,0.0532,0.285
CLUBS SEVEN DIAMONDS FIVE,0.612,0.0112,0.3768
CLUBS TWO DIAMONDS FIVE,0.6396,0.0142,0.3462
CLUBS THREE DIAMONDS FIVE,0.6296,0.0132,0.3572
SPADES THREE DIAMONDS FIVE,0.6296,0.012,0.3584
SPADES TWO DIAMONDS FIVE,0.6438,0.0128,0.3434
SPADES JACK DIAMONDS EIGHT,0.5772,0.0116,0.4112
SPADES FIVE DIAMONDS FIVE,0.4096,0.0268,0.5636
CLUBS TEN HEARTS JACK,0.5366,0.011,0.4524
SPADES TEN DIAMONDS EIGHT,0.5598,0.0088,0.4314
SPADES FOUR DIAMONDS FIVE,0.5942,0.0126,0.3932
HEARTS JACK CLUBS JACK,0.2768,0.0104,0.7128
CLUBS NINE DIAMONDS FIVE,0.6344,0.0114,0.3542
HEARTS JACK CLUBS KING,0.3332,0.0072,0.6596
CLUBS EIGHT DIAMONDS FIVE,0.6124,0.0146,0.373
CLUBS ACE HEARTS JACK,0.337,0.0046,0.6584
SPADES SEVEN DIAMONDS FIVE,0.5914,0.01,0.3986
SPADES KING DIAMONDS EIGHT,0.3634,0.0058,0.6308
SPADES QUEEN DIAMONDS EIGHT,0.2336,0.223,0.5434
SPADES SIX DIAMONDS FIVE,0.6616,0.0486,0.2898
SPADES NINE DIAMONDS FIVE,0.607,0.0098,0.3832
SPADES EIGHT DIAMONDS FIVE,0.6164,0.0096,0.374
SPADES ACE DIAMONDS EIGHT,0.3576,0.0046,0.6378
DIAMONDS TEN DIAMONDS SIX,0.6612,0.0466,0.2922
HEARTS ACE DIAMONDS SEVEN,0.345,0.0064,0.6486
DIAMONDS JACK DIAMONDS SIX,0.675,0.0498,0.2752
HEARTS QUEEN DIAMONDS SEVEN,0.2274,0.283,0.4896
HEARTS KING DIAMONDS SEVEN,0.3588,0.006,0.6352
DIAMONDS ACE DIAMONDS SIX,0.2208,0.031,0.7482
HEARTS FOUR DIAMONDS SIX,0.678,0.0502,0.2718
SPADES TWO HEARTS JACK,0.6308,0.012,0.3572
HEARTS FIVE DIAMONDS SIX,0.6654,0.0478,0.2868
SPADES TWO HEARTS TEN,0.6324,0.013,0.3546
DIAMONDS QUEEN DIAMONDS SIX,0.0212,0.9098,0.069
HEARTS TWO DIAMONDS SIX,0.7158,0.0506,0.2336
DIAMONDS KING DIAMONDS SIX,0.2206,0.0406,0.7388
HEARTS THREE DIAMONDS SIX,0.7086,0.0498,0.2416
HEARTS EIGHT DIAMONDS SIX,0.6742,0.048,0.2778
HEARTS NINE DIAMONDS SIX,0.6936,0.0394,0.267
HEARTS SEVEN DIAMONDS SIX,0.6688,0.0442,0.287
HEARTS TEN DIAMONDS SEVEN,0.5652,0.0124,0.4224
CLUBS TWO DIAMONDS SIX,0.7174,0.0572,0.2254
HEARTS JACK DIAMONDS SEVEN,0.5814,0.0114,0.4072
CLUBS THREE DIAMONDS SIX,0.7032,0.047,0.2498
CLUBS SEVEN DIAMONDS SIX,0.6546,0.0488,0.2966
DIAMONDS EIGHT CLUBS JACK,0.5876,0.0126,0.3998
CLUBS SIX DIAMONDS SIX,0.3106,0.0376,0.6518
CLUBS TEN DIAMONDS EIGHT,0.5744,0.0104,0.4152
CLUBS FIVE DIAMONDS SIX,0.6622,0.049,0.2888
CLUBS FOUR DIAMONDS SIX,0.6946,0.045,0.2604
HEARTS ACE HEARTS JACK,0.3332,0.0054,0.6614
DIAMONDS EIGHT CLUBS ACE,0.3512,0.0032,0.6456
HEARTS QUEEN HEARTS JACK,0.2338,0.0884,0.6778
DIAMONDS EIGHT CLUBS KING,0.3706,0.0056,0.6238
CLUBS NINE DIAMONDS SIX,0.6848,0.0512,0.264
HEARTS KING HEARTS JACK,0.3294,0.007,0.6636
CLUBS EIGHT DIAMONDS SIX,0.685,0.046,0.269
SPADES TEN HEARTS KING,0.3366,0.0084,0.655
SPADES FIVE DIAMONDS SIX,0.6612,0.0502,0.2886
HEARTS ACE SPADES TWO,0.3814,0.005,0.6136
SPADES JACK HEARTS KING,0.343,0.0064,0.6506
SPADES FOUR DIAMONDS SIX,0.677,0.0532,0.2698
SPADES THREE DIAMONDS SIX,0.6946,0.052,0.2534
HEARTS QUEEN SPADES TWO,0.3882,0.3854,0.2264
SPADES ACE SPADES KING,0.3014,0.0034,0.6952
HEARTS KING SPADES TWO,0.3942,0.0076,0.5982
SPADES TWO DIAMONDS SIX,0.7036,0.051,0.2454
HEARTS TEN HEARTS EIGHT,0.5352,0.0116,0.4532
SPADES NINE DIAMONDS SIX,0.6756,0.0458,0.2786
HEARTS JACK HEARTS EIGHT,0.5432,0.0106,0.4462
SPADES EIGHT DIAMONDS SIX,0.6738,0.0438,0.2824
SPADES SEVEN DIAMONDS SIX,0.668,0.0434,0.2886
SPADES SIX DIAMONDS SIX,0.298,0.0412,0.6608
SPADES KING HEARTS KING,0.1282,0.0052,0.8666
SPADES QUEEN HEARTS KING,0.226,0.0252,0.7488
CLUBS ACE CLUBS KING,0.3024,0.0044,0.6932
SPADES ACE HEARTS KING,0.3198,0.0052,0.675
SPADES ACE HEARTS JACK,0.3538,0.0028,0.6434
SPADES QUEEN HEARTS JACK,0.2232,0.0948,0.682
SPADES KING HEARTS JACK,0.3436,0.0052,0.6512
SPADES TEN DIAMONDS TEN,0.2994,0.0114,0.6892
SPADES JACK DIAMONDS TEN,0.5448,0.0096,0.4456
SPADES ACE DIAMONDS TEN,0.347,0.0044,0.6486
SPADES JACK HEARTS JACK,0.2848,0.01,0.7052
SPADES TEN HEARTS JACK,0.5256,0.011,0.4634
SPADES QUEEN DIAMONDS TEN,0.2398,0.1102,0.65
SPADES KING DIAMONDS TEN,0.339,0.0062,0.6548
SPADES NINE DIAMONDS SEVEN,0.5694,0.012,0.4186
SPADES EIGHT DIAMONDS SEVEN,0.5596,0.012,0.4284
SPADES SEVEN DIAMONDS SEVEN,0.3182,0.0208,0.661
SPADES SIX DIAMONDS SEVEN,0.6728,0.042,0.2852
DIAMONDS KING DIAMONDS SEVEN,0.3412,0.0054,0.6534
HEARTS THREE DIAMONDS SEVEN,0.63,0.0114,0.3586
HEARTS KING DIAMONDS FIVE,0.383,0.01,0.607
DIAMONDS QUEEN DIAMONDS SEVEN,0.2104,0.29,0.4996
HEARTS TWO DIAMONDS SEVEN,0.646,0.0106,0.3434
HEARTS QUEEN DIAMONDS FIVE,0.3678,0.4012,0.231
HEARTS FIVE DIAMONDS SEVEN,0.5972,0.0142,0.3886
DIAMONDS ACE DIAMONDS SEVEN,0.3396,0.0036,0.6568
HEARTS FOUR DIAMONDS SEVEN,0.6312,0.0128,0.356
HEARTS ACE DIAMONDS FIVE,0.3892,0.004,0.6068
HEARTS SEVEN DIAMONDS SEVEN,0.32,0.0224,0.6576
DIAMONDS SEVEN HEARTS NINE,0.568,0.0112,0.4208
HEARTS EIGHT DIAMONDS SEVEN,0.5628,0.0128,0.4244
DIAMONDS JACK DIAMONDS SEVEN,0.5486,0.0104,0.441
DIAMONDS FIVE HEARTS JACK,0.6228,0.0118,0.3654
DIAMONDS TEN DIAMONDS SEVEN,0.5448,0.0086,0.4466
HEARTS TEN DIAMONDS FIVE,0.622,0.0126,0.3654
SPADES KING CLUBS TWO,0.4042,0.0078,0.588
HEARTS KING CLUBS KING,0.1274,0.003,0.8696
CLUBS EIGHT DIAMONDS SEVEN,0.5736,0.0122,0.4142
SPADES QUEEN CLUBS TWO,0.393,0.3872,0.2198
CLUBS NINE DIAMONDS SEVEN,0.574,0.0092,0.4168
SPADES TWO CLUBS JACK,0.6312,0.01,0.3588
SPADES ACE CLUBS TWO,0.3966,0.0046,0.5988
CLUBS TEN SPADES TWO,0.6372,0.011,0.3518
HEARTS KING CLUBS ACE,0.3042,0.0044,0.6914
CLUBS SEVEN CLUBS SIX,0.634,0.0444,0.3216
SPADES TWO CLUBS KING,0.3826,0.0078,0.6096
SPADES TWO DIAMONDS SEVEN,0.6426,0.0126,0.3448
CLUBS EIGHT CLUBS SIX,0.6544,0.0418,0.3038
SPADES THREE DIAMONDS SEVEN,0.631,0.0126,0.3564
CLUBS NINE CLUBS SIX,0.6566,0.0418,0.3016
SPADES FOUR DIAMONDS SEVEN,0.6266,0.0122,0.3612
HEARTS KING CLUBS JACK,0.3396,0.0074,0.653
SPADES FIVE DIAMONDS SEVEN,0.6082,0.0128,0.379
SPADES TWO CLUBS ACE,0.4002,0.0058,0.594
CLUBS TEN HEARTS KING,0.3534,0.007,0.6396
CLUBS SIX SPADES TWO,0.7074,0.0542,0.2384
CLUBS SIX SPADES THREE,0.703,0.0516,0.2454
CLUBS TWO DIAMONDS SEVEN,0.6502,0.014,0.3358
CLUBS SIX SPADES FOUR,0.676,0.049,0.275
CLUBS THREE DIAMONDS SEVEN,0.6342,0.0098,0.356
CLUBS SIX SPADES FIVE,0.6586,0.0518,0.2896
CLUBS FOUR DIAMONDS SEVEN,0.6096,0.0108,0.3796
CLUBS SIX SPADES SIX,0.3082,0.0348,0.657
CLUBS FIVE DIAMONDS SEVEN,0.59,0.0114,0.3986
CLUBS SIX SPADES SEVEN,0.6758,0.0432,0.281
CLUBS SIX DIAMONDS SEVEN,0.668,0.0448,0.2872
CLUBS SIX SPADES EIGHT,0.6704,0.0492,0.2804
SPADES JACK CLUBS TWO,0.6252,0.0102,0.3646
CLUBS SEVEN DIAMONDS SEVEN,0.3178,0.0236,0.6586
SPADES NINE CLUBS SIX,0.6954,0.0506,0.254
SPADES TEN CLUBS TWO,0.6358,0.0134,0.3508
CLUBS TWO CLUBS KING,0.3912,0.0086,0.6002
CLUBS THREE DIAMONDS EIGHT,0.6418,0.0128,0.3454
CLUBS TWO CLUBS ACE,0.3668,0.0052,0.628
CLUBS TWO DIAMONDS EIGHT,0.6318,0.012,0.3562
HEARTS SEVEN DIAMONDS EIGHT,0.5716,0.0118,0.4166
DIAMONDS EIGHT HEARTS NINE,0.5554,0.01,0.4346
CLUBS TEN CLUBS TWO,0.6034,0.0118,0.3848
DIAMONDS EIGHT HEARTS EIGHT,0.3024,0.0234,0.6742
CLUBS TWO CLUBS JACK,0.6,0.0154,0.3846
CLUBS NINE DIAMONDS EIGHT,0.5534,0.0098,0.4368
CLUBS EIGHT DIAMONDS EIGHT,0.307,0.0202,0.6728
CLUBS FIVE DIAMONDS EIGHT,0.613,0.0118,0.3752
SPADES ACE SPADES THREE,0.3598,0.0048,0.6354
CLUBS FOUR DIAMONDS EIGHT,0.6208,0.0114,0.3678
CLUBS SEVEN DIAMONDS EIGHT,0.5648,0.0132,0.422
SPADES QUEEN SPADES THREE,0.3682,0.3494,0.2824
CLUBS SIX DIAMONDS EIGHT,0.6772,0.0452,0.2776
SPADES KING SPADES THREE,0.3762,0.0076,0.6162
DIAMONDS QUEEN DIAMONDS EIGHT,0.2172,0.2104,0.5724
HEARTS TWO DIAMONDS EIGHT,0.6404,0.0124,0.3472
DIAMONDS KING DIAMONDS EIGHT,0.3332,0.0076,0.6592
HEARTS THREE DIAMONDS EIGHT,0.6344,0.0138,0.3518
DIAMONDS ACE DIAMONDS EIGHT,0.3248,0.0036,0.6716
HEARTS FOUR DIAMONDS EIGHT,0.6232,0.0114,0.3654
HEARTS FIVE DIAMONDS EIGHT,0.6184,0.0122,0.3694
DIAMONDS EIGHT DIAMONDS TEN,0.5216,0.0112,0.4672
DIAMONDS EIGHT DIAMONDS JACK,0.5366,0.011,0.4524
SPADES JACK SPADES THREE,0.5896,0.0104,0.4
SPADES TEN SPADES THREE,0.589,0.011,0.4
CLUBS FOUR HEARTS ACE,0.3894,0.0048,0.6058
CLUBS FOUR HEARTS QUEEN,0.4012,0.3884,0.2104
CLUBS FOUR HEARTS KING,0.3802,0.0104,0.6094
CLUBS SIX HEARTS TEN,0.6976,0.0506,0.2518
CLUBS SIX HEARTS JACK,0.7198,0.0526,0.2276
DIAMONDS EIGHT SPADES FOUR,0.6256,0.0114,0.363
SPADES FIVE DIAMONDS EIGHT,0.609,0.013,0.378
DIAMONDS EIGHT SPADES TWO,0.6156,0.0116,0.3728
DIAMONDS EIGHT SPADES THREE,0.6302,0.012,0.3578
CLUBS FOUR HEARTS JACK,0.6298,0.0122,0.358
SPADES EIGHT DIAMONDS EIGHT,0.3,0.0186,0.6814
SPADES TEN DIAMONDS QUEEN,0.241,0.116,0.643
SPADES TEN HEARTS TWO,0.6244,0.0138,0.3618
SPADES JACK HEARTS EIGHT,0.5708,0.01,0.4192
CLUBS FOUR HEARTS TEN,0.6346,0.0106,0.3548
SPADES NINE DIAMONDS EIGHT,0.561,0.0112,0.4278
SPADES TEN HEARTS EIGHT,0.5776,0.0106,0.4118
SPADES JACK HEARTS TWO,0.6164,0.0106,0.373
SPADES JACK DIAMONDS QUEEN,0.2376,0.0978,0.6646
SPADES SIX DIAMONDS EIGHT,0.6708,0.0428,0.2864
SPADES SEVEN DIAMONDS EIGHT,0.5664,0.0116,0.422
SPADES ACE HEARTS TWO,0.3884,0.0046,0.607
SPADES ACE DIAMONDS QUEEN,0.2392,0.015,0.7458
SPADES ACE HEARTS EIGHT,0.3524,0.0032,0.6444
SPADES KING HEARTS EIGHT,0.3558,0.0082,0.636
SPADES QUEEN HEARTS TWO,0.4116,0.3736,0.2148
SPADES QUEEN DIAMONDS QUEEN,0.0914,0.024,0.8846
SPADES KING DIAMONDS QUEEN,0.234,0.0244,0.7416
SPADES KING HEARTS TWO,0.3986,0.0064,0.595
SPADES QUEEN HEARTS EIGHT,0.2258,0.228,0.5462
CLUBS TWO HEARTS TEN,0.625,0.0114,0.3636
CLUBS TWO HEARTS JACK,0.6268,0.0128,0.3604
SPADES SEVEN DIAMONDS NINE,0.575,0.0096,0.4154
SPADES SIX DIAMONDS NINE,0.6836,0.0408,0.2756
SPADES NINE DIAMONDS NINE,0.311,0.0156,0.6734
SPADES EIGHT DIAMONDS NINE,0.562,0.0122,0.4258
SPADES TEN CLUBS KING,0.3442,0.0076,0.6482
DIAMONDS NINE SPADES THREE,0.6266,0.011,0.3624
SPADES JACK CLUBS KING,0.3528,0.0062,0.641
DIAMONDS NINE SPADES TWO,0.6352,0.0092,0.3556
DIAMONDS NINE SPADES FIVE,0.6302,0.0098,0.36
DIAMONDS NINE SPADES FOUR,0.6256,0.0116,0.3628
CLUBS NINE DIAMONDS NINE,0.3034,0.0156,0.681
CLUBS EIGHT DIAMONDS NINE,0.5648,0.009,0.4262
CLUBS SIX DIAMONDS NINE,0.692,0.0508,0.2572
SPADES JACK CLUBS FOUR,0.6242,0.012,0.3638
CLUBS SEVEN DIAMONDS NINE,0.5724,0.0108,0.4168
SPADES TEN CLUBS FOUR,0.6344,0.0142,0.3514
CLUBS FOUR DIAMONDS NINE,0.6296,0.0114,0.359
CLUBS FIVE DIAMONDS NINE,0.625,0.0114,0.3636
DIAMONDS NINE CLUBS TWO,0.6232,0.0126,0.3642
CLUBS THREE DIAMONDS NINE,0.6376,0.0106,0.3518
DIAMONDS NINE HEARTS EIGHT,0.5644,0.0118,0.4238
DIAMONDS NINE HEARTS NINE,0.297,0.0158,0.6872
HEARTS SEVEN DIAMONDS NINE,0.568,0.0106,0.4214
CLUBS NINE CLUBS EIGHT,0.5332,0.014,0.4528
DIAMONDS ACE DIAMONDS NINE,0.3424,0.0046,0.653
HEARTS FOUR DIAMONDS NINE,0.6292,0.0144,0.3564
HEARTS FIVE DIAMONDS NINE,0.6252,0.0108,0.364
HEARTS ACE CLUBS TWO,0.3858,0.0058,0.6084
SPADES ACE CLUBS FOUR,0.3876,0.0034,0.609
DIAMONDS QUEEN DIAMONDS NINE,0.2216,0.1608,0.6176
HEARTS TWO DIAMONDS NINE,0.6304,0.013,0.3566
CLUBS TWO HEARTS KING,0.396,0.0116,0.5924
SPADES KING CLUBS FOUR,0.3942,0.0078,0.598
DIAMONDS KING DIAMONDS NINE,0.331,0.0064,0.6626
HEARTS THREE DIAMONDS NINE,0.6344,0.0114,0.3542
CLUBS TWO HEARTS QUEEN,0.3884,0.39,0.2216
SPADES QUEEN CLUBS FOUR,0.4034,0.3784,0.2182
DIAMONDS NINE DIAMONDS JACK,0.5192,0.0096,0.4712
CLUBS EIGHT SPADES NINE,0.5434,0.0104,0.4462
DIAMONDS NINE DIAMONDS TEN,0.5192,0.008,0.4728
CLUBS EIGHT SPADES EIGHT,0.3098,0.0202,0.67
CLUBS EIGHT SPADES SEVEN,0.5748,0.0132,0.412
CLUBS EIGHT SPADES SIX,0.6686,0.0478,0.2836
CLUBS EIGHT SPADES FIVE,0.621,0.0114,0.3676
CLUBS EIGHT SPADES FOUR,0.6096,0.0112,0.3792
CLUBS EIGHT SPADES THREE,0.632,0.0114,0.3566
CLUBS EIGHT SPADES TWO,0.634,0.0112,0.3548
HEARTS SEVEN DIAMONDS TEN,0.582,0.01,0.408
DIAMONDS TEN HEARTS EIGHT,0.5566,0.0104,0.433
CLUBS FOUR CLUBS JACK,0.6096,0.0116,0.3788
DIAMONDS TEN HEARTS NINE,0.5452,0.0094,0.4454
CLUBS TEN CLUBS FOUR,0.6076,0.0118,0.3806
CLUBS FOUR CLUBS KING,0.3634,0.0074,0.6292
CLUBS TWO DIAMONDS TEN,0.6376,0.0116,0.3508
CLUBS THREE DIAMONDS TEN,0.6292,0.013,0.3578
CLUBS FOUR CLUBS ACE,0.3708,0.0038,0.6254
DIAMONDS JACK DIAMONDS TEN,0.4976,0.0088,0.4936
DIAMONDS QUEEN DIAMONDS TEN,0.211,0.1196,0.6694
HEARTS TWO DIAMONDS TEN,0.6424,0.0102,0.3474
DIAMONDS KING DIAMONDS TEN,0.3102,0.0048,0.685
HEARTS THREE DIAMONDS TEN,0.6394,0.0122,0.3484
DIAMONDS ACE DIAMONDS TEN,0.3218,0.0054,0.6728
HEARTS FOUR DIAMONDS TEN,0.6294,0.0108,0.3598
CLUBS EIGHT HEARTS JACK,0.5698,0.0094,0.4208
HEARTS FIVE DIAMONDS TEN,0.6306,0.0104,0.359
CLUBS EIGHT HEARTS TEN,0.5686,0.0112,0.4202
CLUBS EIGHT HEARTS QUEEN,0.2374,0.2308,0.5318
CLUBS EIGHT HEARTS KING,0.353,0.009,0.638
CLUBS EIGHT HEARTS ACE,0.359,0.0034,0.6376
CLUBS NINE SPADES THREE,0.6336,0.0118,0.3546
CLUBS NINE SPADES TWO,0.6408,0.0128,0.3464
CLUBS NINE SPADES FIVE,0.6178,0.0122,0.37
CLUBS NINE SPADES FOUR,0.6488,0.0104,0.3408
CLUBS NINE SPADES SEVEN,0.5688,0.0126,0.4186
CLUBS NINE SPADES SIX,0.7002,0.0486,0.2512
CLUBS NINE SPADES NINE,0.303,0.0158,0.6812
CLUBS TEN HEARTS EIGHT,0.5562,0.0094,0.4344
CLUBS NINE SPADES EIGHT,0.5576,0.013,0.4294
HEARTS EIGHT CLUBS JACK,0.5588,0.0138,0.4274
CLUBS KING HEARTS EIGHT,0.3534,0.0062,0.6404
CLUBS ACE HEARTS EIGHT,0.3508,0.0042,0.645
SPADES KING CLUBS KING,0.131,0.0038,0.8652
SPADES QUEEN CLUBS KING,0.2378,0.0264,0.7358
SPADES ACE CLUBS KING,0.3142,0.004,0.6818
DIAMONDS ACE HEARTS TEN,0.3418,0.0034,0.6548
HEARTS FOUR HEARTS TEN,0.6036,0.0114,0.385
DIAMONDS ACE HEARTS JACK,0.3278,0.0044,0.6678
HEARTS FOUR HEARTS JACK,0.5976,0.0094,0.393
SPADES KING CLUBS FIVE,0.3914,0.0088,0.5998
SPADES QUEEN CLUBS FIVE,0.3918,0.3786,0.2296
SPADES ACE CLUBS FIVE,0.3854,0.0048,0.6098
HEARTS SEVEN DIAMONDS JACK,0.5746,0.009,0.4164
DIAMONDS JACK HEARTS NINE,0.5506,0.0092,0.4402
DIAMONDS JACK HEARTS EIGHT,0.579,0.0094,0.4116
DIAMONDS KING DIAMONDS JACK,0.3094,0.0056,0.685
HEARTS THREE DIAMONDS JACK,0.6254,0.0124,0.3622
SPADES ACE SPADES SIX,0.2248,0.0262,0.749
HEARTS ACE SPADES FOUR,0.3824,0.0038,0.6138
DIAMONDS QUEEN DIAMONDS JACK,0.2234,0.0884,0.6882
HEARTS TWO DIAMONDS JACK,0.6392,0.0102,0.3506
HEARTS FIVE DIAMONDS JACK,0.6186,0.0116,0.3698
SPADES QUEEN SPADES SIX,0.0176,0.911,0.0714
SPADES FOUR HEARTS QUEEN,0.4012,0.3736,0.2252
DIAMONDS ACE DIAMONDS JACK,0.327,0.0026,0.6704
HEARTS FOUR DIAMONDS JACK,0.6388,0.009,0.3522
SPADES KING SPADES SIX,0.2178,0.0374,0.7448
SPADES FOUR HEARTS KING,0.401,0.0058,0.5932
SPADES TEN SPADES SIX,0.6536,0.0438,0.3026
SPADES JACK SPADES SIX,0.6746,0.0482,0.2772
SPADES FOUR DIAMONDS JACK,0.6246,0.0092,0.3662
SPADES FIVE DIAMONDS JACK,0.6362,0.012,0.3518
DIAMONDS JACK SPADES TWO,0.623,0.0108,0.3662
DIAMONDS JACK SPADES THREE,0.6278,0.0128,0.3594
SPADES ACE DIAMONDS THREE,0.3924,0.0038,0.6038
SPADES QUEEN DIAMONDS THREE,0.4004,0.3848,0.2148
CLUBS EIGHT DIAMONDS JACK,0.5774,0.0102,0.4124
SPADES KING DIAMONDS THREE,0.4036,0.0076,0.5888
CLUBS NINE DIAMONDS JACK,0.5588,0.009,0.4322
CLUBS SIX DIAMONDS JACK,0.719,0.0442,0.2368
CLUBS SEVEN DIAMONDS JACK,0.5922,0.0122,0.3956
CLUBS FOUR DIAMONDS JACK,0.6344,0.0126,0.353
CLUBS FIVE DIAMONDS JACK,0.6308,0.011,0.3582
CLUBS TWO DIAMONDS JACK,0.6412,0.0134,0.3454
CLUBS THREE DIAMONDS JACK,0.6348,0.0118,0.3534
SPADES TEN CLUBS FIVE,0.6328,0.011,0.3562
SPADES JACK CLUBS FIVE,0.6206,0.0112,0.3682
SPADES JACK DIAMONDS THREE,0.6202,0.0102,0.3696
CLUBS SEVEN CLUBS ACE,0.3408,0.0034,0.6558
DIAMONDS THREE SPADES TEN,0.6212,0.0098,0.369
CLUBS SEVEN CLUBS KING,0.3442,0.0062,0.6496
SPADES NINE DIAMONDS JACK,0.56,0.0086,0.4314
CLUBS TEN CLUBS SEVEN,0.5586,0.0124,0.429
DIAMONDS ACE HEARTS ACE,0.1276,0.005,0.8674
HEARTS FOUR HEARTS ACE,0.37,0.004,0.626
SPADES EIGHT DIAMONDS JACK,0.5752,0.0124,0.4124
CLUBS SEVEN CLUBS JACK,0.561,0.0102,0.4288
DIAMONDS ACE HEARTS KING,0.325,0.004,0.671
HEARTS FOUR HEARTS KING,0.373,0.0088,0.6182
SPADES SEVEN DIAMONDS JACK,0.591,0.0106,0.3984
DIAMONDS ACE HEARTS QUEEN,0.23,0.0172,0.7528
HEARTS FOUR HEARTS QUEEN,0.3798,0.3724,0.2478
SPADES SIX DIAMONDS JACK,0.7162,0.0462,0.2376
DIAMONDS TEN SPADES TWO,0.6204,0.0112,0.3684
SPADES THREE DIAMONDS TEN,0.632,0.008,0.36
SPADES FOUR DIAMONDS TEN,0.6116,0.0112,0.3772
SPADES FIVE DIAMONDS TEN,0.6322,0.0104,0.3574
SPADES SIX DIAMONDS TEN,0.7062,0.0458,0.248
SPADES SEVEN DIAMONDS TEN,0.5894,0.0084,0.4022
SPADES EIGHT DIAMONDS TEN,0.5684,0.0092,0.4224
SPADES NINE DIAMONDS TEN,0.562,0.0102,0.4278
CLUBS FOUR DIAMONDS TEN,0.6286,0.0116,0.3598
CLUBS FIVE DIAMONDS TEN,0.629,0.0098,0.3612
CLUBS SIX DIAMONDS TEN,0.7094,0.0472,0.2434
CLUBS SEVEN DIAMONDS TEN,0.5824,0.0126,0.405
CLUBS EIGHT DIAMONDS TEN,0.5718,0.0094,0.4188
CLUBS NINE DIAMONDS TEN,0.5446,0.01,0.4454
DIAMONDS THREE CLUBS JACK,0.6338,0.0136,0.3526
CLUBS TEN DIAMONDS THREE,0.623,0.012,0.365
DIAMONDS THREE CLUBS KING,0.3924,0.0068,0.6008
DIAMONDS THREE CLUBS ACE,0.3856,0.0058,0.6086
SPADES FOUR HEARTS JACK,0.621,0.0114,0.3676
SPADES FOUR HEARTS TEN,0.6214,0.0074,0.3712
SPADES FIVE SPADES TWO,0.607,0.0134,0.3796
SPADES FOUR SPADES TWO,0.592,0.012,0.396
SPADES THREE SPADES TWO,0.5998,0.011,0.3892
SPADES NINE SPADES TWO,0.5892,0.0114,0.3994
SPADES EIGHT SPADES TWO,0.5874,0.0116,0.401
SPADES SEVEN SPADES TWO,0.59,0.0096,0.4004
SPADES SIX SPADES TWO,0.6622,0.0488,0.289
DIAMONDS QUEEN CLUBS THREE,0.3974,0.3854,0.2172
CLUBS THREE HEARTS TWO,0.6436,0.0146,0.3418
DIAMONDS QUEEN CLUBS TWO,0.4012,0.3814,0.2174
HEARTS TWO CLUBS TWO,0.454,0.0288,0.5172
HEARTS SEVEN DIAMONDS QUEEN,0.2328,0.3144,0.4528
HEARTS SEVEN HEARTS TWO,0.6182,0.0136,0.3682
DIAMONDS QUEEN HEARTS NINE,0.2264,0.1662,0.6074
HEARTS TWO HEARTS NINE,0.6024,0.0118,0.3858
DIAMONDS QUEEN HEARTS EIGHT,0.2206,0.2272,0.5522
HEARTS TWO HEARTS EIGHT,0.592,0.0132,0.3948
CLUBS NINE HEARTS TWO,0.6336,0.0118,0.3546
CLUBS NINE DIAMONDS QUEEN,0.2352,0.1686,0.5962
CLUBS EIGHT HEARTS TWO,0.6432,0.0124,0.3444
CLUBS EIGHT DIAMONDS QUEEN,0.2286,0.2304,0.541
CLUBS FIVE DIAMONDS QUEEN,0.3988,0.3786,0.2226
CLUBS FIVE HEARTS TWO,0.634,0.0128,0.3532
SPADES EIGHT HEARTS ACE,0.3566,0.0042,0.6392
DIAMONDS QUEEN CLUBS FOUR,0.407,0.382,0.211
HEARTS TWO CLUBS FOUR,0.6466,0.0158,0.3376
CLUBS SEVEN DIAMONDS QUEEN,0.222,0.3218,0.4562
CLUBS SEVEN HEARTS TWO,0.6486,0.0142,0.3372
SPADES EIGHT HEARTS QUEEN,0.2142,0.2418,0.544
CLUBS SIX DIAMONDS QUEEN,0.0194,0.9658,0.0148
CLUBS SIX HEARTS TWO,0.7182,0.0538,0.228
SPADES EIGHT HEARTS KING,0.3588,0.0072,0.634
HEARTS TWO SPADES SIX,0.7068,0.0564,0.2368
DIAMONDS QUEEN SPADES SIX,0.0258,0.9518,0.0224
DIAMONDS QUEEN SPADES SEVEN,0.2188,0.3054,0.4758
HEARTS TWO SPADES SEVEN,0.648,0.0126,0.3394
HEARTS FOUR CLUBS KING,0.3844,0.0102,0.6054
DIAMONDS ACE CLUBS KING,0.3144,0.004,0.6816
DIAMONDS QUEEN SPADES EIGHT,0.23,0.2186,0.5514
SPADES EIGHT HEARTS TWO,0.626,0.012,0.362
HEARTS FOUR CLUBS ACE,0.38,0.0076,0.6124
DIAMONDS ACE CLUBS ACE,0.1204,0.0036,0.876
SPADES NINE DIAMONDS QUEEN,0.24,0.167,0.593
SPADES NINE HEARTS TWO,0.6204,0.0118,0.3678
HEARTS TWO SPADES TWO,0.4426,0.0274,0.53
DIAMONDS QUEEN SPADES TWO,0.3982,0.379,0.2228
HEARTS TWO SPADES THREE,0.6474,0.0122,0.3404
DIAMONDS QUEEN SPADES THREE,0.397,0.3848,0.2182
HEARTS TWO SPADES FOUR,0.6476,0.0158,0.3366
DIAMONDS QUEEN SPADES FOUR,0.4046,0.3692,0.2262
HEARTS FOUR CLUBS TEN,0.6232,0.0138,0.363
CLUBS TEN DIAMONDS ACE,0.348,0.0044,0.6476
HEARTS TWO SPADES FIVE,0.6452,0.013,0.3418
DIAMONDS QUEEN SPADES FIVE,0.39,0.3862,0.2238
HEARTS FOUR CLUBS JACK,0.6242,0.013,0.3628
DIAMONDS ACE CLUBS JACK,0.3498,0.0042,0.646
CLUBS FIVE CLUBS KING,0.3712,0.0066,0.6222
CLUBS FIVE CLUBS ACE,0.3552,0.0046,0.6402
CLUBS FIVE CLUBS JACK,0.6082,0.0106,0.3812
CLUBS TEN CLUBS FIVE,0.5928,0.0114,0.3958
SPADES KING CLUBS JACK,0.3446,0.0064,0.649
SPADES QUEEN CLUBS JACK,0.2426,0.0902,0.6672
SPADES ACE CLUBS JACK,0.3516,0.0056,0.6428
SPADES SIX CLUBS KING,0.2256,0.0446,0.7298
SPADES EIGHT HEARTS JACK,0.572,0.009,0.419
SPADES SIX CLUBS ACE,0.2326,0.0264,0.741
SPADES EIGHT HEARTS TEN,0.5542,0.0112,0.4346
SPADES SIX CLUBS JACK,0.7202,0.0452,0.2346
CLUBS TEN SPADES SIX,0.713,0.0464,0.2406
SPADES TEN CLUBS JACK,0.5408,0.0106,0.4486
SPADES JACK CLUBS JACK,0.2854,0.0068,0.7078
SPADES QUEEN CLUBS SEVEN,0.2152,0.3142,0.4706
SPADES KING CLUBS SEVEN,0.3768,0.0074,0.6158
SPADES ACE CLUBS SEVEN,0.3552,0.004,0.6408
SPADES SIX HEARTS TEN,0.7096,0.0396,0.2508
SPADES SIX HEARTS JACK,0.7058,0.051,0.2432
SPADES SIX HEARTS ACE,0.2208,0.0288,0.7504
SPADES SIX HEARTS KING,0.2266,0.0408,0.7326
SPADES SIX HEARTS QUEEN,0.0096,0.9692,0.0212
CLUBS SEVEN SPADES JACK,0.595,0.0122,0.3928
CLUBS SEVEN SPADES TEN,0.5794,0.0112,0.4094
CLUBS ACE CLUBS JACK,0.3318,0.0042,0.664
CLUBS KING CLUBS JACK,0.3272,0.0058,0.667
DIAMONDS THREE HEARTS ACE,0.3936,0.0028,0.6036
DIAMONDS THREE HEARTS QUEEN,0.3994,0.3822,0.2184
DIAMONDS THREE HEARTS KING,0.3972,0.009,0.5938
CLUBS FIVE HEARTS JACK,0.6356,0.01,0.3544
SPADES TEN DIAMONDS ACE,0.3556,0.0042,0.6402
HEARTS FOUR SPADES TEN,0.6324,0.0088,0.3588
CLUBS FIVE HEARTS TEN,0.6296,0.01,0.3604
HEARTS FOUR SPADES JACK,0.6374,0.0108,0.3518
SPADES JACK DIAMONDS ACE,0.3436,0.0046,0.6518
SPADES ACE HEARTS FOUR,0.3978,0.0038,0.5984
SPADES ACE DIAMONDS ACE,0.1294,0.0024,0.8682
CLUBS FIVE HEARTS ACE,0.3764,0.003,0.6206
CLUBS FIVE HEARTS KING,0.4044,0.0098,0.5858
HEARTS FOUR SPADES QUEEN,0.404,0.3668,0.2292
SPADES QUEEN DIAMONDS ACE,0.2304,0.015,0.7546
SPADES FOUR CLUBS JACK,0.6328,0.0104,0.3568
CLUBS FIVE HEARTS QUEEN,0.3862,0.3808,0.233
SPADES KING DIAMONDS ACE,0.3138,0.0042,0.682
HEARTS FOUR SPADES KING,0.3962,0.0072,0.5966
CLUBS TEN SPADES FOUR,0.6258,0.0118,0.3624
DIAMONDS QUEEN DIAMONDS ACE,0.2172,0.0144,0.7684
HEARTS TWO DIAMONDS ACE,0.4008,0.0052,0.594
HEARTS FOUR DIAMONDS QUEEN,0.3976,0.3796,0.2228
HEARTS FOUR HEARTS TWO,0.6186,0.0138,0.3676
DIAMONDS THREE HEARTS TEN,0.6174,0.0112,0.3714
SPADES FOUR CLUBS KING,0.3734,0.0076,0.619
HEARTS FIVE DIAMONDS QUEEN,0.3964,0.3774,0.2262
HEARTS FIVE HEARTS TWO,0.6202,0.0138,0.366
DIAMONDS THREE HEARTS JACK,0.623,0.012,0.365
DIAMONDS QUEEN HEARTS TWO,0.3972,0.3842,0.2186
DIAMONDS KING DIAMONDS QUEEN,0.2206,0.0254,0.754
DIAMONDS KING HEARTS TWO,0.4056,0.0074,0.587
HEARTS THREE DIAMONDS QUEEN,0.4066,0.383,0.2104
HEARTS THREE HEARTS TWO,0.6094,0.0132,0.3774
SPADES FOUR CLUBS ACE,0.3862,0.0034,0.6104
HEARTS TWO CLUBS ACE,0.3926,0.007,0.6004
DIAMONDS QUEEN CLUBS ACE,0.2236,0.0162,0.7602
HEARTS TWO CLUBS KING,0.3976,0.0064,0.596
DIAMONDS QUEEN CLUBS KING,0.2332,0.022,0.7448
SPADES EIGHT SPADES FIVE,0.5734,0.0088,0.4178
CLUBS TEN HEARTS TWO,0.6266,0.014,0.3594
CLUBS TEN DIAMONDS QUEEN,0.242,0.1164,0.6416
SPADES NINE SPADES FIVE,0.5732,0.0104,0.4164
HEARTS TWO CLUBS JACK,0.6268,0.014,0.3592
DIAMONDS QUEEN CLUBS JACK,0.2302,0.0864,0.6834
SPADES SIX SPADES FIVE,0.6162,0.047,0.3368
SPADES SEVEN SPADES FIVE,0.561,0.01,0.429
SPADES EIGHT CLUBS ACE,0.3578,0.003,0.6392
DIAMONDS FIVE CLUBS KING,0.3904,0.0072,0.6024
SPADES EIGHT CLUBS KING,0.356,0.008,0.636
DIAMONDS FIVE CLUBS ACE,0.3878,0.004,0.6082
SPADES EIGHT CLUBS JACK,0.5756,0.012,0.4124
CLUBS TEN SPADES EIGHT,0.5712,0.008,0.4208
CLUBS TEN DIAMONDS FIVE,0.6416,0.0136,0.3448
DIAMONDS FIVE CLUBS JACK,0.6368,0.0118,0.3514
DIAMONDS TEN HEARTS JACK,0.532,0.0106,0.4574
DIAMONDS TEN HEARTS TEN,0.285,0.015,0.7
SPADES ACE CLUBS NINE,0.3626,0.003,0.6344
CLUBS NINE SPADES QUEEN,0.2322,0.1698,0.598
CLUBS NINE SPADES KING,0.3572,0.007,0.6358
DIAMONDS KING SPADES SEVEN,0.3664,0.0056,0.628
HEARTS THREE SPADES SEVEN,0.6384,0.0112,0.3504
SPADES KING DIAMONDS SEVEN,0.3686,0.0046,0.6268
SPADES QUEEN DIAMONDS SEVEN,0.2362,0.3004,0.4634
HEARTS THREE SPADES SIX,0.6924,0.0564,0.2512
DIAMONDS KING SPADES SIX,0.2372,0.0438,0.719
