opposingHand,winningChance,drawChance,lostChance
HEARTS TWO DIAMONDS QUEEN
HEARTS EIGHT CLUBS QUEEN,0.2222,0.2294,0.5484
SPADES TWO HEARTS JACK,0.7194,0.0372,0.2434
HEARTS FIVE CLUBS FIVE,0.3152,0.0324,0.6524
SPADES SEVEN SPADES FIVE,0.5236,0.0164,0.46
SPADES TEN HEARTS KING,0.3144,0.0066,0.679
CLUBS FIVE SPADES FIVE,0.32,0.03,0.65
DIAMONDS ACE SPADES TWO,0.2368,0.017,0.7462
HEARTS FOUR CLUBS FIVE,0.5644,0.012,0.4236
HEARTS FIVE CLUBS THREE,0.5674,0.016,0.4166
SPADES JACK HEARTS FIVE,0.5928,0.0102,0.397
SPADES QUEEN HEARTS KING,0.2112,0.0272,0.7616
CLUBS JACK SPADES NINE,0.5558,0.0108,0.4334
CLUBS EIGHT HEARTS FIVE,0.5704,0.0116,0.418
HEARTS EIGHT DIAMONDS EIGHT,0.3042,0.0202,0.6756
SPADES FOUR SPADES THREE,0.535,0.0174,0.4476
DIAMONDS ACE CLUBS ACE,0.1062,0.005,0.8888
SPADES TEN HEARTS QUEEN,0.2284,0.1124,0.6592
DIAMONDS THREE DIAMONDS FIVE,0.5364,0.015,0.4486
SPADES FOUR DIAMONDS SEVEN,0.582,0.0148,0.4032
SPADES QUEEN CLUBS KING,0.2254,0.027,0.7476
SPADES NINE HEARTS THREE,0.591,0.0144,0.3946
DIAMONDS THREE SPADES FIVE,0.5638,0.016,0.4202
CLUBS JACK DIAMONDS THREE,0.599,0.0142,0.3868
DIAMONDS KING SPADES TWO,0.2188,0.0324,0.7488
DIAMONDS THREE CLUBS FOUR,0.5826,0.0146,0.4028
SPADES ACE CLUBS TWO,0.2334,0.0188,0.7478
DIAMONDS ACE CLUBS FOUR,0.3342,0.007,0.6588
CLUBS FOUR CLUBS ACE,0.3158,0.005,0.6792
HEARTS FOUR DIAMONDS SEVEN,0.5712,0.0152,0.4136
CLUBS TWO HEARTS ACE,0.223,0.015,0.762
SPADES JACK SPADES FOUR,0.5444,0.0144,0.4412
HEARTS SIX DIAMONDS KING,0.3552,0.0062,0.6386
DIAMONDS THREE CLUBS EIGHT,0.6,0.0098,0.3902
SPADES NINE CLUBS QUEEN,0.2316,0.167,0.6014
CLUBS JACK CLUBS THREE,0.5532,0.0122,0.4346
CLUBS NINE CLUBS SEVEN,0.5262,0.0144,0.4594
DIAMONDS SEVEN DIAMONDS SIX,0.5288,0.0118,0.4594
CLUBS THREE HEARTS TEN,0.5872,0.0112,0.4016
SPADES TEN SPADES EIGHT,0.5296,0.0116,0.4588
DIAMONDS JACK SPADES FIVE,0.5946,0.012,0.3934
SPADES NINE SPADES THREE,0.5492,0.0128,0.438
HEARTS FOUR HEARTS THREE,0.5404,0.017,0.4426
SPADES JACK DIAMONDS NINE,0.5526,0.0098,0.4376
HEARTS KING CLUBS KING,0.123,0.0034,0.8736
HEARTS SIX HEARTS JACK,0.5614,0.01,0.4286
DIAMONDS TWO DIAMONDS FIVE,0.6738,0.039,0.2872
SPADES SEVEN CLUBS ACE,0.3544,0.0038,0.6418
CLUBS EIGHT DIAMONDS FOUR,0.5776,0.011,0.4114
SPADES ACE CLUBS EIGHT,0.3604,0.004,0.6356
CLUBS SIX HEARTS ACE,0.3582,0.0038,0.638
HEARTS SEVEN CLUBS NINE,0.5352,0.0108,0.454
HEARTS SIX DIAMONDS EIGHT,0.5532,0.0132,0.4336
SPADES TEN SPADES FIVE,0.5408,0.0116,0.4476
SPADES TEN DIAMONDS SEVEN,0.5768,0.0132,0.41
SPADES EIGHT CLUBS TWO,0.714,0.0408,0.2452
SPADES FIVE DIAMONDS SIX,0.551,0.0116,0.4374
HEARTS FIVE DIAMONDS SIX,0.5728,0.014,0.4132
HEARTS EIGHT SPADES SIX,0.5538,0.012,0.4342
DIAMONDS JACK SPADES FOUR,0.5944,0.014,0.3916
SPADES TEN CLUBS ACE,0.3418,0.0056,0.6526
SPADES THREE DIAMONDS FIVE,0.548,0.02,0.432
DIAMONDS NINE CLUBS ACE,0.3516,0.005,0.6434
SPADES TWO HEARTS QUEEN,0.014,0.9698,0.0162
CLUBS SEVEN HEARTS FOUR,0.5638,0.0126,0.4236
DIAMONDS KING CLUBS THREE,0.3564,0.0086,0.635
CLUBS ACE HEARTS NINE,0.345,0.003,0.652
HEARTS THREE SPADES EIGHT,0.596,0.0128,0.3912
HEARTS KING SPADES TWO,0.2146,0.0266,0.7588
CLUBS TEN SPADES QUEEN,0.2192,0.118,0.6628
CLUBS THREE CLUBS KING,0.3346,0.009,0.6564
CLUBS SIX CLUBS QUEEN,0.2094,0.353,0.4376
DIAMONDS TWO DIAMONDS NINE,0.6902,0.042,0.2678
CLUBS JACK SPADES SIX,0.5928,0.0134,0.3938
DIAMONDS TWO CLUBS FIVE,0.7012,0.0398,0.259
HEARTS QUEEN CLUBS KING,0.2234,0.0268,0.7498
DIAMONDS THREE CLUBS THREE,0.3342,0.0394,0.6264
DIAMONDS TWO SPADES FIVE,0.6998,0.0352,0.265
SPADES JACK HEARTS QUEEN,0.2304,0.0964,0.6732
DIAMONDS THREE HEARTS TEN,0.5998,0.0134,0.3868
DIAMONDS THREE HEARTS NINE,0.59,0.0104,0.3996
SPADES SIX DIAMONDS SIX,0.3334,0.0294,0.6372
SPADES TWO HEARTS TEN,0.7258,0.04,0.2342
HEARTS EIGHT DIAMONDS NINE,0.5314,0.0136,0.455
SPADES JACK DIAMONDS TEN,0.5438,0.0112,0.445
DIAMONDS TWO HEARTS SIX,0.729,0.0308,0.2402
SPADES KING CLUBS EIGHT,0.358,0.008,0.634
SPADES KING DIAMONDS NINE,0.3516,0.0082,0.6402
HEARTS FOUR DIAMONDS ACE,0.338,0.006,0.656
HEARTS ACE DIAMONDS FOUR,0.3532,0.0054,0.6414
CLUBS NINE HEARTS TEN,0.5432,0.0126,0.4442
SPADES JACK DIAMONDS JACK,0.2876,0.0122,0.7002
CLUBS FOUR HEARTS JACK,0.598,0.0144,0.3876
DIAMONDS EIGHT HEARTS NINE,0.537,0.0108,0.4522
SPADES FIVE CLUBS QUEEN,0.2156,0.4506,0.3338
DIAMONDS TWO DIAMONDS KING,0.2292,0.0276,0.7432
SPADES ACE DIAMONDS JACK,0.3484,0.0042,0.6474
HEARTS SEVEN SPADES THREE,0.5788,0.0128,0.4084
CLUBS FIVE DIAMONDS FIVE,0.3276,0.0306,0.6418
HEARTS FOUR CLUBS FOUR,0.3244,0.0342,0.6414
SPADES KING SPADES SEVEN,0.3364,0.0074,0.6562
DIAMONDS KING SPADES THREE,0.3498,0.0106,0.6396
DIAMONDS THREE SPADES EIGHT,0.597,0.01,0.393
SPADES SEVEN CLUBS KING,0.3534,0.0062,0.6404
CLUBS SIX DIAMONDS NINE,0.5782,0.014,0.4078
DIAMONDS TWO SPADES TEN,0.7134,0.0408,0.2458
CLUBS TEN HEARTS NINE,0.5416,0.0094,0.449
SPADES ACE SPADES KING,0.2844,0.0048,0.7108
CLUBS FIVE DIAMONDS FOUR,0.556,0.0122,0.4318
CLUBS NINE HEARTS QUEEN,0.227,0.1588,0.6142
HEARTS EIGHT CLUBS NINE,0.529,0.0124,0.4586
SPADES SIX HEARTS QUEEN,0.2246,0.3798,0.3956
CLUBS ACE CLUBS KING,0.293,0.0068,0.7002
SPADES ACE DIAMONDS TEN,0.3608,0.0046,0.6346
CLUBS SEVEN CLUBS SIX,0.5102,0.0116,0.4782
DIAMONDS KING HEARTS ACE,0.3084,0.0082,0.6834
SPADES ACE DIAMONDS KING,0.3082,0.0046,0.6872
CLUBS JACK HEARTS THREE,0.6008,0.0122,0.387
CLUBS JACK HEARTS JACK,0.2654,0.011,0.7236
HEARTS KING HEARTS TEN,0.3174,0.0092,0.6734
HEARTS EIGHT SPADES TWO,0.7216,0.0394,0.239
CLUBS FIVE CLUBS ACE,0.3176,0.0044,0.678
DIAMONDS THREE CLUBS NINE,0.5988,0.0136,0.3876
SPADES QUEEN SPADES FIVE,0.2036,0.4424,0.354
SPADES EIGHT CLUBS FIVE,0.5648,0.012,0.4232
SPADES TEN CLUBS SEVEN,0.547,0.0084,0.4446
CLUBS FOUR DIAMONDS SEVEN,0.566,0.0148,0.4192
CLUBS FIVE DIAMONDS KING,0.357,0.0084,0.6346
HEARTS EIGHT HEARTS SIX,0.5252,0.0132,0.4616
SPADES KING CLUBS NINE,0.3464,0.0082,0.6454
HEARTS JACK DIAMONDS SIX,0.587,0.0128,0.4002
SPADES NINE SPADES FOUR,0.5558,0.0102,0.434
CLUBS JACK SPADES TWO,0.7224,0.0374,0.2402
CLUBS SEVEN SPADES EIGHT,0.5482,0.0106,0.4412
CLUBS JACK CLUBS TWO,0.6718,0.0436,0.2846
SPADES TEN HEARTS TEN,0.2858,0.0144,0.6998
SPADES JACK CLUBS QUEEN,0.2288,0.0814,0.6898
SPADES KING DIAMONDS TWO,0.2342,0.0322,0.7336
SPADES QUEEN DIAMONDS FOUR,0.226,0.5066,0.2674
SPADES EIGHT DIAMONDS KING,0.3654,0.0074,0.6272
HEARTS SEVEN HEARTS QUEEN,0.2146,0.2786,0.5068
SPADES ACE SPADES QUEEN,0.2108,0.0172,0.772
SPADES QUEEN CLUBS SEVEN,0.2294,0.2952,0.4754
CLUBS ACE HEARTS TEN,0.3386,0.0038,0.6576
CLUBS EIGHT SPADES FOUR,0.5798,0.012,0.4082
CLUBS NINE HEARTS SIX,0.5748,0.0094,0.4158
DIAMONDS THREE DIAMONDS EIGHT,0.576,0.012,0.412
HEARTS SEVEN DIAMONDS TWO,0.7268,0.037,0.2362
SPADES SEVEN CLUBS TWO,0.7188,0.037,0.2442
DIAMONDS TEN HEARTS JACK,0.553,0.0098,0.4372
CLUBS TEN SPADES TEN,0.2826,0.014,0.7034
SPADES QUEEN HEARTS FOUR,0.2196,0.5058,0.2746
CLUBS ACE HEARTS JACK,0.3306,0.0064,0.663
CLUBS FIVE HEARTS JACK,0.5926,0.0136,0.3938
HEARTS SEVEN DIAMONDS SEVEN,0.3104,0.0284,0.6612
HEARTS KING DIAMONDS FOUR,0.3586,0.0084,0.633
DIAMONDS TEN DIAMONDS SIX,0.5406,0.0156,0.4438
SPADES EIGHT CLUBS KING,0.3628,0.007,0.6302
DIAMONDS TEN SPADES TWO,0.726,0.0376,0.2364
HEARTS EIGHT HEARTS JACK,0.537,0.011,0.452
SPADES SIX DIAMONDS FIVE,0.567,0.0144,0.4186
SPADES TEN CLUBS QUEEN,0.2252,0.1156,0.6592
HEARTS JACK HEARTS TEN,0.5034,0.0126,0.484
CLUBS JACK DIAMONDS FOUR,0.5962,0.012,0.3918
DIAMONDS ACE HEARTS JACK,0.3322,0.0056,0.6622
SPADES SEVEN DIAMONDS KING,0.3494,0.0092,0.6414
DIAMONDS THREE HEARTS QUEEN,0.2088,0.5402,0.251
CLUBS TEN CLUBS THREE,0.5662,0.012,0.4218
HEARTS EIGHT DIAMONDS SIX,0.5468,0.013,0.4402
SPADES ACE HEARTS QUEEN,0.2038,0.019,0.7772
CLUBS JACK CLUBS FIVE,0.557,0.0118,0.4312
CLUBS JACK HEARTS FOUR,0.5732,0.0132,0.4136
DIAMONDS TWO CLUBS ACE,0.2314,0.017,0.7516
HEARTS THREE CLUBS FOUR,0.5704,0.0146,0.415
CLUBS TWO HEARTS JACK,0.7166,0.0442,0.2392
HEARTS SEVEN CLUBS FOUR,0.5582,0.012,0.4298
CLUBS NINE SPADES JACK,0.5384,0.009,0.4526
HEARTS SIX SPADES FIVE,0.5382,0.0156,0.4462
DIAMONDS KING HEARTS QUEEN,0.2116,0.029,0.7594
DIAMONDS KING HEARTS JACK,0.3176,0.007,0.6754
SPADES KING SPADES QUEEN,0.2118,0.031,0.7572
CLUBS FOUR HEARTS TEN,0.5938,0.012,0.3942
CLUBS EIGHT DIAMONDS KING,0.3572,0.0102,0.6326
DIAMONDS TWO CLUBS FOUR,0.704,0.0402,0.2558
SPADES ACE SPADES SIX,0.3398,0.0066,0.6536
DIAMONDS ACE DIAMONDS NINE,0.3528,0.0062,0.641
SPADES FOUR HEARTS NINE,0.5878,0.0136,0.3986
SPADES SEVEN HEARTS QUEEN,0.2216,0.3068,0.4716
CLUBS SEVEN SPADES FIVE,0.563,0.0134,0.4236
CLUBS NINE DIAMONDS ACE,0.3664,0.0032,0.6304
SPADES KING HEARTS QUEEN,0.2136,0.026,0.7604
SPADES EIGHT SPADES FIVE,0.5384,0.0136,0.448
CLUBS NINE HEARTS JACK,0.5502,0.0134,0.4364
CLUBS EIGHT HEARTS THREE,0.5912,0.0138,0.395
CLUBS SIX DIAMONDS EIGHT,0.5656,0.01,0.4244
SPADES KING HEARTS SIX,0.3486,0.0068,0.6446
DIAMONDS EIGHT HEARTS TEN,0.5426,0.0154,0.442
SPADES SIX DIAMONDS TEN,0.5666,0.0142,0.4192
SPADES TEN CLUBS FIVE,0.5876,0.0104,0.402
HEARTS SEVEN HEARTS JACK,0.5446,0.0088,0.4466
CLUBS SEVEN HEARTS TEN,0.5418,0.0128,0.4454
DIAMONDS THREE HEARTS FIVE,0.5752,0.016,0.4088
DIAMONDS JACK HEARTS KING,0.3312,0.0106,0.6582
HEARTS SIX CLUBS QUEEN,0.2128,0.3858,0.4014
CLUBS NINE DIAMONDS KING,0.3476,0.0072,0.6452
SPADES QUEEN CLUBS THREE,0.2156,0.5264,0.258
DIAMONDS ACE CLUBS KING,0.3044,0.0076,0.688
DIAMONDS TEN HEARTS ACE,0.3378,0.0062,0.656
CLUBS TWO CLUBS ACE,0.2176,0.016,0.7664
HEARTS FIVE HEARTS QUEEN,0.2014,0.4482,0.3504
HEARTS SEVEN HEARTS NINE,0.5282,0.009,0.4628
SPADES QUEEN DIAMONDS TEN,0.222,0.1268,0.6512
HEARTS FOUR SPADES EIGHT,0.5812,0.0138,0.405
CLUBS SEVEN DIAMONDS EIGHT,0.5592,0.0114,0.4294
CLUBS JACK DIAMONDS NINE,0.5392,0.0094,0.4514
DIAMONDS TWO HEARTS THREE,0.7048,0.0432,0.252
SPADES EIGHT HEARTS JACK,0.5658,0.012,0.4222
CLUBS SEVEN HEARTS THREE,0.5922,0.0148,0.393
CLUBS FOUR DIAMONDS EIGHT,0.5908,0.014,0.3952
SPADES KING HEARTS TEN,0.3344,0.0058,0.6598
SPADES FOUR HEARTS JACK,0.5822,0.01,0.4078
SPADES NINE CLUBS SIX,0.561,0.0126,0.4264
SPADES SEVEN SPADES THREE,0.5582,0.0148,0.427
HEARTS KING CLUBS ACE,0.3222,0.004,0.6738
HEARTS SIX DIAMONDS JACK,0.587,0.0132,0.3998
DIAMONDS TWO DIAMONDS JACK,0.701,0.0388,0.2602
SPADES TEN HEARTS FOUR,0.5884,0.0146,0.397
HEARTS FOUR CLUBS KING,0.361,0.0072,0.6318
DIAMONDS KING HEARTS TEN,0.3274,0.0054,0.6672
CLUBS JACK HEARTS EIGHT,0.563,0.0092,0.4278
HEARTS SIX DIAMONDS ACE,0.3512,0.0056,0.6432
SPADES ACE HEARTS NINE,0.355,0.0042,0.6408
CLUBS JACK DIAMONDS EIGHT,0.573,0.011,0.416
HEARTS SIX CLUBS EIGHT,0.5538,0.0128,0.4334
SPADES KING CLUBS SEVEN,0.3568,0.008,0.6352
CLUBS FIVE CLUBS TWO,0.654,0.0362,0.3098
HEARTS QUEEN CLUBS ACE,0.2104,0.0208,0.7688
DIAMONDS KING CLUBS ACE,0.3224,0.0054,0.6722
DIAMONDS TWO HEARTS JACK,0.7274,0.047,0.2256
DIAMONDS TEN HEARTS TEN,0.281,0.0186,0.7004
SPADES ACE SPADES SEVEN,0.3286,0.004,0.6674
CLUBS THREE HEARTS QUEEN,0.2128,0.5216,0.2656
HEARTS FIVE HEARTS NINE,0.5548,0.0136,0.4316
SPADES ACE HEARTS SEVEN,0.3606,0.0036,0.6358
SPADES QUEEN HEARTS ACE,0.2208,0.017,0.7622
HEARTS ACE DIAMONDS EIGHT,0.3546,0.0062,0.6392
DIAMONDS TEN DIAMONDS FIVE,0.5692,0.0138,0.417
HEARTS TEN DIAMONDS FOUR,0.5854,0.0144,0.4002
HEARTS FIVE CLUBS QUEEN,0.2248,0.4552,0.32
CLUBS JACK SPADES FOUR,0.5962,0.0136,0.3902
HEARTS SEVEN DIAMONDS ACE,0.3544,0.0056,0.64
DIAMONDS THREE CLUBS TWO,0.7098,0.0404,0.2498
SPADES EIGHT DIAMONDS SIX,0.5662,0.0132,0.4206
CLUBS EIGHT DIAMONDS NINE,0.5454,0.013,0.4416
SPADES ACE HEARTS FIVE,0.3414,0.005,0.6536
SPADES NINE CLUBS THREE,0.5886,0.0126,0.3988
SPADES KING DIAMONDS FOUR,0.3542,0.0084,0.6374
HEARTS EIGHT HEARTS QUEEN,0.21,0.217,0.573
CLUBS TWO DIAMONDS FIVE,0.6898,0.0424,0.2678
DIAMONDS THREE DIAMONDS TEN,0.5724,0.0132,0.4144
CLUBS JACK HEARTS FIVE,0.5886,0.0098,0.4016
DIAMONDS TWO CLUBS QUEEN,0.0152,0.9738,0.011
SPADES FIVE SPADES FOUR,0.5308,0.0132,0.456
CLUBS EIGHT SPADES FIVE,0.5734,0.0098,0.4168
SPADES QUEEN HEARTS THREE,0.2164,0.5176,0.266
HEARTS FOUR DIAMONDS TEN,0.5896,0.0136,0.3968
SPADES EIGHT CLUBS FOUR,0.5906,0.0138,0.3956
DIAMONDS JACK DIAMONDS SEVEN,0.5418,0.012,0.4462
SPADES SEVEN DIAMONDS FOUR,0.5648,0.0128,0.4224
CLUBS JACK HEARTS SEVEN,0.5674,0.0124,0.4202
CLUBS JACK CLUBS QUEEN,0.2128,0.0818,0.7054
CLUBS FIVE DIAMONDS SIX,0.5572,0.0142,0.4286
HEARTS SEVEN DIAMONDS SIX,0.5394,0.0112,0.4494
SPADES SEVEN HEARTS JACK,0.5764,0.011,0.4126
CLUBS EIGHT CLUBS ACE,0.3398,0.0044,0.6558
SPADES ACE DIAMONDS EIGHT,0.3666,0.005,0.6284
HEARTS FOUR HEARTS QUEEN,0.1954,0.506,0.2986
SPADES THREE HEARTS JACK,0.604,0.0082,0.3878
DIAMONDS NINE HEARTS NINE,0.2856,0.0184,0.696
HEARTS EIGHT SPADES NINE,0.5302,0.0122,0.4576
CLUBS THREE SPADES THREE,0.3254,0.0352,0.6394
SPADES QUEEN CLUBS FIVE,0.2192,0.4574,0.3234
HEARTS THREE SPADES TWO,0.6982,0.0346,0.2672
HEARTS FIVE DIAMONDS KING,0.3508,0.0102,0.639
SPADES JACK SPADES FIVE,0.551,0.0106,0.4384
SPADES JACK CLUBS SEVEN,0.5816,0.0102,0.4082
SPADES TEN DIAMONDS KING,0.3306,0.0074,0.662
CLUBS SEVEN DIAMONDS FOUR,0.585,0.0122,0.4028
SPADES KING SPADES EIGHT,0.3338,0.005,0.6612
SPADES ACE DIAMONDS FOUR,0.3554,0.0048,0.6398
HEARTS FIVE DIAMONDS FIVE,0.3116,0.0304,0.658
SPADES TEN SPADES FOUR,0.544,0.01,0.446
DIAMONDS EIGHT HEARTS JACK,0.5732,0.0102,0.4166
DIAMONDS THREE SPADES SEVEN,0.5912,0.015,0.3938
CLUBS TEN CLUBS ACE,0.3294,0.0052,0.6654
DIAMONDS KING DIAMONDS FOUR,0.3388,0.0126,0.6486
DIAMONDS THREE DIAMONDS KING,0.3394,0.0086,0.652
CLUBS NINE DIAMONDS NINE,0.294,0.0212,0.6848
HEARTS SIX SPADES EIGHT,0.5654,0.0122,0.4224
HEARTS SEVEN SPADES TWO,0.7172,0.0364,0.2464
CLUBS TEN CLUBS NINE,0.4984,0.01,0.4916
DIAMONDS THREE DIAMONDS SIX,0.5388,0.0156,0.4456
SPADES KING DIAMONDS EIGHT,0.3546,0.0066,0.6388
SPADES TWO DIAMONDS FOUR,0.7008,0.0368,0.2624
CLUBS TEN CLUBS SEVEN,0.5214,0.011,0.4676
SPADES SIX HEARTS JACK,0.577,0.0156,0.4074
SPADES ACE HEARTS THREE,0.3404,0.0044,0.6552
HEARTS SEVEN HEARTS KING,0.3314,0.0086,0.66
HEARTS THREE DIAMONDS TEN,0.6,0.0098,0.3902
SPADES QUEEN CLUBS TWO,0.0218,0.9562,0.022
HEARTS EIGHT CLUBS SEVEN,0.5358,0.0114,0.4528
HEARTS EIGHT DIAMONDS FIVE,0.5726,0.0126,0.4148
CLUBS JACK SPADES SEVEN,0.587,0.0098,0.4032
CLUBS JACK DIAMONDS TWO,0.735,0.0376,0.2274
HEARTS SIX HEARTS KING,0.3342,0.0086,0.6572
SPADES FIVE HEARTS QUEEN,0.2216,0.4406,0.3378
DIAMONDS ACE HEARTS ACE,0.097,0.0046,0.8984
HEARTS SIX HEARTS FIVE,0.5222,0.0114,0.4664
DIAMONDS ACE CLUBS THREE,0.3466,0.0056,0.6478
DIAMONDS NINE DIAMONDS SIX,0.5332,0.013,0.4538
SPADES QUEEN HEARTS FIVE,0.209,0.4512,0.3398
CLUBS FIVE HEARTS KING,0.3472,0.0084,0.6444
SPADES TEN DIAMONDS ACE,0.3292,0.004,0.6668
SPADES THREE HEARTS QUEEN,0.223,0.5226,0.2544
HEARTS EIGHT CLUBS EIGHT,0.2864,0.0196,0.694
HEARTS FIVE CLUBS FOUR,0.5424,0.0178,0.4398
SPADES FOUR HEARTS TEN,0.5778,0.0124,0.4098
HEARTS FOUR SPADES THREE,0.5522,0.015,0.4328
SPADES KING HEARTS SEVEN,0.3728,0.0048,0.6224
SPADES FOUR HEARTS ACE,0.3418,0.005,0.6532
DIAMONDS THREE HEARTS SEVEN,0.5744,0.0126,0.413
SPADES SIX CLUBS QUEEN,0.2184,0.3804,0.4012
HEARTS KING DIAMONDS FIVE,0.3412,0.0106,0.6482
DIAMONDS KING CLUBS TWO,0.2288,0.0268,0.7444
SPADES ACE CLUBS FIVE,0.3414,0.0046,0.654
SPADES FOUR DIAMONDS EIGHT,0.5808,0.013,0.4062
SPADES ACE CLUBS THREE,0.3514,0.0052,0.6434
CLUBS THREE CLUBS ACE,0.332,0.0056,0.6624
SPADES KING SPADES FOUR,0.3384,0.008,0.6536
SPADES QUEEN CLUBS SIX,0.2214,0.3756,0.403
HEARTS THREE CLUBS FIVE,0.572,0.0144,0.4136
CLUBS SIX HEARTS JACK,0.5944,0.013,0.3926
SPADES TEN CLUBS SIX,0.5892,0.0138,0.397
HEARTS THREE SPADES FOUR,0.5484,0.0172,0.4344
HEARTS FOUR SPADES SIX,0.5578,0.0114,0.4308
SPADES SIX HEARTS TEN,0.5618,0.0114,0.4268
CLUBS NINE DIAMONDS FIVE,0.5816,0.0132,0.4052
CLUBS FIVE SPADES SIX,0.5484,0.0092,0.4424
SPADES TWO CLUBS ACE,0.2444,0.0182,0.7374
DIAMONDS NINE HEARTS KING,0.3436,0.0082,0.6482
DIAMONDS KING CLUBS KING,0.1202,0.003,0.8768
HEARTS FIVE SPADES EIGHT,0.5762,0.013,0.4108
CLUBS NINE HEARTS NINE,0.294,0.0196,0.6864
DIAMONDS NINE DIAMONDS FIVE,0.5618,0.017,0.4212
DIAMONDS JACK HEARTS QUEEN,0.2202,0.0978,0.682
SPADES KING HEARTS FOUR,0.3514,0.0072,0.6414
HEARTS FIVE SPADES TWO,0.6908,0.0404,0.2688
SPADES JACK CLUBS TWO,0.71,0.04,0.25
DIAMONDS SEVEN CLUBS ACE,0.3606,0.0054,0.634
CLUBS TWO HEARTS NINE,0.7116,0.0388,0.2496
HEARTS SEVEN SPADES TEN,0.561,0.0154,0.4236
CLUBS TWO DIAMONDS NINE,0.724,0.0394,0.2366
CLUBS JACK DIAMONDS JACK,0.2744,0.0122,0.7134
HEARTS SEVEN SPADES EIGHT,0.5344,0.0134,0.4522
SPADES NINE HEARTS TEN,0.5402,0.0102,0.4496
CLUBS ACE DIAMONDS FOUR,0.355,0.0042,0.6408
HEARTS ACE CLUBS KING,0.31,0.007,0.683
SPADES ACE CLUBS SIX,0.3616,0.0038,0.6346
SPADES ACE HEARTS KING,0.3166,0.0066,0.6768
HEARTS SEVEN DIAMONDS FOUR,0.5656,0.014,0.4204
HEARTS SIX SPADES THREE,0.5848,0.0144,0.4008
SPADES FIVE DIAMONDS EIGHT,0.5816,0.0114,0.407
SPADES ACE DIAMONDS TWO,0.2296,0.0164,0.754
SPADES JACK HEARTS KING,0.3324,0.0076,0.66
DIAMONDS JACK HEARTS NINE,0.5514,0.0108,0.4378
CLUBS EIGHT HEARTS NINE,0.5376,0.0118,0.4506
CLUBS NINE CLUBS FOUR,0.5514,0.0128,0.4358
DIAMONDS EIGHT SPADES TWO,0.7126,0.0454,0.242
SPADES JACK SPADES NINE,0.5192,0.0106,0.4702
CLUBS TWO DIAMONDS FOUR,0.6916,0.0462,0.2622
DIAMONDS TEN SPADES THREE,0.599,0.015,0.386
HEARTS SEVEN HEARTS FIVE,0.5214,0.012,0.4666
SPADES FIVE SPADES TWO,0.659,0.0358,0.3052
SPADES QUEEN SPADES SIX,0.2168,0.3704,0.4128
SPADES JACK CLUBS ACE,0.343,0.005,0.652
SPADES ACE SPADES TWO,0.2308,0.0186,0.7506
CLUBS TEN DIAMONDS TEN,0.2934,0.0136,0.693
SPADES NINE SPADES FIVE,0.5512,0.0104,0.4384
HEARTS SIX DIAMONDS SIX,0.3142,0.0312,0.6546
SPADES THREE CLUBS ACE,0.3486,0.0048,0.6466
SPADES FOUR CLUBS QUEEN,0.2186,0.5152,0.2662
SPADES TEN SPADES TWO,0.6692,0.0432,0.2876
DIAMONDS SEVEN DIAMONDS FIVE,0.5248,0.0154,0.4598
HEARTS SEVEN SPADES QUEEN,0.227,0.3054,0.4676
CLUBS JACK HEARTS SIX,0.5824,0.0098,0.4078
CLUBS SIX SPADES SEVEN,0.5524,0.0106,0.437
CLUBS THREE DIAMONDS EIGHT,0.6084,0.0142,0.3774
SPADES NINE DIAMONDS ACE,0.3458,0.0066,0.6476
HEARTS SEVEN SPADES SEVEN,0.3036,0.0242,0.6722
HEARTS SIX HEARTS NINE,0.5382,0.0128,0.449
SPADES KING CLUBS THREE,0.3536,0.0078,0.6386
HEARTS EIGHT CLUBS THREE,0.5988,0.0156,0.3856
CLUBS EIGHT DIAMONDS ACE,0.3474,0.0036,0.649
HEARTS FIVE HEARTS FOUR,0.5332,0.016,0.4508
SPADES NINE DIAMONDS NINE,0.3016,0.0142,0.6842
SPADES KING DIAMONDS KING,0.1198,0.0038,0.8764
SPADES EIGHT HEARTS TEN,0.549,0.0108,0.4402
DIAMONDS TEN CLUBS KING,0.3494,0.0076,0.643
CLUBS SIX CLUBS FOUR,0.533,0.0134,0.4536
SPADES ACE DIAMONDS ACE,0.1146,0.0048,0.8806
CLUBS JACK SPADES TEN,0.5394,0.0096,0.451
DIAMONDS ACE DIAMONDS FIVE,0.3342,0.0048,0.661
SPADES FIVE CLUBS ACE,0.3516,0.0042,0.6442
HEARTS SIX SPADES NINE,0.5658,0.0108,0.4234
CLUBS TWO HEARTS TEN,0.7182,0.039,0.2428
HEARTS FOUR SPADES SEVEN,0.5736,0.0162,0.4102
CLUBS FOUR CLUBS KING,0.331,0.0086,0.6604
DIAMONDS THREE DIAMONDS FOUR,0.5442,0.0166,0.4392
HEARTS FOUR DIAMONDS SIX,0.558,0.0136,0.4284
CLUBS SEVEN SPADES FOUR,0.5768,0.0122,0.411
SPADES TWO DIAMONDS SIX,0.7142,0.038,0.2478
HEARTS SIX CLUBS SIX,0.3102,0.0296,0.6602
HEARTS EIGHT SPADES TEN,0.5394,0.0094,0.4512
HEARTS ACE DIAMONDS SIX,0.3666,0.0062,0.6272
CLUBS FIVE DIAMONDS SEVEN,0.563,0.0142,0.4228
SPADES ACE SPADES NINE,0.3326,0.0058,0.6616
SPADES EIGHT SPADES SEVEN,0.5198,0.0106,0.4696
SPADES SEVEN DIAMONDS NINE,0.571,0.012,0.417
SPADES KING CLUBS KING,0.1252,0.0058,0.869
HEARTS FIVE CLUBS ACE,0.3508,0.0064,0.6428
HEARTS JACK DIAMONDS FIVE,0.592,0.0134,0.3946
CLUBS NINE SPADES TWO,0.7114,0.0406,0.248
SPADES QUEEN CLUBS EIGHT,0.2224,0.2214,0.5562
SPADES FIVE DIAMONDS TEN,0.5884,0.014,0.3976
DIAMONDS JACK HEARTS JACK,0.2748,0.0124,0.7128
HEARTS SEVEN DIAMONDS FIVE,0.5578,0.0114,0.4308
DIAMONDS TWO DIAMONDS EIGHT,0.695,0.0342,0.2708
SPADES TEN DIAMONDS TEN,0.2774,0.0142,0.7084
CLUBS FOUR HEARTS NINE,0.5796,0.0144,0.406
CLUBS JACK DIAMONDS TEN,0.544,0.0088,0.4472
DIAMONDS EIGHT DIAMONDS SEVEN,0.5204,0.0156,0.464
CLUBS JACK SPADES QUEEN,0.232,0.0942,0.6738
CLUBS NINE SPADES THREE,0.5792,0.011,0.4098
DIAMONDS TWO DIAMONDS SEVEN,0.686,0.0334,0.2806
CLUBS JACK HEARTS QUEEN,0.2266,0.0922,0.6812
SPADES JACK HEARTS JACK,0.2722,0.0084,0.7194
CLUBS THREE CLUBS QUEEN,0.213,0.4806,0.3064
HEARTS ACE DIAMONDS FIVE,0.3514,0.0052,0.6434
HEARTS SIX DIAMONDS NINE,0.5744,0.0126,0.413
DIAMONDS THREE SPADES QUEEN,0.2226,0.526,0.2514
HEARTS EIGHT SPADES KING,0.3604,0.0078,0.6318
SPADES SEVEN CLUBS FOUR,0.5728,0.0134,0.4138
HEARTS SIX DIAMONDS TEN,0.5702,0.0094,0.4204
SPADES JACK HEARTS TEN,0.5348,0.0122,0.453
SPADES NINE DIAMONDS FOUR,0.6008,0.0148,0.3844
SPADES SIX HEARTS KING,0.3476,0.0042,0.6482
CLUBS EIGHT SPADES THREE,0.6034,0.0124,0.3842
SPADES QUEEN DIAMONDS SIX,0.2146,0.386,0.3994
SPADES EIGHT CLUBS QUEEN,0.2194,0.2268,0.5538
HEARTS THREE HEARTS QUEEN,0.2154,0.4904,0.2942
DIAMONDS JACK SPADES THREE,0.6018,0.0114,0.3868
DIAMONDS FIVE HEARTS NINE,0.5816,0.0132,0.4052
SPADES EIGHT DIAMONDS ACE,0.358,0.0038,0.6382
CLUBS TEN HEARTS THREE,0.5966,0.0162,0.3872
SPADES EIGHT SPADES TWO,0.6774,0.0404,0.2822
HEARTS FOUR CLUBS THREE,0.5608,0.0124,0.4268
DIAMONDS SEVEN HEARTS JACK,0.5764,0.0126,0.411
HEARTS FOUR HEARTS TEN,0.5544,0.0126,0.433
SPADES TEN HEARTS ACE,0.359,0.0046,0.6364
HEARTS SIX DIAMONDS FIVE,0.5612,0.0136,0.4252
HEARTS EIGHT CLUBS TWO,0.72,0.0392,0.2408
SPADES QUEEN SPADES TEN,0.2162,0.1112,0.6726
SPADES NINE CLUBS KING,0.3514,0.0084,0.6402
HEARTS FOUR SPADES FOUR,0.3172,0.0354,0.6474
HEARTS THREE HEARTS TEN,0.5616,0.0136,0.4248
CLUBS SEVEN CLUBS KING,0.3262,0.0076,0.6662
SPADES JACK CLUBS FIVE,0.5958,0.0156,0.3886
CLUBS EIGHT SPADES SEVEN,0.5448,0.0124,0.4428
CLUBS SEVEN SPADES SIX,0.5504,0.0114,0.4382
SPADES QUEEN DIAMONDS FIVE,0.2198,0.4742,0.306
SPADES ACE DIAMONDS THREE,0.3452,0.0058,0.649
DIAMONDS TWO SPADES SEVEN,0.7284,0.0352,0.2364
SPADES KING HEARTS NINE,0.3464,0.007,0.6466
HEARTS JACK CLUBS QUEEN,0.2248,0.0956,0.6796
DIAMONDS TWO DIAMONDS SIX,0.6758,0.0382,0.286
HEARTS ACE CLUBS ACE,0.114,0.0054,0.8806
HEARTS FOUR DIAMONDS FOUR,0.3224,0.033,0.6446
SPADES SIX SPADES FOUR,0.5342,0.0148,0.451
SPADES QUEEN HEARTS QUEEN,0.0702,0.0258,0.904
SPADES EIGHT DIAMONDS JACK,0.5604,0.0096,0.43
HEARTS EIGHT SPADES THREE,0.5988,0.0116,0.3896
DIAMONDS THREE DIAMONDS ACE,0.3344,0.0076,0.658
SPADES KING DIAMONDS SEVEN,0.377,0.0092,0.6138
DIAMONDS TWO SPADES NINE,0.7252,0.038,0.2368
HEARTS KING HEARTS JACK,0.3206,0.0058,0.6736
SPADES NINE HEARTS QUEEN,0.2234,0.161,0.6156
DIAMONDS THREE CLUBS SEVEN,0.5838,0.0132,0.403
HEARTS FIVE SPADES FIVE,0.3104,0.0356,0.654
CLUBS FIVE SPADES TWO,0.6852,0.0376,0.2772
DIAMONDS TWO DIAMONDS FOUR,0.674,0.0388,0.2872
CLUBS FIVE DIAMONDS JACK,0.6034,0.0102,0.3864
SPADES NINE CLUBS TWO,0.7232,0.0386,0.2382
DIAMONDS TWO SPADES FOUR,0.6964,0.0422,0.2614
HEARTS SEVEN DIAMONDS JACK,0.5776,0.0108,0.4116
CLUBS TEN DIAMONDS KING,0.3312,0.0082,0.6606
CLUBS TEN DIAMONDS SIX,0.569,0.0116,0.4194
HEARTS FOUR CLUBS SIX,0.5614,0.0126,0.426
CLUBS FOUR HEARTS KING,0.3548,0.0054,0.6398
HEARTS THREE DIAMONDS SIX,0.5768,0.0158,0.4074
SPADES EIGHT HEARTS KING,0.3538,0.0084,0.6378
SPADES JACK SPADES SEVEN,0.54,0.011,0.449
SPADES SEVEN HEARTS TEN,0.5594,0.0098,0.4308
SPADES KING HEARTS KING,0.1264,0.0042,0.8694
CLUBS SEVEN CLUBS THREE,0.5424,0.012,0.4456
CLUBS SIX HEARTS TEN,0.5794,0.01,0.4106
CLUBS SIX CLUBS KING,0.3296,0.007,0.6634
CLUBS EIGHT DIAMONDS TEN,0.555,0.012,0.433
CLUBS EIGHT CLUBS KING,0.3266,0.008,0.6654
HEARTS FIVE SPADES THREE,0.5692,0.0156,0.4152
HEARTS FOUR CLUBS ACE,0.3526,0.0062,0.6412
DIAMONDS SEVEN DIAMONDS FOUR,0.5554,0.0112,0.4334
CLUBS TWO HEARTS QUEEN,0.0146,0.9664,0.019
DIAMONDS THREE CLUBS KING,0.3666,0.0076,0.6258
SPADES FIVE HEARTS ACE,0.3424,0.0064,0.6512
SPADES EIGHT CLUBS THREE,0.6008,0.0146,0.3846
CLUBS EIGHT DIAMONDS JACK,0.5666,0.0096,0.4238
SPADES NINE HEARTS NINE,0.2934,0.017,0.6896
DIAMONDS TWO CLUBS SIX,0.7088,0.0388,0.2524
CLUBS EIGHT SPADES TWO,0.712,0.044,0.244
CLUBS TWO CLUBS KING,0.2244,0.0268,0.7488
SPADES QUEEN HEARTS SIX,0.2268,0.3826,0.3906
CLUBS JACK SPADES EIGHT,0.5546,0.0086,0.4368
HEARTS EIGHT CLUBS ACE,0.3578,0.0044,0.6378
DIAMONDS THREE SPADES KING,0.3708,0.0088,0.6204
CLUBS JACK CLUBS SIX,0.5508,0.0118,0.4374
CLUBS TEN DIAMONDS NINE,0.5448,0.0116,0.4436
SPADES FOUR DIAMONDS FOUR,0.3384,0.0354,0.6262
SPADES EIGHT DIAMONDS NINE,0.5624,0.0118,0.4258
SPADES SIX DIAMONDS SEVEN,0.5486,0.0096,0.4418
CLUBS EIGHT HEARTS FOUR,0.5832,0.0134,0.4034
CLUBS JACK HEARTS TEN,0.5372,0.0112,0.4516
CLUBS FIVE HEARTS QUEEN,0.2204,0.4536,0.326
HEARTS THREE CLUBS TWO,0.7114,0.0386,0.25
SPADES SIX DIAMONDS NINE,0.5612,0.015,0.4238
HEARTS FOUR DIAMONDS FIVE,0.5586,0.0144,0.427
CLUBS SEVEN DIAMONDS NINE,0.5546,0.0118,0.4336
CLUBS SIX SPADES FIVE,0.554,0.01,0.436
HEARTS SEVEN CLUBS SIX,0.5532,0.0162,0.4306
CLUBS SEVEN SPADES TWO,0.713,0.035,0.252
CLUBS NINE SPADES SEVEN,0.5596,0.0138,0.4266
SPADES TEN DIAMONDS FOUR,0.5842,0.0116,0.4042
SPADES JACK CLUBS KING,0.3308,0.0056,0.6636
SPADES NINE DIAMONDS SIX,0.575,0.0116,0.4134
DIAMONDS JACK HEARTS TEN,0.5344,0.0076,0.458
CLUBS ACE CLUBS QUEEN,0.2064,0.0202,0.7734
DIAMONDS THREE DIAMONDS NINE,0.5732,0.015,0.4118
HEARTS SIX SPADES JACK,0.5796,0.0118,0.4086
DIAMONDS TWO CLUBS EIGHT,0.7234,0.0404,0.2362
HEARTS SIX SPADES SEVEN,0.5506,0.0128,0.4366
CLUBS SIX CLUBS FIVE,0.5226,0.0126,0.4648
CLUBS THREE HEARTS ACE,0.331,0.006,0.663
HEARTS FIVE DIAMONDS SEVEN,0.5546,0.0142,0.4312
SPADES SEVEN HEARTS ACE,0.3468,0.007,0.6462
CLUBS NINE SPADES FIVE,0.586,0.0098,0.4042
SPADES EIGHT DIAMONDS SEVEN,0.542,0.0112,0.4468
CLUBS FIVE SPADES SEVEN,0.5568,0.0122,0.431
DIAMONDS TWO SPADES QUEEN,0.0166,0.972,0.0114
CLUBS KING DIAMONDS FIVE,0.373,0.0092,0.6178
SPADES KING CLUBS QUEEN,0.2236,0.0248,0.7516
CLUBS JACK HEARTS ACE,0.3428,0.0034,0.6538
DIAMONDS TEN HEARTS QUEEN,0.2276,0.1178,0.6546
SPADES JACK HEARTS NINE,0.5482,0.0106,0.4412
CLUBS NINE SPADES EIGHT,0.5376,0.013,0.4494
SPADES KING SPADES FIVE,0.334,0.0062,0.6598
SPADES TEN CLUBS FOUR,0.5814,0.0134,0.4052
CLUBS SEVEN CLUBS FIVE,0.5304,0.0114,0.4582
CLUBS TWO DIAMONDS EIGHT,0.7156,0.0434,0.241
CLUBS NINE CLUBS ACE,0.3258,0.0036,0.6706
CLUBS FOUR SPADES FIVE,0.5466,0.0138,0.4396
CLUBS JACK DIAMONDS FIVE,0.5928,0.0104,0.3968
CLUBS FIVE CLUBS KING,0.327,0.007,0.666
SPADES SIX HEARTS ACE,0.3582,0.0062,0.6356
SPADES FIVE HEARTS NINE,0.5762,0.0134,0.4104
SPADES QUEEN SPADES JACK,0.2214,0.0892,0.6894
HEARTS THREE HEARTS NINE,0.5524,0.014,0.4336
DIAMONDS NINE HEARTS QUEEN,0.2182,0.1634,0.6184
CLUBS FIVE DIAMONDS ACE,0.344,0.004,0.652
HEARTS SEVEN HEARTS ACE,0.3416,0.005,0.6534
HEARTS FIVE SPADES FOUR,0.5584,0.014,0.4276
CLUBS NINE HEARTS FOUR,0.5844,0.0142,0.4014
DIAMONDS KING DIAMONDS EIGHT,0.342,0.009,0.649
HEARTS ACE HEARTS QUEEN,0.2082,0.0172,0.7746
HEARTS FOUR HEARTS JACK,0.577,0.0124,0.4106
DIAMONDS NINE DIAMONDS EIGHT,0.5262,0.0102,0.4636
CLUBS EIGHT SPADES TEN,0.5464,0.009,0.4446
HEARTS THREE DIAMONDS ACE,0.3394,0.0058,0.6548
SPADES JACK CLUBS EIGHT,0.5606,0.0108,0.4286
CLUBS TWO SPADES FOUR,0.7002,0.0368,0.263
CLUBS FIVE DIAMONDS EIGHT,0.5762,0.014,0.4098
SPADES QUEEN SPADES SEVEN,0.2132,0.2898,0.497
CLUBS TEN HEARTS TEN,0.2744,0.0134,0.7122
DIAMONDS ACE DIAMONDS JACK,0.3126,0.0056,0.6818
DIAMONDS ACE SPADES SIX,0.3406,0.0056,0.6538
SPADES ACE HEARTS FOUR,0.3448,0.0048,0.6504
DIAMONDS KING DIAMONDS JACK,0.3144,0.0104,0.6752
SPADES TEN HEARTS NINE,0.5382,0.011,0.4508
CLUBS EIGHT CLUBS FOUR,0.5404,0.0124,0.4472
SPADES JACK DIAMONDS ACE,0.3352,0.0064,0.6584
CLUBS SIX CLUBS ACE,0.3458,0.0048,0.6494
SPADES SIX SPADES TWO,0.679,0.035,0.286
DIAMONDS THREE SPADES THREE,0.3318,0.0422,0.626
CLUBS NINE SPADES SIX,0.5762,0.0116,0.4122
SPADES NINE SPADES SEVEN,0.5246,0.0118,0.4636
CLUBS SIX SPADES THREE,0.5836,0.0142,0.4022
SPADES QUEEN CLUBS ACE,0.2296,0.0156,0.7548
DIAMONDS SIX DIAMONDS FOUR,0.5294,0.0168,0.4538
DIAMONDS ACE SPADES THREE,0.357,0.0072,0.6358
HEARTS FIVE HEARTS THREE,0.5356,0.0162,0.4482
SPADES THREE DIAMONDS SEVEN,0.588,0.0152,0.3968
HEARTS SEVEN CLUBS FIVE,0.5548,0.013,0.4322
SPADES TEN DIAMONDS JACK,0.522,0.013,0.465
CLUBS TEN CLUBS FOUR,0.5512,0.0118,0.437
DIAMONDS TWO CLUBS NINE,0.718,0.0426,0.2394
HEARTS KING DIAMONDS SIX,0.3604,0.0116,0.628
CLUBS NINE DIAMONDS FOUR,0.5962,0.0134,0.3904
CLUBS FOUR HEARTS ACE,0.3468,0.0046,0.6486
HEARTS SEVEN CLUBS SEVEN,0.3108,0.0216,0.6676
CLUBS FIVE HEARTS TEN,0.5978,0.009,0.3932
DIAMONDS KING SPADES SIX,0.3494,0.009,0.6416
SPADES TWO CLUBS QUEEN,0.0204,0.9592,0.0204
HEARTS EIGHT DIAMONDS THREE,0.605,0.012,0.383
HEARTS SIX CLUBS SEVEN,0.5448,0.0122,0.443
SPADES KING DIAMONDS TEN,0.346,0.0078,0.6462
CLUBS TEN DIAMONDS EIGHT,0.5486,0.015,0.4364
HEARTS SIX CLUBS FOUR,0.5622,0.013,0.4248
DIAMONDS TWO SPADES TWO,0.3098,0.026,0.6642
HEARTS KING HEARTS NINE,0.3312,0.0064,0.6624
SPADES ACE DIAMONDS SEVEN,0.3594,0.0046,0.636
CLUBS KING HEARTS TEN,0.3312,0.0066,0.6622
SPADES QUEEN CLUBS FOUR,0.234,0.5056,0.2604
HEARTS ACE HEARTS TEN,0.325,0.004,0.671
CLUBS SIX HEARTS NINE,0.5698,0.0112,0.419
CLUBS THREE DIAMONDS SIX,0.5908,0.0112,0.398
SPADES EIGHT HEARTS NINE,0.5412,0.0112,0.4476
HEARTS QUEEN HEARTS NINE,0.2154,0.153,0.6316
DIAMONDS KING HEARTS NINE,0.3422,0.0098,0.648
SPADES TEN DIAMONDS NINE,0.5552,0.012,0.4328
CLUBS JACK CLUBS SEVEN,0.5358,0.0122,0.452
SPADES THREE HEARTS NINE,0.5952,0.0154,0.3894
SPADES KING SPADES NINE,0.333,0.0072,0.6598
SPADES JACK HEARTS ACE,0.341,0.0062,0.6528
SPADES THREE DIAMONDS EIGHT,0.6028,0.0106,0.3866
CLUBS JACK CLUBS FOUR,0.5524,0.0122,0.4354
CLUBS EIGHT HEARTS TEN,0.5486,0.0124,0.439
CLUBS SEVEN HEARTS ACE,0.3532,0.0028,0.644
HEARTS THREE DIAMONDS JACK,0.5908,0.0136,0.3956
CLUBS NINE CLUBS TWO,0.6744,0.0404,0.2852
SPADES TEN SPADES THREE,0.551,0.0112,0.4378
CLUBS FOUR DIAMONDS NINE,0.5834,0.0152,0.4014
DIAMONDS TWO SPADES JACK,0.7416,0.0392,0.2192
SPADES SIX DIAMONDS JACK,0.5966,0.0134,0.39
CLUBS KING CLUBS QUEEN,0.2118,0.024,0.7642
CLUBS FIVE DIAMONDS TEN,0.6014,0.013,0.3856
HEARTS THREE DIAMONDS SEVEN,0.5844,0.0178,0.3978
SPADES EIGHT SPADES THREE,0.5546,0.0126,0.4328
HEARTS THREE CLUBS THREE,0.3326,0.0386,0.6288
HEARTS ACE DIAMONDS NINE,0.3504,0.0058,0.6438
HEARTS THREE HEARTS KING,0.343,0.009,0.648
DIAMONDS JACK HEARTS ACE,0.337,0.0052,0.6578
DIAMONDS TEN DIAMONDS SEVEN,0.5392,0.0098,0.451
DIAMONDS TWO HEARTS TEN,0.7234,0.043,0.2336
CLUBS JACK SPADES FIVE,0.5922,0.0142,0.3936
SPADES ACE HEARTS SIX,0.3612,0.0046,0.6342
DIAMONDS KING SPADES FIVE,0.3396,0.01,0.6504
DIAMONDS JACK DIAMONDS SIX,0.5688,0.012,0.4192
SPADES JACK SPADES EIGHT,0.5244,0.011,0.4646
DIAMONDS KING CLUBS QUEEN,0.2076,0.0294,0.763
HEARTS KING CLUBS QUEEN,0.2292,0.0278,0.743
HEARTS SIX CLUBS TWO,0.7048,0.0338,0.2614
DIAMONDS THREE CLUBS SIX,0.591,0.012,0.397
HEARTS FIVE HEARTS ACE,0.3374,0.0066,0.656
HEARTS FOUR SPADES TWO,0.6992,0.0366,0.2642
SPADES KING SPADES JACK,0.3062,0.0092,0.6846
SPADES JACK DIAMONDS SIX,0.595,0.0152,0.3898
SPADES THREE CLUBS KING,0.3592,0.009,0.6318
SPADES FOUR DIAMONDS FIVE,0.5556,0.0154,0.429
HEARTS EIGHT DIAMONDS TWO,0.713,0.04,0.247
CLUBS TEN SPADES FOUR,0.592,0.0126,0.3954
HEARTS SEVEN HEARTS SIX,0.5234,0.0138,0.4628
HEARTS SIX CLUBS ACE,0.3752,0.0032,0.6216
CLUBS NINE DIAMONDS SEVEN,0.5394,0.012,0.4486
CLUBS SIX SPADES SIX,0.3168,0.0242,0.659
HEARTS FIVE CLUBS TWO,0.6928,0.0396,0.2676
HEARTS FIVE CLUBS SIX,0.54,0.0154,0.4446
HEARTS FIVE SPADES NINE,0.5856,0.0154,0.399
SPADES TEN DIAMONDS EIGHT,0.5436,0.0148,0.4416
CLUBS SEVEN DIAMONDS SIX,0.5648,0.0124,0.4228
HEARTS THREE SPADES FIVE,0.5666,0.0148,0.4186
SPADES TEN SPADES NINE,0.5156,0.0096,0.4748
SPADES EIGHT CLUBS ACE,0.358,0.0036,0.6384
CLUBS SEVEN CLUBS FOUR,0.5286,0.0136,0.4578
SPADES TWO DIAMONDS SEVEN,0.721,0.0416,0.2374
CLUBS FIVE DIAMONDS NINE,0.5766,0.0138,0.4096
SPADES ACE CLUBS FOUR,0.3532,0.0066,0.6402
SPADES SIX CLUBS TWO,0.7138,0.0318,0.2544
HEARTS SIX HEARTS TEN,0.5526,0.0142,0.4332
CLUBS JACK CLUBS KING,0.3158,0.0076,0.6766
CLUBS NINE SPADES NINE,0.3046,0.0158,0.6796
SPADES FOUR CLUBS KING,0.3468,0.008,0.6452
CLUBS SEVEN SPADES NINE,0.5542,0.0106,0.4352
CLUBS EIGHT CLUBS SIX,0.5186,0.0148,0.4666
CLUBS SIX CLUBS TWO,0.669,0.0354,0.2956
SPADES ACE CLUBS TEN,0.34,0.004,0.656
CLUBS NINE HEARTS THREE,0.5906,0.0158,0.3936
CLUBS SEVEN DIAMONDS TEN,0.568,0.012,0.42
DIAMONDS TWO SPADES SIX,0.7146,0.0326,0.2528
SPADES TEN HEARTS JACK,0.549,0.0092,0.4418
CLUBS JACK HEARTS KING,0.327,0.0064,0.6666
SPADES QUEEN DIAMONDS KING,0.2128,0.028,0.7592
HEARTS SEVEN CLUBS ACE,0.3454,0.0062,0.6484
DIAMONDS SIX CLUBS QUEEN,0.2218,0.3836,0.3946
HEARTS SIX SPADES SIX,0.3116,0.0274,0.661
SPADES JACK DIAMONDS FOUR,0.5946,0.0156,0.3898
HEARTS THREE CLUBS QUEEN,0.2134,0.52,0.2666
SPADES EIGHT HEARTS ACE,0.3492,0.0048,0.646
HEARTS TEN CLUBS QUEEN,0.2276,0.1284,0.644
HEARTS SEVEN CLUBS QUEEN,0.2294,0.2896,0.481
HEARTS THREE CLUBS KING,0.357,0.01,0.633
DIAMONDS ACE SPADES FOUR,0.3446,0.0066,0.6488
SPADES QUEEN HEARTS TEN,0.2082,0.122,0.6698
HEARTS EIGHT SPADES JACK,0.564,0.0072,0.4288
HEARTS FOUR SPADES NINE,0.5934,0.0116,0.395
SPADES THREE CLUBS QUEEN,0.2206,0.5324,0.247
CLUBS TEN HEARTS SEVEN,0.5544,0.0108,0.4348
CLUBS NINE HEARTS KING,0.3376,0.008,0.6544
DIAMONDS THREE HEARTS SIX,0.574,0.0152,0.4108
SPADES SEVEN DIAMONDS SEVEN,0.3178,0.0236,0.6586
CLUBS FOUR CLUBS TWO,0.658,0.039,0.303
HEARTS THREE DIAMONDS FOUR,0.5654,0.0164,0.4182
CLUBS TEN CLUBS QUEEN,0.2118,0.113,0.6752
SPADES NINE CLUBS ACE,0.3606,0.0028,0.6366
DIAMONDS SIX CLUBS KING,0.3678,0.0058,0.6264
CLUBS SEVEN CLUBS ACE,0.3258,0.0044,0.6698
CLUBS SEVEN HEARTS JACK,0.5718,0.0104,0.4178
DIAMONDS ACE DIAMONDS KING,0.2974,0.0044,0.6982
HEARTS KING DIAMONDS SEVEN,0.3524,0.008,0.6396
HEARTS SIX SPADES TWO,0.6994,0.0384,0.2622
HEARTS SEVEN SPADES FIVE,0.5648,0.0126,0.4226
SPADES FOUR DIAMONDS NINE,0.6094,0.0136,0.377
SPADES THREE HEARTS KING,0.3448,0.008,0.6472
CLUBS NINE HEARTS FIVE,0.5644,0.0178,0.4178
DIAMONDS TWO HEARTS NINE,0.721,0.0442,0.2348
SPADES EIGHT SPADES FOUR,0.5248,0.0126,0.4626
DIAMONDS EIGHT CLUBS KING,0.3568,0.0064,0.6368
DIAMONDS TWO DIAMONDS ACE,0.2208,0.0214,0.7578
SPADES JACK SPADES THREE,0.5698,0.0134,0.4168
SPADES TEN DIAMONDS SIX,0.5814,0.0142,0.4044
HEARTS EIGHT SPADES EIGHT,0.2968,0.0222,0.681
SPADES FOUR HEARTS QUEEN,0.2034,0.5252,0.2714
HEARTS FOUR SPADES FIVE,0.5394,0.0142,0.4464
HEARTS SEVEN SPADES FOUR,0.5738,0.0118,0.4144
SPADES NINE DIAMONDS EIGHT,0.5526,0.0116,0.4358
SPADES TWO CLUBS KING,0.2346,0.027,0.7384
HEARTS ACE HEARTS KING,0.3098,0.0048,0.6854
CLUBS THREE DIAMONDS SEVEN,0.5962,0.018,0.3858
SPADES NINE SPADES SIX,0.5284,0.0098,0.4618
HEARTS EIGHT CLUBS SIX,0.545,0.0108,0.4442
SPADES QUEEN DIAMONDS SEVEN,0.2302,0.3036,0.4662
HEARTS FIVE DIAMONDS TEN,0.5966,0.0118,0.3916
SPADES KING CLUBS SIX,0.3586,0.0074,0.634
CLUBS SEVEN DIAMONDS FIVE,0.5558,0.013,0.4312
HEARTS FOUR DIAMONDS EIGHT,0.5756,0.015,0.4094
HEARTS FIVE DIAMONDS FOUR,0.5532,0.0136,0.4332
DIAMONDS EIGHT CLUBS ACE,0.3676,0.0062,0.6262
CLUBS NINE CLUBS THREE,0.5628,0.015,0.4222
CLUBS JACK DIAMONDS ACE,0.3288,0.006,0.6652
HEARTS SIX CLUBS THREE,0.5678,0.0128,0.4194
SPADES FIVE DIAMONDS NINE,0.5672,0.0132,0.4196
SPADES KING CLUBS ACE,0.3172,0.0046,0.6782
HEARTS FOUR HEARTS KING,0.3416,0.0118,0.6466
SPADES EIGHT DIAMONDS FIVE,0.5806,0.0126,0.4068
SPADES JACK DIAMONDS FIVE,0.5982,0.0126,0.3892
SPADES QUEEN SPADES THREE,0.2082,0.483,0.3088
CLUBS JACK DIAMONDS SEVEN,0.5818,0.0114,0.4068
CLUBS QUEEN HEARTS NINE,0.2234,0.158,0.6186
CLUBS EIGHT DIAMONDS SEVEN,0.5492,0.0124,0.4384
CLUBS SIX DIAMONDS SIX,0.3168,0.0294,0.6538
CLUBS THREE DIAMONDS FIVE,0.5756,0.0166,0.4078
SPADES FIVE HEARTS KING,0.35,0.005,0.645
CLUBS SEVEN HEARTS KING,0.3654,0.0064,0.6282
SPADES QUEEN SPADES FOUR,0.2008,0.479,0.3202
CLUBS TEN SPADES TWO,0.7212,0.0408,0.238
CLUBS NINE CLUBS EIGHT,0.5056,0.0088,0.4856
SPADES TEN CLUBS TWO,0.7252,0.0412,0.2336
DIAMONDS SEVEN CLUBS QUEEN,0.234,0.305,0.461
SPADES ACE SPADES THREE,0.318,0.0054,0.6766
DIAMONDS THREE CLUBS FIVE,0.5676,0.0178,0.4146
DIAMONDS JACK DIAMONDS FOUR,0.5696,0.0126,0.4178
CLUBS SIX DIAMONDS ACE,0.3438,0.0038,0.6524
CLUBS FOUR DIAMONDS SIX,0.5754,0.0132,0.4114
DIAMONDS ACE DIAMONDS TEN,0.3208,0.005,0.6742
CLUBS SEVEN DIAMONDS JACK,0.5702,0.0116,0.4182
CLUBS JACK SPADES JACK,0.2836,0.0108,0.7056
HEARTS EIGHT HEARTS ACE,0.3444,0.0044,0.6512
DIAMONDS TWO HEARTS QUEEN,0.008,0.984,0.008
DIAMONDS TWO CLUBS KING,0.233,0.0266,0.7404
HEARTS QUEEN HEARTS JACK,0.2138,0.0886,0.6976
CLUBS THREE DIAMONDS TEN,0.5944,0.015,0.3906
HEARTS THREE DIAMONDS EIGHT,0.6026,0.0158,0.3816
CLUBS THREE DIAMONDS FOUR,0.5736,0.0154,0.411
SPADES JACK DIAMONDS SEVEN,0.581,0.0128,0.4062
CLUBS EIGHT CLUBS FIVE,0.5374,0.013,0.4496
CLUBS EIGHT DIAMONDS SIX,0.57,0.011,0.419
SPADES FOUR DIAMONDS SIX,0.5816,0.0132,0.4052
CLUBS FIVE HEARTS ACE,0.339,0.0052,0.6558
SPADES ACE CLUBS ACE,0.1098,0.0044,0.8858
CLUBS SIX DIAMONDS KING,0.3506,0.0068,0.6426
CLUBS SIX DIAMONDS FIVE,0.5466,0.0114,0.442
DIAMONDS TEN HEARTS NINE,0.5314,0.0134,0.4552
SPADES THREE SPADES TWO,0.6524,0.0364,0.3112
CLUBS TWO DIAMONDS SIX,0.7092,0.0352,0.2556
CLUBS THREE HEARTS NINE,0.59,0.0138,0.3962
SPADES ACE DIAMONDS SIX,0.365,0.0052,0.6298
HEARTS SIX SPADES TEN,0.5754,0.0142,0.4104
DIAMONDS TWO CLUBS TWO,0.3146,0.027,0.6584
SPADES THREE DIAMONDS SIX,0.5876,0.0132,0.3992
CLUBS SIX CLUBS THREE,0.549,0.0118,0.4392
SPADES TWO DIAMONDS FIVE,0.7044,0.0388,0.2568
SPADES SEVEN HEARTS KING,0.355,0.0076,0.6374
DIAMONDS SEVEN HEARTS TEN,0.5742,0.0124,0.4134
HEARTS ACE DIAMONDS SEVEN,0.3534,0.0048,0.6418
HEARTS THREE DIAMONDS FIVE,0.5648,0.0152,0.42
HEARTS SIX SPADES FOUR,0.5666,0.0136,0.4198
CLUBS EIGHT HEARTS QUEEN,0.2264,0.2272,0.5464
HEARTS EIGHT SPADES SEVEN,0.5434,0.0134,0.4432
CLUBS SEVEN DIAMONDS KING,0.3562,0.0084,0.6354
CLUBS TEN DIAMONDS ACE,0.3466,0.0062,0.6472
DIAMONDS TWO CLUBS SEVEN,0.7232,0.0356,0.2412
CLUBS SIX HEARTS KING,0.3666,0.0052,0.6282
DIAMONDS EIGHT DIAMONDS SIX,0.5372,0.0132,0.4496
CLUBS EIGHT SPADES EIGHT,0.2968,0.0214,0.6818
CLUBS JACK DIAMONDS KING,0.326,0.0078,0.6662
SPADES QUEEN DIAMONDS NINE,0.2286,0.1672,0.6042
HEARTS SIX HEARTS ACE,0.346,0.0042,0.6498
HEARTS SEVEN HEARTS FOUR,0.5416,0.011,0.4474
CLUBS SIX HEARTS QUEEN,0.22,0.3914,0.3886
CLUBS NINE DIAMONDS EIGHT,0.5322,0.0132,0.4546
HEARTS KING HEARTS QUEEN,0.2088,0.0258,0.7654
DIAMONDS ACE HEARTS KING,0.3014,0.0068,0.6918
HEARTS FIVE DIAMONDS EIGHT,0.5774,0.0096,0.413
SPADES SEVEN SPADES TWO,0.6844,0.037,0.2786
SPADES JACK SPADES TWO,0.6718,0.0364,0.2918
SPADES SIX HEARTS NINE,0.5638,0.012,0.4242
CLUBS JACK SPADES THREE,0.595,0.0134,0.3916
HEARTS SEVEN HEARTS THREE,0.555,0.0158,0.4292
CLUBS SIX DIAMONDS TEN,0.5808,0.0114,0.4078
DIAMONDS TWO HEARTS FOUR,0.7064,0.0406,0.253
CLUBS ACE DIAMONDS FIVE,0.3478,0.0032,0.649
SPADES KING SPADES THREE,0.3372,0.0094,0.6534
DIAMONDS SEVEN HEARTS NINE,0.5594,0.0128,0.4278
HEARTS SEVEN DIAMONDS KING,0.347,0.0086,0.6444
DIAMONDS ACE SPADES FIVE,0.3368,0.0046,0.6586
CLUBS TEN SPADES THREE,0.5824,0.0118,0.4058
CLUBS TEN HEARTS KING,0.3268,0.0072,0.666
DIAMONDS THREE HEARTS FOUR,0.5682,0.0172,0.4146
HEARTS EIGHT CLUBS FIVE,0.5732,0.0124,0.4144
CLUBS TEN SPADES NINE,0.5498,0.0102,0.44
SPADES SIX SPADES FIVE,0.5126,0.013,0.4744
SPADES FIVE SPADES THREE,0.5294,0.0128,0.4578
HEARTS SIX HEARTS THREE,0.5476,0.0162,0.4362
CLUBS NINE CLUBS SIX,0.5332,0.0106,0.4562
SPADES JACK SPADES SIX,0.5528,0.012,0.4352
SPADES NINE SPADES TWO,0.6728,0.044,0.2832
SPADES EIGHT SPADES SIX,0.5128,0.0124,0.4748
CLUBS NINE DIAMONDS TEN,0.5528,0.0136,0.4336
SPADES SEVEN DIAMONDS TEN,0.571,0.0098,0.4192
CLUBS JACK CLUBS EIGHT,0.5302,0.011,0.4588
SPADES THREE HEARTS TEN,0.5848,0.0108,0.4044
DIAMONDS THREE SPADES TEN,0.5886,0.0148,0.3966
HEARTS ACE CLUBS QUEEN,0.2094,0.0152,0.7754
DIAMONDS ACE DIAMONDS FOUR,0.3222,0.0056,0.6722
DIAMONDS ACE HEARTS NINE,0.343,0.005,0.652
HEARTS EIGHT HEARTS FOUR,0.5478,0.0126,0.4396
HEARTS EIGHT DIAMONDS JACK,0.5682,0.0124,0.4194
DIAMONDS THREE SPADES TWO,0.7016,0.036,0.2624
HEARTS FOUR DIAMONDS JACK,0.5802,0.015,0.4048
CLUBS THREE DIAMONDS JACK,0.5786,0.0142,0.4072
SPADES EIGHT DIAMONDS TEN,0.5566,0.0136,0.4298
CLUBS TEN SPADES SIX,0.5794,0.01,0.4106
HEARTS JACK CLUBS KING,0.3328,0.0076,0.6596
DIAMONDS THREE SPADES JACK,0.604,0.0136,0.3824
SPADES QUEEN SPADES EIGHT,0.21,0.2068,0.5832
SPADES KING HEARTS JACK,0.3248,0.006,0.6692
