opposingHand,winningChance,drawChance,lostChance
HEARTS ACE DIAMONDS TEN
DIAMONDS TWO HEARTS QUEEN,0.6564,0.0052,0.3384
CLUBS EIGHT DIAMONDS KING,0.646,0.0036,0.3504
DIAMONDS ACE HEARTS QUEEN,0.24,0.069,0.691
HEARTS SEVEN HEARTS FIVE,0.6092,0.004,0.3868
DIAMONDS THREE DIAMONDS NINE,0.655,0.004,0.341
SPADES NINE DIAMONDS SIX,0.664,0.0024,0.3336
HEARTS SEVEN CLUBS QUEEN,0.6608,0.0044,0.3348
SPADES NINE DIAMONDS ACE,0.6588,0.1128,0.2284
CLUBS TEN HEARTS EIGHT,0.7182,0.0228,0.259
DIAMONDS JACK DIAMONDS SIX,0.6202,0.005,0.3748
HEARTS SIX HEARTS QUEEN,0.6266,0.0044,0.369
SPADES EIGHT CLUBS KING,0.6488,0.0026,0.3486
HEARTS SIX CLUBS ACE,0.6596,0.1158,0.2246
CLUBS FIVE SPADES SIX,0.629,0.003,0.368
HEARTS TEN DIAMONDS SIX,0.7528,0.0216,0.2256
SPADES SEVEN CLUBS TWO,0.6732,0.0038,0.323
HEARTS FIVE CLUBS QUEEN,0.652,0.0034,0.3446
DIAMONDS ACE DIAMONDS NINE,0.6176,0.1168,0.2656
DIAMONDS EIGHT HEARTS NINE,0.6252,0.0036,0.3712
SPADES EIGHT SPADES SIX,0.5938,0.0038,0.4024
SPADES FIVE DIAMONDS SIX,0.6434,0.0036,0.353
DIAMONDS NINE HEARTS JACK,0.627,0.0038,0.3692
SPADES ACE HEARTS NINE,0.6644,0.1194,0.2162
HEARTS QUEEN HEARTS TEN,0.6844,0.0202,0.2954
HEARTS SEVEN SPADES SIX,0.6284,0.0028,0.3688
DIAMONDS THREE HEARTS QUEEN,0.67,0.0042,0.3258
HEARTS SEVEN HEARTS JACK,0.6234,0.0046,0.372
CLUBS THREE DIAMONDS JACK,0.6554,0.004,0.3406
CLUBS FOUR CLUBS QUEEN,0.6096,0.0034,0.387
CLUBS EIGHT CLUBS THREE,0.6354,0.0042,0.3604
CLUBS THREE HEARTS QUEEN,0.6554,0.0048,0.3398
HEARTS SEVEN DIAMONDS EIGHT,0.6402,0.004,0.3558
DIAMONDS THREE SPADES THREE,0.4804,0.0042,0.5154
HEARTS SIX DIAMONDS NINE,0.6576,0.006,0.3364
SPADES TWO DIAMONDS SIX,0.675,0.0048,0.3202
HEARTS SEVEN DIAMONDS QUEEN,0.651,0.005,0.344
HEARTS KING CLUBS ACE,0.2506,0.0442,0.7052
DIAMONDS JACK HEARTS EIGHT,0.6406,0.0046,0.3548
CLUBS NINE HEARTS TEN,0.723,0.0198,0.2572
CLUBS SIX HEARTS NINE,0.6566,0.0044,0.339
CLUBS FIVE DIAMONDS NINE,0.6856,0.005,0.3094
DIAMONDS THREE SPADES JACK,0.6548,0.0032,0.342
DIAMONDS TWO DIAMONDS SIX,0.633,0.004,0.363
CLUBS NINE HEARTS THREE,0.6854,0.0032,0.3114
DIAMONDS TWO SPADES QUEEN,0.663,0.0056,0.3314
HEARTS THREE SPADES FIVE,0.6402,0.0044,0.3554
CLUBS TEN DIAMONDS KING,0.727,0.0192,0.2538
SPADES EIGHT HEARTS EIGHT,0.4632,0.0038,0.533
HEARTS FOUR DIAMONDS QUEEN,0.647,0.0052,0.3478
HEARTS TWO DIAMONDS FIVE,0.6612,0.006,0.3328
HEARTS TWO CLUBS FOUR,0.6506,0.0036,0.3458
CLUBS JACK SPADES FOUR,0.6354,0.0028,0.3618
SPADES TWO DIAMONDS SEVEN,0.687,0.0056,0.3074
HEARTS SIX SPADES EIGHT,0.654,0.0024,0.3436
DIAMONDS SEVEN CLUBS QUEEN,0.656,0.005,0.339
HEARTS TWO DIAMONDS QUEEN,0.6528,0.0048,0.3424
CLUBS TEN HEARTS KING,0.7306,0.021,0.2484
SPADES QUEEN DIAMONDS QUEEN,0.299,0.003,0.698
SPADES TEN CLUBS FIVE,0.7444,0.0254,0.2302
CLUBS NINE HEARTS QUEEN,0.624,0.0032,0.3728
SPADES QUEEN DIAMONDS NINE,0.6384,0.0032,0.3584
DIAMONDS JACK DIAMONDS NINE,0.5868,0.0052,0.408
SPADES SIX HEARTS TEN,0.7388,0.0258,0.2354
SPADES EIGHT DIAMONDS NINE,0.6288,0.004,0.3672
DIAMONDS THREE DIAMONDS JACK,0.6152,0.006,0.3788
SPADES EIGHT DIAMONDS EIGHT,0.461,0.0026,0.5364
CLUBS FOUR DIAMONDS FOUR,0.4672,0.005,0.5278
CLUBS QUEEN DIAMONDS FOUR,0.6684,0.0038,0.3278
HEARTS SIX HEARTS KING,0.6268,0.0044,0.3688
SPADES KING HEARTS TWO,0.6618,0.0062,0.332
CLUBS TEN HEARTS THREE,0.7414,0.0272,0.2314
SPADES ACE CLUBS QUEEN,0.2522,0.059,0.6888
CLUBS SIX DIAMONDS KING,0.6522,0.004,0.3438
SPADES NINE CLUBS THREE,0.677,0.0042,0.3188
SPADES FIVE HEARTS KING,0.6432,0.0046,0.3522
SPADES QUEEN SPADES FIVE,0.6092,0.0032,0.3876
SPADES TEN DIAMONDS FOUR,0.7602,0.0222,0.2176
SPADES KING CLUBS FOUR,0.6392,0.0028,0.358
HEARTS FOUR SPADES TEN,0.7538,0.0256,0.2206
CLUBS TEN DIAMONDS ACE,0.0092,0.971,0.0198
HEARTS FOUR SPADES SEVEN,0.647,0.005,0.348
DIAMONDS KING CLUBS QUEEN,0.6036,0.0038,0.3926
CLUBS TEN DIAMONDS SEVEN,0.7322,0.0244,0.2434
CLUBS JACK DIAMONDS FOUR,0.6624,0.0028,0.3348
SPADES ACE HEARTS TWO,0.6376,0.1184,0.244
HEARTS FIVE SPADES FIVE,0.4746,0.0042,0.5212
SPADES KING SPADES FOUR,0.594,0.0052,0.4008
CLUBS TEN DIAMONDS EIGHT,0.7182,0.0218,0.26
SPADES TEN CLUBS FOUR,0.7418,0.0268,0.2314
CLUBS THREE SPADES TWO,0.6624,0.005,0.3326
SPADES ACE CLUBS NINE,0.6568,0.118,0.2252
SPADES QUEEN DIAMONDS FIVE,0.645,0.006,0.349
CLUBS JACK DIAMONDS EIGHT,0.6436,0.0042,0.3522
CLUBS JACK SPADES QUEEN,0.5936,0.0046,0.4018
HEARTS THREE DIAMONDS KING,0.648,0.0066,0.3454
SPADES THREE HEARTS EIGHT,0.684,0.0052,0.3108
CLUBS SIX SPADES FOUR,0.623,0.0032,0.3738
SPADES JACK CLUBS FIVE,0.6556,0.0026,0.3418
SPADES JACK HEARTS TEN,0.6942,0.0198,0.286
SPADES EIGHT DIAMONDS QUEEN,0.6344,0.0038,0.3618
SPADES FOUR DIAMONDS NINE,0.6712,0.0052,0.3236
HEARTS THREE SPADES SEVEN,0.6724,0.0028,0.3248
CLUBS SEVEN DIAMONDS FOUR,0.6528,0.0044,0.3428
CLUBS THREE DIAMONDS FIVE,0.6462,0.0048,0.349
HEARTS FIVE DIAMONDS FOUR,0.6302,0.0042,0.3656
HEARTS FIVE HEARTS TEN,0.7132,0.0226,0.2642
SPADES JACK SPADES THREE,0.6044,0.0048,0.3908
HEARTS FIVE SPADES SEVEN,0.6156,0.0044,0.38
SPADES JACK DIAMONDS JACK,0.3038,0.0046,0.6916
HEARTS KING HEARTS QUEEN,0.5766,0.0062,0.4172
HEARTS SEVEN CLUBS FOUR,0.6592,0.0044,0.3364
CLUBS EIGHT DIAMONDS SIX,0.639,0.004,0.357
DIAMONDS ACE HEARTS EIGHT,0.668,0.1148,0.2172
HEARTS JACK CLUBS QUEEN,0.596,0.0034,0.4006
HEARTS SIX DIAMONDS FIVE,0.6422,0.0056,0.3522
SPADES QUEEN SPADES NINE,0.5882,0.007,0.4048
SPADES TEN DIAMONDS QUEEN,0.7198,0.0174,0.2628
HEARTS SEVEN CLUBS NINE,0.647,0.0042,0.3488
CLUBS SIX SPADES SIX,0.476,0.002,0.522
CLUBS FOUR SPADES FOUR,0.4806,0.0036,0.5158
HEARTS FOUR CLUBS KING,0.6654,0.0038,0.3308
DIAMONDS TWO DIAMONDS SEVEN,0.6534,0.0036,0.343
DIAMONDS SIX HEARTS NINE,0.667,0.0066,0.3264
CLUBS JACK SPADES FIVE,0.638,0.0024,0.3596
DIAMONDS NINE DIAMONDS FIVE,0.639,0.005,0.356
CLUBS FOUR DIAMONDS NINE,0.6734,0.0044,0.3222
DIAMONDS TWO HEARTS FOUR,0.677,0.004,0.319
SPADES KING HEARTS JACK,0.5964,0.0046,0.399
HEARTS THREE DIAMONDS JACK,0.655,0.0056,0.3394
SPADES QUEEN DIAMONDS ACE,0.2434,0.0646,0.692
CLUBS FOUR SPADES THREE,0.643,0.0044,0.3526
SPADES QUEEN HEARTS FOUR,0.6506,0.0052,0.3442
SPADES JACK DIAMONDS QUEEN,0.5872,0.0056,0.4072
SPADES FIVE DIAMONDS NINE,0.6712,0.004,0.3248
HEARTS SEVEN CLUBS KING,0.6482,0.0046,0.3472
DIAMONDS TWO CLUBS FIVE,0.6604,0.0048,0.3348
DIAMONDS QUEEN DIAMONDS JACK,0.5586,0.0058,0.4356
HEARTS NINE DIAMONDS FIVE,0.664,0.005,0.331
SPADES QUEEN DIAMONDS EIGHT,0.6448,0.0044,0.3508
DIAMONDS QUEEN SPADES THREE,0.659,0.0046,0.3364
DIAMONDS SEVEN CLUBS KING,0.6476,0.0044,0.348
CLUBS ACE HEARTS NINE,0.667,0.1196,0.2134
DIAMONDS TWO DIAMONDS QUEEN,0.623,0.0058,0.3712
CLUBS EIGHT CLUBS FIVE,0.6082,0.0034,0.3884
HEARTS SIX SPADES JACK,0.6568,0.0034,0.3398
HEARTS SIX DIAMONDS FOUR,0.6438,0.0058,0.3504
DIAMONDS TWO CLUBS QUEEN,0.6536,0.0046,0.3418
SPADES KING SPADES SEVEN,0.6144,0.0044,0.3812
SPADES QUEEN CLUBS SEVEN,0.648,0.0038,0.3482
HEARTS FIVE SPADES SIX,0.6424,0.0048,0.3528
DIAMONDS ACE HEARTS JACK,0.2292,0.0896,0.6812
CLUBS NINE DIAMONDS ACE,0.654,0.1152,0.2308
SPADES THREE HEARTS QUEEN,0.6554,0.0034,0.3412
SPADES TEN HEARTS TEN,0.3208,0.0222,0.657
HEARTS TWO CLUBS ACE,0.6438,0.1172,0.239
CLUBS EIGHT DIAMONDS FIVE,0.6556,0.0032,0.3412
CLUBS SIX HEARTS EIGHT,0.6558,0.0052,0.339
CLUBS SEVEN CLUBS SIX,0.5836,0.0034,0.413
HEARTS SEVEN SPADES FIVE,0.6392,0.0034,0.3574
HEARTS FOUR CLUBS QUEEN,0.6484,0.004,0.3476
CLUBS SEVEN DIAMONDS QUEEN,0.643,0.003,0.354
HEARTS THREE DIAMONDS FOUR,0.6464,0.007,0.3466
DIAMONDS TWO HEARTS TEN,0.7576,0.0274,0.215
HEARTS FIVE HEARTS FOUR,0.596,0.0066,0.3974
SPADES KING SPADES TEN,0.6966,0.0194,0.284
CLUBS JACK CLUBS TEN,0.6648,0.0192,0.316
SPADES KING HEARTS THREE,0.6544,0.0042,0.3414
DIAMONDS TWO DIAMONDS JACK,0.6156,0.0054,0.379
SPADES ACE DIAMONDS EIGHT,0.652,0.113,0.235
SPADES EIGHT DIAMONDS FOUR,0.6648,0.0034,0.3318
SPADES KING HEARTS FIVE,0.6596,0.0036,0.3368
HEARTS SIX SPADES FIVE,0.6432,0.0044,0.3524
HEARTS FOUR CLUBS FOUR,0.4904,0.0044,0.5052
DIAMONDS JACK DIAMONDS EIGHT,0.595,0.0044,0.4006
CLUBS JACK SPADES TWO,0.6534,0.0038,0.3428
DIAMONDS EIGHT CLUBS KING,0.6474,0.005,0.3476
SPADES NINE SPADES FOUR,0.6338,0.0046,0.3616
CLUBS NINE HEARTS TWO,0.6866,0.004,0.3094
DIAMONDS JACK DIAMONDS FIVE,0.615,0.006,0.379
CLUBS ACE DIAMONDS FIVE,0.628,0.1242,0.2478
DIAMONDS THREE HEARTS KING,0.663,0.0052,0.3318
SPADES NINE CLUBS KING,0.6374,0.003,0.3596
CLUBS EIGHT CLUBS ACE,0.6102,0.1142,0.2756
CLUBS EIGHT HEARTS KING,0.649,0.0026,0.3484
SPADES QUEEN SPADES TWO,0.622,0.0048,0.3732
SPADES SEVEN SPADES THREE,0.6242,0.0032,0.3726
HEARTS FOUR DIAMONDS KING,0.6492,0.006,0.3448
DIAMONDS ACE DIAMONDS SEVEN,0.607,0.1248,0.2682
HEARTS KING DIAMONDS FOUR,0.6564,0.0042,0.3394
HEARTS FOUR HEARTS QUEEN,0.6238,0.0044,0.3718
CLUBS SIX SPADES FIVE,0.6222,0.004,0.3738
SPADES FOUR DIAMONDS FIVE,0.6416,0.0044,0.354
HEARTS SEVEN HEARTS TEN,0.6832,0.0274,0.2894
HEARTS FOUR SPADES FIVE,0.6268,0.0064,0.3668
SPADES TEN CLUBS SEVEN,0.726,0.0208,0.2532
DIAMONDS TWO CLUBS FOUR,0.651,0.0046,0.3444
SPADES QUEEN CLUBS SIX,0.6456,0.0032,0.3512
CLUBS TEN CLUBS ACE,0.019,0.9098,0.0712
SPADES JACK DIAMONDS KING,0.6006,0.0042,0.3952
DIAMONDS QUEEN DIAMONDS FIVE,0.6214,0.0052,0.3734
SPADES FIVE HEARTS JACK,0.6558,0.0048,0.3394
HEARTS KING DIAMONDS FIVE,0.6604,0.006,0.3336
CLUBS NINE CLUBS FIVE,0.6214,0.0036,0.375
CLUBS NINE HEARTS FIVE,0.6662,0.0042,0.3296
SPADES SEVEN DIAMONDS FOUR,0.6556,0.0042,0.3402
SPADES SIX HEARTS EIGHT,0.6468,0.0028,0.3504
CLUBS THREE DIAMONDS NINE,0.6864,0.0026,0.311
SPADES SIX DIAMONDS QUEEN,0.6578,0.0036,0.3386
CLUBS SEVEN HEARTS TEN,0.7314,0.021,0.2476
SPADES NINE DIAMONDS FOUR,0.673,0.0046,0.3224
CLUBS SIX CLUBS KING,0.6222,0.0032,0.3746
DIAMONDS THREE HEARTS THREE,0.4814,0.006,0.5126
HEARTS SEVEN CLUBS ACE,0.6566,0.1224,0.221
HEARTS KING DIAMONDS NINE,0.6566,0.0066,0.3368
CLUBS FIVE DIAMONDS FIVE,0.4884,0.0032,0.5084
SPADES SIX DIAMONDS JACK,0.6496,0.0038,0.3466
SPADES ACE HEARTS JACK,0.2376,0.0832,0.6792
CLUBS KING HEARTS NINE,0.6452,0.0042,0.3506
SPADES ACE CLUBS TWO,0.6388,0.1166,0.2446
DIAMONDS QUEEN DIAMONDS EIGHT,0.6102,0.0048,0.385
CLUBS EIGHT CLUBS KING,0.6062,0.0054,0.3884
HEARTS THREE SPADES THREE,0.4874,0.0056,0.507
DIAMONDS ACE CLUBS TWO,0.6368,0.117,0.2462
CLUBS EIGHT CLUBS TWO,0.6456,0.0024,0.352
HEARTS SEVEN CLUBS EIGHT,0.6306,0.0026,0.3668
CLUBS JACK DIAMONDS FIVE,0.6606,0.0044,0.335
SPADES KING CLUBS KING,0.2982,0.0026,0.6992
CLUBS FOUR HEARTS EIGHT,0.6648,0.0036,0.3316
SPADES SEVEN HEARTS QUEEN,0.662,0.0042,0.3338
SPADES SIX DIAMONDS EIGHT,0.6402,0.0038,0.356
CLUBS TEN HEARTS QUEEN,0.721,0.0216,0.2574
CLUBS FIVE DIAMONDS SIX,0.6414,0.0036,0.355
SPADES ACE DIAMONDS KING,0.2476,0.0468,0.7056
SPADES QUEEN SPADES THREE,0.616,0.005,0.379
CLUBS TEN SPADES THREE,0.7526,0.0208,0.2266
CLUBS TEN CLUBS EIGHT,0.6666,0.0212,0.3122
DIAMONDS NINE HEARTS EIGHT,0.641,0.0054,0.3536
HEARTS SEVEN SPADES TEN,0.7236,0.0224,0.254
CLUBS FOUR DIAMONDS JACK,0.6428,0.0028,0.3544
SPADES THREE DIAMONDS FIVE,0.633,0.0062,0.3608
CLUBS FOUR CLUBS ACE,0.6016,0.1184,0.28
CLUBS NINE SPADES TWO,0.6752,0.0024,0.3224
CLUBS TWO CLUBS ACE,0.6024,0.1156,0.282
SPADES KING HEARTS KING,0.2932,0.0042,0.7026
DIAMONDS NINE CLUBS ACE,0.6512,0.1208,0.228
SPADES FIVE HEARTS TEN,0.7518,0.0296,0.2186
DIAMONDS THREE DIAMONDS SIX,0.6368,0.0058,0.3574
DIAMONDS TWO DIAMONDS FIVE,0.62,0.0072,0.3728
SPADES TEN DIAMONDS FIVE,0.7564,0.0224,0.2212
HEARTS THREE CLUBS QUEEN,0.6592,0.0058,0.335
HEARTS FIVE DIAMONDS SEVEN,0.647,0.0038,0.3492
CLUBS EIGHT CLUBS SEVEN,0.5876,0.0054,0.407
SPADES FIVE DIAMONDS FOUR,0.6348,0.0038,0.3614
SPADES TEN DIAMONDS SEVEN,0.719,0.0226,0.2584
SPADES QUEEN SPADES EIGHT,0.591,0.0046,0.4044
SPADES SEVEN CLUBS ACE,0.6386,0.1196,0.2418
HEARTS FIVE CLUBS EIGHT,0.6438,0.0028,0.3534
SPADES SEVEN HEARTS EIGHT,0.642,0.0042,0.3538
SPADES QUEEN CLUBS KING,0.5914,0.0042,0.4044
DIAMONDS TWO SPADES FIVE,0.6724,0.0048,0.3228
DIAMONDS THREE HEARTS SIX,0.658,0.0056,0.3364
HEARTS FIVE SPADES NINE,0.6572,0.0038,0.339
SPADES THREE HEARTS NINE,0.67,0.004,0.326
DIAMONDS TWO DIAMONDS KING,0.6246,0.0042,0.3712
SPADES KING DIAMONDS FOUR,0.6486,0.0032,0.3482
CLUBS FIVE SPADES TWO,0.6538,0.0048,0.3414
SPADES JACK CLUBS ACE,0.241,0.083,0.676
SPADES NINE DIAMONDS EIGHT,0.6194,0.0054,0.3752
SPADES EIGHT DIAMONDS KING,0.6472,0.0038,0.349
SPADES JACK SPADES TWO,0.6096,0.0044,0.386
HEARTS QUEEN CLUBS KING,0.6102,0.0048,0.385
CLUBS THREE DIAMONDS EIGHT,0.6882,0.0046,0.3072
HEARTS JACK CLUBS ACE,0.2418,0.0928,0.6654
HEARTS SIX HEARTS THREE,0.6324,0.006,0.3616
SPADES SIX CLUBS KING,0.6514,0.0036,0.345
DIAMONDS EIGHT SPADES TWO,0.674,0.0044,0.3216
CLUBS TEN CLUBS THREE,0.7176,0.0242,0.2582
CLUBS EIGHT SPADES FIVE,0.6486,0.005,0.3464
SPADES EIGHT HEARTS TEN,0.7092,0.022,0.2688
SPADES JACK CLUBS QUEEN,0.5898,0.0038,0.4064
SPADES KING SPADES NINE,0.61,0.0026,0.3874
HEARTS FIVE CLUBS KING,0.6572,0.004,0.3388
CLUBS SEVEN SPADES NINE,0.6274,0.0034,0.3692
HEARTS THREE SPADES EIGHT,0.6868,0.004,0.3092
CLUBS JACK CLUBS TWO,0.6036,0.0036,0.3928
HEARTS FIVE CLUBS TWO,0.6548,0.0046,0.3406
SPADES TWO HEARTS TEN,0.7606,0.0248,0.2146
HEARTS FOUR HEARTS KING,0.6162,0.0046,0.3792
CLUBS JACK SPADES TEN,0.6948,0.0194,0.2858
CLUBS SEVEN CLUBS FOUR,0.6126,0.0036,0.3838
SPADES QUEEN CLUBS FOUR,0.642,0.0024,0.3556
CLUBS TEN HEARTS JACK,0.6922,0.018,0.2898
CLUBS THREE CLUBS ACE,0.5902,0.1226,0.2872
SPADES NINE DIAMONDS QUEEN,0.6344,0.0042,0.3614
SPADES ACE CLUBS SEVEN,0.6336,0.1252,0.2412
SPADES JACK DIAMONDS SIX,0.6494,0.0034,0.3472
DIAMONDS EIGHT DIAMONDS FOUR,0.6324,0.004,0.3636
DIAMONDS QUEEN DIAMONDS FOUR,0.6122,0.0046,0.3832
DIAMONDS JACK HEARTS QUEEN,0.589,0.0054,0.4056
SPADES TEN HEARTS THREE,0.7608,0.0282,0.211
DIAMONDS THREE SPADES QUEEN,0.6592,0.0048,0.336
DIAMONDS THREE SPADES TWO,0.6572,0.0044,0.3384
SPADES TEN HEARTS JACK,0.7108,0.0152,0.274
CLUBS THREE HEARTS TEN,0.7464,0.029,0.2246
SPADES FIVE SPADES TWO,0.5994,0.005,0.3956
SPADES KING SPADES FIVE,0.5954,0.004,0.4006
HEARTS THREE DIAMONDS FIVE,0.6538,0.0052,0.341
CLUBS EIGHT DIAMONDS FOUR,0.6714,0.0068,0.3218
SPADES SEVEN SPADES TWO,0.6318,0.0034,0.3648
SPADES SEVEN HEARTS KING,0.641,0.0056,0.3534
CLUBS JACK HEARTS TWO,0.6636,0.0042,0.3322
DIAMONDS QUEEN DIAMONDS SEVEN,0.615,0.006,0.379
CLUBS EIGHT CLUBS QUEEN,0.6004,0.0038,0.3958
SPADES QUEEN DIAMONDS FOUR,0.6486,0.004,0.3474
HEARTS FIVE DIAMONDS JACK,0.6522,0.0062,0.3416
SPADES KING DIAMONDS SIX,0.648,0.0042,0.3478
HEARTS THREE HEARTS QUEEN,0.6176,0.0054,0.377
CLUBS TEN CLUBS TWO,0.7034,0.0232,0.2734
CLUBS NINE HEARTS JACK,0.623,0.0048,0.3722
SPADES FOUR DIAMONDS SEVEN,0.6496,0.0034,0.347
DIAMONDS QUEEN CLUBS TWO,0.6466,0.005,0.3484
SPADES EIGHT DIAMONDS SIX,0.6512,0.0034,0.3454
CLUBS NINE DIAMONDS FOUR,0.687,0.0042,0.3088
SPADES TEN DIAMONDS EIGHT,0.7138,0.023,0.2632
DIAMONDS SIX CLUBS KING,0.6498,0.0038,0.3464
HEARTS SIX CLUBS KING,0.6572,0.0032,0.3396
CLUBS TEN HEARTS NINE,0.7174,0.021,0.2616
CLUBS SIX SPADES TWO,0.6618,0.006,0.3322
DIAMONDS KING DIAMONDS QUEEN,0.5498,0.0056,0.4446
CLUBS FIVE HEARTS TEN,0.7546,0.0244,0.221
DIAMONDS JACK HEARTS JACK,0.302,0.0044,0.6936
HEARTS SIX SPADES THREE,0.6514,0.0046,0.344
HEARTS QUEEN DIAMONDS FOUR,0.6612,0.0046,0.3342
SPADES SEVEN DIAMONDS NINE,0.6438,0.003,0.3532
CLUBS TWO SPADES FOUR,0.6418,0.004,0.3542
HEARTS TWO HEARTS QUEEN,0.629,0.0064,0.3646
HEARTS SIX HEARTS FOUR,0.616,0.0052,0.3788
CLUBS TWO DIAMONDS FOUR,0.6536,0.0072,0.3392
SPADES TWO DIAMONDS FIVE,0.6536,0.0058,0.3406
CLUBS THREE CLUBS QUEEN,0.6064,0.0036,0.39
CLUBS SIX HEARTS KING,0.6448,0.0048,0.3504
HEARTS FIVE CLUBS THREE,0.6444,0.0046,0.351
DIAMONDS FIVE DIAMONDS FOUR,0.5988,0.0054,0.3958
CLUBS SEVEN DIAMONDS KING,0.6412,0.0034,0.3554
HEARTS FOUR HEARTS TWO,0.621,0.0052,0.3738
CLUBS SIX CLUBS FOUR,0.6026,0.0024,0.395
DIAMONDS KING HEARTS EIGHT,0.6486,0.0036,0.3478
CLUBS TWO HEARTS QUEEN,0.6514,0.0056,0.343
CLUBS NINE CLUBS THREE,0.641,0.0038,0.3552
SPADES EIGHT SPADES SEVEN,0.5754,0.0042,0.4204
CLUBS EIGHT SPADES TWO,0.6804,0.0028,0.3168
DIAMONDS NINE DIAMONDS FOUR,0.6452,0.0066,0.3482
SPADES FIVE DIAMONDS JACK,0.6544,0.0042,0.3414
CLUBS TWO SPADES TWO,0.4858,0.0054,0.5088
CLUBS FIVE CLUBS KING,0.6086,0.004,0.3874
CLUBS SEVEN SPADES SIX,0.623,0.0034,0.3736
SPADES TEN HEARTS TWO,0.7572,0.0262,0.2166
SPADES THREE CLUBS ACE,0.633,0.1116,0.2554
SPADES SIX DIAMONDS FOUR,0.6474,0.0054,0.3472
CLUBS TWO CLUBS QUEEN,0.6078,0.0052,0.387
SPADES TWO CLUBS QUEEN,0.6556,0.0038,0.3406
CLUBS JACK CLUBS ACE,0.223,0.0784,0.6986
HEARTS FIVE DIAMONDS FIVE,0.4812,0.0058,0.513
SPADES ACE SPADES TWO,0.6,0.1168,0.2832
SPADES JACK SPADES FIVE,0.5982,0.0038,0.398
CLUBS JACK CLUBS SIX,0.605,0.0038,0.3912
CLUBS TEN CLUBS SEVEN,0.6796,0.0244,0.296
CLUBS NINE CLUBS KING,0.6004,0.0048,0.3948
CLUBS FOUR SPADES SIX,0.633,0.0036,0.3634
DIAMONDS THREE CLUBS EIGHT,0.67,0.0042,0.3258
CLUBS TEN CLUBS SIX,0.6932,0.0184,0.2884
CLUBS EIGHT HEARTS EIGHT,0.4676,0.004,0.5284
HEARTS TWO HEARTS KING,0.623,0.0058,0.3712
SPADES TEN DIAMONDS NINE,0.7146,0.0232,0.2622
SPADES EIGHT SPADES TWO,0.6384,0.004,0.3576
CLUBS JACK DIAMONDS SIX,0.6474,0.0066,0.346
DIAMONDS TWO SPADES SIX,0.6664,0.007,0.3266
DIAMONDS ACE DIAMONDS EIGHT,0.6292,0.1156,0.2552
SPADES ACE HEARTS SIX,0.6516,0.1222,0.2262
CLUBS NINE SPADES SEVEN,0.647,0.0014,0.3516
SPADES JACK SPADES EIGHT,0.588,0.004,0.408
HEARTS FIVE HEARTS TWO,0.63,0.006,0.364
HEARTS THREE DIAMONDS ACE,0.6364,0.1214,0.2422
HEARTS TWO SPADES THREE,0.6614,0.0066,0.332
DIAMONDS THREE DIAMONDS FOUR,0.616,0.0064,0.3776
CLUBS EIGHT SPADES THREE,0.6772,0.0034,0.3194
SPADES QUEEN DIAMONDS SEVEN,0.6542,0.0042,0.3416
HEARTS TWO DIAMONDS SIX,0.6794,0.004,0.3166
HEARTS QUEEN CLUBS QUEEN,0.2948,0.0038,0.7014
DIAMONDS EIGHT HEARTS TEN,0.716,0.0254,0.2586
SPADES NINE SPADES EIGHT,0.5864,0.003,0.4106
SPADES ACE SPADES TEN,0.0226,0.9092,0.0682
SPADES NINE CLUBS FIVE,0.6736,0.0044,0.322
DIAMONDS ACE SPADES TWO,0.643,0.117,0.24
HEARTS SIX HEARTS EIGHT,0.6074,0.004,0.3886
SPADES TEN DIAMONDS JACK,0.7024,0.0174,0.2802
HEARTS SIX DIAMONDS JACK,0.6484,0.0032,0.3484
HEARTS THREE DIAMONDS SEVEN,0.6732,0.0052,0.3216
SPADES JACK CLUBS KING,0.594,0.0044,0.4016
HEARTS SEVEN CLUBS FIVE,0.6486,0.0028,0.3486
HEARTS SEVEN SPADES SEVEN,0.4794,0.0034,0.5172
HEARTS SIX HEARTS TWO,0.6272,0.0074,0.3654
SPADES KING DIAMONDS EIGHT,0.659,0.0044,0.3366
SPADES THREE HEARTS JACK,0.6658,0.0042,0.33
HEARTS SIX CLUBS FOUR,0.6506,0.005,0.3444
CLUBS TEN SPADES JACK,0.7012,0.0152,0.2836
SPADES NINE DIAMONDS FIVE,0.6588,0.0056,0.3356
DIAMONDS TWO HEARTS FIVE,0.6592,0.0066,0.3342
HEARTS SEVEN HEARTS TWO,0.6554,0.0052,0.3394
HEARTS THREE HEARTS NINE,0.6548,0.0056,0.3396
DIAMONDS ACE SPADES FIVE,0.6204,0.1358,0.2438
CLUBS NINE CLUBS SIX,0.6178,0.0022,0.38
SPADES QUEEN HEARTS NINE,0.6402,0.0046,0.3552
SPADES NINE CLUBS QUEEN,0.6356,0.003,0.3614
SPADES SEVEN DIAMONDS KING,0.6456,0.005,0.3494
HEARTS TWO SPADES SIX,0.6754,0.0048,0.3198
CLUBS NINE CLUBS TWO,0.6288,0.0046,0.3666
DIAMONDS JACK HEARTS KING,0.6094,0.0038,0.3868
SPADES KING DIAMONDS SEVEN,0.6558,0.003,0.3412
SPADES ACE SPADES QUEEN,0.2342,0.057,0.7088
CLUBS TWO HEARTS NINE,0.6836,0.0052,0.3112
HEARTS FOUR DIAMONDS FOUR,0.4756,0.0066,0.5178
DIAMONDS TWO SPADES TWO,0.4976,0.0054,0.497
CLUBS THREE DIAMONDS SIX,0.6528,0.0046,0.3426
CLUBS SEVEN DIAMONDS JACK,0.6366,0.004,0.3594
CLUBS FOUR SPADES FIVE,0.6256,0.005,0.3694
HEARTS THREE CLUBS SIX,0.654,0.0036,0.3424
SPADES TEN SPADES FIVE,0.693,0.0244,0.2826
DIAMONDS KING HEARTS JACK,0.6078,0.004,0.3882
SPADES JACK HEARTS EIGHT,0.6382,0.0046,0.3572
HEARTS SIX SPADES NINE,0.6542,0.0042,0.3416
CLUBS FOUR CLUBS TWO,0.6066,0.0034,0.39
HEARTS SEVEN SPADES EIGHT,0.6352,0.0026,0.3622
CLUBS SIX CLUBS QUEEN,0.6088,0.005,0.3862
CLUBS TWO DIAMONDS SEVEN,0.6726,0.0038,0.3236
DIAMONDS THREE SPADES SEVEN,0.6616,0.0056,0.3328
DIAMONDS THREE CLUBS QUEEN,0.6504,0.0042,0.3454
HEARTS SIX CLUBS SEVEN,0.6312,0.004,0.3648
DIAMONDS TWO SPADES SEVEN,0.6716,0.0044,0.324
HEARTS FOUR CLUBS TWO,0.6476,0.0054,0.347
SPADES KING CLUBS FIVE,0.6394,0.0024,0.3582
DIAMONDS JACK CLUBS QUEEN,0.5874,0.0056,0.407
CLUBS SIX HEARTS JACK,0.657,0.0022,0.3408
CLUBS FIVE CLUBS TWO,0.6092,0.0048,0.386
SPADES JACK HEARTS QUEEN,0.5936,0.0048,0.4016
DIAMONDS NINE CLUBS KING,0.6454,0.0044,0.3502
HEARTS THREE HEARTS EIGHT,0.6494,0.0068,0.3438
HEARTS TWO SPADES FIVE,0.6588,0.005,0.3362
HEARTS TWO HEARTS EIGHT,0.6412,0.0048,0.354
SPADES ACE SPADES KING,0.2416,0.043,0.7154
HEARTS FIVE CLUBS SEVEN,0.6464,0.006,0.3476
HEARTS SEVEN HEARTS EIGHT,0.6004,0.0042,0.3954
CLUBS FIVE HEARTS EIGHT,0.6486,0.0036,0.3478
DIAMONDS SIX HEARTS EIGHT,0.6564,0.0046,0.339
SPADES SEVEN DIAMONDS SEVEN,0.4672,0.0052,0.5276
SPADES TEN CLUBS KING,0.7378,0.014,0.2482
CLUBS EIGHT DIAMONDS EIGHT,0.4644,0.0054,0.5302
CLUBS EIGHT HEARTS TEN,0.7242,0.0226,0.2532
CLUBS THREE HEARTS EIGHT,0.679,0.0048,0.3162
SPADES JACK HEARTS KING,0.6082,0.0038,0.388
HEARTS NINE HEARTS EIGHT,0.5904,0.0034,0.4062
HEARTS SEVEN DIAMONDS SEVEN,0.4748,0.0032,0.522
DIAMONDS NINE SPADES THREE,0.6784,0.0042,0.3174
HEARTS FIVE HEARTS EIGHT,0.6222,0.0066,0.3712
DIAMONDS ACE DIAMONDS FOUR,0.5928,0.112,0.2952
HEARTS QUEEN HEARTS NINE,0.6078,0.005,0.3872
HEARTS JACK DIAMONDS SIX,0.6508,0.0068,0.3424
SPADES SIX CLUBS TWO,0.6702,0.0048,0.325
SPADES NINE HEARTS EIGHT,0.6424,0.0036,0.354
HEARTS SIX SPADES TWO,0.6702,0.0058,0.324
CLUBS JACK DIAMONDS TWO,0.659,0.0046,0.3364
HEARTS SIX SPADES TEN,0.7424,0.0216,0.236
CLUBS FIVE DIAMONDS FOUR,0.6326,0.0038,0.3636
HEARTS SEVEN HEARTS FOUR,0.6324,0.0032,0.3644
HEARTS KING DIAMONDS EIGHT,0.6522,0.0056,0.3422
DIAMONDS THREE HEARTS FOUR,0.6386,0.0066,0.3548
SPADES ACE DIAMONDS NINE,0.6578,0.1166,0.2256
SPADES NINE HEARTS JACK,0.6256,0.0062,0.3682
CLUBS NINE DIAMONDS NINE,0.4556,0.0028,0.5416
DIAMONDS KING HEARTS TEN,0.7288,0.0224,0.2488
SPADES NINE CLUBS FOUR,0.667,0.0036,0.3294
SPADES FOUR HEARTS NINE,0.679,0.004,0.317
HEARTS THREE CLUBS ACE,0.6428,0.1218,0.2354
CLUBS JACK HEARTS QUEEN,0.6026,0.004,0.3934
CLUBS NINE HEARTS FOUR,0.6728,0.0058,0.3214
CLUBS JACK HEARTS FOUR,0.654,0.003,0.343
CLUBS THREE SPADES FOUR,0.6448,0.0026,0.3526
CLUBS NINE DIAMONDS FIVE,0.667,0.006,0.327
HEARTS TWO CLUBS KING,0.6606,0.0052,0.3342
SPADES ACE SPADES FOUR,0.5868,0.1162,0.297
HEARTS TEN DIAMONDS FOUR,0.7586,0.0256,0.2158
HEARTS TWO CLUBS TWO,0.4718,0.0068,0.5214
DIAMONDS ACE SPADES FOUR,0.6336,0.1214,0.245
DIAMONDS TWO CLUBS TWO,0.4752,0.0048,0.52
SPADES SEVEN DIAMONDS FIVE,0.6368,0.0046,0.3586
SPADES FIVE HEARTS QUEEN,0.653,0.0038,0.3432
SPADES KING CLUBS SIX,0.6464,0.0036,0.35
CLUBS FIVE CLUBS FOUR,0.6034,0.0034,0.3932
CLUBS EIGHT CLUBS SIX,0.601,0.0028,0.3962
DIAMONDS THREE CLUBS NINE,0.6722,0.0046,0.3232
HEARTS SEVEN SPADES KING,0.6484,0.003,0.3486
SPADES QUEEN SPADES TEN,0.6672,0.0166,0.3162
DIAMONDS ACE SPADES THREE,0.625,0.1204,0.2546
SPADES SIX DIAMONDS FIVE,0.6304,0.006,0.3636
HEARTS SEVEN DIAMONDS FOUR,0.6562,0.0062,0.3376
CLUBS SIX SPADES EIGHT,0.6352,0.0034,0.3614
HEARTS TEN HEARTS NINE,0.6932,0.0236,0.2832
CLUBS JACK DIAMONDS ACE,0.2262,0.09,0.6838
SPADES JACK CLUBS SEVEN,0.6464,0.0024,0.3512
CLUBS FOUR HEARTS TEN,0.7444,0.0278,0.2278
DIAMONDS TWO SPADES FOUR,0.6476,0.0058,0.3466
HEARTS FIVE DIAMONDS ACE,0.6296,0.1178,0.2526
DIAMONDS KING DIAMONDS SEVEN,0.6046,0.005,0.3904
SPADES KING CLUBS TWO,0.6488,0.0034,0.3478
SPADES FOUR HEARTS QUEEN,0.6448,0.0044,0.3508
CLUBS NINE SPADES SIX,0.6452,0.003,0.3518
HEARTS SEVEN HEARTS THREE,0.6466,0.0042,0.3492
SPADES EIGHT DIAMONDS JACK,0.6358,0.0032,0.361
SPADES KING CLUBS EIGHT,0.6544,0.0026,0.343
DIAMONDS QUEEN DIAMONDS NINE,0.5996,0.0064,0.394
CLUBS ACE HEARTS EIGHT,0.6578,0.1152,0.227
CLUBS NINE DIAMONDS QUEEN,0.625,0.0034,0.3716
CLUBS JACK HEARTS THREE,0.6604,0.0046,0.335
SPADES TEN SPADES THREE,0.7118,0.0206,0.2676
HEARTS KING HEARTS JACK,0.5676,0.003,0.4294
DIAMONDS SIX DIAMONDS FIVE,0.6044,0.0046,0.391
DIAMONDS THREE HEARTS JACK,0.658,0.0044,0.3376
SPADES JACK CLUBS THREE,0.6496,0.0044,0.346
CLUBS SIX DIAMONDS NINE,0.67,0.0042,0.3258
SPADES JACK SPADES TEN,0.6648,0.0162,0.319
SPADES FIVE DIAMONDS EIGHT,0.6548,0.0052,0.34
CLUBS JACK HEARTS SEVEN,0.6472,0.0048,0.348
DIAMONDS THREE SPADES SIX,0.6548,0.0024,0.3428
DIAMONDS THREE HEARTS TEN,0.7674,0.0268,0.2058
SPADES SIX DIAMONDS NINE,0.6576,0.004,0.3384
DIAMONDS KING DIAMONDS FIVE,0.6038,0.007,0.3892
CLUBS FOUR SPADES TWO,0.6564,0.0038,0.3398
SPADES TEN SPADES NINE,0.676,0.02,0.304
SPADES FIVE HEARTS NINE,0.666,0.0042,0.3298
DIAMONDS KING DIAMONDS SIX,0.6152,0.0042,0.3806
HEARTS FIVE SPADES THREE,0.639,0.0056,0.3554
DIAMONDS SEVEN DIAMONDS FOUR,0.632,0.0046,0.3634
CLUBS SEVEN SPADES FOUR,0.654,0.0024,0.3436
DIAMONDS EIGHT HEARTS JACK,0.6324,0.0044,0.3632
CLUBS TEN CLUBS KING,0.6736,0.017,0.3094
CLUBS FIVE CLUBS QUEEN,0.6054,0.0028,0.3918
CLUBS FOUR CLUBS KING,0.6004,0.0036,0.396
CLUBS NINE CLUBS FOUR,0.6288,0.0036,0.3676
DIAMONDS TWO HEARTS JACK,0.6686,0.0054,0.326
CLUBS TEN CLUBS FOUR,0.7024,0.025,0.2726
CLUBS SEVEN CLUBS ACE,0.5996,0.12,0.2804
CLUBS JACK SPADES NINE,0.6072,0.0038,0.389
DIAMONDS THREE CLUBS TEN,0.7606,0.0254,0.214
HEARTS THREE SPADES TWO,0.6656,0.0054,0.329
DIAMONDS ACE CLUBS ACE,0.0702,0.0142,0.9156
DIAMONDS ACE CLUBS THREE,0.6308,0.1244,0.2448
HEARTS SEVEN CLUBS SIX,0.64,0.0054,0.3546
SPADES QUEEN HEARTS TWO,0.6574,0.004,0.3386
SPADES QUEEN DIAMONDS JACK,0.5912,0.0038,0.405
DIAMONDS NINE HEARTS NINE,0.4684,0.0056,0.526
CLUBS NINE DIAMONDS JACK,0.6126,0.0028,0.3846
DIAMONDS ACE HEARTS KING,0.233,0.0512,0.7158
HEARTS FIVE HEARTS THREE,0.6232,0.005,0.3718
SPADES EIGHT DIAMONDS SEVEN,0.626,0.0038,0.3702
HEARTS TWO HEARTS TEN,0.728,0.0202,0.2518
DIAMONDS ACE HEARTS NINE,0.6532,0.1212,0.2256
SPADES ACE CLUBS SIX,0.6622,0.1126,0.2252
SPADES JACK HEARTS NINE,0.6186,0.0046,0.3768
CLUBS ACE DIAMONDS SIX,0.648,0.1222,0.2298
CLUBS SIX DIAMONDS QUEEN,0.645,0.004,0.351
HEARTS FIVE DIAMONDS SIX,0.6294,0.0068,0.3638
CLUBS SIX SPADES SEVEN,0.6184,0.0026,0.379
CLUBS TEN DIAMONDS NINE,0.7074,0.0218,0.2708
DIAMONDS TWO DIAMONDS FOUR,0.6296,0.0074,0.363
SPADES QUEEN CLUBS QUEEN,0.3092,0.0022,0.6886
CLUBS JACK SPADES EIGHT,0.627,0.0032,0.3698
DIAMONDS JACK SPADES FOUR,0.6458,0.0036,0.3506
CLUBS SEVEN CLUBS FIVE,0.6064,0.0036,0.39
SPADES SEVEN DIAMONDS JACK,0.6316,0.0048,0.3636
HEARTS KING SPADES TWO,0.6592,0.0074,0.3334
SPADES ACE CLUBS TEN,0.0216,0.958,0.0204
DIAMONDS TWO SPADES JACK,0.659,0.0056,0.3354
SPADES EIGHT HEARTS NINE,0.633,0.0028,0.3642
CLUBS SEVEN CLUBS KING,0.5916,0.0032,0.4052
SPADES FIVE DIAMONDS SEVEN,0.6476,0.004,0.3484
SPADES TWO DIAMONDS FOUR,0.6562,0.0066,0.3372
HEARTS QUEEN DIAMONDS SEVEN,0.6614,0.0044,0.3342
SPADES ACE DIAMONDS TWO,0.6402,0.1214,0.2384
SPADES NINE CLUBS TWO,0.6826,0.0042,0.3132
SPADES THREE HEARTS TEN,0.7628,0.0244,0.2128
HEARTS SEVEN SPADES NINE,0.6288,0.0028,0.3684
DIAMONDS FIVE HEARTS EIGHT,0.6526,0.006,0.3414
SPADES NINE DIAMONDS JACK,0.6198,0.0044,0.3758
HEARTS JACK DIAMONDS FIVE,0.6648,0.0046,0.3306
HEARTS FOUR DIAMONDS NINE,0.6816,0.0042,0.3142
CLUBS TEN HEARTS TWO,0.7518,0.026,0.2222
SPADES ACE SPADES SIX,0.6072,0.1086,0.2842
HEARTS SIX CLUBS TWO,0.6682,0.0048,0.327
SPADES TEN SPADES SIX,0.6938,0.0206,0.2856
CLUBS TEN DIAMONDS JACK,0.7066,0.0176,0.2758
DIAMONDS THREE CLUBS FIVE,0.6412,0.0038,0.355
SPADES JACK SPADES FOUR,0.6126,0.0032,0.3842
HEARTS JACK HEARTS EIGHT,0.6004,0.0048,0.3948
SPADES TEN CLUBS QUEEN,0.7194,0.0192,0.2614
HEARTS KING SPADES THREE,0.656,0.0068,0.3372
DIAMONDS NINE SPADES TWO,0.6922,0.0058,0.302
HEARTS SIX SPADES QUEEN,0.6526,0.0048,0.3426
CLUBS FIVE CLUBS ACE,0.6006,0.117,0.2824
CLUBS SEVEN CLUBS TWO,0.6476,0.0036,0.3488
CLUBS TWO HEARTS EIGHT,0.677,0.0042,0.3188
DIAMONDS SEVEN DIAMONDS FIVE,0.6158,0.0042,0.38
SPADES FIVE SPADES FOUR,0.5884,0.0046,0.407
HEARTS SEVEN HEARTS KING,0.6204,0.0044,0.3752
SPADES EIGHT DIAMONDS ACE,0.6368,0.1238,0.2394
CLUBS SIX CLUBS TWO,0.6224,0.0052,0.3724
SPADES SEVEN SPADES SIX,0.596,0.0038,0.4002
DIAMONDS THREE SPADES NINE,0.6762,0.0034,0.3204
DIAMONDS KING SPADES THREE,0.6464,0.0038,0.3498
HEARTS TEN CLUBS KING,0.7402,0.0206,0.2392
CLUBS TEN CLUBS QUEEN,0.6738,0.0162,0.31
SPADES KING HEARTS TEN,0.7314,0.0214,0.2472
HEARTS FOUR HEARTS TEN,0.705,0.0268,0.2682
SPADES TWO HEARTS JACK,0.6626,0.0046,0.3328
SPADES KING SPADES TWO,0.6144,0.0046,0.381
CLUBS TWO DIAMONDS NINE,0.6866,0.0042,0.3092
HEARTS FOUR SPADES FOUR,0.4904,0.0032,0.5064
CLUBS EIGHT DIAMONDS QUEEN,0.6362,0.0028,0.361
HEARTS JACK HEARTS NINE,0.5856,0.0036,0.4108
SPADES QUEEN CLUBS TWO,0.6588,0.0032,0.338
HEARTS FIVE SPADES TWO,0.6578,0.0064,0.3358
SPADES THREE DIAMONDS SIX,0.669,0.004,0.327
DIAMONDS KING CLUBS TWO,0.6558,0.0042,0.34
SPADES NINE SPADES FIVE,0.6286,0.002,0.3694
CLUBS SEVEN HEARTS THREE,0.6726,0.0052,0.3222
DIAMONDS THREE DIAMONDS TWO,0.6368,0.0068,0.3564
SPADES TEN HEARTS KING,0.7438,0.0182,0.238
HEARTS KING HEARTS NINE,0.6178,0.0052,0.377
HEARTS FIVE SPADES TEN,0.7524,0.0244,0.2232
SPADES KING HEARTS QUEEN,0.5894,0.0046,0.406
DIAMONDS TWO SPADES NINE,0.687,0.0032,0.3098
DIAMONDS THREE CLUBS ACE,0.6404,0.1202,0.2394
HEARTS THREE HEARTS TEN,0.7264,0.0264,0.2472
HEARTS SEVEN HEARTS SIX,0.6066,0.0056,0.3878
DIAMONDS TWO HEARTS THREE,0.6724,0.006,0.3216
CLUBS KING HEARTS EIGHT,0.6506,0.005,0.3444
CLUBS JACK SPADES JACK,0.3166,0.0024,0.681
HEARTS THREE SPADES NINE,0.6882,0.006,0.3058
SPADES KING SPADES JACK,0.5492,0.0034,0.4474
SPADES FOUR CLUBS ACE,0.6326,0.1142,0.2532
CLUBS FOUR DIAMONDS EIGHT,0.661,0.004,0.335
SPADES JACK HEARTS FOUR,0.6602,0.0046,0.3352
DIAMONDS ACE SPADES SEVEN,0.6484,0.1194,0.2322
SPADES ACE SPADES FIVE,0.5812,0.1096,0.3092
DIAMONDS ACE DIAMONDS FIVE,0.6006,0.1114,0.288
DIAMONDS SEVEN HEARTS EIGHT,0.6322,0.004,0.3638
HEARTS TWO DIAMONDS KING,0.6538,0.0052,0.341
SPADES ACE CLUBS KING,0.245,0.0416,0.7134
CLUBS EIGHT SPADES SEVEN,0.631,0.0028,0.3662
CLUBS EIGHT HEARTS QUEEN,0.6506,0.0034,0.346
SPADES ACE SPADES THREE,0.5922,0.1154,0.2924
DIAMONDS JACK SPADES THREE,0.6412,0.004,0.3548
CLUBS ACE DIAMONDS FOUR,0.6294,0.118,0.2526
SPADES KING DIAMONDS QUEEN,0.5896,0.0058,0.4046
SPADES JACK SPADES SEVEN,0.588,0.0038,0.4082
SPADES QUEEN CLUBS THREE,0.6528,0.0042,0.343
CLUBS EIGHT CLUBS FOUR,0.6234,0.0034,0.3732
DIAMONDS KING SPADES SIX,0.6416,0.004,0.3544
HEARTS TWO SPADES EIGHT,0.6866,0.0046,0.3088
CLUBS NINE DIAMONDS KING,0.6296,0.0044,0.366
CLUBS ACE CLUBS KING,0.2378,0.044,0.7182
CLUBS SEVEN CLUBS QUEEN,0.6192,0.0046,0.3762
SPADES FOUR DIAMONDS EIGHT,0.6654,0.0034,0.3312
CLUBS FIVE DIAMONDS KING,0.64,0.0072,0.3528
CLUBS FIVE CLUBS THREE,0.5964,0.003,0.4006
CLUBS JACK DIAMONDS QUEEN,0.5958,0.0036,0.4006
SPADES ACE DIAMONDS SIX,0.6514,0.1188,0.2298
SPADES KING DIAMONDS NINE,0.6414,0.0038,0.3548
HEARTS SIX SPADES SIX,0.4828,0.0034,0.5138
DIAMONDS NINE CLUBS QUEEN,0.6362,0.0046,0.3592
CLUBS EIGHT SPADES EIGHT,0.4558,0.0018,0.5424
SPADES TEN SPADES EIGHT,0.673,0.0202,0.3068
HEARTS SIX CLUBS NINE,0.65,0.0018,0.3482
HEARTS FOUR DIAMONDS ACE,0.6322,0.1258,0.242
SPADES EIGHT SPADES THREE,0.6302,0.0048,0.365
CLUBS JACK DIAMONDS SEVEN,0.6412,0.004,0.3548
CLUBS JACK CLUBS EIGHT,0.5836,0.0038,0.4126
SPADES ACE CLUBS FIVE,0.6296,0.1214,0.249
CLUBS NINE HEARTS KING,0.6424,0.0044,0.3532
HEARTS NINE DIAMONDS FOUR,0.683,0.0052,0.3118
SPADES FIVE CLUBS QUEEN,0.6392,0.0032,0.3576
HEARTS THREE CLUBS TWO,0.656,0.0048,0.3392
HEARTS FOUR CLUBS THREE,0.6552,0.0048,0.34
HEARTS FIVE HEARTS NINE,0.6342,0.0042,0.3616
DIAMONDS ACE CLUBS QUEEN,0.2378,0.0656,0.6966
SPADES SIX CLUBS THREE,0.6568,0.0036,0.3396
SPADES NINE SPADES THREE,0.6458,0.0046,0.3496
CLUBS NINE CLUBS QUEEN,0.5884,0.004,0.4076
CLUBS JACK CLUBS FIVE,0.6048,0.003,0.3922
SPADES SEVEN SPADES FIVE,0.6008,0.0048,0.3944
SPADES TWO HEARTS EIGHT,0.678,0.0044,0.3176
CLUBS FOUR DIAMONDS KING,0.643,0.0038,0.3532
CLUBS SEVEN DIAMONDS EIGHT,0.6364,0.0026,0.361
SPADES KING SPADES EIGHT,0.6088,0.0044,0.3868
SPADES THREE CLUBS KING,0.64,0.0052,0.3548
CLUBS SIX DIAMONDS SIX,0.472,0.0028,0.5252
HEARTS SEVEN DIAMONDS THREE,0.6798,0.0048,0.3154
HEARTS THREE DIAMONDS EIGHT,0.6932,0.0038,0.303
HEARTS THREE SPADES FOUR,0.6418,0.0064,0.3518
HEARTS SEVEN SPADES TWO,0.6834,0.0058,0.3108
DIAMONDS TWO CLUBS SIX,0.6678,0.0032,0.329
HEARTS SEVEN SPADES QUEEN,0.6494,0.004,0.3466
CLUBS TEN SPADES SEVEN,0.721,0.024,0.255
CLUBS FOUR HEARTS JACK,0.6596,0.0036,0.3368
HEARTS FIVE DIAMONDS EIGHT,0.6572,0.004,0.3388
DIAMONDS EIGHT DIAMONDS SEVEN,0.6024,0.0042,0.3934
HEARTS SIX DIAMONDS EIGHT,0.6386,0.0036,0.3578
DIAMONDS KING CLUBS KING,0.2908,0.0042,0.705
CLUBS FOUR DIAMONDS QUEEN,0.654,0.0054,0.3406
DIAMONDS TWO HEARTS KING,0.665,0.0062,0.3288
CLUBS KING DIAMONDS FOUR,0.65,0.0044,0.3456
SPADES ACE HEARTS FIVE,0.6326,0.114,0.2534
SPADES FIVE CLUBS ACE,0.6382,0.1096,0.2522
CLUBS JACK HEARTS TEN,0.7138,0.0188,0.2674
DIAMONDS KING HEARTS QUEEN,0.6064,0.0056,0.388
DIAMONDS NINE DIAMONDS EIGHT,0.5966,0.0044,0.399
SPADES FOUR CLUBS QUEEN,0.645,0.0018,0.3532
CLUBS THREE HEARTS JACK,0.6504,0.0076,0.342
SPADES NINE DIAMONDS SEVEN,0.6432,0.0024,0.3544
CLUBS TEN SPADES EIGHT,0.7134,0.015,0.2716
DIAMONDS EIGHT CLUBS ACE,0.6514,0.1232,0.2254
CLUBS SEVEN DIAMONDS SIX,0.6408,0.0042,0.355
SPADES ACE CLUBS ACE,0.0812,0.0146,0.9042
SPADES SIX HEARTS NINE,0.6542,0.0044,0.3414
HEARTS FOUR SPADES SIX,0.6392,0.0054,0.3554
CLUBS NINE DIAMONDS EIGHT,0.6342,0.0046,0.3612
CLUBS SIX DIAMONDS ACE,0.6544,0.1094,0.2362
CLUBS EIGHT HEARTS TWO,0.6764,0.0058,0.3178
CLUBS NINE CLUBS ACE,0.6138,0.1172,0.269
HEARTS TWO DIAMONDS JACK,0.6552,0.0048,0.34
DIAMONDS TWO HEARTS NINE,0.6904,0.0062,0.3034
HEARTS SIX CLUBS FIVE,0.6246,0.0034,0.372
DIAMONDS TWO HEARTS EIGHT,0.6894,0.0062,0.3044
HEARTS SIX DIAMONDS TWO,0.6872,0.0056,0.3072
HEARTS SEVEN SPADES JACK,0.6544,0.0044,0.3412
SPADES NINE CLUBS SIX,0.6506,0.0026,0.3468
HEARTS KING DIAMONDS SEVEN,0.6548,0.0036,0.3416
SPADES NINE DIAMONDS KING,0.6376,0.004,0.3584
CLUBS FIVE DIAMONDS JACK,0.6428,0.0032,0.354
HEARTS QUEEN HEARTS JACK,0.5602,0.0056,0.4342
CLUBS FOUR DIAMONDS FIVE,0.6246,0.0046,0.3708
DIAMONDS KING SPADES FOUR,0.6446,0.004,0.3514
HEARTS NINE CLUBS QUEEN,0.6296,0.0028,0.3676
CLUBS SIX HEARTS QUEEN,0.6428,0.003,0.3542
SPADES JACK HEARTS THREE,0.6588,0.004,0.3372
DIAMONDS QUEEN HEARTS JACK,0.5932,0.0058,0.401
HEARTS THREE HEARTS JACK,0.6216,0.005,0.3734
HEARTS SEVEN CLUBS SEVEN,0.4804,0.0024,0.5172
SPADES FOUR DIAMONDS SIX,0.6524,0.0036,0.344
SPADES NINE SPADES SIX,0.5982,0.0022,0.3996
HEARTS FOUR CLUBS ACE,0.6302,0.1198,0.25
SPADES EIGHT CLUBS QUEEN,0.64,0.0052,0.3548
HEARTS TWO CLUBS FIVE,0.655,0.0062,0.3388
CLUBS TWO DIAMONDS JACK,0.6572,0.0042,0.3386
SPADES KING CLUBS THREE,0.6396,0.005,0.3554
DIAMONDS QUEEN HEARTS NINE,0.621,0.0064,0.3726
SPADES QUEEN CLUBS NINE,0.6352,0.0024,0.3624
SPADES NINE DIAMONDS NINE,0.4664,0.0042,0.5294
SPADES FOUR DIAMONDS FOUR,0.4724,0.0058,0.5218
SPADES ACE HEARTS THREE,0.6516,0.1278,0.2206
DIAMONDS JACK CLUBS ACE,0.2228,0.097,0.6802
CLUBS JACK SPADES SIX,0.6544,0.0022,0.3434
DIAMONDS TWO CLUBS SEVEN,0.671,0.0032,0.3258
SPADES SEVEN HEARTS NINE,0.6416,0.0044,0.354
CLUBS TEN HEARTS SIX,0.7384,0.024,0.2376
SPADES QUEEN HEARTS KING,0.5998,0.0052,0.395
DIAMONDS KING HEARTS KING,0.2822,0.002,0.7158
SPADES NINE CLUBS ACE,0.643,0.1184,0.2386
CLUBS JACK CLUBS FOUR,0.6038,0.0046,0.3916
DIAMONDS TWO CLUBS NINE,0.6844,0.0024,0.3132
CLUBS SIX CLUBS THREE,0.6072,0.0044,0.3884
HEARTS KING HEARTS EIGHT,0.6186,0.007,0.3744
SPADES SIX SPADES FIVE,0.5876,0.0026,0.4098
SPADES EIGHT SPADES FIVE,0.589,0.0034,0.4076
CLUBS FOUR HEARTS QUEEN,0.6506,0.0034,0.346
DIAMONDS THREE HEARTS NINE,0.6932,0.0048,0.302
HEARTS QUEEN DIAMONDS FIVE,0.6592,0.006,0.3348
SPADES EIGHT HEARTS QUEEN,0.6478,0.0046,0.3476
SPADES FIVE CLUBS KING,0.6476,0.0034,0.349
CLUBS SEVEN SPADES FIVE,0.646,0.0034,0.3506
DIAMONDS ACE DIAMONDS QUEEN,0.2294,0.0634,0.7072
DIAMONDS THREE DIAMONDS EIGHT,0.6418,0.0044,0.3538
DIAMONDS KING CLUBS ACE,0.2396,0.0482,0.7122
HEARTS FOUR SPADES EIGHT,0.6888,0.003,0.3082
SPADES QUEEN DIAMONDS SIX,0.6544,0.005,0.3406
CLUBS THREE CLUBS TWO,0.612,0.0052,0.3828
SPADES SIX HEARTS JACK,0.654,0.003,0.343
SPADES TEN HEARTS EIGHT,0.7008,0.0254,0.2738
DIAMONDS THREE DIAMONDS SEVEN,0.634,0.0048,0.3612
SPADES KING SPADES THREE,0.6058,0.0044,0.3898
CLUBS NINE SPADES EIGHT,0.6244,0.0018,0.3738
SPADES EIGHT HEARTS KING,0.645,0.0048,0.3502
CLUBS SIX CLUBS FIVE,0.5936,0.0036,0.4028
SPADES QUEEN DIAMONDS KING,0.5982,0.005,0.3968
HEARTS TWO CLUBS THREE,0.6666,0.0058,0.3276
HEARTS FIVE HEARTS QUEEN,0.6102,0.005,0.3848
CLUBS ACE HEARTS TEN,0.0174,0.9724,0.0102
SPADES KING DIAMONDS KING,0.2846,0.0034,0.712
HEARTS FIVE CLUBS SIX,0.6316,0.0054,0.363
SPADES SEVEN CLUBS QUEEN,0.6354,0.0038,0.3608
CLUBS SEVEN HEARTS QUEEN,0.6524,0.0034,0.3442
SPADES FOUR HEARTS JACK,0.646,0.0034,0.3506
DIAMONDS KING CLUBS THREE,0.6482,0.0046,0.3472
HEARTS THREE HEARTS TWO,0.6296,0.0054,0.365
CLUBS TEN CLUBS NINE,0.665,0.0196,0.3154
SPADES THREE SPADES TWO,0.6176,0.0032,0.3792
DIAMONDS EIGHT CLUBS QUEEN,0.6484,0.004,0.3476
DIAMONDS SIX DIAMONDS FOUR,0.626,0.004,0.37
SPADES KING HEARTS EIGHT,0.6558,0.005,0.3392
DIAMONDS QUEEN HEARTS EIGHT,0.6356,0.0046,0.3598
CLUBS TWO HEARTS JACK,0.6602,0.0062,0.3336
HEARTS SEVEN CLUBS TEN,0.716,0.0232,0.2608
HEARTS FOUR CLUBS SIX,0.6352,0.004,0.3608
DIAMONDS EIGHT HEARTS EIGHT,0.4622,0.0034,0.5344
HEARTS SEVEN DIAMONDS TWO,0.6954,0.005,0.2996
HEARTS KING DIAMONDS SIX,0.6496,0.0062,0.3442
HEARTS FOUR SPADES NINE,0.6776,0.004,0.3184
SPADES TEN DIAMONDS KING,0.7306,0.02,0.2494
HEARTS THREE CLUBS KING,0.6562,0.0044,0.3394
CLUBS ACE CLUBS QUEEN,0.231,0.0614,0.7076
SPADES TWO CLUBS ACE,0.6272,0.1212,0.2516
SPADES TEN CLUBS SIX,0.7338,0.026,0.2402
DIAMONDS KING DIAMONDS NINE,0.6136,0.0036,0.3828
CLUBS THREE DIAMONDS FOUR,0.6404,0.0048,0.3548
CLUBS EIGHT SPADES NINE,0.6262,0.0032,0.3706
SPADES SIX SPADES FOUR,0.5982,0.0056,0.3962
CLUBS QUEEN HEARTS EIGHT,0.6442,0.0036,0.3522
DIAMONDS JACK HEARTS TEN,0.705,0.018,0.277
SPADES SEVEN HEARTS TEN,0.7358,0.0206,0.2436
SPADES TEN CLUBS TWO,0.748,0.0228,0.2292
HEARTS THREE HEARTS KING,0.6288,0.0036,0.3676
CLUBS JACK CLUBS QUEEN,0.5632,0.0036,0.4332
SPADES JACK CLUBS TWO,0.6614,0.0034,0.3352
HEARTS SEVEN SPADES THREE,0.6768,0.0042,0.319
CLUBS EIGHT DIAMONDS JACK,0.6188,0.0044,0.3768
CLUBS FIVE HEARTS KING,0.6484,0.0032,0.3484
SPADES JACK DIAMONDS FOUR,0.647,0.0038,0.3492
HEARTS FOUR DIAMONDS SEVEN,0.6586,0.0046,0.3368
DIAMONDS JACK CLUBS KING,0.6016,0.0048,0.3936
CLUBS SIX HEARTS TWO,0.6654,0.005,0.3296
DIAMONDS QUEEN HEARTS QUEEN,0.2954,0.0074,0.6972
SPADES FOUR SPADES TWO,0.6102,0.0052,0.3846
CLUBS FOUR HEARTS KING,0.6418,0.0038,0.3544
DIAMONDS QUEEN HEARTS KING,0.5964,0.0078,0.3958
SPADES SEVEN CLUBS KING,0.6402,0.0032,0.3566
SPADES ACE CLUBS JACK,0.2336,0.0876,0.6788
DIAMONDS SEVEN HEARTS TEN,0.725,0.0246,0.2504
DIAMONDS TWO CLUBS EIGHT,0.6908,0.0046,0.3046
HEARTS QUEEN DIAMONDS EIGHT,0.6458,0.0044,0.3498
SPADES SIX CLUBS QUEEN,0.6542,0.0028,0.343
CLUBS FIVE SPADES THREE,0.6434,0.0056,0.351
CLUBS THREE CLUBS KING,0.6056,0.0048,0.3896
CLUBS EIGHT HEARTS JACK,0.616,0.0048,0.3792
SPADES EIGHT CLUBS TWO,0.6776,0.0044,0.318
HEARTS SIX DIAMONDS QUEEN,0.654,0.0038,0.3422
CLUBS SEVEN SPADES EIGHT,0.6202,0.004,0.3758
DIAMONDS THREE DIAMONDS ACE,0.6132,0.1126,0.2742
CLUBS TWO HEARTS KING,0.6702,0.0048,0.325
DIAMONDS KING HEARTS NINE,0.6484,0.0034,0.3482
SPADES KING DIAMONDS TWO,0.6676,0.0054,0.327
CLUBS TWO CLUBS KING,0.6212,0.0038,0.375
DIAMONDS FIVE CLUBS QUEEN,0.6582,0.0062,0.3356
HEARTS FOUR DIAMONDS JACK,0.6638,0.005,0.3312
DIAMONDS QUEEN SPADES TWO,0.6546,0.0042,0.3412
HEARTS FOUR CLUBS FIVE,0.6308,0.0038,0.3654
HEARTS FIVE CLUBS ACE,0.6412,0.1194,0.2394
CLUBS NINE SPADES FIVE,0.6648,0.005,0.3302
HEARTS FIVE SPADES FOUR,0.619,0.004,0.377
DIAMONDS THREE SPADES FOUR,0.6526,0.0048,0.3426
SPADES SEVEN CLUBS FOUR,0.6516,0.0032,0.3452
HEARTS THREE CLUBS THREE,0.4932,0.0052,0.5016
SPADES SEVEN DIAMONDS SIX,0.6388,0.0036,0.3576
HEARTS FOUR HEARTS NINE,0.6354,0.006,0.3586
HEARTS EIGHT DIAMONDS FOUR,0.6748,0.0054,0.3198
CLUBS JACK SPADES SEVEN,0.6454,0.0024,0.3522
DIAMONDS EIGHT DIAMONDS SIX,0.6158,0.0036,0.3806
CLUBS EIGHT SPADES SIX,0.6332,0.0034,0.3634
CLUBS FOUR DIAMONDS SEVEN,0.6614,0.0044,0.3342
SPADES QUEEN SPADES SIX,0.6108,0.0034,0.3858
SPADES NINE HEARTS TEN,0.708,0.0202,0.2718
CLUBS KING CLUBS QUEEN,0.5596,0.0054,0.435
