opposingHand,winningChance,drawChance,lostChance
HEARTS SEVEN DIAMONDS JACK
SPADES SIX DIAMONDS QUEEN,0.3924,0.0104,0.5972
CLUBS FIVE HEARTS QUEEN,0.394,0.0116,0.5944
DIAMONDS QUEEN DIAMONDS SIX,0.3876,0.0096,0.6028
HEARTS QUEEN HEARTS NINE,0.3378,0.0118,0.6504
SPADES FIVE HEARTS QUEEN,0.4084,0.0102,0.5814
SPADES JACK HEARTS FOUR,0.4686,0.3094,0.222
DIAMONDS ACE DIAMONDS SIX,0.3908,0.004,0.6052
SPADES ACE HEARTS ACE,0.1448,0.0038,0.8514
CLUBS TWO SPADES THREE,0.6452,0.0202,0.3346
SPADES QUEEN SPADES FIVE,0.3566,0.0094,0.634
HEARTS TWO DIAMONDS SIX,0.6636,0.025,0.3114
SPADES FIVE SPADES THREE,0.585,0.0178,0.3972
HEARTS FIVE CLUBS QUEEN,0.4028,0.0158,0.5814
DIAMONDS THREE HEARTS KING,0.4066,0.0088,0.5846
DIAMONDS THREE CLUBS TWO,0.647,0.0206,0.3324
CLUBS JACK SPADES FIVE,0.477,0.282,0.241
SPADES TEN SPADES SIX,0.5804,0.0136,0.406
SPADES THREE HEARTS TEN,0.633,0.0204,0.3466
CLUBS FOUR SPADES TWO,0.6356,0.0198,0.3446
SPADES ACE CLUBS TWO,0.4078,0.0054,0.5868
SPADES SEVEN CLUBS FOUR,0.681,0.0596,0.2594
SPADES ACE DIAMONDS THREE,0.409,0.0046,0.5864
DIAMONDS ACE DIAMONDS EIGHT,0.3558,0.0048,0.6394
DIAMONDS TEN SPADES TWO,0.6354,0.0152,0.3494
HEARTS EIGHT DIAMONDS ACE,0.354,0.0054,0.6406
HEARTS EIGHT CLUBS SEVEN,0.6628,0.0474,0.2898
SPADES EIGHT DIAMONDS FIVE,0.6352,0.0178,0.347
CLUBS FOUR HEARTS JACK,0.474,0.303,0.223
CLUBS THREE SPADES FIVE,0.6286,0.0196,0.3518
DIAMONDS KING DIAMONDS NINE,0.3438,0.0064,0.6498
SPADES JACK DIAMONDS KING,0.25,0.032,0.718
CLUBS NINE SPADES SIX,0.6256,0.0166,0.3578
HEARTS EIGHT DIAMONDS FOUR,0.6266,0.019,0.3544
SPADES EIGHT HEARTS QUEEN,0.3622,0.0106,0.6272
HEARTS FOUR SPADES TWO,0.6396,0.0206,0.3398
DIAMONDS FIVE CLUBS QUEEN,0.4082,0.0088,0.583
CLUBS FOUR DIAMONDS FIVE,0.6012,0.0206,0.3782
CLUBS SIX SPADES SEVEN,0.661,0.0614,0.2776
HEARTS TWO SPADES FIVE,0.6454,0.0196,0.335
SPADES FOUR HEARTS TEN,0.6242,0.0194,0.3564
SPADES QUEEN CLUBS EIGHT,0.3686,0.01,0.6214
HEARTS JACK DIAMONDS FIVE,0.4744,0.298,0.2276
CLUBS EIGHT SPADES NINE,0.5668,0.0162,0.417
SPADES KING DIAMONDS FIVE,0.407,0.0072,0.5858
SPADES SIX CLUBS TWO,0.6478,0.0184,0.3338
SPADES ACE CLUBS EIGHT,0.3674,0.003,0.6296
CLUBS JACK DIAMONDS NINE,0.2338,0.172,0.5942
SPADES JACK DIAMONDS FOUR,0.4816,0.304,0.2144
SPADES FOUR CLUBS KING,0.4,0.0094,0.5906
CLUBS ACE CLUBS KING,0.308,0.0032,0.6888
DIAMONDS EIGHT DIAMONDS FIVE,0.5896,0.0156,0.3948
HEARTS NINE DIAMONDS FOUR,0.6258,0.0164,0.3578
SPADES SIX CLUBS QUEEN,0.408,0.009,0.583
DIAMONDS SEVEN DIAMONDS FIVE,0.6318,0.0604,0.3078
SPADES QUEEN DIAMONDS QUEEN,0.149,0.0094,0.8416
DIAMONDS ACE CLUBS THREE,0.3968,0.0048,0.5984
HEARTS FOUR CLUBS FOUR,0.4256,0.0428,0.5316
CLUBS FIVE SPADES TWO,0.6322,0.021,0.3468
DIAMONDS ACE DIAMONDS KING,0.3218,0.005,0.6732
SPADES EIGHT HEARTS NINE,0.5604,0.0162,0.4234
CLUBS FOUR HEARTS ACE,0.404,0.002,0.594
SPADES TEN HEARTS THREE,0.6458,0.0136,0.3406
DIAMONDS KING CLUBS ACE,0.339,0.0042,0.6568
HEARTS THREE DIAMONDS NINE,0.6334,0.0208,0.3458
HEARTS TWO DIAMONDS FOUR,0.6454,0.021,0.3336
HEARTS THREE HEARTS TWO,0.6118,0.019,0.3692
CLUBS FIVE SPADES SEVEN,0.6662,0.0584,0.2754
CLUBS SEVEN CLUBS TWO,0.659,0.0658,0.2752
DIAMONDS TWO CLUBS QUEEN,0.4156,0.01,0.5744
SPADES KING HEARTS FOUR,0.4158,0.0068,0.5774
HEARTS KING HEARTS NINE,0.3436,0.0066,0.6498
SPADES JACK HEARTS NINE,0.2214,0.1692,0.6094
HEARTS TWO HEARTS JACK,0.4614,0.2878,0.2508
SPADES NINE SPADES SEVEN,0.6414,0.0498,0.3088
CLUBS FIVE DIAMONDS SIX,0.6112,0.0188,0.37
HEARTS SIX SPADES JACK,0.4962,0.2918,0.212
CLUBS JACK SPADES KING,0.238,0.0304,0.7316
HEARTS FOUR DIAMONDS NINE,0.6406,0.0186,0.3408
HEARTS FOUR DIAMONDS EIGHT,0.6326,0.0224,0.345
CLUBS NINE CLUBS FOUR,0.5876,0.02,0.3924
SPADES EIGHT DIAMONDS SEVEN,0.6672,0.056,0.2768
DIAMONDS THREE SPADES EIGHT,0.6496,0.0154,0.335
SPADES QUEEN HEARTS QUEEN,0.1546,0.0094,0.836
HEARTS THREE DIAMONDS SEVEN,0.7084,0.0616,0.23
DIAMONDS KING HEARTS JACK,0.2302,0.0328,0.737
DIAMONDS KING CLUBS THREE,0.4092,0.0074,0.5834
DIAMONDS THREE HEARTS TEN,0.6368,0.0166,0.3466
SPADES KING DIAMONDS KING,0.1474,0.0064,0.8462
DIAMONDS ACE HEARTS KING,0.3166,0.0062,0.6772
CLUBS TEN HEARTS TEN,0.2736,0.0242,0.7022
SPADES JACK DIAMONDS SEVEN,0.019,0.9696,0.0114
HEARTS TEN HEARTS NINE,0.5042,0.018,0.4778
DIAMONDS THREE SPADES SEVEN,0.6942,0.067,0.2388
SPADES KING CLUBS THREE,0.4148,0.0062,0.579
SPADES ACE HEARTS QUEEN,0.325,0.0048,0.6702
DIAMONDS NINE CLUBS ACE,0.3728,0.0042,0.623
SPADES JACK SPADES SEVEN,0.025,0.8976,0.0774
CLUBS TWO HEARTS NINE,0.6274,0.0206,0.352
CLUBS JACK CLUBS ACE,0.228,0.0212,0.7508
CLUBS EIGHT CLUBS KING,0.3514,0.0042,0.6444
CLUBS SEVEN SPADES TWO,0.7064,0.0652,0.2284
DIAMONDS ACE SPADES FOUR,0.3946,0.0052,0.6002
SPADES KING HEARTS TEN,0.3414,0.006,0.6526
SPADES ACE DIAMONDS FOUR,0.4142,0.0038,0.582
CLUBS THREE HEARTS QUEEN,0.398,0.0146,0.5874
HEARTS TWO SPADES TWO,0.4514,0.037,0.5116
CLUBS TWO DIAMONDS NINE,0.6466,0.0168,0.3366
DIAMONDS EIGHT HEARTS NINE,0.5676,0.0166,0.4158
SPADES EIGHT SPADES THREE,0.5936,0.0194,0.387
SPADES ACE HEARTS FIVE,0.396,0.0042,0.5998
SPADES SIX CLUBS ACE,0.4078,0.0024,0.5898
SPADES FIVE DIAMONDS FOUR,0.6086,0.0192,0.3722
DIAMONDS KING DIAMONDS QUEEN,0.3108,0.009,0.6802
CLUBS SIX DIAMONDS SIX,0.4338,0.0356,0.5306
DIAMONDS THREE DIAMONDS KING,0.3866,0.007,0.6064
CLUBS TEN HEARTS FIVE,0.6356,0.0184,0.346
DIAMONDS THREE CLUBS THREE,0.4364,0.0392,0.5244
SPADES JACK SPADES SIX,0.449,0.2744,0.2766
CLUBS TWO HEARTS ACE,0.4198,0.0058,0.5744
SPADES ACE SPADES NINE,0.3458,0.0018,0.6524
CLUBS THREE SPADES THREE,0.4294,0.0464,0.5242
HEARTS SIX HEARTS NINE,0.5818,0.0154,0.4028
SPADES ACE HEARTS JACK,0.2372,0.0206,0.7422
DIAMONDS QUEEN CLUBS KING,0.3274,0.0062,0.6664
SPADES FOUR DIAMONDS SIX,0.6168,0.0186,0.3646
DIAMONDS TWO HEARTS TWO,0.4448,0.0432,0.512
DIAMONDS QUEEN SPADES FIVE,0.3926,0.0118,0.5956
SPADES NINE DIAMONDS FOUR,0.6376,0.0164,0.346
SPADES EIGHT DIAMONDS QUEEN,0.3598,0.0104,0.6298
SPADES JACK HEARTS QUEEN,0.2214,0.0366,0.742
HEARTS EIGHT SPADES TWO,0.626,0.0166,0.3574
SPADES KING HEARTS QUEEN,0.3242,0.0056,0.6702
HEARTS QUEEN HEARTS JACK,0.215,0.0458,0.7392
HEARTS KING DIAMONDS FIVE,0.4022,0.0086,0.5892
HEARTS KING CLUBS ACE,0.3346,0.004,0.6614
DIAMONDS QUEEN HEARTS TEN,0.329,0.0112,0.6598
CLUBS SIX SPADES TWO,0.6572,0.016,0.3268
SPADES SIX SPADES FOUR,0.5882,0.0178,0.394
CLUBS EIGHT DIAMONDS NINE,0.558,0.0172,0.4248
SPADES KING SPADES TWO,0.3902,0.0086,0.6012
HEARTS EIGHT CLUBS QUEEN,0.3578,0.0116,0.6306
DIAMONDS TWO CLUBS THREE,0.647,0.017,0.336
DIAMONDS TWO SPADES THREE,0.6476,0.0206,0.3318
HEARTS EIGHT DIAMONDS FIVE,0.6218,0.0172,0.361
CLUBS JACK CLUBS SIX,0.4638,0.2664,0.2698
SPADES EIGHT DIAMONDS ACE,0.3816,0.0044,0.614
CLUBS SEVEN DIAMONDS QUEEN,0.262,0.0394,0.6986
SPADES QUEEN CLUBS FIVE,0.4034,0.0094,0.5872
HEARTS JACK HEARTS NINE,0.2292,0.1658,0.605
DIAMONDS QUEEN DIAMONDS FOUR,0.3824,0.0106,0.607
HEARTS THREE CLUBS FIVE,0.6264,0.0216,0.352
SPADES FIVE DIAMONDS EIGHT,0.6192,0.016,0.3648
CLUBS EIGHT DIAMONDS ACE,0.363,0.0024,0.6346
DIAMONDS NINE HEARTS NINE,0.28,0.0302,0.6898
HEARTS SIX SPADES TWO,0.6472,0.0216,0.3312
CLUBS ACE HEARTS JACK,0.2286,0.0158,0.7556
CLUBS SEVEN CLUBS FIVE,0.6264,0.0588,0.3148
SPADES ACE DIAMONDS SIX,0.4124,0.0034,0.5842
DIAMONDS SIX DIAMONDS FIVE,0.5906,0.0184,0.391
CLUBS FOUR DIAMONDS SIX,0.622,0.0162,0.3618
CLUBS TWO HEARTS KING,0.4172,0.0078,0.575
CLUBS TEN HEARTS ACE,0.3556,0.0026,0.6418
HEARTS KING CLUBS QUEEN,0.3214,0.007,0.6716
HEARTS FIVE SPADES FIVE,0.423,0.0376,0.5394
SPADES EIGHT CLUBS FOUR,0.6276,0.019,0.3534
DIAMONDS ACE HEARTS TEN,0.3514,0.005,0.6436
CLUBS SEVEN SPADES SEVEN,0.3002,0.034,0.6658
SPADES ACE SPADES SIX,0.379,0.0054,0.6156
SPADES QUEEN SPADES FOUR,0.3776,0.009,0.6134
HEARTS EIGHT CLUBS KING,0.3642,0.0068,0.629
SPADES NINE CLUBS ACE,0.3706,0.0032,0.6262
CLUBS FIVE HEARTS NINE,0.6272,0.0176,0.3552
CLUBS SEVEN DIAMONDS TEN,0.6928,0.056,0.2512
SPADES KING HEARTS THREE,0.4178,0.0072,0.575
CLUBS JACK DIAMONDS EIGHT,0.229,0.2388,0.5322
CLUBS SIX CLUBS FOUR,0.5828,0.0172,0.4
SPADES JACK CLUBS ACE,0.2396,0.018,0.7424
SPADES TWO DIAMONDS FIVE,0.636,0.0172,0.3468
HEARTS FIVE CLUBS ACE,0.3944,0.0046,0.601
SPADES FIVE CLUBS ACE,0.3916,0.0044,0.604
DIAMONDS NINE SPADES TWO,0.6444,0.0204,0.3352
HEARTS TWO HEARTS ACE,0.3982,0.0042,0.5976
SPADES FIVE CLUBS KING,0.4026,0.0082,0.5892
SPADES SEVEN SPADES SIX,0.645,0.0546,0.3004
CLUBS TEN CLUBS THREE,0.5864,0.0148,0.3988
DIAMONDS ACE SPADES TWO,0.4096,0.005,0.5854
CLUBS SEVEN CLUBS QUEEN,0.2306,0.0378,0.7316
HEARTS FOUR SPADES SEVEN,0.6872,0.0668,0.246
SPADES THREE DIAMONDS SIX,0.6522,0.0204,0.3274
CLUBS SEVEN SPADES FOUR,0.6758,0.0624,0.2618
SPADES TEN SPADES EIGHT,0.5298,0.0144,0.4558
HEARTS FOUR CLUBS TWO,0.6462,0.0174,0.3364
CLUBS FOUR SPADES FIVE,0.598,0.0196,0.3824
SPADES TEN SPADES FOUR,0.5824,0.0172,0.4004
SPADES NINE DIAMONDS SIX,0.6256,0.0168,0.3576
DIAMONDS SIX CLUBS QUEEN,0.401,0.012,0.587
DIAMONDS THREE DIAMONDS EIGHT,0.6024,0.0182,0.3794
CLUBS JACK CLUBS EIGHT,0.207,0.2114,0.5816
HEARTS FOUR DIAMONDS KING,0.4212,0.0068,0.572
HEARTS KING DIAMONDS EIGHT,0.3694,0.012,0.6186
SPADES FIVE HEARTS JACK,0.4682,0.3026,0.2292
CLUBS KING HEARTS TEN,0.3506,0.0072,0.6422
SPADES TWO DIAMONDS SIX,0.6632,0.0176,0.3192
SPADES NINE CLUBS TWO,0.6392,0.0154,0.3454
DIAMONDS THREE SPADES NINE,0.634,0.0174,0.3486
HEARTS KING CLUBS KING,0.1394,0.0068,0.8538
SPADES QUEEN DIAMONDS SIX,0.3996,0.0084,0.592
HEARTS FIVE CLUBS FIVE,0.415,0.0416,0.5434
SPADES QUEEN DIAMONDS NINE,0.3474,0.0082,0.6444
CLUBS SIX CLUBS TWO,0.6008,0.0172,0.382
CLUBS TWO DIAMONDS SEVEN,0.7318,0.06,0.2082
DIAMONDS TEN DIAMONDS NINE,0.5446,0.0152,0.4402
HEARTS FOUR DIAMONDS FOUR,0.4326,0.0382,0.5292
SPADES ACE SPADES FOUR,0.377,0.0028,0.6202
CLUBS SIX DIAMONDS FIVE,0.6124,0.0194,0.3682
HEARTS FIVE HEARTS KING,0.3876,0.0078,0.6046
HEARTS FIVE DIAMONDS ACE,0.395,0.0062,0.5988
CLUBS FOUR CLUBS ACE,0.3696,0.0032,0.6272
CLUBS FOUR DIAMONDS QUEEN,0.4046,0.0106,0.5848
HEARTS FOUR HEARTS THREE,0.599,0.0212,0.3798
DIAMONDS THREE HEARTS NINE,0.6306,0.0162,0.3532
HEARTS EIGHT DIAMONDS EIGHT,0.294,0.033,0.673
HEARTS FIVE HEARTS THREE,0.5908,0.0172,0.392
SPADES ACE SPADES EIGHT,0.3456,0.0048,0.6496
DIAMONDS TWO DIAMONDS EIGHT,0.6132,0.0182,0.3686
DIAMONDS THREE HEARTS FOUR,0.63,0.019,0.351
CLUBS SIX SPADES SIX,0.4116,0.0378,0.5506
SPADES ACE CLUBS SEVEN,0.2506,0.0266,0.7228
SPADES JACK CLUBS SEVEN,0.0238,0.9542,0.022
SPADES SIX SPADES TWO,0.597,0.017,0.386
HEARTS THREE SPADES FIVE,0.6358,0.0178,0.3464
CLUBS KING DIAMONDS FIVE,0.4026,0.0076,0.5898
HEARTS KING DIAMONDS SEVEN,0.2458,0.0358,0.7184
DIAMONDS SEVEN CLUBS ACE,0.2482,0.0246,0.7272
SPADES JACK SPADES TWO,0.452,0.276,0.272
SPADES TEN SPADES THREE,0.5872,0.015,0.3978
HEARTS SIX HEARTS TWO,0.6236,0.0188,0.3576
HEARTS FOUR SPADES FIVE,0.6224,0.018,0.3596
CLUBS JACK CLUBS FIVE,0.458,0.275,0.267
CLUBS NINE DIAMONDS NINE,0.2912,0.0248,0.684
DIAMONDS TEN CLUBS ACE,0.348,0.0048,0.6472
SPADES ACE DIAMONDS KING,0.3364,0.0026,0.661
HEARTS SIX HEARTS TEN,0.5928,0.0172,0.39
SPADES ACE SPADES SEVEN,0.2438,0.0236,0.7326
DIAMONDS KING SPADES SIX,0.3898,0.0042,0.606
CLUBS SEVEN CLUBS KING,0.2444,0.0346,0.721
HEARTS FIVE SPADES FOUR,0.5936,0.0224,0.384
CLUBS EIGHT HEARTS QUEEN,0.349,0.0078,0.6432
CLUBS EIGHT CLUBS ACE,0.3402,0.0032,0.6566
CLUBS THREE HEARTS NINE,0.6322,0.0182,0.3496
HEARTS ACE DIAMONDS SEVEN,0.2348,0.0266,0.7386
SPADES NINE SPADES EIGHT,0.5356,0.0156,0.4488
HEARTS FOUR SPADES SIX,0.6244,0.0174,0.3582
SPADES EIGHT DIAMONDS KING,0.3676,0.0066,0.6258
CLUBS TEN HEARTS JACK,0.2174,0.1206,0.662
HEARTS FIVE DIAMONDS FIVE,0.4268,0.0418,0.5314
CLUBS FIVE CLUBS TWO,0.595,0.017,0.388
SPADES THREE DIAMONDS FOUR,0.633,0.0172,0.3498
CLUBS TEN CLUBS SIX,0.5824,0.0164,0.4012
HEARTS FIVE DIAMONDS TEN,0.648,0.0174,0.3346
SPADES SEVEN DIAMONDS SIX,0.6708,0.0608,0.2684
HEARTS TWO CLUBS KING,0.4222,0.0108,0.567
HEARTS JACK CLUBS KING,0.2344,0.0322,0.7334
SPADES TEN CLUBS FIVE,0.6372,0.017,0.3458
CLUBS FIVE SPADES THREE,0.616,0.0142,0.3698
CLUBS TEN DIAMONDS FOUR,0.632,0.0176,0.3504
CLUBS JACK HEARTS JACK,0.104,0.0344,0.8616
SPADES SIX DIAMONDS TEN,0.6378,0.0166,0.3456
SPADES EIGHT CLUBS TWO,0.6382,0.0134,0.3484
DIAMONDS THREE SPADES SIX,0.6434,0.0202,0.3364
DIAMONDS ACE DIAMONDS FOUR,0.3834,0.0046,0.612
SPADES JACK CLUBS FIVE,0.474,0.2978,0.2282
DIAMONDS TWO CLUBS FOUR,0.6374,0.018,0.3446
HEARTS THREE HEARTS KING,0.3914,0.0064,0.6022
CLUBS FOUR SPADES FOUR,0.422,0.041,0.537
HEARTS EIGHT DIAMONDS NINE,0.5646,0.0208,0.4146
CLUBS KING HEARTS NINE,0.371,0.0086,0.6204
HEARTS FIVE HEARTS JACK,0.4624,0.2784,0.2592
SPADES ACE CLUBS KING,0.3406,0.0026,0.6568
CLUBS FIVE DIAMONDS QUEEN,0.3952,0.0116,0.5932
CLUBS FOUR HEARTS QUEEN,0.4024,0.01,0.5876
SPADES FOUR HEARTS KING,0.4092,0.0078,0.583
SPADES TEN CLUBS THREE,0.6316,0.0158,0.3526
SPADES KING SPADES FIVE,0.3786,0.0068,0.6146
HEARTS ACE HEARTS JACK,0.238,0.0214,0.7406
CLUBS SEVEN DIAMONDS SEVEN,0.2994,0.0384,0.6622
DIAMONDS THREE DIAMONDS ACE,0.3984,0.0046,0.597
CLUBS FIVE CLUBS THREE,0.5638,0.0174,0.4188
HEARTS FOUR CLUBS SEVEN,0.6886,0.064,0.2474
CLUBS FOUR DIAMONDS KING,0.406,0.0076,0.5864
HEARTS EIGHT SPADES FOUR,0.619,0.0152,0.3658
CLUBS TEN CLUBS ACE,0.3468,0.0038,0.6494
HEARTS FIVE SPADES TWO,0.6352,0.021,0.3438
DIAMONDS ACE CLUBS KING,0.3354,0.004,0.6606
HEARTS QUEEN DIAMONDS FOUR,0.3956,0.0112,0.5932
SPADES TEN DIAMONDS EIGHT,0.571,0.0172,0.4118
SPADES NINE HEARTS QUEEN,0.3436,0.013,0.6434
SPADES THREE HEARTS NINE,0.6272,0.02,0.3528
CLUBS THREE HEARTS TEN,0.6318,0.0172,0.351
HEARTS THREE HEARTS QUEEN,0.3822,0.0128,0.605
HEARTS SIX SPADES SEVEN,0.674,0.0588,0.2672
DIAMONDS THREE CLUBS EIGHT,0.6366,0.0194,0.344
DIAMONDS TWO DIAMONDS TEN,0.609,0.019,0.372
HEARTS FIVE SPADES TEN,0.6366,0.0158,0.3476
DIAMONDS TWO HEARTS ACE,0.4028,0.0068,0.5904
SPADES EIGHT CLUBS QUEEN,0.3562,0.0074,0.6364
DIAMONDS TWO DIAMONDS NINE,0.6122,0.0174,0.3704
HEARTS EIGHT HEARTS TEN,0.5386,0.0178,0.4436
HEARTS FIVE HEARTS FOUR,0.5814,0.0204,0.3982
DIAMONDS TWO CLUBS SIX,0.6566,0.0196,0.3238
HEARTS EIGHT DIAMONDS TEN,0.576,0.0208,0.4032
SPADES SIX SPADES THREE,0.595,0.0184,0.3866
CLUBS SEVEN HEARTS THREE,0.7156,0.0596,0.2248
DIAMONDS TEN SPADES FOUR,0.63,0.018,0.352
SPADES KING HEARTS NINE,0.3468,0.0054,0.6478
HEARTS TWO SPADES EIGHT,0.6376,0.018,0.3444
CLUBS JACK HEARTS SIX,0.4768,0.2996,0.2236
HEARTS SIX CLUBS FOUR,0.6232,0.0166,0.3602
CLUBS NINE CLUBS KING,0.3436,0.0054,0.651
HEARTS QUEEN HEARTS TEN,0.3206,0.0094,0.67
SPADES ACE CLUBS SIX,0.4072,0.0018,0.591
HEARTS SIX HEARTS THREE,0.621,0.0194,0.3596
SPADES QUEEN CLUBS SIX,0.3952,0.0102,0.5946
SPADES KING CLUBS ACE,0.3444,0.0024,0.6532
SPADES JACK CLUBS KING,0.2446,0.0302,0.7252
DIAMONDS TWO HEARTS QUEEN,0.4252,0.013,0.5618
CLUBS SIX CLUBS QUEEN,0.3748,0.0098,0.6154
SPADES QUEEN HEARTS THREE,0.413,0.014,0.573
SPADES TEN SPADES TWO,0.598,0.0172,0.3848
SPADES SIX HEARTS QUEEN,0.3862,0.0104,0.6034
HEARTS THREE SPADES FOUR,0.6176,0.0188,0.3636
CLUBS EIGHT DIAMONDS EIGHT,0.3086,0.03,0.6614
SPADES SEVEN CLUBS KING,0.2512,0.0372,0.7116
SPADES FOUR SPADES THREE,0.5814,0.02,0.3986
DIAMONDS TEN HEARTS TEN,0.279,0.0234,0.6976
DIAMONDS QUEEN CLUBS ACE,0.332,0.004,0.664
SPADES QUEEN HEARTS NINE,0.3512,0.0104,0.6384
SPADES NINE SPADES THREE,0.583,0.018,0.399
SPADES SEVEN CLUBS THREE,0.6918,0.0618,0.2464
DIAMONDS KING CLUBS KING,0.1436,0.0046,0.8518
HEARTS FIVE HEARTS NINE,0.6074,0.0176,0.375
SPADES SIX HEARTS NINE,0.6136,0.0148,0.3716
CLUBS SEVEN DIAMONDS NINE,0.683,0.0558,0.2612
CLUBS SIX CLUBS THREE,0.5936,0.0206,0.3858
DIAMONDS TWO CLUBS FIVE,0.6474,0.0182,0.3344
HEARTS EIGHT HEARTS THREE,0.6058,0.019,0.3752
CLUBS NINE CLUBS TWO,0.5928,0.0172,0.39
SPADES ACE HEARTS EIGHT,0.363,0.0032,0.6338
DIAMONDS THREE SPADES JACK,0.4786,0.3004,0.221
CLUBS SEVEN HEARTS JACK,0.0122,0.9714,0.0164
HEARTS FIVE HEARTS QUEEN,0.3858,0.01,0.6042
SPADES KING CLUBS TEN,0.3464,0.0046,0.649
CLUBS THREE HEARTS JACK,0.478,0.295,0.227
SPADES QUEEN DIAMONDS EIGHT,0.3594,0.0108,0.6298
SPADES EIGHT DIAMONDS TEN,0.5696,0.0184,0.412
DIAMONDS TEN CLUBS KING,0.3574,0.0076,0.635
DIAMONDS QUEEN HEARTS KING,0.3148,0.007,0.6782
HEARTS TWO DIAMONDS NINE,0.643,0.0172,0.3398
DIAMONDS FIVE DIAMONDS FOUR,0.5754,0.0194,0.4052
SPADES FOUR DIAMONDS EIGHT,0.6348,0.0166,0.3486
SPADES NINE HEARTS JACK,0.22,0.158,0.622
CLUBS SIX HEARTS NINE,0.6104,0.016,0.3736
CLUBS TEN HEARTS FOUR,0.6254,0.0144,0.3602
CLUBS SEVEN DIAMONDS FOUR,0.6888,0.0684,0.2428
DIAMONDS TEN HEARTS ACE,0.3524,0.0054,0.6422
CLUBS SIX DIAMONDS EIGHT,0.608,0.0186,0.3734
DIAMONDS KING SPADES TWO,0.4154,0.0086,0.576
HEARTS QUEEN DIAMONDS FIVE,0.4004,0.0088,0.5908
CLUBS TEN CLUBS SEVEN,0.6534,0.0586,0.288
HEARTS JACK HEARTS TEN,0.219,0.1246,0.6564
SPADES JACK CLUBS TWO,0.4896,0.297,0.2134
CLUBS SIX HEARTS KING,0.3908,0.0082,0.601
HEARTS EIGHT SPADES NINE,0.5626,0.0198,0.4176
CLUBS JACK CLUBS KING,0.2354,0.0294,0.7352
HEARTS KING HEARTS JACK,0.2312,0.0322,0.7366
HEARTS FOUR CLUBS THREE,0.6212,0.0192,0.3596
DIAMONDS EIGHT SPADES TWO,0.6446,0.0178,0.3376
CLUBS NINE DIAMONDS FOUR,0.6276,0.0198,0.3526
CLUBS TWO HEARTS QUEEN,0.4084,0.012,0.5796
CLUBS TEN DIAMONDS TWO,0.6494,0.0148,0.3358
SPADES ACE CLUBS FIVE,0.383,0.004,0.613
HEARTS TWO DIAMONDS QUEEN,0.4122,0.0088,0.579
CLUBS TEN SPADES QUEEN,0.343,0.009,0.648
SPADES SEVEN DIAMONDS FIVE,0.6776,0.0606,0.2618
SPADES QUEEN DIAMONDS FIVE,0.4038,0.0116,0.5846
CLUBS NINE SPADES FIVE,0.618,0.0166,0.3654
DIAMONDS TWO CLUBS ACE,0.4208,0.0038,0.5754
HEARTS FOUR SPADES THREE,0.626,0.0214,0.3526
HEARTS SIX DIAMONDS QUEEN,0.3946,0.0126,0.5928
CLUBS JACK CLUBS TWO,0.4538,0.2726,0.2736
DIAMONDS FIVE HEARTS NINE,0.622,0.018,0.36
CLUBS EIGHT CLUBS FOUR,0.5936,0.0192,0.3872
SPADES TEN DIAMONDS SIX,0.6176,0.0192,0.3632
CLUBS SEVEN HEARTS TWO,0.7168,0.0622,0.221
CLUBS JACK HEARTS FOUR,0.4816,0.2946,0.2238
SPADES ACE SPADES JACK,0.235,0.0146,0.7504
CLUBS EIGHT SPADES EIGHT,0.2898,0.029,0.6812
DIAMONDS THREE DIAMONDS FOUR,0.5882,0.0174,0.3944
SPADES THREE DIAMONDS FIVE,0.634,0.0166,0.3494
SPADES SEVEN CLUBS QUEEN,0.2542,0.0434,0.7024
DIAMONDS THREE SPADES FOUR,0.6318,0.017,0.3512
CLUBS EIGHT HEARTS ACE,0.3652,0.0036,0.6312
CLUBS TEN DIAMONDS EIGHT,0.5778,0.0144,0.4078
CLUBS SIX DIAMONDS QUEEN,0.407,0.0086,0.5844
HEARTS ACE CLUBS ACE,0.1384,0.0036,0.858
DIAMONDS THREE HEARTS THREE,0.4352,0.0408,0.524
CLUBS SEVEN DIAMONDS ACE,0.2572,0.0274,0.7154
CLUBS TWO DIAMONDS FIVE,0.6372,0.0232,0.3396
HEARTS SIX SPADES THREE,0.6376,0.0216,0.3408
HEARTS EIGHT HEARTS KING,0.3574,0.0074,0.6352
CLUBS SIX CLUBS ACE,0.3718,0.0038,0.6244
DIAMONDS EIGHT CLUBS KING,0.379,0.0058,0.6152
SPADES QUEEN CLUBS QUEEN,0.1678,0.0096,0.8226
HEARTS EIGHT DIAMONDS QUEEN,0.3596,0.0104,0.63
SPADES EIGHT HEARTS ACE,0.3682,0.0044,0.6274
SPADES JACK CLUBS FOUR,0.4756,0.296,0.2284
DIAMONDS QUEEN SPADES THREE,0.4008,0.0094,0.5898
CLUBS EIGHT SPADES SIX,0.6028,0.0142,0.383
DIAMONDS NINE HEARTS JACK,0.2212,0.1674,0.6114
CLUBS KING CLUBS QUEEN,0.315,0.0068,0.6782
HEARTS FIVE DIAMONDS NINE,0.6226,0.0236,0.3538
SPADES NINE CLUBS FIVE,0.6318,0.0206,0.3476
CLUBS JACK CLUBS FOUR,0.4498,0.2826,0.2676
HEARTS SIX CLUBS TWO,0.6648,0.0214,0.3138
DIAMONDS ACE HEARTS NINE,0.3542,0.0048,0.641
HEARTS SIX CLUBS EIGHT,0.6192,0.0194,0.3614
SPADES QUEEN SPADES THREE,0.388,0.011,0.601
CLUBS SIX DIAMONDS NINE,0.622,0.0182,0.3598
HEARTS FIVE DIAMONDS FOUR,0.623,0.023,0.354
CLUBS SIX DIAMONDS KING,0.3936,0.0064,0.6
HEARTS SIX DIAMONDS KING,0.4126,0.0072,0.5802
SPADES KING SPADES SEVEN,0.2464,0.032,0.7216
CLUBS THREE CLUBS QUEEN,0.3864,0.0084,0.6052
SPADES JACK HEARTS TEN,0.2254,0.1222,0.6524
HEARTS TWO CLUBS TWO,0.4542,0.0382,0.5076
HEARTS EIGHT HEARTS NINE,0.5316,0.0188,0.4496
DIAMONDS THREE SPADES KING,0.4156,0.007,0.5774
DIAMONDS TWO SPADES QUEEN,0.4118,0.0122,0.576
DIAMONDS EIGHT HEARTS JACK,0.214,0.2344,0.5516
SPADES SEVEN HEARTS NINE,0.6648,0.061,0.2742
SPADES TEN SPADES NINE,0.5294,0.0118,0.4588
HEARTS SIX DIAMONDS SIX,0.4292,0.0406,0.5302
HEARTS FOUR HEARTS TWO,0.611,0.0192,0.3698
DIAMONDS SEVEN DIAMONDS FOUR,0.6446,0.0644,0.291
SPADES KING HEARTS SIX,0.4082,0.0082,0.5836
HEARTS SIX CLUBS KING,0.4016,0.0078,0.5906
CLUBS TEN DIAMONDS SIX,0.6316,0.018,0.3504
SPADES KING SPADES EIGHT,0.352,0.0072,0.6408
SPADES NINE HEARTS TWO,0.6422,0.0198,0.338
SPADES FIVE HEARTS NINE,0.6146,0.0176,0.3678
CLUBS THREE DIAMONDS FOUR,0.618,0.021,0.361
CLUBS ACE DIAMONDS FIVE,0.3986,0.0042,0.5972
CLUBS FOUR HEARTS KING,0.402,0.008,0.59
SPADES ACE DIAMONDS TWO,0.426,0.005,0.569
CLUBS FIVE DIAMONDS SEVEN,0.6732,0.0624,0.2644
SPADES SEVEN SPADES FOUR,0.6344,0.0642,0.3014
HEARTS FIVE SPADES NINE,0.635,0.0182,0.3468
CLUBS FIVE DIAMONDS NINE,0.619,0.0176,0.3634
SPADES NINE DIAMONDS EIGHT,0.5596,0.0156,0.4248
SPADES EIGHT HEARTS JACK,0.217,0.2224,0.5606
CLUBS EIGHT CLUBS QUEEN,0.3432,0.0096,0.6472
HEARTS EIGHT CLUBS TWO,0.6352,0.016,0.3488
DIAMONDS ACE SPADES SEVEN,0.2412,0.024,0.7348
DIAMONDS ACE HEARTS ACE,0.126,0.0028,0.8712
SPADES KING CLUBS QUEEN,0.323,0.0048,0.6722
CLUBS NINE SPADES JACK,0.2184,0.1642,0.6174
SPADES ACE CLUBS FOUR,0.3986,0.0036,0.5978
SPADES KING SPADES FOUR,0.3802,0.0076,0.6122
CLUBS SIX SPADES EIGHT,0.6056,0.0186,0.3758
SPADES SEVEN CLUBS ACE,0.2548,0.0218,0.7234
HEARTS TWO SPADES SEVEN,0.7074,0.0682,0.2244
DIAMONDS KING DIAMONDS SEVEN,0.247,0.0326,0.7204
CLUBS JACK DIAMONDS THREE,0.4972,0.2914,0.2114
HEARTS FIVE CLUBS THREE,0.6302,0.0168,0.353
SPADES TEN CLUBS SIX,0.62,0.0138,0.3662
HEARTS THREE SPADES EIGHT,0.6288,0.0202,0.351
HEARTS SIX SPADES EIGHT,0.6006,0.0168,0.3826
CLUBS NINE HEARTS KING,0.3696,0.0054,0.625
SPADES ACE HEARTS SIX,0.4106,0.004,0.5854
HEARTS EIGHT CLUBS TEN,0.5684,0.0188,0.4128
SPADES KING SPADES THREE,0.3868,0.008,0.6052
DIAMONDS EIGHT CLUBS ACE,0.369,0.0042,0.6268
HEARTS FIVE DIAMONDS KING,0.3972,0.0092,0.5936
CLUBS ACE HEARTS TEN,0.3548,0.0046,0.6406
SPADES JACK SPADES EIGHT,0.222,0.2094,0.5686
CLUBS FOUR SPADES SIX,0.6228,0.0198,0.3574
HEARTS TEN CLUBS QUEEN,0.3348,0.01,0.6552
DIAMONDS TWO CLUBS SEVEN,0.7276,0.0566,0.2158
HEARTS FIVE DIAMONDS SIX,0.6204,0.0204,0.3592
DIAMONDS SEVEN HEARTS NINE,0.6828,0.0582,0.259
HEARTS FIVE SPADES JACK,0.4712,0.3096,0.2192
DIAMONDS KING SPADES THREE,0.4016,0.0068,0.5916
DIAMONDS TEN DIAMONDS SIX,0.5934,0.018,0.3886
SPADES KING DIAMONDS QUEEN,0.3102,0.0056,0.6842
DIAMONDS KING DIAMONDS TEN,0.332,0.0092,0.6588
HEARTS TWO SPADES SIX,0.652,0.02,0.328
SPADES THREE DIAMONDS EIGHT,0.6524,0.0162,0.3314
DIAMONDS TWO CLUBS TWO,0.445,0.0392,0.5158
SPADES NINE HEARTS ACE,0.3708,0.0048,0.6244
SPADES TEN CLUBS SEVEN,0.6946,0.055,0.2504
DIAMONDS NINE SPADES THREE,0.6396,0.0156,0.3448
DIAMONDS ACE CLUBS ACE,0.1448,0.0036,0.8516
HEARTS EIGHT SPADES SIX,0.601,0.0174,0.3816
DIAMONDS ACE DIAMONDS QUEEN,0.3178,0.0048,0.6774
SPADES EIGHT HEARTS KING,0.366,0.0048,0.6292
SPADES TWO DIAMONDS FOUR,0.6444,0.0172,0.3384
DIAMONDS EIGHT DIAMONDS SIX,0.5798,0.0184,0.4018
SPADES KING CLUBS SIX,0.4172,0.0048,0.578
CLUBS TEN HEARTS THREE,0.6352,0.0178,0.347
HEARTS FOUR HEARTS ACE,0.3748,0.0048,0.6204
DIAMONDS ACE DIAMONDS TEN,0.36,0.0052,0.6348
CLUBS TEN SPADES SEVEN,0.6848,0.0546,0.2606
SPADES KING DIAMONDS FOUR,0.3994,0.0068,0.5938
SPADES NINE DIAMONDS FIVE,0.6232,0.0128,0.364
CLUBS TEN SPADES THREE,0.6282,0.0164,0.3554
CLUBS NINE HEARTS TWO,0.6434,0.0138,0.3428
SPADES TEN DIAMONDS FIVE,0.6304,0.0166,0.353
SPADES KING CLUBS FIVE,0.408,0.0058,0.5862
HEARTS FIVE HEARTS TWO,0.6006,0.0202,0.3792
CLUBS JACK SPADES EIGHT,0.2224,0.2242,0.5534
HEARTS THREE HEARTS JACK,0.464,0.2758,0.2602
DIAMONDS NINE DIAMONDS FOUR,0.6104,0.0184,0.3712
SPADES ACE CLUBS THREE,0.4056,0.004,0.5904
CLUBS JACK HEARTS EIGHT,0.214,0.2248,0.5612
CLUBS SEVEN HEARTS TEN,0.6932,0.0486,0.2582
CLUBS SIX DIAMONDS FOUR,0.6264,0.0186,0.355
SPADES ACE CLUBS NINE,0.373,0.0036,0.6234
DIAMONDS TWO HEARTS TEN,0.6324,0.0202,0.3474
HEARTS SIX DIAMONDS SEVEN,0.6834,0.0648,0.2518
CLUBS NINE CLUBS ACE,0.3546,0.0046,0.6408
SPADES EIGHT CLUBS KING,0.3774,0.0048,0.6178
SPADES SEVEN DIAMONDS EIGHT,0.6742,0.0552,0.2706
HEARTS FOUR HEARTS NINE,0.609,0.016,0.375
CLUBS NINE DIAMONDS KING,0.36,0.0062,0.6338
DIAMONDS TWO HEARTS THREE,0.6522,0.0212,0.3266
CLUBS JACK SPADES SIX,0.4846,0.2968,0.2186
HEARTS EIGHT HEARTS QUEEN,0.3452,0.0114,0.6434
SPADES FIVE DIAMONDS NINE,0.6322,0.0188,0.349
SPADES QUEEN DIAMONDS SEVEN,0.2518,0.044,0.7042
CLUBS TEN DIAMONDS FIVE,0.6312,0.0172,0.3516
DIAMONDS TEN CLUBS QUEEN,0.3374,0.007,0.6556
SPADES SIX DIAMONDS FOUR,0.6242,0.0174,0.3584
HEARTS SIX SPADES TEN,0.628,0.0176,0.3544
DIAMONDS THREE DIAMONDS NINE,0.6112,0.0162,0.3726
SPADES TEN HEARTS QUEEN,0.3346,0.0072,0.6582
SPADES FOUR DIAMONDS NINE,0.6294,0.0194,0.3512
CLUBS NINE CLUBS SEVEN,0.6414,0.0506,0.308
DIAMONDS THREE DIAMONDS SIX,0.6142,0.0178,0.368
DIAMONDS SIX CLUBS KING,0.4088,0.007,0.5842
CLUBS NINE CLUBS FIVE,0.589,0.0138,0.3972
HEARTS FOUR DIAMONDS TEN,0.635,0.015,0.35
SPADES KING DIAMONDS NINE,0.3664,0.0078,0.6258
DIAMONDS EIGHT DIAMONDS FOUR,0.583,0.0168,0.4002
DIAMONDS QUEEN HEARTS NINE,0.3454,0.0102,0.6444
CLUBS TEN DIAMONDS NINE,0.5646,0.017,0.4184
CLUBS NINE DIAMONDS TEN,0.5652,0.013,0.4218
SPADES SIX SPADES FIVE,0.5698,0.0164,0.4138
CLUBS THREE DIAMONDS TEN,0.62,0.0166,0.3634
SPADES JACK DIAMONDS NINE,0.2228,0.165,0.6122
CLUBS FIVE HEARTS TEN,0.6208,0.0178,0.3614
CLUBS THREE DIAMONDS SEVEN,0.7074,0.0588,0.2338
DIAMONDS TEN DIAMONDS EIGHT,0.5548,0.014,0.4312
SPADES EIGHT HEARTS TEN,0.5688,0.0202,0.411
DIAMONDS NINE DIAMONDS SIX,0.591,0.0174,0.3916
HEARTS FOUR SPADES FOUR,0.4342,0.0372,0.5286
HEARTS SIX DIAMONDS NINE,0.6152,0.016,0.3688
DIAMONDS TWO SPADES NINE,0.6384,0.018,0.3436
CLUBS FIVE CLUBS QUEEN,0.384,0.0106,0.6054
HEARTS FIVE CLUBS EIGHT,0.611,0.0152,0.3738
HEARTS SIX DIAMONDS FIVE,0.6298,0.0164,0.3538
SPADES TEN CLUBS FOUR,0.6366,0.0178,0.3456
SPADES KING HEARTS ACE,0.3374,0.0038,0.6588
CLUBS JACK DIAMONDS FOUR,0.4722,0.3078,0.22
HEARTS ACE HEARTS TEN,0.3334,0.0034,0.6632
SPADES ACE HEARTS TEN,0.3516,0.0044,0.644
CLUBS JACK CLUBS TEN,0.224,0.1172,0.6588
HEARTS FOUR SPADES NINE,0.638,0.0194,0.3426
DIAMONDS TEN HEARTS QUEEN,0.3462,0.0084,0.6454
HEARTS FIVE DIAMONDS EIGHT,0.624,0.0218,0.3542
DIAMONDS TWO SPADES TWO,0.4468,0.0358,0.5174
DIAMONDS KING CLUBS TWO,0.4214,0.0068,0.5718
HEARTS FOUR CLUBS QUEEN,0.3966,0.0112,0.5922
SPADES TWO HEARTS JACK,0.4844,0.2916,0.224
CLUBS ACE HEARTS NINE,0.3656,0.0036,0.6308
HEARTS THREE DIAMONDS KING,0.4102,0.0088,0.581
SPADES KING HEARTS TWO,0.4194,0.0084,0.5722
DIAMONDS TWO CLUBS KING,0.4084,0.007,0.5846
CLUBS SIX HEARTS ACE,0.3996,0.0022,0.5982
SPADES JACK SPADES THREE,0.448,0.2858,0.2662
SPADES FOUR HEARTS ACE,0.401,0.0034,0.5956
SPADES QUEEN HEARTS ACE,0.3402,0.0048,0.655
HEARTS THREE DIAMONDS FIVE,0.6158,0.0186,0.3656
CLUBS TEN SPADES SIX,0.6302,0.014,0.3558
DIAMONDS THREE CLUBS ACE,0.4124,0.0058,0.5818
HEARTS FIVE HEARTS TEN,0.589,0.0192,0.3918
CLUBS JACK SPADES JACK,0.1114,0.0322,0.8564
DIAMONDS EIGHT CLUBS QUEEN,0.3638,0.0108,0.6254
SPADES KING DIAMONDS ACE,0.3206,0.0026,0.6768
SPADES ACE HEARTS NINE,0.3724,0.0034,0.6242
DIAMONDS QUEEN CLUBS TWO,0.4266,0.012,0.5614
HEARTS EIGHT SPADES SEVEN,0.658,0.053,0.289
DIAMONDS ACE SPADES THREE,0.4082,0.0038,0.588
CLUBS EIGHT HEARTS JACK,0.2216,0.2318,0.5466
SPADES JACK DIAMONDS ACE,0.249,0.0202,0.7308
CLUBS TWO HEARTS JACK,0.472,0.308,0.22
HEARTS THREE SPADES THREE,0.435,0.039,0.526
CLUBS THREE DIAMONDS SIX,0.6382,0.0224,0.3394
SPADES ACE SPADES THREE,0.3768,0.0056,0.6176
SPADES ACE DIAMONDS EIGHT,0.372,0.0044,0.6236
CLUBS SIX CLUBS FIVE,0.5704,0.0172,0.4124
CLUBS TEN DIAMONDS QUEEN,0.337,0.0112,0.6518
CLUBS SEVEN HEARTS ACE,0.242,0.0258,0.7322
CLUBS NINE DIAMONDS SIX,0.6328,0.0168,0.3504
CLUBS TEN CLUBS NINE,0.5144,0.0138,0.4718
DIAMONDS ACE SPADES FIVE,0.4014,0.0054,0.5932
SPADES TWO CLUBS QUEEN,0.4248,0.0108,0.5644
CLUBS FOUR HEARTS TEN,0.6238,0.0176,0.3586
SPADES SEVEN DIAMONDS KING,0.2444,0.0352,0.7204
DIAMONDS NINE DIAMONDS SEVEN,0.6468,0.0578,0.2954
SPADES EIGHT SPADES SEVEN,0.6272,0.0528,0.32
SPADES FOUR DIAMONDS FOUR,0.4212,0.041,0.5378
CLUBS FIVE CLUBS KING,0.3678,0.009,0.6232
CLUBS JACK HEARTS ACE,0.2416,0.0194,0.739
DIAMONDS ACE CLUBS QUEEN,0.3286,0.0044,0.667
HEARTS THREE DIAMONDS SIX,0.6434,0.0194,0.3372
HEARTS THREE CLUBS THREE,0.439,0.0368,0.5242
SPADES TEN DIAMONDS FOUR,0.6476,0.0174,0.335
HEARTS TWO DIAMONDS FIVE,0.644,0.0204,0.3356
CLUBS QUEEN HEARTS NINE,0.3486,0.0096,0.6418
CLUBS JACK SPADES FOUR,0.484,0.2888,0.2272
CLUBS FIVE HEARTS JACK,0.4824,0.3026,0.215
CLUBS SEVEN SPADES NINE,0.67,0.0536,0.2764
SPADES JACK CLUBS QUEEN,0.227,0.0436,0.7294
HEARTS EIGHT SPADES TEN,0.5676,0.0158,0.4166
SPADES SEVEN DIAMONDS TEN,0.7018,0.0606,0.2376
CLUBS FIVE SPADES FIVE,0.4152,0.039,0.5458
DIAMONDS TWO SPADES JACK,0.5046,0.2836,0.2118
DIAMONDS SIX DIAMONDS FOUR,0.602,0.0168,0.3812
SPADES SIX HEARTS TEN,0.6208,0.0174,0.3618
CLUBS TWO SPADES TWO,0.4548,0.0356,0.5096
CLUBS SIX SPADES FIVE,0.6122,0.0164,0.3714
HEARTS EIGHT SPADES FIVE,0.6072,0.0184,0.3744
HEARTS FIVE CLUBS KING,0.3966,0.008,0.5954
SPADES NINE DIAMONDS KING,0.3648,0.0068,0.6284
SPADES KING DIAMONDS TEN,0.3448,0.0064,0.6488
SPADES ACE SPADES FIVE,0.3736,0.0028,0.6236
HEARTS THREE HEARTS ACE,0.3882,0.0052,0.6066
DIAMONDS TWO SPADES FIVE,0.6384,0.0206,0.341
SPADES TWO CLUBS ACE,0.4092,0.0036,0.5872
CLUBS EIGHT DIAMONDS FOUR,0.6336,0.0146,0.3518
SPADES KING DIAMONDS TWO,0.4162,0.0072,0.5766
HEARTS SIX CLUBS NINE,0.6326,0.0166,0.3508
DIAMONDS TWO DIAMONDS QUEEN,0.4092,0.0108,0.58
HEARTS FIVE SPADES SIX,0.6106,0.0186,0.3708
CLUBS JACK HEARTS THREE,0.4884,0.2906,0.221
CLUBS FOUR DIAMONDS FOUR,0.4456,0.0396,0.5148
SPADES JACK SPADES TEN,0.2282,0.1166,0.6552
CLUBS TEN CLUBS FIVE,0.5972,0.0138,0.389
SPADES THREE CLUBS ACE,0.401,0.0052,0.5938
CLUBS FOUR CLUBS KING,0.3778,0.0078,0.6144
HEARTS SIX SPADES SIX,0.4262,0.038,0.5358
CLUBS EIGHT SPADES FIVE,0.6072,0.0172,0.3756
HEARTS FOUR CLUBS FIVE,0.6054,0.02,0.3746
CLUBS NINE DIAMONDS ACE,0.3606,0.0038,0.6356
DIAMONDS KING DIAMONDS FOUR,0.3974,0.0068,0.5958
CLUBS THREE HEARTS KING,0.4254,0.0086,0.566
CLUBS NINE CLUBS EIGHT,0.527,0.0168,0.4562
SPADES QUEEN DIAMONDS ACE,0.325,0.0038,0.6712
DIAMONDS SEVEN CLUBS QUEEN,0.264,0.0398,0.6962
HEARTS TWO HEARTS TEN,0.6058,0.0172,0.377
DIAMONDS QUEEN DIAMONDS TEN,0.3168,0.0074,0.6758
CLUBS JACK DIAMONDS SEVEN,0.0198,0.971,0.0092
DIAMONDS KING DIAMONDS EIGHT,0.342,0.0076,0.6504
CLUBS TEN SPADES FIVE,0.6276,0.0186,0.3538
HEARTS EIGHT SPADES QUEEN,0.3514,0.0116,0.637
HEARTS THREE HEARTS TEN,0.601,0.018,0.381
DIAMONDS TEN HEARTS NINE,0.5538,0.0188,0.4274
DIAMONDS THREE SPADES QUEEN,0.4236,0.0114,0.565
HEARTS EIGHT HEARTS JACK,0.2158,0.2152,0.569
HEARTS EIGHT DIAMONDS TWO,0.6308,0.0218,0.3474
HEARTS FOUR HEARTS QUEEN,0.3824,0.0116,0.606
SPADES QUEEN CLUBS ACE,0.3332,0.003,0.6638
SPADES SEVEN SPADES FIVE,0.6162,0.0544,0.3294
DIAMONDS TWO HEARTS NINE,0.633,0.0176,0.3494
HEARTS EIGHT SPADES JACK,0.2232,0.2308,0.546
HEARTS FOUR CLUBS ACE,0.3956,0.0028,0.6016
HEARTS EIGHT CLUBS FOUR,0.6208,0.0188,0.3604
HEARTS SIX CLUBS SIX,0.4278,0.0396,0.5326
HEARTS EIGHT DIAMONDS THREE,0.6442,0.0194,0.3364
HEARTS ACE DIAMONDS FOUR,0.3922,0.0044,0.6034
DIAMONDS TWO DIAMONDS SEVEN,0.6898,0.0604,0.2498
SPADES ACE CLUBS TEN,0.355,0.0034,0.6416
HEARTS FOUR DIAMONDS SIX,0.6316,0.018,0.3504
DIAMONDS QUEEN DIAMONDS SEVEN,0.244,0.0412,0.7148
CLUBS SIX HEARTS QUEEN,0.3976,0.0108,0.5916
DIAMONDS KING HEARTS TEN,0.3444,0.0082,0.6474
CLUBS SEVEN CLUBS FOUR,0.6454,0.0618,0.2928
SPADES ACE CLUBS ACE,0.1446,0.0026,0.8528
CLUBS NINE SPADES SEVEN,0.6722,0.0522,0.2756
DIAMONDS QUEEN HEARTS QUEEN,0.1454,0.0118,0.8428
SPADES KING CLUBS EIGHT,0.3624,0.0054,0.6322
SPADES KING SPADES JACK,0.2356,0.0294,0.735
DIAMONDS NINE DIAMONDS FIVE,0.5944,0.0164,0.3892
CLUBS TEN DIAMONDS KING,0.3546,0.007,0.6384
HEARTS TEN DIAMONDS FIVE,0.6276,0.0188,0.3536
CLUBS FIVE HEARTS KING,0.3898,0.0088,0.6014
SPADES QUEEN CLUBS FOUR,0.4166,0.0102,0.5732
CLUBS JACK HEARTS TWO,0.4878,0.2894,0.2228
SPADES NINE HEARTS KING,0.353,0.0056,0.6414
CLUBS THREE HEARTS ACE,0.4098,0.0048,0.5854
SPADES EIGHT SPADES FIVE,0.5618,0.02,0.4182
SPADES SIX HEARTS JACK,0.4878,0.2922,0.22
CLUBS TEN DIAMONDS ACE,0.3456,0.0036,0.6508
CLUBS EIGHT HEARTS TEN,0.5608,0.0174,0.4218
SPADES ACE HEARTS THREE,0.4098,0.0074,0.5828
DIAMONDS TEN SPADES THREE,0.639,0.0178,0.3432
SPADES KING CLUBS TWO,0.408,0.0076,0.5844
SPADES FIVE HEARTS TEN,0.6304,0.0214,0.3482
SPADES TWO DIAMONDS SEVEN,0.7194,0.0626,0.218
CLUBS QUEEN DIAMONDS FOUR,0.4074,0.0116,0.581
CLUBS TEN CLUBS FOUR,0.589,0.015,0.396
HEARTS FIVE CLUBS FOUR,0.6114,0.0192,0.3694
DIAMONDS TWO DIAMONDS ACE,0.3818,0.006,0.6122
HEARTS SIX DIAMONDS EIGHT,0.609,0.0182,0.3728
HEARTS FOUR DIAMONDS SEVEN,0.7026,0.061,0.2364
DIAMONDS TWO SPADES SEVEN,0.715,0.0654,0.2196
DIAMONDS KING HEARTS NINE,0.3568,0.0082,0.635
CLUBS JACK DIAMONDS SIX,0.4826,0.301,0.2164
HEARTS SIX HEARTS ACE,0.3928,0.0048,0.6024
HEARTS FOUR SPADES TEN,0.634,0.0152,0.3508
HEARTS FIVE HEARTS ACE,0.3866,0.0054,0.608
HEARTS FIVE DIAMONDS SEVEN,0.6628,0.0642,0.273
CLUBS TWO CLUBS KING,0.3926,0.0064,0.601
SPADES KING CLUBS FOUR,0.406,0.0062,0.5878
DIAMONDS THREE DIAMONDS TWO,0.6086,0.0172,0.3742
SPADES NINE SPADES SIX,0.583,0.0146,0.4024
DIAMONDS QUEEN DIAMONDS EIGHT,0.3378,0.01,0.6522
CLUBS EIGHT HEARTS TWO,0.6326,0.0214,0.346
SPADES EIGHT CLUBS THREE,0.6386,0.0178,0.3436
DIAMONDS QUEEN SPADES TWO,0.406,0.0118,0.5822
CLUBS EIGHT CLUBS FIVE,0.5758,0.014,0.4102
HEARTS EIGHT CLUBS SIX,0.5986,0.0196,0.3818
HEARTS SIX DIAMONDS TWO,0.6686,0.0208,0.3106
SPADES KING SPADES QUEEN,0.299,0.0062,0.6948
SPADES KING SPADES NINE,0.3412,0.0076,0.6512
CLUBS JACK CLUBS QUEEN,0.2238,0.0412,0.735
SPADES SEVEN SPADES TWO,0.67,0.0608,0.2692
SPADES FIVE CLUBS QUEEN,0.3892,0.0112,0.5996
CLUBS JACK DIAMONDS TEN,0.227,0.1176,0.6554
HEARTS FOUR DIAMONDS FIVE,0.6102,0.019,0.3708
HEARTS TWO SPADES THREE,0.6436,0.0184,0.338
HEARTS SIX DIAMONDS TEN,0.6424,0.016,0.3416
HEARTS TWO DIAMONDS EIGHT,0.646,0.0166,0.3374
SPADES NINE HEARTS TEN,0.5392,0.0182,0.4426
HEARTS JACK DIAMONDS FOUR,0.4764,0.3048,0.2188
CLUBS FOUR CLUBS THREE,0.5808,0.0194,0.3998
HEARTS THREE CLUBS KING,0.414,0.0078,0.5782
CLUBS SEVEN DIAMONDS KING,0.2328,0.037,0.7302
HEARTS SIX HEARTS KING,0.3902,0.0078,0.602
HEARTS THREE DIAMONDS ACE,0.403,0.005,0.592
SPADES QUEEN CLUBS TWO,0.4218,0.0104,0.5678
CLUBS JACK SPADES THREE,0.4832,0.292,0.2248
DIAMONDS KING DIAMONDS SIX,0.3842,0.0046,0.6112
CLUBS FIVE DIAMONDS ACE,0.391,0.0034,0.6056
SPADES FOUR DIAMONDS FIVE,0.6002,0.019,0.3808
HEARTS THREE DIAMONDS QUEEN,0.404,0.01,0.586
SPADES QUEEN HEARTS FIVE,0.406,0.0114,0.5826
CLUBS JACK SPADES SEVEN,0.02,0.9598,0.0202
SPADES SIX CLUBS THREE,0.6436,0.0166,0.3398
CLUBS NINE SPADES TEN,0.5644,0.012,0.4236
HEARTS EIGHT CLUBS THREE,0.6382,0.0176,0.3442
DIAMONDS QUEEN HEARTS JACK,0.215,0.0456,0.7394
CLUBS THREE DIAMONDS EIGHT,0.6374,0.0166,0.346
HEARTS FOUR DIAMONDS ACE,0.4022,0.0026,0.5952
CLUBS EIGHT DIAMONDS FIVE,0.619,0.018,0.363
CLUBS SEVEN HEARTS QUEEN,0.2526,0.0458,0.7016
CLUBS SIX DIAMONDS SEVEN,0.6648,0.061,0.2742
DIAMONDS EIGHT HEARTS TEN,0.5756,0.017,0.4074
CLUBS NINE CLUBS QUEEN,0.3294,0.0106,0.66
CLUBS NINE HEARTS FOUR,0.6362,0.018,0.3458
DIAMONDS THREE CLUBS SEVEN,0.7038,0.0632,0.233
SPADES KING DIAMONDS SIX,0.411,0.0062,0.5828
SPADES JACK HEARTS ACE,0.2402,0.018,0.7418
SPADES SIX DIAMONDS NINE,0.628,0.0172,0.3548
HEARTS ACE CLUBS KING,0.3324,0.006,0.6616
DIAMONDS THREE CLUBS SIX,0.635,0.0168,0.3482
CLUBS TEN SPADES TWO,0.6336,0.0148,0.3516
CLUBS JACK CLUBS NINE,0.2162,0.1586,0.6252
HEARTS EIGHT CLUBS FIVE,0.619,0.0178,0.3632
DIAMONDS KING DIAMONDS FIVE,0.3746,0.0086,0.6168
CLUBS FIVE SPADES FOUR,0.5992,0.017,0.3838
DIAMONDS EIGHT DIAMONDS SEVEN,0.6326,0.0522,0.3152
CLUBS EIGHT SPADES TWO,0.6382,0.0176,0.3442
CLUBS TWO SPADES FOUR,0.6328,0.0188,0.3484
CLUBS TEN DIAMONDS TEN,0.2894,0.0196,0.691
HEARTS THREE DIAMONDS EIGHT,0.65,0.017,0.333
HEARTS QUEEN DIAMONDS SIX,0.3984,0.0116,0.59
DIAMONDS SEVEN HEARTS JACK,0.0062,0.9876,0.0062
SPADES QUEEN DIAMONDS FOUR,0.4096,0.011,0.5794
HEARTS ACE DIAMONDS SIX,0.406,0.004,0.59
SPADES QUEEN SPADES TEN,0.3136,0.0076,0.6788
SPADES NINE DIAMONDS QUEEN,0.3476,0.0094,0.643
CLUBS EIGHT SPADES FOUR,0.626,0.014,0.36
SPADES JACK DIAMONDS FIVE,0.4814,0.2934,0.2252
CLUBS SIX DIAMONDS ACE,0.4042,0.003,0.5928
DIAMONDS ACE DIAMONDS NINE,0.351,0.0044,0.6446
CLUBS NINE DIAMONDS QUEEN,0.3608,0.0098,0.6294
HEARTS FIVE CLUBS SEVEN,0.6832,0.0588,0.258
SPADES QUEEN SPADES EIGHT,0.34,0.0084,0.6516
CLUBS EIGHT CLUBS TWO,0.5928,0.0198,0.3874
CLUBS NINE HEARTS TEN,0.5554,0.0184,0.4262
DIAMONDS QUEEN DIAMONDS NINE,0.3324,0.0114,0.6562
SPADES NINE DIAMONDS NINE,0.2906,0.0254,0.684
DIAMONDS QUEEN CLUBS QUEEN,0.1474,0.008,0.8446
SPADES FOUR HEARTS QUEEN,0.4038,0.0116,0.5846
DIAMONDS TWO HEARTS FOUR,0.6492,0.0218,0.329
SPADES NINE SPADES TWO,0.5924,0.0166,0.391
CLUBS NINE HEARTS JACK,0.23,0.1668,0.6032
SPADES KING CLUBS NINE,0.3776,0.0054,0.617
SPADES TEN SPADES SEVEN,0.6512,0.0558,0.293
SPADES FIVE SPADES TWO,0.5954,0.019,0.3856
HEARTS TWO HEARTS KING,0.3926,0.007,0.6004
SPADES TEN CLUBS KING,0.3516,0.0072,0.6412
HEARTS TWO HEARTS QUEEN,0.3742,0.0124,0.6134
SPADES QUEEN CLUBS KING,0.3396,0.0058,0.6546
HEARTS JACK CLUBS QUEEN,0.2212,0.039,0.7398
CLUBS EIGHT HEARTS THREE,0.633,0.0176,0.3494
DIAMONDS TWO HEARTS FIVE,0.6398,0.0192,0.341
CLUBS SEVEN CLUBS SIX,0.6184,0.0568,0.3248
CLUBS SIX CLUBS KING,0.3888,0.0062,0.605
HEARTS ACE HEARTS NINE,0.3562,0.004,0.6398
HEARTS FIVE DIAMONDS QUEEN,0.403,0.0122,0.5848
SPADES EIGHT DIAMONDS SIX,0.6072,0.0164,0.3764
DIAMONDS TWO CLUBS NINE,0.6444,0.017,0.3386
DIAMONDS ACE CLUBS FOUR,0.3992,0.0046,0.5962
HEARTS EIGHT DIAMONDS SEVEN,0.6632,0.0546,0.2822
SPADES THREE CLUBS QUEEN,0.41,0.011,0.579
DIAMONDS TWO SPADES EIGHT,0.6376,0.019,0.3434
SPADES TEN SPADES FIVE,0.6076,0.0154,0.377
SPADES ACE DIAMONDS NINE,0.365,0.0038,0.6312
HEARTS KING HEARTS QUEEN,0.2994,0.0074,0.6932
SPADES SEVEN CLUBS TWO,0.7088,0.0648,0.2264
DIAMONDS THREE HEARTS FIVE,0.6322,0.0194,0.3484
HEARTS THREE SPADES NINE,0.6326,0.0174,0.35
SPADES JACK DIAMONDS EIGHT,0.223,0.2192,0.5578
CLUBS JACK SPADES TEN,0.2338,0.1178,0.6484
SPADES EIGHT SPADES FOUR,0.5928,0.0126,0.3946
SPADES NINE DIAMONDS SEVEN,0.6782,0.0572,0.2646
DIAMONDS THREE HEARTS ACE,0.4076,0.0056,0.5868
HEARTS KING DIAMONDS SIX,0.413,0.0086,0.5784
HEARTS SIX SPADES FOUR,0.638,0.016,0.346
HEARTS KING SPADES TWO,0.4216,0.0074,0.571
HEARTS TWO SPADES FOUR,0.6318,0.0206,0.3476
CLUBS TEN SPADES EIGHT,0.5622,0.0138,0.424
HEARTS QUEEN CLUBS KING,0.3256,0.0054,0.669
CLUBS EIGHT DIAMONDS QUEEN,0.3398,0.0114,0.6488
HEARTS EIGHT HEARTS FIVE,0.5944,0.0184,0.3872
CLUBS TEN SPADES NINE,0.5588,0.0134,0.4278
HEARTS SIX CLUBS QUEEN,0.4084,0.0094,0.5822
DIAMONDS ACE HEARTS QUEEN,0.315,0.004,0.681
CLUBS EIGHT SPADES TEN,0.577,0.0174,0.4056
HEARTS ACE DIAMONDS NINE,0.3692,0.005,0.6258
HEARTS SIX CLUBS FIVE,0.6212,0.017,0.3618
DIAMONDS THREE SPADES TEN,0.6328,0.0174,0.3498
CLUBS ACE DIAMONDS SIX,0.4108,0.0042,0.585
HEARTS SIX SPADES QUEEN,0.4106,0.0108,0.5786
SPADES QUEEN DIAMONDS KING,0.3114,0.0064,0.6822
DIAMONDS THREE HEARTS SIX,0.655,0.0166,0.3284
SPADES FOUR SPADES TWO,0.5992,0.0156,0.3852
CLUBS TEN DIAMONDS SEVEN,0.6994,0.0564,0.2442
CLUBS SIX SPADES FOUR,0.625,0.017,0.358
CLUBS TEN CLUBS TWO,0.5968,0.0162,0.387
HEARTS TWO DIAMONDS TEN,0.6384,0.016,0.3456
DIAMONDS TWO SPADES TEN,0.6416,0.018,0.3404
SPADES SEVEN HEARTS ACE,0.247,0.0244,0.7286
SPADES SIX HEARTS ACE,0.397,0.003,0.6
SPADES KING CLUBS KING,0.1528,0.0042,0.843
CLUBS EIGHT CLUBS SIX,0.5718,0.0156,0.4126
CLUBS FIVE DIAMONDS EIGHT,0.6132,0.0186,0.3682
DIAMONDS ACE CLUBS TWO,0.4036,0.0048,0.5916
CLUBS TEN CLUBS QUEEN,0.3266,0.0088,0.6646
SPADES ACE DIAMONDS ACE,0.1376,0.0032,0.8592
SPADES FOUR DIAMONDS SEVEN,0.6828,0.0578,0.2594
DIAMONDS THREE CLUBS FIVE,0.6224,0.0204,0.3572
CLUBS NINE DIAMONDS SEVEN,0.682,0.0492,0.2688
HEARTS EIGHT HEARTS ACE,0.3478,0.0034,0.6488
CLUBS JACK CLUBS SEVEN,0.0254,0.8958,0.0788
DIAMONDS SIX HEARTS TEN,0.634,0.0174,0.3486
SPADES KING HEARTS KING,0.1394,0.0056,0.855
SPADES SEVEN DIAMONDS NINE,0.6798,0.0532,0.267
SPADES TWO HEARTS NINE,0.6412,0.0162,0.3426
SPADES KING SPADES TEN,0.3256,0.006,0.6684
CLUBS NINE SPADES EIGHT,0.564,0.0158,0.4202
