opposingHand,winningChance,drawChance,lostChance
HEARTS FOUR DIAMONDS TEN
DIAMONDS ACE DIAMONDS SIX,0.3536,0.004,0.6424
CLUBS TEN HEARTS THREE,0.2594,0.5222,0.2184
HEARTS FIVE HEARTS NINE,0.5398,0.0242,0.436
HEARTS SIX DIAMONDS FIVE,0.5586,0.0294,0.412
HEARTS TWO SPADES SEVEN,0.6366,0.032,0.3314
HEARTS FIVE HEARTS KING,0.3316,0.007,0.6614
SPADES ACE HEARTS TEN,0.2214,0.0236,0.755
SPADES THREE DIAMONDS SEVEN,0.6214,0.0262,0.3524
CLUBS NINE DIAMONDS SEVEN,0.5494,0.0226,0.428
SPADES EIGHT DIAMONDS KING,0.36,0.0062,0.6338
SPADES TWO CLUBS QUEEN,0.3948,0.0104,0.5948
DIAMONDS KING CLUBS KING,0.1446,0.0088,0.8466
DIAMONDS THREE HEARTS QUEEN,0.3884,0.0138,0.5978
DIAMONDS THREE CLUBS NINE,0.6256,0.0292,0.3452
HEARTS THREE DIAMONDS NINE,0.625,0.029,0.346
CLUBS SIX SPADES SEVEN,0.5512,0.0288,0.42
DIAMONDS KING SPADES FIVE,0.3608,0.0058,0.6334
CLUBS NINE SPADES FOUR,0.689,0.0736,0.2374
SPADES ACE SPADES JACK,0.3014,0.0042,0.6944
SPADES TEN CLUBS FIVE,0.2124,0.4594,0.3282
CLUBS SEVEN SPADES EIGHT,0.5334,0.0208,0.4458
CLUBS EIGHT CLUBS FIVE,0.5312,0.0256,0.4432
DIAMONDS JACK DIAMONDS EIGHT,0.318,0.0154,0.6666
SPADES EIGHT DIAMONDS FOUR,0.6754,0.0772,0.2474
SPADES SIX HEARTS NINE,0.5586,0.0274,0.414
DIAMONDS TWO DIAMONDS SEVEN,0.601,0.0258,0.3732
CLUBS FIVE SPADES FIVE,0.2874,0.0636,0.649
HEARTS ACE DIAMONDS EIGHT,0.358,0.0052,0.6368
CLUBS EIGHT CLUBS QUEEN,0.3262,0.0104,0.6634
HEARTS QUEEN DIAMONDS FOUR,0.2384,0.0482,0.7134
SPADES TEN SPADES FOUR,0.0196,0.908,0.0724
CLUBS TEN HEARTS QUEEN,0.2224,0.0448,0.7328
DIAMONDS THREE HEARTS SIX,0.6126,0.0342,0.3532
CLUBS KING DIAMONDS FIVE,0.3676,0.0092,0.6232
HEARTS FIVE CLUBS QUEEN,0.3662,0.01,0.6238
CLUBS SEVEN SPADES SIX,0.5406,0.0274,0.432
DIAMONDS ACE HEARTS ACE,0.128,0.0064,0.8656
HEARTS SIX DIAMONDS FOUR,0.6482,0.0846,0.2672
DIAMONDS JACK SPADES TWO,0.3836,0.019,0.5974
HEARTS THREE CLUBS FIVE,0.5986,0.0318,0.3696
CLUBS TEN HEARTS FIVE,0.211,0.4622,0.3268
CLUBS JACK CLUBS TEN,0.2136,0.0562,0.7302
DIAMONDS NINE HEARTS QUEEN,0.3414,0.0154,0.6432
CLUBS NINE SPADES TEN,0.2266,0.17,0.6034
SPADES ACE DIAMONDS EIGHT,0.3642,0.004,0.6318
HEARTS SEVEN DIAMONDS KING,0.3586,0.0078,0.6336
DIAMONDS TWO SPADES THREE,0.6268,0.0326,0.3406
HEARTS THREE HEARTS TWO,0.6058,0.027,0.3672
HEARTS TWO DIAMONDS KING,0.3916,0.009,0.5994
SPADES TEN DIAMONDS SEVEN,0.2268,0.3028,0.4704
DIAMONDS JACK SPADES FOUR,0.2286,0.0616,0.7098
SPADES FOUR HEARTS ACE,0.2356,0.0262,0.7382
HEARTS SEVEN DIAMONDS FIVE,0.5562,0.0328,0.411
CLUBS THREE DIAMONDS EIGHT,0.6148,0.0288,0.3564
CLUBS TWO DIAMONDS SEVEN,0.6292,0.0306,0.3402
CLUBS SEVEN DIAMONDS JACK,0.353,0.0138,0.6332
DIAMONDS ACE SPADES SIX,0.3598,0.0032,0.637
SPADES SIX CLUBS THREE,0.6026,0.0288,0.3686
HEARTS TWO CLUBS THREE,0.6232,0.0304,0.3464
DIAMONDS THREE SPADES THREE,0.3972,0.0724,0.5304
CLUBS JACK DIAMONDS JACK,0.1454,0.0196,0.835
CLUBS EIGHT DIAMONDS SIX,0.5664,0.0276,0.406
SPADES ACE CLUBS EIGHT,0.3614,0.0032,0.6354
CLUBS JACK CLUBS KING,0.2912,0.0074,0.7014
SPADES JACK SPADES SIX,0.349,0.0132,0.6378
CLUBS FIVE DIAMONDS EIGHT,0.5874,0.028,0.3846
CLUBS FIVE SPADES SIX,0.5516,0.0286,0.4198
HEARTS TWO HEARTS ACE,0.3762,0.0044,0.6194
DIAMONDS QUEEN SPADES THREE,0.3764,0.0132,0.6104
CLUBS JACK CLUBS SEVEN,0.3406,0.0164,0.643
HEARTS SIX DIAMONDS EIGHT,0.5414,0.032,0.4266
SPADES ACE SPADES TEN,0.2168,0.022,0.7612
HEARTS FIVE HEARTS TEN,0.2128,0.4434,0.3438
CLUBS TWO DIAMONDS EIGHT,0.6184,0.0316,0.35
HEARTS TEN DIAMONDS FIVE,0.217,0.4694,0.3136
SPADES JACK CLUBS SEVEN,0.3554,0.018,0.6266
HEARTS KING HEARTS NINE,0.335,0.008,0.657
HEARTS THREE SPADES SEVEN,0.6162,0.0288,0.355
SPADES KING DIAMONDS SIX,0.3678,0.0064,0.6258
SPADES QUEEN HEARTS ACE,0.322,0.0038,0.6742
DIAMONDS THREE CLUBS ACE,0.3986,0.006,0.5954
DIAMONDS QUEEN CLUBS QUEEN,0.1414,0.0188,0.8398
SPADES KING DIAMONDS FOUR,0.2422,0.0346,0.7232
SPADES SEVEN SPADES FIVE,0.5246,0.0274,0.448
HEARTS TWO DIAMONDS SIX,0.608,0.031,0.361
HEARTS SEVEN SPADES SEVEN,0.2832,0.0522,0.6646
CLUBS THREE DIAMONDS NINE,0.6168,0.028,0.3552
SPADES TEN CLUBS THREE,0.2754,0.5012,0.2234
DIAMONDS SEVEN HEARTS NINE,0.54,0.0278,0.4322
SPADES FIVE DIAMONDS EIGHT,0.5788,0.0276,0.3936
HEARTS SIX CLUBS THREE,0.594,0.0274,0.3786
HEARTS SEVEN CLUBS TWO,0.6222,0.0308,0.347
SPADES ACE HEARTS SEVEN,0.3588,0.0042,0.637
CLUBS SIX DIAMONDS SIX,0.2936,0.0548,0.6516
DIAMONDS THREE SPADES FIVE,0.593,0.0306,0.3764
CLUBS KING HEARTS NINE,0.3466,0.0078,0.6456
CLUBS SEVEN DIAMONDS NINE,0.5472,0.0242,0.4286
HEARTS SIX CLUBS SIX,0.2844,0.0572,0.6584
SPADES ACE SPADES SIX,0.3456,0.0066,0.6478
SPADES NINE DIAMONDS EIGHT,0.5306,0.0254,0.444
SPADES SEVEN DIAMONDS SIX,0.5414,0.03,0.4286
SPADES NINE HEARTS QUEEN,0.338,0.0122,0.6498
CLUBS JACK DIAMONDS KING,0.3112,0.008,0.6808
HEARTS ACE HEARTS NINE,0.3504,0.0062,0.6434
SPADES KING SPADES QUEEN,0.3054,0.0068,0.6878
HEARTS THREE HEARTS KING,0.3752,0.0088,0.616
HEARTS JACK DIAMONDS FIVE,0.3484,0.02,0.6316
DIAMONDS ACE CLUBS ACE,0.1192,0.0058,0.875
SPADES QUEEN SPADES SEVEN,0.3454,0.0116,0.643
SPADES JACK CLUBS KING,0.3154,0.006,0.6786
CLUBS FOUR CLUBS TWO,0.6118,0.0742,0.314
CLUBS TWO HEARTS TEN,0.261,0.5152,0.2238
HEARTS SEVEN CLUBS FIVE,0.557,0.0266,0.4164
HEARTS EIGHT HEARTS THREE,0.5804,0.0236,0.396
DIAMONDS QUEEN CLUBS TWO,0.385,0.0124,0.6026
CLUBS SIX CLUBS ACE,0.3404,0.0052,0.6544
CLUBS TWO DIAMONDS FOUR,0.6642,0.088,0.2478
DIAMONDS KING DIAMONDS NINE,0.3504,0.0088,0.6408
DIAMONDS TWO SPADES FIVE,0.607,0.0324,0.3606
CLUBS JACK HEARTS TEN,0.2206,0.0558,0.7236
CLUBS JACK CLUBS QUEEN,0.2856,0.0096,0.7048
SPADES ACE HEARTS NINE,0.3688,0.0052,0.626
CLUBS FIVE HEARTS NINE,0.573,0.0266,0.4004
CLUBS TWO CLUBS ACE,0.3708,0.0056,0.6236
DIAMONDS SIX CLUBS QUEEN,0.3634,0.0088,0.6278
SPADES ACE SPADES NINE,0.3312,0.004,0.6648
CLUBS EIGHT SPADES SEVEN,0.5194,0.0224,0.4582
SPADES THREE DIAMONDS EIGHT,0.6298,0.0264,0.3438
SPADES QUEEN SPADES SIX,0.3398,0.0094,0.6508
CLUBS JACK SPADES FIVE,0.3528,0.0146,0.6326
SPADES QUEEN DIAMONDS SIX,0.3612,0.0128,0.626
SPADES JACK SPADES SEVEN,0.3358,0.0148,0.6494
HEARTS EIGHT DIAMONDS QUEEN,0.3404,0.0132,0.6464
HEARTS TWO CLUBS KING,0.3976,0.0072,0.5952
DIAMONDS KING HEARTS QUEEN,0.313,0.007,0.68
CLUBS SEVEN HEARTS KING,0.36,0.009,0.631
SPADES NINE CLUBS SIX,0.5586,0.0246,0.4168
DIAMONDS THREE SPADES TWO,0.6286,0.0314,0.34
HEARTS FIVE DIAMONDS FIVE,0.2848,0.0632,0.652
SPADES TEN HEARTS THREE,0.2612,0.5264,0.2124
HEARTS SEVEN SPADES TEN,0.2198,0.2858,0.4944
HEARTS THREE CLUBS ACE,0.3888,0.0028,0.6084
CLUBS SIX HEARTS JACK,0.3462,0.0186,0.6352
SPADES KING HEARTS THREE,0.386,0.0084,0.6056
SPADES KING SPADES NINE,0.3372,0.0082,0.6546
SPADES ACE CLUBS SIX,0.3626,0.0044,0.633
HEARTS EIGHT SPADES NINE,0.5258,0.0262,0.448
HEARTS SEVEN DIAMONDS SEVEN,0.2854,0.0536,0.661
CLUBS EIGHT SPADES FOUR,0.6612,0.0792,0.2596
CLUBS THREE HEARTS NINE,0.6244,0.0266,0.349
CLUBS JACK HEARTS TWO,0.3898,0.022,0.5882
SPADES SEVEN HEARTS QUEEN,0.3626,0.0112,0.6262
SPADES THREE HEARTS NINE,0.6236,0.029,0.3474
HEARTS SIX DIAMONDS SIX,0.2936,0.0594,0.647
HEARTS FIVE HEARTS TWO,0.5626,0.0288,0.4086
DIAMONDS THREE HEARTS TWO,0.6238,0.0374,0.3388
SPADES QUEEN CLUBS SEVEN,0.3662,0.011,0.6228
SPADES SIX HEARTS QUEEN,0.3566,0.0112,0.6322
CLUBS TEN DIAMONDS FOUR,0.0164,0.9726,0.011
DIAMONDS SEVEN CLUBS KING,0.3652,0.0074,0.6274
SPADES ACE HEARTS FIVE,0.3476,0.0056,0.6468
HEARTS KING DIAMONDS EIGHT,0.3666,0.0082,0.6252
DIAMONDS SEVEN CLUBS QUEEN,0.3612,0.0102,0.6286
DIAMONDS KING HEARTS NINE,0.347,0.006,0.647
CLUBS JACK SPADES NINE,0.328,0.0158,0.6562
DIAMONDS KING CLUBS THREE,0.3826,0.007,0.6104
HEARTS TWO SPADES THREE,0.6226,0.035,0.3424
HEARTS TWO CLUBS TWO,0.4116,0.0636,0.5248
SPADES NINE SPADES THREE,0.5754,0.0242,0.4004
SPADES TWO HEARTS TEN,0.2666,0.514,0.2194
HEARTS EIGHT SPADES TWO,0.6196,0.0316,0.3488
HEARTS EIGHT HEARTS FIVE,0.5274,0.029,0.4436
HEARTS SEVEN HEARTS JACK,0.3306,0.0158,0.6536
SPADES QUEEN DIAMONDS FOUR,0.2478,0.048,0.7042
CLUBS FOUR DIAMONDS FOUR,0.2864,0.0524,0.6612
DIAMONDS QUEEN DIAMONDS SIX,0.3462,0.0118,0.642
DIAMONDS JACK HEARTS TEN,0.2188,0.052,0.7292
SPADES FOUR CLUBS KING,0.2426,0.0414,0.716
SPADES ACE DIAMONDS TWO,0.3918,0.006,0.6022
SPADES KING CLUBS TEN,0.2126,0.035,0.7524
CLUBS TEN DIAMONDS NINE,0.228,0.174,0.598
HEARTS SEVEN SPADES SIX,0.5546,0.0262,0.4192
CLUBS EIGHT SPADES SIX,0.5528,0.0256,0.4216
SPADES ACE SPADES THREE,0.3536,0.0046,0.6418
CLUBS TEN SPADES NINE,0.2248,0.1746,0.6006
HEARTS SEVEN CLUBS FOUR,0.638,0.083,0.279
SPADES FIVE HEARTS QUEEN,0.3602,0.011,0.6288
CLUBS TEN CLUBS EIGHT,0.201,0.2094,0.5896
DIAMONDS ACE DIAMONDS JACK,0.317,0.0046,0.6784
CLUBS EIGHT DIAMONDS NINE,0.5378,0.0252,0.437
HEARTS SIX HEARTS TWO,0.5774,0.028,0.3946
CLUBS SEVEN HEARTS QUEEN,0.3672,0.01,0.6228
HEARTS JACK HEARTS NINE,0.317,0.0168,0.6662
HEARTS FIVE DIAMONDS SIX,0.5466,0.0294,0.424
SPADES JACK CLUBS SIX,0.3512,0.0186,0.6302
CLUBS JACK SPADES SIX,0.3646,0.016,0.6194
DIAMONDS KING DIAMONDS QUEEN,0.3002,0.0092,0.6906
DIAMONDS TWO CLUBS THREE,0.6394,0.0276,0.333
HEARTS SIX SPADES EIGHT,0.536,0.03,0.434
DIAMONDS JACK SPADES THREE,0.384,0.0156,0.6004
CLUBS EIGHT HEARTS KING,0.3596,0.0056,0.6348
CLUBS TEN SPADES QUEEN,0.225,0.0448,0.7302
HEARTS ACE DIAMONDS SIX,0.3526,0.0044,0.643
DIAMONDS FIVE HEARTS NINE,0.5776,0.0308,0.3916
CLUBS TEN SPADES SEVEN,0.229,0.292,0.479
CLUBS TEN DIAMONDS EIGHT,0.235,0.2268,0.5382
CLUBS EIGHT HEARTS ACE,0.36,0.0048,0.6352
CLUBS JACK HEARTS NINE,0.323,0.0158,0.6612
SPADES FIVE DIAMONDS FIVE,0.3004,0.0602,0.6394
CLUBS SEVEN CLUBS SIX,0.5076,0.0296,0.4628
HEARTS QUEEN DIAMONDS SIX,0.3628,0.0118,0.6254
CLUBS EIGHT DIAMONDS KING,0.3756,0.008,0.6164
DIAMONDS TWO CLUBS FIVE,0.592,0.0284,0.3796
SPADES THREE HEARTS KING,0.389,0.0096,0.6014
SPADES TEN CLUBS QUEEN,0.2344,0.0404,0.7252
HEARTS SEVEN DIAMONDS QUEEN,0.3644,0.0104,0.6252
SPADES QUEEN HEARTS JACK,0.3002,0.01,0.6898
SPADES FOUR HEARTS JACK,0.2304,0.0612,0.7084
SPADES KING CLUBS TWO,0.3978,0.0124,0.5898
DIAMONDS ACE SPADES SEVEN,0.3534,0.0036,0.643
HEARTS ACE SPADES TWO,0.3718,0.004,0.6242
SPADES ACE SPADES FIVE,0.3224,0.003,0.6746
DIAMONDS NINE DIAMONDS EIGHT,0.5032,0.0278,0.469
CLUBS TEN CLUBS THREE,0.2538,0.4736,0.2726
HEARTS ACE DIAMONDS SEVEN,0.3562,0.0068,0.637
DIAMONDS THREE CLUBS EIGHT,0.6224,0.0302,0.3474
SPADES ACE DIAMONDS ACE,0.1264,0.0026,0.871
CLUBS FIVE DIAMONDS FOUR,0.6336,0.081,0.2854
HEARTS THREE HEARTS QUEEN,0.3824,0.0124,0.6052
CLUBS FIVE CLUBS TWO,0.5516,0.0308,0.4176
DIAMONDS TWO DIAMONDS NINE,0.5928,0.029,0.3782
CLUBS FIVE HEARTS ACE,0.3486,0.0052,0.6462
HEARTS EIGHT DIAMONDS JACK,0.3308,0.0176,0.6516
DIAMONDS THREE SPADES FOUR,0.6482,0.0874,0.2644
DIAMONDS NINE DIAMONDS FIVE,0.543,0.0276,0.4294
CLUBS TEN DIAMONDS QUEEN,0.2284,0.045,0.7266
DIAMONDS ACE HEARTS NINE,0.3618,0.006,0.6322
SPADES NINE CLUBS FIVE,0.575,0.0274,0.3976
SPADES FOUR HEARTS TEN,0.012,0.9722,0.0158
SPADES JACK DIAMONDS ACE,0.3254,0.0054,0.6692
SPADES TEN DIAMONDS KING,0.2218,0.0368,0.7414
SPADES KING DIAMONDS EIGHT,0.3626,0.0096,0.6278
CLUBS THREE HEARTS ACE,0.3786,0.0054,0.616
CLUBS JACK DIAMONDS ACE,0.3168,0.0036,0.6796
CLUBS THREE DIAMONDS SIX,0.6026,0.0276,0.3698
SPADES KING HEARTS JACK,0.313,0.0086,0.6784
DIAMONDS QUEEN DIAMONDS SEVEN,0.3374,0.0104,0.6522
CLUBS FIVE HEARTS TEN,0.2184,0.4802,0.3014
CLUBS ACE HEARTS NINE,0.3532,0.0046,0.6422
CLUBS JACK CLUBS FOUR,0.2276,0.0574,0.715
SPADES QUEEN CLUBS SIX,0.3666,0.0102,0.6232
SPADES TEN CLUBS TWO,0.2616,0.517,0.2214
CLUBS TEN DIAMONDS KING,0.2246,0.0372,0.7382
SPADES TEN SPADES SEVEN,0.2148,0.275,0.5102
SPADES KING HEARTS TWO,0.4086,0.0082,0.5832
SPADES JACK CLUBS TWO,0.3908,0.0186,0.5906
HEARTS ACE SPADES THREE,0.3704,0.0062,0.6234
HEARTS SEVEN SPADES QUEEN,0.3592,0.0116,0.6292
CLUBS EIGHT CLUBS KING,0.348,0.0074,0.6446
DIAMONDS QUEEN HEARTS ACE,0.3136,0.0046,0.6818
DIAMONDS KING SPADES THREE,0.4046,0.0058,0.5896
DIAMONDS THREE DIAMONDS JACK,0.3756,0.0168,0.6076
SPADES FOUR SPADES THREE,0.6056,0.0756,0.3188
DIAMONDS ACE CLUBS FOUR,0.2348,0.0266,0.7386
HEARTS EIGHT DIAMONDS ACE,0.3454,0.0054,0.6492
DIAMONDS TWO CLUBS EIGHT,0.6198,0.0294,0.3508
HEARTS THREE CLUBS KING,0.3924,0.009,0.5986
CLUBS JACK HEARTS THREE,0.3876,0.0186,0.5938
DIAMONDS THREE CLUBS TWO,0.6196,0.0362,0.3442
HEARTS EIGHT SPADES TEN,0.2192,0.223,0.5578
CLUBS NINE HEARTS TEN,0.2218,0.1686,0.6096
HEARTS THREE CLUBS SIX,0.6072,0.0308,0.362
SPADES KING SPADES THREE,0.3748,0.009,0.6162
CLUBS FIVE SPADES SEVEN,0.5582,0.0262,0.4156
SPADES QUEEN SPADES THREE,0.3582,0.0116,0.6302
CLUBS EIGHT DIAMONDS JACK,0.3544,0.0168,0.6288
HEARTS SEVEN DIAMONDS TWO,0.6214,0.0316,0.347
SPADES KING HEARTS SEVEN,0.353,0.0074,0.6396
HEARTS SEVEN SPADES NINE,0.5406,0.0246,0.4348
CLUBS JACK DIAMONDS EIGHT,0.338,0.0166,0.6454
CLUBS FOUR HEARTS JACK,0.2416,0.0596,0.6988
SPADES KING DIAMONDS NINE,0.3566,0.0072,0.6362
SPADES SEVEN DIAMONDS NINE,0.5472,0.0266,0.4262
HEARTS THREE SPADES THREE,0.3878,0.0706,0.5416
SPADES NINE DIAMONDS KING,0.345,0.008,0.647
CLUBS JACK DIAMONDS SIX,0.368,0.016,0.616
SPADES ACE HEARTS EIGHT,0.351,0.005,0.644
CLUBS NINE SPADES SEVEN,0.5574,0.0244,0.4182
DIAMONDS NINE DIAMONDS SIX,0.5258,0.0276,0.4466
HEARTS SEVEN SPADES THREE,0.6168,0.0296,0.3536
SPADES TWO DIAMONDS SIX,0.6166,0.0292,0.3542
HEARTS EIGHT CLUBS NINE,0.528,0.0234,0.4486
HEARTS SEVEN SPADES FOUR,0.6612,0.0716,0.2672
DIAMONDS NINE CLUBS KING,0.3562,0.006,0.6378
HEARTS FIVE CLUBS THREE,0.5792,0.0292,0.3916
SPADES NINE DIAMONDS FIVE,0.5856,0.0276,0.3868
SPADES ACE SPADES SEVEN,0.3364,0.0048,0.6588
DIAMONDS NINE CLUBS QUEEN,0.3444,0.0068,0.6488
HEARTS THREE DIAMONDS QUEEN,0.3914,0.011,0.5976
CLUBS JACK CLUBS EIGHT,0.3202,0.016,0.6638
HEARTS SIX SPADES JACK,0.3536,0.0136,0.6328
CLUBS TEN SPADES EIGHT,0.2162,0.226,0.5578
DIAMONDS EIGHT SPADES TWO,0.6148,0.031,0.3542
SPADES QUEEN DIAMONDS JACK,0.3036,0.0104,0.686
HEARTS QUEEN CLUBS QUEEN,0.1384,0.015,0.8466
CLUBS SIX DIAMONDS EIGHT,0.5556,0.03,0.4144
SPADES KING DIAMONDS TWO,0.4046,0.0096,0.5858
CLUBS THREE SPADES FIVE,0.585,0.0278,0.3872
SPADES TEN DIAMONDS FOUR,0.0224,0.9674,0.0102
SPADES KING HEARTS NINE,0.352,0.0078,0.6402
SPADES JACK HEARTS ACE,0.3172,0.0044,0.6784
CLUBS TEN SPADES THREE,0.2702,0.515,0.2148
HEARTS ACE CLUBS QUEEN,0.3216,0.0028,0.6756
SPADES KING SPADES FOUR,0.2284,0.0392,0.7324
DIAMONDS ACE SPADES THREE,0.3752,0.005,0.6198
CLUBS SEVEN SPADES NINE,0.5434,0.0222,0.4344
DIAMONDS ACE CLUBS TWO,0.3874,0.0052,0.6074
DIAMONDS EIGHT HEARTS JACK,0.341,0.017,0.642
SPADES SEVEN DIAMONDS FOUR,0.667,0.073,0.26
CLUBS TEN DIAMONDS JACK,0.2252,0.0654,0.7094
DIAMONDS JACK DIAMONDS FIVE,0.3394,0.0172,0.6434
SPADES QUEEN HEARTS NINE,0.3378,0.0116,0.6506
DIAMONDS ACE CLUBS KING,0.3214,0.0056,0.673
SPADES EIGHT CLUBS QUEEN,0.3578,0.0104,0.6318
SPADES FIVE DIAMONDS JACK,0.342,0.0194,0.6386
HEARTS SEVEN HEARTS ACE,0.344,0.0046,0.6514
SPADES QUEEN HEARTS FIVE,0.3592,0.011,0.6298
HEARTS TWO CLUBS FIVE,0.5916,0.0368,0.3716
DIAMONDS FIVE DIAMONDS FOUR,0.6124,0.0772,0.3104
SPADES QUEEN CLUBS KING,0.3244,0.0058,0.6698
SPADES SEVEN CLUBS TWO,0.6062,0.0322,0.3616
HEARTS SIX SPADES TEN,0.2222,0.3752,0.4026
HEARTS EIGHT HEARTS ACE,0.3394,0.0058,0.6548
DIAMONDS TWO HEARTS NINE,0.6204,0.0266,0.353
DIAMONDS EIGHT DIAMONDS FIVE,0.5472,0.0314,0.4214
CLUBS THREE DIAMONDS SEVEN,0.6132,0.0254,0.3614
CLUBS JACK HEARTS EIGHT,0.3332,0.0188,0.648
CLUBS THREE CLUBS TWO,0.585,0.0286,0.3864
DIAMONDS EIGHT DIAMONDS SEVEN,0.5234,0.0286,0.448
HEARTS SEVEN DIAMONDS EIGHT,0.5282,0.0292,0.4426
HEARTS THREE DIAMONDS SEVEN,0.6042,0.0284,0.3674
SPADES JACK SPADES THREE,0.372,0.0184,0.6096
SPADES TEN SPADES THREE,0.2578,0.4734,0.2688
SPADES QUEEN CLUBS QUEEN,0.144,0.018,0.838
SPADES JACK HEARTS FIVE,0.3578,0.0186,0.6236
CLUBS FOUR DIAMONDS JACK,0.2296,0.0662,0.7042
SPADES ACE DIAMONDS QUEEN,0.3254,0.0028,0.6718
CLUBS TEN HEARTS NINE,0.2282,0.1706,0.6012
CLUBS SIX DIAMONDS FIVE,0.5544,0.029,0.4166
DIAMONDS TWO SPADES FOUR,0.663,0.0834,0.2536
HEARTS EIGHT CLUBS TEN,0.2268,0.2262,0.547
SPADES KING HEARTS KING,0.139,0.0078,0.8532
HEARTS SIX CLUBS ACE,0.3588,0.004,0.6372
HEARTS SIX HEARTS ACE,0.3452,0.0058,0.649
DIAMONDS KING SPADES FOUR,0.2402,0.0428,0.717
SPADES EIGHT DIAMONDS SIX,0.5576,0.0238,0.4186
CLUBS FOUR CLUBS QUEEN,0.231,0.044,0.725
CLUBS TEN SPADES JACK,0.23,0.052,0.718
DIAMONDS ACE DIAMONDS QUEEN,0.3058,0.0054,0.6888
HEARTS EIGHT SPADES JACK,0.3362,0.0168,0.647
DIAMONDS TWO DIAMONDS QUEEN,0.3816,0.0114,0.607
CLUBS SIX DIAMONDS SEVEN,0.5484,0.029,0.4226
CLUBS FOUR CLUBS THREE,0.6164,0.0776,0.306
SPADES JACK HEARTS NINE,0.3358,0.0168,0.6474
HEARTS SIX SPADES THREE,0.5846,0.0298,0.3856
CLUBS FIVE SPADES THREE,0.5902,0.0294,0.3804
DIAMONDS TWO DIAMONDS EIGHT,0.599,0.027,0.374
CLUBS JACK CLUBS FIVE,0.3322,0.0172,0.6506
DIAMONDS KING SPADES SIX,0.3524,0.0058,0.6418
CLUBS THREE CLUBS KING,0.3622,0.0082,0.6296
SPADES KING SPADES SIX,0.343,0.0062,0.6508
DIAMONDS SIX DIAMONDS FOUR,0.6228,0.0788,0.2984
CLUBS SIX SPADES EIGHT,0.5636,0.0286,0.4078
DIAMONDS KING CLUBS QUEEN,0.3278,0.0066,0.6656
CLUBS NINE CLUBS THREE,0.579,0.0248,0.3962
SPADES QUEEN SPADES FIVE,0.3408,0.0112,0.648
HEARTS TWO SPADES FIVE,0.6066,0.0314,0.362
SPADES THREE DIAMONDS FOUR,0.6538,0.0768,0.2694
SPADES NINE CLUBS ACE,0.3694,0.0028,0.6278
SPADES QUEEN DIAMONDS NINE,0.3458,0.0096,0.6446
CLUBS FIVE DIAMONDS QUEEN,0.355,0.0116,0.6334
HEARTS THREE HEARTS JACK,0.3784,0.0192,0.6024
HEARTS SIX SPADES FIVE,0.5448,0.0262,0.429
SPADES SEVEN CLUBS KING,0.368,0.0062,0.6258
SPADES QUEEN DIAMONDS ACE,0.3192,0.006,0.6748
CLUBS NINE SPADES JACK,0.3272,0.0182,0.6546
SPADES NINE CLUBS QUEEN,0.331,0.01,0.659
HEARTS EIGHT SPADES SEVEN,0.5454,0.0244,0.4302
HEARTS TWO DIAMONDS FOUR,0.67,0.09,0.24
HEARTS EIGHT HEARTS SIX,0.5156,0.0262,0.4582
CLUBS EIGHT CLUBS TWO,0.5902,0.0314,0.3784
DIAMONDS TWO DIAMONDS ACE,0.3758,0.0052,0.619
CLUBS EIGHT DIAMONDS SEVEN,0.5398,0.0298,0.4304
SPADES FOUR DIAMONDS SIX,0.6488,0.0748,0.2764
HEARTS EIGHT HEARTS SEVEN,0.5064,0.0276,0.466
DIAMONDS QUEEN DIAMONDS NINE,0.34,0.0102,0.6498
CLUBS SEVEN CLUBS TWO,0.579,0.0302,0.3908
HEARTS JACK DIAMONDS SIX,0.3644,0.0164,0.6192
DIAMONDS THREE HEARTS NINE,0.6246,0.0264,0.349
SPADES JACK HEARTS TEN,0.2224,0.0568,0.7208
HEARTS TWO HEARTS JACK,0.3952,0.019,0.5858
DIAMONDS THREE HEARTS TEN,0.2594,0.5308,0.2098
HEARTS ACE HEARTS JACK,0.3018,0.0042,0.694
DIAMONDS EIGHT HEARTS TEN,0.218,0.2268,0.5552
CLUBS THREE HEARTS JACK,0.3942,0.0168,0.589
CLUBS THREE SPADES FOUR,0.6386,0.0858,0.2756
CLUBS JACK HEARTS ACE,0.3194,0.0056,0.675
DIAMONDS KING DIAMONDS FOUR,0.2254,0.0344,0.7402
SPADES FIVE SPADES FOUR,0.5816,0.0682,0.3502
CLUBS NINE HEARTS ACE,0.3498,0.0046,0.6456
HEARTS THREE HEARTS TEN,0.246,0.495,0.259
SPADES TEN HEARTS NINE,0.2206,0.1606,0.6188
DIAMONDS ACE HEARTS TEN,0.209,0.0258,0.7652
DIAMONDS QUEEN HEARTS KING,0.3022,0.009,0.6888
SPADES KING DIAMONDS SEVEN,0.3764,0.0074,0.6162
SPADES ACE DIAMONDS NINE,0.3576,0.0056,0.6368
CLUBS TWO DIAMONDS NINE,0.6194,0.0296,0.351
CLUBS KING CLUBS QUEEN,0.2984,0.0044,0.6972
SPADES ACE HEARTS KING,0.318,0.0036,0.6784
SPADES FOUR HEARTS NINE,0.6834,0.0862,0.2304
HEARTS SEVEN CLUBS NINE,0.5492,0.0264,0.4244
DIAMONDS KING DIAMONDS FIVE,0.3506,0.0092,0.6402
HEARTS FIVE HEARTS QUEEN,0.3472,0.0126,0.6402
SPADES JACK DIAMONDS QUEEN,0.2938,0.0086,0.6976
CLUBS JACK CLUBS THREE,0.3702,0.0194,0.6104
SPADES SIX HEARTS JACK,0.3562,0.017,0.6268
HEARTS SEVEN HEARTS NINE,0.5112,0.0234,0.4654
HEARTS QUEEN CLUBS KING,0.3008,0.0074,0.6918
HEARTS EIGHT DIAMONDS FIVE,0.5738,0.0246,0.4016
DIAMONDS ACE DIAMONDS SEVEN,0.3402,0.005,0.6548
CLUBS THREE HEARTS TEN,0.2514,0.5322,0.2164
HEARTS THREE DIAMONDS SIX,0.5948,0.0304,0.3748
CLUBS TEN SPADES FIVE,0.2184,0.477,0.3046
CLUBS THREE SPADES TWO,0.6144,0.03,0.3556
HEARTS FIVE CLUBS KING,0.366,0.0084,0.6256
SPADES SIX HEARTS ACE,0.3536,0.0046,0.6418
HEARTS EIGHT SPADES KING,0.3532,0.0068,0.64
DIAMONDS THREE SPADES SIX,0.5998,0.0282,0.372
CLUBS SEVEN CLUBS ACE,0.3348,0.0044,0.6608
CLUBS NINE CLUBS FIVE,0.5398,0.027,0.4332
CLUBS NINE DIAMONDS QUEEN,0.3516,0.0104,0.638
HEARTS THREE SPADES FOUR,0.657,0.0794,0.2636
HEARTS KING DIAMONDS FOUR,0.2356,0.0418,0.7226
HEARTS EIGHT CLUBS THREE,0.6138,0.0246,0.3616
CLUBS TWO HEARTS JACK,0.3954,0.0192,0.5854
SPADES ACE HEARTS JACK,0.311,0.0038,0.6852
CLUBS SEVEN SPADES FIVE,0.5582,0.0318,0.41
CLUBS TWO HEARTS KING,0.384,0.0102,0.6058
DIAMONDS THREE SPADES KING,0.3874,0.0092,0.6034
CLUBS FIVE CLUBS KING,0.3384,0.007,0.6546
CLUBS SIX DIAMONDS JACK,0.3602,0.016,0.6238
SPADES ACE DIAMONDS FIVE,0.3624,0.0038,0.6338
SPADES QUEEN CLUBS TWO,0.4118,0.0138,0.5744
DIAMONDS JACK HEARTS KING,0.309,0.007,0.684
CLUBS EIGHT HEARTS THREE,0.6226,0.0268,0.3506
SPADES SIX SPADES THREE,0.554,0.0292,0.4168
CLUBS THREE DIAMONDS QUEEN,0.3862,0.0132,0.6006
HEARTS FIVE DIAMONDS EIGHT,0.5694,0.0294,0.4012
SPADES THREE SPADES TWO,0.5878,0.0288,0.3834
CLUBS EIGHT HEARTS TEN,0.2196,0.2312,0.5492
HEARTS SIX DIAMONDS KING,0.3464,0.009,0.6446
HEARTS EIGHT CLUBS QUEEN,0.349,0.009,0.642
SPADES NINE HEARTS TWO,0.6134,0.0298,0.3568
HEARTS EIGHT SPADES SIX,0.565,0.024,0.411
HEARTS SIX CLUBS TWO,0.601,0.0284,0.3706
SPADES ACE HEARTS QUEEN,0.3232,0.0044,0.6724
HEARTS EIGHT DIAMONDS NINE,0.5314,0.0256,0.443
DIAMONDS ACE DIAMONDS FIVE,0.3364,0.0056,0.658
SPADES KING DIAMONDS QUEEN,0.3088,0.0066,0.6846
SPADES TEN CLUBS KING,0.2322,0.037,0.7308
CLUBS JACK HEARTS JACK,0.1502,0.0236,0.8262
CLUBS FIVE HEARTS JACK,0.3614,0.0224,0.6162
CLUBS NINE CLUBS TWO,0.5782,0.0268,0.395
HEARTS THREE CLUBS THREE,0.387,0.0732,0.5398
CLUBS FOUR DIAMONDS KING,0.2436,0.0386,0.7178
CLUBS TEN DIAMONDS TWO,0.2638,0.52,0.2162
CLUBS NINE DIAMONDS FOUR,0.6918,0.0776,0.2306
CLUBS TWO SPADES TWO,0.3884,0.0692,0.5424
SPADES TEN DIAMONDS QUEEN,0.2206,0.0494,0.73
HEARTS FIVE SPADES NINE,0.5694,0.0254,0.4052
SPADES QUEEN HEARTS SIX,0.3572,0.0104,0.6324
SPADES QUEEN CLUBS FOUR,0.2408,0.044,0.7152
DIAMONDS THREE SPADES QUEEN,0.3848,0.0134,0.6018
HEARTS SIX SPADES NINE,0.5404,0.0322,0.4274
CLUBS NINE HEARTS THREE,0.6282,0.0314,0.3404
SPADES JACK DIAMONDS SIX,0.3506,0.0178,0.6316
HEARTS SEVEN CLUBS SEVEN,0.282,0.0538,0.6642
CLUBS SEVEN DIAMONDS FIVE,0.5564,0.0284,0.4152
HEARTS SEVEN DIAMONDS ACE,0.3408,0.0044,0.6548
SPADES KING CLUBS ACE,0.3198,0.0032,0.677
DIAMONDS TWO CLUBS SIX,0.6088,0.0314,0.3598
CLUBS THREE DIAMONDS FIVE,0.6024,0.028,0.3696
SPADES EIGHT DIAMONDS EIGHT,0.2822,0.048,0.6698
HEARTS THREE HEARTS NINE,0.5722,0.03,0.3978
HEARTS FIVE DIAMONDS KING,0.3482,0.01,0.6418
CLUBS NINE HEARTS SIX,0.5556,0.0262,0.4182
CLUBS FIVE DIAMONDS ACE,0.3524,0.0056,0.642
HEARTS FIVE SPADES TWO,0.5832,0.0342,0.3826
CLUBS TWO HEARTS NINE,0.6058,0.0306,0.3636
SPADES QUEEN DIAMONDS SEVEN,0.3796,0.012,0.6084
CLUBS NINE DIAMONDS NINE,0.271,0.0392,0.6898
SPADES ACE HEARTS SIX,0.3672,0.0042,0.6286
SPADES SIX DIAMONDS QUEEN,0.3612,0.0098,0.629
HEARTS ACE DIAMONDS NINE,0.3666,0.0066,0.6268
SPADES TEN DIAMONDS NINE,0.23,0.1634,0.6066
CLUBS SIX CLUBS QUEEN,0.35,0.011,0.639
DIAMONDS KING DIAMONDS SIX,0.3496,0.006,0.6444
HEARTS SIX CLUBS FOUR,0.6404,0.0786,0.281
CLUBS SIX SPADES FOUR,0.6532,0.0712,0.2756
SPADES SIX DIAMONDS FIVE,0.559,0.0232,0.4178
HEARTS THREE SPADES NINE,0.6202,0.0284,0.3514
SPADES JACK CLUBS EIGHT,0.3568,0.016,0.6272
HEARTS SEVEN HEARTS THREE,0.5766,0.0294,0.394
SPADES TEN DIAMONDS FIVE,0.22,0.4752,0.3048
CLUBS JACK SPADES TWO,0.3978,0.0172,0.585
SPADES EIGHT DIAMONDS SEVEN,0.5508,0.0244,0.4248
DIAMONDS TWO CLUBS FOUR,0.6638,0.0762,0.26
SPADES QUEEN SPADES TEN,0.2192,0.0452,0.7356
DIAMONDS THREE CLUBS FIVE,0.595,0.033,0.372
SPADES EIGHT HEARTS NINE,0.5266,0.0246,0.4488
HEARTS KING DIAMONDS SIX,0.357,0.0094,0.6336
SPADES FOUR DIAMONDS FIVE,0.6286,0.0788,0.2926
CLUBS TEN HEARTS KING,0.2312,0.0328,0.736
DIAMONDS SEVEN DIAMONDS FIVE,0.5398,0.03,0.4302
HEARTS EIGHT CLUBS SIX,0.5642,0.0264,0.4094
DIAMONDS NINE SPADES THREE,0.6144,0.0262,0.3594
DIAMONDS ACE HEARTS JACK,0.3124,0.0042,0.6834
HEARTS TWO DIAMONDS QUEEN,0.3998,0.0126,0.5876
DIAMONDS ACE CLUBS QUEEN,0.3206,0.0042,0.6752
HEARTS SIX HEARTS THREE,0.5798,0.0298,0.3904
DIAMONDS JACK DIAMONDS FOUR,0.2182,0.0636,0.7182
HEARTS SEVEN DIAMONDS SIX,0.5462,0.0258,0.428
SPADES ACE CLUBS THREE,0.3792,0.004,0.6168
HEARTS FIVE SPADES SEVEN,0.5588,0.0274,0.4138
SPADES ACE DIAMONDS SIX,0.3686,0.0038,0.6276
SPADES EIGHT DIAMONDS QUEEN,0.3488,0.0096,0.6416
SPADES JACK DIAMONDS NINE,0.3268,0.0146,0.6586
HEARTS EIGHT DIAMONDS SEVEN,0.542,0.0304,0.4276
HEARTS KING DIAMONDS SEVEN,0.3468,0.0068,0.6464
SPADES THREE DIAMONDS SIX,0.6088,0.0326,0.3586
HEARTS SIX SPADES TWO,0.6124,0.0276,0.36
CLUBS JACK SPADES THREE,0.3892,0.0164,0.5944
HEARTS SIX HEARTS KING,0.337,0.0088,0.6542
DIAMONDS THREE CLUBS QUEEN,0.3958,0.0136,0.5906
HEARTS FIVE SPADES THREE,0.5908,0.026,0.3832
CLUBS NINE SPADES SIX,0.5658,0.023,0.4112
DIAMONDS ACE HEARTS QUEEN,0.3084,0.0072,0.6844
DIAMONDS TWO DIAMONDS FIVE,0.569,0.0318,0.3992
SPADES SIX DIAMONDS EIGHT,0.56,0.0242,0.4158
HEARTS SIX CLUBS KING,0.3606,0.0086,0.6308
DIAMONDS ACE DIAMONDS KING,0.3062,0.0038,0.69
DIAMONDS THREE SPADES JACK,0.39,0.0188,0.5912
SPADES JACK SPADES TWO,0.37,0.0152,0.6148
SPADES SEVEN CLUBS ACE,0.3598,0.004,0.6362
SPADES FOUR HEARTS QUEEN,0.2382,0.05,0.7118
HEARTS EIGHT HEARTS TEN,0.2268,0.2136,0.5596
DIAMONDS SEVEN DIAMONDS SIX,0.5288,0.0234,0.4478
CLUBS FIVE DIAMONDS JACK,0.36,0.0158,0.6242
HEARTS SIX DIAMONDS JACK,0.351,0.021,0.628
SPADES QUEEN SPADES EIGHT,0.3416,0.0098,0.6486
SPADES TEN HEARTS ACE,0.2176,0.023,0.7594
CLUBS ACE CLUBS KING,0.3088,0.0052,0.686
CLUBS JACK HEARTS FIVE,0.3554,0.0192,0.6254
SPADES QUEEN HEARTS THREE,0.398,0.0092,0.5928
SPADES EIGHT SPADES SEVEN,0.4994,0.0238,0.4768
HEARTS FIVE SPADES EIGHT,0.5748,0.0268,0.3984
SPADES FIVE CLUBS ACE,0.3602,0.004,0.6358
DIAMONDS ACE SPADES FOUR,0.2358,0.0256,0.7386
CLUBS SEVEN DIAMONDS FOUR,0.6664,0.08,0.2536
HEARTS KING HEARTS TEN,0.2124,0.0394,0.7482
SPADES NINE HEARTS JACK,0.3368,0.0146,0.6486
CLUBS SIX HEARTS ACE,0.353,0.0032,0.6438
HEARTS FIVE SPADES SIX,0.558,0.0214,0.4206
DIAMONDS FIVE CLUBS QUEEN,0.3618,0.0106,0.6276
HEARTS THREE DIAMONDS FOUR,0.6552,0.0848,0.26
DIAMONDS QUEEN HEARTS NINE,0.3332,0.0106,0.6562
HEARTS QUEEN HEARTS JACK,0.3018,0.0104,0.6878
SPADES SIX DIAMONDS SEVEN,0.5494,0.0296,0.421
SPADES ACE SPADES EIGHT,0.3336,0.0044,0.662
SPADES KING DIAMONDS KING,0.13,0.0106,0.8594
SPADES FIVE DIAMONDS SEVEN,0.5568,0.0276,0.4156
SPADES KING SPADES TEN,0.2168,0.0428,0.7404
DIAMONDS TWO SPADES QUEEN,0.398,0.0148,0.5872
DIAMONDS EIGHT CLUBS KING,0.3594,0.0076,0.633
SPADES FIVE CLUBS KING,0.3678,0.0074,0.6248
DIAMONDS TWO HEARTS FIVE,0.6034,0.033,0.3636
HEARTS EIGHT SPADES FIVE,0.564,0.0294,0.4066
CLUBS EIGHT SPADES THREE,0.614,0.0284,0.3576
CLUBS ACE CLUBS QUEEN,0.2998,0.0054,0.6948
DIAMONDS THREE HEARTS JACK,0.387,0.0174,0.5956
SPADES FOUR SPADES TWO,0.6226,0.081,0.2964
SPADES THREE HEARTS QUEEN,0.3968,0.0142,0.589
HEARTS ACE HEARTS TEN,0.2078,0.0274,0.7648
DIAMONDS TWO DIAMONDS FOUR,0.627,0.0898,0.2832
CLUBS EIGHT HEARTS TWO,0.6202,0.0266,0.3532
CLUBS SEVEN DIAMONDS SEVEN,0.306,0.049,0.645
CLUBS JACK DIAMONDS THREE,0.3992,0.0184,0.5824
CLUBS FOUR SPADES FOUR,0.2728,0.0564,0.6708
HEARTS KING HEARTS JACK,0.2992,0.008,0.6928
SPADES QUEEN SPADES TWO,0.3684,0.01,0.6216
HEARTS TWO SPADES SIX,0.6158,0.0268,0.3574
DIAMONDS QUEEN SPADES FIVE,0.3538,0.0098,0.6364
CLUBS TEN CLUBS QUEEN,0.2108,0.0424,0.7468
SPADES TEN CLUBS SIX,0.2192,0.382,0.3988
SPADES QUEEN DIAMONDS FIVE,0.37,0.0114,0.6186
SPADES NINE SPADES SEVEN,0.5058,0.0234,0.4708
DIAMONDS KING DIAMONDS EIGHT,0.3544,0.0078,0.6378
CLUBS SIX CLUBS THREE,0.5508,0.0342,0.415
SPADES SIX CLUBS QUEEN,0.364,0.0112,0.6248
HEARTS TWO CLUBS ACE,0.3916,0.0062,0.6022
DIAMONDS QUEEN CLUBS ACE,0.3066,0.0046,0.6888
HEARTS TWO HEARTS TEN,0.2578,0.4948,0.2474
SPADES ACE SPADES KING,0.2962,0.005,0.6988
CLUBS EIGHT CLUBS THREE,0.588,0.025,0.387
CLUBS FOUR DIAMONDS QUEEN,0.2316,0.0504,0.718
SPADES FOUR DIAMONDS EIGHT,0.6826,0.0738,0.2436
HEARTS QUEEN CLUBS ACE,0.3228,0.0042,0.673
SPADES FOUR DIAMONDS FOUR,0.2876,0.05,0.6624
HEARTS THREE DIAMONDS JACK,0.387,0.0184,0.5946
SPADES FIVE CLUBS QUEEN,0.3566,0.0124,0.631
CLUBS TEN SPADES TWO,0.2718,0.504,0.2242
DIAMONDS EIGHT CLUBS QUEEN,0.353,0.0102,0.6368
CLUBS JACK DIAMONDS TWO,0.4022,0.0178,0.58
SPADES ACE SPADES QUEEN,0.3012,0.0048,0.694
SPADES QUEEN SPADES JACK,0.2814,0.0098,0.7088
SPADES SEVEN SPADES TWO,0.5888,0.025,0.3862
SPADES SEVEN HEARTS ACE,0.3584,0.005,0.6366
SPADES SEVEN CLUBS QUEEN,0.3628,0.0124,0.6248
DIAMONDS JACK DIAMONDS NINE,0.31,0.0154,0.6746
HEARTS SIX SPADES SEVEN,0.5448,0.028,0.4272
CLUBS FOUR DIAMONDS SIX,0.6596,0.0748,0.2656
HEARTS FIVE DIAMONDS QUEEN,0.3628,0.0146,0.6226
SPADES TWO HEARTS NINE,0.618,0.0298,0.3522
HEARTS SEVEN DIAMONDS FOUR,0.652,0.0816,0.2664
CLUBS FOUR CLUBS KING,0.2388,0.034,0.7272
SPADES KING HEARTS TEN,0.2404,0.037,0.7226
HEARTS ACE CLUBS KING,0.3386,0.0038,0.6576
CLUBS TEN HEARTS JACK,0.2302,0.0528,0.717
HEARTS FIVE CLUBS ACE,0.3476,0.005,0.6474
DIAMONDS THREE DIAMONDS SEVEN,0.5836,0.0302,0.3862
HEARTS EIGHT DIAMONDS EIGHT,0.2906,0.045,0.6644
SPADES NINE DIAMONDS JACK,0.321,0.0178,0.6612
HEARTS FIVE HEARTS JACK,0.346,0.0162,0.6378
HEARTS EIGHT HEARTS QUEEN,0.327,0.0136,0.6594
HEARTS TWO HEARTS NINE,0.5816,0.03,0.3884
SPADES SIX SPADES FOUR,0.615,0.0734,0.3116
HEARTS JACK DIAMONDS FOUR,0.2362,0.0696,0.6942
CLUBS EIGHT CLUBS SEVEN,0.5006,0.0256,0.4738
DIAMONDS THREE SPADES TEN,0.2652,0.5182,0.2166
DIAMONDS JACK DIAMONDS SEVEN,0.3256,0.016,0.6584
SPADES SEVEN SPADES SIX,0.499,0.0288,0.4722
HEARTS FIVE CLUBS SIX,0.5468,0.0326,0.4206
CLUBS TEN DIAMONDS FIVE,0.2194,0.4738,0.3068
CLUBS FIVE SPADES TWO,0.599,0.033,0.368
HEARTS SIX HEARTS JACK,0.3494,0.021,0.6296
HEARTS JACK CLUBS KING,0.3122,0.0066,0.6812
DIAMONDS ACE DIAMONDS EIGHT,0.335,0.0038,0.6612
DIAMONDS JACK CLUBS ACE,0.3196,0.0042,0.6762
SPADES NINE SPADES SIX,0.5224,0.0236,0.454
HEARTS EIGHT CLUBS FIVE,0.5524,0.029,0.4186
HEARTS EIGHT SPADES EIGHT,0.2612,0.0436,0.6952
DIAMONDS TWO CLUBS ACE,0.3916,0.0066,0.6018
SPADES FIVE HEARTS ACE,0.3458,0.0058,0.6484
CLUBS SEVEN HEARTS NINE,0.558,0.0248,0.4172
HEARTS TWO HEARTS QUEEN,0.375,0.0108,0.6142
CLUBS TEN DIAMONDS ACE,0.219,0.0246,0.7564
DIAMONDS QUEEN HEARTS JACK,0.29,0.009,0.701
HEARTS THREE CLUBS QUEEN,0.3894,0.0114,0.5992
CLUBS NINE HEARTS FIVE,0.5602,0.0304,0.4094
HEARTS ACE HEARTS QUEEN,0.3102,0.0034,0.6864
HEARTS SEVEN CLUBS SIX,0.5352,0.0256,0.4392
SPADES TEN SPADES TWO,0.2482,0.4814,0.2704
DIAMONDS KING CLUBS ACE,0.3206,0.0048,0.6746
CLUBS SEVEN DIAMONDS EIGHT,0.5358,0.0262,0.438
DIAMONDS TWO SPADES TEN,0.2788,0.514,0.2072
HEARTS SIX DIAMONDS ACE,0.3486,0.005,0.6464
CLUBS TEN CLUBS SEVEN,0.2102,0.2718,0.518
SPADES NINE HEARTS ACE,0.3564,0.004,0.6396
SPADES NINE DIAMONDS QUEEN,0.3408,0.011,0.6482
CLUBS TEN DIAMONDS SEVEN,0.2206,0.2916,0.4878
HEARTS THREE SPADES SIX,0.603,0.028,0.369
SPADES FOUR DIAMONDS NINE,0.697,0.0766,0.2264
HEARTS SIX CLUBS EIGHT,0.5494,0.0242,0.4264
CLUBS JACK SPADES JACK,0.1486,0.0192,0.8322
SPADES EIGHT SPADES FIVE,0.5478,0.0234,0.4288
HEARTS THREE DIAMONDS EIGHT,0.6264,0.0268,0.3468
HEARTS TWO SPADES FOUR,0.6698,0.085,0.2452
CLUBS FOUR CLUBS ACE,0.227,0.0238,0.7492
CLUBS JACK CLUBS TWO,0.3764,0.0176,0.606
HEARTS SEVEN DIAMONDS JACK,0.3486,0.019,0.6324
HEARTS TWO DIAMONDS NINE,0.6138,0.0322,0.354
CLUBS NINE CLUBS EIGHT,0.4994,0.0198,0.4808
CLUBS TEN CLUBS KING,0.2116,0.0364,0.752
DIAMONDS TWO HEARTS TWO,0.388,0.0762,0.5358
HEARTS EIGHT HEARTS TWO,0.5976,0.027,0.3754
HEARTS TWO CLUBS QUEEN,0.4082,0.0122,0.5796
CLUBS SIX CLUBS TWO,0.5776,0.0262,0.3962
SPADES FIVE SPADES TWO,0.558,0.0268,0.4152
HEARTS THREE SPADES EIGHT,0.6442,0.0276,0.3282
SPADES ACE HEARTS TWO,0.394,0.0042,0.6018
CLUBS JACK SPADES EIGHT,0.3534,0.0172,0.6294
CLUBS FOUR DIAMONDS FIVE,0.633,0.0818,0.2852
DIAMONDS THREE DIAMONDS ACE,0.367,0.0046,0.6284
SPADES ACE CLUBS ACE,0.1416,0.003,0.8554
CLUBS THREE DIAMONDS JACK,0.3804,0.02,0.5996
DIAMONDS THREE HEARTS SEVEN,0.6098,0.0304,0.3598
DIAMONDS NINE SPADES TWO,0.6186,0.0288,0.3526
CLUBS FOUR HEARTS TEN,0.0128,0.969,0.0182
SPADES FIVE DIAMONDS NINE,0.5648,0.0284,0.4068
CLUBS FOUR SPADES TWO,0.6568,0.0806,0.2626
CLUBS TWO DIAMONDS SIX,0.6128,0.0288,0.3584
CLUBS JACK DIAMONDS NINE,0.333,0.0128,0.6542
HEARTS EIGHT DIAMONDS THREE,0.6144,0.031,0.3546
CLUBS NINE DIAMONDS KING,0.3614,0.0062,0.6324
HEARTS FIVE DIAMONDS FOUR,0.6312,0.0856,0.2832
DIAMONDS SIX HEARTS TEN,0.2118,0.3816,0.4066
CLUBS FIVE HEARTS KING,0.3538,0.0078,0.6384
HEARTS FIVE SPADES FIVE,0.2904,0.0696,0.64
CLUBS SIX SPADES THREE,0.5998,0.029,0.3712
CLUBS SEVEN CLUBS FOUR,0.6142,0.0672,0.3186
CLUBS TWO DIAMONDS FIVE,0.603,0.0242,0.3728
SPADES SEVEN HEARTS JACK,0.3516,0.0188,0.6296
DIAMONDS EIGHT HEARTS QUEEN,0.3494,0.0116,0.639
HEARTS SEVEN HEARTS TEN,0.2084,0.2924,0.4992
SPADES QUEEN DIAMONDS QUEEN,0.1364,0.0164,0.8472
CLUBS EIGHT DIAMONDS QUEEN,0.3504,0.0096,0.64
SPADES ACE HEARTS ACE,0.1272,0.003,0.8698
HEARTS FIVE HEARTS THREE,0.564,0.0262,0.4098
SPADES EIGHT DIAMONDS FIVE,0.5774,0.0302,0.3924
CLUBS TEN CLUBS ACE,0.2214,0.0216,0.757
HEARTS SEVEN HEARTS QUEEN,0.3426,0.0108,0.6466
SPADES KING SPADES FIVE,0.336,0.0062,0.6578
CLUBS SIX HEARTS TWO,0.612,0.0246,0.3634
CLUBS TEN SPADES SIX,0.2206,0.3744,0.405
DIAMONDS TWO HEARTS TEN,0.266,0.5214,0.2126
DIAMONDS JACK HEARTS NINE,0.3202,0.0172,0.6626
SPADES ACE CLUBS FIVE,0.3528,0.0036,0.6436
SPADES SEVEN DIAMONDS QUEEN,0.3564,0.0126,0.631
HEARTS ACE CLUBS ACE,0.121,0.0034,0.8756
DIAMONDS TWO CLUBS QUEEN,0.3974,0.0132,0.5894
SPADES NINE CLUBS THREE,0.6068,0.027,0.3662
HEARTS SEVEN HEARTS KING,0.351,0.0078,0.6412
DIAMONDS THREE CLUBS KING,0.3994,0.0078,0.5928
HEARTS NINE DIAMONDS FOUR,0.6806,0.0862,0.2332
SPADES EIGHT CLUBS ACE,0.3634,0.0054,0.6312
DIAMONDS QUEEN DIAMONDS EIGHT,0.3322,0.014,0.6538
DIAMONDS QUEEN HEARTS QUEEN,0.1258,0.0144,0.8598
HEARTS FIVE CLUBS FIVE,0.2978,0.0636,0.6386
CLUBS JACK CLUBS ACE,0.2868,0.0052,0.708
CLUBS ACE DIAMONDS SIX,0.3532,0.0046,0.6422
SPADES SEVEN CLUBS THREE,0.5946,0.0252,0.3802
CLUBS FIVE CLUBS QUEEN,0.3388,0.012,0.6492
HEARTS TWO SPADES TWO,0.4054,0.073,0.5216
CLUBS EIGHT HEARTS JACK,0.3536,0.0144,0.632
CLUBS TEN HEARTS SIX,0.2132,0.38,0.4068
HEARTS SEVEN CLUBS EIGHT,0.539,0.0276,0.4334
SPADES ACE SPADES TWO,0.3648,0.0064,0.6288
HEARTS SIX SPADES FOUR,0.6548,0.075,0.2702
SPADES KING CLUBS FOUR,0.2386,0.0412,0.7202
HEARTS EIGHT CLUBS FOUR,0.6674,0.0852,0.2474
DIAMONDS TWO DIAMONDS JACK,0.3772,0.0184,0.6044
HEARTS EIGHT SPADES THREE,0.611,0.033,0.356
CLUBS FOUR HEARTS QUEEN,0.2234,0.0466,0.73
SPADES TEN HEARTS KING,0.225,0.0396,0.7354
SPADES FIVE HEARTS NINE,0.5586,0.03,0.4114
SPADES SEVEN DIAMONDS EIGHT,0.5448,0.0282,0.427
SPADES TWO DIAMONDS SEVEN,0.615,0.0298,0.3552
CLUBS NINE DIAMONDS FIVE,0.5758,0.026,0.3982
DIAMONDS JACK HEARTS ACE,0.3078,0.0046,0.6876
SPADES QUEEN HEARTS KING,0.3198,0.005,0.6752
HEARTS SEVEN HEARTS TWO,0.584,0.0246,0.3914
CLUBS SEVEN HEARTS TEN,0.2122,0.3028,0.485
DIAMONDS SEVEN DIAMONDS FOUR,0.6226,0.0786,0.2988
SPADES ACE CLUBS NINE,0.3596,0.0048,0.6356
CLUBS SEVEN HEARTS JACK,0.3508,0.0178,0.6314
SPADES ACE DIAMONDS THREE,0.3832,0.0048,0.612
SPADES ACE DIAMONDS FOUR,0.2494,0.0202,0.7304
SPADES FIVE HEARTS KING,0.3688,0.0074,0.6238
SPADES ACE CLUBS FOUR,0.2426,0.023,0.7344
DIAMONDS TWO CLUBS TWO,0.3934,0.0698,0.5368
CLUBS NINE SPADES THREE,0.6126,0.0328,0.3546
SPADES TEN SPADES NINE,0.2032,0.1696,0.6272
DIAMONDS THREE HEARTS THREE,0.38,0.074,0.546
HEARTS SIX CLUBS FIVE,0.5548,0.0282,0.417
CLUBS THREE HEARTS KING,0.3964,0.0094,0.5942
CLUBS EIGHT SPADES TEN,0.2328,0.2264,0.5408
DIAMONDS THREE SPADES NINE,0.6168,0.0342,0.349
DIAMONDS NINE HEARTS TEN,0.2064,0.181,0.6126
SPADES TEN DIAMONDS ACE,0.2296,0.0268,0.7436
SPADES ACE CLUBS TEN,0.2258,0.0262,0.748
HEARTS JACK CLUBS QUEEN,0.301,0.01,0.689
CLUBS ACE DIAMONDS FIVE,0.3478,0.0058,0.6464
CLUBS QUEEN HEARTS NINE,0.3326,0.0092,0.6582
CLUBS TEN CLUBS TWO,0.2392,0.5062,0.2546
CLUBS EIGHT SPADES TWO,0.621,0.0292,0.3498
SPADES JACK HEARTS THREE,0.3908,0.0182,0.591
CLUBS SEVEN HEARTS THREE,0.6154,0.028,0.3566
HEARTS THREE DIAMONDS FIVE,0.5914,0.0358,0.3728
DIAMONDS TWO DIAMONDS KING,0.385,0.0072,0.6078
SPADES SIX HEARTS TEN,0.2228,0.3768,0.4004
SPADES TWO HEARTS JACK,0.39,0.0184,0.5916
CLUBS SIX HEARTS KING,0.363,0.0066,0.6304
DIAMONDS SIX DIAMONDS FIVE,0.5284,0.0272,0.4444
SPADES NINE HEARTS NINE,0.2638,0.0442,0.692
CLUBS FOUR SPADES SIX,0.651,0.0754,0.2736
HEARTS EIGHT CLUBS KING,0.3674,0.0062,0.6264
CLUBS THREE HEARTS QUEEN,0.3944,0.0134,0.5922
HEARTS EIGHT DIAMONDS TWO,0.6266,0.0258,0.3476
CLUBS EIGHT SPADES FIVE,0.5738,0.027,0.3992
DIAMONDS THREE DIAMONDS KING,0.3708,0.009,0.6202
SPADES EIGHT CLUBS FIVE,0.5682,0.0258,0.406
SPADES QUEEN HEARTS TEN,0.2198,0.0438,0.7364
CLUBS TEN CLUBS FIVE,0.2018,0.4486,0.3496
CLUBS EIGHT CLUBS ACE,0.3304,0.0044,0.6652
CLUBS FIVE DIAMONDS NINE,0.5732,0.03,0.3968
HEARTS TEN HEARTS NINE,0.2206,0.1632,0.6162
DIAMONDS THREE DIAMONDS NINE,0.5836,0.029,0.3874
CLUBS FIVE CLUBS ACE,0.336,0.0044,0.6596
SPADES KING SPADES EIGHT,0.3394,0.0064,0.6542
HEARTS FIVE CLUBS FOUR,0.64,0.0792,0.2808
CLUBS NINE HEARTS NINE,0.2734,0.043,0.6836
SPADES FIVE DIAMONDS FOUR,0.6242,0.084,0.2918
CLUBS FOUR HEARTS ACE,0.241,0.0222,0.7368
CLUBS EIGHT DIAMONDS ACE,0.352,0.0034,0.6446
DIAMONDS KING HEARTS ACE,0.3126,0.0046,0.6828
DIAMONDS THREE HEARTS ACE,0.3716,0.0054,0.623
SPADES TEN CLUBS SEVEN,0.217,0.292,0.491
HEARTS SIX DIAMONDS SEVEN,0.552,0.0304,0.4176
CLUBS NINE CLUBS QUEEN,0.32,0.0106,0.6694
DIAMONDS NINE CLUBS ACE,0.356,0.0052,0.6388
DIAMONDS QUEEN SPADES FOUR,0.2238,0.0472,0.729
SPADES TWO CLUBS KING,0.3966,0.0112,0.5922
HEARTS TWO DIAMONDS SEVEN,0.6152,0.0326,0.3522
SPADES JACK DIAMONDS EIGHT,0.3506,0.0134,0.636
DIAMONDS TWO HEARTS QUEEN,0.3834,0.0136,0.603
CLUBS EIGHT DIAMONDS EIGHT,0.2852,0.045,0.6698
DIAMONDS THREE DIAMONDS EIGHT,0.5958,0.0284,0.3758
DIAMONDS THREE CLUBS SIX,0.6066,0.0276,0.3658
DIAMONDS THREE CLUBS SEVEN,0.602,0.0294,0.3686
SPADES SEVEN DIAMONDS SEVEN,0.2982,0.0508,0.651
DIAMONDS SIX HEARTS NINE,0.5646,0.031,0.4044
CLUBS SEVEN CLUBS QUEEN,0.3404,0.0114,0.6482
CLUBS NINE DIAMONDS EIGHT,0.5192,0.0264,0.4544
SPADES NINE CLUBS FOUR,0.686,0.0818,0.2322
SPADES TEN DIAMONDS SIX,0.2288,0.374,0.3972
CLUBS SEVEN SPADES FOUR,0.6584,0.0756,0.266
CLUBS SIX DIAMONDS ACE,0.366,0.0028,0.6312
HEARTS EIGHT CLUBS EIGHT,0.268,0.0438,0.6882
CLUBS FIVE CLUBS FOUR,0.5942,0.0788,0.327
HEARTS KING DIAMONDS FIVE,0.3534,0.0072,0.6394
DIAMONDS THREE DIAMONDS TWO,0.6042,0.0306,0.3652
SPADES QUEEN CLUBS THREE,0.385,0.012,0.603
CLUBS FOUR SPADES THREE,0.6422,0.0854,0.2724
SPADES KING HEARTS SIX,0.3582,0.0076,0.6342
HEARTS THREE HEARTS ACE,0.358,0.0066,0.6354
HEARTS FIVE CLUBS SEVEN,0.5556,0.0266,0.4178
CLUBS NINE HEARTS JACK,0.3292,0.0156,0.6552
CLUBS NINE DIAMONDS ACE,0.3608,0.0062,0.633
HEARTS TWO DIAMONDS JACK,0.4026,0.0188,0.5786
HEARTS SEVEN HEARTS FIVE,0.532,0.028,0.44
HEARTS JACK HEARTS TEN,0.217,0.057,0.726
SPADES KING CLUBS FIVE,0.3718,0.0078,0.6204
CLUBS NINE SPADES NINE,0.2712,0.0406,0.6882
SPADES FOUR HEARTS KING,0.233,0.0348,0.7322
HEARTS FIVE CLUBS TWO,0.5962,0.0296,0.3742
CLUBS TWO DIAMONDS JACK,0.3914,0.019,0.5896
CLUBS JACK SPADES TEN,0.234,0.0594,0.7066
DIAMONDS QUEEN SPADES TWO,0.3996,0.014,0.5864
HEARTS KING CLUBS ACE,0.3334,0.0044,0.6622
CLUBS TEN HEARTS TWO,0.2754,0.5164,0.2082
HEARTS TWO HEARTS KING,0.3724,0.008,0.6196
SPADES JACK SPADES TEN,0.2232,0.0578,0.719
SPADES ACE CLUBS TWO,0.3816,0.0046,0.6138
SPADES JACK HEARTS QUEEN,0.306,0.0098,0.6842
SPADES KING HEARTS QUEEN,0.3248,0.0074,0.6678
SPADES SEVEN SPADES THREE,0.57,0.028,0.402
CLUBS FOUR DIAMONDS EIGHT,0.674,0.075,0.251
CLUBS JACK DIAMONDS QUEEN,0.3154,0.0094,0.6752
DIAMONDS TWO SPADES JACK,0.4028,0.0192,0.578
CLUBS FIVE DIAMONDS SEVEN,0.5538,0.0314,0.4148
HEARTS QUEEN DIAMONDS FIVE,0.365,0.016,0.619
CLUBS NINE CLUBS KING,0.3418,0.0068,0.6514
CLUBS FIVE DIAMONDS KING,0.3652,0.009,0.6258
SPADES TEN CLUBS FOUR,0.022,0.9574,0.0206
CLUBS SIX HEARTS QUEEN,0.3588,0.0124,0.6288
CLUBS TWO HEARTS QUEEN,0.3884,0.0154,0.5962
DIAMONDS TWO HEARTS JACK,0.4046,0.0166,0.5788
SPADES KING CLUBS NINE,0.359,0.0068,0.6342
DIAMONDS THREE DIAMONDS FOUR,0.6074,0.0894,0.3032
HEARTS FIVE DIAMONDS NINE,0.5808,0.0312,0.388
