opposingHand,winningChance,drawChance,lostChance
HEARTS SIX HEARTS TWO
HEARTS EIGHT CLUBS ACE,0.3528,0.0048,0.6424
SPADES EIGHT CLUBS ACE,0.3734,0.004,0.6226
DIAMONDS THREE CLUBS NINE,0.398,0.0434,0.5586
DIAMONDS JACK SPADES TWO,0.285,0.0494,0.6656
SPADES QUEEN SPADES FOUR,0.3844,0.0112,0.6044
CLUBS EIGHT DIAMONDS JACK,0.3654,0.0194,0.6152
SPADES SEVEN HEARTS ACE,0.3536,0.0034,0.643
SPADES QUEEN SPADES SEVEN,0.356,0.0108,0.6332
SPADES NINE DIAMONDS SIX,0.2772,0.1136,0.6092
CLUBS ACE HEARTS TEN,0.3612,0.0052,0.6336
DIAMONDS QUEEN HEARTS TEN,0.3578,0.0094,0.6328
HEARTS FIVE SPADES EIGHT,0.3794,0.0592,0.5614
CLUBS SEVEN SPADES SIX,0.2612,0.1864,0.5524
SPADES FIVE CLUBS QUEEN,0.3952,0.0136,0.5912
SPADES SEVEN CLUBS FOUR,0.3802,0.0936,0.5262
HEARTS SEVEN DIAMONDS TWO,0.2748,0.1884,0.5368
DIAMONDS QUEEN CLUBS THREE,0.3956,0.0144,0.59
SPADES JACK DIAMONDS EIGHT,0.3644,0.0136,0.622
SPADES TEN SPADES SEVEN,0.3458,0.0242,0.63
SPADES TEN HEARTS KING,0.3626,0.0086,0.6288
CLUBS TWO DIAMONDS TEN,0.3032,0.066,0.6308
HEARTS THREE DIAMONDS NINE,0.3882,0.0444,0.5674
SPADES FOUR HEARTS JACK,0.3766,0.0186,0.6048
DIAMONDS SEVEN CLUBS KING,0.375,0.0078,0.6172
CLUBS EIGHT CLUBS FOUR,0.3666,0.0656,0.5678
SPADES QUEEN CLUBS NINE,0.3656,0.0102,0.6242
DIAMONDS TWO CLUBS THREE,0.5112,0.2562,0.2326
SPADES KING SPADES SEVEN,0.3612,0.0104,0.6284
SPADES QUEEN SPADES FIVE,0.3684,0.0138,0.6178
CLUBS NINE DIAMONDS KING,0.3868,0.0076,0.6056
SPADES NINE SPADES TWO,0.2844,0.0938,0.6218
HEARTS SEVEN SPADES TEN,0.3492,0.0298,0.621
SPADES FIVE HEARTS TEN,0.3848,0.0264,0.5888
HEARTS FIVE HEARTS FOUR,0.4352,0.1488,0.416
CLUBS TEN SPADES TWO,0.2922,0.068,0.6398
DIAMONDS TWO HEARTS THREE,0.5018,0.2584,0.2398
DIAMONDS ACE HEARTS QUEEN,0.348,0.0068,0.6452
CLUBS TEN HEARTS FOUR,0.395,0.0252,0.5798
CLUBS EIGHT SPADES FOUR,0.3948,0.0658,0.5394
SPADES SIX SPADES THREE,0.2488,0.4568,0.2944
HEARTS SEVEN DIAMONDS KING,0.3592,0.009,0.6318
SPADES EIGHT DIAMONDS FOUR,0.395,0.0568,0.5482
SPADES JACK SPADES THREE,0.3764,0.0214,0.6022
HEARTS SEVEN HEARTS JACK,0.31,0.018,0.672
DIAMONDS ACE SPADES FIVE,0.3842,0.0054,0.6104
CLUBS JACK SPADES FIVE,0.4146,0.0166,0.5688
HEARTS EIGHT CLUBS NINE,0.3468,0.039,0.6142
HEARTS FIVE HEARTS TEN,0.3506,0.0264,0.623
HEARTS THREE CLUBS TWO,0.4936,0.2734,0.233
HEARTS SEVEN DIAMONDS EIGHT,0.334,0.06,0.606
SPADES NINE CLUBS TWO,0.2868,0.0962,0.617
SPADES NINE DIAMONDS TEN,0.3662,0.0236,0.6102
DIAMONDS THREE CLUBS TWO,0.512,0.2582,0.2298
HEARTS FOUR DIAMONDS JACK,0.3958,0.021,0.5832
SPADES SEVEN CLUBS QUEEN,0.39,0.0116,0.5984
CLUBS TEN CLUBS FOUR,0.3788,0.0274,0.5938
CLUBS NINE SPADES JACK,0.3634,0.0188,0.6178
HEARTS EIGHT DIAMONDS ACE,0.3704,0.0036,0.626
CLUBS SEVEN CLUBS QUEEN,0.365,0.0144,0.6206
CLUBS JACK CLUBS SEVEN,0.3512,0.0184,0.6304
SPADES FOUR DIAMONDS SEVEN,0.3866,0.098,0.5154
CLUBS TEN CLUBS SIX,0.2698,0.08,0.6502
CLUBS TEN HEARTS QUEEN,0.3394,0.0114,0.6492
CLUBS SEVEN DIAMONDS TEN,0.3678,0.0294,0.6028
DIAMONDS TWO SPADES FOUR,0.5138,0.2508,0.2354
DIAMONDS ACE DIAMONDS FIVE,0.3678,0.0072,0.625
DIAMONDS TWO DIAMONDS SIX,0.0714,0.8588,0.0698
CLUBS SIX DIAMONDS NINE,0.2804,0.1134,0.6062
DIAMONDS NINE SPADES THREE,0.3892,0.0454,0.5654
CLUBS TWO SPADES THREE,0.5162,0.249,0.2348
CLUBS SEVEN DIAMONDS SIX,0.2564,0.1886,0.555
SPADES NINE DIAMONDS QUEEN,0.386,0.012,0.602
CLUBS EIGHT SPADES THREE,0.399,0.069,0.532
CLUBS JACK HEARTS KING,0.361,0.008,0.631
SPADES THREE DIAMONDS FIVE,0.4692,0.149,0.3818
SPADES JACK DIAMONDS NINE,0.3604,0.0156,0.624
SPADES ACE CLUBS NINE,0.3828,0.0036,0.6136
SPADES JACK HEARTS TEN,0.3466,0.0146,0.6388
SPADES JACK DIAMONDS KING,0.3684,0.0078,0.6238
HEARTS FOUR HEARTS QUEEN,0.3492,0.016,0.6348
HEARTS FOUR CLUBS SIX,0.2498,0.4768,0.2734
CLUBS TEN DIAMONDS ACE,0.3736,0.0042,0.6222
CLUBS NINE DIAMONDS FOUR,0.4046,0.0466,0.5488
SPADES THREE DIAMONDS SIX,0.2678,0.4762,0.256
CLUBS FIVE CLUBS FOUR,0.4276,0.1358,0.4366
CLUBS KING DIAMONDS FOUR,0.4008,0.0068,0.5924
HEARTS FOUR CLUBS THREE,0.4622,0.153,0.3848
SPADES KING HEARTS KING,0.1624,0.0222,0.8154
SPADES EIGHT DIAMONDS EIGHT,0.1848,0.0838,0.7314
CLUBS NINE SPADES FOUR,0.4086,0.0426,0.5488
HEARTS SEVEN CLUBS THREE,0.369,0.1048,0.5262
CLUBS FOUR SPADES FIVE,0.4636,0.1606,0.3758
SPADES KING CLUBS QUEEN,0.378,0.0074,0.6146
DIAMONDS JACK DIAMONDS SIX,0.2714,0.0564,0.6722
CLUBS SEVEN DIAMONDS ACE,0.3716,0.0034,0.625
SPADES SIX HEARTS TEN,0.256,0.0834,0.6606
CLUBS TEN HEARTS ACE,0.345,0.0058,0.6492
SPADES JACK DIAMONDS SEVEN,0.376,0.018,0.606
CLUBS KING DIAMONDS FIVE,0.3968,0.0092,0.594
CLUBS NINE HEARTS TEN,0.329,0.0204,0.6506
CLUBS FIVE DIAMONDS NINE,0.3776,0.0434,0.579
HEARTS EIGHT DIAMONDS FOUR,0.3754,0.0684,0.5562
HEARTS FIVE DIAMONDS NINE,0.3844,0.045,0.5706
SPADES JACK SPADES TEN,0.352,0.0148,0.6332
SPADES TEN SPADES SIX,0.2756,0.0752,0.6492
HEARTS ACE HEARTS JACK,0.3104,0.0066,0.683
DIAMONDS KING CLUBS FOUR,0.4182,0.0088,0.573
SPADES TEN CLUBS KING,0.372,0.0066,0.6214
CLUBS JACK DIAMONDS EIGHT,0.3712,0.0154,0.6134
CLUBS FOUR HEARTS KING,0.39,0.0088,0.6012
SPADES TWO HEARTS JACK,0.2772,0.0484,0.6744
DIAMONDS NINE SPADES TWO,0.2886,0.0962,0.6152
DIAMONDS TEN SPADES TWO,0.2898,0.073,0.6372
SPADES KING CLUBS FIVE,0.406,0.0056,0.5884
DIAMONDS TWO HEARTS FIVE,0.501,0.2502,0.2488
SPADES QUEEN SPADES NINE,0.3572,0.0086,0.6342
CLUBS TEN SPADES TEN,0.1836,0.0506,0.7658
HEARTS EIGHT HEARTS NINE,0.2986,0.0384,0.663
CLUBS SEVEN CLUBS ACE,0.3336,0.0066,0.6598
DIAMONDS TEN DIAMONDS SEVEN,0.3484,0.0244,0.6272
DIAMONDS KING DIAMONDS SEVEN,0.3594,0.0088,0.6318
DIAMONDS QUEEN CLUBS ACE,0.3754,0.0042,0.6204
SPADES NINE HEARTS JACK,0.3432,0.0166,0.6402
SPADES FOUR DIAMONDS EIGHT,0.3966,0.0668,0.5366
CLUBS NINE DIAMONDS QUEEN,0.3736,0.01,0.6164
DIAMONDS EIGHT HEARTS NINE,0.3446,0.042,0.6134
SPADES KING SPADES SIX,0.2618,0.04,0.6982
DIAMONDS ACE SPADES EIGHT,0.3708,0.0034,0.6258
SPADES QUEEN CLUBS ACE,0.376,0.0044,0.6196
DIAMONDS NINE HEARTS NINE,0.1604,0.0708,0.7688
SPADES FIVE HEARTS ACE,0.374,0.0044,0.6216
SPADES QUEEN DIAMONDS SEVEN,0.3782,0.0116,0.6102
SPADES EIGHT HEARTS ACE,0.3506,0.0056,0.6438
SPADES KING DIAMONDS KING,0.1802,0.0184,0.8014
HEARTS ACE HEARTS QUEEN,0.3128,0.0068,0.6804
DIAMONDS TWO CLUBS SIX,0.0712,0.9076,0.0212
SPADES TWO CLUBS KING,0.2964,0.0224,0.6812
DIAMONDS FIVE HEARTS NINE,0.3774,0.0446,0.578
HEARTS FOUR SPADES NINE,0.3894,0.0472,0.5634
CLUBS TEN SPADES SEVEN,0.365,0.0294,0.6056
DIAMONDS TWO HEARTS TEN,0.273,0.0684,0.6586
CLUBS JACK SPADES TEN,0.365,0.012,0.623
SPADES JACK DIAMONDS FOUR,0.4038,0.0196,0.5766
CLUBS SIX SPADES SIX,0.1258,0.1148,0.7594
CLUBS THREE HEARTS TEN,0.4022,0.0272,0.5706
SPADES THREE DIAMONDS EIGHT,0.4086,0.0604,0.531
SPADES EIGHT SPADES THREE,0.375,0.0674,0.5576
CLUBS THREE CLUBS QUEEN,0.3868,0.0144,0.5988
SPADES TWO DIAMONDS FOUR,0.5082,0.257,0.2348
DIAMONDS TWO CLUBS ACE,0.2724,0.0096,0.718
DIAMONDS JACK CLUBS QUEEN,0.3614,0.0088,0.6298
CLUBS JACK HEARTS EIGHT,0.3498,0.0178,0.6324
CLUBS FOUR DIAMONDS JACK,0.4058,0.0186,0.5756
SPADES SIX HEARTS QUEEN,0.2712,0.054,0.6748
HEARTS FIVE CLUBS SIX,0.2314,0.4324,0.3362
CLUBS FOUR DIAMONDS QUEEN,0.4042,0.0128,0.583
HEARTS EIGHT HEARTS JACK,0.3062,0.0214,0.6724
CLUBS NINE DIAMONDS FIVE,0.3952,0.0432,0.5616
DIAMONDS SEVEN HEARTS NINE,0.345,0.0396,0.6154
HEARTS EIGHT SPADES JACK,0.3532,0.0218,0.625
SPADES EIGHT DIAMONDS FIVE,0.3806,0.0604,0.559
SPADES ACE DIAMONDS KING,0.3794,0.006,0.6146
CLUBS EIGHT DIAMONDS SEVEN,0.3404,0.061,0.5986
SPADES ACE DIAMONDS EIGHT,0.3828,0.0046,0.6126
SPADES QUEEN SPADES EIGHT,0.3598,0.0096,0.6306
SPADES TEN DIAMONDS ACE,0.3722,0.0054,0.6224
SPADES JACK DIAMONDS FIVE,0.3992,0.0192,0.5816
CLUBS JACK CLUBS NINE,0.3504,0.0136,0.636
SPADES ACE CLUBS ACE,0.1742,0.002,0.8238
SPADES KING DIAMONDS FIVE,0.401,0.0078,0.5912
HEARTS FIVE CLUBS KING,0.3812,0.0088,0.61
CLUBS JACK DIAMONDS KING,0.3668,0.0046,0.6286
SPADES QUEEN CLUBS SEVEN,0.3662,0.0112,0.6226
SPADES SIX SPADES FIVE,0.2394,0.3972,0.3634
CLUBS THREE CLUBS ACE,0.375,0.0054,0.6196
SPADES TEN DIAMONDS QUEEN,0.366,0.013,0.621
HEARTS JACK DIAMONDS FIVE,0.3858,0.02,0.5942
HEARTS FIVE SPADES TWO,0.5136,0.255,0.2314
CLUBS SIX HEARTS ACE,0.2656,0.0294,0.705
SPADES SEVEN HEARTS KING,0.3512,0.0082,0.6406
CLUBS SEVEN HEARTS ACE,0.3572,0.0058,0.637
HEARTS NINE DIAMONDS FOUR,0.3874,0.0418,0.5708
SPADES ACE DIAMONDS TEN,0.3612,0.003,0.6358
SPADES FOUR SPADES TWO,0.4738,0.2456,0.2806
CLUBS SIX SPADES EIGHT,0.2816,0.145,0.5734
DIAMONDS ACE HEARTS TEN,0.3662,0.0064,0.6274
SPADES SIX CLUBS ACE,0.284,0.0218,0.6942
DIAMONDS ACE CLUBS FOUR,0.3832,0.006,0.6108
DIAMONDS TWO HEARTS ACE,0.2704,0.0102,0.7194
DIAMONDS QUEEN DIAMONDS JACK,0.3448,0.0102,0.645
HEARTS KING DIAMONDS FOUR,0.3886,0.0114,0.6
CLUBS JACK HEARTS FOUR,0.3898,0.0178,0.5924
HEARTS EIGHT DIAMONDS FIVE,0.373,0.0654,0.5616
HEARTS THREE DIAMONDS SEVEN,0.385,0.1008,0.5142
SPADES TWO HEARTS QUEEN,0.279,0.036,0.685
DIAMONDS THREE CLUBS FIVE,0.4626,0.1578,0.3796
HEARTS SEVEN CLUBS TWO,0.2606,0.1856,0.5538
DIAMONDS ACE HEARTS KING,0.3572,0.0062,0.6366
SPADES TEN DIAMONDS FIVE,0.4008,0.0284,0.5708
HEARTS SEVEN SPADES EIGHT,0.3432,0.056,0.6008
SPADES THREE CLUBS QUEEN,0.426,0.012,0.562
SPADES KING SPADES TWO,0.2728,0.0274,0.6998
DIAMONDS TWO DIAMONDS FIVE,0.4748,0.2576,0.2676
SPADES EIGHT SPADES FIVE,0.3512,0.06,0.5888
SPADES KING CLUBS TEN,0.3828,0.0094,0.6078
DIAMONDS KING HEARTS TEN,0.3592,0.0074,0.6334
SPADES KING DIAMONDS NINE,0.3602,0.0062,0.6336
CLUBS FIVE DIAMONDS SEVEN,0.3768,0.091,0.5322
HEARTS EIGHT SPADES THREE,0.3858,0.067,0.5472
CLUBS TEN DIAMONDS QUEEN,0.3642,0.008,0.6278
CLUBS TEN CLUBS SEVEN,0.3494,0.0266,0.624
SPADES SIX HEARTS ACE,0.2628,0.0276,0.7096
DIAMONDS TWO DIAMONDS NINE,0.2862,0.0856,0.6282
SPADES SEVEN SPADES SIX,0.2392,0.1896,0.5712
CLUBS SIX CLUBS QUEEN,0.2724,0.045,0.6826
DIAMONDS QUEEN DIAMONDS FIVE,0.3596,0.0118,0.6286
SPADES SIX CLUBS QUEEN,0.279,0.0454,0.6756
HEARTS SEVEN DIAMONDS SIX,0.2406,0.1894,0.57
SPADES TEN HEARTS ACE,0.3462,0.005,0.6488
HEARTS SEVEN CLUBS EIGHT,0.3416,0.0562,0.6022
SPADES FIVE HEARTS NINE,0.3774,0.046,0.5766
SPADES FOUR HEARTS KING,0.387,0.0114,0.6016
DIAMONDS SEVEN DIAMONDS FIVE,0.3496,0.095,0.5554
HEARTS FIVE SPADES FOUR,0.4432,0.147,0.4098
DIAMONDS TWO DIAMONDS JACK,0.2734,0.0464,0.6802
SPADES TEN CLUBS QUEEN,0.3706,0.0086,0.6208
HEARTS ACE DIAMONDS FOUR,0.3654,0.0064,0.6282
DIAMONDS KING SPADES FIVE,0.4014,0.0098,0.5888
CLUBS FIVE SPADES FIVE,0.2538,0.1324,0.6138
SPADES FOUR DIAMONDS FOUR,0.2682,0.1342,0.5976
CLUBS TEN DIAMONDS JACK,0.3656,0.015,0.6194
SPADES NINE HEARTS ACE,0.3634,0.0042,0.6324
CLUBS THREE HEARTS JACK,0.4008,0.0178,0.5814
SPADES FOUR SPADES THREE,0.4416,0.1384,0.42
SPADES FOUR HEARTS ACE,0.3772,0.0062,0.6166
HEARTS THREE CLUBS ACE,0.3948,0.004,0.6012
HEARTS THREE CLUBS QUEEN,0.4048,0.0152,0.58
CLUBS EIGHT DIAMONDS FOUR,0.383,0.0658,0.5512
DIAMONDS QUEEN DIAMONDS NINE,0.3472,0.0102,0.6426
HEARTS EIGHT CLUBS QUEEN,0.3688,0.0102,0.621
SPADES TEN HEARTS JACK,0.3442,0.0152,0.6406
DIAMONDS THREE DIAMONDS FOUR,0.4444,0.1536,0.402
HEARTS SEVEN HEARTS ACE,0.31,0.0064,0.6836
SPADES TEN CLUBS FIVE,0.3948,0.0254,0.5798
CLUBS FOUR DIAMONDS NINE,0.395,0.0424,0.5626
DIAMONDS TWO HEARTS KING,0.281,0.023,0.696
CLUBS EIGHT SPADES FIVE,0.3788,0.0632,0.558
HEARTS SEVEN CLUBS FOUR,0.3572,0.0976,0.5452
CLUBS FIVE DIAMONDS TEN,0.4104,0.0288,0.5608
DIAMONDS THREE HEARTS KING,0.3962,0.0108,0.593
HEARTS SEVEN SPADES JACK,0.37,0.0154,0.6146
HEARTS SEVEN SPADES FIVE,0.3494,0.0984,0.5522
DIAMONDS NINE CLUBS ACE,0.3902,0.0042,0.6056
HEARTS SEVEN HEARTS TEN,0.32,0.0248,0.6552
HEARTS FOUR CLUBS ACE,0.3626,0.0056,0.6318
SPADES JACK SPADES EIGHT,0.3442,0.018,0.6378
HEARTS FOUR DIAMONDS TEN,0.3916,0.0296,0.5788
HEARTS EIGHT SPADES KING,0.3684,0.0092,0.6224
SPADES NINE DIAMONDS JACK,0.3728,0.0194,0.6078
HEARTS SEVEN HEARTS NINE,0.2974,0.044,0.6586
HEARTS THREE DIAMONDS JACK,0.3946,0.0184,0.587
CLUBS EIGHT HEARTS FOUR,0.3806,0.068,0.5514
HEARTS FOUR SPADES THREE,0.473,0.1434,0.3836
SPADES NINE HEARTS KING,0.3616,0.0066,0.6318
CLUBS SIX DIAMONDS KING,0.2822,0.0394,0.6784
SPADES KING CLUBS ACE,0.3764,0.0062,0.6174
SPADES SIX DIAMONDS EIGHT,0.2796,0.1426,0.5778
CLUBS SIX SPADES FIVE,0.2592,0.4214,0.3194
CLUBS TEN SPADES FOUR,0.4002,0.0258,0.574
HEARTS QUEEN HEARTS JACK,0.3118,0.011,0.6772
SPADES ACE HEARTS NINE,0.3676,0.0058,0.6266
CLUBS NINE CLUBS TWO,0.273,0.0872,0.6398
DIAMONDS KING DIAMONDS FOUR,0.376,0.0102,0.6138
CLUBS NINE HEARTS NINE,0.1684,0.0742,0.7574
SPADES NINE DIAMONDS SEVEN,0.3572,0.0422,0.6006
HEARTS EIGHT CLUBS EIGHT,0.1762,0.0854,0.7384
SPADES SEVEN CLUBS ACE,0.3712,0.0042,0.6246
SPADES KING DIAMONDS SEVEN,0.3772,0.0064,0.6164
HEARTS THREE DIAMONDS KING,0.4078,0.0092,0.583
SPADES TEN DIAMONDS FOUR,0.3978,0.0294,0.5728
HEARTS THREE DIAMONDS SIX,0.2512,0.4866,0.2622
CLUBS THREE DIAMONDS FOUR,0.4662,0.1452,0.3886
DIAMONDS THREE SPADES KING,0.4148,0.0094,0.5758
DIAMONDS TEN DIAMONDS NINE,0.35,0.0244,0.6256
HEARTS FOUR CLUBS QUEEN,0.3824,0.0152,0.6024
CLUBS SIX SPADES SEVEN,0.2578,0.1828,0.5594
HEARTS EIGHT SPADES QUEEN,0.356,0.013,0.631
CLUBS TEN CLUBS KING,0.3648,0.0064,0.6288
DIAMONDS ACE SPADES SEVEN,0.3706,0.0038,0.6256
DIAMONDS THREE CLUBS SIX,0.271,0.4768,0.2522
CLUBS ACE DIAMONDS FIVE,0.3864,0.0048,0.6088
DIAMONDS THREE DIAMONDS EIGHT,0.38,0.0614,0.5586
CLUBS TEN SPADES NINE,0.3726,0.0214,0.606
HEARTS SEVEN HEARTS KING,0.325,0.0094,0.6656
HEARTS EIGHT HEARTS QUEEN,0.3154,0.01,0.6746
CLUBS NINE HEARTS KING,0.3618,0.0078,0.6304
HEARTS EIGHT HEARTS THREE,0.3508,0.0708,0.5784
SPADES TEN SPADES FIVE,0.3744,0.0286,0.597
DIAMONDS ACE SPADES FOUR,0.384,0.004,0.612
SPADES QUEEN CLUBS TWO,0.3004,0.0348,0.6648
HEARTS SEVEN CLUBS QUEEN,0.3514,0.0108,0.6378
SPADES TEN SPADES EIGHT,0.3366,0.0244,0.639
CLUBS NINE SPADES FIVE,0.3876,0.0386,0.5738
HEARTS THREE DIAMONDS EIGHT,0.3942,0.0722,0.5336
SPADES TEN HEARTS NINE,0.3562,0.0234,0.6204
SPADES ACE DIAMONDS FIVE,0.3892,0.006,0.6048
SPADES QUEEN SPADES SIX,0.2644,0.0528,0.6828
CLUBS SEVEN HEARTS THREE,0.3692,0.1016,0.5292
SPADES QUEEN HEARTS FOUR,0.3914,0.0136,0.595
CLUBS FIVE HEARTS NINE,0.3774,0.0408,0.5818
CLUBS JACK HEARTS QUEEN,0.3586,0.01,0.6314
DIAMONDS TWO HEARTS FOUR,0.5058,0.2626,0.2316
HEARTS ACE SPADES TWO,0.2606,0.0126,0.7268
SPADES JACK HEARTS QUEEN,0.3574,0.0112,0.6314
CLUBS FOUR SPADES SIX,0.2666,0.4624,0.271
CLUBS TWO CLUBS KING,0.2716,0.0242,0.7042
DIAMONDS SIX DIAMONDS FOUR,0.236,0.4424,0.3216
CLUBS TEN HEARTS NINE,0.3424,0.0222,0.6354
HEARTS THREE SPADES FOUR,0.4608,0.149,0.3902
DIAMONDS QUEEN SPADES FIVE,0.4006,0.0126,0.5868
HEARTS SEVEN DIAMONDS ACE,0.3528,0.0046,0.6426
DIAMONDS SEVEN CLUBS QUEEN,0.3644,0.0102,0.6254
SPADES QUEEN DIAMONDS QUEEN,0.18,0.031,0.789
CLUBS JACK HEARTS SEVEN,0.368,0.0166,0.6154
CLUBS JACK SPADES TWO,0.2948,0.0464,0.6588
SPADES JACK SPADES SIX,0.2694,0.062,0.6686
HEARTS ACE CLUBS KING,0.3746,0.0036,0.6218
HEARTS FIVE HEARTS KING,0.3444,0.0102,0.6454
CLUBS TEN SPADES FIVE,0.4068,0.0312,0.562
HEARTS THREE HEARTS JACK,0.3448,0.0202,0.635
DIAMONDS TWO SPADES NINE,0.2932,0.1006,0.6062
SPADES SEVEN DIAMONDS QUEEN,0.3702,0.0142,0.6156
CLUBS JACK CLUBS QUEEN,0.3516,0.0124,0.636
SPADES JACK SPADES SEVEN,0.3522,0.0194,0.6284
DIAMONDS KING DIAMONDS TEN,0.3448,0.0082,0.647
HEARTS THREE DIAMONDS QUEEN,0.391,0.0136,0.5954
SPADES NINE CLUBS QUEEN,0.3714,0.009,0.6196
SPADES SIX DIAMONDS JACK,0.2826,0.0664,0.651
SPADES NINE DIAMONDS NINE,0.185,0.0736,0.7414
HEARTS ACE DIAMONDS SEVEN,0.357,0.004,0.639
SPADES EIGHT DIAMONDS NINE,0.3492,0.039,0.6118
HEARTS ACE DIAMONDS SIX,0.2638,0.0292,0.707
DIAMONDS JACK DIAMONDS FIVE,0.3708,0.019,0.6102
SPADES JACK CLUBS SIX,0.28,0.0594,0.6606
DIAMONDS TEN DIAMONDS FIVE,0.3776,0.0248,0.5976
CLUBS FOUR HEARTS ACE,0.3868,0.0068,0.6064
HEARTS ACE HEARTS NINE,0.3136,0.0056,0.6808
HEARTS EIGHT DIAMONDS EIGHT,0.1666,0.087,0.7464
SPADES SEVEN SPADES TWO,0.2744,0.1768,0.5488
CLUBS SEVEN SPADES THREE,0.3924,0.0978,0.5098
HEARTS KING CLUBS ACE,0.3642,0.005,0.6308
HEARTS QUEEN DIAMONDS SEVEN,0.369,0.0152,0.6158
HEARTS JACK HEARTS NINE,0.3118,0.0182,0.67
DIAMONDS TWO CLUBS FIVE,0.5178,0.2546,0.2276
DIAMONDS TWO DIAMONDS SEVEN,0.2746,0.1676,0.5578
SPADES THREE DIAMONDS SEVEN,0.3928,0.0978,0.5094
CLUBS TWO HEARTS JACK,0.267,0.0532,0.6798
DIAMONDS SIX HEARTS TEN,0.2604,0.0882,0.6514
SPADES EIGHT DIAMONDS SEVEN,0.3432,0.0582,0.5986
SPADES FIVE SPADES TWO,0.4714,0.2412,0.2874
HEARTS FIVE CLUBS ACE,0.3678,0.0056,0.6266
CLUBS TEN CLUBS QUEEN,0.3454,0.0114,0.6432
HEARTS QUEEN DIAMONDS SIX,0.267,0.0466,0.6864
CLUBS NINE SPADES SEVEN,0.3672,0.042,0.5908
CLUBS SEVEN HEARTS NINE,0.3362,0.0414,0.6224
SPADES TEN DIAMONDS SEVEN,0.364,0.0294,0.6066
DIAMONDS EIGHT DIAMONDS SEVEN,0.3272,0.051,0.6218
HEARTS ACE CLUBS ACE,0.175,0.0048,0.8202
HEARTS FIVE DIAMONDS FIVE,0.2628,0.1216,0.6156
HEARTS FIVE DIAMONDS KING,0.386,0.0082,0.6058
CLUBS SEVEN SPADES TWO,0.2944,0.181,0.5246
DIAMONDS THREE CLUBS EIGHT,0.4036,0.0664,0.53
HEARTS EIGHT HEARTS SEVEN,0.2876,0.056,0.6564
SPADES QUEEN DIAMONDS NINE,0.3834,0.0112,0.6054
SPADES SIX HEARTS KING,0.2568,0.04,0.7032
SPADES ACE CLUBS KING,0.38,0.0062,0.6138
CLUBS ACE CLUBS QUEEN,0.3648,0.0046,0.6306
CLUBS JACK DIAMONDS NINE,0.368,0.0214,0.6106
CLUBS FOUR HEARTS QUEEN,0.3846,0.0178,0.5976
SPADES QUEEN DIAMONDS KING,0.3836,0.006,0.6104
CLUBS THREE SPADES THREE,0.2768,0.1418,0.5814
DIAMONDS FIVE CLUBS QUEEN,0.3962,0.0118,0.592
SPADES ACE SPADES FOUR,0.367,0.0052,0.6278
CLUBS JACK CLUBS TWO,0.2858,0.0486,0.6656
DIAMONDS ACE DIAMONDS TEN,0.363,0.0072,0.6298
DIAMONDS NINE DIAMONDS FIVE,0.364,0.0412,0.5948
CLUBS TEN HEARTS SEVEN,0.3566,0.0278,0.6156
SPADES KING CLUBS FOUR,0.3976,0.0106,0.5918
SPADES KING SPADES THREE,0.3766,0.01,0.6134
SPADES JACK CLUBS FIVE,0.4042,0.0174,0.5784
CLUBS NINE CLUBS ACE,0.3428,0.005,0.6522
CLUBS FIVE CLUBS ACE,0.3564,0.0062,0.6374
DIAMONDS ACE DIAMONDS SEVEN,0.3492,0.0042,0.6466
HEARTS EIGHT DIAMONDS JACK,0.3584,0.014,0.6276
DIAMONDS ACE HEARTS JACK,0.3564,0.005,0.6386
HEARTS SEVEN SPADES THREE,0.3764,0.103,0.5206
HEARTS KING CLUBS QUEEN,0.3602,0.009,0.6308
DIAMONDS ACE DIAMONDS EIGHT,0.3592,0.0038,0.637
SPADES TEN DIAMONDS TEN,0.183,0.066,0.751
CLUBS NINE CLUBS FIVE,0.365,0.0462,0.5888
SPADES ACE DIAMONDS NINE,0.3686,0.0044,0.627
CLUBS TEN DIAMONDS KING,0.3758,0.0086,0.6156
SPADES EIGHT DIAMONDS QUEEN,0.3796,0.0076,0.6128
DIAMONDS JACK SPADES FOUR,0.4022,0.0154,0.5824
SPADES ACE CLUBS JACK,0.3794,0.0052,0.6154
DIAMONDS THREE CLUBS KING,0.406,0.0082,0.5858
CLUBS THREE HEARTS KING,0.3926,0.0088,0.5986
HEARTS EIGHT SPADES NINE,0.34,0.0376,0.6224
SPADES EIGHT CLUBS KING,0.3776,0.0064,0.616
SPADES NINE DIAMONDS KING,0.3836,0.0082,0.6082
HEARTS JACK CLUBS KING,0.3616,0.0068,0.6316
HEARTS FIVE DIAMONDS QUEEN,0.3842,0.0126,0.6032
HEARTS EIGHT DIAMONDS SIX,0.2654,0.1416,0.593
SPADES KING HEARTS ACE,0.366,0.0036,0.6304
SPADES NINE HEARTS NINE,0.1706,0.0736,0.7558
HEARTS EIGHT HEARTS KING,0.3152,0.0096,0.6752
SPADES SEVEN DIAMONDS JACK,0.3766,0.0214,0.602
SPADES JACK HEARTS THREE,0.3966,0.021,0.5824
HEARTS TEN HEARTS NINE,0.304,0.0248,0.6712
SPADES ACE DIAMONDS SEVEN,0.361,0.0048,0.6342
SPADES TWO HEARTS TEN,0.2762,0.071,0.6528
CLUBS THREE CLUBS TWO,0.4772,0.2408,0.282
CLUBS NINE CLUBS SEVEN,0.347,0.0362,0.6168
CLUBS NINE HEARTS THREE,0.39,0.0428,0.5672
HEARTS FOUR SPADES SEVEN,0.3728,0.0982,0.529
HEARTS ACE HEARTS KING,0.3214,0.0064,0.6722
SPADES FIVE HEARTS KING,0.3814,0.0096,0.609
SPADES JACK DIAMONDS SIX,0.3054,0.0566,0.638
CLUBS JACK DIAMONDS SEVEN,0.3706,0.0206,0.6088
SPADES TWO HEARTS NINE,0.2768,0.1006,0.6226
HEARTS EIGHT SPADES TEN,0.356,0.0286,0.6154
DIAMONDS KING CLUBS TWO,0.2954,0.0222,0.6824
DIAMONDS ACE HEARTS ACE,0.1686,0.0048,0.8266
DIAMONDS QUEEN HEARTS ACE,0.3634,0.006,0.6306
DIAMONDS THREE HEARTS NINE,0.3754,0.0392,0.5854
DIAMONDS TWO SPADES SEVEN,0.2842,0.1896,0.5262
CLUBS EIGHT HEARTS ACE,0.3536,0.0048,0.6416
CLUBS THREE HEARTS NINE,0.3856,0.0438,0.5706
SPADES TEN SPADES TWO,0.2764,0.0678,0.6558
SPADES TEN DIAMONDS NINE,0.3526,0.0254,0.622
SPADES FIVE SPADES THREE,0.4342,0.1388,0.427
CLUBS SEVEN DIAMONDS FIVE,0.3744,0.0976,0.528
SPADES QUEEN SPADES JACK,0.334,0.0096,0.6564
SPADES KING SPADES EIGHT,0.349,0.0098,0.6412
SPADES EIGHT SPADES SIX,0.2838,0.1364,0.5798
SPADES KING HEARTS TEN,0.358,0.008,0.634
CLUBS SEVEN SPADES FOUR,0.379,0.0998,0.5212
CLUBS JACK CLUBS FIVE,0.3832,0.02,0.5968
DIAMONDS THREE SPADES TEN,0.3956,0.0292,0.5752
DIAMONDS KING CLUBS KING,0.1822,0.019,0.7988
CLUBS NINE SPADES THREE,0.3954,0.0418,0.5628
HEARTS FOUR DIAMONDS ACE,0.3732,0.0072,0.6196
SPADES EIGHT SPADES FOUR,0.3716,0.0644,0.564
HEARTS KING HEARTS TEN,0.3138,0.0068,0.6794
SPADES NINE CLUBS SIX,0.2804,0.1076,0.612
HEARTS FIVE SPADES SIX,0.2494,0.4246,0.326
DIAMONDS THREE HEARTS FIVE,0.459,0.158,0.383
SPADES KING DIAMONDS QUEEN,0.3772,0.0062,0.6166
CLUBS JACK DIAMONDS ACE,0.375,0.0036,0.6214
HEARTS SEVEN CLUBS SEVEN,0.1544,0.1098,0.7358
HEARTS QUEEN HEARTS TEN,0.308,0.0116,0.6804
DIAMONDS KING SPADES SIX,0.2764,0.0378,0.6858
HEARTS FIVE DIAMONDS JACK,0.3896,0.0222,0.5882
CLUBS THREE HEARTS ACE,0.3828,0.0046,0.6126
HEARTS THREE SPADES TWO,0.5078,0.2602,0.232
CLUBS NINE SPADES NINE,0.1916,0.066,0.7424
HEARTS FOUR SPADES FIVE,0.4426,0.1488,0.4086
SPADES KING SPADES QUEEN,0.3632,0.0066,0.6302
DIAMONDS SEVEN HEARTS JACK,0.355,0.017,0.628
CLUBS JACK HEARTS JACK,0.1694,0.0448,0.7858
DIAMONDS JACK HEARTS QUEEN,0.3474,0.0102,0.6424
SPADES JACK DIAMONDS TEN,0.3626,0.0134,0.624
DIAMONDS ACE CLUBS ACE,0.1726,0.0038,0.8236
CLUBS FOUR HEARTS TEN,0.3808,0.029,0.5902
DIAMONDS TEN HEARTS QUEEN,0.3574,0.012,0.6306
CLUBS JACK SPADES EIGHT,0.3844,0.0146,0.601
SPADES SEVEN SPADES THREE,0.3746,0.0938,0.5316
SPADES NINE CLUBS FIVE,0.3816,0.0466,0.5718
CLUBS JACK CLUBS SIX,0.2646,0.0578,0.6776
SPADES SEVEN DIAMONDS EIGHT,0.3464,0.0538,0.5998
CLUBS SIX HEARTS NINE,0.2656,0.1108,0.6236
CLUBS JACK DIAMONDS SIX,0.279,0.063,0.658
SPADES TEN HEARTS TEN,0.1726,0.0636,0.7638
HEARTS EIGHT HEARTS ACE,0.3134,0.0062,0.6804
SPADES SIX DIAMONDS NINE,0.2718,0.1106,0.6176
CLUBS FOUR DIAMONDS FOUR,0.271,0.139,0.59
CLUBS THREE DIAMONDS JACK,0.4036,0.016,0.5804
HEARTS FOUR HEARTS JACK,0.3492,0.023,0.6278
CLUBS TEN SPADES EIGHT,0.3738,0.0274,0.5988
SPADES FOUR CLUBS KING,0.397,0.011,0.592
CLUBS SEVEN SPADES SEVEN,0.1812,0.108,0.7108
DIAMONDS THREE DIAMONDS TEN,0.3808,0.0316,0.5876
DIAMONDS THREE DIAMONDS FIVE,0.4454,0.1444,0.4102
SPADES ACE HEARTS QUEEN,0.3706,0.0046,0.6248
CLUBS SIX SPADES TWO,0.0764,0.9026,0.021
CLUBS SEVEN DIAMONDS JACK,0.382,0.0142,0.6038
HEARTS ACE DIAMONDS FIVE,0.3734,0.005,0.6216
HEARTS THREE SPADES NINE,0.3882,0.0436,0.5682
SPADES FIVE CLUBS KING,0.3914,0.0072,0.6014
DIAMONDS TWO SPADES THREE,0.516,0.255,0.229
CLUBS ACE DIAMONDS FOUR,0.3886,0.0052,0.6062
CLUBS FIVE CLUBS KING,0.3686,0.0094,0.622
HEARTS EIGHT CLUBS TEN,0.3494,0.0264,0.6242
DIAMONDS ACE CLUBS KING,0.3706,0.0048,0.6246
CLUBS ACE DIAMONDS SIX,0.2744,0.0296,0.696
CLUBS JACK HEARTS NINE,0.3536,0.013,0.6334
SPADES ACE CLUBS SEVEN,0.3646,0.0034,0.632
DIAMONDS TEN SPADES THREE,0.3908,0.03,0.5792
DIAMONDS THREE CLUBS SEVEN,0.3948,0.1002,0.505
DIAMONDS QUEEN HEARTS JACK,0.3456,0.0106,0.6438
CLUBS JACK CLUBS EIGHT,0.3472,0.0188,0.634
CLUBS NINE DIAMONDS SIX,0.283,0.1074,0.6096
SPADES SEVEN CLUBS TWO,0.2838,0.1752,0.541
HEARTS QUEEN CLUBS ACE,0.3538,0.0062,0.64
CLUBS FOUR CLUBS ACE,0.3612,0.0078,0.631
CLUBS TEN HEARTS THREE,0.3978,0.032,0.5702
SPADES JACK DIAMONDS ACE,0.378,0.0034,0.6186
CLUBS TEN DIAMONDS FIVE,0.3926,0.0288,0.5786
HEARTS EIGHT HEARTS TEN,0.2998,0.0262,0.674
HEARTS THREE SPADES SEVEN,0.3748,0.097,0.5282
CLUBS JACK DIAMONDS QUEEN,0.3614,0.0092,0.6294
DIAMONDS KING CLUBS ACE,0.3826,0.0068,0.6106
SPADES THREE DIAMONDS FOUR,0.4704,0.1568,0.3728
SPADES QUEEN DIAMONDS EIGHT,0.3768,0.0104,0.6128
SPADES THREE HEARTS QUEEN,0.3944,0.0134,0.5922
DIAMONDS TWO DIAMONDS KING,0.2788,0.0206,0.7006
HEARTS FIVE DIAMONDS ACE,0.3684,0.0046,0.627
SPADES QUEEN HEARTS QUEEN,0.1682,0.0312,0.8006
HEARTS QUEEN DIAMONDS FIVE,0.3772,0.0132,0.6096
DIAMONDS EIGHT DIAMONDS SIX,0.2726,0.1404,0.587
HEARTS KING DIAMONDS EIGHT,0.3632,0.0074,0.6294
CLUBS SEVEN CLUBS THREE,0.3684,0.0914,0.5402
SPADES ACE CLUBS SIX,0.2772,0.0278,0.695
SPADES EIGHT CLUBS QUEEN,0.3738,0.0098,0.6164
SPADES FOUR DIAMONDS NINE,0.4078,0.0384,0.5538
SPADES SIX DIAMONDS SEVEN,0.258,0.181,0.561
CLUBS SEVEN DIAMONDS QUEEN,0.3694,0.017,0.6136
CLUBS TWO CLUBS ACE,0.2574,0.012,0.7306
DIAMONDS EIGHT HEARTS JACK,0.358,0.0192,0.6228
CLUBS EIGHT HEARTS JACK,0.3574,0.0188,0.6238
SPADES TEN CLUBS ACE,0.3712,0.0022,0.6266
DIAMONDS THREE CLUBS TEN,0.3994,0.0314,0.5692
HEARTS THREE CLUBS FIVE,0.464,0.1446,0.3914
DIAMONDS THREE DIAMONDS JACK,0.3878,0.0198,0.5924
CLUBS TWO DIAMONDS EIGHT,0.291,0.126,0.583
CLUBS TWO HEARTS ACE,0.2408,0.014,0.7452
HEARTS EIGHT HEARTS FOUR,0.3412,0.0708,0.588
HEARTS FIVE DIAMONDS EIGHT,0.382,0.064,0.554
SPADES JACK DIAMONDS QUEEN,0.3716,0.0098,0.6186
CLUBS FIVE DIAMONDS JACK,0.3818,0.0182,0.6
CLUBS EIGHT SPADES TEN,0.3726,0.0284,0.599
CLUBS FIVE HEARTS ACE,0.3756,0.0062,0.6182
CLUBS SIX CLUBS KING,0.265,0.04,0.695
DIAMONDS JACK SPADES FIVE,0.4024,0.0156,0.582
HEARTS TEN DIAMONDS FOUR,0.3854,0.0278,0.5868
SPADES KING CLUBS KING,0.1842,0.0152,0.8006
CLUBS EIGHT CLUBS KING,0.3438,0.007,0.6492
CLUBS NINE DIAMONDS SEVEN,0.3444,0.0408,0.6148
CLUBS FIVE DIAMONDS QUEEN,0.397,0.011,0.592
DIAMONDS EIGHT CLUBS KING,0.3822,0.0072,0.6106
DIAMONDS THREE DIAMONDS KING,0.3832,0.009,0.6078
DIAMONDS KING DIAMONDS JACK,0.341,0.0068,0.6522
DIAMONDS KING SPADES FOUR,0.396,0.008,0.596
DIAMONDS ACE CLUBS QUEEN,0.3576,0.0044,0.638
HEARTS THREE DIAMONDS FIVE,0.4574,0.1528,0.3898
SPADES QUEEN HEARTS FIVE,0.3942,0.013,0.5928
CLUBS FIVE HEARTS QUEEN,0.3864,0.0096,0.604
DIAMONDS TWO HEARTS JACK,0.2764,0.0472,0.6764
CLUBS TEN CLUBS TWO,0.288,0.0694,0.6426
CLUBS FIVE DIAMONDS FIVE,0.2686,0.1194,0.612
SPADES ACE SPADES KING,0.356,0.0048,0.6392
DIAMONDS QUEEN SPADES THREE,0.4142,0.0134,0.5724
CLUBS TWO DIAMONDS NINE,0.291,0.0978,0.6112
DIAMONDS TWO DIAMONDS QUEEN,0.2914,0.035,0.6736
SPADES NINE HEARTS TEN,0.341,0.0248,0.6342
HEARTS KING DIAMONDS SIX,0.254,0.0422,0.7038
SPADES FOUR DIAMONDS SIX,0.2582,0.468,0.2738
SPADES TEN CLUBS TWO,0.2964,0.0696,0.634
CLUBS THREE DIAMONDS NINE,0.3918,0.0398,0.5684
SPADES EIGHT HEARTS KING,0.3524,0.0104,0.6372
HEARTS FOUR HEARTS NINE,0.3434,0.0478,0.6088
HEARTS FIVE CLUBS FOUR,0.4464,0.157,0.3966
HEARTS FOUR CLUBS FOUR,0.2526,0.1316,0.6158
SPADES QUEEN CLUBS THREE,0.4094,0.0116,0.579
HEARTS THREE HEARTS KING,0.3474,0.0102,0.6424
SPADES JACK CLUBS FOUR,0.3936,0.0168,0.5896
SPADES EIGHT DIAMONDS KING,0.3804,0.0056,0.614
SPADES NINE DIAMONDS EIGHT,0.358,0.0432,0.5988
HEARTS JACK DIAMONDS FOUR,0.3732,0.0188,0.608
SPADES ACE SPADES TWO,0.2722,0.0136,0.7142
HEARTS EIGHT CLUBS THREE,0.387,0.0708,0.5422
HEARTS FIVE DIAMONDS TEN,0.3878,0.031,0.5812
DIAMONDS QUEEN DIAMONDS SIX,0.273,0.053,0.674
CLUBS EIGHT DIAMONDS TEN,0.3578,0.0266,0.6156
HEARTS ACE DIAMONDS NINE,0.3568,0.0048,0.6384
HEARTS SEVEN DIAMONDS NINE,0.3476,0.0418,0.6106
DIAMONDS THREE CLUBS FOUR,0.471,0.1492,0.3798
DIAMONDS JACK HEARTS JACK,0.153,0.0522,0.7948
CLUBS TEN SPADES QUEEN,0.3692,0.0098,0.621
SPADES QUEEN CLUBS SIX,0.279,0.0578,0.6632
SPADES FIVE DIAMONDS SIX,0.2568,0.4218,0.3214
SPADES NINE SPADES SEVEN,0.3434,0.0434,0.6132
CLUBS FIVE HEARTS KING,0.3768,0.007,0.6162
CLUBS NINE SPADES TEN,0.362,0.0216,0.6164
SPADES SEVEN DIAMONDS SIX,0.2498,0.1924,0.5578
DIAMONDS JACK CLUBS KING,0.3678,0.005,0.6272
CLUBS EIGHT SPADES NINE,0.3524,0.0404,0.6072
HEARTS FIVE SPADES THREE,0.4536,0.148,0.3984
SPADES KING DIAMONDS FOUR,0.4008,0.0112,0.588
CLUBS SIX CLUBS TWO,0.0708,0.8542,0.075
CLUBS SIX DIAMONDS ACE,0.2682,0.0236,0.7082
DIAMONDS TEN HEARTS KING,0.3672,0.007,0.6258
DIAMONDS TEN HEARTS TEN,0.1658,0.0628,0.7714
SPADES ACE HEARTS FIVE,0.3762,0.0054,0.6184
HEARTS FOUR SPADES EIGHT,0.378,0.0678,0.5542
CLUBS FOUR CLUBS QUEEN,0.3802,0.011,0.6088
SPADES ACE SPADES SEVEN,0.3576,0.0042,0.6382
CLUBS EIGHT SPADES SIX,0.2792,0.1444,0.5764
CLUBS JACK SPADES QUEEN,0.3674,0.0102,0.6224
SPADES ACE HEARTS ACE,0.1746,0.0044,0.821
SPADES SEVEN DIAMONDS TEN,0.3672,0.0252,0.6076
SPADES QUEEN HEARTS JACK,0.3588,0.0114,0.6298
SPADES KING CLUBS THREE,0.4024,0.0086,0.589
SPADES EIGHT HEARTS QUEEN,0.3506,0.0142,0.6352
CLUBS THREE SPADES FOUR,0.477,0.163,0.36
SPADES JACK HEARTS ACE,0.369,0.0068,0.6242
SPADES ACE CLUBS TEN,0.3726,0.0042,0.6232
SPADES NINE SPADES THREE,0.393,0.042,0.565
DIAMONDS TWO SPADES TWO,0.292,0.0966,0.6114
DIAMONDS SEVEN CLUBS ACE,0.3762,0.0044,0.6194
CLUBS SEVEN SPADES FIVE,0.3716,0.0978,0.5306
SPADES TEN CLUBS SIX,0.2824,0.0772,0.6404
DIAMONDS SIX DIAMONDS FIVE,0.2356,0.3988,0.3656
CLUBS FIVE SPADES TWO,0.5144,0.2528,0.2328
SPADES ACE CLUBS TWO,0.2686,0.0104,0.721
CLUBS JACK CLUBS FOUR,0.3772,0.0162,0.6066
CLUBS SEVEN HEARTS JACK,0.3628,0.0196,0.6176
SPADES TEN CLUBS THREE,0.3962,0.0344,0.5694
SPADES EIGHT SPADES SEVEN,0.3278,0.0586,0.6136
DIAMONDS JACK HEARTS KING,0.3546,0.005,0.6404
HEARTS THREE DIAMONDS FOUR,0.4638,0.1604,0.3758
SPADES KING SPADES FOUR,0.381,0.0088,0.6102
DIAMONDS TWO CLUBS QUEEN,0.2934,0.0362,0.6704
DIAMONDS QUEEN CLUBS KING,0.3688,0.0062,0.625
CLUBS TWO HEARTS QUEEN,0.2806,0.0366,0.6828
SPADES THREE CLUBS KING,0.4078,0.006,0.5862
SPADES TWO DIAMONDS FIVE,0.5078,0.2588,0.2334
SPADES ACE DIAMONDS THREE,0.39,0.0062,0.6038
SPADES EIGHT SPADES TWO,0.2814,0.132,0.5866
CLUBS FOUR CLUBS KING,0.3786,0.01,0.6114
DIAMONDS EIGHT DIAMONDS FIVE,0.3572,0.0592,0.5836
SPADES KING SPADES NINE,0.3586,0.0064,0.635
SPADES FOUR HEARTS TEN,0.3842,0.0314,0.5844
DIAMONDS TWO CLUBS SEVEN,0.2976,0.186,0.5164
HEARTS FOUR SPADES SIX,0.2452,0.473,0.2818
CLUBS TEN DIAMONDS TWO,0.292,0.0728,0.6352
SPADES SEVEN DIAMONDS FIVE,0.3584,0.097,0.5446
CLUBS EIGHT SPADES EIGHT,0.1698,0.0828,0.7474
HEARTS SEVEN SPADES FOUR,0.362,0.1078,0.5302
HEARTS FIVE SPADES JACK,0.3844,0.0204,0.5952
SPADES TWO CLUBS ACE,0.2824,0.0122,0.7054
CLUBS TEN HEARTS KING,0.3448,0.0068,0.6484
CLUBS FIVE CLUBS THREE,0.4474,0.132,0.4206
DIAMONDS SIX HEARTS NINE,0.2678,0.1136,0.6186
DIAMONDS THREE SPADES THREE,0.2776,0.1368,0.5856
DIAMONDS TWO DIAMONDS FOUR,0.4678,0.2432,0.289
DIAMONDS THREE SPADES QUEEN,0.4062,0.0106,0.5832
CLUBS FOUR DIAMONDS EIGHT,0.396,0.0652,0.5388
DIAMONDS JACK CLUBS ACE,0.386,0.0052,0.6088
CLUBS FIVE SPADES FOUR,0.458,0.149,0.393
HEARTS EIGHT DIAMONDS NINE,0.3368,0.0386,0.6246
DIAMONDS JACK DIAMONDS FOUR,0.3744,0.0194,0.6062
CLUBS SIX DIAMONDS SEVEN,0.2624,0.186,0.5516
SPADES ACE SPADES QUEEN,0.3518,0.0042,0.644
SPADES ACE CLUBS FOUR,0.384,0.0046,0.6114
HEARTS KING HEARTS QUEEN,0.3148,0.0102,0.675
SPADES JACK CLUBS KING,0.3782,0.0078,0.614
CLUBS TEN DIAMONDS NINE,0.3732,0.0264,0.6004
SPADES KING SPADES TEN,0.3422,0.0064,0.6514
CLUBS JACK CLUBS THREE,0.3778,0.0176,0.6046
SPADES KING DIAMONDS JACK,0.3746,0.0068,0.6186
HEARTS SEVEN CLUBS NINE,0.3512,0.0384,0.6104
DIAMONDS ACE SPADES TWO,0.2806,0.0108,0.7086
CLUBS TEN CLUBS FIVE,0.38,0.032,0.588
DIAMONDS JACK SPADES THREE,0.4014,0.0178,0.5808
SPADES JACK HEARTS FOUR,0.378,0.0234,0.5986
DIAMONDS TEN HEARTS JACK,0.3416,0.0146,0.6438
HEARTS FIVE HEARTS QUEEN,0.3322,0.0154,0.6524
CLUBS NINE CLUBS THREE,0.3714,0.0416,0.587
SPADES JACK HEARTS JACK,0.1642,0.049,0.7868
CLUBS THREE DIAMONDS EIGHT,0.4116,0.0588,0.5296
CLUBS JACK HEARTS THREE,0.402,0.0194,0.5786
SPADES EIGHT CLUBS FOUR,0.3898,0.0656,0.5446
SPADES NINE CLUBS KING,0.3676,0.0084,0.624
DIAMONDS TWO CLUBS EIGHT,0.2758,0.1336,0.5906
DIAMONDS JACK HEARTS ACE,0.3574,0.0056,0.637
HEARTS EIGHT CLUBS SEVEN,0.3358,0.0586,0.6056
HEARTS FOUR CLUBS KING,0.4022,0.006,0.5918
SPADES THREE CLUBS ACE,0.4036,0.0058,0.5906
HEARTS THREE CLUBS FOUR,0.4774,0.153,0.3696
DIAMONDS THREE HEARTS JACK,0.3896,0.0192,0.5912
DIAMONDS QUEEN HEARTS NINE,0.3742,0.01,0.6158
CLUBS SIX DIAMONDS EIGHT,0.2816,0.1324,0.586
DIAMONDS QUEEN DIAMONDS TEN,0.345,0.0088,0.6462
HEARTS FIVE HEARTS ACE,0.3382,0.0064,0.6554
SPADES FIVE DIAMONDS TEN,0.408,0.0266,0.5654
DIAMONDS QUEEN CLUBS QUEEN,0.1872,0.0324,0.7804
HEARTS FOUR DIAMONDS FOUR,0.2582,0.131,0.6108
CLUBS JACK CLUBS TEN,0.3398,0.0106,0.6496
DIAMONDS THREE SPADES FOUR,0.4754,0.153,0.3716
HEARTS SEVEN CLUBS ACE,0.3532,0.0046,0.6422
SPADES SEVEN HEARTS JACK,0.3636,0.021,0.6154
SPADES QUEEN CLUBS FIVE,0.4038,0.0132,0.583
DIAMONDS TEN HEARTS NINE,0.3376,0.0274,0.635
SPADES NINE CLUBS ACE,0.3676,0.0042,0.6282
CLUBS NINE CLUBS QUEEN,0.336,0.0122,0.6518
SPADES QUEEN CLUBS QUEEN,0.1782,0.0356,0.7862
CLUBS SIX DIAMONDS QUEEN,0.2742,0.0522,0.6736
DIAMONDS TWO CLUBS TWO,0.2786,0.1008,0.6206
HEARTS EIGHT DIAMONDS SEVEN,0.3356,0.0584,0.606
SPADES JACK HEARTS KING,0.3516,0.0092,0.6392
CLUBS SIX SPADES FOUR,0.2686,0.4636,0.2678
CLUBS NINE DIAMONDS EIGHT,0.3416,0.0356,0.6228
HEARTS SEVEN HEARTS THREE,0.3408,0.0968,0.5624
SPADES KING HEARTS FOUR,0.4014,0.0088,0.5898
CLUBS FIVE DIAMONDS EIGHT,0.3758,0.068,0.5562
SPADES SEVEN CLUBS THREE,0.382,0.1036,0.5144
SPADES TWO DIAMONDS SEVEN,0.288,0.192,0.52
CLUBS NINE CLUBS SIX,0.2696,0.0994,0.631
CLUBS FIVE SPADES THREE,0.4704,0.156,0.3736
HEARTS KING DIAMONDS FIVE,0.3866,0.0084,0.605
CLUBS EIGHT HEARTS QUEEN,0.3612,0.0106,0.6282
DIAMONDS THREE CLUBS THREE,0.2742,0.1404,0.5854
DIAMONDS TWO DIAMONDS EIGHT,0.2778,0.1266,0.5956
SPADES ACE HEARTS JACK,0.3592,0.005,0.6358
SPADES FIVE DIAMONDS SEVEN,0.365,0.0954,0.5396
SPADES JACK CLUBS ACE,0.3664,0.0084,0.6252
CLUBS NINE CLUBS EIGHT,0.3206,0.0386,0.6408
SPADES ACE SPADES TEN,0.3508,0.0044,0.6448
SPADES SEVEN HEARTS NINE,0.342,0.041,0.617
CLUBS FIVE CLUBS TWO,0.4864,0.25,0.2636
DIAMONDS NINE DIAMONDS FOUR,0.3752,0.0382,0.5866
DIAMONDS QUEEN DIAMONDS SEVEN,0.3558,0.012,0.6322
CLUBS TEN CLUBS EIGHT,0.35,0.024,0.626
CLUBS NINE SPADES EIGHT,0.3532,0.0348,0.612
HEARTS SEVEN DIAMONDS QUEEN,0.3556,0.0136,0.6308
SPADES ACE HEARTS TEN,0.3648,0.0048,0.6304
DIAMONDS THREE HEARTS FOUR,0.4666,0.1528,0.3806
CLUBS TWO DIAMONDS SIX,0.0684,0.9114,0.0202
CLUBS FIVE DIAMONDS SIX,0.2458,0.4222,0.332
CLUBS JACK DIAMONDS TEN,0.3676,0.0122,0.6202
HEARTS JACK CLUBS QUEEN,0.351,0.0104,0.6386
SPADES ACE CLUBS FIVE,0.3926,0.0034,0.604
SPADES KING DIAMONDS ACE,0.3818,0.0042,0.614
DIAMONDS SIX CLUBS QUEEN,0.2882,0.0536,0.6582
SPADES EIGHT DIAMONDS SIX,0.2726,0.1488,0.5786
DIAMONDS ACE SPADES SIX,0.2828,0.0274,0.6898
CLUBS NINE HEARTS QUEEN,0.3604,0.0114,0.6282
HEARTS EIGHT DIAMONDS TEN,0.3502,0.025,0.6248
SPADES SEVEN SPADES FOUR,0.3648,0.0902,0.545
DIAMONDS JACK DIAMONDS TEN,0.3494,0.0166,0.634
CLUBS SIX DIAMONDS SIX,0.1226,0.1062,0.7712
CLUBS TEN DIAMONDS TEN,0.1782,0.0614,0.7604
SPADES SEVEN HEARTS TEN,0.3552,0.0254,0.6194
SPADES ACE DIAMONDS QUEEN,0.3902,0.0042,0.6056
SPADES FOUR CLUBS QUEEN,0.3946,0.0134,0.592
HEARTS THREE HEARTS ACE,0.3352,0.007,0.6578
SPADES ACE SPADES JACK,0.3468,0.0054,0.6478
SPADES THREE HEARTS JACK,0.3826,0.0226,0.5948
HEARTS FIVE SPADES FIVE,0.2606,0.1326,0.6068
CLUBS NINE CLUBS KING,0.3592,0.008,0.6328
CLUBS NINE HEARTS ACE,0.354,0.0046,0.6414
CLUBS TWO DIAMONDS FOUR,0.503,0.264,0.233
DIAMONDS KING DIAMONDS FIVE,0.3648,0.006,0.6292
CLUBS JACK DIAMONDS THREE,0.4,0.0234,0.5766
SPADES NINE CLUBS THREE,0.394,0.0392,0.5668
CLUBS EIGHT DIAMONDS SIX,0.2808,0.1462,0.573
DIAMONDS KING HEARTS NINE,0.3666,0.0082,0.6252
DIAMONDS TWO HEARTS NINE,0.2692,0.1002,0.6306
SPADES EIGHT CLUBS FIVE,0.3812,0.0606,0.5582
CLUBS FOUR DIAMONDS SIX,0.2512,0.4676,0.2812
SPADES KING CLUBS NINE,0.3728,0.0082,0.619
SPADES KING CLUBS EIGHT,0.3818,0.0072,0.611
CLUBS JACK CLUBS ACE,0.3468,0.0058,0.6474
DIAMONDS ACE DIAMONDS JACK,0.3482,0.0054,0.6464
SPADES EIGHT CLUBS THREE,0.3898,0.0668,0.5434
DIAMONDS ACE CLUBS THREE,0.3806,0.0042,0.6152
HEARTS SEVEN CLUBS FIVE,0.353,0.0998,0.5472
SPADES KING HEARTS JACK,0.3544,0.007,0.6386
CLUBS SEVEN HEARTS TEN,0.3484,0.026,0.6256
HEARTS FIVE CLUBS SEVEN,0.3528,0.099,0.5482
SPADES ACE CLUBS QUEEN,0.3764,0.0046,0.619
SPADES QUEEN DIAMONDS SIX,0.2824,0.0524,0.6652
SPADES SIX CLUBS THREE,0.2602,0.4752,0.2646
SPADES SIX DIAMONDS FIVE,0.2446,0.4212,0.3342
HEARTS FOUR CLUBS SEVEN,0.3606,0.1048,0.5346
HEARTS SEVEN SPADES SIX,0.2354,0.2058,0.5588
HEARTS SEVEN DIAMONDS SEVEN,0.1584,0.1052,0.7364
SPADES KING CLUBS SIX,0.2856,0.0422,0.6722
SPADES NINE SPADES FIVE,0.3704,0.0398,0.5898
SPADES JACK CLUBS SEVEN,0.374,0.0166,0.6094
SPADES TEN HEARTS QUEEN,0.348,0.0132,0.6388
DIAMONDS THREE SPADES FIVE,0.4772,0.1548,0.368
SPADES EIGHT DIAMONDS TEN,0.374,0.0218,0.6042
SPADES QUEEN CLUBS EIGHT,0.3634,0.0126,0.624
SPADES JACK HEARTS NINE,0.349,0.0222,0.6288
DIAMONDS KING HEARTS JACK,0.3612,0.0076,0.6312
DIAMONDS KING CLUBS QUEEN,0.3826,0.006,0.6114
CLUBS TWO DIAMONDS FIVE,0.4964,0.2574,0.2462
DIAMONDS FIVE DIAMONDS FOUR,0.43,0.1426,0.4274
CLUBS SIX HEARTS JACK,0.2704,0.0602,0.6694
DIAMONDS TWO DIAMONDS ACE,0.263,0.0102,0.7268
SPADES SEVEN DIAMONDS NINE,0.3476,0.0394,0.613
DIAMONDS NINE HEARTS QUEEN,0.355,0.0108,0.6342
SPADES FIVE DIAMONDS FIVE,0.2678,0.13,0.6022
SPADES FIVE CLUBS TWO,0.5112,0.253,0.2358
HEARTS FIVE CLUBS EIGHT,0.3668,0.0652,0.568
CLUBS FOUR HEARTS NINE,0.386,0.0446,0.5694
CLUBS ACE CLUBS KING,0.3504,0.0034,0.6462
DIAMONDS KING SPADES SEVEN,0.3892,0.0056,0.6052
DIAMONDS JACK DIAMONDS SEVEN,0.3452,0.018,0.6368
CLUBS SEVEN HEARTS KING,0.362,0.0084,0.6296
CLUBS SIX DIAMONDS FOUR,0.2656,0.4644,0.27
SPADES SIX DIAMONDS FOUR,0.2632,0.4494,0.2874
SPADES SIX CLUBS TWO,0.0708,0.9108,0.0184
SPADES JACK CLUBS EIGHT,0.3678,0.0164,0.6158
CLUBS JACK SPADES NINE,0.3554,0.0156,0.629
SPADES SEVEN HEARTS QUEEN,0.3678,0.0134,0.6188
DIAMONDS THREE SPADES SEVEN,0.3896,0.0958,0.5146
DIAMONDS THREE SPADES TWO,0.5148,0.2526,0.2326
HEARTS EIGHT HEARTS FIVE,0.318,0.0668,0.6152
CLUBS QUEEN HEARTS NINE,0.3536,0.011,0.6354
CLUBS SEVEN HEARTS QUEEN,0.369,0.0138,0.6172
CLUBS EIGHT SPADES SEVEN,0.3628,0.0532,0.584
HEARTS FOUR HEARTS KING,0.3466,0.007,0.6464
DIAMONDS TEN DIAMONDS SIX,0.2612,0.0742,0.6646
SPADES JACK DIAMONDS JACK,0.1698,0.0476,0.7826
DIAMONDS TWO CLUBS NINE,0.2942,0.101,0.6048
SPADES EIGHT HEARTS NINE,0.3412,0.0382,0.6206
HEARTS EIGHT SPADES SEVEN,0.3354,0.0638,0.6008
CLUBS SEVEN CLUBS KING,0.3498,0.008,0.6422
CLUBS QUEEN DIAMONDS FOUR,0.394,0.014,0.592
HEARTS ACE SPADES THREE,0.3676,0.0064,0.626
HEARTS FIVE CLUBS TWO,0.4928,0.2642,0.243
SPADES KING HEARTS QUEEN,0.3478,0.0084,0.6438
DIAMONDS THREE DIAMONDS QUEEN,0.385,0.0142,0.6008
SPADES JACK CLUBS QUEEN,0.3722,0.011,0.6168
CLUBS TEN DIAMONDS SIX,0.275,0.0878,0.6372
SPADES ACE DIAMONDS ACE,0.1826,0.0032,0.8142
DIAMONDS THREE HEARTS QUEEN,0.3892,0.0174,0.5934
SPADES ACE DIAMONDS TWO,0.2686,0.0116,0.7198
CLUBS SIX CLUBS ACE,0.2674,0.03,0.7026
CLUBS SIX DIAMONDS JACK,0.2882,0.0652,0.6466
HEARTS EIGHT SPADES FIVE,0.361,0.0654,0.5736
HEARTS EIGHT SPADES FOUR,0.381,0.0658,0.5532
DIAMONDS THREE HEARTS SEVEN,0.3674,0.0984,0.5342
SPADES ACE CLUBS EIGHT,0.3792,0.0052,0.6156
SPADES QUEEN DIAMONDS FOUR,0.401,0.0128,0.5862
SPADES KING HEARTS SEVEN,0.359,0.0098,0.6312
DIAMONDS QUEEN SPADES FOUR,0.4038,0.0132,0.583
SPADES THREE HEARTS NINE,0.3866,0.0398,0.5736
CLUBS TEN SPADES SIX,0.285,0.0802,0.6348
DIAMONDS TWO DIAMONDS TEN,0.2836,0.0682,0.6482
SPADES ACE SPADES SIX,0.2644,0.0262,0.7094
HEARTS FIVE DIAMONDS SIX,0.2524,0.4148,0.3328
HEARTS THREE CLUBS KING,0.4,0.0104,0.5896
CLUBS EIGHT DIAMONDS FIVE,0.3808,0.0612,0.558
DIAMONDS THREE SPADES NINE,0.4,0.0454,0.5546
CLUBS SEVEN DIAMONDS NINE,0.3596,0.0406,0.5998
CLUBS EIGHT SPADES TWO,0.292,0.1292,0.5788
DIAMONDS NINE HEARTS KING,0.3598,0.0084,0.6318
HEARTS ACE HEARTS TEN,0.326,0.0052,0.6688
DIAMONDS TWO SPADES TEN,0.3032,0.0676,0.6292
DIAMONDS ACE SPADES THREE,0.383,0.0064,0.6106
HEARTS KING DIAMONDS SEVEN,0.3632,0.009,0.6278
HEARTS JACK HEARTS TEN,0.3018,0.015,0.6832
CLUBS FOUR CLUBS TWO,0.4548,0.2468,0.2984
SPADES QUEEN HEARTS ACE,0.3558,0.0054,0.6388
CLUBS EIGHT CLUBS THREE,0.3662,0.0616,0.5722
DIAMONDS THREE HEARTS THREE,0.2592,0.1414,0.5994
SPADES KING CLUBS TWO,0.2874,0.0264,0.6862
DIAMONDS QUEEN HEARTS QUEEN,0.1654,0.0334,0.8012
DIAMONDS TWO SPADES FIVE,0.5146,0.2492,0.2362
DIAMONDS THREE CLUBS QUEEN,0.4278,0.0138,0.5584
CLUBS EIGHT HEARTS KING,0.3628,0.0076,0.6296
CLUBS JACK HEARTS ACE,0.3592,0.0062,0.6346
HEARTS FOUR DIAMONDS KING,0.4008,0.0084,0.5908
SPADES QUEEN HEARTS TEN,0.357,0.0092,0.6338
