opposingHand,winningChance,drawChance,lostChance
HEARTS SIX CLUBS NINE
HEARTS FIVE SPADES TEN,0.4108,0.0268,0.5624
SPADES JACK HEARTS FIVE,0.4146,0.0146,0.5708
CLUBS JACK SPADES FIVE,0.3956,0.0176,0.5868
CLUBS TEN SPADES FIVE,0.4136,0.0292,0.5572
CLUBS JACK CLUBS EIGHT,0.342,0.0128,0.6452
CLUBS TEN CLUBS EIGHT,0.3264,0.0258,0.6478
CLUBS EIGHT CLUBS KING,0.3592,0.0076,0.6332
SPADES FIVE CLUBS ACE,0.3862,0.0042,0.6096
CLUBS EIGHT CLUBS QUEEN,0.358,0.0116,0.6304
SPADES FIVE CLUBS KING,0.4022,0.0076,0.5902
SPADES FIVE CLUBS QUEEN,0.4098,0.0122,0.578
CLUBS EIGHT CLUBS ACE,0.3562,0.004,0.6398
DIAMONDS TWO DIAMONDS THREE,0.5756,0.0438,0.3806
DIAMONDS TWO DIAMONDS FIVE,0.5704,0.0494,0.3802
SPADES KING HEARTS FIVE,0.4212,0.0086,0.5702
DIAMONDS TWO DIAMONDS FOUR,0.5694,0.0428,0.3878
SPADES QUEEN HEARTS FIVE,0.4092,0.0112,0.5796
DIAMONDS TWO DIAMONDS SEVEN,0.5814,0.0406,0.378
DIAMONDS TWO DIAMONDS SIX,0.6108,0.1036,0.2856
SPADES ACE HEARTS FIVE,0.4008,0.0058,0.5934
DIAMONDS TWO DIAMONDS NINE,0.3858,0.3468,0.2674
DIAMONDS TWO DIAMONDS EIGHT,0.5912,0.0388,0.37
DIAMONDS THREE DIAMONDS FOUR,0.5604,0.045,0.3946
CLUBS TWO SPADES FOUR,0.6104,0.0436,0.346
DIAMONDS THREE DIAMONDS FIVE,0.5604,0.042,0.3976
SPADES FIVE CLUBS TWO,0.6118,0.0474,0.3408
CLUBS TWO SPADES TWO,0.4002,0.0758,0.524
CLUBS TWO SPADES THREE,0.6148,0.0442,0.341
DIAMONDS THREE DIAMONDS EIGHT,0.5852,0.0428,0.372
SPADES EIGHT CLUBS TWO,0.6212,0.0422,0.3366
DIAMONDS THREE DIAMONDS NINE,0.3836,0.352,0.2644
SPADES NINE CLUBS TWO,0.427,0.3614,0.2116
DIAMONDS THREE DIAMONDS SIX,0.5958,0.1056,0.2986
SPADES SIX CLUBS TWO,0.6538,0.1132,0.233
DIAMONDS THREE DIAMONDS SEVEN,0.5676,0.0388,0.3936
SPADES SEVEN CLUBS TWO,0.622,0.0452,0.3328
CLUBS SIX CLUBS TWO,0.6274,0.1106,0.262
CLUBS SEVEN CLUBS TWO,0.5954,0.04,0.3646
CLUBS FOUR CLUBS TWO,0.593,0.044,0.363
CLUBS FIVE CLUBS TWO,0.5788,0.0436,0.3776
CLUBS TEN CLUBS JACK,0.3176,0.0126,0.6698
DIAMONDS FOUR DIAMONDS SIX,0.5936,0.1034,0.303
CLUBS TEN CLUBS QUEEN,0.3266,0.0106,0.6628
DIAMONDS FOUR DIAMONDS SEVEN,0.5704,0.0356,0.394
CLUBS TEN CLUBS KING,0.3284,0.0076,0.664
CLUBS TEN CLUBS ACE,0.3176,0.0056,0.6768
CLUBS EIGHT CLUBS TWO,0.6084,0.0408,0.3508
DIAMONDS FIVE DIAMONDS FOUR,0.5574,0.0404,0.4022
DIAMONDS NINE DIAMONDS FOUR,0.3754,0.3504,0.2742
DIAMONDS EIGHT DIAMONDS FOUR,0.5772,0.037,0.3858
CLUBS THREE CLUBS TWO,0.5956,0.0432,0.3612
DIAMONDS NINE DIAMONDS FIVE,0.3668,0.362,0.2712
CLUBS JACK DIAMONDS TWO,0.4252,0.0186,0.5562
DIAMONDS EIGHT DIAMONDS FIVE,0.5596,0.0424,0.398
CLUBS TEN DIAMONDS TWO,0.4192,0.0286,0.5522
DIAMONDS FIVE DIAMONDS SEVEN,0.5486,0.038,0.4134
DIAMONDS FIVE DIAMONDS SIX,0.5676,0.1088,0.3236
DIAMONDS TWO CLUBS ACE,0.3972,0.0048,0.598
DIAMONDS TWO CLUBS KING,0.422,0.0092,0.5688
DIAMONDS TWO CLUBS QUEEN,0.4162,0.0136,0.5702
DIAMONDS EIGHT DIAMONDS SIX,0.6134,0.0974,0.2892
DIAMONDS NINE DIAMONDS SIX,0.02,0.9046,0.0754
HEARTS ACE SPADES THREE,0.4178,0.0044,0.5778
SPADES THREE HEARTS KING,0.4182,0.0082,0.5736
DIAMONDS SEVEN DIAMONDS SIX,0.59,0.1012,0.3088
HEARTS QUEEN SPADES THREE,0.4194,0.0102,0.5704
SPADES THREE HEARTS JACK,0.4058,0.0194,0.5748
SPADES THREE HEARTS TEN,0.408,0.027,0.565
DIAMONDS EIGHT DIAMONDS SEVEN,0.5148,0.0376,0.4476
DIAMONDS NINE DIAMONDS SEVEN,0.2068,0.2922,0.501
DIAMONDS NINE DIAMONDS EIGHT,0.2192,0.2168,0.564
DIAMONDS KING HEARTS TEN,0.3278,0.0072,0.665
HEARTS THREE HEARTS TEN,0.3886,0.0258,0.5856
SPADES JACK CLUBS SIX,0.2758,0.0492,0.675
DIAMONDS KING HEARTS JACK,0.3374,0.0074,0.6552
HEARTS THREE HEARTS JACK,0.391,0.0178,0.5912
SPADES TEN CLUBS SIX,0.2576,0.0724,0.67
SPADES JACK SPADES FIVE,0.373,0.0188,0.6082
SPADES TEN SPADES FIVE,0.3934,0.0246,0.582
DIAMONDS KING HEARTS ACE,0.3276,0.0044,0.668
HEARTS THREE HEARTS ACE,0.3866,0.0058,0.6076
SPADES ACE CLUBS SIX,0.26,0.021,0.719
DIAMONDS KING HEARTS QUEEN,0.3446,0.0066,0.6488
HEARTS THREE HEARTS QUEEN,0.4104,0.0118,0.5778
SPADES KING CLUBS SIX,0.2696,0.0368,0.6936
DIAMONDS KING HEARTS KING,0.1544,0.011,0.8346
HEARTS THREE HEARTS KING,0.4004,0.007,0.5926
SPADES QUEEN CLUBS SIX,0.2718,0.047,0.6812
SPADES NINE HEARTS TEN,0.2334,0.0758,0.6908
SPADES NINE HEARTS JACK,0.228,0.0592,0.7128
SPADES QUEEN SPADES FIVE,0.39,0.01,0.6
SPADES KING SPADES FIVE,0.3792,0.0082,0.6126
SPADES ACE SPADES FIVE,0.375,0.0054,0.6196
SPADES NINE HEARTS QUEEN,0.266,0.0476,0.6864
SPADES NINE HEARTS KING,0.2528,0.0332,0.714
SPADES NINE HEARTS ACE,0.2472,0.0232,0.7296
CLUBS TEN SPADES JACK,0.3156,0.0114,0.673
CLUBS TEN SPADES TEN,0.1588,0.0436,0.7976
SPADES ACE CLUBS TEN,0.3536,0.003,0.6434
CLUBS TEN SPADES KING,0.3398,0.0056,0.6546
CLUBS TEN SPADES QUEEN,0.324,0.0078,0.6682
SPADES FIVE HEARTS QUEEN,0.3846,0.0082,0.6072
SPADES FIVE HEARTS KING,0.3946,0.008,0.5974
HEARTS ACE SPADES FIVE,0.3954,0.0048,0.5998
CLUBS EIGHT SPADES TEN,0.3522,0.0242,0.6236
HEARTS THREE SPADES JACK,0.418,0.0162,0.5658
SPADES JACK DIAMONDS KING,0.3534,0.0056,0.641
SPADES TEN DIAMONDS KING,0.3506,0.0044,0.645
HEARTS THREE SPADES TEN,0.4164,0.0266,0.557
SPADES JACK CLUBS EIGHT,0.3644,0.0158,0.6198
CLUBS SIX HEARTS ACE,0.265,0.025,0.71
SPADES ACE CLUBS EIGHT,0.3716,0.0044,0.624
CLUBS JACK HEARTS FIVE,0.4164,0.0186,0.565
CLUBS TEN HEARTS FIVE,0.405,0.0276,0.5674
CLUBS SIX HEARTS QUEEN,0.251,0.0446,0.7044
SPADES QUEEN CLUBS EIGHT,0.383,0.0088,0.6082
CLUBS TEN SPADES THREE,0.4188,0.0228,0.5584
CLUBS SIX HEARTS KING,0.2678,0.036,0.6962
SPADES KING CLUBS EIGHT,0.3832,0.006,0.6108
CLUBS JACK SPADES THREE,0.4038,0.0198,0.5764
DIAMONDS TWO HEARTS JACK,0.4114,0.0188,0.5698
SPADES THREE CLUBS QUEEN,0.4126,0.0116,0.5758
DIAMONDS TWO HEARTS TEN,0.4162,0.025,0.5588
SPADES THREE CLUBS KING,0.4194,0.0072,0.5734
HEARTS FIVE CLUBS ACE,0.3986,0.0062,0.5952
SPADES FIVE HEARTS TEN,0.3914,0.027,0.5816
SPADES THREE CLUBS ACE,0.4082,0.0046,0.5872
HEARTS FIVE CLUBS KING,0.4102,0.0074,0.5824
SPADES FIVE HEARTS JACK,0.4088,0.021,0.5702
HEARTS FIVE CLUBS QUEEN,0.4028,0.0136,0.5836
HEARTS THREE CLUBS KING,0.4354,0.0078,0.5568
DIAMONDS KING CLUBS KING,0.1616,0.011,0.8274
HEARTS THREE CLUBS QUEEN,0.4208,0.013,0.5662
DIAMONDS KING CLUBS QUEEN,0.3438,0.0072,0.649
HEARTS FIVE HEARTS JACK,0.3846,0.0146,0.6008
HEARTS FIVE HEARTS TEN,0.3984,0.0256,0.576
HEARTS THREE CLUBS ACE,0.4194,0.0076,0.573
DIAMONDS KING CLUBS ACE,0.3508,0.0066,0.6426
SPADES ACE CLUBS QUEEN,0.3352,0.0048,0.66
SPADES KING CLUBS QUEEN,0.3386,0.007,0.6544
CLUBS JACK HEARTS THREE,0.4088,0.0178,0.5734
CLUBS JACK DIAMONDS KING,0.346,0.0056,0.6484
SPADES QUEEN CLUBS QUEEN,0.1592,0.0242,0.8166
CLUBS TEN HEARTS THREE,0.4162,0.026,0.5578
CLUBS TEN DIAMONDS KING,0.3512,0.0064,0.6424
SPADES JACK CLUBS QUEEN,0.3344,0.009,0.6566
CLUBS SIX CLUBS QUEEN,0.2512,0.046,0.7028
SPADES TEN CLUBS QUEEN,0.3274,0.0104,0.6622
CLUBS SIX CLUBS KING,0.2472,0.0336,0.7192
CLUBS SIX CLUBS ACE,0.2586,0.0244,0.717
HEARTS FIVE HEARTS KING,0.3908,0.0076,0.6016
HEARTS FIVE HEARTS QUEEN,0.3846,0.0122,0.6032
CLUBS TEN CLUBS SIX,0.2276,0.0784,0.694
HEARTS FIVE HEARTS ACE,0.3666,0.0054,0.628
CLUBS JACK CLUBS SIX,0.2676,0.0594,0.673
SPADES SEVEN HEARTS JACK,0.3752,0.0148,0.61
SPADES SEVEN HEARTS TEN,0.3476,0.0268,0.6256
DIAMONDS TWO CLUBS TWO,0.4068,0.0746,0.5186
DIAMONDS TWO CLUBS THREE,0.6094,0.0424,0.3482
DIAMONDS TWO HEARTS QUEEN,0.4064,0.014,0.5796
HEARTS SEVEN DIAMONDS TWO,0.6178,0.0472,0.335
DIAMONDS TWO HEARTS KING,0.425,0.0078,0.5672
DIAMONDS TWO HEARTS EIGHT,0.6156,0.0432,0.3412
DIAMONDS TWO HEARTS ACE,0.4,0.0062,0.5938
DIAMONDS TWO HEARTS NINE,0.4134,0.3698,0.2168
DIAMONDS TWO DIAMONDS QUEEN,0.3984,0.0112,0.5904
DIAMONDS TWO HEARTS TWO,0.3974,0.0796,0.523
DIAMONDS TWO DIAMONDS KING,0.396,0.0086,0.5954
HEARTS THREE DIAMONDS TWO,0.6152,0.0438,0.341
DIAMONDS TWO DIAMONDS ACE,0.3902,0.0024,0.6074
HEARTS FOUR DIAMONDS TWO,0.62,0.0504,0.3296
DIAMONDS TWO HEARTS FIVE,0.6166,0.0476,0.3358
SPADES SEVEN HEARTS ACE,0.367,0.0042,0.6288
DIAMONDS TWO DIAMONDS TEN,0.3968,0.026,0.5772
SPADES SEVEN HEARTS KING,0.3708,0.0084,0.6208
DIAMONDS TWO DIAMONDS JACK,0.3844,0.016,0.5996
SPADES SEVEN HEARTS QUEEN,0.3738,0.01,0.6162
DIAMONDS TWO SPADES NINE,0.4154,0.3704,0.2142
DIAMONDS TWO SPADES EIGHT,0.6254,0.0432,0.3314
DIAMONDS TWO SPADES SEVEN,0.6304,0.043,0.3266
DIAMONDS TWO SPADES SIX,0.6546,0.104,0.2414
DIAMONDS TWO SPADES FIVE,0.6248,0.0482,0.327
DIAMONDS TWO SPADES FOUR,0.6164,0.0446,0.339
DIAMONDS TWO SPADES THREE,0.618,0.0452,0.3368
DIAMONDS TWO SPADES TWO,0.4118,0.0712,0.517
DIAMONDS TWO CLUBS EIGHT,0.6352,0.0458,0.319
CLUBS SEVEN DIAMONDS TWO,0.6232,0.0432,0.3336
DIAMONDS TWO CLUBS SIX,0.6532,0.1128,0.234
DIAMONDS TWO CLUBS FIVE,0.6292,0.0408,0.33
DIAMONDS TWO CLUBS FOUR,0.6146,0.046,0.3394
CLUBS FOUR SPADES FIVE,0.6108,0.0392,0.35
CLUBS FOUR SPADES FOUR,0.4138,0.0694,0.5168
CLUBS FOUR SPADES THREE,0.6024,0.05,0.3476
CLUBS FOUR SPADES TWO,0.6302,0.047,0.3228
SPADES NINE CLUBS FOUR,0.408,0.3814,0.2106
SPADES EIGHT CLUBS FOUR,0.6182,0.0432,0.3386
SPADES SEVEN CLUBS FOUR,0.6134,0.047,0.3396
CLUBS FOUR SPADES SIX,0.6438,0.1074,0.2488
SPADES ACE DIAMONDS SIX,0.2716,0.0232,0.7052
SPADES QUEEN DIAMONDS SIX,0.2712,0.0426,0.6862
SPADES KING DIAMONDS SIX,0.278,0.034,0.688
SPADES TEN DIAMONDS SIX,0.2548,0.0744,0.6708
SPADES JACK DIAMONDS SIX,0.2704,0.055,0.6746
SPADES QUEEN SPADES TWO,0.3968,0.0114,0.5918
SPADES KING SPADES TWO,0.3996,0.0096,0.5908
SPADES ACE SPADES TWO,0.388,0.0056,0.6064
CLUBS JACK DIAMONDS JACK,0.1642,0.0256,0.8102
CLUBS TEN DIAMONDS JACK,0.3186,0.0136,0.6678
DIAMONDS JACK CLUBS KING,0.3372,0.0062,0.6566
DIAMONDS JACK CLUBS QUEEN,0.333,0.0088,0.6582
DIAMONDS THREE DIAMONDS JACK,0.3816,0.0188,0.5996
DIAMONDS THREE DIAMONDS TEN,0.3828,0.0284,0.5888
DIAMONDS JACK CLUBS ACE,0.3394,0.0044,0.6562
DIAMONDS THREE DIAMONDS KING,0.3968,0.0068,0.5964
HEARTS THREE DIAMONDS THREE,0.4192,0.0774,0.5034
DIAMONDS THREE DIAMONDS QUEEN,0.39,0.01,0.6
DIAMONDS THREE HEARTS TWO,0.6244,0.046,0.3296
HEARTS FIVE DIAMONDS THREE,0.5974,0.0448,0.3578
DIAMONDS THREE DIAMONDS ACE,0.3784,0.0048,0.6168
HEARTS FOUR DIAMONDS THREE,0.6026,0.046,0.3514
HEARTS SEVEN DIAMONDS THREE,0.6066,0.0458,0.3476
SPADES TEN SPADES NINE,0.2316,0.0688,0.6996
SPADES JACK SPADES NINE,0.2274,0.0582,0.7144
DIAMONDS THREE HEARTS NINE,0.4086,0.3728,0.2186
HEARTS JACK DIAMONDS FOUR,0.4168,0.015,0.5682
HEARTS ACE HEARTS KING,0.3378,0.0034,0.6588
SPADES TEN SPADES TWO,0.3894,0.0258,0.5848
DIAMONDS THREE HEARTS EIGHT,0.6202,0.0416,0.3382
HEARTS TEN DIAMONDS FOUR,0.4104,0.022,0.5676
SPADES JACK SPADES TWO,0.3956,0.0184,0.586
HEARTS QUEEN DIAMONDS FOUR,0.4114,0.0122,0.5764
HEARTS KING DIAMONDS FOUR,0.4194,0.0076,0.573
SPADES ACE SPADES NINE,0.247,0.0234,0.7296
HEARTS ACE DIAMONDS FOUR,0.3832,0.0044,0.6124
SPADES KING SPADES NINE,0.2398,0.0318,0.7284
SPADES QUEEN SPADES NINE,0.2518,0.0448,0.7034
DIAMONDS THREE SPADES NINE,0.415,0.3626,0.2224
DIAMONDS THREE SPADES EIGHT,0.621,0.043,0.336
DIAMONDS THREE SPADES SEVEN,0.6212,0.043,0.3358
DIAMONDS THREE SPADES SIX,0.636,0.1122,0.2518
DIAMONDS THREE CLUBS SIX,0.6336,0.1152,0.2512
CLUBS FIVE CLUBS SIX,0.5922,0.1126,0.2952
CLUBS ACE DIAMONDS FOUR,0.4022,0.0052,0.5926
CLUBS SEVEN DIAMONDS THREE,0.6308,0.0366,0.3326
CLUBS SEVEN CLUBS FIVE,0.5566,0.0392,0.4042
DIAMONDS THREE CLUBS FOUR,0.6166,0.0446,0.3388
DIAMONDS FOUR CLUBS QUEEN,0.4092,0.0126,0.5782
DIAMONDS THREE CLUBS FIVE,0.5978,0.0442,0.358
DIAMONDS FOUR CLUBS KING,0.405,0.0076,0.5874
DIAMONDS THREE CLUBS TWO,0.6338,0.0396,0.3266
CLUBS TEN DIAMONDS FOUR,0.4038,0.0246,0.5716
DIAMONDS THREE CLUBS THREE,0.4146,0.0732,0.5122
CLUBS JACK DIAMONDS FOUR,0.4114,0.0178,0.5708
DIAMONDS THREE SPADES FOUR,0.6006,0.044,0.3554
DIAMONDS THREE SPADES FIVE,0.5976,0.0454,0.357
DIAMONDS THREE SPADES TWO,0.6248,0.0432,0.332
DIAMONDS THREE SPADES THREE,0.4128,0.0714,0.5158
CLUBS EIGHT DIAMONDS THREE,0.6316,0.051,0.3174
SPADES SEVEN CLUBS ACE,0.3626,0.004,0.6334
SPADES SEVEN CLUBS QUEEN,0.3826,0.012,0.6054
SPADES SEVEN CLUBS KING,0.3782,0.007,0.6148
CLUBS FIVE SPADES SEVEN,0.5946,0.0406,0.3648
CLUBS TEN SPADES SEVEN,0.355,0.0226,0.6224
CLUBS FIVE SPADES SIX,0.618,0.1056,0.2764
CLUBS JACK SPADES SEVEN,0.3742,0.0162,0.6096
CLUBS FIVE SPADES NINE,0.4078,0.3686,0.2236
CLUBS FIVE SPADES EIGHT,0.6002,0.0476,0.3522
CLUBS FIVE SPADES THREE,0.6054,0.0428,0.3518
CLUBS FIVE SPADES TWO,0.6178,0.0416,0.3406
CLUBS FIVE SPADES FIVE,0.4032,0.071,0.5258
CLUBS FIVE SPADES FOUR,0.6058,0.0452,0.349
CLUBS EIGHT CLUBS FIVE,0.5642,0.0424,0.3934
CLUBS ACE CLUBS QUEEN,0.3228,0.0044,0.6728
CLUBS KING CLUBS QUEEN,0.3284,0.0054,0.6662
DIAMONDS TEN DIAMONDS FOUR,0.3932,0.0244,0.5824
CLUBS TEN DIAMONDS NINE,0.242,0.0768,0.6812
DIAMONDS JACK DIAMONDS FOUR,0.3898,0.0182,0.592
CLUBS JACK DIAMONDS NINE,0.2318,0.0588,0.7094
CLUBS JACK SPADES NINE,0.2356,0.0638,0.7006
CLUBS TEN SPADES NINE,0.2356,0.0778,0.6866
DIAMONDS ACE DIAMONDS FOUR,0.3894,0.0028,0.6078
HEARTS FOUR DIAMONDS FOUR,0.4128,0.072,0.5152
DIAMONDS JACK HEARTS TEN,0.3204,0.0128,0.6668
SPADES NINE CLUBS KING,0.2488,0.0284,0.7228
DIAMONDS TWO SPADES TEN,0.42,0.0238,0.5562
DIAMONDS NINE CLUBS ACE,0.2518,0.0222,0.726
HEARTS FIVE DIAMONDS FOUR,0.599,0.044,0.357
DIAMONDS JACK HEARTS JACK,0.1672,0.034,0.7988
SPADES NINE CLUBS QUEEN,0.248,0.0488,0.7032
DIAMONDS TWO SPADES JACK,0.4288,0.0184,0.5528
DIAMONDS QUEEN DIAMONDS FOUR,0.3856,0.0124,0.602
HEARTS TWO DIAMONDS FOUR,0.6144,0.0462,0.3394
DIAMONDS NINE CLUBS QUEEN,0.2436,0.0446,0.7118
DIAMONDS KING DIAMONDS FOUR,0.3952,0.0074,0.5974
HEARTS THREE DIAMONDS FOUR,0.6086,0.0432,0.3482
SPADES NINE CLUBS ACE,0.2422,0.0228,0.735
DIAMONDS NINE CLUBS KING,0.246,0.0362,0.7178
HEARTS ACE DIAMONDS JACK,0.3368,0.0034,0.6598
SPADES ACE DIAMONDS TWO,0.423,0.0056,0.5714
HEARTS QUEEN DIAMONDS JACK,0.3336,0.0088,0.6576
SPADES QUEEN DIAMONDS TWO,0.4374,0.01,0.5526
DIAMONDS JACK HEARTS KING,0.3272,0.0054,0.6674
SPADES KING DIAMONDS TWO,0.4292,0.008,0.5628
SPADES JACK SPADES SEVEN,0.3536,0.0182,0.6282
SPADES TEN SPADES SEVEN,0.3412,0.0262,0.6326
CLUBS SEVEN CLUBS THREE,0.5878,0.0472,0.365
CLUBS SIX CLUBS THREE,0.6086,0.1108,0.2806
CLUBS FIVE CLUBS THREE,0.58,0.0476,0.3724
CLUBS THREE CLUBS FOUR,0.5876,0.044,0.3684
CLUBS EIGHT CLUBS THREE,0.5866,0.0418,0.3716
CLUBS THREE SPADES FIVE,0.6002,0.0502,0.3496
CLUBS THREE SPADES FOUR,0.6066,0.0454,0.348
CLUBS THREE SPADES THREE,0.4124,0.075,0.5126
CLUBS THREE SPADES TWO,0.629,0.0436,0.3274
CLUBS THREE SPADES SIX,0.6284,0.1192,0.2524
CLUBS THREE SPADES SEVEN,0.6206,0.0412,0.3382
SPADES EIGHT CLUBS THREE,0.6218,0.0412,0.337
SPADES NINE CLUBS THREE,0.4108,0.3814,0.2078
SPADES TWO DIAMONDS FOUR,0.6276,0.046,0.3264
SPADES THREE DIAMONDS FOUR,0.5982,0.0462,0.3556
SPADES FOUR DIAMONDS FOUR,0.4044,0.076,0.5196
SPADES FIVE DIAMONDS FOUR,0.596,0.043,0.361
SPADES SIX DIAMONDS FOUR,0.6396,0.1038,0.2566
SPADES SEVEN DIAMONDS FOUR,0.5892,0.0434,0.3674
SPADES EIGHT DIAMONDS FOUR,0.6172,0.04,0.3428
SPADES NINE DIAMONDS FOUR,0.4212,0.3578,0.221
CLUBS FIVE DIAMONDS FOUR,0.5948,0.0444,0.3608
CLUBS FOUR DIAMONDS FOUR,0.4078,0.0744,0.5178
CLUBS SEVEN DIAMONDS FOUR,0.6012,0.0442,0.3546
CLUBS SIX DIAMONDS FOUR,0.6418,0.11,0.2482
CLUBS EIGHT DIAMONDS FOUR,0.6192,0.0392,0.3416
HEARTS SEVEN DIAMONDS FOUR,0.602,0.0388,0.3592
DIAMONDS FOUR HEARTS NINE,0.3928,0.3806,0.2266
DIAMONDS FOUR HEARTS EIGHT,0.6208,0.0398,0.3394
CLUBS THREE DIAMONDS FOUR,0.6028,0.0482,0.349
CLUBS TWO DIAMONDS FOUR,0.6102,0.0434,0.3464
DIAMONDS TEN DIAMONDS FIVE,0.383,0.0262,0.5908
DIAMONDS JACK DIAMONDS FIVE,0.3842,0.018,0.5978
DIAMONDS NINE HEARTS QUEEN,0.253,0.0484,0.6986
DIAMONDS NINE HEARTS KING,0.2558,0.031,0.7132
HEARTS ACE DIAMONDS NINE,0.248,0.0266,0.7254
DIAMONDS NINE HEARTS TEN,0.2442,0.0754,0.6804
DIAMONDS NINE HEARTS JACK,0.2414,0.059,0.6996
CLUBS KING DIAMONDS SIX,0.258,0.0294,0.7126
CLUBS QUEEN DIAMONDS SIX,0.2616,0.0472,0.6912
CLUBS ACE DIAMONDS SIX,0.2594,0.0236,0.717
SPADES KING DIAMONDS FOUR,0.4216,0.0084,0.57
SPADES ACE SPADES SEVEN,0.3406,0.0046,0.6548
SPADES QUEEN DIAMONDS FOUR,0.4192,0.0126,0.5682
SPADES QUEEN SPADES SEVEN,0.3678,0.0096,0.6226
CLUBS JACK DIAMONDS SIX,0.2796,0.0564,0.664
SPADES KING SPADES SEVEN,0.3484,0.0068,0.6448
SPADES ACE DIAMONDS FOUR,0.4074,0.004,0.5886
CLUBS TEN DIAMONDS SIX,0.2442,0.0746,0.6812
CLUBS EIGHT CLUBS FOUR,0.5794,0.0352,0.3854
SPADES JACK DIAMONDS FOUR,0.4156,0.0188,0.5656
SPADES TEN DIAMONDS FOUR,0.4184,0.0274,0.5542
CLUBS FIVE CLUBS FOUR,0.576,0.0408,0.3832
CLUBS SEVEN CLUBS FOUR,0.586,0.0436,0.3704
CLUBS SIX CLUBS FOUR,0.6232,0.1058,0.271
CLUBS SEVEN SPADES EIGHT,0.5612,0.0356,0.4032
CLUBS SEVEN SPADES NINE,0.2324,0.3066,0.461
CLUBS SEVEN SPADES SIX,0.6328,0.113,0.2542
CLUBS SEVEN SPADES SEVEN,0.2854,0.063,0.6516
CLUBS SEVEN SPADES FIVE,0.5868,0.0452,0.368
CLUBS SEVEN SPADES FOUR,0.619,0.0418,0.3392
CLUBS SEVEN SPADES THREE,0.6104,0.0392,0.3504
CLUBS SEVEN SPADES TWO,0.631,0.0402,0.3288
CLUBS SEVEN CLUBS EIGHT,0.5174,0.0366,0.446
HEARTS SEVEN DIAMONDS FIVE,0.5968,0.0436,0.3596
DIAMONDS FIVE HEARTS EIGHT,0.5922,0.046,0.3618
DIAMONDS FIVE HEARTS NINE,0.4096,0.3718,0.2186
DIAMONDS QUEEN DIAMONDS FIVE,0.3688,0.0132,0.618
HEARTS TWO DIAMONDS FIVE,0.6198,0.0476,0.3326
HEARTS KING HEARTS EIGHT,0.3612,0.008,0.6308
DIAMONDS KING DIAMONDS FIVE,0.3924,0.0086,0.599
HEARTS THREE DIAMONDS FIVE,0.6122,0.0408,0.347
HEARTS QUEEN HEARTS EIGHT,0.3506,0.0122,0.6372
DIAMONDS ACE DIAMONDS FIVE,0.3752,0.0052,0.6196
HEARTS FOUR DIAMONDS FIVE,0.6012,0.0432,0.3556
HEARTS FIVE DIAMONDS FIVE,0.3984,0.0788,0.5228
HEARTS ACE HEARTS EIGHT,0.3434,0.0032,0.6534
CLUBS FOUR DIAMONDS FIVE,0.605,0.0488,0.3462
CLUBS FIVE DIAMONDS FIVE,0.3984,0.0766,0.525
CLUBS SIX DIAMONDS FIVE,0.622,0.1126,0.2654
CLUBS SEVEN DIAMONDS FIVE,0.5938,0.0458,0.3604
CLUBS TWO DIAMONDS FIVE,0.6158,0.045,0.3392
CLUBS THREE DIAMONDS FIVE,0.6158,0.0392,0.345
SPADES THREE DIAMONDS FIVE,0.6044,0.0472,0.3484
SPADES TWO DIAMONDS FIVE,0.6086,0.0492,0.3422
SPADES JACK DIAMONDS EIGHT,0.373,0.0148,0.6122
SPADES FIVE DIAMONDS FIVE,0.401,0.075,0.524
CLUBS TEN HEARTS JACK,0.3272,0.0124,0.6604
SPADES TEN DIAMONDS EIGHT,0.354,0.0224,0.6236
SPADES FOUR DIAMONDS FIVE,0.6032,0.039,0.3578
CLUBS JACK HEARTS JACK,0.156,0.0302,0.8138
HEARTS JACK CLUBS QUEEN,0.3284,0.0114,0.6602
HEARTS JACK CLUBS KING,0.3262,0.0062,0.6676
CLUBS EIGHT DIAMONDS FIVE,0.6054,0.0412,0.3534
CLUBS ACE HEARTS JACK,0.3322,0.0034,0.6644
SPADES SEVEN DIAMONDS FIVE,0.5776,0.0408,0.3816
SPADES KING DIAMONDS EIGHT,0.3702,0.0056,0.6242
SPADES QUEEN DIAMONDS EIGHT,0.3688,0.012,0.6192
SPADES SIX DIAMONDS FIVE,0.6282,0.1064,0.2654
SPADES NINE DIAMONDS FIVE,0.4134,0.3608,0.2258
SPADES EIGHT DIAMONDS FIVE,0.599,0.0378,0.3632
SPADES ACE DIAMONDS EIGHT,0.3748,0.0024,0.6228
DIAMONDS TEN DIAMONDS SIX,0.227,0.0774,0.6956
HEARTS ACE DIAMONDS SEVEN,0.3724,0.0042,0.6234
DIAMONDS JACK DIAMONDS SIX,0.2526,0.0542,0.6932
HEARTS QUEEN DIAMONDS SEVEN,0.3702,0.009,0.6208
HEARTS KING DIAMONDS SEVEN,0.3742,0.0046,0.6212
DIAMONDS ACE DIAMONDS SIX,0.2454,0.02,0.7346
HEARTS FOUR DIAMONDS SIX,0.6504,0.1116,0.238
SPADES TWO HEARTS JACK,0.409,0.0184,0.5726
HEARTS FIVE DIAMONDS SIX,0.6162,0.114,0.2698
SPADES TWO HEARTS TEN,0.4174,0.0246,0.558
DIAMONDS QUEEN DIAMONDS SIX,0.2518,0.0408,0.7074
HEARTS TWO DIAMONDS SIX,0.6594,0.1074,0.2332
DIAMONDS KING DIAMONDS SIX,0.2482,0.0306,0.7212
HEARTS THREE DIAMONDS SIX,0.6508,0.1128,0.2364
HEARTS EIGHT DIAMONDS SIX,0.6378,0.1074,0.2548
HEARTS NINE DIAMONDS SIX,0.011,0.9714,0.0176
HEARTS SEVEN DIAMONDS SIX,0.6146,0.11,0.2754
HEARTS TEN DIAMONDS SEVEN,0.356,0.0252,0.6188
CLUBS TWO DIAMONDS SIX,0.6612,0.1094,0.2294
HEARTS JACK DIAMONDS SEVEN,0.3466,0.0146,0.6388
CLUBS THREE DIAMONDS SIX,0.6466,0.1138,0.2396
CLUBS SEVEN DIAMONDS SIX,0.6314,0.105,0.2636
CLUBS JACK DIAMONDS EIGHT,0.3538,0.0168,0.6294
CLUBS SIX DIAMONDS SIX,0.295,0.0654,0.6396
CLUBS TEN DIAMONDS EIGHT,0.3446,0.0236,0.6318
CLUBS FIVE DIAMONDS SIX,0.6288,0.108,0.2632
CLUBS FOUR DIAMONDS SIX,0.649,0.1094,0.2416
HEARTS ACE HEARTS JACK,0.3258,0.0048,0.6694
DIAMONDS EIGHT CLUBS ACE,0.3784,0.0042,0.6174
HEARTS QUEEN HEARTS JACK,0.314,0.011,0.675
DIAMONDS EIGHT CLUBS KING,0.3824,0.0072,0.6104
HEARTS KING HEARTS JACK,0.3294,0.0068,0.6638
DIAMONDS EIGHT CLUBS QUEEN,0.3674,0.0096,0.623
CLUBS EIGHT DIAMONDS SIX,0.673,0.0976,0.2294
SPADES TEN HEARTS KING,0.3428,0.0082,0.649
SPADES FIVE DIAMONDS SIX,0.6174,0.1088,0.2738
HEARTS ACE SPADES TWO,0.4012,0.0066,0.5922
SPADES JACK HEARTS KING,0.3428,0.0064,0.6508
SPADES FOUR DIAMONDS SIX,0.6432,0.1032,0.2536
SPADES THREE DIAMONDS SIX,0.6434,0.1136,0.243
HEARTS QUEEN SPADES TWO,0.4102,0.0138,0.576
SPADES ACE SPADES KING,0.3286,0.0048,0.6666
HEARTS KING SPADES TWO,0.4128,0.0082,0.579
SPADES TWO DIAMONDS SIX,0.6448,0.1196,0.2356
HEARTS TEN HEARTS EIGHT,0.3284,0.026,0.6456
SPADES NINE DIAMONDS SIX,0.023,0.9544,0.0226
HEARTS JACK HEARTS EIGHT,0.351,0.015,0.634
SPADES EIGHT DIAMONDS SIX,0.649,0.1032,0.2478
SPADES SEVEN DIAMONDS SIX,0.628,0.1,0.272
SPADES SIX DIAMONDS SIX,0.306,0.062,0.632
SPADES KING HEARTS KING,0.153,0.0162,0.8308
SPADES QUEEN HEARTS KING,0.3484,0.0048,0.6468
CLUBS ACE CLUBS KING,0.3236,0.0048,0.6716
SPADES ACE HEARTS KING,0.3256,0.0042,0.6702
SPADES ACE HEARTS JACK,0.3302,0.0028,0.667
SPADES QUEEN HEARTS JACK,0.3396,0.01,0.6504
SPADES KING HEARTS JACK,0.341,0.006,0.653
SPADES TEN DIAMONDS TEN,0.1638,0.037,0.7992
SPADES JACK DIAMONDS TEN,0.3264,0.0132,0.6604
SPADES ACE DIAMONDS TEN,0.3552,0.0022,0.6426
SPADES JACK HEARTS JACK,0.1592,0.029,0.8118
SPADES TEN HEARTS JACK,0.3188,0.0134,0.6678
SPADES QUEEN DIAMONDS TEN,0.3452,0.0104,0.6444
SPADES KING DIAMONDS TEN,0.3334,0.0046,0.662
SPADES NINE DIAMONDS SEVEN,0.216,0.2964,0.4876
SPADES EIGHT DIAMONDS SEVEN,0.549,0.0476,0.4034
SPADES SEVEN DIAMONDS SEVEN,0.289,0.0612,0.6498
SPADES SIX DIAMONDS SEVEN,0.6304,0.1032,0.2664
DIAMONDS KING DIAMONDS SEVEN,0.3676,0.0088,0.6236
HEARTS THREE DIAMONDS SEVEN,0.6306,0.041,0.3284
HEARTS KING DIAMONDS FIVE,0.3996,0.008,0.5924
DIAMONDS QUEEN DIAMONDS SEVEN,0.3534,0.0122,0.6344
HEARTS TWO DIAMONDS SEVEN,0.629,0.0452,0.3258
HEARTS QUEEN DIAMONDS FIVE,0.407,0.0116,0.5814
HEARTS FIVE DIAMONDS SEVEN,0.5976,0.0412,0.3612
DIAMONDS ACE DIAMONDS SEVEN,0.3422,0.0036,0.6542
HEARTS FOUR DIAMONDS SEVEN,0.6012,0.0404,0.3584
HEARTS ACE DIAMONDS FIVE,0.3948,0.0038,0.6014
HEARTS SEVEN DIAMONDS SEVEN,0.2678,0.061,0.6712
DIAMONDS SEVEN HEARTS NINE,0.2168,0.3,0.4832
HEARTS EIGHT DIAMONDS SEVEN,0.5472,0.043,0.4098
DIAMONDS JACK DIAMONDS SEVEN,0.3392,0.0162,0.6446
DIAMONDS FIVE HEARTS JACK,0.3992,0.0206,0.5802
DIAMONDS TEN DIAMONDS SEVEN,0.3468,0.0224,0.6308
HEARTS TEN DIAMONDS FIVE,0.4146,0.0274,0.558
SPADES KING CLUBS TWO,0.4264,0.0076,0.566
HEARTS KING CLUBS KING,0.1506,0.0136,0.8358
CLUBS EIGHT DIAMONDS SEVEN,0.5448,0.0416,0.4136
SPADES QUEEN CLUBS TWO,0.4238,0.0134,0.5628
HEARTS KING CLUBS QUEEN,0.334,0.0084,0.6576
CLUBS JACK SPADES TWO,0.4164,0.0176,0.566
SPADES ACE CLUBS TWO,0.4072,0.0052,0.5876
CLUBS TEN SPADES TWO,0.4118,0.031,0.5572
HEARTS KING CLUBS ACE,0.3348,0.0032,0.662
CLUBS SEVEN CLUBS SIX,0.6064,0.1054,0.2882
SPADES TWO CLUBS KING,0.4172,0.0088,0.574
SPADES TWO DIAMONDS SEVEN,0.6154,0.044,0.3406
CLUBS EIGHT CLUBS SIX,0.6168,0.109,0.2742
SPADES THREE DIAMONDS SEVEN,0.6152,0.0384,0.3464
SPADES TWO CLUBS QUEEN,0.4194,0.0142,0.5664
SPADES FOUR DIAMONDS SEVEN,0.5892,0.0446,0.3662
CLUBS JACK HEARTS KING,0.3322,0.007,0.6608
SPADES FIVE DIAMONDS SEVEN,0.5854,0.0442,0.3704
SPADES TWO CLUBS ACE,0.4008,0.0054,0.5938
CLUBS TEN HEARTS KING,0.327,0.008,0.665
CLUBS SIX SPADES TWO,0.6538,0.1138,0.2324
CLUBS SIX SPADES THREE,0.6528,0.1126,0.2346
CLUBS TWO DIAMONDS SEVEN,0.6432,0.0438,0.313
CLUBS SIX SPADES FOUR,0.6494,0.1092,0.2414
CLUBS THREE DIAMONDS SEVEN,0.6206,0.043,0.3364
CLUBS SIX SPADES FIVE,0.6292,0.1154,0.2554
CLUBS FOUR DIAMONDS SEVEN,0.6036,0.0444,0.352
CLUBS SIX SPADES SIX,0.2926,0.0616,0.6458
CLUBS FIVE DIAMONDS SEVEN,0.5988,0.0444,0.3568
CLUBS SIX SPADES SEVEN,0.6318,0.1026,0.2656
CLUBS SIX DIAMONDS SEVEN,0.6346,0.108,0.2574
CLUBS SIX SPADES EIGHT,0.648,0.1028,0.2492
SPADES JACK CLUBS TWO,0.4148,0.0204,0.5648
CLUBS SEVEN DIAMONDS SEVEN,0.268,0.0682,0.6638
SPADES NINE CLUBS SIX,0.0146,0.9744,0.011
SPADES TEN CLUBS TWO,0.4078,0.0288,0.5634
CLUBS TWO CLUBS QUEEN,0.4156,0.0136,0.5708
CLUBS TWO CLUBS KING,0.4016,0.0082,0.5902
CLUBS THREE DIAMONDS EIGHT,0.6286,0.0438,0.3276
CLUBS TWO CLUBS ACE,0.3974,0.0058,0.5968
CLUBS TWO DIAMONDS EIGHT,0.6308,0.0414,0.3278
HEARTS SEVEN DIAMONDS EIGHT,0.5408,0.0368,0.4224
DIAMONDS EIGHT HEARTS NINE,0.2264,0.2288,0.5448
CLUBS TEN CLUBS TWO,0.394,0.0286,0.5774
DIAMONDS EIGHT HEARTS EIGHT,0.2786,0.058,0.6634
CLUBS JACK CLUBS TWO,0.3928,0.0136,0.5936
CLUBS EIGHT DIAMONDS EIGHT,0.2774,0.0596,0.663
CLUBS FIVE DIAMONDS EIGHT,0.595,0.0398,0.3652
SPADES ACE SPADES THREE,0.38,0.0044,0.6156
CLUBS FOUR DIAMONDS EIGHT,0.6304,0.044,0.3256
CLUBS SEVEN DIAMONDS EIGHT,0.5622,0.0384,0.3994
SPADES QUEEN SPADES THREE,0.3794,0.0098,0.6108
CLUBS SIX DIAMONDS EIGHT,0.655,0.1068,0.2382
SPADES KING SPADES THREE,0.398,0.0068,0.5952
DIAMONDS QUEEN DIAMONDS EIGHT,0.3458,0.0088,0.6454
HEARTS TWO DIAMONDS EIGHT,0.6324,0.0432,0.3244
DIAMONDS KING DIAMONDS EIGHT,0.359,0.0086,0.6324
HEARTS THREE DIAMONDS EIGHT,0.626,0.0452,0.3288
DIAMONDS ACE DIAMONDS EIGHT,0.3538,0.0032,0.643
HEARTS FOUR DIAMONDS EIGHT,0.6198,0.0424,0.3378
HEARTS FIVE DIAMONDS EIGHT,0.6,0.0412,0.3588
DIAMONDS EIGHT DIAMONDS TEN,0.3314,0.0258,0.6428
DIAMONDS EIGHT DIAMONDS JACK,0.3252,0.014,0.6608
SPADES JACK SPADES THREE,0.394,0.017,0.589
SPADES TEN SPADES THREE,0.3856,0.0244,0.59
CLUBS FOUR HEARTS ACE,0.3954,0.0078,0.5968
CLUBS FOUR HEARTS QUEEN,0.4224,0.012,0.5656
CLUBS FOUR HEARTS KING,0.4192,0.0086,0.5722
CLUBS SIX HEARTS TEN,0.2494,0.079,0.6716
CLUBS SIX HEARTS JACK,0.2616,0.0648,0.6736
DIAMONDS EIGHT SPADES FOUR,0.6196,0.0416,0.3388
SPADES FIVE DIAMONDS EIGHT,0.5992,0.0432,0.3576
DIAMONDS EIGHT SPADES TWO,0.6086,0.0442,0.3472
DIAMONDS EIGHT SPADES THREE,0.6304,0.0442,0.3254
CLUBS FOUR HEARTS JACK,0.4194,0.0194,0.5612
SPADES EIGHT DIAMONDS EIGHT,0.2706,0.0618,0.6676
SPADES TEN DIAMONDS QUEEN,0.3296,0.0086,0.6618
SPADES TEN HEARTS TWO,0.4148,0.0284,0.5568
SPADES JACK HEARTS EIGHT,0.3496,0.0154,0.635
CLUBS FOUR HEARTS TEN,0.4162,0.0258,0.558
SPADES NINE DIAMONDS EIGHT,0.234,0.2178,0.5482
SPADES TEN HEARTS EIGHT,0.3438,0.0222,0.634
SPADES JACK HEARTS TWO,0.427,0.018,0.555
SPADES JACK DIAMONDS QUEEN,0.337,0.0082,0.6548
SPADES SIX DIAMONDS EIGHT,0.6448,0.1048,0.2504
SPADES SEVEN DIAMONDS EIGHT,0.5506,0.0392,0.4102
SPADES ACE HEARTS TWO,0.4166,0.0052,0.5782
SPADES ACE DIAMONDS QUEEN,0.3438,0.004,0.6522
SPADES ACE HEARTS EIGHT,0.3648,0.0044,0.6308
SPADES KING HEARTS EIGHT,0.3832,0.0066,0.6102
SPADES QUEEN HEARTS TWO,0.4214,0.0128,0.5658
SPADES QUEEN DIAMONDS QUEEN,0.172,0.0208,0.8072
SPADES KING DIAMONDS QUEEN,0.3448,0.0054,0.6498
SPADES KING HEARTS TWO,0.4272,0.0072,0.5656
SPADES QUEEN HEARTS EIGHT,0.3666,0.0106,0.6228
CLUBS TWO HEARTS TEN,0.4064,0.0292,0.5644
CLUBS TWO HEARTS JACK,0.4226,0.0194,0.558
SPADES SEVEN DIAMONDS NINE,0.2204,0.2978,0.4818
SPADES SIX DIAMONDS NINE,0.0218,0.9566,0.0216
SPADES NINE DIAMONDS NINE,0.1174,0.0706,0.812
SPADES EIGHT DIAMONDS NINE,0.2312,0.2286,0.5402
SPADES TEN CLUBS KING,0.3436,0.007,0.6494
DIAMONDS NINE SPADES THREE,0.4106,0.3742,0.2152
SPADES JACK CLUBS KING,0.3504,0.006,0.6436
DIAMONDS NINE SPADES TWO,0.41,0.3642,0.2258
DIAMONDS NINE SPADES FIVE,0.3936,0.37,0.2364
DIAMONDS NINE SPADES FOUR,0.4134,0.3664,0.2202
CLUBS EIGHT DIAMONDS NINE,0.236,0.2176,0.5464
CLUBS SIX DIAMONDS NINE,0.019,0.9684,0.0126
SPADES JACK CLUBS FOUR,0.4222,0.0174,0.5604
CLUBS SEVEN DIAMONDS NINE,0.2338,0.2914,0.4748
SPADES TEN CLUBS FOUR,0.418,0.031,0.551
CLUBS FOUR DIAMONDS NINE,0.4124,0.3676,0.22
CLUBS FIVE DIAMONDS NINE,0.3978,0.392,0.2102
DIAMONDS NINE CLUBS TWO,0.4104,0.3828,0.2068
CLUBS THREE DIAMONDS NINE,0.4116,0.3744,0.214
DIAMONDS NINE HEARTS EIGHT,0.222,0.2332,0.5448
DIAMONDS NINE HEARTS NINE,0.1108,0.0722,0.817
HEARTS SEVEN DIAMONDS NINE,0.22,0.3008,0.4792
DIAMONDS ACE DIAMONDS NINE,0.2376,0.0222,0.7402
HEARTS FOUR DIAMONDS NINE,0.4106,0.374,0.2154
HEARTS FIVE DIAMONDS NINE,0.3978,0.3806,0.2216
HEARTS ACE CLUBS TWO,0.404,0.006,0.59
SPADES ACE CLUBS FOUR,0.4194,0.0044,0.5762
DIAMONDS QUEEN DIAMONDS NINE,0.25,0.0446,0.7054
HEARTS TWO DIAMONDS NINE,0.4204,0.3856,0.194
CLUBS TWO HEARTS KING,0.4166,0.0096,0.5738
SPADES KING CLUBS FOUR,0.4274,0.0094,0.5632
DIAMONDS KING DIAMONDS NINE,0.2472,0.0318,0.721
HEARTS THREE DIAMONDS NINE,0.399,0.3794,0.2216
CLUBS TWO HEARTS QUEEN,0.421,0.0108,0.5682
SPADES QUEEN CLUBS FOUR,0.4212,0.0114,0.5674
DIAMONDS NINE DIAMONDS JACK,0.226,0.0546,0.7194
CLUBS EIGHT SPADES NINE,0.2294,0.2268,0.5438
DIAMONDS NINE DIAMONDS TEN,0.2288,0.065,0.7062
CLUBS EIGHT SPADES EIGHT,0.2896,0.0644,0.646
CLUBS EIGHT SPADES SEVEN,0.5542,0.0398,0.406
CLUBS EIGHT SPADES SIX,0.6506,0.1028,0.2466
CLUBS EIGHT SPADES FIVE,0.6034,0.0346,0.362
CLUBS EIGHT SPADES FOUR,0.6148,0.0466,0.3386
CLUBS EIGHT SPADES THREE,0.6294,0.0454,0.3252
CLUBS EIGHT SPADES TWO,0.6226,0.0434,0.334
HEARTS SEVEN DIAMONDS TEN,0.3498,0.0242,0.626
DIAMONDS TEN HEARTS EIGHT,0.342,0.0298,0.6282
CLUBS JACK CLUBS FOUR,0.3964,0.0158,0.5878
DIAMONDS TEN HEARTS NINE,0.227,0.0776,0.6954
CLUBS TEN CLUBS FOUR,0.3844,0.03,0.5856
CLUBS FOUR CLUBS KING,0.3938,0.0082,0.598
CLUBS FOUR CLUBS QUEEN,0.3942,0.0128,0.593
CLUBS TWO DIAMONDS TEN,0.4274,0.0296,0.543
CLUBS THREE DIAMONDS TEN,0.429,0.0302,0.5408
CLUBS FOUR CLUBS ACE,0.3968,0.0052,0.598
DIAMONDS JACK DIAMONDS TEN,0.3002,0.0126,0.6872
DIAMONDS QUEEN DIAMONDS TEN,0.3122,0.0132,0.6746
HEARTS TWO DIAMONDS TEN,0.415,0.0256,0.5594
DIAMONDS KING DIAMONDS TEN,0.3168,0.0088,0.6744
HEARTS THREE DIAMONDS TEN,0.4174,0.027,0.5556
DIAMONDS ACE DIAMONDS TEN,0.329,0.0028,0.6682
HEARTS FOUR DIAMONDS TEN,0.4082,0.0286,0.5632
CLUBS EIGHT HEARTS JACK,0.36,0.0144,0.6256
HEARTS FIVE DIAMONDS TEN,0.4132,0.0298,0.557
CLUBS EIGHT HEARTS TEN,0.342,0.0278,0.6302
CLUBS EIGHT HEARTS QUEEN,0.3636,0.0118,0.6246
CLUBS EIGHT HEARTS KING,0.3916,0.0066,0.6018
CLUBS EIGHT HEARTS ACE,0.385,0.0046,0.6104
CLUBS TEN HEARTS EIGHT,0.3496,0.0266,0.6238
CLUBS JACK HEARTS EIGHT,0.3484,0.0174,0.6342
HEARTS EIGHT CLUBS QUEEN,0.373,0.0098,0.6172
CLUBS KING HEARTS EIGHT,0.372,0.009,0.619
CLUBS ACE HEARTS EIGHT,0.3646,0.0032,0.6322
SPADES KING CLUBS KING,0.1618,0.0128,0.8254
SPADES QUEEN CLUBS KING,0.3308,0.0086,0.6606
SPADES ACE CLUBS KING,0.342,0.004,0.654
DIAMONDS ACE HEARTS TEN,0.3392,0.005,0.6558
HEARTS FOUR HEARTS TEN,0.3902,0.0308,0.579
DIAMONDS ACE HEARTS JACK,0.3432,0.0032,0.6536
HEARTS FOUR HEARTS JACK,0.383,0.0194,0.5976
SPADES KING CLUBS FIVE,0.4048,0.0078,0.5874
SPADES QUEEN CLUBS FIVE,0.4118,0.0114,0.5768
SPADES ACE CLUBS FIVE,0.3988,0.0036,0.5976
HEARTS SEVEN DIAMONDS JACK,0.356,0.0156,0.6284
DIAMONDS JACK HEARTS NINE,0.236,0.0634,0.7006
DIAMONDS JACK HEARTS EIGHT,0.3586,0.0146,0.6268
DIAMONDS KING DIAMONDS JACK,0.31,0.006,0.684
HEARTS THREE DIAMONDS JACK,0.4194,0.0216,0.559
SPADES ACE SPADES SIX,0.252,0.0252,0.7228
HEARTS ACE SPADES FOUR,0.4016,0.0048,0.5936
DIAMONDS QUEEN DIAMONDS JACK,0.3152,0.0108,0.674
HEARTS TWO DIAMONDS JACK,0.4238,0.0166,0.5596
HEARTS FIVE DIAMONDS JACK,0.4012,0.0172,0.5816
SPADES QUEEN SPADES SIX,0.2368,0.0482,0.715
SPADES FOUR HEARTS QUEEN,0.4068,0.0106,0.5826
DIAMONDS ACE DIAMONDS JACK,0.3286,0.0032,0.6682
HEARTS FOUR DIAMONDS JACK,0.4102,0.0214,0.5684
SPADES KING SPADES SIX,0.2532,0.0366,0.7102
SPADES FOUR HEARTS KING,0.4084,0.0102,0.5814
SPADES TEN SPADES SIX,0.2428,0.076,0.6812
SPADES JACK SPADES SIX,0.2416,0.0572,0.7012
SPADES FOUR DIAMONDS JACK,0.424,0.0138,0.5622
SPADES FIVE DIAMONDS JACK,0.4084,0.021,0.5706
DIAMONDS JACK SPADES TWO,0.4066,0.017,0.5764
DIAMONDS JACK SPADES THREE,0.411,0.0174,0.5716
SPADES ACE DIAMONDS THREE,0.405,0.0022,0.5928
SPADES QUEEN DIAMONDS THREE,0.4176,0.012,0.5704
CLUBS EIGHT DIAMONDS JACK,0.369,0.0156,0.6154
SPADES KING DIAMONDS THREE,0.4148,0.007,0.5782
CLUBS SIX DIAMONDS JACK,0.2686,0.0578,0.6736
CLUBS SEVEN DIAMONDS JACK,0.369,0.0146,0.6164
CLUBS FOUR DIAMONDS JACK,0.4156,0.018,0.5664
CLUBS FIVE DIAMONDS JACK,0.4056,0.0152,0.5792
CLUBS TWO DIAMONDS JACK,0.4276,0.0186,0.5538
CLUBS THREE DIAMONDS JACK,0.4114,0.0194,0.5692
SPADES TEN CLUBS FIVE,0.4084,0.0252,0.5664
SPADES JACK CLUBS FIVE,0.4068,0.0164,0.5768
SPADES JACK DIAMONDS THREE,0.4084,0.016,0.5756
CLUBS SEVEN CLUBS ACE,0.3316,0.0054,0.663
DIAMONDS THREE SPADES TEN,0.4154,0.0256,0.559
CLUBS SEVEN CLUBS QUEEN,0.3662,0.01,0.6238
CLUBS SEVEN CLUBS KING,0.3522,0.0066,0.6412
SPADES NINE DIAMONDS JACK,0.2464,0.0542,0.6994
CLUBS TEN CLUBS SEVEN,0.3442,0.029,0.6268
DIAMONDS ACE HEARTS ACE,0.157,0.0032,0.8398
HEARTS FOUR HEARTS ACE,0.3876,0.0054,0.607
SPADES EIGHT DIAMONDS JACK,0.355,0.0152,0.6298
CLUBS JACK CLUBS SEVEN,0.3444,0.0216,0.634
DIAMONDS ACE HEARTS KING,0.3404,0.005,0.6546
HEARTS FOUR HEARTS KING,0.4036,0.0064,0.59
SPADES SEVEN DIAMONDS JACK,0.3664,0.0156,0.618
DIAMONDS ACE HEARTS QUEEN,0.3554,0.0028,0.6418
HEARTS FOUR HEARTS QUEEN,0.3948,0.0132,0.592
SPADES SIX DIAMONDS JACK,0.2708,0.0558,0.6734
DIAMONDS TEN SPADES TWO,0.4196,0.0266,0.5538
SPADES THREE DIAMONDS TEN,0.414,0.0224,0.5636
SPADES FOUR DIAMONDS TEN,0.4166,0.024,0.5594
SPADES FIVE DIAMONDS TEN,0.4108,0.0242,0.565
SPADES SIX DIAMONDS TEN,0.2506,0.0722,0.6772
SPADES SEVEN DIAMONDS TEN,0.3628,0.022,0.6152
SPADES EIGHT DIAMONDS TEN,0.344,0.0268,0.6292
SPADES NINE DIAMONDS TEN,0.2494,0.0768,0.6738
CLUBS FOUR DIAMONDS TEN,0.4174,0.0256,0.557
CLUBS FIVE DIAMONDS TEN,0.4142,0.026,0.5598
CLUBS SIX DIAMONDS TEN,0.2492,0.0794,0.6714
CLUBS SEVEN DIAMONDS TEN,0.3572,0.0268,0.616
CLUBS EIGHT DIAMONDS TEN,0.3474,0.0234,0.6292
CLUBS JACK DIAMONDS THREE,0.4114,0.0194,0.5692
CLUBS TEN DIAMONDS THREE,0.4048,0.0292,0.566
DIAMONDS THREE CLUBS KING,0.4122,0.0068,0.581
DIAMONDS THREE CLUBS QUEEN,0.4174,0.0104,0.5722
DIAMONDS THREE CLUBS ACE,0.3934,0.003,0.6036
SPADES FOUR HEARTS JACK,0.4122,0.0148,0.573
SPADES FOUR HEARTS TEN,0.4172,0.0268,0.556
SPADES FIVE SPADES TWO,0.5778,0.041,0.3812
SPADES FOUR SPADES TWO,0.5644,0.0422,0.3934
SPADES THREE SPADES TWO,0.5802,0.0364,0.3834
SPADES NINE SPADES TWO,0.3922,0.3538,0.254
SPADES EIGHT SPADES TWO,0.5838,0.0408,0.3754
SPADES SEVEN SPADES TWO,0.5832,0.041,0.3758
SPADES SIX SPADES TWO,0.6024,0.1132,0.2844
DIAMONDS QUEEN CLUBS THREE,0.423,0.0114,0.5656
CLUBS THREE HEARTS TWO,0.6344,0.0458,0.3198
DIAMONDS QUEEN CLUBS TWO,0.418,0.012,0.57
HEARTS TWO CLUBS TWO,0.401,0.0786,0.5204
HEARTS SEVEN DIAMONDS QUEEN,0.3808,0.0128,0.6064
HEARTS SEVEN HEARTS TWO,0.5924,0.0438,0.3638
DIAMONDS QUEEN HEARTS NINE,0.252,0.0388,0.7092
HEARTS TWO HEARTS NINE,0.3842,0.3662,0.2496
DIAMONDS QUEEN HEARTS EIGHT,0.3728,0.0102,0.617
HEARTS TWO HEARTS EIGHT,0.5922,0.0422,0.3656
CLUBS EIGHT HEARTS TWO,0.6338,0.0428,0.3234
CLUBS EIGHT DIAMONDS QUEEN,0.3722,0.0092,0.6186
CLUBS FIVE DIAMONDS QUEEN,0.4076,0.0118,0.5806
CLUBS FIVE HEARTS TWO,0.6228,0.0456,0.3316
SPADES EIGHT HEARTS ACE,0.365,0.0028,0.6322
DIAMONDS QUEEN CLUBS FOUR,0.4226,0.0128,0.5646
HEARTS TWO CLUBS FOUR,0.629,0.0438,0.3272
CLUBS SEVEN DIAMONDS QUEEN,0.3824,0.011,0.6066
CLUBS SEVEN HEARTS TWO,0.6292,0.0414,0.3294
SPADES EIGHT HEARTS QUEEN,0.3738,0.0108,0.6154
CLUBS SIX DIAMONDS QUEEN,0.2662,0.0448,0.689
CLUBS SIX HEARTS TWO,0.6602,0.115,0.2248
SPADES EIGHT HEARTS KING,0.3868,0.0058,0.6074
HEARTS TWO SPADES SIX,0.6534,0.1224,0.2242
DIAMONDS QUEEN SPADES SIX,0.2754,0.0408,0.6838
HEARTS FOUR CLUBS QUEEN,0.4132,0.0136,0.5732
DIAMONDS ACE CLUBS QUEEN,0.3448,0.0032,0.652
DIAMONDS QUEEN SPADES SEVEN,0.3822,0.0096,0.6082
HEARTS TWO SPADES SEVEN,0.634,0.039,0.327
HEARTS FOUR CLUBS KING,0.424,0.006,0.57
DIAMONDS ACE CLUBS KING,0.3514,0.005,0.6436
DIAMONDS QUEEN SPADES EIGHT,0.3656,0.0082,0.6262
SPADES EIGHT HEARTS TWO,0.6246,0.0428,0.3326
HEARTS FOUR CLUBS ACE,0.4158,0.0052,0.579
DIAMONDS ACE CLUBS ACE,0.1536,0.0054,0.841
SPADES NINE DIAMONDS QUEEN,0.2554,0.0494,0.6952
SPADES NINE HEARTS TWO,0.4074,0.3782,0.2144
HEARTS TWO SPADES TWO,0.406,0.0778,0.5162
DIAMONDS QUEEN SPADES TWO,0.4138,0.01,0.5762
HEARTS TWO SPADES THREE,0.6266,0.047,0.3264
DIAMONDS QUEEN SPADES THREE,0.4158,0.0116,0.5726
HEARTS TWO SPADES FOUR,0.6186,0.0454,0.336
DIAMONDS QUEEN SPADES FOUR,0.4132,0.0108,0.576
CLUBS TEN HEARTS FOUR,0.41,0.0284,0.5616
CLUBS TEN DIAMONDS ACE,0.3402,0.0034,0.6564
HEARTS TWO SPADES FIVE,0.6354,0.0416,0.323
DIAMONDS QUEEN SPADES FIVE,0.41,0.0112,0.5788
HEARTS FOUR CLUBS JACK,0.4188,0.0184,0.5628
CLUBS JACK DIAMONDS ACE,0.3306,0.0032,0.6662
CLUBS FIVE CLUBS KING,0.3884,0.0088,0.6028
CLUBS FIVE CLUBS QUEEN,0.379,0.0118,0.6092
CLUBS FIVE CLUBS ACE,0.381,0.0046,0.6144
CLUBS JACK CLUBS FIVE,0.3916,0.016,0.5924
CLUBS TEN CLUBS FIVE,0.3912,0.0262,0.5826
SPADES KING CLUBS JACK,0.3352,0.0072,0.6576
CLUBS JACK SPADES QUEEN,0.33,0.0106,0.6594
SPADES ACE CLUBS JACK,0.3552,0.0032,0.6416
SPADES SIX CLUBS KING,0.26,0.0352,0.7048
SPADES SIX CLUBS QUEEN,0.2634,0.0514,0.6852
SPADES EIGHT HEARTS JACK,0.3518,0.0164,0.6318
SPADES SIX CLUBS ACE,0.2542,0.025,0.7208
SPADES EIGHT HEARTS TEN,0.3478,0.0222,0.63
CLUBS JACK SPADES SIX,0.2616,0.0566,0.6818
CLUBS TEN SPADES SIX,0.2416,0.0758,0.6826
CLUBS JACK SPADES TEN,0.3206,0.0144,0.665
CLUBS JACK SPADES JACK,0.165,0.0308,0.8042
SPADES QUEEN CLUBS SEVEN,0.3898,0.01,0.6002
SPADES KING CLUBS SEVEN,0.3844,0.0056,0.61
SPADES ACE CLUBS SEVEN,0.3822,0.0058,0.612
SPADES SIX HEARTS TEN,0.2454,0.0756,0.679
SPADES SIX HEARTS JACK,0.2628,0.055,0.6822
SPADES SIX HEARTS ACE,0.2652,0.023,0.7118
SPADES SIX HEARTS KING,0.2598,0.035,0.7052
SPADES SIX HEARTS QUEEN,0.2574,0.0492,0.6934
CLUBS SEVEN SPADES JACK,0.375,0.0174,0.6076
CLUBS SEVEN SPADES TEN,0.3448,0.0232,0.632
CLUBS JACK CLUBS ACE,0.3332,0.0044,0.6624
CLUBS JACK CLUBS QUEEN,0.3108,0.0068,0.6824
CLUBS JACK CLUBS KING,0.3286,0.0044,0.667
DIAMONDS THREE HEARTS ACE,0.389,0.0082,0.6028
DIAMONDS THREE HEARTS QUEEN,0.4126,0.0114,0.576
DIAMONDS THREE HEARTS KING,0.417,0.0078,0.5752
CLUBS FIVE HEARTS JACK,0.414,0.0204,0.5656
SPADES TEN DIAMONDS ACE,0.344,0.0024,0.6536
HEARTS FOUR SPADES TEN,0.422,0.0256,0.5524
CLUBS FIVE HEARTS TEN,0.3964,0.0282,0.5754
HEARTS FOUR SPADES JACK,0.4194,0.0164,0.5642
SPADES JACK DIAMONDS ACE,0.3502,0.0028,0.647
SPADES ACE HEARTS FOUR,0.4198,0.0044,0.5758
SPADES ACE DIAMONDS ACE,0.1566,0.0028,0.8406
CLUBS FIVE HEARTS ACE,0.3904,0.0064,0.6032
CLUBS FIVE HEARTS KING,0.4134,0.0092,0.5774
HEARTS FOUR SPADES QUEEN,0.4124,0.0092,0.5784
SPADES QUEEN DIAMONDS ACE,0.354,0.003,0.643
CLUBS JACK SPADES FOUR,0.3968,0.0188,0.5844
CLUBS FIVE HEARTS QUEEN,0.402,0.0142,0.5838
SPADES KING DIAMONDS ACE,0.3464,0.004,0.6496
HEARTS FOUR SPADES KING,0.4268,0.0076,0.5656
CLUBS TEN SPADES FOUR,0.4128,0.0248,0.5624
DIAMONDS QUEEN DIAMONDS ACE,0.323,0.0044,0.6726
HEARTS TWO DIAMONDS ACE,0.4174,0.005,0.5776
HEARTS FOUR DIAMONDS QUEEN,0.424,0.012,0.564
HEARTS FOUR HEARTS TWO,0.5982,0.0412,0.3606
DIAMONDS THREE HEARTS TEN,0.4172,0.0238,0.559
SPADES FOUR CLUBS KING,0.4058,0.0112,0.583
HEARTS FIVE DIAMONDS QUEEN,0.4218,0.009,0.5692
HEARTS FIVE HEARTS TWO,0.586,0.0422,0.3718
DIAMONDS THREE HEARTS JACK,0.4136,0.0208,0.5656
SPADES FOUR CLUBS QUEEN,0.4188,0.0114,0.5698
DIAMONDS QUEEN HEARTS TWO,0.4174,0.0108,0.5718
DIAMONDS KING DIAMONDS QUEEN,0.3244,0.0068,0.6688
DIAMONDS KING HEARTS TWO,0.4122,0.0088,0.579
HEARTS THREE DIAMONDS QUEEN,0.4252,0.0118,0.563
HEARTS THREE HEARTS TWO,0.5862,0.0492,0.3646
SPADES FOUR CLUBS ACE,0.397,0.006,0.597
HEARTS TWO CLUBS ACE,0.411,0.0068,0.5822
DIAMONDS QUEEN CLUBS ACE,0.3514,0.0012,0.6474
HEARTS TWO CLUBS QUEEN,0.415,0.012,0.573
DIAMONDS QUEEN CLUBS QUEEN,0.1562,0.019,0.8248
HEARTS TWO CLUBS KING,0.4146,0.009,0.5764
DIAMONDS QUEEN CLUBS KING,0.3502,0.0072,0.6426
SPADES EIGHT SPADES FIVE,0.5722,0.04,0.3878
CLUBS TEN HEARTS TWO,0.4272,0.0276,0.5452
CLUBS TEN DIAMONDS QUEEN,0.3298,0.0118,0.6584
SPADES NINE SPADES FIVE,0.3868,0.3456,0.2676
CLUBS JACK HEARTS TWO,0.4184,0.0184,0.5632
CLUBS JACK DIAMONDS QUEEN,0.3368,0.0108,0.6524
SPADES SIX SPADES FIVE,0.5748,0.1084,0.3168
SPADES SEVEN SPADES FIVE,0.5524,0.0382,0.4094
DIAMONDS FIVE CLUBS QUEEN,0.4148,0.0132,0.572
SPADES EIGHT CLUBS ACE,0.358,0.004,0.638
DIAMONDS FIVE CLUBS KING,0.3964,0.0076,0.596
SPADES EIGHT CLUBS KING,0.3782,0.006,0.6158
DIAMONDS FIVE CLUBS ACE,0.3954,0.003,0.6016
SPADES EIGHT CLUBS QUEEN,0.3686,0.0122,0.6192
CLUBS JACK SPADES EIGHT,0.354,0.0172,0.6288
CLUBS TEN SPADES EIGHT,0.3478,0.0234,0.6288
