opposingHand,winningChance,drawChance,lostChance
HEARTS SIX DIAMONDS QUEEN
CLUBS SEVEN SPADES EIGHT,0.5744,0.011,0.4146
HEARTS TWO HEARTS ACE,0.3822,0.0058,0.612
HEARTS SEVEN DIAMONDS FOUR,0.6166,0.014,0.3694
HEARTS FOUR HEARTS QUEEN,0.3788,0.3616,0.2596
CLUBS SIX DIAMONDS ACE,0.2222,0.031,0.7468
CLUBS EIGHT CLUBS SEVEN,0.528,0.0106,0.4614
HEARTS ACE DIAMONDS NINE,0.362,0.0038,0.6342
DIAMONDS THREE SPADES NINE,0.64,0.011,0.349
HEARTS THREE CLUBS FIVE,0.626,0.015,0.359
SPADES QUEEN CLUBS SIX,0.0232,0.9538,0.023
CLUBS EIGHT CLUBS TWO,0.5864,0.0092,0.4044
SPADES TEN DIAMONDS TEN,0.2978,0.0156,0.6866
DIAMONDS ACE CLUBS KING,0.3114,0.0034,0.6852
HEARTS ACE CLUBS QUEEN,0.2302,0.017,0.7528
CLUBS SIX HEARTS NINE,0.6708,0.0454,0.2838
CLUBS FIVE DIAMONDS TEN,0.63,0.0136,0.3564
HEARTS THREE SPADES EIGHT,0.6424,0.0112,0.3464
CLUBS TEN HEARTS TEN,0.285,0.014,0.701
CLUBS EIGHT SPADES TEN,0.56,0.0074,0.4326
SPADES NINE CLUBS TWO,0.6234,0.0118,0.3648
HEARTS SEVEN HEARTS NINE,0.537,0.0118,0.4512
SPADES THREE CLUBS QUEEN,0.402,0.3736,0.2244
SPADES FOUR HEARTS ACE,0.3834,0.006,0.6106
SPADES FOUR HEARTS NINE,0.6382,0.0136,0.3482
DIAMONDS TEN DIAMONDS NINE,0.5358,0.0084,0.4558
CLUBS JACK DIAMONDS KING,0.3374,0.005,0.6576
CLUBS TEN CLUBS NINE,0.5176,0.0074,0.475
DIAMONDS KING CLUBS TWO,0.4008,0.0072,0.592
SPADES THREE DIAMONDS SEVEN,0.6402,0.0134,0.3464
DIAMONDS KING HEARTS JACK,0.3368,0.0092,0.654
HEARTS SEVEN SPADES TWO,0.6254,0.0136,0.361
DIAMONDS KING HEARTS QUEEN,0.2322,0.0244,0.7434
SPADES TEN CLUBS QUEEN,0.2424,0.1172,0.6404
DIAMONDS TWO DIAMONDS JACK,0.608,0.01,0.382
CLUBS JACK SPADES NINE,0.564,0.0084,0.4276
DIAMONDS TWO SPADES JACK,0.6234,0.0086,0.368
SPADES JACK DIAMONDS ACE,0.3386,0.0048,0.6566
CLUBS EIGHT CLUBS ACE,0.3418,0.0042,0.654
CLUBS JACK HEARTS JACK,0.272,0.0102,0.7178
SPADES NINE SPADES FIVE,0.5826,0.0084,0.409
SPADES FOUR SPADES THREE,0.5722,0.0124,0.4154
HEARTS NINE DIAMONDS FOUR,0.628,0.0132,0.3588
SPADES KING DIAMONDS JACK,0.3494,0.0076,0.643
DIAMONDS ACE HEARTS QUEEN,0.229,0.0186,0.7524
CLUBS FIVE DIAMONDS JACK,0.6336,0.0116,0.3548
HEARTS FOUR CLUBS TWO,0.6298,0.0152,0.355
HEARTS EIGHT SPADES FIVE,0.6078,0.0122,0.38
SPADES ACE CLUBS QUEEN,0.2438,0.0158,0.7404
HEARTS TWO SPADES FIVE,0.6392,0.015,0.3458
CLUBS EIGHT HEARTS TWO,0.6354,0.0124,0.3522
HEARTS THREE DIAMONDS EIGHT,0.643,0.0132,0.3438
DIAMONDS JACK DIAMONDS SEVEN,0.5604,0.013,0.4266
CLUBS TEN HEARTS KING,0.3344,0.0066,0.659
HEARTS FOUR SPADES NINE,0.6294,0.0144,0.3562
DIAMONDS ACE CLUBS THREE,0.3894,0.0042,0.6064
CLUBS QUEEN DIAMONDS FOUR,0.3992,0.3884,0.2124
CLUBS TWO DIAMONDS TEN,0.6206,0.0152,0.3642
DIAMONDS ACE DIAMONDS FOUR,0.3742,0.0046,0.6212
HEARTS FIVE SPADES FIVE,0.4244,0.0248,0.5508
SPADES JACK SPADES TWO,0.5896,0.0108,0.3996
CLUBS TEN DIAMONDS SEVEN,0.5858,0.0128,0.4014
CLUBS SEVEN CLUBS ACE,0.3322,0.0032,0.6646
SPADES FOUR DIAMONDS SEVEN,0.6236,0.013,0.3634
HEARTS TWO SPADES FOUR,0.6486,0.0124,0.339
SPADES NINE DIAMONDS JACK,0.5662,0.0094,0.4244
SPADES EIGHT DIAMONDS JACK,0.5738,0.011,0.4152
SPADES SEVEN HEARTS TEN,0.5848,0.0116,0.4036
DIAMONDS TWO SPADES NINE,0.6298,0.0142,0.356
HEARTS EIGHT CLUBS ACE,0.3578,0.0028,0.6394
DIAMONDS TEN DIAMONDS FOUR,0.5954,0.0124,0.3922
DIAMONDS KING HEARTS KING,0.119,0.0058,0.8752
CLUBS EIGHT SPADES FIVE,0.6028,0.0098,0.3874
SPADES KING HEARTS JACK,0.344,0.005,0.651
SPADES JACK HEARTS TEN,0.5324,0.0072,0.4604
HEARTS SEVEN DIAMONDS TWO,0.636,0.014,0.35
DIAMONDS TWO HEARTS FOUR,0.6664,0.0112,0.3224
HEARTS SEVEN SPADES FIVE,0.6008,0.0106,0.3886
SPADES SIX DIAMONDS SIX,0.307,0.032,0.661
SPADES THREE HEARTS QUEEN,0.3864,0.3864,0.2272
CLUBS SEVEN CLUBS QUEEN,0.212,0.2838,0.5042
HEARTS TWO DIAMONDS KING,0.395,0.0072,0.5978
SPADES TEN DIAMONDS FIVE,0.626,0.0126,0.3614
CLUBS EIGHT DIAMONDS KING,0.3746,0.0082,0.6172
DIAMONDS EIGHT DIAMONDS SEVEN,0.5368,0.0132,0.45
DIAMONDS TEN HEARTS ACE,0.335,0.005,0.66
CLUBS NINE SPADES TWO,0.6294,0.0104,0.3602
SPADES KING SPADES SEVEN,0.3386,0.0084,0.653
HEARTS THREE HEARTS QUEEN,0.3912,0.3532,0.2556
SPADES ACE HEARTS TWO,0.3942,0.0048,0.601
HEARTS THREE CLUBS ACE,0.3956,0.0044,0.6
HEARTS EIGHT DIAMONDS SIX,0.678,0.0486,0.2734
CLUBS FIVE CLUBS ACE,0.365,0.005,0.63
CLUBS EIGHT CLUBS FIVE,0.5824,0.01,0.4076
DIAMONDS JACK HEARTS QUEEN,0.2418,0.085,0.6732
CLUBS SEVEN HEARTS ACE,0.3524,0.003,0.6446
SPADES THREE SPADES TWO,0.6,0.0138,0.3862
CLUBS EIGHT DIAMONDS SEVEN,0.5518,0.0136,0.4346
HEARTS TWO DIAMONDS FIVE,0.6402,0.0136,0.3462
DIAMONDS NINE HEARTS QUEEN,0.225,0.166,0.609
DIAMONDS KING DIAMONDS FOUR,0.3712,0.0072,0.6216
SPADES QUEEN CLUBS NINE,0.2338,0.168,0.5982
DIAMONDS TWO HEARTS NINE,0.6356,0.0138,0.3506
SPADES KING DIAMONDS EIGHT,0.362,0.0068,0.6312
HEARTS EIGHT CLUBS EIGHT,0.3088,0.022,0.6692
HEARTS FIVE HEARTS FOUR,0.5914,0.0146,0.394
HEARTS THREE SPADES NINE,0.6324,0.0114,0.3562
HEARTS FIVE DIAMONDS SEVEN,0.6064,0.0144,0.3792
SPADES KING SPADES TWO,0.3822,0.006,0.6118
SPADES TEN DIAMONDS FOUR,0.631,0.0112,0.3578
SPADES FOUR DIAMONDS FOUR,0.4166,0.0302,0.5532
DIAMONDS TEN CLUBS ACE,0.3502,0.0038,0.646
SPADES QUEEN DIAMONDS NINE,0.232,0.1646,0.6034
DIAMONDS TWO CLUBS SIX,0.7248,0.0524,0.2228
HEARTS EIGHT HEARTS THREE,0.6062,0.01,0.3838
DIAMONDS ACE HEARTS JACK,0.3316,0.0052,0.6632
DIAMONDS TEN DIAMONDS SEVEN,0.552,0.0114,0.4366
SPADES ACE DIAMONDS SEVEN,0.359,0.0036,0.6374
HEARTS THREE HEARTS TEN,0.5936,0.0116,0.3948
SPADES FIVE CLUBS TWO,0.6336,0.0122,0.3542
DIAMONDS JACK SPADES FIVE,0.6282,0.0098,0.362
DIAMONDS KING HEARTS TEN,0.3356,0.007,0.6574
SPADES JACK CLUBS TWO,0.628,0.0134,0.3586
HEARTS ACE HEARTS QUEEN,0.2156,0.018,0.7664
SPADES TEN DIAMONDS SEVEN,0.5734,0.0112,0.4154
SPADES QUEEN SPADES THREE,0.3776,0.3568,0.2656
SPADES QUEEN HEARTS TEN,0.2224,0.1226,0.655
DIAMONDS THREE CLUBS ACE,0.3918,0.007,0.6012
HEARTS THREE HEARTS JACK,0.5874,0.013,0.3996
CLUBS TEN DIAMONDS FIVE,0.6442,0.0126,0.3432
CLUBS FOUR SPADES TWO,0.6458,0.0104,0.3438
DIAMONDS ACE SPADES FIVE,0.377,0.0048,0.6182
HEARTS FOUR CLUBS KING,0.397,0.0058,0.5972
HEARTS FOUR DIAMONDS SEVEN,0.617,0.0152,0.3678
CLUBS SIX HEARTS QUEEN,0.0126,0.9674,0.02
CLUBS JACK SPADES KING,0.3526,0.005,0.6424
DIAMONDS JACK CLUBS ACE,0.3554,0.0024,0.6422
HEARTS SEVEN HEARTS THREE,0.6032,0.0118,0.385
DIAMONDS THREE HEARTS THREE,0.4334,0.0292,0.5374
SPADES KING HEARTS KING,0.1304,0.0032,0.8664
DIAMONDS THREE SPADES EIGHT,0.6434,0.012,0.3446
CLUBS SEVEN HEARTS QUEEN,0.2158,0.3032,0.481
CLUBS JACK HEARTS ACE,0.3466,0.0046,0.6488
HEARTS FOUR DIAMONDS SIX,0.6898,0.0466,0.2636
DIAMONDS TWO SPADES TWO,0.4346,0.0284,0.537
CLUBS TEN CLUBS QUEEN,0.224,0.1056,0.6704
SPADES KING DIAMONDS ACE,0.323,0.0038,0.6732
HEARTS FIVE HEARTS KING,0.3774,0.008,0.6146
SPADES EIGHT SPADES FIVE,0.5668,0.0088,0.4244
CLUBS JACK CLUBS NINE,0.5198,0.0078,0.4724
CLUBS SIX HEARTS JACK,0.7146,0.0498,0.2356
SPADES JACK DIAMONDS SEVEN,0.5814,0.011,0.4076
HEARTS FIVE SPADES FOUR,0.6178,0.0136,0.3686
SPADES KING HEARTS THREE,0.4002,0.0066,0.5932
HEARTS FOUR HEARTS KING,0.3838,0.007,0.6092
SPADES JACK SPADES FOUR,0.5798,0.0112,0.409
SPADES TEN SPADES FIVE,0.589,0.013,0.398
SPADES TEN CLUBS FIVE,0.6422,0.0088,0.349
DIAMONDS EIGHT DIAMONDS FIVE,0.5868,0.0124,0.4008
SPADES EIGHT SPADES THREE,0.5904,0.0104,0.3992
SPADES QUEEN CLUBS QUEEN,0.0928,0.0246,0.8826
DIAMONDS ACE SPADES TWO,0.3942,0.0048,0.601
SPADES TWO DIAMONDS FOUR,0.6408,0.016,0.3432
SPADES JACK SPADES TEN,0.504,0.0086,0.4874
SPADES KING CLUBS THREE,0.4136,0.0076,0.5788
DIAMONDS SIX CLUBS KING,0.2336,0.043,0.7234
CLUBS JACK DIAMONDS NINE,0.5748,0.0076,0.4176
CLUBS NINE HEARTS FIVE,0.622,0.011,0.367
CLUBS THREE HEARTS TEN,0.6334,0.0082,0.3584
SPADES ACE SPADES NINE,0.3484,0.0042,0.6474
CLUBS FOUR SPADES FIVE,0.6236,0.0104,0.366
SPADES JACK CLUBS FOUR,0.6384,0.0118,0.3498
CLUBS NINE CLUBS TWO,0.5846,0.0106,0.4048
CLUBS SIX CLUBS FIVE,0.625,0.0458,0.3292
CLUBS EIGHT HEARTS QUEEN,0.2192,0.2266,0.5542
DIAMONDS TWO HEARTS KING,0.3994,0.0088,0.5918
HEARTS SEVEN CLUBS ACE,0.355,0.0024,0.6426
HEARTS KING CLUBS ACE,0.3062,0.0042,0.6896
SPADES ACE SPADES FIVE,0.3602,0.0042,0.6356
HEARTS KING HEARTS QUEEN,0.214,0.0276,0.7584
SPADES KING DIAMONDS NINE,0.3672,0.007,0.6258
HEARTS TWO SPADES TWO,0.4332,0.03,0.5368
CLUBS FIVE SPADES TWO,0.6376,0.0138,0.3486
SPADES QUEEN DIAMONDS JACK,0.2406,0.0926,0.6668
DIAMONDS JACK DIAMONDS NINE,0.5304,0.0106,0.459
SPADES KING DIAMONDS SEVEN,0.3562,0.0058,0.638
SPADES JACK SPADES NINE,0.523,0.009,0.468
SPADES SIX DIAMONDS JACK,0.7368,0.0464,0.2168
CLUBS JACK CLUBS QUEEN,0.2168,0.0856,0.6976
SPADES NINE SPADES THREE,0.5984,0.0112,0.3904
CLUBS EIGHT SPADES THREE,0.6414,0.01,0.3486
CLUBS NINE DIAMONDS SEVEN,0.571,0.0146,0.4144
DIAMONDS TWO CLUBS THREE,0.643,0.0182,0.3388
SPADES JACK HEARTS JACK,0.2818,0.008,0.7102
CLUBS FIVE HEARTS TEN,0.6228,0.015,0.3622
CLUBS SIX SPADES EIGHT,0.6762,0.041,0.2828
SPADES JACK DIAMONDS JACK,0.2934,0.0084,0.6982
HEARTS FIVE DIAMONDS FOUR,0.6222,0.0144,0.3634
CLUBS NINE DIAMONDS FIVE,0.6096,0.0154,0.375
CLUBS FIVE DIAMONDS FIVE,0.4248,0.0254,0.5498
HEARTS FIVE SPADES TWO,0.6508,0.0158,0.3334
SPADES NINE CLUBS KING,0.3626,0.0066,0.6308
SPADES QUEEN CLUBS THREE,0.401,0.382,0.217
HEARTS THREE SPADES SIX,0.6888,0.051,0.2602
SPADES EIGHT SPADES TWO,0.5928,0.0126,0.3946
CLUBS JACK HEARTS TEN,0.5416,0.0102,0.4482
DIAMONDS ACE SPADES THREE,0.3904,0.005,0.6046
SPADES ACE DIAMONDS NINE,0.3614,0.0038,0.6348
CLUBS EIGHT SPADES SIX,0.6736,0.0444,0.282
SPADES NINE DIAMONDS ACE,0.3666,0.0036,0.6298
DIAMONDS THREE DIAMONDS FIVE,0.6036,0.0136,0.3828
CLUBS SEVEN SPADES THREE,0.6384,0.0128,0.3488
SPADES SEVEN DIAMONDS SIX,0.6654,0.042,0.2926
CLUBS THREE DIAMONDS SIX,0.6982,0.0548,0.247
SPADES FOUR CLUBS QUEEN,0.3854,0.3724,0.2422
DIAMONDS TWO CLUBS FIVE,0.647,0.0132,0.3398
CLUBS TWO CLUBS QUEEN,0.3606,0.354,0.2854
DIAMONDS SIX HEARTS NINE,0.6934,0.0514,0.2552
HEARTS SEVEN CLUBS SEVEN,0.3066,0.022,0.6714
HEARTS FIVE CLUBS FOUR,0.6224,0.0102,0.3674
DIAMONDS THREE DIAMONDS KING,0.3728,0.008,0.6192
CLUBS JACK CLUBS ACE,0.3382,0.0042,0.6576
CLUBS FIVE DIAMONDS KING,0.3918,0.0088,0.5994
DIAMONDS SEVEN DIAMONDS FOUR,0.5878,0.0142,0.398
CLUBS TEN SPADES FIVE,0.6312,0.0112,0.3576
HEARTS ACE DIAMONDS EIGHT,0.345,0.0046,0.6504
DIAMONDS EIGHT DIAMONDS SIX,0.6454,0.0414,0.3132
SPADES EIGHT HEARTS ACE,0.369,0.0046,0.6264
HEARTS THREE SPADES FIVE,0.6262,0.0138,0.36
SPADES FIVE HEARTS ACE,0.3788,0.0046,0.6166
CLUBS NINE HEARTS QUEEN,0.2326,0.1612,0.6062
DIAMONDS TWO DIAMONDS SEVEN,0.6088,0.0136,0.3776
SPADES KING CLUBS SIX,0.2328,0.038,0.7292
CLUBS NINE DIAMONDS JACK,0.5618,0.0102,0.428
SPADES EIGHT CLUBS FIVE,0.611,0.011,0.378
SPADES ACE HEARTS EIGHT,0.3646,0.0038,0.6316
HEARTS KING HEARTS NINE,0.3478,0.009,0.6432
SPADES ACE DIAMONDS FIVE,0.3998,0.0048,0.5954
HEARTS THREE DIAMONDS TEN,0.6368,0.0108,0.3524
SPADES KING HEARTS NINE,0.3496,0.0088,0.6416
DIAMONDS TWO HEARTS FIVE,0.637,0.0164,0.3466
SPADES JACK HEARTS QUEEN,0.2228,0.089,0.6882
CLUBS THREE SPADES FOUR,0.6282,0.013,0.3588
DIAMONDS TWO HEARTS QUEEN,0.395,0.3862,0.2188
DIAMONDS EIGHT HEARTS JACK,0.5682,0.0124,0.4194
SPADES NINE SPADES FOUR,0.5822,0.0124,0.4054
HEARTS SEVEN HEARTS TEN,0.5462,0.012,0.4418
SPADES NINE DIAMONDS FIVE,0.629,0.0088,0.3622
CLUBS EIGHT SPADES SEVEN,0.575,0.0122,0.4128
DIAMONDS KING SPADES FIVE,0.3898,0.006,0.6042
HEARTS TWO HEARTS TEN,0.5978,0.0116,0.3906
DIAMONDS TWO DIAMONDS FOUR,0.6192,0.0136,0.3672
SPADES SEVEN DIAMONDS KING,0.3546,0.0064,0.639
HEARTS SEVEN HEARTS KING,0.3236,0.0076,0.6688
SPADES NINE SPADES SEVEN,0.5346,0.0116,0.4538
SPADES ACE CLUBS KING,0.3182,0.0034,0.6784
CLUBS TWO HEARTS ACE,0.3882,0.0048,0.607
CLUBS NINE HEARTS KING,0.3484,0.0074,0.6442
CLUBS FOUR DIAMONDS NINE,0.6348,0.0136,0.3516
SPADES SIX DIAMONDS NINE,0.689,0.0462,0.2648
CLUBS JACK HEARTS KING,0.3308,0.0062,0.663
CLUBS SIX SPADES THREE,0.7024,0.0454,0.2522
CLUBS EIGHT SPADES FOUR,0.6158,0.0094,0.3748
CLUBS SEVEN DIAMONDS TEN,0.6008,0.0104,0.3888
SPADES QUEEN DIAMONDS SEVEN,0.2296,0.3102,0.4602
SPADES JACK DIAMONDS FIVE,0.6428,0.0096,0.3476
CLUBS FIVE DIAMONDS SEVEN,0.6048,0.0134,0.3818
DIAMONDS THREE DIAMONDS TEN,0.5932,0.0126,0.3942
HEARTS SEVEN CLUBS THREE,0.622,0.0108,0.3672
HEARTS EIGHT CLUBS SEVEN,0.564,0.013,0.423
CLUBS KING CLUBS QUEEN,0.2236,0.0284,0.748
SPADES FOUR DIAMONDS EIGHT,0.6288,0.0122,0.359
HEARTS EIGHT HEARTS QUEEN,0.2172,0.219,0.5638
SPADES TEN SPADES THREE,0.5876,0.0118,0.4006
CLUBS EIGHT DIAMONDS JACK,0.583,0.0106,0.4064
CLUBS SIX DIAMONDS FOUR,0.6814,0.0534,0.2652
DIAMONDS THREE SPADES JACK,0.631,0.011,0.358
SPADES EIGHT DIAMONDS SIX,0.674,0.0454,0.2806
SPADES SEVEN HEARTS QUEEN,0.2108,0.304,0.4852
CLUBS FOUR SPADES THREE,0.6288,0.012,0.3592
DIAMONDS ACE SPADES SEVEN,0.3534,0.0054,0.6412
CLUBS SIX SPADES FOUR,0.6762,0.0442,0.2796
CLUBS TEN DIAMONDS SIX,0.6988,0.049,0.2522
HEARTS KING DIAMONDS SEVEN,0.3774,0.0054,0.6172
CLUBS JACK SPADES TWO,0.6434,0.0076,0.349
SPADES EIGHT SPADES FOUR,0.5762,0.0116,0.4122
CLUBS TEN CLUBS FOUR,0.5812,0.0094,0.4094
DIAMONDS TWO CLUBS KING,0.4034,0.0088,0.5878
DIAMONDS KING CLUBS THREE,0.3912,0.0082,0.6006
DIAMONDS TWO CLUBS FOUR,0.6344,0.0132,0.3524
DIAMONDS EIGHT SPADES TWO,0.6412,0.0142,0.3446
SPADES ACE HEARTS FOUR,0.3884,0.0052,0.6064
CLUBS KING DIAMONDS FOUR,0.394,0.0064,0.5996
DIAMONDS THREE DIAMONDS FOUR,0.5836,0.0144,0.402
HEARTS EIGHT SPADES TWO,0.6386,0.0144,0.347
SPADES TEN CLUBS FOUR,0.6232,0.0106,0.3662
HEARTS SEVEN CLUBS NINE,0.5716,0.0096,0.4188
HEARTS SEVEN DIAMONDS FIVE,0.6114,0.0136,0.375
CLUBS JACK SPADES THREE,0.6284,0.012,0.3596
CLUBS SIX SPADES FIVE,0.663,0.0552,0.2818
DIAMONDS THREE CLUBS FOUR,0.6244,0.0136,0.362
HEARTS FIVE HEARTS NINE,0.5972,0.011,0.3918
SPADES KING HEARTS FOUR,0.4042,0.006,0.5898
HEARTS EIGHT HEARTS TWO,0.589,0.0106,0.4004
SPADES ACE HEARTS ACE,0.1278,0.004,0.8682
CLUBS FOUR DIAMONDS JACK,0.6328,0.01,0.3572
CLUBS SIX DIAMONDS SIX,0.292,0.0336,0.6744
SPADES KING DIAMONDS SIX,0.2284,0.042,0.7296
CLUBS ACE DIAMONDS FOUR,0.398,0.0042,0.5978
CLUBS JACK HEARTS QUEEN,0.2244,0.0912,0.6844
SPADES JACK HEARTS TWO,0.6324,0.0158,0.3518
HEARTS KING DIAMONDS FOUR,0.3914,0.0086,0.6
HEARTS THREE CLUBS KING,0.3994,0.007,0.5936
CLUBS ACE CLUBS QUEEN,0.2116,0.0152,0.7732
HEARTS JACK CLUBS QUEEN,0.242,0.0878,0.6702
CLUBS FOUR DIAMONDS FIVE,0.6214,0.0144,0.3642
HEARTS ACE SPADES TWO,0.3786,0.0052,0.6162
SPADES JACK SPADES SEVEN,0.5514,0.0108,0.4378
SPADES SIX HEARTS KING,0.2344,0.0452,0.7204
DIAMONDS TWO SPADES SIX,0.707,0.0578,0.2352
CLUBS SIX HEARTS TEN,0.7028,0.0434,0.2538
SPADES KING SPADES TEN,0.316,0.0052,0.6788
SPADES QUEEN HEARTS QUEEN,0.0824,0.0238,0.8938
SPADES SEVEN DIAMONDS TEN,0.5888,0.0118,0.3994
HEARTS SEVEN SPADES TEN,0.5802,0.0114,0.4084
SPADES NINE DIAMONDS SIX,0.6936,0.0474,0.259
CLUBS JACK SPADES FIVE,0.6172,0.0108,0.372
HEARTS FOUR HEARTS TWO,0.6146,0.014,0.3714
SPADES EIGHT DIAMONDS TEN,0.5686,0.0114,0.42
CLUBS TWO HEARTS NINE,0.6314,0.0126,0.356
DIAMONDS TWO SPADES THREE,0.6458,0.0126,0.3416
DIAMONDS SIX HEARTS TEN,0.7072,0.0508,0.242
SPADES FIVE SPADES THREE,0.5692,0.0112,0.4196
CLUBS ACE DIAMONDS SIX,0.2326,0.0284,0.739
CLUBS KING DIAMONDS FIVE,0.3852,0.0064,0.6084
HEARTS EIGHT DIAMONDS TEN,0.5598,0.011,0.4292
DIAMONDS ACE DIAMONDS SIX,0.2258,0.0306,0.7436
HEARTS EIGHT DIAMONDS FIVE,0.6166,0.0132,0.3702
HEARTS FOUR CLUBS FOUR,0.4222,0.0274,0.5504
DIAMONDS TWO DIAMONDS EIGHT,0.5934,0.0108,0.3958
SPADES ACE SPADES QUEEN,0.2202,0.0126,0.7672
DIAMONDS TWO SPADES SEVEN,0.641,0.0124,0.3466
HEARTS FOUR SPADES TEN,0.629,0.012,0.359
CLUBS TWO DIAMONDS SEVEN,0.6322,0.0148,0.353
HEARTS FOUR DIAMONDS KING,0.3896,0.0084,0.602
SPADES NINE CLUBS QUEEN,0.2304,0.1622,0.6074
SPADES SEVEN DIAMONDS SEVEN,0.3166,0.0228,0.6606
CLUBS SEVEN DIAMONDS NINE,0.5694,0.011,0.4196
DIAMONDS KING DIAMONDS SIX,0.227,0.0394,0.7336
CLUBS FOUR DIAMONDS FOUR,0.4246,0.0296,0.5458
DIAMONDS THREE DIAMONDS NINE,0.6038,0.0142,0.382
SPADES KING HEARTS QUEEN,0.2314,0.0256,0.743
HEARTS EIGHT CLUBS SIX,0.6874,0.044,0.2686
CLUBS FIVE DIAMONDS NINE,0.6172,0.0122,0.3706
CLUBS FOUR DIAMONDS SEVEN,0.6134,0.0108,0.3758
SPADES SEVEN DIAMONDS FIVE,0.6202,0.0138,0.366
CLUBS EIGHT CLUBS KING,0.3416,0.005,0.6534
HEARTS FIVE SPADES JACK,0.6276,0.0104,0.362
CLUBS NINE DIAMONDS TEN,0.5486,0.0078,0.4436
CLUBS EIGHT CLUBS SIX,0.6286,0.0436,0.3278
SPADES QUEEN DIAMONDS SIX,0.0184,0.9704,0.0112
CLUBS TEN SPADES SIX,0.6916,0.0408,0.2676
SPADES ACE CLUBS FIVE,0.3854,0.0042,0.6104
DIAMONDS JACK SPADES TWO,0.6348,0.0126,0.3526
CLUBS NINE HEARTS TEN,0.5508,0.0114,0.4378
HEARTS SEVEN HEARTS TWO,0.6116,0.01,0.3784
HEARTS JACK DIAMONDS SIX,0.7234,0.0476,0.229
HEARTS EIGHT SPADES EIGHT,0.3006,0.0162,0.6832
SPADES KING DIAMONDS TEN,0.3478,0.0078,0.6444
SPADES TEN SPADES TWO,0.6044,0.01,0.3856
CLUBS SEVEN SPADES NINE,0.5796,0.0102,0.4102
HEARTS SEVEN SPADES SEVEN,0.3202,0.024,0.6558
SPADES QUEEN HEARTS FOUR,0.406,0.373,0.221
CLUBS THREE SPADES FIVE,0.625,0.0122,0.3628
HEARTS TWO HEARTS QUEEN,0.3808,0.3568,0.2624
DIAMONDS THREE HEARTS NINE,0.624,0.0136,0.3624
SPADES TWO DIAMONDS SIX,0.7206,0.0538,0.2256
DIAMONDS TWO CLUBS SEVEN,0.6494,0.0152,0.3354
CLUBS FIVE HEARTS NINE,0.6312,0.011,0.3578
SPADES ACE DIAMONDS EIGHT,0.3614,0.0022,0.6364
DIAMONDS JACK SPADES FOUR,0.6156,0.0098,0.3746
CLUBS JACK SPADES FOUR,0.619,0.0118,0.3692
CLUBS TWO HEARTS TEN,0.6294,0.0102,0.3604
HEARTS SEVEN CLUBS KING,0.3684,0.0052,0.6264
DIAMONDS THREE HEARTS QUEEN,0.392,0.3892,0.2188
DIAMONDS NINE HEARTS KING,0.3518,0.008,0.6402
SPADES FIVE DIAMONDS NINE,0.6384,0.0112,0.3504
SPADES ACE SPADES TEN,0.315,0.0044,0.6806
SPADES EIGHT SPADES SEVEN,0.5304,0.0132,0.4564
DIAMONDS SEVEN CLUBS QUEEN,0.2244,0.304,0.4716
SPADES SIX HEARTS NINE,0.6862,0.045,0.2688
DIAMONDS EIGHT CLUBS QUEEN,0.2376,0.2174,0.545
SPADES JACK CLUBS SEVEN,0.5848,0.0112,0.404
DIAMONDS KING SPADES TWO,0.4016,0.0078,0.5906
DIAMONDS TEN HEARTS QUEEN,0.2232,0.1202,0.6566
SPADES ACE DIAMONDS FOUR,0.3954,0.0046,0.6
SPADES KING CLUBS KING,0.134,0.0022,0.8638
HEARTS FOUR SPADES FOUR,0.4294,0.0282,0.5424
HEARTS SEVEN DIAMONDS SIX,0.662,0.0466,0.2914
HEARTS FIVE CLUBS TWO,0.6486,0.0106,0.3408
SPADES QUEEN CLUBS SEVEN,0.2282,0.2974,0.4744
CLUBS JACK DIAMONDS EIGHT,0.5692,0.0096,0.4212
CLUBS TEN CLUBS EIGHT,0.533,0.0086,0.4584
CLUBS FOUR DIAMONDS SIX,0.6794,0.0496,0.271
SPADES EIGHT HEARTS TEN,0.5622,0.012,0.4258
DIAMONDS JACK DIAMONDS FOUR,0.5982,0.0116,0.3902
CLUBS THREE SPADES THREE,0.43,0.0272,0.5428
CLUBS SIX CLUBS THREE,0.6494,0.0526,0.298
SPADES KING SPADES QUEEN,0.2202,0.0264,0.7534
HEARTS FIVE HEARTS TWO,0.6158,0.0132,0.371
DIAMONDS NINE DIAMONDS SEVEN,0.5452,0.0122,0.4426
DIAMONDS JACK DIAMONDS EIGHT,0.5462,0.011,0.4428
SPADES EIGHT CLUBS KING,0.3676,0.005,0.6274
HEARTS THREE DIAMONDS KING,0.397,0.0064,0.5966
HEARTS EIGHT HEARTS ACE,0.3346,0.0046,0.6608
SPADES ACE CLUBS NINE,0.362,0.0038,0.6342
CLUBS FOUR HEARTS NINE,0.6322,0.0102,0.3576
CLUBS THREE DIAMONDS JACK,0.6374,0.0098,0.3528
SPADES QUEEN SPADES TEN,0.2204,0.1188,0.6608
SPADES SEVEN DIAMONDS NINE,0.575,0.0116,0.4134
CLUBS NINE HEARTS JACK,0.563,0.0116,0.4254
CLUBS NINE SPADES SEVEN,0.5716,0.0108,0.4176
SPADES SEVEN DIAMONDS JACK,0.5854,0.0082,0.4064
HEARTS SEVEN HEARTS QUEEN,0.2068,0.2966,0.4966
SPADES QUEEN SPADES FIVE,0.3662,0.3644,0.2694
HEARTS SEVEN CLUBS FIVE,0.6014,0.0108,0.3878
SPADES SEVEN SPADES FOUR,0.5694,0.0144,0.4162
CLUBS TEN HEARTS QUEEN,0.2232,0.1138,0.663
SPADES NINE HEARTS QUEEN,0.2224,0.1604,0.6172
SPADES SIX SPADES TWO,0.667,0.046,0.287
HEARTS EIGHT CLUBS QUEEN,0.219,0.2302,0.5508
SPADES KING DIAMONDS KING,0.1326,0.0028,0.8646
DIAMONDS THREE DIAMONDS TWO,0.608,0.0164,0.3756
SPADES NINE DIAMONDS FOUR,0.6376,0.012,0.3504
CLUBS NINE DIAMONDS KING,0.3414,0.0094,0.6492
DIAMONDS TWO DIAMONDS ACE,0.38,0.0072,0.6128
CLUBS TEN SPADES TWO,0.6468,0.0108,0.3424
DIAMONDS THREE DIAMONDS ACE,0.372,0.0046,0.6234
SPADES QUEEN CLUBS TWO,0.3888,0.3812,0.23
CLUBS TEN SPADES NINE,0.5444,0.0108,0.4448
DIAMONDS ACE DIAMONDS EIGHT,0.3482,0.0056,0.6462
CLUBS TWO CLUBS ACE,0.3634,0.0044,0.6322
SPADES JACK DIAMONDS TEN,0.5328,0.0084,0.4588
CLUBS QUEEN HEARTS NINE,0.2278,0.1592,0.613
SPADES KING CLUBS NINE,0.3552,0.005,0.6398
CLUBS SIX SPADES SEVEN,0.6458,0.0456,0.3086
CLUBS FOUR SPADES SIX,0.6778,0.0514,0.2708
CLUBS FIVE CLUBS KING,0.357,0.0074,0.6356
CLUBS JACK DIAMONDS TWO,0.638,0.0158,0.3462
HEARTS QUEEN DIAMONDS SIX,0.0094,0.9816,0.009
SPADES NINE HEARTS JACK,0.5478,0.0098,0.4424
SPADES KING SPADES THREE,0.3718,0.0084,0.6198
CLUBS TEN HEARTS FOUR,0.6212,0.0122,0.3666
DIAMONDS TWO DIAMONDS TEN,0.6044,0.014,0.3816
SPADES TEN SPADES SIX,0.6666,0.0432,0.2902
HEARTS FOUR HEARTS JACK,0.5932,0.0134,0.3934
DIAMONDS ACE SPADES FOUR,0.3872,0.0054,0.6074
CLUBS TEN DIAMONDS TEN,0.2874,0.0128,0.6998
DIAMONDS ACE HEARTS NINE,0.3574,0.0052,0.6374
SPADES EIGHT DIAMONDS EIGHT,0.3204,0.02,0.6596
SPADES KING HEARTS FIVE,0.393,0.0076,0.5994
SPADES TWO HEARTS JACK,0.6274,0.0128,0.3598
SPADES TEN HEARTS NINE,0.5474,0.0118,0.4408
HEARTS KING DIAMONDS SIX,0.237,0.0442,0.7188
DIAMONDS ACE DIAMONDS NINE,0.3472,0.0052,0.6476
SPADES JACK HEARTS ACE,0.3482,0.0042,0.6476
HEARTS EIGHT SPADES QUEEN,0.2232,0.223,0.5538
HEARTS FOUR CLUBS QUEEN,0.3878,0.3908,0.2214
SPADES EIGHT CLUBS THREE,0.6394,0.0136,0.347
SPADES FIVE DIAMONDS TEN,0.6302,0.0116,0.3582
HEARTS FOUR SPADES SEVEN,0.6126,0.0152,0.3722
DIAMONDS THREE DIAMONDS SEVEN,0.5992,0.0124,0.3884
HEARTS FIVE DIAMONDS SIX,0.67,0.0482,0.2818
SPADES KING DIAMONDS FIVE,0.3846,0.0068,0.6086
HEARTS FOUR DIAMONDS FIVE,0.6256,0.014,0.3604
SPADES ACE SPADES FOUR,0.3542,0.0036,0.6422
HEARTS EIGHT CLUBS TEN,0.5734,0.0092,0.4174
SPADES ACE DIAMONDS TEN,0.3608,0.0034,0.6358
HEARTS FOUR HEARTS TEN,0.5802,0.0148,0.405
DIAMONDS SEVEN HEARTS TEN,0.5836,0.0136,0.4028
CLUBS EIGHT DIAMONDS FIVE,0.619,0.0102,0.3708
DIAMONDS TWO DIAMONDS FIVE,0.6234,0.015,0.3616
DIAMONDS TWO CLUBS ACE,0.3966,0.004,0.5994
SPADES TEN CLUBS ACE,0.3538,0.0032,0.643
CLUBS FIVE CLUBS TWO,0.5912,0.0122,0.3966
SPADES TEN CLUBS SIX,0.6974,0.0424,0.2602
DIAMONDS THREE DIAMONDS EIGHT,0.603,0.0144,0.3826
SPADES QUEEN HEARTS KING,0.2258,0.0292,0.745
SPADES ACE SPADES JACK,0.3386,0.0038,0.6576
SPADES KING CLUBS EIGHT,0.3656,0.0072,0.6272
HEARTS THREE SPADES FOUR,0.627,0.0118,0.3612
DIAMONDS JACK DIAMONDS FIVE,0.61,0.0116,0.3784
DIAMONDS TWO HEARTS TEN,0.6382,0.0094,0.3524
HEARTS KING CLUBS QUEEN,0.2246,0.0242,0.7512
SPADES TEN HEARTS TWO,0.6186,0.0136,0.3678
SPADES ACE CLUBS TWO,0.414,0.0042,0.5818
DIAMONDS NINE SPADES TWO,0.63,0.0112,0.3588
HEARTS FOUR CLUBS ACE,0.4038,0.004,0.5922
SPADES NINE SPADES EIGHT,0.5168,0.0094,0.4738
HEARTS SEVEN DIAMONDS JACK,0.58,0.0142,0.4058
CLUBS NINE CLUBS SEVEN,0.5394,0.01,0.4506
DIAMONDS ACE CLUBS QUEEN,0.2214,0.017,0.7616
HEARTS TEN HEARTS NINE,0.5202,0.0116,0.4682
DIAMONDS KING DIAMONDS NINE,0.3488,0.0076,0.6436
DIAMONDS TWO CLUBS QUEEN,0.4084,0.3694,0.2222
CLUBS NINE SPADES THREE,0.6266,0.0112,0.3622
SPADES EIGHT SPADES SIX,0.6282,0.0404,0.3314
HEARTS FIVE DIAMONDS NINE,0.6362,0.0114,0.3524
SPADES ACE SPADES EIGHT,0.3358,0.0042,0.66
DIAMONDS ACE CLUBS FOUR,0.3898,0.0048,0.6054
SPADES THREE HEARTS JACK,0.613,0.0108,0.3762
DIAMONDS TEN HEARTS JACK,0.5214,0.0098,0.4688
DIAMONDS THREE CLUBS EIGHT,0.6426,0.0094,0.348
CLUBS TWO HEARTS KING,0.3942,0.0066,0.5992
CLUBS SEVEN CLUBS TWO,0.6006,0.0108,0.3886
HEARTS QUEEN HEARTS TEN,0.2264,0.1162,0.6574
CLUBS SEVEN DIAMONDS FIVE,0.6076,0.0116,0.3808
DIAMONDS TWO SPADES TEN,0.642,0.014,0.344
CLUBS THREE CLUBS ACE,0.3736,0.0044,0.622
CLUBS NINE HEARTS FOUR,0.6384,0.0114,0.3502
CLUBS SEVEN SPADES SEVEN,0.3192,0.0242,0.6566
CLUBS SIX HEARTS KING,0.2268,0.0408,0.7324
CLUBS JACK DIAMONDS FIVE,0.6426,0.0108,0.3466
DIAMONDS JACK HEARTS KING,0.3258,0.008,0.6662
HEARTS THREE HEARTS KING,0.3852,0.0086,0.6062
CLUBS NINE CLUBS SIX,0.6496,0.0444,0.306
CLUBS FIVE DIAMONDS ACE,0.3786,0.0058,0.6156
HEARTS EIGHT CLUBS KING,0.3544,0.0074,0.6382
HEARTS EIGHT DIAMONDS JACK,0.5762,0.0126,0.4112
CLUBS NINE HEARTS NINE,0.3052,0.0152,0.6796
CLUBS JACK SPADES EIGHT,0.5702,0.0092,0.4206
CLUBS JACK SPADES JACK,0.278,0.0086,0.7134
HEARTS ACE HEARTS KING,0.3058,0.005,0.6892
HEARTS TEN CLUBS QUEEN,0.2218,0.1182,0.66
CLUBS JACK CLUBS THREE,0.5928,0.012,0.3952
SPADES QUEEN SPADES JACK,0.223,0.0918,0.6852
CLUBS TEN HEARTS THREE,0.6332,0.011,0.3558
DIAMONDS ACE HEARTS ACE,0.116,0.0056,0.8784
HEARTS FOUR DIAMONDS NINE,0.6314,0.0146,0.354
HEARTS ACE SPADES THREE,0.3834,0.0064,0.6102
HEARTS KING HEARTS TEN,0.3276,0.0056,0.6668
SPADES ACE CLUBS TEN,0.3474,0.0046,0.648
HEARTS FIVE SPADES EIGHT,0.6158,0.0118,0.3724
CLUBS FOUR DIAMONDS EIGHT,0.6144,0.0136,0.372
CLUBS SEVEN SPADES SIX,0.6456,0.0474,0.307
DIAMONDS TEN SPADES TWO,0.623,0.0136,0.3634
SPADES ACE SPADES KING,0.2886,0.004,0.7074
SPADES QUEEN HEARTS THREE,0.406,0.3756,0.2184
CLUBS SEVEN HEARTS TEN,0.5874,0.0094,0.4032
SPADES THREE HEARTS TEN,0.6312,0.0088,0.36
SPADES TWO CLUBS KING,0.407,0.0068,0.5862
DIAMONDS TEN SPADES THREE,0.6284,0.0136,0.358
DIAMONDS THREE SPADES FOUR,0.6246,0.015,0.3604
CLUBS THREE HEARTS JACK,0.6158,0.0134,0.3708
DIAMONDS THREE HEARTS TEN,0.6292,0.0106,0.3602
DIAMONDS EIGHT HEARTS TEN,0.5762,0.0132,0.4106
SPADES JACK DIAMONDS KING,0.3392,0.0062,0.6546
CLUBS NINE HEARTS THREE,0.63,0.0098,0.3602
SPADES SEVEN CLUBS ACE,0.3574,0.0046,0.638
CLUBS TEN SPADES THREE,0.631,0.0118,0.3572
CLUBS EIGHT SPADES EIGHT,0.3166,0.0202,0.6632
DIAMONDS NINE DIAMONDS SIX,0.6664,0.0486,0.285
SPADES NINE SPADES SIX,0.6492,0.0474,0.3034
DIAMONDS NINE DIAMONDS FIVE,0.5964,0.012,0.3916
CLUBS TEN HEARTS TWO,0.641,0.0114,0.3476
DIAMONDS THREE SPADES THREE,0.4318,0.0298,0.5384
SPADES NINE DIAMONDS NINE,0.3144,0.016,0.6696
DIAMONDS TEN SPADES FOUR,0.6328,0.0134,0.3538
CLUBS TEN SPADES QUEEN,0.2326,0.1222,0.6452
HEARTS EIGHT CLUBS NINE,0.5478,0.0116,0.4406
CLUBS JACK SPADES QUEEN,0.2378,0.0862,0.676
SPADES NINE DIAMONDS KING,0.3588,0.005,0.6362
HEARTS SEVEN CLUBS TWO,0.6242,0.0144,0.3614
SPADES TEN HEARTS THREE,0.6212,0.008,0.3708
HEARTS FIVE DIAMONDS JACK,0.6298,0.0118,0.3584
SPADES ACE HEARTS FIVE,0.391,0.0038,0.6052
CLUBS NINE DIAMONDS FOUR,0.641,0.0106,0.3484
CLUBS SIX SPADES SIX,0.289,0.0408,0.6702
CLUBS TEN CLUBS KING,0.3204,0.0048,0.6748
CLUBS NINE DIAMONDS ACE,0.3552,0.0042,0.6406
CLUBS SEVEN CLUBS THREE,0.5868,0.0118,0.4014
CLUBS JACK DIAMONDS TEN,0.5442,0.0084,0.4474
SPADES SIX SPADES THREE,0.6554,0.05,0.2946
CLUBS SEVEN DIAMONDS SEVEN,0.32,0.0242,0.6558
SPADES TEN CLUBS KING,0.3594,0.0056,0.635
HEARTS JACK HEARTS TEN,0.5138,0.0094,0.4768
CLUBS EIGHT SPADES NINE,0.5526,0.009,0.4384
HEARTS EIGHT HEARTS NINE,0.5176,0.0118,0.4706
CLUBS SIX HEARTS TWO,0.7114,0.0542,0.2344
CLUBS THREE DIAMONDS FIVE,0.6388,0.011,0.3502
DIAMONDS ACE DIAMONDS SEVEN,0.3428,0.0034,0.6538
CLUBS SEVEN DIAMONDS JACK,0.591,0.0106,0.3984
SPADES EIGHT DIAMONDS NINE,0.5684,0.0102,0.4214
SPADES JACK CLUBS KING,0.348,0.0046,0.6474
SPADES TWO CLUBS QUEEN,0.394,0.3814,0.2246
CLUBS EIGHT CLUBS FOUR,0.5836,0.0126,0.4038
CLUBS EIGHT HEARTS JACK,0.582,0.0092,0.4088
SPADES NINE HEARTS TWO,0.6368,0.0126,0.3506
SPADES KING CLUBS SEVEN,0.3592,0.0056,0.6352
SPADES QUEEN SPADES SIX,0.0222,0.9028,0.075
SPADES SEVEN CLUBS THREE,0.6224,0.0134,0.3642
SPADES ACE CLUBS FOUR,0.3876,0.0052,0.6072
CLUBS THREE DIAMONDS EIGHT,0.64,0.0132,0.3468
HEARTS FOUR SPADES SIX,0.6778,0.0528,0.2694
HEARTS EIGHT DIAMONDS KING,0.3572,0.0068,0.636
HEARTS FOUR HEARTS ACE,0.3722,0.009,0.6188
HEARTS THREE DIAMONDS ACE,0.381,0.0048,0.6142
CLUBS FIVE CLUBS QUEEN,0.3666,0.3558,0.2776
CLUBS NINE CLUBS FOUR,0.5852,0.0108,0.404
SPADES EIGHT CLUBS ACE,0.365,0.0024,0.6326
SPADES SIX HEARTS ACE,0.2182,0.034,0.7478
HEARTS FIVE DIAMONDS ACE,0.3748,0.0044,0.6208
HEARTS THREE HEARTS TWO,0.6184,0.0128,0.3688
HEARTS THREE SPADES SEVEN,0.6296,0.011,0.3594
SPADES SEVEN DIAMONDS EIGHT,0.5636,0.0116,0.4248
SPADES QUEEN SPADES SEVEN,0.2138,0.277,0.5092
HEARTS THREE CLUBS QUEEN,0.403,0.3814,0.2156
HEARTS SEVEN DIAMONDS NINE,0.5722,0.013,0.4148
SPADES KING DIAMONDS TWO,0.4006,0.0074,0.592
HEARTS EIGHT HEARTS FIVE,0.5718,0.0132,0.415
DIAMONDS KING CLUBS QUEEN,0.2416,0.0276,0.7308
SPADES NINE HEARTS ACE,0.3614,0.0034,0.6352
SPADES FIVE DIAMONDS FOUR,0.6174,0.0132,0.3694
CLUBS TEN HEARTS JACK,0.532,0.0118,0.4562
DIAMONDS JACK HEARTS TEN,0.533,0.0114,0.4556
SPADES ACE DIAMONDS JACK,0.352,0.0042,0.6438
HEARTS QUEEN CLUBS ACE,0.2266,0.017,0.7564
SPADES JACK SPADES FIVE,0.6006,0.012,0.3874
CLUBS JACK HEARTS NINE,0.5626,0.0086,0.4288
SPADES KING CLUBS TEN,0.3464,0.0034,0.6502
CLUBS NINE SPADES JACK,0.5598,0.0076,0.4326
SPADES SEVEN CLUBS QUEEN,0.2202,0.3018,0.478
HEARTS FIVE CLUBS KING,0.3906,0.0066,0.6028
HEARTS TWO DIAMONDS FOUR,0.6454,0.0146,0.34
DIAMONDS THREE SPADES TEN,0.641,0.0112,0.3478
CLUBS THREE CLUBS TWO,0.5908,0.012,0.3972
HEARTS EIGHT SPADES FOUR,0.6158,0.0142,0.37
CLUBS SEVEN DIAMONDS FOUR,0.613,0.013,0.374
SPADES EIGHT CLUBS FOUR,0.6264,0.0116,0.362
DIAMONDS TWO SPADES QUEEN,0.3902,0.3902,0.2196
HEARTS SEVEN DIAMONDS ACE,0.3576,0.003,0.6394
DIAMONDS SEVEN DIAMONDS SIX,0.635,0.0432,0.3218
CLUBS TWO DIAMONDS FOUR,0.635,0.0154,0.3496
SPADES TEN SPADES SEVEN,0.5416,0.0092,0.4492
HEARTS FIVE CLUBS SEVEN,0.6054,0.0132,0.3814
SPADES QUEEN CLUBS EIGHT,0.2254,0.2144,0.5602
CLUBS FOUR HEARTS JACK,0.6256,0.011,0.3634
HEARTS JACK DIAMONDS FIVE,0.6178,0.0114,0.3708
SPADES QUEEN CLUBS ACE,0.2436,0.0172,0.7392
CLUBS NINE SPADES NINE,0.295,0.0172,0.6878
SPADES ACE CLUBS SEVEN,0.3584,0.0018,0.6398
SPADES ACE DIAMONDS ACE,0.1208,0.0036,0.8756
HEARTS SEVEN HEARTS FOUR,0.5722,0.0136,0.4142
DIAMONDS NINE SPADES THREE,0.6238,0.0118,0.3644
HEARTS EIGHT CLUBS FOUR,0.612,0.0124,0.3756
HEARTS EIGHT DIAMONDS TWO,0.6322,0.014,0.3538
SPADES FIVE CLUBS QUEEN,0.3962,0.3834,0.2204
CLUBS SEVEN HEARTS JACK,0.5728,0.011,0.4162
DIAMONDS EIGHT HEARTS QUEEN,0.216,0.2298,0.5542
HEARTS TWO SPADES SEVEN,0.641,0.0124,0.3466
HEARTS TWO DIAMONDS SEVEN,0.6496,0.0114,0.339
SPADES EIGHT HEARTS NINE,0.5532,0.0104,0.4364
SPADES SIX DIAMONDS FOUR,0.6754,0.0472,0.2774
CLUBS TEN DIAMONDS NINE,0.5444,0.0106,0.445
SPADES JACK SPADES SIX,0.6726,0.0456,0.2818
SPADES FIVE DIAMONDS SIX,0.6752,0.0532,0.2716
DIAMONDS KING SPADES THREE,0.4058,0.0064,0.5878
HEARTS THREE DIAMONDS SIX,0.7088,0.057,0.2342
CLUBS TEN HEARTS ACE,0.3416,0.0056,0.6528
CLUBS FIVE CLUBS THREE,0.584,0.0138,0.4022
HEARTS FOUR DIAMONDS EIGHT,0.6354,0.0166,0.348
SPADES ACE HEARTS THREE,0.404,0.0042,0.5918
CLUBS NINE SPADES TEN,0.5498,0.0086,0.4416
HEARTS QUEEN CLUBS KING,0.2238,0.0288,0.7474
SPADES ACE DIAMONDS KING,0.3172,0.0048,0.678
CLUBS JACK CLUBS TEN,0.5076,0.0082,0.4842
DIAMONDS SEVEN HEARTS JACK,0.5884,0.0112,0.4004
DIAMONDS SIX DIAMONDS FOUR,0.652,0.0526,0.2954
HEARTS TWO HEARTS KING,0.3958,0.0072,0.597
SPADES TEN SPADES EIGHT,0.54,0.0116,0.4484
DIAMONDS THREE HEARTS SEVEN,0.6152,0.0152,0.3696
HEARTS FIVE CLUBS ACE,0.3872,0.0038,0.609
CLUBS NINE SPADES SIX,0.689,0.0386,0.2724
SPADES SIX CLUBS QUEEN,0.0232,0.9572,0.0196
HEARTS TEN DIAMONDS FOUR,0.629,0.0118,0.3592
HEARTS SEVEN SPADES QUEEN,0.2222,0.295,0.4828
CLUBS SIX CLUBS KING,0.2212,0.0398,0.739
SPADES ACE CLUBS THREE,0.3994,0.0048,0.5958
DIAMONDS THREE SPADES TWO,0.6408,0.0138,0.3454
DIAMONDS THREE HEARTS FIVE,0.6308,0.0176,0.3516
CLUBS FOUR CLUBS QUEEN,0.3756,0.364,0.2604
CLUBS SEVEN HEARTS NINE,0.578,0.012,0.41
CLUBS TEN CLUBS ACE,0.32,0.0044,0.6756
CLUBS FOUR HEARTS QUEEN,0.3924,0.392,0.2156
CLUBS TWO DIAMONDS SIX,0.703,0.055,0.242
HEARTS TWO HEARTS JACK,0.603,0.013,0.384
CLUBS SEVEN CLUBS KING,0.3394,0.0064,0.6542
DIAMONDS THREE SPADES FIVE,0.624,0.0118,0.3642
CLUBS NINE HEARTS ACE,0.345,0.004,0.651
CLUBS JACK HEARTS FIVE,0.6336,0.0106,0.3558
DIAMONDS ACE DIAMONDS JACK,0.3348,0.0032,0.662
DIAMONDS THREE HEARTS JACK,0.6386,0.0116,0.3498
SPADES QUEEN DIAMONDS ACE,0.2286,0.017,0.7544
HEARTS TWO DIAMONDS SIX,0.7306,0.0544,0.215
CLUBS SIX DIAMONDS EIGHT,0.685,0.0418,0.2732
SPADES TEN DIAMONDS EIGHT,0.553,0.0106,0.4364
SPADES JACK CLUBS EIGHT,0.5872,0.0068,0.406
SPADES JACK CLUBS THREE,0.6228,0.0102,0.367
SPADES ACE CLUBS EIGHT,0.358,0.0038,0.6382
CLUBS TEN DIAMONDS JACK,0.5538,0.0092,0.437
CLUBS SEVEN DIAMONDS EIGHT,0.5666,0.0126,0.4208
SPADES FOUR HEARTS JACK,0.625,0.0108,0.3642
SPADES JACK SPADES THREE,0.5846,0.0104,0.405
SPADES TWO DIAMONDS SEVEN,0.651,0.0138,0.3352
HEARTS TWO SPADES THREE,0.6562,0.0146,0.3292
HEARTS FIVE SPADES SIX,0.6548,0.0508,0.2944
SPADES FIVE CLUBS KING,0.396,0.0056,0.5984
DIAMONDS JACK HEARTS NINE,0.5498,0.0104,0.4398
HEARTS SEVEN DIAMONDS SEVEN,0.31,0.027,0.663
CLUBS SEVEN SPADES TWO,0.6434,0.0086,0.348
SPADES FIVE DIAMONDS FIVE,0.4178,0.0266,0.5556
HEARTS SEVEN DIAMONDS TEN,0.58,0.012,0.408
SPADES SIX CLUBS THREE,0.6918,0.05,0.2582
CLUBS SEVEN CLUBS FOUR,0.5758,0.0118,0.4124
HEARTS FIVE CLUBS SIX,0.6662,0.0498,0.284
HEARTS FIVE HEARTS QUEEN,0.3754,0.361,0.2636
HEARTS TWO DIAMONDS ACE,0.3926,0.0038,0.6036
SPADES EIGHT DIAMONDS KING,0.3642,0.0058,0.63
CLUBS FIVE SPADES SEVEN,0.597,0.0126,0.3904
CLUBS THREE DIAMONDS NINE,0.6316,0.0106,0.3578
CLUBS TWO HEARTS QUEEN,0.3872,0.3846,0.2282
HEARTS SEVEN HEARTS FIVE,0.5702,0.0122,0.4176
SPADES QUEEN HEARTS FIVE,0.397,0.3868,0.2162
DIAMONDS KING HEARTS NINE,0.3634,0.006,0.6306
HEARTS FIVE DIAMONDS FIVE,0.4246,0.0288,0.5466
SPADES ACE HEARTS KING,0.323,0.004,0.673
DIAMONDS THREE SPADES SIX,0.6982,0.0564,0.2454
CLUBS TEN DIAMONDS KING,0.3308,0.005,0.6642
HEARTS EIGHT HEARTS KING,0.3416,0.009,0.6494
SPADES TWO DIAMONDS FIVE,0.6518,0.0154,0.3328
HEARTS JACK DIAMONDS FOUR,0.612,0.0122,0.3758
HEARTS KING DIAMONDS FIVE,0.3856,0.0092,0.6052
SPADES QUEEN DIAMONDS EIGHT,0.2228,0.2292,0.548
SPADES ACE HEARTS QUEEN,0.2294,0.0154,0.7552
DIAMONDS THREE CLUBS THREE,0.441,0.0304,0.5286
SPADES QUEEN SPADES FOUR,0.3788,0.357,0.2642
SPADES NINE DIAMONDS SEVEN,0.572,0.009,0.419
HEARTS EIGHT DIAMONDS ACE,0.3538,0.0046,0.6416
HEARTS SEVEN SPADES EIGHT,0.5626,0.01,0.4274
HEARTS THREE SPADES THREE,0.4446,0.0326,0.5228
DIAMONDS TWO HEARTS THREE,0.656,0.0156,0.3284
SPADES TWO HEARTS NINE,0.6278,0.0128,0.3594
DIAMONDS JACK CLUBS KING,0.3526,0.006,0.6414
CLUBS FIVE HEARTS KING,0.3904,0.0068,0.6028
DIAMONDS TEN HEARTS TEN,0.2888,0.0146,0.6966
HEARTS SEVEN SPADES FOUR,0.6188,0.0114,0.3698
SPADES THREE CLUBS KING,0.4008,0.006,0.5932
SPADES KING HEARTS SEVEN,0.3606,0.0076,0.6318
CLUBS TWO SPADES THREE,0.6534,0.0126,0.334
DIAMONDS THREE CLUBS FIVE,0.6134,0.013,0.3736
HEARTS SEVEN DIAMONDS KING,0.3628,0.0084,0.6288
SPADES SIX CLUBS KING,0.2436,0.0366,0.7198
CLUBS NINE SPADES FOUR,0.6314,0.013,0.3556
CLUBS JACK DIAMONDS JACK,0.28,0.0096,0.7104
SPADES NINE SPADES TWO,0.5878,0.009,0.4032
HEARTS EIGHT SPADES JACK,0.5634,0.0104,0.4262
DIAMONDS NINE DIAMONDS FOUR,0.6056,0.0102,0.3842
CLUBS NINE SPADES FIVE,0.6196,0.0122,0.3682
DIAMONDS KING CLUBS ACE,0.3134,0.004,0.6826
DIAMONDS SEVEN CLUBS KING,0.3582,0.0074,0.6344
SPADES QUEEN DIAMONDS FIVE,0.399,0.378,0.223
HEARTS FOUR HEARTS THREE,0.613,0.0138,0.3732
CLUBS ACE HEARTS NINE,0.3754,0.003,0.6216
DIAMONDS JACK HEARTS JACK,0.2788,0.0092,0.712
CLUBS JACK CLUBS TWO,0.5904,0.0102,0.3994
SPADES KING SPADES EIGHT,0.3378,0.0064,0.6558
HEARTS EIGHT HEARTS FOUR,0.5964,0.011,0.3926
CLUBS EIGHT DIAMONDS EIGHT,0.3174,0.017,0.6656
SPADES NINE HEARTS TEN,0.5422,0.0128,0.445
CLUBS TEN SPADES EIGHT,0.5584,0.0122,0.4294
CLUBS FIVE HEARTS QUEEN,0.3742,0.3862,0.2396
SPADES SIX HEARTS JACK,0.7094,0.0422,0.2484
CLUBS TWO SPADES FOUR,0.637,0.012,0.351
HEARTS TWO DIAMONDS JACK,0.6294,0.014,0.3566
HEARTS FIVE CLUBS THREE,0.6336,0.0124,0.354
CLUBS FIVE SPADES FOUR,0.6046,0.01,0.3854
CLUBS SIX CLUBS ACE,0.2132,0.027,0.7598
CLUBS SEVEN CLUBS SIX,0.6328,0.044,0.3232
DIAMONDS KING HEARTS ACE,0.3238,0.0068,0.6694
SPADES FOUR DIAMONDS NINE,0.6394,0.0084,0.3522
CLUBS JACK DIAMONDS ACE,0.344,0.0044,0.6516
SPADES KING SPADES NINE,0.332,0.0062,0.6618
SPADES TEN SPADES NINE,0.5252,0.0106,0.4642
HEARTS FOUR SPADES EIGHT,0.6348,0.0088,0.3564
DIAMONDS SIX CLUBS QUEEN,0.0214,0.9694,0.0092
SPADES FOUR DIAMONDS SIX,0.685,0.0498,0.2652
CLUBS JACK CLUBS FOUR,0.5768,0.0074,0.4158
CLUBS TEN CLUBS TWO,0.5882,0.0108,0.401
HEARTS ACE CLUBS ACE,0.1256,0.0032,0.8712
CLUBS FOUR DIAMONDS TEN,0.6214,0.0114,0.3672
SPADES TEN DIAMONDS NINE,0.5466,0.009,0.4444
SPADES SEVEN SPADES THREE,0.5814,0.0126,0.406
CLUBS TEN SPADES JACK,0.5472,0.0082,0.4446
SPADES TEN DIAMONDS SIX,0.7116,0.0496,0.2388
HEARTS SEVEN SPADES NINE,0.5714,0.0114,0.4172
HEARTS FOUR CLUBS FIVE,0.6046,0.014,0.3814
HEARTS KING HEARTS JACK,0.3326,0.0064,0.661
DIAMONDS ACE CLUBS TWO,0.3834,0.006,0.6106
CLUBS JACK CLUBS EIGHT,0.5164,0.012,0.4716
SPADES ACE SPADES TWO,0.3576,0.0054,0.637
SPADES QUEEN CLUBS KING,0.2336,0.024,0.7424
SPADES SIX SPADES FOUR,0.644,0.049,0.307
CLUBS FOUR HEARTS ACE,0.3884,0.0032,0.6084
HEARTS EIGHT DIAMONDS EIGHT,0.3174,0.0174,0.6652
SPADES TEN DIAMONDS JACK,0.5536,0.0082,0.4382
DIAMONDS SEVEN HEARTS NINE,0.5708,0.0128,0.4164
SPADES JACK DIAMONDS EIGHT,0.5764,0.0116,0.412
CLUBS THREE SPADES TWO,0.6256,0.0118,0.3626
HEARTS ACE CLUBS KING,0.309,0.0052,0.6858
SPADES KING SPADES FOUR,0.3786,0.0058,0.6156
CLUBS THREE HEARTS NINE,0.6214,0.0106,0.368
HEARTS TWO CLUBS FOUR,0.6378,0.0146,0.3476
CLUBS JACK SPADES TEN,0.539,0.0118,0.4492
HEARTS TWO CLUBS ACE,0.4106,0.006,0.5834
CLUBS EIGHT CLUBS THREE,0.5914,0.0108,0.3978
SPADES ACE DIAMONDS TWO,0.3972,0.0054,0.5974
DIAMONDS SEVEN DIAMONDS FIVE,0.579,0.0136,0.4074
SPADES TEN CLUBS TWO,0.6264,0.0126,0.361
SPADES JACK HEARTS NINE,0.5574,0.0102,0.4324
HEARTS FOUR DIAMONDS FOUR,0.422,0.0314,0.5466
CLUBS NINE CLUBS THREE,0.6066,0.0112,0.3822
DIAMONDS ACE HEARTS TEN,0.3406,0.0054,0.654
HEARTS EIGHT HEARTS SEVEN,0.5492,0.01,0.4408
DIAMONDS JACK HEARTS ACE,0.3334,0.0056,0.661
CLUBS NINE CLUBS EIGHT,0.5166,0.012,0.4714
CLUBS SIX CLUBS FOUR,0.6292,0.0462,0.3246
HEARTS FOUR DIAMONDS JACK,0.6354,0.0126,0.352
CLUBS NINE DIAMONDS SIX,0.7002,0.0408,0.259
HEARTS FOUR DIAMONDS ACE,0.3822,0.0062,0.6116
DIAMONDS EIGHT HEARTS NINE,0.563,0.0106,0.4264
SPADES ACE SPADES SEVEN,0.3362,0.0038,0.66
CLUBS TEN CLUBS THREE,0.5818,0.0122,0.406
CLUBS EIGHT HEARTS NINE,0.5628,0.0112,0.426
HEARTS THREE DIAMONDS FOUR,0.6368,0.014,0.3492
SPADES NINE HEARTS KING,0.3516,0.0064,0.642
CLUBS NINE HEARTS TWO,0.635,0.0118,0.3532
HEARTS FIVE HEARTS JACK,0.5912,0.0124,0.3964
SPADES QUEEN HEARTS NINE,0.2198,0.1628,0.6174
HEARTS FIVE DIAMONDS KING,0.3906,0.0082,0.6012
CLUBS ACE HEARTS TEN,0.3384,0.0026,0.659
CLUBS FIVE SPADES THREE,0.622,0.0126,0.3654
CLUBS SIX DIAMONDS TEN,0.7084,0.0486,0.243
HEARTS EIGHT CLUBS TWO,0.6264,0.0112,0.3624
HEARTS QUEEN CLUBS QUEEN,0.086,0.022,0.892
CLUBS JACK CLUBS SEVEN,0.5478,0.0096,0.4426
HEARTS QUEEN DIAMONDS SEVEN,0.2278,0.3036,0.4686
HEARTS SEVEN CLUBS EIGHT,0.5682,0.01,0.4218
SPADES EIGHT HEARTS KING,0.3464,0.0054,0.6482
CLUBS SEVEN HEARTS KING,0.3584,0.008,0.6336
CLUBS JACK CLUBS SIX,0.6808,0.0434,0.2758
DIAMONDS THREE CLUBS SEVEN,0.6458,0.0104,0.3438
SPADES JACK DIAMONDS FOUR,0.6244,0.0108,0.3648
SPADES SEVEN HEARTS JACK,0.5834,0.0106,0.406
DIAMONDS TWO DIAMONDS NINE,0.6068,0.013,0.3802
SPADES TWO CLUBS ACE,0.3866,0.005,0.6084
DIAMONDS THREE SPADES KING,0.3884,0.0064,0.6052
HEARTS THREE SPADES TWO,0.6442,0.013,0.3428
HEARTS TEN DIAMONDS FIVE,0.6398,0.011,0.3492
CLUBS JACK HEARTS FOUR,0.6364,0.0082,0.3554
CLUBS EIGHT DIAMONDS ACE,0.3614,0.004,0.6346
HEARTS TWO CLUBS QUEEN,0.4032,0.3758,0.221
SPADES TEN HEARTS QUEEN,0.2366,0.1178,0.6456
CLUBS THREE DIAMONDS TEN,0.6392,0.0114,0.3494
HEARTS FIVE DIAMONDS EIGHT,0.6138,0.0134,0.3728
SPADES FIVE HEARTS KING,0.399,0.0068,0.5942
SPADES FOUR HEARTS TEN,0.631,0.014,0.355
DIAMONDS THREE DIAMONDS JACK,0.5952,0.011,0.3938
SPADES TEN CLUBS SEVEN,0.5736,0.0098,0.4166
HEARTS ACE HEARTS TEN,0.333,0.0052,0.6618
HEARTS FOUR SPADES FIVE,0.6178,0.0122,0.37
SPADES TEN CLUBS THREE,0.635,0.0118,0.3532
DIAMONDS JACK DIAMONDS TEN,0.5052,0.0088,0.486
CLUBS EIGHT SPADES TWO,0.6306,0.013,0.3564
HEARTS TWO CLUBS KING,0.4094,0.0088,0.5818
SPADES FOUR HEARTS KING,0.3852,0.0062,0.6086
SPADES QUEEN DIAMONDS FOUR,0.421,0.3732,0.2058
SPADES SIX SPADES FIVE,0.6268,0.0468,0.3264
DIAMONDS THREE HEARTS TWO,0.6496,0.0154,0.335
HEARTS THREE CLUBS THREE,0.435,0.0272,0.5378
SPADES KING SPADES JACK,0.326,0.0052,0.6688
SPADES SIX HEARTS TEN,0.7038,0.0496,0.2466
DIAMONDS KING DIAMONDS SEVEN,0.342,0.0082,0.6498
