opposingHand,winningChance,drawChance,lostChance
HEARTS FIVE DIAMONDS JACK
DIAMONDS TEN DIAMONDS FOUR,0.6044,0.0192,0.3764
HEARTS SEVEN CLUBS ACE,0.3482,0.0036,0.6482
SPADES EIGHT DIAMONDS KING,0.3496,0.005,0.6454
DIAMONDS QUEEN HEARTS JACK,0.2224,0.0378,0.7398
CLUBS TWO DIAMONDS SIX,0.6402,0.0202,0.3396
HEARTS TWO SPADES SIX,0.628,0.0196,0.3524
CLUBS FOUR CLUBS TWO,0.6028,0.0196,0.3776
CLUBS EIGHT SPADES TEN,0.5624,0.0194,0.4182
SPADES NINE CLUBS SIX,0.5716,0.0152,0.4132
HEARTS JACK DIAMONDS SIX,0.2132,0.4062,0.3806
CLUBS JACK CLUBS NINE,0.2198,0.1536,0.6266
CLUBS NINE DIAMONDS SEVEN,0.5778,0.0174,0.4048
SPADES EIGHT CLUBS FIVE,0.6602,0.0628,0.277
CLUBS NINE DIAMONDS KING,0.36,0.0066,0.6334
HEARTS TWO DIAMONDS TEN,0.636,0.0166,0.3474
SPADES SIX DIAMONDS FIVE,0.6596,0.064,0.2764
HEARTS FOUR SPADES TWO,0.6404,0.0198,0.3398
SPADES TEN CLUBS SIX,0.5806,0.0166,0.4028
SPADES TEN HEARTS THREE,0.6172,0.0158,0.367
CLUBS FOUR HEARTS KING,0.3856,0.0088,0.6056
SPADES TEN SPADES FOUR,0.5792,0.0192,0.4016
SPADES ACE DIAMONDS QUEEN,0.3112,0.0042,0.6846
CLUBS SIX CLUBS TWO,0.5892,0.0202,0.3906
DIAMONDS THREE DIAMONDS EIGHT,0.6122,0.0206,0.3672
HEARTS SEVEN CLUBS EIGHT,0.5494,0.0158,0.4348
SPADES THREE HEARTS KING,0.3932,0.0082,0.5986
CLUBS JACK DIAMONDS SEVEN,0.2316,0.3024,0.466
SPADES TEN HEARTS KING,0.3302,0.0076,0.6622
SPADES TEN DIAMONDS NINE,0.539,0.0152,0.4458
CLUBS TEN CLUBS QUEEN,0.3196,0.0096,0.6708
CLUBS JACK HEARTS JACK,0.0784,0.0396,0.882
HEARTS KING HEARTS NINE,0.3338,0.0066,0.6596
HEARTS NINE DIAMONDS FOUR,0.6272,0.0232,0.3496
SPADES EIGHT HEARTS KING,0.3718,0.0066,0.6216
CLUBS TWO SPADES THREE,0.6408,0.02,0.3392
HEARTS SEVEN HEARTS SIX,0.5418,0.0218,0.4364
HEARTS THREE HEARTS KING,0.369,0.0094,0.6216
CLUBS SIX SPADES FIVE,0.6544,0.0588,0.2868
DIAMONDS KING SPADES TWO,0.3928,0.0088,0.5984
DIAMONDS TWO SPADES TEN,0.6224,0.019,0.3586
CLUBS NINE CLUBS TWO,0.5758,0.0194,0.4048
CLUBS JACK SPADES THREE,0.3176,0.454,0.2284
SPADES TWO DIAMONDS FOUR,0.6424,0.023,0.3346
SPADES ACE SPADES QUEEN,0.3084,0.0064,0.6852
SPADES TEN SPADES EIGHT,0.5098,0.0186,0.4716
DIAMONDS NINE DIAMONDS EIGHT,0.5218,0.0188,0.4594
CLUBS NINE DIAMONDS FIVE,0.6922,0.0576,0.2502
DIAMONDS KING DIAMONDS SEVEN,0.3496,0.0064,0.644
SPADES ACE SPADES FOUR,0.364,0.0038,0.6322
CLUBS SEVEN CLUBS FOUR,0.5528,0.0194,0.4278
HEARTS SEVEN SPADES FIVE,0.6426,0.06,0.2974
CLUBS SIX DIAMONDS SIX,0.3108,0.041,0.6482
HEARTS FOUR SPADES SIX,0.6086,0.016,0.3754
HEARTS FOUR SPADES THREE,0.6246,0.022,0.3534
SPADES JACK DIAMONDS FOUR,0.3214,0.4686,0.21
CLUBS ACE DIAMONDS FOUR,0.3934,0.0034,0.6032
CLUBS TWO HEARTS JACK,0.3122,0.4736,0.2142
SPADES TEN DIAMONDS SIX,0.5866,0.019,0.3944
CLUBS SIX HEARTS TEN,0.575,0.0172,0.4078
SPADES NINE HEARTS ACE,0.3494,0.0028,0.6478
HEARTS TEN CLUBS QUEEN,0.3282,0.01,0.6618
CLUBS TEN DIAMONDS EIGHT,0.5546,0.0174,0.428
DIAMONDS TWO SPADES SIX,0.6356,0.0182,0.3462
CLUBS SEVEN DIAMONDS EIGHT,0.5672,0.02,0.4128
CLUBS THREE HEARTS TEN,0.6292,0.0172,0.3536
SPADES FIVE DIAMONDS NINE,0.692,0.0588,0.2492
SPADES SEVEN CLUBS THREE,0.6204,0.0178,0.3618
SPADES ACE SPADES EIGHT,0.3306,0.0038,0.6656
HEARTS ACE DIAMONDS NINE,0.3512,0.0044,0.6444
DIAMONDS NINE HEARTS KING,0.3434,0.0116,0.645
DIAMONDS THREE SPADES FIVE,0.6756,0.0708,0.2536
CLUBS TEN CLUBS KING,0.3328,0.0052,0.662
CLUBS EIGHT DIAMONDS QUEEN,0.3488,0.0106,0.6406
DIAMONDS QUEEN HEARTS TEN,0.3246,0.0074,0.668
HEARTS JACK DIAMONDS FOUR,0.3144,0.466,0.2196
CLUBS SIX DIAMONDS QUEEN,0.3558,0.0108,0.6334
DIAMONDS EIGHT DIAMONDS SIX,0.541,0.021,0.438
HEARTS KING CLUBS QUEEN,0.314,0.0072,0.6788
CLUBS FIVE HEARTS KING,0.2282,0.037,0.7348
DIAMONDS THREE SPADES SIX,0.6188,0.0192,0.362
SPADES TEN CLUBS THREE,0.618,0.0176,0.3644
CLUBS KING HEARTS NINE,0.3656,0.0074,0.627
CLUBS NINE DIAMONDS QUEEN,0.3394,0.0132,0.6474
CLUBS SEVEN HEARTS QUEEN,0.3548,0.0124,0.6328
SPADES JACK HEARTS JACK,0.0898,0.0388,0.8714
SPADES JACK SPADES THREE,0.3064,0.4296,0.264
SPADES NINE HEARTS TWO,0.628,0.0174,0.3546
CLUBS EIGHT HEARTS JACK,0.2296,0.2172,0.5532
CLUBS JACK HEARTS THREE,0.329,0.464,0.207
SPADES KING DIAMONDS KING,0.1336,0.008,0.8584
CLUBS TEN HEARTS TWO,0.6194,0.0158,0.3648
DIAMONDS THREE HEARTS FOUR,0.6264,0.0266,0.347
SPADES THREE HEARTS NINE,0.626,0.016,0.358
SPADES TEN DIAMONDS TEN,0.2822,0.0224,0.6954
SPADES SEVEN HEARTS JACK,0.2134,0.317,0.4696
CLUBS SIX DIAMONDS ACE,0.365,0.0038,0.6312
SPADES FIVE DIAMONDS TEN,0.7054,0.0624,0.2322
DIAMONDS QUEEN HEARTS NINE,0.3332,0.0112,0.6556
DIAMONDS THREE DIAMONDS SIX,0.581,0.0212,0.3978
CLUBS FIVE SPADES TWO,0.6664,0.0682,0.2654
CLUBS QUEEN HEARTS NINE,0.3432,0.0118,0.645
DIAMONDS ACE CLUBS TWO,0.3892,0.0064,0.6044
CLUBS SEVEN HEARTS TEN,0.5664,0.018,0.4156
DIAMONDS SIX DIAMONDS FOUR,0.5738,0.0246,0.4016
CLUBS FIVE HEARTS ACE,0.2408,0.03,0.7292
CLUBS JACK HEARTS SIX,0.214,0.3902,0.3958
HEARTS EIGHT DIAMONDS EIGHT,0.2916,0.0342,0.6742
DIAMONDS ACE SPADES THREE,0.3854,0.004,0.6106
DIAMONDS TEN DIAMONDS FIVE,0.6694,0.0626,0.268
DIAMONDS ACE DIAMONDS EIGHT,0.3466,0.005,0.6484
CLUBS TWO DIAMONDS TEN,0.6416,0.0146,0.3438
HEARTS SEVEN DIAMONDS TEN,0.57,0.0206,0.4094
DIAMONDS KING DIAMONDS TEN,0.3336,0.0058,0.6606
HEARTS TWO HEARTS KING,0.3794,0.011,0.6096
SPADES JACK CLUBS EIGHT,0.2388,0.2312,0.53
DIAMONDS TWO HEARTS TEN,0.6304,0.018,0.3516
SPADES TEN CLUBS FOUR,0.62,0.0202,0.3598
CLUBS SIX SPADES TWO,0.6226,0.0196,0.3578
DIAMONDS SIX CLUBS KING,0.3658,0.0052,0.629
CLUBS JACK DIAMONDS NINE,0.2292,0.165,0.6058
DIAMONDS THREE CLUBS TWO,0.6328,0.0184,0.3488
CLUBS EIGHT HEARTS QUEEN,0.3498,0.0136,0.6366
HEARTS THREE SPADES EIGHT,0.6282,0.0212,0.3506
SPADES JACK CLUBS SEVEN,0.2292,0.2866,0.4842
DIAMONDS THREE SPADES SEVEN,0.6168,0.0188,0.3644
HEARTS EIGHT SPADES SIX,0.5674,0.0184,0.4142
HEARTS ACE DIAMONDS FIVE,0.2254,0.0326,0.742
HEARTS THREE SPADES TWO,0.6446,0.0216,0.3338
SPADES SIX SPADES FIVE,0.618,0.0618,0.3202
CLUBS TEN CLUBS SIX,0.5348,0.0194,0.4458
CLUBS NINE HEARTS ACE,0.361,0.0052,0.6338
CLUBS NINE HEARTS TWO,0.6374,0.0176,0.345
SPADES JACK DIAMONDS KING,0.234,0.0328,0.7332
SPADES SIX DIAMONDS QUEEN,0.3588,0.0098,0.6314
HEARTS SIX DIAMONDS NINE,0.579,0.0154,0.4056
SPADES EIGHT SPADES THREE,0.6034,0.0162,0.3804
HEARTS JACK CLUBS QUEEN,0.2374,0.0348,0.7278
CLUBS NINE HEARTS QUEEN,0.3404,0.0118,0.6478
SPADES FOUR HEARTS KING,0.3942,0.0066,0.5992
CLUBS SEVEN SPADES NINE,0.5502,0.0142,0.4356
SPADES QUEEN SPADES FOUR,0.3802,0.0092,0.6106
SPADES KING CLUBS KING,0.1544,0.0062,0.8394
CLUBS FIVE DIAMONDS QUEEN,0.2332,0.054,0.7128
HEARTS TWO DIAMONDS SEVEN,0.6436,0.0174,0.339
CLUBS FIVE CLUBS ACE,0.2248,0.0302,0.745
DIAMONDS TWO CLUBS QUEEN,0.4014,0.0112,0.5874
SPADES ACE SPADES KING,0.3026,0.004,0.6934
CLUBS EIGHT HEARTS KING,0.372,0.0094,0.6186
HEARTS SIX DIAMONDS QUEEN,0.362,0.012,0.626
CLUBS TEN DIAMONDS ACE,0.3468,0.0032,0.65
CLUBS NINE HEARTS KING,0.3528,0.005,0.6422
CLUBS FIVE HEARTS JACK,0.0112,0.9692,0.0196
SPADES FIVE HEARTS QUEEN,0.2224,0.0522,0.7254
HEARTS FOUR DIAMONDS KING,0.3814,0.0076,0.611
CLUBS TEN SPADES TEN,0.271,0.0242,0.7048
SPADES SEVEN HEARTS QUEEN,0.3576,0.0122,0.6302
CLUBS FOUR CLUBS QUEEN,0.3734,0.0124,0.6142
SPADES QUEEN CLUBS TWO,0.3932,0.0104,0.5964
SPADES EIGHT DIAMONDS QUEEN,0.3492,0.0088,0.642
CLUBS SIX DIAMONDS EIGHT,0.5694,0.0164,0.4142
SPADES JACK HEARTS THREE,0.3204,0.462,0.2176
DIAMONDS QUEEN DIAMONDS FIVE,0.226,0.0458,0.7282
CLUBS SIX HEARTS NINE,0.5718,0.0204,0.4078
DIAMONDS EIGHT HEARTS JACK,0.2242,0.2266,0.5492
CLUBS FIVE DIAMONDS FIVE,0.303,0.049,0.648
DIAMONDS TWO HEARTS FOUR,0.6412,0.0222,0.3366
CLUBS TEN SPADES JACK,0.232,0.1144,0.6536
DIAMONDS QUEEN HEARTS KING,0.3094,0.0066,0.684
HEARTS SEVEN DIAMONDS KING,0.36,0.0094,0.6306
SPADES FOUR HEARTS ACE,0.377,0.0062,0.6168
SPADES SIX HEARTS NINE,0.566,0.0176,0.4164
SPADES QUEEN SPADES SIX,0.3386,0.01,0.6514
HEARTS EIGHT CLUBS FOUR,0.617,0.0192,0.3638
HEARTS QUEEN HEARTS JACK,0.2216,0.04,0.7384
DIAMONDS TEN HEARTS QUEEN,0.3234,0.0102,0.6664
DIAMONDS TWO HEARTS ACE,0.3876,0.004,0.6084
CLUBS SEVEN DIAMONDS SEVEN,0.3044,0.0382,0.6574
HEARTS ACE HEARTS NINE,0.3402,0.0054,0.6544
SPADES THREE HEARTS QUEEN,0.3956,0.011,0.5934
HEARTS KING CLUBS ACE,0.315,0.0044,0.6806
SPADES QUEEN HEARTS FOUR,0.3958,0.0118,0.5924
SPADES NINE SPADES FOUR,0.587,0.0188,0.3942
SPADES JACK SPADES SIX,0.2086,0.374,0.4174
SPADES NINE SPADES THREE,0.5814,0.019,0.3996
CLUBS SIX HEARTS JACK,0.2174,0.406,0.3766
SPADES JACK CLUBS KING,0.2372,0.0286,0.7342
CLUBS NINE DIAMONDS EIGHT,0.5484,0.0156,0.436
DIAMONDS ACE CLUBS THREE,0.382,0.0052,0.6128
SPADES SEVEN CLUBS TWO,0.6328,0.0168,0.3504
CLUBS NINE HEARTS JACK,0.2236,0.1694,0.607
HEARTS SEVEN HEARTS ACE,0.3416,0.0042,0.6542
SPADES SIX DIAMONDS SIX,0.3198,0.04,0.6402
CLUBS SEVEN DIAMONDS QUEEN,0.3626,0.0132,0.6242
HEARTS SEVEN CLUBS SEVEN,0.2872,0.0412,0.6716
HEARTS SEVEN HEARTS JACK,0.215,0.2914,0.4936
HEARTS THREE DIAMONDS TEN,0.6318,0.0196,0.3486
CLUBS SEVEN SPADES EIGHT,0.558,0.0164,0.4256
SPADES SIX HEARTS QUEEN,0.3582,0.0098,0.632
CLUBS TEN DIAMONDS SEVEN,0.5598,0.0186,0.4216
DIAMONDS THREE HEARTS TEN,0.623,0.0214,0.3556
CLUBS THREE CLUBS ACE,0.3686,0.0034,0.628
SPADES FOUR HEARTS JACK,0.3136,0.4596,0.2268
CLUBS NINE CLUBS KING,0.345,0.0066,0.6484
CLUBS NINE SPADES TWO,0.621,0.0202,0.3588
DIAMONDS TEN DIAMONDS SIX,0.5618,0.0172,0.421
HEARTS THREE CLUBS THREE,0.423,0.0502,0.5268
HEARTS SEVEN HEARTS THREE,0.5762,0.0192,0.4046
CLUBS NINE HEARTS NINE,0.287,0.0316,0.6814
CLUBS EIGHT DIAMONDS TEN,0.5532,0.0174,0.4294
DIAMONDS TWO CLUBS SIX,0.6204,0.022,0.3576
SPADES ACE CLUBS SIX,0.3772,0.003,0.6198
HEARTS SEVEN CLUBS FIVE,0.658,0.061,0.281
SPADES ACE SPADES TEN,0.3258,0.0042,0.67
DIAMONDS FIVE HEARTS NINE,0.6902,0.0674,0.2424
DIAMONDS TWO SPADES FOUR,0.6282,0.0204,0.3514
HEARTS SEVEN SPADES NINE,0.5488,0.017,0.4342
HEARTS FOUR CLUBS THREE,0.6312,0.0226,0.3462
CLUBS FIVE SPADES SIX,0.6588,0.0592,0.282
HEARTS THREE SPADES SIX,0.6238,0.0196,0.3566
SPADES NINE CLUBS TWO,0.6256,0.0204,0.354
HEARTS SEVEN DIAMONDS ACE,0.3526,0.0048,0.6426
CLUBS FIVE CLUBS QUEEN,0.2282,0.0488,0.723
HEARTS SEVEN CLUBS THREE,0.614,0.0186,0.3674
SPADES JACK DIAMONDS NINE,0.2332,0.1646,0.6022
SPADES TWO HEARTS JACK,0.3172,0.4694,0.2134
SPADES SIX HEARTS ACE,0.358,0.0034,0.6386
DIAMONDS TEN HEARTS NINE,0.531,0.0146,0.4544
DIAMONDS ACE DIAMONDS SEVEN,0.349,0.0044,0.6466
SPADES QUEEN HEARTS SIX,0.359,0.012,0.629
CLUBS SEVEN SPADES FIVE,0.6534,0.0542,0.2924
HEARTS SIX SPADES TEN,0.5718,0.0176,0.4106
DIAMONDS TEN DIAMONDS EIGHT,0.5182,0.0198,0.462
SPADES SIX HEARTS JACK,0.2052,0.4018,0.393
CLUBS ACE HEARTS JACK,0.226,0.018,0.756
HEARTS TWO HEARTS QUEEN,0.3878,0.0124,0.5998
SPADES KING CLUBS SIX,0.366,0.0054,0.6286
CLUBS SIX CLUBS FOUR,0.5574,0.0232,0.4194
DIAMONDS KING DIAMONDS FOUR,0.3692,0.0098,0.621
SPADES QUEEN HEARTS KING,0.3068,0.0068,0.6864
DIAMONDS NINE CLUBS ACE,0.3784,0.0044,0.6172
DIAMONDS TWO HEARTS QUEEN,0.4006,0.014,0.5854
HEARTS KING DIAMONDS FOUR,0.386,0.0082,0.6058
HEARTS THREE HEARTS ACE,0.3598,0.0052,0.635
HEARTS SEVEN HEARTS TEN,0.545,0.0154,0.4396
CLUBS JACK HEARTS ACE,0.2308,0.024,0.7452
CLUBS THREE DIAMONDS SIX,0.6214,0.0204,0.3582
HEARTS ACE HEARTS TEN,0.3382,0.0056,0.6562
SPADES KING CLUBS EIGHT,0.3718,0.0056,0.6226
SPADES TEN SPADES THREE,0.5706,0.0198,0.4096
SPADES JACK CLUBS FIVE,0.0222,0.9604,0.0174
SPADES JACK DIAMONDS EIGHT,0.2266,0.2314,0.542
HEARTS SIX DIAMONDS TEN,0.5872,0.0194,0.3934
HEARTS FOUR HEARTS TEN,0.5788,0.016,0.4052
DIAMONDS TWO DIAMONDS FIVE,0.6548,0.066,0.2792
DIAMONDS ACE DIAMONDS FOUR,0.3674,0.0088,0.6238
SPADES EIGHT SPADES SEVEN,0.515,0.0188,0.4662
SPADES FOUR DIAMONDS FOUR,0.4002,0.0536,0.5462
HEARTS EIGHT CLUBS EIGHT,0.2938,0.0346,0.6716
HEARTS ACE SPADES THREE,0.3934,0.007,0.5996
DIAMONDS ACE SPADES FIVE,0.2308,0.0278,0.7414
CLUBS EIGHT SPADES SEVEN,0.5548,0.0186,0.4266
DIAMONDS ACE CLUBS QUEEN,0.33,0.0042,0.6658
CLUBS EIGHT HEARTS NINE,0.5468,0.0126,0.4406
CLUBS FOUR DIAMONDS TEN,0.635,0.0154,0.3496
HEARTS SEVEN CLUBS TWO,0.6426,0.0212,0.3362
DIAMONDS THREE DIAMONDS SEVEN,0.6006,0.0204,0.379
SPADES FIVE HEARTS NINE,0.6822,0.0636,0.2542
CLUBS NINE HEARTS TEN,0.5304,0.0146,0.455
SPADES JACK HEARTS TEN,0.2178,0.1174,0.6648
SPADES FIVE CLUBS ACE,0.2456,0.0308,0.7236
SPADES ACE DIAMONDS SIX,0.362,0.0038,0.6342
SPADES SEVEN DIAMONDS FIVE,0.6518,0.0652,0.283
HEARTS SIX SPADES THREE,0.6188,0.022,0.3592
SPADES TEN DIAMONDS FIVE,0.7074,0.063,0.2296
HEARTS THREE DIAMONDS SIX,0.6334,0.0206,0.346
CLUBS SEVEN HEARTS KING,0.3624,0.0066,0.631
CLUBS SIX DIAMONDS FOUR,0.611,0.0168,0.3722
CLUBS THREE DIAMONDS QUEEN,0.3942,0.01,0.5958
DIAMONDS THREE HEARTS SEVEN,0.6288,0.021,0.3502
CLUBS NINE CLUBS EIGHT,0.5128,0.0196,0.4676
HEARTS EIGHT DIAMONDS FOUR,0.6226,0.0212,0.3562
SPADES QUEEN CLUBS EIGHT,0.3554,0.0108,0.6338
DIAMONDS KING SPADES SIX,0.3616,0.0094,0.629
SPADES FIVE DIAMONDS SIX,0.658,0.0614,0.2806
HEARTS EIGHT CLUBS SEVEN,0.5446,0.0166,0.4388
CLUBS NINE CLUBS FIVE,0.6666,0.0558,0.2776
CLUBS EIGHT HEARTS ACE,0.3474,0.0028,0.6498
SPADES FOUR SPADES TWO,0.5976,0.0206,0.3818
DIAMONDS THREE HEARTS THREE,0.4238,0.0504,0.5258
HEARTS SIX CLUBS ACE,0.3596,0.0058,0.6346
DIAMONDS KING DIAMONDS FIVE,0.2316,0.0418,0.7266
CLUBS ACE DIAMONDS SIX,0.3694,0.003,0.6276
CLUBS TWO HEARTS TEN,0.613,0.0174,0.3696
HEARTS THREE HEARTS TWO,0.6102,0.0248,0.365
CLUBS SEVEN SPADES SEVEN,0.3146,0.0388,0.6466
CLUBS EIGHT DIAMONDS FIVE,0.6866,0.059,0.2544
SPADES EIGHT HEARTS QUEEN,0.35,0.0122,0.6378
SPADES KING DIAMONDS TWO,0.4022,0.0088,0.589
SPADES QUEEN CLUBS FOUR,0.3894,0.0118,0.5988
SPADES FOUR DIAMONDS EIGHT,0.6186,0.0204,0.361
SPADES FOUR CLUBS QUEEN,0.4104,0.0118,0.5778
DIAMONDS THREE CLUBS KING,0.3942,0.0072,0.5986
CLUBS TWO SPADES FOUR,0.638,0.021,0.341
HEARTS THREE HEARTS JACK,0.3124,0.4466,0.241
CLUBS ACE CLUBS KING,0.3092,0.0032,0.6876
CLUBS SIX HEARTS ACE,0.355,0.0042,0.6408
SPADES JACK DIAMONDS TEN,0.2362,0.1214,0.6424
CLUBS NINE DIAMONDS FOUR,0.6184,0.0222,0.3594
CLUBS EIGHT CLUBS SEVEN,0.5058,0.0156,0.4786
CLUBS NINE CLUBS THREE,0.5932,0.0162,0.3906
SPADES NINE SPADES EIGHT,0.5186,0.0136,0.4678
CLUBS TEN CLUBS FIVE,0.6584,0.0558,0.2858
DIAMONDS TWO HEARTS KING,0.3996,0.009,0.5914
HEARTS EIGHT HEARTS KING,0.3498,0.0084,0.6418
SPADES THREE DIAMONDS SEVEN,0.607,0.0228,0.3702
SPADES ACE DIAMONDS SEVEN,0.3616,0.0028,0.6356
SPADES SIX SPADES FOUR,0.5562,0.0202,0.4236
HEARTS SEVEN HEARTS TWO,0.6072,0.016,0.3768
SPADES QUEEN HEARTS QUEEN,0.1452,0.0116,0.8432
SPADES NINE CLUBS QUEEN,0.3528,0.0112,0.636
SPADES ACE SPADES SIX,0.3404,0.0042,0.6554
DIAMONDS TWO SPADES JACK,0.3126,0.4742,0.2132
SPADES EIGHT SPADES FOUR,0.576,0.0202,0.4038
HEARTS EIGHT HEARTS NINE,0.4928,0.0166,0.4906
CLUBS TEN DIAMONDS SIX,0.5784,0.0192,0.4024
DIAMONDS THREE DIAMONDS NINE,0.596,0.0162,0.3878
HEARTS SIX HEARTS ACE,0.3542,0.0036,0.6422
DIAMONDS TWO CLUBS KING,0.4108,0.0092,0.58
DIAMONDS TWO DIAMONDS SEVEN,0.602,0.0156,0.3824
SPADES NINE CLUBS ACE,0.373,0.0026,0.6244
HEARTS THREE HEARTS TEN,0.598,0.0152,0.3868
CLUBS SEVEN DIAMONDS KING,0.369,0.005,0.626
HEARTS EIGHT HEARTS ACE,0.3506,0.0038,0.6456
DIAMONDS THREE DIAMONDS ACE,0.3622,0.0044,0.6334
HEARTS KING DIAMONDS EIGHT,0.3614,0.0098,0.6288
CLUBS NINE DIAMONDS SIX,0.575,0.02,0.405
DIAMONDS SEVEN DIAMONDS FIVE,0.643,0.0524,0.3046
HEARTS SIX SPADES NINE,0.5794,0.0188,0.4018
SPADES SIX SPADES THREE,0.5672,0.0194,0.4134
CLUBS JACK HEARTS SEVEN,0.2262,0.2972,0.4766
DIAMONDS SEVEN CLUBS QUEEN,0.3606,0.0114,0.628
SPADES JACK HEARTS NINE,0.2234,0.1738,0.6028
HEARTS EIGHT CLUBS TWO,0.6262,0.0156,0.3582
CLUBS TEN DIAMONDS QUEEN,0.3272,0.0094,0.6634
HEARTS JACK HEARTS NINE,0.2108,0.1568,0.6324
HEARTS TWO HEARTS NINE,0.604,0.0202,0.3758
HEARTS EIGHT DIAMONDS QUEEN,0.3498,0.012,0.6382
DIAMONDS QUEEN DIAMONDS FOUR,0.3864,0.013,0.6006
CLUBS TEN DIAMONDS TWO,0.6236,0.0196,0.3568
HEARTS FOUR HEARTS JACK,0.2922,0.4524,0.2554
SPADES KING CLUBS QUEEN,0.3224,0.0064,0.6712
DIAMONDS NINE HEARTS QUEEN,0.3416,0.0094,0.649
SPADES ACE CLUBS JACK,0.2324,0.021,0.7466
SPADES ACE DIAMONDS ACE,0.1228,0.0022,0.875
CLUBS NINE SPADES JACK,0.23,0.1692,0.6008
SPADES JACK HEARTS TWO,0.3282,0.4614,0.2104
SPADES NINE SPADES SEVEN,0.5284,0.0174,0.4542
HEARTS SIX HEARTS NINE,0.546,0.02,0.434
SPADES KING HEARTS TEN,0.331,0.0082,0.6608
SPADES SIX DIAMONDS TEN,0.5902,0.02,0.3898
SPADES THREE CLUBS ACE,0.3866,0.0052,0.6082
CLUBS TEN CLUBS EIGHT,0.5174,0.0166,0.466
CLUBS EIGHT DIAMONDS SEVEN,0.552,0.0154,0.4326
DIAMONDS THREE DIAMONDS FIVE,0.6336,0.068,0.2984
CLUBS TEN SPADES TWO,0.6342,0.0172,0.3486
SPADES QUEEN HEARTS TWO,0.405,0.0144,0.5806
HEARTS SIX CLUBS QUEEN,0.3728,0.0112,0.616
CLUBS SEVEN CLUBS KING,0.344,0.0088,0.6472
HEARTS SIX SPADES FOUR,0.5932,0.0168,0.39
CLUBS SEVEN DIAMONDS SIX,0.56,0.0184,0.4216
SPADES ACE HEARTS QUEEN,0.3206,0.0046,0.6748
SPADES THREE DIAMONDS SIX,0.6134,0.0204,0.3662
DIAMONDS ACE SPADES TWO,0.3836,0.0052,0.6112
SPADES EIGHT CLUBS KING,0.3794,0.0054,0.6152
HEARTS TWO DIAMONDS QUEEN,0.3882,0.0134,0.5984
DIAMONDS TWO CLUBS ACE,0.3906,0.0046,0.6048
SPADES SEVEN SPADES SIX,0.5366,0.0152,0.4482
SPADES EIGHT HEARTS TEN,0.5454,0.0172,0.4374
SPADES QUEEN HEARTS JACK,0.227,0.0432,0.7298
CLUBS JACK SPADES TEN,0.229,0.1146,0.6564
HEARTS SEVEN DIAMONDS SEVEN,0.311,0.039,0.65
SPADES FIVE HEARTS ACE,0.227,0.0326,0.7404
CLUBS FOUR SPADES THREE,0.6182,0.019,0.3628
SPADES ACE SPADES SEVEN,0.3418,0.0052,0.653
CLUBS FOUR HEARTS TEN,0.6182,0.017,0.3648
HEARTS SIX CLUBS TWO,0.6246,0.0204,0.355
SPADES KING SPADES JACK,0.2226,0.0266,0.7508
CLUBS THREE HEARTS JACK,0.3162,0.4644,0.2194
CLUBS TWO DIAMONDS FIVE,0.685,0.0632,0.2518
SPADES SEVEN DIAMONDS QUEEN,0.3576,0.0114,0.631
SPADES SIX CLUBS ACE,0.3746,0.0024,0.623
SPADES KING DIAMONDS FOUR,0.404,0.006,0.59
CLUBS SEVEN CLUBS THREE,0.5814,0.0182,0.4004
CLUBS SEVEN DIAMONDS TEN,0.572,0.0184,0.4096
HEARTS TWO CLUBS FIVE,0.6708,0.0684,0.2608
DIAMONDS KING HEARTS ACE,0.309,0.0042,0.6868
DIAMONDS QUEEN DIAMONDS SEVEN,0.3466,0.0118,0.6416
HEARTS FOUR CLUBS SIX,0.599,0.0208,0.3802
SPADES THREE HEARTS JACK,0.3178,0.465,0.2172
SPADES ACE HEARTS EIGHT,0.364,0.0038,0.6322
HEARTS JACK HEARTS TEN,0.2154,0.113,0.6716
HEARTS EIGHT SPADES TEN,0.548,0.0154,0.4366
CLUBS EIGHT SPADES FIVE,0.6706,0.065,0.2644
SPADES TWO HEARTS NINE,0.6228,0.0204,0.3568
CLUBS EIGHT HEARTS THREE,0.6278,0.0198,0.3524
SPADES JACK CLUBS TWO,0.3208,0.4564,0.2228
SPADES SEVEN CLUBS QUEEN,0.3652,0.011,0.6238
HEARTS ACE CLUBS KING,0.315,0.0058,0.6792
SPADES ACE SPADES TWO,0.349,0.0042,0.6468
CLUBS JACK SPADES NINE,0.2428,0.176,0.5812
SPADES QUEEN DIAMONDS QUEEN,0.1496,0.0102,0.8402
CLUBS FOUR SPADES SIX,0.5912,0.0182,0.3906
DIAMONDS THREE SPADES TEN,0.623,0.0188,0.3582
SPADES ACE HEARTS NINE,0.35,0.0044,0.6456
SPADES KING SPADES FOUR,0.3688,0.0062,0.625
HEARTS ACE CLUBS ACE,0.1298,0.0028,0.8674
HEARTS SEVEN SPADES JACK,0.2274,0.2994,0.4732
CLUBS THREE DIAMONDS SEVEN,0.6252,0.0212,0.3536
DIAMONDS SEVEN CLUBS ACE,0.3532,0.0054,0.6414
CLUBS FIVE SPADES THREE,0.6678,0.0662,0.266
HEARTS THREE SPADES SEVEN,0.6096,0.0202,0.3702
HEARTS TWO SPADES EIGHT,0.6252,0.0166,0.3582
SPADES EIGHT DIAMONDS EIGHT,0.2946,0.0312,0.6742
HEARTS SIX CLUBS KING,0.3616,0.0064,0.632
DIAMONDS SEVEN HEARTS TEN,0.572,0.016,0.412
HEARTS EIGHT DIAMONDS SEVEN,0.5532,0.0158,0.431
DIAMONDS TWO DIAMONDS ACE,0.3794,0.004,0.6166
SPADES KING HEARTS JACK,0.2196,0.0324,0.748
HEARTS SEVEN DIAMONDS SIX,0.5596,0.0212,0.4192
SPADES KING SPADES NINE,0.341,0.0072,0.6518
DIAMONDS NINE CLUBS KING,0.371,0.0078,0.6212
HEARTS SEVEN CLUBS SIX,0.5646,0.0206,0.4148
SPADES TWO CLUBS QUEEN,0.4022,0.014,0.5838
HEARTS THREE CLUBS FOUR,0.6358,0.0174,0.3468
CLUBS TEN SPADES QUEEN,0.3414,0.0076,0.651
CLUBS JACK SPADES SEVEN,0.224,0.3004,0.4756
HEARTS TWO CLUBS THREE,0.6278,0.0212,0.351
DIAMONDS NINE DIAMONDS SEVEN,0.5274,0.0184,0.4542
DIAMONDS EIGHT SPADES TWO,0.6288,0.0232,0.348
HEARTS QUEEN DIAMONDS SEVEN,0.358,0.011,0.631
DIAMONDS QUEEN DIAMONDS NINE,0.3452,0.012,0.6428
DIAMONDS QUEEN CLUBS ACE,0.3216,0.0036,0.6748
SPADES TEN SPADES TWO,0.58,0.0196,0.4004
SPADES ACE SPADES JACK,0.224,0.0252,0.7508
SPADES KING SPADES QUEEN,0.2998,0.0072,0.693
DIAMONDS NINE HEARTS JACK,0.2208,0.169,0.6102
HEARTS FOUR HEARTS TWO,0.6164,0.0214,0.3622
CLUBS TEN HEARTS THREE,0.6264,0.021,0.3526
SPADES KING DIAMONDS EIGHT,0.3794,0.0074,0.6132
SPADES NINE SPADES SIX,0.5424,0.0168,0.4408
HEARTS SIX SPADES JACK,0.2202,0.3978,0.382
CLUBS ACE HEARTS TEN,0.3532,0.0052,0.6416
CLUBS JACK SPADES TWO,0.3196,0.454,0.2264
HEARTS ACE DIAMONDS EIGHT,0.358,0.0038,0.6382
HEARTS FOUR DIAMONDS SIX,0.619,0.0208,0.3602
DIAMONDS TWO DIAMONDS SIX,0.5996,0.0174,0.383
SPADES QUEEN DIAMONDS KING,0.3106,0.006,0.6834
CLUBS TEN HEARTS JACK,0.2128,0.1164,0.6708
HEARTS SIX DIAMONDS KING,0.3476,0.0102,0.6422
CLUBS TEN SPADES NINE,0.5384,0.0156,0.446
CLUBS NINE DIAMONDS TEN,0.5438,0.0156,0.4406
DIAMONDS KING CLUBS TWO,0.3898,0.008,0.6022
HEARTS EIGHT DIAMONDS THREE,0.643,0.0176,0.3394
DIAMONDS THREE DIAMONDS TEN,0.5988,0.0186,0.3826
SPADES SEVEN CLUBS KING,0.3684,0.0052,0.6264
HEARTS EIGHT DIAMONDS SIX,0.574,0.0162,0.4098
CLUBS SIX SPADES SIX,0.3064,0.0384,0.6552
CLUBS FIVE DIAMONDS TEN,0.7066,0.0616,0.2318
CLUBS THREE CLUBS TWO,0.5958,0.0226,0.3816
HEARTS THREE HEARTS NINE,0.5744,0.019,0.4066
SPADES TEN DIAMONDS SEVEN,0.5684,0.02,0.4116
CLUBS NINE CLUBS FOUR,0.5728,0.0172,0.41
CLUBS EIGHT SPADES FOUR,0.6178,0.019,0.3632
CLUBS THREE DIAMONDS TEN,0.6344,0.0176,0.348
SPADES TEN CLUBS FIVE,0.708,0.0646,0.2274
HEARTS SIX HEARTS FOUR,0.5728,0.021,0.4062
DIAMONDS EIGHT HEARTS NINE,0.5516,0.0198,0.4286
DIAMONDS ACE CLUBS FOUR,0.372,0.004,0.624
HEARTS THREE DIAMONDS SEVEN,0.6452,0.0178,0.337
HEARTS SIX CLUBS THREE,0.6082,0.0206,0.3712
SPADES TEN CLUBS KING,0.3554,0.0046,0.64
SPADES SIX CLUBS QUEEN,0.3558,0.0078,0.6364
DIAMONDS THREE CLUBS EIGHT,0.6192,0.0188,0.362
DIAMONDS THREE DIAMONDS KING,0.3764,0.0068,0.6168
HEARTS TWO CLUBS ACE,0.3926,0.0046,0.6028
CLUBS JACK CLUBS QUEEN,0.2302,0.0354,0.7344
HEARTS TWO DIAMONDS EIGHT,0.6306,0.019,0.3504
CLUBS JACK HEARTS EIGHT,0.2162,0.2232,0.5606
HEARTS FOUR HEARTS ACE,0.3598,0.0042,0.636
DIAMONDS ACE HEARTS QUEEN,0.3198,0.0068,0.6734
SPADES JACK DIAMONDS SEVEN,0.226,0.2936,0.4804
CLUBS FOUR DIAMONDS EIGHT,0.6148,0.0216,0.3636
CLUBS SIX CLUBS FIVE,0.6096,0.0558,0.3346
SPADES QUEEN SPADES SEVEN,0.3388,0.009,0.6522
HEARTS FOUR SPADES SEVEN,0.599,0.0194,0.3816
CLUBS FOUR DIAMONDS SIX,0.5974,0.0182,0.3844
SPADES NINE DIAMONDS SEVEN,0.564,0.0186,0.4174
HEARTS THREE CLUBS FIVE,0.6698,0.0594,0.2708
DIAMONDS QUEEN HEARTS QUEEN,0.1378,0.0116,0.8506
CLUBS FIVE DIAMONDS SEVEN,0.6656,0.0588,0.2756
SPADES ACE HEARTS ACE,0.128,0.0026,0.8694
CLUBS FOUR CLUBS KING,0.3508,0.0062,0.643
CLUBS NINE DIAMONDS NINE,0.2956,0.026,0.6784
CLUBS NINE CLUBS SEVEN,0.529,0.0158,0.4552
DIAMONDS QUEEN SPADES FIVE,0.2234,0.0506,0.726
SPADES ACE SPADES FIVE,0.2276,0.0252,0.7472
DIAMONDS THREE SPADES EIGHT,0.6374,0.0186,0.344
CLUBS SEVEN SPADES FOUR,0.6084,0.0194,0.3722
SPADES SEVEN DIAMONDS FOUR,0.6168,0.0168,0.3664
DIAMONDS THREE HEARTS QUEEN,0.389,0.0116,0.5994
SPADES TEN DIAMONDS FOUR,0.6234,0.0182,0.3584
CLUBS FOUR DIAMONDS KING,0.3862,0.0088,0.605
DIAMONDS THREE HEARTS NINE,0.6236,0.02,0.3564
HEARTS FOUR CLUBS FIVE,0.6456,0.0702,0.2842
HEARTS EIGHT SPADES JACK,0.2202,0.2264,0.5534
SPADES TEN SPADES SEVEN,0.5306,0.0156,0.4538
DIAMONDS THREE SPADES JACK,0.326,0.4666,0.2074
SPADES TEN SPADES SIX,0.55,0.0176,0.4324
SPADES NINE HEARTS QUEEN,0.3444,0.0108,0.6448
CLUBS JACK DIAMONDS TWO,0.3328,0.4638,0.2034
SPADES SEVEN CLUBS FOUR,0.612,0.0144,0.3736
SPADES FIVE HEARTS JACK,0.0114,0.973,0.0156
DIAMONDS SEVEN HEARTS JACK,0.2202,0.296,0.4838
HEARTS EIGHT DIAMONDS TWO,0.6304,0.0182,0.3514
CLUBS ACE CLUBS QUEEN,0.2994,0.0034,0.6972
DIAMONDS THREE CLUBS QUEEN,0.3942,0.0142,0.5916
DIAMONDS THREE CLUBS TEN,0.629,0.0194,0.3516
SPADES KING DIAMONDS NINE,0.3562,0.0082,0.6356
CLUBS EIGHT DIAMONDS EIGHT,0.298,0.0318,0.6702
DIAMONDS KING DIAMONDS NINE,0.3352,0.0072,0.6576
CLUBS TEN SPADES FIVE,0.7078,0.0574,0.2348
SPADES ACE CLUBS ACE,0.1322,0.0026,0.8652
SPADES ACE CLUBS FOUR,0.3908,0.0036,0.6056
SPADES SEVEN SPADES THREE,0.5848,0.0136,0.4016
SPADES NINE HEARTS JACK,0.2348,0.1658,0.5994
DIAMONDS ACE DIAMONDS FIVE,0.2294,0.0332,0.7374
HEARTS FOUR CLUBS KING,0.4018,0.0104,0.5878
SPADES JACK DIAMONDS FIVE,0.0196,0.9706,0.0098
HEARTS TWO DIAMONDS FOUR,0.6248,0.0262,0.349
HEARTS FOUR DIAMONDS NINE,0.639,0.0218,0.3392
DIAMONDS ACE HEARTS ACE,0.1228,0.0044,0.8728
CLUBS FIVE CLUBS TWO,0.6376,0.0638,0.2986
CLUBS SIX SPADES THREE,0.6086,0.0194,0.372
SPADES JACK HEARTS ACE,0.2264,0.0246,0.749
DIAMONDS TEN HEARTS KING,0.3326,0.0104,0.657
CLUBS NINE CLUBS QUEEN,0.3254,0.0098,0.6648
HEARTS FOUR CLUBS SEVEN,0.6218,0.0192,0.359
CLUBS THREE SPADES THREE,0.419,0.0488,0.5322
SPADES JACK CLUBS ACE,0.2324,0.0212,0.7464
CLUBS NINE CLUBS SIX,0.542,0.0154,0.4426
SPADES SEVEN DIAMONDS EIGHT,0.5676,0.0176,0.4148
SPADES KING HEARTS THREE,0.4036,0.0088,0.5876
CLUBS SEVEN HEARTS NINE,0.553,0.0158,0.4312
HEARTS THREE SPADES THREE,0.4182,0.0514,0.5304
CLUBS EIGHT SPADES SIX,0.5722,0.0192,0.4086
SPADES TEN DIAMONDS KING,0.3408,0.0054,0.6538
HEARTS THREE SPADES FOUR,0.631,0.0198,0.3492
CLUBS NINE SPADES THREE,0.6118,0.0182,0.37
CLUBS JACK DIAMONDS QUEEN,0.2262,0.0462,0.7276
CLUBS TEN CLUBS TWO,0.5752,0.0152,0.4096
SPADES KING HEARTS SIX,0.3706,0.0066,0.6228
SPADES TWO CLUBS KING,0.3938,0.0066,0.5996
DIAMONDS TWO DIAMONDS TEN,0.5934,0.0184,0.3882
DIAMONDS ACE DIAMONDS NINE,0.3398,0.006,0.6542
HEARTS EIGHT SPADES KING,0.3638,0.0046,0.6316
SPADES ACE HEARTS KING,0.331,0.0052,0.6638
SPADES EIGHT CLUBS FOUR,0.6146,0.0208,0.3646
DIAMONDS KING CLUBS ACE,0.3228,0.0042,0.673
CLUBS JACK CLUBS SEVEN,0.2164,0.276,0.5076
HEARTS SIX SPADES EIGHT,0.5674,0.0202,0.4124
DIAMONDS KING SPADES THREE,0.3996,0.0074,0.593
SPADES ACE DIAMONDS EIGHT,0.37,0.0028,0.6272
SPADES QUEEN DIAMONDS SEVEN,0.3626,0.0106,0.6268
HEARTS FOUR HEARTS NINE,0.5952,0.0212,0.3836
CLUBS SIX CLUBS KING,0.3468,0.0062,0.647
SPADES JACK SPADES NINE,0.213,0.16,0.627
HEARTS THREE SPADES NINE,0.627,0.0214,0.3516
CLUBS THREE HEARTS QUEEN,0.3908,0.0112,0.598
DIAMONDS TEN CLUBS KING,0.3336,0.0054,0.661
SPADES JACK SPADES FIVE,0.02,0.9114,0.0686
DIAMONDS EIGHT HEARTS TEN,0.5564,0.0152,0.4284
CLUBS EIGHT CLUBS ACE,0.3396,0.0042,0.6562
HEARTS EIGHT CLUBS QUEEN,0.3718,0.0112,0.617
SPADES EIGHT CLUBS TWO,0.6204,0.0172,0.3624
SPADES JACK CLUBS QUEEN,0.2414,0.0432,0.7154
CLUBS JACK CLUBS FIVE,0.0198,0.9098,0.0704
DIAMONDS TWO DIAMONDS FOUR,0.5966,0.0222,0.3812
DIAMONDS KING SPADES FOUR,0.3936,0.0082,0.5982
CLUBS EIGHT DIAMONDS NINE,0.5522,0.0164,0.4314
DIAMONDS ACE SPADES SIX,0.3532,0.005,0.6418
SPADES KING DIAMONDS SEVEN,0.3702,0.0058,0.624
SPADES SEVEN HEARTS ACE,0.3668,0.0046,0.6286
SPADES FIVE CLUBS KING,0.2448,0.0418,0.7134
CLUBS TEN HEARTS TEN,0.2756,0.0206,0.7038
CLUBS KING DIAMONDS FIVE,0.2414,0.0384,0.7202
DIAMONDS THREE CLUBS SEVEN,0.6166,0.0232,0.3602
DIAMONDS TWO SPADES TWO,0.4224,0.0476,0.53
CLUBS ACE DIAMONDS FIVE,0.2288,0.0294,0.7418
SPADES JACK SPADES SEVEN,0.2112,0.2788,0.51
HEARTS THREE HEARTS QUEEN,0.3794,0.0134,0.6072
CLUBS FIVE DIAMONDS KING,0.2386,0.0404,0.721
SPADES KING CLUBS SEVEN,0.3632,0.0064,0.6304
SPADES FIVE SPADES TWO,0.6454,0.0608,0.2938
HEARTS TWO CLUBS FOUR,0.6294,0.0194,0.3512
HEARTS SIX SPADES TWO,0.6254,0.0204,0.3542
CLUBS SEVEN CLUBS ACE,0.3436,0.0032,0.6532
SPADES NINE HEARTS TEN,0.517,0.0156,0.4674
DIAMONDS ACE SPADES SEVEN,0.3596,0.0026,0.6378
DIAMONDS KING HEARTS TEN,0.3444,0.0064,0.6492
CLUBS JACK SPADES FOUR,0.3206,0.4696,0.2098
CLUBS SIX DIAMONDS FIVE,0.6472,0.059,0.2938
CLUBS JACK SPADES SIX,0.222,0.3882,0.3898
CLUBS EIGHT HEARTS TEN,0.5392,0.0168,0.444
HEARTS SIX HEARTS TEN,0.5526,0.0186,0.4288
SPADES QUEEN SPADES TWO,0.3778,0.0128,0.6094
DIAMONDS QUEEN DIAMONDS EIGHT,0.347,0.01,0.643
DIAMONDS THREE DIAMONDS FOUR,0.605,0.0218,0.3732
DIAMONDS EIGHT DIAMONDS FIVE,0.643,0.067,0.29
HEARTS SIX CLUBS SIX,0.2966,0.0406,0.6628
DIAMONDS TWO CLUBS TWO,0.4214,0.047,0.5316
SPADES SIX HEARTS KING,0.3488,0.007,0.6442
CLUBS SEVEN DIAMONDS FIVE,0.6692,0.0558,0.275
SPADES FIVE CLUBS QUEEN,0.2266,0.0528,0.7206
SPADES NINE SPADES FIVE,0.6338,0.0608,0.3054
SPADES KING HEARTS FOUR,0.3898,0.0072,0.603
CLUBS QUEEN DIAMONDS FOUR,0.3864,0.0138,0.5998
CLUBS JACK DIAMONDS EIGHT,0.2298,0.2264,0.5438
DIAMONDS NINE HEARTS NINE,0.2738,0.0328,0.6934
SPADES QUEEN CLUBS SIX,0.3688,0.009,0.6222
SPADES NINE HEARTS NINE,0.2948,0.0296,0.6756
SPADES FIVE SPADES THREE,0.6226,0.0602,0.3172
CLUBS FIVE DIAMONDS SIX,0.6568,0.061,0.2822
HEARTS SEVEN HEARTS NINE,0.5312,0.018,0.4508
CLUBS SIX CLUBS ACE,0.3278,0.0046,0.6676
CLUBS TEN CLUBS NINE,0.4944,0.0184,0.4872
SPADES QUEEN SPADES JACK,0.2222,0.0406,0.7372
CLUBS FIVE SPADES FIVE,0.2812,0.048,0.6708
SPADES KING CLUBS FIVE,0.232,0.0354,0.7326
SPADES TWO DIAMONDS SIX,0.6184,0.0196,0.362
DIAMONDS ACE CLUBS KING,0.3266,0.0042,0.6692
DIAMONDS SIX HEARTS NINE,0.5832,0.0174,0.3994
DIAMONDS KING SPADES FIVE,0.2276,0.0412,0.7312
HEARTS TEN DIAMONDS FIVE,0.7088,0.0718,0.2194
CLUBS TWO DIAMONDS NINE,0.6372,0.0204,0.3424
HEARTS TWO DIAMONDS KING,0.3868,0.0082,0.605
CLUBS SEVEN HEARTS ACE,0.3636,0.0046,0.6318
SPADES SIX DIAMONDS NINE,0.5796,0.0164,0.404
CLUBS TEN CLUBS THREE,0.5828,0.019,0.3982
SPADES QUEEN DIAMONDS SIX,0.3738,0.0118,0.6144
SPADES SEVEN HEARTS NINE,0.5436,0.0216,0.4348
HEARTS EIGHT HEARTS THREE,0.5968,0.0216,0.3816
DIAMONDS THREE CLUBS THREE,0.4074,0.0502,0.5424
CLUBS SEVEN SPADES SIX,0.5624,0.0186,0.419
HEARTS FOUR DIAMONDS ACE,0.3796,0.006,0.6144
DIAMONDS ACE DIAMONDS TEN,0.3284,0.0032,0.6684
CLUBS TEN DIAMONDS NINE,0.5506,0.0162,0.4332
HEARTS TWO CLUBS TWO,0.4158,0.0518,0.5324
CLUBS TWO DIAMONDS EIGHT,0.6336,0.0194,0.347
CLUBS FIVE DIAMONDS EIGHT,0.6706,0.0646,0.2648
DIAMONDS SEVEN DIAMONDS SIX,0.5282,0.017,0.4548
HEARTS EIGHT HEARTS SIX,0.5362,0.0216,0.4422
HEARTS THREE DIAMONDS FIVE,0.6764,0.0618,0.2618
SPADES ACE HEARTS TEN,0.338,0.0036,0.6584
CLUBS JACK HEARTS TWO,0.3238,0.4584,0.2178
DIAMONDS KING DIAMONDS SIX,0.3406,0.0098,0.6496
CLUBS SEVEN SPADES THREE,0.613,0.0194,0.3676
HEARTS SEVEN DIAMONDS EIGHT,0.5634,0.0182,0.4184
HEARTS FOUR CLUBS TWO,0.6364,0.0196,0.344
HEARTS SIX DIAMONDS SEVEN,0.5734,0.018,0.4086
SPADES SIX HEARTS TEN,0.584,0.0164,0.3996
SPADES KING HEARTS NINE,0.3528,0.0054,0.6418
DIAMONDS ACE HEARTS JACK,0.2288,0.0228,0.7484
HEARTS EIGHT SPADES QUEEN,0.3534,0.0114,0.6352
SPADES QUEEN HEARTS ACE,0.329,0.0044,0.6666
HEARTS SIX CLUBS FIVE,0.643,0.0582,0.2988
DIAMONDS THREE CLUBS ACE,0.3982,0.0048,0.597
DIAMONDS TWO HEARTS NINE,0.6342,0.0178,0.348
HEARTS EIGHT CLUBS NINE,0.5414,0.0138,0.4448
HEARTS SEVEN DIAMONDS FIVE,0.6636,0.0638,0.2726
DIAMONDS TWO DIAMONDS KING,0.3706,0.008,0.6214
CLUBS THREE DIAMONDS NINE,0.6474,0.019,0.3336
DIAMONDS TWO HEARTS JACK,0.3168,0.4728,0.2104
HEARTS TWO HEARTS TEN,0.5964,0.0174,0.3862
HEARTS KING HEARTS QUEEN,0.3044,0.01,0.6856
CLUBS THREE SPADES FOUR,0.6226,0.0204,0.357
SPADES JACK DIAMONDS ACE,0.2274,0.02,0.7526
CLUBS FOUR DIAMONDS SEVEN,0.6258,0.022,0.3522
HEARTS EIGHT DIAMONDS NINE,0.5514,0.0166,0.432
SPADES TEN HEARTS ACE,0.3496,0.0034,0.647
HEARTS EIGHT SPADES THREE,0.6226,0.0188,0.3586
CLUBS FOUR CLUBS ACE,0.3576,0.0066,0.6358
CLUBS SEVEN DIAMONDS ACE,0.3678,0.0032,0.629
SPADES ACE DIAMONDS FOUR,0.3892,0.0046,0.6062
CLUBS NINE SPADES SEVEN,0.558,0.0172,0.4248
SPADES TWO HEARTS TEN,0.6184,0.0196,0.362
DIAMONDS EIGHT CLUBS QUEEN,0.35,0.009,0.641
SPADES FOUR HEARTS NINE,0.6262,0.0188,0.355
SPADES FIVE SPADES FOUR,0.6044,0.0672,0.3284
HEARTS JACK DIAMONDS FIVE,0.0082,0.9824,0.0094
SPADES NINE DIAMONDS NINE,0.2874,0.028,0.6846
CLUBS JACK DIAMONDS KING,0.224,0.0318,0.7442
CLUBS TEN HEARTS FOUR,0.6288,0.0174,0.3538
DIAMONDS ACE HEARTS KING,0.3186,0.005,0.6764
SPADES TWO HEARTS QUEEN,0.3904,0.0132,0.5964
HEARTS QUEEN HEARTS NINE,0.3204,0.0094,0.6702
CLUBS SEVEN HEARTS TWO,0.6372,0.0224,0.3404
SPADES KING DIAMONDS FIVE,0.2334,0.0406,0.726
CLUBS TWO CLUBS ACE,0.3636,0.0038,0.6326
HEARTS SEVEN DIAMONDS NINE,0.5558,0.0164,0.4278
CLUBS THREE HEARTS NINE,0.63,0.0202,0.3498
HEARTS EIGHT DIAMONDS ACE,0.3398,0.005,0.6552
HEARTS TEN HEARTS NINE,0.51,0.0174,0.4726
SPADES KING HEARTS SEVEN,0.3518,0.0086,0.6396
SPADES SIX CLUBS KING,0.3748,0.0066,0.6186
DIAMONDS KING CLUBS KING,0.1306,0.0052,0.8642
CLUBS NINE CLUBS ACE,0.3422,0.0048,0.653
DIAMONDS EIGHT CLUBS KING,0.3732,0.0076,0.6192
HEARTS TWO SPADES FIVE,0.6778,0.066,0.2562
CLUBS FIVE HEARTS TEN,0.6958,0.0602,0.244
CLUBS THREE HEARTS KING,0.3894,0.0068,0.6038
SPADES KING CLUBS THREE,0.3944,0.0064,0.5992
CLUBS JACK HEARTS KING,0.2234,0.0286,0.748
SPADES EIGHT DIAMONDS ACE,0.3548,0.0046,0.6406
CLUBS TEN HEARTS QUEEN,0.3362,0.0094,0.6544
SPADES JACK HEARTS QUEEN,0.2384,0.0412,0.7204
CLUBS JACK CLUBS EIGHT,0.2122,0.213,0.5748
CLUBS ACE HEARTS NINE,0.3716,0.0036,0.6248
CLUBS THREE DIAMONDS FIVE,0.661,0.0688,0.2702
HEARTS SIX CLUBS SEVEN,0.5594,0.0218,0.4188
HEARTS EIGHT HEARTS TEN,0.527,0.0158,0.4572
DIAMONDS NINE SPADES TWO,0.625,0.0202,0.3548
HEARTS EIGHT CLUBS TEN,0.5336,0.018,0.4484
HEARTS SEVEN DIAMONDS QUEEN,0.3562,0.0118,0.632
SPADES ACE CLUBS THREE,0.3834,0.0038,0.6128
SPADES THREE DIAMONDS EIGHT,0.6262,0.018,0.3558
CLUBS EIGHT CLUBS FIVE,0.6282,0.0582,0.3136
DIAMONDS TWO CLUBS FOUR,0.639,0.0208,0.3402
SPADES SEVEN DIAMONDS SIX,0.5524,0.0208,0.4268
DIAMONDS THREE HEARTS ACE,0.3882,0.0048,0.607
SPADES FIVE DIAMONDS SEVEN,0.6584,0.0604,0.2812
DIAMONDS TWO DIAMONDS QUEEN,0.375,0.0128,0.6122
SPADES QUEEN SPADES TEN,0.322,0.0064,0.6716
HEARTS KING DIAMONDS SIX,0.359,0.0096,0.6314
DIAMONDS NINE DIAMONDS FOUR,0.6074,0.019,0.3736
HEARTS FOUR SPADES NINE,0.6352,0.0182,0.3466
HEARTS SEVEN SPADES EIGHT,0.5494,0.0204,0.4302
DIAMONDS TWO CLUBS EIGHT,0.6272,0.019,0.3538
HEARTS TWO DIAMONDS ACE,0.377,0.0048,0.6182
CLUBS JACK CLUBS SIX,0.21,0.359,0.431
SPADES THREE SPADES TWO,0.5798,0.0192,0.401
SPADES ACE DIAMONDS KING,0.3338,0.0048,0.6614
HEARTS ACE CLUBS QUEEN,0.3206,0.0044,0.675
HEARTS FOUR DIAMONDS EIGHT,0.628,0.021,0.351
SPADES QUEEN SPADES NINE,0.3176,0.011,0.6714
CLUBS TEN SPADES EIGHT,0.5582,0.0168,0.425
SPADES EIGHT HEARTS NINE,0.5496,0.0174,0.433
SPADES FIVE DIAMONDS FIVE,0.2932,0.049,0.6578
DIAMONDS TEN SPADES THREE,0.6284,0.0166,0.355
SPADES TEN SPADES FIVE,0.6634,0.0564,0.2802
SPADES EIGHT DIAMONDS TEN,0.5542,0.0154,0.4304
HEARTS FOUR CLUBS ACE,0.3766,0.0046,0.6188
CLUBS TEN DIAMONDS KING,0.3374,0.0072,0.6554
SPADES NINE DIAMONDS EIGHT,0.5516,0.017,0.4314
HEARTS KING SPADES TWO,0.395,0.0112,0.5938
DIAMONDS EIGHT DIAMONDS SEVEN,0.5398,0.0172,0.443
CLUBS SIX HEARTS KING,0.3626,0.0078,0.6296
HEARTS SEVEN CLUBS NINE,0.5586,0.0152,0.4262
SPADES THREE CLUBS QUEEN,0.3922,0.0134,0.5944
SPADES ACE CLUBS QUEEN,0.3402,0.005,0.6548
DIAMONDS THREE CLUBS FOUR,0.6284,0.0218,0.3498
HEARTS ACE DIAMONDS FOUR,0.3802,0.0068,0.613
SPADES KING SPADES TWO,0.3704,0.0084,0.6212
CLUBS JACK SPADES KING,0.2386,0.0278,0.7336
HEARTS EIGHT CLUBS THREE,0.6282,0.0206,0.3512
CLUBS EIGHT SPADES NINE,0.5454,0.017,0.4376
DIAMONDS TEN SPADES TWO,0.6202,0.0234,0.3564
SPADES JACK CLUBS THREE,0.3162,0.4668,0.217
HEARTS TWO SPADES THREE,0.639,0.0218,0.3392
DIAMONDS KING DIAMONDS QUEEN,0.3088,0.0086,0.6826
SPADES SEVEN DIAMONDS TEN,0.5768,0.0166,0.4066
DIAMONDS KING HEARTS JACK,0.2258,0.0292,0.745
SPADES THREE CLUBS KING,0.406,0.0064,0.5876
DIAMONDS ACE DIAMONDS QUEEN,0.3136,0.0048,0.6816
SPADES ACE DIAMONDS THREE,0.3906,0.005,0.6044
SPADES KING CLUBS TEN,0.3496,0.006,0.6444
SPADES FOUR DIAMONDS NINE,0.627,0.0192,0.3538
DIAMONDS THREE HEARTS SIX,0.6206,0.019,0.3604
HEARTS SIX DIAMONDS EIGHT,0.557,0.0192,0.4238
SPADES ACE CLUBS NINE,0.3764,0.0038,0.6198
HEARTS SEVEN SPADES QUEEN,0.361,0.0102,0.6288
CLUBS TEN HEARTS ACE,0.3432,0.0048,0.652
HEARTS FOUR SPADES TEN,0.6358,0.0152,0.349
SPADES ACE CLUBS EIGHT,0.3652,0.0036,0.6312
SPADES TEN CLUBS ACE,0.3532,0.0018,0.645
SPADES KING CLUBS NINE,0.3618,0.0086,0.6296
DIAMONDS ACE SPADES FOUR,0.3832,0.0058,0.611
CLUBS SEVEN CLUBS FIVE,0.6128,0.0578,0.3294
SPADES QUEEN HEARTS THREE,0.399,0.014,0.587
CLUBS FIVE CLUBS FOUR,0.59,0.0648,0.3452
DIAMONDS THREE HEARTS JACK,0.308,0.473,0.219
SPADES EIGHT SPADES FIVE,0.6308,0.061,0.3082
SPADES JACK DIAMONDS SIX,0.2338,0.3794,0.3868
HEARTS FOUR DIAMONDS FOUR,0.4054,0.051,0.5436
DIAMONDS KING CLUBS QUEEN,0.3226,0.0068,0.6706
CLUBS FOUR HEARTS JACK,0.3102,0.4798,0.21
CLUBS TWO HEARTS KING,0.398,0.0062,0.5958
SPADES TWO DIAMONDS FIVE,0.6894,0.0632,0.2474
CLUBS SEVEN CLUBS SIX,0.5234,0.0154,0.4612
SPADES SEVEN HEARTS KING,0.3562,0.0076,0.6362
CLUBS TEN HEARTS SEVEN,0.552,0.0146,0.4334
DIAMONDS KING CLUBS THREE,0.3864,0.0098,0.6038
HEARTS QUEEN DIAMONDS FIVE,0.2204,0.053,0.7266
HEARTS EIGHT DIAMONDS TEN,0.5558,0.0166,0.4276
HEARTS FOUR HEARTS KING,0.3844,0.0082,0.6074
SPADES QUEEN HEARTS TEN,0.3276,0.0102,0.6622
HEARTS SEVEN CLUBS FOUR,0.6094,0.0176,0.373
SPADES SEVEN DIAMONDS NINE,0.5726,0.017,0.4104
DIAMONDS TEN SPADES FOUR,0.6286,0.0196,0.3518
CLUBS NINE SPADES FIVE,0.6908,0.0602,0.249
CLUBS EIGHT DIAMONDS FOUR,0.615,0.0214,0.3636
SPADES NINE DIAMONDS SIX,0.5818,0.0208,0.3974
HEARTS SEVEN SPADES TEN,0.5676,0.0168,0.4156
CLUBS TEN SPADES FOUR,0.614,0.0198,0.3662
CLUBS JACK CLUBS TWO,0.3072,0.429,0.2638
DIAMONDS THREE CLUBS FIVE,0.6704,0.0668,0.2628
DIAMONDS TWO SPADES SEVEN,0.6462,0.0212,0.3326
CLUBS FOUR HEARTS NINE,0.6258,0.0196,0.3546
HEARTS SIX HEARTS THREE,0.577,0.0168,0.4062
HEARTS FOUR HEARTS QUEEN,0.371,0.0112,0.6178
SPADES KING HEARTS ACE,0.335,0.006,0.659
CLUBS FOUR DIAMONDS NINE,0.621,0.0186,0.3604
SPADES FIVE HEARTS KING,0.2244,0.0332,0.7424
CLUBS SEVEN DIAMONDS NINE,0.5692,0.016,0.4148
HEARTS QUEEN DIAMONDS SIX,0.3558,0.0108,0.6334
SPADES NINE HEARTS KING,0.3432,0.007,0.6498
SPADES SEVEN DIAMONDS KING,0.364,0.007,0.629
CLUBS SEVEN SPADES TWO,0.6192,0.0232,0.3576
SPADES ACE CLUBS KING,0.3386,0.0036,0.6578
DIAMONDS THREE DIAMONDS TWO,0.6104,0.0228,0.3668
SPADES THREE HEARTS TEN,0.6132,0.0202,0.3666
SPADES ACE HEARTS JACK,0.2266,0.0236,0.7498
CLUBS TEN CLUBS ACE,0.3202,0.005,0.6748
DIAMONDS SEVEN DIAMONDS FOUR,0.5774,0.0184,0.4042
SPADES QUEEN CLUBS ACE,0.3146,0.0044,0.681
SPADES QUEEN DIAMONDS ACE,0.3404,0.005,0.6546
SPADES QUEEN DIAMONDS FIVE,0.229,0.0536,0.7174
HEARTS TWO SPADES FOUR,0.6538,0.0196,0.3266
CLUBS EIGHT CLUBS SIX,0.5378,0.017,0.4452
CLUBS FOUR DIAMONDS QUEEN,0.3888,0.0108,0.6004
HEARTS SEVEN SPADES THREE,0.618,0.021,0.361
HEARTS ACE DIAMONDS SEVEN,0.356,0.0066,0.6374
SPADES KING CLUBS ACE,0.3256,0.0046,0.6698
SPADES QUEEN DIAMONDS FOUR,0.3956,0.0098,0.5946
HEARTS THREE SPADES FIVE,0.6606,0.0646,0.2748
HEARTS THREE CLUBS QUEEN,0.4002,0.012,0.5878
CLUBS FOUR DIAMONDS FIVE,0.6512,0.0676,0.2812
CLUBS SIX SPADES EIGHT,0.5704,0.016,0.4136
CLUBS FIVE SPADES FOUR,0.6436,0.066,0.2904
SPADES JACK CLUBS SIX,0.2244,0.3832,0.3924
CLUBS EIGHT DIAMONDS ACE,0.3618,0.0054,0.6328
HEARTS QUEEN HEARTS TEN,0.3184,0.01,0.6716
HEARTS FOUR DIAMONDS FIVE,0.65,0.068,0.282
SPADES EIGHT DIAMONDS FOUR,0.6288,0.019,0.3522
CLUBS TEN SPADES THREE,0.6254,0.0192,0.3554
CLUBS FIVE DIAMONDS FOUR,0.6552,0.0664,0.2784
SPADES JACK HEARTS KING,0.2208,0.0298,0.7494
HEARTS THREE CLUBS ACE,0.4016,0.0036,0.5948
DIAMONDS TWO CLUBS THREE,0.6568,0.0192,0.324
SPADES EIGHT SPADES SIX,0.5196,0.017,0.4634
HEARTS THREE CLUBS KING,0.408,0.0094,0.5826
CLUBS SEVEN DIAMONDS FOUR,0.5996,0.0184,0.382
CLUBS SIX SPADES FOUR,0.5886,0.0188,0.3926
CLUBS FIVE CLUBS KING,0.2228,0.0354,0.7418
DIAMONDS TWO SPADES EIGHT,0.6366,0.0146,0.3488
CLUBS JACK DIAMONDS FOUR,0.3292,0.4598,0.211
DIAMONDS QUEEN SPADES THREE,0.3936,0.0126,0.5938
HEARTS SEVEN CLUBS QUEEN,0.3568,0.0114,0.6318
DIAMONDS ACE HEARTS TEN,0.3266,0.0048,0.6686
CLUBS EIGHT HEARTS TWO,0.6288,0.0178,0.3534
CLUBS TEN HEARTS NINE,0.5314,0.0172,0.4514
SPADES TEN DIAMONDS ACE,0.347,0.0044,0.6486
CLUBS EIGHT SPADES THREE,0.6102,0.0198,0.37
HEARTS SEVEN SPADES TWO,0.6282,0.0178,0.354
HEARTS THREE CLUBS TWO,0.635,0.0214,0.3436
SPADES QUEEN CLUBS QUEEN,0.1348,0.01,0.8552
SPADES EIGHT SPADES TWO,0.5928,0.019,0.3882
DIAMONDS NINE CLUBS QUEEN,0.353,0.0116,0.6354
CLUBS TWO HEARTS ACE,0.3818,0.0054,0.6128
HEARTS FOUR CLUBS QUEEN,0.394,0.0106,0.5954
HEARTS TWO SPADES SEVEN,0.6288,0.0172,0.354
HEARTS SIX SPADES SIX,0.3012,0.0466,0.6522
