opposingHand,winningChance,drawChance,lostChance
HEARTS SIX SPADES SIX
HEARTS FIVE SPADES TEN,0.6498,0.0596,0.2906
SPADES JACK HEARTS FIVE,0.6548,0.0446,0.3006
SPADES FIVE CLUBS JACK,0.6576,0.0416,0.3008
CLUBS TEN SPADES FIVE,0.6386,0.0628,0.2986
CLUBS EIGHT CLUBS JACK,0.5048,0.033,0.4622
CLUBS TEN CLUBS EIGHT,0.491,0.0384,0.4706
CLUBS EIGHT CLUBS KING,0.5272,0.0096,0.4632
SPADES FIVE CLUBS ACE,0.6286,0.0046,0.3668
CLUBS EIGHT CLUBS QUEEN,0.5116,0.02,0.4684
SPADES FIVE CLUBS KING,0.6552,0.0118,0.333
SPADES FIVE CLUBS QUEEN,0.6616,0.0248,0.3136
CLUBS EIGHT CLUBS ACE,0.5124,0.0032,0.4844
DIAMONDS TWO DIAMONDS THREE,0.6922,0.1298,0.178
DIAMONDS TWO DIAMONDS FIVE,0.7006,0.1196,0.1798
SPADES KING HEARTS FIVE,0.6506,0.0156,0.3338
DIAMONDS TWO DIAMONDS FOUR,0.7,0.127,0.173
SPADES QUEEN HEARTS FIVE,0.6634,0.0226,0.314
DIAMONDS TWO DIAMONDS SEVEN,0.6298,0.0956,0.2746
DIAMONDS TWO DIAMONDS SIX,0.7756,0.1078,0.1166
SPADES ACE HEARTS FIVE,0.6396,0.0034,0.357
DIAMONDS TWO DIAMONDS NINE,0.6224,0.0712,0.3064
DIAMONDS TWO DIAMONDS EIGHT,0.6232,0.091,0.2858
DIAMONDS THREE DIAMONDS FOUR,0.6908,0.1292,0.18
SPADES FOUR CLUBS TWO,0.7242,0.1382,0.1376
DIAMONDS THREE DIAMONDS FIVE,0.696,0.1162,0.1878
SPADES FIVE CLUBS TWO,0.7322,0.1302,0.1376
CLUBS TWO SPADES TWO,0.5764,0.2432,0.1804
CLUBS TWO SPADES THREE,0.744,0.1392,0.1168
DIAMONDS THREE DIAMONDS EIGHT,0.6168,0.0862,0.297
SPADES EIGHT CLUBS TWO,0.659,0.0918,0.2492
DIAMONDS THREE DIAMONDS NINE,0.6172,0.0744,0.3084
SPADES NINE CLUBS TWO,0.6474,0.0746,0.278
DIAMONDS THREE DIAMONDS SIX,0.748,0.11,0.142
DIAMONDS THREE DIAMONDS SEVEN,0.6172,0.1026,0.2802
SPADES SEVEN CLUBS TWO,0.6532,0.1082,0.2386
CLUBS SIX CLUBS TWO,0.7652,0.1114,0.1234
CLUBS SEVEN CLUBS TWO,0.6226,0.102,0.2754
CLUBS FOUR CLUBS TWO,0.7004,0.1262,0.1734
CLUBS FIVE CLUBS TWO,0.69,0.125,0.185
CLUBS TEN CLUBS JACK,0.48,0.0208,0.4992
DIAMONDS FOUR DIAMONDS SIX,0.7302,0.117,0.1528
CLUBS TEN CLUBS QUEEN,0.4872,0.0124,0.5004
DIAMONDS FOUR DIAMONDS SEVEN,0.6172,0.1024,0.2804
CLUBS TEN CLUBS KING,0.5024,0.0088,0.4888
CLUBS TEN CLUBS ACE,0.501,0.0052,0.4938
CLUBS EIGHT CLUBS TWO,0.6314,0.0792,0.2894
DIAMONDS FIVE DIAMONDS FOUR,0.6822,0.1214,0.1964
CLUBS NINE CLUBS TWO,0.6032,0.0738,0.323
DIAMONDS NINE DIAMONDS FOUR,0.6092,0.0736,0.3172
DIAMONDS EIGHT DIAMONDS FOUR,0.619,0.0808,0.3002
CLUBS THREE CLUBS TWO,0.6946,0.129,0.1764
DIAMONDS NINE DIAMONDS FIVE,0.596,0.0692,0.3348
DIAMONDS TWO CLUBS JACK,0.643,0.0424,0.3146
DIAMONDS EIGHT DIAMONDS FIVE,0.608,0.0878,0.3042
CLUBS TEN DIAMONDS TWO,0.6388,0.0568,0.3044
DIAMONDS FIVE DIAMONDS SEVEN,0.5952,0.103,0.3018
DIAMONDS FIVE DIAMONDS SIX,0.7132,0.1122,0.1746
DIAMONDS TWO CLUBS ACE,0.6308,0.006,0.3632
DIAMONDS TWO CLUBS KING,0.6544,0.0138,0.3318
DIAMONDS TWO CLUBS QUEEN,0.6552,0.0304,0.3144
DIAMONDS EIGHT DIAMONDS SIX,0.5866,0.0724,0.341
DIAMONDS NINE DIAMONDS SIX,0.6108,0.0648,0.3244
HEARTS ACE SPADES THREE,0.6356,0.0048,0.3596
SPADES THREE HEARTS KING,0.6508,0.017,0.3322
DIAMONDS SEVEN DIAMONDS SIX,0.5806,0.0832,0.3362
SPADES THREE HEARTS QUEEN,0.659,0.0238,0.3172
SPADES THREE HEARTS JACK,0.6468,0.044,0.3092
SPADES THREE HEARTS TEN,0.668,0.0622,0.2698
DIAMONDS EIGHT DIAMONDS SEVEN,0.4924,0.0856,0.422
DIAMONDS NINE DIAMONDS SEVEN,0.498,0.064,0.438
DIAMONDS NINE DIAMONDS EIGHT,0.4852,0.0548,0.46
DIAMONDS KING HEARTS TEN,0.5306,0.0086,0.4608
HEARTS THREE HEARTS TEN,0.6106,0.0562,0.3332
SPADES JACK CLUBS SIX,0.6712,0.04,0.2888
DIAMONDS KING HEARTS JACK,0.5148,0.0046,0.4806
HEARTS THREE HEARTS JACK,0.608,0.044,0.348
SPADES TEN CLUBS SIX,0.6446,0.0514,0.304
SPADES JACK SPADES FIVE,0.618,0.0402,0.3418
SPADES TEN SPADES FIVE,0.6216,0.0542,0.3242
DIAMONDS KING HEARTS ACE,0.5222,0.0034,0.4744
HEARTS THREE HEARTS ACE,0.607,0.0038,0.3892
SPADES ACE CLUBS SIX,0.6526,0.0302,0.3172
DIAMONDS KING HEARTS QUEEN,0.5144,0.0052,0.4804
HEARTS THREE HEARTS QUEEN,0.618,0.028,0.354
SPADES KING CLUBS SIX,0.6624,0.0308,0.3068
DIAMONDS KING HEARTS KING,0.2024,0.036,0.7616
HEARTS THREE HEARTS KING,0.6296,0.016,0.3544
SPADES QUEEN CLUBS SIX,0.6642,0.0352,0.3006
SPADES NINE HEARTS TEN,0.504,0.043,0.453
SPADES NINE HEARTS JACK,0.5064,0.0274,0.4662
SPADES QUEEN SPADES FIVE,0.6112,0.026,0.3628
SPADES KING SPADES FIVE,0.619,0.0148,0.3662
SPADES ACE SPADES FIVE,0.5968,0.0056,0.3976
SPADES NINE HEARTS QUEEN,0.5162,0.0178,0.466
SPADES NINE HEARTS KING,0.5238,0.0126,0.4636
SPADES NINE HEARTS ACE,0.5192,0.0038,0.477
CLUBS TEN SPADES JACK,0.4982,0.0266,0.4752
CLUBS TEN SPADES TEN,0.1972,0.1162,0.6866
SPADES ACE CLUBS TEN,0.5086,0.004,0.4874
SPADES KING CLUBS TEN,0.5172,0.0094,0.4734
CLUBS TEN SPADES QUEEN,0.5074,0.017,0.4756
SPADES FIVE HEARTS QUEEN,0.6444,0.0292,0.3264
SPADES FIVE HEARTS KING,0.6412,0.0176,0.3412
SPADES FIVE HEARTS ACE,0.6378,0.0038,0.3584
CLUBS EIGHT SPADES TEN,0.5184,0.0486,0.433
HEARTS THREE SPADES JACK,0.6496,0.0496,0.3008
SPADES JACK DIAMONDS KING,0.509,0.0066,0.4844
SPADES TEN DIAMONDS KING,0.5114,0.0088,0.4798
HEARTS THREE SPADES TEN,0.6498,0.0598,0.2904
SPADES JACK CLUBS EIGHT,0.5192,0.0334,0.4474
CLUBS SIX HEARTS ACE,0.669,0.026,0.305
SPADES ACE CLUBS EIGHT,0.5328,0.0048,0.4624
HEARTS FIVE CLUBS JACK,0.6482,0.0402,0.3116
CLUBS TEN HEARTS FIVE,0.6578,0.0576,0.2846
CLUBS SIX HEARTS QUEEN,0.6712,0.0334,0.2954
SPADES QUEEN CLUBS EIGHT,0.5516,0.02,0.4284
CLUBS TEN SPADES THREE,0.6584,0.0534,0.2882
CLUBS SIX HEARTS KING,0.6706,0.0298,0.2996
SPADES KING CLUBS EIGHT,0.5488,0.0112,0.44
SPADES THREE CLUBS JACK,0.6552,0.04,0.3048
DIAMONDS TWO HEARTS JACK,0.65,0.0404,0.3096
SPADES THREE CLUBS QUEEN,0.6548,0.0312,0.314
DIAMONDS TWO HEARTS TEN,0.6442,0.0584,0.2974
SPADES THREE CLUBS KING,0.6454,0.0164,0.3382
HEARTS FIVE CLUBS ACE,0.6392,0.003,0.3578
SPADES FIVE HEARTS TEN,0.6528,0.0602,0.287
SPADES THREE CLUBS ACE,0.632,0.0036,0.3644
HEARTS FIVE CLUBS KING,0.6552,0.0152,0.3296
SPADES FIVE HEARTS JACK,0.6424,0.0412,0.3164
HEARTS FIVE CLUBS QUEEN,0.6522,0.0256,0.3222
HEARTS THREE CLUBS KING,0.6556,0.0152,0.3292
DIAMONDS KING CLUBS KING,0.204,0.0318,0.7642
HEARTS THREE CLUBS QUEEN,0.6568,0.0294,0.3138
DIAMONDS KING CLUBS QUEEN,0.5338,0.0052,0.461
HEARTS FIVE HEARTS JACK,0.6152,0.041,0.3438
HEARTS FIVE HEARTS TEN,0.6178,0.0624,0.3198
HEARTS THREE CLUBS ACE,0.6364,0.005,0.3586
DIAMONDS KING CLUBS ACE,0.527,0.0042,0.4688
SPADES ACE CLUBS QUEEN,0.5252,0.0044,0.4704
SPADES KING CLUBS QUEEN,0.5156,0.005,0.4794
HEARTS THREE CLUBS JACK,0.6484,0.045,0.3066
DIAMONDS KING CLUBS JACK,0.5248,0.0068,0.4684
SPADES QUEEN CLUBS QUEEN,0.1882,0.0596,0.7522
CLUBS TEN HEARTS THREE,0.6566,0.054,0.2894
CLUBS TEN DIAMONDS KING,0.5228,0.0056,0.4716
SPADES JACK CLUBS QUEEN,0.5088,0.0156,0.4756
CLUBS SIX CLUBS QUEEN,0.614,0.0302,0.3558
SPADES TEN CLUBS QUEEN,0.5062,0.012,0.4818
CLUBS SIX CLUBS KING,0.6148,0.029,0.3562
CLUBS SIX CLUBS ACE,0.6258,0.0234,0.3508
HEARTS FIVE HEARTS KING,0.6226,0.0182,0.3592
HEARTS FIVE HEARTS QUEEN,0.6188,0.0264,0.3548
CLUBS TEN CLUBS SIX,0.6208,0.0446,0.3346
HEARTS FIVE HEARTS ACE,0.5916,0.0028,0.4056
CLUBS SIX CLUBS JACK,0.631,0.038,0.331
SPADES SEVEN HEARTS JACK,0.5242,0.0388,0.437
SPADES SEVEN HEARTS TEN,0.5332,0.0558,0.411
DIAMONDS TWO CLUBS TWO,0.5776,0.2378,0.1846
DIAMONDS TWO CLUBS THREE,0.7348,0.131,0.1342
DIAMONDS TWO HEARTS QUEEN,0.6532,0.0312,0.3156
HEARTS SEVEN DIAMONDS TWO,0.6634,0.1034,0.2332
DIAMONDS TWO HEARTS KING,0.6574,0.0168,0.3258
DIAMONDS TWO HEARTS EIGHT,0.6558,0.0868,0.2574
DIAMONDS TWO HEARTS ACE,0.6272,0.0066,0.3662
DIAMONDS TWO HEARTS NINE,0.6686,0.071,0.2604
DIAMONDS TWO DIAMONDS QUEEN,0.6252,0.0228,0.352
DIAMONDS TWO HEARTS TWO,0.5866,0.2396,0.1738
DIAMONDS TWO DIAMONDS KING,0.6192,0.0136,0.3672
HEARTS THREE DIAMONDS TWO,0.7474,0.1272,0.1254
DIAMONDS TWO DIAMONDS ACE,0.595,0.0052,0.3998
HEARTS FOUR DIAMONDS TWO,0.7386,0.1336,0.1278
DIAMONDS TWO HEARTS FIVE,0.7474,0.119,0.1336
SPADES SEVEN HEARTS ACE,0.5384,0.0042,0.4574
DIAMONDS TWO DIAMONDS TEN,0.6236,0.0544,0.322
SPADES SEVEN HEARTS KING,0.5472,0.0124,0.4404
DIAMONDS TWO DIAMONDS JACK,0.6242,0.0372,0.3386
SPADES SEVEN HEARTS QUEEN,0.549,0.0272,0.4238
DIAMONDS TWO SPADES NINE,0.6542,0.0796,0.2662
DIAMONDS TWO SPADES EIGHT,0.6594,0.0904,0.2502
DIAMONDS TWO SPADES SEVEN,0.6516,0.1102,0.2382
DIAMONDS TWO SPADES FIVE,0.7438,0.1262,0.13
DIAMONDS TWO SPADES FOUR,0.7474,0.1174,0.1352
DIAMONDS TWO SPADES THREE,0.7254,0.143,0.1316
DIAMONDS TWO SPADES TWO,0.582,0.2406,0.1774
CLUBS NINE DIAMONDS TWO,0.6556,0.0718,0.2726
DIAMONDS TWO CLUBS EIGHT,0.6434,0.0972,0.2594
CLUBS SEVEN DIAMONDS TWO,0.6582,0.1052,0.2366
DIAMONDS TWO CLUBS SIX,0.7998,0.1224,0.0778
DIAMONDS TWO CLUBS FIVE,0.7334,0.123,0.1436
DIAMONDS TWO CLUBS FOUR,0.737,0.1308,0.1322
CLUBS FOUR SPADES FIVE,0.742,0.1202,0.1378
CLUBS FOUR SPADES FOUR,0.5674,0.2508,0.1818
CLUBS FOUR SPADES THREE,0.7272,0.1302,0.1426
CLUBS FOUR SPADES TWO,0.7398,0.1324,0.1278
SPADES NINE CLUBS FOUR,0.6502,0.0764,0.2734
SPADES EIGHT CLUBS FOUR,0.6444,0.0904,0.2652
SPADES SEVEN CLUBS FOUR,0.6488,0.1026,0.2486
SPADES ACE DIAMONDS SIX,0.673,0.026,0.301
SPADES QUEEN DIAMONDS SIX,0.6672,0.0402,0.2926
SPADES KING DIAMONDS SIX,0.6556,0.0348,0.3096
SPADES TEN DIAMONDS SIX,0.6626,0.0484,0.289
SPADES JACK DIAMONDS SIX,0.6646,0.0428,0.2926
SPADES QUEEN SPADES TWO,0.6156,0.0278,0.3566
SPADES KING SPADES TWO,0.6286,0.0114,0.36
SPADES ACE SPADES TWO,0.599,0.0058,0.3952
DIAMONDS JACK CLUBS JACK,0.1976,0.0986,0.7038
CLUBS TEN DIAMONDS JACK,0.4966,0.0262,0.4772
DIAMONDS JACK CLUBS KING,0.5256,0.0052,0.4692
DIAMONDS JACK CLUBS QUEEN,0.5218,0.0124,0.4658
DIAMONDS THREE DIAMONDS JACK,0.6048,0.0396,0.3556
DIAMONDS THREE DIAMONDS TEN,0.6164,0.0578,0.3258
DIAMONDS JACK CLUBS ACE,0.5194,0.0034,0.4772
DIAMONDS THREE DIAMONDS KING,0.5964,0.0102,0.3934
HEARTS THREE DIAMONDS THREE,0.5876,0.2366,0.1758
DIAMONDS THREE DIAMONDS QUEEN,0.61,0.0268,0.3632
DIAMONDS THREE HEARTS TWO,0.7372,0.1358,0.127
HEARTS FIVE DIAMONDS THREE,0.7258,0.136,0.1382
DIAMONDS THREE DIAMONDS ACE,0.5966,0.006,0.3974
HEARTS FOUR DIAMONDS THREE,0.7372,0.13,0.1328
HEARTS SEVEN DIAMONDS THREE,0.647,0.1096,0.2434
SPADES TEN SPADES NINE,0.4838,0.0394,0.4768
SPADES JACK SPADES NINE,0.5074,0.0252,0.4674
DIAMONDS THREE HEARTS NINE,0.6544,0.0804,0.2652
HEARTS JACK DIAMONDS FOUR,0.6422,0.0406,0.3172
HEARTS ACE HEARTS KING,0.5062,0.0032,0.4906
SPADES TEN SPADES TWO,0.6314,0.0596,0.309
DIAMONDS THREE HEARTS EIGHT,0.6552,0.0974,0.2474
HEARTS TEN DIAMONDS FOUR,0.6572,0.054,0.2888
SPADES JACK SPADES TWO,0.6296,0.0468,0.3236
HEARTS QUEEN DIAMONDS FOUR,0.6462,0.026,0.3278
HEARTS KING DIAMONDS FOUR,0.6508,0.0192,0.33
SPADES ACE SPADES NINE,0.515,0.0046,0.4804
HEARTS ACE DIAMONDS FOUR,0.6338,0.005,0.3612
SPADES KING SPADES NINE,0.5024,0.0114,0.4862
SPADES QUEEN SPADES NINE,0.5082,0.0194,0.4724
DIAMONDS THREE SPADES NINE,0.6446,0.078,0.2774
DIAMONDS THREE SPADES EIGHT,0.6524,0.0888,0.2588
DIAMONDS THREE SPADES SEVEN,0.6504,0.1,0.2496
DIAMONDS THREE CLUBS SIX,0.7956,0.1096,0.0948
CLUBS FIVE CLUBS SIX,0.7134,0.1082,0.1784
CLUBS ACE DIAMONDS FOUR,0.6268,0.006,0.3672
CLUBS SEVEN DIAMONDS THREE,0.6556,0.1012,0.2432
CLUBS SEVEN CLUBS FIVE,0.6066,0.1034,0.29
DIAMONDS THREE CLUBS FOUR,0.727,0.1312,0.1418
DIAMONDS FOUR CLUBS QUEEN,0.6496,0.0296,0.3208
DIAMONDS THREE CLUBS FIVE,0.7256,0.123,0.1514
CLUBS KING DIAMONDS FOUR,0.6374,0.0158,0.3468
DIAMONDS THREE CLUBS TWO,0.7302,0.1342,0.1356
CLUBS TEN DIAMONDS FOUR,0.6418,0.0596,0.2986
DIAMONDS THREE CLUBS THREE,0.5792,0.2404,0.1804
DIAMONDS FOUR CLUBS JACK,0.6474,0.0404,0.3122
DIAMONDS THREE SPADES FOUR,0.7296,0.1344,0.136
DIAMONDS THREE SPADES FIVE,0.743,0.1274,0.1296
DIAMONDS THREE SPADES TWO,0.7318,0.1338,0.1344
DIAMONDS THREE SPADES THREE,0.5778,0.2362,0.186
CLUBS EIGHT DIAMONDS THREE,0.6558,0.0922,0.252
CLUBS NINE DIAMONDS THREE,0.648,0.0754,0.2766
SPADES SEVEN CLUBS ACE,0.5284,0.0048,0.4668
SPADES SEVEN CLUBS QUEEN,0.5544,0.0284,0.4172
SPADES SEVEN CLUBS KING,0.545,0.0152,0.4398
CLUBS FIVE SPADES SEVEN,0.6444,0.1,0.2556
CLUBS TEN SPADES SEVEN,0.5306,0.0564,0.413
SPADES SEVEN CLUBS JACK,0.5386,0.0376,0.4238
CLUBS FIVE SPADES NINE,0.6514,0.0754,0.2732
CLUBS FIVE SPADES EIGHT,0.6422,0.0974,0.2604
CLUBS FIVE SPADES THREE,0.7312,0.1324,0.1364
CLUBS FIVE SPADES TWO,0.742,0.1246,0.1334
CLUBS FIVE SPADES FIVE,0.5712,0.2526,0.1762
CLUBS FIVE SPADES FOUR,0.726,0.1252,0.1488
CLUBS NINE CLUBS FIVE,0.6064,0.0758,0.3178
CLUBS EIGHT CLUBS FIVE,0.602,0.0834,0.3146
CLUBS ACE CLUBS QUEEN,0.4952,0.002,0.5028
CLUBS KING CLUBS QUEEN,0.4996,0.0052,0.4952
DIAMONDS TEN DIAMONDS FOUR,0.6192,0.051,0.3298
CLUBS TEN DIAMONDS NINE,0.5116,0.0424,0.446
DIAMONDS JACK DIAMONDS FOUR,0.607,0.0414,0.3516
DIAMONDS NINE CLUBS JACK,0.521,0.0262,0.4528
SPADES NINE CLUBS JACK,0.5026,0.0296,0.4678
CLUBS TEN SPADES NINE,0.5074,0.0442,0.4484
DIAMONDS ACE DIAMONDS FOUR,0.604,0.0054,0.3906
HEARTS FOUR DIAMONDS FOUR,0.576,0.241,0.183
DIAMONDS JACK HEARTS TEN,0.495,0.0296,0.4754
SPADES NINE CLUBS KING,0.5336,0.0102,0.4562
DIAMONDS TWO SPADES TEN,0.6354,0.0588,0.3058
DIAMONDS NINE CLUBS ACE,0.5274,0.0012,0.4714
HEARTS FIVE DIAMONDS FOUR,0.7354,0.1226,0.142
DIAMONDS JACK HEARTS JACK,0.1878,0.0954,0.7168
SPADES NINE CLUBS QUEEN,0.528,0.0174,0.4546
DIAMONDS TWO SPADES JACK,0.6408,0.0466,0.3126
DIAMONDS QUEEN DIAMONDS FOUR,0.6098,0.0272,0.363
HEARTS TWO DIAMONDS FOUR,0.7242,0.137,0.1388
DIAMONDS NINE CLUBS QUEEN,0.5316,0.0202,0.4482
DIAMONDS KING DIAMONDS FOUR,0.6108,0.0142,0.375
HEARTS THREE DIAMONDS FOUR,0.7314,0.129,0.1396
SPADES NINE CLUBS ACE,0.5344,0.005,0.4606
DIAMONDS NINE CLUBS KING,0.523,0.0092,0.4678
HEARTS ACE DIAMONDS JACK,0.5098,0.0032,0.487
SPADES ACE DIAMONDS TWO,0.6402,0.0024,0.3574
HEARTS QUEEN DIAMONDS JACK,0.505,0.0102,0.4848
SPADES QUEEN DIAMONDS TWO,0.6488,0.0284,0.3228
DIAMONDS JACK HEARTS KING,0.5056,0.0072,0.4872
SPADES KING DIAMONDS TWO,0.6658,0.0168,0.3174
SPADES JACK SPADES SEVEN,0.497,0.0412,0.4618
SPADES TEN SPADES SEVEN,0.5052,0.0496,0.4452
CLUBS SEVEN CLUBS THREE,0.6298,0.1046,0.2656
CLUBS SIX CLUBS THREE,0.7442,0.1144,0.1414
CLUBS FIVE CLUBS THREE,0.686,0.131,0.183
CLUBS THREE CLUBS FOUR,0.6868,0.1288,0.1844
CLUBS NINE CLUBS THREE,0.6118,0.0762,0.312
CLUBS EIGHT CLUBS THREE,0.6204,0.09,0.2896
CLUBS THREE SPADES FIVE,0.7466,0.1234,0.13
CLUBS THREE SPADES FOUR,0.7342,0.1278,0.138
CLUBS THREE SPADES THREE,0.58,0.2474,0.1726
CLUBS THREE SPADES TWO,0.7458,0.133,0.1212
CLUBS THREE SPADES SEVEN,0.6614,0.1066,0.232
SPADES EIGHT CLUBS THREE,0.6546,0.082,0.2634
SPADES NINE CLUBS THREE,0.657,0.0672,0.2758
SPADES TWO DIAMONDS FOUR,0.743,0.1328,0.1242
SPADES THREE DIAMONDS FOUR,0.7396,0.1278,0.1326
SPADES FOUR DIAMONDS FOUR,0.5896,0.24,0.1704
SPADES FIVE DIAMONDS FOUR,0.7216,0.1332,0.1452
SPADES SEVEN DIAMONDS FOUR,0.6498,0.1088,0.2414
SPADES EIGHT DIAMONDS FOUR,0.6482,0.0846,0.2672
SPADES NINE DIAMONDS FOUR,0.6446,0.0756,0.2798
CLUBS FIVE DIAMONDS FOUR,0.718,0.1274,0.1546
CLUBS FOUR DIAMONDS FOUR,0.5684,0.2448,0.1868
CLUBS SEVEN DIAMONDS FOUR,0.6406,0.1102,0.2492
CLUBS SIX DIAMONDS FOUR,0.777,0.1172,0.1058
CLUBS NINE DIAMONDS FOUR,0.658,0.0724,0.2696
CLUBS EIGHT DIAMONDS FOUR,0.6478,0.0902,0.262
HEARTS SEVEN DIAMONDS FOUR,0.649,0.0994,0.2516
DIAMONDS FOUR HEARTS NINE,0.6452,0.0764,0.2784
DIAMONDS FOUR HEARTS EIGHT,0.6394,0.0896,0.271
CLUBS THREE DIAMONDS FOUR,0.7404,0.1188,0.1408
CLUBS TWO DIAMONDS FOUR,0.742,0.1234,0.1346
DIAMONDS TEN DIAMONDS FIVE,0.6222,0.0526,0.3252
DIAMONDS JACK DIAMONDS FIVE,0.598,0.0462,0.3558
DIAMONDS NINE HEARTS QUEEN,0.5274,0.0172,0.4554
DIAMONDS NINE HEARTS KING,0.535,0.0126,0.4524
HEARTS ACE DIAMONDS NINE,0.5396,0.0024,0.458
DIAMONDS NINE HEARTS TEN,0.5136,0.0366,0.4498
DIAMONDS NINE HEARTS JACK,0.528,0.0272,0.4448
CLUBS KING DIAMONDS SIX,0.663,0.0334,0.3036
CLUBS QUEEN DIAMONDS SIX,0.6714,0.039,0.2896
CLUBS ACE DIAMONDS SIX,0.6592,0.0256,0.3152
SPADES KING DIAMONDS FOUR,0.6442,0.016,0.3398
SPADES ACE SPADES SEVEN,0.5186,0.0038,0.4776
SPADES QUEEN DIAMONDS FOUR,0.6518,0.0278,0.3204
SPADES QUEEN SPADES SEVEN,0.5296,0.0226,0.4478
CLUBS JACK DIAMONDS SIX,0.6634,0.0426,0.294
SPADES KING SPADES SEVEN,0.5274,0.0112,0.4614
SPADES ACE DIAMONDS FOUR,0.6222,0.0044,0.3734
CLUBS TEN DIAMONDS SIX,0.6496,0.0546,0.2958
CLUBS NINE CLUBS FOUR,0.6052,0.076,0.3188
CLUBS EIGHT CLUBS FOUR,0.6136,0.0888,0.2976
SPADES JACK DIAMONDS FOUR,0.6362,0.0462,0.3176
SPADES TEN DIAMONDS FOUR,0.6462,0.062,0.2918
CLUBS FIVE CLUBS FOUR,0.6812,0.12,0.1988
CLUBS SEVEN CLUBS FOUR,0.6066,0.1064,0.287
CLUBS SIX CLUBS FOUR,0.74,0.1062,0.1538
CLUBS SEVEN SPADES EIGHT,0.5346,0.0794,0.386
CLUBS SEVEN SPADES NINE,0.5434,0.0634,0.3932
CLUBS SEVEN SPADES SEVEN,0.1846,0.216,0.5994
CLUBS SEVEN SPADES FIVE,0.6502,0.0992,0.2506
CLUBS SEVEN SPADES FOUR,0.6432,0.1082,0.2486
CLUBS SEVEN SPADES THREE,0.6734,0.1006,0.226
CLUBS SEVEN SPADES TWO,0.673,0.1028,0.2242
CLUBS NINE CLUBS SEVEN,0.506,0.058,0.436
CLUBS SEVEN CLUBS EIGHT,0.4902,0.0826,0.4272
HEARTS SEVEN DIAMONDS FIVE,0.6386,0.1054,0.256
DIAMONDS FIVE HEARTS EIGHT,0.6484,0.0828,0.2688
DIAMONDS FIVE HEARTS NINE,0.636,0.079,0.285
DIAMONDS QUEEN DIAMONDS FIVE,0.6096,0.026,0.3644
HEARTS TWO DIAMONDS FIVE,0.729,0.1366,0.1344
HEARTS KING HEARTS EIGHT,0.5166,0.0146,0.4688
DIAMONDS KING DIAMONDS FIVE,0.6202,0.0142,0.3656
HEARTS THREE DIAMONDS FIVE,0.7304,0.135,0.1346
HEARTS QUEEN HEARTS EIGHT,0.52,0.0242,0.4558
DIAMONDS ACE DIAMONDS FIVE,0.5844,0.004,0.4116
HEARTS FOUR DIAMONDS FIVE,0.7084,0.1316,0.16
HEARTS FIVE DIAMONDS FIVE,0.5716,0.2444,0.184
HEARTS ACE HEARTS EIGHT,0.5002,0.0054,0.4944
CLUBS FOUR DIAMONDS FIVE,0.7216,0.1262,0.1522
CLUBS FIVE DIAMONDS FIVE,0.5652,0.246,0.1888
CLUBS SIX DIAMONDS FIVE,0.7454,0.1188,0.1358
CLUBS SEVEN DIAMONDS FIVE,0.6296,0.1128,0.2576
CLUBS TWO DIAMONDS FIVE,0.7224,0.1326,0.145
CLUBS THREE DIAMONDS FIVE,0.7228,0.1294,0.1478
SPADES THREE DIAMONDS FIVE,0.7314,0.1288,0.1398
SPADES TWO DIAMONDS FIVE,0.731,0.136,0.133
SPADES JACK DIAMONDS EIGHT,0.5256,0.0376,0.4368
SPADES FIVE DIAMONDS FIVE,0.5848,0.2474,0.1678
CLUBS TEN HEARTS JACK,0.4974,0.0214,0.4812
SPADES TEN DIAMONDS EIGHT,0.5166,0.051,0.4324
SPADES FOUR DIAMONDS FIVE,0.7362,0.1272,0.1366
HEARTS JACK CLUBS JACK,0.194,0.086,0.72
HEARTS JACK CLUBS QUEEN,0.502,0.0174,0.4806
CLUBS NINE DIAMONDS FIVE,0.6426,0.0756,0.2818
CLUBS KING HEARTS JACK,0.5214,0.0078,0.4708
CLUBS EIGHT DIAMONDS FIVE,0.639,0.0876,0.2734
CLUBS ACE HEARTS JACK,0.5182,0.0048,0.477
SPADES SEVEN DIAMONDS FIVE,0.6324,0.1116,0.256
SPADES KING DIAMONDS EIGHT,0.5432,0.0098,0.447
SPADES QUEEN DIAMONDS EIGHT,0.5386,0.0228,0.4386
SPADES NINE DIAMONDS FIVE,0.64,0.071,0.289
SPADES EIGHT DIAMONDS FIVE,0.6324,0.0978,0.2698
SPADES ACE DIAMONDS EIGHT,0.5356,0.0038,0.4606
DIAMONDS TEN DIAMONDS SIX,0.6074,0.053,0.3396
HEARTS ACE DIAMONDS SEVEN,0.5412,0.006,0.4528
DIAMONDS JACK DIAMONDS SIX,0.6194,0.0376,0.343
HEARTS QUEEN DIAMONDS SEVEN,0.56,0.0226,0.4174
HEARTS KING DIAMONDS SEVEN,0.5442,0.0132,0.4426
DIAMONDS ACE DIAMONDS SIX,0.6234,0.0276,0.349
HEARTS FOUR DIAMONDS SIX,0.7814,0.111,0.1076
SPADES TWO HEARTS JACK,0.6554,0.0438,0.3008
HEARTS FIVE DIAMONDS SIX,0.7664,0.112,0.1216
SPADES TWO HEARTS TEN,0.656,0.0618,0.2822
DIAMONDS QUEEN DIAMONDS SIX,0.634,0.0348,0.3312
HEARTS TWO DIAMONDS SIX,0.818,0.1188,0.0632
DIAMONDS KING DIAMONDS SIX,0.6306,0.0278,0.3416
HEARTS THREE DIAMONDS SIX,0.7976,0.1174,0.085
HEARTS EIGHT DIAMONDS SIX,0.6334,0.068,0.2986
HEARTS NINE DIAMONDS SIX,0.6382,0.0594,0.3024
HEARTS SEVEN DIAMONDS SIX,0.6108,0.0862,0.303
HEARTS TEN DIAMONDS SEVEN,0.5186,0.052,0.4294
CLUBS TWO DIAMONDS SIX,0.8136,0.1136,0.0728
HEARTS JACK DIAMONDS SEVEN,0.5394,0.0378,0.4228
CLUBS THREE DIAMONDS SIX,0.7892,0.1172,0.0936
CLUBS SEVEN DIAMONDS SIX,0.615,0.0904,0.2946
DIAMONDS EIGHT CLUBS JACK,0.5468,0.0318,0.4214
CLUBS SIX DIAMONDS SIX,0.0236,0.9548,0.0216
CLUBS TEN DIAMONDS EIGHT,0.5188,0.0464,0.4348
CLUBS FIVE DIAMONDS SIX,0.7546,0.1168,0.1286
CLUBS FOUR DIAMONDS SIX,0.7812,0.1072,0.1116
HEARTS ACE HEARTS JACK,0.4986,0.0036,0.4978
DIAMONDS EIGHT CLUBS ACE,0.555,0.005,0.44
HEARTS QUEEN HEARTS JACK,0.5032,0.013,0.4838
DIAMONDS EIGHT CLUBS KING,0.555,0.0122,0.4328
CLUBS NINE DIAMONDS SIX,0.6378,0.0634,0.2988
HEARTS KING HEARTS JACK,0.4964,0.008,0.4956
DIAMONDS EIGHT CLUBS QUEEN,0.5472,0.0218,0.431
CLUBS EIGHT DIAMONDS SIX,0.6286,0.071,0.3004
SPADES TEN HEARTS KING,0.5196,0.0092,0.4712
SPADES FIVE DIAMONDS SIX,0.762,0.1186,0.1194
HEARTS ACE SPADES TWO,0.6372,0.0046,0.3582
SPADES JACK HEARTS KING,0.5208,0.0082,0.471
SPADES FOUR DIAMONDS SIX,0.7816,0.116,0.1024
SPADES THREE DIAMONDS SIX,0.7992,0.1162,0.0846
HEARTS QUEEN SPADES TWO,0.6428,0.0318,0.3254
SPADES ACE SPADES KING,0.5026,0.004,0.4934
SPADES TWO HEARTS KING,0.6462,0.0148,0.339
SPADES TWO DIAMONDS SIX,0.8084,0.1258,0.0658
HEARTS TEN HEARTS EIGHT,0.4822,0.046,0.4718
SPADES NINE DIAMONDS SIX,0.6422,0.0632,0.2946
HEARTS JACK HEARTS EIGHT,0.5072,0.027,0.4658
SPADES EIGHT DIAMONDS SIX,0.619,0.0752,0.3058
SPADES SEVEN DIAMONDS SIX,0.6128,0.0822,0.305
SPADES KING HEARTS KING,0.1936,0.0358,0.7706
SPADES QUEEN HEARTS KING,0.5194,0.0066,0.474
CLUBS ACE CLUBS KING,0.4882,0.005,0.5068
SPADES ACE HEARTS KING,0.5202,0.0044,0.4754
SPADES ACE HEARTS JACK,0.5286,0.004,0.4674
SPADES QUEEN HEARTS JACK,0.512,0.0146,0.4734
SPADES KING HEARTS JACK,0.516,0.0092,0.4748
SPADES TEN DIAMONDS TEN,0.1908,0.1244,0.6848
SPADES JACK DIAMONDS TEN,0.4964,0.0242,0.4794
SPADES ACE DIAMONDS TEN,0.5188,0.0044,0.4768
SPADES JACK HEARTS JACK,0.1738,0.0998,0.7264
SPADES TEN HEARTS JACK,0.489,0.0252,0.4858
SPADES QUEEN DIAMONDS TEN,0.5068,0.0152,0.478
SPADES KING DIAMONDS TEN,0.514,0.0072,0.4788
SPADES NINE DIAMONDS SEVEN,0.5218,0.0702,0.408
SPADES EIGHT DIAMONDS SEVEN,0.5176,0.077,0.4054
SPADES SEVEN DIAMONDS SEVEN,0.1824,0.2112,0.6064
DIAMONDS KING DIAMONDS SEVEN,0.5282,0.0122,0.4596
HEARTS THREE DIAMONDS SEVEN,0.648,0.109,0.243
HEARTS KING DIAMONDS FIVE,0.656,0.0176,0.3264
DIAMONDS QUEEN DIAMONDS SEVEN,0.5146,0.0254,0.46
HEARTS TWO DIAMONDS SEVEN,0.6652,0.1036,0.2312
HEARTS QUEEN DIAMONDS FIVE,0.644,0.029,0.327
HEARTS FIVE DIAMONDS SEVEN,0.6506,0.1108,0.2386
DIAMONDS ACE DIAMONDS SEVEN,0.5088,0.0038,0.4874
HEARTS FOUR DIAMONDS SEVEN,0.6596,0.0992,0.2412
HEARTS ACE DIAMONDS FIVE,0.6228,0.0052,0.372
HEARTS SEVEN DIAMONDS SEVEN,0.1696,0.2302,0.6002
DIAMONDS SEVEN HEARTS NINE,0.521,0.0672,0.4118
HEARTS EIGHT DIAMONDS SEVEN,0.5224,0.0846,0.393
DIAMONDS JACK DIAMONDS SEVEN,0.5102,0.0346,0.4552
DIAMONDS FIVE HEARTS JACK,0.649,0.0438,0.3072
DIAMONDS TEN DIAMONDS SEVEN,0.5184,0.0478,0.4338
HEARTS TEN DIAMONDS FIVE,0.6416,0.0584,0.3
SPADES KING CLUBS TWO,0.6496,0.015,0.3354
HEARTS KING CLUBS KING,0.1974,0.0346,0.768
CLUBS EIGHT DIAMONDS SEVEN,0.5302,0.075,0.3948
SPADES QUEEN CLUBS TWO,0.6398,0.0244,0.3358
HEARTS KING CLUBS QUEEN,0.5298,0.0062,0.464
CLUBS NINE DIAMONDS SEVEN,0.537,0.0596,0.4034
SPADES TWO CLUBS JACK,0.6534,0.0454,0.3012
SPADES ACE CLUBS TWO,0.623,0.0064,0.3706
CLUBS TEN SPADES TWO,0.6516,0.0622,0.2862
HEARTS KING CLUBS ACE,0.5284,0.0026,0.469
CLUBS SEVEN CLUBS SIX,0.5936,0.0744,0.332
SPADES TWO CLUBS KING,0.648,0.016,0.336
SPADES TWO DIAMONDS SEVEN,0.656,0.118,0.226
CLUBS EIGHT CLUBS SIX,0.581,0.071,0.348
SPADES THREE DIAMONDS SEVEN,0.666,0.1032,0.2308
SPADES TWO CLUBS QUEEN,0.6514,0.0304,0.3182
CLUBS NINE CLUBS SIX,0.6172,0.0604,0.3224
SPADES FOUR DIAMONDS SEVEN,0.65,0.1076,0.2424
HEARTS KING CLUBS JACK,0.512,0.0082,0.4798
SPADES FIVE DIAMONDS SEVEN,0.6448,0.1054,0.2498
SPADES TWO CLUBS ACE,0.6336,0.0048,0.3616
CLUBS TEN HEARTS KING,0.527,0.0094,0.4636
CLUBS SIX SPADES TWO,0.824,0.1198,0.0562
CLUBS SIX SPADES THREE,0.7988,0.1248,0.0764
CLUBS TWO DIAMONDS SEVEN,0.6696,0.0996,0.2308
CLUBS SIX SPADES FOUR,0.78,0.1192,0.1008
CLUBS THREE DIAMONDS SEVEN,0.6476,0.1,0.2524
CLUBS SIX SPADES FIVE,0.7642,0.1172,0.1186
CLUBS FOUR DIAMONDS SEVEN,0.6406,0.1064,0.253
CLUBS FIVE DIAMONDS SEVEN,0.6422,0.1092,0.2486
CLUBS SIX SPADES SEVEN,0.6086,0.0916,0.2998
CLUBS SIX DIAMONDS SEVEN,0.6156,0.0832,0.3012
CLUBS SIX SPADES EIGHT,0.6174,0.0816,0.301
SPADES JACK CLUBS TWO,0.656,0.0442,0.2998
CLUBS SEVEN DIAMONDS SEVEN,0.182,0.2102,0.6078
SPADES NINE CLUBS SIX,0.64,0.0614,0.2986
SPADES TEN CLUBS TWO,0.641,0.0622,0.2968
CLUBS TWO CLUBS QUEEN,0.6102,0.029,0.3608
CLUBS TWO CLUBS KING,0.6222,0.014,0.3638
CLUBS THREE DIAMONDS EIGHT,0.6568,0.0868,0.2564
CLUBS TWO CLUBS ACE,0.5884,0.0038,0.4078
CLUBS TWO DIAMONDS EIGHT,0.6634,0.0894,0.2472
HEARTS SEVEN DIAMONDS EIGHT,0.5062,0.08,0.4138
DIAMONDS EIGHT HEARTS NINE,0.5098,0.062,0.4282
CLUBS TEN CLUBS TWO,0.6112,0.0586,0.3302
DIAMONDS EIGHT HEARTS EIGHT,0.1838,0.1834,0.6328
CLUBS TWO CLUBS JACK,0.6132,0.0394,0.3474
CLUBS NINE DIAMONDS EIGHT,0.5314,0.0604,0.4082
CLUBS EIGHT DIAMONDS EIGHT,0.191,0.188,0.621
CLUBS FIVE DIAMONDS EIGHT,0.6374,0.0934,0.2692
SPADES ACE SPADES THREE,0.5896,0.0056,0.4048
CLUBS FOUR DIAMONDS EIGHT,0.6524,0.0876,0.26
CLUBS SEVEN DIAMONDS EIGHT,0.5306,0.08,0.3894
SPADES QUEEN SPADES THREE,0.6148,0.0282,0.357
CLUBS SIX DIAMONDS EIGHT,0.638,0.0722,0.2898
SPADES KING SPADES THREE,0.6128,0.0154,0.3718
DIAMONDS QUEEN DIAMONDS EIGHT,0.5032,0.0174,0.4794
HEARTS TWO DIAMONDS EIGHT,0.6572,0.0918,0.251
DIAMONDS KING DIAMONDS EIGHT,0.5226,0.008,0.4694
HEARTS THREE DIAMONDS EIGHT,0.6676,0.086,0.2464
DIAMONDS ACE DIAMONDS EIGHT,0.515,0.0026,0.4824
HEARTS FOUR DIAMONDS EIGHT,0.6464,0.0906,0.263
HEARTS FIVE DIAMONDS EIGHT,0.6452,0.0838,0.271
DIAMONDS EIGHT DIAMONDS TEN,0.4958,0.0402,0.464
DIAMONDS EIGHT DIAMONDS JACK,0.5098,0.033,0.4572
SPADES JACK SPADES THREE,0.6116,0.0416,0.3468
SPADES TEN SPADES THREE,0.6366,0.0542,0.3092
CLUBS FOUR HEARTS ACE,0.6222,0.003,0.3748
CLUBS FOUR HEARTS QUEEN,0.6366,0.0268,0.3366
CLUBS FOUR HEARTS KING,0.644,0.0134,0.3426
CLUBS SIX HEARTS TEN,0.648,0.052,0.3
CLUBS SIX HEARTS JACK,0.673,0.0434,0.2836
SPADES FOUR DIAMONDS EIGHT,0.6574,0.0878,0.2548
SPADES FIVE DIAMONDS EIGHT,0.6424,0.0884,0.2692
DIAMONDS EIGHT SPADES TWO,0.6544,0.0948,0.2508
DIAMONDS EIGHT SPADES THREE,0.659,0.0968,0.2442
CLUBS FOUR HEARTS JACK,0.6512,0.0428,0.306
SPADES EIGHT DIAMONDS EIGHT,0.1762,0.1852,0.6386
SPADES TEN DIAMONDS QUEEN,0.5044,0.0182,0.4774
SPADES TEN HEARTS TWO,0.6598,0.055,0.2852
SPADES JACK HEARTS EIGHT,0.5228,0.0326,0.4446
CLUBS FOUR HEARTS TEN,0.6454,0.0654,0.2892
SPADES NINE DIAMONDS EIGHT,0.5202,0.0538,0.426
SPADES TEN HEARTS EIGHT,0.5036,0.0506,0.4458
SPADES JACK HEARTS TWO,0.6438,0.048,0.3082
SPADES JACK DIAMONDS QUEEN,0.5178,0.0128,0.4694
SPADES SEVEN DIAMONDS EIGHT,0.5082,0.0856,0.4062
SPADES ACE HEARTS TWO,0.627,0.0036,0.3694
SPADES ACE DIAMONDS QUEEN,0.53,0.0042,0.4658
SPADES ACE HEARTS EIGHT,0.5302,0.005,0.4648
SPADES KING HEARTS EIGHT,0.5464,0.0128,0.4408
SPADES QUEEN HEARTS TWO,0.655,0.0302,0.3148
SPADES QUEEN DIAMONDS QUEEN,0.2036,0.0672,0.7292
SPADES KING DIAMONDS QUEEN,0.5304,0.005,0.4646
SPADES KING HEARTS TWO,0.6496,0.015,0.3354
SPADES QUEEN HEARTS EIGHT,0.5394,0.021,0.4396
CLUBS TWO HEARTS TEN,0.6594,0.0572,0.2834
CLUBS TWO HEARTS JACK,0.657,0.0412,0.3018
SPADES SEVEN DIAMONDS NINE,0.525,0.067,0.408
SPADES NINE DIAMONDS NINE,0.1906,0.1498,0.6596
SPADES EIGHT DIAMONDS NINE,0.508,0.061,0.431
SPADES TEN CLUBS KING,0.5082,0.0114,0.4804
DIAMONDS NINE SPADES THREE,0.659,0.0752,0.2658
SPADES JACK CLUBS KING,0.5086,0.006,0.4854
DIAMONDS NINE SPADES TWO,0.6622,0.0738,0.264
SPADES FIVE DIAMONDS NINE,0.6502,0.074,0.2758
DIAMONDS NINE SPADES FOUR,0.646,0.0754,0.2786
CLUBS NINE DIAMONDS NINE,0.1988,0.1536,0.6476
CLUBS EIGHT DIAMONDS NINE,0.5168,0.0616,0.4216
CLUBS SIX DIAMONDS NINE,0.6346,0.0598,0.3056
SPADES JACK CLUBS FOUR,0.643,0.0384,0.3186
CLUBS SEVEN DIAMONDS NINE,0.5272,0.0642,0.4086
SPADES TEN CLUBS FOUR,0.647,0.055,0.298
CLUBS FOUR DIAMONDS NINE,0.655,0.0708,0.2742
CLUBS FIVE DIAMONDS NINE,0.6428,0.0768,0.2804
DIAMONDS NINE CLUBS TWO,0.6574,0.0772,0.2654
CLUBS THREE DIAMONDS NINE,0.6586,0.0722,0.2692
DIAMONDS NINE HEARTS EIGHT,0.5196,0.0576,0.4228
DIAMONDS NINE HEARTS NINE,0.1776,0.15,0.6724
HEARTS SEVEN DIAMONDS NINE,0.524,0.0632,0.4128
CLUBS NINE CLUBS EIGHT,0.4936,0.0634,0.443
DIAMONDS ACE DIAMONDS NINE,0.4908,0.0034,0.5058
HEARTS FOUR DIAMONDS NINE,0.6708,0.0668,0.2624
HEARTS FIVE DIAMONDS NINE,0.6576,0.0702,0.2722
HEARTS ACE CLUBS TWO,0.6278,0.006,0.3662
SPADES ACE CLUBS FOUR,0.6186,0.0048,0.3766
DIAMONDS QUEEN DIAMONDS NINE,0.5038,0.0148,0.4814
HEARTS TWO DIAMONDS NINE,0.6516,0.0762,0.2722
CLUBS TWO HEARTS KING,0.6432,0.0162,0.3406
SPADES KING CLUBS FOUR,0.645,0.013,0.342
DIAMONDS KING DIAMONDS NINE,0.518,0.0112,0.4708
HEARTS THREE DIAMONDS NINE,0.645,0.073,0.282
CLUBS TWO HEARTS QUEEN,0.6574,0.027,0.3156
SPADES QUEEN CLUBS FOUR,0.6388,0.0264,0.3348
DIAMONDS NINE DIAMONDS JACK,0.483,0.0316,0.4854
CLUBS EIGHT SPADES NINE,0.5178,0.0622,0.42
DIAMONDS NINE DIAMONDS TEN,0.4842,0.0408,0.475
CLUBS EIGHT SPADES EIGHT,0.1866,0.1918,0.6216
CLUBS EIGHT SPADES SEVEN,0.5142,0.0864,0.3994
CLUBS EIGHT SPADES FIVE,0.6456,0.092,0.2624
CLUBS EIGHT SPADES FOUR,0.6556,0.0934,0.251
CLUBS EIGHT SPADES THREE,0.6512,0.0944,0.2544
CLUBS EIGHT SPADES TWO,0.6528,0.0922,0.255
HEARTS SEVEN DIAMONDS TEN,0.539,0.0532,0.4078
DIAMONDS TEN HEARTS EIGHT,0.5164,0.044,0.4396
CLUBS FOUR CLUBS JACK,0.6154,0.0414,0.3432
DIAMONDS TEN HEARTS NINE,0.5132,0.0452,0.4416
CLUBS TEN CLUBS FOUR,0.5974,0.0632,0.3394
CLUBS FOUR CLUBS KING,0.5922,0.017,0.3908
CLUBS FOUR CLUBS QUEEN,0.6136,0.0236,0.3628
CLUBS TWO DIAMONDS TEN,0.6424,0.059,0.2986
CLUBS THREE DIAMONDS TEN,0.658,0.0606,0.2814
CLUBS FOUR CLUBS ACE,0.5922,0.0038,0.404
DIAMONDS JACK DIAMONDS TEN,0.4794,0.0252,0.4954
DIAMONDS QUEEN DIAMONDS TEN,0.4938,0.0132,0.493
HEARTS TWO DIAMONDS TEN,0.6406,0.0532,0.3062
DIAMONDS KING DIAMONDS TEN,0.4936,0.0084,0.498
HEARTS THREE DIAMONDS TEN,0.6538,0.0548,0.2914
DIAMONDS ACE DIAMONDS TEN,0.484,0.0038,0.5122
HEARTS FOUR DIAMONDS TEN,0.6522,0.0586,0.2892
CLUBS EIGHT HEARTS JACK,0.5326,0.0326,0.4348
HEARTS FIVE DIAMONDS TEN,0.66,0.0538,0.2862
CLUBS EIGHT HEARTS TEN,0.5222,0.0502,0.4276
CLUBS EIGHT HEARTS QUEEN,0.5508,0.024,0.4252
CLUBS EIGHT HEARTS KING,0.5472,0.0112,0.4416
CLUBS EIGHT HEARTS ACE,0.5302,0.003,0.4668
CLUBS NINE SPADES THREE,0.6568,0.0714,0.2718
CLUBS NINE SPADES TWO,0.657,0.07,0.273
CLUBS NINE SPADES FIVE,0.6464,0.079,0.2746
CLUBS NINE SPADES FOUR,0.6586,0.0732,0.2682
CLUBS NINE SPADES SEVEN,0.527,0.072,0.401
CLUBS NINE SPADES NINE,0.1802,0.1692,0.6506
CLUBS TEN HEARTS EIGHT,0.5346,0.0432,0.4222
CLUBS NINE SPADES EIGHT,0.501,0.0586,0.4404
HEARTS EIGHT CLUBS JACK,0.523,0.0364,0.4406
CLUBS QUEEN HEARTS EIGHT,0.5394,0.0248,0.4358
CLUBS KING HEARTS EIGHT,0.544,0.012,0.444
CLUBS ACE HEARTS EIGHT,0.5228,0.0036,0.4736
SPADES KING CLUBS KING,0.1998,0.0316,0.7686
SPADES QUEEN CLUBS KING,0.533,0.0066,0.4604
SPADES ACE CLUBS KING,0.533,0.0036,0.4634
DIAMONDS ACE HEARTS TEN,0.5248,0.0024,0.4728
HEARTS FOUR HEARTS TEN,0.6164,0.06,0.3236
DIAMONDS ACE HEARTS JACK,0.5204,0.003,0.4766
HEARTS FOUR HEARTS JACK,0.6076,0.0396,0.3528
SPADES KING CLUBS FIVE,0.6468,0.0144,0.3388
SPADES QUEEN CLUBS FIVE,0.6474,0.0318,0.3208
SPADES ACE CLUBS FIVE,0.6162,0.0026,0.3812
HEARTS SEVEN DIAMONDS JACK,0.5338,0.0344,0.4318
DIAMONDS JACK HEARTS NINE,0.5226,0.0298,0.4476
DIAMONDS JACK HEARTS EIGHT,0.5112,0.035,0.4538
DIAMONDS KING DIAMONDS JACK,0.4944,0.0066,0.499
HEARTS THREE DIAMONDS JACK,0.6566,0.0438,0.2996
HEARTS ACE SPADES FOUR,0.6354,0.0056,0.359
DIAMONDS QUEEN DIAMONDS JACK,0.4842,0.013,0.5028
HEARTS TWO DIAMONDS JACK,0.6532,0.035,0.3118
HEARTS FIVE DIAMONDS JACK,0.6466,0.0396,0.3138
SPADES FOUR HEARTS QUEEN,0.6512,0.0278,0.321
DIAMONDS ACE DIAMONDS JACK,0.497,0.0034,0.4996
HEARTS FOUR DIAMONDS JACK,0.652,0.042,0.306
SPADES FOUR HEARTS KING,0.6634,0.0122,0.3244
SPADES FOUR DIAMONDS JACK,0.6474,0.0476,0.305
SPADES FIVE DIAMONDS JACK,0.6504,0.0492,0.3004
DIAMONDS JACK SPADES TWO,0.6486,0.0468,0.3046
SPADES THREE DIAMONDS JACK,0.6608,0.04,0.2992
SPADES ACE DIAMONDS THREE,0.6296,0.0054,0.365
SPADES QUEEN DIAMONDS THREE,0.6388,0.0318,0.3294
CLUBS EIGHT DIAMONDS JACK,0.5268,0.037,0.4362
SPADES KING DIAMONDS THREE,0.656,0.015,0.329
CLUBS NINE DIAMONDS JACK,0.519,0.0224,0.4586
CLUBS SIX DIAMONDS JACK,0.6708,0.0414,0.2878
CLUBS SEVEN DIAMONDS JACK,0.536,0.0396,0.4244
CLUBS FOUR DIAMONDS JACK,0.6448,0.0388,0.3164
CLUBS FIVE DIAMONDS JACK,0.6462,0.049,0.3048
CLUBS TWO DIAMONDS JACK,0.6576,0.0388,0.3036
CLUBS THREE DIAMONDS JACK,0.6548,0.0434,0.3018
SPADES TEN CLUBS FIVE,0.6442,0.057,0.2988
SPADES JACK CLUBS FIVE,0.6444,0.0436,0.312
SPADES JACK DIAMONDS THREE,0.644,0.0468,0.3092
CLUBS SEVEN CLUBS ACE,0.5154,0.003,0.4816
DIAMONDS THREE SPADES TEN,0.6412,0.0548,0.304
CLUBS SEVEN CLUBS QUEEN,0.5152,0.0244,0.4604
CLUBS SEVEN CLUBS KING,0.5198,0.0114,0.4688
SPADES NINE DIAMONDS JACK,0.5156,0.0316,0.4528
CLUBS TEN CLUBS SEVEN,0.5114,0.0514,0.4372
DIAMONDS ACE HEARTS ACE,0.1888,0.0036,0.8076
HEARTS FOUR HEARTS ACE,0.5992,0.004,0.3968
SPADES EIGHT DIAMONDS JACK,0.5286,0.0358,0.4356
CLUBS SEVEN CLUBS JACK,0.5048,0.0394,0.4558
DIAMONDS ACE HEARTS KING,0.5204,0.0032,0.4764
HEARTS FOUR HEARTS KING,0.6162,0.0148,0.369
SPADES SEVEN DIAMONDS JACK,0.5482,0.0376,0.4142
DIAMONDS ACE HEARTS QUEEN,0.518,0.0026,0.4794
HEARTS FOUR HEARTS QUEEN,0.6258,0.0294,0.3448
SPADES TWO DIAMONDS TEN,0.6566,0.058,0.2854
SPADES THREE DIAMONDS TEN,0.659,0.057,0.284
SPADES FOUR DIAMONDS TEN,0.6664,0.056,0.2776
SPADES FIVE DIAMONDS TEN,0.6656,0.052,0.2824
SPADES SEVEN DIAMONDS TEN,0.5272,0.06,0.4128
SPADES EIGHT DIAMONDS TEN,0.5336,0.0498,0.4166
SPADES NINE DIAMONDS TEN,0.5194,0.0402,0.4404
CLUBS FOUR DIAMONDS TEN,0.6548,0.0542,0.291
CLUBS FIVE DIAMONDS TEN,0.6412,0.0654,0.2934
CLUBS SIX DIAMONDS TEN,0.6552,0.0502,0.2946
CLUBS SEVEN DIAMONDS TEN,0.5354,0.0514,0.4132
CLUBS EIGHT DIAMONDS TEN,0.5226,0.0424,0.435
CLUBS NINE DIAMONDS TEN,0.5148,0.0374,0.4478
DIAMONDS THREE CLUBS JACK,0.6528,0.0384,0.3088
CLUBS TEN DIAMONDS THREE,0.6512,0.0582,0.2906
DIAMONDS THREE CLUBS KING,0.6478,0.0148,0.3374
DIAMONDS THREE CLUBS QUEEN,0.6488,0.0306,0.3206
DIAMONDS THREE CLUBS ACE,0.6376,0.0042,0.3582
SPADES FOUR HEARTS JACK,0.6556,0.042,0.3024
SPADES FOUR HEARTS TEN,0.652,0.0578,0.2902
SPADES FIVE SPADES TWO,0.7078,0.1284,0.1638
SPADES FOUR SPADES TWO,0.7102,0.1236,0.1662
SPADES THREE SPADES TWO,0.7168,0.1216,0.1616
SPADES NINE SPADES TWO,0.6286,0.0716,0.2998
SPADES EIGHT SPADES TWO,0.6218,0.0896,0.2886
SPADES SEVEN SPADES TWO,0.6346,0.0974,0.268
DIAMONDS QUEEN CLUBS THREE,0.6648,0.023,0.3122
CLUBS THREE HEARTS TWO,0.7338,0.1388,0.1274
DIAMONDS QUEEN CLUBS TWO,0.6484,0.0232,0.3284
HEARTS TWO CLUBS TWO,0.5926,0.2308,0.1766
HEARTS SEVEN DIAMONDS QUEEN,0.5552,0.0204,0.4244
HEARTS SEVEN HEARTS TWO,0.6296,0.1076,0.2628
DIAMONDS QUEEN HEARTS NINE,0.5368,0.0158,0.4474
HEARTS TWO HEARTS NINE,0.6396,0.0718,0.2886
DIAMONDS QUEEN HEARTS EIGHT,0.538,0.0232,0.4388
HEARTS TWO HEARTS EIGHT,0.6324,0.085,0.2826
CLUBS NINE HEARTS TWO,0.6496,0.0768,0.2736
CLUBS NINE DIAMONDS QUEEN,0.5258,0.0194,0.4548
CLUBS EIGHT HEARTS TWO,0.669,0.0912,0.2398
CLUBS EIGHT DIAMONDS QUEEN,0.5504,0.0216,0.428
CLUBS FIVE DIAMONDS QUEEN,0.647,0.028,0.325
CLUBS FIVE HEARTS TWO,0.7454,0.128,0.1266
SPADES EIGHT HEARTS ACE,0.526,0.0058,0.4682
DIAMONDS QUEEN CLUBS FOUR,0.6442,0.024,0.3318
HEARTS TWO CLUBS FOUR,0.7342,0.1338,0.132
CLUBS SEVEN DIAMONDS QUEEN,0.5634,0.0212,0.4154
CLUBS SEVEN HEARTS TWO,0.6762,0.1054,0.2184
SPADES EIGHT HEARTS QUEEN,0.5324,0.0236,0.444
CLUBS SIX DIAMONDS QUEEN,0.6604,0.0396,0.3
CLUBS SIX HEARTS TWO,0.8222,0.1196,0.0582
SPADES EIGHT HEARTS KING,0.5438,0.0122,0.444
HEARTS FOUR CLUBS QUEEN,0.6442,0.0268,0.329
DIAMONDS ACE CLUBS QUEEN,0.5356,0.0018,0.4626
DIAMONDS QUEEN SPADES SEVEN,0.5404,0.0236,0.436
HEARTS TWO SPADES SEVEN,0.6718,0.1034,0.2248
HEARTS FOUR CLUBS KING,0.6512,0.0156,0.3332
DIAMONDS ACE CLUBS KING,0.5342,0.0024,0.4634
DIAMONDS QUEEN SPADES EIGHT,0.541,0.0206,0.4384
SPADES EIGHT HEARTS TWO,0.6576,0.0906,0.2518
HEARTS FOUR CLUBS ACE,0.6332,0.0046,0.3622
DIAMONDS ACE CLUBS ACE,0.198,0.0034,0.7986
SPADES NINE DIAMONDS QUEEN,0.5328,0.0204,0.4468
SPADES NINE HEARTS TWO,0.6452,0.079,0.2758
HEARTS TWO SPADES TWO,0.5838,0.2394,0.1768
DIAMONDS QUEEN SPADES TWO,0.6666,0.0282,0.3052
HEARTS TWO SPADES THREE,0.7468,0.131,0.1222
DIAMONDS QUEEN SPADES THREE,0.6704,0.0272,0.3024
HEARTS TWO SPADES FOUR,0.7336,0.144,0.1224
DIAMONDS QUEEN SPADES FOUR,0.6506,0.03,0.3194
HEARTS FOUR CLUBS TEN,0.656,0.0584,0.2856
CLUBS TEN DIAMONDS ACE,0.5156,0.0034,0.481
HEARTS TWO SPADES FIVE,0.7474,0.1262,0.1264
DIAMONDS QUEEN SPADES FIVE,0.6448,0.032,0.3232
HEARTS FOUR CLUBS JACK,0.6498,0.0366,0.3136
DIAMONDS ACE CLUBS JACK,0.5372,0.0042,0.4586
CLUBS FIVE CLUBS KING,0.6052,0.0156,0.3792
CLUBS FIVE CLUBS QUEEN,0.614,0.025,0.361
CLUBS FIVE CLUBS ACE,0.5922,0.0026,0.4052
CLUBS FIVE CLUBS JACK,0.6002,0.0466,0.3532
CLUBS TEN CLUBS FIVE,0.6208,0.0562,0.323
SPADES KING CLUBS JACK,0.5124,0.0068,0.4808
SPADES QUEEN CLUBS JACK,0.507,0.0126,0.4804
SPADES ACE CLUBS JACK,0.5272,0.0038,0.469
SPADES EIGHT HEARTS JACK,0.5388,0.0316,0.4296
SPADES EIGHT HEARTS TEN,0.5138,0.0498,0.4364
SPADES TEN CLUBS JACK,0.5002,0.0226,0.4772
SPADES JACK CLUBS JACK,0.1938,0.0938,0.7124
SPADES QUEEN CLUBS SEVEN,0.5612,0.0226,0.4162
SPADES KING CLUBS SEVEN,0.5438,0.0146,0.4416
SPADES ACE CLUBS SEVEN,0.5438,0.0036,0.4526
CLUBS SEVEN SPADES JACK,0.5384,0.034,0.4276
CLUBS SEVEN SPADES TEN,0.532,0.0544,0.4136
CLUBS ACE CLUBS JACK,0.482,0.003,0.515
CLUBS QUEEN CLUBS JACK,0.4994,0.0122,0.4884
CLUBS KING CLUBS JACK,0.4868,0.0086,0.5046
DIAMONDS THREE HEARTS ACE,0.6128,0.0044,0.3828
DIAMONDS THREE HEARTS QUEEN,0.6324,0.03,0.3376
DIAMONDS THREE HEARTS KING,0.6492,0.0186,0.3322
CLUBS FIVE HEARTS JACK,0.6378,0.0452,0.317
SPADES TEN DIAMONDS ACE,0.525,0.0036,0.4714
HEARTS FOUR SPADES TEN,0.657,0.0584,0.2846
CLUBS FIVE HEARTS TEN,0.6562,0.0566,0.2872
HEARTS FOUR SPADES JACK,0.6578,0.0406,0.3016
SPADES JACK DIAMONDS ACE,0.5202,0.003,0.4768
SPADES ACE HEARTS FOUR,0.6342,0.0046,0.3612
SPADES ACE DIAMONDS ACE,0.1988,0.0046,0.7966
CLUBS FIVE HEARTS ACE,0.6212,0.0044,0.3744
CLUBS FIVE HEARTS KING,0.6486,0.016,0.3354
HEARTS FOUR SPADES QUEEN,0.6522,0.0334,0.3144
SPADES QUEEN DIAMONDS ACE,0.5316,0.0034,0.465
SPADES FOUR CLUBS JACK,0.6574,0.0432,0.2994
CLUBS FIVE HEARTS QUEEN,0.647,0.027,0.326
SPADES KING DIAMONDS ACE,0.5192,0.0046,0.4762
HEARTS FOUR SPADES KING,0.6478,0.0166,0.3356
CLUBS TEN SPADES FOUR,0.6518,0.061,0.2872
DIAMONDS QUEEN DIAMONDS ACE,0.4836,0.004,0.5124
HEARTS TWO DIAMONDS ACE,0.6404,0.0046,0.355
HEARTS FOUR DIAMONDS QUEEN,0.6578,0.0248,0.3174
HEARTS FOUR HEARTS TWO,0.7044,0.1356,0.16
DIAMONDS THREE HEARTS TEN,0.6436,0.0548,0.3016
SPADES FOUR CLUBS KING,0.6522,0.0136,0.3342
HEARTS FIVE DIAMONDS QUEEN,0.643,0.029,0.328
HEARTS FIVE HEARTS TWO,0.7136,0.1264,0.16
DIAMONDS THREE HEARTS JACK,0.6436,0.0396,0.3168
SPADES FOUR CLUBS QUEEN,0.6502,0.0286,0.3212
DIAMONDS QUEEN HEARTS TWO,0.6616,0.0268,0.3116
DIAMONDS KING DIAMONDS QUEEN,0.5098,0.0066,0.4836
DIAMONDS KING HEARTS TWO,0.6626,0.019,0.3184
HEARTS THREE DIAMONDS QUEEN,0.6584,0.0272,0.3144
HEARTS THREE HEARTS TWO,0.7112,0.1246,0.1642
SPADES FOUR CLUBS ACE,0.6334,0.0044,0.3622
HEARTS TWO CLUBS ACE,0.6462,0.0036,0.3502
DIAMONDS QUEEN CLUBS ACE,0.516,0.0024,0.4816
HEARTS TWO CLUBS QUEEN,0.6574,0.0246,0.318
DIAMONDS QUEEN CLUBS QUEEN,0.2066,0.0548,0.7386
HEARTS TWO CLUBS KING,0.6428,0.0128,0.3444
DIAMONDS QUEEN CLUBS KING,0.5242,0.0052,0.4706
SPADES EIGHT SPADES FIVE,0.607,0.0854,0.3076
CLUBS TEN HEARTS TWO,0.6416,0.061,0.2974
CLUBS TEN DIAMONDS QUEEN,0.5176,0.011,0.4714
SPADES NINE SPADES FIVE,0.6266,0.0702,0.3032
HEARTS TWO CLUBS JACK,0.648,0.046,0.306
DIAMONDS QUEEN CLUBS JACK,0.5132,0.0108,0.476
SPADES SEVEN SPADES FIVE,0.6158,0.0988,0.2854
DIAMONDS FIVE CLUBS QUEEN,0.6454,0.0284,0.3262
SPADES EIGHT CLUBS ACE,0.5464,0.0036,0.45
DIAMONDS FIVE CLUBS KING,0.6484,0.0146,0.337
SPADES EIGHT CLUBS KING,0.5462,0.0148,0.439
CLUBS ACE DIAMONDS FIVE,0.617,0.002,0.381
SPADES EIGHT CLUBS QUEEN,0.5424,0.0224,0.4352
SPADES EIGHT CLUBS JACK,0.5228,0.0276,0.4496
CLUBS TEN SPADES EIGHT,0.525,0.0448,0.4302
CLUBS TEN DIAMONDS FIVE,0.6538,0.0544,0.2918
DIAMONDS FIVE CLUBS JACK,0.6406,0.0444,0.315
DIAMONDS TEN HEARTS JACK,0.4944,0.0226,0.483
DIAMONDS TEN HEARTS TEN,0.1852,0.121,0.6938
SPADES ACE CLUBS NINE,0.5336,0.0056,0.4608
CLUBS NINE SPADES QUEEN,0.529,0.0152,0.4558
CLUBS NINE SPADES KING,0.5368,0.0098,0.4534
DIAMONDS KING SPADES SEVEN,0.5334,0.0128,0.4538
HEARTS THREE SPADES SEVEN,0.6518,0.1074,0.2408
