opposingHand,winningChance,drawChance,lostChance
HEARTS EIGHT DIAMONDS FOUR
HEARTS TWO DIAMONDS SIX,0.5896,0.0734,0.337
CLUBS NINE SPADES THREE,0.4088,0.0388,0.5524
DIAMONDS ACE HEARTS ACE,0.1238,0.0052,0.871
SPADES THREE SPADES TWO,0.5602,0.0666,0.3732
HEARTS TWO DIAMONDS EIGHT,0.2794,0.5142,0.2064
HEARTS SEVEN CLUBS THREE,0.5906,0.0642,0.3452
HEARTS FIVE DIAMONDS SEVEN,0.5366,0.0688,0.3946
HEARTS KING CLUBS QUEEN,0.3318,0.0068,0.6614
SPADES EIGHT CLUBS QUEEN,0.243,0.0472,0.7098
CLUBS THREE HEARTS QUEEN,0.399,0.0158,0.5852
SPADES JACK DIAMONDS SIX,0.3684,0.0158,0.6158
HEARTS KING DIAMONDS EIGHT,0.223,0.0404,0.7366
SPADES NINE HEARTS TEN,0.307,0.0242,0.6688
SPADES SEVEN DIAMONDS FIVE,0.5456,0.068,0.3864
SPADES FIVE DIAMONDS NINE,0.3378,0.0452,0.617
SPADES EIGHT SPADES FOUR,0.0212,0.9058,0.073
DIAMONDS TWO SPADES SIX,0.5994,0.0672,0.3334
HEARTS SEVEN DIAMONDS JACK,0.357,0.018,0.625
SPADES NINE DIAMONDS FIVE,0.3406,0.045,0.6144
CLUBS EIGHT CLUBS ACE,0.2208,0.0292,0.75
SPADES ACE CLUBS JACK,0.3412,0.0026,0.6562
DIAMONDS JACK SPADES THREE,0.386,0.0242,0.5898
HEARTS TWO HEARTS KING,0.3846,0.0096,0.6058
HEARTS TWO DIAMONDS FIVE,0.58,0.0714,0.3486
CLUBS SEVEN DIAMONDS QUEEN,0.363,0.0118,0.6252
DIAMONDS KING DIAMONDS EIGHT,0.234,0.041,0.725
HEARTS TWO HEARTS NINE,0.3846,0.04,0.5754
HEARTS FIVE SPADES FOUR,0.5756,0.1498,0.2746
CLUBS TEN HEARTS THREE,0.4116,0.029,0.5594
CLUBS SEVEN CLUBS TWO,0.5618,0.0628,0.3754
CLUBS THREE HEARTS NINE,0.3918,0.044,0.5642
SPADES TEN HEARTS THREE,0.4056,0.023,0.5714
HEARTS SIX SPADES SEVEN,0.5226,0.0678,0.4096
SPADES QUEEN DIAMONDS EIGHT,0.2314,0.0502,0.7184
DIAMONDS TWO CLUBS FOUR,0.6138,0.153,0.2332
SPADES KING DIAMONDS JACK,0.3476,0.0056,0.6468
CLUBS JACK SPADES SIX,0.3632,0.0184,0.6184
DIAMONDS SEVEN CLUBS QUEEN,0.3764,0.0124,0.6112
DIAMONDS TWO SPADES QUEEN,0.4172,0.0132,0.5696
SPADES SIX SPADES TWO,0.543,0.0676,0.3894
SPADES SEVEN SPADES FIVE,0.4936,0.0626,0.4438
CLUBS SEVEN SPADES SEVEN,0.2592,0.0896,0.6512
HEARTS SIX CLUBS FOUR,0.6054,0.147,0.2476
HEARTS SIX DIAMONDS QUEEN,0.3716,0.0138,0.6146
SPADES ACE DIAMONDS SIX,0.365,0.0052,0.6298
CLUBS JACK DIAMONDS KING,0.3324,0.0062,0.6614
SPADES KING CLUBS TEN,0.3266,0.007,0.6664
DIAMONDS TWO SPADES SEVEN,0.6018,0.0696,0.3286
SPADES QUEEN CLUBS SIX,0.3714,0.0116,0.617
SPADES KING DIAMONDS QUEEN,0.3358,0.0058,0.6584
SPADES FOUR CLUBS ACE,0.2522,0.0174,0.7304
CLUBS SIX DIAMONDS JACK,0.3564,0.0176,0.626
CLUBS TEN HEARTS NINE,0.3058,0.024,0.6702
SPADES KING SPADES JACK,0.321,0.0054,0.6736
SPADES ACE DIAMONDS ACE,0.1346,0.003,0.8624
CLUBS THREE HEARTS TEN,0.4054,0.0254,0.5692
CLUBS EIGHT CLUBS SEVEN,0.209,0.2718,0.5192
CLUBS NINE SPADES TWO,0.3928,0.044,0.5632
HEARTS SIX HEARTS JACK,0.3574,0.0174,0.6252
HEARTS THREE SPADES EIGHT,0.2818,0.5236,0.1946
CLUBS SIX DIAMONDS TEN,0.3536,0.0304,0.616
HEARTS SIX CLUBS ACE,0.3764,0.0042,0.6194
SPADES TEN HEARTS JACK,0.3248,0.0168,0.6584
SPADES KING SPADES FIVE,0.3386,0.007,0.6544
SPADES KING DIAMONDS TEN,0.32,0.0078,0.6722
SPADES TEN SPADES THREE,0.3696,0.0322,0.5982
CLUBS TWO SPADES THREE,0.5828,0.0736,0.3436
HEARTS SIX HEARTS FOUR,0.575,0.1378,0.2872
HEARTS FOUR HEARTS JACK,0.2518,0.0522,0.696
HEARTS TWO SPADES EIGHT,0.2796,0.5042,0.2162
SPADES SIX HEARTS NINE,0.3498,0.0396,0.6106
SPADES ACE DIAMONDS KING,0.344,0.0038,0.6522
SPADES JACK CLUBS KING,0.3338,0.0068,0.6594
SPADES KING HEARTS NINE,0.334,0.0078,0.6582
CLUBS SEVEN CLUBS THREE,0.531,0.0664,0.4026
DIAMONDS ACE HEARTS QUEEN,0.3254,0.0058,0.6688
CLUBS THREE CLUBS ACE,0.3726,0.0054,0.622
HEARTS THREE DIAMONDS NINE,0.3942,0.0484,0.5574
CLUBS FIVE SPADES THREE,0.541,0.0748,0.3842
HEARTS TWO DIAMONDS ACE,0.3894,0.0042,0.6064
SPADES QUEEN HEARTS JACK,0.3264,0.011,0.6626
HEARTS SIX CLUBS EIGHT,0.2204,0.362,0.4176
CLUBS EIGHT HEARTS JACK,0.2432,0.0586,0.6982
HEARTS SIX CLUBS KING,0.359,0.01,0.631
SPADES JACK HEARTS JACK,0.1528,0.0408,0.8064
SPADES SIX DIAMONDS JACK,0.355,0.02,0.625
CLUBS THREE HEARTS ACE,0.3986,0.0056,0.5958
DIAMONDS QUEEN DIAMONDS NINE,0.3152,0.0098,0.675
CLUBS TEN SPADES SEVEN,0.3472,0.0272,0.6256
DIAMONDS KING SPADES THREE,0.3836,0.0092,0.6072
HEARTS SEVEN SPADES FOUR,0.6192,0.1392,0.2416
SPADES TEN HEARTS KING,0.328,0.0072,0.6648
SPADES ACE HEARTS FIVE,0.358,0.004,0.638
SPADES NINE DIAMONDS QUEEN,0.3274,0.0118,0.6608
CLUBS FOUR SPADES THREE,0.5906,0.1544,0.255
HEARTS SIX CLUBS SIX,0.267,0.0912,0.6418
HEARTS SEVEN CLUBS SEVEN,0.2652,0.0818,0.653
DIAMONDS QUEEN HEARTS TEN,0.318,0.0094,0.6726
SPADES KING SPADES FOUR,0.2492,0.0318,0.719
HEARTS THREE DIAMONDS ACE,0.391,0.006,0.603
HEARTS THREE SPADES SEVEN,0.5744,0.0706,0.355
DIAMONDS TEN CLUBS QUEEN,0.3234,0.01,0.6666
SPADES ACE DIAMONDS QUEEN,0.3504,0.0028,0.6468
SPADES QUEEN SPADES JACK,0.3104,0.0088,0.6808
HEARTS SEVEN SPADES TEN,0.3498,0.0246,0.6256
DIAMONDS QUEEN SPADES THREE,0.3986,0.0134,0.588
HEARTS KING HEARTS QUEEN,0.3146,0.0078,0.6776
DIAMONDS EIGHT DIAMONDS FIVE,0.203,0.4452,0.3518
CLUBS JACK HEARTS ACE,0.3306,0.0044,0.665
SPADES NINE SPADES THREE,0.372,0.0398,0.5882
CLUBS NINE HEARTS NINE,0.1466,0.0642,0.7892
HEARTS SEVEN DIAMONDS FIVE,0.5172,0.0666,0.4162
SPADES JACK CLUBS SEVEN,0.354,0.0172,0.6288
DIAMONDS NINE SPADES TWO,0.4036,0.046,0.5504
DIAMONDS KING DIAMONDS SEVEN,0.3604,0.0094,0.6302
SPADES KING SPADES SEVEN,0.3342,0.006,0.6598
CLUBS TEN SPADES THREE,0.3968,0.0244,0.5788
HEARTS FIVE HEARTS FOUR,0.5508,0.1396,0.3096
CLUBS TWO SPADES FOUR,0.5856,0.1502,0.2642
CLUBS SIX HEARTS QUEEN,0.362,0.0094,0.6286
SPADES QUEEN DIAMONDS JACK,0.3178,0.0086,0.6736
DIAMONDS THREE SPADES JACK,0.4126,0.0194,0.568
SPADES TWO DIAMONDS FIVE,0.5578,0.0694,0.3728
CLUBS NINE DIAMONDS QUEEN,0.3148,0.0118,0.6734
HEARTS FIVE DIAMONDS TEN,0.3584,0.026,0.6156
SPADES ACE SPADES JACK,0.3094,0.0048,0.6858
SPADES FIVE HEARTS NINE,0.3436,0.0434,0.613
SPADES KING SPADES NINE,0.3046,0.0094,0.686
DIAMONDS ACE CLUBS FOUR,0.2516,0.0204,0.728
DIAMONDS QUEEN HEARTS NINE,0.3168,0.0116,0.6716
HEARTS ACE DIAMONDS SEVEN,0.357,0.0048,0.6382
HEARTS FIVE SPADES SIX,0.5282,0.0668,0.405
DIAMONDS NINE HEARTS TEN,0.3064,0.0258,0.6678
SPADES FOUR HEARTS KING,0.2522,0.034,0.7138
SPADES ACE SPADES SIX,0.3576,0.0034,0.639
DIAMONDS SEVEN DIAMONDS FIVE,0.4902,0.0678,0.442
SPADES ACE HEARTS KING,0.3254,0.0048,0.6698
CLUBS SIX DIAMONDS EIGHT,0.2166,0.3694,0.414
CLUBS NINE SPADES FIVE,0.3564,0.0452,0.5984
HEARTS JACK CLUBS QUEEN,0.3356,0.0094,0.655
CLUBS QUEEN HEARTS NINE,0.3306,0.0116,0.6578
CLUBS EIGHT HEARTS KING,0.2522,0.0352,0.7126
CLUBS FOUR CLUBS TWO,0.563,0.143,0.294
SPADES JACK SPADES TEN,0.2972,0.016,0.6868
CLUBS JACK DIAMONDS JACK,0.1516,0.0408,0.8076
CLUBS NINE HEARTS JACK,0.3274,0.0156,0.657
DIAMONDS KING DIAMONDS NINE,0.3244,0.0074,0.6682
HEARTS KING CLUBS ACE,0.3182,0.0032,0.6786
CLUBS TEN HEARTS FOUR,0.2528,0.0764,0.6708
SPADES EIGHT DIAMONDS ACE,0.2342,0.029,0.7368
CLUBS ACE DIAMONDS SIX,0.3588,0.003,0.6382
CLUBS JACK DIAMONDS NINE,0.3064,0.02,0.6736
CLUBS TEN DIAMONDS JACK,0.321,0.0142,0.6648
DIAMONDS THREE SPADES THREE,0.3666,0.0996,0.5338
DIAMONDS THREE DIAMONDS NINE,0.3692,0.0444,0.5864
DIAMONDS THREE DIAMONDS FIVE,0.5284,0.065,0.4066
DIAMONDS TWO CLUBS SEVEN,0.6036,0.0656,0.3308
DIAMONDS JACK HEARTS NINE,0.3036,0.017,0.6794
HEARTS FOUR DIAMONDS SIX,0.6076,0.1484,0.244
DIAMONDS TWO SPADES JACK,0.401,0.0204,0.5786
CLUBS TEN DIAMONDS ACE,0.3392,0.004,0.6568
CLUBS EIGHT DIAMONDS FIVE,0.2162,0.4576,0.3262
SPADES FOUR DIAMONDS SIX,0.5778,0.1418,0.2804
SPADES JACK DIAMONDS EIGHT,0.2394,0.0604,0.7002
CLUBS FIVE HEARTS JACK,0.3562,0.0196,0.6242
DIAMONDS JACK DIAMONDS NINE,0.2974,0.0136,0.689
DIAMONDS JACK SPADES FOUR,0.2504,0.0592,0.6904
DIAMONDS THREE DIAMONDS SIX,0.543,0.0692,0.3878
DIAMONDS TWO DIAMONDS SEVEN,0.5788,0.0604,0.3608
HEARTS FIVE SPADES JACK,0.3668,0.0236,0.6096
CLUBS ACE CLUBS QUEEN,0.3246,0.0048,0.6706
SPADES EIGHT HEARTS NINE,0.2238,0.1022,0.674
DIAMONDS TWO CLUBS TWO,0.378,0.1014,0.5206
HEARTS FOUR HEARTS NINE,0.235,0.1066,0.6584
SPADES FOUR DIAMONDS EIGHT,0.0092,0.973,0.0178
CLUBS SIX DIAMONDS FIVE,0.5274,0.0742,0.3984
HEARTS SIX CLUBS NINE,0.3526,0.0406,0.6068
DIAMONDS TWO DIAMONDS JACK,0.387,0.0184,0.5946
HEARTS SIX DIAMONDS SEVEN,0.4968,0.064,0.4392
SPADES ACE HEARTS FOUR,0.2442,0.0188,0.737
CLUBS EIGHT DIAMONDS SIX,0.2048,0.3846,0.4106
DIAMONDS TEN DIAMONDS SEVEN,0.3138,0.0272,0.659
DIAMONDS ACE SPADES TWO,0.385,0.0048,0.6102
HEARTS FOUR DIAMONDS SEVEN,0.6018,0.157,0.2412
SPADES ACE DIAMONDS JACK,0.329,0.0038,0.6672
HEARTS TWO CLUBS ACE,0.3976,0.0044,0.598
CLUBS TWO CLUBS ACE,0.3514,0.0062,0.6424
SPADES KING SPADES TWO,0.376,0.0074,0.6166
CLUBS NINE DIAMONDS SEVEN,0.3308,0.0422,0.627
SPADES TEN DIAMONDS SEVEN,0.3308,0.0266,0.6426
SPADES EIGHT SPADES SEVEN,0.2226,0.2686,0.5088
CLUBS QUEEN DIAMONDS FIVE,0.3664,0.0106,0.623
HEARTS THREE SPADES TWO,0.5994,0.0644,0.3362
CLUBS THREE DIAMONDS QUEEN,0.4118,0.0132,0.575
CLUBS EIGHT HEARTS ACE,0.2324,0.0322,0.7354
SPADES KING HEARTS TEN,0.33,0.0074,0.6626
SPADES JACK CLUBS SIX,0.3764,0.0182,0.6054
CLUBS FOUR SPADES FOUR,0.2742,0.0772,0.6486
SPADES TEN DIAMONDS NINE,0.3086,0.0274,0.664
CLUBS JACK HEARTS FOUR,0.2706,0.063,0.6664
DIAMONDS THREE HEARTS FOUR,0.603,0.1574,0.2396
DIAMONDS THREE CLUBS TWO,0.5932,0.0744,0.3324
CLUBS SIX CLUBS ACE,0.3428,0.0048,0.6524
SPADES TEN CLUBS TWO,0.4092,0.0312,0.5596
DIAMONDS TWO HEARTS NINE,0.388,0.0458,0.5662
CLUBS TWO SPADES TWO,0.3642,0.1062,0.5296
DIAMONDS EIGHT CLUBS ACE,0.239,0.0296,0.7314
CLUBS EIGHT DIAMONDS KING,0.2378,0.0448,0.7174
SPADES ACE CLUBS THREE,0.3894,0.0044,0.6062
SPADES KING CLUBS FOUR,0.2512,0.0314,0.7174
DIAMONDS TWO SPADES NINE,0.4028,0.042,0.5552
SPADES NINE SPADES SIX,0.3266,0.04,0.6334
CLUBS NINE CLUBS SIX,0.3264,0.0394,0.6342
SPADES QUEEN CLUBS FOUR,0.259,0.0452,0.6958
SPADES SEVEN HEARTS QUEEN,0.3634,0.0104,0.6262
CLUBS EIGHT CLUBS KING,0.2378,0.0314,0.7308
HEARTS SEVEN DIAMONDS TEN,0.3498,0.0274,0.6228
SPADES NINE SPADES FIVE,0.3342,0.038,0.6278
DIAMONDS ACE CLUBS TWO,0.3876,0.0056,0.6068
CLUBS JACK SPADES KING,0.3418,0.0056,0.6526
CLUBS TEN DIAMONDS TWO,0.4034,0.0302,0.5664
SPADES TEN CLUBS SIX,0.3592,0.0306,0.6102
CLUBS SEVEN CLUBS SIX,0.4902,0.056,0.4538
SPADES NINE CLUBS QUEEN,0.3266,0.0098,0.6636
HEARTS SEVEN HEARTS TWO,0.5638,0.0674,0.3688
CLUBS TEN SPADES EIGHT,0.2462,0.076,0.6778
HEARTS SEVEN DIAMONDS THREE,0.5958,0.0766,0.3276
HEARTS THREE SPADES SIX,0.5626,0.07,0.3674
DIAMONDS ACE CLUBS ACE,0.1414,0.003,0.8556
DIAMONDS ACE HEARTS TEN,0.3306,0.0056,0.6638
SPADES SIX SPADES THREE,0.5286,0.055,0.4164
CLUBS TEN CLUBS THREE,0.377,0.027,0.596
HEARTS SIX CLUBS THREE,0.5674,0.0682,0.3644
SPADES JACK HEARTS ACE,0.3364,0.0052,0.6584
SPADES SEVEN SPADES FOUR,0.5792,0.132,0.2888
SPADES NINE DIAMONDS KING,0.3328,0.0094,0.6578
CLUBS NINE DIAMONDS FIVE,0.3512,0.0482,0.6006
CLUBS NINE DIAMONDS JACK,0.324,0.0148,0.6612
SPADES KING DIAMONDS EIGHT,0.2372,0.0366,0.7262
CLUBS EIGHT SPADES TEN,0.2396,0.0764,0.684
DIAMONDS EIGHT DIAMONDS SIX,0.2106,0.3602,0.4292
CLUBS SEVEN DIAMONDS EIGHT,0.2112,0.3028,0.486
HEARTS SEVEN CLUBS TWO,0.5866,0.0712,0.3422
DIAMONDS ACE DIAMONDS SIX,0.3378,0.0048,0.6574
CLUBS ACE DIAMONDS FIVE,0.3546,0.0048,0.6406
CLUBS TEN DIAMONDS NINE,0.311,0.0242,0.6648
SPADES ACE CLUBS TWO,0.3924,0.0046,0.603
HEARTS FIVE DIAMONDS FIVE,0.2616,0.0996,0.6388
DIAMONDS KING CLUBS ACE,0.3368,0.0044,0.6588
HEARTS THREE DIAMONDS SEVEN,0.58,0.0682,0.3518
CLUBS JACK CLUBS NINE,0.297,0.0146,0.6884
CLUBS TEN SPADES TEN,0.158,0.0484,0.7936
CLUBS FIVE HEARTS ACE,0.366,0.004,0.63
HEARTS FOUR HEARTS ACE,0.2514,0.022,0.7266
SPADES SEVEN DIAMONDS SIX,0.51,0.0644,0.4256
CLUBS NINE HEARTS FIVE,0.3578,0.0434,0.5988
CLUBS SIX SPADES THREE,0.5682,0.0598,0.372
DIAMONDS NINE DIAMONDS EIGHT,0.2196,0.1092,0.6712
SPADES FIVE CLUBS KING,0.37,0.0066,0.6234
CLUBS NINE DIAMONDS KING,0.3284,0.0084,0.6632
DIAMONDS SEVEN CLUBS KING,0.3648,0.0074,0.6278
SPADES SIX CLUBS KING,0.3808,0.0062,0.613
DIAMONDS KING HEARTS NINE,0.323,0.0066,0.6704
SPADES TEN HEARTS NINE,0.312,0.0242,0.6638
HEARTS QUEEN DIAMONDS SEVEN,0.3582,0.0132,0.6286
CLUBS ACE HEARTS JACK,0.3294,0.0042,0.6664
SPADES SEVEN CLUBS FOUR,0.6128,0.141,0.2462
DIAMONDS THREE HEARTS JACK,0.411,0.0202,0.5688
SPADES ACE HEARTS THREE,0.3982,0.0066,0.5952
SPADES SIX DIAMONDS QUEEN,0.3478,0.0122,0.64
HEARTS THREE HEARTS QUEEN,0.3854,0.0116,0.603
SPADES FIVE DIAMONDS EIGHT,0.2074,0.4596,0.333
SPADES ACE SPADES THREE,0.3602,0.0044,0.6354
DIAMONDS TWO SPADES FIVE,0.581,0.0692,0.3498
SPADES TEN CLUBS THREE,0.4008,0.033,0.5662
SPADES KING DIAMONDS NINE,0.33,0.0064,0.6636
CLUBS FIVE HEARTS NINE,0.3502,0.0458,0.604
CLUBS TEN DIAMONDS KING,0.3386,0.0058,0.6556
HEARTS FIVE HEARTS JACK,0.3452,0.0196,0.6352
HEARTS FIVE DIAMONDS KING,0.3682,0.0084,0.6234
HEARTS TEN CLUBS QUEEN,0.3316,0.0098,0.6586
CLUBS EIGHT SPADES SEVEN,0.2182,0.2884,0.4934
SPADES SIX DIAMONDS FIVE,0.5056,0.0686,0.4258
SPADES SEVEN DIAMONDS EIGHT,0.2252,0.2856,0.4892
DIAMONDS NINE CLUBS QUEEN,0.3276,0.0094,0.663
SPADES FOUR DIAMONDS NINE,0.2442,0.1042,0.6516
DIAMONDS KING CLUBS QUEEN,0.3192,0.0086,0.6722
HEARTS SEVEN CLUBS FOUR,0.6116,0.1446,0.2438
CLUBS JACK SPADES TWO,0.3924,0.0184,0.5892
CLUBS SIX HEARTS ACE,0.3582,0.0026,0.6392
HEARTS THREE DIAMONDS SIX,0.5772,0.0648,0.358
HEARTS FOUR SPADES TEN,0.251,0.085,0.664
CLUBS FIVE CLUBS TWO,0.5212,0.0694,0.4094
HEARTS FIVE SPADES EIGHT,0.2108,0.4588,0.3304
HEARTS SEVEN HEARTS FIVE,0.5082,0.0618,0.43
SPADES TEN DIAMONDS KING,0.3346,0.008,0.6574
SPADES THREE HEARTS NINE,0.4086,0.044,0.5474
SPADES JACK DIAMONDS NINE,0.3122,0.018,0.6698
SPADES ACE CLUBS SIX,0.3596,0.0036,0.6368
HEARTS TWO CLUBS KING,0.3984,0.0088,0.5928
CLUBS SIX DIAMONDS SEVEN,0.5212,0.0676,0.4112
CLUBS THREE CLUBS TWO,0.5488,0.06,0.3912
SPADES KING HEARTS FIVE,0.3636,0.0092,0.6272
HEARTS FIVE DIAMONDS NINE,0.3388,0.0422,0.619
SPADES NINE SPADES EIGHT,0.2094,0.0982,0.6924
HEARTS THREE CLUBS FIVE,0.5564,0.0692,0.3744
SPADES QUEEN HEARTS ACE,0.3286,0.004,0.6674
SPADES QUEEN CLUBS TWO,0.4052,0.0128,0.582
SPADES FIVE HEARTS ACE,0.356,0.0036,0.6404
HEARTS SIX DIAMONDS JACK,0.36,0.0194,0.6206
SPADES TEN DIAMONDS TEN,0.1454,0.0474,0.8072
SPADES ACE SPADES NINE,0.3124,0.0038,0.6838
SPADES ACE SPADES SEVEN,0.3492,0.0038,0.647
SPADES TEN DIAMONDS FIVE,0.3618,0.0292,0.609
CLUBS SEVEN SPADES THREE,0.6004,0.0624,0.3372
SPADES NINE CLUBS TWO,0.3962,0.036,0.5678
HEARTS FOUR SPADES SIX,0.591,0.1468,0.2622
SPADES THREE CLUBS QUEEN,0.401,0.0126,0.5864
CLUBS TWO DIAMONDS JACK,0.403,0.0192,0.5778
DIAMONDS TWO DIAMONDS EIGHT,0.2594,0.4888,0.2518
SPADES NINE DIAMONDS SIX,0.3428,0.0376,0.6196
SPADES EIGHT DIAMONDS QUEEN,0.2384,0.0478,0.7138
HEARTS KING HEARTS JACK,0.3196,0.008,0.6724
HEARTS FIVE CLUBS ACE,0.3606,0.0042,0.6352
SPADES NINE DIAMONDS JACK,0.3136,0.0184,0.668
HEARTS FOUR DIAMONDS NINE,0.2388,0.107,0.6542
SPADES FOUR SPADES THREE,0.5504,0.1546,0.295
SPADES JACK CLUBS EIGHT,0.2468,0.0538,0.6994
SPADES KING HEARTS THREE,0.3976,0.0102,0.5922
HEARTS FOUR CLUBS SEVEN,0.6086,0.142,0.2494
CLUBS EIGHT HEARTS NINE,0.2078,0.1146,0.6776
HEARTS SIX DIAMONDS TEN,0.3558,0.025,0.6192
HEARTS SEVEN SPADES QUEEN,0.3694,0.0116,0.619
CLUBS FOUR DIAMONDS FIVE,0.5728,0.1434,0.2838
CLUBS SEVEN HEARTS QUEEN,0.3714,0.012,0.6166
CLUBS NINE DIAMONDS ACE,0.329,0.0046,0.6664
SPADES KING DIAMONDS ACE,0.3218,0.0056,0.6726
SPADES FIVE DIAMONDS FIVE,0.2646,0.0978,0.6376
SPADES JACK HEARTS QUEEN,0.3284,0.0112,0.6604
CLUBS SEVEN DIAMONDS KING,0.3568,0.0072,0.636
SPADES EIGHT SPADES SIX,0.2028,0.3596,0.4376
HEARTS FOUR CLUBS KING,0.2638,0.033,0.7032
CLUBS JACK CLUBS SIX,0.3534,0.0178,0.6288
CLUBS TWO DIAMONDS FIVE,0.553,0.0732,0.3738
CLUBS JACK DIAMONDS ACE,0.334,0.0054,0.6606
SPADES QUEEN HEARTS FIVE,0.3742,0.0148,0.611
HEARTS SEVEN HEARTS SIX,0.4848,0.0648,0.4504
SPADES SIX DIAMONDS SIX,0.2488,0.0926,0.6586
DIAMONDS ACE SPADES FOUR,0.2498,0.0186,0.7316
HEARTS FOUR SPADES NINE,0.2502,0.107,0.6428
CLUBS FIVE SPADES FOUR,0.5672,0.1516,0.2812
CLUBS EIGHT CLUBS QUEEN,0.2342,0.0448,0.721
CLUBS KING CLUBS QUEEN,0.313,0.0072,0.6798
CLUBS TEN HEARTS QUEEN,0.3272,0.0106,0.6622
DIAMONDS THREE HEARTS TWO,0.6132,0.069,0.3178
CLUBS SEVEN DIAMONDS SIX,0.5052,0.0658,0.429
DIAMONDS JACK CLUBS QUEEN,0.3326,0.0104,0.657
DIAMONDS ACE SPADES SIX,0.3668,0.0044,0.6288
CLUBS SEVEN DIAMONDS NINE,0.3286,0.0434,0.628
HEARTS SIX HEARTS NINE,0.3234,0.0424,0.6342
SPADES NINE DIAMONDS ACE,0.3316,0.004,0.6644
HEARTS SIX SPADES TEN,0.3652,0.0252,0.6096
SPADES ACE CLUBS FOUR,0.2548,0.0182,0.727
CLUBS TEN CLUBS FIVE,0.3396,0.032,0.6284
SPADES JACK HEARTS TWO,0.3974,0.02,0.5826
DIAMONDS KING DIAMONDS TEN,0.3196,0.0062,0.6742
SPADES EIGHT DIAMONDS SEVEN,0.209,0.299,0.492
SPADES EIGHT DIAMONDS SIX,0.2064,0.3784,0.4152
SPADES KING CLUBS FIVE,0.3756,0.0066,0.6178
SPADES TWO CLUBS ACE,0.3988,0.0044,0.5968
HEARTS FOUR DIAMONDS EIGHT,0.0046,0.9882,0.0072
SPADES SIX HEARTS ACE,0.3658,0.0032,0.631
SPADES EIGHT DIAMONDS EIGHT,0.0856,0.0874,0.827
HEARTS SIX DIAMONDS EIGHT,0.2104,0.392,0.3976
CLUBS THREE SPADES THREE,0.3766,0.096,0.5274
HEARTS FIVE CLUBS FOUR,0.5704,0.15,0.2796
CLUBS TEN CLUBS EIGHT,0.2292,0.0746,0.6962
CLUBS SEVEN HEARTS THREE,0.578,0.0704,0.3516
DIAMONDS THREE SPADES TWO,0.5754,0.0736,0.351
CLUBS SEVEN SPADES FOUR,0.6084,0.1402,0.2514
CLUBS FOUR CLUBS QUEEN,0.2492,0.0336,0.7172
SPADES ACE DIAMONDS TEN,0.3316,0.0042,0.6642
DIAMONDS QUEEN HEARTS QUEEN,0.1366,0.0266,0.8368
CLUBS THREE CLUBS QUEEN,0.3782,0.0136,0.6082
HEARTS TEN DIAMONDS FIVE,0.3504,0.033,0.6166
CLUBS JACK CLUBS ACE,0.3186,0.0034,0.678
HEARTS SEVEN SPADES JACK,0.3664,0.0172,0.6164
SPADES TWO HEARTS JACK,0.4032,0.0172,0.5796
SPADES KING SPADES TEN,0.3164,0.0066,0.677
HEARTS SIX CLUBS QUEEN,0.3678,0.0122,0.62
HEARTS FIVE CLUBS QUEEN,0.3672,0.0132,0.6196
DIAMONDS TWO CLUBS KING,0.4102,0.0068,0.583
CLUBS JACK DIAMONDS QUEEN,0.3172,0.0114,0.6714
HEARTS FOUR HEARTS QUEEN,0.2414,0.0438,0.7148
HEARTS SEVEN HEARTS FOUR,0.5874,0.139,0.2736
CLUBS NINE CLUBS ACE,0.3124,0.006,0.6816
SPADES NINE CLUBS FOUR,0.254,0.0954,0.6506
HEARTS ACE SPADES THREE,0.395,0.007,0.598
CLUBS FIVE DIAMONDS TEN,0.3506,0.0272,0.6222
SPADES QUEEN CLUBS NINE,0.3384,0.009,0.6526
SPADES EIGHT DIAMONDS KING,0.2334,0.0394,0.7272
SPADES SIX CLUBS THREE,0.5706,0.0666,0.3628
CLUBS SEVEN HEARTS ACE,0.3666,0.0052,0.6282
HEARTS FIVE CLUBS THREE,0.5536,0.0716,0.3748
HEARTS SEVEN SPADES KING,0.3532,0.011,0.6358
SPADES NINE CLUBS ACE,0.3428,0.0036,0.6536
DIAMONDS NINE DIAMONDS FIVE,0.3326,0.0398,0.6276
HEARTS SEVEN HEARTS THREE,0.57,0.0608,0.3692
HEARTS SEVEN CLUBS EIGHT,0.2258,0.2934,0.4808
CLUBS TEN DIAMONDS TEN,0.1478,0.0486,0.8036
CLUBS SIX DIAMONDS ACE,0.3532,0.0046,0.6422
HEARTS SEVEN DIAMONDS QUEEN,0.3608,0.0138,0.6254
SPADES EIGHT DIAMONDS NINE,0.2222,0.1008,0.677
DIAMONDS THREE DIAMONDS ACE,0.368,0.0052,0.6268
DIAMONDS JACK HEARTS ACE,0.3228,0.006,0.6712
DIAMONDS NINE DIAMONDS SIX,0.324,0.038,0.638
SPADES THREE DIAMONDS SEVEN,0.5814,0.0682,0.3504
DIAMONDS THREE HEARTS TEN,0.3942,0.0298,0.576
CLUBS EIGHT DIAMONDS QUEEN,0.24,0.05,0.71
SPADES SEVEN HEARTS ACE,0.35,0.0032,0.6468
DIAMONDS QUEEN DIAMONDS JACK,0.3224,0.0112,0.6664
SPADES TEN SPADES SEVEN,0.3244,0.0272,0.6484
CLUBS JACK CLUBS EIGHT,0.2228,0.0528,0.7244
CLUBS FIVE HEARTS KING,0.3658,0.0072,0.627
DIAMONDS THREE DIAMONDS QUEEN,0.3824,0.0154,0.6022
SPADES TEN HEARTS QUEEN,0.3216,0.0126,0.6658
HEARTS SEVEN SPADES NINE,0.3426,0.039,0.6184
HEARTS KING HEARTS NINE,0.3314,0.008,0.6606
HEARTS TEN HEARTS NINE,0.2998,0.024,0.6762
HEARTS FOUR SPADES FIVE,0.5802,0.1432,0.2766
DIAMONDS JACK HEARTS JACK,0.1388,0.0464,0.8148
SPADES ACE HEARTS ACE,0.1386,0.0044,0.857
HEARTS KING SPADES TWO,0.3974,0.0086,0.594
DIAMONDS QUEEN CLUBS KING,0.3436,0.0062,0.6502
SPADES THREE HEARTS KING,0.3924,0.0106,0.597
HEARTS TWO CLUBS TWO,0.371,0.1008,0.5282
SPADES THREE DIAMONDS NINE,0.3834,0.0428,0.5738
HEARTS KING DIAMONDS NINE,0.3284,0.0082,0.6634
CLUBS FOUR DIAMONDS KING,0.2502,0.027,0.7228
DIAMONDS QUEEN CLUBS ACE,0.342,0.0058,0.6522
DIAMONDS ACE HEARTS JACK,0.3202,0.006,0.6738
SPADES KING CLUBS NINE,0.3384,0.0074,0.6542
SPADES ACE SPADES EIGHT,0.2226,0.0294,0.748
DIAMONDS JACK DIAMONDS EIGHT,0.2464,0.0604,0.6932
CLUBS NINE SPADES FOUR,0.2528,0.106,0.6412
CLUBS FOUR HEARTS NINE,0.2458,0.106,0.6482
HEARTS SEVEN DIAMONDS TWO,0.612,0.0664,0.3216
SPADES NINE CLUBS SIX,0.3494,0.0418,0.6088
HEARTS TWO SPADES SEVEN,0.594,0.0692,0.3368
CLUBS JACK DIAMONDS TEN,0.318,0.0164,0.6656
SPADES QUEEN SPADES NINE,0.3082,0.0122,0.6796
SPADES QUEEN HEARTS TWO,0.4024,0.0138,0.5838
SPADES FOUR HEARTS QUEEN,0.255,0.048,0.697
HEARTS FIVE CLUBS SIX,0.5262,0.0682,0.4056
CLUBS EIGHT CLUBS SIX,0.2126,0.3472,0.4402
DIAMONDS KING CLUBS TWO,0.3928,0.0102,0.597
CLUBS TWO HEARTS QUEEN,0.409,0.0136,0.5774
HEARTS SIX SPADES NINE,0.349,0.0416,0.6094
CLUBS SEVEN HEARTS TEN,0.3496,0.027,0.6234
HEARTS SIX SPADES JACK,0.3728,0.0176,0.6096
CLUBS THREE HEARTS KING,0.388,0.0094,0.6026
SPADES SIX CLUBS TWO,0.5774,0.0658,0.3568
HEARTS FIVE CLUBS KING,0.3664,0.0074,0.6262
CLUBS THREE DIAMONDS NINE,0.3958,0.0432,0.561
DIAMONDS QUEEN SPADES FOUR,0.2506,0.043,0.7064
HEARTS THREE DIAMONDS EIGHT,0.2622,0.5202,0.2176
HEARTS SIX DIAMONDS FIVE,0.522,0.0734,0.4046
HEARTS FIVE SPADES THREE,0.5534,0.078,0.3686
CLUBS SEVEN SPADES NINE,0.3342,0.0396,0.6262
CLUBS NINE CLUBS EIGHT,0.2118,0.0994,0.6888
SPADES FIVE DIAMONDS SIX,0.5216,0.0692,0.4092
HEARTS TWO SPADES THREE,0.5898,0.07,0.3402
HEARTS FOUR HEARTS KING,0.2434,0.0294,0.7272
CLUBS SEVEN DIAMONDS SEVEN,0.2492,0.0832,0.6676
SPADES KING HEARTS ACE,0.3422,0.0036,0.6542
CLUBS SIX HEARTS JACK,0.364,0.0144,0.6216
DIAMONDS TWO DIAMONDS SIX,0.5586,0.072,0.3694
CLUBS THREE SPADES FOUR,0.5952,0.143,0.2618
HEARTS FIVE CLUBS EIGHT,0.2182,0.4576,0.3242
DIAMONDS NINE HEARTS QUEEN,0.321,0.0122,0.6668
SPADES TEN SPADES FOUR,0.246,0.0778,0.6762
SPADES TEN DIAMONDS QUEEN,0.308,0.0096,0.6824
SPADES KING DIAMONDS FIVE,0.3472,0.0084,0.6444
SPADES ACE CLUBS QUEEN,0.3468,0.0026,0.6506
SPADES QUEEN HEARTS TEN,0.3148,0.0096,0.6756
HEARTS FOUR SPADES FOUR,0.2768,0.08,0.6432
DIAMONDS TWO DIAMONDS QUEEN,0.3738,0.0116,0.6146
SPADES FOUR SPADES TWO,0.5576,0.1414,0.301
DIAMONDS QUEEN DIAMONDS FIVE,0.332,0.014,0.654
DIAMONDS QUEEN CLUBS QUEEN,0.1506,0.025,0.8244
CLUBS TEN DIAMONDS SIX,0.342,0.0294,0.6286
SPADES KING CLUBS TWO,0.408,0.0078,0.5842
SPADES QUEEN HEARTS NINE,0.3284,0.0112,0.6604
HEARTS SIX SPADES FOUR,0.6028,0.14,0.2572
CLUBS FOUR DIAMONDS EIGHT,0.009,0.9726,0.0184
DIAMONDS EIGHT HEARTS JACK,0.2322,0.0624,0.7054
DIAMONDS THREE SPADES FIVE,0.561,0.068,0.371
CLUBS THREE DIAMONDS SEVEN,0.5736,0.0672,0.3592
CLUBS EIGHT HEARTS TWO,0.2726,0.5114,0.216
SPADES THREE CLUBS KING,0.4052,0.0086,0.5862
SPADES ACE CLUBS KING,0.3322,0.0036,0.6642
CLUBS TEN CLUBS SIX,0.3264,0.026,0.6476
SPADES ACE DIAMONDS FIVE,0.356,0.0056,0.6384
SPADES SIX HEARTS QUEEN,0.3578,0.0122,0.63
SPADES KING DIAMONDS SIX,0.369,0.006,0.625
HEARTS SEVEN CLUBS TEN,0.3506,0.032,0.6174
DIAMONDS QUEEN DIAMONDS EIGHT,0.2408,0.0452,0.714
SPADES THREE HEARTS TEN,0.4076,0.0304,0.562
CLUBS EIGHT HEARTS QUEEN,0.2384,0.0528,0.7088
CLUBS SEVEN CLUBS KING,0.3438,0.0034,0.6528
SPADES SEVEN SPADES TWO,0.5662,0.062,0.3718
DIAMONDS ACE HEARTS KING,0.335,0.005,0.66
HEARTS FIVE HEARTS TEN,0.3384,0.0284,0.6332
CLUBS TWO HEARTS TEN,0.3892,0.0272,0.5836
SPADES TWO HEARTS QUEEN,0.395,0.0132,0.5918
HEARTS THREE SPADES FIVE,0.5688,0.0676,0.3636
DIAMONDS TEN CLUBS ACE,0.3316,0.003,0.6654
SPADES EIGHT DIAMONDS JACK,0.2326,0.065,0.7024
CLUBS SIX HEARTS NINE,0.3526,0.0406,0.6068
SPADES THREE DIAMONDS FIVE,0.5502,0.065,0.3848
CLUBS JACK HEARTS KING,0.3288,0.0072,0.664
HEARTS SIX HEARTS FIVE,0.5008,0.0684,0.4308
HEARTS FIVE HEARTS TWO,0.5574,0.0694,0.3732
SPADES TEN CLUBS QUEEN,0.3256,0.0098,0.6646
CLUBS SEVEN DIAMONDS FIVE,0.5258,0.065,0.4092
CLUBS FIVE CLUBS THREE,0.5196,0.0638,0.4166
HEARTS FIVE HEARTS NINE,0.3366,0.0448,0.6186
SPADES JACK SPADES EIGHT,0.2326,0.0558,0.7116
SPADES FIVE DIAMONDS TEN,0.3522,0.029,0.6188
SPADES ACE SPADES QUEEN,0.3196,0.003,0.6774
CLUBS JACK HEARTS TEN,0.3176,0.0162,0.6662
DIAMONDS TWO HEARTS QUEEN,0.4032,0.0126,0.5842
CLUBS NINE CLUBS THREE,0.371,0.0394,0.5896
DIAMONDS QUEEN DIAMONDS SEVEN,0.362,0.0096,0.6284
SPADES ACE CLUBS SEVEN,0.3688,0.0054,0.6258
CLUBS FOUR SPADES TWO,0.592,0.1496,0.2584
CLUBS EIGHT DIAMONDS ACE,0.2342,0.0276,0.7382
SPADES FIVE HEARTS JACK,0.3534,0.0154,0.6312
CLUBS EIGHT SPADES NINE,0.2298,0.1002,0.67
CLUBS JACK HEARTS FIVE,0.3656,0.0176,0.6168
CLUBS NINE CLUBS QUEEN,0.3134,0.0122,0.6744
HEARTS THREE DIAMONDS KING,0.395,0.0104,0.5946
DIAMONDS THREE CLUBS NINE,0.4058,0.0422,0.552
SPADES KING CLUBS SEVEN,0.363,0.0068,0.6302
SPADES SIX SPADES FOUR,0.5518,0.1412,0.307
CLUBS NINE DIAMONDS NINE,0.1384,0.0552,0.8064
DIAMONDS TWO CLUBS ACE,0.4034,0.0058,0.5908
CLUBS SIX CLUBS FIVE,0.4784,0.056,0.4656
SPADES SIX DIAMONDS TEN,0.3504,0.0256,0.624
CLUBS SIX CLUBS FOUR,0.5664,0.1378,0.2958
CLUBS NINE SPADES NINE,0.1552,0.0564,0.7884
CLUBS EIGHT CLUBS FIVE,0.204,0.4288,0.3672
DIAMONDS ACE SPADES SEVEN,0.3566,0.0042,0.6392
DIAMONDS THREE DIAMONDS EIGHT,0.2748,0.4734,0.2518
SPADES TEN SPADES TWO,0.356,0.028,0.616
SPADES ACE HEARTS SEVEN,0.3656,0.0062,0.6282
SPADES TEN CLUBS FIVE,0.362,0.0308,0.6072
SPADES SIX DIAMONDS NINE,0.3298,0.0446,0.6256
DIAMONDS ACE SPADES FIVE,0.3548,0.0036,0.6416
DIAMONDS QUEEN DIAMONDS TEN,0.3116,0.008,0.6804
DIAMONDS THREE SPADES TEN,0.4048,0.0272,0.568
SPADES NINE DIAMONDS SEVEN,0.328,0.0436,0.6284
CLUBS JACK CLUBS SEVEN,0.3342,0.0168,0.649
DIAMONDS KING DIAMONDS FIVE,0.351,0.0098,0.6392
HEARTS FOUR DIAMONDS KING,0.2572,0.0334,0.7094
SPADES TWO DIAMONDS SIX,0.591,0.0632,0.3458
SPADES SIX CLUBS QUEEN,0.3604,0.0112,0.6284
SPADES FOUR DIAMONDS SEVEN,0.6086,0.1374,0.254
CLUBS NINE CLUBS FOUR,0.2346,0.0982,0.6672
HEARTS FIVE HEARTS QUEEN,0.3564,0.014,0.6296
SPADES ACE CLUBS EIGHT,0.2444,0.0284,0.7272
HEARTS SIX SPADES SIX,0.2608,0.091,0.6482
DIAMONDS THREE DIAMONDS JACK,0.3806,0.0206,0.5988
CLUBS JACK DIAMONDS SEVEN,0.3548,0.0172,0.628
CLUBS THREE CLUBS KING,0.3724,0.0084,0.6192
HEARTS FIVE DIAMONDS JACK,0.359,0.022,0.619
SPADES ACE SPADES TEN,0.3108,0.003,0.6862
CLUBS FOUR DIAMONDS QUEEN,0.2462,0.049,0.7048
CLUBS FIVE SPADES SEVEN,0.5358,0.0656,0.3986
SPADES NINE SPADES FOUR,0.2396,0.1054,0.655
DIAMONDS SIX DIAMONDS FIVE,0.4924,0.065,0.4426
CLUBS SIX DIAMONDS KING,0.37,0.0082,0.6218
SPADES SIX DIAMONDS SEVEN,0.5082,0.0662,0.4256
SPADES NINE HEARTS JACK,0.3262,0.018,0.6558
SPADES SEVEN CLUBS TWO,0.5862,0.0678,0.346
CLUBS FIVE CLUBS FOUR,0.5304,0.138,0.3316
HEARTS TWO HEARTS TEN,0.385,0.0286,0.5864
SPADES KING CLUBS THREE,0.4072,0.0062,0.5866
SPADES TEN HEARTS ACE,0.323,0.0034,0.6736
CLUBS SIX DIAMONDS NINE,0.3472,0.0424,0.6104
HEARTS ACE HEARTS QUEEN,0.3312,0.004,0.6648
SPADES NINE HEARTS NINE,0.1458,0.0668,0.7874
DIAMONDS TEN SPADES TWO,0.4108,0.0282,0.561
CLUBS SIX CLUBS THREE,0.5394,0.0644,0.3962
HEARTS TWO CLUBS THREE,0.5792,0.0668,0.354
SPADES KING CLUBS EIGHT,0.2596,0.0334,0.707
DIAMONDS THREE SPADES KING,0.4056,0.0094,0.585
HEARTS SIX CLUBS SEVEN,0.5248,0.0624,0.4128
DIAMONDS ACE CLUBS QUEEN,0.336,0.0044,0.6596
CLUBS SEVEN HEARTS JACK,0.3596,0.0202,0.6202
CLUBS SIX SPADES FOUR,0.5866,0.1436,0.2698
SPADES FIVE DIAMONDS SEVEN,0.5178,0.069,0.4132
DIAMONDS THREE DIAMONDS TEN,0.3844,0.0324,0.5832
CLUBS TWO CLUBS QUEEN,0.3788,0.0152,0.606
HEARTS FIVE DIAMONDS ACE,0.3402,0.0054,0.6544
SPADES NINE HEARTS ACE,0.3328,0.004,0.6632
HEARTS FIVE SPADES FIVE,0.2746,0.0948,0.6306
SPADES KING CLUBS ACE,0.3224,0.0042,0.6734
CLUBS FIVE SPADES FIVE,0.253,0.102,0.645
HEARTS JACK HEARTS TEN,0.3014,0.0136,0.685
SPADES ACE DIAMONDS EIGHT,0.234,0.034,0.732
HEARTS TWO SPADES SIX,0.5866,0.0704,0.343
SPADES EIGHT HEARTS JACK,0.236,0.0622,0.7018
SPADES JACK DIAMONDS QUEEN,0.3296,0.0096,0.6608
CLUBS JACK HEARTS TWO,0.406,0.02,0.574
HEARTS TWO DIAMONDS TEN,0.408,0.0302,0.5618
CLUBS JACK SPADES FOUR,0.27,0.0558,0.6742
CLUBS JACK CLUBS THREE,0.3718,0.0198,0.6084
CLUBS TWO DIAMONDS SEVEN,0.6018,0.0678,0.3304
SPADES NINE DIAMONDS TEN,0.313,0.0288,0.6582
HEARTS QUEEN DIAMONDS EIGHT,0.2356,0.0464,0.718
CLUBS JACK SPADES QUEEN,0.322,0.0102,0.6678
SPADES KING HEARTS SIX,0.3618,0.0064,0.6318
HEARTS TWO SPADES FOUR,0.5974,0.1532,0.2494
SPADES EIGHT CLUBS FIVE,0.2174,0.4538,0.3288
SPADES TWO DIAMONDS SEVEN,0.5806,0.0682,0.3512
DIAMONDS ACE CLUBS KING,0.3378,0.003,0.6592
CLUBS TEN HEARTS JACK,0.3206,0.0166,0.6628
SPADES KING SPADES QUEEN,0.3176,0.0046,0.6778
HEARTS THREE HEARTS NINE,0.3712,0.0416,0.5872
DIAMONDS TWO HEARTS THREE,0.5992,0.0694,0.3314
SPADES JACK SPADES FIVE,0.3448,0.0154,0.6398
CLUBS JACK SPADES NINE,0.3228,0.0154,0.6618
CLUBS FOUR CLUBS ACE,0.2334,0.0192,0.7474
CLUBS FOUR DIAMONDS NINE,0.2468,0.1042,0.649
HEARTS THREE DIAMONDS TEN,0.3958,0.0316,0.5726
CLUBS NINE DIAMONDS EIGHT,0.22,0.105,0.675
SPADES KING CLUBS KING,0.1502,0.0152,0.8346
SPADES TEN DIAMONDS SIX,0.3598,0.0272,0.613
CLUBS JACK SPADES EIGHT,0.2482,0.053,0.6988
HEARTS THREE HEARTS JACK,0.395,0.0214,0.5836
CLUBS KING HEARTS TEN,0.3258,0.0078,0.6664
HEARTS SIX HEARTS KING,0.355,0.0066,0.6384
HEARTS FIVE SPADES SEVEN,0.536,0.0644,0.3996
HEARTS THREE SPADES FOUR,0.6058,0.1432,0.251
SPADES TEN HEARTS TEN,0.1454,0.057,0.7976
CLUBS EIGHT SPADES TWO,0.28,0.5018,0.2182
HEARTS FIVE HEARTS KING,0.337,0.0088,0.6542
DIAMONDS THREE CLUBS FOUR,0.5948,0.1522,0.253
SPADES TEN DIAMONDS EIGHT,0.244,0.0764,0.6796
SPADES QUEEN HEARTS QUEEN,0.1436,0.0254,0.831
SPADES SEVEN DIAMONDS KING,0.3504,0.0058,0.6438
SPADES FIVE SPADES THREE,0.5188,0.0644,0.4168
CLUBS SEVEN CLUBS FOUR,0.564,0.1352,0.3008
DIAMONDS ACE HEARTS NINE,0.3298,0.0044,0.6658
CLUBS JACK CLUBS TWO,0.3834,0.017,0.5996
DIAMONDS TWO HEARTS TWO,0.3764,0.1096,0.514
HEARTS TWO HEARTS ACE,0.3864,0.005,0.6086
HEARTS SEVEN CLUBS NINE,0.3348,0.0506,0.6146
HEARTS JACK DIAMONDS FIVE,0.3602,0.0174,0.6224
DIAMONDS EIGHT HEARTS NINE,0.207,0.1078,0.6852
HEARTS THREE CLUBS THREE,0.3666,0.1054,0.528
SPADES SIX CLUBS ACE,0.3596,0.003,0.6374
DIAMONDS QUEEN HEARTS ACE,0.3378,0.005,0.6572
HEARTS TWO DIAMONDS NINE,0.3954,0.0436,0.561
CLUBS FOUR SPADES FIVE,0.576,0.1486,0.2754
HEARTS SEVEN DIAMONDS NINE,0.3252,0.0384,0.6364
SPADES QUEEN CLUBS SEVEN,0.3628,0.0086,0.6286
CLUBS JACK DIAMONDS SIX,0.361,0.0176,0.6214
DIAMONDS TWO CLUBS NINE,0.3824,0.0424,0.5752
CLUBS TEN HEARTS TEN,0.1404,0.0492,0.8104
HEARTS FIVE CLUBS TWO,0.5654,0.07,0.3646
SPADES TEN CLUBS SEVEN,0.3424,0.0282,0.6294
SPADES KING DIAMONDS TWO,0.4252,0.0092,0.5656
CLUBS EIGHT CLUBS FOUR,0.0198,0.9148,0.0654
SPADES KING HEARTS QUEEN,0.3124,0.007,0.6806
DIAMONDS THREE HEARTS SIX,0.5962,0.0648,0.339
CLUBS TEN HEARTS KING,0.331,0.0062,0.6628
HEARTS FIVE HEARTS THREE,0.538,0.0644,0.3976
SPADES ACE HEARTS SIX,0.3524,0.0036,0.644
DIAMONDS EIGHT CLUBS KING,0.2416,0.0366,0.7218
HEARTS SIX DIAMONDS SIX,0.263,0.0884,0.6486
DIAMONDS THREE HEARTS QUEEN,0.4014,0.014,0.5846
DIAMONDS TEN DIAMONDS EIGHT,0.233,0.076,0.691
DIAMONDS JACK DIAMONDS SEVEN,0.3252,0.0192,0.6556
DIAMONDS TWO DIAMONDS NINE,0.3802,0.0422,0.5776
DIAMONDS KING HEARTS TEN,0.326,0.0072,0.6668
HEARTS SIX DIAMONDS ACE,0.3614,0.0064,0.6322
SPADES EIGHT HEARTS ACE,0.237,0.028,0.735
HEARTS SIX HEARTS QUEEN,0.3496,0.0098,0.6406
SPADES EIGHT CLUBS TWO,0.2886,0.5008,0.2106
CLUBS JACK SPADES THREE,0.3964,0.018,0.5856
HEARTS TWO CLUBS QUEEN,0.3938,0.0146,0.5916
HEARTS SEVEN HEARTS JACK,0.3346,0.0204,0.645
DIAMONDS TWO SPADES THREE,0.5926,0.0724,0.335
CLUBS SIX HEARTS TEN,0.349,0.026,0.625
SPADES QUEEN DIAMONDS NINE,0.3292,0.0118,0.659
CLUBS TEN DIAMONDS QUEEN,0.3258,0.0124,0.6618
DIAMONDS TEN DIAMONDS NINE,0.2844,0.0258,0.6898
SPADES TWO CLUBS QUEEN,0.4102,0.0156,0.5742
SPADES JACK DIAMONDS FIVE,0.3676,0.02,0.6124
HEARTS TWO CLUBS FIVE,0.5712,0.066,0.3628
DIAMONDS THREE CLUBS QUEEN,0.4186,0.014,0.5674
CLUBS TEN HEARTS ACE,0.3324,0.0044,0.6632
CLUBS EIGHT DIAMONDS EIGHT,0.084,0.0852,0.8308
CLUBS NINE HEARTS QUEEN,0.3314,0.0116,0.657
HEARTS SEVEN HEARTS KING,0.3484,0.008,0.6436
DIAMONDS TEN DIAMONDS SIX,0.3384,0.0232,0.6384
DIAMONDS TWO DIAMONDS FIVE,0.5272,0.066,0.4068
SPADES ACE HEARTS QUEEN,0.3272,0.0056,0.6672
SPADES THREE CLUBS ACE,0.384,0.0046,0.6114
CLUBS NINE HEARTS TEN,0.3096,0.0272,0.6632
DIAMONDS THREE HEARTS KING,0.4164,0.0088,0.5748
DIAMONDS ACE CLUBS THREE,0.3856,0.0056,0.6088
DIAMONDS THREE CLUBS SIX,0.5714,0.0728,0.3558
CLUBS THREE SPADES FIVE,0.571,0.0644,0.3646
DIAMONDS QUEEN DIAMONDS SIX,0.3554,0.0124,0.6322
SPADES EIGHT HEARTS KING,0.2464,0.0362,0.7174
CLUBS FOUR CLUBS KING,0.2358,0.0302,0.734
SPADES NINE DIAMONDS EIGHT,0.222,0.106,0.672
DIAMONDS NINE HEARTS JACK,0.3092,0.0148,0.676
CLUBS ACE HEARTS TEN,0.3202,0.005,0.6748
SPADES JACK CLUBS FIVE,0.3592,0.0184,0.6224
HEARTS TWO HEARTS QUEEN,0.3928,0.0112,0.596
SPADES TEN SPADES EIGHT,0.2264,0.086,0.6876
HEARTS ACE DIAMONDS FIVE,0.3546,0.0052,0.6402
DIAMONDS SIX CLUBS QUEEN,0.3582,0.0136,0.6282
HEARTS TWO SPADES TWO,0.3534,0.109,0.5376
HEARTS JACK HEARTS NINE,0.2994,0.0166,0.684
SPADES KING HEARTS FOUR,0.2502,0.033,0.7168
DIAMONDS TWO SPADES TWO,0.3662,0.1128,0.521
CLUBS TEN CLUBS FOUR,0.2442,0.0756,0.6802
CLUBS NINE HEARTS FOUR,0.2604,0.1058,0.6338
CLUBS TEN DIAMONDS FIVE,0.3678,0.0272,0.605
SPADES JACK SPADES SIX,0.3396,0.0136,0.6468
CLUBS JACK SPADES TEN,0.3138,0.0144,0.6718
HEARTS SEVEN DIAMONDS ACE,0.3578,0.0052,0.637
DIAMONDS THREE SPADES FOUR,0.5908,0.1546,0.2546
CLUBS TEN DIAMONDS EIGHT,0.2426,0.0828,0.6746
DIAMONDS ACE DIAMONDS EIGHT,0.2358,0.028,0.7362
SPADES SEVEN HEARTS NINE,0.34,0.0428,0.6172
SPADES FOUR HEARTS JACK,0.2482,0.0592,0.6926
SPADES TEN CLUBS FOUR,0.2472,0.0792,0.6736
SPADES SEVEN SPADES SIX,0.494,0.0656,0.4404
CLUBS NINE CLUBS SEVEN,0.316,0.0414,0.6426
CLUBS SEVEN DIAMONDS JACK,0.3574,0.015,0.6276
DIAMONDS TEN SPADES THREE,0.4016,0.0264,0.572
SPADES EIGHT SPADES TWO,0.261,0.471,0.268
HEARTS SEVEN DIAMONDS SEVEN,0.254,0.081,0.665
SPADES EIGHT CLUBS KING,0.2444,0.0388,0.7168
SPADES NINE DIAMONDS NINE,0.1474,0.055,0.7976
CLUBS TWO HEARTS KING,0.404,0.009,0.587
SPADES SEVEN HEARTS TEN,0.3408,0.0238,0.6354
HEARTS FIVE SPADES TWO,0.5696,0.072,0.3584
CLUBS TWO DIAMONDS SIX,0.5808,0.0712,0.348
DIAMONDS THREE CLUBS SEVEN,0.5828,0.0652,0.352
CLUBS NINE DIAMONDS TEN,0.3094,0.025,0.6656
CLUBS EIGHT SPADES FIVE,0.2196,0.451,0.3294
HEARTS FOUR DIAMONDS ACE,0.2558,0.0192,0.725
HEARTS ACE CLUBS ACE,0.134,0.0032,0.8628
CLUBS SEVEN SPADES SIX,0.5082,0.0696,0.4222
HEARTS SIX SPADES FIVE,0.5126,0.066,0.4214
DIAMONDS TEN DIAMONDS FIVE,0.3362,0.026,0.6378
HEARTS SEVEN CLUBS KING,0.3592,0.006,0.6348
HEARTS FOUR DIAMONDS QUEEN,0.2554,0.0476,0.697
SPADES QUEEN SPADES FOUR,0.2444,0.0428,0.7128
HEARTS ACE HEARTS NINE,0.3236,0.0072,0.6692
DIAMONDS SIX HEARTS NINE,0.328,0.0468,0.6252
DIAMONDS THREE DIAMONDS KING,0.379,0.0092,0.6118
HEARTS FIVE DIAMONDS SIX,0.505,0.069,0.426
CLUBS TEN CLUBS NINE,0.2968,0.0228,0.6804
DIAMONDS KING HEARTS ACE,0.328,0.0064,0.6656
CLUBS EIGHT SPADES FOUR,0.0194,0.9628,0.0178
DIAMONDS TWO SPADES EIGHT,0.2724,0.5176,0.21
DIAMONDS THREE SPADES NINE,0.4072,0.04,0.5528
CLUBS FIVE DIAMONDS FIVE,0.2562,0.1048,0.639
SPADES QUEEN DIAMONDS TEN,0.3198,0.012,0.6682
HEARTS ACE SPADES TWO,0.3894,0.0064,0.6042
CLUBS FOUR HEARTS KING,0.2444,0.0256,0.73
SPADES JACK DIAMONDS TEN,0.3026,0.0166,0.6808
SPADES KING DIAMONDS SEVEN,0.3584,0.0086,0.633
HEARTS SEVEN SPADES THREE,0.5872,0.0646,0.3482
DIAMONDS TWO HEARTS FOUR,0.605,0.1552,0.2398
DIAMONDS JACK DIAMONDS FIVE,0.3546,0.0204,0.625
CLUBS JACK SPADES SEVEN,0.3646,0.0166,0.6188
CLUBS SIX SPADES SEVEN,0.524,0.0612,0.4148
DIAMONDS TWO CLUBS QUEEN,0.3904,0.0154,0.5942
DIAMONDS JACK DIAMONDS SIX,0.3486,0.0176,0.6338
SPADES QUEEN SPADES TEN,0.2912,0.0114,0.6974
CLUBS ACE HEARTS NINE,0.3266,0.0048,0.6686
CLUBS JACK CLUBS KING,0.3158,0.0076,0.6766
CLUBS NINE CLUBS TWO,0.365,0.0438,0.5912
HEARTS QUEEN DIAMONDS FIVE,0.358,0.0102,0.6318
CLUBS FIVE CLUBS ACE,0.3378,0.003,0.6592
CLUBS TWO HEARTS ACE,0.394,0.0058,0.6002
HEARTS TEN DIAMONDS SIX,0.347,0.03,0.623
HEARTS FOUR SPADES SEVEN,0.6108,0.1498,0.2394
SPADES JACK SPADES SEVEN,0.3348,0.017,0.6482
CLUBS JACK HEARTS SIX,0.3796,0.0204,0.6
HEARTS JACK DIAMONDS SIX,0.365,0.017,0.618
HEARTS SEVEN CLUBS ACE,0.362,0.0046,0.6334
DIAMONDS TEN CLUBS KING,0.33,0.0068,0.6632
HEARTS SIX HEARTS TWO,0.5564,0.0616,0.382
SPADES SEVEN DIAMONDS SEVEN,0.2512,0.087,0.6618
HEARTS FOUR SPADES THREE,0.596,0.1526,0.2514
DIAMONDS JACK CLUBS ACE,0.3334,0.0042,0.6624
HEARTS TWO SPADES FIVE,0.5684,0.0738,0.3578
SPADES QUEEN DIAMONDS ACE,0.3494,0.0048,0.6458
SPADES FOUR HEARTS NINE,0.2504,0.0942,0.6554
HEARTS KING DIAMONDS FIVE,0.3512,0.01,0.6388
SPADES TEN SPADES FIVE,0.344,0.0274,0.6286
HEARTS QUEEN CLUBS ACE,0.3376,0.004,0.6584
CLUBS TEN HEARTS FIVE,0.3708,0.0258,0.6034
SPADES JACK DIAMONDS JACK,0.1468,0.039,0.8142
SPADES FIVE SPADES FOUR,0.5402,0.1392,0.3206
SPADES KING HEARTS KING,0.1412,0.0198,0.839
SPADES ACE SPADES TWO,0.3708,0.0044,0.6248
SPADES EIGHT SPADES THREE,0.2598,0.4832,0.257
HEARTS ACE HEARTS JACK,0.331,0.0048,0.6642
DIAMONDS KING HEARTS QUEEN,0.3288,0.005,0.6662
CLUBS JACK DIAMONDS EIGHT,0.2376,0.0614,0.701
SPADES SEVEN SPADES THREE,0.547,0.064,0.389
CLUBS SEVEN HEARTS KING,0.36,0.0098,0.6302
CLUBS JACK HEARTS THREE,0.3982,0.02,0.5818
SPADES JACK CLUBS QUEEN,0.3398,0.0078,0.6524
SPADES THREE DIAMONDS EIGHT,0.277,0.506,0.217
CLUBS EIGHT CLUBS TWO,0.2546,0.4868,0.2586
DIAMONDS ACE DIAMONDS KING,0.3174,0.0054,0.6772
DIAMONDS ACE DIAMONDS FIVE,0.333,0.0046,0.6624
SPADES JACK CLUBS TWO,0.409,0.0196,0.5714
HEARTS SIX HEARTS THREE,0.5624,0.0642,0.3734
CLUBS JACK CLUBS FIVE,0.3414,0.015,0.6436
HEARTS FIVE HEARTS ACE,0.3422,0.006,0.6518
SPADES SEVEN HEARTS KING,0.345,0.0086,0.6464
HEARTS TWO CLUBS FOUR,0.6024,0.1374,0.2602
HEARTS TWO DIAMONDS JACK,0.401,0.022,0.577
CLUBS TEN SPADES SIX,0.3532,0.0244,0.6224
CLUBS FOUR DIAMONDS JACK,0.2498,0.0586,0.6916
CLUBS TWO HEARTS JACK,0.3964,0.0208,0.5828
HEARTS SEVEN DIAMONDS SIX,0.5238,0.0642,0.412
DIAMONDS ACE DIAMONDS NINE,0.3202,0.006,0.6738
SPADES QUEEN SPADES SEVEN,0.3494,0.0092,0.6414
CLUBS SIX SPADES SIX,0.2622,0.085,0.6528
HEARTS JACK DIAMONDS SEVEN,0.336,0.0174,0.6466
DIAMONDS SEVEN DIAMONDS SIX,0.485,0.0616,0.4534
CLUBS TEN CLUBS ACE,0.3088,0.004,0.6872
HEARTS ACE HEARTS TEN,0.3192,0.0068,0.674
SPADES QUEEN DIAMONDS FIVE,0.3582,0.0136,0.6282
SPADES KING CLUBS SIX,0.3622,0.0052,0.6326
SPADES JACK DIAMONDS SEVEN,0.357,0.0156,0.6274
CLUBS TEN CLUBS TWO,0.3786,0.0254,0.596
HEARTS ACE DIAMONDS EIGHT,0.229,0.0302,0.7408
SPADES ACE DIAMONDS SEVEN,0.351,0.0034,0.6456
CLUBS EIGHT HEARTS FOUR,0.017,0.9708,0.0122
HEARTS THREE HEARTS ACE,0.3778,0.0066,0.6156
SPADES QUEEN DIAMONDS SIX,0.3666,0.0122,0.6212
CLUBS TEN CLUBS KING,0.3118,0.007,0.6812
SPADES ACE HEARTS TWO,0.4008,0.0046,0.5946
SPADES SIX HEARTS KING,0.3656,0.0064,0.628
CLUBS SIX CLUBS TWO,0.5666,0.0596,0.3738
SPADES TWO CLUBS KING,0.4,0.0098,0.5902
CLUBS TEN SPADES NINE,0.3026,0.0244,0.673
HEARTS SIX CLUBS FIVE,0.5092,0.0654,0.4254
CLUBS TWO CLUBS KING,0.3732,0.0094,0.6174
SPADES KING SPADES EIGHT,0.2266,0.0326,0.7408
SPADES TWO HEARTS NINE,0.3984,0.0464,0.5552
HEARTS THREE CLUBS TWO,0.5948,0.069,0.3362
SPADES QUEEN HEARTS KING,0.3258,0.007,0.6672
HEARTS FIVE SPADES TEN,0.3788,0.0236,0.5976
DIAMONDS TWO CLUBS FIVE,0.5824,0.0648,0.3528
DIAMONDS JACK HEARTS QUEEN,0.319,0.011,0.67
SPADES KING DIAMONDS KING,0.1412,0.0154,0.8434
SPADES FIVE CLUBS ACE,0.356,0.0058,0.6382
DIAMONDS JACK HEARTS TEN,0.3102,0.015,0.6748
HEARTS FIVE DIAMONDS QUEEN,0.3792,0.0144,0.6064
HEARTS SIX SPADES QUEEN,0.3602,0.0134,0.6264
SPADES NINE HEARTS TWO,0.3948,0.0454,0.5598
SPADES FOUR HEARTS TEN,0.2322,0.0842,0.6836
SPADES QUEEN CLUBS KING,0.336,0.0068,0.6572
HEARTS THREE CLUBS QUEEN,0.399,0.0166,0.5844
HEARTS FOUR CLUBS TWO,0.5972,0.1532,0.2496
HEARTS ACE DIAMONDS TEN,0.316,0.0056,0.6784
SPADES ACE SPADES FOUR,0.2442,0.0178,0.738
SPADES SEVEN HEARTS JACK,0.3442,0.0168,0.639
SPADES ACE CLUBS TEN,0.3368,0.0044,0.6588
CLUBS NINE CLUBS KING,0.3008,0.008,0.6912
HEARTS THREE HEARTS TWO,0.5552,0.0652,0.3796
CLUBS NINE CLUBS FIVE,0.3258,0.0402,0.634
SPADES FIVE CLUBS QUEEN,0.365,0.0144,0.6206
CLUBS SIX HEARTS TWO,0.5772,0.0704,0.3524
CLUBS JACK SPADES JACK,0.1456,0.0354,0.819
CLUBS FIVE DIAMONDS ACE,0.3402,0.0032,0.6566
CLUBS SIX DIAMONDS SIX,0.2612,0.085,0.6538
