opposingHand,winningChance,drawChance,lostChance
HEARTS SIX HEARTS KING
HEARTS FIVE SPADES TEN,0.6512,0.0078,0.341
SPADES JACK HEARTS FIVE,0.6446,0.0078,0.3476
CLUBS JACK SPADES FIVE,0.6504,0.0066,0.343
CLUBS TEN SPADES FIVE,0.657,0.007,0.336
CLUBS JACK CLUBS EIGHT,0.5528,0.0054,0.4418
CLUBS TEN CLUBS EIGHT,0.5602,0.008,0.4318
CLUBS EIGHT CLUBS KING,0.2626,0.2108,0.5266
SPADES FIVE CLUBS ACE,0.4262,0.0044,0.5694
CLUBS EIGHT CLUBS QUEEN,0.571,0.006,0.423
SPADES FIVE CLUBS KING,0.4296,0.3644,0.206
SPADES FIVE CLUBS QUEEN,0.6626,0.0062,0.3312
CLUBS EIGHT CLUBS ACE,0.369,0.0048,0.6262
DIAMONDS TWO DIAMONDS THREE,0.6236,0.008,0.3684
DIAMONDS TWO DIAMONDS FIVE,0.6288,0.0088,0.3624
SPADES KING HEARTS FIVE,0.4332,0.3644,0.2024
DIAMONDS TWO DIAMONDS FOUR,0.6316,0.0084,0.36
SPADES QUEEN HEARTS FIVE,0.6476,0.0074,0.345
DIAMONDS TWO DIAMONDS SEVEN,0.6186,0.0082,0.3732
DIAMONDS TWO DIAMONDS SIX,0.6906,0.0406,0.2688
SPADES ACE HEARTS FIVE,0.4186,0.0048,0.5766
DIAMONDS TWO DIAMONDS NINE,0.6194,0.0084,0.3722
DIAMONDS TWO DIAMONDS EIGHT,0.619,0.007,0.374
DIAMONDS THREE DIAMONDS FOUR,0.6188,0.009,0.3722
CLUBS TWO SPADES FOUR,0.6728,0.008,0.3192
DIAMONDS THREE DIAMONDS FIVE,0.6158,0.0094,0.3748
CLUBS TWO SPADES FIVE,0.6784,0.0092,0.3124
CLUBS TWO SPADES TWO,0.5014,0.0134,0.4852
CLUBS TWO SPADES THREE,0.6694,0.0108,0.3198
DIAMONDS THREE DIAMONDS EIGHT,0.6244,0.008,0.3676
SPADES EIGHT CLUBS TWO,0.6568,0.0074,0.3358
DIAMONDS THREE DIAMONDS NINE,0.6166,0.007,0.3764
SPADES NINE CLUBS TWO,0.6504,0.0086,0.341
DIAMONDS THREE DIAMONDS SIX,0.6882,0.0364,0.2754
SPADES SIX CLUBS TWO,0.7262,0.0398,0.234
DIAMONDS THREE DIAMONDS SEVEN,0.6196,0.008,0.3724
SPADES SEVEN CLUBS TWO,0.6668,0.0076,0.3256
CLUBS SIX CLUBS TWO,0.699,0.04,0.261
CLUBS SEVEN CLUBS TWO,0.6126,0.0086,0.3788
CLUBS FOUR CLUBS TWO,0.634,0.0092,0.3568
CLUBS FIVE CLUBS TWO,0.6272,0.0084,0.3644
CLUBS TEN CLUBS JACK,0.531,0.0064,0.4626
DIAMONDS FOUR DIAMONDS SIX,0.6752,0.034,0.2908
CLUBS TEN CLUBS QUEEN,0.5514,0.0052,0.4434
DIAMONDS FOUR DIAMONDS SEVEN,0.607,0.01,0.383
CLUBS TEN CLUBS KING,0.2718,0.1056,0.6226
CLUBS TEN CLUBS ACE,0.369,0.005,0.626
CLUBS EIGHT CLUBS TWO,0.6186,0.0082,0.3732
DIAMONDS FIVE DIAMONDS FOUR,0.6188,0.0082,0.373
CLUBS NINE CLUBS TWO,0.6138,0.0084,0.3778
DIAMONDS NINE DIAMONDS FOUR,0.6178,0.0054,0.3768
DIAMONDS EIGHT DIAMONDS FOUR,0.6044,0.009,0.3866
CLUBS TWO CLUBS THREE,0.6266,0.01,0.3634
DIAMONDS NINE DIAMONDS FIVE,0.6094,0.0062,0.3844
CLUBS JACK DIAMONDS TWO,0.662,0.008,0.33
DIAMONDS EIGHT DIAMONDS FIVE,0.593,0.0072,0.3998
CLUBS TEN DIAMONDS TWO,0.6458,0.0078,0.3464
DIAMONDS FIVE DIAMONDS SEVEN,0.5906,0.0086,0.4008
DIAMONDS FIVE DIAMONDS SIX,0.6536,0.0318,0.3146
DIAMONDS TWO CLUBS ACE,0.43,0.0034,0.5666
DIAMONDS TWO CLUBS KING,0.4298,0.3614,0.2088
DIAMONDS TWO CLUBS QUEEN,0.656,0.0086,0.3354
DIAMONDS EIGHT DIAMONDS SIX,0.6654,0.0276,0.307
DIAMONDS NINE DIAMONDS SIX,0.677,0.0332,0.2898
SPADES THREE HEARTS ACE,0.417,0.0044,0.5786
DIAMONDS SEVEN DIAMONDS SIX,0.6556,0.029,0.3154
HEARTS QUEEN SPADES THREE,0.638,0.0102,0.3518
SPADES THREE HEARTS JACK,0.6616,0.0074,0.331
SPADES THREE HEARTS TEN,0.6486,0.0084,0.343
DIAMONDS EIGHT DIAMONDS SEVEN,0.5628,0.006,0.4312
DIAMONDS NINE DIAMONDS SEVEN,0.566,0.0076,0.4264
DIAMONDS NINE DIAMONDS EIGHT,0.569,0.0064,0.4246
DIAMONDS KING HEARTS TEN,0.2624,0.1078,0.6298
HEARTS THREE HEARTS TEN,0.6508,0.0086,0.3406
SPADES JACK CLUBS SIX,0.7418,0.032,0.2262
DIAMONDS KING HEARTS JACK,0.2686,0.0814,0.65
HEARTS THREE HEARTS JACK,0.6572,0.0082,0.3346
SPADES TEN CLUBS SIX,0.7344,0.0328,0.2328
SPADES JACK SPADES FIVE,0.6094,0.0088,0.3818
SPADES TEN SPADES FIVE,0.617,0.0102,0.3728
DIAMONDS KING HEARTS ACE,0.258,0.0144,0.7276
HEARTS THREE HEARTS ACE,0.371,0.0064,0.6226
SPADES ACE CLUBS SIX,0.286,0.0256,0.6884
DIAMONDS KING HEARTS QUEEN,0.2638,0.0614,0.6748
HEARTS THREE HEARTS QUEEN,0.6434,0.0098,0.3468
SPADES KING CLUBS SIX,0.0716,0.9052,0.0232
SPADES QUEEN CLUBS SIX,0.7492,0.0386,0.2122
SPADES NINE HEARTS TEN,0.563,0.0078,0.4292
SPADES NINE HEARTS JACK,0.5646,0.0072,0.4282
SPADES QUEEN SPADES FIVE,0.6208,0.008,0.3712
SPADES KING SPADES FIVE,0.388,0.3444,0.2676
SPADES ACE SPADES FIVE,0.4068,0.0046,0.5886
SPADES NINE HEARTS QUEEN,0.5988,0.006,0.3952
SPADES NINE HEARTS ACE,0.3844,0.0064,0.6092
CLUBS TEN SPADES JACK,0.5688,0.0072,0.424
CLUBS TEN SPADES TEN,0.3336,0.0052,0.6612
SPADES ACE CLUBS TEN,0.3922,0.0042,0.6036
CLUBS TEN SPADES KING,0.2814,0.1056,0.613
CLUBS TEN SPADES QUEEN,0.5798,0.0042,0.416
SPADES FIVE HEARTS QUEEN,0.6516,0.0072,0.3412
SPADES FIVE HEARTS ACE,0.4178,0.004,0.5782
CLUBS EIGHT SPADES TEN,0.604,0.004,0.392
HEARTS THREE SPADES JACK,0.6614,0.0068,0.3318
SPADES JACK DIAMONDS KING,0.2808,0.0834,0.6358
SPADES TEN DIAMONDS KING,0.279,0.1146,0.6064
HEARTS THREE SPADES TEN,0.6458,0.0074,0.3468
CLUBS EIGHT SPADES JACK,0.5902,0.0086,0.4012
CLUBS SIX HEARTS ACE,0.2642,0.0302,0.7056
SPADES ACE CLUBS EIGHT,0.393,0.0036,0.6034
CLUBS JACK HEARTS FIVE,0.6472,0.0098,0.343
CLUBS TEN HEARTS FIVE,0.6654,0.006,0.3286
CLUBS SIX HEARTS QUEEN,0.735,0.037,0.228
SPADES QUEEN CLUBS EIGHT,0.6084,0.0056,0.386
CLUBS TEN SPADES THREE,0.645,0.0076,0.3474
SPADES KING CLUBS EIGHT,0.2856,0.2064,0.508
CLUBS JACK SPADES THREE,0.6496,0.0086,0.3418
DIAMONDS TWO HEARTS JACK,0.6562,0.0072,0.3366
SPADES THREE CLUBS QUEEN,0.65,0.0084,0.3416
DIAMONDS TWO HEARTS TEN,0.6414,0.0102,0.3484
SPADES THREE CLUBS KING,0.4344,0.357,0.2086
HEARTS FIVE CLUBS ACE,0.4176,0.0052,0.5772
SPADES FIVE HEARTS TEN,0.6526,0.0088,0.3386
SPADES THREE CLUBS ACE,0.4306,0.0036,0.5658
HEARTS FIVE CLUBS KING,0.4188,0.362,0.2192
SPADES FIVE HEARTS JACK,0.639,0.0082,0.3528
HEARTS FIVE CLUBS QUEEN,0.6504,0.007,0.3426
HEARTS THREE CLUBS KING,0.4308,0.3582,0.211
DIAMONDS KING CLUBS KING,0.1268,0.0116,0.8616
HEARTS THREE CLUBS QUEEN,0.6524,0.0086,0.339
DIAMONDS KING CLUBS QUEEN,0.2932,0.0566,0.6502
HEARTS FIVE HEARTS JACK,0.6394,0.0082,0.3524
HEARTS FIVE HEARTS TEN,0.6526,0.0106,0.3368
HEARTS THREE CLUBS ACE,0.426,0.0036,0.5704
DIAMONDS KING CLUBS ACE,0.2786,0.0124,0.709
SPADES ACE CLUBS QUEEN,0.4034,0.0044,0.5922
SPADES KING CLUBS QUEEN,0.2872,0.0592,0.6536
CLUBS JACK HEARTS THREE,0.6536,0.0094,0.337
CLUBS JACK DIAMONDS KING,0.2866,0.078,0.6354
SPADES QUEEN CLUBS QUEEN,0.3192,0.0016,0.6792
CLUBS TEN HEARTS THREE,0.6534,0.0068,0.3398
CLUBS TEN DIAMONDS KING,0.2852,0.1096,0.6052
SPADES JACK CLUBS QUEEN,0.579,0.007,0.414
CLUBS SIX CLUBS QUEEN,0.6952,0.0346,0.2702
SPADES TEN CLUBS QUEEN,0.5842,0.007,0.4088
CLUBS SIX CLUBS KING,0.0784,0.849,0.0726
CLUBS SIX CLUBS ACE,0.2684,0.027,0.7046
HEARTS FIVE HEARTS QUEEN,0.6386,0.008,0.3534
CLUBS TEN CLUBS SIX,0.6964,0.0296,0.274
HEARTS FIVE HEARTS ACE,0.363,0.005,0.632
CLUBS JACK CLUBS SIX,0.7072,0.0336,0.2592
SPADES SEVEN HEARTS JACK,0.604,0.0084,0.3876
SPADES SEVEN HEARTS TEN,0.605,0.0062,0.3888
DIAMONDS TWO CLUBS TWO,0.5038,0.0172,0.479
DIAMONDS TWO CLUBS THREE,0.6792,0.0102,0.3106
DIAMONDS TWO HEARTS QUEEN,0.6436,0.0064,0.35
HEARTS SEVEN DIAMONDS TWO,0.6582,0.0078,0.334
DIAMONDS TWO HEARTS EIGHT,0.6424,0.0102,0.3474
DIAMONDS TWO HEARTS ACE,0.4122,0.0052,0.5826
DIAMONDS TWO HEARTS NINE,0.6442,0.0108,0.345
DIAMONDS TWO DIAMONDS QUEEN,0.6128,0.0072,0.38
DIAMONDS TWO HEARTS TWO,0.4844,0.0176,0.498
DIAMONDS TWO DIAMONDS KING,0.4036,0.3362,0.2602
HEARTS THREE DIAMONDS TWO,0.6704,0.0084,0.3212
DIAMONDS TWO DIAMONDS ACE,0.4042,0.005,0.5908
HEARTS FOUR DIAMONDS TWO,0.667,0.007,0.326
DIAMONDS TWO HEARTS FIVE,0.6676,0.01,0.3224
SPADES SEVEN HEARTS ACE,0.3814,0.0038,0.6148
DIAMONDS TWO DIAMONDS TEN,0.6156,0.0078,0.3766
DIAMONDS TWO DIAMONDS JACK,0.6102,0.0082,0.3816
SPADES SEVEN HEARTS QUEEN,0.6194,0.0086,0.372
DIAMONDS TWO SPADES NINE,0.6622,0.0102,0.3276
DIAMONDS TWO SPADES EIGHT,0.6626,0.006,0.3314
DIAMONDS TWO SPADES SEVEN,0.6604,0.0094,0.3302
DIAMONDS TWO SPADES SIX,0.746,0.0422,0.2118
DIAMONDS TWO SPADES FIVE,0.6732,0.0094,0.3174
DIAMONDS TWO SPADES FOUR,0.6652,0.0054,0.3294
DIAMONDS TWO SPADES THREE,0.6604,0.0106,0.329
DIAMONDS TWO SPADES TWO,0.4794,0.0194,0.5012
DIAMONDS TWO CLUBS NINE,0.6512,0.0068,0.342
CLUBS EIGHT DIAMONDS TWO,0.6624,0.009,0.3286
DIAMONDS TWO CLUBS SEVEN,0.6454,0.0088,0.3458
DIAMONDS TWO CLUBS SIX,0.744,0.0402,0.2158
DIAMONDS TWO CLUBS FIVE,0.6604,0.0082,0.3314
DIAMONDS TWO CLUBS FOUR,0.668,0.0124,0.3196
CLUBS FOUR SPADES FIVE,0.6392,0.0068,0.354
CLUBS FOUR SPADES FOUR,0.4796,0.016,0.5044
CLUBS FOUR SPADES THREE,0.6488,0.01,0.3412
CLUBS FOUR SPADES TWO,0.6766,0.0086,0.3148
SPADES NINE CLUBS FOUR,0.6598,0.0052,0.335
SPADES EIGHT CLUBS FOUR,0.6474,0.0086,0.344
CLUBS FOUR SPADES SEVEN,0.647,0.0064,0.3466
CLUBS FOUR SPADES SIX,0.7118,0.0312,0.257
SPADES ACE DIAMONDS SIX,0.284,0.0266,0.6894
SPADES QUEEN DIAMONDS SIX,0.732,0.0404,0.2276
SPADES KING DIAMONDS SIX,0.0698,0.908,0.0222
SPADES TEN DIAMONDS SIX,0.7216,0.0318,0.2466
SPADES JACK DIAMONDS SIX,0.7382,0.0354,0.2264
SPADES QUEEN SPADES TWO,0.6172,0.0092,0.3736
SPADES KING SPADES TWO,0.4108,0.3404,0.2488
SPADES ACE SPADES TWO,0.408,0.0078,0.5842
CLUBS JACK DIAMONDS JACK,0.3316,0.0046,0.6638
CLUBS TEN DIAMONDS JACK,0.5588,0.0072,0.434
DIAMONDS JACK CLUBS KING,0.2842,0.0816,0.6342
DIAMONDS JACK CLUBS QUEEN,0.5826,0.0044,0.413
DIAMONDS THREE DIAMONDS JACK,0.6092,0.0076,0.3832
DIAMONDS THREE DIAMONDS TEN,0.622,0.0092,0.3688
DIAMONDS JACK CLUBS ACE,0.3798,0.0038,0.6164
DIAMONDS THREE DIAMONDS KING,0.4134,0.3312,0.2554
HEARTS THREE DIAMONDS THREE,0.4658,0.018,0.5162
DIAMONDS THREE DIAMONDS QUEEN,0.6078,0.0064,0.3858
DIAMONDS THREE HEARTS TWO,0.6626,0.0118,0.3256
HEARTS FIVE DIAMONDS THREE,0.6502,0.0098,0.34
DIAMONDS THREE DIAMONDS ACE,0.403,0.004,0.593
HEARTS FOUR DIAMONDS THREE,0.6504,0.008,0.3416
HEARTS SEVEN DIAMONDS THREE,0.6496,0.0076,0.3428
SPADES TEN SPADES NINE,0.5424,0.0062,0.4514
SPADES JACK SPADES NINE,0.5544,0.005,0.4406
DIAMONDS THREE HEARTS NINE,0.6442,0.0064,0.3494
HEARTS JACK DIAMONDS FOUR,0.6532,0.0106,0.3362
SPADES TEN SPADES TWO,0.6132,0.0076,0.3792
DIAMONDS THREE HEARTS EIGHT,0.666,0.0092,0.3248
HEARTS TEN DIAMONDS FOUR,0.643,0.0086,0.3484
SPADES JACK SPADES TWO,0.6118,0.0072,0.381
HEARTS QUEEN DIAMONDS FOUR,0.6576,0.0074,0.335
SPADES ACE SPADES NINE,0.376,0.0048,0.6192
HEARTS ACE DIAMONDS FOUR,0.4116,0.0052,0.5832
SPADES KING SPADES NINE,0.26,0.1408,0.5992
SPADES QUEEN SPADES NINE,0.572,0.0066,0.4214
DIAMONDS THREE SPADES NINE,0.6554,0.0074,0.3372
DIAMONDS THREE SPADES EIGHT,0.6694,0.0066,0.324
DIAMONDS THREE SPADES SEVEN,0.6534,0.0066,0.34
DIAMONDS THREE SPADES SIX,0.725,0.0356,0.2394
DIAMONDS THREE CLUBS SIX,0.733,0.0372,0.2298
CLUBS SIX CLUBS FIVE,0.6632,0.0362,0.3006
CLUBS ACE DIAMONDS FOUR,0.4218,0.0042,0.574
DIAMONDS THREE CLUBS SEVEN,0.6536,0.01,0.3364
CLUBS SEVEN CLUBS FIVE,0.5888,0.0088,0.4024
DIAMONDS THREE CLUBS FOUR,0.6496,0.006,0.3444
DIAMONDS FOUR CLUBS QUEEN,0.6546,0.0064,0.339
DIAMONDS THREE CLUBS FIVE,0.6598,0.0094,0.3308
DIAMONDS FOUR CLUBS KING,0.42,0.372,0.208
DIAMONDS THREE CLUBS TWO,0.674,0.008,0.318
CLUBS TEN DIAMONDS FOUR,0.6642,0.005,0.3308
DIAMONDS THREE CLUBS THREE,0.471,0.0168,0.5122
CLUBS JACK DIAMONDS FOUR,0.6598,0.0086,0.3316
DIAMONDS THREE SPADES FOUR,0.66,0.0068,0.3332
DIAMONDS THREE SPADES FIVE,0.6526,0.0086,0.3388
DIAMONDS THREE SPADES TWO,0.6618,0.0076,0.3306
DIAMONDS THREE SPADES THREE,0.4816,0.0194,0.499
CLUBS EIGHT DIAMONDS THREE,0.662,0.0068,0.3312
CLUBS NINE DIAMONDS THREE,0.6574,0.0088,0.3338
SPADES SEVEN CLUBS ACE,0.3922,0.0032,0.6046
SPADES SEVEN CLUBS QUEEN,0.6314,0.007,0.3616
SPADES SEVEN CLUBS KING,0.2704,0.2828,0.4468
SPADES SEVEN CLUBS FIVE,0.6268,0.0078,0.3654
CLUBS TEN SPADES SEVEN,0.6066,0.0058,0.3876
CLUBS FIVE SPADES SIX,0.6996,0.0356,0.2648
CLUBS JACK SPADES SEVEN,0.6162,0.0094,0.3744
SPADES NINE CLUBS FIVE,0.6458,0.0062,0.348
SPADES EIGHT CLUBS FIVE,0.6428,0.0078,0.3494
CLUBS FIVE SPADES THREE,0.6484,0.0088,0.3428
CLUBS FIVE SPADES TWO,0.674,0.0082,0.3178
CLUBS FIVE SPADES FIVE,0.4668,0.011,0.5222
CLUBS FIVE SPADES FOUR,0.6446,0.0082,0.3472
CLUBS NINE CLUBS FIVE,0.6102,0.0072,0.3826
CLUBS EIGHT CLUBS FIVE,0.5984,0.0092,0.3924
CLUBS ACE CLUBS QUEEN,0.3674,0.005,0.6276
CLUBS KING CLUBS QUEEN,0.2818,0.0588,0.6594
DIAMONDS TEN DIAMONDS FOUR,0.6164,0.0054,0.3782
CLUBS TEN DIAMONDS NINE,0.5772,0.0058,0.417
DIAMONDS JACK DIAMONDS FOUR,0.6112,0.007,0.3818
CLUBS JACK DIAMONDS NINE,0.5862,0.0066,0.4072
CLUBS JACK SPADES NINE,0.594,0.0054,0.4006
CLUBS TEN SPADES NINE,0.5736,0.0084,0.418
DIAMONDS ACE DIAMONDS FOUR,0.392,0.0078,0.6002
HEARTS FOUR DIAMONDS FOUR,0.4816,0.0166,0.5018
DIAMONDS JACK HEARTS TEN,0.5624,0.008,0.4296
SPADES NINE CLUBS KING,0.2852,0.1562,0.5586
DIAMONDS TWO SPADES TEN,0.6678,0.0066,0.3256
DIAMONDS NINE CLUBS ACE,0.4132,0.0032,0.5836
HEARTS FIVE DIAMONDS FOUR,0.6376,0.0086,0.3538
DIAMONDS JACK HEARTS JACK,0.3252,0.0038,0.671
SPADES NINE CLUBS QUEEN,0.6118,0.004,0.3842
DIAMONDS TWO SPADES JACK,0.6598,0.0084,0.3318
DIAMONDS QUEEN DIAMONDS FOUR,0.62,0.0068,0.3732
HEARTS TWO DIAMONDS FOUR,0.646,0.0092,0.3448
DIAMONDS NINE CLUBS QUEEN,0.5952,0.0044,0.4004
DIAMONDS KING DIAMONDS FOUR,0.4076,0.3444,0.248
HEARTS THREE DIAMONDS FOUR,0.6458,0.0082,0.346
SPADES NINE CLUBS ACE,0.403,0.004,0.593
DIAMONDS NINE CLUBS KING,0.2782,0.1608,0.561
DIAMONDS JACK HEARTS ACE,0.3694,0.0046,0.626
SPADES ACE DIAMONDS TWO,0.4306,0.006,0.5634
HEARTS QUEEN DIAMONDS JACK,0.577,0.009,0.414
SPADES QUEEN DIAMONDS TWO,0.6528,0.0076,0.3396
SPADES KING DIAMONDS TWO,0.4398,0.3486,0.2116
SPADES JACK SPADES SEVEN,0.5776,0.0064,0.416
SPADES TEN SPADES SEVEN,0.5662,0.0052,0.4286
CLUBS SEVEN CLUBS THREE,0.6108,0.0068,0.3824
CLUBS SIX CLUBS THREE,0.6922,0.036,0.2718
CLUBS FIVE CLUBS THREE,0.6154,0.0098,0.3748
CLUBS FOUR CLUBS THREE,0.608,0.008,0.384
CLUBS NINE CLUBS THREE,0.6106,0.007,0.3824
CLUBS EIGHT CLUBS THREE,0.618,0.008,0.374
SPADES FIVE CLUBS THREE,0.648,0.0072,0.3448
CLUBS THREE SPADES FOUR,0.6568,0.0098,0.3334
CLUBS THREE SPADES THREE,0.4748,0.0172,0.508
CLUBS THREE SPADES TWO,0.6724,0.0092,0.3184
SPADES SIX CLUBS THREE,0.7244,0.0352,0.2404
SPADES SEVEN CLUBS THREE,0.6566,0.0082,0.3352
SPADES EIGHT CLUBS THREE,0.6646,0.0104,0.325
SPADES NINE CLUBS THREE,0.6454,0.0066,0.348
SPADES TWO DIAMONDS FOUR,0.6648,0.0106,0.3246
SPADES THREE DIAMONDS FOUR,0.6618,0.007,0.3312
SPADES FOUR DIAMONDS FOUR,0.4682,0.017,0.5148
SPADES FIVE DIAMONDS FOUR,0.6512,0.0114,0.3374
SPADES SIX DIAMONDS FOUR,0.7052,0.037,0.2578
SPADES SEVEN DIAMONDS FOUR,0.6328,0.0066,0.3606
SPADES EIGHT DIAMONDS FOUR,0.6456,0.0086,0.3458
SPADES NINE DIAMONDS FOUR,0.6622,0.0066,0.3312
CLUBS FIVE DIAMONDS FOUR,0.6384,0.0074,0.3542
CLUBS FOUR DIAMONDS FOUR,0.4738,0.0156,0.5106
CLUBS SEVEN DIAMONDS FOUR,0.6346,0.0088,0.3566
CLUBS SIX DIAMONDS FOUR,0.7206,0.037,0.2424
CLUBS NINE DIAMONDS FOUR,0.6632,0.0076,0.3292
CLUBS EIGHT DIAMONDS FOUR,0.6538,0.0086,0.3376
HEARTS SEVEN DIAMONDS FOUR,0.6428,0.0094,0.3478
DIAMONDS FOUR HEARTS NINE,0.6532,0.007,0.3398
DIAMONDS FOUR HEARTS EIGHT,0.644,0.0108,0.3452
CLUBS THREE DIAMONDS FOUR,0.644,0.0098,0.3462
CLUBS TWO DIAMONDS FOUR,0.6746,0.007,0.3184
DIAMONDS TEN DIAMONDS FIVE,0.6168,0.0054,0.3778
DIAMONDS JACK DIAMONDS FIVE,0.6194,0.0054,0.3752
DIAMONDS NINE HEARTS QUEEN,0.5854,0.0084,0.4062
DIAMONDS NINE HEARTS ACE,0.3934,0.0042,0.6024
DIAMONDS NINE HEARTS TEN,0.5836,0.006,0.4104
DIAMONDS NINE HEARTS JACK,0.5804,0.0068,0.4128
CLUBS KING DIAMONDS SIX,0.0768,0.8994,0.0238
CLUBS QUEEN DIAMONDS SIX,0.7402,0.0352,0.2246
CLUBS ACE DIAMONDS SIX,0.2824,0.0316,0.686
SPADES KING DIAMONDS FOUR,0.4296,0.3558,0.2146
SPADES ACE SPADES SEVEN,0.3538,0.004,0.6422
SPADES QUEEN DIAMONDS FOUR,0.6558,0.0068,0.3374
SPADES QUEEN SPADES SEVEN,0.5866,0.0066,0.4068
CLUBS JACK DIAMONDS SIX,0.7468,0.0344,0.2188
SPADES KING SPADES SEVEN,0.2504,0.2706,0.479
SPADES ACE DIAMONDS FOUR,0.4384,0.0044,0.5572
CLUBS TEN DIAMONDS SIX,0.7228,0.0348,0.2424
CLUBS NINE CLUBS FOUR,0.6154,0.008,0.3766
CLUBS EIGHT CLUBS FOUR,0.6042,0.008,0.3878
SPADES JACK DIAMONDS FOUR,0.6576,0.0064,0.336
SPADES TEN DIAMONDS FOUR,0.6596,0.0046,0.3358
CLUBS FOUR CLUBS FIVE,0.5962,0.0106,0.3932
CLUBS SEVEN CLUBS FOUR,0.6152,0.006,0.3788
CLUBS SIX CLUBS FOUR,0.6736,0.0376,0.2888
CLUBS SEVEN SPADES EIGHT,0.6,0.0068,0.3932
SPADES NINE CLUBS SEVEN,0.591,0.0028,0.4062
CLUBS SEVEN SPADES SIX,0.6918,0.033,0.2752
CLUBS SEVEN SPADES SEVEN,0.3636,0.0118,0.6246
CLUBS SEVEN SPADES FIVE,0.626,0.0088,0.3652
CLUBS SEVEN SPADES FOUR,0.6422,0.0076,0.3502
CLUBS SEVEN SPADES THREE,0.6438,0.0086,0.3476
CLUBS SEVEN SPADES TWO,0.6642,0.007,0.3288
CLUBS NINE CLUBS SEVEN,0.5664,0.0054,0.4282
CLUBS EIGHT CLUBS SEVEN,0.5546,0.0064,0.439
HEARTS SEVEN DIAMONDS FIVE,0.6182,0.0078,0.374
DIAMONDS FIVE HEARTS EIGHT,0.6306,0.0086,0.3608
DIAMONDS FIVE HEARTS NINE,0.6598,0.0096,0.3306
DIAMONDS QUEEN DIAMONDS FIVE,0.6272,0.008,0.3648
HEARTS TWO DIAMONDS FIVE,0.6638,0.009,0.3272
DIAMONDS KING DIAMONDS FIVE,0.4024,0.3468,0.2508
HEARTS THREE DIAMONDS FIVE,0.64,0.0084,0.3516
HEARTS QUEEN HEARTS EIGHT,0.609,0.0062,0.3848
DIAMONDS ACE DIAMONDS FIVE,0.3978,0.0048,0.5974
HEARTS FOUR DIAMONDS FIVE,0.6424,0.0072,0.3504
HEARTS FIVE DIAMONDS FIVE,0.4704,0.0158,0.5138
HEARTS ACE HEARTS EIGHT,0.3486,0.0046,0.6468
CLUBS FOUR DIAMONDS FIVE,0.659,0.007,0.334
CLUBS FIVE DIAMONDS FIVE,0.4658,0.0186,0.5156
CLUBS SIX DIAMONDS FIVE,0.6996,0.0316,0.2688
CLUBS SEVEN DIAMONDS FIVE,0.6248,0.0092,0.366
CLUBS TWO DIAMONDS FIVE,0.663,0.008,0.329
CLUBS THREE DIAMONDS FIVE,0.6504,0.0098,0.3398
SPADES THREE DIAMONDS FIVE,0.6568,0.01,0.3332
SPADES TWO DIAMONDS FIVE,0.659,0.0098,0.3312
SPADES JACK DIAMONDS EIGHT,0.5988,0.0078,0.3934
SPADES FIVE DIAMONDS FIVE,0.4684,0.014,0.5176
CLUBS TEN HEARTS JACK,0.5606,0.0074,0.432
SPADES TEN DIAMONDS EIGHT,0.609,0.0062,0.3848
SPADES FOUR DIAMONDS FIVE,0.6474,0.009,0.3436
CLUBS JACK HEARTS JACK,0.3248,0.0072,0.668
HEARTS JACK CLUBS QUEEN,0.5768,0.0066,0.4166
CLUBS NINE DIAMONDS FIVE,0.6464,0.0068,0.3468
CLUBS EIGHT DIAMONDS FIVE,0.6288,0.0066,0.3646
HEARTS JACK CLUBS KING,0.2738,0.0818,0.6444
CLUBS ACE HEARTS JACK,0.368,0.0056,0.6264
SPADES SEVEN DIAMONDS FIVE,0.6356,0.008,0.3564
SPADES KING DIAMONDS EIGHT,0.2842,0.2188,0.497
SPADES QUEEN DIAMONDS EIGHT,0.629,0.0062,0.3648
SPADES SIX DIAMONDS FIVE,0.7014,0.0356,0.263
SPADES NINE DIAMONDS FIVE,0.6358,0.0076,0.3566
SPADES EIGHT DIAMONDS FIVE,0.64,0.0066,0.3534
SPADES ACE DIAMONDS EIGHT,0.402,0.0042,0.5938
DIAMONDS TEN DIAMONDS SIX,0.6886,0.0292,0.2822
HEARTS ACE DIAMONDS SEVEN,0.3748,0.0042,0.621
DIAMONDS JACK DIAMONDS SIX,0.706,0.0328,0.2612
HEARTS QUEEN DIAMONDS SEVEN,0.623,0.0052,0.3718
DIAMONDS ACE DIAMONDS SIX,0.2744,0.0254,0.7002
HEARTS FOUR DIAMONDS SIX,0.6964,0.0392,0.2644
SPADES TWO HEARTS JACK,0.648,0.0096,0.3424
HEARTS FIVE DIAMONDS SIX,0.6806,0.0426,0.2768
SPADES TWO HEARTS TEN,0.648,0.0088,0.3432
DIAMONDS QUEEN DIAMONDS SIX,0.6976,0.0388,0.2636
HEARTS TWO DIAMONDS SIX,0.7406,0.0364,0.223
DIAMONDS KING DIAMONDS SIX,0.074,0.8596,0.0664
HEARTS THREE DIAMONDS SIX,0.716,0.0426,0.2414
HEARTS EIGHT DIAMONDS SIX,0.7004,0.031,0.2686
HEARTS NINE DIAMONDS SIX,0.7088,0.0326,0.2586
HEARTS SEVEN DIAMONDS SIX,0.6744,0.0348,0.2908
HEARTS TEN DIAMONDS SEVEN,0.6032,0.0082,0.3886
CLUBS TWO DIAMONDS SIX,0.7366,0.0388,0.2246
HEARTS JACK DIAMONDS SEVEN,0.6142,0.0064,0.3794
CLUBS THREE DIAMONDS SIX,0.7304,0.038,0.2316
CLUBS SEVEN DIAMONDS SIX,0.6832,0.0304,0.2864
CLUBS JACK DIAMONDS EIGHT,0.6132,0.0064,0.3804
CLUBS SIX DIAMONDS SIX,0.346,0.028,0.626
CLUBS TEN DIAMONDS EIGHT,0.6028,0.0076,0.3896
CLUBS FIVE DIAMONDS SIX,0.6972,0.0316,0.2712
CLUBS FOUR DIAMONDS SIX,0.7004,0.0408,0.2588
HEARTS ACE HEARTS JACK,0.332,0.0062,0.6618
DIAMONDS EIGHT CLUBS ACE,0.4008,0.003,0.5962
HEARTS QUEEN HEARTS JACK,0.5848,0.0072,0.408
DIAMONDS EIGHT CLUBS KING,0.2656,0.224,0.5104
CLUBS NINE DIAMONDS SIX,0.7216,0.035,0.2434
CLUBS EIGHT DIAMONDS SIX,0.7108,0.0302,0.259
DIAMONDS EIGHT CLUBS QUEEN,0.6188,0.0062,0.375
SPADES FIVE DIAMONDS SIX,0.6886,0.0386,0.2728
HEARTS ACE SPADES TWO,0.4132,0.0066,0.5802
SPADES FOUR DIAMONDS SIX,0.7142,0.0348,0.251
SPADES THREE DIAMONDS SIX,0.7254,0.036,0.2386
HEARTS QUEEN SPADES TWO,0.652,0.01,0.338
SPADES ACE SPADES KING,0.2516,0.0122,0.7362
SPADES TWO DIAMONDS SIX,0.743,0.0386,0.2184
HEARTS TEN HEARTS EIGHT,0.5776,0.0082,0.4142
SPADES NINE DIAMONDS SIX,0.7248,0.031,0.2442
HEARTS JACK HEARTS EIGHT,0.5892,0.0074,0.4034
SPADES EIGHT DIAMONDS SIX,0.6992,0.034,0.2668
SPADES SEVEN DIAMONDS SIX,0.681,0.0328,0.2862
SPADES SIX DIAMONDS SIX,0.3408,0.031,0.6282
CLUBS ACE CLUBS KING,0.2538,0.012,0.7342
SPADES ACE HEARTS JACK,0.3816,0.0032,0.6152
SPADES QUEEN HEARTS JACK,0.5736,0.0074,0.419
SPADES KING HEARTS JACK,0.2808,0.0798,0.6394
SPADES TEN DIAMONDS TEN,0.3476,0.0076,0.6448
SPADES JACK DIAMONDS TEN,0.571,0.0046,0.4244
SPADES ACE DIAMONDS TEN,0.3852,0.003,0.6118
SPADES JACK HEARTS JACK,0.3296,0.0064,0.664
SPADES TEN HEARTS JACK,0.567,0.007,0.426
SPADES QUEEN DIAMONDS TEN,0.5804,0.0074,0.4122
SPADES KING DIAMONDS TEN,0.287,0.1086,0.6044
SPADES NINE DIAMONDS SEVEN,0.5922,0.0084,0.3994
SPADES EIGHT DIAMONDS SEVEN,0.5866,0.0072,0.4062
SPADES SEVEN DIAMONDS SEVEN,0.3512,0.0112,0.6376
SPADES SIX DIAMONDS SEVEN,0.702,0.0344,0.2636
DIAMONDS KING DIAMONDS SEVEN,0.2524,0.2806,0.467
HEARTS THREE DIAMONDS SEVEN,0.6378,0.008,0.3542
DIAMONDS QUEEN DIAMONDS SEVEN,0.5896,0.0068,0.4036
HEARTS TWO DIAMONDS SEVEN,0.6682,0.007,0.3248
HEARTS QUEEN DIAMONDS FIVE,0.6474,0.0082,0.3444
HEARTS FIVE DIAMONDS SEVEN,0.628,0.0074,0.3646
DIAMONDS ACE DIAMONDS SEVEN,0.3696,0.0044,0.626
HEARTS FOUR DIAMONDS SEVEN,0.6378,0.0094,0.3528
HEARTS ACE DIAMONDS FIVE,0.4098,0.0068,0.5834
HEARTS SEVEN DIAMONDS SEVEN,0.3628,0.0142,0.623
DIAMONDS SEVEN HEARTS NINE,0.5922,0.0074,0.4004
HEARTS EIGHT DIAMONDS SEVEN,0.5796,0.0074,0.413
DIAMONDS JACK DIAMONDS SEVEN,0.5774,0.0068,0.4158
DIAMONDS FIVE HEARTS JACK,0.6472,0.0072,0.3456
DIAMONDS TEN DIAMONDS SEVEN,0.569,0.0086,0.4224
HEARTS TEN DIAMONDS FIVE,0.6508,0.008,0.3412
CLUBS EIGHT DIAMONDS SEVEN,0.6084,0.0058,0.3858
SPADES KING CLUBS TWO,0.4274,0.354,0.2186
SPADES QUEEN CLUBS TWO,0.666,0.0076,0.3264
CLUBS NINE DIAMONDS SEVEN,0.6012,0.006,0.3928
CLUBS JACK SPADES TWO,0.6598,0.008,0.3322
CLUBS SIX CLUBS SEVEN,0.6466,0.026,0.3274
SPADES ACE CLUBS TWO,0.4176,0.0042,0.5782
CLUBS TEN SPADES TWO,0.645,0.0092,0.3458
SPADES TWO CLUBS KING,0.4254,0.3624,0.2122
SPADES TWO DIAMONDS SEVEN,0.6632,0.0082,0.3286
CLUBS EIGHT CLUBS SIX,0.6656,0.031,0.3034
SPADES THREE DIAMONDS SEVEN,0.6476,0.0084,0.344
SPADES TWO CLUBS QUEEN,0.6488,0.0056,0.3456
CLUBS NINE CLUBS SIX,0.6844,0.0264,0.2892
SPADES FOUR DIAMONDS SEVEN,0.6394,0.0096,0.351
SPADES FIVE DIAMONDS SEVEN,0.6376,0.0068,0.3556
SPADES TWO CLUBS ACE,0.4338,0.005,0.5612
CLUBS SIX SPADES TWO,0.725,0.0402,0.2348
CLUBS SIX SPADES THREE,0.7268,0.0386,0.2346
CLUBS TWO DIAMONDS SEVEN,0.6654,0.0084,0.3262
CLUBS SIX SPADES FOUR,0.7112,0.0362,0.2526
CLUBS THREE DIAMONDS SEVEN,0.6538,0.008,0.3382
CLUBS SIX SPADES FIVE,0.6948,0.0378,0.2674
CLUBS FOUR DIAMONDS SEVEN,0.6318,0.0074,0.3608
CLUBS SIX SPADES SIX,0.3486,0.0338,0.6176
CLUBS FIVE DIAMONDS SEVEN,0.6256,0.0048,0.3696
CLUBS SIX SPADES SEVEN,0.6942,0.0266,0.2792
CLUBS SIX DIAMONDS SEVEN,0.6846,0.0342,0.2812
CLUBS SIX SPADES EIGHT,0.7092,0.0304,0.2604
SPADES JACK CLUBS TWO,0.6506,0.0064,0.343
CLUBS SEVEN DIAMONDS SEVEN,0.3736,0.0124,0.614
CLUBS SIX SPADES NINE,0.7186,0.0358,0.2456
SPADES TEN CLUBS TWO,0.6472,0.0104,0.3424
CLUBS TWO CLUBS QUEEN,0.6054,0.0074,0.3872
CLUBS TWO CLUBS KING,0.4102,0.3394,0.2504
CLUBS THREE DIAMONDS EIGHT,0.6588,0.007,0.3342
CLUBS TWO CLUBS ACE,0.4044,0.0038,0.5918
CLUBS TWO DIAMONDS EIGHT,0.667,0.006,0.327
HEARTS SEVEN DIAMONDS EIGHT,0.5798,0.0084,0.4118
DIAMONDS EIGHT HEARTS NINE,0.5608,0.008,0.4312
CLUBS TEN CLUBS TWO,0.6144,0.0092,0.3764
DIAMONDS EIGHT HEARTS EIGHT,0.3644,0.0132,0.6224
CLUBS JACK CLUBS TWO,0.6104,0.0072,0.3824
CLUBS NINE DIAMONDS EIGHT,0.5806,0.0068,0.4126
CLUBS EIGHT DIAMONDS EIGHT,0.3696,0.0116,0.6188
CLUBS FIVE DIAMONDS EIGHT,0.6364,0.0066,0.357
SPADES ACE SPADES THREE,0.4074,0.007,0.5856
CLUBS FOUR DIAMONDS EIGHT,0.6534,0.009,0.3376
CLUBS SEVEN DIAMONDS EIGHT,0.5836,0.008,0.4084
SPADES QUEEN SPADES THREE,0.6188,0.006,0.3752
CLUBS SIX DIAMONDS EIGHT,0.7106,0.0348,0.2546
SPADES KING SPADES THREE,0.4148,0.3338,0.2514
DIAMONDS QUEEN DIAMONDS EIGHT,0.588,0.0056,0.4064
HEARTS TWO DIAMONDS EIGHT,0.6514,0.0092,0.3394
DIAMONDS KING DIAMONDS EIGHT,0.2696,0.2042,0.5262
HEARTS THREE DIAMONDS EIGHT,0.6622,0.009,0.3288
DIAMONDS ACE DIAMONDS EIGHT,0.3892,0.004,0.6068
HEARTS FOUR DIAMONDS EIGHT,0.6464,0.0066,0.347
HEARTS FIVE DIAMONDS EIGHT,0.628,0.0076,0.3644
DIAMONDS EIGHT DIAMONDS TEN,0.5704,0.0066,0.423
DIAMONDS EIGHT DIAMONDS JACK,0.5672,0.0078,0.425
SPADES JACK SPADES THREE,0.6128,0.0068,0.3804
SPADES TEN SPADES THREE,0.6228,0.0104,0.3668
CLUBS FOUR HEARTS ACE,0.4102,0.0038,0.586
CLUBS FOUR HEARTS QUEEN,0.6462,0.0092,0.3446
CLUBS SIX HEARTS TEN,0.726,0.0344,0.2396
CLUBS SIX HEARTS JACK,0.7342,0.0352,0.2306
DIAMONDS EIGHT SPADES FOUR,0.6424,0.0078,0.3498
SPADES FIVE DIAMONDS EIGHT,0.6402,0.0078,0.352
DIAMONDS EIGHT SPADES TWO,0.6748,0.006,0.3192
DIAMONDS EIGHT SPADES THREE,0.6738,0.008,0.3182
CLUBS FOUR HEARTS JACK,0.6474,0.0088,0.3438
SPADES EIGHT DIAMONDS EIGHT,0.3728,0.0112,0.616
SPADES TEN DIAMONDS QUEEN,0.581,0.004,0.415
SPADES TEN HEARTS TWO,0.6484,0.0078,0.3438
SPADES JACK HEARTS EIGHT,0.5954,0.0072,0.3974
CLUBS FOUR HEARTS TEN,0.6458,0.0074,0.3468
SPADES NINE DIAMONDS EIGHT,0.5854,0.0076,0.407
SPADES TEN HEARTS EIGHT,0.5896,0.0072,0.4032
SPADES JACK HEARTS TWO,0.6484,0.0074,0.3442
SPADES JACK DIAMONDS QUEEN,0.579,0.006,0.415
SPADES SIX DIAMONDS EIGHT,0.7016,0.0326,0.2658
SPADES SEVEN DIAMONDS EIGHT,0.5948,0.0084,0.3968
SPADES ACE HEARTS TWO,0.4202,0.0054,0.5744
SPADES ACE DIAMONDS QUEEN,0.3948,0.003,0.6022
SPADES ACE HEARTS EIGHT,0.3944,0.0046,0.601
SPADES KING HEARTS EIGHT,0.268,0.2136,0.5184
SPADES QUEEN HEARTS TWO,0.6432,0.0082,0.3486
SPADES QUEEN DIAMONDS QUEEN,0.3244,0.004,0.6716
SPADES KING DIAMONDS QUEEN,0.297,0.0648,0.6382
SPADES KING HEARTS TWO,0.4176,0.3722,0.2102
SPADES QUEEN HEARTS EIGHT,0.6192,0.0086,0.3722
CLUBS TWO HEARTS TEN,0.6576,0.007,0.3354
CLUBS TWO HEARTS JACK,0.6534,0.0108,0.3358
SPADES SEVEN DIAMONDS NINE,0.59,0.0088,0.4012
SPADES SIX DIAMONDS NINE,0.7094,0.0344,0.2562
SPADES NINE DIAMONDS NINE,0.3622,0.0094,0.6284
SPADES EIGHT DIAMONDS NINE,0.593,0.0066,0.4004
SPADES TEN CLUBS KING,0.2838,0.1038,0.6124
DIAMONDS NINE SPADES THREE,0.646,0.0084,0.3456
SPADES JACK CLUBS KING,0.281,0.082,0.637
DIAMONDS NINE SPADES TWO,0.6542,0.009,0.3368
DIAMONDS NINE SPADES FIVE,0.6512,0.007,0.3418
DIAMONDS NINE SPADES FOUR,0.6664,0.0074,0.3262
CLUBS NINE DIAMONDS NINE,0.354,0.0068,0.6392
CLUBS EIGHT DIAMONDS NINE,0.588,0.0066,0.4054
CLUBS SIX DIAMONDS NINE,0.7066,0.0374,0.256
SPADES JACK CLUBS FOUR,0.6612,0.0066,0.3322
CLUBS SEVEN DIAMONDS NINE,0.5924,0.0068,0.4008
SPADES TEN CLUBS FOUR,0.658,0.007,0.335
CLUBS FOUR DIAMONDS NINE,0.655,0.0084,0.3366
CLUBS FIVE DIAMONDS NINE,0.639,0.007,0.354
CLUBS TWO DIAMONDS NINE,0.6588,0.0066,0.3346
DIAMONDS NINE CLUBS THREE,0.6654,0.0088,0.3258
DIAMONDS NINE HEARTS EIGHT,0.587,0.0082,0.4048
DIAMONDS NINE HEARTS NINE,0.3508,0.011,0.6382
HEARTS SEVEN DIAMONDS NINE,0.5932,0.0074,0.3994
CLUBS EIGHT CLUBS NINE,0.5574,0.0094,0.4332
DIAMONDS ACE DIAMONDS NINE,0.3846,0.0042,0.6112
HEARTS FOUR DIAMONDS NINE,0.6486,0.0086,0.3428
HEARTS FIVE DIAMONDS NINE,0.6318,0.0082,0.36
CLUBS TWO HEARTS ACE,0.4222,0.004,0.5738
SPADES ACE CLUBS FOUR,0.4428,0.0056,0.5516
DIAMONDS QUEEN DIAMONDS NINE,0.5706,0.0082,0.4212
HEARTS TWO DIAMONDS NINE,0.6554,0.007,0.3376
SPADES KING CLUBS FOUR,0.4204,0.3628,0.2168
DIAMONDS KING DIAMONDS NINE,0.2632,0.145,0.5918
HEARTS THREE DIAMONDS NINE,0.6594,0.0068,0.3338
CLUBS TWO HEARTS QUEEN,0.6532,0.008,0.3388
SPADES QUEEN CLUBS FOUR,0.6556,0.0072,0.3372
DIAMONDS NINE DIAMONDS JACK,0.5572,0.0072,0.4356
CLUBS EIGHT SPADES NINE,0.585,0.004,0.411
DIAMONDS NINE DIAMONDS TEN,0.5454,0.0068,0.4478
CLUBS EIGHT SPADES EIGHT,0.3716,0.0106,0.6178
CLUBS EIGHT SPADES SEVEN,0.5948,0.0062,0.399
CLUBS EIGHT SPADES SIX,0.7022,0.0298,0.268
CLUBS EIGHT SPADES FIVE,0.629,0.0084,0.3626
CLUBS EIGHT SPADES FOUR,0.6424,0.008,0.3496
CLUBS EIGHT SPADES THREE,0.6596,0.0124,0.328
CLUBS EIGHT SPADES TWO,0.664,0.008,0.328
HEARTS SEVEN DIAMONDS TEN,0.597,0.007,0.396
DIAMONDS TEN HEARTS EIGHT,0.5854,0.0054,0.4092
CLUBS JACK CLUBS FOUR,0.6062,0.0054,0.3884
DIAMONDS TEN HEARTS NINE,0.564,0.0072,0.4288
CLUBS TEN CLUBS FOUR,0.6026,0.009,0.3884
CLUBS FOUR CLUBS KING,0.4072,0.3386,0.2542
CLUBS FOUR CLUBS QUEEN,0.6066,0.0076,0.3858
CLUBS TWO DIAMONDS TEN,0.6512,0.0072,0.3416
CLUBS THREE DIAMONDS TEN,0.6426,0.0096,0.3478
CLUBS FOUR CLUBS ACE,0.3966,0.005,0.5984
DIAMONDS JACK DIAMONDS TEN,0.536,0.0082,0.4558
DIAMONDS QUEEN DIAMONDS TEN,0.5506,0.006,0.4434
HEARTS TWO DIAMONDS TEN,0.647,0.0066,0.3464
DIAMONDS KING DIAMONDS TEN,0.2706,0.0982,0.6312
HEARTS THREE DIAMONDS TEN,0.653,0.0078,0.3392
DIAMONDS ACE DIAMONDS TEN,0.3608,0.0044,0.6348
HEARTS FOUR DIAMONDS TEN,0.6432,0.0068,0.35
CLUBS EIGHT HEARTS JACK,0.5828,0.0084,0.4088
HEARTS FIVE DIAMONDS TEN,0.6508,0.005,0.3442
CLUBS EIGHT HEARTS TEN,0.573,0.0068,0.4202
CLUBS EIGHT HEARTS QUEEN,0.6018,0.0098,0.3884
CLUBS EIGHT HEARTS ACE,0.3922,0.0036,0.6042
CLUBS NINE SPADES THREE,0.6612,0.0082,0.3306
CLUBS NINE SPADES TWO,0.6688,0.0094,0.3218
CLUBS NINE SPADES FIVE,0.6496,0.006,0.3444
CLUBS NINE SPADES FOUR,0.65,0.006,0.344
CLUBS NINE SPADES SEVEN,0.5986,0.0076,0.3938
CLUBS NINE SPADES SIX,0.7202,0.0308,0.249
CLUBS NINE SPADES NINE,0.3546,0.0062,0.6392
CLUBS TEN HEARTS EIGHT,0.5878,0.0094,0.4028
CLUBS NINE SPADES EIGHT,0.5972,0.005,0.3978
CLUBS JACK HEARTS EIGHT,0.6022,0.0104,0.3874
HEARTS EIGHT CLUBS QUEEN,0.6054,0.0076,0.387
CLUBS KING HEARTS EIGHT,0.2606,0.2224,0.517
CLUBS ACE HEARTS EIGHT,0.3982,0.0042,0.5976
SPADES KING CLUBS KING,0.1228,0.0142,0.863
SPADES QUEEN CLUBS KING,0.29,0.0576,0.6524
SPADES ACE CLUBS KING,0.2688,0.0138,0.7174
DIAMONDS ACE HEARTS TEN,0.3816,0.0036,0.6148
HEARTS FOUR HEARTS TEN,0.6426,0.0094,0.348
DIAMONDS ACE HEARTS JACK,0.3828,0.0046,0.6126
HEARTS FOUR HEARTS JACK,0.646,0.008,0.346
SPADES KING CLUBS FIVE,0.426,0.3588,0.2152
SPADES QUEEN CLUBS FIVE,0.6524,0.0068,0.3408
SPADES ACE CLUBS FIVE,0.419,0.003,0.578
HEARTS SEVEN DIAMONDS JACK,0.5954,0.0078,0.3968
DIAMONDS JACK HEARTS NINE,0.5864,0.007,0.4066
DIAMONDS JACK HEARTS EIGHT,0.5994,0.007,0.3936
DIAMONDS KING DIAMONDS JACK,0.2706,0.0748,0.6546
HEARTS THREE DIAMONDS JACK,0.657,0.0084,0.3346
SPADES ACE SPADES SIX,0.2718,0.0278,0.7004
SPADES FOUR HEARTS ACE,0.4084,0.0026,0.589
DIAMONDS QUEEN DIAMONDS JACK,0.5492,0.0064,0.4444
HEARTS TWO DIAMONDS JACK,0.647,0.0088,0.3442
HEARTS FIVE DIAMONDS JACK,0.6534,0.007,0.3396
SPADES QUEEN SPADES SIX,0.7018,0.0382,0.26
SPADES FOUR HEARTS QUEEN,0.6352,0.0064,0.3584
DIAMONDS ACE DIAMONDS JACK,0.374,0.0052,0.6208
HEARTS FOUR DIAMONDS JACK,0.652,0.0088,0.3392
SPADES KING SPADES SIX,0.0642,0.8566,0.0792
SPADES TEN SPADES SIX,0.6878,0.0358,0.2764
SPADES JACK SPADES SIX,0.692,0.0308,0.2772
SPADES FOUR DIAMONDS JACK,0.6548,0.0062,0.339
SPADES FIVE DIAMONDS JACK,0.6388,0.0054,0.3558
DIAMONDS JACK SPADES TWO,0.661,0.009,0.33
DIAMONDS JACK SPADES THREE,0.6566,0.0088,0.3346
SPADES ACE DIAMONDS THREE,0.4258,0.0052,0.569
CLUBS EIGHT DIAMONDS JACK,0.6052,0.0062,0.3886
SPADES QUEEN DIAMONDS THREE,0.6538,0.0084,0.3378
SPADES KING DIAMONDS THREE,0.4306,0.3524,0.217
CLUBS NINE DIAMONDS JACK,0.5794,0.0056,0.415
CLUBS SIX DIAMONDS JACK,0.7468,0.0348,0.2184
CLUBS SEVEN DIAMONDS JACK,0.607,0.0072,0.3858
CLUBS FOUR DIAMONDS JACK,0.6562,0.009,0.3348
CLUBS FIVE DIAMONDS JACK,0.6524,0.0088,0.3388
CLUBS TWO DIAMONDS JACK,0.6424,0.0094,0.3482
CLUBS THREE DIAMONDS JACK,0.6574,0.0074,0.3352
SPADES TEN CLUBS FIVE,0.6566,0.0086,0.3348
SPADES JACK CLUBS FIVE,0.6638,0.0072,0.329
SPADES JACK DIAMONDS THREE,0.6456,0.0086,0.3458
CLUBS SEVEN CLUBS ACE,0.3702,0.0058,0.624
DIAMONDS THREE SPADES TEN,0.6446,0.0064,0.349
CLUBS SEVEN CLUBS QUEEN,0.5874,0.0048,0.4078
CLUBS SEVEN CLUBS KING,0.2582,0.2756,0.4662
SPADES NINE DIAMONDS JACK,0.5918,0.0046,0.4036
CLUBS TEN CLUBS SEVEN,0.5746,0.0078,0.4176
DIAMONDS ACE HEARTS ACE,0.1524,0.0048,0.8428
HEARTS FOUR HEARTS ACE,0.3776,0.0066,0.6158
SPADES EIGHT DIAMONDS JACK,0.6084,0.0054,0.3862
CLUBS JACK CLUBS SEVEN,0.5996,0.0066,0.3938
SPADES SEVEN DIAMONDS JACK,0.6156,0.0052,0.3792
DIAMONDS ACE HEARTS QUEEN,0.391,0.005,0.604
HEARTS FOUR HEARTS QUEEN,0.6476,0.0116,0.3408
SPADES SIX DIAMONDS JACK,0.7386,0.0332,0.2282
DIAMONDS TEN SPADES TWO,0.6496,0.0092,0.3412
SPADES THREE DIAMONDS TEN,0.6572,0.0068,0.336
SPADES FOUR DIAMONDS TEN,0.6582,0.0078,0.334
SPADES FIVE DIAMONDS TEN,0.6634,0.0048,0.3318
SPADES SIX DIAMONDS TEN,0.7344,0.0302,0.2354
SPADES SEVEN DIAMONDS TEN,0.613,0.0068,0.3802
SPADES EIGHT DIAMONDS TEN,0.605,0.0078,0.3872
SPADES NINE DIAMONDS TEN,0.6008,0.0064,0.3928
CLUBS FOUR DIAMONDS TEN,0.6518,0.0076,0.3406
CLUBS FIVE DIAMONDS TEN,0.6486,0.0064,0.345
CLUBS SIX DIAMONDS TEN,0.731,0.0288,0.2402
CLUBS SEVEN DIAMONDS TEN,0.609,0.0066,0.3844
CLUBS EIGHT DIAMONDS TEN,0.6026,0.0068,0.3906
CLUBS NINE DIAMONDS TEN,0.5932,0.0062,0.4006
CLUBS JACK DIAMONDS THREE,0.6628,0.0066,0.3306
CLUBS TEN DIAMONDS THREE,0.6442,0.0076,0.3482
DIAMONDS THREE CLUBS KING,0.4294,0.3626,0.208
DIAMONDS THREE CLUBS QUEEN,0.6542,0.007,0.3388
DIAMONDS THREE CLUBS ACE,0.43,0.0042,0.5658
SPADES FOUR HEARTS JACK,0.6354,0.008,0.3566
SPADES FOUR HEARTS TEN,0.6468,0.0112,0.342
SPADES FIVE SPADES TWO,0.6318,0.0074,0.3608
SPADES FOUR SPADES TWO,0.6238,0.0064,0.3698
SPADES THREE SPADES TWO,0.6216,0.0092,0.3692
SPADES NINE SPADES TWO,0.6104,0.0074,0.3822
SPADES EIGHT SPADES TWO,0.6152,0.0084,0.3764
SPADES SEVEN SPADES TWO,0.6278,0.008,0.3642
SPADES SIX SPADES TWO,0.697,0.0404,0.2626
DIAMONDS QUEEN CLUBS THREE,0.6492,0.0082,0.3426
HEARTS TWO CLUBS THREE,0.6652,0.0108,0.324
DIAMONDS QUEEN CLUBS TWO,0.6572,0.006,0.3368
HEARTS TWO CLUBS TWO,0.4642,0.0162,0.5196
HEARTS SEVEN DIAMONDS QUEEN,0.6328,0.0076,0.3596
HEARTS SEVEN HEARTS TWO,0.6566,0.0088,0.3346
DIAMONDS QUEEN HEARTS NINE,0.602,0.0078,0.3902
HEARTS TWO HEARTS NINE,0.6454,0.008,0.3466
DIAMONDS QUEEN HEARTS EIGHT,0.6108,0.0062,0.383
HEARTS TWO HEARTS EIGHT,0.654,0.0082,0.3378
CLUBS NINE HEARTS TWO,0.6392,0.0112,0.3496
CLUBS NINE DIAMONDS QUEEN,0.6054,0.0062,0.3884
CLUBS EIGHT DIAMONDS QUEEN,0.621,0.0076,0.3714
CLUBS EIGHT HEARTS TWO,0.6528,0.009,0.3382
DIAMONDS QUEEN CLUBS FIVE,0.651,0.0076,0.3414
HEARTS TWO CLUBS FIVE,0.669,0.008,0.323
SPADES EIGHT HEARTS ACE,0.3914,0.0046,0.604
DIAMONDS QUEEN CLUBS FOUR,0.6516,0.0056,0.3428
CLUBS FOUR HEARTS TWO,0.6572,0.0088,0.334
CLUBS SEVEN DIAMONDS QUEEN,0.6462,0.0076,0.3462
CLUBS SEVEN HEARTS TWO,0.6504,0.0092,0.3404
SPADES EIGHT HEARTS QUEEN,0.6142,0.0082,0.3776
CLUBS SIX DIAMONDS QUEEN,0.7432,0.0428,0.214
CLUBS SIX HEARTS TWO,0.7376,0.0384,0.224
HEARTS TWO SPADES SIX,0.737,0.0378,0.2252
DIAMONDS QUEEN SPADES SIX,0.7412,0.039,0.2198
HEARTS FOUR CLUBS QUEEN,0.641,0.0076,0.3514
DIAMONDS ACE CLUBS QUEEN,0.4022,0.0038,0.594
DIAMONDS QUEEN SPADES SEVEN,0.6296,0.006,0.3644
HEARTS TWO SPADES SEVEN,0.6592,0.0088,0.332
HEARTS FOUR CLUBS KING,0.42,0.3712,0.2088
DIAMONDS ACE CLUBS KING,0.2806,0.012,0.7074
DIAMONDS QUEEN SPADES EIGHT,0.6124,0.006,0.3816
SPADES EIGHT HEARTS TWO,0.6664,0.0052,0.3284
HEARTS FOUR CLUBS ACE,0.4226,0.0072,0.5702
DIAMONDS ACE CLUBS ACE,0.1668,0.0024,0.8308
SPADES NINE DIAMONDS QUEEN,0.6012,0.008,0.3908
SPADES NINE HEARTS TWO,0.6598,0.0076,0.3326
HEARTS TWO SPADES TWO,0.471,0.0138,0.5152
DIAMONDS QUEEN SPADES TWO,0.6534,0.0082,0.3384
HEARTS TWO SPADES THREE,0.6788,0.0078,0.3134
DIAMONDS QUEEN SPADES THREE,0.6566,0.0076,0.3358
HEARTS TWO SPADES FOUR,0.6528,0.01,0.3372
DIAMONDS QUEEN SPADES FOUR,0.6644,0.0058,0.3298
CLUBS TEN HEARTS FOUR,0.644,0.0074,0.3486
CLUBS TEN DIAMONDS ACE,0.3922,0.003,0.6048
HEARTS TWO SPADES FIVE,0.6624,0.0078,0.3298
DIAMONDS QUEEN SPADES FIVE,0.6586,0.0058,0.3356
HEARTS FOUR CLUBS JACK,0.6402,0.0066,0.3532
CLUBS JACK DIAMONDS ACE,0.378,0.0042,0.6178
CLUBS FIVE CLUBS KING,0.3962,0.3444,0.2594
CLUBS FIVE CLUBS QUEEN,0.624,0.005,0.371
CLUBS FIVE CLUBS ACE,0.3962,0.0052,0.5986
CLUBS JACK CLUBS FIVE,0.6056,0.0114,0.383
CLUBS TEN CLUBS FIVE,0.6118,0.0076,0.3806
SPADES KING CLUBS JACK,0.278,0.085,0.637
CLUBS JACK SPADES QUEEN,0.5868,0.0058,0.4074
SPADES ACE CLUBS JACK,0.3902,0.004,0.6058
SPADES SIX CLUBS KING,0.0732,0.9046,0.0222
SPADES SIX CLUBS QUEEN,0.7448,0.0414,0.2138
SPADES EIGHT HEARTS JACK,0.5952,0.007,0.3978
SPADES SIX CLUBS ACE,0.2926,0.027,0.6804
SPADES EIGHT HEARTS TEN,0.6012,0.0064,0.3924
CLUBS JACK SPADES SIX,0.7406,0.034,0.2254
CLUBS TEN SPADES SIX,0.7422,0.0354,0.2224
CLUBS JACK SPADES TEN,0.5732,0.0048,0.422
CLUBS JACK SPADES JACK,0.3368,0.0044,0.6588
SPADES QUEEN CLUBS SEVEN,0.6206,0.0068,0.3726
SPADES KING CLUBS SEVEN,0.2622,0.2816,0.4562
SPADES ACE CLUBS SEVEN,0.4014,0.0038,0.5948
SPADES SIX HEARTS TEN,0.7104,0.0334,0.2562
SPADES SIX HEARTS JACK,0.7348,0.0342,0.231
SPADES SIX HEARTS ACE,0.26,0.03,0.71
SPADES SIX HEARTS QUEEN,0.7296,0.039,0.2314
SPADES JACK CLUBS SEVEN,0.6106,0.0052,0.3842
SPADES TEN CLUBS SEVEN,0.6106,0.0054,0.384
CLUBS JACK CLUBS ACE,0.3672,0.0052,0.6276
CLUBS JACK CLUBS QUEEN,0.5612,0.0052,0.4336
CLUBS JACK CLUBS KING,0.2722,0.0804,0.6474
DIAMONDS THREE HEARTS ACE,0.4162,0.006,0.5778
DIAMONDS THREE HEARTS QUEEN,0.6438,0.0062,0.35
CLUBS FIVE HEARTS JACK,0.6444,0.008,0.3476
SPADES TEN DIAMONDS ACE,0.4,0.0056,0.5944
HEARTS FOUR SPADES TEN,0.634,0.0096,0.3564
CLUBS FIVE HEARTS TEN,0.6456,0.0096,0.3448
HEARTS FOUR SPADES JACK,0.6388,0.0078,0.3534
SPADES JACK DIAMONDS ACE,0.3878,0.0038,0.6084
SPADES ACE HEARTS FOUR,0.4248,0.0044,0.5708
SPADES ACE DIAMONDS ACE,0.172,0.0028,0.8252
CLUBS FIVE HEARTS ACE,0.4058,0.004,0.5902
HEARTS FOUR SPADES QUEEN,0.6558,0.0066,0.3376
SPADES QUEEN DIAMONDS ACE,0.3964,0.0024,0.6012
CLUBS JACK SPADES FOUR,0.6504,0.0058,0.3438
CLUBS FIVE HEARTS QUEEN,0.6406,0.0068,0.3526
SPADES KING DIAMONDS ACE,0.2774,0.012,0.7106
HEARTS FOUR SPADES KING,0.4144,0.3642,0.2214
CLUBS TEN SPADES FOUR,0.6492,0.0076,0.3432
DIAMONDS QUEEN DIAMONDS ACE,0.3596,0.0062,0.6342
HEARTS TWO DIAMONDS ACE,0.4278,0.0054,0.5668
HEARTS FOUR DIAMONDS QUEEN,0.6468,0.0082,0.345
HEARTS FOUR HEARTS TWO,0.6636,0.0078,0.3286
DIAMONDS THREE HEARTS TEN,0.6474,0.006,0.3466
SPADES FOUR CLUBS KING,0.4344,0.3568,0.2088
HEARTS FIVE DIAMONDS QUEEN,0.6544,0.0078,0.3378
HEARTS FIVE HEARTS TWO,0.6658,0.0088,0.3254
DIAMONDS THREE HEARTS JACK,0.6354,0.0086,0.356
SPADES FOUR CLUBS QUEEN,0.6662,0.0072,0.3266
DIAMONDS QUEEN HEARTS TWO,0.6526,0.0092,0.3382
DIAMONDS KING DIAMONDS QUEEN,0.2748,0.0562,0.669
DIAMONDS KING HEARTS TWO,0.4268,0.358,0.2152
HEARTS THREE DIAMONDS QUEEN,0.66,0.0074,0.3326
HEARTS THREE HEARTS TWO,0.6614,0.0108,0.3278
SPADES FOUR CLUBS ACE,0.4196,0.0046,0.5758
HEARTS TWO CLUBS ACE,0.426,0.005,0.569
DIAMONDS QUEEN CLUBS ACE,0.3932,0.0036,0.6032
HEARTS TWO CLUBS QUEEN,0.65,0.0074,0.3426
DIAMONDS QUEEN CLUBS QUEEN,0.3198,0.003,0.6772
HEARTS TWO CLUBS KING,0.4188,0.3662,0.215
DIAMONDS QUEEN CLUBS KING,0.2992,0.0588,0.642
SPADES EIGHT SPADES FIVE,0.6016,0.0062,0.3922
CLUBS TEN HEARTS TWO,0.6502,0.0096,0.3402
CLUBS TEN DIAMONDS QUEEN,0.5802,0.0078,0.412
SPADES NINE SPADES FIVE,0.6096,0.009,0.3814
CLUBS JACK HEARTS TWO,0.639,0.0072,0.3538
CLUBS JACK DIAMONDS QUEEN,0.581,0.0058,0.4132
SPADES SIX SPADES FIVE,0.65,0.0344,0.3156
SPADES SEVEN SPADES FIVE,0.5982,0.0062,0.3956
DIAMONDS FIVE CLUBS QUEEN,0.6526,0.0076,0.3398
SPADES EIGHT CLUBS ACE,0.397,0.0026,0.6004
DIAMONDS FIVE CLUBS KING,0.4266,0.3602,0.2132
SPADES EIGHT CLUBS KING,0.2644,0.2214,0.5142
DIAMONDS FIVE CLUBS ACE,0.421,0.006,0.573
SPADES EIGHT CLUBS QUEEN,0.6154,0.0058,0.3788
CLUBS JACK SPADES EIGHT,0.601,0.0062,0.3928
CLUBS TEN SPADES EIGHT,0.588,0.0056,0.4064
CLUBS TEN DIAMONDS FIVE,0.6662,0.0068,0.327
CLUBS JACK DIAMONDS FIVE,0.652,0.0054,0.3426
DIAMONDS TEN HEARTS JACK,0.5576,0.0068,0.4356
DIAMONDS TEN HEARTS TEN,0.3396,0.0066,0.6538
SPADES ACE CLUBS NINE,0.4118,0.0044,0.5838
SPADES QUEEN CLUBS NINE,0.608,0.0054,0.3866
SPADES KING CLUBS NINE,0.2822,0.1634,0.5544
DIAMONDS KING SPADES SEVEN,0.2778,0.2806,0.4416
HEARTS THREE SPADES SEVEN,0.6338,0.0088,0.3574
SPADES KING DIAMONDS SEVEN,0.2728,0.2882,0.439
SPADES QUEEN DIAMONDS SEVEN,0.627,0.0076,0.3654
