opposingHand,winningChance,drawChance,lostChance
HEARTS SEVEN DIAMONDS KING
SPADES JACK CLUBS EIGHT,0.5824,0.006,0.4116
CLUBS JACK DIAMONDS THREE,0.636,0.0048,0.3592
HEARTS JACK HEARTS TEN,0.525,0.0066,0.4684
CLUBS NINE HEARTS FIVE,0.6232,0.0086,0.3682
CLUBS TEN SPADES SEVEN,0.7008,0.03,0.2692
CLUBS NINE DIAMONDS ACE,0.3638,0.0038,0.6324
SPADES SIX DIAMONDS NINE,0.6182,0.0064,0.3754
CLUBS TEN CLUBS ACE,0.3266,0.003,0.6704
CLUBS THREE HEARTS NINE,0.6194,0.009,0.3716
DIAMONDS THREE CLUBS EIGHT,0.6516,0.0088,0.3396
DIAMONDS QUEEN CLUBS TWO,0.6278,0.009,0.3632
CLUBS EIGHT DIAMONDS SIX,0.6038,0.008,0.3882
CLUBS TWO SPADES THREE,0.6528,0.0084,0.3388
DIAMONDS THREE CLUBS THREE,0.4512,0.0168,0.532
DIAMONDS QUEEN DIAMONDS NINE,0.5442,0.008,0.4478
CLUBS JACK DIAMONDS QUEEN,0.547,0.0076,0.4454
CLUBS SEVEN HEARTS QUEEN,0.7282,0.0358,0.236
CLUBS SIX HEARTS TWO,0.655,0.0058,0.3392
SPADES TWO HEARTS NINE,0.632,0.0084,0.3596
SPADES QUEEN DIAMONDS EIGHT,0.5926,0.0088,0.3986
CLUBS JACK HEARTS TWO,0.6376,0.007,0.3554
HEARTS THREE DIAMONDS TEN,0.6288,0.0098,0.3614
HEARTS EIGHT HEARTS NINE,0.5334,0.0078,0.4588
CLUBS SIX DIAMONDS SIX,0.444,0.0122,0.5438
DIAMONDS TEN CLUBS ACE,0.3588,0.0046,0.6366
CLUBS FIVE DIAMONDS FIVE,0.448,0.017,0.535
SPADES QUEEN SPADES TEN,0.5252,0.0072,0.4676
SPADES EIGHT HEARTS ACE,0.36,0.0032,0.6368
DIAMONDS THREE SPADES NINE,0.6406,0.008,0.3514
CLUBS FOUR HEARTS JACK,0.6152,0.0068,0.378
SPADES NINE DIAMONDS QUEEN,0.573,0.0054,0.4216
DIAMONDS THREE SPADES THREE,0.4526,0.0146,0.5328
HEARTS EIGHT HEARTS FOUR,0.5958,0.0092,0.395
DIAMONDS THREE CLUBS FOUR,0.6418,0.009,0.3492
SPADES FIVE DIAMONDS TEN,0.6368,0.0098,0.3534
HEARTS FOUR CLUBS THREE,0.6248,0.01,0.3652
CLUBS NINE CLUBS EIGHT,0.5424,0.0054,0.4522
SPADES JACK HEARTS JACK,0.2876,0.0054,0.707
DIAMONDS TEN HEARTS KING,0.2318,0.1112,0.657
HEARTS EIGHT CLUBS THREE,0.6398,0.0092,0.351
SPADES ACE CLUBS SEVEN,0.2338,0.0262,0.74
CLUBS SEVEN SPADES FOUR,0.7106,0.0352,0.2542
DIAMONDS ACE HEARTS NINE,0.3592,0.0042,0.6366
DIAMONDS THREE HEARTS SIX,0.6526,0.008,0.3394
CLUBS TWO HEARTS QUEEN,0.639,0.008,0.353
SPADES SEVEN DIAMONDS TEN,0.7088,0.0312,0.26
DIAMONDS THREE SPADES FIVE,0.642,0.007,0.351
CLUBS JACK CLUBS FIVE,0.5944,0.0056,0.4
DIAMONDS NINE HEARTS TEN,0.56,0.0076,0.4324
CLUBS SIX DIAMONDS TEN,0.63,0.0074,0.3626
HEARTS TWO DIAMONDS FIVE,0.6482,0.0098,0.342
CLUBS FOUR CLUBS KING,0.4458,0.2756,0.2786
HEARTS EIGHT HEARTS FIVE,0.5808,0.006,0.4132
CLUBS JACK DIAMONDS FIVE,0.6466,0.0068,0.3466
CLUBS TEN HEARTS TWO,0.634,0.0074,0.3586
SPADES ACE DIAMONDS QUEEN,0.3592,0.0028,0.638
SPADES JACK HEARTS KING,0.2384,0.0828,0.6788
HEARTS FOUR DIAMONDS EIGHT,0.6334,0.0068,0.3598
DIAMONDS TWO SPADES EIGHT,0.6484,0.0068,0.3448
CLUBS JACK CLUBS SEVEN,0.6766,0.029,0.2944
HEARTS EIGHT DIAMONDS THREE,0.6422,0.0088,0.349
DIAMONDS SEVEN DIAMONDS SIX,0.649,0.0392,0.3118
SPADES ACE DIAMONDS FOUR,0.3908,0.0048,0.6044
SPADES QUEEN HEARTS KING,0.2456,0.06,0.6944
SPADES QUEEN HEARTS TEN,0.5464,0.0074,0.4462
SPADES TEN SPADES THREE,0.5992,0.0086,0.3922
DIAMONDS EIGHT CLUBS QUEEN,0.594,0.008,0.398
HEARTS NINE DIAMONDS FOUR,0.643,0.0078,0.3492
CLUBS SIX SPADES FOUR,0.6302,0.0066,0.3632
DIAMONDS THREE DIAMONDS JACK,0.6124,0.0082,0.3794
CLUBS TEN SPADES THREE,0.6282,0.0044,0.3674
DIAMONDS ACE DIAMONDS FOUR,0.3794,0.0034,0.6172
DIAMONDS ACE CLUBS TWO,0.412,0.0056,0.5824
SPADES QUEEN DIAMONDS TEN,0.5548,0.006,0.4392
SPADES NINE DIAMONDS TEN,0.5712,0.0074,0.4214
SPADES NINE CLUBS ACE,0.3598,0.0038,0.6364
DIAMONDS QUEEN CLUBS QUEEN,0.278,0.0046,0.7174
DIAMONDS THREE CLUBS SEVEN,0.72,0.0464,0.2336
HEARTS THREE CLUBS QUEEN,0.6258,0.0072,0.367
HEARTS SIX CLUBS NINE,0.6216,0.0074,0.371
CLUBS THREE SPADES FIVE,0.6178,0.0092,0.373
DIAMONDS QUEEN DIAMONDS TEN,0.5314,0.0066,0.462
SPADES EIGHT CLUBS FOUR,0.6318,0.006,0.3622
DIAMONDS QUEEN HEARTS NINE,0.5728,0.007,0.4202
SPADES JACK SPADES NINE,0.5258,0.0072,0.467
HEARTS FIVE DIAMONDS FIVE,0.4562,0.0142,0.5296
SPADES JACK CLUBS ACE,0.36,0.0026,0.6374
DIAMONDS TEN DIAMONDS NINE,0.5246,0.0092,0.4662
DIAMONDS QUEEN SPADES FIVE,0.6444,0.0066,0.349
HEARTS EIGHT DIAMONDS FIVE,0.6194,0.0088,0.3718
DIAMONDS THREE SPADES TEN,0.6488,0.0072,0.344
SPADES ACE DIAMONDS SIX,0.3916,0.0034,0.605
SPADES NINE DIAMONDS JACK,0.5828,0.007,0.4102
CLUBS THREE HEARTS QUEEN,0.6322,0.0084,0.3594
DIAMONDS QUEEN SPADES SIX,0.644,0.008,0.348
DIAMONDS QUEEN HEARTS JACK,0.5658,0.0062,0.428
CLUBS KING HEARTS TEN,0.2408,0.1154,0.6438
DIAMONDS TEN HEARTS JACK,0.5612,0.0086,0.4302
CLUBS TEN SPADES FOUR,0.6318,0.0074,0.3608
HEARTS EIGHT SPADES NINE,0.571,0.0082,0.4208
CLUBS SIX DIAMONDS QUEEN,0.6424,0.0064,0.3512
SPADES ACE CLUBS QUEEN,0.3532,0.0042,0.6426
DIAMONDS THREE SPADES EIGHT,0.634,0.0076,0.3584
SPADES ACE SPADES FIVE,0.3712,0.0032,0.6256
SPADES TEN DIAMONDS FIVE,0.641,0.0068,0.3522
SPADES NINE HEARTS QUEEN,0.5726,0.0074,0.42
DIAMONDS TEN CLUBS KING,0.2318,0.113,0.6552
DIAMONDS ACE CLUBS THREE,0.3962,0.0056,0.5982
HEARTS TWO HEARTS QUEEN,0.6106,0.0066,0.3828
CLUBS TWO CLUBS KING,0.4466,0.295,0.2584
CLUBS EIGHT CLUBS TWO,0.5948,0.0078,0.3974
DIAMONDS TWO CLUBS KING,0.4842,0.2996,0.2162
SPADES QUEEN HEARTS QUEEN,0.2928,0.0046,0.7026
SPADES TEN SPADES EIGHT,0.5408,0.0062,0.453
HEARTS JACK CLUBS QUEEN,0.553,0.0056,0.4414
CLUBS ACE CLUBS KING,0.2176,0.014,0.7684
DIAMONDS THREE HEARTS JACK,0.635,0.0056,0.3594
HEARTS FIVE SPADES TEN,0.6324,0.005,0.3626
DIAMONDS THREE CLUBS TWO,0.653,0.0098,0.3372
DIAMONDS NINE HEARTS NINE,0.314,0.0126,0.6734
SPADES ACE DIAMONDS NINE,0.3598,0.005,0.6352
HEARTS TWO SPADES FOUR,0.6524,0.0096,0.338
HEARTS FIVE CLUBS SEVEN,0.6978,0.0378,0.2644
DIAMONDS THREE HEARTS KING,0.48,0.3072,0.2128
SPADES KING HEARTS ACE,0.2344,0.0134,0.7522
SPADES NINE CLUBS TWO,0.6406,0.0076,0.3518
SPADES KING SPADES FOUR,0.4412,0.281,0.2778
CLUBS EIGHT HEARTS THREE,0.6348,0.009,0.3562
CLUBS EIGHT DIAMONDS EIGHT,0.325,0.013,0.662
DIAMONDS TWO DIAMONDS NINE,0.6178,0.0062,0.376
SPADES KING CLUBS FIVE,0.464,0.3092,0.2268
CLUBS TEN DIAMONDS TWO,0.6326,0.0086,0.3588
HEARTS THREE DIAMONDS SIX,0.6504,0.009,0.3406
SPADES EIGHT SPADES THREE,0.6132,0.007,0.3798
HEARTS SIX CLUBS TWO,0.6668,0.0078,0.3254
SPADES KING DIAMONDS QUEEN,0.2426,0.0634,0.694
HEARTS FOUR SPADES NINE,0.6362,0.0058,0.358
SPADES NINE HEARTS JACK,0.5654,0.007,0.4276
SPADES ACE HEARTS TWO,0.3998,0.0042,0.596
CLUBS TWO DIAMONDS SIX,0.6584,0.0086,0.333
SPADES TWO CLUBS KING,0.4712,0.3038,0.225
CLUBS SEVEN CLUBS QUEEN,0.6794,0.0378,0.2828
CLUBS SIX CLUBS FOUR,0.5832,0.0072,0.4096
CLUBS TEN HEARTS THREE,0.6438,0.0092,0.347
CLUBS TEN DIAMONDS JACK,0.553,0.0084,0.4386
HEARTS THREE HEARTS NINE,0.6028,0.008,0.3892
CLUBS FOUR DIAMONDS FIVE,0.6248,0.0088,0.3664
CLUBS NINE CLUBS THREE,0.5982,0.0066,0.3952
CLUBS SIX CLUBS THREE,0.5996,0.0084,0.392
HEARTS QUEEN DIAMONDS SEVEN,0.7332,0.0392,0.2276
CLUBS JACK CLUBS ACE,0.3366,0.0036,0.6598
SPADES JACK HEARTS NINE,0.5648,0.0066,0.4286
DIAMONDS NINE HEARTS QUEEN,0.5794,0.0084,0.4122
SPADES TWO HEARTS TEN,0.6226,0.0062,0.3712
HEARTS FIVE DIAMONDS QUEEN,0.6408,0.0076,0.3516
SPADES FOUR SPADES TWO,0.6022,0.0102,0.3876
SPADES TWO HEARTS QUEEN,0.6204,0.01,0.3696
HEARTS QUEEN CLUBS KING,0.248,0.0594,0.6926
CLUBS TWO CLUBS ACE,0.3748,0.0048,0.6204
HEARTS THREE HEARTS TWO,0.628,0.0076,0.3644
HEARTS FOUR HEARTS NINE,0.607,0.0096,0.3834
DIAMONDS QUEEN SPADES THREE,0.6374,0.0084,0.3542
CLUBS TEN DIAMONDS EIGHT,0.5774,0.0072,0.4154
SPADES SEVEN DIAMONDS SIX,0.6886,0.0386,0.2728
DIAMONDS THREE CLUBS ACE,0.3968,0.003,0.6002
HEARTS EIGHT SPADES JACK,0.5716,0.0084,0.42
CLUBS TEN CLUBS THREE,0.5974,0.0062,0.3964
SPADES JACK SPADES TWO,0.592,0.0068,0.4012
SPADES EIGHT HEARTS KING,0.2222,0.218,0.5598
HEARTS FIVE CLUBS QUEEN,0.6314,0.0052,0.3634
CLUBS EIGHT CLUBS SIX,0.5606,0.0054,0.434
HEARTS FOUR CLUBS ACE,0.3964,0.0042,0.5994
CLUBS NINE DIAMONDS TEN,0.5582,0.0064,0.4354
HEARTS FOUR DIAMONDS QUEEN,0.65,0.0086,0.3414
SPADES KING DIAMONDS FOUR,0.4596,0.307,0.2334
SPADES JACK CLUBS KING,0.2364,0.0864,0.6772
HEARTS EIGHT CLUBS FOUR,0.6198,0.0104,0.3698
CLUBS THREE DIAMONDS JACK,0.6344,0.01,0.3556
DIAMONDS QUEEN CLUBS KING,0.241,0.0596,0.6994
SPADES EIGHT DIAMONDS FOUR,0.6368,0.0066,0.3566
HEARTS THREE SPADES SEVEN,0.731,0.042,0.227
CLUBS ACE CLUBS QUEEN,0.3248,0.002,0.6732
DIAMONDS ACE HEARTS ACE,0.1138,0.004,0.8822
HEARTS EIGHT DIAMONDS NINE,0.576,0.0076,0.4164
SPADES ACE HEARTS KING,0.2402,0.0112,0.7486
SPADES TEN DIAMONDS NINE,0.5648,0.0086,0.4266
CLUBS TEN DIAMONDS ACE,0.3394,0.0028,0.6578
SPADES NINE SPADES EIGHT,0.5406,0.0066,0.4528
HEARTS QUEEN HEARTS JACK,0.5282,0.0046,0.4672
CLUBS JACK HEARTS ACE,0.3404,0.0032,0.6564
DIAMONDS JACK DIAMONDS FIVE,0.6062,0.0106,0.3832
CLUBS NINE SPADES TWO,0.6338,0.0094,0.3568
CLUBS THREE HEARTS ACE,0.3782,0.005,0.6168
DIAMONDS TEN DIAMONDS FIVE,0.6168,0.0078,0.3754
HEARTS FIVE HEARTS ACE,0.3844,0.0054,0.6102
SPADES TEN CLUBS TWO,0.6322,0.007,0.3608
HEARTS TEN CLUBS QUEEN,0.5528,0.0062,0.441
HEARTS KING DIAMONDS FOUR,0.4638,0.3152,0.221
DIAMONDS THREE DIAMONDS ACE,0.3724,0.006,0.6216
CLUBS TWO CLUBS QUEEN,0.5942,0.0088,0.397
DIAMONDS TEN DIAMONDS EIGHT,0.5476,0.0074,0.445
CLUBS JACK DIAMONDS ACE,0.3502,0.0046,0.6452
CLUBS EIGHT SPADES FOUR,0.6276,0.0082,0.3642
SPADES TEN CLUBS FOUR,0.6188,0.0064,0.3748
SPADES QUEEN HEARTS ACE,0.3622,0.004,0.6338
CLUBS SIX HEARTS KING,0.4748,0.2968,0.2284
HEARTS EIGHT DIAMONDS JACK,0.582,0.0086,0.4094
DIAMONDS ACE SPADES FIVE,0.3896,0.0044,0.606
HEARTS THREE SPADES NINE,0.639,0.0086,0.3524
SPADES JACK HEARTS QUEEN,0.5556,0.0056,0.4388
HEARTS THREE DIAMONDS FOUR,0.637,0.0102,0.3528
HEARTS KING DIAMONDS EIGHT,0.2262,0.238,0.5358
HEARTS THREE CLUBS ACE,0.4022,0.0044,0.5934
SPADES EIGHT SPADES FOUR,0.5774,0.0088,0.4138
CLUBS SIX DIAMONDS NINE,0.616,0.0066,0.3774
HEARTS THREE CLUBS SIX,0.6518,0.0078,0.3404
CLUBS FOUR CLUBS ACE,0.3666,0.006,0.6274
CLUBS NINE HEARTS FOUR,0.6278,0.0084,0.3638
SPADES SEVEN SPADES FIVE,0.6434,0.0374,0.3192
SPADES NINE CLUBS SIX,0.6212,0.0062,0.3726
DIAMONDS TWO SPADES SIX,0.668,0.0108,0.3212
CLUBS NINE CLUBS TWO,0.5884,0.0076,0.404
CLUBS THREE HEARTS TEN,0.6246,0.007,0.3684
SPADES TEN SPADES NINE,0.5188,0.007,0.4742
DIAMONDS THREE DIAMONDS FIVE,0.5884,0.0096,0.402
SPADES QUEEN SPADES FIVE,0.589,0.0084,0.4026
DIAMONDS THREE HEARTS FOUR,0.6434,0.008,0.3486
CLUBS TWO SPADES FOUR,0.6328,0.0076,0.3596
DIAMONDS THREE DIAMONDS FOUR,0.5916,0.0092,0.3992
CLUBS TEN SPADES TWO,0.645,0.0086,0.3464
CLUBS SEVEN DIAMONDS TEN,0.708,0.0336,0.2584
DIAMONDS EIGHT DIAMONDS SIX,0.586,0.0084,0.4056
HEARTS EIGHT SPADES TEN,0.5678,0.0054,0.4268
CLUBS EIGHT SPADES THREE,0.6496,0.0062,0.3442
CLUBS FIVE SPADES TWO,0.641,0.0066,0.3524
CLUBS JACK DIAMONDS SEVEN,0.718,0.0304,0.2516
HEARTS THREE DIAMONDS FIVE,0.6456,0.008,0.3464
SPADES NINE HEARTS ACE,0.362,0.0044,0.6336
CLUBS FIVE CLUBS KING,0.4542,0.269,0.2768
CLUBS TWO DIAMONDS FIVE,0.6416,0.0096,0.3488
HEARTS QUEEN HEARTS NINE,0.5426,0.0048,0.4526
SPADES TEN CLUBS QUEEN,0.5614,0.0052,0.4334
SPADES EIGHT CLUBS QUEEN,0.5868,0.007,0.4062
DIAMONDS TWO CLUBS THREE,0.6458,0.0094,0.3448
CLUBS JACK CLUBS EIGHT,0.5394,0.0088,0.4518
HEARTS SIX CLUBS KING,0.4876,0.2886,0.2238
HEARTS FOUR SPADES FOUR,0.4542,0.0146,0.5312
SPADES SIX DIAMONDS FOUR,0.6252,0.0058,0.369
SPADES ACE HEARTS THREE,0.3942,0.006,0.5998
SPADES FIVE CLUBS TWO,0.643,0.0076,0.3494
CLUBS NINE SPADES EIGHT,0.5732,0.0052,0.4216
SPADES TEN SPADES TWO,0.5914,0.0058,0.4028
CLUBS JACK DIAMONDS TEN,0.5628,0.005,0.4322
DIAMONDS THREE CLUBS QUEEN,0.6178,0.0066,0.3756
SPADES QUEEN HEARTS TWO,0.6314,0.0054,0.3632
SPADES JACK CLUBS SIX,0.639,0.008,0.353
SPADES ACE CLUBS THREE,0.3878,0.0038,0.6084
CLUBS JACK SPADES TWO,0.6298,0.0068,0.3634
HEARTS SIX HEARTS TWO,0.6244,0.0104,0.3652
CLUBS JACK SPADES SEVEN,0.7026,0.0346,0.2628
SPADES ACE SPADES TEN,0.3308,0.0042,0.665
SPADES SEVEN HEARTS TEN,0.7004,0.0364,0.2632
CLUBS QUEEN HEARTS NINE,0.5698,0.0058,0.4244
SPADES TEN HEARTS TEN,0.2896,0.007,0.7034
SPADES TEN DIAMONDS FOUR,0.6302,0.0066,0.3632
CLUBS THREE DIAMONDS FOUR,0.6262,0.0062,0.3676
HEARTS FIVE SPADES FIVE,0.4542,0.015,0.5308
SPADES JACK DIAMONDS FOUR,0.6374,0.0064,0.3562
HEARTS FOUR SPADES TEN,0.6388,0.0068,0.3544
SPADES ACE CLUBS NINE,0.3772,0.0032,0.6196
CLUBS EIGHT SPADES TWO,0.6392,0.008,0.3528
DIAMONDS NINE CLUBS ACE,0.3738,0.003,0.6232
HEARTS FIVE DIAMONDS SIX,0.6258,0.0078,0.3664
SPADES QUEEN CLUBS QUEEN,0.2898,0.0024,0.7078
SPADES QUEEN SPADES SIX,0.5984,0.0078,0.3938
DIAMONDS ACE HEARTS TEN,0.3314,0.004,0.6646
CLUBS SIX DIAMONDS FIVE,0.6232,0.0086,0.3682
SPADES NINE DIAMONDS EIGHT,0.5822,0.0068,0.411
HEARTS THREE SPADES SIX,0.6426,0.0098,0.3476
SPADES NINE CLUBS QUEEN,0.576,0.0064,0.4176
CLUBS FOUR DIAMONDS TEN,0.6328,0.0086,0.3586
SPADES ACE HEARTS TEN,0.3472,0.0066,0.6462
DIAMONDS JACK SPADES TWO,0.641,0.0068,0.3522
CLUBS FOUR HEARTS NINE,0.6398,0.0054,0.3548
DIAMONDS THREE DIAMONDS NINE,0.6006,0.0082,0.3912
DIAMONDS EIGHT SPADES TWO,0.644,0.0068,0.3492
HEARTS FOUR CLUBS TWO,0.644,0.01,0.346
CLUBS JACK SPADES JACK,0.2964,0.005,0.6986
CLUBS JACK DIAMONDS JACK,0.2998,0.006,0.6942
HEARTS QUEEN DIAMONDS FIVE,0.6154,0.0082,0.3764
HEARTS EIGHT HEARTS ACE,0.346,0.0038,0.6502
DIAMONDS EIGHT HEARTS TEN,0.5628,0.0086,0.4286
SPADES NINE CLUBS FOUR,0.635,0.0068,0.3582
HEARTS TWO SPADES SIX,0.6546,0.0066,0.3388
HEARTS FOUR HEARTS THREE,0.602,0.0094,0.3886
SPADES JACK HEARTS FOUR,0.6356,0.0066,0.3578
SPADES TWO DIAMONDS FOUR,0.6414,0.0114,0.3472
HEARTS FIVE CLUBS THREE,0.6346,0.0084,0.357
SPADES QUEEN DIAMONDS ACE,0.3614,0.002,0.6366
SPADES JACK CLUBS SEVEN,0.7098,0.0366,0.2536
DIAMONDS THREE SPADES SEVEN,0.7158,0.0414,0.2428
CLUBS JACK SPADES SIX,0.6298,0.0058,0.3644
HEARTS ACE HEARTS KING,0.23,0.0112,0.7588
SPADES ACE DIAMONDS EIGHT,0.3568,0.0046,0.6386
SPADES FOUR DIAMONDS SEVEN,0.7052,0.037,0.2578
CLUBS SIX DIAMONDS FOUR,0.6316,0.0082,0.3602
DIAMONDS THREE DIAMONDS EIGHT,0.6188,0.006,0.3752
SPADES ACE HEARTS NINE,0.3506,0.0038,0.6456
DIAMONDS NINE DIAMONDS SIX,0.5786,0.0068,0.4146
HEARTS SIX DIAMONDS JACK,0.646,0.0092,0.3448
SPADES ACE SPADES SEVEN,0.2242,0.027,0.7488
HEARTS TWO HEARTS JACK,0.6032,0.0072,0.3896
SPADES JACK DIAMONDS NINE,0.574,0.0056,0.4204
CLUBS SEVEN DIAMONDS JACK,0.711,0.0338,0.2552
HEARTS THREE CLUBS KING,0.482,0.3052,0.2128
HEARTS ACE DIAMONDS SIX,0.3896,0.0036,0.6068
HEARTS SIX DIAMONDS ACE,0.3936,0.0048,0.6016
DIAMONDS QUEEN DIAMONDS FIVE,0.6006,0.006,0.3934
SPADES ACE CLUBS KING,0.2486,0.0118,0.7396
SPADES EIGHT HEARTS TEN,0.5752,0.0076,0.4172
CLUBS JACK CLUBS KING,0.227,0.0774,0.6956
DIAMONDS THREE SPADES SIX,0.652,0.0086,0.3394
CLUBS TEN HEARTS JACK,0.5558,0.0052,0.439
DIAMONDS SEVEN CLUBS KING,0.0146,0.9772,0.0082
SPADES SIX DIAMONDS EIGHT,0.6112,0.0078,0.381
HEARTS FIVE SPADES TWO,0.6484,0.0076,0.344
DIAMONDS TEN HEARTS QUEEN,0.5646,0.006,0.4294
DIAMONDS TEN HEARTS TEN,0.2902,0.0076,0.7022
HEARTS EIGHT DIAMONDS SIX,0.6052,0.0072,0.3876
HEARTS FIVE HEARTS TEN,0.5986,0.0086,0.3928
CLUBS JACK SPADES QUEEN,0.5576,0.006,0.4364
HEARTS JACK DIAMONDS FIVE,0.6252,0.0068,0.368
DIAMONDS QUEEN DIAMONDS EIGHT,0.57,0.0078,0.4222
CLUBS NINE DIAMONDS FIVE,0.6188,0.0094,0.3718
SPADES ACE HEARTS FOUR,0.3912,0.0032,0.6056
CLUBS FIVE DIAMONDS EIGHT,0.6242,0.0088,0.367
CLUBS SEVEN SPADES TWO,0.7418,0.038,0.2202
DIAMONDS SEVEN HEARTS NINE,0.6922,0.0354,0.2724
HEARTS EIGHT HEARTS SIX,0.5782,0.006,0.4158
CLUBS THREE DIAMONDS EIGHT,0.6442,0.0058,0.35
HEARTS FOUR CLUBS QUEEN,0.631,0.0078,0.3612
SPADES EIGHT HEARTS NINE,0.5688,0.0072,0.424
CLUBS EIGHT DIAMONDS TEN,0.57,0.0078,0.4222
DIAMONDS THREE SPADES FOUR,0.6364,0.0076,0.356
HEARTS TWO DIAMONDS SIX,0.673,0.008,0.319
SPADES ACE CLUBS ACE,0.1246,0.0028,0.8726
SPADES JACK CLUBS TWO,0.6486,0.008,0.3434
DIAMONDS THREE DIAMONDS TEN,0.6018,0.011,0.3872
HEARTS FIVE DIAMONDS NINE,0.6248,0.0082,0.367
HEARTS EIGHT CLUBS ACE,0.355,0.004,0.641
SPADES JACK HEARTS TEN,0.5532,0.0072,0.4396
CLUBS TEN HEARTS FOUR,0.6254,0.0086,0.366
CLUBS ACE DIAMONDS SIX,0.3962,0.0036,0.6002
HEARTS SIX DIAMONDS EIGHT,0.6166,0.0072,0.3762
HEARTS KING DIAMONDS FIVE,0.4652,0.3076,0.2272
CLUBS SEVEN CLUBS FOUR,0.6748,0.034,0.2912
DIAMONDS TWO CLUBS SIX,0.6648,0.0108,0.3244
HEARTS THREE HEARTS KING,0.4574,0.2794,0.2632
CLUBS NINE HEARTS TEN,0.5472,0.0052,0.4476
SPADES ACE DIAMONDS TWO,0.404,0.005,0.591
CLUBS FOUR DIAMONDS NINE,0.6376,0.0082,0.3542
SPADES EIGHT SPADES FIVE,0.576,0.0076,0.4164
HEARTS THREE SPADES FOUR,0.642,0.0086,0.3494
CLUBS NINE HEARTS JACK,0.566,0.0064,0.4276
SPADES FIVE CLUBS QUEEN,0.6236,0.0068,0.3696
SPADES KING SPADES SIX,0.4362,0.2814,0.2824
HEARTS SIX SPADES SEVEN,0.6838,0.0366,0.2796
SPADES TEN HEARTS QUEEN,0.5572,0.0052,0.4376
HEARTS TWO HEARTS NINE,0.62,0.0074,0.3726
HEARTS TWO SPADES TWO,0.472,0.0136,0.5144
DIAMONDS SEVEN DIAMONDS FOUR,0.681,0.0382,0.2808
SPADES QUEEN DIAMONDS JACK,0.5544,0.008,0.4376
CLUBS EIGHT SPADES FIVE,0.62,0.0088,0.3712
SPADES THREE HEARTS QUEEN,0.6432,0.007,0.3498
CLUBS NINE DIAMONDS EIGHT,0.5586,0.0056,0.4358
DIAMONDS EIGHT HEARTS JACK,0.5872,0.0068,0.406
DIAMONDS ACE SPADES SIX,0.3786,0.0034,0.618
SPADES NINE DIAMONDS SIX,0.617,0.0078,0.3752
CLUBS FIVE SPADES THREE,0.6168,0.0052,0.378
CLUBS SEVEN CLUBS FIVE,0.6484,0.0322,0.3194
SPADES QUEEN SPADES THREE,0.587,0.0092,0.4038
CLUBS EIGHT HEARTS KING,0.223,0.2328,0.5442
DIAMONDS JACK HEARTS NINE,0.573,0.0076,0.4194
CLUBS JACK DIAMONDS NINE,0.568,0.0046,0.4274
SPADES THREE DIAMONDS SIX,0.6474,0.0086,0.344
SPADES ACE CLUBS SIX,0.3846,0.003,0.6124
DIAMONDS TWO CLUBS ACE,0.408,0.005,0.587
HEARTS TWO HEARTS ACE,0.3826,0.0042,0.6132
HEARTS TWO HEARTS TEN,0.6028,0.0098,0.3874
DIAMONDS SIX HEARTS NINE,0.614,0.0084,0.3776
SPADES EIGHT CLUBS KING,0.2352,0.2174,0.5474
SPADES KING DIAMONDS NINE,0.2302,0.1586,0.6112
DIAMONDS THREE SPADES KING,0.4752,0.3076,0.2172
DIAMONDS SEVEN CLUBS ACE,0.229,0.0278,0.7432
DIAMONDS NINE HEARTS JACK,0.563,0.0066,0.4304
DIAMONDS QUEEN DIAMONDS SEVEN,0.7036,0.0388,0.2576
SPADES QUEEN CLUBS NINE,0.5714,0.006,0.4226
DIAMONDS ACE DIAMONDS SIX,0.3828,0.0046,0.6126
SPADES KING DIAMONDS TWO,0.4856,0.297,0.2174
DIAMONDS JACK DIAMONDS SIX,0.6074,0.0058,0.3868
HEARTS EIGHT SPADES SEVEN,0.677,0.036,0.287
HEARTS THREE SPADES TWO,0.6568,0.0098,0.3334
SPADES KING DIAMONDS SEVEN,0.017,0.9732,0.0098
CLUBS FIVE HEARTS KING,0.47,0.3024,0.2276
HEARTS SIX DIAMONDS SEVEN,0.6852,0.037,0.2778
DIAMONDS FIVE CLUBS QUEEN,0.6314,0.0096,0.359
DIAMONDS QUEEN CLUBS THREE,0.6304,0.0062,0.3634
HEARTS THREE DIAMONDS ACE,0.399,0.006,0.595
SPADES KING CLUBS FOUR,0.4788,0.2938,0.2274
SPADES EIGHT CLUBS ACE,0.3578,0.0032,0.639
DIAMONDS TWO DIAMONDS SIX,0.641,0.0094,0.3496
CLUBS SIX DIAMONDS SEVEN,0.69,0.0368,0.2732
HEARTS KING SPADES TWO,0.4738,0.287,0.2392
CLUBS JACK HEARTS EIGHT,0.5834,0.0066,0.41
CLUBS NINE CLUBS QUEEN,0.532,0.0058,0.4622
SPADES QUEEN DIAMONDS SEVEN,0.7306,0.0392,0.2302
DIAMONDS THREE HEARTS FIVE,0.637,0.0104,0.3526
HEARTS FOUR DIAMONDS JACK,0.6458,0.0066,0.3476
HEARTS QUEEN DIAMONDS SIX,0.6344,0.0088,0.3568
DIAMONDS TWO HEARTS QUEEN,0.6294,0.0076,0.363
SPADES SIX CLUBS QUEEN,0.6238,0.008,0.3682
DIAMONDS JACK HEARTS QUEEN,0.548,0.0094,0.4426
CLUBS SEVEN SPADES EIGHT,0.6814,0.03,0.2886
CLUBS TEN SPADES QUEEN,0.5532,0.007,0.4398
CLUBS ACE DIAMONDS FIVE,0.3898,0.002,0.6082
SPADES FIVE SPADES THREE,0.6102,0.006,0.3838
CLUBS NINE SPADES SEVEN,0.686,0.0332,0.2808
SPADES KING SPADES NINE,0.223,0.1664,0.6106
SPADES EIGHT DIAMONDS NINE,0.575,0.0074,0.4176
SPADES THREE DIAMONDS EIGHT,0.646,0.0076,0.3464
DIAMONDS SIX DIAMONDS FIVE,0.5892,0.0084,0.4024
SPADES ACE DIAMONDS ACE,0.1258,0.003,0.8712
SPADES FOUR HEARTS NINE,0.6378,0.0072,0.355
SPADES SEVEN CLUBS THREE,0.7194,0.0412,0.2394
SPADES KING HEARTS FIVE,0.4796,0.2956,0.2248
SPADES SEVEN HEARTS ACE,0.227,0.0252,0.7478
SPADES KING DIAMONDS JACK,0.2402,0.0876,0.6722
SPADES JACK CLUBS THREE,0.6358,0.0068,0.3574
SPADES KING HEARTS JACK,0.2264,0.0862,0.6874
SPADES NINE HEARTS KING,0.222,0.1568,0.6212
HEARTS EIGHT SPADES QUEEN,0.5892,0.0078,0.403
CLUBS NINE HEARTS TWO,0.6354,0.007,0.3576
DIAMONDS THREE CLUBS TEN,0.6368,0.0082,0.355
CLUBS THREE HEARTS KING,0.4718,0.3026,0.2256
HEARTS SIX CLUBS EIGHT,0.62,0.0076,0.3724
SPADES SIX DIAMONDS TEN,0.6298,0.0076,0.3626
CLUBS ACE HEARTS NINE,0.354,0.0038,0.6422
DIAMONDS TWO CLUBS EIGHT,0.6468,0.0076,0.3456
HEARTS SIX HEARTS FOUR,0.5988,0.0082,0.393
CLUBS NINE SPADES SIX,0.6156,0.0066,0.3778
HEARTS EIGHT DIAMONDS FOUR,0.6234,0.0062,0.3704
SPADES EIGHT DIAMONDS QUEEN,0.5972,0.0084,0.3944
HEARTS FOUR SPADES FIVE,0.6204,0.0064,0.3732
CLUBS EIGHT DIAMONDS QUEEN,0.5956,0.0064,0.398
SPADES SIX HEARTS NINE,0.6132,0.007,0.3798
HEARTS SIX HEARTS TEN,0.5962,0.0068,0.397
DIAMONDS THREE DIAMONDS TWO,0.6146,0.0092,0.3762
SPADES QUEEN CLUBS EIGHT,0.5756,0.0068,0.4176
CLUBS SEVEN SPADES THREE,0.713,0.037,0.25
SPADES THREE DIAMONDS SEVEN,0.7178,0.0392,0.243
SPADES QUEEN SPADES EIGHT,0.5528,0.006,0.4412
SPADES QUEEN SPADES TWO,0.5944,0.0074,0.3982
CLUBS NINE CLUBS SIX,0.5728,0.0074,0.4198
CLUBS SEVEN SPADES SEVEN,0.3022,0.0274,0.6704
SPADES FOUR DIAMONDS FOUR,0.4524,0.0134,0.5342
CLUBS FIVE HEARTS JACK,0.6306,0.0076,0.3618
CLUBS SIX SPADES SIX,0.4286,0.014,0.5574
CLUBS EIGHT HEARTS TEN,0.585,0.0048,0.4102
DIAMONDS TWO SPADES NINE,0.6466,0.007,0.3464
DIAMONDS JACK CLUBS TWO,0.649,0.007,0.344
SPADES KING SPADES TEN,0.2158,0.1106,0.6736
SPADES KING CLUBS ACE,0.2408,0.011,0.7482
SPADES QUEEN HEARTS NINE,0.5716,0.0052,0.4232
HEARTS FIVE CLUBS EIGHT,0.626,0.0078,0.3662
HEARTS THREE CLUBS TWO,0.6538,0.006,0.3402
SPADES SIX DIAMONDS SIX,0.4248,0.0146,0.5606
CLUBS SEVEN CLUBS SIX,0.6452,0.0318,0.323
CLUBS SIX HEARTS TEN,0.6184,0.0082,0.3734
SPADES ACE CLUBS EIGHT,0.3582,0.003,0.6388
SPADES THREE HEARTS JACK,0.622,0.0084,0.3696
DIAMONDS TWO SPADES FIVE,0.6532,0.0094,0.3374
HEARTS FIVE DIAMONDS EIGHT,0.6192,0.0058,0.375
CLUBS SIX CLUBS KING,0.4516,0.2848,0.2636
DIAMONDS ACE HEARTS KING,0.2184,0.0082,0.7734
SPADES ACE CLUBS JACK,0.3614,0.0034,0.6352
SPADES FIVE SPADES FOUR,0.5654,0.0068,0.4278
CLUBS EIGHT CLUBS ACE,0.3438,0.0046,0.6516
CLUBS JACK DIAMONDS SIX,0.6474,0.006,0.3466
DIAMONDS ACE CLUBS FOUR,0.4032,0.0048,0.592
SPADES ACE SPADES THREE,0.3756,0.0042,0.6202
CLUBS ACE DIAMONDS FOUR,0.3908,0.0052,0.604
HEARTS FIVE HEARTS THREE,0.6038,0.0076,0.3886
CLUBS JACK HEARTS THREE,0.627,0.008,0.365
HEARTS EIGHT DIAMONDS SEVEN,0.6734,0.0362,0.2904
SPADES KING CLUBS TWO,0.4812,0.291,0.2278
CLUBS TEN SPADES FIVE,0.6364,0.0068,0.3568
HEARTS FIVE SPADES SIX,0.6174,0.0068,0.3758
HEARTS FIVE HEARTS TWO,0.619,0.0108,0.3702
CLUBS FIVE CLUBS TWO,0.594,0.0082,0.3978
HEARTS EIGHT CLUBS EIGHT,0.3246,0.011,0.6644
SPADES JACK DIAMONDS EIGHT,0.5834,0.005,0.4116
CLUBS FOUR DIAMONDS QUEEN,0.6434,0.007,0.3496
SPADES SIX CLUBS ACE,0.4006,0.0044,0.595
CLUBS FIVE HEARTS QUEEN,0.6268,0.0074,0.3658
DIAMONDS THREE DIAMONDS SIX,0.6266,0.0108,0.3626
HEARTS THREE DIAMONDS NINE,0.6444,0.0078,0.3478
HEARTS QUEEN DIAMONDS FOUR,0.6344,0.0078,0.3578
SPADES QUEEN CLUBS ACE,0.3562,0.0034,0.6404
SPADES SEVEN DIAMONDS NINE,0.679,0.0356,0.2854
CLUBS SEVEN DIAMONDS ACE,0.24,0.035,0.725
CLUBS QUEEN DIAMONDS FOUR,0.6374,0.0064,0.3562
CLUBS EIGHT CLUBS FOUR,0.582,0.0056,0.4124
SPADES TEN HEARTS THREE,0.6284,0.009,0.3626
DIAMONDS TWO HEARTS JACK,0.6348,0.008,0.3572
SPADES FOUR HEARTS QUEEN,0.6246,0.0078,0.3676
HEARTS FIVE CLUBS KING,0.46,0.3128,0.2272
HEARTS SIX SPADES SIX,0.4418,0.0146,0.5436
CLUBS JACK HEARTS FIVE,0.6374,0.0052,0.3574
CLUBS NINE HEARTS ACE,0.3598,0.005,0.6352
HEARTS KING DIAMONDS SIX,0.4742,0.3106,0.2152
CLUBS TEN DIAMONDS SEVEN,0.6986,0.0382,0.2632
CLUBS SEVEN SPADES SIX,0.6844,0.0346,0.281
HEARTS EIGHT CLUBS TWO,0.6428,0.0078,0.3494
DIAMONDS THREE CLUBS FIVE,0.6256,0.008,0.3664
CLUBS FOUR SPADES SIX,0.6282,0.0068,0.365
SPADES FOUR DIAMONDS FIVE,0.6178,0.01,0.3722
SPADES TWO DIAMONDS FIVE,0.6436,0.0068,0.3496
CLUBS EIGHT SPADES NINE,0.5618,0.0048,0.4334
HEARTS FOUR CLUBS KING,0.4784,0.2972,0.2244
CLUBS JACK DIAMONDS EIGHT,0.6064,0.0072,0.3864
SPADES JACK SPADES THREE,0.5854,0.0066,0.408
DIAMONDS NINE SPADES THREE,0.6496,0.007,0.3434
CLUBS TEN DIAMONDS TEN,0.3108,0.007,0.6822
CLUBS SEVEN HEARTS NINE,0.6722,0.038,0.2898
HEARTS ACE DIAMONDS NINE,0.3626,0.0054,0.632
DIAMONDS THREE HEARTS TWO,0.6606,0.0094,0.33
DIAMONDS QUEEN HEARTS KING,0.241,0.0638,0.6952
CLUBS TEN SPADES NINE,0.5588,0.0064,0.4348
SPADES TEN SPADES FOUR,0.581,0.0078,0.4112
SPADES SIX CLUBS KING,0.461,0.311,0.228
SPADES SIX CLUBS THREE,0.6468,0.0086,0.3446
SPADES SEVEN CLUBS TWO,0.7262,0.0436,0.2302
HEARTS EIGHT HEARTS TEN,0.5274,0.0068,0.4658
CLUBS TWO DIAMONDS NINE,0.6518,0.0078,0.3404
CLUBS TEN DIAMONDS QUEEN,0.5652,0.0068,0.428
SPADES THREE CLUBS KING,0.465,0.2918,0.2432
CLUBS EIGHT HEARTS NINE,0.5648,0.0088,0.4264
SPADES THREE CLUBS ACE,0.401,0.003,0.596
CLUBS TEN DIAMONDS SIX,0.6326,0.0052,0.3622
CLUBS NINE HEARTS NINE,0.3016,0.0118,0.6866
HEARTS FIVE DIAMONDS ACE,0.3892,0.0054,0.6054
HEARTS JACK HEARTS NINE,0.5432,0.0082,0.4486
CLUBS NINE HEARTS QUEEN,0.573,0.008,0.419
SPADES TEN DIAMONDS SIX,0.6302,0.0052,0.3646
HEARTS THREE DIAMONDS JACK,0.6198,0.01,0.3702
HEARTS EIGHT SPADES KING,0.2322,0.2288,0.539
DIAMONDS TWO HEARTS KING,0.4798,0.3118,0.2084
DIAMONDS THREE CLUBS KING,0.473,0.2986,0.2284
SPADES KING HEARTS QUEEN,0.2356,0.0624,0.702
SPADES JACK DIAMONDS TEN,0.554,0.005,0.441
DIAMONDS ACE DIAMONDS FIVE,0.3724,0.0042,0.6234
SPADES ACE DIAMONDS JACK,0.3644,0.0056,0.63
SPADES ACE DIAMONDS SEVEN,0.2324,0.029,0.7386
CLUBS THREE CLUBS QUEEN,0.5864,0.0074,0.4062
CLUBS EIGHT DIAMONDS SEVEN,0.6804,0.0334,0.2862
CLUBS TEN CLUBS SEVEN,0.6648,0.0354,0.2998
DIAMONDS ACE HEARTS JACK,0.3406,0.0048,0.6546
SPADES KING DIAMONDS EIGHT,0.2274,0.2244,0.5482
HEARTS TWO SPADES FIVE,0.6432,0.0074,0.3494
DIAMONDS JACK CLUBS ACE,0.3676,0.0046,0.6278
DIAMONDS TWO SPADES TWO,0.4738,0.016,0.5102
HEARTS ACE DIAMONDS EIGHT,0.3632,0.0046,0.6322
CLUBS SEVEN HEARTS TWO,0.736,0.0418,0.2222
HEARTS FIVE DIAMONDS TEN,0.6318,0.0068,0.3614
SPADES KING CLUBS SIX,0.4676,0.3056,0.2268
HEARTS TWO CLUBS TWO,0.4676,0.0154,0.517
CLUBS FIVE DIAMONDS NINE,0.636,0.0072,0.3568
CLUBS SEVEN SPADES NINE,0.6762,0.0344,0.2894
HEARTS KING HEARTS JACK,0.218,0.0826,0.6994
HEARTS TWO SPADES EIGHT,0.6516,0.0074,0.341
SPADES SIX HEARTS ACE,0.3858,0.0042,0.61
HEARTS FIVE CLUBS SIX,0.6368,0.0066,0.3566
CLUBS NINE CLUBS FIVE,0.5796,0.008,0.4124
CLUBS TEN CLUBS SIX,0.5762,0.0062,0.4176
SPADES SEVEN DIAMONDS FOUR,0.7018,0.0382,0.26
DIAMONDS THREE SPADES JACK,0.6296,0.009,0.3614
CLUBS EIGHT SPADES TEN,0.567,0.0056,0.4274
SPADES NINE DIAMONDS ACE,0.3542,0.0054,0.6404
CLUBS JACK CLUBS TWO,0.5922,0.0074,0.4004
CLUBS NINE HEARTS KING,0.2328,0.1668,0.6004
DIAMONDS JACK DIAMONDS NINE,0.5412,0.0074,0.4514
SPADES TEN SPADES FIVE,0.5956,0.0072,0.3972
DIAMONDS THREE DIAMONDS SEVEN,0.6906,0.0394,0.27
CLUBS EIGHT DIAMONDS JACK,0.5822,0.0044,0.4134
HEARTS TWO DIAMONDS FOUR,0.6502,0.01,0.3398
CLUBS NINE DIAMONDS FOUR,0.6258,0.007,0.3672
SPADES NINE HEARTS NINE,0.3028,0.0088,0.6884
CLUBS TEN CLUBS FIVE,0.5904,0.0058,0.4038
SPADES ACE CLUBS TEN,0.3434,0.0022,0.6544
HEARTS EIGHT DIAMONDS TEN,0.5772,0.0078,0.415
CLUBS NINE CLUBS KING,0.2174,0.1576,0.625
CLUBS FIVE DIAMONDS SIX,0.6246,0.008,0.3674
HEARTS FOUR DIAMONDS NINE,0.6534,0.0088,0.3378
SPADES JACK DIAMONDS ACE,0.3442,0.003,0.6528
SPADES KING HEARTS KING,0.0724,0.0112,0.9164
CLUBS TEN CLUBS QUEEN,0.528,0.0062,0.4658
SPADES ACE SPADES KING,0.2252,0.0106,0.7642
SPADES EIGHT HEARTS QUEEN,0.5854,0.01,0.4046
HEARTS TWO DIAMONDS NINE,0.6448,0.0106,0.3446
SPADES KING CLUBS NINE,0.2264,0.1626,0.611
SPADES NINE DIAMONDS FIVE,0.6258,0.0102,0.364
SPADES FOUR DIAMONDS NINE,0.6316,0.0074,0.361
HEARTS THREE HEARTS JACK,0.5826,0.0068,0.4106
DIAMONDS THREE HEARTS NINE,0.6346,0.0092,0.3562
CLUBS KING CLUBS QUEEN,0.2334,0.0652,0.7014
HEARTS KING DIAMONDS SEVEN,0.0078,0.9834,0.0088
HEARTS THREE DIAMONDS SEVEN,0.7264,0.0388,0.2348
SPADES QUEEN HEARTS THREE,0.6492,0.0052,0.3456
HEARTS EIGHT HEARTS KING,0.2242,0.2202,0.5556
HEARTS ACE CLUBS ACE,0.1334,0.0046,0.862
CLUBS EIGHT DIAMONDS ACE,0.3628,0.0062,0.631
HEARTS SIX SPADES NINE,0.613,0.0076,0.3794
SPADES QUEEN CLUBS THREE,0.6288,0.007,0.3642
DIAMONDS QUEEN HEARTS ACE,0.3456,0.004,0.6504
SPADES KING SPADES TWO,0.4438,0.2788,0.2774
HEARTS JACK DIAMONDS FOUR,0.6524,0.0066,0.341
DIAMONDS SEVEN HEARTS JACK,0.7234,0.0336,0.243
SPADES TEN CLUBS ACE,0.3472,0.0052,0.6476
SPADES THREE HEARTS TEN,0.6394,0.0072,0.3534
CLUBS SEVEN DIAMONDS EIGHT,0.679,0.0386,0.2824
DIAMONDS THREE DIAMONDS QUEEN,0.5998,0.006,0.3942
CLUBS JACK CLUBS NINE,0.537,0.0046,0.4584
SPADES ACE HEARTS EIGHT,0.3526,0.0036,0.6438
HEARTS ACE DIAMONDS FOUR,0.3928,0.005,0.6022
CLUBS NINE SPADES TEN,0.5592,0.0064,0.4344
DIAMONDS JACK SPADES THREE,0.632,0.0096,0.3584
HEARTS EIGHT SPADES FIVE,0.616,0.008,0.376
DIAMONDS TWO SPADES JACK,0.6298,0.0108,0.3594
DIAMONDS THREE HEARTS TEN,0.6382,0.0068,0.355
SPADES SEVEN DIAMONDS JACK,0.7212,0.0314,0.2474
HEARTS FIVE DIAMONDS JACK,0.64,0.0076,0.3524
DIAMONDS TWO SPADES TEN,0.6446,0.006,0.3494
SPADES TEN HEARTS ACE,0.34,0.0052,0.6548
SPADES FOUR CLUBS KING,0.477,0.2878,0.2352
CLUBS ACE HEARTS JACK,0.3388,0.0064,0.6548
SPADES NINE CLUBS THREE,0.6386,0.006,0.3554
CLUBS KING DIAMONDS FOUR,0.4848,0.3022,0.213
DIAMONDS THREE CLUBS NINE,0.6464,0.0082,0.3454
DIAMONDS ACE SPADES THREE,0.3932,0.0064,0.6004
SPADES EIGHT CLUBS TWO,0.6362,0.0064,0.3574
DIAMONDS THREE HEARTS ACE,0.4022,0.0064,0.5914
SPADES SIX SPADES THREE,0.5996,0.0068,0.3936
SPADES TWO CLUBS ACE,0.4056,0.0052,0.5892
DIAMONDS TEN HEARTS ACE,0.3434,0.006,0.6506
SPADES ACE SPADES NINE,0.3342,0.0032,0.6626
DIAMONDS JACK CLUBS QUEEN,0.5528,0.0088,0.4384
CLUBS EIGHT HEARTS QUEEN,0.5968,0.0072,0.396
SPADES SIX HEARTS JACK,0.6358,0.0074,0.3568
HEARTS FIVE HEARTS NINE,0.5964,0.0068,0.3968
DIAMONDS EIGHT DIAMONDS FOUR,0.6078,0.0122,0.38
HEARTS KING CLUBS QUEEN,0.2516,0.0656,0.6828
HEARTS FIVE HEARTS JACK,0.6072,0.0056,0.3872
HEARTS ACE DIAMONDS FIVE,0.3956,0.0056,0.5988
CLUBS THREE SPADES THREE,0.4524,0.013,0.5346
DIAMONDS EIGHT HEARTS QUEEN,0.598,0.005,0.397
DIAMONDS JACK DIAMONDS SEVEN,0.6896,0.039,0.2714
HEARTS SIX SPADES JACK,0.6268,0.0082,0.365
DIAMONDS EIGHT HEARTS NINE,0.566,0.0082,0.4258
CLUBS TEN HEARTS KING,0.224,0.1182,0.6578
CLUBS SEVEN DIAMONDS QUEEN,0.734,0.0384,0.2276
HEARTS TWO CLUBS QUEEN,0.6338,0.0088,0.3574
DIAMONDS QUEEN DIAMONDS JACK,0.5232,0.0074,0.4694
CLUBS THREE DIAMONDS NINE,0.632,0.006,0.362
HEARTS FIVE SPADES FOUR,0.6188,0.0074,0.3738
HEARTS SIX HEARTS THREE,0.6112,0.0064,0.3824
HEARTS EIGHT SPADES FOUR,0.6296,0.0074,0.363
CLUBS JACK SPADES FOUR,0.62,0.006,0.374
CLUBS EIGHT HEARTS ACE,0.3644,0.0036,0.632
CLUBS FOUR HEARTS KING,0.4584,0.3084,0.2332
CLUBS EIGHT DIAMONDS FOUR,0.6362,0.0072,0.3566
HEARTS FOUR DIAMONDS ACE,0.3876,0.0058,0.6066
HEARTS KING HEARTS NINE,0.2242,0.1544,0.6214
DIAMONDS TWO DIAMONDS FOUR,0.6202,0.0084,0.3714
CLUBS EIGHT SPADES EIGHT,0.3156,0.0084,0.676
SPADES FIVE CLUBS KING,0.472,0.293,0.235
CLUBS FIVE SPADES FOUR,0.6146,0.0066,0.3788
HEARTS SIX SPADES TEN,0.6252,0.0064,0.3684
SPADES JACK SPADES FOUR,0.5762,0.0086,0.4152
CLUBS NINE SPADES FIVE,0.615,0.0062,0.3788
HEARTS FOUR HEARTS TEN,0.5978,0.007,0.3952
CLUBS FIVE CLUBS QUEEN,0.5948,0.0076,0.3976
CLUBS EIGHT DIAMONDS NINE,0.5702,0.0058,0.424
HEARTS TWO DIAMONDS TEN,0.6502,0.0094,0.3404
HEARTS TWO CLUBS ACE,0.4096,0.0066,0.5838
HEARTS FOUR HEARTS ACE,0.3676,0.005,0.6274
SPADES FIVE DIAMONDS NINE,0.637,0.008,0.355
SPADES KING SPADES FIVE,0.4388,0.286,0.2752
SPADES EIGHT SPADES SIX,0.5588,0.0054,0.4358
SPADES KING HEARTS THREE,0.4822,0.2994,0.2184
CLUBS TEN CLUBS EIGHT,0.545,0.006,0.449
DIAMONDS EIGHT DIAMONDS FIVE,0.6028,0.0074,0.3898
HEARTS KING HEARTS TEN,0.2324,0.1116,0.656
HEARTS FIVE HEARTS FOUR,0.5728,0.006,0.4212
HEARTS EIGHT DIAMONDS TWO,0.6454,0.0078,0.3468
CLUBS SEVEN HEARTS ACE,0.2296,0.0292,0.7412
SPADES SIX DIAMONDS JACK,0.643,0.0062,0.3508
SPADES KING SPADES EIGHT,0.2222,0.2116,0.5662
HEARTS SIX CLUBS THREE,0.6562,0.0072,0.3366
HEARTS KING CLUBS KING,0.078,0.015,0.907
CLUBS THREE DIAMONDS TEN,0.6348,0.007,0.3582
HEARTS THREE DIAMONDS EIGHT,0.637,0.0102,0.3528
SPADES QUEEN SPADES FOUR,0.5956,0.0076,0.3968
SPADES TEN CLUBS THREE,0.621,0.007,0.372
SPADES QUEEN DIAMONDS QUEEN,0.2864,0.004,0.7096
CLUBS NINE CLUBS ACE,0.3318,0.0042,0.664
HEARTS FIVE CLUBS FIVE,0.4396,0.0124,0.548
SPADES KING SPADES THREE,0.4434,0.2916,0.265
HEARTS SIX CLUBS QUEEN,0.6396,0.0068,0.3536
CLUBS TWO DIAMONDS SEVEN,0.7436,0.0388,0.2176
HEARTS FOUR HEARTS JACK,0.5934,0.0078,0.3988
SPADES NINE DIAMONDS SEVEN,0.7038,0.0322,0.264
HEARTS FOUR SPADES THREE,0.6242,0.0092,0.3666
SPADES QUEEN CLUBS FIVE,0.6352,0.0054,0.3594
SPADES QUEEN CLUBS KING,0.248,0.0614,0.6906
SPADES QUEEN CLUBS SEVEN,0.729,0.0356,0.2354
DIAMONDS ACE DIAMONDS SEVEN,0.2212,0.0298,0.749
SPADES SEVEN CLUBS QUEEN,0.741,0.0304,0.2286
CLUBS SEVEN DIAMONDS NINE,0.6956,0.0346,0.2698
CLUBS THREE CLUBS TWO,0.6032,0.009,0.3878
HEARTS TWO SPADES SEVEN,0.73,0.0432,0.2268
DIAMONDS QUEEN HEARTS QUEEN,0.2916,0.0024,0.706
CLUBS FIVE DIAMONDS QUEEN,0.6156,0.0092,0.3752
SPADES TEN HEARTS NINE,0.5484,0.0052,0.4464
CLUBS EIGHT DIAMONDS FIVE,0.6048,0.0082,0.387
CLUBS TEN CLUBS NINE,0.5092,0.0048,0.486
CLUBS TWO DIAMONDS TEN,0.631,0.007,0.362
CLUBS JACK SPADES THREE,0.6396,0.0052,0.3552
HEARTS FOUR DIAMONDS FOUR,0.456,0.0182,0.5258
HEARTS SIX DIAMONDS SIX,0.4454,0.015,0.5396
SPADES NINE SPADES TWO,0.5996,0.0072,0.3932
SPADES ACE SPADES QUEEN,0.3404,0.0044,0.6552
SPADES FOUR DIAMONDS EIGHT,0.6336,0.0082,0.3582
CLUBS NINE HEARTS THREE,0.6354,0.0064,0.3582
HEARTS EIGHT HEARTS THREE,0.6042,0.0088,0.387
HEARTS ACE SPADES THREE,0.4008,0.0032,0.596
CLUBS THREE SPADES TWO,0.6398,0.009,0.3512
SPADES FOUR SPADES THREE,0.5888,0.0078,0.4034
DIAMONDS EIGHT CLUBS KING,0.2302,0.2282,0.5416
CLUBS TEN SPADES JACK,0.5536,0.006,0.4404
CLUBS JACK HEARTS QUEEN,0.5552,0.0066,0.4382
CLUBS SIX CLUBS TWO,0.626,0.0062,0.3678
CLUBS EIGHT CLUBS SEVEN,0.6364,0.03,0.3336
DIAMONDS NINE DIAMONDS EIGHT,0.5394,0.0076,0.453
SPADES ACE SPADES SIX,0.3718,0.002,0.6262
CLUBS SIX SPADES EIGHT,0.5994,0.0078,0.3928
SPADES ACE SPADES TWO,0.3838,0.0038,0.6124
SPADES FIVE HEARTS NINE,0.6196,0.0072,0.3732
CLUBS JACK SPADES NINE,0.5724,0.0064,0.4212
CLUBS JACK HEARTS JACK,0.2916,0.0064,0.702
CLUBS SEVEN CLUBS TWO,0.6906,0.038,0.2714
HEARTS THREE HEARTS ACE,0.3756,0.0064,0.618
HEARTS JACK CLUBS KING,0.236,0.089,0.675
CLUBS TEN CLUBS TWO,0.5936,0.0052,0.4012
DIAMONDS NINE DIAMONDS FIVE,0.604,0.0084,0.3876
DIAMONDS THREE HEARTS THREE,0.4616,0.017,0.5214
SPADES TEN HEARTS KING,0.228,0.1174,0.6546
HEARTS FOUR CLUBS FOUR,0.4458,0.017,0.5372
SPADES EIGHT DIAMONDS JACK,0.5682,0.0074,0.4244
CLUBS SEVEN DIAMONDS FOUR,0.7094,0.0398,0.2508
SPADES TEN CLUBS FIVE,0.6296,0.0078,0.3626
SPADES SIX SPADES FOUR,0.5792,0.009,0.4118
HEARTS TWO CLUBS THREE,0.6606,0.0094,0.33
CLUBS JACK CLUBS FOUR,0.5824,0.0064,0.4112
SPADES NINE HEARTS TWO,0.6498,0.0074,0.3428
SPADES JACK SPADES SEVEN,0.6726,0.0336,0.2938
HEARTS THREE SPADES FIVE,0.6202,0.0088,0.371
HEARTS ACE CLUBS QUEEN,0.3582,0.0036,0.6382
HEARTS FOUR SPADES SEVEN,0.7066,0.0362,0.2572
SPADES ACE HEARTS ACE,0.1202,0.0036,0.8762
CLUBS TEN HEARTS NINE,0.558,0.0068,0.4352
HEARTS TWO DIAMONDS QUEEN,0.6406,0.0098,0.3496
SPADES TEN HEARTS TWO,0.6546,0.0086,0.3368
SPADES QUEEN DIAMONDS FOUR,0.6398,0.0064,0.3538
SPADES NINE DIAMONDS NINE,0.3112,0.0094,0.6794
CLUBS EIGHT HEARTS JACK,0.582,0.0094,0.4086
HEARTS FIVE SPADES THREE,0.6364,0.0076,0.356
CLUBS FOUR DIAMONDS SIX,0.6346,0.0084,0.357
CLUBS TEN SPADES TEN,0.3154,0.0066,0.678
CLUBS SIX SPADES SEVEN,0.6784,0.041,0.2806
HEARTS SIX SPADES FIVE,0.6156,0.0082,0.3762
DIAMONDS SEVEN DIAMONDS FIVE,0.6684,0.0396,0.292
HEARTS SIX HEARTS ACE,0.3772,0.004,0.6188
HEARTS THREE HEARTS TEN,0.6068,0.0086,0.3846
DIAMONDS THREE SPADES TWO,0.6442,0.0082,0.3476
SPADES JACK SPADES SIX,0.596,0.0062,0.3978
CLUBS JACK SPADES FIVE,0.624,0.0076,0.3684
SPADES THREE CLUBS QUEEN,0.6414,0.0078,0.3508
HEARTS EIGHT SPADES EIGHT,0.313,0.0114,0.6756
SPADES TEN DIAMONDS JACK,0.5576,0.008,0.4344
SPADES NINE CLUBS KING,0.2154,0.176,0.6086
SPADES EIGHT DIAMONDS TEN,0.5762,0.006,0.4178
CLUBS JACK CLUBS THREE,0.5846,0.006,0.4094
CLUBS TEN HEARTS ACE,0.3424,0.0032,0.6544
HEARTS FIVE CLUBS TWO,0.6506,0.0054,0.344
SPADES ACE HEARTS QUEEN,0.3458,0.0038,0.6504
SPADES FIVE HEARTS ACE,0.3858,0.0048,0.6094
HEARTS FOUR CLUBS FIVE,0.6164,0.0082,0.3754
DIAMONDS TWO CLUBS FIVE,0.6492,0.0072,0.3436
DIAMONDS TEN SPADES TWO,0.6366,0.0082,0.3552
CLUBS EIGHT SPADES SEVEN,0.681,0.0342,0.2848
SPADES QUEEN CLUBS FOUR,0.6266,0.0048,0.3686
DIAMONDS SEVEN HEARTS TEN,0.7014,0.0314,0.2672
HEARTS SIX SPADES FOUR,0.6264,0.0084,0.3652
SPADES SEVEN DIAMONDS EIGHT,0.6776,0.033,0.2894
CLUBS THREE SPADES FOUR,0.6202,0.0086,0.3712
SPADES EIGHT DIAMONDS SIX,0.6036,0.0064,0.39
SPADES SEVEN HEARTS KING,0.011,0.9674,0.0216
HEARTS SIX SPADES TWO,0.6626,0.0088,0.3286
CLUBS NINE DIAMONDS NINE,0.3162,0.0082,0.6756
CLUBS TWO HEARTS KING,0.4776,0.2914,0.231
DIAMONDS THREE CLUBS SIX,0.6462,0.0076,0.3462
CLUBS EIGHT HEARTS FOUR,0.6304,0.0072,0.3624
SPADES JACK HEARTS TWO,0.6476,0.006,0.3464
HEARTS FOUR CLUBS SEVEN,0.7202,0.0372,0.2426
HEARTS JACK DIAMONDS SIX,0.6386,0.0068,0.3546
CLUBS EIGHT CLUBS QUEEN,0.5514,0.0062,0.4424
DIAMONDS ACE CLUBS ACE,0.12,0.0018,0.8782
SPADES SEVEN DIAMONDS FIVE,0.6908,0.0354,0.2738
HEARTS TEN HEARTS NINE,0.522,0.0072,0.4708
CLUBS FIVE CLUBS FOUR,0.5918,0.0062,0.402
CLUBS FIVE CLUBS THREE,0.6098,0.0096,0.3806
CLUBS THREE HEARTS JACK,0.6372,0.0078,0.355
HEARTS SIX DIAMONDS TWO,0.6592,0.0088,0.332
SPADES KING CLUBS SEVEN,0.0216,0.959,0.0194
SPADES QUEEN SPADES NINE,0.5332,0.009,0.4578
CLUBS FIVE DIAMONDS SEVEN,0.6818,0.0378,0.2804
CLUBS SIX CLUBS QUEEN,0.5906,0.0072,0.4022
SPADES EIGHT DIAMONDS FIVE,0.6222,0.0078,0.37
DIAMONDS NINE CLUBS QUEEN,0.5702,0.0082,0.4216
SPADES FIVE DIAMONDS FOUR,0.6092,0.0076,0.3832
HEARTS TWO DIAMONDS JACK,0.6472,0.0084,0.3444
CLUBS JACK CLUBS TEN,0.5224,0.007,0.4706
HEARTS SIX CLUBS SEVEN,0.6836,0.0342,0.2822
CLUBS THREE DIAMONDS SEVEN,0.7318,0.0448,0.2234
DIAMONDS TWO CLUBS SEVEN,0.7358,0.046,0.2182
SPADES THREE SPADES TWO,0.6132,0.0102,0.3766
HEARTS EIGHT DIAMONDS EIGHT,0.314,0.0092,0.6768
DIAMONDS TWO SPADES QUEEN,0.639,0.006,0.355
SPADES NINE HEARTS TEN,0.5474,0.0066,0.446
CLUBS SEVEN DIAMONDS SIX,0.6954,0.0378,0.2668
HEARTS TWO CLUBS FOUR,0.6528,0.0052,0.342
HEARTS TEN DIAMONDS FOUR,0.6376,0.0082,0.3542
DIAMONDS FIVE DIAMONDS FOUR,0.5934,0.0096,0.397
SPADES FIVE HEARTS JACK,0.6242,0.0082,0.3676
CLUBS JACK HEARTS NINE,0.5708,0.0058,0.4234
SPADES FIVE HEARTS KING,0.4778,0.2974,0.2248
SPADES ACE CLUBS FIVE,0.4026,0.0044,0.593
CLUBS SEVEN DIAMONDS SEVEN,0.3016,0.0322,0.6662
DIAMONDS TWO HEARTS FIVE,0.6574,0.0094,0.3332
DIAMONDS TWO HEARTS TWO,0.4624,0.013,0.5246
SPADES NINE SPADES SIX,0.5818,0.0062,0.412
CLUBS JACK HEARTS SIX,0.631,0.005,0.364
HEARTS FOUR DIAMONDS TEN,0.6306,0.008,0.3614
HEARTS EIGHT CLUBS SIX,0.6064,0.0046,0.389
DIAMONDS NINE DIAMONDS FOUR,0.6074,0.0078,0.3848
CLUBS TWO HEARTS ACE,0.4096,0.0032,0.5872
DIAMONDS TWO SPADES FOUR,0.6456,0.007,0.3474
HEARTS FIVE SPADES EIGHT,0.623,0.0058,0.3712
HEARTS SIX HEARTS KING,0.4448,0.2984,0.2568
SPADES KING HEARTS TEN,0.2324,0.1162,0.6514
CLUBS SIX CLUBS FIVE,0.5868,0.0084,0.4048
HEARTS FOUR SPADES SIX,0.632,0.008,0.36
CLUBS JACK CLUBS SIX,0.5948,0.006,0.3992
DIAMONDS QUEEN DIAMONDS FOUR,0.6038,0.0078,0.3884
SPADES KING CLUBS EIGHT,0.239,0.2294,0.5316
CLUBS EIGHT CLUBS KING,0.2214,0.2186,0.56
HEARTS TEN DIAMONDS FIVE,0.6318,0.008,0.3602
SPADES FOUR HEARTS JACK,0.6196,0.0086,0.3718
SPADES SEVEN SPADES THREE,0.6734,0.036,0.2906
HEARTS SIX SPADES THREE,0.6498,0.007,0.3432
HEARTS FOUR CLUBS SIX,0.6402,0.0078,0.352
HEARTS FIVE CLUBS FOUR,0.6294,0.0076,0.363
CLUBS FIVE SPADES SIX,0.6132,0.0074,0.3794
HEARTS QUEEN HEARTS TEN,0.5212,0.0072,0.4716
DIAMONDS TEN SPADES THREE,0.6358,0.0056,0.3586
HEARTS SIX HEARTS NINE,0.5856,0.0084,0.406
SPADES EIGHT DIAMONDS EIGHT,0.3192,0.0114,0.6694
DIAMONDS EIGHT CLUBS ACE,0.362,0.006,0.632
HEARTS FOUR HEARTS KING,0.4454,0.289,0.2656
CLUBS TEN HEARTS QUEEN,0.5554,0.0056,0.439
SPADES FOUR DIAMONDS SIX,0.6328,0.006,0.3612
DIAMONDS NINE HEARTS KING,0.2198,0.1672,0.613
