opposingHand,winningChance,drawChance,lostChance
HEARTS SEVEN CLUBS FOUR
HEARTS FIVE SPADES TEN,0.3766,0.027,0.5964
SPADES JACK HEARTS FIVE,0.384,0.0182,0.5978
CLUBS JACK SPADES FIVE,0.3706,0.0202,0.6092
CLUBS TEN SPADES FIVE,0.379,0.0284,0.5926
CLUBS JACK CLUBS EIGHT,0.3268,0.0192,0.654
CLUBS TEN CLUBS EIGHT,0.3228,0.0278,0.6494
CLUBS EIGHT CLUBS KING,0.3334,0.0092,0.6574
SPADES FIVE CLUBS ACE,0.3662,0.005,0.6288
CLUBS EIGHT CLUBS QUEEN,0.3292,0.011,0.6598
SPADES FIVE CLUBS KING,0.3754,0.0076,0.617
SPADES FIVE CLUBS QUEEN,0.366,0.011,0.623
CLUBS EIGHT CLUBS ACE,0.3242,0.0048,0.671
DIAMONDS TWO DIAMONDS THREE,0.5168,0.1076,0.3756
DIAMONDS TWO DIAMONDS FIVE,0.5192,0.095,0.3858
SPADES KING HEARTS FIVE,0.3754,0.0084,0.6162
DIAMONDS TWO DIAMONDS FOUR,0.5234,0.1868,0.2898
SPADES QUEEN HEARTS FIVE,0.3694,0.0116,0.619
DIAMONDS TWO DIAMONDS SEVEN,0.2768,0.4598,0.2634
DIAMONDS TWO DIAMONDS SIX,0.5428,0.0948,0.3624
SPADES ACE HEARTS FIVE,0.3728,0.0056,0.6216
DIAMONDS TWO DIAMONDS NINE,0.391,0.0412,0.5678
DIAMONDS TWO DIAMONDS EIGHT,0.3794,0.0614,0.5592
DIAMONDS THREE DIAMONDS FOUR,0.5154,0.1888,0.2958
CLUBS TWO SPADES FOUR,0.5692,0.2014,0.2294
DIAMONDS THREE DIAMONDS FIVE,0.4968,0.1016,0.4016
SPADES FIVE CLUBS TWO,0.5496,0.1048,0.3456
CLUBS TWO SPADES TWO,0.3754,0.1148,0.5098
CLUBS TWO SPADES THREE,0.5668,0.1108,0.3224
DIAMONDS THREE DIAMONDS EIGHT,0.3684,0.0634,0.5682
SPADES EIGHT CLUBS TWO,0.4086,0.0688,0.5226
DIAMONDS THREE DIAMONDS NINE,0.3774,0.0432,0.5794
SPADES NINE CLUBS TWO,0.4126,0.0464,0.541
DIAMONDS THREE DIAMONDS SIX,0.511,0.0966,0.3924
SPADES SIX CLUBS TWO,0.561,0.1122,0.3268
DIAMONDS THREE DIAMONDS SEVEN,0.2642,0.4806,0.2552
SPADES SEVEN CLUBS TWO,0.2926,0.5094,0.198
CLUBS SIX CLUBS TWO,0.5358,0.098,0.3662
CLUBS SEVEN CLUBS TWO,0.2782,0.4628,0.259
CLUBS FIVE CLUBS TWO,0.5158,0.0944,0.3898
CLUBS TEN CLUBS JACK,0.3374,0.0146,0.648
DIAMONDS FOUR DIAMONDS SIX,0.5164,0.1946,0.289
CLUBS TEN CLUBS QUEEN,0.3288,0.0102,0.661
DIAMONDS FOUR DIAMONDS SEVEN,0.0248,0.902,0.0732
CLUBS TEN CLUBS KING,0.332,0.0082,0.6598
CLUBS TEN CLUBS ACE,0.3378,0.005,0.6572
CLUBS EIGHT CLUBS TWO,0.386,0.0594,0.5546
DIAMONDS FIVE DIAMONDS FOUR,0.4998,0.1928,0.3074
CLUBS NINE CLUBS TWO,0.3872,0.0462,0.5666
DIAMONDS NINE DIAMONDS FOUR,0.2574,0.0966,0.646
DIAMONDS EIGHT DIAMONDS FOUR,0.241,0.1356,0.6234
CLUBS THREE CLUBS TWO,0.53,0.104,0.366
DIAMONDS NINE DIAMONDS FIVE,0.3458,0.0406,0.6136
CLUBS JACK DIAMONDS TWO,0.4206,0.0196,0.5598
DIAMONDS EIGHT DIAMONDS FIVE,0.3408,0.0628,0.5964
CLUBS TEN DIAMONDS TWO,0.4086,0.028,0.5634
DIAMONDS FIVE DIAMONDS SEVEN,0.2034,0.4258,0.3708
DIAMONDS FIVE DIAMONDS SIX,0.4616,0.0982,0.4402
DIAMONDS TWO CLUBS ACE,0.396,0.0044,0.5996
DIAMONDS TWO CLUBS KING,0.4142,0.0096,0.5762
DIAMONDS TWO CLUBS QUEEN,0.4058,0.0148,0.5794
DIAMONDS EIGHT DIAMONDS SIX,0.326,0.064,0.61
DIAMONDS NINE DIAMONDS SIX,0.332,0.0436,0.6244
HEARTS ACE SPADES THREE,0.3914,0.0052,0.6034
SPADES THREE HEARTS KING,0.4058,0.0094,0.5848
DIAMONDS SEVEN DIAMONDS SIX,0.199,0.3532,0.4478
HEARTS QUEEN SPADES THREE,0.4098,0.0122,0.578
SPADES THREE HEARTS JACK,0.4012,0.021,0.5778
SPADES THREE HEARTS TEN,0.4072,0.025,0.5678
DIAMONDS EIGHT DIAMONDS SEVEN,0.2174,0.1382,0.6444
DIAMONDS NINE DIAMONDS SEVEN,0.2176,0.104,0.6784
DIAMONDS NINE DIAMONDS EIGHT,0.308,0.0382,0.6538
DIAMONDS KING HEARTS TEN,0.3418,0.0062,0.652
HEARTS THREE HEARTS TEN,0.3948,0.0282,0.577
SPADES JACK CLUBS SIX,0.3776,0.02,0.6024
DIAMONDS KING HEARTS JACK,0.3482,0.0066,0.6452
HEARTS THREE HEARTS JACK,0.3906,0.0174,0.592
SPADES TEN CLUBS SIX,0.3624,0.0266,0.611
SPADES JACK SPADES FIVE,0.348,0.0194,0.6326
SPADES TEN SPADES FIVE,0.3594,0.0252,0.6154
DIAMONDS KING HEARTS ACE,0.3484,0.0044,0.6472
HEARTS THREE HEARTS ACE,0.3774,0.0076,0.615
SPADES ACE CLUBS SIX,0.3834,0.006,0.6106
DIAMONDS KING HEARTS QUEEN,0.3478,0.0074,0.6448
HEARTS THREE HEARTS QUEEN,0.3906,0.0136,0.5958
SPADES KING CLUBS SIX,0.379,0.0078,0.6132
DIAMONDS KING HEARTS KING,0.1502,0.0194,0.8304
HEARTS THREE HEARTS KING,0.3852,0.0096,0.6052
SPADES QUEEN CLUBS SIX,0.369,0.0092,0.6218
SPADES NINE HEARTS TEN,0.3344,0.0224,0.6432
SPADES NINE HEARTS JACK,0.3304,0.0156,0.654
SPADES QUEEN SPADES FIVE,0.3398,0.0126,0.6476
SPADES KING SPADES FIVE,0.3514,0.0068,0.6418
SPADES ACE SPADES FIVE,0.347,0.0048,0.6482
SPADES NINE HEARTS QUEEN,0.3438,0.0108,0.6454
SPADES NINE HEARTS KING,0.3396,0.0066,0.6538
SPADES NINE HEARTS ACE,0.347,0.0042,0.6488
CLUBS TEN SPADES JACK,0.3358,0.0154,0.6488
CLUBS TEN SPADES TEN,0.1474,0.06,0.7926
SPADES ACE CLUBS TEN,0.3452,0.0058,0.649
CLUBS TEN SPADES KING,0.3468,0.0082,0.645
CLUBS TEN SPADES QUEEN,0.3382,0.0118,0.65
SPADES FIVE HEARTS QUEEN,0.3642,0.0142,0.6216
SPADES FIVE HEARTS KING,0.3758,0.0074,0.6168
HEARTS ACE SPADES FIVE,0.3696,0.0054,0.625
CLUBS EIGHT SPADES TEN,0.3264,0.0284,0.6452
HEARTS THREE SPADES JACK,0.4098,0.0176,0.5726
SPADES JACK DIAMONDS KING,0.3494,0.006,0.6446
SPADES TEN DIAMONDS KING,0.3596,0.0062,0.6342
HEARTS THREE SPADES TEN,0.4204,0.0282,0.5514
CLUBS EIGHT SPADES JACK,0.3384,0.0204,0.6412
CLUBS SIX HEARTS ACE,0.3528,0.0052,0.642
SPADES ACE CLUBS EIGHT,0.334,0.0046,0.6614
CLUBS JACK HEARTS FIVE,0.367,0.0214,0.6116
CLUBS TEN HEARTS FIVE,0.3786,0.03,0.5914
CLUBS SIX HEARTS QUEEN,0.3654,0.012,0.6226
SPADES QUEEN CLUBS EIGHT,0.3572,0.0124,0.6304
CLUBS TEN SPADES THREE,0.4014,0.0276,0.571
CLUBS SIX HEARTS KING,0.3654,0.0092,0.6254
SPADES KING CLUBS EIGHT,0.3366,0.0104,0.653
CLUBS JACK SPADES THREE,0.4074,0.0156,0.577
DIAMONDS TWO HEARTS JACK,0.4118,0.0196,0.5686
SPADES THREE CLUBS QUEEN,0.4022,0.0154,0.5824
DIAMONDS TWO HEARTS TEN,0.417,0.0334,0.5496
SPADES THREE CLUBS KING,0.4086,0.007,0.5844
HEARTS FIVE CLUBS ACE,0.3508,0.0052,0.644
SPADES FIVE HEARTS TEN,0.3648,0.0294,0.6058
SPADES THREE CLUBS ACE,0.3918,0.0048,0.6034
HEARTS FIVE CLUBS KING,0.375,0.0098,0.6152
SPADES FIVE HEARTS JACK,0.359,0.0188,0.6222
HEARTS FIVE CLUBS QUEEN,0.3708,0.0118,0.6174
HEARTS THREE CLUBS KING,0.4066,0.0098,0.5836
DIAMONDS KING CLUBS KING,0.1648,0.0162,0.819
HEARTS THREE CLUBS QUEEN,0.3988,0.0142,0.587
DIAMONDS KING CLUBS QUEEN,0.3476,0.0072,0.6452
HEARTS FIVE HEARTS JACK,0.3428,0.0156,0.6416
HEARTS FIVE HEARTS TEN,0.3582,0.0262,0.6156
HEARTS THREE CLUBS ACE,0.3912,0.006,0.6028
DIAMONDS KING CLUBS ACE,0.3338,0.006,0.6602
SPADES ACE CLUBS QUEEN,0.337,0.0038,0.6592
SPADES KING CLUBS QUEEN,0.3476,0.0072,0.6452
CLUBS JACK HEARTS THREE,0.4102,0.0206,0.5692
CLUBS JACK DIAMONDS KING,0.3284,0.0098,0.6618
SPADES QUEEN CLUBS QUEEN,0.158,0.0316,0.8104
CLUBS TEN HEARTS THREE,0.4056,0.029,0.5654
CLUBS TEN DIAMONDS KING,0.3312,0.0074,0.6614
SPADES JACK CLUBS QUEEN,0.341,0.0106,0.6484
CLUBS SIX CLUBS QUEEN,0.352,0.0132,0.6348
SPADES TEN CLUBS QUEEN,0.3438,0.0102,0.646
CLUBS SIX CLUBS KING,0.3598,0.007,0.6332
CLUBS SIX CLUBS ACE,0.3612,0.0042,0.6346
HEARTS FIVE HEARTS KING,0.3604,0.006,0.6336
HEARTS FIVE HEARTS QUEEN,0.3462,0.0126,0.6412
CLUBS TEN CLUBS SIX,0.3572,0.0264,0.6164
HEARTS FIVE HEARTS ACE,0.35,0.0062,0.6438
CLUBS JACK CLUBS SIX,0.3746,0.0192,0.6062
SPADES SEVEN HEARTS JACK,0.25,0.0592,0.6908
SPADES SEVEN HEARTS TEN,0.24,0.0866,0.6734
DIAMONDS TWO CLUBS TWO,0.367,0.1194,0.5136
DIAMONDS TWO CLUBS THREE,0.5696,0.107,0.3234
HEARTS SIX DIAMONDS TWO,0.5742,0.1152,0.3106
DIAMONDS TWO HEARTS QUEEN,0.4004,0.0124,0.5872
DIAMONDS TWO HEARTS KING,0.4306,0.0124,0.557
DIAMONDS TWO HEARTS EIGHT,0.404,0.074,0.522
DIAMONDS TWO HEARTS ACE,0.3986,0.0054,0.596
DIAMONDS TWO HEARTS NINE,0.4086,0.0448,0.5466
DIAMONDS TWO DIAMONDS QUEEN,0.388,0.0118,0.6002
DIAMONDS TWO HEARTS TWO,0.374,0.1212,0.5048
DIAMONDS TWO DIAMONDS KING,0.3968,0.0074,0.5958
HEARTS THREE DIAMONDS TWO,0.5732,0.1088,0.318
DIAMONDS TWO DIAMONDS ACE,0.3728,0.0048,0.6224
HEARTS FOUR DIAMONDS TWO,0.5718,0.2042,0.224
DIAMONDS TWO HEARTS FIVE,0.5548,0.1068,0.3384
SPADES SEVEN HEARTS ACE,0.2502,0.0272,0.7226
DIAMONDS TWO DIAMONDS TEN,0.393,0.0298,0.5772
SPADES SEVEN HEARTS KING,0.252,0.0398,0.7082
DIAMONDS TWO DIAMONDS JACK,0.3834,0.0204,0.5962
SPADES SEVEN HEARTS QUEEN,0.2606,0.047,0.6924
DIAMONDS TWO SPADES NINE,0.411,0.0464,0.5426
DIAMONDS TWO SPADES EIGHT,0.4216,0.0654,0.513
DIAMONDS TWO SPADES SEVEN,0.2984,0.492,0.2096
DIAMONDS TWO SPADES SIX,0.5626,0.1054,0.332
DIAMONDS TWO SPADES FIVE,0.54,0.11,0.35
DIAMONDS TWO SPADES FOUR,0.5708,0.1932,0.236
DIAMONDS TWO SPADES THREE,0.5574,0.11,0.3326
DIAMONDS TWO SPADES TWO,0.3666,0.116,0.5174
DIAMONDS TWO CLUBS NINE,0.4166,0.042,0.5414
CLUBS EIGHT DIAMONDS TWO,0.4044,0.0724,0.5232
DIAMONDS TWO CLUBS SEVEN,0.2832,0.4916,0.2252
DIAMONDS TWO CLUBS SIX,0.5718,0.0986,0.3296
DIAMONDS TWO CLUBS FIVE,0.5344,0.1054,0.3602
SPADES ACE DIAMONDS SIX,0.3774,0.0026,0.62
SPADES QUEEN DIAMONDS SIX,0.359,0.0092,0.6318
SPADES KING DIAMONDS SIX,0.368,0.0076,0.6244
SPADES TEN DIAMONDS SIX,0.3672,0.0288,0.604
SPADES JACK DIAMONDS SIX,0.3802,0.0172,0.6026
SPADES QUEEN SPADES TWO,0.3848,0.0112,0.604
SPADES KING SPADES TWO,0.3942,0.009,0.5968
SPADES ACE SPADES TWO,0.381,0.0046,0.6144
CLUBS JACK DIAMONDS JACK,0.1588,0.0442,0.797
CLUBS TEN DIAMONDS JACK,0.3332,0.0136,0.6532
DIAMONDS JACK CLUBS KING,0.3498,0.0052,0.645
DIAMONDS JACK CLUBS QUEEN,0.3374,0.0098,0.6528
DIAMONDS THREE DIAMONDS JACK,0.383,0.0186,0.5984
DIAMONDS THREE DIAMONDS TEN,0.3762,0.0282,0.5956
DIAMONDS JACK CLUBS ACE,0.3404,0.0062,0.6534
DIAMONDS THREE DIAMONDS KING,0.3932,0.0104,0.5964
HEARTS THREE DIAMONDS THREE,0.351,0.1198,0.5292
DIAMONDS THREE DIAMONDS QUEEN,0.4046,0.0138,0.5816
DIAMONDS THREE HEARTS TWO,0.5642,0.1062,0.3296
HEARTS FIVE DIAMONDS THREE,0.5486,0.1016,0.3498
DIAMONDS THREE DIAMONDS ACE,0.3706,0.005,0.6244
HEARTS FOUR DIAMONDS THREE,0.5374,0.2062,0.2564
SPADES TEN SPADES NINE,0.303,0.0226,0.6744
HEARTS SIX DIAMONDS THREE,0.55,0.1036,0.3464
SPADES JACK SPADES NINE,0.31,0.0192,0.6708
DIAMONDS THREE HEARTS NINE,0.389,0.0456,0.5654
HEARTS JACK DIAMONDS FOUR,0.2712,0.0572,0.6716
HEARTS ACE HEARTS KING,0.3318,0.0044,0.6638
SPADES TEN SPADES TWO,0.3944,0.0248,0.5808
DIAMONDS THREE HEARTS EIGHT,0.3852,0.0734,0.5414
HEARTS TEN DIAMONDS FOUR,0.2518,0.0684,0.6798
SPADES JACK SPADES TWO,0.377,0.0172,0.6058
HEARTS QUEEN DIAMONDS FOUR,0.2634,0.046,0.6906
HEARTS KING DIAMONDS FOUR,0.2652,0.0284,0.7064
SPADES ACE SPADES NINE,0.3268,0.0038,0.6694
HEARTS ACE DIAMONDS FOUR,0.261,0.0186,0.7204
SPADES KING SPADES NINE,0.328,0.0072,0.6648
SPADES QUEEN SPADES NINE,0.3134,0.0128,0.6738
DIAMONDS THREE SPADES NINE,0.3924,0.042,0.5656
DIAMONDS THREE SPADES EIGHT,0.408,0.067,0.525
DIAMONDS THREE SPADES SEVEN,0.2844,0.4988,0.2168
DIAMONDS THREE SPADES SIX,0.5522,0.1084,0.3394
DIAMONDS THREE CLUBS SIX,0.544,0.105,0.351
CLUBS SIX CLUBS FIVE,0.4568,0.096,0.4472
CLUBS ACE DIAMONDS FOUR,0.2606,0.0176,0.7218
DIAMONDS THREE CLUBS SEVEN,0.2736,0.5148,0.2116
CLUBS SEVEN CLUBS FIVE,0.2062,0.4352,0.3586
DIAMONDS FOUR CLUBS QUEEN,0.2708,0.0404,0.6888
DIAMONDS THREE CLUBS FIVE,0.5358,0.0982,0.366
DIAMONDS FOUR CLUBS KING,0.2566,0.0248,0.7186
DIAMONDS THREE CLUBS TWO,0.5718,0.1106,0.3176
CLUBS TEN DIAMONDS FOUR,0.2586,0.0848,0.6566
DIAMONDS THREE CLUBS THREE,0.3496,0.1238,0.5266
CLUBS JACK DIAMONDS FOUR,0.2724,0.058,0.6696
DIAMONDS THREE SPADES FOUR,0.5344,0.198,0.2676
DIAMONDS THREE SPADES FIVE,0.539,0.1048,0.3562
DIAMONDS THREE SPADES TWO,0.5734,0.1024,0.3242
DIAMONDS THREE SPADES THREE,0.3666,0.1192,0.5142
CLUBS EIGHT DIAMONDS THREE,0.4014,0.0708,0.5278
CLUBS NINE DIAMONDS THREE,0.4082,0.0458,0.546
SPADES SEVEN CLUBS ACE,0.2462,0.0314,0.7224
SPADES SEVEN CLUBS QUEEN,0.2468,0.0512,0.702
SPADES SEVEN CLUBS KING,0.2526,0.037,0.7104
SPADES SEVEN CLUBS FIVE,0.2158,0.4532,0.331
CLUBS TEN SPADES SEVEN,0.2502,0.0894,0.6604
CLUBS FIVE SPADES SIX,0.5018,0.1,0.3982
CLUBS JACK SPADES SEVEN,0.2538,0.0612,0.685
SPADES NINE CLUBS FIVE,0.355,0.0378,0.6072
SPADES EIGHT CLUBS FIVE,0.3476,0.0668,0.5856
CLUBS FIVE SPADES THREE,0.5312,0.108,0.3608
CLUBS FIVE SPADES TWO,0.5432,0.1042,0.3526
CLUBS FIVE SPADES FIVE,0.2498,0.1138,0.6364
CLUBS FIVE SPADES FOUR,0.5346,0.2016,0.2638
CLUBS NINE CLUBS FIVE,0.355,0.0406,0.6044
CLUBS EIGHT CLUBS FIVE,0.3206,0.0652,0.6142
CLUBS ACE CLUBS QUEEN,0.3342,0.0048,0.661
CLUBS KING CLUBS QUEEN,0.3188,0.0084,0.6728
DIAMONDS TEN DIAMONDS FOUR,0.245,0.063,0.692
CLUBS TEN DIAMONDS NINE,0.324,0.024,0.652
DIAMONDS JACK DIAMONDS FOUR,0.254,0.0514,0.6946
CLUBS JACK DIAMONDS NINE,0.3398,0.0162,0.644
CLUBS JACK SPADES NINE,0.3446,0.0146,0.6408
CLUBS TEN SPADES NINE,0.331,0.025,0.644
DIAMONDS ACE DIAMONDS FOUR,0.2466,0.0176,0.7358
HEARTS FOUR DIAMONDS FOUR,0.2816,0.0912,0.6272
DIAMONDS JACK HEARTS TEN,0.3334,0.0134,0.6532
SPADES NINE CLUBS KING,0.3446,0.0078,0.6476
DIAMONDS TWO SPADES TEN,0.4246,0.0282,0.5472
DIAMONDS NINE CLUBS ACE,0.3484,0.0046,0.647
HEARTS FIVE DIAMONDS FOUR,0.5388,0.1984,0.2628
DIAMONDS JACK HEARTS JACK,0.1622,0.0478,0.79
SPADES NINE CLUBS QUEEN,0.3516,0.0138,0.6346
DIAMONDS TWO SPADES JACK,0.4168,0.0184,0.5648
DIAMONDS QUEEN DIAMONDS FOUR,0.2406,0.0404,0.719
HEARTS TWO DIAMONDS FOUR,0.5676,0.202,0.2304
DIAMONDS NINE CLUBS QUEEN,0.347,0.0106,0.6424
DIAMONDS KING DIAMONDS FOUR,0.239,0.0286,0.7324
HEARTS THREE DIAMONDS FOUR,0.5634,0.1914,0.2452
SPADES NINE CLUBS ACE,0.3482,0.0062,0.6456
DIAMONDS NINE CLUBS KING,0.3474,0.0072,0.6454
HEARTS ACE DIAMONDS JACK,0.331,0.0054,0.6636
SPADES ACE DIAMONDS TWO,0.401,0.0064,0.5926
HEARTS QUEEN DIAMONDS JACK,0.3338,0.0094,0.6568
SPADES QUEEN DIAMONDS TWO,0.416,0.0134,0.5706
DIAMONDS JACK HEARTS KING,0.3524,0.0064,0.6412
SPADES KING DIAMONDS TWO,0.413,0.008,0.579
SPADES JACK SPADES SEVEN,0.2468,0.0524,0.7008
SPADES TEN SPADES SEVEN,0.2386,0.0756,0.6858
CLUBS SEVEN CLUBS THREE,0.2624,0.4926,0.245
CLUBS SIX CLUBS THREE,0.5212,0.1022,0.3766
CLUBS THREE CLUBS FIVE,0.5058,0.1006,0.3936
CLUBS NINE CLUBS THREE,0.3778,0.0386,0.5836
CLUBS EIGHT CLUBS THREE,0.3692,0.0696,0.5612
CLUBS THREE SPADES FIVE,0.519,0.114,0.367
CLUBS THREE SPADES FOUR,0.5466,0.2072,0.2462
CLUBS THREE SPADES THREE,0.36,0.118,0.522
CLUBS THREE SPADES TWO,0.5736,0.11,0.3164
CLUBS THREE SPADES SIX,0.556,0.0962,0.3478
CLUBS THREE SPADES SEVEN,0.2774,0.5118,0.2108
SPADES EIGHT CLUBS THREE,0.4126,0.0658,0.5216
SPADES NINE CLUBS THREE,0.4004,0.0488,0.5508
SPADES TWO DIAMONDS FOUR,0.5706,0.1944,0.235
SPADES THREE DIAMONDS FOUR,0.5462,0.2044,0.2494
SPADES FOUR DIAMONDS FOUR,0.2812,0.091,0.6278
SPADES FIVE DIAMONDS FOUR,0.5422,0.1954,0.2624
SPADES SIX DIAMONDS FOUR,0.5626,0.1856,0.2518
SPADES SEVEN DIAMONDS FOUR,0.0158,0.9626,0.0216
SPADES EIGHT DIAMONDS FOUR,0.2378,0.1516,0.6106
SPADES NINE DIAMONDS FOUR,0.2646,0.0986,0.6368
CLUBS FIVE DIAMONDS FOUR,0.5288,0.198,0.2732
CLUBS SEVEN DIAMONDS FOUR,0.0104,0.9722,0.0174
CLUBS SIX DIAMONDS FOUR,0.5666,0.2016,0.2318
CLUBS NINE DIAMONDS FOUR,0.2732,0.1008,0.626
CLUBS EIGHT DIAMONDS FOUR,0.2536,0.1428,0.6036
HEARTS SIX DIAMONDS FOUR,0.566,0.1928,0.2412
DIAMONDS FOUR HEARTS NINE,0.251,0.103,0.646
DIAMONDS FOUR HEARTS EIGHT,0.2526,0.1324,0.615
CLUBS THREE DIAMONDS FOUR,0.5536,0.1968,0.2496
CLUBS TWO DIAMONDS FOUR,0.5716,0.2028,0.2256
DIAMONDS TEN DIAMONDS FIVE,0.3474,0.0298,0.6228
DIAMONDS JACK DIAMONDS FIVE,0.3398,0.0192,0.641
DIAMONDS NINE HEARTS QUEEN,0.3356,0.0102,0.6542
DIAMONDS NINE HEARTS KING,0.3418,0.0084,0.6498
HEARTS ACE DIAMONDS NINE,0.3462,0.0044,0.6494
DIAMONDS NINE HEARTS TEN,0.3164,0.026,0.6576
DIAMONDS NINE HEARTS JACK,0.3348,0.0172,0.648
CLUBS KING DIAMONDS SIX,0.3748,0.0066,0.6186
CLUBS QUEEN DIAMONDS SIX,0.365,0.012,0.623
CLUBS ACE DIAMONDS SIX,0.362,0.0036,0.6344
SPADES KING DIAMONDS FOUR,0.2656,0.0312,0.7032
SPADES ACE SPADES SEVEN,0.2398,0.0308,0.7294
SPADES QUEEN DIAMONDS FOUR,0.2658,0.0468,0.6874
SPADES QUEEN SPADES SEVEN,0.233,0.047,0.72
CLUBS JACK DIAMONDS SIX,0.3812,0.02,0.5988
SPADES KING SPADES SEVEN,0.2378,0.0414,0.7208
SPADES ACE DIAMONDS FOUR,0.2672,0.0182,0.7146
CLUBS TEN DIAMONDS SIX,0.3598,0.0298,0.6104
SPADES JACK DIAMONDS FOUR,0.2672,0.0572,0.6756
SPADES TEN DIAMONDS FOUR,0.259,0.0794,0.6616
CLUBS SEVEN SPADES EIGHT,0.233,0.1436,0.6234
SPADES NINE CLUBS SEVEN,0.2362,0.1128,0.651
CLUBS SEVEN SPADES SIX,0.2152,0.3844,0.4004
CLUBS SEVEN SPADES SEVEN,0.094,0.1028,0.8032
CLUBS SEVEN SPADES FIVE,0.2114,0.4554,0.3332
CLUBS SEVEN SPADES FOUR,0.013,0.9678,0.0192
CLUBS SEVEN SPADES THREE,0.265,0.5098,0.2252
CLUBS SEVEN SPADES TWO,0.2818,0.505,0.2132
CLUBS NINE CLUBS SEVEN,0.2234,0.1064,0.6702
CLUBS EIGHT CLUBS SEVEN,0.2304,0.1366,0.633
HEARTS SIX DIAMONDS FIVE,0.4986,0.1014,0.4
DIAMONDS FIVE HEARTS EIGHT,0.3372,0.0698,0.593
DIAMONDS FIVE HEARTS NINE,0.3574,0.0488,0.5938
DIAMONDS QUEEN DIAMONDS FIVE,0.3582,0.0104,0.6314
HEARTS TWO DIAMONDS FIVE,0.5424,0.1072,0.3504
HEARTS KING HEARTS EIGHT,0.335,0.0098,0.6552
DIAMONDS KING DIAMONDS FIVE,0.3442,0.0084,0.6474
HEARTS THREE DIAMONDS FIVE,0.5324,0.1124,0.3552
HEARTS QUEEN HEARTS EIGHT,0.3288,0.012,0.6592
DIAMONDS ACE DIAMONDS FIVE,0.3404,0.0054,0.6542
HEARTS FOUR DIAMONDS FIVE,0.5302,0.1984,0.2714
HEARTS FIVE DIAMONDS FIVE,0.2514,0.1206,0.628
HEARTS ACE HEARTS EIGHT,0.3128,0.0058,0.6814
CLUBS FIVE DIAMONDS FIVE,0.2516,0.1044,0.644
CLUBS SIX DIAMONDS FIVE,0.489,0.1048,0.4062
CLUBS SEVEN DIAMONDS FIVE,0.213,0.4522,0.3348
CLUBS TWO DIAMONDS FIVE,0.5468,0.1076,0.3456
CLUBS THREE DIAMONDS FIVE,0.5406,0.0976,0.3618
SPADES THREE DIAMONDS FIVE,0.5472,0.1062,0.3466
SPADES TWO DIAMONDS FIVE,0.551,0.101,0.348
SPADES JACK DIAMONDS EIGHT,0.3322,0.0188,0.649
SPADES FIVE DIAMONDS FIVE,0.2532,0.1094,0.6374
CLUBS TEN HEARTS JACK,0.3152,0.0152,0.6696
SPADES TEN DIAMONDS EIGHT,0.3252,0.027,0.6478
SPADES FOUR DIAMONDS FIVE,0.5434,0.197,0.2596
CLUBS JACK HEARTS JACK,0.1502,0.0474,0.8024
HEARTS JACK CLUBS QUEEN,0.3318,0.0126,0.6556
CLUBS NINE DIAMONDS FIVE,0.3512,0.0436,0.6052
CLUBS EIGHT DIAMONDS FIVE,0.3428,0.0678,0.5894
HEARTS JACK CLUBS KING,0.3428,0.0064,0.6508
CLUBS ACE HEARTS JACK,0.3464,0.004,0.6496
SPADES SEVEN DIAMONDS FIVE,0.2182,0.4578,0.324
SPADES KING DIAMONDS EIGHT,0.3624,0.0068,0.6308
SPADES QUEEN DIAMONDS EIGHT,0.3496,0.0088,0.6416
SPADES SIX DIAMONDS FIVE,0.4938,0.1024,0.4038
SPADES NINE DIAMONDS FIVE,0.3682,0.0516,0.5802
SPADES EIGHT DIAMONDS FIVE,0.3374,0.0736,0.589
SPADES ACE DIAMONDS EIGHT,0.3404,0.0028,0.6568
DIAMONDS TEN DIAMONDS SIX,0.3422,0.0254,0.6324
HEARTS ACE DIAMONDS SEVEN,0.2394,0.0274,0.7332
DIAMONDS JACK DIAMONDS SIX,0.3536,0.0182,0.6282
HEARTS QUEEN DIAMONDS SEVEN,0.2632,0.051,0.6858
HEARTS KING DIAMONDS SEVEN,0.2464,0.0424,0.7112
DIAMONDS ACE DIAMONDS SIX,0.348,0.0042,0.6478
HEARTS FOUR DIAMONDS SIX,0.5702,0.2008,0.229
SPADES TWO HEARTS JACK,0.407,0.0234,0.5696
HEARTS FIVE DIAMONDS SIX,0.49,0.0994,0.4106
SPADES TWO HEARTS TEN,0.4058,0.0276,0.5666
DIAMONDS QUEEN DIAMONDS SIX,0.358,0.0124,0.6296
HEARTS TWO DIAMONDS SIX,0.5504,0.1076,0.342
DIAMONDS KING DIAMONDS SIX,0.3554,0.005,0.6396
HEARTS THREE DIAMONDS SIX,0.553,0.1016,0.3454
HEARTS EIGHT DIAMONDS SIX,0.343,0.0626,0.5944
HEARTS NINE DIAMONDS SIX,0.3524,0.045,0.6026
HEARTS SIX DIAMONDS SIX,0.2504,0.1098,0.6398
HEARTS TEN DIAMONDS SEVEN,0.257,0.0822,0.6608
CLUBS TWO DIAMONDS SIX,0.563,0.1028,0.3342
HEARTS JACK DIAMONDS SEVEN,0.251,0.0632,0.6858
CLUBS THREE DIAMONDS SIX,0.5506,0.104,0.3454
CLUBS SEVEN DIAMONDS SIX,0.21,0.376,0.414
CLUBS JACK DIAMONDS EIGHT,0.3386,0.0172,0.6442
CLUBS SIX DIAMONDS SIX,0.2382,0.1088,0.653
CLUBS TEN DIAMONDS EIGHT,0.3278,0.0276,0.6446
CLUBS FIVE DIAMONDS SIX,0.5018,0.0978,0.4004
HEARTS ACE HEARTS JACK,0.3292,0.0046,0.6662
DIAMONDS EIGHT CLUBS ACE,0.347,0.003,0.65
HEARTS QUEEN HEARTS JACK,0.3288,0.0098,0.6614
DIAMONDS EIGHT CLUBS KING,0.3468,0.0066,0.6466
CLUBS NINE DIAMONDS SIX,0.3376,0.0458,0.6166
HEARTS KING HEARTS JACK,0.3252,0.0044,0.6704
CLUBS EIGHT DIAMONDS SIX,0.3422,0.058,0.5998
DIAMONDS EIGHT CLUBS QUEEN,0.344,0.0116,0.6444
SPADES TEN HEARTS KING,0.3538,0.0058,0.6404
SPADES FIVE DIAMONDS SIX,0.5014,0.0986,0.4
HEARTS ACE SPADES TWO,0.3988,0.0052,0.596
SPADES JACK HEARTS KING,0.3404,0.0072,0.6524
SPADES FOUR DIAMONDS SIX,0.5476,0.1988,0.2536
SPADES THREE DIAMONDS SIX,0.5578,0.103,0.3392
HEARTS QUEEN SPADES TWO,0.4112,0.0138,0.575
SPADES ACE SPADES KING,0.3208,0.0056,0.6736
HEARTS KING SPADES TWO,0.4146,0.0082,0.5772
SPADES TWO DIAMONDS SIX,0.5672,0.1008,0.332
HEARTS TEN HEARTS EIGHT,0.3166,0.026,0.6574
SPADES NINE DIAMONDS SIX,0.355,0.0418,0.6032
HEARTS JACK HEARTS EIGHT,0.3158,0.0166,0.6676
SPADES EIGHT DIAMONDS SIX,0.3458,0.0692,0.585
SPADES SEVEN DIAMONDS SIX,0.22,0.3732,0.4068
SPADES SIX DIAMONDS SIX,0.2462,0.101,0.6528
SPADES KING HEARTS KING,0.1524,0.0152,0.8324
SPADES QUEEN HEARTS KING,0.3374,0.0078,0.6548
CLUBS ACE CLUBS KING,0.3236,0.0036,0.6728
SPADES ACE HEARTS KING,0.3334,0.0028,0.6638
SPADES ACE HEARTS JACK,0.36,0.0034,0.6366
SPADES QUEEN HEARTS JACK,0.34,0.0098,0.6502
SPADES KING HEARTS JACK,0.337,0.0068,0.6562
SPADES TEN DIAMONDS TEN,0.169,0.0544,0.7766
SPADES JACK DIAMONDS TEN,0.3384,0.0114,0.6502
SPADES ACE DIAMONDS TEN,0.3506,0.0042,0.6452
SPADES JACK HEARTS JACK,0.151,0.049,0.8
SPADES TEN HEARTS JACK,0.3354,0.014,0.6506
SPADES QUEEN DIAMONDS TEN,0.3494,0.0072,0.6434
SPADES KING DIAMONDS TEN,0.3448,0.005,0.6502
SPADES NINE DIAMONDS SEVEN,0.2486,0.097,0.6544
SPADES EIGHT DIAMONDS SEVEN,0.2322,0.1386,0.6292
SPADES SEVEN DIAMONDS SEVEN,0.1062,0.0984,0.7954
SPADES SIX DIAMONDS SEVEN,0.226,0.3726,0.4014
DIAMONDS KING DIAMONDS SEVEN,0.2406,0.0416,0.7178
HEARTS THREE DIAMONDS SEVEN,0.2798,0.5152,0.205
HEARTS KING DIAMONDS FIVE,0.3636,0.0072,0.6292
DIAMONDS QUEEN DIAMONDS SEVEN,0.2462,0.047,0.7068
HEARTS TWO DIAMONDS SEVEN,0.3002,0.492,0.2078
HEARTS QUEEN DIAMONDS FIVE,0.3674,0.0128,0.6198
HEARTS FIVE DIAMONDS SEVEN,0.2148,0.461,0.3242
DIAMONDS ACE DIAMONDS SEVEN,0.2396,0.0294,0.731
HEARTS FOUR DIAMONDS SEVEN,0.0136,0.9766,0.0098
HEARTS ACE DIAMONDS FIVE,0.3568,0.0038,0.6394
HEARTS SIX DIAMONDS SEVEN,0.2194,0.3892,0.3914
DIAMONDS SEVEN HEARTS NINE,0.2262,0.1016,0.6722
HEARTS EIGHT DIAMONDS SEVEN,0.229,0.1478,0.6232
DIAMONDS JACK DIAMONDS SEVEN,0.2518,0.0562,0.692
DIAMONDS FIVE HEARTS JACK,0.3708,0.0194,0.6098
DIAMONDS TEN DIAMONDS SEVEN,0.2318,0.0794,0.6888
HEARTS TEN DIAMONDS FIVE,0.372,0.0256,0.6024
CLUBS EIGHT DIAMONDS SEVEN,0.242,0.1436,0.6144
SPADES KING CLUBS TWO,0.4238,0.0074,0.5688
HEARTS KING CLUBS KING,0.1502,0.017,0.8328
SPADES QUEEN CLUBS TWO,0.4212,0.0112,0.5676
HEARTS KING CLUBS QUEEN,0.3374,0.0064,0.6562
CLUBS NINE DIAMONDS SEVEN,0.23,0.1008,0.6692
CLUBS JACK SPADES TWO,0.4146,0.0194,0.566
CLUBS SIX CLUBS SEVEN,0.2106,0.3576,0.4318
SPADES ACE CLUBS TWO,0.396,0.0058,0.5982
CLUBS TEN SPADES TWO,0.408,0.0314,0.5606
HEARTS KING CLUBS ACE,0.3404,0.0048,0.6548
SPADES TWO CLUBS KING,0.4154,0.0114,0.5732
SPADES TWO DIAMONDS SEVEN,0.2994,0.4912,0.2094
CLUBS EIGHT CLUBS SIX,0.3356,0.0634,0.601
SPADES THREE DIAMONDS SEVEN,0.2676,0.5148,0.2176
SPADES TWO CLUBS QUEEN,0.4122,0.0128,0.575
CLUBS NINE CLUBS SIX,0.3316,0.0428,0.6256
SPADES FOUR DIAMONDS SEVEN,0.0226,0.9566,0.0208
CLUBS JACK HEARTS KING,0.3366,0.0076,0.6558
SPADES FIVE DIAMONDS SEVEN,0.2128,0.4614,0.3258
SPADES TWO CLUBS ACE,0.4064,0.0052,0.5884
CLUBS TEN HEARTS KING,0.3382,0.0074,0.6544
CLUBS SIX SPADES TWO,0.5608,0.1106,0.3286
CLUBS SIX SPADES THREE,0.5498,0.1032,0.347
CLUBS TWO DIAMONDS SEVEN,0.2976,0.4956,0.2068
CLUBS SIX SPADES FOUR,0.5552,0.189,0.2558
CLUBS THREE DIAMONDS SEVEN,0.2752,0.5114,0.2134
CLUBS SIX SPADES FIVE,0.499,0.0998,0.4012
CLUBS SIX SPADES SIX,0.2486,0.1066,0.6448
CLUBS FIVE DIAMONDS SEVEN,0.2196,0.4498,0.3306
CLUBS SIX SPADES SEVEN,0.2156,0.3752,0.4092
CLUBS SIX DIAMONDS SEVEN,0.2286,0.3634,0.408
CLUBS SIX SPADES EIGHT,0.3512,0.0646,0.5842
SPADES JACK CLUBS TWO,0.4056,0.0186,0.5758
CLUBS SEVEN DIAMONDS SEVEN,0.095,0.1028,0.8022
CLUBS SIX SPADES NINE,0.345,0.0456,0.6094
SPADES TEN CLUBS TWO,0.4228,0.0284,0.5488
CLUBS TWO CLUBS QUEEN,0.3876,0.0146,0.5978
CLUBS TWO CLUBS KING,0.4006,0.0072,0.5922
CLUBS THREE DIAMONDS EIGHT,0.4084,0.0706,0.521
CLUBS TWO CLUBS ACE,0.3684,0.0062,0.6254
CLUBS TWO DIAMONDS EIGHT,0.4166,0.073,0.5104
HEARTS SIX DIAMONDS EIGHT,0.3404,0.0658,0.5938
DIAMONDS EIGHT HEARTS NINE,0.3076,0.0424,0.65
CLUBS TEN CLUBS TWO,0.4042,0.0244,0.5714
DIAMONDS EIGHT HEARTS EIGHT,0.146,0.0786,0.7754
CLUBS JACK CLUBS TWO,0.3976,0.02,0.5824
CLUBS NINE DIAMONDS EIGHT,0.332,0.0356,0.6324
CLUBS EIGHT DIAMONDS EIGHT,0.1414,0.0824,0.7762
CLUBS FIVE DIAMONDS EIGHT,0.3508,0.0662,0.583
SPADES ACE SPADES THREE,0.365,0.0034,0.6316
CLUBS SEVEN DIAMONDS EIGHT,0.232,0.1408,0.6272
SPADES QUEEN SPADES THREE,0.3968,0.0136,0.5896
CLUBS SIX DIAMONDS EIGHT,0.336,0.068,0.596
SPADES KING SPADES THREE,0.3876,0.0092,0.6032
DIAMONDS QUEEN DIAMONDS EIGHT,0.3268,0.0148,0.6584
HEARTS TWO DIAMONDS EIGHT,0.419,0.058,0.523
DIAMONDS KING DIAMONDS EIGHT,0.3354,0.0078,0.6568
HEARTS THREE DIAMONDS EIGHT,0.3952,0.0712,0.5336
DIAMONDS ACE DIAMONDS EIGHT,0.326,0.0026,0.6714
HEARTS FOUR DIAMONDS EIGHT,0.2426,0.146,0.6114
HEARTS FIVE DIAMONDS EIGHT,0.3512,0.0676,0.5812
DIAMONDS EIGHT DIAMONDS TEN,0.3198,0.0266,0.6536
DIAMONDS EIGHT DIAMONDS JACK,0.312,0.0214,0.6666
SPADES JACK SPADES THREE,0.3778,0.0224,0.5998
SPADES TEN SPADES THREE,0.3832,0.0326,0.5842
CLUBS SIX HEARTS TEN,0.3544,0.0284,0.6172
CLUBS SIX HEARTS JACK,0.3718,0.0196,0.6086
DIAMONDS EIGHT SPADES FOUR,0.2492,0.1416,0.6092
SPADES FIVE DIAMONDS EIGHT,0.3466,0.068,0.5854
DIAMONDS EIGHT SPADES TWO,0.407,0.0638,0.5292
DIAMONDS EIGHT SPADES THREE,0.405,0.0636,0.5314
SPADES EIGHT DIAMONDS EIGHT,0.1472,0.0804,0.7724
SPADES TEN DIAMONDS QUEEN,0.3448,0.0096,0.6456
SPADES TEN HEARTS TWO,0.4106,0.0272,0.5622
SPADES JACK HEARTS EIGHT,0.3208,0.0172,0.662
SPADES NINE DIAMONDS EIGHT,0.3244,0.0374,0.6382
SPADES TEN HEARTS EIGHT,0.3262,0.0266,0.6472
SPADES JACK HEARTS TWO,0.4212,0.0208,0.558
SPADES JACK DIAMONDS QUEEN,0.3464,0.0094,0.6442
SPADES SIX DIAMONDS EIGHT,0.3336,0.071,0.5954
SPADES SEVEN DIAMONDS EIGHT,0.2282,0.1416,0.6302
SPADES ACE HEARTS TWO,0.425,0.0044,0.5706
SPADES ACE DIAMONDS QUEEN,0.3502,0.005,0.6448
SPADES ACE HEARTS EIGHT,0.3302,0.004,0.6658
SPADES KING HEARTS EIGHT,0.352,0.01,0.638
SPADES QUEEN HEARTS TWO,0.4294,0.012,0.5586
SPADES QUEEN DIAMONDS QUEEN,0.1564,0.0278,0.8158
SPADES KING DIAMONDS QUEEN,0.3648,0.005,0.6302
SPADES KING HEARTS TWO,0.4268,0.0066,0.5666
SPADES QUEEN HEARTS EIGHT,0.34,0.0126,0.6474
CLUBS TWO HEARTS TEN,0.4108,0.031,0.5582
CLUBS TWO HEARTS JACK,0.4106,0.0234,0.566
SPADES SEVEN DIAMONDS NINE,0.245,0.1032,0.6518
SPADES SIX DIAMONDS NINE,0.3642,0.0378,0.598
SPADES NINE DIAMONDS NINE,0.1688,0.0642,0.767
SPADES EIGHT DIAMONDS NINE,0.3218,0.0396,0.6386
SPADES TEN CLUBS KING,0.3484,0.007,0.6446
DIAMONDS NINE SPADES THREE,0.406,0.0434,0.5506
SPADES JACK CLUBS KING,0.3514,0.006,0.6426
DIAMONDS NINE SPADES TWO,0.4154,0.043,0.5416
DIAMONDS NINE SPADES FIVE,0.3558,0.042,0.6022
DIAMONDS NINE SPADES FOUR,0.27,0.1006,0.6294
CLUBS NINE DIAMONDS NINE,0.157,0.0744,0.7686
CLUBS EIGHT DIAMONDS NINE,0.3328,0.0402,0.627
CLUBS SIX DIAMONDS NINE,0.3522,0.042,0.6058
CLUBS SEVEN DIAMONDS NINE,0.2232,0.1132,0.6636
CLUBS FIVE DIAMONDS NINE,0.3602,0.0472,0.5926
DIAMONDS NINE CLUBS TWO,0.4106,0.0428,0.5466
CLUBS THREE DIAMONDS NINE,0.419,0.0378,0.5432
DIAMONDS NINE HEARTS EIGHT,0.3208,0.0336,0.6456
DIAMONDS NINE HEARTS NINE,0.159,0.076,0.765
HEARTS SIX DIAMONDS NINE,0.361,0.0472,0.5918
CLUBS EIGHT CLUBS NINE,0.2956,0.0358,0.6686
DIAMONDS ACE DIAMONDS NINE,0.3356,0.0042,0.6602
HEARTS FOUR DIAMONDS NINE,0.269,0.0966,0.6344
HEARTS FIVE DIAMONDS NINE,0.3666,0.0412,0.5922
HEARTS ACE CLUBS TWO,0.4088,0.0054,0.5858
DIAMONDS QUEEN DIAMONDS NINE,0.337,0.0098,0.6532
HEARTS TWO DIAMONDS NINE,0.4256,0.0458,0.5286
CLUBS TWO HEARTS KING,0.4172,0.01,0.5728
DIAMONDS KING DIAMONDS NINE,0.3224,0.0062,0.6714
HEARTS THREE DIAMONDS NINE,0.4074,0.0456,0.547
CLUBS TWO HEARTS QUEEN,0.4114,0.0128,0.5758
DIAMONDS NINE DIAMONDS JACK,0.3258,0.013,0.6612
CLUBS EIGHT SPADES NINE,0.3184,0.0378,0.6438
DIAMONDS NINE DIAMONDS TEN,0.3004,0.0228,0.6768
CLUBS EIGHT SPADES EIGHT,0.1356,0.0838,0.7806
CLUBS EIGHT SPADES SEVEN,0.2222,0.1456,0.6322
CLUBS EIGHT SPADES SIX,0.3388,0.0666,0.5946
CLUBS EIGHT SPADES FIVE,0.3476,0.0658,0.5866
CLUBS EIGHT SPADES FOUR,0.2498,0.1396,0.6106
CLUBS EIGHT SPADES THREE,0.4078,0.07,0.5222
CLUBS EIGHT SPADES TWO,0.405,0.0692,0.5258
HEARTS SIX DIAMONDS TEN,0.3602,0.0268,0.613
DIAMONDS TEN HEARTS EIGHT,0.3254,0.0268,0.6478
DIAMONDS TEN HEARTS NINE,0.3258,0.0242,0.65
CLUBS TWO DIAMONDS TEN,0.422,0.0282,0.5498
CLUBS THREE DIAMONDS TEN,0.4202,0.0272,0.5526
DIAMONDS JACK DIAMONDS TEN,0.3172,0.0144,0.6684
DIAMONDS QUEEN DIAMONDS TEN,0.3168,0.012,0.6712
HEARTS TWO DIAMONDS TEN,0.411,0.0302,0.5588
DIAMONDS KING DIAMONDS TEN,0.3222,0.008,0.6698
HEARTS THREE DIAMONDS TEN,0.4156,0.0308,0.5536
DIAMONDS ACE DIAMONDS TEN,0.3256,0.0066,0.6678
HEARTS FOUR DIAMONDS TEN,0.2634,0.0774,0.6592
CLUBS EIGHT HEARTS JACK,0.3306,0.0188,0.6506
HEARTS FIVE DIAMONDS TEN,0.3982,0.0262,0.5756
CLUBS EIGHT HEARTS TEN,0.3214,0.0256,0.653
CLUBS EIGHT HEARTS QUEEN,0.3434,0.013,0.6436
CLUBS EIGHT HEARTS KING,0.3404,0.0096,0.65
CLUBS EIGHT HEARTS ACE,0.3326,0.0056,0.6618
CLUBS NINE SPADES THREE,0.4004,0.0418,0.5578
CLUBS NINE SPADES TWO,0.413,0.044,0.543
CLUBS NINE SPADES FIVE,0.3638,0.0444,0.5918
CLUBS NINE SPADES FOUR,0.2574,0.107,0.6356
CLUBS NINE SPADES SEVEN,0.2318,0.1044,0.6638
CLUBS NINE SPADES SIX,0.3522,0.0472,0.6006
CLUBS NINE SPADES NINE,0.1572,0.0678,0.775
CLUBS TEN HEARTS EIGHT,0.3206,0.032,0.6474
CLUBS NINE SPADES EIGHT,0.32,0.0424,0.6376
CLUBS JACK HEARTS EIGHT,0.3268,0.0176,0.6556
HEARTS EIGHT CLUBS QUEEN,0.3346,0.0106,0.6548
CLUBS KING HEARTS EIGHT,0.3518,0.0092,0.639
CLUBS ACE HEARTS EIGHT,0.334,0.0066,0.6594
SPADES KING CLUBS KING,0.1502,0.0174,0.8324
SPADES QUEEN CLUBS KING,0.3534,0.0064,0.6402
SPADES ACE CLUBS KING,0.3496,0.004,0.6464
DIAMONDS ACE HEARTS TEN,0.346,0.0052,0.6488
HEARTS FOUR HEARTS TEN,0.2626,0.0744,0.663
DIAMONDS ACE HEARTS JACK,0.3482,0.0046,0.6472
HEARTS FOUR HEARTS JACK,0.2652,0.0598,0.675
SPADES KING CLUBS FIVE,0.377,0.0064,0.6166
SPADES QUEEN CLUBS FIVE,0.3616,0.013,0.6254
SPADES ACE CLUBS FIVE,0.3552,0.0038,0.641
HEARTS SIX DIAMONDS JACK,0.3674,0.02,0.6126
DIAMONDS JACK HEARTS NINE,0.326,0.0176,0.6564
DIAMONDS JACK HEARTS EIGHT,0.3388,0.0204,0.6408
DIAMONDS KING DIAMONDS JACK,0.3236,0.0072,0.6692
HEARTS THREE DIAMONDS JACK,0.4066,0.0214,0.572
SPADES ACE SPADES SIX,0.3498,0.003,0.6472
HEARTS ACE SPADES FOUR,0.259,0.0162,0.7248
DIAMONDS QUEEN DIAMONDS JACK,0.3232,0.009,0.6678
HEARTS TWO DIAMONDS JACK,0.4118,0.0244,0.5638
HEARTS FIVE DIAMONDS JACK,0.3722,0.022,0.6058
SPADES QUEEN SPADES SIX,0.3374,0.0122,0.6504
SPADES FOUR HEARTS QUEEN,0.2524,0.039,0.7086
DIAMONDS ACE DIAMONDS JACK,0.3186,0.0042,0.6772
HEARTS FOUR DIAMONDS JACK,0.2612,0.0592,0.6796
SPADES KING SPADES SIX,0.3418,0.0096,0.6486
SPADES FOUR HEARTS KING,0.2618,0.0326,0.7056
SPADES TEN SPADES SIX,0.3434,0.0268,0.6298
SPADES JACK SPADES SIX,0.3532,0.0146,0.6322
SPADES FOUR DIAMONDS JACK,0.2646,0.0588,0.6766
SPADES FIVE DIAMONDS JACK,0.3634,0.0234,0.6132
DIAMONDS JACK SPADES TWO,0.412,0.0214,0.5666
DIAMONDS JACK SPADES THREE,0.4044,0.0188,0.5768
SPADES ACE DIAMONDS THREE,0.398,0.0044,0.5976
CLUBS EIGHT DIAMONDS JACK,0.3386,0.0186,0.6428
SPADES QUEEN DIAMONDS THREE,0.41,0.0142,0.5758
SPADES KING DIAMONDS THREE,0.4168,0.0094,0.5738
CLUBS NINE DIAMONDS JACK,0.3424,0.0156,0.642
CLUBS SIX DIAMONDS JACK,0.3602,0.0232,0.6166
CLUBS SEVEN DIAMONDS JACK,0.2612,0.0574,0.6814
CLUBS FIVE DIAMONDS JACK,0.3674,0.0204,0.6122
CLUBS TWO DIAMONDS JACK,0.4232,0.0166,0.5602
CLUBS THREE DIAMONDS JACK,0.4222,0.0216,0.5562
SPADES TEN CLUBS FIVE,0.384,0.0288,0.5872
HEARTS SIX SPADES JACK,0.377,0.0222,0.6008
HEARTS SIX SPADES TEN,0.3794,0.0332,0.5874
SPADES JACK CLUBS FIVE,0.3592,0.0174,0.6234
SPADES JACK DIAMONDS THREE,0.4082,0.02,0.5718
CLUBS SEVEN CLUBS ACE,0.2428,0.0292,0.728
DIAMONDS THREE SPADES TEN,0.4074,0.024,0.5686
CLUBS SEVEN CLUBS QUEEN,0.2428,0.0426,0.7146
CLUBS SEVEN CLUBS KING,0.2598,0.0386,0.7016
SPADES NINE DIAMONDS JACK,0.3462,0.0194,0.6344
CLUBS TEN CLUBS SEVEN,0.235,0.0774,0.6876
DIAMONDS ACE HEARTS ACE,0.149,0.0048,0.8462
HEARTS FOUR HEARTS ACE,0.2572,0.0148,0.728
SPADES EIGHT DIAMONDS JACK,0.35,0.0186,0.6314
SPADES ACE HEARTS SIX,0.377,0.0048,0.6182
CLUBS JACK CLUBS SEVEN,0.2438,0.0592,0.697
DIAMONDS ACE HEARTS KING,0.3512,0.0046,0.6442
HEARTS FOUR HEARTS KING,0.255,0.0302,0.7148
SPADES SEVEN DIAMONDS JACK,0.258,0.0654,0.6766
SPADES KING HEARTS SIX,0.3818,0.007,0.6112
DIAMONDS ACE HEARTS QUEEN,0.3406,0.0048,0.6546
HEARTS FOUR HEARTS QUEEN,0.263,0.042,0.695
SPADES QUEEN HEARTS SIX,0.3752,0.0134,0.6114
SPADES SIX DIAMONDS JACK,0.372,0.018,0.61
DIAMONDS TEN SPADES TWO,0.4194,0.028,0.5526
SPADES THREE DIAMONDS TEN,0.406,0.0278,0.5662
SPADES FOUR DIAMONDS TEN,0.259,0.0794,0.6616
SPADES FIVE DIAMONDS TEN,0.3752,0.03,0.5948
SPADES SIX DIAMONDS TEN,0.3734,0.0296,0.597
SPADES SEVEN DIAMONDS TEN,0.252,0.0776,0.6704
SPADES EIGHT DIAMONDS TEN,0.345,0.0242,0.6308
SPADES NINE DIAMONDS TEN,0.3378,0.0222,0.64
CLUBS FIVE DIAMONDS TEN,0.358,0.0318,0.6102
CLUBS SIX DIAMONDS TEN,0.353,0.0274,0.6196
CLUBS SEVEN DIAMONDS TEN,0.2292,0.078,0.6928
CLUBS EIGHT DIAMONDS TEN,0.3244,0.0272,0.6484
CLUBS NINE DIAMONDS TEN,0.3318,0.0254,0.6428
CLUBS JACK DIAMONDS THREE,0.407,0.0208,0.5722
CLUBS TEN DIAMONDS THREE,0.4006,0.03,0.5694
DIAMONDS THREE CLUBS KING,0.4034,0.007,0.5896
DIAMONDS THREE CLUBS QUEEN,0.3934,0.0146,0.592
DIAMONDS THREE CLUBS ACE,0.394,0.0064,0.5996
SPADES FOUR HEARTS JACK,0.27,0.0572,0.6728
SPADES FOUR HEARTS TEN,0.2638,0.0778,0.6584
SPADES FIVE SPADES TWO,0.5172,0.0954,0.3874
SPADES FOUR SPADES TWO,0.5326,0.1924,0.275
SPADES THREE SPADES TWO,0.5274,0.104,0.3686
SPADES NINE SPADES TWO,0.3812,0.045,0.5738
SPADES EIGHT SPADES TWO,0.3824,0.0638,0.5538
SPADES SEVEN SPADES TWO,0.2766,0.4636,0.2598
SPADES SIX SPADES TWO,0.5216,0.1002,0.3782
DIAMONDS QUEEN CLUBS THREE,0.4038,0.0116,0.5846
CLUBS THREE HEARTS TWO,0.5888,0.1004,0.3108
DIAMONDS QUEEN CLUBS TWO,0.409,0.016,0.575
HEARTS TWO CLUBS TWO,0.3844,0.1262,0.4894
HEARTS SIX DIAMONDS QUEEN,0.374,0.0126,0.6134
HEARTS SIX HEARTS TWO,0.5344,0.101,0.3646
DIAMONDS QUEEN HEARTS NINE,0.3492,0.0122,0.6386
HEARTS TWO HEARTS NINE,0.4022,0.041,0.5568
DIAMONDS QUEEN HEARTS EIGHT,0.346,0.0106,0.6434
HEARTS TWO HEARTS EIGHT,0.3864,0.0672,0.5464
CLUBS NINE HEARTS TWO,0.4172,0.0512,0.5316
CLUBS NINE DIAMONDS QUEEN,0.3414,0.0124,0.6462
CLUBS EIGHT DIAMONDS QUEEN,0.34,0.0112,0.6488
CLUBS EIGHT HEARTS TWO,0.4084,0.0666,0.525
DIAMONDS QUEEN CLUBS FIVE,0.373,0.014,0.613
HEARTS TWO CLUBS FIVE,0.554,0.1044,0.3416
SPADES EIGHT HEARTS ACE,0.3398,0.0034,0.6568
CLUBS SEVEN DIAMONDS QUEEN,0.246,0.048,0.706
CLUBS SEVEN HEARTS TWO,0.2834,0.509,0.2076
SPADES EIGHT HEARTS QUEEN,0.3494,0.0134,0.6372
CLUBS SIX DIAMONDS QUEEN,0.3696,0.0142,0.6162
CLUBS SIX HEARTS TWO,0.5606,0.1106,0.3288
SPADES EIGHT HEARTS KING,0.3472,0.0066,0.6462
HEARTS TWO SPADES SIX,0.565,0.1072,0.3278
DIAMONDS QUEEN SPADES SIX,0.371,0.0128,0.6162
HEARTS FOUR CLUBS QUEEN,0.2582,0.0466,0.6952
DIAMONDS ACE CLUBS QUEEN,0.3512,0.0038,0.645
DIAMONDS QUEEN SPADES SEVEN,0.2578,0.0462,0.696
HEARTS TWO SPADES SEVEN,0.2986,0.508,0.1934
HEARTS FOUR CLUBS KING,0.259,0.032,0.709
DIAMONDS ACE CLUBS KING,0.3382,0.0038,0.658
DIAMONDS QUEEN SPADES EIGHT,0.3406,0.0096,0.6498
SPADES EIGHT HEARTS TWO,0.4156,0.068,0.5164
HEARTS FOUR CLUBS ACE,0.2634,0.0174,0.7192
DIAMONDS ACE CLUBS ACE,0.156,0.0036,0.8404
SPADES NINE DIAMONDS QUEEN,0.3466,0.0092,0.6442
SPADES NINE HEARTS TWO,0.4178,0.0424,0.5398
HEARTS TWO SPADES TWO,0.3646,0.1212,0.5142
DIAMONDS QUEEN SPADES TWO,0.4216,0.0144,0.564
HEARTS TWO SPADES THREE,0.572,0.1092,0.3188
DIAMONDS QUEEN SPADES THREE,0.3986,0.0146,0.5868
HEARTS TWO SPADES FOUR,0.5768,0.2,0.2232
DIAMONDS QUEEN SPADES FOUR,0.26,0.0408,0.6992
CLUBS TEN HEARTS FOUR,0.2534,0.0714,0.6752
CLUBS TEN DIAMONDS ACE,0.3382,0.005,0.6568
HEARTS TWO SPADES FIVE,0.5436,0.0996,0.3568
DIAMONDS QUEEN SPADES FIVE,0.3676,0.011,0.6214
HEARTS FOUR CLUBS JACK,0.256,0.065,0.679
CLUBS JACK DIAMONDS ACE,0.3462,0.006,0.6478
CLUBS FIVE CLUBS KING,0.3474,0.0124,0.6402
CLUBS FIVE CLUBS QUEEN,0.3472,0.0134,0.6394
CLUBS FIVE CLUBS ACE,0.3498,0.0048,0.6454
CLUBS JACK CLUBS FIVE,0.3658,0.0192,0.615
CLUBS TEN CLUBS FIVE,0.3512,0.0308,0.618
SPADES KING CLUBS JACK,0.3416,0.0062,0.6522
CLUBS JACK SPADES QUEEN,0.3378,0.011,0.6512
SPADES ACE CLUBS JACK,0.3562,0.0056,0.6382
SPADES SIX CLUBS KING,0.377,0.0088,0.6142
SPADES SIX CLUBS QUEEN,0.368,0.0124,0.6196
SPADES EIGHT HEARTS JACK,0.3428,0.014,0.6432
SPADES SIX CLUBS ACE,0.3672,0.0036,0.6292
SPADES EIGHT HEARTS TEN,0.3124,0.029,0.6586
CLUBS JACK SPADES SIX,0.3624,0.0178,0.6198
CLUBS TEN SPADES SIX,0.3598,0.0292,0.611
CLUBS JACK SPADES TEN,0.3382,0.0164,0.6454
CLUBS JACK SPADES JACK,0.1612,0.0464,0.7924
SPADES QUEEN CLUBS SEVEN,0.2454,0.0438,0.7108
SPADES KING CLUBS SEVEN,0.257,0.0458,0.6972
SPADES ACE CLUBS SEVEN,0.259,0.0272,0.7138
SPADES SIX HEARTS TEN,0.3614,0.0324,0.6062
SPADES SIX HEARTS JACK,0.372,0.0222,0.6058
SPADES SIX HEARTS ACE,0.3572,0.0034,0.6394
SPADES SIX HEARTS KING,0.3592,0.0078,0.633
SPADES SIX HEARTS QUEEN,0.3728,0.0132,0.614
SPADES JACK CLUBS SEVEN,0.2542,0.0628,0.683
SPADES TEN CLUBS SEVEN,0.2416,0.0882,0.6702
CLUBS TEN HEARTS SIX,0.3716,0.0268,0.6016
CLUBS JACK HEARTS SIX,0.3732,0.0182,0.6086
CLUBS JACK CLUBS ACE,0.3208,0.0036,0.6756
HEARTS SIX CLUBS QUEEN,0.3724,0.0136,0.614
HEARTS SIX CLUBS KING,0.3592,0.0096,0.6312
HEARTS SIX CLUBS ACE,0.3708,0.0056,0.6236
CLUBS JACK CLUBS QUEEN,0.3326,0.009,0.6584
CLUBS JACK CLUBS KING,0.3262,0.0062,0.6676
DIAMONDS THREE HEARTS ACE,0.3886,0.0054,0.606
DIAMONDS THREE HEARTS QUEEN,0.4036,0.0138,0.5826
DIAMONDS THREE HEARTS KING,0.404,0.0068,0.5892
CLUBS FIVE HEARTS JACK,0.3558,0.02,0.6242
SPADES TEN DIAMONDS ACE,0.3422,0.0028,0.655
HEARTS FOUR SPADES TEN,0.2734,0.0814,0.6452
CLUBS FIVE HEARTS TEN,0.365,0.0292,0.6058
HEARTS FOUR SPADES JACK,0.2842,0.0566,0.6592
SPADES JACK DIAMONDS ACE,0.3448,0.0022,0.653
SPADES ACE HEARTS FOUR,0.2596,0.0176,0.7228
SPADES ACE DIAMONDS ACE,0.1606,0.0042,0.8352
CLUBS FIVE HEARTS ACE,0.3484,0.006,0.6456
CLUBS FIVE HEARTS KING,0.3592,0.008,0.6328
HEARTS FOUR SPADES QUEEN,0.2688,0.0434,0.6878
SPADES QUEEN DIAMONDS ACE,0.3374,0.0046,0.658
CLUBS JACK SPADES FOUR,0.2672,0.058,0.6748
CLUBS FIVE HEARTS QUEEN,0.3694,0.0158,0.6148
SPADES KING DIAMONDS ACE,0.3484,0.0026,0.649
HEARTS FOUR SPADES KING,0.2676,0.0396,0.6928
CLUBS TEN SPADES FOUR,0.2648,0.0706,0.6646
DIAMONDS QUEEN DIAMONDS ACE,0.3284,0.0032,0.6684
HEARTS TWO DIAMONDS ACE,0.4076,0.0046,0.5878
HEARTS FOUR DIAMONDS QUEEN,0.267,0.0454,0.6876
HEARTS FOUR HEARTS TWO,0.5492,0.1956,0.2552
DIAMONDS THREE HEARTS TEN,0.3994,0.0366,0.564
SPADES FOUR CLUBS KING,0.2704,0.029,0.7006
HEARTS FIVE DIAMONDS QUEEN,0.3828,0.0114,0.6058
HEARTS FIVE HEARTS TWO,0.524,0.0968,0.3792
DIAMONDS THREE HEARTS JACK,0.404,0.0192,0.5768
SPADES FOUR CLUBS QUEEN,0.2582,0.044,0.6978
DIAMONDS QUEEN HEARTS TWO,0.4144,0.0128,0.5728
DIAMONDS KING DIAMONDS QUEEN,0.3264,0.0072,0.6664
DIAMONDS KING HEARTS TWO,0.4254,0.0092,0.5654
HEARTS THREE DIAMONDS QUEEN,0.411,0.0154,0.5736
HEARTS THREE HEARTS TWO,0.5418,0.103,0.3552
SPADES FOUR CLUBS ACE,0.265,0.0202,0.7148
HEARTS TWO CLUBS ACE,0.3926,0.005,0.6024
DIAMONDS QUEEN CLUBS ACE,0.3358,0.006,0.6582
HEARTS TWO CLUBS QUEEN,0.4158,0.0148,0.5694
DIAMONDS QUEEN CLUBS QUEEN,0.154,0.0264,0.8196
HEARTS TWO CLUBS KING,0.4164,0.0112,0.5724
DIAMONDS QUEEN CLUBS KING,0.3372,0.0084,0.6544
SPADES EIGHT SPADES FIVE,0.3276,0.0626,0.6098
CLUBS TEN HEARTS TWO,0.4112,0.028,0.5608
CLUBS TEN DIAMONDS QUEEN,0.3418,0.0116,0.6466
SPADES NINE SPADES FIVE,0.3452,0.041,0.6138
CLUBS JACK HEARTS TWO,0.417,0.0204,0.5626
CLUBS JACK DIAMONDS QUEEN,0.343,0.011,0.646
SPADES SIX SPADES FIVE,0.4592,0.096,0.4448
SPADES SEVEN SPADES FIVE,0.2024,0.4284,0.3692
DIAMONDS FIVE CLUBS QUEEN,0.3856,0.0104,0.604
SPADES EIGHT CLUBS ACE,0.3486,0.0034,0.648
DIAMONDS FIVE CLUBS KING,0.3726,0.0098,0.6176
SPADES EIGHT CLUBS KING,0.3382,0.0074,0.6544
DIAMONDS FIVE CLUBS ACE,0.3574,0.0048,0.6378
SPADES EIGHT CLUBS QUEEN,0.3552,0.0126,0.6322
CLUBS JACK SPADES EIGHT,0.3416,0.0154,0.643
CLUBS TEN SPADES EIGHT,0.3312,0.0208,0.648
CLUBS TEN DIAMONDS FIVE,0.3656,0.0276,0.6068
CLUBS JACK DIAMONDS FIVE,0.3698,0.0166,0.6136
DIAMONDS TEN HEARTS JACK,0.3272,0.015,0.6578
DIAMONDS TEN HEARTS TEN,0.1508,0.0634,0.7858
SPADES ACE CLUBS NINE,0.3454,0.0056,0.649
