opposingHand,winningChance,drawChance,lostChance
HEARTS FIVE HEARTS QUEEN
SPADES ACE DIAMONDS KING,0.3676,0.0032,0.6292
HEARTS TWO CLUBS KING,0.434,0.0074,0.5586
HEARTS SEVEN CLUBS THREE,0.6532,0.0122,0.3346
CLUBS SEVEN SPADES NINE,0.5956,0.011,0.3934
DIAMONDS THREE CLUBS KING,0.4362,0.0086,0.5552
DIAMONDS ACE DIAMONDS EIGHT,0.3852,0.0052,0.6096
SPADES EIGHT DIAMONDS SEVEN,0.577,0.0108,0.4122
HEARTS KING HEARTS NINE,0.3414,0.0078,0.6508
SPADES FOUR DIAMONDS FOUR,0.4482,0.027,0.5248
HEARTS SEVEN HEARTS TWO,0.6638,0.0168,0.3194
DIAMONDS EIGHT HEARTS TEN,0.583,0.011,0.406
DIAMONDS THREE DIAMONDS KING,0.4018,0.009,0.5892
SPADES TEN CLUBS SIX,0.6114,0.0122,0.3764
DIAMONDS KING HEARTS ACE,0.3586,0.0054,0.636
HEARTS KING DIAMONDS SIX,0.3946,0.0062,0.5992
CLUBS THREE HEARTS JACK,0.6486,0.0146,0.3368
HEARTS KING CLUBS KING,0.177,0.0042,0.8188
SPADES EIGHT DIAMONDS QUEEN,0.275,0.2136,0.5114
HEARTS TWO HEARTS ACE,0.3568,0.0056,0.6376
SPADES KING HEARTS NINE,0.3894,0.0062,0.6044
SPADES TEN CLUBS QUEEN,0.2798,0.1156,0.6046
DIAMONDS THREE SPADES NINE,0.6528,0.0152,0.332
HEARTS SEVEN HEARTS TEN,0.5864,0.0124,0.4012
DIAMONDS SIX HEARTS EIGHT,0.5876,0.013,0.3994
HEARTS SIX HEARTS FOUR,0.605,0.015,0.38
SPADES THREE CLUBS KING,0.4378,0.0082,0.554
CLUBS EIGHT CLUBS FIVE,0.6644,0.0464,0.2892
SPADES TEN SPADES THREE,0.6188,0.013,0.3682
CLUBS FOUR DIAMONDS QUEEN,0.3538,0.4268,0.2194
DIAMONDS ACE CLUBS QUEEN,0.2742,0.0174,0.7084
DIAMONDS JACK DIAMONDS SEVEN,0.562,0.0088,0.4292
CLUBS SIX DIAMONDS QUEEN,0.2816,0.3446,0.3738
HEARTS SEVEN DIAMONDS THREE,0.6576,0.0128,0.3296
CLUBS SIX HEARTS NINE,0.599,0.0122,0.3888
HEARTS SEVEN HEARTS THREE,0.636,0.0162,0.3478
CLUBS THREE DIAMONDS SIX,0.6352,0.0128,0.352
CLUBS JACK SPADES SEVEN,0.6148,0.0144,0.3708
SPADES KING HEARTS SIX,0.395,0.008,0.597
HEARTS TWO SPADES FIVE,0.7064,0.0556,0.238
HEARTS FOUR SPADES SIX,0.6352,0.0118,0.353
CLUBS EIGHT HEARTS THREE,0.6552,0.0134,0.3314
DIAMONDS QUEEN CLUBS TWO,0.3594,0.4342,0.2064
HEARTS NINE DIAMONDS FIVE,0.7172,0.0464,0.2364
SPADES TEN DIAMONDS SIX,0.616,0.0116,0.3724
SPADES ACE DIAMONDS ACE,0.1738,0.0036,0.8226
SPADES JACK SPADES FOUR,0.6086,0.0104,0.381
SPADES KING DIAMONDS FOUR,0.4334,0.01,0.5566
SPADES TWO DIAMONDS FOUR,0.652,0.0134,0.3346
HEARTS ACE DIAMONDS SIX,0.3882,0.0064,0.6054
CLUBS TEN DIAMONDS TEN,0.3132,0.0116,0.6752
CLUBS THREE SPADES FOUR,0.6598,0.0176,0.3226
DIAMONDS TWO CLUBS QUEEN,0.3606,0.4412,0.1982
DIAMONDS NINE HEARTS TEN,0.5638,0.0138,0.4224
HEARTS SIX SPADES QUEEN,0.2486,0.376,0.3754
HEARTS JACK HEARTS NINE,0.574,0.0096,0.4164
HEARTS THREE CLUBS QUEEN,0.3664,0.4302,0.2034
CLUBS TEN CLUBS SEVEN,0.5544,0.0124,0.4332
SPADES JACK DIAMONDS TEN,0.57,0.0086,0.4214
CLUBS NINE HEARTS THREE,0.651,0.0114,0.3376
HEARTS THREE DIAMONDS JACK,0.6384,0.0122,0.3494
CLUBS TEN CLUBS QUEEN,0.2642,0.1032,0.6326
HEARTS FOUR CLUBS FIVE,0.681,0.052,0.267
DIAMONDS TWO SPADES EIGHT,0.6514,0.0126,0.336
HEARTS THREE DIAMONDS FOUR,0.641,0.0146,0.3444
CLUBS TEN HEARTS KING,0.3682,0.0076,0.6242
HEARTS THREE SPADES FOUR,0.628,0.0164,0.3556
HEARTS THREE HEARTS EIGHT,0.647,0.0138,0.3392
HEARTS THREE DIAMONDS SEVEN,0.6486,0.0142,0.3372
CLUBS NINE SPADES SEVEN,0.5948,0.011,0.3942
CLUBS JACK SPADES NINE,0.586,0.0106,0.4034
HEARTS FOUR SPADES TWO,0.65,0.0158,0.3342
SPADES ACE HEARTS SIX,0.3926,0.0048,0.6026
HEARTS TEN HEARTS EIGHT,0.5688,0.0128,0.4184
CLUBS NINE SPADES TWO,0.6494,0.0098,0.3408
CLUBS JACK DIAMONDS SIX,0.6254,0.0128,0.3618
SPADES KING CLUBS SIX,0.4104,0.007,0.5826
SPADES SEVEN DIAMONDS QUEEN,0.276,0.282,0.442
DIAMONDS ACE CLUBS FIVE,0.2772,0.0308,0.692
CLUBS EIGHT HEARTS ACE,0.3788,0.0056,0.6156
CLUBS EIGHT CLUBS THREE,0.6166,0.0152,0.3682
DIAMONDS THREE SPADES SIX,0.6338,0.0116,0.3546
CLUBS NINE DIAMONDS QUEEN,0.289,0.1464,0.5646
DIAMONDS KING SPADES SIX,0.4004,0.0054,0.5942
CLUBS QUEEN DIAMONDS FOUR,0.3524,0.439,0.2086
DIAMONDS THREE CLUBS FOUR,0.6506,0.0124,0.337
SPADES KING DIAMONDS FIVE,0.274,0.0422,0.6838
SPADES KING SPADES FIVE,0.264,0.036,0.7
HEARTS SEVEN HEARTS NINE,0.5732,0.0132,0.4136
HEARTS KING DIAMONDS FOUR,0.405,0.0078,0.5872
SPADES ACE CLUBS FOUR,0.4204,0.0054,0.5742
SPADES KING SPADES SIX,0.3756,0.009,0.6154
HEARTS TWO DIAMONDS SIX,0.6394,0.011,0.3496
SPADES SEVEN DIAMONDS JACK,0.6056,0.011,0.3834
SPADES SEVEN SPADES THREE,0.6144,0.0114,0.3742
HEARTS SIX DIAMONDS FIVE,0.666,0.045,0.289
SPADES JACK DIAMONDS SEVEN,0.605,0.0124,0.3826
CLUBS EIGHT DIAMONDS TEN,0.572,0.0102,0.4178
DIAMONDS ACE CLUBS KING,0.3644,0.0032,0.6324
CLUBS JACK CLUBS QUEEN,0.265,0.0794,0.6556
CLUBS JACK DIAMONDS SEVEN,0.6162,0.011,0.3728
SPADES ACE CLUBS JACK,0.392,0.0044,0.6036
CLUBS JACK HEARTS THREE,0.6542,0.012,0.3338
HEARTS FOUR DIAMONDS ACE,0.4174,0.0042,0.5784
CLUBS JACK HEARTS TEN,0.5456,0.008,0.4464
CLUBS JACK SPADES EIGHT,0.5968,0.011,0.3922
DIAMONDS THREE HEARTS TEN,0.6432,0.0142,0.3426
SPADES SIX HEARTS ACE,0.3924,0.005,0.6026
SPADES TWO DIAMONDS SEVEN,0.666,0.0126,0.3214
SPADES TEN HEARTS TWO,0.642,0.0118,0.3462
DIAMONDS TEN HEARTS JACK,0.5724,0.008,0.4196
HEARTS TWO HEARTS EIGHT,0.6462,0.0162,0.3376
DIAMONDS TEN DIAMONDS SEVEN,0.555,0.0124,0.4326
CLUBS SEVEN HEARTS JACK,0.6028,0.0118,0.3854
DIAMONDS TEN SPADES TWO,0.6584,0.0122,0.3294
CLUBS NINE HEARTS FOUR,0.6536,0.012,0.3344
DIAMONDS SEVEN CLUBS ACE,0.4014,0.0052,0.5934
CLUBS TWO HEARTS JACK,0.6472,0.015,0.3378
SPADES THREE DIAMONDS FIVE,0.7026,0.0456,0.2518
SPADES QUEEN SPADES EIGHT,0.2632,0.2068,0.53
CLUBS FOUR SPADES SIX,0.6272,0.0124,0.3604
HEARTS KING DIAMONDS EIGHT,0.3908,0.0086,0.6006
HEARTS SIX DIAMONDS JACK,0.6084,0.0118,0.3798
SPADES THREE HEARTS TEN,0.6348,0.012,0.3532
CLUBS TWO SPADES THREE,0.674,0.0172,0.3088
HEARTS TWO DIAMONDS KING,0.4184,0.0114,0.5702
SPADES ACE HEARTS NINE,0.4018,0.0048,0.5934
HEARTS FOUR DIAMONDS NINE,0.6494,0.0118,0.3388
CLUBS TWO DIAMONDS EIGHT,0.6626,0.0124,0.325
CLUBS JACK DIAMONDS EIGHT,0.5988,0.009,0.3922
CLUBS FIVE DIAMONDS QUEEN,0.0682,0.908,0.0238
HEARTS SIX CLUBS SEVEN,0.5898,0.0116,0.3986
DIAMONDS JACK CLUBS QUEEN,0.2836,0.0886,0.6278
HEARTS SEVEN SPADES EIGHT,0.5912,0.0154,0.3934
DIAMONDS THREE SPADES EIGHT,0.6398,0.0098,0.3504
CLUBS JACK CLUBS FIVE,0.6898,0.0514,0.2588
CLUBS SEVEN DIAMONDS FIVE,0.6904,0.0452,0.2644
DIAMONDS SEVEN HEARTS EIGHT,0.5782,0.01,0.4118
CLUBS EIGHT CLUBS KING,0.3808,0.0082,0.611
CLUBS SEVEN SPADES TWO,0.662,0.0116,0.3264
CLUBS FOUR DIAMONDS NINE,0.6614,0.0098,0.3288
CLUBS EIGHT HEARTS JACK,0.5864,0.01,0.4036
CLUBS ACE HEARTS TEN,0.3814,0.0038,0.6148
DIAMONDS NINE CLUBS ACE,0.4106,0.0026,0.5868
SPADES SEVEN CLUBS THREE,0.6464,0.0128,0.3408
SPADES KING HEARTS EIGHT,0.4102,0.0086,0.5812
SPADES TEN CLUBS SEVEN,0.5976,0.0108,0.3916
DIAMONDS QUEEN SPADES FIVE,0.0746,0.9006,0.0248
CLUBS EIGHT SPADES THREE,0.6654,0.0106,0.324
SPADES KING DIAMONDS ACE,0.3734,0.005,0.6216
CLUBS FIVE DIAMONDS SEVEN,0.6872,0.0412,0.2716
DIAMONDS ACE SPADES FIVE,0.2798,0.03,0.6902
SPADES TWO DIAMONDS SIX,0.6532,0.0154,0.3314
SPADES ACE DIAMONDS TWO,0.4186,0.0058,0.5756
SPADES JACK CLUBS THREE,0.6536,0.0108,0.3356
HEARTS ACE HEARTS JACK,0.345,0.0068,0.6482
SPADES NINE DIAMONDS SEVEN,0.5876,0.0108,0.4016
CLUBS EIGHT CLUBS SEVEN,0.5526,0.0102,0.4372
SPADES QUEEN CLUBS FOUR,0.3542,0.4332,0.2126
CLUBS TEN HEARTS JACK,0.5636,0.0124,0.424
HEARTS JACK DIAMONDS SIX,0.6086,0.008,0.3834
SPADES SIX HEARTS JACK,0.6276,0.0102,0.3622
HEARTS ACE CLUBS QUEEN,0.2626,0.0178,0.7196
HEARTS FOUR HEARTS TEN,0.638,0.0134,0.3486
HEARTS TEN DIAMONDS FIVE,0.7316,0.0462,0.2222
DIAMONDS TWO HEARTS NINE,0.6458,0.0134,0.3408
HEARTS SIX HEARTS KING,0.3456,0.0102,0.6442
CLUBS JACK DIAMONDS QUEEN,0.2862,0.0938,0.62
DIAMONDS TWO SPADES THREE,0.6732,0.016,0.3108
CLUBS SEVEN DIAMONDS ACE,0.3966,0.003,0.6004
SPADES EIGHT SPADES SEVEN,0.5498,0.009,0.4412
SPADES NINE DIAMONDS FOUR,0.6568,0.0136,0.3296
DIAMONDS TWO SPADES TWO,0.4646,0.031,0.5044
HEARTS TWO DIAMONDS JACK,0.6522,0.0122,0.3356
HEARTS THREE SPADES TWO,0.6606,0.0152,0.3242
HEARTS SEVEN HEARTS EIGHT,0.5634,0.0118,0.4248
CLUBS SEVEN DIAMONDS KING,0.409,0.0074,0.5836
CLUBS ACE CLUBS KING,0.3388,0.0054,0.6558
CLUBS JACK SPADES FOUR,0.6576,0.0088,0.3336
CLUBS JACK DIAMONDS FOUR,0.655,0.0122,0.3328
CLUBS SIX HEARTS JACK,0.624,0.0106,0.3654
HEARTS TWO HEARTS KING,0.3776,0.0108,0.6116
CLUBS TEN CLUBS EIGHT,0.5478,0.0106,0.4416
CLUBS SEVEN DIAMONDS SEVEN,0.3744,0.0234,0.6022
SPADES ACE DIAMONDS SIX,0.4144,0.0038,0.5818
CLUBS JACK CLUBS SIX,0.5898,0.0128,0.3974
SPADES EIGHT DIAMONDS SIX,0.6002,0.012,0.3878
HEARTS KING SPADES TWO,0.4122,0.0084,0.5794
SPADES TEN HEARTS ACE,0.374,0.0072,0.6188
SPADES SEVEN SPADES SIX,0.5602,0.0112,0.4286
HEARTS JACK DIAMONDS FOUR,0.6466,0.0114,0.342
DIAMONDS TEN HEARTS NINE,0.5622,0.0126,0.4252
HEARTS FOUR HEARTS KING,0.369,0.0098,0.6212
DIAMONDS TEN SPADES FOUR,0.6504,0.0096,0.34
DIAMONDS TWO CLUBS EIGHT,0.6548,0.0092,0.336
HEARTS THREE HEARTS KING,0.3802,0.0118,0.608
DIAMONDS TEN DIAMONDS FOUR,0.6054,0.0128,0.3818
SPADES FOUR CLUBS QUEEN,0.3568,0.4344,0.2088
HEARTS FOUR SPADES FIVE,0.6794,0.0522,0.2684
DIAMONDS FIVE CLUBS QUEEN,0.0754,0.9012,0.0234
CLUBS SEVEN DIAMONDS EIGHT,0.5972,0.012,0.3908
SPADES QUEEN HEARTS FOUR,0.3396,0.459,0.2014
DIAMONDS THREE HEARTS THREE,0.4556,0.0284,0.516
HEARTS SEVEN CLUBS NINE,0.5882,0.0106,0.4012
SPADES EIGHT SPADES THREE,0.6066,0.0146,0.3788
DIAMONDS ACE HEARTS TEN,0.3886,0.0058,0.6056
SPADES SEVEN HEARTS KING,0.381,0.0076,0.6114
CLUBS FIVE DIAMONDS FOUR,0.6878,0.0464,0.2658
SPADES SEVEN SPADES TWO,0.6194,0.012,0.3686
HEARTS SEVEN DIAMONDS SEVEN,0.3542,0.0266,0.6192
CLUBS JACK HEARTS SIX,0.6164,0.0114,0.3722
HEARTS THREE CLUBS ACE,0.4178,0.0046,0.5776
HEARTS JACK CLUBS KING,0.374,0.007,0.619
CLUBS JACK HEARTS JACK,0.3114,0.0118,0.6768
DIAMONDS ACE CLUBS FOUR,0.419,0.0022,0.5788
DIAMONDS EIGHT SPADES TWO,0.6552,0.0142,0.3306
DIAMONDS TWO HEARTS ACE,0.4222,0.0062,0.5716
HEARTS SIX HEARTS TWO,0.646,0.0134,0.3406
HEARTS THREE HEARTS ACE,0.3698,0.0042,0.626
SPADES KING CLUBS SEVEN,0.4028,0.0078,0.5894
SPADES JACK HEARTS ACE,0.3796,0.0048,0.6156
SPADES QUEEN HEARTS JACK,0.2678,0.0906,0.6416
CLUBS TEN HEARTS TEN,0.3174,0.0162,0.6664
SPADES FIVE SPADES TWO,0.6616,0.0474,0.291
CLUBS TEN CLUBS FIVE,0.6838,0.0448,0.2714
HEARTS SIX SPADES NINE,0.5974,0.012,0.3906
HEARTS FOUR CLUBS TWO,0.6502,0.0158,0.334
CLUBS EIGHT CLUBS QUEEN,0.2638,0.2118,0.5244
CLUBS FOUR HEARTS JACK,0.6542,0.0116,0.3342
CLUBS NINE SPADES TEN,0.5614,0.0088,0.4298
HEARTS THREE CLUBS SIX,0.6402,0.0162,0.3436
CLUBS TWO DIAMONDS TEN,0.6524,0.0138,0.3338
HEARTS THREE CLUBS SEVEN,0.6632,0.0128,0.324
HEARTS SIX DIAMONDS SIX,0.357,0.03,0.613
SPADES ACE HEARTS TWO,0.4244,0.0054,0.5702
CLUBS TEN DIAMONDS FOUR,0.6452,0.0112,0.3436
DIAMONDS SIX HEARTS NINE,0.602,0.013,0.385
CLUBS FOUR HEARTS KING,0.4168,0.0068,0.5764
DIAMONDS TEN CLUBS QUEEN,0.2806,0.1104,0.609
CLUBS SIX DIAMONDS TEN,0.619,0.0094,0.3716
SPADES NINE DIAMONDS FIVE,0.7146,0.0472,0.2382
DIAMONDS THREE SPADES TEN,0.6526,0.0092,0.3382
DIAMONDS TWO CLUBS KING,0.4288,0.0104,0.5608
CLUBS TEN HEARTS NINE,0.566,0.0122,0.4218
CLUBS EIGHT SPADES EIGHT,0.342,0.0194,0.6386
HEARTS TWO SPADES EIGHT,0.6412,0.0094,0.3494
HEARTS ACE DIAMONDS EIGHT,0.3868,0.0052,0.608
SPADES SIX HEARTS NINE,0.5924,0.0144,0.3932
CLUBS NINE CLUBS FOUR,0.612,0.0124,0.3756
DIAMONDS KING CLUBS ACE,0.3602,0.0042,0.6356
SPADES KING SPADES QUEEN,0.2646,0.0266,0.7088
SPADES FOUR DIAMONDS SIX,0.6254,0.0114,0.3632
SPADES JACK CLUBS SEVEN,0.6072,0.0112,0.3816
HEARTS SEVEN HEARTS FOUR,0.6388,0.0172,0.344
SPADES SEVEN HEARTS ACE,0.3888,0.0042,0.607
SPADES ACE CLUBS EIGHT,0.4078,0.0044,0.5878
DIAMONDS TWO SPADES QUEEN,0.3524,0.435,0.2126
SPADES SIX DIAMONDS SIX,0.362,0.0238,0.6142
SPADES JACK DIAMONDS ACE,0.3826,0.0038,0.6136
CLUBS SIX CLUBS QUEEN,0.2612,0.321,0.4178
CLUBS ACE DIAMONDS FIVE,0.2882,0.031,0.6808
SPADES JACK SPADES SEVEN,0.5842,0.009,0.4068
SPADES SIX HEARTS EIGHT,0.6,0.0114,0.3886
SPADES QUEEN DIAMONDS FOUR,0.3522,0.4446,0.2032
SPADES QUEEN DIAMONDS FIVE,0.0714,0.9066,0.022
HEARTS SEVEN SPADES JACK,0.611,0.0122,0.3768
CLUBS TEN CLUBS ACE,0.3708,0.0032,0.626
CLUBS FOUR CLUBS KING,0.4054,0.008,0.5866
HEARTS SEVEN DIAMONDS FOUR,0.637,0.0132,0.3498
HEARTS SIX SPADES SIX,0.3622,0.0284,0.6094
CLUBS ACE HEARTS EIGHT,0.3956,0.0056,0.5988
CLUBS SIX SPADES FOUR,0.6402,0.012,0.3478
DIAMONDS ACE DIAMONDS SIX,0.384,0.0052,0.6108
CLUBS SEVEN DIAMONDS NINE,0.5818,0.0126,0.4056
DIAMONDS KING HEARTS NINE,0.3902,0.008,0.6018
HEARTS SIX DIAMONDS TWO,0.6484,0.014,0.3376
SPADES TEN DIAMONDS EIGHT,0.5686,0.0108,0.4206
SPADES NINE DIAMONDS JACK,0.5944,0.0108,0.3948
SPADES SIX DIAMONDS EIGHT,0.5974,0.0106,0.392
SPADES THREE HEARTS JACK,0.6584,0.0102,0.3314
CLUBS KING HEARTS EIGHT,0.399,0.0072,0.5938
DIAMONDS FIVE HEARTS EIGHT,0.6886,0.051,0.2604
CLUBS JACK HEARTS NINE,0.5572,0.0118,0.431
CLUBS FIVE CLUBS THREE,0.645,0.0472,0.3078
DIAMONDS KING DIAMONDS FOUR,0.4044,0.0082,0.5874
HEARTS SIX DIAMONDS ACE,0.39,0.0048,0.6052
HEARTS SEVEN DIAMONDS NINE,0.5754,0.0142,0.4104
DIAMONDS QUEEN SPADES SIX,0.2698,0.3562,0.374
CLUBS TEN DIAMONDS ACE,0.3812,0.0052,0.6136
CLUBS NINE HEARTS EIGHT,0.5684,0.0098,0.4218
CLUBS SEVEN SPADES THREE,0.6494,0.0128,0.3378
CLUBS NINE HEARTS JACK,0.5736,0.0114,0.415
DIAMONDS KING SPADES SEVEN,0.4104,0.0064,0.5832
CLUBS TEN SPADES QUEEN,0.2754,0.114,0.6106
HEARTS FOUR CLUBS THREE,0.6364,0.0178,0.3458
SPADES SEVEN DIAMONDS FIVE,0.6956,0.0478,0.2566
SPADES SIX SPADES TWO,0.608,0.0122,0.3798
DIAMONDS THREE DIAMONDS TWO,0.6238,0.0152,0.361
CLUBS FIVE SPADES SEVEN,0.7016,0.0388,0.2596
DIAMONDS NINE DIAMONDS EIGHT,0.5452,0.0106,0.4442
CLUBS NINE DIAMONDS FIVE,0.7118,0.0432,0.245
HEARTS TWO HEARTS JACK,0.638,0.0134,0.3486
CLUBS SEVEN DIAMONDS TEN,0.5892,0.01,0.4008
CLUBS SIX DIAMONDS SEVEN,0.5794,0.0126,0.408
CLUBS SIX SPADES SIX,0.375,0.0274,0.5976
DIAMONDS THREE DIAMONDS QUEEN,0.34,0.4064,0.2536
SPADES ACE SPADES THREE,0.3914,0.0066,0.602
HEARTS TWO SPADES TWO,0.452,0.0312,0.5168
HEARTS FOUR DIAMONDS TEN,0.6378,0.0124,0.3498
CLUBS FIVE HEARTS ACE,0.2666,0.0314,0.702
DIAMONDS TEN HEARTS ACE,0.3656,0.0064,0.628
SPADES THREE SPADES TWO,0.6304,0.0128,0.3568
SPADES ACE DIAMONDS EIGHT,0.402,0.0032,0.5948
SPADES TEN DIAMONDS KING,0.3836,0.0058,0.6106
CLUBS TEN SPADES SIX,0.61,0.0116,0.3784
HEARTS TWO HEARTS TEN,0.637,0.0158,0.3472
SPADES ACE DIAMONDS JACK,0.382,0.0034,0.6146
CLUBS JACK SPADES FIVE,0.72,0.0468,0.2332
CLUBS TEN CLUBS NINE,0.5284,0.012,0.4596
DIAMONDS THREE DIAMONDS FIVE,0.6534,0.0506,0.296
CLUBS NINE DIAMONDS TEN,0.564,0.0116,0.4244
DIAMONDS KING SPADES THREE,0.4282,0.009,0.5628
CLUBS ACE HEARTS NINE,0.3968,0.0064,0.5968
HEARTS THREE DIAMONDS NINE,0.653,0.0106,0.3364
DIAMONDS TWO DIAMONDS FIVE,0.6786,0.0496,0.2718
HEARTS TWO DIAMONDS FOUR,0.6604,0.0168,0.3228
HEARTS TWO DIAMONDS QUEEN,0.3638,0.4232,0.213
DIAMONDS NINE CLUBS KING,0.3992,0.0054,0.5954
CLUBS FOUR DIAMONDS SIX,0.6302,0.0108,0.359
SPADES SEVEN DIAMONDS SIX,0.5946,0.0082,0.3972
DIAMONDS ACE DIAMONDS KING,0.3312,0.0052,0.6636
HEARTS FOUR DIAMONDS QUEEN,0.3494,0.4382,0.2124
DIAMONDS KING DIAMONDS JACK,0.3694,0.0074,0.6232
SPADES KING HEARTS THREE,0.421,0.0058,0.5732
CLUBS KING HEARTS NINE,0.3966,0.008,0.5954
SPADES FIVE DIAMONDS SEVEN,0.6868,0.0454,0.2678
CLUBS FOUR SPADES FOUR,0.454,0.0324,0.5136
CLUBS EIGHT SPADES SIX,0.6076,0.012,0.3804
HEARTS KING CLUBS ACE,0.3362,0.0058,0.658
CLUBS TWO DIAMONDS SEVEN,0.6614,0.012,0.3266
CLUBS JACK SPADES JACK,0.3208,0.0104,0.6688
DIAMONDS QUEEN CLUBS QUEEN,0.1284,0.0216,0.85
DIAMONDS ACE HEARTS JACK,0.3796,0.0068,0.6136
CLUBS TWO CLUBS ACE,0.3974,0.0064,0.5962
HEARTS ACE DIAMONDS NINE,0.3886,0.0068,0.6046
DIAMONDS ACE DIAMONDS FOUR,0.4022,0.0032,0.5946
DIAMONDS EIGHT HEARTS JACK,0.5886,0.0106,0.4008
CLUBS SIX CLUBS ACE,0.3878,0.0042,0.608
DIAMONDS ACE HEARTS NINE,0.3996,0.006,0.5944
HEARTS SEVEN DIAMONDS TWO,0.6434,0.0134,0.3432
CLUBS JACK SPADES QUEEN,0.2996,0.0866,0.6138
CLUBS FIVE SPADES FOUR,0.6896,0.044,0.2664
SPADES TWO HEARTS JACK,0.6408,0.0138,0.3454
DIAMONDS TWO DIAMONDS QUEEN,0.3386,0.4058,0.2556
SPADES QUEEN CLUBS EIGHT,0.276,0.206,0.518
CLUBS JACK DIAMONDS THREE,0.6428,0.0142,0.343
DIAMONDS THREE DIAMONDS SIX,0.602,0.0122,0.3858
SPADES FIVE DIAMONDS SIX,0.6928,0.036,0.2712
HEARTS SEVEN CLUBS SIX,0.5858,0.0106,0.4036
CLUBS SEVEN CLUBS KING,0.3824,0.008,0.6096
CLUBS TWO HEARTS TEN,0.6528,0.013,0.3342
HEARTS SIX SPADES SEVEN,0.5856,0.0136,0.4008
SPADES TEN HEARTS KING,0.3624,0.0044,0.6332
SPADES TWO CLUBS KING,0.4436,0.0094,0.547
CLUBS FOUR HEARTS NINE,0.647,0.0124,0.3406
DIAMONDS THREE HEARTS NINE,0.6548,0.013,0.3322
CLUBS TEN SPADES FIVE,0.7306,0.0462,0.2232
DIAMONDS THREE CLUBS THREE,0.4478,0.0332,0.519
SPADES EIGHT SPADES TWO,0.6208,0.0094,0.3698
DIAMONDS EIGHT CLUBS KING,0.4098,0.0062,0.584
SPADES EIGHT DIAMONDS NINE,0.5782,0.01,0.4118
CLUBS JACK SPADES KING,0.3868,0.0046,0.6086
HEARTS SIX CLUBS FIVE,0.6744,0.0484,0.2772
DIAMONDS QUEEN DIAMONDS SIX,0.2594,0.3372,0.4034
CLUBS FIVE DIAMONDS JACK,0.723,0.0452,0.2318
DIAMONDS KING DIAMONDS QUEEN,0.267,0.0256,0.7074
DIAMONDS TWO SPADES TEN,0.6462,0.0146,0.3392
HEARTS JACK CLUBS ACE,0.3812,0.006,0.6128
SPADES ACE HEARTS SEVEN,0.3992,0.004,0.5968
DIAMONDS KING CLUBS FOUR,0.4288,0.0076,0.5636
SPADES JACK HEARTS JACK,0.307,0.0104,0.6826
CLUBS JACK HEARTS SEVEN,0.603,0.0118,0.3852
DIAMONDS TWO HEARTS THREE,0.6718,0.0132,0.315
HEARTS NINE HEARTS EIGHT,0.5736,0.0138,0.4126
DIAMONDS THREE DIAMONDS EIGHT,0.616,0.0142,0.3698
SPADES ACE DIAMONDS THREE,0.4248,0.0046,0.5706
SPADES SIX CLUBS THREE,0.6394,0.0104,0.3502
HEARTS NINE DIAMONDS FOUR,0.649,0.01,0.341
SPADES TWO CLUBS ACE,0.4268,0.0058,0.5674
SPADES ACE CLUBS ACE,0.1692,0.0034,0.8274
SPADES FOUR HEARTS NINE,0.6514,0.0126,0.336
CLUBS EIGHT DIAMONDS ACE,0.3992,0.0052,0.5956
DIAMONDS ACE SPADES SIX,0.3958,0.0036,0.6006
DIAMONDS KING SPADES FOUR,0.4252,0.0054,0.5694
DIAMONDS THREE CLUBS QUEEN,0.362,0.4228,0.2152
CLUBS THREE CLUBS ACE,0.4174,0.0034,0.5792
HEARTS THREE DIAMONDS TEN,0.6562,0.0114,0.3324
HEARTS SEVEN SPADES FOUR,0.6356,0.0138,0.3506
SPADES THREE HEARTS EIGHT,0.6386,0.0158,0.3456
CLUBS TEN CLUBS FOUR,0.609,0.0112,0.3798
SPADES FOUR HEARTS TEN,0.6542,0.0128,0.333
HEARTS SIX HEARTS NINE,0.5866,0.0152,0.3982
DIAMONDS THREE HEARTS FOUR,0.639,0.0172,0.3438
CLUBS SIX CLUBS KING,0.3752,0.0074,0.6174
DIAMONDS NINE DIAMONDS SEVEN,0.5646,0.009,0.4264
DIAMONDS TEN DIAMONDS NINE,0.5484,0.0122,0.4394
HEARTS SEVEN SPADES FIVE,0.682,0.0458,0.2722
HEARTS SIX HEARTS TEN,0.5924,0.015,0.3926
HEARTS TWO DIAMONDS EIGHT,0.6484,0.012,0.3396
SPADES ACE SPADES SEVEN,0.3826,0.0034,0.614
SPADES EIGHT CLUBS ACE,0.4078,0.0036,0.5886
CLUBS FIVE CLUBS ACE,0.2642,0.0262,0.7096
DIAMONDS THREE SPADES JACK,0.6552,0.01,0.3348
SPADES QUEEN SPADES TWO,0.3362,0.4094,0.2544
DIAMONDS TWO DIAMONDS TEN,0.6146,0.0128,0.3726
CLUBS SEVEN SPADES SEVEN,0.34,0.0238,0.6362
SPADES TEN CLUBS KING,0.3838,0.0068,0.6094
CLUBS SIX CLUBS FOUR,0.591,0.0112,0.3978
DIAMONDS ACE SPADES FOUR,0.4108,0.005,0.5842
DIAMONDS TWO CLUBS ACE,0.428,0.005,0.567
HEARTS ACE SPADES TWO,0.4194,0.006,0.5746
SPADES QUEEN SPADES JACK,0.2676,0.083,0.6494
SPADES FOUR SPADES TWO,0.6194,0.0142,0.3664
HEARTS THREE SPADES EIGHT,0.6562,0.0128,0.331
HEARTS SIX HEARTS JACK,0.6094,0.0104,0.3802
SPADES ACE CLUBS FIVE,0.2644,0.0288,0.7068
SPADES NINE HEARTS ACE,0.3878,0.0052,0.607
HEARTS SIX DIAMONDS TEN,0.6036,0.0116,0.3848
DIAMONDS QUEEN DIAMONDS FIVE,0.0682,0.8656,0.0662
SPADES FOUR HEARTS EIGHT,0.6436,0.013,0.3434
CLUBS NINE HEARTS KING,0.3888,0.0086,0.6026
CLUBS TEN HEARTS ACE,0.3826,0.0042,0.6132
CLUBS NINE CLUBS EIGHT,0.5512,0.0126,0.4362
DIAMONDS TEN DIAMONDS FIVE,0.6816,0.045,0.2734
CLUBS NINE DIAMONDS JACK,0.5984,0.0104,0.3912
HEARTS TWO CLUBS QUEEN,0.3502,0.442,0.2078
HEARTS TWO DIAMONDS SEVEN,0.6492,0.0146,0.3362
SPADES FOUR DIAMONDS SEVEN,0.6326,0.0112,0.3562
HEARTS SIX DIAMONDS KING,0.408,0.0068,0.5852
CLUBS SEVEN CLUBS FIVE,0.6508,0.0438,0.3054
DIAMONDS TEN DIAMONDS SIX,0.5662,0.012,0.4218
HEARTS TWO SPADES SEVEN,0.6638,0.012,0.3242
SPADES KING DIAMONDS KING,0.1752,0.005,0.8198
HEARTS SIX SPADES TEN,0.6014,0.0132,0.3854
CLUBS THREE HEARTS NINE,0.6416,0.0132,0.3452
SPADES SIX CLUBS ACE,0.405,0.0048,0.5902
SPADES TEN SPADES SEVEN,0.5722,0.009,0.4188
CLUBS EIGHT DIAMONDS SIX,0.6022,0.0114,0.3864
SPADES TEN HEARTS EIGHT,0.573,0.0124,0.4146
SPADES ACE SPADES TEN,0.3742,0.0046,0.6212
SPADES KING HEARTS KING,0.169,0.0048,0.8262
HEARTS THREE DIAMONDS FIVE,0.6894,0.0528,0.2578
DIAMONDS QUEEN HEARTS KING,0.264,0.0258,0.7102
SPADES SEVEN CLUBS KING,0.4118,0.007,0.5812
HEARTS THREE SPADES THREE,0.4522,0.0264,0.5214
SPADES FIVE CLUBS ACE,0.272,0.0244,0.7036
SPADES ACE DIAMONDS TEN,0.3908,0.004,0.6052
SPADES EIGHT HEARTS EIGHT,0.3466,0.0234,0.63
HEARTS TWO CLUBS THREE,0.6708,0.0168,0.3124
HEARTS SIX DIAMONDS QUEEN,0.26,0.358,0.382
SPADES FOUR DIAMONDS EIGHT,0.6442,0.0132,0.3426
SPADES SEVEN HEARTS TEN,0.5988,0.0102,0.391
DIAMONDS THREE SPADES THREE,0.4494,0.0302,0.5204
DIAMONDS SEVEN DIAMONDS FOUR,0.606,0.0128,0.3812
DIAMONDS THREE DIAMONDS NINE,0.6196,0.0126,0.3678
HEARTS FOUR SPADES SEVEN,0.6334,0.0126,0.354
HEARTS ACE HEARTS NINE,0.3538,0.0058,0.6404
HEARTS TWO HEARTS NINE,0.6504,0.0128,0.3368
SPADES QUEEN DIAMONDS NINE,0.2916,0.1494,0.559
HEARTS TWO DIAMONDS ACE,0.4188,0.0032,0.578
SPADES FIVE HEARTS ACE,0.2674,0.0274,0.7052
SPADES QUEEN HEARTS ACE,0.2674,0.0178,0.7148
SPADES JACK CLUBS EIGHT,0.5946,0.012,0.3934
DIAMONDS QUEEN DIAMONDS FOUR,0.3446,0.4032,0.2522
SPADES KING CLUBS FIVE,0.275,0.037,0.688
SPADES JACK HEARTS NINE,0.5804,0.0092,0.4104
HEARTS FOUR CLUBS FOUR,0.46,0.0284,0.5116
DIAMONDS TWO SPADES NINE,0.651,0.011,0.338
SPADES QUEEN DIAMONDS TEN,0.2912,0.1172,0.5916
HEARTS TWO CLUBS TWO,0.447,0.0272,0.5258
SPADES SIX CLUBS QUEEN,0.2724,0.3626,0.365
HEARTS JACK DIAMONDS SEVEN,0.5982,0.0128,0.389
SPADES ACE HEARTS JACK,0.383,0.0036,0.6134
CLUBS EIGHT SPADES TWO,0.6576,0.012,0.3304
DIAMONDS JACK HEARTS TEN,0.5576,0.009,0.4334
HEARTS SEVEN SPADES NINE,0.5914,0.0102,0.3984
DIAMONDS EIGHT DIAMONDS SIX,0.5626,0.0124,0.425
CLUBS TEN SPADES NINE,0.5738,0.0094,0.4168
DIAMONDS THREE SPADES KING,0.4158,0.0084,0.5758
SPADES QUEEN CLUBS KING,0.28,0.0262,0.6938
CLUBS THREE DIAMONDS FOUR,0.647,0.0136,0.3394
HEARTS SEVEN DIAMONDS TEN,0.5834,0.013,0.4036
SPADES TEN DIAMONDS FOUR,0.6486,0.0128,0.3386
SPADES QUEEN HEARTS TWO,0.352,0.442,0.206
SPADES JACK SPADES EIGHT,0.5644,0.0096,0.426
SPADES SEVEN CLUBS TWO,0.6744,0.013,0.3126
HEARTS THREE CLUBS THREE,0.4486,0.0308,0.5206
SPADES EIGHT CLUBS KING,0.3964,0.0068,0.5968
SPADES JACK HEARTS THREE,0.649,0.0134,0.3376
CLUBS TWO SPADES TWO,0.4578,0.034,0.5082
DIAMONDS NINE SPADES TWO,0.6494,0.0116,0.339
CLUBS ACE DIAMONDS FOUR,0.4244,0.0038,0.5718
HEARTS TEN CLUBS QUEEN,0.2698,0.1216,0.6086
DIAMONDS SEVEN CLUBS QUEEN,0.2722,0.2808,0.447
CLUBS TEN DIAMONDS KING,0.3986,0.0066,0.5948
SPADES QUEEN CLUBS FIVE,0.0682,0.9074,0.0244
CLUBS FOUR DIAMONDS SEVEN,0.646,0.0128,0.3412
DIAMONDS TWO CLUBS FIVE,0.7162,0.0488,0.235
DIAMONDS THREE HEARTS ACE,0.4058,0.0044,0.5898
HEARTS THREE CLUBS FOUR,0.6462,0.015,0.3388
SPADES FIVE DIAMONDS FOUR,0.6892,0.0472,0.2636
CLUBS SIX DIAMONDS NINE,0.6068,0.0126,0.3806
HEARTS SEVEN SPADES SIX,0.576,0.0162,0.4078
SPADES QUEEN DIAMONDS JACK,0.2816,0.0842,0.6342
CLUBS EIGHT SPADES SEVEN,0.6028,0.0094,0.3878
CLUBS TEN SPADES SEVEN,0.5868,0.0092,0.404
SPADES FIVE SPADES THREE,0.6536,0.0456,0.3008
DIAMONDS NINE DIAMONDS FOUR,0.6142,0.0122,0.3736
SPADES NINE CLUBS TWO,0.6462,0.0112,0.3426
SPADES TWO HEARTS NINE,0.6438,0.0124,0.3438
HEARTS SEVEN CLUBS QUEEN,0.2692,0.2948,0.436
CLUBS EIGHT CLUBS ACE,0.3826,0.0068,0.6106
HEARTS FOUR DIAMONDS FIVE,0.6758,0.051,0.2732
SPADES ACE SPADES JACK,0.3734,0.0052,0.6214
SPADES NINE SPADES EIGHT,0.5288,0.0114,0.4598
DIAMONDS QUEEN SPADES FOUR,0.3618,0.4392,0.199
CLUBS SEVEN DIAMONDS FOUR,0.6368,0.0112,0.352
HEARTS FOUR DIAMONDS FOUR,0.4496,0.0274,0.523
SPADES EIGHT CLUBS TWO,0.6614,0.012,0.3266
CLUBS EIGHT CLUBS SIX,0.5726,0.0136,0.4138
CLUBS KING DIAMONDS FOUR,0.4142,0.0068,0.579
DIAMONDS TWO CLUBS TWO,0.4602,0.0328,0.507
SPADES ACE SPADES NINE,0.3798,0.0054,0.6148
CLUBS FOUR DIAMONDS FOUR,0.4436,0.0296,0.5268
SPADES KING SPADES NINE,0.3924,0.0086,0.599
SPADES JACK CLUBS FIVE,0.7294,0.0536,0.217
CLUBS JACK SPADES TEN,0.561,0.0092,0.4298
DIAMONDS THREE SPADES FIVE,0.6962,0.0488,0.255
CLUBS EIGHT SPADES FOUR,0.6296,0.0118,0.3586
SPADES NINE CLUBS FOUR,0.64,0.0106,0.3494
CLUBS SIX DIAMONDS FIVE,0.679,0.0464,0.2746
CLUBS SIX HEARTS TEN,0.603,0.0112,0.3858
HEARTS TEN CLUBS KING,0.3628,0.0074,0.6298
HEARTS FOUR DIAMONDS EIGHT,0.6462,0.012,0.3418
SPADES KING CLUBS NINE,0.3866,0.005,0.6084
HEARTS SEVEN DIAMONDS SIX,0.5786,0.0118,0.4096
DIAMONDS SEVEN HEARTS TEN,0.5916,0.0116,0.3968
SPADES SEVEN SPADES FOUR,0.5964,0.0142,0.3894
CLUBS SIX CLUBS FIVE,0.641,0.0382,0.3208
SPADES EIGHT HEARTS KING,0.395,0.009,0.596
DIAMONDS JACK SPADES TWO,0.6514,0.0112,0.3374
HEARTS ACE HEARTS EIGHT,0.3516,0.006,0.6424
DIAMONDS JACK CLUBS ACE,0.3974,0.0034,0.5992
DIAMONDS KING DIAMONDS SEVEN,0.3944,0.0074,0.5982
DIAMONDS QUEEN DIAMONDS NINE,0.2654,0.1458,0.5888
SPADES FIVE DIAMONDS NINE,0.719,0.0442,0.2368
DIAMONDS KING CLUBS QUEEN,0.2902,0.0272,0.6826
DIAMONDS ACE SPADES THREE,0.4094,0.0056,0.585
CLUBS NINE CLUBS FIVE,0.6832,0.0448,0.272
DIAMONDS JACK DIAMONDS EIGHT,0.5596,0.0108,0.4296
SPADES TEN HEARTS JACK,0.5584,0.0116,0.43
SPADES EIGHT HEARTS TEN,0.584,0.0104,0.4056
SPADES TEN DIAMONDS QUEEN,0.2794,0.1178,0.6028
HEARTS SIX CLUBS QUEEN,0.2572,0.37,0.3728
DIAMONDS TWO HEARTS FOUR,0.67,0.0144,0.3156
HEARTS THREE HEARTS TEN,0.6284,0.0132,0.3584
SPADES ACE CLUBS NINE,0.4098,0.0036,0.5866
DIAMONDS KING DIAMONDS SIX,0.381,0.006,0.613
CLUBS SIX DIAMONDS KING,0.399,0.0074,0.5936
CLUBS FOUR SPADES THREE,0.6406,0.0134,0.346
CLUBS EIGHT DIAMONDS FOUR,0.6362,0.0134,0.3504
CLUBS EIGHT SPADES TEN,0.5776,0.0104,0.412
DIAMONDS KING DIAMONDS FIVE,0.253,0.032,0.715
DIAMONDS JACK DIAMONDS SIX,0.5852,0.008,0.4068
HEARTS SIX SPADES FIVE,0.6734,0.0432,0.2834
CLUBS SIX HEARTS KING,0.3804,0.006,0.6136
SPADES NINE DIAMONDS EIGHT,0.5738,0.0096,0.4166
DIAMONDS JACK SPADES FIVE,0.7172,0.05,0.2328
SPADES JACK DIAMONDS QUEEN,0.2734,0.0856,0.641
SPADES TEN HEARTS TEN,0.31,0.014,0.676
SPADES JACK CLUBS KING,0.3942,0.0058,0.6
CLUBS TEN HEARTS EIGHT,0.575,0.0116,0.4134
SPADES KING DIAMONDS TEN,0.3792,0.005,0.6158
DIAMONDS THREE SPADES FOUR,0.6518,0.0114,0.3368
CLUBS THREE DIAMONDS TEN,0.6634,0.0126,0.324
HEARTS EIGHT DIAMONDS FOUR,0.646,0.0142,0.3398
SPADES FIVE CLUBS TWO,0.7056,0.0494,0.245
HEARTS ACE HEARTS KING,0.3116,0.0068,0.6816
SPADES FIVE HEARTS NINE,0.7056,0.0498,0.2446
CLUBS FOUR DIAMONDS FIVE,0.688,0.0472,0.2648
SPADES KING CLUBS QUEEN,0.2656,0.0268,0.7076
SPADES FIVE DIAMONDS FIVE,0.341,0.0388,0.6202
SPADES QUEEN SPADES FOUR,0.3344,0.4042,0.2614
CLUBS JACK SPADES TWO,0.6564,0.0102,0.3334
SPADES TEN SPADES EIGHT,0.5502,0.0128,0.437
HEARTS TWO SPADES FOUR,0.653,0.0136,0.3334
SPADES NINE CLUBS FIVE,0.7154,0.043,0.2416
CLUBS TWO SPADES FOUR,0.6672,0.0116,0.3212
CLUBS TEN DIAMONDS NINE,0.5764,0.0122,0.4114
CLUBS EIGHT HEARTS NINE,0.5706,0.0114,0.418
HEARTS SIX CLUBS FOUR,0.6122,0.0108,0.377
HEARTS SEVEN CLUBS EIGHT,0.573,0.0106,0.4164
HEARTS TWO SPADES THREE,0.6658,0.0164,0.3178
HEARTS FOUR HEARTS TWO,0.6586,0.0182,0.3232
SPADES TEN DIAMONDS SEVEN,0.6038,0.0096,0.3866
CLUBS JACK HEARTS TWO,0.657,0.0132,0.3298
DIAMONDS KING DIAMONDS TEN,0.3388,0.0054,0.6558
CLUBS SEVEN DIAMONDS JACK,0.6174,0.0132,0.3694
CLUBS FOUR CLUBS TWO,0.6304,0.015,0.3546
DIAMONDS JACK SPADES THREE,0.649,0.0118,0.3392
HEARTS KING DIAMONDS SEVEN,0.389,0.0072,0.6038
DIAMONDS QUEEN DIAMONDS EIGHT,0.2694,0.2082,0.5224
SPADES TWO CLUBS QUEEN,0.3684,0.4138,0.2178
CLUBS EIGHT DIAMONDS JACK,0.6032,0.008,0.3888
CLUBS SEVEN HEARTS NINE,0.6038,0.0118,0.3844
SPADES TEN DIAMONDS NINE,0.5722,0.0114,0.4164
CLUBS SEVEN SPADES EIGHT,0.5844,0.011,0.4046
SPADES ACE HEARTS ACE,0.161,0.0036,0.8354
HEARTS SEVEN CLUBS TEN,0.5834,0.0102,0.4064
HEARTS KING HEARTS TEN,0.3326,0.0108,0.6566
CLUBS NINE DIAMONDS NINE,0.3496,0.0194,0.631
DIAMONDS ACE CLUBS ACE,0.1602,0.002,0.8378
SPADES FIVE SPADES FOUR,0.6332,0.0516,0.3152
DIAMONDS ACE HEARTS EIGHT,0.4116,0.0052,0.5832
SPADES TEN CLUBS THREE,0.6396,0.009,0.3514
CLUBS NINE DIAMONDS KING,0.4016,0.01,0.5884
DIAMONDS THREE CLUBS SEVEN,0.6556,0.0112,0.3332
CLUBS SIX DIAMONDS ACE,0.3788,0.004,0.6172
SPADES SIX SPADES THREE,0.599,0.0096,0.3914
CLUBS SIX SPADES SEVEN,0.5946,0.0092,0.3962
CLUBS SIX DIAMONDS SIX,0.3656,0.0244,0.61
DIAMONDS SEVEN DIAMONDS FIVE,0.6554,0.044,0.3006
DIAMONDS KING CLUBS THREE,0.4134,0.0096,0.577
HEARTS THREE SPADES TEN,0.6364,0.0138,0.3498
DIAMONDS NINE HEARTS NINE,0.339,0.0198,0.6412
HEARTS JACK CLUBS QUEEN,0.2714,0.0866,0.642
DIAMONDS NINE HEARTS KING,0.3812,0.0088,0.61
DIAMONDS JACK DIAMONDS FOUR,0.6068,0.013,0.3802
SPADES NINE DIAMONDS QUEEN,0.2916,0.153,0.5554
CLUBS EIGHT HEARTS TEN,0.5706,0.0104,0.419
HEARTS FOUR DIAMONDS SEVEN,0.6364,0.0152,0.3484
SPADES KING SPADES SEVEN,0.3782,0.008,0.6138
CLUBS SIX SPADES FIVE,0.6774,0.0472,0.2754
CLUBS JACK HEARTS ACE,0.386,0.0038,0.6102
SPADES QUEEN DIAMONDS QUEEN,0.1348,0.0224,0.8428
SPADES QUEEN HEARTS EIGHT,0.2626,0.2272,0.5102
CLUBS SEVEN SPADES FOUR,0.6374,0.0136,0.349
HEARTS THREE DIAMONDS SIX,0.6352,0.0124,0.3524
SPADES JACK DIAMONDS JACK,0.33,0.0104,0.6596
CLUBS JACK DIAMONDS NINE,0.5804,0.01,0.4096
CLUBS SIX CLUBS TWO,0.61,0.0134,0.3766
CLUBS JACK CLUBS TEN,0.529,0.0108,0.4602
CLUBS FIVE DIAMONDS NINE,0.7214,0.0424,0.2362
HEARTS KING DIAMONDS FIVE,0.2648,0.0416,0.6936
CLUBS SIX DIAMONDS FOUR,0.6294,0.0116,0.359
HEARTS SIX HEARTS EIGHT,0.5854,0.0118,0.4028
SPADES NINE DIAMONDS TEN,0.558,0.0114,0.4306
SPADES SEVEN DIAMONDS SEVEN,0.3538,0.0254,0.6208
CLUBS KING DIAMONDS FIVE,0.2876,0.0398,0.6726
SPADES KING DIAMONDS TWO,0.4352,0.01,0.5548
DIAMONDS TEN CLUBS ACE,0.3872,0.0034,0.6094
CLUBS TWO DIAMONDS NINE,0.6522,0.012,0.3358
SPADES SIX DIAMONDS SEVEN,0.5812,0.0124,0.4064
CLUBS THREE CLUBS QUEEN,0.3372,0.4102,0.2526
SPADES JACK CLUBS SIX,0.6244,0.0098,0.3658
DIAMONDS KING CLUBS TWO,0.433,0.007,0.56
DIAMONDS TWO HEARTS JACK,0.6536,0.0136,0.3328
DIAMONDS JACK SPADES FOUR,0.6478,0.011,0.3412
SPADES TEN DIAMONDS FIVE,0.7206,0.0424,0.237
HEARTS SIX HEARTS ACE,0.3486,0.0056,0.6458
HEARTS TWO CLUBS FIVE,0.7026,0.049,0.2484
CLUBS FIVE CLUBS TWO,0.661,0.0522,0.2868
CLUBS TWO HEARTS ACE,0.4144,0.0062,0.5794
DIAMONDS THREE HEARTS TWO,0.6512,0.0174,0.3314
CLUBS THREE CLUBS KING,0.4004,0.0094,0.5902
SPADES JACK CLUBS QUEEN,0.2964,0.0896,0.614
DIAMONDS ACE HEARTS KING,0.3548,0.0056,0.6396
CLUBS THREE HEARTS ACE,0.3982,0.0082,0.5936
HEARTS FOUR HEARTS THREE,0.6352,0.019,0.3458
DIAMONDS TWO SPADES SEVEN,0.652,0.015,0.333
SPADES ACE DIAMONDS QUEEN,0.2998,0.018,0.6822
HEARTS FOUR HEARTS JACK,0.6364,0.0114,0.3522
CLUBS TEN DIAMONDS EIGHT,0.5838,0.0122,0.404
SPADES TEN SPADES FOUR,0.6132,0.011,0.3758
CLUBS SEVEN HEARTS TWO,0.6576,0.0122,0.3302
CLUBS SEVEN CLUBS QUEEN,0.2648,0.2786,0.4566
SPADES NINE CLUBS QUEEN,0.2766,0.1594,0.564
SPADES SEVEN HEARTS NINE,0.5954,0.0118,0.3928
CLUBS EIGHT CLUBS TWO,0.6,0.012,0.388
SPADES QUEEN SPADES SIX,0.255,0.3404,0.4046
CLUBS TEN SPADES THREE,0.6464,0.0104,0.3432
HEARTS SEVEN HEARTS JACK,0.5998,0.0098,0.3904
SPADES ACE HEARTS FOUR,0.393,0.005,0.602
CLUBS SEVEN CLUBS THREE,0.6078,0.014,0.3782
CLUBS EIGHT HEARTS KING,0.3982,0.0096,0.5922
CLUBS FIVE CLUBS FOUR,0.6474,0.0466,0.306
SPADES QUEEN CLUBS QUEEN,0.145,0.0212,0.8338
HEARTS ACE CLUBS KING,0.3634,0.0056,0.631
DIAMONDS QUEEN CLUBS THREE,0.3576,0.4408,0.2016
CLUBS EIGHT DIAMONDS KING,0.4036,0.0058,0.5906
SPADES SEVEN CLUBS QUEEN,0.28,0.2828,0.4372
DIAMONDS TWO HEARTS KING,0.4184,0.0116,0.57
SPADES QUEEN HEARTS TEN,0.2612,0.116,0.6228
DIAMONDS TWO SPADES JACK,0.6718,0.0118,0.3164
SPADES KING HEARTS JACK,0.3884,0.0076,0.604
DIAMONDS TWO DIAMONDS FOUR,0.6132,0.0142,0.3726
SPADES SEVEN DIAMONDS FOUR,0.6464,0.0136,0.34
HEARTS SIX CLUBS THREE,0.6364,0.013,0.3506
HEARTS THREE SPADES NINE,0.6532,0.0118,0.335
HEARTS SIX CLUBS SIX,0.352,0.029,0.619
DIAMONDS ACE SPADES EIGHT,0.4098,0.0044,0.5858
HEARTS THREE SPADES SEVEN,0.6464,0.0134,0.3402
SPADES EIGHT SPADES FIVE,0.6736,0.0494,0.277
HEARTS FOUR SPADES JACK,0.649,0.0132,0.3378
SPADES KING SPADES THREE,0.4118,0.008,0.5802
SPADES ACE CLUBS TWO,0.4374,0.0052,0.5574
DIAMONDS JACK DIAMONDS TEN,0.534,0.0096,0.4564
CLUBS SIX HEARTS EIGHT,0.5954,0.0114,0.3932
SPADES EIGHT DIAMONDS TEN,0.5866,0.0106,0.4028
SPADES SEVEN DIAMONDS TEN,0.606,0.0132,0.3808
CLUBS JACK DIAMONDS TEN,0.5684,0.0094,0.4222
CLUBS ACE DIAMONDS SIX,0.402,0.0048,0.5932
DIAMONDS THREE CLUBS SIX,0.6456,0.0136,0.3408
DIAMONDS EIGHT CLUBS ACE,0.3886,0.0036,0.6078
SPADES TWO DIAMONDS FIVE,0.7054,0.0528,0.2418
DIAMONDS JACK HEARTS NINE,0.583,0.0094,0.4076
DIAMONDS EIGHT DIAMONDS SEVEN,0.5382,0.0124,0.4494
DIAMONDS TWO CLUBS FOUR,0.6534,0.0164,0.3302
CLUBS TEN HEARTS TWO,0.6484,0.0142,0.3374
SPADES ACE CLUBS THREE,0.4166,0.0044,0.579
DIAMONDS TWO DIAMONDS EIGHT,0.6098,0.0118,0.3784
SPADES SEVEN HEARTS EIGHT,0.5856,0.0132,0.4012
SPADES SIX SPADES FOUR,0.5862,0.014,0.3998
DIAMONDS ACE DIAMONDS SEVEN,0.3856,0.0044,0.61
CLUBS SIX DIAMONDS EIGHT,0.5804,0.0126,0.407
DIAMONDS THREE CLUBS FIVE,0.7056,0.0428,0.2516
CLUBS TEN CLUBS THREE,0.6148,0.0114,0.3738
CLUBS FOUR CLUBS THREE,0.6178,0.014,0.3682
SPADES ACE HEARTS TEN,0.3856,0.0056,0.6088
SPADES KING DIAMONDS SEVEN,0.402,0.0066,0.5914
CLUBS FIVE SPADES THREE,0.691,0.0502,0.2588
SPADES EIGHT SPADES FOUR,0.5976,0.0116,0.3908
DIAMONDS TWO SPADES FOUR,0.662,0.0154,0.3226
DIAMONDS TEN SPADES THREE,0.649,0.011,0.34
SPADES KING CLUBS FOUR,0.4182,0.0076,0.5742
HEARTS SEVEN CLUBS TWO,0.656,0.0154,0.3286
CLUBS FOUR CLUBS ACE,0.3954,0.0042,0.6004
DIAMONDS THREE DIAMONDS SEVEN,0.616,0.012,0.372
SPADES QUEEN HEARTS THREE,0.3558,0.4332,0.211
SPADES ACE CLUBS TEN,0.3978,0.0028,0.5994
HEARTS THREE DIAMONDS KING,0.4298,0.0086,0.5616
SPADES EIGHT SPADES SIX,0.5634,0.012,0.4246
DIAMONDS QUEEN CLUBS KING,0.2836,0.0282,0.6882
SPADES JACK DIAMONDS KING,0.3906,0.0058,0.6036
DIAMONDS KING CLUBS KING,0.187,0.0024,0.8106
CLUBS JACK CLUBS FOUR,0.6086,0.0128,0.3786
SPADES JACK HEARTS TEN,0.565,0.0108,0.4242
DIAMONDS QUEEN HEARTS JACK,0.2776,0.0922,0.6302
HEARTS SEVEN DIAMONDS ACE,0.4018,0.0066,0.5916
HEARTS SIX DIAMONDS SEVEN,0.5904,0.0164,0.3932
CLUBS TWO CLUBS QUEEN,0.3462,0.4016,0.2522
DIAMONDS KING HEARTS KING,0.1786,0.0046,0.8168
HEARTS FOUR HEARTS ACE,0.3628,0.0058,0.6314
CLUBS SEVEN HEARTS EIGHT,0.5826,0.0114,0.406
CLUBS FIVE DIAMONDS SIX,0.6884,0.0384,0.2732
DIAMONDS TWO CLUBS NINE,0.6462,0.0102,0.3436
SPADES ACE SPADES FOUR,0.3972,0.0052,0.5976
SPADES KING DIAMONDS SIX,0.411,0.0056,0.5834
CLUBS TEN HEARTS FOUR,0.6368,0.0146,0.3486
CLUBS THREE DIAMONDS FIVE,0.7004,0.0486,0.251
SPADES QUEEN SPADES FIVE,0.0712,0.8518,0.077
DIAMONDS THREE CLUBS ACE,0.4286,0.0048,0.5666
HEARTS SEVEN SPADES TEN,0.597,0.0096,0.3934
SPADES SIX DIAMONDS FOUR,0.6216,0.012,0.3664
DIAMONDS QUEEN SPADES TWO,0.3684,0.4148,0.2168
DIAMONDS THREE DIAMONDS JACK,0.6104,0.0134,0.3762
HEARTS THREE HEARTS NINE,0.6406,0.0144,0.345
CLUBS EIGHT DIAMONDS NINE,0.575,0.0098,0.4152
HEARTS SIX SPADES TWO,0.6458,0.0108,0.3434
CLUBS EIGHT HEARTS EIGHT,0.3436,0.0222,0.6342
HEARTS KING CLUBS QUEEN,0.2716,0.0228,0.7056
CLUBS TEN CLUBS TWO,0.616,0.0114,0.3726
SPADES EIGHT DIAMONDS EIGHT,0.3464,0.0222,0.6314
SPADES QUEEN DIAMONDS ACE,0.2712,0.0148,0.714
CLUBS SIX HEARTS ACE,0.3966,0.0038,0.5996
DIAMONDS QUEEN DIAMONDS SEVEN,0.269,0.2686,0.4624
HEARTS THREE CLUBS KING,0.4202,0.0086,0.5712
CLUBS THREE DIAMONDS NINE,0.6544,0.0106,0.335
CLUBS SEVEN HEARTS TEN,0.5988,0.0136,0.3876
SPADES THREE CLUBS ACE,0.4316,0.0052,0.5632
CLUBS JACK HEARTS EIGHT,0.594,0.0112,0.3948
HEARTS FOUR CLUBS EIGHT,0.6282,0.0144,0.3574
HEARTS SEVEN SPADES SEVEN,0.352,0.0234,0.6246
SPADES FOUR CLUBS ACE,0.422,0.0042,0.5738
SPADES QUEEN DIAMONDS SIX,0.2634,0.3584,0.3782
SPADES FIVE DIAMONDS EIGHT,0.7104,0.0468,0.2428
SPADES FOUR HEARTS KING,0.4348,0.0076,0.5576
SPADES FOUR SPADES THREE,0.618,0.0142,0.3678
SPADES KING DIAMONDS QUEEN,0.2868,0.0238,0.6894
SPADES EIGHT DIAMONDS KING,0.3984,0.0078,0.5938
SPADES NINE HEARTS JACK,0.5834,0.0104,0.4062
CLUBS TEN DIAMONDS SIX,0.6306,0.0102,0.3592
CLUBS EIGHT CLUBS FOUR,0.6032,0.0128,0.384
HEARTS KING HEARTS EIGHT,0.3436,0.0104,0.646
SPADES FOUR HEARTS JACK,0.6424,0.0124,0.3452
SPADES THREE HEARTS NINE,0.637,0.012,0.351
SPADES JACK HEARTS KING,0.3684,0.0084,0.6232
SPADES KING CLUBS THREE,0.4346,0.0086,0.5568
CLUBS FIVE DIAMONDS TEN,0.7322,0.0442,0.2236
CLUBS EIGHT SPADES NINE,0.5744,0.0098,0.4158
SPADES THREE DIAMONDS FOUR,0.6416,0.016,0.3424
CLUBS THREE DIAMONDS JACK,0.6524,0.0132,0.3344
SPADES NINE CLUBS SIX,0.6118,0.009,0.3792
DIAMONDS TWO CLUBS THREE,0.6694,0.0126,0.318
HEARTS SIX CLUBS EIGHT,0.5894,0.0132,0.3974
CLUBS JACK DIAMONDS ACE,0.3806,0.0042,0.6152
CLUBS FIVE HEARTS TEN,0.7278,0.0456,0.2266
CLUBS JACK SPADES THREE,0.6604,0.01,0.3296
SPADES JACK SPADES TWO,0.6096,0.0156,0.3748
HEARTS THREE CLUBS TWO,0.6564,0.012,0.3316
SPADES QUEEN DIAMONDS EIGHT,0.288,0.2052,0.5068
HEARTS FOUR SPADES TEN,0.6442,0.0122,0.3436
DIAMONDS ACE HEARTS ACE,0.1524,0.0054,0.8422
CLUBS TEN SPADES JACK,0.5652,0.0104,0.4244
CLUBS NINE SPADES FIVE,0.7102,0.0484,0.2414
DIAMONDS QUEEN DIAMONDS JACK,0.2652,0.0812,0.6536
DIAMONDS KING DIAMONDS EIGHT,0.4034,0.0064,0.5902
SPADES ACE SPADES TWO,0.4094,0.0034,0.5872
DIAMONDS TWO HEARTS TWO,0.4548,0.0296,0.5156
HEARTS THREE SPADES SIX,0.6352,0.0146,0.3502
HEARTS ACE CLUBS ACE,0.158,0.0054,0.8366
HEARTS SIX CLUBS TWO,0.6446,0.014,0.3414
CLUBS TEN SPADES FOUR,0.6412,0.0122,0.3466
CLUBS JACK CLUBS THREE,0.6214,0.0102,0.3684
SPADES KING HEARTS ACE,0.3544,0.0064,0.6392
DIAMONDS THREE SPADES SEVEN,0.6538,0.0138,0.3324
CLUBS KING CLUBS QUEEN,0.2746,0.0244,0.701
HEARTS THREE DIAMONDS EIGHT,0.6582,0.0128,0.329
SPADES NINE HEARTS KING,0.3854,0.0078,0.6068
CLUBS THREE HEARTS TEN,0.643,0.0126,0.3444
SPADES NINE SPADES FOUR,0.6196,0.012,0.3684
CLUBS JACK CLUBS ACE,0.3766,0.0054,0.618
SPADES KING CLUBS TEN,0.3812,0.01,0.6088
CLUBS TWO HEARTS NINE,0.6372,0.0138,0.349
HEARTS SIX DIAMONDS FOUR,0.6246,0.0144,0.361
SPADES ACE CLUBS QUEEN,0.2772,0.0176,0.7052
SPADES ACE SPADES EIGHT,0.3742,0.0052,0.6206
SPADES SIX HEARTS TEN,0.6104,0.0126,0.377
SPADES KING SPADES TEN,0.373,0.0064,0.6206
CLUBS JACK HEARTS KING,0.3624,0.0052,0.6324
SPADES JACK DIAMONDS EIGHT,0.6014,0.0098,0.3888
DIAMONDS KING SPADES FIVE,0.283,0.0394,0.6776
SPADES TEN CLUBS TWO,0.6552,0.0122,0.3326
SPADES EIGHT DIAMONDS FIVE,0.7126,0.0434,0.244
CLUBS TEN CLUBS KING,0.3602,0.0082,0.6316
CLUBS NINE CLUBS KING,0.3672,0.0062,0.6266
SPADES NINE HEARTS NINE,0.3264,0.0192,0.6544
DIAMONDS SEVEN DIAMONDS SIX,0.5656,0.012,0.4224
SPADES NINE CLUBS ACE,0.4116,0.0032,0.5852
CLUBS THREE CLUBS TWO,0.6222,0.0158,0.362
SPADES EIGHT DIAMONDS JACK,0.598,0.0092,0.3928
DIAMONDS THREE CLUBS NINE,0.6442,0.015,0.3408
SPADES KING CLUBS ACE,0.364,0.0048,0.6312
DIAMONDS EIGHT CLUBS QUEEN,0.2788,0.2056,0.5156
SPADES TEN CLUBS ACE,0.3958,0.0044,0.5998
HEARTS FOUR CLUBS SIX,0.6186,0.0108,0.3706
DIAMONDS THREE HEARTS EIGHT,0.6648,0.0092,0.326
SPADES JACK SPADES THREE,0.613,0.0112,0.3758
CLUBS TWO DIAMONDS FIVE,0.7098,0.0518,0.2384
HEARTS FOUR CLUBS ACE,0.4074,0.0046,0.588
CLUBS NINE CLUBS SIX,0.575,0.0094,0.4156
CLUBS TWO HEARTS KING,0.4136,0.0082,0.5782
CLUBS THREE HEARTS KING,0.424,0.008,0.568
SPADES SEVEN SPADES FIVE,0.6508,0.0434,0.3058
CLUBS NINE SPADES THREE,0.6608,0.0132,0.326
DIAMONDS SEVEN HEARTS NINE,0.5896,0.0112,0.3992
CLUBS EIGHT DIAMONDS QUEEN,0.276,0.2228,0.5012
HEARTS FOUR SPADES EIGHT,0.6516,0.0106,0.3378
HEARTS FOUR CLUBS QUEEN,0.3472,0.4468,0.206
CLUBS SIX SPADES THREE,0.6316,0.014,0.3544
SPADES THREE DIAMONDS EIGHT,0.6594,0.0124,0.3282
DIAMONDS ACE DIAMONDS QUEEN,0.2526,0.0178,0.7296
SPADES ACE CLUBS SIX,0.3964,0.0058,0.5978
CLUBS JACK CLUBS NINE,0.5466,0.0136,0.4398
CLUBS TWO HEARTS EIGHT,0.6546,0.0114,0.334
SPADES JACK SPADES FIVE,0.6842,0.0506,0.2652
CLUBS SEVEN CLUBS FOUR,0.6066,0.0108,0.3826
HEARTS SIX HEARTS THREE,0.6352,0.015,0.3498
SPADES NINE DIAMONDS NINE,0.3378,0.0146,0.6476
DIAMONDS THREE SPADES QUEEN,0.3496,0.4376,0.2128
SPADES JACK SPADES TEN,0.5218,0.0102,0.468
