opposingHand,winningChance,drawChance,lostChance
HEARTS SIX CLUBS ACE
HEARTS FIVE SPADES TEN,0.6278,0.0044,0.3678
SPADES JACK HEARTS FIVE,0.6396,0.0028,0.3576
SPADES FIVE CLUBS JACK,0.6244,0.0044,0.3712
CLUBS TEN SPADES FIVE,0.6356,0.004,0.3604
CLUBS EIGHT CLUBS JACK,0.5476,0.0038,0.4486
CLUBS TEN CLUBS EIGHT,0.5478,0.0058,0.4464
CLUBS EIGHT CLUBS KING,0.5816,0.0032,0.4152
CLUBS EIGHT CLUBS QUEEN,0.5706,0.004,0.4254
SPADES FIVE CLUBS KING,0.6418,0.0034,0.3548
SPADES FIVE CLUBS QUEEN,0.636,0.0056,0.3584
DIAMONDS TWO DIAMONDS THREE,0.6094,0.0074,0.3832
DIAMONDS TWO DIAMONDS FIVE,0.6058,0.0064,0.3878
SPADES KING HEARTS FIVE,0.6322,0.0026,0.3652
DIAMONDS TWO DIAMONDS FOUR,0.6158,0.0048,0.3794
SPADES QUEEN HEARTS FIVE,0.6356,0.0036,0.3608
DIAMONDS TWO DIAMONDS SEVEN,0.6046,0.0046,0.3908
DIAMONDS TWO DIAMONDS SIX,0.6946,0.0286,0.2768
SPADES ACE HEARTS FIVE,0.3856,0.3742,0.2402
DIAMONDS TWO DIAMONDS NINE,0.6014,0.0066,0.392
DIAMONDS TWO DIAMONDS EIGHT,0.6076,0.0032,0.3892
DIAMONDS THREE DIAMONDS FOUR,0.5968,0.0076,0.3956
CLUBS TWO SPADES FOUR,0.6622,0.005,0.3328
DIAMONDS THREE DIAMONDS FIVE,0.5996,0.0046,0.3958
SPADES FIVE CLUBS TWO,0.6486,0.0044,0.347
CLUBS TWO SPADES TWO,0.4632,0.0062,0.5306
CLUBS TWO SPADES THREE,0.6508,0.0046,0.3446
DIAMONDS THREE DIAMONDS EIGHT,0.608,0.0032,0.3888
SPADES EIGHT CLUBS TWO,0.628,0.0044,0.3676
DIAMONDS THREE DIAMONDS NINE,0.5974,0.0046,0.398
SPADES NINE CLUBS TWO,0.6386,0.005,0.3564
DIAMONDS THREE DIAMONDS SIX,0.668,0.032,0.3
SPADES SIX CLUBS TWO,0.7432,0.0316,0.2252
DIAMONDS THREE DIAMONDS SEVEN,0.5848,0.0044,0.4108
SPADES SEVEN CLUBS TWO,0.642,0.0042,0.3538
CLUBS SIX CLUBS TWO,0.7012,0.028,0.2708
CLUBS SEVEN CLUBS TWO,0.6198,0.0054,0.3748
CLUBS FOUR CLUBS TWO,0.634,0.0056,0.3604
CLUBS FIVE CLUBS TWO,0.626,0.0056,0.3684
CLUBS TEN CLUBS JACK,0.5208,0.0048,0.4744
DIAMONDS FOUR DIAMONDS SIX,0.6448,0.0274,0.3278
CLUBS TEN CLUBS QUEEN,0.5328,0.0052,0.462
DIAMONDS FOUR DIAMONDS SEVEN,0.581,0.0038,0.4152
CLUBS TEN CLUBS KING,0.5452,0.0032,0.4516
CLUBS EIGHT CLUBS TWO,0.6138,0.0046,0.3816
DIAMONDS FIVE DIAMONDS FOUR,0.5824,0.002,0.4156
CLUBS NINE CLUBS TWO,0.6132,0.005,0.3818
DIAMONDS NINE DIAMONDS FOUR,0.5936,0.0052,0.4012
DIAMONDS EIGHT DIAMONDS FOUR,0.5896,0.0058,0.4046
CLUBS THREE CLUBS TWO,0.6158,0.0078,0.3764
DIAMONDS NINE DIAMONDS FIVE,0.5814,0.0044,0.4142
DIAMONDS TWO CLUBS JACK,0.638,0.0066,0.3554
DIAMONDS EIGHT DIAMONDS FIVE,0.5802,0.0048,0.415
CLUBS TEN DIAMONDS TWO,0.6408,0.0036,0.3556
DIAMONDS FIVE DIAMONDS SEVEN,0.583,0.004,0.413
DIAMONDS FIVE DIAMONDS SIX,0.655,0.026,0.319
DIAMONDS TWO CLUBS KING,0.6484,0.0074,0.3442
DIAMONDS TWO CLUBS QUEEN,0.6364,0.0064,0.3572
DIAMONDS EIGHT DIAMONDS SIX,0.6522,0.0262,0.3216
DIAMONDS NINE DIAMONDS SIX,0.6688,0.0206,0.3106
HEARTS ACE SPADES THREE,0.3786,0.3738,0.2476
SPADES THREE HEARTS KING,0.6404,0.0044,0.3552
DIAMONDS SEVEN DIAMONDS SIX,0.6538,0.0218,0.3244
HEARTS QUEEN SPADES THREE,0.637,0.005,0.358
SPADES THREE HEARTS JACK,0.6408,0.0054,0.3538
SPADES THREE HEARTS TEN,0.6204,0.0054,0.3742
DIAMONDS EIGHT DIAMONDS SEVEN,0.5254,0.0042,0.4704
DIAMONDS NINE DIAMONDS SEVEN,0.5434,0.0044,0.4522
DIAMONDS NINE DIAMONDS EIGHT,0.535,0.0024,0.4626
DIAMONDS KING HEARTS TEN,0.5624,0.0042,0.4334
HEARTS THREE HEARTS TEN,0.6008,0.0044,0.3948
SPADES JACK CLUBS SIX,0.7388,0.025,0.2362
DIAMONDS KING HEARTS JACK,0.5816,0.0046,0.4138
HEARTS THREE HEARTS JACK,0.5896,0.0056,0.4048
SPADES TEN CLUBS SIX,0.7224,0.0234,0.2542
SPADES JACK SPADES FIVE,0.5942,0.0048,0.401
SPADES TEN SPADES FIVE,0.5934,0.0032,0.4034
DIAMONDS KING HEARTS ACE,0.2428,0.0474,0.7098
HEARTS THREE HEARTS ACE,0.3774,0.3562,0.2664
SPADES ACE CLUBS SIX,0.016,0.9736,0.0104
DIAMONDS KING HEARTS QUEEN,0.5714,0.0028,0.4258
HEARTS THREE HEARTS QUEEN,0.5958,0.0052,0.399
SPADES KING CLUBS SIX,0.7394,0.0288,0.2318
DIAMONDS KING HEARTS KING,0.2846,0.0032,0.7122
HEARTS THREE HEARTS KING,0.6002,0.0038,0.396
SPADES QUEEN CLUBS SIX,0.743,0.0308,0.2262
SPADES NINE HEARTS TEN,0.5538,0.0058,0.4404
SPADES NINE HEARTS JACK,0.5596,0.005,0.4354
SPADES QUEEN SPADES FIVE,0.5954,0.0056,0.399
SPADES KING SPADES FIVE,0.59,0.0026,0.4074
SPADES ACE SPADES FIVE,0.3532,0.3502,0.2966
SPADES NINE HEARTS QUEEN,0.5846,0.0034,0.412
SPADES NINE HEARTS KING,0.5938,0.0044,0.4018
SPADES NINE HEARTS ACE,0.2182,0.1752,0.6066
CLUBS TEN SPADES JACK,0.5418,0.0044,0.4538
CLUBS TEN SPADES TEN,0.3066,0.003,0.6904
SPADES ACE CLUBS TEN,0.232,0.1178,0.6502
SPADES KING CLUBS TEN,0.5874,0.0038,0.4088
CLUBS TEN SPADES QUEEN,0.5622,0.0026,0.4352
SPADES FIVE HEARTS QUEEN,0.6354,0.0042,0.3604
SPADES FIVE HEARTS KING,0.638,0.0056,0.3564
HEARTS ACE SPADES FIVE,0.3792,0.375,0.2458
CLUBS EIGHT SPADES TEN,0.568,0.0054,0.4266
HEARTS THREE SPADES JACK,0.6416,0.0022,0.3562
SPADES JACK DIAMONDS KING,0.5776,0.0022,0.4202
SPADES TEN DIAMONDS KING,0.5584,0.0034,0.4382
HEARTS THREE SPADES TEN,0.6358,0.0054,0.3588
SPADES JACK CLUBS EIGHT,0.5852,0.0046,0.4102
CLUBS SIX HEARTS ACE,0.007,0.9874,0.0056
SPADES ACE CLUBS EIGHT,0.2286,0.2248,0.5466
HEARTS FIVE CLUBS JACK,0.6378,0.0058,0.3564
CLUBS TEN HEARTS FIVE,0.6486,0.0044,0.347
CLUBS SIX HEARTS QUEEN,0.7454,0.0318,0.2228
SPADES QUEEN CLUBS EIGHT,0.6074,0.0034,0.3892
CLUBS TEN SPADES THREE,0.6434,0.0042,0.3524
CLUBS SIX HEARTS KING,0.7376,0.0352,0.2272
SPADES KING CLUBS EIGHT,0.6098,0.0046,0.3856
SPADES THREE CLUBS JACK,0.6438,0.0044,0.3518
DIAMONDS TWO HEARTS JACK,0.638,0.0054,0.3566
SPADES THREE CLUBS QUEEN,0.6452,0.0058,0.349
DIAMONDS TWO HEARTS TEN,0.6312,0.0038,0.365
SPADES THREE CLUBS KING,0.6322,0.0044,0.3634
SPADES FIVE HEARTS TEN,0.6364,0.0026,0.361
HEARTS FIVE CLUBS KING,0.6504,0.0054,0.3442
SPADES FIVE HEARTS JACK,0.6252,0.0024,0.3724
HEARTS FIVE CLUBS QUEEN,0.6272,0.0054,0.3674
HEARTS THREE CLUBS KING,0.649,0.0052,0.3458
DIAMONDS KING CLUBS KING,0.2896,0.0036,0.7068
HEARTS THREE CLUBS QUEEN,0.6404,0.0042,0.3554
DIAMONDS KING CLUBS QUEEN,0.5618,0.004,0.4342
HEARTS FIVE HEARTS JACK,0.604,0.005,0.391
HEARTS FIVE HEARTS TEN,0.6182,0.0046,0.3772
SPADES ACE CLUBS QUEEN,0.2444,0.065,0.6906
SPADES KING CLUBS QUEEN,0.5748,0.005,0.4202
HEARTS THREE CLUBS JACK,0.635,0.0048,0.3602
DIAMONDS KING CLUBS JACK,0.577,0.0052,0.4178
SPADES QUEEN CLUBS QUEEN,0.2936,0.0028,0.7036
CLUBS TEN HEARTS THREE,0.6456,0.0052,0.3492
CLUBS TEN DIAMONDS KING,0.5802,0.0056,0.4142
SPADES JACK CLUBS QUEEN,0.564,0.0048,0.4312
CLUBS SIX CLUBS QUEEN,0.7082,0.0284,0.2634
SPADES TEN CLUBS QUEEN,0.5626,0.0032,0.4342
CLUBS SIX CLUBS KING,0.7076,0.0306,0.2618
HEARTS FIVE HEARTS KING,0.6008,0.0058,0.3934
HEARTS FIVE HEARTS QUEEN,0.6142,0.0062,0.3796
CLUBS TEN CLUBS SIX,0.6928,0.0266,0.2806
HEARTS FIVE HEARTS ACE,0.3558,0.3592,0.285
CLUBS SIX CLUBS JACK,0.7118,0.0294,0.2588
SPADES SEVEN HEARTS JACK,0.5932,0.0036,0.4032
SPADES SEVEN HEARTS TEN,0.5898,0.0032,0.407
DIAMONDS TWO CLUBS TWO,0.4722,0.0064,0.5214
DIAMONDS TWO CLUBS THREE,0.6544,0.0048,0.3408
DIAMONDS TWO HEARTS QUEEN,0.634,0.0056,0.3604
HEARTS SEVEN DIAMONDS TWO,0.6452,0.005,0.3498
DIAMONDS TWO HEARTS KING,0.64,0.005,0.355
DIAMONDS TWO HEARTS EIGHT,0.637,0.004,0.359
DIAMONDS TWO HEARTS ACE,0.3732,0.385,0.2418
DIAMONDS TWO HEARTS NINE,0.6424,0.0028,0.3548
DIAMONDS TWO DIAMONDS QUEEN,0.6052,0.0048,0.39
DIAMONDS TWO HEARTS TWO,0.4652,0.0058,0.529
DIAMONDS TWO DIAMONDS KING,0.6046,0.004,0.3914
HEARTS THREE DIAMONDS TWO,0.6592,0.006,0.3348
DIAMONDS TWO DIAMONDS ACE,0.355,0.3524,0.2926
HEARTS FOUR DIAMONDS TWO,0.6588,0.0056,0.3356
DIAMONDS TWO HEARTS FIVE,0.65,0.0058,0.3442
SPADES SEVEN HEARTS ACE,0.2128,0.299,0.4882
DIAMONDS TWO DIAMONDS TEN,0.5854,0.0026,0.412
SPADES SEVEN HEARTS KING,0.5956,0.0048,0.3996
DIAMONDS TWO DIAMONDS JACK,0.6016,0.0038,0.3946
SPADES SEVEN HEARTS QUEEN,0.6024,0.0042,0.3934
DIAMONDS TWO SPADES NINE,0.6534,0.0042,0.3424
DIAMONDS TWO SPADES EIGHT,0.639,0.0044,0.3566
DIAMONDS TWO SPADES SEVEN,0.6496,0.0056,0.3448
DIAMONDS TWO SPADES SIX,0.7346,0.032,0.2334
DIAMONDS TWO SPADES FIVE,0.64,0.0052,0.3548
DIAMONDS TWO SPADES FOUR,0.6484,0.0058,0.3458
DIAMONDS TWO SPADES THREE,0.6458,0.0062,0.348
DIAMONDS TWO SPADES TWO,0.4536,0.005,0.5414
CLUBS NINE DIAMONDS TWO,0.6498,0.006,0.3442
DIAMONDS TWO CLUBS EIGHT,0.6432,0.005,0.3518
CLUBS SEVEN DIAMONDS TWO,0.6592,0.0042,0.3366
DIAMONDS TWO CLUBS SIX,0.742,0.0342,0.2238
DIAMONDS TWO CLUBS FIVE,0.6498,0.0052,0.345
DIAMONDS TWO CLUBS FOUR,0.6634,0.0042,0.3324
CLUBS FOUR SPADES FIVE,0.6232,0.0046,0.3722
CLUBS FOUR SPADES FOUR,0.4484,0.0052,0.5464
CLUBS FOUR SPADES THREE,0.6412,0.006,0.3528
CLUBS FOUR SPADES TWO,0.6468,0.0056,0.3476
SPADES NINE CLUBS FOUR,0.6388,0.0062,0.355
SPADES EIGHT CLUBS FOUR,0.6396,0.0052,0.3552
SPADES SEVEN CLUBS FOUR,0.6226,0.004,0.3734
CLUBS FOUR SPADES SIX,0.6984,0.0302,0.2714
SPADES ACE DIAMONDS SIX,0.0242,0.9536,0.0222
SPADES QUEEN DIAMONDS SIX,0.7302,0.034,0.2358
SPADES KING DIAMONDS SIX,0.7342,0.0274,0.2384
SPADES TEN DIAMONDS SIX,0.7284,0.0248,0.2468
SPADES JACK DIAMONDS SIX,0.729,0.0302,0.2408
SPADES QUEEN SPADES TWO,0.598,0.0048,0.3972
SPADES KING SPADES TWO,0.5824,0.0036,0.414
SPADES ACE SPADES TWO,0.3634,0.3486,0.288
DIAMONDS JACK CLUBS JACK,0.3012,0.0048,0.694
CLUBS TEN DIAMONDS JACK,0.5448,0.0044,0.4508
DIAMONDS JACK CLUBS KING,0.5812,0.005,0.4138
DIAMONDS JACK CLUBS QUEEN,0.5516,0.0044,0.444
DIAMONDS THREE DIAMONDS JACK,0.593,0.0038,0.4032
DIAMONDS THREE DIAMONDS TEN,0.6,0.003,0.397
DIAMONDS THREE DIAMONDS KING,0.593,0.0054,0.4016
HEARTS THREE DIAMONDS THREE,0.4714,0.0064,0.5222
DIAMONDS THREE DIAMONDS QUEEN,0.5856,0.0042,0.4102
DIAMONDS THREE HEARTS TWO,0.665,0.0052,0.3298
HEARTS FIVE DIAMONDS THREE,0.6318,0.007,0.3612
DIAMONDS THREE DIAMONDS ACE,0.3452,0.3554,0.2994
HEARTS FOUR DIAMONDS THREE,0.6354,0.0052,0.3594
HEARTS SEVEN DIAMONDS THREE,0.6356,0.0052,0.3592
SPADES TEN SPADES NINE,0.5142,0.0036,0.4822
SPADES JACK SPADES NINE,0.5288,0.0032,0.468
DIAMONDS THREE HEARTS NINE,0.6316,0.0052,0.3632
HEARTS JACK DIAMONDS FOUR,0.6272,0.0044,0.3684
HEARTS ACE HEARTS KING,0.2372,0.0392,0.7236
SPADES TEN SPADES TWO,0.5926,0.003,0.4044
DIAMONDS THREE HEARTS EIGHT,0.6558,0.0054,0.3388
HEARTS TEN DIAMONDS FOUR,0.6386,0.0028,0.3586
SPADES JACK SPADES TWO,0.5888,0.0048,0.4064
HEARTS QUEEN DIAMONDS FOUR,0.6346,0.0044,0.361
HEARTS KING DIAMONDS FOUR,0.63,0.0056,0.3644
SPADES ACE SPADES NINE,0.2264,0.1598,0.6138
HEARTS ACE DIAMONDS FOUR,0.3728,0.384,0.2432
SPADES KING SPADES NINE,0.5496,0.0048,0.4456
SPADES QUEEN SPADES NINE,0.5472,0.003,0.4498
DIAMONDS THREE SPADES NINE,0.6456,0.0042,0.3502
DIAMONDS THREE SPADES EIGHT,0.6384,0.0044,0.3572
DIAMONDS THREE SPADES SEVEN,0.6294,0.0048,0.3658
DIAMONDS THREE SPADES SIX,0.7204,0.027,0.2526
DIAMONDS THREE CLUBS SIX,0.714,0.0302,0.2558
CLUBS FIVE CLUBS SIX,0.6634,0.0256,0.311
CLUBS SEVEN DIAMONDS THREE,0.6448,0.0066,0.3486
CLUBS SEVEN CLUBS FIVE,0.5932,0.0054,0.4014
DIAMONDS THREE CLUBS FOUR,0.6336,0.006,0.3604
DIAMONDS FOUR CLUBS QUEEN,0.628,0.005,0.367
DIAMONDS THREE CLUBS FIVE,0.6302,0.0066,0.3632
CLUBS KING DIAMONDS FOUR,0.639,0.0046,0.3564
DIAMONDS THREE CLUBS TWO,0.648,0.0056,0.3464
CLUBS TEN DIAMONDS FOUR,0.6434,0.0052,0.3514
DIAMONDS THREE CLUBS THREE,0.4476,0.007,0.5454
DIAMONDS FOUR CLUBS JACK,0.6282,0.0042,0.3676
DIAMONDS THREE SPADES FOUR,0.6414,0.0046,0.354
DIAMONDS THREE SPADES FIVE,0.6344,0.006,0.3596
DIAMONDS THREE SPADES TWO,0.6468,0.0058,0.3474
DIAMONDS THREE SPADES THREE,0.4492,0.006,0.5448
CLUBS EIGHT DIAMONDS THREE,0.6518,0.0064,0.3418
CLUBS NINE DIAMONDS THREE,0.6468,0.003,0.3502
SPADES SEVEN CLUBS QUEEN,0.605,0.0044,0.3906
SPADES SEVEN CLUBS KING,0.615,0.0038,0.3812
CLUBS FIVE SPADES SEVEN,0.6014,0.0042,0.3944
CLUBS TEN SPADES SEVEN,0.597,0.004,0.399
CLUBS FIVE SPADES SIX,0.7024,0.0226,0.275
SPADES SEVEN CLUBS JACK,0.5802,0.0046,0.4152
CLUBS FIVE SPADES NINE,0.6264,0.0044,0.3692
CLUBS FIVE SPADES EIGHT,0.62,0.0052,0.3748
CLUBS FIVE SPADES THREE,0.6252,0.0038,0.371
CLUBS FIVE SPADES TWO,0.644,0.0056,0.3504
CLUBS FIVE SPADES FIVE,0.435,0.005,0.56
CLUBS FIVE SPADES FOUR,0.6278,0.0056,0.3666
CLUBS NINE CLUBS FIVE,0.602,0.0058,0.3922
CLUBS EIGHT CLUBS FIVE,0.5978,0.0036,0.3986
CLUBS KING CLUBS QUEEN,0.5372,0.0046,0.4582
DIAMONDS TEN DIAMONDS FOUR,0.5982,0.0046,0.3972
CLUBS TEN DIAMONDS NINE,0.5526,0.004,0.4434
DIAMONDS JACK DIAMONDS FOUR,0.5968,0.0044,0.3988
DIAMONDS NINE CLUBS JACK,0.5592,0.0022,0.4386
SPADES NINE CLUBS JACK,0.5652,0.0054,0.4294
CLUBS TEN SPADES NINE,0.5612,0.004,0.4348
DIAMONDS ACE DIAMONDS FOUR,0.363,0.3486,0.2884
HEARTS FOUR DIAMONDS FOUR,0.4518,0.0052,0.543
DIAMONDS JACK HEARTS TEN,0.5502,0.004,0.4458
SPADES NINE CLUBS KING,0.578,0.0018,0.4202
DIAMONDS TWO SPADES TEN,0.6214,0.005,0.3736
HEARTS FIVE DIAMONDS FOUR,0.6252,0.0036,0.3712
DIAMONDS JACK HEARTS JACK,0.3004,0.0034,0.6962
SPADES NINE CLUBS QUEEN,0.5804,0.0048,0.4148
DIAMONDS TWO SPADES JACK,0.632,0.004,0.364
DIAMONDS QUEEN DIAMONDS FOUR,0.575,0.0048,0.4202
HEARTS TWO DIAMONDS FOUR,0.6596,0.0042,0.3362
DIAMONDS NINE CLUBS QUEEN,0.5676,0.0054,0.427
DIAMONDS KING DIAMONDS FOUR,0.5854,0.0044,0.4102
HEARTS THREE DIAMONDS FOUR,0.6464,0.004,0.3496
DIAMONDS NINE CLUBS KING,0.5962,0.003,0.4008
HEARTS ACE DIAMONDS JACK,0.222,0.0912,0.6868
SPADES ACE DIAMONDS TWO,0.379,0.3696,0.2514
HEARTS QUEEN DIAMONDS JACK,0.5644,0.0038,0.4318
SPADES QUEEN DIAMONDS TWO,0.6318,0.004,0.3642
DIAMONDS JACK HEARTS KING,0.5806,0.005,0.4144
SPADES KING DIAMONDS TWO,0.6444,0.0042,0.3514
SPADES JACK SPADES SEVEN,0.5544,0.0034,0.4422
SPADES TEN SPADES SEVEN,0.5482,0.0028,0.449
CLUBS SEVEN CLUBS THREE,0.619,0.0064,0.3746
CLUBS SIX CLUBS THREE,0.6868,0.0298,0.2834
CLUBS FIVE CLUBS THREE,0.6042,0.0058,0.39
CLUBS THREE CLUBS FOUR,0.6116,0.0056,0.3828
CLUBS NINE CLUBS THREE,0.615,0.0044,0.3806
CLUBS EIGHT CLUBS THREE,0.6162,0.0072,0.3766
CLUBS THREE SPADES FIVE,0.6298,0.005,0.3652
CLUBS THREE SPADES FOUR,0.648,0.005,0.347
CLUBS THREE SPADES THREE,0.454,0.0046,0.5414
CLUBS THREE SPADES TWO,0.6486,0.0054,0.346
CLUBS THREE SPADES SIX,0.7314,0.031,0.2376
CLUBS THREE SPADES SEVEN,0.6404,0.0044,0.3552
SPADES EIGHT CLUBS THREE,0.648,0.0058,0.3462
SPADES NINE CLUBS THREE,0.644,0.003,0.353
SPADES TWO DIAMONDS FOUR,0.6592,0.0058,0.335
SPADES THREE DIAMONDS FOUR,0.6296,0.004,0.3664
SPADES FOUR DIAMONDS FOUR,0.461,0.005,0.534
SPADES FIVE DIAMONDS FOUR,0.6196,0.004,0.3764
SPADES SIX DIAMONDS FOUR,0.7072,0.0276,0.2652
SPADES SEVEN DIAMONDS FOUR,0.622,0.0044,0.3736
SPADES EIGHT DIAMONDS FOUR,0.6396,0.004,0.3564
SPADES NINE DIAMONDS FOUR,0.6374,0.0036,0.359
CLUBS FIVE DIAMONDS FOUR,0.6184,0.007,0.3746
CLUBS FOUR DIAMONDS FOUR,0.4596,0.0062,0.5342
CLUBS SEVEN DIAMONDS FOUR,0.616,0.005,0.379
CLUBS SIX DIAMONDS FOUR,0.7142,0.0268,0.259
CLUBS NINE DIAMONDS FOUR,0.6396,0.004,0.3564
CLUBS EIGHT DIAMONDS FOUR,0.6276,0.0068,0.3656
HEARTS SEVEN DIAMONDS FOUR,0.6164,0.0048,0.3788
DIAMONDS FOUR HEARTS NINE,0.6484,0.0038,0.3478
DIAMONDS FOUR HEARTS EIGHT,0.6384,0.0038,0.3578
CLUBS THREE DIAMONDS FOUR,0.6468,0.0046,0.3486
CLUBS TWO DIAMONDS FOUR,0.649,0.004,0.347
DIAMONDS TEN DIAMONDS FIVE,0.5862,0.0042,0.4096
DIAMONDS JACK DIAMONDS FIVE,0.5822,0.0052,0.4126
DIAMONDS NINE HEARTS QUEEN,0.584,0.003,0.413
DIAMONDS NINE HEARTS KING,0.5998,0.0032,0.397
HEARTS ACE DIAMONDS NINE,0.2276,0.1668,0.6056
DIAMONDS NINE HEARTS TEN,0.5562,0.0034,0.4404
DIAMONDS NINE HEARTS JACK,0.55,0.0048,0.4452
CLUBS KING DIAMONDS SIX,0.7376,0.027,0.2354
CLUBS QUEEN DIAMONDS SIX,0.7434,0.0278,0.2288
SPADES KING DIAMONDS FOUR,0.6316,0.002,0.3664
SPADES ACE SPADES SEVEN,0.2104,0.2898,0.4998
SPADES QUEEN DIAMONDS FOUR,0.645,0.0044,0.3506
SPADES QUEEN SPADES SEVEN,0.5676,0.0034,0.429
CLUBS JACK DIAMONDS SIX,0.7368,0.0266,0.2366
SPADES KING SPADES SEVEN,0.5552,0.0036,0.4412
SPADES ACE DIAMONDS FOUR,0.3716,0.3754,0.253
CLUBS TEN DIAMONDS SIX,0.728,0.0252,0.2468
CLUBS NINE CLUBS FOUR,0.614,0.005,0.381
CLUBS EIGHT CLUBS FOUR,0.5996,0.0038,0.3966
SPADES JACK DIAMONDS FOUR,0.6292,0.004,0.3668
SPADES TEN DIAMONDS FOUR,0.625,0.0054,0.3696
CLUBS FIVE CLUBS FOUR,0.5892,0.0056,0.4052
CLUBS SEVEN CLUBS FOUR,0.6008,0.0046,0.3946
CLUBS SIX CLUBS FOUR,0.6822,0.025,0.2928
CLUBS SEVEN SPADES EIGHT,0.5626,0.003,0.4344
CLUBS SEVEN SPADES NINE,0.5914,0.004,0.4046
CLUBS SEVEN SPADES SIX,0.7002,0.0176,0.2822
CLUBS SEVEN SPADES SEVEN,0.355,0.0042,0.6408
CLUBS SEVEN SPADES FIVE,0.6114,0.0044,0.3842
CLUBS SEVEN SPADES FOUR,0.6264,0.0044,0.3692
CLUBS SEVEN SPADES THREE,0.641,0.0046,0.3544
CLUBS SEVEN SPADES TWO,0.6576,0.0042,0.3382
CLUBS NINE CLUBS SEVEN,0.562,0.0062,0.4318
CLUBS SEVEN CLUBS EIGHT,0.5482,0.0034,0.4484
HEARTS SEVEN DIAMONDS FIVE,0.6074,0.0046,0.388
DIAMONDS FIVE HEARTS EIGHT,0.6218,0.0044,0.3738
DIAMONDS FIVE HEARTS NINE,0.6352,0.0052,0.3596
DIAMONDS QUEEN DIAMONDS FIVE,0.587,0.0032,0.4098
HEARTS TWO DIAMONDS FIVE,0.6644,0.005,0.3306
HEARTS KING HEARTS EIGHT,0.5626,0.0042,0.4332
DIAMONDS KING DIAMONDS FIVE,0.5936,0.004,0.4024
HEARTS THREE DIAMONDS FIVE,0.6476,0.005,0.3474
HEARTS QUEEN HEARTS EIGHT,0.547,0.0048,0.4482
DIAMONDS ACE DIAMONDS FIVE,0.3478,0.3648,0.2874
HEARTS FOUR DIAMONDS FIVE,0.6212,0.0052,0.3736
HEARTS FIVE DIAMONDS FIVE,0.4522,0.0048,0.543
HEARTS ACE HEARTS EIGHT,0.22,0.216,0.564
CLUBS FOUR DIAMONDS FIVE,0.6184,0.0038,0.3778
CLUBS FIVE DIAMONDS FIVE,0.4582,0.0054,0.5364
CLUBS SIX DIAMONDS FIVE,0.6952,0.0288,0.276
CLUBS SEVEN DIAMONDS FIVE,0.6188,0.0044,0.3768
CLUBS TWO DIAMONDS FIVE,0.6442,0.0054,0.3504
CLUBS THREE DIAMONDS FIVE,0.6462,0.006,0.3478
SPADES THREE DIAMONDS FIVE,0.637,0.003,0.36
SPADES TWO DIAMONDS FIVE,0.6562,0.005,0.3388
SPADES JACK DIAMONDS EIGHT,0.5798,0.0034,0.4168
SPADES FIVE DIAMONDS FIVE,0.4494,0.0046,0.546
CLUBS TEN HEARTS JACK,0.5448,0.004,0.4512
SPADES TEN DIAMONDS EIGHT,0.568,0.0034,0.4286
SPADES FOUR DIAMONDS FIVE,0.6218,0.0044,0.3738
HEARTS JACK CLUBS JACK,0.3094,0.004,0.6866
HEARTS JACK CLUBS QUEEN,0.5612,0.0046,0.4342
CLUBS NINE DIAMONDS FIVE,0.6292,0.004,0.3668
CLUBS KING HEARTS JACK,0.574,0.0044,0.4216
CLUBS EIGHT DIAMONDS FIVE,0.638,0.0034,0.3586
SPADES SEVEN DIAMONDS FIVE,0.603,0.0048,0.3922
SPADES KING DIAMONDS EIGHT,0.6154,0.0032,0.3814
SPADES QUEEN DIAMONDS EIGHT,0.5854,0.0022,0.4124
SPADES SIX DIAMONDS FIVE,0.7,0.0246,0.2754
SPADES NINE DIAMONDS FIVE,0.6256,0.0032,0.3712
SPADES EIGHT DIAMONDS FIVE,0.618,0.0042,0.3778
SPADES ACE DIAMONDS EIGHT,0.2276,0.2222,0.5502
DIAMONDS TEN DIAMONDS SIX,0.6866,0.0266,0.2868
HEARTS ACE DIAMONDS SEVEN,0.2146,0.3088,0.4766
DIAMONDS JACK DIAMONDS SIX,0.6964,0.0264,0.2772
HEARTS QUEEN DIAMONDS SEVEN,0.5928,0.0062,0.401
HEARTS KING DIAMONDS SEVEN,0.6012,0.003,0.3958
DIAMONDS ACE DIAMONDS SIX,0.0202,0.9134,0.0664
HEARTS FOUR DIAMONDS SIX,0.7206,0.0246,0.2548
SPADES TWO HEARTS JACK,0.629,0.0058,0.3652
HEARTS FIVE DIAMONDS SIX,0.685,0.0254,0.2896
SPADES TWO HEARTS TEN,0.6278,0.006,0.3662
DIAMONDS QUEEN DIAMONDS SIX,0.6976,0.0286,0.2738
HEARTS TWO DIAMONDS SIX,0.7442,0.0294,0.2264
DIAMONDS KING DIAMONDS SIX,0.6916,0.0274,0.281
HEARTS THREE DIAMONDS SIX,0.719,0.024,0.257
HEARTS EIGHT DIAMONDS SIX,0.6926,0.0246,0.2828
HEARTS NINE DIAMONDS SIX,0.7166,0.0218,0.2616
HEARTS SEVEN DIAMONDS SIX,0.6714,0.024,0.3046
HEARTS TEN DIAMONDS SEVEN,0.5872,0.0022,0.4106
CLUBS TWO DIAMONDS SIX,0.7376,0.0332,0.2292
HEARTS JACK DIAMONDS SEVEN,0.584,0.0024,0.4136
CLUBS THREE DIAMONDS SIX,0.7278,0.0296,0.2426
CLUBS SEVEN DIAMONDS SIX,0.6828,0.0178,0.2994
DIAMONDS EIGHT CLUBS JACK,0.5902,0.0034,0.4064
CLUBS SIX DIAMONDS SIX,0.3076,0.0274,0.665
CLUBS TEN DIAMONDS EIGHT,0.5758,0.0036,0.4206
CLUBS FIVE DIAMONDS SIX,0.7012,0.0266,0.2722
CLUBS FOUR DIAMONDS SIX,0.717,0.0306,0.2524
HEARTS ACE HEARTS JACK,0.2252,0.0792,0.6956
HEARTS QUEEN HEARTS JACK,0.5266,0.0056,0.4678
DIAMONDS EIGHT CLUBS KING,0.6074,0.0034,0.3892
CLUBS NINE DIAMONDS SIX,0.7206,0.025,0.2544
HEARTS KING HEARTS JACK,0.5528,0.0028,0.4444
DIAMONDS EIGHT CLUBS QUEEN,0.6054,0.003,0.3916
CLUBS EIGHT DIAMONDS SIX,0.7076,0.0232,0.2692
SPADES TEN HEARTS KING,0.5736,0.0048,0.4216
SPADES FIVE DIAMONDS SIX,0.6862,0.023,0.2908
HEARTS ACE SPADES TWO,0.3696,0.385,0.2454
SPADES JACK HEARTS KING,0.565,0.0058,0.4292
SPADES FOUR DIAMONDS SIX,0.7072,0.0256,0.2672
SPADES THREE DIAMONDS SIX,0.7182,0.0304,0.2514
HEARTS QUEEN SPADES TWO,0.6432,0.005,0.3518
SPADES ACE SPADES KING,0.2342,0.0416,0.7242
HEARTS KING SPADES TWO,0.6372,0.0048,0.358
SPADES TWO DIAMONDS SIX,0.7302,0.031,0.2388
HEARTS TEN HEARTS EIGHT,0.5328,0.0042,0.463
SPADES NINE DIAMONDS SIX,0.7166,0.02,0.2634
HEARTS JACK HEARTS EIGHT,0.552,0.0042,0.4438
SPADES EIGHT DIAMONDS SIX,0.7042,0.0256,0.2702
SPADES SEVEN DIAMONDS SIX,0.6882,0.021,0.2908
SPADES SIX DIAMONDS SIX,0.3138,0.0276,0.6586
SPADES KING HEARTS KING,0.2736,0.0058,0.7206
SPADES QUEEN HEARTS KING,0.566,0.0036,0.4304
SPADES ACE HEARTS KING,0.2444,0.0442,0.7114
SPADES ACE HEARTS JACK,0.2428,0.0814,0.6758
SPADES QUEEN HEARTS JACK,0.5574,0.0046,0.438
SPADES KING HEARTS JACK,0.5584,0.0034,0.4382
SPADES TEN DIAMONDS TEN,0.3192,0.0026,0.6782
SPADES JACK DIAMONDS TEN,0.5314,0.0026,0.466
SPADES ACE DIAMONDS TEN,0.2408,0.1178,0.6414
SPADES JACK HEARTS JACK,0.3006,0.0032,0.6962
SPADES TEN HEARTS JACK,0.5438,0.0052,0.451
SPADES QUEEN DIAMONDS TEN,0.5576,0.0042,0.4382
SPADES KING DIAMONDS TEN,0.5682,0.0044,0.4274
SPADES NINE DIAMONDS SEVEN,0.5836,0.0022,0.4142
SPADES EIGHT DIAMONDS SEVEN,0.5824,0.002,0.4156
SPADES SEVEN DIAMONDS SEVEN,0.3326,0.0026,0.6648
SPADES SIX DIAMONDS SEVEN,0.6884,0.0212,0.2904
DIAMONDS KING DIAMONDS SEVEN,0.5542,0.0032,0.4426
HEARTS THREE DIAMONDS SEVEN,0.6312,0.0032,0.3656
HEARTS KING DIAMONDS FIVE,0.6424,0.0052,0.3524
DIAMONDS QUEEN DIAMONDS SEVEN,0.5658,0.0026,0.4316
HEARTS TWO DIAMONDS SEVEN,0.645,0.0032,0.3518
HEARTS QUEEN DIAMONDS FIVE,0.649,0.0046,0.3464
HEARTS FIVE DIAMONDS SEVEN,0.6082,0.004,0.3878
DIAMONDS ACE DIAMONDS SEVEN,0.2082,0.2914,0.5004
HEARTS FOUR DIAMONDS SEVEN,0.6248,0.0032,0.372
HEARTS ACE DIAMONDS FIVE,0.3638,0.3816,0.2546
HEARTS SEVEN DIAMONDS SEVEN,0.3368,0.0038,0.6594
DIAMONDS SEVEN HEARTS NINE,0.589,0.0046,0.4064
HEARTS EIGHT DIAMONDS SEVEN,0.5666,0.0022,0.4312
DIAMONDS JACK DIAMONDS SEVEN,0.5482,0.0052,0.4466
DIAMONDS FIVE HEARTS JACK,0.6282,0.0042,0.3676
DIAMONDS TEN DIAMONDS SEVEN,0.5478,0.0028,0.4494
HEARTS TEN DIAMONDS FIVE,0.628,0.0046,0.3674
SPADES KING CLUBS TWO,0.6468,0.005,0.3482
HEARTS KING CLUBS KING,0.2862,0.005,0.7088
CLUBS EIGHT DIAMONDS SEVEN,0.5606,0.0034,0.436
SPADES QUEEN CLUBS TWO,0.6306,0.0052,0.3642
HEARTS KING CLUBS QUEEN,0.5734,0.003,0.4236
CLUBS NINE DIAMONDS SEVEN,0.5918,0.004,0.4042
SPADES TWO CLUBS JACK,0.6376,0.0046,0.3578
SPADES ACE CLUBS TWO,0.3796,0.3856,0.2348
CLUBS TEN SPADES TWO,0.6478,0.0052,0.347
CLUBS SEVEN CLUBS SIX,0.6766,0.0206,0.3028
SPADES TWO CLUBS KING,0.653,0.0056,0.3414
SPADES TWO DIAMONDS SEVEN,0.6514,0.0044,0.3442
CLUBS EIGHT CLUBS SIX,0.6722,0.0186,0.3092
SPADES THREE DIAMONDS SEVEN,0.6434,0.0044,0.3522
SPADES TWO CLUBS QUEEN,0.6284,0.005,0.3666
CLUBS NINE CLUBS SIX,0.679,0.0234,0.2976
SPADES FOUR DIAMONDS SEVEN,0.6162,0.004,0.3798
HEARTS KING CLUBS JACK,0.567,0.004,0.429
SPADES FIVE DIAMONDS SEVEN,0.6104,0.0016,0.388
CLUBS TEN HEARTS KING,0.568,0.0046,0.4274
CLUBS SIX SPADES TWO,0.7284,0.0316,0.24
CLUBS SIX SPADES THREE,0.7254,0.0284,0.2462
CLUBS TWO DIAMONDS SEVEN,0.656,0.0044,0.3396
CLUBS SIX SPADES FOUR,0.7066,0.027,0.2664
CLUBS THREE DIAMONDS SEVEN,0.6394,0.0066,0.354
CLUBS SIX SPADES FIVE,0.6928,0.0262,0.281
CLUBS FOUR DIAMONDS SEVEN,0.6284,0.0046,0.367
CLUBS SIX SPADES SIX,0.3142,0.0244,0.6614
CLUBS FIVE DIAMONDS SEVEN,0.615,0.0048,0.3802
CLUBS SIX SPADES SEVEN,0.6818,0.023,0.2952
CLUBS SIX DIAMONDS SEVEN,0.6912,0.0238,0.285
CLUBS SIX SPADES EIGHT,0.6904,0.0208,0.2888
SPADES JACK CLUBS TWO,0.6342,0.0072,0.3586
CLUBS SEVEN DIAMONDS SEVEN,0.3456,0.0048,0.6496
SPADES NINE CLUBS SIX,0.7058,0.0246,0.2696
SPADES TEN CLUBS TWO,0.653,0.0058,0.3412
CLUBS TWO CLUBS QUEEN,0.6042,0.0048,0.391
CLUBS TWO CLUBS KING,0.6092,0.0054,0.3854
CLUBS THREE DIAMONDS EIGHT,0.6552,0.0034,0.3414
CLUBS TWO DIAMONDS EIGHT,0.6502,0.0042,0.3456
HEARTS SEVEN DIAMONDS EIGHT,0.567,0.0026,0.4304
DIAMONDS EIGHT HEARTS NINE,0.568,0.0038,0.4282
CLUBS TEN CLUBS TWO,0.617,0.005,0.378
DIAMONDS EIGHT HEARTS EIGHT,0.3468,0.0036,0.6496
CLUBS TWO CLUBS JACK,0.6072,0.005,0.3878
CLUBS NINE DIAMONDS EIGHT,0.5694,0.0036,0.427
CLUBS EIGHT DIAMONDS EIGHT,0.343,0.0042,0.6528
CLUBS FIVE DIAMONDS EIGHT,0.62,0.0042,0.3758
SPADES ACE SPADES THREE,0.3498,0.3582,0.292
CLUBS FOUR DIAMONDS EIGHT,0.633,0.0048,0.3622
CLUBS SEVEN DIAMONDS EIGHT,0.5788,0.0032,0.418
SPADES QUEEN SPADES THREE,0.5786,0.003,0.4184
CLUBS SIX DIAMONDS EIGHT,0.6896,0.0266,0.2838
SPADES KING SPADES THREE,0.5974,0.005,0.3976
DIAMONDS QUEEN DIAMONDS EIGHT,0.5602,0.0038,0.436
HEARTS TWO DIAMONDS EIGHT,0.6464,0.0048,0.3488
DIAMONDS KING DIAMONDS EIGHT,0.563,0.0028,0.4342
HEARTS THREE DIAMONDS EIGHT,0.6456,0.0048,0.3496
DIAMONDS ACE DIAMONDS EIGHT,0.1988,0.2184,0.5828
HEARTS FOUR DIAMONDS EIGHT,0.6388,0.0024,0.3588
HEARTS FIVE DIAMONDS EIGHT,0.6254,0.0036,0.371
DIAMONDS EIGHT DIAMONDS TEN,0.5304,0.004,0.4656
DIAMONDS EIGHT DIAMONDS JACK,0.5432,0.0044,0.4524
SPADES JACK SPADES THREE,0.5918,0.0022,0.406
SPADES TEN SPADES THREE,0.5992,0.0048,0.396
CLUBS FOUR HEARTS ACE,0.3776,0.3892,0.2332
CLUBS FOUR HEARTS QUEEN,0.6332,0.0058,0.361
CLUBS FOUR HEARTS KING,0.636,0.0046,0.3594
CLUBS SIX HEARTS TEN,0.7212,0.0254,0.2534
CLUBS SIX HEARTS JACK,0.7366,0.0246,0.2388
DIAMONDS EIGHT SPADES FOUR,0.6376,0.0036,0.3588
SPADES FIVE DIAMONDS EIGHT,0.6172,0.0032,0.3796
DIAMONDS EIGHT SPADES TWO,0.6362,0.0038,0.36
DIAMONDS EIGHT SPADES THREE,0.6494,0.0038,0.3468
CLUBS FOUR HEARTS JACK,0.6268,0.0068,0.3664
SPADES EIGHT DIAMONDS EIGHT,0.3348,0.0022,0.663
SPADES TEN DIAMONDS QUEEN,0.5716,0.0036,0.4248
SPADES TEN HEARTS TWO,0.6408,0.0042,0.355
SPADES JACK HEARTS EIGHT,0.5704,0.0042,0.4254
CLUBS FOUR HEARTS TEN,0.6314,0.0056,0.363
SPADES NINE DIAMONDS EIGHT,0.5674,0.0032,0.4294
SPADES TEN HEARTS EIGHT,0.5924,0.0044,0.4032
SPADES JACK HEARTS TWO,0.6408,0.005,0.3542
SPADES JACK DIAMONDS QUEEN,0.554,0.003,0.443
SPADES SIX DIAMONDS EIGHT,0.6916,0.021,0.2874
SPADES SEVEN DIAMONDS EIGHT,0.5772,0.0016,0.4212
SPADES ACE HEARTS TWO,0.3672,0.39,0.2428
SPADES ACE DIAMONDS QUEEN,0.246,0.0548,0.6992
SPADES ACE HEARTS EIGHT,0.2128,0.2136,0.5736
SPADES KING HEARTS EIGHT,0.6088,0.0044,0.3868
SPADES QUEEN HEARTS TWO,0.6308,0.0046,0.3646
SPADES QUEEN DIAMONDS QUEEN,0.2944,0.0018,0.7038
SPADES KING DIAMONDS QUEEN,0.5738,0.003,0.4232
SPADES KING HEARTS TWO,0.664,0.0042,0.3318
SPADES QUEEN HEARTS EIGHT,0.5824,0.0042,0.4134
CLUBS TWO HEARTS TEN,0.636,0.005,0.359
CLUBS TWO HEARTS JACK,0.621,0.0062,0.3728
SPADES SEVEN DIAMONDS NINE,0.5908,0.0026,0.4066
SPADES SIX DIAMONDS NINE,0.7054,0.0236,0.271
SPADES NINE DIAMONDS NINE,0.3288,0.002,0.6692
SPADES EIGHT DIAMONDS NINE,0.5596,0.0028,0.4376
SPADES TEN CLUBS KING,0.5652,0.0056,0.4292
DIAMONDS NINE SPADES THREE,0.6384,0.004,0.3576
SPADES JACK CLUBS KING,0.5812,0.0046,0.4142
DIAMONDS NINE SPADES TWO,0.6414,0.004,0.3546
DIAMONDS NINE SPADES FIVE,0.6146,0.0032,0.3822
DIAMONDS NINE SPADES FOUR,0.6602,0.0038,0.336
CLUBS NINE DIAMONDS NINE,0.3284,0.0044,0.6672
CLUBS EIGHT DIAMONDS NINE,0.5748,0.0044,0.4208
CLUBS SIX DIAMONDS NINE,0.7172,0.0258,0.257
SPADES JACK CLUBS FOUR,0.6578,0.0036,0.3386
CLUBS SEVEN DIAMONDS NINE,0.5814,0.0036,0.415
SPADES TEN CLUBS FOUR,0.631,0.0046,0.3644
CLUBS FOUR DIAMONDS NINE,0.6558,0.0042,0.34
CLUBS FIVE DIAMONDS NINE,0.6382,0.0042,0.3576
DIAMONDS NINE CLUBS TWO,0.6494,0.0064,0.3442
CLUBS THREE DIAMONDS NINE,0.6424,0.0058,0.3518
DIAMONDS NINE HEARTS EIGHT,0.5648,0.0048,0.4304
DIAMONDS NINE HEARTS NINE,0.3258,0.0034,0.6708
HEARTS SEVEN DIAMONDS NINE,0.573,0.0038,0.4232
CLUBS NINE CLUBS EIGHT,0.5558,0.005,0.4392
DIAMONDS ACE DIAMONDS NINE,0.2248,0.1522,0.623
HEARTS FOUR DIAMONDS NINE,0.6426,0.0046,0.3528
HEARTS FIVE DIAMONDS NINE,0.6252,0.004,0.3708
HEARTS ACE CLUBS TWO,0.3754,0.3874,0.2372
SPADES ACE CLUBS FOUR,0.3782,0.3802,0.2416
DIAMONDS QUEEN DIAMONDS NINE,0.5426,0.0044,0.453
HEARTS TWO DIAMONDS NINE,0.6512,0.0042,0.3446
CLUBS TWO HEARTS KING,0.6306,0.0076,0.3618
SPADES KING CLUBS FOUR,0.6342,0.0056,0.3602
DIAMONDS KING DIAMONDS NINE,0.5536,0.0044,0.442
HEARTS THREE DIAMONDS NINE,0.643,0.0046,0.3524
CLUBS TWO HEARTS QUEEN,0.6362,0.0064,0.3574
SPADES QUEEN CLUBS FOUR,0.629,0.0058,0.3652
DIAMONDS NINE DIAMONDS JACK,0.523,0.0034,0.4736
CLUBS EIGHT SPADES NINE,0.5716,0.0036,0.4248
DIAMONDS NINE DIAMONDS TEN,0.5194,0.0038,0.4768
CLUBS EIGHT SPADES EIGHT,0.341,0.0028,0.6562
CLUBS EIGHT SPADES SEVEN,0.5726,0.005,0.4224
CLUBS EIGHT SPADES SIX,0.6974,0.0228,0.2798
CLUBS EIGHT SPADES FIVE,0.6244,0.0044,0.3712
CLUBS EIGHT SPADES FOUR,0.6332,0.0046,0.3622
CLUBS EIGHT SPADES THREE,0.6474,0.004,0.3486
CLUBS EIGHT SPADES TWO,0.6532,0.005,0.3418
HEARTS SEVEN DIAMONDS TEN,0.587,0.0036,0.4094
DIAMONDS TEN HEARTS EIGHT,0.5694,0.0022,0.4284
CLUBS FOUR CLUBS JACK,0.604,0.0062,0.3898
DIAMONDS TEN HEARTS NINE,0.546,0.0034,0.4506
CLUBS TEN CLUBS FOUR,0.6054,0.0036,0.391
CLUBS FOUR CLUBS KING,0.6052,0.005,0.3898
CLUBS FOUR CLUBS QUEEN,0.6044,0.0056,0.39
CLUBS TWO DIAMONDS TEN,0.638,0.006,0.356
CLUBS THREE DIAMONDS TEN,0.6314,0.006,0.3626
DIAMONDS JACK DIAMONDS TEN,0.506,0.0052,0.4888
DIAMONDS QUEEN DIAMONDS TEN,0.5252,0.0042,0.4706
HEARTS TWO DIAMONDS TEN,0.6466,0.004,0.3494
DIAMONDS KING DIAMONDS TEN,0.5312,0.0042,0.4646
HEARTS THREE DIAMONDS TEN,0.639,0.0032,0.3578
DIAMONDS ACE DIAMONDS TEN,0.2252,0.1124,0.6624
HEARTS FOUR DIAMONDS TEN,0.6342,0.0046,0.3612
CLUBS EIGHT HEARTS JACK,0.5742,0.0052,0.4206
HEARTS FIVE DIAMONDS TEN,0.6518,0.0042,0.344
CLUBS EIGHT HEARTS TEN,0.5668,0.0056,0.4276
CLUBS EIGHT HEARTS QUEEN,0.602,0.006,0.392
CLUBS EIGHT HEARTS KING,0.6066,0.0038,0.3896
CLUBS EIGHT HEARTS ACE,0.219,0.2216,0.5594
CLUBS NINE SPADES THREE,0.6434,0.0054,0.3512
CLUBS NINE SPADES TWO,0.636,0.0042,0.3598
CLUBS NINE SPADES FIVE,0.6376,0.0048,0.3576
CLUBS NINE SPADES FOUR,0.6516,0.0036,0.3448
CLUBS NINE SPADES SEVEN,0.5828,0.0036,0.4136
CLUBS NINE SPADES SIX,0.7206,0.0252,0.2542
CLUBS NINE SPADES NINE,0.3346,0.0036,0.6618
CLUBS TEN HEARTS EIGHT,0.5648,0.0056,0.4296
CLUBS NINE SPADES EIGHT,0.5724,0.0028,0.4248
HEARTS EIGHT CLUBS JACK,0.5854,0.0044,0.4102
CLUBS QUEEN HEARTS EIGHT,0.5944,0.0038,0.4018
CLUBS KING HEARTS EIGHT,0.5928,0.0048,0.4024
SPADES KING CLUBS KING,0.2892,0.0036,0.7072
SPADES QUEEN CLUBS KING,0.5808,0.005,0.4142
SPADES ACE CLUBS KING,0.2472,0.046,0.7068
DIAMONDS ACE HEARTS TEN,0.23,0.1208,0.6492
HEARTS FOUR HEARTS TEN,0.5942,0.0058,0.4
DIAMONDS ACE HEARTS JACK,0.2302,0.094,0.6758
HEARTS FOUR HEARTS JACK,0.596,0.006,0.398
SPADES KING CLUBS FIVE,0.6498,0.0048,0.3454
SPADES QUEEN CLUBS FIVE,0.624,0.0038,0.3722
SPADES ACE CLUBS FIVE,0.3846,0.386,0.2294
HEARTS SEVEN DIAMONDS JACK,0.5858,0.0046,0.4096
DIAMONDS JACK HEARTS NINE,0.5548,0.0034,0.4418
DIAMONDS JACK HEARTS EIGHT,0.5706,0.0026,0.4268
DIAMONDS KING DIAMONDS JACK,0.5336,0.0046,0.4618
HEARTS THREE DIAMONDS JACK,0.6378,0.0046,0.3576
SPADES ACE SPADES SIX,0.0212,0.9082,0.0706
HEARTS ACE SPADES FOUR,0.3792,0.3756,0.2452
DIAMONDS QUEEN DIAMONDS JACK,0.5232,0.0042,0.4726
HEARTS TWO DIAMONDS JACK,0.6354,0.004,0.3606
HEARTS FIVE DIAMONDS JACK,0.6312,0.0044,0.3644
SPADES QUEEN SPADES SIX,0.6808,0.0268,0.2924
SPADES FOUR HEARTS QUEEN,0.6492,0.0044,0.3464
DIAMONDS ACE DIAMONDS JACK,0.2162,0.0766,0.7072
HEARTS FOUR DIAMONDS JACK,0.6414,0.0044,0.3542
SPADES KING SPADES SIX,0.693,0.0288,0.2782
SPADES FOUR HEARTS KING,0.6418,0.0042,0.354
SPADES TEN SPADES SIX,0.6856,0.0258,0.2886
SPADES JACK SPADES SIX,0.6902,0.0254,0.2844
SPADES FOUR DIAMONDS JACK,0.6294,0.0038,0.3668
SPADES FIVE DIAMONDS JACK,0.6276,0.0042,0.3682
DIAMONDS JACK SPADES TWO,0.6356,0.0042,0.3602
DIAMONDS JACK SPADES THREE,0.6346,0.0044,0.361
SPADES ACE DIAMONDS THREE,0.3736,0.374,0.2524
SPADES QUEEN DIAMONDS THREE,0.6382,0.0034,0.3584
CLUBS EIGHT DIAMONDS JACK,0.5812,0.004,0.4148
SPADES KING DIAMONDS THREE,0.636,0.0042,0.3598
CLUBS NINE DIAMONDS JACK,0.5538,0.0046,0.4416
CLUBS SIX DIAMONDS JACK,0.7414,0.0266,0.232
CLUBS SEVEN DIAMONDS JACK,0.587,0.0036,0.4094
CLUBS FOUR DIAMONDS JACK,0.6364,0.0048,0.3588
CLUBS FIVE DIAMONDS JACK,0.6374,0.004,0.3586
CLUBS TWO DIAMONDS JACK,0.6282,0.0054,0.3664
CLUBS THREE DIAMONDS JACK,0.6378,0.0042,0.358
SPADES TEN CLUBS FIVE,0.6492,0.0054,0.3454
SPADES JACK CLUBS FIVE,0.6338,0.0028,0.3634
SPADES JACK DIAMONDS THREE,0.642,0.0042,0.3538
DIAMONDS THREE SPADES TEN,0.6312,0.003,0.3658
CLUBS SEVEN CLUBS QUEEN,0.5924,0.0054,0.4022
CLUBS SEVEN CLUBS KING,0.5738,0.0054,0.4208
SPADES NINE DIAMONDS JACK,0.5742,0.003,0.4228
CLUBS TEN CLUBS SEVEN,0.5626,0.0058,0.4316
DIAMONDS ACE HEARTS ACE,0.059,0.009,0.932
HEARTS FOUR HEARTS ACE,0.3654,0.3576,0.277
SPADES EIGHT DIAMONDS JACK,0.5764,0.0038,0.4198
CLUBS SEVEN CLUBS JACK,0.5628,0.0056,0.4316
DIAMONDS ACE HEARTS KING,0.2386,0.0454,0.716
HEARTS FOUR HEARTS KING,0.6092,0.006,0.3848
SPADES SEVEN DIAMONDS JACK,0.586,0.0048,0.4092
DIAMONDS ACE HEARTS QUEEN,0.2352,0.059,0.7058
HEARTS FOUR HEARTS QUEEN,0.5994,0.0046,0.396
SPADES SIX DIAMONDS JACK,0.734,0.0232,0.2428
DIAMONDS TEN SPADES TWO,0.6276,0.0044,0.368
SPADES THREE DIAMONDS TEN,0.635,0.0044,0.3606
SPADES FOUR DIAMONDS TEN,0.6338,0.0046,0.3616
SPADES FIVE DIAMONDS TEN,0.6392,0.0036,0.3572
SPADES SIX DIAMONDS TEN,0.7198,0.0288,0.2514
SPADES SEVEN DIAMONDS TEN,0.5844,0.0028,0.4128
SPADES EIGHT DIAMONDS TEN,0.5722,0.0034,0.4244
SPADES NINE DIAMONDS TEN,0.5474,0.0042,0.4484
CLUBS FOUR DIAMONDS TEN,0.6334,0.0044,0.3622
CLUBS FIVE DIAMONDS TEN,0.6334,0.0052,0.3614
CLUBS SIX DIAMONDS TEN,0.7232,0.026,0.2508
CLUBS SEVEN DIAMONDS TEN,0.5792,0.0032,0.4176
CLUBS EIGHT DIAMONDS TEN,0.5806,0.0054,0.414
CLUBS NINE DIAMONDS TEN,0.5594,0.0026,0.438
DIAMONDS THREE CLUBS JACK,0.6346,0.0044,0.361
CLUBS TEN DIAMONDS THREE,0.64,0.0034,0.3566
DIAMONDS THREE CLUBS KING,0.6486,0.0044,0.347
DIAMONDS THREE CLUBS QUEEN,0.6358,0.0036,0.3606
SPADES FOUR HEARTS JACK,0.6346,0.0048,0.3606
SPADES FOUR HEARTS TEN,0.6252,0.0056,0.3692
SPADES FIVE SPADES TWO,0.6206,0.0056,0.3738
SPADES FOUR SPADES TWO,0.5972,0.0034,0.3994
SPADES THREE SPADES TWO,0.5964,0.0062,0.3974
SPADES NINE SPADES TWO,0.5984,0.0054,0.3962
SPADES EIGHT SPADES TWO,0.5942,0.0044,0.4014
SPADES SEVEN SPADES TWO,0.6098,0.0046,0.3856
SPADES SIX SPADES TWO,0.6904,0.0276,0.282
DIAMONDS QUEEN CLUBS THREE,0.6416,0.003,0.3554
CLUBS THREE HEARTS TWO,0.6516,0.004,0.3444
DIAMONDS QUEEN CLUBS TWO,0.644,0.0066,0.3494
HEARTS TWO CLUBS TWO,0.4776,0.0074,0.515
HEARTS SEVEN DIAMONDS QUEEN,0.5992,0.0024,0.3984
HEARTS SEVEN HEARTS TWO,0.6132,0.0034,0.3834
DIAMONDS QUEEN HEARTS NINE,0.5718,0.005,0.4232
HEARTS TWO HEARTS NINE,0.6028,0.0062,0.391
DIAMONDS QUEEN HEARTS EIGHT,0.5924,0.0044,0.4032
HEARTS TWO HEARTS EIGHT,0.606,0.0064,0.3876
CLUBS NINE HEARTS TWO,0.6558,0.0052,0.339
CLUBS NINE DIAMONDS QUEEN,0.5904,0.005,0.4046
CLUBS EIGHT HEARTS TWO,0.6446,0.0058,0.3496
CLUBS EIGHT DIAMONDS QUEEN,0.5916,0.0044,0.404
CLUBS FIVE DIAMONDS QUEEN,0.627,0.0056,0.3674
CLUBS FIVE HEARTS TWO,0.6522,0.0062,0.3416
SPADES EIGHT HEARTS ACE,0.225,0.2194,0.5556
DIAMONDS QUEEN CLUBS FOUR,0.633,0.005,0.362
HEARTS TWO CLUBS FOUR,0.657,0.005,0.338
CLUBS SEVEN DIAMONDS QUEEN,0.6158,0.004,0.3802
CLUBS SEVEN HEARTS TWO,0.662,0.0036,0.3344
SPADES EIGHT HEARTS QUEEN,0.5908,0.003,0.4062
CLUBS SIX DIAMONDS QUEEN,0.744,0.0336,0.2224
CLUBS SIX HEARTS TWO,0.7408,0.0318,0.2274
SPADES EIGHT HEARTS KING,0.588,0.0042,0.4078
HEARTS TWO SPADES SIX,0.7322,0.0304,0.2374
DIAMONDS QUEEN SPADES SIX,0.7268,0.0294,0.2438
HEARTS FOUR CLUBS QUEEN,0.6438,0.005,0.3512
DIAMONDS ACE CLUBS QUEEN,0.2342,0.0686,0.6972
DIAMONDS QUEEN SPADES SEVEN,0.6076,0.0024,0.39
HEARTS TWO SPADES SEVEN,0.6474,0.0046,0.348
HEARTS FOUR CLUBS KING,0.646,0.0064,0.3476
DIAMONDS ACE CLUBS KING,0.2414,0.0418,0.7168
DIAMONDS QUEEN SPADES EIGHT,0.6006,0.0036,0.3958
SPADES EIGHT HEARTS TWO,0.6388,0.004,0.3572
SPADES NINE DIAMONDS QUEEN,0.586,0.0032,0.4108
SPADES NINE HEARTS TWO,0.6336,0.0056,0.3608
HEARTS TWO SPADES TWO,0.4708,0.0062,0.523
DIAMONDS QUEEN SPADES TWO,0.6414,0.005,0.3536
HEARTS TWO SPADES THREE,0.6632,0.0066,0.3302
DIAMONDS QUEEN SPADES THREE,0.6398,0.0038,0.3564
HEARTS TWO SPADES FOUR,0.6552,0.0048,0.34
DIAMONDS QUEEN SPADES FOUR,0.6386,0.0038,0.3576
HEARTS FOUR CLUBS TEN,0.6344,0.0048,0.3608
CLUBS TEN DIAMONDS ACE,0.238,0.113,0.649
HEARTS TWO SPADES FIVE,0.6532,0.0054,0.3414
DIAMONDS QUEEN SPADES FIVE,0.6308,0.002,0.3672
HEARTS FOUR CLUBS JACK,0.6304,0.0044,0.3652
DIAMONDS ACE CLUBS JACK,0.244,0.0864,0.6696
CLUBS FIVE CLUBS KING,0.6158,0.0038,0.3804
CLUBS FIVE CLUBS QUEEN,0.6094,0.003,0.3876
CLUBS FIVE CLUBS JACK,0.6024,0.0046,0.393
CLUBS TEN CLUBS FIVE,0.6112,0.0048,0.384
SPADES KING CLUBS JACK,0.5754,0.0054,0.4192
SPADES QUEEN CLUBS JACK,0.5472,0.0034,0.4494
SPADES ACE CLUBS JACK,0.229,0.0956,0.6754
SPADES SIX CLUBS KING,0.7462,0.0318,0.222
SPADES SIX CLUBS QUEEN,0.741,0.0294,0.2296
SPADES EIGHT HEARTS JACK,0.5632,0.0028,0.434
SPADES EIGHT HEARTS TEN,0.5758,0.0028,0.4214
SPADES SIX CLUBS JACK,0.7468,0.0196,0.2336
CLUBS TEN SPADES SIX,0.716,0.0248,0.2592
SPADES TEN CLUBS JACK,0.5464,0.004,0.4496
SPADES JACK CLUBS JACK,0.3074,0.0046,0.688
SPADES QUEEN CLUBS SEVEN,0.6184,0.0058,0.3758
SPADES KING CLUBS SEVEN,0.6086,0.0044,0.387
SPADES ACE CLUBS SEVEN,0.2288,0.3038,0.4674
SPADES SIX HEARTS TEN,0.7184,0.0262,0.2554
SPADES SIX HEARTS JACK,0.7262,0.0274,0.2464
SPADES SIX HEARTS ACE,0.0122,0.9694,0.0184
SPADES SIX HEARTS KING,0.7462,0.0276,0.2262
SPADES SIX HEARTS QUEEN,0.7354,0.033,0.2316
CLUBS SEVEN SPADES JACK,0.5814,0.0032,0.4154
CLUBS SEVEN SPADES TEN,0.589,0.0034,0.4076
CLUBS QUEEN CLUBS JACK,0.526,0.0036,0.4704
CLUBS KING CLUBS JACK,0.5482,0.0046,0.4472
DIAMONDS THREE HEARTS ACE,0.3634,0.3818,0.2548
DIAMONDS THREE HEARTS QUEEN,0.6294,0.006,0.3646
DIAMONDS THREE HEARTS KING,0.6338,0.0048,0.3614
CLUBS FIVE HEARTS JACK,0.6294,0.0044,0.3662
SPADES TEN DIAMONDS ACE,0.2418,0.11,0.6482
HEARTS FOUR SPADES TEN,0.6338,0.0042,0.362
CLUBS FIVE HEARTS TEN,0.6386,0.0052,0.3562
HEARTS FOUR SPADES JACK,0.6312,0.0028,0.366
SPADES JACK DIAMONDS ACE,0.2396,0.085,0.6754
SPADES ACE HEARTS FOUR,0.3722,0.3798,0.248
SPADES ACE DIAMONDS ACE,0.0586,0.0112,0.9302
CLUBS FIVE HEARTS ACE,0.352,0.4104,0.2376
CLUBS FIVE HEARTS KING,0.6382,0.0066,0.3552
HEARTS FOUR SPADES QUEEN,0.6332,0.0052,0.3616
SPADES QUEEN DIAMONDS ACE,0.2374,0.0564,0.7062
SPADES FOUR CLUBS JACK,0.6334,0.0056,0.361
CLUBS FIVE HEARTS QUEEN,0.6276,0.006,0.3664
SPADES KING DIAMONDS ACE,0.2578,0.046,0.6962
HEARTS FOUR SPADES KING,0.6264,0.0054,0.3682
CLUBS TEN SPADES FOUR,0.646,0.0038,0.3502
DIAMONDS QUEEN DIAMONDS ACE,0.2216,0.064,0.7144
HEARTS TWO DIAMONDS ACE,0.371,0.3908,0.2382
HEARTS FOUR DIAMONDS QUEEN,0.6482,0.0038,0.348
HEARTS FOUR HEARTS TWO,0.624,0.0046,0.3714
DIAMONDS THREE HEARTS TEN,0.6392,0.0052,0.3556
SPADES FOUR CLUBS KING,0.6538,0.004,0.3422
HEARTS FIVE DIAMONDS QUEEN,0.6332,0.0052,0.3616
HEARTS FIVE HEARTS TWO,0.629,0.0058,0.3652
DIAMONDS THREE HEARTS JACK,0.6274,0.0044,0.3682
SPADES FOUR CLUBS QUEEN,0.6406,0.0038,0.3556
DIAMONDS QUEEN HEARTS TWO,0.6444,0.0056,0.35
DIAMONDS KING DIAMONDS QUEEN,0.5274,0.0036,0.469
DIAMONDS KING HEARTS TWO,0.6442,0.005,0.3508
HEARTS THREE DIAMONDS QUEEN,0.6542,0.0052,0.3406
HEARTS THREE HEARTS TWO,0.625,0.0052,0.3698
HEARTS TWO CLUBS QUEEN,0.6388,0.0058,0.3554
DIAMONDS QUEEN CLUBS QUEEN,0.3106,0.005,0.6844
HEARTS TWO CLUBS KING,0.6536,0.004,0.3424
DIAMONDS QUEEN CLUBS KING,0.5762,0.0066,0.4172
SPADES EIGHT SPADES FIVE,0.5676,0.0036,0.4288
CLUBS TEN HEARTS TWO,0.6446,0.0042,0.3512
CLUBS TEN DIAMONDS QUEEN,0.5578,0.0032,0.439
SPADES NINE SPADES FIVE,0.5918,0.0046,0.4036
HEARTS TWO CLUBS JACK,0.6442,0.0052,0.3506
DIAMONDS QUEEN CLUBS JACK,0.553,0.0036,0.4434
SPADES SIX SPADES FIVE,0.6486,0.0228,0.3286
SPADES SEVEN SPADES FIVE,0.5638,0.0042,0.432
DIAMONDS FIVE CLUBS QUEEN,0.6368,0.004,0.3592
DIAMONDS FIVE CLUBS KING,0.6368,0.0054,0.3578
SPADES EIGHT CLUBS KING,0.6114,0.0026,0.386
SPADES EIGHT CLUBS QUEEN,0.5958,0.0036,0.4006
SPADES EIGHT CLUBS JACK,0.586,0.0034,0.4106
CLUBS TEN SPADES EIGHT,0.5852,0.004,0.4108
CLUBS TEN DIAMONDS FIVE,0.6324,0.0046,0.363
DIAMONDS FIVE CLUBS JACK,0.6322,0.0048,0.363
DIAMONDS TEN HEARTS JACK,0.5462,0.0038,0.45
DIAMONDS TEN HEARTS TEN,0.3128,0.0048,0.6824
SPADES ACE CLUBS NINE,0.2296,0.1692,0.6012
CLUBS NINE SPADES QUEEN,0.5922,0.0038,0.404
CLUBS NINE SPADES KING,0.5952,0.003,0.4018
