opposingHand,winningChance,drawChance,lostChance
HEARTS ACE DIAMONDS JACK
SPADES JACK CLUBS SEVEN,0.7384,0.0166,0.245
CLUBS SEVEN SPADES FOUR,0.6448,0.0032,0.352
SPADES TEN HEARTS THREE,0.6834,0.0038,0.3128
CLUBS FOUR DIAMONDS FIVE,0.6338,0.0048,0.3614
HEARTS SIX DIAMONDS QUEEN,0.6366,0.0048,0.3586
SPADES QUEEN HEARTS JACK,0.7268,0.017,0.2562
SPADES NINE HEARTS QUEEN,0.6346,0.004,0.3614
HEARTS FOUR HEARTS TWO,0.6246,0.0054,0.37
SPADES NINE SPADES EIGHT,0.5788,0.0042,0.417
SPADES FOUR HEARTS QUEEN,0.6456,0.0036,0.3508
CLUBS FOUR DIAMONDS TEN,0.6836,0.0038,0.3126
CLUBS ACE HEARTS TEN,0.6802,0.0924,0.2274
CLUBS JACK CLUBS THREE,0.7134,0.021,0.2656
SPADES NINE CLUBS TWO,0.6644,0.0042,0.3314
CLUBS FIVE DIAMONDS NINE,0.6642,0.0058,0.33
CLUBS JACK HEARTS SEVEN,0.7356,0.0198,0.2446
CLUBS NINE SPADES SIX,0.6484,0.0034,0.3482
HEARTS QUEEN CLUBS QUEEN,0.3084,0.0028,0.6888
CLUBS FOUR DIAMONDS SEVEN,0.65,0.0044,0.3456
CLUBS NINE SPADES JACK,0.7228,0.0182,0.259
SPADES TWO DIAMONDS SIX,0.6662,0.0058,0.328
SPADES TEN HEARTS QUEEN,0.6138,0.0056,0.3806
HEARTS SEVEN CLUBS FOUR,0.6428,0.004,0.3532
DIAMONDS THREE DIAMONDS ACE,0.6282,0.0804,0.2914
DIAMONDS TEN HEARTS QUEEN,0.6276,0.0054,0.367
HEARTS THREE SPADES NINE,0.6804,0.0034,0.3162
HEARTS TWO HEARTS EIGHT,0.6366,0.0048,0.3586
HEARTS SEVEN HEARTS QUEEN,0.625,0.0058,0.3692
SPADES JACK HEARTS KING,0.7554,0.0142,0.2304
SPADES TEN DIAMONDS QUEEN,0.613,0.003,0.384
HEARTS SIX CLUBS FOUR,0.6406,0.005,0.3544
CLUBS SEVEN CLUBS FIVE,0.591,0.0038,0.4052
CLUBS FIVE CLUBS ACE,0.6076,0.0922,0.3002
SPADES TEN SPADES EIGHT,0.6016,0.003,0.3954
HEARTS THREE DIAMONDS FOUR,0.6548,0.0074,0.3378
SPADES QUEEN HEARTS EIGHT,0.6466,0.0042,0.3492
CLUBS SEVEN SPADES SEVEN,0.4794,0.0018,0.5188
SPADES QUEEN DIAMONDS FOUR,0.6556,0.0062,0.3382
SPADES JACK HEARTS TEN,0.7098,0.0184,0.2718
SPADES NINE SPADES FIVE,0.6284,0.0026,0.369
HEARTS FIVE CLUBS SIX,0.6206,0.0044,0.375
SPADES KING CLUBS TWO,0.6588,0.0054,0.3358
SPADES KING CLUBS SEVEN,0.6466,0.004,0.3494
SPADES TEN DIAMONDS TEN,0.452,0.0032,0.5448
CLUBS EIGHT SPADES SIX,0.6252,0.002,0.3728
SPADES TEN HEARTS NINE,0.6324,0.0036,0.364
SPADES QUEEN CLUBS SIX,0.6496,0.0036,0.3468
SPADES EIGHT CLUBS QUEEN,0.6434,0.0034,0.3532
HEARTS FIVE SPADES EIGHT,0.6498,0.0036,0.3466
CLUBS TWO DIAMONDS FIVE,0.6376,0.0054,0.357
HEARTS JACK DIAMONDS FOUR,0.7582,0.019,0.2228
CLUBS FOUR DIAMONDS SIX,0.6426,0.0044,0.353
SPADES ACE SPADES NINE,0.6272,0.088,0.2848
DIAMONDS TWO SPADES QUEEN,0.654,0.0062,0.3398
DIAMONDS ACE SPADES THREE,0.6622,0.0906,0.2472
DIAMONDS ACE DIAMONDS NINE,0.6484,0.0832,0.2684
DIAMONDS EIGHT HEARTS JACK,0.732,0.0222,0.2458
SPADES KING CLUBS QUEEN,0.5962,0.0036,0.4002
CLUBS JACK HEARTS FIVE,0.754,0.021,0.225
CLUBS TEN SPADES SIX,0.6688,0.0032,0.328
CLUBS EIGHT CLUBS THREE,0.6326,0.0032,0.3642
HEARTS TEN DIAMONDS FIVE,0.687,0.005,0.308
SPADES KING SPADES TWO,0.6194,0.003,0.3776
CLUBS SEVEN CLUBS SIX,0.5822,0.0046,0.4132
DIAMONDS KING CLUBS TWO,0.6556,0.0058,0.3386
HEARTS THREE SPADES FOUR,0.6458,0.004,0.3502
HEARTS FIVE CLUBS KING,0.6442,0.0054,0.3504
HEARTS TWO HEARTS JACK,0.7354,0.0186,0.246
CLUBS FOUR HEARTS TEN,0.6798,0.0032,0.317
HEARTS THREE HEARTS JACK,0.7242,0.0228,0.253
CLUBS QUEEN HEARTS EIGHT,0.6464,0.0048,0.3488
CLUBS TEN CLUBS TWO,0.6388,0.004,0.3572
HEARTS SIX HEARTS EIGHT,0.6068,0.0044,0.3888
DIAMONDS EIGHT DIAMONDS SEVEN,0.5972,0.003,0.3998
CLUBS TEN SPADES QUEEN,0.6222,0.0032,0.3746
SPADES QUEEN DIAMONDS FIVE,0.6506,0.0034,0.346
SPADES JACK HEARTS FOUR,0.7572,0.0222,0.2206
HEARTS QUEEN DIAMONDS SIX,0.6522,0.0042,0.3436
DIAMONDS KING HEARTS JACK,0.7364,0.0126,0.251
DIAMONDS THREE SPADES KING,0.6478,0.0036,0.3486
CLUBS SEVEN CLUBS THREE,0.6254,0.003,0.3716
CLUBS SEVEN DIAMONDS SEVEN,0.4592,0.0052,0.5356
SPADES FIVE HEARTS QUEEN,0.6398,0.0028,0.3574
DIAMONDS TWO CLUBS TWO,0.4614,0.0064,0.5322
HEARTS THREE HEARTS EIGHT,0.6334,0.0058,0.3608
CLUBS ACE DIAMONDS FOUR,0.6536,0.0918,0.2546
DIAMONDS THREE CLUBS TEN,0.6946,0.0046,0.3008
HEARTS FOUR SPADES SIX,0.6394,0.0044,0.3562
SPADES FIVE DIAMONDS EIGHT,0.652,0.0042,0.3438
SPADES SIX HEARTS EIGHT,0.6298,0.004,0.3662
SPADES JACK HEARTS TWO,0.7564,0.0206,0.223
SPADES THREE DIAMONDS SIX,0.6738,0.0036,0.3226
DIAMONDS ACE DIAMONDS KING,0.2318,0.0452,0.723
HEARTS THREE HEARTS NINE,0.6422,0.0032,0.3546
SPADES TEN SPADES FIVE,0.6376,0.002,0.3604
DIAMONDS KING HEARTS QUEEN,0.5832,0.0052,0.4116
SPADES NINE SPADES TWO,0.6288,0.0038,0.3674
HEARTS QUEEN DIAMONDS FIVE,0.645,0.0066,0.3484
DIAMONDS THREE CLUBS FOUR,0.6386,0.0028,0.3586
SPADES JACK SPADES FIVE,0.7054,0.0184,0.2762
DIAMONDS THREE DIAMONDS TEN,0.654,0.0034,0.3426
SPADES ACE CLUBS TWO,0.6628,0.0936,0.2436
SPADES JACK SPADES EIGHT,0.679,0.0156,0.3054
HEARTS FIVE CLUBS SEVEN,0.6478,0.0054,0.3468
CLUBS SIX SPADES SEVEN,0.6388,0.0034,0.3578
CLUBS THREE DIAMONDS EIGHT,0.6842,0.004,0.3118
DIAMONDS KING HEARTS KING,0.2848,0.005,0.7102
HEARTS THREE CLUBS FOUR,0.6456,0.004,0.3504
DIAMONDS TWO SPADES THREE,0.6508,0.0048,0.3444
HEARTS TWO HEARTS TEN,0.6524,0.0058,0.3418
SPADES QUEEN HEARTS FOUR,0.645,0.0046,0.3504
SPADES TEN SPADES NINE,0.5946,0.004,0.4014
HEARTS THREE SPADES FIVE,0.6466,0.0044,0.349
SPADES NINE SPADES SEVEN,0.5874,0.0048,0.4078
HEARTS SIX CLUBS EIGHT,0.6444,0.0042,0.3514
CLUBS TWO HEARTS TEN,0.678,0.0044,0.3176
SPADES ACE HEARTS TWO,0.654,0.0948,0.2512
CLUBS JACK SPADES QUEEN,0.7224,0.013,0.2646
CLUBS TEN HEARTS JACK,0.7188,0.0154,0.2658
SPADES EIGHT SPADES SIX,0.5948,0.0042,0.401
SPADES FIVE DIAMONDS TEN,0.7012,0.0026,0.2962
HEARTS SIX HEARTS NINE,0.6234,0.0052,0.3714
CLUBS TEN SPADES THREE,0.687,0.006,0.307
HEARTS SIX CLUBS TWO,0.6658,0.004,0.3302
CLUBS EIGHT SPADES TWO,0.679,0.0034,0.3176
HEARTS JACK HEARTS TEN,0.6844,0.0192,0.2964
SPADES FIVE DIAMONDS FOUR,0.6196,0.0052,0.3752
SPADES TEN CLUBS QUEEN,0.6126,0.0048,0.3826
HEARTS SIX SPADES SIX,0.483,0.0026,0.5144
SPADES JACK HEARTS QUEEN,0.7216,0.014,0.2644
DIAMONDS THREE DIAMONDS TWO,0.6264,0.0038,0.3698
CLUBS FOUR DIAMONDS FOUR,0.4722,0.0048,0.523
HEARTS TWO HEARTS KING,0.621,0.006,0.373
HEARTS SIX HEARTS JACK,0.7276,0.0164,0.256
CLUBS THREE DIAMONDS QUEEN,0.6366,0.0044,0.359
SPADES KING SPADES EIGHT,0.6104,0.0054,0.3842
HEARTS SEVEN DIAMONDS TWO,0.6792,0.0038,0.317
SPADES ACE DIAMONDS QUEEN,0.2352,0.0618,0.703
SPADES JACK DIAMONDS FOUR,0.7536,0.0226,0.2238
DIAMONDS ACE DIAMONDS SEVEN,0.6418,0.0878,0.2704
SPADES JACK DIAMONDS QUEEN,0.722,0.0168,0.2612
CLUBS TWO DIAMONDS EIGHT,0.6868,0.0046,0.3086
SPADES FIVE DIAMONDS SEVEN,0.6348,0.0052,0.36
DIAMONDS KING CLUBS QUEEN,0.5872,0.0038,0.409
SPADES ACE DIAMONDS FOUR,0.6486,0.0954,0.256
DIAMONDS SEVEN HEARTS NINE,0.6434,0.0044,0.3522
HEARTS FOUR SPADES FIVE,0.619,0.0038,0.3772
SPADES SEVEN SPADES FIVE,0.583,0.004,0.413
CLUBS FIVE SPADES FIVE,0.4692,0.003,0.5278
SPADES NINE HEARTS KING,0.6418,0.0036,0.3546
CLUBS FIVE CLUBS FOUR,0.5894,0.0056,0.405
CLUBS EIGHT DIAMONDS EIGHT,0.459,0.003,0.538
CLUBS FIVE CLUBS QUEEN,0.6004,0.0036,0.396
DIAMONDS THREE CLUBS TWO,0.6626,0.0062,0.3312
CLUBS EIGHT DIAMONDS FOUR,0.6584,0.0046,0.337
SPADES SIX DIAMONDS QUEEN,0.6564,0.0038,0.3398
HEARTS SEVEN CLUBS FIVE,0.6456,0.004,0.3504
SPADES KING CLUBS THREE,0.6434,0.0028,0.3538
DIAMONDS EIGHT DIAMONDS SIX,0.6146,0.0056,0.3798
SPADES SIX SPADES FIVE,0.5838,0.0042,0.412
DIAMONDS QUEEN CLUBS ACE,0.2348,0.059,0.7062
HEARTS SIX DIAMONDS FOUR,0.6456,0.0044,0.35
SPADES NINE CLUBS ACE,0.6858,0.0822,0.232
DIAMONDS TWO HEARTS FIVE,0.6604,0.0046,0.335
HEARTS THREE DIAMONDS QUEEN,0.6514,0.006,0.3426
DIAMONDS ACE DIAMONDS FOUR,0.6358,0.08,0.2842
HEARTS SEVEN DIAMONDS SIX,0.6424,0.005,0.3526
HEARTS TWO DIAMONDS FOUR,0.6582,0.0066,0.3352
CLUBS FOUR DIAMONDS QUEEN,0.6484,0.0038,0.3478
SPADES ACE SPADES KING,0.2352,0.0458,0.719
SPADES SIX CLUBS THREE,0.6516,0.0052,0.3432
HEARTS THREE SPADES SEVEN,0.6642,0.0046,0.3312
SPADES ACE HEARTS SEVEN,0.6698,0.0938,0.2364
CLUBS SIX HEARTS TWO,0.678,0.0058,0.3162
CLUBS TEN CLUBS KING,0.582,0.0038,0.4142
CLUBS EIGHT HEARTS FOUR,0.6496,0.0058,0.3446
DIAMONDS QUEEN SPADES FIVE,0.643,0.0028,0.3542
SPADES TEN DIAMONDS SIX,0.6744,0.0028,0.3228
SPADES ACE DIAMONDS TEN,0.6756,0.0886,0.2358
CLUBS SIX DIAMONDS ACE,0.6688,0.083,0.2482
CLUBS SIX DIAMONDS FOUR,0.6376,0.0032,0.3592
HEARTS TWO DIAMONDS QUEEN,0.6536,0.0054,0.341
SPADES ACE HEARTS FIVE,0.662,0.0896,0.2484
CLUBS SEVEN DIAMONDS NINE,0.6442,0.0034,0.3524
SPADES TEN SPADES SIX,0.6332,0.0044,0.3624
HEARTS KING DIAMONDS FIVE,0.6566,0.0038,0.3396
SPADES TEN SPADES THREE,0.6384,0.0064,0.3552
HEARTS NINE CLUBS QUEEN,0.6218,0.0046,0.3736
SPADES ACE SPADES SEVEN,0.6276,0.0838,0.2886
CLUBS NINE HEARTS EIGHT,0.6288,0.0038,0.3674
CLUBS TEN HEARTS TEN,0.4338,0.0038,0.5624
HEARTS FIVE CLUBS THREE,0.6436,0.0046,0.3518
DIAMONDS KING DIAMONDS FIVE,0.609,0.0042,0.3868
CLUBS NINE HEARTS TEN,0.6318,0.0046,0.3636
CLUBS FOUR DIAMONDS NINE,0.6648,0.0042,0.331
SPADES QUEEN HEARTS TEN,0.6206,0.0036,0.3758
SPADES SEVEN HEARTS JACK,0.7438,0.0188,0.2374
SPADES TEN CLUBS FIVE,0.6762,0.0028,0.321
HEARTS TWO DIAMONDS FIVE,0.6482,0.0068,0.345
CLUBS THREE DIAMONDS SIX,0.6618,0.005,0.3332
SPADES EIGHT CLUBS FIVE,0.6598,0.0032,0.337
SPADES KING DIAMONDS SEVEN,0.6466,0.0042,0.3492
DIAMONDS THREE CLUBS EIGHT,0.675,0.0038,0.3212
HEARTS FOUR CLUBS ACE,0.6582,0.0884,0.2534
HEARTS TWO SPADES FIVE,0.6504,0.0062,0.3434
HEARTS EIGHT DIAMONDS FOUR,0.6722,0.0034,0.3244
SPADES EIGHT DIAMONDS TEN,0.6446,0.0032,0.3522
HEARTS SIX SPADES TEN,0.6706,0.004,0.3254
SPADES NINE SPADES FOUR,0.6342,0.0044,0.3614
DIAMONDS ACE HEARTS JACK,0.0064,0.9864,0.0072
SPADES ACE SPADES EIGHT,0.6432,0.0758,0.281
CLUBS SIX DIAMONDS QUEEN,0.6386,0.0044,0.357
CLUBS EIGHT HEARTS KING,0.6478,0.0046,0.3476
CLUBS SIX DIAMONDS SIX,0.4768,0.0038,0.5194
DIAMONDS QUEEN HEARTS KING,0.5922,0.0054,0.4024
CLUBS TEN SPADES TEN,0.4188,0.0034,0.5778
DIAMONDS THREE SPADES TWO,0.6696,0.0042,0.3262
CLUBS TEN HEARTS KING,0.633,0.0052,0.3618
CLUBS EIGHT CLUBS SIX,0.596,0.0044,0.3996
SPADES FOUR DIAMONDS SEVEN,0.6558,0.0038,0.3404
HEARTS FIVE CLUBS FOUR,0.6156,0.005,0.3794
CLUBS FOUR SPADES THREE,0.639,0.0048,0.3562
CLUBS JACK DIAMONDS KING,0.7288,0.014,0.2572
SPADES SEVEN DIAMONDS KING,0.641,0.0042,0.3548
DIAMONDS NINE DIAMONDS SIX,0.6374,0.004,0.3586
CLUBS EIGHT CLUBS FOUR,0.6302,0.0026,0.3672
CLUBS FIVE DIAMONDS TEN,0.6668,0.005,0.3282
SPADES FIVE SPADES TWO,0.609,0.0036,0.3874
CLUBS EIGHT HEARTS JACK,0.731,0.0178,0.2512
SPADES QUEEN HEARTS TWO,0.6552,0.0052,0.3396
SPADES TEN CLUBS ACE,0.6808,0.085,0.2342
SPADES SIX HEARTS NINE,0.657,0.0046,0.3384
HEARTS SEVEN SPADES TEN,0.6618,0.0036,0.3346
HEARTS FOUR HEARTS TEN,0.66,0.005,0.335
CLUBS FOUR HEARTS KING,0.6598,0.0044,0.3358
SPADES SEVEN CLUBS FOUR,0.644,0.0032,0.3528
CLUBS FOUR DIAMONDS EIGHT,0.658,0.0038,0.3382
HEARTS SIX DIAMONDS TWO,0.6742,0.0074,0.3184
CLUBS NINE HEARTS QUEEN,0.6304,0.0052,0.3644
HEARTS SIX CLUBS QUEEN,0.6508,0.0038,0.3454
SPADES TEN DIAMONDS FOUR,0.6896,0.0034,0.307
CLUBS FOUR DIAMONDS KING,0.6488,0.0046,0.3466
SPADES SEVEN HEARTS KING,0.6362,0.0042,0.3596
HEARTS SEVEN CLUBS SEVEN,0.453,0.003,0.544
DIAMONDS TWO CLUBS EIGHT,0.6706,0.0052,0.3242
DIAMONDS TEN SPADES TWO,0.683,0.0046,0.3124
CLUBS NINE HEARTS TWO,0.693,0.0052,0.3018
DIAMONDS EIGHT HEARTS NINE,0.6342,0.0038,0.362
HEARTS THREE SPADES SIX,0.664,0.0046,0.3314
HEARTS THREE HEARTS TWO,0.6192,0.007,0.3738
HEARTS KING DIAMONDS NINE,0.6562,0.0066,0.3372
CLUBS TWO CLUBS QUEEN,0.5998,0.0028,0.3974
CLUBS TEN CLUBS SEVEN,0.6188,0.0044,0.3768
HEARTS TEN HEARTS EIGHT,0.6276,0.0044,0.368
DIAMONDS TWO DIAMONDS FIVE,0.6212,0.0048,0.374
CLUBS TWO HEARTS JACK,0.7648,0.0214,0.2138
SPADES QUEEN DIAMONDS SEVEN,0.6502,0.0038,0.346
SPADES QUEEN SPADES SIX,0.6018,0.0022,0.396
SPADES EIGHT DIAMONDS SIX,0.6462,0.0034,0.3504
CLUBS NINE HEARTS NINE,0.4608,0.0024,0.5368
HEARTS QUEEN CLUBS ACE,0.2382,0.0574,0.7044
CLUBS KING CLUBS QUEEN,0.5488,0.0042,0.447
CLUBS NINE HEARTS FIVE,0.6644,0.005,0.3306
SPADES NINE DIAMONDS KING,0.6278,0.004,0.3682
CLUBS JACK CLUBS ACE,0.0224,0.9096,0.068
CLUBS SEVEN DIAMONDS FOUR,0.6598,0.0034,0.3368
SPADES SEVEN CLUBS THREE,0.6672,0.0048,0.328
HEARTS FIVE CLUBS TWO,0.6538,0.0062,0.34
SPADES SEVEN CLUBS KING,0.6448,0.0042,0.351
CLUBS SEVEN DIAMONDS FIVE,0.6404,0.004,0.3556
CLUBS SIX DIAMONDS TEN,0.6598,0.005,0.3352
DIAMONDS TWO HEARTS EIGHT,0.6776,0.0056,0.3168
SPADES NINE SPADES SIX,0.604,0.0036,0.3924
DIAMONDS TWO SPADES TEN,0.688,0.0038,0.3082
CLUBS SEVEN HEARTS KING,0.6488,0.0034,0.3478
HEARTS THREE DIAMONDS SIX,0.661,0.005,0.334
HEARTS FIVE HEARTS FOUR,0.5818,0.0062,0.412
CLUBS NINE HEARTS JACK,0.7376,0.0206,0.2418
DIAMONDS TWO CLUBS QUEEN,0.6636,0.0038,0.3326
SPADES ACE SPADES THREE,0.6326,0.0828,0.2846
SPADES SEVEN DIAMONDS QUEEN,0.6382,0.0044,0.3574
SPADES JACK SPADES TWO,0.712,0.0234,0.2646
HEARTS JACK DIAMONDS FIVE,0.7642,0.0212,0.2146
SPADES NINE CLUBS KING,0.62,0.0036,0.3764
CLUBS FIVE DIAMONDS EIGHT,0.6404,0.0034,0.3562
HEARTS SEVEN DIAMONDS THREE,0.6738,0.0086,0.3176
DIAMONDS TWO CLUBS NINE,0.6858,0.0032,0.311
HEARTS SIX SPADES FIVE,0.6282,0.0062,0.3656
HEARTS SEVEN DIAMONDS FIVE,0.645,0.0052,0.3498
CLUBS ACE DIAMONDS SIX,0.6898,0.0866,0.2236
SPADES TEN HEARTS KING,0.627,0.0048,0.3682
SPADES EIGHT SPADES FIVE,0.6078,0.002,0.3902
SPADES NINE HEARTS TWO,0.681,0.002,0.317
CLUBS SEVEN CLUBS TWO,0.6226,0.0032,0.3742
SPADES TEN CLUBS TWO,0.6866,0.0034,0.31
SPADES SEVEN CLUBS TWO,0.666,0.0048,0.3292
DIAMONDS TWO DIAMONDS ACE,0.637,0.0934,0.2696
SPADES TWO DIAMONDS FIVE,0.6504,0.0052,0.3444
HEARTS THREE CLUBS THREE,0.475,0.0056,0.5194
DIAMONDS TWO HEARTS THREE,0.6634,0.0062,0.3304
DIAMONDS FIVE DIAMONDS FOUR,0.6038,0.0044,0.3918
SPADES TEN HEARTS EIGHT,0.6514,0.0034,0.3452
CLUBS TEN DIAMONDS TEN,0.4396,0.0044,0.556
HEARTS FOUR DIAMONDS ACE,0.6632,0.09,0.2468
SPADES ACE CLUBS JACK,0.024,0.9574,0.0186
SPADES THREE DIAMONDS SEVEN,0.6572,0.0044,0.3384
CLUBS NINE DIAMONDS ACE,0.6762,0.088,0.2358
CLUBS NINE SPADES THREE,0.674,0.0034,0.3226
DIAMONDS NINE CLUBS QUEEN,0.6336,0.0048,0.3616
DIAMONDS QUEEN DIAMONDS FIVE,0.6198,0.0068,0.3734
DIAMONDS NINE SPADES TWO,0.673,0.005,0.322
HEARTS SEVEN CLUBS NINE,0.6388,0.0044,0.3568
HEARTS QUEEN HEARTS TEN,0.5896,0.0036,0.4068
HEARTS QUEEN DIAMONDS EIGHT,0.6372,0.0034,0.3594
CLUBS ACE CLUBS QUEEN,0.2236,0.0602,0.7162
CLUBS ACE HEARTS NINE,0.6802,0.0906,0.2292
HEARTS THREE CLUBS SIX,0.6486,0.0034,0.348
DIAMONDS TEN HEARTS KING,0.634,0.0032,0.3628
CLUBS THREE CLUBS QUEEN,0.6078,0.0048,0.3874
CLUBS SIX DIAMONDS FIVE,0.6322,0.0032,0.3646
SPADES QUEEN HEARTS FIVE,0.6506,0.0036,0.3458
SPADES EIGHT SPADES THREE,0.6164,0.0034,0.3802
CLUBS NINE CLUBS FIVE,0.6134,0.004,0.3826
SPADES TEN SPADES SEVEN,0.6106,0.0048,0.3846
SPADES SEVEN DIAMONDS SIX,0.6272,0.0054,0.3674
DIAMONDS TWO HEARTS NINE,0.6918,0.007,0.3012
HEARTS NINE DIAMONDS FIVE,0.6634,0.0034,0.3332
DIAMONDS ACE CLUBS ACE,0.0612,0.0116,0.9272
CLUBS TWO CLUBS KING,0.6098,0.0034,0.3868
HEARTS FIVE SPADES TEN,0.683,0.0048,0.3122
CLUBS FOUR SPADES FOUR,0.4832,0.0024,0.5144
CLUBS NINE SPADES SEVEN,0.6374,0.0028,0.3598
HEARTS SIX SPADES THREE,0.662,0.005,0.333
SPADES ACE DIAMONDS ACE,0.0692,0.0168,0.914
SPADES EIGHT DIAMONDS ACE,0.6972,0.0796,0.2232
HEARTS NINE DIAMONDS FOUR,0.6786,0.0048,0.3166
DIAMONDS ACE SPADES SIX,0.671,0.0824,0.2466
DIAMONDS SEVEN HEARTS TEN,0.6642,0.0042,0.3316
CLUBS TEN CLUBS THREE,0.635,0.004,0.361
CLUBS SIX SPADES EIGHT,0.6476,0.0024,0.35
DIAMONDS THREE DIAMONDS SEVEN,0.6334,0.0044,0.3622
SPADES ACE DIAMONDS TWO,0.6638,0.0912,0.245
CLUBS JACK DIAMONDS NINE,0.7402,0.0166,0.2432
SPADES SIX HEARTS KING,0.644,0.0036,0.3524
HEARTS SEVEN SPADES TWO,0.6942,0.0048,0.301
SPADES JACK SPADES SIX,0.7174,0.0204,0.2622
DIAMONDS NINE HEARTS NINE,0.453,0.0036,0.5434
DIAMONDS TWO SPADES SIX,0.6652,0.0048,0.33
SPADES TWO DIAMONDS SEVEN,0.681,0.0062,0.3128
DIAMONDS THREE DIAMONDS SIX,0.626,0.0056,0.3684
HEARTS FOUR SPADES FOUR,0.467,0.0052,0.5278
HEARTS FOUR SPADES NINE,0.6724,0.005,0.3226
SPADES THREE HEARTS TEN,0.6884,0.0054,0.3062
DIAMONDS TWO DIAMONDS KING,0.6242,0.0062,0.3696
SPADES QUEEN CLUBS QUEEN,0.3058,0.0032,0.691
SPADES KING DIAMONDS TEN,0.6174,0.0042,0.3784
SPADES KING DIAMONDS TWO,0.6564,0.0044,0.3392
SPADES FIVE HEARTS JACK,0.7452,0.0194,0.2354
SPADES FIVE CLUBS QUEEN,0.6412,0.0038,0.355
CLUBS SEVEN HEARTS NINE,0.6394,0.0048,0.3558
DIAMONDS QUEEN HEARTS EIGHT,0.6446,0.0048,0.3506
DIAMONDS TWO DIAMONDS SEVEN,0.6484,0.0046,0.347
HEARTS FIVE SPADES TWO,0.6482,0.0056,0.3462
CLUBS JACK CLUBS KING,0.6908,0.0142,0.295
HEARTS TWO CLUBS QUEEN,0.6628,0.0046,0.3326
SPADES QUEEN SPADES TWO,0.6244,0.004,0.3716
CLUBS EIGHT SPADES FOUR,0.6712,0.0034,0.3254
HEARTS FIVE DIAMONDS SIX,0.6244,0.0056,0.37
SPADES KING DIAMONDS ACE,0.247,0.0462,0.7068
CLUBS JACK SPADES TWO,0.7632,0.0212,0.2156
CLUBS SIX HEARTS TEN,0.671,0.0046,0.3244
DIAMONDS TEN DIAMONDS SIX,0.6268,0.0052,0.368
HEARTS SIX SPADES SEVEN,0.6482,0.0048,0.347
CLUBS NINE CLUBS THREE,0.6292,0.004,0.3668
CLUBS NINE DIAMONDS TEN,0.6382,0.004,0.3578
CLUBS THREE DIAMONDS NINE,0.6834,0.0036,0.313
HEARTS FOUR SPADES THREE,0.6456,0.0058,0.3486
SPADES TWO HEARTS TEN,0.694,0.0052,0.3008
HEARTS JACK CLUBS ACE,0.0182,0.974,0.0078
HEARTS FOUR HEARTS KING,0.6192,0.0042,0.3766
HEARTS SEVEN SPADES EIGHT,0.6242,0.003,0.3728
CLUBS JACK CLUBS SEVEN,0.691,0.0182,0.2908
CLUBS NINE DIAMONDS KING,0.643,0.0046,0.3524
SPADES FIVE CLUBS ACE,0.6496,0.088,0.2624
CLUBS THREE DIAMONDS SEVEN,0.68,0.0028,0.3172
CLUBS THREE SPADES FIVE,0.6388,0.0042,0.357
DIAMONDS THREE DIAMONDS FIVE,0.6086,0.0042,0.3872
CLUBS SIX CLUBS FOUR,0.599,0.0034,0.3976
SPADES JACK CLUBS KING,0.7394,0.0134,0.2472
DIAMONDS TWO CLUBS KING,0.6702,0.0036,0.3262
CLUBS FIVE HEARTS KING,0.6462,0.0044,0.3494
HEARTS FOUR DIAMONDS EIGHT,0.6508,0.0068,0.3424
CLUBS FIVE HEARTS TEN,0.673,0.005,0.322
CLUBS EIGHT CLUBS SEVEN,0.5916,0.0038,0.4046
HEARTS SIX CLUBS KING,0.6438,0.0026,0.3536
DIAMONDS SIX HEARTS NINE,0.6652,0.0048,0.33
DIAMONDS THREE HEARTS FOUR,0.6484,0.0048,0.3468
SPADES QUEEN CLUBS ACE,0.2454,0.0644,0.6902
CLUBS TWO HEARTS KING,0.6544,0.006,0.3396
CLUBS EIGHT SPADES EIGHT,0.4654,0.002,0.5326
CLUBS JACK SPADES THREE,0.7532,0.0206,0.2262
CLUBS NINE HEARTS FOUR,0.6736,0.0056,0.3208
HEARTS JACK DIAMONDS SIX,0.7522,0.0254,0.2224
SPADES SEVEN SPADES SIX,0.5924,0.0028,0.4048
CLUBS TEN DIAMONDS QUEEN,0.6028,0.004,0.3932
SPADES ACE DIAMONDS THREE,0.6608,0.0906,0.2486
SPADES EIGHT CLUBS FOUR,0.657,0.0046,0.3384
DIAMONDS EIGHT DIAMONDS FIVE,0.6156,0.0044,0.38
DIAMONDS TWO SPADES FOUR,0.659,0.0056,0.3354
SPADES SEVEN DIAMONDS FOUR,0.6568,0.0048,0.3384
DIAMONDS THREE CLUBS NINE,0.6706,0.0042,0.3252
HEARTS TWO DIAMONDS KING,0.649,0.006,0.345
CLUBS EIGHT HEARTS NINE,0.633,0.0034,0.3636
SPADES EIGHT DIAMONDS KING,0.6508,0.0034,0.3458
DIAMONDS THREE CLUBS THREE,0.4768,0.0048,0.5184
DIAMONDS TWO CLUBS SIX,0.6708,0.0042,0.325
SPADES QUEEN DIAMONDS KING,0.5862,0.0052,0.4086
CLUBS JACK CLUBS NINE,0.6844,0.0176,0.298
DIAMONDS KING SPADES FOUR,0.6452,0.0074,0.3474
SPADES QUEEN CLUBS KING,0.596,0.0034,0.4006
HEARTS THREE CLUBS ACE,0.6572,0.0876,0.2552
CLUBS SIX HEARTS KING,0.6564,0.0042,0.3394
CLUBS NINE CLUBS FOUR,0.6324,0.0036,0.364
SPADES EIGHT CLUBS THREE,0.6552,0.0032,0.3416
SPADES NINE HEARTS EIGHT,0.6224,0.0052,0.3724
HEARTS FOUR DIAMONDS SEVEN,0.6678,0.0032,0.329
CLUBS FIVE DIAMONDS KING,0.6416,0.0044,0.354
CLUBS JACK HEARTS QUEEN,0.7226,0.0168,0.2606
SPADES ACE DIAMONDS SIX,0.6848,0.0864,0.2288
HEARTS QUEEN SPADES TWO,0.6628,0.0046,0.3326
DIAMONDS EIGHT DIAMONDS FOUR,0.6362,0.0058,0.358
SPADES TEN SPADES TWO,0.6456,0.004,0.3504
CLUBS JACK CLUBS QUEEN,0.674,0.0148,0.3112
SPADES FOUR DIAMONDS EIGHT,0.6616,0.0046,0.3338
HEARTS TWO HEARTS QUEEN,0.6144,0.0068,0.3788
DIAMONDS THREE CLUBS SEVEN,0.6698,0.0052,0.325
HEARTS SIX CLUBS ACE,0.6834,0.0838,0.2328
SPADES TEN DIAMONDS KING,0.6286,0.0034,0.368
CLUBS TEN HEARTS FIVE,0.6774,0.0046,0.318
SPADES JACK SPADES TEN,0.67,0.0176,0.3124
CLUBS SIX SPADES SIX,0.4786,0.0026,0.5188
DIAMONDS TWO DIAMONDS NINE,0.6474,0.0058,0.3468
CLUBS FOUR HEARTS JACK,0.7522,0.0196,0.2282
HEARTS SEVEN SPADES THREE,0.6706,0.0044,0.325
SPADES EIGHT DIAMONDS FIVE,0.6576,0.0038,0.3386
DIAMONDS ACE HEARTS EIGHT,0.6804,0.0948,0.2248
CLUBS JACK SPADES FIVE,0.7506,0.0196,0.2298
DIAMONDS TWO CLUBS FOUR,0.654,0.0046,0.3414
SPADES KING SPADES FIVE,0.601,0.0038,0.3952
CLUBS EIGHT CLUBS FIVE,0.5936,0.0042,0.4022
HEARTS TWO HEARTS NINE,0.6422,0.005,0.3528
DIAMONDS NINE DIAMONDS EIGHT,0.6022,0.0032,0.3946
CLUBS FIVE DIAMONDS FOUR,0.6176,0.0048,0.3776
CLUBS TEN DIAMONDS FIVE,0.683,0.004,0.313
HEARTS FOUR HEARTS EIGHT,0.6346,0.005,0.3604
SPADES THREE DIAMONDS FIVE,0.627,0.0052,0.3678
CLUBS FIVE DIAMONDS ACE,0.6492,0.0916,0.2592
SPADES KING HEARTS JACK,0.7342,0.0194,0.2464
CLUBS SIX DIAMONDS EIGHT,0.6378,0.0046,0.3576
HEARTS SEVEN HEARTS KING,0.6136,0.0046,0.3818
CLUBS JACK DIAMONDS SEVEN,0.7422,0.02,0.2378
CLUBS SIX CLUBS QUEEN,0.6176,0.0048,0.3776
HEARTS SIX CLUBS SIX,0.4816,0.0038,0.5146
HEARTS FIVE HEARTS EIGHT,0.616,0.0048,0.3792
HEARTS SEVEN HEARTS FIVE,0.6224,0.0042,0.3734
SPADES TEN CLUBS KING,0.6296,0.004,0.3664
SPADES EIGHT HEARTS TEN,0.6528,0.0036,0.3436
SPADES SEVEN HEARTS EIGHT,0.626,0.0036,0.3704
HEARTS THREE HEARTS TEN,0.6396,0.0064,0.354
HEARTS FOUR CLUBS THREE,0.6452,0.0058,0.349
CLUBS THREE HEARTS TEN,0.6916,0.0044,0.304
HEARTS FIVE DIAMONDS EIGHT,0.6606,0.0056,0.3338
CLUBS THREE DIAMONDS TEN,0.6724,0.0036,0.324
SPADES NINE DIAMONDS SEVEN,0.6344,0.0038,0.3618
CLUBS TEN HEARTS TWO,0.681,0.0044,0.3146
CLUBS JACK DIAMONDS THREE,0.7674,0.021,0.2116
SPADES ACE CLUBS SEVEN,0.6638,0.0922,0.244
HEARTS SIX CLUBS NINE,0.6546,0.0038,0.3416
HEARTS FIVE DIAMONDS NINE,0.6764,0.0042,0.3194
DIAMONDS THREE HEARTS QUEEN,0.6522,0.0068,0.341
CLUBS FIVE CLUBS KING,0.5934,0.0048,0.4018
CLUBS FIVE SPADES SIX,0.6124,0.0048,0.3828
SPADES TEN CLUBS THREE,0.6728,0.004,0.3232
SPADES QUEEN SPADES SEVEN,0.6062,0.0024,0.3914
HEARTS KING SPADES TWO,0.6592,0.0044,0.3364
CLUBS TWO HEARTS QUEEN,0.6624,0.0058,0.3318
SPADES KING HEARTS FIVE,0.6378,0.004,0.3582
SPADES EIGHT HEARTS QUEEN,0.64,0.0048,0.3552
HEARTS FIVE SPADES SIX,0.6342,0.0036,0.3622
DIAMONDS NINE DIAMONDS FOUR,0.6484,0.0048,0.3468
SPADES FOUR CLUBS QUEEN,0.653,0.004,0.343
DIAMONDS KING DIAMONDS SIX,0.604,0.0044,0.3916
SPADES SEVEN CLUBS QUEEN,0.6318,0.0042,0.364
SPADES THREE CLUBS QUEEN,0.6448,0.0048,0.3504
CLUBS JACK CLUBS EIGHT,0.686,0.0166,0.2974
HEARTS SEVEN HEARTS TEN,0.616,0.0056,0.3784
HEARTS FIVE DIAMONDS FOUR,0.6414,0.006,0.3526
DIAMONDS TEN CLUBS ACE,0.6824,0.0888,0.2288
CLUBS SIX CLUBS KING,0.6098,0.0052,0.385
DIAMONDS NINE CLUBS ACE,0.6834,0.0846,0.232
SPADES KING SPADES SIX,0.6102,0.003,0.3868
SPADES JACK DIAMONDS TEN,0.7178,0.0194,0.2628
HEARTS FOUR DIAMONDS SIX,0.6532,0.0042,0.3426
CLUBS SIX SPADES TWO,0.6546,0.0032,0.3422
SPADES KING CLUBS SIX,0.6494,0.0032,0.3474
SPADES ACE CLUBS FOUR,0.6552,0.0908,0.254
DIAMONDS SEVEN CLUBS KING,0.6532,0.0046,0.3422
SPADES JACK CLUBS THREE,0.758,0.0182,0.2238
SPADES NINE HEARTS JACK,0.7348,0.0172,0.248
SPADES EIGHT CLUBS TWO,0.6802,0.0028,0.317
SPADES QUEEN DIAMONDS EIGHT,0.6448,0.0034,0.3518
HEARTS SIX DIAMONDS TEN,0.6608,0.0052,0.334
HEARTS FOUR DIAMONDS FIVE,0.63,0.006,0.364
HEARTS TWO DIAMONDS NINE,0.6824,0.0052,0.3124
SPADES KING CLUBS ACE,0.244,0.0502,0.7058
SPADES KING SPADES JACK,0.6906,0.015,0.2944
SPADES QUEEN DIAMONDS NINE,0.633,0.0054,0.3616
CLUBS EIGHT SPADES THREE,0.6644,0.0026,0.333
DIAMONDS THREE SPADES THREE,0.4878,0.0046,0.5076
CLUBS JACK DIAMONDS FIVE,0.758,0.0202,0.2218
HEARTS SIX HEARTS TEN,0.6454,0.0034,0.3512
SPADES SEVEN SPADES THREE,0.619,0.0056,0.3754
CLUBS TEN CLUBS ACE,0.6222,0.0906,0.2872
HEARTS SIX HEARTS KING,0.6156,0.0052,0.3792
SPADES JACK CLUBS QUEEN,0.7168,0.0164,0.2668
HEARTS THREE SPADES EIGHT,0.6828,0.0064,0.3108
HEARTS TWO SPADES EIGHT,0.682,0.0046,0.3134
SPADES NINE CLUBS QUEEN,0.6286,0.0034,0.368
DIAMONDS TWO SPADES EIGHT,0.6878,0.0032,0.309
HEARTS TWO CLUBS FOUR,0.6568,0.0042,0.339
HEARTS FOUR SPADES SEVEN,0.6476,0.005,0.3474
CLUBS EIGHT HEARTS TEN,0.6458,0.0034,0.3508
SPADES JACK SPADES THREE,0.7064,0.0186,0.275
HEARTS SEVEN CLUBS THREE,0.6738,0.0048,0.3214
DIAMONDS TWO HEARTS JACK,0.7714,0.023,0.2056
CLUBS EIGHT DIAMONDS SEVEN,0.6238,0.0028,0.3734
SPADES FOUR CLUBS KING,0.64,0.0036,0.3564
DIAMONDS KING DIAMONDS FOUR,0.6184,0.0058,0.3758
DIAMONDS TWO SPADES TWO,0.4762,0.0074,0.5164
CLUBS FIVE DIAMONDS SIX,0.6192,0.0058,0.375
HEARTS THREE DIAMONDS KING,0.6498,0.0056,0.3446
CLUBS SEVEN CLUBS QUEEN,0.6058,0.004,0.3902
HEARTS SEVEN DIAMONDS QUEEN,0.6394,0.0036,0.357
SPADES EIGHT HEARTS JACK,0.73,0.0122,0.2578
SPADES SIX DIAMONDS TEN,0.6778,0.0034,0.3188
SPADES THREE DIAMONDS EIGHT,0.6694,0.0058,0.3248
SPADES SEVEN DIAMONDS TEN,0.6518,0.0032,0.345
DIAMONDS ACE CLUBS QUEEN,0.2312,0.0634,0.7054
SPADES QUEEN DIAMONDS TEN,0.6076,0.0034,0.389
SPADES QUEEN HEARTS KING,0.5942,0.003,0.4028
CLUBS JACK SPADES FOUR,0.7458,0.0198,0.2344
HEARTS THREE DIAMONDS EIGHT,0.6892,0.0066,0.3042
HEARTS THREE DIAMONDS SEVEN,0.6734,0.007,0.3196
DIAMONDS TWO DIAMONDS SIX,0.644,0.0066,0.3494
HEARTS JACK CLUBS QUEEN,0.7106,0.015,0.2744
CLUBS TEN DIAMONDS NINE,0.6366,0.0026,0.3608
SPADES NINE DIAMONDS QUEEN,0.6232,0.0042,0.3726
HEARTS FOUR DIAMONDS FOUR,0.4908,0.0048,0.5044
DIAMONDS THREE SPADES NINE,0.6772,0.0054,0.3174
SPADES FOUR HEARTS TEN,0.6708,0.0046,0.3246
SPADES TEN DIAMONDS EIGHT,0.6328,0.0062,0.361
DIAMONDS QUEEN CLUBS TWO,0.6482,0.0042,0.3476
HEARTS FOUR CLUBS SEVEN,0.655,0.005,0.34
CLUBS NINE DIAMONDS SEVEN,0.6316,0.0032,0.3652
CLUBS EIGHT HEARTS THREE,0.683,0.0048,0.3122
SPADES NINE DIAMONDS FIVE,0.6474,0.005,0.3476
HEARTS FIVE SPADES FOUR,0.6206,0.004,0.3754
HEARTS SEVEN SPADES SIX,0.6316,0.0032,0.3652
DIAMONDS THREE SPADES JACK,0.764,0.0222,0.2138
SPADES EIGHT SPADES TWO,0.6386,0.0042,0.3572
DIAMONDS NINE HEARTS QUEEN,0.6268,0.0046,0.3686
HEARTS SEVEN DIAMONDS EIGHT,0.6328,0.0046,0.3626
SPADES ACE SPADES SIX,0.6356,0.08,0.2844
DIAMONDS KING SPADES FIVE,0.6268,0.0054,0.3678
HEARTS QUEEN HEARTS NINE,0.607,0.0048,0.3882
HEARTS FOUR SPADES TWO,0.6448,0.0068,0.3484
HEARTS SIX HEARTS FIVE,0.6018,0.0062,0.392
SPADES THREE SPADES TWO,0.6184,0.0066,0.375
DIAMONDS TWO HEARTS TWO,0.4934,0.0062,0.5004
SPADES KING CLUBS KING,0.3046,0.0028,0.6926
HEARTS THREE CLUBS FIVE,0.6298,0.0066,0.3636
SPADES SEVEN SPADES TWO,0.6264,0.0066,0.367
CLUBS TEN CLUBS FOUR,0.626,0.0034,0.3706
CLUBS EIGHT CLUBS ACE,0.6242,0.0852,0.2906
HEARTS FIVE CLUBS QUEEN,0.6532,0.0046,0.3422
CLUBS TWO SPADES FOUR,0.635,0.0054,0.3596
DIAMONDS THREE CLUBS FIVE,0.6414,0.0058,0.3528
DIAMONDS QUEEN CLUBS QUEEN,0.2898,0.0024,0.7078
SPADES KING CLUBS FIVE,0.6536,0.0038,0.3426
CLUBS NINE CLUBS SEVEN,0.5964,0.004,0.3996
CLUBS JACK DIAMONDS SIX,0.7548,0.0198,0.2254
DIAMONDS THREE HEARTS NINE,0.6852,0.0048,0.31
SPADES ACE HEARTS JACK,0.0198,0.9684,0.0118
SPADES JACK CLUBS ACE,0.0248,0.9528,0.0224
HEARTS QUEEN DIAMONDS FOUR,0.6614,0.004,0.3346
SPADES QUEEN SPADES FOUR,0.6072,0.003,0.3898
SPADES JACK HEARTS EIGHT,0.7306,0.016,0.2534
SPADES SEVEN HEARTS QUEEN,0.637,0.0034,0.3596
CLUBS JACK CLUBS FOUR,0.6924,0.019,0.2886
CLUBS THREE HEARTS KING,0.6582,0.003,0.3388
HEARTS JACK DIAMONDS SEVEN,0.7408,0.0196,0.2396
DIAMONDS SIX DIAMONDS FOUR,0.6078,0.0054,0.3868
SPADES NINE CLUBS SIX,0.6524,0.0026,0.345
HEARTS KING SPADES THREE,0.661,0.0052,0.3338
HEARTS SEVEN CLUBS QUEEN,0.6386,0.0042,0.3572
HEARTS KING HEARTS NINE,0.6088,0.0056,0.3856
SPADES SEVEN HEARTS NINE,0.634,0.0026,0.3634
SPADES SIX CLUBS KING,0.642,0.0032,0.3548
DIAMONDS THREE HEARTS JACK,0.7644,0.0214,0.2142
HEARTS FOUR CLUBS KING,0.6516,0.0064,0.342
CLUBS TEN HEARTS THREE,0.6788,0.0046,0.3166
DIAMONDS ACE DIAMONDS QUEEN,0.233,0.06,0.707
SPADES NINE HEARTS TEN,0.6296,0.005,0.3654
CLUBS NINE SPADES TWO,0.6788,0.0054,0.3158
DIAMONDS KING HEARTS TEN,0.6234,0.004,0.3726
CLUBS EIGHT CLUBS TWO,0.639,0.0038,0.3572
CLUBS TEN SPADES SEVEN,0.65,0.0028,0.3472
SPADES SEVEN DIAMONDS SEVEN,0.478,0.0044,0.5176
HEARTS SEVEN DIAMONDS KING,0.6434,0.0044,0.3522
DIAMONDS THREE SPADES FOUR,0.6326,0.0054,0.362
HEARTS FOUR CLUBS SIX,0.6416,0.0042,0.3542
SPADES JACK CLUBS SIX,0.75,0.0206,0.2294
SPADES TEN DIAMONDS SEVEN,0.6598,0.0024,0.3378
CLUBS TEN DIAMONDS KING,0.6158,0.0076,0.3766
SPADES KING HEARTS TWO,0.6582,0.0046,0.3372
HEARTS FIVE SPADES FIVE,0.4792,0.0036,0.5172
HEARTS FOUR DIAMONDS NINE,0.6888,0.0044,0.3068
CLUBS TEN CLUBS EIGHT,0.5996,0.0038,0.3966
SPADES ACE DIAMONDS NINE,0.6874,0.0826,0.23
CLUBS JACK DIAMONDS TWO,0.772,0.0228,0.2052
CLUBS NINE SPADES NINE,0.4478,0.0038,0.5484
DIAMONDS TEN DIAMONDS FOUR,0.6524,0.0052,0.3424
CLUBS SEVEN HEARTS THREE,0.6704,0.004,0.3256
DIAMONDS TEN CLUBS KING,0.62,0.004,0.376
CLUBS FIVE DIAMONDS QUEEN,0.642,0.0044,0.3536
SPADES KING SPADES THREE,0.6164,0.0064,0.3772
DIAMONDS THREE HEARTS TEN,0.6878,0.006,0.3062
HEARTS THREE DIAMONDS TEN,0.6922,0.005,0.3028
HEARTS FOUR DIAMONDS KING,0.6518,0.0038,0.3444
DIAMONDS ACE CLUBS THREE,0.6698,0.0862,0.244
CLUBS THREE SPADES THREE,0.4616,0.0044,0.534
DIAMONDS EIGHT CLUBS ACE,0.6728,0.09,0.2372
CLUBS NINE CLUBS ACE,0.6378,0.0808,0.2814
CLUBS EIGHT SPADES SEVEN,0.6202,0.0032,0.3766
SPADES SEVEN HEARTS TEN,0.6482,0.0042,0.3476
DIAMONDS QUEEN DIAMONDS TEN,0.5906,0.0056,0.4038
DIAMONDS TWO HEARTS KING,0.6564,0.0064,0.3372
HEARTS FOUR CLUBS TWO,0.6578,0.0056,0.3366
HEARTS SEVEN HEARTS EIGHT,0.6058,0.0042,0.39
HEARTS FIVE CLUBS FIVE,0.4828,0.004,0.5132
DIAMONDS TWO HEARTS TEN,0.6944,0.0046,0.301
DIAMONDS TWO HEARTS QUEEN,0.6698,0.0064,0.3238
CLUBS JACK HEARTS TEN,0.7136,0.0218,0.2646
CLUBS SEVEN DIAMONDS EIGHT,0.6294,0.003,0.3676
SPADES THREE CLUBS KING,0.638,0.005,0.357
SPADES FIVE CLUBS KING,0.6404,0.0034,0.3562
CLUBS JACK HEARTS TWO,0.7648,0.0216,0.2136
CLUBS SIX CLUBS TWO,0.635,0.0036,0.3614
DIAMONDS THREE DIAMONDS KING,0.6204,0.0066,0.373
DIAMONDS THREE HEARTS TWO,0.6634,0.0052,0.3314
HEARTS FIVE SPADES THREE,0.6446,0.006,0.3494
HEARTS SEVEN HEARTS SIX,0.606,0.0052,0.3888
SPADES NINE CLUBS FIVE,0.6594,0.0032,0.3374
CLUBS SIX HEARTS EIGHT,0.6486,0.0042,0.3472
DIAMONDS THREE HEARTS KING,0.6522,0.0056,0.3422
SPADES EIGHT CLUBS ACE,0.6768,0.0896,0.2336
DIAMONDS ACE CLUBS KING,0.237,0.0454,0.7176
DIAMONDS THREE HEARTS FIVE,0.6496,0.006,0.3444
HEARTS THREE CLUBS TWO,0.6742,0.0074,0.3184
SPADES KING SPADES SEVEN,0.5948,0.0034,0.4018
SPADES SIX DIAMONDS SEVEN,0.6394,0.0032,0.3574
CLUBS TEN CLUBS QUEEN,0.5796,0.0038,0.4166
HEARTS QUEEN CLUBS KING,0.6082,0.0048,0.387
HEARTS KING HEARTS EIGHT,0.623,0.0056,0.3714
CLUBS KING HEARTS NINE,0.638,0.0048,0.3572
DIAMONDS KING HEARTS EIGHT,0.6438,0.0044,0.3518
CLUBS SEVEN DIAMONDS QUEEN,0.6424,0.0032,0.3544
DIAMONDS TWO SPADES SEVEN,0.673,0.005,0.322
HEARTS FIVE HEARTS TWO,0.6262,0.0056,0.3682
CLUBS EIGHT CLUBS KING,0.6058,0.0052,0.389
SPADES SIX DIAMONDS EIGHT,0.6468,0.0042,0.349
DIAMONDS SIX HEARTS EIGHT,0.647,0.004,0.349
HEARTS THREE SPADES TWO,0.6636,0.0058,0.3306
CLUBS SIX HEARTS NINE,0.6568,0.005,0.3382
CLUBS EIGHT HEARTS EIGHT,0.4662,0.0032,0.5306
HEARTS FIVE DIAMONDS KING,0.6494,0.0046,0.346
DIAMONDS SEVEN CLUBS QUEEN,0.6372,0.0034,0.3594
HEARTS SEVEN HEARTS FOUR,0.6162,0.0066,0.3772
SPADES JACK DIAMONDS EIGHT,0.7384,0.0176,0.244
CLUBS TEN SPADES TWO,0.6672,0.0048,0.328
DIAMONDS TEN DIAMONDS EIGHT,0.5996,0.005,0.3954
SPADES QUEEN DIAMONDS SIX,0.651,0.0034,0.3456
DIAMONDS SEVEN CLUBS ACE,0.6634,0.0944,0.2422
CLUBS NINE CLUBS SIX,0.6122,0.0036,0.3842
HEARTS TWO SPADES SEVEN,0.6792,0.004,0.3168
CLUBS EIGHT DIAMONDS NINE,0.6248,0.0016,0.3736
CLUBS SIX HEARTS JACK,0.7632,0.0204,0.2164
DIAMONDS KING DIAMONDS QUEEN,0.5608,0.0062,0.433
HEARTS SEVEN CLUBS ACE,0.6752,0.0858,0.239
DIAMONDS EIGHT CLUBS KING,0.6624,0.0036,0.334
CLUBS SEVEN HEARTS TWO,0.6776,0.0042,0.3182
CLUBS NINE HEARTS KING,0.643,0.005,0.352
SPADES FOUR DIAMONDS NINE,0.6788,0.0064,0.3148
SPADES NINE CLUBS FOUR,0.674,0.0032,0.3228
SPADES SIX HEARTS QUEEN,0.6576,0.0032,0.3392
SPADES KING DIAMONDS FOUR,0.6432,0.0034,0.3534
SPADES ACE HEARTS TEN,0.6768,0.0868,0.2364
DIAMONDS FIVE CLUBS QUEEN,0.652,0.0062,0.3418
DIAMONDS KING DIAMONDS TEN,0.5926,0.005,0.4024
SPADES ACE HEARTS QUEEN,0.237,0.0626,0.7004
SPADES JACK SPADES SEVEN,0.7002,0.021,0.2788
CLUBS FOUR SPADES FIVE,0.622,0.0036,0.3744
HEARTS FIVE HEARTS THREE,0.6168,0.0056,0.3776
DIAMONDS SEVEN DIAMONDS FIVE,0.6108,0.0054,0.3838
HEARTS SEVEN CLUBS EIGHT,0.6232,0.0042,0.3726
SPADES SEVEN DIAMONDS EIGHT,0.6206,0.0034,0.376
DIAMONDS KING DIAMONDS EIGHT,0.6176,0.005,0.3774
HEARTS SEVEN SPADES KING,0.6292,0.0046,0.3662
CLUBS FIVE SPADES SEVEN,0.6354,0.0056,0.359
SPADES KING CLUBS EIGHT,0.6474,0.0026,0.35
SPADES NINE DIAMONDS TEN,0.6352,0.0052,0.3596
CLUBS JACK SPADES KING,0.738,0.0152,0.2468
SPADES FOUR DIAMONDS FOUR,0.4748,0.0032,0.522
HEARTS THREE CLUBS KING,0.6486,0.0048,0.3466
CLUBS JACK HEARTS SIX,0.763,0.0164,0.2206
HEARTS SIX SPADES NINE,0.6398,0.0048,0.3554
SPADES EIGHT SPADES FOUR,0.6236,0.0032,0.3732
SPADES EIGHT HEARTS NINE,0.6306,0.0032,0.3662
CLUBS JACK HEARTS EIGHT,0.7242,0.0212,0.2546
HEARTS SIX CLUBS THREE,0.6558,0.0042,0.34
SPADES TWO CLUBS QUEEN,0.6564,0.0048,0.3388
SPADES ACE DIAMONDS KING,0.2384,0.047,0.7146
CLUBS TWO DIAMONDS FOUR,0.6492,0.004,0.3468
HEARTS SIX DIAMONDS EIGHT,0.6422,0.0046,0.3532
SPADES THREE HEARTS JACK,0.7638,0.0218,0.2144
DIAMONDS THREE DIAMONDS NINE,0.6468,0.0042,0.349
HEARTS TWO CLUBS TWO,0.484,0.0068,0.5092
HEARTS TWO DIAMONDS TEN,0.6982,0.0064,0.2954
SPADES KING HEARTS NINE,0.6592,0.0046,0.3362
DIAMONDS ACE SPADES FIVE,0.6522,0.0852,0.2626
SPADES FIVE DIAMONDS NINE,0.6648,0.0042,0.331
SPADES QUEEN SPADES EIGHT,0.5906,0.0048,0.4046
DIAMONDS QUEEN SPADES THREE,0.655,0.0048,0.3402
CLUBS KING DIAMONDS FOUR,0.6586,0.0058,0.3356
CLUBS KING HEARTS EIGHT,0.6524,0.005,0.3426
HEARTS SEVEN CLUBS KING,0.6508,0.003,0.3462
HEARTS FIVE SPADES SEVEN,0.6524,0.0052,0.3424
SPADES THREE HEARTS EIGHT,0.6742,0.0056,0.3202
SPADES ACE SPADES JACK,0.0202,0.9112,0.0686
CLUBS JACK SPADES NINE,0.726,0.0196,0.2544
CLUBS SIX SPADES FIVE,0.6268,0.005,0.3682
HEARTS SIX SPADES FOUR,0.6472,0.004,0.3488
SPADES THREE CLUBS ACE,0.665,0.0886,0.2464
CLUBS FIVE DIAMONDS FIVE,0.4796,0.0024,0.518
CLUBS TEN SPADES EIGHT,0.6326,0.0026,0.3648
SPADES EIGHT DIAMONDS FOUR,0.6704,0.0028,0.3268
HEARTS SEVEN HEARTS NINE,0.5976,0.0056,0.3968
DIAMONDS SEVEN HEARTS EIGHT,0.6358,0.0044,0.3598
SPADES QUEEN HEARTS QUEEN,0.3008,0.004,0.6952
SPADES QUEEN SPADES NINE,0.5994,0.0036,0.397
CLUBS JACK HEARTS THREE,0.754,0.0242,0.2218
SPADES ACE CLUBS QUEEN,0.2412,0.0616,0.6972
HEARTS SEVEN DIAMONDS NINE,0.6456,0.0066,0.3478
SPADES ACE CLUBS SIX,0.6802,0.0892,0.2306
SPADES QUEEN HEARTS NINE,0.634,0.0038,0.3622
CLUBS NINE DIAMONDS NINE,0.4668,0.0046,0.5286
CLUBS NINE DIAMONDS EIGHT,0.6432,0.0038,0.353
SPADES JACK CLUBS FOUR,0.7404,0.019,0.2406
SPADES FOUR CLUBS ACE,0.6604,0.0848,0.2548
HEARTS FIVE HEARTS QUEEN,0.604,0.0052,0.3908
SPADES FIVE SPADES THREE,0.5902,0.0058,0.404
DIAMONDS EIGHT SPADES TWO,0.6752,0.0058,0.319
SPADES KING HEARTS FOUR,0.6642,0.0022,0.3336
HEARTS TWO SPADES FOUR,0.6588,0.0036,0.3376
SPADES QUEEN CLUBS FOUR,0.6476,0.004,0.3484
DIAMONDS ACE DIAMONDS SIX,0.6566,0.0858,0.2576
DIAMONDS NINE DIAMONDS FIVE,0.6296,0.0048,0.3656
DIAMONDS KING CLUBS KING,0.2764,0.0048,0.7188
DIAMONDS ACE SPADES TWO,0.6706,0.0932,0.2362
SPADES SIX CLUBS TWO,0.6552,0.0036,0.3412
SPADES FIVE DIAMONDS FIVE,0.4772,0.0062,0.5166
HEARTS KING HEARTS TEN,0.6034,0.0046,0.392
HEARTS THREE HEARTS KING,0.615,0.0058,0.3792
SPADES KING DIAMONDS EIGHT,0.6452,0.0048,0.35
SPADES FOUR DIAMONDS FIVE,0.6144,0.0058,0.3798
CLUBS THREE CLUBS ACE,0.6224,0.0808,0.2968
CLUBS THREE SPADES TWO,0.6612,0.0054,0.3334
CLUBS FOUR HEARTS EIGHT,0.6594,0.0042,0.3364
DIAMONDS KING CLUBS THREE,0.6488,0.007,0.3442
CLUBS EIGHT DIAMONDS FIVE,0.6466,0.0046,0.3488
DIAMONDS THREE CLUBS SIX,0.6594,0.0054,0.3352
CLUBS NINE SPADES TEN,0.6308,0.0044,0.3648
CLUBS JACK DIAMONDS EIGHT,0.7222,0.0182,0.2596
DIAMONDS ACE HEARTS TEN,0.688,0.0896,0.2224
HEARTS FOUR HEARTS NINE,0.6498,0.005,0.3452
CLUBS EIGHT SPADES FIVE,0.6488,0.0026,0.3486
CLUBS TEN DIAMONDS FOUR,0.6878,0.003,0.3092
SPADES THREE HEARTS NINE,0.6784,0.003,0.3186
HEARTS SIX SPADES JACK,0.7582,0.0218,0.22
DIAMONDS NINE HEARTS JACK,0.735,0.0208,0.2442
SPADES JACK HEARTS NINE,0.7254,0.0234,0.2512
DIAMONDS ACE HEARTS QUEEN,0.2352,0.064,0.7008
SPADES JACK HEARTS JACK,0.3114,0.0164,0.6722
SPADES TEN DIAMONDS ACE,0.6678,0.0862,0.246
SPADES EIGHT DIAMONDS SEVEN,0.6272,0.0036,0.3692
CLUBS SEVEN SPADES SIX,0.6412,0.0024,0.3564
SPADES EIGHT SPADES SEVEN,0.5946,0.0032,0.4022
SPADES ACE CLUBS KING,0.2558,0.0518,0.6924
CLUBS ACE HEARTS EIGHT,0.6856,0.0792,0.2352
CLUBS JACK HEARTS KING,0.7382,0.0136,0.2482
CLUBS SIX DIAMONDS NINE,0.659,0.003,0.338
HEARTS TEN CLUBS QUEEN,0.6218,0.0038,0.3744
CLUBS NINE HEARTS THREE,0.688,0.0046,0.3074
DIAMONDS ACE CLUBS FOUR,0.6608,0.0878,0.2514
HEARTS KING DIAMONDS SEVEN,0.6424,0.0044,0.3532
DIAMONDS ACE DIAMONDS FIVE,0.6278,0.0802,0.292
CLUBS NINE SPADES EIGHT,0.6376,0.0034,0.359
CLUBS THREE DIAMONDS FIVE,0.6438,0.006,0.3502
SPADES QUEEN CLUBS EIGHT,0.6374,0.0028,0.3598
HEARTS QUEEN DIAMONDS SEVEN,0.6558,0.0048,0.3394
HEARTS SEVEN SPADES FIVE,0.6324,0.0042,0.3634
HEARTS TWO CLUBS THREE,0.6608,0.0056,0.3336
DIAMONDS TEN HEARTS EIGHT,0.6556,0.006,0.3384
HEARTS SEVEN DIAMONDS FOUR,0.6538,0.0054,0.3408
HEARTS THREE DIAMONDS FIVE,0.642,0.0064,0.3516
DIAMONDS TEN DIAMONDS FIVE,0.6624,0.0038,0.3338
SPADES SIX SPADES THREE,0.6136,0.0044,0.382
HEARTS SEVEN DIAMONDS SEVEN,0.467,0.0068,0.5262
DIAMONDS NINE DIAMONDS SEVEN,0.6028,0.0048,0.3924
SPADES KING CLUBS FOUR,0.6496,0.0032,0.3472
DIAMONDS QUEEN CLUBS KING,0.5934,0.0036,0.403
HEARTS SIX SPADES TWO,0.676,0.0048,0.3192
CLUBS THREE CLUBS TWO,0.6144,0.0042,0.3814
SPADES QUEEN DIAMONDS QUEEN,0.303,0.0026,0.6944
HEARTS FIVE DIAMONDS SEVEN,0.643,0.0056,0.3514
CLUBS JACK CLUBS SIX,0.7026,0.0202,0.2772
HEARTS FOUR HEARTS THREE,0.5902,0.004,0.4058
CLUBS EIGHT CLUBS QUEEN,0.5978,0.0038,0.3984
CLUBS NINE DIAMONDS QUEEN,0.6342,0.0036,0.3622
SPADES JACK DIAMONDS KING,0.735,0.0162,0.2488
CLUBS SEVEN SPADES FIVE,0.637,0.002,0.361
CLUBS TEN CLUBS SIX,0.6304,0.0038,0.3658
HEARTS TEN HEARTS NINE,0.6082,0.0052,0.3866
SPADES ACE CLUBS FIVE,0.654,0.0852,0.2608
CLUBS NINE DIAMONDS FIVE,0.6568,0.005,0.3382
HEARTS SIX CLUBS FIVE,0.6226,0.0042,0.3732
HEARTS SIX SPADES EIGHT,0.6436,0.003,0.3534
SPADES SIX DIAMONDS FOUR,0.6482,0.0034,0.3484
HEARTS SIX DIAMONDS SEVEN,0.6408,0.0034,0.3558
SPADES KING DIAMONDS FIVE,0.6494,0.0044,0.3462
DIAMONDS TWO DIAMONDS TEN,0.6512,0.0052,0.3436
HEARTS TWO CLUBS KING,0.6626,0.0056,0.3318
DIAMONDS THREE SPADES QUEEN,0.6474,0.0042,0.3484
CLUBS SEVEN CLUBS ACE,0.624,0.0832,0.2928
DIAMONDS ACE DIAMONDS EIGHT,0.643,0.089,0.268
SPADES ACE DIAMONDS EIGHT,0.6874,0.078,0.2346
CLUBS SEVEN CLUBS FOUR,0.6034,0.0042,0.3924
DIAMONDS TWO CLUBS THREE,0.6604,0.0046,0.335
HEARTS SEVEN DIAMONDS TEN,0.663,0.0074,0.3296
HEARTS SIX HEARTS TWO,0.63,0.0068,0.3632
CLUBS JACK SPADES TEN,0.7104,0.0184,0.2712
CLUBS NINE SPADES FIVE,0.668,0.004,0.328
DIAMONDS ACE HEARTS KING,0.2332,0.0504,0.7164
CLUBS JACK HEARTS NINE,0.7248,0.02,0.2552
SPADES QUEEN CLUBS FIVE,0.639,0.003,0.358
DIAMONDS KING HEARTS NINE,0.631,0.0046,0.3644
CLUBS JACK DIAMONDS QUEEN,0.7176,0.0142,0.2682
CLUBS JACK DIAMONDS FOUR,0.7714,0.024,0.2046
DIAMONDS THREE DIAMONDS EIGHT,0.645,0.0062,0.3488
HEARTS SEVEN SPADES QUEEN,0.6534,0.0032,0.3434
CLUBS FOUR CLUBS KING,0.6038,0.0036,0.3926
DIAMONDS THREE HEARTS EIGHT,0.6816,0.0038,0.3146
SPADES NINE HEARTS NINE,0.4646,0.003,0.5324
CLUBS THREE DIAMONDS FOUR,0.6442,0.0058,0.35
DIAMONDS NINE SPADES THREE,0.6612,0.008,0.3308
HEARTS SEVEN SPADES NINE,0.6494,0.0016,0.349
HEARTS SEVEN DIAMONDS ACE,0.6652,0.0928,0.242
SPADES SEVEN DIAMONDS NINE,0.6398,0.0046,0.3556
HEARTS SIX CLUBS SEVEN,0.629,0.0048,0.3662
CLUBS TEN HEARTS NINE,0.6342,0.0048,0.361
SPADES ACE CLUBS ACE,0.0784,0.0118,0.9098
SPADES QUEEN DIAMONDS ACE,0.2252,0.0666,0.7082
HEARTS FIVE CLUBS EIGHT,0.6542,0.0022,0.3436
CLUBS FOUR HEARTS NINE,0.6836,0.005,0.3114
SPADES KING DIAMONDS QUEEN,0.5872,0.0042,0.4086
DIAMONDS THREE SPADES EIGHT,0.6782,0.0036,0.3182
HEARTS KING DIAMONDS SIX,0.6536,0.0054,0.341
CLUBS NINE DIAMONDS SIX,0.6536,0.0032,0.3432
DIAMONDS QUEEN DIAMONDS SIX,0.6084,0.0054,0.3862
