opposingHand,winningChance,drawChance,lostChance
HEARTS TWO SPADES SEVEN
HEARTS FIVE SPADES TEN,0.3448,0.0274,0.6278
HEARTS FIVE SPADES JACK,0.3404,0.0196,0.64
SPADES FIVE CLUBS JACK,0.35,0.0204,0.6296
CLUBS TEN SPADES FIVE,0.3596,0.0294,0.611
CLUBS EIGHT CLUBS JACK,0.2944,0.0194,0.6862
CLUBS TEN CLUBS EIGHT,0.2812,0.0272,0.6916
CLUBS EIGHT CLUBS KING,0.305,0.0076,0.6874
SPADES FIVE CLUBS ACE,0.3442,0.0046,0.6512
CLUBS EIGHT CLUBS QUEEN,0.299,0.0128,0.6882
SPADES FIVE CLUBS KING,0.3486,0.009,0.6424
SPADES FIVE CLUBS QUEEN,0.35,0.015,0.635
CLUBS EIGHT CLUBS ACE,0.2948,0.0054,0.6998
DIAMONDS TWO DIAMONDS THREE,0.496,0.187,0.317
DIAMONDS TWO DIAMONDS FIVE,0.499,0.1966,0.3044
HEARTS FIVE SPADES KING,0.3388,0.0086,0.6526
DIAMONDS TWO DIAMONDS FOUR,0.5014,0.181,0.3176
HEARTS FIVE SPADES QUEEN,0.3374,0.0114,0.6512
DIAMONDS TWO DIAMONDS SEVEN,0.023,0.904,0.073
DIAMONDS TWO DIAMONDS SIX,0.5292,0.1822,0.2886
SPADES ACE HEARTS FIVE,0.3282,0.0046,0.6672
DIAMONDS TWO DIAMONDS NINE,0.2274,0.1038,0.6688
DIAMONDS TWO DIAMONDS EIGHT,0.2172,0.1368,0.646
DIAMONDS THREE DIAMONDS FOUR,0.4532,0.0948,0.452
SPADES FOUR CLUBS TWO,0.5468,0.1964,0.2568
DIAMONDS THREE DIAMONDS FIVE,0.4544,0.1062,0.4394
SPADES FIVE CLUBS TWO,0.548,0.2,0.252
CLUBS TWO SPADES TWO,0.2566,0.0846,0.6588
CLUBS TWO SPADES THREE,0.5422,0.2072,0.2506
DIAMONDS THREE DIAMONDS EIGHT,0.3312,0.0606,0.6082
SPADES EIGHT CLUBS TWO,0.2216,0.1458,0.6326
DIAMONDS THREE DIAMONDS NINE,0.3412,0.0444,0.6144
SPADES NINE CLUBS TWO,0.2338,0.1054,0.6608
DIAMONDS THREE DIAMONDS SIX,0.4628,0.0932,0.444
SPADES SIX CLUBS TWO,0.5702,0.1958,0.234
DIAMONDS THREE DIAMONDS SEVEN,0.2138,0.4674,0.3188
CLUBS SIX CLUBS TWO,0.532,0.1756,0.2924
CLUBS SEVEN CLUBS TWO,0.0218,0.9088,0.0694
CLUBS FOUR CLUBS TWO,0.5104,0.1922,0.2974
CLUBS FIVE CLUBS TWO,0.5142,0.1774,0.3084
CLUBS TEN CLUBS JACK,0.2884,0.0188,0.6928
DIAMONDS FOUR DIAMONDS SIX,0.4494,0.0972,0.4534
CLUBS TEN CLUBS QUEEN,0.2922,0.0118,0.696
DIAMONDS FOUR DIAMONDS SEVEN,0.1978,0.473,0.3292
CLUBS TEN CLUBS KING,0.3114,0.0062,0.6824
CLUBS TEN CLUBS ACE,0.2892,0.0042,0.7066
CLUBS EIGHT CLUBS TWO,0.2198,0.1282,0.652
DIAMONDS FIVE DIAMONDS FOUR,0.4278,0.0968,0.4754
CLUBS NINE CLUBS TWO,0.2294,0.0986,0.672
DIAMONDS NINE DIAMONDS FOUR,0.3388,0.043,0.6182
DIAMONDS EIGHT DIAMONDS FOUR,0.32,0.0598,0.6202
CLUBS THREE CLUBS TWO,0.5104,0.1886,0.301
DIAMONDS NINE DIAMONDS FIVE,0.3238,0.0404,0.6358
DIAMONDS TWO CLUBS JACK,0.2426,0.049,0.7084
DIAMONDS EIGHT DIAMONDS FIVE,0.3064,0.0626,0.631
CLUBS TEN DIAMONDS TWO,0.2426,0.073,0.6844
DIAMONDS FIVE DIAMONDS SEVEN,0.195,0.416,0.389
DIAMONDS FIVE DIAMONDS SIX,0.4444,0.0914,0.4642
DIAMONDS TWO CLUBS ACE,0.2424,0.0116,0.746
DIAMONDS TWO CLUBS KING,0.247,0.0222,0.7308
DIAMONDS TWO CLUBS QUEEN,0.252,0.0376,0.7104
DIAMONDS EIGHT DIAMONDS SIX,0.292,0.0618,0.6462
DIAMONDS NINE DIAMONDS SIX,0.3116,0.0378,0.6506
HEARTS ACE SPADES THREE,0.3456,0.0062,0.6482
SPADES THREE HEARTS KING,0.3466,0.0082,0.6452
DIAMONDS SEVEN DIAMONDS SIX,0.2064,0.3452,0.4484
SPADES THREE HEARTS QUEEN,0.3364,0.013,0.6506
SPADES THREE HEARTS JACK,0.3646,0.0216,0.6138
SPADES THREE HEARTS TEN,0.3516,0.0336,0.6148
DIAMONDS EIGHT DIAMONDS SEVEN,0.2008,0.1358,0.6634
DIAMONDS NINE DIAMONDS SEVEN,0.1938,0.103,0.7032
DIAMONDS NINE DIAMONDS EIGHT,0.2738,0.04,0.6862
DIAMONDS KING HEARTS TEN,0.3122,0.0058,0.682
HEARTS THREE HEARTS TEN,0.3358,0.0318,0.6324
SPADES JACK CLUBS SIX,0.354,0.0182,0.6278
DIAMONDS KING HEARTS JACK,0.3196,0.0066,0.6738
HEARTS THREE HEARTS JACK,0.339,0.0196,0.6414
SPADES TEN CLUBS SIX,0.3362,0.0308,0.633
SPADES JACK SPADES FIVE,0.324,0.0172,0.6588
SPADES TEN SPADES FIVE,0.339,0.027,0.634
DIAMONDS KING HEARTS ACE,0.3046,0.0038,0.6916
HEARTS THREE HEARTS ACE,0.3218,0.005,0.6732
SPADES ACE CLUBS SIX,0.3504,0.004,0.6456
DIAMONDS KING HEARTS QUEEN,0.3196,0.0062,0.6742
HEARTS THREE HEARTS QUEEN,0.3454,0.0124,0.6422
SPADES KING CLUBS SIX,0.3488,0.009,0.6422
DIAMONDS KING HEARTS KING,0.108,0.0186,0.8734
HEARTS THREE HEARTS KING,0.3356,0.0076,0.6568
SPADES QUEEN CLUBS SIX,0.3412,0.012,0.6468
SPADES NINE HEARTS TEN,0.2908,0.0228,0.6864
SPADES NINE HEARTS JACK,0.312,0.0166,0.6714
SPADES QUEEN SPADES FIVE,0.3308,0.0126,0.6566
SPADES KING SPADES FIVE,0.3326,0.0078,0.6596
SPADES ACE SPADES FIVE,0.3204,0.005,0.6746
SPADES NINE HEARTS QUEEN,0.3112,0.0116,0.6772
SPADES NINE HEARTS KING,0.3076,0.0096,0.6828
SPADES NINE HEARTS ACE,0.3138,0.005,0.6812
CLUBS TEN SPADES JACK,0.3042,0.0182,0.6776
CLUBS TEN SPADES TEN,0.1222,0.0556,0.8222
SPADES ACE CLUBS TEN,0.3102,0.006,0.6838
SPADES KING CLUBS TEN,0.3022,0.0066,0.6912
CLUBS TEN SPADES QUEEN,0.3088,0.01,0.6812
SPADES FIVE HEARTS QUEEN,0.3432,0.0106,0.6462
SPADES FIVE HEARTS KING,0.352,0.0068,0.6412
SPADES FIVE HEARTS ACE,0.3382,0.006,0.6558
CLUBS EIGHT SPADES TEN,0.2874,0.027,0.6856
SPADES JACK HEARTS THREE,0.344,0.0186,0.6374
SPADES JACK DIAMONDS KING,0.3272,0.0072,0.6656
SPADES TEN DIAMONDS KING,0.2968,0.0094,0.6938
SPADES TEN HEARTS THREE,0.3448,0.0352,0.62
SPADES JACK CLUBS EIGHT,0.3052,0.018,0.6768
CLUBS SIX HEARTS ACE,0.3436,0.0032,0.6532
SPADES ACE CLUBS EIGHT,0.31,0.0038,0.6862
HEARTS FIVE CLUBS JACK,0.3466,0.0196,0.6338
HEARTS FIVE CLUBS TEN,0.3444,0.0314,0.6242
CLUBS SIX HEARTS QUEEN,0.3358,0.0144,0.6498
SPADES QUEEN CLUBS EIGHT,0.3176,0.013,0.6694
CLUBS TEN SPADES THREE,0.3504,0.0316,0.618
CLUBS SIX HEARTS KING,0.3566,0.0068,0.6366
SPADES KING CLUBS EIGHT,0.3232,0.0088,0.668
SPADES THREE CLUBS JACK,0.355,0.019,0.626
DIAMONDS TWO HEARTS JACK,0.2372,0.0524,0.7104
SPADES THREE CLUBS QUEEN,0.3534,0.0164,0.6302
DIAMONDS TWO HEARTS TEN,0.2312,0.068,0.7008
SPADES THREE CLUBS KING,0.3542,0.0118,0.634
HEARTS FIVE CLUBS ACE,0.33,0.0048,0.6652
SPADES FIVE HEARTS TEN,0.3432,0.03,0.6268
SPADES THREE CLUBS ACE,0.336,0.0068,0.6572
HEARTS FIVE CLUBS KING,0.3526,0.007,0.6404
SPADES FIVE HEARTS JACK,0.3458,0.0196,0.6346
HEARTS FIVE CLUBS QUEEN,0.3428,0.015,0.6422
HEARTS THREE CLUBS KING,0.353,0.0106,0.6364
DIAMONDS KING CLUBS KING,0.1246,0.018,0.8574
HEARTS THREE CLUBS QUEEN,0.353,0.0144,0.6326
DIAMONDS KING CLUBS QUEEN,0.3226,0.0064,0.671
HEARTS FIVE HEARTS JACK,0.327,0.0174,0.6556
HEARTS FIVE HEARTS TEN,0.3362,0.0282,0.6356
HEARTS THREE CLUBS ACE,0.3326,0.0058,0.6616
DIAMONDS KING CLUBS ACE,0.322,0.0058,0.6722
SPADES ACE CLUBS QUEEN,0.3216,0.0052,0.6732
SPADES KING CLUBS QUEEN,0.3174,0.0068,0.6758
HEARTS THREE CLUBS JACK,0.3596,0.017,0.6234
DIAMONDS KING CLUBS JACK,0.3272,0.0054,0.6674
SPADES QUEEN CLUBS QUEEN,0.1156,0.0342,0.8502
CLUBS TEN HEARTS THREE,0.35,0.031,0.619
CLUBS TEN DIAMONDS KING,0.3208,0.009,0.6702
SPADES JACK CLUBS QUEEN,0.313,0.011,0.676
CLUBS SIX CLUBS QUEEN,0.3188,0.0164,0.6648
SPADES TEN CLUBS QUEEN,0.3154,0.0092,0.6754
CLUBS SIX CLUBS KING,0.3306,0.0074,0.662
CLUBS SIX CLUBS ACE,0.3312,0.0054,0.6634
HEARTS FIVE HEARTS KING,0.3216,0.009,0.6694
HEARTS FIVE HEARTS QUEEN,0.3306,0.0158,0.6536
CLUBS TEN CLUBS SIX,0.3308,0.0276,0.6416
HEARTS FIVE HEARTS ACE,0.3144,0.007,0.6786
CLUBS SIX CLUBS JACK,0.3278,0.0152,0.657
DIAMONDS TWO CLUBS TWO,0.248,0.0908,0.6612
DIAMONDS TWO CLUBS THREE,0.5452,0.1896,0.2652
DIAMONDS TWO HEARTS SIX,0.5654,0.1908,0.2438
DIAMONDS TWO HEARTS QUEEN,0.239,0.0354,0.7256
HEARTS SEVEN DIAMONDS TWO,0.0118,0.9698,0.0184
DIAMONDS TWO HEARTS KING,0.2348,0.027,0.7382
DIAMONDS TWO HEARTS EIGHT,0.2338,0.1434,0.6228
DIAMONDS TWO HEARTS ACE,0.2378,0.0148,0.7474
DIAMONDS TWO HEARTS NINE,0.233,0.0994,0.6676
DIAMONDS TWO DIAMONDS QUEEN,0.228,0.0338,0.7382
DIAMONDS TWO DIAMONDS KING,0.2274,0.0226,0.75
DIAMONDS TWO HEARTS THREE,0.5392,0.201,0.2598
DIAMONDS TWO DIAMONDS ACE,0.2236,0.013,0.7634
HEARTS FOUR DIAMONDS TWO,0.5384,0.198,0.2636
HEARTS FIVE DIAMONDS TWO,0.524,0.1996,0.2764
DIAMONDS TWO DIAMONDS TEN,0.2352,0.0726,0.6922
DIAMONDS TWO DIAMONDS JACK,0.2244,0.047,0.7286
DIAMONDS TWO SPADES NINE,0.2342,0.0944,0.6714
DIAMONDS TWO SPADES EIGHT,0.2248,0.1454,0.6298
DIAMONDS TWO SPADES SIX,0.5552,0.2038,0.241
DIAMONDS TWO SPADES FIVE,0.541,0.197,0.262
DIAMONDS TWO SPADES FOUR,0.5516,0.1946,0.2538
DIAMONDS TWO SPADES THREE,0.557,0.1904,0.2526
DIAMONDS TWO SPADES TWO,0.252,0.0846,0.6634
CLUBS NINE DIAMONDS TWO,0.2304,0.1002,0.6694
DIAMONDS TWO CLUBS EIGHT,0.2396,0.151,0.6094
CLUBS SEVEN DIAMONDS TWO,0.0236,0.9558,0.0206
DIAMONDS TWO CLUBS SIX,0.5596,0.197,0.2434
DIAMONDS TWO CLUBS FIVE,0.5376,0.1956,0.2668
DIAMONDS TWO CLUBS FOUR,0.543,0.1978,0.2592
CLUBS FOUR SPADES FIVE,0.4698,0.1048,0.4254
CLUBS FOUR SPADES FOUR,0.2398,0.131,0.6292
CLUBS FOUR SPADES THREE,0.4886,0.1092,0.4022
CLUBS FOUR SPADES TWO,0.5246,0.2022,0.2732
SPADES NINE CLUBS FOUR,0.342,0.0434,0.6146
SPADES EIGHT CLUBS FOUR,0.3298,0.0656,0.6046
SPADES SIX CLUBS FOUR,0.479,0.11,0.411
SPADES ACE DIAMONDS SIX,0.3396,0.0074,0.653
SPADES QUEEN DIAMONDS SIX,0.3446,0.013,0.6424
SPADES KING DIAMONDS SIX,0.353,0.01,0.637
SPADES TEN DIAMONDS SIX,0.3374,0.031,0.6316
SPADES JACK DIAMONDS SIX,0.3514,0.0202,0.6284
SPADES QUEEN SPADES TWO,0.2212,0.038,0.7408
SPADES KING SPADES TWO,0.2356,0.029,0.7354
SPADES ACE SPADES TWO,0.2238,0.0122,0.764
DIAMONDS JACK CLUBS JACK,0.1304,0.044,0.8256
CLUBS TEN DIAMONDS JACK,0.3128,0.0144,0.6728
DIAMONDS JACK CLUBS KING,0.3344,0.007,0.6586
DIAMONDS JACK CLUBS QUEEN,0.3174,0.0092,0.6734
DIAMONDS THREE DIAMONDS JACK,0.3318,0.019,0.6492
DIAMONDS THREE DIAMONDS TEN,0.348,0.0266,0.6254
DIAMONDS JACK CLUBS ACE,0.3246,0.0034,0.672
DIAMONDS THREE DIAMONDS KING,0.3268,0.0106,0.6626
DIAMONDS THREE HEARTS THREE,0.2424,0.1218,0.6358
DIAMONDS THREE DIAMONDS QUEEN,0.3242,0.0114,0.6644
HEARTS FIVE DIAMONDS THREE,0.4918,0.0958,0.4124
DIAMONDS THREE DIAMONDS ACE,0.3256,0.0058,0.6686
HEARTS FOUR DIAMONDS THREE,0.4772,0.1082,0.4146
HEARTS SEVEN DIAMONDS THREE,0.2072,0.5116,0.2812
SPADES TEN SPADES NINE,0.2782,0.0308,0.691
HEARTS SIX DIAMONDS THREE,0.4784,0.1044,0.4172
SPADES JACK SPADES NINE,0.2854,0.015,0.6996
DIAMONDS THREE HEARTS NINE,0.3584,0.0424,0.5992
HEARTS JACK DIAMONDS FOUR,0.3508,0.0204,0.6288
HEARTS ACE HEARTS KING,0.3144,0.0056,0.68
SPADES TEN SPADES TWO,0.2358,0.0702,0.694
DIAMONDS THREE HEARTS EIGHT,0.3488,0.0682,0.583
HEARTS TEN DIAMONDS FOUR,0.3452,0.031,0.6238
SPADES JACK SPADES TWO,0.2306,0.051,0.7184
HEARTS QUEEN DIAMONDS FOUR,0.3462,0.0152,0.6386
HEARTS KING DIAMONDS FOUR,0.3494,0.0112,0.6394
SPADES ACE SPADES NINE,0.2992,0.0072,0.6936
HEARTS ACE DIAMONDS FOUR,0.334,0.0052,0.6608
SPADES KING SPADES NINE,0.3062,0.0066,0.6872
SPADES QUEEN SPADES NINE,0.2924,0.012,0.6956
DIAMONDS THREE SPADES NINE,0.352,0.0442,0.6038
DIAMONDS THREE SPADES EIGHT,0.354,0.0622,0.5838
DIAMONDS THREE SPADES SIX,0.5,0.1034,0.3966
DIAMONDS THREE CLUBS SIX,0.487,0.1134,0.3996
CLUBS FIVE CLUBS SIX,0.4226,0.1012,0.4762
CLUBS ACE DIAMONDS FOUR,0.3512,0.0034,0.6454
CLUBS SEVEN DIAMONDS THREE,0.2262,0.515,0.2588
CLUBS SEVEN CLUBS FIVE,0.2014,0.4036,0.395
DIAMONDS THREE CLUBS FOUR,0.4892,0.1016,0.4092
DIAMONDS FOUR CLUBS QUEEN,0.3634,0.0156,0.621
DIAMONDS THREE CLUBS FIVE,0.4946,0.1058,0.3996
CLUBS KING DIAMONDS FOUR,0.3556,0.0106,0.6338
DIAMONDS THREE CLUBS TWO,0.551,0.195,0.254
CLUBS TEN DIAMONDS FOUR,0.3318,0.0294,0.6388
DIAMONDS THREE CLUBS THREE,0.2382,0.133,0.6288
DIAMONDS FOUR CLUBS JACK,0.3472,0.0188,0.634
DIAMONDS THREE SPADES FOUR,0.4848,0.1114,0.4038
DIAMONDS THREE SPADES FIVE,0.4772,0.109,0.4138
DIAMONDS THREE SPADES TWO,0.5412,0.204,0.2548
DIAMONDS THREE SPADES THREE,0.2378,0.1346,0.6276
CLUBS EIGHT DIAMONDS THREE,0.3648,0.0716,0.5636
CLUBS NINE DIAMONDS THREE,0.3532,0.0442,0.6026
CLUBS FIVE SPADES SIX,0.4768,0.1022,0.421
CLUBS FIVE SPADES NINE,0.3292,0.043,0.6278
CLUBS FIVE SPADES EIGHT,0.3228,0.0696,0.6076
CLUBS FIVE SPADES THREE,0.485,0.1118,0.4032
CLUBS FIVE SPADES TWO,0.5446,0.1926,0.2628
CLUBS FIVE SPADES FIVE,0.2398,0.1094,0.6508
CLUBS FIVE SPADES FOUR,0.4602,0.1078,0.432
CLUBS NINE CLUBS FIVE,0.3152,0.0394,0.6454
CLUBS EIGHT CLUBS FIVE,0.3118,0.065,0.6232
CLUBS ACE CLUBS QUEEN,0.3092,0.0054,0.6854
CLUBS KING CLUBS QUEEN,0.3026,0.0068,0.6906
DIAMONDS TEN DIAMONDS FOUR,0.3196,0.0258,0.6546
CLUBS TEN DIAMONDS NINE,0.3032,0.0234,0.6734
DIAMONDS JACK DIAMONDS FOUR,0.3218,0.0186,0.6596
DIAMONDS NINE CLUBS JACK,0.3126,0.0162,0.6712
SPADES NINE CLUBS JACK,0.2986,0.0208,0.6806
CLUBS TEN SPADES NINE,0.3032,0.026,0.6708
DIAMONDS ACE DIAMONDS FOUR,0.3196,0.0066,0.6738
HEARTS FOUR DIAMONDS FOUR,0.229,0.1302,0.6408
DIAMONDS JACK HEARTS TEN,0.3004,0.02,0.6796
SPADES NINE CLUBS KING,0.313,0.007,0.68
DIAMONDS TWO SPADES TEN,0.2292,0.0736,0.6972
DIAMONDS NINE CLUBS ACE,0.3208,0.0038,0.6754
HEARTS FIVE DIAMONDS FOUR,0.4612,0.1022,0.4366
DIAMONDS JACK HEARTS JACK,0.119,0.0488,0.8322
SPADES NINE CLUBS QUEEN,0.3182,0.0138,0.668
DIAMONDS TWO SPADES JACK,0.2424,0.0498,0.7078
DIAMONDS QUEEN DIAMONDS FOUR,0.3398,0.0114,0.6488
DIAMONDS NINE CLUBS QUEEN,0.3212,0.009,0.6698
DIAMONDS KING DIAMONDS FOUR,0.3186,0.0092,0.6722
HEARTS THREE DIAMONDS FOUR,0.4714,0.1046,0.424
SPADES NINE CLUBS ACE,0.3086,0.0044,0.687
DIAMONDS NINE CLUBS KING,0.3204,0.0082,0.6714
HEARTS ACE DIAMONDS JACK,0.3196,0.0042,0.6762
SPADES ACE DIAMONDS TWO,0.2428,0.0144,0.7428
HEARTS QUEEN DIAMONDS JACK,0.3144,0.0086,0.677
SPADES QUEEN DIAMONDS TWO,0.2446,0.0354,0.72
DIAMONDS JACK HEARTS KING,0.3206,0.008,0.6714
SPADES KING DIAMONDS TWO,0.2324,0.0252,0.7424
CLUBS SEVEN CLUBS THREE,0.2076,0.4824,0.31
CLUBS SIX CLUBS THREE,0.4666,0.096,0.4374
CLUBS FIVE CLUBS THREE,0.4552,0.0996,0.4452
CLUBS THREE CLUBS FOUR,0.4528,0.0994,0.4478
CLUBS NINE CLUBS THREE,0.3236,0.0428,0.6336
CLUBS EIGHT CLUBS THREE,0.3442,0.0614,0.5944
CLUBS THREE SPADES FIVE,0.4794,0.1078,0.4128
CLUBS THREE SPADES FOUR,0.4864,0.1052,0.4084
CLUBS THREE SPADES THREE,0.2454,0.1272,0.6274
CLUBS THREE SPADES TWO,0.55,0.2008,0.2492
CLUBS THREE SPADES SIX,0.5004,0.1014,0.3982
SPADES EIGHT CLUBS THREE,0.343,0.0674,0.5896
SPADES NINE CLUBS THREE,0.3532,0.0482,0.5986
SPADES TWO DIAMONDS FOUR,0.5472,0.1948,0.258
SPADES THREE DIAMONDS FOUR,0.4696,0.1118,0.4186
SPADES FOUR DIAMONDS FOUR,0.24,0.1288,0.6312
SPADES FIVE DIAMONDS FOUR,0.464,0.1094,0.4266
SPADES SIX DIAMONDS FOUR,0.4958,0.1022,0.402
SPADES EIGHT DIAMONDS FOUR,0.3338,0.0654,0.6008
SPADES NINE DIAMONDS FOUR,0.35,0.0472,0.6028
CLUBS FIVE DIAMONDS FOUR,0.4726,0.1018,0.4256
CLUBS FOUR DIAMONDS FOUR,0.2458,0.1214,0.6328
CLUBS SEVEN DIAMONDS FOUR,0.2118,0.4884,0.2998
CLUBS SIX DIAMONDS FOUR,0.4918,0.1008,0.4074
CLUBS NINE DIAMONDS FOUR,0.3506,0.045,0.6044
CLUBS EIGHT DIAMONDS FOUR,0.3462,0.067,0.5868
HEARTS SEVEN DIAMONDS FOUR,0.2002,0.4952,0.3046
HEARTS SIX DIAMONDS FOUR,0.4674,0.1066,0.426
DIAMONDS FOUR HEARTS NINE,0.347,0.0414,0.6116
DIAMONDS FOUR HEARTS EIGHT,0.3428,0.0722,0.585
CLUBS THREE DIAMONDS FOUR,0.4884,0.1044,0.4072
CLUBS TWO DIAMONDS FOUR,0.5326,0.1918,0.2756
DIAMONDS TEN DIAMONDS FIVE,0.3156,0.0274,0.657
DIAMONDS JACK DIAMONDS FIVE,0.321,0.0184,0.6606
DIAMONDS NINE HEARTS QUEEN,0.3146,0.0114,0.674
DIAMONDS NINE HEARTS KING,0.3232,0.007,0.6698
HEARTS ACE DIAMONDS NINE,0.3216,0.0042,0.6742
DIAMONDS NINE HEARTS TEN,0.3044,0.024,0.6716
DIAMONDS NINE HEARTS JACK,0.2936,0.0178,0.6886
CLUBS KING DIAMONDS SIX,0.335,0.0092,0.6558
CLUBS QUEEN DIAMONDS SIX,0.3508,0.0118,0.6374
CLUBS ACE DIAMONDS SIX,0.341,0.004,0.655
SPADES KING DIAMONDS FOUR,0.35,0.0082,0.6418
SPADES QUEEN DIAMONDS FOUR,0.348,0.0134,0.6386
CLUBS JACK DIAMONDS SIX,0.343,0.0202,0.6368
SPADES ACE DIAMONDS FOUR,0.349,0.0048,0.6462
CLUBS TEN DIAMONDS SIX,0.3426,0.0306,0.6268
CLUBS NINE CLUBS FOUR,0.3272,0.0426,0.6302
CLUBS EIGHT CLUBS FOUR,0.3146,0.065,0.6204
SPADES JACK DIAMONDS FOUR,0.3384,0.0198,0.6418
SPADES TEN DIAMONDS FOUR,0.339,0.0308,0.6302
CLUBS FIVE CLUBS FOUR,0.4406,0.1058,0.4536
CLUBS SEVEN CLUBS FOUR,0.1984,0.467,0.3346
CLUBS SIX CLUBS FOUR,0.4552,0.0986,0.4462
CLUBS SEVEN SPADES EIGHT,0.2038,0.152,0.6442
CLUBS SEVEN SPADES NINE,0.2222,0.1112,0.6666
CLUBS SEVEN SPADES SIX,0.2188,0.3836,0.3976
CLUBS SEVEN SPADES FIVE,0.2036,0.4466,0.3498
CLUBS SEVEN SPADES FOUR,0.217,0.5014,0.2816
CLUBS SEVEN SPADES THREE,0.2186,0.5056,0.2758
CLUBS SEVEN SPADES TWO,0.0162,0.9754,0.0084
CLUBS NINE CLUBS SEVEN,0.2014,0.1098,0.6888
CLUBS SEVEN CLUBS EIGHT,0.2004,0.143,0.6566
HEARTS SIX DIAMONDS FIVE,0.4686,0.1076,0.4238
HEARTS SEVEN DIAMONDS FIVE,0.1976,0.4484,0.354
DIAMONDS FIVE HEARTS EIGHT,0.3292,0.0704,0.6004
DIAMONDS FIVE HEARTS NINE,0.3366,0.0454,0.618
DIAMONDS QUEEN DIAMONDS FIVE,0.331,0.0148,0.6542
HEARTS KING HEARTS EIGHT,0.3158,0.0074,0.6768
DIAMONDS KING DIAMONDS FIVE,0.3354,0.0092,0.6554
HEARTS THREE DIAMONDS FIVE,0.4892,0.1108,0.4
HEARTS QUEEN HEARTS EIGHT,0.2916,0.0072,0.7012
DIAMONDS ACE DIAMONDS FIVE,0.3138,0.0046,0.6816
HEARTS FOUR DIAMONDS FIVE,0.4582,0.1108,0.431
HEARTS FIVE DIAMONDS FIVE,0.226,0.1078,0.6662
HEARTS ACE HEARTS EIGHT,0.304,0.0042,0.6918
CLUBS FOUR DIAMONDS FIVE,0.4742,0.1042,0.4216
CLUBS FIVE DIAMONDS FIVE,0.2246,0.1104,0.665
CLUBS SIX DIAMONDS FIVE,0.4612,0.107,0.4318
CLUBS SEVEN DIAMONDS FIVE,0.2194,0.4446,0.336
CLUBS TWO DIAMONDS FIVE,0.5414,0.1834,0.2752
CLUBS THREE DIAMONDS FIVE,0.4784,0.1052,0.4164
SPADES THREE DIAMONDS FIVE,0.4878,0.102,0.4102
SPADES TWO DIAMONDS FIVE,0.5318,0.2012,0.267
SPADES JACK DIAMONDS EIGHT,0.3162,0.0216,0.6622
SPADES FIVE DIAMONDS FIVE,0.231,0.1132,0.6558
CLUBS TEN HEARTS JACK,0.3016,0.016,0.6824
SPADES TEN DIAMONDS EIGHT,0.3076,0.028,0.6644
SPADES FOUR DIAMONDS FIVE,0.4828,0.1078,0.4094
HEARTS JACK CLUBS JACK,0.1254,0.0446,0.83
HEARTS JACK CLUBS QUEEN,0.3092,0.0124,0.6784
CLUBS NINE DIAMONDS FIVE,0.339,0.0464,0.6146
CLUBS KING HEARTS JACK,0.3152,0.0056,0.6792
CLUBS EIGHT DIAMONDS FIVE,0.323,0.0644,0.6126
CLUBS ACE HEARTS JACK,0.3138,0.0032,0.683
SPADES KING DIAMONDS EIGHT,0.3162,0.01,0.6738
SPADES SIX DIAMONDS FIVE,0.4788,0.1,0.4212
SPADES QUEEN DIAMONDS EIGHT,0.3036,0.0142,0.6822
SPADES NINE DIAMONDS FIVE,0.327,0.0452,0.6278
SPADES EIGHT DIAMONDS FIVE,0.3292,0.0696,0.6012
SPADES ACE DIAMONDS EIGHT,0.31,0.005,0.685
DIAMONDS TEN DIAMONDS SIX,0.3246,0.0246,0.6508
HEARTS ACE DIAMONDS SEVEN,0.2146,0.0326,0.7528
DIAMONDS JACK DIAMONDS SIX,0.3254,0.0182,0.6564
HEARTS QUEEN DIAMONDS SEVEN,0.2214,0.0502,0.7284
HEARTS KING DIAMONDS SEVEN,0.2138,0.0428,0.7434
DIAMONDS ACE DIAMONDS SIX,0.3372,0.0052,0.6576
HEARTS FOUR DIAMONDS SIX,0.4704,0.1034,0.4262
SPADES TWO HEARTS JACK,0.2432,0.0528,0.704
HEARTS FIVE DIAMONDS SIX,0.4724,0.0974,0.4302
SPADES TWO HEARTS TEN,0.2214,0.0748,0.7038
DIAMONDS QUEEN DIAMONDS SIX,0.3266,0.0102,0.6632
DIAMONDS KING DIAMONDS SIX,0.3226,0.0084,0.669
HEARTS THREE DIAMONDS SIX,0.4836,0.1028,0.4136
HEARTS EIGHT DIAMONDS SIX,0.3108,0.0626,0.6266
HEARTS NINE DIAMONDS SIX,0.3354,0.0452,0.6194
HEARTS SIX DIAMONDS SIX,0.2168,0.1116,0.6716
HEARTS SEVEN DIAMONDS SIX,0.2064,0.3868,0.4068
HEARTS TEN DIAMONDS SEVEN,0.2168,0.0798,0.7034
CLUBS TWO DIAMONDS SIX,0.565,0.1842,0.2508
HEARTS JACK DIAMONDS SEVEN,0.2176,0.0658,0.7166
CLUBS THREE DIAMONDS SIX,0.4944,0.095,0.4106
CLUBS SEVEN DIAMONDS SIX,0.2082,0.3768,0.415
DIAMONDS EIGHT CLUBS JACK,0.3112,0.0198,0.669
CLUBS SIX DIAMONDS SIX,0.2264,0.109,0.6646
CLUBS TEN DIAMONDS EIGHT,0.3172,0.0242,0.6586
CLUBS FIVE DIAMONDS SIX,0.4678,0.0946,0.4376
CLUBS FOUR DIAMONDS SIX,0.486,0.1034,0.4106
HEARTS ACE HEARTS JACK,0.3052,0.007,0.6878
DIAMONDS EIGHT CLUBS ACE,0.3192,0.0042,0.6766
HEARTS QUEEN HEARTS JACK,0.3016,0.0116,0.6868
DIAMONDS EIGHT CLUBS KING,0.3174,0.008,0.6746
CLUBS NINE DIAMONDS SIX,0.324,0.0422,0.6338
HEARTS KING HEARTS JACK,0.2996,0.0082,0.6922
DIAMONDS EIGHT CLUBS QUEEN,0.3112,0.013,0.6758
CLUBS EIGHT DIAMONDS SIX,0.3292,0.062,0.6088
SPADES TEN HEARTS KING,0.3126,0.0088,0.6786
SPADES FIVE DIAMONDS SIX,0.4724,0.1006,0.427
HEARTS ACE SPADES TWO,0.2282,0.0158,0.756
SPADES JACK HEARTS KING,0.3176,0.0092,0.6732
SPADES FOUR DIAMONDS SIX,0.4826,0.1074,0.41
SPADES THREE DIAMONDS SIX,0.4906,0.1058,0.4036
HEARTS QUEEN SPADES TWO,0.2398,0.0368,0.7234
SPADES ACE SPADES KING,0.2998,0.005,0.6952
SPADES TWO HEARTS KING,0.2486,0.0298,0.7216
SPADES TWO DIAMONDS SIX,0.5638,0.1958,0.2404
HEARTS TEN HEARTS EIGHT,0.2964,0.0254,0.6782
SPADES NINE DIAMONDS SIX,0.3266,0.0458,0.6276
HEARTS JACK HEARTS EIGHT,0.311,0.0182,0.6708
SPADES EIGHT DIAMONDS SIX,0.3082,0.064,0.6278
SPADES SIX DIAMONDS SIX,0.238,0.1068,0.6552
SPADES KING HEARTS KING,0.1138,0.0168,0.8694
SPADES QUEEN HEARTS KING,0.3172,0.0086,0.6742
CLUBS ACE CLUBS KING,0.2964,0.0056,0.698
SPADES ACE HEARTS KING,0.316,0.0064,0.6776
SPADES ACE HEARTS JACK,0.3022,0.0056,0.6922
SPADES QUEEN HEARTS JACK,0.3134,0.013,0.6736
SPADES KING HEARTS JACK,0.3186,0.0088,0.6726
SPADES TEN DIAMONDS TEN,0.1196,0.0522,0.8282
SPADES JACK DIAMONDS TEN,0.3044,0.0146,0.681
SPADES ACE DIAMONDS TEN,0.316,0.0044,0.6796
SPADES JACK HEARTS JACK,0.114,0.0432,0.8428
SPADES TEN HEARTS JACK,0.2946,0.0158,0.6896
SPADES QUEEN DIAMONDS TEN,0.3054,0.0114,0.6832
SPADES KING DIAMONDS TEN,0.317,0.0086,0.6744
SPADES NINE DIAMONDS SEVEN,0.2238,0.1098,0.6664
SPADES EIGHT DIAMONDS SEVEN,0.2032,0.144,0.6528
SPADES SIX DIAMONDS SEVEN,0.2018,0.384,0.4142
DIAMONDS KING DIAMONDS SEVEN,0.2176,0.0438,0.7386
HEARTS THREE DIAMONDS SEVEN,0.2056,0.5218,0.2726
HEARTS KING DIAMONDS FIVE,0.346,0.0072,0.6468
DIAMONDS QUEEN DIAMONDS SEVEN,0.2044,0.0436,0.752
HEARTS QUEEN DIAMONDS FIVE,0.3436,0.0132,0.6432
HEARTS FIVE DIAMONDS SEVEN,0.2058,0.4552,0.339
DIAMONDS ACE DIAMONDS SEVEN,0.2116,0.029,0.7594
HEARTS FOUR DIAMONDS SEVEN,0.2106,0.5092,0.2802
HEARTS ACE DIAMONDS FIVE,0.338,0.004,0.658
HEARTS SEVEN DIAMONDS SEVEN,0.054,0.1106,0.8354
HEARTS SIX DIAMONDS SEVEN,0.2134,0.3722,0.4144
DIAMONDS SEVEN HEARTS NINE,0.2102,0.1126,0.6772
HEARTS EIGHT DIAMONDS SEVEN,0.2032,0.1504,0.6464
DIAMONDS JACK DIAMONDS SEVEN,0.2116,0.06,0.7284
DIAMONDS FIVE HEARTS JACK,0.344,0.0198,0.6362
DIAMONDS TEN DIAMONDS SEVEN,0.2132,0.0766,0.7102
HEARTS TEN DIAMONDS FIVE,0.3436,0.0296,0.6268
SPADES KING CLUBS TWO,0.2456,0.0226,0.7318
HEARTS KING CLUBS KING,0.1248,0.0172,0.858
CLUBS EIGHT DIAMONDS SEVEN,0.2118,0.1444,0.6438
SPADES QUEEN CLUBS TWO,0.2374,0.0376,0.725
HEARTS KING CLUBS QUEEN,0.3206,0.0066,0.6728
CLUBS NINE DIAMONDS SEVEN,0.2248,0.1044,0.6708
SPADES TWO CLUBS JACK,0.2454,0.0512,0.7034
SPADES ACE CLUBS TWO,0.2394,0.0106,0.75
CLUBS TEN SPADES TWO,0.2356,0.0734,0.691
HEARTS KING CLUBS ACE,0.318,0.0058,0.6762
CLUBS SEVEN CLUBS SIX,0.1986,0.3454,0.456
SPADES TWO CLUBS KING,0.2442,0.0282,0.7276
SPADES TWO DIAMONDS SEVEN,0.0178,0.9694,0.0128
CLUBS EIGHT CLUBS SIX,0.307,0.0528,0.6402
SPADES THREE DIAMONDS SEVEN,0.2208,0.5222,0.257
SPADES TWO CLUBS QUEEN,0.2426,0.031,0.7264
CLUBS NINE CLUBS SIX,0.3028,0.0456,0.6516
SPADES FOUR DIAMONDS SEVEN,0.2262,0.486,0.2878
HEARTS KING CLUBS JACK,0.3254,0.0054,0.6692
SPADES FIVE DIAMONDS SEVEN,0.204,0.4466,0.3494
SPADES TWO CLUBS ACE,0.2442,0.0096,0.7462
CLUBS TEN HEARTS KING,0.3098,0.0074,0.6828
CLUBS SIX SPADES TWO,0.5584,0.1972,0.2444
CLUBS SIX SPADES THREE,0.5018,0.1078,0.3904
CLUBS TWO DIAMONDS SEVEN,0.023,0.955,0.022
CLUBS SIX SPADES FOUR,0.479,0.1054,0.4156
CLUBS THREE DIAMONDS SEVEN,0.219,0.5054,0.2756
CLUBS SIX SPADES FIVE,0.4758,0.1016,0.4226
CLUBS FOUR DIAMONDS SEVEN,0.2172,0.4928,0.29
CLUBS SIX SPADES SIX,0.2396,0.1078,0.6526
CLUBS FIVE DIAMONDS SEVEN,0.21,0.4446,0.3454
CLUBS SIX DIAMONDS SEVEN,0.2164,0.3772,0.4064
CLUBS SIX SPADES EIGHT,0.3162,0.0616,0.6222
SPADES JACK CLUBS TWO,0.2276,0.0478,0.7246
CLUBS SEVEN DIAMONDS SEVEN,0.069,0.1038,0.8272
SPADES NINE CLUBS SIX,0.3126,0.0428,0.6446
SPADES TEN CLUBS TWO,0.2278,0.0726,0.6996
CLUBS TWO CLUBS QUEEN,0.2262,0.0368,0.737
CLUBS TWO CLUBS KING,0.2318,0.0214,0.7468
CLUBS THREE DIAMONDS EIGHT,0.344,0.0718,0.5842
CLUBS TWO CLUBS ACE,0.2292,0.013,0.7578
CLUBS TWO DIAMONDS EIGHT,0.2438,0.137,0.6192
HEARTS SEVEN DIAMONDS EIGHT,0.2236,0.1408,0.6356
HEARTS SIX DIAMONDS EIGHT,0.3182,0.0686,0.6132
DIAMONDS EIGHT HEARTS NINE,0.2802,0.037,0.6828
CLUBS TEN CLUBS TWO,0.2246,0.0692,0.7062
DIAMONDS EIGHT HEARTS EIGHT,0.119,0.0876,0.7934
CLUBS TWO CLUBS JACK,0.2404,0.0468,0.7128
CLUBS NINE DIAMONDS EIGHT,0.2908,0.044,0.6652
CLUBS EIGHT DIAMONDS EIGHT,0.1294,0.0772,0.7934
CLUBS FIVE DIAMONDS EIGHT,0.3336,0.0646,0.6018
SPADES ACE SPADES THREE,0.3192,0.0062,0.6746
CLUBS FOUR DIAMONDS EIGHT,0.3364,0.0672,0.5964
CLUBS SEVEN DIAMONDS EIGHT,0.2112,0.1424,0.6464
SPADES QUEEN SPADES THREE,0.3484,0.0126,0.639
CLUBS SIX DIAMONDS EIGHT,0.317,0.0706,0.6124
SPADES KING SPADES THREE,0.3244,0.0088,0.6668
DIAMONDS QUEEN DIAMONDS EIGHT,0.2912,0.0146,0.6942
DIAMONDS KING DIAMONDS EIGHT,0.3104,0.0068,0.6828
HEARTS THREE DIAMONDS EIGHT,0.3564,0.0632,0.5804
DIAMONDS ACE DIAMONDS EIGHT,0.31,0.0048,0.6852
HEARTS FOUR DIAMONDS EIGHT,0.3416,0.071,0.5874
HEARTS FIVE DIAMONDS EIGHT,0.311,0.067,0.622
DIAMONDS EIGHT DIAMONDS TEN,0.2742,0.0236,0.7022
DIAMONDS EIGHT DIAMONDS JACK,0.2882,0.0206,0.6912
SPADES JACK SPADES THREE,0.3432,0.022,0.6348
SPADES TEN SPADES THREE,0.3412,0.0292,0.6296
CLUBS FOUR HEARTS ACE,0.34,0.0064,0.6536
CLUBS FOUR HEARTS QUEEN,0.3454,0.0146,0.64
CLUBS FOUR HEARTS KING,0.3546,0.0124,0.633
CLUBS SIX HEARTS TEN,0.343,0.0296,0.6274
CLUBS SIX HEARTS JACK,0.3494,0.0168,0.6338
SPADES FOUR DIAMONDS EIGHT,0.3472,0.074,0.5788
SPADES FIVE DIAMONDS EIGHT,0.3354,0.0642,0.6004
DIAMONDS EIGHT SPADES TWO,0.2394,0.1442,0.6164
DIAMONDS EIGHT SPADES THREE,0.3518,0.0728,0.5754
CLUBS FOUR HEARTS JACK,0.3406,0.0186,0.6408
SPADES EIGHT DIAMONDS EIGHT,0.1234,0.0882,0.7884
SPADES TEN DIAMONDS QUEEN,0.3016,0.0124,0.686
SPADES JACK HEARTS EIGHT,0.3038,0.0202,0.676
CLUBS FOUR HEARTS TEN,0.339,0.0288,0.6322
SPADES NINE DIAMONDS EIGHT,0.2798,0.0406,0.6796
SPADES TEN HEARTS EIGHT,0.2866,0.0284,0.685
SPADES JACK DIAMONDS QUEEN,0.3014,0.0102,0.6884
SPADES SIX DIAMONDS EIGHT,0.323,0.0706,0.6064
SPADES ACE DIAMONDS QUEEN,0.3314,0.0034,0.6652
SPADES ACE HEARTS EIGHT,0.319,0.0052,0.6758
SPADES KING HEARTS EIGHT,0.318,0.008,0.674
SPADES QUEEN DIAMONDS QUEEN,0.1132,0.0284,0.8584
SPADES KING DIAMONDS QUEEN,0.3172,0.0062,0.6766
SPADES QUEEN HEARTS EIGHT,0.314,0.0122,0.6738
CLUBS TWO HEARTS TEN,0.229,0.0658,0.7052
CLUBS TWO HEARTS JACK,0.2276,0.0534,0.719
SPADES SIX DIAMONDS NINE,0.3294,0.0396,0.631
SPADES NINE DIAMONDS NINE,0.1136,0.0758,0.8106
SPADES EIGHT DIAMONDS NINE,0.296,0.0386,0.6654
SPADES TEN CLUBS KING,0.3154,0.0072,0.6774
DIAMONDS NINE SPADES THREE,0.339,0.0444,0.6166
SPADES JACK CLUBS KING,0.3164,0.0064,0.6772
DIAMONDS NINE SPADES TWO,0.2322,0.1028,0.665
SPADES FIVE DIAMONDS NINE,0.339,0.0424,0.6186
DIAMONDS NINE SPADES FOUR,0.357,0.0418,0.6012
CLUBS NINE DIAMONDS NINE,0.1248,0.0652,0.81
CLUBS EIGHT DIAMONDS NINE,0.2942,0.0446,0.6612
CLUBS SIX DIAMONDS NINE,0.3366,0.0426,0.6208
SPADES JACK CLUBS FOUR,0.3484,0.022,0.6296
CLUBS SEVEN DIAMONDS NINE,0.2182,0.1036,0.6782
SPADES TEN CLUBS FOUR,0.356,0.0314,0.6126
CLUBS FOUR DIAMONDS NINE,0.3528,0.049,0.5982
CLUBS FIVE DIAMONDS NINE,0.3422,0.0434,0.6144
DIAMONDS NINE CLUBS TWO,0.2322,0.1004,0.6674
CLUBS THREE DIAMONDS NINE,0.36,0.0496,0.5904
DIAMONDS NINE HEARTS EIGHT,0.2898,0.0386,0.6716
DIAMONDS NINE HEARTS NINE,0.124,0.0734,0.8026
HEARTS SIX DIAMONDS NINE,0.323,0.0424,0.6346
HEARTS SEVEN DIAMONDS NINE,0.2168,0.1056,0.6776
CLUBS NINE CLUBS EIGHT,0.2786,0.0392,0.6822
DIAMONDS ACE DIAMONDS NINE,0.2922,0.0064,0.7014
HEARTS FOUR DIAMONDS NINE,0.3602,0.0446,0.5952
HEARTS FIVE DIAMONDS NINE,0.3276,0.0438,0.6286
HEARTS ACE CLUBS TWO,0.2512,0.0124,0.7364
SPADES ACE CLUBS FOUR,0.3352,0.0054,0.6594
DIAMONDS QUEEN DIAMONDS NINE,0.3048,0.0106,0.6846
CLUBS TWO HEARTS KING,0.2372,0.0264,0.7364
SPADES KING CLUBS FOUR,0.3486,0.0122,0.6392
DIAMONDS KING DIAMONDS NINE,0.2962,0.005,0.6988
HEARTS THREE DIAMONDS NINE,0.332,0.0426,0.6254
CLUBS TWO HEARTS QUEEN,0.2356,0.0352,0.7292
SPADES QUEEN CLUBS FOUR,0.3558,0.011,0.6332
DIAMONDS NINE DIAMONDS JACK,0.2952,0.0164,0.6884
CLUBS EIGHT SPADES NINE,0.2908,0.0396,0.6696
DIAMONDS NINE DIAMONDS TEN,0.2734,0.0232,0.7034
CLUBS EIGHT SPADES EIGHT,0.1248,0.0908,0.7844
CLUBS EIGHT SPADES SIX,0.324,0.0646,0.6114
CLUBS EIGHT SPADES FIVE,0.3328,0.07,0.5972
CLUBS EIGHT SPADES FOUR,0.3432,0.0646,0.5922
CLUBS EIGHT SPADES THREE,0.3464,0.061,0.5926
CLUBS EIGHT SPADES TWO,0.2362,0.1392,0.6246
HEARTS SIX DIAMONDS TEN,0.3372,0.0266,0.6362
HEARTS SEVEN DIAMONDS TEN,0.2124,0.0814,0.7062
DIAMONDS TEN HEARTS EIGHT,0.2906,0.023,0.6864
CLUBS FOUR CLUBS JACK,0.33,0.0166,0.6534
DIAMONDS TEN HEARTS NINE,0.2976,0.023,0.6794
CLUBS TEN CLUBS FOUR,0.3212,0.0332,0.6456
CLUBS FOUR CLUBS KING,0.319,0.0108,0.6702
CLUBS FOUR CLUBS QUEEN,0.3332,0.011,0.6558
CLUBS TWO DIAMONDS TEN,0.2506,0.0748,0.6746
CLUBS THREE DIAMONDS TEN,0.3566,0.0278,0.6156
CLUBS FOUR CLUBS ACE,0.3256,0.0044,0.67
DIAMONDS JACK DIAMONDS TEN,0.2994,0.017,0.6836
DIAMONDS QUEEN DIAMONDS TEN,0.2872,0.011,0.7018
DIAMONDS KING DIAMONDS TEN,0.3018,0.008,0.6902
HEARTS THREE DIAMONDS TEN,0.3424,0.028,0.6296
DIAMONDS ACE DIAMONDS TEN,0.299,0.0056,0.6954
HEARTS FOUR DIAMONDS TEN,0.3512,0.0282,0.6206
CLUBS EIGHT HEARTS JACK,0.3158,0.015,0.6692
HEARTS FIVE DIAMONDS TEN,0.3506,0.029,0.6204
CLUBS EIGHT HEARTS TEN,0.3076,0.0254,0.667
CLUBS EIGHT HEARTS QUEEN,0.3172,0.0138,0.669
CLUBS EIGHT HEARTS KING,0.3124,0.0082,0.6794
CLUBS EIGHT HEARTS ACE,0.3122,0.005,0.6828
CLUBS NINE SPADES THREE,0.3544,0.0482,0.5974
CLUBS NINE SPADES TWO,0.2322,0.0996,0.6682
CLUBS NINE SPADES FIVE,0.3364,0.0396,0.624
CLUBS NINE SPADES FOUR,0.3522,0.045,0.6028
CLUBS NINE SPADES SIX,0.3324,0.0426,0.625
CLUBS NINE SPADES NINE,0.1278,0.0668,0.8054
CLUBS TEN HEARTS EIGHT,0.2864,0.0272,0.6864
CLUBS NINE SPADES EIGHT,0.299,0.0366,0.6644
HEARTS EIGHT CLUBS JACK,0.2994,0.0184,0.6822
CLUBS QUEEN HEARTS EIGHT,0.3086,0.0114,0.68
CLUBS KING HEARTS EIGHT,0.316,0.0072,0.6768
CLUBS ACE HEARTS EIGHT,0.3176,0.0048,0.6776
SPADES KING CLUBS KING,0.1136,0.0158,0.8706
SPADES QUEEN CLUBS KING,0.319,0.0076,0.6734
SPADES ACE CLUBS KING,0.3218,0.005,0.6732
DIAMONDS ACE HEARTS TEN,0.3106,0.0042,0.6852
HEARTS FOUR HEARTS TEN,0.3236,0.029,0.6474
DIAMONDS ACE HEARTS JACK,0.313,0.005,0.682
HEARTS FOUR HEARTS JACK,0.3352,0.0192,0.6456
SPADES KING CLUBS FIVE,0.3424,0.0084,0.6492
SPADES QUEEN CLUBS FIVE,0.3368,0.014,0.6492
SPADES ACE CLUBS FIVE,0.3262,0.005,0.6688
HEARTS SEVEN DIAMONDS JACK,0.2228,0.061,0.7162
HEARTS SIX DIAMONDS JACK,0.3438,0.0178,0.6384
DIAMONDS JACK HEARTS NINE,0.308,0.0178,0.6742
DIAMONDS JACK HEARTS EIGHT,0.3106,0.018,0.6714
DIAMONDS KING DIAMONDS JACK,0.2866,0.0062,0.7072
HEARTS THREE DIAMONDS JACK,0.3538,0.0178,0.6284
SPADES ACE SPADES SIX,0.3318,0.0062,0.662
HEARTS ACE SPADES FOUR,0.339,0.005,0.656
DIAMONDS QUEEN DIAMONDS JACK,0.2936,0.01,0.6964
HEARTS FIVE DIAMONDS JACK,0.3486,0.021,0.6304
SPADES QUEEN SPADES SIX,0.3296,0.0122,0.6582
SPADES FOUR HEARTS QUEEN,0.3446,0.0134,0.642
DIAMONDS ACE DIAMONDS JACK,0.2996,0.0036,0.6968
HEARTS FOUR DIAMONDS JACK,0.3384,0.0192,0.6424
SPADES KING SPADES SIX,0.3366,0.0092,0.6542
SPADES FOUR HEARTS KING,0.3578,0.01,0.6322
SPADES TEN SPADES SIX,0.333,0.0284,0.6386
SPADES JACK SPADES SIX,0.3304,0.0192,0.6504
SPADES FOUR DIAMONDS JACK,0.3484,0.0218,0.6298
SPADES FIVE DIAMONDS JACK,0.3606,0.019,0.6204
DIAMONDS JACK SPADES TWO,0.2486,0.0522,0.6992
SPADES THREE DIAMONDS JACK,0.3534,0.016,0.6306
SPADES ACE DIAMONDS THREE,0.329,0.005,0.666
SPADES QUEEN DIAMONDS THREE,0.3498,0.0156,0.6346
CLUBS EIGHT DIAMONDS JACK,0.3084,0.0178,0.6738
SPADES KING DIAMONDS THREE,0.347,0.0086,0.6444
CLUBS NINE DIAMONDS JACK,0.3256,0.0172,0.6572
CLUBS SIX DIAMONDS JACK,0.3628,0.0178,0.6194
CLUBS SEVEN DIAMONDS JACK,0.223,0.0624,0.7146
CLUBS FOUR DIAMONDS JACK,0.3518,0.019,0.6292
CLUBS FIVE DIAMONDS JACK,0.346,0.0192,0.6348
CLUBS TWO DIAMONDS JACK,0.2378,0.05,0.7122
CLUBS THREE DIAMONDS JACK,0.3598,0.0182,0.622
SPADES TEN CLUBS FIVE,0.3458,0.0286,0.6256
SPADES JACK HEARTS SIX,0.3352,0.0196,0.6452
HEARTS SIX SPADES TEN,0.3244,0.0316,0.644
SPADES JACK CLUBS FIVE,0.3414,0.021,0.6376
SPADES JACK DIAMONDS THREE,0.3696,0.0208,0.6096
CLUBS SEVEN CLUBS ACE,0.21,0.0276,0.7624
DIAMONDS THREE SPADES TEN,0.3458,0.0326,0.6216
CLUBS SEVEN CLUBS QUEEN,0.2162,0.0464,0.7374
CLUBS SEVEN CLUBS KING,0.2068,0.0444,0.7488
SPADES NINE DIAMONDS JACK,0.3022,0.0206,0.6772
CLUBS TEN CLUBS SEVEN,0.2018,0.0782,0.72
DIAMONDS ACE HEARTS ACE,0.1278,0.0036,0.8686
HEARTS FOUR HEARTS ACE,0.3296,0.0066,0.6638
SPADES EIGHT DIAMONDS JACK,0.3066,0.0198,0.6736
SPADES ACE HEARTS SIX,0.346,0.006,0.648
CLUBS SEVEN CLUBS JACK,0.2164,0.0612,0.7224
DIAMONDS ACE HEARTS KING,0.3152,0.0048,0.68
HEARTS FOUR HEARTS KING,0.323,0.011,0.666
SPADES KING HEARTS SIX,0.3458,0.0116,0.6426
DIAMONDS ACE HEARTS QUEEN,0.305,0.0038,0.6912
HEARTS FOUR HEARTS QUEEN,0.329,0.0128,0.6582
SPADES SIX DIAMONDS JACK,0.3696,0.0202,0.6102
SPADES QUEEN HEARTS SIX,0.3412,0.0126,0.6462
SPADES TWO DIAMONDS TEN,0.2424,0.0756,0.682
SPADES THREE DIAMONDS TEN,0.3528,0.0276,0.6196
SPADES FOUR DIAMONDS TEN,0.3596,0.0272,0.6132
SPADES FIVE DIAMONDS TEN,0.3482,0.025,0.6268
SPADES SIX DIAMONDS TEN,0.3454,0.0318,0.6228
SPADES EIGHT DIAMONDS TEN,0.2972,0.0272,0.6756
SPADES NINE DIAMONDS TEN,0.2964,0.026,0.6776
CLUBS FOUR DIAMONDS TEN,0.3648,0.0296,0.6056
CLUBS FIVE DIAMONDS TEN,0.3442,0.0242,0.6316
CLUBS SIX DIAMONDS TEN,0.3458,0.027,0.6272
CLUBS SEVEN DIAMONDS TEN,0.2202,0.082,0.6978
CLUBS EIGHT DIAMONDS TEN,0.3046,0.0246,0.6708
CLUBS NINE DIAMONDS TEN,0.305,0.0242,0.6708
DIAMONDS THREE CLUBS JACK,0.3572,0.0224,0.6204
CLUBS TEN DIAMONDS THREE,0.3636,0.0312,0.6052
DIAMONDS THREE CLUBS KING,0.3624,0.0088,0.6288
DIAMONDS THREE CLUBS QUEEN,0.366,0.0156,0.6184
DIAMONDS THREE CLUBS ACE,0.3462,0.0034,0.6504
SPADES FOUR HEARTS JACK,0.3598,0.0226,0.6176
SPADES FOUR HEARTS TEN,0.3464,0.0308,0.6228
SPADES FIVE SPADES TWO,0.519,0.1924,0.2886
SPADES FOUR SPADES TWO,0.5154,0.1904,0.2942
SPADES THREE SPADES TWO,0.5202,0.196,0.2838
SPADES NINE SPADES TWO,0.2288,0.0956,0.6756
SPADES EIGHT SPADES TWO,0.2248,0.1302,0.645
SPADES SIX SPADES TWO,0.5442,0.1858,0.27
DIAMONDS QUEEN CLUBS THREE,0.3502,0.012,0.6378
DIAMONDS QUEEN CLUBS TWO,0.2472,0.0404,0.7124
HEARTS SEVEN DIAMONDS QUEEN,0.2262,0.0458,0.728
HEARTS SIX DIAMONDS QUEEN,0.3502,0.0122,0.6376
DIAMONDS QUEEN HEARTS NINE,0.319,0.0118,0.6692
DIAMONDS QUEEN HEARTS EIGHT,0.3156,0.015,0.6694
CLUBS NINE DIAMONDS QUEEN,0.3228,0.0098,0.6674
CLUBS EIGHT DIAMONDS QUEEN,0.3212,0.0114,0.6674
CLUBS FIVE DIAMONDS QUEEN,0.3524,0.0124,0.6352
SPADES EIGHT HEARTS ACE,0.316,0.0052,0.6788
DIAMONDS QUEEN CLUBS FOUR,0.3506,0.0114,0.638
CLUBS SEVEN DIAMONDS QUEEN,0.2226,0.0462,0.7312
SPADES EIGHT HEARTS QUEEN,0.297,0.0132,0.6898
CLUBS SIX DIAMONDS QUEEN,0.3436,0.0112,0.6452
SPADES EIGHT HEARTS KING,0.3194,0.0094,0.6712
DIAMONDS QUEEN SPADES SIX,0.352,0.011,0.637
HEARTS FOUR CLUBS QUEEN,0.3464,0.0118,0.6418
DIAMONDS ACE CLUBS QUEEN,0.3246,0.0032,0.6722
HEARTS FOUR CLUBS KING,0.3434,0.0088,0.6478
DIAMONDS ACE CLUBS KING,0.3424,0.004,0.6536
DIAMONDS QUEEN SPADES EIGHT,0.3238,0.0118,0.6644
HEARTS FOUR CLUBS ACE,0.3334,0.0054,0.6612
DIAMONDS ACE CLUBS ACE,0.1198,0.0034,0.8768
SPADES NINE DIAMONDS QUEEN,0.3164,0.01,0.6736
DIAMONDS QUEEN SPADES TWO,0.26,0.0364,0.7036
DIAMONDS QUEEN SPADES THREE,0.345,0.0148,0.6402
DIAMONDS QUEEN SPADES FOUR,0.3516,0.013,0.6354
CLUBS TEN HEARTS FOUR,0.3484,0.0296,0.622
CLUBS TEN DIAMONDS ACE,0.329,0.0048,0.6662
DIAMONDS QUEEN SPADES FIVE,0.3412,0.0148,0.644
HEARTS FOUR CLUBS JACK,0.3446,0.0204,0.635
DIAMONDS ACE CLUBS JACK,0.3328,0.0048,0.6624
CLUBS FIVE CLUBS KING,0.3356,0.0096,0.6548
CLUBS FIVE CLUBS QUEEN,0.3296,0.0132,0.6572
CLUBS FIVE CLUBS ACE,0.3078,0.007,0.6852
CLUBS FIVE CLUBS JACK,0.3212,0.0158,0.663
CLUBS TEN CLUBS FIVE,0.3148,0.0278,0.6574
SPADES KING CLUBS JACK,0.3158,0.0074,0.6768
SPADES QUEEN CLUBS JACK,0.3014,0.0116,0.687
SPADES ACE CLUBS JACK,0.3102,0.0044,0.6854
SPADES SIX CLUBS KING,0.3568,0.0068,0.6364
SPADES SIX CLUBS QUEEN,0.3666,0.0104,0.623
SPADES EIGHT HEARTS JACK,0.3096,0.0166,0.6738
SPADES SIX CLUBS ACE,0.346,0.0038,0.6502
SPADES EIGHT HEARTS TEN,0.3022,0.0258,0.672
SPADES SIX CLUBS JACK,0.3562,0.0194,0.6244
CLUBS TEN SPADES SIX,0.3418,0.031,0.6272
SPADES TEN CLUBS JACK,0.306,0.017,0.677
SPADES JACK CLUBS JACK,0.121,0.0426,0.8364
SPADES QUEEN CLUBS SEVEN,0.2208,0.045,0.7342
SPADES KING CLUBS SEVEN,0.2238,0.0386,0.7376
SPADES ACE CLUBS SEVEN,0.2092,0.0322,0.7586
SPADES SIX HEARTS TEN,0.3336,0.03,0.6364
SPADES SIX HEARTS JACK,0.3612,0.0196,0.6192
SPADES SIX HEARTS ACE,0.3524,0.0044,0.6432
SPADES SIX HEARTS KING,0.3436,0.0078,0.6486
SPADES SIX HEARTS QUEEN,0.3418,0.0102,0.648
CLUBS SEVEN SPADES JACK,0.2192,0.0634,0.7174
CLUBS SEVEN SPADES TEN,0.2186,0.0838,0.6976
CLUBS TEN HEARTS SIX,0.3378,0.0282,0.634
HEARTS SIX CLUBS JACK,0.3456,0.02,0.6344
CLUBS ACE CLUBS JACK,0.2928,0.008,0.6992
HEARTS SIX CLUBS QUEEN,0.3482,0.0126,0.6392
HEARTS SIX CLUBS KING,0.3376,0.0066,0.6558
HEARTS SIX CLUBS ACE,0.341,0.0046,0.6544
CLUBS QUEEN CLUBS JACK,0.2894,0.0132,0.6974
CLUBS KING CLUBS JACK,0.3008,0.0056,0.6936
DIAMONDS THREE HEARTS ACE,0.345,0.0046,0.6504
DIAMONDS THREE HEARTS QUEEN,0.3464,0.0148,0.6388
DIAMONDS THREE HEARTS KING,0.36,0.0062,0.6338
CLUBS FIVE HEARTS JACK,0.35,0.022,0.628
SPADES TEN DIAMONDS ACE,0.3118,0.0046,0.6836
HEARTS FOUR SPADES TEN,0.3492,0.0302,0.6206
CLUBS FIVE HEARTS TEN,0.3532,0.0254,0.6214
HEARTS FOUR SPADES JACK,0.3366,0.0218,0.6416
SPADES JACK DIAMONDS ACE,0.3092,0.005,0.6858
SPADES ACE HEARTS FOUR,0.3468,0.0066,0.6466
SPADES ACE DIAMONDS ACE,0.1174,0.005,0.8776
CLUBS FIVE HEARTS ACE,0.331,0.0036,0.6654
CLUBS FIVE HEARTS KING,0.3416,0.0078,0.6506
HEARTS FOUR SPADES QUEEN,0.3448,0.0156,0.6396
SPADES QUEEN DIAMONDS ACE,0.3154,0.006,0.6786
SPADES FOUR CLUBS JACK,0.353,0.0206,0.6264
CLUBS FIVE HEARTS QUEEN,0.3356,0.0152,0.6492
SPADES KING DIAMONDS ACE,0.315,0.0058,0.6792
SPADES KING HEARTS FOUR,0.3464,0.0094,0.6442
CLUBS TEN SPADES FOUR,0.3494,0.035,0.6156
DIAMONDS QUEEN DIAMONDS ACE,0.296,0.0038,0.7002
HEARTS FOUR DIAMONDS QUEEN,0.3548,0.0158,0.6294
DIAMONDS THREE HEARTS TEN,0.36,0.0272,0.6128
SPADES FOUR CLUBS KING,0.3606,0.0112,0.6282
HEARTS FIVE DIAMONDS QUEEN,0.348,0.014,0.638
DIAMONDS THREE HEARTS JACK,0.359,0.022,0.619
SPADES FOUR CLUBS QUEEN,0.354,0.0124,0.6336
DIAMONDS KING DIAMONDS QUEEN,0.3034,0.0052,0.6914
DIAMONDS QUEEN HEARTS THREE,0.3562,0.0128,0.631
SPADES FOUR CLUBS ACE,0.3444,0.0038,0.6518
DIAMONDS QUEEN CLUBS ACE,0.3214,0.006,0.6726
DIAMONDS QUEEN CLUBS QUEEN,0.132,0.0262,0.8418
DIAMONDS QUEEN CLUBS KING,0.3368,0.006,0.6572
SPADES EIGHT SPADES FIVE,0.308,0.0568,0.6352
CLUBS TEN DIAMONDS QUEEN,0.3086,0.0096,0.6818
SPADES NINE SPADES FIVE,0.3218,0.0436,0.6346
DIAMONDS QUEEN CLUBS JACK,0.3182,0.0104,0.6714
SPADES SIX SPADES FIVE,0.4444,0.1028,0.4528
DIAMONDS FIVE CLUBS QUEEN,0.3464,0.0124,0.6412
SPADES EIGHT CLUBS ACE,0.3152,0.003,0.6818
DIAMONDS FIVE CLUBS KING,0.3436,0.0072,0.6492
SPADES EIGHT CLUBS KING,0.32,0.008,0.672
CLUBS ACE DIAMONDS FIVE,0.3392,0.0038,0.657
SPADES EIGHT CLUBS QUEEN,0.3204,0.0102,0.6694
SPADES EIGHT CLUBS JACK,0.3044,0.0226,0.673
CLUBS TEN SPADES EIGHT,0.2876,0.0296,0.6828
CLUBS TEN DIAMONDS FIVE,0.3568,0.0234,0.6198
DIAMONDS FIVE CLUBS JACK,0.348,0.0198,0.6322
DIAMONDS TEN HEARTS JACK,0.3002,0.0158,0.684
DIAMONDS TEN HEARTS TEN,0.1204,0.0556,0.824
SPADES ACE CLUBS NINE,0.325,0.0048,0.6702
CLUBS NINE SPADES QUEEN,0.3202,0.0124,0.6674
CLUBS NINE SPADES KING,0.303,0.007,0.69
HEARTS SIX HEARTS KING,0.3342,0.0074,0.6584
SPADES KING DIAMONDS SEVEN,0.2018,0.0406,0.7576
HEARTS SIX HEARTS QUEEN,0.321,0.0152,0.6638
DIAMONDS KING SPADES SIX,0.362,0.0068,0.6312
HEARTS THREE SPADES SIX,0.5016,0.1012,0.3972
SPADES QUEEN DIAMONDS SEVEN,0.218,0.0568,0.7252
DIAMONDS KING SPADES NINE,0.3224,0.0078,0.6698
SPADES NINE HEARTS THREE,0.3516,0.0466,0.6018
HEARTS SIX HEARTS ACE,0.3382,0.0048,0.657
DIAMONDS KING SPADES EIGHT,0.3116,0.009,0.6794
SPADES EIGHT HEARTS THREE,0.3406,0.0724,0.587
SPADES ACE DIAMONDS SEVEN,0.2036,0.0332,0.7632
CLUBS NINE HEARTS THREE,0.349,0.0438,0.6072
CLUBS NINE DIAMONDS KING,0.323,0.008,0.669
CLUBS EIGHT HEARTS THREE,0.3502,0.066,0.5838
CLUBS EIGHT DIAMONDS KING,0.3284,0.0058,0.6658
HEARTS THREE SPADES THREE,0.2456,0.1252,0.6292
DIAMONDS KING SPADES THREE,0.363,0.009,0.628
HEARTS THREE SPADES TWO,0.5454,0.2006,0.254
DIAMONDS KING SPADES TWO,0.2462,0.0252,0.7286
HEARTS THREE SPADES FIVE,0.4772,0.109,0.4138
DIAMONDS KING SPADES FIVE,0.3494,0.0094,0.6412
HEARTS THREE SPADES FOUR,0.4766,0.1116,0.4118
DIAMONDS KING SPADES FOUR,0.3606,0.0112,0.6282
DIAMONDS KING CLUBS TWO,0.2472,0.0274,0.7254
