opposingHand,winningChance,drawChance,lostChance
HEARTS JACK HEARTS TEN
SPADES JACK SPADES FIVE,0.6234,0.109,0.2676
DIAMONDS THREE DIAMONDS KING,0.4642,0.0078,0.528
HEARTS KING HEARTS EIGHT,0.4252,0.0086,0.5662
SPADES SIX SPADES FOUR,0.6224,0.012,0.3656
DIAMONDS JACK HEARTS EIGHT,0.6598,0.123,0.2172
HEARTS TWO SPADES FOUR,0.6656,0.0144,0.32
HEARTS THREE DIAMONDS FIVE,0.6602,0.015,0.3248
DIAMONDS KING DIAMONDS EIGHT,0.452,0.0058,0.5422
SPADES ACE HEARTS TWO,0.4696,0.0064,0.524
CLUBS JACK SPADES SIX,0.6728,0.1164,0.2108
SPADES EIGHT HEARTS ACE,0.4412,0.0058,0.553
CLUBS SEVEN CLUBS THREE,0.635,0.0154,0.3496
DIAMONDS KING HEARTS QUEEN,0.3766,0.0076,0.6158
SPADES FOUR HEARTS QUEEN,0.4866,0.0076,0.5058
CLUBS NINE DIAMONDS NINE,0.4784,0.0234,0.4982
DIAMONDS THREE CLUBS FOUR,0.6588,0.0152,0.326
CLUBS TEN DIAMONDS JACK,0.0702,0.9138,0.016
SPADES NINE DIAMONDS ACE,0.471,0.0042,0.5248
SPADES ACE DIAMONDS EIGHT,0.4804,0.0026,0.517
HEARTS ACE SPADES THREE,0.4686,0.0056,0.5258
SPADES THREE DIAMONDS SEVEN,0.685,0.0144,0.3006
DIAMONDS TWO CLUBS QUEEN,0.4804,0.0112,0.5084
HEARTS SEVEN DIAMONDS FOUR,0.6638,0.0136,0.3226
CLUBS NINE CLUBS FOUR,0.6666,0.0158,0.3176
HEARTS SIX HEARTS KING,0.4428,0.008,0.5492
HEARTS TWO CLUBS SIX,0.6782,0.0142,0.3076
HEARTS TWO HEARTS QUEEN,0.4414,0.0098,0.5488
HEARTS QUEEN HEARTS EIGHT,0.4132,0.0102,0.5766
SPADES EIGHT CLUBS QUEEN,0.478,0.0114,0.5106
DIAMONDS TWO HEARTS NINE,0.6968,0.015,0.2882
CLUBS EIGHT SPADES EIGHT,0.4868,0.0224,0.4908
DIAMONDS ACE SPADES TWO,0.4672,0.006,0.5268
CLUBS JACK HEARTS QUEEN,0.282,0.0388,0.6792
CLUBS TWO HEARTS KING,0.48,0.0068,0.5132
SPADES TEN DIAMONDS FIVE,0.7242,0.0536,0.2222
SPADES FOUR CLUBS ACE,0.4794,0.0044,0.5162
CLUBS JACK HEARTS NINE,0.6722,0.1126,0.2152
HEARTS THREE SPADES FIVE,0.6548,0.0142,0.331
CLUBS EIGHT DIAMONDS SEVEN,0.6528,0.0142,0.333
SPADES QUEEN SPADES THREE,0.4612,0.0088,0.53
SPADES NINE HEARTS ACE,0.4548,0.005,0.5402
DIAMONDS EIGHT DIAMONDS SEVEN,0.6066,0.0126,0.3808
SPADES ACE CLUBS THREE,0.482,0.0052,0.5128
SPADES TWO HEARTS EIGHT,0.7044,0.0138,0.2818
CLUBS TEN CLUBS ACE,0.295,0.0128,0.6922
SPADES ACE SPADES NINE,0.4414,0.0062,0.5524
SPADES SEVEN HEARTS SEVEN,0.4946,0.0242,0.4812
HEARTS FOUR CLUBS THREE,0.6474,0.0166,0.336
SPADES QUEEN HEARTS ACE,0.3998,0.0042,0.596
DIAMONDS ACE HEARTS EIGHT,0.465,0.0046,0.5304
HEARTS FIVE HEARTS TWO,0.6602,0.019,0.3208
CLUBS EIGHT DIAMONDS NINE,0.6516,0.0136,0.3348
CLUBS FIVE HEARTS NINE,0.6834,0.0164,0.3002
DIAMONDS JACK CLUBS TWO,0.682,0.1206,0.1974
DIAMONDS EIGHT CLUBS KING,0.4762,0.0034,0.5204
DIAMONDS ACE CLUBS KING,0.409,0.0032,0.5878
HEARTS FOUR SPADES EIGHT,0.6772,0.0158,0.307
SPADES FOUR DIAMONDS NINE,0.7038,0.0122,0.284
DIAMONDS TWO CLUBS KING,0.4858,0.0078,0.5064
DIAMONDS KING DIAMONDS QUEEN,0.379,0.0086,0.6124
SPADES TEN SPADES FIVE,0.6832,0.0514,0.2654
CLUBS JACK DIAMONDS QUEEN,0.2906,0.0392,0.6702
SPADES KING DIAMONDS TWO,0.4886,0.007,0.5044
SPADES FIVE DIAMONDS FIVE,0.5014,0.0238,0.4748
CLUBS KING DIAMONDS FIVE,0.4964,0.0064,0.4972
CLUBS FOUR SPADES FIVE,0.6362,0.0168,0.347
HEARTS THREE HEARTS QUEEN,0.4426,0.008,0.5494
DIAMONDS TWO CLUBS TWO,0.502,0.0244,0.4736
HEARTS FIVE DIAMONDS FIVE,0.49,0.0278,0.4822
SPADES FOUR HEARTS EIGHT,0.6828,0.0144,0.3028
DIAMONDS FIVE DIAMONDS FOUR,0.5986,0.016,0.3854
SPADES KING DIAMONDS ACE,0.4086,0.0038,0.5876
DIAMONDS ACE DIAMONDS NINE,0.4506,0.004,0.5454
SPADES ACE SPADES FIVE,0.4578,0.004,0.5382
SPADES QUEEN CLUBS TWO,0.4954,0.0092,0.4954
SPADES TEN CLUBS THREE,0.7254,0.0516,0.223
CLUBS JACK DIAMONDS THREE,0.6702,0.1214,0.2084
CLUBS FOUR DIAMONDS EIGHT,0.696,0.0138,0.2902
SPADES KING HEARTS FOUR,0.4768,0.0076,0.5156
SPADES QUEEN CLUBS SEVEN,0.4738,0.0072,0.519
HEARTS SIX SPADES JACK,0.6756,0.1174,0.207
HEARTS TWO CLUBS ACE,0.4744,0.0044,0.5212
CLUBS EIGHT HEARTS EIGHT,0.4646,0.0214,0.514
DIAMONDS QUEEN SPADES SIX,0.4906,0.0098,0.4996
DIAMONDS ACE HEARTS KING,0.3976,0.006,0.5964
SPADES TEN CLUBS TWO,0.7398,0.052,0.2082
CLUBS JACK CLUBS KING,0.2814,0.0284,0.6902
HEARTS KING DIAMONDS FOUR,0.4732,0.0062,0.5206
HEARTS FIVE SPADES EIGHT,0.6806,0.016,0.3034
HEARTS QUEEN CLUBS ACE,0.3844,0.005,0.6106
HEARTS SIX SPADES THREE,0.6746,0.0146,0.3108
SPADES KING SPADES JACK,0.28,0.028,0.692
CLUBS FIVE SPADES FOUR,0.6442,0.0132,0.3426
DIAMONDS QUEEN DIAMONDS EIGHT,0.441,0.0102,0.5488
SPADES KING CLUBS THREE,0.495,0.0068,0.4982
DIAMONDS ACE DIAMONDS KING,0.383,0.0062,0.6108
SPADES ACE HEARTS NINE,0.4628,0.0028,0.5344
HEARTS THREE CLUBS TWO,0.6584,0.0154,0.3262
SPADES KING DIAMONDS TEN,0.3034,0.0294,0.6672
HEARTS EIGHT DIAMONDS FIVE,0.669,0.0142,0.3168
DIAMONDS THREE HEARTS TWO,0.6734,0.0172,0.3094
CLUBS FOUR DIAMONDS SEVEN,0.6784,0.0142,0.3074
SPADES TWO HEARTS QUEEN,0.4874,0.013,0.4996
CLUBS NINE HEARTS NINE,0.464,0.027,0.509
SPADES QUEEN SPADES FIVE,0.4556,0.0112,0.5332
SPADES JACK SPADES TEN,0.07,0.8576,0.0724
SPADES JACK SPADES NINE,0.6334,0.1156,0.251
SPADES FOUR SPADES TWO,0.6212,0.0164,0.3624
SPADES ACE DIAMONDS ACE,0.2078,0.0026,0.7896
HEARTS FIVE CLUBS NINE,0.6802,0.016,0.3038
CLUBS SEVEN HEARTS EIGHT,0.6518,0.0138,0.3344
DIAMONDS TWO DIAMONDS KING,0.451,0.0092,0.5398
HEARTS KING HEARTS SEVEN,0.4292,0.0056,0.5652
DIAMONDS TWO DIAMONDS NINE,0.6696,0.0132,0.3172
CLUBS TEN HEARTS FIVE,0.733,0.0494,0.2176
SPADES SEVEN DIAMONDS JACK,0.6746,0.1144,0.211
CLUBS TEN CLUBS SEVEN,0.6856,0.049,0.2654
DIAMONDS THREE CLUBS ACE,0.4844,0.0056,0.51
CLUBS THREE HEARTS SEVEN,0.688,0.014,0.298
DIAMONDS KING CLUBS QUEEN,0.3972,0.004,0.5988
CLUBS NINE DIAMONDS JACK,0.659,0.1218,0.2192
SPADES ACE DIAMONDS SIX,0.4786,0.0036,0.5178
CLUBS ACE DIAMONDS SIX,0.4988,0.0032,0.498
HEARTS SIX CLUBS THREE,0.67,0.0146,0.3154
DIAMONDS THREE SPADES NINE,0.7026,0.017,0.2804
HEARTS TWO SPADES SIX,0.6764,0.0168,0.3068
DIAMONDS ACE CLUBS QUEEN,0.407,0.0032,0.5898
SPADES TEN SPADES EIGHT,0.6856,0.0514,0.263
SPADES ACE SPADES THREE,0.4686,0.0046,0.5268
HEARTS FOUR DIAMONDS QUEEN,0.464,0.0086,0.5274
DIAMONDS QUEEN SPADES THREE,0.4798,0.0102,0.51
DIAMONDS QUEEN CLUBS KING,0.3988,0.0066,0.5946
DIAMONDS TWO DIAMONDS FIVE,0.6296,0.0136,0.3568
SPADES EIGHT DIAMONDS NINE,0.6696,0.0134,0.317
HEARTS KING CLUBS KING,0.207,0.0086,0.7844
HEARTS FOUR CLUBS QUEEN,0.468,0.0098,0.5222
HEARTS FIVE DIAMONDS SEVEN,0.6684,0.0134,0.3182
DIAMONDS TWO DIAMONDS SIX,0.6398,0.0136,0.3466
SPADES TEN HEARTS KING,0.2884,0.0264,0.6852
SPADES JACK HEARTS EIGHT,0.6624,0.1126,0.225
CLUBS TWO DIAMONDS EIGHT,0.6982,0.0148,0.287
DIAMONDS ACE DIAMONDS SEVEN,0.453,0.0028,0.5442
SPADES ACE HEARTS THREE,0.4738,0.0052,0.521
CLUBS THREE HEARTS NINE,0.708,0.0156,0.2764
HEARTS FIVE CLUBS FIVE,0.5006,0.0248,0.4746
DIAMONDS TWO DIAMONDS QUEEN,0.4524,0.0102,0.5374
DIAMONDS JACK DIAMONDS SEVEN,0.63,0.108,0.262
CLUBS TEN HEARTS ACE,0.3054,0.017,0.6776
SPADES TEN DIAMONDS ACE,0.3252,0.0162,0.6586
CLUBS THREE SPADES FOUR,0.6674,0.014,0.3186
SPADES FIVE SPADES FOUR,0.6048,0.0186,0.3766
CLUBS JACK CLUBS SEVEN,0.6234,0.1122,0.2644
HEARTS FOUR CLUBS FIVE,0.6344,0.0188,0.3468
DIAMONDS THREE DIAMONDS JACK,0.6364,0.1088,0.2548
DIAMONDS ACE SPADES SIX,0.4838,0.003,0.5132
HEARTS TWO CLUBS FIVE,0.6678,0.0148,0.3174
CLUBS JACK SPADES THREE,0.6626,0.117,0.2204
CLUBS FOUR DIAMONDS SIX,0.653,0.0152,0.3318
CLUBS NINE DIAMONDS QUEEN,0.4544,0.0094,0.5362
DIAMONDS EIGHT CLUBS ACE,0.4656,0.0038,0.5306
DIAMONDS SEVEN DIAMONDS SIX,0.6174,0.0136,0.369
CLUBS NINE SPADES FOUR,0.7154,0.0124,0.2722
HEARTS THREE DIAMONDS EIGHT,0.7004,0.016,0.2836
SPADES EIGHT HEARTS QUEEN,0.4588,0.013,0.5282
HEARTS KING DIAMONDS FIVE,0.4718,0.0072,0.521
DIAMONDS JACK DIAMONDS NINE,0.6208,0.1234,0.2558
SPADES QUEEN CLUBS NINE,0.4584,0.0084,0.5332
HEARTS FIVE DIAMONDS JACK,0.6596,0.1224,0.218
SPADES TEN DIAMONDS TEN,0.3618,0.0312,0.607
DIAMONDS TWO CLUBS ACE,0.4788,0.004,0.5172
SPADES SEVEN SPADES FOUR,0.6378,0.0126,0.3496
DIAMONDS KING HEARTS ACE,0.3936,0.0058,0.6006
SPADES QUEEN HEARTS SEVEN,0.472,0.0098,0.5182
HEARTS FIVE CLUBS TWO,0.668,0.0144,0.3176
CLUBS TEN DIAMONDS FIVE,0.7224,0.0544,0.2232
HEARTS FOUR HEARTS NINE,0.693,0.0176,0.2894
SPADES NINE CLUBS ACE,0.4696,0.0034,0.527
CLUBS SEVEN DIAMONDS SEVEN,0.4928,0.021,0.4862
HEARTS SIX CLUBS FIVE,0.6544,0.0144,0.3312
CLUBS NINE SPADES SEVEN,0.6648,0.0144,0.3208
DIAMONDS ACE CLUBS THREE,0.469,0.0034,0.5276
SPADES TEN CLUBS FOUR,0.726,0.0546,0.2194
DIAMONDS KING SPADES FIVE,0.4778,0.0052,0.517
SPADES QUEEN SPADES FOUR,0.4608,0.0108,0.5284
CLUBS TEN HEARTS THREE,0.731,0.0562,0.2128
SPADES NINE DIAMONDS FIVE,0.692,0.0116,0.2964
SPADES ACE DIAMONDS FIVE,0.4764,0.006,0.5176
SPADES TEN HEARTS ACE,0.301,0.0154,0.6836
HEARTS FIVE SPADES TEN,0.7192,0.0584,0.2224
SPADES KING HEARTS ACE,0.4012,0.0056,0.5932
HEARTS FIVE SPADES NINE,0.6976,0.0088,0.2936
SPADES FOUR HEARTS SEVEN,0.6532,0.0158,0.331
HEARTS FIVE CLUBS ACE,0.4782,0.0058,0.516
CLUBS TEN SPADES SEVEN,0.7032,0.0566,0.2402
DIAMONDS EIGHT DIAMONDS SIX,0.6352,0.0134,0.3514
HEARTS THREE DIAMONDS KING,0.4752,0.0078,0.517
HEARTS FIVE SPADES TWO,0.6734,0.0148,0.3118
CLUBS TEN DIAMONDS QUEEN,0.2852,0.0362,0.6786
DIAMONDS KING DIAMONDS TEN,0.2954,0.026,0.6786
HEARTS FOUR SPADES SIX,0.6532,0.0118,0.335
HEARTS THREE HEARTS ACE,0.4458,0.008,0.5462
CLUBS FIVE DIAMONDS FIVE,0.5082,0.0266,0.4652
SPADES SEVEN DIAMONDS EIGHT,0.654,0.0148,0.3312
DIAMONDS SEVEN HEARTS EIGHT,0.651,0.0124,0.3366
SPADES NINE SPADES THREE,0.6682,0.0112,0.3206
DIAMONDS JACK HEARTS NINE,0.659,0.1186,0.2224
CLUBS SEVEN SPADES FIVE,0.6664,0.0158,0.3178
CLUBS TEN SPADES NINE,0.7098,0.0492,0.241
SPADES NINE DIAMONDS EIGHT,0.6756,0.0134,0.311
CLUBS THREE CLUBS KING,0.4584,0.0072,0.5344
HEARTS FIVE DIAMONDS NINE,0.6986,0.0144,0.287
DIAMONDS SEVEN DIAMONDS FOUR,0.6332,0.014,0.3528
SPADES TEN SPADES SEVEN,0.6838,0.0502,0.266
DIAMONDS THREE HEARTS EIGHT,0.7006,0.0192,0.2802
SPADES JACK DIAMONDS NINE,0.6714,0.1138,0.2148
SPADES NINE DIAMONDS SEVEN,0.6642,0.0128,0.323
SPADES TEN DIAMONDS QUEEN,0.2992,0.0342,0.6666
HEARTS SIX SPADES EIGHT,0.66,0.0144,0.3256
SPADES KING SPADES NINE,0.4332,0.0076,0.5592
SPADES KING SPADES SIX,0.4628,0.0062,0.531
CLUBS NINE SPADES TEN,0.7178,0.05,0.2322
SPADES SEVEN HEARTS KING,0.473,0.0056,0.5214
SPADES TWO HEARTS NINE,0.7108,0.0118,0.2774
SPADES EIGHT CLUBS FOUR,0.6922,0.0124,0.2954
CLUBS EIGHT DIAMONDS EIGHT,0.487,0.0188,0.4942
SPADES SIX SPADES TWO,0.6504,0.0132,0.3364
CLUBS THREE DIAMONDS EIGHT,0.6994,0.014,0.2866
HEARTS FOUR DIAMONDS SIX,0.655,0.0136,0.3314
SPADES QUEEN DIAMONDS FOUR,0.472,0.0102,0.5178
SPADES THREE CLUBS QUEEN,0.4952,0.0098,0.495
HEARTS FOUR DIAMONDS FIVE,0.652,0.0156,0.3324
HEARTS FIVE CLUBS EIGHT,0.6704,0.014,0.3156
SPADES KING CLUBS FOUR,0.4826,0.006,0.5114
SPADES FOUR CLUBS QUEEN,0.4896,0.0112,0.4992
SPADES TEN HEARTS EIGHT,0.7082,0.0522,0.2396
DIAMONDS QUEEN SPADES FIVE,0.4728,0.0098,0.5174
SPADES NINE DIAMONDS TEN,0.7106,0.0508,0.2386
DIAMONDS TWO CLUBS FIVE,0.674,0.013,0.313
CLUBS FIVE SPADES TWO,0.6746,0.0172,0.3082
HEARTS SIX DIAMONDS FOUR,0.6486,0.0146,0.3368
CLUBS NINE CLUBS FIVE,0.6546,0.0156,0.3298
HEARTS ACE HEARTS NINE,0.4156,0.0058,0.5786
DIAMONDS NINE SPADES THREE,0.7084,0.0144,0.2772
SPADES NINE DIAMONDS SIX,0.6788,0.012,0.3092
CLUBS TWO HEARTS QUEEN,0.4816,0.0106,0.5078
DIAMONDS KING CLUBS TWO,0.477,0.0086,0.5144
HEARTS FOUR CLUBS SIX,0.6606,0.0154,0.324
CLUBS SEVEN DIAMONDS ACE,0.4664,0.0038,0.5298
DIAMONDS JACK SPADES FOUR,0.668,0.1146,0.2174
DIAMONDS TWO HEARTS TWO,0.499,0.0228,0.4782
DIAMONDS ACE SPADES THREE,0.4828,0.0038,0.5134
DIAMONDS THREE SPADES SIX,0.6868,0.0126,0.3006
SPADES TEN CLUBS ACE,0.3242,0.0194,0.6564
CLUBS THREE CLUBS QUEEN,0.4654,0.0102,0.5244
CLUBS SEVEN CLUBS TWO,0.6374,0.0154,0.3472
HEARTS SIX SPADES SEVEN,0.6526,0.0152,0.3322
HEARTS FIVE HEARTS THREE,0.6472,0.0186,0.3342
DIAMONDS KING SPADES THREE,0.497,0.0086,0.4944
SPADES ACE CLUBS FIVE,0.4708,0.0036,0.5256
HEARTS QUEEN HEARTS NINE,0.4032,0.0116,0.5852
HEARTS THREE CLUBS SIX,0.6586,0.0158,0.3256
CLUBS FIVE HEARTS QUEEN,0.48,0.009,0.511
SPADES SEVEN SPADES SIX,0.6208,0.0124,0.3668
DIAMONDS ACE CLUBS FIVE,0.4822,0.0042,0.5136
CLUBS JACK CLUBS THREE,0.637,0.1132,0.2498
HEARTS SIX HEARTS FOUR,0.6378,0.0148,0.3474
CLUBS THREE CLUBS TWO,0.6564,0.0164,0.3272
CLUBS TWO HEARTS SEVEN,0.7064,0.0152,0.2784
DIAMONDS SIX DIAMONDS FOUR,0.6206,0.0152,0.3642
SPADES FIVE CLUBS KING,0.4744,0.0076,0.518
HEARTS SIX HEARTS SEVEN,0.663,0.016,0.321
CLUBS THREE HEARTS KING,0.4846,0.0068,0.5086
SPADES NINE SPADES FIVE,0.6378,0.0144,0.3478
CLUBS NINE SPADES FIVE,0.6886,0.0164,0.295
HEARTS THREE DIAMONDS JACK,0.669,0.1174,0.2136
CLUBS TWO DIAMONDS FIVE,0.6722,0.0138,0.314
DIAMONDS KING HEARTS SEVEN,0.4788,0.0074,0.5138
SPADES SIX DIAMONDS SEVEN,0.661,0.014,0.325
HEARTS SIX CLUBS ACE,0.485,0.0056,0.5094
CLUBS TEN CLUBS KING,0.293,0.0258,0.6812
CLUBS TEN DIAMONDS FOUR,0.7252,0.0572,0.2176
CLUBS TEN CLUBS THREE,0.693,0.054,0.253
HEARTS SIX DIAMONDS QUEEN,0.4834,0.0116,0.505
SPADES QUEEN HEARTS NINE,0.4506,0.0074,0.542
CLUBS EIGHT SPADES FIVE,0.676,0.015,0.309
DIAMONDS THREE HEARTS SEVEN,0.6806,0.0168,0.3026
DIAMONDS KING SPADES FOUR,0.4928,0.0052,0.502
CLUBS EIGHT CLUBS QUEEN,0.448,0.0092,0.5428
SPADES NINE HEARTS QUEEN,0.4466,0.0096,0.5438
SPADES KING SPADES TWO,0.4668,0.0068,0.5264
HEARTS SIX SPADES KING,0.4818,0.0056,0.5126
SPADES FIVE DIAMONDS NINE,0.6992,0.0108,0.29
CLUBS FIVE SPADES FIVE,0.4956,0.0258,0.4786
CLUBS SIX DIAMONDS JACK,0.6704,0.1154,0.2142
CLUBS JACK SPADES NINE,0.65,0.1158,0.2342
HEARTS FIVE HEARTS KING,0.4296,0.0064,0.564
CLUBS NINE CLUBS THREE,0.66,0.0128,0.3272
HEARTS TWO SPADES FIVE,0.6668,0.0156,0.3176
CLUBS FIVE DIAMONDS NINE,0.6886,0.0118,0.2996
DIAMONDS THREE DIAMONDS FIVE,0.6122,0.0168,0.371
CLUBS FOUR DIAMONDS TEN,0.7212,0.0554,0.2234
CLUBS THREE SPADES TWO,0.6628,0.0138,0.3234
SPADES SEVEN SPADES FIVE,0.6362,0.012,0.3518
DIAMONDS TEN CLUBS KING,0.3232,0.0316,0.6452
CLUBS QUEEN DIAMONDS FOUR,0.4886,0.0112,0.5002
CLUBS FIVE DIAMONDS TEN,0.7472,0.0556,0.1972
SPADES KING SPADES FOUR,0.4568,0.0078,0.5354
DIAMONDS TWO SPADES QUEEN,0.487,0.01,0.503
CLUBS EIGHT DIAMONDS KING,0.4822,0.0058,0.512
DIAMONDS SEVEN DIAMONDS FIVE,0.6144,0.015,0.3706
SPADES TWO CLUBS KING,0.4944,0.0052,0.5004
CLUBS NINE DIAMONDS KING,0.4522,0.0064,0.5414
HEARTS FOUR CLUBS TWO,0.6704,0.0162,0.3134
CLUBS KING HEARTS EIGHT,0.4584,0.0072,0.5344
HEARTS TWO SPADES SEVEN,0.695,0.0146,0.2904
SPADES SEVEN DIAMONDS SIX,0.6696,0.013,0.3174
SPADES KING DIAMONDS NINE,0.4522,0.007,0.5408
DIAMONDS JACK CLUBS ACE,0.3048,0.017,0.6782
CLUBS SIX DIAMONDS SIX,0.505,0.025,0.47
CLUBS TEN SPADES THREE,0.7286,0.0526,0.2188
CLUBS FOUR CLUBS TWO,0.6338,0.0154,0.3508
CLUBS SEVEN SPADES EIGHT,0.6566,0.0108,0.3326
HEARTS EIGHT CLUBS QUEEN,0.4632,0.0122,0.5246
SPADES KING HEARTS THREE,0.4862,0.0072,0.5066
DIAMONDS THREE DIAMONDS SIX,0.6264,0.0158,0.3578
CLUBS JACK HEARTS FOUR,0.665,0.1214,0.2136
CLUBS TWO DIAMONDS FOUR,0.6624,0.0196,0.318
SPADES KING DIAMONDS FOUR,0.4888,0.0058,0.5054
CLUBS SEVEN DIAMONDS TEN,0.719,0.0494,0.2316
CLUBS NINE HEARTS QUEEN,0.4508,0.01,0.5392
DIAMONDS TWO HEARTS KING,0.4642,0.0094,0.5264
CLUBS FIVE CLUBS ACE,0.4554,0.0038,0.5408
HEARTS SIX DIAMONDS KING,0.476,0.007,0.517
DIAMONDS TWO SPADES FOUR,0.6666,0.0154,0.318
HEARTS ACE CLUBS KING,0.3956,0.0046,0.5998
DIAMONDS NINE DIAMONDS FOUR,0.666,0.014,0.32
SPADES FOUR DIAMONDS FIVE,0.6468,0.0144,0.3388
DIAMONDS QUEEN DIAMONDS FOUR,0.4518,0.012,0.5362
SPADES JACK HEARTS KING,0.2954,0.0312,0.6734
CLUBS JACK DIAMONDS EIGHT,0.6656,0.1172,0.2172
HEARTS FOUR CLUBS KING,0.4728,0.0068,0.5204
CLUBS SIX DIAMONDS NINE,0.6844,0.0132,0.3024
HEARTS TWO HEARTS SEVEN,0.6926,0.0166,0.2908
DIAMONDS FIVE HEARTS SEVEN,0.6578,0.0162,0.326
HEARTS FOUR SPADES TEN,0.7246,0.0574,0.218
HEARTS SIX DIAMONDS TWO,0.6834,0.017,0.2996
CLUBS TEN HEARTS SEVEN,0.7104,0.0528,0.2368
HEARTS THREE HEARTS SEVEN,0.6726,0.018,0.3094
CLUBS THREE DIAMONDS TEN,0.7356,0.0496,0.2148
SPADES TWO DIAMONDS FIVE,0.6714,0.0152,0.3134
SPADES SEVEN HEARTS EIGHT,0.6568,0.0154,0.3278
SPADES ACE CLUBS EIGHT,0.457,0.0048,0.5382
DIAMONDS SEVEN CLUBS QUEEN,0.4816,0.0082,0.5102
HEARTS FIVE HEARTS EIGHT,0.6608,0.0154,0.3238
HEARTS FOUR HEARTS EIGHT,0.677,0.0176,0.3054
DIAMONDS TWO CLUBS EIGHT,0.6938,0.0138,0.2924
SPADES EIGHT SPADES SEVEN,0.6166,0.0136,0.3698
SPADES ACE DIAMONDS THREE,0.4758,0.0046,0.5196
HEARTS SIX CLUBS QUEEN,0.4812,0.0094,0.5094
CLUBS TEN HEARTS FOUR,0.7286,0.058,0.2134
HEARTS THREE CLUBS FIVE,0.6606,0.013,0.3264
CLUBS THREE DIAMONDS SEVEN,0.677,0.0168,0.3062
SPADES TEN SPADES NINE,0.6724,0.0492,0.2784
HEARTS ACE SPADES TWO,0.4832,0.005,0.5118
DIAMONDS THREE CLUBS THREE,0.5128,0.0244,0.4628
SPADES NINE CLUBS QUEEN,0.4468,0.0088,0.5444
HEARTS THREE HEARTS NINE,0.6936,0.0156,0.2908
DIAMONDS ACE SPADES FIVE,0.4864,0.0052,0.5084
HEARTS FOUR DIAMONDS SEVEN,0.6696,0.0144,0.316
SPADES QUEEN HEARTS TWO,0.4938,0.012,0.4942
DIAMONDS TWO CLUBS FOUR,0.6732,0.0122,0.3146
SPADES QUEEN CLUBS QUEEN,0.2034,0.0102,0.7864
HEARTS FOUR SPADES SEVEN,0.6738,0.0152,0.311
SPADES SIX CLUBS TWO,0.6674,0.0144,0.3182
HEARTS THREE SPADES EIGHT,0.6988,0.0136,0.2876
DIAMONDS TWO DIAMONDS FOUR,0.6322,0.012,0.3558
DIAMONDS KING HEARTS KING,0.1972,0.0086,0.7942
HEARTS THREE DIAMONDS QUEEN,0.4704,0.0112,0.5184
CLUBS EIGHT SPADES TWO,0.6896,0.015,0.2954
HEARTS EIGHT HEARTS SEVEN,0.6392,0.0178,0.343
DIAMONDS THREE SPADES SEVEN,0.683,0.012,0.305
HEARTS TWO DIAMONDS FIVE,0.658,0.0164,0.3256
CLUBS EIGHT DIAMONDS ACE,0.4704,0.0058,0.5238
HEARTS TWO SPADES EIGHT,0.7016,0.0164,0.282
CLUBS NINE SPADES EIGHT,0.6498,0.0118,0.3384
HEARTS THREE SPADES THREE,0.5028,0.029,0.4682
DIAMONDS JACK DIAMONDS FIVE,0.635,0.1058,0.2592
CLUBS SEVEN DIAMONDS NINE,0.6698,0.0154,0.3148
CLUBS TWO HEARTS ACE,0.4776,0.0048,0.5176
HEARTS FIVE CLUBS KING,0.4696,0.0056,0.5248
SPADES KING CLUBS ACE,0.3986,0.0036,0.5978
HEARTS ACE DIAMONDS EIGHT,0.4548,0.0052,0.54
SPADES EIGHT CLUBS TWO,0.7034,0.015,0.2816
CLUBS JACK HEARTS KING,0.297,0.025,0.678
HEARTS TWO DIAMONDS EIGHT,0.6958,0.0156,0.2886
CLUBS EIGHT HEARTS NINE,0.6504,0.0158,0.3338
CLUBS FOUR DIAMONDS FOUR,0.5038,0.0242,0.472
SPADES SEVEN DIAMONDS QUEEN,0.485,0.01,0.505
CLUBS SIX CLUBS ACE,0.4616,0.005,0.5334
DIAMONDS EIGHT HEARTS EIGHT,0.4732,0.025,0.5018
HEARTS TWO DIAMONDS KING,0.4798,0.0092,0.511
DIAMONDS TWO CLUBS THREE,0.6706,0.0126,0.3168
HEARTS FOUR DIAMONDS JACK,0.6686,0.1164,0.215
CLUBS NINE SPADES JACK,0.6776,0.1146,0.2078
SPADES FIVE DIAMONDS SEVEN,0.665,0.0132,0.3218
SPADES JACK HEARTS THREE,0.6696,0.1164,0.214
CLUBS EIGHT DIAMONDS FIVE,0.6642,0.0146,0.3212
CLUBS JACK DIAMONDS KING,0.2992,0.0278,0.673
HEARTS ACE DIAMONDS SEVEN,0.462,0.0046,0.5334
SPADES QUEEN HEARTS FOUR,0.4776,0.0092,0.5132
DIAMONDS NINE DIAMONDS FIVE,0.6552,0.015,0.3298
DIAMONDS THREE DIAMONDS TWO,0.6304,0.0138,0.3558
HEARTS FIVE HEARTS SEVEN,0.6656,0.0124,0.322
HEARTS EIGHT DIAMONDS FOUR,0.678,0.0138,0.3082
SPADES EIGHT CLUBS THREE,0.6976,0.0146,0.2878
SPADES NINE SPADES SEVEN,0.6268,0.0122,0.361
CLUBS TEN SPADES FIVE,0.7232,0.0548,0.222
CLUBS JACK SPADES EIGHT,0.67,0.1178,0.2122
SPADES EIGHT SPADES THREE,0.6656,0.0148,0.3196
HEARTS FOUR DIAMONDS NINE,0.705,0.0164,0.2786
SPADES JACK SPADES SEVEN,0.6336,0.1088,0.2576
HEARTS FIVE HEARTS FOUR,0.6432,0.0148,0.342
SPADES EIGHT SPADES FOUR,0.6442,0.0142,0.3416
SPADES TEN DIAMONDS SIX,0.7386,0.0508,0.2106
CLUBS FOUR HEARTS SEVEN,0.6572,0.012,0.3308
DIAMONDS NINE HEARTS QUEEN,0.4444,0.0104,0.5452
SPADES QUEEN SPADES SIX,0.463,0.0082,0.5288
CLUBS JACK DIAMONDS TEN,0.077,0.9036,0.0194
DIAMONDS TEN HEARTS EIGHT,0.7166,0.0546,0.2288
DIAMONDS ACE DIAMONDS JACK,0.3042,0.0154,0.6804
DIAMONDS NINE CLUBS QUEEN,0.439,0.0086,0.5524
CLUBS TEN DIAMONDS KING,0.3138,0.0258,0.6604
CLUBS SEVEN HEARTS QUEEN,0.4696,0.0076,0.5228
DIAMONDS QUEEN DIAMONDS NINE,0.4332,0.009,0.5578
SPADES KING DIAMONDS QUEEN,0.3984,0.005,0.5966
HEARTS SIX SPADES QUEEN,0.481,0.0082,0.5108
HEARTS FIVE HEARTS QUEEN,0.444,0.0124,0.5436
HEARTS SIX CLUBS EIGHT,0.6752,0.016,0.3088
DIAMONDS TEN DIAMONDS SEVEN,0.6762,0.0548,0.269
SPADES NINE DIAMONDS JACK,0.6652,0.1146,0.2202
HEARTS FOUR HEARTS SEVEN,0.656,0.017,0.327
SPADES QUEEN SPADES EIGHT,0.441,0.008,0.551
SPADES SIX HEARTS SEVEN,0.6486,0.0116,0.3398
HEARTS SIX CLUBS KING,0.4816,0.006,0.5124
DIAMONDS SEVEN CLUBS ACE,0.4726,0.0038,0.5236
HEARTS FOUR HEARTS ACE,0.445,0.0066,0.5484
CLUBS TEN CLUBS FIVE,0.6874,0.06,0.2526
SPADES TEN DIAMONDS NINE,0.7136,0.0506,0.2358
HEARTS FIVE SPADES SIX,0.6518,0.0122,0.336
DIAMONDS TEN HEARTS SEVEN,0.7102,0.0546,0.2352
CLUBS JACK SPADES JACK,0.1942,0.0322,0.7736
DIAMONDS THREE HEARTS FIVE,0.647,0.0152,0.3378
SPADES NINE DIAMONDS QUEEN,0.4518,0.0072,0.541
CLUBS NINE HEARTS FOUR,0.7034,0.0108,0.2858
CLUBS FOUR SPADES SIX,0.6686,0.0124,0.319
CLUBS NINE CLUBS EIGHT,0.6254,0.0136,0.361
CLUBS EIGHT CLUBS THREE,0.6406,0.0134,0.346
CLUBS SEVEN CLUBS SIX,0.6188,0.0128,0.3684
CLUBS SIX DIAMONDS KING,0.4828,0.0072,0.51
DIAMONDS TWO HEARTS QUEEN,0.472,0.0104,0.5176
SPADES JACK CLUBS FOUR,0.6622,0.1216,0.2162
DIAMONDS ACE SPADES EIGHT,0.4698,0.0048,0.5254
CLUBS TEN DIAMONDS SEVEN,0.723,0.0536,0.2234
CLUBS TWO DIAMONDS TEN,0.734,0.055,0.211
HEARTS QUEEN CLUBS KING,0.366,0.0072,0.6268
CLUBS SIX CLUBS KING,0.455,0.005,0.54
HEARTS FIVE SPADES FOUR,0.6484,0.0136,0.338
CLUBS JACK CLUBS EIGHT,0.6358,0.1098,0.2544
DIAMONDS TWO CLUBS SEVEN,0.7074,0.0196,0.273
HEARTS SIX CLUBS FOUR,0.6636,0.016,0.3204
DIAMONDS JACK DIAMONDS SIX,0.6332,0.1078,0.259
SPADES ACE SPADES TEN,0.3156,0.0158,0.6686
CLUBS NINE SPADES SIX,0.6924,0.0098,0.2978
CLUBS SIX SPADES THREE,0.6746,0.0156,0.3098
HEARTS FIVE DIAMONDS QUEEN,0.4786,0.007,0.5144
DIAMONDS TEN HEARTS QUEEN,0.2806,0.0408,0.6786
DIAMONDS JACK DIAMONDS FOUR,0.63,0.1088,0.2612
CLUBS FOUR CLUBS KING,0.4518,0.0092,0.539
SPADES ACE CLUBS TWO,0.4776,0.006,0.5164
CLUBS JACK DIAMONDS SEVEN,0.6644,0.1168,0.2188
HEARTS NINE DIAMONDS FOUR,0.6972,0.015,0.2878
DIAMONDS KING DIAMONDS FOUR,0.4516,0.0052,0.5432
CLUBS SEVEN HEARTS SEVEN,0.4892,0.0216,0.4892
CLUBS EIGHT DIAMONDS SIX,0.668,0.0128,0.3192
HEARTS TWO CLUBS TWO,0.4922,0.0302,0.4776
SPADES EIGHT DIAMONDS QUEEN,0.4638,0.0096,0.5266
CLUBS TEN CLUBS TWO,0.7016,0.0506,0.2478
CLUBS NINE SPADES TWO,0.7032,0.017,0.2798
CLUBS SIX CLUBS THREE,0.6422,0.015,0.3428
SPADES KING CLUBS SEVEN,0.4822,0.0056,0.5122
CLUBS KING CLUBS QUEEN,0.3726,0.0064,0.621
DIAMONDS NINE DIAMONDS SEVEN,0.6304,0.0152,0.3544
SPADES KING HEARTS KING,0.2002,0.006,0.7938
DIAMONDS TWO DIAMONDS ACE,0.4554,0.0044,0.5402
SPADES ACE HEARTS KING,0.3936,0.0046,0.6018
HEARTS FOUR SPADES JACK,0.6652,0.1194,0.2154
SPADES EIGHT CLUBS ACE,0.4636,0.0036,0.5328
CLUBS JACK CLUBS TWO,0.6234,0.111,0.2656
DIAMONDS EIGHT CLUBS QUEEN,0.4702,0.0106,0.5192
HEARTS TWO CLUBS FOUR,0.677,0.0146,0.3084
DIAMONDS ACE HEARTS QUEEN,0.3958,0.0056,0.5986
SPADES TWO DIAMONDS FOUR,0.662,0.0112,0.3268
CLUBS SIX HEARTS EIGHT,0.6688,0.0132,0.318
CLUBS JACK SPADES TWO,0.684,0.1166,0.1994
CLUBS SEVEN DIAMONDS SIX,0.6674,0.0136,0.319
HEARTS SIX HEARTS ACE,0.4432,0.0074,0.5494
HEARTS FIVE DIAMONDS TEN,0.7306,0.0488,0.2206
CLUBS TWO HEARTS NINE,0.7208,0.0164,0.2628
CLUBS TEN CLUBS EIGHT,0.677,0.0516,0.2714
HEARTS FOUR DIAMONDS FOUR,0.4926,0.0286,0.4788
DIAMONDS TWO HEARTS SEVEN,0.6914,0.016,0.2926
SPADES NINE DIAMONDS NINE,0.4716,0.0194,0.509
CLUBS JACK SPADES KING,0.2968,0.0292,0.674
CLUBS TEN HEARTS KING,0.296,0.027,0.677
CLUBS SIX SPADES TWO,0.6826,0.0136,0.3038
DIAMONDS SIX HEARTS SEVEN,0.6522,0.016,0.3318
CLUBS TEN SPADES EIGHT,0.7162,0.0524,0.2314
SPADES TWO DIAMONDS SIX,0.6786,0.0154,0.306
CLUBS JACK DIAMONDS SIX,0.668,0.1196,0.2124
HEARTS FIVE HEARTS NINE,0.6834,0.015,0.3016
DIAMONDS TWO SPADES THREE,0.6832,0.0138,0.303
HEARTS TWO DIAMONDS TEN,0.7276,0.0564,0.216
SPADES THREE CLUBS KING,0.4856,0.0066,0.5078
HEARTS ACE DIAMONDS SIX,0.4754,0.0036,0.521
CLUBS JACK CLUBS FOUR,0.6348,0.1116,0.2536
CLUBS EIGHT HEARTS QUEEN,0.4558,0.0102,0.534
HEARTS THREE DIAMONDS NINE,0.7016,0.0154,0.283
SPADES TEN CLUBS QUEEN,0.3078,0.0352,0.657
HEARTS SIX HEARTS TWO,0.6748,0.0146,0.3106
HEARTS SIX CLUBS SEVEN,0.6502,0.0122,0.3376
SPADES QUEEN CLUBS FIVE,0.4966,0.01,0.4934
HEARTS THREE SPADES FOUR,0.6376,0.0164,0.346
DIAMONDS THREE DIAMONDS EIGHT,0.6546,0.015,0.3304
SPADES EIGHT SPADES SIX,0.6272,0.014,0.3588
CLUBS THREE DIAMONDS SIX,0.6712,0.013,0.3158
SPADES NINE CLUBS KING,0.4648,0.0064,0.5288
SPADES SIX DIAMONDS EIGHT,0.6694,0.0136,0.317
HEARTS FOUR DIAMONDS ACE,0.474,0.005,0.521
SPADES THREE CLUBS ACE,0.483,0.0048,0.5122
DIAMONDS TEN DIAMONDS NINE,0.673,0.0482,0.2788
SPADES ACE HEARTS FOUR,0.4806,0.004,0.5154
CLUBS ACE DIAMONDS FOUR,0.4818,0.0042,0.514
CLUBS EIGHT HEARTS SEVEN,0.6464,0.0146,0.339
DIAMONDS JACK DIAMONDS TEN,0.077,0.8596,0.0634
HEARTS FOUR CLUBS EIGHT,0.6818,0.0146,0.3036
HEARTS FOUR SPADES THREE,0.6516,0.0108,0.3376
DIAMONDS THREE SPADES EIGHT,0.7038,0.014,0.2822
CLUBS FOUR HEARTS EIGHT,0.7006,0.0138,0.2856
DIAMONDS THREE SPADES KING,0.4818,0.0058,0.5124
SPADES SIX SPADES THREE,0.637,0.0142,0.3488
CLUBS SEVEN DIAMONDS KING,0.4896,0.0074,0.503
SPADES TEN CLUBS SEVEN,0.7208,0.055,0.2242
CLUBS TEN HEARTS QUEEN,0.2908,0.0376,0.6716
CLUBS SIX HEARTS KING,0.4716,0.0042,0.5242
DIAMONDS THREE HEARTS QUEEN,0.4884,0.0084,0.5032
CLUBS TEN CLUBS SIX,0.6916,0.0532,0.2552
HEARTS NINE HEARTS SEVEN,0.6714,0.016,0.3126
DIAMONDS EIGHT SPADES TWO,0.7084,0.0142,0.2774
CLUBS TEN DIAMONDS TEN,0.3762,0.0304,0.5934
HEARTS THREE HEARTS EIGHT,0.7008,0.0192,0.28
SPADES SIX HEARTS KING,0.4828,0.0062,0.511
CLUBS FIVE DIAMONDS EIGHT,0.6818,0.0132,0.305
SPADES ACE SPADES QUEEN,0.3848,0.0044,0.6108
SPADES QUEEN HEARTS EIGHT,0.447,0.0074,0.5456
DIAMONDS NINE HEARTS KING,0.4436,0.006,0.5504
SPADES QUEEN SPADES NINE,0.4326,0.009,0.5584
CLUBS EIGHT SPADES SIX,0.664,0.013,0.323
HEARTS THREE HEARTS TWO,0.6706,0.0162,0.3132
SPADES QUEEN CLUBS SIX,0.5012,0.0108,0.488
SPADES TEN HEARTS QUEEN,0.2734,0.0368,0.6898
SPADES SEVEN DIAMONDS FOUR,0.6792,0.0136,0.3072
SPADES EIGHT DIAMONDS SIX,0.6664,0.0148,0.3188
DIAMONDS THREE CLUBS SEVEN,0.6852,0.0146,0.3002
CLUBS JACK CLUBS ACE,0.299,0.0138,0.6872
HEARTS ACE DIAMONDS FOUR,0.4618,0.0052,0.533
DIAMONDS QUEEN CLUBS THREE,0.4956,0.011,0.4934
DIAMONDS KING CLUBS KING,0.2252,0.0064,0.7684
DIAMONDS TEN DIAMONDS EIGHT,0.6758,0.0514,0.2728
SPADES JACK SPADES SIX,0.623,0.1196,0.2574
HEARTS SIX SPADES SIX,0.5104,0.0208,0.4688
DIAMONDS TWO CLUBS SIX,0.6744,0.0138,0.3118
DIAMONDS THREE HEARTS THREE,0.5118,0.0242,0.464
SPADES ACE DIAMONDS SEVEN,0.4864,0.0038,0.5098
CLUBS FIVE CLUBS THREE,0.6104,0.0132,0.3764
HEARTS SIX SPADES NINE,0.69,0.014,0.296
SPADES EIGHT DIAMONDS FIVE,0.6796,0.0146,0.3058
HEARTS FOUR SPADES FIVE,0.6426,0.019,0.3384
SPADES EIGHT CLUBS KING,0.4798,0.0058,0.5144
SPADES SEVEN HEARTS NINE,0.6836,0.014,0.3024
SPADES ACE SPADES KING,0.3854,0.0042,0.6104
CLUBS THREE CLUBS ACE,0.446,0.006,0.548
DIAMONDS THREE HEARTS KING,0.4754,0.0052,0.5194
SPADES JACK SPADES EIGHT,0.6144,0.116,0.2696
CLUBS TEN SPADES QUEEN,0.3012,0.0392,0.6596
CLUBS FIVE HEARTS KING,0.4752,0.0072,0.5176
SPADES FIVE CLUBS ACE,0.4854,0.0052,0.5094
CLUBS FOUR HEARTS ACE,0.4722,0.005,0.5228
SPADES EIGHT HEARTS EIGHT,0.4806,0.0256,0.4938
HEARTS THREE SPADES SEVEN,0.6768,0.0142,0.309
CLUBS THREE HEARTS ACE,0.4698,0.0048,0.5254
SPADES KING SPADES FIVE,0.4556,0.007,0.5374
DIAMONDS EIGHT HEARTS SEVEN,0.6578,0.0128,0.3294
CLUBS SIX DIAMONDS TEN,0.7372,0.052,0.2108
SPADES FIVE SPADES TWO,0.6194,0.0142,0.3664
HEARTS TWO DIAMONDS QUEEN,0.4792,0.0094,0.5114
SPADES NINE HEARTS KING,0.4544,0.006,0.5396
CLUBS EIGHT CLUBS KING,0.439,0.0052,0.5558
CLUBS EIGHT DIAMONDS QUEEN,0.4658,0.0096,0.5246
SPADES QUEEN SPADES TWO,0.4556,0.0096,0.5348
SPADES FIVE HEARTS KING,0.4798,0.009,0.5112
SPADES TWO CLUBS ACE,0.491,0.0046,0.5044
CLUBS SIX SPADES SIX,0.5138,0.0202,0.466
DIAMONDS JACK CLUBS KING,0.3056,0.0262,0.6682
SPADES FOUR SPADES THREE,0.6218,0.016,0.3622
HEARTS FOUR DIAMONDS KING,0.4848,0.008,0.5072
SPADES EIGHT DIAMONDS KING,0.4684,0.0058,0.5258
SPADES TEN SPADES TWO,0.6922,0.0584,0.2494
SPADES NINE HEARTS NINE,0.4644,0.0226,0.513
CLUBS TWO CLUBS KING,0.4654,0.0062,0.5284
SPADES QUEEN CLUBS FOUR,0.4808,0.0078,0.5114
DIAMONDS TWO SPADES SEVEN,0.689,0.0142,0.2968
CLUBS SEVEN SPADES NINE,0.6702,0.0126,0.3172
CLUBS FOUR SPADES TWO,0.6582,0.0174,0.3244
SPADES NINE CLUBS SIX,0.68,0.0142,0.3058
CLUBS FIVE HEARTS SEVEN,0.6668,0.0136,0.3196
SPADES QUEEN DIAMONDS SIX,0.4788,0.0096,0.5116
DIAMONDS JACK SPADES TWO,0.6704,0.1248,0.2048
SPADES JACK DIAMONDS EIGHT,0.6696,0.1154,0.215
SPADES KING CLUBS QUEEN,0.3898,0.0052,0.605
CLUBS KING HEARTS SEVEN,0.4722,0.0048,0.523
SPADES JACK CLUBS SIX,0.6794,0.113,0.2076
CLUBS TWO CLUBS ACE,0.4616,0.0062,0.5322
DIAMONDS THREE SPADES JACK,0.6674,0.1178,0.2148
DIAMONDS QUEEN DIAMONDS FIVE,0.4698,0.0076,0.5226
CLUBS EIGHT HEARTS THREE,0.7138,0.0126,0.2736
CLUBS NINE DIAMONDS SIX,0.6776,0.0122,0.3102
HEARTS ACE HEARTS EIGHT,0.4188,0.0036,0.5776
SPADES TEN HEARTS NINE,0.7134,0.0506,0.236
DIAMONDS THREE SPADES QUEEN,0.4798,0.0106,0.5096
SPADES ACE CLUBS FOUR,0.4846,0.0044,0.511
HEARTS FOUR HEARTS THREE,0.6508,0.0178,0.3314
CLUBS TEN SPADES JACK,0.0778,0.9006,0.0216
DIAMONDS TWO SPADES TWO,0.507,0.028,0.465
SPADES JACK DIAMONDS FOUR,0.6674,0.1144,0.2182
HEARTS THREE SPADES SIX,0.684,0.0126,0.3034
SPADES ACE CLUBS TEN,0.3234,0.016,0.6606
SPADES JACK CLUBS SEVEN,0.6598,0.1196,0.2206
HEARTS TWO HEARTS ACE,0.4362,0.006,0.5578
CLUBS FIVE SPADES SEVEN,0.6648,0.0138,0.3214
DIAMONDS THREE HEARTS FOUR,0.655,0.0154,0.3296
SPADES THREE HEARTS KING,0.4698,0.0074,0.5228
DIAMONDS QUEEN HEARTS SEVEN,0.4806,0.0096,0.5098
SPADES QUEEN DIAMONDS KING,0.3872,0.0062,0.6066
DIAMONDS QUEEN DIAMONDS JACK,0.2812,0.0352,0.6836
HEARTS FIVE CLUBS SIX,0.6566,0.017,0.3264
SPADES QUEEN SPADES TEN,0.2814,0.0374,0.6812
SPADES NINE DIAMONDS FOUR,0.716,0.0138,0.2702
DIAMONDS NINE HEARTS EIGHT,0.661,0.0154,0.3236
HEARTS TWO DIAMONDS JACK,0.6674,0.1206,0.212
DIAMONDS TWO SPADES JACK,0.6768,0.1196,0.2036
CLUBS JACK DIAMONDS FOUR,0.6744,0.1212,0.2044
CLUBS SIX CLUBS QUEEN,0.4528,0.0076,0.5396
SPADES QUEEN DIAMONDS JACK,0.2916,0.04,0.6684
HEARTS TWO CLUBS THREE,0.6676,0.0202,0.3122
CLUBS JACK HEARTS SEVEN,0.6582,0.1124,0.2294
HEARTS FIVE CLUBS SEVEN,0.6542,0.017,0.3288
SPADES FOUR DIAMONDS EIGHT,0.6886,0.015,0.2964
HEARTS TWO HEARTS NINE,0.6924,0.0178,0.2898
CLUBS EIGHT DIAMONDS FOUR,0.6854,0.0132,0.3014
SPADES EIGHT CLUBS FIVE,0.6732,0.0126,0.3142
SPADES ACE SPADES SIX,0.4578,0.0044,0.5378
SPADES JACK SPADES FOUR,0.6392,0.1034,0.2574
CLUBS SIX HEARTS QUEEN,0.477,0.0092,0.5138
DIAMONDS EIGHT DIAMONDS FIVE,0.6372,0.0134,0.3494
SPADES SIX DIAMONDS NINE,0.6826,0.0134,0.304
CLUBS SEVEN DIAMONDS FOUR,0.6776,0.0144,0.308
CLUBS JACK DIAMONDS ACE,0.3176,0.0188,0.6636
SPADES ACE DIAMONDS QUEEN,0.404,0.0026,0.5934
CLUBS JACK HEARTS SIX,0.6664,0.1202,0.2134
CLUBS EIGHT SPADES TEN,0.7204,0.0516,0.228
DIAMONDS THREE SPADES THREE,0.5138,0.0264,0.4598
CLUBS SIX DIAMONDS SEVEN,0.6636,0.0124,0.324
SPADES ACE SPADES EIGHT,0.4456,0.0044,0.55
SPADES SIX DIAMONDS TEN,0.7384,0.0534,0.2082
DIAMONDS NINE HEARTS SEVEN,0.6668,0.0134,0.3198
SPADES THREE DIAMONDS FOUR,0.6602,0.0142,0.3256
CLUBS JACK SPADES TEN,0.0686,0.9114,0.02
SPADES ACE HEARTS EIGHT,0.473,0.0038,0.5232
SPADES ACE SPADES TWO,0.4546,0.0048,0.5406
DIAMONDS THREE SPADES FOUR,0.6498,0.0152,0.335
HEARTS FIVE SPADES FIVE,0.4918,0.0286,0.4796
DIAMONDS NINE HEARTS NINE,0.4706,0.0222,0.5072
DIAMONDS JACK HEARTS KING,0.2856,0.0254,0.689
CLUBS EIGHT CLUBS FIVE,0.6378,0.016,0.3462
SPADES SIX HEARTS ACE,0.476,0.005,0.519
SPADES EIGHT HEARTS NINE,0.6644,0.0144,0.3212
CLUBS EIGHT HEARTS KING,0.4634,0.005,0.5316
HEARTS SIX DIAMONDS SIX,0.494,0.0262,0.4798
DIAMONDS TWO DIAMONDS EIGHT,0.6574,0.0182,0.3244
SPADES QUEEN HEARTS THREE,0.4806,0.0106,0.5088
CLUBS FOUR DIAMONDS NINE,0.7152,0.0162,0.2686
SPADES EIGHT HEARTS SEVEN,0.663,0.016,0.321
CLUBS THREE DIAMONDS FIVE,0.6632,0.0162,0.3206
HEARTS SIX DIAMONDS FIVE,0.6588,0.0132,0.328
CLUBS NINE CLUBS SIX,0.646,0.0164,0.3376
SPADES QUEEN DIAMONDS ACE,0.404,0.0034,0.5926
SPADES TEN HEARTS TWO,0.7276,0.0522,0.2202
DIAMONDS THREE DIAMONDS FOUR,0.6154,0.0164,0.3682
CLUBS TEN HEARTS TWO,0.738,0.054,0.208
SPADES KING DIAMONDS FIVE,0.4824,0.0062,0.5114
DIAMONDS THREE CLUBS FIVE,0.6622,0.0126,0.3252
HEARTS TWO CLUBS KING,0.489,0.0062,0.5048
DIAMONDS TEN DIAMONDS FOUR,0.6908,0.0508,0.2584
SPADES TEN HEARTS SEVEN,0.7144,0.057,0.2286
SPADES SIX HEARTS EIGHT,0.6654,0.0128,0.3218
DIAMONDS KING CLUBS THREE,0.485,0.0074,0.5076
CLUBS JACK SPADES SEVEN,0.6704,0.1126,0.217
CLUBS FIVE SPADES THREE,0.663,0.0142,0.3228
SPADES KING SPADES TEN,0.2984,0.03,0.6716
DIAMONDS TEN HEARTS KING,0.2844,0.0294,0.6862
CLUBS ACE CLUBS KING,0.3926,0.0058,0.6016
HEARTS KING HEARTS NINE,0.4136,0.006,0.5804
CLUBS SEVEN CLUBS QUEEN,0.446,0.0074,0.5466
DIAMONDS KING DIAMONDS NINE,0.4314,0.0082,0.5604
HEARTS QUEEN DIAMONDS SEVEN,0.462,0.012,0.526
HEARTS FIVE CLUBS FOUR,0.6348,0.0154,0.3498
SPADES THREE DIAMONDS EIGHT,0.6972,0.015,0.2878
DIAMONDS KING DIAMONDS SEVEN,0.4582,0.0088,0.533
DIAMONDS THREE SPADES FIVE,0.6634,0.0148,0.3218
DIAMONDS KING SPADES TWO,0.4718,0.0092,0.519
CLUBS TEN CLUBS NINE,0.6696,0.0466,0.2838
DIAMONDS EIGHT HEARTS QUEEN,0.464,0.0084,0.5276
CLUBS EIGHT SPADES FOUR,0.6912,0.0144,0.2944
SPADES ACE CLUBS KING,0.4048,0.0034,0.5918
SPADES SEVEN SPADES THREE,0.6532,0.0138,0.333
HEARTS SIX CLUBS TWO,0.6708,0.0162,0.313
DIAMONDS THREE CLUBS TWO,0.67,0.0152,0.3148
SPADES TEN CLUBS KING,0.3186,0.0294,0.652
CLUBS FOUR CLUBS QUEEN,0.4582,0.0102,0.5316
HEARTS NINE CLUBS QUEEN,0.4404,0.0126,0.547
SPADES JACK HEARTS TWO,0.6742,0.1156,0.2102
SPADES JACK DIAMONDS QUEEN,0.2936,0.0408,0.6656
SPADES EIGHT HEARTS KING,0.4574,0.0082,0.5344
SPADES SIX CLUBS KING,0.4966,0.0062,0.4972
SPADES SEVEN HEARTS QUEEN,0.473,0.009,0.518
DIAMONDS QUEEN DIAMONDS SIX,0.4704,0.0094,0.5202
CLUBS FOUR HEARTS NINE,0.7094,0.015,0.2756
HEARTS QUEEN HEARTS SEVEN,0.4164,0.0112,0.5724
HEARTS TWO HEARTS EIGHT,0.6972,0.0184,0.2844
CLUBS FOUR SPADES FOUR,0.5082,0.0282,0.4636
DIAMONDS KING SPADES SEVEN,0.4788,0.0042,0.517
SPADES JACK CLUBS QUEEN,0.2912,0.0356,0.6732
CLUBS TEN SPADES TEN,0.3734,0.0342,0.5924
CLUBS JACK SPADES FIVE,0.6624,0.1192,0.2184
SPADES JACK SPADES TWO,0.6362,0.1158,0.248
CLUBS JACK DIAMONDS TWO,0.6736,0.119,0.2074
SPADES JACK DIAMONDS TEN,0.0682,0.9098,0.022
CLUBS QUEEN HEARTS SEVEN,0.4738,0.009,0.5172
HEARTS FIVE SPADES SEVEN,0.6726,0.0152,0.3122
HEARTS THREE HEARTS KING,0.4424,0.0078,0.5498
DIAMONDS ACE DIAMONDS EIGHT,0.4528,0.0034,0.5438
CLUBS TEN CLUBS FOUR,0.6856,0.0538,0.2606
CLUBS SEVEN DIAMONDS QUEEN,0.491,0.0082,0.5008
SPADES QUEEN DIAMONDS EIGHT,0.473,0.0086,0.5184
HEARTS THREE DIAMONDS ACE,0.4708,0.005,0.5242
SPADES NINE SPADES SIX,0.6606,0.0126,0.3268
DIAMONDS ACE SPADES SEVEN,0.4772,0.0032,0.5196
DIAMONDS TEN SPADES TWO,0.7344,0.0584,0.2072
SPADES NINE CLUBS FIVE,0.6834,0.0144,0.3022
SPADES THREE DIAMONDS FIVE,0.661,0.0148,0.3242
CLUBS EIGHT SPADES SEVEN,0.6522,0.0124,0.3354
CLUBS JACK HEARTS ACE,0.2926,0.0198,0.6876
HEARTS KING DIAMONDS SEVEN,0.4778,0.005,0.5172
DIAMONDS TWO DIAMONDS JACK,0.6396,0.1108,0.2496
DIAMONDS NINE DIAMONDS SIX,0.6512,0.0128,0.336
SPADES TEN DIAMONDS KING,0.31,0.0314,0.6586
CLUBS TEN CLUBS QUEEN,0.2854,0.033,0.6816
CLUBS NINE HEARTS EIGHT,0.6712,0.0124,0.3164
CLUBS JACK DIAMONDS NINE,0.671,0.109,0.22
SPADES SEVEN DIAMONDS TEN,0.7314,0.0486,0.22
CLUBS FIVE DIAMONDS QUEEN,0.4794,0.009,0.5116
CLUBS THREE HEARTS EIGHT,0.6964,0.0168,0.2868
HEARTS ACE CLUBS ACE,0.2102,0.0036,0.7862
CLUBS EIGHT HEARTS TWO,0.6928,0.0182,0.289
DIAMONDS QUEEN SPADES FOUR,0.4878,0.0072,0.505
SPADES NINE SPADES TWO,0.657,0.011,0.332
HEARTS TWO HEARTS KING,0.4246,0.011,0.5644
SPADES KING HEARTS EIGHT,0.483,0.007,0.51
HEARTS THREE SPADES NINE,0.704,0.016,0.28
HEARTS THREE CLUBS KING,0.479,0.0064,0.5146
SPADES QUEEN SPADES JACK,0.2748,0.0408,0.6844
SPADES KING DIAMONDS JACK,0.307,0.027,0.666
DIAMONDS TWO CLUBS NINE,0.7082,0.0142,0.2776
CLUBS EIGHT CLUBS ACE,0.4374,0.0042,0.5584
DIAMONDS QUEEN HEARTS KING,0.3824,0.0062,0.6114
CLUBS NINE SPADES NINE,0.4736,0.023,0.5034
SPADES SIX DIAMONDS JACK,0.6672,0.1264,0.2064
HEARTS SIX HEARTS FIVE,0.6474,0.0148,0.3378
SPADES SEVEN CLUBS FOUR,0.6688,0.0154,0.3158
SPADES FIVE HEARTS NINE,0.6862,0.0148,0.299
CLUBS FOUR HEARTS KING,0.4694,0.0106,0.52
HEARTS SIX HEARTS THREE,0.6608,0.0168,0.3224
HEARTS FIVE DIAMONDS KING,0.4802,0.008,0.5118
HEARTS SIX CLUBS NINE,0.669,0.013,0.318
CLUBS NINE DIAMONDS SEVEN,0.6758,0.011,0.3132
SPADES ACE HEARTS FIVE,0.4774,0.0054,0.5172
CLUBS SEVEN SPADES FOUR,0.6704,0.013,0.3166
DIAMONDS FIVE CLUBS QUEEN,0.5074,0.0084,0.4842
SPADES TWO CLUBS QUEEN,0.4876,0.0112,0.5012
DIAMONDS QUEEN HEARTS ACE,0.3992,0.0046,0.5962
HEARTS SIX SPADES TWO,0.675,0.0168,0.3082
SPADES FIVE CLUBS QUEEN,0.4794,0.0084,0.5122
SPADES QUEEN CLUBS EIGHT,0.459,0.0106,0.5304
SPADES JACK DIAMONDS FIVE,0.6642,0.1174,0.2184
HEARTS SIX CLUBS TEN,0.7332,0.056,0.2108
SPADES KING DIAMONDS KING,0.2048,0.0102,0.785
SPADES NINE HEARTS EIGHT,0.6626,0.0158,0.3216
CLUBS SIX DIAMONDS ACE,0.4854,0.0026,0.512
CLUBS SEVEN HEARTS KING,0.4726,0.0076,0.5198
HEARTS KING SPADES TWO,0.4792,0.0082,0.5126
HEARTS KING CLUBS ACE,0.3988,0.0048,0.5964
SPADES TWO DIAMONDS SEVEN,0.6932,0.0156,0.2912
DIAMONDS TEN SPADES THREE,0.735,0.057,0.208
DIAMONDS QUEEN SPADES TWO,0.494,0.0088,0.4972
HEARTS SIX HEARTS NINE,0.6742,0.0156,0.3102
SPADES ACE HEARTS SEVEN,0.4758,0.004,0.5202
HEARTS SIX SPADES FOUR,0.6518,0.0138,0.3344
CLUBS SEVEN DIAMONDS FIVE,0.6662,0.0128,0.321
SPADES ACE DIAMONDS KING,0.4076,0.0034,0.589
SPADES KING SPADES SEVEN,0.4524,0.0048,0.5428
CLUBS SIX SPADES FIVE,0.6494,0.0146,0.336
HEARTS FOUR HEARTS KING,0.4338,0.0082,0.558
DIAMONDS KING HEARTS EIGHT,0.4668,0.0054,0.5278
CLUBS NINE HEARTS TWO,0.6966,0.014,0.2894
CLUBS ACE HEARTS SEVEN,0.4818,0.0034,0.5148
SPADES KING CLUBS NINE,0.4634,0.0056,0.531
HEARTS TWO DIAMONDS SEVEN,0.6882,0.014,0.2978
CLUBS FIVE DIAMONDS FOUR,0.6536,0.0162,0.3302
HEARTS FOUR HEARTS TWO,0.6754,0.0146,0.31
CLUBS SIX HEARTS SEVEN,0.6594,0.0142,0.3264
DIAMONDS TWO DIAMONDS TEN,0.7,0.0512,0.2488
CLUBS FOUR DIAMONDS FIVE,0.6438,0.0128,0.3434
SPADES SIX SPADES FIVE,0.627,0.016,0.357
SPADES NINE DIAMONDS KING,0.4716,0.005,0.5234
SPADES SIX CLUBS QUEEN,0.4814,0.0086,0.51
DIAMONDS THREE CLUBS TEN,0.7396,0.0548,0.2056
CLUBS EIGHT DIAMONDS TEN,0.716,0.052,0.232
DIAMONDS QUEEN HEARTS NINE,0.441,0.0074,0.5516
HEARTS SIX DIAMONDS ACE,0.4816,0.0048,0.5136
SPADES JACK CLUBS ACE,0.3268,0.0168,0.6564
DIAMONDS THREE CLUBS NINE,0.7028,0.0126,0.2846
HEARTS FIVE DIAMONDS ACE,0.4748,0.0064,0.5188
SPADES ACE SPADES JACK,0.2872,0.0166,0.6962
DIAMONDS TWO SPADES EIGHT,0.7032,0.0144,0.2824
HEARTS ACE HEARTS QUEEN,0.3548,0.0062,0.639
HEARTS ACE HEARTS KING,0.3552,0.006,0.6388
DIAMONDS SIX DIAMONDS FIVE,0.609,0.017,0.374
CLUBS EIGHT CLUBS SIX,0.63,0.0126,0.3574
HEARTS FIVE DIAMONDS EIGHT,0.6782,0.0138,0.308
DIAMONDS ACE DIAMONDS QUEEN,0.3772,0.0052,0.6176
DIAMONDS QUEEN HEARTS QUEEN,0.1948,0.0104,0.7948
CLUBS TWO DIAMONDS SIX,0.672,0.0136,0.3144
DIAMONDS TWO SPADES SIX,0.685,0.016,0.299
SPADES KING DIAMONDS EIGHT,0.4804,0.0078,0.5118
SPADES EIGHT DIAMONDS TEN,0.7236,0.0464,0.23
DIAMONDS QUEEN DIAMONDS SEVEN,0.4568,0.0096,0.5336
SPADES JACK HEARTS SEVEN,0.6644,0.1168,0.2188
CLUBS SIX CLUBS FIVE,0.6208,0.0122,0.367
HEARTS THREE CLUBS FOUR,0.6564,0.0154,0.3282
HEARTS QUEEN DIAMONDS FOUR,0.4782,0.0132,0.5086
HEARTS TWO DIAMONDS FOUR,0.6608,0.0146,0.3246
SPADES TEN CLUBS SIX,0.7384,0.0522,0.2094
CLUBS SIX CLUBS FOUR,0.6212,0.0134,0.3654
HEARTS THREE DIAMONDS TEN,0.7286,0.0572,0.2142
DIAMONDS SIX HEARTS EIGHT,0.6592,0.0126,0.3282
HEARTS THREE CLUBS ACE,0.4696,0.0058,0.5246
SPADES KING HEARTS SEVEN,0.4624,0.0066,0.531
SPADES TEN SPADES SIX,0.6904,0.0518,0.2578
CLUBS SIX SPADES EIGHT,0.6796,0.0122,0.3082
SPADES NINE CLUBS TWO,0.7028,0.0182,0.279
CLUBS TEN HEARTS NINE,0.7084,0.0522,0.2394
SPADES FIVE DIAMONDS EIGHT,0.6902,0.0122,0.2976
DIAMONDS NINE SPADES TWO,0.71,0.015,0.275
DIAMONDS KING HEARTS NINE,0.4486,0.007,0.5444
SPADES KING SPADES EIGHT,0.452,0.0078,0.5402
SPADES KING SPADES QUEEN,0.3742,0.009,0.6168
SPADES QUEEN CLUBS ACE,0.402,0.0054,0.5926
CLUBS NINE HEARTS KING,0.4376,0.007,0.5554
SPADES JACK HEARTS QUEEN,0.2742,0.0398,0.686
