opposingHand,winningChance,drawChance,lostChance
HEARTS FIVE HEARTS TWO
HEARTS SIX CLUBS FOUR,0.3646,0.1552,0.4802
SPADES QUEEN HEARTS THREE,0.4202,0.0168,0.563
DIAMONDS THREE DIAMONDS TWO,0.4104,0.3406,0.249
SPADES ACE HEARTS SIX,0.3798,0.0052,0.615
CLUBS THREE DIAMONDS TEN,0.4082,0.0304,0.5614
DIAMONDS NINE CLUBS KING,0.394,0.0072,0.5988
DIAMONDS ACE SPADES SEVEN,0.3914,0.0056,0.603
HEARTS EIGHT HEARTS THREE,0.3598,0.0682,0.572
SPADES THREE DIAMONDS FOUR,0.403,0.2378,0.3592
HEARTS TEN DIAMONDS FOUR,0.396,0.0278,0.5762
SPADES KING SPADES FOUR,0.3816,0.0104,0.608
CLUBS SIX DIAMONDS FOUR,0.3898,0.1474,0.4628
HEARTS FOUR DIAMONDS KING,0.417,0.0076,0.5754
DIAMONDS SIX DIAMONDS FOUR,0.3626,0.1372,0.5002
HEARTS FOUR DIAMONDS SIX,0.3778,0.1526,0.4696
DIAMONDS THREE DIAMONDS ACE,0.3782,0.0054,0.6164
CLUBS JACK HEARTS KING,0.3648,0.006,0.6292
SPADES TEN HEARTS ACE,0.3712,0.0064,0.6224
SPADES ACE HEARTS SEVEN,0.3674,0.0054,0.6272
DIAMONDS TWO HEARTS FOUR,0.4316,0.36,0.2084
CLUBS EIGHT DIAMONDS QUEEN,0.385,0.013,0.602
CLUBS SEVEN SPADES SEVEN,0.191,0.1074,0.7016
SPADES JACK DIAMONDS EIGHT,0.3876,0.0168,0.5956
CLUBS NINE CLUBS SIX,0.3416,0.0392,0.6192
HEARTS EIGHT CLUBS TWO,0.2854,0.1468,0.5678
CLUBS FIVE DIAMONDS QUEEN,0.3042,0.046,0.6498
DIAMONDS QUEEN CLUBS TWO,0.3112,0.0358,0.653
CLUBS SEVEN DIAMONDS EIGHT,0.3732,0.0574,0.5694
DIAMONDS KING CLUBS THREE,0.4166,0.01,0.5734
HEARTS ACE DIAMONDS EIGHT,0.3782,0.0058,0.616
DIAMONDS SEVEN DIAMONDS FOUR,0.3734,0.1002,0.5264
SPADES TEN SPADES SIX,0.3668,0.029,0.6042
CLUBS FIVE DIAMONDS KING,0.298,0.0416,0.6604
HEARTS THREE CLUBS TWO,0.4268,0.3552,0.218
SPADES SEVEN HEARTS NINE,0.3594,0.0392,0.6014
DIAMONDS KING DIAMONDS EIGHT,0.3712,0.0106,0.6182
DIAMONDS TWO DIAMONDS SIX,0.2848,0.2356,0.4796
HEARTS SIX DIAMONDS KING,0.3778,0.0084,0.6138
HEARTS KING SPADES TWO,0.2884,0.025,0.6866
DIAMONDS NINE DIAMONDS SEVEN,0.3488,0.0384,0.6128
CLUBS SIX DIAMONDS FIVE,0.274,0.253,0.473
SPADES NINE SPADES SIX,0.3602,0.0414,0.5984
HEARTS SEVEN SPADES QUEEN,0.3678,0.0134,0.6188
SPADES SIX SPADES FOUR,0.3636,0.147,0.4894
CLUBS TEN CLUBS FIVE,0.2778,0.0814,0.6408
CLUBS EIGHT DIAMONDS KING,0.3878,0.0086,0.6036
HEARTS SIX HEARTS KING,0.3382,0.0102,0.6516
CLUBS EIGHT DIAMONDS SEVEN,0.3696,0.0564,0.574
DIAMONDS TWO CLUBS NINE,0.2984,0.1024,0.5992
DIAMONDS KING DIAMONDS FIVE,0.2792,0.038,0.6828
SPADES SEVEN DIAMONDS JACK,0.3846,0.018,0.5974
CLUBS FIVE DIAMONDS FIVE,0.1382,0.1316,0.7302
DIAMONDS SIX CLUBS QUEEN,0.3998,0.0134,0.5868
DIAMONDS KING DIAMONDS QUEEN,0.3704,0.0092,0.6204
DIAMONDS SEVEN HEARTS TEN,0.3748,0.0246,0.6006
CLUBS NINE SPADES JACK,0.3738,0.016,0.6102
HEARTS FOUR SPADES TEN,0.3982,0.0274,0.5744
CLUBS TEN SPADES NINE,0.3648,0.0252,0.61
CLUBS EIGHT SPADES NINE,0.376,0.0342,0.5898
SPADES KING CLUBS SIX,0.3772,0.0094,0.6134
HEARTS EIGHT CLUBS SEVEN,0.3564,0.057,0.5866
SPADES TEN DIAMONDS QUEEN,0.3856,0.0128,0.6016
CLUBS NINE CLUBS ACE,0.3756,0.0052,0.6192
CLUBS TEN DIAMONDS NINE,0.3814,0.0216,0.597
HEARTS FOUR SPADES NINE,0.4088,0.038,0.5532
CLUBS TEN DIAMONDS KING,0.3844,0.0092,0.6064
SPADES FIVE DIAMONDS SEVEN,0.2836,0.188,0.5284
HEARTS EIGHT HEARTS ACE,0.3246,0.0058,0.6696
DIAMONDS JACK HEARTS TEN,0.3482,0.0172,0.6346
SPADES THREE HEARTS TEN,0.4018,0.0284,0.5698
DIAMONDS SIX HEARTS NINE,0.3704,0.0426,0.587
DIAMONDS QUEEN DIAMONDS EIGHT,0.3708,0.0102,0.619
CLUBS FOUR HEARTS QUEEN,0.3884,0.0176,0.594
SPADES SIX SPADES FIVE,0.2638,0.2514,0.4848
SPADES TWO HEARTS QUEEN,0.2916,0.0382,0.6702
SPADES ACE HEARTS THREE,0.3944,0.0058,0.5998
DIAMONDS QUEEN CLUBS QUEEN,0.1952,0.0326,0.7722
SPADES JACK SPADES SIX,0.3818,0.0206,0.5976
SPADES EIGHT DIAMONDS SIX,0.3718,0.0664,0.5618
DIAMONDS JACK DIAMONDS FOUR,0.3914,0.0194,0.5892
CLUBS SIX CLUBS FOUR,0.3626,0.1454,0.492
CLUBS JACK SPADES TEN,0.3772,0.0142,0.6086
CLUBS FIVE SPADES THREE,0.2772,0.4744,0.2484
SPADES SIX SPADES TWO,0.283,0.2552,0.4618
CLUBS FIVE HEARTS JACK,0.2836,0.0636,0.6528
DIAMONDS QUEEN HEARTS KING,0.3884,0.0096,0.602
CLUBS SEVEN HEARTS NINE,0.3662,0.0414,0.5924
DIAMONDS QUEEN HEARTS TEN,0.3608,0.0114,0.6278
DIAMONDS TWO DIAMONDS TEN,0.2994,0.0734,0.6272
SPADES FIVE HEARTS QUEEN,0.2868,0.0486,0.6646
HEARTS FOUR CLUBS SEVEN,0.3764,0.1016,0.522
DIAMONDS EIGHT HEARTS JACK,0.3656,0.0192,0.6152
SPADES ACE DIAMONDS NINE,0.392,0.0046,0.6034
DIAMONDS TWO SPADES THREE,0.4376,0.3524,0.21
SPADES KING SPADES JACK,0.3714,0.009,0.6196
DIAMONDS JACK DIAMONDS TEN,0.3544,0.0156,0.63
HEARTS EIGHT CLUBS TEN,0.3554,0.0244,0.6202
CLUBS NINE HEARTS KING,0.3774,0.0076,0.615
SPADES KING DIAMONDS TWO,0.2952,0.0268,0.678
DIAMONDS KING CLUBS QUEEN,0.3908,0.0084,0.6008
CLUBS TEN DIAMONDS JACK,0.3826,0.014,0.6034
CLUBS SEVEN DIAMONDS QUEEN,0.3828,0.0136,0.6036
HEARTS FOUR HEARTS KING,0.3452,0.013,0.6418
DIAMONDS TWO HEARTS QUEEN,0.2958,0.0352,0.669
CLUBS FIVE DIAMONDS SEVEN,0.2728,0.2004,0.5268
SPADES JACK DIAMONDS KING,0.3838,0.0082,0.608
HEARTS EIGHT CLUBS NINE,0.3642,0.037,0.5988
HEARTS EIGHT DIAMONDS FOUR,0.3992,0.0646,0.5362
HEARTS FOUR CLUBS THREE,0.3848,0.2354,0.3798
CLUBS TWO SPADES FOUR,0.4372,0.346,0.2168
SPADES KING CLUBS QUEEN,0.3842,0.0064,0.6094
SPADES SEVEN HEARTS TEN,0.3778,0.0256,0.5966
CLUBS NINE DIAMONDS NINE,0.1802,0.0758,0.744
DIAMONDS THREE DIAMONDS TEN,0.3904,0.0232,0.5864
SPADES JACK SPADES FOUR,0.3954,0.02,0.5846
DIAMONDS JACK SPADES FIVE,0.3096,0.0626,0.6278
SPADES TEN DIAMONDS SIX,0.3886,0.0282,0.5832
SPADES ACE CLUBS TEN,0.3774,0.0046,0.618
HEARTS THREE DIAMONDS EIGHT,0.4122,0.0658,0.522
CLUBS ACE HEARTS TEN,0.372,0.0074,0.6206
SPADES QUEEN HEARTS NINE,0.3698,0.0102,0.62
SPADES JACK HEARTS ACE,0.366,0.0052,0.6288
SPADES TEN SPADES FIVE,0.2752,0.076,0.6488
SPADES SEVEN DIAMONDS EIGHT,0.3666,0.0562,0.5772
SPADES TEN HEARTS QUEEN,0.3724,0.0096,0.618
SPADES EIGHT CLUBS TWO,0.3026,0.1328,0.5646
SPADES KING HEARTS QUEEN,0.3662,0.008,0.6258
SPADES NINE DIAMONDS KING,0.4014,0.0074,0.5912
SPADES ACE CLUBS TWO,0.3108,0.0164,0.6728
CLUBS FIVE HEARTS QUEEN,0.2766,0.0534,0.67
DIAMONDS SIX HEARTS TEN,0.3774,0.0284,0.5942
DIAMONDS TWO HEARTS KING,0.298,0.0238,0.6782
CLUBS SIX HEARTS JACK,0.3824,0.0174,0.6002
SPADES TEN SPADES NINE,0.3514,0.0196,0.629
HEARTS SEVEN CLUBS SIX,0.3482,0.0888,0.563
HEARTS ACE DIAMONDS NINE,0.3832,0.0064,0.6104
HEARTS EIGHT SPADES EIGHT,0.189,0.102,0.709
CLUBS NINE CLUBS SEVEN,0.3486,0.039,0.6124
HEARTS ACE HEARTS NINE,0.3406,0.0064,0.653
SPADES EIGHT HEARTS QUEEN,0.3682,0.0112,0.6206
HEARTS THREE SPADES SIX,0.3762,0.149,0.4748
SPADES KING SPADES SEVEN,0.3568,0.0098,0.6334
SPADES NINE HEARTS QUEEN,0.3774,0.0126,0.61
SPADES THREE HEARTS QUEEN,0.3996,0.0144,0.586
CLUBS SIX CLUBS FIVE,0.264,0.2436,0.4924
CLUBS FOUR HEARTS JACK,0.3876,0.0186,0.5938
SPADES QUEEN SPADES TEN,0.3538,0.008,0.6382
SPADES QUEEN SPADES SIX,0.3606,0.0154,0.624
CLUBS EIGHT CLUBS QUEEN,0.3614,0.0118,0.6268
HEARTS THREE CLUBS THREE,0.2424,0.1536,0.604
SPADES ACE DIAMONDS EIGHT,0.3968,0.0056,0.5976
SPADES EIGHT HEARTS TEN,0.3834,0.0256,0.591
SPADES NINE HEARTS TEN,0.3634,0.023,0.6136
SPADES FOUR DIAMONDS NINE,0.4136,0.0432,0.5432
SPADES SIX HEARTS QUEEN,0.3534,0.0156,0.631
HEARTS EIGHT SPADES FIVE,0.2782,0.1438,0.578
CLUBS SEVEN CLUBS ACE,0.372,0.0052,0.6228
SPADES QUEEN CLUBS ACE,0.3854,0.0046,0.61
HEARTS SIX CLUBS THREE,0.3778,0.153,0.4692
SPADES QUEEN DIAMONDS EIGHT,0.3894,0.0118,0.5988
CLUBS SIX SPADES TWO,0.2954,0.2528,0.4518
CLUBS JACK DIAMONDS JACK,0.2074,0.0484,0.7442
CLUBS NINE DIAMONDS SIX,0.3796,0.0442,0.5762
DIAMONDS EIGHT CLUBS KING,0.3954,0.0088,0.5958
CLUBS NINE DIAMONDS FOUR,0.4128,0.0452,0.542
SPADES EIGHT SPADES SEVEN,0.3428,0.0578,0.5994
CLUBS QUEEN DIAMONDS FOUR,0.4164,0.0156,0.568
SPADES TWO CLUBS ACE,0.2852,0.0136,0.7012
SPADES NINE DIAMONDS JACK,0.3796,0.0156,0.6048
CLUBS SIX DIAMONDS SIX,0.1764,0.1186,0.705
SPADES KING DIAMONDS SIX,0.3802,0.0082,0.6116
DIAMONDS KING DIAMONDS TEN,0.3656,0.0094,0.625
DIAMONDS TWO DIAMONDS EIGHT,0.29,0.1258,0.5842
SPADES JACK CLUBS THREE,0.413,0.0208,0.5662
SPADES SIX DIAMONDS SEVEN,0.3528,0.0916,0.5556
CLUBS TEN DIAMONDS SEVEN,0.3888,0.024,0.5872
CLUBS TEN CLUBS TWO,0.2914,0.0624,0.6462
HEARTS SIX SPADES FIVE,0.274,0.2514,0.4746
DIAMONDS TWO CLUBS FIVE,0.0716,0.9084,0.02
CLUBS ACE DIAMONDS SIX,0.3868,0.0042,0.609
HEARTS FOUR DIAMONDS JACK,0.4078,0.0202,0.572
HEARTS SIX HEARTS NINE,0.3274,0.044,0.6286
SPADES SIX CLUBS THREE,0.398,0.1546,0.4474
DIAMONDS TWO DIAMONDS QUEEN,0.2912,0.0338,0.675
CLUBS NINE SPADES FOUR,0.4168,0.0434,0.5398
CLUBS ACE HEARTS NINE,0.372,0.0056,0.6224
DIAMONDS ACE DIAMONDS KING,0.37,0.0044,0.6256
DIAMONDS QUEEN SPADES SIX,0.382,0.0146,0.6034
CLUBS FOUR DIAMONDS FIVE,0.2572,0.4628,0.28
HEARTS SEVEN HEARTS ACE,0.3244,0.0072,0.6684
CLUBS TEN HEARTS FOUR,0.4042,0.03,0.5658
CLUBS TEN DIAMONDS TEN,0.1932,0.0686,0.7382
CLUBS SEVEN HEARTS KING,0.3706,0.008,0.6214
SPADES KING DIAMONDS JACK,0.3904,0.008,0.6016
HEARTS THREE CLUBS FIVE,0.2494,0.4976,0.253
SPADES ACE CLUBS SIX,0.3964,0.0044,0.5992
SPADES FIVE CLUBS TWO,0.0684,0.9112,0.0204
HEARTS FOUR DIAMONDS FOUR,0.256,0.1502,0.5938
SPADES KING HEARTS SEVEN,0.3856,0.0086,0.6058
CLUBS EIGHT SPADES FIVE,0.291,0.1544,0.5546
HEARTS EIGHT SPADES SIX,0.3652,0.0692,0.5656
DIAMONDS THREE HEARTS NINE,0.4042,0.0448,0.551
SPADES QUEEN DIAMONDS JACK,0.3764,0.0116,0.612
HEARTS SIX DIAMONDS QUEEN,0.3704,0.014,0.6156
HEARTS ACE DIAMONDS SEVEN,0.3692,0.0052,0.6256
CLUBS SEVEN SPADES FIVE,0.2778,0.1932,0.529
CLUBS FOUR CLUBS KING,0.3804,0.0088,0.6108
HEARTS FOUR CLUBS ACE,0.3986,0.0054,0.596
SPADES FOUR HEARTS KING,0.386,0.012,0.602
CLUBS SIX SPADES THREE,0.4014,0.1522,0.4464
CLUBS NINE DIAMONDS KING,0.3922,0.0068,0.601
CLUBS FOUR DIAMONDS JACK,0.4132,0.019,0.5678
HEARTS EIGHT DIAMONDS ACE,0.3674,0.0046,0.628
SPADES KING DIAMONDS FIVE,0.2916,0.0434,0.665
DIAMONDS JACK DIAMONDS EIGHT,0.3712,0.018,0.6108
DIAMONDS NINE HEARTS NINE,0.1878,0.0818,0.7304
CLUBS FOUR DIAMONDS SEVEN,0.3862,0.1002,0.5136
DIAMONDS ACE CLUBS TWO,0.308,0.0152,0.6768
SPADES ACE DIAMONDS ACE,0.1892,0.0056,0.8052
HEARTS SEVEN SPADES TWO,0.3024,0.1894,0.5082
SPADES FIVE DIAMONDS FOUR,0.2612,0.4738,0.265
DIAMONDS THREE DIAMONDS SEVEN,0.37,0.0998,0.5302
DIAMONDS TWO SPADES SIX,0.296,0.244,0.46
CLUBS NINE SPADES FIVE,0.2944,0.1134,0.5922
HEARTS THREE DIAMONDS FIVE,0.2564,0.4942,0.2494
HEARTS SIX CLUBS KING,0.375,0.0066,0.6184
SPADES THREE DIAMONDS SIX,0.3778,0.1562,0.466
HEARTS THREE DIAMONDS SEVEN,0.3908,0.0972,0.512
DIAMONDS KING DIAMONDS SIX,0.3746,0.0086,0.6168
CLUBS NINE CLUBS QUEEN,0.3722,0.0118,0.616
CLUBS TEN HEARTS TEN,0.1898,0.0634,0.7468
SPADES QUEEN CLUBS SEVEN,0.3904,0.0126,0.597
HEARTS QUEEN DIAMONDS SIX,0.3804,0.0136,0.606
DIAMONDS THREE CLUBS TEN,0.4016,0.0308,0.5676
SPADES FOUR DIAMONDS EIGHT,0.3952,0.0678,0.537
HEARTS ACE DIAMONDS FIVE,0.2586,0.0278,0.7136
CLUBS FIVE CLUBS QUEEN,0.2848,0.0528,0.6624
SPADES SEVEN SPADES FOUR,0.363,0.0956,0.5414
HEARTS ACE CLUBS ACE,0.1692,0.0028,0.828
CLUBS SEVEN DIAMONDS NINE,0.3706,0.04,0.5894
SPADES SIX HEARTS KING,0.376,0.0088,0.6152
CLUBS JACK DIAMONDS TWO,0.3152,0.0496,0.6352
CLUBS TEN DIAMONDS QUEEN,0.3748,0.0122,0.613
SPADES KING DIAMONDS EIGHT,0.4062,0.0088,0.585
DIAMONDS KING CLUBS KING,0.1964,0.023,0.7806
DIAMONDS SEVEN HEARTS NINE,0.3588,0.042,0.5992
SPADES KING DIAMONDS NINE,0.3742,0.006,0.6198
SPADES JACK CLUBS FOUR,0.402,0.0238,0.5742
CLUBS TEN SPADES TEN,0.196,0.0594,0.7446
HEARTS KING HEARTS NINE,0.3408,0.008,0.6512
CLUBS TEN HEARTS THREE,0.4076,0.028,0.5644
SPADES QUEEN CLUBS TWO,0.3108,0.0394,0.6498
SPADES QUEEN DIAMONDS TEN,0.3836,0.0102,0.6062
SPADES QUEEN CLUBS EIGHT,0.3978,0.0088,0.5934
SPADES EIGHT SPADES FIVE,0.2852,0.14,0.5748
CLUBS FOUR DIAMONDS QUEEN,0.4118,0.0148,0.5734
SPADES JACK HEARTS NINE,0.3624,0.0178,0.6198
SPADES FIVE DIAMONDS FIVE,0.1354,0.1262,0.7384
DIAMONDS TEN DIAMONDS SEVEN,0.3598,0.0238,0.6164
DIAMONDS SEVEN CLUBS KING,0.3816,0.008,0.6104
CLUBS TWO DIAMONDS EIGHT,0.301,0.1428,0.5562
DIAMONDS TEN CLUBS QUEEN,0.3716,0.0106,0.6178
CLUBS EIGHT DIAMONDS NINE,0.3778,0.0414,0.5808
HEARTS KING DIAMONDS FIVE,0.2806,0.0432,0.6762
CLUBS SEVEN SPADES FOUR,0.3912,0.093,0.5158
HEARTS JACK HEARTS TEN,0.308,0.0196,0.6724
CLUBS NINE HEARTS NINE,0.1814,0.0812,0.7374
SPADES THREE DIAMONDS FIVE,0.262,0.4788,0.2592
DIAMONDS TWO HEARTS NINE,0.291,0.0996,0.6094
CLUBS NINE SPADES TWO,0.3044,0.1038,0.5918
CLUBS JACK HEARTS NINE,0.3658,0.0142,0.62
DIAMONDS ACE HEARTS NINE,0.3742,0.0062,0.6196
CLUBS EIGHT CLUBS THREE,0.3892,0.0616,0.5492
SPADES NINE DIAMONDS EIGHT,0.3656,0.0344,0.6
CLUBS TEN SPADES FIVE,0.3062,0.0774,0.6164
CLUBS JACK CLUBS NINE,0.359,0.0146,0.6264
CLUBS JACK CLUBS FIVE,0.2834,0.066,0.6506
HEARTS THREE SPADES EIGHT,0.4086,0.0684,0.523
HEARTS SEVEN DIAMONDS SIX,0.347,0.1022,0.5508
SPADES TEN DIAMONDS FOUR,0.403,0.031,0.566
DIAMONDS TWO CLUBS SIX,0.2902,0.258,0.4518
DIAMONDS TWO CLUBS TWO,0.2924,0.1164,0.5912
HEARTS SIX DIAMONDS FIVE,0.2606,0.271,0.4684
DIAMONDS QUEEN CLUBS ACE,0.387,0.0046,0.6084
HEARTS SIX HEARTS QUEEN,0.3268,0.0154,0.6578
SPADES JACK DIAMONDS QUEEN,0.3862,0.011,0.6028
HEARTS QUEEN CLUBS ACE,0.3788,0.0056,0.6156
HEARTS SEVEN CLUBS EIGHT,0.3536,0.0558,0.5906
HEARTS THREE DIAMONDS QUEEN,0.407,0.0178,0.5752
SPADES NINE DIAMONDS QUEEN,0.393,0.0104,0.5966
SPADES KING SPADES QUEEN,0.3736,0.0094,0.617
DIAMONDS QUEEN DIAMONDS FOUR,0.386,0.012,0.602
HEARTS NINE DIAMONDS FOUR,0.3964,0.0452,0.5584
DIAMONDS TWO DIAMONDS SEVEN,0.2916,0.1824,0.526
CLUBS SEVEN DIAMONDS KING,0.3802,0.0076,0.6122
DIAMONDS THREE SPADES FIVE,0.262,0.4888,0.2492
SPADES TEN HEARTS JACK,0.3666,0.0172,0.6162
HEARTS SIX SPADES THREE,0.373,0.161,0.466
HEARTS SIX SPADES NINE,0.3678,0.0428,0.5894
HEARTS KING DIAMONDS SEVEN,0.3638,0.009,0.6272
HEARTS SIX SPADES SIX,0.1648,0.1238,0.7114
HEARTS FOUR SPADES FIVE,0.2352,0.4922,0.2726
CLUBS SEVEN SPADES EIGHT,0.3664,0.0542,0.5794
CLUBS FIVE DIAMONDS EIGHT,0.2984,0.1442,0.5574
SPADES JACK DIAMONDS JACK,0.2018,0.0476,0.7506
SPADES KING SPADES NINE,0.3698,0.0078,0.6224
SPADES EIGHT CLUBS KING,0.3772,0.0064,0.6164
SPADES EIGHT DIAMONDS EIGHT,0.1942,0.093,0.7128
CLUBS JACK SPADES SEVEN,0.3748,0.0204,0.6048
SPADES QUEEN SPADES SEVEN,0.363,0.0124,0.6246
SPADES ACE HEARTS FOUR,0.385,0.0072,0.6078
SPADES TWO CLUBS KING,0.3088,0.0246,0.6666
SPADES ACE HEARTS ACE,0.1702,0.005,0.8248
SPADES JACK HEARTS FOUR,0.409,0.0214,0.5696
CLUBS TEN DIAMONDS FOUR,0.3954,0.0314,0.5732
DIAMONDS TWO DIAMONDS KING,0.2806,0.0238,0.6956
CLUBS NINE DIAMONDS QUEEN,0.3814,0.0084,0.6102
DIAMONDS KING DIAMONDS FOUR,0.3922,0.0112,0.5966
HEARTS SIX SPADES SEVEN,0.3528,0.0904,0.5568
HEARTS SIX SPADES TWO,0.283,0.256,0.461
DIAMONDS NINE SPADES THREE,0.4076,0.0474,0.545
HEARTS FOUR CLUBS QUEEN,0.4086,0.0142,0.5772
CLUBS TEN DIAMONDS ACE,0.386,0.0038,0.6102
HEARTS SIX SPADES EIGHT,0.3664,0.064,0.5696
DIAMONDS THREE DIAMONDS SIX,0.3736,0.1312,0.4952
CLUBS JACK HEARTS EIGHT,0.3628,0.0174,0.6198
HEARTS SEVEN CLUBS FIVE,0.2642,0.1912,0.5446
HEARTS EIGHT DIAMONDS SIX,0.356,0.0602,0.5838
HEARTS FOUR HEARTS JACK,0.3582,0.0216,0.6202
HEARTS EIGHT SPADES THREE,0.4026,0.0654,0.532
CLUBS EIGHT DIAMONDS TEN,0.3862,0.0252,0.5886
SPADES NINE SPADES FOUR,0.387,0.0414,0.5716
HEARTS THREE CLUBS SIX,0.3816,0.1572,0.4612
SPADES QUEEN DIAMONDS SEVEN,0.3946,0.013,0.5924
CLUBS TWO DIAMONDS NINE,0.325,0.0948,0.5802
SPADES SEVEN SPADES THREE,0.3714,0.0906,0.538
DIAMONDS EIGHT DIAMONDS SEVEN,0.3498,0.055,0.5952
SPADES EIGHT CLUBS ACE,0.3866,0.0044,0.609
SPADES JACK CLUBS SIX,0.3868,0.0184,0.5948
HEARTS FOUR CLUBS FIVE,0.2478,0.471,0.2812
SPADES KING SPADES FIVE,0.283,0.036,0.681
CLUBS FOUR HEARTS TEN,0.3906,0.0288,0.5806
SPADES FOUR DIAMONDS SIX,0.373,0.1506,0.4764
CLUBS TWO HEARTS JACK,0.3098,0.051,0.6392
SPADES JACK SPADES TWO,0.284,0.0524,0.6636
DIAMONDS NINE DIAMONDS FOUR,0.3826,0.038,0.5794
SPADES FOUR HEARTS NINE,0.3924,0.0416,0.566
HEARTS SIX DIAMONDS JACK,0.3714,0.0226,0.606
DIAMONDS KING DIAMONDS NINE,0.3702,0.0086,0.6212
SPADES ACE DIAMONDS TWO,0.2978,0.0138,0.6884
CLUBS SIX DIAMONDS ACE,0.3916,0.0056,0.6028
SPADES EIGHT DIAMONDS NINE,0.3738,0.0358,0.5904
HEARTS EIGHT CLUBS QUEEN,0.3894,0.0154,0.5952
DIAMONDS JACK CLUBS TWO,0.2994,0.0556,0.645
DIAMONDS EIGHT CLUBS QUEEN,0.3968,0.0108,0.5924
CLUBS THREE CLUBS KING,0.3836,0.0098,0.6066
SPADES ACE SPADES SIX,0.3682,0.0048,0.627
CLUBS ACE DIAMONDS FOUR,0.4126,0.005,0.5824
SPADES SIX CLUBS KING,0.3882,0.0088,0.603
HEARTS THREE CLUBS QUEEN,0.406,0.0132,0.5808
DIAMONDS EIGHT HEARTS NINE,0.3618,0.0426,0.5956
HEARTS JACK CLUBS KING,0.3622,0.0058,0.632
HEARTS EIGHT DIAMONDS QUEEN,0.3816,0.0144,0.604
DIAMONDS THREE HEARTS SIX,0.384,0.1448,0.4712
SPADES ACE HEARTS NINE,0.3784,0.0056,0.616
SPADES NINE DIAMONDS ACE,0.3868,0.005,0.6082
CLUBS TEN CLUBS SIX,0.3548,0.0324,0.6128
SPADES FOUR HEARTS ACE,0.3822,0.0064,0.6114
SPADES ACE DIAMONDS SEVEN,0.3866,0.0044,0.609
SPADES KING CLUBS THREE,0.4244,0.0094,0.5662
CLUBS NINE SPADES EIGHT,0.3662,0.0374,0.5964
DIAMONDS TWO CLUBS EIGHT,0.3096,0.1432,0.5472
CLUBS FOUR CLUBS QUEEN,0.3946,0.013,0.5924
SPADES FIVE HEARTS KING,0.2834,0.0346,0.682
HEARTS THREE HEARTS JACK,0.361,0.0244,0.6146
CLUBS JACK CLUBS FOUR,0.3926,0.019,0.5884
CLUBS JACK DIAMONDS ACE,0.3842,0.0046,0.6112
DIAMONDS THREE CLUBS FIVE,0.277,0.4644,0.2586
SPADES TEN SPADES THREE,0.3818,0.031,0.5872
SPADES NINE DIAMONDS NINE,0.1824,0.0852,0.7324
SPADES SIX DIAMONDS EIGHT,0.3712,0.0638,0.565
DIAMONDS EIGHT DIAMONDS FIVE,0.2944,0.1336,0.572
CLUBS JACK HEARTS FOUR,0.4026,0.0238,0.5736
SPADES SIX DIAMONDS FIVE,0.2786,0.2502,0.4712
CLUBS JACK SPADES KING,0.3936,0.0092,0.5972
CLUBS TEN SPADES QUEEN,0.3712,0.0104,0.6184
DIAMONDS QUEEN SPADES FIVE,0.2926,0.0484,0.659
SPADES QUEEN DIAMONDS FIVE,0.2832,0.0514,0.6654
HEARTS FOUR HEARTS NINE,0.3548,0.0476,0.5976
SPADES FIVE CLUBS ACE,0.2872,0.027,0.6858
DIAMONDS THREE DIAMONDS KING,0.384,0.0084,0.6076
DIAMONDS NINE DIAMONDS EIGHT,0.3438,0.039,0.6172
CLUBS THREE CLUBS ACE,0.361,0.0058,0.6332
HEARTS EIGHT DIAMONDS THREE,0.3938,0.0666,0.5396
SPADES TEN DIAMONDS EIGHT,0.3672,0.0254,0.6074
DIAMONDS ACE CLUBS QUEEN,0.3898,0.0044,0.6058
DIAMONDS THREE CLUBS SIX,0.3912,0.1598,0.449
CLUBS JACK DIAMONDS KING,0.3998,0.0076,0.5926
DIAMONDS THREE DIAMONDS FOUR,0.3808,0.2258,0.3934
DIAMONDS TWO SPADES NINE,0.3126,0.098,0.5894
CLUBS EIGHT DIAMONDS SIX,0.3752,0.054,0.5708
SPADES QUEEN CLUBS SIX,0.3952,0.0136,0.5912
DIAMONDS ACE SPADES EIGHT,0.397,0.004,0.599
HEARTS ACE SPADES THREE,0.3822,0.0062,0.6116
SPADES NINE DIAMONDS TEN,0.3756,0.0292,0.5952
DIAMONDS ACE DIAMONDS JACK,0.3766,0.0058,0.6176
CLUBS EIGHT DIAMONDS JACK,0.3896,0.0172,0.5932
DIAMONDS THREE CLUBS ACE,0.413,0.0062,0.5808
HEARTS FOUR SPADES EIGHT,0.3934,0.068,0.5386
DIAMONDS QUEEN DIAMONDS FIVE,0.279,0.049,0.672
DIAMONDS TEN SPADES FOUR,0.4052,0.0326,0.5622
SPADES ACE CLUBS EIGHT,0.3816,0.0044,0.614
HEARTS SEVEN SPADES NINE,0.367,0.046,0.587
DIAMONDS QUEEN SPADES THREE,0.4172,0.0156,0.5672
SPADES FIVE DIAMONDS TEN,0.2988,0.0834,0.6178
CLUBS TEN CLUBS THREE,0.3874,0.0334,0.5792
SPADES QUEEN DIAMONDS QUEEN,0.2088,0.0362,0.755
CLUBS EIGHT CLUBS FIVE,0.262,0.1456,0.5924
SPADES TEN CLUBS TWO,0.3106,0.0664,0.623
SPADES TEN DIAMONDS NINE,0.3766,0.025,0.5984
DIAMONDS TWO DIAMONDS ACE,0.2844,0.0148,0.7008
DIAMONDS TWO DIAMONDS NINE,0.3024,0.099,0.5986
CLUBS NINE CLUBS FIVE,0.2834,0.1054,0.6112
SPADES EIGHT SPADES TWO,0.2966,0.1324,0.571
SPADES TEN DIAMONDS SEVEN,0.385,0.0284,0.5866
DIAMONDS KING SPADES SEVEN,0.397,0.0072,0.5958
DIAMONDS THREE CLUBS TWO,0.4446,0.3464,0.209
HEARTS SIX HEARTS JACK,0.3384,0.0234,0.6382
CLUBS EIGHT HEARTS JACK,0.3584,0.0194,0.6222
DIAMONDS JACK HEARTS QUEEN,0.3818,0.0084,0.6098
CLUBS JACK HEARTS SEVEN,0.3712,0.0198,0.609
SPADES NINE SPADES FIVE,0.286,0.0984,0.6156
DIAMONDS THREE CLUBS THREE,0.2624,0.1484,0.5892
SPADES NINE HEARTS ACE,0.3776,0.0044,0.618
DIAMONDS SEVEN DIAMONDS SIX,0.3372,0.0802,0.5826
CLUBS JACK CLUBS SIX,0.364,0.0208,0.6152
HEARTS EIGHT HEARTS FOUR,0.3446,0.0716,0.5838
DIAMONDS TWO CLUBS THREE,0.445,0.3476,0.2074
DIAMONDS TEN HEARTS TEN,0.1904,0.0642,0.7454
HEARTS EIGHT DIAMONDS TWO,0.2872,0.14,0.5728
CLUBS TEN CLUBS KING,0.3602,0.0074,0.6324
CLUBS KING DIAMONDS FIVE,0.2878,0.0406,0.6716
SPADES KING CLUBS TWO,0.3114,0.0248,0.6638
HEARTS SEVEN CLUBS FOUR,0.3704,0.108,0.5216
DIAMONDS KING SPADES TWO,0.309,0.0264,0.6646
CLUBS EIGHT DIAMONDS ACE,0.3828,0.004,0.6132
DIAMONDS ACE DIAMONDS FOUR,0.373,0.0074,0.6196
DIAMONDS THREE SPADES TEN,0.4186,0.0336,0.5478
SPADES QUEEN DIAMONDS FOUR,0.4128,0.014,0.5732
CLUBS ACE HEARTS JACK,0.382,0.005,0.613
DIAMONDS ACE CLUBS FIVE,0.2706,0.0302,0.6992
DIAMONDS THREE HEARTS FOUR,0.3988,0.2326,0.3686
SPADES FIVE SPADES TWO,0.07,0.8586,0.0714
DIAMONDS TWO SPADES FOUR,0.4364,0.348,0.2156
HEARTS SIX DIAMONDS NINE,0.3702,0.0406,0.5892
SPADES TEN DIAMONDS TEN,0.1992,0.069,0.7318
HEARTS FOUR SPADES FOUR,0.2442,0.1462,0.6096
DIAMONDS JACK DIAMONDS SEVEN,0.3748,0.0206,0.6046
SPADES ACE SPADES THREE,0.3802,0.0068,0.613
CLUBS JACK DIAMONDS FIVE,0.2948,0.0628,0.6424
CLUBS NINE CLUBS FOUR,0.398,0.0422,0.5598
DIAMONDS ACE CLUBS THREE,0.3946,0.0052,0.6002
SPADES SEVEN DIAMONDS FOUR,0.3908,0.0952,0.514
SPADES THREE CLUBS ACE,0.3828,0.0062,0.611
DIAMONDS THREE DIAMONDS QUEEN,0.3928,0.0138,0.5934
HEARTS EIGHT SPADES JACK,0.371,0.0224,0.6066
CLUBS SEVEN CLUBS FIVE,0.2642,0.182,0.5538
CLUBS THREE HEARTS JACK,0.414,0.0206,0.5654
DIAMONDS QUEEN HEARTS QUEEN,0.1828,0.0398,0.7774
DIAMONDS EIGHT HEARTS QUEEN,0.3668,0.0124,0.6208
SPADES KING HEARTS ACE,0.3806,0.006,0.6134
SPADES SEVEN HEARTS JACK,0.3698,0.0168,0.6134
CLUBS THREE SPADES FOUR,0.4054,0.227,0.3676
HEARTS QUEEN HEARTS JACK,0.337,0.0132,0.6498
SPADES FOUR SPADES THREE,0.382,0.2234,0.3946
SPADES THREE HEARTS JACK,0.4052,0.0192,0.5756
CLUBS EIGHT DIAMONDS EIGHT,0.1848,0.0924,0.7228
CLUBS TEN SPADES SEVEN,0.379,0.032,0.589
HEARTS QUEEN DIAMONDS SEVEN,0.3826,0.0162,0.6012
CLUBS JACK DIAMONDS QUEEN,0.3754,0.012,0.6126
CLUBS THREE HEARTS NINE,0.398,0.0442,0.5578
CLUBS SEVEN SPADES TWO,0.3284,0.1802,0.4914
SPADES ACE CLUBS FIVE,0.2826,0.0282,0.6892
SPADES EIGHT SPADES THREE,0.3974,0.0682,0.5344
HEARTS SEVEN DIAMONDS NINE,0.3678,0.0386,0.5936
SPADES ACE DIAMONDS TEN,0.3896,0.0058,0.6046
DIAMONDS KING DIAMONDS SEVEN,0.362,0.0082,0.6298
DIAMONDS QUEEN DIAMONDS TEN,0.3618,0.0114,0.6268
CLUBS FIVE SPADES FOUR,0.2612,0.457,0.2818
CLUBS EIGHT HEARTS ACE,0.3654,0.0054,0.6292
SPADES SIX SPADES THREE,0.3772,0.1392,0.4836
CLUBS NINE DIAMONDS JACK,0.3802,0.015,0.6048
CLUBS SEVEN CLUBS TWO,0.2924,0.1856,0.522
DIAMONDS FIVE DIAMONDS FOUR,0.2576,0.4398,0.3026
CLUBS JACK DIAMONDS SIX,0.3902,0.0168,0.593
DIAMONDS THREE DIAMONDS JACK,0.3928,0.0204,0.5868
SPADES NINE DIAMONDS FOUR,0.4116,0.051,0.5374
CLUBS SIX CLUBS KING,0.3716,0.0084,0.62
CLUBS JACK DIAMONDS SEVEN,0.3642,0.0192,0.6166
CLUBS FIVE CLUBS THREE,0.2484,0.4698,0.2818
CLUBS JACK SPADES JACK,0.2038,0.0452,0.751
SPADES TWO HEARTS NINE,0.2972,0.1034,0.5994
CLUBS TEN CLUBS FOUR,0.3936,0.0316,0.5748
SPADES SIX CLUBS TWO,0.2944,0.26,0.4456
CLUBS NINE CLUBS THREE,0.39,0.0442,0.5658
CLUBS TEN HEARTS QUEEN,0.367,0.0092,0.6238
SPADES QUEEN SPADES TWO,0.2996,0.0408,0.6596
HEARTS EIGHT CLUBS KING,0.384,0.0078,0.6082
SPADES ACE HEARTS KING,0.3704,0.0058,0.6238
CLUBS EIGHT CLUBS ACE,0.3682,0.0048,0.627
CLUBS FIVE DIAMONDS SIX,0.2834,0.2522,0.4644
HEARTS QUEEN CLUBS QUEEN,0.1706,0.0358,0.7936
HEARTS FOUR HEARTS TEN,0.346,0.0328,0.6212
SPADES NINE HEARTS JACK,0.3642,0.0184,0.6174
DIAMONDS ACE SPADES THREE,0.4116,0.0054,0.583
DIAMONDS JACK CLUBS QUEEN,0.3772,0.0116,0.6112
CLUBS SIX DIAMONDS NINE,0.3686,0.0454,0.586
SPADES KING CLUBS ACE,0.385,0.0056,0.6094
SPADES FIVE HEARTS TEN,0.277,0.0814,0.6416
HEARTS FOUR DIAMONDS TEN,0.3824,0.0294,0.5882
SPADES TEN DIAMONDS KING,0.3824,0.0084,0.6092
CLUBS NINE HEARTS FOUR,0.4056,0.0466,0.5478
HEARTS ACE DIAMONDS FOUR,0.386,0.005,0.609
CLUBS NINE DIAMONDS ACE,0.3956,0.0046,0.5998
CLUBS FIVE DIAMONDS TEN,0.3026,0.0724,0.625
HEARTS SIX CLUBS TWO,0.272,0.2634,0.4646
HEARTS SEVEN HEARTS KING,0.3308,0.0092,0.66
CLUBS SEVEN DIAMONDS TEN,0.3902,0.027,0.5828
DIAMONDS THREE SPADES SEVEN,0.41,0.0992,0.4908
DIAMONDS JACK CLUBS ACE,0.3838,0.0038,0.6124
HEARTS SEVEN DIAMONDS KING,0.3688,0.0096,0.6216
HEARTS SIX CLUBS SIX,0.1682,0.1214,0.7104
CLUBS EIGHT HEARTS FOUR,0.3946,0.0656,0.5398
HEARTS THREE DIAMONDS FOUR,0.3948,0.2346,0.3706
SPADES QUEEN CLUBS FIVE,0.2846,0.0562,0.6592
HEARTS ACE HEARTS KING,0.333,0.006,0.661
CLUBS SIX HEARTS ACE,0.3696,0.0066,0.6238
SPADES THREE CLUBS KING,0.4176,0.0096,0.5728
SPADES JACK CLUBS KING,0.3932,0.0076,0.5992
SPADES QUEEN DIAMONDS SIX,0.3888,0.0106,0.6006
DIAMONDS JACK SPADES TWO,0.3086,0.0476,0.6438
CLUBS EIGHT CLUBS FOUR,0.3888,0.0618,0.5494
SPADES QUEEN HEARTS KING,0.3704,0.0066,0.623
HEARTS THREE SPADES NINE,0.4042,0.0412,0.5546
CLUBS FOUR CLUBS THREE,0.3886,0.2164,0.395
SPADES NINE DIAMONDS SIX,0.369,0.0404,0.5906
SPADES SEVEN CLUBS TWO,0.3174,0.1884,0.4942
SPADES NINE CLUBS THREE,0.4214,0.0444,0.5342
SPADES KING DIAMONDS ACE,0.3852,0.0034,0.6114
CLUBS EIGHT SPADES FOUR,0.4114,0.0622,0.5264
SPADES ACE SPADES EIGHT,0.3656,0.006,0.6284
SPADES TWO DIAMONDS SEVEN,0.3062,0.1898,0.504
SPADES SEVEN CLUBS ACE,0.3846,0.0044,0.611
HEARTS SEVEN DIAMONDS SEVEN,0.1758,0.1092,0.715
DIAMONDS TWO HEARTS TEN,0.298,0.0796,0.6224
HEARTS THREE HEARTS ACE,0.3516,0.0066,0.6418
SPADES JACK HEARTS THREE,0.4182,0.0198,0.562
SPADES TWO DIAMONDS SIX,0.3024,0.2488,0.4488
HEARTS FOUR CLUBS KING,0.4092,0.0096,0.5812
CLUBS FIVE DIAMONDS JACK,0.2902,0.0626,0.6472
DIAMONDS SEVEN HEARTS JACK,0.3686,0.0208,0.6106
CLUBS EIGHT HEARTS QUEEN,0.3688,0.0142,0.617
CLUBS SEVEN CLUBS FOUR,0.3644,0.0934,0.5422
SPADES EIGHT HEARTS KING,0.3784,0.009,0.6126
CLUBS JACK SPADES SIX,0.3908,0.0202,0.589
SPADES FOUR DIAMONDS FIVE,0.2646,0.4612,0.2742
CLUBS TEN SPADES EIGHT,0.3826,0.026,0.5914
SPADES KING HEARTS JACK,0.3616,0.0094,0.629
SPADES NINE CLUBS FIVE,0.296,0.1108,0.5932
CLUBS FIVE SPADES FIVE,0.1322,0.1332,0.7346
SPADES ACE HEARTS QUEEN,0.3772,0.0048,0.618
CLUBS NINE DIAMONDS FIVE,0.3004,0.0986,0.601
DIAMONDS ACE SPADES FOUR,0.4056,0.0028,0.5916
CLUBS EIGHT CLUBS KING,0.3714,0.0096,0.619
CLUBS EIGHT SPADES TEN,0.3844,0.0244,0.5912
HEARTS FOUR SPADES SEVEN,0.3828,0.099,0.5182
CLUBS SIX DIAMONDS SEVEN,0.3576,0.094,0.5484
SPADES SEVEN DIAMONDS SIX,0.3572,0.1,0.5428
DIAMONDS THREE SPADES SIX,0.393,0.15,0.457
SPADES FIVE HEARTS JACK,0.284,0.0718,0.6442
CLUBS FOUR DIAMONDS FOUR,0.2658,0.1434,0.5908
HEARTS THREE DIAMONDS TEN,0.4076,0.034,0.5584
SPADES FOUR CLUBS QUEEN,0.4048,0.0148,0.5804
SPADES QUEEN SPADES THREE,0.396,0.0148,0.5892
SPADES JACK HEARTS KING,0.3586,0.0092,0.6322
CLUBS TWO DIAMONDS FIVE,0.073,0.9086,0.0184
DIAMONDS TEN DIAMONDS EIGHT,0.36,0.029,0.611
HEARTS SIX CLUBS EIGHT,0.3542,0.0616,0.5842
CLUBS TEN DIAMONDS TWO,0.3062,0.0712,0.6226
DIAMONDS THREE HEARTS SEVEN,0.378,0.1016,0.5204
CLUBS FIVE HEARTS ACE,0.267,0.0266,0.7064
CLUBS JACK HEARTS TEN,0.3558,0.017,0.6272
CLUBS TEN CLUBS NINE,0.356,0.0212,0.6228
SPADES ACE CLUBS KING,0.3956,0.0042,0.6002
SPADES JACK DIAMONDS FOUR,0.4106,0.0202,0.5692
CLUBS EIGHT HEARTS TEN,0.3772,0.0226,0.6002
SPADES EIGHT DIAMONDS KING,0.395,0.0078,0.5972
SPADES SIX CLUBS QUEEN,0.3854,0.0128,0.6018
CLUBS SIX DIAMONDS TEN,0.3782,0.0258,0.596
DIAMONDS TWO CLUBS ACE,0.2908,0.0168,0.6924
HEARTS SEVEN HEARTS FOUR,0.3388,0.1014,0.5598
CLUBS TWO SPADES THREE,0.4434,0.3426,0.214
HEARTS SIX SPADES FOUR,0.3592,0.1542,0.4866
DIAMONDS THREE HEARTS ACE,0.3928,0.0072,0.6
HEARTS EIGHT HEARTS JACK,0.331,0.018,0.651
DIAMONDS TEN HEARTS QUEEN,0.3624,0.0148,0.6228
CLUBS JACK SPADES FOUR,0.4176,0.0212,0.5612
HEARTS SEVEN DIAMONDS ACE,0.3822,0.0044,0.6134
HEARTS ACE DIAMONDS SIX,0.381,0.0064,0.6126
CLUBS SEVEN SPADES SIX,0.3574,0.0906,0.552
CLUBS FOUR DIAMONDS TEN,0.4118,0.028,0.5602
HEARTS SEVEN HEARTS QUEEN,0.3416,0.0134,0.645
DIAMONDS KING HEARTS KING,0.1928,0.0208,0.7864
DIAMONDS QUEEN HEARTS NINE,0.3714,0.0104,0.6182
HEARTS SIX HEARTS TEN,0.3252,0.0286,0.6462
HEARTS THREE DIAMONDS ACE,0.399,0.007,0.594
CLUBS FIVE CLUBS FOUR,0.2496,0.44,0.3104
SPADES KING CLUBS EIGHT,0.3962,0.0092,0.5946
SPADES FIVE HEARTS NINE,0.2802,0.1062,0.6136
DIAMONDS JACK CLUBS KING,0.3846,0.0086,0.6068
SPADES NINE CLUBS SIX,0.3836,0.0422,0.5742
HEARTS THREE SPADES TWO,0.4192,0.3718,0.209
DIAMONDS ACE HEARTS TEN,0.3708,0.0046,0.6246
SPADES TEN CLUBS KING,0.389,0.0064,0.6046
HEARTS FOUR HEARTS ACE,0.3382,0.0068,0.655
HEARTS SEVEN SPADES SEVEN,0.176,0.1076,0.7164
CLUBS EIGHT SPADES THREE,0.412,0.0662,0.5218
SPADES TEN SPADES TWO,0.2952,0.068,0.6368
HEARTS EIGHT DIAMONDS EIGHT,0.178,0.0914,0.7306
HEARTS EIGHT CLUBS FOUR,0.3826,0.064,0.5534
CLUBS FOUR CLUBS TWO,0.4128,0.3352,0.252
HEARTS THREE SPADES SEVEN,0.387,0.1012,0.5118
HEARTS EIGHT SPADES TWO,0.2878,0.1394,0.5728
SPADES TEN DIAMONDS JACK,0.3772,0.0142,0.6086
DIAMONDS TWO DIAMONDS FIVE,0.077,0.8546,0.0684
SPADES SIX DIAMONDS TEN,0.3888,0.0308,0.5804
SPADES TEN SPADES EIGHT,0.3718,0.0254,0.6028
HEARTS JACK CLUBS QUEEN,0.3962,0.011,0.5928
CLUBS SIX CLUBS THREE,0.3736,0.146,0.4804
CLUBS FOUR SPADES FOUR,0.2618,0.1438,0.5944
HEARTS SEVEN CLUBS QUEEN,0.3794,0.013,0.6076
DIAMONDS TWO CLUBS QUEEN,0.3012,0.0378,0.661
CLUBS FIVE HEARTS NINE,0.2876,0.1164,0.596
CLUBS THREE HEARTS ACE,0.386,0.0064,0.6076
CLUBS THREE HEARTS KING,0.4068,0.0088,0.5844
SPADES NINE SPADES THREE,0.3908,0.044,0.5652
HEARTS EIGHT SPADES QUEEN,0.3806,0.0118,0.6076
SPADES TEN CLUBS SIX,0.3866,0.0304,0.583
CLUBS EIGHT DIAMONDS FIVE,0.2816,0.1406,0.5778
HEARTS SEVEN SPADES EIGHT,0.3588,0.0598,0.5814
DIAMONDS NINE HEARTS QUEEN,0.3722,0.0136,0.6142
DIAMONDS ACE DIAMONDS EIGHT,0.3634,0.0048,0.6318
SPADES NINE SPADES SEVEN,0.3514,0.0362,0.6124
HEARTS EIGHT CLUBS THREE,0.3966,0.0758,0.5276
DIAMONDS TEN DIAMONDS NINE,0.35,0.0204,0.6296
CLUBS JACK CLUBS THREE,0.3916,0.0232,0.5852
SPADES TEN HEARTS NINE,0.3454,0.0222,0.6324
CLUBS FOUR DIAMONDS EIGHT,0.4042,0.0626,0.5332
HEARTS KING DIAMONDS FOUR,0.401,0.0102,0.5888
SPADES TWO HEARTS JACK,0.302,0.0564,0.6416
DIAMONDS EIGHT CLUBS ACE,0.379,0.0034,0.6176
CLUBS JACK DIAMONDS TEN,0.3814,0.0122,0.6064
SPADES SEVEN DIAMONDS TEN,0.3898,0.0266,0.5836
HEARTS EIGHT DIAMONDS TEN,0.358,0.0254,0.6166
HEARTS FOUR DIAMONDS SEVEN,0.387,0.106,0.507
CLUBS JACK CLUBS QUEEN,0.373,0.0114,0.6156
DIAMONDS THREE CLUBS KING,0.4024,0.0078,0.5898
CLUBS SEVEN HEARTS ACE,0.3722,0.005,0.6228
HEARTS FOUR CLUBS SIX,0.3678,0.158,0.4742
SPADES JACK CLUBS TWO,0.316,0.0472,0.6368
CLUBS TEN DIAMONDS FIVE,0.3012,0.082,0.6168
HEARTS ACE SPADES TWO,0.2702,0.0172,0.7126
CLUBS JACK CLUBS KING,0.3602,0.0098,0.63
DIAMONDS QUEEN DIAMONDS NINE,0.363,0.014,0.623
CLUBS TEN CLUBS EIGHT,0.3606,0.0262,0.6132
SPADES NINE CLUBS QUEEN,0.3928,0.0088,0.5984
DIAMONDS QUEEN SPADES TWO,0.3108,0.0356,0.6536
SPADES JACK DIAMONDS FIVE,0.2938,0.0628,0.6434
SPADES TEN SPADES FOUR,0.3846,0.0308,0.5846
SPADES TEN DIAMONDS ACE,0.391,0.0028,0.6062
DIAMONDS ACE SPADES FIVE,0.2764,0.025,0.6986
HEARTS EIGHT HEARTS QUEEN,0.3254,0.013,0.6616
SPADES FIVE SPADES THREE,0.2516,0.4476,0.3008
DIAMONDS ACE DIAMONDS FIVE,0.2636,0.0256,0.7108
SPADES TEN CLUBS FIVE,0.313,0.0758,0.6112
DIAMONDS TWO HEARTS ACE,0.2778,0.0166,0.7056
CLUBS SIX HEARTS TEN,0.385,0.0276,0.5874
SPADES QUEEN CLUBS QUEEN,0.1918,0.0382,0.77
DIAMONDS JACK HEARTS ACE,0.3744,0.006,0.6196
SPADES EIGHT SPADES FOUR,0.3822,0.0684,0.5494
DIAMONDS EIGHT SPADES TWO,0.3088,0.138,0.5532
CLUBS JACK SPADES QUEEN,0.3878,0.0146,0.5976
CLUBS FOUR SPADES FIVE,0.2652,0.4752,0.2596
HEARTS ACE HEARTS JACK,0.3414,0.0068,0.6518
SPADES SEVEN DIAMONDS SEVEN,0.1966,0.12,0.6834
SPADES JACK HEARTS QUEEN,0.3764,0.0094,0.6142
DIAMONDS TWO CLUBS SEVEN,0.3036,0.1856,0.5108
CLUBS SIX DIAMONDS QUEEN,0.3884,0.0114,0.6002
HEARTS KING HEARTS QUEEN,0.333,0.0112,0.6558
SPADES QUEEN SPADES FOUR,0.4014,0.0126,0.586
DIAMONDS JACK DIAMONDS SIX,0.3674,0.024,0.6086
SPADES QUEEN SPADES NINE,0.355,0.0108,0.6342
SPADES FOUR HEARTS TEN,0.3834,0.0252,0.5914
DIAMONDS TEN SPADES THREE,0.418,0.0252,0.5568
CLUBS TEN CLUBS ACE,0.359,0.0032,0.6378
SPADES KING CLUBS FOUR,0.4044,0.008,0.5876
CLUBS THREE SPADES FIVE,0.2678,0.4744,0.2578
DIAMONDS TEN SPADES TWO,0.304,0.0728,0.6232
HEARTS THREE DIAMONDS SIX,0.3954,0.1466,0.458
DIAMONDS THREE HEARTS QUEEN,0.3946,0.014,0.5914
CLUBS SEVEN CLUBS SIX,0.3456,0.0808,0.5736
DIAMONDS TWO SPADES TEN,0.3028,0.0732,0.624
CLUBS SIX CLUBS QUEEN,0.376,0.0092,0.6148
HEARTS EIGHT CLUBS EIGHT,0.1728,0.0956,0.7316
DIAMONDS NINE HEARTS JACK,0.3746,0.0186,0.6068
SPADES KING HEARTS THREE,0.4104,0.0122,0.5774
SPADES TEN CLUBS THREE,0.4106,0.033,0.5564
SPADES NINE CLUBS KING,0.3938,0.0096,0.5966
SPADES NINE HEARTS NINE,0.1852,0.0764,0.7384
CLUBS NINE DIAMONDS SEVEN,0.3718,0.0416,0.5866
DIAMONDS TWO SPADES TWO,0.2906,0.1116,0.5978
SPADES ACE SPADES TWO,0.2914,0.013,0.6956
SPADES EIGHT CLUBS FOUR,0.395,0.0664,0.5386
DIAMONDS NINE SPADES TWO,0.3094,0.1048,0.5858
SPADES ACE HEARTS TEN,0.3586,0.0054,0.636
HEARTS EIGHT SPADES FOUR,0.3936,0.0702,0.5362
CLUBS SIX DIAMONDS KING,0.3946,0.0082,0.5972
DIAMONDS TEN DIAMONDS FIVE,0.284,0.082,0.634
DIAMONDS THREE SPADES JACK,0.4032,0.0182,0.5786
HEARTS SEVEN CLUBS SEVEN,0.1816,0.116,0.7024
HEARTS SIX DIAMONDS SIX,0.1754,0.123,0.7016
CLUBS NINE SPADES SEVEN,0.3806,0.0446,0.5748
CLUBS TEN SPADES SIX,0.3836,0.0284,0.588
SPADES NINE DIAMONDS FIVE,0.3112,0.104,0.5848
DIAMONDS THREE CLUBS NINE,0.4062,0.0452,0.5486
DIAMONDS TEN HEARTS ACE,0.3682,0.0068,0.625
SPADES JACK DIAMONDS SEVEN,0.387,0.0182,0.5948
CLUBS FIVE CLUBS ACE,0.2542,0.0278,0.718
CLUBS TWO CLUBS ACE,0.2756,0.0156,0.7088
SPADES ACE SPADES FIVE,0.2598,0.026,0.7142
DIAMONDS THREE CLUBS SEVEN,0.408,0.1048,0.4872
HEARTS FOUR HEARTS QUEEN,0.351,0.0164,0.6326
SPADES ACE DIAMONDS JACK,0.3946,0.0046,0.6008
SPADES EIGHT CLUBS QUEEN,0.3796,0.0122,0.6082
DIAMONDS TWO HEARTS THREE,0.428,0.3638,0.2082
CLUBS SIX DIAMONDS JACK,0.406,0.0176,0.5764
CLUBS NINE CLUBS KING,0.3734,0.0072,0.6194
SPADES EIGHT DIAMONDS QUEEN,0.3882,0.011,0.6008
HEARTS EIGHT DIAMONDS SEVEN,0.3522,0.0642,0.5836
SPADES QUEEN HEARTS JACK,0.3808,0.0112,0.608
HEARTS SEVEN CLUBS NINE,0.3588,0.0452,0.596
CLUBS TWO SPADES TWO,0.2922,0.1186,0.5892
CLUBS NINE HEARTS ACE,0.3904,0.0058,0.6038
SPADES KING CLUBS SEVEN,0.388,0.009,0.603
SPADES THREE HEARTS NINE,0.3866,0.0478,0.5656
SPADES FIVE DIAMONDS SIX,0.279,0.2584,0.4626
CLUBS TEN HEARTS SIX,0.3616,0.0312,0.6072
CLUBS FIVE SPADES SEVEN,0.2678,0.1908,0.5414
DIAMONDS KING SPADES FOUR,0.4126,0.0068,0.5806
HEARTS SEVEN DIAMONDS EIGHT,0.3616,0.0576,0.5808
DIAMONDS THREE HEARTS KING,0.3994,0.0102,0.5904
CLUBS FOUR SPADES TWO,0.4254,0.352,0.2226
CLUBS NINE SPADES THREE,0.4018,0.0416,0.5566
HEARTS SIX CLUBS QUEEN,0.3704,0.013,0.6166
CLUBS TEN SPADES FOUR,0.415,0.0314,0.5536
SPADES SEVEN SPADES SIX,0.3352,0.0864,0.5784
SPADES JACK SPADES SEVEN,0.354,0.0194,0.6266
CLUBS SEVEN DIAMONDS FOUR,0.3908,0.1006,0.5086
DIAMONDS TEN CLUBS ACE,0.3858,0.0038,0.6104
SPADES ACE SPADES QUEEN,0.3628,0.0046,0.6326
HEARTS SEVEN SPADES JACK,0.3544,0.021,0.6246
DIAMONDS TWO DIAMONDS JACK,0.2838,0.054,0.6622
SPADES TEN HEARTS THREE,0.4048,0.032,0.5632
HEARTS FOUR SPADES SIX,0.3696,0.1478,0.4826
SPADES TWO CLUBS QUEEN,0.3054,0.037,0.6576
HEARTS KING DIAMONDS SIX,0.3744,0.0122,0.6134
HEARTS SEVEN HEARTS THREE,0.3396,0.105,0.5554
HEARTS THREE DIAMONDS KING,0.4076,0.0092,0.5832
SPADES ACE CLUBS JACK,0.3898,0.0042,0.606
CLUBS FIVE SPADES TWO,0.0716,0.9082,0.0202
HEARTS ACE CLUBS KING,0.382,0.0066,0.6114
DIAMONDS QUEEN HEARTS JACK,0.3662,0.0124,0.6214
HEARTS JACK HEARTS NINE,0.3288,0.0186,0.6526
SPADES KING SPADES TEN,0.3682,0.0078,0.624
CLUBS NINE SPADES NINE,0.2032,0.0752,0.7216
HEARTS EIGHT CLUBS FIVE,0.2784,0.1518,0.5698
SPADES EIGHT DIAMONDS JACK,0.3882,0.0154,0.5964
HEARTS SEVEN SPADES FIVE,0.257,0.1962,0.5468
HEARTS QUEEN HEARTS NINE,0.3412,0.012,0.6468
SPADES SIX HEARTS ACE,0.3744,0.0056,0.62
CLUBS NINE DIAMONDS EIGHT,0.363,0.0384,0.5986
CLUBS FOUR SPADES THREE,0.4052,0.2276,0.3672
CLUBS EIGHT CLUBS SEVEN,0.3562,0.0482,0.5956
DIAMONDS JACK DIAMONDS NINE,0.3696,0.016,0.6144
SPADES KING DIAMONDS QUEEN,0.3974,0.0062,0.5964
DIAMONDS KING HEARTS ACE,0.3848,0.0052,0.61
DIAMONDS KING HEARTS TEN,0.3616,0.0086,0.6298
HEARTS SIX HEARTS ACE,0.3324,0.0064,0.6612
HEARTS TEN HEARTS NINE,0.3262,0.0238,0.65
CLUBS THREE DIAMONDS NINE,0.4128,0.045,0.5422
HEARTS SEVEN HEARTS TEN,0.3326,0.033,0.6344
DIAMONDS TWO CLUBS FOUR,0.4368,0.3402,0.223
DIAMONDS ACE DIAMONDS NINE,0.3674,0.0046,0.628
SPADES NINE SPADES TWO,0.3096,0.0962,0.5942
SPADES SEVEN SPADES TWO,0.2942,0.1786,0.5272
HEARTS TEN DIAMONDS FIVE,0.2942,0.0748,0.631
SPADES ACE DIAMONDS KING,0.3966,0.003,0.6004
CLUBS THREE DIAMONDS FIVE,0.2526,0.4958,0.2516
SPADES NINE CLUBS TWO,0.3096,0.1018,0.5886
HEARTS KING HEARTS JACK,0.3262,0.0068,0.667
SPADES ACE SPADES NINE,0.3626,0.0066,0.6308
DIAMONDS ACE DIAMONDS SIX,0.3778,0.0064,0.6158
SPADES QUEEN CLUBS THREE,0.4142,0.0132,0.5726
DIAMONDS THREE CLUBS QUEEN,0.4246,0.0156,0.5598
DIAMONDS KING HEARTS NINE,0.3764,0.0072,0.6164
SPADES ACE CLUBS QUEEN,0.3852,0.0054,0.6094
SPADES ACE DIAMONDS QUEEN,0.3906,0.0046,0.6048
CLUBS TEN CLUBS SEVEN,0.3592,0.0274,0.6134
DIAMONDS SIX CLUBS KING,0.382,0.009,0.609
DIAMONDS QUEEN CLUBS KING,0.3844,0.0056,0.61
CLUBS NINE CLUBS EIGHT,0.3494,0.0328,0.6178
SPADES KING CLUBS FIVE,0.3018,0.0408,0.6574
CLUBS TWO DIAMONDS TEN,0.311,0.0764,0.6126
HEARTS QUEEN HEARTS TEN,0.3276,0.0104,0.662
DIAMONDS ACE HEARTS QUEEN,0.3628,0.0062,0.631
HEARTS THREE HEARTS NINE,0.3446,0.0502,0.6052
SPADES SEVEN HEARTS KING,0.3626,0.0076,0.6298
CLUBS TEN HEARTS JACK,0.353,0.0172,0.6298
HEARTS FOUR HEARTS THREE,0.3876,0.2464,0.366
SPADES SEVEN CLUBS KING,0.381,0.0086,0.6104
DIAMONDS THREE HEARTS TEN,0.398,0.0292,0.5728
DIAMONDS SEVEN CLUBS ACE,0.3964,0.0052,0.5984
SPADES NINE DIAMONDS SEVEN,0.3792,0.0412,0.5796
CLUBS SEVEN CLUBS QUEEN,0.3766,0.0114,0.612
HEARTS SEVEN DIAMONDS FOUR,0.3884,0.1042,0.5074
SPADES QUEEN SPADES JACK,0.3614,0.0094,0.6292
CLUBS SIX CLUBS ACE,0.385,0.006,0.609
CLUBS SEVEN HEARTS QUEEN,0.3752,0.0154,0.6094
DIAMONDS THREE HEARTS JACK,0.409,0.0224,0.5686
DIAMONDS NINE CLUBS ACE,0.3948,0.0048,0.6004
CLUBS JACK CLUBS TEN,0.3586,0.0152,0.6262
CLUBS SIX CLUBS TWO,0.2788,0.2392,0.482
SPADES QUEEN CLUBS FOUR,0.4282,0.0146,0.5572
DIAMONDS THREE CLUBS EIGHT,0.4156,0.0654,0.519
CLUBS TWO HEARTS TEN,0.2934,0.0734,0.6332
SPADES SEVEN CLUBS THREE,0.403,0.0998,0.4972
SPADES FOUR HEARTS QUEEN,0.4038,0.0158,0.5804
HEARTS EIGHT DIAMONDS KING,0.3818,0.0076,0.6106
CLUBS JACK HEARTS SIX,0.3656,0.0246,0.6098
SPADES JACK SPADES FIVE,0.2912,0.06,0.6488
HEARTS SEVEN DIAMONDS TWO,0.2998,0.187,0.5132
DIAMONDS KING CLUBS FOUR,0.4218,0.008,0.5702
SPADES KING HEARTS NINE,0.3854,0.0074,0.6072
CLUBS SEVEN CLUBS KING,0.3626,0.0088,0.6286
DIAMONDS TEN DIAMONDS FOUR,0.3906,0.0262,0.5832
CLUBS TEN CLUBS QUEEN,0.3606,0.0116,0.6278
CLUBS NINE DIAMONDS TEN,0.3854,0.0216,0.593
HEARTS FOUR DIAMONDS FIVE,0.2598,0.4582,0.282
HEARTS SEVEN SPADES TEN,0.3646,0.0278,0.6076
HEARTS TEN CLUBS QUEEN,0.366,0.0122,0.6218
SPADES THREE DIAMONDS SEVEN,0.3938,0.1012,0.505
HEARTS THREE SPADES FIVE,0.252,0.4836,0.2644
CLUBS TEN SPADES TWO,0.298,0.0778,0.6242
SPADES SIX DIAMONDS FOUR,0.3638,0.1496,0.4866
CLUBS NINE HEARTS SIX,0.36,0.0448,0.5952
CLUBS FOUR HEARTS ACE,0.3748,0.0068,0.6184
DIAMONDS THREE DIAMONDS FIVE,0.2544,0.456,0.2896
CLUBS TWO HEARTS QUEEN,0.3012,0.0334,0.6654
HEARTS JACK DIAMONDS FOUR,0.4068,0.0206,0.5726
SPADES EIGHT CLUBS FIVE,0.3016,0.1426,0.5558
SPADES THREE SPADES TWO,0.4026,0.3326,0.2648
DIAMONDS EIGHT DIAMONDS FOUR,0.3706,0.063,0.5664
SPADES THREE DIAMONDS EIGHT,0.416,0.0646,0.5194
CLUBS SIX SPADES EIGHT,0.3726,0.0602,0.5672
HEARTS EIGHT CLUBS SIX,0.3568,0.064,0.5792
SPADES JACK DIAMONDS TEN,0.3652,0.0182,0.6166
DIAMONDS TWO DIAMONDS FOUR,0.416,0.3258,0.2582
CLUBS JACK HEARTS THREE,0.404,0.0254,0.5706
SPADES SEVEN CLUBS QUEEN,0.3866,0.0128,0.6006
CLUBS TEN DIAMONDS EIGHT,0.3704,0.027,0.6026
CLUBS SEVEN HEARTS TEN,0.3658,0.0278,0.6064
HEARTS JACK DIAMONDS FIVE,0.2994,0.0638,0.6368
SPADES SIX HEARTS NINE,0.373,0.039,0.588
SPADES QUEEN DIAMONDS NINE,0.3844,0.0146,0.601
CLUBS EIGHT HEARTS KING,0.363,0.0068,0.6302
SPADES ACE SPADES JACK,0.3632,0.0046,0.6322
SPADES ACE HEARTS JACK,0.3642,0.0056,0.6302
DIAMONDS QUEEN DIAMONDS SIX,0.3644,0.0136,0.622
