opposingHand,winningChance,drawChance,lostChance
HEARTS KING HEARTS NINE
HEARTS FIVE SPADES TEN,0.6588,0.0084,0.3328
SPADES JACK HEARTS FIVE,0.6448,0.0074,0.3478
CLUBS JACK SPADES FIVE,0.6502,0.0056,0.3442
CLUBS TEN SPADES FIVE,0.6578,0.0058,0.3364
CLUBS JACK CLUBS EIGHT,0.6098,0.009,0.3812
CLUBS TEN CLUBS EIGHT,0.5948,0.0072,0.398
CLUBS EIGHT CLUBS KING,0.5996,0.151,0.2494
SPADES FIVE CLUBS ACE,0.457,0.003,0.54
CLUBS EIGHT CLUBS QUEEN,0.6238,0.0074,0.3688
SPADES FIVE CLUBS KING,0.614,0.1618,0.2242
SPADES FIVE CLUBS QUEEN,0.6514,0.0074,0.3412
CLUBS EIGHT CLUBS ACE,0.4202,0.0056,0.5742
DIAMONDS TWO DIAMONDS THREE,0.624,0.009,0.367
DIAMONDS TWO DIAMONDS FIVE,0.627,0.0112,0.3618
SPADES KING HEARTS FIVE,0.6152,0.1578,0.227
DIAMONDS TWO DIAMONDS FOUR,0.6378,0.0078,0.3544
SPADES QUEEN HEARTS FIVE,0.6502,0.0072,0.3426
DIAMONDS TWO DIAMONDS SEVEN,0.6556,0.007,0.3374
DIAMONDS TWO DIAMONDS SIX,0.646,0.0076,0.3464
SPADES ACE HEARTS FIVE,0.435,0.0068,0.5582
DIAMONDS TWO DIAMONDS NINE,0.7218,0.0338,0.2444
DIAMONDS TWO DIAMONDS EIGHT,0.6558,0.0064,0.3378
DIAMONDS THREE DIAMONDS FOUR,0.6424,0.0072,0.3504
CLUBS TWO SPADES FOUR,0.6672,0.008,0.3248
DIAMONDS THREE DIAMONDS FIVE,0.6118,0.0076,0.3806
CLUBS TWO SPADES FIVE,0.6636,0.0072,0.3292
CLUBS TWO SPADES TWO,0.4874,0.0134,0.4992
CLUBS TWO SPADES THREE,0.673,0.0106,0.3164
DIAMONDS THREE DIAMONDS EIGHT,0.6476,0.009,0.3434
SPADES EIGHT CLUBS TWO,0.688,0.007,0.305
DIAMONDS THREE DIAMONDS NINE,0.696,0.0414,0.2626
SPADES NINE CLUBS TWO,0.7586,0.0342,0.2072
DIAMONDS THREE DIAMONDS SIX,0.6334,0.0082,0.3584
SPADES SIX CLUBS TWO,0.6832,0.0076,0.3092
DIAMONDS THREE DIAMONDS SEVEN,0.6394,0.0074,0.3532
SPADES SEVEN CLUBS TWO,0.6858,0.006,0.3082
CLUBS SIX CLUBS TWO,0.6366,0.007,0.3564
CLUBS SEVEN CLUBS TWO,0.6508,0.0078,0.3414
CLUBS FOUR CLUBS TWO,0.6332,0.0058,0.361
CLUBS FIVE CLUBS TWO,0.618,0.0058,0.3762
CLUBS TEN CLUBS JACK,0.5538,0.007,0.4392
DIAMONDS FOUR DIAMONDS SIX,0.6156,0.0076,0.3768
CLUBS TEN CLUBS QUEEN,0.5694,0.0084,0.4222
DIAMONDS FOUR DIAMONDS SEVEN,0.6252,0.006,0.3688
CLUBS TEN CLUBS KING,0.2556,0.1098,0.6346
CLUBS TEN CLUBS ACE,0.3896,0.0048,0.6056
CLUBS EIGHT CLUBS TWO,0.6416,0.0106,0.3478
DIAMONDS FIVE DIAMONDS FOUR,0.6012,0.0074,0.3914
CLUBS NINE CLUBS TWO,0.7054,0.0338,0.2608
DIAMONDS NINE DIAMONDS FOUR,0.7068,0.031,0.2622
DIAMONDS EIGHT DIAMONDS FOUR,0.6378,0.009,0.3532
CLUBS TWO CLUBS THREE,0.6324,0.0072,0.3604
DIAMONDS NINE DIAMONDS FIVE,0.682,0.0372,0.2808
CLUBS JACK DIAMONDS TWO,0.6622,0.0066,0.3312
DIAMONDS EIGHT DIAMONDS FIVE,0.6192,0.0104,0.3704
CLUBS TEN DIAMONDS TWO,0.6708,0.0066,0.3226
DIAMONDS FIVE DIAMONDS SEVEN,0.6198,0.0088,0.3714
DIAMONDS FIVE DIAMONDS SIX,0.6104,0.0056,0.384
DIAMONDS TWO CLUBS ACE,0.4494,0.0052,0.5454
DIAMONDS TWO CLUBS KING,0.6326,0.1512,0.2162
DIAMONDS TWO CLUBS QUEEN,0.6662,0.0086,0.3252
DIAMONDS EIGHT DIAMONDS SIX,0.6216,0.0056,0.3728
DIAMONDS NINE DIAMONDS SIX,0.6738,0.0338,0.2924
SPADES THREE HEARTS ACE,0.4426,0.0044,0.553
DIAMONDS SEVEN DIAMONDS SIX,0.6016,0.0086,0.3898
HEARTS QUEEN SPADES THREE,0.66,0.0098,0.3302
SPADES THREE HEARTS JACK,0.656,0.0086,0.3354
SPADES THREE HEARTS TEN,0.6606,0.0068,0.3326
DIAMONDS EIGHT DIAMONDS SEVEN,0.5968,0.0074,0.3958
DIAMONDS NINE DIAMONDS SEVEN,0.6776,0.0306,0.2918
DIAMONDS NINE DIAMONDS EIGHT,0.6746,0.032,0.2934
DIAMONDS KING HEARTS TEN,0.2714,0.1142,0.6144
HEARTS THREE HEARTS TEN,0.6538,0.0082,0.338
SPADES JACK CLUBS SIX,0.6682,0.007,0.3248
DIAMONDS KING HEARTS JACK,0.264,0.0834,0.6526
HEARTS THREE HEARTS JACK,0.648,0.0098,0.3422
SPADES TEN CLUBS SIX,0.6556,0.0074,0.337
SPADES JACK SPADES FIVE,0.611,0.0078,0.3812
SPADES TEN SPADES FIVE,0.627,0.0092,0.3638
DIAMONDS KING HEARTS ACE,0.2658,0.0114,0.7228
HEARTS THREE HEARTS ACE,0.3832,0.0058,0.611
SPADES ACE CLUBS SIX,0.4458,0.0036,0.5506
DIAMONDS KING HEARTS QUEEN,0.2726,0.065,0.6624
HEARTS THREE HEARTS QUEEN,0.6568,0.008,0.3352
SPADES KING CLUBS SIX,0.6168,0.1606,0.2226
SPADES QUEEN CLUBS SIX,0.66,0.0064,0.3336
SPADES NINE HEARTS TEN,0.7036,0.0324,0.264
SPADES NINE HEARTS JACK,0.723,0.027,0.25
SPADES QUEEN SPADES FIVE,0.622,0.0106,0.3674
SPADES KING SPADES FIVE,0.5794,0.1538,0.2668
SPADES ACE SPADES FIVE,0.424,0.007,0.569
SPADES NINE HEARTS QUEEN,0.7244,0.029,0.2466
SPADES NINE HEARTS ACE,0.273,0.023,0.704
CLUBS TEN SPADES JACK,0.592,0.006,0.402
CLUBS TEN SPADES TEN,0.342,0.0054,0.6526
SPADES ACE CLUBS TEN,0.3986,0.0038,0.5976
CLUBS TEN SPADES KING,0.273,0.1118,0.6152
CLUBS TEN SPADES QUEEN,0.5884,0.0084,0.4032
SPADES FIVE HEARTS QUEEN,0.6478,0.0078,0.3444
SPADES FIVE HEARTS ACE,0.4294,0.0046,0.566
CLUBS EIGHT SPADES TEN,0.6506,0.005,0.3444
HEARTS THREE SPADES JACK,0.6642,0.0078,0.328
SPADES JACK DIAMONDS KING,0.2856,0.0792,0.6352
SPADES TEN DIAMONDS KING,0.2732,0.1244,0.6024
HEARTS THREE SPADES TEN,0.6472,0.0096,0.3432
CLUBS EIGHT SPADES JACK,0.643,0.0056,0.3514
CLUBS SIX HEARTS ACE,0.4366,0.0046,0.5588
SPADES ACE CLUBS EIGHT,0.4326,0.0034,0.564
CLUBS JACK HEARTS FIVE,0.6494,0.0072,0.3434
CLUBS TEN HEARTS FIVE,0.6558,0.0084,0.3358
CLUBS SIX HEARTS QUEEN,0.6374,0.0066,0.356
SPADES QUEEN CLUBS EIGHT,0.6466,0.006,0.3474
CLUBS TEN SPADES THREE,0.67,0.007,0.323
SPADES KING CLUBS EIGHT,0.6302,0.1528,0.217
CLUBS JACK SPADES THREE,0.6586,0.0048,0.3366
DIAMONDS TWO HEARTS JACK,0.6694,0.0076,0.323
SPADES THREE CLUBS QUEEN,0.639,0.0084,0.3526
DIAMONDS TWO HEARTS TEN,0.6628,0.0052,0.332
SPADES THREE CLUBS KING,0.6276,0.155,0.2174
HEARTS FIVE CLUBS ACE,0.4298,0.0056,0.5646
SPADES FIVE HEARTS TEN,0.6544,0.007,0.3386
SPADES THREE CLUBS ACE,0.4602,0.0032,0.5366
HEARTS FIVE CLUBS KING,0.6264,0.1608,0.2128
SPADES FIVE HEARTS JACK,0.6492,0.0078,0.343
HEARTS FIVE CLUBS QUEEN,0.6514,0.0074,0.3412
HEARTS THREE CLUBS KING,0.604,0.1634,0.2326
DIAMONDS KING CLUBS KING,0.135,0.0124,0.8526
HEARTS THREE CLUBS QUEEN,0.6524,0.0116,0.336
DIAMONDS KING CLUBS QUEEN,0.2768,0.0576,0.6656
HEARTS FIVE HEARTS JACK,0.6484,0.0096,0.342
HEARTS FIVE HEARTS TEN,0.644,0.0088,0.3472
HEARTS THREE CLUBS ACE,0.4498,0.0048,0.5454
DIAMONDS KING CLUBS ACE,0.2736,0.0112,0.7152
SPADES ACE CLUBS QUEEN,0.3962,0.0052,0.5986
SPADES KING CLUBS QUEEN,0.2958,0.059,0.6452
CLUBS JACK HEARTS THREE,0.654,0.0072,0.3388
CLUBS JACK DIAMONDS KING,0.2762,0.08,0.6438
SPADES QUEEN CLUBS QUEEN,0.3264,0.004,0.6696
CLUBS TEN HEARTS THREE,0.6628,0.0066,0.3306
CLUBS TEN DIAMONDS KING,0.2726,0.1188,0.6086
SPADES JACK CLUBS QUEEN,0.5978,0.0088,0.3934
CLUBS SIX CLUBS QUEEN,0.6204,0.0054,0.3742
SPADES TEN CLUBS QUEEN,0.6036,0.0054,0.391
CLUBS SIX CLUBS KING,0.5846,0.1496,0.2658
CLUBS SIX CLUBS ACE,0.4108,0.004,0.5852
HEARTS FIVE HEARTS QUEEN,0.6598,0.0084,0.3318
CLUBS TEN CLUBS SIX,0.6056,0.007,0.3874
HEARTS FIVE HEARTS ACE,0.3778,0.0058,0.6164
CLUBS JACK CLUBS SIX,0.6222,0.0078,0.37
SPADES SEVEN HEARTS JACK,0.6376,0.0088,0.3536
SPADES SEVEN HEARTS TEN,0.6424,0.0072,0.3504
DIAMONDS TWO CLUBS TWO,0.5036,0.0106,0.4858
DIAMONDS TWO CLUBS THREE,0.6614,0.0074,0.3312
HEARTS SIX DIAMONDS TWO,0.682,0.0104,0.3076
DIAMONDS TWO HEARTS QUEEN,0.6626,0.0084,0.329
DIAMONDS TWO HEARTS SEVEN,0.6966,0.008,0.2954
DIAMONDS TWO HEARTS EIGHT,0.6842,0.0086,0.3072
DIAMONDS TWO HEARTS ACE,0.4428,0.005,0.5522
DIAMONDS TWO DIAMONDS QUEEN,0.6182,0.0084,0.3734
DIAMONDS TWO HEARTS TWO,0.487,0.0136,0.4994
DIAMONDS TWO DIAMONDS KING,0.5724,0.1594,0.2682
HEARTS THREE DIAMONDS TWO,0.6642,0.0092,0.3266
DIAMONDS TWO DIAMONDS ACE,0.4122,0.005,0.5828
HEARTS FOUR DIAMONDS TWO,0.6696,0.0084,0.322
DIAMONDS TWO HEARTS FIVE,0.663,0.0094,0.3276
SPADES SEVEN HEARTS ACE,0.4264,0.006,0.5676
DIAMONDS TWO DIAMONDS TEN,0.623,0.0076,0.3694
DIAMONDS TWO DIAMONDS JACK,0.6318,0.0066,0.3616
SPADES SEVEN HEARTS QUEEN,0.6604,0.0064,0.3332
DIAMONDS TWO SPADES NINE,0.7468,0.0382,0.215
DIAMONDS TWO SPADES EIGHT,0.7028,0.0084,0.2888
DIAMONDS TWO SPADES SEVEN,0.6958,0.0054,0.2988
DIAMONDS TWO SPADES SIX,0.6748,0.0084,0.3168
DIAMONDS TWO SPADES FIVE,0.6478,0.0086,0.3436
DIAMONDS TWO SPADES FOUR,0.6638,0.0086,0.3276
DIAMONDS TWO SPADES THREE,0.6776,0.0088,0.3136
DIAMONDS TWO SPADES TWO,0.4978,0.014,0.4882
DIAMONDS TWO CLUBS NINE,0.7476,0.0302,0.2222
CLUBS EIGHT DIAMONDS TWO,0.6982,0.0078,0.294
DIAMONDS TWO CLUBS SEVEN,0.6936,0.0066,0.2998
DIAMONDS TWO CLUBS SIX,0.6796,0.0074,0.313
DIAMONDS TWO CLUBS FIVE,0.6598,0.01,0.3302
DIAMONDS TWO CLUBS FOUR,0.6702,0.0068,0.323
CLUBS FOUR SPADES FIVE,0.6506,0.0074,0.342
CLUBS FOUR SPADES FOUR,0.4904,0.0116,0.498
CLUBS FOUR SPADES THREE,0.6556,0.0088,0.3356
CLUBS FOUR SPADES TWO,0.6676,0.0074,0.325
SPADES NINE CLUBS FOUR,0.7474,0.0358,0.2168
SPADES EIGHT CLUBS FOUR,0.6862,0.0066,0.3072
CLUBS FOUR SPADES SEVEN,0.6568,0.0106,0.3326
CLUBS FOUR SPADES SIX,0.6626,0.0084,0.329
SPADES ACE DIAMONDS SIX,0.4312,0.0038,0.565
SPADES QUEEN DIAMONDS SIX,0.672,0.0066,0.3214
SPADES KING DIAMONDS SIX,0.617,0.161,0.222
SPADES TEN DIAMONDS SIX,0.6524,0.0066,0.341
SPADES JACK DIAMONDS SIX,0.659,0.0056,0.3354
SPADES QUEEN SPADES TWO,0.6176,0.0056,0.3768
SPADES KING SPADES TWO,0.5872,0.1516,0.2612
SPADES ACE SPADES TWO,0.4204,0.0044,0.5752
CLUBS JACK DIAMONDS JACK,0.3288,0.0038,0.6674
CLUBS TEN DIAMONDS JACK,0.5882,0.0056,0.4062
DIAMONDS JACK CLUBS KING,0.281,0.08,0.639
DIAMONDS JACK CLUBS QUEEN,0.6024,0.006,0.3916
DIAMONDS THREE DIAMONDS JACK,0.613,0.0104,0.3766
DIAMONDS THREE DIAMONDS TEN,0.624,0.008,0.368
DIAMONDS JACK CLUBS ACE,0.3986,0.0032,0.5982
DIAMONDS THREE DIAMONDS KING,0.5828,0.1464,0.2708
HEARTS THREE DIAMONDS THREE,0.5006,0.0136,0.4858
DIAMONDS THREE DIAMONDS QUEEN,0.6136,0.0082,0.3782
DIAMONDS THREE HEARTS TWO,0.6796,0.0072,0.3132
HEARTS FIVE DIAMONDS THREE,0.6404,0.0084,0.3512
DIAMONDS THREE DIAMONDS ACE,0.4086,0.0052,0.5862
HEARTS FOUR DIAMONDS THREE,0.6482,0.0092,0.3426
DIAMONDS THREE HEARTS SEVEN,0.6778,0.007,0.3152
SPADES TEN SPADES NINE,0.6654,0.0254,0.3092
HEARTS SIX DIAMONDS THREE,0.6672,0.0086,0.3242
SPADES JACK SPADES NINE,0.68,0.0276,0.2924
HEARTS JACK DIAMONDS FOUR,0.6626,0.0072,0.3302
SPADES TEN SPADES TWO,0.6306,0.0072,0.3622
DIAMONDS THREE HEARTS EIGHT,0.6988,0.0106,0.2906
HEARTS TEN DIAMONDS FOUR,0.6514,0.0074,0.3412
SPADES JACK SPADES TWO,0.6234,0.0082,0.3684
HEARTS QUEEN DIAMONDS FOUR,0.6588,0.0064,0.3348
SPADES ACE SPADES NINE,0.273,0.0206,0.7064
HEARTS ACE DIAMONDS FOUR,0.424,0.005,0.571
SPADES KING SPADES NINE,0.0678,0.8616,0.0706
SPADES QUEEN SPADES NINE,0.6782,0.028,0.2938
DIAMONDS THREE SPADES NINE,0.7526,0.0346,0.2128
DIAMONDS THREE SPADES EIGHT,0.6834,0.0058,0.3108
DIAMONDS THREE SPADES SEVEN,0.6672,0.009,0.3238
DIAMONDS THREE SPADES SIX,0.6698,0.006,0.3242
DIAMONDS THREE CLUBS SIX,0.6664,0.0086,0.325
CLUBS SIX CLUBS FIVE,0.596,0.009,0.395
CLUBS ACE DIAMONDS FOUR,0.4446,0.0048,0.5506
DIAMONDS THREE CLUBS SEVEN,0.6718,0.007,0.3212
CLUBS SEVEN CLUBS FIVE,0.6282,0.0064,0.3654
DIAMONDS THREE CLUBS FOUR,0.6578,0.0084,0.3338
DIAMONDS FOUR CLUBS QUEEN,0.6624,0.0074,0.3302
DIAMONDS THREE CLUBS FIVE,0.6476,0.0084,0.344
DIAMONDS FOUR CLUBS KING,0.6324,0.1576,0.21
DIAMONDS THREE CLUBS TWO,0.6834,0.0078,0.3088
CLUBS TEN DIAMONDS FOUR,0.6576,0.0054,0.337
DIAMONDS THREE CLUBS THREE,0.4784,0.0116,0.51
CLUBS JACK DIAMONDS FOUR,0.6596,0.007,0.3334
DIAMONDS THREE SPADES FOUR,0.6474,0.007,0.3456
DIAMONDS THREE SPADES FIVE,0.6548,0.0078,0.3374
DIAMONDS THREE SPADES TWO,0.6758,0.0098,0.3144
DIAMONDS THREE SPADES THREE,0.489,0.0122,0.4988
CLUBS EIGHT DIAMONDS THREE,0.6874,0.0088,0.3038
CLUBS NINE DIAMONDS THREE,0.746,0.037,0.217
SPADES SEVEN CLUBS ACE,0.4334,0.0032,0.5634
SPADES SEVEN CLUBS QUEEN,0.6568,0.0068,0.3364
SPADES SEVEN CLUBS KING,0.627,0.163,0.21
SPADES SEVEN CLUBS FIVE,0.6524,0.0084,0.3392
CLUBS TEN SPADES SEVEN,0.6504,0.0056,0.344
CLUBS FIVE SPADES SIX,0.6364,0.0066,0.357
CLUBS JACK SPADES SEVEN,0.6596,0.0068,0.3336
SPADES NINE CLUBS FIVE,0.7332,0.0322,0.2346
SPADES EIGHT CLUBS FIVE,0.6664,0.0062,0.3274
CLUBS FIVE SPADES THREE,0.6488,0.0066,0.3446
CLUBS FIVE SPADES TWO,0.6668,0.0084,0.3248
CLUBS FIVE SPADES FIVE,0.4952,0.0116,0.4932
CLUBS FIVE SPADES FOUR,0.6324,0.0086,0.359
CLUBS NINE CLUBS FIVE,0.7006,0.0316,0.2678
CLUBS EIGHT CLUBS FIVE,0.6254,0.008,0.3666
CLUBS ACE CLUBS QUEEN,0.3658,0.0046,0.6296
CLUBS KING CLUBS QUEEN,0.2688,0.0568,0.6744
DIAMONDS TEN DIAMONDS FOUR,0.624,0.007,0.369
CLUBS TEN DIAMONDS NINE,0.7196,0.0234,0.257
DIAMONDS JACK DIAMONDS FOUR,0.6186,0.008,0.3734
CLUBS JACK DIAMONDS NINE,0.7186,0.031,0.2504
CLUBS JACK SPADES NINE,0.723,0.0282,0.2488
CLUBS TEN SPADES NINE,0.7012,0.0244,0.2744
DIAMONDS ACE DIAMONDS FOUR,0.4166,0.0048,0.5786
HEARTS FOUR DIAMONDS FOUR,0.4918,0.0122,0.496
DIAMONDS JACK HEARTS TEN,0.57,0.0078,0.4222
SPADES NINE CLUBS KING,0.0712,0.907,0.0218
DIAMONDS TWO SPADES TEN,0.6718,0.0082,0.32
DIAMONDS NINE CLUBS ACE,0.292,0.0186,0.6894
HEARTS FIVE DIAMONDS FOUR,0.644,0.009,0.347
DIAMONDS JACK HEARTS JACK,0.3202,0.0064,0.6734
SPADES NINE CLUBS QUEEN,0.7344,0.0296,0.236
DIAMONDS TWO SPADES JACK,0.6664,0.0052,0.3284
DIAMONDS QUEEN DIAMONDS FOUR,0.619,0.0074,0.3736
HEARTS TWO DIAMONDS FOUR,0.6544,0.01,0.3356
DIAMONDS NINE CLUBS QUEEN,0.734,0.0312,0.2348
DIAMONDS KING DIAMONDS FOUR,0.5854,0.15,0.2646
HEARTS THREE DIAMONDS FOUR,0.6492,0.0096,0.3412
SPADES NINE CLUBS ACE,0.293,0.0174,0.6896
DIAMONDS NINE CLUBS KING,0.0712,0.908,0.0208
DIAMONDS JACK HEARTS ACE,0.3886,0.0046,0.6068
SPADES ACE DIAMONDS TWO,0.4436,0.0054,0.551
HEARTS QUEEN DIAMONDS JACK,0.587,0.0062,0.4068
SPADES QUEEN DIAMONDS TWO,0.6562,0.0074,0.3364
SPADES KING DIAMONDS TWO,0.6328,0.1512,0.216
SPADES JACK SPADES SEVEN,0.608,0.006,0.386
SPADES TEN SPADES SEVEN,0.6086,0.0064,0.385
CLUBS SEVEN CLUBS THREE,0.6486,0.0084,0.343
CLUBS SIX CLUBS THREE,0.6284,0.006,0.3656
CLUBS FIVE CLUBS THREE,0.6132,0.008,0.3788
CLUBS FOUR CLUBS THREE,0.6126,0.0072,0.3802
CLUBS NINE CLUBS THREE,0.717,0.0322,0.2508
CLUBS EIGHT CLUBS THREE,0.646,0.0062,0.3478
SPADES FIVE CLUBS THREE,0.65,0.0088,0.3412
CLUBS THREE SPADES FOUR,0.6628,0.0072,0.33
CLUBS THREE SPADES THREE,0.4932,0.0102,0.4966
CLUBS THREE SPADES TWO,0.6742,0.008,0.3178
SPADES SIX CLUBS THREE,0.6696,0.0084,0.322
SPADES SEVEN CLUBS THREE,0.6758,0.007,0.3172
SPADES EIGHT CLUBS THREE,0.6776,0.0076,0.3148
SPADES NINE CLUBS THREE,0.7476,0.034,0.2184
SPADES TWO DIAMONDS FOUR,0.6664,0.0098,0.3238
SPADES THREE DIAMONDS FOUR,0.6586,0.0096,0.3318
SPADES FOUR DIAMONDS FOUR,0.503,0.0122,0.4848
SPADES FIVE DIAMONDS FOUR,0.6434,0.0084,0.3482
SPADES SIX DIAMONDS FOUR,0.6648,0.0048,0.3304
SPADES SEVEN DIAMONDS FOUR,0.6644,0.0084,0.3272
SPADES EIGHT DIAMONDS FOUR,0.6788,0.0082,0.313
SPADES NINE DIAMONDS FOUR,0.7546,0.0352,0.2102
CLUBS FIVE DIAMONDS FOUR,0.6362,0.0072,0.3566
CLUBS FOUR DIAMONDS FOUR,0.487,0.0098,0.5032
CLUBS SEVEN DIAMONDS FOUR,0.66,0.007,0.333
CLUBS SIX DIAMONDS FOUR,0.6608,0.0076,0.3316
CLUBS NINE DIAMONDS FOUR,0.7446,0.0328,0.2226
CLUBS EIGHT DIAMONDS FOUR,0.6726,0.0078,0.3196
DIAMONDS FOUR HEARTS SEVEN,0.6488,0.0084,0.3428
HEARTS SIX DIAMONDS FOUR,0.652,0.0086,0.3394
DIAMONDS FOUR HEARTS EIGHT,0.6788,0.0072,0.314
CLUBS THREE DIAMONDS FOUR,0.648,0.0076,0.3444
CLUBS TWO DIAMONDS FOUR,0.6682,0.0092,0.3226
DIAMONDS TEN DIAMONDS FIVE,0.6352,0.0072,0.3576
DIAMONDS JACK DIAMONDS FIVE,0.6156,0.0076,0.3768
DIAMONDS NINE HEARTS QUEEN,0.7352,0.0298,0.235
DIAMONDS NINE HEARTS ACE,0.2662,0.0208,0.713
DIAMONDS NINE HEARTS TEN,0.702,0.0274,0.2706
DIAMONDS NINE HEARTS JACK,0.7194,0.0284,0.2522
CLUBS KING DIAMONDS SIX,0.6356,0.15,0.2144
CLUBS QUEEN DIAMONDS SIX,0.6658,0.0058,0.3284
CLUBS ACE DIAMONDS SIX,0.4458,0.0038,0.5504
SPADES KING DIAMONDS FOUR,0.61,0.162,0.228
SPADES ACE SPADES SEVEN,0.4168,0.0044,0.5788
SPADES QUEEN DIAMONDS FOUR,0.6698,0.0082,0.322
SPADES QUEEN SPADES SEVEN,0.6192,0.0068,0.374
CLUBS JACK DIAMONDS SIX,0.6554,0.004,0.3406
SPADES KING SPADES SEVEN,0.5892,0.1426,0.2682
SPADES ACE DIAMONDS FOUR,0.4466,0.0032,0.5502
CLUBS TEN DIAMONDS SIX,0.6572,0.0068,0.336
CLUBS NINE CLUBS FOUR,0.6956,0.0322,0.2722
CLUBS EIGHT CLUBS FOUR,0.6334,0.006,0.3606
SPADES JACK DIAMONDS FOUR,0.654,0.0076,0.3384
SPADES TEN DIAMONDS FOUR,0.6704,0.0062,0.3234
CLUBS FOUR CLUBS FIVE,0.6048,0.0056,0.3896
CLUBS SEVEN CLUBS FOUR,0.6282,0.0072,0.3646
CLUBS SIX CLUBS FOUR,0.604,0.0088,0.3872
CLUBS SEVEN SPADES EIGHT,0.639,0.0082,0.3528
SPADES NINE CLUBS SEVEN,0.7196,0.0332,0.2472
CLUBS SEVEN SPADES SIX,0.6428,0.0056,0.3516
CLUBS SEVEN SPADES SEVEN,0.4698,0.0112,0.519
CLUBS SEVEN SPADES FIVE,0.6356,0.0058,0.3586
CLUBS SEVEN SPADES FOUR,0.6622,0.0072,0.3306
CLUBS SEVEN SPADES THREE,0.6918,0.007,0.3012
CLUBS SEVEN SPADES TWO,0.7002,0.0076,0.2922
CLUBS NINE CLUBS SEVEN,0.6806,0.0344,0.285
CLUBS EIGHT CLUBS SEVEN,0.5932,0.0096,0.3972
HEARTS SIX DIAMONDS FIVE,0.6376,0.0068,0.3556
DIAMONDS FIVE HEARTS SEVEN,0.648,0.0078,0.3442
DIAMONDS FIVE HEARTS EIGHT,0.6616,0.0078,0.3306
DIAMONDS QUEEN DIAMONDS FIVE,0.6158,0.0066,0.3776
HEARTS TWO DIAMONDS FIVE,0.6614,0.0092,0.3294
DIAMONDS KING DIAMONDS FIVE,0.587,0.15,0.263
HEARTS THREE DIAMONDS FIVE,0.6518,0.0072,0.341
HEARTS QUEEN HEARTS EIGHT,0.656,0.0084,0.3356
DIAMONDS ACE DIAMONDS FIVE,0.4234,0.004,0.5726
HEARTS FOUR DIAMONDS FIVE,0.6386,0.0086,0.3528
HEARTS FIVE DIAMONDS FIVE,0.4902,0.0104,0.4994
HEARTS ACE HEARTS EIGHT,0.3994,0.005,0.5956
CLUBS FOUR DIAMONDS FIVE,0.6448,0.0062,0.349
CLUBS FIVE DIAMONDS FIVE,0.4722,0.0126,0.5152
CLUBS SIX DIAMONDS FIVE,0.6424,0.0074,0.3502
CLUBS SEVEN DIAMONDS FIVE,0.6616,0.007,0.3314
CLUBS TWO DIAMONDS FIVE,0.6686,0.0058,0.3256
CLUBS THREE DIAMONDS FIVE,0.6536,0.0074,0.339
SPADES THREE DIAMONDS FIVE,0.6568,0.008,0.3352
SPADES TWO DIAMONDS FIVE,0.6564,0.0078,0.3358
SPADES JACK DIAMONDS EIGHT,0.6542,0.0094,0.3364
SPADES FIVE DIAMONDS FIVE,0.4846,0.0088,0.5066
CLUBS TEN HEARTS JACK,0.586,0.0092,0.4048
SPADES TEN DIAMONDS EIGHT,0.6384,0.006,0.3556
SPADES FOUR DIAMONDS FIVE,0.6436,0.0084,0.348
CLUBS JACK HEARTS JACK,0.337,0.0042,0.6588
HEARTS JACK CLUBS QUEEN,0.5824,0.0054,0.4122
CLUBS NINE DIAMONDS FIVE,0.7244,0.0372,0.2384
CLUBS EIGHT DIAMONDS FIVE,0.666,0.0098,0.3242
HEARTS JACK CLUBS KING,0.2642,0.0886,0.6472
CLUBS ACE HEARTS JACK,0.3982,0.0056,0.5962
SPADES SEVEN DIAMONDS FIVE,0.646,0.0056,0.3484
SPADES KING DIAMONDS EIGHT,0.6282,0.156,0.2158
SPADES QUEEN DIAMONDS EIGHT,0.655,0.0066,0.3384
SPADES SIX DIAMONDS FIVE,0.652,0.006,0.342
SPADES NINE DIAMONDS FIVE,0.7278,0.0354,0.2368
SPADES EIGHT DIAMONDS FIVE,0.6808,0.0066,0.3126
SPADES ACE DIAMONDS EIGHT,0.4408,0.0052,0.554
DIAMONDS TEN DIAMONDS SIX,0.6216,0.006,0.3724
HEARTS ACE DIAMONDS SEVEN,0.4168,0.0044,0.5788
DIAMONDS JACK DIAMONDS SIX,0.6206,0.0048,0.3746
HEARTS QUEEN DIAMONDS SEVEN,0.6466,0.006,0.3474
DIAMONDS ACE DIAMONDS SIX,0.412,0.004,0.584
HEARTS FOUR DIAMONDS SIX,0.6418,0.0082,0.35
SPADES TWO HEARTS JACK,0.6582,0.011,0.3308
HEARTS FIVE DIAMONDS SIX,0.6334,0.0082,0.3584
SPADES TWO HEARTS TEN,0.6514,0.0088,0.3398
DIAMONDS QUEEN DIAMONDS SIX,0.614,0.0088,0.3772
HEARTS TWO DIAMONDS SIX,0.6804,0.0094,0.3102
DIAMONDS KING DIAMONDS SIX,0.596,0.1494,0.2546
HEARTS THREE DIAMONDS SIX,0.6676,0.0084,0.324
HEARTS EIGHT DIAMONDS SIX,0.654,0.0064,0.3396
HEARTS SIX DIAMONDS SIX,0.4758,0.0104,0.5138
HEARTS SEVEN DIAMONDS SIX,0.6482,0.006,0.3458
HEARTS TEN DIAMONDS SEVEN,0.636,0.0074,0.3566
CLUBS TWO DIAMONDS SIX,0.6858,0.0088,0.3054
HEARTS JACK DIAMONDS SEVEN,0.6604,0.0068,0.3328
CLUBS THREE DIAMONDS SIX,0.6802,0.0086,0.3112
CLUBS SEVEN DIAMONDS SIX,0.6458,0.0054,0.3488
CLUBS JACK DIAMONDS EIGHT,0.6426,0.0068,0.3506
CLUBS SIX DIAMONDS SIX,0.4808,0.0104,0.5088
CLUBS TEN DIAMONDS EIGHT,0.6434,0.0056,0.351
CLUBS FIVE DIAMONDS SIX,0.6292,0.0092,0.3616
CLUBS FOUR DIAMONDS SIX,0.6542,0.0054,0.3404
HEARTS ACE HEARTS JACK,0.3478,0.0058,0.6464
DIAMONDS EIGHT CLUBS ACE,0.4508,0.0034,0.5458
HEARTS QUEEN HEARTS JACK,0.5822,0.007,0.4108
DIAMONDS EIGHT CLUBS KING,0.6206,0.1622,0.2172
CLUBS NINE DIAMONDS SIX,0.7286,0.0332,0.2382
CLUBS EIGHT DIAMONDS SIX,0.6626,0.007,0.3304
DIAMONDS EIGHT CLUBS QUEEN,0.6566,0.0064,0.337
SPADES FIVE DIAMONDS SIX,0.6456,0.0072,0.3472
HEARTS ACE SPADES TWO,0.4312,0.004,0.5648
SPADES FOUR DIAMONDS SIX,0.6536,0.0084,0.338
SPADES THREE DIAMONDS SIX,0.6866,0.0062,0.3072
HEARTS QUEEN SPADES TWO,0.6634,0.007,0.3296
SPADES ACE SPADES KING,0.2524,0.0162,0.7314
SPADES TWO DIAMONDS SIX,0.6762,0.0068,0.317
HEARTS TEN HEARTS EIGHT,0.6182,0.0076,0.3742
SPADES NINE DIAMONDS SIX,0.7156,0.0356,0.2488
HEARTS JACK HEARTS EIGHT,0.6276,0.0076,0.3648
SPADES EIGHT DIAMONDS SIX,0.6504,0.006,0.3436
SPADES SEVEN DIAMONDS SIX,0.6444,0.0066,0.349
SPADES SIX DIAMONDS SIX,0.4884,0.0076,0.504
CLUBS ACE CLUBS KING,0.252,0.009,0.739
SPADES ACE HEARTS JACK,0.3846,0.0044,0.611
SPADES QUEEN HEARTS JACK,0.5948,0.0066,0.3986
SPADES KING HEARTS JACK,0.2566,0.0878,0.6556
SPADES TEN DIAMONDS TEN,0.3404,0.0068,0.6528
SPADES JACK DIAMONDS TEN,0.5932,0.0062,0.4006
SPADES ACE DIAMONDS TEN,0.3912,0.0042,0.6046
SPADES JACK HEARTS JACK,0.3284,0.0072,0.6644
SPADES TEN HEARTS JACK,0.5824,0.0072,0.4104
SPADES QUEEN DIAMONDS TEN,0.5946,0.0076,0.3978
SPADES KING DIAMONDS TEN,0.2738,0.1192,0.607
SPADES NINE DIAMONDS SEVEN,0.7032,0.0312,0.2656
SPADES EIGHT DIAMONDS SEVEN,0.6476,0.0066,0.3458
SPADES SEVEN DIAMONDS SEVEN,0.48,0.0112,0.5088
SPADES SIX DIAMONDS SEVEN,0.647,0.0066,0.3464
DIAMONDS KING DIAMONDS SEVEN,0.581,0.155,0.264
HEARTS THREE DIAMONDS SEVEN,0.6774,0.0086,0.314
DIAMONDS QUEEN DIAMONDS SEVEN,0.6202,0.0058,0.374
HEARTS TWO DIAMONDS SEVEN,0.6904,0.0076,0.302
HEARTS QUEEN DIAMONDS FIVE,0.6608,0.0066,0.3326
HEARTS FIVE DIAMONDS SEVEN,0.656,0.0064,0.3376
DIAMONDS ACE DIAMONDS SEVEN,0.4118,0.0058,0.5824
HEARTS FOUR DIAMONDS SEVEN,0.6536,0.0078,0.3386
HEARTS ACE DIAMONDS FIVE,0.4294,0.0048,0.5658
HEARTS SEVEN DIAMONDS SEVEN,0.4692,0.01,0.5208
HEARTS SIX DIAMONDS SEVEN,0.6374,0.0068,0.3558
DIAMONDS SEVEN HEARTS EIGHT,0.6498,0.0078,0.3424
DIAMONDS JACK DIAMONDS SEVEN,0.615,0.0058,0.3792
DIAMONDS FIVE HEARTS JACK,0.6568,0.0094,0.3338
DIAMONDS TEN DIAMONDS SEVEN,0.5984,0.006,0.3956
HEARTS TEN DIAMONDS FIVE,0.6588,0.0086,0.3326
CLUBS EIGHT DIAMONDS SEVEN,0.6492,0.0058,0.345
SPADES KING CLUBS TWO,0.6208,0.1654,0.2138
SPADES QUEEN CLUBS TWO,0.6734,0.0094,0.3172
CLUBS NINE DIAMONDS SEVEN,0.7136,0.0302,0.2562
CLUBS JACK SPADES TWO,0.6568,0.0098,0.3334
CLUBS SIX CLUBS SEVEN,0.6048,0.0072,0.388
SPADES ACE CLUBS TWO,0.4474,0.005,0.5476
CLUBS TEN SPADES TWO,0.655,0.0082,0.3368
SPADES TWO CLUBS KING,0.6312,0.159,0.2098
SPADES TWO DIAMONDS SEVEN,0.6744,0.0064,0.3192
CLUBS EIGHT CLUBS SIX,0.6082,0.0078,0.384
SPADES THREE DIAMONDS SEVEN,0.6824,0.0106,0.307
SPADES TWO CLUBS QUEEN,0.6612,0.0078,0.331
CLUBS NINE CLUBS SIX,0.6786,0.0308,0.2906
SPADES FOUR DIAMONDS SEVEN,0.6666,0.0074,0.326
SPADES FIVE DIAMONDS SEVEN,0.6504,0.0076,0.342
SPADES TWO CLUBS ACE,0.4674,0.004,0.5286
CLUBS SIX SPADES TWO,0.6862,0.0088,0.305
CLUBS SIX SPADES THREE,0.6754,0.0068,0.3178
CLUBS TWO DIAMONDS SEVEN,0.687,0.0084,0.3046
CLUBS SIX SPADES FOUR,0.6468,0.0096,0.3436
CLUBS THREE DIAMONDS SEVEN,0.673,0.0072,0.3198
CLUBS SIX SPADES FIVE,0.6324,0.0064,0.3612
CLUBS FOUR DIAMONDS SEVEN,0.6662,0.0076,0.3262
CLUBS SIX SPADES SIX,0.4914,0.0106,0.498
CLUBS FIVE DIAMONDS SEVEN,0.6532,0.0076,0.3392
CLUBS SIX SPADES SEVEN,0.6456,0.0066,0.3478
CLUBS SIX DIAMONDS SEVEN,0.6478,0.0068,0.3454
CLUBS SIX SPADES EIGHT,0.6572,0.0052,0.3376
SPADES JACK CLUBS TWO,0.6738,0.0058,0.3204
CLUBS SEVEN DIAMONDS SEVEN,0.4838,0.008,0.5082
CLUBS SIX SPADES NINE,0.7248,0.034,0.2412
SPADES TEN CLUBS TWO,0.6572,0.0098,0.333
CLUBS TWO CLUBS QUEEN,0.6344,0.0064,0.3592
CLUBS TWO CLUBS KING,0.5834,0.1604,0.2562
CLUBS THREE DIAMONDS EIGHT,0.6828,0.0082,0.309
CLUBS TWO CLUBS ACE,0.436,0.0046,0.5594
CLUBS TWO DIAMONDS EIGHT,0.7,0.0082,0.2918
DIAMONDS EIGHT HEARTS SEVEN,0.6432,0.006,0.3508
HEARTS SIX DIAMONDS EIGHT,0.6552,0.0072,0.3376
CLUBS TEN CLUBS TWO,0.627,0.0092,0.3638
DIAMONDS EIGHT HEARTS EIGHT,0.4588,0.0086,0.5326
CLUBS JACK CLUBS TWO,0.6204,0.0066,0.373
CLUBS NINE DIAMONDS EIGHT,0.7266,0.0312,0.2422
CLUBS EIGHT DIAMONDS EIGHT,0.4714,0.0108,0.5178
CLUBS FIVE DIAMONDS EIGHT,0.6716,0.0066,0.3218
SPADES ACE SPADES THREE,0.419,0.0048,0.5762
CLUBS FOUR DIAMONDS EIGHT,0.6668,0.0084,0.3248
CLUBS SEVEN DIAMONDS EIGHT,0.6456,0.0058,0.3486
SPADES QUEEN SPADES THREE,0.626,0.0068,0.3672
CLUBS SIX DIAMONDS EIGHT,0.6684,0.0072,0.3244
SPADES KING SPADES THREE,0.5766,0.1512,0.2722
DIAMONDS QUEEN DIAMONDS EIGHT,0.6222,0.006,0.3718
HEARTS TWO DIAMONDS EIGHT,0.6866,0.011,0.3024
DIAMONDS KING DIAMONDS EIGHT,0.5964,0.1526,0.251
HEARTS THREE DIAMONDS EIGHT,0.6804,0.007,0.3126
DIAMONDS ACE DIAMONDS EIGHT,0.4172,0.0046,0.5782
HEARTS FOUR DIAMONDS EIGHT,0.6762,0.0076,0.3162
HEARTS FIVE DIAMONDS EIGHT,0.6586,0.0068,0.3346
DIAMONDS EIGHT DIAMONDS TEN,0.5924,0.0078,0.3998
DIAMONDS EIGHT DIAMONDS JACK,0.6074,0.0074,0.3852
SPADES JACK SPADES THREE,0.6286,0.0088,0.3626
SPADES TEN SPADES THREE,0.6166,0.0072,0.3762
CLUBS FOUR HEARTS ACE,0.4376,0.0048,0.5576
CLUBS FOUR HEARTS QUEEN,0.6546,0.0064,0.339
CLUBS SIX HEARTS TEN,0.6568,0.0074,0.3358
CLUBS SIX HEARTS JACK,0.6622,0.0052,0.3326
DIAMONDS EIGHT SPADES FOUR,0.6886,0.007,0.3044
SPADES FIVE DIAMONDS EIGHT,0.6684,0.0072,0.3244
DIAMONDS EIGHT SPADES TWO,0.6914,0.0078,0.3008
DIAMONDS EIGHT SPADES THREE,0.6916,0.0064,0.302
CLUBS FOUR HEARTS JACK,0.6556,0.008,0.3364
SPADES EIGHT DIAMONDS EIGHT,0.4806,0.0096,0.5098
SPADES TEN DIAMONDS QUEEN,0.6008,0.007,0.3922
SPADES TEN HEARTS TWO,0.6618,0.0072,0.331
SPADES JACK HEARTS EIGHT,0.6486,0.0064,0.345
CLUBS FOUR HEARTS TEN,0.6528,0.0062,0.341
SPADES NINE DIAMONDS EIGHT,0.7084,0.0326,0.259
SPADES TEN HEARTS EIGHT,0.6288,0.0064,0.3648
SPADES JACK HEARTS TWO,0.6566,0.0086,0.3348
SPADES JACK DIAMONDS QUEEN,0.6062,0.0058,0.388
SPADES SIX DIAMONDS EIGHT,0.6682,0.0072,0.3246
SPADES SEVEN DIAMONDS EIGHT,0.6386,0.008,0.3534
SPADES ACE HEARTS TWO,0.458,0.006,0.536
SPADES ACE DIAMONDS QUEEN,0.4024,0.0042,0.5934
SPADES ACE HEARTS EIGHT,0.4284,0.0062,0.5654
SPADES KING HEARTS EIGHT,0.6246,0.1552,0.2202
SPADES QUEEN HEARTS TWO,0.6568,0.007,0.3362
SPADES QUEEN DIAMONDS QUEEN,0.3292,0.0036,0.6672
SPADES KING DIAMONDS QUEEN,0.2996,0.0594,0.641
SPADES KING HEARTS TWO,0.6256,0.1626,0.2118
SPADES QUEEN HEARTS EIGHT,0.6462,0.0064,0.3474
CLUBS TWO HEARTS TEN,0.6596,0.0074,0.333
CLUBS TWO HEARTS JACK,0.6652,0.009,0.3258
SPADES SEVEN DIAMONDS NINE,0.7134,0.031,0.2556
SPADES SIX DIAMONDS NINE,0.7284,0.0346,0.237
SPADES NINE DIAMONDS NINE,0.3562,0.0224,0.6214
SPADES EIGHT DIAMONDS NINE,0.725,0.0324,0.2426
SPADES TEN CLUBS KING,0.2634,0.11,0.6266
DIAMONDS NINE SPADES THREE,0.745,0.0376,0.2174
SPADES JACK CLUBS KING,0.28,0.0782,0.6418
DIAMONDS NINE SPADES TWO,0.7494,0.0322,0.2184
DIAMONDS NINE SPADES FIVE,0.7368,0.0354,0.2278
DIAMONDS NINE SPADES FOUR,0.7484,0.0318,0.2198
CLUBS NINE DIAMONDS NINE,0.343,0.026,0.631
CLUBS EIGHT DIAMONDS NINE,0.7116,0.0292,0.2592
CLUBS SIX DIAMONDS NINE,0.7218,0.0326,0.2456
SPADES JACK CLUBS FOUR,0.672,0.0038,0.3242
CLUBS SEVEN DIAMONDS NINE,0.7192,0.0288,0.252
SPADES TEN CLUBS FOUR,0.661,0.0086,0.3304
CLUBS FOUR DIAMONDS NINE,0.7514,0.0346,0.214
CLUBS FIVE DIAMONDS NINE,0.7476,0.0362,0.2162
CLUBS TWO DIAMONDS NINE,0.747,0.039,0.214
DIAMONDS NINE CLUBS THREE,0.7486,0.0366,0.2148
DIAMONDS NINE HEARTS EIGHT,0.703,0.0378,0.2592
HEARTS SIX DIAMONDS NINE,0.7154,0.0348,0.2498
DIAMONDS NINE HEARTS SEVEN,0.7048,0.0346,0.2606
CLUBS EIGHT CLUBS NINE,0.671,0.0306,0.2984
DIAMONDS ACE DIAMONDS NINE,0.2818,0.018,0.7002
HEARTS FOUR DIAMONDS NINE,0.7474,0.0366,0.216
HEARTS FIVE DIAMONDS NINE,0.7414,0.037,0.2216
CLUBS TWO HEARTS ACE,0.436,0.0048,0.5592
SPADES ACE CLUBS FOUR,0.45,0.0044,0.5456
DIAMONDS QUEEN DIAMONDS NINE,0.6992,0.0262,0.2746
HEARTS TWO DIAMONDS NINE,0.745,0.0386,0.2164
SPADES KING CLUBS FOUR,0.6186,0.1592,0.2222
DIAMONDS KING DIAMONDS NINE,0.0822,0.8482,0.0696
HEARTS THREE DIAMONDS NINE,0.7348,0.0382,0.227
CLUBS TWO HEARTS QUEEN,0.6508,0.0088,0.3404
SPADES QUEEN CLUBS FOUR,0.67,0.0066,0.3234
DIAMONDS NINE DIAMONDS JACK,0.6844,0.0302,0.2854
CLUBS EIGHT SPADES NINE,0.7082,0.0326,0.2592
DIAMONDS NINE DIAMONDS TEN,0.6636,0.0282,0.3082
CLUBS EIGHT SPADES EIGHT,0.4818,0.0076,0.5106
CLUBS EIGHT SPADES SEVEN,0.6376,0.0074,0.355
CLUBS EIGHT SPADES SIX,0.669,0.0062,0.3248
CLUBS EIGHT SPADES FIVE,0.6628,0.01,0.3272
CLUBS EIGHT SPADES FOUR,0.6738,0.009,0.3172
CLUBS EIGHT SPADES THREE,0.694,0.0052,0.3008
CLUBS EIGHT SPADES TWO,0.6976,0.007,0.2954
HEARTS SIX DIAMONDS TEN,0.649,0.0072,0.3438
DIAMONDS TEN HEARTS SEVEN,0.6492,0.0068,0.344
DIAMONDS TEN HEARTS EIGHT,0.6046,0.0072,0.3882
CLUBS JACK CLUBS FOUR,0.6294,0.0066,0.364
CLUBS TEN CLUBS FOUR,0.6244,0.0076,0.368
CLUBS FOUR CLUBS KING,0.5768,0.1442,0.279
CLUBS FOUR CLUBS QUEEN,0.6208,0.0076,0.3716
CLUBS TWO DIAMONDS TEN,0.6696,0.008,0.3224
CLUBS THREE DIAMONDS TEN,0.6652,0.0066,0.3282
CLUBS FOUR CLUBS ACE,0.422,0.0048,0.5732
DIAMONDS JACK DIAMONDS TEN,0.5494,0.006,0.4446
DIAMONDS QUEEN DIAMONDS TEN,0.5574,0.0072,0.4354
HEARTS TWO DIAMONDS TEN,0.655,0.0074,0.3376
DIAMONDS KING DIAMONDS TEN,0.2636,0.106,0.6304
HEARTS THREE DIAMONDS TEN,0.6514,0.0074,0.3412
DIAMONDS ACE DIAMONDS TEN,0.3696,0.006,0.6244
HEARTS FOUR DIAMONDS TEN,0.6584,0.0066,0.335
CLUBS EIGHT HEARTS JACK,0.6398,0.0098,0.3504
HEARTS FIVE DIAMONDS TEN,0.6586,0.0078,0.3336
CLUBS EIGHT HEARTS TEN,0.637,0.0076,0.3554
CLUBS EIGHT HEARTS QUEEN,0.6404,0.01,0.3496
CLUBS EIGHT HEARTS ACE,0.4248,0.0044,0.5708
CLUBS NINE SPADES THREE,0.7486,0.0346,0.2168
CLUBS NINE SPADES TWO,0.7518,0.0354,0.2128
CLUBS NINE SPADES FIVE,0.7472,0.0348,0.218
CLUBS NINE SPADES FOUR,0.7462,0.0346,0.2192
CLUBS NINE SPADES SEVEN,0.7128,0.0312,0.256
CLUBS NINE SPADES SIX,0.732,0.031,0.237
CLUBS NINE SPADES NINE,0.351,0.0216,0.6274
CLUBS TEN HEARTS EIGHT,0.6292,0.0098,0.361
CLUBS NINE SPADES EIGHT,0.6966,0.034,0.2694
CLUBS JACK HEARTS EIGHT,0.6398,0.0088,0.3514
CLUBS QUEEN HEARTS EIGHT,0.6492,0.0072,0.3436
CLUBS KING HEARTS EIGHT,0.6334,0.1526,0.214
CLUBS ACE HEARTS EIGHT,0.436,0.0058,0.5582
SPADES KING CLUBS KING,0.135,0.0114,0.8536
SPADES QUEEN CLUBS KING,0.2818,0.0688,0.6494
SPADES ACE CLUBS KING,0.285,0.0138,0.7012
DIAMONDS ACE HEARTS TEN,0.3758,0.0038,0.6204
HEARTS FOUR HEARTS TEN,0.6528,0.0086,0.3386
DIAMONDS ACE HEARTS JACK,0.3916,0.0042,0.6042
HEARTS FOUR HEARTS JACK,0.6486,0.0078,0.3436
SPADES KING CLUBS FIVE,0.6156,0.1628,0.2216
SPADES QUEEN CLUBS FIVE,0.6586,0.0062,0.3352
SPADES ACE CLUBS FIVE,0.4386,0.0042,0.5572
DIAMONDS JACK HEARTS SEVEN,0.6528,0.007,0.3402
HEARTS SIX DIAMONDS JACK,0.663,0.0052,0.3318
DIAMONDS JACK HEARTS EIGHT,0.6182,0.0062,0.3756
DIAMONDS KING DIAMONDS JACK,0.2774,0.0802,0.6424
HEARTS THREE DIAMONDS JACK,0.6596,0.0082,0.3322
SPADES ACE SPADES SIX,0.4162,0.0046,0.5792
SPADES FOUR HEARTS ACE,0.445,0.004,0.551
DIAMONDS QUEEN DIAMONDS JACK,0.5676,0.0082,0.4242
HEARTS TWO DIAMONDS JACK,0.6596,0.0082,0.3322
HEARTS FIVE DIAMONDS JACK,0.647,0.0072,0.3458
SPADES QUEEN SPADES SIX,0.6058,0.0064,0.3878
SPADES FOUR HEARTS QUEEN,0.6534,0.0084,0.3382
DIAMONDS ACE DIAMONDS JACK,0.3776,0.0044,0.618
HEARTS FOUR DIAMONDS JACK,0.6612,0.0082,0.3306
SPADES KING SPADES SIX,0.5844,0.1472,0.2684
SPADES TEN SPADES SIX,0.6082,0.0068,0.385
SPADES JACK SPADES SIX,0.6236,0.0058,0.3706
SPADES FOUR DIAMONDS JACK,0.654,0.0082,0.3378
SPADES FIVE DIAMONDS JACK,0.6646,0.0054,0.33
DIAMONDS JACK SPADES TWO,0.6722,0.0076,0.3202
DIAMONDS JACK SPADES THREE,0.6662,0.0068,0.327
SPADES ACE DIAMONDS THREE,0.4556,0.0044,0.54
CLUBS EIGHT DIAMONDS JACK,0.6352,0.0066,0.3582
SPADES QUEEN DIAMONDS THREE,0.6622,0.0094,0.3284
SPADES KING DIAMONDS THREE,0.6186,0.1538,0.2276
CLUBS NINE DIAMONDS JACK,0.7266,0.0264,0.247
CLUBS SIX DIAMONDS JACK,0.6662,0.006,0.3278
CLUBS SEVEN DIAMONDS JACK,0.6488,0.0054,0.3458
CLUBS FOUR DIAMONDS JACK,0.6578,0.0062,0.336
CLUBS FIVE DIAMONDS JACK,0.647,0.0086,0.3444
CLUBS TWO DIAMONDS JACK,0.6684,0.0068,0.3248
CLUBS THREE DIAMONDS JACK,0.6628,0.0052,0.332
SPADES TEN CLUBS FIVE,0.655,0.0076,0.3374
HEARTS SIX SPADES JACK,0.6614,0.0066,0.332
HEARTS SIX SPADES TEN,0.6474,0.0094,0.3432
SPADES JACK CLUBS FIVE,0.6602,0.006,0.3338
SPADES JACK DIAMONDS THREE,0.662,0.0092,0.3288
CLUBS SEVEN CLUBS ACE,0.4176,0.0048,0.5776
DIAMONDS THREE SPADES TEN,0.6662,0.007,0.3268
CLUBS SEVEN CLUBS QUEEN,0.6206,0.0052,0.3742
CLUBS SEVEN CLUBS KING,0.5958,0.146,0.2582
SPADES NINE DIAMONDS JACK,0.7314,0.028,0.2406
CLUBS TEN CLUBS SEVEN,0.5992,0.0058,0.395
DIAMONDS ACE HEARTS ACE,0.1532,0.0046,0.8422
HEARTS FOUR HEARTS ACE,0.385,0.0068,0.6082
SPADES EIGHT DIAMONDS JACK,0.644,0.007,0.349
SPADES ACE HEARTS SIX,0.438,0.0042,0.5578
CLUBS JACK CLUBS SEVEN,0.6218,0.0058,0.3724
SPADES SEVEN DIAMONDS JACK,0.6532,0.0064,0.3404
SPADES KING HEARTS SIX,0.623,0.1616,0.2154
DIAMONDS ACE HEARTS QUEEN,0.3942,0.0046,0.6012
HEARTS FOUR HEARTS QUEEN,0.6562,0.0072,0.3366
SPADES QUEEN HEARTS SIX,0.6774,0.0068,0.3158
SPADES SIX DIAMONDS JACK,0.656,0.0054,0.3386
DIAMONDS TEN SPADES TWO,0.6726,0.0086,0.3188
SPADES THREE DIAMONDS TEN,0.6638,0.0068,0.3294
SPADES FOUR DIAMONDS TEN,0.665,0.0082,0.3268
SPADES FIVE DIAMONDS TEN,0.6646,0.0082,0.3272
SPADES SIX DIAMONDS TEN,0.6556,0.006,0.3384
SPADES SEVEN DIAMONDS TEN,0.6428,0.0084,0.3488
SPADES EIGHT DIAMONDS TEN,0.6382,0.0056,0.3562
SPADES NINE DIAMONDS TEN,0.6968,0.0316,0.2716
CLUBS FOUR DIAMONDS TEN,0.6674,0.006,0.3266
CLUBS FIVE DIAMONDS TEN,0.6724,0.0058,0.3218
CLUBS SIX DIAMONDS TEN,0.6622,0.0088,0.329
CLUBS SEVEN DIAMONDS TEN,0.646,0.0054,0.3486
CLUBS EIGHT DIAMONDS TEN,0.624,0.0074,0.3686
CLUBS NINE DIAMONDS TEN,0.7096,0.0294,0.261
CLUBS JACK DIAMONDS THREE,0.6578,0.0064,0.3358
CLUBS TEN DIAMONDS THREE,0.6548,0.0052,0.34
DIAMONDS THREE CLUBS KING,0.6186,0.1642,0.2172
DIAMONDS THREE CLUBS QUEEN,0.6634,0.0058,0.3308
DIAMONDS THREE CLUBS ACE,0.4296,0.0068,0.5636
SPADES FOUR HEARTS JACK,0.6616,0.0064,0.332
SPADES FOUR HEARTS TEN,0.6716,0.0092,0.3192
SPADES FIVE SPADES TWO,0.6236,0.0106,0.3658
SPADES FOUR SPADES TWO,0.6232,0.0074,0.3694
SPADES THREE SPADES TWO,0.6262,0.0118,0.362
SPADES NINE SPADES TWO,0.7146,0.0364,0.249
SPADES EIGHT SPADES TWO,0.6408,0.008,0.3512
SPADES SEVEN SPADES TWO,0.6524,0.0076,0.34
SPADES SIX SPADES TWO,0.6266,0.0086,0.3648
DIAMONDS QUEEN CLUBS THREE,0.6604,0.0056,0.334
HEARTS TWO CLUBS THREE,0.6612,0.008,0.3308
DIAMONDS QUEEN CLUBS TWO,0.67,0.006,0.324
HEARTS TWO CLUBS TWO,0.4892,0.0148,0.496
DIAMONDS QUEEN HEARTS SEVEN,0.6616,0.0064,0.332
HEARTS TWO HEARTS SEVEN,0.6838,0.0102,0.306
HEARTS SIX DIAMONDS QUEEN,0.6588,0.009,0.3322
HEARTS SIX HEARTS TWO,0.6684,0.0084,0.3232
DIAMONDS QUEEN HEARTS EIGHT,0.6478,0.0076,0.3446
HEARTS TWO HEARTS EIGHT,0.6836,0.0106,0.3058
CLUBS NINE HEARTS TWO,0.7412,0.0422,0.2166
CLUBS NINE DIAMONDS QUEEN,0.7334,0.0286,0.238
CLUBS EIGHT DIAMONDS QUEEN,0.6478,0.008,0.3442
CLUBS EIGHT HEARTS TWO,0.6878,0.0078,0.3044
DIAMONDS QUEEN CLUBS FIVE,0.6626,0.0086,0.3288
HEARTS TWO CLUBS FIVE,0.6688,0.0096,0.3216
SPADES EIGHT HEARTS ACE,0.4254,0.0054,0.5692
DIAMONDS QUEEN CLUBS FOUR,0.6576,0.0082,0.3342
CLUBS FOUR HEARTS TWO,0.662,0.0086,0.3294
CLUBS SEVEN DIAMONDS QUEEN,0.6616,0.0082,0.3302
CLUBS SEVEN HEARTS TWO,0.6822,0.0072,0.3106
SPADES EIGHT HEARTS QUEEN,0.6466,0.0088,0.3446
CLUBS SIX DIAMONDS QUEEN,0.6584,0.0072,0.3344
CLUBS SIX HEARTS TWO,0.677,0.0078,0.3152
HEARTS TWO SPADES SIX,0.661,0.008,0.331
DIAMONDS QUEEN SPADES SIX,0.6572,0.0052,0.3376
HEARTS FOUR CLUBS QUEEN,0.6544,0.0066,0.339
DIAMONDS ACE CLUBS QUEEN,0.3992,0.0034,0.5974
DIAMONDS QUEEN SPADES SEVEN,0.6528,0.0056,0.3416
HEARTS TWO SPADES SEVEN,0.686,0.0088,0.3052
HEARTS FOUR CLUBS KING,0.6298,0.1518,0.2184
DIAMONDS ACE CLUBS KING,0.276,0.0112,0.7128
DIAMONDS QUEEN SPADES EIGHT,0.6678,0.0058,0.3264
SPADES EIGHT HEARTS TWO,0.6846,0.0106,0.3048
HEARTS FOUR CLUBS ACE,0.435,0.0046,0.5604
DIAMONDS ACE CLUBS ACE,0.1632,0.0036,0.8332
SPADES NINE DIAMONDS QUEEN,0.7422,0.0246,0.2332
SPADES NINE HEARTS TWO,0.7586,0.0344,0.207
HEARTS TWO SPADES TWO,0.4922,0.0148,0.493
DIAMONDS QUEEN SPADES TWO,0.6686,0.008,0.3234
HEARTS TWO SPADES THREE,0.6694,0.0072,0.3234
DIAMONDS QUEEN SPADES THREE,0.6624,0.007,0.3306
HEARTS TWO SPADES FOUR,0.6682,0.0086,0.3232
DIAMONDS QUEEN SPADES FOUR,0.6574,0.0066,0.336
CLUBS TEN HEARTS FOUR,0.667,0.0058,0.3272
CLUBS TEN DIAMONDS ACE,0.4,0.0038,0.5962
HEARTS TWO SPADES FIVE,0.6618,0.0084,0.3298
DIAMONDS QUEEN SPADES FIVE,0.6616,0.0096,0.3288
HEARTS FOUR CLUBS JACK,0.6496,0.0074,0.343
CLUBS JACK DIAMONDS ACE,0.3884,0.0056,0.606
CLUBS FIVE CLUBS KING,0.5864,0.148,0.2656
CLUBS FIVE CLUBS QUEEN,0.6148,0.007,0.3782
CLUBS FIVE CLUBS ACE,0.417,0.0046,0.5784
CLUBS JACK CLUBS FIVE,0.6248,0.007,0.3682
CLUBS TEN CLUBS FIVE,0.6202,0.0104,0.3694
SPADES KING CLUBS JACK,0.276,0.0876,0.6364
CLUBS JACK SPADES QUEEN,0.5994,0.0072,0.3934
SPADES ACE CLUBS JACK,0.4066,0.0046,0.5888
SPADES SIX CLUBS KING,0.6288,0.1568,0.2144
SPADES SIX CLUBS QUEEN,0.6556,0.0076,0.3368
SPADES EIGHT HEARTS JACK,0.6412,0.0078,0.351
SPADES SIX CLUBS ACE,0.4526,0.0046,0.5428
SPADES EIGHT HEARTS TEN,0.6304,0.0052,0.3644
CLUBS JACK SPADES SIX,0.6598,0.0058,0.3344
CLUBS TEN SPADES SIX,0.6628,0.0084,0.3288
CLUBS JACK SPADES TEN,0.5956,0.0086,0.3958
CLUBS JACK SPADES JACK,0.325,0.0058,0.6692
SPADES QUEEN CLUBS SEVEN,0.6526,0.0054,0.342
SPADES KING CLUBS SEVEN,0.6244,0.153,0.2226
SPADES ACE CLUBS SEVEN,0.4438,0.0034,0.5528
SPADES SIX HEARTS TEN,0.6468,0.0066,0.3466
SPADES SIX HEARTS JACK,0.6562,0.0084,0.3354
SPADES SIX HEARTS ACE,0.43,0.004,0.566
SPADES SIX HEARTS QUEEN,0.6616,0.006,0.3324
SPADES JACK CLUBS SEVEN,0.6442,0.0058,0.35
SPADES TEN CLUBS SEVEN,0.6378,0.0066,0.3556
CLUBS TEN HEARTS SIX,0.6466,0.0082,0.3452
CLUBS JACK HEARTS SIX,0.6586,0.0066,0.3348
CLUBS JACK CLUBS ACE,0.3914,0.0056,0.603
HEARTS SIX CLUBS QUEEN,0.6584,0.0068,0.3348
HEARTS SIX CLUBS KING,0.6184,0.1588,0.2228
HEARTS SIX CLUBS ACE,0.4372,0.0048,0.558
CLUBS JACK CLUBS QUEEN,0.5642,0.0068,0.429
CLUBS JACK CLUBS KING,0.2694,0.0756,0.655
DIAMONDS THREE HEARTS ACE,0.4474,0.0052,0.5474
DIAMONDS THREE HEARTS QUEEN,0.648,0.0092,0.3428
CLUBS FIVE HEARTS JACK,0.6518,0.0072,0.341
SPADES TEN DIAMONDS ACE,0.3912,0.004,0.6048
HEARTS FOUR SPADES TEN,0.663,0.009,0.328
CLUBS FIVE HEARTS TEN,0.6488,0.0078,0.3434
HEARTS FOUR SPADES JACK,0.6648,0.0086,0.3266
SPADES JACK DIAMONDS ACE,0.4008,0.0048,0.5944
SPADES ACE HEARTS FOUR,0.4472,0.005,0.5478
SPADES ACE DIAMONDS ACE,0.1756,0.0028,0.8216
CLUBS FIVE HEARTS ACE,0.446,0.0052,0.5488
HEARTS FOUR SPADES QUEEN,0.6476,0.0064,0.346
SPADES QUEEN DIAMONDS ACE,0.3942,0.0052,0.6006
CLUBS JACK SPADES FOUR,0.6636,0.0056,0.3308
CLUBS FIVE HEARTS QUEEN,0.6602,0.006,0.3338
SPADES KING DIAMONDS ACE,0.2804,0.0114,0.7082
HEARTS FOUR SPADES KING,0.6108,0.1536,0.2356
CLUBS TEN SPADES FOUR,0.6684,0.0086,0.323
DIAMONDS QUEEN DIAMONDS ACE,0.38,0.0038,0.6162
HEARTS TWO DIAMONDS ACE,0.443,0.006,0.551
HEARTS FOUR DIAMONDS QUEEN,0.6554,0.0052,0.3394
HEARTS FOUR HEARTS TWO,0.6608,0.0086,0.3306
DIAMONDS THREE HEARTS TEN,0.6502,0.009,0.3408
SPADES FOUR CLUBS KING,0.6288,0.1576,0.2136
HEARTS FIVE DIAMONDS QUEEN,0.6478,0.0068,0.3454
HEARTS FIVE HEARTS TWO,0.6584,0.008,0.3336
DIAMONDS THREE HEARTS JACK,0.6708,0.0062,0.323
SPADES FOUR CLUBS QUEEN,0.6492,0.0066,0.3442
DIAMONDS QUEEN HEARTS TWO,0.6632,0.0062,0.3306
DIAMONDS KING DIAMONDS QUEEN,0.2762,0.056,0.6678
DIAMONDS KING HEARTS TWO,0.6256,0.1584,0.216
HEARTS THREE DIAMONDS QUEEN,0.6504,0.0086,0.341
HEARTS THREE HEARTS TWO,0.6652,0.0084,0.3264
SPADES FOUR CLUBS ACE,0.4566,0.0058,0.5376
HEARTS TWO CLUBS ACE,0.4214,0.0058,0.5728
DIAMONDS QUEEN CLUBS ACE,0.4134,0.0052,0.5814
HEARTS TWO CLUBS QUEEN,0.6536,0.0076,0.3388
DIAMONDS QUEEN CLUBS QUEEN,0.3272,0.003,0.6698
HEARTS TWO CLUBS KING,0.6118,0.1654,0.2228
DIAMONDS QUEEN CLUBS KING,0.2858,0.0596,0.6546
SPADES EIGHT SPADES FIVE,0.6182,0.0096,0.3722
CLUBS TEN HEARTS TWO,0.6648,0.0076,0.3276
CLUBS TEN DIAMONDS QUEEN,0.6118,0.0068,0.3814
SPADES NINE SPADES FIVE,0.6898,0.03,0.2802
CLUBS JACK HEARTS TWO,0.6548,0.009,0.3362
CLUBS JACK DIAMONDS QUEEN,0.5954,0.0082,0.3964
SPADES SIX SPADES FIVE,0.6052,0.007,0.3878
SPADES SEVEN SPADES FIVE,0.6124,0.0078,0.3798
DIAMONDS FIVE CLUBS QUEEN,0.6578,0.0076,0.3346
SPADES EIGHT CLUBS ACE,0.4448,0.0042,0.551
DIAMONDS FIVE CLUBS KING,0.6052,0.165,0.2298
SPADES EIGHT CLUBS KING,0.6322,0.1542,0.2136
DIAMONDS FIVE CLUBS ACE,0.4438,0.0024,0.5538
SPADES EIGHT CLUBS QUEEN,0.656,0.0062,0.3378
CLUBS JACK SPADES EIGHT,0.6556,0.0046,0.3398
CLUBS TEN SPADES EIGHT,0.6366,0.0072,0.3562
CLUBS TEN DIAMONDS FIVE,0.6576,0.006,0.3364
