opposingHand,winningChance,drawChance,lostChance
HEARTS EIGHT CLUBS TWO
HEARTS FIVE SPADES TEN,0.3586,0.029,0.6124
SPADES JACK HEARTS FIVE,0.3616,0.0188,0.6196
CLUBS JACK SPADES FIVE,0.3636,0.0214,0.615
CLUBS TEN SPADES FIVE,0.3504,0.0268,0.6228
CLUBS JACK CLUBS EIGHT,0.2152,0.0616,0.7232
CLUBS TEN CLUBS EIGHT,0.2128,0.0784,0.7088
CLUBS EIGHT CLUBS KING,0.2298,0.0362,0.734
SPADES FIVE CLUBS ACE,0.344,0.0058,0.6502
CLUBS EIGHT CLUBS QUEEN,0.2184,0.0472,0.7344
SPADES FIVE CLUBS KING,0.358,0.008,0.634
SPADES FIVE CLUBS QUEEN,0.3648,0.0116,0.6236
CLUBS EIGHT CLUBS ACE,0.2148,0.0306,0.7546
DIAMONDS TWO DIAMONDS THREE,0.5622,0.132,0.3058
DIAMONDS TWO DIAMONDS FIVE,0.5618,0.1354,0.3028
SPADES KING HEARTS FIVE,0.3426,0.0082,0.6492
DIAMONDS TWO DIAMONDS FOUR,0.5664,0.1342,0.2994
SPADES QUEEN HEARTS FIVE,0.3558,0.0114,0.6328
DIAMONDS TWO DIAMONDS SEVEN,0.5792,0.1372,0.2836
DIAMONDS TWO DIAMONDS SIX,0.5674,0.1416,0.291
SPADES ACE HEARTS FIVE,0.3438,0.006,0.6502
DIAMONDS TWO DIAMONDS NINE,0.2108,0.0992,0.69
DIAMONDS TWO DIAMONDS EIGHT,0.0248,0.901,0.0742
DIAMONDS THREE DIAMONDS FOUR,0.4964,0.0658,0.4378
DIAMONDS THREE DIAMONDS FIVE,0.4802,0.0732,0.4466
DIAMONDS THREE DIAMONDS EIGHT,0.207,0.4818,0.3112
DIAMONDS THREE DIAMONDS NINE,0.3448,0.0436,0.6116
DIAMONDS THREE DIAMONDS SIX,0.5006,0.06,0.4394
DIAMONDS THREE DIAMONDS SEVEN,0.5068,0.0636,0.4296
CLUBS TEN CLUBS JACK,0.3,0.0166,0.6834
DIAMONDS FOUR DIAMONDS SIX,0.4804,0.0624,0.4572
CLUBS TEN CLUBS QUEEN,0.299,0.0124,0.6886
DIAMONDS FOUR DIAMONDS SEVEN,0.4882,0.0662,0.4456
CLUBS TEN CLUBS KING,0.294,0.007,0.699
CLUBS TEN CLUBS ACE,0.304,0.0046,0.6914
DIAMONDS FIVE DIAMONDS FOUR,0.4806,0.0584,0.461
DIAMONDS NINE DIAMONDS FOUR,0.3278,0.045,0.6272
DIAMONDS EIGHT DIAMONDS FOUR,0.1994,0.4904,0.3102
DIAMONDS NINE DIAMONDS FIVE,0.3106,0.041,0.6484
CLUBS JACK DIAMONDS TWO,0.2382,0.0542,0.7076
DIAMONDS EIGHT DIAMONDS FIVE,0.1952,0.4162,0.3886
CLUBS TEN DIAMONDS TWO,0.2364,0.0704,0.6932
DIAMONDS FIVE DIAMONDS SEVEN,0.4718,0.0616,0.4666
DIAMONDS FIVE DIAMONDS SIX,0.4568,0.0604,0.4828
DIAMONDS TWO CLUBS ACE,0.2346,0.0172,0.7482
DIAMONDS TWO CLUBS KING,0.237,0.0296,0.7334
DIAMONDS TWO CLUBS QUEEN,0.237,0.0488,0.7142
DIAMONDS EIGHT DIAMONDS SIX,0.2048,0.3424,0.4528
DIAMONDS NINE DIAMONDS SIX,0.314,0.0362,0.6498
HEARTS ACE SPADES THREE,0.349,0.0048,0.6462
SPADES THREE HEARTS KING,0.3496,0.009,0.6414
DIAMONDS SEVEN DIAMONDS SIX,0.456,0.0554,0.4886
HEARTS QUEEN SPADES THREE,0.3676,0.0132,0.6192
SPADES THREE HEARTS JACK,0.361,0.02,0.619
SPADES THREE HEARTS TEN,0.3536,0.0292,0.6172
DIAMONDS EIGHT DIAMONDS SEVEN,0.1958,0.279,0.5252
DIAMONDS NINE DIAMONDS SEVEN,0.3016,0.0372,0.6612
DIAMONDS NINE DIAMONDS EIGHT,0.2072,0.0994,0.6934
DIAMONDS KING HEARTS TEN,0.3184,0.0114,0.6702
HEARTS THREE HEARTS TEN,0.3368,0.0308,0.6324
SPADES JACK CLUBS SIX,0.3478,0.017,0.6352
DIAMONDS KING HEARTS JACK,0.3122,0.0066,0.6812
HEARTS THREE HEARTS JACK,0.3466,0.0196,0.6338
SPADES TEN CLUBS SIX,0.3316,0.0268,0.6416
SPADES JACK SPADES FIVE,0.3302,0.019,0.6508
SPADES TEN SPADES FIVE,0.3314,0.027,0.6416
DIAMONDS KING HEARTS ACE,0.3142,0.0038,0.682
HEARTS THREE HEARTS ACE,0.3312,0.005,0.6638
SPADES ACE CLUBS SIX,0.3402,0.0058,0.654
DIAMONDS KING HEARTS QUEEN,0.3128,0.0054,0.6818
HEARTS THREE HEARTS QUEEN,0.3348,0.0118,0.6534
SPADES KING CLUBS SIX,0.3476,0.0062,0.6462
DIAMONDS KING HEARTS KING,0.1242,0.0146,0.8612
HEARTS THREE HEARTS KING,0.3432,0.012,0.6448
SPADES QUEEN CLUBS SIX,0.3462,0.0124,0.6414
SPADES NINE HEARTS TEN,0.295,0.0246,0.6804
SPADES NINE HEARTS JACK,0.3126,0.0218,0.6656
SPADES QUEEN SPADES FIVE,0.3256,0.0126,0.6618
SPADES KING SPADES FIVE,0.3306,0.0086,0.6608
SPADES ACE SPADES FIVE,0.324,0.005,0.671
SPADES NINE HEARTS QUEEN,0.314,0.0112,0.6748
SPADES NINE HEARTS KING,0.3174,0.0106,0.672
SPADES NINE HEARTS ACE,0.3208,0.0044,0.6748
CLUBS TEN SPADES JACK,0.3034,0.0178,0.6788
CLUBS TEN SPADES TEN,0.1282,0.0518,0.82
SPADES ACE CLUBS TEN,0.3258,0.0048,0.6694
CLUBS TEN SPADES KING,0.312,0.0074,0.6806
CLUBS TEN SPADES QUEEN,0.3174,0.0096,0.673
SPADES FIVE HEARTS QUEEN,0.35,0.0128,0.6372
SPADES FIVE HEARTS KING,0.3558,0.008,0.6362
HEARTS ACE SPADES FIVE,0.3394,0.0062,0.6544
CLUBS EIGHT SPADES TEN,0.1982,0.0838,0.718
HEARTS THREE SPADES JACK,0.3616,0.022,0.6164
SPADES JACK DIAMONDS KING,0.3184,0.0068,0.6748
SPADES TEN DIAMONDS KING,0.3106,0.0066,0.6828
HEARTS THREE SPADES TEN,0.3578,0.0302,0.612
CLUBS EIGHT SPADES JACK,0.2208,0.0616,0.7176
CLUBS SIX HEARTS ACE,0.3486,0.005,0.6464
SPADES ACE CLUBS EIGHT,0.2138,0.032,0.7542
CLUBS JACK HEARTS FIVE,0.3404,0.023,0.6366
CLUBS TEN HEARTS FIVE,0.3548,0.0336,0.6116
CLUBS SIX HEARTS QUEEN,0.3568,0.0128,0.6304
SPADES QUEEN CLUBS EIGHT,0.2174,0.0544,0.7282
CLUBS TEN SPADES THREE,0.3538,0.0318,0.6144
CLUBS SIX HEARTS KING,0.3492,0.008,0.6428
SPADES KING CLUBS EIGHT,0.2258,0.0354,0.7388
CLUBS JACK SPADES THREE,0.3702,0.0188,0.611
DIAMONDS TWO HEARTS JACK,0.2336,0.0562,0.7102
SPADES THREE CLUBS QUEEN,0.3498,0.0144,0.6358
DIAMONDS TWO HEARTS TEN,0.241,0.0712,0.6878
SPADES THREE CLUBS KING,0.35,0.01,0.64
HEARTS FIVE CLUBS ACE,0.3362,0.0054,0.6584
SPADES FIVE HEARTS TEN,0.3488,0.0324,0.6188
SPADES THREE CLUBS ACE,0.3448,0.005,0.6502
HEARTS FIVE CLUBS KING,0.351,0.0092,0.6398
SPADES FIVE HEARTS JACK,0.3516,0.0214,0.627
HEARTS FIVE CLUBS QUEEN,0.3494,0.0142,0.6364
HEARTS THREE CLUBS KING,0.367,0.0124,0.6206
DIAMONDS KING CLUBS KING,0.1214,0.0142,0.8644
HEARTS THREE CLUBS QUEEN,0.3742,0.0118,0.614
DIAMONDS KING CLUBS QUEEN,0.3286,0.0068,0.6646
HEARTS FIVE HEARTS JACK,0.339,0.0198,0.6412
HEARTS FIVE HEARTS TEN,0.3368,0.0268,0.6364
HEARTS THREE CLUBS ACE,0.3474,0.007,0.6456
DIAMONDS KING CLUBS ACE,0.318,0.0052,0.6768
SPADES ACE CLUBS QUEEN,0.3202,0.0064,0.6734
SPADES KING CLUBS QUEEN,0.317,0.007,0.676
CLUBS JACK HEARTS THREE,0.349,0.0218,0.6292
CLUBS JACK DIAMONDS KING,0.3146,0.0058,0.6796
SPADES QUEEN CLUBS QUEEN,0.1282,0.0294,0.8424
CLUBS TEN HEARTS THREE,0.3474,0.0346,0.618
CLUBS TEN DIAMONDS KING,0.307,0.0062,0.6868
SPADES JACK CLUBS QUEEN,0.3104,0.0108,0.6788
CLUBS SIX CLUBS QUEEN,0.3284,0.0128,0.6588
SPADES TEN CLUBS QUEEN,0.3132,0.0076,0.6792
CLUBS SIX CLUBS KING,0.3332,0.0056,0.6612
CLUBS SIX CLUBS ACE,0.3368,0.005,0.6582
HEARTS FIVE HEARTS KING,0.3324,0.0084,0.6592
HEARTS FIVE HEARTS QUEEN,0.3254,0.0138,0.6608
CLUBS TEN CLUBS SIX,0.3298,0.0288,0.6414
HEARTS FIVE HEARTS ACE,0.3186,0.0044,0.677
CLUBS JACK CLUBS SIX,0.3278,0.018,0.6542
SPADES SEVEN HEARTS JACK,0.328,0.0174,0.6546
SPADES SEVEN HEARTS TEN,0.3358,0.0314,0.6328
DIAMONDS TWO CLUBS THREE,0.5948,0.1504,0.2548
HEARTS SIX DIAMONDS TWO,0.622,0.142,0.236
DIAMONDS TWO HEARTS QUEEN,0.2336,0.0406,0.7258
DIAMONDS TWO HEARTS SEVEN,0.6342,0.1408,0.225
DIAMONDS TWO HEARTS KING,0.2376,0.0274,0.735
DIAMONDS TWO HEARTS ACE,0.2318,0.0168,0.7514
DIAMONDS TWO HEARTS NINE,0.2282,0.1082,0.6636
DIAMONDS TWO DIAMONDS QUEEN,0.223,0.0376,0.7394
DIAMONDS TWO HEARTS TWO,0.2746,0.0718,0.6536
DIAMONDS TWO DIAMONDS KING,0.2266,0.0236,0.7498
HEARTS THREE DIAMONDS TWO,0.6016,0.1448,0.2536
DIAMONDS TWO DIAMONDS ACE,0.224,0.0166,0.7594
HEARTS FOUR DIAMONDS TWO,0.5996,0.1448,0.2556
DIAMONDS TWO HEARTS FIVE,0.575,0.1566,0.2684
SPADES SEVEN HEARTS ACE,0.3428,0.004,0.6532
DIAMONDS TWO DIAMONDS TEN,0.2254,0.076,0.6986
SPADES SEVEN HEARTS KING,0.3442,0.007,0.6488
DIAMONDS TWO DIAMONDS JACK,0.2306,0.0512,0.7182
SPADES SEVEN HEARTS QUEEN,0.3518,0.0138,0.6344
DIAMONDS TWO SPADES NINE,0.236,0.1022,0.6618
DIAMONDS TWO SPADES EIGHT,0.0204,0.9562,0.0234
DIAMONDS TWO SPADES SEVEN,0.6246,0.1354,0.24
DIAMONDS TWO SPADES SIX,0.6218,0.1444,0.2338
DIAMONDS TWO SPADES FIVE,0.596,0.1434,0.2606
DIAMONDS TWO SPADES FOUR,0.5952,0.1422,0.2626
DIAMONDS TWO SPADES THREE,0.5958,0.1382,0.266
DIAMONDS TWO SPADES TWO,0.2594,0.075,0.6656
DIAMONDS TWO CLUBS NINE,0.2272,0.1056,0.6672
CLUBS EIGHT DIAMONDS TWO,0.015,0.9688,0.0162
DIAMONDS TWO CLUBS SEVEN,0.62,0.1378,0.2422
DIAMONDS TWO CLUBS SIX,0.6112,0.1388,0.25
DIAMONDS TWO CLUBS FIVE,0.585,0.152,0.263
DIAMONDS TWO CLUBS FOUR,0.5862,0.1496,0.2642
CLUBS FOUR SPADES FIVE,0.5024,0.0698,0.4278
CLUBS FOUR SPADES FOUR,0.2504,0.1062,0.6434
CLUBS FOUR SPADES THREE,0.531,0.071,0.398
CLUBS FOUR SPADES TWO,0.5944,0.1492,0.2564
SPADES NINE CLUBS FOUR,0.3518,0.0442,0.604
SPADES EIGHT CLUBS FOUR,0.211,0.4982,0.2908
CLUBS FOUR SPADES SEVEN,0.5234,0.0658,0.4108
CLUBS FOUR SPADES SIX,0.5104,0.0668,0.4228
SPADES ACE DIAMONDS SIX,0.3526,0.0064,0.641
SPADES QUEEN DIAMONDS SIX,0.3622,0.012,0.6258
SPADES KING DIAMONDS SIX,0.3508,0.0072,0.642
SPADES TEN DIAMONDS SIX,0.3366,0.0278,0.6356
SPADES JACK DIAMONDS SIX,0.365,0.0186,0.6164
SPADES QUEEN SPADES TWO,0.232,0.0404,0.7276
SPADES KING SPADES TWO,0.2256,0.0258,0.7486
SPADES ACE SPADES TWO,0.2172,0.0168,0.766
CLUBS JACK DIAMONDS JACK,0.1346,0.0338,0.8316
CLUBS TEN DIAMONDS JACK,0.307,0.0148,0.6782
DIAMONDS JACK CLUBS KING,0.3106,0.0058,0.6836
DIAMONDS JACK CLUBS QUEEN,0.3086,0.0102,0.6812
DIAMONDS THREE DIAMONDS JACK,0.3338,0.021,0.6452
DIAMONDS THREE DIAMONDS TEN,0.331,0.0258,0.6432
DIAMONDS JACK CLUBS ACE,0.3208,0.0044,0.6748
DIAMONDS THREE DIAMONDS KING,0.3408,0.0094,0.6498
HEARTS THREE DIAMONDS THREE,0.2672,0.1126,0.6202
DIAMONDS THREE DIAMONDS QUEEN,0.3326,0.0114,0.656
DIAMONDS THREE HEARTS TWO,0.6208,0.1404,0.2388
HEARTS FIVE DIAMONDS THREE,0.5168,0.0732,0.41
DIAMONDS THREE DIAMONDS ACE,0.3266,0.0056,0.6678
HEARTS FOUR DIAMONDS THREE,0.5212,0.0664,0.4124
DIAMONDS THREE HEARTS SEVEN,0.5376,0.0758,0.3866
SPADES TEN SPADES NINE,0.2842,0.0226,0.6932
HEARTS SIX DIAMONDS THREE,0.5238,0.0666,0.4096
SPADES JACK SPADES NINE,0.2902,0.0138,0.696
DIAMONDS THREE HEARTS NINE,0.3494,0.043,0.6076
HEARTS JACK DIAMONDS FOUR,0.3582,0.0214,0.6204
HEARTS ACE HEARTS KING,0.2968,0.004,0.6992
SPADES TEN SPADES TWO,0.218,0.0736,0.7084
HEARTS TEN DIAMONDS FOUR,0.3536,0.0308,0.6156
SPADES JACK SPADES TWO,0.2338,0.0574,0.7088
HEARTS QUEEN DIAMONDS FOUR,0.3658,0.0104,0.6238
HEARTS KING DIAMONDS FOUR,0.3458,0.0076,0.6466
SPADES ACE SPADES NINE,0.3048,0.0028,0.6924
HEARTS ACE DIAMONDS FOUR,0.338,0.0062,0.6558
SPADES KING SPADES NINE,0.296,0.0052,0.6988
SPADES QUEEN SPADES NINE,0.303,0.013,0.684
DIAMONDS THREE SPADES NINE,0.37,0.0442,0.5858
DIAMONDS THREE SPADES EIGHT,0.2194,0.5276,0.253
DIAMONDS THREE SPADES SEVEN,0.528,0.0656,0.4064
DIAMONDS THREE SPADES SIX,0.5288,0.0736,0.3976
DIAMONDS THREE CLUBS SIX,0.5338,0.0736,0.3926
CLUBS SIX CLUBS FIVE,0.4828,0.0614,0.4558
CLUBS ACE DIAMONDS FOUR,0.3494,0.007,0.6436
DIAMONDS THREE CLUBS SEVEN,0.5314,0.0692,0.3994
CLUBS SEVEN CLUBS FIVE,0.476,0.069,0.455
DIAMONDS THREE CLUBS FOUR,0.5106,0.0728,0.4166
DIAMONDS FOUR CLUBS QUEEN,0.3572,0.0134,0.6294
DIAMONDS THREE CLUBS FIVE,0.5018,0.0762,0.422
DIAMONDS FOUR CLUBS KING,0.354,0.0088,0.6372
CLUBS TEN DIAMONDS FOUR,0.3606,0.0306,0.6088
DIAMONDS THREE CLUBS THREE,0.2518,0.107,0.6412
CLUBS JACK DIAMONDS FOUR,0.3544,0.0206,0.625
DIAMONDS THREE SPADES FOUR,0.538,0.0724,0.3896
DIAMONDS THREE SPADES FIVE,0.5206,0.0672,0.4122
DIAMONDS THREE SPADES TWO,0.596,0.1518,0.2522
DIAMONDS THREE SPADES THREE,0.2682,0.1098,0.622
CLUBS EIGHT DIAMONDS THREE,0.2034,0.5338,0.2628
CLUBS NINE DIAMONDS THREE,0.3522,0.0442,0.6036
SPADES SEVEN CLUBS ACE,0.3536,0.0048,0.6416
SPADES SEVEN CLUBS QUEEN,0.3568,0.0106,0.6326
SPADES SEVEN CLUBS KING,0.3504,0.0074,0.6422
SPADES SEVEN CLUBS FIVE,0.5016,0.0678,0.4306
CLUBS TEN SPADES SEVEN,0.3268,0.03,0.6432
CLUBS FIVE SPADES SIX,0.495,0.0694,0.4356
CLUBS JACK SPADES SEVEN,0.3484,0.0178,0.6338
SPADES NINE CLUBS FIVE,0.3484,0.0396,0.612
SPADES EIGHT CLUBS FIVE,0.198,0.4658,0.3362
CLUBS FIVE SPADES THREE,0.518,0.0702,0.4118
CLUBS FIVE SPADES TWO,0.5832,0.1446,0.2722
CLUBS FIVE SPADES FIVE,0.2398,0.1,0.6602
CLUBS FIVE SPADES FOUR,0.4914,0.0656,0.443
CLUBS NINE CLUBS FIVE,0.325,0.043,0.632
CLUBS EIGHT CLUBS FIVE,0.2096,0.4178,0.3726
CLUBS ACE CLUBS QUEEN,0.312,0.004,0.684
CLUBS KING CLUBS QUEEN,0.2962,0.008,0.6958
DIAMONDS TEN DIAMONDS FOUR,0.3224,0.0256,0.652
CLUBS TEN DIAMONDS NINE,0.2994,0.0204,0.6802
DIAMONDS JACK DIAMONDS FOUR,0.3402,0.0246,0.6352
CLUBS JACK DIAMONDS NINE,0.2962,0.0174,0.6864
CLUBS JACK SPADES NINE,0.3014,0.0154,0.6832
CLUBS TEN SPADES NINE,0.2982,0.023,0.6788
DIAMONDS ACE DIAMONDS FOUR,0.3268,0.0048,0.6684
HEARTS FOUR DIAMONDS FOUR,0.2714,0.0934,0.6352
DIAMONDS JACK HEARTS TEN,0.299,0.0172,0.6838
SPADES NINE CLUBS KING,0.3114,0.0074,0.6812
DIAMONDS TWO SPADES TEN,0.236,0.0778,0.6862
DIAMONDS NINE CLUBS ACE,0.324,0.0024,0.6736
HEARTS FIVE DIAMONDS FOUR,0.5004,0.068,0.4316
DIAMONDS JACK HEARTS JACK,0.1262,0.0424,0.8314
SPADES NINE CLUBS QUEEN,0.3168,0.0128,0.6704
DIAMONDS TWO SPADES JACK,0.2358,0.0496,0.7146
DIAMONDS QUEEN DIAMONDS FOUR,0.3398,0.0122,0.648
HEARTS TWO DIAMONDS FOUR,0.5972,0.1466,0.2562
DIAMONDS NINE CLUBS QUEEN,0.3094,0.0108,0.6798
DIAMONDS KING DIAMONDS FOUR,0.3372,0.0094,0.6534
HEARTS THREE DIAMONDS FOUR,0.5306,0.0726,0.3968
SPADES NINE CLUBS ACE,0.316,0.0052,0.6788
DIAMONDS NINE CLUBS KING,0.323,0.0086,0.6684
HEARTS ACE DIAMONDS JACK,0.3112,0.0032,0.6856
SPADES ACE DIAMONDS TWO,0.2392,0.0148,0.746
HEARTS QUEEN DIAMONDS JACK,0.3244,0.0106,0.665
SPADES QUEEN DIAMONDS TWO,0.2516,0.0386,0.7098
DIAMONDS JACK HEARTS KING,0.3222,0.007,0.6708
SPADES KING DIAMONDS TWO,0.2446,0.0278,0.7276
SPADES JACK SPADES SEVEN,0.3156,0.0182,0.6662
SPADES TEN SPADES SEVEN,0.2996,0.0276,0.6728
CLUBS SEVEN CLUBS THREE,0.5078,0.0608,0.4314
CLUBS SIX CLUBS THREE,0.4946,0.0672,0.4382
CLUBS FIVE CLUBS THREE,0.4986,0.0678,0.4336
CLUBS FOUR CLUBS THREE,0.4956,0.0644,0.44
CLUBS NINE CLUBS THREE,0.3464,0.0434,0.6102
CLUBS EIGHT CLUBS THREE,0.209,0.5094,0.2816
SPADES FIVE CLUBS THREE,0.5032,0.0708,0.426
CLUBS THREE SPADES FOUR,0.5178,0.0684,0.4138
CLUBS THREE SPADES THREE,0.2658,0.1146,0.6196
CLUBS THREE SPADES TWO,0.596,0.1396,0.2644
SPADES SIX CLUBS THREE,0.5134,0.0742,0.4124
SPADES SEVEN CLUBS THREE,0.5258,0.0664,0.4078
SPADES EIGHT CLUBS THREE,0.2162,0.5468,0.237
SPADES NINE CLUBS THREE,0.3578,0.0476,0.5946
SPADES TWO DIAMONDS FOUR,0.5952,0.1412,0.2636
SPADES THREE DIAMONDS FOUR,0.5278,0.0686,0.4036
SPADES FOUR DIAMONDS FOUR,0.2608,0.0998,0.6394
SPADES FIVE DIAMONDS FOUR,0.4932,0.0706,0.4362
SPADES SIX DIAMONDS FOUR,0.5082,0.0658,0.426
SPADES SEVEN DIAMONDS FOUR,0.5304,0.0624,0.4072
SPADES EIGHT DIAMONDS FOUR,0.2236,0.4984,0.278
SPADES NINE DIAMONDS FOUR,0.3552,0.0416,0.6032
CLUBS FIVE DIAMONDS FOUR,0.5,0.0656,0.4344
CLUBS FOUR DIAMONDS FOUR,0.2436,0.1102,0.6462
CLUBS SEVEN DIAMONDS FOUR,0.5156,0.0722,0.4122
CLUBS SIX DIAMONDS FOUR,0.5162,0.0636,0.4202
CLUBS NINE DIAMONDS FOUR,0.347,0.0402,0.6128
CLUBS EIGHT DIAMONDS FOUR,0.2202,0.4978,0.282
DIAMONDS FOUR HEARTS SEVEN,0.5354,0.0686,0.396
HEARTS SIX DIAMONDS FOUR,0.5238,0.0716,0.4046
DIAMONDS FOUR HEARTS NINE,0.356,0.0396,0.6044
CLUBS THREE DIAMONDS FOUR,0.5078,0.0758,0.4164
DIAMONDS TEN DIAMONDS FIVE,0.3302,0.0294,0.6404
DIAMONDS JACK DIAMONDS FIVE,0.335,0.0168,0.6482
DIAMONDS NINE HEARTS QUEEN,0.3094,0.01,0.6806
DIAMONDS NINE HEARTS KING,0.3138,0.0096,0.6766
HEARTS ACE DIAMONDS NINE,0.3198,0.0034,0.6768
DIAMONDS NINE HEARTS TEN,0.2992,0.0228,0.678
DIAMONDS NINE HEARTS JACK,0.3024,0.0164,0.6812
CLUBS KING DIAMONDS SIX,0.3502,0.0074,0.6424
CLUBS QUEEN DIAMONDS SIX,0.3414,0.009,0.6496
CLUBS ACE DIAMONDS SIX,0.3424,0.0048,0.6528
SPADES KING DIAMONDS FOUR,0.3518,0.0114,0.6368
SPADES ACE SPADES SEVEN,0.321,0.0056,0.6734
SPADES QUEEN DIAMONDS FOUR,0.3548,0.0138,0.6314
SPADES QUEEN SPADES SEVEN,0.3486,0.013,0.6384
CLUBS JACK DIAMONDS SIX,0.357,0.0166,0.6264
SPADES KING SPADES SEVEN,0.3404,0.0062,0.6534
SPADES ACE DIAMONDS FOUR,0.3584,0.0036,0.638
CLUBS TEN DIAMONDS SIX,0.3462,0.0226,0.6312
CLUBS NINE CLUBS FOUR,0.3414,0.0434,0.6152
CLUBS EIGHT CLUBS FOUR,0.2178,0.4744,0.3078
SPADES JACK DIAMONDS FOUR,0.3586,0.0168,0.6246
SPADES TEN DIAMONDS FOUR,0.3716,0.028,0.6004
CLUBS FOUR CLUBS FIVE,0.4792,0.0674,0.4534
CLUBS SEVEN CLUBS FOUR,0.4938,0.0702,0.436
CLUBS SIX CLUBS FOUR,0.4746,0.0694,0.456
CLUBS SEVEN SPADES EIGHT,0.2166,0.3018,0.4816
SPADES NINE CLUBS SEVEN,0.3062,0.0402,0.6536
CLUBS SEVEN SPADES SIX,0.5012,0.0634,0.4354
CLUBS SEVEN SPADES SEVEN,0.2364,0.0902,0.6734
CLUBS SEVEN SPADES FIVE,0.4978,0.067,0.4352
CLUBS SEVEN SPADES FOUR,0.5158,0.0698,0.4144
CLUBS SEVEN SPADES THREE,0.5334,0.071,0.3956
CLUBS SEVEN SPADES TWO,0.629,0.1364,0.2346
CLUBS NINE CLUBS SEVEN,0.3012,0.0392,0.6596
CLUBS EIGHT CLUBS SEVEN,0.204,0.2792,0.5168
HEARTS SIX DIAMONDS FIVE,0.4998,0.0654,0.4348
DIAMONDS FIVE HEARTS SEVEN,0.5188,0.066,0.4152
DIAMONDS FIVE HEARTS NINE,0.3382,0.0438,0.618
DIAMONDS QUEEN DIAMONDS FIVE,0.3364,0.012,0.6516
HEARTS TWO DIAMONDS FIVE,0.592,0.1482,0.2598
DIAMONDS KING DIAMONDS FIVE,0.3302,0.0074,0.6624
HEARTS THREE DIAMONDS FIVE,0.5234,0.0682,0.4084
DIAMONDS ACE DIAMONDS FIVE,0.3174,0.007,0.6756
HEARTS FOUR DIAMONDS FIVE,0.5092,0.0712,0.4196
HEARTS FIVE DIAMONDS FIVE,0.2662,0.09,0.6438
CLUBS FOUR DIAMONDS FIVE,0.499,0.065,0.436
CLUBS FIVE DIAMONDS FIVE,0.2444,0.0984,0.6572
CLUBS SIX DIAMONDS FIVE,0.5098,0.066,0.4242
CLUBS SEVEN DIAMONDS FIVE,0.5024,0.0624,0.4352
CLUBS THREE DIAMONDS FIVE,0.5138,0.068,0.4182
SPADES THREE DIAMONDS FIVE,0.5106,0.0728,0.4166
SPADES TWO DIAMONDS FIVE,0.6018,0.1332,0.265
SPADES JACK DIAMONDS EIGHT,0.22,0.0612,0.7188
SPADES FIVE DIAMONDS FIVE,0.2634,0.0894,0.6472
CLUBS TEN HEARTS JACK,0.3006,0.0146,0.6848
SPADES TEN DIAMONDS EIGHT,0.2192,0.082,0.6988
SPADES FOUR DIAMONDS FIVE,0.5094,0.066,0.4246
CLUBS JACK HEARTS JACK,0.1212,0.038,0.8408
HEARTS JACK CLUBS QUEEN,0.3038,0.0104,0.6858
CLUBS NINE DIAMONDS FIVE,0.3406,0.041,0.6184
CLUBS EIGHT DIAMONDS FIVE,0.2048,0.4556,0.3396
HEARTS JACK CLUBS KING,0.3028,0.007,0.6902
CLUBS ACE HEARTS JACK,0.3154,0.006,0.6786
SPADES SEVEN DIAMONDS FIVE,0.5042,0.0702,0.4256
SPADES KING DIAMONDS EIGHT,0.2206,0.0334,0.746
SPADES QUEEN DIAMONDS EIGHT,0.2398,0.0488,0.7114
SPADES SIX DIAMONDS FIVE,0.501,0.0672,0.4318
SPADES NINE DIAMONDS FIVE,0.3454,0.0426,0.612
SPADES EIGHT DIAMONDS FIVE,0.2126,0.4386,0.3488
SPADES ACE DIAMONDS EIGHT,0.222,0.025,0.753
DIAMONDS TEN DIAMONDS SIX,0.3336,0.03,0.6364
HEARTS ACE DIAMONDS SEVEN,0.3498,0.0048,0.6454
DIAMONDS JACK DIAMONDS SIX,0.3402,0.0156,0.6442
HEARTS QUEEN DIAMONDS SEVEN,0.345,0.0112,0.6438
HEARTS KING DIAMONDS SEVEN,0.3416,0.0082,0.6502
DIAMONDS ACE DIAMONDS SIX,0.3258,0.0058,0.6684
HEARTS FOUR DIAMONDS SIX,0.5236,0.0674,0.409
SPADES TWO HEARTS JACK,0.2324,0.0554,0.7122
HEARTS FIVE DIAMONDS SIX,0.4942,0.0634,0.4424
SPADES TWO HEARTS TEN,0.2258,0.0784,0.6958
DIAMONDS QUEEN DIAMONDS SIX,0.3262,0.0106,0.6632
HEARTS TWO DIAMONDS SIX,0.621,0.1426,0.2364
DIAMONDS KING DIAMONDS SIX,0.3268,0.0074,0.6658
HEARTS THREE DIAMONDS SIX,0.5304,0.072,0.3976
HEARTS NINE DIAMONDS SIX,0.319,0.0422,0.6388
HEARTS SIX DIAMONDS SIX,0.2632,0.0842,0.6526
HEARTS SEVEN DIAMONDS SIX,0.503,0.059,0.438
HEARTS TEN DIAMONDS SEVEN,0.319,0.0278,0.6532
HEARTS JACK DIAMONDS SEVEN,0.3398,0.0188,0.6414
CLUBS THREE DIAMONDS SIX,0.53,0.0672,0.4028
CLUBS SEVEN DIAMONDS SIX,0.507,0.06,0.433
CLUBS JACK DIAMONDS EIGHT,0.2136,0.0628,0.7236
CLUBS SIX DIAMONDS SIX,0.247,0.0908,0.6622
CLUBS TEN DIAMONDS EIGHT,0.2206,0.0764,0.703
CLUBS FIVE DIAMONDS SIX,0.5132,0.0632,0.4236
CLUBS FOUR DIAMONDS SIX,0.5154,0.0638,0.4208
HEARTS ACE HEARTS JACK,0.298,0.0058,0.6962
DIAMONDS EIGHT CLUBS ACE,0.217,0.0268,0.7562
HEARTS QUEEN HEARTS JACK,0.2936,0.0102,0.6962
DIAMONDS EIGHT CLUBS KING,0.228,0.0338,0.7382
CLUBS NINE DIAMONDS SIX,0.3334,0.039,0.6276
HEARTS KING HEARTS JACK,0.3076,0.0104,0.682
CLUBS EIGHT DIAMONDS SIX,0.2048,0.3724,0.4228
DIAMONDS EIGHT CLUBS QUEEN,0.227,0.047,0.726
SPADES TEN HEARTS KING,0.3296,0.0066,0.6638
SPADES FIVE DIAMONDS SIX,0.4966,0.0694,0.434
HEARTS ACE SPADES TWO,0.2418,0.0174,0.7408
SPADES JACK HEARTS KING,0.3092,0.007,0.6838
SPADES FOUR DIAMONDS SIX,0.5152,0.0728,0.412
SPADES THREE DIAMONDS SIX,0.5294,0.0626,0.408
HEARTS QUEEN SPADES TWO,0.236,0.0428,0.7212
SPADES ACE SPADES KING,0.3,0.0058,0.6942
HEARTS KING SPADES TWO,0.2402,0.0284,0.7314
SPADES TWO DIAMONDS SIX,0.6164,0.1406,0.243
SPADES NINE DIAMONDS SIX,0.3302,0.0376,0.6322
SPADES EIGHT DIAMONDS SIX,0.2086,0.3812,0.4102
SPADES SEVEN DIAMONDS SIX,0.505,0.0652,0.4298
SPADES SIX DIAMONDS SIX,0.2548,0.0874,0.6578
SPADES KING HEARTS KING,0.1296,0.0138,0.8566
SPADES QUEEN HEARTS KING,0.3238,0.0076,0.6686
CLUBS ACE CLUBS KING,0.3086,0.0048,0.6866
SPADES ACE HEARTS KING,0.3174,0.0036,0.679
SPADES ACE HEARTS JACK,0.3222,0.0062,0.6716
SPADES QUEEN HEARTS JACK,0.3168,0.0104,0.6728
SPADES KING HEARTS JACK,0.3252,0.0082,0.6666
SPADES TEN DIAMONDS TEN,0.1354,0.052,0.8126
SPADES JACK DIAMONDS TEN,0.2898,0.0136,0.6966
SPADES ACE DIAMONDS TEN,0.3244,0.0046,0.671
SPADES JACK HEARTS JACK,0.1276,0.0362,0.8362
SPADES TEN HEARTS JACK,0.3012,0.0158,0.683
SPADES QUEEN DIAMONDS TEN,0.3194,0.0092,0.6714
SPADES KING DIAMONDS TEN,0.3166,0.0058,0.6776
SPADES NINE DIAMONDS SEVEN,0.3234,0.035,0.6416
SPADES EIGHT DIAMONDS SEVEN,0.2078,0.3024,0.4898
SPADES SEVEN DIAMONDS SEVEN,0.2468,0.0834,0.6698
SPADES SIX DIAMONDS SEVEN,0.5036,0.0682,0.4282
DIAMONDS KING DIAMONDS SEVEN,0.3328,0.007,0.6602
HEARTS THREE DIAMONDS SEVEN,0.5462,0.0634,0.3904
HEARTS KING DIAMONDS FIVE,0.3428,0.0084,0.6488
DIAMONDS QUEEN DIAMONDS SEVEN,0.3394,0.0118,0.6488
HEARTS TWO DIAMONDS SEVEN,0.6278,0.1348,0.2374
HEARTS QUEEN DIAMONDS FIVE,0.3422,0.0128,0.645
HEARTS FIVE DIAMONDS SEVEN,0.5028,0.0664,0.4308
DIAMONDS ACE DIAMONDS SEVEN,0.3368,0.0048,0.6584
HEARTS FOUR DIAMONDS SEVEN,0.5152,0.0674,0.4174
HEARTS ACE DIAMONDS FIVE,0.3308,0.0048,0.6644
HEARTS SEVEN DIAMONDS SEVEN,0.243,0.0766,0.6804
HEARTS SIX DIAMONDS SEVEN,0.4972,0.0658,0.437
DIAMONDS SEVEN HEARTS NINE,0.3142,0.0426,0.6432
DIAMONDS JACK DIAMONDS SEVEN,0.3238,0.0162,0.66
DIAMONDS FIVE HEARTS JACK,0.3636,0.0204,0.616
DIAMONDS TEN DIAMONDS SEVEN,0.3142,0.0302,0.6556
HEARTS TEN DIAMONDS FIVE,0.3466,0.0306,0.6228
CLUBS EIGHT DIAMONDS SEVEN,0.2148,0.2898,0.4954
HEARTS KING CLUBS KING,0.1062,0.0158,0.878
HEARTS KING CLUBS QUEEN,0.318,0.0088,0.6732
CLUBS NINE DIAMONDS SEVEN,0.3226,0.0388,0.6386
CLUBS JACK SPADES TWO,0.2372,0.0532,0.7096
CLUBS SIX CLUBS SEVEN,0.4718,0.0598,0.4684
CLUBS TEN SPADES TWO,0.2354,0.076,0.6886
HEARTS KING CLUBS ACE,0.3094,0.0042,0.6864
SPADES TWO CLUBS KING,0.2408,0.0292,0.73
SPADES TWO DIAMONDS SEVEN,0.6306,0.1328,0.2366
CLUBS EIGHT CLUBS SIX,0.212,0.3414,0.4466
SPADES THREE DIAMONDS SEVEN,0.5388,0.0716,0.3896
SPADES TWO CLUBS QUEEN,0.2346,0.0384,0.727
CLUBS NINE CLUBS SIX,0.3164,0.0394,0.6442
SPADES FOUR DIAMONDS SEVEN,0.5308,0.0668,0.4024
CLUBS JACK HEARTS KING,0.31,0.0062,0.6838
SPADES FIVE DIAMONDS SEVEN,0.5042,0.0698,0.426
SPADES TWO CLUBS ACE,0.2366,0.0146,0.7488
CLUBS TEN HEARTS KING,0.3076,0.0088,0.6836
CLUBS SIX SPADES TWO,0.6074,0.1526,0.24
CLUBS SIX SPADES THREE,0.531,0.0646,0.4044
CLUBS SIX SPADES FOUR,0.508,0.0666,0.4254
CLUBS THREE DIAMONDS SEVEN,0.5342,0.0638,0.402
CLUBS SIX SPADES FIVE,0.4982,0.067,0.4348
CLUBS FOUR DIAMONDS SEVEN,0.5184,0.0694,0.4122
CLUBS SIX SPADES SIX,0.2524,0.0892,0.6584
CLUBS FIVE DIAMONDS SEVEN,0.5178,0.072,0.4102
CLUBS SIX SPADES SEVEN,0.4962,0.0684,0.4354
CLUBS SIX DIAMONDS SEVEN,0.4874,0.0656,0.447
CLUBS SIX SPADES EIGHT,0.2116,0.3668,0.4216
CLUBS SEVEN DIAMONDS SEVEN,0.2364,0.0882,0.6754
CLUBS SIX SPADES NINE,0.322,0.045,0.633
CLUBS THREE DIAMONDS EIGHT,0.2122,0.5366,0.2512
DIAMONDS EIGHT HEARTS SEVEN,0.216,0.2998,0.4842
HEARTS SIX DIAMONDS EIGHT,0.2098,0.3766,0.4136
DIAMONDS EIGHT HEARTS NINE,0.216,0.1092,0.6748
CLUBS NINE DIAMONDS EIGHT,0.2268,0.1034,0.6698
CLUBS EIGHT DIAMONDS EIGHT,0.0644,0.0896,0.846
CLUBS FIVE DIAMONDS EIGHT,0.2136,0.4514,0.335
SPADES ACE SPADES THREE,0.339,0.0064,0.6546
CLUBS FOUR DIAMONDS EIGHT,0.2104,0.5038,0.2858
CLUBS SEVEN DIAMONDS EIGHT,0.2096,0.2944,0.496
SPADES QUEEN SPADES THREE,0.3324,0.0132,0.6544
CLUBS SIX DIAMONDS EIGHT,0.2142,0.3702,0.4156
SPADES KING SPADES THREE,0.3524,0.008,0.6396
DIAMONDS QUEEN DIAMONDS EIGHT,0.2168,0.0472,0.736
HEARTS TWO DIAMONDS EIGHT,0.0184,0.9726,0.009
DIAMONDS KING DIAMONDS EIGHT,0.222,0.0346,0.7434
HEARTS THREE DIAMONDS EIGHT,0.2284,0.5226,0.249
DIAMONDS ACE DIAMONDS EIGHT,0.2144,0.0262,0.7594
HEARTS FOUR DIAMONDS EIGHT,0.2232,0.5092,0.2676
HEARTS FIVE DIAMONDS EIGHT,0.2206,0.4466,0.3328
DIAMONDS EIGHT DIAMONDS TEN,0.2174,0.0728,0.7098
DIAMONDS EIGHT DIAMONDS JACK,0.2122,0.0628,0.725
SPADES JACK SPADES THREE,0.3346,0.0184,0.647
SPADES TEN SPADES THREE,0.3298,0.0302,0.64
CLUBS FOUR HEARTS ACE,0.3346,0.005,0.6604
CLUBS FOUR HEARTS QUEEN,0.3536,0.0118,0.6346
CLUBS FOUR HEARTS KING,0.3444,0.008,0.6476
CLUBS SIX HEARTS TEN,0.331,0.0278,0.6412
CLUBS SIX HEARTS JACK,0.3614,0.0206,0.618
DIAMONDS EIGHT SPADES FOUR,0.212,0.5074,0.2806
SPADES FIVE DIAMONDS EIGHT,0.2046,0.4406,0.3548
DIAMONDS EIGHT SPADES TWO,0.0216,0.9598,0.0186
DIAMONDS EIGHT SPADES THREE,0.2176,0.5276,0.2548
CLUBS FOUR HEARTS JACK,0.3474,0.0168,0.6358
SPADES EIGHT DIAMONDS EIGHT,0.0756,0.0886,0.8358
SPADES TEN DIAMONDS QUEEN,0.313,0.009,0.678
SPADES TEN HEARTS TWO,0.2336,0.074,0.6924
CLUBS FOUR HEARTS TEN,0.3504,0.0272,0.6224
SPADES NINE DIAMONDS EIGHT,0.221,0.1026,0.6764
SPADES JACK HEARTS TWO,0.245,0.056,0.699
SPADES JACK DIAMONDS QUEEN,0.313,0.0098,0.6772
SPADES SIX DIAMONDS EIGHT,0.2094,0.373,0.4176
SPADES SEVEN DIAMONDS EIGHT,0.2098,0.2894,0.5008
SPADES ACE HEARTS TWO,0.2458,0.017,0.7372
SPADES ACE DIAMONDS QUEEN,0.3252,0.0052,0.6696
SPADES QUEEN HEARTS TWO,0.248,0.037,0.715
SPADES QUEEN DIAMONDS QUEEN,0.1354,0.027,0.8376
SPADES KING DIAMONDS QUEEN,0.3386,0.0052,0.6562
SPADES KING HEARTS TWO,0.2342,0.0244,0.7414
SPADES SEVEN DIAMONDS NINE,0.3136,0.0414,0.645
SPADES SIX DIAMONDS NINE,0.3314,0.0428,0.6258
SPADES NINE DIAMONDS NINE,0.1418,0.0582,0.8
SPADES EIGHT DIAMONDS NINE,0.2234,0.1144,0.6622
SPADES TEN CLUBS KING,0.3158,0.0078,0.6764
DIAMONDS NINE SPADES THREE,0.3558,0.0432,0.601
SPADES JACK CLUBS KING,0.3124,0.0076,0.68
DIAMONDS NINE SPADES TWO,0.2358,0.0978,0.6664
DIAMONDS NINE SPADES FIVE,0.339,0.0468,0.6142
DIAMONDS NINE SPADES FOUR,0.3522,0.0456,0.6022
CLUBS NINE DIAMONDS NINE,0.1292,0.0574,0.8134
CLUBS EIGHT DIAMONDS NINE,0.2058,0.1036,0.6906
CLUBS SIX DIAMONDS NINE,0.3324,0.04,0.6276
SPADES JACK CLUBS FOUR,0.353,0.02,0.627
CLUBS SEVEN DIAMONDS NINE,0.3032,0.0424,0.6544
SPADES TEN CLUBS FOUR,0.3578,0.027,0.6152
CLUBS FOUR DIAMONDS NINE,0.3492,0.0378,0.613
CLUBS FIVE DIAMONDS NINE,0.346,0.0416,0.6124
DIAMONDS NINE CLUBS THREE,0.34,0.0462,0.6138
DIAMONDS NINE HEARTS NINE,0.134,0.0618,0.8042
HEARTS SIX DIAMONDS NINE,0.334,0.0464,0.6196
DIAMONDS NINE HEARTS SEVEN,0.3202,0.0412,0.6386
CLUBS EIGHT CLUBS NINE,0.2122,0.1004,0.6874
DIAMONDS ACE DIAMONDS NINE,0.294,0.0032,0.7028
HEARTS FOUR DIAMONDS NINE,0.35,0.0428,0.6072
HEARTS FIVE DIAMONDS NINE,0.3504,0.046,0.6036
SPADES ACE CLUBS FOUR,0.3434,0.006,0.6506
DIAMONDS QUEEN DIAMONDS NINE,0.2864,0.0106,0.703
HEARTS TWO DIAMONDS NINE,0.24,0.107,0.653
SPADES KING CLUBS FOUR,0.3442,0.0098,0.646
DIAMONDS KING DIAMONDS NINE,0.297,0.0088,0.6942
HEARTS THREE DIAMONDS NINE,0.3642,0.0424,0.5934
SPADES QUEEN CLUBS FOUR,0.3454,0.014,0.6406
DIAMONDS NINE DIAMONDS JACK,0.2786,0.0178,0.7036
CLUBS EIGHT SPADES NINE,0.217,0.1092,0.6738
DIAMONDS NINE DIAMONDS TEN,0.2784,0.0228,0.6988
CLUBS EIGHT SPADES EIGHT,0.0716,0.092,0.8364
CLUBS EIGHT SPADES SEVEN,0.2114,0.2914,0.4972
CLUBS EIGHT SPADES SIX,0.2098,0.3698,0.4204
CLUBS EIGHT SPADES FIVE,0.2204,0.4404,0.3392
CLUBS EIGHT SPADES FOUR,0.2122,0.513,0.2748
CLUBS EIGHT SPADES THREE,0.2184,0.5264,0.2552
CLUBS EIGHT SPADES TWO,0.0072,0.9756,0.0172
HEARTS SIX DIAMONDS TEN,0.3578,0.0278,0.6144
DIAMONDS TEN HEARTS SEVEN,0.3286,0.025,0.6464
CLUBS JACK CLUBS FOUR,0.3358,0.0226,0.6416
DIAMONDS TEN HEARTS NINE,0.2852,0.0272,0.6876
CLUBS TEN CLUBS FOUR,0.3386,0.0306,0.6308
CLUBS FOUR CLUBS KING,0.3442,0.0084,0.6474
CLUBS FOUR CLUBS QUEEN,0.3458,0.013,0.6412
CLUBS THREE DIAMONDS TEN,0.3622,0.0298,0.608
CLUBS FOUR CLUBS ACE,0.3244,0.006,0.6696
DIAMONDS JACK DIAMONDS TEN,0.2916,0.0132,0.6952
DIAMONDS QUEEN DIAMONDS TEN,0.2866,0.0088,0.7046
HEARTS TWO DIAMONDS TEN,0.2442,0.0752,0.6806
DIAMONDS KING DIAMONDS TEN,0.2896,0.0066,0.7038
HEARTS THREE DIAMONDS TEN,0.3678,0.031,0.6012
DIAMONDS ACE DIAMONDS TEN,0.2954,0.0044,0.7002
HEARTS FOUR DIAMONDS TEN,0.3526,0.0298,0.6176
CLUBS EIGHT HEARTS JACK,0.206,0.0642,0.7298
HEARTS FIVE DIAMONDS TEN,0.368,0.0264,0.6056
CLUBS EIGHT HEARTS TEN,0.2102,0.0848,0.705
CLUBS EIGHT HEARTS QUEEN,0.2092,0.051,0.7398
CLUBS EIGHT HEARTS KING,0.2132,0.036,0.7508
CLUBS EIGHT HEARTS ACE,0.2164,0.0316,0.752
CLUBS NINE SPADES THREE,0.345,0.0462,0.6088
CLUBS NINE SPADES TWO,0.2354,0.1058,0.6588
CLUBS NINE SPADES FIVE,0.3452,0.0426,0.6122
CLUBS NINE SPADES FOUR,0.3426,0.0506,0.6068
CLUBS NINE SPADES SEVEN,0.313,0.0456,0.6414
CLUBS NINE SPADES SIX,0.3308,0.0426,0.6266
CLUBS NINE SPADES NINE,0.1312,0.0584,0.8104
CLUBS NINE SPADES EIGHT,0.2132,0.1008,0.686
SPADES KING CLUBS KING,0.1262,0.0158,0.858
SPADES QUEEN CLUBS KING,0.3272,0.0092,0.6636
SPADES ACE CLUBS KING,0.3176,0.0038,0.6786
DIAMONDS ACE HEARTS TEN,0.3114,0.0052,0.6834
HEARTS FOUR HEARTS TEN,0.338,0.0252,0.6368
DIAMONDS ACE HEARTS JACK,0.3196,0.0058,0.6746
HEARTS FOUR HEARTS JACK,0.3354,0.0188,0.6458
SPADES KING CLUBS FIVE,0.3614,0.0068,0.6318
SPADES QUEEN CLUBS FIVE,0.3592,0.0116,0.6292
SPADES ACE CLUBS FIVE,0.3482,0.006,0.6458
DIAMONDS JACK HEARTS SEVEN,0.3426,0.02,0.6374
HEARTS SIX DIAMONDS JACK,0.3566,0.0222,0.6212
DIAMONDS JACK HEARTS NINE,0.3026,0.0172,0.6802
DIAMONDS KING DIAMONDS JACK,0.2984,0.0086,0.693
HEARTS THREE DIAMONDS JACK,0.3626,0.0192,0.6182
SPADES ACE SPADES SIX,0.3342,0.0024,0.6634
HEARTS ACE SPADES FOUR,0.356,0.006,0.638
DIAMONDS QUEEN DIAMONDS JACK,0.298,0.011,0.691
HEARTS TWO DIAMONDS JACK,0.2562,0.0556,0.6882
HEARTS FIVE DIAMONDS JACK,0.3596,0.0198,0.6206
SPADES QUEEN SPADES SIX,0.3268,0.0088,0.6644
SPADES FOUR HEARTS QUEEN,0.362,0.015,0.623
DIAMONDS ACE DIAMONDS JACK,0.3008,0.006,0.6932
HEARTS FOUR DIAMONDS JACK,0.3742,0.023,0.6028
SPADES KING SPADES SIX,0.3208,0.007,0.6722
SPADES FOUR HEARTS KING,0.3652,0.008,0.6268
SPADES TEN SPADES SIX,0.334,0.025,0.641
SPADES JACK SPADES SIX,0.343,0.015,0.642
SPADES FOUR DIAMONDS JACK,0.3568,0.0146,0.6286
SPADES FIVE DIAMONDS JACK,0.3482,0.0222,0.6296
DIAMONDS JACK SPADES TWO,0.2348,0.0556,0.7096
DIAMONDS JACK SPADES THREE,0.3598,0.0194,0.6208
SPADES ACE DIAMONDS THREE,0.3502,0.0064,0.6434
CLUBS EIGHT DIAMONDS JACK,0.2186,0.0616,0.7198
SPADES QUEEN DIAMONDS THREE,0.3656,0.0144,0.62
SPADES KING DIAMONDS THREE,0.3582,0.0078,0.634
CLUBS NINE DIAMONDS JACK,0.3062,0.0144,0.6794
CLUBS SIX DIAMONDS JACK,0.353,0.0198,0.6272
CLUBS SEVEN DIAMONDS JACK,0.3388,0.0168,0.6444
CLUBS FOUR DIAMONDS JACK,0.3612,0.019,0.6198
CLUBS FIVE DIAMONDS JACK,0.3454,0.0188,0.6358
CLUBS THREE DIAMONDS JACK,0.366,0.0154,0.6186
SPADES TEN CLUBS FIVE,0.3528,0.026,0.6212
HEARTS SIX SPADES JACK,0.358,0.0194,0.6226
HEARTS SIX SPADES TEN,0.3486,0.0282,0.6232
SPADES JACK CLUBS FIVE,0.3566,0.0184,0.625
SPADES JACK DIAMONDS THREE,0.3668,0.0204,0.6128
CLUBS SEVEN CLUBS ACE,0.334,0.0084,0.6576
DIAMONDS THREE SPADES TEN,0.3474,0.0302,0.6224
CLUBS SEVEN CLUBS QUEEN,0.3504,0.013,0.6366
CLUBS SEVEN CLUBS KING,0.3342,0.0074,0.6584
SPADES NINE DIAMONDS JACK,0.3122,0.0168,0.671
CLUBS TEN CLUBS SEVEN,0.3218,0.0274,0.6508
DIAMONDS ACE HEARTS ACE,0.1176,0.0054,0.877
HEARTS FOUR HEARTS ACE,0.3292,0.0062,0.6646
SPADES EIGHT DIAMONDS JACK,0.2248,0.06,0.7152
SPADES ACE HEARTS SIX,0.3678,0.0028,0.6294
CLUBS JACK CLUBS SEVEN,0.334,0.0218,0.6442
DIAMONDS ACE HEARTS KING,0.3214,0.0046,0.674
HEARTS FOUR HEARTS KING,0.3354,0.0106,0.654
SPADES SEVEN DIAMONDS JACK,0.3404,0.0194,0.6402
SPADES KING HEARTS SIX,0.3558,0.0102,0.634
DIAMONDS ACE HEARTS QUEEN,0.3224,0.0048,0.6728
HEARTS FOUR HEARTS QUEEN,0.3492,0.0112,0.6396
SPADES QUEEN HEARTS SIX,0.364,0.0142,0.6218
SPADES SIX DIAMONDS JACK,0.3626,0.0198,0.6176
DIAMONDS TEN SPADES TWO,0.2414,0.0744,0.6842
SPADES THREE DIAMONDS TEN,0.3556,0.0234,0.621
SPADES FOUR DIAMONDS TEN,0.3474,0.0262,0.6264
SPADES FIVE DIAMONDS TEN,0.3708,0.0282,0.601
SPADES SIX DIAMONDS TEN,0.3508,0.0252,0.624
SPADES SEVEN DIAMONDS TEN,0.3374,0.0272,0.6354
SPADES EIGHT DIAMONDS TEN,0.218,0.0832,0.6988
SPADES NINE DIAMONDS TEN,0.3072,0.0246,0.6682
CLUBS FOUR DIAMONDS TEN,0.3472,0.0266,0.6262
CLUBS FIVE DIAMONDS TEN,0.3502,0.0316,0.6182
CLUBS SIX DIAMONDS TEN,0.3364,0.0254,0.6382
CLUBS SEVEN DIAMONDS TEN,0.3324,0.027,0.6406
CLUBS EIGHT DIAMONDS TEN,0.2128,0.08,0.7072
CLUBS NINE DIAMONDS TEN,0.296,0.0252,0.6788
CLUBS JACK DIAMONDS THREE,0.359,0.0176,0.6234
CLUBS TEN DIAMONDS THREE,0.3444,0.0302,0.6254
DIAMONDS THREE CLUBS KING,0.3588,0.0128,0.6284
DIAMONDS THREE CLUBS QUEEN,0.3632,0.0142,0.6226
DIAMONDS THREE CLUBS ACE,0.3526,0.005,0.6424
SPADES FOUR HEARTS JACK,0.3592,0.0174,0.6234
SPADES FOUR HEARTS TEN,0.3504,0.0268,0.6228
SPADES FIVE SPADES TWO,0.551,0.1382,0.3108
SPADES FOUR SPADES TWO,0.566,0.132,0.302
SPADES THREE SPADES TWO,0.5486,0.1422,0.3092
SPADES NINE SPADES TWO,0.234,0.0926,0.6734
SPADES EIGHT SPADES TWO,0.025,0.9068,0.0682
SPADES SEVEN SPADES TWO,0.589,0.1368,0.2742
SPADES SIX SPADES TWO,0.5686,0.1406,0.2908
DIAMONDS QUEEN CLUBS THREE,0.3616,0.0126,0.6258
HEARTS TWO CLUBS THREE,0.6112,0.1426,0.2462
DIAMONDS QUEEN HEARTS SEVEN,0.3638,0.0122,0.624
HEARTS TWO HEARTS SEVEN,0.6214,0.136,0.2426
HEARTS SIX DIAMONDS QUEEN,0.3586,0.0154,0.626
HEARTS SIX HEARTS TWO,0.592,0.1368,0.2712
DIAMONDS QUEEN HEARTS NINE,0.3194,0.0106,0.67
HEARTS TWO HEARTS NINE,0.2212,0.1038,0.675
CLUBS NINE HEARTS TWO,0.2296,0.1004,0.67
CLUBS NINE DIAMONDS QUEEN,0.3064,0.0092,0.6844
CLUBS EIGHT DIAMONDS QUEEN,0.2234,0.0444,0.7322
CLUBS EIGHT HEARTS TWO,0.0092,0.9834,0.0074
DIAMONDS QUEEN CLUBS FIVE,0.3584,0.0118,0.6298
HEARTS TWO CLUBS FIVE,0.589,0.1512,0.2598
SPADES EIGHT HEARTS ACE,0.2202,0.0316,0.7482
DIAMONDS QUEEN CLUBS FOUR,0.352,0.0134,0.6346
CLUBS FOUR HEARTS TWO,0.586,0.1458,0.2682
CLUBS SEVEN DIAMONDS QUEEN,0.3722,0.0134,0.6144
CLUBS SEVEN HEARTS TWO,0.6286,0.1478,0.2236
SPADES EIGHT HEARTS QUEEN,0.2264,0.0484,0.7252
CLUBS SIX DIAMONDS QUEEN,0.3476,0.0108,0.6416
CLUBS SIX HEARTS TWO,0.6134,0.1454,0.2412
SPADES EIGHT HEARTS KING,0.2258,0.0354,0.7388
HEARTS TWO SPADES SIX,0.623,0.1436,0.2334
DIAMONDS QUEEN SPADES SIX,0.3646,0.012,0.6234
HEARTS FOUR CLUBS QUEEN,0.3628,0.0146,0.6226
DIAMONDS ACE CLUBS QUEEN,0.3168,0.0054,0.6778
DIAMONDS QUEEN SPADES SEVEN,0.3504,0.0106,0.639
HEARTS TWO SPADES SEVEN,0.6276,0.1382,0.2342
HEARTS FOUR CLUBS KING,0.3436,0.01,0.6464
DIAMONDS ACE CLUBS KING,0.321,0.0044,0.6746
DIAMONDS QUEEN SPADES EIGHT,0.2324,0.048,0.7196
SPADES EIGHT HEARTS TWO,0.0176,0.972,0.0104
HEARTS FOUR CLUBS ACE,0.3454,0.0062,0.6484
DIAMONDS ACE CLUBS ACE,0.129,0.0036,0.8674
SPADES NINE DIAMONDS QUEEN,0.3064,0.0108,0.6828
SPADES NINE HEARTS TWO,0.245,0.1076,0.6474
HEARTS TWO SPADES TWO,0.2554,0.074,0.6706
DIAMONDS QUEEN SPADES TWO,0.2388,0.0408,0.7204
HEARTS TWO SPADES THREE,0.603,0.1502,0.2468
DIAMONDS QUEEN SPADES THREE,0.3696,0.0094,0.621
HEARTS TWO SPADES FOUR,0.5884,0.1484,0.2632
DIAMONDS QUEEN SPADES FOUR,0.361,0.0106,0.6284
CLUBS TEN HEARTS FOUR,0.3512,0.0296,0.6192
CLUBS TEN DIAMONDS ACE,0.3238,0.003,0.6732
HEARTS TWO SPADES FIVE,0.5932,0.141,0.2658
DIAMONDS QUEEN SPADES FIVE,0.3486,0.0132,0.6382
HEARTS FOUR CLUBS JACK,0.3568,0.0202,0.623
CLUBS JACK DIAMONDS ACE,0.3208,0.0036,0.6756
CLUBS FIVE CLUBS KING,0.3372,0.0076,0.6552
CLUBS FIVE CLUBS QUEEN,0.3414,0.0154,0.6432
CLUBS FIVE CLUBS ACE,0.342,0.0048,0.6532
CLUBS JACK CLUBS FIVE,0.3252,0.0196,0.6552
CLUBS TEN CLUBS FIVE,0.34,0.0274,0.6326
SPADES KING CLUBS JACK,0.311,0.0068,0.6822
CLUBS JACK SPADES QUEEN,0.313,0.0098,0.6772
SPADES ACE CLUBS JACK,0.322,0.0056,0.6724
SPADES SIX CLUBS KING,0.3502,0.0078,0.642
SPADES SIX CLUBS QUEEN,0.3574,0.0118,0.6308
SPADES EIGHT HEARTS JACK,0.2224,0.0656,0.712
SPADES SIX CLUBS ACE,0.3598,0.0048,0.6354
SPADES EIGHT HEARTS TEN,0.2222,0.0762,0.7016
CLUBS JACK SPADES SIX,0.3578,0.0184,0.6238
CLUBS TEN SPADES SIX,0.3444,0.0284,0.6272
CLUBS JACK SPADES TEN,0.2936,0.0144,0.692
CLUBS JACK SPADES JACK,0.1336,0.0386,0.8278
SPADES QUEEN CLUBS SEVEN,0.3584,0.012,0.6296
SPADES KING CLUBS SEVEN,0.348,0.0072,0.6448
SPADES ACE CLUBS SEVEN,0.3406,0.0042,0.6552
SPADES SIX HEARTS TEN,0.3478,0.0276,0.6246
SPADES SIX HEARTS JACK,0.3518,0.018,0.6302
SPADES SIX HEARTS ACE,0.3468,0.0058,0.6474
SPADES SIX HEARTS KING,0.352,0.006,0.642
SPADES SIX HEARTS QUEEN,0.354,0.011,0.635
SPADES JACK CLUBS SEVEN,0.3456,0.0186,0.6358
SPADES TEN CLUBS SEVEN,0.3298,0.026,0.6442
CLUBS TEN HEARTS SIX,0.3524,0.032,0.6156
CLUBS JACK HEARTS SIX,0.3602,0.018,0.6218
CLUBS JACK CLUBS ACE,0.3122,0.0038,0.684
HEARTS SIX CLUBS QUEEN,0.3726,0.0108,0.6166
HEARTS SIX CLUBS KING,0.3502,0.009,0.6408
HEARTS SIX CLUBS ACE,0.3532,0.0048,0.642
CLUBS JACK CLUBS QUEEN,0.3048,0.0094,0.6858
CLUBS JACK CLUBS KING,0.3172,0.005,0.6778
DIAMONDS THREE HEARTS ACE,0.3532,0.0054,0.6414
DIAMONDS THREE HEARTS QUEEN,0.3698,0.0194,0.6108
DIAMONDS THREE HEARTS KING,0.3632,0.009,0.6278
CLUBS FIVE HEARTS JACK,0.3494,0.0188,0.6318
SPADES TEN DIAMONDS ACE,0.3186,0.0036,0.6778
HEARTS FOUR SPADES TEN,0.358,0.0332,0.6088
CLUBS FIVE HEARTS TEN,0.3426,0.0272,0.6302
HEARTS FOUR SPADES JACK,0.3638,0.0208,0.6154
SPADES JACK DIAMONDS ACE,0.329,0.0042,0.6668
SPADES ACE HEARTS FOUR,0.3512,0.005,0.6438
SPADES ACE DIAMONDS ACE,0.1306,0.0026,0.8668
CLUBS FIVE HEARTS ACE,0.3432,0.0086,0.6482
CLUBS FIVE HEARTS KING,0.341,0.0082,0.6508
HEARTS FOUR SPADES QUEEN,0.3608,0.012,0.6272
SPADES QUEEN DIAMONDS ACE,0.3234,0.0046,0.672
CLUBS JACK SPADES FOUR,0.3462,0.023,0.6308
CLUBS FIVE HEARTS QUEEN,0.3338,0.0144,0.6518
SPADES KING DIAMONDS ACE,0.3286,0.0038,0.6676
HEARTS FOUR SPADES KING,0.36,0.0088,0.6312
CLUBS TEN SPADES FOUR,0.3572,0.0294,0.6134
DIAMONDS QUEEN DIAMONDS ACE,0.2958,0.0042,0.7
HEARTS TWO DIAMONDS ACE,0.2378,0.0154,0.7468
HEARTS FOUR DIAMONDS QUEEN,0.3514,0.0126,0.636
HEARTS FOUR HEARTS TWO,0.5666,0.141,0.2924
DIAMONDS THREE HEARTS TEN,0.3546,0.0322,0.6132
SPADES FOUR CLUBS KING,0.354,0.0094,0.6366
HEARTS FIVE DIAMONDS QUEEN,0.3614,0.0134,0.6252
HEARTS FIVE HEARTS TWO,0.5738,0.1322,0.294
DIAMONDS THREE HEARTS JACK,0.3608,0.0212,0.618
SPADES FOUR CLUBS QUEEN,0.3592,0.0124,0.6284
DIAMONDS QUEEN HEARTS TWO,0.243,0.0368,0.7202
DIAMONDS KING DIAMONDS QUEEN,0.3036,0.005,0.6914
DIAMONDS KING HEARTS TWO,0.2358,0.0262,0.738
HEARTS THREE DIAMONDS QUEEN,0.3566,0.0142,0.6292
HEARTS THREE HEARTS TWO,0.5804,0.141,0.2786
SPADES FOUR CLUBS ACE,0.3406,0.0042,0.6552
HEARTS TWO CLUBS ACE,0.229,0.0172,0.7538
DIAMONDS QUEEN CLUBS ACE,0.3236,0.0054,0.671
HEARTS TWO CLUBS QUEEN,0.2458,0.04,0.7142
DIAMONDS QUEEN CLUBS QUEEN,0.1256,0.024,0.8504
HEARTS TWO CLUBS KING,0.2442,0.028,0.7278
DIAMONDS QUEEN CLUBS KING,0.3192,0.008,0.6728
SPADES EIGHT SPADES FIVE,0.2092,0.415,0.3758
CLUBS TEN HEARTS TWO,0.2318,0.081,0.6872
CLUBS TEN DIAMONDS QUEEN,0.3112,0.0102,0.6786
SPADES NINE SPADES FIVE,0.3218,0.0404,0.6378
CLUBS JACK HEARTS TWO,0.2318,0.0566,0.7116
CLUBS JACK DIAMONDS QUEEN,0.3142,0.0102,0.6756
SPADES SIX SPADES FIVE,0.4718,0.0596,0.4686
SPADES SEVEN SPADES FIVE,0.4828,0.06,0.4572
DIAMONDS FIVE CLUBS QUEEN,0.3418,0.0138,0.6444
SPADES EIGHT CLUBS ACE,0.2254,0.029,0.7456
DIAMONDS FIVE CLUBS KING,0.3488,0.0062,0.645
SPADES EIGHT CLUBS KING,0.2204,0.0344,0.7452
DIAMONDS FIVE CLUBS ACE,0.3328,0.0038,0.6634
SPADES EIGHT CLUBS QUEEN,0.215,0.047,0.738
CLUBS JACK SPADES EIGHT,0.2092,0.0578,0.733
CLUBS TEN SPADES EIGHT,0.2254,0.0728,0.7018
CLUBS TEN DIAMONDS FIVE,0.3512,0.0272,0.6216
CLUBS JACK DIAMONDS FIVE,0.3514,0.0156,0.633
DIAMONDS TEN HEARTS JACK,0.2938,0.015,0.6912
DIAMONDS TEN HEARTS TEN,0.1356,0.0456,0.8188
SPADES ACE CLUBS NINE,0.314,0.0036,0.6824
SPADES QUEEN CLUBS NINE,0.3092,0.0102,0.6806
SPADES KING CLUBS NINE,0.3266,0.0094,0.664
HEARTS SIX HEARTS KING,0.3308,0.009,0.6602
DIAMONDS KING SPADES SEVEN,0.354,0.0072,0.6388
HEARTS THREE SPADES SEVEN,0.5394,0.0694,0.3912
SPADES KING DIAMONDS SEVEN,0.3474,0.0068,0.6458
HEARTS SIX HEARTS QUEEN,0.3282,0.0128,0.659
SPADES QUEEN DIAMONDS SEVEN,0.35,0.011,0.639
HEARTS THREE SPADES SIX,0.5258,0.0742,0.4
DIAMONDS KING SPADES SIX,0.3572,0.0056,0.6372
DIAMONDS KING SPADES NINE,0.325,0.0064,0.6686
HEARTS THREE SPADES NINE,0.367,0.0424,0.5906
HEARTS SIX HEARTS ACE,0.335,0.0064,0.6586
DIAMONDS KING SPADES EIGHT,0.236,0.04,0.724
