opposingHand,winningChance,drawChance,lostChance
HEARTS TWO DIAMONDS ACE
HEARTS EIGHT DIAMONDS KING,0.6046,0.0072,0.3882
SPADES EIGHT SPADES TWO,0.7016,0.0176,0.2808
DIAMONDS QUEEN SPADES SIX,0.5934,0.007,0.3996
DIAMONDS JACK HEARTS ACE,0.2334,0.0952,0.6714
CLUBS TEN CLUBS KING,0.5284,0.0054,0.4662
CLUBS EIGHT CLUBS SIX,0.5368,0.005,0.4582
SPADES QUEEN HEARTS JACK,0.5526,0.007,0.4404
HEARTS FOUR HEARTS JACK,0.5776,0.0062,0.4162
SPADES NINE DIAMONDS NINE,0.3512,0.0042,0.6446
SPADES NINE SPADES SEVEN,0.5358,0.0028,0.4614
SPADES NINE CLUBS ACE,0.2442,0.168,0.5878
CLUBS NINE HEARTS QUEEN,0.5814,0.006,0.4126
CLUBS SIX HEARTS QUEEN,0.6026,0.0076,0.3898
DIAMONDS SEVEN HEARTS JACK,0.5862,0.0052,0.4086
DIAMONDS JACK HEARTS NINE,0.5668,0.005,0.4282
CLUBS THREE DIAMONDS SIX,0.6096,0.0072,0.3832
DIAMONDS THREE HEARTS KING,0.6216,0.0052,0.3732
CLUBS JACK HEARTS FIVE,0.6064,0.0048,0.3888
CLUBS SIX DIAMONDS EIGHT,0.5708,0.006,0.4232
SPADES TWO DIAMONDS FOUR,0.7386,0.014,0.2474
HEARTS EIGHT DIAMONDS EIGHT,0.3364,0.0046,0.659
SPADES TEN DIAMONDS FOUR,0.5976,0.0034,0.399
HEARTS EIGHT DIAMONDS JACK,0.5796,0.006,0.4144
SPADES KING DIAMONDS SEVEN,0.6126,0.0054,0.382
HEARTS SIX SPADES SIX,0.3522,0.0052,0.6426
SPADES JACK DIAMONDS FIVE,0.6174,0.0074,0.3752
SPADES TEN HEARTS NINE,0.557,0.0044,0.4386
SPADES TWO DIAMONDS FIVE,0.7312,0.0172,0.2516
CLUBS FIVE DIAMONDS QUEEN,0.6018,0.0078,0.3904
HEARTS QUEEN CLUBS KING,0.5708,0.0034,0.4258
HEARTS EIGHT DIAMONDS FOUR,0.6056,0.0056,0.3888
SPADES THREE HEARTS NINE,0.6056,0.006,0.3884
SPADES JACK HEARTS JACK,0.3038,0.0034,0.6928
SPADES ACE DIAMONDS NINE,0.2404,0.1744,0.5852
CLUBS TEN CLUBS SEVEN,0.5402,0.0056,0.4542
CLUBS THREE DIAMONDS TEN,0.617,0.0048,0.3782
DIAMONDS TWO SPADES FOUR,0.7496,0.0156,0.2348
SPADES SIX SPADES FIVE,0.5492,0.0046,0.4462
CLUBS EIGHT DIAMONDS FIVE,0.5898,0.0052,0.405
HEARTS SEVEN CLUBS SEVEN,0.3496,0.0056,0.6448
HEARTS SIX DIAMONDS QUEEN,0.5962,0.0066,0.3972
SPADES FIVE DIAMONDS FOUR,0.59,0.006,0.404
DIAMONDS KING SPADES SEVEN,0.591,0.0066,0.4024
SPADES NINE DIAMONDS SIX,0.5836,0.0052,0.4112
HEARTS FIVE DIAMONDS FIVE,0.3484,0.0054,0.6462
SPADES KING SPADES JACK,0.5392,0.0076,0.4532
SPADES QUEEN DIAMONDS NINE,0.5766,0.0036,0.4198
DIAMONDS TWO SPADES EIGHT,0.749,0.0166,0.2344
DIAMONDS TWO SPADES TWO,0.329,0.0182,0.6528
HEARTS THREE HEARTS NINE,0.5932,0.0062,0.4006
SPADES FOUR HEARTS KING,0.6206,0.006,0.3734
SPADES JACK DIAMONDS NINE,0.571,0.0032,0.4258
DIAMONDS TWO CLUBS QUEEN,0.76,0.019,0.221
HEARTS FOUR SPADES EIGHT,0.6072,0.005,0.3878
SPADES FIVE DIAMONDS FIVE,0.3564,0.005,0.6386
CLUBS JACK CLUBS FIVE,0.569,0.0054,0.4256
DIAMONDS QUEEN CLUBS THREE,0.6126,0.0072,0.3802
CLUBS EIGHT HEARTS ACE,0.2346,0.233,0.5324
CLUBS SEVEN DIAMONDS JACK,0.5818,0.0072,0.411
SPADES SIX DIAMONDS FIVE,0.576,0.005,0.419
CLUBS TEN DIAMONDS JACK,0.5656,0.0028,0.4316
HEARTS ACE DIAMONDS FOUR,0.2064,0.5402,0.2534
DIAMONDS TEN DIAMONDS EIGHT,0.5376,0.0044,0.458
HEARTS EIGHT CLUBS SIX,0.5702,0.0042,0.4256
HEARTS THREE HEARTS QUEEN,0.5826,0.0048,0.4126
SPADES NINE HEARTS QUEEN,0.5828,0.006,0.4112
CLUBS TEN SPADES TWO,0.7366,0.0174,0.246
HEARTS ACE SPADES THREE,0.2154,0.5132,0.2714
HEARTS THREE SPADES SIX,0.5948,0.0046,0.4006
SPADES QUEEN CLUBS NINE,0.5782,0.0056,0.4162
HEARTS ACE HEARTS NINE,0.2356,0.1566,0.6078
DIAMONDS KING SPADES FOUR,0.6044,0.005,0.3906
CLUBS NINE DIAMONDS SEVEN,0.5778,0.0042,0.418
SPADES JACK DIAMONDS FOUR,0.6038,0.0062,0.39
DIAMONDS EIGHT SPADES TWO,0.7474,0.0148,0.2378
HEARTS THREE HEARTS KING,0.5822,0.008,0.4098
CLUBS EIGHT HEARTS KING,0.5924,0.0046,0.403
CLUBS EIGHT CLUBS TWO,0.7076,0.015,0.2774
DIAMONDS JACK HEARTS JACK,0.3026,0.0062,0.6912
SPADES SIX HEARTS QUEEN,0.603,0.0042,0.3928
HEARTS EIGHT DIAMONDS TWO,0.7494,0.0164,0.2342
CLUBS NINE CLUBS KING,0.5428,0.0042,0.453
CLUBS TEN HEARTS TEN,0.3204,0.0062,0.6734
CLUBS JACK SPADES TEN,0.5452,0.0052,0.4496
DIAMONDS TWO DIAMONDS JACK,0.715,0.0168,0.2682
SPADES TEN SPADES NINE,0.5058,0.0032,0.491
CLUBS TWO SPADES TWO,0.339,0.016,0.645
DIAMONDS KING SPADES SIX,0.6128,0.0046,0.3826
CLUBS SIX DIAMONDS KING,0.607,0.0056,0.3874
SPADES EIGHT DIAMONDS NINE,0.564,0.0054,0.4306
HEARTS EIGHT SPADES QUEEN,0.572,0.0058,0.4222
DIAMONDS TWO SPADES FIVE,0.7406,0.0192,0.2402
SPADES NINE DIAMONDS FOUR,0.6164,0.0058,0.3778
CLUBS SEVEN DIAMONDS KING,0.596,0.0042,0.3998
CLUBS TEN SPADES QUEEN,0.5562,0.0032,0.4406
SPADES NINE HEARTS ACE,0.2452,0.1656,0.5892
DIAMONDS KING HEARTS KING,0.282,0.0058,0.7122
SPADES NINE DIAMONDS EIGHT,0.5654,0.005,0.4296
HEARTS FOUR DIAMONDS NINE,0.62,0.0042,0.3758
SPADES KING HEARTS FIVE,0.5976,0.0056,0.3968
SPADES SIX DIAMONDS FOUR,0.5828,0.004,0.4132
HEARTS SEVEN DIAMONDS JACK,0.5948,0.0052,0.4
CLUBS JACK HEARTS FOUR,0.6158,0.004,0.3802
CLUBS JACK HEARTS SEVEN,0.5864,0.0062,0.4074
HEARTS THREE SPADES TWO,0.7436,0.018,0.2384
SPADES EIGHT SPADES FIVE,0.5584,0.005,0.4366
CLUBS EIGHT DIAMONDS QUEEN,0.5894,0.005,0.4056
SPADES EIGHT DIAMONDS SEVEN,0.5714,0.0056,0.423
HEARTS SEVEN CLUBS ACE,0.224,0.314,0.462
HEARTS EIGHT HEARTS SIX,0.5566,0.0046,0.4388
SPADES EIGHT HEARTS TEN,0.564,0.004,0.432
CLUBS FOUR HEARTS QUEEN,0.6144,0.0058,0.3798
SPADES ACE SPADES FIVE,0.2074,0.4364,0.3562
HEARTS FIVE DIAMONDS NINE,0.588,0.0058,0.4062
HEARTS SIX HEARTS QUEEN,0.5738,0.0032,0.423
CLUBS FOUR HEARTS TEN,0.621,0.0042,0.3748
CLUBS EIGHT SPADES TWO,0.7478,0.0176,0.2346
HEARTS EIGHT CLUBS QUEEN,0.58,0.0036,0.4164
SPADES NINE DIAMONDS KING,0.5964,0.0048,0.3988
SPADES TEN CLUBS FIVE,0.6138,0.003,0.3832
HEARTS QUEEN CLUBS ACE,0.2484,0.0702,0.6814
CLUBS FIVE SPADES FOUR,0.5794,0.0052,0.4154
DIAMONDS NINE HEARTS KING,0.587,0.0044,0.4086
CLUBS FOUR DIAMONDS FOUR,0.371,0.0072,0.6218
SPADES FOUR CLUBS QUEEN,0.6074,0.0048,0.3878
DIAMONDS THREE CLUBS NINE,0.6144,0.0058,0.3798
DIAMONDS JACK DIAMONDS NINE,0.5412,0.0048,0.454
SPADES KING DIAMONDS TWO,0.7602,0.0174,0.2224
CLUBS NINE DIAMONDS SIX,0.5822,0.0068,0.411
DIAMONDS EIGHT HEARTS JACK,0.5794,0.0042,0.4164
HEARTS EIGHT CLUBS TWO,0.7454,0.0178,0.2368
DIAMONDS QUEEN SPADES THREE,0.624,0.0068,0.3692
SPADES QUEEN HEARTS SIX,0.5938,0.0046,0.4016
SPADES JACK SPADES FIVE,0.5696,0.0058,0.4246
CLUBS NINE CLUBS FOUR,0.5924,0.0038,0.4038
CLUBS EIGHT HEARTS TEN,0.5668,0.0048,0.4284
SPADES QUEEN HEARTS QUEEN,0.3,0.0052,0.6948
HEARTS THREE SPADES EIGHT,0.6058,0.0038,0.3904
CLUBS SIX DIAMONDS QUEEN,0.6132,0.0058,0.381
SPADES EIGHT CLUBS ACE,0.2444,0.227,0.5286
SPADES QUEEN SPADES THREE,0.5862,0.0054,0.4084
SPADES THREE HEARTS KING,0.6082,0.0058,0.386
SPADES FOUR HEARTS ACE,0.2174,0.5176,0.265
SPADES FIVE DIAMONDS SEVEN,0.574,0.0058,0.4202
SPADES EIGHT DIAMONDS TEN,0.5596,0.004,0.4364
HEARTS SIX DIAMONDS SEVEN,0.5692,0.0048,0.426
DIAMONDS EIGHT DIAMONDS FOUR,0.583,0.0054,0.4116
CLUBS JACK CLUBS SIX,0.5616,0.0062,0.4322
HEARTS QUEEN DIAMONDS FOUR,0.6152,0.0056,0.3792
CLUBS JACK HEARTS KING,0.5666,0.0074,0.426
DIAMONDS NINE DIAMONDS EIGHT,0.5408,0.005,0.4542
DIAMONDS TEN HEARTS JACK,0.5508,0.0056,0.4436
SPADES SIX DIAMONDS TEN,0.594,0.0042,0.4018
HEARTS FOUR CLUBS KING,0.6204,0.0042,0.3754
CLUBS EIGHT HEARTS QUEEN,0.582,0.0056,0.4124
DIAMONDS THREE SPADES THREE,0.3832,0.0046,0.6122
HEARTS SEVEN DIAMONDS NINE,0.5692,0.0082,0.4226
HEARTS SEVEN SPADES QUEEN,0.5946,0.0038,0.4016
SPADES JACK HEARTS FIVE,0.6186,0.0066,0.3748
CLUBS FIVE HEARTS NINE,0.5992,0.0034,0.3974
SPADES KING SPADES THREE,0.5942,0.0078,0.398
CLUBS JACK SPADES FOUR,0.6262,0.0056,0.3682
HEARTS FIVE HEARTS FOUR,0.5424,0.0066,0.451
HEARTS SEVEN CLUBS FIVE,0.5722,0.005,0.4228
CLUBS EIGHT DIAMONDS JACK,0.581,0.0038,0.4152
CLUBS THREE HEARTS QUEEN,0.6132,0.006,0.3808
CLUBS SEVEN HEARTS KING,0.5974,0.0036,0.399
HEARTS THREE HEARTS TEN,0.5884,0.0052,0.4064
DIAMONDS FIVE DIAMONDS FOUR,0.5522,0.007,0.4408
DIAMONDS NINE CLUBS QUEEN,0.578,0.0042,0.4178
CLUBS FIVE DIAMONDS JACK,0.5984,0.0068,0.3948
SPADES THREE HEARTS JACK,0.6218,0.006,0.3722
HEARTS FOUR CLUBS ACE,0.215,0.5174,0.2676
HEARTS THREE SPADES FOUR,0.6038,0.0072,0.389
SPADES EIGHT DIAMONDS FOUR,0.6022,0.0044,0.3934
HEARTS FOUR HEARTS ACE,0.214,0.4904,0.2956
SPADES QUEEN SPADES FIVE,0.5758,0.0056,0.4186
HEARTS SEVEN HEARTS ACE,0.2278,0.2808,0.4914
CLUBS FIVE SPADES THREE,0.5772,0.006,0.4168
CLUBS NINE DIAMONDS KING,0.593,0.0024,0.4046
CLUBS ACE DIAMONDS SIX,0.2462,0.3886,0.3652
DIAMONDS JACK HEARTS KING,0.5752,0.0058,0.419
CLUBS SEVEN DIAMONDS SEVEN,0.3626,0.0052,0.6322
HEARTS SEVEN DIAMONDS SIX,0.5812,0.004,0.4148
HEARTS SEVEN SPADES EIGHT,0.5612,0.004,0.4348
CLUBS THREE DIAMONDS FOUR,0.6044,0.0078,0.3878
SPADES KING SPADES SEVEN,0.5534,0.0056,0.441
SPADES EIGHT DIAMONDS QUEEN,0.5796,0.0046,0.4158
DIAMONDS THREE HEARTS NINE,0.607,0.0042,0.3888
SPADES ACE CLUBS SIX,0.2492,0.3698,0.381
HEARTS EIGHT HEARTS SEVEN,0.51,0.006,0.484
CLUBS SIX SPADES FIVE,0.5892,0.0054,0.4054
DIAMONDS THREE CLUBS SIX,0.6072,0.006,0.3868
CLUBS NINE DIAMONDS FIVE,0.5956,0.005,0.3994
DIAMONDS THREE CLUBS THREE,0.3636,0.0048,0.6316
DIAMONDS THREE DIAMONDS SIX,0.5672,0.0044,0.4284
HEARTS FIVE HEARTS JACK,0.5718,0.0048,0.4234
DIAMONDS JACK CLUBS ACE,0.236,0.093,0.671
SPADES EIGHT SPADES SEVEN,0.5208,0.0048,0.4744
CLUBS SIX CLUBS THREE,0.5818,0.0046,0.4136
SPADES KING CLUBS ACE,0.2486,0.0488,0.7026
CLUBS SIX CLUBS TWO,0.7104,0.0118,0.2778
CLUBS JACK DIAMONDS FIVE,0.6222,0.0044,0.3734
SPADES THREE SPADES TWO,0.6964,0.0146,0.289
SPADES SEVEN DIAMONDS SIX,0.5868,0.004,0.4092
SPADES TEN SPADES SIX,0.5444,0.005,0.4506
SPADES NINE SPADES THREE,0.5642,0.0056,0.4302
CLUBS THREE CLUBS QUEEN,0.5814,0.0074,0.4112
CLUBS NINE HEARTS SIX,0.5728,0.0052,0.422
SPADES EIGHT SPADES FOUR,0.5532,0.0048,0.442
SPADES SIX HEARTS ACE,0.2374,0.387,0.3756
DIAMONDS KING HEARTS NINE,0.5804,0.0048,0.4148
SPADES KING DIAMONDS EIGHT,0.6094,0.0076,0.383
DIAMONDS KING SPADES TWO,0.7536,0.0204,0.226
CLUBS FOUR HEARTS ACE,0.2182,0.5182,0.2636
HEARTS SIX SPADES EIGHT,0.578,0.005,0.417
SPADES KING HEARTS SEVEN,0.5952,0.006,0.3988
HEARTS SIX DIAMONDS KING,0.594,0.005,0.401
DIAMONDS JACK DIAMONDS SEVEN,0.5594,0.009,0.4316
SPADES FOUR DIAMONDS FOUR,0.3502,0.0058,0.644
HEARTS TEN CLUBS QUEEN,0.561,0.005,0.434
HEARTS TEN HEARTS NINE,0.528,0.0064,0.4656
HEARTS JACK DIAMONDS FOUR,0.6156,0.0056,0.3788
DIAMONDS TWO CLUBS SIX,0.7694,0.0126,0.218
HEARTS KING DIAMONDS FIVE,0.6052,0.0064,0.3884
DIAMONDS KING CLUBS THREE,0.6132,0.0074,0.3794
SPADES KING DIAMONDS NINE,0.5872,0.005,0.4078
SPADES FIVE SPADES TWO,0.697,0.0152,0.2878
SPADES ACE SPADES SIX,0.2252,0.3702,0.4046
CLUBS NINE CLUBS SEVEN,0.5436,0.004,0.4524
DIAMONDS THREE DIAMONDS FIVE,0.573,0.0066,0.4204
CLUBS TWO DIAMONDS SIX,0.76,0.0134,0.2266
CLUBS JACK CLUBS KING,0.5278,0.0066,0.4656
SPADES ACE DIAMONDS FIVE,0.2232,0.4664,0.3104
CLUBS EIGHT CLUBS THREE,0.5744,0.0046,0.421
SPADES EIGHT HEARTS ACE,0.2294,0.24,0.5306
SPADES KING HEARTS QUEEN,0.5652,0.0048,0.43
CLUBS SIX HEARTS ACE,0.242,0.3824,0.3756
DIAMONDS QUEEN DIAMONDS FIVE,0.5826,0.007,0.4104
CLUBS SIX DIAMONDS SEVEN,0.5748,0.004,0.4212
DIAMONDS SIX HEARTS NINE,0.588,0.007,0.405
SPADES SEVEN SPADES FIVE,0.5378,0.0054,0.4568
SPADES TEN CLUBS KING,0.5764,0.0042,0.4194
CLUBS EIGHT HEARTS JACK,0.5708,0.0026,0.4266
DIAMONDS THREE CLUBS TEN,0.6184,0.0048,0.3768
HEARTS EIGHT HEARTS NINE,0.5256,0.004,0.4704
SPADES KING CLUBS SEVEN,0.5804,0.0042,0.4154
SPADES KING CLUBS NINE,0.5834,0.0034,0.4132
SPADES EIGHT DIAMONDS FIVE,0.5836,0.0036,0.4128
SPADES ACE SPADES KING,0.2356,0.044,0.7204
DIAMONDS THREE DIAMONDS QUEEN,0.5862,0.004,0.4098
CLUBS SEVEN HEARTS ACE,0.2312,0.304,0.4648
CLUBS TWO DIAMONDS FIVE,0.7466,0.0148,0.2386
SPADES SEVEN CLUBS KING,0.6014,0.004,0.3946
CLUBS TEN HEARTS SIX,0.589,0.0034,0.4076
DIAMONDS KING HEARTS ACE,0.2512,0.0466,0.7022
DIAMONDS TWO CLUBS KING,0.7642,0.0152,0.2206
SPADES TEN HEARTS THREE,0.6026,0.0046,0.3928
HEARTS SEVEN DIAMONDS SEVEN,0.3582,0.0054,0.6364
HEARTS SIX CLUBS SEVEN,0.5706,0.0036,0.4258
DIAMONDS KING DIAMONDS JACK,0.546,0.0058,0.4482
CLUBS NINE SPADES FOUR,0.6134,0.0032,0.3834
SPADES TEN SPADES TWO,0.71,0.0148,0.2752
SPADES ACE SPADES JACK,0.2336,0.0768,0.6896
SPADES KING SPADES FIVE,0.5664,0.0062,0.4274
CLUBS EIGHT HEARTS NINE,0.5504,0.0056,0.444
SPADES KING HEARTS ACE,0.2486,0.0484,0.703
HEARTS SEVEN HEARTS JACK,0.5472,0.006,0.4468
CLUBS SEVEN DIAMONDS EIGHT,0.566,0.0048,0.4292
CLUBS SEVEN HEARTS FOUR,0.585,0.0044,0.4106
CLUBS FIVE DIAMONDS KING,0.6204,0.0052,0.3744
CLUBS FOUR HEARTS JACK,0.6052,0.004,0.3908
DIAMONDS QUEEN DIAMONDS SEVEN,0.5658,0.0058,0.4284
SPADES EIGHT CLUBS FOUR,0.5978,0.0054,0.3968
SPADES FOUR DIAMONDS SIX,0.582,0.0048,0.4132
SPADES SEVEN SPADES FOUR,0.5552,0.0058,0.439
SPADES ACE SPADES THREE,0.2078,0.4842,0.308
HEARTS FIVE SPADES TEN,0.5986,0.0058,0.3956
CLUBS SIX CLUBS KING,0.5766,0.0054,0.418
SPADES TEN DIAMONDS EIGHT,0.568,0.003,0.429
SPADES JACK CLUBS QUEEN,0.5524,0.0062,0.4414
CLUBS SEVEN DIAMONDS SIX,0.5812,0.0054,0.4134
SPADES FIVE HEARTS KING,0.6018,0.006,0.3922
HEARTS EIGHT SPADES NINE,0.5682,0.003,0.4288
SPADES SEVEN HEARTS KING,0.5976,0.0048,0.3976
SPADES QUEEN HEARTS FOUR,0.6002,0.0048,0.395
DIAMONDS SEVEN DIAMONDS SIX,0.5602,0.0066,0.4332
HEARTS EIGHT HEARTS THREE,0.5878,0.0058,0.4064
HEARTS SEVEN HEARTS TEN,0.5484,0.0054,0.4462
CLUBS TEN HEARTS THREE,0.6028,0.0068,0.3904
CLUBS EIGHT CLUBS FOUR,0.5612,0.0046,0.4342
HEARTS FOUR DIAMONDS KING,0.6048,0.0054,0.3898
SPADES SIX DIAMONDS NINE,0.5776,0.0034,0.419
CLUBS FIVE HEARTS KING,0.6016,0.0064,0.392
SPADES TWO CLUBS QUEEN,0.7448,0.0164,0.2388
CLUBS SIX DIAMONDS JACK,0.6094,0.0042,0.3864
DIAMONDS KING DIAMONDS EIGHT,0.5656,0.006,0.4284
HEARTS KING DIAMONDS EIGHT,0.5958,0.0044,0.3998
DIAMONDS SEVEN DIAMONDS FOUR,0.5754,0.005,0.4196
CLUBS SEVEN DIAMONDS FOUR,0.5894,0.0046,0.406
HEARTS SIX SPADES NINE,0.5796,0.0044,0.416
SPADES QUEEN CLUBS THREE,0.6134,0.005,0.3816
HEARTS SEVEN SPADES SIX,0.5858,0.0056,0.4086
SPADES SIX DIAMONDS EIGHT,0.5866,0.0052,0.4082
HEARTS EIGHT HEARTS TEN,0.5412,0.0048,0.454
DIAMONDS QUEEN DIAMONDS SIX,0.5774,0.0052,0.4174
SPADES ACE CLUBS NINE,0.2418,0.1638,0.5944
HEARTS SEVEN CLUBS NINE,0.5704,0.0034,0.4262
CLUBS NINE SPADES TWO,0.751,0.0192,0.2298
SPADES TWO HEARTS JACK,0.7508,0.0188,0.2304
SPADES EIGHT CLUBS TWO,0.7464,0.0124,0.2412
SPADES SEVEN CLUBS TWO,0.743,0.0112,0.2458
CLUBS SEVEN HEARTS JACK,0.578,0.004,0.418
CLUBS SIX CLUBS FIVE,0.549,0.007,0.444
SPADES TEN DIAMONDS JACK,0.5534,0.0058,0.4408
DIAMONDS TWO DIAMONDS FOUR,0.7138,0.0164,0.2698
CLUBS TWO DIAMONDS SEVEN,0.7442,0.0136,0.2422
SPADES FIVE DIAMONDS EIGHT,0.585,0.0032,0.4118
HEARTS SIX DIAMONDS NINE,0.589,0.0068,0.4042
HEARTS SEVEN DIAMONDS TEN,0.5668,0.0046,0.4286
SPADES ACE SPADES TWO,0.022,0.9092,0.0688
DIAMONDS JACK SPADES FIVE,0.6116,0.0052,0.3832
SPADES KING CLUBS EIGHT,0.5944,0.003,0.4026
SPADES KING CLUBS FIVE,0.6092,0.0052,0.3856
SPADES JACK HEARTS FOUR,0.6004,0.0044,0.3952
SPADES FOUR SPADES TWO,0.6924,0.016,0.2916
DIAMONDS THREE HEARTS FOUR,0.6016,0.0074,0.391
HEARTS ACE DIAMONDS SIX,0.2488,0.3824,0.3688
CLUBS JACK SPADES TWO,0.7496,0.0154,0.235
DIAMONDS EIGHT CLUBS QUEEN,0.6032,0.0056,0.3912
SPADES QUEEN HEARTS TEN,0.5586,0.0028,0.4386
HEARTS EIGHT HEARTS FOUR,0.5798,0.0046,0.4156
SPADES JACK CLUBS FOUR,0.6132,0.0052,0.3816
DIAMONDS TWO SPADES TEN,0.747,0.0176,0.2354
SPADES SEVEN CLUBS ACE,0.2406,0.2954,0.464
SPADES ACE DIAMONDS SEVEN,0.228,0.307,0.465
CLUBS FIVE CLUBS KING,0.5826,0.0038,0.4136
CLUBS TEN CLUBS THREE,0.5746,0.0052,0.4202
CLUBS EIGHT CLUBS QUEEN,0.565,0.004,0.431
SPADES ACE CLUBS JACK,0.2508,0.0868,0.6624
DIAMONDS TEN CLUBS QUEEN,0.5616,0.0038,0.4346
DIAMONDS THREE HEARTS QUEEN,0.6196,0.0042,0.3762
SPADES JACK CLUBS SEVEN,0.5728,0.0034,0.4238
SPADES TEN HEARTS QUEEN,0.55,0.0046,0.4454
CLUBS ACE DIAMONDS FIVE,0.218,0.4598,0.3222
SPADES NINE SPADES EIGHT,0.5272,0.004,0.4688
CLUBS EIGHT SPADES SIX,0.5736,0.0042,0.4222
DIAMONDS TWO CLUBS FIVE,0.7398,0.0134,0.2468
CLUBS EIGHT SPADES TEN,0.5682,0.0038,0.428
HEARTS ACE DIAMONDS EIGHT,0.2318,0.2352,0.533
SPADES QUEEN CLUBS FOUR,0.6128,0.006,0.3812
CLUBS SEVEN CLUBS FOUR,0.5428,0.0044,0.4528
CLUBS TWO HEARTS KING,0.7404,0.018,0.2416
DIAMONDS TWO DIAMONDS QUEEN,0.7194,0.0166,0.264
SPADES FOUR CLUBS ACE,0.2206,0.5142,0.2652
SPADES JACK DIAMONDS JACK,0.2998,0.0062,0.694
HEARTS KING HEARTS JACK,0.5466,0.0066,0.4468
SPADES QUEEN DIAMONDS EIGHT,0.5892,0.004,0.4068
HEARTS SEVEN HEARTS SIX,0.5334,0.0052,0.4614
DIAMONDS SIX DIAMONDS FIVE,0.5502,0.0068,0.443
SPADES ACE CLUBS KING,0.2444,0.049,0.7066
SPADES ACE HEARTS ACE,0.062,0.016,0.922
HEARTS SEVEN CLUBS FOUR,0.5856,0.0044,0.41
SPADES SEVEN DIAMONDS FIVE,0.5814,0.0044,0.4142
CLUBS NINE SPADES SEVEN,0.5658,0.0036,0.4306
HEARTS SEVEN SPADES TWO,0.7418,0.0144,0.2438
SPADES TEN CLUBS ACE,0.2394,0.1126,0.648
CLUBS FIVE CLUBS THREE,0.5532,0.0068,0.44
CLUBS SEVEN CLUBS ACE,0.2278,0.2856,0.4866
HEARTS THREE HEARTS ACE,0.1956,0.503,0.3014
CLUBS JACK HEARTS QUEEN,0.551,0.0068,0.4422
DIAMONDS TEN DIAMONDS NINE,0.5292,0.006,0.4648
SPADES QUEEN DIAMONDS KING,0.5798,0.004,0.4162
CLUBS TEN HEARTS FOUR,0.5972,0.005,0.3978
HEARTS SIX SPADES THREE,0.6026,0.0068,0.3906
CLUBS THREE SPADES TWO,0.7482,0.0148,0.237
SPADES ACE CLUBS QUEEN,0.2514,0.0628,0.6858
SPADES SEVEN DIAMONDS JACK,0.595,0.0036,0.4014
SPADES ACE HEARTS THREE,0.2212,0.5174,0.2614
CLUBS TWO DIAMONDS EIGHT,0.7492,0.0182,0.2326
SPADES QUEEN DIAMONDS FOUR,0.618,0.0046,0.3774
SPADES SIX DIAMONDS SIX,0.3606,0.0032,0.6362
CLUBS THREE SPADES FOUR,0.5888,0.0048,0.4064
SPADES SEVEN DIAMONDS EIGHT,0.5566,0.0046,0.4388
CLUBS NINE CLUBS QUEEN,0.532,0.0048,0.4632
CLUBS SIX HEARTS NINE,0.585,0.0034,0.4116
SPADES TEN DIAMONDS NINE,0.5574,0.0036,0.439
SPADES FIVE HEARTS QUEEN,0.6188,0.0028,0.3784
SPADES NINE SPADES SIX,0.548,0.0052,0.4468
CLUBS JACK DIAMONDS SEVEN,0.571,0.0052,0.4238
HEARTS THREE CLUBS QUEEN,0.6114,0.0072,0.3814
CLUBS SEVEN DIAMONDS QUEEN,0.599,0.0048,0.3962
CLUBS QUEEN HEARTS NINE,0.5746,0.005,0.4204
DIAMONDS TWO DIAMONDS SEVEN,0.7198,0.0118,0.2684
SPADES FIVE HEARTS ACE,0.2132,0.4674,0.3194
DIAMONDS TWO CLUBS SEVEN,0.7572,0.0142,0.2286
CLUBS ACE DIAMONDS FOUR,0.2222,0.526,0.2518
SPADES EIGHT DIAMONDS JACK,0.574,0.0038,0.4222
DIAMONDS KING DIAMONDS SEVEN,0.5704,0.0046,0.425
SPADES EIGHT SPADES THREE,0.5672,0.0056,0.4272
HEARTS SEVEN DIAMONDS TWO,0.753,0.015,0.232
HEARTS SIX DIAMONDS SIX,0.3624,0.0058,0.6318
SPADES ACE CLUBS ACE,0.067,0.0142,0.9188
DIAMONDS NINE CLUBS KING,0.5866,0.0036,0.4098
CLUBS TWO HEARTS QUEEN,0.7486,0.015,0.2364
CLUBS SIX HEARTS TEN,0.5962,0.0044,0.3994
DIAMONDS JACK HEARTS TEN,0.5464,0.005,0.4486
HEARTS JACK DIAMONDS SIX,0.5962,0.005,0.3988
SPADES QUEEN CLUBS FIVE,0.615,0.0032,0.3818
SPADES FIVE CLUBS KING,0.6124,0.0074,0.3802
HEARTS QUEEN CLUBS QUEEN,0.2886,0.0034,0.708
DIAMONDS THREE SPADES JACK,0.617,0.0058,0.3772
HEARTS SIX HEARTS FOUR,0.5534,0.0068,0.4398
HEARTS FOUR HEARTS THREE,0.5692,0.0072,0.4236
HEARTS KING CLUBS KING,0.2854,0.003,0.7116
SPADES FOUR SPADES THREE,0.548,0.0074,0.4446
CLUBS SIX SPADES FOUR,0.5992,0.0046,0.3962
DIAMONDS TEN HEARTS ACE,0.2322,0.1244,0.6434
DIAMONDS KING HEARTS TEN,0.5674,0.0062,0.4264
HEARTS EIGHT SPADES TEN,0.5528,0.0044,0.4428
HEARTS FIVE DIAMONDS FOUR,0.5838,0.007,0.4092
HEARTS SEVEN SPADES FIVE,0.5816,0.0038,0.4146
SPADES ACE HEARTS SEVEN,0.2404,0.2902,0.4694
CLUBS THREE HEARTS NINE,0.6218,0.0046,0.3736
CLUBS JACK CLUBS EIGHT,0.5386,0.0054,0.456
SPADES JACK SPADES FOUR,0.5838,0.0058,0.4104
CLUBS TEN CLUBS EIGHT,0.5396,0.004,0.4564
SPADES SIX CLUBS TWO,0.7576,0.014,0.2284
SPADES KING HEARTS JACK,0.582,0.0056,0.4124
HEARTS QUEEN HEARTS JACK,0.538,0.0052,0.4568
SPADES KING HEARTS KING,0.2764,0.005,0.7186
SPADES SIX HEARTS TEN,0.588,0.004,0.408
CLUBS JACK HEARTS ACE,0.2382,0.0848,0.677
SPADES QUEEN DIAMONDS QUEEN,0.3034,0.0052,0.6914
SPADES ACE SPADES TEN,0.24,0.112,0.648
DIAMONDS TEN SPADES FOUR,0.6062,0.0072,0.3866
CLUBS SIX HEARTS JACK,0.6044,0.0054,0.3902
HEARTS QUEEN DIAMONDS FIVE,0.612,0.0064,0.3816
HEARTS SEVEN SPADES THREE,0.6106,0.005,0.3844
SPADES QUEEN SPADES TEN,0.523,0.0048,0.4722
SPADES TEN SPADES SEVEN,0.535,0.0054,0.4596
DIAMONDS NINE SPADES THREE,0.6116,0.0054,0.383
HEARTS EIGHT CLUBS KING,0.6086,0.0038,0.3876
DIAMONDS KING DIAMONDS TEN,0.5466,0.005,0.4484
HEARTS SEVEN DIAMONDS KING,0.5876,0.007,0.4054
SPADES TEN DIAMONDS SEVEN,0.5774,0.0052,0.4174
DIAMONDS TWO SPADES QUEEN,0.757,0.0186,0.2244
HEARTS SEVEN HEARTS NINE,0.5292,0.0054,0.4654
SPADES THREE DIAMONDS EIGHT,0.6244,0.0044,0.3712
CLUBS JACK CLUBS THREE,0.558,0.0054,0.4366
CLUBS SEVEN DIAMONDS TEN,0.5816,0.0044,0.414
SPADES QUEEN SPADES SEVEN,0.5712,0.0038,0.425
HEARTS SIX CLUBS FOUR,0.5744,0.007,0.4186
HEARTS FIVE CLUBS TWO,0.7412,0.0178,0.241
SPADES NINE CLUBS FOUR,0.633,0.006,0.361
DIAMONDS THREE CLUBS QUEEN,0.6258,0.0046,0.3696
SPADES NINE DIAMONDS SEVEN,0.5736,0.0052,0.4212
HEARTS EIGHT DIAMONDS NINE,0.5646,0.0054,0.43
DIAMONDS QUEEN DIAMONDS NINE,0.5416,0.0084,0.45
SPADES TEN HEARTS KING,0.5702,0.0034,0.4264
CLUBS TWO HEARTS NINE,0.7448,0.0158,0.2394
SPADES TEN DIAMONDS FIVE,0.6238,0.005,0.3712
CLUBS JACK DIAMONDS FOUR,0.6148,0.0086,0.3766
HEARTS SIX SPADES FOUR,0.5938,0.0046,0.4016
HEARTS FIVE HEARTS ACE,0.2058,0.4354,0.3588
SPADES TEN SPADES FOUR,0.5688,0.006,0.4252
DIAMONDS TEN DIAMONDS SIX,0.5714,0.0052,0.4234
DIAMONDS NINE DIAMONDS FOUR,0.5874,0.0052,0.4074
HEARTS FOUR CLUBS TWO,0.7354,0.0174,0.2472
DIAMONDS TWO HEARTS FIVE,0.7348,0.017,0.2482
DIAMONDS THREE DIAMONDS TWO,0.725,0.0172,0.2578
CLUBS FOUR DIAMONDS TEN,0.6038,0.005,0.3912
DIAMONDS QUEEN HEARTS NINE,0.5678,0.0058,0.4264
SPADES TEN DIAMONDS SIX,0.593,0.0056,0.4014
CLUBS SIX DIAMONDS TEN,0.586,0.0052,0.4088
SPADES JACK CLUBS FIVE,0.6136,0.0038,0.3826
SPADES KING DIAMONDS KING,0.293,0.0052,0.7018
CLUBS FOUR CLUBS ACE,0.202,0.4896,0.3084
HEARTS EIGHT SPADES SIX,0.565,0.0032,0.4318
CLUBS SEVEN SPADES FOUR,0.5874,0.0052,0.4074
CLUBS KING HEARTS TEN,0.5592,0.005,0.4358
DIAMONDS THREE HEARTS SIX,0.6154,0.0064,0.3782
SPADES EIGHT CLUBS QUEEN,0.587,0.0052,0.4078
SPADES FOUR HEARTS JACK,0.6154,0.0058,0.3788
SPADES THREE HEARTS TEN,0.6142,0.0062,0.3796
CLUBS SIX DIAMONDS NINE,0.5964,0.0044,0.3992
DIAMONDS QUEEN CLUBS KING,0.5636,0.004,0.4324
SPADES QUEEN HEARTS NINE,0.569,0.0034,0.4276
DIAMONDS KING DIAMONDS SIX,0.583,0.0058,0.4112
CLUBS EIGHT DIAMONDS SEVEN,0.5602,0.0032,0.4366
HEARTS EIGHT DIAMONDS THREE,0.6176,0.0054,0.377
DIAMONDS TWO SPADES THREE,0.7368,0.018,0.2452
SPADES SEVEN CLUBS QUEEN,0.5926,0.0036,0.4038
CLUBS EIGHT DIAMONDS NINE,0.5724,0.0036,0.424
SPADES JACK DIAMONDS SEVEN,0.589,0.006,0.405
SPADES FIVE CLUBS ACE,0.2286,0.455,0.3164
HEARTS FOUR DIAMONDS JACK,0.6236,0.0054,0.371
DIAMONDS EIGHT DIAMONDS SEVEN,0.539,0.0054,0.4556
SPADES FIVE SPADES FOUR,0.5468,0.0046,0.4486
DIAMONDS KING SPADES THREE,0.6232,0.0056,0.3712
CLUBS ACE HEARTS JACK,0.2378,0.0942,0.668
DIAMONDS TWO DIAMONDS FIVE,0.701,0.0146,0.2844
SPADES QUEEN CLUBS SIX,0.6142,0.0026,0.3832
SPADES TEN HEARTS JACK,0.5362,0.0038,0.46
SPADES JACK SPADES SEVEN,0.5474,0.0048,0.4478
CLUBS JACK DIAMONDS NINE,0.5692,0.0052,0.4256
CLUBS ACE CLUBS QUEEN,0.2316,0.0602,0.7082
DIAMONDS KING CLUBS KING,0.2844,0.0062,0.7094
SPADES FIVE CLUBS QUEEN,0.605,0.0056,0.3894
HEARTS THREE CLUBS THREE,0.3636,0.0062,0.6302
HEARTS EIGHT SPADES EIGHT,0.3332,0.0042,0.6626
CLUBS TEN HEARTS QUEEN,0.5554,0.0044,0.4402
CLUBS FIVE HEARTS ACE,0.223,0.4472,0.3298
CLUBS FOUR HEARTS KING,0.6044,0.0066,0.389
HEARTS SIX CLUBS SIX,0.3552,0.0044,0.6404
HEARTS EIGHT DIAMONDS SEVEN,0.5614,0.0044,0.4342
CLUBS TEN SPADES THREE,0.6018,0.005,0.3932
DIAMONDS TWO CLUBS NINE,0.7434,0.0168,0.2398
CLUBS FIVE HEARTS QUEEN,0.6104,0.0052,0.3844
SPADES QUEEN DIAMONDS SIX,0.6044,0.006,0.3896
CLUBS TWO HEARTS ACE,0.011,0.9716,0.0174
CLUBS NINE DIAMONDS QUEEN,0.5742,0.0034,0.4224
DIAMONDS THREE DIAMONDS EIGHT,0.5974,0.0046,0.398
SPADES KING CLUBS TEN,0.5726,0.0046,0.4228
DIAMONDS TWO CLUBS ACE,0.0182,0.9728,0.009
SPADES ACE HEARTS SIX,0.2396,0.3792,0.3812
CLUBS TWO SPADES FOUR,0.7442,0.0176,0.2382
DIAMONDS QUEEN DIAMONDS TEN,0.5338,0.0058,0.4604
SPADES FOUR CLUBS KING,0.6154,0.0054,0.3792
DIAMONDS SEVEN CLUBS KING,0.6068,0.0044,0.3888
CLUBS NINE DIAMONDS NINE,0.3436,0.0034,0.653
HEARTS KING HEARTS QUEEN,0.5368,0.0062,0.457
DIAMONDS QUEEN HEARTS QUEEN,0.2888,0.0066,0.7046
DIAMONDS TWO DIAMONDS NINE,0.711,0.0176,0.2714
HEARTS THREE CLUBS TWO,0.75,0.015,0.235
CLUBS TWO DIAMONDS TEN,0.7602,0.0196,0.2202
DIAMONDS NINE DIAMONDS SIX,0.5586,0.0062,0.4352
DIAMONDS QUEEN SPADES FIVE,0.6106,0.0044,0.385
CLUBS NINE SPADES JACK,0.5646,0.0044,0.431
SPADES FIVE DIAMONDS NINE,0.6008,0.006,0.3932
DIAMONDS SEVEN HEARTS NINE,0.5634,0.0046,0.432
HEARTS SEVEN HEARTS QUEEN,0.5754,0.0062,0.4184
HEARTS THREE DIAMONDS KING,0.6142,0.0056,0.3802
CLUBS JACK SPADES FIVE,0.6152,0.0056,0.3792
SPADES FIVE HEARTS JACK,0.6022,0.0056,0.3922
HEARTS SIX CLUBS EIGHT,0.5776,0.0046,0.4178
CLUBS EIGHT CLUBS KING,0.5714,0.005,0.4236
HEARTS SIX SPADES FIVE,0.5774,0.0062,0.4164
CLUBS TEN CLUBS ACE,0.239,0.1156,0.6454
HEARTS SIX DIAMONDS FOUR,0.579,0.0056,0.4154
DIAMONDS TWO SPADES NINE,0.7534,0.0184,0.2282
SPADES QUEEN SPADES TWO,0.7068,0.0184,0.2748
SPADES ACE CLUBS TWO,0.022,0.9544,0.0236
CLUBS TEN HEARTS ACE,0.2296,0.128,0.6424
CLUBS SIX HEARTS THREE,0.6108,0.0054,0.3838
HEARTS EIGHT SPADES TWO,0.7378,0.0174,0.2448
DIAMONDS THREE SPADES FOUR,0.594,0.0048,0.4012
SPADES QUEEN CLUBS SEVEN,0.5926,0.0046,0.4028
HEARTS NINE DIAMONDS FOUR,0.6198,0.0046,0.3756
CLUBS SEVEN SPADES SIX,0.5732,0.0042,0.4226
DIAMONDS TWO HEARTS JACK,0.7588,0.0196,0.2216
HEARTS THREE CLUBS KING,0.622,0.0066,0.3714
DIAMONDS KING DIAMONDS FIVE,0.588,0.0058,0.4062
SPADES FOUR DIAMONDS SEVEN,0.6058,0.0056,0.3886
HEARTS FIVE HEARTS TEN,0.5798,0.005,0.4152
HEARTS SEVEN CLUBS THREE,0.6044,0.0056,0.39
SPADES TWO HEARTS TEN,0.753,0.0124,0.2346
HEARTS FIVE CLUBS THREE,0.5898,0.0078,0.4024
SPADES SEVEN DIAMONDS FOUR,0.5964,0.0058,0.3978
CLUBS NINE DIAMONDS FOUR,0.6168,0.0064,0.3768
SPADES ACE CLUBS TEN,0.244,0.1142,0.6418
HEARTS SEVEN DIAMONDS EIGHT,0.5696,0.0058,0.4246
HEARTS QUEEN DIAMONDS SIX,0.5944,0.006,0.3996
DIAMONDS TWO SPADES JACK,0.7436,0.0154,0.241
SPADES SIX SPADES THREE,0.5722,0.005,0.4228
CLUBS SEVEN HEARTS NINE,0.5636,0.0072,0.4292
DIAMONDS TEN SPADES THREE,0.6132,0.0054,0.3814
DIAMONDS TWO CLUBS TWO,0.3354,0.0188,0.6458
HEARTS KING DIAMONDS FOUR,0.6048,0.0066,0.3886
SPADES ACE SPADES QUEEN,0.2376,0.0632,0.6992
HEARTS FIVE SPADES FOUR,0.5756,0.0054,0.419
DIAMONDS KING CLUBS TWO,0.7436,0.0182,0.2382
SPADES NINE SPADES TWO,0.6966,0.013,0.2904
CLUBS FOUR DIAMONDS EIGHT,0.5982,0.0064,0.3954
CLUBS THREE DIAMONDS EIGHT,0.631,0.0052,0.3638
CLUBS JACK DIAMONDS TEN,0.5572,0.0066,0.4362
DIAMONDS THREE HEARTS THREE,0.3642,0.0062,0.6296
CLUBS TEN DIAMONDS SIX,0.6012,0.0042,0.3946
CLUBS JACK HEARTS TEN,0.5414,0.0046,0.454
DIAMONDS KING HEARTS JACK,0.573,0.0056,0.4214
SPADES QUEEN DIAMONDS FIVE,0.6094,0.0044,0.3862
CLUBS NINE HEARTS ACE,0.2362,0.1648,0.599
SPADES NINE HEARTS JACK,0.5656,0.004,0.4304
HEARTS FOUR HEARTS KING,0.5866,0.0068,0.4066
SPADES ACE HEARTS JACK,0.2398,0.0986,0.6616
SPADES KING CLUBS THREE,0.6128,0.006,0.3812
CLUBS JACK CLUBS NINE,0.519,0.0032,0.4778
DIAMONDS THREE DIAMONDS KING,0.5826,0.0084,0.409
CLUBS SEVEN DIAMONDS NINE,0.5682,0.0042,0.4276
SPADES QUEEN SPADES JACK,0.5184,0.0052,0.4764
SPADES KING SPADES FOUR,0.5748,0.0032,0.422
SPADES FOUR HEARTS NINE,0.5998,0.005,0.3952
DIAMONDS TEN DIAMONDS FIVE,0.601,0.0046,0.3944
CLUBS TEN SPADES NINE,0.5414,0.0024,0.4562
CLUBS FIVE DIAMONDS FOUR,0.5798,0.0058,0.4144
HEARTS THREE SPADES FIVE,0.5956,0.0046,0.3998
CLUBS TEN CLUBS QUEEN,0.5094,0.0032,0.4874
CLUBS FOUR CLUBS QUEEN,0.5764,0.0048,0.4188
HEARTS SEVEN SPADES TEN,0.5684,0.0032,0.4284
SPADES TEN DIAMONDS TEN,0.3244,0.0038,0.6718
CLUBS ACE CLUBS KING,0.2372,0.0544,0.7084
CLUBS JACK SPADES QUEEN,0.5664,0.004,0.4296
DIAMONDS TWO DIAMONDS KING,0.7198,0.0148,0.2654
CLUBS TEN SPADES SEVEN,0.5858,0.0048,0.4094
HEARTS QUEEN HEARTS NINE,0.5454,0.0046,0.45
SPADES SIX SPADES TWO,0.7146,0.0114,0.274
CLUBS FIVE DIAMONDS TEN,0.6124,0.006,0.3816
HEARTS JACK DIAMONDS FIVE,0.6236,0.005,0.3714
CLUBS JACK DIAMONDS JACK,0.3178,0.0042,0.678
CLUBS SEVEN CLUBS TWO,0.7024,0.0136,0.284
SPADES NINE CLUBS THREE,0.6204,0.0058,0.3738
SPADES SIX CLUBS KING,0.6066,0.0036,0.3898
HEARTS FOUR SPADES SIX,0.5732,0.0048,0.422
CLUBS TEN HEARTS FIVE,0.6136,0.006,0.3804
DIAMONDS QUEEN CLUBS ACE,0.248,0.063,0.689
DIAMONDS EIGHT HEARTS TEN,0.571,0.0054,0.4236
CLUBS FOUR CLUBS KING,0.5774,0.0064,0.4162
SPADES SEVEN DIAMONDS SEVEN,0.3514,0.0042,0.6444
DIAMONDS TWO DIAMONDS TEN,0.7072,0.0184,0.2744
DIAMONDS THREE SPADES KING,0.622,0.0034,0.3746
DIAMONDS TEN CLUBS ACE,0.2472,0.1206,0.6322
HEARTS SEVEN CLUBS EIGHT,0.5568,0.0044,0.4388
DIAMONDS SEVEN HEARTS TEN,0.562,0.0042,0.4338
HEARTS SIX CLUBS TWO,0.7474,0.0114,0.2412
SPADES SEVEN HEARTS TEN,0.5724,0.0044,0.4232
HEARTS FOUR SPADES FIVE,0.5628,0.0058,0.4314
CLUBS TEN SPADES TEN,0.3204,0.0046,0.675
CLUBS JACK DIAMONDS QUEEN,0.568,0.0046,0.4274
HEARTS FOUR HEARTS QUEEN,0.5888,0.0068,0.4044
DIAMONDS THREE DIAMONDS TEN,0.5804,0.007,0.4126
CLUBS FIVE DIAMONDS SIX,0.5818,0.0052,0.413
SPADES KING DIAMONDS JACK,0.581,0.0042,0.4148
HEARTS FOUR SPADES SEVEN,0.586,0.0062,0.4078
SPADES JACK SPADES TWO,0.7092,0.0146,0.2762
HEARTS SIX HEARTS JACK,0.5714,0.0036,0.425
SPADES JACK DIAMONDS KING,0.571,0.0058,0.4232
CLUBS KING DIAMONDS FIVE,0.6126,0.0062,0.3812
SPADES EIGHT DIAMONDS SIX,0.587,0.0042,0.4088
CLUBS TEN HEARTS KING,0.5648,0.0064,0.4288
CLUBS TEN DIAMONDS EIGHT,0.5578,0.0036,0.4386
DIAMONDS QUEEN DIAMONDS FOUR,0.5942,0.0056,0.4002
CLUBS NINE HEARTS FIVE,0.6048,0.0054,0.3898
CLUBS SEVEN HEARTS TEN,0.5744,0.0042,0.4214
HEARTS KING CLUBS ACE,0.2478,0.0454,0.7068
HEARTS FIVE HEARTS NINE,0.5716,0.0062,0.4222
DIAMONDS SIX DIAMONDS FOUR,0.5696,0.0046,0.4258
CLUBS JACK DIAMONDS TWO,0.7528,0.015,0.2322
CLUBS FOUR CLUBS THREE,0.5666,0.0052,0.4282
DIAMONDS KING CLUBS FOUR,0.6138,0.0066,0.3796
DIAMONDS TWO HEARTS THREE,0.747,0.0156,0.2374
CLUBS SEVEN SPADES FIVE,0.582,0.0046,0.4134
SPADES QUEEN SPADES FOUR,0.5754,0.0052,0.4194
CLUBS JACK DIAMONDS THREE,0.606,0.0082,0.3858
HEARTS THREE HEARTS JACK,0.582,0.0042,0.4138
SPADES KING HEARTS THREE,0.6134,0.005,0.3816
CLUBS NINE SPADES THREE,0.6154,0.0044,0.3802
HEARTS SIX HEARTS THREE,0.5868,0.0058,0.4074
SPADES QUEEN SPADES EIGHT,0.5508,0.0044,0.4448
HEARTS FOUR DIAMONDS QUEEN,0.6216,0.0058,0.3726
CLUBS THREE CLUBS KING,0.5788,0.0038,0.4174
HEARTS ACE CLUBS KING,0.2542,0.0516,0.6942
CLUBS JACK HEARTS EIGHT,0.5718,0.0038,0.4244
CLUBS JACK HEARTS THREE,0.6224,0.006,0.3716
SPADES TEN CLUBS THREE,0.6226,0.0054,0.372
HEARTS SIX SPADES SEVEN,0.5604,0.002,0.4376
CLUBS TWO CLUBS ACE,0.0244,0.9064,0.0692
SPADES JACK DIAMONDS TEN,0.5502,0.0044,0.4454
CLUBS FOUR SPADES SIX,0.5938,0.005,0.4012
SPADES ACE DIAMONDS KING,0.2578,0.052,0.6902
HEARTS FIVE CLUBS FIVE,0.3622,0.006,0.6318
HEARTS ACE DIAMONDS NINE,0.2404,0.1768,0.5828
HEARTS FOUR SPADES THREE,0.5828,0.0046,0.4126
CLUBS EIGHT DIAMONDS KING,0.6014,0.0046,0.394
HEARTS EIGHT CLUBS ACE,0.2316,0.2334,0.535
HEARTS THREE DIAMONDS SIX,0.6044,0.0072,0.3884
SPADES ACE CLUBS FOUR,0.2178,0.5154,0.2668
CLUBS TEN SPADES EIGHT,0.5642,0.004,0.4318
SPADES JACK SPADES TEN,0.5206,0.0036,0.4758
CLUBS EIGHT CLUBS SEVEN,0.5198,0.0034,0.4768
CLUBS FOUR DIAMONDS SIX,0.5992,0.0056,0.3952
SPADES SEVEN SPADES SIX,0.5362,0.0038,0.46
SPADES EIGHT HEARTS QUEEN,0.583,0.0044,0.4126
SPADES SEVEN DIAMONDS QUEEN,0.6006,0.005,0.3944
CLUBS NINE CLUBS EIGHT,0.5432,0.0042,0.4526
CLUBS FIVE SPADES TWO,0.7254,0.02,0.2546
SPADES ACE SPADES EIGHT,0.2374,0.2086,0.554
CLUBS FIVE SPADES SEVEN,0.5756,0.0054,0.419
DIAMONDS THREE HEARTS ACE,0.2096,0.5288,0.2616
HEARTS SIX HEARTS ACE,0.2284,0.3636,0.408
HEARTS FIVE CLUBS QUEEN,0.606,0.0048,0.3892
HEARTS EIGHT HEARTS KING,0.5626,0.0088,0.4286
HEARTS FIVE DIAMONDS SEVEN,0.5686,0.0048,0.4266
HEARTS EIGHT DIAMONDS TEN,0.5582,0.005,0.4368
CLUBS NINE HEARTS THREE,0.6048,0.005,0.3902
SPADES ACE CLUBS SEVEN,0.2502,0.2926,0.4572
CLUBS NINE HEARTS TEN,0.5378,0.0062,0.456
CLUBS FIVE CLUBS QUEEN,0.5676,0.0044,0.428
SPADES ACE CLUBS THREE,0.2136,0.5218,0.2646
CLUBS TEN SPADES JACK,0.5524,0.0054,0.4422
DIAMONDS THREE SPADES SIX,0.61,0.0056,0.3844
HEARTS SIX HEARTS TEN,0.5544,0.0038,0.4418
HEARTS KING HEARTS NINE,0.5438,0.0056,0.4506
CLUBS FOUR DIAMONDS JACK,0.6172,0.004,0.3788
DIAMONDS THREE SPADES TEN,0.624,0.006,0.37
SPADES JACK DIAMONDS SIX,0.6086,0.0042,0.3872
SPADES EIGHT DIAMONDS EIGHT,0.339,0.0048,0.6562
SPADES THREE HEARTS QUEEN,0.6146,0.0066,0.3788
DIAMONDS THREE CLUBS FIVE,0.5928,0.007,0.4002
SPADES QUEEN HEARTS ACE,0.2324,0.0636,0.704
SPADES THREE DIAMONDS SEVEN,0.6146,0.0042,0.3812
HEARTS FIVE CLUBS ACE,0.2072,0.4616,0.3312
CLUBS THREE HEARTS KING,0.6134,0.006,0.3806
SPADES ACE SPADES SEVEN,0.2238,0.2604,0.5158
HEARTS FOUR HEARTS TEN,0.5792,0.0042,0.4166
HEARTS FIVE SPADES SIX,0.5706,0.006,0.4234
CLUBS SIX CLUBS ACE,0.2284,0.3598,0.4118
SPADES EIGHT HEARTS JACK,0.5652,0.0026,0.4322
DIAMONDS THREE CLUBS KING,0.6226,0.0044,0.373
SPADES SIX CLUBS THREE,0.6016,0.0058,0.3926
HEARTS SIX HEARTS KING,0.5758,0.0048,0.4194
HEARTS EIGHT SPADES THREE,0.611,0.004,0.385
CLUBS SEVEN SPADES THREE,0.5958,0.0036,0.4006
HEARTS FOUR CLUBS SIX,0.5858,0.0056,0.4086
SPADES JACK HEARTS QUEEN,0.5596,0.005,0.4354
CLUBS TWO HEARTS JACK,0.7356,0.017,0.2474
HEARTS FOUR DIAMONDS SIX,0.5938,0.0038,0.4024
HEARTS SEVEN CLUBS SIX,0.5666,0.0048,0.4286
HEARTS EIGHT HEARTS ACE,0.2332,0.2248,0.542
CLUBS NINE SPADES SIX,0.5906,0.0042,0.4052
CLUBS SIX DIAMONDS SIX,0.365,0.0046,0.6304
HEARTS EIGHT SPADES FOUR,0.6082,0.0032,0.3886
HEARTS SIX DIAMONDS EIGHT,0.5738,0.0048,0.4214
HEARTS FIVE DIAMONDS TEN,0.6068,0.0058,0.3874
SPADES NINE HEARTS KING,0.5864,0.0054,0.4082
SPADES EIGHT SPADES SIX,0.5372,0.0046,0.4582
SPADES KING DIAMONDS FOUR,0.608,0.0072,0.3848
CLUBS NINE HEARTS KING,0.5974,0.0058,0.3968
DIAMONDS THREE SPADES NINE,0.6172,0.0054,0.3774
CLUBS JACK SPADES SIX,0.5922,0.006,0.4018
HEARTS FIVE SPADES EIGHT,0.5964,0.0034,0.4002
DIAMONDS SEVEN CLUBS ACE,0.2354,0.3158,0.4488
CLUBS NINE CLUBS SIX,0.5322,0.0068,0.461
HEARTS FIVE SPADES NINE,0.5936,0.0048,0.4016
CLUBS TEN HEARTS SEVEN,0.5662,0.0044,0.4294
HEARTS ACE HEARTS QUEEN,0.2352,0.0658,0.699
SPADES NINE SPADES FIVE,0.5652,0.0042,0.4306
SPADES THREE DIAMONDS SIX,0.6146,0.0072,0.3782
CLUBS NINE HEARTS NINE,0.3432,0.0046,0.6522
SPADES NINE CLUBS QUEEN,0.5826,0.0038,0.4136
HEARTS ACE CLUBS ACE,0.0634,0.0168,0.9198
CLUBS JACK CLUBS ACE,0.2278,0.0806,0.6916
CLUBS EIGHT SPADES THREE,0.6146,0.0042,0.3812
HEARTS FIVE CLUBS SEVEN,0.5754,0.0066,0.418
HEARTS EIGHT CLUBS THREE,0.6194,0.004,0.3766
SPADES KING DIAMONDS TEN,0.578,0.0072,0.4148
CLUBS TEN DIAMONDS NINE,0.546,0.0042,0.4498
DIAMONDS NINE HEARTS QUEEN,0.5902,0.0036,0.4062
HEARTS FOUR HEARTS NINE,0.5876,0.0068,0.4056
HEARTS SIX DIAMONDS TEN,0.5982,0.0064,0.3954
SPADES KING CLUBS TWO,0.7538,0.019,0.2272
DIAMONDS TWO HEARTS NINE,0.7536,0.0186,0.2278
CLUBS EIGHT DIAMONDS SIX,0.5844,0.0054,0.4102
SPADES SIX HEARTS NINE,0.594,0.0034,0.4026
HEARTS SIX HEARTS NINE,0.556,0.007,0.437
SPADES TEN SPADES THREE,0.5626,0.006,0.4314
CLUBS NINE HEARTS JACK,0.564,0.005,0.431
CLUBS FIVE DIAMONDS EIGHT,0.5898,0.0064,0.4038
SPADES SIX DIAMONDS JACK,0.6106,0.0048,0.3846
HEARTS FIVE CLUBS SIX,0.5678,0.0066,0.4256
HEARTS SEVEN HEARTS FOUR,0.5612,0.0062,0.4326
CLUBS SEVEN SPADES EIGHT,0.5522,0.005,0.4428
HEARTS EIGHT CLUBS EIGHT,0.3444,0.0038,0.6518
SPADES KING SPADES TWO,0.7038,0.0184,0.2778
SPADES FOUR DIAMONDS NINE,0.6186,0.0068,0.3746
DIAMONDS JACK CLUBS QUEEN,0.5664,0.005,0.4286
CLUBS SEVEN CLUBS FIVE,0.5386,0.0062,0.4552
DIAMONDS THREE DIAMONDS SEVEN,0.5924,0.0062,0.4014
SPADES NINE DIAMONDS JACK,0.56,0.0032,0.4368
SPADES ACE HEARTS FOUR,0.2214,0.5104,0.2682
HEARTS ACE CLUBS QUEEN,0.244,0.059,0.697
DIAMONDS THREE CLUBS EIGHT,0.6312,0.0052,0.3636
HEARTS SIX CLUBS QUEEN,0.5968,0.004,0.3992
DIAMONDS JACK CLUBS TWO,0.7528,0.0166,0.2306
SPADES TEN HEARTS FOUR,0.6146,0.0046,0.3808
CLUBS EIGHT HEARTS FIVE,0.5866,0.0036,0.4098
DIAMONDS KING HEARTS QUEEN,0.5806,0.006,0.4134
HEARTS FOUR DIAMONDS SEVEN,0.5898,0.005,0.4052
DIAMONDS TWO HEARTS SIX,0.7682,0.014,0.2178
CLUBS TEN SPADES FOUR,0.6074,0.005,0.3876
SPADES JACK SPADES EIGHT,0.5354,0.0048,0.4598
CLUBS SIX SPADES THREE,0.6,0.004,0.396
CLUBS SEVEN CLUBS THREE,0.567,0.0044,0.4286
SPADES EIGHT HEARTS NINE,0.5508,0.0058,0.4434
DIAMONDS THREE SPADES SEVEN,0.597,0.0052,0.3978
SPADES FIVE SPADES THREE,0.5536,0.0044,0.442
DIAMONDS FIVE HEARTS NINE,0.6066,0.007,0.3864
SPADES ACE CLUBS EIGHT,0.2452,0.225,0.5298
DIAMONDS TWO HEARTS KING,0.7612,0.0196,0.2192
SPADES QUEEN CLUBS EIGHT,0.5768,0.0024,0.4208
CLUBS KING HEARTS NINE,0.5792,0.007,0.4138
CLUBS TEN CLUBS TWO,0.7074,0.0194,0.2732
SPADES TEN SPADES FIVE,0.579,0.0068,0.4142
HEARTS KING CLUBS QUEEN,0.5622,0.0034,0.4344
SPADES ACE HEARTS EIGHT,0.2418,0.226,0.5322
SPADES KING SPADES EIGHT,0.5516,0.0054,0.443
SPADES FIVE HEARTS NINE,0.604,0.0044,0.3916
DIAMONDS TWO DIAMONDS EIGHT,0.7224,0.015,0.2626
DIAMONDS THREE CLUBS SEVEN,0.5968,0.0052,0.398
HEARTS EIGHT HEARTS QUEEN,0.5548,0.0056,0.4396
SPADES KING CLUBS SIX,0.5996,0.0056,0.3948
CLUBS SEVEN CLUBS KING,0.5552,0.0066,0.4382
SPADES SEVEN DIAMONDS TEN,0.577,0.0062,0.4168
CLUBS TEN HEARTS NINE,0.5622,0.0044,0.4334
SPADES QUEEN HEARTS THREE,0.6098,0.0058,0.3844
SPADES ACE DIAMONDS JACK,0.2472,0.0966,0.6562
CLUBS JACK SPADES SEVEN,0.5848,0.003,0.4122
HEARTS SEVEN SPADES FOUR,0.5966,0.0048,0.3986
HEARTS FIVE DIAMONDS JACK,0.6094,0.0082,0.3824
DIAMONDS THREE SPADES EIGHT,0.6252,0.0074,0.3674
DIAMONDS EIGHT HEARTS QUEEN,0.5802,0.0052,0.4146
HEARTS THREE DIAMONDS QUEEN,0.6012,0.0074,0.3914
HEARTS EIGHT SPADES FIVE,0.5748,0.0068,0.4184
SPADES QUEEN CLUBS ACE,0.2486,0.0626,0.6888
DIAMONDS QUEEN HEARTS JACK,0.5638,0.0038,0.4324
CLUBS NINE DIAMONDS EIGHT,0.5698,0.0046,0.4256
HEARTS FOUR SPADES FOUR,0.3628,0.0054,0.6318
CLUBS JACK DIAMONDS SIX,0.6028,0.0058,0.3914
HEARTS FIVE SPADES TWO,0.7348,0.0142,0.251
DIAMONDS TWO HEARTS FOUR,0.7466,0.0136,0.2398
HEARTS SEVEN SPADES SEVEN,0.344,0.005,0.651
HEARTS SIX SPADES JACK,0.5974,0.0056,0.397
DIAMONDS JACK DIAMONDS TEN,0.5154,0.0048,0.4798
SPADES TEN CLUBS TWO,0.7476,0.0166,0.2358
HEARTS JACK HEARTS TEN,0.5222,0.0052,0.4726
HEARTS TEN DIAMONDS FIVE,0.6124,0.0064,0.3812
HEARTS KING DIAMONDS SIX,0.5966,0.0046,0.3988
HEARTS FIVE HEARTS QUEEN,0.5766,0.0058,0.4176
CLUBS FOUR DIAMONDS SEVEN,0.6018,0.0042,0.394
DIAMONDS SEVEN DIAMONDS FIVE,0.5494,0.006,0.4446
SPADES NINE SPADES FOUR,0.5698,0.0044,0.4258
CLUBS NINE CLUBS TWO,0.6984,0.0176,0.284
DIAMONDS JACK HEARTS QUEEN,0.561,0.0056,0.4334
HEARTS JACK CLUBS KING,0.5778,0.006,0.4162
CLUBS TWO DIAMONDS NINE,0.757,0.0178,0.2252
CLUBS NINE SPADES NINE,0.339,0.004,0.657
DIAMONDS TEN SPADES TWO,0.7494,0.018,0.2326
HEARTS THREE CLUBS ACE,0.2164,0.5202,0.2634
SPADES THREE DIAMONDS FOUR,0.593,0.0064,0.4006
CLUBS EIGHT CLUBS FIVE,0.5548,0.0048,0.4404
CLUBS EIGHT SPADES FIVE,0.5874,0.0034,0.4092
SPADES SIX SPADES FOUR,0.5544,0.0044,0.4412
HEARTS EIGHT CLUBS SEVEN,0.5564,0.0048,0.4388
SPADES TEN DIAMONDS QUEEN,0.556,0.005,0.439
DIAMONDS THREE HEARTS JACK,0.6148,0.0068,0.3784
SPADES JACK HEARTS ACE,0.2378,0.0914,0.6708
CLUBS FIVE DIAMONDS SEVEN,0.5844,0.0058,0.4098
HEARTS SIX CLUBS THREE,0.6112,0.0052,0.3836
HEARTS EIGHT CLUBS NINE,0.564,0.0054,0.4306
CLUBS FOUR HEARTS NINE,0.6124,0.0056,0.382
CLUBS TEN HEARTS JACK,0.547,0.0036,0.4494
SPADES ACE SPADES FOUR,0.2004,0.4916,0.308
SPADES KING CLUBS FOUR,0.6096,0.0038,0.3866
DIAMONDS KING DIAMONDS FOUR,0.5892,0.0058,0.405
CLUBS FOUR SPADES TWO,0.7306,0.0144,0.255
HEARTS FIVE SPADES FIVE,0.3474,0.0034,0.6492
SPADES ACE DIAMONDS TEN,0.2504,0.1224,0.6272
CLUBS THREE SPADES THREE,0.3666,0.0064,0.627
CLUBS JACK HEARTS JACK,0.3118,0.0046,0.6836
SPADES ACE HEARTS QUEEN,0.2428,0.0664,0.6908
CLUBS TWO CLUBS KING,0.703,0.0158,0.2812
HEARTS EIGHT SPADES SEVEN,0.5536,0.0042,0.4422
DIAMONDS JACK CLUBS KING,0.5774,0.005,0.4176
SPADES NINE HEARTS THREE,0.6202,0.0036,0.3762
CLUBS JACK DIAMONDS EIGHT,0.5854,0.0056,0.409
HEARTS SIX HEARTS FIVE,0.548,0.0066,0.4454
CLUBS SIX DIAMONDS FOUR,0.6034,0.006,0.3906
SPADES QUEEN SPADES NINE,0.5424,0.0032,0.4544
SPADES QUEEN SPADES SIX,0.5712,0.0038,0.425
