opposingHand,winningChance,drawChance,lostChance
HEARTS FOUR HEARTS JACK
SPADES NINE SPADES FIVE,0.5696,0.0166,0.4138
SPADES FOUR HEARTS ACE,0.27,0.0234,0.7066
CLUBS FOUR DIAMONDS EIGHT,0.7054,0.057,0.2376
CLUBS FOUR DIAMONDS FIVE,0.6684,0.06,0.2716
SPADES QUEEN HEARTS TEN,0.361,0.0104,0.6286
DIAMONDS QUEEN DIAMONDS SEVEN,0.3872,0.0104,0.6024
DIAMONDS SIX CLUBS KING,0.408,0.0058,0.5862
CLUBS NINE CLUBS QUEEN,0.3612,0.0074,0.6314
HEARTS TWO SPADES FIVE,0.614,0.0242,0.3618
DIAMONDS TWO SPADES FOUR,0.7036,0.0626,0.2338
SPADES SIX DIAMONDS JACK,0.2586,0.3774,0.364
HEARTS TWO CLUBS TWO,0.432,0.0602,0.5078
CLUBS KING DIAMONDS FOUR,0.2764,0.0362,0.6874
SPADES KING SPADES SIX,0.3858,0.0064,0.6078
CLUBS JACK SPADES SEVEN,0.2638,0.2776,0.4586
CLUBS EIGHT HEARTS ACE,0.3908,0.0056,0.6036
HEARTS FIVE DIAMONDS SEVEN,0.5818,0.016,0.4022
CLUBS NINE DIAMONDS FIVE,0.5972,0.0168,0.386
DIAMONDS EIGHT HEARTS NINE,0.5626,0.0174,0.42
SPADES NINE HEARTS KING,0.3716,0.0076,0.6208
SPADES ACE DIAMONDS THREE,0.4108,0.006,0.5832
SPADES SIX SPADES TWO,0.6048,0.0162,0.379
CLUBS FIVE HEARTS EIGHT,0.596,0.017,0.387
DIAMONDS TEN DIAMONDS NINE,0.5318,0.0166,0.4516
SPADES KING DIAMONDS JACK,0.2816,0.0314,0.687
CLUBS THREE DIAMONDS FIVE,0.6086,0.0214,0.37
HEARTS THREE HEARTS NINE,0.6506,0.019,0.3304
HEARTS TWO CLUBS FIVE,0.6154,0.0226,0.362
SPADES KING SPADES QUEEN,0.3438,0.0086,0.6476
DIAMONDS FIVE CLUBS QUEEN,0.399,0.0112,0.5898
SPADES QUEEN DIAMONDS KING,0.3512,0.0058,0.643
SPADES TEN DIAMONDS FOUR,0.7214,0.0628,0.2158
SPADES SEVEN SPADES SIX,0.5496,0.0174,0.433
CLUBS THREE CLUBS KING,0.4038,0.0096,0.5866
CLUBS THREE DIAMONDS FOUR,0.6874,0.0594,0.2532
SPADES JACK DIAMONDS KING,0.286,0.0296,0.6844
DIAMONDS KING SPADES FOUR,0.2936,0.0366,0.6698
DIAMONDS THREE HEARTS NINE,0.6268,0.0182,0.355
DIAMONDS TEN DIAMONDS SIX,0.5672,0.0204,0.4124
DIAMONDS JACK HEARTS EIGHT,0.265,0.2112,0.5238
HEARTS TEN DIAMONDS SIX,0.602,0.0168,0.3812
SPADES NINE DIAMONDS ACE,0.3972,0.0046,0.5982
DIAMONDS THREE SPADES SEVEN,0.6534,0.0178,0.3288
SPADES SIX HEARTS QUEEN,0.3892,0.0094,0.6014
CLUBS TWO SPADES FOUR,0.6982,0.0594,0.2424
DIAMONDS QUEEN CLUBS KING,0.35,0.005,0.645
HEARTS FIVE CLUBS QUEEN,0.3894,0.0124,0.5982
CLUBS JACK CLUBS FOUR,0.0706,0.8596,0.0698
CLUBS JACK HEARTS EIGHT,0.2654,0.2044,0.5302
HEARTS TWO DIAMONDS TEN,0.6488,0.0166,0.3346
DIAMONDS THREE HEARTS FIVE,0.5938,0.0232,0.383
SPADES FOUR HEARTS NINE,0.7252,0.0568,0.218
HEARTS FIVE SPADES JACK,0.2636,0.4292,0.3072
CLUBS NINE SPADES TWO,0.6456,0.0176,0.3368
HEARTS THREE DIAMONDS SEVEN,0.635,0.0226,0.3424
DIAMONDS KING SPADES TWO,0.4332,0.0088,0.558
HEARTS TWO HEARTS KING,0.3934,0.0074,0.5992
CLUBS JACK CLUBS ACE,0.2488,0.0182,0.733
SPADES ACE SPADES FIVE,0.3674,0.006,0.6266
SPADES NINE HEARTS TEN,0.5612,0.0142,0.4246
SPADES EIGHT CLUBS ACE,0.387,0.004,0.609
CLUBS JACK SPADES FOUR,0.072,0.9046,0.0234
CLUBS TWO DIAMONDS SIX,0.6454,0.0168,0.3378
CLUBS THREE DIAMONDS SEVEN,0.6392,0.0198,0.341
HEARTS SIX CLUBS NINE,0.58,0.0196,0.4004
HEARTS SIX CLUBS EIGHT,0.5812,0.0178,0.401
DIAMONDS THREE CLUBS SIX,0.6224,0.0194,0.3582
CLUBS TEN SPADES EIGHT,0.5878,0.0196,0.3926
CLUBS JACK DIAMONDS TWO,0.3124,0.475,0.2126
CLUBS JACK SPADES TEN,0.2782,0.1162,0.6056
SPADES KING CLUBS ACE,0.3606,0.0062,0.6332
DIAMONDS THREE CLUBS EIGHT,0.6436,0.0194,0.337
DIAMONDS NINE CLUBS QUEEN,0.3884,0.0106,0.601
SPADES FOUR SPADES THREE,0.6444,0.0542,0.3014
CLUBS JACK CLUBS THREE,0.2908,0.4516,0.2576
SPADES TEN CLUBS FIVE,0.611,0.0202,0.3688
SPADES NINE DIAMONDS SEVEN,0.5868,0.0188,0.3944
DIAMONDS KING DIAMONDS JACK,0.2646,0.0292,0.7062
SPADES ACE SPADES TWO,0.392,0.0044,0.6036
SPADES ACE CLUBS THREE,0.4258,0.004,0.5702
SPADES TEN CLUBS TWO,0.6428,0.0164,0.3408
HEARTS SEVEN DIAMONDS JACK,0.266,0.2706,0.4634
HEARTS SIX DIAMONDS KING,0.3944,0.0072,0.5984
DIAMONDS THREE HEARTS SIX,0.6234,0.023,0.3536
CLUBS TEN CLUBS ACE,0.3586,0.0058,0.6356
HEARTS FIVE DIAMONDS NINE,0.5982,0.0194,0.3824
SPADES KING DIAMONDS FIVE,0.4008,0.0054,0.5938
SPADES TEN HEARTS TWO,0.652,0.02,0.328
DIAMONDS EIGHT DIAMONDS FIVE,0.5586,0.016,0.4254
SPADES TWO DIAMONDS FIVE,0.6328,0.019,0.3482
SPADES ACE HEARTS THREE,0.4162,0.0056,0.5782
SPADES FIVE DIAMONDS SEVEN,0.578,0.0136,0.4084
DIAMONDS TEN DIAMONDS SEVEN,0.5634,0.016,0.4206
CLUBS NINE SPADES FIVE,0.6136,0.0192,0.3672
CLUBS THREE HEARTS KING,0.417,0.0126,0.5704
SPADES TWO HEARTS NINE,0.631,0.0202,0.3488
CLUBS TWO DIAMONDS EIGHT,0.6446,0.0182,0.3372
SPADES QUEEN CLUBS SIX,0.41,0.0094,0.5806
CLUBS FOUR DIAMONDS SIX,0.6876,0.0494,0.263
CLUBS FIVE SPADES SEVEN,0.5832,0.0216,0.3952
HEARTS FIVE CLUBS SIX,0.5944,0.0216,0.384
CLUBS KING HEARTS NINE,0.3776,0.0094,0.613
DIAMONDS TEN CLUBS QUEEN,0.3848,0.0092,0.606
SPADES SEVEN DIAMONDS TEN,0.5852,0.0162,0.3986
DIAMONDS NINE HEARTS QUEEN,0.3648,0.0114,0.6238
HEARTS KING SPADES TWO,0.414,0.0094,0.5766
HEARTS FIVE SPADES EIGHT,0.5938,0.0154,0.3908
DIAMONDS TEN SPADES THREE,0.6326,0.0216,0.3458
DIAMONDS TEN HEARTS ACE,0.3696,0.006,0.6244
HEARTS SIX HEARTS FIVE,0.57,0.0224,0.4076
SPADES JACK DIAMONDS JACK,0.1382,0.0378,0.824
HEARTS SEVEN SPADES TWO,0.6328,0.0216,0.3456
CLUBS SIX DIAMONDS SEVEN,0.5976,0.0194,0.383
SPADES TEN CLUBS KING,0.384,0.0052,0.6108
CLUBS TEN SPADES QUEEN,0.373,0.0122,0.6148
DIAMONDS ACE DIAMONDS KING,0.3384,0.0058,0.6558
DIAMONDS ACE DIAMONDS JACK,0.2588,0.0224,0.7188
CLUBS SEVEN DIAMONDS QUEEN,0.401,0.0118,0.5872
SPADES THREE DIAMONDS EIGHT,0.6446,0.0206,0.3348
SPADES FOUR DIAMONDS FIVE,0.6512,0.0582,0.2906
SPADES JACK SPADES EIGHT,0.2714,0.1844,0.5442
CLUBS FOUR HEARTS KING,0.2712,0.036,0.6928
SPADES QUEEN SPADES TWO,0.3952,0.0098,0.595
DIAMONDS THREE SPADES FIVE,0.6126,0.0212,0.3662
SPADES QUEEN SPADES SEVEN,0.3834,0.0078,0.6088
CLUBS SIX SPADES EIGHT,0.5896,0.0148,0.3956
CLUBS TEN SPADES FIVE,0.6246,0.0176,0.3578
DIAMONDS TWO CLUBS FIVE,0.6272,0.0216,0.3512
CLUBS TWO HEARTS NINE,0.6234,0.0184,0.3582
SPADES ACE SPADES KING,0.352,0.0046,0.6434
CLUBS SIX HEARTS EIGHT,0.5668,0.0216,0.4116
CLUBS ACE DIAMONDS FIVE,0.3986,0.0038,0.5976
CLUBS FIVE DIAMONDS SEVEN,0.5886,0.0184,0.393
HEARTS FIVE DIAMONDS FOUR,0.653,0.0602,0.2868
HEARTS SIX SPADES SIX,0.3298,0.0464,0.6238
CLUBS EIGHT SPADES FOUR,0.7088,0.05,0.2412
DIAMONDS NINE SPADES TWO,0.6376,0.0198,0.3426
HEARTS FIVE DIAMONDS SIX,0.5682,0.021,0.4108
SPADES ACE HEARTS SEVEN,0.393,0.0066,0.6004
SPADES QUEEN CLUBS SEVEN,0.3912,0.0094,0.5994
CLUBS NINE CLUBS SIX,0.5528,0.016,0.4312
SPADES KING HEARTS ACE,0.3472,0.0054,0.6474
CLUBS FIVE DIAMONDS FIVE,0.352,0.046,0.602
CLUBS TEN HEARTS TWO,0.6396,0.0184,0.342
DIAMONDS KING DIAMONDS SEVEN,0.3778,0.006,0.6162
CLUBS TEN HEARTS QUEEN,0.3612,0.011,0.6278
SPADES NINE DIAMONDS QUEEN,0.3804,0.0112,0.6084
CLUBS JACK DIAMONDS KING,0.2824,0.0328,0.6848
DIAMONDS QUEEN CLUBS THREE,0.4256,0.0118,0.5626
HEARTS KING HEARTS EIGHT,0.3468,0.0082,0.645
CLUBS FOUR HEARTS TEN,0.7014,0.0634,0.2352
SPADES NINE CLUBS QUEEN,0.3898,0.01,0.6002
SPADES FIVE DIAMONDS FOUR,0.6612,0.0638,0.275
DIAMONDS QUEEN SPADES FIVE,0.4024,0.0118,0.5858
CLUBS THREE SPADES THREE,0.4342,0.0498,0.516
HEARTS FIVE CLUBS ACE,0.3902,0.0042,0.6056
HEARTS FIVE HEARTS TWO,0.6176,0.0238,0.3586
HEARTS SEVEN SPADES TEN,0.5872,0.0162,0.3966
HEARTS SIX DIAMONDS NINE,0.5914,0.014,0.3946
HEARTS SEVEN CLUBS SIX,0.5824,0.0222,0.3954
DIAMONDS QUEEN HEARTS NINE,0.3736,0.0098,0.6166
HEARTS SEVEN DIAMONDS ACE,0.3864,0.0056,0.608
SPADES NINE SPADES FOUR,0.674,0.0522,0.2738
SPADES SIX CLUBS THREE,0.637,0.0182,0.3448
DIAMONDS NINE SPADES THREE,0.6534,0.0166,0.33
CLUBS NINE SPADES SIX,0.5952,0.0152,0.3896
CLUBS FIVE HEARTS QUEEN,0.3786,0.0132,0.6082
SPADES EIGHT CLUBS THREE,0.6542,0.0172,0.3286
SPADES JACK SPADES SEVEN,0.2392,0.2666,0.4942
CLUBS SEVEN SPADES SIX,0.5722,0.02,0.4078
CLUBS TWO CLUBS ACE,0.4004,0.005,0.5946
DIAMONDS KING DIAMONDS TEN,0.3562,0.0072,0.6366
CLUBS NINE SPADES EIGHT,0.5668,0.0162,0.417
CLUBS SIX SPADES FIVE,0.5944,0.0168,0.3888
CLUBS TEN CLUBS FOUR,0.6746,0.0596,0.2658
SPADES SIX DIAMONDS NINE,0.5898,0.0166,0.3936
HEARTS THREE CLUBS SIX,0.6148,0.0186,0.3666
SPADES TEN SPADES FIVE,0.5698,0.0154,0.4148
CLUBS NINE HEARTS ACE,0.3806,0.0054,0.614
HEARTS THREE SPADES EIGHT,0.6514,0.0166,0.332
SPADES JACK DIAMONDS QUEEN,0.28,0.0338,0.6862
CLUBS JACK DIAMONDS NINE,0.2672,0.1566,0.5762
HEARTS FIVE SPADES TEN,0.6018,0.0192,0.379
CLUBS EIGHT SPADES TEN,0.566,0.0158,0.4182
SPADES SIX SPADES FIVE,0.5364,0.0196,0.444
CLUBS EIGHT DIAMONDS ACE,0.4076,0.0034,0.589
SPADES SIX HEARTS TEN,0.5966,0.0194,0.384
CLUBS FIVE CLUBS ACE,0.3614,0.0046,0.634
SPADES JACK CLUBS SEVEN,0.263,0.2826,0.4544
CLUBS TEN DIAMONDS EIGHT,0.582,0.0138,0.4042
SPADES THREE SPADES TWO,0.6192,0.022,0.3588
DIAMONDS THREE HEARTS QUEEN,0.425,0.011,0.564
HEARTS FIVE CLUBS FOUR,0.658,0.0588,0.2832
DIAMONDS THREE DIAMONDS JACK,0.2878,0.4632,0.249
SPADES SIX SPADES FOUR,0.6516,0.0478,0.3006
CLUBS NINE DIAMONDS EIGHT,0.5576,0.0144,0.428
DIAMONDS JACK HEARTS KING,0.2648,0.0296,0.7056
HEARTS THREE CLUBS TWO,0.6388,0.0218,0.3394
DIAMONDS ACE SPADES FOUR,0.281,0.0244,0.6946
CLUBS SIX DIAMONDS FOUR,0.686,0.0538,0.2602
HEARTS SEVEN DIAMONDS TWO,0.6368,0.0222,0.341
CLUBS EIGHT CLUBS FOUR,0.6572,0.0522,0.2906
HEARTS THREE DIAMONDS FOUR,0.6782,0.0536,0.2682
HEARTS KING DIAMONDS SEVEN,0.3942,0.0062,0.5996
SPADES KING HEARTS EIGHT,0.3794,0.0092,0.6114
CLUBS TEN DIAMONDS KING,0.3738,0.0088,0.6174
SPADES ACE CLUBS TEN,0.3844,0.0036,0.612
HEARTS ACE DIAMONDS SEVEN,0.3844,0.0046,0.611
HEARTS ACE DIAMONDS SIX,0.3854,0.0058,0.6088
SPADES THREE CLUBS KING,0.4234,0.0058,0.5708
DIAMONDS THREE HEARTS KING,0.4082,0.007,0.5848
SPADES TEN SPADES THREE,0.5984,0.0198,0.3818
HEARTS KING CLUBS QUEEN,0.3432,0.0066,0.6502
HEARTS THREE CLUBS THREE,0.438,0.0486,0.5134
HEARTS ACE SPADES THREE,0.4008,0.0048,0.5944
CLUBS SIX DIAMONDS SIX,0.339,0.0416,0.6194
SPADES KING SPADES THREE,0.402,0.0086,0.5894
CLUBS FOUR HEARTS EIGHT,0.6962,0.061,0.2428
SPADES QUEEN HEARTS QUEEN,0.1734,0.012,0.8146
SPADES SIX CLUBS ACE,0.4096,0.0038,0.5866
CLUBS JACK CLUBS TEN,0.269,0.1114,0.6196
SPADES JACK DIAMONDS FOUR,0.0712,0.9064,0.0224
SPADES NINE DIAMONDS EIGHT,0.5712,0.0124,0.4164
SPADES KING SPADES FOUR,0.2726,0.0364,0.691
DIAMONDS SEVEN DIAMONDS FIVE,0.5516,0.0186,0.4298
CLUBS FOUR HEARTS QUEEN,0.2694,0.0452,0.6854
CLUBS SEVEN HEARTS KING,0.3834,0.006,0.6106
DIAMONDS EIGHT CLUBS KING,0.4084,0.0054,0.5862
SPADES EIGHT SPADES FOUR,0.6748,0.0566,0.2686
SPADES TEN SPADES FOUR,0.6874,0.0516,0.261
DIAMONDS EIGHT HEARTS TEN,0.5698,0.0178,0.4124
HEARTS SEVEN SPADES FOUR,0.6804,0.058,0.2616
CLUBS SEVEN DIAMONDS FOUR,0.6918,0.0552,0.253
SPADES NINE SPADES EIGHT,0.5342,0.015,0.4508
SPADES KING CLUBS SEVEN,0.401,0.007,0.592
DIAMONDS ACE CLUBS ACE,0.1628,0.0048,0.8324
HEARTS SEVEN HEARTS ACE,0.3444,0.004,0.6516
CLUBS TEN DIAMONDS TEN,0.3196,0.021,0.6594
SPADES SIX SPADES THREE,0.5978,0.0224,0.3798
CLUBS SIX CLUBS FIVE,0.5504,0.0182,0.4314
HEARTS SEVEN HEARTS EIGHT,0.5732,0.0162,0.4106
HEARTS SIX SPADES EIGHT,0.5894,0.0198,0.3908
HEARTS THREE CLUBS FOUR,0.6728,0.0634,0.2638
CLUBS TEN CLUBS SEVEN,0.5598,0.0156,0.4246
HEARTS SIX HEARTS TWO,0.6476,0.0224,0.33
SPADES FIVE DIAMONDS NINE,0.6086,0.0144,0.377
SPADES TEN SPADES NINE,0.5258,0.0172,0.457
SPADES JACK HEARTS QUEEN,0.252,0.0476,0.7004
SPADES FIVE SPADES THREE,0.576,0.0194,0.4046
SPADES QUEEN DIAMONDS QUEEN,0.1966,0.0088,0.7946
DIAMONDS THREE DIAMONDS SIX,0.5918,0.0168,0.3914
SPADES ACE SPADES JACK,0.2694,0.0174,0.7132
SPADES TEN DIAMONDS SIX,0.6042,0.0174,0.3784
CLUBS JACK DIAMONDS FIVE,0.269,0.4328,0.2982
HEARTS SEVEN CLUBS FIVE,0.572,0.019,0.409
DIAMONDS THREE DIAMONDS EIGHT,0.6034,0.0164,0.3802
CLUBS FIVE CLUBS FOUR,0.627,0.0534,0.3196
CLUBS FOUR SPADES SIX,0.6828,0.0572,0.26
DIAMONDS NINE CLUBS KING,0.388,0.0062,0.6058
CLUBS FOUR CLUBS THREE,0.6558,0.0532,0.291
CLUBS TEN SPADES THREE,0.6478,0.0148,0.3374
SPADES KING HEARTS QUEEN,0.3416,0.0084,0.65
HEARTS QUEEN HEARTS EIGHT,0.3272,0.0118,0.661
SPADES EIGHT DIAMONDS FOUR,0.708,0.0554,0.2366
SPADES KING SPADES FIVE,0.381,0.0084,0.6106
SPADES JACK CLUBS FOUR,0.0694,0.9086,0.022
DIAMONDS ACE HEARTS NINE,0.3896,0.0052,0.6052
CLUBS EIGHT CLUBS SEVEN,0.5324,0.017,0.4506
SPADES FIVE HEARTS QUEEN,0.3956,0.0134,0.591
DIAMONDS NINE CLUBS ACE,0.3948,0.0024,0.6028
DIAMONDS SEVEN HEARTS NINE,0.5784,0.0168,0.4048
CLUBS TWO HEARTS ACE,0.4092,0.0068,0.584
SPADES ACE DIAMONDS NINE,0.4024,0.003,0.5946
CLUBS TEN CLUBS QUEEN,0.3454,0.008,0.6466
DIAMONDS ACE DIAMONDS SEVEN,0.379,0.0036,0.6174
CLUBS JACK SPADES JACK,0.1304,0.0352,0.8344
HEARTS FIVE DIAMONDS JACK,0.2522,0.4388,0.309
SPADES NINE DIAMONDS FOUR,0.7316,0.0576,0.2108
SPADES KING DIAMONDS TEN,0.3716,0.0076,0.6208
DIAMONDS TEN HEARTS NINE,0.5564,0.018,0.4256
SPADES NINE CLUBS FIVE,0.6154,0.0168,0.3678
SPADES SIX HEARTS KING,0.396,0.0064,0.5976
CLUBS TEN DIAMONDS SIX,0.6006,0.0172,0.3822
DIAMONDS TEN HEARTS KING,0.3742,0.0066,0.6192
DIAMONDS TWO DIAMONDS FIVE,0.5862,0.0174,0.3964
DIAMONDS QUEEN CLUBS TWO,0.4212,0.0094,0.5694
DIAMONDS NINE DIAMONDS FIVE,0.5648,0.016,0.4192
SPADES FIVE HEARTS KING,0.4024,0.0082,0.5894
SPADES SEVEN HEARTS ACE,0.3916,0.0052,0.6032
HEARTS THREE DIAMONDS KING,0.417,0.0084,0.5746
DIAMONDS TWO SPADES NINE,0.6224,0.0184,0.3592
CLUBS TEN HEARTS FIVE,0.6056,0.0206,0.3738
CLUBS SEVEN SPADES TWO,0.6522,0.0198,0.328
SPADES FOUR DIAMONDS SEVEN,0.679,0.059,0.262
DIAMONDS TWO DIAMONDS ACE,0.399,0.0058,0.5952
HEARTS QUEEN HEARTS NINE,0.3276,0.012,0.6604
CLUBS TEN SPADES TEN,0.3248,0.0176,0.6576
HEARTS SEVEN CLUBS SEVEN,0.3376,0.0376,0.6248
HEARTS TEN CLUBS KING,0.3636,0.0078,0.6286
HEARTS KING HEARTS QUEEN,0.3026,0.0106,0.6868
SPADES NINE DIAMONDS NINE,0.3148,0.0282,0.657
HEARTS TWO HEARTS QUEEN,0.3778,0.01,0.6122
CLUBS SIX DIAMONDS EIGHT,0.5982,0.0138,0.388
HEARTS SIX HEARTS TEN,0.5992,0.0204,0.3804
HEARTS FIVE HEARTS QUEEN,0.3382,0.0116,0.6502
HEARTS FIVE SPADES NINE,0.5872,0.0186,0.3942
CLUBS JACK SPADES SIX,0.2776,0.3536,0.3688
HEARTS THREE HEARTS EIGHT,0.6544,0.0218,0.3238
DIAMONDS TWO DIAMONDS KING,0.4078,0.008,0.5842
CLUBS THREE HEARTS NINE,0.64,0.0158,0.3442
CLUBS TEN CLUBS KING,0.3568,0.0054,0.6378
CLUBS JACK HEARTS SIX,0.2618,0.3682,0.37
SPADES TEN HEARTS EIGHT,0.5776,0.0156,0.4068
SPADES TWO DIAMONDS SEVEN,0.6562,0.021,0.3228
DIAMONDS ACE DIAMONDS EIGHT,0.3894,0.002,0.6086
CLUBS THREE SPADES FOUR,0.6756,0.0624,0.262
CLUBS JACK SPADES EIGHT,0.2726,0.208,0.5194
DIAMONDS ACE SPADES TWO,0.4224,0.0066,0.571
HEARTS SIX SPADES TEN,0.6,0.017,0.383
HEARTS KING CLUBS KING,0.172,0.0092,0.8188
DIAMONDS KING SPADES FIVE,0.4012,0.0058,0.593
SPADES SIX DIAMONDS EIGHT,0.5926,0.0174,0.39
SPADES ACE CLUBS KING,0.3706,0.003,0.6264
DIAMONDS TWO SPADES EIGHT,0.656,0.0206,0.3234
DIAMONDS TWO CLUBS QUEEN,0.421,0.0116,0.5674
HEARTS SEVEN HEARTS FIVE,0.5668,0.0228,0.4104
HEARTS SEVEN DIAMONDS KING,0.4052,0.0074,0.5874
CLUBS NINE HEARTS TWO,0.6412,0.0154,0.3434
SPADES KING SPADES EIGHT,0.3778,0.0074,0.6148
HEARTS QUEEN HEARTS TEN,0.3172,0.0082,0.6746
CLUBS JACK CLUBS KING,0.2626,0.0302,0.7072
SPADES THREE HEARTS NINE,0.6284,0.0232,0.3484
SPADES KING SPADES JACK,0.2666,0.0294,0.704
DIAMONDS JACK DIAMONDS EIGHT,0.258,0.1972,0.5448
SPADES EIGHT SPADES TWO,0.6108,0.0212,0.368
CLUBS JACK CLUBS SEVEN,0.254,0.261,0.485
HEARTS FIVE SPADES TWO,0.6326,0.024,0.3434
DIAMONDS THREE HEARTS EIGHT,0.6462,0.019,0.3348
SPADES ACE CLUBS QUEEN,0.3512,0.0034,0.6454
SPADES KING CLUBS QUEEN,0.3606,0.005,0.6344
DIAMONDS THREE SPADES JACK,0.3082,0.4814,0.2104
SPADES KING DIAMONDS EIGHT,0.4108,0.0068,0.5824
SPADES FOUR HEARTS QUEEN,0.265,0.0462,0.6888
CLUBS TWO SPADES TWO,0.445,0.0514,0.5036
CLUBS NINE CLUBS EIGHT,0.5308,0.0144,0.4548
DIAMONDS THREE HEARTS TWO,0.6576,0.0192,0.3232
SPADES JACK SPADES FIVE,0.2506,0.4078,0.3416
HEARTS SEVEN DIAMONDS SIX,0.582,0.0196,0.3984
DIAMONDS KING CLUBS FOUR,0.2902,0.0338,0.676
DIAMONDS KING DIAMONDS NINE,0.3764,0.0066,0.617
SPADES EIGHT DIAMONDS SIX,0.607,0.014,0.379
DIAMONDS TWO SPADES THREE,0.6452,0.024,0.3308
SPADES ACE HEARTS FIVE,0.3728,0.0046,0.6226
HEARTS THREE DIAMONDS TEN,0.6496,0.0152,0.3352
DIAMONDS TWO SPADES SEVEN,0.6512,0.0196,0.3292
CLUBS SEVEN DIAMONDS FIVE,0.586,0.0178,0.3962
SPADES ACE HEARTS SIX,0.3944,0.0038,0.6018
CLUBS JACK DIAMONDS EIGHT,0.2752,0.2122,0.5126
SPADES QUEEN HEARTS EIGHT,0.389,0.0124,0.5986
SPADES FIVE HEARTS TEN,0.6054,0.0158,0.3788
HEARTS SEVEN CLUBS ACE,0.3928,0.0054,0.6018
DIAMONDS TWO CLUBS KING,0.4334,0.0076,0.559
HEARTS TWO DIAMONDS SIX,0.6392,0.0192,0.3416
SPADES ACE DIAMONDS JACK,0.274,0.0168,0.7092
DIAMONDS THREE CLUBS KING,0.429,0.0098,0.5612
DIAMONDS ACE DIAMONDS QUEEN,0.341,0.0038,0.6552
SPADES THREE HEARTS KING,0.4122,0.009,0.5788
SPADES NINE CLUBS TWO,0.6382,0.0188,0.343
CLUBS EIGHT DIAMONDS KING,0.411,0.0068,0.5822
DIAMONDS QUEEN DIAMONDS EIGHT,0.3808,0.0116,0.6076
DIAMONDS EIGHT HEARTS EIGHT,0.3258,0.0324,0.6418
SPADES ACE CLUBS NINE,0.4056,0.0036,0.5908
DIAMONDS NINE HEARTS EIGHT,0.566,0.015,0.419
SPADES EIGHT HEARTS QUEEN,0.3832,0.012,0.6048
SPADES EIGHT HEARTS EIGHT,0.316,0.032,0.652
CLUBS NINE HEARTS FIVE,0.5928,0.0202,0.387
CLUBS NINE SPADES THREE,0.6364,0.0194,0.3442
DIAMONDS TWO DIAMONDS EIGHT,0.6144,0.0164,0.3692
CLUBS FIVE CLUBS TWO,0.5902,0.0222,0.3876
DIAMONDS QUEEN DIAMONDS NINE,0.3552,0.0102,0.6346
SPADES KING CLUBS NINE,0.3978,0.0078,0.5944
SPADES JACK CLUBS KING,0.2808,0.0318,0.6874
CLUBS EIGHT HEARTS THREE,0.6544,0.0188,0.3268
HEARTS TWO DIAMONDS KING,0.4258,0.0098,0.5644
DIAMONDS TEN CLUBS ACE,0.382,0.0026,0.6154
SPADES KING CLUBS TEN,0.385,0.007,0.608
SPADES NINE HEARTS QUEEN,0.3706,0.0092,0.6202
DIAMONDS NINE DIAMONDS EIGHT,0.522,0.0138,0.4642
SPADES ACE SPADES SIX,0.376,0.0048,0.6192
HEARTS SEVEN CLUBS FOUR,0.6962,0.0564,0.2474
DIAMONDS ACE DIAMONDS SIX,0.3812,0.0038,0.615
HEARTS SIX SPADES FIVE,0.569,0.0204,0.4106
DIAMONDS ACE HEARTS ACE,0.1592,0.0038,0.837
SPADES SIX DIAMONDS FOUR,0.6818,0.0564,0.2618
CLUBS JACK SPADES KING,0.2688,0.028,0.7032
SPADES JACK HEARTS THREE,0.2912,0.498,0.2108
SPADES TEN CLUBS THREE,0.6462,0.0158,0.338
CLUBS JACK HEARTS SEVEN,0.2698,0.285,0.4452
HEARTS SIX HEARTS EIGHT,0.5662,0.023,0.4108
SPADES NINE DIAMONDS TEN,0.5624,0.0156,0.422
HEARTS SIX SPADES QUEEN,0.394,0.0108,0.5952
DIAMONDS THREE HEARTS THREE,0.4466,0.0488,0.5046
DIAMONDS JACK DIAMONDS NINE,0.2502,0.1502,0.5996
HEARTS THREE SPADES TWO,0.6482,0.0224,0.3294
CLUBS NINE DIAMONDS FOUR,0.7198,0.0524,0.2278
SPADES EIGHT DIAMONDS TEN,0.584,0.0174,0.3986
CLUBS NINE DIAMONDS QUEEN,0.3846,0.0086,0.6068
HEARTS THREE SPADES FOUR,0.6908,0.0526,0.2566
SPADES QUEEN HEARTS THREE,0.4234,0.0138,0.5628
DIAMONDS TWO CLUBS ACE,0.4182,0.005,0.5768
SPADES QUEEN SPADES THREE,0.4182,0.0114,0.5704
HEARTS THREE CLUBS QUEEN,0.419,0.0106,0.5704
CLUBS JACK CLUBS TWO,0.2992,0.4532,0.2476
HEARTS SEVEN SPADES SEVEN,0.3356,0.0362,0.6282
CLUBS JACK DIAMONDS FOUR,0.0758,0.9044,0.0198
DIAMONDS SEVEN HEARTS TEN,0.5796,0.0172,0.4032
CLUBS SEVEN DIAMONDS TEN,0.5832,0.0162,0.4006
CLUBS FOUR HEARTS ACE,0.267,0.0204,0.7126
DIAMONDS ACE SPADES SEVEN,0.389,0.0034,0.6076
SPADES QUEEN DIAMONDS EIGHT,0.404,0.0108,0.5852
CLUBS NINE SPADES JACK,0.2686,0.1586,0.5728
HEARTS THREE SPADES SIX,0.6224,0.0216,0.356
HEARTS KING DIAMONDS FIVE,0.3912,0.0086,0.6002
DIAMONDS TWO DIAMONDS FOUR,0.6506,0.0602,0.2892
CLUBS EIGHT HEARTS EIGHT,0.3262,0.0322,0.6416
CLUBS TEN CLUBS NINE,0.5208,0.012,0.4672
DIAMONDS TWO HEARTS QUEEN,0.426,0.0126,0.5614
SPADES ACE DIAMONDS TWO,0.4214,0.005,0.5736
SPADES THREE DIAMONDS SIX,0.6436,0.0186,0.3378
SPADES QUEEN HEARTS FIVE,0.3862,0.0132,0.6006
DIAMONDS JACK CLUBS TWO,0.3112,0.4844,0.2044
DIAMONDS SIX DIAMONDS FOUR,0.656,0.0552,0.2888
CLUBS FIVE DIAMONDS EIGHT,0.5884,0.0164,0.3952
CLUBS EIGHT CLUBS THREE,0.603,0.0166,0.3804
CLUBS FOUR SPADES FIVE,0.6696,0.0616,0.2688
DIAMONDS QUEEN CLUBS QUEEN,0.1862,0.0104,0.8034
SPADES NINE HEARTS ACE,0.379,0.0046,0.6164
HEARTS TWO HEARTS NINE,0.6322,0.0202,0.3476
SPADES EIGHT DIAMONDS SEVEN,0.5666,0.0132,0.4202
CLUBS EIGHT HEARTS TWO,0.6524,0.0198,0.3278
HEARTS TWO DIAMONDS JACK,0.307,0.4796,0.2134
SPADES NINE DIAMONDS FIVE,0.6102,0.0182,0.3716
CLUBS FIVE DIAMONDS NINE,0.6042,0.015,0.3808
DIAMONDS KING HEARTS ACE,0.3466,0.0046,0.6488
DIAMONDS JACK CLUBS KING,0.2716,0.0318,0.6966
SPADES NINE CLUBS SIX,0.5956,0.0142,0.3902
HEARTS ACE HEARTS QUEEN,0.3126,0.0058,0.6816
SPADES SEVEN CLUBS TWO,0.6454,0.0176,0.337
HEARTS SEVEN SPADES THREE,0.6276,0.0218,0.3506
HEARTS SEVEN SPADES NINE,0.5642,0.0208,0.415
HEARTS SIX DIAMONDS EIGHT,0.5878,0.0182,0.394
SPADES QUEEN CLUBS KING,0.3406,0.008,0.6514
CLUBS SEVEN SPADES EIGHT,0.575,0.0162,0.4088
SPADES SEVEN HEARTS KING,0.378,0.0094,0.6126
SPADES KING SPADES NINE,0.3672,0.006,0.6268
HEARTS FIVE SPADES FIVE,0.3354,0.0494,0.6152
CLUBS FIVE HEARTS TEN,0.6188,0.0176,0.3636
CLUBS THREE HEARTS TEN,0.6412,0.0188,0.34
DIAMONDS JACK HEARTS NINE,0.2758,0.158,0.5662
DIAMONDS TWO HEARTS TWO,0.442,0.0492,0.5088
CLUBS NINE HEARTS EIGHT,0.562,0.0172,0.4208
DIAMONDS TWO DIAMONDS JACK,0.2868,0.46,0.2532
DIAMONDS JACK SPADES THREE,0.3062,0.485,0.2088
SPADES TEN HEARTS ACE,0.3766,0.0044,0.619
SPADES JACK SPADES THREE,0.2964,0.4562,0.2474
SPADES TEN DIAMONDS KING,0.3758,0.0066,0.6176
SPADES FIVE HEARTS NINE,0.5874,0.0204,0.3922
DIAMONDS SIX HEARTS EIGHT,0.5876,0.0182,0.3942
CLUBS FIVE DIAMONDS JACK,0.2748,0.4326,0.2926
SPADES KING CLUBS KING,0.182,0.0056,0.8124
DIAMONDS ACE DIAMONDS TEN,0.3656,0.0046,0.6298
DIAMONDS TWO CLUBS TWO,0.4288,0.055,0.5162
SPADES FIVE DIAMONDS FIVE,0.3458,0.0428,0.6114
HEARTS SEVEN SPADES QUEEN,0.3878,0.0134,0.5988
CLUBS SIX DIAMONDS QUEEN,0.3968,0.0118,0.5914
CLUBS JACK SPADES FIVE,0.2506,0.4432,0.3062
DIAMONDS EIGHT CLUBS QUEEN,0.4,0.01,0.59
DIAMONDS THREE SPADES TEN,0.6548,0.0166,0.3286
CLUBS TWO DIAMONDS FIVE,0.6294,0.0208,0.3498
DIAMONDS EIGHT HEARTS QUEEN,0.389,0.0122,0.5988
HEARTS SIX CLUBS FIVE,0.5762,0.0204,0.4034
SPADES ACE SPADES QUEEN,0.3474,0.0044,0.6482
CLUBS JACK DIAMONDS SEVEN,0.2738,0.2722,0.454
HEARTS SIX CLUBS KING,0.3912,0.008,0.6008
DIAMONDS THREE SPADES FOUR,0.6778,0.062,0.2602
HEARTS TWO CLUBS SIX,0.635,0.0222,0.3428
HEARTS FIVE SPADES SIX,0.5826,0.0162,0.4012
SPADES EIGHT DIAMONDS NINE,0.5754,0.016,0.4086
SPADES JACK CLUBS QUEEN,0.2894,0.0384,0.6722
SPADES TEN DIAMONDS EIGHT,0.5806,0.0162,0.4032
CLUBS EIGHT HEARTS KING,0.3898,0.0076,0.6026
HEARTS SEVEN SPADES KING,0.3976,0.0094,0.593
DIAMONDS TWO CLUBS NINE,0.6362,0.0188,0.345
DIAMONDS ACE CLUBS TWO,0.4322,0.0056,0.5622
SPADES NINE SPADES TWO,0.6028,0.02,0.3772
SPADES ACE DIAMONDS SIX,0.395,0.005,0.6
SPADES QUEEN DIAMONDS SEVEN,0.4174,0.01,0.5726
SPADES SIX HEARTS NINE,0.5982,0.0184,0.3834
HEARTS SIX CLUBS SIX,0.344,0.0388,0.6172
CLUBS NINE HEARTS THREE,0.6384,0.0222,0.3394
SPADES TEN CLUBS QUEEN,0.376,0.0098,0.6142
DIAMONDS TWO DIAMONDS QUEEN,0.3956,0.0108,0.5936
CLUBS JACK HEARTS ACE,0.2566,0.0228,0.7206
CLUBS TEN DIAMONDS TWO,0.639,0.015,0.346
SPADES EIGHT SPADES SEVEN,0.5438,0.0172,0.439
HEARTS FIVE DIAMONDS KING,0.3922,0.0066,0.6012
CLUBS NINE CLUBS TWO,0.609,0.0188,0.3722
CLUBS FIVE CLUBS QUEEN,0.3672,0.0122,0.6206
HEARTS FIVE CLUBS TWO,0.63,0.0202,0.3498
SPADES JACK HEARTS ACE,0.2628,0.0246,0.7126
DIAMONDS ACE SPADES FIVE,0.3922,0.0042,0.6036
CLUBS NINE CLUBS SEVEN,0.5462,0.0174,0.4364
CLUBS TEN DIAMONDS NINE,0.5692,0.018,0.4128
DIAMONDS THREE DIAMONDS TEN,0.6118,0.0176,0.3706
CLUBS SIX HEARTS QUEEN,0.3756,0.009,0.6154
CLUBS FIVE CLUBS THREE,0.585,0.0206,0.3944
SPADES JACK DIAMONDS SIX,0.2718,0.3686,0.3596
SPADES KING SPADES TEN,0.371,0.0066,0.6224
SPADES ACE SPADES TEN,0.3742,0.0058,0.62
CLUBS FOUR DIAMONDS SEVEN,0.684,0.0546,0.2614
SPADES NINE HEARTS EIGHT,0.5628,0.0184,0.4188
SPADES SIX HEARTS EIGHT,0.5736,0.02,0.4064
CLUBS SEVEN SPADES SEVEN,0.3358,0.0338,0.6304
SPADES EIGHT DIAMONDS FIVE,0.591,0.0196,0.3894
CLUBS TWO SPADES THREE,0.6528,0.0188,0.3284
DIAMONDS KING HEARTS QUEEN,0.34,0.0046,0.6554
CLUBS TWO HEARTS EIGHT,0.6488,0.0196,0.3316
CLUBS EIGHT SPADES FIVE,0.6002,0.0182,0.3816
HEARTS SEVEN DIAMONDS NINE,0.5814,0.0148,0.4038
DIAMONDS THREE CLUBS ACE,0.4252,0.0044,0.5704
CLUBS TEN DIAMONDS FOUR,0.7104,0.064,0.2256
HEARTS FIVE DIAMONDS ACE,0.3754,0.0054,0.6192
HEARTS TWO DIAMONDS SEVEN,0.641,0.0194,0.3396
HEARTS THREE SPADES THREE,0.434,0.0494,0.5166
CLUBS SIX HEARTS TEN,0.5968,0.0168,0.3864
DIAMONDS THREE CLUBS TWO,0.664,0.0198,0.3162
SPADES KING CLUBS TWO,0.4344,0.009,0.5566
DIAMONDS KING CLUBS TWO,0.4308,0.0092,0.56
SPADES TEN SPADES EIGHT,0.5346,0.0158,0.4496
HEARTS TWO HEARTS EIGHT,0.6298,0.0176,0.3526
CLUBS SEVEN CLUBS ACE,0.3818,0.0046,0.6136
HEARTS TWO DIAMONDS QUEEN,0.431,0.0104,0.5586
DIAMONDS SEVEN CLUBS QUEEN,0.41,0.0096,0.5804
SPADES FOUR CLUBS ACE,0.2822,0.0222,0.6956
DIAMONDS TWO HEARTS NINE,0.6448,0.0188,0.3364
HEARTS TWO DIAMONDS ACE,0.4154,0.0054,0.5792
HEARTS SIX SPADES NINE,0.5828,0.0168,0.4004
CLUBS THREE DIAMONDS JACK,0.3018,0.4848,0.2134
SPADES SEVEN SPADES TWO,0.6038,0.0188,0.3774
SPADES FOUR SPADES TWO,0.6686,0.0538,0.2776
SPADES ACE HEARTS KING,0.3516,0.0036,0.6448
CLUBS EIGHT HEARTS TEN,0.5826,0.0138,0.4036
SPADES QUEEN DIAMONDS FIVE,0.3968,0.009,0.5942
HEARTS SEVEN HEARTS TWO,0.6472,0.0204,0.3324
SPADES KING SPADES TWO,0.4172,0.008,0.5748
CLUBS ACE HEARTS TEN,0.3738,0.0042,0.622
CLUBS FIVE HEARTS ACE,0.3672,0.0058,0.627
SPADES ACE HEARTS TEN,0.376,0.0044,0.6196
SPADES FIVE DIAMONDS TEN,0.6194,0.0174,0.3632
HEARTS TWO CLUBS KING,0.4258,0.009,0.5652
CLUBS FOUR CLUBS ACE,0.2684,0.0192,0.7124
CLUBS FIVE CLUBS KING,0.3748,0.0094,0.6158
DIAMONDS ACE HEARTS TEN,0.3714,0.006,0.6226
CLUBS FOUR HEARTS NINE,0.7096,0.0578,0.2326
HEARTS FIVE CLUBS SEVEN,0.583,0.021,0.396
DIAMONDS THREE DIAMONDS ACE,0.389,0.0056,0.6054
SPADES KING CLUBS FOUR,0.2872,0.0354,0.6774
DIAMONDS THREE DIAMONDS FOUR,0.6394,0.0502,0.3104
DIAMONDS KING CLUBS THREE,0.4358,0.009,0.5552
DIAMONDS TEN HEARTS QUEEN,0.3598,0.0114,0.6288
CLUBS FIVE SPADES THREE,0.6222,0.0214,0.3564
CLUBS TEN DIAMONDS SEVEN,0.588,0.017,0.395
DIAMONDS KING DIAMONDS FOUR,0.2674,0.034,0.6986
DIAMONDS QUEEN SPADES SIX,0.4198,0.007,0.5732
HEARTS SEVEN HEARTS SIX,0.5652,0.0184,0.4164
DIAMONDS EIGHT CLUBS ACE,0.4026,0.0038,0.5936
HEARTS TWO DIAMONDS FOUR,0.7106,0.0588,0.2306
CLUBS JACK CLUBS NINE,0.2518,0.153,0.5952
SPADES SEVEN HEARTS NINE,0.568,0.0202,0.4118
SPADES EIGHT DIAMONDS JACK,0.266,0.22,0.514
SPADES QUEEN SPADES SIX,0.3736,0.0096,0.6168
CLUBS NINE DIAMONDS JACK,0.2728,0.1578,0.5694
HEARTS TWO SPADES TWO,0.4412,0.0502,0.5086
CLUBS THREE HEARTS ACE,0.3956,0.006,0.5984
CLUBS TEN SPADES SEVEN,0.587,0.0172,0.3958
HEARTS ACE CLUBS KING,0.3562,0.0054,0.6384
SPADES JACK DIAMONDS TEN,0.2646,0.1192,0.6162
CLUBS EIGHT DIAMONDS FOUR,0.693,0.0534,0.2536
DIAMONDS KING SPADES SIX,0.3938,0.0074,0.5988
SPADES FIVE HEARTS EIGHT,0.5902,0.0206,0.3892
CLUBS EIGHT CLUBS ACE,0.384,0.005,0.611
SPADES KING DIAMONDS ACE,0.3656,0.0066,0.6278
DIAMONDS TWO CLUBS FOUR,0.6914,0.066,0.2426
SPADES SEVEN DIAMONDS EIGHT,0.583,0.0156,0.4014
HEARTS TWO CLUBS THREE,0.6504,0.0184,0.3312
DIAMONDS NINE HEARTS NINE,0.3128,0.029,0.6582
HEARTS EIGHT DIAMONDS FOUR,0.6954,0.0586,0.246
HEARTS SEVEN HEARTS THREE,0.639,0.0188,0.3422
CLUBS FIVE HEARTS KING,0.3962,0.0092,0.5946
CLUBS THREE CLUBS ACE,0.3912,0.0048,0.604
CLUBS NINE DIAMONDS NINE,0.311,0.0268,0.6622
DIAMONDS ACE DIAMONDS NINE,0.3832,0.004,0.6128
SPADES KING DIAMONDS SIX,0.3978,0.0074,0.5948
SPADES ACE CLUBS SEVEN,0.4002,0.004,0.5958
CLUBS NINE SPADES TEN,0.5728,0.0128,0.4144
SPADES TEN DIAMONDS TEN,0.3132,0.0206,0.6662
SPADES SEVEN DIAMONDS SIX,0.5978,0.0166,0.3856
DIAMONDS TWO CLUBS EIGHT,0.65,0.0194,0.3306
CLUBS SIX HEARTS ACE,0.3838,0.0056,0.6106
HEARTS SEVEN DIAMONDS SEVEN,0.3332,0.0386,0.6282
HEARTS SIX DIAMONDS QUEEN,0.3902,0.0102,0.5996
SPADES FIVE DIAMONDS SIX,0.588,0.0164,0.3956
HEARTS KING HEARTS TEN,0.3276,0.0082,0.6642
DIAMONDS THREE CLUBS NINE,0.6358,0.0186,0.3456
DIAMONDS THREE SPADES NINE,0.6314,0.017,0.3516
CLUBS TEN CLUBS TWO,0.6076,0.016,0.3764
HEARTS TWO DIAMONDS NINE,0.6436,0.0178,0.3386
CLUBS TWO DIAMONDS TEN,0.651,0.0174,0.3316
CLUBS TWO DIAMONDS SEVEN,0.655,0.0154,0.3296
HEARTS KING DIAMONDS EIGHT,0.4016,0.0078,0.5906
CLUBS EIGHT DIAMONDS JACK,0.2908,0.1948,0.5144
HEARTS THREE SPADES FIVE,0.6024,0.0226,0.375
DIAMONDS ACE CLUBS FOUR,0.297,0.0226,0.6804
DIAMONDS KING HEARTS NINE,0.3788,0.006,0.6152
SPADES KING CLUBS FIVE,0.4036,0.0062,0.5902
SPADES NINE SPADES SIX,0.5572,0.02,0.4228
SPADES EIGHT DIAMONDS EIGHT,0.3362,0.0364,0.6274
HEARTS THREE CLUBS FIVE,0.6042,0.022,0.3738
DIAMONDS ACE HEARTS KING,0.3532,0.0052,0.6416
CLUBS FOUR DIAMONDS FOUR,0.316,0.0454,0.6386
SPADES JACK HEARTS NINE,0.256,0.1592,0.5848
DIAMONDS TWO HEARTS ACE,0.4198,0.0068,0.5734
CLUBS EIGHT SPADES SIX,0.5864,0.0156,0.398
SPADES SEVEN SPADES FIVE,0.5552,0.0168,0.428
DIAMONDS QUEEN CLUBS ACE,0.3616,0.0046,0.6338
HEARTS SIX SPADES THREE,0.6236,0.018,0.3584
CLUBS FIVE SPADES SIX,0.5922,0.0204,0.3874
CLUBS THREE HEARTS EIGHT,0.6458,0.0162,0.338
DIAMONDS TWO HEARTS TEN,0.635,0.0196,0.3454
SPADES QUEEN SPADES FOUR,0.2706,0.0482,0.6812
SPADES SEVEN SPADES THREE,0.6058,0.0192,0.375
DIAMONDS THREE HEARTS TEN,0.6234,0.0226,0.354
DIAMONDS TWO DIAMONDS SIX,0.6106,0.0214,0.368
SPADES TEN DIAMONDS QUEEN,0.371,0.0104,0.6186
HEARTS ACE DIAMONDS EIGHT,0.3832,0.0034,0.6134
CLUBS TEN CLUBS SIX,0.5612,0.0164,0.4224
SPADES QUEEN SPADES JACK,0.2518,0.0416,0.7066
DIAMONDS SEVEN CLUBS KING,0.4108,0.0054,0.5838
CLUBS FIVE SPADES FOUR,0.6634,0.0614,0.2752
DIAMONDS QUEEN HEARTS KING,0.3364,0.0088,0.6548
DIAMONDS THREE DIAMONDS SEVEN,0.6024,0.022,0.3756
SPADES JACK CLUBS TWO,0.3154,0.4834,0.2012
DIAMONDS THREE DIAMONDS FIVE,0.5748,0.0156,0.4096
SPADES SEVEN CLUBS KING,0.396,0.0072,0.5968
CLUBS SEVEN CLUBS KING,0.3668,0.0058,0.6274
HEARTS SEVEN DIAMONDS FOUR,0.679,0.0538,0.2672
SPADES ACE DIAMONDS SEVEN,0.4068,0.0034,0.5898
DIAMONDS QUEEN HEARTS ACE,0.3422,0.0062,0.6516
SPADES KING DIAMONDS NINE,0.3978,0.0064,0.5958
SPADES SIX DIAMONDS TEN,0.6016,0.0182,0.3802
CLUBS THREE DIAMONDS NINE,0.635,0.0178,0.3472
SPADES ACE CLUBS SIX,0.4068,0.0042,0.589
SPADES THREE CLUBS QUEEN,0.4282,0.0142,0.5576
HEARTS SEVEN CLUBS EIGHT,0.5574,0.018,0.4246
HEARTS TWO SPADES FOUR,0.7058,0.06,0.2342
SPADES ACE HEARTS ACE,0.1588,0.0046,0.8366
CLUBS TWO CLUBS KING,0.4134,0.0072,0.5794
DIAMONDS ACE CLUBS KING,0.3654,0.0032,0.6314
SPADES QUEEN CLUBS EIGHT,0.3956,0.0108,0.5936
CLUBS JACK HEARTS TEN,0.274,0.1176,0.6084
CLUBS SIX DIAMONDS TEN,0.604,0.013,0.383
SPADES KING CLUBS EIGHT,0.4104,0.0042,0.5854
CLUBS SEVEN CLUBS THREE,0.6058,0.0156,0.3786
CLUBS ACE HEARTS EIGHT,0.384,0.0044,0.6116
CLUBS EIGHT DIAMONDS EIGHT,0.3362,0.029,0.6348
SPADES NINE DIAMONDS JACK,0.2704,0.1656,0.564
CLUBS EIGHT CLUBS KING,0.3844,0.0082,0.6074
SPADES ACE DIAMONDS ACE,0.165,0.0036,0.8314
DIAMONDS TWO CLUBS SEVEN,0.6474,0.0202,0.3324
SPADES ACE DIAMONDS KING,0.3674,0.0038,0.6288
CLUBS SEVEN DIAMONDS EIGHT,0.5672,0.0168,0.416
DIAMONDS JACK SPADES FOUR,0.0748,0.9026,0.0226
CLUBS NINE HEARTS KING,0.3808,0.0074,0.6118
SPADES QUEEN CLUBS QUEEN,0.193,0.011,0.796
CLUBS SIX SPADES SEVEN,0.5756,0.0196,0.4048
CLUBS SEVEN DIAMONDS SIX,0.5796,0.0186,0.4018
CLUBS SIX CLUBS KING,0.3804,0.0094,0.6102
CLUBS JACK HEARTS FIVE,0.2494,0.446,0.3046
SPADES QUEEN DIAMONDS ACE,0.3652,0.0058,0.629
HEARTS ACE SPADES TWO,0.4036,0.0062,0.5902
HEARTS TWO CLUBS ACE,0.4194,0.0062,0.5744
HEARTS FIVE HEARTS TEN,0.5982,0.0174,0.3844
CLUBS TEN HEARTS NINE,0.5542,0.0136,0.4322
CLUBS SIX DIAMONDS KING,0.4138,0.0058,0.5804
SPADES FOUR HEARTS KING,0.266,0.0378,0.6962
CLUBS FIVE DIAMONDS QUEEN,0.3974,0.01,0.5926
SPADES ACE DIAMONDS TEN,0.3958,0.0036,0.6006
DIAMONDS THREE CLUBS FOUR,0.6904,0.063,0.2466
SPADES KING CLUBS SIX,0.4012,0.0068,0.592
SPADES ACE HEARTS NINE,0.3896,0.0056,0.6048
SPADES SIX CLUBS KING,0.3968,0.007,0.5962
CLUBS SEVEN SPADES NINE,0.5766,0.0172,0.4062
CLUBS NINE CLUBS FOUR,0.6668,0.0498,0.2834
HEARTS SEVEN DIAMONDS TEN,0.5822,0.0194,0.3984
HEARTS SIX DIAMONDS FIVE,0.5788,0.0242,0.397
SPADES SIX HEARTS ACE,0.3872,0.0066,0.6062
SPADES TWO CLUBS ACE,0.4176,0.0066,0.5758
CLUBS JACK CLUBS FIVE,0.2496,0.4078,0.3426
CLUBS TEN DIAMONDS QUEEN,0.3758,0.0088,0.6154
HEARTS TWO CLUBS FOUR,0.6928,0.0656,0.2416
HEARTS NINE DIAMONDS FIVE,0.5924,0.0184,0.3892
CLUBS EIGHT DIAMONDS QUEEN,0.3828,0.012,0.6052
HEARTS SEVEN DIAMONDS EIGHT,0.5688,0.0176,0.4136
DIAMONDS THREE CLUBS SEVEN,0.6362,0.0202,0.3436
CLUBS SEVEN DIAMONDS JACK,0.2786,0.283,0.4384
DIAMONDS ACE SPADES THREE,0.4254,0.0048,0.5698
CLUBS SEVEN SPADES FOUR,0.6944,0.057,0.2486
SPADES JACK CLUBS THREE,0.3008,0.4844,0.2148
DIAMONDS JACK HEARTS TEN,0.2638,0.1154,0.6208
HEARTS SIX CLUBS TWO,0.6348,0.019,0.3462
DIAMONDS TWO HEARTS THREE,0.6478,0.0246,0.3276
SPADES SEVEN HEARTS TEN,0.5754,0.018,0.4066
SPADES FIVE CLUBS ACE,0.389,0.0044,0.6066
SPADES JACK SPADES TEN,0.262,0.1132,0.6248
DIAMONDS TWO SPADES TWO,0.443,0.0496,0.5074
DIAMONDS TEN HEARTS TEN,0.3126,0.021,0.6664
SPADES TEN SPADES TWO,0.606,0.0196,0.3744
HEARTS SEVEN CLUBS QUEEN,0.3996,0.0104,0.59
HEARTS QUEEN DIAMONDS SEVEN,0.3956,0.0112,0.5932
CLUBS THREE DIAMONDS TEN,0.6484,0.018,0.3336
DIAMONDS TWO SPADES TEN,0.6486,0.0216,0.3298
HEARTS SIX DIAMONDS TWO,0.6412,0.0208,0.338
CLUBS TWO CLUBS QUEEN,0.4066,0.0132,0.5802
HEARTS FIVE HEARTS THREE,0.6056,0.0214,0.373
HEARTS THREE DIAMONDS SIX,0.6312,0.016,0.3528
SPADES QUEEN CLUBS ACE,0.3584,0.005,0.6366
CLUBS FIVE HEARTS NINE,0.5978,0.0174,0.3848
HEARTS TWO CLUBS QUEEN,0.4258,0.0108,0.5634
SPADES QUEEN CLUBS TWO,0.4364,0.013,0.5506
CLUBS EIGHT SPADES EIGHT,0.3464,0.0306,0.623
SPADES SEVEN HEARTS EIGHT,0.5642,0.0184,0.4174
SPADES FOUR CLUBS KING,0.2796,0.0312,0.6892
CLUBS NINE CLUBS ACE,0.3682,0.0062,0.6256
HEARTS ACE CLUBS ACE,0.16,0.0028,0.8372
DIAMONDS TEN DIAMONDS EIGHT,0.5392,0.013,0.4478
SPADES QUEEN DIAMONDS NINE,0.3848,0.0078,0.6074
CLUBS TWO DIAMONDS FOUR,0.7142,0.0574,0.2284
HEARTS FIVE HEARTS ACE,0.3372,0.0056,0.6572
CLUBS SEVEN DIAMONDS KING,0.404,0.0054,0.5906
CLUBS KING CLUBS QUEEN,0.3392,0.0078,0.653
SPADES TWO CLUBS KING,0.4334,0.0098,0.5568
DIAMONDS THREE SPADES TWO,0.6534,0.0228,0.3238
CLUBS JACK SPADES THREE,0.3226,0.4636,0.2138
HEARTS ACE HEARTS KING,0.302,0.0062,0.6918
HEARTS SIX HEARTS KING,0.356,0.009,0.635
SPADES TEN DIAMONDS NINE,0.5506,0.0156,0.4338
HEARTS ACE HEARTS NINE,0.3358,0.0044,0.6598
DIAMONDS THREE DIAMONDS KING,0.4114,0.0066,0.582
SPADES JACK DIAMONDS SEVEN,0.2676,0.2752,0.4572
CLUBS JACK SPADES TWO,0.3108,0.4766,0.2126
CLUBS SEVEN CLUBS FOUR,0.6604,0.0546,0.285
DIAMONDS KING HEARTS EIGHT,0.3856,0.0092,0.6052
SPADES THREE DIAMONDS FOUR,0.683,0.0594,0.2576
CLUBS TWO HEARTS KING,0.4274,0.0098,0.5628
CLUBS TEN HEARTS EIGHT,0.5602,0.0162,0.4236
SPADES SEVEN DIAMONDS NINE,0.567,0.0192,0.4138
HEARTS TWO SPADES SIX,0.6304,0.0186,0.351
SPADES KING HEARTS NINE,0.3722,0.008,0.6198
SPADES QUEEN HEARTS ACE,0.3418,0.0062,0.652
CLUBS KING DIAMONDS FIVE,0.3936,0.0084,0.598
HEARTS SEVEN DIAMONDS THREE,0.6348,0.0184,0.3468
DIAMONDS QUEEN DIAMONDS TEN,0.3448,0.0082,0.647
DIAMONDS EIGHT DIAMONDS FOUR,0.666,0.0482,0.2858
DIAMONDS JACK SPADES TWO,0.2992,0.485,0.2158
DIAMONDS TWO SPADES SIX,0.6338,0.023,0.3432
SPADES SEVEN CLUBS QUEEN,0.4118,0.0076,0.5806
HEARTS QUEEN DIAMONDS FIVE,0.3794,0.0132,0.6074
DIAMONDS THREE CLUBS QUEEN,0.4326,0.0124,0.555
CLUBS JACK DIAMONDS QUEEN,0.2796,0.0406,0.6798
SPADES NINE CLUBS KING,0.3964,0.0066,0.597
SPADES EIGHT CLUBS FOUR,0.709,0.0516,0.2394
CLUBS EIGHT DIAMONDS TEN,0.58,0.018,0.402
SPADES EIGHT HEARTS TEN,0.5782,0.0168,0.405
CLUBS EIGHT SPADES SEVEN,0.571,0.0166,0.4124
SPADES FIVE HEARTS ACE,0.3724,0.005,0.6226
CLUBS EIGHT CLUBS FIVE,0.5624,0.0164,0.4212
CLUBS NINE HEARTS TEN,0.5542,0.016,0.4298
CLUBS NINE DIAMONDS SEVEN,0.5738,0.0178,0.4084
CLUBS TEN CLUBS FIVE,0.5808,0.018,0.4012
DIAMONDS SIX HEARTS NINE,0.5904,0.0162,0.3934
CLUBS SEVEN HEARTS TWO,0.6388,0.0224,0.3388
SPADES ACE DIAMONDS FOUR,0.28,0.0238,0.6962
HEARTS SEVEN SPADES JACK,0.256,0.2878,0.4562
DIAMONDS QUEEN DIAMONDS FIVE,0.381,0.013,0.606
HEARTS SIX HEARTS THREE,0.6078,0.0188,0.3734
SPADES TEN DIAMONDS FIVE,0.6142,0.0164,0.3694
SPADES SEVEN HEARTS QUEEN,0.38,0.0164,0.6036
HEARTS SIX DIAMONDS SEVEN,0.5692,0.0166,0.4142
HEARTS THREE DIAMONDS FIVE,0.6072,0.0208,0.372
HEARTS SEVEN CLUBS TWO,0.64,0.0184,0.3416
HEARTS SEVEN CLUBS NINE,0.5766,0.0164,0.407
DIAMONDS TWO SPADES FIVE,0.6254,0.0228,0.3518
SPADES TEN HEARTS QUEEN,0.3624,0.0088,0.6288
CLUBS ACE HEARTS NINE,0.388,0.0042,0.6078
CLUBS FOUR DIAMONDS JACK,0.0792,0.8976,0.0232
DIAMONDS TWO HEARTS FIVE,0.6184,0.0208,0.3608
SPADES ACE CLUBS ACE,0.1816,0.0038,0.8146
SPADES EIGHT HEARTS NINE,0.5548,0.017,0.4282
SPADES TEN HEARTS KING,0.3686,0.0052,0.6262
CLUBS JACK CLUBS QUEEN,0.268,0.0352,0.6968
SPADES EIGHT CLUBS FIVE,0.6036,0.0186,0.3778
CLUBS SIX SPADES TWO,0.6544,0.022,0.3236
SPADES NINE DIAMONDS KING,0.3836,0.0064,0.61
CLUBS EIGHT SPADES THREE,0.6486,0.0174,0.334
CLUBS SEVEN SPADES FIVE,0.5906,0.0194,0.39
SPADES JACK SPADES NINE,0.2604,0.1488,0.5908
DIAMONDS JACK CLUBS QUEEN,0.2832,0.042,0.6748
DIAMONDS THREE CLUBS FIVE,0.6196,0.02,0.3604
SPADES SEVEN DIAMONDS FOUR,0.6852,0.0574,0.2574
HEARTS FIVE SPADES THREE,0.608,0.0218,0.3702
CLUBS NINE CLUBS THREE,0.6038,0.0188,0.3774
SPADES SIX CLUBS TWO,0.6468,0.0198,0.3334
SPADES KING SPADES SEVEN,0.3768,0.008,0.6152
DIAMONDS QUEEN SPADES THREE,0.417,0.0118,0.5712
CLUBS JACK CLUBS EIGHT,0.26,0.1954,0.5446
CLUBS SEVEN HEARTS TEN,0.5866,0.0172,0.3962
HEARTS FIVE SPADES FOUR,0.6504,0.067,0.2826
CLUBS SEVEN DIAMONDS ACE,0.4078,0.0044,0.5878
CLUBS FOUR CLUBS KING,0.2762,0.0322,0.6916
SPADES TEN CLUBS ACE,0.394,0.0056,0.6004
DIAMONDS SEVEN CLUBS ACE,0.4064,0.0032,0.5904
HEARTS SIX HEARTS NINE,0.5834,0.0154,0.4012
SPADES JACK HEARTS KING,0.257,0.0334,0.7096
SPADES QUEEN SPADES TEN,0.3504,0.0116,0.638
DIAMONDS QUEEN SPADES FOUR,0.2836,0.0408,0.6756
DIAMONDS KING SPADES THREE,0.426,0.0064,0.5676
CLUBS SIX HEARTS KING,0.3912,0.0074,0.6014
DIAMONDS KING SPADES SEVEN,0.3938,0.0084,0.5978
HEARTS NINE HEARTS EIGHT,0.55,0.0192,0.4308
CLUBS TWO HEARTS QUEEN,0.4242,0.0142,0.5616
SPADES KING DIAMONDS TWO,0.4216,0.0088,0.5696
HEARTS KING DIAMONDS FOUR,0.2628,0.0372,0.7
HEARTS THREE DIAMONDS ACE,0.4078,0.0056,0.5866
HEARTS FIVE DIAMONDS FIVE,0.3314,0.0438,0.6248
SPADES EIGHT CLUBS TWO,0.6448,0.016,0.3392
SPADES KING HEARTS TEN,0.3654,0.0082,0.6264
DIAMONDS ACE SPADES EIGHT,0.3956,0.004,0.6004
SPADES JACK CLUBS FIVE,0.2638,0.442,0.2942
SPADES FOUR DIAMONDS FOUR,0.3336,0.0394,0.627
CLUBS NINE CLUBS FIVE,0.5648,0.019,0.4162
SPADES JACK SPADES FOUR,0.0804,0.8396,0.08
DIAMONDS JACK CLUBS ACE,0.2794,0.0198,0.7008
CLUBS SEVEN HEARTS EIGHT,0.5636,0.0178,0.4186
DIAMONDS ACE CLUBS THREE,0.436,0.005,0.559
DIAMONDS TWO HEARTS EIGHT,0.6398,0.0218,0.3384
SPADES JACK CLUBS SIX,0.2638,0.3642,0.372
SPADES EIGHT SPADES SIX,0.5418,0.0168,0.4414
SPADES EIGHT CLUBS QUEEN,0.393,0.0128,0.5942
SPADES SEVEN CLUBS ACE,0.3998,0.0034,0.5968
DIAMONDS JACK SPADES FIVE,0.2624,0.4352,0.3024
HEARTS FIVE DIAMONDS EIGHT,0.5898,0.0182,0.392
HEARTS TWO DIAMONDS FIVE,0.623,0.0222,0.3548
SPADES TEN DIAMONDS ACE,0.3878,0.0048,0.6074
CLUBS FOUR SPADES THREE,0.691,0.0582,0.2508
HEARTS FIVE HEARTS KING,0.3496,0.0106,0.6398
HEARTS ACE HEARTS TEN,0.3384,0.0054,0.6562
DIAMONDS QUEEN HEARTS QUEEN,0.1744,0.012,0.8136
HEARTS SEVEN DIAMONDS QUEEN,0.3938,0.0126,0.5936
SPADES EIGHT DIAMONDS KING,0.3902,0.0096,0.6002
SPADES ACE CLUBS TWO,0.4278,0.005,0.5672
SPADES SEVEN CLUBS FOUR,0.6934,0.059,0.2476
CLUBS FIVE DIAMONDS TEN,0.607,0.019,0.374
CLUBS SEVEN CLUBS TWO,0.5984,0.0208,0.3808
HEARTS SIX CLUBS QUEEN,0.3838,0.0102,0.606
SPADES EIGHT HEARTS ACE,0.3816,0.0044,0.614
HEARTS FIVE DIAMONDS TEN,0.6104,0.0192,0.3704
SPADES ACE CLUBS FOUR,0.2908,0.0238,0.6854
HEARTS SIX CLUBS THREE,0.6126,0.0212,0.3662
SPADES KING HEARTS SIX,0.381,0.009,0.61
DIAMONDS THREE DIAMONDS TWO,0.6142,0.0224,0.3634
DIAMONDS TWO SPADES QUEEN,0.433,0.0106,0.5564
SPADES THREE DIAMONDS FIVE,0.6096,0.0216,0.3688
CLUBS QUEEN DIAMONDS FOUR,0.2794,0.0458,0.6748
CLUBS FIVE SPADES TWO,0.6336,0.0198,0.3466
HEARTS KING DIAMONDS SIX,0.3964,0.008,0.5956
SPADES FOUR HEARTS TEN,0.7136,0.0562,0.2302
CLUBS NINE SPADES SEVEN,0.5792,0.0172,0.4036
HEARTS ACE DIAMONDS FIVE,0.382,0.0048,0.6132
DIAMONDS KING HEARTS KING,0.1648,0.008,0.8272
DIAMONDS TEN DIAMONDS FOUR,0.669,0.0572,0.2738
