opposingHand,winningChance,drawChance,lostChance
HEARTS KING DIAMONDS SEVEN
HEARTS FIVE SPADES TEN,0.6352,0.0084,0.3564
HEARTS FIVE SPADES JACK,0.627,0.0082,0.3648
CLUBS JACK SPADES FIVE,0.6262,0.0042,0.3696
CLUBS TEN SPADES FIVE,0.6248,0.0084,0.3668
CLUBS JACK CLUBS EIGHT,0.5538,0.0058,0.4404
CLUBS TEN CLUBS EIGHT,0.5348,0.0066,0.4586
CLUBS EIGHT CLUBS KING,0.219,0.219,0.562
SPADES FIVE CLUBS ACE,0.3986,0.0032,0.5982
CLUBS EIGHT CLUBS QUEEN,0.552,0.007,0.441
SPADES FIVE CLUBS KING,0.4678,0.3004,0.2318
SPADES FIVE CLUBS QUEEN,0.6178,0.0062,0.376
CLUBS EIGHT CLUBS ACE,0.3404,0.0044,0.6552
DIAMONDS TWO DIAMONDS THREE,0.6176,0.0088,0.3736
DIAMONDS TWO DIAMONDS FIVE,0.6128,0.0114,0.3758
HEARTS FIVE SPADES KING,0.4824,0.2914,0.2262
DIAMONDS TWO DIAMONDS FOUR,0.6242,0.0086,0.3672
HEARTS FIVE SPADES QUEEN,0.628,0.0066,0.3654
DIAMONDS TWO DIAMONDS SIX,0.6312,0.0078,0.361
SPADES ACE HEARTS FIVE,0.3956,0.0032,0.6012
DIAMONDS TWO DIAMONDS NINE,0.5942,0.009,0.3968
DIAMONDS TWO DIAMONDS EIGHT,0.5924,0.0088,0.3988
DIAMONDS THREE DIAMONDS FOUR,0.5964,0.0088,0.3948
CLUBS TWO SPADES FOUR,0.6534,0.0066,0.34
DIAMONDS THREE DIAMONDS FIVE,0.6096,0.0074,0.383
CLUBS TWO SPADES FIVE,0.6442,0.009,0.3468
CLUBS TWO SPADES TWO,0.4696,0.0124,0.518
CLUBS TWO SPADES THREE,0.6396,0.0096,0.3508
DIAMONDS THREE DIAMONDS EIGHT,0.6052,0.0082,0.3866
SPADES EIGHT CLUBS TWO,0.6412,0.006,0.3528
DIAMONDS THREE DIAMONDS NINE,0.5994,0.0076,0.393
SPADES NINE CLUBS TWO,0.6426,0.0114,0.346
DIAMONDS THREE DIAMONDS SIX,0.6144,0.0106,0.375
SPADES SIX CLUBS TWO,0.6544,0.008,0.3376
SPADES SEVEN CLUBS TWO,0.735,0.0396,0.2254
CLUBS SIX CLUBS TWO,0.6042,0.0092,0.3866
CLUBS SEVEN CLUBS TWO,0.6912,0.041,0.2678
CLUBS FOUR CLUBS TWO,0.601,0.009,0.39
CLUBS FIVE CLUBS TWO,0.6188,0.0096,0.3716
CLUBS TEN CLUBS JACK,0.5206,0.0076,0.4718
DIAMONDS FOUR DIAMONDS SIX,0.594,0.01,0.396
CLUBS TEN CLUBS QUEEN,0.518,0.0062,0.4758
CLUBS TEN CLUBS KING,0.223,0.1188,0.6582
CLUBS TEN CLUBS ACE,0.3184,0.0032,0.6784
CLUBS EIGHT CLUBS TWO,0.5936,0.0068,0.3996
DIAMONDS FIVE DIAMONDS FOUR,0.5812,0.0088,0.41
CLUBS NINE CLUBS TWO,0.5956,0.0082,0.3962
DIAMONDS NINE DIAMONDS FOUR,0.595,0.0098,0.3952
DIAMONDS FOUR DIAMONDS EIGHT,0.5788,0.01,0.4112
CLUBS TWO CLUBS THREE,0.6046,0.0072,0.3882
DIAMONDS NINE DIAMONDS FIVE,0.5784,0.0076,0.414
CLUBS JACK DIAMONDS TWO,0.6474,0.0072,0.3454
DIAMONDS FIVE DIAMONDS EIGHT,0.5856,0.006,0.4084
CLUBS TEN DIAMONDS TWO,0.6378,0.0086,0.3536
DIAMONDS FIVE DIAMONDS SIX,0.5952,0.0062,0.3986
DIAMONDS TWO CLUBS ACE,0.4082,0.005,0.5868
DIAMONDS TWO CLUBS KING,0.4766,0.3038,0.2196
DIAMONDS TWO CLUBS QUEEN,0.6382,0.0076,0.3542
DIAMONDS EIGHT DIAMONDS SIX,0.5802,0.0084,0.4114
DIAMONDS NINE DIAMONDS SIX,0.5776,0.0076,0.4148
SPADES THREE HEARTS ACE,0.3978,0.006,0.5962
HEARTS QUEEN SPADES THREE,0.6346,0.0062,0.3592
SPADES THREE HEARTS JACK,0.639,0.0082,0.3528
SPADES THREE HEARTS TEN,0.6436,0.0054,0.351
DIAMONDS NINE DIAMONDS EIGHT,0.5434,0.009,0.4476
DIAMONDS KING HEARTS TEN,0.2326,0.1096,0.6578
HEARTS THREE HEARTS TEN,0.6102,0.0086,0.3812
SPADES JACK CLUBS SIX,0.632,0.0066,0.3614
DIAMONDS KING HEARTS JACK,0.2284,0.095,0.6766
HEARTS THREE HEARTS JACK,0.5946,0.0052,0.4002
SPADES TEN CLUBS SIX,0.6174,0.0064,0.3762
SPADES JACK SPADES FIVE,0.5886,0.0074,0.404
SPADES TEN SPADES FIVE,0.5902,0.0074,0.4024
DIAMONDS KING HEARTS ACE,0.2254,0.0134,0.7612
HEARTS THREE HEARTS ACE,0.3672,0.0048,0.628
SPADES ACE CLUBS SIX,0.3958,0.0044,0.5998
DIAMONDS KING HEARTS QUEEN,0.2444,0.067,0.6886
HEARTS THREE HEARTS QUEEN,0.6056,0.0082,0.3862
SPADES KING CLUBS SIX,0.477,0.2944,0.2286
SPADES QUEEN CLUBS SIX,0.637,0.0054,0.3576
SPADES NINE HEARTS TEN,0.573,0.0072,0.4198
SPADES NINE HEARTS JACK,0.578,0.0064,0.4156
SPADES QUEEN SPADES FIVE,0.588,0.0078,0.4042
SPADES KING SPADES FIVE,0.4424,0.276,0.2816
SPADES ACE SPADES FIVE,0.3686,0.0046,0.6268
SPADES NINE HEARTS QUEEN,0.5842,0.0072,0.4086
SPADES NINE HEARTS ACE,0.3552,0.0038,0.641
CLUBS TEN SPADES JACK,0.556,0.0064,0.4376
CLUBS TEN SPADES TEN,0.3146,0.0078,0.6776
SPADES ACE CLUBS TEN,0.359,0.003,0.638
CLUBS TEN SPADES KING,0.238,0.1168,0.6452
CLUBS TEN SPADES QUEEN,0.5576,0.0056,0.4368
SPADES FIVE HEARTS QUEEN,0.6418,0.0076,0.3506
SPADES FIVE HEARTS ACE,0.403,0.003,0.594
CLUBS EIGHT SPADES TEN,0.576,0.0062,0.4178
SPADES JACK HEARTS THREE,0.6306,0.0056,0.3638
SPADES JACK DIAMONDS KING,0.241,0.0846,0.6744
SPADES TEN DIAMONDS KING,0.2312,0.1186,0.6502
SPADES TEN HEARTS THREE,0.6316,0.0056,0.3628
CLUBS EIGHT SPADES JACK,0.6022,0.0058,0.392
CLUBS SIX HEARTS ACE,0.382,0.0032,0.6148
SPADES ACE CLUBS EIGHT,0.363,0.002,0.635
HEARTS FIVE CLUBS JACK,0.639,0.007,0.354
CLUBS TEN HEARTS FIVE,0.6378,0.0096,0.3526
CLUBS SIX HEARTS QUEEN,0.6282,0.008,0.3638
SPADES QUEEN CLUBS EIGHT,0.575,0.0062,0.4188
CLUBS TEN SPADES THREE,0.6298,0.0076,0.3626
SPADES KING CLUBS EIGHT,0.232,0.2298,0.5382
CLUBS JACK SPADES THREE,0.6268,0.0062,0.367
DIAMONDS TWO HEARTS JACK,0.6298,0.0102,0.36
SPADES THREE CLUBS QUEEN,0.6298,0.0066,0.3636
DIAMONDS TWO HEARTS TEN,0.6432,0.007,0.3498
SPADES THREE CLUBS KING,0.4742,0.2928,0.233
HEARTS FIVE CLUBS ACE,0.3794,0.0056,0.615
SPADES FIVE HEARTS TEN,0.6392,0.0062,0.3546
SPADES THREE CLUBS ACE,0.386,0.0044,0.6096
HEARTS FIVE CLUBS KING,0.481,0.2932,0.2258
SPADES FIVE HEARTS JACK,0.626,0.0054,0.3686
HEARTS FIVE CLUBS QUEEN,0.6386,0.0084,0.353
HEARTS THREE CLUBS KING,0.475,0.306,0.219
DIAMONDS KING CLUBS KING,0.0734,0.0142,0.9124
HEARTS THREE CLUBS QUEEN,0.6374,0.0062,0.3564
DIAMONDS KING CLUBS QUEEN,0.24,0.0584,0.7016
HEARTS FIVE HEARTS JACK,0.6042,0.0086,0.3872
HEARTS FIVE HEARTS TEN,0.6112,0.0066,0.3822
HEARTS THREE CLUBS ACE,0.3886,0.0036,0.6078
DIAMONDS KING CLUBS ACE,0.2272,0.01,0.7628
SPADES ACE CLUBS QUEEN,0.3624,0.0028,0.6348
SPADES KING CLUBS QUEEN,0.2384,0.0664,0.6952
CLUBS JACK HEARTS THREE,0.6398,0.0068,0.3534
CLUBS JACK DIAMONDS KING,0.2274,0.0882,0.6844
SPADES QUEEN CLUBS QUEEN,0.2816,0.0028,0.7156
CLUBS TEN HEARTS THREE,0.6392,0.009,0.3518
CLUBS TEN DIAMONDS KING,0.2356,0.1134,0.651
SPADES JACK CLUBS QUEEN,0.5438,0.0052,0.451
CLUBS SIX CLUBS QUEEN,0.5842,0.0096,0.4062
SPADES TEN CLUBS QUEEN,0.5474,0.0046,0.448
CLUBS SIX CLUBS KING,0.4482,0.283,0.2688
CLUBS SIX CLUBS ACE,0.3616,0.0038,0.6346
HEARTS FIVE HEARTS QUEEN,0.5928,0.0088,0.3984
CLUBS TEN CLUBS SIX,0.5818,0.0062,0.412
HEARTS FIVE HEARTS ACE,0.3778,0.0052,0.617
CLUBS JACK CLUBS SIX,0.587,0.0048,0.4082
SPADES SEVEN HEARTS JACK,0.7142,0.033,0.2528
SPADES SEVEN HEARTS TEN,0.7106,0.0282,0.2612
DIAMONDS TWO CLUBS TWO,0.4442,0.016,0.5398
DIAMONDS TWO CLUBS THREE,0.6576,0.0066,0.3358
DIAMONDS TWO HEARTS SIX,0.6676,0.0098,0.3226
DIAMONDS TWO HEARTS QUEEN,0.6454,0.0084,0.3462
HEARTS SEVEN DIAMONDS TWO,0.7554,0.0352,0.2094
DIAMONDS TWO HEARTS EIGHT,0.6476,0.0092,0.3432
DIAMONDS TWO HEARTS ACE,0.4028,0.0044,0.5928
DIAMONDS TWO HEARTS NINE,0.652,0.007,0.341
DIAMONDS TWO DIAMONDS QUEEN,0.594,0.0068,0.3992
DIAMONDS TWO HEARTS TWO,0.4648,0.0164,0.5188
DIAMONDS TWO DIAMONDS KING,0.4476,0.2894,0.263
DIAMONDS TWO HEARTS THREE,0.6644,0.0092,0.3264
DIAMONDS TWO DIAMONDS ACE,0.3828,0.0054,0.6118
HEARTS FOUR DIAMONDS TWO,0.6586,0.0078,0.3336
HEARTS FIVE DIAMONDS TWO,0.649,0.0084,0.3426
SPADES SEVEN HEARTS ACE,0.22,0.0306,0.7494
DIAMONDS TWO DIAMONDS TEN,0.6096,0.0086,0.3818
DIAMONDS TWO DIAMONDS JACK,0.6044,0.0068,0.3888
SPADES SEVEN HEARTS QUEEN,0.7304,0.0388,0.2308
DIAMONDS TWO SPADES NINE,0.6374,0.0072,0.3554
DIAMONDS TWO SPADES EIGHT,0.6396,0.0072,0.3532
DIAMONDS TWO SPADES SEVEN,0.7342,0.0404,0.2254
DIAMONDS TWO SPADES SIX,0.6744,0.0074,0.3182
DIAMONDS TWO SPADES FIVE,0.6478,0.008,0.3442
DIAMONDS TWO SPADES FOUR,0.655,0.0052,0.3398
DIAMONDS TWO SPADES THREE,0.6548,0.0082,0.337
DIAMONDS TWO SPADES TWO,0.4708,0.0128,0.5164
DIAMONDS TWO CLUBS NINE,0.645,0.0078,0.3472
CLUBS EIGHT DIAMONDS TWO,0.6528,0.0072,0.34
DIAMONDS TWO CLUBS SEVEN,0.7438,0.0434,0.2128
DIAMONDS TWO CLUBS SIX,0.6698,0.0094,0.3208
DIAMONDS TWO CLUBS FIVE,0.6496,0.0086,0.3418
DIAMONDS TWO CLUBS FOUR,0.64,0.0084,0.3516
CLUBS FOUR SPADES FIVE,0.6026,0.0092,0.3882
CLUBS FOUR SPADES FOUR,0.4486,0.0116,0.5398
CLUBS FOUR SPADES THREE,0.6358,0.0066,0.3576
CLUBS FOUR SPADES TWO,0.6382,0.0064,0.3554
SPADES NINE CLUBS FOUR,0.6428,0.0062,0.351
SPADES EIGHT CLUBS FOUR,0.628,0.0096,0.3624
CLUBS FOUR SPADES SEVEN,0.708,0.038,0.254
CLUBS FOUR SPADES SIX,0.6326,0.0078,0.3596
SPADES ACE DIAMONDS SIX,0.3972,0.0044,0.5984
SPADES QUEEN DIAMONDS SIX,0.6264,0.0068,0.3668
SPADES KING DIAMONDS SIX,0.4718,0.2938,0.2344
SPADES TEN DIAMONDS SIX,0.626,0.006,0.368
SPADES JACK DIAMONDS SIX,0.631,0.0054,0.3636
SPADES QUEEN SPADES TWO,0.5926,0.0058,0.4016
SPADES KING SPADES TWO,0.4524,0.273,0.2746
SPADES ACE SPADES TWO,0.3776,0.0052,0.6172
CLUBS JACK DIAMONDS JACK,0.2862,0.0048,0.709
CLUBS TEN DIAMONDS JACK,0.546,0.0038,0.4502
DIAMONDS JACK CLUBS KING,0.235,0.0874,0.6776
DIAMONDS JACK CLUBS QUEEN,0.5566,0.0066,0.4368
DIAMONDS THREE DIAMONDS JACK,0.5948,0.006,0.3992
DIAMONDS THREE DIAMONDS TEN,0.6008,0.0072,0.392
DIAMONDS JACK CLUBS ACE,0.3426,0.0042,0.6532
DIAMONDS THREE DIAMONDS KING,0.4534,0.2844,0.2622
DIAMONDS THREE HEARTS THREE,0.462,0.0132,0.5248
DIAMONDS THREE DIAMONDS QUEEN,0.5992,0.009,0.3918
DIAMONDS THREE HEARTS TWO,0.6654,0.0094,0.3252
HEARTS FIVE DIAMONDS THREE,0.6426,0.0076,0.3498
DIAMONDS THREE DIAMONDS ACE,0.3742,0.0036,0.6222
HEARTS FOUR DIAMONDS THREE,0.634,0.0082,0.3578
HEARTS SEVEN DIAMONDS THREE,0.7334,0.041,0.2256
SPADES TEN SPADES NINE,0.5232,0.006,0.4708
HEARTS SIX DIAMONDS THREE,0.6556,0.007,0.3374
SPADES JACK SPADES NINE,0.5362,0.0076,0.4562
DIAMONDS THREE HEARTS NINE,0.6514,0.0114,0.3372
HEARTS JACK DIAMONDS FOUR,0.6386,0.0076,0.3538
SPADES TEN SPADES TWO,0.5748,0.0076,0.4176
DIAMONDS THREE HEARTS EIGHT,0.6556,0.0076,0.3368
HEARTS TEN DIAMONDS FOUR,0.6352,0.0082,0.3566
SPADES JACK SPADES TWO,0.6038,0.0088,0.3874
HEARTS QUEEN DIAMONDS FOUR,0.6396,0.0082,0.3522
SPADES ACE SPADES NINE,0.342,0.0042,0.6538
HEARTS ACE DIAMONDS FOUR,0.3854,0.004,0.6106
SPADES KING SPADES NINE,0.213,0.1552,0.6318
SPADES QUEEN SPADES NINE,0.5398,0.0062,0.454
DIAMONDS THREE SPADES NINE,0.6404,0.0084,0.3512
DIAMONDS THREE SPADES EIGHT,0.6422,0.0066,0.3512
DIAMONDS THREE SPADES SEVEN,0.7322,0.0418,0.226
DIAMONDS THREE SPADES SIX,0.6324,0.0072,0.3604
DIAMONDS THREE CLUBS SIX,0.6542,0.0072,0.3386
CLUBS SIX CLUBS FIVE,0.5848,0.0072,0.408
CLUBS ACE DIAMONDS FOUR,0.4024,0.0038,0.5938
DIAMONDS THREE CLUBS SEVEN,0.7262,0.0404,0.2334
CLUBS SEVEN CLUBS FIVE,0.646,0.0386,0.3154
DIAMONDS THREE CLUBS FOUR,0.633,0.01,0.357
DIAMONDS FOUR CLUBS QUEEN,0.6304,0.0058,0.3638
DIAMONDS THREE CLUBS FIVE,0.63,0.0092,0.3608
DIAMONDS FOUR CLUBS KING,0.4748,0.301,0.2242
DIAMONDS THREE CLUBS TWO,0.6564,0.0098,0.3338
CLUBS TEN DIAMONDS FOUR,0.6324,0.0074,0.3602
DIAMONDS THREE CLUBS THREE,0.4524,0.0118,0.5358
CLUBS JACK DIAMONDS FOUR,0.6364,0.0088,0.3548
DIAMONDS THREE SPADES FOUR,0.6246,0.0106,0.3648
DIAMONDS THREE SPADES FIVE,0.6272,0.0102,0.3626
DIAMONDS THREE SPADES TWO,0.6682,0.008,0.3238
DIAMONDS THREE SPADES THREE,0.457,0.0134,0.5296
CLUBS EIGHT DIAMONDS THREE,0.6554,0.0072,0.3374
CLUBS NINE DIAMONDS THREE,0.658,0.007,0.335
SPADES SEVEN CLUBS ACE,0.2342,0.0252,0.7406
SPADES SEVEN CLUBS QUEEN,0.73,0.0348,0.2352
SPADES SEVEN CLUBS KING,0.0218,0.9594,0.0188
SPADES SEVEN CLUBS FIVE,0.6976,0.0382,0.2642
CLUBS TEN SPADES SEVEN,0.7028,0.029,0.2682
CLUBS FIVE SPADES SIX,0.614,0.006,0.38
CLUBS JACK SPADES SEVEN,0.7088,0.0348,0.2564
SPADES NINE CLUBS FIVE,0.6172,0.008,0.3748
SPADES EIGHT CLUBS FIVE,0.6224,0.0062,0.3714
CLUBS FIVE SPADES THREE,0.635,0.0074,0.3576
CLUBS FIVE SPADES TWO,0.6416,0.0052,0.3532
CLUBS FIVE SPADES FIVE,0.4464,0.0134,0.5402
CLUBS FIVE SPADES FOUR,0.6156,0.0054,0.379
CLUBS NINE CLUBS FIVE,0.578,0.008,0.414
CLUBS EIGHT CLUBS FIVE,0.5856,0.006,0.4084
CLUBS ACE CLUBS QUEEN,0.3376,0.0046,0.6578
CLUBS KING CLUBS QUEEN,0.2252,0.0548,0.72
DIAMONDS TEN DIAMONDS FOUR,0.6028,0.0078,0.3894
CLUBS TEN DIAMONDS NINE,0.556,0.0052,0.4388
DIAMONDS JACK DIAMONDS FOUR,0.5928,0.009,0.3982
CLUBS JACK DIAMONDS NINE,0.571,0.0076,0.4214
CLUBS JACK SPADES NINE,0.5668,0.0048,0.4284
CLUBS TEN SPADES NINE,0.558,0.0066,0.4354
DIAMONDS ACE DIAMONDS FOUR,0.3786,0.0066,0.6148
HEARTS FOUR DIAMONDS FOUR,0.451,0.0152,0.5338
DIAMONDS JACK HEARTS TEN,0.543,0.006,0.451
SPADES NINE CLUBS KING,0.2256,0.1662,0.6082
DIAMONDS TWO SPADES TEN,0.6394,0.008,0.3526
DIAMONDS NINE CLUBS ACE,0.3658,0.0034,0.6308
HEARTS FIVE DIAMONDS FOUR,0.6246,0.0086,0.3668
DIAMONDS JACK HEARTS JACK,0.2874,0.0048,0.7078
SPADES NINE CLUBS QUEEN,0.564,0.0062,0.4298
DIAMONDS TWO SPADES JACK,0.6334,0.0098,0.3568
DIAMONDS QUEEN DIAMONDS FOUR,0.6068,0.0084,0.3848
HEARTS TWO DIAMONDS FOUR,0.655,0.0104,0.3346
DIAMONDS NINE CLUBS QUEEN,0.5614,0.009,0.4296
DIAMONDS KING DIAMONDS FOUR,0.4538,0.288,0.2582
HEARTS THREE DIAMONDS FOUR,0.6324,0.0098,0.3578
SPADES NINE CLUBS ACE,0.3596,0.0048,0.6356
DIAMONDS NINE CLUBS KING,0.2186,0.1658,0.6156
HEARTS ACE DIAMONDS JACK,0.3496,0.0038,0.6466
SPADES ACE DIAMONDS TWO,0.405,0.0046,0.5904
HEARTS QUEEN DIAMONDS JACK,0.5544,0.0084,0.4372
SPADES QUEEN DIAMONDS TWO,0.6384,0.0076,0.354
SPADES KING DIAMONDS TWO,0.4844,0.2962,0.2194
SPADES JACK SPADES SEVEN,0.6652,0.033,0.3018
SPADES TEN SPADES SEVEN,0.6546,0.0368,0.3086
CLUBS SEVEN CLUBS THREE,0.6672,0.0374,0.2954
CLUBS SIX CLUBS THREE,0.606,0.0072,0.3868
CLUBS FIVE CLUBS THREE,0.5874,0.0086,0.404
CLUBS FOUR CLUBS THREE,0.5914,0.0096,0.399
CLUBS NINE CLUBS THREE,0.5962,0.0054,0.3984
CLUBS EIGHT CLUBS THREE,0.5952,0.0064,0.3984
SPADES FIVE CLUBS THREE,0.6218,0.0036,0.3746
CLUBS THREE SPADES FOUR,0.6444,0.0106,0.345
CLUBS THREE SPADES THREE,0.4428,0.0126,0.5446
CLUBS THREE SPADES TWO,0.6466,0.0064,0.347
SPADES SIX CLUBS THREE,0.63,0.0066,0.3634
SPADES SEVEN CLUBS THREE,0.7186,0.0454,0.236
SPADES EIGHT CLUBS THREE,0.6434,0.0072,0.3494
SPADES NINE CLUBS THREE,0.6274,0.0076,0.365
SPADES TWO DIAMONDS FOUR,0.6506,0.007,0.3424
SPADES THREE DIAMONDS FOUR,0.6362,0.008,0.3558
SPADES FOUR DIAMONDS FOUR,0.449,0.013,0.538
SPADES FIVE DIAMONDS FOUR,0.628,0.0068,0.3652
SPADES SIX DIAMONDS FOUR,0.6366,0.0052,0.3582
SPADES SEVEN DIAMONDS FOUR,0.7004,0.041,0.2586
SPADES EIGHT DIAMONDS FOUR,0.6348,0.006,0.3592
SPADES NINE DIAMONDS FOUR,0.6396,0.0068,0.3536
CLUBS FIVE DIAMONDS FOUR,0.619,0.006,0.375
CLUBS FOUR DIAMONDS FOUR,0.447,0.0152,0.5378
CLUBS SEVEN DIAMONDS FOUR,0.707,0.0424,0.2506
CLUBS SIX DIAMONDS FOUR,0.6276,0.0078,0.3646
CLUBS NINE DIAMONDS FOUR,0.6446,0.0082,0.3472
CLUBS EIGHT DIAMONDS FOUR,0.6238,0.0094,0.3668
HEARTS SEVEN DIAMONDS FOUR,0.7094,0.0378,0.2528
HEARTS SIX DIAMONDS FOUR,0.6414,0.008,0.3506
DIAMONDS FOUR HEARTS NINE,0.6486,0.0096,0.3418
DIAMONDS FOUR HEARTS EIGHT,0.6216,0.0086,0.3698
CLUBS THREE DIAMONDS FOUR,0.6394,0.008,0.3526
CLUBS TWO DIAMONDS FOUR,0.663,0.0094,0.3276
DIAMONDS TEN DIAMONDS FIVE,0.5996,0.009,0.3914
DIAMONDS JACK DIAMONDS FIVE,0.597,0.0072,0.3958
DIAMONDS NINE HEARTS QUEEN,0.573,0.0072,0.4198
DIAMONDS NINE HEARTS ACE,0.3528,0.004,0.6432
DIAMONDS NINE HEARTS TEN,0.5662,0.0078,0.426
DIAMONDS NINE HEARTS JACK,0.5724,0.0048,0.4228
CLUBS KING DIAMONDS SIX,0.487,0.2942,0.2188
CLUBS QUEEN DIAMONDS SIX,0.6388,0.0056,0.3556
CLUBS ACE DIAMONDS SIX,0.3918,0.0042,0.604
SPADES KING DIAMONDS FOUR,0.4758,0.309,0.2152
SPADES ACE SPADES SEVEN,0.2214,0.0266,0.752
SPADES QUEEN DIAMONDS FOUR,0.6344,0.0082,0.3574
SPADES QUEEN SPADES SEVEN,0.6888,0.0356,0.2756
CLUBS JACK DIAMONDS SIX,0.6292,0.0062,0.3646
SPADES KING SPADES SEVEN,0.023,0.909,0.068
SPADES ACE DIAMONDS FOUR,0.398,0.0052,0.5968
CLUBS TEN DIAMONDS SIX,0.6342,0.0066,0.3592
CLUBS NINE CLUBS FOUR,0.5932,0.0086,0.3982
CLUBS EIGHT CLUBS FOUR,0.5926,0.0082,0.3992
SPADES JACK DIAMONDS FOUR,0.6296,0.0078,0.3626
SPADES TEN DIAMONDS FOUR,0.6276,0.0072,0.3652
CLUBS FOUR CLUBS FIVE,0.5834,0.0062,0.4104
CLUBS SEVEN CLUBS FOUR,0.6674,0.0386,0.294
CLUBS SIX CLUBS FOUR,0.5912,0.0072,0.4016
CLUBS SEVEN SPADES EIGHT,0.6778,0.0332,0.289
SPADES NINE CLUBS SEVEN,0.6834,0.0354,0.2812
CLUBS SEVEN SPADES SIX,0.6828,0.0372,0.28
CLUBS SEVEN SPADES SEVEN,0.2976,0.0308,0.6716
CLUBS SEVEN SPADES FIVE,0.6868,0.0418,0.2714
CLUBS SEVEN SPADES FOUR,0.7118,0.0394,0.2488
CLUBS SEVEN SPADES THREE,0.714,0.041,0.245
CLUBS SEVEN SPADES TWO,0.7386,0.0414,0.22
CLUBS NINE CLUBS SEVEN,0.6502,0.0286,0.3212
CLUBS EIGHT CLUBS SEVEN,0.6212,0.0322,0.3466
HEARTS SIX DIAMONDS FIVE,0.619,0.0092,0.3718
HEARTS SEVEN DIAMONDS FIVE,0.7018,0.0376,0.2606
DIAMONDS FIVE HEARTS EIGHT,0.6166,0.007,0.3764
DIAMONDS FIVE HEARTS NINE,0.6274,0.0108,0.3618
DIAMONDS QUEEN DIAMONDS FIVE,0.5978,0.0084,0.3938
HEARTS TWO DIAMONDS FIVE,0.6628,0.009,0.3282
DIAMONDS KING DIAMONDS FIVE,0.4446,0.282,0.2734
HEARTS THREE DIAMONDS FIVE,0.642,0.0104,0.3476
HEARTS QUEEN HEARTS EIGHT,0.5684,0.008,0.4236
DIAMONDS ACE DIAMONDS FIVE,0.3644,0.006,0.6296
HEARTS FOUR DIAMONDS FIVE,0.6118,0.0106,0.3776
HEARTS FIVE DIAMONDS FIVE,0.458,0.012,0.53
HEARTS ACE HEARTS EIGHT,0.3496,0.0046,0.6458
CLUBS FOUR DIAMONDS FIVE,0.6072,0.0084,0.3844
CLUBS FIVE DIAMONDS FIVE,0.4448,0.0104,0.5448
CLUBS SIX DIAMONDS FIVE,0.6126,0.009,0.3784
CLUBS SEVEN DIAMONDS FIVE,0.6918,0.0402,0.268
CLUBS TWO DIAMONDS FIVE,0.6422,0.0108,0.347
CLUBS THREE DIAMONDS FIVE,0.639,0.0076,0.3534
SPADES THREE DIAMONDS FIVE,0.6464,0.007,0.3466
SPADES TWO DIAMONDS FIVE,0.6474,0.0058,0.3468
SPADES JACK DIAMONDS EIGHT,0.5792,0.0078,0.413
SPADES FIVE DIAMONDS FIVE,0.4518,0.0132,0.535
CLUBS TEN HEARTS JACK,0.557,0.0052,0.4378
SPADES TEN DIAMONDS EIGHT,0.5812,0.0068,0.412
SPADES FOUR DIAMONDS FIVE,0.6184,0.0094,0.3722
CLUBS JACK HEARTS JACK,0.3034,0.0056,0.691
HEARTS JACK CLUBS QUEEN,0.5566,0.0066,0.4368
CLUBS NINE DIAMONDS FIVE,0.6224,0.0062,0.3714
CLUBS EIGHT DIAMONDS FIVE,0.6238,0.0076,0.3686
HEARTS JACK CLUBS KING,0.2374,0.0872,0.6754
CLUBS ACE HEARTS JACK,0.356,0.0038,0.6402
SPADES SEVEN DIAMONDS FIVE,0.6976,0.0362,0.2662
SPADES KING DIAMONDS EIGHT,0.2234,0.2294,0.5472
SPADES QUEEN DIAMONDS EIGHT,0.5848,0.0064,0.4088
SPADES SIX DIAMONDS FIVE,0.6108,0.0082,0.381
SPADES NINE DIAMONDS FIVE,0.6352,0.009,0.3558
SPADES EIGHT DIAMONDS FIVE,0.6198,0.0066,0.3736
SPADES ACE DIAMONDS EIGHT,0.3418,0.004,0.6542
DIAMONDS TEN DIAMONDS SIX,0.5938,0.0072,0.399
DIAMONDS JACK DIAMONDS SIX,0.6018,0.0072,0.391
DIAMONDS ACE DIAMONDS SIX,0.3692,0.0046,0.6262
HEARTS FOUR DIAMONDS SIX,0.6524,0.008,0.3396
SPADES TWO HEARTS JACK,0.6442,0.0072,0.3486
HEARTS FIVE DIAMONDS SIX,0.6252,0.008,0.3668
SPADES TWO HEARTS TEN,0.6482,0.0108,0.341
DIAMONDS QUEEN DIAMONDS SIX,0.5916,0.0066,0.4018
HEARTS TWO DIAMONDS SIX,0.6672,0.011,0.3218
DIAMONDS KING DIAMONDS SIX,0.4506,0.286,0.2634
HEARTS THREE DIAMONDS SIX,0.6546,0.0076,0.3378
HEARTS EIGHT DIAMONDS SIX,0.6336,0.0098,0.3566
HEARTS NINE DIAMONDS SIX,0.6294,0.0068,0.3638
HEARTS SIX DIAMONDS SIX,0.443,0.0116,0.5454
HEARTS SEVEN DIAMONDS SIX,0.6878,0.0386,0.2736
CLUBS TWO DIAMONDS SIX,0.6674,0.0088,0.3238
CLUBS THREE DIAMONDS SIX,0.6596,0.009,0.3314
CLUBS SEVEN DIAMONDS SIX,0.6804,0.0372,0.2824
CLUBS JACK DIAMONDS EIGHT,0.5794,0.006,0.4146
CLUBS SIX DIAMONDS SIX,0.4444,0.0104,0.5452
CLUBS TEN DIAMONDS EIGHT,0.5718,0.0046,0.4236
CLUBS FIVE DIAMONDS SIX,0.631,0.0086,0.3604
CLUBS FOUR DIAMONDS SIX,0.631,0.007,0.362
HEARTS ACE HEARTS JACK,0.3232,0.0038,0.673
CLUBS ACE DIAMONDS EIGHT,0.3546,0.004,0.6414
HEARTS QUEEN HEARTS JACK,0.523,0.0056,0.4714
CLUBS KING DIAMONDS EIGHT,0.2228,0.234,0.5432
CLUBS NINE DIAMONDS SIX,0.6188,0.0058,0.3754
CLUBS EIGHT DIAMONDS SIX,0.6116,0.0072,0.3812
DIAMONDS EIGHT CLUBS QUEEN,0.593,0.005,0.402
SPADES FIVE DIAMONDS SIX,0.6178,0.0092,0.373
HEARTS ACE SPADES TWO,0.3928,0.0046,0.6026
SPADES FOUR DIAMONDS SIX,0.6312,0.0078,0.361
SPADES THREE DIAMONDS SIX,0.6492,0.0112,0.3396
HEARTS QUEEN SPADES TWO,0.6538,0.0064,0.3398
SPADES ACE SPADES KING,0.228,0.0104,0.7616
SPADES TWO DIAMONDS SIX,0.6722,0.0076,0.3202
HEARTS TEN HEARTS EIGHT,0.5412,0.0088,0.45
SPADES NINE DIAMONDS SIX,0.6166,0.0072,0.3762
HEARTS JACK HEARTS EIGHT,0.5556,0.0076,0.4368
SPADES EIGHT DIAMONDS SIX,0.6258,0.0058,0.3684
SPADES SEVEN DIAMONDS SIX,0.6756,0.0352,0.2892
SPADES SIX DIAMONDS SIX,0.424,0.0154,0.5606
CLUBS ACE CLUBS KING,0.2232,0.0132,0.7636
SPADES ACE HEARTS JACK,0.3626,0.0034,0.634
SPADES QUEEN HEARTS JACK,0.56,0.0076,0.4324
SPADES KING HEARTS JACK,0.24,0.0868,0.6732
SPADES TEN DIAMONDS TEN,0.2976,0.0058,0.6966
SPADES JACK DIAMONDS TEN,0.554,0.0064,0.4396
SPADES ACE DIAMONDS TEN,0.3572,0.0024,0.6404
SPADES JACK HEARTS JACK,0.3022,0.0054,0.6924
SPADES TEN HEARTS JACK,0.5508,0.0064,0.4428
SPADES QUEEN DIAMONDS TEN,0.5674,0.008,0.4246
SPADES KING DIAMONDS TEN,0.2256,0.1216,0.6528
HEARTS QUEEN DIAMONDS FIVE,0.629,0.0086,0.3624
HEARTS ACE DIAMONDS FIVE,0.3726,0.0084,0.619
DIAMONDS FIVE HEARTS JACK,0.6436,0.007,0.3494
HEARTS TEN DIAMONDS FIVE,0.639,0.0082,0.3528
SPADES KING CLUBS TWO,0.4684,0.3056,0.226
SPADES QUEEN CLUBS TWO,0.6228,0.009,0.3682
CLUBS JACK SPADES TWO,0.6318,0.007,0.3612
CLUBS SIX CLUBS SEVEN,0.6234,0.0326,0.344
SPADES ACE CLUBS TWO,0.4156,0.0024,0.582
CLUBS TEN SPADES TWO,0.6352,0.0064,0.3584
SPADES TWO CLUBS KING,0.4796,0.2942,0.2262
CLUBS EIGHT CLUBS SIX,0.5688,0.0062,0.425
SPADES TWO CLUBS QUEEN,0.6362,0.006,0.3578
CLUBS NINE CLUBS SIX,0.5868,0.009,0.4042
SPADES TWO CLUBS ACE,0.3976,0.0046,0.5978
CLUBS SIX SPADES TWO,0.6642,0.0098,0.326
CLUBS SIX SPADES THREE,0.6494,0.0096,0.341
CLUBS SIX SPADES FOUR,0.6284,0.0062,0.3654
CLUBS SIX SPADES FIVE,0.6078,0.0066,0.3856
CLUBS SIX SPADES SIX,0.4362,0.0122,0.5516
CLUBS SIX SPADES SEVEN,0.6626,0.0444,0.293
CLUBS SIX SPADES EIGHT,0.6068,0.0072,0.386
SPADES JACK CLUBS TWO,0.6436,0.006,0.3504
CLUBS SIX SPADES NINE,0.618,0.0038,0.3782
SPADES TEN CLUBS TWO,0.6362,0.0058,0.358
CLUBS TWO CLUBS QUEEN,0.5912,0.0068,0.402
CLUBS TWO CLUBS KING,0.4384,0.2822,0.2794
CLUBS THREE DIAMONDS EIGHT,0.6366,0.009,0.3544
CLUBS TWO CLUBS ACE,0.3796,0.0044,0.616
CLUBS TWO DIAMONDS EIGHT,0.6328,0.007,0.3602
HEARTS SEVEN DIAMONDS EIGHT,0.6818,0.0382,0.28
HEARTS SIX DIAMONDS EIGHT,0.6006,0.0076,0.3918
DIAMONDS EIGHT HEARTS NINE,0.577,0.008,0.415
CLUBS TEN CLUBS TWO,0.6104,0.0076,0.382
HEARTS EIGHT DIAMONDS EIGHT,0.322,0.0118,0.6662
CLUBS JACK CLUBS TWO,0.5944,0.0088,0.3968
CLUBS NINE DIAMONDS EIGHT,0.5724,0.007,0.4206
CLUBS EIGHT DIAMONDS EIGHT,0.3158,0.009,0.6752
CLUBS FIVE DIAMONDS EIGHT,0.619,0.0088,0.3722
SPADES ACE SPADES THREE,0.392,0.0046,0.6034
CLUBS FOUR DIAMONDS EIGHT,0.6276,0.0074,0.365
CLUBS SEVEN DIAMONDS EIGHT,0.6736,0.034,0.2924
SPADES QUEEN SPADES THREE,0.5996,0.0058,0.3946
CLUBS SIX DIAMONDS EIGHT,0.5944,0.0092,0.3964
SPADES KING SPADES THREE,0.4422,0.2798,0.278
DIAMONDS QUEEN DIAMONDS EIGHT,0.5444,0.0086,0.447
HEARTS TWO DIAMONDS EIGHT,0.6596,0.0068,0.3336
DIAMONDS KING DIAMONDS EIGHT,0.2332,0.211,0.5558
HEARTS THREE DIAMONDS EIGHT,0.6522,0.0078,0.34
DIAMONDS ACE DIAMONDS EIGHT,0.34,0.0054,0.6546
HEARTS FOUR DIAMONDS EIGHT,0.6332,0.0092,0.3576
HEARTS FIVE DIAMONDS EIGHT,0.6202,0.0082,0.3716
DIAMONDS TEN DIAMONDS EIGHT,0.5476,0.007,0.4454
DIAMONDS JACK DIAMONDS EIGHT,0.5454,0.0054,0.4492
SPADES JACK SPADES THREE,0.581,0.0068,0.4122
SPADES TEN SPADES THREE,0.5978,0.009,0.3932
CLUBS FOUR HEARTS ACE,0.3996,0.004,0.5964
CLUBS FOUR HEARTS QUEEN,0.6358,0.0092,0.355
CLUBS SIX HEARTS TEN,0.6426,0.0058,0.3516
CLUBS SIX HEARTS JACK,0.6328,0.007,0.3602
SPADES FOUR DIAMONDS EIGHT,0.633,0.008,0.359
SPADES FIVE DIAMONDS EIGHT,0.6222,0.0066,0.3712
SPADES TWO DIAMONDS EIGHT,0.6288,0.0086,0.3626
SPADES THREE DIAMONDS EIGHT,0.654,0.0062,0.3398
CLUBS FOUR HEARTS JACK,0.638,0.0086,0.3534
SPADES EIGHT DIAMONDS EIGHT,0.3204,0.0106,0.669
SPADES TEN DIAMONDS QUEEN,0.5498,0.008,0.4422
SPADES TEN HEARTS TWO,0.6566,0.0078,0.3356
SPADES JACK HEARTS EIGHT,0.5916,0.0082,0.4002
CLUBS FOUR HEARTS TEN,0.6256,0.0082,0.3662
SPADES NINE DIAMONDS EIGHT,0.5696,0.0066,0.4238
SPADES TEN HEARTS EIGHT,0.5832,0.0076,0.4092
SPADES JACK HEARTS TWO,0.6286,0.008,0.3634
SPADES JACK DIAMONDS QUEEN,0.5494,0.0066,0.444
SPADES SIX DIAMONDS EIGHT,0.605,0.0076,0.3874
SPADES SEVEN DIAMONDS EIGHT,0.6736,0.0332,0.2932
SPADES ACE HEARTS TWO,0.412,0.0054,0.5826
SPADES ACE DIAMONDS QUEEN,0.3556,0.0038,0.6406
SPADES ACE HEARTS EIGHT,0.3522,0.0028,0.645
SPADES KING HEARTS EIGHT,0.2404,0.2328,0.5268
SPADES QUEEN HEARTS TWO,0.647,0.0064,0.3466
SPADES QUEEN DIAMONDS QUEEN,0.277,0.0032,0.7198
SPADES KING DIAMONDS QUEEN,0.2466,0.0674,0.686
SPADES KING HEARTS TWO,0.4898,0.2938,0.2164
SPADES QUEEN HEARTS EIGHT,0.5964,0.0068,0.3968
CLUBS TWO HEARTS TEN,0.6504,0.0076,0.342
CLUBS TWO HEARTS JACK,0.6418,0.0074,0.3508
SPADES SEVEN DIAMONDS NINE,0.6856,0.0284,0.286
SPADES SIX DIAMONDS NINE,0.6216,0.0084,0.37
SPADES NINE DIAMONDS NINE,0.2998,0.0082,0.692
SPADES EIGHT DIAMONDS NINE,0.5654,0.0076,0.427
SPADES TEN CLUBS KING,0.2432,0.1116,0.6452
DIAMONDS NINE SPADES THREE,0.63,0.0076,0.3624
SPADES JACK CLUBS KING,0.2478,0.087,0.6652
DIAMONDS NINE SPADES TWO,0.6306,0.0076,0.3618
SPADES FIVE DIAMONDS NINE,0.6142,0.0078,0.378
DIAMONDS NINE SPADES FOUR,0.6298,0.008,0.3622
CLUBS NINE DIAMONDS NINE,0.3098,0.0092,0.681
CLUBS EIGHT DIAMONDS NINE,0.5724,0.0042,0.4234
CLUBS SIX DIAMONDS NINE,0.603,0.0072,0.3898
SPADES JACK CLUBS FOUR,0.6286,0.0052,0.3662
CLUBS SEVEN DIAMONDS NINE,0.6818,0.0336,0.2846
SPADES TEN CLUBS FOUR,0.6296,0.0076,0.3628
CLUBS FOUR DIAMONDS NINE,0.635,0.0074,0.3576
CLUBS FIVE DIAMONDS NINE,0.6182,0.0086,0.3732
CLUBS TWO DIAMONDS NINE,0.6278,0.009,0.3632
CLUBS THREE DIAMONDS NINE,0.6314,0.0068,0.3618
DIAMONDS NINE HEARTS EIGHT,0.5696,0.0082,0.4222
DIAMONDS NINE HEARTS NINE,0.3028,0.0108,0.6864
HEARTS SIX DIAMONDS NINE,0.6246,0.0082,0.3672
HEARTS SEVEN DIAMONDS NINE,0.6924,0.0368,0.2708
CLUBS EIGHT CLUBS NINE,0.5366,0.0068,0.4566
DIAMONDS ACE DIAMONDS NINE,0.3546,0.0058,0.6396
HEARTS FOUR DIAMONDS NINE,0.6484,0.009,0.3426
HEARTS FIVE DIAMONDS NINE,0.6194,0.0066,0.374
CLUBS TWO HEARTS ACE,0.3888,0.0042,0.607
SPADES ACE CLUBS FOUR,0.3936,0.0046,0.6018
DIAMONDS NINE DIAMONDS QUEEN,0.532,0.0072,0.4608
HEARTS TWO DIAMONDS NINE,0.6328,0.0098,0.3574
SPADES KING CLUBS FOUR,0.461,0.2972,0.2418
DIAMONDS KING DIAMONDS NINE,0.2196,0.1656,0.6148
HEARTS THREE DIAMONDS NINE,0.6366,0.0096,0.3538
CLUBS TWO HEARTS QUEEN,0.6284,0.0064,0.3652
SPADES QUEEN CLUBS FOUR,0.6328,0.0072,0.36
DIAMONDS NINE DIAMONDS JACK,0.5346,0.0078,0.4576
CLUBS EIGHT SPADES NINE,0.565,0.0072,0.4278
DIAMONDS TEN DIAMONDS NINE,0.539,0.007,0.454
CLUBS EIGHT SPADES EIGHT,0.3276,0.011,0.6614
CLUBS EIGHT SPADES SEVEN,0.6658,0.0312,0.303
CLUBS EIGHT SPADES SIX,0.6064,0.0052,0.3884
CLUBS EIGHT SPADES FIVE,0.6104,0.0072,0.3824
CLUBS EIGHT SPADES FOUR,0.629,0.0062,0.3648
CLUBS EIGHT SPADES THREE,0.657,0.0054,0.3376
CLUBS EIGHT SPADES TWO,0.645,0.0054,0.3496
HEARTS SIX DIAMONDS TEN,0.623,0.0064,0.3706
HEARTS SEVEN DIAMONDS TEN,0.7012,0.0372,0.2616
DIAMONDS TEN HEARTS EIGHT,0.5746,0.0096,0.4158
CLUBS JACK CLUBS FOUR,0.5872,0.007,0.4058
DIAMONDS TEN HEARTS NINE,0.5584,0.0048,0.4368
CLUBS TEN CLUBS FOUR,0.579,0.0068,0.4142
CLUBS FOUR CLUBS KING,0.4378,0.2898,0.2724
CLUBS FOUR CLUBS QUEEN,0.5796,0.0084,0.412
CLUBS TWO DIAMONDS TEN,0.6398,0.0086,0.3516
DIAMONDS TEN CLUBS THREE,0.6172,0.0072,0.3756
CLUBS FOUR CLUBS ACE,0.3638,0.0038,0.6324
DIAMONDS TEN DIAMONDS JACK,0.5176,0.0092,0.4732
DIAMONDS TEN DIAMONDS QUEEN,0.5338,0.0068,0.4594
HEARTS TWO DIAMONDS TEN,0.641,0.0074,0.3516
DIAMONDS KING DIAMONDS TEN,0.2152,0.1118,0.673
HEARTS THREE DIAMONDS TEN,0.6296,0.0096,0.3608
DIAMONDS ACE DIAMONDS TEN,0.333,0.0044,0.6626
HEARTS FOUR DIAMONDS TEN,0.6326,0.0084,0.359
CLUBS EIGHT HEARTS JACK,0.575,0.0064,0.4186
HEARTS FIVE DIAMONDS TEN,0.6472,0.0064,0.3464
CLUBS EIGHT HEARTS TEN,0.579,0.0062,0.4148
CLUBS EIGHT HEARTS QUEEN,0.596,0.006,0.398
CLUBS EIGHT HEARTS ACE,0.3534,0.0036,0.643
CLUBS NINE SPADES THREE,0.6314,0.0064,0.3622
CLUBS NINE SPADES TWO,0.6276,0.008,0.3644
CLUBS NINE SPADES FIVE,0.634,0.0062,0.3598
CLUBS NINE SPADES FOUR,0.645,0.0062,0.3488
CLUBS NINE SPADES SEVEN,0.6822,0.0326,0.2852
CLUBS NINE SPADES SIX,0.6152,0.007,0.3778
CLUBS NINE SPADES NINE,0.2966,0.0092,0.6942
CLUBS TEN HEARTS EIGHT,0.5796,0.0054,0.415
CLUBS NINE SPADES EIGHT,0.5622,0.009,0.4288
CLUBS JACK HEARTS EIGHT,0.592,0.0074,0.4006
HEARTS EIGHT CLUBS QUEEN,0.5974,0.0058,0.3968
CLUBS KING HEARTS EIGHT,0.2216,0.2418,0.5366
CLUBS ACE HEARTS EIGHT,0.3724,0.0036,0.624
SPADES KING CLUBS KING,0.084,0.011,0.905
SPADES QUEEN CLUBS KING,0.2364,0.068,0.6956
SPADES ACE CLUBS KING,0.226,0.0118,0.7622
DIAMONDS ACE HEARTS TEN,0.3516,0.006,0.6424
HEARTS FOUR HEARTS TEN,0.597,0.0086,0.3944
DIAMONDS ACE HEARTS JACK,0.3544,0.0046,0.641
HEARTS FOUR HEARTS JACK,0.5992,0.0074,0.3934
SPADES KING CLUBS FIVE,0.4834,0.2834,0.2332
SPADES QUEEN CLUBS FIVE,0.6194,0.006,0.3746
SPADES ACE CLUBS FIVE,0.3866,0.0036,0.6098
HEARTS SEVEN DIAMONDS JACK,0.7264,0.0354,0.2382
HEARTS SIX DIAMONDS JACK,0.6312,0.0064,0.3624
DIAMONDS JACK HEARTS NINE,0.5704,0.0074,0.4222
DIAMONDS JACK HEARTS EIGHT,0.582,0.0074,0.4106
DIAMONDS KING DIAMONDS JACK,0.2296,0.0878,0.6826
HEARTS THREE DIAMONDS JACK,0.6262,0.007,0.3668
SPADES ACE SPADES SIX,0.3616,0.0038,0.6346
SPADES FOUR HEARTS ACE,0.3956,0.006,0.5984
DIAMONDS QUEEN DIAMONDS JACK,0.5278,0.0054,0.4668
HEARTS TWO DIAMONDS JACK,0.6346,0.0116,0.3538
HEARTS FIVE DIAMONDS JACK,0.6354,0.0054,0.3592
SPADES QUEEN SPADES SIX,0.5846,0.0068,0.4086
SPADES FOUR HEARTS QUEEN,0.647,0.0052,0.3478
DIAMONDS ACE DIAMONDS JACK,0.3356,0.005,0.6594
HEARTS FOUR DIAMONDS JACK,0.634,0.0084,0.3576
SPADES KING SPADES SIX,0.4448,0.2926,0.2626
SPADES TEN SPADES SIX,0.5906,0.0044,0.405
SPADES JACK SPADES SIX,0.592,0.0084,0.3996
SPADES FOUR DIAMONDS JACK,0.6292,0.007,0.3638
SPADES FIVE DIAMONDS JACK,0.6354,0.0054,0.3592
DIAMONDS JACK SPADES TWO,0.6342,0.0094,0.3564
SPADES THREE DIAMONDS JACK,0.6108,0.0086,0.3806
SPADES ACE DIAMONDS THREE,0.3978,0.004,0.5982
CLUBS EIGHT DIAMONDS JACK,0.5804,0.007,0.4126
SPADES QUEEN DIAMONDS THREE,0.637,0.0092,0.3538
SPADES KING DIAMONDS THREE,0.4762,0.3008,0.223
CLUBS NINE DIAMONDS JACK,0.5732,0.0072,0.4196
CLUBS SIX DIAMONDS JACK,0.6366,0.0062,0.3572
CLUBS SEVEN DIAMONDS JACK,0.7116,0.0392,0.2492
CLUBS FOUR DIAMONDS JACK,0.6274,0.0068,0.3658
CLUBS FIVE DIAMONDS JACK,0.6244,0.0066,0.369
CLUBS TWO DIAMONDS JACK,0.6256,0.0108,0.3636
CLUBS THREE DIAMONDS JACK,0.6332,0.0062,0.3606
SPADES TEN CLUBS FIVE,0.6346,0.0056,0.3598
SPADES JACK HEARTS SIX,0.6438,0.0054,0.3508
HEARTS SIX SPADES TEN,0.6308,0.0082,0.361
SPADES JACK CLUBS FIVE,0.6332,0.0082,0.3586
SPADES JACK DIAMONDS THREE,0.6364,0.0094,0.3542
CLUBS SEVEN CLUBS ACE,0.2214,0.0268,0.7518
DIAMONDS THREE SPADES TEN,0.6374,0.0058,0.3568
CLUBS SEVEN CLUBS QUEEN,0.6844,0.0344,0.2812
CLUBS SEVEN CLUBS KING,0.0226,0.8964,0.081
SPADES NINE DIAMONDS JACK,0.5604,0.0064,0.4332
CLUBS TEN CLUBS SEVEN,0.6616,0.0292,0.3092
DIAMONDS ACE HEARTS ACE,0.1132,0.0036,0.8832
HEARTS FOUR HEARTS ACE,0.3792,0.0054,0.6154
SPADES EIGHT DIAMONDS JACK,0.5868,0.0064,0.4068
SPADES ACE HEARTS SIX,0.3994,0.004,0.5966
CLUBS JACK CLUBS SEVEN,0.6718,0.033,0.2952
SPADES SEVEN DIAMONDS JACK,0.712,0.036,0.252
SPADES KING HEARTS SIX,0.4934,0.2934,0.2132
DIAMONDS ACE HEARTS QUEEN,0.3608,0.0056,0.6336
HEARTS FOUR HEARTS QUEEN,0.5778,0.0056,0.4166
SPADES QUEEN HEARTS SIX,0.6348,0.0072,0.358
SPADES SIX DIAMONDS JACK,0.6286,0.0066,0.3648
DIAMONDS TEN SPADES TWO,0.626,0.0106,0.3634
DIAMONDS TEN SPADES THREE,0.6464,0.0066,0.347
DIAMONDS TEN SPADES FOUR,0.6338,0.006,0.3602
DIAMONDS TEN SPADES FIVE,0.6306,0.0092,0.3602
SPADES SIX DIAMONDS TEN,0.6192,0.0096,0.3712
SPADES SEVEN DIAMONDS TEN,0.6872,0.0382,0.2746
SPADES EIGHT DIAMONDS TEN,0.5746,0.0072,0.4182
SPADES NINE DIAMONDS TEN,0.5538,0.0066,0.4396
CLUBS FOUR DIAMONDS TEN,0.6292,0.0048,0.366
CLUBS FIVE DIAMONDS TEN,0.6362,0.0084,0.3554
CLUBS SIX DIAMONDS TEN,0.6088,0.006,0.3852
CLUBS SEVEN DIAMONDS TEN,0.6976,0.0332,0.2692
CLUBS EIGHT DIAMONDS TEN,0.566,0.0066,0.4274
CLUBS NINE DIAMONDS TEN,0.5574,0.005,0.4376
CLUBS JACK DIAMONDS THREE,0.642,0.0072,0.3508
CLUBS TEN DIAMONDS THREE,0.6426,0.0072,0.3502
DIAMONDS THREE CLUBS KING,0.463,0.3006,0.2364
DIAMONDS THREE CLUBS QUEEN,0.6412,0.0092,0.3496
DIAMONDS THREE CLUBS ACE,0.4028,0.0062,0.591
SPADES FOUR HEARTS JACK,0.6306,0.009,0.3604
SPADES FOUR HEARTS TEN,0.626,0.0072,0.3668
SPADES FIVE SPADES TWO,0.6062,0.0078,0.386
SPADES FOUR SPADES TWO,0.6034,0.0106,0.386
SPADES THREE SPADES TWO,0.6138,0.0114,0.3748
SPADES NINE SPADES TWO,0.5986,0.0088,0.3926
SPADES EIGHT SPADES TWO,0.5956,0.0068,0.3976
SPADES SEVEN SPADES TWO,0.6952,0.0416,0.2632
SPADES SIX SPADES TWO,0.6166,0.007,0.3764
CLUBS THREE DIAMONDS QUEEN,0.6316,0.0078,0.3606
HEARTS TWO CLUBS THREE,0.651,0.0098,0.3392
CLUBS TWO DIAMONDS QUEEN,0.6176,0.0078,0.3746
HEARTS TWO CLUBS TWO,0.4624,0.018,0.5196
HEARTS SEVEN DIAMONDS QUEEN,0.7278,0.0414,0.2308
HEARTS SEVEN HEARTS TWO,0.7118,0.0376,0.2506
HEARTS SIX DIAMONDS QUEEN,0.6334,0.0064,0.3602
HEARTS SIX HEARTS TWO,0.6242,0.0066,0.3692
DIAMONDS QUEEN HEARTS NINE,0.5818,0.0076,0.4106
HEARTS TWO HEARTS NINE,0.5982,0.0084,0.3934
DIAMONDS QUEEN HEARTS EIGHT,0.593,0.0052,0.4018
HEARTS TWO HEARTS EIGHT,0.6192,0.0104,0.3704
CLUBS NINE HEARTS TWO,0.646,0.0066,0.3474
CLUBS NINE DIAMONDS QUEEN,0.5844,0.0044,0.4112
CLUBS EIGHT DIAMONDS QUEEN,0.5942,0.0074,0.3984
CLUBS EIGHT HEARTS TWO,0.6504,0.0078,0.3418
CLUBS FIVE DIAMONDS QUEEN,0.6174,0.0066,0.376
CLUBS FIVE HEARTS TWO,0.6406,0.009,0.3504
SPADES EIGHT HEARTS ACE,0.357,0.0046,0.6384
CLUBS FOUR DIAMONDS QUEEN,0.634,0.0076,0.3584
CLUBS FOUR HEARTS TWO,0.6498,0.0102,0.34
CLUBS SEVEN DIAMONDS QUEEN,0.733,0.0354,0.2316
CLUBS SEVEN HEARTS TWO,0.744,0.0398,0.2162
SPADES EIGHT HEARTS QUEEN,0.598,0.0056,0.3964
CLUBS SIX DIAMONDS QUEEN,0.6292,0.0078,0.363
CLUBS SIX HEARTS TWO,0.6652,0.0076,0.3272
HEARTS TWO SPADES SIX,0.6734,0.0078,0.3188
SPADES SIX DIAMONDS QUEEN,0.6282,0.0044,0.3674
HEARTS FOUR CLUBS QUEEN,0.6316,0.0062,0.3622
DIAMONDS ACE CLUBS QUEEN,0.3624,0.0056,0.632
SPADES SEVEN DIAMONDS QUEEN,0.729,0.0338,0.2372
SPADES SEVEN HEARTS TWO,0.748,0.0388,0.2132
HEARTS FOUR CLUBS KING,0.478,0.3,0.222
DIAMONDS ACE CLUBS KING,0.2238,0.0176,0.7586
SPADES EIGHT DIAMONDS QUEEN,0.5802,0.009,0.4108
SPADES EIGHT HEARTS TWO,0.6466,0.007,0.3464
HEARTS FOUR CLUBS ACE,0.3938,0.0032,0.603
DIAMONDS ACE CLUBS ACE,0.1198,0.0036,0.8766
SPADES NINE DIAMONDS QUEEN,0.5686,0.006,0.4254
SPADES NINE HEARTS TWO,0.6338,0.0098,0.3564
HEARTS TWO SPADES TWO,0.456,0.016,0.528
DIAMONDS QUEEN SPADES TWO,0.6476,0.0066,0.3458
HEARTS TWO SPADES THREE,0.6532,0.0094,0.3374
DIAMONDS QUEEN SPADES THREE,0.629,0.0058,0.3652
HEARTS TWO SPADES FOUR,0.6604,0.0082,0.3314
SPADES FOUR DIAMONDS QUEEN,0.6222,0.0066,0.3712
CLUBS TEN HEARTS FOUR,0.6264,0.0104,0.3632
CLUBS TEN DIAMONDS ACE,0.3432,0.003,0.6538
HEARTS TWO SPADES FIVE,0.6498,0.0098,0.3404
SPADES FIVE DIAMONDS QUEEN,0.623,0.0086,0.3684
CLUBS JACK HEARTS FOUR,0.6376,0.007,0.3554
CLUBS JACK DIAMONDS ACE,0.3486,0.0024,0.649
CLUBS FIVE CLUBS KING,0.4394,0.2774,0.2832
CLUBS FIVE CLUBS QUEEN,0.5794,0.0074,0.4132
CLUBS FIVE CLUBS ACE,0.3572,0.0046,0.6382
CLUBS JACK CLUBS FIVE,0.5848,0.01,0.4052
CLUBS TEN CLUBS FIVE,0.5888,0.0072,0.404
SPADES KING CLUBS JACK,0.2456,0.0814,0.673
CLUBS JACK SPADES QUEEN,0.5556,0.0056,0.4388
SPADES ACE CLUBS JACK,0.3476,0.0046,0.6478
SPADES SIX CLUBS KING,0.4654,0.2972,0.2374
SPADES SIX CLUBS QUEEN,0.6262,0.0046,0.3692
SPADES EIGHT HEARTS JACK,0.5948,0.0054,0.3998
SPADES SIX CLUBS ACE,0.3906,0.0028,0.6066
SPADES EIGHT HEARTS TEN,0.576,0.01,0.414
CLUBS JACK SPADES SIX,0.6324,0.0064,0.3612
CLUBS TEN SPADES SIX,0.622,0.0054,0.3726
CLUBS JACK SPADES TEN,0.5374,0.0038,0.4588
CLUBS JACK SPADES JACK,0.3012,0.003,0.6958
SPADES QUEEN CLUBS SEVEN,0.7286,0.0378,0.2336
SPADES KING CLUBS SEVEN,0.02,0.961,0.019
SPADES ACE CLUBS SEVEN,0.2324,0.0308,0.7368
SPADES SIX HEARTS TEN,0.6184,0.0072,0.3744
SPADES SIX HEARTS JACK,0.6364,0.0082,0.3554
SPADES SIX HEARTS ACE,0.383,0.0034,0.6136
SPADES SIX HEARTS QUEEN,0.6498,0.0062,0.344
SPADES JACK CLUBS SEVEN,0.7002,0.0324,0.2674
SPADES TEN CLUBS SEVEN,0.7114,0.0328,0.2558
CLUBS TEN HEARTS SIX,0.6236,0.0058,0.3706
CLUBS JACK HEARTS SIX,0.6462,0.007,0.3468
CLUBS JACK CLUBS ACE,0.338,0.0046,0.6574
HEARTS SIX CLUBS QUEEN,0.6356,0.008,0.3564
HEARTS SIX CLUBS KING,0.4838,0.295,0.2212
HEARTS SIX CLUBS ACE,0.3924,0.0054,0.6022
CLUBS JACK CLUBS QUEEN,0.5164,0.0074,0.4762
CLUBS JACK CLUBS KING,0.2382,0.0756,0.6862
DIAMONDS THREE HEARTS ACE,0.3804,0.0056,0.614
DIAMONDS THREE HEARTS QUEEN,0.6354,0.0062,0.3584
CLUBS FIVE HEARTS JACK,0.636,0.0082,0.3558
SPADES TEN DIAMONDS ACE,0.351,0.003,0.646
HEARTS FOUR SPADES TEN,0.6274,0.0096,0.363
CLUBS FIVE HEARTS TEN,0.618,0.0064,0.3756
HEARTS FOUR SPADES JACK,0.631,0.0092,0.3598
SPADES JACK DIAMONDS ACE,0.3476,0.002,0.6504
SPADES ACE HEARTS FOUR,0.3952,0.0034,0.6014
SPADES ACE DIAMONDS ACE,0.1316,0.0026,0.8658
CLUBS FIVE HEARTS ACE,0.371,0.005,0.624
HEARTS FOUR SPADES QUEEN,0.6294,0.0092,0.3614
SPADES QUEEN DIAMONDS ACE,0.3554,0.004,0.6406
CLUBS JACK SPADES FOUR,0.6244,0.0054,0.3702
CLUBS FIVE HEARTS QUEEN,0.6312,0.0078,0.361
SPADES KING DIAMONDS ACE,0.2282,0.0106,0.7612
SPADES KING HEARTS FOUR,0.495,0.2946,0.2104
CLUBS TEN SPADES FOUR,0.6374,0.0062,0.3564
DIAMONDS ACE DIAMONDS QUEEN,0.3306,0.0048,0.6646
DIAMONDS ACE HEARTS TWO,0.399,0.007,0.594
HEARTS FOUR DIAMONDS QUEEN,0.6276,0.007,0.3654
HEARTS FOUR HEARTS TWO,0.6164,0.01,0.3736
DIAMONDS THREE HEARTS TEN,0.6326,0.0078,0.3596
SPADES FOUR CLUBS KING,0.4696,0.2926,0.2378
HEARTS FIVE DIAMONDS QUEEN,0.624,0.007,0.369
HEARTS FIVE HEARTS TWO,0.6194,0.009,0.3716
DIAMONDS THREE HEARTS JACK,0.6526,0.0066,0.3408
SPADES FOUR CLUBS QUEEN,0.6358,0.0066,0.3576
HEARTS TWO DIAMONDS QUEEN,0.6446,0.0082,0.3472
DIAMONDS KING DIAMONDS QUEEN,0.2264,0.062,0.7116
DIAMONDS KING HEARTS TWO,0.4782,0.3012,0.2206
HEARTS THREE DIAMONDS QUEEN,0.628,0.01,0.362
HEARTS THREE HEARTS TWO,0.6258,0.0098,0.3644
SPADES FOUR CLUBS ACE,0.391,0.0032,0.6058
HEARTS TWO CLUBS ACE,0.391,0.0048,0.6042
DIAMONDS QUEEN CLUBS ACE,0.3466,0.0044,0.649
HEARTS TWO CLUBS QUEEN,0.6298,0.0054,0.3648
DIAMONDS QUEEN CLUBS QUEEN,0.2696,0.0026,0.7278
HEARTS TWO CLUBS KING,0.4752,0.2962,0.2286
DIAMONDS QUEEN CLUBS KING,0.2352,0.065,0.6998
SPADES EIGHT SPADES FIVE,0.5664,0.0088,0.4248
CLUBS TEN HEARTS TWO,0.6386,0.007,0.3544
CLUBS TEN DIAMONDS QUEEN,0.5534,0.0048,0.4418
SPADES NINE SPADES FIVE,0.5828,0.0076,0.4096
CLUBS JACK HEARTS TWO,0.647,0.0072,0.3458
CLUBS JACK DIAMONDS QUEEN,0.5508,0.0046,0.4446
SPADES SIX SPADES FIVE,0.5746,0.0086,0.4168
SPADES SEVEN SPADES FIVE,0.6358,0.0388,0.3254
DIAMONDS FIVE CLUBS QUEEN,0.6326,0.0066,0.3608
SPADES EIGHT CLUBS ACE,0.362,0.0036,0.6344
DIAMONDS FIVE CLUBS KING,0.4786,0.3064,0.215
SPADES EIGHT CLUBS KING,0.233,0.2256,0.5414
DIAMONDS FIVE CLUBS ACE,0.3814,0.0046,0.614
SPADES EIGHT CLUBS QUEEN,0.5892,0.0044,0.4064
CLUBS JACK SPADES EIGHT,0.5856,0.005,0.4094
CLUBS TEN SPADES EIGHT,0.5738,0.0074,0.4188
CLUBS TEN DIAMONDS FIVE,0.6288,0.0084,0.3628
CLUBS JACK DIAMONDS FIVE,0.633,0.0068,0.3602
DIAMONDS TEN HEARTS JACK,0.5622,0.0056,0.4322
DIAMONDS TEN HEARTS TEN,0.2976,0.006,0.6964
SPADES ACE CLUBS NINE,0.365,0.0052,0.6298
SPADES QUEEN CLUBS NINE,0.5828,0.0054,0.4118
SPADES KING CLUBS NINE,0.2384,0.1552,0.6064
DIAMONDS KING SPADES SEVEN,0.0138,0.9706,0.0156
HEARTS THREE SPADES SEVEN,0.7178,0.0422,0.24
HEARTS SIX HEARTS QUEEN,0.6124,0.0074,0.3802
HEARTS THREE SPADES SIX,0.6482,0.0106,0.3412
DIAMONDS KING SPADES SIX,0.4726,0.3072,0.2202
SPADES NINE DIAMONDS KING,0.222,0.1694,0.6086
SPADES NINE HEARTS THREE,0.625,0.0084,0.3666
HEARTS SIX HEARTS ACE,0.3724,0.005,0.6226
DIAMONDS KING SPADES EIGHT,0.2194,0.2216,0.559
SPADES EIGHT HEARTS THREE,0.6562,0.0082,0.3356
CLUBS NINE HEARTS THREE,0.6464,0.0086,0.345
CLUBS NINE DIAMONDS KING,0.2212,0.1612,0.6176
CLUBS EIGHT DIAMONDS KING,0.2292,0.2292,0.5416
CLUBS EIGHT HEARTS THREE,0.6558,0.0062,0.338
HEARTS THREE SPADES THREE,0.4678,0.0152,0.517
DIAMONDS KING SPADES THREE,0.4742,0.2904,0.2354
HEARTS THREE SPADES TWO,0.6574,0.0082,0.3344
DIAMONDS KING SPADES TWO,0.4804,0.2902,0.2294
HEARTS THREE SPADES FIVE,0.6386,0.0076,0.3538
DIAMONDS KING SPADES FIVE,0.4686,0.2998,0.2316
HEARTS THREE SPADES FOUR,0.636,0.008,0.356
DIAMONDS KING SPADES FOUR,0.4718,0.2972,0.231
DIAMONDS KING CLUBS TWO,0.4792,0.3036,0.2172
HEARTS THREE CLUBS TWO,0.6476,0.011,0.3414
