opposingHand,winningChance,drawChance,lostChance
HEARTS FOUR SPADES EIGHT
HEARTS TWO CLUBS FOUR,0.5992,0.1524,0.2484
SPADES QUEEN CLUBS SIX,0.369,0.0112,0.6198
SPADES JACK HEARTS EIGHT,0.2192,0.0712,0.7096
CLUBS THREE HEARTS EIGHT,0.2562,0.527,0.2168
DIAMONDS EIGHT CLUBS QUEEN,0.2438,0.045,0.7112
DIAMONDS TEN CLUBS ACE,0.3392,0.004,0.6568
DIAMONDS KING CLUBS QUEEN,0.3406,0.0056,0.6538
SPADES TEN CLUBS TWO,0.3926,0.0308,0.5766
SPADES JACK SPADES SEVEN,0.3214,0.0196,0.659
SPADES QUEEN CLUBS KING,0.3242,0.0082,0.6676
HEARTS FIVE CLUBS FOUR,0.571,0.1426,0.2864
DIAMONDS SEVEN CLUBS JACK,0.3604,0.0184,0.6212
CLUBS FIVE DIAMONDS SEVEN,0.5324,0.062,0.4056
HEARTS SEVEN DIAMONDS FIVE,0.5108,0.0664,0.4228
CLUBS KING DIAMONDS FOUR,0.2508,0.0322,0.717
SPADES JACK SPADES FOUR,0.2582,0.0572,0.6846
HEARTS FIVE CLUBS TWO,0.5712,0.0698,0.359
DIAMONDS THREE CLUBS FOUR,0.5862,0.153,0.2608
CLUBS FOUR CLUBS TWO,0.562,0.1422,0.2958
HEARTS SIX DIAMONDS TEN,0.3588,0.0306,0.6106
SPADES QUEEN DIAMONDS KING,0.333,0.0056,0.6614
HEARTS SEVEN CLUBS TWO,0.5978,0.069,0.3332
HEARTS SEVEN SPADES THREE,0.5942,0.0716,0.3342
HEARTS THREE CLUBS KING,0.4118,0.0068,0.5814
SPADES ACE HEARTS SEVEN,0.3674,0.0056,0.627
DIAMONDS EIGHT DIAMONDS FIVE,0.2104,0.4216,0.368
SPADES FOUR CLUBS KING,0.2606,0.0328,0.7066
CLUBS TEN DIAMONDS FIVE,0.3712,0.0244,0.6044
SPADES TWO CLUBS ACE,0.3984,0.0042,0.5974
HEARTS FIVE DIAMONDS NINE,0.3482,0.0402,0.6116
DIAMONDS TWO CLUBS FIVE,0.5586,0.0754,0.366
CLUBS SEVEN DIAMONDS KING,0.3632,0.0076,0.6292
SPADES NINE DIAMONDS QUEEN,0.326,0.0126,0.6614
CLUBS SEVEN HEARTS TEN,0.3304,0.0274,0.6422
CLUBS TEN HEARTS SEVEN,0.3538,0.0264,0.6198
HEARTS THREE HEARTS TEN,0.3792,0.0286,0.5922
HEARTS ACE DIAMONDS SIX,0.3594,0.0038,0.6368
HEARTS TWO DIAMONDS SEVEN,0.5944,0.0746,0.331
CLUBS EIGHT DIAMONDS EIGHT,0.092,0.0842,0.8238
DIAMONDS EIGHT DIAMONDS FOUR,0.018,0.911,0.071
DIAMONDS KING HEARTS QUEEN,0.3432,0.007,0.6498
CLUBS NINE SPADES NINE,0.1452,0.057,0.7978
SPADES NINE HEARTS NINE,0.1446,0.0544,0.801
DIAMONDS KING HEARTS EIGHT,0.2366,0.0378,0.7256
CLUBS EIGHT DIAMONDS TEN,0.2442,0.0802,0.6756
HEARTS THREE DIAMONDS FOUR,0.601,0.1532,0.2458
DIAMONDS KING CLUBS TWO,0.3944,0.007,0.5986
HEARTS THREE HEARTS ACE,0.3532,0.0068,0.64
CLUBS NINE CLUBS TWO,0.3836,0.0432,0.5732
CLUBS SEVEN HEARTS NINE,0.3296,0.0424,0.628
CLUBS TEN SPADES SEVEN,0.3552,0.0236,0.6212
SPADES FIVE SPADES FOUR,0.5528,0.1448,0.3024
HEARTS SEVEN DIAMONDS NINE,0.3258,0.0432,0.631
DIAMONDS KING SPADES TWO,0.4086,0.0102,0.5812
CLUBS TWO HEARTS ACE,0.3852,0.0044,0.6104
CLUBS TWO SPADES FOUR,0.5888,0.1514,0.2598
DIAMONDS TEN HEARTS TEN,0.1458,0.0522,0.802
HEARTS FIVE CLUBS FIVE,0.2588,0.0988,0.6424
DIAMONDS KING CLUBS JACK,0.3382,0.0048,0.657
SPADES THREE CLUBS KING,0.4236,0.008,0.5684
HEARTS SEVEN CLUBS FIVE,0.5142,0.071,0.4148
HEARTS SIX CLUBS JACK,0.3732,0.017,0.6098
CLUBS QUEEN DIAMONDS FIVE,0.3718,0.013,0.6152
SPADES QUEEN DIAMONDS FIVE,0.364,0.0112,0.6248
DIAMONDS THREE HEARTS QUEEN,0.4054,0.012,0.5826
SPADES SIX HEARTS JACK,0.3686,0.018,0.6134
CLUBS KING HEARTS TEN,0.3326,0.0064,0.661
SPADES SIX HEARTS TEN,0.3584,0.0274,0.6142
DIAMONDS TEN HEARTS JACK,0.3166,0.0156,0.6678
SPADES NINE SPADES SIX,0.3362,0.0418,0.622
DIAMONDS EIGHT CLUBS ACE,0.232,0.0264,0.7416
SPADES FOUR HEARTS KING,0.2448,0.0326,0.7226
DIAMONDS THREE DIAMONDS FIVE,0.5198,0.0678,0.4124
CLUBS TEN HEARTS TEN,0.1522,0.041,0.8068
CLUBS THREE DIAMONDS TEN,0.4012,0.0306,0.5682
CLUBS TEN HEARTS FIVE,0.3562,0.0272,0.6166
DIAMONDS THREE DIAMONDS QUEEN,0.3872,0.0116,0.6012
SPADES SIX CLUBS QUEEN,0.368,0.0106,0.6214
CLUBS TEN DIAMONDS NINE,0.3074,0.0234,0.6692
DIAMONDS ACE HEARTS JACK,0.342,0.0066,0.6514
DIAMONDS TEN DIAMONDS FIVE,0.3466,0.0254,0.628
CLUBS EIGHT CLUBS KING,0.233,0.0332,0.7338
CLUBS SEVEN DIAMONDS FOUR,0.6292,0.1322,0.2386
CLUBS FIVE DIAMONDS TEN,0.3616,0.031,0.6074
HEARTS THREE DIAMONDS FIVE,0.5596,0.0666,0.3738
HEARTS FIVE DIAMONDS TEN,0.3602,0.0264,0.6134
SPADES NINE DIAMONDS NINE,0.1566,0.0616,0.7818
CLUBS SIX CLUBS ACE,0.3398,0.0052,0.655
CLUBS EIGHT DIAMONDS QUEEN,0.246,0.0472,0.7068
DIAMONDS NINE HEARTS JACK,0.3094,0.0158,0.6748
CLUBS FOUR SPADES TWO,0.604,0.15,0.246
DIAMONDS TEN CLUBS KING,0.3488,0.0068,0.6444
CLUBS SEVEN HEARTS TWO,0.601,0.0668,0.3322
DIAMONDS NINE CLUBS KING,0.3358,0.0066,0.6576
SPADES TEN DIAMONDS ACE,0.3302,0.0042,0.6656
SPADES FIVE CLUBS TWO,0.5724,0.0692,0.3584
HEARTS FIVE CLUBS ACE,0.336,0.0054,0.6586
SPADES FOUR HEARTS ACE,0.243,0.024,0.733
HEARTS THREE SPADES FOUR,0.6064,0.148,0.2456
CLUBS SEVEN CLUBS ACE,0.3434,0.004,0.6526
SPADES THREE HEARTS TEN,0.402,0.0276,0.5704
HEARTS SIX SPADES TWO,0.5888,0.063,0.3482
SPADES SEVEN HEARTS QUEEN,0.3696,0.013,0.6174
HEARTS FIVE HEARTS TWO,0.55,0.0616,0.3884
SPADES THREE DIAMONDS FOUR,0.5962,0.1542,0.2496
SPADES ACE DIAMONDS TEN,0.3252,0.0034,0.6714
HEARTS FIVE CLUBS JACK,0.367,0.0178,0.6152
DIAMONDS QUEEN SPADES THREE,0.4032,0.0128,0.584
CLUBS TEN HEARTS KING,0.318,0.0084,0.6736
SPADES FIVE HEARTS EIGHT,0.1978,0.4622,0.34
DIAMONDS THREE DIAMONDS ACE,0.3676,0.0046,0.6278
CLUBS SEVEN HEARTS QUEEN,0.3572,0.0126,0.6302
DIAMONDS ACE CLUBS TWO,0.376,0.004,0.62
HEARTS TWO CLUBS KING,0.4166,0.0072,0.5762
SPADES FOUR DIAMONDS SEVEN,0.6098,0.1466,0.2436
HEARTS FIVE SPADES TWO,0.5806,0.0654,0.354
HEARTS SEVEN HEARTS ACE,0.3392,0.0044,0.6564
DIAMONDS TEN HEARTS KING,0.3374,0.0066,0.656
SPADES KING SPADES QUEEN,0.3126,0.0064,0.681
CLUBS TEN SPADES JACK,0.3148,0.018,0.6672
CLUBS SEVEN HEARTS KING,0.3532,0.0076,0.6392
CLUBS KING CLUBS JACK,0.3182,0.006,0.6758
CLUBS THREE HEARTS KING,0.3874,0.0092,0.6034
SPADES KING HEARTS THREE,0.3986,0.0098,0.5916
CLUBS KING HEARTS NINE,0.331,0.0062,0.6628
HEARTS THREE CLUBS ACE,0.3906,0.0054,0.604
SPADES NINE HEARTS JACK,0.3144,0.0146,0.671
HEARTS SEVEN SPADES TWO,0.5972,0.0664,0.3364
SPADES KING CLUBS FOUR,0.2486,0.033,0.7184
CLUBS FOUR HEARTS ACE,0.2312,0.0226,0.7462
SPADES THREE DIAMONDS NINE,0.4064,0.0458,0.5478
SPADES TWO DIAMONDS FOUR,0.605,0.1484,0.2466
DIAMONDS THREE SPADES TEN,0.3902,0.0294,0.5804
CLUBS QUEEN DIAMONDS FOUR,0.2544,0.0444,0.7012
HEARTS SEVEN HEARTS SIX,0.5102,0.061,0.4288
DIAMONDS TEN DIAMONDS FOUR,0.2362,0.0722,0.6916
SPADES NINE SPADES FOUR,0.2526,0.1018,0.6456
DIAMONDS ACE SPADES FIVE,0.3594,0.0058,0.6348
SPADES JACK DIAMONDS SIX,0.3644,0.016,0.6196
CLUBS FIVE SPADES SIX,0.531,0.0648,0.4042
HEARTS SIX HEARTS EIGHT,0.215,0.346,0.439
CLUBS TWO DIAMONDS TEN,0.3894,0.0302,0.5804
DIAMONDS THREE HEARTS NINE,0.3912,0.046,0.5628
DIAMONDS QUEEN CLUBS ACE,0.3428,0.0038,0.6534
DIAMONDS THREE CLUBS TWO,0.5858,0.07,0.3442
HEARTS SIX HEARTS TWO,0.5544,0.0686,0.377
HEARTS FIVE SPADES NINE,0.3344,0.0456,0.62
DIAMONDS ACE CLUBS KING,0.3396,0.004,0.6564
CLUBS SIX SPADES NINE,0.3322,0.0408,0.627
DIAMONDS JACK DIAMONDS NINE,0.3066,0.0152,0.6782
SPADES KING SPADES JACK,0.3134,0.0084,0.6782
DIAMONDS NINE DIAMONDS SEVEN,0.3236,0.0354,0.641
CLUBS TEN SPADES QUEEN,0.3228,0.011,0.6662
DIAMONDS JACK CLUBS JACK,0.1608,0.0376,0.8016
CLUBS NINE CLUBS THREE,0.3802,0.0426,0.5772
CLUBS EIGHT HEARTS KING,0.2518,0.0338,0.7144
DIAMONDS ACE CLUBS JACK,0.3334,0.0038,0.6628
CLUBS SIX DIAMONDS NINE,0.3442,0.0388,0.617
HEARTS THREE DIAMONDS JACK,0.4072,0.0172,0.5756
SPADES ACE CLUBS QUEEN,0.344,0.0048,0.6512
SPADES SIX CLUBS KING,0.3542,0.0078,0.638
DIAMONDS SEVEN HEARTS TEN,0.348,0.03,0.622
SPADES FOUR HEARTS EIGHT,0.0066,0.984,0.0094
HEARTS TWO HEARTS EIGHT,0.2584,0.4944,0.2472
DIAMONDS NINE CLUBS QUEEN,0.3416,0.0084,0.65
SPADES NINE CLUBS ACE,0.32,0.006,0.674
SPADES SEVEN CLUBS FOUR,0.622,0.1348,0.2432
HEARTS SIX HEARTS KING,0.3578,0.0066,0.6356
HEARTS SIX SPADES QUEEN,0.3574,0.015,0.6276
DIAMONDS TWO SPADES TWO,0.3688,0.109,0.5222
CLUBS EIGHT SPADES JACK,0.2368,0.053,0.7102
CLUBS TEN HEARTS ACE,0.3316,0.0036,0.6648
CLUBS FIVE DIAMONDS SIX,0.525,0.0632,0.4118
CLUBS KING DIAMONDS SIX,0.3634,0.0072,0.6294
CLUBS NINE CLUBS FOUR,0.244,0.1006,0.6554
CLUBS SEVEN CLUBS TWO,0.5516,0.0624,0.386
HEARTS TWO DIAMONDS FIVE,0.5638,0.0718,0.3644
CLUBS FIVE SPADES SEVEN,0.5282,0.0686,0.4032
DIAMONDS ACE SPADES SIX,0.3654,0.004,0.6306
HEARTS SIX DIAMONDS JACK,0.3624,0.0168,0.6208
DIAMONDS THREE DIAMONDS SEVEN,0.543,0.0632,0.3938
CLUBS SEVEN CLUBS THREE,0.54,0.0676,0.3924
HEARTS JACK HEARTS TEN,0.3048,0.0162,0.679
DIAMONDS KING HEARTS NINE,0.323,0.0058,0.6712
HEARTS FIVE DIAMONDS QUEEN,0.3726,0.0126,0.6148
HEARTS FIVE HEARTS QUEEN,0.3264,0.0142,0.6594
SPADES QUEEN HEARTS NINE,0.3156,0.014,0.6704
CLUBS THREE DIAMONDS QUEEN,0.4052,0.0122,0.5826
HEARTS THREE CLUBS TWO,0.594,0.0716,0.3344
DIAMONDS JACK DIAMONDS FIVE,0.3522,0.016,0.6318
HEARTS KING SPADES TWO,0.3934,0.0102,0.5964
CLUBS FOUR HEARTS QUEEN,0.2488,0.0428,0.7084
SPADES TEN DIAMONDS FOUR,0.2488,0.0762,0.675
SPADES FOUR CLUBS JACK,0.258,0.0584,0.6836
DIAMONDS NINE DIAMONDS FOUR,0.2288,0.1006,0.6706
CLUBS SIX HEARTS QUEEN,0.3604,0.0134,0.6262
DIAMONDS QUEEN DIAMONDS FOUR,0.2434,0.0418,0.7148
CLUBS EIGHT SPADES FOUR,0.0178,0.9738,0.0084
CLUBS SEVEN HEARTS JACK,0.3606,0.0172,0.6222
CLUBS TEN CLUBS QUEEN,0.3066,0.0104,0.683
SPADES ACE HEARTS NINE,0.3148,0.007,0.6782
DIAMONDS SIX CLUBS QUEEN,0.3588,0.0106,0.6306
CLUBS FOUR CLUBS KING,0.234,0.0318,0.7342
DIAMONDS THREE HEARTS FIVE,0.5564,0.0744,0.3692
CLUBS SIX HEARTS NINE,0.3374,0.0424,0.6202
SPADES QUEEN DIAMONDS ACE,0.3328,0.0046,0.6626
SPADES THREE HEARTS EIGHT,0.2784,0.513,0.2086
CLUBS SIX CLUBS FOUR,0.5606,0.1254,0.314
HEARTS FIVE SPADES FIVE,0.2542,0.0946,0.6512
CLUBS SIX DIAMONDS EIGHT,0.2206,0.3694,0.41
DIAMONDS ACE HEARTS QUEEN,0.3374,0.0052,0.6574
HEARTS SEVEN CLUBS FOUR,0.5912,0.1476,0.2612
DIAMONDS TEN HEARTS NINE,0.3016,0.023,0.6754
HEARTS SIX CLUBS TWO,0.5864,0.0734,0.3402
HEARTS SIX DIAMONDS EIGHT,0.2202,0.3642,0.4156
SPADES QUEEN SPADES JACK,0.3166,0.0108,0.6726
DIAMONDS JACK HEARTS EIGHT,0.225,0.059,0.716
SPADES SEVEN CLUBS KING,0.362,0.007,0.631
CLUBS SEVEN DIAMONDS TEN,0.3576,0.0256,0.6168
HEARTS THREE CLUBS FIVE,0.5618,0.0696,0.3686
DIAMONDS THREE SPADES FOUR,0.6072,0.1518,0.241
CLUBS EIGHT HEARTS JACK,0.2388,0.065,0.6962
HEARTS FIVE DIAMONDS FOUR,0.5734,0.1468,0.2798
HEARTS SIX DIAMONDS NINE,0.3432,0.0404,0.6164
SPADES THREE CLUBS JACK,0.4032,0.0184,0.5784
DIAMONDS SEVEN CLUBS QUEEN,0.3704,0.0102,0.6194
CLUBS THREE DIAMONDS FIVE,0.5612,0.0708,0.368
HEARTS KING HEARTS JACK,0.3148,0.0064,0.6788
DIAMONDS ACE DIAMONDS KING,0.3158,0.0038,0.6804
HEARTS SIX SPADES TEN,0.3488,0.0296,0.6216
CLUBS THREE SPADES TWO,0.5926,0.0718,0.3356
HEARTS JACK DIAMONDS FOUR,0.2536,0.0634,0.683
CLUBS EIGHT SPADES TWO,0.2784,0.5064,0.2152
DIAMONDS ACE DIAMONDS QUEEN,0.3246,0.0042,0.6712
SPADES ACE HEARTS JACK,0.3244,0.0064,0.6692
CLUBS SEVEN HEARTS ACE,0.362,0.0038,0.6342
HEARTS ACE SPADES TWO,0.3844,0.0064,0.6092
CLUBS FIVE HEARTS TEN,0.3554,0.0282,0.6164
CLUBS TEN CLUBS THREE,0.3798,0.0284,0.5918
CLUBS EIGHT DIAMONDS JACK,0.2408,0.0654,0.6938
SPADES ACE DIAMONDS SIX,0.3676,0.0038,0.6286
SPADES JACK HEARTS ACE,0.3264,0.004,0.6696
DIAMONDS KING SPADES FOUR,0.2446,0.0348,0.7206
CLUBS SIX DIAMONDS SEVEN,0.5178,0.0616,0.4206
SPADES NINE CLUBS FOUR,0.2512,0.1006,0.6482
HEARTS THREE SPADES FIVE,0.5594,0.0774,0.3632
DIAMONDS THREE CLUBS FIVE,0.5696,0.0646,0.3658
DIAMONDS TWO HEARTS THREE,0.5922,0.0734,0.3344
HEARTS TWO CLUBS QUEEN,0.4118,0.011,0.5772
DIAMONDS THREE HEARTS ACE,0.3782,0.0054,0.6164
HEARTS ACE CLUBS KING,0.3352,0.0024,0.6624
SPADES FIVE DIAMONDS NINE,0.352,0.0426,0.6054
DIAMONDS THREE HEARTS TEN,0.3898,0.0332,0.577
DIAMONDS KING SPADES FIVE,0.3772,0.0094,0.6134
SPADES THREE HEARTS JACK,0.4042,0.0236,0.5722
HEARTS TWO DIAMONDS SIX,0.587,0.0646,0.3484
HEARTS TEN CLUBS QUEEN,0.3248,0.0122,0.663
DIAMONDS TWO SPADES SIX,0.5734,0.0648,0.3618
DIAMONDS ACE SPADES TWO,0.3958,0.005,0.5992
DIAMONDS KING HEARTS KING,0.1502,0.0136,0.8362
DIAMONDS FIVE CLUBS JACK,0.3644,0.019,0.6166
SPADES SEVEN CLUBS ACE,0.357,0.005,0.638
CLUBS NINE DIAMONDS NINE,0.1486,0.0648,0.7866
DIAMONDS ACE DIAMONDS NINE,0.311,0.004,0.685
SPADES QUEEN DIAMONDS TEN,0.331,0.012,0.657
SPADES TEN SPADES THREE,0.388,0.0278,0.5842
SPADES NINE DIAMONDS KING,0.3358,0.0074,0.6568
HEARTS SIX SPADES NINE,0.3374,0.0492,0.6134
CLUBS SIX DIAMONDS ACE,0.3704,0.0036,0.626
DIAMONDS JACK CLUBS ACE,0.3438,0.0038,0.6524
DIAMONDS THREE HEARTS EIGHT,0.2626,0.507,0.2304
SPADES TWO HEARTS JACK,0.4086,0.0224,0.569
HEARTS TWO CLUBS JACK,0.3946,0.0216,0.5838
CLUBS FIVE DIAMONDS QUEEN,0.3654,0.0138,0.6208
HEARTS QUEEN DIAMONDS SEVEN,0.3626,0.0124,0.625
SPADES KING SPADES FOUR,0.2372,0.0322,0.7306
HEARTS SEVEN HEARTS TWO,0.5686,0.0594,0.372
CLUBS TEN CLUBS SIX,0.3376,0.0236,0.6388
CLUBS THREE DIAMONDS JACK,0.4102,0.0182,0.5716
SPADES ACE SPADES FIVE,0.3306,0.0058,0.6636
HEARTS SEVEN HEARTS KING,0.3518,0.0106,0.6376
CLUBS SIX CLUBS JACK,0.3486,0.0184,0.633
CLUBS TEN HEARTS JACK,0.3114,0.0144,0.6742
CLUBS EIGHT CLUBS SEVEN,0.2096,0.288,0.5024
DIAMONDS QUEEN HEARTS EIGHT,0.2442,0.0508,0.705
DIAMONDS SEVEN HEARTS EIGHT,0.2106,0.2948,0.4946
CLUBS SEVEN SPADES SIX,0.5252,0.0644,0.4104
CLUBS THREE DIAMONDS NINE,0.398,0.0438,0.5582
HEARTS TWO HEARTS NINE,0.379,0.0398,0.5812
SPADES ACE CLUBS EIGHT,0.2356,0.0286,0.7358
HEARTS FIVE DIAMONDS FIVE,0.2676,0.0902,0.6422
SPADES JACK DIAMONDS JACK,0.1462,0.0404,0.8134
DIAMONDS THREE DIAMONDS NINE,0.3658,0.0376,0.5966
SPADES FIVE HEARTS NINE,0.3482,0.0474,0.6044
SPADES TEN SPADES TWO,0.3778,0.0298,0.5924
HEARTS KING DIAMONDS EIGHT,0.2446,0.0324,0.723
DIAMONDS THREE CLUBS SEVEN,0.5706,0.066,0.3634
SPADES SEVEN DIAMONDS QUEEN,0.3574,0.0134,0.6292
CLUBS NINE DIAMONDS FIVE,0.3546,0.0458,0.5996
SPADES ACE CLUBS TEN,0.322,0.0046,0.6734
DIAMONDS NINE CLUBS ACE,0.331,0.0036,0.6654
SPADES TEN CLUBS KING,0.3292,0.0084,0.6624
HEARTS TWO HEARTS ACE,0.3776,0.005,0.6174
DIAMONDS EIGHT HEARTS JACK,0.2374,0.0646,0.698
SPADES TEN DIAMONDS QUEEN,0.3304,0.01,0.6596
HEARTS QUEEN CLUBS ACE,0.3364,0.0046,0.659
HEARTS THREE DIAMONDS EIGHT,0.2832,0.5012,0.2156
DIAMONDS QUEEN CLUBS JACK,0.3248,0.0096,0.6656
HEARTS TWO HEARTS QUEEN,0.3946,0.0156,0.5898
DIAMONDS ACE SPADES SEVEN,0.3642,0.003,0.6328
CLUBS FOUR CLUBS QUEEN,0.2444,0.0402,0.7154
HEARTS SEVEN CLUBS NINE,0.323,0.0454,0.6316
CLUBS FOUR DIAMONDS FIVE,0.5714,0.1428,0.2858
DIAMONDS TEN HEARTS QUEEN,0.3284,0.0086,0.663
HEARTS THREE DIAMONDS SIX,0.581,0.068,0.351
SPADES JACK SPADES SIX,0.351,0.0182,0.6308
CLUBS SEVEN SPADES TEN,0.3368,0.0228,0.6404
HEARTS KING DIAMONDS SIX,0.3556,0.0098,0.6346
CLUBS SIX DIAMONDS QUEEN,0.3684,0.0116,0.62
HEARTS THREE HEARTS KING,0.3968,0.0098,0.5934
SPADES ACE SPADES SIX,0.3464,0.0046,0.649
HEARTS SEVEN DIAMONDS KING,0.3648,0.009,0.6262
CLUBS TEN DIAMONDS ACE,0.346,0.003,0.651
CLUBS FIVE DIAMONDS NINE,0.343,0.0394,0.6176
CLUBS THREE HEARTS QUEEN,0.3972,0.0124,0.5904
SPADES KING CLUBS SIX,0.3598,0.0076,0.6326
CLUBS FIVE DIAMONDS FIVE,0.2624,0.0914,0.6462
HEARTS THREE SPADES THREE,0.3686,0.1072,0.5242
CLUBS NINE HEARTS JACK,0.3128,0.018,0.6692
CLUBS EIGHT DIAMONDS SEVEN,0.207,0.293,0.5
DIAMONDS NINE HEARTS TEN,0.3048,0.0216,0.6736
SPADES ACE SPADES SEVEN,0.3398,0.005,0.6552
DIAMONDS KING SPADES SIX,0.368,0.0078,0.6242
CLUBS FIVE DIAMONDS ACE,0.3532,0.0032,0.6436
DIAMONDS THREE CLUBS NINE,0.407,0.04,0.553
DIAMONDS TWO DIAMONDS QUEEN,0.3816,0.0136,0.6048
HEARTS SIX SPADES FOUR,0.602,0.1408,0.2572
SPADES FOUR DIAMONDS EIGHT,0.0156,0.9736,0.0108
HEARTS SEVEN HEARTS NINE,0.3192,0.0388,0.642
CLUBS EIGHT SPADES THREE,0.2728,0.5114,0.2158
SPADES ACE SPADES NINE,0.3218,0.0056,0.6726
CLUBS SIX HEARTS JACK,0.3546,0.0164,0.629
DIAMONDS KING CLUBS THREE,0.4,0.009,0.591
SPADES FIVE HEARTS JACK,0.3592,0.0218,0.619
DIAMONDS THREE SPADES JACK,0.4024,0.0202,0.5774
SPADES THREE DIAMONDS EIGHT,0.2812,0.504,0.2148
CLUBS NINE HEARTS KING,0.328,0.008,0.664
HEARTS FIVE SPADES SIX,0.5172,0.0694,0.4134
SPADES KING CLUBS EIGHT,0.241,0.0356,0.7234
CLUBS SEVEN CLUBS SIX,0.4784,0.0604,0.4612
CLUBS NINE HEARTS THREE,0.3998,0.0438,0.5564
HEARTS SIX CLUBS SEVEN,0.5178,0.0644,0.4178
DIAMONDS QUEEN DIAMONDS JACK,0.3034,0.0076,0.689
CLUBS NINE HEARTS EIGHT,0.2224,0.107,0.6706
SPADES JACK HEARTS THREE,0.3992,0.0246,0.5762
SPADES ACE HEARTS SIX,0.355,0.003,0.642
CLUBS SIX SPADES TWO,0.5804,0.0726,0.347
CLUBS FIVE CLUBS KING,0.3506,0.0076,0.6418
CLUBS NINE HEARTS NINE,0.1488,0.0584,0.7928
SPADES ACE SPADES FOUR,0.2362,0.0202,0.7436
HEARTS TWO DIAMONDS KING,0.404,0.0072,0.5888
SPADES TEN SPADES FIVE,0.3484,0.028,0.6236
CLUBS TWO DIAMONDS EIGHT,0.2848,0.501,0.2142
SPADES QUEEN SPADES NINE,0.3152,0.0128,0.672
HEARTS SIX DIAMONDS SEVEN,0.5228,0.0624,0.4148
CLUBS TEN SPADES SIX,0.353,0.0298,0.6172
HEARTS ACE CLUBS QUEEN,0.3368,0.0056,0.6576
DIAMONDS THREE CLUBS ACE,0.3966,0.0032,0.6002
CLUBS SIX CLUBS QUEEN,0.332,0.0124,0.6556
DIAMONDS QUEEN SPADES FIVE,0.3562,0.013,0.6308
CLUBS TWO HEARTS JACK,0.4058,0.018,0.5762
SPADES SEVEN HEARTS NINE,0.3242,0.0432,0.6326
HEARTS ACE CLUBS JACK,0.3382,0.0036,0.6582
SPADES SIX HEARTS EIGHT,0.2102,0.3824,0.4074
DIAMONDS TWO CLUBS SEVEN,0.601,0.0662,0.3328
CLUBS SIX CLUBS KING,0.349,0.0068,0.6442
DIAMONDS KING DIAMONDS SEVEN,0.3344,0.0096,0.656
HEARTS TEN HEARTS EIGHT,0.2318,0.075,0.6932
HEARTS SIX SPADES SIX,0.2576,0.0884,0.654
DIAMONDS THREE CLUBS KING,0.3892,0.0092,0.6016
SPADES FOUR DIAMONDS SIX,0.6222,0.1278,0.25
CLUBS FOUR HEARTS NINE,0.2474,0.1068,0.6458
CLUBS NINE DIAMONDS SIX,0.3418,0.042,0.6162
CLUBS JACK DIAMONDS FOUR,0.2596,0.0596,0.6808
SPADES QUEEN CLUBS QUEEN,0.1488,0.0272,0.824
CLUBS TEN SPADES FOUR,0.2582,0.077,0.6648
SPADES ACE HEARTS TEN,0.3398,0.0056,0.6546
CLUBS FIVE HEARTS QUEEN,0.3628,0.0136,0.6236
SPADES SIX DIAMONDS QUEEN,0.374,0.0132,0.6128
CLUBS TWO DIAMONDS SEVEN,0.5864,0.0702,0.3434
SPADES THREE DIAMONDS FIVE,0.5606,0.0698,0.3696
SPADES QUEEN CLUBS ACE,0.3356,0.003,0.6614
DIAMONDS EIGHT CLUBS KING,0.2646,0.0324,0.703
HEARTS ACE HEARTS JACK,0.3232,0.0042,0.6726
HEARTS TWO SPADES THREE,0.6,0.0736,0.3264
SPADES QUEEN HEARTS THREE,0.418,0.0136,0.5684
CLUBS NINE SPADES JACK,0.309,0.0194,0.6716
SPADES FIVE HEARTS TEN,0.3608,0.0272,0.612
SPADES NINE HEARTS EIGHT,0.2094,0.1128,0.6778
SPADES SEVEN CLUBS JACK,0.3592,0.0186,0.6222
HEARTS ACE DIAMONDS EIGHT,0.2198,0.0312,0.749
DIAMONDS THREE SPADES SIX,0.5824,0.0638,0.3538
HEARTS SIX DIAMONDS FIVE,0.5064,0.0726,0.421
SPADES ACE DIAMONDS JACK,0.3428,0.0046,0.6526
DIAMONDS TWO HEARTS KING,0.406,0.0124,0.5816
DIAMONDS KING DIAMONDS EIGHT,0.2268,0.033,0.7402
CLUBS EIGHT CLUBS FOUR,0.0184,0.9058,0.0758
HEARTS TWO DIAMONDS ACE,0.3958,0.0044,0.5998
SPADES KING DIAMONDS SEVEN,0.3658,0.0084,0.6258
SPADES FIVE SPADES TWO,0.5522,0.067,0.3808
CLUBS SEVEN SPADES FIVE,0.5396,0.062,0.3984
CLUBS ACE CLUBS QUEEN,0.322,0.0036,0.6744
HEARTS EIGHT DIAMONDS FOUR,0.0122,0.9728,0.015
CLUBS EIGHT HEARTS QUEEN,0.2316,0.0484,0.72
DIAMONDS TWO DIAMONDS KING,0.3768,0.0086,0.6146
CLUBS QUEEN HEARTS EIGHT,0.2534,0.05,0.6966
CLUBS TEN CLUBS EIGHT,0.231,0.0808,0.6882
DIAMONDS KING DIAMONDS FIVE,0.3322,0.0084,0.6594
CLUBS NINE HEARTS ACE,0.3312,0.0044,0.6644
CLUBS FOUR SPADES FIVE,0.5716,0.1556,0.2728
SPADES SEVEN DIAMONDS KING,0.3744,0.0064,0.6192
SPADES SIX CLUBS JACK,0.3818,0.016,0.6022
CLUBS EIGHT DIAMONDS KING,0.254,0.0366,0.7094
HEARTS SEVEN CLUBS SEVEN,0.2518,0.0812,0.667
CLUBS NINE SPADES THREE,0.4116,0.0472,0.5412
HEARTS QUEEN HEARTS EIGHT,0.2452,0.0474,0.7074
SPADES KING SPADES SIX,0.3388,0.0084,0.6528
HEARTS SEVEN HEARTS EIGHT,0.222,0.2826,0.4954
SPADES ACE DIAMONDS SEVEN,0.3578,0.0038,0.6384
SPADES SEVEN DIAMONDS TEN,0.3426,0.0246,0.6328
CLUBS SIX DIAMONDS JACK,0.3768,0.0154,0.6078
SPADES QUEEN CLUBS FOUR,0.2556,0.0488,0.6956
DIAMONDS SIX DIAMONDS FOUR,0.554,0.1316,0.3144
SPADES TEN DIAMONDS NINE,0.3018,0.0224,0.6758
SPADES ACE DIAMONDS NINE,0.3198,0.0056,0.6746
CLUBS NINE DIAMONDS KING,0.3448,0.0096,0.6456
DIAMONDS SIX DIAMONDS FIVE,0.4862,0.064,0.4498
SPADES JACK HEARTS KING,0.3296,0.006,0.6644
HEARTS FIVE DIAMONDS JACK,0.366,0.0178,0.6162
HEARTS SEVEN CLUBS EIGHT,0.2134,0.288,0.4986
CLUBS SEVEN HEARTS THREE,0.5766,0.0658,0.3576
CLUBS SIX SPADES SEVEN,0.524,0.0702,0.4058
HEARTS SIX DIAMONDS SIX,0.2596,0.085,0.6554
DIAMONDS TWO DIAMONDS NINE,0.3846,0.0394,0.576
SPADES JACK SPADES TEN,0.2998,0.015,0.6852
DIAMONDS THREE CLUBS JACK,0.4058,0.0196,0.5746
DIAMONDS ACE CLUBS THREE,0.3872,0.0038,0.609
SPADES TEN SPADES SIX,0.335,0.0264,0.6386
CLUBS SEVEN DIAMONDS SIX,0.5158,0.0732,0.411
CLUBS FIVE HEARTS NINE,0.3458,0.0466,0.6076
HEARTS TEN DIAMONDS FOUR,0.24,0.0722,0.6878
CLUBS SIX CLUBS TWO,0.554,0.0562,0.3898
CLUBS EIGHT SPADES NINE,0.2188,0.0992,0.682
DIAMONDS QUEEN HEARTS QUEEN,0.1526,0.023,0.8244
DIAMONDS ACE CLUBS ACE,0.1476,0.0032,0.8492
HEARTS TWO DIAMONDS JACK,0.3976,0.019,0.5834
CLUBS SIX DIAMONDS FOUR,0.5986,0.1444,0.257
DIAMONDS THREE DIAMONDS TEN,0.3792,0.027,0.5938
SPADES SIX DIAMONDS FIVE,0.5276,0.0626,0.4098
SPADES NINE DIAMONDS SIX,0.3328,0.0386,0.6286
SPADES FOUR CLUBS QUEEN,0.2572,0.0426,0.7002
HEARTS SEVEN HEARTS FIVE,0.4902,0.0668,0.443
SPADES ACE CLUBS THREE,0.3954,0.004,0.6006
SPADES QUEEN SPADES FIVE,0.3358,0.0154,0.6488
SPADES ACE DIAMONDS THREE,0.3854,0.005,0.6096
HEARTS FIVE CLUBS SEVEN,0.5252,0.0674,0.4074
HEARTS JACK DIAMONDS SIX,0.3752,0.0204,0.6044
SPADES ACE HEARTS ACE,0.1272,0.005,0.8678
DIAMONDS ACE DIAMONDS EIGHT,0.2134,0.025,0.7616
SPADES JACK DIAMONDS FIVE,0.3626,0.0212,0.6162
CLUBS THREE HEARTS NINE,0.3952,0.0426,0.5622
HEARTS SIX HEARTS TEN,0.3436,0.02,0.6364
SPADES FOUR SPADES TWO,0.5706,0.1362,0.2932
CLUBS TEN HEARTS QUEEN,0.3172,0.0102,0.6726
CLUBS SEVEN SPADES THREE,0.5814,0.0642,0.3544
CLUBS NINE CLUBS EIGHT,0.2136,0.1074,0.679
SPADES TEN HEARTS EIGHT,0.2306,0.0832,0.6862
HEARTS SIX CLUBS SIX,0.2446,0.0924,0.663
DIAMONDS FIVE HEARTS EIGHT,0.2168,0.4602,0.323
SPADES JACK CLUBS QUEEN,0.3388,0.0084,0.6528
SPADES JACK DIAMONDS TEN,0.3032,0.0162,0.6806
SPADES TEN DIAMONDS FIVE,0.351,0.0292,0.6198
CLUBS EIGHT HEARTS NINE,0.221,0.1018,0.6772
SPADES KING HEARTS TEN,0.3258,0.0072,0.667
HEARTS SEVEN SPADES NINE,0.3334,0.0366,0.63
HEARTS QUEEN CLUBS JACK,0.3216,0.0108,0.6676
DIAMONDS JACK SPADES THREE,0.395,0.023,0.582
SPADES ACE CLUBS SEVEN,0.3598,0.005,0.6352
CLUBS NINE CLUBS KING,0.3114,0.0074,0.6812
CLUBS NINE HEARTS TWO,0.4,0.045,0.555
CLUBS FOUR DIAMONDS JACK,0.2448,0.059,0.6962
SPADES TWO HEARTS QUEEN,0.3936,0.0164,0.59
CLUBS SEVEN CLUBS FOUR,0.567,0.136,0.297
CLUBS FOUR DIAMONDS SEVEN,0.5996,0.1426,0.2578
CLUBS NINE DIAMONDS ACE,0.3356,0.004,0.6604
SPADES KING HEARTS FIVE,0.351,0.0088,0.6402
CLUBS SIX CLUBS THREE,0.5254,0.071,0.4036
SPADES KING CLUBS THREE,0.401,0.01,0.589
DIAMONDS JACK DIAMONDS SEVEN,0.355,0.0156,0.6294
HEARTS TWO SPADES SIX,0.5848,0.0684,0.3468
SPADES THREE DIAMONDS SIX,0.5822,0.0684,0.3494
HEARTS SEVEN HEARTS QUEEN,0.3438,0.0126,0.6436
SPADES KING DIAMONDS FIVE,0.3454,0.009,0.6456
HEARTS SIX SPADES JACK,0.3546,0.0204,0.625
CLUBS NINE CLUBS QUEEN,0.3088,0.0104,0.6808
SPADES SIX DIAMONDS FOUR,0.592,0.1458,0.2622
SPADES FIVE DIAMONDS TEN,0.3744,0.027,0.5986
CLUBS FOUR HEARTS TEN,0.2372,0.0794,0.6834
SPADES SIX HEARTS KING,0.3628,0.0086,0.6286
DIAMONDS TWO HEARTS TEN,0.3992,0.0274,0.5734
CLUBS EIGHT HEARTS ACE,0.2374,0.0296,0.733
SPADES SIX DIAMONDS SIX,0.2668,0.0826,0.6506
CLUBS EIGHT SPADES FIVE,0.2132,0.4648,0.322
SPADES TWO CLUBS KING,0.3986,0.0096,0.5918
SPADES KING SPADES THREE,0.3802,0.0092,0.6106
SPADES TEN SPADES FOUR,0.2522,0.0756,0.6722
HEARTS SEVEN CLUBS QUEEN,0.3746,0.012,0.6134
DIAMONDS NINE HEARTS NINE,0.1604,0.0642,0.7754
DIAMONDS THREE SPADES TWO,0.595,0.07,0.335
HEARTS FIVE SPADES JACK,0.3528,0.0212,0.626
HEARTS KING CLUBS KING,0.1416,0.0146,0.8438
CLUBS NINE DIAMONDS TWO,0.3928,0.0414,0.5658
SPADES QUEEN SPADES TEN,0.301,0.0102,0.6888
SPADES SEVEN SPADES FOUR,0.5758,0.1426,0.2816
CLUBS TWO CLUBS KING,0.372,0.0072,0.6208
DIAMONDS THREE SPADES FIVE,0.5626,0.0678,0.3696
HEARTS THREE SPADES TWO,0.5998,0.069,0.3312
CLUBS EIGHT SPADES SEVEN,0.218,0.2976,0.4844
SPADES TWO DIAMONDS EIGHT,0.2814,0.5034,0.2152
SPADES QUEEN HEARTS ACE,0.3274,0.0054,0.6672
CLUBS EIGHT SPADES TEN,0.2344,0.0878,0.6778
HEARTS THREE DIAMONDS KING,0.397,0.008,0.595
SPADES SIX HEARTS NINE,0.3442,0.0452,0.6106
HEARTS THREE DIAMONDS ACE,0.3918,0.0042,0.604
CLUBS NINE DIAMONDS QUEEN,0.3286,0.0104,0.661
CLUBS FOUR HEARTS EIGHT,0.0116,0.972,0.0164
CLUBS FOUR DIAMONDS TEN,0.2528,0.0752,0.672
DIAMONDS THREE HEARTS SIX,0.5598,0.068,0.3722
CLUBS SIX SPADES FOUR,0.5974,0.1464,0.2562
CLUBS EIGHT CLUBS QUEEN,0.229,0.0498,0.7212
HEARTS QUEEN CLUBS QUEEN,0.15,0.0318,0.8182
CLUBS KING DIAMONDS FIVE,0.37,0.0084,0.6216
HEARTS TWO DIAMONDS NINE,0.403,0.0454,0.5516
HEARTS FIVE DIAMONDS SEVEN,0.523,0.069,0.408
SPADES JACK DIAMONDS FOUR,0.2522,0.06,0.6878
HEARTS ACE HEARTS TEN,0.3104,0.0044,0.6852
SPADES SEVEN SPADES THREE,0.5632,0.0646,0.3722
DIAMONDS TWO DIAMONDS SEVEN,0.5634,0.0658,0.3708
SPADES ACE CLUBS FOUR,0.2524,0.0156,0.732
SPADES KING HEARTS EIGHT,0.2274,0.037,0.7356
HEARTS THREE SPADES SEVEN,0.594,0.0658,0.3402
SPADES KING DIAMONDS KING,0.1396,0.0144,0.846
DIAMONDS QUEEN SPADES FOUR,0.246,0.0436,0.7104
HEARTS SIX SPADES THREE,0.5706,0.074,0.3554
HEARTS SEVEN CLUBS KING,0.3612,0.008,0.6308
HEARTS KING DIAMONDS SEVEN,0.3634,0.0084,0.6282
DIAMONDS TWO DIAMONDS TEN,0.372,0.0298,0.5982
HEARTS TWO CLUBS ACE,0.3936,0.0034,0.603
CLUBS NINE SPADES TWO,0.4052,0.041,0.5538
SPADES SEVEN DIAMONDS SEVEN,0.26,0.0812,0.6588
CLUBS ACE HEARTS TEN,0.3246,0.0044,0.671
CLUBS ACE HEARTS NINE,0.3386,0.0044,0.657
CLUBS TEN DIAMONDS TWO,0.4028,0.0252,0.572
HEARTS SEVEN DIAMONDS TWO,0.5958,0.0658,0.3384
SPADES ACE DIAMONDS ACE,0.137,0.0046,0.8584
CLUBS TEN HEARTS SIX,0.3642,0.0314,0.6044
SPADES ACE HEARTS EIGHT,0.2218,0.0278,0.7504
CLUBS ACE CLUBS JACK,0.3148,0.0048,0.6804
SPADES KING CLUBS KING,0.1412,0.016,0.8428
CLUBS ACE DIAMONDS SEVEN,0.3558,0.0026,0.6416
CLUBS NINE DIAMONDS FOUR,0.2526,0.1024,0.645
SPADES SEVEN HEARTS JACK,0.349,0.017,0.634
HEARTS THREE HEARTS TWO,0.5616,0.0662,0.3722
SPADES KING CLUBS SEVEN,0.3734,0.0098,0.6168
HEARTS THREE HEARTS NINE,0.39,0.043,0.567
CLUBS THREE DIAMONDS SEVEN,0.589,0.0712,0.3398
DIAMONDS TWO DIAMONDS FIVE,0.5298,0.065,0.4052
DIAMONDS SEVEN DIAMONDS FOUR,0.564,0.141,0.295
SPADES FIVE DIAMONDS EIGHT,0.2232,0.4494,0.3274
SPADES TWO HEARTS NINE,0.3858,0.0494,0.5648
HEARTS NINE DIAMONDS FOUR,0.242,0.1164,0.6416
CLUBS SIX DIAMONDS SIX,0.2646,0.0886,0.6468
HEARTS FIVE HEARTS JACK,0.3278,0.0198,0.6524
DIAMONDS KING DIAMONDS NINE,0.3184,0.006,0.6756
CLUBS TWO DIAMONDS FIVE,0.5678,0.071,0.3612
SPADES KING HEARTS QUEEN,0.3332,0.0066,0.6602
HEARTS SIX CLUBS THREE,0.567,0.0696,0.3634
CLUBS SEVEN DIAMONDS JACK,0.371,0.0152,0.6138
SPADES QUEEN DIAMONDS SEVEN,0.3674,0.0106,0.622
SPADES TEN CLUBS FIVE,0.354,0.029,0.617
DIAMONDS ACE DIAMONDS JACK,0.3074,0.0044,0.6882
DIAMONDS THREE DIAMONDS FOUR,0.5506,0.1474,0.302
SPADES JACK SPADES NINE,0.3136,0.0146,0.6718
SPADES THREE HEARTS NINE,0.3972,0.0472,0.5556
DIAMONDS QUEEN SPADES TWO,0.401,0.0158,0.5832
DIAMONDS JACK HEARTS TEN,0.314,0.0134,0.6726
CLUBS TEN HEARTS EIGHT,0.2272,0.0828,0.69
SPADES FIVE CLUBS ACE,0.357,0.005,0.638
SPADES KING DIAMONDS FOUR,0.2504,0.0324,0.7172
HEARTS QUEEN DIAMONDS SIX,0.351,0.0118,0.6372
DIAMONDS TEN DIAMONDS NINE,0.296,0.02,0.684
CLUBS EIGHT HEARTS FIVE,0.2076,0.4554,0.337
DIAMONDS TWO CLUBS ACE,0.3892,0.0046,0.6062
HEARTS SEVEN SPADES SEVEN,0.2562,0.0824,0.6614
CLUBS TEN SPADES NINE,0.2986,0.0286,0.6728
HEARTS THREE CLUBS THREE,0.37,0.0976,0.5324
HEARTS ACE SPADES THREE,0.3952,0.0062,0.5986
CLUBS THREE CLUBS JACK,0.3668,0.0202,0.613
SPADES QUEEN HEARTS FIVE,0.3426,0.0132,0.6442
HEARTS SEVEN DIAMONDS ACE,0.3602,0.0048,0.635
SPADES TWO DIAMONDS FIVE,0.5668,0.065,0.3682
HEARTS FIVE DIAMONDS ACE,0.346,0.005,0.649
SPADES SIX CLUBS TWO,0.5878,0.072,0.3402
CLUBS THREE CLUBS KING,0.366,0.0078,0.6262
CLUBS SEVEN DIAMONDS ACE,0.3586,0.0024,0.639
CLUBS QUEEN CLUBS JACK,0.3086,0.0102,0.6812
HEARTS THREE CLUBS JACK,0.4062,0.0224,0.5714
HEARTS SEVEN DIAMONDS SEVEN,0.2524,0.0832,0.6644
CLUBS FIVE SPADES TWO,0.576,0.0668,0.3572
SPADES KING CLUBS NINE,0.3264,0.007,0.6666
SPADES NINE DIAMONDS SEVEN,0.3242,0.04,0.6358
HEARTS ACE DIAMONDS FIVE,0.3622,0.0044,0.6334
DIAMONDS TEN DIAMONDS SIX,0.3316,0.0268,0.6416
CLUBS TEN DIAMONDS JACK,0.3324,0.0164,0.6512
CLUBS EIGHT DIAMONDS FIVE,0.2152,0.449,0.3358
HEARTS SIX DIAMONDS QUEEN,0.3604,0.0118,0.6278
SPADES ACE SPADES THREE,0.3686,0.006,0.6254
CLUBS TEN CLUBS KING,0.3118,0.0066,0.6816
CLUBS FIVE CLUBS THREE,0.522,0.0658,0.4122
DIAMONDS TWO CLUBS FOUR,0.603,0.1406,0.2564
HEARTS SIX HEARTS NINE,0.3236,0.0374,0.639
DIAMONDS THREE DIAMONDS SIX,0.5426,0.06,0.3974
SPADES JACK DIAMONDS SEVEN,0.3612,0.0182,0.6206
CLUBS SEVEN CLUBS QUEEN,0.3376,0.0148,0.6476
CLUBS THREE DIAMONDS SIX,0.5792,0.0612,0.3596
HEARTS THREE HEARTS EIGHT,0.2592,0.492,0.2488
CLUBS TWO HEARTS KING,0.3994,0.0102,0.5904
CLUBS NINE HEARTS QUEEN,0.3226,0.0116,0.6658
CLUBS KING HEARTS EIGHT,0.2304,0.0386,0.731
DIAMONDS TWO SPADES FIVE,0.5734,0.07,0.3566
HEARTS SEVEN SPADES FOUR,0.6062,0.1394,0.2544
DIAMONDS NINE HEARTS EIGHT,0.2132,0.114,0.6728
SPADES JACK DIAMONDS NINE,0.3058,0.0176,0.6766
HEARTS FIVE CLUBS THREE,0.5624,0.0686,0.369
DIAMONDS KING HEARTS TEN,0.3274,0.0074,0.6652
DIAMONDS KING DIAMONDS JACK,0.3174,0.0066,0.676
HEARTS SEVEN SPADES TEN,0.3396,0.0266,0.6338
SPADES TWO HEARTS EIGHT,0.2708,0.5066,0.2226
CLUBS SIX DIAMONDS TEN,0.36,0.0266,0.6134
SPADES FIVE DIAMONDS JACK,0.3696,0.0212,0.6092
SPADES JACK CLUBS FOUR,0.2546,0.0612,0.6842
DIAMONDS THREE DIAMONDS JACK,0.376,0.019,0.605
DIAMONDS ACE CLUBS QUEEN,0.3448,0.0038,0.6514
DIAMONDS TEN SPADES THREE,0.4126,0.0324,0.555
DIAMONDS EIGHT DIAMONDS SEVEN,0.2064,0.2778,0.5158
CLUBS EIGHT CLUBS THREE,0.2692,0.4718,0.259
CLUBS FIVE CLUBS JACK,0.3362,0.0166,0.6472
CLUBS SEVEN CLUBS FIVE,0.4938,0.0606,0.4456
DIAMONDS EIGHT CLUBS JACK,0.2392,0.057,0.7038
CLUBS FIVE CLUBS ACE,0.3348,0.0054,0.6598
CLUBS TWO CLUBS QUEEN,0.3898,0.0104,0.5998
HEARTS TWO DIAMONDS FOUR,0.6046,0.1476,0.2478
HEARTS SEVEN CLUBS THREE,0.5876,0.0678,0.3446
CLUBS TEN HEARTS NINE,0.3042,0.0228,0.673
SPADES ACE SPADES TEN,0.3184,0.0034,0.6782
HEARTS JACK HEARTS EIGHT,0.2378,0.0584,0.7038
DIAMONDS ACE HEARTS KING,0.3268,0.003,0.6702
SPADES SEVEN HEARTS TEN,0.3454,0.0266,0.628
DIAMONDS THREE CLUBS THREE,0.3666,0.1052,0.5282
SPADES QUEEN HEARTS JACK,0.326,0.0126,0.6614
HEARTS JACK CLUBS QUEEN,0.3258,0.0108,0.6634
CLUBS TEN CLUBS SEVEN,0.3244,0.0252,0.6504
CLUBS TEN DIAMONDS KING,0.3242,0.0054,0.6704
CLUBS EIGHT SPADES SIX,0.2184,0.3738,0.4078
DIAMONDS KING CLUBS KING,0.147,0.0146,0.8384
DIAMONDS TWO SPADES SEVEN,0.6042,0.066,0.3298
HEARTS TWO CLUBS THREE,0.591,0.0708,0.3382
SPADES NINE CLUBS FIVE,0.3382,0.0478,0.614
SPADES ACE DIAMONDS TWO,0.3952,0.0048,0.6
CLUBS TEN DIAMONDS THREE,0.4028,0.0254,0.5718
SPADES SIX HEARTS ACE,0.376,0.0046,0.6194
CLUBS TEN CLUBS JACK,0.2972,0.0126,0.6902
HEARTS JACK CLUBS KING,0.3384,0.0052,0.6564
SPADES KING CLUBS FIVE,0.3698,0.0062,0.624
HEARTS SIX CLUBS EIGHT,0.2186,0.3612,0.4202
CLUBS FOUR HEARTS KING,0.2444,0.0302,0.7254
HEARTS QUEEN CLUBS KING,0.3264,0.006,0.6676
SPADES JACK CLUBS THREE,0.406,0.0234,0.5706
SPADES FOUR HEARTS TEN,0.2424,0.083,0.6746
CLUBS EIGHT HEARTS EIGHT,0.088,0.0846,0.8274
DIAMONDS THREE SPADES NINE,0.4012,0.0456,0.5532
SPADES SEVEN HEARTS KING,0.352,0.009,0.639
HEARTS SEVEN CLUBS ACE,0.3606,0.0044,0.635
CLUBS SEVEN CLUBS JACK,0.3366,0.0222,0.6412
DIAMONDS THREE CLUBS EIGHT,0.2752,0.5176,0.2072
CLUBS SIX DIAMONDS KING,0.3642,0.0066,0.6292
HEARTS QUEEN HEARTS JACK,0.3042,0.0072,0.6886
HEARTS SEVEN DIAMONDS EIGHT,0.2178,0.2962,0.486
CLUBS SEVEN SPADES SEVEN,0.2464,0.0768,0.6768
SPADES NINE CLUBS KING,0.3338,0.009,0.6572
HEARTS SIX CLUBS FOUR,0.5966,0.1486,0.2548
HEARTS SIX DIAMONDS TWO,0.5838,0.0708,0.3454
CLUBS TWO HEARTS EIGHT,0.268,0.5212,0.2108
HEARTS KING HEARTS QUEEN,0.3338,0.0064,0.6598
CLUBS TWO HEARTS NINE,0.4004,0.0464,0.5532
SPADES NINE SPADES THREE,0.367,0.0454,0.5876
SPADES JACK CLUBS FIVE,0.3602,0.02,0.6198
SPADES NINE DIAMONDS ACE,0.3266,0.0062,0.6672
CLUBS QUEEN HEARTS NINE,0.3222,0.0122,0.6656
HEARTS FIVE HEARTS THREE,0.5256,0.0654,0.409
HEARTS FIVE DIAMONDS SIX,0.5198,0.0678,0.4124
SPADES ACE CLUBS FIVE,0.3346,0.0046,0.6608
HEARTS QUEEN HEARTS TEN,0.3072,0.0078,0.685
SPADES SEVEN CLUBS TWO,0.5994,0.0662,0.3344
SPADES SIX DIAMONDS EIGHT,0.2166,0.375,0.4084
SPADES ACE DIAMONDS QUEEN,0.3378,0.0048,0.6574
HEARTS SEVEN SPADES KING,0.342,0.0076,0.6504
CLUBS TEN SPADES THREE,0.4072,0.0248,0.568
DIAMONDS TWO CLUBS SIX,0.5794,0.0678,0.3528
SPADES NINE SPADES SEVEN,0.3284,0.0356,0.636
CLUBS TEN CLUBS TWO,0.3732,0.0264,0.6004
SPADES QUEEN SPADES FOUR,0.2472,0.042,0.7108
CLUBS TWO DIAMONDS SIX,0.5936,0.0654,0.341
SPADES ACE HEARTS KING,0.3248,0.003,0.6722
CLUBS TWO SPADES THREE,0.5854,0.0728,0.3418
HEARTS TEN CLUBS JACK,0.3202,0.014,0.6658
CLUBS SEVEN CLUBS KING,0.3432,0.0094,0.6474
CLUBS TWO DIAMONDS FOUR,0.5782,0.1522,0.2696
DIAMONDS KING DIAMONDS FOUR,0.234,0.0308,0.7352
CLUBS EIGHT HEARTS TEN,0.227,0.0824,0.6906
DIAMONDS QUEEN HEARTS ACE,0.3298,0.0038,0.6664
DIAMONDS QUEEN HEARTS JACK,0.3316,0.0118,0.6566
DIAMONDS NINE DIAMONDS FIVE,0.3236,0.0358,0.6406
CLUBS TEN DIAMONDS SEVEN,0.36,0.0288,0.6112
DIAMONDS TWO CLUBS THREE,0.5952,0.0632,0.3416
CLUBS TEN SPADES KING,0.3336,0.0066,0.6598
SPADES NINE CLUBS THREE,0.3968,0.0386,0.5646
HEARTS SIX SPADES SEVEN,0.516,0.065,0.419
DIAMONDS THREE SPADES SEVEN,0.5828,0.0696,0.3476
CLUBS THREE HEARTS ACE,0.3936,0.0052,0.6012
HEARTS SIX HEARTS THREE,0.5478,0.0634,0.3888
SPADES ACE CLUBS NINE,0.326,0.005,0.669
SPADES QUEEN DIAMONDS NINE,0.3316,0.0112,0.6572
DIAMONDS KING DIAMONDS SIX,0.3336,0.0062,0.6602
SPADES ACE HEARTS FIVE,0.3558,0.0058,0.6384
SPADES ACE DIAMONDS FOUR,0.2394,0.0202,0.7404
CLUBS SEVEN DIAMONDS QUEEN,0.3648,0.0124,0.6228
DIAMONDS JACK DIAMONDS EIGHT,0.23,0.053,0.717
CLUBS THREE DIAMONDS EIGHT,0.2754,0.5074,0.2172
HEARTS QUEEN DIAMONDS FIVE,0.3496,0.0138,0.6366
DIAMONDS TWO CLUBS EIGHT,0.273,0.4974,0.2296
HEARTS ACE DIAMONDS TEN,0.3322,0.004,0.6638
CLUBS NINE SPADES TEN,0.3042,0.024,0.6718
HEARTS KING CLUBS ACE,0.331,0.0032,0.6658
HEARTS TWO HEARTS KING,0.3782,0.012,0.6098
SPADES KING SPADES FIVE,0.3496,0.0058,0.6446
CLUBS TEN DIAMONDS QUEEN,0.3284,0.009,0.6626
HEARTS ACE DIAMONDS FOUR,0.2524,0.0202,0.7274
SPADES SIX SPADES FOUR,0.5582,0.1452,0.2966
SPADES KING HEARTS KING,0.126,0.0176,0.8564
SPADES TEN DIAMONDS EIGHT,0.2218,0.0796,0.6986
CLUBS TEN DIAMONDS FOUR,0.2578,0.0698,0.6724
CLUBS SIX DIAMONDS FIVE,0.5236,0.0714,0.405
CLUBS ACE DIAMONDS SIX,0.369,0.0044,0.6266
SPADES SEVEN HEARTS ACE,0.359,0.0044,0.6366
DIAMONDS JACK SPADES TWO,0.4082,0.0194,0.5724
CLUBS EIGHT CLUBS ACE,0.2208,0.0264,0.7528
CLUBS FOUR CLUBS JACK,0.2256,0.0566,0.7178
SPADES FOUR CLUBS ACE,0.2536,0.0204,0.726
SPADES JACK DIAMONDS ACE,0.3302,0.005,0.6648
SPADES NINE SPADES FIVE,0.3274,0.0398,0.6328
SPADES NINE HEARTS ACE,0.3188,0.005,0.6762
HEARTS TWO HEARTS TEN,0.3708,0.0306,0.5986
DIAMONDS TEN DIAMONDS SEVEN,0.3196,0.0244,0.656
CLUBS FIVE HEARTS EIGHT,0.2074,0.4516,0.341
CLUBS JACK HEARTS EIGHT,0.24,0.059,0.701
CLUBS FOUR DIAMONDS NINE,0.251,0.1008,0.6482
HEARTS TWO DIAMONDS QUEEN,0.4032,0.0132,0.5836
CLUBS FIVE SPADES FOUR,0.573,0.1474,0.2796
CLUBS SIX SPADES FIVE,0.5172,0.0684,0.4144
HEARTS SEVEN DIAMONDS QUEEN,0.37,0.0116,0.6184
HEARTS SIX DIAMONDS FOUR,0.5982,0.1348,0.267
DIAMONDS SIX HEARTS EIGHT,0.2224,0.3632,0.4144
CLUBS TEN CLUBS FOUR,0.2372,0.0748,0.688
CLUBS NINE CLUBS FIVE,0.3298,0.0414,0.6288
DIAMONDS KING HEARTS ACE,0.341,0.0046,0.6544
SPADES THREE CLUBS QUEEN,0.401,0.012,0.587
DIAMONDS NINE SPADES TWO,0.4088,0.0436,0.5476
HEARTS SIX CLUBS ACE,0.3618,0.0044,0.6338
SPADES JACK CLUBS SEVEN,0.3604,0.0178,0.6218
SPADES FIVE DIAMONDS SEVEN,0.5414,0.069,0.3896
HEARTS NINE HEARTS EIGHT,0.213,0.1098,0.6772
DIAMONDS JACK HEARTS ACE,0.3372,0.004,0.6588
SPADES ACE CLUBS ACE,0.141,0.0048,0.8542
SPADES JACK DIAMONDS QUEEN,0.3364,0.0102,0.6534
DIAMONDS ACE CLUBS FOUR,0.251,0.0164,0.7326
SPADES SIX DIAMONDS TEN,0.3552,0.026,0.6188
HEARTS NINE CLUBS JACK,0.325,0.0156,0.6594
HEARTS KING DIAMONDS NINE,0.3244,0.0054,0.6702
SPADES SIX SPADES THREE,0.5426,0.0674,0.39
DIAMONDS TWO HEARTS EIGHT,0.2618,0.5144,0.2238
HEARTS FIVE SPADES THREE,0.5582,0.0706,0.3712
DIAMONDS EIGHT HEARTS EIGHT,0.085,0.085,0.83
SPADES SIX DIAMONDS NINE,0.3424,0.0418,0.6158
DIAMONDS SEVEN HEARTS NINE,0.3318,0.0402,0.628
CLUBS THREE CLUBS TWO,0.5622,0.061,0.3768
SPADES QUEEN HEARTS QUEEN,0.134,0.0312,0.8348
CLUBS FIVE SPADES THREE,0.5414,0.0762,0.3824
CLUBS NINE CLUBS SEVEN,0.3106,0.0388,0.6506
CLUBS NINE DIAMONDS SEVEN,0.3308,0.0402,0.629
SPADES SIX HEARTS QUEEN,0.372,0.0118,0.6162
SPADES TEN CLUBS JACK,0.3088,0.0152,0.676
HEARTS THREE HEARTS JACK,0.372,0.0216,0.6064
CLUBS FOUR CLUBS ACE,0.2422,0.018,0.7398
CLUBS TEN CLUBS FIVE,0.343,0.024,0.633
CLUBS TWO CLUBS JACK,0.384,0.019,0.597
CLUBS FIVE CLUBS FOUR,0.54,0.136,0.324
SPADES NINE DIAMONDS FOUR,0.2406,0.0994,0.66
CLUBS FOUR DIAMONDS FOUR,0.2874,0.077,0.6356
SPADES SEVEN DIAMONDS FOUR,0.6034,0.148,0.2486
SPADES KING SPADES SEVEN,0.3488,0.0076,0.6436
CLUBS NINE DIAMONDS JACK,0.3234,0.0166,0.66
CLUBS KING CLUBS QUEEN,0.3182,0.0062,0.6756
HEARTS SEVEN CLUBS JACK,0.3502,0.0162,0.6336
CLUBS ACE HEARTS EIGHT,0.2218,0.0278,0.7504
HEARTS THREE DIAMONDS SEVEN,0.5752,0.0678,0.357
SPADES TEN DIAMONDS JACK,0.3272,0.012,0.6608
HEARTS ACE HEARTS QUEEN,0.315,0.0058,0.6792
CLUBS FIVE CLUBS QUEEN,0.3438,0.0136,0.6426
HEARTS KING DIAMONDS FIVE,0.3554,0.008,0.6366
DIAMONDS ACE HEARTS NINE,0.3296,0.003,0.6674
HEARTS JACK DIAMONDS FIVE,0.357,0.0202,0.6228
DIAMONDS JACK SPADES FOUR,0.2488,0.0636,0.6876
CLUBS NINE DIAMONDS TEN,0.3308,0.0218,0.6474
HEARTS THREE SPADES TEN,0.406,0.0298,0.5642
SPADES TEN HEARTS NINE,0.3144,0.0238,0.6618
CLUBS THREE HEARTS TEN,0.3924,0.0286,0.579
SPADES TEN HEARTS QUEEN,0.3158,0.0126,0.6716
CLUBS ACE HEARTS JACK,0.3408,0.0052,0.654
DIAMONDS TWO CLUBS QUEEN,0.3944,0.0156,0.59
HEARTS QUEEN DIAMONDS EIGHT,0.243,0.0462,0.7108
HEARTS SIX HEARTS FIVE,0.5016,0.0666,0.4318
DIAMONDS TWO SPADES JACK,0.3926,0.02,0.5874
SPADES NINE SPADES TWO,0.3722,0.0392,0.5886
HEARTS THREE DIAMONDS QUEEN,0.4132,0.0122,0.5746
HEARTS FIVE SPADES TEN,0.3586,0.0286,0.6128
DIAMONDS THREE HEARTS KING,0.3916,0.0096,0.5988
CLUBS NINE HEARTS SIX,0.345,0.0434,0.6116
DIAMONDS THREE SPADES THREE,0.3726,0.1024,0.525
CLUBS EIGHT HEARTS TWO,0.2698,0.5182,0.212
SPADES JACK CLUBS SIX,0.3582,0.0158,0.626
SPADES SEVEN SPADES FIVE,0.5054,0.0644,0.4302
HEARTS KING HEARTS TEN,0.3164,0.0078,0.6758
SPADES FOUR DIAMONDS FIVE,0.588,0.1456,0.2664
DIAMONDS SEVEN CLUBS KING,0.3702,0.0062,0.6236
CLUBS TEN DIAMONDS SIX,0.3638,0.027,0.6092
CLUBS FIVE DIAMONDS JACK,0.3674,0.0176,0.615
HEARTS FIVE CLUBS KING,0.3482,0.0086,0.6432
HEARTS THREE HEARTS QUEEN,0.3818,0.0174,0.6008
SPADES TEN DIAMONDS TEN,0.1458,0.0508,0.8034
CLUBS THREE SPADES FIVE,0.5566,0.069,0.3744
DIAMONDS NINE DIAMONDS EIGHT,0.2024,0.1108,0.6868
CLUBS SEVEN DIAMONDS NINE,0.3308,0.0416,0.6276
SPADES SEVEN CLUBS THREE,0.5794,0.0686,0.352
SPADES TWO HEARTS TEN,0.393,0.0274,0.5796
HEARTS SEVEN DIAMONDS THREE,0.5816,0.0692,0.3492
SPADES FIVE HEARTS ACE,0.3624,0.0064,0.6312
DIAMONDS THREE DIAMONDS EIGHT,0.2614,0.468,0.2706
SPADES SIX DIAMONDS SEVEN,0.5306,0.0672,0.4022
DIAMONDS ACE HEARTS ACE,0.1374,0.0034,0.8592
SPADES ACE CLUBS SIX,0.36,0.005,0.635
DIAMONDS TWO SPADES TEN,0.3948,0.031,0.5742
DIAMONDS TWO HEARTS JACK,0.405,0.0186,0.5764
SPADES ACE HEARTS THREE,0.3838,0.005,0.6112
HEARTS ACE HEARTS NINE,0.315,0.0038,0.6812
DIAMONDS ACE HEARTS EIGHT,0.2286,0.0292,0.7422
DIAMONDS THREE DIAMONDS KING,0.3674,0.0078,0.6248
HEARTS SIX DIAMONDS KING,0.3584,0.0076,0.634
DIAMONDS TWO SPADES FOUR,0.5998,0.1462,0.254
DIAMONDS TWO CLUBS KING,0.4162,0.0076,0.5762
SPADES FOUR DIAMONDS FOUR,0.2686,0.07,0.6614
HEARTS SEVEN DIAMONDS TEN,0.3502,0.0266,0.6232
DIAMONDS TWO DIAMONDS FOUR,0.5656,0.1408,0.2936
SPADES TEN HEARTS TEN,0.1334,0.0504,0.8162
SPADES QUEEN CLUBS FIVE,0.3672,0.0174,0.6154
SPADES FIVE CLUBS JACK,0.3582,0.019,0.6228
CLUBS SEVEN SPADES TWO,0.5812,0.0712,0.3476
CLUBS TEN DIAMONDS TEN,0.1486,0.0476,0.8038
CLUBS TWO DIAMONDS NINE,0.4064,0.0344,0.5592
SPADES TEN HEARTS KING,0.3252,0.008,0.6668
SPADES FOUR SPADES THREE,0.5688,0.1408,0.2904
