opposingHand,winningChance,drawChance,lostChance
HEARTS SIX SPADES TEN
SPADES JACK HEARTS FIVE,0.395,0.0148,0.5902
SPADES FIVE CLUBS JACK,0.4042,0.0216,0.5742
CLUBS TEN SPADES FIVE,0.4108,0.3792,0.21
CLUBS EIGHT CLUBS JACK,0.3292,0.0142,0.6566
CLUBS TEN CLUBS EIGHT,0.2146,0.2038,0.5816
CLUBS EIGHT CLUBS KING,0.3516,0.005,0.6434
SPADES FIVE CLUBS ACE,0.3972,0.0032,0.5996
CLUBS EIGHT CLUBS QUEEN,0.3384,0.0098,0.6518
SPADES FIVE CLUBS KING,0.401,0.0074,0.5916
SPADES FIVE CLUBS QUEEN,0.3986,0.0118,0.5896
CLUBS EIGHT CLUBS ACE,0.3454,0.0046,0.65
DIAMONDS TWO DIAMONDS THREE,0.5944,0.028,0.3776
DIAMONDS TWO DIAMONDS FIVE,0.5766,0.0254,0.398
SPADES KING HEARTS FIVE,0.408,0.0076,0.5844
DIAMONDS TWO DIAMONDS FOUR,0.5756,0.0296,0.3948
SPADES QUEEN HEARTS FIVE,0.3982,0.0118,0.59
DIAMONDS TWO DIAMONDS SEVEN,0.5866,0.0272,0.3862
DIAMONDS TWO DIAMONDS SIX,0.6354,0.0802,0.2844
SPADES ACE HEARTS FIVE,0.3956,0.0028,0.6016
DIAMONDS TWO DIAMONDS NINE,0.578,0.0294,0.3926
DIAMONDS TWO DIAMONDS EIGHT,0.5894,0.0256,0.385
DIAMONDS THREE DIAMONDS FOUR,0.5648,0.0294,0.4058
SPADES FOUR CLUBS TWO,0.6306,0.027,0.3424
DIAMONDS THREE DIAMONDS FIVE,0.5644,0.0272,0.4084
SPADES FIVE CLUBS TWO,0.6246,0.0308,0.3446
CLUBS TWO SPADES TWO,0.4352,0.0574,0.5074
CLUBS TWO SPADES THREE,0.6276,0.0316,0.3408
DIAMONDS THREE DIAMONDS EIGHT,0.6006,0.0272,0.3722
SPADES EIGHT CLUBS TWO,0.6346,0.0242,0.3412
DIAMONDS THREE DIAMONDS NINE,0.5832,0.0252,0.3916
SPADES NINE CLUBS TWO,0.6296,0.026,0.3444
DIAMONDS THREE DIAMONDS SIX,0.628,0.0756,0.2964
SPADES SIX CLUBS TWO,0.6834,0.0846,0.232
DIAMONDS THREE DIAMONDS SEVEN,0.5848,0.025,0.3902
SPADES SEVEN CLUBS TWO,0.6388,0.0238,0.3374
CLUBS SIX CLUBS TWO,0.6384,0.0832,0.2784
CLUBS SEVEN CLUBS TWO,0.5896,0.0248,0.3856
CLUBS FOUR CLUBS TWO,0.5866,0.0286,0.3848
CLUBS FIVE CLUBS TWO,0.5828,0.0312,0.386
CLUBS TEN CLUBS JACK,0.2056,0.0552,0.7392
DIAMONDS FOUR DIAMONDS SIX,0.6184,0.0768,0.3048
CLUBS TEN CLUBS QUEEN,0.2236,0.0434,0.733
DIAMONDS FOUR DIAMONDS SEVEN,0.558,0.0278,0.4142
CLUBS TEN CLUBS KING,0.226,0.0312,0.7428
CLUBS TEN CLUBS ACE,0.2306,0.0252,0.7442
CLUBS EIGHT CLUBS TWO,0.5758,0.0304,0.3938
DIAMONDS FIVE DIAMONDS FOUR,0.5642,0.0286,0.4072
CLUBS NINE CLUBS TWO,0.597,0.0252,0.3778
DIAMONDS NINE DIAMONDS FOUR,0.5944,0.0256,0.38
DIAMONDS EIGHT DIAMONDS FOUR,0.5688,0.0266,0.4046
CLUBS THREE CLUBS TWO,0.5922,0.0296,0.3782
DIAMONDS NINE DIAMONDS FIVE,0.5922,0.0244,0.3834
DIAMONDS TWO CLUBS JACK,0.4162,0.0168,0.567
DIAMONDS EIGHT DIAMONDS FIVE,0.572,0.0248,0.4032
CLUBS TEN DIAMONDS TWO,0.3866,0.3768,0.2366
DIAMONDS FIVE DIAMONDS SEVEN,0.5448,0.0258,0.4294
DIAMONDS FIVE DIAMONDS SIX,0.5992,0.0758,0.325
DIAMONDS TWO CLUBS ACE,0.403,0.0038,0.5932
DIAMONDS TWO CLUBS KING,0.4256,0.009,0.5654
DIAMONDS TWO CLUBS QUEEN,0.413,0.0122,0.5748
DIAMONDS EIGHT DIAMONDS SIX,0.6126,0.0768,0.3106
DIAMONDS NINE DIAMONDS SIX,0.6372,0.0692,0.2936
HEARTS ACE SPADES THREE,0.4,0.0044,0.5956
SPADES THREE HEARTS KING,0.4064,0.0078,0.5858
DIAMONDS SEVEN DIAMONDS SIX,0.603,0.0698,0.3272
SPADES THREE HEARTS QUEEN,0.3978,0.0092,0.593
SPADES THREE HEARTS JACK,0.4024,0.02,0.5776
SPADES THREE HEARTS TEN,0.3918,0.389,0.2192
DIAMONDS EIGHT DIAMONDS SEVEN,0.5094,0.026,0.4646
DIAMONDS NINE DIAMONDS SEVEN,0.5354,0.0282,0.4364
DIAMONDS NINE DIAMONDS EIGHT,0.4994,0.0268,0.4738
DIAMONDS KING HEARTS TEN,0.2432,0.0328,0.724
HEARTS THREE HEARTS TEN,0.3792,0.3642,0.2566
SPADES JACK CLUBS SIX,0.2488,0.053,0.6982
DIAMONDS KING HEARTS JACK,0.319,0.0064,0.6746
HEARTS THREE HEARTS JACK,0.376,0.0152,0.6088
SPADES JACK SPADES FIVE,0.3792,0.0168,0.604
DIAMONDS KING HEARTS ACE,0.3384,0.0064,0.6552
HEARTS THREE HEARTS ACE,0.381,0.0088,0.6102
SPADES ACE CLUBS SIX,0.2512,0.0278,0.721
DIAMONDS KING HEARTS QUEEN,0.3232,0.006,0.6708
HEARTS THREE HEARTS QUEEN,0.3874,0.0138,0.5988
SPADES KING CLUBS SIX,0.261,0.0312,0.7078
DIAMONDS KING HEARTS KING,0.1412,0.0092,0.8496
HEARTS THREE HEARTS KING,0.3828,0.0086,0.6086
SPADES QUEEN CLUBS SIX,0.2462,0.045,0.7088
SPADES NINE HEARTS TEN,0.2122,0.1746,0.6132
SPADES NINE HEARTS JACK,0.3346,0.018,0.6474
SPADES QUEEN SPADES FIVE,0.3942,0.0108,0.595
SPADES KING SPADES FIVE,0.377,0.0092,0.6138
SPADES ACE SPADES FIVE,0.39,0.0048,0.6052
SPADES NINE HEARTS QUEEN,0.3522,0.0106,0.6372
SPADES NINE HEARTS KING,0.3578,0.0064,0.6358
SPADES NINE HEARTS ACE,0.363,0.0056,0.6314
CLUBS TEN SPADES JACK,0.2136,0.0508,0.7356
SPADES ACE CLUBS TEN,0.2294,0.0218,0.7488
SPADES KING CLUBS TEN,0.2374,0.0304,0.7322
CLUBS TEN SPADES QUEEN,0.2312,0.0428,0.726
SPADES FIVE HEARTS QUEEN,0.3908,0.0124,0.5968
SPADES FIVE HEARTS KING,0.4066,0.0074,0.586
SPADES FIVE HEARTS ACE,0.3936,0.0036,0.6028
HEARTS THREE SPADES JACK,0.4088,0.0206,0.5706
SPADES JACK DIAMONDS KING,0.303,0.0056,0.6914
SPADES JACK CLUBS EIGHT,0.338,0.0134,0.6486
CLUBS SIX HEARTS ACE,0.2546,0.0232,0.7222
SPADES ACE CLUBS EIGHT,0.3602,0.0024,0.6374
HEARTS FIVE CLUBS JACK,0.402,0.0186,0.5794
CLUBS TEN HEARTS FIVE,0.4114,0.3722,0.2164
CLUBS SIX HEARTS QUEEN,0.2552,0.0474,0.6974
SPADES QUEEN CLUBS EIGHT,0.3606,0.0114,0.628
CLUBS TEN SPADES THREE,0.3994,0.3882,0.2124
CLUBS SIX HEARTS KING,0.243,0.0344,0.7226
SPADES KING CLUBS EIGHT,0.3684,0.0058,0.6258
SPADES THREE CLUBS JACK,0.4032,0.0186,0.5782
DIAMONDS TWO HEARTS JACK,0.4006,0.0188,0.5806
SPADES THREE CLUBS QUEEN,0.406,0.011,0.583
DIAMONDS TWO HEARTS TEN,0.398,0.3796,0.2224
SPADES THREE CLUBS KING,0.409,0.0074,0.5836
HEARTS FIVE CLUBS ACE,0.3998,0.0044,0.5958
SPADES FIVE HEARTS TEN,0.3862,0.3948,0.219
SPADES THREE CLUBS ACE,0.4144,0.003,0.5826
HEARTS FIVE CLUBS KING,0.4128,0.0074,0.5798
SPADES FIVE HEARTS JACK,0.3926,0.0228,0.5846
HEARTS FIVE CLUBS QUEEN,0.401,0.0088,0.5902
HEARTS THREE CLUBS KING,0.4114,0.0084,0.5802
DIAMONDS KING CLUBS KING,0.1498,0.0086,0.8416
HEARTS THREE CLUBS QUEEN,0.4146,0.0134,0.572
DIAMONDS KING CLUBS QUEEN,0.3292,0.0056,0.6652
HEARTS FIVE HEARTS JACK,0.3792,0.021,0.5998
HEARTS FIVE HEARTS TEN,0.3896,0.3486,0.2618
HEARTS THREE CLUBS ACE,0.3984,0.006,0.5956
DIAMONDS KING CLUBS ACE,0.3316,0.0044,0.664
SPADES ACE CLUBS QUEEN,0.3192,0.0036,0.6772
SPADES KING CLUBS QUEEN,0.3212,0.0066,0.6722
HEARTS THREE CLUBS JACK,0.4104,0.0178,0.5718
DIAMONDS KING CLUBS JACK,0.3308,0.0066,0.6626
SPADES QUEEN CLUBS QUEEN,0.1596,0.012,0.8284
CLUBS TEN HEARTS THREE,0.4106,0.3708,0.2186
CLUBS TEN DIAMONDS KING,0.2436,0.035,0.7214
SPADES JACK CLUBS QUEEN,0.31,0.0098,0.6802
CLUBS SIX CLUBS QUEEN,0.2232,0.0452,0.7316
CLUBS SIX CLUBS KING,0.2498,0.0334,0.7168
CLUBS SIX CLUBS ACE,0.236,0.022,0.742
HEARTS FIVE HEARTS KING,0.3902,0.0076,0.6022
HEARTS FIVE HEARTS QUEEN,0.3906,0.0112,0.5982
CLUBS TEN CLUBS SIX,0.0216,0.905,0.0734
HEARTS FIVE HEARTS ACE,0.3768,0.0046,0.6186
CLUBS SIX CLUBS JACK,0.241,0.0512,0.7078
SPADES SEVEN HEARTS JACK,0.3506,0.0198,0.6296
SPADES SEVEN HEARTS TEN,0.2158,0.303,0.4812
DIAMONDS TWO CLUBS TWO,0.4216,0.0552,0.5232
DIAMONDS TWO CLUBS THREE,0.6266,0.0324,0.341
DIAMONDS TWO HEARTS QUEEN,0.4032,0.0126,0.5842
HEARTS SEVEN DIAMONDS TWO,0.6096,0.0236,0.3668
DIAMONDS TWO HEARTS KING,0.4044,0.0082,0.5874
DIAMONDS TWO HEARTS EIGHT,0.6236,0.0282,0.3482
DIAMONDS TWO HEARTS ACE,0.399,0.0064,0.5946
DIAMONDS TWO HEARTS NINE,0.6284,0.0268,0.3448
DIAMONDS TWO DIAMONDS QUEEN,0.3692,0.013,0.6178
DIAMONDS TWO HEARTS TWO,0.4198,0.064,0.5162
DIAMONDS TWO DIAMONDS KING,0.3884,0.0072,0.6044
HEARTS THREE DIAMONDS TWO,0.6352,0.0306,0.3342
DIAMONDS TWO DIAMONDS ACE,0.3772,0.004,0.6188
HEARTS FOUR DIAMONDS TWO,0.6214,0.0308,0.3478
DIAMONDS TWO HEARTS FIVE,0.6254,0.0266,0.348
SPADES SEVEN HEARTS ACE,0.3696,0.0038,0.6266
DIAMONDS TWO DIAMONDS TEN,0.3894,0.355,0.2556
SPADES SEVEN HEARTS KING,0.3532,0.0068,0.64
DIAMONDS TWO DIAMONDS JACK,0.3922,0.0182,0.5896
SPADES SEVEN HEARTS QUEEN,0.3756,0.0088,0.6156
DIAMONDS TWO SPADES NINE,0.6378,0.0238,0.3384
DIAMONDS TWO SPADES EIGHT,0.6368,0.0272,0.336
DIAMONDS TWO SPADES SEVEN,0.6358,0.0304,0.3338
DIAMONDS TWO SPADES SIX,0.689,0.0832,0.2278
DIAMONDS TWO SPADES FIVE,0.6292,0.0274,0.3434
DIAMONDS TWO SPADES FOUR,0.6276,0.033,0.3394
DIAMONDS TWO SPADES THREE,0.6294,0.0318,0.3388
DIAMONDS TWO SPADES TWO,0.414,0.061,0.525
CLUBS NINE DIAMONDS TWO,0.6314,0.0264,0.3422
DIAMONDS TWO CLUBS EIGHT,0.6282,0.0242,0.3476
CLUBS SEVEN DIAMONDS TWO,0.6336,0.0246,0.3418
DIAMONDS TWO CLUBS SIX,0.6788,0.084,0.2372
DIAMONDS TWO CLUBS FIVE,0.621,0.0246,0.3544
DIAMONDS TWO CLUBS FOUR,0.6272,0.026,0.3468
CLUBS FOUR SPADES FIVE,0.5952,0.0266,0.3782
CLUBS FOUR SPADES FOUR,0.4088,0.0564,0.5348
CLUBS FOUR SPADES THREE,0.6166,0.0266,0.3568
CLUBS FOUR SPADES TWO,0.6104,0.0322,0.3574
SPADES NINE CLUBS FOUR,0.633,0.0268,0.3402
SPADES EIGHT CLUBS FOUR,0.6274,0.0256,0.347
SPADES SEVEN CLUBS FOUR,0.6074,0.0274,0.3652
SPADES SIX CLUBS FOUR,0.6636,0.0774,0.259
SPADES ACE DIAMONDS SIX,0.2488,0.024,0.7272
SPADES QUEEN DIAMONDS SIX,0.247,0.0426,0.7104
SPADES KING DIAMONDS SIX,0.241,0.0312,0.7278
SPADES JACK DIAMONDS SIX,0.2532,0.0598,0.687
SPADES QUEEN SPADES TWO,0.3984,0.0138,0.5878
SPADES KING SPADES TWO,0.3874,0.0066,0.606
SPADES ACE SPADES TWO,0.3798,0.0044,0.6158
DIAMONDS JACK CLUBS JACK,0.1602,0.018,0.8218
CLUBS TEN DIAMONDS JACK,0.2244,0.0534,0.7222
DIAMONDS JACK CLUBS KING,0.3172,0.004,0.6788
DIAMONDS JACK CLUBS QUEEN,0.3164,0.0078,0.6758
DIAMONDS THREE DIAMONDS JACK,0.3828,0.0166,0.6006
DIAMONDS THREE DIAMONDS TEN,0.3798,0.3476,0.2726
DIAMONDS JACK CLUBS ACE,0.3372,0.0028,0.66
DIAMONDS THREE DIAMONDS KING,0.3724,0.0058,0.6218
HEARTS THREE DIAMONDS THREE,0.4158,0.0592,0.525
DIAMONDS THREE DIAMONDS QUEEN,0.367,0.012,0.621
DIAMONDS THREE HEARTS TWO,0.6326,0.0282,0.3392
HEARTS FIVE DIAMONDS THREE,0.6222,0.0288,0.349
DIAMONDS THREE DIAMONDS ACE,0.3766,0.0054,0.618
HEARTS FOUR DIAMONDS THREE,0.6206,0.0266,0.3528
HEARTS SEVEN DIAMONDS THREE,0.6354,0.0266,0.338
SPADES JACK SPADES NINE,0.32,0.015,0.665
DIAMONDS THREE HEARTS NINE,0.6274,0.0268,0.3458
HEARTS JACK DIAMONDS FOUR,0.4,0.0186,0.5814
HEARTS ACE HEARTS KING,0.3154,0.0026,0.682
DIAMONDS THREE HEARTS EIGHT,0.6266,0.0302,0.3432
HEARTS TEN DIAMONDS FOUR,0.3858,0.3844,0.2298
SPADES JACK SPADES TWO,0.3928,0.015,0.5922
HEARTS QUEEN DIAMONDS FOUR,0.3982,0.0124,0.5894
HEARTS KING DIAMONDS FOUR,0.4046,0.0086,0.5868
SPADES ACE SPADES NINE,0.3448,0.0036,0.6516
HEARTS ACE DIAMONDS FOUR,0.3972,0.0048,0.598
SPADES KING SPADES NINE,0.3458,0.0096,0.6446
SPADES QUEEN SPADES NINE,0.3252,0.012,0.6628
DIAMONDS THREE SPADES NINE,0.632,0.0292,0.3388
DIAMONDS THREE SPADES EIGHT,0.6374,0.0256,0.337
DIAMONDS THREE SPADES SEVEN,0.6278,0.0258,0.3464
DIAMONDS THREE SPADES SIX,0.67,0.0834,0.2466
DIAMONDS THREE CLUBS SIX,0.668,0.0856,0.2464
CLUBS FIVE CLUBS SIX,0.6182,0.0736,0.3082
CLUBS ACE DIAMONDS FOUR,0.4064,0.0038,0.5898
CLUBS SEVEN DIAMONDS THREE,0.6212,0.03,0.3488
CLUBS SEVEN CLUBS FIVE,0.5396,0.03,0.4304
DIAMONDS THREE CLUBS FOUR,0.606,0.023,0.371
DIAMONDS FOUR CLUBS QUEEN,0.3882,0.0118,0.6
DIAMONDS THREE CLUBS FIVE,0.6084,0.0264,0.3652
CLUBS KING DIAMONDS FOUR,0.403,0.006,0.591
DIAMONDS THREE CLUBS TWO,0.6296,0.0262,0.3442
CLUBS TEN DIAMONDS FOUR,0.3948,0.3804,0.2248
DIAMONDS THREE CLUBS THREE,0.3988,0.0578,0.5434
DIAMONDS FOUR CLUBS JACK,0.4084,0.0174,0.5742
DIAMONDS THREE SPADES FOUR,0.6152,0.0282,0.3566
DIAMONDS THREE SPADES FIVE,0.6172,0.0278,0.355
DIAMONDS THREE SPADES TWO,0.6332,0.032,0.3348
DIAMONDS THREE SPADES THREE,0.4136,0.0588,0.5276
CLUBS EIGHT DIAMONDS THREE,0.6276,0.0278,0.3446
CLUBS NINE DIAMONDS THREE,0.632,0.0242,0.3438
SPADES SEVEN CLUBS ACE,0.3732,0.0032,0.6236
SPADES SEVEN CLUBS QUEEN,0.375,0.0124,0.6126
SPADES SEVEN CLUBS KING,0.3616,0.0072,0.6312
CLUBS FIVE SPADES SEVEN,0.5952,0.026,0.3788
CLUBS TEN SPADES SEVEN,0.2166,0.2984,0.485
CLUBS FIVE SPADES SIX,0.6448,0.0792,0.276
SPADES SEVEN CLUBS JACK,0.3694,0.0142,0.6164
SPADES NINE CLUBS FIVE,0.6272,0.0266,0.3462
CLUBS FIVE SPADES EIGHT,0.6072,0.0312,0.3616
CLUBS FIVE SPADES THREE,0.6268,0.029,0.3442
CLUBS FIVE SPADES TWO,0.625,0.0324,0.3426
CLUBS FIVE SPADES FIVE,0.4134,0.052,0.5346
CLUBS FIVE SPADES FOUR,0.5934,0.0296,0.377
CLUBS NINE CLUBS FIVE,0.5778,0.0266,0.3956
CLUBS EIGHT CLUBS FIVE,0.5714,0.028,0.4006
CLUBS ACE CLUBS QUEEN,0.3002,0.0052,0.6946
CLUBS KING CLUBS QUEEN,0.301,0.0066,0.6924
DIAMONDS TEN DIAMONDS FOUR,0.3774,0.3564,0.2662
CLUBS TEN DIAMONDS NINE,0.2278,0.1686,0.6036
DIAMONDS JACK DIAMONDS FOUR,0.3828,0.0162,0.601
DIAMONDS NINE CLUBS JACK,0.344,0.0144,0.6416
SPADES NINE CLUBS JACK,0.3406,0.0116,0.6478
CLUBS TEN SPADES NINE,0.2256,0.1616,0.6128
DIAMONDS ACE DIAMONDS FOUR,0.3682,0.003,0.6288
HEARTS FOUR DIAMONDS FOUR,0.41,0.06,0.53
DIAMONDS JACK HEARTS TEN,0.2244,0.0546,0.721
SPADES NINE CLUBS KING,0.3746,0.0054,0.62
DIAMONDS NINE CLUBS ACE,0.375,0.0026,0.6224
HEARTS FIVE DIAMONDS FOUR,0.6108,0.025,0.3642
DIAMONDS JACK HEARTS JACK,0.1618,0.0234,0.8148
SPADES NINE CLUBS QUEEN,0.3544,0.0108,0.6348
DIAMONDS TWO SPADES JACK,0.419,0.0244,0.5566
DIAMONDS QUEEN DIAMONDS FOUR,0.3622,0.0088,0.629
HEARTS TWO DIAMONDS FOUR,0.637,0.0322,0.3308
DIAMONDS NINE CLUBS QUEEN,0.3578,0.0086,0.6336
DIAMONDS KING DIAMONDS FOUR,0.3982,0.0068,0.595
HEARTS THREE DIAMONDS FOUR,0.626,0.0334,0.3406
SPADES NINE CLUBS ACE,0.3782,0.0034,0.6184
DIAMONDS NINE CLUBS KING,0.369,0.0064,0.6246
HEARTS ACE DIAMONDS JACK,0.3292,0.0026,0.6682
SPADES ACE DIAMONDS TWO,0.4048,0.0048,0.5904
HEARTS QUEEN DIAMONDS JACK,0.3122,0.0086,0.6792
SPADES QUEEN DIAMONDS TWO,0.4008,0.012,0.5872
DIAMONDS JACK HEARTS KING,0.32,0.0064,0.6736
SPADES KING DIAMONDS TWO,0.4124,0.0078,0.5798
SPADES JACK SPADES SEVEN,0.3406,0.0164,0.643
CLUBS SEVEN CLUBS THREE,0.5766,0.0264,0.397
CLUBS SIX CLUBS THREE,0.6184,0.077,0.3046
CLUBS FIVE CLUBS THREE,0.576,0.028,0.396
CLUBS THREE CLUBS FOUR,0.5618,0.025,0.4132
CLUBS NINE CLUBS THREE,0.5874,0.0208,0.3918
CLUBS EIGHT CLUBS THREE,0.5882,0.0266,0.3852
CLUBS THREE SPADES FIVE,0.6142,0.0302,0.3556
CLUBS THREE SPADES FOUR,0.6118,0.0284,0.3598
CLUBS THREE SPADES THREE,0.4234,0.0524,0.5242
CLUBS THREE SPADES TWO,0.6214,0.0344,0.3442
CLUBS THREE SPADES SIX,0.6782,0.081,0.2408
SPADES SEVEN CLUBS THREE,0.6276,0.0292,0.3432
SPADES EIGHT CLUBS THREE,0.6266,0.029,0.3444
SPADES NINE CLUBS THREE,0.623,0.0238,0.3532
SPADES TWO DIAMONDS FOUR,0.629,0.0254,0.3456
SPADES THREE DIAMONDS FOUR,0.6166,0.0302,0.3532
SPADES FOUR DIAMONDS FOUR,0.4042,0.058,0.5378
SPADES FIVE DIAMONDS FOUR,0.6006,0.0308,0.3686
SPADES SIX DIAMONDS FOUR,0.656,0.0782,0.2658
SPADES SEVEN DIAMONDS FOUR,0.616,0.0274,0.3566
SPADES EIGHT DIAMONDS FOUR,0.6244,0.026,0.3496
SPADES NINE DIAMONDS FOUR,0.6546,0.0222,0.3232
CLUBS FIVE DIAMONDS FOUR,0.588,0.0272,0.3848
CLUBS FOUR DIAMONDS FOUR,0.398,0.0592,0.5428
CLUBS SEVEN DIAMONDS FOUR,0.6002,0.0216,0.3782
CLUBS SIX DIAMONDS FOUR,0.6306,0.0896,0.2798
CLUBS NINE DIAMONDS FOUR,0.6272,0.0254,0.3474
CLUBS EIGHT DIAMONDS FOUR,0.6254,0.0282,0.3464
HEARTS SEVEN DIAMONDS FOUR,0.6068,0.029,0.3642
DIAMONDS FOUR HEARTS NINE,0.6204,0.031,0.3486
DIAMONDS FOUR HEARTS EIGHT,0.6168,0.0282,0.355
CLUBS THREE DIAMONDS FOUR,0.6,0.0304,0.3696
CLUBS TWO DIAMONDS FOUR,0.623,0.0266,0.3504
DIAMONDS TEN DIAMONDS FIVE,0.3804,0.3514,0.2682
DIAMONDS JACK DIAMONDS FIVE,0.3746,0.017,0.6084
DIAMONDS NINE HEARTS QUEEN,0.3552,0.01,0.6348
DIAMONDS NINE HEARTS KING,0.3598,0.0056,0.6346
HEARTS ACE DIAMONDS NINE,0.3822,0.0038,0.614
DIAMONDS NINE HEARTS TEN,0.2294,0.1734,0.5972
DIAMONDS NINE HEARTS JACK,0.3332,0.0178,0.649
CLUBS KING DIAMONDS SIX,0.2642,0.0358,0.7
CLUBS QUEEN DIAMONDS SIX,0.2512,0.0482,0.7006
CLUBS ACE DIAMONDS SIX,0.2578,0.0186,0.7236
SPADES KING DIAMONDS FOUR,0.4048,0.0072,0.588
SPADES ACE SPADES SEVEN,0.3564,0.0032,0.6404
SPADES QUEEN DIAMONDS FOUR,0.4068,0.0106,0.5826
SPADES QUEEN SPADES SEVEN,0.355,0.0112,0.6338
CLUBS JACK DIAMONDS SIX,0.2524,0.0534,0.6942
SPADES KING SPADES SEVEN,0.355,0.007,0.638
SPADES ACE DIAMONDS FOUR,0.411,0.0032,0.5858
CLUBS TEN DIAMONDS SIX,0.0226,0.9532,0.0242
CLUBS NINE CLUBS FOUR,0.6004,0.0252,0.3744
CLUBS EIGHT CLUBS FOUR,0.5754,0.028,0.3966
SPADES JACK DIAMONDS FOUR,0.3868,0.0198,0.5934
CLUBS FIVE CLUBS FOUR,0.5566,0.0306,0.4128
CLUBS SEVEN CLUBS FOUR,0.5764,0.0246,0.399
CLUBS SIX CLUBS FOUR,0.616,0.0776,0.3064
CLUBS SEVEN SPADES EIGHT,0.571,0.0244,0.4046
CLUBS SEVEN SPADES NINE,0.5608,0.0236,0.4156
CLUBS SEVEN SPADES SIX,0.6542,0.0702,0.2756
CLUBS SEVEN SPADES SEVEN,0.2898,0.0496,0.6606
CLUBS SEVEN SPADES FIVE,0.617,0.0302,0.3528
CLUBS SEVEN SPADES FOUR,0.6022,0.0244,0.3734
CLUBS SEVEN SPADES THREE,0.6198,0.027,0.3532
CLUBS SEVEN SPADES TWO,0.6362,0.024,0.3398
CLUBS NINE CLUBS SEVEN,0.5382,0.0218,0.44
CLUBS SEVEN CLUBS EIGHT,0.5212,0.0268,0.452
HEARTS SEVEN DIAMONDS FIVE,0.5912,0.0284,0.3804
DIAMONDS FIVE HEARTS EIGHT,0.5832,0.0304,0.3864
DIAMONDS FIVE HEARTS NINE,0.6172,0.0248,0.358
DIAMONDS QUEEN DIAMONDS FIVE,0.3798,0.0104,0.6098
HEARTS TWO DIAMONDS FIVE,0.6276,0.0304,0.342
HEARTS KING HEARTS EIGHT,0.3514,0.0074,0.6412
DIAMONDS KING DIAMONDS FIVE,0.3806,0.006,0.6134
HEARTS THREE DIAMONDS FIVE,0.6034,0.0274,0.3692
HEARTS QUEEN HEARTS EIGHT,0.3456,0.0094,0.645
DIAMONDS ACE DIAMONDS FIVE,0.3728,0.0032,0.624
HEARTS FOUR DIAMONDS FIVE,0.6044,0.0266,0.369
HEARTS FIVE DIAMONDS FIVE,0.4052,0.0622,0.5326
HEARTS ACE HEARTS EIGHT,0.3514,0.0032,0.6454
CLUBS FOUR DIAMONDS FIVE,0.589,0.0318,0.3792
CLUBS FIVE DIAMONDS FIVE,0.401,0.0558,0.5432
CLUBS SIX DIAMONDS FIVE,0.657,0.0756,0.2674
CLUBS SEVEN DIAMONDS FIVE,0.5924,0.0318,0.3758
CLUBS TWO DIAMONDS FIVE,0.6184,0.028,0.3536
CLUBS THREE DIAMONDS FIVE,0.602,0.0278,0.3702
SPADES THREE DIAMONDS FIVE,0.6014,0.0306,0.368
SPADES TWO DIAMONDS FIVE,0.6244,0.027,0.3486
SPADES JACK DIAMONDS EIGHT,0.3302,0.0188,0.651
SPADES FIVE DIAMONDS FIVE,0.4108,0.0514,0.5378
CLUBS TEN HEARTS JACK,0.2144,0.0514,0.7342
SPADES FOUR DIAMONDS FIVE,0.6036,0.0282,0.3682
HEARTS JACK CLUBS JACK,0.152,0.0214,0.8266
HEARTS JACK CLUBS QUEEN,0.3002,0.011,0.6888
CLUBS NINE DIAMONDS FIVE,0.6102,0.0288,0.361
CLUBS KING HEARTS JACK,0.3192,0.0088,0.672
CLUBS EIGHT DIAMONDS FIVE,0.6,0.0276,0.3724
CLUBS ACE HEARTS JACK,0.3228,0.0036,0.6736
SPADES SEVEN DIAMONDS FIVE,0.606,0.0242,0.3698
SPADES KING DIAMONDS EIGHT,0.3796,0.0052,0.6152
SPADES SIX DIAMONDS FIVE,0.6558,0.0782,0.266
SPADES QUEEN DIAMONDS EIGHT,0.3666,0.0112,0.6222
SPADES NINE DIAMONDS FIVE,0.6242,0.0298,0.346
SPADES EIGHT DIAMONDS FIVE,0.6134,0.0288,0.3578
SPADES ACE DIAMONDS EIGHT,0.3756,0.0028,0.6216
DIAMONDS TEN DIAMONDS SIX,0.0218,0.9032,0.075
HEARTS ACE DIAMONDS SEVEN,0.3672,0.003,0.6298
DIAMONDS JACK DIAMONDS SIX,0.2486,0.0532,0.6982
HEARTS QUEEN DIAMONDS SEVEN,0.3688,0.0104,0.6208
HEARTS KING DIAMONDS SEVEN,0.3614,0.0078,0.6308
DIAMONDS ACE DIAMONDS SIX,0.2436,0.0256,0.7308
HEARTS FOUR DIAMONDS SIX,0.6588,0.077,0.2642
SPADES TWO HEARTS JACK,0.411,0.019,0.57
HEARTS FIVE DIAMONDS SIX,0.6606,0.0756,0.2638
SPADES TWO HEARTS TEN,0.397,0.383,0.22
DIAMONDS QUEEN DIAMONDS SIX,0.2394,0.0476,0.713
HEARTS TWO DIAMONDS SIX,0.692,0.0862,0.2218
DIAMONDS KING DIAMONDS SIX,0.2352,0.035,0.7298
HEARTS THREE DIAMONDS SIX,0.6648,0.0758,0.2594
HEARTS EIGHT DIAMONDS SIX,0.6516,0.075,0.2734
HEARTS NINE DIAMONDS SIX,0.6592,0.0758,0.265
HEARTS SEVEN DIAMONDS SIX,0.6422,0.076,0.2818
HEARTS TEN DIAMONDS SEVEN,0.2224,0.298,0.4796
CLUBS TWO DIAMONDS SIX,0.6762,0.0884,0.2354
HEARTS JACK DIAMONDS SEVEN,0.3478,0.0154,0.6368
CLUBS THREE DIAMONDS SIX,0.661,0.0848,0.2542
CLUBS SEVEN DIAMONDS SIX,0.6418,0.0702,0.288
DIAMONDS EIGHT CLUBS JACK,0.3384,0.0178,0.6438
CLUBS SIX DIAMONDS SIX,0.297,0.048,0.655
CLUBS TEN DIAMONDS EIGHT,0.2306,0.2214,0.548
CLUBS FIVE DIAMONDS SIX,0.6486,0.0796,0.2718
CLUBS FOUR DIAMONDS SIX,0.6536,0.0794,0.267
HEARTS ACE HEARTS JACK,0.3094,0.0038,0.6868
DIAMONDS EIGHT CLUBS ACE,0.3686,0.003,0.6284
HEARTS QUEEN HEARTS JACK,0.3206,0.009,0.6704
DIAMONDS EIGHT CLUBS KING,0.3762,0.0054,0.6184
CLUBS NINE DIAMONDS SIX,0.6722,0.0798,0.248
HEARTS KING HEARTS JACK,0.3006,0.008,0.6914
DIAMONDS EIGHT CLUBS QUEEN,0.3576,0.009,0.6334
CLUBS EIGHT DIAMONDS SIX,0.6672,0.0674,0.2654
SPADES FIVE DIAMONDS SIX,0.644,0.0808,0.2752
HEARTS ACE SPADES TWO,0.3968,0.0062,0.597
SPADES JACK HEARTS KING,0.3026,0.005,0.6924
SPADES FOUR DIAMONDS SIX,0.6512,0.0828,0.266
SPADES THREE DIAMONDS SIX,0.6746,0.0846,0.2408
HEARTS QUEEN SPADES TWO,0.405,0.0134,0.5816
SPADES ACE SPADES KING,0.3158,0.004,0.6802
SPADES TWO HEARTS KING,0.4158,0.0098,0.5744
SPADES TWO DIAMONDS SIX,0.6856,0.0764,0.238
HEARTS TEN HEARTS EIGHT,0.22,0.2156,0.5644
SPADES NINE DIAMONDS SIX,0.6618,0.0756,0.2626
HEARTS JACK HEARTS EIGHT,0.3384,0.0192,0.6424
SPADES EIGHT DIAMONDS SIX,0.6694,0.071,0.2596
SPADES SEVEN DIAMONDS SIX,0.6402,0.0698,0.29
SPADES SIX DIAMONDS SIX,0.2932,0.0536,0.6532
SPADES KING HEARTS KING,0.142,0.012,0.846
SPADES QUEEN HEARTS KING,0.3084,0.0072,0.6844
CLUBS ACE CLUBS KING,0.31,0.0042,0.6858
SPADES ACE HEARTS KING,0.3288,0.0046,0.6666
SPADES ACE HEARTS JACK,0.3224,0.004,0.6736
SPADES QUEEN HEARTS JACK,0.3154,0.0116,0.673
SPADES KING HEARTS JACK,0.322,0.007,0.671
SPADES JACK DIAMONDS TEN,0.2242,0.0592,0.7166
SPADES ACE DIAMONDS TEN,0.2344,0.026,0.7396
SPADES JACK HEARTS JACK,0.1546,0.0222,0.8232
SPADES QUEEN DIAMONDS TEN,0.2206,0.0454,0.734
SPADES KING DIAMONDS TEN,0.2244,0.0332,0.7424
SPADES NINE DIAMONDS SEVEN,0.5608,0.031,0.4082
SPADES EIGHT DIAMONDS SEVEN,0.5558,0.0258,0.4184
SPADES SEVEN DIAMONDS SEVEN,0.2914,0.0602,0.6484
SPADES SIX DIAMONDS SEVEN,0.6492,0.0742,0.2766
DIAMONDS KING DIAMONDS SEVEN,0.3486,0.0052,0.6462
HEARTS THREE DIAMONDS SEVEN,0.6182,0.0282,0.3536
HEARTS KING DIAMONDS FIVE,0.4006,0.007,0.5924
DIAMONDS QUEEN DIAMONDS SEVEN,0.3478,0.0114,0.6408
HEARTS TWO DIAMONDS SEVEN,0.6322,0.0264,0.3414
HEARTS QUEEN DIAMONDS FIVE,0.3904,0.011,0.5986
HEARTS FIVE DIAMONDS SEVEN,0.5968,0.0232,0.38
DIAMONDS ACE DIAMONDS SEVEN,0.34,0.0018,0.6582
HEARTS FOUR DIAMONDS SEVEN,0.5992,0.027,0.3738
HEARTS ACE DIAMONDS FIVE,0.397,0.0034,0.5996
HEARTS SEVEN DIAMONDS SEVEN,0.283,0.0462,0.6708
DIAMONDS SEVEN HEARTS NINE,0.5588,0.0276,0.4136
HEARTS EIGHT DIAMONDS SEVEN,0.5424,0.0288,0.4288
DIAMONDS JACK DIAMONDS SEVEN,0.3384,0.0156,0.646
DIAMONDS FIVE HEARTS JACK,0.3962,0.0152,0.5886
DIAMONDS TEN DIAMONDS SEVEN,0.2084,0.2876,0.504
HEARTS TEN DIAMONDS FIVE,0.4102,0.3562,0.2336
SPADES KING CLUBS TWO,0.4072,0.0086,0.5842
HEARTS KING CLUBS KING,0.1526,0.0118,0.8356
CLUBS EIGHT DIAMONDS SEVEN,0.562,0.0242,0.4138
SPADES QUEEN CLUBS TWO,0.4244,0.0114,0.5642
HEARTS KING CLUBS QUEEN,0.3224,0.0078,0.6698
CLUBS NINE DIAMONDS SEVEN,0.5674,0.0246,0.408
SPADES TWO CLUBS JACK,0.4158,0.0164,0.5678
SPADES ACE CLUBS TWO,0.3844,0.003,0.6126
CLUBS TEN SPADES TWO,0.4104,0.372,0.2176
HEARTS KING CLUBS ACE,0.326,0.0056,0.6684
CLUBS SEVEN CLUBS SIX,0.5944,0.0656,0.34
SPADES TWO CLUBS KING,0.418,0.0072,0.5748
SPADES TWO DIAMONDS SEVEN,0.635,0.0294,0.3356
CLUBS EIGHT CLUBS SIX,0.613,0.076,0.311
SPADES THREE DIAMONDS SEVEN,0.612,0.0268,0.3612
SPADES TWO CLUBS QUEEN,0.4312,0.012,0.5568
CLUBS NINE CLUBS SIX,0.6358,0.0688,0.2954
SPADES FOUR DIAMONDS SEVEN,0.6068,0.0256,0.3676
HEARTS KING CLUBS JACK,0.3236,0.0078,0.6686
SPADES FIVE DIAMONDS SEVEN,0.5934,0.026,0.3806
SPADES TWO CLUBS ACE,0.3978,0.004,0.5982
CLUBS TEN HEARTS KING,0.2542,0.0332,0.7126
CLUBS SIX SPADES TWO,0.6846,0.081,0.2344
CLUBS SIX SPADES THREE,0.6826,0.0836,0.2338
CLUBS TWO DIAMONDS SEVEN,0.6272,0.0284,0.3444
CLUBS SIX SPADES FOUR,0.6592,0.0744,0.2664
CLUBS THREE DIAMONDS SEVEN,0.6028,0.0282,0.369
CLUBS SIX SPADES FIVE,0.6576,0.0808,0.2616
CLUBS FOUR DIAMONDS SEVEN,0.597,0.0284,0.3746
CLUBS SIX SPADES SIX,0.303,0.0536,0.6434
CLUBS FIVE DIAMONDS SEVEN,0.5984,0.0258,0.3758
CLUBS SIX SPADES SEVEN,0.6416,0.0768,0.2816
CLUBS SIX DIAMONDS SEVEN,0.6394,0.0784,0.2822
SPADES EIGHT CLUBS SIX,0.655,0.0744,0.2706
SPADES JACK CLUBS TWO,0.3816,0.0164,0.602
CLUBS SEVEN DIAMONDS SEVEN,0.2964,0.0508,0.6528
SPADES NINE CLUBS SIX,0.6704,0.0766,0.253
CLUBS TWO CLUBS QUEEN,0.3696,0.012,0.6184
CLUBS TWO CLUBS KING,0.3868,0.007,0.6062
CLUBS THREE DIAMONDS EIGHT,0.6342,0.0254,0.3404
CLUBS TWO CLUBS ACE,0.3764,0.0038,0.6198
CLUBS TWO DIAMONDS EIGHT,0.6218,0.0266,0.3516
HEARTS SEVEN DIAMONDS EIGHT,0.5498,0.0294,0.4208
DIAMONDS EIGHT HEARTS NINE,0.548,0.026,0.426
CLUBS TEN CLUBS TWO,0.3752,0.3624,0.2624
DIAMONDS EIGHT HEARTS EIGHT,0.2912,0.0456,0.6632
CLUBS TWO CLUBS JACK,0.3848,0.017,0.5982
CLUBS NINE DIAMONDS EIGHT,0.5548,0.0256,0.4196
CLUBS EIGHT DIAMONDS EIGHT,0.286,0.0428,0.6712
CLUBS FIVE DIAMONDS EIGHT,0.6062,0.0284,0.3654
SPADES ACE SPADES THREE,0.3816,0.0052,0.6132
CLUBS FOUR DIAMONDS EIGHT,0.6134,0.0246,0.362
CLUBS SEVEN DIAMONDS EIGHT,0.5554,0.0262,0.4184
SPADES QUEEN SPADES THREE,0.3964,0.0116,0.592
CLUBS SIX DIAMONDS EIGHT,0.6512,0.0742,0.2746
SPADES KING SPADES THREE,0.3948,0.006,0.5992
DIAMONDS QUEEN DIAMONDS EIGHT,0.3518,0.0094,0.6388
HEARTS TWO DIAMONDS EIGHT,0.6352,0.027,0.3378
DIAMONDS KING DIAMONDS EIGHT,0.3546,0.0034,0.642
HEARTS THREE DIAMONDS EIGHT,0.6458,0.0242,0.33
DIAMONDS ACE DIAMONDS EIGHT,0.3534,0.0038,0.6428
HEARTS FOUR DIAMONDS EIGHT,0.613,0.0252,0.3618
HEARTS FIVE DIAMONDS EIGHT,0.6098,0.0298,0.3604
DIAMONDS EIGHT DIAMONDS TEN,0.214,0.2062,0.5798
DIAMONDS EIGHT DIAMONDS JACK,0.3306,0.0146,0.6548
SPADES JACK SPADES THREE,0.379,0.017,0.604
CLUBS FOUR HEARTS ACE,0.3892,0.0044,0.6064
CLUBS FOUR HEARTS QUEEN,0.395,0.012,0.593
CLUBS FOUR HEARTS KING,0.3964,0.0078,0.5958
CLUBS SIX HEARTS TEN,0.0112,0.9684,0.0204
CLUBS SIX HEARTS JACK,0.2494,0.0588,0.6918
SPADES FOUR DIAMONDS EIGHT,0.6088,0.0306,0.3606
SPADES FIVE DIAMONDS EIGHT,0.6128,0.031,0.3562
DIAMONDS EIGHT SPADES TWO,0.6334,0.023,0.3436
DIAMONDS EIGHT SPADES THREE,0.6352,0.027,0.3378
CLUBS FOUR HEARTS JACK,0.4056,0.0162,0.5782
SPADES EIGHT DIAMONDS EIGHT,0.29,0.045,0.665
SPADES JACK HEARTS EIGHT,0.3348,0.018,0.6472
CLUBS FOUR HEARTS TEN,0.3868,0.3956,0.2176
SPADES NINE DIAMONDS EIGHT,0.5544,0.0262,0.4194
SPADES JACK HEARTS TWO,0.4004,0.0186,0.581
SPADES JACK DIAMONDS QUEEN,0.3214,0.0112,0.6674
SPADES SIX DIAMONDS EIGHT,0.6598,0.0744,0.2658
SPADES SEVEN DIAMONDS EIGHT,0.5632,0.0282,0.4086
SPADES ACE HEARTS TWO,0.4156,0.004,0.5804
SPADES ACE DIAMONDS QUEEN,0.3286,0.0042,0.6672
SPADES ACE HEARTS EIGHT,0.3436,0.0036,0.6528
SPADES KING HEARTS EIGHT,0.3658,0.0082,0.626
SPADES QUEEN HEARTS TWO,0.4058,0.0116,0.5826
SPADES QUEEN DIAMONDS QUEEN,0.1572,0.0146,0.8282
SPADES KING DIAMONDS QUEEN,0.3186,0.0052,0.6762
SPADES KING HEARTS TWO,0.4048,0.0092,0.586
SPADES QUEEN HEARTS EIGHT,0.3408,0.0118,0.6474
CLUBS TWO HEARTS TEN,0.398,0.3808,0.2212
CLUBS TWO HEARTS JACK,0.409,0.017,0.574
SPADES SEVEN DIAMONDS NINE,0.5708,0.0254,0.4038
SPADES SIX DIAMONDS NINE,0.6794,0.0724,0.2482
SPADES NINE DIAMONDS NINE,0.2872,0.0384,0.6744
SPADES EIGHT DIAMONDS NINE,0.5478,0.0258,0.4264
DIAMONDS NINE SPADES THREE,0.6332,0.0282,0.3386
SPADES JACK CLUBS KING,0.323,0.0066,0.6704
DIAMONDS NINE SPADES TWO,0.6298,0.0294,0.3408
SPADES FIVE DIAMONDS NINE,0.6162,0.0258,0.358
DIAMONDS NINE SPADES FOUR,0.6386,0.028,0.3334
CLUBS NINE DIAMONDS NINE,0.2676,0.038,0.6944
CLUBS EIGHT DIAMONDS NINE,0.5496,0.0262,0.4242
CLUBS SIX DIAMONDS NINE,0.6684,0.071,0.2606
SPADES JACK CLUBS FOUR,0.3962,0.0188,0.585
CLUBS SEVEN DIAMONDS NINE,0.568,0.0232,0.4088
CLUBS FOUR DIAMONDS NINE,0.6168,0.0326,0.3506
CLUBS FIVE DIAMONDS NINE,0.616,0.025,0.359
DIAMONDS NINE CLUBS TWO,0.618,0.0288,0.3532
CLUBS THREE DIAMONDS NINE,0.6252,0.025,0.3498
DIAMONDS NINE HEARTS EIGHT,0.5494,0.026,0.4246
DIAMONDS NINE HEARTS NINE,0.2788,0.0376,0.6836
HEARTS SEVEN DIAMONDS NINE,0.5542,0.024,0.4218
CLUBS NINE CLUBS EIGHT,0.5162,0.0224,0.4614
DIAMONDS ACE DIAMONDS NINE,0.3452,0.0042,0.6506
HEARTS FOUR DIAMONDS NINE,0.6328,0.0264,0.3408
HEARTS FIVE DIAMONDS NINE,0.6234,0.0218,0.3548
HEARTS ACE CLUBS TWO,0.3988,0.0052,0.596
SPADES ACE CLUBS FOUR,0.393,0.0046,0.6024
DIAMONDS QUEEN DIAMONDS NINE,0.3294,0.0078,0.6628
HEARTS TWO DIAMONDS NINE,0.6318,0.0258,0.3424
CLUBS TWO HEARTS KING,0.4062,0.0074,0.5864
SPADES KING CLUBS FOUR,0.4018,0.0072,0.591
DIAMONDS KING DIAMONDS NINE,0.3316,0.0056,0.6628
HEARTS THREE DIAMONDS NINE,0.6278,0.0278,0.3444
CLUBS TWO HEARTS QUEEN,0.3954,0.0114,0.5932
SPADES QUEEN CLUBS FOUR,0.3954,0.0088,0.5958
DIAMONDS NINE DIAMONDS JACK,0.3318,0.0154,0.6528
CLUBS EIGHT SPADES NINE,0.553,0.0252,0.4218
DIAMONDS NINE DIAMONDS TEN,0.2134,0.1682,0.6184
CLUBS EIGHT SPADES EIGHT,0.2902,0.0476,0.6622
CLUBS EIGHT SPADES SEVEN,0.5538,0.028,0.4182
CLUBS EIGHT SPADES SIX,0.6654,0.0728,0.2618
CLUBS EIGHT SPADES FIVE,0.6136,0.0236,0.3628
CLUBS EIGHT SPADES FOUR,0.6226,0.0272,0.3502
CLUBS EIGHT SPADES THREE,0.6322,0.0278,0.34
CLUBS EIGHT SPADES TWO,0.621,0.027,0.352
HEARTS SEVEN DIAMONDS TEN,0.2206,0.3058,0.4736
DIAMONDS TEN HEARTS EIGHT,0.2156,0.2294,0.555
CLUBS FOUR CLUBS JACK,0.3784,0.018,0.6036
DIAMONDS TEN HEARTS NINE,0.214,0.1702,0.6158
CLUBS TEN CLUBS FOUR,0.3812,0.3424,0.2764
CLUBS FOUR CLUBS KING,0.364,0.0072,0.6288
CLUBS FOUR CLUBS QUEEN,0.3816,0.0108,0.6076
CLUBS TWO DIAMONDS TEN,0.4124,0.3762,0.2114
CLUBS THREE DIAMONDS TEN,0.388,0.3854,0.2266
CLUBS FOUR CLUBS ACE,0.3698,0.0048,0.6254
DIAMONDS JACK DIAMONDS TEN,0.2126,0.0562,0.7312
DIAMONDS QUEEN DIAMONDS TEN,0.2168,0.0448,0.7384
HEARTS TWO DIAMONDS TEN,0.4012,0.3816,0.2172
DIAMONDS KING DIAMONDS TEN,0.2378,0.0312,0.731
HEARTS THREE DIAMONDS TEN,0.4108,0.373,0.2162
DIAMONDS ACE DIAMONDS TEN,0.2256,0.02,0.7544
HEARTS FOUR DIAMONDS TEN,0.3936,0.3852,0.2212
CLUBS EIGHT HEARTS JACK,0.3498,0.016,0.6342
HEARTS FIVE DIAMONDS TEN,0.3944,0.3864,0.2192
CLUBS EIGHT HEARTS TEN,0.2316,0.2284,0.54
CLUBS EIGHT HEARTS QUEEN,0.3634,0.0116,0.625
CLUBS EIGHT HEARTS KING,0.3808,0.006,0.6132
CLUBS EIGHT HEARTS ACE,0.3662,0.0028,0.631
CLUBS NINE SPADES THREE,0.6208,0.0316,0.3476
CLUBS NINE SPADES TWO,0.6306,0.0276,0.3418
CLUBS NINE SPADES FIVE,0.6266,0.0272,0.3462
CLUBS NINE SPADES FOUR,0.6262,0.027,0.3468
CLUBS NINE SPADES SEVEN,0.5656,0.0262,0.4082
CLUBS NINE SPADES SIX,0.6734,0.077,0.2496
CLUBS NINE SPADES NINE,0.2924,0.033,0.6746
CLUBS TEN HEARTS EIGHT,0.2226,0.2294,0.548
CLUBS NINE SPADES EIGHT,0.5506,0.0268,0.4226
HEARTS EIGHT CLUBS JACK,0.3366,0.018,0.6454
CLUBS QUEEN HEARTS EIGHT,0.3546,0.01,0.6354
CLUBS KING HEARTS EIGHT,0.3704,0.0074,0.6222
CLUBS ACE HEARTS EIGHT,0.3594,0.0028,0.6378
SPADES KING CLUBS KING,0.1466,0.0102,0.8432
SPADES QUEEN CLUBS KING,0.3226,0.007,0.6704
SPADES ACE CLUBS KING,0.3288,0.0046,0.6666
DIAMONDS ACE HEARTS TEN,0.236,0.0272,0.7368
HEARTS FOUR HEARTS TEN,0.3852,0.3572,0.2576
DIAMONDS ACE HEARTS JACK,0.3312,0.0042,0.6646
HEARTS FOUR HEARTS JACK,0.3728,0.0182,0.609
SPADES KING CLUBS FIVE,0.4148,0.0068,0.5784
SPADES QUEEN CLUBS FIVE,0.3986,0.0114,0.59
SPADES ACE CLUBS FIVE,0.3844,0.0044,0.6112
HEARTS SEVEN DIAMONDS JACK,0.3414,0.0142,0.6444
DIAMONDS JACK HEARTS NINE,0.3352,0.0148,0.65
DIAMONDS JACK HEARTS EIGHT,0.3422,0.0174,0.6404
DIAMONDS KING DIAMONDS JACK,0.2964,0.0058,0.6978
HEARTS THREE DIAMONDS JACK,0.3994,0.0178,0.5828
SPADES ACE SPADES SIX,0.2452,0.025,0.7298
HEARTS ACE SPADES FOUR,0.3992,0.0046,0.5962
DIAMONDS QUEEN DIAMONDS JACK,0.3038,0.0094,0.6868
HEARTS TWO DIAMONDS JACK,0.4066,0.0182,0.5752
HEARTS FIVE DIAMONDS JACK,0.4006,0.0214,0.578
SPADES QUEEN SPADES SIX,0.243,0.046,0.711
SPADES FOUR HEARTS QUEEN,0.4048,0.0126,0.5826
DIAMONDS ACE DIAMONDS JACK,0.3054,0.0032,0.6914
HEARTS FOUR DIAMONDS JACK,0.4064,0.0154,0.5782
SPADES KING SPADES SIX,0.2328,0.038,0.7292
SPADES FOUR HEARTS KING,0.4082,0.0088,0.583
SPADES JACK SPADES SIX,0.259,0.051,0.69
SPADES FOUR DIAMONDS JACK,0.4006,0.0166,0.5828
SPADES FIVE DIAMONDS JACK,0.4082,0.0158,0.576
DIAMONDS JACK SPADES TWO,0.4052,0.0174,0.5774
SPADES THREE DIAMONDS JACK,0.412,0.0218,0.5662
SPADES ACE DIAMONDS THREE,0.3828,0.0034,0.6138
SPADES QUEEN DIAMONDS THREE,0.4072,0.0102,0.5826
CLUBS EIGHT DIAMONDS JACK,0.3434,0.0144,0.6422
SPADES KING DIAMONDS THREE,0.4038,0.0072,0.589
CLUBS NINE DIAMONDS JACK,0.3504,0.0144,0.6352
CLUBS SIX DIAMONDS JACK,0.2618,0.0552,0.683
CLUBS SEVEN DIAMONDS JACK,0.3596,0.0156,0.6248
CLUBS FOUR DIAMONDS JACK,0.401,0.0146,0.5844
CLUBS FIVE DIAMONDS JACK,0.3986,0.016,0.5854
CLUBS TWO DIAMONDS JACK,0.3922,0.0208,0.587
CLUBS THREE DIAMONDS JACK,0.4052,0.0164,0.5784
SPADES JACK CLUBS FIVE,0.397,0.0174,0.5856
SPADES JACK DIAMONDS THREE,0.4096,0.019,0.5714
CLUBS SEVEN CLUBS ACE,0.342,0.0028,0.6552
CLUBS SEVEN CLUBS QUEEN,0.3416,0.0082,0.6502
CLUBS SEVEN CLUBS KING,0.3492,0.0062,0.6446
SPADES NINE DIAMONDS JACK,0.3504,0.0166,0.633
CLUBS TEN CLUBS SEVEN,0.2158,0.2828,0.5014
DIAMONDS ACE HEARTS ACE,0.1404,0.0028,0.8568
HEARTS FOUR HEARTS ACE,0.3666,0.006,0.6274
SPADES EIGHT DIAMONDS JACK,0.356,0.0152,0.6288
CLUBS SEVEN CLUBS JACK,0.3424,0.0154,0.6422
DIAMONDS ACE HEARTS KING,0.3372,0.0042,0.6586
HEARTS FOUR HEARTS KING,0.386,0.0068,0.6072
SPADES SEVEN DIAMONDS JACK,0.35,0.0178,0.6322
DIAMONDS ACE HEARTS QUEEN,0.3284,0.0034,0.6682
HEARTS FOUR HEARTS QUEEN,0.3892,0.0136,0.5972
SPADES SIX DIAMONDS JACK,0.2558,0.0574,0.6868
SPADES TWO DIAMONDS TEN,0.4156,0.3714,0.213
SPADES THREE DIAMONDS TEN,0.4004,0.383,0.2166
SPADES FOUR DIAMONDS TEN,0.4044,0.3768,0.2188
SPADES FIVE DIAMONDS TEN,0.3996,0.3912,0.2092
SPADES SIX DIAMONDS TEN,0.018,0.97,0.012
SPADES SEVEN DIAMONDS TEN,0.2294,0.3008,0.4698
SPADES EIGHT DIAMONDS TEN,0.219,0.2328,0.5482
SPADES NINE DIAMONDS TEN,0.2288,0.1678,0.6034
CLUBS FOUR DIAMONDS TEN,0.3956,0.3814,0.223
CLUBS FIVE DIAMONDS TEN,0.4086,0.3652,0.2262
CLUBS SIX DIAMONDS TEN,0.0238,0.956,0.0202
CLUBS SEVEN DIAMONDS TEN,0.2234,0.2984,0.4782
CLUBS EIGHT DIAMONDS TEN,0.2316,0.222,0.5464
CLUBS NINE DIAMONDS TEN,0.2352,0.1654,0.5994
DIAMONDS THREE CLUBS JACK,0.4146,0.0178,0.5676
CLUBS TEN DIAMONDS THREE,0.3998,0.3696,0.2306
DIAMONDS THREE CLUBS KING,0.3954,0.0064,0.5982
DIAMONDS THREE CLUBS QUEEN,0.403,0.011,0.586
DIAMONDS THREE CLUBS ACE,0.3978,0.004,0.5982
SPADES FOUR HEARTS JACK,0.4068,0.0226,0.5706
SPADES FOUR HEARTS TEN,0.4012,0.3822,0.2166
SPADES FIVE SPADES TWO,0.5936,0.03,0.3764
SPADES FOUR SPADES TWO,0.5834,0.0284,0.3882
SPADES THREE SPADES TWO,0.606,0.0278,0.3662
SPADES NINE SPADES TWO,0.596,0.0292,0.3748
SPADES EIGHT SPADES TWO,0.599,0.0224,0.3786
SPADES SEVEN SPADES TWO,0.616,0.028,0.356
SPADES SIX SPADES TWO,0.6426,0.0916,0.2658
DIAMONDS QUEEN CLUBS THREE,0.4004,0.0118,0.5878
CLUBS THREE HEARTS TWO,0.6216,0.0346,0.3438
DIAMONDS QUEEN CLUBS TWO,0.4028,0.0132,0.584
HEARTS TWO CLUBS TWO,0.4278,0.052,0.5202
HEARTS SEVEN DIAMONDS QUEEN,0.3762,0.012,0.6118
HEARTS SEVEN HEARTS TWO,0.6054,0.0252,0.3694
DIAMONDS QUEEN HEARTS NINE,0.3436,0.0098,0.6466
HEARTS TWO HEARTS NINE,0.594,0.0274,0.3786
DIAMONDS QUEEN HEARTS EIGHT,0.3416,0.008,0.6504
HEARTS TWO HEARTS EIGHT,0.6092,0.028,0.3628
CLUBS NINE HEARTS TWO,0.6258,0.0236,0.3506
CLUBS NINE DIAMONDS QUEEN,0.3514,0.009,0.6396
CLUBS EIGHT HEARTS TWO,0.6328,0.0292,0.338
CLUBS EIGHT DIAMONDS QUEEN,0.366,0.0114,0.6226
CLUBS FIVE DIAMONDS QUEEN,0.4146,0.0128,0.5726
CLUBS FIVE HEARTS TWO,0.6342,0.0292,0.3366
SPADES EIGHT HEARTS ACE,0.3702,0.0048,0.625
DIAMONDS QUEEN CLUBS FOUR,0.4002,0.0134,0.5864
HEARTS TWO CLUBS FOUR,0.631,0.0276,0.3414
CLUBS SEVEN DIAMONDS QUEEN,0.3762,0.0092,0.6146
CLUBS SEVEN HEARTS TWO,0.6296,0.0328,0.3376
SPADES EIGHT HEARTS QUEEN,0.37,0.009,0.621
CLUBS SIX DIAMONDS QUEEN,0.2474,0.0442,0.7084
CLUBS SIX HEARTS TWO,0.6878,0.079,0.2332
SPADES EIGHT HEARTS KING,0.367,0.0078,0.6252
DIAMONDS QUEEN SPADES SIX,0.2546,0.047,0.6984
HEARTS TWO SPADES SIX,0.682,0.0892,0.2288
HEARTS FOUR CLUBS QUEEN,0.4042,0.0122,0.5836
DIAMONDS ACE CLUBS QUEEN,0.337,0.0036,0.6594
DIAMONDS QUEEN SPADES SEVEN,0.3614,0.0098,0.6288
SPADES SEVEN HEARTS TWO,0.6412,0.029,0.3298
HEARTS FOUR CLUBS KING,0.4106,0.0074,0.582
DIAMONDS ACE CLUBS KING,0.33,0.0024,0.6676
SPADES EIGHT DIAMONDS QUEEN,0.3658,0.009,0.6252
SPADES EIGHT HEARTS TWO,0.6358,0.0286,0.3356
HEARTS FOUR CLUBS ACE,0.401,0.0036,0.5954
DIAMONDS ACE CLUBS ACE,0.144,0.0026,0.8534
SPADES NINE DIAMONDS QUEEN,0.35,0.009,0.641
SPADES NINE HEARTS TWO,0.6378,0.0246,0.3376
HEARTS TWO SPADES TWO,0.438,0.0566,0.5054
DIAMONDS QUEEN SPADES TWO,0.4318,0.0112,0.557
HEARTS TWO SPADES THREE,0.6488,0.0282,0.323
DIAMONDS QUEEN SPADES THREE,0.4116,0.0096,0.5788
HEARTS TWO SPADES FOUR,0.6372,0.0306,0.3322
DIAMONDS QUEEN SPADES FOUR,0.4054,0.011,0.5836
HEARTS FOUR CLUBS TEN,0.4078,0.3776,0.2146
CLUBS TEN DIAMONDS ACE,0.256,0.0218,0.7222
HEARTS TWO SPADES FIVE,0.6318,0.0288,0.3394
DIAMONDS QUEEN SPADES FIVE,0.4074,0.0108,0.5818
HEARTS FOUR CLUBS JACK,0.398,0.0214,0.5806
DIAMONDS ACE CLUBS JACK,0.3222,0.0038,0.674
CLUBS FIVE CLUBS KING,0.3766,0.0078,0.6156
CLUBS FIVE CLUBS QUEEN,0.3926,0.0084,0.599
CLUBS FIVE CLUBS ACE,0.3808,0.0054,0.6138
CLUBS FIVE CLUBS JACK,0.3794,0.0174,0.6032
CLUBS TEN CLUBS FIVE,0.3796,0.3552,0.2652
SPADES KING CLUBS JACK,0.3252,0.0066,0.6682
SPADES QUEEN CLUBS JACK,0.3096,0.0068,0.6836
SPADES ACE CLUBS JACK,0.3184,0.004,0.6776
SPADES SIX CLUBS KING,0.2582,0.0336,0.7082
SPADES SIX CLUBS QUEEN,0.2514,0.0458,0.7028
SPADES EIGHT HEARTS JACK,0.3284,0.0178,0.6538
SPADES SIX CLUBS ACE,0.2526,0.0244,0.723
SPADES EIGHT HEARTS TEN,0.2158,0.2392,0.545
SPADES SIX CLUBS JACK,0.2512,0.0588,0.69
CLUBS TEN SPADES SIX,0.0206,0.9666,0.0128
SPADES JACK CLUBS JACK,0.1586,0.0228,0.8186
SPADES QUEEN CLUBS SEVEN,0.38,0.0118,0.6082
SPADES KING CLUBS SEVEN,0.364,0.0076,0.6284
SPADES ACE CLUBS SEVEN,0.359,0.0064,0.6346
SPADES SIX HEARTS TEN,0.0084,0.9856,0.006
SPADES SIX HEARTS JACK,0.2458,0.0622,0.692
SPADES SIX HEARTS ACE,0.242,0.027,0.731
SPADES SIX HEARTS KING,0.2474,0.0358,0.7168
SPADES SIX HEARTS QUEEN,0.2448,0.0442,0.711
CLUBS SEVEN SPADES JACK,0.3576,0.0156,0.6268
CLUBS ACE CLUBS JACK,0.3162,0.0044,0.6794
CLUBS QUEEN CLUBS JACK,0.308,0.008,0.684
CLUBS KING CLUBS JACK,0.3106,0.0046,0.6848
DIAMONDS THREE HEARTS ACE,0.3944,0.0054,0.6002
DIAMONDS THREE HEARTS QUEEN,0.4048,0.0116,0.5836
DIAMONDS THREE HEARTS KING,0.4078,0.0082,0.584
CLUBS FIVE HEARTS JACK,0.4036,0.0182,0.5782
CLUBS FIVE HEARTS TEN,0.3898,0.3762,0.234
HEARTS FOUR SPADES JACK,0.3988,0.0202,0.581
SPADES JACK DIAMONDS ACE,0.3172,0.0016,0.6812
SPADES ACE HEARTS FOUR,0.3972,0.0048,0.598
SPADES ACE DIAMONDS ACE,0.1354,0.0038,0.8608
CLUBS FIVE HEARTS ACE,0.3994,0.0042,0.5964
CLUBS FIVE HEARTS KING,0.4022,0.005,0.5928
HEARTS FOUR SPADES QUEEN,0.3912,0.0118,0.597
SPADES QUEEN DIAMONDS ACE,0.3306,0.0034,0.666
SPADES FOUR CLUBS JACK,0.3894,0.0184,0.5922
CLUBS FIVE HEARTS QUEEN,0.393,0.0138,0.5932
SPADES KING DIAMONDS ACE,0.326,0.0026,0.6714
HEARTS FOUR SPADES KING,0.4056,0.0098,0.5846
CLUBS TEN SPADES FOUR,0.3976,0.388,0.2144
DIAMONDS QUEEN DIAMONDS ACE,0.3092,0.0028,0.688
HEARTS TWO DIAMONDS ACE,0.4168,0.0046,0.5786
HEARTS FOUR DIAMONDS QUEEN,0.4126,0.009,0.5784
HEARTS FOUR HEARTS TWO,0.599,0.0262,0.3748
DIAMONDS THREE HEARTS TEN,0.3954,0.3858,0.2188
SPADES FOUR CLUBS KING,0.4074,0.0072,0.5854
HEARTS FIVE DIAMONDS QUEEN,0.4,0.0108,0.5892
HEARTS FIVE HEARTS TWO,0.6048,0.0224,0.3728
DIAMONDS THREE HEARTS JACK,0.4098,0.0218,0.5684
SPADES FOUR CLUBS QUEEN,0.4002,0.014,0.5858
DIAMONDS QUEEN HEARTS TWO,0.4152,0.015,0.5698
DIAMONDS KING DIAMONDS QUEEN,0.2984,0.0062,0.6954
DIAMONDS KING HEARTS TWO,0.41,0.0094,0.5806
HEARTS THREE DIAMONDS QUEEN,0.3964,0.0088,0.5948
HEARTS THREE HEARTS TWO,0.602,0.027,0.371
SPADES FOUR CLUBS ACE,0.3996,0.0056,0.5948
HEARTS TWO CLUBS ACE,0.4076,0.0044,0.588
DIAMONDS QUEEN CLUBS ACE,0.3302,0.0046,0.6652
HEARTS TWO CLUBS QUEEN,0.416,0.012,0.572
DIAMONDS QUEEN CLUBS QUEEN,0.1594,0.0162,0.8244
HEARTS TWO CLUBS KING,0.4088,0.0082,0.583
DIAMONDS QUEEN CLUBS KING,0.3366,0.005,0.6584
SPADES EIGHT SPADES FIVE,0.5786,0.0262,0.3952
CLUBS TEN HEARTS TWO,0.4166,0.3682,0.2152
CLUBS TEN DIAMONDS QUEEN,0.2382,0.0434,0.7184
SPADES NINE SPADES FIVE,0.5888,0.0276,0.3836
HEARTS TWO CLUBS JACK,0.404,0.0206,0.5754
DIAMONDS QUEEN CLUBS JACK,0.3096,0.0074,0.683
SPADES SIX SPADES FIVE,0.612,0.0836,0.3044
SPADES SEVEN SPADES FIVE,0.5682,0.0308,0.401
DIAMONDS FIVE CLUBS QUEEN,0.4102,0.009,0.5808
SPADES EIGHT CLUBS ACE,0.3696,0.003,0.6274
DIAMONDS FIVE CLUBS KING,0.4062,0.007,0.5868
SPADES EIGHT CLUBS KING,0.3676,0.0088,0.6236
CLUBS ACE DIAMONDS FIVE,0.401,0.0038,0.5952
SPADES EIGHT CLUBS QUEEN,0.3622,0.011,0.6268
SPADES EIGHT CLUBS JACK,0.3486,0.0142,0.6372
CLUBS TEN SPADES EIGHT,0.2356,0.2184,0.546
CLUBS TEN DIAMONDS FIVE,0.398,0.3766,0.2254
DIAMONDS FIVE CLUBS JACK,0.4086,0.016,0.5754
DIAMONDS TEN HEARTS JACK,0.2288,0.0484,0.7228
DIAMONDS TEN HEARTS TEN,0.0962,0.0512,0.8526
