opposingHand,winningChance,drawChance,lostChance
HEARTS KING DIAMONDS KING
HEARTS FIVE SPADES TEN,0.8524,0.0096,0.138
HEARTS FIVE SPADES JACK,0.8556,0.0066,0.1378
CLUBS JACK SPADES FIVE,0.85,0.0084,0.1416
CLUBS TEN SPADES FIVE,0.8516,0.0106,0.1378
CLUBS JACK CLUBS EIGHT,0.779,0.007,0.214
CLUBS TEN CLUBS EIGHT,0.779,0.007,0.214
CLUBS EIGHT CLUBS KING,0.8534,0.0138,0.1328
SPADES FIVE CLUBS ACE,0.7048,0.0022,0.293
CLUBS EIGHT CLUBS QUEEN,0.7994,0.0028,0.1978
SPADES FIVE CLUBS KING,0.9038,0.0142,0.082
SPADES FIVE CLUBS QUEEN,0.8536,0.0022,0.1442
CLUBS EIGHT CLUBS ACE,0.678,0.0022,0.3198
DIAMONDS TWO DIAMONDS THREE,0.8042,0.0228,0.173
DIAMONDS TWO DIAMONDS FIVE,0.799,0.0202,0.1808
HEARTS FIVE SPADES KING,0.9144,0.0138,0.0718
DIAMONDS TWO DIAMONDS FOUR,0.792,0.0228,0.1852
HEARTS FIVE SPADES QUEEN,0.8656,0.0054,0.129
DIAMONDS TWO DIAMONDS SEVEN,0.8278,0.0198,0.1524
DIAMONDS TWO DIAMONDS SIX,0.8136,0.018,0.1684
SPADES ACE HEARTS FIVE,0.7118,0.004,0.2842
DIAMONDS TWO DIAMONDS NINE,0.83,0.0124,0.1576
DIAMONDS TWO DIAMONDS EIGHT,0.8254,0.0158,0.1588
DIAMONDS THREE DIAMONDS FOUR,0.7834,0.024,0.1926
CLUBS TWO SPADES FOUR,0.8214,0.0202,0.1584
DIAMONDS THREE DIAMONDS FIVE,0.7778,0.02,0.2022
CLUBS TWO SPADES FIVE,0.8128,0.0202,0.167
CLUBS TWO SPADES TWO,0.7862,0.0352,0.1786
CLUBS TWO SPADES THREE,0.8322,0.023,0.1448
DIAMONDS THREE DIAMONDS EIGHT,0.8248,0.0166,0.1586
SPADES EIGHT CLUBS TWO,0.8538,0.0148,0.1314
DIAMONDS THREE DIAMONDS NINE,0.8208,0.0158,0.1634
SPADES NINE CLUBS TWO,0.8476,0.012,0.1404
DIAMONDS THREE DIAMONDS SIX,0.7998,0.0192,0.181
SPADES SIX CLUBS TWO,0.837,0.0164,0.1466
DIAMONDS THREE DIAMONDS SEVEN,0.8094,0.0166,0.174
SPADES SEVEN CLUBS TWO,0.8516,0.0176,0.1308
CLUBS SIX CLUBS TWO,0.8024,0.0192,0.1784
CLUBS SEVEN CLUBS TWO,0.8152,0.0196,0.1652
CLUBS FOUR CLUBS TWO,0.7936,0.0182,0.1882
CLUBS FIVE CLUBS TWO,0.783,0.0196,0.1974
CLUBS TEN CLUBS JACK,0.7774,0.0058,0.2168
DIAMONDS FOUR DIAMONDS SIX,0.7772,0.0198,0.203
CLUBS TEN CLUBS QUEEN,0.8072,0.0022,0.1906
DIAMONDS FOUR DIAMONDS SEVEN,0.7864,0.0174,0.1962
CLUBS TEN CLUBS KING,0.831,0.0132,0.1558
CLUBS TEN CLUBS ACE,0.6688,0.0026,0.3286
CLUBS EIGHT CLUBS TWO,0.8138,0.0186,0.1676
DIAMONDS FIVE DIAMONDS FOUR,0.7558,0.0178,0.2264
CLUBS NINE CLUBS TWO,0.8138,0.011,0.1752
DIAMONDS NINE DIAMONDS FOUR,0.8196,0.0122,0.1682
DIAMONDS EIGHT DIAMONDS FOUR,0.8144,0.0154,0.1702
CLUBS TWO CLUBS THREE,0.7916,0.0202,0.1882
DIAMONDS NINE DIAMONDS FIVE,0.811,0.013,0.176
CLUBS JACK DIAMONDS TWO,0.8672,0.0084,0.1244
DIAMONDS EIGHT DIAMONDS FIVE,0.7994,0.0144,0.1862
CLUBS TEN DIAMONDS TWO,0.8668,0.0094,0.1238
DIAMONDS FIVE DIAMONDS SEVEN,0.7738,0.0186,0.2076
DIAMONDS FIVE DIAMONDS SIX,0.7642,0.0156,0.2202
DIAMONDS TWO CLUBS ACE,0.7144,0.0048,0.2808
DIAMONDS TWO CLUBS KING,0.9238,0.0152,0.061
DIAMONDS TWO CLUBS QUEEN,0.872,0.0042,0.1238
DIAMONDS EIGHT DIAMONDS SIX,0.7732,0.0162,0.2106
DIAMONDS NINE DIAMONDS SIX,0.8022,0.0146,0.1832
SPADES THREE HEARTS ACE,0.7034,0.0038,0.2928
DIAMONDS SEVEN DIAMONDS SIX,0.766,0.0186,0.2154
HEARTS QUEEN SPADES THREE,0.8676,0.0046,0.1278
SPADES THREE HEARTS JACK,0.8716,0.008,0.1204
SPADES THREE HEARTS TEN,0.8578,0.0106,0.1316
DIAMONDS EIGHT DIAMONDS SEVEN,0.7628,0.0168,0.2204
DIAMONDS NINE DIAMONDS SEVEN,0.7738,0.0116,0.2146
DIAMONDS NINE DIAMONDS EIGHT,0.7712,0.0154,0.2134
HEARTS THREE HEARTS TEN,0.828,0.0094,0.1626
SPADES JACK CLUBS SIX,0.8642,0.0072,0.1286
HEARTS THREE HEARTS JACK,0.8248,0.0084,0.1668
SPADES TEN CLUBS SIX,0.8432,0.0076,0.1492
SPADES JACK SPADES FIVE,0.8142,0.0074,0.1784
SPADES TEN SPADES FIVE,0.8104,0.0092,0.1804
HEARTS THREE HEARTS ACE,0.6742,0.0052,0.3206
SPADES ACE CLUBS SIX,0.7274,0.0026,0.27
HEARTS THREE HEARTS QUEEN,0.8276,0.0052,0.1672
SPADES KING CLUBS SIX,0.9074,0.0128,0.0798
SPADES QUEEN CLUBS SIX,0.8512,0.003,0.1458
SPADES NINE HEARTS TEN,0.8198,0.0108,0.1694
SPADES NINE HEARTS JACK,0.8238,0.0058,0.1704
SPADES QUEEN SPADES FIVE,0.8074,0.0038,0.1888
SPADES KING SPADES FIVE,0.8554,0.0116,0.133
SPADES ACE SPADES FIVE,0.6574,0.003,0.3396
SPADES NINE HEARTS QUEEN,0.8512,0.0038,0.145
SPADES NINE HEARTS ACE,0.7112,0.0034,0.2854
CLUBS TEN SPADES JACK,0.8214,0.0062,0.1724
CLUBS TEN SPADES TEN,0.7646,0.03,0.2054
SPADES ACE CLUBS TEN,0.717,0.003,0.28
CLUBS TEN SPADES KING,0.88,0.0096,0.1104
CLUBS TEN SPADES QUEEN,0.8374,0.0018,0.1608
SPADES FIVE HEARTS QUEEN,0.8578,0.0024,0.1398
SPADES FIVE HEARTS ACE,0.6924,0.004,0.3036
CLUBS EIGHT SPADES TEN,0.8048,0.01,0.1852
SPADES JACK HEARTS THREE,0.8654,0.0078,0.1268
SPADES TEN HEARTS THREE,0.8582,0.0108,0.131
CLUBS EIGHT SPADES JACK,0.832,0.0054,0.1626
CLUBS SIX HEARTS ACE,0.7114,0.0044,0.2842
SPADES ACE CLUBS EIGHT,0.7078,0.0022,0.29
HEARTS FIVE CLUBS JACK,0.848,0.0074,0.1446
CLUBS TEN HEARTS FIVE,0.8578,0.0088,0.1334
CLUBS SIX HEARTS QUEEN,0.8692,0.0038,0.127
SPADES QUEEN CLUBS EIGHT,0.8414,0.0038,0.1548
CLUBS TEN SPADES THREE,0.8486,0.0102,0.1412
SPADES KING CLUBS EIGHT,0.9084,0.0116,0.08
CLUBS JACK SPADES THREE,0.8592,0.0068,0.134
DIAMONDS TWO HEARTS JACK,0.8722,0.0062,0.1216
SPADES THREE CLUBS QUEEN,0.8548,0.0034,0.1418
DIAMONDS TWO HEARTS TEN,0.877,0.0124,0.1106
SPADES THREE CLUBS KING,0.914,0.0124,0.0736
HEARTS FIVE CLUBS ACE,0.7092,0.0026,0.2882
SPADES FIVE HEARTS TEN,0.8542,0.008,0.1378
SPADES THREE CLUBS ACE,0.7074,0.0044,0.2882
HEARTS FIVE CLUBS KING,0.915,0.0134,0.0716
SPADES FIVE HEARTS JACK,0.8586,0.0072,0.1342
HEARTS FIVE CLUBS QUEEN,0.858,0.006,0.136
HEARTS THREE CLUBS KING,0.9194,0.0158,0.0648
HEARTS THREE CLUBS QUEEN,0.8696,0.0056,0.1248
HEARTS FIVE HEARTS JACK,0.8058,0.007,0.1872
HEARTS FIVE HEARTS TEN,0.818,0.0096,0.1724
HEARTS THREE CLUBS ACE,0.7098,0.0044,0.2858
SPADES ACE CLUBS QUEEN,0.7066,0.0036,0.2898
SPADES KING CLUBS QUEEN,0.892,0.011,0.097
CLUBS JACK HEARTS THREE,0.8614,0.0092,0.1294
SPADES QUEEN CLUBS QUEEN,0.7698,0.0392,0.191
CLUBS TEN HEARTS THREE,0.8502,0.0134,0.1364
SPADES JACK CLUBS QUEEN,0.836,0.0042,0.1598
CLUBS SIX CLUBS QUEEN,0.8134,0.0036,0.183
SPADES TEN CLUBS QUEEN,0.8276,0.0026,0.1698
CLUBS SIX CLUBS KING,0.8554,0.0164,0.1282
CLUBS SIX CLUBS ACE,0.67,0.0022,0.3278
HEARTS FIVE HEARTS QUEEN,0.833,0.0042,0.1628
CLUBS TEN CLUBS SIX,0.7966,0.0082,0.1952
HEARTS FIVE HEARTS ACE,0.6696,0.0066,0.3238
CLUBS JACK CLUBS SIX,0.8158,0.0062,0.178
SPADES SEVEN HEARTS JACK,0.851,0.007,0.142
SPADES SEVEN HEARTS TEN,0.8286,0.0132,0.1582
DIAMONDS TWO CLUBS TWO,0.7882,0.0354,0.1764
DIAMONDS TWO CLUBS THREE,0.838,0.02,0.142
DIAMONDS TWO HEARTS SIX,0.8566,0.018,0.1254
DIAMONDS TWO HEARTS QUEEN,0.8878,0.0042,0.108
HEARTS SEVEN DIAMONDS TWO,0.8634,0.0184,0.1182
DIAMONDS TWO HEARTS EIGHT,0.868,0.0154,0.1166
DIAMONDS TWO HEARTS ACE,0.7148,0.0052,0.28
DIAMONDS TWO HEARTS NINE,0.8776,0.014,0.1084
DIAMONDS TWO DIAMONDS QUEEN,0.8418,0.0056,0.1526
DIAMONDS TWO HEARTS TWO,0.7968,0.0324,0.1708
DIAMONDS TWO HEARTS THREE,0.8532,0.026,0.1208
DIAMONDS TWO DIAMONDS ACE,0.6834,0.0062,0.3104
HEARTS FOUR DIAMONDS TWO,0.8378,0.0198,0.1424
HEARTS FIVE DIAMONDS TWO,0.8396,0.0222,0.1382
SPADES SEVEN HEARTS ACE,0.712,0.0032,0.2848
DIAMONDS TWO DIAMONDS TEN,0.8294,0.0082,0.1624
DIAMONDS TWO DIAMONDS JACK,0.8288,0.0084,0.1628
SPADES SEVEN HEARTS QUEEN,0.8716,0.0046,0.1238
DIAMONDS TWO SPADES NINE,0.8604,0.0142,0.1254
DIAMONDS TWO SPADES EIGHT,0.8586,0.0146,0.1268
DIAMONDS TWO SPADES SEVEN,0.8632,0.0162,0.1206
DIAMONDS TWO SPADES SIX,0.8536,0.0164,0.13
DIAMONDS TWO SPADES FIVE,0.826,0.0206,0.1534
DIAMONDS TWO SPADES FOUR,0.8282,0.0252,0.1466
DIAMONDS TWO SPADES THREE,0.8392,0.0208,0.14
DIAMONDS TWO SPADES TWO,0.782,0.036,0.182
DIAMONDS TWO CLUBS NINE,0.8684,0.0146,0.117
CLUBS EIGHT DIAMONDS TWO,0.862,0.0136,0.1244
DIAMONDS TWO CLUBS SEVEN,0.848,0.0166,0.1354
DIAMONDS TWO CLUBS SIX,0.846,0.0188,0.1352
DIAMONDS TWO CLUBS FIVE,0.8312,0.022,0.1468
DIAMONDS TWO CLUBS FOUR,0.8446,0.022,0.1334
CLUBS FOUR SPADES FIVE,0.784,0.0204,0.1956
CLUBS FOUR SPADES FOUR,0.7742,0.0296,0.1962
CLUBS FOUR SPADES THREE,0.7982,0.0186,0.1832
CLUBS FOUR SPADES TWO,0.8278,0.0192,0.153
SPADES NINE CLUBS FOUR,0.8504,0.0106,0.139
SPADES EIGHT CLUBS FOUR,0.8386,0.0168,0.1446
CLUBS FOUR SPADES SEVEN,0.8118,0.017,0.1712
CLUBS FOUR SPADES SIX,0.811,0.0154,0.1736
SPADES ACE DIAMONDS SIX,0.7226,0.0024,0.275
SPADES QUEEN DIAMONDS SIX,0.8598,0.0032,0.137
SPADES KING DIAMONDS SIX,0.9102,0.0144,0.0754
SPADES TEN DIAMONDS SIX,0.8414,0.0122,0.1464
SPADES JACK DIAMONDS SIX,0.8626,0.0086,0.1288
SPADES QUEEN SPADES TWO,0.819,0.004,0.177
SPADES KING SPADES TWO,0.8672,0.0116,0.1212
SPADES ACE SPADES TWO,0.6694,0.006,0.3246
CLUBS JACK DIAMONDS JACK,0.7742,0.0368,0.189
CLUBS TEN DIAMONDS JACK,0.8384,0.005,0.1566
DIAMONDS JACK CLUBS KING,0.8818,0.0126,0.1056
DIAMONDS JACK CLUBS QUEEN,0.852,0.0044,0.1436
DIAMONDS THREE DIAMONDS JACK,0.8308,0.0086,0.1606
DIAMONDS THREE DIAMONDS TEN,0.8246,0.0136,0.1618
DIAMONDS JACK CLUBS ACE,0.7044,0.0038,0.2918
DIAMONDS THREE HEARTS THREE,0.7864,0.0342,0.1794
DIAMONDS THREE DIAMONDS QUEEN,0.8328,0.0056,0.1616
DIAMONDS THREE HEARTS TWO,0.8364,0.0252,0.1384
HEARTS FIVE DIAMONDS THREE,0.8162,0.0186,0.1652
DIAMONDS THREE DIAMONDS ACE,0.6792,0.0056,0.3152
HEARTS FOUR DIAMONDS THREE,0.817,0.0212,0.1618
HEARTS SEVEN DIAMONDS THREE,0.8522,0.0172,0.1306
SPADES TEN SPADES NINE,0.7718,0.009,0.2192
HEARTS SIX DIAMONDS THREE,0.839,0.0216,0.1394
SPADES JACK SPADES NINE,0.7904,0.0048,0.2048
DIAMONDS THREE HEARTS NINE,0.8648,0.0116,0.1236
HEARTS JACK DIAMONDS FOUR,0.8698,0.0064,0.1238
SPADES TEN SPADES TWO,0.8176,0.0084,0.174
DIAMONDS THREE HEARTS EIGHT,0.8656,0.018,0.1164
HEARTS TEN DIAMONDS FOUR,0.8558,0.0106,0.1336
SPADES JACK SPADES TWO,0.8222,0.0078,0.17
HEARTS QUEEN DIAMONDS FOUR,0.8798,0.0054,0.1148
SPADES ACE SPADES NINE,0.682,0.0028,0.3152
HEARTS ACE DIAMONDS FOUR,0.7098,0.0054,0.2848
SPADES KING SPADES NINE,0.841,0.013,0.146
SPADES QUEEN SPADES NINE,0.8022,0.0048,0.193
DIAMONDS THREE SPADES NINE,0.866,0.0126,0.1214
DIAMONDS THREE SPADES EIGHT,0.855,0.0184,0.1266
DIAMONDS THREE SPADES SEVEN,0.842,0.0182,0.1398
DIAMONDS THREE SPADES SIX,0.8308,0.021,0.1482
DIAMONDS THREE CLUBS SIX,0.8356,0.018,0.1464
CLUBS SIX CLUBS FIVE,0.7332,0.0152,0.2516
CLUBS ACE DIAMONDS FOUR,0.7046,0.0038,0.2916
DIAMONDS THREE CLUBS SEVEN,0.8564,0.017,0.1266
CLUBS SEVEN CLUBS FIVE,0.7502,0.0186,0.2312
DIAMONDS THREE CLUBS FOUR,0.8182,0.0172,0.1646
DIAMONDS FOUR CLUBS QUEEN,0.8676,0.004,0.1284
DIAMONDS THREE CLUBS FIVE,0.8096,0.0184,0.172
DIAMONDS FOUR CLUBS KING,0.9208,0.0132,0.066
DIAMONDS THREE CLUBS TWO,0.8332,0.0186,0.1482
CLUBS TEN DIAMONDS FOUR,0.8532,0.0108,0.136
DIAMONDS THREE CLUBS THREE,0.7808,0.034,0.1852
CLUBS JACK DIAMONDS FOUR,0.8612,0.0066,0.1322
DIAMONDS THREE SPADES FOUR,0.8238,0.0178,0.1584
DIAMONDS THREE SPADES FIVE,0.805,0.0232,0.1718
DIAMONDS THREE SPADES TWO,0.8322,0.021,0.1468
DIAMONDS THREE SPADES THREE,0.7762,0.0338,0.19
CLUBS EIGHT DIAMONDS THREE,0.8596,0.015,0.1254
CLUBS NINE DIAMONDS THREE,0.8568,0.0138,0.1294
SPADES SEVEN CLUBS ACE,0.7124,0.003,0.2846
SPADES SEVEN CLUBS QUEEN,0.8556,0.0026,0.1418
SPADES SEVEN CLUBS KING,0.899,0.016,0.085
SPADES SEVEN CLUBS FIVE,0.801,0.0146,0.1844
CLUBS TEN SPADES SEVEN,0.8282,0.0086,0.1632
CLUBS FIVE SPADES SIX,0.7864,0.0168,0.1968
CLUBS JACK SPADES SEVEN,0.8396,0.0068,0.1536
SPADES NINE CLUBS FIVE,0.8294,0.0124,0.1582
SPADES EIGHT CLUBS FIVE,0.817,0.0158,0.1672
CLUBS FIVE SPADES THREE,0.8056,0.0216,0.1728
CLUBS FIVE SPADES TWO,0.823,0.016,0.161
CLUBS FIVE SPADES FIVE,0.7676,0.0326,0.1998
CLUBS FIVE SPADES FOUR,0.7862,0.0176,0.1962
CLUBS NINE CLUBS FIVE,0.7868,0.0142,0.199
CLUBS EIGHT CLUBS FIVE,0.7732,0.0152,0.2116
CLUBS ACE CLUBS QUEEN,0.6732,0.0034,0.3234
CLUBS KING CLUBS QUEEN,0.8348,0.0128,0.1524
DIAMONDS TEN DIAMONDS FOUR,0.821,0.0134,0.1656
CLUBS TEN DIAMONDS NINE,0.8088,0.0094,0.1818
DIAMONDS JACK DIAMONDS FOUR,0.8228,0.008,0.1692
CLUBS JACK DIAMONDS NINE,0.829,0.0082,0.1628
CLUBS JACK SPADES NINE,0.8252,0.0076,0.1672
CLUBS TEN SPADES NINE,0.8106,0.007,0.1824
DIAMONDS ACE DIAMONDS FOUR,0.6766,0.006,0.3174
HEARTS FOUR DIAMONDS FOUR,0.7898,0.035,0.1752
DIAMONDS JACK HEARTS TEN,0.8358,0.0106,0.1536
SPADES NINE CLUBS KING,0.8882,0.0144,0.0974
DIAMONDS TWO SPADES TEN,0.8544,0.011,0.1346
DIAMONDS NINE CLUBS ACE,0.7124,0.0044,0.2832
HEARTS FIVE DIAMONDS FOUR,0.794,0.0192,0.1868
DIAMONDS JACK HEARTS JACK,0.7828,0.04,0.1772
SPADES NINE CLUBS QUEEN,0.846,0.0018,0.1522
DIAMONDS TWO SPADES JACK,0.8692,0.0086,0.1222
DIAMONDS QUEEN DIAMONDS FOUR,0.8258,0.0044,0.1698
HEARTS TWO DIAMONDS FOUR,0.8444,0.018,0.1376
DIAMONDS NINE CLUBS QUEEN,0.8534,0.0046,0.142
HEARTS THREE DIAMONDS FOUR,0.82,0.0236,0.1564
SPADES NINE CLUBS ACE,0.7104,0.0028,0.2868
DIAMONDS NINE CLUBS KING,0.906,0.0134,0.0806
DIAMONDS JACK HEARTS ACE,0.7148,0.0058,0.2794
SPADES ACE DIAMONDS TWO,0.7134,0.0048,0.2818
HEARTS QUEEN DIAMONDS JACK,0.8604,0.0036,0.136
SPADES QUEEN DIAMONDS TWO,0.8746,0.004,0.1214
SPADES KING DIAMONDS TWO,0.9278,0.014,0.0582
SPADES JACK SPADES SEVEN,0.8034,0.006,0.1906
SPADES TEN SPADES SEVEN,0.7852,0.011,0.2038
CLUBS SEVEN CLUBS THREE,0.8042,0.0154,0.1804
CLUBS SIX CLUBS THREE,0.7972,0.0168,0.186
CLUBS FIVE CLUBS THREE,0.7666,0.0184,0.215
CLUBS FOUR CLUBS THREE,0.7688,0.0204,0.2108
CLUBS NINE CLUBS THREE,0.8138,0.01,0.1762
CLUBS EIGHT CLUBS THREE,0.8104,0.013,0.1766
SPADES FIVE CLUBS THREE,0.8078,0.015,0.1772
CLUBS THREE SPADES FOUR,0.8102,0.0224,0.1674
CLUBS THREE SPADES THREE,0.7714,0.0318,0.1968
CLUBS THREE SPADES TWO,0.832,0.0204,0.1476
SPADES SIX CLUBS THREE,0.8178,0.0172,0.165
SPADES SEVEN CLUBS THREE,0.8224,0.0178,0.1598
SPADES EIGHT CLUBS THREE,0.8534,0.0146,0.132
SPADES NINE CLUBS THREE,0.8432,0.0136,0.1432
SPADES TWO DIAMONDS FOUR,0.8414,0.0208,0.1378
SPADES THREE DIAMONDS FOUR,0.8242,0.0196,0.1562
SPADES FOUR DIAMONDS FOUR,0.7914,0.0324,0.1762
SPADES FIVE DIAMONDS FOUR,0.7874,0.0204,0.1922
SPADES SIX DIAMONDS FOUR,0.8214,0.0156,0.163
SPADES SEVEN DIAMONDS FOUR,0.8316,0.0168,0.1516
SPADES EIGHT DIAMONDS FOUR,0.8542,0.0134,0.1324
SPADES NINE DIAMONDS FOUR,0.8522,0.0142,0.1336
CLUBS FIVE DIAMONDS FOUR,0.7938,0.0204,0.1858
CLUBS FOUR DIAMONDS FOUR,0.7748,0.033,0.1922
CLUBS SEVEN DIAMONDS FOUR,0.8196,0.0176,0.1628
CLUBS SIX DIAMONDS FOUR,0.8154,0.0174,0.1672
CLUBS NINE DIAMONDS FOUR,0.8618,0.0122,0.126
CLUBS EIGHT DIAMONDS FOUR,0.8474,0.0128,0.1398
HEARTS SEVEN DIAMONDS FOUR,0.826,0.0158,0.1582
HEARTS SIX DIAMONDS FOUR,0.8278,0.0196,0.1526
DIAMONDS FOUR HEARTS NINE,0.8624,0.015,0.1226
DIAMONDS FOUR HEARTS EIGHT,0.8578,0.0154,0.1268
CLUBS THREE DIAMONDS FOUR,0.8196,0.0216,0.1588
CLUBS TWO DIAMONDS FOUR,0.8358,0.0176,0.1466
DIAMONDS TEN DIAMONDS FIVE,0.8214,0.0116,0.167
DIAMONDS JACK DIAMONDS FIVE,0.8208,0.0068,0.1724
DIAMONDS NINE HEARTS QUEEN,0.8582,0.0054,0.1364
DIAMONDS NINE HEARTS ACE,0.7164,0.0038,0.2798
DIAMONDS NINE HEARTS TEN,0.8292,0.0114,0.1594
DIAMONDS NINE HEARTS JACK,0.842,0.0084,0.1496
CLUBS KING DIAMONDS SIX,0.9132,0.0146,0.0722
CLUBS QUEEN DIAMONDS SIX,0.8552,0.0034,0.1414
CLUBS ACE DIAMONDS SIX,0.7268,0.0016,0.2716
SPADES KING DIAMONDS FOUR,0.917,0.0144,0.0686
SPADES ACE SPADES SEVEN,0.6666,0.0028,0.3306
SPADES QUEEN DIAMONDS FOUR,0.8652,0.0048,0.13
SPADES QUEEN SPADES SEVEN,0.8182,0.0024,0.1794
CLUBS JACK DIAMONDS SIX,0.8632,0.0078,0.129
SPADES KING SPADES SEVEN,0.858,0.0128,0.1292
SPADES ACE DIAMONDS FOUR,0.7092,0.0036,0.2872
CLUBS TEN DIAMONDS SIX,0.8494,0.0072,0.1434
CLUBS NINE CLUBS FOUR,0.8072,0.012,0.1808
CLUBS EIGHT CLUBS FOUR,0.792,0.017,0.191
SPADES JACK DIAMONDS FOUR,0.8576,0.0062,0.1362
SPADES TEN DIAMONDS FOUR,0.8522,0.0098,0.138
CLUBS FOUR CLUBS FIVE,0.7536,0.021,0.2254
CLUBS SEVEN CLUBS FOUR,0.785,0.0162,0.1988
CLUBS SIX CLUBS FOUR,0.7638,0.0194,0.2168
CLUBS SEVEN SPADES EIGHT,0.7978,0.0134,0.1888
SPADES NINE CLUBS SEVEN,0.8046,0.0134,0.182
CLUBS SEVEN SPADES SIX,0.8016,0.0154,0.183
CLUBS SEVEN SPADES SEVEN,0.7466,0.035,0.2184
CLUBS SEVEN SPADES FIVE,0.8088,0.0154,0.1758
CLUBS SEVEN SPADES FOUR,0.8208,0.0152,0.164
CLUBS SEVEN SPADES THREE,0.8438,0.017,0.1392
CLUBS SEVEN SPADES TWO,0.8432,0.0174,0.1394
CLUBS NINE CLUBS SEVEN,0.7616,0.0108,0.2276
CLUBS EIGHT CLUBS SEVEN,0.757,0.0136,0.2294
HEARTS SIX DIAMONDS FIVE,0.8054,0.0202,0.1744
HEARTS SEVEN DIAMONDS FIVE,0.8112,0.017,0.1718
DIAMONDS FIVE HEARTS EIGHT,0.8324,0.0168,0.1508
DIAMONDS FIVE HEARTS NINE,0.8484,0.0152,0.1364
DIAMONDS QUEEN DIAMONDS FIVE,0.8234,0.0054,0.1712
HEARTS TWO DIAMONDS FIVE,0.8314,0.0178,0.1508
HEARTS THREE DIAMONDS FIVE,0.8138,0.0198,0.1664
HEARTS QUEEN HEARTS EIGHT,0.8206,0.0022,0.1772
DIAMONDS ACE DIAMONDS FIVE,0.6754,0.007,0.3176
HEARTS FOUR DIAMONDS FIVE,0.8024,0.0222,0.1754
HEARTS FIVE DIAMONDS FIVE,0.7802,0.0314,0.1884
HEARTS ACE HEARTS EIGHT,0.6788,0.0054,0.3158
CLUBS FOUR DIAMONDS FIVE,0.7906,0.024,0.1854
CLUBS FIVE DIAMONDS FIVE,0.7672,0.0336,0.1992
CLUBS SIX DIAMONDS FIVE,0.7958,0.0186,0.1856
CLUBS SEVEN DIAMONDS FIVE,0.806,0.0148,0.1792
CLUBS TWO DIAMONDS FIVE,0.8228,0.0202,0.157
CLUBS THREE DIAMONDS FIVE,0.811,0.0194,0.1696
SPADES THREE DIAMONDS FIVE,0.8156,0.019,0.1654
SPADES TWO DIAMONDS FIVE,0.8146,0.0234,0.162
SPADES JACK DIAMONDS EIGHT,0.835,0.0064,0.1586
SPADES FIVE DIAMONDS FIVE,0.7704,0.033,0.1966
CLUBS TEN HEARTS JACK,0.8314,0.007,0.1616
SPADES TEN DIAMONDS EIGHT,0.8224,0.0106,0.167
SPADES FOUR DIAMONDS FIVE,0.7916,0.0214,0.187
CLUBS JACK HEARTS JACK,0.7924,0.0374,0.1702
HEARTS JACK CLUBS QUEEN,0.8474,0.0034,0.1492
CLUBS NINE DIAMONDS FIVE,0.84,0.013,0.147
CLUBS EIGHT DIAMONDS FIVE,0.8252,0.0148,0.16
HEARTS JACK CLUBS KING,0.8826,0.0122,0.1052
CLUBS ACE HEARTS JACK,0.7218,0.0048,0.2734
SPADES SEVEN DIAMONDS FIVE,0.8084,0.0162,0.1754
SPADES KING DIAMONDS EIGHT,0.9172,0.013,0.0698
SPADES QUEEN DIAMONDS EIGHT,0.8558,0.0066,0.1376
SPADES SIX DIAMONDS FIVE,0.7928,0.0178,0.1894
SPADES NINE DIAMONDS FIVE,0.835,0.0118,0.1532
SPADES EIGHT DIAMONDS FIVE,0.8262,0.0152,0.1586
SPADES ACE DIAMONDS EIGHT,0.7202,0.0034,0.2764
DIAMONDS TEN DIAMONDS SIX,0.811,0.0118,0.1772
HEARTS ACE DIAMONDS SEVEN,0.7064,0.0042,0.2894
DIAMONDS JACK DIAMONDS SIX,0.8222,0.0092,0.1686
HEARTS QUEEN DIAMONDS SEVEN,0.8692,0.0042,0.1266
DIAMONDS ACE DIAMONDS SIX,0.6828,0.0034,0.3138
HEARTS FOUR DIAMONDS SIX,0.8194,0.0176,0.163
SPADES TWO HEARTS JACK,0.8668,0.0078,0.1254
HEARTS FIVE DIAMONDS SIX,0.7986,0.0192,0.1822
SPADES TWO HEARTS TEN,0.864,0.0112,0.1248
DIAMONDS QUEEN DIAMONDS SIX,0.8286,0.004,0.1674
HEARTS TWO DIAMONDS SIX,0.855,0.0172,0.1278
HEARTS THREE DIAMONDS SIX,0.8362,0.0194,0.1444
HEARTS EIGHT DIAMONDS SIX,0.822,0.015,0.163
HEARTS NINE DIAMONDS SIX,0.8238,0.015,0.1612
HEARTS SIX DIAMONDS SIX,0.7674,0.0378,0.1948
HEARTS SEVEN DIAMONDS SIX,0.7978,0.0196,0.1826
HEARTS TEN DIAMONDS SEVEN,0.84,0.0084,0.1516
CLUBS TWO DIAMONDS SIX,0.8624,0.0178,0.1198
HEARTS JACK DIAMONDS SEVEN,0.8506,0.0068,0.1426
CLUBS THREE DIAMONDS SIX,0.8238,0.0194,0.1568
CLUBS SEVEN DIAMONDS SIX,0.7952,0.0176,0.1872
CLUBS JACK DIAMONDS EIGHT,0.8318,0.0068,0.1614
CLUBS SIX DIAMONDS SIX,0.7774,0.031,0.1916
CLUBS TEN DIAMONDS EIGHT,0.8122,0.009,0.1788
CLUBS FIVE DIAMONDS SIX,0.792,0.0172,0.1908
CLUBS FOUR DIAMONDS SIX,0.8158,0.019,0.1652
HEARTS ACE HEARTS JACK,0.6804,0.004,0.3156
DIAMONDS EIGHT CLUBS ACE,0.7228,0.004,0.2732
HEARTS QUEEN HEARTS JACK,0.8092,0.0042,0.1866
DIAMONDS EIGHT CLUBS KING,0.9224,0.015,0.0626
CLUBS NINE DIAMONDS SIX,0.8176,0.0124,0.17
CLUBS EIGHT DIAMONDS SIX,0.8228,0.0164,0.1608
DIAMONDS EIGHT CLUBS QUEEN,0.851,0.0036,0.1454
SPADES FIVE DIAMONDS SIX,0.797,0.0182,0.1848
HEARTS ACE SPADES TWO,0.7076,0.0038,0.2886
SPADES FOUR DIAMONDS SIX,0.8116,0.0162,0.1722
SPADES THREE DIAMONDS SIX,0.8206,0.0204,0.159
HEARTS QUEEN SPADES TWO,0.8634,0.0056,0.131
SPADES ACE SPADES KING,0.6528,0.0084,0.3388
SPADES TWO DIAMONDS SIX,0.8512,0.0192,0.1296
HEARTS TEN HEARTS EIGHT,0.786,0.0086,0.2054
SPADES NINE DIAMONDS SIX,0.8266,0.0132,0.1602
HEARTS JACK HEARTS EIGHT,0.799,0.0076,0.1934
SPADES EIGHT DIAMONDS SIX,0.813,0.0142,0.1728
SPADES SEVEN DIAMONDS SIX,0.7984,0.0152,0.1864
SPADES SIX DIAMONDS SIX,0.7644,0.0336,0.202
CLUBS ACE CLUBS KING,0.6598,0.0084,0.3318
SPADES ACE HEARTS JACK,0.71,0.0032,0.2868
SPADES QUEEN HEARTS JACK,0.846,0.0046,0.1494
SPADES KING HEARTS JACK,0.893,0.0102,0.0968
SPADES TEN DIAMONDS TEN,0.7796,0.035,0.1854
SPADES JACK DIAMONDS TEN,0.84,0.0094,0.1506
SPADES ACE DIAMONDS TEN,0.6984,0.0048,0.2968
SPADES JACK HEARTS JACK,0.7898,0.0332,0.177
SPADES TEN HEARTS JACK,0.8404,0.0072,0.1524
SPADES QUEEN DIAMONDS TEN,0.8478,0.0026,0.1496
SPADES KING DIAMONDS TEN,0.8876,0.0116,0.1008
SPADES NINE DIAMONDS SEVEN,0.8044,0.0138,0.1818
SPADES EIGHT DIAMONDS SEVEN,0.8044,0.0154,0.1802
SPADES SEVEN DIAMONDS SEVEN,0.758,0.0394,0.2026
SPADES SIX DIAMONDS SEVEN,0.7834,0.0166,0.2
HEARTS THREE DIAMONDS SEVEN,0.8594,0.0188,0.1218
DIAMONDS QUEEN DIAMONDS SEVEN,0.834,0.0044,0.1616
HEARTS TWO DIAMONDS SEVEN,0.8766,0.0174,0.106
HEARTS QUEEN DIAMONDS FIVE,0.8614,0.005,0.1336
HEARTS FIVE DIAMONDS SEVEN,0.8182,0.017,0.1648
DIAMONDS ACE DIAMONDS SEVEN,0.6742,0.0052,0.3206
HEARTS FOUR DIAMONDS SEVEN,0.8398,0.0182,0.142
HEARTS ACE DIAMONDS FIVE,0.6934,0.0068,0.2998
HEARTS SEVEN DIAMONDS SEVEN,0.7864,0.036,0.1776
HEARTS SIX DIAMONDS SEVEN,0.8114,0.0158,0.1728
DIAMONDS SEVEN HEARTS NINE,0.8138,0.0132,0.173
HEARTS EIGHT DIAMONDS SEVEN,0.8056,0.0136,0.1808
DIAMONDS JACK DIAMONDS SEVEN,0.8122,0.0042,0.1836
DIAMONDS FIVE HEARTS JACK,0.8706,0.0078,0.1216
DIAMONDS TEN DIAMONDS SEVEN,0.7938,0.009,0.1972
HEARTS TEN DIAMONDS FIVE,0.868,0.01,0.122
CLUBS EIGHT DIAMONDS SEVEN,0.8134,0.0166,0.17
SPADES KING CLUBS TWO,0.915,0.0162,0.0688
SPADES QUEEN CLUBS TWO,0.8652,0.0042,0.1306
CLUBS NINE DIAMONDS SEVEN,0.815,0.0106,0.1744
CLUBS JACK SPADES TWO,0.8618,0.0076,0.1306
CLUBS SIX CLUBS SEVEN,0.749,0.0126,0.2384
SPADES ACE CLUBS TWO,0.7122,0.0032,0.2846
CLUBS TEN SPADES TWO,0.856,0.01,0.134
SPADES TWO CLUBS KING,0.9168,0.0126,0.0706
SPADES TWO DIAMONDS SEVEN,0.8598,0.0164,0.1238
CLUBS EIGHT CLUBS SIX,0.7646,0.0134,0.222
SPADES THREE DIAMONDS SEVEN,0.8448,0.015,0.1402
SPADES TWO CLUBS QUEEN,0.8608,0.0042,0.135
CLUBS NINE CLUBS SIX,0.7716,0.0122,0.2162
SPADES FOUR DIAMONDS SEVEN,0.823,0.0182,0.1588
SPADES FIVE DIAMONDS SEVEN,0.8072,0.0164,0.1764
SPADES TWO CLUBS ACE,0.7032,0.0042,0.2926
CLUBS SIX SPADES TWO,0.8438,0.0162,0.14
CLUBS SIX SPADES THREE,0.8254,0.016,0.1586
CLUBS TWO DIAMONDS SEVEN,0.8648,0.0182,0.117
CLUBS SIX SPADES FOUR,0.8102,0.0166,0.1732
CLUBS THREE DIAMONDS SEVEN,0.8456,0.0168,0.1376
CLUBS SIX SPADES FIVE,0.7904,0.0176,0.192
CLUBS FOUR DIAMONDS SEVEN,0.8146,0.0182,0.1672
CLUBS SIX SPADES SIX,0.7656,0.034,0.2004
CLUBS FIVE DIAMONDS SEVEN,0.8084,0.015,0.1766
CLUBS SIX SPADES SEVEN,0.7858,0.0174,0.1968
CLUBS SIX DIAMONDS SEVEN,0.7952,0.0192,0.1856
CLUBS SIX SPADES EIGHT,0.811,0.0154,0.1736
SPADES JACK CLUBS TWO,0.8652,0.0068,0.128
CLUBS SEVEN DIAMONDS SEVEN,0.773,0.031,0.196
CLUBS SIX SPADES NINE,0.8098,0.0124,0.1778
SPADES TEN CLUBS TWO,0.8614,0.0094,0.1292
CLUBS TWO CLUBS QUEEN,0.8138,0.0064,0.1798
CLUBS TWO CLUBS KING,0.865,0.0156,0.1194
CLUBS THREE DIAMONDS EIGHT,0.8616,0.0172,0.1212
CLUBS TWO CLUBS ACE,0.6816,0.006,0.3124
CLUBS TWO DIAMONDS EIGHT,0.8578,0.0146,0.1276
HEARTS SEVEN DIAMONDS EIGHT,0.8084,0.015,0.1766
HEARTS SIX DIAMONDS EIGHT,0.8232,0.0144,0.1624
DIAMONDS EIGHT HEARTS NINE,0.8044,0.0136,0.182
CLUBS TEN CLUBS TWO,0.8212,0.0098,0.169
DIAMONDS EIGHT HEARTS EIGHT,0.783,0.034,0.183
CLUBS JACK CLUBS TWO,0.8308,0.008,0.1612
CLUBS NINE DIAMONDS EIGHT,0.8054,0.0154,0.1792
CLUBS EIGHT DIAMONDS EIGHT,0.7692,0.0384,0.1924
CLUBS FIVE DIAMONDS EIGHT,0.8246,0.0132,0.1622
SPADES ACE SPADES THREE,0.6766,0.0046,0.3188
CLUBS FOUR DIAMONDS EIGHT,0.8444,0.0146,0.141
CLUBS SEVEN DIAMONDS EIGHT,0.8038,0.0128,0.1834
SPADES QUEEN SPADES THREE,0.812,0.0036,0.1844
CLUBS SIX DIAMONDS EIGHT,0.8242,0.0116,0.1642
SPADES KING SPADES THREE,0.8628,0.0138,0.1234
DIAMONDS QUEEN DIAMONDS EIGHT,0.8098,0.0054,0.1848
HEARTS TWO DIAMONDS EIGHT,0.8714,0.0158,0.1128
HEARTS THREE DIAMONDS EIGHT,0.8632,0.014,0.1228
DIAMONDS ACE DIAMONDS EIGHT,0.6884,0.004,0.3076
HEARTS FOUR DIAMONDS EIGHT,0.8504,0.0152,0.1344
HEARTS FIVE DIAMONDS EIGHT,0.8338,0.0148,0.1514
DIAMONDS EIGHT DIAMONDS TEN,0.772,0.0108,0.2172
DIAMONDS EIGHT DIAMONDS JACK,0.8026,0.0076,0.1898
SPADES JACK SPADES THREE,0.8218,0.006,0.1722
SPADES TEN SPADES THREE,0.8058,0.011,0.1832
CLUBS FOUR HEARTS ACE,0.7014,0.0038,0.2948
CLUBS FOUR HEARTS QUEEN,0.8732,0.0042,0.1226
CLUBS SIX HEARTS TEN,0.8394,0.0094,0.1512
CLUBS SIX HEARTS JACK,0.8614,0.0068,0.1318
DIAMONDS EIGHT SPADES FOUR,0.8546,0.0134,0.132
SPADES FIVE DIAMONDS EIGHT,0.8194,0.016,0.1646
DIAMONDS EIGHT SPADES TWO,0.8612,0.0174,0.1214
DIAMONDS EIGHT SPADES THREE,0.8528,0.0178,0.1294
CLUBS FOUR HEARTS JACK,0.854,0.008,0.138
SPADES EIGHT DIAMONDS EIGHT,0.7724,0.0328,0.1948
SPADES TEN DIAMONDS QUEEN,0.847,0.0026,0.1504
SPADES TEN HEARTS TWO,0.8556,0.0118,0.1326
SPADES JACK HEARTS EIGHT,0.8408,0.0066,0.1526
CLUBS FOUR HEARTS TEN,0.8552,0.0078,0.137
SPADES NINE DIAMONDS EIGHT,0.8026,0.0146,0.1828
SPADES TEN HEARTS EIGHT,0.8206,0.0096,0.1698
SPADES JACK HEARTS TWO,0.874,0.006,0.12
SPADES JACK DIAMONDS QUEEN,0.8386,0.0032,0.1582
SPADES SIX DIAMONDS EIGHT,0.8134,0.0132,0.1734
SPADES SEVEN DIAMONDS EIGHT,0.8016,0.0134,0.185
SPADES ACE HEARTS TWO,0.7132,0.005,0.2818
SPADES ACE DIAMONDS QUEEN,0.7106,0.004,0.2854
SPADES ACE HEARTS EIGHT,0.7072,0.005,0.2878
SPADES KING HEARTS EIGHT,0.9168,0.012,0.0712
SPADES QUEEN HEARTS TWO,0.8768,0.0022,0.121
SPADES QUEEN DIAMONDS QUEEN,0.7796,0.0378,0.1826
SPADES KING DIAMONDS QUEEN,0.8924,0.011,0.0966
SPADES KING HEARTS TWO,0.9316,0.015,0.0534
SPADES QUEEN HEARTS EIGHT,0.8582,0.0036,0.1382
CLUBS TWO HEARTS TEN,0.8598,0.0108,0.1294
CLUBS TWO HEARTS JACK,0.868,0.008,0.124
SPADES SEVEN DIAMONDS NINE,0.8038,0.0128,0.1834
SPADES SIX DIAMONDS NINE,0.8312,0.011,0.1578
SPADES NINE DIAMONDS NINE,0.7876,0.0322,0.1802
SPADES EIGHT DIAMONDS NINE,0.8088,0.0108,0.1804
SPADES TEN CLUBS KING,0.8758,0.0108,0.1134
DIAMONDS NINE SPADES THREE,0.859,0.0172,0.1238
SPADES JACK CLUBS KING,0.8888,0.0116,0.0996
DIAMONDS NINE SPADES TWO,0.8606,0.0144,0.125
DIAMONDS NINE SPADES FIVE,0.8394,0.0132,0.1474
DIAMONDS NINE SPADES FOUR,0.8572,0.0158,0.127
CLUBS NINE DIAMONDS NINE,0.7692,0.0408,0.19
CLUBS EIGHT DIAMONDS NINE,0.8008,0.0122,0.187
CLUBS SIX DIAMONDS NINE,0.8262,0.011,0.1628
SPADES JACK CLUBS FOUR,0.8532,0.0082,0.1386
CLUBS SEVEN DIAMONDS NINE,0.8194,0.013,0.1676
SPADES TEN CLUBS FOUR,0.8486,0.0092,0.1422
CLUBS FOUR DIAMONDS NINE,0.8682,0.012,0.1198
CLUBS FIVE DIAMONDS NINE,0.8472,0.0128,0.14
CLUBS TWO DIAMONDS NINE,0.8598,0.0156,0.1246
DIAMONDS NINE CLUBS THREE,0.8598,0.0124,0.1278
DIAMONDS NINE HEARTS EIGHT,0.8134,0.0112,0.1754
DIAMONDS NINE HEARTS NINE,0.7812,0.032,0.1868
HEARTS SIX DIAMONDS NINE,0.8328,0.011,0.1562
HEARTS SEVEN DIAMONDS NINE,0.8264,0.0136,0.16
CLUBS EIGHT CLUBS NINE,0.7606,0.0104,0.229
DIAMONDS ACE DIAMONDS NINE,0.669,0.0028,0.3282
HEARTS FOUR DIAMONDS NINE,0.8584,0.0152,0.1264
HEARTS FIVE DIAMONDS NINE,0.8464,0.0132,0.1404
CLUBS TWO HEARTS ACE,0.6914,0.006,0.3026
SPADES ACE CLUBS FOUR,0.702,0.0036,0.2944
DIAMONDS QUEEN DIAMONDS NINE,0.8128,0.0074,0.1798
HEARTS TWO DIAMONDS NINE,0.8616,0.0136,0.1248
SPADES KING CLUBS FOUR,0.9074,0.0126,0.08
HEARTS THREE DIAMONDS NINE,0.8656,0.0154,0.119
CLUBS TWO HEARTS QUEEN,0.8764,0.0046,0.119
SPADES QUEEN CLUBS FOUR,0.8604,0.004,0.1356
DIAMONDS NINE DIAMONDS JACK,0.8028,0.008,0.1892
CLUBS EIGHT SPADES NINE,0.7976,0.0136,0.1888
DIAMONDS NINE DIAMONDS TEN,0.7726,0.0104,0.217
CLUBS EIGHT SPADES EIGHT,0.7664,0.0368,0.1968
CLUBS EIGHT SPADES SEVEN,0.7888,0.0132,0.198
CLUBS EIGHT SPADES SIX,0.8086,0.013,0.1784
CLUBS EIGHT SPADES FIVE,0.8124,0.0152,0.1724
CLUBS EIGHT SPADES FOUR,0.8362,0.0154,0.1484
CLUBS EIGHT SPADES THREE,0.8444,0.016,0.1396
CLUBS EIGHT SPADES TWO,0.8538,0.0144,0.1318
HEARTS SIX DIAMONDS TEN,0.8564,0.012,0.1316
HEARTS SEVEN DIAMONDS TEN,0.8324,0.0108,0.1568
DIAMONDS TEN HEARTS EIGHT,0.8098,0.0144,0.1758
CLUBS JACK CLUBS FOUR,0.8108,0.0082,0.181
DIAMONDS TEN HEARTS NINE,0.8112,0.01,0.1788
CLUBS TEN CLUBS FOUR,0.8086,0.012,0.1794
CLUBS FOUR CLUBS KING,0.8654,0.0126,0.122
CLUBS FOUR CLUBS QUEEN,0.8044,0.006,0.1896
CLUBS TWO DIAMONDS TEN,0.8684,0.009,0.1226
CLUBS THREE DIAMONDS TEN,0.866,0.0086,0.1254
CLUBS FOUR CLUBS ACE,0.6586,0.0052,0.3362
DIAMONDS JACK DIAMONDS TEN,0.7992,0.01,0.1908
DIAMONDS QUEEN DIAMONDS TEN,0.8036,0.0034,0.193
HEARTS TWO DIAMONDS TEN,0.8764,0.0102,0.1134
HEARTS THREE DIAMONDS TEN,0.8664,0.0108,0.1228
DIAMONDS ACE DIAMONDS TEN,0.6714,0.0044,0.3242
HEARTS FOUR DIAMONDS TEN,0.8648,0.0102,0.125
CLUBS EIGHT HEARTS JACK,0.834,0.0064,0.1596
HEARTS FIVE DIAMONDS TEN,0.861,0.012,0.127
CLUBS EIGHT HEARTS TEN,0.8128,0.0082,0.179
CLUBS EIGHT HEARTS QUEEN,0.8442,0.0054,0.1504
CLUBS EIGHT HEARTS ACE,0.7156,0.0044,0.28
CLUBS NINE SPADES THREE,0.8494,0.0134,0.1372
CLUBS NINE SPADES TWO,0.8508,0.0134,0.1358
CLUBS NINE SPADES FIVE,0.835,0.0124,0.1526
CLUBS NINE SPADES FOUR,0.8516,0.0098,0.1386
CLUBS NINE SPADES SEVEN,0.806,0.013,0.181
CLUBS NINE SPADES SIX,0.82,0.0112,0.1688
CLUBS NINE SPADES NINE,0.774,0.035,0.191
CLUBS TEN HEARTS EIGHT,0.8152,0.0088,0.176
CLUBS NINE SPADES EIGHT,0.801,0.014,0.185
CLUBS JACK HEARTS EIGHT,0.8316,0.0072,0.1612
HEARTS EIGHT CLUBS QUEEN,0.8414,0.0034,0.1552
CLUBS KING HEARTS EIGHT,0.9198,0.013,0.0672
CLUBS ACE HEARTS EIGHT,0.7266,0.0026,0.2708
SPADES KING CLUBS KING,0.018,0.96,0.022
SPADES QUEEN CLUBS KING,0.885,0.0126,0.1024
SPADES ACE CLUBS KING,0.697,0.0074,0.2956
DIAMONDS ACE HEARTS TEN,0.7162,0.0066,0.2772
HEARTS FOUR HEARTS TEN,0.8128,0.0104,0.1768
DIAMONDS ACE HEARTS JACK,0.7154,0.0052,0.2794
HEARTS FOUR HEARTS JACK,0.8176,0.0076,0.1748
SPADES KING CLUBS FIVE,0.9014,0.0146,0.084
SPADES QUEEN CLUBS FIVE,0.8548,0.002,0.1432
SPADES ACE CLUBS FIVE,0.6934,0.0048,0.3018
HEARTS SEVEN DIAMONDS JACK,0.8524,0.009,0.1386
HEARTS SIX DIAMONDS JACK,0.8648,0.008,0.1272
DIAMONDS JACK HEARTS NINE,0.8438,0.0086,0.1476
DIAMONDS JACK HEARTS EIGHT,0.8428,0.0086,0.1486
HEARTS THREE DIAMONDS JACK,0.868,0.0072,0.1248
SPADES ACE SPADES SIX,0.6718,0.0034,0.3248
SPADES FOUR HEARTS ACE,0.7,0.005,0.295
DIAMONDS QUEEN DIAMONDS JACK,0.8146,0.0046,0.1808
HEARTS TWO DIAMONDS JACK,0.8716,0.0094,0.119
HEARTS FIVE DIAMONDS JACK,0.8646,0.0064,0.129
SPADES QUEEN SPADES SIX,0.8134,0.004,0.1826
SPADES FOUR HEARTS QUEEN,0.8684,0.0058,0.1258
DIAMONDS ACE DIAMONDS JACK,0.67,0.0044,0.3256
HEARTS FOUR DIAMONDS JACK,0.872,0.0098,0.1182
SPADES KING SPADES SIX,0.8554,0.014,0.1306
SPADES TEN SPADES SIX,0.7932,0.008,0.1988
SPADES JACK SPADES SIX,0.8102,0.0046,0.1852
SPADES FOUR DIAMONDS JACK,0.8662,0.0054,0.1284
SPADES FIVE DIAMONDS JACK,0.86,0.006,0.134
DIAMONDS JACK SPADES TWO,0.8652,0.0082,0.1266
DIAMONDS JACK SPADES THREE,0.8568,0.007,0.1362
SPADES ACE DIAMONDS THREE,0.7068,0.004,0.2892
CLUBS EIGHT DIAMONDS JACK,0.8422,0.0046,0.1532
SPADES QUEEN DIAMONDS THREE,0.8762,0.0038,0.12
SPADES KING DIAMONDS THREE,0.9164,0.0144,0.0692
CLUBS NINE DIAMONDS JACK,0.8268,0.006,0.1672
CLUBS SIX DIAMONDS JACK,0.8626,0.0088,0.1286
CLUBS SEVEN DIAMONDS JACK,0.849,0.0068,0.1442
CLUBS FOUR DIAMONDS JACK,0.853,0.008,0.139
CLUBS FIVE DIAMONDS JACK,0.8522,0.0072,0.1406
CLUBS TWO DIAMONDS JACK,0.8696,0.009,0.1214
CLUBS THREE DIAMONDS JACK,0.865,0.0068,0.1282
SPADES TEN CLUBS FIVE,0.8432,0.0076,0.1492
SPADES JACK HEARTS SIX,0.8582,0.0074,0.1344
HEARTS SIX SPADES TEN,0.8392,0.0106,0.1502
SPADES JACK CLUBS FIVE,0.8496,0.006,0.1444
SPADES JACK DIAMONDS THREE,0.857,0.0106,0.1324
CLUBS SEVEN CLUBS ACE,0.6722,0.0038,0.324
DIAMONDS THREE SPADES TEN,0.8566,0.0084,0.135
CLUBS SEVEN CLUBS QUEEN,0.8156,0.0026,0.1818
CLUBS SEVEN CLUBS KING,0.8604,0.012,0.1276
SPADES NINE DIAMONDS JACK,0.8326,0.005,0.1624
CLUBS TEN CLUBS SEVEN,0.779,0.008,0.213
DIAMONDS ACE HEARTS ACE,0.1674,0.0058,0.8268
HEARTS FOUR HEARTS ACE,0.6764,0.0054,0.3182
SPADES EIGHT DIAMONDS JACK,0.8286,0.006,0.1654
SPADES ACE HEARTS SIX,0.7252,0.0024,0.2724
CLUBS JACK CLUBS SEVEN,0.7986,0.0054,0.196
SPADES SEVEN DIAMONDS JACK,0.8508,0.0058,0.1434
SPADES KING HEARTS SIX,0.9072,0.016,0.0768
DIAMONDS ACE HEARTS QUEEN,0.709,0.0066,0.2844
HEARTS FOUR HEARTS QUEEN,0.829,0.0054,0.1656
SPADES QUEEN HEARTS SIX,0.8614,0.0038,0.1348
SPADES SIX DIAMONDS JACK,0.8648,0.006,0.1292
DIAMONDS TEN SPADES TWO,0.865,0.0112,0.1238
SPADES THREE DIAMONDS TEN,0.8566,0.0108,0.1326
SPADES FOUR DIAMONDS TEN,0.8478,0.0096,0.1426
SPADES FIVE DIAMONDS TEN,0.8502,0.0108,0.139
SPADES SIX DIAMONDS TEN,0.8428,0.01,0.1472
SPADES SEVEN DIAMONDS TEN,0.8202,0.011,0.1688
SPADES EIGHT DIAMONDS TEN,0.8146,0.0094,0.176
SPADES NINE DIAMONDS TEN,0.8098,0.011,0.1792
CLUBS FOUR DIAMONDS TEN,0.847,0.0142,0.1388
CLUBS FIVE DIAMONDS TEN,0.857,0.0098,0.1332
CLUBS SIX DIAMONDS TEN,0.839,0.0116,0.1494
CLUBS SEVEN DIAMONDS TEN,0.823,0.0092,0.1678
CLUBS EIGHT DIAMONDS TEN,0.814,0.0088,0.1772
CLUBS NINE DIAMONDS TEN,0.8156,0.0082,0.1762
CLUBS JACK DIAMONDS THREE,0.8642,0.0058,0.13
CLUBS TEN DIAMONDS THREE,0.8592,0.011,0.1298
DIAMONDS THREE CLUBS KING,0.9186,0.0146,0.0668
DIAMONDS THREE CLUBS QUEEN,0.8744,0.0032,0.1224
DIAMONDS THREE CLUBS ACE,0.7138,0.0052,0.281
SPADES FOUR HEARTS JACK,0.86,0.0068,0.1332
SPADES FOUR HEARTS TEN,0.8594,0.0132,0.1274
SPADES FIVE SPADES TWO,0.7904,0.0164,0.1932
SPADES FOUR SPADES TWO,0.7916,0.0178,0.1906
SPADES THREE SPADES TWO,0.79,0.0206,0.1894
SPADES NINE SPADES TWO,0.8158,0.0124,0.1718
SPADES EIGHT SPADES TWO,0.8106,0.0154,0.174
SPADES SEVEN SPADES TWO,0.8198,0.0154,0.1648
SPADES SIX SPADES TWO,0.789,0.0172,0.1938
DIAMONDS QUEEN CLUBS THREE,0.8656,0.0068,0.1276
HEARTS TWO CLUBS THREE,0.8314,0.0204,0.1482
DIAMONDS QUEEN CLUBS TWO,0.8692,0.003,0.1278
HEARTS TWO CLUBS TWO,0.7864,0.0386,0.175
HEARTS SEVEN DIAMONDS QUEEN,0.8768,0.0042,0.119
HEARTS SEVEN HEARTS TWO,0.8236,0.0156,0.1608
HEARTS SIX DIAMONDS QUEEN,0.8676,0.0062,0.1262
HEARTS SIX HEARTS TWO,0.8118,0.0178,0.1704
DIAMONDS QUEEN HEARTS NINE,0.857,0.005,0.138
HEARTS TWO HEARTS NINE,0.8218,0.015,0.1632
DIAMONDS QUEEN HEARTS EIGHT,0.8554,0.0054,0.1392
HEARTS TWO HEARTS EIGHT,0.8348,0.0148,0.1504
CLUBS NINE HEARTS TWO,0.867,0.0112,0.1218
CLUBS NINE DIAMONDS QUEEN,0.843,0.0042,0.1528
CLUBS EIGHT DIAMONDS QUEEN,0.8566,0.0034,0.14
CLUBS EIGHT HEARTS TWO,0.8628,0.0154,0.1218
DIAMONDS QUEEN CLUBS FIVE,0.8618,0.004,0.1342
CLUBS FIVE HEARTS TWO,0.8434,0.0198,0.1368
SPADES EIGHT HEARTS ACE,0.7212,0.0022,0.2766
DIAMONDS QUEEN CLUBS FOUR,0.8576,0.005,0.1374
CLUBS FOUR HEARTS TWO,0.838,0.0222,0.1398
CLUBS SEVEN DIAMONDS QUEEN,0.8598,0.0046,0.1356
CLUBS SEVEN HEARTS TWO,0.8616,0.0186,0.1198
SPADES EIGHT HEARTS QUEEN,0.8556,0.0028,0.1416
CLUBS SIX DIAMONDS QUEEN,0.857,0.0046,0.1384
CLUBS SIX HEARTS TWO,0.856,0.016,0.128
HEARTS TWO SPADES SIX,0.844,0.0194,0.1366
DIAMONDS QUEEN SPADES SIX,0.8586,0.006,0.1354
HEARTS FOUR CLUBS QUEEN,0.871,0.0026,0.1264
DIAMONDS ACE CLUBS QUEEN,0.7178,0.0044,0.2778
DIAMONDS QUEEN SPADES SEVEN,0.8668,0.0038,0.1294
SPADES SEVEN HEARTS TWO,0.8632,0.0164,0.1204
HEARTS FOUR CLUBS KING,0.9194,0.0112,0.0694
DIAMONDS ACE CLUBS KING,0.6864,0.0082,0.3054
DIAMONDS QUEEN SPADES EIGHT,0.8586,0.0026,0.1388
SPADES EIGHT HEARTS TWO,0.8706,0.0142,0.1152
HEARTS FOUR CLUBS ACE,0.719,0.0036,0.2774
DIAMONDS ACE CLUBS ACE,0.1822,0.0026,0.8152
SPADES NINE DIAMONDS QUEEN,0.8504,0.0032,0.1464
SPADES NINE HEARTS TWO,0.8618,0.0122,0.126
HEARTS TWO SPADES TWO,0.7744,0.041,0.1846
DIAMONDS QUEEN SPADES TWO,0.8676,0.0064,0.126
HEARTS TWO SPADES THREE,0.8418,0.0198,0.1384
DIAMONDS QUEEN SPADES THREE,0.8692,0.005,0.1258
HEARTS TWO SPADES FOUR,0.8336,0.0218,0.1446
DIAMONDS QUEEN SPADES FOUR,0.8614,0.0034,0.1352
CLUBS TEN HEARTS FOUR,0.8582,0.0106,0.1312
CLUBS TEN DIAMONDS ACE,0.6984,0.0028,0.2988
HEARTS TWO SPADES FIVE,0.8282,0.0204,0.1514
DIAMONDS QUEEN SPADES FIVE,0.8572,0.0036,0.1392
CLUBS JACK HEARTS FOUR,0.8678,0.0054,0.1268
CLUBS JACK DIAMONDS ACE,0.6992,0.0046,0.2962
CLUBS FIVE CLUBS KING,0.8584,0.0134,0.1282
CLUBS FIVE CLUBS QUEEN,0.807,0.004,0.189
CLUBS FIVE CLUBS ACE,0.661,0.004,0.335
CLUBS JACK CLUBS FIVE,0.8158,0.0082,0.176
CLUBS TEN CLUBS FIVE,0.8056,0.0082,0.1862
SPADES KING CLUBS JACK,0.8798,0.0124,0.1078
CLUBS JACK SPADES QUEEN,0.8328,0.005,0.1622
SPADES ACE CLUBS JACK,0.703,0.003,0.294
SPADES SIX CLUBS KING,0.8962,0.0124,0.0914
SPADES SIX CLUBS QUEEN,0.8512,0.0022,0.1466
SPADES EIGHT HEARTS JACK,0.8372,0.005,0.1578
SPADES SIX CLUBS ACE,0.7038,0.0036,0.2926
SPADES EIGHT HEARTS TEN,0.8188,0.01,0.1712
CLUBS JACK SPADES SIX,0.8614,0.0066,0.132
CLUBS TEN SPADES SIX,0.8354,0.0098,0.1548
CLUBS JACK SPADES TEN,0.8242,0.0064,0.1694
CLUBS JACK SPADES JACK,0.784,0.0368,0.1792
SPADES QUEEN CLUBS SEVEN,0.8548,0.003,0.1422
SPADES KING CLUBS SEVEN,0.9136,0.0092,0.0772
SPADES ACE CLUBS SEVEN,0.7006,0.002,0.2974
SPADES SIX HEARTS TEN,0.844,0.0128,0.1432
SPADES SIX HEARTS JACK,0.8518,0.005,0.1432
SPADES SIX HEARTS ACE,0.7136,0.0038,0.2826
SPADES SIX HEARTS QUEEN,0.8648,0.003,0.1322
SPADES JACK CLUBS SEVEN,0.8438,0.0068,0.1494
SPADES TEN CLUBS SEVEN,0.8232,0.0076,0.1692
CLUBS TEN HEARTS SIX,0.8308,0.011,0.1582
CLUBS JACK HEARTS SIX,0.8598,0.0046,0.1356
CLUBS JACK CLUBS ACE,0.6642,0.0046,0.3312
HEARTS SIX CLUBS QUEEN,0.8628,0.003,0.1342
HEARTS SIX CLUBS KING,0.9132,0.0126,0.0742
HEARTS SIX CLUBS ACE,0.7326,0.0048,0.2626
CLUBS JACK CLUBS QUEEN,0.8044,0.003,0.1926
CLUBS JACK CLUBS KING,0.8308,0.0124,0.1568
DIAMONDS THREE HEARTS ACE,0.7038,0.0066,0.2896
DIAMONDS THREE HEARTS QUEEN,0.8798,0.0048,0.1154
CLUBS FIVE HEARTS JACK,0.8504,0.0078,0.1418
SPADES TEN DIAMONDS ACE,0.698,0.0036,0.2984
HEARTS FOUR SPADES TEN,0.841,0.0124,0.1466
CLUBS FIVE HEARTS TEN,0.8492,0.011,0.1398
HEARTS FOUR SPADES JACK,0.8626,0.0072,0.1302
SPADES JACK DIAMONDS ACE,0.7078,0.0048,0.2874
SPADES ACE HEARTS FOUR,0.6992,0.0032,0.2976
SPADES ACE DIAMONDS ACE,0.1802,0.0066,0.8132
CLUBS FIVE HEARTS ACE,0.687,0.004,0.309
HEARTS FOUR SPADES QUEEN,0.8694,0.0046,0.126
SPADES QUEEN DIAMONDS ACE,0.727,0.0038,0.2692
CLUBS JACK SPADES FOUR,0.8512,0.0064,0.1424
CLUBS FIVE HEARTS QUEEN,0.8604,0.0048,0.1348
SPADES KING DIAMONDS ACE,0.6934,0.007,0.2996
SPADES KING HEARTS FOUR,0.914,0.0146,0.0714
CLUBS TEN SPADES FOUR,0.8468,0.0104,0.1428
DIAMONDS ACE DIAMONDS QUEEN,0.678,0.0052,0.3168
DIAMONDS ACE HEARTS TWO,0.7144,0.0062,0.2794
HEARTS FOUR DIAMONDS QUEEN,0.8712,0.0066,0.1222
HEARTS FOUR HEARTS TWO,0.7944,0.0208,0.1848
DIAMONDS THREE HEARTS TEN,0.8656,0.012,0.1224
SPADES FOUR CLUBS KING,0.907,0.0146,0.0784
HEARTS FIVE DIAMONDS QUEEN,0.864,0.0058,0.1302
HEARTS FIVE HEARTS TWO,0.7932,0.0194,0.1874
DIAMONDS THREE HEARTS JACK,0.8678,0.008,0.1242
SPADES FOUR CLUBS QUEEN,0.8544,0.0026,0.143
DIAMONDS QUEEN HEARTS TWO,0.8774,0.0042,0.1184
DIAMONDS QUEEN HEARTS THREE,0.8804,0.0048,0.1148
HEARTS THREE HEARTS TWO,0.8,0.0178,0.1822
SPADES FOUR CLUBS ACE,0.7056,0.0054,0.289
HEARTS TWO CLUBS ACE,0.7126,0.0034,0.284
DIAMONDS QUEEN CLUBS ACE,0.7152,0.0038,0.281
HEARTS TWO CLUBS QUEEN,0.8696,0.0056,0.1248
DIAMONDS QUEEN CLUBS QUEEN,0.7704,0.0344,0.1952
HEARTS TWO CLUBS KING,0.9202,0.0146,0.0652
DIAMONDS QUEEN CLUBS KING,0.8912,0.0146,0.0942
SPADES EIGHT SPADES FIVE,0.785,0.0146,0.2004
CLUBS TEN HEARTS TWO,0.8642,0.0116,0.1242
CLUBS TEN DIAMONDS QUEEN,0.8494,0.0036,0.147
SPADES NINE SPADES FIVE,0.794,0.0094,0.1966
CLUBS JACK HEARTS TWO,0.8624,0.008,0.1296
CLUBS JACK DIAMONDS QUEEN,0.85,0.0026,0.1474
SPADES SIX SPADES FIVE,0.7554,0.0148,0.2298
SPADES SEVEN SPADES FIVE,0.77,0.0162,0.2138
DIAMONDS FIVE CLUBS QUEEN,0.8672,0.0032,0.1296
SPADES EIGHT CLUBS ACE,0.7222,0.003,0.2748
DIAMONDS FIVE CLUBS KING,0.913,0.0144,0.0726
SPADES EIGHT CLUBS KING,0.9052,0.0112,0.0836
DIAMONDS FIVE CLUBS ACE,0.7124,0.0028,0.2848
SPADES EIGHT CLUBS QUEEN,0.8478,0.0026,0.1496
CLUBS JACK SPADES EIGHT,0.8222,0.0074,0.1704
CLUBS TEN SPADES EIGHT,0.8194,0.0074,0.1732
CLUBS TEN DIAMONDS FIVE,0.8524,0.0114,0.1362
CLUBS JACK DIAMONDS FIVE,0.8538,0.0086,0.1376
DIAMONDS TEN HEARTS JACK,0.8354,0.011,0.1536
DIAMONDS TEN HEARTS TEN,0.7858,0.0344,0.1798
SPADES ACE CLUBS NINE,0.7232,0.0028,0.274
SPADES QUEEN CLUBS NINE,0.8446,0.0028,0.1526
SPADES KING CLUBS NINE,0.8926,0.0114,0.096
HEARTS THREE SPADES SEVEN,0.8362,0.019,0.1448
SPADES KING DIAMONDS SEVEN,0.911,0.0142,0.0748
HEARTS SIX HEARTS QUEEN,0.8156,0.0042,0.1802
SPADES QUEEN DIAMONDS SEVEN,0.8652,0.0036,0.1312
HEARTS THREE SPADES SIX,0.8392,0.0168,0.144
SPADES NINE HEARTS THREE,0.859,0.01,0.131
