opposingHand,winningChance,drawChance,lostChance
HEARTS FIVE DIAMONDS KING
SPADES TEN HEARTS THREE,0.6252,0.0078,0.367
CLUBS SIX HEARTS TEN,0.5836,0.0094,0.407
DIAMONDS EIGHT HEARTS NINE,0.5572,0.0064,0.4364
DIAMONDS EIGHT CLUBS KING,0.2464,0.237,0.5166
SPADES EIGHT SPADES FIVE,0.6556,0.033,0.3114
SPADES SEVEN HEARTS NINE,0.5686,0.0064,0.425
SPADES EIGHT DIAMONDS NINE,0.5536,0.0058,0.4406
CLUBS JACK SPADES FOUR,0.6328,0.0082,0.359
SPADES KING CLUBS THREE,0.3276,0.454,0.2184
CLUBS TEN SPADES SIX,0.5916,0.005,0.4034
CLUBS SIX HEARTS NINE,0.5856,0.0096,0.4048
DIAMONDS NINE HEARTS NINE,0.3196,0.0098,0.6706
DIAMONDS THREE HEARTS SIX,0.6288,0.0096,0.3616
HEARTS KING HEARTS NINE,0.2278,0.1592,0.613
SPADES KING CLUBS SIX,0.226,0.3876,0.3864
SPADES KING DIAMONDS EIGHT,0.2342,0.241,0.5248
CLUBS TWO CLUBS KING,0.3038,0.4292,0.267
SPADES FOUR SPADES TWO,0.6086,0.009,0.3824
HEARTS SIX SPADES EIGHT,0.5782,0.0078,0.414
HEARTS EIGHT SPADES FOUR,0.6268,0.01,0.3632
CLUBS FIVE DIAMONDS JACK,0.734,0.0378,0.2282
DIAMONDS TWO CLUBS QUEEN,0.643,0.0094,0.3476
CLUBS NINE SPADES THREE,0.6218,0.0086,0.3696
DIAMONDS TWO DIAMONDS SIX,0.599,0.0088,0.3922
DIAMONDS THREE DIAMONDS TWO,0.619,0.0086,0.3724
SPADES THREE DIAMONDS SEVEN,0.639,0.009,0.352
DIAMONDS ACE HEARTS JACK,0.3386,0.005,0.6564
CLUBS TEN DIAMONDS SIX,0.5856,0.0084,0.406
HEARTS TWO DIAMONDS SIX,0.6396,0.0098,0.3506
SPADES ACE HEARTS KING,0.2292,0.013,0.7578
DIAMONDS ACE SPADES TWO,0.391,0.004,0.605
HEARTS EIGHT CLUBS EIGHT,0.328,0.0124,0.6596
SPADES ACE DIAMONDS THREE,0.3926,0.0042,0.6032
CLUBS SEVEN DIAMONDS EIGHT,0.5674,0.0086,0.424
DIAMONDS SEVEN HEARTS TEN,0.5776,0.0104,0.412
CLUBS QUEEN HEARTS NINE,0.5736,0.0084,0.418
SPADES ACE CLUBS TEN,0.3522,0.0036,0.6442
SPADES KING CLUBS EIGHT,0.2278,0.238,0.5342
CLUBS FOUR HEARTS KING,0.3076,0.465,0.2274
CLUBS NINE DIAMONDS FIVE,0.7076,0.0368,0.2556
HEARTS EIGHT HEARTS KING,0.211,0.2206,0.5684
CLUBS THREE DIAMONDS JACK,0.6348,0.0096,0.3556
SPADES JACK DIAMONDS ACE,0.3512,0.0042,0.6446
CLUBS SEVEN SPADES SEVEN,0.3306,0.0132,0.6562
HEARTS EIGHT SPADES TWO,0.6362,0.0076,0.3562
DIAMONDS ACE SPADES THREE,0.3788,0.0044,0.6168
HEARTS FOUR DIAMONDS JACK,0.6446,0.0096,0.3458
SPADES ACE HEARTS EIGHT,0.3626,0.006,0.6314
DIAMONDS TWO HEARTS NINE,0.6362,0.008,0.3558
HEARTS SIX DIAMONDS TEN,0.6066,0.0104,0.383
DIAMONDS QUEEN CLUBS QUEEN,0.2864,0.005,0.7086
HEARTS SIX CLUBS KING,0.2168,0.3914,0.3918
SPADES QUEEN HEARTS FOUR,0.644,0.0066,0.3494
DIAMONDS THREE CLUBS EIGHT,0.6532,0.0094,0.3374
SPADES FIVE DIAMONDS NINE,0.7144,0.0364,0.2492
SPADES QUEEN HEARTS ACE,0.3502,0.005,0.6448
CLUBS KING HEARTS TEN,0.2344,0.1192,0.6464
SPADES QUEEN HEARTS THREE,0.6364,0.0084,0.3552
HEARTS QUEEN CLUBS QUEEN,0.2854,0.006,0.7086
HEARTS ACE HEARTS NINE,0.3464,0.0062,0.6474
SPADES JACK DIAMONDS FIVE,0.7178,0.0368,0.2454
CLUBS NINE SPADES SEVEN,0.5786,0.0056,0.4158
CLUBS TWO HEARTS NINE,0.6288,0.0102,0.361
HEARTS THREE DIAMONDS JACK,0.6364,0.0102,0.3534
SPADES ACE HEARTS JACK,0.3464,0.0038,0.6498
DIAMONDS THREE DIAMONDS TEN,0.5938,0.0102,0.396
CLUBS EIGHT SPADES TWO,0.6354,0.0086,0.356
HEARTS EIGHT CLUBS SIX,0.5696,0.0084,0.422
DIAMONDS TWO CLUBS FOUR,0.6512,0.008,0.3408
HEARTS FOUR SPADES NINE,0.6376,0.0072,0.3552
HEARTS THREE CLUBS ACE,0.3854,0.0036,0.611
SPADES FIVE CLUBS TWO,0.6984,0.038,0.2636
SPADES QUEEN HEARTS NINE,0.5494,0.0064,0.4442
SPADES JACK DIAMONDS QUEEN,0.56,0.0082,0.4318
HEARTS KING CLUBS ACE,0.2294,0.0134,0.7572
SPADES TWO CLUBS ACE,0.3788,0.0032,0.618
SPADES QUEEN DIAMONDS SEVEN,0.598,0.0066,0.3954
DIAMONDS TWO DIAMONDS JACK,0.602,0.009,0.389
SPADES KING HEARTS KING,0.0718,0.013,0.9152
SPADES FIVE DIAMONDS TEN,0.7358,0.0376,0.2266
DIAMONDS TWO SPADES FIVE,0.7198,0.041,0.2392
CLUBS EIGHT CLUBS TWO,0.6042,0.01,0.3858
DIAMONDS TWO HEARTS TEN,0.6362,0.0096,0.3542
HEARTS TEN DIAMONDS FIVE,0.7302,0.0382,0.2316
SPADES ACE SPADES EIGHT,0.3466,0.0042,0.6492
SPADES ACE HEARTS QUEEN,0.3438,0.005,0.6512
SPADES SEVEN DIAMONDS EIGHT,0.5674,0.0082,0.4244
CLUBS JACK HEARTS EIGHT,0.5678,0.0068,0.4254
SPADES KING CLUBS TEN,0.24,0.1082,0.6518
DIAMONDS SEVEN DIAMONDS FIVE,0.654,0.0328,0.3132
SPADES FIVE DIAMONDS FOUR,0.6896,0.035,0.2754
HEARTS ACE DIAMONDS SEVEN,0.3566,0.006,0.6374
CLUBS KING DIAMONDS FOUR,0.3272,0.4628,0.21
SPADES JACK HEARTS THREE,0.6394,0.008,0.3526
CLUBS SIX CLUBS TWO,0.585,0.0084,0.4066
HEARTS KING DIAMONDS SIX,0.217,0.392,0.391
DIAMONDS QUEEN DIAMONDS FOUR,0.6086,0.0062,0.3852
SPADES FOUR DIAMONDS EIGHT,0.6484,0.0104,0.3412
CLUBS NINE HEARTS JACK,0.555,0.0062,0.4388
SPADES JACK HEARTS FOUR,0.6416,0.009,0.3494
HEARTS SIX HEARTS ACE,0.3528,0.005,0.6422
HEARTS KING DIAMONDS FIVE,0.0074,0.9858,0.0068
HEARTS SIX SPADES FIVE,0.6754,0.0398,0.2848
SPADES JACK SPADES TWO,0.5982,0.0098,0.392
DIAMONDS THREE DIAMONDS ACE,0.363,0.004,0.633
CLUBS ACE DIAMONDS FOUR,0.3766,0.0064,0.617
SPADES NINE DIAMONDS QUEEN,0.583,0.0058,0.4112
CLUBS FIVE CLUBS TWO,0.6634,0.0396,0.297
DIAMONDS NINE DIAMONDS SEVEN,0.5492,0.0074,0.4434
SPADES FIVE SPADES THREE,0.6562,0.0392,0.3046
SPADES TEN HEARTS NINE,0.5412,0.006,0.4528
SPADES KING DIAMONDS QUEEN,0.2448,0.0676,0.6876
DIAMONDS TEN HEARTS QUEEN,0.548,0.0086,0.4434
SPADES ACE DIAMONDS SEVEN,0.3558,0.0048,0.6394
HEARTS TWO DIAMONDS JACK,0.6384,0.0112,0.3504
HEARTS THREE SPADES SEVEN,0.631,0.0096,0.3594
DIAMONDS TWO SPADES JACK,0.6336,0.0078,0.3586
CLUBS SIX DIAMONDS JACK,0.5978,0.0098,0.3924
DIAMONDS FIVE CLUBS QUEEN,0.7306,0.04,0.2294
CLUBS NINE DIAMONDS SIX,0.5788,0.0084,0.4128
HEARTS THREE DIAMONDS SEVEN,0.6288,0.0076,0.3636
HEARTS SEVEN HEARTS FOUR,0.5826,0.0076,0.4098
DIAMONDS SEVEN CLUBS ACE,0.3656,0.005,0.6294
SPADES ACE SPADES NINE,0.3394,0.0046,0.656
CLUBS NINE HEARTS TWO,0.6362,0.01,0.3538
CLUBS SEVEN DIAMONDS TEN,0.5824,0.0076,0.41
DIAMONDS TEN DIAMONDS NINE,0.5074,0.006,0.4866
DIAMONDS THREE SPADES JACK,0.6434,0.0082,0.3484
SPADES TEN DIAMONDS SEVEN,0.584,0.0076,0.4084
SPADES FOUR HEARTS ACE,0.3764,0.004,0.6196
HEARTS KING DIAMONDS EIGHT,0.2332,0.2268,0.54
CLUBS SEVEN HEARTS KING,0.2256,0.3072,0.4672
CLUBS TEN HEARTS FOUR,0.6402,0.01,0.3498
HEARTS SEVEN DIAMONDS ACE,0.3508,0.0056,0.6436
HEARTS TWO DIAMONDS QUEEN,0.65,0.0068,0.3432
HEARTS TWO DIAMONDS EIGHT,0.6436,0.0108,0.3456
SPADES SEVEN DIAMONDS NINE,0.5736,0.0102,0.4162
CLUBS NINE HEARTS TEN,0.5318,0.0058,0.4624
CLUBS TWO HEARTS KING,0.3186,0.459,0.2224
CLUBS TWO DIAMONDS FOUR,0.6614,0.009,0.3296
SPADES KING HEARTS TEN,0.2334,0.1184,0.6482
DIAMONDS THREE HEARTS TEN,0.6412,0.0076,0.3512
SPADES FOUR DIAMONDS SEVEN,0.6158,0.0102,0.374
SPADES SEVEN HEARTS TEN,0.5688,0.007,0.4242
SPADES SIX HEARTS ACE,0.3628,0.0052,0.632
DIAMONDS TEN HEARTS ACE,0.348,0.0058,0.6462
CLUBS TEN SPADES TEN,0.3108,0.0072,0.682
CLUBS THREE DIAMONDS SIX,0.6274,0.0092,0.3634
DIAMONDS ACE HEARTS KING,0.2156,0.0126,0.7718
DIAMONDS NINE SPADES THREE,0.648,0.0068,0.3452
CLUBS TEN CLUBS SEVEN,0.5284,0.0086,0.463
HEARTS EIGHT DIAMONDS ACE,0.3552,0.0052,0.6396
CLUBS FOUR HEARTS QUEEN,0.6282,0.011,0.3608
DIAMONDS JACK DIAMONDS NINE,0.5394,0.0068,0.4538
SPADES ACE SPADES SIX,0.3468,0.0046,0.6486
DIAMONDS QUEEN CLUBS THREE,0.6288,0.0094,0.3618
CLUBS FIVE CLUBS QUEEN,0.6744,0.0402,0.2854
CLUBS JACK CLUBS FIVE,0.675,0.039,0.286
DIAMONDS THREE CLUBS NINE,0.6268,0.0088,0.3644
SPADES THREE DIAMONDS SIX,0.6222,0.0092,0.3686
HEARTS FOUR DIAMONDS TEN,0.6364,0.0074,0.3562
SPADES JACK CLUBS EIGHT,0.5706,0.0066,0.4228
CLUBS JACK SPADES SIX,0.6098,0.0058,0.3844
CLUBS TEN DIAMONDS FIVE,0.7214,0.0392,0.2394
SPADES SIX SPADES FIVE,0.6318,0.0312,0.337
CLUBS SEVEN CLUBS THREE,0.5882,0.01,0.4018
HEARTS EIGHT SPADES KING,0.2278,0.2306,0.5416
DIAMONDS QUEEN CLUBS TWO,0.6358,0.0054,0.3588
CLUBS THREE DIAMONDS EIGHT,0.6478,0.009,0.3432
CLUBS SIX CLUBS THREE,0.592,0.0082,0.3998
SPADES ACE HEARTS ACE,0.1176,0.0026,0.8798
SPADES SIX CLUBS TWO,0.6268,0.008,0.3652
SPADES JACK CLUBS FIVE,0.721,0.0464,0.2326
CLUBS SEVEN SPADES EIGHT,0.5576,0.0082,0.4342
SPADES KING SPADES TWO,0.3038,0.4366,0.2596
CLUBS NINE SPADES NINE,0.3142,0.0088,0.677
SPADES ACE HEARTS FOUR,0.3838,0.0042,0.612
DIAMONDS NINE CLUBS QUEEN,0.5862,0.0076,0.4062
DIAMONDS QUEEN SPADES FIVE,0.7206,0.0448,0.2346
HEARTS FOUR HEARTS ACE,0.3668,0.005,0.6282
CLUBS SEVEN HEARTS TEN,0.564,0.0074,0.4286
SPADES SEVEN CLUBS TWO,0.6334,0.0098,0.3568
CLUBS NINE DIAMONDS TEN,0.5442,0.0084,0.4474
SPADES FOUR SPADES THREE,0.6022,0.008,0.3898
DIAMONDS ACE CLUBS QUEEN,0.3362,0.005,0.6588
DIAMONDS JACK DIAMONDS TEN,0.5104,0.0064,0.4832
CLUBS JACK SPADES TEN,0.5422,0.0044,0.4534
CLUBS JACK HEARTS FOUR,0.6376,0.0062,0.3562
DIAMONDS ACE SPADES SEVEN,0.3482,0.0048,0.647
SPADES TWO DIAMONDS FOUR,0.648,0.0086,0.3434
SPADES NINE SPADES FOUR,0.5968,0.0068,0.3964
SPADES FOUR CLUBS QUEEN,0.64,0.0088,0.3512
CLUBS FOUR SPADES SIX,0.6116,0.0076,0.3808
SPADES KING DIAMONDS FOUR,0.3266,0.4604,0.213
CLUBS SIX DIAMONDS SEVEN,0.5792,0.009,0.4118
HEARTS TWO SPADES TWO,0.4584,0.017,0.5246
HEARTS EIGHT DIAMONDS QUEEN,0.5948,0.008,0.3972
SPADES FIVE CLUBS ACE,0.2274,0.0264,0.7462
HEARTS TWO HEARTS QUEEN,0.604,0.008,0.388
CLUBS TEN HEARTS NINE,0.5494,0.0064,0.4442
CLUBS FIVE DIAMONDS EIGHT,0.7074,0.038,0.2546
HEARTS SIX SPADES SEVEN,0.5678,0.0082,0.424
SPADES JACK DIAMONDS TEN,0.5428,0.0094,0.4478
SPADES ACE HEARTS NINE,0.3622,0.0054,0.6324
HEARTS SIX HEARTS KING,0.2194,0.3582,0.4224
SPADES TWO CLUBS QUEEN,0.627,0.008,0.365
HEARTS SIX CLUBS EIGHT,0.5722,0.007,0.4208
CLUBS TEN CLUBS QUEEN,0.4984,0.0074,0.4942
CLUBS TWO CLUBS ACE,0.355,0.005,0.64
SPADES NINE SPADES SEVEN,0.5398,0.0058,0.4544
SPADES KING HEARTS QUEEN,0.2364,0.0676,0.696
DIAMONDS TEN DIAMONDS EIGHT,0.5472,0.008,0.4448
SPADES KING HEARTS ACE,0.2332,0.0098,0.757
CLUBS FIVE CLUBS KING,0.0228,0.9062,0.071
DIAMONDS TWO DIAMONDS SEVEN,0.615,0.0098,0.3752
DIAMONDS SEVEN CLUBS QUEEN,0.5946,0.0084,0.397
SPADES NINE HEARTS NINE,0.3166,0.0104,0.673
SPADES NINE SPADES TWO,0.6004,0.006,0.3936
CLUBS TEN SPADES FIVE,0.7254,0.0374,0.2372
CLUBS JACK DIAMONDS EIGHT,0.5826,0.0074,0.41
CLUBS THREE CLUBS TWO,0.5898,0.0102,0.4
HEARTS EIGHT HEARTS TWO,0.6068,0.0102,0.383
DIAMONDS QUEEN DIAMONDS JACK,0.526,0.0084,0.4656
CLUBS SIX CLUBS FOUR,0.5776,0.0066,0.4158
DIAMONDS NINE HEARTS KING,0.2254,0.1706,0.604
HEARTS SEVEN DIAMONDS TEN,0.5758,0.0094,0.4148
CLUBS SEVEN HEARTS JACK,0.5836,0.007,0.4094
DIAMONDS TWO HEARTS THREE,0.6488,0.012,0.3392
HEARTS EIGHT CLUBS THREE,0.6342,0.0094,0.3564
SPADES TEN SPADES TWO,0.5762,0.009,0.4148
HEARTS ACE HEARTS TEN,0.337,0.0064,0.6566
CLUBS JACK CLUBS KING,0.2224,0.0846,0.693
DIAMONDS TWO CLUBS THREE,0.658,0.0096,0.3324
SPADES SIX DIAMONDS EIGHT,0.5892,0.0064,0.4044
HEARTS EIGHT SPADES JACK,0.5686,0.0068,0.4246
CLUBS SEVEN SPADES FOUR,0.616,0.0064,0.3776
HEARTS EIGHT CLUBS KING,0.2296,0.2292,0.5412
HEARTS SEVEN CLUBS EIGHT,0.5704,0.0068,0.4228
CLUBS SIX DIAMONDS TEN,0.6004,0.0062,0.3934
SPADES QUEEN CLUBS SEVEN,0.6008,0.006,0.3932
DIAMONDS EIGHT HEARTS QUEEN,0.5958,0.0088,0.3954
SPADES FOUR HEARTS QUEEN,0.6344,0.009,0.3566
HEARTS KING CLUBS QUEEN,0.238,0.066,0.696
CLUBS TEN CLUBS THREE,0.5832,0.0088,0.408
SPADES ACE CLUBS THREE,0.3794,0.0046,0.616
DIAMONDS THREE HEARTS NINE,0.629,0.009,0.362
CLUBS KING HEARTS NINE,0.2318,0.1624,0.6058
HEARTS TEN CLUBS QUEEN,0.5572,0.0068,0.436
SPADES SIX CLUBS KING,0.2374,0.3682,0.3944
DIAMONDS QUEEN HEARTS QUEEN,0.294,0.007,0.699
HEARTS TWO DIAMONDS NINE,0.6414,0.0082,0.3504
DIAMONDS QUEEN HEARTS TEN,0.5516,0.0064,0.442
SPADES NINE HEARTS QUEEN,0.5636,0.0054,0.431
DIAMONDS THREE CLUBS TEN,0.6292,0.0084,0.3624
SPADES EIGHT SPADES THREE,0.5912,0.0084,0.4004
SPADES KING HEARTS FOUR,0.3178,0.4656,0.2166
DIAMONDS TEN HEARTS JACK,0.5338,0.0066,0.4596
CLUBS TEN SPADES EIGHT,0.549,0.0084,0.4426
SPADES SEVEN CLUBS THREE,0.6332,0.0096,0.3572
CLUBS TWO HEARTS QUEEN,0.6404,0.0046,0.355
CLUBS THREE SPADES FIVE,0.6992,0.0362,0.2646
HEARTS SIX DIAMONDS SIX,0.3372,0.0182,0.6446
HEARTS SEVEN DIAMONDS SIX,0.554,0.0082,0.4378
SPADES JACK DIAMONDS SEVEN,0.6014,0.0076,0.391
CLUBS TWO DIAMONDS NINE,0.6466,0.0076,0.3458
DIAMONDS QUEEN DIAMONDS SIX,0.574,0.0098,0.4162
SPADES QUEEN SPADES EIGHT,0.5304,0.0078,0.4618
SPADES JACK DIAMONDS EIGHT,0.5762,0.0072,0.4166
SPADES TEN CLUBS TWO,0.6204,0.008,0.3716
CLUBS JACK CLUBS SIX,0.5774,0.0062,0.4164
CLUBS JACK DIAMONDS FIVE,0.7302,0.0414,0.2284
HEARTS SEVEN SPADES TWO,0.6268,0.0088,0.3644
SPADES EIGHT HEARTS QUEEN,0.5906,0.008,0.4014
SPADES KING CLUBS TWO,0.3172,0.4696,0.2132
HEARTS KING SPADES TWO,0.3234,0.4576,0.219
CLUBS SEVEN DIAMONDS SIX,0.57,0.0058,0.4242
CLUBS SEVEN CLUBS FIVE,0.6448,0.0332,0.322
CLUBS TEN SPADES NINE,0.536,0.0078,0.4562
DIAMONDS QUEEN DIAMONDS SEVEN,0.5746,0.0082,0.4172
DIAMONDS JACK DIAMONDS SEVEN,0.5582,0.0078,0.434
HEARTS EIGHT HEARTS JACK,0.5384,0.0088,0.4528
HEARTS SIX HEARTS NINE,0.57,0.0092,0.4208
DIAMONDS FIVE HEARTS NINE,0.7056,0.0398,0.2546
SPADES KING CLUBS FIVE,0.02,0.9584,0.0216
DIAMONDS TWO HEARTS FOUR,0.6424,0.011,0.3466
SPADES KING SPADES TEN,0.2236,0.1122,0.6642
CLUBS EIGHT SPADES NINE,0.5582,0.0064,0.4354
HEARTS JACK HEARTS TEN,0.5118,0.007,0.4812
SPADES TEN CLUBS FOUR,0.6344,0.007,0.3586
SPADES QUEEN SPADES THREE,0.595,0.0058,0.3992
SPADES QUEEN DIAMONDS FIVE,0.722,0.0414,0.2366
HEARTS TWO SPADES FOUR,0.662,0.0092,0.3288
CLUBS JACK HEARTS SIX,0.6104,0.0086,0.381
CLUBS EIGHT SPADES FOUR,0.6274,0.006,0.3666
SPADES FOUR CLUBS KING,0.333,0.4426,0.2244
CLUBS EIGHT HEARTS TEN,0.5642,0.0068,0.429
SPADES FIVE DIAMONDS EIGHT,0.7016,0.0346,0.2638
CLUBS TWO HEARTS ACE,0.3688,0.0048,0.6264
HEARTS FOUR HEARTS KING,0.303,0.436,0.261
CLUBS NINE DIAMONDS EIGHT,0.5518,0.01,0.4382
CLUBS NINE SPADES FOUR,0.6326,0.0092,0.3582
SPADES ACE CLUBS FOUR,0.3814,0.0068,0.6118
CLUBS EIGHT HEARTS KING,0.2258,0.2268,0.5474
HEARTS SIX CLUBS TWO,0.6302,0.0078,0.362
CLUBS EIGHT HEARTS QUEEN,0.5824,0.006,0.4116
HEARTS EIGHT DIAMONDS TWO,0.646,0.0086,0.3454
SPADES JACK CLUBS SEVEN,0.6122,0.0072,0.3806
HEARTS SIX CLUBS ACE,0.3528,0.0038,0.6434
SPADES EIGHT HEARTS KING,0.2208,0.2526,0.5266
HEARTS TWO CLUBS TWO,0.4442,0.02,0.5358
HEARTS FOUR CLUBS QUEEN,0.6534,0.0072,0.3394
SPADES FIVE HEARTS QUEEN,0.7208,0.0376,0.2416
SPADES QUEEN SPADES JACK,0.5228,0.0058,0.4714
SPADES JACK HEARTS NINE,0.5452,0.007,0.4478
DIAMONDS TEN HEARTS KING,0.2328,0.1184,0.6488
DIAMONDS ACE DIAMONDS JACK,0.3408,0.0062,0.653
CLUBS FOUR SPADES FOUR,0.4314,0.0154,0.5532
SPADES SIX DIAMONDS FOUR,0.6162,0.0094,0.3744
CLUBS ACE CLUBS QUEEN,0.3308,0.0026,0.6666
CLUBS SIX SPADES FOUR,0.6078,0.0066,0.3856
DIAMONDS EIGHT HEARTS TEN,0.5594,0.0084,0.4322
SPADES QUEEN HEARTS KING,0.2502,0.0616,0.6882
CLUBS NINE HEARTS FOUR,0.648,0.0066,0.3454
HEARTS QUEEN DIAMONDS FOUR,0.6318,0.009,0.3592
HEARTS EIGHT DIAMONDS JACK,0.574,0.0072,0.4188
HEARTS SIX DIAMONDS NINE,0.5732,0.008,0.4188
SPADES EIGHT SPADES SEVEN,0.533,0.0074,0.4596
SPADES SEVEN CLUBS QUEEN,0.5992,0.0072,0.3936
SPADES THREE HEARTS NINE,0.6312,0.0104,0.3584
CLUBS TEN DIAMONDS EIGHT,0.5636,0.005,0.4314
CLUBS TEN HEARTS QUEEN,0.5428,0.0086,0.4486
SPADES KING HEARTS THREE,0.32,0.467,0.213
CLUBS JACK CLUBS ACE,0.3258,0.0056,0.6686
DIAMONDS SIX CLUBS KING,0.2224,0.3822,0.3954
HEARTS THREE CLUBS QUEEN,0.6254,0.0058,0.3688
SPADES SEVEN DIAMONDS SIX,0.5588,0.0062,0.435
HEARTS EIGHT DIAMONDS NINE,0.5578,0.0084,0.4338
DIAMONDS THREE CLUBS ACE,0.3828,0.0048,0.6124
CLUBS JACK SPADES FIVE,0.7324,0.0366,0.231
HEARTS JACK CLUBS QUEEN,0.5524,0.0052,0.4424
SPADES SEVEN HEARTS JACK,0.5956,0.0062,0.3982
SPADES JACK HEARTS KING,0.2346,0.0886,0.6768
HEARTS TWO DIAMONDS TEN,0.6482,0.0096,0.3422
CLUBS THREE HEARTS KING,0.3226,0.4556,0.2218
HEARTS EIGHT CLUBS QUEEN,0.581,0.0072,0.4118
CLUBS FIVE DIAMONDS SEVEN,0.6796,0.034,0.2864
CLUBS SEVEN DIAMONDS FOUR,0.615,0.0094,0.3756
SPADES TEN SPADES NINE,0.5168,0.0066,0.4766
HEARTS EIGHT CLUBS NINE,0.5478,0.0076,0.4446
CLUBS JACK DIAMONDS ACE,0.3324,0.0042,0.6634
SPADES TEN DIAMONDS FIVE,0.7338,0.037,0.2292
HEARTS EIGHT HEARTS FOUR,0.5814,0.009,0.4096
CLUBS TEN HEARTS SIX,0.582,0.0102,0.4078
CLUBS EIGHT SPADES THREE,0.6408,0.008,0.3512
HEARTS FOUR DIAMONDS QUEEN,0.6362,0.0086,0.3552
SPADES KING SPADES EIGHT,0.2174,0.2186,0.564
HEARTS FOUR HEARTS JACK,0.5924,0.009,0.3986
HEARTS SEVEN DIAMONDS NINE,0.5724,0.0092,0.4184
DIAMONDS THREE SPADES NINE,0.6366,0.0066,0.3568
DIAMONDS ACE HEARTS NINE,0.351,0.0052,0.6438
SPADES ACE DIAMONDS FOUR,0.3826,0.006,0.6114
SPADES SEVEN CLUBS ACE,0.3676,0.0038,0.6286
CLUBS NINE CLUBS FOUR,0.5926,0.0068,0.4006
HEARTS TWO CLUBS FOUR,0.659,0.0116,0.3294
DIAMONDS EIGHT HEARTS JACK,0.5834,0.0078,0.4088
CLUBS FOUR CLUBS KING,0.3032,0.429,0.2678
CLUBS NINE CLUBS EIGHT,0.5208,0.007,0.4722
SPADES ACE CLUBS ACE,0.1332,0.0034,0.8634
SPADES JACK HEARTS ACE,0.3608,0.0036,0.6356
DIAMONDS JACK CLUBS QUEEN,0.5606,0.0054,0.434
DIAMONDS THREE CLUBS QUEEN,0.6422,0.0074,0.3504
DIAMONDS ACE HEARTS ACE,0.1036,0.007,0.8894
SPADES THREE HEARTS QUEEN,0.6366,0.0084,0.355
SPADES TWO CLUBS KING,0.3362,0.4452,0.2186
CLUBS EIGHT SPADES EIGHT,0.3118,0.0116,0.6766
SPADES FOUR DIAMONDS SIX,0.6242,0.008,0.3678
SPADES QUEEN HEARTS SIX,0.5968,0.005,0.3982
HEARTS SIX SPADES NINE,0.5782,0.0076,0.4142
CLUBS EIGHT DIAMONDS SEVEN,0.56,0.0062,0.4338
SPADES THREE DIAMONDS FIVE,0.6938,0.0414,0.2648
CLUBS EIGHT HEARTS NINE,0.5684,0.01,0.4216
SPADES EIGHT HEARTS NINE,0.5482,0.0062,0.4456
SPADES KING SPADES JACK,0.2262,0.0832,0.6906
SPADES JACK HEARTS QUEEN,0.5496,0.0066,0.4438
SPADES SIX DIAMONDS JACK,0.6016,0.0084,0.39
CLUBS THREE SPADES TWO,0.639,0.008,0.353
CLUBS TEN DIAMONDS ACE,0.339,0.0042,0.6568
SPADES JACK SPADES NINE,0.526,0.0076,0.4664
DIAMONDS FIVE DIAMONDS FOUR,0.6566,0.0396,0.3038
CLUBS TEN DIAMONDS FOUR,0.6428,0.0058,0.3514
SPADES TEN DIAMONDS QUEEN,0.5462,0.0092,0.4446
SPADES QUEEN CLUBS THREE,0.6268,0.008,0.3652
DIAMONDS THREE HEARTS JACK,0.624,0.0116,0.3644
HEARTS SEVEN SPADES FIVE,0.6862,0.0352,0.2786
CLUBS FIVE HEARTS JACK,0.7194,0.0438,0.2368
DIAMONDS JACK HEARTS QUEEN,0.556,0.0078,0.4362
SPADES JACK HEARTS JACK,0.2828,0.0062,0.711
HEARTS SEVEN SPADES JACK,0.5878,0.0082,0.404
SPADES TEN CLUBS QUEEN,0.5484,0.0052,0.4464
SPADES KING SPADES SEVEN,0.2076,0.2744,0.518
SPADES KING HEARTS SEVEN,0.2208,0.3096,0.4696
DIAMONDS TEN HEARTS TEN,0.2864,0.008,0.7056
SPADES SEVEN SPADES FOUR,0.5668,0.006,0.4272
CLUBS SIX SPADES FIVE,0.6766,0.0342,0.2892
DIAMONDS QUEEN SPADES TWO,0.6394,0.0096,0.351
SPADES TEN CLUBS THREE,0.6336,0.0082,0.3582
CLUBS SEVEN CLUBS SIX,0.535,0.0076,0.4574
SPADES JACK CLUBS KING,0.2328,0.0834,0.6838
DIAMONDS JACK HEARTS TEN,0.5328,0.0076,0.4596
SPADES TEN DIAMONDS TEN,0.3008,0.0066,0.6926
SPADES JACK SPADES SIX,0.563,0.0064,0.4306
CLUBS SEVEN SPADES NINE,0.5658,0.0074,0.4268
CLUBS TWO SPADES FOUR,0.6598,0.0088,0.3314
HEARTS THREE CLUBS FOUR,0.6318,0.0104,0.3578
SPADES ACE SPADES FOUR,0.358,0.0052,0.6368
SPADES SIX HEARTS TEN,0.592,0.0074,0.4006
CLUBS THREE HEARTS QUEEN,0.6296,0.0072,0.3632
HEARTS ACE HEARTS QUEEN,0.3228,0.006,0.6712
HEARTS EIGHT CLUBS FOUR,0.6296,0.0076,0.3628
SPADES KING CLUBS KING,0.0898,0.0118,0.8984
SPADES JACK HEARTS TEN,0.546,0.006,0.448
SPADES KING HEARTS SIX,0.2132,0.3926,0.3942
HEARTS THREE CLUBS THREE,0.447,0.0202,0.5328
DIAMONDS ACE DIAMONDS FIVE,0.2218,0.0268,0.7514
SPADES QUEEN DIAMONDS SIX,0.6006,0.007,0.3924
SPADES KING SPADES FIVE,0.0232,0.9086,0.0682
HEARTS EIGHT HEARTS THREE,0.612,0.0078,0.3802
SPADES KING CLUBS NINE,0.2512,0.1676,0.5812
HEARTS FOUR HEARTS NINE,0.5988,0.0094,0.3918
DIAMONDS TWO DIAMONDS EIGHT,0.6164,0.0086,0.375
HEARTS FOUR DIAMONDS NINE,0.6362,0.011,0.3528
CLUBS JACK DIAMONDS SEVEN,0.6052,0.0064,0.3884
HEARTS EIGHT DIAMONDS SIX,0.5736,0.0072,0.4192
SPADES QUEEN CLUBS NINE,0.5676,0.008,0.4244
CLUBS FOUR SPADES THREE,0.6286,0.0082,0.3632
CLUBS SIX DIAMONDS QUEEN,0.6064,0.007,0.3866
HEARTS FOUR CLUBS THREE,0.6338,0.0078,0.3584
SPADES QUEEN DIAMONDS JACK,0.5622,0.008,0.4298
SPADES JACK DIAMONDS JACK,0.3098,0.006,0.6842
HEARTS SIX HEARTS TEN,0.5774,0.0078,0.4148
DIAMONDS NINE CLUBS ACE,0.3658,0.0058,0.6284
HEARTS SEVEN SPADES EIGHT,0.5772,0.0058,0.417
HEARTS SIX CLUBS FIVE,0.6714,0.0356,0.293
HEARTS THREE DIAMONDS EIGHT,0.6492,0.009,0.3418
SPADES TEN DIAMONDS FOUR,0.6394,0.009,0.3516
SPADES ACE DIAMONDS TEN,0.3506,0.0028,0.6466
HEARTS EIGHT HEARTS NINE,0.5314,0.008,0.4606
CLUBS NINE DIAMONDS QUEEN,0.5766,0.0068,0.4166
HEARTS THREE CLUBS TWO,0.6474,0.0102,0.3424
SPADES EIGHT CLUBS KING,0.2428,0.2204,0.5368
HEARTS EIGHT HEARTS ACE,0.3476,0.0046,0.6478
HEARTS JACK HEARTS NINE,0.5328,0.0094,0.4578
CLUBS FIVE SPADES TWO,0.7054,0.0424,0.2522
HEARTS EIGHT CLUBS TWO,0.6338,0.008,0.3582
HEARTS FOUR CLUBS TWO,0.6516,0.0096,0.3388
SPADES TWO DIAMONDS SEVEN,0.6454,0.0084,0.3462
HEARTS QUEEN CLUBS ACE,0.3428,0.0056,0.6516
CLUBS FOUR CLUBS THREE,0.5906,0.0102,0.3992
DIAMONDS TWO DIAMONDS ACE,0.3528,0.0068,0.6404
DIAMONDS EIGHT DIAMONDS SEVEN,0.5466,0.0072,0.4462
DIAMONDS TWO SPADES THREE,0.663,0.0088,0.3282
DIAMONDS THREE DIAMONDS FIVE,0.6678,0.0436,0.2886
SPADES QUEEN CLUBS FIVE,0.7246,0.0422,0.2332
CLUBS NINE CLUBS TWO,0.6018,0.008,0.3902
SPADES QUEEN SPADES FOUR,0.5992,0.0082,0.3926
CLUBS NINE CLUBS SEVEN,0.525,0.0066,0.4684
SPADES ACE HEARTS TWO,0.392,0.0046,0.6034
DIAMONDS QUEEN SPADES THREE,0.641,0.0084,0.3506
CLUBS FOUR DIAMONDS JACK,0.6454,0.0072,0.3474
DIAMONDS QUEEN HEARTS NINE,0.5676,0.0098,0.4226
SPADES FIVE HEARTS ACE,0.2206,0.0322,0.7472
DIAMONDS JACK CLUBS ACE,0.3662,0.0054,0.6284
CLUBS JACK CLUBS TWO,0.601,0.0082,0.3908
CLUBS EIGHT DIAMONDS JACK,0.583,0.0058,0.4112
HEARTS TEN HEARTS NINE,0.5194,0.0068,0.4738
HEARTS TWO DIAMONDS FOUR,0.664,0.0088,0.3272
HEARTS ACE HEARTS JACK,0.3344,0.0068,0.6588
SPADES ACE SPADES JACK,0.3358,0.0034,0.6608
SPADES JACK DIAMONDS NINE,0.5868,0.0052,0.408
DIAMONDS JACK CLUBS TWO,0.6418,0.0072,0.351
HEARTS SIX DIAMONDS ACE,0.355,0.0056,0.6394
CLUBS FIVE SPADES SIX,0.68,0.0292,0.2908
DIAMONDS TEN CLUBS ACE,0.345,0.0034,0.6516
HEARTS THREE CLUBS SIX,0.6292,0.0082,0.3626
CLUBS THREE CLUBS QUEEN,0.5846,0.0062,0.4092
DIAMONDS JACK CLUBS KING,0.239,0.0888,0.6722
SPADES TEN DIAMONDS EIGHT,0.5624,0.0058,0.4318
DIAMONDS THREE CLUBS TWO,0.6536,0.0116,0.3348
CLUBS FIVE CLUBS THREE,0.6436,0.0376,0.3188
DIAMONDS NINE DIAMONDS SIX,0.5598,0.0066,0.4336
CLUBS TWO CLUBS QUEEN,0.5974,0.0076,0.395
DIAMONDS NINE DIAMONDS EIGHT,0.5364,0.0074,0.4562
CLUBS THREE DIAMONDS TEN,0.6334,0.008,0.3586
DIAMONDS ACE CLUBS TWO,0.3794,0.0054,0.6152
SPADES KING SPADES QUEEN,0.2338,0.0552,0.711
SPADES SIX HEARTS QUEEN,0.6058,0.0058,0.3884
SPADES QUEEN HEARTS JACK,0.5516,0.0068,0.4416
SPADES SEVEN SPADES THREE,0.588,0.0084,0.4036
CLUBS SEVEN DIAMONDS QUEEN,0.6112,0.005,0.3838
HEARTS SIX HEARTS TWO,0.5978,0.0062,0.396
DIAMONDS THREE DIAMONDS FOUR,0.6096,0.0106,0.3798
DIAMONDS QUEEN SPADES SIX,0.6088,0.006,0.3852
CLUBS JACK HEARTS THREE,0.6396,0.0068,0.3536
CLUBS FOUR DIAMONDS FOUR,0.4374,0.0148,0.5478
DIAMONDS THREE HEARTS KING,0.3266,0.4586,0.2148
SPADES QUEEN CLUBS QUEEN,0.2934,0.0042,0.7024
DIAMONDS THREE HEARTS QUEEN,0.646,0.0092,0.3448
CLUBS TEN HEARTS ACE,0.3362,0.0062,0.6576
DIAMONDS THREE SPADES THREE,0.4352,0.0184,0.5464
DIAMONDS ACE DIAMONDS NINE,0.3536,0.0048,0.6416
SPADES EIGHT DIAMONDS QUEEN,0.59,0.007,0.403
HEARTS ACE CLUBS QUEEN,0.3494,0.0034,0.6472
CLUBS SIX DIAMONDS NINE,0.578,0.0078,0.4142
DIAMONDS THREE CLUBS FOUR,0.632,0.0108,0.3572
CLUBS FOUR DIAMONDS FIVE,0.6868,0.039,0.2742
HEARTS EIGHT SPADES THREE,0.6398,0.0066,0.3536
SPADES QUEEN HEARTS TWO,0.6528,0.007,0.3402
CLUBS SIX CLUBS ACE,0.3444,0.006,0.6496
DIAMONDS JACK DIAMONDS FOUR,0.6076,0.0094,0.383
CLUBS FOUR HEARTS TEN,0.6292,0.007,0.3638
CLUBS TEN CLUBS NINE,0.5156,0.0054,0.479
DIAMONDS SEVEN HEARTS JACK,0.5872,0.007,0.4058
CLUBS FIVE CLUBS ACE,0.219,0.027,0.754
HEARTS TWO CLUBS THREE,0.649,0.009,0.342
SPADES NINE CLUBS THREE,0.6362,0.0086,0.3552
CLUBS TEN SPADES THREE,0.6386,0.0076,0.3538
CLUBS NINE CLUBS SIX,0.5486,0.0082,0.4432
SPADES FOUR HEARTS TEN,0.6298,0.009,0.3612
SPADES THREE DIAMONDS FOUR,0.638,0.0086,0.3534
CLUBS TEN CLUBS EIGHT,0.5254,0.0056,0.469
HEARTS THREE HEARTS KING,0.3184,0.4256,0.256
HEARTS EIGHT CLUBS SEVEN,0.5618,0.0066,0.4316
DIAMONDS SIX CLUBS QUEEN,0.6116,0.006,0.3824
HEARTS ACE DIAMONDS FOUR,0.379,0.0048,0.6162
SPADES JACK DIAMONDS SIX,0.6086,0.008,0.3834
DIAMONDS TWO DIAMONDS FIVE,0.68,0.0366,0.2834
DIAMONDS ACE DIAMONDS SEVEN,0.3352,0.0062,0.6586
SPADES ACE DIAMONDS NINE,0.358,0.0066,0.6354
HEARTS KING HEARTS TEN,0.219,0.1102,0.6708
SPADES SIX HEARTS KING,0.2172,0.3842,0.3986
SPADES THREE HEARTS KING,0.3216,0.4552,0.2232
HEARTS THREE HEARTS JACK,0.5864,0.0112,0.4024
CLUBS EIGHT HEARTS ACE,0.3548,0.0046,0.6406
HEARTS QUEEN HEARTS NINE,0.542,0.0088,0.4492
CLUBS JACK SPADES TWO,0.6384,0.0106,0.351
SPADES THREE CLUBS ACE,0.382,0.0038,0.6142
SPADES QUEEN DIAMONDS NINE,0.5676,0.0078,0.4246
CLUBS EIGHT HEARTS TWO,0.6342,0.009,0.3568
HEARTS EIGHT DIAMONDS SEVEN,0.5658,0.0088,0.4254
DIAMONDS JACK DIAMONDS EIGHT,0.5424,0.008,0.4496
SPADES THREE CLUBS QUEEN,0.6398,0.0106,0.3496
SPADES NINE DIAMONDS FIVE,0.7098,0.037,0.2532
CLUBS TEN SPADES TWO,0.619,0.0078,0.3732
CLUBS TEN HEARTS TEN,0.298,0.0064,0.6956
DIAMONDS THREE SPADES KING,0.33,0.4562,0.2138
CLUBS TEN DIAMONDS TEN,0.3024,0.007,0.6906
HEARTS FOUR CLUBS FIVE,0.685,0.0396,0.2754
CLUBS NINE DIAMONDS SEVEN,0.5778,0.008,0.4142
SPADES EIGHT CLUBS FOUR,0.6302,0.0092,0.3606
SPADES FOUR CLUBS ACE,0.3762,0.0054,0.6184
CLUBS THREE SPADES THREE,0.442,0.0184,0.5396
DIAMONDS TWO HEARTS QUEEN,0.644,0.0102,0.3458
DIAMONDS THREE SPADES TEN,0.6288,0.0078,0.3634
HEARTS QUEEN HEARTS JACK,0.5252,0.0074,0.4674
CLUBS EIGHT SPADES SEVEN,0.565,0.0074,0.4276
SPADES KING CLUBS QUEEN,0.2574,0.0676,0.675
CLUBS ACE HEARTS NINE,0.3628,0.006,0.6312
CLUBS FIVE HEARTS TEN,0.7292,0.0366,0.2342
DIAMONDS TWO CLUBS ACE,0.377,0.0058,0.6172
CLUBS SEVEN HEARTS THREE,0.6374,0.008,0.3546
HEARTS SIX SPADES TEN,0.5882,0.008,0.4038
DIAMONDS THREE DIAMONDS QUEEN,0.6148,0.009,0.3762
SPADES TEN SPADES FIVE,0.6786,0.0374,0.284
SPADES QUEEN CLUBS ACE,0.3534,0.0028,0.6438
SPADES TEN SPADES SIX,0.5482,0.0076,0.4442
SPADES FIVE DIAMONDS FIVE,0.317,0.031,0.652
CLUBS SIX SPADES EIGHT,0.5798,0.0068,0.4134
CLUBS NINE HEARTS QUEEN,0.5618,0.0068,0.4314
CLUBS SEVEN DIAMONDS NINE,0.5828,0.0074,0.4098
HEARTS QUEEN HEARTS TEN,0.529,0.0082,0.4628
HEARTS TWO SPADES SIX,0.625,0.0084,0.3666
HEARTS SIX DIAMONDS QUEEN,0.6104,0.0096,0.38
SPADES KING CLUBS SEVEN,0.2364,0.2996,0.464
HEARTS TWO CLUBS KING,0.321,0.4596,0.2194
SPADES SEVEN DIAMONDS FOUR,0.6134,0.009,0.3776
SPADES THREE SPADES TWO,0.6074,0.0088,0.3838
DIAMONDS THREE CLUBS FIVE,0.7006,0.035,0.2644
SPADES TEN CLUBS FIVE,0.7238,0.0368,0.2394
DIAMONDS TEN HEARTS NINE,0.5484,0.0044,0.4472
DIAMONDS JACK HEARTS ACE,0.347,0.0052,0.6478
SPADES NINE DIAMONDS EIGHT,0.5588,0.008,0.4332
SPADES EIGHT DIAMONDS FOUR,0.6376,0.0088,0.3536
HEARTS FOUR SPADES THREE,0.6296,0.01,0.3604
CLUBS TWO SPADES TWO,0.4486,0.0208,0.5306
HEARTS SEVEN DIAMONDS FOUR,0.6132,0.0078,0.379
DIAMONDS THREE SPADES SIX,0.6302,0.0062,0.3636
SPADES SEVEN DIAMONDS FIVE,0.6936,0.0354,0.271
CLUBS JACK CLUBS FOUR,0.6004,0.0062,0.3934
HEARTS FOUR SPADES FOUR,0.445,0.0184,0.5366
SPADES QUEEN SPADES TEN,0.5124,0.007,0.4806
HEARTS THREE HEARTS ACE,0.3664,0.006,0.6276
HEARTS QUEEN DIAMONDS FIVE,0.7246,0.0408,0.2346
SPADES SEVEN SPADES FIVE,0.636,0.036,0.328
HEARTS SEVEN SPADES QUEEN,0.5936,0.0072,0.3992
SPADES NINE DIAMONDS JACK,0.5646,0.0062,0.4292
CLUBS EIGHT CLUBS THREE,0.6094,0.0078,0.3828
DIAMONDS THREE DIAMONDS NINE,0.6082,0.0108,0.381
HEARTS SEVEN CLUBS QUEEN,0.5924,0.0056,0.402
DIAMONDS TWO SPADES TEN,0.6492,0.0086,0.3422
DIAMONDS QUEEN SPADES FOUR,0.6438,0.008,0.3482
CLUBS NINE CLUBS KING,0.229,0.1554,0.6156
CLUBS SIX CLUBS KING,0.2192,0.3608,0.42
CLUBS EIGHT HEARTS THREE,0.6378,0.0064,0.3558
HEARTS JACK DIAMONDS FIVE,0.7262,0.0462,0.2276
HEARTS THREE DIAMONDS FOUR,0.6438,0.01,0.3462
HEARTS FOUR HEARTS THREE,0.5998,0.0102,0.39
CLUBS JACK CLUBS EIGHT,0.539,0.0074,0.4536
DIAMONDS EIGHT SPADES TWO,0.6496,0.0084,0.342
SPADES SEVEN DIAMONDS JACK,0.5856,0.0068,0.4076
DIAMONDS TEN SPADES FOUR,0.6354,0.0094,0.3552
HEARTS THREE HEARTS TEN,0.6052,0.0088,0.386
HEARTS SEVEN HEARTS JACK,0.5614,0.0078,0.4308
HEARTS SEVEN HEARTS THREE,0.5986,0.0092,0.3922
SPADES ACE CLUBS SIX,0.3638,0.005,0.6312
SPADES JACK HEARTS TWO,0.6394,0.0076,0.353
CLUBS FIVE HEARTS QUEEN,0.7394,0.0352,0.2254
DIAMONDS TWO DIAMONDS QUEEN,0.6026,0.0058,0.3916
CLUBS EIGHT CLUBS FOUR,0.5936,0.0076,0.3988
HEARTS EIGHT HEARTS QUEEN,0.5586,0.0086,0.4328
HEARTS TWO HEARTS NINE,0.6068,0.0074,0.3858
CLUBS FIVE SPADES SEVEN,0.6858,0.0352,0.279
DIAMONDS TWO CLUBS SEVEN,0.6418,0.007,0.3512
SPADES KING DIAMONDS NINE,0.2408,0.1606,0.5986
CLUBS EIGHT CLUBS SIX,0.5402,0.0088,0.451
SPADES NINE DIAMONDS ACE,0.3552,0.0058,0.639
CLUBS TEN DIAMONDS QUEEN,0.5584,0.0078,0.4338
HEARTS SEVEN HEARTS SIX,0.5374,0.0074,0.4552
CLUBS ACE DIAMONDS SIX,0.364,0.0038,0.6322
CLUBS SEVEN DIAMONDS FIVE,0.6876,0.0318,0.2806
SPADES SIX DIAMONDS TEN,0.5856,0.0062,0.4082
SPADES EIGHT SPADES SIX,0.5294,0.0086,0.462
SPADES FIVE HEARTS NINE,0.7016,0.0356,0.2628
HEARTS ACE DIAMONDS NINE,0.3622,0.0048,0.633
SPADES JACK CLUBS THREE,0.6342,0.0062,0.3596
SPADES KING SPADES NINE,0.2168,0.1668,0.6164
HEARTS EIGHT HEARTS TEN,0.5286,0.0088,0.4626
DIAMONDS NINE HEARTS JACK,0.568,0.0072,0.4248
SPADES EIGHT CLUBS TWO,0.6466,0.0098,0.3436
DIAMONDS TWO CLUBS TWO,0.4446,0.0192,0.5362
SPADES KING HEARTS TWO,0.3092,0.4796,0.2112
CLUBS FIVE DIAMONDS FOUR,0.6896,0.0376,0.2728
HEARTS TWO HEARTS ACE,0.3648,0.0054,0.6298
CLUBS SIX HEARTS ACE,0.3424,0.004,0.6536
HEARTS SEVEN CLUBS FIVE,0.6804,0.0376,0.282
DIAMONDS NINE HEARTS TEN,0.5488,0.007,0.4442
SPADES ACE DIAMONDS EIGHT,0.3664,0.004,0.6296
SPADES NINE DIAMONDS SEVEN,0.5682,0.0076,0.4242
SPADES ACE HEARTS SEVEN,0.36,0.0038,0.6362
SPADES TEN DIAMONDS SIX,0.5896,0.007,0.4034
HEARTS SIX DIAMONDS FOUR,0.6006,0.01,0.3894
DIAMONDS TWO SPADES QUEEN,0.6356,0.01,0.3544
CLUBS FIVE DIAMONDS ACE,0.2226,0.03,0.7474
CLUBS JACK HEARTS TEN,0.542,0.0066,0.4514
HEARTS SEVEN SPADES NINE,0.5706,0.0062,0.4232
CLUBS THREE HEARTS JACK,0.6328,0.0078,0.3594
SPADES EIGHT DIAMONDS JACK,0.5816,0.0058,0.4126
DIAMONDS JACK DIAMONDS SIX,0.578,0.0078,0.4142
SPADES NINE SPADES FIVE,0.678,0.0326,0.2894
CLUBS EIGHT DIAMONDS QUEEN,0.6026,0.0078,0.3896
CLUBS NINE SPADES EIGHT,0.5624,0.0078,0.4298
CLUBS TEN HEARTS JACK,0.5284,0.007,0.4646
SPADES KING DIAMONDS SEVEN,0.2348,0.299,0.4662
SPADES EIGHT DIAMONDS SEVEN,0.5592,0.0088,0.432
HEARTS SEVEN CLUBS SIX,0.5796,0.009,0.4114
HEARTS THREE CLUBS FIVE,0.6884,0.0348,0.2768
HEARTS JACK DIAMONDS FOUR,0.6368,0.009,0.3542
SPADES JACK SPADES FIVE,0.6786,0.0424,0.279
DIAMONDS JACK HEARTS JACK,0.2974,0.0072,0.6954
HEARTS THREE DIAMONDS TEN,0.6258,0.0086,0.3656
DIAMONDS JACK SPADES FIVE,0.7262,0.04,0.2338
SPADES FOUR DIAMONDS NINE,0.6386,0.008,0.3534
DIAMONDS THREE SPADES FIVE,0.7006,0.0388,0.2606
CLUBS NINE DIAMONDS JACK,0.5692,0.006,0.4248
DIAMONDS NINE HEARTS QUEEN,0.5756,0.0086,0.4158
CLUBS SEVEN SPADES FIVE,0.6882,0.0326,0.2792
DIAMONDS THREE HEARTS THREE,0.458,0.0164,0.5256
SPADES FIVE CLUBS QUEEN,0.7304,0.041,0.2286
SPADES SIX HEARTS NINE,0.5844,0.006,0.4096
HEARTS SEVEN HEARTS ACE,0.348,0.003,0.649
HEARTS EIGHT DIAMONDS THREE,0.6376,0.0126,0.3498
SPADES QUEEN SPADES FIVE,0.676,0.0388,0.2852
HEARTS EIGHT SPADES TEN,0.5752,0.0054,0.4194
SPADES NINE CLUBS QUEEN,0.5746,0.0042,0.4212
CLUBS JACK SPADES SEVEN,0.5998,0.006,0.3942
HEARTS SEVEN DIAMONDS QUEEN,0.6136,0.0108,0.3756
HEARTS FOUR DIAMONDS FOUR,0.4566,0.015,0.5284
CLUBS JACK CLUBS THREE,0.6008,0.0078,0.3914
HEARTS SIX SPADES SIX,0.3278,0.0138,0.6584
SPADES QUEEN CLUBS TWO,0.6306,0.0088,0.3606
DIAMONDS THREE DIAMONDS EIGHT,0.6172,0.0082,0.3746
CLUBS SEVEN DIAMONDS SEVEN,0.3342,0.016,0.6498
SPADES EIGHT CLUBS FIVE,0.6978,0.0376,0.2646
CLUBS NINE CLUBS THREE,0.5996,0.0092,0.3912
HEARTS EIGHT CLUBS ACE,0.3778,0.0046,0.6176
HEARTS FOUR CLUBS SIX,0.612,0.0094,0.3786
SPADES ACE HEARTS TEN,0.3446,0.005,0.6504
CLUBS NINE SPADES SIX,0.5844,0.0058,0.4098
DIAMONDS TWO SPADES FOUR,0.6432,0.012,0.3448
CLUBS SEVEN CLUBS ACE,0.3364,0.0054,0.6582
SPADES TEN HEARTS ACE,0.3448,0.0058,0.6494
CLUBS KING DIAMONDS FIVE,0.0164,0.9702,0.0134
HEARTS SEVEN CLUBS NINE,0.5634,0.009,0.4276
HEARTS SIX CLUBS FOUR,0.6108,0.0104,0.3788
HEARTS FOUR DIAMONDS SIX,0.6166,0.0062,0.3772
DIAMONDS THREE SPADES SEVEN,0.6466,0.0078,0.3456
DIAMONDS ACE CLUBS ACE,0.1086,0.004,0.8874
HEARTS EIGHT HEARTS SIX,0.5416,0.0082,0.4502
HEARTS ACE DIAMONDS EIGHT,0.3638,0.0056,0.6306
SPADES NINE DIAMONDS SIX,0.5872,0.0076,0.4052
SPADES TEN HEARTS TWO,0.6396,0.0076,0.3528
DIAMONDS TWO DIAMONDS TEN,0.5936,0.007,0.3994
SPADES TEN CLUBS SIX,0.5864,0.008,0.4056
DIAMONDS THREE DIAMONDS JACK,0.6016,0.009,0.3894
DIAMONDS NINE DIAMONDS FIVE,0.6956,0.032,0.2724
HEARTS KING DIAMONDS FOUR,0.308,0.484,0.208
HEARTS QUEEN DIAMONDS SEVEN,0.6138,0.0106,0.3756
SPADES THREE DIAMONDS EIGHT,0.6486,0.0068,0.3446
DIAMONDS TEN SPADES TWO,0.6334,0.0074,0.3592
CLUBS FIVE HEARTS KING,0.0132,0.9682,0.0186
CLUBS JACK SPADES JACK,0.2816,0.0042,0.7142
DIAMONDS TWO HEARTS TWO,0.459,0.0256,0.5154
DIAMONDS SIX HEARTS TEN,0.5872,0.0066,0.4062
HEARTS FOUR HEARTS TWO,0.6152,0.0134,0.3714
SPADES ACE DIAMONDS JACK,0.3558,0.0052,0.639
HEARTS THREE CLUBS KING,0.3284,0.4594,0.2122
HEARTS SIX HEARTS FOUR,0.595,0.0094,0.3956
DIAMONDS ACE CLUBS THREE,0.3666,0.0052,0.6282
HEARTS SIX SPADES TWO,0.6258,0.0106,0.3636
HEARTS FOUR CLUBS FOUR,0.4386,0.0162,0.5452
DIAMONDS ACE CLUBS FOUR,0.3744,0.0048,0.6208
SPADES SIX DIAMONDS SIX,0.3374,0.0148,0.6478
CLUBS TEN CLUBS SIX,0.5438,0.007,0.4492
HEARTS SEVEN SPADES SEVEN,0.3274,0.0138,0.6588
SPADES ACE SPADES THREE,0.3484,0.0042,0.6474
SPADES TEN HEARTS TEN,0.2954,0.0084,0.6962
SPADES TEN HEARTS JACK,0.544,0.0054,0.4506
HEARTS SEVEN DIAMONDS FIVE,0.6894,0.0382,0.2724
DIAMONDS ACE DIAMONDS SIX,0.3366,0.005,0.6584
CLUBS EIGHT DIAMONDS FIVE,0.7108,0.0348,0.2544
CLUBS FOUR CLUBS ACE,0.3498,0.0044,0.6458
CLUBS JACK SPADES EIGHT,0.5894,0.0066,0.404
HEARTS THREE SPADES FOUR,0.6368,0.0082,0.355
SPADES NINE HEARTS JACK,0.5546,0.0076,0.4378
SPADES KING DIAMONDS TEN,0.235,0.1184,0.6466
HEARTS SEVEN CLUBS SEVEN,0.339,0.0146,0.6464
SPADES QUEEN SPADES SEVEN,0.5538,0.0084,0.4378
SPADES EIGHT DIAMONDS TEN,0.5688,0.006,0.4252
HEARTS EIGHT SPADES QUEEN,0.577,0.0074,0.4156
SPADES EIGHT CLUBS QUEEN,0.5888,0.006,0.4052
HEARTS FOUR SPADES TWO,0.6528,0.009,0.3382
HEARTS ACE DIAMONDS SIX,0.3616,0.0034,0.635
SPADES NINE HEARTS ACE,0.3712,0.0064,0.6224
SPADES SEVEN CLUBS FOUR,0.622,0.0086,0.3694
CLUBS SIX HEARTS TWO,0.635,0.0096,0.3554
SPADES TEN DIAMONDS ACE,0.3358,0.0042,0.66
DIAMONDS QUEEN HEARTS JACK,0.57,0.006,0.424
HEARTS QUEEN CLUBS KING,0.2456,0.0652,0.6892
CLUBS SEVEN HEARTS QUEEN,0.5944,0.0066,0.399
CLUBS THREE HEARTS NINE,0.6282,0.0098,0.362
SPADES NINE DIAMONDS NINE,0.3126,0.0092,0.6782
DIAMONDS SIX DIAMONDS FIVE,0.6466,0.03,0.3234
SPADES QUEEN CLUBS SIX,0.6064,0.007,0.3866
DIAMONDS ACE CLUBS KING,0.2268,0.013,0.7602
CLUBS TWO HEARTS JACK,0.6316,0.0074,0.361
SPADES QUEEN DIAMONDS EIGHT,0.6016,0.008,0.3904
DIAMONDS TWO CLUBS NINE,0.643,0.0078,0.3492
CLUBS EIGHT HEARTS JACK,0.5778,0.0066,0.4156
HEARTS SIX HEARTS QUEEN,0.5578,0.0072,0.435
SPADES TEN DIAMONDS NINE,0.5592,0.0064,0.4344
CLUBS SIX HEARTS KING,0.2168,0.3862,0.397
HEARTS FOUR CLUBS SEVEN,0.6212,0.0096,0.3692
DIAMONDS THREE DIAMONDS SIX,0.606,0.0082,0.3858
CLUBS TEN DIAMONDS TWO,0.6388,0.0046,0.3566
HEARTS FOUR DIAMONDS SEVEN,0.6244,0.0068,0.3688
HEARTS SEVEN CLUBS KING,0.222,0.2978,0.4802
SPADES SIX SPADES TWO,0.5912,0.0096,0.3992
SPADES FOUR HEARTS NINE,0.639,0.0114,0.3496
CLUBS FIVE DIAMONDS FIVE,0.3008,0.0336,0.6656
CLUBS FOUR DIAMONDS TEN,0.6386,0.0076,0.3538
SPADES QUEEN SPADES NINE,0.5274,0.0054,0.4672
SPADES TEN DIAMONDS JACK,0.55,0.0066,0.4434
HEARTS KING HEARTS JACK,0.2412,0.0868,0.672
HEARTS FOUR SPADES SEVEN,0.6196,0.011,0.3694
SPADES TEN CLUBS SEVEN,0.5758,0.0056,0.4186
HEARTS EIGHT DIAMONDS FOUR,0.632,0.0082,0.3598
HEARTS THREE DIAMONDS FIVE,0.6958,0.046,0.2582
DIAMONDS QUEEN DIAMONDS TEN,0.5242,0.0078,0.468
CLUBS JACK SPADES QUEEN,0.5644,0.008,0.4276
CLUBS THREE DIAMONDS NINE,0.6506,0.0088,0.3406
HEARTS FOUR SPADES FIVE,0.689,0.0368,0.2742
DIAMONDS NINE DIAMONDS FOUR,0.6008,0.0116,0.3876
HEARTS SEVEN HEARTS QUEEN,0.5774,0.008,0.4146
HEARTS SEVEN HEARTS KING,0.2064,0.2928,0.5008
CLUBS SIX CLUBS FIVE,0.651,0.0324,0.3166
HEARTS THREE DIAMONDS SIX,0.6458,0.006,0.3482
CLUBS NINE SPADES TEN,0.5424,0.0056,0.452
HEARTS TWO DIAMONDS SEVEN,0.6542,0.01,0.3358
SPADES QUEEN SPADES SIX,0.5614,0.0066,0.432
SPADES QUEEN DIAMONDS ACE,0.3548,0.0044,0.6408
SPADES TEN SPADES FOUR,0.5806,0.0078,0.4116
SPADES EIGHT DIAMONDS SIX,0.5768,0.0064,0.4168
CLUBS JACK CLUBS TEN,0.5084,0.0074,0.4842
SPADES KING HEARTS JACK,0.2358,0.0836,0.6806
CLUBS EIGHT CLUBS KING,0.2252,0.2134,0.5614
SPADES ACE CLUBS FIVE,0.228,0.0274,0.7446
SPADES SIX CLUBS QUEEN,0.606,0.0082,0.3858
HEARTS SEVEN DIAMONDS SEVEN,0.3242,0.0132,0.6626
SPADES SEVEN HEARTS KING,0.211,0.3124,0.4766
DIAMONDS SEVEN HEARTS NINE,0.5626,0.0088,0.4286
DIAMONDS TEN SPADES THREE,0.6318,0.0086,0.3596
SPADES NINE CLUBS KING,0.2496,0.164,0.5864
DIAMONDS TWO SPADES SIX,0.6486,0.0072,0.3442
CLUBS TWO DIAMONDS FIVE,0.694,0.042,0.264
SPADES FIVE SPADES TWO,0.6666,0.041,0.2924
CLUBS FIVE DIAMONDS QUEEN,0.7218,0.0358,0.2424
SPADES ACE DIAMONDS TWO,0.3882,0.0044,0.6074
SPADES QUEEN CLUBS KING,0.2578,0.0654,0.6768
SPADES ACE SPADES FIVE,0.2004,0.0242,0.7754
SPADES NINE DIAMONDS TEN,0.548,0.0066,0.4454
CLUBS THREE DIAMONDS FOUR,0.6356,0.0096,0.3548
HEARTS KING CLUBS KING,0.074,0.0152,0.9108
HEARTS TWO CLUBS FIVE,0.7136,0.0424,0.244
CLUBS ACE CLUBS KING,0.2182,0.0112,0.7706
SPADES TEN CLUBS KING,0.2396,0.1092,0.6512
CLUBS TEN CLUBS TWO,0.5918,0.0058,0.4024
SPADES JACK CLUBS TWO,0.6374,0.0072,0.3554
CLUBS SIX DIAMONDS SIX,0.3288,0.0194,0.6518
HEARTS SIX CLUBS SIX,0.338,0.0158,0.6462
SPADES JACK SPADES THREE,0.6042,0.0058,0.39
DIAMONDS THREE SPADES EIGHT,0.6494,0.0072,0.3434
HEARTS TWO DIAMONDS ACE,0.3886,0.004,0.6074
CLUBS JACK SPADES KING,0.2454,0.0888,0.6658
SPADES EIGHT CLUBS ACE,0.372,0.0026,0.6254
HEARTS SIX CLUBS THREE,0.6192,0.0084,0.3724
CLUBS SIX SPADES THREE,0.612,0.009,0.379
HEARTS FOUR DIAMONDS ACE,0.3748,0.0062,0.619
SPADES KING CLUBS ACE,0.234,0.011,0.755
SPADES SEVEN HEARTS ACE,0.3412,0.004,0.6548
SPADES ACE SPADES KING,0.2216,0.0116,0.7668
SPADES NINE SPADES SIX,0.5382,0.0078,0.454
DIAMONDS EIGHT CLUBS QUEEN,0.5928,0.0058,0.4014
CLUBS SEVEN CLUBS FOUR,0.5752,0.0078,0.417
CLUBS JACK HEARTS SEVEN,0.5882,0.0074,0.4044
HEARTS FOUR SPADES EIGHT,0.6308,0.0076,0.3616
HEARTS KING DIAMONDS SEVEN,0.2332,0.305,0.4618
CLUBS FIVE SPADES THREE,0.688,0.039,0.273
CLUBS SIX DIAMONDS FIVE,0.6922,0.035,0.2728
CLUBS TWO DIAMONDS EIGHT,0.6442,0.0102,0.3456
SPADES ACE DIAMONDS FIVE,0.2368,0.0338,0.7294
CLUBS JACK CLUBS SEVEN,0.5474,0.005,0.4476
SPADES JACK CLUBS QUEEN,0.553,0.0062,0.4408
SPADES JACK SPADES EIGHT,0.5332,0.0102,0.4566
CLUBS FIVE DIAMONDS NINE,0.7174,0.0362,0.2464
HEARTS TWO HEARTS TEN,0.59,0.0094,0.4006
SPADES SIX DIAMONDS NINE,0.5778,0.0086,0.4136
DIAMONDS TWO SPADES EIGHT,0.6436,0.0078,0.3486
CLUBS FOUR HEARTS NINE,0.6298,0.0098,0.3604
CLUBS EIGHT SPADES SIX,0.5866,0.0074,0.406
HEARTS SIX SPADES THREE,0.6242,0.0096,0.3662
SPADES EIGHT HEARTS JACK,0.5694,0.0066,0.424
HEARTS TWO SPADES THREE,0.6414,0.009,0.3496
DIAMONDS THREE HEARTS SEVEN,0.6272,0.0112,0.3616
CLUBS ACE DIAMONDS FIVE,0.2352,0.0336,0.7312
CLUBS THREE HEARTS ACE,0.3762,0.0054,0.6184
CLUBS SIX CLUBS QUEEN,0.5716,0.0062,0.4222
SPADES THREE CLUBS KING,0.3228,0.4548,0.2224
CLUBS TWO DIAMONDS SIX,0.6396,0.0106,0.3498
HEARTS ACE DIAMONDS FIVE,0.2244,0.0314,0.7442
CLUBS SEVEN HEARTS TWO,0.6438,0.0096,0.3466
DIAMONDS TWO DIAMONDS FOUR,0.6272,0.012,0.3608
CLUBS SIX SPADES SIX,0.3406,0.0138,0.6456
DIAMONDS ACE DIAMONDS QUEEN,0.3318,0.0052,0.663
HEARTS SEVEN SPADES FOUR,0.6146,0.0094,0.376
CLUBS TEN HEARTS SEVEN,0.5744,0.008,0.4176
HEARTS SIX CLUBS QUEEN,0.6092,0.0088,0.382
DIAMONDS SEVEN DIAMONDS SIX,0.5474,0.0078,0.4448
HEARTS SEVEN CLUBS TWO,0.638,0.0082,0.3538
CLUBS FOUR DIAMONDS SEVEN,0.6096,0.0108,0.3796
SPADES SIX DIAMONDS FIVE,0.6954,0.0316,0.273
SPADES ACE DIAMONDS QUEEN,0.3692,0.004,0.6268
