opposingHand,winningChance,drawChance,lostChance
HEARTS THREE HEARTS NINE
SPADES ACE DIAMONDS SEVEN,0.3882,0.0034,0.6084
HEARTS TWO DIAMONDS SIX,0.6048,0.0454,0.3498
CLUBS SEVEN DIAMONDS TEN,0.374,0.0252,0.6008
SPADES FIVE HEARTS QUEEN,0.383,0.0108,0.6062
SPADES JACK CLUBS ACE,0.3722,0.005,0.6228
HEARTS ACE DIAMONDS SEVEN,0.374,0.0054,0.6206
HEARTS TWO SPADES NINE,0.2992,0.4892,0.2116
HEARTS ACE CLUBS ACE,0.1634,0.005,0.8316
CLUBS SIX CLUBS QUEEN,0.3752,0.012,0.6128
HEARTS FIVE DIAMONDS SEVEN,0.552,0.0436,0.4044
CLUBS JACK CLUBS THREE,0.271,0.057,0.672
HEARTS SEVEN SPADES TWO,0.6236,0.0426,0.3338
HEARTS SIX CLUBS KING,0.3976,0.008,0.5944
DIAMONDS QUEEN CLUBS KING,0.3652,0.0068,0.628
SPADES JACK CLUBS FOUR,0.3948,0.02,0.5852
HEARTS SEVEN HEARTS SIX,0.5378,0.0454,0.4168
DIAMONDS SIX CLUBS KING,0.385,0.0078,0.6072
DIAMONDS TWO CLUBS TWO,0.3928,0.0898,0.5174
DIAMONDS TWO HEARTS TWO,0.3882,0.0922,0.5196
HEARTS ACE HEARTS QUEEN,0.3178,0.0052,0.677
CLUBS SEVEN DIAMONDS NINE,0.2524,0.2876,0.46
SPADES JACK DIAMONDS FIVE,0.404,0.0152,0.5808
CLUBS SEVEN SPADES SEVEN,0.3146,0.063,0.6224
SPADES EIGHT DIAMONDS NINE,0.2646,0.2118,0.5236
CLUBS TEN CLUBS EIGHT,0.3392,0.025,0.6358
SPADES THREE HEARTS KING,0.2706,0.0344,0.695
SPADES JACK DIAMONDS JACK,0.189,0.0266,0.7844
HEARTS FIVE DIAMONDS JACK,0.3884,0.0202,0.5914
SPADES FOUR HEARTS JACK,0.3964,0.018,0.5856
SPADES ACE HEARTS FOUR,0.3868,0.004,0.6092
HEARTS SEVEN SPADES KING,0.379,0.0064,0.6146
HEARTS KING CLUBS QUEEN,0.3528,0.0076,0.6396
HEARTS SEVEN HEARTS EIGHT,0.5226,0.0456,0.4318
CLUBS NINE CLUBS SIX,0.252,0.3228,0.4252
CLUBS SEVEN HEARTS TEN,0.3622,0.0252,0.6126
SPADES ACE CLUBS ACE,0.1642,0.0034,0.8324
HEARTS FOUR HEARTS QUEEN,0.3346,0.0142,0.6512
SPADES SIX DIAMONDS NINE,0.2808,0.3492,0.37
DIAMONDS EIGHT HEARTS QUEEN,0.375,0.0106,0.6144
HEARTS TWO SPADES THREE,0.6472,0.1024,0.2504
CLUBS THREE DIAMONDS SEVEN,0.6648,0.1002,0.235
CLUBS NINE SPADES EIGHT,0.2648,0.2106,0.5246
CLUBS FOUR DIAMONDS SIX,0.5646,0.0464,0.389
SPADES ACE SPADES KING,0.3402,0.005,0.6548
CLUBS SEVEN CLUBS QUEEN,0.3766,0.011,0.6124
DIAMONDS EIGHT HEARTS TEN,0.3614,0.0252,0.6134
HEARTS FOUR HEARTS TWO,0.6054,0.0456,0.349
DIAMONDS NINE DIAMONDS SIX,0.251,0.3292,0.4198
SPADES TEN CLUBS FOUR,0.3782,0.029,0.5928
CLUBS THREE SPADES FOUR,0.6366,0.1044,0.259
SPADES QUEEN DIAMONDS FOUR,0.405,0.0146,0.5804
SPADES QUEEN HEARTS EIGHT,0.384,0.0128,0.6032
DIAMONDS JACK CLUBS QUEEN,0.3666,0.0084,0.625
SPADES KING HEARTS JACK,0.3554,0.0048,0.6398
HEARTS TWO HEARTS EIGHT,0.6114,0.0462,0.3424
SPADES SIX DIAMONDS EIGHT,0.5724,0.039,0.3886
HEARTS SEVEN CLUBS THREE,0.655,0.1084,0.2366
SPADES ACE CLUBS SIX,0.3948,0.0034,0.6018
CLUBS NINE CLUBS QUEEN,0.2526,0.0482,0.6992
DIAMONDS KING DIAMONDS EIGHT,0.3784,0.0108,0.6108
SPADES ACE CLUBS TEN,0.36,0.0044,0.6356
CLUBS EIGHT DIAMONDS FIVE,0.5726,0.0394,0.388
CLUBS THREE DIAMONDS TEN,0.2864,0.0724,0.6412
CLUBS EIGHT CLUBS QUEEN,0.3608,0.0132,0.626
CLUBS EIGHT SPADES TWO,0.6222,0.0412,0.3366
HEARTS SIX CLUBS NINE,0.2556,0.3416,0.4028
CLUBS NINE HEARTS TEN,0.2594,0.0768,0.6638
DIAMONDS SEVEN CLUBS ACE,0.3976,0.0034,0.599
SPADES THREE HEARTS JACK,0.2608,0.054,0.6852
CLUBS SEVEN SPADES FOUR,0.5738,0.0412,0.385
DIAMONDS ACE CLUBS FOUR,0.3762,0.0052,0.6186
DIAMONDS THREE SPADES KING,0.2864,0.0354,0.6782
HEARTS SEVEN SPADES FIVE,0.56,0.0488,0.3912
SPADES JACK HEARTS EIGHT,0.3708,0.0168,0.6124
DIAMONDS KING HEARTS TEN,0.3394,0.0086,0.652
HEARTS FIVE SPADES TEN,0.3872,0.0272,0.5856
HEARTS TWO CLUBS ACE,0.4032,0.0056,0.5912
DIAMONDS TWO CLUBS FOUR,0.6134,0.0454,0.3412
DIAMONDS ACE HEARTS ACE,0.1572,0.0058,0.837
CLUBS SEVEN SPADES TWO,0.6122,0.0452,0.3426
CLUBS TEN SPADES NINE,0.2708,0.0728,0.6564
DIAMONDS TWO HEARTS EIGHT,0.6204,0.0414,0.3382
SPADES TEN SPADES SEVEN,0.3682,0.0256,0.6062
DIAMONDS EIGHT HEARTS JACK,0.363,0.0166,0.6204
HEARTS SEVEN CLUBS EIGHT,0.5314,0.0396,0.429
DIAMONDS TWO HEARTS ACE,0.4014,0.0036,0.595
CLUBS THREE CLUBS KING,0.2684,0.027,0.7046
CLUBS JACK CLUBS EIGHT,0.3634,0.0178,0.6188
CLUBS TEN SPADES SIX,0.388,0.024,0.588
CLUBS TEN CLUBS THREE,0.258,0.0696,0.6724
HEARTS ACE HEARTS KING,0.3144,0.0076,0.678
SPADES NINE CLUBS KING,0.2736,0.0302,0.6962
HEARTS TWO DIAMONDS NINE,0.2986,0.4974,0.204
DIAMONDS KING DIAMONDS QUEEN,0.3458,0.006,0.6482
SPADES QUEEN CLUBS FOUR,0.3994,0.0116,0.589
SPADES JACK SPADES SEVEN,0.3724,0.0186,0.609
SPADES QUEEN HEARTS JACK,0.3368,0.0114,0.6518
SPADES TWO HEARTS EIGHT,0.6192,0.0436,0.3372
SPADES THREE DIAMONDS FOUR,0.643,0.106,0.251
HEARTS SEVEN CLUBS QUEEN,0.3868,0.0124,0.6008
SPADES JACK DIAMONDS KING,0.3848,0.0078,0.6074
SPADES EIGHT SPADES THREE,0.6414,0.0994,0.2592
DIAMONDS KING HEARTS EIGHT,0.3888,0.009,0.6022
HEARTS SIX SPADES THREE,0.6422,0.1048,0.253
SPADES SEVEN DIAMONDS JACK,0.3898,0.013,0.5972
CLUBS JACK DIAMONDS SEVEN,0.3874,0.016,0.5966
CLUBS JACK DIAMONDS JACK,0.1778,0.032,0.7902
HEARTS FOUR CLUBS SIX,0.5618,0.0466,0.3916
SPADES KING DIAMONDS KING,0.1888,0.012,0.7992
SPADES TEN CLUBS QUEEN,0.3584,0.0108,0.6308
HEARTS TWO HEARTS ACE,0.3736,0.0074,0.619
CLUBS JACK HEARTS KING,0.344,0.008,0.648
SPADES QUEEN SPADES TEN,0.3172,0.013,0.6698
DIAMONDS KING DIAMONDS FOUR,0.3716,0.0094,0.619
CLUBS TEN SPADES FIVE,0.388,0.025,0.587
DIAMONDS FIVE CLUBS QUEEN,0.4026,0.0118,0.5856
DIAMONDS KING SPADES SEVEN,0.404,0.0088,0.5872
SPADES ACE DIAMONDS TWO,0.4212,0.0036,0.5752
SPADES EIGHT HEARTS ACE,0.385,0.0052,0.6098
CLUBS JACK DIAMONDS ACE,0.3786,0.0034,0.618
SPADES EIGHT DIAMONDS SIX,0.5698,0.0398,0.3904
HEARTS SEVEN SPADES EIGHT,0.5374,0.041,0.4216
CLUBS NINE DIAMONDS FIVE,0.2622,0.413,0.3248
SPADES EIGHT CLUBS THREE,0.6668,0.1002,0.233
SPADES FIVE SPADES THREE,0.592,0.0992,0.3088
SPADES SEVEN CLUBS QUEEN,0.403,0.0072,0.5898
CLUBS NINE DIAMONDS KING,0.2818,0.0378,0.6804
CLUBS NINE HEARTS FOUR,0.2508,0.501,0.2482
HEARTS SEVEN HEARTS TWO,0.6216,0.0468,0.3316
HEARTS FOUR SPADES THREE,0.634,0.1038,0.2622
HEARTS TWO SPADES FOUR,0.6102,0.0476,0.3422
HEARTS FIVE DIAMONDS KING,0.3964,0.0088,0.5948
DIAMONDS THREE CLUBS FIVE,0.6336,0.1018,0.2646
DIAMONDS SEVEN CLUBS KING,0.403,0.0052,0.5918
CLUBS FOUR CLUBS QUEEN,0.3784,0.0138,0.6078
SPADES SEVEN CLUBS FOUR,0.5796,0.0456,0.3748
DIAMONDS KING DIAMONDS FIVE,0.381,0.0076,0.6114
SPADES FIVE DIAMONDS SEVEN,0.5636,0.0388,0.3976
CLUBS SEVEN DIAMONDS JACK,0.3906,0.0148,0.5946
DIAMONDS QUEEN HEARTS QUEEN,0.159,0.0196,0.8214
HEARTS SIX SPADES NINE,0.2572,0.352,0.3908
DIAMONDS JACK SPADES FIVE,0.4038,0.018,0.5782
HEARTS FOUR DIAMONDS JACK,0.397,0.0164,0.5866
HEARTS FIVE HEARTS TWO,0.59,0.0436,0.3664
SPADES THREE DIAMONDS FIVE,0.6288,0.1004,0.2708
HEARTS FOUR CLUBS KING,0.3868,0.0104,0.6028
CLUBS SEVEN DIAMONDS EIGHT,0.5426,0.0416,0.4158
DIAMONDS THREE HEARTS FIVE,0.6152,0.1084,0.2764
DIAMONDS THREE HEARTS FOUR,0.6292,0.1038,0.267
SPADES ACE CLUBS NINE,0.28,0.0212,0.6988
DIAMONDS THREE CLUBS SEVEN,0.6654,0.0876,0.247
CLUBS THREE HEARTS KING,0.2528,0.0318,0.7154
SPADES ACE CLUBS TWO,0.4332,0.005,0.5618
SPADES THREE DIAMONDS EIGHT,0.6696,0.1068,0.2236
DIAMONDS JACK DIAMONDS SEVEN,0.3718,0.0152,0.613
DIAMONDS QUEEN SPADES THREE,0.286,0.038,0.676
SPADES QUEEN CLUBS FIVE,0.4042,0.0126,0.5832
SPADES ACE HEARTS JACK,0.348,0.005,0.647
SPADES SEVEN CLUBS ACE,0.3938,0.0038,0.6024
SPADES NINE DIAMONDS JACK,0.2786,0.0566,0.6648
SPADES TEN HEARTS TWO,0.4258,0.0312,0.543
HEARTS JACK DIAMONDS FOUR,0.3726,0.0164,0.611
HEARTS SIX SPADES FOUR,0.5648,0.0464,0.3888
SPADES KING HEARTS QUEEN,0.341,0.006,0.653
CLUBS NINE SPADES JACK,0.2788,0.0616,0.6596
DIAMONDS TWO CLUBS THREE,0.6644,0.1002,0.2354
DIAMONDS ACE SPADES FOUR,0.3938,0.0054,0.6008
DIAMONDS TEN HEARTS QUEEN,0.3254,0.0096,0.665
SPADES KING CLUBS FOUR,0.4082,0.0076,0.5842
HEARTS KING CLUBS KING,0.1688,0.0138,0.8174
CLUBS THREE HEARTS QUEEN,0.2612,0.043,0.6958
SPADES TWO CLUBS ACE,0.4152,0.0056,0.5792
DIAMONDS ACE SPADES SEVEN,0.3892,0.003,0.6078
CLUBS JACK HEARTS TWO,0.4172,0.0232,0.5596
HEARTS FIVE SPADES NINE,0.254,0.431,0.315
HEARTS FOUR SPADES FIVE,0.5602,0.0428,0.397
HEARTS TEN DIAMONDS FIVE,0.3774,0.0262,0.5964
CLUBS ACE HEARTS TEN,0.3432,0.0044,0.6524
CLUBS SIX DIAMONDS QUEEN,0.3996,0.0104,0.59
DIAMONDS JACK HEARTS KING,0.3434,0.0074,0.6492
HEARTS SIX DIAMONDS JACK,0.3874,0.0196,0.593
SPADES SEVEN CLUBS KING,0.4006,0.0072,0.5922
DIAMONDS ACE HEARTS TEN,0.3366,0.0048,0.6586
CLUBS EIGHT CLUBS ACE,0.377,0.0026,0.6204
CLUBS FOUR HEARTS KING,0.4048,0.007,0.5882
HEARTS TWO CLUBS FOUR,0.5918,0.0444,0.3638
SPADES KING CLUBS ACE,0.3748,0.0044,0.6208
SPADES FIVE HEARTS TEN,0.385,0.0276,0.5874
DIAMONDS NINE HEARTS TEN,0.26,0.0754,0.6646
SPADES EIGHT DIAMONDS JACK,0.37,0.0158,0.6142
SPADES ACE DIAMONDS FOUR,0.3874,0.0052,0.6074
CLUBS SIX DIAMONDS TEN,0.382,0.0228,0.5952
HEARTS SIX DIAMONDS NINE,0.2454,0.3574,0.3972
DIAMONDS TEN DIAMONDS EIGHT,0.3526,0.0232,0.6242
CLUBS SEVEN SPADES FIVE,0.5702,0.0442,0.3856
CLUBS JACK CLUBS ACE,0.349,0.0034,0.6476
HEARTS KING HEARTS QUEEN,0.303,0.0082,0.6888
SPADES NINE SPADES TWO,0.2896,0.446,0.2644
CLUBS TEN HEARTS JACK,0.3308,0.0094,0.6598
SPADES JACK HEARTS TEN,0.325,0.0146,0.6604
HEARTS SIX SPADES SIX,0.3052,0.0674,0.6274
SPADES NINE HEARTS JACK,0.25,0.0592,0.6908
SPADES SEVEN DIAMONDS QUEEN,0.403,0.0104,0.5866
HEARTS SIX DIAMONDS QUEEN,0.4018,0.0116,0.5866
CLUBS TEN HEARTS TEN,0.1724,0.0432,0.7844
SPADES FIVE SPADES TWO,0.5802,0.0406,0.3792
HEARTS QUEEN CLUBS KING,0.348,0.0074,0.6446
CLUBS NINE DIAMONDS NINE,0.1282,0.0668,0.805
DIAMONDS TWO DIAMONDS JACK,0.4088,0.0164,0.5748
DIAMONDS THREE DIAMONDS QUEEN,0.2808,0.0434,0.6758
CLUBS SEVEN DIAMONDS ACE,0.4072,0.0034,0.5894
CLUBS FIVE DIAMONDS SIX,0.564,0.0406,0.3954
HEARTS TWO SPADES TWO,0.396,0.0896,0.5144
CLUBS KING HEARTS EIGHT,0.3864,0.0092,0.6044
HEARTS SIX SPADES JACK,0.3964,0.0182,0.5854
CLUBS TWO CLUBS KING,0.4044,0.009,0.5866
DIAMONDS SIX HEARTS EIGHT,0.542,0.0434,0.4146
DIAMONDS TWO HEARTS FIVE,0.6042,0.0514,0.3444
SPADES JACK CLUBS TWO,0.4152,0.0238,0.561
HEARTS FIVE CLUBS QUEEN,0.3894,0.0136,0.597
DIAMONDS QUEEN CLUBS THREE,0.2984,0.0452,0.6564
DIAMONDS THREE SPADES FIVE,0.6422,0.102,0.2558
CLUBS TEN DIAMONDS JACK,0.3458,0.013,0.6412
SPADES KING HEARTS EIGHT,0.3918,0.0084,0.5998
HEARTS SEVEN SPADES QUEEN,0.3992,0.0108,0.59
SPADES SIX CLUBS KING,0.3934,0.0076,0.599
HEARTS SIX DIAMONDS SIX,0.315,0.0686,0.6164
SPADES FIVE HEARTS JACK,0.3632,0.0174,0.6194
SPADES NINE HEARTS EIGHT,0.2544,0.2208,0.5248
CLUBS NINE CLUBS EIGHT,0.249,0.1994,0.5516
CLUBS EIGHT CLUBS FOUR,0.5388,0.0382,0.423
HEARTS FOUR DIAMONDS KING,0.3986,0.0088,0.5926
DIAMONDS THREE CLUBS TEN,0.2886,0.0746,0.6368
SPADES TEN DIAMONDS EIGHT,0.3618,0.0244,0.6138
SPADES SEVEN CLUBS THREE,0.6678,0.1014,0.2308
SPADES NINE CLUBS SIX,0.262,0.3558,0.3822
CLUBS EIGHT SPADES SIX,0.5608,0.0368,0.4024
DIAMONDS KING SPADES FIVE,0.4104,0.0074,0.5822
SPADES FIVE HEARTS ACE,0.3656,0.0048,0.6296
CLUBS JACK DIAMONDS FOUR,0.402,0.0198,0.5782
CLUBS FOUR HEARTS EIGHT,0.5742,0.0432,0.3826
CLUBS FIVE SPADES SEVEN,0.5664,0.0398,0.3938
CLUBS NINE CLUBS SEVEN,0.2614,0.2548,0.4838
CLUBS SEVEN HEARTS JACK,0.3704,0.0168,0.6128
SPADES TEN DIAMONDS KING,0.373,0.0068,0.6202
CLUBS FOUR DIAMONDS FOUR,0.312,0.0852,0.6028
SPADES KING DIAMONDS QUEEN,0.374,0.0068,0.6192
SPADES EIGHT DIAMONDS EIGHT,0.288,0.0566,0.6554
SPADES TEN DIAMONDS ACE,0.3664,0.0028,0.6308
SPADES QUEEN DIAMONDS KING,0.3694,0.0078,0.6228
DIAMONDS THREE DIAMONDS TEN,0.2642,0.0736,0.6622
CLUBS TEN CLUBS TWO,0.3996,0.0284,0.572
SPADES SIX DIAMONDS FOUR,0.5626,0.0442,0.3932
DIAMONDS JACK HEARTS ACE,0.3352,0.0066,0.6582
HEARTS FIVE SPADES TWO,0.6108,0.0446,0.3446
HEARTS JACK HEARTS TEN,0.2828,0.016,0.7012
SPADES EIGHT DIAMONDS FOUR,0.5864,0.0374,0.3762
CLUBS FIVE DIAMONDS QUEEN,0.4012,0.013,0.5858
SPADES ACE SPADES SIX,0.3858,0.005,0.6092
SPADES TEN SPADES FOUR,0.3722,0.0254,0.6024
SPADES TEN HEARTS TEN,0.1748,0.0392,0.786
DIAMONDS THREE SPADES TEN,0.292,0.073,0.635
CLUBS JACK HEARTS QUEEN,0.3328,0.0094,0.6578
SPADES ACE SPADES THREE,0.2698,0.0186,0.7116
CLUBS SIX CLUBS ACE,0.3904,0.004,0.6056
DIAMONDS ACE DIAMONDS EIGHT,0.373,0.006,0.621
SPADES KING CLUBS TWO,0.4262,0.0096,0.5642
SPADES KING CLUBS TEN,0.3628,0.0074,0.6298
SPADES EIGHT HEARTS TEN,0.3532,0.0306,0.6162
DIAMONDS KING SPADES FOUR,0.3978,0.0102,0.592
DIAMONDS KING CLUBS ACE,0.3702,0.004,0.6258
CLUBS TEN SPADES JACK,0.3532,0.0146,0.6322
DIAMONDS NINE SPADES TWO,0.3044,0.4806,0.215
SPADES EIGHT CLUBS ACE,0.3794,0.0018,0.6188
CLUBS EIGHT DIAMONDS JACK,0.38,0.0176,0.6024
CLUBS TWO HEARTS JACK,0.408,0.0202,0.5718
SPADES ACE SPADES FIVE,0.3614,0.0044,0.6342
HEARTS FOUR HEARTS KING,0.3506,0.009,0.6404
DIAMONDS TWO SPADES TWO,0.41,0.0836,0.5064
SPADES ACE DIAMONDS ACE,0.1722,0.0036,0.8242
CLUBS JACK DIAMONDS TWO,0.4272,0.0202,0.5526
DIAMONDS TWO CLUBS SIX,0.6252,0.0342,0.3406
HEARTS TWO HEARTS TEN,0.3762,0.028,0.5958
HEARTS SIX CLUBS EIGHT,0.5598,0.0346,0.4056
DIAMONDS TWO SPADES SEVEN,0.6274,0.0428,0.3298
SPADES KING CLUBS SEVEN,0.406,0.0064,0.5876
SPADES KING SPADES NINE,0.2644,0.0372,0.6984
HEARTS SEVEN CLUBS SEVEN,0.2912,0.0678,0.641
CLUBS THREE CLUBS QUEEN,0.2704,0.0392,0.6904
SPADES TWO DIAMONDS FIVE,0.6002,0.0438,0.356
CLUBS EIGHT HEARTS EIGHT,0.2812,0.0628,0.656
CLUBS SEVEN DIAMONDS FIVE,0.57,0.038,0.392
DIAMONDS KING DIAMONDS SEVEN,0.3768,0.0048,0.6184
CLUBS ACE DIAMONDS FOUR,0.3998,0.0046,0.5956
CLUBS KING DIAMONDS FOUR,0.408,0.0074,0.5846
SPADES SIX HEARTS KING,0.3814,0.012,0.6066
SPADES QUEEN HEARTS FIVE,0.3892,0.012,0.5988
HEARTS TWO CLUBS THREE,0.6434,0.1172,0.2394
SPADES QUEEN SPADES EIGHT,0.3558,0.0138,0.6304
SPADES JACK CLUBS FIVE,0.4064,0.0166,0.577
SPADES NINE SPADES SEVEN,0.2474,0.2694,0.4832
DIAMONDS TEN SPADES FOUR,0.4062,0.0286,0.5652
CLUBS SEVEN HEARTS KING,0.3946,0.0066,0.5988
HEARTS TWO CLUBS SIX,0.6204,0.0414,0.3382
CLUBS THREE DIAMONDS JACK,0.2872,0.0568,0.656
DIAMONDS TWO DIAMONDS NINE,0.2862,0.4704,0.2434
SPADES SEVEN SPADES FIVE,0.537,0.0426,0.4204
CLUBS FIVE HEARTS KING,0.3772,0.0072,0.6156
CLUBS JACK HEARTS SEVEN,0.3912,0.018,0.5908
DIAMONDS THREE CLUBS EIGHT,0.67,0.0964,0.2336
SPADES ACE CLUBS SEVEN,0.3858,0.0048,0.6094
HEARTS SEVEN SPADES SIX,0.5516,0.0422,0.4062
DIAMONDS KING HEARTS KING,0.1632,0.0148,0.822
SPADES TEN DIAMONDS FOUR,0.402,0.0218,0.5762
HEARTS FIVE DIAMONDS EIGHT,0.5622,0.0388,0.399
HEARTS TWO DIAMONDS SEVEN,0.6238,0.0428,0.3334
CLUBS NINE SPADES TWO,0.2958,0.5026,0.2016
SPADES NINE HEARTS TEN,0.2504,0.076,0.6736
SPADES KING CLUBS QUEEN,0.367,0.0046,0.6284
DIAMONDS THREE HEARTS KING,0.2702,0.035,0.6948
CLUBS TEN SPADES FOUR,0.398,0.0278,0.5742
SPADES TWO DIAMONDS SIX,0.6144,0.0464,0.3392
SPADES KING SPADES SEVEN,0.3716,0.0076,0.6208
SPADES EIGHT HEARTS QUEEN,0.3762,0.0128,0.611
DIAMONDS ACE HEARTS QUEEN,0.3396,0.0056,0.6548
HEARTS SEVEN CLUBS ACE,0.388,0.0054,0.6066
SPADES KING DIAMONDS FOUR,0.3886,0.008,0.6034
HEARTS FIVE DIAMONDS FOUR,0.5406,0.043,0.4164
CLUBS TWO SPADES THREE,0.6532,0.1052,0.2416
SPADES ACE HEARTS FIVE,0.3794,0.0056,0.615
CLUBS JACK CLUBS QUEEN,0.3302,0.0098,0.66
CLUBS TEN CLUBS SEVEN,0.3636,0.0232,0.6132
SPADES SEVEN DIAMONDS SIX,0.5592,0.0396,0.4012
SPADES FOUR HEARTS KING,0.389,0.0094,0.6016
HEARTS SEVEN SPADES THREE,0.6662,0.0902,0.2436
CLUBS SIX CLUBS FIVE,0.5372,0.0388,0.424
SPADES NINE DIAMONDS SEVEN,0.2604,0.2868,0.4528
SPADES EIGHT HEARTS KING,0.3844,0.009,0.6066
DIAMONDS KING CLUBS KING,0.1768,0.0128,0.8104
HEARTS FIVE DIAMONDS ACE,0.3886,0.006,0.6054
CLUBS SEVEN CLUBS THREE,0.6258,0.1014,0.2728
HEARTS SEVEN DIAMONDS NINE,0.2584,0.2742,0.4674
SPADES JACK SPADES FIVE,0.369,0.0194,0.6116
HEARTS SIX HEARTS FOUR,0.5738,0.0456,0.3806
HEARTS FIVE SPADES EIGHT,0.5462,0.047,0.4068
HEARTS SEVEN DIAMONDS FIVE,0.569,0.0414,0.3896
CLUBS EIGHT DIAMONDS ACE,0.406,0.0052,0.5888
CLUBS FOUR CLUBS TWO,0.5656,0.04,0.3944
DIAMONDS TEN HEARTS ACE,0.3382,0.0062,0.6556
CLUBS SEVEN DIAMONDS QUEEN,0.4134,0.0092,0.5774
DIAMONDS JACK HEARTS EIGHT,0.3708,0.0192,0.61
HEARTS FIVE SPADES FOUR,0.5726,0.0448,0.3826
SPADES JACK CLUBS SEVEN,0.3908,0.015,0.5942
CLUBS ACE HEARTS EIGHT,0.3872,0.005,0.6078
CLUBS TEN HEARTS QUEEN,0.3294,0.0128,0.6578
CLUBS TWO CLUBS QUEEN,0.4092,0.0108,0.58
HEARTS QUEEN HEARTS TEN,0.2948,0.0116,0.6936
CLUBS JACK DIAMONDS EIGHT,0.38,0.015,0.605
CLUBS SIX CLUBS FOUR,0.5358,0.0412,0.423
DIAMONDS TEN DIAMONDS NINE,0.2594,0.0746,0.666
DIAMONDS JACK SPADES TWO,0.4256,0.0166,0.5578
SPADES QUEEN SPADES JACK,0.3378,0.0086,0.6536
CLUBS FIVE HEARTS TEN,0.3986,0.0278,0.5736
HEARTS FOUR HEARTS EIGHT,0.5646,0.044,0.3914
SPADES TEN DIAMONDS FIVE,0.4016,0.0242,0.5742
CLUBS JACK SPADES FOUR,0.4142,0.0198,0.566
CLUBS EIGHT DIAMONDS QUEEN,0.3954,0.0098,0.5948
HEARTS SEVEN CLUBS TEN,0.3768,0.0258,0.5974
HEARTS TEN HEARTS EIGHT,0.3054,0.0244,0.6702
CLUBS SEVEN DIAMONDS KING,0.3862,0.007,0.6068
SPADES TEN HEARTS QUEEN,0.3442,0.0106,0.6452
SPADES TEN SPADES THREE,0.2742,0.0728,0.653
CLUBS NINE DIAMONDS SEVEN,0.2652,0.2816,0.4532
DIAMONDS TWO CLUBS FIVE,0.6024,0.0428,0.3548
HEARTS SEVEN DIAMONDS SEVEN,0.3032,0.0632,0.6336
SPADES EIGHT DIAMONDS SEVEN,0.548,0.0382,0.4138
HEARTS ACE DIAMONDS NINE,0.2636,0.027,0.7094
DIAMONDS SEVEN DIAMONDS SIX,0.5258,0.0366,0.4376
HEARTS FOUR SPADES NINE,0.2622,0.484,0.2538
DIAMONDS JACK CLUBS KING,0.3658,0.0074,0.6268
CLUBS TEN HEARTS ACE,0.347,0.0076,0.6454
CLUBS FOUR HEARTS ACE,0.3782,0.005,0.6168
DIAMONDS KING DIAMONDS JACK,0.3462,0.0058,0.648
HEARTS TWO HEARTS KING,0.3744,0.008,0.6176
SPADES SEVEN SPADES FOUR,0.5394,0.041,0.4196
DIAMONDS TWO HEARTS FOUR,0.5978,0.045,0.3572
DIAMONDS ACE DIAMONDS FOUR,0.3686,0.0024,0.629
HEARTS SEVEN DIAMONDS QUEEN,0.3878,0.0118,0.6004
CLUBS NINE HEARTS FIVE,0.2478,0.4312,0.321
CLUBS SIX HEARTS KING,0.3858,0.0074,0.6068
DIAMONDS EIGHT DIAMONDS FOUR,0.5442,0.0404,0.4154
SPADES TWO HEARTS JACK,0.407,0.0176,0.5754
SPADES QUEEN CLUBS THREE,0.2862,0.0414,0.6724
CLUBS FIVE DIAMONDS EIGHT,0.574,0.0404,0.3856
DIAMONDS THREE DIAMONDS SEVEN,0.6152,0.089,0.2958
SPADES KING CLUBS EIGHT,0.3936,0.0078,0.5986
SPADES TWO DIAMONDS FOUR,0.6044,0.043,0.3526
SPADES QUEEN HEARTS TEN,0.3376,0.0098,0.6526
CLUBS THREE DIAMONDS NINE,0.0706,0.9084,0.021
CLUBS FOUR DIAMONDS JACK,0.3922,0.0178,0.59
SPADES QUEEN HEARTS ACE,0.347,0.0044,0.6486
CLUBS JACK SPADES NINE,0.2808,0.0566,0.6626
HEARTS ACE DIAMONDS FIVE,0.3796,0.0058,0.6146
HEARTS FOUR DIAMONDS NINE,0.266,0.493,0.241
DIAMONDS QUEEN CLUBS QUEEN,0.1756,0.0236,0.8008
SPADES KING SPADES FOUR,0.3872,0.0072,0.6056
SPADES JACK CLUBS EIGHT,0.3908,0.0138,0.5954
CLUBS TEN CLUBS FOUR,0.3754,0.0274,0.5972
HEARTS SIX CLUBS FOUR,0.5656,0.045,0.3894
DIAMONDS ACE SPADES EIGHT,0.3834,0.0044,0.6122
CLUBS TWO DIAMONDS SIX,0.6156,0.0424,0.342
SPADES TWO DIAMONDS SEVEN,0.6262,0.0432,0.3306
CLUBS SIX DIAMONDS KING,0.4068,0.0082,0.585
SPADES FOUR DIAMONDS EIGHT,0.5796,0.0426,0.3778
SPADES THREE CLUBS ACE,0.279,0.0198,0.7012
HEARTS FIVE CLUBS EIGHT,0.573,0.0418,0.3852
HEARTS SEVEN DIAMONDS TEN,0.3792,0.0252,0.5956
DIAMONDS TEN HEARTS JACK,0.335,0.016,0.649
CLUBS THREE SPADES FIVE,0.6312,0.1068,0.262
CLUBS SIX SPADES FIVE,0.546,0.0402,0.4138
DIAMONDS TEN CLUBS ACE,0.3668,0.004,0.6292
DIAMONDS NINE CLUBS KING,0.2726,0.0386,0.6888
SPADES TEN HEARTS JACK,0.3226,0.0154,0.662
DIAMONDS THREE HEARTS JACK,0.266,0.0574,0.6766
DIAMONDS THREE SPADES EIGHT,0.682,0.0958,0.2222
SPADES QUEEN SPADES FIVE,0.3726,0.0122,0.6152
SPADES SIX SPADES TWO,0.5716,0.0434,0.385
HEARTS FOUR CLUBS SEVEN,0.5576,0.0484,0.394
CLUBS FIVE SPADES SIX,0.5562,0.0402,0.4036
CLUBS SIX DIAMONDS ACE,0.4006,0.0052,0.5942
HEARTS SIX CLUBS THREE,0.6508,0.0972,0.252
DIAMONDS TEN HEARTS EIGHT,0.3644,0.029,0.6066
HEARTS FOUR CLUBS ACE,0.3816,0.006,0.6124
DIAMONDS TWO SPADES TEN,0.4244,0.0274,0.5482
HEARTS FOUR DIAMONDS TEN,0.385,0.0262,0.5888
HEARTS ACE HEARTS EIGHT,0.3404,0.0046,0.655
CLUBS NINE DIAMONDS FOUR,0.2602,0.4918,0.248
SPADES QUEEN SPADES FOUR,0.376,0.0146,0.6094
SPADES JACK DIAMONDS ACE,0.3672,0.0048,0.628
SPADES NINE HEARTS QUEEN,0.254,0.0488,0.6972
CLUBS KING HEARTS TEN,0.3356,0.007,0.6574
DIAMONDS ACE CLUBS FIVE,0.394,0.0026,0.6034
DIAMONDS NINE HEARTS KING,0.259,0.037,0.704
HEARTS FIVE CLUBS FIVE,0.314,0.0776,0.6084
HEARTS TWO HEARTS QUEEN,0.3696,0.0144,0.616
SPADES JACK SPADES FOUR,0.3758,0.0156,0.6086
SPADES SIX SPADES FOUR,0.5394,0.0384,0.4222
SPADES KING DIAMONDS JACK,0.3636,0.0038,0.6326
DIAMONDS TWO DIAMONDS EIGHT,0.5768,0.0394,0.3838
SPADES FOUR SPADES THREE,0.6078,0.0988,0.2934
SPADES FOUR SPADES TWO,0.5548,0.0462,0.399
DIAMONDS THREE CLUBS KING,0.294,0.0342,0.6718
SPADES JACK DIAMONDS SIX,0.4102,0.0174,0.5724
SPADES FOUR HEARTS EIGHT,0.5868,0.0384,0.3748
SPADES KING CLUBS FIVE,0.402,0.0094,0.5886
DIAMONDS THREE DIAMONDS FIVE,0.6026,0.1024,0.295
HEARTS SEVEN SPADES JACK,0.3958,0.0168,0.5874
CLUBS FIVE CLUBS FOUR,0.5362,0.038,0.4258
DIAMONDS QUEEN DIAMONDS JACK,0.338,0.0116,0.6504
HEARTS TWO DIAMONDS FIVE,0.593,0.0452,0.3618
CLUBS SEVEN CLUBS TWO,0.5876,0.0388,0.3736
DIAMONDS ACE SPADES THREE,0.2814,0.0226,0.696
SPADES SEVEN HEARTS QUEEN,0.387,0.0132,0.5998
HEARTS SIX SPADES SEVEN,0.5508,0.0426,0.4066
SPADES KING CLUBS NINE,0.2726,0.0364,0.691
SPADES KING SPADES THREE,0.277,0.0272,0.6958
SPADES FIVE CLUBS ACE,0.3868,0.0056,0.6076
HEARTS SIX HEARTS FIVE,0.5398,0.041,0.4192
HEARTS SIX DIAMONDS TEN,0.3816,0.029,0.5894
HEARTS SEVEN SPADES NINE,0.2506,0.2842,0.4652
SPADES NINE SPADES SIX,0.2412,0.3368,0.422
DIAMONDS NINE CLUBS QUEEN,0.2886,0.0408,0.6706
SPADES FIVE SPADES FOUR,0.5166,0.0378,0.4456
SPADES SEVEN DIAMONDS SEVEN,0.31,0.0618,0.6282
HEARTS SEVEN DIAMONDS FOUR,0.5772,0.0448,0.378
SPADES SEVEN SPADES SIX,0.5226,0.034,0.4434
SPADES KING HEARTS KING,0.1648,0.0136,0.8216
CLUBS NINE SPADES SEVEN,0.2666,0.2824,0.451
HEARTS SEVEN CLUBS FOUR,0.5534,0.0438,0.4028
DIAMONDS THREE CLUBS FOUR,0.6406,0.0976,0.2618
SPADES QUEEN DIAMONDS SIX,0.4006,0.0134,0.586
CLUBS SEVEN SPADES EIGHT,0.5514,0.0372,0.4114
DIAMONDS TWO DIAMONDS TEN,0.41,0.0284,0.5616
HEARTS FIVE DIAMONDS QUEEN,0.3846,0.0126,0.6028
SPADES SIX CLUBS THREE,0.6572,0.1008,0.242
CLUBS FOUR DIAMONDS NINE,0.2546,0.5038,0.2416
HEARTS SEVEN HEARTS JACK,0.331,0.0198,0.6492
DIAMONDS NINE DIAMONDS SEVEN,0.2504,0.2572,0.4924
DIAMONDS KING SPADES TWO,0.4288,0.0102,0.561
CLUBS NINE HEARTS ACE,0.2546,0.0206,0.7248
HEARTS FIVE CLUBS SIX,0.552,0.041,0.407
DIAMONDS QUEEN HEARTS ACE,0.3392,0.0052,0.6556
SPADES QUEEN SPADES TWO,0.4034,0.0138,0.5828
CLUBS NINE HEARTS JACK,0.2626,0.056,0.6814
HEARTS SEVEN DIAMONDS TWO,0.6168,0.0434,0.3398
SPADES TEN SPADES SIX,0.3698,0.0252,0.605
DIAMONDS SEVEN HEARTS JACK,0.3838,0.0194,0.5968
CLUBS JACK CLUBS TEN,0.3254,0.0166,0.658
CLUBS FIVE DIAMONDS SEVEN,0.566,0.0426,0.3914
DIAMONDS THREE CLUBS TWO,0.6548,0.1068,0.2384
DIAMONDS EIGHT HEARTS EIGHT,0.292,0.0548,0.6532
HEARTS SEVEN HEARTS TEN,0.328,0.025,0.647
SPADES ACE DIAMONDS SIX,0.4066,0.0046,0.5888
DIAMONDS JACK HEARTS QUEEN,0.3394,0.0132,0.6474
SPADES KING SPADES FIVE,0.3664,0.007,0.6266
CLUBS SEVEN DIAMONDS SEVEN,0.292,0.0644,0.6436
DIAMONDS QUEEN HEARTS EIGHT,0.3796,0.0106,0.6098
HEARTS SEVEN DIAMONDS EIGHT,0.5364,0.0434,0.4202
SPADES EIGHT CLUBS KING,0.3982,0.0072,0.5946
SPADES QUEEN DIAMONDS FIVE,0.4002,0.0098,0.59
CLUBS TWO HEARTS ACE,0.4008,0.006,0.5932
SPADES KING HEARTS FIVE,0.3934,0.011,0.5956
HEARTS SIX HEARTS ACE,0.3432,0.0072,0.6496
SPADES TWO HEARTS TEN,0.4256,0.0278,0.5466
CLUBS TWO HEARTS QUEEN,0.4162,0.0142,0.5696
CLUBS SEVEN CLUBS SIX,0.504,0.0388,0.4572
CLUBS FOUR SPADES THREE,0.6348,0.1046,0.2606
SPADES ACE HEARTS KING,0.3544,0.0036,0.642
CLUBS FIVE DIAMONDS FOUR,0.5546,0.0426,0.4028
HEARTS FOUR SPADES SIX,0.5674,0.0454,0.3872
CLUBS FOUR DIAMONDS QUEEN,0.4012,0.0122,0.5866
HEARTS FIVE HEARTS QUEEN,0.356,0.0124,0.6316
CLUBS SEVEN HEARTS ACE,0.3864,0.0054,0.6082
SPADES KING DIAMONDS ACE,0.3614,0.0022,0.6364
CLUBS SEVEN CLUBS FIVE,0.5404,0.038,0.4216
CLUBS NINE HEARTS QUEEN,0.256,0.0528,0.6912
CLUBS EIGHT HEARTS KING,0.3936,0.0062,0.6002
HEARTS QUEEN CLUBS QUEEN,0.167,0.0252,0.8078
SPADES JACK SPADES THREE,0.2642,0.054,0.6818
DIAMONDS EIGHT CLUBS KING,0.3966,0.0062,0.5972
SPADES EIGHT SPADES FIVE,0.5374,0.0354,0.4272
SPADES TEN CLUBS THREE,0.2788,0.0728,0.6484
CLUBS EIGHT DIAMONDS SIX,0.5504,0.0384,0.4112
DIAMONDS NINE HEARTS JACK,0.2624,0.0602,0.6774
CLUBS JACK SPADES TWO,0.4202,0.0152,0.5646
SPADES ACE SPADES EIGHT,0.3822,0.004,0.6138
CLUBS FOUR SPADES TWO,0.605,0.04,0.355
HEARTS QUEEN DIAMONDS SIX,0.3914,0.0106,0.598
HEARTS JACK DIAMONDS SIX,0.3866,0.018,0.5954
CLUBS SEVEN SPADES SIX,0.5444,0.0432,0.4124
DIAMONDS TWO HEARTS TEN,0.4278,0.028,0.5442
DIAMONDS TEN DIAMONDS SEVEN,0.3746,0.024,0.6014
DIAMONDS FIVE HEARTS EIGHT,0.5604,0.0444,0.3952
CLUBS THREE HEARTS ACE,0.2584,0.018,0.7236
SPADES NINE DIAMONDS SIX,0.2612,0.3472,0.3916
DIAMONDS QUEEN DIAMONDS EIGHT,0.3698,0.0128,0.6174
SPADES KING SPADES TEN,0.3348,0.007,0.6582
CLUBS FOUR SPADES FOUR,0.3268,0.0826,0.5906
CLUBS THREE CLUBS ACE,0.2716,0.019,0.7094
HEARTS QUEEN CLUBS ACE,0.3442,0.005,0.6508
CLUBS FIVE CLUBS QUEEN,0.3736,0.0138,0.6126
SPADES ACE DIAMONDS TEN,0.3628,0.0032,0.634
SPADES NINE DIAMONDS NINE,0.1282,0.0646,0.8072
SPADES NINE CLUBS ACE,0.2732,0.0242,0.7026
HEARTS SIX CLUBS FIVE,0.5374,0.043,0.4196
HEARTS KING CLUBS ACE,0.3544,0.006,0.6396
CLUBS SIX HEARTS TEN,0.381,0.026,0.593
SPADES SIX DIAMONDS JACK,0.3988,0.0156,0.5856
CLUBS NINE DIAMONDS TEN,0.2654,0.0722,0.6624
DIAMONDS TWO CLUBS EIGHT,0.633,0.0442,0.3228
CLUBS TEN CLUBS SIX,0.3554,0.0242,0.6204
CLUBS JACK DIAMONDS FIVE,0.398,0.0146,0.5874
DIAMONDS THREE DIAMONDS FOUR,0.5926,0.0974,0.31
SPADES ACE SPADES TEN,0.3492,0.0046,0.6462
SPADES EIGHT SPADES SEVEN,0.5104,0.0382,0.4514
SPADES SIX DIAMONDS SEVEN,0.5448,0.04,0.4152
HEARTS SEVEN DIAMONDS THREE,0.6502,0.1022,0.2476
SPADES QUEEN DIAMONDS ACE,0.3746,0.0028,0.6226
HEARTS TWO HEARTS JACK,0.375,0.0214,0.6036
DIAMONDS QUEEN DIAMONDS SEVEN,0.3702,0.0122,0.6176
SPADES THREE SPADES TWO,0.5984,0.1086,0.293
DIAMONDS TWO CLUBS SEVEN,0.6292,0.0418,0.329
HEARTS SEVEN HEARTS KING,0.3336,0.01,0.6564
SPADES JACK HEARTS TWO,0.4252,0.0216,0.5532
CLUBS JACK CLUBS FOUR,0.372,0.0178,0.6102
DIAMONDS ACE CLUBS THREE,0.2766,0.0218,0.7016
DIAMONDS THREE SPADES QUEEN,0.2842,0.0384,0.6774
DIAMONDS JACK CLUBS ACE,0.361,0.003,0.636
SPADES JACK SPADES TEN,0.3122,0.0148,0.673
SPADES QUEEN HEARTS QUEEN,0.1692,0.0212,0.8096
SPADES KING DIAMONDS TEN,0.3666,0.0056,0.6278
SPADES KING DIAMONDS NINE,0.2794,0.0346,0.686
DIAMONDS ACE HEARTS EIGHT,0.3808,0.004,0.6152
HEARTS FOUR DIAMONDS QUEEN,0.3902,0.012,0.5978
HEARTS SEVEN DIAMONDS ACE,0.3864,0.005,0.6086
DIAMONDS TWO HEARTS KING,0.4138,0.0118,0.5744
DIAMONDS JACK DIAMONDS FOUR,0.3774,0.0202,0.6024
DIAMONDS TWO DIAMONDS SIX,0.5734,0.0396,0.387
CLUBS FIVE DIAMONDS FIVE,0.3144,0.0808,0.6048
CLUBS FIVE DIAMONDS TEN,0.4042,0.0272,0.5686
SPADES ACE SPADES JACK,0.3388,0.0048,0.6564
CLUBS EIGHT CLUBS SIX,0.5174,0.0378,0.4448
SPADES NINE CLUBS QUEEN,0.2674,0.0484,0.6842
CLUBS JACK CLUBS FIVE,0.3742,0.0168,0.609
DIAMONDS QUEEN HEARTS JACK,0.3416,0.009,0.6494
SPADES EIGHT SPADES SIX,0.5184,0.039,0.4426
SPADES TEN SPADES EIGHT,0.3454,0.0242,0.6304
SPADES ACE CLUBS JACK,0.3692,0.0044,0.6264
DIAMONDS KING HEARTS ACE,0.343,0.006,0.651
SPADES QUEEN CLUBS TWO,0.4336,0.0138,0.5526
DIAMONDS TWO CLUBS KING,0.4258,0.008,0.5662
SPADES ACE HEARTS QUEEN,0.3432,0.0056,0.6512
HEARTS TWO DIAMONDS EIGHT,0.6172,0.0398,0.343
SPADES EIGHT CLUBS FIVE,0.5736,0.0402,0.3862
DIAMONDS TWO DIAMONDS QUEEN,0.406,0.0118,0.5822
CLUBS JACK SPADES KING,0.3536,0.0068,0.6396
DIAMONDS TWO HEARTS JACK,0.4284,0.0206,0.551
SPADES QUEEN CLUBS NINE,0.2772,0.0434,0.6794
SPADES NINE DIAMONDS TEN,0.2682,0.0674,0.6644
CLUBS EIGHT CLUBS FIVE,0.5426,0.0402,0.4172
HEARTS FIVE HEARTS ACE,0.3374,0.007,0.6556
HEARTS SIX DIAMONDS FIVE,0.5472,0.0434,0.4094
CLUBS JACK HEARTS ACE,0.3502,0.0052,0.6446
HEARTS FOUR DIAMONDS SEVEN,0.582,0.0424,0.3756
DIAMONDS ACE DIAMONDS TEN,0.3368,0.0044,0.6588
SPADES TEN CLUBS FIVE,0.3962,0.0266,0.5772
HEARTS FIVE SPADES FIVE,0.3014,0.0748,0.6238
CLUBS TEN DIAMONDS QUEEN,0.3342,0.0114,0.6544
CLUBS NINE CLUBS KING,0.259,0.029,0.712
HEARTS ACE HEARTS JACK,0.3052,0.0062,0.6886
SPADES SIX HEARTS QUEEN,0.388,0.0118,0.6002
HEARTS SEVEN CLUBS KING,0.388,0.0098,0.6022
HEARTS SEVEN SPADES SEVEN,0.2874,0.0624,0.6502
DIAMONDS JACK DIAMONDS FIVE,0.3868,0.02,0.5932
SPADES ACE HEARTS TWO,0.4054,0.0074,0.5872
DIAMONDS ACE CLUBS TWO,0.418,0.005,0.577
SPADES FOUR DIAMONDS SEVEN,0.5852,0.0418,0.373
CLUBS SEVEN DIAMONDS FOUR,0.5766,0.036,0.3874
DIAMONDS QUEEN SPADES FOUR,0.3944,0.012,0.5936
DIAMONDS ACE DIAMONDS QUEEN,0.3432,0.0052,0.6516
SPADES TWO HEARTS QUEEN,0.4174,0.0156,0.567
CLUBS EIGHT HEARTS QUEEN,0.382,0.0116,0.6064
SPADES KING DIAMONDS FIVE,0.3932,0.0084,0.5984
CLUBS NINE HEARTS TWO,0.284,0.4944,0.2216
SPADES NINE DIAMONDS FIVE,0.2582,0.4316,0.3102
SPADES FIVE CLUBS QUEEN,0.4042,0.01,0.5858
HEARTS KING HEARTS EIGHT,0.3442,0.0086,0.6472
HEARTS SIX HEARTS EIGHT,0.5496,0.0402,0.4102
SPADES THREE DIAMONDS SEVEN,0.6514,0.0982,0.2504
CLUBS EIGHT SPADES SEVEN,0.5514,0.0348,0.4138
DIAMONDS JACK SPADES THREE,0.2922,0.0572,0.6506
SPADES ACE HEARTS TEN,0.3438,0.0056,0.6506
SPADES QUEEN DIAMONDS NINE,0.2716,0.0434,0.685
HEARTS FIVE SPADES SEVEN,0.5468,0.0444,0.4088
DIAMONDS SEVEN DIAMONDS FOUR,0.5444,0.0388,0.4168
DIAMONDS TWO DIAMONDS KING,0.4082,0.0062,0.5856
DIAMONDS TWO SPADES FIVE,0.6056,0.0406,0.3538
HEARTS FIVE DIAMONDS NINE,0.2484,0.4348,0.3168
SPADES FOUR HEARTS TEN,0.3798,0.026,0.5942
CLUBS TWO DIAMONDS TEN,0.4354,0.0272,0.5374
SPADES TEN DIAMONDS SEVEN,0.3794,0.0258,0.5948
HEARTS TWO SPADES SIX,0.6076,0.048,0.3444
DIAMONDS TWO CLUBS NINE,0.3042,0.491,0.2048
DIAMONDS NINE DIAMONDS FOUR,0.2536,0.4568,0.2896
DIAMONDS THREE HEARTS ACE,0.2662,0.0174,0.7164
CLUBS EIGHT DIAMONDS SEVEN,0.5412,0.0406,0.4182
SPADES SEVEN HEARTS KING,0.3924,0.007,0.6006
CLUBS EIGHT DIAMONDS KING,0.4046,0.0062,0.5892
DIAMONDS EIGHT CLUBS ACE,0.3896,0.0038,0.6066
SPADES EIGHT DIAMONDS FIVE,0.5716,0.0378,0.3906
SPADES FIVE HEARTS KING,0.3872,0.0078,0.605
HEARTS QUEEN DIAMONDS SEVEN,0.3878,0.0146,0.5976
CLUBS NINE HEARTS EIGHT,0.2442,0.219,0.5368
SPADES KING SPADES QUEEN,0.3398,0.0078,0.6524
SPADES KING HEARTS SIX,0.4008,0.0082,0.591
CLUBS FOUR DIAMONDS EIGHT,0.5874,0.0426,0.37
CLUBS SIX HEARTS JACK,0.3882,0.0188,0.593
HEARTS TWO CLUBS TWO,0.3926,0.0934,0.514
SPADES NINE DIAMONDS QUEEN,0.2744,0.0394,0.6862
CLUBS NINE CLUBS THREE,0.0734,0.8542,0.0724
DIAMONDS QUEEN SPADES SIX,0.3984,0.0114,0.5902
SPADES THREE DIAMONDS SIX,0.6416,0.1014,0.257
HEARTS QUEEN DIAMONDS FIVE,0.3884,0.011,0.6006
HEARTS ACE CLUBS KING,0.3502,0.0062,0.6436
HEARTS TWO DIAMONDS JACK,0.4108,0.0186,0.5706
DIAMONDS KING DIAMONDS TEN,0.3294,0.0078,0.6628
CLUBS SIX SPADES FOUR,0.5608,0.0414,0.3978
CLUBS SIX CLUBS KING,0.38,0.0102,0.6098
DIAMONDS THREE DIAMONDS KING,0.2758,0.032,0.6922
SPADES SIX DIAMONDS SIX,0.3088,0.0704,0.6208
HEARTS SEVEN CLUBS FIVE,0.557,0.0438,0.3992
DIAMONDS KING HEARTS JACK,0.3524,0.006,0.6416
SPADES KING HEARTS TEN,0.351,0.007,0.642
HEARTS ACE HEARTS TEN,0.3104,0.005,0.6846
CLUBS ACE DIAMONDS FIVE,0.399,0.0052,0.5958
HEARTS TWO DIAMONDS TEN,0.41,0.028,0.562
CLUBS JACK HEARTS FIVE,0.3918,0.0174,0.5908
CLUBS NINE SPADES NINE,0.1266,0.0668,0.8066
HEARTS TWO DIAMONDS KING,0.4148,0.0118,0.5734
SPADES QUEEN CLUBS QUEEN,0.174,0.0198,0.8062
SPADES QUEEN HEARTS TWO,0.4242,0.0116,0.5642
HEARTS SIX DIAMONDS FOUR,0.5654,0.0398,0.3948
SPADES ACE DIAMONDS FIVE,0.3906,0.005,0.6044
CLUBS THREE HEARTS JACK,0.275,0.0568,0.6682
HEARTS SEVEN DIAMONDS KING,0.3868,0.0064,0.6068
SPADES JACK SPADES EIGHT,0.3536,0.0186,0.6278
CLUBS SEVEN CLUBS KING,0.3918,0.0058,0.6024
DIAMONDS TWO SPADES NINE,0.3102,0.4832,0.2066
CLUBS FIVE CLUBS ACE,0.3644,0.0052,0.6304
SPADES SEVEN DIAMONDS FOUR,0.5692,0.045,0.3858
CLUBS JACK CLUBS KING,0.325,0.0086,0.6664
SPADES ACE CLUBS THREE,0.2868,0.0198,0.6934
SPADES QUEEN CLUBS KING,0.3698,0.0082,0.622
DIAMONDS TWO SPADES FOUR,0.618,0.0472,0.3348
CLUBS FIVE SPADES FOUR,0.5698,0.0434,0.3868
HEARTS JACK DIAMONDS FIVE,0.384,0.0174,0.5986
SPADES FOUR DIAMONDS SIX,0.5886,0.0378,0.3736
CLUBS JACK SPADES TEN,0.3508,0.0134,0.6358
SPADES SEVEN DIAMONDS NINE,0.2582,0.2784,0.4634
DIAMONDS JACK DIAMONDS TEN,0.3224,0.0132,0.6644
CLUBS JACK CLUBS TWO,0.4004,0.0162,0.5834
HEARTS QUEEN HEARTS EIGHT,0.353,0.0124,0.6346
SPADES TEN SPADES TWO,0.4044,0.0272,0.5684
SPADES ACE DIAMONDS THREE,0.2698,0.0244,0.7058
DIAMONDS THREE SPADES SIX,0.6614,0.0954,0.2432
SPADES NINE DIAMONDS FOUR,0.2644,0.4836,0.252
CLUBS EIGHT SPADES EIGHT,0.2914,0.061,0.6476
CLUBS NINE SPADES TEN,0.2802,0.069,0.6508
SPADES ACE DIAMONDS EIGHT,0.3962,0.004,0.5998
CLUBS FIVE HEARTS QUEEN,0.383,0.014,0.603
HEARTS ACE DIAMONDS SIX,0.3806,0.0042,0.6152
HEARTS FIVE CLUBS ACE,0.367,0.004,0.629
DIAMONDS KING DIAMONDS SIX,0.376,0.0098,0.6142
SPADES QUEEN CLUBS SEVEN,0.41,0.013,0.577
DIAMONDS KING DIAMONDS NINE,0.2624,0.0334,0.7042
HEARTS SIX SPADES QUEEN,0.3862,0.0148,0.599
DIAMONDS FIVE DIAMONDS FOUR,0.5222,0.042,0.4358
DIAMONDS NINE DIAMONDS FIVE,0.2486,0.4016,0.3498
HEARTS SEVEN SPADES FOUR,0.5676,0.0404,0.392
CLUBS TEN CLUBS ACE,0.3382,0.0036,0.6582
DIAMONDS THREE DIAMONDS JACK,0.2726,0.052,0.6754
CLUBS SEVEN HEARTS QUEEN,0.392,0.0132,0.5948
CLUBS TWO DIAMONDS EIGHT,0.6292,0.0374,0.3334
SPADES JACK CLUBS KING,0.3714,0.0048,0.6238
SPADES SIX HEARTS TEN,0.3826,0.024,0.5934
SPADES SIX SPADES FIVE,0.5228,0.0462,0.431
SPADES FOUR CLUBS KING,0.3978,0.0076,0.5946
CLUBS THREE SPADES THREE,0.3146,0.0632,0.6222
SPADES ACE SPADES TWO,0.3872,0.0042,0.6086
CLUBS FIVE CLUBS THREE,0.6002,0.0914,0.3084
SPADES ACE SPADES SEVEN,0.3798,0.0054,0.6148
HEARTS FOUR DIAMONDS ACE,0.3868,0.0086,0.6046
SPADES TEN HEARTS KING,0.3434,0.0064,0.6502
HEARTS TWO DIAMONDS ACE,0.4112,0.0032,0.5856
SPADES JACK CLUBS QUEEN,0.3492,0.0088,0.642
DIAMONDS ACE DIAMONDS SEVEN,0.3804,0.0042,0.6154
HEARTS KING HEARTS JACK,0.305,0.0082,0.6868
HEARTS FOUR CLUBS THREE,0.6288,0.105,0.2662
CLUBS JACK DIAMONDS KING,0.363,0.0056,0.6314
SPADES TEN HEARTS ACE,0.3544,0.0048,0.6408
CLUBS EIGHT HEARTS TEN,0.353,0.024,0.623
HEARTS SIX DIAMONDS KING,0.3938,0.0074,0.5988
SPADES JACK HEARTS KING,0.3384,0.0076,0.654
SPADES TEN CLUBS KING,0.3702,0.0058,0.624
HEARTS SEVEN CLUBS SIX,0.5506,0.043,0.4064
CLUBS NINE CLUBS TWO,0.2814,0.4634,0.2552
CLUBS SIX SPADES SEVEN,0.5572,0.0422,0.4006
HEARTS FOUR CLUBS FOUR,0.3126,0.0878,0.5996
SPADES ACE SPADES FOUR,0.3726,0.0052,0.6222
CLUBS TWO SPADES TWO,0.3912,0.0906,0.5182
CLUBS NINE SPADES SIX,0.255,0.3482,0.3968
DIAMONDS THREE HEARTS QUEEN,0.2616,0.0436,0.6948
HEARTS FOUR SPADES TWO,0.5978,0.048,0.3542
CLUBS NINE SPADES THREE,0.0678,0.909,0.0232
DIAMONDS KING CLUBS THREE,0.2896,0.0354,0.675
CLUBS TWO DIAMONDS FOUR,0.6114,0.0462,0.3424
SPADES ACE DIAMONDS NINE,0.269,0.0238,0.7072
CLUBS NINE DIAMONDS JACK,0.2736,0.0526,0.6738
DIAMONDS ACE DIAMONDS JACK,0.3492,0.0048,0.646
DIAMONDS EIGHT DIAMONDS SEVEN,0.5104,0.037,0.4526
SPADES SEVEN HEARTS EIGHT,0.5468,0.0376,0.4156
CLUBS SIX DIAMONDS SIX,0.3164,0.0762,0.6074
DIAMONDS JACK CLUBS TWO,0.433,0.0218,0.5452
DIAMONDS NINE SPADES THREE,0.0656,0.9106,0.0238
CLUBS ACE DIAMONDS SIX,0.3948,0.0054,0.5998
HEARTS SEVEN HEARTS FIVE,0.5476,0.0458,0.4066
DIAMONDS QUEEN CLUBS ACE,0.3722,0.004,0.6238
SPADES JACK DIAMONDS TEN,0.3462,0.0138,0.64
CLUBS JACK HEARTS JACK,0.1734,0.03,0.7966
DIAMONDS TWO CLUBS ACE,0.4328,0.005,0.5622
DIAMONDS THREE SPADES NINE,0.0702,0.9092,0.0206
SPADES QUEEN CLUBS SIX,0.394,0.0086,0.5974
SPADES JACK CLUBS SIX,0.3896,0.0166,0.5938
CLUBS SEVEN CLUBS ACE,0.3872,0.0046,0.6082
HEARTS SIX SPADES FIVE,0.5572,0.039,0.4038
CLUBS TWO HEARTS EIGHT,0.6288,0.0434,0.3278
SPADES QUEEN SPADES SIX,0.3696,0.01,0.6204
SPADES QUEEN CLUBS EIGHT,0.3814,0.0092,0.6094
HEARTS SEVEN SPADES TEN,0.3682,0.0232,0.6086
CLUBS TEN SPADES EIGHT,0.3704,0.0306,0.599
CLUBS TEN DIAMONDS KING,0.3574,0.0086,0.634
HEARTS FIVE HEARTS JACK,0.3394,0.021,0.6396
HEARTS TEN DIAMONDS FOUR,0.3894,0.0298,0.5808
CLUBS JACK SPADES THREE,0.287,0.056,0.657
DIAMONDS NINE CLUBS ACE,0.2814,0.0232,0.6954
HEARTS ACE CLUBS QUEEN,0.3416,0.0038,0.6546
DIAMONDS THREE DIAMONDS ACE,0.275,0.017,0.708
SPADES KING DIAMONDS SEVEN,0.388,0.0076,0.6044
DIAMONDS ACE DIAMONDS FIVE,0.3544,0.005,0.6406
SPADES NINE CLUBS TWO,0.31,0.4852,0.2048
CLUBS JACK SPADES EIGHT,0.3722,0.018,0.6098
CLUBS THREE SPADES TWO,0.6528,0.1008,0.2464
CLUBS JACK SPADES JACK,0.1786,0.03,0.7914
CLUBS TEN SPADES SEVEN,0.381,0.0256,0.5934
CLUBS SIX HEARTS ACE,0.3846,0.0056,0.6098
CLUBS JACK SPADES FIVE,0.4052,0.017,0.5778
HEARTS JACK CLUBS QUEEN,0.3376,0.0104,0.652
CLUBS SEVEN DIAMONDS SIX,0.5472,0.0382,0.4146
SPADES SEVEN DIAMONDS FIVE,0.5798,0.0462,0.374
SPADES SEVEN DIAMONDS TEN,0.3666,0.0278,0.6056
SPADES SIX CLUBS ACE,0.4048,0.0038,0.5914
SPADES NINE CLUBS FIVE,0.26,0.4364,0.3036
CLUBS FOUR SPADES FIVE,0.5672,0.042,0.3908
HEARTS FOUR HEARTS TEN,0.3428,0.0254,0.6318
SPADES TWO CLUBS QUEEN,0.4284,0.0126,0.559
SPADES ACE HEARTS SEVEN,0.3778,0.0044,0.6178
CLUBS FOUR DIAMONDS SEVEN,0.5774,0.0392,0.3834
HEARTS FOUR HEARTS JACK,0.3488,0.0176,0.6336
CLUBS TWO DIAMONDS SEVEN,0.6338,0.0408,0.3254
SPADES TEN SPADES FIVE,0.3686,0.0262,0.6052
SPADES NINE CLUBS THREE,0.069,0.9096,0.0214
CLUBS FIVE DIAMONDS JACK,0.4064,0.0158,0.5778
DIAMONDS SEVEN HEARTS TEN,0.3592,0.0236,0.6172
SPADES SEVEN CLUBS TWO,0.6262,0.0386,0.3352
SPADES THREE CLUBS QUEEN,0.2822,0.0422,0.6756
CLUBS JACK DIAMONDS NINE,0.2692,0.0612,0.6696
CLUBS THREE DIAMONDS FIVE,0.6344,0.1078,0.2578
SPADES FIVE CLUBS KING,0.4018,0.0072,0.591
DIAMONDS TWO DIAMONDS ACE,0.3914,0.0044,0.6042
SPADES SEVEN DIAMONDS EIGHT,0.5526,0.0368,0.4106
DIAMONDS THREE CLUBS QUEEN,0.2888,0.0438,0.6674
CLUBS TEN SPADES QUEEN,0.349,0.0118,0.6392
SPADES ACE HEARTS SIX,0.3758,0.0044,0.6198
CLUBS TEN SPADES TWO,0.4356,0.0278,0.5366
DIAMONDS QUEEN DIAMONDS SIX,0.3838,0.0102,0.606
SPADES EIGHT CLUBS QUEEN,0.3912,0.0096,0.5992
SPADES FOUR DIAMONDS FIVE,0.5596,0.0432,0.3972
SPADES JACK CLUBS THREE,0.2824,0.05,0.6676
CLUBS EIGHT SPADES THREE,0.6728,0.0986,0.2286
SPADES SEVEN SPADES THREE,0.6218,0.0976,0.2806
SPADES FIVE DIAMONDS FOUR,0.5708,0.0466,0.3826
SPADES SIX HEARTS EIGHT,0.5578,0.0438,0.3984
DIAMONDS EIGHT CLUBS QUEEN,0.3856,0.0102,0.6042
SPADES NINE SPADES EIGHT,0.2548,0.1988,0.5464
DIAMONDS THREE SPADES SEVEN,0.663,0.1014,0.2356
DIAMONDS EIGHT DIAMONDS SIX,0.5294,0.0342,0.4364
DIAMONDS KING CLUBS QUEEN,0.3586,0.0074,0.634
CLUBS JACK CLUBS SEVEN,0.3684,0.0152,0.6164
CLUBS FOUR SPADES SIX,0.5794,0.0438,0.3768
CLUBS JACK SPADES SIX,0.404,0.0166,0.5794
SPADES KING SPADES SIX,0.3762,0.008,0.6158
SPADES TEN CLUBS ACE,0.3588,0.005,0.6362
CLUBS TEN DIAMONDS ACE,0.3612,0.0048,0.634
DIAMONDS QUEEN DIAMONDS FIVE,0.3754,0.0108,0.6138
HEARTS FOUR SPADES SEVEN,0.5702,0.044,0.3858
SPADES FOUR HEARTS QUEEN,0.3908,0.016,0.5932
HEARTS TWO CLUBS QUEEN,0.4186,0.0116,0.5698
DIAMONDS TEN DIAMONDS SIX,0.3764,0.0226,0.601
CLUBS JACK DIAMONDS TEN,0.3512,0.0116,0.6372
SPADES NINE DIAMONDS KING,0.276,0.0344,0.6896
DIAMONDS TWO DIAMONDS SEVEN,0.5926,0.0348,0.3726
SPADES KING SPADES EIGHT,0.366,0.0072,0.6268
HEARTS FIVE DIAMONDS FIVE,0.3036,0.0812,0.6152
DIAMONDS EIGHT SPADES TWO,0.6316,0.0434,0.325
SPADES TEN CLUBS TWO,0.4172,0.0236,0.5592
CLUBS EIGHT SPADES NINE,0.267,0.2094,0.5236
SPADES JACK DIAMONDS QUEEN,0.3762,0.01,0.6138
HEARTS FOUR CLUBS TWO,0.6016,0.0454,0.353
CLUBS FOUR DIAMONDS TEN,0.4074,0.025,0.5676
SPADES EIGHT SPADES TWO,0.5968,0.0386,0.3646
HEARTS FIVE CLUBS SEVEN,0.569,0.0374,0.3936
HEARTS SIX HEARTS JACK,0.346,0.0188,0.6352
SPADES QUEEN DIAMONDS JACK,0.3582,0.0098,0.632
CLUBS TEN SPADES THREE,0.2722,0.0782,0.6496
CLUBS FOUR HEARTS JACK,0.3942,0.02,0.5858
CLUBS FIVE HEARTS JACK,0.3812,0.0192,0.5996
HEARTS TEN CLUBS QUEEN,0.3424,0.0102,0.6474
CLUBS EIGHT DIAMONDS EIGHT,0.29,0.0534,0.6566
DIAMONDS QUEEN CLUBS TWO,0.4334,0.0124,0.5542
DIAMONDS JACK DIAMONDS SIX,0.3732,0.0178,0.609
CLUBS TEN DIAMONDS SIX,0.4,0.025,0.575
HEARTS SIX CLUBS SEVEN,0.5424,0.04,0.4176
CLUBS NINE SPADES FIVE,0.259,0.4368,0.3042
DIAMONDS NINE DIAMONDS EIGHT,0.248,0.1954,0.5566
DIAMONDS TWO SPADES JACK,0.4284,0.0198,0.5518
CLUBS SIX DIAMONDS EIGHT,0.56,0.035,0.405
SPADES ACE CLUBS KING,0.3696,0.0042,0.6262
SPADES EIGHT DIAMONDS QUEEN,0.3942,0.0122,0.5936
SPADES KING CLUBS KING,0.1728,0.013,0.8142
