opposingHand,winningChance,drawChance,lostChance
HEARTS FIVE DIAMONDS NINE
HEARTS SIX SPADES EIGHT,0.5534,0.0396,0.407
CLUBS SIX HEARTS NINE,0.2202,0.3754,0.4044
SPADES QUEEN HEARTS ACE,0.3278,0.0046,0.6676
DIAMONDS THREE SPADES FIVE,0.6192,0.109,0.2718
SPADES SIX CLUBS KING,0.3592,0.0078,0.633
CLUBS FOUR SPADES FOUR,0.3896,0.0786,0.5318
SPADES QUEEN HEARTS FOUR,0.411,0.011,0.578
CLUBS NINE CLUBS THREE,0.3058,0.4288,0.2654
CLUBS FOUR CLUBS THREE,0.5594,0.0452,0.3954
DIAMONDS KING DIAMONDS JACK,0.3198,0.0068,0.6734
SPADES QUEEN HEARTS JACK,0.3344,0.0094,0.6562
CLUBS TEN DIAMONDS FOUR,0.3968,0.0286,0.5746
DIAMONDS TWO HEARTS SIX,0.6164,0.0452,0.3384
SPADES SEVEN CLUBS KING,0.3556,0.0062,0.6382
DIAMONDS TEN DIAMONDS FIVE,0.2312,0.074,0.6948
HEARTS TWO HEARTS NINE,0.3174,0.4364,0.2462
DIAMONDS THREE SPADES FOUR,0.607,0.0504,0.3426
HEARTS EIGHT SPADES THREE,0.6176,0.041,0.3414
HEARTS JACK CLUBS QUEEN,0.3152,0.0098,0.675
SPADES SEVEN DIAMONDS FOUR,0.603,0.043,0.354
HEARTS QUEEN HEARTS TEN,0.3054,0.0122,0.6824
CLUBS JACK SPADES THREE,0.4096,0.0186,0.5718
CLUBS TWO CLUBS KING,0.3714,0.008,0.6206
DIAMONDS QUEEN DIAMONDS TEN,0.3082,0.0108,0.681
HEARTS THREE DIAMONDS SEVEN,0.6302,0.0364,0.3334
SPADES ACE CLUBS NINE,0.2478,0.0244,0.7278
CLUBS JACK DIAMONDS EIGHT,0.3524,0.019,0.6286
HEARTS EIGHT SPADES KING,0.36,0.0072,0.6328
HEARTS ACE CLUBS KING,0.3254,0.005,0.6696
HEARTS EIGHT CLUBS THREE,0.6108,0.0404,0.3488
DIAMONDS EIGHT CLUBS ACE,0.369,0.004,0.627
SPADES ACE DIAMONDS TWO,0.3988,0.0038,0.5974
DIAMONDS SEVEN DIAMONDS SIX,0.5174,0.04,0.4426
SPADES EIGHT DIAMONDS TEN,0.3374,0.0254,0.6372
SPADES KING SPADES JACK,0.3168,0.005,0.6782
SPADES QUEEN DIAMONDS ACE,0.3236,0.0044,0.672
DIAMONDS SEVEN DIAMONDS FIVE,0.59,0.1046,0.3054
CLUBS SEVEN DIAMONDS FIVE,0.6332,0.104,0.2628
HEARTS KING CLUBS ACE,0.3334,0.0044,0.6622
HEARTS FOUR HEARTS TEN,0.3682,0.0262,0.6056
SPADES KING DIAMONDS EIGHT,0.3708,0.0082,0.621
HEARTS EIGHT CLUBS FIVE,0.6404,0.1108,0.2488
HEARTS TWO HEARTS KING,0.3832,0.0108,0.606
DIAMONDS ACE DIAMONDS KING,0.3292,0.0062,0.6646
CLUBS SEVEN HEARTS TEN,0.3458,0.0262,0.628
SPADES QUEEN SPADES SIX,0.3474,0.01,0.6426
DIAMONDS ACE DIAMONDS QUEEN,0.3142,0.006,0.6798
HEARTS SEVEN SPADES SEVEN,0.263,0.069,0.668
HEARTS FOUR DIAMONDS FOUR,0.3996,0.0836,0.5168
HEARTS FOUR CLUBS FOUR,0.395,0.0794,0.5256
DIAMONDS TWO HEARTS QUEEN,0.4102,0.0174,0.5724
CLUBS TWO HEARTS TEN,0.403,0.022,0.575
DIAMONDS ACE SPADES SIX,0.3636,0.0038,0.6326
HEARTS ACE CLUBS QUEEN,0.325,0.0036,0.6714
CLUBS TEN HEARTS TEN,0.1578,0.0374,0.8048
SPADES NINE CLUBS ACE,0.2402,0.0212,0.7386
CLUBS TEN CLUBS ACE,0.3108,0.0048,0.6844
SPADES TEN CLUBS FOUR,0.384,0.027,0.589
CLUBS TEN HEARTS SEVEN,0.3392,0.029,0.6318
SPADES TWO DIAMONDS FOUR,0.6174,0.0488,0.3338
CLUBS TEN CLUBS THREE,0.3772,0.0246,0.5982
SPADES KING HEARTS FOUR,0.4094,0.0096,0.581
SPADES QUEEN SPADES FIVE,0.2378,0.047,0.7152
CLUBS EIGHT SPADES NINE,0.227,0.2252,0.5478
HEARTS EIGHT SPADES FOUR,0.598,0.0398,0.3622
SPADES ACE CLUBS SIX,0.3668,0.0056,0.6276
CLUBS TWO SPADES TWO,0.3894,0.0796,0.531
CLUBS SIX DIAMONDS SIX,0.2786,0.0836,0.6378
CLUBS JACK DIAMONDS JACK,0.149,0.0306,0.8204
CLUBS TEN DIAMONDS JACK,0.3164,0.0136,0.67
HEARTS JACK HEARTS NINE,0.2328,0.0608,0.7064
DIAMONDS ACE SPADES THREE,0.3874,0.0056,0.607
HEARTS EIGHT DIAMONDS ACE,0.3544,0.0034,0.6422
HEARTS SEVEN CLUBS ACE,0.3514,0.0046,0.644
SPADES QUEEN DIAMONDS JACK,0.321,0.0104,0.6686
CLUBS NINE CLUBS FIVE,0.0218,0.9018,0.0764
CLUBS EIGHT DIAMONDS EIGHT,0.2772,0.0622,0.6606
SPADES ACE DIAMONDS FIVE,0.2476,0.0242,0.7282
HEARTS JACK DIAMONDS FIVE,0.2354,0.0664,0.6982
HEARTS JACK DIAMONDS SIX,0.362,0.0162,0.6218
SPADES KING CLUBS TWO,0.4128,0.0064,0.5808
CLUBS TWO DIAMONDS JACK,0.4134,0.0176,0.569
CLUBS SEVEN SPADES FOUR,0.5998,0.0442,0.356
SPADES SEVEN DIAMONDS TEN,0.3398,0.027,0.6332
CLUBS FIVE DIAMONDS EIGHT,0.6316,0.1072,0.2612
CLUBS SEVEN SPADES SIX,0.5232,0.0438,0.433
HEARTS FOUR DIAMONDS TEN,0.3998,0.0264,0.5738
DIAMONDS TWO SPADES THREE,0.6266,0.0442,0.3292
CLUBS SIX SPADES FOUR,0.5836,0.0422,0.3742
CLUBS FOUR SPADES TWO,0.6188,0.0422,0.339
CLUBS NINE HEARTS FOUR,0.3398,0.4502,0.21
SPADES TWO DIAMONDS FIVE,0.6434,0.1092,0.2474
DIAMONDS THREE HEARTS KING,0.403,0.01,0.587
SPADES QUEEN HEARTS TEN,0.3294,0.011,0.6596
HEARTS EIGHT HEARTS KING,0.3514,0.008,0.6406
HEARTS EIGHT SPADES QUEEN,0.3516,0.0128,0.6356
DIAMONDS KING SPADES FOUR,0.4038,0.007,0.5892
SPADES THREE HEARTS NINE,0.3312,0.4626,0.2062
HEARTS SEVEN DIAMONDS TWO,0.6344,0.045,0.3206
CLUBS SIX SPADES SIX,0.288,0.069,0.643
DIAMONDS KING CLUBS KING,0.1474,0.0122,0.8404
CLUBS NINE HEARTS TEN,0.2178,0.0792,0.703
SPADES JACK SPADES EIGHT,0.32,0.015,0.665
CLUBS ACE CLUBS QUEEN,0.3212,0.0042,0.6746
HEARTS THREE CLUBS ACE,0.3924,0.0046,0.603
SPADES QUEEN SPADES TWO,0.3834,0.0108,0.6058
HEARTS THREE CLUBS QUEEN,0.406,0.0142,0.5798
CLUBS SEVEN DIAMONDS SEVEN,0.2864,0.067,0.6466
CLUBS ACE HEARTS JACK,0.3342,0.0042,0.6616
CLUBS TEN HEARTS KING,0.318,0.009,0.673
SPADES JACK CLUBS FIVE,0.2566,0.0638,0.6796
HEARTS SEVEN SPADES FIVE,0.6272,0.1094,0.2634
HEARTS TWO HEARTS ACE,0.37,0.007,0.623
CLUBS ACE CLUBS KING,0.3112,0.005,0.6838
DIAMONDS TWO DIAMONDS SEVEN,0.5914,0.0434,0.3652
CLUBS THREE HEARTS NINE,0.327,0.4524,0.2206
SPADES KING DIAMONDS FIVE,0.247,0.0328,0.7202
CLUBS FIVE SPADES TWO,0.643,0.1094,0.2476
CLUBS FOUR DIAMONDS EIGHT,0.602,0.043,0.355
DIAMONDS TWO HEARTS TWO,0.4016,0.074,0.5244
SPADES KING SPADES FOUR,0.3772,0.0076,0.6152
SPADES FOUR SPADES TWO,0.5704,0.05,0.3796
CLUBS TEN DIAMONDS EIGHT,0.3348,0.0238,0.6414
SPADES ACE CLUBS KING,0.342,0.0042,0.6538
SPADES QUEEN DIAMONDS SIX,0.3762,0.012,0.6118
CLUBS TEN CLUBS QUEEN,0.305,0.0086,0.6864
SPADES TWO HEARTS TEN,0.4052,0.0296,0.5652
DIAMONDS QUEEN SPADES THREE,0.3868,0.012,0.6012
SPADES SEVEN DIAMONDS SEVEN,0.2708,0.0672,0.662
CLUBS JACK DIAMONDS QUEEN,0.3166,0.0082,0.6752
CLUBS SEVEN SPADES NINE,0.2324,0.285,0.4826
CLUBS SIX SPADES THREE,0.592,0.0426,0.3654
CLUBS SEVEN CLUBS ACE,0.3424,0.004,0.6536
CLUBS JACK SPADES NINE,0.2434,0.0604,0.6962
SPADES KING DIAMONDS TEN,0.3266,0.007,0.6664
CLUBS TWO SPADES THREE,0.6116,0.0466,0.3418
HEARTS SEVEN SPADES TWO,0.621,0.0466,0.3324
DIAMONDS SEVEN CLUBS ACE,0.354,0.0054,0.6406
SPADES KING HEARTS THREE,0.413,0.0098,0.5772
CLUBS NINE DIAMONDS QUEEN,0.2432,0.0486,0.7082
DIAMONDS KING DIAMONDS EIGHT,0.3666,0.0062,0.6272
SPADES EIGHT CLUBS QUEEN,0.3664,0.0098,0.6238
CLUBS TWO HEARTS QUEEN,0.41,0.0112,0.5788
SPADES NINE HEARTS TEN,0.2076,0.0794,0.713
SPADES JACK DIAMONDS EIGHT,0.3368,0.019,0.6442
DIAMONDS SEVEN HEARTS TEN,0.342,0.028,0.63
SPADES FOUR HEARTS NINE,0.332,0.4608,0.2072
SPADES JACK CLUBS QUEEN,0.3338,0.0088,0.6574
CLUBS FIVE DIAMONDS SIX,0.6152,0.1006,0.2842
SPADES TEN SPADES SEVEN,0.3176,0.0242,0.6582
SPADES KING SPADES QUEEN,0.3188,0.006,0.6752
SPADES TEN SPADES FOUR,0.3688,0.0264,0.6048
DIAMONDS SEVEN CLUBS KING,0.3654,0.0088,0.6258
CLUBS SIX DIAMONDS TEN,0.3442,0.0258,0.63
DIAMONDS KING HEARTS JACK,0.3262,0.0078,0.666
CLUBS FOUR HEARTS TEN,0.4046,0.026,0.5694
CLUBS FOUR HEARTS KING,0.4034,0.0108,0.5858
HEARTS KING HEARTS NINE,0.2406,0.0384,0.721
SPADES NINE HEARTS NINE,0.094,0.0716,0.8344
CLUBS JACK CLUBS SEVEN,0.325,0.0172,0.6578
HEARTS SIX HEARTS TWO,0.573,0.0424,0.3846
SPADES ACE DIAMONDS JACK,0.3256,0.0038,0.6706
SPADES JACK DIAMONDS SEVEN,0.3734,0.0198,0.6068
SPADES NINE DIAMONDS SEVEN,0.229,0.2948,0.4762
CLUBS SIX DIAMONDS EIGHT,0.5464,0.0442,0.4094
HEARTS TWO DIAMONDS QUEEN,0.3998,0.011,0.5892
CLUBS TEN CLUBS FIVE,0.239,0.0726,0.6884
HEARTS THREE HEARTS QUEEN,0.3804,0.0148,0.6048
CLUBS THREE DIAMONDS EIGHT,0.6184,0.0442,0.3374
SPADES ACE DIAMONDS SEVEN,0.3604,0.004,0.6356
SPADES ACE SPADES KING,0.3152,0.005,0.6798
CLUBS TEN CLUBS EIGHT,0.3206,0.0234,0.656
SPADES KING CLUBS KING,0.1584,0.0098,0.8318
SPADES KING HEARTS NINE,0.2378,0.0382,0.724
SPADES ACE HEARTS JACK,0.3266,0.0048,0.6686
DIAMONDS TWO SPADES EIGHT,0.6298,0.0436,0.3266
SPADES ACE SPADES FIVE,0.2368,0.0216,0.7416
SPADES EIGHT HEARTS KING,0.3708,0.0068,0.6224
SPADES TWO CLUBS QUEEN,0.4136,0.0122,0.5742
HEARTS EIGHT SPADES FIVE,0.6566,0.0996,0.2438
DIAMONDS QUEEN DIAMONDS FOUR,0.384,0.0112,0.6048
SPADES SEVEN CLUBS THREE,0.6094,0.0468,0.3438
CLUBS TWO DIAMONDS SEVEN,0.6264,0.0484,0.3252
HEARTS ACE SPADES THREE,0.3758,0.0042,0.62
HEARTS KING DIAMONDS FOUR,0.4066,0.0084,0.585
HEARTS FOUR SPADES FIVE,0.6286,0.1124,0.259
HEARTS EIGHT SPADES TEN,0.3402,0.0228,0.637
SPADES TWO CLUBS ACE,0.392,0.004,0.604
CLUBS JACK SPADES SIX,0.378,0.0156,0.6064
HEARTS SIX DIAMONDS SIX,0.2764,0.0724,0.6512
DIAMONDS EIGHT DIAMONDS SEVEN,0.5082,0.0388,0.453
SPADES SEVEN CLUBS FOUR,0.6058,0.0456,0.3486
DIAMONDS TWO DIAMONDS TEN,0.3984,0.0312,0.5704
DIAMONDS THREE CLUBS FOUR,0.6008,0.0526,0.3466
SPADES NINE CLUBS KING,0.2518,0.035,0.7132
CLUBS JACK DIAMONDS ACE,0.3308,0.0048,0.6644
CLUBS THREE DIAMONDS TEN,0.3998,0.029,0.5712
HEARTS SIX SPADES THREE,0.5758,0.0468,0.3774
SPADES EIGHT SPADES THREE,0.5832,0.0388,0.378
CLUBS EIGHT DIAMONDS QUEEN,0.372,0.0102,0.6178
SPADES QUEEN DIAMONDS KING,0.336,0.0078,0.6562
SPADES KING CLUBS SEVEN,0.3644,0.0054,0.6302
DIAMONDS EIGHT DIAMONDS FIVE,0.5988,0.106,0.2952
DIAMONDS TWO DIAMONDS ACE,0.3782,0.0046,0.6172
SPADES JACK HEARTS FOUR,0.4082,0.0202,0.5716
CLUBS JACK SPADES TWO,0.4202,0.0166,0.5632
SPADES SEVEN DIAMONDS SIX,0.5458,0.0392,0.415
CLUBS SEVEN CLUBS TWO,0.5866,0.04,0.3734
SPADES QUEEN DIAMONDS TEN,0.3246,0.0116,0.6638
HEARTS TWO CLUBS KING,0.4234,0.0078,0.5688
SPADES THREE HEARTS QUEEN,0.4004,0.0114,0.5882
SPADES FOUR DIAMONDS EIGHT,0.6012,0.0448,0.354
CLUBS TEN SPADES THREE,0.3818,0.0258,0.5924
DIAMONDS KING DIAMONDS FIVE,0.2428,0.0326,0.7246
DIAMONDS KING CLUBS ACE,0.3352,0.0038,0.661
CLUBS SEVEN CLUBS KING,0.3398,0.0078,0.6524
HEARTS QUEEN CLUBS QUEEN,0.1448,0.0218,0.8334
HEARTS SEVEN HEARTS TWO,0.5982,0.0358,0.366
HEARTS SIX HEARTS QUEEN,0.3506,0.0128,0.6366
SPADES ACE DIAMONDS QUEEN,0.3312,0.0038,0.665
DIAMONDS THREE SPADES THREE,0.3834,0.081,0.5356
CLUBS NINE SPADES EIGHT,0.227,0.2246,0.5484
CLUBS TEN CLUBS SIX,0.339,0.0246,0.6364
SPADES EIGHT HEARTS NINE,0.2158,0.237,0.5472
HEARTS ACE HEARTS KING,0.3202,0.0068,0.673
HEARTS SEVEN DIAMONDS JACK,0.3426,0.0172,0.6402
SPADES FOUR HEARTS QUEEN,0.3972,0.0102,0.5926
HEARTS ACE DIAMONDS EIGHT,0.3678,0.0044,0.6278
HEARTS KING HEARTS QUEEN,0.319,0.0072,0.6738
SPADES ACE HEARTS THREE,0.3862,0.0042,0.6096
HEARTS TWO SPADES TWO,0.392,0.0834,0.5246
HEARTS NINE DIAMONDS FOUR,0.3186,0.4664,0.215
SPADES ACE SPADES SEVEN,0.3372,0.0044,0.6584
SPADES JACK SPADES FOUR,0.3838,0.019,0.5972
DIAMONDS THREE CLUBS THREE,0.3832,0.083,0.5338
SPADES EIGHT SPADES SEVEN,0.4968,0.041,0.4622
DIAMONDS QUEEN HEARTS NINE,0.2282,0.0446,0.7272
HEARTS THREE DIAMONDS FOUR,0.6118,0.0424,0.3458
SPADES SIX SPADES THREE,0.5552,0.0434,0.4014
HEARTS EIGHT SPADES EIGHT,0.2678,0.055,0.6772
HEARTS SEVEN CLUBS FIVE,0.6322,0.103,0.2648
HEARTS SIX SPADES JACK,0.3574,0.019,0.6236
CLUBS SIX HEARTS QUEEN,0.362,0.0104,0.6276
HEARTS TWO SPADES FIVE,0.635,0.1116,0.2534
CLUBS FIVE CLUBS KING,0.2434,0.0298,0.7268
DIAMONDS ACE CLUBS THREE,0.3822,0.0054,0.6124
SPADES QUEEN DIAMONDS FOUR,0.4096,0.0094,0.581
SPADES THREE DIAMONDS FOUR,0.6114,0.0434,0.3452
HEARTS THREE CLUBS SIX,0.603,0.0438,0.3532
HEARTS SEVEN HEARTS TEN,0.327,0.0282,0.6448
SPADES TEN SPADES FIVE,0.2356,0.0754,0.689
SPADES FOUR DIAMONDS FOUR,0.3884,0.0842,0.5274
SPADES ACE DIAMONDS THREE,0.3906,0.0034,0.606
HEARTS FOUR DIAMONDS EIGHT,0.5994,0.0448,0.3558
SPADES SIX HEARTS KING,0.3612,0.0076,0.6312
SPADES EIGHT CLUBS FOUR,0.6132,0.043,0.3438
HEARTS SIX DIAMONDS EIGHT,0.539,0.0434,0.4176
SPADES TEN CLUBS FIVE,0.2592,0.0818,0.659
SPADES TEN DIAMONDS KING,0.3244,0.007,0.6686
HEARTS TWO HEARTS JACK,0.3786,0.0194,0.602
HEARTS SIX CLUBS SIX,0.2728,0.0764,0.6508
DIAMONDS JACK CLUBS QUEEN,0.3214,0.0102,0.6684
HEARTS SIX SPADES FOUR,0.5774,0.0492,0.3734
SPADES JACK CLUBS KING,0.3446,0.009,0.6464
DIAMONDS THREE SPADES NINE,0.3314,0.4592,0.2094
DIAMONDS TEN CLUBS ACE,0.3282,0.0048,0.667
DIAMONDS JACK DIAMONDS SIX,0.3538,0.0192,0.627
DIAMONDS THREE DIAMONDS SIX,0.5654,0.046,0.3886
SPADES NINE HEARTS KING,0.234,0.0346,0.7314
CLUBS FIVE DIAMONDS QUEEN,0.2584,0.0456,0.696
DIAMONDS THREE CLUBS FIVE,0.6156,0.1118,0.2726
DIAMONDS THREE DIAMONDS TWO,0.5946,0.0434,0.362
SPADES NINE SPADES TWO,0.315,0.4318,0.2532
CLUBS EIGHT SPADES FOUR,0.5994,0.0406,0.36
CLUBS THREE HEARTS QUEEN,0.3998,0.013,0.5872
SPADES NINE DIAMONDS FOUR,0.3216,0.4572,0.2212
CLUBS ACE HEARTS NINE,0.243,0.0252,0.7318
DIAMONDS ACE SPADES FOUR,0.3812,0.0044,0.6144
DIAMONDS TWO CLUBS QUEEN,0.41,0.0118,0.5782
DIAMONDS QUEEN DIAMONDS JACK,0.3124,0.012,0.6756
CLUBS SIX SPADES EIGHT,0.5474,0.0446,0.408
SPADES SIX DIAMONDS SIX,0.2862,0.0716,0.6422
CLUBS NINE CLUBS ACE,0.2238,0.0228,0.7534
CLUBS FOUR HEARTS JACK,0.3972,0.0162,0.5866
SPADES SEVEN DIAMONDS FIVE,0.6358,0.095,0.2692
CLUBS JACK CLUBS SIX,0.3506,0.0164,0.633
HEARTS TWO DIAMONDS SIX,0.622,0.0442,0.3338
CLUBS EIGHT SPADES TWO,0.6206,0.0416,0.3378
HEARTS SEVEN CLUBS SIX,0.5436,0.0396,0.4168
SPADES KING DIAMONDS FOUR,0.409,0.0074,0.5836
SPADES ACE DIAMONDS TEN,0.3228,0.0052,0.672
CLUBS FIVE DIAMONDS ACE,0.2434,0.025,0.7316
HEARTS THREE HEARTS NINE,0.3116,0.434,0.2544
DIAMONDS TWO SPADES TEN,0.4112,0.0308,0.558
DIAMONDS JACK CLUBS KING,0.3272,0.007,0.6658
HEARTS SEVEN CLUBS FOUR,0.595,0.0396,0.3654
HEARTS THREE HEARTS TEN,0.395,0.0246,0.5804
DIAMONDS QUEEN SPADES FOUR,0.405,0.0114,0.5836
HEARTS SEVEN HEARTS SIX,0.5104,0.0408,0.4488
HEARTS THREE CLUBS KING,0.4046,0.0078,0.5876
HEARTS EIGHT HEARTS TEN,0.323,0.0288,0.6482
CLUBS THREE CLUBS ACE,0.3598,0.004,0.6362
SPADES TEN DIAMONDS ACE,0.342,0.0046,0.6534
HEARTS ACE CLUBS ACE,0.142,0.0026,0.8554
DIAMONDS EIGHT HEARTS QUEEN,0.3678,0.0126,0.6196
SPADES ACE CLUBS JACK,0.3372,0.0046,0.6582
HEARTS FOUR SPADES THREE,0.6092,0.0464,0.3444
SPADES KING CLUBS QUEEN,0.3396,0.0074,0.653
SPADES JACK SPADES TEN,0.2952,0.0128,0.692
HEARTS EIGHT SPADES SEVEN,0.5414,0.036,0.4226
HEARTS EIGHT SPADES TWO,0.612,0.0452,0.3428
CLUBS NINE CLUBS SIX,0.2098,0.356,0.4342
CLUBS THREE SPADES TWO,0.6046,0.0428,0.3526
CLUBS EIGHT DIAMONDS SEVEN,0.5398,0.0396,0.4206
HEARTS KING DIAMONDS SEVEN,0.3672,0.007,0.6258
SPADES QUEEN CLUBS ACE,0.342,0.0036,0.6544
HEARTS SIX CLUBS EIGHT,0.5486,0.045,0.4064
CLUBS JACK DIAMONDS SIX,0.377,0.0186,0.6044
DIAMONDS THREE CLUBS KING,0.4038,0.0076,0.5886
HEARTS ACE HEARTS QUEEN,0.3136,0.0046,0.6818
CLUBS TEN SPADES TEN,0.168,0.0344,0.7976
DIAMONDS TWO CLUBS FOUR,0.611,0.0494,0.3396
DIAMONDS KING HEARTS NINE,0.2366,0.0338,0.7296
SPADES FOUR HEARTS TEN,0.3916,0.0268,0.5816
DIAMONDS KING HEARTS TEN,0.3328,0.0076,0.6596
DIAMONDS QUEEN CLUBS KING,0.3376,0.006,0.6564
CLUBS THREE CLUBS QUEEN,0.3836,0.0126,0.6038
CLUBS NINE CLUBS TWO,0.3064,0.427,0.2666
HEARTS EIGHT CLUBS KING,0.3624,0.0086,0.629
HEARTS SEVEN CLUBS NINE,0.2234,0.2932,0.4834
HEARTS FOUR HEARTS ACE,0.3664,0.0064,0.6272
HEARTS FOUR HEARTS KING,0.3846,0.0098,0.6056
HEARTS TWO SPADES SIX,0.6014,0.047,0.3516
SPADES THREE HEARTS TEN,0.3908,0.0298,0.5794
HEARTS SEVEN HEARTS KING,0.3448,0.01,0.6452
SPADES SEVEN CLUBS ACE,0.359,0.006,0.635
DIAMONDS QUEEN HEARTS TEN,0.2972,0.01,0.6928
SPADES ACE DIAMONDS KING,0.3376,0.0036,0.6588
HEARTS THREE SPADES NINE,0.3266,0.4636,0.2098
DIAMONDS QUEEN HEARTS ACE,0.337,0.0048,0.6582
SPADES QUEEN HEARTS NINE,0.249,0.045,0.706
CLUBS FIVE SPADES SEVEN,0.6232,0.1036,0.2732
SPADES KING CLUBS FIVE,0.2498,0.034,0.7162
SPADES QUEEN DIAMONDS FIVE,0.2568,0.0462,0.697
HEARTS SEVEN HEARTS FOUR,0.5656,0.0458,0.3886
SPADES NINE CLUBS SIX,0.233,0.3618,0.4052
SPADES ACE CLUBS FOUR,0.3998,0.0048,0.5954
CLUBS SEVEN CLUBS QUEEN,0.3504,0.009,0.6406
DIAMONDS QUEEN DIAMONDS EIGHT,0.3486,0.0082,0.6432
SPADES FIVE HEARTS NINE,0.0102,0.9706,0.0192
DIAMONDS QUEEN HEARTS KING,0.3182,0.0086,0.6732
DIAMONDS THREE HEARTS QUEEN,0.406,0.0138,0.5802
SPADES QUEEN SPADES NINE,0.2292,0.047,0.7238
CLUBS NINE SPADES THREE,0.3312,0.4516,0.2172
SPADES QUEEN HEARTS QUEEN,0.1546,0.0204,0.825
SPADES KING CLUBS FOUR,0.3984,0.0118,0.5898
SPADES TEN HEARTS KING,0.3192,0.0092,0.6716
DIAMONDS THREE HEARTS JACK,0.3998,0.0232,0.577
HEARTS TEN CLUBS QUEEN,0.316,0.0114,0.6726
SPADES EIGHT SPADES FIVE,0.596,0.1022,0.3018
HEARTS SEVEN SPADES TEN,0.3388,0.0272,0.634
SPADES TWO HEARTS JACK,0.401,0.0192,0.5798
DIAMONDS TWO CLUBS THREE,0.6166,0.0432,0.3402
HEARTS FOUR HEARTS TWO,0.581,0.048,0.371
CLUBS FOUR DIAMONDS SIX,0.5776,0.0448,0.3776
DIAMONDS QUEEN SPADES FIVE,0.2498,0.0484,0.7018
CLUBS FIVE DIAMONDS SEVEN,0.637,0.1084,0.2546
HEARTS EIGHT CLUBS QUEEN,0.375,0.0102,0.6148
DIAMONDS SIX HEARTS NINE,0.2184,0.3846,0.397
CLUBS THREE HEARTS ACE,0.3886,0.0072,0.6042
CLUBS JACK SPADES SEVEN,0.3498,0.018,0.6322
CLUBS NINE SPADES SEVEN,0.226,0.2866,0.4874
HEARTS FOUR DIAMONDS SIX,0.5986,0.0458,0.3556
SPADES EIGHT CLUBS ACE,0.364,0.0028,0.6332
CLUBS NINE SPADES FIVE,0.0216,0.9546,0.0238
CLUBS NINE HEARTS SIX,0.2208,0.3702,0.409
HEARTS JACK HEARTS TEN,0.3026,0.0142,0.6832
DIAMONDS KING HEARTS QUEEN,0.3398,0.0094,0.6508
SPADES SIX DIAMONDS FIVE,0.616,0.1084,0.2756
CLUBS THREE DIAMONDS SIX,0.5972,0.0398,0.363
SPADES JACK HEARTS TEN,0.3168,0.0164,0.6668
HEARTS KING HEARTS JACK,0.3176,0.009,0.6734
SPADES FIVE HEARTS JACK,0.2416,0.064,0.6944
HEARTS TWO CLUBS QUEEN,0.4108,0.011,0.5782
CLUBS SEVEN DIAMONDS ACE,0.3584,0.0038,0.6378
DIAMONDS THREE CLUBS ACE,0.3902,0.005,0.6048
HEARTS ACE DIAMONDS FOUR,0.3984,0.0048,0.5968
DIAMONDS TEN SPADES TWO,0.4054,0.0298,0.5648
HEARTS EIGHT CLUBS SEVEN,0.5338,0.0452,0.421
HEARTS EIGHT CLUBS TWO,0.6144,0.046,0.3396
SPADES ACE CLUBS EIGHT,0.361,0.0034,0.6356
HEARTS SEVEN SPADES SIX,0.5388,0.0462,0.415
DIAMONDS ACE SPADES FIVE,0.2536,0.0226,0.7238
CLUBS KING CLUBS QUEEN,0.322,0.0074,0.6706
HEARTS ACE HEARTS NINE,0.2298,0.0268,0.7434
CLUBS THREE DIAMONDS FOUR,0.601,0.0496,0.3494
SPADES SEVEN HEARTS KING,0.361,0.0096,0.6294
DIAMONDS KING SPADES THREE,0.4002,0.009,0.5908
CLUBS NINE SPADES TWO,0.3334,0.4538,0.2128
CLUBS SIX DIAMONDS SEVEN,0.5524,0.0424,0.4052
CLUBS SIX CLUBS FOUR,0.5588,0.041,0.4002
CLUBS SEVEN HEARTS QUEEN,0.368,0.0084,0.6236
CLUBS FOUR SPADES FIVE,0.6308,0.1066,0.2626
CLUBS SIX HEARTS JACK,0.3602,0.0222,0.6176
HEARTS SIX DIAMONDS JACK,0.3522,0.0198,0.628
HEARTS SEVEN HEARTS THREE,0.58,0.0408,0.3792
SPADES SIX SPADES TWO,0.574,0.0442,0.3818
DIAMONDS TWO CLUBS KING,0.4084,0.0078,0.5838
HEARTS FOUR CLUBS QUEEN,0.3986,0.0128,0.5886
CLUBS FOUR CLUBS ACE,0.3692,0.0054,0.6254
CLUBS EIGHT CLUBS THREE,0.5724,0.0386,0.389
HEARTS QUEEN CLUBS ACE,0.333,0.0038,0.6632
CLUBS EIGHT DIAMONDS JACK,0.3482,0.0196,0.6322
CLUBS TWO DIAMONDS FIVE,0.6494,0.1124,0.2382
SPADES TWO HEARTS QUEEN,0.4014,0.0162,0.5824
SPADES FIVE DIAMONDS JACK,0.245,0.0618,0.6932
SPADES JACK CLUBS EIGHT,0.3488,0.019,0.6322
CLUBS JACK CLUBS QUEEN,0.3036,0.0094,0.687
CLUBS NINE HEARTS JACK,0.2442,0.0628,0.693
CLUBS EIGHT HEARTS THREE,0.626,0.0368,0.3372
SPADES SEVEN DIAMONDS EIGHT,0.5422,0.041,0.4168
SPADES TEN HEARTS TWO,0.415,0.029,0.556
SPADES THREE CLUBS QUEEN,0.4098,0.0092,0.581
CLUBS QUEEN HEARTS NINE,0.2364,0.0464,0.7172
CLUBS EIGHT CLUBS FIVE,0.594,0.1062,0.2998
DIAMONDS QUEEN HEARTS JACK,0.3112,0.0106,0.6782
SPADES THREE CLUBS KING,0.408,0.0072,0.5848
SPADES NINE DIAMONDS KING,0.2474,0.038,0.7146
SPADES ACE CLUBS THREE,0.3942,0.003,0.6028
HEARTS TWO SPADES SEVEN,0.6224,0.042,0.3356
CLUBS KING HEARTS NINE,0.2392,0.0324,0.7284
HEARTS SIX SPADES TEN,0.3558,0.0254,0.6188
CLUBS NINE HEARTS KING,0.2446,0.035,0.7204
HEARTS TWO DIAMONDS FOUR,0.6216,0.0438,0.3346
SPADES FIVE DIAMONDS FOUR,0.6262,0.1034,0.2704
CLUBS FIVE SPADES THREE,0.6238,0.1118,0.2644
SPADES ACE CLUBS TEN,0.333,0.002,0.665
CLUBS ACE DIAMONDS FIVE,0.2496,0.0292,0.7212
SPADES KING HEARTS TEN,0.3182,0.0082,0.6736
HEARTS SEVEN SPADES QUEEN,0.3718,0.0096,0.6186
HEARTS FOUR DIAMONDS QUEEN,0.409,0.0142,0.5768
SPADES SEVEN HEARTS JACK,0.3686,0.0186,0.6128
HEARTS FOUR DIAMONDS ACE,0.3838,0.0044,0.6118
CLUBS EIGHT HEARTS NINE,0.2184,0.2288,0.5528
SPADES QUEEN CLUBS SEVEN,0.3764,0.008,0.6156
HEARTS THREE SPADES EIGHT,0.615,0.0458,0.3392
SPADES FIVE DIAMONDS TEN,0.2428,0.0808,0.6764
HEARTS EIGHT CLUBS EIGHT,0.267,0.0614,0.6716
DIAMONDS THREE CLUBS SEVEN,0.6124,0.0438,0.3438
DIAMONDS SEVEN HEARTS JACK,0.3552,0.016,0.6288
CLUBS SEVEN DIAMONDS FOUR,0.5928,0.0432,0.364
DIAMONDS EIGHT HEARTS JACK,0.3586,0.0186,0.6228
SPADES SIX DIAMONDS JACK,0.3652,0.0176,0.6172
CLUBS NINE CLUBS KING,0.232,0.033,0.735
CLUBS JACK DIAMONDS KING,0.3266,0.0072,0.6662
CLUBS NINE SPADES TEN,0.2238,0.074,0.7022
SPADES ACE HEARTS EIGHT,0.369,0.004,0.627
SPADES TEN DIAMONDS SIX,0.3702,0.0252,0.6046
SPADES SIX CLUBS TWO,0.6032,0.0462,0.3506
DIAMONDS TWO SPADES TWO,0.3906,0.0804,0.529
SPADES QUEEN CLUBS EIGHT,0.366,0.0084,0.6256
DIAMONDS TWO SPADES SIX,0.6118,0.0428,0.3454
SPADES EIGHT DIAMONDS SIX,0.557,0.0402,0.4028
CLUBS TEN HEARTS NINE,0.2222,0.0724,0.7054
HEARTS SEVEN DIAMONDS SIX,0.5356,0.048,0.4164
CLUBS SEVEN DIAMONDS KING,0.3686,0.0072,0.6242
SPADES NINE HEARTS QUEEN,0.2318,0.0488,0.7194
CLUBS JACK SPADES JACK,0.163,0.032,0.805
HEARTS SEVEN CLUBS SEVEN,0.28,0.071,0.649
HEARTS EIGHT SPADES NINE,0.209,0.2188,0.5722
SPADES SEVEN CLUBS QUEEN,0.3688,0.015,0.6162
SPADES QUEEN HEARTS THREE,0.41,0.0104,0.5796
SPADES NINE CLUBS THREE,0.3304,0.4468,0.2228
HEARTS SEVEN DIAMONDS ACE,0.3464,0.0054,0.6482
CLUBS EIGHT CLUBS KING,0.3432,0.0088,0.648
SPADES SIX DIAMONDS TEN,0.3506,0.0252,0.6242
CLUBS FIVE CLUBS QUEEN,0.2382,0.047,0.7148
CLUBS FIVE DIAMONDS KING,0.2382,0.0394,0.7224
HEARTS FOUR CLUBS TWO,0.6182,0.044,0.3378
DIAMONDS JACK DIAMONDS EIGHT,0.3174,0.0172,0.6654
DIAMONDS TWO HEARTS FOUR,0.622,0.045,0.333
SPADES QUEEN DIAMONDS EIGHT,0.3716,0.0138,0.6146
SPADES JACK CLUBS SIX,0.363,0.0146,0.6224
CLUBS ACE DIAMONDS FOUR,0.381,0.004,0.615
CLUBS NINE HEARTS THREE,0.3332,0.4542,0.2126
SPADES SIX HEARTS JACK,0.3524,0.0188,0.6288
SPADES ACE DIAMONDS FOUR,0.3986,0.004,0.5974
DIAMONDS QUEEN CLUBS ACE,0.332,0.0032,0.6648
CLUBS FOUR DIAMONDS KING,0.3926,0.0086,0.5988
SPADES QUEEN SPADES EIGHT,0.3464,0.0128,0.6408
SPADES QUEEN CLUBS TWO,0.41,0.0126,0.5774
SPADES JACK HEARTS KING,0.3434,0.0064,0.6502
HEARTS TWO SPADES EIGHT,0.6294,0.0432,0.3274
DIAMONDS THREE DIAMONDS FIVE,0.602,0.103,0.295
HEARTS EIGHT DIAMONDS EIGHT,0.2714,0.0656,0.663
SPADES NINE HEARTS TWO,0.3376,0.4564,0.206
SPADES QUEEN HEARTS KING,0.3316,0.0078,0.6606
SPADES FOUR SPADES THREE,0.5542,0.0464,0.3994
CLUBS JACK CLUBS ACE,0.3028,0.003,0.6942
HEARTS THREE CLUBS FIVE,0.6212,0.1142,0.2646
DIAMONDS ACE HEARTS JACK,0.3464,0.0042,0.6494
SPADES THREE SPADES TWO,0.5656,0.051,0.3834
DIAMONDS ACE HEARTS QUEEN,0.3214,0.0052,0.6734
SPADES FOUR DIAMONDS TEN,0.399,0.027,0.574
CLUBS SIX SPADES FIVE,0.6144,0.1006,0.285
SPADES KING HEARTS JACK,0.3376,0.0078,0.6546
HEARTS FOUR CLUBS FIVE,0.6144,0.1178,0.2678
HEARTS FOUR DIAMONDS SEVEN,0.6026,0.047,0.3504
SPADES SIX DIAMONDS QUEEN,0.3648,0.0132,0.622
HEARTS THREE CLUBS FOUR,0.6116,0.0452,0.3432
SPADES THREE CLUBS ACE,0.3922,0.0052,0.6026
CLUBS FOUR SPADES THREE,0.5848,0.0478,0.3674
SPADES KING SPADES TEN,0.3176,0.0078,0.6746
CLUBS JACK HEARTS SEVEN,0.3584,0.019,0.6226
SPADES KING HEARTS ACE,0.3432,0.0032,0.6536
SPADES EIGHT DIAMONDS ACE,0.3662,0.0032,0.6306
CLUBS NINE DIAMONDS TEN,0.223,0.0692,0.7078
DIAMONDS THREE CLUBS TEN,0.394,0.0292,0.5768
HEARTS EIGHT HEARTS ACE,0.3506,0.0042,0.6452
SPADES JACK CLUBS ACE,0.3426,0.0026,0.6548
SPADES TEN HEARTS TEN,0.1458,0.0412,0.813
CLUBS SEVEN HEARTS ACE,0.3524,0.0044,0.6432
HEARTS SIX HEARTS FOUR,0.5522,0.0432,0.4046
HEARTS SIX DIAMONDS FIVE,0.6268,0.1038,0.2694
CLUBS JACK HEARTS JACK,0.1524,0.029,0.8186
SPADES QUEEN CLUBS NINE,0.2546,0.0482,0.6972
DIAMONDS TWO HEARTS ACE,0.3868,0.0058,0.6074
SPADES EIGHT SPADES TWO,0.5778,0.0394,0.3828
DIAMONDS JACK HEARTS ACE,0.329,0.0058,0.6652
HEARTS ACE DIAMONDS SEVEN,0.3566,0.0056,0.6378
SPADES JACK DIAMONDS SIX,0.3768,0.0186,0.6046
DIAMONDS TWO CLUBS NINE,0.3408,0.4584,0.2008
SPADES FIVE CLUBS KING,0.2524,0.0312,0.7164
CLUBS FIVE HEARTS NINE,0.0096,0.9734,0.017
HEARTS TWO CLUBS THREE,0.6122,0.0452,0.3426
HEARTS ACE HEARTS JACK,0.316,0.006,0.678
DIAMONDS THREE CLUBS SIX,0.593,0.0438,0.3632
CLUBS TEN SPADES FOUR,0.3982,0.0264,0.5754
CLUBS FOUR DIAMONDS JACK,0.3974,0.0206,0.582
CLUBS THREE SPADES FOUR,0.6014,0.0434,0.3552
CLUBS SEVEN HEARTS KING,0.3672,0.0082,0.6246
CLUBS NINE SPADES FOUR,0.3262,0.4618,0.212
CLUBS JACK SPADES KING,0.327,0.0054,0.6676
HEARTS SIX CLUBS TWO,0.61,0.0442,0.3458
HEARTS SEVEN DIAMONDS FIVE,0.634,0.1084,0.2576
SPADES NINE CLUBS TWO,0.3354,0.4506,0.214
CLUBS THREE CLUBS KING,0.3876,0.0076,0.6048
HEARTS KING HEARTS TEN,0.3244,0.009,0.6666
CLUBS FOUR CLUBS TWO,0.5778,0.0446,0.3776
SPADES ACE DIAMONDS SIX,0.3764,0.004,0.6196
SPADES TEN CLUBS SEVEN,0.359,0.0224,0.6186
HEARTS FOUR HEARTS NINE,0.3086,0.4406,0.2508
CLUBS FIVE SPADES FOUR,0.6244,0.115,0.2606
CLUBS TEN HEARTS TWO,0.4142,0.0284,0.5574
DIAMONDS THREE DIAMONDS QUEEN,0.3932,0.0124,0.5944
DIAMONDS TWO CLUBS EIGHT,0.6074,0.0456,0.347
SPADES THREE HEARTS JACK,0.3994,0.0162,0.5844
DIAMONDS QUEEN DIAMONDS FIVE,0.252,0.0424,0.7056
DIAMONDS QUEEN CLUBS TWO,0.4034,0.0116,0.585
DIAMONDS TWO SPADES SEVEN,0.6124,0.0478,0.3398
DIAMONDS TEN CLUBS QUEEN,0.3144,0.0108,0.6748
CLUBS TEN SPADES JACK,0.3218,0.0154,0.6628
HEARTS EIGHT HEARTS NINE,0.2162,0.2162,0.5676
DIAMONDS TEN HEARTS JACK,0.3004,0.0166,0.683
DIAMONDS KING DIAMONDS QUEEN,0.3236,0.0078,0.6686
HEARTS EIGHT SPADES JACK,0.3324,0.0162,0.6514
DIAMONDS JACK SPADES TWO,0.4014,0.0198,0.5788
DIAMONDS THREE DIAMONDS JACK,0.3854,0.016,0.5986
HEARTS SIX DIAMONDS QUEEN,0.3608,0.013,0.6262
SPADES FIVE CLUBS QUEEN,0.2464,0.0446,0.709
DIAMONDS KING HEARTS ACE,0.3316,0.005,0.6634
DIAMONDS THREE DIAMONDS FOUR,0.5738,0.0476,0.3786
DIAMONDS THREE HEARTS TWO,0.6232,0.0458,0.331
HEARTS SIX SPADES SEVEN,0.5358,0.0462,0.418
HEARTS THREE DIAMONDS TEN,0.396,0.0286,0.5754
HEARTS TWO DIAMONDS TEN,0.4094,0.0284,0.5622
HEARTS FOUR DIAMONDS FIVE,0.6358,0.1042,0.26
SPADES SEVEN SPADES THREE,0.5694,0.0376,0.393
SPADES FOUR DIAMONDS FIVE,0.6172,0.1172,0.2656
DIAMONDS TEN HEARTS NINE,0.2186,0.08,0.7014
SPADES JACK CLUBS TWO,0.4044,0.0172,0.5784
DIAMONDS EIGHT SPADES TWO,0.6172,0.0458,0.337
SPADES QUEEN CLUBS KING,0.334,0.0052,0.6608
DIAMONDS SIX HEARTS TEN,0.3568,0.0296,0.6136
HEARTS SIX CLUBS KING,0.3522,0.0072,0.6406
CLUBS NINE CLUBS QUEEN,0.2304,0.045,0.7246
CLUBS EIGHT CLUBS FOUR,0.579,0.0404,0.3806
SPADES ACE HEARTS TEN,0.3332,0.0046,0.6622
DIAMONDS TWO CLUBS SEVEN,0.6336,0.043,0.3234
SPADES NINE DIAMONDS QUEEN,0.2512,0.0466,0.7022
CLUBS EIGHT DIAMONDS ACE,0.3518,0.0048,0.6434
SPADES SIX HEARTS TEN,0.3538,0.0224,0.6238
HEARTS SIX HEARTS JACK,0.3568,0.0212,0.622
SPADES SEVEN DIAMONDS QUEEN,0.3632,0.0124,0.6244
HEARTS EIGHT DIAMONDS KING,0.3708,0.0064,0.6228
DIAMONDS TEN DIAMONDS SIX,0.3446,0.0314,0.624
SPADES KING DIAMONDS TWO,0.4142,0.0088,0.577
DIAMONDS THREE SPADES SEVEN,0.6056,0.0492,0.3452
HEARTS FOUR SPADES EIGHT,0.6104,0.0406,0.349
CLUBS TEN HEARTS QUEEN,0.3104,0.0112,0.6784
CLUBS SEVEN CLUBS THREE,0.555,0.0444,0.4006
CLUBS TEN CLUBS FOUR,0.3644,0.028,0.6076
CLUBS NINE DIAMONDS ACE,0.2424,0.0208,0.7368
SPADES SEVEN DIAMONDS KING,0.3644,0.0064,0.6292
CLUBS JACK DIAMONDS SEVEN,0.3552,0.0204,0.6244
CLUBS SIX CLUBS FIVE,0.5836,0.1052,0.3112
SPADES KING CLUBS SIX,0.363,0.0042,0.6328
CLUBS JACK SPADES FOUR,0.3968,0.0182,0.585
DIAMONDS THREE HEARTS SEVEN,0.62,0.0416,0.3384
SPADES JACK SPADES TWO,0.3954,0.0178,0.5868
CLUBS FOUR HEARTS ACE,0.3916,0.0042,0.6042
SPADES TEN SPADES THREE,0.376,0.0272,0.5968
CLUBS FIVE DIAMONDS JACK,0.2612,0.0594,0.6794
SPADES JACK SPADES NINE,0.223,0.0576,0.7194
SPADES NINE DIAMONDS JACK,0.2366,0.053,0.7104
DIAMONDS THREE CLUBS EIGHT,0.625,0.0444,0.3306
CLUBS NINE SPADES SIX,0.2214,0.3824,0.3962
CLUBS JACK DIAMONDS FOUR,0.4126,0.0188,0.5686
CLUBS NINE DIAMONDS FIVE,0.0182,0.9696,0.0122
DIAMONDS JACK CLUBS ACE,0.3284,0.0038,0.6678
CLUBS FIVE SPADES SIX,0.6166,0.1048,0.2786
DIAMONDS THREE SPADES SIX,0.6058,0.0462,0.348
SPADES JACK HEARTS JACK,0.163,0.0312,0.8058
HEARTS FOUR CLUBS SEVEN,0.5994,0.0458,0.3548
CLUBS EIGHT DIAMONDS TEN,0.3394,0.0242,0.6364
SPADES EIGHT HEARTS JACK,0.344,0.016,0.64
DIAMONDS TWO SPADES NINE,0.323,0.4636,0.2134
DIAMONDS TWO HEARTS NINE,0.3296,0.4588,0.2116
HEARTS FOUR SPADES SEVEN,0.5944,0.041,0.3646
SPADES NINE DIAMONDS ACE,0.2428,0.025,0.7322
SPADES ACE SPADES EIGHT,0.3478,0.0046,0.6476
HEARTS EIGHT SPADES SIX,0.5594,0.0376,0.403
HEARTS THREE SPADES FOUR,0.6034,0.0506,0.346
DIAMONDS TEN HEARTS QUEEN,0.3172,0.0134,0.6694
SPADES JACK CLUBS THREE,0.4068,0.0194,0.5738
CLUBS JACK CLUBS THREE,0.3808,0.0154,0.6038
DIAMONDS TEN DIAMONDS FOUR,0.3768,0.0344,0.5888
DIAMONDS THREE HEARTS FOUR,0.6098,0.044,0.3462
SPADES TEN HEARTS NINE,0.224,0.0784,0.6976
SPADES NINE SPADES EIGHT,0.2124,0.206,0.5816
SPADES THREE DIAMONDS SEVEN,0.6186,0.0408,0.3406
HEARTS SEVEN DIAMONDS TEN,0.3362,0.0234,0.6404
DIAMONDS KING CLUBS TWO,0.3984,0.0104,0.5912
CLUBS TWO CLUBS ACE,0.3702,0.0046,0.6252
HEARTS KING CLUBS KING,0.1436,0.0116,0.8448
CLUBS TWO DIAMONDS EIGHT,0.613,0.0402,0.3468
CLUBS FOUR SPADES SIX,0.5776,0.0458,0.3766
DIAMONDS JACK HEARTS NINE,0.2376,0.0682,0.6942
DIAMONDS ACE SPADES SEVEN,0.3606,0.004,0.6354
SPADES KING DIAMONDS SEVEN,0.3638,0.0068,0.6294
CLUBS EIGHT CLUBS SIX,0.5188,0.036,0.4452
SPADES KING HEARTS QUEEN,0.3256,0.0082,0.6662
CLUBS THREE CLUBS TWO,0.571,0.0468,0.3822
DIAMONDS TWO CLUBS FIVE,0.6308,0.11,0.2592
CLUBS SIX HEARTS ACE,0.354,0.0034,0.6426
DIAMONDS FIVE DIAMONDS FOUR,0.5986,0.1034,0.298
HEARTS SEVEN HEARTS JACK,0.3448,0.0222,0.633
CLUBS TWO DIAMONDS FOUR,0.6228,0.0402,0.337
DIAMONDS THREE HEARTS NINE,0.3328,0.4616,0.2056
CLUBS SIX CLUBS QUEEN,0.3478,0.0118,0.6404
CLUBS TWO CLUBS QUEEN,0.3838,0.0088,0.6074
SPADES NINE CLUBS QUEEN,0.2504,0.0422,0.7074
CLUBS ACE DIAMONDS SIX,0.3696,0.0054,0.625
DIAMONDS JACK HEARTS TEN,0.2998,0.0176,0.6826
HEARTS TWO CLUBS FIVE,0.6376,0.12,0.2424
SPADES TEN CLUBS THREE,0.3848,0.0284,0.5868
HEARTS EIGHT DIAMONDS SEVEN,0.535,0.045,0.42
CLUBS JACK HEARTS FOUR,0.3968,0.0198,0.5834
SPADES SIX HEARTS ACE,0.368,0.0046,0.6274
SPADES QUEEN CLUBS FIVE,0.25,0.049,0.701
CLUBS JACK CLUBS TWO,0.3718,0.0164,0.6118
SPADES JACK HEARTS NINE,0.2436,0.0578,0.6986
CLUBS SEVEN CLUBS FIVE,0.5754,0.1052,0.3194
HEARTS SIX CLUBS SEVEN,0.5416,0.044,0.4144
SPADES KING HEARTS KING,0.1462,0.0126,0.8412
SPADES NINE SPADES FIVE,0.02,0.9058,0.0742
CLUBS TWO DIAMONDS TEN,0.3958,0.0248,0.5794
CLUBS JACK HEARTS ACE,0.3346,0.0038,0.6616
HEARTS SEVEN SPADES NINE,0.2226,0.2964,0.481
HEARTS ACE DIAMONDS SIX,0.3658,0.0068,0.6274
SPADES FIVE DIAMONDS SIX,0.623,0.1086,0.2684
SPADES EIGHT DIAMONDS FOUR,0.6128,0.0402,0.347
CLUBS SIX DIAMONDS JACK,0.37,0.0196,0.6104
CLUBS SEVEN DIAMONDS EIGHT,0.5474,0.0416,0.411
CLUBS TWO DIAMONDS SIX,0.6032,0.0462,0.3506
CLUBS NINE CLUBS SEVEN,0.2122,0.2772,0.5106
SPADES ACE CLUBS SEVEN,0.3626,0.0028,0.6346
SPADES NINE SPADES FOUR,0.3178,0.4266,0.2556
CLUBS THREE HEARTS KING,0.395,0.0128,0.5922
CLUBS EIGHT CLUBS QUEEN,0.3362,0.0104,0.6534
HEARTS EIGHT HEARTS JACK,0.3418,0.0192,0.639
SPADES KING DIAMONDS ACE,0.3374,0.0036,0.659
CLUBS JACK SPADES QUEEN,0.339,0.0058,0.6552
SPADES SEVEN CLUBS TWO,0.6126,0.0444,0.343
DIAMONDS JACK SPADES THREE,0.3996,0.0186,0.5818
CLUBS TEN DIAMONDS FIVE,0.2414,0.079,0.6796
SPADES FIVE DIAMONDS EIGHT,0.6478,0.111,0.2412
SPADES QUEEN SPADES THREE,0.3736,0.0118,0.6146
CLUBS NINE DIAMONDS SIX,0.2194,0.3824,0.3982
DIAMONDS JACK DIAMONDS TEN,0.2998,0.0158,0.6844
CLUBS FIVE HEARTS KING,0.2484,0.0362,0.7154
SPADES ACE HEARTS ACE,0.1442,0.005,0.8508
HEARTS FOUR SPADES FOUR,0.3844,0.0882,0.5274
DIAMONDS THREE HEARTS SIX,0.6032,0.046,0.3508
CLUBS EIGHT SPADES EIGHT,0.2666,0.0588,0.6746
HEARTS THREE HEARTS ACE,0.3614,0.0056,0.633
CLUBS TEN DIAMONDS TEN,0.1612,0.0402,0.7986
SPADES TEN SPADES EIGHT,0.3098,0.0264,0.6638
CLUBS SIX DIAMONDS FIVE,0.6204,0.1126,0.267
SPADES ACE HEARTS QUEEN,0.335,0.0054,0.6596
SPADES FIVE DIAMONDS FIVE,0.2834,0.0666,0.65
SPADES FIVE HEARTS ACE,0.2412,0.026,0.7328
HEARTS SEVEN HEARTS NINE,0.2212,0.2792,0.4996
HEARTS SIX CLUBS THREE,0.599,0.0408,0.3602
DIAMONDS JACK HEARTS QUEEN,0.3134,0.009,0.6776
CLUBS SIX CLUBS KING,0.3302,0.009,0.6608
CLUBS TEN SPADES QUEEN,0.3142,0.0082,0.6776
CLUBS THREE DIAMONDS QUEEN,0.3962,0.0142,0.5896
DIAMONDS THREE CLUBS TWO,0.6204,0.0478,0.3318
SPADES ACE CLUBS TWO,0.402,0.0038,0.5942
SPADES ACE HEARTS SEVEN,0.3744,0.0032,0.6224
SPADES TEN DIAMONDS JACK,0.3134,0.017,0.6696
SPADES ACE CLUBS QUEEN,0.3468,0.004,0.6492
SPADES THREE DIAMONDS FIVE,0.622,0.1106,0.2674
HEARTS THREE HEARTS TWO,0.5886,0.0406,0.3708
CLUBS ACE HEARTS TEN,0.337,0.004,0.659
SPADES NINE CLUBS FOUR,0.3324,0.4488,0.2188
SPADES JACK DIAMONDS ACE,0.3294,0.0052,0.6654
CLUBS SEVEN HEARTS TWO,0.6172,0.0458,0.337
SPADES SIX DIAMONDS EIGHT,0.5568,0.0424,0.4008
CLUBS TEN HEARTS JACK,0.3132,0.0132,0.6736
DIAMONDS ACE HEARTS ACE,0.131,0.0042,0.8648
SPADES TEN SPADES NINE,0.2094,0.0708,0.7198
SPADES KING DIAMONDS SIX,0.3774,0.0072,0.6154
SPADES JACK SPADES SIX,0.359,0.0158,0.6252
DIAMONDS THREE DIAMONDS SEVEN,0.58,0.0442,0.3758
CLUBS FOUR DIAMONDS FIVE,0.6162,0.122,0.2618
HEARTS SEVEN SPADES THREE,0.587,0.045,0.368
HEARTS SIX CLUBS QUEEN,0.356,0.0104,0.6336
DIAMONDS SIX DIAMONDS FIVE,0.5974,0.1054,0.2972
SPADES FOUR CLUBS KING,0.4046,0.008,0.5874
DIAMONDS TEN HEARTS KING,0.3134,0.0064,0.6802
SPADES EIGHT DIAMONDS SEVEN,0.5456,0.0422,0.4122
CLUBS TEN DIAMONDS TWO,0.4102,0.0294,0.5604
DIAMONDS THREE DIAMONDS EIGHT,0.591,0.0364,0.3726
CLUBS FIVE HEARTS QUEEN,0.254,0.0508,0.6952
CLUBS FOUR HEARTS QUEEN,0.4312,0.009,0.5598
HEARTS EIGHT CLUBS SIX,0.5556,0.0416,0.4028
CLUBS EIGHT CLUBS SEVEN,0.4984,0.037,0.4646
CLUBS TEN SPADES FIVE,0.255,0.076,0.669
DIAMONDS KING DIAMONDS SEVEN,0.359,0.0098,0.6312
SPADES FOUR DIAMONDS SEVEN,0.6058,0.043,0.3512
CLUBS KING HEARTS TEN,0.332,0.0074,0.6606
DIAMONDS THREE SPADES TEN,0.3982,0.0278,0.574
HEARTS THREE DIAMONDS JACK,0.384,0.0214,0.5946
DIAMONDS ACE SPADES TWO,0.384,0.0062,0.6098
SPADES QUEEN DIAMONDS QUEEN,0.1498,0.019,0.8312
SPADES EIGHT SPADES SIX,0.5186,0.0396,0.4418
CLUBS EIGHT CLUBS ACE,0.3532,0.0034,0.6434
DIAMONDS TWO DIAMONDS EIGHT,0.5898,0.0428,0.3674
HEARTS SIX HEARTS THREE,0.5544,0.0468,0.3988
CLUBS TEN DIAMONDS QUEEN,0.3254,0.0124,0.6622
SPADES FIVE DIAMONDS SEVEN,0.6368,0.1016,0.2616
CLUBS JACK HEARTS SIX,0.3788,0.0156,0.6056
HEARTS SIX DIAMONDS FOUR,0.5894,0.0458,0.3648
SPADES JACK DIAMONDS KING,0.336,0.0078,0.6562
DIAMONDS TEN SPADES THREE,0.3976,0.0326,0.5698
DIAMONDS THREE HEARTS TEN,0.4036,0.0278,0.5686
HEARTS QUEEN DIAMONDS FIVE,0.238,0.0478,0.7142
HEARTS TWO DIAMONDS ACE,0.4028,0.005,0.5922
DIAMONDS TWO DIAMONDS SIX,0.5862,0.0414,0.3724
SPADES THREE DIAMONDS SIX,0.5948,0.0426,0.3626
HEARTS SIX DIAMONDS ACE,0.3568,0.0054,0.6378
DIAMONDS SEVEN DIAMONDS FOUR,0.5628,0.0418,0.3954
SPADES JACK HEARTS TWO,0.3952,0.0182,0.5866
CLUBS TEN CLUBS SEVEN,0.327,0.025,0.648
CLUBS JACK HEARTS TWO,0.3994,0.0186,0.582
HEARTS EIGHT DIAMONDS TWO,0.6216,0.044,0.3344
SPADES SEVEN SPADES FOUR,0.5496,0.0372,0.4132
SPADES FOUR CLUBS ACE,0.4008,0.0042,0.595
CLUBS JACK HEARTS NINE,0.2372,0.06,0.7028
CLUBS SIX HEARTS TEN,0.358,0.0288,0.6132
DIAMONDS ACE DIAMONDS EIGHT,0.3338,0.0056,0.6606
SPADES KING CLUBS THREE,0.4004,0.0078,0.5918
HEARTS THREE SPADES SIX,0.5972,0.0448,0.358
HEARTS JACK DIAMONDS FOUR,0.4172,0.0192,0.5636
DIAMONDS THREE DIAMONDS TEN,0.386,0.0268,0.5872
HEARTS TWO DIAMONDS FIVE,0.6544,0.1126,0.233
CLUBS KING DIAMONDS FIVE,0.252,0.039,0.709
HEARTS SIX CLUBS ACE,0.3564,0.0036,0.64
SPADES FIVE SPADES THREE,0.5772,0.1018,0.321
DIAMONDS KING HEARTS KING,0.1526,0.0116,0.8358
DIAMONDS QUEEN CLUBS QUEEN,0.1496,0.0236,0.8268
CLUBS JACK HEARTS TEN,0.3122,0.0168,0.671
CLUBS SIX DIAMONDS QUEEN,0.366,0.0128,0.6212
DIAMONDS JACK HEARTS JACK,0.1462,0.028,0.8258
DIAMONDS TWO DIAMONDS FIVE,0.5946,0.1138,0.2916
DIAMONDS ACE DIAMONDS TEN,0.31,0.0082,0.6818
HEARTS THREE SPADES SEVEN,0.6054,0.0452,0.3494
SPADES SEVEN SPADES SIX,0.5016,0.0416,0.4568
SPADES ACE DIAMONDS EIGHT,0.3666,0.006,0.6274
SPADES FIVE SPADES TWO,0.5898,0.1058,0.3044
HEARTS FOUR CLUBS THREE,0.6036,0.0434,0.353
DIAMONDS THREE DIAMONDS KING,0.396,0.0094,0.5946
DIAMONDS ACE CLUBS TWO,0.3862,0.005,0.6088
DIAMONDS KING SPADES SIX,0.366,0.0062,0.6278
CLUBS THREE HEARTS JACK,0.407,0.0174,0.5756
SPADES NINE HEARTS ACE,0.2342,0.0282,0.7376
HEARTS SIX DIAMONDS TEN,0.3392,0.0312,0.6296
CLUBS EIGHT HEARTS TEN,0.3474,0.0258,0.6268
CLUBS EIGHT DIAMONDS FIVE,0.6396,0.1064,0.254
CLUBS THREE DIAMONDS SEVEN,0.606,0.044,0.35
DIAMONDS THREE SPADES KING,0.4064,0.0078,0.5858
HEARTS TEN HEARTS NINE,0.216,0.0766,0.7074
CLUBS NINE SPADES JACK,0.2376,0.0558,0.7066
CLUBS NINE HEARTS QUEEN,0.241,0.0468,0.7122
CLUBS FIVE DIAMONDS FOUR,0.639,0.1082,0.2528
CLUBS TWO SPADES FOUR,0.6058,0.046,0.3482
CLUBS JACK CLUBS TEN,0.2946,0.0132,0.6922
SPADES SIX SPADES FOUR,0.5494,0.0416,0.409
CLUBS EIGHT HEARTS ACE,0.3598,0.0034,0.6368
SPADES SIX CLUBS ACE,0.3758,0.003,0.6212
HEARTS SEVEN DIAMONDS FOUR,0.5942,0.0456,0.3602
SPADES EIGHT HEARTS ACE,0.3638,0.0052,0.631
SPADES TEN CLUBS SIX,0.3642,0.0238,0.612
CLUBS SIX DIAMONDS ACE,0.359,0.0062,0.6348
SPADES KING SPADES SIX,0.3514,0.0074,0.6412
SPADES EIGHT DIAMONDS KING,0.3734,0.0072,0.6194
SPADES THREE DIAMONDS EIGHT,0.6188,0.0426,0.3386
CLUBS NINE DIAMONDS SEVEN,0.2156,0.3014,0.483
DIAMONDS SEVEN HEARTS NINE,0.2206,0.3118,0.4676
HEARTS THREE DIAMONDS FIVE,0.6238,0.1198,0.2564
HEARTS TWO HEARTS QUEEN,0.3894,0.0136,0.597
HEARTS EIGHT DIAMONDS QUEEN,0.3636,0.0122,0.6242
HEARTS QUEEN DIAMONDS SEVEN,0.3638,0.0132,0.623
DIAMONDS THREE SPADES TWO,0.6202,0.0466,0.3332
CLUBS FIVE CLUBS TWO,0.5946,0.1074,0.298
SPADES ACE CLUBS FIVE,0.2524,0.0252,0.7224
CLUBS NINE DIAMONDS FOUR,0.3168,0.4682,0.215
CLUBS SIX HEARTS KING,0.3632,0.0076,0.6292
HEARTS FOUR HEARTS THREE,0.5778,0.037,0.3852
SPADES ACE DIAMONDS ACE,0.1348,0.0036,0.8616
DIAMONDS QUEEN SPADES TWO,0.4078,0.013,0.5792
SPADES JACK CLUBS FOUR,0.4178,0.0172,0.565
SPADES TEN HEARTS ACE,0.3282,0.004,0.6678
CLUBS EIGHT SPADES SEVEN,0.53,0.0382,0.4318
HEARTS TWO HEARTS TEN,0.3878,0.0252,0.587
CLUBS EIGHT HEARTS JACK,0.3512,0.0166,0.6322
DIAMONDS EIGHT HEARTS TEN,0.3312,0.0302,0.6386
SPADES TEN CLUBS ACE,0.3418,0.004,0.6542
HEARTS JACK CLUBS KING,0.3314,0.0086,0.66
CLUBS FIVE HEARTS TEN,0.2546,0.0798,0.6656
DIAMONDS EIGHT DIAMONDS FOUR,0.5838,0.0376,0.3786
SPADES FIVE HEARTS KING,0.2596,0.0364,0.704
CLUBS EIGHT CLUBS TWO,0.5642,0.046,0.3898
CLUBS JACK HEARTS KING,0.3288,0.007,0.6642
SPADES ACE HEARTS SIX,0.3708,0.0042,0.625
HEARTS SIX CLUBS FOUR,0.5766,0.0444,0.379
HEARTS KING DIAMONDS SIX,0.376,0.0086,0.6154
HEARTS SEVEN SPADES JACK,0.3476,0.0164,0.636
SPADES QUEEN SPADES SEVEN,0.3416,0.0138,0.6446
HEARTS EIGHT HEARTS THREE,0.5804,0.0418,0.3778
HEARTS SIX SPADES TWO,0.6208,0.0472,0.332
SPADES TEN CLUBS TWO,0.4176,0.0282,0.5542
HEARTS SEVEN CLUBS KING,0.3742,0.0076,0.6182
CLUBS FOUR DIAMONDS FOUR,0.3804,0.0752,0.5444
CLUBS TEN DIAMONDS SEVEN,0.3394,0.0246,0.636
HEARTS FOUR CLUBS KING,0.403,0.0088,0.5882
CLUBS SEVEN SPADES FIVE,0.6368,0.1046,0.2586
CLUBS FIVE CLUBS THREE,0.571,0.112,0.317
SPADES TWO HEARTS NINE,0.3338,0.4482,0.218
CLUBS TWO HEARTS JACK,0.3912,0.023,0.5858
HEARTS SEVEN DIAMONDS EIGHT,0.5298,0.0428,0.4274
DIAMONDS THREE SPADES QUEEN,0.4052,0.014,0.5808
SPADES ACE SPADES FOUR,0.3606,0.0054,0.634
SPADES ACE SPADES TWO,0.3714,0.0052,0.6234
CLUBS NINE HEARTS NINE,0.095,0.0694,0.8356
HEARTS THREE SPADES TWO,0.6036,0.0432,0.3532
CLUBS TEN SPADES NINE,0.2252,0.0692,0.7056
SPADES FIVE HEARTS QUEEN,0.2632,0.0444,0.6924
SPADES EIGHT CLUBS TWO,0.6172,0.0444,0.3384
HEARTS TWO CLUBS ACE,0.4102,0.0044,0.5854
SPADES JACK DIAMONDS FIVE,0.247,0.0572,0.6958
CLUBS SIX CLUBS TWO,0.5622,0.0468,0.391
HEARTS FOUR SPADES TEN,0.4088,0.0244,0.5668
DIAMONDS KING CLUBS THREE,0.3816,0.008,0.6104
SPADES TEN DIAMONDS QUEEN,0.3388,0.0084,0.6528
HEARTS SIX SPADES FIVE,0.618,0.1054,0.2766
SPADES KING DIAMONDS KING,0.1522,0.0128,0.835
CLUBS NINE CLUBS EIGHT,0.2052,0.2078,0.587
HEARTS KING SPADES TWO,0.4026,0.0108,0.5866
SPADES KING DIAMONDS QUEEN,0.3348,0.0078,0.6574
