opposingHand,winningChance,drawChance,lostChance
HEARTS SEVEN SPADES SIX
HEARTS FIVE SPADES TEN,0.427,0.0306,0.5424
SPADES JACK HEARTS FIVE,0.4088,0.0196,0.5716
SPADES FIVE CLUBS JACK,0.428,0.019,0.553
CLUBS TEN SPADES FIVE,0.4198,0.0284,0.5518
CLUBS EIGHT CLUBS JACK,0.3296,0.0148,0.6556
CLUBS TEN CLUBS EIGHT,0.3378,0.0262,0.636
CLUBS EIGHT CLUBS KING,0.3552,0.0068,0.638
SPADES FIVE CLUBS ACE,0.4236,0.0048,0.5716
CLUBS EIGHT CLUBS QUEEN,0.3502,0.009,0.6408
SPADES FIVE CLUBS KING,0.4228,0.0056,0.5716
SPADES FIVE CLUBS QUEEN,0.4136,0.012,0.5744
CLUBS EIGHT CLUBS ACE,0.3474,0.0032,0.6494
DIAMONDS TWO DIAMONDS THREE,0.5274,0.0958,0.3768
DIAMONDS TWO DIAMONDS FIVE,0.5508,0.091,0.3582
SPADES KING HEARTS FIVE,0.413,0.009,0.578
DIAMONDS TWO DIAMONDS FOUR,0.5474,0.0898,0.3628
SPADES QUEEN HEARTS FIVE,0.4276,0.0118,0.5606
DIAMONDS TWO DIAMONDS SEVEN,0.3884,0.3526,0.259
DIAMONDS TWO DIAMONDS SIX,0.539,0.1992,0.2618
SPADES ACE HEARTS FIVE,0.4268,0.004,0.5692
DIAMONDS TWO DIAMONDS NINE,0.4204,0.0394,0.5402
DIAMONDS TWO DIAMONDS EIGHT,0.41,0.063,0.527
DIAMONDS THREE DIAMONDS FOUR,0.5366,0.0954,0.368
SPADES FOUR CLUBS TWO,0.5876,0.0968,0.3156
DIAMONDS THREE DIAMONDS FIVE,0.5442,0.085,0.3708
SPADES FIVE CLUBS TWO,0.5906,0.0934,0.316
CLUBS TWO SPADES TWO,0.4164,0.1068,0.4768
CLUBS TWO SPADES THREE,0.5822,0.0974,0.3204
DIAMONDS THREE DIAMONDS EIGHT,0.4148,0.0648,0.5204
SPADES EIGHT CLUBS TWO,0.4462,0.0588,0.495
DIAMONDS THREE DIAMONDS NINE,0.4048,0.0454,0.5498
SPADES NINE CLUBS TWO,0.4214,0.0432,0.5354
DIAMONDS THREE DIAMONDS SIX,0.5402,0.1794,0.2804
DIAMONDS THREE DIAMONDS SEVEN,0.3874,0.3492,0.2634
SPADES SEVEN CLUBS TWO,0.4102,0.3798,0.21
CLUBS SIX CLUBS TWO,0.5456,0.1872,0.2672
CLUBS SEVEN CLUBS TWO,0.3934,0.35,0.2566
CLUBS FOUR CLUBS TWO,0.5366,0.0942,0.3692
CLUBS FIVE CLUBS TWO,0.5634,0.0884,0.3482
CLUBS TEN CLUBS JACK,0.3268,0.0116,0.6616
DIAMONDS FOUR DIAMONDS SIX,0.5318,0.1864,0.2818
CLUBS TEN CLUBS QUEEN,0.3472,0.0094,0.6434
DIAMONDS FOUR DIAMONDS SEVEN,0.3898,0.3496,0.2606
CLUBS TEN CLUBS KING,0.3358,0.0076,0.6566
CLUBS TEN CLUBS ACE,0.3332,0.0024,0.6644
CLUBS EIGHT CLUBS TWO,0.4164,0.058,0.5256
DIAMONDS FIVE DIAMONDS FOUR,0.54,0.0936,0.3664
CLUBS NINE CLUBS TWO,0.415,0.0354,0.5496
DIAMONDS NINE DIAMONDS FOUR,0.3962,0.046,0.5578
DIAMONDS EIGHT DIAMONDS FOUR,0.3924,0.0632,0.5444
CLUBS THREE CLUBS TWO,0.5524,0.0908,0.3568
DIAMONDS NINE DIAMONDS FIVE,0.3804,0.038,0.5816
DIAMONDS TWO CLUBS JACK,0.4356,0.0178,0.5466
DIAMONDS EIGHT DIAMONDS FIVE,0.381,0.0592,0.5598
CLUBS TEN DIAMONDS TWO,0.4366,0.0292,0.5342
DIAMONDS FIVE DIAMONDS SEVEN,0.3752,0.3598,0.265
DIAMONDS FIVE DIAMONDS SIX,0.5348,0.1874,0.2778
DIAMONDS TWO CLUBS ACE,0.43,0.0028,0.5672
DIAMONDS TWO CLUBS KING,0.442,0.0086,0.5494
DIAMONDS TWO CLUBS QUEEN,0.4362,0.011,0.5528
DIAMONDS EIGHT DIAMONDS SIX,0.2416,0.1402,0.6182
DIAMONDS NINE DIAMONDS SIX,0.2558,0.0922,0.652
HEARTS ACE SPADES THREE,0.431,0.0064,0.5626
SPADES THREE HEARTS KING,0.4264,0.0098,0.5638
DIAMONDS SEVEN DIAMONDS SIX,0.025,0.9054,0.0696
SPADES THREE HEARTS QUEEN,0.4224,0.0116,0.566
SPADES THREE HEARTS JACK,0.4298,0.0194,0.5508
SPADES THREE HEARTS TEN,0.427,0.0272,0.5458
DIAMONDS EIGHT DIAMONDS SEVEN,0.224,0.1362,0.6398
DIAMONDS NINE DIAMONDS SEVEN,0.248,0.1004,0.6516
DIAMONDS NINE DIAMONDS EIGHT,0.3234,0.0324,0.6442
DIAMONDS KING HEARTS TEN,0.355,0.007,0.638
HEARTS THREE HEARTS TEN,0.4204,0.0266,0.553
SPADES JACK CLUBS SIX,0.2854,0.0554,0.6592
DIAMONDS KING HEARTS JACK,0.364,0.005,0.631
HEARTS THREE HEARTS JACK,0.4066,0.0166,0.5768
SPADES TEN CLUBS SIX,0.2784,0.071,0.6506
SPADES JACK SPADES FIVE,0.4044,0.0178,0.5778
SPADES TEN SPADES FIVE,0.3936,0.03,0.5764
DIAMONDS KING HEARTS ACE,0.357,0.004,0.639
HEARTS THREE HEARTS ACE,0.399,0.0028,0.5982
SPADES ACE CLUBS SIX,0.2882,0.0218,0.69
DIAMONDS KING HEARTS QUEEN,0.379,0.0048,0.6162
HEARTS THREE HEARTS QUEEN,0.4094,0.0122,0.5784
SPADES KING CLUBS SIX,0.2922,0.032,0.6758
DIAMONDS KING HEARTS KING,0.1842,0.0146,0.8012
HEARTS THREE HEARTS KING,0.4024,0.0084,0.5892
SPADES QUEEN CLUBS SIX,0.2776,0.0442,0.6782
SPADES NINE HEARTS TEN,0.3482,0.0218,0.63
SPADES NINE HEARTS JACK,0.3524,0.0172,0.6304
SPADES QUEEN SPADES FIVE,0.4026,0.0122,0.5852
SPADES KING SPADES FIVE,0.399,0.008,0.593
SPADES ACE SPADES FIVE,0.3918,0.0064,0.6018
SPADES NINE HEARTS QUEEN,0.3556,0.0114,0.633
SPADES NINE HEARTS KING,0.3802,0.0072,0.6126
SPADES NINE HEARTS ACE,0.3646,0.0048,0.6306
CLUBS TEN SPADES JACK,0.3422,0.0152,0.6426
CLUBS TEN SPADES TEN,0.1794,0.0566,0.764
SPADES ACE CLUBS TEN,0.351,0.0036,0.6454
SPADES KING CLUBS TEN,0.3592,0.0088,0.632
CLUBS TEN SPADES QUEEN,0.3522,0.01,0.6378
SPADES FIVE HEARTS QUEEN,0.4154,0.0128,0.5718
SPADES FIVE HEARTS KING,0.4174,0.0092,0.5734
SPADES FIVE HEARTS ACE,0.4108,0.0058,0.5834
CLUBS EIGHT SPADES TEN,0.3474,0.0224,0.6302
HEARTS THREE SPADES JACK,0.4494,0.018,0.5326
SPADES JACK DIAMONDS KING,0.3642,0.0068,0.629
SPADES TEN DIAMONDS KING,0.3626,0.0074,0.63
HEARTS THREE SPADES TEN,0.435,0.0304,0.5346
SPADES JACK CLUBS EIGHT,0.3572,0.015,0.6278
CLUBS SIX HEARTS ACE,0.2976,0.0228,0.6796
SPADES ACE CLUBS EIGHT,0.3652,0.0038,0.631
HEARTS FIVE CLUBS JACK,0.438,0.0194,0.5426
CLUBS TEN HEARTS FIVE,0.4208,0.0306,0.5486
CLUBS SIX HEARTS QUEEN,0.2808,0.044,0.6752
SPADES QUEEN CLUBS EIGHT,0.3746,0.0114,0.614
CLUBS TEN SPADES THREE,0.4276,0.026,0.5464
CLUBS SIX HEARTS KING,0.294,0.0344,0.6716
SPADES KING CLUBS EIGHT,0.362,0.0056,0.6324
SPADES THREE CLUBS JACK,0.4408,0.0202,0.539
DIAMONDS TWO HEARTS JACK,0.436,0.0164,0.5476
SPADES THREE CLUBS QUEEN,0.441,0.0124,0.5466
DIAMONDS TWO HEARTS TEN,0.4442,0.0262,0.5296
SPADES THREE CLUBS KING,0.4326,0.0066,0.5608
HEARTS FIVE CLUBS ACE,0.416,0.003,0.581
SPADES FIVE HEARTS TEN,0.4366,0.0278,0.5356
SPADES THREE CLUBS ACE,0.4218,0.0056,0.5726
HEARTS FIVE CLUBS KING,0.4256,0.0084,0.566
SPADES FIVE HEARTS JACK,0.4126,0.0176,0.5698
HEARTS FIVE CLUBS QUEEN,0.4308,0.0122,0.557
HEARTS THREE CLUBS KING,0.4426,0.009,0.5484
DIAMONDS KING CLUBS KING,0.203,0.0136,0.7834
HEARTS THREE CLUBS QUEEN,0.438,0.012,0.55
DIAMONDS KING CLUBS QUEEN,0.3652,0.0048,0.63
HEARTS FIVE HEARTS JACK,0.4054,0.0212,0.5734
HEARTS FIVE HEARTS TEN,0.4018,0.0292,0.569
HEARTS THREE CLUBS ACE,0.4118,0.004,0.5842
DIAMONDS KING CLUBS ACE,0.385,0.0028,0.6122
SPADES ACE CLUBS QUEEN,0.3722,0.005,0.6228
SPADES KING CLUBS QUEEN,0.3588,0.0064,0.6348
HEARTS THREE CLUBS JACK,0.4266,0.0188,0.5546
DIAMONDS KING CLUBS JACK,0.3518,0.0062,0.642
SPADES QUEEN CLUBS QUEEN,0.1802,0.0302,0.7896
CLUBS TEN HEARTS THREE,0.446,0.0298,0.5242
CLUBS TEN DIAMONDS KING,0.3658,0.0072,0.627
SPADES JACK CLUBS QUEEN,0.3486,0.0094,0.642
CLUBS SIX CLUBS QUEEN,0.2836,0.0408,0.6756
SPADES TEN CLUBS QUEEN,0.3608,0.0122,0.627
CLUBS SIX CLUBS KING,0.2774,0.0304,0.6922
CLUBS SIX CLUBS ACE,0.2708,0.0206,0.7086
HEARTS FIVE HEARTS KING,0.418,0.0074,0.5746
HEARTS FIVE HEARTS QUEEN,0.4172,0.0112,0.5716
CLUBS TEN CLUBS SIX,0.2652,0.078,0.6568
HEARTS FIVE HEARTS ACE,0.4024,0.0054,0.5922
CLUBS SIX CLUBS JACK,0.274,0.051,0.675
SPADES SEVEN HEARTS JACK,0.2522,0.061,0.6868
SPADES SEVEN HEARTS TEN,0.2616,0.0808,0.6576
DIAMONDS TWO CLUBS TWO,0.399,0.1072,0.4938
DIAMONDS TWO CLUBS THREE,0.5814,0.0918,0.3268
HEARTS SIX DIAMONDS TWO,0.594,0.1996,0.2064
DIAMONDS TWO HEARTS QUEEN,0.4336,0.0116,0.5548
DIAMONDS TWO HEARTS KING,0.4328,0.0082,0.559
DIAMONDS TWO HEARTS EIGHT,0.435,0.0726,0.4924
DIAMONDS TWO HEARTS ACE,0.41,0.0064,0.5836
DIAMONDS TWO HEARTS NINE,0.429,0.0432,0.5278
DIAMONDS TWO DIAMONDS QUEEN,0.4042,0.0078,0.588
DIAMONDS TWO HEARTS TWO,0.3986,0.107,0.4944
DIAMONDS TWO DIAMONDS KING,0.4074,0.0066,0.586
HEARTS THREE DIAMONDS TWO,0.577,0.1,0.323
DIAMONDS TWO DIAMONDS ACE,0.3966,0.0042,0.5992
HEARTS FOUR DIAMONDS TWO,0.5896,0.0944,0.316
DIAMONDS TWO HEARTS FIVE,0.5944,0.0968,0.3088
SPADES SEVEN HEARTS ACE,0.2628,0.0252,0.712
DIAMONDS TWO DIAMONDS TEN,0.4128,0.0258,0.5614
SPADES SEVEN HEARTS KING,0.2684,0.0396,0.692
DIAMONDS TWO DIAMONDS JACK,0.403,0.0176,0.5794
SPADES SEVEN HEARTS QUEEN,0.2782,0.0468,0.675
DIAMONDS TWO SPADES NINE,0.4322,0.0452,0.5226
DIAMONDS TWO SPADES EIGHT,0.436,0.063,0.501
DIAMONDS TWO SPADES SEVEN,0.4104,0.3656,0.224
DIAMONDS TWO SPADES FIVE,0.5848,0.0988,0.3164
DIAMONDS TWO SPADES FOUR,0.5762,0.098,0.3258
DIAMONDS TWO SPADES THREE,0.5778,0.0954,0.3268
DIAMONDS TWO SPADES TWO,0.41,0.1044,0.4856
CLUBS NINE DIAMONDS TWO,0.439,0.0422,0.5188
DIAMONDS TWO CLUBS EIGHT,0.4384,0.063,0.4986
CLUBS SEVEN DIAMONDS TWO,0.4216,0.3738,0.2046
DIAMONDS TWO CLUBS SIX,0.5946,0.1952,0.2102
DIAMONDS TWO CLUBS FIVE,0.577,0.1038,0.3192
DIAMONDS TWO CLUBS FOUR,0.5762,0.0978,0.326
CLUBS FOUR SPADES FIVE,0.5712,0.0958,0.333
CLUBS FOUR SPADES FOUR,0.3828,0.1082,0.509
CLUBS FOUR SPADES THREE,0.567,0.101,0.332
CLUBS FOUR SPADES TWO,0.5938,0.0944,0.3118
SPADES NINE CLUBS FOUR,0.4392,0.039,0.5218
SPADES EIGHT CLUBS FOUR,0.413,0.0678,0.5192
SPADES SEVEN CLUBS FOUR,0.3988,0.3808,0.2204
SPADES ACE DIAMONDS SIX,0.2996,0.0224,0.678
SPADES QUEEN DIAMONDS SIX,0.2834,0.0428,0.6738
SPADES KING DIAMONDS SIX,0.2804,0.0344,0.6852
SPADES TEN DIAMONDS SIX,0.2728,0.0784,0.6488
SPADES JACK DIAMONDS SIX,0.2964,0.0602,0.6434
SPADES QUEEN SPADES TWO,0.423,0.0112,0.5658
SPADES KING SPADES TWO,0.433,0.0088,0.5582
SPADES ACE SPADES TWO,0.4066,0.0042,0.5892
DIAMONDS JACK CLUBS JACK,0.195,0.0422,0.7628
CLUBS TEN DIAMONDS JACK,0.36,0.0116,0.6284
DIAMONDS JACK CLUBS KING,0.3742,0.0066,0.6192
DIAMONDS JACK CLUBS QUEEN,0.354,0.0064,0.6396
DIAMONDS THREE DIAMONDS JACK,0.3994,0.018,0.5826
DIAMONDS THREE DIAMONDS TEN,0.4156,0.0284,0.556
DIAMONDS JACK CLUBS ACE,0.3782,0.0028,0.619
DIAMONDS THREE DIAMONDS KING,0.4018,0.008,0.5902
HEARTS THREE DIAMONDS THREE,0.3968,0.1042,0.499
DIAMONDS THREE DIAMONDS QUEEN,0.409,0.0122,0.5788
DIAMONDS THREE HEARTS TWO,0.5748,0.103,0.3222
HEARTS FIVE DIAMONDS THREE,0.5898,0.0968,0.3134
DIAMONDS THREE DIAMONDS ACE,0.3944,0.0046,0.601
HEARTS FOUR DIAMONDS THREE,0.575,0.0958,0.3292
SPADES TEN SPADES NINE,0.3314,0.021,0.6476
HEARTS SIX DIAMONDS THREE,0.581,0.1928,0.2262
SPADES JACK SPADES NINE,0.3336,0.0162,0.6502
DIAMONDS THREE HEARTS NINE,0.4224,0.0488,0.5288
HEARTS JACK DIAMONDS FOUR,0.4196,0.0216,0.5588
HEARTS ACE HEARTS KING,0.3556,0.0056,0.6388
SPADES TEN SPADES TWO,0.4252,0.0268,0.548
DIAMONDS THREE HEARTS EIGHT,0.4252,0.0602,0.5146
HEARTS TEN DIAMONDS FOUR,0.423,0.03,0.547
SPADES JACK SPADES TWO,0.42,0.0134,0.5666
HEARTS QUEEN DIAMONDS FOUR,0.4198,0.0126,0.5676
HEARTS KING DIAMONDS FOUR,0.4132,0.009,0.5778
SPADES ACE SPADES NINE,0.3448,0.0046,0.6506
HEARTS ACE DIAMONDS FOUR,0.4186,0.0038,0.5776
SPADES KING SPADES NINE,0.3622,0.0058,0.632
SPADES QUEEN SPADES NINE,0.3486,0.0094,0.642
DIAMONDS THREE SPADES NINE,0.4276,0.0472,0.5252
DIAMONDS THREE SPADES EIGHT,0.4268,0.0616,0.5116
DIAMONDS THREE SPADES SEVEN,0.4074,0.3778,0.2148
DIAMONDS THREE CLUBS SIX,0.5798,0.1882,0.232
CLUBS FIVE CLUBS SIX,0.533,0.1824,0.2846
CLUBS ACE DIAMONDS FOUR,0.4292,0.0022,0.5686
CLUBS SEVEN DIAMONDS THREE,0.4226,0.3606,0.2168
CLUBS SEVEN CLUBS FIVE,0.375,0.3552,0.2698
DIAMONDS THREE CLUBS FOUR,0.5832,0.0914,0.3254
DIAMONDS FOUR CLUBS QUEEN,0.43,0.0128,0.5572
DIAMONDS THREE CLUBS FIVE,0.5752,0.0958,0.329
CLUBS KING DIAMONDS FOUR,0.4212,0.0088,0.57
DIAMONDS THREE CLUBS TWO,0.5768,0.0976,0.3256
CLUBS TEN DIAMONDS FOUR,0.4314,0.026,0.5426
DIAMONDS THREE CLUBS THREE,0.3898,0.1088,0.5014
DIAMONDS FOUR CLUBS JACK,0.4278,0.0178,0.5544
DIAMONDS THREE SPADES FOUR,0.568,0.1008,0.3312
DIAMONDS THREE SPADES FIVE,0.5666,0.1044,0.329
DIAMONDS THREE SPADES TWO,0.5814,0.0952,0.3234
DIAMONDS THREE SPADES THREE,0.3962,0.1012,0.5026
CLUBS EIGHT DIAMONDS THREE,0.4338,0.056,0.5102
CLUBS NINE DIAMONDS THREE,0.443,0.0412,0.5158
SPADES SEVEN CLUBS ACE,0.2692,0.0214,0.7094
SPADES SEVEN CLUBS QUEEN,0.283,0.0406,0.6764
SPADES SEVEN CLUBS KING,0.2742,0.0406,0.6852
CLUBS FIVE SPADES SEVEN,0.3916,0.3934,0.215
CLUBS TEN SPADES SEVEN,0.2688,0.0832,0.648
SPADES SEVEN CLUBS JACK,0.2644,0.0602,0.6754
CLUBS FIVE SPADES NINE,0.4128,0.0442,0.543
CLUBS FIVE SPADES EIGHT,0.394,0.0624,0.5436
CLUBS FIVE SPADES THREE,0.5894,0.0932,0.3174
CLUBS FIVE SPADES TWO,0.5822,0.107,0.3108
CLUBS FIVE SPADES FIVE,0.368,0.1092,0.5228
CLUBS FIVE SPADES FOUR,0.5616,0.098,0.3404
CLUBS NINE CLUBS FIVE,0.3948,0.0418,0.5634
CLUBS EIGHT CLUBS FIVE,0.3844,0.0602,0.5554
CLUBS ACE CLUBS QUEEN,0.3454,0.003,0.6516
CLUBS KING CLUBS QUEEN,0.3382,0.0044,0.6574
DIAMONDS TEN DIAMONDS FOUR,0.403,0.0258,0.5712
CLUBS TEN DIAMONDS NINE,0.345,0.0232,0.6318
DIAMONDS JACK DIAMONDS FOUR,0.4036,0.0194,0.577
DIAMONDS NINE CLUBS JACK,0.3568,0.0206,0.6226
SPADES NINE CLUBS JACK,0.3666,0.0144,0.619
CLUBS TEN SPADES NINE,0.3516,0.0204,0.628
DIAMONDS ACE DIAMONDS FOUR,0.3946,0.0038,0.6016
HEARTS FOUR DIAMONDS FOUR,0.3954,0.1072,0.4974
DIAMONDS JACK HEARTS TEN,0.3518,0.0134,0.6348
SPADES NINE CLUBS KING,0.3732,0.0052,0.6216
DIAMONDS TWO SPADES TEN,0.441,0.0254,0.5336
DIAMONDS NINE CLUBS ACE,0.3676,0.0044,0.628
HEARTS FIVE DIAMONDS FOUR,0.5576,0.1032,0.3392
DIAMONDS JACK HEARTS JACK,0.1738,0.047,0.7792
SPADES NINE CLUBS QUEEN,0.3662,0.0118,0.622
DIAMONDS TWO SPADES JACK,0.4376,0.0186,0.5438
DIAMONDS QUEEN DIAMONDS FOUR,0.407,0.0096,0.5834
HEARTS TWO DIAMONDS FOUR,0.5852,0.0966,0.3182
DIAMONDS NINE CLUBS QUEEN,0.374,0.0118,0.6142
DIAMONDS KING DIAMONDS FOUR,0.4088,0.005,0.5862
HEARTS THREE DIAMONDS FOUR,0.5696,0.1028,0.3276
SPADES NINE CLUBS ACE,0.362,0.0034,0.6346
DIAMONDS NINE CLUBS KING,0.37,0.006,0.624
HEARTS ACE DIAMONDS JACK,0.3602,0.0046,0.6352
SPADES ACE DIAMONDS TWO,0.4252,0.0048,0.57
HEARTS QUEEN DIAMONDS JACK,0.3472,0.0102,0.6426
SPADES QUEEN DIAMONDS TWO,0.4362,0.0122,0.5516
DIAMONDS JACK HEARTS KING,0.3512,0.007,0.6418
SPADES KING DIAMONDS TWO,0.4318,0.0088,0.5594
SPADES JACK SPADES SEVEN,0.2602,0.063,0.6768
SPADES TEN SPADES SEVEN,0.267,0.079,0.654
CLUBS SEVEN CLUBS THREE,0.3912,0.3544,0.2544
CLUBS SIX CLUBS THREE,0.5376,0.1864,0.276
CLUBS FIVE CLUBS THREE,0.5482,0.0918,0.36
CLUBS THREE CLUBS FOUR,0.5376,0.0834,0.379
CLUBS NINE CLUBS THREE,0.4074,0.0416,0.551
CLUBS EIGHT CLUBS THREE,0.4156,0.0606,0.5238
CLUBS THREE SPADES FIVE,0.575,0.0996,0.3254
CLUBS THREE SPADES FOUR,0.5668,0.0996,0.3336
CLUBS THREE SPADES THREE,0.3998,0.106,0.4942
CLUBS THREE SPADES TWO,0.583,0.0952,0.3218
CLUBS THREE SPADES SEVEN,0.3922,0.38,0.2278
SPADES EIGHT CLUBS THREE,0.4298,0.0646,0.5056
SPADES NINE CLUBS THREE,0.4224,0.041,0.5366
SPADES TWO DIAMONDS FOUR,0.597,0.092,0.311
SPADES THREE DIAMONDS FOUR,0.567,0.098,0.335
SPADES FOUR DIAMONDS FOUR,0.3918,0.1032,0.505
SPADES FIVE DIAMONDS FOUR,0.5654,0.0994,0.3352
SPADES SEVEN DIAMONDS FOUR,0.4052,0.3648,0.23
SPADES EIGHT DIAMONDS FOUR,0.4142,0.0612,0.5246
SPADES NINE DIAMONDS FOUR,0.434,0.043,0.523
CLUBS FIVE DIAMONDS FOUR,0.5574,0.0862,0.3564
CLUBS FOUR DIAMONDS FOUR,0.3828,0.1014,0.5158
CLUBS SEVEN DIAMONDS FOUR,0.414,0.3754,0.2106
CLUBS SIX DIAMONDS FOUR,0.562,0.1926,0.2454
CLUBS NINE DIAMONDS FOUR,0.4178,0.0412,0.541
CLUBS EIGHT DIAMONDS FOUR,0.4284,0.0604,0.5112
HEARTS SIX DIAMONDS FOUR,0.5758,0.1872,0.237
DIAMONDS FOUR HEARTS NINE,0.425,0.0414,0.5336
DIAMONDS FOUR HEARTS EIGHT,0.4186,0.0718,0.5096
CLUBS THREE DIAMONDS FOUR,0.557,0.0972,0.3458
CLUBS TWO DIAMONDS FOUR,0.5866,0.0946,0.3188
DIAMONDS TEN DIAMONDS FIVE,0.3982,0.0286,0.5732
DIAMONDS JACK DIAMONDS FIVE,0.3934,0.0176,0.589
DIAMONDS NINE HEARTS QUEEN,0.3664,0.0102,0.6234
DIAMONDS NINE HEARTS KING,0.369,0.0068,0.6242
HEARTS ACE DIAMONDS NINE,0.3766,0.0024,0.621
DIAMONDS NINE HEARTS TEN,0.3454,0.029,0.6256
DIAMONDS NINE HEARTS JACK,0.3642,0.0144,0.6214
CLUBS KING DIAMONDS SIX,0.2904,0.0374,0.6722
CLUBS QUEEN DIAMONDS SIX,0.2944,0.0452,0.6604
CLUBS ACE DIAMONDS SIX,0.2854,0.018,0.6966
SPADES KING DIAMONDS FOUR,0.4384,0.0088,0.5528
SPADES ACE SPADES SEVEN,0.2572,0.0262,0.7166
SPADES QUEEN DIAMONDS FOUR,0.4188,0.0114,0.5698
SPADES QUEEN SPADES SEVEN,0.266,0.046,0.688
CLUBS JACK DIAMONDS SIX,0.3008,0.0522,0.647
SPADES KING SPADES SEVEN,0.2768,0.0354,0.6878
SPADES ACE DIAMONDS FOUR,0.4318,0.0046,0.5636
CLUBS TEN DIAMONDS SIX,0.2884,0.0696,0.642
CLUBS NINE CLUBS FOUR,0.402,0.0416,0.5564
CLUBS EIGHT CLUBS FOUR,0.391,0.0542,0.5548
SPADES JACK DIAMONDS FOUR,0.43,0.02,0.55
SPADES TEN DIAMONDS FOUR,0.4252,0.0268,0.548
CLUBS FIVE CLUBS FOUR,0.5336,0.089,0.3774
CLUBS SEVEN CLUBS FOUR,0.382,0.3552,0.2628
CLUBS SIX CLUBS FOUR,0.5386,0.1788,0.2826
CLUBS SEVEN SPADES EIGHT,0.2374,0.145,0.6176
CLUBS SEVEN SPADES NINE,0.2464,0.1076,0.646
CLUBS SEVEN SPADES SEVEN,0.1354,0.1012,0.7634
CLUBS SEVEN SPADES FIVE,0.3968,0.3774,0.2258
CLUBS SEVEN SPADES FOUR,0.4138,0.3696,0.2166
CLUBS SEVEN SPADES THREE,0.4148,0.3722,0.213
CLUBS SEVEN SPADES TWO,0.4198,0.372,0.2082
CLUBS NINE CLUBS SEVEN,0.2466,0.0996,0.6538
CLUBS SEVEN CLUBS EIGHT,0.2298,0.1324,0.6378
HEARTS SIX DIAMONDS FIVE,0.5716,0.1972,0.2312
DIAMONDS FIVE HEARTS EIGHT,0.4084,0.0608,0.5308
DIAMONDS FIVE HEARTS NINE,0.4192,0.0458,0.535
DIAMONDS QUEEN DIAMONDS FIVE,0.403,0.0096,0.5874
HEARTS TWO DIAMONDS FIVE,0.5888,0.089,0.3222
HEARTS KING HEARTS EIGHT,0.3586,0.007,0.6344
DIAMONDS KING DIAMONDS FIVE,0.3948,0.0066,0.5986
HEARTS THREE DIAMONDS FIVE,0.5954,0.0898,0.3148
HEARTS QUEEN HEARTS EIGHT,0.3516,0.0138,0.6346
DIAMONDS ACE DIAMONDS FIVE,0.3888,0.005,0.6062
HEARTS FOUR DIAMONDS FIVE,0.576,0.092,0.332
HEARTS FIVE DIAMONDS FIVE,0.3824,0.1066,0.511
HEARTS ACE HEARTS EIGHT,0.3582,0.0044,0.6374
CLUBS FOUR DIAMONDS FIVE,0.5452,0.0918,0.363
CLUBS FIVE DIAMONDS FIVE,0.377,0.1056,0.5174
CLUBS SIX DIAMONDS FIVE,0.5616,0.203,0.2354
CLUBS SEVEN DIAMONDS FIVE,0.3972,0.3752,0.2276
CLUBS TWO DIAMONDS FIVE,0.5782,0.1048,0.317
CLUBS THREE DIAMONDS FIVE,0.5734,0.0978,0.3288
SPADES THREE DIAMONDS FIVE,0.5798,0.0976,0.3226
SPADES TWO DIAMONDS FIVE,0.5744,0.1066,0.319
SPADES JACK DIAMONDS EIGHT,0.3678,0.0134,0.6188
SPADES FIVE DIAMONDS FIVE,0.3874,0.1012,0.5114
CLUBS TEN HEARTS JACK,0.3364,0.0162,0.6474
SPADES TEN DIAMONDS EIGHT,0.3556,0.0262,0.6182
SPADES FOUR DIAMONDS FIVE,0.5676,0.1026,0.3298
HEARTS JACK CLUBS JACK,0.1762,0.042,0.7818
HEARTS JACK CLUBS QUEEN,0.3498,0.0072,0.643
CLUBS NINE DIAMONDS FIVE,0.4202,0.0432,0.5366
CLUBS KING HEARTS JACK,0.3676,0.0056,0.6268
CLUBS EIGHT DIAMONDS FIVE,0.3994,0.0622,0.5384
CLUBS ACE HEARTS JACK,0.3696,0.0024,0.628
SPADES SEVEN DIAMONDS FIVE,0.3994,0.3772,0.2234
SPADES KING DIAMONDS EIGHT,0.3638,0.0074,0.6288
SPADES QUEEN DIAMONDS EIGHT,0.362,0.0112,0.6268
SPADES NINE DIAMONDS FIVE,0.4188,0.0428,0.5384
SPADES EIGHT DIAMONDS FIVE,0.4002,0.066,0.5338
SPADES ACE DIAMONDS EIGHT,0.3682,0.005,0.6268
DIAMONDS TEN DIAMONDS SIX,0.254,0.0728,0.6732
HEARTS ACE DIAMONDS SEVEN,0.2714,0.0246,0.704
DIAMONDS JACK DIAMONDS SIX,0.278,0.0578,0.6642
HEARTS QUEEN DIAMONDS SEVEN,0.27,0.0476,0.6824
HEARTS KING DIAMONDS SEVEN,0.2858,0.0398,0.6744
DIAMONDS ACE DIAMONDS SIX,0.2774,0.0164,0.7062
HEARTS FOUR DIAMONDS SIX,0.5732,0.1962,0.2306
SPADES TWO HEARTS JACK,0.4394,0.0208,0.5398
HEARTS FIVE DIAMONDS SIX,0.5686,0.1958,0.2356
SPADES TWO HEARTS TEN,0.436,0.0332,0.5308
DIAMONDS QUEEN DIAMONDS SIX,0.2798,0.046,0.6742
HEARTS TWO DIAMONDS SIX,0.5976,0.195,0.2074
DIAMONDS KING DIAMONDS SIX,0.274,0.0318,0.6942
HEARTS THREE DIAMONDS SIX,0.5944,0.1896,0.216
HEARTS EIGHT DIAMONDS SIX,0.254,0.135,0.611
HEARTS NINE DIAMONDS SIX,0.2612,0.1046,0.6342
HEARTS SIX DIAMONDS SIX,0.3018,0.0868,0.6114
HEARTS TEN DIAMONDS SEVEN,0.258,0.0756,0.6664
CLUBS TWO DIAMONDS SIX,0.6002,0.187,0.2128
HEARTS JACK DIAMONDS SEVEN,0.2738,0.059,0.6672
CLUBS THREE DIAMONDS SIX,0.5776,0.1956,0.2268
CLUBS SEVEN DIAMONDS SIX,0.0224,0.953,0.0246
DIAMONDS EIGHT CLUBS JACK,0.3682,0.015,0.6168
CLUBS SIX DIAMONDS SIX,0.3006,0.0872,0.6122
CLUBS TEN DIAMONDS EIGHT,0.3492,0.0256,0.6252
CLUBS FIVE DIAMONDS SIX,0.5538,0.1956,0.2506
CLUBS FOUR DIAMONDS SIX,0.5652,0.1956,0.2392
HEARTS ACE HEARTS JACK,0.3444,0.0038,0.6518
DIAMONDS EIGHT CLUBS ACE,0.3624,0.0048,0.6328
HEARTS QUEEN HEARTS JACK,0.34,0.01,0.65
DIAMONDS EIGHT CLUBS KING,0.3686,0.0062,0.6252
CLUBS NINE DIAMONDS SIX,0.2682,0.0992,0.6326
HEARTS KING HEARTS JACK,0.3572,0.007,0.6358
DIAMONDS EIGHT CLUBS QUEEN,0.3836,0.0106,0.6058
CLUBS EIGHT DIAMONDS SIX,0.2574,0.1342,0.6084
SPADES TEN HEARTS KING,0.3636,0.0092,0.6272
SPADES FIVE DIAMONDS SIX,0.5672,0.1898,0.243
HEARTS ACE SPADES TWO,0.432,0.0068,0.5612
SPADES JACK HEARTS KING,0.3584,0.0036,0.638
SPADES FOUR DIAMONDS SIX,0.5762,0.1912,0.2326
SPADES THREE DIAMONDS SIX,0.5836,0.195,0.2214
HEARTS QUEEN SPADES TWO,0.4372,0.0112,0.5516
SPADES ACE SPADES KING,0.3422,0.0052,0.6526
SPADES TWO HEARTS KING,0.435,0.0102,0.5548
SPADES TWO DIAMONDS SIX,0.582,0.2108,0.2072
HEARTS TEN HEARTS EIGHT,0.3336,0.0274,0.639
SPADES NINE DIAMONDS SIX,0.2618,0.104,0.6342
HEARTS JACK HEARTS EIGHT,0.3454,0.0188,0.6358
SPADES EIGHT DIAMONDS SIX,0.2528,0.1418,0.6054
SPADES SEVEN DIAMONDS SIX,0.013,0.9698,0.0172
SPADES KING HEARTS KING,0.1882,0.0144,0.7974
SPADES QUEEN HEARTS KING,0.3572,0.007,0.6358
CLUBS ACE CLUBS KING,0.3418,0.0054,0.6528
SPADES ACE HEARTS KING,0.3556,0.0048,0.6396
SPADES ACE HEARTS JACK,0.3506,0.0052,0.6442
SPADES QUEEN HEARTS JACK,0.3438,0.0098,0.6464
SPADES KING HEARTS JACK,0.3612,0.0056,0.6332
SPADES TEN DIAMONDS TEN,0.1784,0.0586,0.763
SPADES JACK DIAMONDS TEN,0.346,0.015,0.639
SPADES ACE DIAMONDS TEN,0.3672,0.003,0.6298
SPADES JACK HEARTS JACK,0.1808,0.0476,0.7716
SPADES TEN HEARTS JACK,0.3368,0.0116,0.6516
SPADES QUEEN DIAMONDS TEN,0.361,0.0102,0.6288
SPADES KING DIAMONDS TEN,0.366,0.006,0.628
SPADES NINE DIAMONDS SEVEN,0.2592,0.1034,0.6374
SPADES EIGHT DIAMONDS SEVEN,0.2408,0.1444,0.6148
SPADES SEVEN DIAMONDS SEVEN,0.1298,0.0924,0.7778
DIAMONDS KING DIAMONDS SEVEN,0.2678,0.0316,0.7006
HEARTS THREE DIAMONDS SEVEN,0.4186,0.3702,0.2112
HEARTS KING DIAMONDS FIVE,0.4148,0.0064,0.5788
DIAMONDS QUEEN DIAMONDS SEVEN,0.2764,0.043,0.6806
HEARTS TWO DIAMONDS SEVEN,0.4136,0.3828,0.2036
HEARTS QUEEN DIAMONDS FIVE,0.4206,0.0106,0.5688
HEARTS FIVE DIAMONDS SEVEN,0.3952,0.3882,0.2166
DIAMONDS ACE DIAMONDS SEVEN,0.268,0.0268,0.7052
HEARTS FOUR DIAMONDS SEVEN,0.4014,0.3842,0.2144
HEARTS ACE DIAMONDS FIVE,0.405,0.0046,0.5904
HEARTS SIX DIAMONDS SEVEN,0.0152,0.9728,0.012
DIAMONDS SEVEN HEARTS NINE,0.2432,0.1046,0.6522
HEARTS EIGHT DIAMONDS SEVEN,0.2388,0.1358,0.6254
DIAMONDS JACK DIAMONDS SEVEN,0.2606,0.06,0.6794
DIAMONDS FIVE HEARTS JACK,0.4304,0.0156,0.554
DIAMONDS TEN DIAMONDS SEVEN,0.2588,0.076,0.6652
HEARTS TEN DIAMONDS FIVE,0.4174,0.0298,0.5528
SPADES KING CLUBS TWO,0.4338,0.0084,0.5578
HEARTS KING CLUBS KING,0.1914,0.014,0.7946
CLUBS EIGHT DIAMONDS SEVEN,0.2506,0.1378,0.6116
SPADES QUEEN CLUBS TWO,0.4448,0.0126,0.5426
HEARTS KING CLUBS QUEEN,0.3636,0.0044,0.632
CLUBS NINE DIAMONDS SEVEN,0.2656,0.097,0.6374
SPADES TWO CLUBS JACK,0.4404,0.0202,0.5394
SPADES ACE CLUBS TWO,0.4186,0.005,0.5764
CLUBS TEN SPADES TWO,0.4446,0.0284,0.527
HEARTS KING CLUBS ACE,0.3724,0.0036,0.624
CLUBS SEVEN CLUBS SIX,0.0246,0.9014,0.074
SPADES TWO CLUBS KING,0.4438,0.0076,0.5486
SPADES TWO DIAMONDS SEVEN,0.425,0.3756,0.1994
CLUBS EIGHT CLUBS SIX,0.2246,0.137,0.6384
SPADES THREE DIAMONDS SEVEN,0.4358,0.361,0.2032
SPADES TWO CLUBS QUEEN,0.4472,0.0104,0.5424
CLUBS NINE CLUBS SIX,0.2536,0.0932,0.6532
SPADES FOUR DIAMONDS SEVEN,0.4134,0.3722,0.2144
HEARTS KING CLUBS JACK,0.373,0.007,0.62
SPADES FIVE DIAMONDS SEVEN,0.4078,0.3754,0.2168
SPADES TWO CLUBS ACE,0.4296,0.004,0.5664
CLUBS TEN HEARTS KING,0.3648,0.0078,0.6274
CLUBS SIX SPADES TWO,0.5968,0.196,0.2072
CLUBS SIX SPADES THREE,0.565,0.2032,0.2318
CLUBS TWO DIAMONDS SEVEN,0.4172,0.371,0.2118
CLUBS SIX SPADES FOUR,0.5738,0.2022,0.224
CLUBS THREE DIAMONDS SEVEN,0.4174,0.3618,0.2208
CLUBS SIX SPADES FIVE,0.5594,0.2006,0.24
CLUBS FOUR DIAMONDS SEVEN,0.4112,0.3596,0.2292
CLUBS FIVE DIAMONDS SEVEN,0.379,0.3882,0.2328
CLUBS SIX SPADES SEVEN,0.01,0.9712,0.0188
CLUBS SIX DIAMONDS SEVEN,0.0206,0.9562,0.0232
CLUBS SIX SPADES EIGHT,0.2424,0.146,0.6116
SPADES JACK CLUBS TWO,0.4348,0.0162,0.549
CLUBS SEVEN DIAMONDS SEVEN,0.1296,0.097,0.7734
SPADES NINE CLUBS SIX,0.2616,0.1054,0.633
SPADES TEN CLUBS TWO,0.4316,0.0288,0.5396
CLUBS TWO CLUBS QUEEN,0.4208,0.0104,0.5688
CLUBS TWO CLUBS KING,0.394,0.0072,0.5988
CLUBS THREE DIAMONDS EIGHT,0.4288,0.0686,0.5026
CLUBS TWO CLUBS ACE,0.404,0.0044,0.5916
CLUBS TWO DIAMONDS EIGHT,0.4354,0.067,0.4976
HEARTS SIX DIAMONDS EIGHT,0.2606,0.1376,0.6018
DIAMONDS EIGHT HEARTS NINE,0.3318,0.037,0.6312
CLUBS TEN CLUBS TWO,0.4142,0.025,0.5608
DIAMONDS EIGHT HEARTS EIGHT,0.1574,0.079,0.7636
CLUBS TWO CLUBS JACK,0.4148,0.0194,0.5658
CLUBS NINE DIAMONDS EIGHT,0.3288,0.0356,0.6356
CLUBS EIGHT DIAMONDS EIGHT,0.1664,0.0758,0.7578
CLUBS FIVE DIAMONDS EIGHT,0.4102,0.0574,0.5324
SPADES ACE SPADES THREE,0.4014,0.0056,0.593
CLUBS FOUR DIAMONDS EIGHT,0.4186,0.0678,0.5136
CLUBS SEVEN DIAMONDS EIGHT,0.2434,0.1508,0.6058
SPADES QUEEN SPADES THREE,0.4068,0.0142,0.579
CLUBS SIX DIAMONDS EIGHT,0.2526,0.1442,0.6032
SPADES KING SPADES THREE,0.4164,0.0094,0.5742
DIAMONDS QUEEN DIAMONDS EIGHT,0.3518,0.0116,0.6366
HEARTS TWO DIAMONDS EIGHT,0.4544,0.0596,0.486
DIAMONDS KING DIAMONDS EIGHT,0.3538,0.0092,0.637
HEARTS THREE DIAMONDS EIGHT,0.422,0.0708,0.5072
DIAMONDS ACE DIAMONDS EIGHT,0.3488,0.0022,0.649
HEARTS FOUR DIAMONDS EIGHT,0.42,0.0636,0.5164
HEARTS FIVE DIAMONDS EIGHT,0.4184,0.0614,0.5202
DIAMONDS EIGHT DIAMONDS TEN,0.3366,0.0232,0.6402
DIAMONDS EIGHT DIAMONDS JACK,0.3426,0.0176,0.6398
SPADES JACK SPADES THREE,0.418,0.0222,0.5598
SPADES TEN SPADES THREE,0.4138,0.0256,0.5606
CLUBS FOUR HEARTS ACE,0.4204,0.0032,0.5764
CLUBS FOUR HEARTS QUEEN,0.4258,0.0128,0.5614
CLUBS FOUR HEARTS KING,0.4312,0.0078,0.561
CLUBS SIX HEARTS TEN,0.2724,0.067,0.6606
CLUBS SIX HEARTS JACK,0.2886,0.0562,0.6552
SPADES FOUR DIAMONDS EIGHT,0.4304,0.0616,0.508
SPADES FIVE DIAMONDS EIGHT,0.4138,0.0648,0.5214
DIAMONDS EIGHT SPADES TWO,0.4568,0.06,0.4832
DIAMONDS EIGHT SPADES THREE,0.4344,0.069,0.4966
CLUBS FOUR HEARTS JACK,0.4168,0.019,0.5642
SPADES EIGHT DIAMONDS EIGHT,0.1474,0.0814,0.7712
SPADES TEN DIAMONDS QUEEN,0.3508,0.0084,0.6408
SPADES TEN HEARTS TWO,0.445,0.0304,0.5246
SPADES JACK HEARTS EIGHT,0.3464,0.0212,0.6324
CLUBS FOUR HEARTS TEN,0.4278,0.0296,0.5426
SPADES NINE DIAMONDS EIGHT,0.332,0.0376,0.6304
SPADES TEN HEARTS EIGHT,0.3528,0.0224,0.6248
SPADES JACK HEARTS TWO,0.4388,0.0198,0.5414
SPADES JACK DIAMONDS QUEEN,0.3408,0.0116,0.6476
SPADES SEVEN DIAMONDS EIGHT,0.2312,0.1502,0.6186
SPADES ACE HEARTS TWO,0.4262,0.0054,0.5684
SPADES ACE DIAMONDS QUEEN,0.3666,0.0038,0.6296
SPADES ACE HEARTS EIGHT,0.3564,0.0066,0.637
SPADES KING HEARTS EIGHT,0.3736,0.0086,0.6178
SPADES QUEEN HEARTS TWO,0.4332,0.0138,0.553
SPADES QUEEN DIAMONDS QUEEN,0.1902,0.033,0.7768
SPADES KING DIAMONDS QUEEN,0.361,0.0058,0.6332
SPADES KING HEARTS TWO,0.4404,0.0072,0.5524
SPADES QUEEN HEARTS EIGHT,0.3562,0.0122,0.6316
CLUBS TWO HEARTS TEN,0.4212,0.0258,0.553
CLUBS TWO HEARTS JACK,0.437,0.019,0.544
SPADES SEVEN DIAMONDS NINE,0.2438,0.106,0.6502
SPADES NINE DIAMONDS NINE,0.1596,0.0692,0.7712
SPADES EIGHT DIAMONDS NINE,0.3336,0.0398,0.6266
SPADES TEN CLUBS KING,0.3682,0.0058,0.626
DIAMONDS NINE SPADES THREE,0.43,0.047,0.523
SPADES JACK CLUBS KING,0.3778,0.0066,0.6156
DIAMONDS NINE SPADES TWO,0.44,0.0442,0.5158
SPADES FIVE DIAMONDS NINE,0.4166,0.04,0.5434
DIAMONDS NINE SPADES FOUR,0.4228,0.042,0.5352
CLUBS NINE DIAMONDS NINE,0.1816,0.061,0.7574
CLUBS EIGHT DIAMONDS NINE,0.3586,0.035,0.6064
CLUBS SIX DIAMONDS NINE,0.261,0.0956,0.6434
SPADES JACK CLUBS FOUR,0.4096,0.0258,0.5646
CLUBS SEVEN DIAMONDS NINE,0.2648,0.1062,0.629
SPADES TEN CLUBS FOUR,0.4272,0.0318,0.541
CLUBS FOUR DIAMONDS NINE,0.4334,0.0442,0.5224
CLUBS FIVE DIAMONDS NINE,0.4242,0.0388,0.537
DIAMONDS NINE CLUBS TWO,0.432,0.0482,0.5198
CLUBS THREE DIAMONDS NINE,0.4266,0.0394,0.534
DIAMONDS NINE HEARTS EIGHT,0.3344,0.0384,0.6272
DIAMONDS NINE HEARTS NINE,0.1656,0.0662,0.7682
HEARTS SIX DIAMONDS NINE,0.2638,0.102,0.6342
CLUBS NINE CLUBS EIGHT,0.3212,0.0366,0.6422
DIAMONDS ACE DIAMONDS NINE,0.3576,0.0046,0.6378
HEARTS FOUR DIAMONDS NINE,0.4322,0.0422,0.5256
HEARTS FIVE DIAMONDS NINE,0.4078,0.0422,0.55
HEARTS ACE CLUBS TWO,0.4124,0.004,0.5836
SPADES ACE CLUBS FOUR,0.4098,0.0042,0.586
DIAMONDS QUEEN DIAMONDS NINE,0.343,0.0104,0.6466
HEARTS TWO DIAMONDS NINE,0.4516,0.0448,0.5036
CLUBS TWO HEARTS KING,0.442,0.0102,0.5478
SPADES KING CLUBS FOUR,0.4236,0.0094,0.567
DIAMONDS KING DIAMONDS NINE,0.3478,0.0042,0.648
HEARTS THREE DIAMONDS NINE,0.4296,0.0436,0.5268
CLUBS TWO HEARTS QUEEN,0.4344,0.0134,0.5522
SPADES QUEEN CLUBS FOUR,0.437,0.0138,0.5492
DIAMONDS NINE DIAMONDS JACK,0.3374,0.0164,0.6462
CLUBS EIGHT SPADES NINE,0.3422,0.0358,0.622
DIAMONDS NINE DIAMONDS TEN,0.336,0.0212,0.6428
CLUBS EIGHT SPADES EIGHT,0.1564,0.0776,0.766
CLUBS EIGHT SPADES SEVEN,0.2314,0.1492,0.6194
CLUBS EIGHT SPADES FIVE,0.401,0.0594,0.5396
CLUBS EIGHT SPADES FOUR,0.42,0.0688,0.5112
CLUBS EIGHT SPADES THREE,0.4436,0.064,0.4924
CLUBS EIGHT SPADES TWO,0.4416,0.0594,0.499
HEARTS SIX DIAMONDS TEN,0.2866,0.0732,0.6402
DIAMONDS TEN HEARTS EIGHT,0.35,0.0252,0.6248
CLUBS FOUR CLUBS JACK,0.4044,0.0158,0.5798
DIAMONDS TEN HEARTS NINE,0.3546,0.0196,0.6258
CLUBS TEN CLUBS FOUR,0.412,0.0252,0.5628
CLUBS FOUR CLUBS KING,0.4068,0.006,0.5872
CLUBS FOUR CLUBS QUEEN,0.3988,0.0114,0.5898
CLUBS TWO DIAMONDS TEN,0.4384,0.0254,0.5362
CLUBS THREE DIAMONDS TEN,0.4316,0.0302,0.5382
CLUBS FOUR CLUBS ACE,0.3862,0.0054,0.6084
DIAMONDS JACK DIAMONDS TEN,0.328,0.0138,0.6582
DIAMONDS QUEEN DIAMONDS TEN,0.3398,0.0114,0.6488
HEARTS TWO DIAMONDS TEN,0.445,0.0296,0.5254
DIAMONDS KING DIAMONDS TEN,0.3418,0.0072,0.651
HEARTS THREE DIAMONDS TEN,0.434,0.0284,0.5376
DIAMONDS ACE DIAMONDS TEN,0.3454,0.0054,0.6492
HEARTS FOUR DIAMONDS TEN,0.4374,0.0284,0.5342
CLUBS EIGHT HEARTS JACK,0.3696,0.0156,0.6148
HEARTS FIVE DIAMONDS TEN,0.432,0.027,0.541
CLUBS EIGHT HEARTS TEN,0.3378,0.0284,0.6338
CLUBS EIGHT HEARTS QUEEN,0.369,0.0102,0.6208
CLUBS EIGHT HEARTS KING,0.3752,0.0062,0.6186
CLUBS EIGHT HEARTS ACE,0.364,0.0028,0.6332
CLUBS NINE SPADES THREE,0.425,0.045,0.53
CLUBS NINE SPADES TWO,0.45,0.0384,0.5116
CLUBS NINE SPADES FIVE,0.4144,0.0432,0.5424
CLUBS NINE SPADES FOUR,0.4452,0.0456,0.5092
CLUBS NINE SPADES SEVEN,0.247,0.1068,0.6462
CLUBS NINE SPADES NINE,0.161,0.0698,0.7692
CLUBS TEN HEARTS EIGHT,0.3554,0.0278,0.6168
CLUBS NINE SPADES EIGHT,0.3406,0.0366,0.6228
HEARTS EIGHT CLUBS JACK,0.36,0.0158,0.6242
CLUBS QUEEN HEARTS EIGHT,0.3672,0.0114,0.6214
CLUBS KING HEARTS EIGHT,0.3664,0.007,0.6266
CLUBS ACE HEARTS EIGHT,0.369,0.003,0.628
SPADES KING CLUBS KING,0.1906,0.0168,0.7926
SPADES QUEEN CLUBS KING,0.3676,0.0064,0.626
SPADES ACE CLUBS KING,0.3654,0.0034,0.6312
DIAMONDS ACE HEARTS TEN,0.3624,0.0042,0.6334
HEARTS FOUR HEARTS TEN,0.4036,0.028,0.5684
DIAMONDS ACE HEARTS JACK,0.3474,0.0022,0.6504
HEARTS FOUR HEARTS JACK,0.4094,0.02,0.5706
SPADES KING CLUBS FIVE,0.4234,0.0064,0.5702
SPADES QUEEN CLUBS FIVE,0.4142,0.012,0.5738
SPADES ACE CLUBS FIVE,0.4076,0.0048,0.5876
HEARTS SIX DIAMONDS JACK,0.2892,0.0572,0.6536
DIAMONDS JACK HEARTS NINE,0.3444,0.0152,0.6404
DIAMONDS JACK HEARTS EIGHT,0.3584,0.014,0.6276
DIAMONDS KING DIAMONDS JACK,0.3482,0.0066,0.6452
HEARTS THREE DIAMONDS JACK,0.4312,0.0204,0.5484
HEARTS ACE SPADES FOUR,0.4194,0.0064,0.5742
DIAMONDS QUEEN DIAMONDS JACK,0.3372,0.0104,0.6524
HEARTS TWO DIAMONDS JACK,0.434,0.0186,0.5474
HEARTS FIVE DIAMONDS JACK,0.4376,0.0176,0.5448
SPADES FOUR HEARTS QUEEN,0.422,0.011,0.567
DIAMONDS ACE DIAMONDS JACK,0.3402,0.0036,0.6562
HEARTS FOUR DIAMONDS JACK,0.4322,0.0156,0.5522
SPADES FOUR HEARTS KING,0.4324,0.0086,0.559
SPADES FOUR DIAMONDS JACK,0.4182,0.0186,0.5632
SPADES FIVE DIAMONDS JACK,0.42,0.0192,0.5608
DIAMONDS JACK SPADES TWO,0.4586,0.0194,0.522
SPADES THREE DIAMONDS JACK,0.4234,0.0194,0.5572
SPADES ACE DIAMONDS THREE,0.4216,0.005,0.5734
SPADES QUEEN DIAMONDS THREE,0.4396,0.014,0.5464
CLUBS EIGHT DIAMONDS JACK,0.3678,0.016,0.6162
SPADES KING DIAMONDS THREE,0.4274,0.008,0.5646
CLUBS NINE DIAMONDS JACK,0.356,0.014,0.63
CLUBS SIX DIAMONDS JACK,0.297,0.0528,0.6502
CLUBS SEVEN DIAMONDS JACK,0.2652,0.0624,0.6724
CLUBS FOUR DIAMONDS JACK,0.4324,0.0168,0.5508
CLUBS FIVE DIAMONDS JACK,0.418,0.0188,0.5632
CLUBS TWO DIAMONDS JACK,0.4388,0.0172,0.544
CLUBS THREE DIAMONDS JACK,0.4304,0.017,0.5526
SPADES TEN CLUBS FIVE,0.43,0.0278,0.5422
HEARTS SIX SPADES JACK,0.2872,0.0588,0.654
HEARTS SIX SPADES TEN,0.2856,0.0772,0.6372
SPADES JACK CLUBS FIVE,0.4134,0.0192,0.5674
SPADES JACK DIAMONDS THREE,0.4318,0.0184,0.5498
CLUBS SEVEN CLUBS ACE,0.2606,0.0254,0.714
DIAMONDS THREE SPADES TEN,0.4346,0.0274,0.538
CLUBS SEVEN CLUBS QUEEN,0.2756,0.0436,0.6808
CLUBS SEVEN CLUBS KING,0.2668,0.0358,0.6974
SPADES NINE DIAMONDS JACK,0.3426,0.0162,0.6412
CLUBS TEN CLUBS SEVEN,0.2656,0.0734,0.661
DIAMONDS ACE HEARTS ACE,0.1846,0.0036,0.8118
HEARTS FOUR HEARTS ACE,0.3982,0.0064,0.5954
SPADES EIGHT DIAMONDS JACK,0.3664,0.0112,0.6224
SPADES ACE HEARTS SIX,0.294,0.0214,0.6846
CLUBS SEVEN CLUBS JACK,0.2438,0.0614,0.6948
DIAMONDS ACE HEARTS KING,0.3744,0.0036,0.622
HEARTS FOUR HEARTS KING,0.4066,0.0064,0.587
SPADES SEVEN DIAMONDS JACK,0.256,0.0582,0.6858
SPADES KING HEARTS SIX,0.3008,0.0314,0.6678
DIAMONDS ACE HEARTS QUEEN,0.3688,0.0044,0.6268
HEARTS FOUR HEARTS QUEEN,0.4122,0.0126,0.5752
SPADES QUEEN HEARTS SIX,0.277,0.0474,0.6756
SPADES TWO DIAMONDS TEN,0.4456,0.0294,0.525
SPADES THREE DIAMONDS TEN,0.4434,0.029,0.5276
SPADES FOUR DIAMONDS TEN,0.427,0.031,0.542
SPADES FIVE DIAMONDS TEN,0.4324,0.0238,0.5438
SPADES SEVEN DIAMONDS TEN,0.2708,0.0772,0.652
SPADES EIGHT DIAMONDS TEN,0.3454,0.027,0.6276
SPADES NINE DIAMONDS TEN,0.3512,0.0252,0.6236
CLUBS FOUR DIAMONDS TEN,0.4304,0.0292,0.5404
CLUBS FIVE DIAMONDS TEN,0.4264,0.0214,0.5522
CLUBS SIX DIAMONDS TEN,0.275,0.0732,0.6518
CLUBS SEVEN DIAMONDS TEN,0.273,0.0778,0.6492
CLUBS EIGHT DIAMONDS TEN,0.3552,0.0272,0.6176
CLUBS NINE DIAMONDS TEN,0.3412,0.0202,0.6386
DIAMONDS THREE CLUBS JACK,0.4222,0.019,0.5588
CLUBS TEN DIAMONDS THREE,0.434,0.0274,0.5386
DIAMONDS THREE CLUBS KING,0.4286,0.0068,0.5646
DIAMONDS THREE CLUBS QUEEN,0.4378,0.0116,0.5506
DIAMONDS THREE CLUBS ACE,0.4238,0.0036,0.5726
SPADES FOUR HEARTS JACK,0.4316,0.0186,0.5498
SPADES FOUR HEARTS TEN,0.4288,0.0292,0.542
SPADES FIVE SPADES TWO,0.5638,0.0934,0.3428
SPADES FOUR SPADES TWO,0.5682,0.0872,0.3446
SPADES THREE SPADES TWO,0.5364,0.0988,0.3648
SPADES NINE SPADES TWO,0.4082,0.0462,0.5456
SPADES EIGHT SPADES TWO,0.418,0.0552,0.5268
SPADES SEVEN SPADES TWO,0.3954,0.3514,0.2532
DIAMONDS QUEEN CLUBS THREE,0.4342,0.0114,0.5544
CLUBS THREE HEARTS TWO,0.583,0.0984,0.3186
DIAMONDS QUEEN CLUBS TWO,0.4424,0.0106,0.547
HEARTS TWO CLUBS TWO,0.4192,0.1104,0.4704
HEARTS SIX DIAMONDS QUEEN,0.2934,0.0434,0.6632
HEARTS SIX HEARTS TWO,0.5654,0.1946,0.24
DIAMONDS QUEEN HEARTS NINE,0.3642,0.0096,0.6262
HEARTS TWO HEARTS NINE,0.4278,0.0392,0.533
DIAMONDS QUEEN HEARTS EIGHT,0.3684,0.012,0.6196
HEARTS TWO HEARTS EIGHT,0.4074,0.0674,0.5252
CLUBS NINE HEARTS TWO,0.4448,0.0404,0.5148
CLUBS NINE DIAMONDS QUEEN,0.3696,0.0094,0.621
CLUBS EIGHT HEARTS TWO,0.4378,0.0646,0.4976
CLUBS EIGHT DIAMONDS QUEEN,0.3808,0.0096,0.6096
CLUBS FIVE DIAMONDS QUEEN,0.4236,0.0098,0.5666
CLUBS FIVE HEARTS TWO,0.5854,0.0982,0.3164
SPADES EIGHT HEARTS ACE,0.3494,0.0032,0.6474
DIAMONDS QUEEN CLUBS FOUR,0.4272,0.011,0.5618
HEARTS TWO CLUBS FOUR,0.582,0.0898,0.3282
CLUBS SEVEN DIAMONDS QUEEN,0.2944,0.0512,0.6544
CLUBS SEVEN HEARTS TWO,0.4188,0.3772,0.204
SPADES EIGHT HEARTS QUEEN,0.3634,0.013,0.6236
CLUBS SIX DIAMONDS QUEEN,0.2956,0.0438,0.6606
CLUBS SIX HEARTS TWO,0.6014,0.2014,0.1972
SPADES EIGHT HEARTS KING,0.3744,0.0078,0.6178
HEARTS FOUR CLUBS QUEEN,0.4278,0.015,0.5572
DIAMONDS ACE CLUBS QUEEN,0.3726,0.0028,0.6246
DIAMONDS QUEEN SPADES SEVEN,0.2818,0.0432,0.675
HEARTS TWO SPADES SEVEN,0.4212,0.3676,0.2112
HEARTS FOUR CLUBS KING,0.4366,0.0086,0.5548
DIAMONDS ACE CLUBS KING,0.3706,0.0022,0.6272
DIAMONDS QUEEN SPADES EIGHT,0.3792,0.011,0.6098
SPADES EIGHT HEARTS TWO,0.4354,0.0666,0.498
HEARTS FOUR CLUBS ACE,0.43,0.0038,0.5662
DIAMONDS ACE CLUBS ACE,0.1868,0.0024,0.8108
SPADES NINE DIAMONDS QUEEN,0.373,0.013,0.614
SPADES NINE HEARTS TWO,0.4266,0.042,0.5314
HEARTS TWO SPADES TWO,0.418,0.1064,0.4756
DIAMONDS QUEEN SPADES TWO,0.4342,0.0126,0.5532
HEARTS TWO SPADES THREE,0.5886,0.097,0.3144
DIAMONDS QUEEN SPADES THREE,0.4428,0.0142,0.543
HEARTS TWO SPADES FOUR,0.5876,0.0984,0.314
DIAMONDS QUEEN SPADES FOUR,0.4304,0.0126,0.557
HEARTS FOUR CLUBS TEN,0.4244,0.0258,0.5498
CLUBS TEN DIAMONDS ACE,0.382,0.0024,0.6156
HEARTS TWO SPADES FIVE,0.593,0.1002,0.3068
DIAMONDS QUEEN SPADES FIVE,0.4096,0.0132,0.5772
HEARTS FOUR CLUBS JACK,0.4386,0.0168,0.5446
DIAMONDS ACE CLUBS JACK,0.3674,0.0028,0.6298
CLUBS FIVE CLUBS KING,0.397,0.0098,0.5932
CLUBS FIVE CLUBS QUEEN,0.392,0.0122,0.5958
CLUBS FIVE CLUBS ACE,0.392,0.0028,0.6052
CLUBS FIVE CLUBS JACK,0.3972,0.0158,0.587
CLUBS TEN CLUBS FIVE,0.3988,0.0242,0.577
SPADES KING CLUBS JACK,0.3584,0.0044,0.6372
SPADES QUEEN CLUBS JACK,0.3384,0.0072,0.6544
SPADES ACE CLUBS JACK,0.372,0.0028,0.6252
SPADES EIGHT HEARTS JACK,0.3564,0.0206,0.623
SPADES EIGHT HEARTS TEN,0.3332,0.0278,0.639
SPADES TEN CLUBS JACK,0.3456,0.0158,0.6386
SPADES JACK CLUBS JACK,0.1864,0.0462,0.7674
SPADES QUEEN CLUBS SEVEN,0.2878,0.0434,0.6688
SPADES KING CLUBS SEVEN,0.2806,0.0422,0.6772
SPADES ACE CLUBS SEVEN,0.2738,0.027,0.6992
CLUBS SEVEN SPADES JACK,0.265,0.0596,0.6754
CLUBS SEVEN SPADES TEN,0.2736,0.0726,0.6538
CLUBS TEN HEARTS SIX,0.2824,0.0694,0.6482
HEARTS SIX CLUBS JACK,0.2826,0.0576,0.6598
CLUBS ACE CLUBS JACK,0.3344,0.004,0.6616
HEARTS SIX CLUBS QUEEN,0.304,0.039,0.657
HEARTS SIX CLUBS KING,0.2906,0.0326,0.6768
HEARTS SIX CLUBS ACE,0.2896,0.0182,0.6922
CLUBS QUEEN CLUBS JACK,0.3292,0.01,0.6608
CLUBS KING CLUBS JACK,0.3398,0.0054,0.6548
DIAMONDS THREE HEARTS ACE,0.4222,0.004,0.5738
DIAMONDS THREE HEARTS QUEEN,0.4312,0.01,0.5588
DIAMONDS THREE HEARTS KING,0.4424,0.006,0.5516
CLUBS FIVE HEARTS JACK,0.4136,0.0168,0.5696
SPADES TEN DIAMONDS ACE,0.3626,0.005,0.6324
HEARTS FOUR SPADES TEN,0.4106,0.0312,0.5582
CLUBS FIVE HEARTS TEN,0.4142,0.03,0.5558
HEARTS FOUR SPADES JACK,0.4262,0.0186,0.5552
SPADES JACK DIAMONDS ACE,0.365,0.0036,0.6314
SPADES ACE HEARTS FOUR,0.4162,0.0058,0.578
SPADES ACE DIAMONDS ACE,0.173,0.0036,0.8234
CLUBS FIVE HEARTS ACE,0.4126,0.004,0.5834
CLUBS FIVE HEARTS KING,0.411,0.0068,0.5822
HEARTS FOUR SPADES QUEEN,0.4254,0.016,0.5586
SPADES QUEEN DIAMONDS ACE,0.3724,0.0036,0.624
SPADES FOUR CLUBS JACK,0.4276,0.0148,0.5576
CLUBS FIVE HEARTS QUEEN,0.4052,0.0132,0.5816
SPADES KING DIAMONDS ACE,0.361,0.0034,0.6356
HEARTS FOUR SPADES KING,0.425,0.0098,0.5652
CLUBS TEN SPADES FOUR,0.4412,0.0268,0.532
DIAMONDS QUEEN DIAMONDS ACE,0.3394,0.003,0.6576
HEARTS TWO DIAMONDS ACE,0.4116,0.0054,0.583
HEARTS FOUR DIAMONDS QUEEN,0.438,0.0134,0.5486
HEARTS FOUR HEARTS TWO,0.5532,0.092,0.3548
DIAMONDS THREE HEARTS TEN,0.4316,0.0262,0.5422
SPADES FOUR CLUBS KING,0.4256,0.0074,0.567
HEARTS FIVE DIAMONDS QUEEN,0.4236,0.0142,0.5622
HEARTS FIVE HEARTS TWO,0.5508,0.0874,0.3618
DIAMONDS THREE HEARTS JACK,0.425,0.0202,0.5548
SPADES FOUR CLUBS QUEEN,0.4376,0.0146,0.5478
DIAMONDS QUEEN HEARTS TWO,0.4504,0.0114,0.5382
DIAMONDS KING DIAMONDS QUEEN,0.3438,0.0064,0.6498
DIAMONDS KING HEARTS TWO,0.4414,0.0106,0.548
HEARTS THREE DIAMONDS QUEEN,0.436,0.013,0.551
HEARTS THREE HEARTS TWO,0.5574,0.0832,0.3594
SPADES FOUR CLUBS ACE,0.4338,0.0038,0.5624
HEARTS TWO CLUBS ACE,0.4202,0.004,0.5758
DIAMONDS QUEEN CLUBS ACE,0.3742,0.0024,0.6234
HEARTS TWO CLUBS QUEEN,0.4396,0.0154,0.545
DIAMONDS QUEEN CLUBS QUEEN,0.1948,0.0304,0.7748
HEARTS TWO CLUBS KING,0.4428,0.006,0.5512
DIAMONDS QUEEN CLUBS KING,0.3712,0.0054,0.6234
SPADES EIGHT SPADES FIVE,0.392,0.06,0.548
CLUBS TEN HEARTS TWO,0.4404,0.0276,0.532
CLUBS TEN DIAMONDS QUEEN,0.3584,0.0074,0.6342
SPADES NINE SPADES FIVE,0.4012,0.0404,0.5584
HEARTS TWO CLUBS JACK,0.4322,0.0204,0.5474
DIAMONDS QUEEN CLUBS JACK,0.3532,0.0074,0.6394
SPADES SEVEN SPADES FIVE,0.3848,0.3644,0.2508
DIAMONDS FIVE CLUBS QUEEN,0.4266,0.0102,0.5632
SPADES EIGHT CLUBS ACE,0.3636,0.0046,0.6318
DIAMONDS FIVE CLUBS KING,0.4258,0.0066,0.5676
SPADES EIGHT CLUBS KING,0.3684,0.0082,0.6234
CLUBS ACE DIAMONDS FIVE,0.4212,0.0038,0.575
SPADES EIGHT CLUBS QUEEN,0.3718,0.0132,0.615
SPADES EIGHT CLUBS JACK,0.3598,0.0158,0.6244
CLUBS TEN SPADES EIGHT,0.3492,0.0264,0.6244
CLUBS TEN DIAMONDS FIVE,0.4202,0.0256,0.5542
