opposingHand,winningChance,drawChance,lostChance
HEARTS TWO SPADES FOUR
HEARTS FIVE SPADES TEN,0.3408,0.0308,0.6284
HEARTS FIVE SPADES JACK,0.3356,0.0212,0.6432
SPADES FIVE CLUBS JACK,0.344,0.0222,0.6338
CLUBS TEN SPADES FIVE,0.3324,0.029,0.6386
CLUBS EIGHT CLUBS JACK,0.327,0.0178,0.6552
CLUBS TEN CLUBS EIGHT,0.3164,0.023,0.6606
CLUBS EIGHT CLUBS KING,0.3246,0.009,0.6664
SPADES FIVE CLUBS ACE,0.3262,0.0054,0.6684
CLUBS EIGHT CLUBS QUEEN,0.337,0.0152,0.6478
SPADES FIVE CLUBS KING,0.3384,0.0106,0.651
SPADES FIVE CLUBS QUEEN,0.3288,0.0158,0.6554
CLUBS EIGHT CLUBS ACE,0.3204,0.0054,0.6742
DIAMONDS TWO DIAMONDS THREE,0.2598,0.4784,0.2618
DIAMONDS TWO DIAMONDS FIVE,0.2192,0.3462,0.4346
HEARTS FIVE SPADES KING,0.3426,0.009,0.6484
DIAMONDS TWO DIAMONDS FOUR,0.0184,0.915,0.0666
HEARTS FIVE SPADES QUEEN,0.3376,0.0146,0.6478
DIAMONDS TWO DIAMONDS SEVEN,0.2576,0.1828,0.5596
DIAMONDS TWO DIAMONDS SIX,0.2456,0.25,0.5044
SPADES ACE HEARTS FIVE,0.3068,0.0056,0.6876
DIAMONDS TWO DIAMONDS NINE,0.2564,0.0946,0.649
DIAMONDS TWO DIAMONDS EIGHT,0.2538,0.1392,0.607
DIAMONDS THREE DIAMONDS FOUR,0.2058,0.4836,0.3106
DIAMONDS THREE DIAMONDS FIVE,0.3154,0.229,0.4556
SPADES FIVE CLUBS TWO,0.2062,0.3836,0.4102
CLUBS TWO SPADES TWO,0.2448,0.1356,0.6196
CLUBS TWO SPADES THREE,0.2732,0.5124,0.2144
DIAMONDS THREE DIAMONDS EIGHT,0.3656,0.062,0.5724
SPADES EIGHT CLUBS TWO,0.2704,0.1428,0.5868
DIAMONDS THREE DIAMONDS NINE,0.3536,0.045,0.6014
SPADES NINE CLUBS TWO,0.257,0.1084,0.6346
DIAMONDS THREE DIAMONDS SIX,0.327,0.1502,0.5228
SPADES SIX CLUBS TWO,0.2362,0.27,0.4938
DIAMONDS THREE DIAMONDS SEVEN,0.3372,0.0992,0.5636
SPADES SEVEN CLUBS TWO,0.2546,0.1946,0.5508
CLUBS SIX CLUBS TWO,0.2302,0.2552,0.5146
CLUBS SEVEN CLUBS TWO,0.25,0.1838,0.5662
CLUBS FOUR CLUBS TWO,0.0176,0.9124,0.07
CLUBS FIVE CLUBS TWO,0.2098,0.356,0.4342
CLUBS TEN CLUBS JACK,0.3224,0.0112,0.6664
DIAMONDS FOUR DIAMONDS SIX,0.2272,0.257,0.5158
CLUBS TEN CLUBS QUEEN,0.316,0.0112,0.6728
DIAMONDS FOUR DIAMONDS SEVEN,0.2098,0.2006,0.5896
CLUBS TEN CLUBS KING,0.3242,0.0058,0.67
CLUBS TEN CLUBS ACE,0.333,0.0056,0.6614
CLUBS EIGHT CLUBS TWO,0.2362,0.1436,0.6202
DIAMONDS FIVE DIAMONDS FOUR,0.2036,0.3554,0.441
CLUBS NINE CLUBS TWO,0.2468,0.1096,0.6436
DIAMONDS NINE DIAMONDS FOUR,0.2386,0.105,0.6564
DIAMONDS EIGHT DIAMONDS FOUR,0.2404,0.1462,0.6134
CLUBS THREE CLUBS TWO,0.2562,0.4688,0.275
DIAMONDS NINE DIAMONDS FIVE,0.3144,0.0492,0.6364
DIAMONDS TWO CLUBS JACK,0.2816,0.0478,0.6706
DIAMONDS EIGHT DIAMONDS FIVE,0.3198,0.0628,0.6174
CLUBS TEN DIAMONDS TWO,0.2588,0.071,0.6702
DIAMONDS FIVE DIAMONDS SEVEN,0.3108,0.093,0.5962
DIAMONDS FIVE DIAMONDS SIX,0.2962,0.1488,0.555
DIAMONDS TWO CLUBS ACE,0.2448,0.0138,0.7414
DIAMONDS TWO CLUBS KING,0.2588,0.0272,0.714
DIAMONDS TWO CLUBS QUEEN,0.2628,0.0386,0.6986
DIAMONDS EIGHT DIAMONDS SIX,0.312,0.0628,0.6252
DIAMONDS NINE DIAMONDS SIX,0.3284,0.0428,0.6288
HEARTS ACE SPADES THREE,0.3592,0.007,0.6338
SPADES THREE HEARTS KING,0.3744,0.0104,0.6152
DIAMONDS SEVEN DIAMONDS SIX,0.3058,0.0954,0.5988
SPADES THREE HEARTS QUEEN,0.3644,0.0146,0.621
SPADES THREE HEARTS JACK,0.3678,0.0232,0.609
SPADES THREE HEARTS TEN,0.362,0.0356,0.6024
DIAMONDS EIGHT DIAMONDS SEVEN,0.3052,0.0572,0.6376
DIAMONDS NINE DIAMONDS SEVEN,0.3194,0.0354,0.6452
DIAMONDS NINE DIAMONDS EIGHT,0.3144,0.035,0.6506
DIAMONDS KING HEARTS TEN,0.3454,0.0084,0.6462
HEARTS THREE HEARTS TEN,0.3502,0.0334,0.6164
SPADES JACK CLUBS SIX,0.3434,0.021,0.6356
DIAMONDS KING HEARTS JACK,0.3392,0.0062,0.6546
HEARTS THREE HEARTS JACK,0.363,0.0234,0.6136
SPADES TEN CLUBS SIX,0.3286,0.0304,0.641
SPADES JACK SPADES FIVE,0.3222,0.0198,0.658
SPADES TEN SPADES FIVE,0.313,0.028,0.659
DIAMONDS KING HEARTS ACE,0.332,0.006,0.662
HEARTS THREE HEARTS ACE,0.345,0.006,0.649
SPADES ACE CLUBS SIX,0.3344,0.0052,0.6604
DIAMONDS KING HEARTS QUEEN,0.3422,0.0074,0.6504
HEARTS THREE HEARTS QUEEN,0.361,0.0146,0.6244
SPADES KING CLUBS SIX,0.34,0.0092,0.6508
DIAMONDS KING HEARTS KING,0.1478,0.021,0.8312
HEARTS THREE HEARTS KING,0.3568,0.011,0.6322
SPADES QUEEN CLUBS SIX,0.3422,0.0132,0.6446
SPADES NINE HEARTS TEN,0.317,0.0268,0.6562
SPADES NINE HEARTS JACK,0.3278,0.0188,0.6534
SPADES QUEEN SPADES FIVE,0.3232,0.0162,0.6606
SPADES KING SPADES FIVE,0.3374,0.0098,0.6528
SPADES ACE SPADES FIVE,0.3108,0.0052,0.684
SPADES NINE HEARTS QUEEN,0.329,0.0138,0.6572
SPADES NINE HEARTS KING,0.3368,0.0088,0.6544
SPADES NINE HEARTS ACE,0.3332,0.006,0.6608
CLUBS TEN SPADES JACK,0.3318,0.0144,0.6538
CLUBS TEN SPADES TEN,0.1466,0.0696,0.7838
SPADES ACE CLUBS TEN,0.338,0.0062,0.6558
SPADES KING CLUBS TEN,0.3484,0.008,0.6436
CLUBS TEN SPADES QUEEN,0.3334,0.012,0.6546
SPADES FIVE HEARTS QUEEN,0.3382,0.015,0.6468
SPADES FIVE HEARTS KING,0.3312,0.0108,0.658
HEARTS ACE SPADES FIVE,0.3094,0.006,0.6846
CLUBS EIGHT SPADES TEN,0.347,0.024,0.629
SPADES JACK HEARTS THREE,0.3588,0.021,0.6202
SPADES JACK DIAMONDS KING,0.3398,0.0072,0.653
SPADES TEN DIAMONDS KING,0.3298,0.0086,0.6616
SPADES TEN HEARTS THREE,0.3696,0.03,0.6004
SPADES JACK CLUBS EIGHT,0.3352,0.0216,0.6432
CLUBS SIX HEARTS ACE,0.3414,0.0058,0.6528
SPADES ACE CLUBS EIGHT,0.3468,0.0048,0.6484
HEARTS FIVE CLUBS JACK,0.3304,0.0212,0.6484
HEARTS FIVE CLUBS TEN,0.3446,0.0262,0.6292
CLUBS SIX HEARTS QUEEN,0.3458,0.0106,0.6436
SPADES QUEEN CLUBS EIGHT,0.3428,0.01,0.6472
CLUBS TEN SPADES THREE,0.3852,0.032,0.5828
CLUBS SIX HEARTS KING,0.3432,0.0106,0.6462
SPADES KING CLUBS EIGHT,0.3472,0.0076,0.6452
SPADES THREE CLUBS JACK,0.3784,0.0244,0.5972
DIAMONDS TWO HEARTS JACK,0.243,0.048,0.709
SPADES THREE CLUBS QUEEN,0.3732,0.0142,0.6126
DIAMONDS TWO HEARTS TEN,0.2612,0.0782,0.6606
SPADES THREE CLUBS KING,0.3758,0.0106,0.6136
HEARTS FIVE CLUBS ACE,0.314,0.0046,0.6814
SPADES FIVE HEARTS TEN,0.3308,0.0308,0.6384
SPADES THREE CLUBS ACE,0.363,0.0056,0.6314
HEARTS FIVE CLUBS KING,0.3394,0.0098,0.6508
SPADES FIVE HEARTS JACK,0.3402,0.0224,0.6374
HEARTS FIVE CLUBS QUEEN,0.336,0.0142,0.6498
HEARTS THREE CLUBS KING,0.3658,0.0088,0.6254
DIAMONDS KING CLUBS KING,0.15,0.0166,0.8334
HEARTS THREE CLUBS QUEEN,0.3596,0.0132,0.6272
DIAMONDS KING CLUBS QUEEN,0.3452,0.0064,0.6484
HEARTS FIVE HEARTS JACK,0.3414,0.0224,0.6362
HEARTS FIVE HEARTS TEN,0.33,0.0308,0.6392
HEARTS THREE CLUBS ACE,0.356,0.0064,0.6376
DIAMONDS KING CLUBS ACE,0.342,0.0046,0.6534
SPADES ACE CLUBS QUEEN,0.3386,0.005,0.6564
SPADES KING CLUBS QUEEN,0.3366,0.0094,0.654
HEARTS THREE CLUBS JACK,0.377,0.0238,0.5992
DIAMONDS KING CLUBS JACK,0.3426,0.0084,0.649
SPADES QUEEN CLUBS QUEEN,0.1358,0.0342,0.83
CLUBS TEN HEARTS THREE,0.3708,0.032,0.5972
CLUBS TEN DIAMONDS KING,0.3466,0.0078,0.6456
SPADES JACK CLUBS QUEEN,0.337,0.0098,0.6532
CLUBS SIX CLUBS QUEEN,0.3194,0.014,0.6666
SPADES TEN CLUBS QUEEN,0.3298,0.0118,0.6584
CLUBS SIX CLUBS KING,0.329,0.009,0.662
CLUBS SIX CLUBS ACE,0.3278,0.006,0.6662
HEARTS FIVE HEARTS KING,0.322,0.0136,0.6644
HEARTS FIVE HEARTS QUEEN,0.3304,0.0142,0.6554
CLUBS TEN CLUBS SIX,0.3102,0.0338,0.656
HEARTS FIVE HEARTS ACE,0.31,0.0058,0.6842
CLUBS SIX CLUBS JACK,0.3264,0.0226,0.651
SPADES SEVEN HEARTS JACK,0.3402,0.0192,0.6406
SPADES SEVEN HEARTS TEN,0.3174,0.03,0.6526
DIAMONDS TWO CLUBS TWO,0.2412,0.1294,0.6294
DIAMONDS TWO CLUBS THREE,0.2758,0.5054,0.2188
DIAMONDS TWO HEARTS SIX,0.251,0.2598,0.4892
DIAMONDS TWO HEARTS QUEEN,0.2554,0.0418,0.7028
HEARTS SEVEN DIAMONDS TWO,0.2504,0.2142,0.5354
DIAMONDS TWO HEARTS KING,0.2556,0.0278,0.7166
DIAMONDS TWO HEARTS EIGHT,0.2506,0.1484,0.601
DIAMONDS TWO HEARTS ACE,0.2416,0.021,0.7374
DIAMONDS TWO HEARTS NINE,0.2628,0.1026,0.6346
DIAMONDS TWO DIAMONDS QUEEN,0.2474,0.0384,0.7142
DIAMONDS TWO DIAMONDS KING,0.2436,0.0326,0.7238
DIAMONDS TWO HEARTS THREE,0.2638,0.51,0.2262
DIAMONDS TWO DIAMONDS ACE,0.2408,0.0138,0.7454
HEARTS FOUR DIAMONDS TWO,0.0094,0.9718,0.0188
HEARTS FIVE DIAMONDS TWO,0.2088,0.385,0.4062
SPADES SEVEN HEARTS ACE,0.341,0.007,0.652
DIAMONDS TWO DIAMONDS TEN,0.2428,0.0716,0.6856
SPADES SEVEN HEARTS KING,0.3362,0.0106,0.6532
DIAMONDS TWO DIAMONDS JACK,0.2632,0.054,0.6828
SPADES SEVEN HEARTS QUEEN,0.326,0.0122,0.6618
DIAMONDS TWO SPADES NINE,0.2622,0.101,0.6368
DIAMONDS TWO SPADES EIGHT,0.2598,0.1484,0.5918
DIAMONDS TWO SPADES SEVEN,0.2592,0.196,0.5448
DIAMONDS TWO SPADES SIX,0.2512,0.2748,0.474
DIAMONDS TWO SPADES FIVE,0.2108,0.3754,0.4138
DIAMONDS TWO SPADES THREE,0.2656,0.5192,0.2152
DIAMONDS TWO SPADES TWO,0.2414,0.1304,0.6282
CLUBS NINE DIAMONDS TWO,0.2648,0.1072,0.628
DIAMONDS TWO CLUBS EIGHT,0.2536,0.1476,0.5988
CLUBS SEVEN DIAMONDS TWO,0.2646,0.2036,0.5318
DIAMONDS TWO CLUBS SIX,0.2538,0.2732,0.473
DIAMONDS TWO CLUBS FIVE,0.2308,0.369,0.4002
DIAMONDS TWO CLUBS FOUR,0.0198,0.9594,0.0208
CLUBS FOUR SPADES FIVE,0.216,0.362,0.422
CLUBS FOUR SPADES THREE,0.2146,0.521,0.2644
CLUBS FOUR SPADES TWO,0.015,0.974,0.011
SPADES NINE CLUBS FOUR,0.2446,0.1126,0.6428
SPADES EIGHT CLUBS FOUR,0.2542,0.1474,0.5984
SPADES SEVEN CLUBS FOUR,0.2354,0.188,0.5766
CLUBS FOUR SPADES SIX,0.2476,0.277,0.4754
SPADES ACE DIAMONDS SIX,0.3318,0.0062,0.662
SPADES QUEEN DIAMONDS SIX,0.343,0.015,0.642
SPADES KING DIAMONDS SIX,0.3432,0.0072,0.6496
SPADES TEN DIAMONDS SIX,0.3456,0.0302,0.6242
SPADES JACK DIAMONDS SIX,0.3444,0.0248,0.6308
SPADES QUEEN SPADES TWO,0.2514,0.038,0.7106
SPADES KING SPADES TWO,0.2456,0.0276,0.7268
SPADES ACE SPADES TWO,0.2366,0.0144,0.749
DIAMONDS JACK CLUBS JACK,0.1542,0.048,0.7978
CLUBS TEN DIAMONDS JACK,0.3332,0.0136,0.6532
DIAMONDS JACK CLUBS KING,0.3388,0.0082,0.653
DIAMONDS JACK CLUBS QUEEN,0.3474,0.0102,0.6424
DIAMONDS THREE DIAMONDS JACK,0.3464,0.0208,0.6328
DIAMONDS THREE DIAMONDS TEN,0.3448,0.0316,0.6236
DIAMONDS JACK CLUBS ACE,0.3546,0.0066,0.6388
DIAMONDS THREE DIAMONDS KING,0.3512,0.0108,0.638
DIAMONDS THREE HEARTS THREE,0.1928,0.178,0.6292
DIAMONDS THREE DIAMONDS QUEEN,0.3574,0.0148,0.6278
HEARTS FIVE DIAMONDS THREE,0.3322,0.2478,0.42
DIAMONDS THREE DIAMONDS ACE,0.3312,0.0048,0.664
HEARTS FOUR DIAMONDS THREE,0.216,0.511,0.273
HEARTS SEVEN DIAMONDS THREE,0.3472,0.1084,0.5444
SPADES TEN SPADES NINE,0.3156,0.0242,0.6602
HEARTS SIX DIAMONDS THREE,0.3398,0.1656,0.4946
SPADES JACK SPADES NINE,0.321,0.0174,0.6616
DIAMONDS THREE HEARTS NINE,0.358,0.052,0.59
HEARTS JACK DIAMONDS FOUR,0.2562,0.0592,0.6846
HEARTS ACE HEARTS KING,0.3244,0.0076,0.668
SPADES TEN SPADES TWO,0.255,0.0752,0.6698
DIAMONDS THREE HEARTS EIGHT,0.371,0.072,0.557
HEARTS TEN DIAMONDS FOUR,0.2536,0.0876,0.6588
SPADES JACK SPADES TWO,0.2518,0.055,0.6932
HEARTS QUEEN DIAMONDS FOUR,0.2554,0.0478,0.6968
HEARTS KING DIAMONDS FOUR,0.2502,0.041,0.7088
SPADES ACE SPADES NINE,0.329,0.0058,0.6652
HEARTS ACE DIAMONDS FOUR,0.2356,0.0218,0.7426
SPADES KING SPADES NINE,0.3228,0.009,0.6682
SPADES QUEEN SPADES NINE,0.3288,0.013,0.6582
DIAMONDS THREE SPADES NINE,0.376,0.0486,0.5754
DIAMONDS THREE SPADES EIGHT,0.377,0.063,0.56
DIAMONDS THREE SPADES SEVEN,0.3496,0.1152,0.5352
DIAMONDS THREE SPADES SIX,0.3462,0.1658,0.488
DIAMONDS THREE CLUBS SIX,0.3574,0.1596,0.483
CLUBS FIVE CLUBS SIX,0.301,0.142,0.557
CLUBS ACE DIAMONDS FOUR,0.246,0.0252,0.7288
CLUBS SEVEN DIAMONDS THREE,0.3534,0.1124,0.5342
CLUBS SEVEN CLUBS FIVE,0.3,0.0984,0.6016
DIAMONDS THREE CLUBS FOUR,0.2142,0.5068,0.279
DIAMONDS FOUR CLUBS QUEEN,0.2618,0.0448,0.6934
DIAMONDS THREE CLUBS FIVE,0.3284,0.2474,0.4242
CLUBS KING DIAMONDS FOUR,0.2492,0.037,0.7138
DIAMONDS THREE CLUBS TWO,0.2684,0.499,0.2326
CLUBS TEN DIAMONDS FOUR,0.2638,0.0796,0.6566
DIAMONDS THREE CLUBS THREE,0.2074,0.17,0.6226
DIAMONDS FOUR CLUBS JACK,0.2554,0.0628,0.6818
DIAMONDS THREE SPADES FIVE,0.3286,0.2488,0.4226
DIAMONDS THREE SPADES TWO,0.2722,0.5236,0.2042
DIAMONDS THREE SPADES THREE,0.2134,0.1658,0.6208
CLUBS EIGHT DIAMONDS THREE,0.3864,0.0662,0.5474
CLUBS NINE DIAMONDS THREE,0.3738,0.0434,0.5828
SPADES SEVEN CLUBS ACE,0.3378,0.0052,0.657
SPADES SEVEN CLUBS QUEEN,0.3458,0.0138,0.6404
SPADES SEVEN CLUBS KING,0.3334,0.0084,0.6582
CLUBS FIVE SPADES SEVEN,0.321,0.1082,0.5708
CLUBS TEN SPADES SEVEN,0.3388,0.0314,0.6298
CLUBS FIVE SPADES SIX,0.306,0.1536,0.5404
SPADES SEVEN CLUBS JACK,0.3356,0.0188,0.6456
CLUBS FIVE SPADES NINE,0.34,0.0476,0.6124
CLUBS FIVE SPADES EIGHT,0.3242,0.0698,0.606
CLUBS FIVE SPADES THREE,0.332,0.256,0.412
CLUBS FIVE SPADES TWO,0.2198,0.3758,0.4044
CLUBS FIVE SPADES FIVE,0.1112,0.1468,0.742
CLUBS NINE CLUBS FIVE,0.3026,0.053,0.6444
CLUBS EIGHT CLUBS FIVE,0.3038,0.068,0.6282
CLUBS ACE CLUBS QUEEN,0.3334,0.0052,0.6614
CLUBS KING CLUBS QUEEN,0.3288,0.0072,0.664
DIAMONDS TEN DIAMONDS FOUR,0.2342,0.0778,0.688
CLUBS TEN DIAMONDS NINE,0.3284,0.0276,0.644
DIAMONDS JACK DIAMONDS FOUR,0.2386,0.0556,0.7058
DIAMONDS NINE CLUBS JACK,0.3446,0.015,0.6404
SPADES NINE CLUBS JACK,0.3464,0.0174,0.6362
CLUBS TEN SPADES NINE,0.338,0.0252,0.6368
DIAMONDS ACE DIAMONDS FOUR,0.221,0.0216,0.7574
HEARTS FOUR DIAMONDS FOUR,0.0724,0.1372,0.7904
DIAMONDS JACK HEARTS TEN,0.332,0.0154,0.6526
SPADES NINE CLUBS KING,0.338,0.0078,0.6542
DIAMONDS TWO SPADES TEN,0.2594,0.076,0.6646
DIAMONDS NINE CLUBS ACE,0.3354,0.0038,0.6608
HEARTS FIVE DIAMONDS FOUR,0.2082,0.3614,0.4304
DIAMONDS JACK HEARTS JACK,0.148,0.055,0.797
SPADES NINE CLUBS QUEEN,0.3308,0.0138,0.6554
DIAMONDS TWO SPADES JACK,0.252,0.0552,0.6928
DIAMONDS QUEEN DIAMONDS FOUR,0.246,0.0446,0.7094
DIAMONDS NINE CLUBS QUEEN,0.3464,0.0112,0.6424
DIAMONDS KING DIAMONDS FOUR,0.2338,0.0366,0.7296
HEARTS THREE DIAMONDS FOUR,0.2114,0.5098,0.2788
SPADES NINE CLUBS ACE,0.3382,0.007,0.6548
DIAMONDS NINE CLUBS KING,0.3518,0.0086,0.6396
HEARTS ACE DIAMONDS JACK,0.3392,0.0038,0.657
SPADES ACE DIAMONDS TWO,0.2464,0.014,0.7396
HEARTS QUEEN DIAMONDS JACK,0.3318,0.0146,0.6536
SPADES QUEEN DIAMONDS TWO,0.2694,0.04,0.6906
DIAMONDS JACK HEARTS KING,0.331,0.0108,0.6582
SPADES KING DIAMONDS TWO,0.248,0.027,0.725
SPADES JACK SPADES SEVEN,0.325,0.0188,0.6562
SPADES TEN SPADES SEVEN,0.33,0.027,0.643
CLUBS SEVEN CLUBS THREE,0.342,0.1086,0.5494
CLUBS SIX CLUBS THREE,0.3236,0.1562,0.5202
CLUBS FIVE CLUBS THREE,0.3102,0.2238,0.466
CLUBS THREE CLUBS FOUR,0.2102,0.4848,0.305
CLUBS NINE CLUBS THREE,0.3426,0.0474,0.61
CLUBS EIGHT CLUBS THREE,0.3446,0.069,0.5864
CLUBS THREE SPADES FIVE,0.3248,0.2562,0.419
CLUBS THREE SPADES THREE,0.2122,0.1682,0.6196
CLUBS THREE SPADES TWO,0.2582,0.524,0.2178
CLUBS THREE SPADES SIX,0.3492,0.157,0.4938
CLUBS THREE SPADES SEVEN,0.3618,0.1036,0.5346
SPADES EIGHT CLUBS THREE,0.3672,0.0706,0.5622
SPADES NINE CLUBS THREE,0.3578,0.05,0.5922
SPADES TWO DIAMONDS FOUR,0.0158,0.9742,0.01
SPADES THREE DIAMONDS FOUR,0.2152,0.5206,0.2642
SPADES FIVE DIAMONDS FOUR,0.199,0.3746,0.4264
SPADES SIX DIAMONDS FOUR,0.2384,0.271,0.4906
SPADES SEVEN DIAMONDS FOUR,0.232,0.1924,0.5756
SPADES EIGHT DIAMONDS FOUR,0.2556,0.1524,0.592
SPADES NINE DIAMONDS FOUR,0.2556,0.1084,0.636
CLUBS FIVE DIAMONDS FOUR,0.2204,0.3584,0.4212
CLUBS FOUR DIAMONDS FOUR,0.0852,0.132,0.7828
CLUBS SEVEN DIAMONDS FOUR,0.2354,0.197,0.5676
CLUBS SIX DIAMONDS FOUR,0.2492,0.2622,0.4886
CLUBS NINE DIAMONDS FOUR,0.2546,0.1128,0.6326
CLUBS EIGHT DIAMONDS FOUR,0.2632,0.1486,0.5882
HEARTS SEVEN DIAMONDS FOUR,0.2304,0.197,0.5726
HEARTS SIX DIAMONDS FOUR,0.244,0.2854,0.4706
DIAMONDS FOUR HEARTS NINE,0.253,0.1054,0.6416
DIAMONDS FOUR HEARTS EIGHT,0.2366,0.152,0.6114
CLUBS THREE DIAMONDS FOUR,0.2226,0.506,0.2714
CLUBS TWO DIAMONDS FOUR,0.0204,0.956,0.0236
DIAMONDS TEN DIAMONDS FIVE,0.3218,0.0272,0.651
DIAMONDS JACK DIAMONDS FIVE,0.319,0.021,0.66
DIAMONDS NINE HEARTS QUEEN,0.3288,0.0102,0.661
DIAMONDS NINE HEARTS KING,0.3476,0.0078,0.6446
HEARTS ACE DIAMONDS NINE,0.3504,0.003,0.6466
DIAMONDS NINE HEARTS TEN,0.3258,0.0258,0.6484
DIAMONDS NINE HEARTS JACK,0.3324,0.0184,0.6492
CLUBS KING DIAMONDS SIX,0.3472,0.0084,0.6444
CLUBS QUEEN DIAMONDS SIX,0.3514,0.0158,0.6328
CLUBS ACE DIAMONDS SIX,0.3458,0.0042,0.65
SPADES KING DIAMONDS FOUR,0.245,0.0364,0.7186
SPADES ACE SPADES SEVEN,0.323,0.0052,0.6718
SPADES QUEEN DIAMONDS FOUR,0.2512,0.047,0.7018
SPADES QUEEN SPADES SEVEN,0.334,0.0146,0.6514
CLUBS JACK DIAMONDS SIX,0.3418,0.0214,0.6368
SPADES KING SPADES SEVEN,0.3166,0.0108,0.6726
SPADES ACE DIAMONDS FOUR,0.2248,0.023,0.7522
CLUBS TEN DIAMONDS SIX,0.34,0.0256,0.6344
CLUBS NINE CLUBS FOUR,0.2424,0.1062,0.6514
CLUBS EIGHT CLUBS FOUR,0.2366,0.1418,0.6216
SPADES JACK DIAMONDS FOUR,0.2478,0.059,0.6932
SPADES TEN DIAMONDS FOUR,0.2534,0.085,0.6616
CLUBS FIVE CLUBS FOUR,0.1984,0.356,0.4456
CLUBS SEVEN CLUBS FOUR,0.2142,0.191,0.5948
CLUBS SIX CLUBS FOUR,0.2346,0.2608,0.5046
CLUBS SEVEN SPADES EIGHT,0.3172,0.0712,0.6116
CLUBS SEVEN SPADES NINE,0.3206,0.0438,0.6356
CLUBS SEVEN SPADES SIX,0.3226,0.103,0.5744
CLUBS SEVEN SPADES SEVEN,0.151,0.113,0.736
CLUBS SEVEN SPADES FIVE,0.314,0.1064,0.5796
CLUBS SEVEN SPADES THREE,0.3648,0.1142,0.521
CLUBS SEVEN SPADES TWO,0.2588,0.1974,0.5438
CLUBS NINE CLUBS SEVEN,0.3078,0.0376,0.6546
CLUBS SEVEN CLUBS EIGHT,0.2976,0.06,0.6424
HEARTS SIX DIAMONDS FIVE,0.3068,0.1518,0.5414
HEARTS SEVEN DIAMONDS FIVE,0.3338,0.104,0.5622
DIAMONDS FIVE HEARTS EIGHT,0.3248,0.0732,0.602
DIAMONDS FIVE HEARTS NINE,0.33,0.0494,0.6206
DIAMONDS QUEEN DIAMONDS FIVE,0.3186,0.0166,0.6648
HEARTS KING HEARTS EIGHT,0.3296,0.0112,0.6592
DIAMONDS KING DIAMONDS FIVE,0.3346,0.0118,0.6536
HEARTS THREE DIAMONDS FIVE,0.3236,0.2622,0.4142
HEARTS QUEEN HEARTS EIGHT,0.3306,0.0124,0.657
DIAMONDS ACE DIAMONDS FIVE,0.303,0.006,0.691
HEARTS FOUR DIAMONDS FIVE,0.2138,0.373,0.4132
HEARTS FIVE DIAMONDS FIVE,0.107,0.1546,0.7384
HEARTS ACE HEARTS EIGHT,0.3258,0.0046,0.6696
CLUBS FOUR DIAMONDS FIVE,0.2126,0.358,0.4294
CLUBS FIVE DIAMONDS FIVE,0.1194,0.1598,0.7208
CLUBS SIX DIAMONDS FIVE,0.3182,0.1574,0.5244
CLUBS SEVEN DIAMONDS FIVE,0.3138,0.106,0.5802
CLUBS TWO DIAMONDS FIVE,0.2216,0.371,0.4074
CLUBS THREE DIAMONDS FIVE,0.3406,0.2432,0.4162
SPADES THREE DIAMONDS FIVE,0.3234,0.2622,0.4144
SPADES TWO DIAMONDS FIVE,0.2214,0.3766,0.402
SPADES JACK DIAMONDS EIGHT,0.3422,0.0198,0.638
SPADES FIVE DIAMONDS FIVE,0.1072,0.1416,0.7512
CLUBS TEN HEARTS JACK,0.3254,0.0134,0.6612
SPADES TEN DIAMONDS EIGHT,0.3458,0.0284,0.6258
HEARTS JACK CLUBS JACK,0.1478,0.0528,0.7994
HEARTS JACK CLUBS QUEEN,0.3384,0.0108,0.6508
CLUBS NINE DIAMONDS FIVE,0.344,0.0482,0.6078
CLUBS KING HEARTS JACK,0.3354,0.0088,0.6558
CLUBS EIGHT DIAMONDS FIVE,0.3394,0.0674,0.5932
CLUBS ACE HEARTS JACK,0.3332,0.0064,0.6604
SPADES SEVEN DIAMONDS FIVE,0.3118,0.1066,0.5816
SPADES KING DIAMONDS EIGHT,0.3374,0.0112,0.6514
SPADES QUEEN DIAMONDS EIGHT,0.3496,0.0126,0.6378
SPADES SIX DIAMONDS FIVE,0.2964,0.1588,0.5448
SPADES NINE DIAMONDS FIVE,0.3286,0.044,0.6274
SPADES EIGHT DIAMONDS FIVE,0.3404,0.0638,0.5958
SPADES ACE DIAMONDS EIGHT,0.3352,0.004,0.6608
DIAMONDS TEN DIAMONDS SIX,0.3184,0.0254,0.6562
HEARTS ACE DIAMONDS SEVEN,0.3444,0.0062,0.6494
DIAMONDS JACK DIAMONDS SIX,0.3306,0.0152,0.6542
HEARTS QUEEN DIAMONDS SEVEN,0.3464,0.013,0.6406
HEARTS KING DIAMONDS SEVEN,0.3324,0.005,0.6626
DIAMONDS ACE DIAMONDS SIX,0.3306,0.0062,0.6632
HEARTS FOUR DIAMONDS SIX,0.2292,0.2708,0.5
SPADES TWO HEARTS JACK,0.2698,0.0548,0.6754
HEARTS FIVE DIAMONDS SIX,0.311,0.1508,0.5382
SPADES TWO HEARTS TEN,0.2612,0.0728,0.666
DIAMONDS QUEEN DIAMONDS SIX,0.3268,0.011,0.6622
DIAMONDS KING DIAMONDS SIX,0.3308,0.0084,0.6608
HEARTS THREE DIAMONDS SIX,0.355,0.157,0.488
HEARTS EIGHT DIAMONDS SIX,0.3186,0.0652,0.6162
HEARTS NINE DIAMONDS SIX,0.331,0.0402,0.6288
HEARTS SIX DIAMONDS SIX,0.1318,0.1344,0.7338
HEARTS SEVEN DIAMONDS SIX,0.3124,0.0952,0.5924
HEARTS TEN DIAMONDS SEVEN,0.3192,0.0312,0.6496
CLUBS TWO DIAMONDS SIX,0.2426,0.2684,0.489
HEARTS JACK DIAMONDS SEVEN,0.3354,0.0192,0.6454
CLUBS THREE DIAMONDS SIX,0.3508,0.1574,0.4918
CLUBS SEVEN DIAMONDS SIX,0.3196,0.0958,0.5846
DIAMONDS EIGHT CLUBS JACK,0.3476,0.0164,0.636
CLUBS SIX DIAMONDS SIX,0.1398,0.1294,0.7308
CLUBS TEN DIAMONDS EIGHT,0.3348,0.0254,0.6398
CLUBS FIVE DIAMONDS SIX,0.3138,0.148,0.5382
CLUBS FOUR DIAMONDS SIX,0.2392,0.2704,0.4904
HEARTS ACE HEARTS JACK,0.3302,0.0052,0.6646
DIAMONDS EIGHT CLUBS ACE,0.356,0.0042,0.6398
HEARTS QUEEN HEARTS JACK,0.3212,0.011,0.6678
DIAMONDS EIGHT CLUBS KING,0.352,0.0074,0.6406
CLUBS NINE DIAMONDS SIX,0.3368,0.0454,0.6178
HEARTS KING HEARTS JACK,0.3316,0.0092,0.6592
DIAMONDS EIGHT CLUBS QUEEN,0.3576,0.0158,0.6266
CLUBS EIGHT DIAMONDS SIX,0.3356,0.0676,0.5968
SPADES TEN HEARTS KING,0.3328,0.0078,0.6594
SPADES FIVE DIAMONDS SIX,0.3062,0.1512,0.5426
HEARTS ACE SPADES TWO,0.2422,0.0176,0.7402
SPADES JACK HEARTS KING,0.3254,0.0092,0.6654
SPADES THREE DIAMONDS SIX,0.3552,0.168,0.4768
HEARTS QUEEN SPADES TWO,0.2614,0.038,0.7006
SPADES ACE SPADES KING,0.3244,0.006,0.6696
SPADES TWO HEARTS KING,0.2546,0.029,0.7164
SPADES TWO DIAMONDS SIX,0.244,0.2692,0.4868
HEARTS TEN HEARTS EIGHT,0.3308,0.0232,0.646
SPADES NINE DIAMONDS SIX,0.333,0.0416,0.6254
HEARTS JACK HEARTS EIGHT,0.3242,0.0164,0.6594
SPADES EIGHT DIAMONDS SIX,0.3282,0.068,0.6038
SPADES SEVEN DIAMONDS SIX,0.3222,0.1012,0.5766
SPADES SIX DIAMONDS SIX,0.1366,0.1208,0.7426
SPADES KING HEARTS KING,0.131,0.0238,0.8452
SPADES QUEEN HEARTS KING,0.3412,0.0082,0.6506
CLUBS ACE CLUBS KING,0.3174,0.0042,0.6784
SPADES ACE HEARTS KING,0.3224,0.0068,0.6708
SPADES ACE HEARTS JACK,0.3356,0.0054,0.659
SPADES QUEEN HEARTS JACK,0.338,0.0116,0.6504
SPADES KING HEARTS JACK,0.3336,0.0086,0.6578
SPADES TEN DIAMONDS TEN,0.1458,0.074,0.7802
SPADES JACK DIAMONDS TEN,0.3338,0.0142,0.652
SPADES ACE DIAMONDS TEN,0.3478,0.0048,0.6474
SPADES JACK HEARTS JACK,0.1406,0.0506,0.8088
SPADES TEN HEARTS JACK,0.3222,0.0174,0.6604
SPADES QUEEN DIAMONDS TEN,0.3456,0.012,0.6424
SPADES KING DIAMONDS TEN,0.343,0.008,0.649
SPADES NINE DIAMONDS SEVEN,0.3336,0.0436,0.6228
SPADES EIGHT DIAMONDS SEVEN,0.31,0.0626,0.6274
SPADES SEVEN DIAMONDS SEVEN,0.1392,0.1142,0.7466
SPADES SIX DIAMONDS SEVEN,0.3182,0.1014,0.5804
DIAMONDS KING DIAMONDS SEVEN,0.324,0.0098,0.6662
HEARTS THREE DIAMONDS SEVEN,0.353,0.1192,0.5278
HEARTS KING DIAMONDS FIVE,0.3328,0.0104,0.6568
DIAMONDS QUEEN DIAMONDS SEVEN,0.3222,0.013,0.6648
HEARTS QUEEN DIAMONDS FIVE,0.3398,0.016,0.6442
HEARTS FIVE DIAMONDS SEVEN,0.3182,0.1046,0.5772
DIAMONDS ACE DIAMONDS SEVEN,0.3172,0.0036,0.6792
HEARTS FOUR DIAMONDS SEVEN,0.2424,0.2068,0.5508
HEARTS ACE DIAMONDS FIVE,0.3234,0.0066,0.67
HEARTS SEVEN DIAMONDS SEVEN,0.1436,0.1204,0.736
HEARTS SIX DIAMONDS SEVEN,0.3164,0.091,0.5926
DIAMONDS SEVEN HEARTS NINE,0.3218,0.0412,0.637
HEARTS EIGHT DIAMONDS SEVEN,0.3224,0.0598,0.6178
DIAMONDS JACK DIAMONDS SEVEN,0.3088,0.0164,0.6748
DIAMONDS FIVE HEARTS JACK,0.3368,0.0188,0.6444
DIAMONDS TEN DIAMONDS SEVEN,0.3278,0.0228,0.6494
HEARTS TEN DIAMONDS FIVE,0.3408,0.0342,0.625
SPADES KING CLUBS TWO,0.257,0.0278,0.7152
HEARTS KING CLUBS KING,0.145,0.02,0.835
CLUBS EIGHT DIAMONDS SEVEN,0.3362,0.0592,0.6046
SPADES QUEEN CLUBS TWO,0.2642,0.0382,0.6976
HEARTS KING CLUBS QUEEN,0.3392,0.007,0.6538
CLUBS NINE DIAMONDS SEVEN,0.3396,0.046,0.6144
SPADES TWO CLUBS JACK,0.2618,0.0576,0.6806
SPADES ACE CLUBS TWO,0.2428,0.0144,0.7428
CLUBS TEN SPADES TWO,0.257,0.0714,0.6716
HEARTS KING CLUBS ACE,0.3372,0.0056,0.6572
CLUBS SEVEN CLUBS SIX,0.307,0.0914,0.6016
SPADES TWO CLUBS KING,0.2648,0.0284,0.7068
SPADES TWO DIAMONDS SEVEN,0.2676,0.1968,0.5356
CLUBS EIGHT CLUBS SIX,0.3082,0.0586,0.6332
SPADES THREE DIAMONDS SEVEN,0.3678,0.1082,0.524
SPADES TWO CLUBS QUEEN,0.2626,0.0386,0.6988
CLUBS NINE CLUBS SIX,0.3266,0.0348,0.6386
HEARTS KING CLUBS JACK,0.334,0.0086,0.6574
SPADES FIVE DIAMONDS SEVEN,0.3144,0.1014,0.5842
SPADES TWO CLUBS ACE,0.2344,0.015,0.7506
CLUBS TEN HEARTS KING,0.3402,0.0084,0.6514
CLUBS SIX SPADES TWO,0.2434,0.2748,0.4818
CLUBS SIX SPADES THREE,0.3476,0.1628,0.4896
CLUBS TWO DIAMONDS SEVEN,0.2722,0.1986,0.5292
CLUBS THREE DIAMONDS SEVEN,0.3634,0.1054,0.5312
CLUBS SIX SPADES FIVE,0.3226,0.1502,0.5272
CLUBS FOUR DIAMONDS SEVEN,0.2324,0.1992,0.5684
CLUBS SIX SPADES SIX,0.1244,0.1294,0.7462
CLUBS FIVE DIAMONDS SEVEN,0.3194,0.1006,0.58
CLUBS SIX SPADES SEVEN,0.3232,0.0984,0.5784
CLUBS SIX DIAMONDS SEVEN,0.3332,0.1006,0.5662
CLUBS SIX SPADES EIGHT,0.3356,0.067,0.5974
SPADES JACK CLUBS TWO,0.2504,0.0576,0.692
CLUBS SEVEN DIAMONDS SEVEN,0.1464,0.1072,0.7464
SPADES NINE CLUBS SIX,0.3392,0.0474,0.6134
SPADES TEN CLUBS TWO,0.2634,0.075,0.6616
CLUBS TWO CLUBS QUEEN,0.2536,0.0388,0.7076
CLUBS TWO CLUBS KING,0.2566,0.023,0.7204
CLUBS THREE DIAMONDS EIGHT,0.3868,0.0648,0.5484
CLUBS TWO CLUBS ACE,0.213,0.0158,0.7712
CLUBS TWO DIAMONDS EIGHT,0.2532,0.1498,0.597
HEARTS SEVEN DIAMONDS EIGHT,0.3252,0.0646,0.6102
HEARTS SIX DIAMONDS EIGHT,0.3284,0.0674,0.6042
DIAMONDS EIGHT HEARTS NINE,0.3146,0.0418,0.6436
CLUBS TEN CLUBS TWO,0.259,0.0742,0.6668
DIAMONDS EIGHT HEARTS EIGHT,0.1464,0.0904,0.7632
CLUBS TWO CLUBS JACK,0.2518,0.0526,0.6956
CLUBS NINE DIAMONDS EIGHT,0.3274,0.038,0.6346
CLUBS EIGHT DIAMONDS EIGHT,0.1412,0.1006,0.7582
CLUBS FIVE DIAMONDS EIGHT,0.3392,0.0658,0.595
SPADES ACE SPADES THREE,0.3352,0.0064,0.6584
CLUBS FOUR DIAMONDS EIGHT,0.2652,0.1456,0.5892
CLUBS SEVEN DIAMONDS EIGHT,0.3328,0.0662,0.601
SPADES QUEEN SPADES THREE,0.3574,0.0158,0.6268
CLUBS SIX DIAMONDS EIGHT,0.3358,0.0652,0.599
SPADES KING SPADES THREE,0.3592,0.013,0.6278
DIAMONDS QUEEN DIAMONDS EIGHT,0.3148,0.014,0.6712
DIAMONDS KING DIAMONDS EIGHT,0.3232,0.0064,0.6704
HEARTS THREE DIAMONDS EIGHT,0.3818,0.0672,0.551
DIAMONDS ACE DIAMONDS EIGHT,0.3284,0.0056,0.666
HEARTS FOUR DIAMONDS EIGHT,0.2556,0.144,0.6004
HEARTS FIVE DIAMONDS EIGHT,0.3312,0.0748,0.594
DIAMONDS EIGHT DIAMONDS TEN,0.3252,0.0244,0.6504
DIAMONDS EIGHT DIAMONDS JACK,0.3186,0.0186,0.6628
SPADES JACK SPADES THREE,0.3598,0.0238,0.6164
SPADES TEN SPADES THREE,0.355,0.0298,0.6152
CLUBS FOUR HEARTS ACE,0.2324,0.0212,0.7464
CLUBS FOUR HEARTS QUEEN,0.2574,0.048,0.6946
CLUBS FOUR HEARTS KING,0.246,0.0328,0.7212
CLUBS SIX HEARTS TEN,0.3414,0.028,0.6306
CLUBS SIX HEARTS JACK,0.3482,0.0212,0.6306
SPADES FIVE DIAMONDS EIGHT,0.3204,0.0708,0.6088
DIAMONDS EIGHT SPADES TWO,0.2552,0.142,0.6028
DIAMONDS EIGHT SPADES THREE,0.3804,0.0782,0.5414
CLUBS FOUR HEARTS JACK,0.2446,0.0634,0.692
SPADES EIGHT DIAMONDS EIGHT,0.1428,0.0912,0.766
SPADES TEN DIAMONDS QUEEN,0.3288,0.0102,0.661
SPADES JACK HEARTS EIGHT,0.348,0.0168,0.6352
CLUBS FOUR HEARTS TEN,0.2524,0.086,0.6616
SPADES NINE DIAMONDS EIGHT,0.3198,0.0416,0.6386
SPADES TEN HEARTS EIGHT,0.3224,0.0266,0.651
SPADES JACK DIAMONDS QUEEN,0.3368,0.0116,0.6516
SPADES SIX DIAMONDS EIGHT,0.3238,0.0662,0.61
SPADES SEVEN DIAMONDS EIGHT,0.3228,0.0562,0.621
SPADES ACE DIAMONDS QUEEN,0.3396,0.0056,0.6548
SPADES ACE HEARTS EIGHT,0.3344,0.0056,0.66
SPADES KING HEARTS EIGHT,0.3416,0.0064,0.652
SPADES QUEEN DIAMONDS QUEEN,0.1442,0.0424,0.8134
SPADES KING DIAMONDS QUEEN,0.3412,0.0078,0.651
SPADES QUEEN HEARTS EIGHT,0.3248,0.012,0.6632
CLUBS TWO HEARTS TEN,0.263,0.0812,0.6558
CLUBS TWO HEARTS JACK,0.2672,0.0514,0.6814
SPADES SEVEN DIAMONDS NINE,0.3416,0.0368,0.6216
SPADES SIX DIAMONDS NINE,0.3378,0.0514,0.6108
SPADES NINE DIAMONDS NINE,0.1532,0.0786,0.7682
SPADES EIGHT DIAMONDS NINE,0.3286,0.0396,0.6318
SPADES TEN CLUBS KING,0.3448,0.008,0.6472
DIAMONDS NINE SPADES THREE,0.373,0.0452,0.5818
SPADES JACK CLUBS KING,0.3432,0.0104,0.6464
DIAMONDS NINE SPADES TWO,0.2714,0.103,0.6256
DIAMONDS NINE SPADES FIVE,0.3374,0.0516,0.611
CLUBS NINE DIAMONDS NINE,0.1458,0.0844,0.7698
CLUBS EIGHT DIAMONDS NINE,0.3338,0.0398,0.6264
CLUBS SIX DIAMONDS NINE,0.3392,0.0414,0.6194
SPADES JACK CLUBS FOUR,0.25,0.067,0.683
CLUBS SEVEN DIAMONDS NINE,0.3304,0.0392,0.6304
SPADES TEN CLUBS FOUR,0.2476,0.084,0.6684
CLUBS FOUR DIAMONDS NINE,0.2568,0.1064,0.6368
CLUBS FIVE DIAMONDS NINE,0.3526,0.0456,0.6018
DIAMONDS NINE CLUBS TWO,0.2608,0.105,0.6342
CLUBS THREE DIAMONDS NINE,0.3696,0.0432,0.5872
DIAMONDS NINE HEARTS EIGHT,0.3302,0.0388,0.631
DIAMONDS NINE HEARTS NINE,0.1424,0.0808,0.7768
HEARTS SIX DIAMONDS NINE,0.3394,0.0484,0.6122
HEARTS SEVEN DIAMONDS NINE,0.327,0.0504,0.6226
CLUBS NINE CLUBS EIGHT,0.3122,0.0334,0.6544
DIAMONDS ACE DIAMONDS NINE,0.3162,0.0056,0.6782
HEARTS FOUR DIAMONDS NINE,0.2524,0.1082,0.6394
HEARTS FIVE DIAMONDS NINE,0.3316,0.0492,0.6192
HEARTS ACE CLUBS TWO,0.2384,0.0158,0.7458
SPADES ACE CLUBS FOUR,0.237,0.0224,0.7406
DIAMONDS QUEEN DIAMONDS NINE,0.3232,0.012,0.6648
CLUBS TWO HEARTS KING,0.262,0.0268,0.7112
SPADES KING CLUBS FOUR,0.2418,0.0382,0.72
DIAMONDS KING DIAMONDS NINE,0.3172,0.0072,0.6756
HEARTS THREE DIAMONDS NINE,0.3554,0.0536,0.591
CLUBS TWO HEARTS QUEEN,0.2508,0.0352,0.714
SPADES QUEEN CLUBS FOUR,0.2444,0.048,0.7076
DIAMONDS NINE DIAMONDS JACK,0.3246,0.0162,0.6592
CLUBS EIGHT SPADES NINE,0.3134,0.0408,0.6458
DIAMONDS NINE DIAMONDS TEN,0.3104,0.0248,0.6648
CLUBS EIGHT SPADES EIGHT,0.1376,0.0998,0.7626
CLUBS EIGHT SPADES SEVEN,0.3192,0.058,0.6228
CLUBS EIGHT SPADES SIX,0.3324,0.0634,0.6042
CLUBS EIGHT SPADES FIVE,0.3392,0.0678,0.593
CLUBS EIGHT SPADES THREE,0.3722,0.0758,0.552
CLUBS EIGHT SPADES TWO,0.2564,0.1524,0.5912
HEARTS SIX DIAMONDS TEN,0.3428,0.0278,0.6294
HEARTS SEVEN DIAMONDS TEN,0.3252,0.0292,0.6456
DIAMONDS TEN HEARTS EIGHT,0.3396,0.0314,0.629
CLUBS FOUR CLUBS JACK,0.2308,0.0688,0.7004
DIAMONDS TEN HEARTS NINE,0.3278,0.0272,0.645
CLUBS TEN CLUBS FOUR,0.241,0.0774,0.6816
CLUBS FOUR CLUBS KING,0.2346,0.032,0.7334
CLUBS FOUR CLUBS QUEEN,0.2416,0.047,0.7114
CLUBS TWO DIAMONDS TEN,0.2658,0.0756,0.6586
CLUBS THREE DIAMONDS TEN,0.3752,0.0272,0.5976
CLUBS FOUR CLUBS ACE,0.2204,0.0246,0.755
DIAMONDS JACK DIAMONDS TEN,0.3238,0.0154,0.6608
DIAMONDS QUEEN DIAMONDS TEN,0.3224,0.0096,0.668
DIAMONDS KING DIAMONDS TEN,0.3054,0.0094,0.6852
HEARTS THREE DIAMONDS TEN,0.361,0.0374,0.6016
DIAMONDS ACE DIAMONDS TEN,0.325,0.0032,0.6718
HEARTS FOUR DIAMONDS TEN,0.2416,0.0848,0.6736
CLUBS EIGHT HEARTS JACK,0.3422,0.0194,0.6384
HEARTS FIVE DIAMONDS TEN,0.336,0.0296,0.6344
CLUBS EIGHT HEARTS TEN,0.3314,0.0256,0.643
CLUBS EIGHT HEARTS QUEEN,0.351,0.011,0.638
CLUBS EIGHT HEARTS KING,0.3484,0.0074,0.6442
CLUBS EIGHT HEARTS ACE,0.3328,0.0062,0.661
CLUBS NINE SPADES THREE,0.3712,0.0538,0.575
CLUBS NINE SPADES TWO,0.257,0.108,0.635
CLUBS NINE SPADES FIVE,0.3332,0.0466,0.6202
CLUBS NINE SPADES SEVEN,0.3338,0.0402,0.626
CLUBS NINE SPADES SIX,0.3388,0.0434,0.6178
CLUBS NINE SPADES NINE,0.1406,0.0856,0.7738
CLUBS TEN HEARTS EIGHT,0.3228,0.0244,0.6528
CLUBS NINE SPADES EIGHT,0.3314,0.0342,0.6344
HEARTS EIGHT CLUBS JACK,0.3258,0.0214,0.6528
CLUBS QUEEN HEARTS EIGHT,0.343,0.014,0.643
CLUBS KING HEARTS EIGHT,0.3536,0.0072,0.6392
CLUBS ACE HEARTS EIGHT,0.338,0.0056,0.6564
SPADES KING CLUBS KING,0.1404,0.0178,0.8418
SPADES QUEEN CLUBS KING,0.334,0.0076,0.6584
SPADES ACE CLUBS KING,0.3406,0.0066,0.6528
DIAMONDS ACE HEARTS TEN,0.3414,0.0048,0.6538
HEARTS FOUR HEARTS TEN,0.256,0.084,0.66
DIAMONDS ACE HEARTS JACK,0.3456,0.0052,0.6492
HEARTS FOUR HEARTS JACK,0.2476,0.0602,0.6922
SPADES KING CLUBS FIVE,0.338,0.0096,0.6524
SPADES QUEEN CLUBS FIVE,0.3314,0.0124,0.6562
SPADES ACE CLUBS FIVE,0.312,0.0056,0.6824
HEARTS SEVEN DIAMONDS JACK,0.3408,0.019,0.6402
HEARTS SIX DIAMONDS JACK,0.341,0.02,0.639
DIAMONDS JACK HEARTS NINE,0.34,0.018,0.642
DIAMONDS JACK HEARTS EIGHT,0.3414,0.0172,0.6414
DIAMONDS KING DIAMONDS JACK,0.3196,0.0084,0.672
HEARTS THREE DIAMONDS JACK,0.3556,0.0226,0.6218
SPADES ACE SPADES SIX,0.3334,0.0078,0.6588
DIAMONDS QUEEN DIAMONDS JACK,0.3082,0.0134,0.6784
HEARTS FIVE DIAMONDS JACK,0.3486,0.02,0.6314
SPADES QUEEN SPADES SIX,0.3178,0.0156,0.6666
DIAMONDS ACE DIAMONDS JACK,0.3236,0.005,0.6714
HEARTS FOUR DIAMONDS JACK,0.251,0.0604,0.6886
SPADES KING SPADES SIX,0.3296,0.0084,0.662
SPADES TEN SPADES SIX,0.3234,0.0268,0.6498
SPADES JACK SPADES SIX,0.3356,0.0196,0.6448
SPADES FIVE DIAMONDS JACK,0.3472,0.0182,0.6346
DIAMONDS JACK SPADES TWO,0.2634,0.0544,0.6822
SPADES THREE DIAMONDS JACK,0.3682,0.0208,0.611
SPADES ACE DIAMONDS THREE,0.3652,0.0068,0.628
SPADES QUEEN DIAMONDS THREE,0.3568,0.015,0.6282
CLUBS EIGHT DIAMONDS JACK,0.3392,0.0182,0.6426
SPADES KING DIAMONDS THREE,0.3564,0.0124,0.6312
CLUBS NINE DIAMONDS JACK,0.3374,0.014,0.6486
CLUBS SIX DIAMONDS JACK,0.35,0.0216,0.6284
CLUBS SEVEN DIAMONDS JACK,0.3372,0.0204,0.6424
CLUBS FOUR DIAMONDS JACK,0.25,0.0632,0.6868
CLUBS FIVE DIAMONDS JACK,0.346,0.0198,0.6342
CLUBS TWO DIAMONDS JACK,0.2704,0.057,0.6726
CLUBS THREE DIAMONDS JACK,0.3766,0.0246,0.5988
SPADES TEN CLUBS FIVE,0.3392,0.0302,0.6306
SPADES JACK HEARTS SIX,0.331,0.019,0.65
HEARTS SIX SPADES TEN,0.3246,0.0352,0.6402
SPADES JACK CLUBS FIVE,0.3408,0.0208,0.6384
SPADES JACK DIAMONDS THREE,0.3754,0.0214,0.6032
CLUBS SEVEN CLUBS ACE,0.3226,0.0052,0.6722
DIAMONDS THREE SPADES TEN,0.3636,0.0296,0.6068
CLUBS SEVEN CLUBS QUEEN,0.3284,0.0116,0.66
CLUBS SEVEN CLUBS KING,0.3256,0.009,0.6654
SPADES NINE DIAMONDS JACK,0.3334,0.0154,0.6512
CLUBS TEN CLUBS SEVEN,0.3234,0.0276,0.649
DIAMONDS ACE HEARTS ACE,0.1294,0.0064,0.8642
HEARTS FOUR HEARTS ACE,0.221,0.0232,0.7558
SPADES EIGHT DIAMONDS JACK,0.3288,0.019,0.6522
SPADES ACE HEARTS SIX,0.337,0.0042,0.6588
CLUBS SEVEN CLUBS JACK,0.3176,0.0174,0.665
DIAMONDS ACE HEARTS KING,0.3284,0.0056,0.666
HEARTS FOUR HEARTS KING,0.2382,0.0406,0.7212
SPADES SEVEN DIAMONDS JACK,0.3356,0.0212,0.6432
SPADES KING HEARTS SIX,0.3322,0.0078,0.66
DIAMONDS ACE HEARTS QUEEN,0.3316,0.005,0.6634
HEARTS FOUR HEARTS QUEEN,0.2362,0.0486,0.7152
SPADES QUEEN HEARTS SIX,0.343,0.015,0.642
SPADES SIX DIAMONDS JACK,0.342,0.0222,0.6358
SPADES TWO DIAMONDS TEN,0.2684,0.075,0.6566
SPADES THREE DIAMONDS TEN,0.371,0.0328,0.5962
SPADES FIVE DIAMONDS TEN,0.338,0.0308,0.6312
SPADES SIX DIAMONDS TEN,0.352,0.0322,0.6158
SPADES SEVEN DIAMONDS TEN,0.324,0.0254,0.6506
SPADES EIGHT DIAMONDS TEN,0.3268,0.0278,0.6454
SPADES NINE DIAMONDS TEN,0.3258,0.0266,0.6476
CLUBS FOUR DIAMONDS TEN,0.259,0.0854,0.6556
CLUBS FIVE DIAMONDS TEN,0.347,0.0292,0.6238
CLUBS SIX DIAMONDS TEN,0.344,0.0282,0.6278
CLUBS SEVEN DIAMONDS TEN,0.3486,0.031,0.6204
CLUBS EIGHT DIAMONDS TEN,0.3428,0.0254,0.6318
CLUBS NINE DIAMONDS TEN,0.3256,0.0238,0.6506
DIAMONDS THREE CLUBS JACK,0.3886,0.0216,0.5898
CLUBS TEN DIAMONDS THREE,0.3788,0.0332,0.588
DIAMONDS THREE CLUBS KING,0.3718,0.0078,0.6204
DIAMONDS THREE CLUBS QUEEN,0.3642,0.0184,0.6174
DIAMONDS THREE CLUBS ACE,0.374,0.0044,0.6216
SPADES FIVE SPADES TWO,0.215,0.3558,0.4292
SPADES THREE SPADES TWO,0.272,0.4672,0.2608
SPADES NINE SPADES TWO,0.2508,0.1072,0.642
SPADES EIGHT SPADES TWO,0.2318,0.1464,0.6218
SPADES SEVEN SPADES TWO,0.2454,0.1896,0.565
SPADES SIX SPADES TWO,0.2334,0.2634,0.5032
DIAMONDS QUEEN CLUBS THREE,0.3708,0.0134,0.6158
DIAMONDS QUEEN CLUBS TWO,0.2624,0.0368,0.7008
HEARTS SEVEN DIAMONDS QUEEN,0.3488,0.0146,0.6366
HEARTS SIX DIAMONDS QUEEN,0.3642,0.011,0.6248
DIAMONDS QUEEN HEARTS NINE,0.3424,0.0118,0.6458
DIAMONDS QUEEN HEARTS EIGHT,0.3352,0.015,0.6498
CLUBS NINE DIAMONDS QUEEN,0.3366,0.0122,0.6512
CLUBS EIGHT DIAMONDS QUEEN,0.3396,0.0104,0.65
CLUBS FIVE DIAMONDS QUEEN,0.3426,0.0162,0.6412
SPADES EIGHT HEARTS ACE,0.3266,0.0052,0.6682
DIAMONDS QUEEN CLUBS FOUR,0.2592,0.0472,0.6936
CLUBS SEVEN DIAMONDS QUEEN,0.3506,0.013,0.6364
SPADES EIGHT HEARTS QUEEN,0.3414,0.0154,0.6432
CLUBS SIX DIAMONDS QUEEN,0.3434,0.013,0.6436
SPADES EIGHT HEARTS KING,0.337,0.0092,0.6538
DIAMONDS QUEEN SPADES SIX,0.3314,0.013,0.6556
HEARTS FOUR CLUBS QUEEN,0.2526,0.0506,0.6968
DIAMONDS ACE CLUBS QUEEN,0.342,0.0038,0.6542
DIAMONDS QUEEN SPADES SEVEN,0.3458,0.0174,0.6368
HEARTS FOUR CLUBS KING,0.2402,0.0372,0.7226
DIAMONDS ACE CLUBS KING,0.3432,0.0064,0.6504
DIAMONDS QUEEN SPADES EIGHT,0.355,0.008,0.637
HEARTS FOUR CLUBS ACE,0.2378,0.0322,0.73
DIAMONDS ACE CLUBS ACE,0.1352,0.0052,0.8596
SPADES NINE DIAMONDS QUEEN,0.3404,0.0112,0.6484
DIAMONDS QUEEN SPADES TWO,0.2654,0.0414,0.6932
DIAMONDS QUEEN SPADES THREE,0.3588,0.0142,0.627
CLUBS TEN HEARTS FOUR,0.2414,0.0892,0.6694
CLUBS TEN DIAMONDS ACE,0.3372,0.0044,0.6584
DIAMONDS QUEEN SPADES FIVE,0.3342,0.0122,0.6536
HEARTS FOUR CLUBS JACK,0.2436,0.069,0.6874
DIAMONDS ACE CLUBS JACK,0.3346,0.0048,0.6606
CLUBS FIVE CLUBS KING,0.3334,0.01,0.6566
CLUBS FIVE CLUBS QUEEN,0.3168,0.015,0.6682
CLUBS FIVE CLUBS ACE,0.2972,0.0068,0.696
CLUBS FIVE CLUBS JACK,0.3236,0.0202,0.6562
CLUBS TEN CLUBS FIVE,0.3266,0.0306,0.6428
SPADES KING CLUBS JACK,0.3438,0.0086,0.6476
SPADES QUEEN CLUBS JACK,0.3338,0.0112,0.655
SPADES ACE CLUBS JACK,0.341,0.0058,0.6532
SPADES SIX CLUBS KING,0.3468,0.0112,0.642
SPADES SIX CLUBS QUEEN,0.3456,0.014,0.6404
SPADES EIGHT HEARTS JACK,0.3418,0.0168,0.6414
SPADES SIX CLUBS ACE,0.3462,0.0044,0.6494
SPADES EIGHT HEARTS TEN,0.3314,0.0268,0.6418
SPADES SIX CLUBS JACK,0.3572,0.0186,0.6242
CLUBS TEN SPADES SIX,0.338,0.0306,0.6314
SPADES TEN CLUBS JACK,0.322,0.017,0.661
SPADES JACK CLUBS JACK,0.1416,0.0498,0.8086
SPADES QUEEN CLUBS SEVEN,0.3342,0.0154,0.6504
SPADES KING CLUBS SEVEN,0.3334,0.0098,0.6568
SPADES ACE CLUBS SEVEN,0.345,0.0044,0.6506
SPADES SIX HEARTS TEN,0.3352,0.0274,0.6374
SPADES SIX HEARTS JACK,0.3514,0.02,0.6286
SPADES SIX HEARTS ACE,0.335,0.0054,0.6596
SPADES SIX HEARTS KING,0.329,0.0094,0.6616
SPADES SIX HEARTS QUEEN,0.3384,0.0152,0.6464
CLUBS SEVEN SPADES JACK,0.3424,0.0176,0.64
CLUBS SEVEN SPADES TEN,0.336,0.0324,0.6316
CLUBS TEN HEARTS SIX,0.3252,0.032,0.6428
HEARTS SIX CLUBS JACK,0.34,0.0218,0.6382
CLUBS ACE CLUBS JACK,0.3314,0.0048,0.6638
HEARTS SIX CLUBS QUEEN,0.3458,0.0142,0.64
HEARTS SIX CLUBS KING,0.3444,0.0112,0.6444
HEARTS SIX CLUBS ACE,0.341,0.004,0.655
CLUBS QUEEN CLUBS JACK,0.3244,0.0114,0.6642
CLUBS KING CLUBS JACK,0.3166,0.0086,0.6748
DIAMONDS THREE HEARTS ACE,0.349,0.0056,0.6454
DIAMONDS THREE HEARTS QUEEN,0.3714,0.0174,0.6112
DIAMONDS THREE HEARTS KING,0.3662,0.0106,0.6232
CLUBS FIVE HEARTS JACK,0.3442,0.0226,0.6332
SPADES TEN DIAMONDS ACE,0.3386,0.0042,0.6572
HEARTS FOUR SPADES TEN,0.2418,0.085,0.6732
CLUBS FIVE HEARTS TEN,0.3322,0.0334,0.6344
HEARTS FOUR SPADES JACK,0.2484,0.0668,0.6848
SPADES JACK DIAMONDS ACE,0.3504,0.0042,0.6454
SPADES ACE HEARTS FOUR,0.2202,0.0258,0.754
SPADES ACE DIAMONDS ACE,0.1318,0.0054,0.8628
CLUBS FIVE HEARTS ACE,0.325,0.0046,0.6704
CLUBS FIVE HEARTS KING,0.3344,0.0078,0.6578
HEARTS FOUR SPADES QUEEN,0.2484,0.048,0.7036
SPADES QUEEN DIAMONDS ACE,0.3352,0.0064,0.6584
CLUBS FIVE HEARTS QUEEN,0.3414,0.016,0.6426
SPADES KING DIAMONDS ACE,0.343,0.0042,0.6528
SPADES KING HEARTS FOUR,0.2392,0.039,0.7218
DIAMONDS QUEEN DIAMONDS ACE,0.3226,0.006,0.6714
HEARTS FOUR DIAMONDS QUEEN,0.2524,0.048,0.6996
DIAMONDS THREE HEARTS TEN,0.3764,0.0306,0.593
HEARTS FIVE DIAMONDS QUEEN,0.343,0.015,0.642
DIAMONDS THREE HEARTS JACK,0.3658,0.0236,0.6106
DIAMONDS KING DIAMONDS QUEEN,0.3392,0.0074,0.6534
DIAMONDS QUEEN HEARTS THREE,0.3724,0.0176,0.61
DIAMONDS QUEEN CLUBS ACE,0.3382,0.0046,0.6572
DIAMONDS QUEEN CLUBS QUEEN,0.154,0.0368,0.8092
DIAMONDS QUEEN CLUBS KING,0.345,0.0062,0.6488
SPADES EIGHT SPADES FIVE,0.3048,0.0718,0.6234
CLUBS TEN DIAMONDS QUEEN,0.346,0.009,0.645
SPADES NINE SPADES FIVE,0.3266,0.0442,0.6292
DIAMONDS QUEEN CLUBS JACK,0.3344,0.0102,0.6554
SPADES SIX SPADES FIVE,0.2992,0.1454,0.5554
SPADES SEVEN SPADES FIVE,0.2986,0.0984,0.603
DIAMONDS FIVE CLUBS QUEEN,0.3418,0.0146,0.6436
SPADES EIGHT CLUBS ACE,0.3388,0.0066,0.6546
DIAMONDS FIVE CLUBS KING,0.339,0.01,0.651
SPADES EIGHT CLUBS KING,0.3352,0.0094,0.6554
CLUBS ACE DIAMONDS FIVE,0.3258,0.0042,0.67
SPADES EIGHT CLUBS QUEEN,0.3388,0.0112,0.65
SPADES EIGHT CLUBS JACK,0.3446,0.016,0.6394
CLUBS TEN SPADES EIGHT,0.3278,0.0284,0.6438
CLUBS TEN DIAMONDS FIVE,0.3534,0.0262,0.6204
DIAMONDS FIVE CLUBS JACK,0.3542,0.0224,0.6234
DIAMONDS TEN HEARTS JACK,0.326,0.0138,0.6602
DIAMONDS TEN HEARTS TEN,0.146,0.0608,0.7932
SPADES ACE CLUBS NINE,0.3432,0.0036,0.6532
CLUBS NINE SPADES QUEEN,0.3376,0.0094,0.653
CLUBS NINE SPADES KING,0.3422,0.0082,0.6496
HEARTS SIX HEARTS KING,0.3234,0.0122,0.6644
DIAMONDS KING SPADES SEVEN,0.3526,0.0088,0.6386
HEARTS THREE SPADES SEVEN,0.3514,0.1118,0.5368
SPADES KING DIAMONDS SEVEN,0.3392,0.0096,0.6512
HEARTS SIX HEARTS QUEEN,0.3262,0.0104,0.6634
SPADES QUEEN DIAMONDS SEVEN,0.3622,0.0134,0.6244
HEARTS THREE SPADES SIX,0.3338,0.1652,0.501
DIAMONDS KING SPADES SIX,0.3364,0.0094,0.6542
DIAMONDS KING SPADES NINE,0.3336,0.0096,0.6568
SPADES NINE HEARTS THREE,0.3618,0.0494,0.5888
HEARTS SIX HEARTS ACE,0.3352,0.006,0.6588
DIAMONDS KING SPADES EIGHT,0.35,0.01,0.64
SPADES EIGHT HEARTS THREE,0.3684,0.0668,0.5648
SPADES ACE DIAMONDS SEVEN,0.335,0.0054,0.6596
CLUBS NINE HEARTS THREE,0.3708,0.0512,0.578
CLUBS NINE DIAMONDS KING,0.3464,0.0074,0.6462
CLUBS EIGHT HEARTS THREE,0.382,0.0692,0.5488
CLUBS EIGHT DIAMONDS KING,0.3376,0.0078,0.6546
HEARTS THREE SPADES THREE,0.2062,0.174,0.6198
