opposingHand,winningChance,drawChance,lostChance
HEARTS THREE SPADES THREE
HEARTS FIVE SPADES TEN,0.5282,0.0688,0.403
HEARTS FIVE SPADES JACK,0.5424,0.05,0.4076
SPADES FIVE CLUBS JACK,0.5416,0.0492,0.4092
CLUBS TEN SPADES FIVE,0.5248,0.0672,0.408
CLUBS EIGHT CLUBS JACK,0.4818,0.0336,0.4846
CLUBS TEN CLUBS EIGHT,0.4712,0.051,0.4778
CLUBS EIGHT CLUBS KING,0.5036,0.0122,0.4842
SPADES FIVE CLUBS ACE,0.515,0.0056,0.4794
CLUBS EIGHT CLUBS QUEEN,0.496,0.0248,0.4792
SPADES FIVE CLUBS KING,0.5266,0.0224,0.451
SPADES FIVE CLUBS QUEEN,0.5372,0.0306,0.4322
CLUBS EIGHT CLUBS ACE,0.4948,0.0052,0.5
DIAMONDS TWO DIAMONDS THREE,0.7398,0.133,0.1272
DIAMONDS TWO DIAMONDS FIVE,0.58,0.155,0.265
HEARTS FIVE SPADES KING,0.5368,0.0204,0.4428
DIAMONDS TWO DIAMONDS FOUR,0.5952,0.1572,0.2476
HEARTS FIVE SPADES QUEEN,0.5402,0.0306,0.4292
DIAMONDS TWO DIAMONDS SEVEN,0.605,0.122,0.273
DIAMONDS TWO DIAMONDS SIX,0.5876,0.1362,0.2762
SPADES ACE HEARTS FIVE,0.5204,0.0062,0.4734
DIAMONDS TWO DIAMONDS NINE,0.587,0.0902,0.3228
DIAMONDS TWO DIAMONDS EIGHT,0.6014,0.0942,0.3044
DIAMONDS THREE DIAMONDS FOUR,0.575,0.1334,0.2916
CLUBS TWO SPADES FOUR,0.6128,0.1692,0.218
DIAMONDS THREE DIAMONDS FIVE,0.5818,0.117,0.3012
SPADES FIVE CLUBS TWO,0.6144,0.1558,0.2298
CLUBS TWO SPADES TWO,0.4894,0.337,0.1736
DIAMONDS THREE DIAMONDS EIGHT,0.6242,0.0706,0.3052
SPADES EIGHT CLUBS TWO,0.6144,0.1082,0.2774
DIAMONDS THREE DIAMONDS NINE,0.625,0.0622,0.3128
SPADES NINE CLUBS TWO,0.6282,0.0888,0.283
DIAMONDS THREE DIAMONDS SIX,0.5958,0.1012,0.303
SPADES SIX CLUBS TWO,0.6234,0.1472,0.2294
DIAMONDS THREE DIAMONDS SEVEN,0.6216,0.0798,0.2986
SPADES SEVEN CLUBS TWO,0.6246,0.1382,0.2372
CLUBS SIX CLUBS TWO,0.5914,0.1342,0.2744
CLUBS SEVEN CLUBS TWO,0.5912,0.1204,0.2884
CLUBS FOUR CLUBS TWO,0.5672,0.1688,0.264
CLUBS FIVE CLUBS TWO,0.589,0.1556,0.2554
CLUBS TEN CLUBS JACK,0.4626,0.0266,0.5108
DIAMONDS FOUR DIAMONDS SIX,0.485,0.1292,0.3858
CLUBS TEN CLUBS QUEEN,0.4722,0.0194,0.5084
DIAMONDS FOUR DIAMONDS SEVEN,0.493,0.1244,0.3826
CLUBS TEN CLUBS KING,0.4844,0.0088,0.5068
CLUBS TEN CLUBS ACE,0.4742,0.0054,0.5204
CLUBS EIGHT CLUBS TWO,0.6086,0.1016,0.2898
DIAMONDS FIVE DIAMONDS FOUR,0.4736,0.141,0.3854
CLUBS NINE CLUBS TWO,0.591,0.087,0.322
DIAMONDS NINE DIAMONDS FOUR,0.503,0.086,0.411
DIAMONDS EIGHT DIAMONDS FOUR,0.497,0.1044,0.3986
CLUBS THREE CLUBS TWO,0.7368,0.135,0.1282
DIAMONDS NINE DIAMONDS FIVE,0.5018,0.0764,0.4218
DIAMONDS TWO CLUBS JACK,0.6306,0.0522,0.3172
DIAMONDS EIGHT DIAMONDS FIVE,0.4938,0.0914,0.4148
CLUBS TEN DIAMONDS TWO,0.6306,0.071,0.2984
DIAMONDS FIVE DIAMONDS SEVEN,0.4976,0.1054,0.397
DIAMONDS FIVE DIAMONDS SIX,0.4848,0.1212,0.394
DIAMONDS TWO CLUBS ACE,0.6246,0.0078,0.3676
DIAMONDS TWO CLUBS KING,0.649,0.0202,0.3308
DIAMONDS TWO CLUBS QUEEN,0.6342,0.0356,0.3302
DIAMONDS EIGHT DIAMONDS SIX,0.4896,0.092,0.4184
DIAMONDS NINE DIAMONDS SIX,0.4778,0.0666,0.4556
DIAMONDS SEVEN DIAMONDS SIX,0.472,0.1056,0.4224
DIAMONDS EIGHT DIAMONDS SEVEN,0.4604,0.0804,0.4592
DIAMONDS NINE DIAMONDS SEVEN,0.4762,0.0648,0.459
DIAMONDS NINE DIAMONDS EIGHT,0.4628,0.0604,0.4768
DIAMONDS KING HEARTS TEN,0.5102,0.0124,0.4774
SPADES JACK CLUBS SIX,0.5234,0.0428,0.4338
DIAMONDS KING HEARTS JACK,0.5106,0.0092,0.4802
SPADES TEN CLUBS SIX,0.5278,0.0592,0.413
SPADES JACK SPADES FIVE,0.51,0.0522,0.4378
SPADES TEN SPADES FIVE,0.509,0.0642,0.4268
DIAMONDS KING HEARTS ACE,0.5132,0.0046,0.4822
SPADES ACE CLUBS SIX,0.5368,0.0052,0.458
DIAMONDS KING HEARTS QUEEN,0.5052,0.009,0.4858
SPADES KING CLUBS SIX,0.5402,0.0168,0.443
DIAMONDS KING HEARTS KING,0.1856,0.033,0.7814
SPADES QUEEN CLUBS SIX,0.5406,0.0292,0.4302
SPADES NINE HEARTS TEN,0.481,0.052,0.467
SPADES NINE HEARTS JACK,0.5024,0.0312,0.4664
SPADES QUEEN SPADES FIVE,0.5144,0.0332,0.4524
SPADES KING SPADES FIVE,0.5166,0.015,0.4684
SPADES ACE SPADES FIVE,0.4968,0.0076,0.4956
SPADES NINE HEARTS QUEEN,0.5092,0.0218,0.469
SPADES NINE HEARTS KING,0.5294,0.0124,0.4582
SPADES NINE HEARTS ACE,0.5284,0.0038,0.4678
CLUBS TEN SPADES JACK,0.4846,0.023,0.4924
CLUBS TEN SPADES TEN,0.1858,0.125,0.6892
SPADES ACE CLUBS TEN,0.5056,0.0058,0.4886
SPADES KING CLUBS TEN,0.4916,0.0116,0.4968
CLUBS TEN SPADES QUEEN,0.5084,0.0212,0.4704
SPADES FIVE HEARTS QUEEN,0.5428,0.0374,0.4198
SPADES FIVE HEARTS KING,0.5454,0.0184,0.4362
HEARTS ACE SPADES FIVE,0.5206,0.0054,0.474
CLUBS EIGHT SPADES TEN,0.5032,0.0472,0.4496
SPADES JACK DIAMONDS KING,0.5124,0.0054,0.4822
SPADES TEN DIAMONDS KING,0.5124,0.0108,0.4768
SPADES JACK CLUBS EIGHT,0.5188,0.0412,0.44
CLUBS SIX HEARTS ACE,0.5458,0.0046,0.4496
SPADES ACE CLUBS EIGHT,0.5122,0.0078,0.48
HEARTS FIVE CLUBS JACK,0.5414,0.0498,0.4088
HEARTS FIVE CLUBS TEN,0.5282,0.0686,0.4032
CLUBS SIX HEARTS QUEEN,0.5252,0.0294,0.4454
SPADES QUEEN CLUBS EIGHT,0.54,0.0228,0.4372
CLUBS SIX HEARTS KING,0.5344,0.0148,0.4508
SPADES KING CLUBS EIGHT,0.5366,0.014,0.4494
DIAMONDS TWO HEARTS JACK,0.6226,0.0576,0.3198
DIAMONDS TWO HEARTS TEN,0.6202,0.0716,0.3082
HEARTS FIVE CLUBS ACE,0.5152,0.0054,0.4794
SPADES FIVE HEARTS TEN,0.5336,0.0654,0.401
HEARTS FIVE CLUBS KING,0.5332,0.0178,0.449
SPADES FIVE HEARTS JACK,0.5404,0.0472,0.4124
HEARTS FIVE CLUBS QUEEN,0.5372,0.0294,0.4334
DIAMONDS KING CLUBS KING,0.193,0.0364,0.7706
DIAMONDS KING CLUBS QUEEN,0.5258,0.007,0.4672
HEARTS FIVE HEARTS JACK,0.502,0.0458,0.4522
HEARTS FIVE HEARTS TEN,0.507,0.0682,0.4248
DIAMONDS KING CLUBS ACE,0.533,0.0042,0.4628
SPADES ACE CLUBS QUEEN,0.5186,0.0052,0.4762
SPADES KING CLUBS QUEEN,0.5146,0.0062,0.4792
DIAMONDS KING CLUBS JACK,0.4936,0.0096,0.4968
SPADES QUEEN CLUBS QUEEN,0.198,0.0632,0.7388
CLUBS TEN DIAMONDS KING,0.5148,0.008,0.4772
SPADES JACK CLUBS QUEEN,0.5006,0.0158,0.4836
CLUBS SIX CLUBS QUEEN,0.5122,0.0298,0.458
SPADES TEN CLUBS QUEEN,0.505,0.0178,0.4772
CLUBS SIX CLUBS KING,0.4994,0.0168,0.4838
CLUBS SIX CLUBS ACE,0.4996,0.0058,0.4946
HEARTS FIVE HEARTS KING,0.5158,0.0192,0.465
HEARTS FIVE HEARTS QUEEN,0.5144,0.0326,0.453
CLUBS TEN CLUBS SIX,0.4966,0.0576,0.4458
HEARTS FIVE HEARTS ACE,0.508,0.0084,0.4836
CLUBS SIX CLUBS JACK,0.5096,0.0424,0.448
SPADES SEVEN HEARTS JACK,0.523,0.0412,0.4358
SPADES SEVEN HEARTS TEN,0.502,0.0538,0.4442
DIAMONDS TWO CLUBS TWO,0.4894,0.3266,0.184
DIAMONDS TWO CLUBS THREE,0.7724,0.1442,0.0834
DIAMONDS TWO HEARTS SIX,0.6196,0.1474,0.233
DIAMONDS TWO HEARTS QUEEN,0.632,0.036,0.332
HEARTS SEVEN DIAMONDS TWO,0.6176,0.1296,0.2528
DIAMONDS TWO HEARTS KING,0.6296,0.0208,0.3496
DIAMONDS TWO HEARTS EIGHT,0.61,0.113,0.277
DIAMONDS TWO HEARTS ACE,0.619,0.006,0.375
DIAMONDS TWO HEARTS NINE,0.6272,0.0926,0.2802
DIAMONDS TWO DIAMONDS QUEEN,0.59,0.0388,0.3712
DIAMONDS TWO HEARTS TWO,0.5072,0.3294,0.1634
DIAMONDS TWO DIAMONDS KING,0.594,0.023,0.383
DIAMONDS TWO DIAMONDS ACE,0.5966,0.006,0.3974
HEARTS FOUR DIAMONDS TWO,0.6184,0.1648,0.2168
HEARTS FIVE DIAMONDS TWO,0.6208,0.1578,0.2214
SPADES SEVEN HEARTS ACE,0.5254,0.006,0.4686
DIAMONDS TWO DIAMONDS TEN,0.5934,0.0658,0.3408
SPADES SEVEN HEARTS KING,0.5362,0.014,0.4498
DIAMONDS TWO DIAMONDS JACK,0.6048,0.0508,0.3444
SPADES SEVEN HEARTS QUEEN,0.5276,0.0264,0.446
DIAMONDS TWO SPADES NINE,0.622,0.0974,0.2806
DIAMONDS TWO SPADES EIGHT,0.6246,0.1064,0.269
DIAMONDS TWO SPADES SEVEN,0.6316,0.1268,0.2416
DIAMONDS TWO SPADES SIX,0.6114,0.1486,0.24
DIAMONDS TWO SPADES FIVE,0.5998,0.1662,0.234
DIAMONDS TWO SPADES FOUR,0.6188,0.1664,0.2148
DIAMONDS TWO SPADES TWO,0.4848,0.3314,0.1838
CLUBS NINE DIAMONDS TWO,0.624,0.0896,0.2864
DIAMONDS TWO CLUBS EIGHT,0.629,0.113,0.258
CLUBS SEVEN DIAMONDS TWO,0.6252,0.1208,0.254
DIAMONDS TWO CLUBS SIX,0.6352,0.1294,0.2354
DIAMONDS TWO CLUBS FIVE,0.6056,0.1654,0.229
DIAMONDS TWO CLUBS FOUR,0.6116,0.178,0.2104
CLUBS FOUR SPADES FIVE,0.5136,0.1422,0.3442
CLUBS FOUR SPADES FOUR,0.1696,0.304,0.5264
CLUBS FOUR SPADES TWO,0.6288,0.1622,0.209
SPADES NINE CLUBS FOUR,0.54,0.086,0.374
SPADES EIGHT CLUBS FOUR,0.5288,0.1008,0.3704
SPADES SEVEN CLUBS FOUR,0.5188,0.1248,0.3564
CLUBS FOUR SPADES SIX,0.4972,0.137,0.3658
SPADES ACE DIAMONDS SIX,0.5402,0.0046,0.4552
SPADES QUEEN DIAMONDS SIX,0.5448,0.0302,0.425
SPADES KING DIAMONDS SIX,0.5274,0.0164,0.4562
SPADES TEN DIAMONDS SIX,0.5256,0.0642,0.4102
SPADES JACK DIAMONDS SIX,0.5448,0.0434,0.4118
SPADES QUEEN SPADES TWO,0.603,0.036,0.361
SPADES KING SPADES TWO,0.6138,0.0188,0.3674
SPADES ACE SPADES TWO,0.591,0.0082,0.4008
DIAMONDS JACK CLUBS JACK,0.1878,0.0892,0.723
CLUBS TEN DIAMONDS JACK,0.4974,0.0288,0.4738
DIAMONDS JACK CLUBS KING,0.5182,0.0088,0.473
DIAMONDS JACK CLUBS QUEEN,0.5034,0.0148,0.4818
DIAMONDS THREE DIAMONDS JACK,0.6186,0.041,0.3404
DIAMONDS THREE DIAMONDS TEN,0.6242,0.0452,0.3306
DIAMONDS JACK CLUBS ACE,0.5214,0.0052,0.4734
DIAMONDS THREE DIAMONDS KING,0.6232,0.0238,0.353
DIAMONDS THREE DIAMONDS QUEEN,0.625,0.0318,0.3432
DIAMONDS THREE HEARTS TWO,0.7806,0.1424,0.077
HEARTS FIVE DIAMONDS THREE,0.6152,0.1214,0.2634
DIAMONDS THREE DIAMONDS ACE,0.6002,0.0226,0.3772
HEARTS FOUR DIAMONDS THREE,0.6056,0.1282,0.2662
HEARTS SEVEN DIAMONDS THREE,0.6476,0.0824,0.27
SPADES TEN SPADES NINE,0.4672,0.0438,0.489
HEARTS SIX DIAMONDS THREE,0.6454,0.101,0.2536
SPADES JACK SPADES NINE,0.4734,0.0336,0.493
DIAMONDS THREE HEARTS NINE,0.6664,0.066,0.2676
HEARTS JACK DIAMONDS FOUR,0.5394,0.0436,0.417
HEARTS ACE HEARTS KING,0.5004,0.0076,0.492
SPADES TEN SPADES TWO,0.5926,0.071,0.3364
DIAMONDS THREE HEARTS EIGHT,0.6592,0.0758,0.265
HEARTS TEN DIAMONDS FOUR,0.5442,0.0704,0.3854
SPADES JACK SPADES TWO,0.584,0.0518,0.3642
HEARTS QUEEN DIAMONDS FOUR,0.539,0.0334,0.4276
HEARTS KING DIAMONDS FOUR,0.5388,0.0172,0.444
SPADES ACE SPADES NINE,0.506,0.0026,0.4914
HEARTS ACE DIAMONDS FOUR,0.5228,0.0066,0.4706
SPADES KING SPADES NINE,0.4976,0.01,0.4924
SPADES QUEEN SPADES NINE,0.4946,0.0236,0.4818
DIAMONDS THREE SPADES NINE,0.6598,0.0678,0.2724
DIAMONDS THREE SPADES EIGHT,0.6586,0.0738,0.2676
DIAMONDS THREE SPADES SEVEN,0.655,0.0902,0.2548
DIAMONDS THREE SPADES SIX,0.6388,0.0958,0.2654
DIAMONDS THREE CLUBS SIX,0.649,0.1054,0.2456
CLUBS FIVE CLUBS SIX,0.4758,0.1308,0.3934
CLUBS ACE DIAMONDS FOUR,0.55,0.0042,0.4458
CLUBS SEVEN DIAMONDS THREE,0.642,0.0852,0.2728
CLUBS SEVEN CLUBS FIVE,0.4804,0.1106,0.409
DIAMONDS THREE CLUBS FOUR,0.6098,0.1306,0.2596
DIAMONDS FOUR CLUBS QUEEN,0.557,0.0324,0.4106
DIAMONDS THREE CLUBS FIVE,0.6148,0.116,0.2692
CLUBS KING DIAMONDS FOUR,0.5364,0.0192,0.4444
DIAMONDS THREE CLUBS TWO,0.776,0.1418,0.0822
CLUBS TEN DIAMONDS FOUR,0.542,0.061,0.397
DIAMONDS THREE CLUBS THREE,0.021,0.9586,0.0204
DIAMONDS FOUR CLUBS JACK,0.5366,0.0506,0.4128
DIAMONDS THREE SPADES FOUR,0.623,0.1308,0.2462
DIAMONDS THREE SPADES FIVE,0.6056,0.1216,0.2728
DIAMONDS THREE SPADES TWO,0.7772,0.148,0.0748
CLUBS EIGHT DIAMONDS THREE,0.6616,0.0716,0.2668
CLUBS NINE DIAMONDS THREE,0.6638,0.0672,0.269
SPADES SEVEN CLUBS ACE,0.526,0.0036,0.4704
SPADES SEVEN CLUBS QUEEN,0.537,0.0264,0.4366
SPADES SEVEN CLUBS KING,0.5302,0.0168,0.453
CLUBS FIVE SPADES SEVEN,0.504,0.1172,0.3788
CLUBS TEN SPADES SEVEN,0.5092,0.0554,0.4354
CLUBS FIVE SPADES SIX,0.5016,0.132,0.3664
SPADES SEVEN CLUBS JACK,0.5312,0.0402,0.4286
CLUBS FIVE SPADES NINE,0.5234,0.0826,0.394
CLUBS FIVE SPADES EIGHT,0.5162,0.0996,0.3842
CLUBS FIVE SPADES TWO,0.6088,0.161,0.2302
CLUBS FIVE SPADES FIVE,0.1796,0.2756,0.5448
CLUBS FIVE SPADES FOUR,0.4932,0.1498,0.357
CLUBS NINE CLUBS FIVE,0.4968,0.0806,0.4226
CLUBS EIGHT CLUBS FIVE,0.483,0.1024,0.4146
CLUBS ACE CLUBS QUEEN,0.4838,0.0052,0.511
CLUBS KING CLUBS QUEEN,0.4856,0.0068,0.5076
DIAMONDS TEN DIAMONDS FOUR,0.5194,0.0642,0.4164
CLUBS TEN DIAMONDS NINE,0.493,0.0396,0.4674
DIAMONDS JACK DIAMONDS FOUR,0.5104,0.0496,0.44
DIAMONDS NINE CLUBS JACK,0.5094,0.0308,0.4598
SPADES NINE CLUBS JACK,0.506,0.032,0.462
CLUBS TEN SPADES NINE,0.4762,0.043,0.4808
DIAMONDS ACE DIAMONDS FOUR,0.509,0.0046,0.4864
HEARTS FOUR DIAMONDS FOUR,0.181,0.3122,0.5068
DIAMONDS JACK HEARTS TEN,0.4818,0.0284,0.4898
SPADES NINE CLUBS KING,0.5254,0.0114,0.4632
DIAMONDS TWO SPADES TEN,0.6228,0.079,0.2982
DIAMONDS NINE CLUBS ACE,0.531,0.0036,0.4654
HEARTS FIVE DIAMONDS FOUR,0.5154,0.1438,0.3408
DIAMONDS JACK HEARTS JACK,0.1816,0.09,0.7284
SPADES NINE CLUBS QUEEN,0.5112,0.0256,0.4632
DIAMONDS TWO SPADES JACK,0.6338,0.0534,0.3128
DIAMONDS QUEEN DIAMONDS FOUR,0.5118,0.0292,0.459
HEARTS TWO DIAMONDS FOUR,0.6258,0.1652,0.209
DIAMONDS NINE CLUBS QUEEN,0.5336,0.0164,0.45
DIAMONDS KING DIAMONDS FOUR,0.5158,0.0162,0.468
SPADES NINE CLUBS ACE,0.5176,0.006,0.4764
DIAMONDS NINE CLUBS KING,0.5192,0.011,0.4698
HEARTS ACE DIAMONDS JACK,0.5044,0.0054,0.4902
SPADES ACE DIAMONDS TWO,0.6252,0.0078,0.367
HEARTS QUEEN DIAMONDS JACK,0.499,0.017,0.484
SPADES QUEEN DIAMONDS TWO,0.6246,0.0404,0.335
DIAMONDS JACK HEARTS KING,0.5152,0.0074,0.4774
SPADES KING DIAMONDS TWO,0.6286,0.0274,0.344
SPADES JACK SPADES SEVEN,0.4924,0.043,0.4646
SPADES TEN SPADES SEVEN,0.4806,0.0558,0.4636
CLUBS SEVEN CLUBS THREE,0.611,0.0896,0.2994
CLUBS SIX CLUBS THREE,0.6034,0.0958,0.3008
CLUBS FIVE CLUBS THREE,0.5782,0.118,0.3038
CLUBS THREE CLUBS FOUR,0.5784,0.1256,0.296
CLUBS NINE CLUBS THREE,0.6148,0.0622,0.323
CLUBS EIGHT CLUBS THREE,0.6166,0.0652,0.3182
CLUBS THREE SPADES FIVE,0.6164,0.1206,0.263
CLUBS THREE SPADES FOUR,0.6116,0.1346,0.2538
CLUBS THREE SPADES TWO,0.7852,0.1416,0.0732
CLUBS THREE SPADES SIX,0.6322,0.095,0.2728
CLUBS THREE SPADES SEVEN,0.6612,0.0888,0.25
SPADES EIGHT CLUBS THREE,0.666,0.0694,0.2646
SPADES NINE CLUBS THREE,0.6442,0.0712,0.2846
SPADES TWO DIAMONDS FOUR,0.6234,0.1736,0.203
SPADES FOUR DIAMONDS FOUR,0.1662,0.3134,0.5204
SPADES FIVE DIAMONDS FOUR,0.4958,0.1464,0.3578
SPADES SIX DIAMONDS FOUR,0.5088,0.1388,0.3524
SPADES SEVEN DIAMONDS FOUR,0.513,0.1272,0.3598
SPADES EIGHT DIAMONDS FOUR,0.5254,0.1088,0.3658
SPADES NINE DIAMONDS FOUR,0.5378,0.088,0.3742
CLUBS FIVE DIAMONDS FOUR,0.5106,0.1466,0.3428
CLUBS FOUR DIAMONDS FOUR,0.1838,0.3106,0.5056
CLUBS SEVEN DIAMONDS FOUR,0.5214,0.1182,0.3604
CLUBS SIX DIAMONDS FOUR,0.518,0.1314,0.3506
CLUBS NINE DIAMONDS FOUR,0.5394,0.0962,0.3644
CLUBS EIGHT DIAMONDS FOUR,0.5294,0.1014,0.3692
HEARTS SEVEN DIAMONDS FOUR,0.5292,0.1168,0.354
HEARTS SIX DIAMONDS FOUR,0.5064,0.1382,0.3554
DIAMONDS FOUR HEARTS NINE,0.5388,0.0882,0.373
DIAMONDS FOUR HEARTS EIGHT,0.515,0.1088,0.3762
CLUBS THREE DIAMONDS FOUR,0.6266,0.1212,0.2522
CLUBS TWO DIAMONDS FOUR,0.6208,0.1636,0.2156
DIAMONDS TEN DIAMONDS FIVE,0.5128,0.0606,0.4266
DIAMONDS JACK DIAMONDS FIVE,0.5096,0.044,0.4464
DIAMONDS NINE HEARTS QUEEN,0.5024,0.0206,0.477
DIAMONDS NINE HEARTS KING,0.5178,0.0128,0.4694
HEARTS ACE DIAMONDS NINE,0.5234,0.0056,0.471
DIAMONDS NINE HEARTS TEN,0.479,0.0446,0.4764
DIAMONDS NINE HEARTS JACK,0.4954,0.0338,0.4708
CLUBS KING DIAMONDS SIX,0.537,0.0152,0.4478
CLUBS QUEEN DIAMONDS SIX,0.5422,0.0296,0.4282
CLUBS ACE DIAMONDS SIX,0.536,0.0032,0.4608
SPADES KING DIAMONDS FOUR,0.5456,0.018,0.4364
SPADES ACE SPADES SEVEN,0.497,0.0076,0.4954
SPADES QUEEN DIAMONDS FOUR,0.5458,0.0342,0.42
SPADES QUEEN SPADES SEVEN,0.51,0.0274,0.4626
CLUBS JACK DIAMONDS SIX,0.5392,0.0378,0.423
SPADES KING SPADES SEVEN,0.5216,0.0148,0.4636
SPADES ACE DIAMONDS FOUR,0.5226,0.0064,0.471
CLUBS TEN DIAMONDS SIX,0.5278,0.0574,0.4148
CLUBS NINE CLUBS FOUR,0.5132,0.0852,0.4016
CLUBS EIGHT CLUBS FOUR,0.5104,0.1026,0.387
SPADES JACK DIAMONDS FOUR,0.5418,0.0482,0.41
SPADES TEN DIAMONDS FOUR,0.5438,0.0722,0.384
CLUBS FIVE CLUBS FOUR,0.4652,0.145,0.3898
CLUBS SEVEN CLUBS FOUR,0.4912,0.121,0.3878
CLUBS SIX CLUBS FOUR,0.4894,0.1302,0.3804
CLUBS SEVEN SPADES EIGHT,0.4814,0.0878,0.4308
CLUBS SEVEN SPADES NINE,0.5028,0.0704,0.4268
CLUBS SEVEN SPADES SIX,0.4862,0.104,0.4098
CLUBS SEVEN SPADES SEVEN,0.183,0.2188,0.5982
CLUBS SEVEN SPADES FIVE,0.5084,0.1162,0.3754
CLUBS SEVEN SPADES FOUR,0.5282,0.1178,0.354
CLUBS SEVEN SPADES TWO,0.6346,0.1242,0.2412
CLUBS NINE CLUBS SEVEN,0.4604,0.0718,0.4678
CLUBS SEVEN CLUBS EIGHT,0.4616,0.083,0.4554
HEARTS SIX DIAMONDS FIVE,0.4944,0.127,0.3786
HEARTS SEVEN DIAMONDS FIVE,0.5262,0.1158,0.358
DIAMONDS FIVE HEARTS EIGHT,0.507,0.1024,0.3906
DIAMONDS FIVE HEARTS NINE,0.5362,0.0766,0.3872
DIAMONDS QUEEN DIAMONDS FIVE,0.508,0.0318,0.4602
HEARTS TWO DIAMONDS FIVE,0.6214,0.1568,0.2218
HEARTS KING HEARTS EIGHT,0.5078,0.0124,0.4798
DIAMONDS KING DIAMONDS FIVE,0.507,0.0162,0.4768
HEARTS QUEEN HEARTS EIGHT,0.4888,0.0228,0.4884
DIAMONDS ACE DIAMONDS FIVE,0.4932,0.0056,0.5012
HEARTS FOUR DIAMONDS FIVE,0.5022,0.1516,0.3462
HEARTS FIVE DIAMONDS FIVE,0.176,0.2708,0.5532
HEARTS ACE HEARTS EIGHT,0.4976,0.0056,0.4968
CLUBS FOUR DIAMONDS FIVE,0.5016,0.1452,0.3532
CLUBS FIVE DIAMONDS FIVE,0.1762,0.2772,0.5466
CLUBS SIX DIAMONDS FIVE,0.504,0.1302,0.3658
CLUBS SEVEN DIAMONDS FIVE,0.5014,0.1132,0.3854
CLUBS TWO DIAMONDS FIVE,0.6132,0.1502,0.2366
CLUBS THREE DIAMONDS FIVE,0.6136,0.1148,0.2716
SPADES TWO DIAMONDS FIVE,0.633,0.1592,0.2078
SPADES JACK DIAMONDS EIGHT,0.5174,0.0374,0.4452
SPADES FIVE DIAMONDS FIVE,0.1758,0.2726,0.5516
CLUBS TEN HEARTS JACK,0.4874,0.03,0.4826
SPADES TEN DIAMONDS EIGHT,0.4926,0.0482,0.4592
SPADES FOUR DIAMONDS FIVE,0.5124,0.1436,0.344
HEARTS JACK CLUBS JACK,0.1824,0.0932,0.7244
HEARTS JACK CLUBS QUEEN,0.5034,0.0162,0.4804
CLUBS NINE DIAMONDS FIVE,0.528,0.0856,0.3864
CLUBS KING HEARTS JACK,0.5224,0.0082,0.4694
CLUBS EIGHT DIAMONDS FIVE,0.5192,0.1006,0.3802
CLUBS ACE HEARTS JACK,0.5256,0.004,0.4704
SPADES SEVEN DIAMONDS FIVE,0.5064,0.1172,0.3764
SPADES KING DIAMONDS EIGHT,0.5338,0.0124,0.4538
SPADES QUEEN DIAMONDS EIGHT,0.532,0.024,0.444
SPADES SIX DIAMONDS FIVE,0.5008,0.1272,0.372
SPADES NINE DIAMONDS FIVE,0.5286,0.0796,0.3918
SPADES EIGHT DIAMONDS FIVE,0.501,0.0968,0.4022
SPADES ACE DIAMONDS EIGHT,0.5196,0.0052,0.4752
DIAMONDS TEN DIAMONDS SIX,0.5064,0.0618,0.4318
HEARTS ACE DIAMONDS SEVEN,0.5256,0.0052,0.4692
DIAMONDS JACK DIAMONDS SIX,0.502,0.0398,0.4582
HEARTS QUEEN DIAMONDS SEVEN,0.5334,0.0238,0.4428
HEARTS KING DIAMONDS SEVEN,0.5408,0.0158,0.4434
DIAMONDS ACE DIAMONDS SIX,0.513,0.0046,0.4824
HEARTS FOUR DIAMONDS SIX,0.5102,0.1324,0.3574
SPADES TWO HEARTS JACK,0.6358,0.0556,0.3086
HEARTS FIVE DIAMONDS SIX,0.4996,0.1262,0.3742
SPADES TWO HEARTS TEN,0.6268,0.0692,0.304
DIAMONDS QUEEN DIAMONDS SIX,0.5106,0.0296,0.4598
HEARTS TWO DIAMONDS SIX,0.629,0.139,0.232
DIAMONDS KING DIAMONDS SIX,0.4982,0.0154,0.4864
HEARTS EIGHT DIAMONDS SIX,0.4992,0.0892,0.4116
HEARTS NINE DIAMONDS SIX,0.5054,0.0776,0.417
HEARTS SIX DIAMONDS SIX,0.1808,0.2418,0.5774
HEARTS SEVEN DIAMONDS SIX,0.487,0.1186,0.3944
HEARTS TEN DIAMONDS SEVEN,0.5144,0.0536,0.432
CLUBS TWO DIAMONDS SIX,0.6312,0.1384,0.2304
HEARTS JACK DIAMONDS SEVEN,0.5214,0.0472,0.4314
CLUBS THREE DIAMONDS SIX,0.635,0.0968,0.2682
CLUBS SEVEN DIAMONDS SIX,0.5058,0.108,0.3862
DIAMONDS EIGHT CLUBS JACK,0.5204,0.0368,0.4428
CLUBS SIX DIAMONDS SIX,0.1934,0.2356,0.571
CLUBS TEN DIAMONDS EIGHT,0.51,0.0458,0.4442
CLUBS FIVE DIAMONDS SIX,0.5052,0.1332,0.3616
CLUBS FOUR DIAMONDS SIX,0.511,0.1326,0.3564
HEARTS ACE HEARTS JACK,0.5114,0.0048,0.4838
DIAMONDS EIGHT CLUBS ACE,0.5232,0.0054,0.4714
HEARTS QUEEN HEARTS JACK,0.4814,0.0146,0.504
DIAMONDS EIGHT CLUBS KING,0.5312,0.0162,0.4526
CLUBS NINE DIAMONDS SIX,0.5234,0.0778,0.3988
HEARTS KING HEARTS JACK,0.4938,0.0098,0.4964
DIAMONDS EIGHT CLUBS QUEEN,0.5224,0.0214,0.4562
CLUBS EIGHT DIAMONDS SIX,0.5044,0.0864,0.4092
SPADES TEN HEARTS KING,0.5006,0.0108,0.4886
SPADES FIVE DIAMONDS SIX,0.5042,0.1328,0.363
HEARTS ACE SPADES TWO,0.6222,0.0082,0.3696
SPADES JACK HEARTS KING,0.5012,0.009,0.4898
SPADES FOUR DIAMONDS SIX,0.5096,0.1386,0.3518
HEARTS QUEEN SPADES TWO,0.6386,0.0402,0.3212
SPADES ACE SPADES KING,0.5022,0.0054,0.4924
SPADES TWO HEARTS KING,0.6408,0.0194,0.3398
SPADES TWO DIAMONDS SIX,0.62,0.1498,0.2302
HEARTS TEN HEARTS EIGHT,0.4814,0.0542,0.4644
SPADES NINE DIAMONDS SIX,0.5214,0.0742,0.4044
HEARTS JACK HEARTS EIGHT,0.49,0.0338,0.4762
SPADES EIGHT DIAMONDS SIX,0.501,0.0906,0.4084
SPADES SEVEN DIAMONDS SIX,0.4942,0.1144,0.3914
SPADES SIX DIAMONDS SIX,0.1866,0.2392,0.5742
SPADES KING HEARTS KING,0.1774,0.038,0.7846
SPADES QUEEN HEARTS KING,0.5064,0.0082,0.4854
CLUBS ACE CLUBS KING,0.5086,0.0068,0.4846
SPADES ACE HEARTS KING,0.5224,0.0064,0.4712
SPADES ACE HEARTS JACK,0.5126,0.0066,0.4808
SPADES QUEEN HEARTS JACK,0.5012,0.0146,0.4842
SPADES KING HEARTS JACK,0.5098,0.0126,0.4776
SPADES TEN DIAMONDS TEN,0.1776,0.1284,0.694
SPADES JACK DIAMONDS TEN,0.4936,0.0258,0.4806
SPADES ACE DIAMONDS TEN,0.5124,0.0052,0.4824
SPADES JACK HEARTS JACK,0.172,0.0958,0.7322
SPADES TEN HEARTS JACK,0.4898,0.0278,0.4824
SPADES QUEEN DIAMONDS TEN,0.5016,0.0206,0.4778
SPADES KING DIAMONDS TEN,0.5198,0.0094,0.4708
SPADES NINE DIAMONDS SEVEN,0.5056,0.0684,0.426
SPADES EIGHT DIAMONDS SEVEN,0.5014,0.0788,0.4198
SPADES SEVEN DIAMONDS SEVEN,0.1796,0.2164,0.604
SPADES SIX DIAMONDS SEVEN,0.4932,0.1074,0.3994
DIAMONDS KING DIAMONDS SEVEN,0.4916,0.015,0.4934
HEARTS KING DIAMONDS FIVE,0.5292,0.016,0.4548
DIAMONDS QUEEN DIAMONDS SEVEN,0.51,0.03,0.46
HEARTS TWO DIAMONDS SEVEN,0.6302,0.1296,0.2402
HEARTS QUEEN DIAMONDS FIVE,0.5322,0.0326,0.4352
HEARTS FIVE DIAMONDS SEVEN,0.5012,0.1204,0.3784
DIAMONDS ACE DIAMONDS SEVEN,0.501,0.007,0.492
HEARTS FOUR DIAMONDS SEVEN,0.5164,0.1256,0.358
HEARTS ACE DIAMONDS FIVE,0.5228,0.0066,0.4706
HEARTS SEVEN DIAMONDS SEVEN,0.1754,0.2144,0.6102
HEARTS SIX DIAMONDS SEVEN,0.4948,0.1042,0.401
DIAMONDS SEVEN HEARTS NINE,0.5068,0.0666,0.4266
HEARTS EIGHT DIAMONDS SEVEN,0.495,0.0816,0.4234
DIAMONDS JACK DIAMONDS SEVEN,0.4828,0.0424,0.4748
DIAMONDS FIVE HEARTS JACK,0.5328,0.0498,0.4174
DIAMONDS TEN DIAMONDS SEVEN,0.4876,0.053,0.4594
HEARTS TEN DIAMONDS FIVE,0.5402,0.0668,0.393
SPADES KING CLUBS TWO,0.6322,0.021,0.3468
HEARTS KING CLUBS KING,0.199,0.0332,0.7678
CLUBS EIGHT DIAMONDS SEVEN,0.4958,0.0832,0.421
SPADES QUEEN CLUBS TWO,0.6238,0.0396,0.3366
HEARTS KING CLUBS QUEEN,0.516,0.01,0.474
CLUBS NINE DIAMONDS SEVEN,0.5026,0.0712,0.4262
SPADES TWO CLUBS JACK,0.6302,0.0582,0.3116
SPADES ACE CLUBS TWO,0.618,0.007,0.375
CLUBS TEN SPADES TWO,0.6316,0.071,0.2974
HEARTS KING CLUBS ACE,0.5292,0.005,0.4658
CLUBS SEVEN CLUBS SIX,0.4686,0.1052,0.4262
SPADES TWO CLUBS KING,0.6452,0.0222,0.3326
SPADES TWO DIAMONDS SEVEN,0.6288,0.1258,0.2454
CLUBS EIGHT CLUBS SIX,0.483,0.0884,0.4286
SPADES TWO CLUBS QUEEN,0.6538,0.0366,0.3096
CLUBS NINE CLUBS SIX,0.483,0.0772,0.4398
SPADES FOUR DIAMONDS SEVEN,0.5284,0.1122,0.3594
HEARTS KING CLUBS JACK,0.5134,0.0074,0.4792
SPADES FIVE DIAMONDS SEVEN,0.5074,0.1202,0.3724
SPADES TWO CLUBS ACE,0.6248,0.0078,0.3674
CLUBS TEN HEARTS KING,0.4946,0.0116,0.4938
CLUBS SIX SPADES TWO,0.627,0.1476,0.2254
CLUBS TWO DIAMONDS SEVEN,0.6284,0.1324,0.2392
CLUBS SIX SPADES FOUR,0.5142,0.1328,0.353
CLUBS THREE DIAMONDS SEVEN,0.6536,0.0876,0.2588
CLUBS SIX SPADES FIVE,0.4908,0.1316,0.3776
CLUBS FOUR DIAMONDS SEVEN,0.5278,0.114,0.3582
CLUBS SIX SPADES SIX,0.1706,0.2522,0.5772
CLUBS FIVE DIAMONDS SEVEN,0.5084,0.1144,0.3772
CLUBS SIX SPADES SEVEN,0.4952,0.1108,0.394
CLUBS SIX DIAMONDS SEVEN,0.5082,0.1056,0.3862
CLUBS SIX SPADES EIGHT,0.5046,0.0902,0.4052
SPADES JACK CLUBS TWO,0.6176,0.0522,0.3302
CLUBS SEVEN DIAMONDS SEVEN,0.1904,0.215,0.5946
SPADES NINE CLUBS SIX,0.5084,0.081,0.4106
SPADES TEN CLUBS TWO,0.625,0.0736,0.3014
CLUBS TWO CLUBS QUEEN,0.597,0.034,0.369
CLUBS TWO CLUBS KING,0.5962,0.0182,0.3856
CLUBS THREE DIAMONDS EIGHT,0.669,0.0694,0.2616
CLUBS TWO CLUBS ACE,0.58,0.0072,0.4128
CLUBS TWO DIAMONDS EIGHT,0.6366,0.107,0.2564
HEARTS SEVEN DIAMONDS EIGHT,0.497,0.0728,0.4302
HEARTS SIX DIAMONDS EIGHT,0.5176,0.0866,0.3958
DIAMONDS EIGHT HEARTS NINE,0.48,0.0654,0.4546
CLUBS TEN CLUBS TWO,0.584,0.0746,0.3414
DIAMONDS EIGHT HEARTS EIGHT,0.1758,0.1948,0.6294
CLUBS TWO CLUBS JACK,0.6038,0.0548,0.3414
CLUBS NINE DIAMONDS EIGHT,0.5014,0.065,0.4336
CLUBS EIGHT DIAMONDS EIGHT,0.178,0.1818,0.6402
CLUBS FIVE DIAMONDS EIGHT,0.5238,0.0902,0.386
CLUBS FOUR DIAMONDS EIGHT,0.5276,0.1098,0.3626
CLUBS SEVEN DIAMONDS EIGHT,0.4894,0.0778,0.4328
CLUBS SIX DIAMONDS EIGHT,0.5038,0.0866,0.4096
DIAMONDS QUEEN DIAMONDS EIGHT,0.4918,0.0254,0.4828
HEARTS TWO DIAMONDS EIGHT,0.6338,0.1098,0.2564
DIAMONDS KING DIAMONDS EIGHT,0.506,0.0122,0.4818
DIAMONDS ACE DIAMONDS EIGHT,0.498,0.0056,0.4964
HEARTS FOUR DIAMONDS EIGHT,0.523,0.1042,0.3728
HEARTS FIVE DIAMONDS EIGHT,0.5044,0.106,0.3896
DIAMONDS EIGHT DIAMONDS TEN,0.4754,0.0496,0.475
DIAMONDS EIGHT DIAMONDS JACK,0.4824,0.0378,0.4798
CLUBS FOUR HEARTS ACE,0.5318,0.0066,0.4616
CLUBS FOUR HEARTS QUEEN,0.5346,0.039,0.4264
CLUBS FOUR HEARTS KING,0.5424,0.0182,0.4394
CLUBS SIX HEARTS TEN,0.5214,0.0692,0.4094
CLUBS SIX HEARTS JACK,0.5398,0.0432,0.417
DIAMONDS EIGHT SPADES FOUR,0.532,0.1,0.368
SPADES FIVE DIAMONDS EIGHT,0.5162,0.101,0.3828
DIAMONDS EIGHT SPADES TWO,0.6358,0.1144,0.2498
CLUBS FOUR HEARTS JACK,0.5436,0.0494,0.407
SPADES EIGHT DIAMONDS EIGHT,0.1882,0.183,0.6288
SPADES TEN DIAMONDS QUEEN,0.49,0.0174,0.4926
SPADES TEN HEARTS TWO,0.6234,0.0818,0.2948
SPADES JACK HEARTS EIGHT,0.5152,0.0406,0.4442
CLUBS FOUR HEARTS TEN,0.5332,0.0726,0.3942
SPADES NINE DIAMONDS EIGHT,0.489,0.0682,0.4428
SPADES TEN HEARTS EIGHT,0.5046,0.0456,0.4498
SPADES JACK HEARTS TWO,0.6374,0.0552,0.3074
SPADES JACK DIAMONDS QUEEN,0.5236,0.0168,0.4596
SPADES SIX DIAMONDS EIGHT,0.494,0.096,0.41
SPADES SEVEN DIAMONDS EIGHT,0.4924,0.0854,0.4222
SPADES ACE HEARTS TWO,0.6288,0.008,0.3632
SPADES ACE DIAMONDS QUEEN,0.5244,0.005,0.4706
SPADES ACE HEARTS EIGHT,0.5242,0.006,0.4698
SPADES KING HEARTS EIGHT,0.5318,0.0126,0.4556
SPADES QUEEN HEARTS TWO,0.6456,0.033,0.3214
SPADES QUEEN DIAMONDS QUEEN,0.2002,0.0606,0.7392
SPADES KING DIAMONDS QUEEN,0.524,0.0064,0.4696
SPADES KING HEARTS TWO,0.6406,0.024,0.3354
SPADES QUEEN HEARTS EIGHT,0.5292,0.0216,0.4492
CLUBS TWO HEARTS TEN,0.6284,0.0738,0.2978
CLUBS TWO HEARTS JACK,0.6342,0.0568,0.309
SPADES SEVEN DIAMONDS NINE,0.5138,0.063,0.4232
SPADES SIX DIAMONDS NINE,0.508,0.0742,0.4178
SPADES NINE DIAMONDS NINE,0.19,0.1482,0.6618
SPADES EIGHT DIAMONDS NINE,0.4996,0.0592,0.4412
SPADES TEN CLUBS KING,0.5042,0.0106,0.4852
SPADES JACK CLUBS KING,0.5058,0.01,0.4842
DIAMONDS NINE SPADES TWO,0.635,0.0918,0.2732
DIAMONDS NINE SPADES FIVE,0.5398,0.078,0.3822
DIAMONDS NINE SPADES FOUR,0.5444,0.0866,0.369
CLUBS NINE DIAMONDS NINE,0.189,0.1472,0.6638
CLUBS EIGHT DIAMONDS NINE,0.4934,0.0698,0.4368
CLUBS SIX DIAMONDS NINE,0.5196,0.0722,0.4082
SPADES JACK CLUBS FOUR,0.547,0.044,0.409
CLUBS SEVEN DIAMONDS NINE,0.508,0.0724,0.4196
SPADES TEN CLUBS FOUR,0.5356,0.0692,0.3952
CLUBS FOUR DIAMONDS NINE,0.546,0.0854,0.3686
CLUBS FIVE DIAMONDS NINE,0.5298,0.0792,0.391
DIAMONDS NINE CLUBS TWO,0.6256,0.0928,0.2816
CLUBS THREE DIAMONDS NINE,0.668,0.0664,0.2656
DIAMONDS NINE HEARTS EIGHT,0.4748,0.066,0.4592
DIAMONDS NINE HEARTS NINE,0.1904,0.1474,0.6622
HEARTS SIX DIAMONDS NINE,0.5186,0.079,0.4024
HEARTS SEVEN DIAMONDS NINE,0.5042,0.0724,0.4234
CLUBS NINE CLUBS EIGHT,0.4806,0.0634,0.456
DIAMONDS ACE DIAMONDS NINE,0.497,0.0056,0.4974
HEARTS FOUR DIAMONDS NINE,0.537,0.0856,0.3774
HEARTS FIVE DIAMONDS NINE,0.534,0.0836,0.3824
HEARTS ACE CLUBS TWO,0.627,0.0074,0.3656
SPADES ACE CLUBS FOUR,0.527,0.008,0.465
DIAMONDS QUEEN DIAMONDS NINE,0.4908,0.0152,0.494
HEARTS TWO DIAMONDS NINE,0.6242,0.089,0.2868
CLUBS TWO HEARTS KING,0.6336,0.019,0.3474
SPADES KING CLUBS FOUR,0.5404,0.0164,0.4432
DIAMONDS KING DIAMONDS NINE,0.4914,0.0116,0.497
CLUBS TWO HEARTS QUEEN,0.6318,0.0334,0.3348
SPADES QUEEN CLUBS FOUR,0.5394,0.0338,0.4268
DIAMONDS NINE DIAMONDS JACK,0.4866,0.031,0.4824
CLUBS EIGHT SPADES NINE,0.4866,0.0604,0.453
DIAMONDS NINE DIAMONDS TEN,0.4668,0.045,0.4882
CLUBS EIGHT SPADES EIGHT,0.1726,0.1916,0.6358
CLUBS EIGHT SPADES SEVEN,0.468,0.0868,0.4452
CLUBS EIGHT SPADES SIX,0.51,0.0896,0.4004
CLUBS EIGHT SPADES FIVE,0.5106,0.0956,0.3938
CLUBS EIGHT SPADES FOUR,0.524,0.098,0.378
CLUBS EIGHT SPADES TWO,0.6268,0.1058,0.2674
HEARTS SIX DIAMONDS TEN,0.5208,0.0612,0.418
HEARTS SEVEN DIAMONDS TEN,0.509,0.056,0.435
DIAMONDS TEN HEARTS EIGHT,0.4984,0.0522,0.4494
CLUBS FOUR CLUBS JACK,0.5162,0.0496,0.4342
DIAMONDS TEN HEARTS NINE,0.4824,0.0446,0.473
CLUBS TEN CLUBS FOUR,0.506,0.0712,0.4228
CLUBS FOUR CLUBS KING,0.5136,0.018,0.4684
CLUBS FOUR CLUBS QUEEN,0.5112,0.0354,0.4534
CLUBS TWO DIAMONDS TEN,0.6276,0.0722,0.3002
CLUBS THREE DIAMONDS TEN,0.6654,0.0538,0.2808
CLUBS FOUR CLUBS ACE,0.4908,0.0072,0.502
DIAMONDS JACK DIAMONDS TEN,0.4624,0.022,0.5156
DIAMONDS QUEEN DIAMONDS TEN,0.473,0.0152,0.5118
HEARTS TWO DIAMONDS TEN,0.637,0.0748,0.2882
DIAMONDS KING DIAMONDS TEN,0.4852,0.0128,0.502
DIAMONDS ACE DIAMONDS TEN,0.4916,0.0064,0.502
HEARTS FOUR DIAMONDS TEN,0.5326,0.0728,0.3946
CLUBS EIGHT HEARTS JACK,0.5144,0.0348,0.4508
HEARTS FIVE DIAMONDS TEN,0.5354,0.0604,0.4042
CLUBS EIGHT HEARTS TEN,0.5106,0.0532,0.4362
CLUBS EIGHT HEARTS QUEEN,0.5186,0.024,0.4574
CLUBS EIGHT HEARTS KING,0.5262,0.0162,0.4576
CLUBS EIGHT HEARTS ACE,0.5256,0.0046,0.4698
CLUBS NINE SPADES TWO,0.6338,0.0938,0.2724
CLUBS NINE SPADES FIVE,0.5272,0.082,0.3908
CLUBS NINE SPADES FOUR,0.5358,0.0934,0.3708
CLUBS NINE SPADES SEVEN,0.5054,0.0762,0.4184
CLUBS NINE SPADES SIX,0.5138,0.0726,0.4136
CLUBS NINE SPADES NINE,0.194,0.1508,0.6552
CLUBS TEN HEARTS EIGHT,0.5076,0.0492,0.4432
CLUBS NINE SPADES EIGHT,0.4776,0.0646,0.4578
HEARTS EIGHT CLUBS JACK,0.505,0.0386,0.4564
CLUBS QUEEN HEARTS EIGHT,0.5224,0.0246,0.453
CLUBS KING HEARTS EIGHT,0.5342,0.0126,0.4532
CLUBS ACE HEARTS EIGHT,0.53,0.0036,0.4664
SPADES KING CLUBS KING,0.1848,0.0358,0.7794
SPADES QUEEN CLUBS KING,0.506,0.0086,0.4854
SPADES ACE CLUBS KING,0.5204,0.0058,0.4738
DIAMONDS ACE HEARTS TEN,0.5166,0.0026,0.4808
HEARTS FOUR HEARTS TEN,0.5164,0.0702,0.4134
DIAMONDS ACE HEARTS JACK,0.5184,0.0048,0.4768
HEARTS FOUR HEARTS JACK,0.5238,0.052,0.4242
SPADES KING CLUBS FIVE,0.5394,0.0178,0.4428
SPADES QUEEN CLUBS FIVE,0.5448,0.0296,0.4256
SPADES ACE CLUBS FIVE,0.5284,0.0072,0.4644
HEARTS SEVEN DIAMONDS JACK,0.5286,0.0432,0.4282
HEARTS SIX DIAMONDS JACK,0.5372,0.0478,0.415
DIAMONDS JACK HEARTS NINE,0.4956,0.0312,0.4732
DIAMONDS JACK HEARTS EIGHT,0.5066,0.0366,0.4568
DIAMONDS KING DIAMONDS JACK,0.4884,0.0078,0.5038
SPADES ACE SPADES SIX,0.5048,0.007,0.4882
HEARTS ACE SPADES FOUR,0.5236,0.0088,0.4676
DIAMONDS QUEEN DIAMONDS JACK,0.4846,0.015,0.5004
HEARTS TWO DIAMONDS JACK,0.63,0.0618,0.3082
HEARTS FIVE DIAMONDS JACK,0.5426,0.046,0.4114
SPADES QUEEN SPADES SIX,0.5254,0.0322,0.4424
SPADES FOUR HEARTS QUEEN,0.5308,0.033,0.4362
DIAMONDS ACE DIAMONDS JACK,0.4936,0.0064,0.5
HEARTS FOUR DIAMONDS JACK,0.5498,0.0546,0.3956
SPADES KING SPADES SIX,0.5118,0.0154,0.4728
SPADES FOUR HEARTS KING,0.5378,0.0186,0.4436
SPADES TEN SPADES SIX,0.5084,0.0598,0.4318
SPADES JACK SPADES SIX,0.5162,0.0492,0.4346
SPADES FOUR DIAMONDS JACK,0.5362,0.0526,0.4112
SPADES FIVE DIAMONDS JACK,0.536,0.046,0.418
DIAMONDS JACK SPADES TWO,0.6386,0.0532,0.3082
SPADES ACE DIAMONDS THREE,0.631,0.0236,0.3454
SPADES QUEEN DIAMONDS THREE,0.6602,0.033,0.3068
CLUBS EIGHT DIAMONDS JACK,0.5156,0.0344,0.45
SPADES KING DIAMONDS THREE,0.6584,0.0206,0.321
CLUBS NINE DIAMONDS JACK,0.509,0.0286,0.4624
CLUBS SIX DIAMONDS JACK,0.5414,0.0428,0.4158
CLUBS SEVEN DIAMONDS JACK,0.525,0.035,0.44
CLUBS FOUR DIAMONDS JACK,0.546,0.049,0.405
CLUBS FIVE DIAMONDS JACK,0.5466,0.0468,0.4066
CLUBS TWO DIAMONDS JACK,0.6298,0.0544,0.3158
CLUBS THREE DIAMONDS JACK,0.6632,0.0356,0.3012
SPADES TEN CLUBS FIVE,0.5456,0.0652,0.3892
SPADES JACK HEARTS SIX,0.521,0.0448,0.4342
HEARTS SIX SPADES TEN,0.5178,0.0576,0.4246
SPADES JACK CLUBS FIVE,0.5446,0.0566,0.3988
SPADES JACK DIAMONDS THREE,0.6426,0.045,0.3124
CLUBS SEVEN CLUBS ACE,0.4804,0.0048,0.5148
DIAMONDS THREE SPADES TEN,0.6548,0.0504,0.2948
CLUBS SEVEN CLUBS QUEEN,0.5104,0.026,0.4636
CLUBS SEVEN CLUBS KING,0.507,0.0134,0.4796
SPADES NINE DIAMONDS JACK,0.5022,0.0296,0.4682
CLUBS TEN CLUBS SEVEN,0.4862,0.0496,0.4642
DIAMONDS ACE HEARTS ACE,0.1804,0.004,0.8156
HEARTS FOUR HEARTS ACE,0.51,0.006,0.484
SPADES EIGHT DIAMONDS JACK,0.5082,0.0378,0.454
SPADES ACE HEARTS SIX,0.5284,0.0056,0.466
CLUBS SEVEN CLUBS JACK,0.4906,0.035,0.4744
DIAMONDS ACE HEARTS KING,0.5146,0.005,0.4804
HEARTS FOUR HEARTS KING,0.5232,0.0202,0.4566
SPADES SEVEN DIAMONDS JACK,0.5368,0.0396,0.4236
SPADES KING HEARTS SIX,0.5296,0.018,0.4524
DIAMONDS ACE HEARTS QUEEN,0.5198,0.0042,0.476
HEARTS FOUR HEARTS QUEEN,0.525,0.0378,0.4372
SPADES QUEEN HEARTS SIX,0.5258,0.029,0.4452
SPADES SIX DIAMONDS JACK,0.5402,0.0428,0.417
SPADES TWO DIAMONDS TEN,0.636,0.0718,0.2922
SPADES FOUR DIAMONDS TEN,0.5306,0.0676,0.4018
SPADES FIVE DIAMONDS TEN,0.5244,0.0664,0.4092
SPADES SIX DIAMONDS TEN,0.5124,0.0628,0.4248
SPADES SEVEN DIAMONDS TEN,0.5246,0.0492,0.4262
SPADES EIGHT DIAMONDS TEN,0.506,0.048,0.446
SPADES NINE DIAMONDS TEN,0.4998,0.0438,0.4564
CLUBS FOUR DIAMONDS TEN,0.5496,0.0702,0.3802
CLUBS FIVE DIAMONDS TEN,0.545,0.0684,0.3866
CLUBS SIX DIAMONDS TEN,0.5378,0.0562,0.406
CLUBS SEVEN DIAMONDS TEN,0.5206,0.0504,0.429
CLUBS EIGHT DIAMONDS TEN,0.4972,0.0496,0.4532
CLUBS NINE DIAMONDS TEN,0.5042,0.0424,0.4534
DIAMONDS THREE CLUBS JACK,0.6766,0.0352,0.2882
CLUBS TEN DIAMONDS THREE,0.6662,0.0454,0.2884
DIAMONDS THREE CLUBS KING,0.669,0.0222,0.3088
DIAMONDS THREE CLUBS QUEEN,0.6786,0.0242,0.2972
DIAMONDS THREE CLUBS ACE,0.647,0.0176,0.3354
SPADES FOUR HEARTS JACK,0.5328,0.058,0.4092
SPADES FOUR HEARTS TEN,0.534,0.0692,0.3968
SPADES FIVE SPADES TWO,0.588,0.1532,0.2588
SPADES FOUR SPADES TWO,0.5878,0.1582,0.254
SPADES NINE SPADES TWO,0.6114,0.0938,0.2948
SPADES EIGHT SPADES TWO,0.5962,0.1132,0.2906
SPADES SEVEN SPADES TWO,0.6172,0.1184,0.2644
SPADES SIX SPADES TWO,0.587,0.14,0.273
DIAMONDS QUEEN CLUBS THREE,0.6682,0.0346,0.2972
CLUBS THREE HEARTS TWO,0.783,0.1438,0.0732
DIAMONDS QUEEN CLUBS TWO,0.6368,0.035,0.3282
HEARTS TWO CLUBS TWO,0.4858,0.3412,0.173
HEARTS SEVEN DIAMONDS QUEEN,0.5304,0.0248,0.4448
HEARTS SEVEN HEARTS TWO,0.601,0.1212,0.2778
HEARTS SIX DIAMONDS QUEEN,0.5362,0.0284,0.4354
HEARTS SIX HEARTS TWO,0.6114,0.1376,0.251
DIAMONDS QUEEN HEARTS NINE,0.5026,0.0212,0.4762
HEARTS TWO HEARTS NINE,0.5978,0.0872,0.315
DIAMONDS QUEEN HEARTS EIGHT,0.5332,0.0256,0.4412
HEARTS TWO HEARTS EIGHT,0.5888,0.1086,0.3026
CLUBS NINE HEARTS TWO,0.6356,0.0932,0.2712
CLUBS NINE DIAMONDS QUEEN,0.5128,0.0236,0.4636
CLUBS EIGHT HEARTS TWO,0.6318,0.1068,0.2614
CLUBS EIGHT DIAMONDS QUEEN,0.5104,0.028,0.4616
CLUBS FIVE DIAMONDS QUEEN,0.5554,0.0274,0.4172
CLUBS FIVE HEARTS TWO,0.6172,0.1684,0.2144
SPADES EIGHT HEARTS ACE,0.5104,0.0054,0.4842
DIAMONDS QUEEN CLUBS FOUR,0.56,0.0362,0.4038
HEARTS TWO CLUBS FOUR,0.6278,0.1644,0.2078
CLUBS SEVEN DIAMONDS QUEEN,0.5496,0.0282,0.4222
CLUBS SEVEN HEARTS TWO,0.6244,0.1304,0.2452
SPADES EIGHT HEARTS QUEEN,0.5196,0.026,0.4544
CLUBS SIX DIAMONDS QUEEN,0.537,0.0322,0.4308
CLUBS SIX HEARTS TWO,0.6222,0.1462,0.2316
SPADES EIGHT HEARTS KING,0.5332,0.0124,0.4544
HEARTS TWO SPADES SIX,0.6236,0.1372,0.2392
DIAMONDS QUEEN SPADES SIX,0.5306,0.0258,0.4436
HEARTS FOUR CLUBS QUEEN,0.5356,0.0386,0.4258
DIAMONDS ACE CLUBS QUEEN,0.5166,0.0038,0.4796
DIAMONDS QUEEN SPADES SEVEN,0.5244,0.0274,0.4482
HEARTS TWO SPADES SEVEN,0.637,0.124,0.239
HEARTS FOUR CLUBS KING,0.5312,0.0214,0.4474
DIAMONDS ACE CLUBS KING,0.5278,0.0056,0.4666
DIAMONDS QUEEN SPADES EIGHT,0.5306,0.0236,0.4458
SPADES EIGHT HEARTS TWO,0.6348,0.1104,0.2548
HEARTS FOUR CLUBS ACE,0.5278,0.0056,0.4666
DIAMONDS ACE CLUBS ACE,0.1824,0.005,0.8126
SPADES NINE DIAMONDS QUEEN,0.5194,0.0234,0.4572
SPADES NINE HEARTS TWO,0.636,0.0884,0.2756
HEARTS TWO SPADES TWO,0.5036,0.346,0.1504
DIAMONDS QUEEN SPADES TWO,0.6472,0.0352,0.3176
HEARTS TWO SPADES FOUR,0.6094,0.1748,0.2158
DIAMONDS QUEEN SPADES FOUR,0.5342,0.037,0.4288
CLUBS TEN HEARTS FOUR,0.5298,0.0686,0.4016
CLUBS TEN DIAMONDS ACE,0.5206,0.0042,0.4752
HEARTS TWO SPADES FIVE,0.6298,0.1548,0.2154
DIAMONDS QUEEN SPADES FIVE,0.5258,0.0318,0.4424
HEARTS FOUR CLUBS JACK,0.5286,0.0516,0.4198
DIAMONDS ACE CLUBS JACK,0.5238,0.0034,0.4728
CLUBS FIVE CLUBS KING,0.5034,0.0164,0.4802
CLUBS FIVE CLUBS QUEEN,0.514,0.0306,0.4554
CLUBS FIVE CLUBS ACE,0.4952,0.0066,0.4982
CLUBS FIVE CLUBS JACK,0.525,0.04,0.435
CLUBS TEN CLUBS FIVE,0.5126,0.0562,0.4312
SPADES KING CLUBS JACK,0.5054,0.0106,0.484
SPADES QUEEN CLUBS JACK,0.4936,0.0188,0.4876
SPADES ACE CLUBS JACK,0.5158,0.0048,0.4794
SPADES SIX CLUBS KING,0.5228,0.0178,0.4594
SPADES SIX CLUBS QUEEN,0.543,0.0334,0.4236
SPADES EIGHT HEARTS JACK,0.5206,0.035,0.4444
SPADES SIX CLUBS ACE,0.5374,0.0036,0.459
SPADES EIGHT HEARTS TEN,0.4822,0.0526,0.4652
SPADES SIX CLUBS JACK,0.5474,0.043,0.4096
CLUBS TEN SPADES SIX,0.5272,0.0616,0.4112
SPADES TEN CLUBS JACK,0.4936,0.0246,0.4818
SPADES JACK CLUBS JACK,0.1876,0.0984,0.714
SPADES QUEEN CLUBS SEVEN,0.5352,0.026,0.4388
SPADES KING CLUBS SEVEN,0.5354,0.014,0.4506
SPADES ACE CLUBS SEVEN,0.5256,0.005,0.4694
SPADES SIX HEARTS TEN,0.5256,0.0656,0.4088
SPADES SIX HEARTS JACK,0.534,0.042,0.424
SPADES SIX HEARTS ACE,0.5238,0.0058,0.4704
SPADES SIX HEARTS KING,0.5526,0.019,0.4284
SPADES SIX HEARTS QUEEN,0.5382,0.0292,0.4326
CLUBS SEVEN SPADES JACK,0.5228,0.0404,0.4368
CLUBS SEVEN SPADES TEN,0.5128,0.0528,0.4344
CLUBS TEN HEARTS SIX,0.5172,0.0624,0.4204
HEARTS SIX CLUBS JACK,0.5376,0.0396,0.4228
CLUBS ACE CLUBS JACK,0.4862,0.0062,0.5076
HEARTS SIX CLUBS QUEEN,0.5294,0.0314,0.4392
HEARTS SIX CLUBS KING,0.5284,0.016,0.4556
HEARTS SIX CLUBS ACE,0.5392,0.0074,0.4534
CLUBS QUEEN CLUBS JACK,0.4846,0.0154,0.5
CLUBS KING CLUBS JACK,0.4824,0.0106,0.507
DIAMONDS THREE HEARTS ACE,0.6474,0.0174,0.3352
DIAMONDS THREE HEARTS QUEEN,0.6746,0.0306,0.2948
DIAMONDS THREE HEARTS KING,0.6638,0.0256,0.3106
CLUBS FIVE HEARTS JACK,0.5388,0.0438,0.4174
SPADES TEN DIAMONDS ACE,0.5274,0.0064,0.4662
HEARTS FOUR SPADES TEN,0.5308,0.071,0.3982
CLUBS FIVE HEARTS TEN,0.5278,0.0634,0.4088
HEARTS FOUR SPADES JACK,0.5396,0.0538,0.4066
SPADES JACK DIAMONDS ACE,0.4992,0.0056,0.4952
SPADES ACE HEARTS FOUR,0.5362,0.0066,0.4572
SPADES ACE DIAMONDS ACE,0.195,0.004,0.801
CLUBS FIVE HEARTS ACE,0.5122,0.0038,0.484
CLUBS FIVE HEARTS KING,0.5312,0.0166,0.4522
HEARTS FOUR SPADES QUEEN,0.5378,0.0352,0.427
SPADES QUEEN DIAMONDS ACE,0.5338,0.0058,0.4604
SPADES FOUR CLUBS JACK,0.5546,0.0486,0.3968
CLUBS FIVE HEARTS QUEEN,0.533,0.028,0.439
SPADES KING DIAMONDS ACE,0.5342,0.0042,0.4616
SPADES KING HEARTS FOUR,0.537,0.0226,0.4404
CLUBS TEN SPADES FOUR,0.5458,0.0672,0.387
DIAMONDS QUEEN DIAMONDS ACE,0.49,0.0046,0.5054
HEARTS TWO DIAMONDS ACE,0.6218,0.006,0.3722
HEARTS FOUR DIAMONDS QUEEN,0.5316,0.0364,0.432
HEARTS FOUR HEARTS TWO,0.5936,0.1582,0.2482
DIAMONDS THREE HEARTS TEN,0.6552,0.0468,0.298
SPADES FOUR CLUBS KING,0.5452,0.0194,0.4354
HEARTS FIVE DIAMONDS QUEEN,0.5476,0.0296,0.4228
HEARTS FIVE HEARTS TWO,0.5876,0.156,0.2564
DIAMONDS THREE HEARTS JACK,0.6614,0.0392,0.2994
SPADES FOUR CLUBS QUEEN,0.533,0.034,0.433
DIAMONDS QUEEN HEARTS TWO,0.6304,0.04,0.3296
DIAMONDS KING DIAMONDS QUEEN,0.4876,0.006,0.5064
DIAMONDS KING HEARTS TWO,0.6298,0.0212,0.349
SPADES FOUR CLUBS ACE,0.5384,0.0056,0.456
HEARTS TWO CLUBS ACE,0.6182,0.0048,0.377
DIAMONDS QUEEN CLUBS ACE,0.523,0.0042,0.4728
HEARTS TWO CLUBS QUEEN,0.6426,0.0354,0.322
DIAMONDS QUEEN CLUBS QUEEN,0.1904,0.0634,0.7462
HEARTS TWO CLUBS KING,0.6386,0.0168,0.3446
DIAMONDS QUEEN CLUBS KING,0.5212,0.0072,0.4716
SPADES EIGHT SPADES FIVE,0.4854,0.0906,0.424
CLUBS TEN HEARTS TWO,0.6264,0.0704,0.3032
CLUBS TEN DIAMONDS QUEEN,0.5066,0.0168,0.4766
SPADES NINE SPADES FIVE,0.495,0.0758,0.4292
HEARTS TWO CLUBS JACK,0.6264,0.0576,0.316
DIAMONDS QUEEN CLUBS JACK,0.5078,0.0188,0.4734
SPADES SIX SPADES FIVE,0.4816,0.1156,0.4028
SPADES SEVEN SPADES FIVE,0.4876,0.1028,0.4096
DIAMONDS FIVE CLUBS QUEEN,0.5382,0.0312,0.4306
SPADES EIGHT CLUBS ACE,0.5142,0.0052,0.4806
DIAMONDS FIVE CLUBS KING,0.5462,0.0174,0.4364
SPADES EIGHT CLUBS KING,0.5242,0.0142,0.4616
CLUBS ACE DIAMONDS FIVE,0.537,0.0046,0.4584
SPADES EIGHT CLUBS QUEEN,0.5126,0.029,0.4584
SPADES EIGHT CLUBS JACK,0.5188,0.0354,0.4458
CLUBS TEN SPADES EIGHT,0.5074,0.0504,0.4422
CLUBS TEN DIAMONDS FIVE,0.547,0.0644,0.3886
DIAMONDS FIVE CLUBS JACK,0.5466,0.0434,0.41
DIAMONDS TEN HEARTS JACK,0.4886,0.0278,0.4836
DIAMONDS TEN HEARTS TEN,0.1792,0.1244,0.6964
SPADES ACE CLUBS NINE,0.531,0.005,0.464
CLUBS NINE SPADES QUEEN,0.5186,0.0238,0.4576
CLUBS NINE SPADES KING,0.522,0.0118,0.4662
HEARTS SIX HEARTS KING,0.507,0.0132,0.4798
DIAMONDS KING SPADES SEVEN,0.519,0.015,0.466
SPADES KING DIAMONDS SEVEN,0.5322,0.0148,0.453
HEARTS SIX HEARTS QUEEN,0.5148,0.029,0.4562
SPADES QUEEN DIAMONDS SEVEN,0.5382,0.0284,0.4334
