opposingHand,winningChance,drawChance,lostChance
HEARTS FIVE CLUBS EIGHT
CLUBS JACK SPADES FIVE,0.2622,0.0606,0.6772
CLUBS TEN SPADES FIVE,0.2634,0.0794,0.6572
SPADES FIVE CLUBS ACE,0.2596,0.0224,0.718
SPADES FIVE CLUBS KING,0.2558,0.034,0.7102
SPADES FIVE CLUBS QUEEN,0.261,0.044,0.695
DIAMONDS TWO DIAMONDS THREE,0.5618,0.0624,0.3758
DIAMONDS TWO DIAMONDS FIVE,0.5404,0.1516,0.308
DIAMONDS TWO DIAMONDS FOUR,0.556,0.0664,0.3776
DIAMONDS TWO DIAMONDS SEVEN,0.568,0.0644,0.3676
DIAMONDS TWO DIAMONDS SIX,0.5538,0.065,0.3812
DIAMONDS TWO DIAMONDS NINE,0.3832,0.0398,0.577
DIAMONDS TWO DIAMONDS EIGHT,0.3254,0.4112,0.2634
DIAMONDS THREE DIAMONDS FOUR,0.555,0.0598,0.3852
CLUBS TWO SPADES FOUR,0.6038,0.0668,0.3294
DIAMONDS THREE DIAMONDS FIVE,0.561,0.1494,0.2896
SPADES FIVE CLUBS TWO,0.5932,0.159,0.2478
CLUBS TWO SPADES TWO,0.3956,0.1004,0.504
CLUBS TWO SPADES THREE,0.5874,0.0766,0.336
DIAMONDS THREE DIAMONDS EIGHT,0.3326,0.4032,0.2642
SPADES EIGHT CLUBS TWO,0.349,0.4468,0.2042
DIAMONDS THREE DIAMONDS NINE,0.3892,0.0454,0.5654
SPADES NINE CLUBS TWO,0.4098,0.0472,0.543
DIAMONDS THREE DIAMONDS SIX,0.5568,0.0618,0.3814
SPADES SIX CLUBS TWO,0.5982,0.072,0.3298
DIAMONDS THREE DIAMONDS SEVEN,0.554,0.0628,0.3832
SPADES SEVEN CLUBS TWO,0.6306,0.0666,0.3028
CLUBS SIX CLUBS TWO,0.5724,0.0634,0.3642
CLUBS SEVEN CLUBS TWO,0.5734,0.0684,0.3582
CLUBS FOUR CLUBS TWO,0.5726,0.0674,0.36
CLUBS FIVE CLUBS TWO,0.5756,0.1472,0.2772
CLUBS TEN CLUBS JACK,0.31,0.0158,0.6742
DIAMONDS FOUR DIAMONDS SIX,0.541,0.0654,0.3936
CLUBS TEN CLUBS QUEEN,0.3084,0.0122,0.6794
DIAMONDS FOUR DIAMONDS SEVEN,0.5582,0.0562,0.3856
CLUBS TEN CLUBS KING,0.3244,0.0074,0.6682
CLUBS TEN CLUBS ACE,0.3288,0.0038,0.6674
DIAMONDS FIVE DIAMONDS FOUR,0.5588,0.144,0.2972
CLUBS NINE CLUBS TWO,0.3934,0.0418,0.5648
DIAMONDS NINE DIAMONDS FOUR,0.3768,0.0416,0.5816
DIAMONDS EIGHT DIAMONDS FOUR,0.3082,0.4178,0.274
CLUBS THREE CLUBS TWO,0.5838,0.0648,0.3514
DIAMONDS NINE DIAMONDS FIVE,0.233,0.097,0.67
CLUBS JACK DIAMONDS TWO,0.412,0.02,0.568
DIAMONDS EIGHT DIAMONDS FIVE,0.024,0.8998,0.0762
CLUBS TEN DIAMONDS TWO,0.4054,0.0264,0.5682
DIAMONDS FIVE DIAMONDS SEVEN,0.5634,0.135,0.3016
DIAMONDS FIVE DIAMONDS SIX,0.551,0.1456,0.3034
DIAMONDS TWO CLUBS ACE,0.3992,0.0054,0.5954
DIAMONDS TWO CLUBS KING,0.4064,0.01,0.5836
DIAMONDS TWO CLUBS QUEEN,0.4222,0.0138,0.564
DIAMONDS EIGHT DIAMONDS SIX,0.2116,0.3592,0.4292
DIAMONDS NINE DIAMONDS SIX,0.3402,0.039,0.6208
HEARTS ACE SPADES THREE,0.4042,0.0046,0.5912
SPADES THREE HEARTS KING,0.4234,0.0088,0.5678
DIAMONDS SEVEN DIAMONDS SIX,0.4986,0.061,0.4404
HEARTS QUEEN SPADES THREE,0.422,0.0146,0.5634
SPADES THREE HEARTS JACK,0.4186,0.018,0.5634
SPADES THREE HEARTS TEN,0.4168,0.0276,0.5556
DIAMONDS EIGHT DIAMONDS SEVEN,0.2198,0.2736,0.5066
DIAMONDS NINE DIAMONDS SEVEN,0.3268,0.0412,0.632
DIAMONDS NINE DIAMONDS EIGHT,0.2214,0.0986,0.68
DIAMONDS KING HEARTS TEN,0.338,0.0068,0.6552
HEARTS THREE HEARTS TEN,0.4006,0.0304,0.569
SPADES JACK CLUBS SIX,0.383,0.02,0.597
DIAMONDS KING HEARTS JACK,0.342,0.007,0.651
HEARTS THREE HEARTS JACK,0.408,0.0164,0.5756
SPADES TEN CLUBS SIX,0.3792,0.0242,0.5966
SPADES JACK SPADES FIVE,0.2492,0.0596,0.6912
SPADES TEN SPADES FIVE,0.25,0.082,0.668
DIAMONDS KING HEARTS ACE,0.348,0.0046,0.6474
HEARTS THREE HEARTS ACE,0.377,0.0058,0.6172
SPADES ACE CLUBS SIX,0.391,0.0054,0.6036
DIAMONDS KING HEARTS QUEEN,0.3396,0.0066,0.6538
HEARTS THREE HEARTS QUEEN,0.3882,0.0132,0.5986
SPADES KING CLUBS SIX,0.384,0.007,0.609
DIAMONDS KING HEARTS KING,0.1574,0.014,0.8286
HEARTS THREE HEARTS KING,0.3866,0.01,0.6034
SPADES QUEEN CLUBS SIX,0.3894,0.0118,0.5988
SPADES NINE HEARTS TEN,0.3194,0.0254,0.6552
SPADES NINE HEARTS JACK,0.3288,0.0188,0.6524
SPADES QUEEN SPADES FIVE,0.2494,0.0418,0.7088
SPADES KING SPADES FIVE,0.2584,0.0336,0.708
SPADES ACE SPADES FIVE,0.2518,0.0202,0.728
SPADES NINE HEARTS QUEEN,0.3442,0.0104,0.6454
SPADES NINE HEARTS KING,0.3378,0.006,0.6562
SPADES NINE HEARTS ACE,0.3432,0.0046,0.6522
CLUBS TEN SPADES JACK,0.3282,0.0112,0.6606
CLUBS TEN SPADES TEN,0.1594,0.0522,0.7884
SPADES ACE CLUBS TEN,0.355,0.004,0.641
CLUBS TEN SPADES KING,0.3422,0.0062,0.6516
CLUBS TEN SPADES QUEEN,0.3344,0.011,0.6546
SPADES FIVE HEARTS QUEEN,0.2594,0.0474,0.6932
SPADES FIVE HEARTS KING,0.2466,0.0382,0.7152
HEARTS ACE SPADES FIVE,0.269,0.0254,0.7056
HEARTS THREE SPADES JACK,0.4184,0.021,0.5606
SPADES JACK DIAMONDS KING,0.3594,0.0072,0.6334
SPADES TEN DIAMONDS KING,0.3462,0.0058,0.648
HEARTS THREE SPADES TEN,0.426,0.0254,0.5486
CLUBS SIX HEARTS ACE,0.3732,0.0058,0.621
CLUBS SIX HEARTS QUEEN,0.383,0.0122,0.6048
CLUBS TEN SPADES THREE,0.4024,0.0302,0.5674
CLUBS SIX HEARTS KING,0.3714,0.0076,0.621
CLUBS JACK SPADES THREE,0.4158,0.0186,0.5656
DIAMONDS TWO HEARTS JACK,0.4062,0.017,0.5768
SPADES THREE CLUBS QUEEN,0.415,0.0124,0.5726
DIAMONDS TWO HEARTS TEN,0.402,0.0296,0.5684
SPADES THREE CLUBS KING,0.4222,0.009,0.5688
SPADES FIVE HEARTS TEN,0.2672,0.0786,0.6542
SPADES THREE CLUBS ACE,0.4036,0.0044,0.592
SPADES FIVE HEARTS JACK,0.2632,0.0634,0.6734
HEARTS THREE CLUBS KING,0.4176,0.007,0.5754
DIAMONDS KING CLUBS KING,0.165,0.0152,0.8198
HEARTS THREE CLUBS QUEEN,0.4156,0.0146,0.5698
DIAMONDS KING CLUBS QUEEN,0.3604,0.0072,0.6324
HEARTS THREE CLUBS ACE,0.3994,0.0054,0.5952
DIAMONDS KING CLUBS ACE,0.3418,0.0048,0.6534
SPADES ACE CLUBS QUEEN,0.3504,0.0036,0.646
SPADES KING CLUBS QUEEN,0.3398,0.0066,0.6536
CLUBS JACK HEARTS THREE,0.4238,0.0196,0.5566
CLUBS JACK DIAMONDS KING,0.3396,0.0072,0.6532
SPADES QUEEN CLUBS QUEEN,0.1634,0.03,0.8066
CLUBS TEN HEARTS THREE,0.421,0.027,0.552
CLUBS TEN DIAMONDS KING,0.3424,0.0066,0.651
SPADES JACK CLUBS QUEEN,0.3478,0.011,0.6412
CLUBS SIX CLUBS QUEEN,0.3662,0.0126,0.6212
SPADES TEN CLUBS QUEEN,0.3408,0.01,0.6492
CLUBS SIX CLUBS KING,0.3464,0.0084,0.6452
CLUBS SIX CLUBS ACE,0.3608,0.005,0.6342
CLUBS TEN CLUBS SIX,0.3506,0.027,0.6224
CLUBS JACK CLUBS SIX,0.3654,0.0194,0.6152
SPADES SEVEN HEARTS JACK,0.3562,0.0204,0.6234
SPADES SEVEN HEARTS TEN,0.3588,0.0258,0.6154
DIAMONDS TWO CLUBS TWO,0.3794,0.11,0.5106
DIAMONDS TWO CLUBS THREE,0.6084,0.0676,0.324
DIAMONDS TWO HEARTS SIX,0.5824,0.0656,0.352
DIAMONDS TWO HEARTS QUEEN,0.4054,0.014,0.5806
HEARTS SEVEN DIAMONDS TWO,0.6122,0.0636,0.3242
DIAMONDS TWO HEARTS KING,0.396,0.0086,0.5954
DIAMONDS TWO HEARTS EIGHT,0.3486,0.4468,0.2046
DIAMONDS TWO HEARTS ACE,0.3986,0.004,0.5974
DIAMONDS TWO HEARTS NINE,0.419,0.0478,0.5332
DIAMONDS TWO DIAMONDS QUEEN,0.391,0.0122,0.5968
DIAMONDS TWO HEARTS TWO,0.3854,0.1038,0.5108
DIAMONDS TWO DIAMONDS KING,0.3826,0.0096,0.6078
HEARTS THREE DIAMONDS TWO,0.5996,0.0742,0.3262
DIAMONDS TWO DIAMONDS ACE,0.3872,0.0062,0.6066
HEARTS FOUR DIAMONDS TWO,0.6108,0.0678,0.3214
SPADES SEVEN HEARTS ACE,0.3652,0.0042,0.6306
DIAMONDS TWO DIAMONDS TEN,0.3936,0.0256,0.5808
SPADES SEVEN HEARTS KING,0.3804,0.0076,0.612
DIAMONDS TWO DIAMONDS JACK,0.395,0.0192,0.5858
SPADES SEVEN HEARTS QUEEN,0.372,0.0132,0.6148
DIAMONDS TWO SPADES NINE,0.4162,0.045,0.5388
DIAMONDS TWO SPADES EIGHT,0.3474,0.4396,0.213
DIAMONDS TWO SPADES SEVEN,0.601,0.0728,0.3262
DIAMONDS TWO SPADES SIX,0.5862,0.0648,0.349
DIAMONDS TWO SPADES FIVE,0.5912,0.1504,0.2584
DIAMONDS TWO SPADES FOUR,0.5864,0.0654,0.3482
DIAMONDS TWO SPADES THREE,0.595,0.065,0.34
DIAMONDS TWO SPADES TWO,0.379,0.0952,0.5258
DIAMONDS TWO CLUBS NINE,0.41,0.0438,0.5462
CLUBS SEVEN DIAMONDS TWO,0.6136,0.0588,0.3276
DIAMONDS TWO CLUBS SIX,0.6028,0.0672,0.33
DIAMONDS TWO CLUBS FIVE,0.5964,0.152,0.2516
DIAMONDS TWO CLUBS FOUR,0.6014,0.0708,0.3278
CLUBS FOUR SPADES FIVE,0.5806,0.1504,0.269
CLUBS FOUR SPADES FOUR,0.3808,0.0934,0.5258
CLUBS FOUR SPADES THREE,0.5846,0.0656,0.3498
CLUBS FOUR SPADES TWO,0.593,0.0644,0.3426
SPADES NINE CLUBS FOUR,0.4148,0.0366,0.5486
SPADES EIGHT CLUBS FOUR,0.3502,0.4502,0.1996
SPADES SEVEN CLUBS FOUR,0.5806,0.069,0.3504
CLUBS FOUR SPADES SIX,0.5744,0.0636,0.362
SPADES ACE DIAMONDS SIX,0.38,0.0024,0.6176
SPADES QUEEN DIAMONDS SIX,0.3848,0.009,0.6062
SPADES KING DIAMONDS SIX,0.3684,0.007,0.6246
SPADES TEN DIAMONDS SIX,0.3714,0.0254,0.6032
SPADES JACK DIAMONDS SIX,0.3828,0.0186,0.5986
SPADES QUEEN SPADES TWO,0.3856,0.0112,0.6032
SPADES KING SPADES TWO,0.399,0.01,0.591
SPADES ACE SPADES TWO,0.38,0.0052,0.6148
CLUBS JACK DIAMONDS JACK,0.1668,0.0386,0.7946
CLUBS TEN DIAMONDS JACK,0.3278,0.0146,0.6576
DIAMONDS JACK CLUBS KING,0.3534,0.008,0.6386
DIAMONDS JACK CLUBS QUEEN,0.3414,0.0102,0.6484
DIAMONDS THREE DIAMONDS JACK,0.3904,0.0178,0.5918
DIAMONDS THREE DIAMONDS TEN,0.3908,0.0226,0.5866
DIAMONDS JACK CLUBS ACE,0.342,0.006,0.652
DIAMONDS THREE DIAMONDS KING,0.3976,0.0082,0.5942
HEARTS THREE DIAMONDS THREE,0.3996,0.0964,0.504
DIAMONDS THREE DIAMONDS QUEEN,0.3948,0.0116,0.5936
DIAMONDS THREE HEARTS TWO,0.5918,0.0704,0.3378
DIAMONDS THREE DIAMONDS ACE,0.3726,0.0024,0.625
HEARTS FOUR DIAMONDS THREE,0.588,0.0716,0.3404
HEARTS SEVEN DIAMONDS THREE,0.5902,0.068,0.3418
SPADES TEN SPADES NINE,0.306,0.024,0.67
HEARTS SIX DIAMONDS THREE,0.5732,0.0696,0.3572
SPADES JACK SPADES NINE,0.3136,0.0154,0.671
DIAMONDS THREE HEARTS NINE,0.3974,0.043,0.5596
HEARTS JACK DIAMONDS FOUR,0.4156,0.0212,0.5632
HEARTS ACE HEARTS KING,0.3334,0.0032,0.6634
SPADES TEN SPADES TWO,0.3908,0.0284,0.5808
DIAMONDS THREE HEARTS EIGHT,0.3418,0.4482,0.21
HEARTS TEN DIAMONDS FOUR,0.3914,0.0254,0.5832
SPADES JACK SPADES TWO,0.3972,0.0178,0.585
HEARTS QUEEN DIAMONDS FOUR,0.403,0.0138,0.5832
HEARTS KING DIAMONDS FOUR,0.4124,0.0072,0.5804
SPADES ACE SPADES NINE,0.338,0.006,0.656
HEARTS ACE DIAMONDS FOUR,0.3876,0.0062,0.6062
SPADES KING SPADES NINE,0.3364,0.0076,0.656
SPADES QUEEN SPADES NINE,0.3212,0.0114,0.6674
DIAMONDS THREE SPADES NINE,0.4142,0.0432,0.5426
DIAMONDS THREE SPADES EIGHT,0.3502,0.4398,0.21
DIAMONDS THREE SPADES SEVEN,0.5966,0.0686,0.3348
DIAMONDS THREE SPADES SIX,0.5808,0.0674,0.3518
DIAMONDS THREE CLUBS SIX,0.5878,0.0658,0.3464
CLUBS FIVE CLUBS SIX,0.5658,0.1456,0.2886
CLUBS ACE DIAMONDS FOUR,0.3928,0.006,0.6012
CLUBS SEVEN DIAMONDS THREE,0.5944,0.0652,0.3404
CLUBS SEVEN CLUBS FIVE,0.584,0.142,0.274
DIAMONDS THREE CLUBS FOUR,0.5892,0.0706,0.3402
DIAMONDS FOUR CLUBS QUEEN,0.4094,0.0104,0.5802
DIAMONDS THREE CLUBS FIVE,0.5936,0.1546,0.2518
DIAMONDS FOUR CLUBS KING,0.4088,0.0094,0.5818
DIAMONDS THREE CLUBS TWO,0.591,0.0718,0.3372
CLUBS TEN DIAMONDS FOUR,0.414,0.0304,0.5556
DIAMONDS THREE CLUBS THREE,0.3904,0.0966,0.513
CLUBS JACK DIAMONDS FOUR,0.3908,0.0246,0.5846
DIAMONDS THREE SPADES FOUR,0.5846,0.07,0.3454
DIAMONDS THREE SPADES FIVE,0.5956,0.1484,0.256
DIAMONDS THREE SPADES TWO,0.597,0.0682,0.3348
DIAMONDS THREE SPADES THREE,0.3834,0.0898,0.5268
CLUBS NINE DIAMONDS THREE,0.406,0.0446,0.5494
SPADES SEVEN CLUBS ACE,0.3798,0.0032,0.617
SPADES SEVEN CLUBS QUEEN,0.3676,0.012,0.6204
SPADES SEVEN CLUBS KING,0.362,0.0098,0.6282
CLUBS FIVE SPADES SEVEN,0.6106,0.1404,0.249
CLUBS TEN SPADES SEVEN,0.36,0.0232,0.6168
CLUBS FIVE SPADES SIX,0.597,0.1418,0.2612
CLUBS JACK SPADES SEVEN,0.3558,0.0184,0.6258
CLUBS FIVE SPADES NINE,0.2532,0.1118,0.635
CLUBS FIVE SPADES EIGHT,0.0198,0.9702,0.01
CLUBS FIVE SPADES THREE,0.6,0.1472,0.2528
CLUBS FIVE SPADES TWO,0.6044,0.151,0.2446
CLUBS FIVE SPADES FIVE,0.2838,0.0822,0.634
CLUBS FIVE SPADES FOUR,0.5904,0.1488,0.2608
CLUBS NINE CLUBS FIVE,0.2384,0.1054,0.6562
CLUBS ACE CLUBS QUEEN,0.3386,0.0056,0.6558
CLUBS KING CLUBS QUEEN,0.3302,0.0056,0.6642
DIAMONDS TEN DIAMONDS FOUR,0.372,0.032,0.596
CLUBS TEN DIAMONDS NINE,0.3186,0.0268,0.6546
DIAMONDS JACK DIAMONDS FOUR,0.3794,0.019,0.6016
CLUBS JACK DIAMONDS NINE,0.3346,0.017,0.6484
CLUBS JACK SPADES NINE,0.332,0.0156,0.6524
CLUBS TEN SPADES NINE,0.3262,0.025,0.6488
DIAMONDS ACE DIAMONDS FOUR,0.373,0.0044,0.6226
HEARTS FOUR DIAMONDS FOUR,0.3842,0.0996,0.5162
DIAMONDS JACK HEARTS TEN,0.3308,0.0132,0.656
SPADES NINE CLUBS KING,0.3426,0.0086,0.6488
DIAMONDS TWO SPADES TEN,0.4176,0.0244,0.558
DIAMONDS NINE CLUBS ACE,0.35,0.0036,0.6464
DIAMONDS JACK HEARTS JACK,0.1714,0.0342,0.7944
SPADES NINE CLUBS QUEEN,0.348,0.0136,0.6384
DIAMONDS TWO SPADES JACK,0.4264,0.0206,0.553
DIAMONDS QUEEN DIAMONDS FOUR,0.3842,0.0124,0.6034
HEARTS TWO DIAMONDS FOUR,0.5952,0.072,0.3328
DIAMONDS NINE CLUBS QUEEN,0.3396,0.0108,0.6496
DIAMONDS KING DIAMONDS FOUR,0.3932,0.0074,0.5994
HEARTS THREE DIAMONDS FOUR,0.6086,0.0648,0.3266
SPADES NINE CLUBS ACE,0.3562,0.0066,0.6372
DIAMONDS NINE CLUBS KING,0.3514,0.008,0.6406
HEARTS ACE DIAMONDS JACK,0.3474,0.0056,0.647
SPADES ACE DIAMONDS TWO,0.413,0.0032,0.5838
HEARTS QUEEN DIAMONDS JACK,0.3438,0.009,0.6472
SPADES QUEEN DIAMONDS TWO,0.4162,0.0118,0.572
DIAMONDS JACK HEARTS KING,0.3444,0.007,0.6486
SPADES KING DIAMONDS TWO,0.4232,0.0056,0.5712
SPADES JACK SPADES SEVEN,0.3478,0.0162,0.636
SPADES TEN SPADES SEVEN,0.3358,0.0242,0.64
CLUBS SEVEN CLUBS THREE,0.5546,0.0678,0.3776
CLUBS SIX CLUBS THREE,0.5702,0.0652,0.3646
CLUBS FIVE CLUBS THREE,0.5678,0.1508,0.2814
CLUBS THREE CLUBS FOUR,0.5594,0.0644,0.3762
CLUBS NINE CLUBS THREE,0.391,0.0406,0.5684
CLUBS THREE SPADES FIVE,0.5846,0.159,0.2564
CLUBS THREE SPADES FOUR,0.597,0.0666,0.3364
CLUBS THREE SPADES THREE,0.3846,0.0968,0.5186
CLUBS THREE SPADES TWO,0.604,0.0662,0.3298
CLUBS THREE SPADES SIX,0.5766,0.0654,0.358
CLUBS THREE SPADES SEVEN,0.5954,0.0636,0.341
SPADES EIGHT CLUBS THREE,0.3396,0.4468,0.2136
SPADES NINE CLUBS THREE,0.422,0.0454,0.5326
SPADES TWO DIAMONDS FOUR,0.5966,0.063,0.3404
SPADES THREE DIAMONDS FOUR,0.5772,0.0684,0.3544
SPADES FOUR DIAMONDS FOUR,0.3798,0.0948,0.5254
SPADES FIVE DIAMONDS FOUR,0.5752,0.1456,0.2792
SPADES SIX DIAMONDS FOUR,0.5666,0.068,0.3654
SPADES SEVEN DIAMONDS FOUR,0.5832,0.0738,0.343
SPADES EIGHT DIAMONDS FOUR,0.3228,0.4566,0.2206
SPADES NINE DIAMONDS FOUR,0.406,0.0422,0.5518
CLUBS FIVE DIAMONDS FOUR,0.5754,0.1574,0.2672
CLUBS FOUR DIAMONDS FOUR,0.3658,0.099,0.5352
CLUBS SEVEN DIAMONDS FOUR,0.5956,0.065,0.3394
CLUBS SIX DIAMONDS FOUR,0.564,0.0646,0.3714
CLUBS NINE DIAMONDS FOUR,0.4038,0.0406,0.5556
HEARTS SEVEN DIAMONDS FOUR,0.5762,0.0662,0.3576
HEARTS SIX DIAMONDS FOUR,0.5802,0.0666,0.3532
DIAMONDS FOUR HEARTS NINE,0.393,0.0424,0.5646
DIAMONDS FOUR HEARTS EIGHT,0.3254,0.4444,0.2302
CLUBS THREE DIAMONDS FOUR,0.5948,0.0714,0.3338
CLUBS TWO DIAMONDS FOUR,0.5968,0.066,0.3372
DIAMONDS TEN DIAMONDS FIVE,0.2628,0.0758,0.6614
DIAMONDS JACK DIAMONDS FIVE,0.2446,0.0544,0.701
DIAMONDS NINE HEARTS QUEEN,0.3342,0.0068,0.659
DIAMONDS NINE HEARTS KING,0.3474,0.0072,0.6454
HEARTS ACE DIAMONDS NINE,0.356,0.0046,0.6394
DIAMONDS NINE HEARTS TEN,0.3236,0.0246,0.6518
DIAMONDS NINE HEARTS JACK,0.3346,0.0212,0.6442
CLUBS KING DIAMONDS SIX,0.3686,0.0078,0.6236
CLUBS QUEEN DIAMONDS SIX,0.386,0.011,0.603
CLUBS ACE DIAMONDS SIX,0.3696,0.0038,0.6266
SPADES KING DIAMONDS FOUR,0.4124,0.0064,0.5812
SPADES ACE SPADES SEVEN,0.3514,0.0026,0.646
SPADES QUEEN DIAMONDS FOUR,0.4112,0.0126,0.5762
SPADES QUEEN SPADES SEVEN,0.3602,0.013,0.6268
CLUBS JACK DIAMONDS SIX,0.3722,0.0198,0.608
SPADES KING SPADES SEVEN,0.3632,0.0064,0.6304
SPADES ACE DIAMONDS FOUR,0.4,0.0048,0.5952
CLUBS TEN DIAMONDS SIX,0.3626,0.0276,0.6098
CLUBS NINE CLUBS FOUR,0.3904,0.0408,0.5688
SPADES JACK DIAMONDS FOUR,0.4132,0.0196,0.5672
SPADES TEN DIAMONDS FOUR,0.3986,0.0274,0.574
CLUBS FIVE CLUBS FOUR,0.5526,0.1438,0.3036
CLUBS SEVEN CLUBS FOUR,0.5458,0.0684,0.3858
CLUBS SIX CLUBS FOUR,0.5534,0.0646,0.382
CLUBS SEVEN SPADES EIGHT,0.2354,0.2886,0.476
CLUBS SEVEN SPADES NINE,0.346,0.0366,0.6174
CLUBS SEVEN SPADES SIX,0.5324,0.0622,0.4054
CLUBS SEVEN SPADES SEVEN,0.2688,0.073,0.6582
CLUBS SEVEN SPADES FIVE,0.6158,0.1426,0.2416
CLUBS SEVEN SPADES FOUR,0.5878,0.0638,0.3484
CLUBS SEVEN SPADES THREE,0.6104,0.0644,0.3252
CLUBS SEVEN SPADES TWO,0.604,0.071,0.325
CLUBS SEVEN CLUBS NINE,0.323,0.0406,0.6364
HEARTS SIX DIAMONDS FIVE,0.5896,0.1506,0.2598
HEARTS SEVEN DIAMONDS FIVE,0.6022,0.1422,0.2556
DIAMONDS FIVE HEARTS EIGHT,0.0096,0.9688,0.0216
DIAMONDS FIVE HEARTS NINE,0.2424,0.1138,0.6438
DIAMONDS QUEEN DIAMONDS FIVE,0.2376,0.0452,0.7172
HEARTS TWO DIAMONDS FIVE,0.6018,0.1516,0.2466
HEARTS KING HEARTS EIGHT,0.2486,0.0386,0.7128
DIAMONDS KING DIAMONDS FIVE,0.2502,0.0324,0.7174
HEARTS THREE DIAMONDS FIVE,0.598,0.1588,0.2432
HEARTS QUEEN HEARTS EIGHT,0.2464,0.047,0.7066
DIAMONDS ACE DIAMONDS FIVE,0.2552,0.021,0.7238
HEARTS FOUR DIAMONDS FIVE,0.5892,0.1486,0.2622
HEARTS ACE HEARTS EIGHT,0.2374,0.0234,0.7392
CLUBS FOUR DIAMONDS FIVE,0.5756,0.1568,0.2676
CLUBS FIVE DIAMONDS FIVE,0.2834,0.0776,0.639
CLUBS SIX DIAMONDS FIVE,0.59,0.1522,0.2578
CLUBS SEVEN DIAMONDS FIVE,0.616,0.1378,0.2462
CLUBS TWO DIAMONDS FIVE,0.6026,0.1476,0.2498
CLUBS THREE DIAMONDS FIVE,0.606,0.1524,0.2416
SPADES THREE DIAMONDS FIVE,0.6028,0.1432,0.254
SPADES TWO DIAMONDS FIVE,0.5958,0.1518,0.2524
SPADES JACK DIAMONDS EIGHT,0.2726,0.0532,0.6742
SPADES FIVE DIAMONDS FIVE,0.2852,0.0782,0.6366
CLUBS TEN HEARTS JACK,0.3186,0.0156,0.6658
SPADES TEN DIAMONDS EIGHT,0.2486,0.0788,0.6726
SPADES FOUR DIAMONDS FIVE,0.572,0.155,0.273
CLUBS JACK HEARTS JACK,0.1522,0.0402,0.8076
HEARTS JACK CLUBS QUEEN,0.336,0.0102,0.6538
CLUBS NINE DIAMONDS FIVE,0.244,0.1118,0.6442
HEARTS JACK CLUBS KING,0.3402,0.0076,0.6522
CLUBS ACE HEARTS JACK,0.3302,0.0056,0.6642
SPADES SEVEN DIAMONDS FIVE,0.5934,0.1462,0.2604
SPADES KING DIAMONDS EIGHT,0.2562,0.0336,0.7102
SPADES QUEEN DIAMONDS EIGHT,0.256,0.0478,0.6962
SPADES SIX DIAMONDS FIVE,0.5822,0.1462,0.2716
SPADES NINE DIAMONDS FIVE,0.2526,0.1024,0.645
SPADES EIGHT DIAMONDS FIVE,0.021,0.9578,0.0212
SPADES ACE DIAMONDS EIGHT,0.2644,0.0266,0.709
DIAMONDS TEN DIAMONDS SIX,0.3564,0.0252,0.6184
HEARTS ACE DIAMONDS SEVEN,0.354,0.0026,0.6434
DIAMONDS JACK DIAMONDS SIX,0.364,0.0148,0.6212
HEARTS QUEEN DIAMONDS SEVEN,0.3742,0.0102,0.6156
HEARTS KING DIAMONDS SEVEN,0.3682,0.0064,0.6254
DIAMONDS ACE DIAMONDS SIX,0.3558,0.0048,0.6394
HEARTS FOUR DIAMONDS SIX,0.577,0.0686,0.3544
SPADES TWO HEARTS JACK,0.412,0.0184,0.5696
SPADES TWO HEARTS TEN,0.4092,0.0248,0.566
DIAMONDS QUEEN DIAMONDS SIX,0.3624,0.0094,0.6282
HEARTS TWO DIAMONDS SIX,0.599,0.0674,0.3336
DIAMONDS KING DIAMONDS SIX,0.35,0.0084,0.6416
HEARTS THREE DIAMONDS SIX,0.5904,0.069,0.3406
HEARTS EIGHT DIAMONDS SIX,0.2218,0.377,0.4012
HEARTS NINE DIAMONDS SIX,0.3506,0.0422,0.6072
HEARTS SIX DIAMONDS SIX,0.2618,0.096,0.6422
HEARTS SEVEN DIAMONDS SIX,0.5244,0.0582,0.4174
HEARTS TEN DIAMONDS SEVEN,0.347,0.0242,0.6288
CLUBS TWO DIAMONDS SIX,0.5936,0.069,0.3374
HEARTS JACK DIAMONDS SEVEN,0.3662,0.0154,0.6184
CLUBS THREE DIAMONDS SIX,0.5922,0.0682,0.3396
CLUBS SEVEN DIAMONDS SIX,0.5246,0.064,0.4114
CLUBS JACK DIAMONDS EIGHT,0.2498,0.065,0.6852
CLUBS SIX DIAMONDS SIX,0.2728,0.0938,0.6334
CLUBS TEN DIAMONDS EIGHT,0.2336,0.0746,0.6918
CLUBS FIVE DIAMONDS SIX,0.6114,0.1388,0.2498
CLUBS FOUR DIAMONDS SIX,0.5632,0.0722,0.3646
HEARTS ACE HEARTS JACK,0.3412,0.0042,0.6546
DIAMONDS EIGHT CLUBS ACE,0.2482,0.0252,0.7266
HEARTS QUEEN HEARTS JACK,0.324,0.0102,0.6658
DIAMONDS EIGHT CLUBS KING,0.2746,0.0314,0.694
CLUBS NINE DIAMONDS SIX,0.3628,0.038,0.5992
HEARTS KING HEARTS JACK,0.337,0.0066,0.6564
DIAMONDS EIGHT CLUBS QUEEN,0.251,0.047,0.702
SPADES TEN HEARTS KING,0.3336,0.0074,0.659
SPADES FIVE DIAMONDS SIX,0.6008,0.1336,0.2656
HEARTS ACE SPADES TWO,0.3914,0.0054,0.6032
SPADES JACK HEARTS KING,0.3344,0.0046,0.661
SPADES FOUR DIAMONDS SIX,0.565,0.0644,0.3706
SPADES THREE DIAMONDS SIX,0.57,0.0686,0.3614
HEARTS QUEEN SPADES TWO,0.4076,0.0124,0.58
SPADES ACE SPADES KING,0.3326,0.0046,0.6628
HEARTS KING SPADES TWO,0.3986,0.009,0.5924
SPADES TWO DIAMONDS SIX,0.5922,0.067,0.3408
HEARTS TEN HEARTS EIGHT,0.229,0.0798,0.6912
SPADES NINE DIAMONDS SIX,0.3612,0.046,0.5928
HEARTS JACK HEARTS EIGHT,0.2414,0.0596,0.699
SPADES EIGHT DIAMONDS SIX,0.2362,0.3734,0.3904
SPADES SEVEN DIAMONDS SIX,0.526,0.0658,0.4082
SPADES SIX DIAMONDS SIX,0.2556,0.0874,0.657
SPADES KING HEARTS KING,0.1666,0.017,0.8164
SPADES QUEEN HEARTS KING,0.336,0.0084,0.6556
CLUBS ACE CLUBS KING,0.333,0.0062,0.6608
SPADES ACE HEARTS KING,0.3564,0.0032,0.6404
SPADES ACE HEARTS JACK,0.3424,0.0042,0.6534
SPADES QUEEN HEARTS JACK,0.347,0.012,0.641
SPADES KING HEARTS JACK,0.3602,0.0062,0.6336
SPADES TEN DIAMONDS TEN,0.17,0.0524,0.7776
SPADES JACK DIAMONDS TEN,0.3178,0.0156,0.6666
SPADES ACE DIAMONDS TEN,0.3488,0.005,0.6462
SPADES JACK HEARTS JACK,0.1772,0.0392,0.7836
SPADES TEN HEARTS JACK,0.3262,0.0158,0.658
SPADES QUEEN DIAMONDS TEN,0.3258,0.009,0.6652
SPADES KING DIAMONDS TEN,0.3542,0.005,0.6408
SPADES NINE DIAMONDS SEVEN,0.357,0.038,0.605
SPADES EIGHT DIAMONDS SEVEN,0.224,0.2914,0.4846
SPADES SEVEN DIAMONDS SEVEN,0.2606,0.0848,0.6546
SPADES SIX DIAMONDS SEVEN,0.53,0.063,0.407
DIAMONDS KING DIAMONDS SEVEN,0.357,0.0072,0.6358
HEARTS THREE DIAMONDS SEVEN,0.6088,0.0616,0.3296
HEARTS KING DIAMONDS FIVE,0.2594,0.0352,0.7054
DIAMONDS QUEEN DIAMONDS SEVEN,0.3626,0.01,0.6274
HEARTS TWO DIAMONDS SEVEN,0.616,0.0674,0.3166
HEARTS QUEEN DIAMONDS FIVE,0.253,0.0436,0.7034
DIAMONDS ACE DIAMONDS SEVEN,0.347,0.0034,0.6496
HEARTS FOUR DIAMONDS SEVEN,0.5904,0.069,0.3406
HEARTS ACE DIAMONDS FIVE,0.2662,0.0246,0.7092
HEARTS SEVEN DIAMONDS SEVEN,0.2642,0.0812,0.6546
HEARTS SIX DIAMONDS SEVEN,0.5326,0.0676,0.3998
DIAMONDS SEVEN HEARTS NINE,0.3488,0.0342,0.617
HEARTS EIGHT DIAMONDS SEVEN,0.2126,0.2936,0.4938
DIAMONDS JACK DIAMONDS SEVEN,0.3432,0.0168,0.64
DIAMONDS FIVE HEARTS JACK,0.262,0.0566,0.6814
DIAMONDS TEN DIAMONDS SEVEN,0.3466,0.0234,0.63
HEARTS TEN DIAMONDS FIVE,0.2684,0.0836,0.648
SPADES KING CLUBS TWO,0.4306,0.007,0.5624
HEARTS KING CLUBS KING,0.1564,0.0166,0.827
SPADES QUEEN CLUBS TWO,0.4164,0.0144,0.5692
HEARTS KING CLUBS QUEEN,0.3472,0.0078,0.645
CLUBS NINE DIAMONDS SEVEN,0.345,0.0438,0.6112
CLUBS JACK SPADES TWO,0.4112,0.018,0.5708
SPADES ACE CLUBS TWO,0.4172,0.0052,0.5776
CLUBS TEN SPADES TWO,0.4066,0.027,0.5664
HEARTS KING CLUBS ACE,0.3332,0.0054,0.6614
CLUBS SEVEN CLUBS SIX,0.4982,0.063,0.4388
SPADES TWO CLUBS KING,0.4058,0.0102,0.584
SPADES TWO DIAMONDS SEVEN,0.6086,0.0712,0.3202
SPADES THREE DIAMONDS SEVEN,0.5802,0.0664,0.3534
SPADES TWO CLUBS QUEEN,0.4248,0.0104,0.5648
CLUBS NINE CLUBS SIX,0.3344,0.0378,0.6278
SPADES FOUR DIAMONDS SEVEN,0.576,0.0668,0.3572
CLUBS JACK HEARTS KING,0.3426,0.0064,0.651
SPADES FIVE DIAMONDS SEVEN,0.5948,0.1414,0.2638
SPADES TWO CLUBS ACE,0.4062,0.0054,0.5884
CLUBS TEN HEARTS KING,0.3334,0.0098,0.6568
CLUBS SIX SPADES TWO,0.609,0.0668,0.3242
CLUBS SIX SPADES THREE,0.576,0.0726,0.3514
CLUBS TWO DIAMONDS SEVEN,0.6064,0.0658,0.3278
CLUBS SIX SPADES FOUR,0.5678,0.0682,0.364
CLUBS THREE DIAMONDS SEVEN,0.59,0.0698,0.3402
CLUBS SIX SPADES FIVE,0.5954,0.142,0.2626
CLUBS FOUR DIAMONDS SEVEN,0.5842,0.0714,0.3444
CLUBS SIX SPADES SIX,0.2688,0.0876,0.6436
CLUBS FIVE DIAMONDS SEVEN,0.618,0.1526,0.2294
CLUBS SIX SPADES SEVEN,0.535,0.0692,0.3958
CLUBS SIX DIAMONDS SEVEN,0.5352,0.0628,0.402
CLUBS SIX SPADES EIGHT,0.2278,0.372,0.4002
SPADES JACK CLUBS TWO,0.4166,0.019,0.5644
CLUBS SEVEN DIAMONDS SEVEN,0.273,0.0824,0.6446
SPADES NINE CLUBS SIX,0.3614,0.0376,0.601
SPADES TEN CLUBS TWO,0.4122,0.0276,0.5602
CLUBS TWO CLUBS QUEEN,0.4058,0.0132,0.581
CLUBS TWO CLUBS KING,0.4042,0.009,0.5868
CLUBS THREE DIAMONDS EIGHT,0.3356,0.4446,0.2198
CLUBS TWO CLUBS ACE,0.3948,0.0062,0.599
CLUBS TWO DIAMONDS EIGHT,0.3474,0.447,0.2056
HEARTS SEVEN DIAMONDS EIGHT,0.2194,0.3058,0.4748
HEARTS SIX DIAMONDS EIGHT,0.22,0.3802,0.3998
DIAMONDS EIGHT HEARTS NINE,0.2294,0.1012,0.6694
CLUBS TEN CLUBS TWO,0.3968,0.0274,0.5758
DIAMONDS EIGHT HEARTS EIGHT,0.107,0.087,0.806
CLUBS JACK CLUBS TWO,0.3906,0.0218,0.5876
CLUBS NINE DIAMONDS EIGHT,0.2344,0.0974,0.6682
CLUBS FIVE DIAMONDS EIGHT,0.0166,0.97,0.0134
SPADES ACE SPADES THREE,0.3816,0.004,0.6144
CLUBS FOUR DIAMONDS EIGHT,0.3372,0.4508,0.212
CLUBS SEVEN DIAMONDS EIGHT,0.2354,0.2906,0.474
SPADES QUEEN SPADES THREE,0.3922,0.011,0.5968
CLUBS SIX DIAMONDS EIGHT,0.2206,0.3734,0.406
SPADES KING SPADES THREE,0.3988,0.0084,0.5928
DIAMONDS QUEEN DIAMONDS EIGHT,0.2262,0.041,0.7328
HEARTS TWO DIAMONDS EIGHT,0.3564,0.4398,0.2038
DIAMONDS KING DIAMONDS EIGHT,0.2468,0.0378,0.7154
HEARTS THREE DIAMONDS EIGHT,0.3438,0.4562,0.2
DIAMONDS ACE DIAMONDS EIGHT,0.2406,0.0256,0.7338
HEARTS FOUR DIAMONDS EIGHT,0.3234,0.4728,0.2038
DIAMONDS EIGHT DIAMONDS TEN,0.2314,0.0832,0.6854
DIAMONDS EIGHT DIAMONDS JACK,0.2452,0.0586,0.6962
SPADES JACK SPADES THREE,0.3838,0.0182,0.598
SPADES TEN SPADES THREE,0.3944,0.0266,0.579
CLUBS FOUR HEARTS ACE,0.3982,0.0054,0.5964
CLUBS FOUR HEARTS QUEEN,0.4008,0.0134,0.5858
CLUBS FOUR HEARTS KING,0.404,0.0084,0.5876
CLUBS SIX HEARTS TEN,0.365,0.0284,0.6066
CLUBS SIX HEARTS JACK,0.3702,0.016,0.6138
DIAMONDS EIGHT SPADES FOUR,0.3274,0.4632,0.2094
SPADES FIVE DIAMONDS EIGHT,0.0204,0.9592,0.0204
DIAMONDS EIGHT SPADES TWO,0.345,0.4378,0.2172
DIAMONDS EIGHT SPADES THREE,0.3364,0.4448,0.2188
CLUBS FOUR HEARTS JACK,0.4124,0.0202,0.5674
SPADES EIGHT DIAMONDS EIGHT,0.1116,0.085,0.8034
SPADES TEN DIAMONDS QUEEN,0.3312,0.011,0.6578
SPADES TEN HEARTS TWO,0.4124,0.0278,0.5598
SPADES JACK HEARTS EIGHT,0.2552,0.0598,0.685
CLUBS FOUR HEARTS TEN,0.4148,0.0246,0.5606
SPADES NINE DIAMONDS EIGHT,0.2466,0.0948,0.6586
SPADES TEN HEARTS EIGHT,0.2306,0.0762,0.6932
SPADES JACK HEARTS TWO,0.4126,0.0204,0.567
SPADES JACK DIAMONDS QUEEN,0.3514,0.0102,0.6384
SPADES SIX DIAMONDS EIGHT,0.2322,0.3706,0.3972
SPADES SEVEN DIAMONDS EIGHT,0.2272,0.2974,0.4754
SPADES ACE HEARTS TWO,0.4048,0.0056,0.5896
SPADES ACE DIAMONDS QUEEN,0.3626,0.0032,0.6342
SPADES ACE HEARTS EIGHT,0.256,0.027,0.717
SPADES KING HEARTS EIGHT,0.2582,0.0332,0.7086
SPADES QUEEN HEARTS TWO,0.4258,0.0128,0.5614
SPADES QUEEN DIAMONDS QUEEN,0.1728,0.0254,0.8018
SPADES KING DIAMONDS QUEEN,0.353,0.0062,0.6408
SPADES KING HEARTS TWO,0.4204,0.009,0.5706
SPADES QUEEN HEARTS EIGHT,0.2564,0.0454,0.6982
CLUBS TWO HEARTS TEN,0.4092,0.0264,0.5644
CLUBS TWO HEARTS JACK,0.4168,0.023,0.5602
SPADES SEVEN DIAMONDS NINE,0.348,0.0386,0.6134
SPADES SIX DIAMONDS NINE,0.3602,0.0424,0.5974
SPADES NINE DIAMONDS NINE,0.174,0.0578,0.7682
SPADES EIGHT DIAMONDS NINE,0.2442,0.1002,0.6556
SPADES TEN CLUBS KING,0.3178,0.0074,0.6748
DIAMONDS NINE SPADES THREE,0.4218,0.0404,0.5378
SPADES JACK CLUBS KING,0.3418,0.007,0.6512
DIAMONDS NINE SPADES TWO,0.4076,0.0392,0.5532
DIAMONDS NINE SPADES FIVE,0.252,0.1064,0.6416
DIAMONDS NINE SPADES FOUR,0.417,0.0404,0.5426
CLUBS NINE DIAMONDS NINE,0.1506,0.0636,0.7858
CLUBS SIX DIAMONDS NINE,0.3554,0.0408,0.6038
SPADES JACK CLUBS FOUR,0.4074,0.018,0.5746
CLUBS SEVEN DIAMONDS NINE,0.3448,0.0396,0.6156
SPADES TEN CLUBS FOUR,0.4184,0.0286,0.553
CLUBS FOUR DIAMONDS NINE,0.4182,0.0442,0.5376
CLUBS FIVE DIAMONDS NINE,0.2506,0.1084,0.641
DIAMONDS NINE CLUBS TWO,0.4018,0.049,0.5492
CLUBS THREE DIAMONDS NINE,0.4122,0.0424,0.5454
DIAMONDS NINE HEARTS EIGHT,0.2352,0.1052,0.6596
DIAMONDS NINE HEARTS NINE,0.1578,0.0608,0.7814
HEARTS SIX DIAMONDS NINE,0.3464,0.0416,0.612
HEARTS SEVEN DIAMONDS NINE,0.3374,0.0436,0.619
DIAMONDS ACE DIAMONDS NINE,0.3248,0.0048,0.6704
HEARTS FOUR DIAMONDS NINE,0.4024,0.043,0.5546
HEARTS ACE CLUBS TWO,0.4076,0.0046,0.5878
SPADES ACE CLUBS FOUR,0.3962,0.005,0.5988
DIAMONDS QUEEN DIAMONDS NINE,0.3246,0.0116,0.6638
HEARTS TWO DIAMONDS NINE,0.427,0.0426,0.5304
CLUBS TWO HEARTS KING,0.4156,0.007,0.5774
SPADES KING CLUBS FOUR,0.4144,0.0096,0.576
DIAMONDS KING DIAMONDS NINE,0.3226,0.0064,0.671
HEARTS THREE DIAMONDS NINE,0.4166,0.0416,0.5418
CLUBS TWO HEARTS QUEEN,0.4148,0.0122,0.573
SPADES QUEEN CLUBS FOUR,0.4238,0.015,0.5612
DIAMONDS NINE DIAMONDS JACK,0.3124,0.0162,0.6714
DIAMONDS NINE DIAMONDS TEN,0.3036,0.0248,0.6716
HEARTS SIX DIAMONDS TEN,0.3656,0.0272,0.6072
HEARTS SEVEN DIAMONDS TEN,0.3586,0.0236,0.6178
DIAMONDS TEN HEARTS EIGHT,0.2472,0.0754,0.6774
CLUBS JACK CLUBS FOUR,0.3978,0.0212,0.581
DIAMONDS TEN HEARTS NINE,0.3254,0.0242,0.6504
CLUBS TEN CLUBS FOUR,0.3796,0.0332,0.5872
CLUBS FOUR CLUBS KING,0.3878,0.0092,0.603
CLUBS FOUR CLUBS QUEEN,0.3864,0.0128,0.6008
CLUBS TWO DIAMONDS TEN,0.419,0.031,0.55
CLUBS THREE DIAMONDS TEN,0.4136,0.0284,0.558
CLUBS FOUR CLUBS ACE,0.3814,0.0048,0.6138
DIAMONDS JACK DIAMONDS TEN,0.3174,0.0136,0.669
DIAMONDS QUEEN DIAMONDS TEN,0.3114,0.0114,0.6772
HEARTS TWO DIAMONDS TEN,0.429,0.0282,0.5428
DIAMONDS KING DIAMONDS TEN,0.3224,0.009,0.6686
HEARTS THREE DIAMONDS TEN,0.4196,0.0354,0.545
DIAMONDS ACE DIAMONDS TEN,0.3272,0.0048,0.668
HEARTS FOUR DIAMONDS TEN,0.4186,0.0246,0.5568
CLUBS NINE SPADES THREE,0.417,0.0428,0.5402
CLUBS NINE SPADES TWO,0.4156,0.0424,0.542
CLUBS NINE SPADES FIVE,0.2468,0.1132,0.64
CLUBS NINE SPADES FOUR,0.41,0.0402,0.5498
CLUBS NINE SPADES SEVEN,0.3514,0.0448,0.6038
CLUBS NINE SPADES SIX,0.3468,0.0378,0.6154
CLUBS NINE SPADES NINE,0.1574,0.0576,0.785
CLUBS TEN HEARTS EIGHT,0.2216,0.0894,0.689
CLUBS NINE SPADES EIGHT,0.2248,0.103,0.6722
CLUBS JACK HEARTS EIGHT,0.2498,0.0606,0.6896
HEARTS EIGHT CLUBS QUEEN,0.2508,0.0456,0.7036
CLUBS KING HEARTS EIGHT,0.2424,0.0322,0.7254
CLUBS ACE HEARTS EIGHT,0.2338,0.0308,0.7354
SPADES KING CLUBS KING,0.1584,0.0172,0.8244
SPADES QUEEN CLUBS KING,0.355,0.0064,0.6386
SPADES ACE CLUBS KING,0.3538,0.0036,0.6426
DIAMONDS ACE HEARTS TEN,0.3476,0.0058,0.6466
HEARTS FOUR HEARTS TEN,0.3784,0.0282,0.5934
DIAMONDS ACE HEARTS JACK,0.3538,0.0046,0.6416
HEARTS FOUR HEARTS JACK,0.383,0.0194,0.5976
SPADES KING CLUBS FIVE,0.2758,0.0326,0.6916
SPADES QUEEN CLUBS FIVE,0.2802,0.0432,0.6766
SPADES ACE CLUBS FIVE,0.2824,0.0214,0.6962
HEARTS SEVEN DIAMONDS JACK,0.3738,0.0218,0.6044
HEARTS SIX DIAMONDS JACK,0.376,0.0194,0.6046
DIAMONDS JACK HEARTS NINE,0.3372,0.0154,0.6474
DIAMONDS JACK HEARTS EIGHT,0.2574,0.0572,0.6854
DIAMONDS KING DIAMONDS JACK,0.3288,0.0052,0.666
HEARTS THREE DIAMONDS JACK,0.4048,0.0172,0.578
SPADES ACE SPADES SIX,0.3634,0.0034,0.6332
HEARTS ACE SPADES FOUR,0.39,0.0042,0.6058
DIAMONDS QUEEN DIAMONDS JACK,0.3214,0.0092,0.6694
HEARTS TWO DIAMONDS JACK,0.4134,0.0184,0.5682
SPADES QUEEN SPADES SIX,0.3436,0.0122,0.6442
SPADES FOUR HEARTS QUEEN,0.4026,0.0116,0.5858
DIAMONDS ACE DIAMONDS JACK,0.3278,0.0048,0.6674
HEARTS FOUR DIAMONDS JACK,0.4182,0.0174,0.5644
SPADES KING SPADES SIX,0.3464,0.0074,0.6462
SPADES FOUR HEARTS KING,0.4222,0.0084,0.5694
SPADES TEN SPADES SIX,0.3472,0.0246,0.6282
SPADES JACK SPADES SIX,0.338,0.0156,0.6464
SPADES FOUR DIAMONDS JACK,0.4026,0.0174,0.58
SPADES FIVE DIAMONDS JACK,0.2766,0.0562,0.6672
DIAMONDS JACK SPADES TWO,0.4192,0.0214,0.5594
DIAMONDS JACK SPADES THREE,0.414,0.0208,0.5652
SPADES ACE DIAMONDS THREE,0.4008,0.0044,0.5948
SPADES QUEEN DIAMONDS THREE,0.4166,0.013,0.5704
SPADES KING DIAMONDS THREE,0.4228,0.0094,0.5678
CLUBS NINE DIAMONDS JACK,0.3276,0.018,0.6544
CLUBS SIX DIAMONDS JACK,0.3766,0.0188,0.6046
CLUBS SEVEN DIAMONDS JACK,0.3716,0.0178,0.6106
CLUBS FOUR DIAMONDS JACK,0.408,0.0194,0.5726
CLUBS FIVE DIAMONDS JACK,0.2736,0.0564,0.67
CLUBS TWO DIAMONDS JACK,0.4082,0.0234,0.5684
CLUBS THREE DIAMONDS JACK,0.4312,0.0202,0.5486
SPADES TEN CLUBS FIVE,0.277,0.0684,0.6546
SPADES JACK HEARTS SIX,0.3884,0.0186,0.593
HEARTS SIX SPADES TEN,0.3636,0.0264,0.61
SPADES JACK CLUBS FIVE,0.2636,0.0528,0.6836
SPADES JACK DIAMONDS THREE,0.4194,0.0152,0.5654
CLUBS SEVEN CLUBS ACE,0.359,0.0054,0.6356
DIAMONDS THREE SPADES TEN,0.4214,0.0268,0.5518
CLUBS SEVEN CLUBS QUEEN,0.374,0.0128,0.6132
CLUBS SEVEN CLUBS KING,0.3532,0.0086,0.6382
SPADES NINE DIAMONDS JACK,0.3442,0.0148,0.641
CLUBS TEN CLUBS SEVEN,0.3398,0.028,0.6322
DIAMONDS ACE HEARTS ACE,0.1512,0.0042,0.8446
HEARTS FOUR HEARTS ACE,0.3772,0.0028,0.62
SPADES EIGHT DIAMONDS JACK,0.253,0.0526,0.6944
SPADES ACE HEARTS SIX,0.3744,0.0044,0.6212
CLUBS JACK CLUBS SEVEN,0.3548,0.0176,0.6276
DIAMONDS ACE HEARTS KING,0.3414,0.0052,0.6534
HEARTS FOUR HEARTS KING,0.3846,0.0078,0.6076
SPADES SEVEN DIAMONDS JACK,0.3726,0.018,0.6094
SPADES KING HEARTS SIX,0.3876,0.0078,0.6046
DIAMONDS ACE HEARTS QUEEN,0.3446,0.0036,0.6518
HEARTS FOUR HEARTS QUEEN,0.3912,0.0134,0.5954
SPADES QUEEN HEARTS SIX,0.3766,0.0104,0.613
SPADES SIX DIAMONDS JACK,0.3862,0.0186,0.5952
DIAMONDS TEN SPADES TWO,0.4086,0.033,0.5584
SPADES THREE DIAMONDS TEN,0.418,0.0304,0.5516
SPADES FOUR DIAMONDS TEN,0.4044,0.027,0.5686
SPADES FIVE DIAMONDS TEN,0.2744,0.0724,0.6532
SPADES SIX DIAMONDS TEN,0.3698,0.024,0.6062
SPADES SEVEN DIAMONDS TEN,0.3688,0.0234,0.6078
SPADES EIGHT DIAMONDS TEN,0.234,0.081,0.685
SPADES NINE DIAMONDS TEN,0.333,0.0234,0.6436
CLUBS FOUR DIAMONDS TEN,0.4112,0.03,0.5588
CLUBS FIVE DIAMONDS TEN,0.2554,0.0776,0.667
CLUBS SIX DIAMONDS TEN,0.3788,0.0236,0.5976
CLUBS SEVEN DIAMONDS TEN,0.3654,0.0224,0.6122
CLUBS NINE DIAMONDS TEN,0.326,0.0202,0.6538
CLUBS JACK DIAMONDS THREE,0.4108,0.0178,0.5714
CLUBS TEN DIAMONDS THREE,0.4012,0.0256,0.5732
DIAMONDS THREE CLUBS KING,0.4156,0.0086,0.5758
DIAMONDS THREE CLUBS QUEEN,0.402,0.0142,0.5838
DIAMONDS THREE CLUBS ACE,0.3992,0.0052,0.5956
SPADES FOUR HEARTS JACK,0.3928,0.0196,0.5876
SPADES FOUR HEARTS TEN,0.409,0.0338,0.5572
SPADES FIVE SPADES TWO,0.5628,0.1336,0.3036
SPADES FOUR SPADES TWO,0.5648,0.0698,0.3654
SPADES THREE SPADES TWO,0.5406,0.0738,0.3856
SPADES NINE SPADES TWO,0.3762,0.0382,0.5856
SPADES EIGHT SPADES TWO,0.3292,0.413,0.2578
SPADES SEVEN SPADES TWO,0.5734,0.0664,0.3602
SPADES SIX SPADES TWO,0.5674,0.0598,0.3728
DIAMONDS QUEEN CLUBS THREE,0.4152,0.0132,0.5716
CLUBS THREE HEARTS TWO,0.6082,0.0722,0.3196
DIAMONDS QUEEN CLUBS TWO,0.415,0.0146,0.5704
HEARTS TWO CLUBS TWO,0.3858,0.1018,0.5124
HEARTS SEVEN DIAMONDS QUEEN,0.3726,0.0124,0.615
HEARTS SEVEN HEARTS TWO,0.5916,0.0596,0.3488
HEARTS SIX DIAMONDS QUEEN,0.369,0.0116,0.6194
HEARTS SIX HEARTS TWO,0.5728,0.0698,0.3574
DIAMONDS QUEEN HEARTS NINE,0.3516,0.0086,0.6398
HEARTS TWO HEARTS NINE,0.4058,0.0422,0.552
DIAMONDS QUEEN HEARTS EIGHT,0.258,0.0446,0.6974
HEARTS TWO HEARTS EIGHT,0.333,0.4184,0.2486
CLUBS NINE HEARTS TWO,0.4126,0.0436,0.5438
CLUBS NINE DIAMONDS QUEEN,0.3414,0.01,0.6486
CLUBS FIVE DIAMONDS QUEEN,0.276,0.0524,0.6716
CLUBS FIVE HEARTS TWO,0.602,0.1568,0.2412
SPADES EIGHT HEARTS ACE,0.253,0.0286,0.7184
DIAMONDS QUEEN CLUBS FOUR,0.4118,0.015,0.5732
HEARTS TWO CLUBS FOUR,0.5996,0.0708,0.3296
CLUBS SEVEN DIAMONDS QUEEN,0.3896,0.011,0.5994
CLUBS SEVEN HEARTS TWO,0.6302,0.0636,0.3062
SPADES EIGHT HEARTS QUEEN,0.2514,0.0458,0.7028
CLUBS SIX DIAMONDS QUEEN,0.381,0.0134,0.6056
CLUBS SIX HEARTS TWO,0.608,0.0624,0.3296
SPADES EIGHT HEARTS KING,0.258,0.0328,0.7092
HEARTS TWO SPADES SIX,0.595,0.0668,0.3382
DIAMONDS QUEEN SPADES SIX,0.3774,0.012,0.6106
HEARTS FOUR CLUBS QUEEN,0.4068,0.0146,0.5786
DIAMONDS ACE CLUBS QUEEN,0.3468,0.0046,0.6486
DIAMONDS QUEEN SPADES SEVEN,0.383,0.0098,0.6072
HEARTS TWO SPADES SEVEN,0.6138,0.065,0.3212
HEARTS FOUR CLUBS KING,0.4116,0.01,0.5784
DIAMONDS ACE CLUBS KING,0.3546,0.0046,0.6408
DIAMONDS QUEEN SPADES EIGHT,0.2672,0.0474,0.6854
SPADES EIGHT HEARTS TWO,0.3458,0.4394,0.2148
HEARTS FOUR CLUBS ACE,0.3932,0.0058,0.601
DIAMONDS ACE CLUBS ACE,0.16,0.0048,0.8352
SPADES NINE DIAMONDS QUEEN,0.345,0.0124,0.6426
SPADES NINE HEARTS TWO,0.4102,0.0426,0.5472
HEARTS TWO SPADES TWO,0.3866,0.096,0.5174
DIAMONDS QUEEN SPADES TWO,0.4222,0.0126,0.5652
HEARTS TWO SPADES THREE,0.6014,0.0714,0.3272
DIAMONDS QUEEN SPADES THREE,0.417,0.012,0.571
HEARTS TWO SPADES FOUR,0.5972,0.075,0.3278
DIAMONDS QUEEN SPADES FOUR,0.4122,0.0154,0.5724
CLUBS TEN HEARTS FOUR,0.395,0.0286,0.5764
CLUBS TEN DIAMONDS ACE,0.3386,0.0058,0.6556
HEARTS TWO SPADES FIVE,0.6006,0.1504,0.249
DIAMONDS QUEEN SPADES FIVE,0.264,0.043,0.693
HEARTS FOUR CLUBS JACK,0.409,0.0188,0.5722
CLUBS JACK DIAMONDS ACE,0.3548,0.0036,0.6416
CLUBS FIVE CLUBS KING,0.2626,0.031,0.7064
CLUBS FIVE CLUBS QUEEN,0.249,0.0512,0.6998
CLUBS FIVE CLUBS ACE,0.2494,0.0208,0.7298
CLUBS JACK CLUBS FIVE,0.2486,0.0614,0.69
CLUBS TEN CLUBS FIVE,0.2694,0.0792,0.6514
SPADES KING CLUBS JACK,0.3392,0.0066,0.6542
CLUBS JACK SPADES QUEEN,0.342,0.0126,0.6454
SPADES ACE CLUBS JACK,0.338,0.0036,0.6584
SPADES SIX CLUBS KING,0.3862,0.0088,0.605
SPADES SIX CLUBS QUEEN,0.3832,0.0138,0.603
SPADES EIGHT HEARTS JACK,0.2612,0.0616,0.6772
SPADES SIX CLUBS ACE,0.3748,0.0046,0.6206
SPADES EIGHT HEARTS TEN,0.229,0.0834,0.6876
CLUBS JACK SPADES SIX,0.3686,0.017,0.6144
CLUBS TEN SPADES SIX,0.3712,0.0278,0.601
CLUBS JACK SPADES TEN,0.3274,0.0166,0.656
CLUBS JACK SPADES JACK,0.1692,0.0402,0.7906
SPADES QUEEN CLUBS SEVEN,0.3812,0.0098,0.609
SPADES KING CLUBS SEVEN,0.401,0.0066,0.5924
SPADES ACE CLUBS SEVEN,0.3756,0.0038,0.6206
SPADES SIX HEARTS TEN,0.3674,0.0264,0.6062
SPADES SIX HEARTS JACK,0.3746,0.0204,0.605
SPADES SIX HEARTS ACE,0.3676,0.0066,0.6258
SPADES SIX HEARTS KING,0.376,0.007,0.617
SPADES SIX HEARTS QUEEN,0.3822,0.0112,0.6066
CLUBS SEVEN SPADES JACK,0.38,0.0178,0.6022
CLUBS SEVEN SPADES TEN,0.367,0.0282,0.6048
CLUBS TEN HEARTS SIX,0.3544,0.0268,0.6188
CLUBS JACK HEARTS SIX,0.3708,0.0232,0.606
CLUBS JACK CLUBS ACE,0.3386,0.0052,0.6562
HEARTS SIX CLUBS QUEEN,0.3716,0.0134,0.615
HEARTS SIX CLUBS KING,0.3592,0.0068,0.634
HEARTS SIX CLUBS ACE,0.3598,0.0074,0.6328
CLUBS JACK CLUBS QUEEN,0.3286,0.0092,0.6622
CLUBS JACK CLUBS KING,0.3302,0.0078,0.662
DIAMONDS THREE HEARTS ACE,0.4042,0.0038,0.592
DIAMONDS THREE HEARTS QUEEN,0.4222,0.0122,0.5656
DIAMONDS THREE HEARTS KING,0.4022,0.0094,0.5884
CLUBS FIVE HEARTS JACK,0.2576,0.0686,0.6738
SPADES TEN DIAMONDS ACE,0.35,0.0042,0.6458
HEARTS FOUR SPADES TEN,0.3998,0.0302,0.57
CLUBS FIVE HEARTS TEN,0.266,0.0806,0.6534
HEARTS FOUR SPADES JACK,0.408,0.0196,0.5724
SPADES JACK DIAMONDS ACE,0.3564,0.0026,0.641
SPADES ACE HEARTS FOUR,0.3974,0.0048,0.5978
SPADES ACE DIAMONDS ACE,0.164,0.0026,0.8334
CLUBS FIVE HEARTS ACE,0.2512,0.0274,0.7214
CLUBS FIVE HEARTS KING,0.26,0.0404,0.6996
HEARTS FOUR SPADES QUEEN,0.4108,0.0106,0.5786
SPADES QUEEN DIAMONDS ACE,0.3538,0.0044,0.6418
CLUBS JACK SPADES FOUR,0.3924,0.0208,0.5868
CLUBS FIVE HEARTS QUEEN,0.2768,0.0482,0.675
SPADES KING DIAMONDS ACE,0.36,0.004,0.636
HEARTS FOUR SPADES KING,0.4144,0.009,0.5766
CLUBS TEN SPADES FOUR,0.403,0.0256,0.5714
DIAMONDS QUEEN DIAMONDS ACE,0.338,0.0044,0.6576
HEARTS TWO DIAMONDS ACE,0.3922,0.003,0.6048
HEARTS FOUR DIAMONDS QUEEN,0.4152,0.0138,0.571
HEARTS FOUR HEARTS TWO,0.5844,0.0606,0.355
DIAMONDS THREE HEARTS TEN,0.3978,0.0276,0.5746
SPADES FOUR CLUBS KING,0.3944,0.01,0.5956
DIAMONDS THREE HEARTS JACK,0.417,0.0172,0.5658
SPADES FOUR CLUBS QUEEN,0.405,0.0108,0.5842
DIAMONDS QUEEN HEARTS TWO,0.4272,0.0122,0.5606
DIAMONDS KING DIAMONDS QUEEN,0.3292,0.0074,0.6634
DIAMONDS KING HEARTS TWO,0.4222,0.0094,0.5684
HEARTS THREE DIAMONDS QUEEN,0.4204,0.014,0.5656
HEARTS THREE HEARTS TWO,0.5696,0.0622,0.3682
SPADES FOUR CLUBS ACE,0.3832,0.0066,0.6102
HEARTS TWO CLUBS ACE,0.4022,0.0058,0.592
DIAMONDS QUEEN CLUBS ACE,0.3478,0.0032,0.649
HEARTS TWO CLUBS QUEEN,0.4258,0.0124,0.5618
DIAMONDS QUEEN CLUBS QUEEN,0.1548,0.0314,0.8138
HEARTS TWO CLUBS KING,0.4142,0.0092,0.5766
DIAMONDS QUEEN CLUBS KING,0.3462,0.0064,0.6474
SPADES EIGHT SPADES FIVE,0.019,0.9108,0.0702
CLUBS TEN HEARTS TWO,0.4168,0.0264,0.5568
CLUBS TEN DIAMONDS QUEEN,0.3286,0.0076,0.6638
SPADES NINE SPADES FIVE,0.241,0.102,0.657
CLUBS JACK HEARTS TWO,0.4076,0.02,0.5724
CLUBS JACK DIAMONDS QUEEN,0.3458,0.0076,0.6466
SPADES SIX SPADES FIVE,0.5594,0.1348,0.3058
SPADES SEVEN SPADES FIVE,0.5634,0.1426,0.294
DIAMONDS FIVE CLUBS QUEEN,0.2512,0.0438,0.705
SPADES EIGHT CLUBS ACE,0.2452,0.0314,0.7234
DIAMONDS FIVE CLUBS KING,0.263,0.033,0.704
SPADES EIGHT CLUBS KING,0.2552,0.034,0.7108
DIAMONDS FIVE CLUBS ACE,0.2448,0.0222,0.733
SPADES EIGHT CLUBS QUEEN,0.2648,0.0444,0.6908
CLUBS JACK SPADES EIGHT,0.2594,0.0588,0.6818
CLUBS TEN SPADES EIGHT,0.2358,0.0764,0.6878
CLUBS TEN DIAMONDS FIVE,0.2588,0.0758,0.6654
CLUBS JACK DIAMONDS FIVE,0.2648,0.0604,0.6748
DIAMONDS TEN HEARTS JACK,0.3178,0.0138,0.6684
DIAMONDS TEN HEARTS TEN,0.1694,0.0444,0.7862
SPADES ACE CLUBS NINE,0.347,0.0034,0.6496
SPADES QUEEN CLUBS NINE,0.3556,0.0136,0.6308
SPADES KING CLUBS NINE,0.34,0.0068,0.6532
HEARTS SIX HEARTS KING,0.3622,0.0086,0.6292
DIAMONDS KING SPADES SEVEN,0.379,0.005,0.616
HEARTS THREE SPADES SEVEN,0.6002,0.0598,0.34
SPADES KING DIAMONDS SEVEN,0.3618,0.0064,0.6318
HEARTS SIX HEARTS QUEEN,0.3658,0.011,0.6232
SPADES QUEEN DIAMONDS SEVEN,0.387,0.0102,0.6028
HEARTS THREE SPADES SIX,0.5962,0.065,0.3388
DIAMONDS KING SPADES SIX,0.3808,0.0056,0.6136
DIAMONDS KING SPADES NINE,0.3628,0.0072,0.63
HEARTS THREE SPADES NINE,0.4026,0.045,0.5524
HEARTS SIX HEARTS ACE,0.3582,0.0046,0.6372
DIAMONDS KING SPADES EIGHT,0.2644,0.034,0.7016
HEARTS THREE SPADES EIGHT,0.3418,0.4454,0.2128
