opposingHand,winningChance,drawChance,lostChance
HEARTS SIX SPADES NINE
HEARTS FIVE SPADES TEN,0.412,0.0276,0.5604
SPADES JACK HEARTS FIVE,0.3976,0.0206,0.5818
SPADES FIVE CLUBS JACK,0.4116,0.0238,0.5646
CLUBS TEN SPADES FIVE,0.4096,0.0288,0.5616
CLUBS EIGHT CLUBS JACK,0.3446,0.0172,0.6382
CLUBS TEN CLUBS EIGHT,0.3196,0.0278,0.6526
CLUBS EIGHT CLUBS KING,0.3702,0.0074,0.6224
SPADES FIVE CLUBS ACE,0.4042,0.0044,0.5914
CLUBS EIGHT CLUBS QUEEN,0.3458,0.0088,0.6454
SPADES FIVE CLUBS KING,0.4124,0.0062,0.5814
SPADES FIVE CLUBS QUEEN,0.4164,0.011,0.5726
CLUBS EIGHT CLUBS ACE,0.3322,0.002,0.6658
DIAMONDS TWO DIAMONDS THREE,0.5628,0.0474,0.3898
DIAMONDS TWO DIAMONDS FIVE,0.5822,0.0408,0.377
SPADES KING HEARTS FIVE,0.4164,0.009,0.5746
DIAMONDS TWO DIAMONDS FOUR,0.5812,0.0446,0.3742
SPADES QUEEN HEARTS FIVE,0.395,0.0112,0.5938
DIAMONDS TWO DIAMONDS SEVEN,0.5888,0.042,0.3692
DIAMONDS TWO DIAMONDS SIX,0.6332,0.0996,0.2672
SPADES ACE HEARTS FIVE,0.3924,0.0058,0.6018
DIAMONDS TWO DIAMONDS NINE,0.3906,0.3412,0.2682
DIAMONDS TWO DIAMONDS EIGHT,0.5888,0.041,0.3702
DIAMONDS THREE DIAMONDS FOUR,0.5498,0.0476,0.4026
SPADES FOUR CLUBS TWO,0.608,0.0548,0.3372
DIAMONDS THREE DIAMONDS FIVE,0.567,0.0394,0.3936
SPADES FIVE CLUBS TWO,0.627,0.0416,0.3314
CLUBS TWO SPADES TWO,0.4162,0.0718,0.512
CLUBS TWO SPADES THREE,0.6074,0.0466,0.346
DIAMONDS THREE DIAMONDS EIGHT,0.5904,0.0382,0.3714
SPADES EIGHT CLUBS TWO,0.617,0.0408,0.3422
DIAMONDS THREE DIAMONDS NINE,0.3854,0.3468,0.2678
DIAMONDS THREE DIAMONDS SIX,0.6052,0.1108,0.284
SPADES SIX CLUBS TWO,0.6628,0.1122,0.225
DIAMONDS THREE DIAMONDS SEVEN,0.5696,0.0348,0.3956
SPADES SEVEN CLUBS TWO,0.6292,0.0402,0.3306
CLUBS SIX CLUBS TWO,0.6252,0.104,0.2708
CLUBS SEVEN CLUBS TWO,0.5878,0.0404,0.3718
CLUBS FOUR CLUBS TWO,0.579,0.0428,0.3782
CLUBS FIVE CLUBS TWO,0.5798,0.0396,0.3806
CLUBS TEN CLUBS JACK,0.3008,0.012,0.6872
DIAMONDS FOUR DIAMONDS SIX,0.5894,0.0992,0.3114
CLUBS TEN CLUBS QUEEN,0.3254,0.01,0.6646
DIAMONDS FOUR DIAMONDS SEVEN,0.5674,0.0368,0.3958
CLUBS TEN CLUBS KING,0.326,0.0062,0.6678
CLUBS TEN CLUBS ACE,0.318,0.0038,0.6782
CLUBS EIGHT CLUBS TWO,0.5808,0.0394,0.3798
DIAMONDS FIVE DIAMONDS FOUR,0.5492,0.0436,0.4072
CLUBS NINE CLUBS TWO,0.3882,0.3496,0.2622
DIAMONDS NINE DIAMONDS FOUR,0.3954,0.3446,0.26
DIAMONDS EIGHT DIAMONDS FOUR,0.5692,0.0434,0.3874
CLUBS THREE CLUBS TWO,0.579,0.0482,0.3728
DIAMONDS NINE DIAMONDS FIVE,0.388,0.3454,0.2666
DIAMONDS TWO CLUBS JACK,0.4236,0.0178,0.5586
DIAMONDS EIGHT DIAMONDS FIVE,0.5508,0.0422,0.407
CLUBS TEN DIAMONDS TWO,0.4238,0.027,0.5492
DIAMONDS FIVE DIAMONDS SEVEN,0.5454,0.041,0.4136
DIAMONDS FIVE DIAMONDS SIX,0.5752,0.1068,0.318
DIAMONDS TWO CLUBS ACE,0.405,0.003,0.592
DIAMONDS TWO CLUBS KING,0.4258,0.0064,0.5678
DIAMONDS TWO CLUBS QUEEN,0.419,0.0098,0.5712
DIAMONDS EIGHT DIAMONDS SIX,0.598,0.1034,0.2986
DIAMONDS NINE DIAMONDS SIX,0.023,0.9064,0.0706
HEARTS ACE SPADES THREE,0.406,0.0048,0.5892
SPADES THREE HEARTS KING,0.4128,0.0058,0.5814
DIAMONDS SEVEN DIAMONDS SIX,0.5988,0.0996,0.3016
SPADES THREE HEARTS QUEEN,0.4146,0.012,0.5734
SPADES THREE HEARTS JACK,0.4072,0.0172,0.5756
SPADES THREE HEARTS TEN,0.4094,0.0258,0.5648
DIAMONDS EIGHT DIAMONDS SEVEN,0.5132,0.0394,0.4474
DIAMONDS NINE DIAMONDS SEVEN,0.2092,0.2894,0.5014
DIAMONDS NINE DIAMONDS EIGHT,0.2244,0.2034,0.5722
DIAMONDS KING HEARTS TEN,0.3434,0.0058,0.6508
HEARTS THREE HEARTS TEN,0.3932,0.027,0.5798
SPADES JACK CLUBS SIX,0.2698,0.058,0.6722
DIAMONDS KING HEARTS JACK,0.3382,0.0082,0.6536
HEARTS THREE HEARTS JACK,0.3972,0.0142,0.5886
SPADES TEN CLUBS SIX,0.2512,0.0796,0.6692
SPADES JACK SPADES FIVE,0.391,0.018,0.591
SPADES TEN SPADES FIVE,0.3932,0.0226,0.5842
DIAMONDS KING HEARTS ACE,0.3542,0.0046,0.6412
HEARTS THREE HEARTS ACE,0.4,0.006,0.594
SPADES ACE CLUBS SIX,0.2492,0.028,0.7228
DIAMONDS KING HEARTS QUEEN,0.3404,0.0058,0.6538
HEARTS THREE HEARTS QUEEN,0.4048,0.0136,0.5816
SPADES KING CLUBS SIX,0.2638,0.0322,0.704
DIAMONDS KING HEARTS KING,0.153,0.0146,0.8324
HEARTS THREE HEARTS KING,0.4078,0.009,0.5832
SPADES QUEEN CLUBS SIX,0.2586,0.0452,0.6962
SPADES QUEEN SPADES FIVE,0.3882,0.0114,0.6004
SPADES KING SPADES FIVE,0.3896,0.008,0.6024
SPADES ACE SPADES FIVE,0.3788,0.0048,0.6164
CLUBS TEN SPADES JACK,0.321,0.015,0.664
CLUBS TEN SPADES TEN,0.1568,0.0468,0.7964
SPADES ACE CLUBS TEN,0.3396,0.0042,0.6562
SPADES KING CLUBS TEN,0.3298,0.0076,0.6626
CLUBS TEN SPADES QUEEN,0.3304,0.0122,0.6574
SPADES FIVE HEARTS QUEEN,0.4044,0.0122,0.5834
SPADES FIVE HEARTS KING,0.401,0.008,0.591
SPADES FIVE HEARTS ACE,0.4,0.0066,0.5934
CLUBS EIGHT SPADES TEN,0.3308,0.0226,0.6466
HEARTS THREE SPADES JACK,0.4116,0.017,0.5714
SPADES JACK DIAMONDS KING,0.343,0.007,0.65
SPADES TEN DIAMONDS KING,0.3278,0.005,0.6672
HEARTS THREE SPADES TEN,0.4112,0.0284,0.5604
SPADES JACK CLUBS EIGHT,0.3658,0.0164,0.6178
CLUBS SIX HEARTS ACE,0.2594,0.019,0.7216
SPADES ACE CLUBS EIGHT,0.3648,0.0036,0.6316
HEARTS FIVE CLUBS JACK,0.4092,0.0186,0.5722
CLUBS TEN HEARTS FIVE,0.4134,0.0266,0.56
CLUBS SIX HEARTS QUEEN,0.2606,0.047,0.6924
SPADES QUEEN CLUBS EIGHT,0.372,0.0118,0.6162
CLUBS TEN SPADES THREE,0.4228,0.0296,0.5476
CLUBS SIX HEARTS KING,0.2564,0.0326,0.711
SPADES KING CLUBS EIGHT,0.3676,0.0094,0.623
SPADES THREE CLUBS JACK,0.4146,0.0182,0.5672
DIAMONDS TWO HEARTS JACK,0.4252,0.0142,0.5606
SPADES THREE CLUBS QUEEN,0.4198,0.0114,0.5688
DIAMONDS TWO HEARTS TEN,0.4156,0.0288,0.5556
SPADES THREE CLUBS KING,0.4188,0.0086,0.5726
HEARTS FIVE CLUBS ACE,0.3986,0.0024,0.599
SPADES FIVE HEARTS TEN,0.4182,0.0272,0.5546
SPADES THREE CLUBS ACE,0.4102,0.003,0.5868
HEARTS FIVE CLUBS KING,0.4194,0.0088,0.5718
SPADES FIVE HEARTS JACK,0.4146,0.019,0.5664
HEARTS FIVE CLUBS QUEEN,0.4174,0.0104,0.5722
HEARTS THREE CLUBS KING,0.4282,0.0082,0.5636
DIAMONDS KING CLUBS KING,0.1758,0.0102,0.814
HEARTS THREE CLUBS QUEEN,0.4224,0.0124,0.5652
DIAMONDS KING CLUBS QUEEN,0.334,0.007,0.659
HEARTS FIVE HEARTS JACK,0.3756,0.0184,0.606
HEARTS FIVE HEARTS TEN,0.3928,0.0216,0.5856
HEARTS THREE CLUBS ACE,0.4152,0.0034,0.5814
DIAMONDS KING CLUBS ACE,0.3418,0.0038,0.6544
SPADES ACE CLUBS QUEEN,0.3408,0.0042,0.655
SPADES KING CLUBS QUEEN,0.3454,0.0064,0.6482
HEARTS THREE CLUBS JACK,0.4084,0.018,0.5736
DIAMONDS KING CLUBS JACK,0.343,0.006,0.651
SPADES QUEEN CLUBS QUEEN,0.1506,0.0172,0.8322
CLUBS TEN HEARTS THREE,0.425,0.0286,0.5464
CLUBS TEN DIAMONDS KING,0.3488,0.007,0.6442
SPADES JACK CLUBS QUEEN,0.3304,0.0118,0.6578
CLUBS SIX CLUBS QUEEN,0.253,0.0458,0.7012
SPADES TEN CLUBS QUEEN,0.3318,0.0094,0.6588
CLUBS SIX CLUBS KING,0.2562,0.0332,0.7106
CLUBS SIX CLUBS ACE,0.246,0.0204,0.7336
HEARTS FIVE HEARTS KING,0.3876,0.0066,0.6058
HEARTS FIVE HEARTS QUEEN,0.3824,0.0146,0.603
CLUBS TEN CLUBS SIX,0.2346,0.0832,0.6822
HEARTS FIVE HEARTS ACE,0.3788,0.0042,0.617
CLUBS SIX CLUBS JACK,0.25,0.0588,0.6912
SPADES SEVEN HEARTS JACK,0.3584,0.0162,0.6254
SPADES SEVEN HEARTS TEN,0.3548,0.0266,0.6186
DIAMONDS TWO CLUBS TWO,0.415,0.0732,0.5118
DIAMONDS TWO CLUBS THREE,0.6106,0.0464,0.343
DIAMONDS TWO HEARTS QUEEN,0.4202,0.0124,0.5674
HEARTS SEVEN DIAMONDS TWO,0.6192,0.0436,0.3372
DIAMONDS TWO HEARTS KING,0.4158,0.008,0.5762
DIAMONDS TWO HEARTS EIGHT,0.6186,0.042,0.3394
DIAMONDS TWO HEARTS ACE,0.404,0.0048,0.5912
DIAMONDS TWO HEARTS NINE,0.4014,0.3752,0.2234
DIAMONDS TWO DIAMONDS QUEEN,0.4056,0.011,0.5834
DIAMONDS TWO HEARTS TWO,0.4212,0.077,0.5018
DIAMONDS TWO DIAMONDS KING,0.3934,0.0082,0.5984
HEARTS THREE DIAMONDS TWO,0.6122,0.041,0.3468
DIAMONDS TWO DIAMONDS ACE,0.3788,0.0038,0.6174
HEARTS FOUR DIAMONDS TWO,0.613,0.0426,0.3444
DIAMONDS TWO HEARTS FIVE,0.628,0.0424,0.3296
SPADES SEVEN HEARTS ACE,0.3582,0.0046,0.6372
DIAMONDS TWO DIAMONDS TEN,0.3806,0.032,0.5874
SPADES SEVEN HEARTS KING,0.3662,0.0056,0.6282
DIAMONDS TWO DIAMONDS JACK,0.4036,0.0134,0.583
SPADES SEVEN HEARTS QUEEN,0.3836,0.012,0.6044
DIAMONDS TWO SPADES EIGHT,0.6242,0.0454,0.3304
DIAMONDS TWO SPADES SEVEN,0.6442,0.046,0.3098
DIAMONDS TWO SPADES SIX,0.6674,0.1058,0.2268
DIAMONDS TWO SPADES FIVE,0.6164,0.0452,0.3384
DIAMONDS TWO SPADES FOUR,0.6198,0.0408,0.3394
DIAMONDS TWO SPADES THREE,0.6126,0.044,0.3434
DIAMONDS TWO SPADES TWO,0.4088,0.0804,0.5108
CLUBS NINE DIAMONDS TWO,0.4094,0.3644,0.2262
DIAMONDS TWO CLUBS EIGHT,0.6156,0.0474,0.337
CLUBS SEVEN DIAMONDS TWO,0.6258,0.0436,0.3306
DIAMONDS TWO CLUBS SIX,0.648,0.11,0.242
DIAMONDS TWO CLUBS FIVE,0.6142,0.0434,0.3424
DIAMONDS TWO CLUBS FOUR,0.6082,0.0402,0.3516
CLUBS FOUR SPADES FIVE,0.5988,0.0468,0.3544
CLUBS FOUR SPADES FOUR,0.4058,0.074,0.5202
CLUBS FOUR SPADES THREE,0.5998,0.0478,0.3524
CLUBS FOUR SPADES TWO,0.6332,0.0406,0.3262
SPADES EIGHT CLUBS FOUR,0.6276,0.0416,0.3308
SPADES SEVEN CLUBS FOUR,0.5986,0.0454,0.356
SPADES SIX CLUBS FOUR,0.6452,0.1048,0.25
SPADES ACE DIAMONDS SIX,0.2588,0.0262,0.715
SPADES QUEEN DIAMONDS SIX,0.262,0.0438,0.6942
SPADES KING DIAMONDS SIX,0.2736,0.0344,0.692
SPADES TEN DIAMONDS SIX,0.25,0.0822,0.6678
SPADES JACK DIAMONDS SIX,0.2602,0.059,0.6808
SPADES QUEEN SPADES TWO,0.4074,0.01,0.5826
SPADES KING SPADES TWO,0.4074,0.0084,0.5842
SPADES ACE SPADES TWO,0.3722,0.0074,0.6204
DIAMONDS JACK CLUBS JACK,0.1742,0.0334,0.7924
CLUBS TEN DIAMONDS JACK,0.3316,0.0116,0.6568
DIAMONDS JACK CLUBS KING,0.346,0.005,0.649
DIAMONDS JACK CLUBS QUEEN,0.345,0.0076,0.6474
DIAMONDS THREE DIAMONDS JACK,0.3874,0.0148,0.5978
DIAMONDS THREE DIAMONDS TEN,0.3806,0.0248,0.5946
DIAMONDS JACK CLUBS ACE,0.3478,0.0036,0.6486
DIAMONDS THREE DIAMONDS KING,0.381,0.0086,0.6104
HEARTS THREE DIAMONDS THREE,0.409,0.0764,0.5146
DIAMONDS THREE DIAMONDS QUEEN,0.4066,0.0112,0.5822
DIAMONDS THREE HEARTS TWO,0.6242,0.0436,0.3322
HEARTS FIVE DIAMONDS THREE,0.618,0.0418,0.3402
DIAMONDS THREE DIAMONDS ACE,0.3926,0.0044,0.603
HEARTS FOUR DIAMONDS THREE,0.605,0.0418,0.3532
HEARTS SEVEN DIAMONDS THREE,0.6144,0.0448,0.3408
DIAMONDS THREE HEARTS NINE,0.3956,0.3804,0.224
HEARTS JACK DIAMONDS FOUR,0.4224,0.0208,0.5568
HEARTS ACE HEARTS KING,0.3332,0.0034,0.6634
SPADES TEN SPADES TWO,0.3846,0.0242,0.5912
DIAMONDS THREE HEARTS EIGHT,0.6316,0.0426,0.3258
HEARTS TEN DIAMONDS FOUR,0.4146,0.0314,0.554
SPADES JACK SPADES TWO,0.3944,0.02,0.5856
HEARTS QUEEN DIAMONDS FOUR,0.4114,0.0138,0.5748
HEARTS KING DIAMONDS FOUR,0.4212,0.006,0.5728
HEARTS ACE DIAMONDS FOUR,0.394,0.0042,0.6018
DIAMONDS THREE SPADES EIGHT,0.6204,0.0502,0.3294
DIAMONDS THREE SPADES SEVEN,0.6242,0.0414,0.3344
DIAMONDS THREE SPADES SIX,0.6466,0.1088,0.2446
DIAMONDS THREE CLUBS SIX,0.6446,0.1062,0.2492
CLUBS FIVE CLUBS SIX,0.5672,0.1108,0.322
CLUBS ACE DIAMONDS FOUR,0.415,0.0038,0.5812
CLUBS SEVEN DIAMONDS THREE,0.6162,0.0406,0.3432
CLUBS SEVEN CLUBS FIVE,0.5668,0.0402,0.393
DIAMONDS THREE CLUBS FOUR,0.6032,0.04,0.3568
DIAMONDS FOUR CLUBS QUEEN,0.4206,0.0112,0.5682
DIAMONDS THREE CLUBS FIVE,0.6002,0.0432,0.3566
CLUBS KING DIAMONDS FOUR,0.412,0.008,0.58
DIAMONDS THREE CLUBS TWO,0.6084,0.0466,0.345
CLUBS TEN DIAMONDS FOUR,0.4092,0.0294,0.5614
DIAMONDS THREE CLUBS THREE,0.4034,0.0788,0.5178
DIAMONDS FOUR CLUBS JACK,0.423,0.0168,0.5602
DIAMONDS THREE SPADES FOUR,0.6004,0.0448,0.3548
DIAMONDS THREE SPADES FIVE,0.6202,0.042,0.3378
DIAMONDS THREE SPADES TWO,0.6258,0.0488,0.3254
DIAMONDS THREE SPADES THREE,0.4152,0.07,0.5148
CLUBS EIGHT DIAMONDS THREE,0.6346,0.0366,0.3288
CLUBS NINE DIAMONDS THREE,0.417,0.3662,0.2168
SPADES SEVEN CLUBS ACE,0.3714,0.0026,0.626
SPADES SEVEN CLUBS QUEEN,0.3806,0.0104,0.609
SPADES SEVEN CLUBS KING,0.382,0.0054,0.6126
CLUBS FIVE SPADES SEVEN,0.609,0.0416,0.3494
CLUBS TEN SPADES SEVEN,0.3578,0.026,0.6162
CLUBS FIVE SPADES SIX,0.631,0.1074,0.2616
SPADES SEVEN CLUBS JACK,0.3766,0.0196,0.6038
CLUBS FIVE SPADES EIGHT,0.5964,0.0446,0.359
CLUBS FIVE SPADES THREE,0.599,0.049,0.352
CLUBS FIVE SPADES TWO,0.6196,0.041,0.3394
CLUBS FIVE SPADES FIVE,0.3808,0.0728,0.5464
CLUBS FIVE SPADES FOUR,0.5986,0.0442,0.3572
CLUBS NINE CLUBS FIVE,0.3752,0.3538,0.271
CLUBS EIGHT CLUBS FIVE,0.5768,0.0404,0.3828
CLUBS ACE CLUBS QUEEN,0.333,0.0024,0.6646
CLUBS KING CLUBS QUEEN,0.3228,0.006,0.6712
DIAMONDS TEN DIAMONDS FOUR,0.4006,0.0274,0.572
CLUBS TEN DIAMONDS NINE,0.2412,0.0744,0.6844
DIAMONDS JACK DIAMONDS FOUR,0.3946,0.0168,0.5886
DIAMONDS NINE CLUBS JACK,0.2376,0.0616,0.7008
DIAMONDS ACE DIAMONDS FOUR,0.387,0.0032,0.6098
HEARTS FOUR DIAMONDS FOUR,0.4042,0.0706,0.5252
DIAMONDS JACK HEARTS TEN,0.3114,0.0102,0.6784
DIAMONDS TWO SPADES TEN,0.4132,0.0268,0.56
DIAMONDS NINE CLUBS ACE,0.2628,0.0206,0.7166
HEARTS FIVE DIAMONDS FOUR,0.5914,0.0452,0.3634
DIAMONDS JACK HEARTS JACK,0.174,0.031,0.795
DIAMONDS TWO SPADES JACK,0.4148,0.0194,0.5658
DIAMONDS QUEEN DIAMONDS FOUR,0.4,0.0114,0.5886
HEARTS TWO DIAMONDS FOUR,0.624,0.0382,0.3378
DIAMONDS NINE CLUBS QUEEN,0.2622,0.0416,0.6962
DIAMONDS KING DIAMONDS FOUR,0.3884,0.0104,0.6012
HEARTS THREE DIAMONDS FOUR,0.6108,0.0468,0.3424
DIAMONDS NINE CLUBS KING,0.26,0.0336,0.7064
HEARTS ACE DIAMONDS JACK,0.3298,0.0048,0.6654
SPADES ACE DIAMONDS TWO,0.403,0.0064,0.5906
HEARTS QUEEN DIAMONDS JACK,0.325,0.0096,0.6654
SPADES QUEEN DIAMONDS TWO,0.4206,0.0106,0.5688
DIAMONDS JACK HEARTS KING,0.3538,0.0072,0.639
SPADES KING DIAMONDS TWO,0.4256,0.009,0.5654
SPADES JACK SPADES SEVEN,0.346,0.0182,0.6358
SPADES TEN SPADES SEVEN,0.3454,0.0262,0.6284
CLUBS SEVEN CLUBS THREE,0.577,0.037,0.386
CLUBS SIX CLUBS THREE,0.6016,0.1132,0.2852
CLUBS FIVE CLUBS THREE,0.5704,0.0426,0.387
CLUBS THREE CLUBS FOUR,0.5722,0.04,0.3878
CLUBS NINE CLUBS THREE,0.3928,0.3438,0.2634
CLUBS EIGHT CLUBS THREE,0.5948,0.0374,0.3678
CLUBS THREE SPADES FIVE,0.5992,0.0446,0.3562
CLUBS THREE SPADES FOUR,0.6104,0.0486,0.341
CLUBS THREE SPADES THREE,0.4208,0.072,0.5072
CLUBS THREE SPADES TWO,0.6194,0.0496,0.331
CLUBS THREE SPADES SIX,0.6348,0.1122,0.253
SPADES SEVEN CLUBS THREE,0.6134,0.0446,0.342
SPADES EIGHT CLUBS THREE,0.627,0.0456,0.3274
SPADES TWO DIAMONDS FOUR,0.6108,0.0488,0.3404
SPADES THREE DIAMONDS FOUR,0.5906,0.0442,0.3652
SPADES FOUR DIAMONDS FOUR,0.396,0.0774,0.5266
SPADES FIVE DIAMONDS FOUR,0.5936,0.0454,0.361
SPADES SIX DIAMONDS FOUR,0.6598,0.1048,0.2354
SPADES SEVEN DIAMONDS FOUR,0.6102,0.0418,0.348
SPADES EIGHT DIAMONDS FOUR,0.612,0.0474,0.3406
CLUBS FIVE DIAMONDS FOUR,0.593,0.0382,0.3688
CLUBS FOUR DIAMONDS FOUR,0.4098,0.0722,0.518
CLUBS SEVEN DIAMONDS FOUR,0.5988,0.0406,0.3606
CLUBS SIX DIAMONDS FOUR,0.6374,0.1052,0.2574
CLUBS NINE DIAMONDS FOUR,0.4138,0.3788,0.2074
CLUBS EIGHT DIAMONDS FOUR,0.6104,0.0394,0.3502
HEARTS SEVEN DIAMONDS FOUR,0.594,0.046,0.36
DIAMONDS FOUR HEARTS NINE,0.401,0.3716,0.2274
DIAMONDS FOUR HEARTS EIGHT,0.607,0.0428,0.3502
CLUBS THREE DIAMONDS FOUR,0.5892,0.0506,0.3602
CLUBS TWO DIAMONDS FOUR,0.6162,0.0394,0.3444
DIAMONDS TEN DIAMONDS FIVE,0.3856,0.0256,0.5888
DIAMONDS JACK DIAMONDS FIVE,0.3842,0.018,0.5978
DIAMONDS NINE HEARTS QUEEN,0.254,0.0482,0.6978
DIAMONDS NINE HEARTS KING,0.2478,0.031,0.7212
HEARTS ACE DIAMONDS NINE,0.2496,0.0238,0.7266
DIAMONDS NINE HEARTS TEN,0.2366,0.0742,0.6892
DIAMONDS NINE HEARTS JACK,0.2414,0.0538,0.7048
CLUBS KING DIAMONDS SIX,0.2722,0.0288,0.699
CLUBS QUEEN DIAMONDS SIX,0.273,0.0436,0.6834
CLUBS ACE DIAMONDS SIX,0.271,0.0252,0.7038
SPADES KING DIAMONDS FOUR,0.4192,0.0084,0.5724
SPADES ACE SPADES SEVEN,0.3386,0.0052,0.6562
SPADES QUEEN DIAMONDS FOUR,0.4112,0.0094,0.5794
SPADES QUEEN SPADES SEVEN,0.3622,0.0106,0.6272
CLUBS JACK DIAMONDS SIX,0.2688,0.056,0.6752
SPADES KING SPADES SEVEN,0.3558,0.006,0.6382
SPADES ACE DIAMONDS FOUR,0.4212,0.0044,0.5744
CLUBS TEN DIAMONDS SIX,0.2434,0.0764,0.6802
CLUBS NINE CLUBS FOUR,0.4002,0.3412,0.2586
CLUBS EIGHT CLUBS FOUR,0.573,0.0386,0.3884
SPADES JACK DIAMONDS FOUR,0.4158,0.0196,0.5646
SPADES TEN DIAMONDS FOUR,0.4138,0.031,0.5552
CLUBS FIVE CLUBS FOUR,0.562,0.0352,0.4028
CLUBS SEVEN CLUBS FOUR,0.5648,0.0408,0.3944
CLUBS SIX CLUBS FOUR,0.6034,0.1052,0.2914
CLUBS SEVEN SPADES EIGHT,0.5614,0.045,0.3936
CLUBS SEVEN SPADES SIX,0.6312,0.102,0.2668
CLUBS SEVEN SPADES SEVEN,0.2816,0.0682,0.6502
CLUBS SEVEN SPADES FIVE,0.5922,0.0472,0.3606
CLUBS SEVEN SPADES FOUR,0.6182,0.0448,0.337
CLUBS SEVEN SPADES THREE,0.6178,0.0356,0.3466
CLUBS SEVEN SPADES TWO,0.6286,0.043,0.3284
CLUBS NINE CLUBS SEVEN,0.2078,0.2856,0.5066
CLUBS SEVEN CLUBS EIGHT,0.503,0.0362,0.4608
HEARTS SEVEN DIAMONDS FIVE,0.59,0.043,0.367
DIAMONDS FIVE HEARTS EIGHT,0.5898,0.0396,0.3706
DIAMONDS FIVE HEARTS NINE,0.4016,0.3716,0.2268
DIAMONDS QUEEN DIAMONDS FIVE,0.3882,0.0106,0.6012
HEARTS TWO DIAMONDS FIVE,0.6212,0.047,0.3318
HEARTS KING HEARTS EIGHT,0.3522,0.007,0.6408
DIAMONDS KING DIAMONDS FIVE,0.4014,0.0054,0.5932
HEARTS THREE DIAMONDS FIVE,0.6156,0.0458,0.3386
HEARTS QUEEN HEARTS EIGHT,0.356,0.0104,0.6336
DIAMONDS ACE DIAMONDS FIVE,0.3816,0.0044,0.614
HEARTS FOUR DIAMONDS FIVE,0.6032,0.0466,0.3502
HEARTS FIVE DIAMONDS FIVE,0.402,0.0648,0.5332
HEARTS ACE HEARTS EIGHT,0.3506,0.0042,0.6452
CLUBS FOUR DIAMONDS FIVE,0.5948,0.0422,0.363
CLUBS FIVE DIAMONDS FIVE,0.3934,0.0728,0.5338
CLUBS SIX DIAMONDS FIVE,0.6182,0.107,0.2748
CLUBS SEVEN DIAMONDS FIVE,0.6004,0.0434,0.3562
CLUBS TWO DIAMONDS FIVE,0.6216,0.0434,0.335
CLUBS THREE DIAMONDS FIVE,0.597,0.0394,0.3636
SPADES THREE DIAMONDS FIVE,0.6084,0.042,0.3496
SPADES TWO DIAMONDS FIVE,0.6108,0.0466,0.3426
SPADES JACK DIAMONDS EIGHT,0.3548,0.0164,0.6288
SPADES FIVE DIAMONDS FIVE,0.3856,0.0734,0.541
CLUBS TEN HEARTS JACK,0.3152,0.0144,0.6704
SPADES TEN DIAMONDS EIGHT,0.35,0.0264,0.6236
SPADES FOUR DIAMONDS FIVE,0.5992,0.0454,0.3554
HEARTS JACK CLUBS JACK,0.1614,0.033,0.8056
HEARTS JACK CLUBS QUEEN,0.3284,0.0092,0.6624
CLUBS NINE DIAMONDS FIVE,0.3988,0.3758,0.2254
CLUBS KING HEARTS JACK,0.3414,0.0064,0.6522
CLUBS EIGHT DIAMONDS FIVE,0.616,0.0368,0.3472
CLUBS ACE HEARTS JACK,0.3338,0.0036,0.6626
SPADES SEVEN DIAMONDS FIVE,0.5928,0.0378,0.3694
SPADES KING DIAMONDS EIGHT,0.3832,0.006,0.6108
SPADES SIX DIAMONDS FIVE,0.6204,0.1138,0.2658
SPADES QUEEN DIAMONDS EIGHT,0.3726,0.012,0.6154
SPADES EIGHT DIAMONDS FIVE,0.6078,0.0434,0.3488
SPADES ACE DIAMONDS EIGHT,0.367,0.0038,0.6292
DIAMONDS TEN DIAMONDS SIX,0.2332,0.0766,0.6902
HEARTS ACE DIAMONDS SEVEN,0.3648,0.0032,0.632
DIAMONDS JACK DIAMONDS SIX,0.2568,0.0532,0.69
HEARTS QUEEN DIAMONDS SEVEN,0.3766,0.0116,0.6118
HEARTS KING DIAMONDS SEVEN,0.3742,0.0064,0.6194
DIAMONDS ACE DIAMONDS SIX,0.2606,0.019,0.7204
HEARTS FOUR DIAMONDS SIX,0.6422,0.1144,0.2434
SPADES TWO HEARTS JACK,0.42,0.0236,0.5564
HEARTS FIVE DIAMONDS SIX,0.6116,0.1074,0.281
SPADES TWO HEARTS TEN,0.4198,0.0286,0.5516
DIAMONDS QUEEN DIAMONDS SIX,0.242,0.0456,0.7124
HEARTS TWO DIAMONDS SIX,0.6482,0.1134,0.2384
DIAMONDS KING DIAMONDS SIX,0.2494,0.0336,0.717
HEARTS THREE DIAMONDS SIX,0.6324,0.1122,0.2554
HEARTS EIGHT DIAMONDS SIX,0.6462,0.1028,0.251
HEARTS NINE DIAMONDS SIX,0.0132,0.9684,0.0184
HEARTS SEVEN DIAMONDS SIX,0.636,0.1058,0.2582
HEARTS TEN DIAMONDS SEVEN,0.354,0.0228,0.6232
CLUBS TWO DIAMONDS SIX,0.6578,0.1098,0.2324
HEARTS JACK DIAMONDS SEVEN,0.3672,0.0172,0.6156
CLUBS THREE DIAMONDS SIX,0.6444,0.105,0.2506
CLUBS SEVEN DIAMONDS SIX,0.6256,0.106,0.2684
DIAMONDS EIGHT CLUBS JACK,0.3566,0.0132,0.6302
CLUBS SIX DIAMONDS SIX,0.298,0.0628,0.6392
CLUBS TEN DIAMONDS EIGHT,0.3522,0.0226,0.6252
CLUBS FIVE DIAMONDS SIX,0.625,0.0992,0.2758
CLUBS FOUR DIAMONDS SIX,0.6454,0.1026,0.252
HEARTS ACE HEARTS JACK,0.3266,0.0034,0.67
DIAMONDS EIGHT CLUBS ACE,0.3692,0.0032,0.6276
HEARTS QUEEN HEARTS JACK,0.3216,0.0094,0.669
DIAMONDS EIGHT CLUBS KING,0.3812,0.0062,0.6126
CLUBS NINE DIAMONDS SIX,0.0196,0.9572,0.0232
HEARTS KING HEARTS JACK,0.3148,0.007,0.6782
DIAMONDS EIGHT CLUBS QUEEN,0.382,0.0102,0.6078
CLUBS EIGHT DIAMONDS SIX,0.6464,0.109,0.2446
SPADES TEN HEARTS KING,0.3392,0.0072,0.6536
SPADES FIVE DIAMONDS SIX,0.6208,0.1116,0.2676
HEARTS ACE SPADES TWO,0.409,0.004,0.587
SPADES JACK HEARTS KING,0.33,0.0062,0.6638
SPADES FOUR DIAMONDS SIX,0.6438,0.1126,0.2436
SPADES THREE DIAMONDS SIX,0.642,0.1074,0.2506
HEARTS QUEEN SPADES TWO,0.4254,0.0134,0.5612
SPADES ACE SPADES KING,0.3274,0.0042,0.6684
SPADES TWO HEARTS KING,0.4152,0.0118,0.573
SPADES TWO DIAMONDS SIX,0.6568,0.1098,0.2334
HEARTS TEN HEARTS EIGHT,0.3308,0.0224,0.6468
HEARTS JACK HEARTS EIGHT,0.343,0.0178,0.6392
SPADES EIGHT DIAMONDS SIX,0.6442,0.1008,0.255
SPADES SEVEN DIAMONDS SIX,0.6292,0.0956,0.2752
SPADES SIX DIAMONDS SIX,0.3016,0.0668,0.6316
SPADES KING HEARTS KING,0.1586,0.011,0.8304
SPADES QUEEN HEARTS KING,0.342,0.0074,0.6506
CLUBS ACE CLUBS KING,0.3402,0.0026,0.6572
SPADES ACE HEARTS KING,0.3348,0.004,0.6612
SPADES ACE HEARTS JACK,0.3384,0.0036,0.658
SPADES QUEEN HEARTS JACK,0.3402,0.012,0.6478
SPADES KING HEARTS JACK,0.3388,0.0068,0.6544
SPADES TEN DIAMONDS TEN,0.156,0.042,0.802
SPADES JACK DIAMONDS TEN,0.32,0.0136,0.6664
SPADES ACE DIAMONDS TEN,0.341,0.0036,0.6554
SPADES JACK HEARTS JACK,0.1586,0.033,0.8084
SPADES TEN HEARTS JACK,0.3114,0.0126,0.676
SPADES QUEEN DIAMONDS TEN,0.3288,0.0088,0.6624
SPADES KING DIAMONDS TEN,0.3408,0.0086,0.6506
SPADES EIGHT DIAMONDS SEVEN,0.5542,0.0424,0.4034
SPADES SEVEN DIAMONDS SEVEN,0.287,0.072,0.641
SPADES SIX DIAMONDS SEVEN,0.633,0.1004,0.2666
DIAMONDS KING DIAMONDS SEVEN,0.3558,0.0042,0.64
HEARTS THREE DIAMONDS SEVEN,0.6278,0.038,0.3342
HEARTS KING DIAMONDS FIVE,0.402,0.0094,0.5886
DIAMONDS QUEEN DIAMONDS SEVEN,0.3598,0.0098,0.6304
HEARTS TWO DIAMONDS SEVEN,0.6308,0.039,0.3302
HEARTS QUEEN DIAMONDS FIVE,0.404,0.012,0.584
HEARTS FIVE DIAMONDS SEVEN,0.598,0.0396,0.3624
DIAMONDS ACE DIAMONDS SEVEN,0.346,0.0022,0.6518
HEARTS FOUR DIAMONDS SEVEN,0.6076,0.0402,0.3522
HEARTS ACE DIAMONDS FIVE,0.3974,0.0058,0.5968
HEARTS SEVEN DIAMONDS SEVEN,0.277,0.0682,0.6548
DIAMONDS SEVEN HEARTS NINE,0.2094,0.302,0.4886
HEARTS EIGHT DIAMONDS SEVEN,0.5408,0.0412,0.418
DIAMONDS JACK DIAMONDS SEVEN,0.3386,0.0176,0.6438
DIAMONDS FIVE HEARTS JACK,0.4008,0.0198,0.5794
DIAMONDS TEN DIAMONDS SEVEN,0.3384,0.0224,0.6392
HEARTS TEN DIAMONDS FIVE,0.4014,0.0272,0.5714
SPADES KING CLUBS TWO,0.4186,0.0082,0.5732
HEARTS KING CLUBS KING,0.166,0.0136,0.8204
CLUBS EIGHT DIAMONDS SEVEN,0.5422,0.0358,0.422
SPADES QUEEN CLUBS TWO,0.4232,0.0124,0.5644
HEARTS KING CLUBS QUEEN,0.3414,0.005,0.6536
CLUBS NINE DIAMONDS SEVEN,0.229,0.2982,0.4728
SPADES TWO CLUBS JACK,0.4312,0.015,0.5538
SPADES ACE CLUBS TWO,0.4114,0.0052,0.5834
CLUBS TEN SPADES TWO,0.4134,0.0272,0.5594
HEARTS KING CLUBS ACE,0.3498,0.0046,0.6456
CLUBS SEVEN CLUBS SIX,0.5978,0.0962,0.306
SPADES TWO CLUBS KING,0.4314,0.007,0.5616
SPADES TWO DIAMONDS SEVEN,0.632,0.0378,0.3302
CLUBS EIGHT CLUBS SIX,0.604,0.0908,0.3052
SPADES THREE DIAMONDS SEVEN,0.6162,0.0444,0.3394
SPADES TWO CLUBS QUEEN,0.4308,0.015,0.5542
CLUBS NINE CLUBS SIX,0.024,0.9066,0.0694
SPADES FOUR DIAMONDS SEVEN,0.607,0.0426,0.3504
HEARTS KING CLUBS JACK,0.35,0.0062,0.6438
SPADES FIVE DIAMONDS SEVEN,0.5998,0.0434,0.3568
SPADES TWO CLUBS ACE,0.4146,0.0044,0.581
CLUBS TEN HEARTS KING,0.3436,0.0056,0.6508
CLUBS SIX SPADES TWO,0.6604,0.1098,0.2298
CLUBS SIX SPADES THREE,0.6456,0.1124,0.242
CLUBS TWO DIAMONDS SEVEN,0.6246,0.042,0.3334
CLUBS SIX SPADES FOUR,0.6462,0.106,0.2478
CLUBS THREE DIAMONDS SEVEN,0.6204,0.0386,0.341
CLUBS SIX SPADES FIVE,0.6242,0.1056,0.2702
CLUBS FOUR DIAMONDS SEVEN,0.5958,0.038,0.3662
CLUBS SIX SPADES SIX,0.3028,0.063,0.6342
CLUBS FIVE DIAMONDS SEVEN,0.594,0.0424,0.3636
CLUBS SIX SPADES SEVEN,0.6306,0.1062,0.2632
CLUBS SIX DIAMONDS SEVEN,0.631,0.099,0.27
SPADES EIGHT CLUBS SIX,0.65,0.0998,0.2502
SPADES JACK CLUBS TWO,0.4018,0.017,0.5812
CLUBS SEVEN DIAMONDS SEVEN,0.2694,0.0682,0.6624
SPADES TEN CLUBS TWO,0.411,0.0262,0.5628
CLUBS TWO CLUBS QUEEN,0.391,0.0106,0.5984
CLUBS TWO CLUBS KING,0.4006,0.0078,0.5916
CLUBS THREE DIAMONDS EIGHT,0.628,0.0386,0.3334
CLUBS TWO CLUBS ACE,0.383,0.0034,0.6136
CLUBS TWO DIAMONDS EIGHT,0.6096,0.0382,0.3522
HEARTS SEVEN DIAMONDS EIGHT,0.5476,0.0414,0.411
DIAMONDS EIGHT HEARTS NINE,0.2246,0.2272,0.5482
CLUBS TEN CLUBS TWO,0.4028,0.0232,0.574
DIAMONDS EIGHT HEARTS EIGHT,0.2682,0.0604,0.6714
CLUBS TWO CLUBS JACK,0.3916,0.0168,0.5916
CLUBS NINE DIAMONDS EIGHT,0.2368,0.2078,0.5554
CLUBS EIGHT DIAMONDS EIGHT,0.2834,0.0576,0.659
CLUBS FIVE DIAMONDS EIGHT,0.6146,0.0406,0.3448
SPADES ACE SPADES THREE,0.3942,0.0056,0.6002
CLUBS FOUR DIAMONDS EIGHT,0.614,0.0408,0.3452
CLUBS SEVEN DIAMONDS EIGHT,0.5474,0.0426,0.41
SPADES QUEEN SPADES THREE,0.3812,0.011,0.6078
CLUBS SIX DIAMONDS EIGHT,0.6452,0.1034,0.2514
SPADES KING SPADES THREE,0.3998,0.0078,0.5924
DIAMONDS QUEEN DIAMONDS EIGHT,0.3594,0.0108,0.6298
HEARTS TWO DIAMONDS EIGHT,0.6296,0.04,0.3304
DIAMONDS KING DIAMONDS EIGHT,0.3526,0.0076,0.6398
HEARTS THREE DIAMONDS EIGHT,0.6346,0.0442,0.3212
DIAMONDS ACE DIAMONDS EIGHT,0.3604,0.0044,0.6352
HEARTS FOUR DIAMONDS EIGHT,0.618,0.041,0.341
HEARTS FIVE DIAMONDS EIGHT,0.6146,0.0404,0.345
DIAMONDS EIGHT DIAMONDS TEN,0.3294,0.0238,0.6468
DIAMONDS EIGHT DIAMONDS JACK,0.3358,0.016,0.6482
SPADES JACK SPADES THREE,0.4006,0.0162,0.5832
SPADES TEN SPADES THREE,0.389,0.0246,0.5864
CLUBS FOUR HEARTS ACE,0.4088,0.0032,0.588
CLUBS FOUR HEARTS QUEEN,0.4196,0.009,0.5714
CLUBS FOUR HEARTS KING,0.414,0.0072,0.5788
CLUBS SIX HEARTS TEN,0.2502,0.0762,0.6736
CLUBS SIX HEARTS JACK,0.2624,0.0548,0.6828
SPADES FOUR DIAMONDS EIGHT,0.6168,0.0456,0.3376
SPADES FIVE DIAMONDS EIGHT,0.592,0.0458,0.3622
DIAMONDS EIGHT SPADES TWO,0.6302,0.0428,0.327
DIAMONDS EIGHT SPADES THREE,0.625,0.0406,0.3344
CLUBS FOUR HEARTS JACK,0.4186,0.018,0.5634
SPADES EIGHT DIAMONDS EIGHT,0.279,0.0606,0.6604
SPADES TEN DIAMONDS QUEEN,0.332,0.0102,0.6578
SPADES TEN HEARTS TWO,0.4226,0.0334,0.544
SPADES JACK HEARTS EIGHT,0.3494,0.016,0.6346
CLUBS FOUR HEARTS TEN,0.4166,0.0286,0.5548
SPADES TEN HEARTS EIGHT,0.3412,0.0222,0.6366
SPADES JACK HEARTS TWO,0.4188,0.019,0.5622
SPADES JACK DIAMONDS QUEEN,0.3272,0.0106,0.6622
SPADES SIX DIAMONDS EIGHT,0.6478,0.114,0.2382
SPADES SEVEN DIAMONDS EIGHT,0.5418,0.0404,0.4178
SPADES ACE HEARTS TWO,0.4078,0.0046,0.5876
SPADES ACE DIAMONDS QUEEN,0.3426,0.004,0.6534
SPADES ACE HEARTS EIGHT,0.3624,0.004,0.6336
SPADES KING HEARTS EIGHT,0.3838,0.0078,0.6084
SPADES QUEEN HEARTS TWO,0.4192,0.0182,0.5626
SPADES QUEEN DIAMONDS QUEEN,0.1672,0.0238,0.809
SPADES KING DIAMONDS QUEEN,0.3486,0.007,0.6444
SPADES KING HEARTS TWO,0.4266,0.008,0.5654
SPADES QUEEN HEARTS EIGHT,0.3532,0.0124,0.6344
CLUBS TWO HEARTS TEN,0.4146,0.0278,0.5576
CLUBS TWO HEARTS JACK,0.4066,0.02,0.5734
SPADES SEVEN DIAMONDS NINE,0.221,0.2958,0.4832
SPADES SIX DIAMONDS NINE,0.0192,0.968,0.0128
SPADES EIGHT DIAMONDS NINE,0.224,0.2264,0.5496
SPADES TEN CLUBS KING,0.3446,0.0068,0.6486
DIAMONDS NINE SPADES THREE,0.4084,0.3778,0.2138
SPADES JACK CLUBS KING,0.331,0.0062,0.6628
DIAMONDS NINE SPADES TWO,0.421,0.3672,0.2118
SPADES FIVE DIAMONDS NINE,0.4028,0.3838,0.2134
DIAMONDS NINE SPADES FOUR,0.4098,0.3842,0.206
CLUBS NINE DIAMONDS NINE,0.1134,0.0708,0.8158
CLUBS EIGHT DIAMONDS NINE,0.2206,0.2288,0.5506
CLUBS SIX DIAMONDS NINE,0.0218,0.9588,0.0194
SPADES JACK CLUBS FOUR,0.415,0.0156,0.5694
CLUBS SEVEN DIAMONDS NINE,0.2286,0.3012,0.4702
SPADES TEN CLUBS FOUR,0.4002,0.0262,0.5736
CLUBS FOUR DIAMONDS NINE,0.4048,0.3814,0.2138
CLUBS FIVE DIAMONDS NINE,0.4084,0.3718,0.2198
DIAMONDS NINE CLUBS TWO,0.405,0.3726,0.2224
CLUBS THREE DIAMONDS NINE,0.4266,0.3572,0.2162
DIAMONDS NINE HEARTS EIGHT,0.2258,0.2222,0.552
DIAMONDS NINE HEARTS NINE,0.1116,0.0704,0.818
HEARTS SEVEN DIAMONDS NINE,0.218,0.2976,0.4844
CLUBS NINE CLUBS EIGHT,0.2156,0.209,0.5754
DIAMONDS ACE DIAMONDS NINE,0.251,0.0234,0.7256
HEARTS FOUR DIAMONDS NINE,0.4146,0.3782,0.2072
HEARTS FIVE DIAMONDS NINE,0.4004,0.382,0.2176
HEARTS ACE CLUBS TWO,0.3954,0.0052,0.5994
SPADES ACE CLUBS FOUR,0.3984,0.0042,0.5974
DIAMONDS QUEEN DIAMONDS NINE,0.235,0.0444,0.7206
HEARTS TWO DIAMONDS NINE,0.4242,0.366,0.2098
CLUBS TWO HEARTS KING,0.423,0.0088,0.5682
SPADES KING CLUBS FOUR,0.4108,0.0098,0.5794
DIAMONDS KING DIAMONDS NINE,0.2494,0.031,0.7196
HEARTS THREE DIAMONDS NINE,0.406,0.3756,0.2184
CLUBS TWO HEARTS QUEEN,0.4074,0.0156,0.577
SPADES QUEEN CLUBS FOUR,0.4128,0.012,0.5752
DIAMONDS NINE DIAMONDS JACK,0.2366,0.0562,0.7072
DIAMONDS NINE DIAMONDS TEN,0.2368,0.0674,0.6958
CLUBS EIGHT SPADES EIGHT,0.2656,0.0598,0.6746
CLUBS EIGHT SPADES SEVEN,0.5488,0.0378,0.4134
CLUBS EIGHT SPADES SIX,0.6418,0.117,0.2412
CLUBS EIGHT SPADES FIVE,0.6028,0.043,0.3542
CLUBS EIGHT SPADES FOUR,0.6224,0.0386,0.339
CLUBS EIGHT SPADES THREE,0.6392,0.0444,0.3164
CLUBS EIGHT SPADES TWO,0.6296,0.0456,0.3248
HEARTS SEVEN DIAMONDS TEN,0.345,0.0246,0.6304
DIAMONDS TEN HEARTS EIGHT,0.3452,0.0264,0.6284
CLUBS FOUR CLUBS JACK,0.3914,0.0136,0.595
DIAMONDS TEN HEARTS NINE,0.2262,0.0746,0.6992
CLUBS TEN CLUBS FOUR,0.3978,0.025,0.5772
CLUBS FOUR CLUBS KING,0.3894,0.0072,0.6034
CLUBS FOUR CLUBS QUEEN,0.399,0.0128,0.5882
CLUBS TWO DIAMONDS TEN,0.4114,0.027,0.5616
CLUBS THREE DIAMONDS TEN,0.424,0.0242,0.5518
CLUBS FOUR CLUBS ACE,0.379,0.005,0.616
DIAMONDS JACK DIAMONDS TEN,0.3134,0.0122,0.6744
DIAMONDS QUEEN DIAMONDS TEN,0.3086,0.0086,0.6828
HEARTS TWO DIAMONDS TEN,0.4246,0.0242,0.5512
DIAMONDS KING DIAMONDS TEN,0.3282,0.0068,0.665
HEARTS THREE DIAMONDS TEN,0.419,0.0254,0.5556
DIAMONDS ACE DIAMONDS TEN,0.332,0.004,0.664
HEARTS FOUR DIAMONDS TEN,0.4202,0.0272,0.5526
CLUBS EIGHT HEARTS JACK,0.3564,0.0174,0.6262
HEARTS FIVE DIAMONDS TEN,0.4128,0.0266,0.5606
CLUBS EIGHT HEARTS TEN,0.3484,0.0242,0.6274
CLUBS EIGHT HEARTS QUEEN,0.3634,0.0132,0.6234
CLUBS EIGHT HEARTS KING,0.3798,0.0072,0.613
CLUBS EIGHT HEARTS ACE,0.3694,0.0038,0.6268
CLUBS NINE SPADES THREE,0.4204,0.3598,0.2198
CLUBS NINE SPADES TWO,0.4244,0.3718,0.2038
CLUBS NINE SPADES FIVE,0.4038,0.382,0.2142
CLUBS NINE SPADES FOUR,0.4178,0.3638,0.2184
CLUBS NINE SPADES SEVEN,0.2258,0.3022,0.472
CLUBS NINE SPADES SIX,0.0158,0.9734,0.0108
CLUBS TEN HEARTS EIGHT,0.3408,0.0282,0.631
CLUBS NINE SPADES EIGHT,0.2188,0.2252,0.556
HEARTS EIGHT CLUBS JACK,0.3468,0.0194,0.6338
CLUBS QUEEN HEARTS EIGHT,0.3666,0.0134,0.62
CLUBS KING HEARTS EIGHT,0.3796,0.0072,0.6132
CLUBS ACE HEARTS EIGHT,0.3626,0.0032,0.6342
SPADES KING CLUBS KING,0.1568,0.0116,0.8316
SPADES QUEEN CLUBS KING,0.348,0.0064,0.6456
SPADES ACE CLUBS KING,0.351,0.005,0.644
DIAMONDS ACE HEARTS TEN,0.331,0.0038,0.6652
HEARTS FOUR HEARTS TEN,0.3938,0.029,0.5772
DIAMONDS ACE HEARTS JACK,0.3462,0.0034,0.6504
HEARTS FOUR HEARTS JACK,0.3854,0.0182,0.5964
SPADES KING CLUBS FIVE,0.4032,0.0086,0.5882
SPADES QUEEN CLUBS FIVE,0.3948,0.0084,0.5968
SPADES ACE CLUBS FIVE,0.3878,0.0064,0.6058
HEARTS SEVEN DIAMONDS JACK,0.3742,0.0154,0.6104
DIAMONDS JACK HEARTS NINE,0.2302,0.0584,0.7114
DIAMONDS JACK HEARTS EIGHT,0.3564,0.016,0.6276
DIAMONDS KING DIAMONDS JACK,0.3242,0.006,0.6698
HEARTS THREE DIAMONDS JACK,0.4226,0.0192,0.5582
SPADES ACE SPADES SIX,0.2586,0.027,0.7144
HEARTS ACE SPADES FOUR,0.411,0.0056,0.5834
DIAMONDS QUEEN DIAMONDS JACK,0.3124,0.0088,0.6788
HEARTS TWO DIAMONDS JACK,0.4208,0.0192,0.56
HEARTS FIVE DIAMONDS JACK,0.3994,0.0206,0.58
SPADES QUEEN SPADES SIX,0.2622,0.0452,0.6926
SPADES FOUR HEARTS QUEEN,0.4232,0.0104,0.5664
DIAMONDS ACE DIAMONDS JACK,0.3346,0.0032,0.6622
HEARTS FOUR DIAMONDS JACK,0.415,0.0174,0.5676
SPADES KING SPADES SIX,0.2576,0.0306,0.7118
SPADES FOUR HEARTS KING,0.418,0.0088,0.5732
SPADES TEN SPADES SIX,0.228,0.0782,0.6938
SPADES JACK SPADES SIX,0.2548,0.0568,0.6884
SPADES FOUR DIAMONDS JACK,0.4054,0.0176,0.577
SPADES FIVE DIAMONDS JACK,0.42,0.0168,0.5632
DIAMONDS JACK SPADES TWO,0.416,0.02,0.564
SPADES THREE DIAMONDS JACK,0.4286,0.015,0.5564
SPADES ACE DIAMONDS THREE,0.3812,0.0042,0.6146
SPADES QUEEN DIAMONDS THREE,0.4238,0.0114,0.5648
CLUBS EIGHT DIAMONDS JACK,0.363,0.0152,0.6218
SPADES KING DIAMONDS THREE,0.4054,0.0072,0.5874
CLUBS NINE DIAMONDS JACK,0.2312,0.0582,0.7106
CLUBS SIX DIAMONDS JACK,0.2616,0.0576,0.6808
CLUBS SEVEN DIAMONDS JACK,0.371,0.0138,0.6152
CLUBS FOUR DIAMONDS JACK,0.4112,0.0214,0.5674
CLUBS FIVE DIAMONDS JACK,0.4104,0.016,0.5736
CLUBS TWO DIAMONDS JACK,0.4138,0.017,0.5692
CLUBS THREE DIAMONDS JACK,0.4132,0.0168,0.57
SPADES TEN CLUBS FIVE,0.4044,0.0246,0.571
SPADES JACK CLUBS FIVE,0.412,0.0182,0.5698
SPADES JACK DIAMONDS THREE,0.4148,0.0204,0.5648
CLUBS SEVEN CLUBS ACE,0.3476,0.0022,0.6502
DIAMONDS THREE SPADES TEN,0.4052,0.0346,0.5602
CLUBS SEVEN CLUBS QUEEN,0.3578,0.012,0.6302
CLUBS SEVEN CLUBS KING,0.3518,0.0094,0.6388
CLUBS TEN CLUBS SEVEN,0.3348,0.0254,0.6398
DIAMONDS ACE HEARTS ACE,0.1412,0.004,0.8548
HEARTS FOUR HEARTS ACE,0.3944,0.007,0.5986
SPADES EIGHT DIAMONDS JACK,0.356,0.0144,0.6296
CLUBS SEVEN CLUBS JACK,0.3422,0.0172,0.6406
DIAMONDS ACE HEARTS KING,0.3244,0.006,0.6696
HEARTS FOUR HEARTS KING,0.4016,0.0074,0.591
SPADES SEVEN DIAMONDS JACK,0.3656,0.0162,0.6182
DIAMONDS ACE HEARTS QUEEN,0.3462,0.0032,0.6506
HEARTS FOUR HEARTS QUEEN,0.4046,0.011,0.5844
SPADES SIX DIAMONDS JACK,0.2692,0.0598,0.671
SPADES TWO DIAMONDS TEN,0.4148,0.0272,0.558
SPADES THREE DIAMONDS TEN,0.4114,0.0286,0.56
SPADES FOUR DIAMONDS TEN,0.4218,0.0252,0.553
SPADES FIVE DIAMONDS TEN,0.413,0.027,0.56
SPADES SIX DIAMONDS TEN,0.254,0.082,0.664
SPADES SEVEN DIAMONDS TEN,0.3526,0.0294,0.618
SPADES EIGHT DIAMONDS TEN,0.3544,0.0246,0.621
CLUBS FOUR DIAMONDS TEN,0.417,0.0226,0.5604
CLUBS FIVE DIAMONDS TEN,0.4118,0.03,0.5582
CLUBS SIX DIAMONDS TEN,0.2548,0.0794,0.6658
CLUBS SEVEN DIAMONDS TEN,0.3582,0.0234,0.6184
CLUBS EIGHT DIAMONDS TEN,0.3524,0.029,0.6186
CLUBS NINE DIAMONDS TEN,0.2436,0.0722,0.6842
DIAMONDS THREE CLUBS JACK,0.4238,0.017,0.5592
CLUBS TEN DIAMONDS THREE,0.4156,0.0252,0.5592
DIAMONDS THREE CLUBS KING,0.421,0.0092,0.5698
DIAMONDS THREE CLUBS QUEEN,0.4096,0.0084,0.582
DIAMONDS THREE CLUBS ACE,0.4074,0.0042,0.5884
SPADES FOUR HEARTS JACK,0.4038,0.016,0.5802
SPADES FOUR HEARTS TEN,0.4154,0.0256,0.559
SPADES FIVE SPADES TWO,0.5888,0.0388,0.3724
SPADES FOUR SPADES TWO,0.5836,0.0462,0.3702
SPADES THREE SPADES TWO,0.5992,0.042,0.3588
SPADES EIGHT SPADES TWO,0.6012,0.0432,0.3556
SPADES SEVEN SPADES TWO,0.6016,0.0408,0.3576
SPADES SIX SPADES TWO,0.6306,0.1094,0.26
DIAMONDS QUEEN CLUBS THREE,0.4124,0.0104,0.5772
CLUBS THREE HEARTS TWO,0.6154,0.0468,0.3378
DIAMONDS QUEEN CLUBS TWO,0.4192,0.0152,0.5656
HEARTS TWO CLUBS TWO,0.4116,0.0766,0.5118
HEARTS SEVEN DIAMONDS QUEEN,0.3798,0.0116,0.6086
HEARTS SEVEN HEARTS TWO,0.5958,0.0428,0.3614
DIAMONDS QUEEN HEARTS NINE,0.2512,0.0472,0.7016
HEARTS TWO HEARTS NINE,0.3818,0.3754,0.2428
DIAMONDS QUEEN HEARTS EIGHT,0.3796,0.01,0.6104
HEARTS TWO HEARTS EIGHT,0.593,0.0358,0.3712
CLUBS NINE HEARTS TWO,0.42,0.3766,0.2034
CLUBS NINE DIAMONDS QUEEN,0.2584,0.044,0.6976
CLUBS EIGHT HEARTS TWO,0.6424,0.0384,0.3192
CLUBS EIGHT DIAMONDS QUEEN,0.373,0.0102,0.6168
CLUBS FIVE DIAMONDS QUEEN,0.4146,0.0122,0.5732
CLUBS FIVE HEARTS TWO,0.6054,0.0476,0.347
SPADES EIGHT HEARTS ACE,0.3632,0.0058,0.631
DIAMONDS QUEEN CLUBS FOUR,0.4178,0.0116,0.5706
HEARTS TWO CLUBS FOUR,0.6152,0.04,0.3448
CLUBS SEVEN DIAMONDS QUEEN,0.3754,0.01,0.6146
CLUBS SEVEN HEARTS TWO,0.635,0.0438,0.3212
SPADES EIGHT HEARTS QUEEN,0.3754,0.011,0.6136
CLUBS SIX DIAMONDS QUEEN,0.2568,0.0424,0.7008
CLUBS SIX HEARTS TWO,0.6662,0.1098,0.224
SPADES EIGHT HEARTS KING,0.3836,0.0082,0.6082
DIAMONDS QUEEN SPADES SIX,0.271,0.0406,0.6884
HEARTS TWO SPADES SIX,0.6702,0.1142,0.2156
HEARTS FOUR CLUBS QUEEN,0.4214,0.011,0.5676
DIAMONDS ACE CLUBS QUEEN,0.353,0.0026,0.6444
DIAMONDS QUEEN SPADES SEVEN,0.38,0.0112,0.6088
SPADES SEVEN HEARTS TWO,0.637,0.0466,0.3164
HEARTS FOUR CLUBS KING,0.4338,0.007,0.5592
DIAMONDS ACE CLUBS KING,0.358,0.003,0.639
SPADES EIGHT DIAMONDS QUEEN,0.3828,0.0102,0.607
SPADES EIGHT HEARTS TWO,0.6298,0.043,0.3272
HEARTS FOUR CLUBS ACE,0.41,0.004,0.586
DIAMONDS ACE CLUBS ACE,0.1502,0.0032,0.8466
HEARTS TWO SPADES TWO,0.418,0.0842,0.4978
DIAMONDS QUEEN SPADES TWO,0.4172,0.0128,0.57
HEARTS TWO SPADES THREE,0.6298,0.0484,0.3218
DIAMONDS QUEEN SPADES THREE,0.4198,0.0124,0.5678
HEARTS TWO SPADES FOUR,0.627,0.044,0.329
DIAMONDS QUEEN SPADES FOUR,0.4152,0.0128,0.572
HEARTS FOUR CLUBS TEN,0.421,0.025,0.554
CLUBS TEN DIAMONDS ACE,0.3452,0.0024,0.6524
HEARTS TWO SPADES FIVE,0.6244,0.05,0.3256
DIAMONDS QUEEN SPADES FIVE,0.4196,0.0104,0.57
HEARTS FOUR CLUBS JACK,0.4144,0.02,0.5656
DIAMONDS ACE CLUBS JACK,0.3594,0.0042,0.6364
CLUBS FIVE CLUBS KING,0.3926,0.0052,0.6022
CLUBS FIVE CLUBS QUEEN,0.3898,0.0114,0.5988
CLUBS FIVE CLUBS ACE,0.3694,0.0042,0.6264
CLUBS FIVE CLUBS JACK,0.3802,0.0142,0.6056
CLUBS TEN CLUBS FIVE,0.3976,0.0252,0.5772
SPADES KING CLUBS JACK,0.3438,0.0064,0.6498
SPADES QUEEN CLUBS JACK,0.33,0.01,0.66
SPADES ACE CLUBS JACK,0.339,0.0034,0.6576
SPADES SIX CLUBS KING,0.2706,0.032,0.6974
SPADES SIX CLUBS QUEEN,0.2674,0.0414,0.6912
SPADES EIGHT HEARTS JACK,0.3594,0.017,0.6236
SPADES SIX CLUBS ACE,0.2744,0.0298,0.6958
SPADES EIGHT HEARTS TEN,0.339,0.0252,0.6358
SPADES SIX CLUBS JACK,0.2702,0.0606,0.6692
CLUBS TEN SPADES SIX,0.2556,0.077,0.6674
SPADES TEN CLUBS JACK,0.3076,0.0132,0.6792
SPADES JACK CLUBS JACK,0.1626,0.029,0.8084
SPADES QUEEN CLUBS SEVEN,0.3734,0.0106,0.616
SPADES KING CLUBS SEVEN,0.3632,0.0058,0.631
SPADES ACE CLUBS SEVEN,0.3718,0.0048,0.6234
SPADES SIX HEARTS TEN,0.2352,0.0804,0.6844
SPADES SIX HEARTS JACK,0.2672,0.0562,0.6766
SPADES SIX HEARTS ACE,0.257,0.0258,0.7172
SPADES SIX HEARTS KING,0.265,0.0328,0.7022
SPADES SIX HEARTS QUEEN,0.2742,0.049,0.6768
CLUBS SEVEN SPADES JACK,0.369,0.0164,0.6146
CLUBS SEVEN SPADES TEN,0.3602,0.0248,0.615
CLUBS ACE CLUBS JACK,0.33,0.0048,0.6652
CLUBS QUEEN CLUBS JACK,0.3168,0.0082,0.675
CLUBS KING CLUBS JACK,0.3284,0.0054,0.6662
DIAMONDS THREE HEARTS ACE,0.4022,0.0026,0.5952
DIAMONDS THREE HEARTS QUEEN,0.4068,0.0106,0.5826
DIAMONDS THREE HEARTS KING,0.4198,0.0072,0.573
CLUBS FIVE HEARTS JACK,0.3968,0.0176,0.5856
SPADES TEN DIAMONDS ACE,0.3344,0.0044,0.6612
HEARTS FOUR SPADES TEN,0.4004,0.0288,0.5708
CLUBS FIVE HEARTS TEN,0.4036,0.0292,0.5672
HEARTS FOUR SPADES JACK,0.4054,0.0172,0.5774
SPADES JACK DIAMONDS ACE,0.3376,0.0038,0.6586
SPADES ACE HEARTS FOUR,0.4132,0.0052,0.5816
SPADES ACE DIAMONDS ACE,0.1476,0.0032,0.8492
CLUBS FIVE HEARTS ACE,0.3942,0.0038,0.602
CLUBS FIVE HEARTS KING,0.4096,0.005,0.5854
HEARTS FOUR SPADES QUEEN,0.4228,0.0128,0.5644
SPADES QUEEN DIAMONDS ACE,0.3328,0.0042,0.663
SPADES FOUR CLUBS JACK,0.4144,0.0152,0.5704
CLUBS FIVE HEARTS QUEEN,0.41,0.0112,0.5788
SPADES KING DIAMONDS ACE,0.3414,0.004,0.6546
HEARTS FOUR SPADES KING,0.4254,0.0092,0.5654
CLUBS TEN SPADES FOUR,0.4192,0.025,0.5558
DIAMONDS QUEEN DIAMONDS ACE,0.3176,0.0032,0.6792
HEARTS TWO DIAMONDS ACE,0.4092,0.0042,0.5866
HEARTS FOUR DIAMONDS QUEEN,0.413,0.0132,0.5738
HEARTS FOUR HEARTS TWO,0.592,0.047,0.361
DIAMONDS THREE HEARTS TEN,0.399,0.027,0.574
SPADES FOUR CLUBS KING,0.4246,0.0082,0.5672
HEARTS FIVE DIAMONDS QUEEN,0.4208,0.0088,0.5704
HEARTS FIVE HEARTS TWO,0.6026,0.0388,0.3586
DIAMONDS THREE HEARTS JACK,0.4148,0.0196,0.5656
SPADES FOUR CLUBS QUEEN,0.4106,0.0118,0.5776
DIAMONDS QUEEN HEARTS TWO,0.4332,0.013,0.5538
DIAMONDS KING DIAMONDS QUEEN,0.3244,0.0068,0.6688
DIAMONDS KING HEARTS TWO,0.4232,0.0082,0.5686
HEARTS THREE DIAMONDS QUEEN,0.4094,0.0104,0.5802
HEARTS THREE HEARTS TWO,0.5864,0.0438,0.3698
SPADES FOUR CLUBS ACE,0.42,0.0036,0.5764
HEARTS TWO CLUBS ACE,0.4148,0.0038,0.5814
DIAMONDS QUEEN CLUBS ACE,0.3532,0.0038,0.643
HEARTS TWO CLUBS QUEEN,0.4134,0.013,0.5736
DIAMONDS QUEEN CLUBS QUEEN,0.1736,0.0192,0.8072
HEARTS TWO CLUBS KING,0.4222,0.007,0.5708
DIAMONDS QUEEN CLUBS KING,0.3362,0.0066,0.6572
SPADES EIGHT SPADES FIVE,0.579,0.0384,0.3826
CLUBS TEN HEARTS TWO,0.4218,0.025,0.5532
CLUBS TEN DIAMONDS QUEEN,0.3362,0.0102,0.6536
HEARTS TWO CLUBS JACK,0.4262,0.018,0.5558
DIAMONDS QUEEN CLUBS JACK,0.344,0.0082,0.6478
SPADES SIX SPADES FIVE,0.5828,0.1118,0.3054
SPADES SEVEN SPADES FIVE,0.5642,0.0454,0.3904
DIAMONDS FIVE CLUBS QUEEN,0.4082,0.0106,0.5812
SPADES EIGHT CLUBS ACE,0.3694,0.0042,0.6264
DIAMONDS FIVE CLUBS KING,0.395,0.007,0.598
SPADES EIGHT CLUBS KING,0.3732,0.0052,0.6216
CLUBS ACE DIAMONDS FIVE,0.4,0.0036,0.5964
SPADES EIGHT CLUBS QUEEN,0.3632,0.0116,0.6252
SPADES EIGHT CLUBS JACK,0.3676,0.0156,0.6168
CLUBS TEN SPADES EIGHT,0.3526,0.0276,0.6198
CLUBS TEN DIAMONDS FIVE,0.411,0.0262,0.5628
DIAMONDS FIVE CLUBS JACK,0.418,0.0164,0.5656
DIAMONDS TEN HEARTS JACK,0.314,0.0148,0.6712
DIAMONDS TEN HEARTS TEN,0.1506,0.0464,0.803
SPADES ACE CLUBS NINE,0.253,0.0242,0.7228
CLUBS NINE SPADES QUEEN,0.2496,0.042,0.7084
CLUBS NINE SPADES KING,0.2568,0.037,0.7062
DIAMONDS KING SPADES SEVEN,0.3894,0.008,0.6026
HEARTS THREE SPADES SEVEN,0.6244,0.0416,0.334
SPADES KING DIAMONDS SEVEN,0.3636,0.0078,0.6286
