opposingHand,winningChance,drawChance,lostChance
HEARTS EIGHT CLUBS ACE
HEARTS FIVE SPADES TEN,0.6382,0.0044,0.3574
SPADES JACK HEARTS FIVE,0.6592,0.0038,0.337
SPADES FIVE CLUBS JACK,0.629,0.0046,0.3664
CLUBS TEN SPADES FIVE,0.649,0.0036,0.3474
CLUBS EIGHT CLUBS JACK,0.699,0.0186,0.2824
CLUBS TEN CLUBS EIGHT,0.6624,0.0274,0.3102
CLUBS EIGHT CLUBS KING,0.7092,0.0232,0.2676
CLUBS EIGHT CLUBS QUEEN,0.695,0.0254,0.2796
SPADES FIVE CLUBS KING,0.6364,0.0054,0.3582
SPADES FIVE CLUBS QUEEN,0.629,0.0032,0.3678
DIAMONDS TWO DIAMONDS THREE,0.6156,0.0034,0.381
DIAMONDS TWO DIAMONDS FIVE,0.6186,0.0052,0.3762
SPADES KING HEARTS FIVE,0.6328,0.0044,0.3628
DIAMONDS TWO DIAMONDS FOUR,0.6118,0.0034,0.3848
SPADES QUEEN HEARTS FIVE,0.6244,0.0052,0.3704
DIAMONDS TWO DIAMONDS SEVEN,0.6302,0.004,0.3658
DIAMONDS TWO DIAMONDS SIX,0.619,0.0044,0.3766
SPADES ACE HEARTS FIVE,0.5274,0.2296,0.243
DIAMONDS TWO DIAMONDS NINE,0.6234,0.0036,0.373
DIAMONDS TWO DIAMONDS EIGHT,0.699,0.0252,0.2758
DIAMONDS THREE DIAMONDS FOUR,0.6072,0.0066,0.3862
CLUBS TWO SPADES FOUR,0.6574,0.007,0.3356
DIAMONDS THREE DIAMONDS FIVE,0.5836,0.0056,0.4108
SPADES FIVE CLUBS TWO,0.6566,0.0056,0.3378
CLUBS TWO SPADES TWO,0.4812,0.0038,0.515
CLUBS TWO SPADES THREE,0.6626,0.0042,0.3332
DIAMONDS THREE DIAMONDS EIGHT,0.7014,0.0278,0.2708
SPADES EIGHT CLUBS TWO,0.7502,0.0322,0.2176
DIAMONDS THREE DIAMONDS NINE,0.6104,0.004,0.3856
SPADES NINE CLUBS TWO,0.6566,0.0044,0.339
DIAMONDS THREE DIAMONDS SIX,0.616,0.0044,0.3796
SPADES SIX CLUBS TWO,0.6782,0.004,0.3178
DIAMONDS THREE DIAMONDS SEVEN,0.6246,0.0036,0.3718
SPADES SEVEN CLUBS TWO,0.6854,0.0038,0.3108
CLUBS SIX CLUBS TWO,0.6454,0.004,0.3506
CLUBS SEVEN CLUBS TWO,0.6434,0.0036,0.353
CLUBS FOUR CLUBS TWO,0.621,0.0064,0.3726
CLUBS FIVE CLUBS TWO,0.623,0.0072,0.3698
CLUBS TEN CLUBS JACK,0.5418,0.0038,0.4544
DIAMONDS FOUR DIAMONDS SIX,0.588,0.004,0.408
CLUBS TEN CLUBS QUEEN,0.5442,0.0046,0.4512
DIAMONDS FOUR DIAMONDS SEVEN,0.603,0.0036,0.3934
CLUBS TEN CLUBS KING,0.538,0.0044,0.4576
CLUBS EIGHT CLUBS TWO,0.7188,0.0296,0.2516
DIAMONDS FIVE DIAMONDS FOUR,0.5792,0.0064,0.4144
CLUBS NINE CLUBS TWO,0.6298,0.0056,0.3646
DIAMONDS NINE DIAMONDS FOUR,0.6104,0.004,0.3856
DIAMONDS EIGHT DIAMONDS FOUR,0.7006,0.0278,0.2716
CLUBS THREE CLUBS TWO,0.6282,0.0068,0.365
DIAMONDS NINE DIAMONDS FIVE,0.601,0.004,0.395
DIAMONDS TWO CLUBS JACK,0.6428,0.0054,0.3518
DIAMONDS EIGHT DIAMONDS FIVE,0.674,0.0272,0.2988
CLUBS TEN DIAMONDS TWO,0.646,0.0044,0.3496
DIAMONDS FIVE DIAMONDS SEVEN,0.5916,0.0018,0.4066
DIAMONDS FIVE DIAMONDS SIX,0.5858,0.0042,0.41
DIAMONDS TWO CLUBS KING,0.641,0.006,0.353
DIAMONDS TWO CLUBS QUEEN,0.6446,0.0046,0.3508
DIAMONDS EIGHT DIAMONDS SIX,0.66,0.0218,0.3182
DIAMONDS NINE DIAMONDS SIX,0.5904,0.0032,0.4064
HEARTS ACE SPADES THREE,0.5382,0.2214,0.2404
SPADES THREE HEARTS KING,0.6318,0.0036,0.3646
DIAMONDS SEVEN DIAMONDS SIX,0.5956,0.0026,0.4018
HEARTS QUEEN SPADES THREE,0.6388,0.004,0.3572
SPADES THREE HEARTS JACK,0.636,0.0052,0.3588
SPADES THREE HEARTS TEN,0.6516,0.003,0.3454
DIAMONDS EIGHT DIAMONDS SEVEN,0.6496,0.0284,0.322
DIAMONDS NINE DIAMONDS SEVEN,0.5732,0.0034,0.4234
DIAMONDS NINE DIAMONDS EIGHT,0.6542,0.0202,0.3256
DIAMONDS KING HEARTS TEN,0.5706,0.0046,0.4248
HEARTS THREE HEARTS TEN,0.5964,0.0034,0.4002
SPADES JACK CLUBS SIX,0.6382,0.004,0.3578
DIAMONDS KING HEARTS JACK,0.5644,0.0038,0.4318
HEARTS THREE HEARTS JACK,0.6002,0.006,0.3938
SPADES TEN CLUBS SIX,0.642,0.0038,0.3542
SPADES JACK SPADES FIVE,0.6014,0.0042,0.3944
SPADES TEN SPADES FIVE,0.6024,0.0044,0.3932
DIAMONDS KING HEARTS ACE,0.2434,0.049,0.7076
HEARTS THREE HEARTS ACE,0.5094,0.2154,0.2752
SPADES ACE CLUBS SIX,0.548,0.2304,0.2216
DIAMONDS KING HEARTS QUEEN,0.5758,0.0042,0.42
HEARTS THREE HEARTS QUEEN,0.6104,0.0058,0.3838
SPADES KING CLUBS SIX,0.6416,0.0032,0.3552
DIAMONDS KING HEARTS KING,0.2748,0.0034,0.7218
HEARTS THREE HEARTS KING,0.6036,0.0058,0.3906
SPADES QUEEN CLUBS SIX,0.6498,0.0022,0.348
SPADES NINE HEARTS TEN,0.558,0.0024,0.4396
SPADES NINE HEARTS JACK,0.5756,0.0054,0.419
SPADES QUEEN SPADES FIVE,0.5938,0.0036,0.4026
SPADES KING SPADES FIVE,0.588,0.003,0.409
SPADES ACE SPADES FIVE,0.4876,0.2186,0.2938
SPADES NINE HEARTS QUEEN,0.5898,0.0052,0.405
SPADES NINE HEARTS KING,0.6004,0.0032,0.3964
SPADES NINE HEARTS ACE,0.2152,0.1744,0.6104
CLUBS TEN SPADES JACK,0.5506,0.0026,0.4468
CLUBS TEN SPADES TEN,0.315,0.0032,0.6818
SPADES ACE CLUBS TEN,0.238,0.1154,0.6466
SPADES KING CLUBS TEN,0.5772,0.0046,0.4182
CLUBS TEN SPADES QUEEN,0.5734,0.003,0.4236
SPADES FIVE HEARTS QUEEN,0.6318,0.0034,0.3648
SPADES FIVE HEARTS KING,0.619,0.005,0.376
HEARTS ACE SPADES FIVE,0.5222,0.233,0.2448
CLUBS EIGHT SPADES TEN,0.7176,0.0202,0.2622
HEARTS THREE SPADES JACK,0.6436,0.0058,0.3506
SPADES JACK DIAMONDS KING,0.5666,0.0044,0.429
SPADES TEN DIAMONDS KING,0.5736,0.0024,0.424
HEARTS THREE SPADES TEN,0.6432,0.0054,0.3514
SPADES JACK CLUBS EIGHT,0.7098,0.0246,0.2656
CLUBS SIX HEARTS ACE,0.5476,0.2258,0.2266
SPADES ACE CLUBS EIGHT,0.0164,0.9706,0.013
HEARTS FIVE CLUBS JACK,0.6376,0.0074,0.355
CLUBS TEN HEARTS FIVE,0.6398,0.0052,0.355
CLUBS SIX HEARTS QUEEN,0.634,0.0054,0.3606
SPADES QUEEN CLUBS EIGHT,0.7364,0.0212,0.2424
CLUBS TEN SPADES THREE,0.6344,0.0032,0.3624
CLUBS SIX HEARTS KING,0.6342,0.004,0.3618
SPADES KING CLUBS EIGHT,0.7406,0.0254,0.234
SPADES THREE CLUBS JACK,0.6496,0.0056,0.3448
DIAMONDS TWO HEARTS JACK,0.6424,0.005,0.3526
SPADES THREE CLUBS QUEEN,0.6402,0.006,0.3538
DIAMONDS TWO HEARTS TEN,0.6294,0.0032,0.3674
SPADES THREE CLUBS KING,0.6446,0.0042,0.3512
SPADES FIVE HEARTS TEN,0.627,0.004,0.369
HEARTS FIVE CLUBS KING,0.6414,0.0064,0.3522
SPADES FIVE HEARTS JACK,0.6258,0.0042,0.37
HEARTS FIVE CLUBS QUEEN,0.6378,0.005,0.3572
HEARTS THREE CLUBS KING,0.643,0.0064,0.3506
DIAMONDS KING CLUBS KING,0.2744,0.0038,0.7218
HEARTS THREE CLUBS QUEEN,0.6374,0.0064,0.3562
DIAMONDS KING CLUBS QUEEN,0.574,0.0052,0.4208
HEARTS FIVE HEARTS JACK,0.5904,0.0046,0.405
HEARTS FIVE HEARTS TEN,0.6018,0.0042,0.394
SPADES ACE CLUBS QUEEN,0.2584,0.0668,0.6748
SPADES KING CLUBS QUEEN,0.5812,0.004,0.4148
HEARTS THREE CLUBS JACK,0.6376,0.0052,0.3572
DIAMONDS KING CLUBS JACK,0.5882,0.003,0.4088
SPADES QUEEN CLUBS QUEEN,0.3032,0.0036,0.6932
CLUBS TEN HEARTS THREE,0.6478,0.0034,0.3488
CLUBS TEN DIAMONDS KING,0.5696,0.0042,0.4262
SPADES JACK CLUBS QUEEN,0.5682,0.004,0.4278
CLUBS SIX CLUBS QUEEN,0.6144,0.0064,0.3792
SPADES TEN CLUBS QUEEN,0.5706,0.0042,0.4252
CLUBS SIX CLUBS KING,0.6,0.0032,0.3968
HEARTS FIVE HEARTS KING,0.603,0.0048,0.3922
HEARTS FIVE HEARTS QUEEN,0.612,0.0044,0.3836
CLUBS TEN CLUBS SIX,0.6008,0.0034,0.3958
HEARTS FIVE HEARTS ACE,0.5078,0.2168,0.2754
CLUBS SIX CLUBS JACK,0.6216,0.0044,0.374
SPADES SEVEN HEARTS JACK,0.6344,0.0044,0.3612
SPADES SEVEN HEARTS TEN,0.615,0.0032,0.3818
DIAMONDS TWO CLUBS TWO,0.4776,0.006,0.5164
DIAMONDS TWO CLUBS THREE,0.6598,0.0052,0.335
HEARTS SIX DIAMONDS TWO,0.667,0.0056,0.3274
DIAMONDS TWO HEARTS QUEEN,0.639,0.005,0.356
DIAMONDS TWO HEARTS SEVEN,0.6872,0.0036,0.3092
DIAMONDS TWO HEARTS KING,0.644,0.0036,0.3524
DIAMONDS TWO HEARTS ACE,0.5362,0.2328,0.231
DIAMONDS TWO HEARTS NINE,0.6416,0.0044,0.354
DIAMONDS TWO DIAMONDS QUEEN,0.5856,0.0046,0.4098
DIAMONDS TWO HEARTS TWO,0.4688,0.0046,0.5266
DIAMONDS TWO DIAMONDS KING,0.5908,0.0036,0.4056
HEARTS THREE DIAMONDS TWO,0.6748,0.0048,0.3204
DIAMONDS TWO DIAMONDS ACE,0.4976,0.2134,0.289
HEARTS FOUR DIAMONDS TWO,0.662,0.0038,0.3342
DIAMONDS TWO HEARTS FIVE,0.6538,0.0064,0.3398
SPADES SEVEN HEARTS ACE,0.5374,0.2438,0.2188
DIAMONDS TWO DIAMONDS TEN,0.5982,0.0048,0.397
SPADES SEVEN HEARTS KING,0.6364,0.003,0.3606
DIAMONDS TWO DIAMONDS JACK,0.5934,0.0044,0.4022
SPADES SEVEN HEARTS QUEEN,0.6292,0.0032,0.3676
DIAMONDS TWO SPADES NINE,0.646,0.0026,0.3514
DIAMONDS TWO SPADES EIGHT,0.7436,0.033,0.2234
DIAMONDS TWO SPADES SEVEN,0.6852,0.0036,0.3112
DIAMONDS TWO SPADES SIX,0.6708,0.005,0.3242
DIAMONDS TWO SPADES FIVE,0.6438,0.0038,0.3524
DIAMONDS TWO SPADES FOUR,0.6538,0.0036,0.3426
DIAMONDS TWO SPADES THREE,0.6702,0.0046,0.3252
DIAMONDS TWO SPADES TWO,0.4564,0.006,0.5376
CLUBS NINE DIAMONDS TWO,0.6478,0.0038,0.3484
DIAMONDS TWO CLUBS EIGHT,0.751,0.0298,0.2192
CLUBS SEVEN DIAMONDS TWO,0.6764,0.0056,0.318
DIAMONDS TWO CLUBS SIX,0.669,0.004,0.327
DIAMONDS TWO CLUBS FIVE,0.6514,0.005,0.3436
DIAMONDS TWO CLUBS FOUR,0.64,0.0048,0.3552
CLUBS FOUR SPADES FIVE,0.6392,0.0046,0.3562
CLUBS FOUR SPADES FOUR,0.4592,0.0046,0.5362
CLUBS FOUR SPADES THREE,0.648,0.0032,0.3488
CLUBS FOUR SPADES TWO,0.6596,0.0044,0.336
SPADES NINE CLUBS FOUR,0.6494,0.0044,0.3462
SPADES EIGHT CLUBS FOUR,0.7374,0.0272,0.2354
SPADES SEVEN CLUBS FOUR,0.6508,0.0048,0.3444
CLUBS FOUR SPADES SIX,0.645,0.0052,0.3498
SPADES ACE DIAMONDS SIX,0.546,0.2236,0.2304
SPADES QUEEN DIAMONDS SIX,0.628,0.0034,0.3686
SPADES KING DIAMONDS SIX,0.6314,0.0024,0.3662
SPADES TEN DIAMONDS SIX,0.6236,0.0034,0.373
SPADES JACK DIAMONDS SIX,0.6418,0.002,0.3562
SPADES QUEEN SPADES TWO,0.6108,0.0052,0.384
SPADES KING SPADES TWO,0.5938,0.005,0.4012
SPADES ACE SPADES TWO,0.4996,0.216,0.2844
DIAMONDS JACK CLUBS JACK,0.318,0.005,0.677
CLUBS TEN DIAMONDS JACK,0.562,0.0032,0.4348
DIAMONDS JACK CLUBS KING,0.5702,0.0048,0.425
DIAMONDS JACK CLUBS QUEEN,0.5796,0.0038,0.4166
DIAMONDS THREE DIAMONDS JACK,0.6022,0.0034,0.3944
DIAMONDS THREE DIAMONDS TEN,0.5942,0.003,0.4028
DIAMONDS THREE DIAMONDS KING,0.6006,0.0044,0.395
HEARTS THREE DIAMONDS THREE,0.4762,0.004,0.5198
DIAMONDS THREE DIAMONDS QUEEN,0.5942,0.0058,0.4
DIAMONDS THREE HEARTS TWO,0.6706,0.0046,0.3248
HEARTS FIVE DIAMONDS THREE,0.6322,0.0068,0.361
DIAMONDS THREE DIAMONDS ACE,0.4868,0.2184,0.2948
HEARTS FOUR DIAMONDS THREE,0.642,0.0054,0.3526
DIAMONDS THREE HEARTS SEVEN,0.663,0.0046,0.3324
SPADES TEN SPADES NINE,0.5334,0.0032,0.4634
HEARTS SIX DIAMONDS THREE,0.6592,0.0056,0.3352
SPADES JACK SPADES NINE,0.547,0.005,0.448
DIAMONDS THREE HEARTS NINE,0.6458,0.0046,0.3496
HEARTS JACK DIAMONDS FOUR,0.6364,0.0042,0.3594
HEARTS ACE HEARTS KING,0.2402,0.0496,0.7102
SPADES TEN SPADES TWO,0.595,0.0022,0.4028
HEARTS TEN DIAMONDS FOUR,0.6324,0.0042,0.3634
SPADES JACK SPADES TWO,0.5982,0.0036,0.3982
HEARTS QUEEN DIAMONDS FOUR,0.6384,0.0044,0.3572
HEARTS KING DIAMONDS FOUR,0.6224,0.0034,0.3742
SPADES ACE SPADES NINE,0.2214,0.1594,0.6192
HEARTS ACE DIAMONDS FOUR,0.5222,0.2262,0.2516
SPADES KING SPADES NINE,0.5572,0.0048,0.438
SPADES QUEEN SPADES NINE,0.5624,0.0042,0.4334
DIAMONDS THREE SPADES NINE,0.6424,0.0022,0.3554
DIAMONDS THREE SPADES EIGHT,0.738,0.033,0.229
DIAMONDS THREE SPADES SEVEN,0.6706,0.003,0.3264
DIAMONDS THREE SPADES SIX,0.6564,0.0028,0.3408
DIAMONDS THREE CLUBS SIX,0.6436,0.0056,0.3508
CLUBS FIVE CLUBS SIX,0.602,0.006,0.392
CLUBS SEVEN DIAMONDS THREE,0.6774,0.0036,0.319
CLUBS SEVEN CLUBS FIVE,0.617,0.0026,0.3804
DIAMONDS THREE CLUBS FOUR,0.6456,0.004,0.3504
DIAMONDS FOUR CLUBS QUEEN,0.6416,0.007,0.3514
DIAMONDS THREE CLUBS FIVE,0.6428,0.0034,0.3538
CLUBS KING DIAMONDS FOUR,0.6482,0.0038,0.348
DIAMONDS THREE CLUBS TWO,0.6614,0.0046,0.334
CLUBS TEN DIAMONDS FOUR,0.6374,0.0034,0.3592
DIAMONDS THREE CLUBS THREE,0.4758,0.005,0.5192
DIAMONDS FOUR CLUBS JACK,0.6414,0.0052,0.3534
DIAMONDS THREE SPADES FOUR,0.6284,0.0038,0.3678
DIAMONDS THREE SPADES FIVE,0.6292,0.0044,0.3664
DIAMONDS THREE SPADES TWO,0.6626,0.006,0.3314
DIAMONDS THREE SPADES THREE,0.4732,0.002,0.5248
CLUBS EIGHT DIAMONDS THREE,0.7398,0.0342,0.226
CLUBS NINE DIAMONDS THREE,0.6426,0.004,0.3534
SPADES SEVEN CLUBS QUEEN,0.6554,0.003,0.3416
SPADES SEVEN CLUBS KING,0.6432,0.0042,0.3526
CLUBS FIVE SPADES SEVEN,0.6378,0.0036,0.3586
CLUBS TEN SPADES SEVEN,0.6274,0.0032,0.3694
CLUBS FIVE SPADES SIX,0.6316,0.0032,0.3652
SPADES SEVEN CLUBS JACK,0.6322,0.004,0.3638
CLUBS FIVE SPADES NINE,0.643,0.0026,0.3544
CLUBS FIVE SPADES EIGHT,0.7228,0.0244,0.2528
CLUBS FIVE SPADES THREE,0.6356,0.0044,0.36
CLUBS FIVE SPADES TWO,0.6526,0.0038,0.3436
CLUBS FIVE SPADES FIVE,0.4724,0.0032,0.5244
CLUBS FIVE SPADES FOUR,0.626,0.006,0.368
CLUBS NINE CLUBS FIVE,0.6178,0.0062,0.376
CLUBS EIGHT CLUBS FIVE,0.6898,0.0296,0.2806
CLUBS KING CLUBS QUEEN,0.5398,0.0062,0.454
DIAMONDS TEN DIAMONDS FOUR,0.5974,0.004,0.3986
CLUBS TEN DIAMONDS NINE,0.5696,0.0028,0.4276
DIAMONDS JACK DIAMONDS FOUR,0.6,0.0042,0.3958
DIAMONDS NINE CLUBS JACK,0.5684,0.005,0.4266
SPADES NINE CLUBS JACK,0.588,0.0044,0.4076
CLUBS TEN SPADES NINE,0.5754,0.0052,0.4194
DIAMONDS ACE DIAMONDS FOUR,0.4946,0.2072,0.2982
HEARTS FOUR DIAMONDS FOUR,0.4624,0.004,0.5336
DIAMONDS JACK HEARTS TEN,0.5586,0.0034,0.438
SPADES NINE CLUBS KING,0.5904,0.0024,0.4072
DIAMONDS TWO SPADES TEN,0.6392,0.0038,0.357
HEARTS FIVE DIAMONDS FOUR,0.6276,0.006,0.3664
DIAMONDS JACK HEARTS JACK,0.3026,0.0052,0.6922
SPADES NINE CLUBS QUEEN,0.5934,0.004,0.4026
DIAMONDS TWO SPADES JACK,0.6428,0.0044,0.3528
DIAMONDS QUEEN DIAMONDS FOUR,0.6044,0.0028,0.3928
HEARTS TWO DIAMONDS FOUR,0.6536,0.004,0.3424
DIAMONDS NINE CLUBS QUEEN,0.5914,0.004,0.4046
DIAMONDS KING DIAMONDS FOUR,0.5932,0.0074,0.3994
HEARTS THREE DIAMONDS FOUR,0.6468,0.004,0.3492
DIAMONDS NINE CLUBS KING,0.6032,0.0052,0.3916
HEARTS ACE DIAMONDS JACK,0.2296,0.0958,0.6746
SPADES ACE DIAMONDS TWO,0.529,0.2258,0.2452
HEARTS QUEEN DIAMONDS JACK,0.558,0.0054,0.4366
SPADES QUEEN DIAMONDS TWO,0.6466,0.0026,0.3508
DIAMONDS JACK HEARTS KING,0.567,0.0026,0.4304
SPADES KING DIAMONDS TWO,0.6442,0.0028,0.353
SPADES JACK SPADES SEVEN,0.5824,0.0026,0.415
SPADES TEN SPADES SEVEN,0.5754,0.0042,0.4204
CLUBS SEVEN CLUBS THREE,0.6434,0.004,0.3526
CLUBS SIX CLUBS THREE,0.6272,0.003,0.3698
CLUBS FIVE CLUBS THREE,0.599,0.0048,0.3962
CLUBS THREE CLUBS FOUR,0.6204,0.004,0.3756
CLUBS NINE CLUBS THREE,0.614,0.0058,0.3802
CLUBS EIGHT CLUBS THREE,0.7152,0.0284,0.2564
CLUBS THREE SPADES FIVE,0.6386,0.0036,0.3578
CLUBS THREE SPADES FOUR,0.6396,0.0064,0.354
CLUBS THREE SPADES THREE,0.4754,0.0058,0.5188
CLUBS THREE SPADES TWO,0.659,0.007,0.334
CLUBS THREE SPADES SIX,0.6476,0.003,0.3494
CLUBS THREE SPADES SEVEN,0.6638,0.0042,0.332
SPADES EIGHT CLUBS THREE,0.7506,0.0298,0.2196
SPADES NINE CLUBS THREE,0.648,0.0042,0.3478
SPADES TWO DIAMONDS FOUR,0.6528,0.0058,0.3414
SPADES THREE DIAMONDS FOUR,0.6508,0.0044,0.3448
SPADES FOUR DIAMONDS FOUR,0.4754,0.0064,0.5182
SPADES FIVE DIAMONDS FOUR,0.6146,0.0044,0.381
SPADES SIX DIAMONDS FOUR,0.6338,0.0048,0.3614
SPADES SEVEN DIAMONDS FOUR,0.6426,0.0026,0.3548
SPADES EIGHT DIAMONDS FOUR,0.7376,0.0282,0.2342
SPADES NINE DIAMONDS FOUR,0.6464,0.003,0.3506
CLUBS FIVE DIAMONDS FOUR,0.6278,0.0062,0.366
CLUBS FOUR DIAMONDS FOUR,0.4646,0.005,0.5304
CLUBS SEVEN DIAMONDS FOUR,0.6526,0.0048,0.3426
CLUBS SIX DIAMONDS FOUR,0.6482,0.0052,0.3466
CLUBS NINE DIAMONDS FOUR,0.6544,0.004,0.3416
CLUBS EIGHT DIAMONDS FOUR,0.7408,0.025,0.2342
DIAMONDS FOUR HEARTS SEVEN,0.6424,0.003,0.3546
HEARTS SIX DIAMONDS FOUR,0.6478,0.0052,0.347
DIAMONDS FOUR HEARTS NINE,0.6542,0.0044,0.3414
CLUBS THREE DIAMONDS FOUR,0.6318,0.0056,0.3626
CLUBS TWO DIAMONDS FOUR,0.6612,0.0048,0.334
DIAMONDS TEN DIAMONDS FIVE,0.6006,0.0036,0.3958
DIAMONDS JACK DIAMONDS FIVE,0.588,0.0052,0.4068
DIAMONDS NINE HEARTS QUEEN,0.584,0.0038,0.4122
DIAMONDS NINE HEARTS KING,0.5974,0.0056,0.397
HEARTS ACE DIAMONDS NINE,0.2268,0.1774,0.5958
DIAMONDS NINE HEARTS TEN,0.5498,0.0042,0.446
DIAMONDS NINE HEARTS JACK,0.586,0.0036,0.4104
CLUBS KING DIAMONDS SIX,0.6478,0.003,0.3492
CLUBS QUEEN DIAMONDS SIX,0.6404,0.0032,0.3564
SPADES KING DIAMONDS FOUR,0.632,0.0026,0.3654
SPADES ACE SPADES SEVEN,0.5116,0.2174,0.271
SPADES QUEEN DIAMONDS FOUR,0.6234,0.004,0.3726
SPADES QUEEN SPADES SEVEN,0.599,0.0032,0.3978
CLUBS JACK DIAMONDS SIX,0.6482,0.004,0.3478
SPADES KING SPADES SEVEN,0.5994,0.0034,0.3972
SPADES ACE DIAMONDS FOUR,0.5168,0.225,0.2582
CLUBS TEN DIAMONDS SIX,0.6322,0.0034,0.3644
CLUBS NINE CLUBS FOUR,0.6224,0.0052,0.3724
CLUBS EIGHT CLUBS FOUR,0.7082,0.0298,0.262
SPADES JACK DIAMONDS FOUR,0.6436,0.0026,0.3538
SPADES TEN DIAMONDS FOUR,0.6302,0.0032,0.3666
CLUBS FIVE CLUBS FOUR,0.5902,0.006,0.4038
CLUBS SEVEN CLUBS FOUR,0.6298,0.0054,0.3648
CLUBS SIX CLUBS FOUR,0.6278,0.004,0.3682
CLUBS SEVEN SPADES EIGHT,0.7026,0.0236,0.2738
CLUBS SEVEN SPADES NINE,0.6144,0.0052,0.3804
CLUBS SEVEN SPADES SIX,0.638,0.0052,0.3568
CLUBS SEVEN SPADES SEVEN,0.4618,0.0024,0.5358
CLUBS SEVEN SPADES FIVE,0.652,0.0028,0.3452
CLUBS SEVEN SPADES FOUR,0.6578,0.0048,0.3374
CLUBS SEVEN SPADES THREE,0.6774,0.0048,0.3178
CLUBS SEVEN SPADES TWO,0.6796,0.0048,0.3156
CLUBS NINE CLUBS SEVEN,0.5838,0.0052,0.411
CLUBS SEVEN CLUBS EIGHT,0.6612,0.0282,0.3106
HEARTS SIX DIAMONDS FIVE,0.625,0.005,0.37
DIAMONDS FIVE HEARTS SEVEN,0.6356,0.0022,0.3622
DIAMONDS FIVE HEARTS NINE,0.6202,0.0042,0.3756
DIAMONDS QUEEN DIAMONDS FIVE,0.5878,0.0046,0.4076
HEARTS TWO DIAMONDS FIVE,0.6496,0.0034,0.347
DIAMONDS KING DIAMONDS FIVE,0.5876,0.0052,0.4072
HEARTS THREE DIAMONDS FIVE,0.6412,0.005,0.3538
DIAMONDS ACE DIAMONDS FIVE,0.494,0.1962,0.3098
HEARTS FOUR DIAMONDS FIVE,0.6342,0.0056,0.3602
HEARTS FIVE DIAMONDS FIVE,0.4628,0.0044,0.5328
CLUBS FOUR DIAMONDS FIVE,0.6206,0.0046,0.3748
CLUBS FIVE DIAMONDS FIVE,0.471,0.005,0.524
CLUBS SIX DIAMONDS FIVE,0.6332,0.006,0.3608
CLUBS SEVEN DIAMONDS FIVE,0.6308,0.0038,0.3654
CLUBS TWO DIAMONDS FIVE,0.6608,0.0034,0.3358
CLUBS THREE DIAMONDS FIVE,0.647,0.006,0.347
SPADES THREE DIAMONDS FIVE,0.624,0.0054,0.3706
SPADES TWO DIAMONDS FIVE,0.65,0.002,0.348
SPADES JACK DIAMONDS EIGHT,0.7188,0.0228,0.2584
SPADES FIVE DIAMONDS FIVE,0.4564,0.0042,0.5394
CLUBS TEN HEARTS JACK,0.5588,0.0046,0.4366
SPADES TEN DIAMONDS EIGHT,0.704,0.0202,0.2758
SPADES FOUR DIAMONDS FIVE,0.6304,0.003,0.3666
HEARTS JACK CLUBS JACK,0.3022,0.0056,0.6922
HEARTS JACK CLUBS QUEEN,0.5712,0.0042,0.4246
CLUBS NINE DIAMONDS FIVE,0.6364,0.004,0.3596
CLUBS KING HEARTS JACK,0.576,0.004,0.42
CLUBS EIGHT DIAMONDS FIVE,0.7166,0.0282,0.2552
SPADES SEVEN DIAMONDS FIVE,0.631,0.0034,0.3656
SPADES KING DIAMONDS EIGHT,0.7378,0.0242,0.238
SPADES QUEEN DIAMONDS EIGHT,0.7176,0.025,0.2574
SPADES SIX DIAMONDS FIVE,0.6292,0.0034,0.3674
SPADES NINE DIAMONDS FIVE,0.643,0.0032,0.3538
SPADES EIGHT DIAMONDS FIVE,0.7274,0.0254,0.2472
SPADES ACE DIAMONDS EIGHT,0.0206,0.9576,0.0218
DIAMONDS TEN DIAMONDS SIX,0.5918,0.0036,0.4046
HEARTS ACE DIAMONDS SEVEN,0.5402,0.2294,0.2304
DIAMONDS JACK DIAMONDS SIX,0.6002,0.0034,0.3964
HEARTS QUEEN DIAMONDS SEVEN,0.6506,0.0046,0.3448
HEARTS KING DIAMONDS SEVEN,0.6248,0.0048,0.3704
DIAMONDS ACE DIAMONDS SIX,0.5178,0.2146,0.2676
HEARTS FOUR DIAMONDS SIX,0.6392,0.003,0.3578
SPADES TWO HEARTS JACK,0.6336,0.0044,0.362
HEARTS FIVE DIAMONDS SIX,0.6234,0.0036,0.373
SPADES TWO HEARTS TEN,0.6362,0.003,0.3608
DIAMONDS QUEEN DIAMONDS SIX,0.6132,0.003,0.3838
HEARTS TWO DIAMONDS SIX,0.6596,0.0032,0.3372
DIAMONDS KING DIAMONDS SIX,0.595,0.003,0.402
HEARTS THREE DIAMONDS SIX,0.6658,0.0034,0.3308
HEARTS NINE DIAMONDS SIX,0.625,0.0038,0.3712
HEARTS SIX DIAMONDS SIX,0.4662,0.0034,0.5304
HEARTS SEVEN DIAMONDS SIX,0.625,0.004,0.371
HEARTS TEN DIAMONDS SEVEN,0.6096,0.0036,0.3868
CLUBS TWO DIAMONDS SIX,0.6646,0.0052,0.3302
HEARTS JACK DIAMONDS SEVEN,0.6306,0.0044,0.365
CLUBS THREE DIAMONDS SIX,0.666,0.004,0.33
CLUBS SEVEN DIAMONDS SIX,0.6408,0.0036,0.3556
DIAMONDS EIGHT CLUBS JACK,0.7174,0.0244,0.2582
CLUBS SIX DIAMONDS SIX,0.452,0.0032,0.5448
CLUBS TEN DIAMONDS EIGHT,0.696,0.0248,0.2792
CLUBS FIVE DIAMONDS SIX,0.6272,0.0034,0.3694
CLUBS FOUR DIAMONDS SIX,0.6494,0.006,0.3446
HEARTS ACE HEARTS JACK,0.2328,0.0898,0.6774
HEARTS QUEEN HEARTS JACK,0.5224,0.0044,0.4732
DIAMONDS EIGHT CLUBS KING,0.7466,0.026,0.2274
CLUBS NINE DIAMONDS SIX,0.6294,0.004,0.3666
HEARTS KING HEARTS JACK,0.5478,0.0036,0.4486
DIAMONDS EIGHT CLUBS QUEEN,0.7368,0.0218,0.2414
CLUBS EIGHT DIAMONDS SIX,0.7036,0.028,0.2684
SPADES TEN HEARTS KING,0.575,0.0036,0.4214
SPADES FIVE DIAMONDS SIX,0.628,0.0032,0.3688
HEARTS ACE SPADES TWO,0.5488,0.2216,0.2296
SPADES JACK HEARTS KING,0.5682,0.0044,0.4274
SPADES FOUR DIAMONDS SIX,0.631,0.0032,0.3658
SPADES THREE DIAMONDS SIX,0.6458,0.003,0.3512
HEARTS QUEEN SPADES TWO,0.6446,0.0058,0.3496
SPADES ACE SPADES KING,0.2334,0.0508,0.7158
HEARTS KING SPADES TWO,0.6474,0.005,0.3476
SPADES TWO DIAMONDS SIX,0.669,0.0038,0.3272
SPADES NINE DIAMONDS SIX,0.6284,0.0018,0.3698
SPADES EIGHT DIAMONDS SIX,0.7206,0.0212,0.2582
SPADES SEVEN DIAMONDS SIX,0.6276,0.0022,0.3702
SPADES SIX DIAMONDS SIX,0.4584,0.0024,0.5392
SPADES KING HEARTS KING,0.269,0.0032,0.7278
SPADES QUEEN HEARTS KING,0.5674,0.0058,0.4268
SPADES ACE HEARTS KING,0.2446,0.0526,0.7028
SPADES ACE HEARTS JACK,0.229,0.0784,0.6926
SPADES QUEEN HEARTS JACK,0.5654,0.003,0.4316
SPADES KING HEARTS JACK,0.5822,0.0062,0.4116
SPADES TEN DIAMONDS TEN,0.3228,0.0024,0.6748
SPADES JACK DIAMONDS TEN,0.5574,0.0024,0.4402
SPADES ACE DIAMONDS TEN,0.2392,0.1198,0.641
SPADES JACK HEARTS JACK,0.3056,0.0046,0.6898
SPADES TEN HEARTS JACK,0.548,0.0032,0.4488
SPADES QUEEN DIAMONDS TEN,0.5728,0.0026,0.4246
SPADES KING DIAMONDS TEN,0.5878,0.0048,0.4074
SPADES NINE DIAMONDS SEVEN,0.6244,0.0016,0.374
SPADES EIGHT DIAMONDS SEVEN,0.6868,0.0228,0.2904
SPADES SEVEN DIAMONDS SEVEN,0.4448,0.002,0.5532
SPADES SIX DIAMONDS SEVEN,0.6358,0.0018,0.3624
DIAMONDS KING DIAMONDS SEVEN,0.601,0.0044,0.3946
HEARTS THREE DIAMONDS SEVEN,0.673,0.0052,0.3218
HEARTS KING DIAMONDS FIVE,0.6166,0.0042,0.3792
DIAMONDS QUEEN DIAMONDS SEVEN,0.6018,0.0048,0.3934
HEARTS TWO DIAMONDS SEVEN,0.6806,0.0056,0.3138
HEARTS QUEEN DIAMONDS FIVE,0.6314,0.0052,0.3634
HEARTS FIVE DIAMONDS SEVEN,0.6562,0.005,0.3388
DIAMONDS ACE DIAMONDS SEVEN,0.5034,0.2118,0.2848
HEARTS FOUR DIAMONDS SEVEN,0.6524,0.005,0.3426
HEARTS ACE DIAMONDS FIVE,0.5236,0.228,0.2484
HEARTS SEVEN DIAMONDS SEVEN,0.4506,0.0032,0.5462
HEARTS SIX DIAMONDS SEVEN,0.6276,0.0034,0.369
DIAMONDS SEVEN HEARTS NINE,0.607,0.0044,0.3886
DIAMONDS JACK DIAMONDS SEVEN,0.5856,0.0048,0.4096
DIAMONDS FIVE HEARTS JACK,0.6264,0.0048,0.3688
DIAMONDS TEN DIAMONDS SEVEN,0.5818,0.0032,0.415
HEARTS TEN DIAMONDS FIVE,0.63,0.0028,0.3672
SPADES KING CLUBS TWO,0.645,0.0056,0.3494
HEARTS KING CLUBS KING,0.2914,0.0024,0.7062
CLUBS EIGHT DIAMONDS SEVEN,0.688,0.0196,0.2924
SPADES QUEEN CLUBS TWO,0.6434,0.0058,0.3508
HEARTS KING CLUBS QUEEN,0.5708,0.0062,0.423
CLUBS NINE DIAMONDS SEVEN,0.6114,0.0032,0.3854
SPADES TWO CLUBS JACK,0.6306,0.0052,0.3642
SPADES ACE CLUBS TWO,0.5232,0.232,0.2448
CLUBS TEN SPADES TWO,0.6426,0.005,0.3524
CLUBS SEVEN CLUBS SIX,0.6028,0.004,0.3932
SPADES TWO CLUBS KING,0.64,0.0048,0.3552
SPADES TWO DIAMONDS SEVEN,0.6674,0.004,0.3286
CLUBS EIGHT CLUBS SIX,0.676,0.026,0.298
SPADES THREE DIAMONDS SEVEN,0.6606,0.0034,0.336
SPADES TWO CLUBS QUEEN,0.6466,0.0048,0.3486
CLUBS NINE CLUBS SIX,0.595,0.0056,0.3994
SPADES FOUR DIAMONDS SEVEN,0.6508,0.0054,0.3438
HEARTS KING CLUBS JACK,0.5716,0.0034,0.425
SPADES FIVE DIAMONDS SEVEN,0.6308,0.0042,0.365
CLUBS TEN HEARTS KING,0.577,0.0056,0.4174
CLUBS SIX SPADES TWO,0.6778,0.0044,0.3178
CLUBS SIX SPADES THREE,0.6534,0.0036,0.343
CLUBS TWO DIAMONDS SEVEN,0.6788,0.0048,0.3164
CLUBS SIX SPADES FOUR,0.6444,0.005,0.3506
CLUBS THREE DIAMONDS SEVEN,0.6564,0.0026,0.341
CLUBS SIX SPADES FIVE,0.632,0.0052,0.3628
CLUBS FOUR DIAMONDS SEVEN,0.6556,0.0048,0.3396
CLUBS SIX SPADES SIX,0.4584,0.0044,0.5372
CLUBS FIVE DIAMONDS SEVEN,0.6522,0.0052,0.3426
CLUBS SIX SPADES SEVEN,0.6372,0.0032,0.3596
CLUBS SIX DIAMONDS SEVEN,0.6388,0.0026,0.3586
CLUBS SIX SPADES EIGHT,0.7162,0.027,0.2568
SPADES JACK CLUBS TWO,0.6516,0.0038,0.3446
CLUBS SEVEN DIAMONDS SEVEN,0.4534,0.004,0.5426
SPADES NINE CLUBS SIX,0.6292,0.0036,0.3672
SPADES TEN CLUBS TWO,0.6484,0.0046,0.347
CLUBS TWO CLUBS QUEEN,0.616,0.0038,0.3802
CLUBS TWO CLUBS KING,0.6098,0.0038,0.3864
CLUBS THREE DIAMONDS EIGHT,0.7586,0.0312,0.2102
CLUBS TWO DIAMONDS EIGHT,0.748,0.0316,0.2204
DIAMONDS EIGHT HEARTS SEVEN,0.691,0.0246,0.2844
HEARTS SIX DIAMONDS EIGHT,0.6998,0.03,0.2702
DIAMONDS EIGHT HEARTS NINE,0.6788,0.024,0.2972
CLUBS TEN CLUBS TWO,0.6094,0.0038,0.3868
CLUBS TWO CLUBS JACK,0.6238,0.0046,0.3716
CLUBS NINE DIAMONDS EIGHT,0.693,0.0208,0.2862
CLUBS EIGHT DIAMONDS EIGHT,0.3186,0.0296,0.6518
CLUBS FIVE DIAMONDS EIGHT,0.7294,0.0226,0.248
SPADES ACE SPADES THREE,0.4822,0.2264,0.2914
CLUBS FOUR DIAMONDS EIGHT,0.7358,0.031,0.2332
CLUBS SEVEN DIAMONDS EIGHT,0.696,0.0288,0.2752
SPADES QUEEN SPADES THREE,0.5958,0.0044,0.3998
CLUBS SIX DIAMONDS EIGHT,0.7048,0.027,0.2682
SPADES KING SPADES THREE,0.5894,0.006,0.4046
DIAMONDS QUEEN DIAMONDS EIGHT,0.6862,0.022,0.2918
HEARTS TWO DIAMONDS EIGHT,0.7516,0.0326,0.2158
DIAMONDS KING DIAMONDS EIGHT,0.7016,0.022,0.2764
HEARTS THREE DIAMONDS EIGHT,0.7466,0.0332,0.2202
DIAMONDS ACE DIAMONDS EIGHT,0.0216,0.9068,0.0716
HEARTS FOUR DIAMONDS EIGHT,0.7476,0.0316,0.2208
HEARTS FIVE DIAMONDS EIGHT,0.718,0.0252,0.2568
DIAMONDS EIGHT DIAMONDS TEN,0.659,0.0182,0.3228
DIAMONDS EIGHT DIAMONDS JACK,0.6658,0.021,0.3132
SPADES JACK SPADES THREE,0.5964,0.0052,0.3984
SPADES TEN SPADES THREE,0.6034,0.0034,0.3932
CLUBS FOUR HEARTS ACE,0.538,0.2378,0.2242
CLUBS FOUR HEARTS QUEEN,0.642,0.006,0.352
CLUBS FOUR HEARTS KING,0.6338,0.0056,0.3606
CLUBS SIX HEARTS TEN,0.6426,0.0044,0.353
CLUBS SIX HEARTS JACK,0.6426,0.0046,0.3528
DIAMONDS EIGHT SPADES FOUR,0.7316,0.0294,0.239
SPADES FIVE DIAMONDS EIGHT,0.697,0.0254,0.2776
DIAMONDS EIGHT SPADES TWO,0.7416,0.031,0.2274
DIAMONDS EIGHT SPADES THREE,0.7374,0.0302,0.2324
CLUBS FOUR HEARTS JACK,0.644,0.004,0.352
SPADES EIGHT DIAMONDS EIGHT,0.3046,0.0252,0.6702
SPADES TEN DIAMONDS QUEEN,0.5742,0.0026,0.4232
SPADES TEN HEARTS TWO,0.6632,0.0034,0.3334
CLUBS FOUR HEARTS TEN,0.634,0.0052,0.3608
SPADES NINE DIAMONDS EIGHT,0.6826,0.0182,0.2992
SPADES JACK HEARTS TWO,0.6376,0.0062,0.3562
SPADES JACK DIAMONDS QUEEN,0.5698,0.0042,0.426
SPADES SIX DIAMONDS EIGHT,0.7094,0.023,0.2676
SPADES SEVEN DIAMONDS EIGHT,0.6868,0.0272,0.286
SPADES ACE HEARTS TWO,0.5302,0.2356,0.2342
SPADES ACE DIAMONDS QUEEN,0.2472,0.0618,0.691
SPADES QUEEN HEARTS TWO,0.6322,0.006,0.3618
SPADES QUEEN DIAMONDS QUEEN,0.2968,0.0028,0.7004
SPADES KING DIAMONDS QUEEN,0.5708,0.0028,0.4264
SPADES KING HEARTS TWO,0.639,0.0048,0.3562
CLUBS TWO HEARTS TEN,0.6504,0.0052,0.3444
CLUBS TWO HEARTS JACK,0.6518,0.005,0.3432
SPADES SEVEN DIAMONDS NINE,0.6016,0.0026,0.3958
SPADES SIX DIAMONDS NINE,0.6234,0.004,0.3726
SPADES NINE DIAMONDS NINE,0.3292,0.0038,0.667
SPADES EIGHT DIAMONDS NINE,0.6814,0.0198,0.2988
SPADES TEN CLUBS KING,0.5862,0.0048,0.409
DIAMONDS NINE SPADES THREE,0.6452,0.0034,0.3514
SPADES JACK CLUBS KING,0.5766,0.0026,0.4208
DIAMONDS NINE SPADES TWO,0.621,0.0046,0.3744
DIAMONDS NINE SPADES FIVE,0.6308,0.002,0.3672
DIAMONDS NINE SPADES FOUR,0.6552,0.0032,0.3416
CLUBS NINE DIAMONDS NINE,0.328,0.0038,0.6682
CLUBS EIGHT DIAMONDS NINE,0.6946,0.018,0.2874
CLUBS SIX DIAMONDS NINE,0.6262,0.0048,0.369
SPADES JACK CLUBS FOUR,0.6348,0.005,0.3602
CLUBS SEVEN DIAMONDS NINE,0.6144,0.0036,0.382
SPADES TEN CLUBS FOUR,0.6398,0.0044,0.3558
CLUBS FOUR DIAMONDS NINE,0.6634,0.0042,0.3324
CLUBS FIVE DIAMONDS NINE,0.6334,0.0044,0.3622
DIAMONDS NINE CLUBS TWO,0.6474,0.0042,0.3484
CLUBS THREE DIAMONDS NINE,0.6506,0.0032,0.3462
DIAMONDS NINE HEARTS NINE,0.3226,0.0036,0.6738
HEARTS SIX DIAMONDS NINE,0.6412,0.0038,0.355
DIAMONDS NINE HEARTS SEVEN,0.6286,0.0032,0.3682
CLUBS NINE CLUBS EIGHT,0.6818,0.0232,0.295
DIAMONDS ACE DIAMONDS NINE,0.2094,0.1746,0.616
HEARTS FOUR DIAMONDS NINE,0.661,0.0044,0.3346
HEARTS FIVE DIAMONDS NINE,0.638,0.0056,0.3564
HEARTS ACE CLUBS TWO,0.5422,0.224,0.2338
SPADES ACE CLUBS FOUR,0.5158,0.246,0.2382
DIAMONDS QUEEN DIAMONDS NINE,0.5508,0.0034,0.4458
HEARTS TWO DIAMONDS NINE,0.6584,0.0046,0.337
CLUBS TWO HEARTS KING,0.6484,0.0046,0.347
SPADES KING CLUBS FOUR,0.6478,0.0046,0.3476
DIAMONDS KING DIAMONDS NINE,0.561,0.0046,0.4344
HEARTS THREE DIAMONDS NINE,0.666,0.0044,0.3296
CLUBS TWO HEARTS QUEEN,0.645,0.005,0.35
SPADES QUEEN CLUBS FOUR,0.6378,0.0042,0.358
DIAMONDS NINE DIAMONDS JACK,0.5402,0.0038,0.456
CLUBS EIGHT SPADES NINE,0.6914,0.0194,0.2892
DIAMONDS NINE DIAMONDS TEN,0.5322,0.0054,0.4624
CLUBS EIGHT SPADES EIGHT,0.2974,0.0294,0.6732
CLUBS EIGHT SPADES SEVEN,0.7006,0.0248,0.2746
CLUBS EIGHT SPADES SIX,0.7086,0.028,0.2634
CLUBS EIGHT SPADES FIVE,0.7134,0.029,0.2576
CLUBS EIGHT SPADES FOUR,0.7258,0.0302,0.244
CLUBS EIGHT SPADES THREE,0.7512,0.032,0.2168
CLUBS EIGHT SPADES TWO,0.7704,0.03,0.1996
HEARTS SIX DIAMONDS TEN,0.6294,0.0044,0.3662
DIAMONDS TEN HEARTS SEVEN,0.6218,0.0044,0.3738
CLUBS FOUR CLUBS JACK,0.6152,0.005,0.3798
DIAMONDS TEN HEARTS NINE,0.566,0.0038,0.4302
CLUBS TEN CLUBS FOUR,0.626,0.0038,0.3702
CLUBS FOUR CLUBS KING,0.6016,0.0034,0.395
CLUBS FOUR CLUBS QUEEN,0.6074,0.0052,0.3874
CLUBS TWO DIAMONDS TEN,0.649,0.0034,0.3476
CLUBS THREE DIAMONDS TEN,0.6368,0.004,0.3592
DIAMONDS JACK DIAMONDS TEN,0.5138,0.0036,0.4826
DIAMONDS QUEEN DIAMONDS TEN,0.533,0.0056,0.4614
HEARTS TWO DIAMONDS TEN,0.6322,0.0038,0.364
DIAMONDS KING DIAMONDS TEN,0.5294,0.0018,0.4688
HEARTS THREE DIAMONDS TEN,0.633,0.0036,0.3634
DIAMONDS ACE DIAMONDS TEN,0.2096,0.1216,0.6688
HEARTS FOUR DIAMONDS TEN,0.6304,0.003,0.3666
CLUBS EIGHT HEARTS JACK,0.7144,0.0238,0.2618
HEARTS FIVE DIAMONDS TEN,0.6432,0.0022,0.3546
CLUBS EIGHT HEARTS TEN,0.693,0.0236,0.2834
CLUBS EIGHT HEARTS QUEEN,0.735,0.0224,0.2426
CLUBS EIGHT HEARTS KING,0.7454,0.0268,0.2278
CLUBS EIGHT HEARTS ACE,0.0066,0.9866,0.0068
CLUBS NINE SPADES THREE,0.6482,0.0058,0.346
CLUBS NINE SPADES TWO,0.6586,0.0046,0.3368
CLUBS NINE SPADES FIVE,0.6458,0.0042,0.35
CLUBS NINE SPADES FOUR,0.6462,0.0052,0.3486
CLUBS NINE SPADES SEVEN,0.6176,0.0042,0.3782
CLUBS NINE SPADES SIX,0.6232,0.004,0.3728
CLUBS NINE SPADES NINE,0.3202,0.0034,0.6764
CLUBS NINE SPADES EIGHT,0.6902,0.0204,0.2894
SPADES KING CLUBS KING,0.291,0.005,0.704
SPADES QUEEN CLUBS KING,0.5832,0.0056,0.4112
SPADES ACE CLUBS KING,0.2596,0.0472,0.6932
DIAMONDS ACE HEARTS TEN,0.224,0.1268,0.6492
HEARTS FOUR HEARTS TEN,0.6062,0.0066,0.3872
DIAMONDS ACE HEARTS JACK,0.2398,0.0858,0.6744
HEARTS FOUR HEARTS JACK,0.5996,0.0066,0.3938
SPADES KING CLUBS FIVE,0.6362,0.0036,0.3602
SPADES QUEEN CLUBS FIVE,0.63,0.003,0.367
SPADES ACE CLUBS FIVE,0.5292,0.2256,0.2452
DIAMONDS JACK HEARTS SEVEN,0.639,0.0032,0.3578
HEARTS SIX DIAMONDS JACK,0.6444,0.0042,0.3514
DIAMONDS JACK HEARTS NINE,0.5856,0.0038,0.4106
DIAMONDS KING DIAMONDS JACK,0.5412,0.0034,0.4554
HEARTS THREE DIAMONDS JACK,0.6476,0.005,0.3474
SPADES ACE SPADES SIX,0.5086,0.2184,0.273
HEARTS ACE SPADES FOUR,0.5224,0.2368,0.2408
DIAMONDS QUEEN DIAMONDS JACK,0.527,0.0028,0.4702
HEARTS TWO DIAMONDS JACK,0.6436,0.0034,0.353
HEARTS FIVE DIAMONDS JACK,0.6378,0.0028,0.3594
SPADES QUEEN SPADES SIX,0.6066,0.0046,0.3888
SPADES FOUR HEARTS QUEEN,0.6328,0.004,0.3632
DIAMONDS ACE DIAMONDS JACK,0.2276,0.0834,0.689
HEARTS FOUR DIAMONDS JACK,0.6458,0.003,0.3512
SPADES KING SPADES SIX,0.6014,0.0054,0.3932
SPADES FOUR HEARTS KING,0.6288,0.0038,0.3674
SPADES TEN SPADES SIX,0.5878,0.0046,0.4076
SPADES JACK SPADES SIX,0.5964,0.0054,0.3982
SPADES FOUR DIAMONDS JACK,0.6366,0.0042,0.3592
SPADES FIVE DIAMONDS JACK,0.6364,0.004,0.3596
DIAMONDS JACK SPADES TWO,0.6464,0.0044,0.3492
DIAMONDS JACK SPADES THREE,0.6432,0.0038,0.353
SPADES ACE DIAMONDS THREE,0.5218,0.2312,0.247
SPADES QUEEN DIAMONDS THREE,0.6316,0.0046,0.3638
CLUBS EIGHT DIAMONDS JACK,0.7194,0.0244,0.2562
SPADES KING DIAMONDS THREE,0.6466,0.0026,0.3508
CLUBS NINE DIAMONDS JACK,0.5876,0.0052,0.4072
CLUBS SIX DIAMONDS JACK,0.6374,0.0038,0.3588
CLUBS SEVEN DIAMONDS JACK,0.639,0.0036,0.3574
CLUBS FOUR DIAMONDS JACK,0.6412,0.005,0.3538
CLUBS FIVE DIAMONDS JACK,0.639,0.003,0.358
CLUBS TWO DIAMONDS JACK,0.6474,0.0032,0.3494
CLUBS THREE DIAMONDS JACK,0.64,0.0042,0.3558
SPADES TEN CLUBS FIVE,0.6488,0.0052,0.346
HEARTS SIX SPADES JACK,0.6504,0.0026,0.347
HEARTS SIX SPADES TEN,0.6416,0.0022,0.3562
SPADES JACK CLUBS FIVE,0.635,0.0054,0.3596
SPADES JACK DIAMONDS THREE,0.6598,0.0054,0.3348
DIAMONDS THREE SPADES TEN,0.6374,0.0042,0.3584
CLUBS SEVEN CLUBS QUEEN,0.6172,0.0038,0.379
CLUBS SEVEN CLUBS KING,0.6094,0.0046,0.386
SPADES NINE DIAMONDS JACK,0.5808,0.004,0.4152
CLUBS TEN CLUBS SEVEN,0.6082,0.0058,0.386
DIAMONDS ACE HEARTS ACE,0.0576,0.015,0.9274
HEARTS FOUR HEARTS ACE,0.4918,0.2284,0.2798
SPADES EIGHT DIAMONDS JACK,0.707,0.0222,0.2708
SPADES ACE HEARTS SIX,0.5644,0.2212,0.2144
CLUBS SEVEN CLUBS JACK,0.602,0.0054,0.3926
DIAMONDS ACE HEARTS KING,0.2378,0.05,0.7122
HEARTS FOUR HEARTS KING,0.6098,0.003,0.3872
SPADES SEVEN DIAMONDS JACK,0.6304,0.0022,0.3674
SPADES KING HEARTS SIX,0.6392,0.004,0.3568
DIAMONDS ACE HEARTS QUEEN,0.2498,0.0584,0.6918
HEARTS FOUR HEARTS QUEEN,0.6036,0.0064,0.39
SPADES QUEEN HEARTS SIX,0.6408,0.003,0.3562
SPADES SIX DIAMONDS JACK,0.6378,0.003,0.3592
DIAMONDS TEN SPADES TWO,0.6304,0.0042,0.3654
SPADES THREE DIAMONDS TEN,0.6482,0.006,0.3458
SPADES FOUR DIAMONDS TEN,0.64,0.0042,0.3558
SPADES FIVE DIAMONDS TEN,0.6228,0.0026,0.3746
SPADES SIX DIAMONDS TEN,0.636,0.0036,0.3604
SPADES SEVEN DIAMONDS TEN,0.6262,0.0034,0.3704
SPADES EIGHT DIAMONDS TEN,0.6904,0.0202,0.2894
SPADES NINE DIAMONDS TEN,0.5656,0.0044,0.43
CLUBS FOUR DIAMONDS TEN,0.6356,0.0054,0.359
CLUBS FIVE DIAMONDS TEN,0.6406,0.0036,0.3558
CLUBS SIX DIAMONDS TEN,0.6352,0.004,0.3608
CLUBS SEVEN DIAMONDS TEN,0.6198,0.0038,0.3764
CLUBS EIGHT DIAMONDS TEN,0.7026,0.0208,0.2766
CLUBS NINE DIAMONDS TEN,0.578,0.0042,0.4178
DIAMONDS THREE CLUBS JACK,0.6486,0.0054,0.346
CLUBS TEN DIAMONDS THREE,0.6632,0.0036,0.3332
DIAMONDS THREE CLUBS KING,0.6424,0.0054,0.3522
DIAMONDS THREE CLUBS QUEEN,0.6286,0.004,0.3674
SPADES FOUR HEARTS JACK,0.6286,0.0054,0.366
SPADES FOUR HEARTS TEN,0.6328,0.0054,0.3618
SPADES FIVE SPADES TWO,0.5952,0.003,0.4018
SPADES FOUR SPADES TWO,0.6204,0.0066,0.373
SPADES THREE SPADES TWO,0.602,0.0056,0.3924
SPADES NINE SPADES TWO,0.6058,0.0032,0.391
SPADES EIGHT SPADES TWO,0.7064,0.0292,0.2644
SPADES SEVEN SPADES TWO,0.624,0.0034,0.3726
SPADES SIX SPADES TWO,0.6194,0.0062,0.3744
DIAMONDS QUEEN CLUBS THREE,0.6416,0.004,0.3544
CLUBS THREE HEARTS TWO,0.6634,0.0058,0.3308
DIAMONDS QUEEN CLUBS TWO,0.6496,0.0056,0.3448
HEARTS TWO CLUBS TWO,0.4848,0.005,0.5102
DIAMONDS QUEEN HEARTS SEVEN,0.65,0.005,0.345
HEARTS TWO HEARTS SEVEN,0.6494,0.006,0.3446
HEARTS SIX DIAMONDS QUEEN,0.6314,0.0032,0.3654
HEARTS SIX HEARTS TWO,0.6394,0.005,0.3556
DIAMONDS QUEEN HEARTS NINE,0.5758,0.0044,0.4198
HEARTS TWO HEARTS NINE,0.6126,0.0038,0.3836
CLUBS NINE HEARTS TWO,0.6584,0.0032,0.3384
CLUBS NINE DIAMONDS QUEEN,0.5892,0.0048,0.406
CLUBS EIGHT HEARTS TWO,0.7628,0.0332,0.204
CLUBS EIGHT DIAMONDS QUEEN,0.7304,0.0268,0.2428
CLUBS FIVE DIAMONDS QUEEN,0.64,0.004,0.356
CLUBS FIVE HEARTS TWO,0.6572,0.0044,0.3384
SPADES EIGHT HEARTS ACE,0.0094,0.9712,0.0194
DIAMONDS QUEEN CLUBS FOUR,0.648,0.0046,0.3474
HEARTS TWO CLUBS FOUR,0.6616,0.005,0.3334
CLUBS SEVEN DIAMONDS QUEEN,0.6438,0.0046,0.3516
CLUBS SEVEN HEARTS TWO,0.6908,0.0048,0.3044
SPADES EIGHT HEARTS QUEEN,0.7218,0.027,0.2512
CLUBS SIX DIAMONDS QUEEN,0.6368,0.0036,0.3596
CLUBS SIX HEARTS TWO,0.6676,0.006,0.3264
SPADES EIGHT HEARTS KING,0.7424,0.0274,0.2302
HEARTS TWO SPADES SIX,0.6752,0.004,0.3208
DIAMONDS QUEEN SPADES SIX,0.619,0.0026,0.3784
HEARTS FOUR CLUBS QUEEN,0.6414,0.005,0.3536
DIAMONDS ACE CLUBS QUEEN,0.2414,0.0638,0.6948
DIAMONDS QUEEN SPADES SEVEN,0.639,0.0028,0.3582
HEARTS TWO SPADES SEVEN,0.692,0.003,0.305
HEARTS FOUR CLUBS KING,0.6396,0.0048,0.3556
DIAMONDS ACE CLUBS KING,0.253,0.0524,0.6946
DIAMONDS QUEEN SPADES EIGHT,0.7288,0.0268,0.2444
SPADES EIGHT HEARTS TWO,0.7432,0.0312,0.2256
SPADES NINE DIAMONDS QUEEN,0.5884,0.0034,0.4082
SPADES NINE HEARTS TWO,0.6444,0.0038,0.3518
HEARTS TWO SPADES TWO,0.4684,0.0062,0.5254
DIAMONDS QUEEN SPADES TWO,0.6258,0.0046,0.3696
HEARTS TWO SPADES THREE,0.661,0.006,0.333
DIAMONDS QUEEN SPADES THREE,0.634,0.0042,0.3618
HEARTS TWO SPADES FOUR,0.6552,0.0056,0.3392
DIAMONDS QUEEN SPADES FOUR,0.6328,0.0042,0.363
HEARTS FOUR CLUBS TEN,0.6378,0.0054,0.3568
CLUBS TEN DIAMONDS ACE,0.2256,0.1276,0.6468
HEARTS TWO SPADES FIVE,0.6458,0.0048,0.3494
DIAMONDS QUEEN SPADES FIVE,0.6348,0.004,0.3612
HEARTS FOUR CLUBS JACK,0.6498,0.0056,0.3446
DIAMONDS ACE CLUBS JACK,0.237,0.0882,0.6748
CLUBS FIVE CLUBS KING,0.6108,0.008,0.3812
CLUBS FIVE CLUBS QUEEN,0.5954,0.0052,0.3994
CLUBS FIVE CLUBS JACK,0.6106,0.0046,0.3848
CLUBS TEN CLUBS FIVE,0.6164,0.0036,0.38
SPADES KING CLUBS JACK,0.566,0.0044,0.4296
SPADES QUEEN CLUBS JACK,0.5652,0.0032,0.4316
SPADES ACE CLUBS JACK,0.2446,0.0882,0.6672
SPADES SIX CLUBS KING,0.6414,0.0032,0.3554
SPADES SIX CLUBS QUEEN,0.631,0.0036,0.3654
SPADES EIGHT HEARTS JACK,0.7146,0.0272,0.2582
SPADES EIGHT HEARTS TEN,0.6948,0.0234,0.2818
SPADES SIX CLUBS JACK,0.6506,0.0036,0.3458
CLUBS TEN SPADES SIX,0.6344,0.0044,0.3612
SPADES TEN CLUBS JACK,0.5726,0.0046,0.4228
SPADES JACK CLUBS JACK,0.322,0.0038,0.6742
SPADES QUEEN CLUBS SEVEN,0.6554,0.0034,0.3412
SPADES KING CLUBS SEVEN,0.65,0.0042,0.3458
SPADES ACE CLUBS SEVEN,0.5452,0.227,0.2278
SPADES SIX HEARTS TEN,0.627,0.0032,0.3698
SPADES SIX HEARTS JACK,0.6274,0.0038,0.3688
SPADES SIX HEARTS ACE,0.5558,0.21,0.2342
SPADES SIX HEARTS KING,0.63,0.0034,0.3666
SPADES SIX HEARTS QUEEN,0.6528,0.0024,0.3448
CLUBS SEVEN SPADES JACK,0.6336,0.005,0.3614
CLUBS SEVEN SPADES TEN,0.6334,0.004,0.3626
CLUBS TEN HEARTS SIX,0.6298,0.0042,0.366
HEARTS SIX CLUBS JACK,0.6598,0.0036,0.3366
HEARTS SIX CLUBS QUEEN,0.635,0.006,0.359
HEARTS SIX CLUBS KING,0.6524,0.0028,0.3448
CLUBS QUEEN CLUBS JACK,0.5448,0.004,0.4512
CLUBS KING CLUBS JACK,0.5392,0.004,0.4568
DIAMONDS THREE HEARTS ACE,0.5266,0.2266,0.2468
DIAMONDS THREE HEARTS QUEEN,0.6408,0.003,0.3562
DIAMONDS THREE HEARTS KING,0.6312,0.0034,0.3654
CLUBS FIVE HEARTS JACK,0.6398,0.0056,0.3546
SPADES TEN DIAMONDS ACE,0.2342,0.119,0.6468
HEARTS FOUR SPADES TEN,0.651,0.0028,0.3462
CLUBS FIVE HEARTS TEN,0.6418,0.0044,0.3538
HEARTS FOUR SPADES JACK,0.632,0.0046,0.3634
SPADES JACK DIAMONDS ACE,0.245,0.0872,0.6678
SPADES ACE HEARTS FOUR,0.5108,0.2402,0.249
SPADES ACE DIAMONDS ACE,0.0614,0.0136,0.925
CLUBS FIVE HEARTS ACE,0.5438,0.232,0.2242
CLUBS FIVE HEARTS KING,0.6286,0.0064,0.365
HEARTS FOUR SPADES QUEEN,0.6574,0.0042,0.3384
SPADES QUEEN DIAMONDS ACE,0.246,0.0628,0.6912
SPADES FOUR CLUBS JACK,0.6322,0.0048,0.363
CLUBS FIVE HEARTS QUEEN,0.6296,0.0042,0.3662
SPADES KING DIAMONDS ACE,0.244,0.0502,0.7058
HEARTS FOUR SPADES KING,0.6346,0.0046,0.3608
CLUBS TEN SPADES FOUR,0.6406,0.0048,0.3546
DIAMONDS QUEEN DIAMONDS ACE,0.244,0.064,0.692
HEARTS TWO DIAMONDS ACE,0.5396,0.2302,0.2302
HEARTS FOUR DIAMONDS QUEEN,0.6344,0.0048,0.3608
HEARTS FOUR HEARTS TWO,0.6242,0.006,0.3698
DIAMONDS THREE HEARTS TEN,0.6472,0.0038,0.349
SPADES FOUR CLUBS KING,0.627,0.0034,0.3696
HEARTS FIVE DIAMONDS QUEEN,0.638,0.0034,0.3586
HEARTS FIVE HEARTS TWO,0.6248,0.0046,0.3706
DIAMONDS THREE HEARTS JACK,0.634,0.0046,0.3614
SPADES FOUR CLUBS QUEEN,0.641,0.0038,0.3552
DIAMONDS QUEEN HEARTS TWO,0.651,0.0046,0.3444
DIAMONDS KING DIAMONDS QUEEN,0.5348,0.0032,0.462
DIAMONDS KING HEARTS TWO,0.6414,0.0046,0.354
HEARTS THREE DIAMONDS QUEEN,0.6516,0.0044,0.344
HEARTS THREE HEARTS TWO,0.6296,0.0056,0.3648
HEARTS TWO CLUBS QUEEN,0.6558,0.0048,0.3394
DIAMONDS QUEEN CLUBS QUEEN,0.3026,0.0024,0.695
HEARTS TWO CLUBS KING,0.6348,0.0036,0.3616
DIAMONDS QUEEN CLUBS KING,0.5728,0.0052,0.422
SPADES EIGHT SPADES FIVE,0.6816,0.026,0.2924
CLUBS TEN HEARTS TWO,0.6518,0.0052,0.343
CLUBS TEN DIAMONDS QUEEN,0.5664,0.0052,0.4284
SPADES NINE SPADES FIVE,0.6002,0.0044,0.3954
HEARTS TWO CLUBS JACK,0.6598,0.0054,0.3348
DIAMONDS QUEEN CLUBS JACK,0.58,0.0074,0.4126
SPADES SIX SPADES FIVE,0.5858,0.0032,0.411
SPADES SEVEN SPADES FIVE,0.5998,0.004,0.3962
DIAMONDS FIVE CLUBS QUEEN,0.63,0.0034,0.3666
DIAMONDS FIVE CLUBS KING,0.6396,0.0062,0.3542
SPADES EIGHT CLUBS KING,0.7518,0.026,0.2222
SPADES EIGHT CLUBS QUEEN,0.7338,0.0228,0.2434
SPADES EIGHT CLUBS JACK,0.7118,0.023,0.2652
CLUBS TEN SPADES EIGHT,0.6898,0.0228,0.2874
CLUBS TEN DIAMONDS FIVE,0.644,0.0056,0.3504
DIAMONDS FIVE CLUBS JACK,0.6362,0.0048,0.359
DIAMONDS TEN HEARTS JACK,0.5622,0.005,0.4328
DIAMONDS TEN HEARTS TEN,0.3288,0.0018,0.6694
SPADES ACE CLUBS NINE,0.2362,0.1778,0.586
CLUBS NINE SPADES QUEEN,0.5958,0.0048,0.3994
CLUBS NINE SPADES KING,0.5942,0.0038,0.402
HEARTS SIX HEARTS KING,0.612,0.0048,0.3832
DIAMONDS KING SPADES SEVEN,0.6362,0.004,0.3598
HEARTS THREE SPADES SEVEN,0.6752,0.0046,0.3202
SPADES KING DIAMONDS SEVEN,0.6312,0.003,0.3658
HEARTS SIX HEARTS QUEEN,0.6084,0.0048,0.3868
SPADES QUEEN DIAMONDS SEVEN,0.6386,0.004,0.3574
