opposingHand,winningChance,drawChance,lostChance
HEARTS TWO DIAMONDS SEVEN
HEARTS SEVEN SPADES TWO,0.014,0.9708,0.0152
DIAMONDS TWO HEARTS THREE,0.543,0.199,0.258
SPADES ACE SPADES THREE,0.3198,0.0052,0.675
SPADES KING SPADES TEN,0.2922,0.007,0.7008
SPADES TEN CLUBS QUEEN,0.3258,0.0116,0.6626
DIAMONDS SIX HEARTS TEN,0.3344,0.0314,0.6342
SPADES TEN CLUBS SIX,0.3304,0.0272,0.6424
CLUBS TEN DIAMONDS QUEEN,0.3196,0.0116,0.6688
SPADES THREE DIAMONDS NINE,0.3552,0.048,0.5968
CLUBS SIX CLUBS ACE,0.3196,0.0044,0.676
HEARTS FIVE SPADES THREE,0.4822,0.1016,0.4162
SPADES KING SPADES JACK,0.3154,0.0072,0.6774
CLUBS SEVEN CLUBS KING,0.215,0.041,0.744
DIAMONDS TWO CLUBS QUEEN,0.2412,0.0362,0.7226
SPADES QUEEN CLUBS SEVEN,0.2268,0.044,0.7292
SPADES THREE DIAMONDS SIX,0.5016,0.0976,0.4008
HEARTS FOUR HEARTS KING,0.3352,0.0086,0.6562
CLUBS SIX DIAMONDS ACE,0.3464,0.0042,0.6494
CLUBS FIVE DIAMONDS KING,0.353,0.0082,0.6388
HEARTS SIX CLUBS FOUR,0.4854,0.1062,0.4084
CLUBS SIX DIAMONDS EIGHT,0.3136,0.0632,0.6232
SPADES QUEEN HEARTS TEN,0.3114,0.0108,0.6778
HEARTS SEVEN SPADES THREE,0.203,0.516,0.281
HEARTS FIVE SPADES EIGHT,0.3226,0.0618,0.6156
HEARTS EIGHT SPADES SEVEN,0.204,0.1508,0.6452
CLUBS FOUR HEARTS QUEEN,0.3424,0.0138,0.6438
HEARTS NINE DIAMONDS FOUR,0.3608,0.043,0.5962
HEARTS THREE DIAMONDS QUEEN,0.3464,0.017,0.6366
CLUBS JACK DIAMONDS EIGHT,0.3106,0.019,0.6704
HEARTS SEVEN DIAMONDS QUEEN,0.215,0.0548,0.7302
CLUBS EIGHT CLUBS FIVE,0.3182,0.0624,0.6194
CLUBS JACK HEARTS THREE,0.3428,0.0186,0.6386
HEARTS EIGHT DIAMONDS SIX,0.3118,0.0688,0.6194
SPADES SIX CLUBS THREE,0.4938,0.1058,0.4004
SPADES KING HEARTS JACK,0.3214,0.0062,0.6724
DIAMONDS JACK HEARTS TEN,0.3058,0.0146,0.6796
HEARTS EIGHT DIAMONDS NINE,0.282,0.0418,0.6762
CLUBS NINE CLUBS FIVE,0.3238,0.0422,0.634
HEARTS JACK CLUBS QUEEN,0.3062,0.0118,0.682
HEARTS SEVEN SPADES SIX,0.2006,0.3886,0.4108
SPADES SEVEN HEARTS KING,0.2242,0.0468,0.729
CLUBS TEN HEARTS FOUR,0.3464,0.0268,0.6268
DIAMONDS TEN DIAMONDS SIX,0.3158,0.0294,0.6548
SPADES TWO DIAMONDS SIX,0.5622,0.1872,0.2506
SPADES ACE CLUBS FIVE,0.329,0.004,0.667
SPADES SEVEN HEARTS NINE,0.216,0.112,0.672
SPADES QUEEN SPADES FOUR,0.3286,0.0132,0.6582
CLUBS SEVEN DIAMONDS FIVE,0.2078,0.4526,0.3396
HEARTS EIGHT HEARTS TEN,0.2878,0.0292,0.683
HEARTS FOUR SPADES NINE,0.3434,0.0418,0.6148
SPADES FIVE CLUBS ACE,0.343,0.0032,0.6538
DIAMONDS KING HEARTS KING,0.109,0.0146,0.8764
CLUBS JACK DIAMONDS THREE,0.3728,0.0174,0.6098
SPADES KING HEARTS NINE,0.323,0.0078,0.6692
DIAMONDS NINE DIAMONDS SIX,0.3108,0.0372,0.652
HEARTS SEVEN DIAMONDS KING,0.2098,0.0428,0.7474
SPADES THREE DIAMONDS EIGHT,0.3478,0.0696,0.5826
CLUBS SIX DIAMONDS TEN,0.3286,0.0284,0.643
CLUBS THREE DIAMONDS FOUR,0.4866,0.1062,0.4072
DIAMONDS TWO CLUBS FIVE,0.5402,0.1984,0.2614
SPADES SEVEN DIAMONDS NINE,0.212,0.1028,0.6852
CLUBS EIGHT CLUBS THREE,0.3338,0.0664,0.5998
SPADES NINE SPADES THREE,0.3242,0.0454,0.6304
CLUBS EIGHT DIAMONDS NINE,0.2906,0.0412,0.6682
SPADES TWO HEARTS NINE,0.23,0.1066,0.6634
SPADES KING HEARTS FOUR,0.353,0.0094,0.6376
SPADES FOUR HEARTS TEN,0.3414,0.0242,0.6344
CLUBS KING HEARTS NINE,0.321,0.0074,0.6716
HEARTS SEVEN HEARTS KING,0.2082,0.0454,0.7464
CLUBS THREE CLUBS ACE,0.322,0.0026,0.6754
DIAMONDS THREE HEARTS SEVEN,0.2058,0.5368,0.2574
SPADES ACE SPADES EIGHT,0.2868,0.0036,0.7096
SPADES ACE HEARTS TEN,0.3078,0.0048,0.6874
CLUBS SEVEN DIAMONDS QUEEN,0.2138,0.0586,0.7276
DIAMONDS ACE SPADES FOUR,0.3436,0.0066,0.6498
HEARTS FOUR DIAMONDS KING,0.341,0.0102,0.6488
HEARTS SIX HEARTS TEN,0.3202,0.0264,0.6534
CLUBS TWO DIAMONDS EIGHT,0.2252,0.1488,0.626
DIAMONDS ACE HEARTS KING,0.3054,0.006,0.6886
HEARTS EIGHT HEARTS FOUR,0.3206,0.0682,0.6112
HEARTS SIX SPADES SEVEN,0.2184,0.3762,0.4054
HEARTS KING DIAMONDS EIGHT,0.3052,0.0078,0.687
CLUBS TEN CLUBS KING,0.313,0.0068,0.6802
CLUBS TWO DIAMONDS FOUR,0.5394,0.2078,0.2528
SPADES FOUR DIAMONDS NINE,0.3452,0.043,0.6118
HEARTS SIX HEARTS NINE,0.3096,0.0458,0.6446
CLUBS EIGHT CLUBS SIX,0.3006,0.0572,0.6422
DIAMONDS QUEEN SPADES THREE,0.3502,0.015,0.6348
CLUBS FOUR CLUBS QUEEN,0.3252,0.014,0.6608
SPADES KING CLUBS ACE,0.3294,0.0018,0.6688
SPADES NINE HEARTS ACE,0.3096,0.0044,0.686
HEARTS FOUR HEARTS NINE,0.336,0.047,0.617
CLUBS THREE DIAMONDS NINE,0.3456,0.0528,0.6016
HEARTS ACE DIAMONDS FIVE,0.3376,0.0062,0.6562
CLUBS JACK SPADES FOUR,0.3558,0.0182,0.626
HEARTS THREE SPADES TWO,0.5408,0.2016,0.2576
SPADES SEVEN DIAMONDS TEN,0.22,0.0834,0.6966
CLUBS NINE HEARTS QUEEN,0.3158,0.0124,0.6718
DIAMONDS TEN HEARTS TEN,0.105,0.0506,0.8444
CLUBS FIVE SPADES THREE,0.4834,0.104,0.4126
HEARTS SEVEN DIAMONDS EIGHT,0.2018,0.1518,0.6464
DIAMONDS ACE DIAMONDS EIGHT,0.299,0.0072,0.6938
CLUBS EIGHT DIAMONDS KING,0.325,0.007,0.668
SPADES THREE HEARTS JACK,0.355,0.0174,0.6276
SPADES KING DIAMONDS NINE,0.3162,0.007,0.6768
HEARTS ACE DIAMONDS SIX,0.3532,0.0032,0.6436
SPADES THREE HEARTS TEN,0.3504,0.0322,0.6174
HEARTS SIX SPADES TEN,0.3484,0.0312,0.6204
CLUBS TEN DIAMONDS TWO,0.2508,0.067,0.6822
DIAMONDS TWO SPADES SEVEN,0.0152,0.973,0.0118
CLUBS QUEEN HEARTS NINE,0.3122,0.013,0.6748
DIAMONDS NINE DIAMONDS FOUR,0.3298,0.0472,0.623
HEARTS SEVEN SPADES QUEEN,0.214,0.0468,0.7392
HEARTS EIGHT DIAMONDS ACE,0.3112,0.0048,0.684
HEARTS SIX SPADES FIVE,0.4732,0.1046,0.4222
DIAMONDS TWO CLUBS ACE,0.2458,0.0102,0.744
CLUBS NINE CLUBS EIGHT,0.2682,0.0416,0.6902
HEARTS EIGHT DIAMONDS KING,0.3272,0.011,0.6618
CLUBS TWO HEARTS QUEEN,0.2422,0.0318,0.726
SPADES NINE SPADES FOUR,0.3172,0.0456,0.6372
HEARTS ACE CLUBS QUEEN,0.3224,0.0044,0.6732
SPADES NINE DIAMONDS ACE,0.3178,0.0056,0.6766
SPADES EIGHT DIAMONDS KING,0.3196,0.0082,0.6722
HEARTS ACE DIAMONDS NINE,0.3124,0.005,0.6826
SPADES JACK SPADES SEVEN,0.2154,0.061,0.7236
SPADES TEN DIAMONDS EIGHT,0.2912,0.0268,0.682
CLUBS SIX SPADES EIGHT,0.3104,0.0666,0.623
CLUBS JACK CLUBS THREE,0.3386,0.0216,0.6398
HEARTS FOUR DIAMONDS EIGHT,0.3394,0.0694,0.5912
DIAMONDS THREE SPADES TWO,0.5512,0.203,0.2458
HEARTS EIGHT SPADES TEN,0.3046,0.0288,0.6666
SPADES SEVEN DIAMONDS SIX,0.2216,0.3834,0.395
HEARTS SIX HEARTS KING,0.3346,0.0076,0.6578
DIAMONDS THREE HEARTS THREE,0.2378,0.1374,0.6248
HEARTS FIVE CLUBS SEVEN,0.2006,0.4466,0.3528
HEARTS SEVEN CLUBS ACE,0.2176,0.0296,0.7528
CLUBS FOUR SPADES FOUR,0.251,0.1176,0.6314
SPADES KING SPADES EIGHT,0.292,0.0056,0.7024
SPADES FOUR CLUBS QUEEN,0.3434,0.0134,0.6432
HEARTS SEVEN CLUBS SEVEN,0.0578,0.107,0.8352
SPADES JACK DIAMONDS ACE,0.3112,0.0042,0.6846
SPADES ACE CLUBS ACE,0.12,0.003,0.877
SPADES JACK HEARTS KING,0.3098,0.0082,0.682
CLUBS SEVEN HEARTS JACK,0.2186,0.0602,0.7212
DIAMONDS JACK SPADES FOUR,0.3532,0.0222,0.6246
CLUBS TEN SPADES TWO,0.2452,0.0704,0.6844
SPADES SIX HEARTS NINE,0.3238,0.044,0.6322
HEARTS FOUR DIAMONDS QUEEN,0.3446,0.0136,0.6418
SPADES QUEEN CLUBS TWO,0.2482,0.0358,0.716
CLUBS TEN SPADES TEN,0.1352,0.0598,0.805
SPADES SEVEN CLUBS ACE,0.2152,0.0332,0.7516
CLUBS TWO SPADES FOUR,0.5432,0.1856,0.2712
DIAMONDS THREE SPADES KING,0.355,0.0094,0.6356
CLUBS SEVEN SPADES THREE,0.2182,0.5032,0.2786
HEARTS SEVEN SPADES JACK,0.228,0.0628,0.7092
DIAMONDS ACE HEARTS TEN,0.3116,0.003,0.6854
HEARTS THREE SPADES SEVEN,0.213,0.5086,0.2784
CLUBS ACE HEARTS JACK,0.3178,0.0054,0.6768
DIAMONDS TWO DIAMONDS QUEEN,0.2238,0.033,0.7432
HEARTS SEVEN SPADES SEVEN,0.0562,0.1058,0.838
CLUBS TEN DIAMONDS EIGHT,0.302,0.0276,0.6704
HEARTS SIX DIAMONDS ACE,0.3456,0.0054,0.649
SPADES FIVE SPADES THREE,0.4596,0.097,0.4434
HEARTS SEVEN HEARTS FIVE,0.19,0.4234,0.3866
CLUBS JACK CLUBS TEN,0.29,0.0126,0.6974
SPADES JACK DIAMONDS FOUR,0.333,0.0214,0.6456
HEARTS EIGHT HEARTS KING,0.2954,0.0076,0.697
CLUBS THREE HEARTS QUEEN,0.359,0.015,0.626
HEARTS SEVEN HEARTS FOUR,0.2,0.4716,0.3284
CLUBS NINE HEARTS FOUR,0.3412,0.046,0.6128
SPADES KING DIAMONDS SIX,0.3456,0.0064,0.648
CLUBS EIGHT HEARTS NINE,0.2954,0.0414,0.6632
HEARTS FIVE HEARTS TEN,0.322,0.0282,0.6498
DIAMONDS TWO HEARTS TEN,0.233,0.0684,0.6986
DIAMONDS ACE DIAMONDS QUEEN,0.2994,0.0058,0.6948
CLUBS NINE SPADES NINE,0.1306,0.0704,0.799
CLUBS TWO HEARTS JACK,0.233,0.0474,0.7196
HEARTS THREE HEARTS QUEEN,0.326,0.0112,0.6628
CLUBS SEVEN DIAMONDS FOUR,0.2116,0.5012,0.2872
DIAMONDS THREE DIAMONDS TWO,0.5152,0.197,0.2878
HEARTS FIVE DIAMONDS SIX,0.4506,0.1086,0.4408
HEARTS EIGHT HEARTS SEVEN,0.2208,0.1408,0.6384
CLUBS TEN HEARTS SEVEN,0.2162,0.091,0.6928
SPADES SEVEN SPADES TWO,0.0206,0.9148,0.0646
HEARTS EIGHT CLUBS KING,0.3316,0.0098,0.6586
HEARTS SEVEN DIAMONDS JACK,0.213,0.0624,0.7246
CLUBS FIVE SPADES FIVE,0.236,0.1178,0.6462
SPADES QUEEN DIAMONDS SIX,0.3628,0.0132,0.624
CLUBS JACK HEARTS ACE,0.3114,0.0046,0.684
HEARTS EIGHT HEARTS FIVE,0.3082,0.0662,0.6256
SPADES QUEEN SPADES SEVEN,0.215,0.0492,0.7358
CLUBS EIGHT CLUBS SEVEN,0.2112,0.1352,0.6536
SPADES THREE HEARTS QUEEN,0.3358,0.016,0.6482
DIAMONDS QUEEN HEARTS JACK,0.3014,0.0098,0.6888
SPADES QUEEN DIAMONDS NINE,0.316,0.011,0.673
SPADES JACK DIAMONDS JACK,0.1246,0.0402,0.8352
SPADES ACE HEARTS EIGHT,0.315,0.0044,0.6806
SPADES SEVEN CLUBS QUEEN,0.2164,0.0482,0.7354
SPADES TEN SPADES NINE,0.2812,0.0268,0.692
SPADES QUEEN HEARTS FOUR,0.3542,0.0122,0.6336
DIAMONDS TWO HEARTS SIX,0.5588,0.2024,0.2388
CLUBS TEN HEARTS QUEEN,0.3198,0.0096,0.6706
CLUBS SEVEN CLUBS FIVE,0.1938,0.414,0.3922
CLUBS TEN CLUBS SEVEN,0.2144,0.0802,0.7054
SPADES FOUR HEARTS QUEEN,0.3554,0.0146,0.63
SPADES TEN CLUBS ACE,0.3168,0.0044,0.6788
SPADES FIVE SPADES TWO,0.505,0.1824,0.3126
SPADES KING CLUBS TWO,0.2476,0.0182,0.7342
DIAMONDS THREE HEARTS FIVE,0.4696,0.1138,0.4166
SPADES KING DIAMONDS FIVE,0.3556,0.008,0.6364
HEARTS SEVEN CLUBS THREE,0.2032,0.5194,0.2774
DIAMONDS JACK HEARTS QUEEN,0.302,0.0108,0.6872
HEARTS ACE HEARTS TEN,0.3088,0.0046,0.6866
SPADES FOUR DIAMONDS FOUR,0.2366,0.1298,0.6336
HEARTS FIVE HEARTS KING,0.3398,0.0094,0.6508
SPADES SIX DIAMONDS FIVE,0.4674,0.103,0.4296
SPADES TWO CLUBS ACE,0.236,0.0102,0.7538
CLUBS FIVE CLUBS THREE,0.4524,0.1058,0.4418
DIAMONDS THREE CLUBS TWO,0.5486,0.2052,0.2462
SPADES EIGHT DIAMONDS NINE,0.2842,0.036,0.6798
SPADES NINE HEARTS THREE,0.3494,0.0434,0.6072
CLUBS TEN HEARTS ACE,0.3082,0.0036,0.6882
CLUBS EIGHT CLUBS QUEEN,0.2932,0.013,0.6938
HEARTS THREE DIAMONDS ACE,0.3466,0.0056,0.6478
DIAMONDS ACE DIAMONDS KING,0.2984,0.0032,0.6984
CLUBS KING CLUBS QUEEN,0.2946,0.0064,0.699
DIAMONDS ACE HEARTS JACK,0.3192,0.0066,0.6742
DIAMONDS ACE CLUBS QUEEN,0.3148,0.0048,0.6804
CLUBS SIX HEARTS QUEEN,0.3512,0.0112,0.6376
CLUBS THREE HEARTS KING,0.35,0.0076,0.6424
SPADES EIGHT CLUBS THREE,0.3436,0.0618,0.5946
HEARTS SIX SPADES NINE,0.327,0.0412,0.6318
DIAMONDS THREE CLUBS ACE,0.3418,0.0056,0.6526
CLUBS EIGHT DIAMONDS JACK,0.2962,0.0216,0.6822
CLUBS SEVEN DIAMONDS TEN,0.2124,0.0884,0.6992
DIAMONDS JACK DIAMONDS SIX,0.3456,0.0174,0.637
CLUBS SIX SPADES SEVEN,0.2092,0.375,0.4158
SPADES FIVE HEARTS KING,0.3396,0.0102,0.6502
CLUBS NINE HEARTS TEN,0.2968,0.0262,0.677
SPADES THREE SPADES TWO,0.5106,0.1844,0.305
HEARTS EIGHT DIAMONDS FOUR,0.3346,0.0706,0.5948
CLUBS FIVE SPADES FOUR,0.4668,0.102,0.4312
CLUBS TEN CLUBS SIX,0.32,0.0272,0.6528
HEARTS FOUR DIAMONDS ACE,0.3216,0.0066,0.6718
SPADES SEVEN DIAMONDS JACK,0.2208,0.0636,0.7156
DIAMONDS TWO DIAMONDS NINE,0.2252,0.0962,0.6786
SPADES QUEEN SPADES TEN,0.2946,0.011,0.6944
HEARTS EIGHT HEARTS ACE,0.304,0.0042,0.6918
CLUBS EIGHT DIAMONDS FOUR,0.3342,0.069,0.5968
SPADES ACE SPADES JACK,0.2944,0.0034,0.7022
HEARTS FOUR HEARTS THREE,0.4608,0.094,0.4452
SPADES FIVE HEARTS NINE,0.337,0.0414,0.6216
CLUBS ACE HEARTS NINE,0.3214,0.0052,0.6734
HEARTS SEVEN HEARTS THREE,0.2028,0.4894,0.3078
DIAMONDS NINE HEARTS NINE,0.1124,0.0722,0.8154
SPADES JACK SPADES TEN,0.2862,0.013,0.7008
SPADES ACE CLUBS EIGHT,0.3172,0.0038,0.679
SPADES SEVEN HEARTS QUEEN,0.2294,0.0496,0.721
HEARTS THREE DIAMONDS TEN,0.3386,0.0308,0.6306
DIAMONDS JACK HEARTS KING,0.3118,0.0064,0.6818
SPADES NINE CLUBS THREE,0.3452,0.0484,0.6064
SPADES ACE HEARTS FIVE,0.3248,0.0062,0.669
SPADES NINE DIAMONDS FOUR,0.3502,0.0442,0.6056
DIAMONDS QUEEN HEARTS TEN,0.3144,0.0114,0.6742
DIAMONDS THREE DIAMONDS EIGHT,0.346,0.0702,0.5838
SPADES EIGHT CLUBS ACE,0.3206,0.004,0.6754
SPADES NINE DIAMONDS KING,0.3232,0.0086,0.6682
SPADES EIGHT HEARTS JACK,0.3184,0.0154,0.6662
SPADES KING HEARTS THREE,0.3492,0.0082,0.6426
SPADES QUEEN CLUBS FIVE,0.3412,0.0134,0.6454
SPADES TEN DIAMONDS QUEEN,0.3138,0.0142,0.672
DIAMONDS QUEEN CLUBS KING,0.3122,0.0076,0.6802
SPADES EIGHT CLUBS QUEEN,0.314,0.0118,0.6742
CLUBS FOUR DIAMONDS NINE,0.3456,0.0456,0.6088
HEARTS QUEEN HEARTS JACK,0.296,0.0096,0.6944
HEARTS TEN DIAMONDS FIVE,0.3522,0.0298,0.618
HEARTS FOUR HEARTS ACE,0.3204,0.0058,0.6738
DIAMONDS EIGHT CLUBS KING,0.3238,0.0094,0.6668
DIAMONDS NINE HEARTS QUEEN,0.3104,0.0118,0.6778
SPADES EIGHT SPADES THREE,0.3294,0.0632,0.6074
CLUBS TWO HEARTS ACE,0.2354,0.013,0.7516
CLUBS TWO SPADES TWO,0.2494,0.0794,0.6712
CLUBS SEVEN HEARTS ACE,0.2202,0.028,0.7518
CLUBS JACK SPADES SIX,0.3526,0.0182,0.6292
CLUBS TEN HEARTS NINE,0.2992,0.027,0.6738
HEARTS FIVE DIAMONDS FIVE,0.2368,0.1156,0.6476
CLUBS FOUR SPADES TWO,0.5428,0.19,0.2672
CLUBS EIGHT DIAMONDS FIVE,0.3318,0.0638,0.6044
DIAMONDS TWO CLUBS THREE,0.5436,0.2014,0.255
SPADES ACE SPADES SIX,0.3246,0.0056,0.6698
SPADES EIGHT CLUBS KING,0.3274,0.0088,0.6638
CLUBS EIGHT HEARTS QUEEN,0.3078,0.0106,0.6816
CLUBS SIX SPADES THREE,0.4802,0.1062,0.4136
CLUBS NINE SPADES JACK,0.3168,0.0132,0.67
DIAMONDS THREE CLUBS QUEEN,0.3474,0.0142,0.6384
DIAMONDS NINE SPADES TWO,0.229,0.0972,0.6738
SPADES TEN SPADES SEVEN,0.2072,0.0814,0.7114
SPADES ACE HEARTS SIX,0.3402,0.0042,0.6556
SPADES QUEEN HEARTS FIVE,0.34,0.0122,0.6478
SPADES KING CLUBS TEN,0.309,0.0066,0.6844
SPADES TEN CLUBS FIVE,0.3416,0.0284,0.63
HEARTS JACK DIAMONDS FOUR,0.3538,0.0192,0.627
SPADES NINE CLUBS FIVE,0.3472,0.042,0.6108
SPADES TEN HEARTS THREE,0.349,0.0272,0.6238
CLUBS JACK HEARTS QUEEN,0.3038,0.0106,0.6856
SPADES KING CLUBS THREE,0.3606,0.0084,0.631
SPADES QUEEN SPADES JACK,0.298,0.0096,0.6924
SPADES SEVEN CLUBS TWO,0.0212,0.9582,0.0206
HEARTS SEVEN DIAMONDS SIX,0.2002,0.3804,0.4194
DIAMONDS JACK DIAMONDS FIVE,0.3278,0.0226,0.6496
DIAMONDS TWO DIAMONDS EIGHT,0.2284,0.1344,0.6372
DIAMONDS THREE DIAMONDS NINE,0.3262,0.0486,0.6252
SPADES QUEEN SPADES SIX,0.3186,0.0118,0.6696
SPADES EIGHT CLUBS TWO,0.2326,0.146,0.6214
DIAMONDS TWO DIAMONDS ACE,0.2338,0.013,0.7532
SPADES QUEEN CLUBS KING,0.3208,0.0062,0.673
SPADES JACK SPADES TWO,0.2286,0.051,0.7204
HEARTS THREE HEARTS ACE,0.3164,0.0044,0.6792
CLUBS FIVE HEARTS TEN,0.3526,0.029,0.6184
CLUBS EIGHT HEARTS ACE,0.3124,0.0038,0.6838
SPADES SEVEN DIAMONDS EIGHT,0.2066,0.149,0.6444
CLUBS SIX CLUBS KING,0.3394,0.0058,0.6548
SPADES JACK HEARTS FIVE,0.3448,0.016,0.6392
HEARTS FOUR CLUBS FOUR,0.2292,0.117,0.6538
SPADES KING HEARTS QUEEN,0.3246,0.0072,0.6682
CLUBS SIX CLUBS FIVE,0.436,0.0936,0.4704
HEARTS QUEEN HEARTS NINE,0.2978,0.0112,0.691
DIAMONDS TWO SPADES THREE,0.5428,0.2012,0.256
CLUBS SIX SPADES TWO,0.5582,0.1984,0.2434
CLUBS EIGHT DIAMONDS ACE,0.3128,0.004,0.6832
SPADES SEVEN SPADES FOUR,0.1946,0.4672,0.3382
HEARTS FOUR SPADES FIVE,0.4666,0.1058,0.4276
CLUBS THREE SPADES THREE,0.2426,0.1294,0.628
CLUBS KING DIAMONDS FOUR,0.3506,0.0102,0.6392
CLUBS FIVE DIAMONDS NINE,0.328,0.0402,0.6318
HEARTS EIGHT DIAMONDS EIGHT,0.1218,0.0768,0.8014
CLUBS NINE HEARTS SIX,0.332,0.0456,0.6224
HEARTS EIGHT DIAMONDS THREE,0.3464,0.0768,0.5768
SPADES EIGHT SPADES FIVE,0.3038,0.0654,0.6308
HEARTS EIGHT DIAMONDS TWO,0.2228,0.1452,0.632
SPADES SIX DIAMONDS QUEEN,0.3408,0.0114,0.6478
CLUBS NINE DIAMONDS FOUR,0.3376,0.0432,0.6192
SPADES SIX DIAMONDS NINE,0.3286,0.0416,0.6298
CLUBS JACK SPADES THREE,0.3576,0.0254,0.617
SPADES KING SPADES FIVE,0.3232,0.0112,0.6656
DIAMONDS SIX CLUBS QUEEN,0.3534,0.0108,0.6358
DIAMONDS THREE SPADES QUEEN,0.3552,0.0146,0.6302
CLUBS NINE DIAMONDS QUEEN,0.3188,0.0142,0.667
DIAMONDS KING DIAMONDS FOUR,0.3344,0.0072,0.6584
SPADES FOUR DIAMONDS FIVE,0.4694,0.1112,0.4194
CLUBS TWO HEARTS NINE,0.23,0.1014,0.6686
HEARTS SIX HEARTS JACK,0.3406,0.0168,0.6426
HEARTS KING CLUBS QUEEN,0.306,0.0054,0.6886
DIAMONDS JACK DIAMONDS NINE,0.286,0.0178,0.6962
DIAMONDS TWO SPADES TWO,0.2494,0.0782,0.6724
HEARTS TEN CLUBS QUEEN,0.311,0.0098,0.6792
DIAMONDS TWO CLUBS SEVEN,0.0168,0.9746,0.0086
DIAMONDS QUEEN HEARTS QUEEN,0.1172,0.0342,0.8486
DIAMONDS KING DIAMONDS FIVE,0.3322,0.0102,0.6576
SPADES NINE CLUBS KING,0.314,0.0066,0.6794
SPADES TEN DIAMONDS KING,0.3218,0.0078,0.6704
SPADES TEN DIAMONDS NINE,0.2884,0.0244,0.6872
SPADES FIVE HEARTS QUEEN,0.344,0.0146,0.6414
HEARTS ACE CLUBS ACE,0.1208,0.0028,0.8764
CLUBS TEN SPADES SEVEN,0.2238,0.077,0.6992
DIAMONDS KING SPADES SIX,0.3438,0.0104,0.6458
SPADES FIVE DIAMONDS TEN,0.3422,0.028,0.6298
SPADES JACK CLUBS FIVE,0.3506,0.0172,0.6322
CLUBS EIGHT SPADES EIGHT,0.1278,0.0834,0.7888
CLUBS JACK CLUBS ACE,0.2994,0.0038,0.6968
SPADES QUEEN CLUBS ACE,0.3192,0.0032,0.6776
CLUBS TEN SPADES EIGHT,0.3082,0.0278,0.664
CLUBS SIX SPADES FIVE,0.4708,0.1012,0.428
SPADES FOUR HEARTS ACE,0.34,0.0042,0.6558
HEARTS ACE HEARTS KING,0.3008,0.005,0.6942
SPADES SEVEN HEARTS JACK,0.2174,0.0646,0.718
SPADES ACE CLUBS SIX,0.3464,0.0024,0.6512
DIAMONDS NINE CLUBS KING,0.3132,0.009,0.6778
HEARTS SIX DIAMONDS EIGHT,0.3098,0.0674,0.6228
SPADES QUEEN CLUBS NINE,0.3328,0.0104,0.6568
DIAMONDS THREE DIAMONDS SIX,0.48,0.0974,0.4226
SPADES QUEEN SPADES THREE,0.3402,0.0116,0.6482
SPADES QUEEN SPADES TWO,0.2296,0.0358,0.7346
HEARTS ACE HEARTS NINE,0.2984,0.0046,0.697
HEARTS KING DIAMONDS NINE,0.3096,0.0098,0.6806
DIAMONDS TWO HEARTS QUEEN,0.2392,0.0358,0.725
HEARTS SEVEN SPADES NINE,0.2152,0.111,0.6738
SPADES JACK DIAMONDS FIVE,0.3438,0.0186,0.6376
HEARTS FIVE CLUBS FIVE,0.2278,0.1138,0.6584
SPADES ACE HEARTS ACE,0.119,0.0032,0.8778
SPADES TEN HEARTS KING,0.3136,0.006,0.6804
CLUBS SIX DIAMONDS FIVE,0.4704,0.1034,0.4262
DIAMONDS KING DIAMONDS TEN,0.3088,0.0064,0.6848
CLUBS NINE DIAMONDS TEN,0.288,0.0238,0.6882
HEARTS KING HEARTS NINE,0.2978,0.0078,0.6944
SPADES KING CLUBS FOUR,0.345,0.0058,0.6492
SPADES TEN CLUBS SEVEN,0.2264,0.0876,0.686
CLUBS JACK SPADES TWO,0.2412,0.0482,0.7106
SPADES ACE SPADES QUEEN,0.2994,0.0046,0.696
CLUBS NINE SPADES SEVEN,0.2254,0.1066,0.668
DIAMONDS QUEEN DIAMONDS FIVE,0.333,0.0138,0.6532
SPADES ACE DIAMONDS QUEEN,0.3144,0.0042,0.6814
CLUBS EIGHT HEARTS TEN,0.3056,0.0252,0.6692
SPADES ACE DIAMONDS THREE,0.3442,0.0048,0.651
CLUBS NINE SPADES THREE,0.3372,0.042,0.6208
HEARTS EIGHT CLUBS THREE,0.35,0.0628,0.5872
DIAMONDS EIGHT CLUBS ACE,0.3214,0.0052,0.6734
DIAMONDS TEN HEARTS NINE,0.285,0.0228,0.6922
SPADES QUEEN DIAMONDS EIGHT,0.3158,0.01,0.6742
DIAMONDS TWO SPADES TEN,0.2412,0.0658,0.693
SPADES JACK CLUBS TWO,0.244,0.0468,0.7092
SPADES NINE DIAMONDS EIGHT,0.2818,0.0464,0.6718
CLUBS SEVEN DIAMONDS ACE,0.2182,0.0314,0.7504
SPADES NINE CLUBS QUEEN,0.3224,0.009,0.6686
HEARTS THREE SPADES FOUR,0.4752,0.1084,0.4164
HEARTS SEVEN DIAMONDS TEN,0.208,0.0908,0.7012
SPADES SEVEN HEARTS ACE,0.2216,0.0296,0.7488
CLUBS THREE HEARTS NINE,0.3474,0.0468,0.6058
DIAMONDS KING HEARTS JACK,0.3224,0.0068,0.6708
HEARTS FIVE SPADES SIX,0.4644,0.1032,0.4324
SPADES FOUR HEARTS NINE,0.3414,0.0512,0.6074
HEARTS KING SPADES TWO,0.248,0.0216,0.7304
SPADES EIGHT SPADES SIX,0.3074,0.058,0.6346
CLUBS SEVEN SPADES FIVE,0.2168,0.4406,0.3426
HEARTS FOUR DIAMONDS SIX,0.4816,0.1038,0.4146
HEARTS SEVEN HEARTS TEN,0.2146,0.0744,0.711
HEARTS EIGHT CLUBS EIGHT,0.1196,0.0786,0.8018
HEARTS FOUR CLUBS THREE,0.4752,0.1094,0.4154
HEARTS SEVEN DIAMONDS NINE,0.2126,0.1112,0.6762
HEARTS FOUR DIAMONDS FIVE,0.4712,0.1048,0.424
CLUBS FOUR HEARTS JACK,0.3492,0.0184,0.6324
SPADES KING SPADES FOUR,0.324,0.0086,0.6674
SPADES FIVE DIAMONDS NINE,0.3236,0.0406,0.6358
DIAMONDS TEN DIAMONDS FOUR,0.3362,0.0254,0.6384
SPADES SEVEN CLUBS THREE,0.219,0.508,0.273
SPADES SIX CLUBS QUEEN,0.3552,0.0152,0.6296
HEARTS EIGHT CLUBS FIVE,0.3186,0.0734,0.608
SPADES NINE DIAMONDS JACK,0.3136,0.0188,0.6676
SPADES KING HEARTS SIX,0.3482,0.008,0.6438
DIAMONDS TWO DIAMONDS FIVE,0.5172,0.1946,0.2882
SPADES JACK SPADES FOUR,0.3328,0.0188,0.6484
SPADES QUEEN HEARTS THREE,0.3508,0.015,0.6342
CLUBS JACK DIAMONDS FOUR,0.3492,0.0196,0.6312
HEARTS FOUR DIAMONDS JACK,0.345,0.0176,0.6374
SPADES SIX DIAMONDS TEN,0.3374,0.0312,0.6314
SPADES ACE DIAMONDS TWO,0.2504,0.0104,0.7392
DIAMONDS KING HEARTS ACE,0.311,0.005,0.684
CLUBS ACE DIAMONDS FOUR,0.3456,0.0064,0.648
DIAMONDS QUEEN DIAMONDS NINE,0.3064,0.014,0.6796
CLUBS SIX SPADES SIX,0.2362,0.106,0.6578
CLUBS NINE DIAMONDS KING,0.3224,0.007,0.6706
CLUBS FOUR DIAMONDS QUEEN,0.3428,0.0142,0.643
CLUBS TEN CLUBS FOUR,0.3228,0.0292,0.648
HEARTS FIVE HEARTS JACK,0.3364,0.0226,0.641
HEARTS EIGHT CLUBS ACE,0.3134,0.006,0.6806
CLUBS FOUR DIAMONDS FOUR,0.2506,0.1236,0.6258
CLUBS EIGHT DIAMONDS TEN,0.3012,0.0248,0.674
SPADES EIGHT SPADES FOUR,0.3168,0.0646,0.6186
SPADES KING SPADES SEVEN,0.2052,0.0394,0.7554
SPADES QUEEN CLUBS FOUR,0.3498,0.013,0.6372
CLUBS SIX HEARTS KING,0.345,0.007,0.648
HEARTS JACK DIAMONDS SIX,0.353,0.0198,0.6272
SPADES JACK DIAMONDS NINE,0.3066,0.0168,0.6766
SPADES QUEEN DIAMONDS FIVE,0.3508,0.0128,0.6364
HEARTS ACE DIAMONDS TEN,0.3054,0.005,0.6896
DIAMONDS EIGHT HEARTS NINE,0.2792,0.0428,0.678
SPADES TEN HEARTS FOUR,0.3462,0.0298,0.624
CLUBS NINE CLUBS SEVEN,0.1994,0.1062,0.6944
SPADES QUEEN SPADES NINE,0.3036,0.0126,0.6838
CLUBS JACK DIAMONDS NINE,0.3108,0.0198,0.6694
DIAMONDS THREE CLUBS TEN,0.3576,0.0318,0.6106
HEARTS FOUR CLUBS TWO,0.5248,0.2062,0.269
SPADES ACE DIAMONDS JACK,0.3212,0.0054,0.6734
CLUBS TEN SPADES NINE,0.3054,0.026,0.6686
HEARTS KING HEARTS TEN,0.3032,0.006,0.6908
SPADES ACE CLUBS TWO,0.2342,0.0126,0.7532
CLUBS EIGHT SPADES TWO,0.2414,0.1336,0.625
SPADES SIX CLUBS KING,0.3552,0.008,0.6368
CLUBS EIGHT SPADES FOUR,0.3278,0.0676,0.6046
HEARTS SEVEN CLUBS SIX,0.208,0.3852,0.4068
DIAMONDS EIGHT DIAMONDS SIX,0.301,0.058,0.641
SPADES QUEEN CLUBS THREE,0.3602,0.015,0.6248
CLUBS KING HEARTS TEN,0.3128,0.0078,0.6794
CLUBS JACK SPADES JACK,0.1366,0.0462,0.8172
HEARTS FIVE DIAMONDS TEN,0.3418,0.0252,0.633
HEARTS EIGHT HEARTS NINE,0.2848,0.037,0.6782
CLUBS TEN HEARTS KING,0.3182,0.0048,0.677
HEARTS SIX HEARTS ACE,0.3368,0.0062,0.657
HEARTS SEVEN CLUBS FOUR,0.1986,0.504,0.2974
DIAMONDS QUEEN CLUBS QUEEN,0.1186,0.0334,0.848
DIAMONDS TWO CLUBS SIX,0.5666,0.1896,0.2438
CLUBS TEN SPADES JACK,0.3072,0.0142,0.6786
CLUBS SEVEN SPADES NINE,0.2204,0.1044,0.6752
CLUBS FOUR DIAMONDS FIVE,0.4744,0.1032,0.4224
HEARTS SIX CLUBS THREE,0.491,0.1078,0.4012
DIAMONDS TWO SPADES FOUR,0.5416,0.187,0.2714
CLUBS NINE CLUBS QUEEN,0.2806,0.0114,0.708
SPADES FIVE HEARTS JACK,0.3442,0.0208,0.635
SPADES KING CLUBS KING,0.1278,0.0186,0.8536
DIAMONDS KING HEARTS QUEEN,0.3044,0.0082,0.6874
DIAMONDS ACE CLUBS TWO,0.2332,0.0134,0.7534
SPADES EIGHT DIAMONDS EIGHT,0.1226,0.0846,0.7928
CLUBS EIGHT CLUBS KING,0.304,0.0082,0.6878
CLUBS JACK CLUBS EIGHT,0.2816,0.0194,0.699
CLUBS SIX HEARTS JACK,0.3412,0.0198,0.639
SPADES ACE DIAMONDS EIGHT,0.3064,0.0044,0.6892
HEARTS JACK HEARTS NINE,0.2988,0.0158,0.6854
DIAMONDS THREE CLUBS SIX,0.4994,0.0966,0.404
CLUBS EIGHT HEARTS FIVE,0.329,0.062,0.609
DIAMONDS TWO CLUBS TWO,0.2496,0.0826,0.6678
DIAMONDS THREE CLUBS SEVEN,0.214,0.5132,0.2728
HEARTS FIVE HEARTS QUEEN,0.3362,0.014,0.6498
CLUBS FOUR DIAMONDS SIX,0.4942,0.1024,0.4034
SPADES EIGHT DIAMONDS FOUR,0.3302,0.068,0.6018
SPADES JACK CLUBS KING,0.3272,0.0074,0.6654
DIAMONDS QUEEN DIAMONDS FOUR,0.3294,0.013,0.6576
SPADES KING HEARTS SEVEN,0.2146,0.0486,0.7368
SPADES JACK DIAMONDS SIX,0.3486,0.021,0.6304
DIAMONDS ACE DIAMONDS SIX,0.3298,0.0052,0.665
SPADES TEN CLUBS TWO,0.2366,0.0732,0.6902
SPADES SIX DIAMONDS FOUR,0.485,0.1044,0.4106
CLUBS TWO SPADES THREE,0.5404,0.198,0.2616
SPADES TEN HEARTS TEN,0.1296,0.0612,0.8092
SPADES ACE CLUBS THREE,0.3462,0.004,0.6498
DIAMONDS TWO HEARTS NINE,0.235,0.1028,0.6622
SPADES FOUR SPADES THREE,0.4472,0.1008,0.452
SPADES ACE DIAMONDS ACE,0.1144,0.0036,0.882
CLUBS ACE DIAMONDS SIX,0.3446,0.0044,0.651
SPADES JACK HEARTS NINE,0.3046,0.0174,0.678
DIAMONDS KING DIAMONDS EIGHT,0.3036,0.0092,0.6872
DIAMONDS THREE CLUBS KING,0.3498,0.01,0.6402
DIAMONDS JACK SPADES THREE,0.3536,0.0222,0.6242
SPADES TEN SPADES EIGHT,0.2738,0.0226,0.7036
HEARTS QUEEN DIAMONDS EIGHT,0.3078,0.0102,0.682
HEARTS SIX DIAMONDS NINE,0.3242,0.042,0.6338
HEARTS KING CLUBS ACE,0.3292,0.004,0.6668
DIAMONDS THREE SPADES THREE,0.2384,0.1194,0.6422
SPADES KING DIAMONDS ACE,0.3268,0.0046,0.6686
HEARTS EIGHT HEARTS SIX,0.3074,0.0622,0.6304
SPADES QUEEN DIAMONDS QUEEN,0.1208,0.0304,0.8488
CLUBS FOUR HEARTS ACE,0.3478,0.008,0.6442
HEARTS ACE HEARTS QUEEN,0.297,0.005,0.698
DIAMONDS ACE SPADES SIX,0.3326,0.0062,0.6612
CLUBS THREE DIAMONDS JACK,0.3404,0.0214,0.6382
SPADES TEN SPADES FIVE,0.328,0.027,0.645
HEARTS ACE HEARTS JACK,0.3166,0.006,0.6774
HEARTS SEVEN HEARTS SIX,0.203,0.3584,0.4386
DIAMONDS KING CLUBS TWO,0.2308,0.0262,0.743
DIAMONDS ACE DIAMONDS JACK,0.3076,0.005,0.6874
CLUBS NINE SPADES SIX,0.3352,0.0502,0.6146
HEARTS SEVEN CLUBS KING,0.213,0.046,0.741
HEARTS SEVEN DIAMONDS FIVE,0.2046,0.4604,0.335
DIAMONDS QUEEN DIAMONDS TEN,0.2886,0.0128,0.6986
SPADES TEN SPADES THREE,0.3156,0.0318,0.6526
CLUBS TEN HEARTS SIX,0.3328,0.0246,0.6426
CLUBS JACK DIAMONDS JACK,0.1278,0.0442,0.828
DIAMONDS JACK CLUBS ACE,0.3116,0.0054,0.683
DIAMONDS FIVE CLUBS QUEEN,0.347,0.013,0.64
HEARTS FOUR SPADES SIX,0.4638,0.103,0.4332
SPADES KING DIAMONDS FOUR,0.3424,0.011,0.6466
CLUBS NINE DIAMONDS NINE,0.1198,0.07,0.8102
SPADES TEN DIAMONDS JACK,0.3036,0.0166,0.6798
CLUBS EIGHT HEARTS FOUR,0.3406,0.068,0.5914
CLUBS SEVEN DIAMONDS SIX,0.2068,0.376,0.4172
HEARTS FOUR DIAMONDS TEN,0.3306,0.0332,0.6362
CLUBS THREE DIAMONDS TEN,0.3576,0.0278,0.6146
DIAMONDS TWO CLUBS EIGHT,0.2216,0.1416,0.6368
CLUBS TEN DIAMONDS NINE,0.3058,0.0236,0.6706
DIAMONDS QUEEN SPADES FOUR,0.3466,0.0146,0.6388
CLUBS TEN SPADES FOUR,0.346,0.028,0.626
DIAMONDS TWO CLUBS NINE,0.2482,0.0942,0.6576
HEARTS SIX DIAMONDS QUEEN,0.3372,0.0136,0.6492
SPADES ACE CLUBS TEN,0.3282,0.0044,0.6674
CLUBS EIGHT SPADES SEVEN,0.219,0.1404,0.6406
DIAMONDS KING DIAMONDS SIX,0.3258,0.0092,0.665
HEARTS FIVE DIAMONDS QUEEN,0.3314,0.0138,0.6548
CLUBS SEVEN CLUBS TWO,0.0184,0.9086,0.073
HEARTS QUEEN CLUBS KING,0.327,0.0084,0.6646
CLUBS TEN DIAMONDS FIVE,0.3544,0.03,0.6156
DIAMONDS TWO DIAMONDS SIX,0.5426,0.1858,0.2716
HEARTS EIGHT HEARTS THREE,0.3404,0.0676,0.592
SPADES NINE HEARTS NINE,0.1252,0.063,0.8118
SPADES EIGHT HEARTS KING,0.3222,0.0078,0.67
DIAMONDS THREE DIAMONDS TEN,0.3292,0.0266,0.6442
CLUBS QUEEN DIAMONDS FOUR,0.358,0.0142,0.6278
CLUBS SEVEN HEARTS QUEEN,0.2268,0.0478,0.7254
SPADES TEN HEARTS QUEEN,0.3042,0.011,0.6848
CLUBS JACK DIAMONDS KING,0.3064,0.008,0.6856
CLUBS JACK CLUBS FOUR,0.336,0.02,0.644
CLUBS SEVEN HEARTS KING,0.2182,0.0408,0.741
SPADES FIVE DIAMONDS FOUR,0.4814,0.1048,0.4138
CLUBS JACK CLUBS KING,0.2944,0.0076,0.698
SPADES KING SPADES QUEEN,0.3004,0.0062,0.6934
HEARTS QUEEN DIAMONDS FIVE,0.3396,0.0152,0.6452
DIAMONDS TEN DIAMONDS FIVE,0.326,0.0296,0.6444
CLUBS FOUR SPADES THREE,0.4792,0.1094,0.4114
CLUBS THREE HEARTS TEN,0.3586,0.0302,0.6112
SPADES KING CLUBS QUEEN,0.3298,0.0066,0.6636
DIAMONDS THREE CLUBS EIGHT,0.3516,0.07,0.5784
CLUBS THREE HEARTS ACE,0.3374,0.0068,0.6558
CLUBS ACE DIAMONDS FIVE,0.3398,0.0064,0.6538
SPADES FIVE CLUBS KING,0.3518,0.0096,0.6386
DIAMONDS FIVE HEARTS NINE,0.3268,0.0446,0.6286
DIAMONDS NINE DIAMONDS FIVE,0.3234,0.0358,0.6408
HEARTS THREE HEARTS NINE,0.3444,0.039,0.6166
CLUBS NINE SPADES TWO,0.2412,0.1028,0.656
CLUBS NINE DIAMONDS EIGHT,0.2878,0.0394,0.6728
DIAMONDS TWO SPADES EIGHT,0.242,0.14,0.618
DIAMONDS TEN SPADES THREE,0.3454,0.0336,0.621
DIAMONDS KING CLUBS THREE,0.3502,0.0102,0.6396
SPADES KING HEARTS ACE,0.3248,0.0052,0.67
CLUBS TEN CLUBS THREE,0.3188,0.0314,0.6498
HEARTS SIX CLUBS QUEEN,0.3482,0.0174,0.6344
DIAMONDS JACK HEARTS NINE,0.3086,0.0156,0.6758
SPADES THREE CLUBS QUEEN,0.3528,0.0156,0.6316
CLUBS NINE CLUBS THREE,0.3444,0.0456,0.61
DIAMONDS TWO HEARTS FIVE,0.54,0.2038,0.2562
SPADES EIGHT SPADES TWO,0.2164,0.1234,0.6602
SPADES JACK SPADES NINE,0.296,0.0158,0.6882
SPADES JACK SPADES EIGHT,0.2906,0.0182,0.6912
HEARTS SEVEN HEARTS NINE,0.2034,0.1116,0.685
SPADES SIX SPADES THREE,0.4678,0.0978,0.4344
CLUBS SEVEN CLUBS FOUR,0.2066,0.476,0.3174
CLUBS JACK CLUBS SEVEN,0.2122,0.065,0.7228
DIAMONDS TWO CLUBS KING,0.2444,0.024,0.7316
CLUBS JACK HEARTS FOUR,0.3506,0.0174,0.632
CLUBS TWO HEARTS TEN,0.2342,0.0714,0.6944
CLUBS FOUR SPADES FIVE,0.4726,0.1058,0.4216
HEARTS SEVEN DIAMONDS TWO,0.0066,0.9888,0.0046
SPADES JACK CLUBS SEVEN,0.228,0.0596,0.7124
CLUBS FOUR CLUBS THREE,0.4504,0.1014,0.4482
CLUBS THREE DIAMONDS QUEEN,0.3508,0.016,0.6332
HEARTS EIGHT HEARTS QUEEN,0.3004,0.0128,0.6868
HEARTS FIVE SPADES TEN,0.3458,0.0304,0.6238
HEARTS FOUR CLUBS FIVE,0.4688,0.1024,0.4288
HEARTS QUEEN DIAMONDS SIX,0.3474,0.0124,0.6402
DIAMONDS TEN CLUBS ACE,0.3002,0.0048,0.695
HEARTS SEVEN SPADES FIVE,0.1994,0.4616,0.339
HEARTS SIX DIAMONDS TEN,0.3338,0.0316,0.6346
CLUBS SEVEN SPADES SEVEN,0.0624,0.1044,0.8332
DIAMONDS FIVE DIAMONDS FOUR,0.4502,0.099,0.4508
HEARTS THREE DIAMONDS NINE,0.3468,0.0512,0.602
DIAMONDS QUEEN DIAMONDS SIX,0.3406,0.0136,0.6458
CLUBS JACK CLUBS FIVE,0.3318,0.0196,0.6486
HEARTS SIX HEARTS THREE,0.4626,0.0988,0.4386
HEARTS FOUR CLUBS SIX,0.4846,0.1046,0.4108
SPADES TWO DIAMONDS FOUR,0.5434,0.1986,0.258
HEARTS THREE DIAMONDS SIX,0.5058,0.109,0.3852
SPADES ACE CLUBS FOUR,0.3488,0.0064,0.6448
DIAMONDS QUEEN CLUBS ACE,0.3122,0.0056,0.6822
CLUBS NINE HEARTS NINE,0.1266,0.0638,0.8096
SPADES EIGHT DIAMONDS ACE,0.3118,0.0052,0.683
HEARTS SIX CLUBS FIVE,0.4776,0.108,0.4144
CLUBS ACE CLUBS KING,0.3034,0.0046,0.692
DIAMONDS TEN CLUBS QUEEN,0.315,0.0136,0.6714
HEARTS SEVEN HEARTS ACE,0.1996,0.0288,0.7716
DIAMONDS JACK DIAMONDS TEN,0.2914,0.0134,0.6952
CLUBS TEN HEARTS THREE,0.3596,0.03,0.6104
DIAMONDS NINE CLUBS QUEEN,0.3224,0.013,0.6646
CLUBS JACK CLUBS NINE,0.2962,0.0192,0.6846
CLUBS SIX HEARTS ACE,0.343,0.0046,0.6524
SPADES KING DIAMONDS TEN,0.3164,0.0088,0.6748
SPADES ACE SPADES NINE,0.2958,0.0068,0.6974
CLUBS SIX DIAMONDS QUEEN,0.3374,0.0142,0.6484
CLUBS FIVE CLUBS FOUR,0.447,0.0982,0.4548
CLUBS EIGHT HEARTS JACK,0.3136,0.0178,0.6686
SPADES TEN SPADES SIX,0.3244,0.0234,0.6522
CLUBS FIVE SPADES SIX,0.4724,0.1,0.4276
SPADES QUEEN DIAMONDS FOUR,0.3602,0.0114,0.6284
SPADES JACK CLUBS SIX,0.3564,0.0204,0.6232
CLUBS JACK HEARTS JACK,0.1128,0.0408,0.8464
CLUBS SIX DIAMONDS FOUR,0.4938,0.109,0.3972
SPADES SEVEN DIAMONDS QUEEN,0.2252,0.0502,0.7246
CLUBS NINE CLUBS KING,0.2948,0.0078,0.6974
HEARTS FIVE SPADES SEVEN,0.2014,0.4354,0.3632
CLUBS FIVE DIAMONDS QUEEN,0.3416,0.0138,0.6446
SPADES FIVE CLUBS QUEEN,0.3402,0.0122,0.6476
SPADES QUEEN SPADES FIVE,0.3156,0.014,0.6704
SPADES NINE SPADES SIX,0.2978,0.0432,0.659
HEARTS SEVEN SPADES FOUR,0.2054,0.505,0.2896
SPADES KING SPADES THREE,0.341,0.0104,0.6486
CLUBS EIGHT DIAMONDS QUEEN,0.3222,0.0124,0.6654
HEARTS SEVEN CLUBS FIVE,0.2052,0.4422,0.3526
SPADES EIGHT HEARTS NINE,0.2934,0.0392,0.6674
HEARTS EIGHT SPADES QUEEN,0.3278,0.011,0.6612
CLUBS SIX DIAMONDS KING,0.343,0.0086,0.6484
HEARTS FIVE SPADES TWO,0.5402,0.2032,0.2566
CLUBS JACK DIAMONDS QUEEN,0.3098,0.012,0.6782
HEARTS SIX CLUBS KING,0.3492,0.0054,0.6454
HEARTS THREE DIAMONDS EIGHT,0.338,0.0648,0.5972
DIAMONDS TEN DIAMONDS NINE,0.2834,0.0228,0.6938
SPADES FIVE DIAMONDS SIX,0.4676,0.107,0.4254
HEARTS KING HEARTS JACK,0.3026,0.006,0.6914
DIAMONDS QUEEN SPADES TWO,0.2382,0.037,0.7248
SPADES KING DIAMONDS QUEEN,0.3176,0.0084,0.674
CLUBS NINE HEARTS THREE,0.342,0.0542,0.6038
HEARTS SIX DIAMONDS KING,0.3322,0.0116,0.6562
DIAMONDS NINE CLUBS ACE,0.3204,0.0062,0.6734
DIAMONDS ACE HEARTS QUEEN,0.314,0.0064,0.6796
SPADES QUEEN HEARTS SIX,0.3454,0.014,0.6406
CLUBS TEN SPADES FIVE,0.3608,0.0252,0.614
HEARTS FOUR SPADES EIGHT,0.3404,0.071,0.5886
DIAMONDS TWO SPADES SIX,0.571,0.197,0.232
HEARTS FIVE CLUBS ACE,0.3248,0.0048,0.6704
HEARTS FIVE CLUBS SIX,0.4554,0.1028,0.4418
HEARTS KING DIAMONDS FIVE,0.353,0.0106,0.6364
CLUBS TEN CLUBS TWO,0.2308,0.073,0.6962
HEARTS SEVEN CLUBS QUEEN,0.2226,0.0448,0.7326
SPADES TEN HEARTS JACK,0.3006,0.0166,0.6828
DIAMONDS ACE DIAMONDS NINE,0.2926,0.0052,0.7022
HEARTS SIX HEARTS FIVE,0.451,0.0976,0.4514
SPADES ACE HEARTS QUEEN,0.3232,0.0044,0.6724
SPADES KING DIAMONDS JACK,0.3258,0.0074,0.6668
HEARTS EIGHT SPADES THREE,0.3484,0.066,0.5856
HEARTS EIGHT CLUBS TWO,0.2344,0.1358,0.6298
CLUBS THREE SPADES TWO,0.5496,0.1898,0.2606
CLUBS SEVEN DIAMONDS NINE,0.2084,0.1126,0.679
HEARTS FOUR SPADES FOUR,0.2334,0.1234,0.6432
SPADES EIGHT HEARTS QUEEN,0.3164,0.0132,0.6704
HEARTS FIVE DIAMONDS KING,0.3442,0.0122,0.6436
DIAMONDS KING DIAMONDS NINE,0.3118,0.0094,0.6788
HEARTS THREE SPADES FIVE,0.483,0.1046,0.4124
HEARTS SIX SPADES TWO,0.5676,0.1796,0.2528
CLUBS SIX DIAMONDS SIX,0.2408,0.1028,0.6564
SPADES SEVEN DIAMONDS KING,0.2196,0.0414,0.739
SPADES EIGHT DIAMONDS FIVE,0.3278,0.065,0.6072
CLUBS SEVEN CLUBS QUEEN,0.2132,0.0452,0.7416
SPADES FIVE HEARTS TEN,0.3532,0.0312,0.6156
SPADES SIX SPADES FOUR,0.4638,0.0938,0.4424
SPADES FOUR CLUBS ACE,0.3206,0.0048,0.6746
SPADES TEN DIAMONDS ACE,0.3204,0.0038,0.6758
SPADES NINE CLUBS SIX,0.3274,0.0426,0.63
DIAMONDS ACE SPADES THREE,0.3322,0.006,0.6618
SPADES KING SPADES SIX,0.3368,0.0084,0.6548
HEARTS EIGHT SPADES EIGHT,0.1258,0.0818,0.7924
CLUBS THREE CLUBS KING,0.3352,0.007,0.6578
SPADES KING DIAMONDS TWO,0.2458,0.0246,0.7296
CLUBS SEVEN CLUBS THREE,0.209,0.4742,0.3168
HEARTS TEN HEARTS NINE,0.2908,0.0234,0.6858
SPADES QUEEN HEARTS NINE,0.3142,0.0102,0.6756
DIAMONDS THREE HEARTS KING,0.3538,0.0112,0.635
CLUBS THREE CLUBS QUEEN,0.3342,0.0122,0.6536
DIAMONDS THREE CLUBS NINE,0.3554,0.0482,0.5964
SPADES FOUR CLUBS KING,0.3718,0.009,0.6192
SPADES SEVEN SPADES THREE,0.2024,0.4804,0.3172
HEARTS THREE CLUBS KING,0.354,0.0104,0.6356
CLUBS NINE DIAMONDS SIX,0.339,0.0516,0.6094
CLUBS EIGHT CLUBS FOUR,0.315,0.0674,0.6176
DIAMONDS THREE SPADES JACK,0.3622,0.0232,0.6146
CLUBS NINE CLUBS FOUR,0.3236,0.0394,0.637
SPADES NINE SPADES SEVEN,0.2006,0.1114,0.688
CLUBS JACK SPADES EIGHT,0.3148,0.0188,0.6664
HEARTS THREE CLUBS QUEEN,0.341,0.0132,0.6458
DIAMONDS QUEEN HEARTS KING,0.3158,0.0064,0.6778
SPADES QUEEN HEARTS ACE,0.3106,0.0058,0.6836
HEARTS SIX CLUBS TWO,0.5598,0.2008,0.2394
SPADES FIVE DIAMONDS EIGHT,0.3232,0.0704,0.6064
CLUBS TWO CLUBS KING,0.22,0.0226,0.7574
HEARTS THREE DIAMONDS KING,0.3394,0.012,0.6486
SPADES FOUR SPADES TWO,0.5096,0.1936,0.2968
CLUBS FIVE CLUBS ACE,0.305,0.005,0.69
HEARTS FIVE CLUBS QUEEN,0.3446,0.0142,0.6412
DIAMONDS JACK HEARTS ACE,0.3096,0.0038,0.6866
SPADES TEN HEARTS NINE,0.3054,0.0258,0.6688
HEARTS FIVE SPADES NINE,0.3412,0.0444,0.6144
CLUBS TEN SPADES THREE,0.3542,0.027,0.6188
HEARTS FIVE DIAMONDS NINE,0.3358,0.0442,0.62
SPADES EIGHT CLUBS FIVE,0.3296,0.068,0.6024
CLUBS JACK DIAMONDS TWO,0.2502,0.0496,0.7002
DIAMONDS QUEEN SPADES FIVE,0.3532,0.0134,0.6334
CLUBS JACK CLUBS TWO,0.2236,0.048,0.7284
HEARTS FOUR CLUBS QUEEN,0.337,0.01,0.653
DIAMONDS SIX DIAMONDS FIVE,0.4458,0.1016,0.4526
DIAMONDS QUEEN HEARTS ACE,0.3192,0.0048,0.676
HEARTS ACE DIAMONDS EIGHT,0.3002,0.0044,0.6954
HEARTS EIGHT SPADES KING,0.3198,0.0062,0.674
CLUBS JACK HEARTS SEVEN,0.2132,0.0632,0.7236
DIAMONDS KING DIAMONDS JACK,0.2976,0.0084,0.694
CLUBS TEN DIAMONDS FOUR,0.3538,0.032,0.6142
SPADES TEN HEARTS ACE,0.3188,0.0042,0.677
SPADES TWO DIAMONDS FIVE,0.5238,0.2124,0.2638
DIAMONDS TWO HEARTS FOUR,0.536,0.206,0.258
HEARTS EIGHT SPADES JACK,0.3122,0.0178,0.67
SPADES QUEEN DIAMONDS KING,0.3278,0.0076,0.6646
CLUBS TEN DIAMONDS ACE,0.3212,0.0056,0.6732
HEARTS THREE SPADES SIX,0.4848,0.1052,0.41
DIAMONDS THREE DIAMONDS JACK,0.3428,0.0216,0.6356
HEARTS FIVE CLUBS KING,0.3384,0.0068,0.6548
SPADES ACE CLUBS KING,0.329,0.0048,0.6662
HEARTS FIVE DIAMONDS JACK,0.3378,0.0198,0.6424
CLUBS THREE DIAMONDS EIGHT,0.3408,0.0718,0.5874
SPADES TEN CLUBS KING,0.3192,0.0088,0.672
DIAMONDS THREE DIAMONDS FOUR,0.4536,0.1032,0.4432
SPADES FOUR DIAMONDS EIGHT,0.3322,0.0694,0.5984
SPADES NINE HEARTS KING,0.3134,0.0074,0.6792
DIAMONDS THREE SPADES NINE,0.352,0.045,0.603
DIAMONDS THREE SPADES FIVE,0.482,0.1034,0.4146
CLUBS SEVEN DIAMONDS KING,0.2188,0.0398,0.7414
CLUBS FIVE CLUBS TWO,0.4998,0.1906,0.3096
HEARTS THREE DIAMONDS FOUR,0.478,0.116,0.406
SPADES JACK CLUBS ACE,0.3272,0.0026,0.6702
SPADES JACK CLUBS QUEEN,0.3172,0.0086,0.6742
CLUBS TEN HEARTS JACK,0.304,0.016,0.68
SPADES JACK HEARTS THREE,0.3494,0.0204,0.6302
SPADES QUEEN HEARTS KING,0.3156,0.0096,0.6748
HEARTS ACE DIAMONDS FOUR,0.329,0.0068,0.6642
SPADES TEN SPADES FOUR,0.3338,0.0284,0.6378
CLUBS SIX HEARTS NINE,0.3384,0.04,0.6216
DIAMONDS THREE HEARTS QUEEN,0.3462,0.013,0.6408
SPADES SEVEN SPADES SIX,0.193,0.3588,0.4482
DIAMONDS TWO DIAMONDS KING,0.2186,0.0272,0.7542
CLUBS TEN CLUBS NINE,0.2964,0.0204,0.6832
SPADES JACK DIAMONDS KING,0.3092,0.0094,0.6814
SPADES ACE DIAMONDS FOUR,0.3496,0.005,0.6454
SPADES JACK CLUBS EIGHT,0.324,0.0184,0.6576
CLUBS JACK DIAMONDS FIVE,0.3478,0.0216,0.6306
CLUBS NINE DIAMONDS ACE,0.3192,0.0056,0.6752
CLUBS EIGHT SPADES NINE,0.3006,0.0416,0.6578
HEARTS FIVE CLUBS THREE,0.4786,0.1106,0.4108
DIAMONDS SIX CLUBS KING,0.352,0.0066,0.6414
HEARTS SEVEN CLUBS NINE,0.2154,0.1038,0.6808
CLUBS TEN DIAMONDS SIX,0.3422,0.028,0.6298
SPADES EIGHT DIAMONDS QUEEN,0.312,0.0148,0.6732
CLUBS FOUR DIAMONDS EIGHT,0.3308,0.0692,0.6
HEARTS SIX HEARTS QUEEN,0.3288,0.0126,0.6586
DIAMONDS JACK CLUBS QUEEN,0.317,0.012,0.671
HEARTS QUEEN CLUBS ACE,0.326,0.003,0.671
SPADES ACE HEARTS JACK,0.308,0.005,0.687
CLUBS SIX CLUBS QUEEN,0.3258,0.0112,0.663
CLUBS SEVEN DIAMONDS JACK,0.2238,0.0556,0.7206
SPADES JACK HEARTS FOUR,0.3414,0.0172,0.6414
HEARTS EIGHT CLUBS TEN,0.2862,0.0238,0.69
SPADES QUEEN CLUBS EIGHT,0.3176,0.0102,0.6722
CLUBS TWO HEARTS KING,0.2342,0.0234,0.7424
HEARTS THREE SPADES EIGHT,0.3522,0.0698,0.578
SPADES JACK HEARTS QUEEN,0.3016,0.0108,0.6876
SPADES SEVEN DIAMONDS FOUR,0.219,0.4914,0.2896
DIAMONDS KING SPADES FOUR,0.3566,0.0066,0.6368
CLUBS JACK HEARTS KING,0.309,0.0078,0.6832
HEARTS SIX CLUBS SIX,0.2324,0.1086,0.659
DIAMONDS THREE DIAMONDS QUEEN,0.3384,0.013,0.6486
CLUBS TWO DIAMONDS FIVE,0.551,0.1826,0.2664
CLUBS FIVE SPADES SEVEN,0.2056,0.447,0.3474
CLUBS FIVE DIAMONDS FIVE,0.2356,0.1086,0.6558
CLUBS TWO DIAMONDS NINE,0.2304,0.1014,0.6682
SPADES ACE DIAMONDS SIX,0.3426,0.0056,0.6518
HEARTS EIGHT SPADES FOUR,0.3444,0.061,0.5946
DIAMONDS TWO HEARTS JACK,0.235,0.047,0.718
CLUBS JACK DIAMONDS SIX,0.3464,0.022,0.6316
SPADES ACE SPADES FIVE,0.3244,0.0052,0.6704
CLUBS FOUR DIAMONDS TEN,0.3518,0.032,0.6162
CLUBS NINE DIAMONDS JACK,0.3098,0.0174,0.6728
CLUBS FOUR HEARTS NINE,0.3352,0.0444,0.6204
SPADES SIX DIAMONDS EIGHT,0.3042,0.0626,0.6332
SPADES JACK DIAMONDS EIGHT,0.3162,0.0168,0.667
CLUBS FIVE HEARTS ACE,0.3408,0.0036,0.6556
SPADES FIVE DIAMONDS JACK,0.341,0.0182,0.6408
HEARTS FOUR DIAMONDS NINE,0.339,0.0464,0.6146
SPADES SIX HEARTS ACE,0.3388,0.0048,0.6564
SPADES ACE DIAMONDS NINE,0.3254,0.004,0.6706
DIAMONDS KING DIAMONDS QUEEN,0.2996,0.0082,0.6922
HEARTS THREE CLUBS THREE,0.245,0.1178,0.6372
DIAMONDS TWO HEARTS ACE,0.2292,0.011,0.7598
HEARTS SEVEN SPADES EIGHT,0.2152,0.1458,0.639
CLUBS JACK HEARTS FIVE,0.3512,0.019,0.6298
HEARTS EIGHT CLUBS FOUR,0.3226,0.0672,0.6102
SPADES SIX HEARTS TEN,0.323,0.0282,0.6488
HEARTS FIVE HEARTS FOUR,0.4372,0.1056,0.4572
CLUBS TEN HEARTS FIVE,0.3334,0.0292,0.6374
SPADES EIGHT HEARTS ACE,0.3184,0.0048,0.6768
HEARTS EIGHT CLUBS QUEEN,0.2966,0.013,0.6904
SPADES EIGHT DIAMONDS JACK,0.3044,0.017,0.6786
CLUBS EIGHT DIAMONDS SIX,0.315,0.0622,0.6228
HEARTS FIVE HEARTS ACE,0.3266,0.0034,0.67
SPADES KING CLUBS SIX,0.342,0.0064,0.6516
SPADES QUEEN CLUBS QUEEN,0.122,0.029,0.849
DIAMONDS THREE DIAMONDS FIVE,0.4492,0.106,0.4448
DIAMONDS THREE DIAMONDS ACE,0.3372,0.0062,0.6566
SPADES KING HEARTS TEN,0.3164,0.0056,0.678
CLUBS JACK SPADES NINE,0.3188,0.0168,0.6644
CLUBS THREE SPADES FOUR,0.4862,0.1154,0.3984
CLUBS JACK SPADES TEN,0.3092,0.0136,0.6772
SPADES EIGHT DIAMONDS TEN,0.2924,0.0276,0.68
SPADES THREE DIAMONDS FOUR,0.481,0.1042,0.4148
CLUBS JACK HEARTS NINE,0.3052,0.018,0.6768
CLUBS NINE SPADES FOUR,0.357,0.0442,0.5988
SPADES NINE CLUBS ACE,0.3318,0.0038,0.6644
DIAMONDS SIX HEARTS NINE,0.3274,0.0432,0.6294
HEARTS SIX CLUBS SEVEN,0.2086,0.375,0.4164
