opposingHand,winningChance,drawChance,lostChance
HEARTS FIVE CLUBS ACE
SPADES FIVE CLUBS JACK,0.7464,0.0258,0.2278
CLUBS TEN SPADES FIVE,0.7416,0.0264,0.232
CLUBS EIGHT CLUBS JACK,0.5542,0.0048,0.441
CLUBS TEN CLUBS EIGHT,0.5398,0.0036,0.4566
CLUBS EIGHT CLUBS KING,0.5852,0.0066,0.4082
CLUBS EIGHT CLUBS QUEEN,0.5652,0.0038,0.431
SPADES FIVE CLUBS KING,0.751,0.0312,0.2178
SPADES FIVE CLUBS QUEEN,0.743,0.0332,0.2238
DIAMONDS TWO DIAMONDS THREE,0.6254,0.0064,0.3682
DIAMONDS TWO DIAMONDS FIVE,0.6986,0.0272,0.2742
DIAMONDS TWO DIAMONDS FOUR,0.6244,0.0032,0.3724
DIAMONDS TWO DIAMONDS SEVEN,0.6212,0.0034,0.3754
DIAMONDS TWO DIAMONDS SIX,0.6238,0.0064,0.3698
DIAMONDS TWO DIAMONDS NINE,0.6042,0.0058,0.39
DIAMONDS TWO DIAMONDS EIGHT,0.5946,0.0034,0.402
DIAMONDS THREE DIAMONDS FOUR,0.617,0.0052,0.3778
CLUBS TWO SPADES FOUR,0.6694,0.0074,0.3232
DIAMONDS THREE DIAMONDS FIVE,0.6794,0.0232,0.2974
SPADES FIVE CLUBS TWO,0.7456,0.0308,0.2236
CLUBS TWO SPADES TWO,0.4836,0.006,0.5104
CLUBS TWO SPADES THREE,0.68,0.0062,0.3138
DIAMONDS THREE DIAMONDS EIGHT,0.6114,0.0046,0.384
SPADES EIGHT CLUBS TWO,0.6516,0.0052,0.3432
DIAMONDS THREE DIAMONDS NINE,0.5958,0.005,0.3992
SPADES NINE CLUBS TWO,0.6468,0.0046,0.3486
DIAMONDS THREE DIAMONDS SIX,0.606,0.0052,0.3888
SPADES SIX CLUBS TWO,0.6592,0.0042,0.3366
DIAMONDS THREE DIAMONDS SEVEN,0.5932,0.0042,0.4026
SPADES SEVEN CLUBS TWO,0.6676,0.0048,0.3276
CLUBS SIX CLUBS TWO,0.6332,0.0052,0.3616
CLUBS SEVEN CLUBS TWO,0.6414,0.0058,0.3528
CLUBS FOUR CLUBS TWO,0.635,0.005,0.36
CLUBS FIVE CLUBS TWO,0.716,0.0232,0.2608
CLUBS TEN CLUBS JACK,0.528,0.0058,0.4662
DIAMONDS FOUR DIAMONDS SIX,0.6034,0.0054,0.3912
CLUBS TEN CLUBS QUEEN,0.5236,0.0038,0.4726
DIAMONDS FOUR DIAMONDS SEVEN,0.5962,0.0034,0.4004
CLUBS TEN CLUBS KING,0.5592,0.0044,0.4364
CLUBS EIGHT CLUBS TWO,0.6202,0.0034,0.3764
DIAMONDS FIVE DIAMONDS FOUR,0.6668,0.0264,0.3068
CLUBS NINE CLUBS TWO,0.6188,0.0046,0.3766
DIAMONDS NINE DIAMONDS FOUR,0.6174,0.0046,0.378
DIAMONDS EIGHT DIAMONDS FOUR,0.6012,0.0064,0.3924
CLUBS THREE CLUBS TWO,0.6412,0.005,0.3538
DIAMONDS NINE DIAMONDS FIVE,0.6778,0.0218,0.3004
DIAMONDS TWO CLUBS JACK,0.6546,0.004,0.3414
DIAMONDS EIGHT DIAMONDS FIVE,0.6576,0.0246,0.3178
CLUBS TEN DIAMONDS TWO,0.6502,0.0056,0.3442
DIAMONDS FIVE DIAMONDS SEVEN,0.6676,0.022,0.3104
DIAMONDS FIVE DIAMONDS SIX,0.6726,0.0194,0.308
DIAMONDS TWO CLUBS KING,0.6546,0.0038,0.3416
DIAMONDS TWO CLUBS QUEEN,0.6584,0.0056,0.336
DIAMONDS EIGHT DIAMONDS SIX,0.5452,0.0038,0.451
DIAMONDS NINE DIAMONDS SIX,0.5532,0.0032,0.4436
HEARTS ACE SPADES THREE,0.3128,0.472,0.2152
SPADES THREE HEARTS KING,0.6418,0.0058,0.3524
DIAMONDS SEVEN DIAMONDS SIX,0.5502,0.0024,0.4474
HEARTS QUEEN SPADES THREE,0.645,0.0046,0.3504
SPADES THREE HEARTS JACK,0.6402,0.0052,0.3546
SPADES THREE HEARTS TEN,0.6378,0.0042,0.358
DIAMONDS EIGHT DIAMONDS SEVEN,0.533,0.0048,0.4622
DIAMONDS NINE DIAMONDS SEVEN,0.551,0.004,0.445
DIAMONDS NINE DIAMONDS EIGHT,0.527,0.005,0.468
DIAMONDS KING HEARTS TEN,0.567,0.005,0.428
HEARTS THREE HEARTS TEN,0.6088,0.0052,0.386
SPADES JACK CLUBS SIX,0.61,0.0038,0.3862
DIAMONDS KING HEARTS JACK,0.578,0.005,0.417
HEARTS THREE HEARTS JACK,0.6204,0.0062,0.3734
SPADES TEN CLUBS SIX,0.5984,0.0034,0.3982
SPADES JACK SPADES FIVE,0.6872,0.0302,0.2826
SPADES TEN SPADES FIVE,0.6792,0.0268,0.294
DIAMONDS KING HEARTS ACE,0.2552,0.0426,0.7022
HEARTS THREE HEARTS ACE,0.3066,0.437,0.2564
SPADES ACE CLUBS SIX,0.2522,0.3858,0.362
DIAMONDS KING HEARTS QUEEN,0.5852,0.0046,0.4102
HEARTS THREE HEARTS QUEEN,0.6184,0.0052,0.3764
SPADES KING CLUBS SIX,0.6226,0.004,0.3734
DIAMONDS KING HEARTS KING,0.2876,0.0046,0.7078
HEARTS THREE HEARTS KING,0.6174,0.0054,0.3772
SPADES QUEEN CLUBS SIX,0.6128,0.003,0.3842
SPADES NINE HEARTS TEN,0.5468,0.0042,0.449
SPADES NINE HEARTS JACK,0.5748,0.0048,0.4204
SPADES QUEEN SPADES FIVE,0.6872,0.033,0.2798
SPADES KING SPADES FIVE,0.6944,0.0288,0.2768
SPADES ACE SPADES FIVE,0.0224,0.9036,0.074
SPADES NINE HEARTS QUEEN,0.5704,0.0044,0.4252
SPADES NINE HEARTS KING,0.5946,0.0062,0.3992
SPADES NINE HEARTS ACE,0.2468,0.1658,0.5874
CLUBS TEN SPADES JACK,0.5496,0.0058,0.4446
CLUBS TEN SPADES TEN,0.337,0.002,0.661
SPADES ACE CLUBS TEN,0.2574,0.1248,0.6178
SPADES KING CLUBS TEN,0.5866,0.0062,0.4072
CLUBS TEN SPADES QUEEN,0.5696,0.0044,0.426
SPADES FIVE HEARTS QUEEN,0.7244,0.0322,0.2434
SPADES FIVE HEARTS KING,0.7324,0.0318,0.2358
HEARTS ACE SPADES FIVE,0.011,0.9712,0.0178
CLUBS EIGHT SPADES TEN,0.5856,0.005,0.4094
HEARTS THREE SPADES JACK,0.6476,0.0062,0.3462
SPADES JACK DIAMONDS KING,0.5676,0.0042,0.4282
SPADES TEN DIAMONDS KING,0.5772,0.004,0.4188
HEARTS THREE SPADES TEN,0.6574,0.0066,0.336
SPADES JACK CLUBS EIGHT,0.5922,0.0042,0.4036
CLUBS SIX HEARTS ACE,0.249,0.3842,0.3668
SPADES ACE CLUBS EIGHT,0.2534,0.2396,0.507
CLUBS SIX HEARTS QUEEN,0.6096,0.0046,0.3858
SPADES QUEEN CLUBS EIGHT,0.5986,0.0042,0.3972
CLUBS TEN SPADES THREE,0.6508,0.0048,0.3444
CLUBS SIX HEARTS KING,0.6136,0.004,0.3824
SPADES KING CLUBS EIGHT,0.6096,0.005,0.3854
SPADES THREE CLUBS JACK,0.6558,0.0068,0.3374
DIAMONDS TWO HEARTS JACK,0.6524,0.0044,0.3432
SPADES THREE CLUBS QUEEN,0.6514,0.0034,0.3452
DIAMONDS TWO HEARTS TEN,0.6396,0.005,0.3554
SPADES THREE CLUBS KING,0.6676,0.0058,0.3266
SPADES FIVE HEARTS TEN,0.7304,0.0268,0.2428
SPADES FIVE HEARTS JACK,0.727,0.0316,0.2414
HEARTS THREE CLUBS KING,0.659,0.006,0.335
DIAMONDS KING CLUBS KING,0.3202,0.0044,0.6754
HEARTS THREE CLUBS QUEEN,0.647,0.0046,0.3484
DIAMONDS KING CLUBS QUEEN,0.5774,0.0054,0.4172
SPADES ACE CLUBS QUEEN,0.2728,0.0684,0.6588
SPADES KING CLUBS QUEEN,0.583,0.0046,0.4124
HEARTS THREE CLUBS JACK,0.6616,0.0056,0.3328
DIAMONDS KING CLUBS JACK,0.5882,0.0042,0.4076
SPADES QUEEN CLUBS QUEEN,0.3212,0.005,0.6738
CLUBS TEN HEARTS THREE,0.6558,0.0052,0.339
CLUBS TEN DIAMONDS KING,0.5814,0.0038,0.4148
SPADES JACK CLUBS QUEEN,0.5716,0.0044,0.424
CLUBS SIX CLUBS QUEEN,0.5968,0.0072,0.396
SPADES TEN CLUBS QUEEN,0.5612,0.0058,0.433
CLUBS SIX CLUBS KING,0.5962,0.0042,0.3996
CLUBS TEN CLUBS SIX,0.5692,0.0058,0.425
CLUBS SIX CLUBS JACK,0.5828,0.0042,0.413
SPADES SEVEN HEARTS JACK,0.592,0.0044,0.4036
SPADES SEVEN HEARTS TEN,0.5674,0.0052,0.4274
DIAMONDS TWO CLUBS TWO,0.4756,0.0058,0.5186
DIAMONDS TWO CLUBS THREE,0.6622,0.0064,0.3314
DIAMONDS TWO HEARTS SIX,0.6586,0.0038,0.3376
DIAMONDS TWO HEARTS QUEEN,0.6392,0.0062,0.3546
HEARTS SEVEN DIAMONDS TWO,0.657,0.0038,0.3392
DIAMONDS TWO HEARTS KING,0.6498,0.0046,0.3456
DIAMONDS TWO HEARTS EIGHT,0.652,0.0042,0.3438
DIAMONDS TWO HEARTS ACE,0.322,0.4562,0.2218
DIAMONDS TWO HEARTS NINE,0.6378,0.0052,0.357
DIAMONDS TWO DIAMONDS QUEEN,0.6082,0.0048,0.387
DIAMONDS TWO HEARTS TWO,0.4728,0.008,0.5192
DIAMONDS TWO DIAMONDS KING,0.6036,0.0056,0.3908
HEARTS THREE DIAMONDS TWO,0.6706,0.0078,0.3216
DIAMONDS TWO DIAMONDS ACE,0.3196,0.4162,0.2642
HEARTS FOUR DIAMONDS TWO,0.6588,0.0052,0.336
SPADES SEVEN HEARTS ACE,0.2328,0.3098,0.4574
DIAMONDS TWO DIAMONDS TEN,0.596,0.005,0.399
SPADES SEVEN HEARTS KING,0.609,0.003,0.388
DIAMONDS TWO DIAMONDS JACK,0.6048,0.0062,0.389
SPADES SEVEN HEARTS QUEEN,0.5924,0.0032,0.4044
DIAMONDS TWO SPADES NINE,0.642,0.0038,0.3542
DIAMONDS TWO SPADES EIGHT,0.6452,0.0036,0.3512
DIAMONDS TWO SPADES SEVEN,0.6632,0.0054,0.3314
DIAMONDS TWO SPADES SIX,0.654,0.0046,0.3414
DIAMONDS TWO SPADES FIVE,0.7368,0.0294,0.2338
DIAMONDS TWO SPADES FOUR,0.665,0.0048,0.3302
DIAMONDS TWO SPADES THREE,0.6596,0.0082,0.3322
DIAMONDS TWO SPADES TWO,0.4814,0.0054,0.5132
CLUBS NINE DIAMONDS TWO,0.6418,0.0058,0.3524
DIAMONDS TWO CLUBS EIGHT,0.652,0.0054,0.3426
CLUBS SEVEN DIAMONDS TWO,0.6702,0.0052,0.3246
DIAMONDS TWO CLUBS SIX,0.6642,0.0054,0.3304
DIAMONDS TWO CLUBS FIVE,0.7404,0.0268,0.2328
DIAMONDS TWO CLUBS FOUR,0.6704,0.0062,0.3234
CLUBS FOUR SPADES FIVE,0.7134,0.0252,0.2614
CLUBS FOUR SPADES FOUR,0.4594,0.0046,0.536
CLUBS FOUR SPADES THREE,0.6654,0.0058,0.3288
CLUBS FOUR SPADES TWO,0.6754,0.0048,0.3198
SPADES NINE CLUBS FOUR,0.6468,0.0036,0.3496
SPADES EIGHT CLUBS FOUR,0.6572,0.0042,0.3386
SPADES SEVEN CLUBS FOUR,0.643,0.006,0.351
CLUBS FOUR SPADES SIX,0.6286,0.005,0.3664
SPADES ACE DIAMONDS SIX,0.2576,0.3756,0.3668
SPADES QUEEN DIAMONDS SIX,0.6204,0.0032,0.3764
SPADES KING DIAMONDS SIX,0.6042,0.0032,0.3926
SPADES TEN DIAMONDS SIX,0.5944,0.0036,0.402
SPADES JACK DIAMONDS SIX,0.6104,0.0034,0.3862
SPADES QUEEN SPADES TWO,0.6228,0.0066,0.3706
SPADES KING SPADES TWO,0.605,0.0048,0.3902
SPADES ACE SPADES TWO,0.3096,0.416,0.2744
DIAMONDS JACK CLUBS JACK,0.3234,0.0036,0.673
CLUBS TEN DIAMONDS JACK,0.556,0.0038,0.4402
DIAMONDS JACK CLUBS KING,0.5774,0.004,0.4186
DIAMONDS JACK CLUBS QUEEN,0.5702,0.0042,0.4256
DIAMONDS THREE DIAMONDS JACK,0.618,0.0046,0.3774
DIAMONDS THREE DIAMONDS TEN,0.6032,0.0046,0.3922
DIAMONDS THREE DIAMONDS KING,0.608,0.0062,0.3858
HEARTS THREE DIAMONDS THREE,0.4702,0.004,0.5258
DIAMONDS THREE DIAMONDS QUEEN,0.6108,0.0048,0.3844
DIAMONDS THREE HEARTS TWO,0.6692,0.0048,0.326
DIAMONDS THREE DIAMONDS ACE,0.3002,0.429,0.2708
HEARTS FOUR DIAMONDS THREE,0.6604,0.006,0.3336
HEARTS SEVEN DIAMONDS THREE,0.647,0.0058,0.3472
SPADES TEN SPADES NINE,0.5066,0.0044,0.489
HEARTS SIX DIAMONDS THREE,0.6502,0.0044,0.3454
SPADES JACK SPADES NINE,0.518,0.005,0.477
DIAMONDS THREE HEARTS NINE,0.6466,0.0052,0.3482
HEARTS JACK DIAMONDS FOUR,0.6404,0.0046,0.355
HEARTS ACE HEARTS KING,0.2576,0.0442,0.6982
SPADES TEN SPADES TWO,0.609,0.004,0.387
DIAMONDS THREE HEARTS EIGHT,0.6564,0.005,0.3386
HEARTS TEN DIAMONDS FOUR,0.6432,0.004,0.3528
SPADES JACK SPADES TWO,0.6046,0.0046,0.3908
HEARTS QUEEN DIAMONDS FOUR,0.6498,0.005,0.3452
HEARTS KING DIAMONDS FOUR,0.6466,0.0054,0.348
SPADES ACE SPADES NINE,0.243,0.1578,0.5992
HEARTS ACE DIAMONDS FOUR,0.3058,0.4798,0.2144
SPADES KING SPADES NINE,0.5558,0.003,0.4412
SPADES QUEEN SPADES NINE,0.5398,0.004,0.4562
DIAMONDS THREE SPADES NINE,0.6628,0.0054,0.3318
DIAMONDS THREE SPADES EIGHT,0.6572,0.005,0.3378
DIAMONDS THREE SPADES SEVEN,0.6522,0.0046,0.3432
DIAMONDS THREE SPADES SIX,0.6512,0.0034,0.3454
DIAMONDS THREE CLUBS SIX,0.6344,0.0064,0.3592
CLUBS FIVE CLUBS SIX,0.6826,0.0232,0.2942
CLUBS SEVEN DIAMONDS THREE,0.6418,0.0054,0.3528
CLUBS SEVEN CLUBS FIVE,0.6724,0.0218,0.3058
DIAMONDS THREE CLUBS FOUR,0.6606,0.0042,0.3352
DIAMONDS FOUR CLUBS QUEEN,0.6494,0.0058,0.3448
DIAMONDS THREE CLUBS FIVE,0.7136,0.0282,0.2582
CLUBS KING DIAMONDS FOUR,0.6566,0.0056,0.3378
DIAMONDS THREE CLUBS TWO,0.6652,0.0046,0.3302
CLUBS TEN DIAMONDS FOUR,0.6398,0.0064,0.3538
DIAMONDS THREE CLUBS THREE,0.474,0.0052,0.5208
DIAMONDS FOUR CLUBS JACK,0.6494,0.0068,0.3438
DIAMONDS THREE SPADES FOUR,0.6492,0.0046,0.3462
DIAMONDS THREE SPADES FIVE,0.7236,0.025,0.2514
DIAMONDS THREE SPADES TWO,0.654,0.0076,0.3384
DIAMONDS THREE SPADES THREE,0.4562,0.0052,0.5386
CLUBS EIGHT DIAMONDS THREE,0.6632,0.0052,0.3316
CLUBS NINE DIAMONDS THREE,0.6468,0.004,0.3492
SPADES SEVEN CLUBS QUEEN,0.6164,0.0032,0.3804
SPADES SEVEN CLUBS KING,0.6168,0.006,0.3772
CLUBS FIVE SPADES SEVEN,0.709,0.0218,0.2692
CLUBS TEN SPADES SEVEN,0.5806,0.0048,0.4146
CLUBS FIVE SPADES SIX,0.7156,0.0176,0.2668
SPADES SEVEN CLUBS JACK,0.619,0.0044,0.3766
CLUBS FIVE SPADES NINE,0.7346,0.0222,0.2432
CLUBS FIVE SPADES EIGHT,0.7122,0.0248,0.263
CLUBS FIVE SPADES THREE,0.7234,0.0266,0.25
CLUBS FIVE SPADES TWO,0.7448,0.03,0.2252
CLUBS FIVE SPADES FIVE,0.3244,0.027,0.6486
CLUBS FIVE SPADES FOUR,0.6934,0.0274,0.2792
CLUBS NINE CLUBS FIVE,0.7036,0.0242,0.2722
CLUBS EIGHT CLUBS FIVE,0.677,0.0204,0.3026
CLUBS KING CLUBS QUEEN,0.5504,0.0054,0.4442
DIAMONDS TEN DIAMONDS FOUR,0.5952,0.006,0.3988
CLUBS TEN DIAMONDS NINE,0.5546,0.0038,0.4416
DIAMONDS JACK DIAMONDS FOUR,0.6126,0.0062,0.3812
DIAMONDS NINE CLUBS JACK,0.573,0.0038,0.4232
SPADES NINE CLUBS JACK,0.5772,0.004,0.4188
CLUBS TEN SPADES NINE,0.5608,0.0032,0.436
DIAMONDS ACE DIAMONDS FOUR,0.3036,0.4254,0.271
HEARTS FOUR DIAMONDS FOUR,0.4584,0.0046,0.537
DIAMONDS JACK HEARTS TEN,0.5418,0.004,0.4542
SPADES NINE CLUBS KING,0.595,0.0052,0.3998
DIAMONDS TWO SPADES TEN,0.6446,0.0042,0.3512
DIAMONDS JACK HEARTS JACK,0.3068,0.0038,0.6894
SPADES NINE CLUBS QUEEN,0.5956,0.005,0.3994
DIAMONDS TWO SPADES JACK,0.6424,0.0052,0.3524
DIAMONDS QUEEN DIAMONDS FOUR,0.6034,0.0032,0.3934
HEARTS TWO DIAMONDS FOUR,0.6736,0.0056,0.3208
DIAMONDS NINE CLUBS QUEEN,0.5852,0.006,0.4088
DIAMONDS KING DIAMONDS FOUR,0.5992,0.005,0.3958
HEARTS THREE DIAMONDS FOUR,0.668,0.0056,0.3264
DIAMONDS NINE CLUBS KING,0.6066,0.0038,0.3896
HEARTS ACE DIAMONDS JACK,0.263,0.085,0.652
SPADES ACE DIAMONDS TWO,0.3184,0.4594,0.2222
HEARTS QUEEN DIAMONDS JACK,0.5704,0.0056,0.424
SPADES QUEEN DIAMONDS TWO,0.6424,0.0062,0.3514
DIAMONDS JACK HEARTS KING,0.5768,0.0052,0.418
SPADES KING DIAMONDS TWO,0.6406,0.006,0.3534
SPADES JACK SPADES SEVEN,0.5712,0.005,0.4238
SPADES TEN SPADES SEVEN,0.5556,0.0036,0.4408
CLUBS SEVEN CLUBS THREE,0.6252,0.0064,0.3684
CLUBS SIX CLUBS THREE,0.6194,0.0066,0.374
CLUBS FIVE CLUBS THREE,0.6992,0.031,0.2698
CLUBS THREE CLUBS FOUR,0.646,0.005,0.349
CLUBS NINE CLUBS THREE,0.6238,0.0076,0.3686
CLUBS EIGHT CLUBS THREE,0.62,0.0056,0.3744
CLUBS THREE SPADES FIVE,0.7262,0.0218,0.252
CLUBS THREE SPADES FOUR,0.6532,0.005,0.3418
CLUBS THREE SPADES THREE,0.4752,0.005,0.5198
CLUBS THREE SPADES TWO,0.6704,0.0046,0.325
CLUBS THREE SPADES SIX,0.6454,0.0048,0.3498
CLUBS THREE SPADES SEVEN,0.6494,0.006,0.3446
SPADES EIGHT CLUBS THREE,0.6542,0.0046,0.3412
SPADES NINE CLUBS THREE,0.647,0.0052,0.3478
SPADES TWO DIAMONDS FOUR,0.6606,0.0056,0.3338
SPADES THREE DIAMONDS FOUR,0.6428,0.0066,0.3506
SPADES FOUR DIAMONDS FOUR,0.4502,0.0042,0.5456
SPADES FIVE DIAMONDS FOUR,0.7072,0.0274,0.2654
SPADES SIX DIAMONDS FOUR,0.6368,0.0048,0.3584
SPADES SEVEN DIAMONDS FOUR,0.6338,0.0032,0.363
SPADES EIGHT DIAMONDS FOUR,0.6434,0.0048,0.3518
SPADES NINE DIAMONDS FOUR,0.65,0.004,0.346
CLUBS FIVE DIAMONDS FOUR,0.713,0.0268,0.2602
CLUBS FOUR DIAMONDS FOUR,0.4604,0.0072,0.5324
CLUBS SEVEN DIAMONDS FOUR,0.643,0.0042,0.3528
CLUBS SIX DIAMONDS FOUR,0.6342,0.0034,0.3624
CLUBS NINE DIAMONDS FOUR,0.6572,0.0058,0.337
CLUBS EIGHT DIAMONDS FOUR,0.6334,0.004,0.3626
HEARTS SEVEN DIAMONDS FOUR,0.626,0.003,0.371
HEARTS SIX DIAMONDS FOUR,0.6314,0.0038,0.3648
DIAMONDS FOUR HEARTS NINE,0.6564,0.0038,0.3398
DIAMONDS FOUR HEARTS EIGHT,0.6472,0.0052,0.3476
CLUBS THREE DIAMONDS FOUR,0.6504,0.0052,0.3444
CLUBS TWO DIAMONDS FOUR,0.6912,0.0044,0.3044
DIAMONDS TEN DIAMONDS FIVE,0.6836,0.0246,0.2918
DIAMONDS JACK DIAMONDS FIVE,0.6852,0.0262,0.2886
DIAMONDS NINE HEARTS QUEEN,0.5732,0.005,0.4218
DIAMONDS NINE HEARTS KING,0.5938,0.0048,0.4014
HEARTS ACE DIAMONDS NINE,0.2518,0.1632,0.585
DIAMONDS NINE HEARTS TEN,0.5574,0.0038,0.4388
DIAMONDS NINE HEARTS JACK,0.5666,0.0062,0.4272
CLUBS KING DIAMONDS SIX,0.6108,0.0046,0.3846
CLUBS QUEEN DIAMONDS SIX,0.6106,0.0034,0.386
SPADES KING DIAMONDS FOUR,0.6464,0.0032,0.3504
SPADES ACE SPADES SEVEN,0.2306,0.2822,0.4872
SPADES QUEEN DIAMONDS FOUR,0.6442,0.0042,0.3516
SPADES QUEEN SPADES SEVEN,0.556,0.0048,0.4392
CLUBS JACK DIAMONDS SIX,0.6304,0.0042,0.3654
SPADES KING SPADES SEVEN,0.5602,0.0048,0.435
SPADES ACE DIAMONDS FOUR,0.315,0.4578,0.2272
CLUBS TEN DIAMONDS SIX,0.6168,0.0038,0.3794
CLUBS NINE CLUBS FOUR,0.6164,0.0072,0.3764
CLUBS EIGHT CLUBS FOUR,0.6148,0.005,0.3802
SPADES JACK DIAMONDS FOUR,0.6384,0.0046,0.357
SPADES TEN DIAMONDS FOUR,0.6368,0.0038,0.3594
CLUBS FIVE CLUBS FOUR,0.6746,0.0292,0.2962
CLUBS SEVEN CLUBS FOUR,0.6112,0.005,0.3838
CLUBS SIX CLUBS FOUR,0.5962,0.0056,0.3982
CLUBS SEVEN SPADES EIGHT,0.5664,0.0054,0.4282
CLUBS SEVEN SPADES NINE,0.5992,0.0054,0.3954
CLUBS SEVEN SPADES SIX,0.5882,0.0034,0.4084
CLUBS SEVEN SPADES SEVEN,0.3462,0.0056,0.6482
CLUBS SEVEN SPADES FIVE,0.6898,0.0226,0.2876
CLUBS SEVEN SPADES FOUR,0.6206,0.006,0.3734
CLUBS SEVEN SPADES THREE,0.6582,0.0068,0.335
CLUBS SEVEN SPADES TWO,0.6614,0.006,0.3326
CLUBS NINE CLUBS SEVEN,0.5482,0.0042,0.4476
CLUBS SEVEN CLUBS EIGHT,0.5332,0.0068,0.46
HEARTS SIX DIAMONDS FIVE,0.7082,0.0206,0.2712
HEARTS SEVEN DIAMONDS FIVE,0.7018,0.0192,0.279
DIAMONDS FIVE HEARTS EIGHT,0.7092,0.024,0.2668
DIAMONDS FIVE HEARTS NINE,0.7264,0.0254,0.2482
DIAMONDS QUEEN DIAMONDS FIVE,0.6974,0.0262,0.2764
HEARTS TWO DIAMONDS FIVE,0.7468,0.03,0.2232
HEARTS KING HEARTS EIGHT,0.5726,0.0068,0.4206
DIAMONDS KING DIAMONDS FIVE,0.6978,0.0294,0.2728
HEARTS THREE DIAMONDS FIVE,0.7302,0.0272,0.2426
HEARTS QUEEN HEARTS EIGHT,0.5814,0.006,0.4126
DIAMONDS ACE DIAMONDS FIVE,0.0242,0.907,0.0688
HEARTS FOUR DIAMONDS FIVE,0.7116,0.0256,0.2628
HEARTS ACE HEARTS EIGHT,0.2414,0.217,0.5416
CLUBS FOUR DIAMONDS FIVE,0.7078,0.0268,0.2654
CLUBS FIVE DIAMONDS FIVE,0.324,0.0288,0.6472
CLUBS SIX DIAMONDS FIVE,0.7124,0.0224,0.2652
CLUBS SEVEN DIAMONDS FIVE,0.6998,0.0224,0.2778
CLUBS TWO DIAMONDS FIVE,0.7384,0.0266,0.235
CLUBS THREE DIAMONDS FIVE,0.7178,0.0316,0.2506
SPADES THREE DIAMONDS FIVE,0.7118,0.0288,0.2594
SPADES TWO DIAMONDS FIVE,0.7354,0.023,0.2416
SPADES JACK DIAMONDS EIGHT,0.579,0.0036,0.4174
SPADES FIVE DIAMONDS FIVE,0.332,0.0262,0.6418
CLUBS TEN HEARTS JACK,0.5518,0.0046,0.4436
SPADES TEN DIAMONDS EIGHT,0.5724,0.0036,0.424
SPADES FOUR DIAMONDS FIVE,0.7024,0.0252,0.2724
HEARTS JACK CLUBS JACK,0.324,0.0044,0.6716
HEARTS JACK CLUBS QUEEN,0.5606,0.0036,0.4358
CLUBS NINE DIAMONDS FIVE,0.7386,0.0228,0.2386
CLUBS KING HEARTS JACK,0.5688,0.0054,0.4258
CLUBS EIGHT DIAMONDS FIVE,0.722,0.0248,0.2532
SPADES SEVEN DIAMONDS FIVE,0.6892,0.0188,0.292
SPADES KING DIAMONDS EIGHT,0.6132,0.0028,0.384
SPADES QUEEN DIAMONDS EIGHT,0.5838,0.0036,0.4126
SPADES SIX DIAMONDS FIVE,0.7132,0.0202,0.2666
SPADES NINE DIAMONDS FIVE,0.731,0.0228,0.2462
SPADES EIGHT DIAMONDS FIVE,0.6996,0.0204,0.28
SPADES ACE DIAMONDS EIGHT,0.2394,0.2334,0.5272
DIAMONDS TEN DIAMONDS SIX,0.5496,0.0054,0.445
HEARTS ACE DIAMONDS SEVEN,0.2344,0.2996,0.466
DIAMONDS JACK DIAMONDS SIX,0.5726,0.0058,0.4216
HEARTS QUEEN DIAMONDS SEVEN,0.6048,0.0044,0.3908
HEARTS KING DIAMONDS SEVEN,0.6122,0.0044,0.3834
DIAMONDS ACE DIAMONDS SIX,0.2288,0.3474,0.4238
HEARTS FOUR DIAMONDS SIX,0.625,0.0036,0.3714
SPADES TWO HEARTS JACK,0.635,0.006,0.359
SPADES TWO HEARTS TEN,0.6438,0.0042,0.352
DIAMONDS QUEEN DIAMONDS SIX,0.5652,0.0036,0.4312
HEARTS TWO DIAMONDS SIX,0.6644,0.0058,0.3298
DIAMONDS KING DIAMONDS SIX,0.586,0.0046,0.4094
HEARTS THREE DIAMONDS SIX,0.6524,0.006,0.3416
HEARTS EIGHT DIAMONDS SIX,0.5876,0.0054,0.407
HEARTS NINE DIAMONDS SIX,0.5886,0.0042,0.4072
HEARTS SIX DIAMONDS SIX,0.3574,0.004,0.6386
HEARTS SEVEN DIAMONDS SIX,0.571,0.0038,0.4252
HEARTS TEN DIAMONDS SEVEN,0.5688,0.0038,0.4274
CLUBS TWO DIAMONDS SIX,0.6528,0.007,0.3402
HEARTS JACK DIAMONDS SEVEN,0.596,0.0038,0.4002
CLUBS THREE DIAMONDS SIX,0.6444,0.0056,0.35
CLUBS SEVEN DIAMONDS SIX,0.5736,0.0034,0.423
DIAMONDS EIGHT CLUBS JACK,0.591,0.0052,0.4038
CLUBS SIX DIAMONDS SIX,0.3762,0.0052,0.6186
CLUBS TEN DIAMONDS EIGHT,0.5594,0.0046,0.436
CLUBS FIVE DIAMONDS SIX,0.7218,0.0198,0.2584
CLUBS FOUR DIAMONDS SIX,0.6392,0.0044,0.3564
HEARTS ACE HEARTS JACK,0.2472,0.0904,0.6624
HEARTS QUEEN HEARTS JACK,0.542,0.0038,0.4542
DIAMONDS EIGHT CLUBS KING,0.6164,0.0036,0.38
CLUBS NINE DIAMONDS SIX,0.5958,0.0042,0.4
HEARTS KING HEARTS JACK,0.5388,0.0062,0.455
DIAMONDS EIGHT CLUBS QUEEN,0.5976,0.0032,0.3992
CLUBS EIGHT DIAMONDS SIX,0.5872,0.005,0.4078
SPADES TEN HEARTS KING,0.5748,0.0054,0.4198
SPADES FIVE DIAMONDS SIX,0.7096,0.02,0.2704
HEARTS ACE SPADES TWO,0.3284,0.461,0.2106
SPADES JACK HEARTS KING,0.5762,0.0046,0.4192
SPADES FOUR DIAMONDS SIX,0.6266,0.0054,0.368
SPADES THREE DIAMONDS SIX,0.6386,0.005,0.3564
HEARTS QUEEN SPADES TWO,0.6412,0.005,0.3538
SPADES ACE SPADES KING,0.2438,0.0456,0.7106
HEARTS KING SPADES TWO,0.643,0.0054,0.3516
SPADES TWO DIAMONDS SIX,0.6594,0.0044,0.3362
HEARTS TEN HEARTS EIGHT,0.5362,0.0064,0.4574
SPADES NINE DIAMONDS SIX,0.6074,0.0036,0.389
HEARTS JACK HEARTS EIGHT,0.5518,0.0062,0.442
SPADES EIGHT DIAMONDS SIX,0.5978,0.0038,0.3984
SPADES SEVEN DIAMONDS SIX,0.5846,0.0022,0.4132
SPADES SIX DIAMONDS SIX,0.3622,0.0036,0.6342
SPADES KING HEARTS KING,0.2996,0.0032,0.6972
SPADES QUEEN HEARTS KING,0.5754,0.0046,0.42
SPADES ACE HEARTS KING,0.2592,0.045,0.6958
SPADES ACE HEARTS JACK,0.2514,0.0832,0.6654
SPADES QUEEN HEARTS JACK,0.5524,0.0044,0.4432
SPADES KING HEARTS JACK,0.5764,0.0048,0.4188
SPADES TEN DIAMONDS TEN,0.3306,0.0032,0.6662
SPADES JACK DIAMONDS TEN,0.542,0.005,0.453
SPADES ACE DIAMONDS TEN,0.2556,0.1134,0.631
SPADES JACK HEARTS JACK,0.3086,0.004,0.6874
SPADES TEN HEARTS JACK,0.5606,0.0038,0.4356
SPADES QUEEN DIAMONDS TEN,0.5602,0.0024,0.4374
SPADES KING DIAMONDS TEN,0.5794,0.0044,0.4162
SPADES NINE DIAMONDS SEVEN,0.5732,0.0038,0.423
SPADES EIGHT DIAMONDS SEVEN,0.5678,0.0052,0.427
SPADES SEVEN DIAMONDS SEVEN,0.3634,0.0034,0.6332
SPADES SIX DIAMONDS SEVEN,0.576,0.0024,0.4216
DIAMONDS KING DIAMONDS SEVEN,0.5762,0.0058,0.418
HEARTS THREE DIAMONDS SEVEN,0.6524,0.0058,0.3418
HEARTS KING DIAMONDS FIVE,0.7306,0.0314,0.238
DIAMONDS QUEEN DIAMONDS SEVEN,0.5796,0.0044,0.416
HEARTS TWO DIAMONDS SEVEN,0.6664,0.0062,0.3274
HEARTS QUEEN DIAMONDS FIVE,0.7356,0.0274,0.237
DIAMONDS ACE DIAMONDS SEVEN,0.2366,0.2862,0.4772
HEARTS FOUR DIAMONDS SEVEN,0.6478,0.0044,0.3478
HEARTS ACE DIAMONDS FIVE,0.0108,0.9732,0.016
HEARTS SEVEN DIAMONDS SEVEN,0.3504,0.0048,0.6448
HEARTS SIX DIAMONDS SEVEN,0.5744,0.004,0.4216
DIAMONDS SEVEN HEARTS NINE,0.5826,0.0034,0.414
HEARTS EIGHT DIAMONDS SEVEN,0.5662,0.0034,0.4304
DIAMONDS JACK DIAMONDS SEVEN,0.5624,0.0048,0.4328
DIAMONDS FIVE HEARTS JACK,0.7352,0.0316,0.2332
DIAMONDS TEN DIAMONDS SEVEN,0.5308,0.004,0.4652
HEARTS TEN DIAMONDS FIVE,0.7364,0.0264,0.2372
SPADES KING CLUBS TWO,0.6498,0.006,0.3442
HEARTS KING CLUBS KING,0.2914,0.0052,0.7034
CLUBS EIGHT DIAMONDS SEVEN,0.5812,0.0036,0.4152
SPADES QUEEN CLUBS TWO,0.6572,0.0054,0.3374
HEARTS KING CLUBS QUEEN,0.5806,0.0066,0.4128
CLUBS NINE DIAMONDS SEVEN,0.586,0.0048,0.4092
SPADES TWO CLUBS JACK,0.6618,0.004,0.3342
SPADES ACE CLUBS TWO,0.32,0.4674,0.2126
CLUBS TEN SPADES TWO,0.652,0.0058,0.3422
CLUBS SEVEN CLUBS SIX,0.5432,0.004,0.4528
SPADES TWO CLUBS KING,0.6606,0.004,0.3354
SPADES TWO DIAMONDS SEVEN,0.6404,0.0048,0.3548
CLUBS EIGHT CLUBS SIX,0.565,0.0048,0.4302
SPADES THREE DIAMONDS SEVEN,0.6422,0.0048,0.353
SPADES TWO CLUBS QUEEN,0.6514,0.0054,0.3432
CLUBS NINE CLUBS SIX,0.5706,0.0082,0.4212
SPADES FOUR DIAMONDS SEVEN,0.6332,0.0048,0.362
HEARTS KING CLUBS JACK,0.5824,0.0066,0.411
SPADES FIVE DIAMONDS SEVEN,0.707,0.0236,0.2694
CLUBS TEN HEARTS KING,0.5696,0.0044,0.426
CLUBS SIX SPADES TWO,0.658,0.0044,0.3376
CLUBS SIX SPADES THREE,0.653,0.0044,0.3426
CLUBS TWO DIAMONDS SEVEN,0.653,0.0066,0.3404
CLUBS SIX SPADES FOUR,0.6256,0.0058,0.3686
CLUBS THREE DIAMONDS SEVEN,0.6492,0.0052,0.3456
CLUBS SIX SPADES FIVE,0.7218,0.0194,0.2588
CLUBS FOUR DIAMONDS SEVEN,0.6226,0.0038,0.3736
CLUBS SIX SPADES SIX,0.369,0.0046,0.6264
CLUBS FIVE DIAMONDS SEVEN,0.701,0.02,0.279
CLUBS SIX SPADES SEVEN,0.5986,0.005,0.3964
CLUBS SIX DIAMONDS SEVEN,0.5786,0.005,0.4164
CLUBS SIX SPADES EIGHT,0.5804,0.0032,0.4164
SPADES JACK CLUBS TWO,0.6502,0.005,0.3448
CLUBS SEVEN DIAMONDS SEVEN,0.3654,0.0046,0.63
SPADES NINE CLUBS SIX,0.5932,0.0044,0.4024
SPADES TEN CLUBS TWO,0.6344,0.0042,0.3614
CLUBS TWO CLUBS QUEEN,0.633,0.0034,0.3636
CLUBS TWO CLUBS KING,0.6318,0.007,0.3612
CLUBS THREE DIAMONDS EIGHT,0.6646,0.0044,0.331
CLUBS TWO DIAMONDS EIGHT,0.6528,0.0046,0.3426
HEARTS SEVEN DIAMONDS EIGHT,0.5646,0.0028,0.4326
HEARTS SIX DIAMONDS EIGHT,0.5796,0.0042,0.4162
DIAMONDS EIGHT HEARTS NINE,0.5712,0.0024,0.4264
CLUBS TEN CLUBS TWO,0.6214,0.0052,0.3734
DIAMONDS EIGHT HEARTS EIGHT,0.3372,0.0032,0.6596
CLUBS TWO CLUBS JACK,0.6188,0.0044,0.3768
CLUBS NINE DIAMONDS EIGHT,0.5754,0.0038,0.4208
CLUBS EIGHT DIAMONDS EIGHT,0.3518,0.0036,0.6446
CLUBS FIVE DIAMONDS EIGHT,0.721,0.0262,0.2528
SPADES ACE SPADES THREE,0.3068,0.4274,0.2658
CLUBS FOUR DIAMONDS EIGHT,0.6424,0.0064,0.3512
CLUBS SEVEN DIAMONDS EIGHT,0.5728,0.0056,0.4216
SPADES QUEEN SPADES THREE,0.6172,0.0034,0.3794
CLUBS SIX DIAMONDS EIGHT,0.5894,0.0038,0.4068
SPADES KING SPADES THREE,0.6104,0.0062,0.3834
DIAMONDS QUEEN DIAMONDS EIGHT,0.55,0.0046,0.4454
HEARTS TWO DIAMONDS EIGHT,0.655,0.005,0.34
DIAMONDS KING DIAMONDS EIGHT,0.5604,0.0028,0.4368
HEARTS THREE DIAMONDS EIGHT,0.6546,0.0062,0.3392
DIAMONDS ACE DIAMONDS EIGHT,0.2276,0.2106,0.5618
HEARTS FOUR DIAMONDS EIGHT,0.6398,0.0038,0.3564
DIAMONDS EIGHT DIAMONDS TEN,0.5322,0.0038,0.464
DIAMONDS EIGHT DIAMONDS JACK,0.5348,0.0054,0.4598
SPADES JACK SPADES THREE,0.6074,0.0032,0.3894
SPADES TEN SPADES THREE,0.596,0.0052,0.3988
CLUBS FOUR HEARTS ACE,0.3108,0.4784,0.2108
CLUBS FOUR HEARTS QUEEN,0.6514,0.006,0.3426
CLUBS FOUR HEARTS KING,0.6488,0.0056,0.3456
CLUBS SIX HEARTS TEN,0.5994,0.0056,0.395
CLUBS SIX HEARTS JACK,0.6082,0.0034,0.3884
DIAMONDS EIGHT SPADES FOUR,0.644,0.0038,0.3522
SPADES FIVE DIAMONDS EIGHT,0.713,0.024,0.263
DIAMONDS EIGHT SPADES TWO,0.6438,0.0058,0.3504
DIAMONDS EIGHT SPADES THREE,0.6604,0.0044,0.3352
CLUBS FOUR HEARTS JACK,0.65,0.0054,0.3446
SPADES EIGHT DIAMONDS EIGHT,0.3448,0.0028,0.6524
SPADES TEN DIAMONDS QUEEN,0.5572,0.0046,0.4382
SPADES TEN HEARTS TWO,0.651,0.0042,0.3448
SPADES JACK HEARTS EIGHT,0.5836,0.0034,0.413
CLUBS FOUR HEARTS TEN,0.6444,0.0046,0.351
SPADES NINE DIAMONDS EIGHT,0.5704,0.0062,0.4234
SPADES TEN HEARTS EIGHT,0.5654,0.0032,0.4314
SPADES JACK HEARTS TWO,0.64,0.0056,0.3544
SPADES JACK DIAMONDS QUEEN,0.5614,0.0044,0.4342
SPADES SIX DIAMONDS EIGHT,0.583,0.0046,0.4124
SPADES SEVEN DIAMONDS EIGHT,0.5686,0.0028,0.4286
SPADES ACE HEARTS TWO,0.3194,0.4616,0.219
SPADES ACE DIAMONDS QUEEN,0.2566,0.0616,0.6818
SPADES ACE HEARTS EIGHT,0.2588,0.2262,0.515
SPADES KING HEARTS EIGHT,0.5956,0.0042,0.4002
SPADES QUEEN HEARTS TWO,0.6538,0.0036,0.3426
SPADES QUEEN DIAMONDS QUEEN,0.3122,0.004,0.6838
SPADES KING DIAMONDS QUEEN,0.5784,0.0048,0.4168
SPADES KING HEARTS TWO,0.6506,0.0062,0.3432
SPADES QUEEN HEARTS EIGHT,0.5858,0.0046,0.4096
CLUBS TWO HEARTS TEN,0.6336,0.006,0.3604
CLUBS TWO HEARTS JACK,0.654,0.0052,0.3408
SPADES SEVEN DIAMONDS NINE,0.5838,0.0036,0.4126
SPADES SIX DIAMONDS NINE,0.5914,0.002,0.4066
SPADES NINE DIAMONDS NINE,0.3392,0.0038,0.657
SPADES EIGHT DIAMONDS NINE,0.5736,0.0034,0.423
SPADES TEN CLUBS KING,0.5756,0.0042,0.4202
DIAMONDS NINE SPADES THREE,0.6418,0.0046,0.3536
SPADES JACK CLUBS KING,0.5832,0.0058,0.411
DIAMONDS NINE SPADES TWO,0.647,0.0056,0.3474
DIAMONDS NINE SPADES FIVE,0.7358,0.0234,0.2408
DIAMONDS NINE SPADES FOUR,0.6448,0.0062,0.349
CLUBS NINE DIAMONDS NINE,0.3454,0.0042,0.6504
CLUBS EIGHT DIAMONDS NINE,0.5772,0.0058,0.417
CLUBS SIX DIAMONDS NINE,0.604,0.0032,0.3928
SPADES JACK CLUBS FOUR,0.658,0.0054,0.3366
CLUBS SEVEN DIAMONDS NINE,0.5794,0.006,0.4146
SPADES TEN CLUBS FOUR,0.6402,0.0044,0.3554
CLUBS FOUR DIAMONDS NINE,0.6492,0.0044,0.3464
CLUBS FIVE DIAMONDS NINE,0.732,0.0236,0.2444
DIAMONDS NINE CLUBS TWO,0.6664,0.0048,0.3288
CLUBS THREE DIAMONDS NINE,0.6528,0.0048,0.3424
DIAMONDS NINE HEARTS EIGHT,0.5712,0.0034,0.4254
DIAMONDS NINE HEARTS NINE,0.3486,0.0034,0.648
HEARTS SIX DIAMONDS NINE,0.586,0.0054,0.4086
HEARTS SEVEN DIAMONDS NINE,0.5818,0.0062,0.412
CLUBS NINE CLUBS EIGHT,0.548,0.0042,0.4478
DIAMONDS ACE DIAMONDS NINE,0.2372,0.1648,0.598
HEARTS FOUR DIAMONDS NINE,0.658,0.006,0.336
HEARTS ACE CLUBS TWO,0.3298,0.4612,0.209
SPADES ACE CLUBS FOUR,0.3198,0.461,0.2192
DIAMONDS QUEEN DIAMONDS NINE,0.5466,0.0038,0.4496
HEARTS TWO DIAMONDS NINE,0.6538,0.0046,0.3416
CLUBS TWO HEARTS KING,0.6426,0.0058,0.3516
SPADES KING CLUBS FOUR,0.6592,0.005,0.3358
DIAMONDS KING DIAMONDS NINE,0.5646,0.003,0.4324
HEARTS THREE DIAMONDS NINE,0.6546,0.0048,0.3406
CLUBS TWO HEARTS QUEEN,0.6404,0.0066,0.353
SPADES QUEEN CLUBS FOUR,0.6544,0.004,0.3416
DIAMONDS NINE DIAMONDS JACK,0.5356,0.0038,0.4606
CLUBS EIGHT SPADES NINE,0.5688,0.004,0.4272
DIAMONDS NINE DIAMONDS TEN,0.5194,0.0054,0.4752
CLUBS EIGHT SPADES EIGHT,0.3624,0.0052,0.6324
CLUBS EIGHT SPADES SEVEN,0.566,0.0042,0.4298
CLUBS EIGHT SPADES SIX,0.5858,0.0058,0.4084
CLUBS EIGHT SPADES FIVE,0.716,0.0246,0.2594
CLUBS EIGHT SPADES FOUR,0.6418,0.0062,0.352
CLUBS EIGHT SPADES THREE,0.6696,0.004,0.3264
CLUBS EIGHT SPADES TWO,0.6552,0.0052,0.3396
HEARTS SIX DIAMONDS TEN,0.599,0.0036,0.3974
HEARTS SEVEN DIAMONDS TEN,0.5708,0.005,0.4242
DIAMONDS TEN HEARTS EIGHT,0.5656,0.0038,0.4306
CLUBS FOUR CLUBS JACK,0.6114,0.005,0.3836
DIAMONDS TEN HEARTS NINE,0.55,0.0042,0.4458
CLUBS TEN CLUBS FOUR,0.6226,0.007,0.3704
CLUBS FOUR CLUBS KING,0.6296,0.0038,0.3666
CLUBS FOUR CLUBS QUEEN,0.6136,0.007,0.3794
CLUBS TWO DIAMONDS TEN,0.648,0.0036,0.3484
CLUBS THREE DIAMONDS TEN,0.6474,0.0048,0.3478
DIAMONDS JACK DIAMONDS TEN,0.5086,0.0046,0.4868
DIAMONDS QUEEN DIAMONDS TEN,0.5202,0.0034,0.4764
HEARTS TWO DIAMONDS TEN,0.649,0.0026,0.3484
DIAMONDS KING DIAMONDS TEN,0.5394,0.0064,0.4542
HEARTS THREE DIAMONDS TEN,0.6534,0.0084,0.3382
DIAMONDS ACE DIAMONDS TEN,0.2412,0.1084,0.6504
HEARTS FOUR DIAMONDS TEN,0.659,0.0042,0.3368
CLUBS EIGHT HEARTS JACK,0.58,0.0056,0.4144
CLUBS EIGHT HEARTS TEN,0.5732,0.0032,0.4236
CLUBS EIGHT HEARTS QUEEN,0.5848,0.006,0.4092
CLUBS EIGHT HEARTS KING,0.6084,0.005,0.3866
CLUBS EIGHT HEARTS ACE,0.2546,0.2284,0.517
CLUBS NINE SPADES THREE,0.6422,0.0064,0.3514
CLUBS NINE SPADES TWO,0.65,0.004,0.346
CLUBS NINE SPADES FIVE,0.726,0.0266,0.2474
CLUBS NINE SPADES FOUR,0.6468,0.0048,0.3484
CLUBS NINE SPADES SEVEN,0.5834,0.0038,0.4128
CLUBS NINE SPADES SIX,0.5942,0.0034,0.4024
CLUBS NINE SPADES NINE,0.3412,0.0028,0.656
CLUBS TEN HEARTS EIGHT,0.5602,0.0052,0.4346
CLUBS NINE SPADES EIGHT,0.5674,0.0034,0.4292
HEARTS EIGHT CLUBS JACK,0.5776,0.0048,0.4176
CLUBS QUEEN HEARTS EIGHT,0.587,0.005,0.408
CLUBS KING HEARTS EIGHT,0.5996,0.0046,0.3958
SPADES KING CLUBS KING,0.3008,0.005,0.6942
SPADES QUEEN CLUBS KING,0.579,0.0056,0.4154
SPADES ACE CLUBS KING,0.2722,0.0476,0.6802
DIAMONDS ACE HEARTS TEN,0.2546,0.1236,0.6218
HEARTS FOUR HEARTS TEN,0.6138,0.0058,0.3804
DIAMONDS ACE HEARTS JACK,0.263,0.0782,0.6588
HEARTS FOUR HEARTS JACK,0.618,0.0062,0.3758
SPADES KING CLUBS FIVE,0.7588,0.0264,0.2148
SPADES QUEEN CLUBS FIVE,0.7368,0.033,0.2302
SPADES ACE CLUBS FIVE,0.0192,0.9678,0.013
HEARTS SEVEN DIAMONDS JACK,0.5938,0.0034,0.4028
HEARTS SIX DIAMONDS JACK,0.6092,0.006,0.3848
DIAMONDS JACK HEARTS NINE,0.562,0.0044,0.4336
DIAMONDS JACK HEARTS EIGHT,0.5924,0.0046,0.403
DIAMONDS KING DIAMONDS JACK,0.5384,0.0038,0.4578
HEARTS THREE DIAMONDS JACK,0.6432,0.005,0.3518
SPADES ACE SPADES SIX,0.2286,0.3518,0.4196
HEARTS ACE SPADES FOUR,0.3162,0.4672,0.2166
DIAMONDS QUEEN DIAMONDS JACK,0.5374,0.0038,0.4588
HEARTS TWO DIAMONDS JACK,0.6582,0.0032,0.3386
SPADES QUEEN SPADES SIX,0.5638,0.0042,0.432
SPADES FOUR HEARTS QUEEN,0.648,0.007,0.345
DIAMONDS ACE DIAMONDS JACK,0.2468,0.0824,0.6708
HEARTS FOUR DIAMONDS JACK,0.6518,0.0038,0.3444
SPADES KING SPADES SIX,0.5806,0.0038,0.4156
SPADES FOUR HEARTS KING,0.6406,0.0032,0.3562
SPADES TEN SPADES SIX,0.5662,0.0046,0.4292
SPADES JACK SPADES SIX,0.563,0.003,0.434
SPADES FOUR DIAMONDS JACK,0.6446,0.005,0.3504
SPADES FIVE DIAMONDS JACK,0.7302,0.0284,0.2414
DIAMONDS JACK SPADES TWO,0.6566,0.0036,0.3398
DIAMONDS JACK SPADES THREE,0.6434,0.0058,0.3508
SPADES ACE DIAMONDS THREE,0.323,0.4548,0.2222
SPADES QUEEN DIAMONDS THREE,0.6484,0.0054,0.3462
CLUBS EIGHT DIAMONDS JACK,0.5862,0.006,0.4078
SPADES KING DIAMONDS THREE,0.6568,0.0056,0.3376
CLUBS NINE DIAMONDS JACK,0.5754,0.0038,0.4208
CLUBS SIX DIAMONDS JACK,0.6126,0.003,0.3844
CLUBS SEVEN DIAMONDS JACK,0.5974,0.0036,0.399
CLUBS FOUR DIAMONDS JACK,0.6428,0.0054,0.3518
CLUBS FIVE DIAMONDS JACK,0.7414,0.0266,0.232
CLUBS TWO DIAMONDS JACK,0.6534,0.0048,0.3418
CLUBS THREE DIAMONDS JACK,0.6534,0.0044,0.3422
SPADES TEN CLUBS FIVE,0.744,0.0234,0.2326
SPADES JACK HEARTS SIX,0.6116,0.0046,0.3838
HEARTS SIX SPADES TEN,0.5954,0.0054,0.3992
SPADES JACK CLUBS FIVE,0.7334,0.0292,0.2374
SPADES JACK DIAMONDS THREE,0.6494,0.0026,0.348
DIAMONDS THREE SPADES TEN,0.6602,0.005,0.3348
CLUBS SEVEN CLUBS QUEEN,0.5868,0.0046,0.4086
CLUBS SEVEN CLUBS KING,0.578,0.0042,0.4178
SPADES NINE DIAMONDS JACK,0.5722,0.0024,0.4254
CLUBS TEN CLUBS SEVEN,0.556,0.0048,0.4392
DIAMONDS ACE HEARTS ACE,0.066,0.0154,0.9186
HEARTS FOUR HEARTS ACE,0.312,0.4318,0.2562
SPADES EIGHT DIAMONDS JACK,0.5816,0.005,0.4134
SPADES ACE HEARTS SIX,0.2472,0.3752,0.3776
CLUBS SEVEN CLUBS JACK,0.5656,0.0042,0.4302
DIAMONDS ACE HEARTS KING,0.2506,0.0552,0.6942
HEARTS FOUR HEARTS KING,0.6176,0.0052,0.3772
SPADES SEVEN DIAMONDS JACK,0.6056,0.0026,0.3918
SPADES KING HEARTS SIX,0.603,0.0036,0.3934
DIAMONDS ACE HEARTS QUEEN,0.2674,0.061,0.6716
HEARTS FOUR HEARTS QUEEN,0.6224,0.004,0.3736
SPADES QUEEN HEARTS SIX,0.605,0.0048,0.3902
SPADES SIX DIAMONDS JACK,0.6132,0.003,0.3838
DIAMONDS TEN SPADES TWO,0.6452,0.004,0.3508
SPADES THREE DIAMONDS TEN,0.6454,0.0032,0.3514
SPADES FOUR DIAMONDS TEN,0.6462,0.0058,0.348
SPADES FIVE DIAMONDS TEN,0.739,0.0238,0.2372
SPADES SIX DIAMONDS TEN,0.5972,0.0032,0.3996
SPADES SEVEN DIAMONDS TEN,0.5798,0.0032,0.417
SPADES EIGHT DIAMONDS TEN,0.5544,0.004,0.4416
SPADES NINE DIAMONDS TEN,0.5534,0.0034,0.4432
CLUBS FOUR DIAMONDS TEN,0.6512,0.0056,0.3432
CLUBS FIVE DIAMONDS TEN,0.7234,0.028,0.2486
CLUBS SIX DIAMONDS TEN,0.6152,0.0046,0.3802
CLUBS SEVEN DIAMONDS TEN,0.5964,0.0034,0.4002
CLUBS EIGHT DIAMONDS TEN,0.5788,0.0034,0.4178
CLUBS NINE DIAMONDS TEN,0.5472,0.0038,0.449
DIAMONDS THREE CLUBS JACK,0.6484,0.0046,0.347
CLUBS TEN DIAMONDS THREE,0.6334,0.007,0.3596
DIAMONDS THREE CLUBS KING,0.6592,0.0052,0.3356
DIAMONDS THREE CLUBS QUEEN,0.6476,0.0054,0.347
SPADES FOUR HEARTS JACK,0.6454,0.0038,0.3508
SPADES FOUR HEARTS TEN,0.637,0.0046,0.3584
SPADES FIVE SPADES TWO,0.687,0.0248,0.2882
SPADES FOUR SPADES TWO,0.6308,0.0052,0.364
SPADES THREE SPADES TWO,0.635,0.0062,0.3588
SPADES NINE SPADES TWO,0.6178,0.0042,0.378
SPADES EIGHT SPADES TWO,0.6108,0.0032,0.386
SPADES SEVEN SPADES TWO,0.6172,0.0056,0.3772
SPADES SIX SPADES TWO,0.6184,0.0042,0.3774
DIAMONDS QUEEN CLUBS THREE,0.6556,0.0068,0.3376
CLUBS THREE HEARTS TWO,0.6722,0.0066,0.3212
DIAMONDS QUEEN CLUBS TWO,0.6522,0.004,0.3438
HEARTS TWO CLUBS TWO,0.4766,0.0076,0.5158
HEARTS SEVEN DIAMONDS QUEEN,0.607,0.004,0.389
HEARTS SEVEN HEARTS TWO,0.6256,0.0036,0.3708
HEARTS SIX DIAMONDS QUEEN,0.6028,0.0054,0.3918
HEARTS SIX HEARTS TWO,0.6278,0.0068,0.3654
DIAMONDS QUEEN HEARTS NINE,0.5818,0.0056,0.4126
HEARTS TWO HEARTS NINE,0.6186,0.0062,0.3752
DIAMONDS QUEEN HEARTS EIGHT,0.5832,0.0022,0.4146
HEARTS TWO HEARTS EIGHT,0.6276,0.0056,0.3668
CLUBS NINE HEARTS TWO,0.6662,0.0056,0.3282
CLUBS NINE DIAMONDS QUEEN,0.5918,0.0042,0.404
CLUBS EIGHT HEARTS TWO,0.668,0.0068,0.3252
CLUBS EIGHT DIAMONDS QUEEN,0.6014,0.0048,0.3938
CLUBS FIVE DIAMONDS QUEEN,0.7414,0.0298,0.2288
CLUBS FIVE HEARTS TWO,0.752,0.0258,0.2222
SPADES EIGHT HEARTS ACE,0.2374,0.227,0.5356
DIAMONDS QUEEN CLUBS FOUR,0.651,0.0042,0.3448
HEARTS TWO CLUBS FOUR,0.6754,0.0062,0.3184
CLUBS SEVEN DIAMONDS QUEEN,0.604,0.0036,0.3924
CLUBS SEVEN HEARTS TWO,0.6666,0.0062,0.3272
SPADES EIGHT HEARTS QUEEN,0.5916,0.0038,0.4046
CLUBS SIX DIAMONDS QUEEN,0.6084,0.0046,0.387
CLUBS SIX HEARTS TWO,0.6546,0.0048,0.3406
SPADES EIGHT HEARTS KING,0.6054,0.0052,0.3894
HEARTS TWO SPADES SIX,0.6506,0.0056,0.3438
DIAMONDS QUEEN SPADES SIX,0.6204,0.0038,0.3758
HEARTS FOUR CLUBS QUEEN,0.6692,0.0046,0.3262
DIAMONDS ACE CLUBS QUEEN,0.2622,0.0658,0.672
DIAMONDS QUEEN SPADES SEVEN,0.6082,0.0024,0.3894
HEARTS TWO SPADES SEVEN,0.676,0.0044,0.3196
HEARTS FOUR CLUBS KING,0.6526,0.0064,0.341
DIAMONDS ACE CLUBS KING,0.262,0.054,0.684
DIAMONDS QUEEN SPADES EIGHT,0.6048,0.003,0.3922
SPADES EIGHT HEARTS TWO,0.6556,0.0052,0.3392
SPADES NINE DIAMONDS QUEEN,0.5732,0.004,0.4228
SPADES NINE HEARTS TWO,0.6588,0.0044,0.3368
HEARTS TWO SPADES TWO,0.4806,0.0062,0.5132
DIAMONDS QUEEN SPADES TWO,0.6492,0.005,0.3458
HEARTS TWO SPADES THREE,0.681,0.0062,0.3128
DIAMONDS QUEEN SPADES THREE,0.6484,0.0038,0.3478
HEARTS TWO SPADES FOUR,0.6794,0.0036,0.317
DIAMONDS QUEEN SPADES FOUR,0.645,0.0044,0.3506
HEARTS FOUR CLUBS TEN,0.6554,0.006,0.3386
CLUBS TEN DIAMONDS ACE,0.2592,0.1188,0.622
HEARTS TWO SPADES FIVE,0.7462,0.0256,0.2282
DIAMONDS QUEEN SPADES FIVE,0.7444,0.0234,0.2322
HEARTS FOUR CLUBS JACK,0.662,0.0038,0.3342
DIAMONDS ACE CLUBS JACK,0.2596,0.0838,0.6566
CLUBS FIVE CLUBS KING,0.7062,0.0334,0.2604
CLUBS FIVE CLUBS QUEEN,0.71,0.0234,0.2666
CLUBS FIVE CLUBS JACK,0.707,0.0296,0.2634
CLUBS TEN CLUBS FIVE,0.7088,0.025,0.2662
SPADES KING CLUBS JACK,0.584,0.0048,0.4112
SPADES QUEEN CLUBS JACK,0.558,0.0042,0.4378
SPADES ACE CLUBS JACK,0.262,0.087,0.651
SPADES SIX CLUBS KING,0.6118,0.0048,0.3834
SPADES SIX CLUBS QUEEN,0.618,0.0032,0.3788
SPADES EIGHT HEARTS JACK,0.569,0.0044,0.4266
SPADES EIGHT HEARTS TEN,0.5674,0.0028,0.4298
SPADES SIX CLUBS JACK,0.6166,0.0042,0.3792
CLUBS TEN SPADES SIX,0.6016,0.0022,0.3962
SPADES TEN CLUBS JACK,0.5574,0.0034,0.4392
SPADES JACK CLUBS JACK,0.3314,0.0028,0.6658
SPADES QUEEN CLUBS SEVEN,0.6036,0.004,0.3924
SPADES KING CLUBS SEVEN,0.6054,0.0044,0.3902
SPADES ACE CLUBS SEVEN,0.23,0.3104,0.4596
SPADES SIX HEARTS TEN,0.5936,0.0046,0.4018
SPADES SIX HEARTS JACK,0.6096,0.0038,0.3866
SPADES SIX HEARTS ACE,0.2346,0.3812,0.3842
SPADES SIX HEARTS KING,0.5982,0.0034,0.3984
SPADES SIX HEARTS QUEEN,0.6082,0.004,0.3878
CLUBS SEVEN SPADES JACK,0.6032,0.0038,0.393
CLUBS SEVEN SPADES TEN,0.5838,0.0038,0.4124
CLUBS TEN HEARTS SIX,0.598,0.0064,0.3956
HEARTS SIX CLUBS JACK,0.6136,0.006,0.3804
HEARTS SIX CLUBS QUEEN,0.5966,0.0028,0.4006
HEARTS SIX CLUBS KING,0.6098,0.0064,0.3838
CLUBS QUEEN CLUBS JACK,0.5482,0.0058,0.446
CLUBS KING CLUBS JACK,0.553,0.0054,0.4416
DIAMONDS THREE HEARTS ACE,0.3268,0.457,0.2162
DIAMONDS THREE HEARTS QUEEN,0.647,0.0072,0.3458
DIAMONDS THREE HEARTS KING,0.6488,0.0056,0.3456
CLUBS FIVE HEARTS JACK,0.7422,0.0292,0.2286
SPADES TEN DIAMONDS ACE,0.245,0.1058,0.6492
HEARTS FOUR SPADES TEN,0.6432,0.0046,0.3522
CLUBS FIVE HEARTS TEN,0.737,0.031,0.232
HEARTS FOUR SPADES JACK,0.6514,0.005,0.3436
SPADES JACK DIAMONDS ACE,0.2522,0.0936,0.6542
SPADES ACE HEARTS FOUR,0.3188,0.4598,0.2214
SPADES ACE DIAMONDS ACE,0.0798,0.0124,0.9078
CLUBS FIVE HEARTS ACE,0.0088,0.9846,0.0066
CLUBS FIVE HEARTS KING,0.756,0.0302,0.2138
HEARTS FOUR SPADES QUEEN,0.6572,0.006,0.3368
SPADES QUEEN DIAMONDS ACE,0.2678,0.0646,0.6676
SPADES FOUR CLUBS JACK,0.6462,0.0052,0.3486
CLUBS FIVE HEARTS QUEEN,0.7418,0.033,0.2252
SPADES KING DIAMONDS ACE,0.2714,0.0492,0.6794
HEARTS FOUR SPADES KING,0.6694,0.0034,0.3272
CLUBS TEN SPADES FOUR,0.6646,0.005,0.3304
DIAMONDS QUEEN DIAMONDS ACE,0.2488,0.0626,0.6886
HEARTS TWO DIAMONDS ACE,0.3318,0.4556,0.2126
HEARTS FOUR DIAMONDS QUEEN,0.6472,0.0052,0.3476
HEARTS FOUR HEARTS TWO,0.6462,0.0054,0.3484
DIAMONDS THREE HEARTS TEN,0.6498,0.005,0.3452
SPADES FOUR CLUBS KING,0.65,0.007,0.343
DIAMONDS THREE HEARTS JACK,0.631,0.006,0.363
SPADES FOUR CLUBS QUEEN,0.6428,0.006,0.3512
DIAMONDS QUEEN HEARTS TWO,0.6496,0.0036,0.3468
DIAMONDS KING DIAMONDS QUEEN,0.5336,0.0042,0.4622
DIAMONDS KING HEARTS TWO,0.6536,0.0052,0.3412
HEARTS THREE DIAMONDS QUEEN,0.6578,0.0046,0.3376
HEARTS THREE HEARTS TWO,0.63,0.0066,0.3634
HEARTS TWO CLUBS QUEEN,0.661,0.0056,0.3334
DIAMONDS QUEEN CLUBS QUEEN,0.3126,0.005,0.6824
HEARTS TWO CLUBS KING,0.6656,0.0052,0.3292
DIAMONDS QUEEN CLUBS KING,0.5866,0.0048,0.4086
SPADES EIGHT SPADES FIVE,0.6744,0.0246,0.301
CLUBS TEN HEARTS TWO,0.6514,0.007,0.3416
CLUBS TEN DIAMONDS QUEEN,0.56,0.0034,0.4366
SPADES NINE SPADES FIVE,0.6804,0.0254,0.2942
HEARTS TWO CLUBS JACK,0.6536,0.0074,0.339
DIAMONDS QUEEN CLUBS JACK,0.56,0.0056,0.4344
SPADES SIX SPADES FIVE,0.6726,0.0188,0.3086
SPADES SEVEN SPADES FIVE,0.6664,0.0186,0.315
DIAMONDS FIVE CLUBS QUEEN,0.7362,0.0318,0.232
DIAMONDS FIVE CLUBS KING,0.7384,0.033,0.2286
SPADES EIGHT CLUBS KING,0.6082,0.0052,0.3866
SPADES EIGHT CLUBS QUEEN,0.6016,0.0046,0.3938
SPADES EIGHT CLUBS JACK,0.5908,0.003,0.4062
CLUBS TEN SPADES EIGHT,0.5794,0.0034,0.4172
CLUBS TEN DIAMONDS FIVE,0.7396,0.025,0.2354
DIAMONDS FIVE CLUBS JACK,0.7404,0.0292,0.2304
DIAMONDS TEN HEARTS JACK,0.5506,0.004,0.4454
DIAMONDS TEN HEARTS TEN,0.3306,0.004,0.6654
SPADES ACE CLUBS NINE,0.2604,0.1748,0.5648
CLUBS NINE SPADES QUEEN,0.5884,0.0042,0.4074
CLUBS NINE SPADES KING,0.5924,0.0046,0.403
HEARTS SIX HEARTS KING,0.5872,0.005,0.4078
DIAMONDS KING SPADES SEVEN,0.6044,0.0046,0.391
HEARTS THREE SPADES SEVEN,0.6554,0.0038,0.3408
SPADES KING DIAMONDS SEVEN,0.6104,0.003,0.3866
HEARTS SIX HEARTS QUEEN,0.5746,0.0042,0.4212
