opposingHand,winningChance,drawChance,lostChance
HEARTS KING DIAMONDS QUEEN
HEARTS FIVE SPADES TEN,0.685,0.0062,0.3088
HEARTS FIVE SPADES JACK,0.6734,0.0076,0.319
CLUBS JACK SPADES FIVE,0.6716,0.0066,0.3218
CLUBS TEN SPADES FIVE,0.6792,0.0052,0.3156
CLUBS JACK CLUBS EIGHT,0.6328,0.004,0.3632
CLUBS TEN CLUBS EIGHT,0.593,0.006,0.401
CLUBS EIGHT CLUBS KING,0.6492,0.0604,0.2904
SPADES FIVE CLUBS ACE,0.4152,0.0052,0.5796
CLUBS EIGHT CLUBS QUEEN,0.6996,0.0242,0.2762
SPADES FIVE CLUBS KING,0.6882,0.0596,0.2522
SPADES FIVE CLUBS QUEEN,0.7402,0.0262,0.2336
CLUBS EIGHT CLUBS ACE,0.4072,0.005,0.5878
DIAMONDS TWO DIAMONDS THREE,0.6142,0.0084,0.3774
DIAMONDS TWO DIAMONDS FIVE,0.6186,0.0094,0.372
HEARTS FIVE SPADES KING,0.706,0.0604,0.2336
DIAMONDS TWO DIAMONDS FOUR,0.6258,0.0078,0.3664
HEARTS FIVE SPADES QUEEN,0.7366,0.0298,0.2336
DIAMONDS TWO DIAMONDS SEVEN,0.639,0.0062,0.3548
DIAMONDS TWO DIAMONDS SIX,0.638,0.0062,0.3558
SPADES ACE HEARTS FIVE,0.4058,0.005,0.5892
DIAMONDS TWO DIAMONDS NINE,0.6466,0.0072,0.3462
DIAMONDS TWO DIAMONDS EIGHT,0.6528,0.0082,0.339
DIAMONDS THREE DIAMONDS FOUR,0.6032,0.01,0.3868
CLUBS TWO SPADES FOUR,0.6368,0.0088,0.3544
DIAMONDS THREE DIAMONDS FIVE,0.6072,0.0068,0.386
CLUBS TWO SPADES FIVE,0.6368,0.008,0.3552
CLUBS TWO SPADES TWO,0.4764,0.0106,0.513
CLUBS TWO SPADES THREE,0.6518,0.007,0.3412
DIAMONDS THREE DIAMONDS EIGHT,0.6416,0.0086,0.3498
SPADES EIGHT CLUBS TWO,0.672,0.006,0.322
DIAMONDS THREE DIAMONDS NINE,0.646,0.0066,0.3474
SPADES NINE CLUBS TWO,0.6632,0.005,0.3318
DIAMONDS THREE DIAMONDS SIX,0.6222,0.0078,0.37
SPADES SIX CLUBS TWO,0.65,0.007,0.343
DIAMONDS THREE DIAMONDS SEVEN,0.6386,0.0056,0.3558
SPADES SEVEN CLUBS TWO,0.6772,0.0054,0.3174
CLUBS SIX CLUBS TWO,0.612,0.0052,0.3828
CLUBS SEVEN CLUBS TWO,0.6348,0.0062,0.359
CLUBS FOUR CLUBS TWO,0.6098,0.0078,0.3824
CLUBS FIVE CLUBS TWO,0.5954,0.0072,0.3974
CLUBS TEN CLUBS JACK,0.599,0.0066,0.3944
DIAMONDS FOUR DIAMONDS SIX,0.6158,0.0062,0.378
CLUBS TEN CLUBS QUEEN,0.6862,0.0242,0.2896
DIAMONDS FOUR DIAMONDS SEVEN,0.619,0.0066,0.3744
CLUBS TEN CLUBS KING,0.659,0.0596,0.2814
CLUBS TEN CLUBS ACE,0.3704,0.0042,0.6254
CLUBS EIGHT CLUBS TWO,0.6334,0.0062,0.3604
DIAMONDS FIVE DIAMONDS FOUR,0.5952,0.008,0.3968
CLUBS NINE CLUBS TWO,0.633,0.0068,0.3602
DIAMONDS NINE DIAMONDS FOUR,0.6412,0.0074,0.3514
DIAMONDS EIGHT DIAMONDS FOUR,0.63,0.0062,0.3638
CLUBS TWO CLUBS THREE,0.6074,0.0086,0.384
DIAMONDS NINE DIAMONDS FIVE,0.6352,0.0074,0.3574
CLUBS JACK DIAMONDS TWO,0.6934,0.0064,0.3002
DIAMONDS EIGHT DIAMONDS FIVE,0.618,0.0052,0.3768
CLUBS TEN DIAMONDS TWO,0.684,0.0086,0.3074
DIAMONDS FIVE DIAMONDS SEVEN,0.5996,0.0076,0.3928
DIAMONDS FIVE DIAMONDS SIX,0.5966,0.0072,0.3962
DIAMONDS TWO CLUBS ACE,0.4106,0.0056,0.5838
DIAMONDS TWO CLUBS KING,0.7114,0.0662,0.2224
DIAMONDS TWO CLUBS QUEEN,0.7478,0.0316,0.2206
DIAMONDS EIGHT DIAMONDS SIX,0.6074,0.0068,0.3858
DIAMONDS NINE DIAMONDS SIX,0.6048,0.0074,0.3878
SPADES THREE HEARTS ACE,0.4134,0.0064,0.5802
DIAMONDS SEVEN DIAMONDS SIX,0.5988,0.0072,0.394
HEARTS QUEEN SPADES THREE,0.7324,0.0324,0.2352
SPADES THREE HEARTS JACK,0.6888,0.0036,0.3076
SPADES THREE HEARTS TEN,0.6896,0.0068,0.3036
DIAMONDS EIGHT DIAMONDS SEVEN,0.608,0.0088,0.3832
DIAMONDS NINE DIAMONDS SEVEN,0.6056,0.007,0.3874
DIAMONDS NINE DIAMONDS EIGHT,0.6044,0.0064,0.3892
DIAMONDS KING HEARTS TEN,0.6998,0.0602,0.24
HEARTS THREE HEARTS TEN,0.6594,0.0072,0.3334
SPADES JACK CLUBS SIX,0.683,0.0042,0.3128
DIAMONDS KING HEARTS JACK,0.702,0.0616,0.2364
HEARTS THREE HEARTS JACK,0.6578,0.0074,0.3348
SPADES TEN CLUBS SIX,0.66,0.0054,0.3346
SPADES JACK SPADES FIVE,0.6406,0.006,0.3534
SPADES TEN SPADES FIVE,0.6336,0.0072,0.3592
DIAMONDS KING HEARTS ACE,0.2274,0.0136,0.759
HEARTS THREE HEARTS ACE,0.4112,0.0054,0.5834
SPADES ACE CLUBS SIX,0.4114,0.0038,0.5848
DIAMONDS KING HEARTS QUEEN,0.0094,0.984,0.0066
HEARTS THREE HEARTS QUEEN,0.716,0.0296,0.2544
SPADES KING CLUBS SIX,0.697,0.0602,0.2428
SPADES QUEEN CLUBS SIX,0.737,0.0256,0.2374
SPADES NINE HEARTS TEN,0.6334,0.0084,0.3582
SPADES NINE HEARTS JACK,0.649,0.006,0.345
SPADES QUEEN SPADES FIVE,0.6904,0.0264,0.2832
SPADES KING SPADES FIVE,0.6562,0.061,0.2828
SPADES ACE SPADES FIVE,0.3922,0.0052,0.6026
SPADES NINE HEARTS QUEEN,0.7338,0.0278,0.2384
SPADES NINE HEARTS ACE,0.4188,0.0044,0.5768
CLUBS TEN SPADES JACK,0.626,0.0058,0.3682
CLUBS TEN SPADES TEN,0.4246,0.0054,0.57
SPADES ACE CLUBS TEN,0.3986,0.0036,0.5978
CLUBS TEN SPADES KING,0.7058,0.056,0.2382
CLUBS TEN SPADES QUEEN,0.7254,0.0236,0.251
SPADES FIVE HEARTS QUEEN,0.7428,0.0274,0.2298
SPADES FIVE HEARTS ACE,0.415,0.0058,0.5792
CLUBS EIGHT SPADES TEN,0.6486,0.0048,0.3466
SPADES JACK HEARTS THREE,0.6934,0.0066,0.3
SPADES JACK DIAMONDS KING,0.7042,0.0588,0.237
SPADES TEN DIAMONDS KING,0.694,0.0534,0.2526
SPADES TEN HEARTS THREE,0.6846,0.0066,0.3088
CLUBS EIGHT SPADES JACK,0.6594,0.0052,0.3354
CLUBS SIX HEARTS ACE,0.42,0.003,0.577
SPADES ACE CLUBS EIGHT,0.421,0.0016,0.5774
HEARTS FIVE CLUBS JACK,0.6748,0.0062,0.319
CLUBS TEN HEARTS FIVE,0.6914,0.0082,0.3004
CLUBS SIX HEARTS QUEEN,0.7374,0.0268,0.2358
SPADES QUEEN CLUBS EIGHT,0.7376,0.0242,0.2382
CLUBS TEN SPADES THREE,0.6738,0.0058,0.3204
SPADES KING CLUBS EIGHT,0.7056,0.0676,0.2268
CLUBS JACK SPADES THREE,0.685,0.0064,0.3086
DIAMONDS TWO HEARTS JACK,0.6806,0.0076,0.3118
SPADES THREE CLUBS QUEEN,0.74,0.0262,0.2338
DIAMONDS TWO HEARTS TEN,0.6926,0.0064,0.301
SPADES THREE CLUBS KING,0.6974,0.0626,0.24
HEARTS FIVE CLUBS ACE,0.428,0.004,0.568
SPADES FIVE HEARTS TEN,0.683,0.0064,0.3106
SPADES THREE CLUBS ACE,0.4236,0.0052,0.5712
HEARTS FIVE CLUBS KING,0.689,0.0654,0.2456
SPADES FIVE HEARTS JACK,0.6812,0.0066,0.3122
HEARTS FIVE CLUBS QUEEN,0.7336,0.029,0.2374
HEARTS THREE CLUBS KING,0.7102,0.0648,0.225
DIAMONDS KING CLUBS KING,0.091,0.0094,0.8996
HEARTS THREE CLUBS QUEEN,0.748,0.0304,0.2216
DIAMONDS KING CLUBS QUEEN,0.0124,0.9722,0.0154
HEARTS FIVE HEARTS JACK,0.6542,0.0074,0.3384
HEARTS FIVE HEARTS TEN,0.6506,0.0068,0.3426
HEARTS THREE CLUBS ACE,0.4354,0.0046,0.56
DIAMONDS KING CLUBS ACE,0.2422,0.0112,0.7466
SPADES ACE CLUBS QUEEN,0.2554,0.0108,0.7338
SPADES KING CLUBS QUEEN,0.022,0.9552,0.0228
CLUBS JACK HEARTS THREE,0.6752,0.006,0.3188
CLUBS JACK DIAMONDS KING,0.6932,0.054,0.2528
SPADES QUEEN CLUBS QUEEN,0.309,0.0102,0.6808
CLUBS TEN HEARTS THREE,0.689,0.008,0.303
CLUBS TEN DIAMONDS KING,0.6902,0.0628,0.247
SPADES JACK CLUBS QUEEN,0.7246,0.0282,0.2472
CLUBS SIX CLUBS QUEEN,0.69,0.0242,0.2858
SPADES TEN CLUBS QUEEN,0.7118,0.0216,0.2666
CLUBS SIX CLUBS KING,0.6534,0.0552,0.2914
CLUBS SIX CLUBS ACE,0.3962,0.0052,0.5986
HEARTS FIVE HEARTS QUEEN,0.7122,0.0282,0.2596
CLUBS TEN CLUBS SIX,0.607,0.005,0.388
HEARTS FIVE HEARTS ACE,0.3976,0.0052,0.5972
CLUBS JACK CLUBS SIX,0.6284,0.0042,0.3674
SPADES SEVEN HEARTS JACK,0.6812,0.0058,0.313
SPADES SEVEN HEARTS TEN,0.6594,0.0074,0.3332
DIAMONDS TWO CLUBS TWO,0.4716,0.0098,0.5186
DIAMONDS TWO CLUBS THREE,0.653,0.0088,0.3382
DIAMONDS TWO HEARTS SIX,0.6582,0.0084,0.3334
DIAMONDS TWO HEARTS QUEEN,0.7534,0.0314,0.2152
HEARTS SEVEN DIAMONDS TWO,0.6832,0.0084,0.3084
DIAMONDS TWO HEARTS EIGHT,0.6726,0.0084,0.319
DIAMONDS TWO HEARTS ACE,0.4208,0.0082,0.571
DIAMONDS TWO HEARTS NINE,0.678,0.01,0.312
DIAMONDS TWO HEARTS TWO,0.4842,0.0114,0.5044
DIAMONDS TWO DIAMONDS KING,0.6672,0.0684,0.2644
DIAMONDS TWO HEARTS THREE,0.6472,0.008,0.3448
DIAMONDS TWO DIAMONDS ACE,0.395,0.0058,0.5992
HEARTS FOUR DIAMONDS TWO,0.6594,0.0102,0.3304
HEARTS FIVE DIAMONDS TWO,0.6506,0.0094,0.34
SPADES SEVEN HEARTS ACE,0.4202,0.0044,0.5754
DIAMONDS TWO DIAMONDS TEN,0.6542,0.0088,0.337
DIAMONDS TWO DIAMONDS JACK,0.6604,0.0074,0.3322
SPADES SEVEN HEARTS QUEEN,0.7576,0.0296,0.2128
DIAMONDS TWO SPADES NINE,0.667,0.0066,0.3264
DIAMONDS TWO SPADES EIGHT,0.683,0.0074,0.3096
DIAMONDS TWO SPADES SEVEN,0.6692,0.0066,0.3242
DIAMONDS TWO SPADES SIX,0.6562,0.0066,0.3372
DIAMONDS TWO SPADES FIVE,0.6522,0.0068,0.341
DIAMONDS TWO SPADES FOUR,0.6506,0.007,0.3424
DIAMONDS TWO SPADES THREE,0.6488,0.008,0.3432
DIAMONDS TWO SPADES TWO,0.489,0.0094,0.5016
DIAMONDS TWO CLUBS NINE,0.6768,0.0078,0.3154
CLUBS EIGHT DIAMONDS TWO,0.6714,0.0056,0.323
DIAMONDS TWO CLUBS SEVEN,0.6674,0.0064,0.3262
DIAMONDS TWO CLUBS SIX,0.6554,0.0068,0.3378
DIAMONDS TWO CLUBS FIVE,0.644,0.0084,0.3476
DIAMONDS TWO CLUBS FOUR,0.6564,0.0084,0.3352
CLUBS FOUR SPADES FIVE,0.6248,0.005,0.3702
CLUBS FOUR SPADES FOUR,0.4734,0.007,0.5196
CLUBS FOUR SPADES THREE,0.6306,0.0064,0.363
CLUBS FOUR SPADES TWO,0.65,0.0084,0.3416
SPADES NINE CLUBS FOUR,0.6564,0.006,0.3376
SPADES EIGHT CLUBS FOUR,0.6512,0.0092,0.3396
CLUBS FOUR SPADES SEVEN,0.6386,0.0056,0.3558
CLUBS FOUR SPADES SIX,0.6316,0.0054,0.363
SPADES ACE DIAMONDS SIX,0.4174,0.0034,0.5792
SPADES QUEEN DIAMONDS SIX,0.74,0.0276,0.2324
SPADES KING DIAMONDS SIX,0.693,0.0636,0.2434
SPADES TEN DIAMONDS SIX,0.6674,0.0062,0.3264
SPADES JACK DIAMONDS SIX,0.6726,0.0054,0.322
SPADES QUEEN SPADES TWO,0.6934,0.0248,0.2818
SPADES KING SPADES TWO,0.6674,0.0572,0.2754
SPADES ACE SPADES TWO,0.392,0.0042,0.6038
CLUBS JACK DIAMONDS JACK,0.4252,0.0032,0.5716
CLUBS TEN DIAMONDS JACK,0.6526,0.0082,0.3392
DIAMONDS JACK CLUBS KING,0.704,0.0606,0.2354
DIAMONDS JACK CLUBS QUEEN,0.7292,0.0206,0.2502
DIAMONDS THREE DIAMONDS JACK,0.6632,0.006,0.3308
DIAMONDS THREE DIAMONDS TEN,0.6412,0.0072,0.3516
DIAMONDS JACK CLUBS ACE,0.4142,0.0042,0.5816
DIAMONDS THREE DIAMONDS KING,0.6714,0.0634,0.2652
DIAMONDS THREE HEARTS THREE,0.4722,0.0094,0.5184
DIAMONDS THREE HEARTS TWO,0.6646,0.0082,0.3272
HEARTS FIVE DIAMONDS THREE,0.6446,0.01,0.3454
DIAMONDS THREE DIAMONDS ACE,0.3926,0.0058,0.6016
HEARTS FOUR DIAMONDS THREE,0.6472,0.0094,0.3434
HEARTS SEVEN DIAMONDS THREE,0.6624,0.0048,0.3328
SPADES TEN SPADES NINE,0.6012,0.0076,0.3912
HEARTS SIX DIAMONDS THREE,0.6464,0.0082,0.3454
SPADES JACK SPADES NINE,0.592,0.0062,0.4018
DIAMONDS THREE HEARTS NINE,0.6758,0.0084,0.3158
HEARTS JACK DIAMONDS FOUR,0.6876,0.0072,0.3052
SPADES TEN SPADES TWO,0.6464,0.005,0.3486
DIAMONDS THREE HEARTS EIGHT,0.6882,0.0052,0.3066
HEARTS TEN DIAMONDS FOUR,0.6818,0.0084,0.3098
SPADES JACK SPADES TWO,0.6496,0.006,0.3444
HEARTS QUEEN DIAMONDS FOUR,0.7474,0.0298,0.2228
SPADES ACE SPADES NINE,0.4022,0.005,0.5928
HEARTS ACE DIAMONDS FOUR,0.4216,0.005,0.5734
SPADES KING SPADES NINE,0.6628,0.0582,0.279
SPADES QUEEN SPADES NINE,0.6828,0.0226,0.2946
DIAMONDS THREE SPADES NINE,0.6702,0.0056,0.3242
DIAMONDS THREE SPADES EIGHT,0.673,0.0064,0.3206
DIAMONDS THREE SPADES SEVEN,0.6676,0.0086,0.3238
DIAMONDS THREE SPADES SIX,0.6534,0.0044,0.3422
DIAMONDS THREE CLUBS SIX,0.6594,0.0056,0.335
CLUBS SIX CLUBS FIVE,0.5882,0.0048,0.407
CLUBS ACE DIAMONDS FOUR,0.4216,0.0038,0.5746
DIAMONDS THREE CLUBS SEVEN,0.666,0.0054,0.3286
CLUBS SEVEN CLUBS FIVE,0.5864,0.0066,0.407
DIAMONDS THREE CLUBS FOUR,0.6416,0.0072,0.3512
DIAMONDS FOUR CLUBS QUEEN,0.7396,0.029,0.2314
DIAMONDS THREE CLUBS FIVE,0.638,0.0094,0.3526
DIAMONDS FOUR CLUBS KING,0.6954,0.0628,0.2418
DIAMONDS THREE CLUBS TWO,0.6586,0.0102,0.3312
CLUBS TEN DIAMONDS FOUR,0.6796,0.0064,0.314
DIAMONDS THREE CLUBS THREE,0.4796,0.0072,0.5132
CLUBS JACK DIAMONDS FOUR,0.6752,0.0066,0.3182
DIAMONDS THREE SPADES FOUR,0.6254,0.0078,0.3668
DIAMONDS THREE SPADES FIVE,0.623,0.0076,0.3694
DIAMONDS THREE SPADES TWO,0.6476,0.008,0.3444
DIAMONDS THREE SPADES THREE,0.4738,0.0084,0.5178
CLUBS EIGHT DIAMONDS THREE,0.6752,0.0062,0.3186
CLUBS NINE DIAMONDS THREE,0.6752,0.0062,0.3186
SPADES SEVEN CLUBS ACE,0.4262,0.0028,0.571
SPADES SEVEN CLUBS QUEEN,0.7552,0.0264,0.2184
SPADES SEVEN CLUBS KING,0.688,0.065,0.247
SPADES SEVEN CLUBS FIVE,0.6156,0.008,0.3764
CLUBS TEN SPADES SEVEN,0.6512,0.0074,0.3414
CLUBS FIVE SPADES SIX,0.6224,0.0046,0.373
CLUBS JACK SPADES SEVEN,0.6588,0.0044,0.3368
SPADES NINE CLUBS FIVE,0.6738,0.0084,0.3178
SPADES EIGHT CLUBS FIVE,0.6486,0.0044,0.347
CLUBS FIVE SPADES THREE,0.6276,0.0068,0.3656
CLUBS FIVE SPADES TWO,0.6456,0.007,0.3474
CLUBS FIVE SPADES FIVE,0.4654,0.0052,0.5294
CLUBS FIVE SPADES FOUR,0.6096,0.0084,0.382
CLUBS NINE CLUBS FIVE,0.6232,0.0078,0.369
CLUBS EIGHT CLUBS FIVE,0.611,0.0082,0.3808
CLUBS ACE CLUBS QUEEN,0.246,0.0102,0.7438
CLUBS KING CLUBS QUEEN,0.0204,0.9068,0.0728
DIAMONDS TEN DIAMONDS FOUR,0.6544,0.0068,0.3388
CLUBS TEN DIAMONDS NINE,0.6386,0.0052,0.3562
DIAMONDS JACK DIAMONDS FOUR,0.6482,0.0082,0.3436
CLUBS JACK DIAMONDS NINE,0.6446,0.0062,0.3492
CLUBS JACK SPADES NINE,0.653,0.0058,0.3412
CLUBS TEN SPADES NINE,0.6314,0.0062,0.3624
DIAMONDS ACE DIAMONDS FOUR,0.4072,0.0044,0.5884
HEARTS FOUR DIAMONDS FOUR,0.468,0.0112,0.5208
DIAMONDS JACK HEARTS TEN,0.6534,0.0074,0.3392
SPADES NINE CLUBS KING,0.7034,0.0616,0.235
DIAMONDS TWO SPADES TEN,0.6864,0.0064,0.3072
DIAMONDS NINE CLUBS ACE,0.4192,0.0036,0.5772
HEARTS FIVE DIAMONDS FOUR,0.6276,0.0068,0.3656
DIAMONDS JACK HEARTS JACK,0.425,0.0034,0.5716
SPADES NINE CLUBS QUEEN,0.7306,0.0248,0.2446
DIAMONDS TWO SPADES JACK,0.673,0.008,0.319
HEARTS TWO DIAMONDS FOUR,0.6602,0.0084,0.3314
DIAMONDS NINE CLUBS QUEEN,0.7364,0.0264,0.2372
DIAMONDS KING DIAMONDS FOUR,0.6558,0.0644,0.2798
HEARTS THREE DIAMONDS FOUR,0.6386,0.009,0.3524
SPADES NINE CLUBS ACE,0.4176,0.004,0.5784
DIAMONDS NINE CLUBS KING,0.7072,0.0582,0.2346
DIAMONDS JACK HEARTS ACE,0.3856,0.006,0.6084
SPADES ACE DIAMONDS TWO,0.4254,0.0058,0.5688
HEARTS QUEEN DIAMONDS JACK,0.7386,0.033,0.2284
SPADES QUEEN DIAMONDS TWO,0.7442,0.0286,0.2272
SPADES KING DIAMONDS TWO,0.7178,0.0618,0.2204
SPADES JACK SPADES SEVEN,0.6272,0.0056,0.3672
SPADES TEN SPADES SEVEN,0.6254,0.005,0.3696
CLUBS SEVEN CLUBS THREE,0.6116,0.0054,0.383
CLUBS SIX CLUBS THREE,0.5928,0.007,0.4002
CLUBS FIVE CLUBS THREE,0.6064,0.01,0.3836
CLUBS FOUR CLUBS THREE,0.5942,0.007,0.3988
CLUBS NINE CLUBS THREE,0.6228,0.0064,0.3708
CLUBS EIGHT CLUBS THREE,0.6224,0.0068,0.3708
SPADES FIVE CLUBS THREE,0.6332,0.0078,0.359
CLUBS THREE SPADES FOUR,0.6426,0.0092,0.3482
CLUBS THREE SPADES THREE,0.4676,0.0106,0.5218
CLUBS THREE SPADES TWO,0.6488,0.006,0.3452
SPADES SIX CLUBS THREE,0.643,0.0058,0.3512
SPADES SEVEN CLUBS THREE,0.6616,0.0076,0.3308
SPADES EIGHT CLUBS THREE,0.6778,0.0066,0.3156
SPADES NINE CLUBS THREE,0.671,0.009,0.32
SPADES TWO DIAMONDS FOUR,0.659,0.0066,0.3344
SPADES THREE DIAMONDS FOUR,0.626,0.0064,0.3676
SPADES FOUR DIAMONDS FOUR,0.4744,0.0086,0.517
SPADES FIVE DIAMONDS FOUR,0.6264,0.0062,0.3674
SPADES SIX DIAMONDS FOUR,0.6286,0.008,0.3634
SPADES SEVEN DIAMONDS FOUR,0.6482,0.0064,0.3454
SPADES EIGHT DIAMONDS FOUR,0.6642,0.0076,0.3282
SPADES NINE DIAMONDS FOUR,0.6732,0.0052,0.3216
CLUBS FIVE DIAMONDS FOUR,0.6246,0.0078,0.3676
CLUBS FOUR DIAMONDS FOUR,0.465,0.0086,0.5264
CLUBS SEVEN DIAMONDS FOUR,0.6536,0.0086,0.3378
CLUBS SIX DIAMONDS FOUR,0.6326,0.0068,0.3606
CLUBS NINE DIAMONDS FOUR,0.677,0.0066,0.3164
CLUBS EIGHT DIAMONDS FOUR,0.6688,0.0078,0.3234
HEARTS SEVEN DIAMONDS FOUR,0.6534,0.0094,0.3372
HEARTS SIX DIAMONDS FOUR,0.6364,0.0058,0.3578
DIAMONDS FOUR HEARTS NINE,0.6772,0.0076,0.3152
DIAMONDS FOUR HEARTS EIGHT,0.6672,0.0078,0.325
CLUBS THREE DIAMONDS FOUR,0.6408,0.0076,0.3516
CLUBS TWO DIAMONDS FOUR,0.6504,0.0074,0.3422
DIAMONDS TEN DIAMONDS FIVE,0.6476,0.009,0.3434
DIAMONDS JACK DIAMONDS FIVE,0.6528,0.0058,0.3414
DIAMONDS NINE HEARTS QUEEN,0.7434,0.0286,0.228
DIAMONDS NINE HEARTS ACE,0.419,0.0054,0.5756
DIAMONDS NINE HEARTS TEN,0.6446,0.0078,0.3476
DIAMONDS NINE HEARTS JACK,0.6704,0.0058,0.3238
CLUBS KING DIAMONDS SIX,0.703,0.0638,0.2332
CLUBS QUEEN DIAMONDS SIX,0.739,0.0248,0.2362
CLUBS ACE DIAMONDS SIX,0.4194,0.0034,0.5772
SPADES KING DIAMONDS FOUR,0.6952,0.0658,0.239
SPADES ACE SPADES SEVEN,0.405,0.0038,0.5912
SPADES QUEEN DIAMONDS FOUR,0.7536,0.0242,0.2222
SPADES QUEEN SPADES SEVEN,0.6934,0.0244,0.2822
CLUBS JACK DIAMONDS SIX,0.6898,0.006,0.3042
SPADES KING SPADES SEVEN,0.6448,0.0582,0.297
SPADES ACE DIAMONDS FOUR,0.4312,0.0044,0.5644
CLUBS TEN DIAMONDS SIX,0.6722,0.0048,0.323
CLUBS NINE CLUBS FOUR,0.6206,0.0078,0.3716
CLUBS EIGHT CLUBS FOUR,0.6256,0.0056,0.3688
SPADES JACK DIAMONDS FOUR,0.6952,0.008,0.2968
SPADES TEN DIAMONDS FOUR,0.6682,0.0084,0.3234
CLUBS FOUR CLUBS FIVE,0.5816,0.0066,0.4118
CLUBS SEVEN CLUBS FOUR,0.6024,0.0078,0.3898
CLUBS SIX CLUBS FOUR,0.6058,0.0078,0.3864
CLUBS SEVEN SPADES EIGHT,0.6178,0.004,0.3782
SPADES NINE CLUBS SEVEN,0.6416,0.0052,0.3532
CLUBS SEVEN SPADES SIX,0.624,0.0062,0.3698
CLUBS SEVEN SPADES SEVEN,0.4654,0.0052,0.5294
CLUBS SEVEN SPADES FIVE,0.639,0.005,0.356
CLUBS SEVEN SPADES FOUR,0.6472,0.0054,0.3474
CLUBS SEVEN SPADES THREE,0.654,0.004,0.342
CLUBS SEVEN SPADES TWO,0.6612,0.007,0.3318
CLUBS NINE CLUBS SEVEN,0.6064,0.0058,0.3878
CLUBS EIGHT CLUBS SEVEN,0.5996,0.0088,0.3916
HEARTS SIX DIAMONDS FIVE,0.6238,0.0094,0.3668
HEARTS SEVEN DIAMONDS FIVE,0.6442,0.0096,0.3462
DIAMONDS FIVE HEARTS EIGHT,0.6572,0.0076,0.3352
DIAMONDS FIVE HEARTS NINE,0.6566,0.008,0.3354
HEARTS TWO DIAMONDS FIVE,0.6438,0.0094,0.3468
DIAMONDS KING DIAMONDS FIVE,0.657,0.0638,0.2792
HEARTS THREE DIAMONDS FIVE,0.644,0.0064,0.3496
HEARTS QUEEN HEARTS EIGHT,0.7166,0.0248,0.2586
DIAMONDS ACE DIAMONDS FIVE,0.3958,0.0034,0.6008
HEARTS FOUR DIAMONDS FIVE,0.6356,0.0086,0.3558
HEARTS FIVE DIAMONDS FIVE,0.4882,0.0074,0.5044
HEARTS ACE HEARTS EIGHT,0.4024,0.0046,0.593
CLUBS FOUR DIAMONDS FIVE,0.6286,0.006,0.3654
CLUBS FIVE DIAMONDS FIVE,0.4796,0.007,0.5134
CLUBS SIX DIAMONDS FIVE,0.6268,0.0068,0.3664
CLUBS SEVEN DIAMONDS FIVE,0.634,0.0062,0.3598
CLUBS TWO DIAMONDS FIVE,0.6534,0.0088,0.3378
CLUBS THREE DIAMONDS FIVE,0.6298,0.009,0.3612
SPADES THREE DIAMONDS FIVE,0.6134,0.01,0.3766
SPADES TWO DIAMONDS FIVE,0.651,0.0074,0.3416
SPADES JACK DIAMONDS EIGHT,0.657,0.0078,0.3352
SPADES FIVE DIAMONDS FIVE,0.4746,0.0076,0.5178
CLUBS TEN HEARTS JACK,0.6494,0.0054,0.3452
SPADES TEN DIAMONDS EIGHT,0.6594,0.0072,0.3334
SPADES FOUR DIAMONDS FIVE,0.6148,0.0068,0.3784
CLUBS JACK HEARTS JACK,0.4266,0.005,0.5684
HEARTS JACK CLUBS QUEEN,0.7316,0.0246,0.2438
CLUBS NINE DIAMONDS FIVE,0.654,0.0062,0.3398
CLUBS EIGHT DIAMONDS FIVE,0.655,0.0068,0.3382
HEARTS JACK CLUBS KING,0.7106,0.0554,0.234
CLUBS ACE HEARTS JACK,0.4182,0.006,0.5758
SPADES SEVEN DIAMONDS FIVE,0.6354,0.0052,0.3594
SPADES KING DIAMONDS EIGHT,0.6984,0.0608,0.2408
SPADES QUEEN DIAMONDS EIGHT,0.761,0.0256,0.2134
SPADES SIX DIAMONDS FIVE,0.6208,0.0104,0.3688
SPADES NINE DIAMONDS FIVE,0.6522,0.0058,0.342
SPADES EIGHT DIAMONDS FIVE,0.6462,0.0078,0.346
SPADES ACE DIAMONDS EIGHT,0.4306,0.0036,0.5658
DIAMONDS TEN DIAMONDS SIX,0.645,0.0056,0.3494
HEARTS ACE DIAMONDS SEVEN,0.4336,0.0056,0.5608
DIAMONDS JACK DIAMONDS SIX,0.6586,0.0058,0.3356
HEARTS QUEEN DIAMONDS SEVEN,0.7572,0.0252,0.2176
DIAMONDS ACE DIAMONDS SIX,0.3984,0.0044,0.5972
HEARTS FOUR DIAMONDS SIX,0.641,0.006,0.353
SPADES TWO HEARTS JACK,0.6932,0.0066,0.3002
HEARTS FIVE DIAMONDS SIX,0.6218,0.0076,0.3706
SPADES TWO HEARTS TEN,0.69,0.0076,0.3024
HEARTS TWO DIAMONDS SIX,0.6724,0.007,0.3206
DIAMONDS KING DIAMONDS SIX,0.6538,0.0626,0.2836
HEARTS THREE DIAMONDS SIX,0.6664,0.0072,0.3264
HEARTS EIGHT DIAMONDS SIX,0.6366,0.006,0.3574
HEARTS NINE DIAMONDS SIX,0.6542,0.0084,0.3374
HEARTS SIX DIAMONDS SIX,0.4734,0.006,0.5206
HEARTS SEVEN DIAMONDS SIX,0.6286,0.008,0.3634
HEARTS TEN DIAMONDS SEVEN,0.6604,0.0078,0.3318
CLUBS TWO DIAMONDS SIX,0.6648,0.006,0.3292
HEARTS JACK DIAMONDS SEVEN,0.6794,0.0048,0.3158
CLUBS THREE DIAMONDS SIX,0.6508,0.0054,0.3438
CLUBS SEVEN DIAMONDS SIX,0.6354,0.0044,0.3602
CLUBS JACK DIAMONDS EIGHT,0.6626,0.0066,0.3308
CLUBS SIX DIAMONDS SIX,0.4724,0.006,0.5216
CLUBS TEN DIAMONDS EIGHT,0.6416,0.0084,0.35
CLUBS FIVE DIAMONDS SIX,0.6212,0.008,0.3708
CLUBS FOUR DIAMONDS SIX,0.6312,0.0076,0.3612
HEARTS ACE HEARTS JACK,0.3762,0.0056,0.6182
DIAMONDS EIGHT CLUBS ACE,0.4326,0.0052,0.5622
HEARTS QUEEN HEARTS JACK,0.702,0.0266,0.2714
DIAMONDS EIGHT CLUBS KING,0.7032,0.0656,0.2312
CLUBS NINE DIAMONDS SIX,0.6442,0.0076,0.3482
CLUBS EIGHT DIAMONDS SIX,0.6468,0.0058,0.3474
DIAMONDS EIGHT CLUBS QUEEN,0.7456,0.0294,0.225
SPADES FIVE DIAMONDS SIX,0.6346,0.0078,0.3576
HEARTS ACE SPADES TWO,0.4138,0.0034,0.5828
SPADES FOUR DIAMONDS SIX,0.6416,0.0064,0.352
SPADES THREE DIAMONDS SIX,0.642,0.0066,0.3514
HEARTS QUEEN SPADES TWO,0.7578,0.0278,0.2144
SPADES ACE SPADES KING,0.2318,0.0134,0.7548
SPADES TWO DIAMONDS SIX,0.6724,0.0066,0.321
HEARTS TEN HEARTS EIGHT,0.6156,0.0054,0.379
SPADES NINE DIAMONDS SIX,0.641,0.0072,0.3518
HEARTS JACK HEARTS EIGHT,0.6346,0.0072,0.3582
SPADES EIGHT DIAMONDS SIX,0.6418,0.0088,0.3494
SPADES SEVEN DIAMONDS SIX,0.6226,0.0056,0.3718
SPADES SIX DIAMONDS SIX,0.459,0.005,0.536
CLUBS ACE CLUBS KING,0.2292,0.0132,0.7576
SPADES ACE HEARTS JACK,0.4092,0.0056,0.5852
SPADES QUEEN HEARTS JACK,0.7336,0.0218,0.2446
SPADES KING HEARTS JACK,0.7096,0.0628,0.2276
SPADES TEN DIAMONDS TEN,0.4344,0.0048,0.5608
SPADES JACK DIAMONDS TEN,0.6596,0.0046,0.3358
SPADES ACE DIAMONDS TEN,0.4118,0.0066,0.5816
SPADES JACK HEARTS JACK,0.4358,0.0022,0.562
SPADES TEN HEARTS JACK,0.632,0.006,0.362
SPADES QUEEN DIAMONDS TEN,0.7178,0.0276,0.2546
SPADES KING DIAMONDS TEN,0.6986,0.0554,0.246
SPADES NINE DIAMONDS SEVEN,0.638,0.006,0.356
SPADES EIGHT DIAMONDS SEVEN,0.6396,0.005,0.3554
SPADES SEVEN DIAMONDS SEVEN,0.4736,0.004,0.5224
SPADES SIX DIAMONDS SEVEN,0.6248,0.0076,0.3676
DIAMONDS KING DIAMONDS SEVEN,0.6628,0.0582,0.279
HEARTS THREE DIAMONDS SEVEN,0.6712,0.0076,0.3212
HEARTS TWO DIAMONDS SEVEN,0.6776,0.0078,0.3146
HEARTS QUEEN DIAMONDS FIVE,0.753,0.0262,0.2208
HEARTS FIVE DIAMONDS SEVEN,0.6438,0.0118,0.3444
DIAMONDS ACE DIAMONDS SEVEN,0.3998,0.006,0.5942
HEARTS FOUR DIAMONDS SEVEN,0.655,0.0054,0.3396
HEARTS ACE DIAMONDS FIVE,0.4136,0.0044,0.582
HEARTS SEVEN DIAMONDS SEVEN,0.4786,0.0088,0.5126
HEARTS SIX DIAMONDS SEVEN,0.6352,0.0054,0.3594
DIAMONDS SEVEN HEARTS NINE,0.6444,0.0076,0.348
HEARTS EIGHT DIAMONDS SEVEN,0.6498,0.0062,0.344
DIAMONDS JACK DIAMONDS SEVEN,0.649,0.0084,0.3426
DIAMONDS FIVE HEARTS JACK,0.6876,0.0066,0.3058
DIAMONDS TEN DIAMONDS SEVEN,0.6218,0.0066,0.3716
HEARTS TEN DIAMONDS FIVE,0.691,0.0084,0.3006
CLUBS EIGHT DIAMONDS SEVEN,0.6468,0.0076,0.3456
SPADES KING CLUBS TWO,0.6988,0.0678,0.2334
SPADES QUEEN CLUBS TWO,0.753,0.0282,0.2188
CLUBS NINE DIAMONDS SEVEN,0.64,0.0066,0.3534
CLUBS JACK SPADES TWO,0.6836,0.007,0.3094
CLUBS SIX CLUBS SEVEN,0.5752,0.0052,0.4196
SPADES ACE CLUBS TWO,0.4196,0.003,0.5774
CLUBS TEN SPADES TWO,0.6848,0.0072,0.308
SPADES TWO CLUBS KING,0.6982,0.0658,0.236
SPADES TWO DIAMONDS SEVEN,0.6832,0.0068,0.31
CLUBS EIGHT CLUBS SIX,0.5946,0.0072,0.3982
SPADES THREE DIAMONDS SEVEN,0.6612,0.0066,0.3322
SPADES TWO CLUBS QUEEN,0.7502,0.0268,0.223
CLUBS NINE CLUBS SIX,0.6022,0.0068,0.391
SPADES FOUR DIAMONDS SEVEN,0.6584,0.0088,0.3328
SPADES FIVE DIAMONDS SEVEN,0.6318,0.0076,0.3606
SPADES TWO CLUBS ACE,0.4252,0.0042,0.5706
CLUBS SIX SPADES TWO,0.653,0.0066,0.3404
CLUBS SIX SPADES THREE,0.6444,0.007,0.3486
CLUBS TWO DIAMONDS SEVEN,0.6878,0.006,0.3062
CLUBS SIX SPADES FOUR,0.631,0.0054,0.3636
CLUBS THREE DIAMONDS SEVEN,0.6654,0.008,0.3266
CLUBS SIX SPADES FIVE,0.6204,0.0056,0.374
CLUBS FOUR DIAMONDS SEVEN,0.6444,0.009,0.3466
CLUBS SIX SPADES SIX,0.4594,0.0046,0.536
CLUBS FIVE DIAMONDS SEVEN,0.6266,0.0074,0.366
CLUBS SIX SPADES SEVEN,0.6348,0.0048,0.3604
CLUBS SIX DIAMONDS SEVEN,0.6382,0.0052,0.3566
CLUBS SIX SPADES EIGHT,0.6366,0.006,0.3574
SPADES JACK CLUBS TWO,0.6776,0.0066,0.3158
CLUBS SEVEN DIAMONDS SEVEN,0.4864,0.0048,0.5088
CLUBS SIX SPADES NINE,0.6464,0.006,0.3476
SPADES TEN CLUBS TWO,0.667,0.0058,0.3272
CLUBS TWO CLUBS QUEEN,0.6986,0.0272,0.2742
CLUBS TWO CLUBS KING,0.656,0.0658,0.2782
CLUBS THREE DIAMONDS EIGHT,0.676,0.007,0.317
CLUBS TWO CLUBS ACE,0.4058,0.0042,0.59
CLUBS TWO DIAMONDS EIGHT,0.6734,0.005,0.3216
HEARTS SEVEN DIAMONDS EIGHT,0.6604,0.0054,0.3342
HEARTS SIX DIAMONDS EIGHT,0.6382,0.009,0.3528
DIAMONDS EIGHT HEARTS NINE,0.654,0.007,0.339
CLUBS TEN CLUBS TWO,0.6514,0.0086,0.34
DIAMONDS EIGHT HEARTS EIGHT,0.4624,0.0078,0.5298
CLUBS JACK CLUBS TWO,0.6372,0.0064,0.3564
CLUBS NINE DIAMONDS EIGHT,0.6308,0.0088,0.3604
CLUBS EIGHT DIAMONDS EIGHT,0.466,0.005,0.529
CLUBS FIVE DIAMONDS EIGHT,0.6536,0.0056,0.3408
SPADES ACE SPADES THREE,0.3864,0.0046,0.609
CLUBS FOUR DIAMONDS EIGHT,0.6682,0.0086,0.3232
CLUBS SEVEN DIAMONDS EIGHT,0.6294,0.0076,0.363
SPADES QUEEN SPADES THREE,0.6986,0.0302,0.2712
CLUBS SIX DIAMONDS EIGHT,0.6468,0.0058,0.3474
SPADES KING SPADES THREE,0.6486,0.064,0.2874
HEARTS TWO DIAMONDS EIGHT,0.6806,0.0066,0.3128
DIAMONDS KING DIAMONDS EIGHT,0.6726,0.06,0.2674
HEARTS THREE DIAMONDS EIGHT,0.6766,0.009,0.3144
DIAMONDS ACE DIAMONDS EIGHT,0.4068,0.0058,0.5874
HEARTS FOUR DIAMONDS EIGHT,0.6674,0.0064,0.3262
HEARTS FIVE DIAMONDS EIGHT,0.654,0.0078,0.3382
DIAMONDS EIGHT DIAMONDS TEN,0.6194,0.0052,0.3754
DIAMONDS EIGHT DIAMONDS JACK,0.6332,0.008,0.3588
SPADES JACK SPADES THREE,0.6374,0.0068,0.3558
SPADES TEN SPADES THREE,0.636,0.0068,0.3572
CLUBS FOUR HEARTS ACE,0.4028,0.0068,0.5904
CLUBS FOUR HEARTS QUEEN,0.741,0.0292,0.2298
CLUBS SIX HEARTS TEN,0.6758,0.005,0.3192
CLUBS SIX HEARTS JACK,0.6772,0.0074,0.3154
DIAMONDS EIGHT SPADES FOUR,0.6694,0.0066,0.324
SPADES FIVE DIAMONDS EIGHT,0.649,0.0074,0.3436
DIAMONDS EIGHT SPADES TWO,0.6826,0.0062,0.3112
DIAMONDS EIGHT SPADES THREE,0.6748,0.0088,0.3164
CLUBS FOUR HEARTS JACK,0.6828,0.0076,0.3096
SPADES EIGHT DIAMONDS EIGHT,0.4756,0.0078,0.5166
SPADES TEN HEARTS TWO,0.683,0.0076,0.3094
SPADES JACK HEARTS EIGHT,0.6676,0.0058,0.3266
CLUBS FOUR HEARTS TEN,0.6698,0.0054,0.3248
SPADES NINE DIAMONDS EIGHT,0.632,0.0074,0.3606
SPADES TEN HEARTS EIGHT,0.6394,0.0062,0.3544
SPADES JACK HEARTS TWO,0.689,0.0084,0.3026
SPADES SIX DIAMONDS EIGHT,0.6324,0.0056,0.362
SPADES SEVEN DIAMONDS EIGHT,0.6432,0.0052,0.3516
SPADES ACE HEARTS TWO,0.4188,0.0054,0.5758
SPADES ACE HEARTS EIGHT,0.433,0.0034,0.5636
SPADES KING HEARTS EIGHT,0.6962,0.0684,0.2354
SPADES QUEEN HEARTS TWO,0.7508,0.0282,0.221
SPADES KING HEARTS TWO,0.6992,0.0646,0.2362
SPADES QUEEN HEARTS EIGHT,0.758,0.0274,0.2146
CLUBS TWO HEARTS TEN,0.6822,0.0056,0.3122
CLUBS TWO HEARTS JACK,0.701,0.0076,0.2914
SPADES SEVEN DIAMONDS NINE,0.6384,0.0058,0.3558
SPADES SIX DIAMONDS NINE,0.6568,0.0056,0.3376
SPADES NINE DIAMONDS NINE,0.448,0.005,0.547
SPADES EIGHT DIAMONDS NINE,0.6272,0.0056,0.3672
SPADES TEN CLUBS KING,0.6992,0.0614,0.2394
DIAMONDS NINE SPADES THREE,0.6822,0.0074,0.3104
SPADES JACK CLUBS KING,0.6912,0.068,0.2408
DIAMONDS NINE SPADES TWO,0.6842,0.0076,0.3082
DIAMONDS NINE SPADES FIVE,0.6742,0.0062,0.3196
DIAMONDS NINE SPADES FOUR,0.668,0.0068,0.3252
CLUBS NINE DIAMONDS NINE,0.4474,0.006,0.5466
CLUBS EIGHT DIAMONDS NINE,0.6414,0.0066,0.352
CLUBS SIX DIAMONDS NINE,0.6364,0.0046,0.359
SPADES JACK CLUBS FOUR,0.679,0.0048,0.3162
CLUBS SEVEN DIAMONDS NINE,0.65,0.0068,0.3432
SPADES TEN CLUBS FOUR,0.6746,0.0058,0.3196
CLUBS FOUR DIAMONDS NINE,0.657,0.0068,0.3362
CLUBS FIVE DIAMONDS NINE,0.6622,0.0048,0.333
CLUBS TWO DIAMONDS NINE,0.6702,0.0094,0.3204
DIAMONDS NINE CLUBS THREE,0.67,0.008,0.322
DIAMONDS NINE HEARTS EIGHT,0.6422,0.0066,0.3512
DIAMONDS NINE HEARTS NINE,0.4482,0.0058,0.546
HEARTS SIX DIAMONDS NINE,0.655,0.0072,0.3378
HEARTS SEVEN DIAMONDS NINE,0.6396,0.01,0.3504
CLUBS EIGHT CLUBS NINE,0.5842,0.0056,0.4102
DIAMONDS ACE DIAMONDS NINE,0.3988,0.004,0.5972
HEARTS FOUR DIAMONDS NINE,0.6858,0.0062,0.308
HEARTS FIVE DIAMONDS NINE,0.6712,0.0064,0.3224
CLUBS TWO HEARTS ACE,0.4074,0.0064,0.5862
SPADES ACE CLUBS FOUR,0.4098,0.0048,0.5854
HEARTS TWO DIAMONDS NINE,0.6852,0.0084,0.3064
SPADES KING CLUBS FOUR,0.6884,0.0654,0.2462
DIAMONDS KING DIAMONDS NINE,0.6578,0.0608,0.2814
HEARTS THREE DIAMONDS NINE,0.6678,0.0066,0.3256
CLUBS TWO HEARTS QUEEN,0.7512,0.03,0.2188
SPADES QUEEN CLUBS FOUR,0.7492,0.027,0.2238
DIAMONDS NINE DIAMONDS JACK,0.6176,0.0072,0.3752
CLUBS EIGHT SPADES NINE,0.6302,0.0046,0.3652
DIAMONDS NINE DIAMONDS TEN,0.6084,0.0074,0.3842
CLUBS EIGHT SPADES EIGHT,0.4676,0.0068,0.5256
CLUBS EIGHT SPADES SEVEN,0.6346,0.007,0.3584
CLUBS EIGHT SPADES SIX,0.6384,0.0056,0.356
CLUBS EIGHT SPADES FIVE,0.6506,0.0032,0.3462
CLUBS EIGHT SPADES FOUR,0.6578,0.0078,0.3344
CLUBS EIGHT SPADES THREE,0.6696,0.0068,0.3236
CLUBS EIGHT SPADES TWO,0.665,0.0068,0.3282
HEARTS SIX DIAMONDS TEN,0.6782,0.0048,0.317
HEARTS SEVEN DIAMONDS TEN,0.6572,0.0058,0.337
DIAMONDS TEN HEARTS EIGHT,0.6556,0.0082,0.3362
CLUBS JACK CLUBS FOUR,0.6296,0.0076,0.3628
DIAMONDS TEN HEARTS NINE,0.6474,0.0074,0.3452
CLUBS TEN CLUBS FOUR,0.6374,0.0032,0.3594
CLUBS FOUR CLUBS KING,0.6538,0.0568,0.2894
CLUBS FOUR CLUBS QUEEN,0.694,0.0274,0.2786
CLUBS TWO DIAMONDS TEN,0.6926,0.0086,0.2988
CLUBS THREE DIAMONDS TEN,0.6752,0.0066,0.3182
CLUBS FOUR CLUBS ACE,0.3798,0.004,0.6162
DIAMONDS JACK DIAMONDS TEN,0.6036,0.0064,0.39
HEARTS TWO DIAMONDS TEN,0.687,0.0066,0.3064
DIAMONDS KING DIAMONDS TEN,0.663,0.0602,0.2768
HEARTS THREE DIAMONDS TEN,0.6892,0.0068,0.304
DIAMONDS ACE DIAMONDS TEN,0.3924,0.0036,0.604
HEARTS FOUR DIAMONDS TEN,0.6884,0.0116,0.3
CLUBS EIGHT HEARTS JACK,0.6598,0.0052,0.335
HEARTS FIVE DIAMONDS TEN,0.6788,0.0078,0.3134
CLUBS EIGHT HEARTS TEN,0.6502,0.0052,0.3446
CLUBS EIGHT HEARTS QUEEN,0.7494,0.0268,0.2238
CLUBS EIGHT HEARTS ACE,0.4068,0.0048,0.5884
CLUBS NINE SPADES THREE,0.665,0.0078,0.3272
CLUBS NINE SPADES TWO,0.6698,0.0064,0.3238
CLUBS NINE SPADES FIVE,0.6556,0.006,0.3384
CLUBS NINE SPADES FOUR,0.6636,0.0044,0.332
CLUBS NINE SPADES SEVEN,0.643,0.0062,0.3508
CLUBS NINE SPADES SIX,0.647,0.0048,0.3482
CLUBS NINE SPADES NINE,0.4526,0.0042,0.5432
CLUBS TEN HEARTS EIGHT,0.6588,0.0054,0.3358
CLUBS NINE SPADES EIGHT,0.6338,0.006,0.3602
CLUBS JACK HEARTS EIGHT,0.6676,0.006,0.3264
HEARTS EIGHT CLUBS QUEEN,0.758,0.0254,0.2166
CLUBS KING HEARTS EIGHT,0.7008,0.0678,0.2314
CLUBS ACE HEARTS EIGHT,0.433,0.0064,0.5606
SPADES KING CLUBS KING,0.1048,0.0134,0.8818
SPADES QUEEN CLUBS KING,0.0204,0.958,0.0216
SPADES ACE CLUBS KING,0.2478,0.01,0.7422
DIAMONDS ACE HEARTS TEN,0.4012,0.0052,0.5936
HEARTS FOUR HEARTS TEN,0.6462,0.009,0.3448
DIAMONDS ACE HEARTS JACK,0.4072,0.0056,0.5872
HEARTS FOUR HEARTS JACK,0.6372,0.0076,0.3552
SPADES KING CLUBS FIVE,0.6974,0.063,0.2396
SPADES QUEEN CLUBS FIVE,0.735,0.0272,0.2378
SPADES ACE CLUBS FIVE,0.4164,0.0034,0.5802
HEARTS SEVEN DIAMONDS JACK,0.6794,0.0082,0.3124
HEARTS SIX DIAMONDS JACK,0.6964,0.0074,0.2962
DIAMONDS JACK HEARTS NINE,0.6466,0.0064,0.347
DIAMONDS JACK HEARTS EIGHT,0.6754,0.005,0.3196
DIAMONDS KING DIAMONDS JACK,0.6582,0.065,0.2768
HEARTS THREE DIAMONDS JACK,0.7032,0.0094,0.2874
SPADES ACE SPADES SIX,0.4006,0.0052,0.5942
SPADES FOUR HEARTS ACE,0.4152,0.0052,0.5796
HEARTS TWO DIAMONDS JACK,0.7014,0.0078,0.2908
HEARTS FIVE DIAMONDS JACK,0.6752,0.0104,0.3144
SPADES QUEEN SPADES SIX,0.6976,0.0248,0.2776
SPADES FOUR HEARTS QUEEN,0.7446,0.0318,0.2236
DIAMONDS ACE DIAMONDS JACK,0.3816,0.0056,0.6128
HEARTS FOUR DIAMONDS JACK,0.6818,0.0102,0.308
SPADES KING SPADES SIX,0.657,0.0624,0.2806
SPADES TEN SPADES SIX,0.627,0.0044,0.3686
SPADES JACK SPADES SIX,0.6352,0.0058,0.359
SPADES FOUR DIAMONDS JACK,0.6908,0.0076,0.3016
SPADES FIVE DIAMONDS JACK,0.677,0.0056,0.3174
DIAMONDS JACK SPADES TWO,0.6862,0.0086,0.3052
DIAMONDS JACK SPADES THREE,0.697,0.0072,0.2958
SPADES ACE DIAMONDS THREE,0.43,0.004,0.566
CLUBS EIGHT DIAMONDS JACK,0.6586,0.0094,0.332
SPADES QUEEN DIAMONDS THREE,0.7522,0.0244,0.2234
SPADES KING DIAMONDS THREE,0.709,0.0666,0.2244
CLUBS NINE DIAMONDS JACK,0.6496,0.0054,0.345
CLUBS SIX DIAMONDS JACK,0.6838,0.0052,0.311
CLUBS SEVEN DIAMONDS JACK,0.6676,0.006,0.3264
CLUBS FOUR DIAMONDS JACK,0.6876,0.0066,0.3058
CLUBS FIVE DIAMONDS JACK,0.6724,0.007,0.3206
CLUBS TWO DIAMONDS JACK,0.697,0.0068,0.2962
CLUBS THREE DIAMONDS JACK,0.6818,0.0056,0.3126
SPADES TEN CLUBS FIVE,0.6726,0.006,0.3214
SPADES JACK HEARTS SIX,0.6806,0.0062,0.3132
HEARTS SIX SPADES TEN,0.6732,0.0056,0.3212
SPADES JACK CLUBS FIVE,0.6672,0.0072,0.3256
SPADES JACK DIAMONDS THREE,0.6812,0.0062,0.3126
CLUBS SEVEN CLUBS ACE,0.4008,0.0042,0.595
DIAMONDS THREE SPADES TEN,0.682,0.0096,0.3084
CLUBS SEVEN CLUBS QUEEN,0.6858,0.0258,0.2884
CLUBS SEVEN CLUBS KING,0.6354,0.0648,0.2998
SPADES NINE DIAMONDS JACK,0.652,0.0074,0.3406
CLUBS TEN CLUBS SEVEN,0.6092,0.0062,0.3846
DIAMONDS ACE HEARTS ACE,0.117,0.0054,0.8776
HEARTS FOUR HEARTS ACE,0.4116,0.0044,0.584
SPADES EIGHT DIAMONDS JACK,0.6668,0.006,0.3272
SPADES ACE HEARTS SIX,0.4302,0.004,0.5658
CLUBS JACK CLUBS SEVEN,0.625,0.0062,0.3688
SPADES SEVEN DIAMONDS JACK,0.6646,0.0064,0.329
SPADES KING HEARTS SIX,0.696,0.0656,0.2384
DIAMONDS ACE HEARTS QUEEN,0.2502,0.0122,0.7376
HEARTS FOUR HEARTS QUEEN,0.699,0.0276,0.2734
SPADES QUEEN HEARTS SIX,0.7486,0.031,0.2204
SPADES SIX DIAMONDS JACK,0.6862,0.0054,0.3084
DIAMONDS TEN SPADES TWO,0.6862,0.008,0.3058
SPADES THREE DIAMONDS TEN,0.6738,0.007,0.3192
SPADES FOUR DIAMONDS TEN,0.677,0.0074,0.3156
SPADES FIVE DIAMONDS TEN,0.6644,0.0076,0.328
SPADES SIX DIAMONDS TEN,0.6652,0.0066,0.3282
SPADES SEVEN DIAMONDS TEN,0.6662,0.0088,0.325
SPADES EIGHT DIAMONDS TEN,0.6558,0.0056,0.3386
SPADES NINE DIAMONDS TEN,0.6396,0.0078,0.3526
CLUBS FOUR DIAMONDS TEN,0.6762,0.0072,0.3166
CLUBS FIVE DIAMONDS TEN,0.6834,0.0066,0.31
CLUBS SIX DIAMONDS TEN,0.6732,0.0058,0.321
CLUBS SEVEN DIAMONDS TEN,0.6602,0.0076,0.3322
CLUBS EIGHT DIAMONDS TEN,0.651,0.0094,0.3396
CLUBS NINE DIAMONDS TEN,0.6406,0.0064,0.353
CLUBS JACK DIAMONDS THREE,0.6924,0.0064,0.3012
CLUBS TEN DIAMONDS THREE,0.6808,0.0062,0.313
DIAMONDS THREE CLUBS KING,0.7072,0.062,0.2308
DIAMONDS THREE CLUBS QUEEN,0.7476,0.0274,0.225
DIAMONDS THREE CLUBS ACE,0.4126,0.0046,0.5828
SPADES FOUR HEARTS JACK,0.6852,0.0086,0.3062
SPADES FOUR HEARTS TEN,0.671,0.0066,0.3224
SPADES FIVE SPADES TWO,0.606,0.0074,0.3866
SPADES FOUR SPADES TWO,0.6146,0.0068,0.3786
SPADES THREE SPADES TWO,0.6038,0.0066,0.3896
SPADES NINE SPADES TWO,0.6374,0.0082,0.3544
SPADES EIGHT SPADES TWO,0.6214,0.0084,0.3702
SPADES SEVEN SPADES TWO,0.6182,0.0058,0.376
SPADES SIX SPADES TWO,0.6184,0.0072,0.3744
HEARTS TWO CLUBS THREE,0.6692,0.0072,0.3236
HEARTS TWO CLUBS TWO,0.4708,0.009,0.5202
HEARTS SEVEN HEARTS TWO,0.6428,0.0078,0.3494
HEARTS SIX HEARTS TWO,0.6298,0.008,0.3622
HEARTS TWO HEARTS NINE,0.6324,0.0068,0.3608
HEARTS TWO HEARTS EIGHT,0.6446,0.008,0.3474
CLUBS NINE HEARTS TWO,0.676,0.0062,0.3178
CLUBS EIGHT HEARTS TWO,0.6846,0.0072,0.3082
CLUBS FIVE HEARTS TWO,0.6458,0.0072,0.347
SPADES EIGHT HEARTS ACE,0.4086,0.0028,0.5886
CLUBS FOUR HEARTS TWO,0.65,0.0092,0.3408
CLUBS SEVEN HEARTS TWO,0.6772,0.008,0.3148
SPADES EIGHT HEARTS QUEEN,0.7522,0.027,0.2208
CLUBS SIX HEARTS TWO,0.659,0.0072,0.3338
HEARTS TWO SPADES SIX,0.6694,0.0044,0.3262
HEARTS FOUR CLUBS QUEEN,0.7548,0.0308,0.2144
DIAMONDS ACE CLUBS QUEEN,0.2528,0.0118,0.7354
SPADES SEVEN HEARTS TWO,0.684,0.0088,0.3072
HEARTS FOUR CLUBS KING,0.7078,0.0578,0.2344
DIAMONDS ACE CLUBS KING,0.238,0.0106,0.7514
SPADES EIGHT HEARTS TWO,0.6778,0.0078,0.3144
HEARTS FOUR CLUBS ACE,0.4142,0.004,0.5818
DIAMONDS ACE CLUBS ACE,0.1224,0.0038,0.8738
SPADES NINE HEARTS TWO,0.6824,0.0092,0.3084
HEARTS TWO SPADES TWO,0.4822,0.009,0.5088
HEARTS TWO SPADES THREE,0.6596,0.0074,0.333
HEARTS TWO SPADES FOUR,0.6512,0.0086,0.3402
CLUBS TEN HEARTS FOUR,0.6906,0.006,0.3034
CLUBS TEN DIAMONDS ACE,0.396,0.0054,0.5986
HEARTS TWO SPADES FIVE,0.6516,0.0078,0.3406
CLUBS JACK HEARTS FOUR,0.6744,0.0084,0.3172
CLUBS JACK DIAMONDS ACE,0.402,0.0042,0.5938
CLUBS FIVE CLUBS KING,0.6436,0.0618,0.2946
CLUBS FIVE CLUBS QUEEN,0.7054,0.0246,0.27
CLUBS FIVE CLUBS ACE,0.3924,0.006,0.6016
CLUBS JACK CLUBS FIVE,0.633,0.0058,0.3612
CLUBS TEN CLUBS FIVE,0.6264,0.0056,0.368
SPADES KING CLUBS JACK,0.6986,0.0604,0.241
CLUBS JACK SPADES QUEEN,0.7372,0.0268,0.236
SPADES ACE CLUBS JACK,0.395,0.0034,0.6016
SPADES SIX CLUBS KING,0.6942,0.0604,0.2454
SPADES SIX CLUBS QUEEN,0.7484,0.0268,0.2248
SPADES EIGHT HEARTS JACK,0.6576,0.0058,0.3366
SPADES SIX CLUBS ACE,0.4338,0.0042,0.562
SPADES EIGHT HEARTS TEN,0.635,0.0066,0.3584
CLUBS JACK SPADES SIX,0.6794,0.0054,0.3152
CLUBS TEN SPADES SIX,0.6682,0.0062,0.3256
CLUBS JACK SPADES TEN,0.6432,0.0048,0.352
CLUBS JACK SPADES JACK,0.4362,0.0034,0.5604
SPADES QUEEN CLUBS SEVEN,0.7514,0.024,0.2246
SPADES KING CLUBS SEVEN,0.6804,0.0658,0.2538
SPADES ACE CLUBS SEVEN,0.425,0.0042,0.5708
SPADES SIX HEARTS TEN,0.6684,0.0072,0.3244
SPADES SIX HEARTS JACK,0.6898,0.0056,0.3046
SPADES SIX HEARTS ACE,0.422,0.0046,0.5734
SPADES SIX HEARTS QUEEN,0.7432,0.0252,0.2316
SPADES JACK CLUBS SEVEN,0.6644,0.0048,0.3308
SPADES TEN CLUBS SEVEN,0.6526,0.0074,0.34
CLUBS TEN HEARTS SIX,0.6734,0.006,0.3206
CLUBS JACK HEARTS SIX,0.6848,0.0058,0.3094
CLUBS JACK CLUBS ACE,0.371,0.005,0.624
HEARTS SIX CLUBS QUEEN,0.7416,0.0282,0.2302
HEARTS SIX CLUBS KING,0.699,0.064,0.237
HEARTS SIX CLUBS ACE,0.4268,0.0054,0.5678
CLUBS JACK CLUBS QUEEN,0.6936,0.0216,0.2848
CLUBS JACK CLUBS KING,0.6562,0.0634,0.2804
DIAMONDS THREE HEARTS ACE,0.4004,0.006,0.5936
DIAMONDS THREE HEARTS QUEEN,0.7586,0.0306,0.2108
CLUBS FIVE HEARTS JACK,0.6864,0.0078,0.3058
SPADES TEN DIAMONDS ACE,0.403,0.0046,0.5924
HEARTS FOUR SPADES TEN,0.681,0.0066,0.3124
CLUBS FIVE HEARTS TEN,0.6752,0.0074,0.3174
HEARTS FOUR SPADES JACK,0.689,0.0056,0.3054
SPADES JACK DIAMONDS ACE,0.4064,0.0048,0.5888
SPADES ACE HEARTS FOUR,0.4202,0.0038,0.576
SPADES ACE DIAMONDS ACE,0.126,0.0036,0.8704
CLUBS FIVE HEARTS ACE,0.4128,0.0046,0.5826
HEARTS FOUR SPADES QUEEN,0.7448,0.0284,0.2268
SPADES QUEEN DIAMONDS ACE,0.2442,0.01,0.7458
CLUBS JACK SPADES FOUR,0.6878,0.0076,0.3046
CLUBS FIVE HEARTS QUEEN,0.7412,0.026,0.2328
SPADES KING DIAMONDS ACE,0.239,0.0106,0.7504
SPADES KING HEARTS FOUR,0.7016,0.0574,0.241
CLUBS TEN SPADES FOUR,0.6746,0.0066,0.3188
DIAMONDS ACE HEARTS TWO,0.4192,0.007,0.5738
HEARTS FOUR HEARTS TWO,0.6204,0.0076,0.372
DIAMONDS THREE HEARTS TEN,0.6888,0.0092,0.302
SPADES FOUR CLUBS KING,0.696,0.0672,0.2368
HEARTS FIVE HEARTS TWO,0.615,0.0098,0.3752
DIAMONDS THREE HEARTS JACK,0.684,0.008,0.308
SPADES FOUR CLUBS QUEEN,0.7364,0.0232,0.2404
DIAMONDS KING HEARTS TWO,0.702,0.0698,0.2282
HEARTS THREE HEARTS TWO,0.6256,0.0082,0.3662
SPADES FOUR CLUBS ACE,0.419,0.0032,0.5778
HEARTS TWO CLUBS ACE,0.4128,0.0056,0.5816
HEARTS TWO CLUBS QUEEN,0.7602,0.0278,0.212
HEARTS TWO CLUBS KING,0.7094,0.066,0.2246
SPADES EIGHT SPADES FIVE,0.6128,0.0056,0.3816
CLUBS TEN HEARTS TWO,0.695,0.0076,0.2974
SPADES NINE SPADES FIVE,0.6184,0.0082,0.3734
CLUBS JACK HEARTS TWO,0.6874,0.009,0.3036
SPADES SIX SPADES FIVE,0.572,0.007,0.421
SPADES SEVEN SPADES FIVE,0.5964,0.0064,0.3972
DIAMONDS FIVE CLUBS QUEEN,0.7484,0.024,0.2276
SPADES EIGHT CLUBS ACE,0.424,0.0038,0.5722
DIAMONDS FIVE CLUBS KING,0.6928,0.069,0.2382
SPADES EIGHT CLUBS KING,0.6798,0.0658,0.2544
DIAMONDS FIVE CLUBS ACE,0.4278,0.0044,0.5678
SPADES EIGHT CLUBS QUEEN,0.7502,0.0228,0.227
CLUBS JACK SPADES EIGHT,0.652,0.0078,0.3402
CLUBS TEN SPADES EIGHT,0.6474,0.0054,0.3472
CLUBS TEN DIAMONDS FIVE,0.6772,0.006,0.3168
CLUBS JACK DIAMONDS FIVE,0.668,0.0074,0.3246
DIAMONDS TEN HEARTS JACK,0.649,0.009,0.342
DIAMONDS TEN HEARTS TEN,0.4422,0.0052,0.5526
SPADES ACE CLUBS NINE,0.4262,0.0036,0.5702
SPADES QUEEN CLUBS NINE,0.7294,0.0232,0.2474
SPADES KING CLUBS NINE,0.6982,0.0664,0.2354
DIAMONDS KING SPADES SEVEN,0.6872,0.06,0.2528
HEARTS THREE SPADES SEVEN,0.6686,0.006,0.3254
SPADES KING DIAMONDS SEVEN,0.69,0.067,0.243
HEARTS SIX HEARTS QUEEN,0.7194,0.0262,0.2544
SPADES QUEEN DIAMONDS SEVEN,0.746,0.0298,0.2242
HEARTS THREE SPADES SIX,0.654,0.0066,0.3394
DIAMONDS KING SPADES SIX,0.6906,0.0618,0.2476
SPADES NINE DIAMONDS KING,0.6858,0.0622,0.252
SPADES NINE HEARTS THREE,0.6698,0.0074,0.3228
HEARTS SIX HEARTS ACE,0.411,0.005,0.584
DIAMONDS KING SPADES EIGHT,0.686,0.067,0.247
SPADES EIGHT HEARTS THREE,0.6716,0.004,0.3244
SPADES ACE DIAMONDS SEVEN,0.4154,0.0038,0.5808
CLUBS NINE HEARTS THREE,0.6698,0.0084,0.3218
CLUBS NINE DIAMONDS KING,0.6948,0.0628,0.2424
CLUBS EIGHT DIAMONDS KING,0.6944,0.0642,0.2414
CLUBS EIGHT HEARTS THREE,0.6896,0.007,0.3034
HEARTS THREE SPADES THREE,0.4784,0.0064,0.5152
DIAMONDS KING SPADES THREE,0.6942,0.0644,0.2414
HEARTS THREE SPADES TWO,0.6576,0.0088,0.3336
DIAMONDS KING SPADES TWO,0.6972,0.0664,0.2364
HEARTS THREE SPADES FIVE,0.6446,0.0086,0.3468
DIAMONDS KING SPADES FIVE,0.6906,0.0636,0.2458
HEARTS THREE SPADES FOUR,0.6388,0.009,0.3522
DIAMONDS KING SPADES FOUR,0.699,0.0616,0.2394
DIAMONDS KING CLUBS TWO,0.7026,0.0634,0.234
HEARTS THREE CLUBS TWO,0.6504,0.0062,0.3434
DIAMONDS KING CLUBS THREE,0.6914,0.0616,0.247
HEARTS THREE CLUBS THREE,0.4752,0.0072,0.5176
DIAMONDS KING CLUBS FOUR,0.6862,0.063,0.2508
