opposingHand,winningChance,drawChance,lostChance
HEARTS FOUR CLUBS ACE
HEARTS FIVE SPADES TEN,0.6218,0.0044,0.3738
HEARTS FIVE SPADES JACK,0.6114,0.0036,0.385
SPADES FIVE CLUBS JACK,0.624,0.0058,0.3702
CLUBS TEN SPADES FIVE,0.6314,0.0036,0.365
CLUBS EIGHT CLUBS JACK,0.5456,0.0048,0.4496
CLUBS TEN CLUBS EIGHT,0.5534,0.0054,0.4412
CLUBS EIGHT CLUBS KING,0.5784,0.0052,0.4164
CLUBS EIGHT CLUBS QUEEN,0.5538,0.0048,0.4414
SPADES FIVE CLUBS KING,0.6232,0.0056,0.3712
SPADES FIVE CLUBS QUEEN,0.6248,0.0044,0.3708
DIAMONDS TWO DIAMONDS THREE,0.6206,0.0054,0.374
DIAMONDS TWO DIAMONDS FIVE,0.6014,0.007,0.3916
HEARTS FIVE SPADES KING,0.628,0.0038,0.3682
DIAMONDS TWO DIAMONDS FOUR,0.6962,0.0234,0.2804
HEARTS FIVE SPADES QUEEN,0.6122,0.0046,0.3832
DIAMONDS TWO DIAMONDS SEVEN,0.6116,0.0044,0.384
DIAMONDS TWO DIAMONDS SIX,0.6108,0.0054,0.3838
SPADES ACE HEARTS FIVE,0.2102,0.4682,0.3216
DIAMONDS TWO DIAMONDS NINE,0.6058,0.0034,0.3908
DIAMONDS TWO DIAMONDS EIGHT,0.6086,0.0068,0.3846
DIAMONDS THREE DIAMONDS FOUR,0.689,0.021,0.29
CLUBS TWO SPADES FOUR,0.7454,0.0214,0.2332
DIAMONDS THREE DIAMONDS FIVE,0.6022,0.0066,0.3912
SPADES FIVE CLUBS TWO,0.6354,0.0076,0.357
CLUBS TWO SPADES TWO,0.4708,0.0056,0.5236
CLUBS TWO SPADES THREE,0.6718,0.0066,0.3216
DIAMONDS THREE DIAMONDS EIGHT,0.6036,0.005,0.3914
SPADES EIGHT CLUBS TWO,0.6578,0.0054,0.3368
DIAMONDS THREE DIAMONDS NINE,0.6026,0.0048,0.3926
SPADES NINE CLUBS TWO,0.648,0.0076,0.3444
DIAMONDS THREE DIAMONDS SIX,0.5864,0.0052,0.4084
SPADES SIX CLUBS TWO,0.6544,0.0048,0.3408
DIAMONDS THREE DIAMONDS SEVEN,0.6022,0.005,0.3928
SPADES SEVEN CLUBS TWO,0.652,0.0046,0.3434
CLUBS SIX CLUBS TWO,0.6246,0.0072,0.3682
CLUBS SEVEN CLUBS TWO,0.6356,0.0042,0.3602
CLUBS FOUR CLUBS TWO,0.7206,0.023,0.2564
CLUBS FIVE CLUBS TWO,0.6042,0.0078,0.388
CLUBS TEN CLUBS JACK,0.5292,0.0034,0.4674
DIAMONDS FOUR DIAMONDS SIX,0.682,0.0154,0.3026
CLUBS TEN CLUBS QUEEN,0.5426,0.005,0.4524
DIAMONDS FOUR DIAMONDS SEVEN,0.667,0.0206,0.3124
CLUBS TEN CLUBS KING,0.5712,0.0042,0.4246
CLUBS EIGHT CLUBS TWO,0.6304,0.005,0.3646
DIAMONDS FIVE DIAMONDS FOUR,0.6672,0.0202,0.3126
CLUBS NINE CLUBS TWO,0.6238,0.0042,0.372
DIAMONDS NINE DIAMONDS FOUR,0.6938,0.0222,0.284
DIAMONDS EIGHT DIAMONDS FOUR,0.695,0.0194,0.2856
CLUBS THREE CLUBS TWO,0.6358,0.0054,0.3588
DIAMONDS NINE DIAMONDS FIVE,0.5694,0.0058,0.4248
DIAMONDS TWO CLUBS JACK,0.6512,0.006,0.3428
DIAMONDS EIGHT DIAMONDS FIVE,0.5628,0.0052,0.432
CLUBS TEN DIAMONDS TWO,0.6484,0.0064,0.3452
DIAMONDS FIVE DIAMONDS SEVEN,0.567,0.0026,0.4304
DIAMONDS FIVE DIAMONDS SIX,0.55,0.0062,0.4438
DIAMONDS TWO CLUBS KING,0.6598,0.0074,0.3328
DIAMONDS TWO CLUBS QUEEN,0.662,0.0054,0.3326
DIAMONDS EIGHT DIAMONDS SIX,0.546,0.0046,0.4494
DIAMONDS NINE DIAMONDS SIX,0.5632,0.004,0.4328
HEARTS ACE SPADES THREE,0.2564,0.5224,0.2212
SPADES THREE HEARTS KING,0.6548,0.006,0.3392
DIAMONDS SEVEN DIAMONDS SIX,0.5308,0.0042,0.465
HEARTS QUEEN SPADES THREE,0.644,0.0042,0.3518
SPADES THREE HEARTS JACK,0.6418,0.0044,0.3538
SPADES THREE HEARTS TEN,0.6316,0.0058,0.3626
DIAMONDS EIGHT DIAMONDS SEVEN,0.5366,0.0046,0.4588
DIAMONDS NINE DIAMONDS SEVEN,0.5412,0.0036,0.4552
DIAMONDS NINE DIAMONDS EIGHT,0.5198,0.0054,0.4748
DIAMONDS KING HEARTS TEN,0.5674,0.0038,0.4288
HEARTS THREE HEARTS TEN,0.6142,0.0064,0.3794
SPADES JACK CLUBS SIX,0.5974,0.005,0.3976
DIAMONDS KING HEARTS JACK,0.5822,0.005,0.4128
HEARTS THREE HEARTS JACK,0.6248,0.0054,0.3698
SPADES TEN CLUBS SIX,0.594,0.0032,0.4028
SPADES JACK SPADES FIVE,0.5714,0.005,0.4236
SPADES TEN SPADES FIVE,0.569,0.0042,0.4268
DIAMONDS KING HEARTS ACE,0.2554,0.052,0.6926
HEARTS THREE HEARTS ACE,0.2512,0.5058,0.243
SPADES ACE CLUBS SIX,0.2524,0.3858,0.3618
DIAMONDS KING HEARTS QUEEN,0.57,0.0062,0.4238
HEARTS THREE HEARTS QUEEN,0.6004,0.004,0.3956
SPADES KING CLUBS SIX,0.609,0.0056,0.3854
DIAMONDS KING HEARTS KING,0.298,0.004,0.698
HEARTS THREE HEARTS KING,0.6254,0.0056,0.369
SPADES QUEEN CLUBS SIX,0.617,0.0048,0.3782
SPADES NINE HEARTS TEN,0.5488,0.004,0.4472
SPADES NINE HEARTS JACK,0.5676,0.0038,0.4286
SPADES QUEEN SPADES FIVE,0.5738,0.005,0.4212
SPADES KING SPADES FIVE,0.5852,0.0028,0.412
SPADES ACE SPADES FIVE,0.2028,0.4398,0.3574
SPADES NINE HEARTS QUEEN,0.5708,0.006,0.4232
SPADES NINE HEARTS KING,0.5946,0.0064,0.399
SPADES NINE HEARTS ACE,0.2466,0.1656,0.5878
CLUBS TEN SPADES JACK,0.5476,0.0044,0.448
CLUBS TEN SPADES TEN,0.3334,0.005,0.6616
SPADES ACE CLUBS TEN,0.2444,0.1272,0.6284
SPADES KING CLUBS TEN,0.5852,0.0052,0.4096
CLUBS TEN SPADES QUEEN,0.5682,0.0038,0.428
SPADES FIVE HEARTS QUEEN,0.6224,0.0044,0.3732
SPADES FIVE HEARTS KING,0.6114,0.0044,0.3842
HEARTS ACE SPADES FIVE,0.2112,0.4566,0.3322
CLUBS EIGHT SPADES TEN,0.5744,0.003,0.4226
HEARTS THREE SPADES JACK,0.645,0.0064,0.3486
SPADES JACK DIAMONDS KING,0.5754,0.0034,0.4212
SPADES TEN DIAMONDS KING,0.5614,0.0034,0.4352
HEARTS THREE SPADES TEN,0.6532,0.005,0.3418
SPADES JACK CLUBS EIGHT,0.5902,0.0048,0.405
CLUBS SIX HEARTS ACE,0.2408,0.3788,0.3804
SPADES ACE CLUBS EIGHT,0.2492,0.2354,0.5154
HEARTS FIVE CLUBS JACK,0.6138,0.0056,0.3806
HEARTS FIVE CLUBS TEN,0.6272,0.0054,0.3674
CLUBS SIX HEARTS QUEEN,0.6096,0.0034,0.387
SPADES QUEEN CLUBS EIGHT,0.5966,0.0054,0.398
CLUBS TEN SPADES THREE,0.6568,0.0072,0.336
CLUBS SIX HEARTS KING,0.6202,0.0048,0.375
SPADES KING CLUBS EIGHT,0.6036,0.0044,0.392
SPADES THREE CLUBS JACK,0.6546,0.0056,0.3398
DIAMONDS TWO HEARTS JACK,0.6544,0.0052,0.3404
SPADES THREE CLUBS QUEEN,0.6546,0.0054,0.34
DIAMONDS TWO HEARTS TEN,0.631,0.0056,0.3634
SPADES THREE CLUBS KING,0.6446,0.0054,0.35
SPADES FIVE HEARTS TEN,0.6102,0.0054,0.3844
HEARTS FIVE CLUBS KING,0.6228,0.0048,0.3724
SPADES FIVE HEARTS JACK,0.602,0.0046,0.3934
HEARTS FIVE CLUBS QUEEN,0.632,0.004,0.364
HEARTS THREE CLUBS KING,0.667,0.0052,0.3278
DIAMONDS KING CLUBS KING,0.3006,0.0046,0.6948
HEARTS THREE CLUBS QUEEN,0.6632,0.0062,0.3306
DIAMONDS KING CLUBS QUEEN,0.588,0.0062,0.4058
HEARTS FIVE HEARTS JACK,0.5792,0.006,0.4148
HEARTS FIVE HEARTS TEN,0.577,0.0056,0.4174
SPADES ACE CLUBS QUEEN,0.2566,0.0656,0.6778
SPADES KING CLUBS QUEEN,0.571,0.005,0.424
HEARTS THREE CLUBS JACK,0.6556,0.0058,0.3386
DIAMONDS KING CLUBS JACK,0.5762,0.0062,0.4176
SPADES QUEEN CLUBS QUEEN,0.3138,0.0036,0.6826
CLUBS TEN HEARTS THREE,0.6398,0.006,0.3542
CLUBS TEN DIAMONDS KING,0.5698,0.0044,0.4258
SPADES JACK CLUBS QUEEN,0.558,0.0044,0.4376
CLUBS SIX CLUBS QUEEN,0.5888,0.0048,0.4064
SPADES TEN CLUBS QUEEN,0.5758,0.0054,0.4188
CLUBS SIX CLUBS KING,0.5772,0.0054,0.4174
HEARTS FIVE HEARTS KING,0.5982,0.004,0.3978
HEARTS FIVE HEARTS QUEEN,0.579,0.0042,0.4168
CLUBS TEN CLUBS SIX,0.5766,0.008,0.4154
HEARTS FIVE HEARTS ACE,0.2074,0.445,0.3476
CLUBS SIX CLUBS JACK,0.5762,0.0058,0.418
SPADES SEVEN HEARTS JACK,0.5932,0.0032,0.4036
SPADES SEVEN HEARTS TEN,0.5794,0.0034,0.4172
DIAMONDS TWO CLUBS TWO,0.4688,0.005,0.5262
DIAMONDS TWO CLUBS THREE,0.6584,0.008,0.3336
DIAMONDS TWO HEARTS SIX,0.649,0.0068,0.3442
DIAMONDS TWO HEARTS QUEEN,0.6528,0.0054,0.3418
HEARTS SEVEN DIAMONDS TWO,0.6402,0.0056,0.3542
DIAMONDS TWO HEARTS KING,0.6492,0.005,0.3458
DIAMONDS TWO HEARTS EIGHT,0.639,0.0048,0.3562
DIAMONDS TWO HEARTS ACE,0.2594,0.5302,0.2104
DIAMONDS TWO HEARTS NINE,0.6502,0.0052,0.3446
DIAMONDS TWO DIAMONDS QUEEN,0.604,0.0048,0.3912
DIAMONDS TWO HEARTS TWO,0.4744,0.005,0.5206
DIAMONDS TWO DIAMONDS KING,0.601,0.0048,0.3942
HEARTS THREE DIAMONDS TWO,0.677,0.005,0.318
DIAMONDS TWO DIAMONDS ACE,0.2504,0.4858,0.2638
HEARTS FIVE DIAMONDS TWO,0.6186,0.0074,0.374
SPADES SEVEN HEARTS ACE,0.2358,0.3122,0.452
DIAMONDS TWO DIAMONDS TEN,0.604,0.0034,0.3926
SPADES SEVEN HEARTS KING,0.6088,0.0042,0.387
DIAMONDS TWO DIAMONDS JACK,0.6068,0.0042,0.389
SPADES SEVEN HEARTS QUEEN,0.5944,0.0042,0.4014
DIAMONDS TWO SPADES NINE,0.6484,0.0042,0.3474
DIAMONDS TWO SPADES EIGHT,0.652,0.0044,0.3436
DIAMONDS TWO SPADES SEVEN,0.6538,0.0032,0.343
DIAMONDS TWO SPADES SIX,0.6548,0.0048,0.3404
DIAMONDS TWO SPADES FIVE,0.6394,0.0044,0.3562
DIAMONDS TWO SPADES FOUR,0.7402,0.0272,0.2326
DIAMONDS TWO SPADES THREE,0.6622,0.0038,0.334
DIAMONDS TWO SPADES TWO,0.4738,0.0064,0.5198
CLUBS NINE DIAMONDS TWO,0.6498,0.0062,0.344
DIAMONDS TWO CLUBS EIGHT,0.655,0.0038,0.3412
CLUBS SEVEN DIAMONDS TWO,0.6642,0.005,0.3308
DIAMONDS TWO CLUBS SIX,0.6506,0.0056,0.3438
DIAMONDS TWO CLUBS FIVE,0.6394,0.0078,0.3528
DIAMONDS TWO CLUBS FOUR,0.7508,0.0276,0.2216
CLUBS FOUR SPADES FIVE,0.7034,0.0224,0.2742
CLUBS FOUR SPADES FOUR,0.3388,0.0216,0.6396
CLUBS FOUR SPADES THREE,0.722,0.0252,0.2528
CLUBS FOUR SPADES TWO,0.7432,0.0234,0.2334
SPADES NINE CLUBS FOUR,0.741,0.0226,0.2364
SPADES EIGHT CLUBS FOUR,0.7292,0.0224,0.2484
SPADES SEVEN CLUBS FOUR,0.7212,0.0182,0.2606
CLUBS FOUR SPADES SIX,0.7372,0.0196,0.2432
SPADES ACE DIAMONDS SIX,0.2466,0.3666,0.3868
SPADES QUEEN DIAMONDS SIX,0.6042,0.0044,0.3914
SPADES KING DIAMONDS SIX,0.6062,0.0038,0.39
SPADES TEN DIAMONDS SIX,0.5964,0.0024,0.4012
SPADES JACK DIAMONDS SIX,0.6112,0.0038,0.385
SPADES QUEEN SPADES TWO,0.6012,0.0054,0.3934
SPADES KING SPADES TWO,0.6188,0.0046,0.3766
SPADES ACE SPADES TWO,0.2474,0.4894,0.2632
DIAMONDS JACK CLUBS JACK,0.328,0.0036,0.6684
CLUBS TEN DIAMONDS JACK,0.553,0.0032,0.4438
DIAMONDS JACK CLUBS KING,0.5788,0.0046,0.4166
DIAMONDS JACK CLUBS QUEEN,0.5632,0.0056,0.4312
DIAMONDS THREE DIAMONDS JACK,0.6024,0.0038,0.3938
DIAMONDS THREE DIAMONDS TEN,0.5996,0.0042,0.3962
DIAMONDS THREE DIAMONDS KING,0.6102,0.0044,0.3854
HEARTS THREE DIAMONDS THREE,0.4628,0.008,0.5292
DIAMONDS THREE DIAMONDS QUEEN,0.5988,0.0056,0.3956
DIAMONDS THREE HEARTS TWO,0.6696,0.0054,0.325
HEARTS FIVE DIAMONDS THREE,0.6164,0.007,0.3766
DIAMONDS THREE DIAMONDS ACE,0.2378,0.4938,0.2684
HEARTS SEVEN DIAMONDS THREE,0.6372,0.0046,0.3582
SPADES TEN SPADES NINE,0.5154,0.004,0.4806
HEARTS SIX DIAMONDS THREE,0.6372,0.0044,0.3584
SPADES JACK SPADES NINE,0.5286,0.003,0.4684
DIAMONDS THREE HEARTS NINE,0.6474,0.006,0.3466
HEARTS JACK DIAMONDS FOUR,0.7302,0.0256,0.2442
HEARTS ACE HEARTS KING,0.2502,0.0528,0.697
SPADES TEN SPADES TWO,0.599,0.0044,0.3966
DIAMONDS THREE HEARTS EIGHT,0.6544,0.0048,0.3408
HEARTS TEN DIAMONDS FOUR,0.7304,0.025,0.2446
SPADES JACK SPADES TWO,0.6046,0.004,0.3914
HEARTS QUEEN DIAMONDS FOUR,0.7436,0.0232,0.2332
HEARTS KING DIAMONDS FOUR,0.7566,0.023,0.2204
SPADES ACE SPADES NINE,0.2406,0.1602,0.5992
HEARTS ACE DIAMONDS FOUR,0.0118,0.9708,0.0174
SPADES KING SPADES NINE,0.549,0.0034,0.4476
SPADES QUEEN SPADES NINE,0.5448,0.0056,0.4496
DIAMONDS THREE SPADES NINE,0.6458,0.0038,0.3504
DIAMONDS THREE SPADES EIGHT,0.6472,0.0064,0.3464
DIAMONDS THREE SPADES SEVEN,0.6496,0.005,0.3454
DIAMONDS THREE SPADES SIX,0.627,0.0042,0.3688
DIAMONDS THREE CLUBS SIX,0.6418,0.0058,0.3524
CLUBS FIVE CLUBS SIX,0.5538,0.0066,0.4396
CLUBS SEVEN DIAMONDS THREE,0.6434,0.0056,0.351
CLUBS SEVEN CLUBS FIVE,0.5614,0.006,0.4326
DIAMONDS THREE CLUBS FOUR,0.7256,0.0234,0.251
DIAMONDS FOUR CLUBS QUEEN,0.7472,0.0274,0.2254
DIAMONDS THREE CLUBS FIVE,0.6314,0.0046,0.364
CLUBS KING DIAMONDS FOUR,0.753,0.0258,0.2212
DIAMONDS THREE CLUBS TWO,0.6592,0.0086,0.3322
CLUBS TEN DIAMONDS FOUR,0.738,0.023,0.239
DIAMONDS THREE CLUBS THREE,0.4614,0.0042,0.5344
DIAMONDS FOUR CLUBS JACK,0.747,0.0248,0.2282
DIAMONDS THREE SPADES FOUR,0.72,0.0228,0.2572
DIAMONDS THREE SPADES FIVE,0.6384,0.0056,0.356
DIAMONDS THREE SPADES TWO,0.6712,0.005,0.3238
DIAMONDS THREE SPADES THREE,0.4598,0.006,0.5342
CLUBS EIGHT DIAMONDS THREE,0.6532,0.0056,0.3412
CLUBS NINE DIAMONDS THREE,0.6508,0.0048,0.3444
SPADES SEVEN CLUBS QUEEN,0.603,0.004,0.393
SPADES SEVEN CLUBS KING,0.6154,0.005,0.3796
CLUBS FIVE SPADES SEVEN,0.5968,0.0036,0.3996
CLUBS TEN SPADES SEVEN,0.5776,0.007,0.4154
CLUBS FIVE SPADES SIX,0.5924,0.0048,0.4028
SPADES SEVEN CLUBS JACK,0.5968,0.0038,0.3994
CLUBS FIVE SPADES NINE,0.5956,0.0054,0.399
CLUBS FIVE SPADES EIGHT,0.6178,0.0044,0.3778
CLUBS FIVE SPADES THREE,0.6362,0.0058,0.358
CLUBS FIVE SPADES TWO,0.6338,0.0052,0.361
CLUBS FIVE SPADES FIVE,0.3544,0.0048,0.6408
CLUBS FIVE SPADES FOUR,0.714,0.0232,0.2628
CLUBS NINE CLUBS FIVE,0.5874,0.0064,0.4062
CLUBS EIGHT CLUBS FIVE,0.5638,0.0066,0.4296
CLUBS KING CLUBS QUEEN,0.5476,0.0044,0.448
DIAMONDS TEN DIAMONDS FOUR,0.6914,0.0242,0.2844
CLUBS TEN DIAMONDS NINE,0.5614,0.0038,0.4348
DIAMONDS JACK DIAMONDS FOUR,0.6892,0.0214,0.2894
DIAMONDS NINE CLUBS JACK,0.5672,0.0048,0.428
SPADES NINE CLUBS JACK,0.572,0.0052,0.4228
CLUBS TEN SPADES NINE,0.5618,0.0048,0.4334
DIAMONDS ACE DIAMONDS FOUR,0.0172,0.911,0.0718
DIAMONDS JACK HEARTS TEN,0.5434,0.007,0.4496
SPADES NINE CLUBS KING,0.594,0.004,0.402
DIAMONDS TWO SPADES TEN,0.6408,0.004,0.3552
HEARTS FIVE DIAMONDS FOUR,0.7024,0.0216,0.276
DIAMONDS JACK HEARTS JACK,0.313,0.006,0.681
SPADES NINE CLUBS QUEEN,0.5794,0.0056,0.415
DIAMONDS TWO SPADES JACK,0.6386,0.0048,0.3566
DIAMONDS QUEEN DIAMONDS FOUR,0.6928,0.0184,0.2888
HEARTS TWO DIAMONDS FOUR,0.7556,0.0244,0.22
DIAMONDS NINE CLUBS QUEEN,0.5786,0.004,0.4174
DIAMONDS KING DIAMONDS FOUR,0.6846,0.025,0.2904
HEARTS THREE DIAMONDS FOUR,0.719,0.0248,0.2562
DIAMONDS NINE CLUBS KING,0.5986,0.005,0.3964
HEARTS ACE DIAMONDS JACK,0.2512,0.0882,0.6606
SPADES ACE DIAMONDS TWO,0.2704,0.5216,0.208
HEARTS QUEEN DIAMONDS JACK,0.5586,0.0026,0.4388
SPADES QUEEN DIAMONDS TWO,0.634,0.0038,0.3622
DIAMONDS JACK HEARTS KING,0.5722,0.0052,0.4226
SPADES KING DIAMONDS TWO,0.6608,0.0046,0.3346
SPADES JACK SPADES SEVEN,0.5588,0.0042,0.437
SPADES TEN SPADES SEVEN,0.5456,0.0036,0.4508
CLUBS SEVEN CLUBS THREE,0.6128,0.0052,0.382
CLUBS SIX CLUBS THREE,0.6106,0.0074,0.382
CLUBS FIVE CLUBS THREE,0.5916,0.0058,0.4026
CLUBS THREE CLUBS FOUR,0.6874,0.0242,0.2884
CLUBS NINE CLUBS THREE,0.6228,0.006,0.3712
CLUBS EIGHT CLUBS THREE,0.6348,0.0036,0.3616
CLUBS THREE SPADES FIVE,0.6192,0.0052,0.3756
CLUBS THREE SPADES FOUR,0.7264,0.0222,0.2514
CLUBS THREE SPADES THREE,0.4612,0.0074,0.5314
CLUBS THREE SPADES TWO,0.6688,0.0078,0.3234
CLUBS THREE SPADES SIX,0.6366,0.0054,0.358
CLUBS THREE SPADES SEVEN,0.6388,0.0042,0.357
SPADES EIGHT CLUBS THREE,0.6572,0.006,0.3368
SPADES NINE CLUBS THREE,0.6416,0.0062,0.3522
SPADES TWO DIAMONDS FOUR,0.7418,0.0224,0.2358
SPADES THREE DIAMONDS FOUR,0.7278,0.0186,0.2536
SPADES FOUR DIAMONDS FOUR,0.3486,0.0204,0.631
SPADES FIVE DIAMONDS FOUR,0.7024,0.0216,0.276
SPADES SIX DIAMONDS FOUR,0.7288,0.017,0.2542
SPADES SEVEN DIAMONDS FOUR,0.7166,0.017,0.2664
SPADES EIGHT DIAMONDS FOUR,0.722,0.0214,0.2566
SPADES NINE DIAMONDS FOUR,0.7316,0.0192,0.2492
CLUBS FIVE DIAMONDS FOUR,0.718,0.0224,0.2596
CLUBS FOUR DIAMONDS FOUR,0.3442,0.0212,0.6346
CLUBS SEVEN DIAMONDS FOUR,0.7224,0.0206,0.257
CLUBS SIX DIAMONDS FOUR,0.7254,0.0188,0.2558
CLUBS NINE DIAMONDS FOUR,0.742,0.0196,0.2384
CLUBS EIGHT DIAMONDS FOUR,0.7358,0.0206,0.2436
HEARTS SEVEN DIAMONDS FOUR,0.7018,0.018,0.2802
HEARTS SIX DIAMONDS FOUR,0.7202,0.0166,0.2632
DIAMONDS FOUR HEARTS NINE,0.7352,0.0174,0.2474
DIAMONDS FOUR HEARTS EIGHT,0.7346,0.017,0.2484
CLUBS THREE DIAMONDS FOUR,0.7304,0.022,0.2476
CLUBS TWO DIAMONDS FOUR,0.7582,0.0244,0.2174
DIAMONDS TEN DIAMONDS FIVE,0.5794,0.0038,0.4168
DIAMONDS JACK DIAMONDS FIVE,0.577,0.0028,0.4202
DIAMONDS NINE HEARTS QUEEN,0.5666,0.004,0.4294
DIAMONDS NINE HEARTS KING,0.5908,0.0056,0.4036
HEARTS ACE DIAMONDS NINE,0.2418,0.173,0.5852
DIAMONDS NINE HEARTS TEN,0.5452,0.0036,0.4512
DIAMONDS NINE HEARTS JACK,0.5678,0.004,0.4282
CLUBS KING DIAMONDS SIX,0.6154,0.004,0.3806
CLUBS QUEEN DIAMONDS SIX,0.615,0.0038,0.3812
SPADES KING DIAMONDS FOUR,0.7454,0.0252,0.2294
SPADES ACE SPADES SEVEN,0.2192,0.2808,0.5
SPADES QUEEN DIAMONDS FOUR,0.7374,0.0286,0.234
SPADES QUEEN SPADES SEVEN,0.5678,0.0032,0.429
CLUBS JACK DIAMONDS SIX,0.6168,0.0046,0.3786
SPADES KING SPADES SEVEN,0.5746,0.005,0.4204
SPADES ACE DIAMONDS FOUR,0.0208,0.9574,0.0218
CLUBS TEN DIAMONDS SIX,0.5964,0.005,0.3986
CLUBS NINE CLUBS FOUR,0.7034,0.0222,0.2744
CLUBS EIGHT CLUBS FOUR,0.6872,0.017,0.2958
SPADES JACK DIAMONDS FOUR,0.732,0.0242,0.2438
SPADES TEN DIAMONDS FOUR,0.7312,0.0268,0.242
CLUBS FIVE CLUBS FOUR,0.6798,0.0194,0.3008
CLUBS SEVEN CLUBS FOUR,0.691,0.02,0.289
CLUBS SIX CLUBS FOUR,0.7086,0.0152,0.2762
CLUBS SEVEN SPADES EIGHT,0.5722,0.003,0.4248
CLUBS SEVEN SPADES NINE,0.5818,0.0052,0.413
CLUBS SEVEN SPADES SIX,0.5764,0.0044,0.4192
CLUBS SEVEN SPADES SEVEN,0.3664,0.0028,0.6308
CLUBS SEVEN SPADES FIVE,0.589,0.0058,0.4052
CLUBS SEVEN SPADES FOUR,0.721,0.0174,0.2616
CLUBS SEVEN SPADES THREE,0.6422,0.0076,0.3502
CLUBS SEVEN SPADES TWO,0.6508,0.0042,0.345
CLUBS NINE CLUBS SEVEN,0.5438,0.0034,0.4528
CLUBS SEVEN CLUBS EIGHT,0.5278,0.0056,0.4666
HEARTS SIX DIAMONDS FIVE,0.5812,0.0052,0.4136
HEARTS SEVEN DIAMONDS FIVE,0.5948,0.0052,0.4
DIAMONDS FIVE HEARTS EIGHT,0.5936,0.0054,0.401
DIAMONDS FIVE HEARTS NINE,0.604,0.005,0.391
DIAMONDS QUEEN DIAMONDS FIVE,0.5798,0.0024,0.4178
HEARTS TWO DIAMONDS FIVE,0.6392,0.0064,0.3544
HEARTS KING HEARTS EIGHT,0.5678,0.0034,0.4288
DIAMONDS KING DIAMONDS FIVE,0.5848,0.0032,0.412
HEARTS THREE DIAMONDS FIVE,0.6272,0.0074,0.3654
HEARTS QUEEN HEARTS EIGHT,0.5636,0.0044,0.432
DIAMONDS ACE DIAMONDS FIVE,0.1994,0.4242,0.3764
HEARTS FIVE DIAMONDS FIVE,0.3608,0.006,0.6332
HEARTS ACE HEARTS EIGHT,0.237,0.2166,0.5464
CLUBS FOUR DIAMONDS FIVE,0.7086,0.0242,0.2672
CLUBS FIVE DIAMONDS FIVE,0.3684,0.0034,0.6282
CLUBS SIX DIAMONDS FIVE,0.5838,0.0042,0.412
CLUBS SEVEN DIAMONDS FIVE,0.5972,0.0048,0.398
CLUBS TWO DIAMONDS FIVE,0.6446,0.007,0.3484
CLUBS THREE DIAMONDS FIVE,0.6378,0.0034,0.3588
SPADES THREE DIAMONDS FIVE,0.6232,0.0046,0.3722
SPADES TWO DIAMONDS FIVE,0.6208,0.0062,0.373
SPADES JACK DIAMONDS EIGHT,0.5816,0.003,0.4154
SPADES FIVE DIAMONDS FIVE,0.36,0.0044,0.6356
CLUBS TEN HEARTS JACK,0.543,0.0044,0.4526
SPADES TEN DIAMONDS EIGHT,0.5752,0.0028,0.422
SPADES FOUR DIAMONDS FIVE,0.7,0.0232,0.2768
HEARTS JACK CLUBS JACK,0.315,0.0052,0.6798
HEARTS JACK CLUBS QUEEN,0.5714,0.0042,0.4244
CLUBS NINE DIAMONDS FIVE,0.6056,0.0044,0.39
CLUBS KING HEARTS JACK,0.5828,0.007,0.4102
CLUBS EIGHT DIAMONDS FIVE,0.6072,0.0042,0.3886
SPADES SEVEN DIAMONDS FIVE,0.608,0.0048,0.3872
SPADES KING DIAMONDS EIGHT,0.6178,0.0042,0.378
SPADES QUEEN DIAMONDS EIGHT,0.5874,0.004,0.4086
SPADES SIX DIAMONDS FIVE,0.5904,0.004,0.4056
SPADES NINE DIAMONDS FIVE,0.613,0.0038,0.3832
SPADES EIGHT DIAMONDS FIVE,0.6064,0.0034,0.3902
SPADES ACE DIAMONDS EIGHT,0.2456,0.225,0.5294
DIAMONDS TEN DIAMONDS SIX,0.5518,0.0038,0.4444
HEARTS ACE DIAMONDS SEVEN,0.2314,0.3012,0.4674
DIAMONDS JACK DIAMONDS SIX,0.5616,0.0042,0.4342
HEARTS QUEEN DIAMONDS SEVEN,0.606,0.0046,0.3894
HEARTS KING DIAMONDS SEVEN,0.6016,0.005,0.3934
DIAMONDS ACE DIAMONDS SIX,0.2292,0.3534,0.4174
SPADES TWO HEARTS JACK,0.6356,0.0058,0.3586
HEARTS FIVE DIAMONDS SIX,0.5888,0.006,0.4052
SPADES TWO HEARTS TEN,0.6398,0.005,0.3552
DIAMONDS QUEEN DIAMONDS SIX,0.573,0.0044,0.4226
HEARTS TWO DIAMONDS SIX,0.6652,0.0066,0.3282
DIAMONDS KING DIAMONDS SIX,0.5732,0.0034,0.4234
HEARTS THREE DIAMONDS SIX,0.6312,0.0044,0.3644
HEARTS EIGHT DIAMONDS SIX,0.5712,0.0056,0.4232
HEARTS NINE DIAMONDS SIX,0.5732,0.0036,0.4232
HEARTS SIX DIAMONDS SIX,0.3554,0.0052,0.6394
HEARTS SEVEN DIAMONDS SIX,0.5764,0.0062,0.4174
HEARTS TEN DIAMONDS SEVEN,0.5748,0.0036,0.4216
CLUBS TWO DIAMONDS SIX,0.6562,0.0054,0.3384
HEARTS JACK DIAMONDS SEVEN,0.593,0.0038,0.4032
CLUBS THREE DIAMONDS SIX,0.6396,0.0048,0.3556
CLUBS SEVEN DIAMONDS SIX,0.5896,0.0052,0.4052
DIAMONDS EIGHT CLUBS JACK,0.5784,0.0032,0.4184
CLUBS SIX DIAMONDS SIX,0.3812,0.0052,0.6136
CLUBS TEN DIAMONDS EIGHT,0.5708,0.0056,0.4236
CLUBS FIVE DIAMONDS SIX,0.601,0.005,0.394
CLUBS FOUR DIAMONDS SIX,0.7308,0.0228,0.2464
HEARTS ACE HEARTS JACK,0.2374,0.0834,0.6792
HEARTS QUEEN HEARTS JACK,0.5374,0.0066,0.456
DIAMONDS EIGHT CLUBS KING,0.6046,0.0046,0.3908
CLUBS NINE DIAMONDS SIX,0.579,0.005,0.416
HEARTS KING HEARTS JACK,0.5492,0.0064,0.4444
DIAMONDS EIGHT CLUBS QUEEN,0.5884,0.004,0.4076
CLUBS EIGHT DIAMONDS SIX,0.5836,0.0052,0.4112
SPADES TEN HEARTS KING,0.5704,0.005,0.4246
SPADES FIVE DIAMONDS SIX,0.589,0.0028,0.4082
HEARTS ACE SPADES TWO,0.2582,0.5202,0.2216
SPADES JACK HEARTS KING,0.577,0.0034,0.4196
SPADES FOUR DIAMONDS SIX,0.7364,0.0134,0.2502
SPADES THREE DIAMONDS SIX,0.6352,0.0058,0.359
HEARTS QUEEN SPADES TWO,0.6426,0.0036,0.3538
SPADES ACE SPADES KING,0.2382,0.0416,0.7202
HEARTS KING SPADES TWO,0.6434,0.006,0.3506
SPADES TWO DIAMONDS SIX,0.6508,0.0048,0.3444
HEARTS TEN HEARTS EIGHT,0.5436,0.0052,0.4512
SPADES NINE DIAMONDS SIX,0.5828,0.0038,0.4134
HEARTS JACK HEARTS EIGHT,0.5542,0.0044,0.4414
SPADES EIGHT DIAMONDS SIX,0.578,0.0038,0.4182
SPADES SEVEN DIAMONDS SIX,0.5814,0.0046,0.414
SPADES SIX DIAMONDS SIX,0.3686,0.0054,0.626
SPADES KING HEARTS KING,0.2926,0.0066,0.7008
SPADES QUEEN HEARTS KING,0.5734,0.005,0.4216
SPADES ACE HEARTS KING,0.2496,0.0534,0.697
SPADES ACE HEARTS JACK,0.2518,0.0798,0.6684
SPADES QUEEN HEARTS JACK,0.5702,0.0054,0.4244
SPADES KING HEARTS JACK,0.5654,0.0038,0.4308
SPADES TEN DIAMONDS TEN,0.3354,0.0044,0.6602
SPADES JACK DIAMONDS TEN,0.547,0.0034,0.4496
SPADES ACE DIAMONDS TEN,0.2578,0.1162,0.626
SPADES JACK HEARTS JACK,0.3204,0.0042,0.6754
SPADES TEN HEARTS JACK,0.5458,0.003,0.4512
SPADES QUEEN DIAMONDS TEN,0.5622,0.0046,0.4332
SPADES KING DIAMONDS TEN,0.5652,0.003,0.4318
SPADES NINE DIAMONDS SEVEN,0.5728,0.0048,0.4224
SPADES EIGHT DIAMONDS SEVEN,0.569,0.003,0.428
SPADES SEVEN DIAMONDS SEVEN,0.353,0.004,0.643
SPADES SIX DIAMONDS SEVEN,0.5624,0.0034,0.4342
DIAMONDS KING DIAMONDS SEVEN,0.5594,0.0042,0.4364
HEARTS THREE DIAMONDS SEVEN,0.6436,0.0052,0.3512
HEARTS KING DIAMONDS FIVE,0.6164,0.0042,0.3794
DIAMONDS QUEEN DIAMONDS SEVEN,0.554,0.0054,0.4406
HEARTS TWO DIAMONDS SEVEN,0.643,0.005,0.352
HEARTS QUEEN DIAMONDS FIVE,0.6192,0.0032,0.3776
HEARTS FIVE DIAMONDS SEVEN,0.6004,0.0052,0.3944
DIAMONDS ACE DIAMONDS SEVEN,0.227,0.2924,0.4806
HEARTS ACE DIAMONDS FIVE,0.2266,0.4556,0.3178
HEARTS SEVEN DIAMONDS SEVEN,0.3622,0.0062,0.6316
HEARTS SIX DIAMONDS SEVEN,0.5706,0.003,0.4264
DIAMONDS SEVEN HEARTS NINE,0.5766,0.0052,0.4182
HEARTS EIGHT DIAMONDS SEVEN,0.553,0.006,0.441
DIAMONDS JACK DIAMONDS SEVEN,0.5424,0.0036,0.454
DIAMONDS FIVE HEARTS JACK,0.6058,0.0048,0.3894
DIAMONDS TEN DIAMONDS SEVEN,0.5472,0.003,0.4498
HEARTS TEN DIAMONDS FIVE,0.6188,0.0042,0.377
SPADES KING CLUBS TWO,0.6516,0.0046,0.3438
HEARTS KING CLUBS KING,0.2796,0.005,0.7154
CLUBS EIGHT DIAMONDS SEVEN,0.568,0.0048,0.4272
SPADES QUEEN CLUBS TWO,0.6664,0.0068,0.3268
HEARTS KING CLUBS QUEEN,0.5868,0.0062,0.407
CLUBS NINE DIAMONDS SEVEN,0.575,0.0046,0.4204
SPADES TWO CLUBS JACK,0.6602,0.0062,0.3336
SPADES ACE CLUBS TWO,0.2678,0.5164,0.2158
CLUBS TEN SPADES TWO,0.6386,0.0052,0.3562
CLUBS SEVEN CLUBS SIX,0.5556,0.0076,0.4368
SPADES TWO CLUBS KING,0.652,0.0058,0.3422
SPADES TWO DIAMONDS SEVEN,0.6478,0.0038,0.3484
CLUBS EIGHT CLUBS SIX,0.5546,0.0038,0.4416
SPADES THREE DIAMONDS SEVEN,0.6426,0.0048,0.3526
SPADES TWO CLUBS QUEEN,0.6572,0.0056,0.3372
CLUBS NINE CLUBS SIX,0.5586,0.0036,0.4378
SPADES FOUR DIAMONDS SEVEN,0.7258,0.0194,0.2548
HEARTS KING CLUBS JACK,0.5618,0.005,0.4332
SPADES FIVE DIAMONDS SEVEN,0.5964,0.0042,0.3994
CLUBS TEN HEARTS KING,0.5706,0.0072,0.4222
CLUBS SIX SPADES TWO,0.649,0.0056,0.3454
CLUBS SIX SPADES THREE,0.648,0.0064,0.3456
CLUBS TWO DIAMONDS SEVEN,0.6542,0.0044,0.3414
CLUBS SIX SPADES FOUR,0.7288,0.0192,0.252
CLUBS THREE DIAMONDS SEVEN,0.65,0.0052,0.3448
CLUBS SIX SPADES FIVE,0.5992,0.0032,0.3976
CLUBS FOUR DIAMONDS SEVEN,0.7152,0.0176,0.2672
CLUBS SIX SPADES SIX,0.3684,0.0038,0.6278
CLUBS FIVE DIAMONDS SEVEN,0.594,0.0056,0.4004
CLUBS SIX SPADES SEVEN,0.5884,0.0046,0.407
CLUBS SIX DIAMONDS SEVEN,0.5738,0.0046,0.4216
CLUBS SIX SPADES EIGHT,0.5864,0.003,0.4106
SPADES JACK CLUBS TWO,0.6548,0.0054,0.3398
CLUBS SEVEN DIAMONDS SEVEN,0.369,0.004,0.627
SPADES NINE CLUBS SIX,0.5942,0.0044,0.4014
SPADES TEN CLUBS TWO,0.6518,0.0044,0.3438
CLUBS TWO CLUBS QUEEN,0.6154,0.0038,0.3808
CLUBS TWO CLUBS KING,0.6356,0.0044,0.36
CLUBS THREE DIAMONDS EIGHT,0.654,0.0052,0.3408
CLUBS TWO DIAMONDS EIGHT,0.6604,0.004,0.3356
HEARTS SEVEN DIAMONDS EIGHT,0.5492,0.0052,0.4456
HEARTS SIX DIAMONDS EIGHT,0.5872,0.0042,0.4086
DIAMONDS EIGHT HEARTS NINE,0.5636,0.0026,0.4338
CLUBS TEN CLUBS TWO,0.6242,0.0058,0.37
DIAMONDS EIGHT HEARTS EIGHT,0.3484,0.0036,0.648
CLUBS TWO CLUBS JACK,0.6152,0.0066,0.3782
CLUBS NINE DIAMONDS EIGHT,0.553,0.0042,0.4428
CLUBS EIGHT DIAMONDS EIGHT,0.3596,0.0044,0.636
CLUBS FIVE DIAMONDS EIGHT,0.6116,0.0056,0.3828
SPADES ACE SPADES THREE,0.2402,0.4922,0.2676
CLUBS FOUR DIAMONDS EIGHT,0.7378,0.0172,0.245
CLUBS SEVEN DIAMONDS EIGHT,0.5596,0.0062,0.4342
SPADES QUEEN SPADES THREE,0.6228,0.0026,0.3746
CLUBS SIX DIAMONDS EIGHT,0.5858,0.0048,0.4094
SPADES KING SPADES THREE,0.6126,0.0048,0.3826
DIAMONDS QUEEN DIAMONDS EIGHT,0.562,0.0036,0.4344
HEARTS TWO DIAMONDS EIGHT,0.6532,0.0064,0.3404
DIAMONDS KING DIAMONDS EIGHT,0.5656,0.0046,0.4298
HEARTS THREE DIAMONDS EIGHT,0.6506,0.005,0.3444
DIAMONDS ACE DIAMONDS EIGHT,0.2294,0.221,0.5496
HEARTS FIVE DIAMONDS EIGHT,0.5924,0.0044,0.4032
DIAMONDS EIGHT DIAMONDS TEN,0.5384,0.0044,0.4572
DIAMONDS EIGHT DIAMONDS JACK,0.537,0.0048,0.4582
SPADES JACK SPADES THREE,0.5858,0.0058,0.4084
SPADES TEN SPADES THREE,0.603,0.003,0.394
CLUBS FOUR HEARTS ACE,0.0066,0.9866,0.0068
CLUBS FOUR HEARTS QUEEN,0.743,0.0218,0.2352
CLUBS FOUR HEARTS KING,0.751,0.0224,0.2266
CLUBS SIX HEARTS TEN,0.5892,0.004,0.4068
CLUBS SIX HEARTS JACK,0.6186,0.0032,0.3782
DIAMONDS EIGHT SPADES FOUR,0.735,0.0172,0.2478
SPADES FIVE DIAMONDS EIGHT,0.5916,0.0042,0.4042
DIAMONDS EIGHT SPADES TWO,0.6534,0.005,0.3416
DIAMONDS EIGHT SPADES THREE,0.6502,0.0038,0.346
CLUBS FOUR HEARTS JACK,0.7494,0.0278,0.2228
SPADES EIGHT DIAMONDS EIGHT,0.346,0.003,0.651
SPADES TEN DIAMONDS QUEEN,0.564,0.0036,0.4324
SPADES TEN HEARTS TWO,0.6492,0.0042,0.3466
SPADES JACK HEARTS EIGHT,0.5718,0.0054,0.4228
CLUBS FOUR HEARTS TEN,0.7326,0.0252,0.2422
SPADES NINE DIAMONDS EIGHT,0.5536,0.003,0.4434
SPADES TEN HEARTS EIGHT,0.5742,0.0044,0.4214
SPADES JACK HEARTS TWO,0.6476,0.0044,0.348
SPADES JACK DIAMONDS QUEEN,0.5604,0.0042,0.4354
SPADES SIX DIAMONDS EIGHT,0.5794,0.0036,0.417
SPADES SEVEN DIAMONDS EIGHT,0.5634,0.004,0.4326
SPADES ACE HEARTS TWO,0.2604,0.5262,0.2134
SPADES ACE DIAMONDS QUEEN,0.2646,0.0682,0.6672
SPADES ACE HEARTS EIGHT,0.2302,0.231,0.5388
SPADES KING HEARTS EIGHT,0.5998,0.0028,0.3974
SPADES QUEEN HEARTS TWO,0.6462,0.0048,0.349
SPADES QUEEN DIAMONDS QUEEN,0.2994,0.0036,0.697
SPADES KING DIAMONDS QUEEN,0.5788,0.0052,0.416
SPADES KING HEARTS TWO,0.659,0.0042,0.3368
SPADES QUEEN HEARTS EIGHT,0.5878,0.0046,0.4076
CLUBS TWO HEARTS TEN,0.6478,0.006,0.3462
CLUBS TWO HEARTS JACK,0.655,0.0078,0.3372
SPADES SEVEN DIAMONDS NINE,0.579,0.0024,0.4186
SPADES SIX DIAMONDS NINE,0.5864,0.0034,0.4102
SPADES NINE DIAMONDS NINE,0.3408,0.0036,0.6556
SPADES EIGHT DIAMONDS NINE,0.5716,0.0038,0.4246
SPADES TEN CLUBS KING,0.573,0.0058,0.4212
DIAMONDS NINE SPADES THREE,0.6382,0.0046,0.3572
SPADES JACK CLUBS KING,0.5698,0.0054,0.4248
DIAMONDS NINE SPADES TWO,0.6398,0.0062,0.354
DIAMONDS NINE SPADES FIVE,0.6132,0.0034,0.3834
DIAMONDS NINE SPADES FOUR,0.7402,0.0224,0.2374
CLUBS NINE DIAMONDS NINE,0.3466,0.0034,0.65
CLUBS EIGHT DIAMONDS NINE,0.567,0.0052,0.4278
CLUBS SIX DIAMONDS NINE,0.5966,0.0034,0.4
SPADES JACK CLUBS FOUR,0.7422,0.022,0.2358
CLUBS SEVEN DIAMONDS NINE,0.5802,0.0038,0.416
SPADES TEN CLUBS FOUR,0.7388,0.0228,0.2384
CLUBS FOUR DIAMONDS NINE,0.7378,0.0226,0.2396
CLUBS FIVE DIAMONDS NINE,0.6068,0.0054,0.3878
DIAMONDS NINE CLUBS TWO,0.6514,0.0044,0.3442
CLUBS THREE DIAMONDS NINE,0.6506,0.0036,0.3458
DIAMONDS NINE HEARTS EIGHT,0.559,0.0026,0.4384
DIAMONDS NINE HEARTS NINE,0.3454,0.0042,0.6504
HEARTS SIX DIAMONDS NINE,0.5858,0.005,0.4092
HEARTS SEVEN DIAMONDS NINE,0.5698,0.0032,0.427
CLUBS NINE CLUBS EIGHT,0.534,0.0052,0.4608
DIAMONDS ACE DIAMONDS NINE,0.236,0.16,0.604
HEARTS FIVE DIAMONDS NINE,0.5996,0.0048,0.3956
HEARTS ACE CLUBS TWO,0.2646,0.5238,0.2116
SPADES ACE CLUBS FOUR,0.0168,0.9734,0.0098
DIAMONDS QUEEN DIAMONDS NINE,0.5378,0.0054,0.4568
HEARTS TWO DIAMONDS NINE,0.6544,0.0044,0.3412
CLUBS TWO HEARTS KING,0.6432,0.006,0.3508
SPADES KING CLUBS FOUR,0.7496,0.0246,0.2258
DIAMONDS KING DIAMONDS NINE,0.549,0.004,0.447
HEARTS THREE DIAMONDS NINE,0.65,0.0062,0.3438
CLUBS TWO HEARTS QUEEN,0.659,0.005,0.336
SPADES QUEEN CLUBS FOUR,0.745,0.0258,0.2292
DIAMONDS NINE DIAMONDS JACK,0.5306,0.0036,0.4658
CLUBS EIGHT SPADES NINE,0.5616,0.0038,0.4346
DIAMONDS NINE DIAMONDS TEN,0.5168,0.005,0.4782
CLUBS EIGHT SPADES EIGHT,0.3532,0.004,0.6428
CLUBS EIGHT SPADES SEVEN,0.5672,0.0038,0.429
CLUBS EIGHT SPADES SIX,0.5912,0.0042,0.4046
CLUBS EIGHT SPADES FIVE,0.5916,0.0038,0.4046
CLUBS EIGHT SPADES FOUR,0.7312,0.0172,0.2516
CLUBS EIGHT SPADES THREE,0.6536,0.004,0.3424
CLUBS EIGHT SPADES TWO,0.6388,0.0064,0.3548
HEARTS SIX DIAMONDS TEN,0.5986,0.0044,0.397
HEARTS SEVEN DIAMONDS TEN,0.5804,0.005,0.4146
DIAMONDS TEN HEARTS EIGHT,0.5774,0.005,0.4176
CLUBS FOUR CLUBS JACK,0.7308,0.0256,0.2436
DIAMONDS TEN HEARTS NINE,0.543,0.0046,0.4524
CLUBS TEN CLUBS FOUR,0.7058,0.0256,0.2686
CLUBS FOUR CLUBS KING,0.7116,0.027,0.2614
CLUBS FOUR CLUBS QUEEN,0.7096,0.0262,0.2642
CLUBS TWO DIAMONDS TEN,0.6646,0.0048,0.3306
CLUBS THREE DIAMONDS TEN,0.6502,0.0032,0.3466
DIAMONDS JACK DIAMONDS TEN,0.5196,0.0044,0.476
DIAMONDS QUEEN DIAMONDS TEN,0.5244,0.0056,0.47
HEARTS TWO DIAMONDS TEN,0.6508,0.0032,0.346
DIAMONDS KING DIAMONDS TEN,0.5378,0.0044,0.4578
HEARTS THREE DIAMONDS TEN,0.6396,0.004,0.3564
DIAMONDS ACE DIAMONDS TEN,0.246,0.1168,0.6372
CLUBS EIGHT HEARTS JACK,0.5864,0.0048,0.4088
HEARTS FIVE DIAMONDS TEN,0.6174,0.004,0.3786
CLUBS EIGHT HEARTS TEN,0.5672,0.0038,0.429
CLUBS EIGHT HEARTS QUEEN,0.595,0.005,0.4
CLUBS EIGHT HEARTS KING,0.596,0.0042,0.3998
CLUBS EIGHT HEARTS ACE,0.2378,0.2344,0.5278
CLUBS NINE SPADES THREE,0.6598,0.0078,0.3324
CLUBS NINE SPADES TWO,0.637,0.005,0.358
CLUBS NINE SPADES FIVE,0.6142,0.004,0.3818
CLUBS NINE SPADES FOUR,0.7442,0.021,0.2348
CLUBS NINE SPADES SEVEN,0.563,0.005,0.432
CLUBS NINE SPADES SIX,0.595,0.006,0.399
CLUBS NINE SPADES NINE,0.346,0.0042,0.6498
CLUBS TEN HEARTS EIGHT,0.588,0.0048,0.4072
CLUBS NINE SPADES EIGHT,0.5684,0.0038,0.4278
HEARTS EIGHT CLUBS JACK,0.5778,0.006,0.4162
CLUBS QUEEN HEARTS EIGHT,0.5932,0.0036,0.4032
CLUBS KING HEARTS EIGHT,0.5998,0.0068,0.3934
SPADES KING CLUBS KING,0.2994,0.0036,0.697
SPADES QUEEN CLUBS KING,0.5822,0.004,0.4138
SPADES ACE CLUBS KING,0.2618,0.053,0.6852
DIAMONDS ACE HEARTS TEN,0.2406,0.1212,0.6382
DIAMONDS ACE HEARTS JACK,0.2532,0.0788,0.668
SPADES KING CLUBS FIVE,0.6228,0.0052,0.372
SPADES QUEEN CLUBS FIVE,0.6302,0.0046,0.3652
SPADES ACE CLUBS FIVE,0.2146,0.4774,0.308
HEARTS SEVEN DIAMONDS JACK,0.598,0.0054,0.3966
HEARTS SIX DIAMONDS JACK,0.6128,0.005,0.3822
DIAMONDS JACK HEARTS NINE,0.5492,0.004,0.4468
DIAMONDS JACK HEARTS EIGHT,0.5814,0.0066,0.412
DIAMONDS KING DIAMONDS JACK,0.53,0.0046,0.4654
HEARTS THREE DIAMONDS JACK,0.654,0.0052,0.3408
SPADES ACE SPADES SIX,0.2334,0.355,0.4116
HEARTS ACE SPADES FOUR,0.0106,0.9708,0.0186
DIAMONDS QUEEN DIAMONDS JACK,0.532,0.0046,0.4634
HEARTS TWO DIAMONDS JACK,0.6466,0.0056,0.3478
HEARTS FIVE DIAMONDS JACK,0.6048,0.0054,0.3898
SPADES QUEEN SPADES SIX,0.5594,0.006,0.4346
SPADES FOUR HEARTS QUEEN,0.7422,0.0242,0.2336
DIAMONDS ACE DIAMONDS JACK,0.2396,0.0872,0.6732
SPADES KING SPADES SIX,0.5694,0.0046,0.426
SPADES FOUR HEARTS KING,0.7476,0.022,0.2304
SPADES TEN SPADES SIX,0.5638,0.0048,0.4314
SPADES JACK SPADES SIX,0.5584,0.0054,0.4362
SPADES FOUR DIAMONDS JACK,0.7354,0.0244,0.2402
SPADES FIVE DIAMONDS JACK,0.6094,0.0034,0.3872
DIAMONDS JACK SPADES TWO,0.6354,0.0044,0.3602
DIAMONDS JACK SPADES THREE,0.6508,0.0052,0.344
SPADES ACE DIAMONDS THREE,0.2566,0.51,0.2334
SPADES QUEEN DIAMONDS THREE,0.6522,0.0052,0.3426
CLUBS EIGHT DIAMONDS JACK,0.5812,0.0046,0.4142
SPADES KING DIAMONDS THREE,0.6456,0.005,0.3494
CLUBS NINE DIAMONDS JACK,0.5662,0.004,0.4298
CLUBS SIX DIAMONDS JACK,0.6212,0.0024,0.3764
CLUBS SEVEN DIAMONDS JACK,0.5944,0.0056,0.4
CLUBS FOUR DIAMONDS JACK,0.745,0.0276,0.2274
CLUBS FIVE DIAMONDS JACK,0.6002,0.0046,0.3952
CLUBS TWO DIAMONDS JACK,0.6462,0.0062,0.3476
CLUBS THREE DIAMONDS JACK,0.6538,0.0052,0.341
SPADES TEN CLUBS FIVE,0.6256,0.0052,0.3692
SPADES JACK HEARTS SIX,0.6024,0.0038,0.3938
HEARTS SIX SPADES TEN,0.5962,0.0036,0.4002
SPADES JACK CLUBS FIVE,0.6328,0.0044,0.3628
SPADES JACK DIAMONDS THREE,0.6356,0.0052,0.3592
DIAMONDS THREE SPADES TEN,0.633,0.003,0.364
CLUBS SEVEN CLUBS QUEEN,0.582,0.0054,0.4126
CLUBS SEVEN CLUBS KING,0.5772,0.006,0.4168
SPADES NINE DIAMONDS JACK,0.5738,0.0034,0.4228
CLUBS TEN CLUBS SEVEN,0.5432,0.0046,0.4522
DIAMONDS ACE HEARTS ACE,0.0644,0.0122,0.9234
SPADES EIGHT DIAMONDS JACK,0.5824,0.003,0.4146
SPADES ACE HEARTS SIX,0.236,0.381,0.383
CLUBS SEVEN CLUBS JACK,0.5682,0.005,0.4268
DIAMONDS ACE HEARTS KING,0.257,0.0454,0.6976
SPADES SEVEN DIAMONDS JACK,0.5884,0.0024,0.4092
SPADES KING HEARTS SIX,0.6164,0.005,0.3786
DIAMONDS ACE HEARTS QUEEN,0.2452,0.0634,0.6914
SPADES QUEEN HEARTS SIX,0.611,0.0052,0.3838
SPADES SIX DIAMONDS JACK,0.607,0.0054,0.3876
DIAMONDS TEN SPADES TWO,0.645,0.0058,0.3492
SPADES THREE DIAMONDS TEN,0.6376,0.005,0.3574
SPADES FOUR DIAMONDS TEN,0.728,0.0282,0.2438
SPADES FIVE DIAMONDS TEN,0.6242,0.0032,0.3726
SPADES SIX DIAMONDS TEN,0.5846,0.0032,0.4122
SPADES SEVEN DIAMONDS TEN,0.5822,0.0036,0.4142
SPADES EIGHT DIAMONDS TEN,0.573,0.003,0.424
SPADES NINE DIAMONDS TEN,0.5576,0.0016,0.4408
CLUBS FOUR DIAMONDS TEN,0.7398,0.0256,0.2346
CLUBS FIVE DIAMONDS TEN,0.6326,0.0044,0.363
CLUBS SIX DIAMONDS TEN,0.5944,0.004,0.4016
CLUBS SEVEN DIAMONDS TEN,0.581,0.004,0.415
CLUBS EIGHT DIAMONDS TEN,0.5832,0.003,0.4138
CLUBS NINE DIAMONDS TEN,0.5512,0.0036,0.4452
DIAMONDS THREE CLUBS JACK,0.6496,0.006,0.3444
CLUBS TEN DIAMONDS THREE,0.6448,0.003,0.3522
DIAMONDS THREE CLUBS KING,0.641,0.0068,0.3522
DIAMONDS THREE CLUBS QUEEN,0.652,0.0064,0.3416
SPADES FOUR HEARTS JACK,0.7352,0.022,0.2428
SPADES FOUR HEARTS TEN,0.7386,0.0262,0.2352
SPADES FIVE SPADES TWO,0.5926,0.0052,0.4022
SPADES FOUR SPADES TWO,0.7066,0.02,0.2734
SPADES THREE SPADES TWO,0.62,0.0048,0.3752
SPADES NINE SPADES TWO,0.6066,0.004,0.3894
SPADES EIGHT SPADES TWO,0.601,0.0056,0.3934
SPADES SEVEN SPADES TWO,0.6132,0.005,0.3818
SPADES SIX SPADES TWO,0.6062,0.006,0.3878
DIAMONDS QUEEN CLUBS THREE,0.6402,0.0056,0.3542
CLUBS THREE HEARTS TWO,0.6688,0.0056,0.3256
DIAMONDS QUEEN CLUBS TWO,0.6546,0.0062,0.3392
HEARTS TWO CLUBS TWO,0.471,0.0082,0.5208
HEARTS SEVEN DIAMONDS QUEEN,0.598,0.0034,0.3986
HEARTS SEVEN HEARTS TWO,0.6286,0.007,0.3644
HEARTS SIX DIAMONDS QUEEN,0.61,0.0034,0.3866
HEARTS SIX HEARTS TWO,0.6234,0.007,0.3696
DIAMONDS QUEEN HEARTS NINE,0.5708,0.0044,0.4248
HEARTS TWO HEARTS NINE,0.618,0.0048,0.3772
DIAMONDS QUEEN HEARTS EIGHT,0.5882,0.0034,0.4084
HEARTS TWO HEARTS EIGHT,0.604,0.0058,0.3902
CLUBS NINE HEARTS TWO,0.6554,0.0042,0.3404
CLUBS NINE DIAMONDS QUEEN,0.5752,0.0038,0.421
CLUBS EIGHT HEARTS TWO,0.658,0.0074,0.3346
CLUBS EIGHT DIAMONDS QUEEN,0.5912,0.004,0.4048
CLUBS FIVE DIAMONDS QUEEN,0.6166,0.0032,0.3802
CLUBS FIVE HEARTS TWO,0.6472,0.0046,0.3482
SPADES EIGHT HEARTS ACE,0.237,0.224,0.539
DIAMONDS QUEEN CLUBS FOUR,0.748,0.0222,0.2298
HEARTS TWO CLUBS FOUR,0.7502,0.0226,0.2272
CLUBS SEVEN DIAMONDS QUEEN,0.6074,0.0032,0.3894
CLUBS SEVEN HEARTS TWO,0.6502,0.0062,0.3436
SPADES EIGHT HEARTS QUEEN,0.612,0.0046,0.3834
CLUBS SIX DIAMONDS QUEEN,0.6206,0.0062,0.3732
CLUBS SIX HEARTS TWO,0.6602,0.0056,0.3342
SPADES EIGHT HEARTS KING,0.5968,0.0036,0.3996
HEARTS TWO SPADES SIX,0.6496,0.0058,0.3446
DIAMONDS QUEEN SPADES SIX,0.6116,0.0036,0.3848
DIAMONDS ACE CLUBS QUEEN,0.2646,0.0612,0.6742
DIAMONDS QUEEN SPADES SEVEN,0.599,0.006,0.395
HEARTS TWO SPADES SEVEN,0.6638,0.0058,0.3304
DIAMONDS ACE CLUBS KING,0.2666,0.047,0.6864
DIAMONDS QUEEN SPADES EIGHT,0.5812,0.0044,0.4144
SPADES EIGHT HEARTS TWO,0.6418,0.0028,0.3554
SPADES NINE DIAMONDS QUEEN,0.5838,0.0038,0.4124
SPADES NINE HEARTS TWO,0.6616,0.0072,0.3312
HEARTS TWO SPADES TWO,0.459,0.007,0.534
DIAMONDS QUEEN SPADES TWO,0.6448,0.006,0.3492
HEARTS TWO SPADES THREE,0.6722,0.0072,0.3206
DIAMONDS QUEEN SPADES THREE,0.6496,0.0062,0.3442
HEARTS TWO SPADES FOUR,0.7458,0.0246,0.2296
DIAMONDS QUEEN SPADES FOUR,0.7304,0.0272,0.2424
CLUBS TEN DIAMONDS ACE,0.2516,0.1214,0.627
HEARTS TWO SPADES FIVE,0.6526,0.004,0.3434
DIAMONDS QUEEN SPADES FIVE,0.6116,0.0034,0.385
DIAMONDS ACE CLUBS JACK,0.254,0.0898,0.6562
CLUBS FIVE CLUBS KING,0.5994,0.0046,0.396
CLUBS FIVE CLUBS QUEEN,0.5856,0.0068,0.4076
CLUBS FIVE CLUBS JACK,0.594,0.0058,0.4002
CLUBS TEN CLUBS FIVE,0.5718,0.007,0.4212
SPADES KING CLUBS JACK,0.5826,0.0048,0.4126
SPADES QUEEN CLUBS JACK,0.5606,0.003,0.4364
SPADES ACE CLUBS JACK,0.2558,0.0906,0.6536
SPADES SIX CLUBS KING,0.611,0.0046,0.3844
SPADES SIX CLUBS QUEEN,0.608,0.0038,0.3882
SPADES EIGHT HEARTS JACK,0.5772,0.0036,0.4192
SPADES EIGHT HEARTS TEN,0.5608,0.0034,0.4358
SPADES SIX CLUBS JACK,0.6362,0.006,0.3578
CLUBS TEN SPADES SIX,0.5878,0.0038,0.4084
SPADES TEN CLUBS JACK,0.5546,0.0052,0.4402
SPADES JACK CLUBS JACK,0.3236,0.0038,0.6726
SPADES QUEEN CLUBS SEVEN,0.6076,0.002,0.3904
SPADES KING CLUBS SEVEN,0.6126,0.0046,0.3828
SPADES ACE CLUBS SEVEN,0.2396,0.3044,0.456
SPADES SIX HEARTS TEN,0.5936,0.0022,0.4042
SPADES SIX HEARTS JACK,0.607,0.0054,0.3876
SPADES SIX HEARTS ACE,0.2368,0.389,0.3742
SPADES SIX HEARTS KING,0.6028,0.0048,0.3924
SPADES SIX HEARTS QUEEN,0.5972,0.0046,0.3982
CLUBS SEVEN SPADES JACK,0.592,0.0036,0.4044
CLUBS SEVEN SPADES TEN,0.5904,0.0032,0.4064
CLUBS TEN HEARTS SIX,0.5954,0.0056,0.399
HEARTS SIX CLUBS JACK,0.6106,0.005,0.3844
HEARTS SIX CLUBS QUEEN,0.6002,0.0042,0.3956
HEARTS SIX CLUBS KING,0.619,0.0042,0.3768
CLUBS QUEEN CLUBS JACK,0.55,0.0048,0.4452
CLUBS KING CLUBS JACK,0.5544,0.0048,0.4408
DIAMONDS THREE HEARTS ACE,0.2598,0.527,0.2132
DIAMONDS THREE HEARTS QUEEN,0.647,0.0052,0.3478
DIAMONDS THREE HEARTS KING,0.6562,0.004,0.3398
CLUBS FIVE HEARTS JACK,0.6162,0.0068,0.377
SPADES TEN DIAMONDS ACE,0.2516,0.118,0.6304
CLUBS FIVE HEARTS TEN,0.6264,0.0044,0.3692
SPADES JACK DIAMONDS ACE,0.2536,0.088,0.6584
SPADES ACE DIAMONDS ACE,0.0802,0.01,0.9098
CLUBS FIVE HEARTS ACE,0.2114,0.4684,0.3202
CLUBS FIVE HEARTS KING,0.6232,0.0054,0.3714
SPADES QUEEN DIAMONDS ACE,0.2622,0.0624,0.6754
SPADES FOUR CLUBS JACK,0.7448,0.0248,0.2304
CLUBS FIVE HEARTS QUEEN,0.6132,0.0044,0.3824
SPADES KING DIAMONDS ACE,0.2514,0.0508,0.6978
CLUBS TEN SPADES FOUR,0.738,0.0252,0.2368
DIAMONDS QUEEN DIAMONDS ACE,0.2396,0.0618,0.6986
HEARTS TWO DIAMONDS ACE,0.2662,0.5088,0.225
DIAMONDS THREE HEARTS TEN,0.6342,0.0056,0.3602
SPADES FOUR CLUBS KING,0.7612,0.0246,0.2142
HEARTS FIVE DIAMONDS QUEEN,0.6238,0.0042,0.372
HEARTS FIVE HEARTS TWO,0.6018,0.0044,0.3938
DIAMONDS THREE HEARTS JACK,0.6426,0.0056,0.3518
SPADES FOUR CLUBS QUEEN,0.7362,0.0278,0.236
DIAMONDS QUEEN HEARTS TWO,0.6526,0.0042,0.3432
DIAMONDS KING DIAMONDS QUEEN,0.5354,0.0042,0.4604
DIAMONDS KING HEARTS TWO,0.6498,0.0072,0.343
HEARTS THREE DIAMONDS QUEEN,0.6598,0.0056,0.3346
HEARTS THREE HEARTS TWO,0.6466,0.008,0.3454
HEARTS TWO CLUBS QUEEN,0.6558,0.0082,0.336
DIAMONDS QUEEN CLUBS QUEEN,0.3118,0.003,0.6852
HEARTS TWO CLUBS KING,0.6578,0.0052,0.337
DIAMONDS QUEEN CLUBS KING,0.5728,0.0036,0.4236
SPADES EIGHT SPADES FIVE,0.5474,0.0056,0.447
CLUBS TEN HEARTS TWO,0.657,0.0062,0.3368
CLUBS TEN DIAMONDS QUEEN,0.565,0.0074,0.4276
SPADES NINE SPADES FIVE,0.577,0.0038,0.4192
HEARTS TWO CLUBS JACK,0.6536,0.0058,0.3406
DIAMONDS QUEEN CLUBS JACK,0.5724,0.0038,0.4238
SPADES SIX SPADES FIVE,0.5304,0.0064,0.4632
SPADES SEVEN SPADES FIVE,0.5698,0.0042,0.426
DIAMONDS FIVE CLUBS QUEEN,0.6174,0.0036,0.379
DIAMONDS FIVE CLUBS KING,0.6182,0.0054,0.3764
SPADES EIGHT CLUBS KING,0.6052,0.0036,0.3912
SPADES EIGHT CLUBS QUEEN,0.592,0.0044,0.4036
SPADES EIGHT CLUBS JACK,0.5734,0.0036,0.423
CLUBS TEN SPADES EIGHT,0.5686,0.0052,0.4262
CLUBS TEN DIAMONDS FIVE,0.6194,0.0044,0.3762
DIAMONDS FIVE CLUBS JACK,0.6084,0.0062,0.3854
DIAMONDS TEN HEARTS JACK,0.5414,0.0036,0.455
DIAMONDS TEN HEARTS TEN,0.3168,0.0044,0.6788
SPADES ACE CLUBS NINE,0.2438,0.1774,0.5788
CLUBS NINE SPADES QUEEN,0.5756,0.005,0.4194
CLUBS NINE SPADES KING,0.5916,0.0032,0.4052
HEARTS SIX HEARTS KING,0.5788,0.005,0.4162
DIAMONDS KING SPADES SEVEN,0.5942,0.0044,0.4014
HEARTS THREE SPADES SEVEN,0.6474,0.0044,0.3482
SPADES KING DIAMONDS SEVEN,0.612,0.0026,0.3854
HEARTS SIX HEARTS QUEEN,0.567,0.0076,0.4254
