opposingHand,winningChance,drawChance,lostChance
HEARTS TWO HEARTS KING
HEARTS FIVE SPADES TEN,0.6112,0.006,0.3828
HEARTS FIVE SPADES JACK,0.6078,0.0074,0.3848
CLUBS JACK SPADES FIVE,0.6146,0.0082,0.3772
CLUBS TEN SPADES FIVE,0.6228,0.0078,0.3694
CLUBS JACK CLUBS EIGHT,0.5548,0.0088,0.4364
CLUBS TEN CLUBS EIGHT,0.5368,0.0074,0.4558
CLUBS EIGHT CLUBS KING,0.264,0.2102,0.5258
SPADES FIVE CLUBS ACE,0.3816,0.0064,0.612
CLUBS EIGHT CLUBS QUEEN,0.5714,0.0086,0.42
SPADES FIVE CLUBS KING,0.2768,0.4206,0.3026
SPADES FIVE CLUBS QUEEN,0.6232,0.0084,0.3684
CLUBS EIGHT CLUBS ACE,0.3678,0.0054,0.6268
DIAMONDS TWO DIAMONDS THREE,0.6842,0.0304,0.2854
DIAMONDS TWO DIAMONDS FIVE,0.6824,0.0266,0.291
HEARTS FIVE SPADES KING,0.2436,0.447,0.3094
DIAMONDS TWO DIAMONDS FOUR,0.6878,0.0226,0.2896
HEARTS FIVE SPADES QUEEN,0.6094,0.0066,0.384
DIAMONDS TWO DIAMONDS SEVEN,0.7112,0.021,0.2678
DIAMONDS TWO DIAMONDS SIX,0.6984,0.0222,0.2794
SPADES ACE HEARTS FIVE,0.3756,0.0062,0.6182
DIAMONDS TWO DIAMONDS NINE,0.7072,0.0214,0.2714
DIAMONDS TWO DIAMONDS EIGHT,0.6974,0.0286,0.274
DIAMONDS THREE DIAMONDS FOUR,0.5702,0.0106,0.4192
CLUBS TWO SPADES FOUR,0.7272,0.0266,0.2462
DIAMONDS THREE DIAMONDS FIVE,0.5614,0.0098,0.4288
CLUBS TWO SPADES FIVE,0.7234,0.0264,0.2502
CLUBS TWO SPADES TWO,0.357,0.0194,0.6236
CLUBS TWO SPADES THREE,0.7278,0.0216,0.2506
DIAMONDS THREE DIAMONDS EIGHT,0.5908,0.0088,0.4004
SPADES EIGHT CLUBS TWO,0.7442,0.033,0.2228
DIAMONDS THREE DIAMONDS NINE,0.5852,0.0082,0.4066
SPADES NINE CLUBS TWO,0.7456,0.0268,0.2276
DIAMONDS THREE DIAMONDS SIX,0.5736,0.01,0.4164
SPADES SIX CLUBS TWO,0.7402,0.021,0.2388
DIAMONDS THREE DIAMONDS SEVEN,0.5756,0.0098,0.4146
SPADES SEVEN CLUBS TWO,0.743,0.0234,0.2336
CLUBS SIX CLUBS TWO,0.7038,0.02,0.2762
CLUBS SEVEN CLUBS TWO,0.7026,0.0236,0.2738
CLUBS FOUR CLUBS TWO,0.683,0.029,0.288
CLUBS FIVE CLUBS TWO,0.6782,0.026,0.2958
CLUBS TEN CLUBS JACK,0.5282,0.0062,0.4656
DIAMONDS FOUR DIAMONDS SIX,0.5748,0.0104,0.4148
CLUBS TEN CLUBS QUEEN,0.541,0.0086,0.4504
DIAMONDS FOUR DIAMONDS SEVEN,0.5488,0.009,0.4422
CLUBS TEN CLUBS KING,0.2598,0.104,0.6362
CLUBS TEN CLUBS ACE,0.362,0.0052,0.6328
CLUBS EIGHT CLUBS TWO,0.6968,0.0284,0.2748
DIAMONDS FIVE DIAMONDS FOUR,0.5462,0.0096,0.4442
CLUBS NINE CLUBS TWO,0.698,0.0286,0.2734
DIAMONDS NINE DIAMONDS FOUR,0.5916,0.0074,0.401
DIAMONDS EIGHT DIAMONDS FOUR,0.5962,0.0064,0.3974
CLUBS TWO CLUBS THREE,0.6874,0.0238,0.2888
DIAMONDS NINE DIAMONDS FIVE,0.5536,0.0082,0.4382
CLUBS JACK DIAMONDS TWO,0.7544,0.026,0.2196
DIAMONDS EIGHT DIAMONDS FIVE,0.5608,0.009,0.4302
CLUBS TEN DIAMONDS TWO,0.7434,0.0284,0.2282
DIAMONDS FIVE DIAMONDS SEVEN,0.5434,0.0076,0.449
DIAMONDS FIVE DIAMONDS SIX,0.5488,0.0088,0.4424
DIAMONDS TWO CLUBS ACE,0.2834,0.0156,0.701
DIAMONDS TWO CLUBS KING,0.0674,0.9124,0.0202
DIAMONDS TWO CLUBS QUEEN,0.7388,0.029,0.2322
DIAMONDS EIGHT DIAMONDS SIX,0.56,0.0066,0.4334
DIAMONDS NINE DIAMONDS SIX,0.5506,0.0084,0.441
SPADES THREE HEARTS ACE,0.3808,0.006,0.6132
DIAMONDS SEVEN DIAMONDS SIX,0.5434,0.008,0.4486
HEARTS QUEEN SPADES THREE,0.618,0.0092,0.3728
SPADES THREE HEARTS JACK,0.6218,0.0106,0.3676
SPADES THREE HEARTS TEN,0.6234,0.0092,0.3674
DIAMONDS EIGHT DIAMONDS SEVEN,0.5366,0.0076,0.4558
DIAMONDS NINE DIAMONDS SEVEN,0.5366,0.0072,0.4562
DIAMONDS NINE DIAMONDS EIGHT,0.5548,0.0094,0.4358
DIAMONDS KING HEARTS TEN,0.2558,0.1124,0.6318
HEARTS THREE HEARTS TEN,0.6024,0.0072,0.3904
SPADES JACK CLUBS SIX,0.6168,0.0064,0.3768
DIAMONDS KING HEARTS JACK,0.2524,0.0864,0.6612
HEARTS THREE HEARTS JACK,0.62,0.0084,0.3716
SPADES TEN CLUBS SIX,0.608,0.0074,0.3846
SPADES JACK SPADES FIVE,0.5736,0.0066,0.4198
SPADES TEN SPADES FIVE,0.5914,0.0088,0.3998
DIAMONDS KING HEARTS ACE,0.2544,0.0132,0.7324
HEARTS THREE HEARTS ACE,0.3226,0.0078,0.6696
SPADES ACE CLUBS SIX,0.3982,0.0038,0.598
DIAMONDS KING HEARTS QUEEN,0.2694,0.0668,0.6638
HEARTS THREE HEARTS QUEEN,0.619,0.0086,0.3724
SPADES KING CLUBS SIX,0.2808,0.355,0.3642
SPADES QUEEN CLUBS SIX,0.6176,0.0086,0.3738
SPADES NINE HEARTS TEN,0.5682,0.0062,0.4256
SPADES NINE HEARTS JACK,0.5696,0.008,0.4224
SPADES QUEEN SPADES FIVE,0.5858,0.0078,0.4064
SPADES KING SPADES FIVE,0.2446,0.4062,0.3492
SPADES ACE SPADES FIVE,0.3618,0.005,0.6332
SPADES NINE HEARTS QUEEN,0.5976,0.0074,0.395
SPADES NINE HEARTS ACE,0.3826,0.0052,0.6122
CLUBS TEN SPADES JACK,0.5624,0.0068,0.4308
CLUBS TEN SPADES TEN,0.3352,0.0078,0.657
SPADES ACE CLUBS TEN,0.3914,0.0042,0.6044
CLUBS TEN SPADES KING,0.2828,0.1102,0.607
CLUBS TEN SPADES QUEEN,0.582,0.006,0.412
SPADES FIVE HEARTS QUEEN,0.614,0.0084,0.3776
SPADES FIVE HEARTS ACE,0.3608,0.0046,0.6346
CLUBS EIGHT SPADES TEN,0.591,0.007,0.402
SPADES JACK HEARTS THREE,0.6248,0.0092,0.366
SPADES JACK DIAMONDS KING,0.2734,0.0776,0.649
SPADES TEN DIAMONDS KING,0.2814,0.112,0.6066
SPADES TEN HEARTS THREE,0.6234,0.009,0.3676
CLUBS EIGHT SPADES JACK,0.5962,0.0056,0.3982
CLUBS SIX HEARTS ACE,0.3832,0.0044,0.6124
SPADES ACE CLUBS EIGHT,0.4034,0.0032,0.5934
HEARTS FIVE CLUBS JACK,0.6134,0.0104,0.3762
CLUBS TEN HEARTS FIVE,0.6166,0.0088,0.3746
CLUBS SIX HEARTS QUEEN,0.6106,0.0062,0.3832
SPADES QUEEN CLUBS EIGHT,0.601,0.0082,0.3908
CLUBS TEN SPADES THREE,0.637,0.009,0.354
SPADES KING CLUBS EIGHT,0.275,0.2132,0.5118
CLUBS JACK SPADES THREE,0.625,0.0106,0.3644
DIAMONDS TWO HEARTS JACK,0.7404,0.0278,0.2318
SPADES THREE CLUBS QUEEN,0.6156,0.01,0.3744
DIAMONDS TWO HEARTS TEN,0.7406,0.0244,0.235
SPADES THREE CLUBS KING,0.2704,0.4858,0.2438
HEARTS FIVE CLUBS ACE,0.3862,0.0046,0.6092
SPADES FIVE HEARTS TEN,0.6116,0.0082,0.3802
SPADES THREE CLUBS ACE,0.392,0.0058,0.6022
HEARTS FIVE CLUBS KING,0.2324,0.4488,0.3188
SPADES FIVE HEARTS JACK,0.6132,0.0088,0.378
HEARTS FIVE CLUBS QUEEN,0.6024,0.0092,0.3884
HEARTS THREE CLUBS KING,0.2516,0.4868,0.2616
DIAMONDS KING CLUBS KING,0.1156,0.0142,0.8702
HEARTS THREE CLUBS QUEEN,0.6178,0.008,0.3742
DIAMONDS KING CLUBS QUEEN,0.2824,0.066,0.6516
HEARTS FIVE HEARTS JACK,0.603,0.0088,0.3882
HEARTS FIVE HEARTS TEN,0.6046,0.0098,0.3856
HEARTS THREE CLUBS ACE,0.381,0.0072,0.6118
DIAMONDS KING CLUBS ACE,0.265,0.0106,0.7244
SPADES ACE CLUBS QUEEN,0.375,0.0056,0.6194
SPADES KING CLUBS QUEEN,0.2886,0.0646,0.6468
CLUBS JACK HEARTS THREE,0.6238,0.009,0.3672
CLUBS JACK DIAMONDS KING,0.2814,0.0898,0.6288
SPADES QUEEN CLUBS QUEEN,0.3054,0.0034,0.6912
CLUBS TEN HEARTS THREE,0.6094,0.0076,0.383
CLUBS TEN DIAMONDS KING,0.277,0.1132,0.6098
SPADES JACK CLUBS QUEEN,0.5786,0.0074,0.414
CLUBS SIX CLUBS QUEEN,0.5642,0.009,0.4268
SPADES TEN CLUBS QUEEN,0.5892,0.008,0.4028
CLUBS SIX CLUBS KING,0.255,0.3296,0.4154
CLUBS SIX CLUBS ACE,0.3708,0.0054,0.6238
HEARTS FIVE HEARTS QUEEN,0.606,0.0092,0.3848
CLUBS TEN CLUBS SIX,0.5568,0.006,0.4372
HEARTS FIVE HEARTS ACE,0.333,0.005,0.662
CLUBS JACK CLUBS SIX,0.5864,0.0054,0.4082
SPADES SEVEN HEARTS JACK,0.5948,0.0092,0.396
SPADES SEVEN HEARTS TEN,0.5926,0.0094,0.398
DIAMONDS TWO CLUBS TWO,0.3456,0.0196,0.6348
DIAMONDS TWO CLUBS THREE,0.7392,0.0282,0.2326
DIAMONDS TWO HEARTS SIX,0.738,0.0256,0.2364
DIAMONDS TWO HEARTS QUEEN,0.741,0.0258,0.2332
HEARTS SEVEN DIAMONDS TWO,0.7434,0.0262,0.2304
DIAMONDS TWO HEARTS EIGHT,0.7352,0.0292,0.2356
DIAMONDS TWO HEARTS ACE,0.2646,0.0208,0.7146
DIAMONDS TWO HEARTS NINE,0.7328,0.0266,0.2406
DIAMONDS TWO DIAMONDS QUEEN,0.7014,0.0256,0.273
DIAMONDS TWO DIAMONDS KING,0.0664,0.865,0.0686
DIAMONDS TWO HEARTS THREE,0.7254,0.0278,0.2468
DIAMONDS TWO DIAMONDS ACE,0.2682,0.0148,0.717
HEARTS FOUR DIAMONDS TWO,0.7324,0.0268,0.2408
HEARTS FIVE DIAMONDS TWO,0.7138,0.0302,0.256
SPADES SEVEN HEARTS ACE,0.3798,0.0056,0.6146
DIAMONDS TWO DIAMONDS TEN,0.7082,0.0288,0.263
DIAMONDS TWO DIAMONDS JACK,0.6918,0.0282,0.28
SPADES SEVEN HEARTS QUEEN,0.6122,0.0082,0.3796
DIAMONDS TWO SPADES NINE,0.7422,0.0262,0.2316
DIAMONDS TWO SPADES EIGHT,0.741,0.0256,0.2334
DIAMONDS TWO SPADES SEVEN,0.749,0.0238,0.2272
DIAMONDS TWO SPADES SIX,0.7416,0.0196,0.2388
DIAMONDS TWO SPADES FIVE,0.7246,0.031,0.2444
DIAMONDS TWO SPADES FOUR,0.7218,0.0252,0.253
DIAMONDS TWO SPADES THREE,0.734,0.0258,0.2402
DIAMONDS TWO SPADES TWO,0.3442,0.0212,0.6346
DIAMONDS TWO CLUBS NINE,0.7354,0.0308,0.2338
CLUBS EIGHT DIAMONDS TWO,0.7492,0.0284,0.2224
DIAMONDS TWO CLUBS SEVEN,0.7506,0.0254,0.224
DIAMONDS TWO CLUBS SIX,0.7416,0.022,0.2364
DIAMONDS TWO CLUBS FIVE,0.7184,0.0214,0.2602
DIAMONDS TWO CLUBS FOUR,0.7148,0.0292,0.256
CLUBS FOUR SPADES FIVE,0.5944,0.0092,0.3964
CLUBS FOUR SPADES FOUR,0.3782,0.0176,0.6042
CLUBS FOUR SPADES THREE,0.612,0.0092,0.3788
CLUBS FOUR SPADES TWO,0.724,0.0296,0.2464
SPADES NINE CLUBS FOUR,0.6278,0.0092,0.363
SPADES EIGHT CLUBS FOUR,0.6086,0.0078,0.3836
CLUBS FOUR SPADES SEVEN,0.6072,0.009,0.3838
CLUBS FOUR SPADES SIX,0.5904,0.0078,0.4018
SPADES ACE DIAMONDS SIX,0.3926,0.0034,0.604
SPADES QUEEN DIAMONDS SIX,0.625,0.0072,0.3678
SPADES KING DIAMONDS SIX,0.2616,0.367,0.3714
SPADES TEN DIAMONDS SIX,0.608,0.0094,0.3826
SPADES JACK DIAMONDS SIX,0.6198,0.0068,0.3734
SPADES QUEEN SPADES TWO,0.7102,0.0228,0.267
SPADES KING SPADES TWO,0.0696,0.8646,0.0658
SPADES ACE SPADES TWO,0.2552,0.015,0.7298
CLUBS JACK DIAMONDS JACK,0.3234,0.0052,0.6714
CLUBS TEN DIAMONDS JACK,0.5762,0.0064,0.4174
DIAMONDS JACK CLUBS KING,0.2694,0.085,0.6456
DIAMONDS JACK CLUBS QUEEN,0.5802,0.0076,0.4122
DIAMONDS THREE DIAMONDS JACK,0.5916,0.0074,0.401
DIAMONDS THREE DIAMONDS TEN,0.6004,0.0082,0.3914
DIAMONDS JACK CLUBS ACE,0.3886,0.0048,0.6066
DIAMONDS THREE DIAMONDS KING,0.2584,0.459,0.2826
DIAMONDS THREE HEARTS THREE,0.3702,0.018,0.6118
DIAMONDS THREE DIAMONDS QUEEN,0.578,0.0126,0.4094
HEARTS FIVE DIAMONDS THREE,0.592,0.012,0.396
DIAMONDS THREE DIAMONDS ACE,0.3592,0.0062,0.6346
HEARTS FOUR DIAMONDS THREE,0.6084,0.011,0.3806
HEARTS SEVEN DIAMONDS THREE,0.5998,0.0092,0.391
SPADES TEN SPADES NINE,0.5368,0.0092,0.454
HEARTS SIX DIAMONDS THREE,0.6128,0.0092,0.378
SPADES JACK SPADES NINE,0.549,0.0094,0.4416
DIAMONDS THREE HEARTS NINE,0.613,0.0096,0.3774
HEARTS JACK DIAMONDS FOUR,0.6052,0.0114,0.3834
SPADES TEN SPADES TWO,0.697,0.0278,0.2752
DIAMONDS THREE HEARTS EIGHT,0.6218,0.0112,0.367
HEARTS TEN DIAMONDS FOUR,0.6018,0.0094,0.3888
SPADES JACK SPADES TWO,0.7006,0.0266,0.2728
HEARTS QUEEN DIAMONDS FOUR,0.6112,0.0108,0.378
SPADES ACE SPADES NINE,0.372,0.0042,0.6238
HEARTS ACE DIAMONDS FOUR,0.3638,0.0058,0.6304
SPADES KING SPADES NINE,0.2716,0.144,0.5844
SPADES QUEEN SPADES NINE,0.5666,0.0098,0.4236
DIAMONDS THREE SPADES NINE,0.621,0.0092,0.3698
DIAMONDS THREE SPADES EIGHT,0.6354,0.0078,0.3568
DIAMONDS THREE SPADES SEVEN,0.6024,0.0086,0.389
DIAMONDS THREE SPADES SIX,0.606,0.0112,0.3828
DIAMONDS THREE CLUBS SIX,0.5998,0.008,0.3922
CLUBS SIX CLUBS FIVE,0.5496,0.0088,0.4416
CLUBS ACE DIAMONDS FOUR,0.38,0.0048,0.6152
DIAMONDS THREE CLUBS SEVEN,0.6104,0.0088,0.3808
CLUBS SEVEN CLUBS FIVE,0.5532,0.0102,0.4366
DIAMONDS THREE CLUBS FOUR,0.5998,0.0094,0.3908
DIAMONDS FOUR CLUBS QUEEN,0.629,0.0076,0.3634
DIAMONDS THREE CLUBS FIVE,0.5932,0.0104,0.3964
DIAMONDS FOUR CLUBS KING,0.2626,0.4872,0.2502
DIAMONDS THREE CLUBS TWO,0.7404,0.0258,0.2338
CLUBS TEN DIAMONDS FOUR,0.6202,0.0092,0.3706
DIAMONDS THREE CLUBS THREE,0.3788,0.0186,0.6026
CLUBS JACK DIAMONDS FOUR,0.625,0.006,0.369
DIAMONDS THREE SPADES FOUR,0.6138,0.0102,0.376
DIAMONDS THREE SPADES FIVE,0.5962,0.0116,0.3922
DIAMONDS THREE SPADES TWO,0.7316,0.027,0.2414
DIAMONDS THREE SPADES THREE,0.3746,0.0206,0.6048
CLUBS EIGHT DIAMONDS THREE,0.6274,0.0094,0.3632
CLUBS NINE DIAMONDS THREE,0.6272,0.007,0.3658
SPADES SEVEN CLUBS ACE,0.4022,0.005,0.5928
SPADES SEVEN CLUBS QUEEN,0.611,0.0062,0.3828
SPADES SEVEN CLUBS KING,0.2678,0.2808,0.4514
SPADES SEVEN CLUBS FIVE,0.5876,0.01,0.4024
CLUBS TEN SPADES SEVEN,0.6032,0.0088,0.388
CLUBS FIVE SPADES SIX,0.5896,0.0074,0.403
CLUBS JACK SPADES SEVEN,0.608,0.0074,0.3846
SPADES NINE CLUBS FIVE,0.606,0.0066,0.3874
SPADES EIGHT CLUBS FIVE,0.6014,0.0086,0.39
CLUBS FIVE SPADES THREE,0.6022,0.0102,0.3876
CLUBS FIVE SPADES TWO,0.7212,0.0294,0.2494
CLUBS FIVE SPADES FIVE,0.3828,0.015,0.6022
CLUBS FIVE SPADES FOUR,0.5838,0.0096,0.4066
CLUBS NINE CLUBS FIVE,0.5704,0.007,0.4226
CLUBS EIGHT CLUBS FIVE,0.5668,0.0076,0.4256
CLUBS ACE CLUBS QUEEN,0.368,0.005,0.627
CLUBS KING CLUBS QUEEN,0.2636,0.0594,0.677
DIAMONDS TEN DIAMONDS FOUR,0.5826,0.0072,0.4102
CLUBS TEN DIAMONDS NINE,0.5812,0.0038,0.415
DIAMONDS JACK DIAMONDS FOUR,0.5702,0.0082,0.4216
CLUBS JACK DIAMONDS NINE,0.582,0.0074,0.4106
CLUBS JACK SPADES NINE,0.5826,0.0052,0.4122
CLUBS TEN SPADES NINE,0.5688,0.0084,0.4228
DIAMONDS ACE DIAMONDS FOUR,0.3588,0.0068,0.6344
HEARTS FOUR DIAMONDS FOUR,0.3652,0.0206,0.6142
DIAMONDS JACK HEARTS TEN,0.5674,0.0054,0.4272
SPADES NINE CLUBS KING,0.258,0.1578,0.5842
DIAMONDS TWO SPADES TEN,0.7518,0.0242,0.224
DIAMONDS NINE CLUBS ACE,0.4066,0.0032,0.5902
HEARTS FIVE DIAMONDS FOUR,0.589,0.0072,0.4038
DIAMONDS JACK HEARTS JACK,0.3108,0.008,0.6812
SPADES NINE CLUBS QUEEN,0.6054,0.007,0.3876
DIAMONDS TWO SPADES JACK,0.7422,0.0294,0.2284
DIAMONDS QUEEN DIAMONDS FOUR,0.5878,0.0076,0.4046
DIAMONDS NINE CLUBS QUEEN,0.5848,0.0092,0.406
DIAMONDS KING DIAMONDS FOUR,0.2438,0.4504,0.3058
HEARTS THREE DIAMONDS FOUR,0.6,0.01,0.39
SPADES NINE CLUBS ACE,0.4042,0.0048,0.591
DIAMONDS NINE CLUBS KING,0.2804,0.1588,0.5608
DIAMONDS JACK HEARTS ACE,0.3664,0.0038,0.6298
SPADES ACE DIAMONDS TWO,0.2854,0.0152,0.6994
HEARTS QUEEN DIAMONDS JACK,0.5744,0.0074,0.4182
SPADES QUEEN DIAMONDS TWO,0.746,0.0276,0.2264
SPADES KING DIAMONDS TWO,0.07,0.9112,0.0188
SPADES JACK SPADES SEVEN,0.5704,0.0064,0.4232
SPADES TEN SPADES SEVEN,0.5586,0.007,0.4344
CLUBS SEVEN CLUBS THREE,0.5724,0.0082,0.4194
CLUBS SIX CLUBS THREE,0.5768,0.008,0.4152
CLUBS FIVE CLUBS THREE,0.5608,0.0142,0.425
CLUBS FOUR CLUBS THREE,0.5784,0.0098,0.4118
CLUBS NINE CLUBS THREE,0.6002,0.009,0.3908
CLUBS EIGHT CLUBS THREE,0.5842,0.0104,0.4054
SPADES FIVE CLUBS THREE,0.591,0.0088,0.4002
CLUBS THREE SPADES FOUR,0.599,0.0102,0.3908
CLUBS THREE SPADES THREE,0.38,0.0238,0.5962
CLUBS THREE SPADES TWO,0.7302,0.0256,0.2442
SPADES SIX CLUBS THREE,0.601,0.0118,0.3872
SPADES SEVEN CLUBS THREE,0.6086,0.0102,0.3812
SPADES EIGHT CLUBS THREE,0.6298,0.01,0.3602
SPADES NINE CLUBS THREE,0.622,0.0076,0.3704
SPADES TWO DIAMONDS FOUR,0.7276,0.0238,0.2486
SPADES THREE DIAMONDS FOUR,0.6052,0.011,0.3838
SPADES FOUR DIAMONDS FOUR,0.3794,0.0154,0.6052
SPADES FIVE DIAMONDS FOUR,0.6056,0.0098,0.3846
SPADES SIX DIAMONDS FOUR,0.5834,0.0076,0.409
SPADES SEVEN DIAMONDS FOUR,0.608,0.008,0.384
SPADES EIGHT DIAMONDS FOUR,0.6126,0.0076,0.3798
SPADES NINE DIAMONDS FOUR,0.6176,0.0076,0.3748
CLUBS FIVE DIAMONDS FOUR,0.5938,0.0084,0.3978
CLUBS FOUR DIAMONDS FOUR,0.3696,0.017,0.6134
CLUBS SEVEN DIAMONDS FOUR,0.6004,0.0086,0.391
CLUBS SIX DIAMONDS FOUR,0.5928,0.0084,0.3988
CLUBS NINE DIAMONDS FOUR,0.6218,0.007,0.3712
CLUBS EIGHT DIAMONDS FOUR,0.6148,0.009,0.3762
HEARTS SEVEN DIAMONDS FOUR,0.608,0.0102,0.3818
HEARTS SIX DIAMONDS FOUR,0.595,0.009,0.396
DIAMONDS FOUR HEARTS NINE,0.6042,0.0098,0.386
DIAMONDS FOUR HEARTS EIGHT,0.6064,0.0102,0.3834
CLUBS THREE DIAMONDS FOUR,0.6068,0.0106,0.3826
CLUBS TWO DIAMONDS FOUR,0.7224,0.0284,0.2492
DIAMONDS TEN DIAMONDS FIVE,0.5864,0.0092,0.4044
DIAMONDS JACK DIAMONDS FIVE,0.5744,0.0072,0.4184
DIAMONDS NINE HEARTS QUEEN,0.5904,0.0054,0.4042
DIAMONDS NINE HEARTS ACE,0.3818,0.0034,0.6148
DIAMONDS NINE HEARTS TEN,0.572,0.0082,0.4198
DIAMONDS NINE HEARTS JACK,0.5654,0.0102,0.4244
CLUBS KING DIAMONDS SIX,0.2674,0.3602,0.3724
CLUBS QUEEN DIAMONDS SIX,0.619,0.006,0.375
CLUBS ACE DIAMONDS SIX,0.401,0.0042,0.5948
SPADES KING DIAMONDS FOUR,0.2694,0.4866,0.244
SPADES ACE SPADES SEVEN,0.3702,0.0054,0.6244
SPADES QUEEN DIAMONDS FOUR,0.6214,0.0076,0.371
SPADES QUEEN SPADES SEVEN,0.5782,0.0074,0.4144
CLUBS JACK DIAMONDS SIX,0.606,0.0092,0.3848
SPADES KING SPADES SEVEN,0.2498,0.2682,0.482
SPADES ACE DIAMONDS FOUR,0.39,0.005,0.605
CLUBS TEN DIAMONDS SIX,0.6028,0.0068,0.3904
CLUBS NINE CLUBS FOUR,0.5874,0.008,0.4046
CLUBS EIGHT CLUBS FOUR,0.578,0.0084,0.4136
SPADES JACK DIAMONDS FOUR,0.6172,0.0066,0.3762
SPADES TEN DIAMONDS FOUR,0.6208,0.0078,0.3714
CLUBS FOUR CLUBS FIVE,0.5664,0.009,0.4246
CLUBS SEVEN CLUBS FOUR,0.5636,0.0118,0.4246
CLUBS SIX CLUBS FOUR,0.5676,0.0106,0.4218
CLUBS SEVEN SPADES EIGHT,0.5756,0.0062,0.4182
SPADES NINE CLUBS SEVEN,0.5854,0.0064,0.4082
CLUBS SEVEN SPADES SIX,0.5694,0.0098,0.4208
CLUBS SEVEN SPADES SEVEN,0.3594,0.0112,0.6294
CLUBS SEVEN SPADES FIVE,0.5842,0.0082,0.4076
CLUBS SEVEN SPADES FOUR,0.6074,0.0088,0.3838
CLUBS SEVEN SPADES THREE,0.6164,0.0068,0.3768
CLUBS SEVEN SPADES TWO,0.7394,0.0258,0.2348
CLUBS NINE CLUBS SEVEN,0.5536,0.0074,0.439
CLUBS EIGHT CLUBS SEVEN,0.5186,0.006,0.4754
HEARTS SIX DIAMONDS FIVE,0.5792,0.0092,0.4116
HEARTS SEVEN DIAMONDS FIVE,0.5742,0.0078,0.418
DIAMONDS FIVE HEARTS EIGHT,0.5968,0.0108,0.3924
DIAMONDS FIVE HEARTS NINE,0.6126,0.0096,0.3778
DIAMONDS QUEEN DIAMONDS FIVE,0.5864,0.0074,0.4062
DIAMONDS KING DIAMONDS FIVE,0.25,0.4134,0.3366
HEARTS THREE DIAMONDS FIVE,0.5936,0.0118,0.3946
HEARTS QUEEN HEARTS EIGHT,0.5872,0.0098,0.403
DIAMONDS ACE DIAMONDS FIVE,0.358,0.0052,0.6368
HEARTS FOUR DIAMONDS FIVE,0.5796,0.0084,0.412
HEARTS FIVE DIAMONDS FIVE,0.3654,0.017,0.6176
HEARTS ACE HEARTS EIGHT,0.3326,0.0066,0.6608
CLUBS FOUR DIAMONDS FIVE,0.5902,0.0096,0.4002
CLUBS FIVE DIAMONDS FIVE,0.3736,0.0162,0.6102
CLUBS SIX DIAMONDS FIVE,0.5784,0.0106,0.411
CLUBS SEVEN DIAMONDS FIVE,0.5948,0.009,0.3962
CLUBS TWO DIAMONDS FIVE,0.7142,0.0274,0.2584
CLUBS THREE DIAMONDS FIVE,0.6026,0.01,0.3874
SPADES THREE DIAMONDS FIVE,0.607,0.0102,0.3828
SPADES TWO DIAMONDS FIVE,0.7218,0.0262,0.252
SPADES JACK DIAMONDS EIGHT,0.5996,0.0072,0.3932
SPADES FIVE DIAMONDS FIVE,0.3654,0.0168,0.6178
CLUBS TEN HEARTS JACK,0.5504,0.0062,0.4434
SPADES TEN DIAMONDS EIGHT,0.5874,0.0068,0.4058
SPADES FOUR DIAMONDS FIVE,0.583,0.0126,0.4044
CLUBS JACK HEARTS JACK,0.3076,0.0074,0.685
HEARTS JACK CLUBS QUEEN,0.575,0.0076,0.4174
CLUBS NINE DIAMONDS FIVE,0.6176,0.0086,0.3738
CLUBS EIGHT DIAMONDS FIVE,0.6048,0.0078,0.3874
HEARTS JACK CLUBS KING,0.2706,0.0796,0.6498
CLUBS ACE HEARTS JACK,0.3738,0.0054,0.6208
SPADES SEVEN DIAMONDS FIVE,0.5894,0.0072,0.4034
SPADES KING DIAMONDS EIGHT,0.2726,0.2144,0.513
SPADES QUEEN DIAMONDS EIGHT,0.6016,0.0076,0.3908
SPADES SIX DIAMONDS FIVE,0.5878,0.0096,0.4026
SPADES NINE DIAMONDS FIVE,0.6082,0.0064,0.3854
SPADES EIGHT DIAMONDS FIVE,0.6188,0.0078,0.3734
SPADES ACE DIAMONDS EIGHT,0.3978,0.005,0.5972
DIAMONDS TEN DIAMONDS SIX,0.5614,0.0072,0.4314
HEARTS ACE DIAMONDS SEVEN,0.3698,0.0048,0.6254
DIAMONDS JACK DIAMONDS SIX,0.5926,0.0086,0.3988
HEARTS QUEEN DIAMONDS SEVEN,0.6114,0.0088,0.3798
DIAMONDS ACE DIAMONDS SIX,0.3722,0.0048,0.623
HEARTS FOUR DIAMONDS SIX,0.5904,0.0096,0.4
SPADES TWO HEARTS JACK,0.7446,0.029,0.2264
HEARTS FIVE DIAMONDS SIX,0.5674,0.0082,0.4244
SPADES TWO HEARTS TEN,0.7352,0.028,0.2368
DIAMONDS QUEEN DIAMONDS SIX,0.5746,0.0074,0.418
DIAMONDS KING DIAMONDS SIX,0.251,0.3464,0.4026
HEARTS THREE DIAMONDS SIX,0.6122,0.0108,0.377
HEARTS EIGHT DIAMONDS SIX,0.578,0.0106,0.4114
HEARTS NINE DIAMONDS SIX,0.5884,0.0068,0.4048
HEARTS SIX DIAMONDS SIX,0.3614,0.014,0.6246
HEARTS SEVEN DIAMONDS SIX,0.5732,0.0082,0.4186
HEARTS TEN DIAMONDS SEVEN,0.5892,0.0072,0.4036
CLUBS TWO DIAMONDS SIX,0.7414,0.0226,0.236
HEARTS JACK DIAMONDS SEVEN,0.6006,0.007,0.3924
CLUBS THREE DIAMONDS SIX,0.6036,0.0094,0.387
CLUBS SEVEN DIAMONDS SIX,0.5824,0.0096,0.408
CLUBS JACK DIAMONDS EIGHT,0.5946,0.006,0.3994
CLUBS SIX DIAMONDS SIX,0.3728,0.0152,0.612
CLUBS TEN DIAMONDS EIGHT,0.5782,0.006,0.4158
CLUBS FIVE DIAMONDS SIX,0.5752,0.0096,0.4152
CLUBS FOUR DIAMONDS SIX,0.5956,0.0112,0.3932
HEARTS ACE HEARTS JACK,0.3306,0.008,0.6614
DIAMONDS EIGHT CLUBS ACE,0.4,0.004,0.596
HEARTS QUEEN HEARTS JACK,0.574,0.0056,0.4204
DIAMONDS EIGHT CLUBS KING,0.276,0.2126,0.5114
CLUBS NINE DIAMONDS SIX,0.6014,0.0076,0.391
CLUBS EIGHT DIAMONDS SIX,0.5898,0.0084,0.4018
DIAMONDS EIGHT CLUBS QUEEN,0.6026,0.0062,0.3912
SPADES FIVE DIAMONDS SIX,0.5898,0.0086,0.4016
HEARTS ACE SPADES TWO,0.2654,0.0202,0.7144
SPADES FOUR DIAMONDS SIX,0.5982,0.007,0.3948
SPADES THREE DIAMONDS SIX,0.61,0.0062,0.3838
HEARTS QUEEN SPADES TWO,0.7454,0.0276,0.227
SPADES ACE SPADES KING,0.2652,0.0124,0.7224
SPADES TWO DIAMONDS SIX,0.7356,0.0214,0.243
HEARTS TEN HEARTS EIGHT,0.5802,0.007,0.4128
SPADES NINE DIAMONDS SIX,0.592,0.0068,0.4012
HEARTS JACK HEARTS EIGHT,0.5866,0.0078,0.4056
SPADES EIGHT DIAMONDS SIX,0.5942,0.0084,0.3974
SPADES SEVEN DIAMONDS SIX,0.5802,0.0068,0.413
SPADES SIX DIAMONDS SIX,0.3602,0.012,0.6278
CLUBS ACE CLUBS KING,0.2462,0.0124,0.7414
SPADES ACE HEARTS JACK,0.3814,0.006,0.6126
SPADES QUEEN HEARTS JACK,0.5726,0.0084,0.419
SPADES KING HEARTS JACK,0.2724,0.0788,0.6488
SPADES TEN DIAMONDS TEN,0.3376,0.0078,0.6546
SPADES JACK DIAMONDS TEN,0.558,0.0064,0.4356
SPADES ACE DIAMONDS TEN,0.3864,0.0054,0.6082
SPADES JACK HEARTS JACK,0.3132,0.0074,0.6794
SPADES TEN HEARTS JACK,0.5562,0.008,0.4358
SPADES QUEEN DIAMONDS TEN,0.5814,0.0086,0.41
SPADES KING DIAMONDS TEN,0.2662,0.1166,0.6172
SPADES NINE DIAMONDS SEVEN,0.5674,0.0068,0.4258
SPADES EIGHT DIAMONDS SEVEN,0.5834,0.006,0.4106
SPADES SEVEN DIAMONDS SEVEN,0.3602,0.0114,0.6284
SPADES SIX DIAMONDS SEVEN,0.5786,0.0066,0.4148
DIAMONDS KING DIAMONDS SEVEN,0.2604,0.2602,0.4794
HEARTS THREE DIAMONDS SEVEN,0.5952,0.0084,0.3964
DIAMONDS QUEEN DIAMONDS SEVEN,0.5742,0.0068,0.419
HEARTS QUEEN DIAMONDS FIVE,0.6116,0.0094,0.379
HEARTS FIVE DIAMONDS SEVEN,0.5722,0.0082,0.4196
DIAMONDS ACE DIAMONDS SEVEN,0.3708,0.0032,0.626
HEARTS FOUR DIAMONDS SEVEN,0.5822,0.0118,0.406
HEARTS ACE DIAMONDS FIVE,0.3658,0.009,0.6252
HEARTS SEVEN DIAMONDS SEVEN,0.3584,0.0142,0.6274
HEARTS SIX DIAMONDS SEVEN,0.5686,0.0084,0.423
DIAMONDS SEVEN HEARTS NINE,0.5792,0.008,0.4128
HEARTS EIGHT DIAMONDS SEVEN,0.5554,0.0082,0.4364
DIAMONDS JACK DIAMONDS SEVEN,0.557,0.007,0.436
DIAMONDS FIVE HEARTS JACK,0.6174,0.008,0.3746
DIAMONDS TEN DIAMONDS SEVEN,0.5512,0.006,0.4428
HEARTS TEN DIAMONDS FIVE,0.608,0.0096,0.3824
CLUBS EIGHT DIAMONDS SEVEN,0.5692,0.0072,0.4236
SPADES KING CLUBS TWO,0.0726,0.9058,0.0216
SPADES QUEEN CLUBS TWO,0.7472,0.0252,0.2276
CLUBS NINE DIAMONDS SEVEN,0.583,0.0066,0.4104
CLUBS JACK SPADES TWO,0.7474,0.0242,0.2284
CLUBS SIX CLUBS SEVEN,0.5418,0.0092,0.449
SPADES ACE CLUBS TWO,0.2718,0.0176,0.7106
CLUBS TEN SPADES TWO,0.7494,0.0308,0.2198
SPADES TWO CLUBS KING,0.065,0.9132,0.0218
SPADES TWO DIAMONDS SEVEN,0.7444,0.027,0.2286
CLUBS EIGHT CLUBS SIX,0.5528,0.0088,0.4384
SPADES THREE DIAMONDS SEVEN,0.6194,0.0088,0.3718
SPADES TWO CLUBS QUEEN,0.754,0.0266,0.2194
CLUBS NINE CLUBS SIX,0.5676,0.0072,0.4252
SPADES FOUR DIAMONDS SEVEN,0.613,0.0094,0.3776
SPADES FIVE DIAMONDS SEVEN,0.597,0.008,0.395
SPADES TWO CLUBS ACE,0.2746,0.0178,0.7076
CLUBS SIX SPADES TWO,0.7302,0.0236,0.2462
CLUBS SIX SPADES THREE,0.6134,0.0072,0.3794
CLUBS TWO DIAMONDS SEVEN,0.747,0.0238,0.2292
CLUBS SIX SPADES FOUR,0.5978,0.011,0.3912
CLUBS THREE DIAMONDS SEVEN,0.6148,0.0082,0.377
CLUBS SIX SPADES FIVE,0.5892,0.0092,0.4016
CLUBS FOUR DIAMONDS SEVEN,0.6,0.0096,0.3904
CLUBS SIX SPADES SIX,0.3628,0.0154,0.6218
CLUBS FIVE DIAMONDS SEVEN,0.5928,0.0086,0.3986
CLUBS SIX SPADES SEVEN,0.5758,0.0082,0.416
CLUBS SIX DIAMONDS SEVEN,0.5878,0.0056,0.4066
CLUBS SIX SPADES EIGHT,0.579,0.0074,0.4136
SPADES JACK CLUBS TWO,0.757,0.0284,0.2146
CLUBS SEVEN DIAMONDS SEVEN,0.3704,0.0128,0.6168
CLUBS SIX SPADES NINE,0.594,0.0084,0.3976
SPADES TEN CLUBS TWO,0.7368,0.0294,0.2338
CLUBS TWO CLUBS QUEEN,0.6984,0.0286,0.273
CLUBS TWO CLUBS KING,0.0768,0.8596,0.0636
CLUBS THREE DIAMONDS EIGHT,0.6378,0.0064,0.3558
CLUBS TWO CLUBS ACE,0.27,0.0168,0.7132
CLUBS TWO DIAMONDS EIGHT,0.7486,0.029,0.2224
HEARTS SEVEN DIAMONDS EIGHT,0.5682,0.008,0.4238
HEARTS SIX DIAMONDS EIGHT,0.5778,0.0104,0.4118
DIAMONDS EIGHT HEARTS NINE,0.5814,0.008,0.4106
CLUBS TEN CLUBS TWO,0.7064,0.025,0.2686
DIAMONDS EIGHT HEARTS EIGHT,0.3526,0.01,0.6374
CLUBS JACK CLUBS TWO,0.6956,0.0252,0.2792
CLUBS NINE DIAMONDS EIGHT,0.5822,0.0088,0.409
CLUBS EIGHT DIAMONDS EIGHT,0.3632,0.0114,0.6254
CLUBS FIVE DIAMONDS EIGHT,0.5944,0.0074,0.3982
SPADES ACE SPADES THREE,0.3748,0.007,0.6182
CLUBS FOUR DIAMONDS EIGHT,0.615,0.0086,0.3764
CLUBS SEVEN DIAMONDS EIGHT,0.5842,0.0074,0.4084
SPADES QUEEN SPADES THREE,0.5834,0.0102,0.4064
CLUBS SIX DIAMONDS EIGHT,0.5822,0.0092,0.4086
SPADES KING SPADES THREE,0.2562,0.452,0.2918
DIAMONDS QUEEN DIAMONDS EIGHT,0.577,0.0068,0.4162
DIAMONDS KING DIAMONDS EIGHT,0.2596,0.2056,0.5348
HEARTS THREE DIAMONDS EIGHT,0.618,0.0088,0.3732
DIAMONDS ACE DIAMONDS EIGHT,0.3638,0.0042,0.632
HEARTS FOUR DIAMONDS EIGHT,0.6162,0.0088,0.375
HEARTS FIVE DIAMONDS EIGHT,0.583,0.0074,0.4096
DIAMONDS EIGHT DIAMONDS TEN,0.5538,0.0058,0.4404
DIAMONDS EIGHT DIAMONDS JACK,0.5462,0.0052,0.4486
SPADES JACK SPADES THREE,0.5958,0.0076,0.3966
SPADES TEN SPADES THREE,0.5902,0.01,0.3998
CLUBS FOUR HEARTS ACE,0.372,0.0062,0.6218
CLUBS FOUR HEARTS QUEEN,0.618,0.0086,0.3734
CLUBS SIX HEARTS TEN,0.5942,0.0064,0.3994
CLUBS SIX HEARTS JACK,0.6166,0.0088,0.3746
DIAMONDS EIGHT SPADES FOUR,0.6234,0.0102,0.3664
SPADES FIVE DIAMONDS EIGHT,0.6046,0.0064,0.389
DIAMONDS EIGHT SPADES TWO,0.745,0.0254,0.2296
DIAMONDS EIGHT SPADES THREE,0.628,0.008,0.364
CLUBS FOUR HEARTS JACK,0.611,0.0078,0.3812
SPADES EIGHT DIAMONDS EIGHT,0.3468,0.0156,0.6376
SPADES TEN DIAMONDS QUEEN,0.5954,0.006,0.3986
SPADES JACK HEARTS EIGHT,0.5914,0.0068,0.4018
CLUBS FOUR HEARTS TEN,0.6212,0.0076,0.3712
SPADES NINE DIAMONDS EIGHT,0.5754,0.0068,0.4178
SPADES TEN HEARTS EIGHT,0.5794,0.0078,0.4128
SPADES JACK DIAMONDS QUEEN,0.587,0.0056,0.4074
SPADES SIX DIAMONDS EIGHT,0.593,0.008,0.399
SPADES SEVEN DIAMONDS EIGHT,0.5696,0.0062,0.4242
SPADES ACE DIAMONDS QUEEN,0.3988,0.0054,0.5958
SPADES ACE HEARTS EIGHT,0.3784,0.0034,0.6182
SPADES KING HEARTS EIGHT,0.2648,0.2198,0.5154
SPADES QUEEN DIAMONDS QUEEN,0.3074,0.0034,0.6892
SPADES KING DIAMONDS QUEEN,0.2888,0.0642,0.647
SPADES QUEEN HEARTS EIGHT,0.5816,0.0092,0.4092
CLUBS TWO HEARTS TEN,0.7376,0.0284,0.234
CLUBS TWO HEARTS JACK,0.7398,0.0276,0.2326
SPADES SEVEN DIAMONDS NINE,0.5954,0.0102,0.3944
SPADES SIX DIAMONDS NINE,0.6074,0.0088,0.3838
SPADES NINE DIAMONDS NINE,0.346,0.012,0.642
SPADES EIGHT DIAMONDS NINE,0.584,0.0052,0.4108
SPADES TEN CLUBS KING,0.2742,0.1144,0.6114
DIAMONDS NINE SPADES THREE,0.6286,0.0086,0.3628
SPADES JACK CLUBS KING,0.2782,0.0844,0.6374
DIAMONDS NINE SPADES TWO,0.75,0.0252,0.2248
DIAMONDS NINE SPADES FIVE,0.6022,0.0074,0.3904
DIAMONDS NINE SPADES FOUR,0.6268,0.0092,0.364
CLUBS NINE DIAMONDS NINE,0.3508,0.0122,0.637
CLUBS EIGHT DIAMONDS NINE,0.5902,0.0068,0.403
CLUBS SIX DIAMONDS NINE,0.611,0.0092,0.3798
SPADES JACK CLUBS FOUR,0.6158,0.0096,0.3746
CLUBS SEVEN DIAMONDS NINE,0.5748,0.0074,0.4178
SPADES TEN CLUBS FOUR,0.6186,0.0064,0.375
CLUBS FOUR DIAMONDS NINE,0.6332,0.0092,0.3576
CLUBS FIVE DIAMONDS NINE,0.6248,0.0086,0.3666
CLUBS TWO DIAMONDS NINE,0.7456,0.0234,0.231
DIAMONDS NINE CLUBS THREE,0.6268,0.009,0.3642
DIAMONDS NINE HEARTS EIGHT,0.572,0.0084,0.4196
DIAMONDS NINE HEARTS NINE,0.3422,0.0082,0.6496
HEARTS SIX DIAMONDS NINE,0.5756,0.0104,0.414
HEARTS SEVEN DIAMONDS NINE,0.577,0.0072,0.4158
CLUBS EIGHT CLUBS NINE,0.5544,0.0068,0.4388
DIAMONDS ACE DIAMONDS NINE,0.3684,0.0056,0.626
HEARTS FOUR DIAMONDS NINE,0.6078,0.012,0.3802
HEARTS FIVE DIAMONDS NINE,0.606,0.0104,0.3836
CLUBS TWO HEARTS ACE,0.2588,0.0168,0.7244
SPADES ACE CLUBS FOUR,0.3904,0.0048,0.6048
DIAMONDS QUEEN DIAMONDS NINE,0.559,0.0082,0.4328
SPADES KING CLUBS FOUR,0.2718,0.4748,0.2534
DIAMONDS KING DIAMONDS NINE,0.2632,0.1466,0.5902
HEARTS THREE DIAMONDS NINE,0.6168,0.0082,0.375
CLUBS TWO HEARTS QUEEN,0.7564,0.0294,0.2142
SPADES QUEEN CLUBS FOUR,0.6198,0.0064,0.3738
DIAMONDS NINE DIAMONDS JACK,0.548,0.0064,0.4456
CLUBS EIGHT SPADES NINE,0.5714,0.007,0.4216
DIAMONDS NINE DIAMONDS TEN,0.5222,0.0076,0.4702
CLUBS EIGHT SPADES EIGHT,0.3676,0.0112,0.6212
CLUBS EIGHT SPADES SEVEN,0.5842,0.0072,0.4086
CLUBS EIGHT SPADES SIX,0.5962,0.0072,0.3966
CLUBS EIGHT SPADES FIVE,0.5938,0.0088,0.3974
CLUBS EIGHT SPADES FOUR,0.6028,0.0086,0.3886
CLUBS EIGHT SPADES THREE,0.627,0.0078,0.3652
CLUBS EIGHT SPADES TWO,0.7394,0.0304,0.2302
HEARTS SIX DIAMONDS TEN,0.586,0.008,0.406
HEARTS SEVEN DIAMONDS TEN,0.5732,0.0082,0.4186
DIAMONDS TEN HEARTS EIGHT,0.5946,0.0086,0.3968
CLUBS JACK CLUBS FOUR,0.5754,0.0088,0.4158
DIAMONDS TEN HEARTS NINE,0.56,0.0076,0.4324
CLUBS TEN CLUBS FOUR,0.5946,0.0086,0.3968
CLUBS FOUR CLUBS KING,0.258,0.4418,0.3002
CLUBS FOUR CLUBS QUEEN,0.5808,0.0072,0.412
CLUBS TWO DIAMONDS TEN,0.7454,0.028,0.2266
CLUBS THREE DIAMONDS TEN,0.6286,0.0066,0.3648
CLUBS FOUR CLUBS ACE,0.3672,0.0046,0.6282
DIAMONDS JACK DIAMONDS TEN,0.5374,0.006,0.4566
DIAMONDS QUEEN DIAMONDS TEN,0.5538,0.0086,0.4376
DIAMONDS KING DIAMONDS TEN,0.2638,0.104,0.6322
HEARTS THREE DIAMONDS TEN,0.612,0.008,0.38
DIAMONDS ACE DIAMONDS TEN,0.3634,0.0046,0.632
HEARTS FOUR DIAMONDS TEN,0.6188,0.0082,0.373
CLUBS EIGHT HEARTS JACK,0.5844,0.0098,0.4058
HEARTS FIVE DIAMONDS TEN,0.6154,0.008,0.3766
CLUBS EIGHT HEARTS TEN,0.5724,0.007,0.4206
CLUBS EIGHT HEARTS QUEEN,0.5936,0.0094,0.397
CLUBS EIGHT HEARTS ACE,0.3822,0.0056,0.6122
CLUBS NINE SPADES THREE,0.631,0.008,0.361
CLUBS NINE SPADES TWO,0.7428,0.0252,0.232
CLUBS NINE SPADES FIVE,0.6274,0.008,0.3646
CLUBS NINE SPADES FOUR,0.6262,0.0086,0.3652
CLUBS NINE SPADES SEVEN,0.5792,0.007,0.4138
CLUBS NINE SPADES SIX,0.6062,0.0072,0.3866
CLUBS NINE SPADES NINE,0.3504,0.0076,0.642
CLUBS TEN HEARTS EIGHT,0.5678,0.0108,0.4214
CLUBS NINE SPADES EIGHT,0.5724,0.0074,0.4202
CLUBS JACK HEARTS EIGHT,0.5826,0.008,0.4094
HEARTS EIGHT CLUBS QUEEN,0.5952,0.009,0.3958
CLUBS KING HEARTS EIGHT,0.259,0.223,0.518
CLUBS ACE HEARTS EIGHT,0.384,0.0062,0.6098
SPADES KING CLUBS KING,0.1152,0.0122,0.8726
SPADES QUEEN CLUBS KING,0.285,0.0632,0.6518
SPADES ACE CLUBS KING,0.2634,0.0124,0.7242
DIAMONDS ACE HEARTS TEN,0.3796,0.0046,0.6158
HEARTS FOUR HEARTS TEN,0.605,0.0074,0.3876
DIAMONDS ACE HEARTS JACK,0.3628,0.006,0.6312
HEARTS FOUR HEARTS JACK,0.605,0.0078,0.3872
SPADES KING CLUBS FIVE,0.2664,0.419,0.3146
SPADES QUEEN CLUBS FIVE,0.6202,0.0068,0.373
SPADES ACE CLUBS FIVE,0.378,0.0054,0.6166
HEARTS SEVEN DIAMONDS JACK,0.6034,0.0084,0.3882
HEARTS SIX DIAMONDS JACK,0.6156,0.0082,0.3762
DIAMONDS JACK HEARTS NINE,0.568,0.0108,0.4212
DIAMONDS JACK HEARTS EIGHT,0.5796,0.008,0.4124
DIAMONDS KING DIAMONDS JACK,0.2574,0.0764,0.6662
HEARTS THREE DIAMONDS JACK,0.6044,0.0078,0.3878
SPADES ACE SPADES SIX,0.3834,0.0046,0.612
SPADES FOUR HEARTS ACE,0.3816,0.0072,0.6112
DIAMONDS QUEEN DIAMONDS JACK,0.539,0.0074,0.4536
HEARTS FIVE DIAMONDS JACK,0.6034,0.008,0.3886
SPADES QUEEN SPADES SIX,0.5722,0.0098,0.418
SPADES FOUR HEARTS QUEEN,0.6042,0.0094,0.3864
DIAMONDS ACE DIAMONDS JACK,0.3686,0.0056,0.6258
HEARTS FOUR DIAMONDS JACK,0.6126,0.0096,0.3778
SPADES KING SPADES SIX,0.2534,0.3366,0.41
SPADES TEN SPADES SIX,0.5546,0.0064,0.439
SPADES JACK SPADES SIX,0.5712,0.0084,0.4204
SPADES FOUR DIAMONDS JACK,0.6168,0.0088,0.3744
SPADES FIVE DIAMONDS JACK,0.6076,0.008,0.3844
DIAMONDS JACK SPADES TWO,0.7464,0.0242,0.2294
DIAMONDS JACK SPADES THREE,0.6208,0.008,0.3712
SPADES ACE DIAMONDS THREE,0.3862,0.0052,0.6086
CLUBS EIGHT DIAMONDS JACK,0.6004,0.0056,0.394
SPADES QUEEN DIAMONDS THREE,0.6242,0.0072,0.3686
SPADES KING DIAMONDS THREE,0.2626,0.4922,0.2452
CLUBS NINE DIAMONDS JACK,0.5892,0.008,0.4028
CLUBS SIX DIAMONDS JACK,0.618,0.0058,0.3762
CLUBS SEVEN DIAMONDS JACK,0.6056,0.0068,0.3876
CLUBS FOUR DIAMONDS JACK,0.6094,0.009,0.3816
CLUBS FIVE DIAMONDS JACK,0.6246,0.0074,0.368
CLUBS TWO DIAMONDS JACK,0.7486,0.028,0.2234
CLUBS THREE DIAMONDS JACK,0.6234,0.0082,0.3684
SPADES TEN CLUBS FIVE,0.6314,0.0078,0.3608
SPADES JACK HEARTS SIX,0.6112,0.0084,0.3804
HEARTS SIX SPADES TEN,0.6126,0.0084,0.379
SPADES JACK CLUBS FIVE,0.6152,0.0088,0.376
SPADES JACK DIAMONDS THREE,0.6224,0.0074,0.3702
CLUBS SEVEN CLUBS ACE,0.375,0.0062,0.6188
DIAMONDS THREE SPADES TEN,0.6182,0.0086,0.3732
CLUBS SEVEN CLUBS QUEEN,0.5724,0.0082,0.4194
CLUBS SEVEN CLUBS KING,0.2614,0.2622,0.4764
SPADES NINE DIAMONDS JACK,0.5866,0.0082,0.4052
CLUBS TEN CLUBS SEVEN,0.5538,0.0056,0.4406
DIAMONDS ACE HEARTS ACE,0.1486,0.0052,0.8462
HEARTS FOUR HEARTS ACE,0.3428,0.0064,0.6508
SPADES EIGHT DIAMONDS JACK,0.5934,0.007,0.3996
SPADES ACE HEARTS SIX,0.3904,0.0056,0.604
CLUBS JACK CLUBS SEVEN,0.5628,0.0096,0.4276
SPADES SEVEN DIAMONDS JACK,0.6016,0.007,0.3914
SPADES KING HEARTS SIX,0.2646,0.3686,0.3668
DIAMONDS ACE HEARTS QUEEN,0.3744,0.0064,0.6192
HEARTS FOUR HEARTS QUEEN,0.6064,0.0098,0.3838
SPADES QUEEN HEARTS SIX,0.6016,0.0068,0.3916
SPADES SIX DIAMONDS JACK,0.6222,0.0074,0.3704
DIAMONDS TEN SPADES TWO,0.7372,0.0284,0.2344
SPADES THREE DIAMONDS TEN,0.626,0.0102,0.3638
SPADES FOUR DIAMONDS TEN,0.619,0.0092,0.3718
SPADES FIVE DIAMONDS TEN,0.624,0.006,0.37
SPADES SIX DIAMONDS TEN,0.6072,0.0068,0.386
SPADES SEVEN DIAMONDS TEN,0.5946,0.0044,0.401
SPADES EIGHT DIAMONDS TEN,0.5802,0.0072,0.4126
SPADES NINE DIAMONDS TEN,0.5742,0.0082,0.4176
CLUBS FOUR DIAMONDS TEN,0.6144,0.0068,0.3788
CLUBS FIVE DIAMONDS TEN,0.6262,0.007,0.3668
CLUBS SIX DIAMONDS TEN,0.5956,0.008,0.3964
CLUBS SEVEN DIAMONDS TEN,0.5736,0.0078,0.4186
CLUBS EIGHT DIAMONDS TEN,0.5822,0.0084,0.4094
CLUBS NINE DIAMONDS TEN,0.573,0.0054,0.4216
CLUBS JACK DIAMONDS THREE,0.6292,0.0078,0.363
CLUBS TEN DIAMONDS THREE,0.6222,0.0076,0.3702
DIAMONDS THREE CLUBS KING,0.284,0.4868,0.2292
DIAMONDS THREE CLUBS QUEEN,0.6394,0.0062,0.3544
DIAMONDS THREE CLUBS ACE,0.3848,0.0042,0.611
SPADES FOUR HEARTS JACK,0.6088,0.0108,0.3804
SPADES FOUR HEARTS TEN,0.6182,0.0072,0.3746
SPADES FIVE SPADES TWO,0.67,0.0234,0.3066
SPADES FOUR SPADES TWO,0.6986,0.0256,0.2758
SPADES THREE SPADES TWO,0.6896,0.0238,0.2866
SPADES NINE SPADES TWO,0.7036,0.0308,0.2656
SPADES EIGHT SPADES TWO,0.7074,0.024,0.2686
SPADES SEVEN SPADES TWO,0.707,0.0252,0.2678
SPADES SIX SPADES TWO,0.7032,0.0226,0.2742
DIAMONDS QUEEN CLUBS THREE,0.618,0.0098,0.3722
DIAMONDS QUEEN CLUBS TWO,0.7342,0.0278,0.238
HEARTS SEVEN DIAMONDS QUEEN,0.605,0.0092,0.3858
HEARTS SIX DIAMONDS QUEEN,0.6094,0.0072,0.3834
DIAMONDS QUEEN HEARTS NINE,0.596,0.008,0.396
DIAMONDS QUEEN HEARTS EIGHT,0.6054,0.0092,0.3854
CLUBS NINE DIAMONDS QUEEN,0.6042,0.0068,0.389
CLUBS EIGHT DIAMONDS QUEEN,0.608,0.0058,0.3862
DIAMONDS QUEEN CLUBS FIVE,0.6262,0.0072,0.3666
SPADES EIGHT HEARTS ACE,0.3738,0.0058,0.6204
DIAMONDS QUEEN CLUBS FOUR,0.6308,0.0078,0.3614
CLUBS SEVEN DIAMONDS QUEEN,0.617,0.0078,0.3752
SPADES EIGHT HEARTS QUEEN,0.5982,0.0066,0.3952
CLUBS SIX DIAMONDS QUEEN,0.6172,0.0066,0.3762
DIAMONDS QUEEN SPADES SIX,0.6234,0.005,0.3716
HEARTS FOUR CLUBS QUEEN,0.6042,0.0126,0.3832
DIAMONDS ACE CLUBS QUEEN,0.3934,0.0058,0.6008
DIAMONDS QUEEN SPADES SEVEN,0.6112,0.0062,0.3826
HEARTS FOUR CLUBS KING,0.2654,0.4774,0.2572
DIAMONDS ACE CLUBS KING,0.2586,0.0128,0.7286
DIAMONDS QUEEN SPADES EIGHT,0.5994,0.0082,0.3924
HEARTS FOUR CLUBS ACE,0.3808,0.0058,0.6134
DIAMONDS ACE CLUBS ACE,0.156,0.006,0.838
SPADES NINE DIAMONDS QUEEN,0.5984,0.0078,0.3938
DIAMONDS QUEEN SPADES TWO,0.7442,0.0226,0.2332
DIAMONDS QUEEN SPADES THREE,0.6292,0.0098,0.361
DIAMONDS QUEEN SPADES FOUR,0.6288,0.007,0.3642
CLUBS TEN HEARTS FOUR,0.6112,0.0084,0.3804
CLUBS TEN DIAMONDS ACE,0.3872,0.004,0.6088
DIAMONDS QUEEN SPADES FIVE,0.614,0.0076,0.3784
CLUBS JACK HEARTS FOUR,0.62,0.0104,0.3696
CLUBS JACK DIAMONDS ACE,0.3774,0.0062,0.6164
CLUBS FIVE CLUBS KING,0.248,0.398,0.354
CLUBS FIVE CLUBS QUEEN,0.5802,0.0082,0.4116
CLUBS FIVE CLUBS ACE,0.3676,0.005,0.6274
CLUBS JACK CLUBS FIVE,0.5728,0.0102,0.417
CLUBS TEN CLUBS FIVE,0.5918,0.01,0.3982
SPADES KING CLUBS JACK,0.2842,0.0864,0.6294
CLUBS JACK SPADES QUEEN,0.5728,0.0082,0.419
SPADES ACE CLUBS JACK,0.3838,0.0046,0.6116
SPADES SIX CLUBS KING,0.27,0.3596,0.3704
SPADES SIX CLUBS QUEEN,0.6146,0.0046,0.3808
SPADES EIGHT HEARTS JACK,0.5954,0.0084,0.3962
SPADES SIX CLUBS ACE,0.3984,0.0048,0.5968
SPADES EIGHT HEARTS TEN,0.5778,0.0076,0.4146
CLUBS JACK SPADES SIX,0.6156,0.009,0.3754
CLUBS TEN SPADES SIX,0.5962,0.006,0.3978
CLUBS JACK SPADES TEN,0.5646,0.0076,0.4278
CLUBS JACK SPADES JACK,0.3246,0.0054,0.67
SPADES QUEEN CLUBS SEVEN,0.6252,0.0076,0.3672
SPADES KING CLUBS SEVEN,0.2666,0.2792,0.4542
SPADES ACE CLUBS SEVEN,0.3822,0.005,0.6128
SPADES SIX HEARTS TEN,0.603,0.01,0.387
SPADES SIX HEARTS JACK,0.6026,0.0068,0.3906
SPADES SIX HEARTS ACE,0.3902,0.0068,0.603
SPADES SIX HEARTS QUEEN,0.6014,0.0096,0.389
SPADES JACK CLUBS SEVEN,0.592,0.006,0.402
SPADES TEN CLUBS SEVEN,0.5914,0.0056,0.403
CLUBS TEN HEARTS SIX,0.5962,0.0082,0.3956
CLUBS JACK HEARTS SIX,0.6184,0.0082,0.3734
CLUBS JACK CLUBS ACE,0.374,0.0058,0.6202
HEARTS SIX CLUBS QUEEN,0.6048,0.0068,0.3884
HEARTS SIX CLUBS KING,0.2568,0.3678,0.3754
HEARTS SIX CLUBS ACE,0.3882,0.004,0.6078
CLUBS JACK CLUBS QUEEN,0.5474,0.0092,0.4434
CLUBS JACK CLUBS KING,0.255,0.0788,0.6662
DIAMONDS THREE HEARTS ACE,0.3574,0.006,0.6366
DIAMONDS THREE HEARTS QUEEN,0.6234,0.0076,0.369
CLUBS FIVE HEARTS JACK,0.6098,0.0094,0.3808
SPADES TEN DIAMONDS ACE,0.3762,0.0044,0.6194
HEARTS FOUR SPADES TEN,0.6008,0.0102,0.389
CLUBS FIVE HEARTS TEN,0.605,0.0098,0.3852
HEARTS FOUR SPADES JACK,0.6144,0.0086,0.377
SPADES JACK DIAMONDS ACE,0.3792,0.005,0.6158
SPADES ACE HEARTS FOUR,0.3686,0.0076,0.6238
SPADES ACE DIAMONDS ACE,0.163,0.006,0.831
CLUBS FIVE HEARTS ACE,0.3682,0.006,0.6258
HEARTS FOUR SPADES QUEEN,0.609,0.0088,0.3822
SPADES QUEEN DIAMONDS ACE,0.3918,0.0052,0.603
CLUBS JACK SPADES FOUR,0.625,0.007,0.368
CLUBS FIVE HEARTS QUEEN,0.6064,0.0086,0.385
SPADES KING DIAMONDS ACE,0.2852,0.0098,0.705
SPADES KING HEARTS FOUR,0.2492,0.4868,0.264
CLUBS TEN SPADES FOUR,0.6172,0.0062,0.3766
DIAMONDS QUEEN DIAMONDS ACE,0.3564,0.0064,0.6372
HEARTS FOUR DIAMONDS QUEEN,0.6214,0.009,0.3696
DIAMONDS THREE HEARTS TEN,0.611,0.0092,0.3798
SPADES FOUR CLUBS KING,0.2674,0.4764,0.2562
HEARTS FIVE DIAMONDS QUEEN,0.617,0.0106,0.3724
DIAMONDS THREE HEARTS JACK,0.62,0.0086,0.3714
SPADES FOUR CLUBS QUEEN,0.6168,0.0092,0.374
DIAMONDS KING DIAMONDS QUEEN,0.272,0.0592,0.6688
DIAMONDS QUEEN HEARTS THREE,0.6104,0.0088,0.3808
SPADES FOUR CLUBS ACE,0.3842,0.005,0.6108
DIAMONDS QUEEN CLUBS ACE,0.375,0.0048,0.6202
DIAMONDS QUEEN CLUBS QUEEN,0.3074,0.005,0.6876
DIAMONDS QUEEN CLUBS KING,0.2842,0.0626,0.6532
SPADES EIGHT SPADES FIVE,0.5626,0.01,0.4274
CLUBS TEN DIAMONDS QUEEN,0.5852,0.0052,0.4096
SPADES NINE SPADES FIVE,0.574,0.0078,0.4182
CLUBS JACK DIAMONDS QUEEN,0.5686,0.0074,0.424
SPADES SIX SPADES FIVE,0.5378,0.0084,0.4538
SPADES SEVEN SPADES FIVE,0.5464,0.0068,0.4468
DIAMONDS FIVE CLUBS QUEEN,0.6208,0.0078,0.3714
SPADES EIGHT CLUBS ACE,0.3954,0.0058,0.5988
DIAMONDS FIVE CLUBS KING,0.2656,0.4254,0.309
SPADES EIGHT CLUBS KING,0.2654,0.2218,0.5128
DIAMONDS FIVE CLUBS ACE,0.3866,0.0044,0.609
SPADES EIGHT CLUBS QUEEN,0.6096,0.0084,0.382
CLUBS JACK SPADES EIGHT,0.6004,0.0076,0.392
CLUBS TEN SPADES EIGHT,0.5958,0.0074,0.3968
CLUBS TEN DIAMONDS FIVE,0.6214,0.0066,0.372
CLUBS JACK DIAMONDS FIVE,0.6304,0.008,0.3616
DIAMONDS TEN HEARTS JACK,0.5424,0.0082,0.4494
DIAMONDS TEN HEARTS TEN,0.327,0.0056,0.6674
SPADES ACE CLUBS NINE,0.4058,0.0058,0.5884
SPADES QUEEN CLUBS NINE,0.5932,0.006,0.4008
SPADES KING CLUBS NINE,0.2816,0.1606,0.5578
DIAMONDS KING SPADES SEVEN,0.2746,0.2842,0.4412
HEARTS THREE SPADES SEVEN,0.5992,0.0086,0.3922
SPADES KING DIAMONDS SEVEN,0.2792,0.2806,0.4402
HEARTS SIX HEARTS QUEEN,0.5982,0.0116,0.3902
SPADES QUEEN DIAMONDS SEVEN,0.615,0.0048,0.3802
HEARTS THREE SPADES SIX,0.6004,0.0106,0.389
DIAMONDS KING SPADES SIX,0.2758,0.3454,0.3788
DIAMONDS KING SPADES NINE,0.2632,0.1668,0.57
SPADES NINE HEARTS THREE,0.6076,0.008,0.3844
HEARTS SIX HEARTS ACE,0.347,0.0076,0.6454
DIAMONDS KING SPADES EIGHT,0.2834,0.2078,0.5088
SPADES EIGHT HEARTS THREE,0.62,0.0104,0.3696
SPADES ACE DIAMONDS SEVEN,0.3822,0.004,0.6138
CLUBS NINE HEARTS THREE,0.606,0.0084,0.3856
CLUBS NINE DIAMONDS KING,0.2808,0.1542,0.565
CLUBS EIGHT DIAMONDS KING,0.2754,0.2156,0.509
CLUBS EIGHT HEARTS THREE,0.6284,0.0072,0.3644
HEARTS THREE SPADES THREE,0.3658,0.0178,0.6164
DIAMONDS KING SPADES THREE,0.2652,0.4946,0.2402
HEARTS THREE SPADES TWO,0.7296,0.032,0.2384
DIAMONDS KING SPADES TWO,0.0642,0.9174,0.0184
HEARTS THREE SPADES FIVE,0.5986,0.0078,0.3936
DIAMONDS KING SPADES FIVE,0.2668,0.4284,0.3048
HEARTS THREE SPADES FOUR,0.5968,0.0112,0.392
DIAMONDS KING SPADES FOUR,0.2644,0.4772,0.2584
DIAMONDS KING CLUBS TWO,0.0736,0.9062,0.0202
