opposingHand,winningChance,drawChance,lostChance
HEARTS SIX SPADES JACK
SPADES TEN HEARTS FIVE,0.6358,0.0182,0.346
SPADES FIVE CLUBS JACK,0.399,0.395,0.206
CLUBS TEN SPADES FIVE,0.628,0.02,0.352
CLUBS EIGHT CLUBS JACK,0.216,0.2024,0.5816
CLUBS TEN CLUBS EIGHT,0.5222,0.0138,0.464
CLUBS EIGHT CLUBS KING,0.3356,0.0078,0.6566
SPADES FIVE CLUBS ACE,0.3934,0.0046,0.602
CLUBS EIGHT CLUBS QUEEN,0.3256,0.009,0.6654
SPADES FIVE CLUBS KING,0.3946,0.008,0.5974
SPADES FIVE CLUBS QUEEN,0.4006,0.0092,0.5902
CLUBS EIGHT CLUBS ACE,0.3292,0.0054,0.6654
DIAMONDS TWO DIAMONDS THREE,0.5776,0.0206,0.4018
DIAMONDS TWO DIAMONDS FIVE,0.5948,0.02,0.3852
SPADES KING HEARTS FIVE,0.3762,0.0078,0.616
DIAMONDS TWO DIAMONDS FOUR,0.5958,0.021,0.3832
SPADES QUEEN HEARTS FIVE,0.3952,0.0094,0.5954
DIAMONDS TWO DIAMONDS SEVEN,0.5832,0.0174,0.3994
DIAMONDS TWO DIAMONDS SIX,0.6554,0.0608,0.2838
SPADES ACE HEARTS FIVE,0.3788,0.0042,0.617
DIAMONDS TWO DIAMONDS NINE,0.5796,0.0208,0.3996
DIAMONDS TWO DIAMONDS EIGHT,0.5768,0.022,0.4012
DIAMONDS THREE DIAMONDS FOUR,0.5758,0.0214,0.4028
SPADES FOUR CLUBS TWO,0.6362,0.0198,0.344
DIAMONDS THREE DIAMONDS FIVE,0.5832,0.0206,0.3962
SPADES FIVE CLUBS TWO,0.635,0.0242,0.3408
CLUBS TWO SPADES TWO,0.4288,0.0472,0.524
CLUBS TWO SPADES THREE,0.6364,0.0182,0.3454
DIAMONDS THREE DIAMONDS EIGHT,0.5996,0.017,0.3834
SPADES EIGHT CLUBS TWO,0.6372,0.0246,0.3382
DIAMONDS THREE DIAMONDS NINE,0.573,0.0166,0.4104
SPADES NINE CLUBS TWO,0.6366,0.0172,0.3462
DIAMONDS THREE DIAMONDS SIX,0.651,0.055,0.294
SPADES SIX CLUBS TWO,0.7084,0.063,0.2286
DIAMONDS THREE DIAMONDS SEVEN,0.569,0.0162,0.4148
SPADES SEVEN CLUBS TWO,0.6312,0.0186,0.3502
CLUBS SIX CLUBS TWO,0.6656,0.0584,0.276
CLUBS SEVEN CLUBS TWO,0.5894,0.0196,0.391
CLUBS FOUR CLUBS TWO,0.6004,0.0196,0.38
CLUBS FIVE CLUBS TWO,0.5948,0.0176,0.3876
CLUBS TEN CLUBS JACK,0.2066,0.1152,0.6782
DIAMONDS FOUR DIAMONDS SIX,0.6282,0.053,0.3188
CLUBS TEN CLUBS QUEEN,0.3112,0.0092,0.6796
DIAMONDS FOUR DIAMONDS SEVEN,0.5702,0.0192,0.4106
CLUBS TEN CLUBS KING,0.3206,0.006,0.6734
CLUBS TEN CLUBS ACE,0.316,0.0038,0.6802
CLUBS EIGHT CLUBS TWO,0.587,0.017,0.396
DIAMONDS FIVE DIAMONDS FOUR,0.5666,0.0174,0.416
CLUBS NINE CLUBS TWO,0.5756,0.0164,0.408
DIAMONDS NINE DIAMONDS FOUR,0.5892,0.0154,0.3954
DIAMONDS EIGHT DIAMONDS FOUR,0.5792,0.0168,0.404
CLUBS THREE CLUBS TWO,0.5958,0.0232,0.381
DIAMONDS NINE DIAMONDS FIVE,0.5738,0.015,0.4112
DIAMONDS TWO CLUBS JACK,0.3974,0.3818,0.2208
DIAMONDS EIGHT DIAMONDS FIVE,0.553,0.0174,0.4296
CLUBS TEN DIAMONDS TWO,0.6148,0.0194,0.3658
DIAMONDS FIVE DIAMONDS SEVEN,0.5518,0.0198,0.4284
DIAMONDS FIVE DIAMONDS SIX,0.6198,0.056,0.3242
DIAMONDS TWO CLUBS ACE,0.3908,0.0016,0.6076
DIAMONDS TWO CLUBS KING,0.4024,0.0098,0.5878
DIAMONDS TWO CLUBS QUEEN,0.3972,0.0116,0.5912
DIAMONDS EIGHT DIAMONDS SIX,0.621,0.0572,0.3218
DIAMONDS NINE DIAMONDS SIX,0.6382,0.0536,0.3082
HEARTS ACE SPADES THREE,0.385,0.0032,0.6118
SPADES THREE HEARTS KING,0.3924,0.0086,0.599
DIAMONDS SEVEN DIAMONDS SIX,0.6106,0.0516,0.3378
SPADES THREE HEARTS QUEEN,0.3972,0.0128,0.59
SPADES THREE HEARTS JACK,0.3974,0.3888,0.2138
SPADES THREE HEARTS TEN,0.6182,0.0162,0.3656
DIAMONDS EIGHT DIAMONDS SEVEN,0.5412,0.0166,0.4422
DIAMONDS NINE DIAMONDS SEVEN,0.5238,0.015,0.4612
DIAMONDS NINE DIAMONDS EIGHT,0.5146,0.016,0.4694
DIAMONDS KING HEARTS TEN,0.3332,0.0054,0.6614
HEARTS THREE HEARTS TEN,0.5938,0.0156,0.3906
DIAMONDS KING HEARTS JACK,0.2248,0.0302,0.745
HEARTS THREE HEARTS JACK,0.3836,0.371,0.2454
SPADES TEN CLUBS SIX,0.682,0.0608,0.2572
SPADES TEN SPADES FIVE,0.597,0.0174,0.3856
DIAMONDS KING HEARTS ACE,0.314,0.0024,0.6836
HEARTS THREE HEARTS ACE,0.3804,0.0062,0.6134
SPADES ACE CLUBS SIX,0.237,0.028,0.735
DIAMONDS KING HEARTS QUEEN,0.308,0.0068,0.6852
HEARTS THREE HEARTS QUEEN,0.3802,0.0118,0.608
SPADES KING CLUBS SIX,0.2398,0.0396,0.7206
DIAMONDS KING HEARTS KING,0.1272,0.0072,0.8656
HEARTS THREE HEARTS KING,0.3706,0.009,0.6204
SPADES QUEEN CLUBS SIX,0.2408,0.053,0.7062
SPADES NINE HEARTS TEN,0.5482,0.016,0.4358
SPADES NINE HEARTS JACK,0.2318,0.173,0.5952
SPADES QUEEN SPADES FIVE,0.3614,0.0118,0.6268
SPADES KING SPADES FIVE,0.3626,0.0074,0.63
SPADES ACE SPADES FIVE,0.3756,0.0038,0.6206
SPADES NINE HEARTS QUEEN,0.3336,0.0094,0.657
SPADES NINE HEARTS KING,0.3406,0.0058,0.6536
SPADES NINE HEARTS ACE,0.3544,0.004,0.6416
CLUBS TEN SPADES TEN,0.2854,0.0232,0.6914
SPADES ACE CLUBS TEN,0.3426,0.004,0.6534
SPADES KING CLUBS TEN,0.3356,0.0074,0.657
CLUBS TEN SPADES QUEEN,0.327,0.0094,0.6636
SPADES FIVE HEARTS QUEEN,0.3872,0.0094,0.6034
SPADES FIVE HEARTS KING,0.3882,0.01,0.6018
SPADES FIVE HEARTS ACE,0.3836,0.005,0.6114
SPADES TEN CLUBS EIGHT,0.5688,0.0172,0.414
HEARTS THREE SPADES TEN,0.6306,0.0176,0.3518
SPADES TEN DIAMONDS KING,0.3394,0.0068,0.6538
CLUBS SIX HEARTS ACE,0.2362,0.0262,0.7376
SPADES ACE CLUBS EIGHT,0.3462,0.0042,0.6496
HEARTS FIVE CLUBS JACK,0.3888,0.3922,0.219
CLUBS TEN HEARTS FIVE,0.6234,0.0172,0.3594
CLUBS SIX HEARTS QUEEN,0.232,0.046,0.722
SPADES QUEEN CLUBS EIGHT,0.3496,0.0106,0.6398
CLUBS TEN SPADES THREE,0.6226,0.02,0.3574
CLUBS SIX HEARTS KING,0.2204,0.0372,0.7424
SPADES KING CLUBS EIGHT,0.3546,0.0062,0.6392
SPADES THREE CLUBS JACK,0.3922,0.403,0.2048
DIAMONDS TWO HEARTS JACK,0.3918,0.3942,0.214
SPADES THREE CLUBS QUEEN,0.3932,0.011,0.5958
DIAMONDS TWO HEARTS TEN,0.6058,0.019,0.3752
SPADES THREE CLUBS KING,0.4104,0.0086,0.581
HEARTS FIVE CLUBS ACE,0.3902,0.0032,0.6066
SPADES FIVE HEARTS TEN,0.6306,0.0168,0.3526
SPADES THREE CLUBS ACE,0.4016,0.005,0.5934
HEARTS FIVE CLUBS KING,0.3892,0.008,0.6028
SPADES FIVE HEARTS JACK,0.3868,0.3878,0.2254
HEARTS FIVE CLUBS QUEEN,0.4004,0.0096,0.59
HEARTS THREE CLUBS KING,0.3972,0.008,0.5948
DIAMONDS KING CLUBS KING,0.1504,0.0062,0.8434
HEARTS THREE CLUBS QUEEN,0.3952,0.0086,0.5962
DIAMONDS KING CLUBS QUEEN,0.3218,0.006,0.6722
HEARTS FIVE HEARTS JACK,0.3656,0.3746,0.2598
HEARTS FIVE HEARTS TEN,0.5952,0.0178,0.387
HEARTS THREE CLUBS ACE,0.4036,0.0036,0.5928
DIAMONDS KING CLUBS ACE,0.3282,0.0024,0.6694
SPADES ACE CLUBS QUEEN,0.3192,0.0038,0.677
SPADES KING CLUBS QUEEN,0.3084,0.005,0.6866
HEARTS THREE CLUBS JACK,0.3906,0.3894,0.22
DIAMONDS KING CLUBS JACK,0.2398,0.0284,0.7318
SPADES QUEEN CLUBS QUEEN,0.1382,0.0084,0.8534
CLUBS TEN HEARTS THREE,0.6364,0.0158,0.3478
CLUBS TEN DIAMONDS KING,0.3424,0.007,0.6506
CLUBS SIX CLUBS QUEEN,0.2228,0.0456,0.7316
SPADES TEN CLUBS QUEEN,0.3272,0.0096,0.6632
CLUBS SIX CLUBS KING,0.221,0.0304,0.7486
CLUBS SIX CLUBS ACE,0.2292,0.0232,0.7476
HEARTS FIVE HEARTS KING,0.3542,0.0068,0.639
HEARTS FIVE HEARTS QUEEN,0.3724,0.0128,0.6148
CLUBS TEN CLUBS SIX,0.6436,0.0584,0.298
HEARTS FIVE HEARTS ACE,0.3602,0.0052,0.6346
CLUBS SIX CLUBS JACK,0.0204,0.9054,0.0742
SPADES SEVEN HEARTS JACK,0.217,0.2984,0.4846
SPADES SEVEN HEARTS TEN,0.5722,0.0178,0.41
DIAMONDS TWO CLUBS TWO,0.418,0.0436,0.5384
DIAMONDS TWO CLUBS THREE,0.633,0.0202,0.3468
DIAMONDS TWO HEARTS QUEEN,0.4122,0.01,0.5778
HEARTS SEVEN DIAMONDS TWO,0.6296,0.02,0.3504
DIAMONDS TWO HEARTS KING,0.3896,0.0092,0.6012
DIAMONDS TWO HEARTS EIGHT,0.6136,0.0176,0.3688
DIAMONDS TWO HEARTS ACE,0.378,0.0048,0.6172
DIAMONDS TWO HEARTS NINE,0.6198,0.0174,0.3628
DIAMONDS TWO DIAMONDS QUEEN,0.3728,0.0084,0.6188
DIAMONDS TWO HEARTS TWO,0.4096,0.0456,0.5448
DIAMONDS TWO DIAMONDS KING,0.3748,0.0072,0.618
HEARTS THREE DIAMONDS TWO,0.6182,0.022,0.3598
DIAMONDS TWO DIAMONDS ACE,0.353,0.0042,0.6428
HEARTS FOUR DIAMONDS TWO,0.623,0.0216,0.3554
DIAMONDS TWO HEARTS FIVE,0.6376,0.0192,0.3432
SPADES SEVEN HEARTS ACE,0.3684,0.0048,0.6268
DIAMONDS TWO DIAMONDS TEN,0.5794,0.0142,0.4064
SPADES SEVEN HEARTS KING,0.3514,0.009,0.6396
DIAMONDS TWO DIAMONDS JACK,0.367,0.3656,0.2674
SPADES SEVEN HEARTS QUEEN,0.3534,0.0106,0.636
DIAMONDS TWO SPADES NINE,0.623,0.0188,0.3582
DIAMONDS TWO SPADES EIGHT,0.6202,0.0186,0.3612
DIAMONDS TWO SPADES SEVEN,0.6264,0.0182,0.3554
DIAMONDS TWO SPADES SIX,0.6964,0.0634,0.2402
DIAMONDS TWO SPADES FIVE,0.6242,0.0172,0.3586
DIAMONDS TWO SPADES FOUR,0.6306,0.0186,0.3508
DIAMONDS TWO SPADES THREE,0.6354,0.0266,0.338
DIAMONDS TWO SPADES TWO,0.4204,0.0474,0.5322
CLUBS NINE DIAMONDS TWO,0.6366,0.0156,0.3478
DIAMONDS TWO CLUBS EIGHT,0.6334,0.0144,0.3522
CLUBS SEVEN DIAMONDS TWO,0.6444,0.018,0.3376
DIAMONDS TWO CLUBS SIX,0.7006,0.0608,0.2386
DIAMONDS TWO CLUBS FIVE,0.6168,0.0232,0.36
DIAMONDS TWO CLUBS FOUR,0.633,0.0186,0.3484
CLUBS FOUR SPADES FIVE,0.609,0.0186,0.3724
CLUBS FOUR SPADES FOUR,0.405,0.0458,0.5492
CLUBS FOUR SPADES THREE,0.6206,0.021,0.3584
CLUBS FOUR SPADES TWO,0.6324,0.0194,0.3482
SPADES NINE CLUBS FOUR,0.613,0.0204,0.3666
SPADES EIGHT CLUBS FOUR,0.6186,0.0168,0.3646
SPADES SEVEN CLUBS FOUR,0.6162,0.0172,0.3666
SPADES SIX CLUBS FOUR,0.6708,0.0668,0.2624
SPADES ACE DIAMONDS SIX,0.2332,0.0268,0.74
SPADES QUEEN DIAMONDS SIX,0.231,0.0512,0.7178
SPADES KING DIAMONDS SIX,0.226,0.037,0.737
SPADES TEN DIAMONDS SIX,0.6972,0.0552,0.2476
SPADES QUEEN SPADES TWO,0.3766,0.009,0.6144
SPADES KING SPADES TWO,0.3888,0.0066,0.6046
SPADES ACE SPADES TWO,0.3664,0.0048,0.6288
DIAMONDS JACK CLUBS JACK,0.0882,0.0372,0.8746
CLUBS TEN DIAMONDS JACK,0.2318,0.1206,0.6476
DIAMONDS JACK CLUBS KING,0.2264,0.0266,0.747
DIAMONDS JACK CLUBS QUEEN,0.221,0.0436,0.7354
DIAMONDS THREE DIAMONDS JACK,0.359,0.3608,0.2802
DIAMONDS THREE DIAMONDS TEN,0.5748,0.0194,0.4058
DIAMONDS JACK CLUBS ACE,0.2294,0.021,0.7496
DIAMONDS THREE DIAMONDS KING,0.3774,0.0084,0.6142
HEARTS THREE DIAMONDS THREE,0.4284,0.0434,0.5282
DIAMONDS THREE DIAMONDS QUEEN,0.3658,0.0114,0.6228
DIAMONDS THREE HEARTS TWO,0.6312,0.0222,0.3466
HEARTS FIVE DIAMONDS THREE,0.6228,0.018,0.3592
DIAMONDS THREE DIAMONDS ACE,0.363,0.004,0.633
HEARTS FOUR DIAMONDS THREE,0.6214,0.02,0.3586
HEARTS SEVEN DIAMONDS THREE,0.6108,0.0198,0.3694
SPADES TEN SPADES NINE,0.5134,0.015,0.4716
DIAMONDS THREE HEARTS NINE,0.6102,0.0194,0.3704
HEARTS JACK DIAMONDS FOUR,0.3884,0.3724,0.2392
HEARTS ACE HEARTS KING,0.3136,0.0062,0.6802
SPADES TEN SPADES TWO,0.593,0.0198,0.3872
DIAMONDS THREE HEARTS EIGHT,0.6152,0.0182,0.3666
HEARTS TEN DIAMONDS FOUR,0.6194,0.0182,0.3624
HEARTS QUEEN DIAMONDS FOUR,0.3894,0.0132,0.5974
HEARTS KING DIAMONDS FOUR,0.3898,0.0078,0.6024
SPADES ACE SPADES NINE,0.344,0.0054,0.6506
HEARTS ACE DIAMONDS FOUR,0.382,0.0034,0.6146
SPADES KING SPADES NINE,0.3488,0.0082,0.643
SPADES QUEEN SPADES NINE,0.3172,0.0128,0.67
DIAMONDS THREE SPADES NINE,0.632,0.018,0.35
DIAMONDS THREE SPADES EIGHT,0.6284,0.0206,0.351
DIAMONDS THREE SPADES SEVEN,0.6272,0.0172,0.3556
DIAMONDS THREE SPADES SIX,0.6954,0.0656,0.239
DIAMONDS THREE CLUBS SIX,0.6752,0.0706,0.2542
CLUBS FIVE CLUBS SIX,0.6086,0.0582,0.3332
CLUBS ACE DIAMONDS FOUR,0.3966,0.0028,0.6006
CLUBS SEVEN DIAMONDS THREE,0.62,0.017,0.363
CLUBS SEVEN CLUBS FIVE,0.5436,0.019,0.4374
DIAMONDS THREE CLUBS FOUR,0.615,0.022,0.363
DIAMONDS FOUR CLUBS QUEEN,0.3728,0.0108,0.6164
DIAMONDS THREE CLUBS FIVE,0.6176,0.0166,0.3658
CLUBS KING DIAMONDS FOUR,0.391,0.0058,0.6032
DIAMONDS THREE CLUBS TWO,0.631,0.02,0.349
CLUBS TEN DIAMONDS FOUR,0.6304,0.017,0.3526
DIAMONDS THREE CLUBS THREE,0.4268,0.041,0.5322
DIAMONDS FOUR CLUBS JACK,0.4062,0.3788,0.215
DIAMONDS THREE SPADES FOUR,0.6152,0.0212,0.3636
DIAMONDS THREE SPADES FIVE,0.6268,0.0212,0.352
DIAMONDS THREE SPADES TWO,0.6386,0.0254,0.336
DIAMONDS THREE SPADES THREE,0.4272,0.0402,0.5326
CLUBS EIGHT DIAMONDS THREE,0.6216,0.0168,0.3616
CLUBS NINE DIAMONDS THREE,0.6242,0.0192,0.3566
SPADES SEVEN CLUBS ACE,0.3636,0.0044,0.632
SPADES SEVEN CLUBS QUEEN,0.3612,0.0088,0.63
SPADES SEVEN CLUBS KING,0.367,0.007,0.626
CLUBS FIVE SPADES SEVEN,0.5838,0.0174,0.3988
CLUBS TEN SPADES SEVEN,0.5754,0.0182,0.4064
CLUBS FIVE SPADES SIX,0.6596,0.0602,0.2802
SPADES SEVEN CLUBS JACK,0.2246,0.2922,0.4832
SPADES NINE CLUBS FIVE,0.6156,0.0144,0.37
CLUBS FIVE SPADES EIGHT,0.6062,0.0174,0.3764
CLUBS FIVE SPADES THREE,0.6228,0.0202,0.357
CLUBS FIVE SPADES TWO,0.6296,0.0188,0.3516
CLUBS FIVE SPADES FIVE,0.4046,0.0462,0.5492
CLUBS FIVE SPADES FOUR,0.6026,0.021,0.3764
CLUBS NINE CLUBS FIVE,0.5638,0.0172,0.419
CLUBS EIGHT CLUBS FIVE,0.555,0.015,0.43
CLUBS ACE CLUBS QUEEN,0.304,0.0036,0.6924
CLUBS KING CLUBS QUEEN,0.3142,0.007,0.6788
DIAMONDS TEN DIAMONDS FOUR,0.5766,0.0186,0.4048
CLUBS TEN DIAMONDS NINE,0.5256,0.0162,0.4582
DIAMONDS JACK DIAMONDS FOUR,0.3662,0.3676,0.2662
DIAMONDS NINE CLUBS JACK,0.2272,0.1564,0.6164
SPADES NINE CLUBS JACK,0.2222,0.1576,0.6202
CLUBS TEN SPADES NINE,0.5564,0.0138,0.4298
DIAMONDS ACE DIAMONDS FOUR,0.3636,0.0036,0.6328
HEARTS FOUR DIAMONDS FOUR,0.4126,0.0422,0.5452
DIAMONDS JACK HEARTS TEN,0.2132,0.1316,0.6552
SPADES NINE CLUBS KING,0.3506,0.0056,0.6438
DIAMONDS TWO SPADES TEN,0.6232,0.0176,0.3592
DIAMONDS NINE CLUBS ACE,0.3488,0.0038,0.6474
HEARTS FIVE DIAMONDS FOUR,0.6134,0.0172,0.3694
DIAMONDS JACK HEARTS JACK,0.0756,0.0394,0.885
SPADES NINE CLUBS QUEEN,0.3368,0.0086,0.6546
DIAMONDS QUEEN DIAMONDS FOUR,0.3662,0.0106,0.6232
HEARTS TWO DIAMONDS FOUR,0.6382,0.0182,0.3436
DIAMONDS NINE CLUBS QUEEN,0.338,0.0094,0.6526
DIAMONDS KING DIAMONDS FOUR,0.3736,0.0058,0.6206
HEARTS THREE DIAMONDS FOUR,0.6052,0.0222,0.3726
SPADES NINE CLUBS ACE,0.3714,0.003,0.6256
DIAMONDS NINE CLUBS KING,0.3552,0.0064,0.6384
HEARTS ACE DIAMONDS JACK,0.2302,0.0172,0.7526
SPADES ACE DIAMONDS TWO,0.3916,0.0062,0.6022
HEARTS QUEEN DIAMONDS JACK,0.2202,0.0418,0.738
SPADES QUEEN DIAMONDS TWO,0.4034,0.0132,0.5834
DIAMONDS JACK HEARTS KING,0.2342,0.034,0.7318
SPADES KING DIAMONDS TWO,0.392,0.0104,0.5976
SPADES TEN SPADES SEVEN,0.5424,0.0176,0.44
CLUBS SEVEN CLUBS THREE,0.5752,0.016,0.4088
CLUBS SIX CLUBS THREE,0.65,0.0588,0.2912
CLUBS FIVE CLUBS THREE,0.5692,0.0206,0.4102
CLUBS THREE CLUBS FOUR,0.5842,0.0208,0.395
CLUBS NINE CLUBS THREE,0.5764,0.0138,0.4098
CLUBS EIGHT CLUBS THREE,0.585,0.0176,0.3974
CLUBS THREE SPADES FIVE,0.61,0.024,0.366
CLUBS THREE SPADES FOUR,0.6228,0.0214,0.3558
CLUBS THREE SPADES THREE,0.423,0.0414,0.5356
CLUBS THREE SPADES TWO,0.6366,0.0162,0.3472
CLUBS THREE SPADES SIX,0.6808,0.0608,0.2584
SPADES SEVEN CLUBS THREE,0.6134,0.0184,0.3682
SPADES EIGHT CLUBS THREE,0.621,0.0182,0.3608
SPADES NINE CLUBS THREE,0.628,0.0186,0.3534
SPADES TWO DIAMONDS FOUR,0.6344,0.0186,0.347
SPADES THREE DIAMONDS FOUR,0.6158,0.0216,0.3626
SPADES FOUR DIAMONDS FOUR,0.4042,0.0428,0.553
SPADES FIVE DIAMONDS FOUR,0.616,0.0154,0.3686
SPADES SIX DIAMONDS FOUR,0.6696,0.0612,0.2692
SPADES SEVEN DIAMONDS FOUR,0.6226,0.0218,0.3556
SPADES EIGHT DIAMONDS FOUR,0.606,0.0198,0.3742
SPADES NINE DIAMONDS FOUR,0.6228,0.0202,0.357
CLUBS FIVE DIAMONDS FOUR,0.6064,0.0184,0.3752
CLUBS FOUR DIAMONDS FOUR,0.406,0.0434,0.5506
CLUBS SEVEN DIAMONDS FOUR,0.617,0.0144,0.3686
CLUBS SIX DIAMONDS FOUR,0.6684,0.0636,0.268
CLUBS NINE DIAMONDS FOUR,0.6342,0.0166,0.3492
CLUBS EIGHT DIAMONDS FOUR,0.6112,0.0154,0.3734
HEARTS SEVEN DIAMONDS FOUR,0.6034,0.0162,0.3804
DIAMONDS FOUR HEARTS NINE,0.6254,0.017,0.3576
DIAMONDS FOUR HEARTS EIGHT,0.6202,0.0216,0.3582
CLUBS THREE DIAMONDS FOUR,0.6176,0.0202,0.3622
CLUBS TWO DIAMONDS FOUR,0.6238,0.0194,0.3568
DIAMONDS TEN DIAMONDS FIVE,0.5812,0.0176,0.4012
DIAMONDS JACK DIAMONDS FIVE,0.3602,0.3704,0.2694
DIAMONDS NINE HEARTS QUEEN,0.33,0.009,0.661
DIAMONDS NINE HEARTS KING,0.354,0.007,0.639
HEARTS ACE DIAMONDS NINE,0.3516,0.0034,0.645
DIAMONDS NINE HEARTS TEN,0.5368,0.0172,0.446
DIAMONDS NINE HEARTS JACK,0.2258,0.171,0.6032
CLUBS KING DIAMONDS SIX,0.2328,0.0372,0.73
CLUBS QUEEN DIAMONDS SIX,0.2396,0.048,0.7124
CLUBS ACE DIAMONDS SIX,0.24,0.0262,0.7338
SPADES KING DIAMONDS FOUR,0.3722,0.0086,0.6192
SPADES ACE SPADES SEVEN,0.3294,0.0054,0.6652
SPADES QUEEN DIAMONDS FOUR,0.3916,0.0114,0.597
SPADES QUEEN SPADES SEVEN,0.3394,0.0088,0.6518
CLUBS JACK DIAMONDS SIX,0.0222,0.9534,0.0244
SPADES KING SPADES SEVEN,0.3338,0.0074,0.6588
SPADES ACE DIAMONDS FOUR,0.395,0.0052,0.5998
CLUBS TEN DIAMONDS SIX,0.689,0.0558,0.2552
CLUBS NINE CLUBS FOUR,0.583,0.016,0.401
CLUBS EIGHT CLUBS FOUR,0.5794,0.0174,0.4032
SPADES TEN DIAMONDS FOUR,0.6342,0.0146,0.3512
CLUBS FIVE CLUBS FOUR,0.564,0.016,0.42
CLUBS SEVEN CLUBS FOUR,0.5654,0.0174,0.4172
CLUBS SIX CLUBS FOUR,0.6334,0.0608,0.3058
CLUBS SEVEN SPADES EIGHT,0.5714,0.0164,0.4122
CLUBS SEVEN SPADES NINE,0.57,0.0174,0.4126
CLUBS SEVEN SPADES SIX,0.6492,0.0544,0.2964
CLUBS SEVEN SPADES SEVEN,0.2894,0.0368,0.6738
CLUBS SEVEN SPADES FIVE,0.5954,0.0156,0.389
CLUBS SEVEN SPADES FOUR,0.5976,0.0206,0.3818
CLUBS SEVEN SPADES THREE,0.6208,0.0192,0.36
CLUBS SEVEN SPADES TWO,0.6312,0.019,0.3498
CLUBS NINE CLUBS SEVEN,0.5132,0.0148,0.472
CLUBS SEVEN CLUBS EIGHT,0.519,0.019,0.462
HEARTS SEVEN DIAMONDS FIVE,0.5872,0.0208,0.392
DIAMONDS FIVE HEARTS EIGHT,0.5938,0.0206,0.3856
DIAMONDS FIVE HEARTS NINE,0.6156,0.0156,0.3688
DIAMONDS QUEEN DIAMONDS FIVE,0.3682,0.0084,0.6234
HEARTS TWO DIAMONDS FIVE,0.634,0.0194,0.3466
HEARTS KING HEARTS EIGHT,0.3414,0.0052,0.6534
DIAMONDS KING DIAMONDS FIVE,0.364,0.0072,0.6288
HEARTS THREE DIAMONDS FIVE,0.624,0.0198,0.3562
HEARTS QUEEN HEARTS EIGHT,0.3324,0.0088,0.6588
DIAMONDS ACE DIAMONDS FIVE,0.3632,0.0036,0.6332
HEARTS FOUR DIAMONDS FIVE,0.6096,0.0186,0.3718
HEARTS FIVE DIAMONDS FIVE,0.3936,0.0398,0.5666
HEARTS ACE HEARTS EIGHT,0.3296,0.0054,0.665
CLUBS FOUR DIAMONDS FIVE,0.6024,0.0158,0.3818
CLUBS FIVE DIAMONDS FIVE,0.396,0.0458,0.5582
CLUBS SIX DIAMONDS FIVE,0.6548,0.0594,0.2858
CLUBS SEVEN DIAMONDS FIVE,0.6006,0.0172,0.3822
CLUBS TWO DIAMONDS FIVE,0.6252,0.0194,0.3554
CLUBS THREE DIAMONDS FIVE,0.6232,0.0156,0.3612
SPADES THREE DIAMONDS FIVE,0.617,0.0194,0.3636
SPADES TWO DIAMONDS FIVE,0.6302,0.0164,0.3534
SPADES FIVE DIAMONDS FIVE,0.4038,0.0446,0.5516
CLUBS TEN HEARTS JACK,0.2326,0.1092,0.6582
SPADES TEN DIAMONDS EIGHT,0.555,0.015,0.43
SPADES FOUR DIAMONDS FIVE,0.6054,0.023,0.3716
HEARTS JACK CLUBS JACK,0.0822,0.0378,0.88
HEARTS JACK CLUBS QUEEN,0.2246,0.0432,0.7322
CLUBS NINE DIAMONDS FIVE,0.6066,0.0182,0.3752
CLUBS KING HEARTS JACK,0.2274,0.0326,0.74
CLUBS EIGHT DIAMONDS FIVE,0.603,0.02,0.377
CLUBS ACE HEARTS JACK,0.2266,0.0204,0.753
SPADES SEVEN DIAMONDS FIVE,0.5958,0.0156,0.3886
SPADES KING DIAMONDS EIGHT,0.3432,0.0046,0.6522
SPADES SIX DIAMONDS FIVE,0.65,0.065,0.285
SPADES QUEEN DIAMONDS EIGHT,0.3392,0.0074,0.6534
SPADES NINE DIAMONDS FIVE,0.6136,0.0228,0.3636
SPADES EIGHT DIAMONDS FIVE,0.609,0.0136,0.3774
SPADES ACE DIAMONDS EIGHT,0.3532,0.003,0.6438
DIAMONDS TEN DIAMONDS SIX,0.6438,0.055,0.3012
HEARTS ACE DIAMONDS SEVEN,0.3536,0.0036,0.6428
DIAMONDS JACK DIAMONDS SIX,0.0196,0.914,0.0664
HEARTS QUEEN DIAMONDS SEVEN,0.3446,0.0084,0.647
HEARTS KING DIAMONDS SEVEN,0.351,0.0068,0.6422
DIAMONDS ACE DIAMONDS SIX,0.232,0.024,0.744
HEARTS FOUR DIAMONDS SIX,0.6676,0.0606,0.2718
SPADES TWO HEARTS JACK,0.3868,0.3904,0.2228
HEARTS FIVE DIAMONDS SIX,0.6564,0.0656,0.278
SPADES TWO HEARTS TEN,0.6254,0.0178,0.3568
DIAMONDS QUEEN DIAMONDS SIX,0.2168,0.0394,0.7438
HEARTS TWO DIAMONDS SIX,0.6896,0.061,0.2494
DIAMONDS KING DIAMONDS SIX,0.22,0.0348,0.7452
HEARTS THREE DIAMONDS SIX,0.6922,0.0642,0.2436
HEARTS EIGHT DIAMONDS SIX,0.6508,0.0542,0.295
HEARTS NINE DIAMONDS SIX,0.6824,0.0602,0.2574
HEARTS SEVEN DIAMONDS SIX,0.6456,0.0606,0.2938
HEARTS TEN DIAMONDS SEVEN,0.5632,0.016,0.4208
CLUBS TWO DIAMONDS SIX,0.697,0.0634,0.2396
HEARTS JACK DIAMONDS SEVEN,0.2116,0.295,0.4934
CLUBS THREE DIAMONDS SIX,0.6666,0.073,0.2604
CLUBS SEVEN DIAMONDS SIX,0.6342,0.0566,0.3092
DIAMONDS EIGHT CLUBS JACK,0.2238,0.2108,0.5654
CLUBS SIX DIAMONDS SIX,0.2806,0.0398,0.6796
CLUBS TEN DIAMONDS EIGHT,0.5624,0.0174,0.4202
CLUBS FIVE DIAMONDS SIX,0.6578,0.0558,0.2864
CLUBS FOUR DIAMONDS SIX,0.6692,0.0582,0.2726
HEARTS ACE HEARTS JACK,0.2088,0.0198,0.7714
DIAMONDS EIGHT CLUBS ACE,0.3548,0.0038,0.6414
HEARTS QUEEN HEARTS JACK,0.2162,0.0416,0.7422
DIAMONDS EIGHT CLUBS KING,0.3646,0.0068,0.6286
CLUBS NINE DIAMONDS SIX,0.687,0.0546,0.2584
HEARTS KING HEARTS JACK,0.2178,0.0294,0.7528
DIAMONDS EIGHT CLUBS QUEEN,0.3568,0.0126,0.6306
CLUBS EIGHT DIAMONDS SIX,0.6686,0.058,0.2734
SPADES TEN HEARTS KING,0.3338,0.0068,0.6594
SPADES FIVE DIAMONDS SIX,0.6592,0.0608,0.28
HEARTS ACE SPADES TWO,0.3802,0.0054,0.6144
SPADES FOUR DIAMONDS SIX,0.6618,0.0648,0.2734
SPADES THREE DIAMONDS SIX,0.6906,0.0612,0.2482
HEARTS QUEEN SPADES TWO,0.4014,0.013,0.5856
SPADES ACE SPADES KING,0.3022,0.0036,0.6942
SPADES TWO HEARTS KING,0.41,0.0092,0.5808
SPADES TWO DIAMONDS SIX,0.698,0.0676,0.2344
HEARTS TEN HEARTS EIGHT,0.52,0.0156,0.4644
SPADES NINE DIAMONDS SIX,0.6718,0.059,0.2692
HEARTS JACK HEARTS EIGHT,0.2192,0.2134,0.5674
SPADES EIGHT DIAMONDS SIX,0.6746,0.058,0.2674
SPADES SEVEN DIAMONDS SIX,0.6548,0.0526,0.2926
SPADES SIX DIAMONDS SIX,0.2944,0.04,0.6656
SPADES KING HEARTS KING,0.1322,0.009,0.8588
SPADES QUEEN HEARTS KING,0.3096,0.0062,0.6842
CLUBS ACE CLUBS KING,0.313,0.0032,0.6838
SPADES ACE HEARTS KING,0.309,0.0038,0.6872
SPADES ACE HEARTS JACK,0.2138,0.0202,0.766
SPADES QUEEN HEARTS JACK,0.218,0.0374,0.7446
SPADES KING HEARTS JACK,0.2168,0.0294,0.7538
SPADES TEN DIAMONDS TEN,0.2728,0.0196,0.7076
SPADES ACE DIAMONDS TEN,0.3362,0.0034,0.6604
SPADES TEN HEARTS JACK,0.2272,0.1222,0.6506
SPADES QUEEN DIAMONDS TEN,0.323,0.0088,0.6682
SPADES KING DIAMONDS TEN,0.3384,0.0064,0.6552
SPADES NINE DIAMONDS SEVEN,0.5722,0.0146,0.4132
SPADES EIGHT DIAMONDS SEVEN,0.5694,0.0172,0.4134
SPADES SEVEN DIAMONDS SEVEN,0.3024,0.0374,0.6602
SPADES SIX DIAMONDS SEVEN,0.6608,0.0578,0.2814
DIAMONDS KING DIAMONDS SEVEN,0.3362,0.0054,0.6584
HEARTS THREE DIAMONDS SEVEN,0.6244,0.0206,0.355
HEARTS KING DIAMONDS FIVE,0.394,0.0072,0.5988
DIAMONDS QUEEN DIAMONDS SEVEN,0.345,0.012,0.643
HEARTS TWO DIAMONDS SEVEN,0.6386,0.0182,0.3432
HEARTS QUEEN DIAMONDS FIVE,0.3904,0.0136,0.596
HEARTS FIVE DIAMONDS SEVEN,0.5994,0.0198,0.3808
DIAMONDS ACE DIAMONDS SEVEN,0.3278,0.0046,0.6676
HEARTS FOUR DIAMONDS SEVEN,0.6054,0.0178,0.3768
HEARTS ACE DIAMONDS FIVE,0.3788,0.0044,0.6168
HEARTS SEVEN DIAMONDS SEVEN,0.2942,0.0342,0.6716
DIAMONDS SEVEN HEARTS NINE,0.5798,0.0188,0.4014
HEARTS EIGHT DIAMONDS SEVEN,0.5474,0.0172,0.4354
DIAMONDS JACK DIAMONDS SEVEN,0.2066,0.291,0.5024
DIAMONDS FIVE HEARTS JACK,0.3672,0.3928,0.24
DIAMONDS TEN DIAMONDS SEVEN,0.5374,0.0164,0.4462
HEARTS TEN DIAMONDS FIVE,0.6244,0.0152,0.3604
SPADES KING CLUBS TWO,0.3946,0.0088,0.5966
HEARTS KING CLUBS KING,0.1252,0.0066,0.8682
CLUBS EIGHT DIAMONDS SEVEN,0.5546,0.0156,0.4298
SPADES QUEEN CLUBS TWO,0.4028,0.0096,0.5876
HEARTS KING CLUBS QUEEN,0.3122,0.0068,0.681
CLUBS NINE DIAMONDS SEVEN,0.5566,0.0174,0.426
SPADES TWO CLUBS JACK,0.3938,0.3838,0.2224
SPADES ACE CLUBS TWO,0.3804,0.004,0.6156
CLUBS TEN SPADES TWO,0.6326,0.0168,0.3506
HEARTS KING CLUBS ACE,0.326,0.0038,0.6702
CLUBS SEVEN CLUBS SIX,0.6094,0.0562,0.3344
SPADES TWO CLUBS KING,0.407,0.0062,0.5868
SPADES TWO DIAMONDS SEVEN,0.6334,0.0188,0.3478
CLUBS EIGHT CLUBS SIX,0.622,0.0558,0.3222
SPADES THREE DIAMONDS SEVEN,0.6202,0.019,0.3608
SPADES TWO CLUBS QUEEN,0.4024,0.009,0.5886
CLUBS NINE CLUBS SIX,0.6282,0.0508,0.321
SPADES FOUR DIAMONDS SEVEN,0.6112,0.0204,0.3684
HEARTS KING CLUBS JACK,0.2306,0.0342,0.7352
SPADES FIVE DIAMONDS SEVEN,0.589,0.0178,0.3932
SPADES TWO CLUBS ACE,0.3928,0.0044,0.6028
CLUBS TEN HEARTS KING,0.3378,0.008,0.6542
CLUBS SIX SPADES TWO,0.69,0.0604,0.2496
CLUBS SIX SPADES THREE,0.6914,0.0602,0.2484
CLUBS TWO DIAMONDS SEVEN,0.6302,0.0184,0.3514
CLUBS SIX SPADES FOUR,0.6624,0.066,0.2716
CLUBS THREE DIAMONDS SEVEN,0.6008,0.021,0.3782
CLUBS SIX SPADES FIVE,0.663,0.0566,0.2804
CLUBS FOUR DIAMONDS SEVEN,0.6,0.0176,0.3824
CLUBS SIX SPADES SIX,0.2954,0.0354,0.6692
CLUBS FIVE DIAMONDS SEVEN,0.595,0.0154,0.3896
CLUBS SIX SPADES SEVEN,0.6566,0.0574,0.286
CLUBS SIX DIAMONDS SEVEN,0.6486,0.0566,0.2948
SPADES EIGHT CLUBS SIX,0.6714,0.0542,0.2744
CLUBS SEVEN DIAMONDS SEVEN,0.295,0.0362,0.6688
SPADES NINE CLUBS SIX,0.6854,0.055,0.2596
SPADES TEN CLUBS TWO,0.6216,0.0186,0.3598
CLUBS TWO CLUBS QUEEN,0.3866,0.0118,0.6016
CLUBS TWO CLUBS KING,0.3682,0.0064,0.6254
CLUBS THREE DIAMONDS EIGHT,0.626,0.0182,0.3558
CLUBS TWO CLUBS ACE,0.357,0.0044,0.6386
CLUBS TWO DIAMONDS EIGHT,0.6194,0.019,0.3616
HEARTS SEVEN DIAMONDS EIGHT,0.551,0.0126,0.4364
DIAMONDS EIGHT HEARTS NINE,0.5386,0.0152,0.4462
CLUBS TEN CLUBS TWO,0.6018,0.0188,0.3794
DIAMONDS EIGHT HEARTS EIGHT,0.2884,0.0324,0.6792
CLUBS TWO CLUBS JACK,0.3668,0.362,0.2712
CLUBS NINE DIAMONDS EIGHT,0.54,0.0158,0.4442
CLUBS EIGHT DIAMONDS EIGHT,0.289,0.033,0.678
CLUBS FIVE DIAMONDS EIGHT,0.6102,0.0164,0.3734
SPADES ACE SPADES THREE,0.3694,0.006,0.6246
CLUBS FOUR DIAMONDS EIGHT,0.6142,0.0186,0.3672
CLUBS SEVEN DIAMONDS EIGHT,0.5372,0.019,0.4438
SPADES QUEEN SPADES THREE,0.369,0.0088,0.6222
CLUBS SIX DIAMONDS EIGHT,0.662,0.0532,0.2848
SPADES KING SPADES THREE,0.3854,0.01,0.6046
DIAMONDS QUEEN DIAMONDS EIGHT,0.3204,0.0098,0.6698
HEARTS TWO DIAMONDS EIGHT,0.6216,0.0204,0.358
DIAMONDS KING DIAMONDS EIGHT,0.3508,0.007,0.6422
HEARTS THREE DIAMONDS EIGHT,0.631,0.0202,0.3488
DIAMONDS ACE DIAMONDS EIGHT,0.3288,0.0044,0.6668
HEARTS FOUR DIAMONDS EIGHT,0.626,0.018,0.356
HEARTS FIVE DIAMONDS EIGHT,0.6094,0.0184,0.3722
DIAMONDS EIGHT DIAMONDS TEN,0.531,0.0174,0.4516
DIAMONDS EIGHT DIAMONDS JACK,0.2128,0.21,0.5772
SPADES TEN SPADES THREE,0.5932,0.0196,0.3872
CLUBS FOUR HEARTS ACE,0.3792,0.0042,0.6166
CLUBS FOUR HEARTS QUEEN,0.3848,0.0126,0.6026
CLUBS FOUR HEARTS KING,0.4052,0.0048,0.59
CLUBS SIX HEARTS TEN,0.6992,0.0592,0.2416
CLUBS SIX HEARTS JACK,0.0108,0.971,0.0182
SPADES FOUR DIAMONDS EIGHT,0.6112,0.0196,0.3692
SPADES FIVE DIAMONDS EIGHT,0.5982,0.0248,0.377
DIAMONDS EIGHT SPADES TWO,0.6274,0.0182,0.3544
DIAMONDS EIGHT SPADES THREE,0.6422,0.016,0.3418
CLUBS FOUR HEARTS JACK,0.3778,0.389,0.2332
SPADES EIGHT DIAMONDS EIGHT,0.293,0.0332,0.6738
SPADES TEN HEARTS TWO,0.6362,0.0174,0.3464
SPADES TEN DIAMONDS QUEEN,0.3328,0.011,0.6562
CLUBS FOUR HEARTS TEN,0.6198,0.0188,0.3614
SPADES NINE DIAMONDS EIGHT,0.5608,0.0162,0.423
SPADES TEN HEARTS EIGHT,0.5582,0.0176,0.4242
SPADES SIX DIAMONDS EIGHT,0.661,0.0606,0.2784
SPADES SEVEN DIAMONDS EIGHT,0.5512,0.0158,0.433
SPADES ACE HEARTS TWO,0.387,0.0068,0.6062
SPADES ACE DIAMONDS QUEEN,0.3216,0.0028,0.6756
SPADES ACE HEARTS EIGHT,0.3372,0.004,0.6588
SPADES KING HEARTS EIGHT,0.3484,0.0068,0.6448
SPADES QUEEN HEARTS TWO,0.3932,0.0088,0.598
SPADES QUEEN DIAMONDS QUEEN,0.1386,0.0104,0.851
SPADES KING DIAMONDS QUEEN,0.311,0.0078,0.6812
SPADES KING HEARTS TWO,0.4074,0.0066,0.586
SPADES QUEEN HEARTS EIGHT,0.3334,0.0122,0.6544
CLUBS TWO HEARTS TEN,0.6278,0.0178,0.3544
CLUBS TWO HEARTS JACK,0.3798,0.382,0.2382
SPADES SEVEN DIAMONDS NINE,0.5716,0.0158,0.4126
SPADES SIX DIAMONDS NINE,0.6902,0.0554,0.2544
SPADES NINE DIAMONDS NINE,0.2796,0.0268,0.6936
SPADES EIGHT DIAMONDS NINE,0.5602,0.016,0.4238
SPADES TEN CLUBS KING,0.3304,0.0074,0.6622
DIAMONDS NINE SPADES THREE,0.6216,0.0198,0.3586
DIAMONDS NINE SPADES TWO,0.6326,0.0196,0.3478
SPADES FIVE DIAMONDS NINE,0.6132,0.0192,0.3676
DIAMONDS NINE SPADES FOUR,0.6228,0.016,0.3612
CLUBS NINE DIAMONDS NINE,0.2974,0.0238,0.6788
CLUBS EIGHT DIAMONDS NINE,0.5422,0.015,0.4428
CLUBS SIX DIAMONDS NINE,0.6956,0.0534,0.251
CLUBS SEVEN DIAMONDS NINE,0.5494,0.0126,0.438
SPADES TEN CLUBS FOUR,0.6236,0.0156,0.3608
CLUBS FOUR DIAMONDS NINE,0.619,0.0192,0.3618
CLUBS FIVE DIAMONDS NINE,0.6162,0.018,0.3658
DIAMONDS NINE CLUBS TWO,0.6198,0.016,0.3642
CLUBS THREE DIAMONDS NINE,0.6116,0.017,0.3714
DIAMONDS NINE HEARTS EIGHT,0.5584,0.015,0.4266
DIAMONDS NINE HEARTS NINE,0.2792,0.0242,0.6966
HEARTS SEVEN DIAMONDS NINE,0.5758,0.0138,0.4104
CLUBS NINE CLUBS EIGHT,0.522,0.0166,0.4614
DIAMONDS ACE DIAMONDS NINE,0.33,0.004,0.666
HEARTS FOUR DIAMONDS NINE,0.6414,0.0164,0.3422
HEARTS FIVE DIAMONDS NINE,0.6074,0.0166,0.376
HEARTS ACE CLUBS TWO,0.398,0.0038,0.5982
SPADES ACE CLUBS FOUR,0.3666,0.0038,0.6296
DIAMONDS QUEEN DIAMONDS NINE,0.318,0.0082,0.6738
HEARTS TWO DIAMONDS NINE,0.6308,0.0192,0.35
CLUBS TWO HEARTS KING,0.3906,0.0074,0.602
SPADES KING CLUBS FOUR,0.3862,0.0078,0.606
DIAMONDS KING DIAMONDS NINE,0.3316,0.0062,0.6622
HEARTS THREE DIAMONDS NINE,0.6228,0.0172,0.36
CLUBS TWO HEARTS QUEEN,0.3806,0.012,0.6074
SPADES QUEEN CLUBS FOUR,0.394,0.0108,0.5952
DIAMONDS NINE DIAMONDS JACK,0.218,0.1562,0.6258
CLUBS EIGHT SPADES NINE,0.5682,0.0144,0.4174
DIAMONDS NINE DIAMONDS TEN,0.5104,0.0144,0.4752
CLUBS EIGHT SPADES EIGHT,0.2986,0.0318,0.6696
CLUBS EIGHT SPADES SEVEN,0.5674,0.016,0.4166
CLUBS EIGHT SPADES SIX,0.6624,0.0622,0.2754
CLUBS EIGHT SPADES FIVE,0.6058,0.018,0.3762
CLUBS EIGHT SPADES FOUR,0.6188,0.0176,0.3636
CLUBS EIGHT SPADES THREE,0.6358,0.0178,0.3464
CLUBS EIGHT SPADES TWO,0.6232,0.0174,0.3594
HEARTS SEVEN DIAMONDS TEN,0.5764,0.0172,0.4064
DIAMONDS TEN HEARTS EIGHT,0.5624,0.014,0.4236
CLUBS FOUR CLUBS JACK,0.3624,0.3612,0.2764
DIAMONDS TEN HEARTS NINE,0.5304,0.0134,0.4562
CLUBS TEN CLUBS FOUR,0.576,0.0174,0.4066
CLUBS FOUR CLUBS KING,0.3696,0.0068,0.6236
CLUBS FOUR CLUBS QUEEN,0.3682,0.0112,0.6206
CLUBS TWO DIAMONDS TEN,0.6286,0.0156,0.3558
CLUBS THREE DIAMONDS TEN,0.6242,0.0174,0.3584
CLUBS FOUR CLUBS ACE,0.3682,0.0044,0.6274
DIAMONDS JACK DIAMONDS TEN,0.2168,0.1156,0.6676
DIAMONDS QUEEN DIAMONDS TEN,0.3106,0.0098,0.6796
HEARTS TWO DIAMONDS TEN,0.6214,0.02,0.3586
DIAMONDS KING DIAMONDS TEN,0.3186,0.0044,0.677
HEARTS THREE DIAMONDS TEN,0.631,0.0196,0.3494
DIAMONDS ACE DIAMONDS TEN,0.33,0.004,0.666
HEARTS FOUR DIAMONDS TEN,0.6284,0.015,0.3566
CLUBS EIGHT HEARTS JACK,0.2274,0.2226,0.55
HEARTS FIVE DIAMONDS TEN,0.6234,0.0144,0.3622
CLUBS EIGHT HEARTS TEN,0.5636,0.0184,0.418
CLUBS EIGHT HEARTS QUEEN,0.3366,0.0132,0.6502
CLUBS EIGHT HEARTS KING,0.3664,0.007,0.6266
CLUBS EIGHT HEARTS ACE,0.3432,0.0038,0.653
CLUBS NINE SPADES THREE,0.6246,0.018,0.3574
CLUBS NINE SPADES TWO,0.6226,0.0152,0.3622
CLUBS NINE SPADES FIVE,0.6122,0.0166,0.3712
CLUBS NINE SPADES FOUR,0.6302,0.0204,0.3494
CLUBS NINE SPADES SEVEN,0.5532,0.0196,0.4272
CLUBS NINE SPADES SIX,0.6824,0.0558,0.2618
CLUBS NINE SPADES NINE,0.286,0.0284,0.6856
CLUBS TEN HEARTS EIGHT,0.5576,0.0146,0.4278
CLUBS NINE SPADES EIGHT,0.5528,0.0184,0.4288
HEARTS EIGHT CLUBS JACK,0.221,0.2218,0.5572
CLUBS QUEEN HEARTS EIGHT,0.3364,0.0106,0.653
CLUBS KING HEARTS EIGHT,0.3576,0.0062,0.6362
CLUBS ACE HEARTS EIGHT,0.3428,0.002,0.6552
SPADES KING CLUBS KING,0.1302,0.0082,0.8616
SPADES QUEEN CLUBS KING,0.3192,0.0058,0.675
SPADES ACE CLUBS KING,0.3158,0.0038,0.6804
DIAMONDS ACE HEARTS TEN,0.3482,0.004,0.6478
HEARTS FOUR HEARTS TEN,0.5814,0.0172,0.4014
DIAMONDS ACE HEARTS JACK,0.221,0.0212,0.7578
HEARTS FOUR HEARTS JACK,0.365,0.376,0.259
SPADES KING CLUBS FIVE,0.392,0.008,0.6
SPADES QUEEN CLUBS FIVE,0.3782,0.0092,0.6126
SPADES ACE CLUBS FIVE,0.373,0.0034,0.6236
HEARTS SEVEN DIAMONDS JACK,0.2204,0.2966,0.483
DIAMONDS JACK HEARTS NINE,0.2354,0.1724,0.5922
DIAMONDS JACK HEARTS EIGHT,0.2212,0.2264,0.5524
DIAMONDS KING DIAMONDS JACK,0.2264,0.0324,0.7412
HEARTS THREE DIAMONDS JACK,0.392,0.388,0.22
SPADES ACE SPADES SIX,0.2338,0.0224,0.7438
HEARTS ACE SPADES FOUR,0.388,0.0064,0.6056
DIAMONDS QUEEN DIAMONDS JACK,0.2198,0.0364,0.7438
HEARTS TWO DIAMONDS JACK,0.389,0.3926,0.2184
HEARTS FIVE DIAMONDS JACK,0.4044,0.3762,0.2194
SPADES QUEEN SPADES SIX,0.2238,0.048,0.7282
SPADES FOUR HEARTS QUEEN,0.3934,0.0124,0.5942
DIAMONDS ACE DIAMONDS JACK,0.221,0.0206,0.7584
HEARTS FOUR DIAMONDS JACK,0.3942,0.3888,0.217
SPADES KING SPADES SIX,0.2386,0.0346,0.7268
SPADES FOUR HEARTS KING,0.398,0.0078,0.5942
SPADES TEN SPADES SIX,0.6588,0.0632,0.278
SPADES FOUR DIAMONDS JACK,0.399,0.3856,0.2154
SPADES FIVE DIAMONDS JACK,0.3872,0.3886,0.2242
DIAMONDS JACK SPADES TWO,0.3948,0.3808,0.2244
SPADES THREE DIAMONDS JACK,0.4042,0.3816,0.2142
SPADES ACE DIAMONDS THREE,0.3946,0.0048,0.6006
SPADES QUEEN DIAMONDS THREE,0.3872,0.0126,0.6002
CLUBS EIGHT DIAMONDS JACK,0.2314,0.2202,0.5484
SPADES KING DIAMONDS THREE,0.3828,0.0078,0.6094
CLUBS NINE DIAMONDS JACK,0.2146,0.1666,0.6188
CLUBS SIX DIAMONDS JACK,0.0206,0.9576,0.0218
CLUBS SEVEN DIAMONDS JACK,0.2204,0.295,0.4846
CLUBS FOUR DIAMONDS JACK,0.4058,0.3788,0.2154
CLUBS FIVE DIAMONDS JACK,0.391,0.3784,0.2306
CLUBS TWO DIAMONDS JACK,0.4038,0.3776,0.2186
CLUBS THREE DIAMONDS JACK,0.3946,0.3838,0.2216
SPADES TEN CLUBS FIVE,0.6246,0.0178,0.3576
CLUBS SEVEN CLUBS ACE,0.3312,0.0032,0.6656
SPADES TEN DIAMONDS THREE,0.6264,0.0148,0.3588
CLUBS SEVEN CLUBS QUEEN,0.3334,0.011,0.6556
CLUBS SEVEN CLUBS KING,0.3324,0.005,0.6626
SPADES NINE DIAMONDS JACK,0.2296,0.1638,0.6066
CLUBS TEN CLUBS SEVEN,0.5414,0.014,0.4446
DIAMONDS ACE HEARTS ACE,0.1224,0.0052,0.8724
HEARTS FOUR HEARTS ACE,0.3632,0.0028,0.634
SPADES EIGHT DIAMONDS JACK,0.2284,0.2218,0.5498
CLUBS SEVEN CLUBS JACK,0.2144,0.2724,0.5132
DIAMONDS ACE HEARTS KING,0.3174,0.0042,0.6784
HEARTS FOUR HEARTS KING,0.3832,0.0086,0.6082
SPADES SEVEN DIAMONDS JACK,0.2138,0.3018,0.4844
DIAMONDS ACE HEARTS QUEEN,0.3088,0.005,0.6862
HEARTS FOUR HEARTS QUEEN,0.3752,0.0128,0.612
SPADES SIX DIAMONDS JACK,0.0164,0.9736,0.01
SPADES TWO DIAMONDS TEN,0.6456,0.0182,0.3362
SPADES THREE DIAMONDS TEN,0.6264,0.02,0.3536
SPADES FOUR DIAMONDS TEN,0.6258,0.0202,0.354
SPADES FIVE DIAMONDS TEN,0.6216,0.0154,0.363
SPADES SIX DIAMONDS TEN,0.69,0.059,0.251
SPADES SEVEN DIAMONDS TEN,0.5712,0.02,0.4088
SPADES EIGHT DIAMONDS TEN,0.5666,0.0172,0.4162
SPADES NINE DIAMONDS TEN,0.5496,0.0138,0.4366
CLUBS FOUR DIAMONDS TEN,0.6332,0.016,0.3508
CLUBS FIVE DIAMONDS TEN,0.6144,0.0174,0.3682
CLUBS SIX DIAMONDS TEN,0.6884,0.0616,0.25
CLUBS SEVEN DIAMONDS TEN,0.5712,0.0146,0.4142
CLUBS EIGHT DIAMONDS TEN,0.5652,0.0154,0.4194
CLUBS NINE DIAMONDS TEN,0.533,0.0142,0.4528
DIAMONDS THREE CLUBS JACK,0.3856,0.3932,0.2212
CLUBS TEN DIAMONDS THREE,0.6202,0.02,0.3598
DIAMONDS THREE CLUBS KING,0.3942,0.0086,0.5972
DIAMONDS THREE CLUBS QUEEN,0.3988,0.0104,0.5908
DIAMONDS THREE CLUBS ACE,0.3986,0.004,0.5974
SPADES FOUR HEARTS JACK,0.3808,0.3944,0.2248
SPADES FOUR HEARTS TEN,0.6192,0.018,0.3628
SPADES FIVE SPADES TWO,0.602,0.0192,0.3788
SPADES FOUR SPADES TWO,0.6076,0.0192,0.3732
SPADES THREE SPADES TWO,0.603,0.0184,0.3786
SPADES NINE SPADES TWO,0.598,0.0196,0.3824
SPADES EIGHT SPADES TWO,0.5954,0.0182,0.3864
SPADES SEVEN SPADES TWO,0.6066,0.0158,0.3776
SPADES SIX SPADES TWO,0.6724,0.0554,0.2722
DIAMONDS QUEEN CLUBS THREE,0.3914,0.01,0.5986
CLUBS THREE HEARTS TWO,0.631,0.0214,0.3476
DIAMONDS QUEEN CLUBS TWO,0.396,0.0102,0.5938
HEARTS TWO CLUBS TWO,0.4206,0.0424,0.537
HEARTS SEVEN DIAMONDS QUEEN,0.3646,0.0116,0.6238
HEARTS SEVEN HEARTS TWO,0.5976,0.0176,0.3848
DIAMONDS QUEEN HEARTS NINE,0.3486,0.0086,0.6428
HEARTS TWO HEARTS NINE,0.5912,0.0182,0.3906
DIAMONDS QUEEN HEARTS EIGHT,0.3296,0.0102,0.6602
HEARTS TWO HEARTS EIGHT,0.5952,0.017,0.3878
CLUBS NINE HEARTS TWO,0.6196,0.0168,0.3636
CLUBS NINE DIAMONDS QUEEN,0.342,0.0098,0.6482
CLUBS EIGHT HEARTS TWO,0.6304,0.02,0.3496
CLUBS EIGHT DIAMONDS QUEEN,0.3516,0.0098,0.6386
CLUBS FIVE DIAMONDS QUEEN,0.3796,0.0092,0.6112
CLUBS FIVE HEARTS TWO,0.633,0.024,0.343
SPADES EIGHT HEARTS ACE,0.3462,0.0036,0.6502
DIAMONDS QUEEN CLUBS FOUR,0.3872,0.0096,0.6032
HEARTS TWO CLUBS FOUR,0.64,0.0204,0.3396
CLUBS SEVEN DIAMONDS QUEEN,0.3702,0.0108,0.619
CLUBS SEVEN HEARTS TWO,0.6306,0.019,0.3504
SPADES EIGHT HEARTS QUEEN,0.3496,0.0118,0.6386
CLUBS SIX DIAMONDS QUEEN,0.2486,0.0464,0.705
CLUBS SIX HEARTS TWO,0.6982,0.0588,0.243
SPADES EIGHT HEARTS KING,0.3548,0.0064,0.6388
DIAMONDS QUEEN SPADES SIX,0.2432,0.0508,0.706
HEARTS TWO SPADES SIX,0.708,0.0658,0.2262
HEARTS FOUR CLUBS QUEEN,0.3938,0.008,0.5982
DIAMONDS ACE CLUBS QUEEN,0.3144,0.0042,0.6814
DIAMONDS QUEEN SPADES SEVEN,0.371,0.0124,0.6166
SPADES SEVEN HEARTS TWO,0.6218,0.0168,0.3614
HEARTS FOUR CLUBS KING,0.3846,0.0086,0.6068
DIAMONDS ACE CLUBS KING,0.332,0.003,0.665
SPADES EIGHT DIAMONDS QUEEN,0.3508,0.0086,0.6406
SPADES EIGHT HEARTS TWO,0.63,0.0162,0.3538
HEARTS FOUR CLUBS ACE,0.3942,0.0038,0.602
DIAMONDS ACE CLUBS ACE,0.1322,0.0018,0.866
SPADES NINE DIAMONDS QUEEN,0.3388,0.008,0.6532
SPADES NINE HEARTS TWO,0.6454,0.0176,0.337
HEARTS TWO SPADES TWO,0.4014,0.0478,0.5508
DIAMONDS QUEEN SPADES TWO,0.3872,0.015,0.5978
HEARTS TWO SPADES THREE,0.6458,0.0212,0.333
DIAMONDS QUEEN SPADES THREE,0.4044,0.008,0.5876
HEARTS TWO SPADES FOUR,0.6372,0.0222,0.3406
DIAMONDS QUEEN SPADES FOUR,0.3974,0.0136,0.589
HEARTS FOUR CLUBS TEN,0.6286,0.015,0.3564
CLUBS TEN DIAMONDS ACE,0.3468,0.004,0.6492
HEARTS TWO SPADES FIVE,0.6472,0.0184,0.3344
DIAMONDS QUEEN SPADES FIVE,0.3886,0.0124,0.599
HEARTS FOUR CLUBS JACK,0.3896,0.3908,0.2196
DIAMONDS ACE CLUBS JACK,0.229,0.0216,0.7494
CLUBS FIVE CLUBS KING,0.3622,0.009,0.6288
CLUBS FIVE CLUBS QUEEN,0.3562,0.0094,0.6344
CLUBS FIVE CLUBS ACE,0.3508,0.0054,0.6438
CLUBS FIVE CLUBS JACK,0.3718,0.3558,0.2724
CLUBS TEN CLUBS FIVE,0.5876,0.0164,0.396
SPADES KING CLUBS JACK,0.2204,0.031,0.7486
SPADES QUEEN CLUBS JACK,0.2264,0.0392,0.7344
SPADES ACE CLUBS JACK,0.2258,0.022,0.7522
SPADES SIX CLUBS KING,0.2418,0.0388,0.7194
SPADES SIX CLUBS QUEEN,0.2266,0.0504,0.723
SPADES EIGHT HEARTS JACK,0.2218,0.232,0.5462
SPADES SIX CLUBS ACE,0.2362,0.0256,0.7382
SPADES EIGHT HEARTS TEN,0.5742,0.0174,0.4084
SPADES SIX CLUBS JACK,0.018,0.9688,0.0132
CLUBS TEN SPADES SIX,0.695,0.0602,0.2448
SPADES TEN CLUBS JACK,0.2354,0.1248,0.6398
SPADES QUEEN CLUBS SEVEN,0.3544,0.0112,0.6344
SPADES KING CLUBS SEVEN,0.3412,0.0076,0.6512
SPADES ACE CLUBS SEVEN,0.3454,0.0036,0.651
SPADES SIX HEARTS TEN,0.69,0.06,0.25
SPADES SIX HEARTS JACK,0.0076,0.9862,0.0062
SPADES SIX HEARTS ACE,0.236,0.0256,0.7384
SPADES SIX HEARTS KING,0.231,0.0374,0.7316
SPADES SIX HEARTS QUEEN,0.2268,0.0452,0.728
CLUBS SEVEN SPADES TEN,0.5772,0.0178,0.405
CLUBS ACE CLUBS JACK,0.2114,0.02,0.7686
CLUBS QUEEN CLUBS JACK,0.2142,0.0436,0.7422
CLUBS KING CLUBS JACK,0.2154,0.0316,0.753
DIAMONDS THREE HEARTS ACE,0.38,0.0046,0.6154
DIAMONDS THREE HEARTS QUEEN,0.3986,0.0116,0.5898
DIAMONDS THREE HEARTS KING,0.3914,0.007,0.6016
CLUBS FIVE HEARTS JACK,0.3762,0.4054,0.2184
HEARTS FOUR SPADES TEN,0.6268,0.0188,0.3544
SPADES TEN DIAMONDS ACE,0.3492,0.0036,0.6472
CLUBS FIVE HEARTS TEN,0.6198,0.0176,0.3626
SPADES ACE HEARTS FOUR,0.3924,0.005,0.6026
SPADES ACE DIAMONDS ACE,0.1192,0.003,0.8778
CLUBS FIVE HEARTS ACE,0.3718,0.0032,0.625
CLUBS FIVE HEARTS KING,0.3716,0.0068,0.6216
HEARTS FOUR SPADES QUEEN,0.3938,0.0122,0.594
SPADES QUEEN DIAMONDS ACE,0.3208,0.0042,0.675
SPADES FOUR CLUBS JACK,0.3986,0.383,0.2184
CLUBS FIVE HEARTS QUEEN,0.3854,0.013,0.6016
SPADES KING DIAMONDS ACE,0.3152,0.0054,0.6794
HEARTS FOUR SPADES KING,0.392,0.007,0.601
CLUBS TEN SPADES FOUR,0.6248,0.0192,0.356
DIAMONDS QUEEN DIAMONDS ACE,0.3016,0.0044,0.694
HEARTS TWO DIAMONDS ACE,0.3894,0.0046,0.606
HEARTS FOUR DIAMONDS QUEEN,0.397,0.0114,0.5916
HEARTS FOUR HEARTS TWO,0.6074,0.0192,0.3734
DIAMONDS THREE HEARTS TEN,0.6104,0.0194,0.3702
SPADES FOUR CLUBS KING,0.3922,0.0086,0.5992
HEARTS FIVE DIAMONDS QUEEN,0.3926,0.0112,0.5962
HEARTS FIVE HEARTS TWO,0.6008,0.0214,0.3778
DIAMONDS THREE HEARTS JACK,0.3974,0.3806,0.222
SPADES FOUR CLUBS QUEEN,0.3906,0.0118,0.5976
DIAMONDS QUEEN HEARTS TWO,0.384,0.0114,0.6046
DIAMONDS KING DIAMONDS QUEEN,0.2924,0.004,0.7036
DIAMONDS KING HEARTS TWO,0.3938,0.0068,0.5994
HEARTS THREE DIAMONDS QUEEN,0.386,0.0136,0.6004
HEARTS THREE HEARTS TWO,0.6182,0.0196,0.3622
SPADES FOUR CLUBS ACE,0.3936,0.0042,0.6022
HEARTS TWO CLUBS ACE,0.3974,0.0048,0.5978
DIAMONDS QUEEN CLUBS ACE,0.3144,0.002,0.6836
HEARTS TWO CLUBS QUEEN,0.4084,0.0124,0.5792
DIAMONDS QUEEN CLUBS QUEEN,0.1572,0.0092,0.8336
HEARTS TWO CLUBS KING,0.4126,0.0062,0.5812
DIAMONDS QUEEN CLUBS KING,0.329,0.0064,0.6646
SPADES EIGHT SPADES FIVE,0.57,0.0176,0.4124
CLUBS TEN HEARTS TWO,0.6204,0.0202,0.3594
CLUBS TEN DIAMONDS QUEEN,0.3216,0.009,0.6694
SPADES NINE SPADES FIVE,0.5886,0.0172,0.3942
HEARTS TWO CLUBS JACK,0.3882,0.3924,0.2194
DIAMONDS QUEEN CLUBS JACK,0.2246,0.037,0.7384
SPADES SIX SPADES FIVE,0.6264,0.0602,0.3134
SPADES SEVEN SPADES FIVE,0.5734,0.0158,0.4108
DIAMONDS FIVE CLUBS QUEEN,0.3856,0.0118,0.6026
SPADES EIGHT CLUBS ACE,0.3662,0.0018,0.632
DIAMONDS FIVE CLUBS KING,0.4014,0.007,0.5916
SPADES EIGHT CLUBS KING,0.3668,0.0056,0.6276
CLUBS ACE DIAMONDS FIVE,0.3854,0.0034,0.6112
SPADES EIGHT CLUBS QUEEN,0.3536,0.0096,0.6368
SPADES EIGHT CLUBS JACK,0.2274,0.2144,0.5582
CLUBS TEN SPADES EIGHT,0.5558,0.016,0.4282
CLUBS TEN DIAMONDS FIVE,0.627,0.0164,0.3566
DIAMONDS FIVE CLUBS JACK,0.3878,0.3768,0.2354
DIAMONDS TEN HEARTS JACK,0.2202,0.127,0.6528
DIAMONDS TEN HEARTS TEN,0.2738,0.0194,0.7068
SPADES ACE CLUBS NINE,0.3512,0.0038,0.645
