opposingHand,winningChance,drawChance,lostChance
HEARTS SEVEN SPADES TEN
SPADES JACK HEARTS FIVE,0.4236,0.0198,0.5566
SPADES FIVE CLUBS JACK,0.425,0.0162,0.5588
CLUBS TEN SPADES FIVE,0.4912,0.2874,0.2214
CLUBS EIGHT CLUBS JACK,0.3432,0.0174,0.6394
CLUBS TEN CLUBS EIGHT,0.208,0.2212,0.5708
CLUBS EIGHT CLUBS KING,0.3602,0.007,0.6328
SPADES FIVE CLUBS ACE,0.4096,0.0052,0.5852
CLUBS EIGHT CLUBS QUEEN,0.3462,0.0092,0.6446
SPADES FIVE CLUBS KING,0.4086,0.0062,0.5852
SPADES FIVE CLUBS QUEEN,0.425,0.009,0.566
CLUBS EIGHT CLUBS ACE,0.3506,0.0038,0.6456
DIAMONDS TWO DIAMONDS THREE,0.602,0.0246,0.3734
DIAMONDS TWO DIAMONDS FIVE,0.5852,0.0262,0.3886
SPADES KING HEARTS FIVE,0.4022,0.008,0.5898
DIAMONDS TWO DIAMONDS FOUR,0.5922,0.0252,0.3826
SPADES QUEEN HEARTS FIVE,0.4178,0.01,0.5722
DIAMONDS TWO DIAMONDS SEVEN,0.6434,0.084,0.2726
DIAMONDS TWO DIAMONDS SIX,0.6108,0.0258,0.3634
SPADES ACE HEARTS FIVE,0.4084,0.006,0.5856
DIAMONDS TWO DIAMONDS NINE,0.6042,0.025,0.3708
DIAMONDS TWO DIAMONDS EIGHT,0.5922,0.0264,0.3814
DIAMONDS THREE DIAMONDS FOUR,0.5752,0.0244,0.4004
SPADES FOUR CLUBS TWO,0.6334,0.0274,0.3392
DIAMONDS THREE DIAMONDS FIVE,0.5712,0.0282,0.4006
SPADES FIVE CLUBS TWO,0.63,0.0286,0.3414
CLUBS TWO SPADES TWO,0.4498,0.0542,0.496
CLUBS TWO SPADES THREE,0.6298,0.0274,0.3428
DIAMONDS THREE DIAMONDS EIGHT,0.6054,0.0272,0.3674
SPADES EIGHT CLUBS TWO,0.6424,0.028,0.3296
DIAMONDS THREE DIAMONDS NINE,0.5864,0.0278,0.3858
SPADES NINE CLUBS TWO,0.6314,0.0272,0.3414
DIAMONDS THREE DIAMONDS SIX,0.6062,0.0274,0.3664
SPADES SIX CLUBS TWO,0.6594,0.0254,0.3152
DIAMONDS THREE DIAMONDS SEVEN,0.6368,0.0798,0.2834
SPADES SEVEN CLUBS TWO,0.6984,0.085,0.2166
CLUBS SIX CLUBS TWO,0.616,0.0284,0.3556
CLUBS SEVEN CLUBS TWO,0.6506,0.0756,0.2738
CLUBS FOUR CLUBS TWO,0.5874,0.0258,0.3868
CLUBS FIVE CLUBS TWO,0.5946,0.0242,0.3812
CLUBS TEN CLUBS JACK,0.2182,0.056,0.7258
DIAMONDS FOUR DIAMONDS SIX,0.5832,0.0276,0.3892
CLUBS TEN CLUBS QUEEN,0.2264,0.043,0.7306
DIAMONDS FOUR DIAMONDS SEVEN,0.6294,0.0782,0.2924
CLUBS TEN CLUBS KING,0.2474,0.0292,0.7234
CLUBS TEN CLUBS ACE,0.242,0.0208,0.7372
CLUBS EIGHT CLUBS TWO,0.592,0.0264,0.3816
DIAMONDS FIVE DIAMONDS FOUR,0.5574,0.0314,0.4112
CLUBS NINE CLUBS TWO,0.5992,0.0268,0.374
DIAMONDS NINE DIAMONDS FOUR,0.5804,0.029,0.3906
DIAMONDS EIGHT DIAMONDS FOUR,0.5924,0.028,0.3796
CLUBS THREE CLUBS TWO,0.596,0.027,0.377
DIAMONDS NINE DIAMONDS FIVE,0.5866,0.0254,0.388
DIAMONDS TWO CLUBS JACK,0.4206,0.0156,0.5638
DIAMONDS EIGHT DIAMONDS FIVE,0.581,0.024,0.395
CLUBS TEN DIAMONDS TWO,0.5002,0.2816,0.2182
DIAMONDS FIVE DIAMONDS SEVEN,0.6142,0.081,0.3048
DIAMONDS FIVE DIAMONDS SIX,0.5594,0.0276,0.413
DIAMONDS TWO CLUBS ACE,0.4088,0.0046,0.5866
DIAMONDS TWO CLUBS KING,0.4362,0.0068,0.557
DIAMONDS TWO CLUBS QUEEN,0.424,0.0132,0.5628
DIAMONDS EIGHT DIAMONDS SIX,0.557,0.026,0.417
DIAMONDS NINE DIAMONDS SIX,0.5904,0.0238,0.3858
HEARTS ACE SPADES THREE,0.4146,0.002,0.5834
SPADES THREE HEARTS KING,0.4252,0.011,0.5638
DIAMONDS SEVEN DIAMONDS SIX,0.6052,0.0758,0.319
SPADES THREE HEARTS QUEEN,0.4224,0.0122,0.5654
SPADES THREE HEARTS JACK,0.427,0.0162,0.5568
SPADES THREE HEARTS TEN,0.4904,0.301,0.2086
DIAMONDS EIGHT DIAMONDS SEVEN,0.627,0.07,0.303
DIAMONDS NINE DIAMONDS SEVEN,0.6406,0.0722,0.2872
DIAMONDS NINE DIAMONDS EIGHT,0.5342,0.0258,0.44
DIAMONDS KING HEARTS TEN,0.251,0.0326,0.7164
HEARTS THREE HEARTS TEN,0.472,0.2746,0.2534
SPADES JACK CLUBS SIX,0.4114,0.0182,0.5704
DIAMONDS KING HEARTS JACK,0.326,0.0056,0.6684
HEARTS THREE HEARTS JACK,0.4042,0.02,0.5758
SPADES JACK SPADES FIVE,0.393,0.0194,0.5876
DIAMONDS KING HEARTS ACE,0.343,0.0028,0.6542
HEARTS THREE HEARTS ACE,0.3966,0.0056,0.5978
SPADES ACE CLUBS SIX,0.4104,0.0032,0.5864
DIAMONDS KING HEARTS QUEEN,0.326,0.007,0.667
HEARTS THREE HEARTS QUEEN,0.3968,0.0124,0.5908
SPADES KING CLUBS SIX,0.4044,0.0076,0.588
DIAMONDS KING HEARTS KING,0.1598,0.0094,0.8308
HEARTS THREE HEARTS KING,0.415,0.0072,0.5778
SPADES QUEEN CLUBS SIX,0.4124,0.0098,0.5778
SPADES NINE HEARTS TEN,0.2228,0.1628,0.6144
SPADES NINE HEARTS JACK,0.3544,0.0142,0.6314
SPADES QUEEN SPADES FIVE,0.4002,0.013,0.5868
SPADES KING SPADES FIVE,0.3864,0.0104,0.6032
SPADES ACE SPADES FIVE,0.3866,0.007,0.6064
SPADES NINE HEARTS QUEEN,0.3578,0.0118,0.6304
SPADES NINE HEARTS KING,0.377,0.0062,0.6168
SPADES NINE HEARTS ACE,0.3936,0.0062,0.6002
CLUBS TEN SPADES JACK,0.2354,0.0532,0.7114
SPADES ACE CLUBS TEN,0.2462,0.0178,0.736
SPADES KING CLUBS TEN,0.2646,0.0328,0.7026
CLUBS TEN SPADES QUEEN,0.2232,0.0478,0.729
SPADES FIVE HEARTS QUEEN,0.4144,0.0108,0.5748
SPADES FIVE HEARTS KING,0.4224,0.007,0.5706
SPADES FIVE HEARTS ACE,0.4058,0.0032,0.591
HEARTS THREE SPADES JACK,0.4188,0.0198,0.5614
SPADES JACK DIAMONDS KING,0.3314,0.0056,0.663
SPADES JACK CLUBS EIGHT,0.3544,0.017,0.6286
CLUBS SIX HEARTS ACE,0.3992,0.0034,0.5974
SPADES ACE CLUBS EIGHT,0.3778,0.0052,0.617
HEARTS FIVE CLUBS JACK,0.4172,0.021,0.5618
CLUBS TEN HEARTS FIVE,0.4918,0.2912,0.217
CLUBS SIX HEARTS QUEEN,0.401,0.0112,0.5878
SPADES QUEEN CLUBS EIGHT,0.3502,0.012,0.6378
CLUBS TEN SPADES THREE,0.4908,0.2898,0.2194
CLUBS SIX HEARTS KING,0.412,0.0082,0.5798
SPADES KING CLUBS EIGHT,0.3726,0.0076,0.6198
SPADES THREE CLUBS JACK,0.4326,0.0146,0.5528
DIAMONDS TWO HEARTS JACK,0.4198,0.0206,0.5596
SPADES THREE CLUBS QUEEN,0.4148,0.01,0.5752
DIAMONDS TWO HEARTS TEN,0.4802,0.2964,0.2234
SPADES THREE CLUBS KING,0.4284,0.0096,0.562
HEARTS FIVE CLUBS ACE,0.4102,0.0032,0.5866
SPADES FIVE HEARTS TEN,0.4838,0.3026,0.2136
SPADES THREE CLUBS ACE,0.4308,0.0038,0.5654
HEARTS FIVE CLUBS KING,0.4302,0.0068,0.563
SPADES FIVE HEARTS JACK,0.4112,0.0188,0.57
HEARTS FIVE CLUBS QUEEN,0.4216,0.0114,0.567
HEARTS THREE CLUBS KING,0.4276,0.0088,0.5636
DIAMONDS KING CLUBS KING,0.1704,0.006,0.8236
HEARTS THREE CLUBS QUEEN,0.4174,0.0104,0.5722
DIAMONDS KING CLUBS QUEEN,0.3318,0.0044,0.6638
HEARTS FIVE HEARTS JACK,0.3962,0.0176,0.5862
HEARTS FIVE HEARTS TEN,0.45,0.2832,0.2668
HEARTS THREE CLUBS ACE,0.4246,0.0036,0.5718
DIAMONDS KING CLUBS ACE,0.356,0.0026,0.6414
SPADES ACE CLUBS QUEEN,0.3342,0.0036,0.6622
SPADES KING CLUBS QUEEN,0.3354,0.0058,0.6588
HEARTS THREE CLUBS JACK,0.424,0.0166,0.5594
DIAMONDS KING CLUBS JACK,0.331,0.0048,0.6642
SPADES QUEEN CLUBS QUEEN,0.1664,0.0146,0.819
CLUBS TEN HEARTS THREE,0.495,0.3026,0.2024
CLUBS TEN DIAMONDS KING,0.2604,0.034,0.7056
SPADES JACK CLUBS QUEEN,0.3162,0.0122,0.6716
CLUBS SIX CLUBS QUEEN,0.3922,0.0102,0.5976
CLUBS SIX CLUBS KING,0.3868,0.0082,0.605
CLUBS SIX CLUBS ACE,0.3734,0.0048,0.6218
HEARTS FIVE HEARTS KING,0.3882,0.007,0.6048
HEARTS FIVE HEARTS QUEEN,0.392,0.0122,0.5958
CLUBS TEN CLUBS SIX,0.462,0.277,0.261
HEARTS FIVE HEARTS ACE,0.4026,0.0032,0.5942
CLUBS SIX CLUBS JACK,0.3864,0.0154,0.5982
SPADES SEVEN HEARTS JACK,0.2514,0.057,0.6916
SPADES SEVEN HEARTS TEN,0.0074,0.986,0.0066
DIAMONDS TWO CLUBS TWO,0.4418,0.053,0.5052
DIAMONDS TWO CLUBS THREE,0.6252,0.027,0.3478
HEARTS SIX DIAMONDS TWO,0.6536,0.0278,0.3186
DIAMONDS TWO HEARTS QUEEN,0.4274,0.0146,0.558
DIAMONDS TWO HEARTS KING,0.421,0.0098,0.5692
DIAMONDS TWO HEARTS EIGHT,0.6322,0.0286,0.3392
DIAMONDS TWO HEARTS ACE,0.4366,0.0048,0.5586
DIAMONDS TWO HEARTS NINE,0.6372,0.0284,0.3344
DIAMONDS TWO DIAMONDS QUEEN,0.396,0.0112,0.5928
DIAMONDS TWO HEARTS TWO,0.4366,0.0514,0.512
DIAMONDS TWO DIAMONDS KING,0.402,0.0076,0.5904
HEARTS THREE DIAMONDS TWO,0.647,0.0284,0.3246
DIAMONDS TWO DIAMONDS ACE,0.401,0.0028,0.5962
HEARTS FOUR DIAMONDS TWO,0.6274,0.0246,0.348
DIAMONDS TWO HEARTS FIVE,0.6412,0.031,0.3278
SPADES SEVEN HEARTS ACE,0.2574,0.0238,0.7188
DIAMONDS TWO DIAMONDS TEN,0.4606,0.2774,0.262
SPADES SEVEN HEARTS KING,0.2634,0.032,0.7046
DIAMONDS TWO DIAMONDS JACK,0.3984,0.0144,0.5872
SPADES SEVEN HEARTS QUEEN,0.262,0.0438,0.6942
DIAMONDS TWO SPADES NINE,0.6512,0.0286,0.3202
DIAMONDS TWO SPADES EIGHT,0.6366,0.027,0.3364
DIAMONDS TWO SPADES SEVEN,0.6948,0.0884,0.2168
DIAMONDS TWO SPADES SIX,0.643,0.0278,0.3292
DIAMONDS TWO SPADES FIVE,0.6356,0.029,0.3354
DIAMONDS TWO SPADES FOUR,0.6412,0.03,0.3288
DIAMONDS TWO SPADES THREE,0.6534,0.0244,0.3222
DIAMONDS TWO SPADES TWO,0.4548,0.053,0.4922
CLUBS NINE DIAMONDS TWO,0.639,0.0246,0.3364
DIAMONDS TWO CLUBS EIGHT,0.6356,0.0246,0.3398
CLUBS SEVEN DIAMONDS TWO,0.696,0.0772,0.2268
DIAMONDS TWO CLUBS SIX,0.6602,0.0246,0.3152
DIAMONDS TWO CLUBS FIVE,0.6204,0.0258,0.3538
DIAMONDS TWO CLUBS FOUR,0.6378,0.0276,0.3346
CLUBS FOUR SPADES FIVE,0.597,0.0308,0.3722
CLUBS FOUR SPADES FOUR,0.423,0.0544,0.5226
CLUBS FOUR SPADES THREE,0.6152,0.0222,0.3626
CLUBS FOUR SPADES TWO,0.6268,0.0258,0.3474
SPADES NINE CLUBS FOUR,0.6346,0.0248,0.3406
SPADES EIGHT CLUBS FOUR,0.6336,0.0274,0.339
SPADES SEVEN CLUBS FOUR,0.6642,0.084,0.2518
SPADES SIX CLUBS FOUR,0.618,0.027,0.355
SPADES ACE DIAMONDS SIX,0.419,0.003,0.578
SPADES QUEEN DIAMONDS SIX,0.4074,0.0108,0.5818
SPADES KING DIAMONDS SIX,0.4,0.007,0.593
SPADES JACK DIAMONDS SIX,0.4078,0.0178,0.5744
SPADES QUEEN SPADES TWO,0.3992,0.0108,0.59
SPADES KING SPADES TWO,0.3996,0.0078,0.5926
SPADES ACE SPADES TWO,0.3944,0.0056,0.6
DIAMONDS JACK CLUBS JACK,0.1702,0.0236,0.8062
CLUBS TEN DIAMONDS JACK,0.2526,0.052,0.6954
DIAMONDS JACK CLUBS KING,0.3512,0.0046,0.6442
DIAMONDS JACK CLUBS QUEEN,0.3394,0.011,0.6496
DIAMONDS THREE DIAMONDS JACK,0.3932,0.017,0.5898
DIAMONDS THREE DIAMONDS TEN,0.4558,0.271,0.2732
DIAMONDS JACK CLUBS ACE,0.3428,0.0044,0.6528
DIAMONDS THREE DIAMONDS KING,0.395,0.0082,0.5968
HEARTS THREE DIAMONDS THREE,0.4444,0.0576,0.498
DIAMONDS THREE DIAMONDS QUEEN,0.4008,0.0084,0.5908
DIAMONDS THREE HEARTS TWO,0.6302,0.0284,0.3414
HEARTS FIVE DIAMONDS THREE,0.6166,0.0266,0.3568
DIAMONDS THREE DIAMONDS ACE,0.3828,0.0062,0.611
HEARTS FOUR DIAMONDS THREE,0.6244,0.0288,0.3468
HEARTS SIX DIAMONDS THREE,0.6468,0.0318,0.3214
SPADES JACK SPADES NINE,0.334,0.0166,0.6494
DIAMONDS THREE HEARTS NINE,0.638,0.0256,0.3364
HEARTS JACK DIAMONDS FOUR,0.4012,0.018,0.5808
HEARTS ACE HEARTS KING,0.3268,0.0038,0.6694
DIAMONDS THREE HEARTS EIGHT,0.6352,0.0276,0.3372
HEARTS TEN DIAMONDS FOUR,0.4896,0.2876,0.2228
SPADES JACK SPADES TWO,0.41,0.0186,0.5714
HEARTS QUEEN DIAMONDS FOUR,0.4036,0.0092,0.5872
HEARTS KING DIAMONDS FOUR,0.4148,0.0068,0.5784
SPADES ACE SPADES NINE,0.3548,0.004,0.6412
HEARTS ACE DIAMONDS FOUR,0.4042,0.0042,0.5916
SPADES KING SPADES NINE,0.3514,0.0054,0.6432
SPADES QUEEN SPADES NINE,0.3442,0.0134,0.6424
DIAMONDS THREE SPADES NINE,0.645,0.0248,0.3302
DIAMONDS THREE SPADES EIGHT,0.6332,0.0272,0.3396
DIAMONDS THREE SPADES SEVEN,0.6808,0.0824,0.2368
DIAMONDS THREE SPADES SIX,0.6362,0.0248,0.339
DIAMONDS THREE CLUBS SIX,0.6272,0.0278,0.345
CLUBS FIVE CLUBS SIX,0.5672,0.0224,0.4104
CLUBS ACE DIAMONDS FOUR,0.4078,0.0028,0.5894
CLUBS SEVEN DIAMONDS THREE,0.6806,0.0766,0.2428
CLUBS SEVEN CLUBS FIVE,0.613,0.0796,0.3074
DIAMONDS THREE CLUBS FOUR,0.6188,0.0256,0.3556
DIAMONDS FOUR CLUBS QUEEN,0.4136,0.0102,0.5762
DIAMONDS THREE CLUBS FIVE,0.6156,0.0292,0.3552
CLUBS KING DIAMONDS FOUR,0.413,0.0068,0.5802
DIAMONDS THREE CLUBS TWO,0.6276,0.026,0.3464
CLUBS TEN DIAMONDS FOUR,0.4834,0.289,0.2276
DIAMONDS THREE CLUBS THREE,0.4236,0.0508,0.5256
DIAMONDS FOUR CLUBS JACK,0.4216,0.0138,0.5646
DIAMONDS THREE SPADES FOUR,0.622,0.0268,0.3512
DIAMONDS THREE SPADES FIVE,0.62,0.0286,0.3514
DIAMONDS THREE SPADES TWO,0.627,0.03,0.343
DIAMONDS THREE SPADES THREE,0.4314,0.0576,0.511
CLUBS EIGHT DIAMONDS THREE,0.6264,0.0248,0.3488
CLUBS NINE DIAMONDS THREE,0.6288,0.0236,0.3476
SPADES SEVEN CLUBS ACE,0.27,0.0234,0.7066
SPADES SEVEN CLUBS QUEEN,0.2702,0.039,0.6908
SPADES SEVEN CLUBS KING,0.2612,0.0328,0.706
CLUBS FIVE SPADES SEVEN,0.6724,0.0766,0.251
CLUBS TEN SPADES SEVEN,0.0176,0.975,0.0074
CLUBS FIVE SPADES SIX,0.6128,0.0282,0.359
SPADES SEVEN CLUBS JACK,0.2534,0.0582,0.6884
SPADES NINE CLUBS FIVE,0.6314,0.0238,0.3448
CLUBS FIVE SPADES EIGHT,0.62,0.0274,0.3526
CLUBS FIVE SPADES THREE,0.6086,0.0276,0.3638
CLUBS FIVE SPADES TWO,0.6372,0.0302,0.3326
CLUBS FIVE SPADES FIVE,0.4238,0.0576,0.5186
CLUBS FIVE SPADES FOUR,0.6146,0.0294,0.356
CLUBS NINE CLUBS FIVE,0.5744,0.0258,0.3998
CLUBS EIGHT CLUBS FIVE,0.5802,0.0236,0.3962
CLUBS ACE CLUBS QUEEN,0.3264,0.0042,0.6694
CLUBS KING CLUBS QUEEN,0.3034,0.0048,0.6918
DIAMONDS TEN DIAMONDS FOUR,0.4524,0.2858,0.2618
CLUBS TEN DIAMONDS NINE,0.226,0.1786,0.5954
DIAMONDS JACK DIAMONDS FOUR,0.3876,0.0154,0.597
DIAMONDS NINE CLUBS JACK,0.3388,0.0188,0.6424
SPADES NINE CLUBS JACK,0.3484,0.0154,0.6362
CLUBS TEN SPADES NINE,0.2378,0.166,0.5962
DIAMONDS ACE DIAMONDS FOUR,0.3778,0.0052,0.617
HEARTS FOUR DIAMONDS FOUR,0.4284,0.0556,0.516
DIAMONDS JACK HEARTS TEN,0.2404,0.0544,0.7052
SPADES NINE CLUBS KING,0.3658,0.0072,0.627
DIAMONDS NINE CLUBS ACE,0.3766,0.002,0.6214
HEARTS FIVE DIAMONDS FOUR,0.6164,0.027,0.3566
DIAMONDS JACK HEARTS JACK,0.1624,0.0246,0.813
SPADES NINE CLUBS QUEEN,0.3888,0.0088,0.6024
DIAMONDS TWO SPADES JACK,0.4256,0.0198,0.5546
DIAMONDS QUEEN DIAMONDS FOUR,0.3866,0.011,0.6024
HEARTS TWO DIAMONDS FOUR,0.6278,0.0308,0.3414
DIAMONDS NINE CLUBS QUEEN,0.36,0.0088,0.6312
DIAMONDS KING DIAMONDS FOUR,0.3816,0.0082,0.6102
HEARTS THREE DIAMONDS FOUR,0.6278,0.0252,0.347
SPADES NINE CLUBS ACE,0.3784,0.004,0.6176
DIAMONDS NINE CLUBS KING,0.3964,0.0058,0.5978
HEARTS ACE DIAMONDS JACK,0.3468,0.0046,0.6486
SPADES ACE DIAMONDS TWO,0.4092,0.0052,0.5856
HEARTS QUEEN DIAMONDS JACK,0.3112,0.0098,0.679
SPADES QUEEN DIAMONDS TWO,0.4112,0.0146,0.5742
DIAMONDS JACK HEARTS KING,0.3268,0.0044,0.6688
SPADES KING DIAMONDS TWO,0.4238,0.008,0.5682
SPADES JACK SPADES SEVEN,0.2336,0.053,0.7134
CLUBS SEVEN CLUBS THREE,0.6384,0.085,0.2766
CLUBS SIX CLUBS THREE,0.6082,0.0236,0.3682
CLUBS FIVE CLUBS THREE,0.5734,0.0278,0.3988
CLUBS THREE CLUBS FOUR,0.5802,0.0276,0.3922
CLUBS NINE CLUBS THREE,0.5958,0.0252,0.379
CLUBS EIGHT CLUBS THREE,0.5978,0.0232,0.379
CLUBS THREE SPADES FIVE,0.623,0.0282,0.3488
CLUBS THREE SPADES FOUR,0.618,0.0322,0.3498
CLUBS THREE SPADES THREE,0.4256,0.0564,0.518
CLUBS THREE SPADES TWO,0.641,0.0282,0.3308
CLUBS THREE SPADES SIX,0.6316,0.0262,0.3422
SPADES SEVEN CLUBS THREE,0.6834,0.0856,0.231
SPADES EIGHT CLUBS THREE,0.6298,0.0306,0.3396
SPADES NINE CLUBS THREE,0.6366,0.0262,0.3372
SPADES TWO DIAMONDS FOUR,0.638,0.0246,0.3374
SPADES THREE DIAMONDS FOUR,0.6208,0.0302,0.349
SPADES FOUR DIAMONDS FOUR,0.4296,0.0576,0.5128
SPADES FIVE DIAMONDS FOUR,0.6086,0.0268,0.3646
SPADES SIX DIAMONDS FOUR,0.63,0.0306,0.3394
SPADES SEVEN DIAMONDS FOUR,0.6674,0.0754,0.2572
SPADES EIGHT DIAMONDS FOUR,0.6288,0.023,0.3482
SPADES NINE DIAMONDS FOUR,0.6394,0.0236,0.337
CLUBS FIVE DIAMONDS FOUR,0.6056,0.0274,0.367
CLUBS FOUR DIAMONDS FOUR,0.4218,0.0582,0.52
CLUBS SEVEN DIAMONDS FOUR,0.6638,0.0764,0.2598
CLUBS SIX DIAMONDS FOUR,0.6236,0.027,0.3494
CLUBS NINE DIAMONDS FOUR,0.6274,0.0286,0.344
CLUBS EIGHT DIAMONDS FOUR,0.6284,0.027,0.3446
HEARTS SIX DIAMONDS FOUR,0.6282,0.0266,0.3452
DIAMONDS FOUR HEARTS NINE,0.6304,0.0294,0.3402
DIAMONDS FOUR HEARTS EIGHT,0.62,0.0212,0.3588
CLUBS THREE DIAMONDS FOUR,0.6098,0.028,0.3622
CLUBS TWO DIAMONDS FOUR,0.639,0.0268,0.3342
DIAMONDS TEN DIAMONDS FIVE,0.452,0.2736,0.2744
DIAMONDS JACK DIAMONDS FIVE,0.394,0.0178,0.5882
DIAMONDS NINE HEARTS QUEEN,0.3552,0.0094,0.6354
DIAMONDS NINE HEARTS KING,0.3606,0.0078,0.6316
HEARTS ACE DIAMONDS NINE,0.3838,0.0024,0.6138
DIAMONDS NINE HEARTS TEN,0.2228,0.1754,0.6018
DIAMONDS NINE HEARTS JACK,0.3518,0.0144,0.6338
CLUBS KING DIAMONDS SIX,0.4106,0.005,0.5844
CLUBS QUEEN DIAMONDS SIX,0.4092,0.009,0.5818
CLUBS ACE DIAMONDS SIX,0.4082,0.0022,0.5896
SPADES KING DIAMONDS FOUR,0.414,0.008,0.578
SPADES ACE SPADES SEVEN,0.2504,0.023,0.7266
SPADES QUEEN DIAMONDS FOUR,0.4206,0.011,0.5684
SPADES QUEEN SPADES SEVEN,0.2558,0.0434,0.7008
CLUBS JACK DIAMONDS SIX,0.4102,0.0144,0.5754
SPADES KING SPADES SEVEN,0.2644,0.0304,0.7052
SPADES ACE DIAMONDS FOUR,0.4102,0.0042,0.5856
CLUBS TEN DIAMONDS SIX,0.4824,0.2908,0.2268
CLUBS NINE CLUBS FOUR,0.6022,0.0248,0.373
CLUBS EIGHT CLUBS FOUR,0.582,0.023,0.395
SPADES JACK DIAMONDS FOUR,0.4164,0.0152,0.5684
CLUBS FIVE CLUBS FOUR,0.5784,0.0278,0.3938
CLUBS SEVEN CLUBS FOUR,0.6128,0.0798,0.3074
CLUBS SIX CLUBS FOUR,0.591,0.0226,0.3864
CLUBS SEVEN SPADES EIGHT,0.6526,0.0804,0.267
CLUBS SEVEN SPADES NINE,0.6674,0.0774,0.2552
CLUBS SEVEN SPADES SIX,0.649,0.0832,0.2678
CLUBS SEVEN SPADES SEVEN,0.3062,0.0488,0.645
CLUBS SEVEN SPADES FIVE,0.6646,0.0858,0.2496
CLUBS SEVEN SPADES FOUR,0.6596,0.0796,0.2608
CLUBS SEVEN SPADES THREE,0.6902,0.084,0.2258
CLUBS SEVEN SPADES TWO,0.7048,0.085,0.2102
CLUBS NINE CLUBS SEVEN,0.621,0.0758,0.3032
CLUBS SEVEN CLUBS EIGHT,0.6214,0.0728,0.3058
HEARTS SIX DIAMONDS FIVE,0.6172,0.0288,0.354
DIAMONDS FIVE HEARTS EIGHT,0.6074,0.0282,0.3644
DIAMONDS FIVE HEARTS NINE,0.6218,0.0268,0.3514
DIAMONDS QUEEN DIAMONDS FIVE,0.3892,0.0108,0.6
HEARTS TWO DIAMONDS FIVE,0.637,0.0256,0.3374
HEARTS KING HEARTS EIGHT,0.3584,0.008,0.6336
DIAMONDS KING DIAMONDS FIVE,0.3992,0.0058,0.595
HEARTS THREE DIAMONDS FIVE,0.6216,0.0302,0.3482
HEARTS QUEEN HEARTS EIGHT,0.3552,0.0086,0.6362
DIAMONDS ACE DIAMONDS FIVE,0.3942,0.0034,0.6024
HEARTS FOUR DIAMONDS FIVE,0.6118,0.0254,0.3628
HEARTS FIVE DIAMONDS FIVE,0.4194,0.0528,0.5278
HEARTS ACE HEARTS EIGHT,0.3554,0.004,0.6406
CLUBS FOUR DIAMONDS FIVE,0.601,0.0282,0.3708
CLUBS FIVE DIAMONDS FIVE,0.4216,0.057,0.5214
CLUBS SIX DIAMONDS FIVE,0.616,0.0226,0.3614
CLUBS SEVEN DIAMONDS FIVE,0.6546,0.0824,0.263
CLUBS TWO DIAMONDS FIVE,0.645,0.0294,0.3256
CLUBS THREE DIAMONDS FIVE,0.6092,0.0248,0.366
SPADES THREE DIAMONDS FIVE,0.6266,0.0262,0.3472
SPADES TWO DIAMONDS FIVE,0.6392,0.028,0.3328
SPADES JACK DIAMONDS EIGHT,0.3466,0.0154,0.638
SPADES FIVE DIAMONDS FIVE,0.419,0.0578,0.5232
CLUBS TEN HEARTS JACK,0.2454,0.0574,0.6972
SPADES FOUR DIAMONDS FIVE,0.6022,0.029,0.3688
HEARTS JACK CLUBS JACK,0.1618,0.025,0.8132
HEARTS JACK CLUBS QUEEN,0.3234,0.0094,0.6672
CLUBS NINE DIAMONDS FIVE,0.6298,0.0236,0.3466
CLUBS KING HEARTS JACK,0.3358,0.0072,0.657
CLUBS EIGHT DIAMONDS FIVE,0.6002,0.0236,0.3762
CLUBS ACE HEARTS JACK,0.3338,0.0048,0.6614
SPADES SEVEN DIAMONDS FIVE,0.6666,0.0746,0.2588
SPADES KING DIAMONDS EIGHT,0.398,0.0066,0.5954
SPADES SIX DIAMONDS FIVE,0.6054,0.0296,0.365
SPADES QUEEN DIAMONDS EIGHT,0.3726,0.0102,0.6172
SPADES NINE DIAMONDS FIVE,0.6248,0.0234,0.3518
SPADES EIGHT DIAMONDS FIVE,0.6096,0.0282,0.3622
SPADES ACE DIAMONDS EIGHT,0.371,0.0028,0.6262
DIAMONDS TEN DIAMONDS SIX,0.462,0.2786,0.2594
HEARTS ACE DIAMONDS SEVEN,0.2708,0.0244,0.7048
DIAMONDS JACK DIAMONDS SIX,0.3858,0.0172,0.597
HEARTS QUEEN DIAMONDS SEVEN,0.2666,0.0384,0.695
HEARTS KING DIAMONDS SEVEN,0.2596,0.0368,0.7036
DIAMONDS ACE DIAMONDS SIX,0.3838,0.0024,0.6138
HEARTS FOUR DIAMONDS SIX,0.6356,0.0252,0.3392
SPADES TWO HEARTS JACK,0.4176,0.02,0.5624
HEARTS FIVE DIAMONDS SIX,0.6148,0.0264,0.3588
SPADES TWO HEARTS TEN,0.488,0.2984,0.2136
DIAMONDS QUEEN DIAMONDS SIX,0.3904,0.0094,0.6002
HEARTS TWO DIAMONDS SIX,0.6548,0.0298,0.3154
DIAMONDS KING DIAMONDS SIX,0.3806,0.007,0.6124
HEARTS THREE DIAMONDS SIX,0.6338,0.0254,0.3408
HEARTS EIGHT DIAMONDS SIX,0.6066,0.0256,0.3678
HEARTS NINE DIAMONDS SIX,0.61,0.026,0.364
HEARTS SIX DIAMONDS SIX,0.4216,0.055,0.5234
HEARTS TEN DIAMONDS SEVEN,0.0098,0.9734,0.0168
CLUBS TWO DIAMONDS SIX,0.6474,0.0286,0.324
HEARTS JACK DIAMONDS SEVEN,0.246,0.0592,0.6948
CLUBS THREE DIAMONDS SIX,0.636,0.028,0.336
CLUBS SEVEN DIAMONDS SIX,0.6536,0.0728,0.2736
DIAMONDS EIGHT CLUBS JACK,0.3506,0.0148,0.6346
CLUBS SIX DIAMONDS SIX,0.427,0.0486,0.5244
CLUBS TEN DIAMONDS EIGHT,0.2224,0.224,0.5536
CLUBS FIVE DIAMONDS SIX,0.6068,0.0264,0.3668
CLUBS FOUR DIAMONDS SIX,0.6162,0.0272,0.3566
HEARTS ACE HEARTS JACK,0.3158,0.006,0.6782
DIAMONDS EIGHT CLUBS ACE,0.3684,0.0014,0.6302
HEARTS QUEEN HEARTS JACK,0.3092,0.009,0.6818
DIAMONDS EIGHT CLUBS KING,0.3792,0.0076,0.6132
CLUBS NINE DIAMONDS SIX,0.6204,0.025,0.3546
HEARTS KING HEARTS JACK,0.3268,0.007,0.6662
DIAMONDS EIGHT CLUBS QUEEN,0.365,0.01,0.625
CLUBS EIGHT DIAMONDS SIX,0.6104,0.0246,0.365
SPADES FIVE DIAMONDS SIX,0.5998,0.0276,0.3726
HEARTS ACE SPADES TWO,0.4188,0.0032,0.578
SPADES JACK HEARTS KING,0.314,0.0082,0.6778
SPADES FOUR DIAMONDS SIX,0.6214,0.0286,0.35
SPADES THREE DIAMONDS SIX,0.632,0.0252,0.3428
HEARTS QUEEN SPADES TWO,0.4114,0.0102,0.5784
SPADES ACE SPADES KING,0.3284,0.0034,0.6682
SPADES TWO HEARTS KING,0.4088,0.0094,0.5818
SPADES TWO DIAMONDS SIX,0.6644,0.0272,0.3084
HEARTS TEN HEARTS EIGHT,0.2246,0.216,0.5594
SPADES NINE DIAMONDS SIX,0.6276,0.0262,0.3462
HEARTS JACK HEARTS EIGHT,0.3444,0.0156,0.64
SPADES EIGHT DIAMONDS SIX,0.6088,0.0246,0.3666
SPADES SEVEN DIAMONDS SIX,0.651,0.0738,0.2752
SPADES SIX DIAMONDS SIX,0.4,0.0612,0.5388
SPADES KING HEARTS KING,0.1502,0.0092,0.8406
SPADES QUEEN HEARTS KING,0.327,0.0044,0.6686
CLUBS ACE CLUBS KING,0.3236,0.0058,0.6706
SPADES ACE HEARTS KING,0.3422,0.004,0.6538
SPADES ACE HEARTS JACK,0.3378,0.0048,0.6574
SPADES QUEEN HEARTS JACK,0.3142,0.0108,0.675
SPADES KING HEARTS JACK,0.325,0.0072,0.6678
SPADES JACK DIAMONDS TEN,0.2348,0.0538,0.7114
SPADES ACE DIAMONDS TEN,0.247,0.0236,0.7294
SPADES JACK HEARTS JACK,0.1462,0.0242,0.8296
SPADES QUEEN DIAMONDS TEN,0.2472,0.0476,0.7052
SPADES KING DIAMONDS TEN,0.2404,0.0342,0.7254
SPADES NINE DIAMONDS SEVEN,0.6746,0.0676,0.2578
SPADES EIGHT DIAMONDS SEVEN,0.678,0.0692,0.2528
SPADES SEVEN DIAMONDS SEVEN,0.314,0.0474,0.6386
SPADES SIX DIAMONDS SEVEN,0.6548,0.0818,0.2634
DIAMONDS KING DIAMONDS SEVEN,0.2564,0.0312,0.7124
HEARTS THREE DIAMONDS SEVEN,0.6822,0.0882,0.2296
HEARTS KING DIAMONDS FIVE,0.4196,0.007,0.5734
DIAMONDS QUEEN DIAMONDS SEVEN,0.2522,0.0464,0.7014
HEARTS TWO DIAMONDS SEVEN,0.7046,0.0858,0.2096
HEARTS QUEEN DIAMONDS FIVE,0.4126,0.012,0.5754
HEARTS FIVE DIAMONDS SEVEN,0.6658,0.0798,0.2544
DIAMONDS ACE DIAMONDS SEVEN,0.2406,0.0198,0.7396
HEARTS FOUR DIAMONDS SEVEN,0.6648,0.0816,0.2536
HEARTS ACE DIAMONDS FIVE,0.4014,0.0042,0.5944
HEARTS SIX DIAMONDS SEVEN,0.6554,0.0736,0.271
DIAMONDS SEVEN HEARTS NINE,0.666,0.0798,0.2542
HEARTS EIGHT DIAMONDS SEVEN,0.6444,0.0744,0.2812
DIAMONDS JACK DIAMONDS SEVEN,0.2384,0.0594,0.7022
DIAMONDS FIVE HEARTS JACK,0.4174,0.0196,0.563
DIAMONDS TEN DIAMONDS SEVEN,0.0262,0.908,0.0658
HEARTS TEN DIAMONDS FIVE,0.4838,0.294,0.2222
SPADES KING CLUBS TWO,0.4236,0.008,0.5684
HEARTS KING CLUBS KING,0.1612,0.0078,0.831
CLUBS EIGHT DIAMONDS SEVEN,0.6592,0.0722,0.2686
SPADES QUEEN CLUBS TWO,0.4176,0.0136,0.5688
HEARTS KING CLUBS QUEEN,0.3252,0.0072,0.6676
CLUBS NINE DIAMONDS SEVEN,0.6734,0.0832,0.2434
SPADES TWO CLUBS JACK,0.4266,0.017,0.5564
SPADES ACE CLUBS TWO,0.419,0.0042,0.5768
CLUBS TEN SPADES TWO,0.5032,0.2816,0.2152
HEARTS KING CLUBS ACE,0.3396,0.0028,0.6576
CLUBS SEVEN CLUBS SIX,0.614,0.0726,0.3134
SPADES TWO CLUBS KING,0.4286,0.0074,0.564
SPADES TWO DIAMONDS SEVEN,0.7006,0.0888,0.2106
CLUBS EIGHT CLUBS SIX,0.5626,0.0258,0.4116
SPADES THREE DIAMONDS SEVEN,0.6844,0.083,0.2326
SPADES TWO CLUBS QUEEN,0.4172,0.0152,0.5676
CLUBS NINE CLUBS SIX,0.5718,0.0234,0.4048
SPADES FOUR DIAMONDS SEVEN,0.6676,0.077,0.2554
HEARTS KING CLUBS JACK,0.3312,0.005,0.6638
SPADES FIVE DIAMONDS SEVEN,0.6768,0.077,0.2462
SPADES TWO CLUBS ACE,0.4358,0.004,0.5602
CLUBS TEN HEARTS KING,0.2484,0.031,0.7206
CLUBS SIX SPADES TWO,0.6476,0.0276,0.3248
CLUBS SIX SPADES THREE,0.647,0.0282,0.3248
CLUBS TWO DIAMONDS SEVEN,0.7076,0.085,0.2074
CLUBS SIX SPADES FOUR,0.6306,0.031,0.3384
CLUBS THREE DIAMONDS SEVEN,0.6708,0.0862,0.243
CLUBS SIX SPADES FIVE,0.6052,0.0276,0.3672
CLUBS FOUR DIAMONDS SEVEN,0.6736,0.0746,0.2518
CLUBS SIX SPADES SIX,0.4238,0.0466,0.5296
CLUBS FIVE DIAMONDS SEVEN,0.672,0.0738,0.2542
CLUBS SIX SPADES SEVEN,0.6494,0.0734,0.2772
CLUBS SIX DIAMONDS SEVEN,0.655,0.0784,0.2666
SPADES EIGHT CLUBS SIX,0.607,0.0274,0.3656
SPADES JACK CLUBS TWO,0.4118,0.0174,0.5708
CLUBS SEVEN DIAMONDS SEVEN,0.3156,0.0492,0.6352
SPADES NINE CLUBS SIX,0.6186,0.0278,0.3536
CLUBS TWO CLUBS QUEEN,0.413,0.0106,0.5764
CLUBS TWO CLUBS KING,0.4036,0.0048,0.5916
CLUBS THREE DIAMONDS EIGHT,0.6358,0.0288,0.3354
CLUBS TWO CLUBS ACE,0.4088,0.0016,0.5896
CLUBS TWO DIAMONDS EIGHT,0.6476,0.026,0.3264
HEARTS SIX DIAMONDS EIGHT,0.6172,0.0248,0.358
DIAMONDS EIGHT HEARTS NINE,0.5578,0.0248,0.4174
CLUBS TEN CLUBS TWO,0.455,0.288,0.257
DIAMONDS EIGHT HEARTS EIGHT,0.2802,0.0464,0.6734
CLUBS TWO CLUBS JACK,0.4134,0.0162,0.5704
CLUBS NINE DIAMONDS EIGHT,0.5496,0.0228,0.4276
CLUBS EIGHT DIAMONDS EIGHT,0.2888,0.0408,0.6704
CLUBS FIVE DIAMONDS EIGHT,0.614,0.0312,0.3548
SPADES ACE SPADES THREE,0.4054,0.004,0.5906
CLUBS FOUR DIAMONDS EIGHT,0.614,0.0276,0.3584
CLUBS SEVEN DIAMONDS EIGHT,0.6656,0.0748,0.2596
SPADES QUEEN SPADES THREE,0.3972,0.0108,0.592
CLUBS SIX DIAMONDS EIGHT,0.6132,0.0238,0.363
SPADES KING SPADES THREE,0.3988,0.0072,0.594
DIAMONDS QUEEN DIAMONDS EIGHT,0.349,0.0118,0.6392
HEARTS TWO DIAMONDS EIGHT,0.6456,0.0254,0.329
DIAMONDS KING DIAMONDS EIGHT,0.3502,0.0054,0.6444
HEARTS THREE DIAMONDS EIGHT,0.6324,0.0314,0.3362
DIAMONDS ACE DIAMONDS EIGHT,0.3576,0.0044,0.638
HEARTS FOUR DIAMONDS EIGHT,0.6328,0.0276,0.3396
HEARTS FIVE DIAMONDS EIGHT,0.628,0.0252,0.3468
DIAMONDS EIGHT DIAMONDS TEN,0.2072,0.2164,0.5764
DIAMONDS EIGHT DIAMONDS JACK,0.3366,0.0158,0.6476
SPADES JACK SPADES THREE,0.407,0.0164,0.5766
CLUBS FOUR HEARTS ACE,0.4028,0.0046,0.5926
CLUBS FOUR HEARTS QUEEN,0.412,0.012,0.576
CLUBS FOUR HEARTS KING,0.4224,0.0094,0.5682
CLUBS SIX HEARTS TEN,0.4766,0.295,0.2284
CLUBS SIX HEARTS JACK,0.4078,0.0156,0.5766
SPADES FOUR DIAMONDS EIGHT,0.6418,0.023,0.3352
SPADES FIVE DIAMONDS EIGHT,0.6128,0.0244,0.3628
DIAMONDS EIGHT SPADES TWO,0.6596,0.0286,0.3118
DIAMONDS EIGHT SPADES THREE,0.6548,0.027,0.3182
CLUBS FOUR HEARTS JACK,0.4168,0.0152,0.568
SPADES EIGHT DIAMONDS EIGHT,0.2822,0.0442,0.6736
SPADES JACK HEARTS EIGHT,0.3518,0.0166,0.6316
CLUBS FOUR HEARTS TEN,0.4898,0.282,0.2282
SPADES NINE DIAMONDS EIGHT,0.5698,0.0258,0.4044
SPADES JACK HEARTS TWO,0.4264,0.0178,0.5558
SPADES JACK DIAMONDS QUEEN,0.3236,0.009,0.6674
SPADES SIX DIAMONDS EIGHT,0.6114,0.0264,0.3622
SPADES SEVEN DIAMONDS EIGHT,0.6692,0.0744,0.2564
SPADES ACE HEARTS TWO,0.4192,0.0044,0.5764
SPADES ACE DIAMONDS QUEEN,0.3382,0.0042,0.6576
SPADES ACE HEARTS EIGHT,0.3626,0.0028,0.6346
SPADES KING HEARTS EIGHT,0.3912,0.0054,0.6034
SPADES QUEEN HEARTS TWO,0.4308,0.0134,0.5558
SPADES QUEEN DIAMONDS QUEEN,0.17,0.0162,0.8138
SPADES KING DIAMONDS QUEEN,0.3398,0.0058,0.6544
SPADES KING HEARTS TWO,0.414,0.0076,0.5784
SPADES QUEEN HEARTS EIGHT,0.364,0.011,0.625
CLUBS TWO HEARTS TEN,0.4858,0.2944,0.2198
CLUBS TWO HEARTS JACK,0.4208,0.0174,0.5618
SPADES SEVEN DIAMONDS NINE,0.6788,0.0792,0.242
SPADES SIX DIAMONDS NINE,0.6226,0.0264,0.351
SPADES NINE DIAMONDS NINE,0.2898,0.0382,0.672
SPADES EIGHT DIAMONDS NINE,0.5644,0.028,0.4076
DIAMONDS NINE SPADES THREE,0.6278,0.0278,0.3444
SPADES JACK CLUBS KING,0.3328,0.007,0.6602
DIAMONDS NINE SPADES TWO,0.638,0.0286,0.3334
SPADES FIVE DIAMONDS NINE,0.6334,0.0282,0.3384
DIAMONDS NINE SPADES FOUR,0.6402,0.03,0.3298
CLUBS NINE DIAMONDS NINE,0.2884,0.0402,0.6714
CLUBS EIGHT DIAMONDS NINE,0.565,0.0234,0.4116
CLUBS SIX DIAMONDS NINE,0.611,0.0278,0.3612
SPADES JACK CLUBS FOUR,0.419,0.018,0.563
CLUBS SEVEN DIAMONDS NINE,0.673,0.0756,0.2514
CLUBS FOUR DIAMONDS NINE,0.6394,0.0246,0.336
CLUBS FIVE DIAMONDS NINE,0.617,0.0268,0.3562
DIAMONDS NINE CLUBS TWO,0.6464,0.025,0.3286
CLUBS THREE DIAMONDS NINE,0.6206,0.0254,0.354
DIAMONDS NINE HEARTS EIGHT,0.5574,0.0232,0.4194
DIAMONDS NINE HEARTS NINE,0.271,0.042,0.687
HEARTS SIX DIAMONDS NINE,0.618,0.0254,0.3566
CLUBS NINE CLUBS EIGHT,0.521,0.0244,0.4546
DIAMONDS ACE DIAMONDS NINE,0.3528,0.004,0.6432
HEARTS FOUR DIAMONDS NINE,0.636,0.0284,0.3356
HEARTS FIVE DIAMONDS NINE,0.6416,0.0224,0.336
HEARTS ACE CLUBS TWO,0.4132,0.0044,0.5824
SPADES ACE CLUBS FOUR,0.412,0.0046,0.5834
DIAMONDS QUEEN DIAMONDS NINE,0.339,0.01,0.651
HEARTS TWO DIAMONDS NINE,0.6476,0.0262,0.3262
CLUBS TWO HEARTS KING,0.4178,0.0074,0.5748
SPADES KING CLUBS FOUR,0.422,0.0056,0.5724
DIAMONDS KING DIAMONDS NINE,0.3592,0.0058,0.635
HEARTS THREE DIAMONDS NINE,0.6336,0.0274,0.339
CLUBS TWO HEARTS QUEEN,0.4176,0.0138,0.5686
SPADES QUEEN CLUBS FOUR,0.4082,0.0096,0.5822
DIAMONDS NINE DIAMONDS JACK,0.3418,0.0152,0.643
CLUBS EIGHT SPADES NINE,0.5574,0.0238,0.4188
DIAMONDS NINE DIAMONDS TEN,0.2142,0.1596,0.6262
CLUBS EIGHT SPADES EIGHT,0.3066,0.0468,0.6466
CLUBS EIGHT SPADES SEVEN,0.6606,0.0756,0.2638
CLUBS EIGHT SPADES SIX,0.6278,0.022,0.3502
CLUBS EIGHT SPADES FIVE,0.6174,0.025,0.3576
CLUBS EIGHT SPADES FOUR,0.6304,0.0248,0.3448
CLUBS EIGHT SPADES THREE,0.631,0.0278,0.3412
CLUBS EIGHT SPADES TWO,0.6456,0.031,0.3234
HEARTS SIX DIAMONDS TEN,0.4876,0.3016,0.2108
DIAMONDS TEN HEARTS EIGHT,0.2258,0.225,0.5492
CLUBS FOUR CLUBS JACK,0.391,0.0156,0.5934
DIAMONDS TEN HEARTS NINE,0.2154,0.1684,0.6162
CLUBS TEN CLUBS FOUR,0.4486,0.283,0.2684
CLUBS FOUR CLUBS KING,0.3974,0.0068,0.5958
CLUBS FOUR CLUBS QUEEN,0.3916,0.0118,0.5966
CLUBS TWO DIAMONDS TEN,0.4964,0.2806,0.223
CLUBS THREE DIAMONDS TEN,0.4974,0.2806,0.222
CLUBS FOUR CLUBS ACE,0.399,0.0034,0.5976
DIAMONDS JACK DIAMONDS TEN,0.2302,0.0528,0.717
DIAMONDS QUEEN DIAMONDS TEN,0.2298,0.0412,0.729
HEARTS TWO DIAMONDS TEN,0.494,0.2954,0.2106
DIAMONDS KING DIAMONDS TEN,0.2432,0.0308,0.726
HEARTS THREE DIAMONDS TEN,0.4994,0.2812,0.2194
DIAMONDS ACE DIAMONDS TEN,0.2374,0.0222,0.7404
HEARTS FOUR DIAMONDS TEN,0.4732,0.3078,0.219
CLUBS EIGHT HEARTS JACK,0.3672,0.0178,0.615
HEARTS FIVE DIAMONDS TEN,0.4874,0.2982,0.2144
CLUBS EIGHT HEARTS TEN,0.2218,0.2224,0.5558
CLUBS EIGHT HEARTS QUEEN,0.3624,0.0106,0.627
CLUBS EIGHT HEARTS KING,0.3734,0.007,0.6196
CLUBS EIGHT HEARTS ACE,0.3712,0.0026,0.6262
CLUBS NINE SPADES THREE,0.6356,0.0256,0.3388
CLUBS NINE SPADES TWO,0.634,0.028,0.338
CLUBS NINE SPADES FIVE,0.6262,0.0248,0.349
CLUBS NINE SPADES FOUR,0.649,0.0274,0.3236
CLUBS NINE SPADES SEVEN,0.684,0.0664,0.2496
CLUBS NINE SPADES SIX,0.6204,0.0242,0.3554
CLUBS NINE SPADES NINE,0.2922,0.041,0.6668
CLUBS TEN HEARTS EIGHT,0.2218,0.2464,0.5318
CLUBS NINE SPADES EIGHT,0.5662,0.023,0.4108
HEARTS EIGHT CLUBS JACK,0.3536,0.0144,0.632
CLUBS QUEEN HEARTS EIGHT,0.3656,0.0088,0.6256
CLUBS KING HEARTS EIGHT,0.3754,0.0088,0.6158
CLUBS ACE HEARTS EIGHT,0.3802,0.0038,0.616
SPADES KING CLUBS KING,0.1588,0.0076,0.8336
SPADES QUEEN CLUBS KING,0.3336,0.0042,0.6622
SPADES ACE CLUBS KING,0.3572,0.0054,0.6374
DIAMONDS ACE HEARTS TEN,0.2588,0.0262,0.715
HEARTS FOUR HEARTS TEN,0.4674,0.2758,0.2568
DIAMONDS ACE HEARTS JACK,0.3444,0.003,0.6526
HEARTS FOUR HEARTS JACK,0.401,0.0196,0.5794
SPADES KING CLUBS FIVE,0.4098,0.0068,0.5834
SPADES QUEEN CLUBS FIVE,0.4058,0.0112,0.583
SPADES ACE CLUBS FIVE,0.4198,0.0042,0.576
HEARTS SIX DIAMONDS JACK,0.4282,0.018,0.5538
DIAMONDS JACK HEARTS NINE,0.3406,0.0192,0.6402
DIAMONDS JACK HEARTS EIGHT,0.3528,0.0182,0.629
DIAMONDS KING DIAMONDS JACK,0.3064,0.0062,0.6874
HEARTS THREE DIAMONDS JACK,0.4248,0.0214,0.5538
SPADES ACE SPADES SIX,0.3994,0.0036,0.597
HEARTS ACE SPADES FOUR,0.4182,0.0052,0.5766
DIAMONDS QUEEN DIAMONDS JACK,0.322,0.0084,0.6696
HEARTS TWO DIAMONDS JACK,0.432,0.0174,0.5506
HEARTS FIVE DIAMONDS JACK,0.4196,0.018,0.5624
SPADES QUEEN SPADES SIX,0.3824,0.0096,0.608
SPADES FOUR HEARTS QUEEN,0.4164,0.0126,0.571
DIAMONDS ACE DIAMONDS JACK,0.321,0.0042,0.6748
HEARTS FOUR DIAMONDS JACK,0.4066,0.0218,0.5716
SPADES KING SPADES SIX,0.4028,0.0064,0.5908
SPADES FOUR HEARTS KING,0.4184,0.009,0.5726
SPADES JACK SPADES SIX,0.3984,0.016,0.5856
SPADES FOUR DIAMONDS JACK,0.4118,0.0152,0.573
SPADES FIVE DIAMONDS JACK,0.4114,0.017,0.5716
DIAMONDS JACK SPADES TWO,0.427,0.017,0.556
SPADES THREE DIAMONDS JACK,0.4254,0.016,0.5586
SPADES ACE DIAMONDS THREE,0.4092,0.0046,0.5862
SPADES QUEEN DIAMONDS THREE,0.4176,0.0132,0.5692
CLUBS EIGHT DIAMONDS JACK,0.3526,0.0166,0.6308
SPADES KING DIAMONDS THREE,0.4414,0.0094,0.5492
CLUBS NINE DIAMONDS JACK,0.3596,0.0148,0.6256
CLUBS SIX DIAMONDS JACK,0.4072,0.0156,0.5772
CLUBS SEVEN DIAMONDS JACK,0.2544,0.0482,0.6974
CLUBS FOUR DIAMONDS JACK,0.4112,0.0152,0.5736
CLUBS FIVE DIAMONDS JACK,0.4172,0.0156,0.5672
CLUBS TWO DIAMONDS JACK,0.4298,0.0158,0.5544
CLUBS THREE DIAMONDS JACK,0.42,0.0158,0.5642
HEARTS SIX SPADES JACK,0.4082,0.0158,0.576
SPADES JACK CLUBS FIVE,0.4194,0.0184,0.5622
SPADES JACK DIAMONDS THREE,0.4262,0.0184,0.5554
CLUBS SEVEN CLUBS ACE,0.2456,0.0188,0.7356
CLUBS SEVEN CLUBS QUEEN,0.2426,0.0392,0.7182
CLUBS SEVEN CLUBS KING,0.2444,0.034,0.7216
SPADES NINE DIAMONDS JACK,0.3598,0.0174,0.6228
CLUBS TEN CLUBS SEVEN,0.0172,0.9156,0.0672
DIAMONDS ACE HEARTS ACE,0.1586,0.0046,0.8368
HEARTS FOUR HEARTS ACE,0.3976,0.0046,0.5978
SPADES EIGHT DIAMONDS JACK,0.3662,0.0172,0.6166
SPADES ACE HEARTS SIX,0.4144,0.004,0.5816
CLUBS SEVEN CLUBS JACK,0.236,0.0574,0.7066
DIAMONDS ACE HEARTS KING,0.3428,0.0042,0.653
HEARTS FOUR HEARTS KING,0.393,0.0082,0.5988
SPADES SEVEN DIAMONDS JACK,0.254,0.0568,0.6892
SPADES KING HEARTS SIX,0.3962,0.0058,0.598
DIAMONDS ACE HEARTS QUEEN,0.3372,0.0054,0.6574
HEARTS FOUR HEARTS QUEEN,0.4,0.0086,0.5914
SPADES SIX DIAMONDS JACK,0.4106,0.0176,0.5718
SPADES QUEEN HEARTS SIX,0.4056,0.0122,0.5822
SPADES TWO DIAMONDS TEN,0.491,0.2896,0.2194
SPADES THREE DIAMONDS TEN,0.4826,0.3064,0.211
SPADES FOUR DIAMONDS TEN,0.4808,0.306,0.2132
SPADES FIVE DIAMONDS TEN,0.49,0.2982,0.2118
SPADES SIX DIAMONDS TEN,0.4914,0.2888,0.2198
SPADES SEVEN DIAMONDS TEN,0.0158,0.973,0.0112
SPADES EIGHT DIAMONDS TEN,0.227,0.228,0.545
SPADES NINE DIAMONDS TEN,0.2372,0.1698,0.593
CLUBS FOUR DIAMONDS TEN,0.4698,0.3026,0.2276
CLUBS FIVE DIAMONDS TEN,0.497,0.2834,0.2196
CLUBS SIX DIAMONDS TEN,0.4662,0.2976,0.2362
CLUBS SEVEN DIAMONDS TEN,0.0216,0.953,0.0254
CLUBS EIGHT DIAMONDS TEN,0.2244,0.2286,0.547
CLUBS NINE DIAMONDS TEN,0.2252,0.1636,0.6112
DIAMONDS THREE CLUBS JACK,0.416,0.0194,0.5646
CLUBS TEN DIAMONDS THREE,0.5054,0.278,0.2166
DIAMONDS THREE CLUBS KING,0.4196,0.0068,0.5736
DIAMONDS THREE CLUBS QUEEN,0.422,0.0102,0.5678
DIAMONDS THREE CLUBS ACE,0.4288,0.0034,0.5678
SPADES FOUR HEARTS JACK,0.4156,0.0168,0.5676
SPADES FOUR HEARTS TEN,0.4852,0.2906,0.2242
SPADES FIVE SPADES TWO,0.5988,0.0272,0.374
SPADES FOUR SPADES TWO,0.6062,0.0312,0.3626
SPADES THREE SPADES TWO,0.6098,0.0256,0.3646
SPADES NINE SPADES TWO,0.6032,0.026,0.3708
SPADES EIGHT SPADES TWO,0.6062,0.0272,0.3666
SPADES SEVEN SPADES TWO,0.662,0.0802,0.2578
SPADES SIX SPADES TWO,0.621,0.0268,0.3522
DIAMONDS QUEEN CLUBS THREE,0.4204,0.0126,0.567
CLUBS THREE HEARTS TWO,0.6262,0.0284,0.3454
DIAMONDS QUEEN CLUBS TWO,0.4266,0.0102,0.5632
HEARTS TWO CLUBS TWO,0.4408,0.0546,0.5046
HEARTS SIX DIAMONDS QUEEN,0.4122,0.0098,0.578
HEARTS SIX HEARTS TWO,0.628,0.0228,0.3492
DIAMONDS QUEEN HEARTS NINE,0.3508,0.0118,0.6374
HEARTS TWO HEARTS NINE,0.6056,0.0242,0.3702
DIAMONDS QUEEN HEARTS EIGHT,0.3684,0.0122,0.6194
HEARTS TWO HEARTS EIGHT,0.5978,0.0298,0.3724
CLUBS NINE HEARTS TWO,0.6432,0.0274,0.3294
CLUBS NINE DIAMONDS QUEEN,0.359,0.0082,0.6328
CLUBS EIGHT HEARTS TWO,0.6456,0.026,0.3284
CLUBS EIGHT DIAMONDS QUEEN,0.381,0.0106,0.6084
CLUBS FIVE DIAMONDS QUEEN,0.416,0.008,0.576
CLUBS FIVE HEARTS TWO,0.6318,0.0266,0.3416
SPADES EIGHT HEARTS ACE,0.3838,0.0052,0.611
DIAMONDS QUEEN CLUBS FOUR,0.4104,0.0116,0.578
HEARTS TWO CLUBS FOUR,0.637,0.0292,0.3338
CLUBS SEVEN DIAMONDS QUEEN,0.2652,0.046,0.6888
CLUBS SEVEN HEARTS TWO,0.7032,0.0754,0.2214
SPADES EIGHT HEARTS QUEEN,0.3634,0.0108,0.6258
CLUBS SIX DIAMONDS QUEEN,0.414,0.009,0.577
CLUBS SIX HEARTS TWO,0.6506,0.0296,0.3198
SPADES EIGHT HEARTS KING,0.3748,0.0082,0.617
DIAMONDS QUEEN SPADES SIX,0.421,0.0108,0.5682
HEARTS TWO SPADES SIX,0.6492,0.0294,0.3214
HEARTS FOUR CLUBS QUEEN,0.4106,0.0114,0.578
DIAMONDS ACE CLUBS QUEEN,0.3466,0.0026,0.6508
DIAMONDS QUEEN SPADES SEVEN,0.2642,0.0408,0.695
SPADES SEVEN HEARTS TWO,0.7014,0.0844,0.2142
HEARTS FOUR CLUBS KING,0.4274,0.007,0.5656
DIAMONDS ACE CLUBS KING,0.3512,0.0034,0.6454
SPADES EIGHT DIAMONDS QUEEN,0.3768,0.0112,0.612
SPADES EIGHT HEARTS TWO,0.6464,0.0256,0.328
HEARTS FOUR CLUBS ACE,0.4322,0.0034,0.5644
DIAMONDS ACE CLUBS ACE,0.1714,0.0016,0.827
SPADES NINE DIAMONDS QUEEN,0.3644,0.009,0.6266
SPADES NINE HEARTS TWO,0.6534,0.0294,0.3172
HEARTS TWO SPADES TWO,0.4278,0.059,0.5132
DIAMONDS QUEEN SPADES TWO,0.434,0.0124,0.5536
HEARTS TWO SPADES THREE,0.647,0.0286,0.3244
DIAMONDS QUEEN SPADES THREE,0.418,0.0126,0.5694
HEARTS TWO SPADES FOUR,0.639,0.033,0.328
DIAMONDS QUEEN SPADES FOUR,0.4276,0.01,0.5624
HEARTS FOUR CLUBS TEN,0.4922,0.2892,0.2186
CLUBS TEN DIAMONDS ACE,0.2568,0.022,0.7212
HEARTS TWO SPADES FIVE,0.635,0.033,0.332
DIAMONDS QUEEN SPADES FIVE,0.4244,0.0118,0.5638
HEARTS FOUR CLUBS JACK,0.417,0.0162,0.5668
DIAMONDS ACE CLUBS JACK,0.347,0.0034,0.6496
CLUBS FIVE CLUBS KING,0.376,0.0064,0.6176
CLUBS FIVE CLUBS QUEEN,0.3918,0.0114,0.5968
CLUBS FIVE CLUBS ACE,0.4012,0.003,0.5958
CLUBS FIVE CLUBS JACK,0.3862,0.0168,0.597
CLUBS TEN CLUBS FIVE,0.4584,0.272,0.2696
SPADES KING CLUBS JACK,0.332,0.0058,0.6622
SPADES QUEEN CLUBS JACK,0.3258,0.0116,0.6626
SPADES ACE CLUBS JACK,0.3342,0.0032,0.6626
SPADES SIX CLUBS KING,0.415,0.008,0.577
SPADES SIX CLUBS QUEEN,0.3976,0.0106,0.5918
SPADES EIGHT HEARTS JACK,0.3514,0.0192,0.6294
SPADES SIX CLUBS ACE,0.4052,0.0038,0.591
SPADES EIGHT HEARTS TEN,0.214,0.2336,0.5524
SPADES SIX CLUBS JACK,0.4166,0.0186,0.5648
CLUBS TEN SPADES SIX,0.4786,0.3014,0.22
SPADES JACK CLUBS JACK,0.1596,0.0214,0.819
SPADES QUEEN CLUBS SEVEN,0.2474,0.0418,0.7108
SPADES KING CLUBS SEVEN,0.2606,0.032,0.7074
SPADES ACE CLUBS SEVEN,0.2596,0.0248,0.7156
SPADES SIX HEARTS TEN,0.4826,0.2982,0.2192
SPADES SIX HEARTS JACK,0.3966,0.0192,0.5842
SPADES SIX HEARTS ACE,0.4134,0.003,0.5836
SPADES SIX HEARTS KING,0.4116,0.0088,0.5796
SPADES SIX HEARTS QUEEN,0.4042,0.0116,0.5842
CLUBS SEVEN SPADES JACK,0.2486,0.057,0.6944
CLUBS TEN HEARTS SIX,0.4728,0.3022,0.225
HEARTS SIX CLUBS JACK,0.4266,0.013,0.5604
CLUBS ACE CLUBS JACK,0.3212,0.0028,0.676
HEARTS SIX CLUBS QUEEN,0.413,0.0098,0.5772
HEARTS SIX CLUBS KING,0.4212,0.0068,0.572
HEARTS SIX CLUBS ACE,0.4138,0.0044,0.5818
CLUBS QUEEN CLUBS JACK,0.3012,0.0086,0.6902
CLUBS KING CLUBS JACK,0.3216,0.0048,0.6736
DIAMONDS THREE HEARTS ACE,0.4032,0.0052,0.5916
DIAMONDS THREE HEARTS QUEEN,0.4222,0.0112,0.5666
DIAMONDS THREE HEARTS KING,0.4202,0.0076,0.5722
CLUBS FIVE HEARTS JACK,0.418,0.0182,0.5638
CLUBS FIVE HEARTS TEN,0.4738,0.3004,0.2258
HEARTS FOUR SPADES JACK,0.4164,0.0148,0.5688
SPADES JACK DIAMONDS ACE,0.3334,0.0048,0.6618
SPADES ACE HEARTS FOUR,0.4074,0.0066,0.586
SPADES ACE DIAMONDS ACE,0.156,0.0038,0.8402
CLUBS FIVE HEARTS ACE,0.412,0.0036,0.5844
CLUBS FIVE HEARTS KING,0.4096,0.0078,0.5826
HEARTS FOUR SPADES QUEEN,0.4274,0.0134,0.5592
SPADES QUEEN DIAMONDS ACE,0.334,0.0054,0.6606
SPADES FOUR CLUBS JACK,0.425,0.0194,0.5556
CLUBS FIVE HEARTS QUEEN,0.406,0.0116,0.5824
SPADES KING DIAMONDS ACE,0.3604,0.0036,0.636
HEARTS FOUR SPADES KING,0.4152,0.007,0.5778
CLUBS TEN SPADES FOUR,0.471,0.3116,0.2174
DIAMONDS QUEEN DIAMONDS ACE,0.3182,0.0044,0.6774
HEARTS TWO DIAMONDS ACE,0.4326,0.0036,0.5638
HEARTS FOUR DIAMONDS QUEEN,0.429,0.0132,0.5578
HEARTS FOUR HEARTS TWO,0.6018,0.0254,0.3728
DIAMONDS THREE HEARTS TEN,0.4828,0.293,0.2242
SPADES FOUR CLUBS KING,0.411,0.006,0.583
HEARTS FIVE DIAMONDS QUEEN,0.4044,0.0094,0.5862
HEARTS FIVE HEARTS TWO,0.603,0.0272,0.3698
DIAMONDS THREE HEARTS JACK,0.4172,0.019,0.5638
SPADES FOUR CLUBS QUEEN,0.4296,0.0106,0.5598
DIAMONDS QUEEN HEARTS TWO,0.4348,0.0118,0.5534
DIAMONDS KING DIAMONDS QUEEN,0.3044,0.0064,0.6892
DIAMONDS KING HEARTS TWO,0.44,0.0064,0.5536
HEARTS THREE DIAMONDS QUEEN,0.4084,0.0118,0.5798
HEARTS THREE HEARTS TWO,0.6022,0.0314,0.3664
SPADES FOUR CLUBS ACE,0.4264,0.0052,0.5684
HEARTS TWO CLUBS ACE,0.4158,0.0036,0.5806
DIAMONDS QUEEN CLUBS ACE,0.3494,0.0028,0.6478
HEARTS TWO CLUBS QUEEN,0.4236,0.0122,0.5642
DIAMONDS QUEEN CLUBS QUEEN,0.1772,0.013,0.8098
HEARTS TWO CLUBS KING,0.4268,0.0084,0.5648
DIAMONDS QUEEN CLUBS KING,0.3272,0.0044,0.6684
SPADES EIGHT SPADES FIVE,0.587,0.0266,0.3864
CLUBS TEN HEARTS TWO,0.4878,0.292,0.2202
CLUBS TEN DIAMONDS QUEEN,0.2504,0.0374,0.7122
SPADES NINE SPADES FIVE,0.5972,0.0262,0.3766
HEARTS TWO CLUBS JACK,0.438,0.0172,0.5448
DIAMONDS QUEEN CLUBS JACK,0.309,0.0068,0.6842
SPADES SIX SPADES FIVE,0.5884,0.0292,0.3824
SPADES SEVEN SPADES FIVE,0.6428,0.078,0.2792
DIAMONDS FIVE CLUBS QUEEN,0.4176,0.013,0.5694
SPADES EIGHT CLUBS ACE,0.388,0.005,0.607
DIAMONDS FIVE CLUBS KING,0.4226,0.0056,0.5718
SPADES EIGHT CLUBS KING,0.3752,0.008,0.6168
