opposingHand,winningChance,drawChance,lostChance
HEARTS ACE HEARTS QUEEN
HEARTS FIVE SPADES TEN,0.6946,0.0056,0.2998
SPADES JACK HEARTS FIVE,0.6792,0.005,0.3158
CLUBS JACK SPADES FIVE,0.6894,0.0036,0.307
CLUBS TEN SPADES FIVE,0.6838,0.0036,0.3126
CLUBS JACK CLUBS EIGHT,0.6354,0.006,0.3586
CLUBS TEN CLUBS EIGHT,0.6212,0.0046,0.3742
CLUBS EIGHT CLUBS KING,0.6324,0.005,0.3626
SPADES FIVE CLUBS ACE,0.6964,0.0614,0.2422
CLUBS EIGHT CLUBS QUEEN,0.7062,0.0142,0.2796
SPADES FIVE CLUBS KING,0.6622,0.003,0.3348
SPADES FIVE CLUBS QUEEN,0.7664,0.0158,0.2178
CLUBS EIGHT CLUBS ACE,0.674,0.0562,0.2698
DIAMONDS TWO DIAMONDS THREE,0.6322,0.0048,0.363
DIAMONDS TWO DIAMONDS FIVE,0.6198,0.0074,0.3728
SPADES KING HEARTS FIVE,0.6542,0.0054,0.3404
DIAMONDS TWO DIAMONDS FOUR,0.6398,0.0056,0.3546
SPADES QUEEN HEARTS FIVE,0.7608,0.019,0.2202
DIAMONDS TWO DIAMONDS SEVEN,0.655,0.0052,0.3398
DIAMONDS TWO DIAMONDS SIX,0.6558,0.0054,0.3388
SPADES ACE HEARTS FIVE,0.6924,0.0592,0.2484
DIAMONDS TWO DIAMONDS NINE,0.6536,0.0054,0.341
DIAMONDS TWO DIAMONDS EIGHT,0.6484,0.0056,0.346
DIAMONDS THREE DIAMONDS FOUR,0.6142,0.0046,0.3812
CLUBS TWO SPADES FOUR,0.6816,0.0038,0.3146
DIAMONDS THREE DIAMONDS FIVE,0.627,0.005,0.368
CLUBS TWO SPADES FIVE,0.6796,0.0042,0.3162
CLUBS TWO SPADES TWO,0.5,0.0072,0.4928
CLUBS TWO SPADES THREE,0.6828,0.0056,0.3116
DIAMONDS THREE DIAMONDS EIGHT,0.6518,0.0038,0.3444
SPADES EIGHT CLUBS TWO,0.6916,0.0052,0.3032
DIAMONDS THREE DIAMONDS NINE,0.6476,0.0044,0.348
SPADES NINE CLUBS TWO,0.6974,0.0044,0.2982
DIAMONDS THREE DIAMONDS SIX,0.6284,0.0046,0.367
SPADES SIX CLUBS TWO,0.68,0.0034,0.3166
DIAMONDS THREE DIAMONDS SEVEN,0.6364,0.0058,0.3578
SPADES SEVEN CLUBS TWO,0.6938,0.005,0.3012
CLUBS SIX CLUBS TWO,0.6512,0.0048,0.344
CLUBS SEVEN CLUBS TWO,0.6556,0.0048,0.3396
CLUBS FOUR CLUBS TWO,0.6302,0.0048,0.365
CLUBS FIVE CLUBS TWO,0.6134,0.0056,0.381
CLUBS TEN CLUBS JACK,0.624,0.0032,0.3728
DIAMONDS FOUR DIAMONDS SIX,0.616,0.004,0.38
CLUBS TEN CLUBS QUEEN,0.7,0.0146,0.2854
DIAMONDS FOUR DIAMONDS SEVEN,0.6322,0.005,0.3628
CLUBS TEN CLUBS KING,0.6022,0.0044,0.3934
CLUBS TEN CLUBS ACE,0.6834,0.0492,0.2674
CLUBS EIGHT CLUBS TWO,0.6458,0.0054,0.3488
DIAMONDS FIVE DIAMONDS FOUR,0.6106,0.0066,0.3828
CLUBS NINE CLUBS TWO,0.656,0.004,0.34
DIAMONDS NINE DIAMONDS FOUR,0.649,0.0044,0.3466
DIAMONDS EIGHT DIAMONDS FOUR,0.6366,0.0048,0.3586
CLUBS TWO CLUBS THREE,0.6368,0.0046,0.3586
DIAMONDS NINE DIAMONDS FIVE,0.6372,0.0046,0.3582
CLUBS JACK DIAMONDS TWO,0.6986,0.0046,0.2968
DIAMONDS EIGHT DIAMONDS FIVE,0.6286,0.005,0.3664
CLUBS TEN DIAMONDS TWO,0.7052,0.0042,0.2906
DIAMONDS FIVE DIAMONDS SEVEN,0.6076,0.0052,0.3872
DIAMONDS FIVE DIAMONDS SIX,0.615,0.0054,0.3796
DIAMONDS TWO CLUBS ACE,0.7122,0.0558,0.232
DIAMONDS TWO CLUBS KING,0.6912,0.006,0.3028
DIAMONDS TWO CLUBS QUEEN,0.7716,0.0188,0.2096
DIAMONDS EIGHT DIAMONDS SIX,0.6058,0.0048,0.3894
DIAMONDS NINE DIAMONDS SIX,0.6182,0.0052,0.3766
SPADES THREE HEARTS KING,0.6658,0.005,0.3292
DIAMONDS SEVEN DIAMONDS SIX,0.6056,0.0046,0.3898
HEARTS JACK SPADES THREE,0.687,0.0048,0.3082
SPADES THREE HEARTS TEN,0.6984,0.0062,0.2954
DIAMONDS EIGHT DIAMONDS SEVEN,0.6088,0.0056,0.3856
DIAMONDS NINE DIAMONDS SEVEN,0.634,0.0042,0.3618
DIAMONDS NINE DIAMONDS EIGHT,0.6226,0.0048,0.3726
DIAMONDS KING HEARTS TEN,0.6266,0.006,0.3674
HEARTS THREE HEARTS TEN,0.702,0.0062,0.2918
SPADES JACK CLUBS SIX,0.693,0.0034,0.3036
DIAMONDS KING HEARTS JACK,0.6442,0.0054,0.3504
HEARTS THREE HEARTS JACK,0.7048,0.006,0.2892
SPADES TEN CLUBS SIX,0.6974,0.0018,0.3008
SPADES JACK SPADES FIVE,0.6466,0.0038,0.3496
SPADES TEN SPADES FIVE,0.6502,0.0048,0.345
SPADES ACE CLUBS SIX,0.7174,0.058,0.2246
SPADES KING CLUBS SIX,0.6724,0.0044,0.3232
DIAMONDS KING HEARTS KING,0.3176,0.004,0.6784
HEARTS THREE HEARTS KING,0.6668,0.0076,0.3256
SPADES QUEEN CLUBS SIX,0.7648,0.0124,0.2228
SPADES NINE HEARTS TEN,0.6456,0.0052,0.3492
SPADES NINE HEARTS JACK,0.661,0.007,0.332
SPADES QUEEN SPADES FIVE,0.7122,0.0146,0.2732
SPADES KING SPADES FIVE,0.611,0.0048,0.3842
SPADES ACE SPADES FIVE,0.6514,0.0556,0.293
SPADES NINE HEARTS KING,0.6566,0.0042,0.3392
CLUBS TEN SPADES JACK,0.6484,0.0036,0.348
CLUBS TEN SPADES TEN,0.474,0.0054,0.5206
SPADES ACE CLUBS TEN,0.7168,0.06,0.2232
CLUBS TEN SPADES KING,0.649,0.0058,0.3452
CLUBS TEN SPADES QUEEN,0.728,0.0152,0.2568
SPADES FIVE HEARTS KING,0.655,0.0076,0.3374
CLUBS EIGHT SPADES TEN,0.6664,0.0044,0.3292
HEARTS THREE SPADES JACK,0.6858,0.0046,0.3096
SPADES JACK DIAMONDS KING,0.654,0.0062,0.3398
SPADES TEN DIAMONDS KING,0.6434,0.005,0.3516
HEARTS THREE SPADES TEN,0.6958,0.004,0.3002
CLUBS EIGHT SPADES JACK,0.6706,0.0028,0.3266
SPADES ACE CLUBS EIGHT,0.7142,0.057,0.2288
CLUBS JACK HEARTS FIVE,0.689,0.0048,0.3062
CLUBS TEN HEARTS FIVE,0.6946,0.005,0.3004
SPADES QUEEN CLUBS EIGHT,0.7558,0.0148,0.2294
CLUBS TEN SPADES THREE,0.692,0.0052,0.3028
CLUBS SIX HEARTS KING,0.6674,0.0052,0.3274
SPADES KING CLUBS EIGHT,0.6758,0.0044,0.3198
CLUBS JACK SPADES THREE,0.6946,0.005,0.3004
DIAMONDS TWO HEARTS JACK,0.6946,0.0048,0.3006
SPADES THREE CLUBS QUEEN,0.7784,0.0168,0.2048
DIAMONDS TWO HEARTS TEN,0.7054,0.0052,0.2894
SPADES THREE CLUBS KING,0.6804,0.006,0.3136
HEARTS FIVE CLUBS ACE,0.6924,0.0574,0.2502
SPADES FIVE HEARTS TEN,0.6988,0.0044,0.2968
SPADES THREE CLUBS ACE,0.7042,0.0614,0.2344
HEARTS FIVE CLUBS KING,0.652,0.0068,0.3412
SPADES FIVE HEARTS JACK,0.6952,0.0036,0.3012
HEARTS FIVE CLUBS QUEEN,0.7644,0.0162,0.2194
HEARTS THREE CLUBS KING,0.669,0.0068,0.3242
DIAMONDS KING CLUBS KING,0.3044,0.0038,0.6918
HEARTS THREE CLUBS QUEEN,0.7624,0.019,0.2186
DIAMONDS KING CLUBS QUEEN,0.7428,0.012,0.2452
HEARTS FIVE HEARTS JACK,0.6968,0.0062,0.297
HEARTS FIVE HEARTS TEN,0.6824,0.0052,0.3124
HEARTS THREE CLUBS ACE,0.7024,0.0632,0.2344
DIAMONDS KING CLUBS ACE,0.2918,0.043,0.6652
SPADES ACE CLUBS QUEEN,0.0654,0.9156,0.019
SPADES KING CLUBS QUEEN,0.7584,0.0106,0.231
CLUBS JACK HEARTS THREE,0.6946,0.004,0.3014
CLUBS JACK DIAMONDS KING,0.6546,0.005,0.3404
SPADES QUEEN CLUBS QUEEN,0.3594,0.0136,0.627
CLUBS TEN HEARTS THREE,0.7016,0.0028,0.2956
CLUBS TEN DIAMONDS KING,0.639,0.005,0.356
SPADES JACK CLUBS QUEEN,0.752,0.0152,0.2328
CLUBS SIX CLUBS QUEEN,0.716,0.0152,0.2688
SPADES TEN CLUBS QUEEN,0.7418,0.0122,0.246
CLUBS SIX CLUBS KING,0.626,0.004,0.37
CLUBS SIX CLUBS ACE,0.6684,0.056,0.2756
HEARTS FIVE HEARTS KING,0.669,0.0058,0.3252
CLUBS TEN CLUBS SIX,0.6496,0.0042,0.3462
CLUBS JACK CLUBS SIX,0.6584,0.0062,0.3354
SPADES SEVEN HEARTS JACK,0.673,0.005,0.322
SPADES SEVEN HEARTS TEN,0.6668,0.002,0.3312
DIAMONDS TWO CLUBS TWO,0.491,0.0072,0.5018
DIAMONDS TWO CLUBS THREE,0.6776,0.007,0.3154
HEARTS SIX DIAMONDS TWO,0.6718,0.0072,0.321
DIAMONDS TWO HEARTS SEVEN,0.6892,0.0044,0.3064
DIAMONDS TWO HEARTS KING,0.6738,0.0064,0.3198
DIAMONDS TWO HEARTS EIGHT,0.6766,0.0054,0.318
DIAMONDS TWO HEARTS NINE,0.6922,0.0046,0.3032
DIAMONDS TWO DIAMONDS QUEEN,0.7472,0.015,0.2378
DIAMONDS TWO HEARTS TWO,0.4864,0.0076,0.506
DIAMONDS TWO DIAMONDS KING,0.62,0.005,0.375
HEARTS THREE DIAMONDS TWO,0.6834,0.0054,0.3112
DIAMONDS TWO DIAMONDS ACE,0.6606,0.0574,0.282
HEARTS FOUR DIAMONDS TWO,0.682,0.0054,0.3126
DIAMONDS TWO HEARTS FIVE,0.6684,0.0062,0.3254
DIAMONDS TWO DIAMONDS TEN,0.6534,0.006,0.3406
SPADES SEVEN HEARTS KING,0.657,0.0064,0.3366
DIAMONDS TWO DIAMONDS JACK,0.6726,0.0054,0.322
DIAMONDS TWO SPADES NINE,0.6926,0.0052,0.3022
DIAMONDS TWO SPADES EIGHT,0.6864,0.0058,0.3078
DIAMONDS TWO SPADES SEVEN,0.6956,0.005,0.2994
DIAMONDS TWO SPADES SIX,0.6914,0.0046,0.304
DIAMONDS TWO SPADES FIVE,0.6636,0.0048,0.3316
DIAMONDS TWO SPADES FOUR,0.6772,0.0052,0.3176
DIAMONDS TWO SPADES THREE,0.6656,0.0058,0.3286
DIAMONDS TWO SPADES TWO,0.5098,0.006,0.4842
DIAMONDS TWO CLUBS NINE,0.694,0.0052,0.3008
CLUBS EIGHT DIAMONDS TWO,0.6976,0.0044,0.298
DIAMONDS TWO CLUBS SEVEN,0.6962,0.0056,0.2982
DIAMONDS TWO CLUBS SIX,0.6788,0.0054,0.3158
DIAMONDS TWO CLUBS FIVE,0.6742,0.007,0.3188
DIAMONDS TWO CLUBS FOUR,0.6572,0.006,0.3368
CLUBS FOUR SPADES FIVE,0.6436,0.0046,0.3518
CLUBS FOUR SPADES FOUR,0.4984,0.0044,0.4972
CLUBS FOUR SPADES THREE,0.6464,0.005,0.3486
CLUBS FOUR SPADES TWO,0.6716,0.0046,0.3238
SPADES NINE CLUBS FOUR,0.6888,0.004,0.3072
SPADES EIGHT CLUBS FOUR,0.6748,0.003,0.3222
CLUBS FOUR SPADES SEVEN,0.6682,0.0046,0.3272
CLUBS FOUR SPADES SIX,0.669,0.0062,0.3248
SPADES ACE DIAMONDS SIX,0.7076,0.062,0.2304
SPADES QUEEN DIAMONDS SIX,0.762,0.0162,0.2218
SPADES KING DIAMONDS SIX,0.6736,0.0024,0.324
SPADES TEN DIAMONDS SIX,0.6728,0.0042,0.323
SPADES JACK DIAMONDS SIX,0.7022,0.0046,0.2932
SPADES QUEEN SPADES TWO,0.7252,0.0152,0.2596
SPADES KING SPADES TWO,0.6338,0.005,0.3612
SPADES ACE SPADES TWO,0.6582,0.0596,0.2822
CLUBS JACK DIAMONDS JACK,0.4656,0.0026,0.5318
CLUBS TEN DIAMONDS JACK,0.6468,0.0058,0.3474
DIAMONDS JACK CLUBS KING,0.6452,0.0064,0.3484
DIAMONDS JACK CLUBS QUEEN,0.7486,0.013,0.2384
DIAMONDS THREE DIAMONDS JACK,0.6574,0.0058,0.3368
DIAMONDS THREE DIAMONDS TEN,0.6514,0.0066,0.342
DIAMONDS JACK CLUBS ACE,0.7136,0.0578,0.2286
DIAMONDS THREE DIAMONDS KING,0.6252,0.006,0.3688
HEARTS THREE DIAMONDS THREE,0.5092,0.0048,0.486
DIAMONDS THREE DIAMONDS QUEEN,0.7216,0.0198,0.2586
DIAMONDS THREE HEARTS TWO,0.6842,0.0062,0.3096
HEARTS FIVE DIAMONDS THREE,0.658,0.0038,0.3382
DIAMONDS THREE DIAMONDS ACE,0.6534,0.0594,0.2872
HEARTS FOUR DIAMONDS THREE,0.657,0.0064,0.3366
DIAMONDS THREE HEARTS SEVEN,0.672,0.0056,0.3224
SPADES TEN SPADES NINE,0.616,0.0048,0.3792
HEARTS SIX DIAMONDS THREE,0.6662,0.005,0.3288
SPADES JACK SPADES NINE,0.6228,0.0056,0.3716
DIAMONDS THREE HEARTS NINE,0.6824,0.0064,0.3112
HEARTS JACK DIAMONDS FOUR,0.6884,0.0068,0.3048
SPADES TEN SPADES TWO,0.658,0.0068,0.3352
DIAMONDS THREE HEARTS EIGHT,0.6876,0.0054,0.307
HEARTS TEN DIAMONDS FOUR,0.69,0.0054,0.3046
SPADES JACK SPADES TWO,0.6656,0.004,0.3304
HEARTS KING DIAMONDS FOUR,0.6468,0.0082,0.345
SPADES ACE SPADES NINE,0.678,0.0596,0.2624
SPADES KING SPADES NINE,0.6182,0.0056,0.3762
SPADES QUEEN SPADES NINE,0.7144,0.0146,0.271
DIAMONDS THREE SPADES NINE,0.6918,0.0034,0.3048
DIAMONDS THREE SPADES EIGHT,0.6956,0.005,0.2994
DIAMONDS THREE SPADES SEVEN,0.6814,0.0038,0.3148
DIAMONDS THREE SPADES SIX,0.6596,0.0058,0.3346
DIAMONDS THREE CLUBS SIX,0.6772,0.0028,0.32
CLUBS SIX CLUBS FIVE,0.5984,0.0046,0.397
CLUBS ACE DIAMONDS FOUR,0.68,0.0636,0.2564
DIAMONDS THREE CLUBS SEVEN,0.6882,0.0038,0.308
CLUBS SEVEN CLUBS FIVE,0.6182,0.0052,0.3766
DIAMONDS THREE CLUBS FOUR,0.661,0.0046,0.3344
DIAMONDS FOUR CLUBS QUEEN,0.7568,0.0172,0.226
DIAMONDS THREE CLUBS FIVE,0.6538,0.0042,0.342
DIAMONDS FOUR CLUBS KING,0.6704,0.0048,0.3248
DIAMONDS THREE CLUBS TWO,0.6758,0.0044,0.3198
CLUBS TEN DIAMONDS FOUR,0.6936,0.0042,0.3022
DIAMONDS THREE CLUBS THREE,0.5118,0.0042,0.484
CLUBS JACK DIAMONDS FOUR,0.6942,0.004,0.3018
DIAMONDS THREE SPADES FOUR,0.6712,0.0056,0.3232
DIAMONDS THREE SPADES FIVE,0.6504,0.0052,0.3444
DIAMONDS THREE SPADES TWO,0.6752,0.0044,0.3204
DIAMONDS THREE SPADES THREE,0.5142,0.0038,0.482
CLUBS EIGHT DIAMONDS THREE,0.69,0.0048,0.3052
CLUBS NINE DIAMONDS THREE,0.694,0.005,0.301
SPADES SEVEN CLUBS ACE,0.7058,0.0608,0.2334
SPADES SEVEN CLUBS QUEEN,0.7634,0.0124,0.2242
SPADES SEVEN CLUBS KING,0.6668,0.0044,0.3288
SPADES SEVEN CLUBS FIVE,0.6536,0.0034,0.343
CLUBS TEN SPADES SEVEN,0.66,0.0042,0.3358
CLUBS FIVE SPADES SIX,0.6368,0.0046,0.3586
CLUBS JACK SPADES SEVEN,0.6996,0.0028,0.2976
SPADES NINE CLUBS FIVE,0.6732,0.0048,0.322
SPADES EIGHT CLUBS FIVE,0.66,0.0046,0.3354
CLUBS FIVE SPADES THREE,0.662,0.0028,0.3352
CLUBS FIVE SPADES TWO,0.6498,0.008,0.3422
CLUBS FIVE SPADES FIVE,0.499,0.0036,0.4974
CLUBS FIVE SPADES FOUR,0.647,0.0042,0.3488
CLUBS NINE CLUBS FIVE,0.6284,0.0048,0.3668
CLUBS EIGHT CLUBS FIVE,0.6344,0.0042,0.3614
CLUBS ACE CLUBS QUEEN,0.0724,0.8512,0.0764
CLUBS KING CLUBS QUEEN,0.7138,0.0128,0.2734
DIAMONDS TEN DIAMONDS FOUR,0.6526,0.0052,0.3422
CLUBS TEN DIAMONDS NINE,0.6584,0.0042,0.3374
DIAMONDS JACK DIAMONDS FOUR,0.645,0.006,0.349
CLUBS JACK DIAMONDS NINE,0.6588,0.0038,0.3374
CLUBS JACK SPADES NINE,0.6638,0.0054,0.3308
CLUBS TEN SPADES NINE,0.6564,0.0064,0.3372
DIAMONDS ACE DIAMONDS FOUR,0.6568,0.059,0.2842
HEARTS FOUR DIAMONDS FOUR,0.4942,0.0072,0.4986
DIAMONDS JACK HEARTS TEN,0.6362,0.0038,0.36
SPADES NINE CLUBS KING,0.6588,0.0046,0.3366
DIAMONDS TWO SPADES TEN,0.6926,0.006,0.3014
DIAMONDS NINE CLUBS ACE,0.7268,0.0592,0.214
HEARTS FIVE DIAMONDS FOUR,0.6392,0.005,0.3558
HEARTS JACK DIAMONDS JACK,0.456,0.0042,0.5398
SPADES NINE CLUBS QUEEN,0.7656,0.0134,0.221
DIAMONDS TWO SPADES JACK,0.705,0.0044,0.2906
DIAMONDS QUEEN DIAMONDS FOUR,0.729,0.0144,0.2566
HEARTS TWO DIAMONDS FOUR,0.6518,0.006,0.3422
DIAMONDS NINE CLUBS QUEEN,0.7528,0.0154,0.2318
DIAMONDS KING DIAMONDS FOUR,0.6274,0.0056,0.367
HEARTS THREE DIAMONDS FOUR,0.6638,0.0066,0.3296
SPADES NINE CLUBS ACE,0.712,0.0582,0.2298
DIAMONDS NINE CLUBS KING,0.6672,0.0034,0.3294
SPADES ACE DIAMONDS TWO,0.7132,0.065,0.2218
SPADES QUEEN DIAMONDS TWO,0.778,0.0196,0.2024
DIAMONDS JACK HEARTS KING,0.6328,0.0058,0.3614
SPADES KING DIAMONDS TWO,0.6768,0.0044,0.3188
SPADES JACK SPADES SEVEN,0.633,0.005,0.362
SPADES TEN SPADES SEVEN,0.6326,0.0044,0.363
CLUBS SEVEN CLUBS THREE,0.6512,0.0044,0.3444
CLUBS SIX CLUBS THREE,0.637,0.0044,0.3586
CLUBS FIVE CLUBS THREE,0.6232,0.0052,0.3716
CLUBS FOUR CLUBS THREE,0.6198,0.0066,0.3736
CLUBS NINE CLUBS THREE,0.633,0.004,0.363
CLUBS EIGHT CLUBS THREE,0.652,0.005,0.343
SPADES FIVE CLUBS THREE,0.6602,0.0036,0.3362
CLUBS THREE SPADES FOUR,0.644,0.0068,0.3492
CLUBS THREE SPADES THREE,0.4986,0.0034,0.498
CLUBS THREE SPADES TWO,0.67,0.0058,0.3242
SPADES SIX CLUBS THREE,0.6692,0.0038,0.327
SPADES SEVEN CLUBS THREE,0.6874,0.0036,0.309
SPADES EIGHT CLUBS THREE,0.6866,0.0056,0.3078
SPADES NINE CLUBS THREE,0.6856,0.005,0.3094
SPADES TWO DIAMONDS FOUR,0.6652,0.0056,0.3292
SPADES THREE DIAMONDS FOUR,0.6676,0.0024,0.33
SPADES FOUR DIAMONDS FOUR,0.5054,0.0048,0.4898
SPADES FIVE DIAMONDS FOUR,0.6422,0.0046,0.3532
SPADES SIX DIAMONDS FOUR,0.6576,0.0044,0.338
SPADES SEVEN DIAMONDS FOUR,0.679,0.0042,0.3168
SPADES EIGHT DIAMONDS FOUR,0.6892,0.0032,0.3076
SPADES NINE DIAMONDS FOUR,0.6966,0.005,0.2984
CLUBS FIVE DIAMONDS FOUR,0.6442,0.0058,0.35
CLUBS FOUR DIAMONDS FOUR,0.493,0.004,0.503
CLUBS SEVEN DIAMONDS FOUR,0.6764,0.0052,0.3184
CLUBS SIX DIAMONDS FOUR,0.6594,0.005,0.3356
CLUBS NINE DIAMONDS FOUR,0.6902,0.0038,0.306
CLUBS EIGHT DIAMONDS FOUR,0.6872,0.003,0.3098
DIAMONDS FOUR HEARTS SEVEN,0.6708,0.0042,0.325
HEARTS SIX DIAMONDS FOUR,0.6498,0.0056,0.3446
HEARTS NINE DIAMONDS FOUR,0.697,0.0036,0.2994
DIAMONDS FOUR HEARTS EIGHT,0.676,0.0052,0.3188
CLUBS THREE DIAMONDS FOUR,0.6582,0.0038,0.338
CLUBS TWO DIAMONDS FOUR,0.6722,0.0054,0.3224
DIAMONDS TEN DIAMONDS FIVE,0.6584,0.0038,0.3378
DIAMONDS JACK DIAMONDS FIVE,0.6402,0.004,0.3558
DIAMONDS NINE HEARTS KING,0.6444,0.0046,0.351
DIAMONDS NINE HEARTS TEN,0.6416,0.0064,0.352
DIAMONDS NINE HEARTS JACK,0.6588,0.0052,0.336
CLUBS KING DIAMONDS SIX,0.6792,0.0024,0.3184
CLUBS QUEEN DIAMONDS SIX,0.7666,0.0138,0.2196
CLUBS ACE DIAMONDS SIX,0.7056,0.0572,0.2372
SPADES KING DIAMONDS FOUR,0.6598,0.0036,0.3366
SPADES ACE SPADES SEVEN,0.6722,0.0584,0.2694
SPADES QUEEN DIAMONDS FOUR,0.7738,0.017,0.2092
SPADES QUEEN SPADES SEVEN,0.7308,0.013,0.2562
CLUBS JACK DIAMONDS SIX,0.6954,0.0044,0.3002
SPADES KING SPADES SEVEN,0.6296,0.003,0.3674
SPADES ACE DIAMONDS FOUR,0.7044,0.055,0.2406
CLUBS TEN DIAMONDS SIX,0.6844,0.0026,0.313
CLUBS NINE CLUBS FOUR,0.6512,0.0056,0.3432
CLUBS EIGHT CLUBS FOUR,0.6536,0.0036,0.3428
SPADES JACK DIAMONDS FOUR,0.6854,0.0034,0.3112
SPADES TEN DIAMONDS FOUR,0.6898,0.0058,0.3044
CLUBS FOUR CLUBS FIVE,0.6042,0.0052,0.3906
CLUBS SEVEN CLUBS FOUR,0.626,0.0052,0.3688
CLUBS SIX CLUBS FOUR,0.6284,0.0046,0.367
CLUBS SEVEN SPADES EIGHT,0.6482,0.0022,0.3496
SPADES NINE CLUBS SEVEN,0.6536,0.0048,0.3416
CLUBS SEVEN SPADES SIX,0.6498,0.0042,0.346
CLUBS SEVEN SPADES SEVEN,0.5012,0.0042,0.4946
CLUBS SEVEN SPADES FIVE,0.6512,0.0044,0.3444
CLUBS SEVEN SPADES FOUR,0.6788,0.0034,0.3178
CLUBS SEVEN SPADES THREE,0.6916,0.0058,0.3026
CLUBS SEVEN SPADES TWO,0.6952,0.0038,0.301
CLUBS NINE CLUBS SEVEN,0.6136,0.005,0.3814
CLUBS EIGHT CLUBS SEVEN,0.6042,0.004,0.3918
HEARTS SIX DIAMONDS FIVE,0.6452,0.0046,0.3502
DIAMONDS FIVE HEARTS SEVEN,0.658,0.0046,0.3374
DIAMONDS FIVE HEARTS EIGHT,0.6752,0.0058,0.319
HEARTS NINE DIAMONDS FIVE,0.6732,0.005,0.3218
DIAMONDS QUEEN DIAMONDS FIVE,0.7118,0.0192,0.269
HEARTS TWO DIAMONDS FIVE,0.6786,0.0066,0.3148
HEARTS KING HEARTS EIGHT,0.6652,0.008,0.3268
DIAMONDS KING DIAMONDS FIVE,0.6214,0.0054,0.3732
HEARTS THREE DIAMONDS FIVE,0.6452,0.0052,0.3496
DIAMONDS ACE DIAMONDS FIVE,0.6358,0.0578,0.3064
HEARTS FOUR DIAMONDS FIVE,0.639,0.004,0.357
HEARTS FIVE DIAMONDS FIVE,0.489,0.0044,0.5066
CLUBS FOUR DIAMONDS FIVE,0.6392,0.0032,0.3576
CLUBS FIVE DIAMONDS FIVE,0.4858,0.0034,0.5108
CLUBS SIX DIAMONDS FIVE,0.6518,0.0048,0.3434
CLUBS SEVEN DIAMONDS FIVE,0.663,0.0036,0.3334
CLUBS TWO DIAMONDS FIVE,0.6732,0.004,0.3228
CLUBS THREE DIAMONDS FIVE,0.6574,0.0062,0.3364
SPADES THREE DIAMONDS FIVE,0.6628,0.0036,0.3336
SPADES TWO DIAMONDS FIVE,0.6772,0.0046,0.3182
SPADES JACK DIAMONDS EIGHT,0.6752,0.005,0.3198
SPADES FIVE DIAMONDS FIVE,0.5064,0.0046,0.489
CLUBS TEN HEARTS JACK,0.637,0.0054,0.3576
SPADES TEN DIAMONDS EIGHT,0.664,0.0034,0.3326
SPADES FOUR DIAMONDS FIVE,0.653,0.0032,0.3438
CLUBS JACK HEARTS JACK,0.465,0.006,0.529
HEARTS JACK CLUBS QUEEN,0.733,0.0168,0.2502
CLUBS NINE DIAMONDS FIVE,0.678,0.003,0.319
CLUBS EIGHT DIAMONDS FIVE,0.6624,0.0038,0.3338
HEARTS JACK CLUBS KING,0.6388,0.0068,0.3544
HEARTS JACK CLUBS ACE,0.7056,0.0616,0.2328
SPADES SEVEN DIAMONDS FIVE,0.6592,0.0052,0.3356
SPADES KING DIAMONDS EIGHT,0.6642,0.0066,0.3292
SPADES QUEEN DIAMONDS EIGHT,0.7544,0.0168,0.2288
SPADES SIX DIAMONDS FIVE,0.6404,0.0046,0.355
SPADES NINE DIAMONDS FIVE,0.6752,0.0026,0.3222
SPADES EIGHT DIAMONDS FIVE,0.6898,0.004,0.3062
SPADES ACE DIAMONDS EIGHT,0.7152,0.0584,0.2264
DIAMONDS TEN DIAMONDS SIX,0.6316,0.005,0.3634
DIAMONDS JACK DIAMONDS SIX,0.6554,0.0048,0.3398
HEARTS KING DIAMONDS SEVEN,0.656,0.0038,0.3402
DIAMONDS ACE DIAMONDS SIX,0.6762,0.0552,0.2686
HEARTS FOUR DIAMONDS SIX,0.6516,0.0038,0.3446
HEARTS JACK SPADES TWO,0.6968,0.005,0.2982
HEARTS FIVE DIAMONDS SIX,0.6356,0.0046,0.3598
SPADES TWO HEARTS TEN,0.6918,0.0046,0.3036
DIAMONDS QUEEN DIAMONDS SIX,0.7282,0.015,0.2568
HEARTS TWO DIAMONDS SIX,0.6786,0.004,0.3174
DIAMONDS KING DIAMONDS SIX,0.6304,0.0054,0.3642
HEARTS THREE DIAMONDS SIX,0.673,0.0048,0.3222
HEARTS EIGHT DIAMONDS SIX,0.6554,0.0044,0.3402
HEARTS NINE DIAMONDS SIX,0.6708,0.0042,0.325
HEARTS SIX DIAMONDS SIX,0.4832,0.0034,0.5134
HEARTS SEVEN DIAMONDS SIX,0.6614,0.0044,0.3342
HEARTS TEN DIAMONDS SEVEN,0.6704,0.004,0.3256
CLUBS TWO DIAMONDS SIX,0.6862,0.0058,0.308
HEARTS JACK DIAMONDS SEVEN,0.6722,0.0062,0.3216
CLUBS THREE DIAMONDS SIX,0.6692,0.0034,0.3274
CLUBS SEVEN DIAMONDS SIX,0.6482,0.0048,0.347
CLUBS JACK DIAMONDS EIGHT,0.6716,0.0038,0.3246
CLUBS SIX DIAMONDS SIX,0.5038,0.0028,0.4934
CLUBS TEN DIAMONDS EIGHT,0.6646,0.0032,0.3322
CLUBS FIVE DIAMONDS SIX,0.6554,0.0046,0.34
CLUBS FOUR DIAMONDS SIX,0.6718,0.0016,0.3266
DIAMONDS EIGHT CLUBS ACE,0.7104,0.0626,0.227
DIAMONDS EIGHT CLUBS KING,0.6642,0.0046,0.3312
CLUBS NINE DIAMONDS SIX,0.6626,0.0062,0.3312
HEARTS JACK HEARTS KING,0.6382,0.0046,0.3572
CLUBS EIGHT DIAMONDS SIX,0.6576,0.0026,0.3398
DIAMONDS EIGHT CLUBS QUEEN,0.7592,0.0134,0.2274
SPADES TEN HEARTS KING,0.6362,0.0066,0.3572
SPADES FIVE DIAMONDS SIX,0.6446,0.0044,0.351
SPADES JACK HEARTS KING,0.6352,0.0046,0.3602
SPADES FOUR DIAMONDS SIX,0.666,0.0056,0.3284
SPADES THREE DIAMONDS SIX,0.6728,0.005,0.3222
SPADES ACE SPADES KING,0.283,0.0412,0.6758
HEARTS KING SPADES TWO,0.6716,0.007,0.3214
SPADES TWO DIAMONDS SIX,0.681,0.0054,0.3136
HEARTS TEN HEARTS EIGHT,0.6412,0.0048,0.354
SPADES NINE DIAMONDS SIX,0.6678,0.0038,0.3284
HEARTS JACK HEARTS EIGHT,0.6652,0.004,0.3308
SPADES EIGHT DIAMONDS SIX,0.6624,0.0028,0.3348
SPADES SEVEN DIAMONDS SIX,0.6508,0.005,0.3442
SPADES SIX DIAMONDS SIX,0.5004,0.0042,0.4954
SPADES KING HEARTS KING,0.3208,0.0058,0.6734
SPADES QUEEN HEARTS KING,0.744,0.0108,0.2452
CLUBS ACE CLUBS KING,0.2768,0.0396,0.6836
SPADES ACE HEARTS KING,0.2808,0.0466,0.6726
SPADES ACE HEARTS JACK,0.7086,0.0638,0.2276
SPADES QUEEN HEARTS JACK,0.734,0.013,0.253
SPADES KING HEARTS JACK,0.6482,0.0062,0.3456
SPADES TEN DIAMONDS TEN,0.4802,0.003,0.5168
SPADES JACK DIAMONDS TEN,0.6546,0.0036,0.3418
SPADES ACE DIAMONDS TEN,0.7104,0.063,0.2266
SPADES JACK HEARTS JACK,0.453,0.004,0.543
SPADES TEN HEARTS JACK,0.6504,0.005,0.3446
SPADES QUEEN DIAMONDS TEN,0.7308,0.0122,0.257
SPADES KING DIAMONDS TEN,0.6508,0.0046,0.3446
SPADES NINE DIAMONDS SEVEN,0.6562,0.0034,0.3404
SPADES EIGHT DIAMONDS SEVEN,0.6466,0.0062,0.3472
SPADES SEVEN DIAMONDS SEVEN,0.5006,0.0024,0.497
SPADES SIX DIAMONDS SEVEN,0.6616,0.0024,0.336
DIAMONDS KING DIAMONDS SEVEN,0.627,0.004,0.369
HEARTS THREE DIAMONDS SEVEN,0.6822,0.0038,0.314
HEARTS KING DIAMONDS FIVE,0.6628,0.005,0.3322
DIAMONDS QUEEN DIAMONDS SEVEN,0.7202,0.0134,0.2664
HEARTS TWO DIAMONDS SEVEN,0.6966,0.005,0.2984
HEARTS FIVE DIAMONDS SEVEN,0.6498,0.0054,0.3448
DIAMONDS ACE DIAMONDS SEVEN,0.6614,0.059,0.2796
HEARTS FOUR DIAMONDS SEVEN,0.6706,0.0048,0.3246
HEARTS SEVEN DIAMONDS SEVEN,0.4898,0.0058,0.5044
HEARTS SIX DIAMONDS SEVEN,0.6398,0.0052,0.355
HEARTS NINE DIAMONDS SEVEN,0.6512,0.0038,0.345
DIAMONDS SEVEN HEARTS EIGHT,0.642,0.0054,0.3526
DIAMONDS JACK DIAMONDS SEVEN,0.6502,0.0038,0.346
HEARTS JACK DIAMONDS FIVE,0.683,0.0048,0.3122
DIAMONDS TEN DIAMONDS SEVEN,0.6374,0.0034,0.3592
DIAMONDS FIVE HEARTS TEN,0.6804,0.0046,0.315
CLUBS EIGHT DIAMONDS SEVEN,0.6514,0.0022,0.3464
SPADES KING CLUBS TWO,0.6754,0.004,0.3206
HEARTS KING CLUBS KING,0.3056,0.0042,0.6902
SPADES QUEEN CLUBS TWO,0.7822,0.0158,0.202
HEARTS KING CLUBS QUEEN,0.7454,0.0122,0.2424
CLUBS NINE DIAMONDS SEVEN,0.6676,0.0028,0.3296
CLUBS JACK SPADES TWO,0.7068,0.0064,0.2868
CLUBS SIX CLUBS SEVEN,0.6154,0.0036,0.381
SPADES ACE CLUBS TWO,0.7062,0.0574,0.2364
CLUBS TEN SPADES TWO,0.7004,0.0046,0.295
HEARTS KING CLUBS ACE,0.2816,0.0436,0.6748
SPADES TWO CLUBS KING,0.6674,0.005,0.3276
SPADES TWO DIAMONDS SEVEN,0.702,0.0056,0.2924
CLUBS EIGHT CLUBS SIX,0.6212,0.0046,0.3742
SPADES THREE DIAMONDS SEVEN,0.6748,0.0068,0.3184
SPADES TWO CLUBS QUEEN,0.7676,0.0176,0.2148
CLUBS NINE CLUBS SIX,0.6284,0.0036,0.368
SPADES FOUR DIAMONDS SEVEN,0.6686,0.0048,0.3266
CLUBS JACK HEARTS KING,0.6374,0.0032,0.3594
SPADES FIVE DIAMONDS SEVEN,0.6508,0.0054,0.3438
SPADES TWO CLUBS ACE,0.7122,0.0574,0.2304
CLUBS TEN HEARTS KING,0.6504,0.0054,0.3442
CLUBS SIX SPADES TWO,0.6782,0.0042,0.3176
CLUBS SIX SPADES THREE,0.6732,0.0054,0.3214
CLUBS TWO DIAMONDS SEVEN,0.7028,0.0058,0.2914
CLUBS SIX SPADES FOUR,0.653,0.0048,0.3422
CLUBS THREE DIAMONDS SEVEN,0.6838,0.0028,0.3134
CLUBS SIX SPADES FIVE,0.635,0.0044,0.3606
CLUBS FOUR DIAMONDS SEVEN,0.6742,0.0054,0.3204
CLUBS SIX SPADES SIX,0.5002,0.0046,0.4952
CLUBS FIVE DIAMONDS SEVEN,0.658,0.0042,0.3378
CLUBS SIX SPADES SEVEN,0.647,0.0024,0.3506
CLUBS SIX DIAMONDS SEVEN,0.6526,0.0024,0.345
CLUBS SIX SPADES EIGHT,0.6582,0.003,0.3388
SPADES JACK CLUBS TWO,0.6954,0.0068,0.2978
CLUBS SEVEN DIAMONDS SEVEN,0.4922,0.0034,0.5044
CLUBS SIX SPADES NINE,0.6702,0.0042,0.3256
SPADES TEN CLUBS TWO,0.7028,0.0052,0.292
CLUBS TWO CLUBS QUEEN,0.7286,0.0174,0.254
CLUBS TWO CLUBS KING,0.631,0.0036,0.3654
CLUBS THREE DIAMONDS EIGHT,0.6848,0.0048,0.3104
CLUBS TWO CLUBS ACE,0.6496,0.0626,0.2878
CLUBS TWO DIAMONDS EIGHT,0.6928,0.005,0.3022
DIAMONDS EIGHT HEARTS SEVEN,0.6464,0.0032,0.3504
HEARTS SIX DIAMONDS EIGHT,0.6498,0.005,0.3452
DIAMONDS EIGHT HEARTS NINE,0.6652,0.0052,0.3296
CLUBS TEN CLUBS TWO,0.6698,0.0028,0.3274
DIAMONDS EIGHT HEARTS EIGHT,0.4744,0.0032,0.5224
CLUBS JACK CLUBS TWO,0.6668,0.005,0.3282
CLUBS NINE DIAMONDS EIGHT,0.6488,0.0038,0.3474
CLUBS EIGHT DIAMONDS EIGHT,0.4898,0.0042,0.506
CLUBS FIVE DIAMONDS EIGHT,0.6524,0.0018,0.3458
SPADES ACE SPADES THREE,0.6586,0.0644,0.277
CLUBS FOUR DIAMONDS EIGHT,0.6896,0.0032,0.3072
CLUBS SEVEN DIAMONDS EIGHT,0.643,0.0036,0.3534
SPADES QUEEN SPADES THREE,0.7254,0.0134,0.2612
CLUBS SIX DIAMONDS EIGHT,0.6688,0.0034,0.3278
SPADES KING SPADES THREE,0.6384,0.0062,0.3554
DIAMONDS QUEEN DIAMONDS EIGHT,0.7116,0.0146,0.2738
HEARTS TWO DIAMONDS EIGHT,0.6872,0.0044,0.3084
DIAMONDS KING DIAMONDS EIGHT,0.6232,0.0054,0.3714
HEARTS THREE DIAMONDS EIGHT,0.6858,0.004,0.3102
DIAMONDS ACE DIAMONDS EIGHT,0.661,0.0582,0.2808
HEARTS FOUR DIAMONDS EIGHT,0.6684,0.005,0.3266
HEARTS FIVE DIAMONDS EIGHT,0.6576,0.0044,0.338
DIAMONDS EIGHT DIAMONDS TEN,0.6236,0.005,0.3714
DIAMONDS EIGHT DIAMONDS JACK,0.6318,0.0072,0.361
SPADES JACK SPADES THREE,0.6618,0.0056,0.3326
SPADES TEN SPADES THREE,0.6528,0.0046,0.3426
CLUBS FOUR HEARTS KING,0.6614,0.0058,0.3328
CLUBS SIX HEARTS TEN,0.68,0.0046,0.3154
CLUBS SIX HEARTS JACK,0.6976,0.0044,0.298
DIAMONDS EIGHT SPADES FOUR,0.6708,0.0054,0.3238
SPADES FIVE DIAMONDS EIGHT,0.6624,0.0022,0.3354
DIAMONDS EIGHT SPADES TWO,0.6926,0.0046,0.3028
DIAMONDS EIGHT SPADES THREE,0.6874,0.006,0.3066
CLUBS FOUR HEARTS JACK,0.696,0.0032,0.3008
SPADES EIGHT DIAMONDS EIGHT,0.485,0.0044,0.5106
SPADES TEN DIAMONDS QUEEN,0.748,0.0144,0.2376
SPADES TEN HEARTS TWO,0.6946,0.0054,0.3
SPADES JACK HEARTS EIGHT,0.6742,0.003,0.3228
CLUBS FOUR HEARTS TEN,0.6924,0.0048,0.3028
SPADES NINE DIAMONDS EIGHT,0.6466,0.0046,0.3488
SPADES TEN HEARTS EIGHT,0.6416,0.0058,0.3526
SPADES JACK HEARTS TWO,0.6978,0.0042,0.298
SPADES JACK DIAMONDS QUEEN,0.7428,0.0132,0.244
SPADES SIX DIAMONDS EIGHT,0.6578,0.0042,0.338
SPADES SEVEN DIAMONDS EIGHT,0.6584,0.0038,0.3378
SPADES ACE HEARTS TWO,0.7002,0.0574,0.2424
SPADES ACE DIAMONDS QUEEN,0.0712,0.9106,0.0182
SPADES ACE HEARTS EIGHT,0.7062,0.0604,0.2334
SPADES KING HEARTS EIGHT,0.6658,0.0044,0.3298
SPADES QUEEN HEARTS TWO,0.7718,0.0146,0.2136
SPADES QUEEN DIAMONDS QUEEN,0.3478,0.0126,0.6396
SPADES KING DIAMONDS QUEEN,0.757,0.0114,0.2316
SPADES KING HEARTS TWO,0.6692,0.0062,0.3246
SPADES QUEEN HEARTS EIGHT,0.7488,0.0148,0.2364
CLUBS TWO HEARTS TEN,0.6928,0.0044,0.3028
CLUBS TWO HEARTS JACK,0.699,0.005,0.296
SPADES SEVEN DIAMONDS NINE,0.6714,0.004,0.3246
SPADES SIX DIAMONDS NINE,0.6682,0.0032,0.3286
SPADES NINE DIAMONDS NINE,0.4912,0.0044,0.5044
SPADES EIGHT DIAMONDS NINE,0.6522,0.0032,0.3446
SPADES TEN CLUBS KING,0.6444,0.0036,0.352
DIAMONDS NINE SPADES THREE,0.692,0.0064,0.3016
SPADES JACK CLUBS KING,0.6502,0.0038,0.346
DIAMONDS NINE SPADES TWO,0.7056,0.0044,0.29
DIAMONDS NINE SPADES FIVE,0.6854,0.0018,0.3128
DIAMONDS NINE SPADES FOUR,0.6976,0.006,0.2964
CLUBS NINE DIAMONDS NINE,0.4908,0.0036,0.5056
CLUBS EIGHT DIAMONDS NINE,0.647,0.0022,0.3508
CLUBS SIX DIAMONDS NINE,0.6662,0.0034,0.3304
SPADES JACK CLUBS FOUR,0.7022,0.0052,0.2926
CLUBS SEVEN DIAMONDS NINE,0.653,0.0046,0.3424
SPADES TEN CLUBS FOUR,0.6892,0.0036,0.3072
CLUBS FOUR DIAMONDS NINE,0.6964,0.0054,0.2982
CLUBS FIVE DIAMONDS NINE,0.6758,0.0052,0.319
CLUBS TWO DIAMONDS NINE,0.7002,0.0042,0.2956
DIAMONDS NINE CLUBS THREE,0.694,0.0046,0.3014
DIAMONDS NINE HEARTS EIGHT,0.6474,0.006,0.3466
DIAMONDS NINE HEARTS NINE,0.4888,0.0042,0.507
HEARTS SIX DIAMONDS NINE,0.6526,0.0054,0.342
DIAMONDS NINE HEARTS SEVEN,0.653,0.0034,0.3436
CLUBS EIGHT CLUBS NINE,0.6054,0.0046,0.39
DIAMONDS ACE DIAMONDS NINE,0.6658,0.06,0.2742
HEARTS FOUR DIAMONDS NINE,0.696,0.0054,0.2986
HEARTS FIVE DIAMONDS NINE,0.6804,0.0054,0.3142
SPADES ACE CLUBS FOUR,0.6922,0.0644,0.2434
DIAMONDS QUEEN DIAMONDS NINE,0.706,0.0156,0.2784
HEARTS TWO DIAMONDS NINE,0.6958,0.0056,0.2986
CLUBS TWO HEARTS KING,0.6766,0.0082,0.3152
SPADES KING CLUBS FOUR,0.6702,0.0042,0.3256
DIAMONDS KING DIAMONDS NINE,0.6252,0.0038,0.371
HEARTS THREE DIAMONDS NINE,0.6806,0.0048,0.3146
SPADES QUEEN CLUBS FOUR,0.7734,0.0126,0.214
DIAMONDS NINE DIAMONDS JACK,0.6268,0.0056,0.3676
CLUBS EIGHT SPADES NINE,0.6566,0.0038,0.3396
DIAMONDS NINE DIAMONDS TEN,0.6242,0.0034,0.3724
CLUBS EIGHT SPADES EIGHT,0.4892,0.0032,0.5076
CLUBS EIGHT SPADES SEVEN,0.6416,0.0038,0.3546
CLUBS EIGHT SPADES SIX,0.6552,0.003,0.3418
CLUBS EIGHT SPADES FIVE,0.6584,0.0042,0.3374
CLUBS EIGHT SPADES FOUR,0.6744,0.0034,0.3222
CLUBS EIGHT SPADES THREE,0.709,0.0034,0.2876
CLUBS EIGHT SPADES TWO,0.6998,0.0056,0.2946
HEARTS SIX DIAMONDS TEN,0.6812,0.0044,0.3144
DIAMONDS TEN HEARTS SEVEN,0.6678,0.0046,0.3276
DIAMONDS TEN HEARTS EIGHT,0.6524,0.0046,0.343
CLUBS JACK CLUBS FOUR,0.6578,0.0044,0.3378
DIAMONDS TEN HEARTS NINE,0.6502,0.003,0.3468
CLUBS TEN CLUBS FOUR,0.6488,0.0042,0.347
CLUBS FOUR CLUBS KING,0.6238,0.0044,0.3718
CLUBS FOUR CLUBS QUEEN,0.7188,0.0174,0.2638
CLUBS TWO DIAMONDS TEN,0.6962,0.005,0.2988
CLUBS THREE DIAMONDS TEN,0.6836,0.0054,0.311
CLUBS FOUR CLUBS ACE,0.6428,0.0592,0.298
DIAMONDS JACK DIAMONDS TEN,0.6116,0.0044,0.384
DIAMONDS QUEEN DIAMONDS TEN,0.697,0.0132,0.2898
HEARTS TWO DIAMONDS TEN,0.6912,0.0048,0.304
DIAMONDS KING DIAMONDS TEN,0.5998,0.0054,0.3948
HEARTS THREE DIAMONDS TEN,0.6846,0.006,0.3094
DIAMONDS ACE DIAMONDS TEN,0.6616,0.0532,0.2852
HEARTS FOUR DIAMONDS TEN,0.6946,0.0038,0.3016
CLUBS EIGHT HEARTS JACK,0.662,0.0046,0.3334
HEARTS FIVE DIAMONDS TEN,0.6956,0.0048,0.2996
CLUBS EIGHT HEARTS TEN,0.6506,0.006,0.3434
CLUBS EIGHT HEARTS KING,0.6474,0.0052,0.3474
CLUBS NINE SPADES THREE,0.6862,0.0026,0.3112
CLUBS NINE SPADES TWO,0.6876,0.0056,0.3068
CLUBS NINE SPADES FIVE,0.661,0.005,0.334
CLUBS NINE SPADES FOUR,0.6842,0.0036,0.3122
CLUBS NINE SPADES SEVEN,0.665,0.0036,0.3314
CLUBS NINE SPADES SIX,0.6704,0.0016,0.328
CLUBS NINE SPADES NINE,0.4894,0.0028,0.5078
CLUBS TEN HEARTS EIGHT,0.653,0.0042,0.3428
CLUBS NINE SPADES EIGHT,0.6324,0.0052,0.3624
CLUBS JACK HEARTS EIGHT,0.6748,0.0044,0.3208
CLUBS QUEEN HEARTS EIGHT,0.7422,0.0164,0.2414
CLUBS KING HEARTS EIGHT,0.6622,0.006,0.3318
CLUBS ACE HEARTS EIGHT,0.6978,0.0554,0.2468
SPADES KING CLUBS KING,0.3242,0.0038,0.672
SPADES QUEEN CLUBS KING,0.7566,0.009,0.2344
SPADES ACE CLUBS KING,0.298,0.0434,0.6586
DIAMONDS ACE HEARTS TEN,0.6992,0.0618,0.239
HEARTS FOUR HEARTS TEN,0.691,0.0054,0.3036
DIAMONDS ACE HEARTS JACK,0.7048,0.0592,0.236
HEARTS FOUR HEARTS JACK,0.6962,0.0054,0.2984
SPADES KING CLUBS FIVE,0.6708,0.0054,0.3238
SPADES QUEEN CLUBS FIVE,0.758,0.016,0.226
SPADES ACE CLUBS FIVE,0.677,0.0602,0.2628
DIAMONDS JACK HEARTS SEVEN,0.6734,0.0038,0.3228
HEARTS SIX DIAMONDS JACK,0.6846,0.0054,0.31
DIAMONDS JACK HEARTS NINE,0.663,0.0052,0.3318
DIAMONDS JACK HEARTS EIGHT,0.6684,0.0038,0.3278
DIAMONDS KING DIAMONDS JACK,0.6006,0.005,0.3944
HEARTS THREE DIAMONDS JACK,0.6996,0.0038,0.2966
SPADES ACE SPADES SIX,0.6652,0.056,0.2788
DIAMONDS QUEEN DIAMONDS JACK,0.7028,0.0148,0.2824
HEARTS TWO DIAMONDS JACK,0.6932,0.0046,0.3022
HEARTS FIVE DIAMONDS JACK,0.6946,0.0058,0.2996
SPADES QUEEN SPADES SIX,0.7226,0.0142,0.2632
DIAMONDS ACE DIAMONDS JACK,0.671,0.0558,0.2732
HEARTS FOUR DIAMONDS JACK,0.6902,0.0044,0.3054
SPADES KING SPADES SIX,0.6164,0.0048,0.3788
SPADES FOUR HEARTS KING,0.6642,0.0054,0.3304
SPADES TEN SPADES SIX,0.6406,0.0048,0.3546
SPADES JACK SPADES SIX,0.6402,0.0036,0.3562
SPADES FOUR DIAMONDS JACK,0.6972,0.0048,0.298
SPADES FIVE DIAMONDS JACK,0.6922,0.004,0.3038
DIAMONDS JACK SPADES TWO,0.7016,0.0044,0.294
DIAMONDS JACK SPADES THREE,0.6936,0.0064,0.3
SPADES ACE DIAMONDS THREE,0.7084,0.0604,0.2312
CLUBS EIGHT DIAMONDS JACK,0.6732,0.0032,0.3236
SPADES QUEEN DIAMONDS THREE,0.7628,0.0182,0.219
SPADES KING DIAMONDS THREE,0.6776,0.0052,0.3172
CLUBS NINE DIAMONDS JACK,0.6698,0.0034,0.3268
CLUBS SIX DIAMONDS JACK,0.6948,0.0042,0.301
CLUBS SEVEN DIAMONDS JACK,0.6722,0.0042,0.3236
CLUBS FOUR DIAMONDS JACK,0.6866,0.0052,0.3082
CLUBS FIVE DIAMONDS JACK,0.6968,0.005,0.2982
CLUBS TWO DIAMONDS JACK,0.6974,0.0048,0.2978
CLUBS THREE DIAMONDS JACK,0.6926,0.0048,0.3026
SPADES TEN CLUBS FIVE,0.6884,0.0048,0.3068
HEARTS SIX SPADES JACK,0.695,0.0046,0.3004
HEARTS SIX SPADES TEN,0.6776,0.0036,0.3188
SPADES JACK CLUBS FIVE,0.701,0.0032,0.2958
SPADES JACK DIAMONDS THREE,0.7054,0.0038,0.2908
CLUBS SEVEN CLUBS ACE,0.6688,0.0556,0.2756
DIAMONDS THREE SPADES TEN,0.6892,0.0062,0.3046
CLUBS SEVEN CLUBS QUEEN,0.7242,0.0142,0.2616
CLUBS SEVEN CLUBS KING,0.6162,0.0044,0.3794
SPADES NINE DIAMONDS JACK,0.6608,0.005,0.3342
CLUBS TEN CLUBS SEVEN,0.6438,0.0032,0.353
SPADES EIGHT DIAMONDS JACK,0.6716,0.0046,0.3238
SPADES ACE HEARTS SIX,0.7054,0.062,0.2326
CLUBS JACK CLUBS SEVEN,0.6576,0.0034,0.339
DIAMONDS ACE HEARTS KING,0.2752,0.0456,0.6792
HEARTS FOUR HEARTS KING,0.6548,0.0048,0.3404
SPADES SEVEN DIAMONDS JACK,0.6832,0.0036,0.3132
SPADES KING HEARTS SIX,0.6748,0.0048,0.3204
SPADES QUEEN HEARTS SIX,0.7558,0.0176,0.2266
SPADES SIX DIAMONDS JACK,0.6928,0.0044,0.3028
DIAMONDS TEN SPADES TWO,0.6864,0.0074,0.3062
SPADES THREE DIAMONDS TEN,0.6962,0.0052,0.2986
SPADES FOUR DIAMONDS TEN,0.6858,0.0036,0.3106
SPADES FIVE DIAMONDS TEN,0.6956,0.004,0.3004
SPADES SIX DIAMONDS TEN,0.6832,0.0044,0.3124
SPADES SEVEN DIAMONDS TEN,0.679,0.0028,0.3182
SPADES EIGHT DIAMONDS TEN,0.661,0.006,0.333
SPADES NINE DIAMONDS TEN,0.643,0.0038,0.3532
CLUBS FOUR DIAMONDS TEN,0.6736,0.0058,0.3206
CLUBS FIVE DIAMONDS TEN,0.686,0.0032,0.3108
CLUBS SIX DIAMONDS TEN,0.6884,0.0044,0.3072
CLUBS SEVEN DIAMONDS TEN,0.6742,0.0038,0.322
CLUBS EIGHT DIAMONDS TEN,0.6582,0.0046,0.3372
CLUBS NINE DIAMONDS TEN,0.6692,0.0044,0.3264
CLUBS JACK DIAMONDS THREE,0.7,0.0046,0.2954
CLUBS TEN DIAMONDS THREE,0.71,0.0042,0.2858
DIAMONDS THREE CLUBS KING,0.662,0.0056,0.3324
DIAMONDS THREE CLUBS QUEEN,0.7686,0.0188,0.2126
DIAMONDS THREE CLUBS ACE,0.6962,0.063,0.2408
SPADES FOUR HEARTS JACK,0.69,0.0056,0.3044
SPADES FOUR HEARTS TEN,0.6952,0.006,0.2988
SPADES FIVE SPADES TWO,0.631,0.0054,0.3636
SPADES FOUR SPADES TWO,0.6382,0.0044,0.3574
SPADES THREE SPADES TWO,0.6328,0.0068,0.3604
SPADES NINE SPADES TWO,0.6568,0.005,0.3382
SPADES EIGHT SPADES TWO,0.6546,0.0044,0.341
SPADES SEVEN SPADES TWO,0.6528,0.0052,0.342
SPADES SIX SPADES TWO,0.6482,0.0062,0.3456
DIAMONDS QUEEN CLUBS THREE,0.7724,0.017,0.2106
HEARTS TWO CLUBS THREE,0.6714,0.0058,0.3228
DIAMONDS QUEEN CLUBS TWO,0.7712,0.0142,0.2146
HEARTS TWO CLUBS TWO,0.4774,0.0062,0.5164
DIAMONDS QUEEN HEARTS SEVEN,0.7576,0.017,0.2254
HEARTS TWO HEARTS SEVEN,0.6926,0.005,0.3024
HEARTS SIX DIAMONDS QUEEN,0.7648,0.016,0.2192
HEARTS SIX HEARTS TWO,0.6616,0.0064,0.332
DIAMONDS QUEEN HEARTS NINE,0.7508,0.018,0.2312
HEARTS TWO HEARTS NINE,0.6806,0.0044,0.315
DIAMONDS QUEEN HEARTS EIGHT,0.7454,0.0154,0.2392
HEARTS TWO HEARTS EIGHT,0.685,0.0058,0.3092
CLUBS NINE HEARTS TWO,0.6984,0.0046,0.297
CLUBS NINE DIAMONDS QUEEN,0.7624,0.0134,0.2242
CLUBS EIGHT DIAMONDS QUEEN,0.752,0.0142,0.2338
CLUBS EIGHT HEARTS TWO,0.684,0.0046,0.3114
DIAMONDS QUEEN CLUBS FIVE,0.767,0.0164,0.2166
HEARTS TWO CLUBS FIVE,0.6546,0.006,0.3394
DIAMONDS QUEEN CLUBS FOUR,0.7646,0.0184,0.217
CLUBS FOUR HEARTS TWO,0.6688,0.007,0.3242
CLUBS SEVEN DIAMONDS QUEEN,0.7642,0.0152,0.2206
CLUBS SEVEN HEARTS TWO,0.698,0.005,0.297
CLUBS SIX DIAMONDS QUEEN,0.7658,0.014,0.2202
CLUBS SIX HEARTS TWO,0.6718,0.0054,0.3228
SPADES EIGHT HEARTS KING,0.6592,0.0042,0.3366
HEARTS TWO SPADES SIX,0.6722,0.0054,0.3224
DIAMONDS QUEEN SPADES SIX,0.7704,0.0142,0.2154
HEARTS FOUR CLUBS QUEEN,0.769,0.015,0.216
DIAMONDS ACE CLUBS QUEEN,0.0676,0.9076,0.0248
DIAMONDS QUEEN SPADES SEVEN,0.7678,0.0146,0.2176
HEARTS TWO SPADES SEVEN,0.6912,0.0036,0.3052
HEARTS FOUR CLUBS KING,0.666,0.004,0.33
DIAMONDS ACE CLUBS KING,0.2818,0.0452,0.673
DIAMONDS QUEEN SPADES EIGHT,0.7528,0.014,0.2332
SPADES EIGHT HEARTS TWO,0.6914,0.0046,0.304
HEARTS FOUR CLUBS ACE,0.6872,0.0626,0.2502
DIAMONDS ACE CLUBS ACE,0.127,0.0116,0.8614
SPADES NINE DIAMONDS QUEEN,0.758,0.013,0.229
SPADES NINE HEARTS TWO,0.693,0.0048,0.3022
HEARTS TWO SPADES TWO,0.4986,0.0066,0.4948
DIAMONDS QUEEN SPADES TWO,0.7768,0.0184,0.2048
HEARTS TWO SPADES THREE,0.6646,0.0044,0.331
DIAMONDS QUEEN SPADES THREE,0.7598,0.017,0.2232
HEARTS TWO SPADES FOUR,0.6732,0.005,0.3218
DIAMONDS QUEEN SPADES FOUR,0.7664,0.0182,0.2154
CLUBS TEN HEARTS FOUR,0.6864,0.0058,0.3078
CLUBS TEN DIAMONDS ACE,0.7116,0.057,0.2314
HEARTS TWO SPADES FIVE,0.6628,0.006,0.3312
DIAMONDS QUEEN SPADES FIVE,0.7664,0.0174,0.2162
HEARTS FOUR CLUBS JACK,0.6814,0.0072,0.3114
CLUBS JACK DIAMONDS ACE,0.7112,0.0584,0.2304
CLUBS FIVE CLUBS KING,0.6262,0.0064,0.3674
CLUBS FIVE CLUBS QUEEN,0.705,0.017,0.278
CLUBS FIVE CLUBS ACE,0.652,0.0594,0.2886
CLUBS JACK CLUBS FIVE,0.6472,0.0038,0.349
CLUBS TEN CLUBS FIVE,0.6542,0.0036,0.3422
SPADES KING CLUBS JACK,0.6308,0.003,0.3662
CLUBS JACK SPADES QUEEN,0.7388,0.0142,0.247
SPADES ACE CLUBS JACK,0.7122,0.0608,0.227
SPADES SIX CLUBS KING,0.6646,0.0022,0.3332
SPADES SIX CLUBS QUEEN,0.7536,0.015,0.2314
SPADES EIGHT HEARTS JACK,0.671,0.0058,0.3232
SPADES SIX CLUBS ACE,0.7146,0.0562,0.2292
SPADES EIGHT HEARTS TEN,0.6614,0.0046,0.334
CLUBS JACK SPADES SIX,0.6906,0.0034,0.306
CLUBS TEN SPADES SIX,0.6796,0.0044,0.316
CLUBS JACK SPADES TEN,0.6408,0.0026,0.3566
CLUBS JACK SPADES JACK,0.4774,0.0052,0.5174
SPADES QUEEN CLUBS SEVEN,0.7756,0.0146,0.2098
SPADES KING CLUBS SEVEN,0.669,0.0042,0.3268
SPADES ACE CLUBS SEVEN,0.6978,0.0586,0.2436
SPADES SIX HEARTS TEN,0.6876,0.0052,0.3072
SPADES SIX HEARTS JACK,0.6872,0.006,0.3068
SPADES SIX HEARTS KING,0.6668,0.0044,0.3288
SPADES JACK CLUBS SEVEN,0.681,0.0042,0.3148
SPADES TEN CLUBS SEVEN,0.6712,0.005,0.3238
CLUBS TEN HEARTS SIX,0.691,0.0042,0.3048
CLUBS JACK HEARTS SIX,0.6942,0.0062,0.2996
CLUBS JACK CLUBS ACE,0.6714,0.0566,0.272
HEARTS SIX CLUBS QUEEN,0.7594,0.0186,0.222
HEARTS SIX CLUBS KING,0.6644,0.005,0.3306
HEARTS SIX CLUBS ACE,0.6998,0.0642,0.236
CLUBS JACK CLUBS QUEEN,0.7024,0.0116,0.286
CLUBS JACK CLUBS KING,0.599,0.0038,0.3972
DIAMONDS THREE HEARTS KING,0.6528,0.007,0.3402
CLUBS FIVE HEARTS JACK,0.6966,0.004,0.2994
SPADES TEN DIAMONDS ACE,0.7106,0.0578,0.2316
HEARTS FOUR SPADES TEN,0.689,0.0042,0.3068
CLUBS FIVE HEARTS TEN,0.6842,0.0048,0.311
HEARTS FOUR SPADES JACK,0.6916,0.005,0.3034
SPADES JACK DIAMONDS ACE,0.7182,0.066,0.2158
SPADES ACE HEARTS FOUR,0.69,0.0606,0.2494
SPADES ACE DIAMONDS ACE,0.1204,0.0162,0.8634
CLUBS FIVE HEARTS KING,0.6606,0.0046,0.3348
HEARTS FOUR SPADES QUEEN,0.7646,0.0158,0.2196
SPADES QUEEN DIAMONDS ACE,0.072,0.9044,0.0236
CLUBS JACK SPADES FOUR,0.7052,0.003,0.2918
SPADES KING DIAMONDS ACE,0.2756,0.046,0.6784
HEARTS FOUR SPADES KING,0.6672,0.0056,0.3272
CLUBS TEN SPADES FOUR,0.6882,0.0062,0.3056
DIAMONDS QUEEN DIAMONDS ACE,0.0764,0.8534,0.0702
HEARTS TWO DIAMONDS ACE,0.6936,0.0644,0.242
HEARTS FOUR DIAMONDS QUEEN,0.762,0.0188,0.2192
HEARTS FOUR HEARTS TWO,0.669,0.0054,0.3256
DIAMONDS THREE HEARTS TEN,0.697,0.005,0.298
SPADES FOUR CLUBS KING,0.6648,0.0032,0.332
HEARTS FIVE DIAMONDS QUEEN,0.774,0.017,0.209
HEARTS FIVE HEARTS TWO,0.6538,0.0052,0.341
DIAMONDS THREE HEARTS JACK,0.6902,0.0042,0.3056
SPADES FOUR CLUBS QUEEN,0.768,0.013,0.219
DIAMONDS QUEEN HEARTS TWO,0.779,0.0196,0.2014
DIAMONDS KING DIAMONDS QUEEN,0.7168,0.0106,0.2726
DIAMONDS KING HEARTS TWO,0.6768,0.0054,0.3178
HEARTS THREE DIAMONDS QUEEN,0.7724,0.0198,0.2078
HEARTS THREE HEARTS TWO,0.6694,0.0062,0.3244
SPADES FOUR CLUBS ACE,0.6876,0.0584,0.254
HEARTS TWO CLUBS ACE,0.6986,0.0622,0.2392
DIAMONDS QUEEN CLUBS ACE,0.0786,0.9024,0.019
HEARTS TWO CLUBS QUEEN,0.7772,0.0162,0.2066
DIAMONDS QUEEN CLUBS QUEEN,0.3482,0.0108,0.641
HEARTS TWO CLUBS KING,0.6692,0.0042,0.3266
DIAMONDS QUEEN CLUBS KING,0.7562,0.01,0.2338
SPADES EIGHT SPADES FIVE,0.6288,0.0054,0.3658
CLUBS TEN HEARTS TWO,0.6996,0.0052,0.2952
CLUBS TEN DIAMONDS QUEEN,0.7402,0.0132,0.2466
SPADES NINE SPADES FIVE,0.6376,0.0048,0.3576
CLUBS JACK HEARTS TWO,0.6858,0.0046,0.3096
CLUBS JACK DIAMONDS QUEEN,0.7438,0.011,0.2452
SPADES SIX SPADES FIVE,0.6096,0.0026,0.3878
SPADES SEVEN SPADES FIVE,0.6138,0.0044,0.3818
DIAMONDS FIVE CLUBS QUEEN,0.7792,0.0152,0.2056
SPADES EIGHT CLUBS ACE,0.7136,0.0598,0.2266
DIAMONDS FIVE CLUBS KING,0.6704,0.0054,0.3242
SPADES EIGHT CLUBS KING,0.6566,0.0044,0.339
DIAMONDS FIVE CLUBS ACE,0.7084,0.0576,0.234
SPADES EIGHT CLUBS QUEEN,0.7572,0.0156,0.2272
CLUBS JACK SPADES EIGHT,0.673,0.0014,0.3256
CLUBS TEN SPADES EIGHT,0.662,0.0032,0.3348
CLUBS TEN DIAMONDS FIVE,0.6902,0.0036,0.3062
CLUBS JACK DIAMONDS FIVE,0.695,0.0024,0.3026
HEARTS JACK DIAMONDS TEN,0.6484,0.0066,0.345
DIAMONDS TEN HEARTS TEN,0.4654,0.0048,0.5298
SPADES ACE CLUBS NINE,0.7082,0.0636,0.2282
SPADES QUEEN CLUBS NINE,0.7572,0.0112,0.2316
