opposingHand,winningChance,drawChance,lostChance
HEARTS ACE HEARTS NINE
HEARTS FIVE SPADES TEN,0.662,0.006,0.332
SPADES JACK HEARTS FIVE,0.6488,0.0046,0.3466
CLUBS JACK SPADES FIVE,0.6436,0.0054,0.351
CLUBS TEN SPADES FIVE,0.6584,0.005,0.3366
CLUBS JACK CLUBS EIGHT,0.6006,0.0024,0.397
CLUBS TEN CLUBS EIGHT,0.5956,0.0042,0.4002
CLUBS EIGHT CLUBS KING,0.6254,0.004,0.3706
SPADES FIVE CLUBS ACE,0.5944,0.1634,0.2422
CLUBS EIGHT CLUBS QUEEN,0.6048,0.005,0.3902
SPADES FIVE CLUBS KING,0.6524,0.004,0.3436
SPADES FIVE CLUBS QUEEN,0.6496,0.0038,0.3466
CLUBS EIGHT CLUBS ACE,0.5726,0.1564,0.271
DIAMONDS TWO DIAMONDS THREE,0.636,0.0066,0.3574
DIAMONDS TWO DIAMONDS FIVE,0.6236,0.0074,0.369
SPADES KING HEARTS FIVE,0.6512,0.0048,0.344
DIAMONDS TWO DIAMONDS FOUR,0.6244,0.007,0.3686
SPADES QUEEN HEARTS FIVE,0.6456,0.0058,0.3486
DIAMONDS TWO DIAMONDS SEVEN,0.6388,0.0056,0.3556
DIAMONDS TWO DIAMONDS SIX,0.638,0.0054,0.3566
SPADES ACE HEARTS FIVE,0.6026,0.1654,0.232
DIAMONDS TWO DIAMONDS NINE,0.7092,0.0324,0.2584
DIAMONDS TWO DIAMONDS EIGHT,0.651,0.0072,0.3418
DIAMONDS THREE DIAMONDS FOUR,0.6156,0.004,0.3804
CLUBS TWO SPADES FOUR,0.6776,0.0042,0.3182
DIAMONDS THREE DIAMONDS FIVE,0.6048,0.0032,0.392
CLUBS TWO SPADES FIVE,0.658,0.004,0.338
CLUBS TWO SPADES TWO,0.5048,0.0038,0.4914
CLUBS TWO SPADES THREE,0.675,0.005,0.32
DIAMONDS THREE DIAMONDS EIGHT,0.6574,0.0042,0.3384
SPADES EIGHT CLUBS TWO,0.6894,0.0048,0.3058
DIAMONDS THREE DIAMONDS NINE,0.7078,0.0252,0.267
SPADES NINE CLUBS TWO,0.7642,0.0238,0.212
DIAMONDS THREE DIAMONDS SIX,0.636,0.0044,0.3596
SPADES SIX CLUBS TWO,0.6874,0.0048,0.3078
DIAMONDS THREE DIAMONDS SEVEN,0.6364,0.0048,0.3588
SPADES SEVEN CLUBS TWO,0.694,0.0056,0.3004
CLUBS SIX CLUBS TWO,0.651,0.0028,0.3462
CLUBS SEVEN CLUBS TWO,0.644,0.004,0.352
CLUBS FOUR CLUBS TWO,0.6348,0.0056,0.3596
CLUBS FIVE CLUBS TWO,0.6324,0.0042,0.3634
CLUBS TEN CLUBS JACK,0.5386,0.0028,0.4586
DIAMONDS FOUR DIAMONDS SIX,0.6242,0.006,0.3698
CLUBS TEN CLUBS QUEEN,0.5728,0.004,0.4232
DIAMONDS FOUR DIAMONDS SEVEN,0.6294,0.0058,0.3648
CLUBS TEN CLUBS KING,0.5734,0.0058,0.4208
CLUBS TEN CLUBS ACE,0.264,0.105,0.631
CLUBS EIGHT CLUBS TWO,0.6494,0.0036,0.347
DIAMONDS FIVE DIAMONDS FOUR,0.6074,0.0042,0.3884
CLUBS NINE CLUBS TWO,0.7204,0.027,0.2526
DIAMONDS NINE DIAMONDS FOUR,0.725,0.02,0.255
DIAMONDS EIGHT DIAMONDS FOUR,0.6424,0.0058,0.3518
CLUBS TWO CLUBS THREE,0.628,0.0044,0.3676
DIAMONDS NINE DIAMONDS FIVE,0.6962,0.0264,0.2774
CLUBS JACK DIAMONDS TWO,0.6634,0.0052,0.3314
DIAMONDS EIGHT DIAMONDS FIVE,0.6298,0.0038,0.3664
CLUBS TEN DIAMONDS TWO,0.671,0.0042,0.3248
DIAMONDS FIVE DIAMONDS SEVEN,0.6098,0.0042,0.386
DIAMONDS FIVE DIAMONDS SIX,0.6098,0.005,0.3852
DIAMONDS TWO CLUBS ACE,0.6018,0.1554,0.2428
DIAMONDS TWO CLUBS KING,0.6598,0.004,0.3362
DIAMONDS TWO CLUBS QUEEN,0.6638,0.0044,0.3318
DIAMONDS EIGHT DIAMONDS SIX,0.6342,0.0046,0.3612
DIAMONDS NINE DIAMONDS SIX,0.6928,0.0196,0.2876
SPADES THREE HEARTS KING,0.6472,0.0076,0.3452
DIAMONDS SEVEN DIAMONDS SIX,0.6108,0.0052,0.384
HEARTS QUEEN SPADES THREE,0.6464,0.0044,0.3492
SPADES THREE HEARTS JACK,0.6524,0.0038,0.3438
SPADES THREE HEARTS TEN,0.6596,0.006,0.3344
DIAMONDS EIGHT DIAMONDS SEVEN,0.6004,0.0056,0.394
DIAMONDS NINE DIAMONDS SEVEN,0.6826,0.0242,0.2932
DIAMONDS NINE DIAMONDS EIGHT,0.6594,0.0222,0.3184
DIAMONDS KING HEARTS TEN,0.598,0.0052,0.3968
HEARTS THREE HEARTS TEN,0.6526,0.0068,0.3406
SPADES JACK CLUBS SIX,0.6544,0.0032,0.3424
DIAMONDS KING HEARTS JACK,0.5908,0.0056,0.4036
HEARTS THREE HEARTS JACK,0.6508,0.004,0.3452
SPADES TEN CLUBS SIX,0.6652,0.0028,0.332
SPADES JACK SPADES FIVE,0.6186,0.0044,0.377
SPADES TEN SPADES FIVE,0.6108,0.0044,0.3848
SPADES ACE CLUBS SIX,0.6176,0.1616,0.2208
DIAMONDS KING HEARTS QUEEN,0.6102,0.0058,0.384
HEARTS THREE HEARTS QUEEN,0.6474,0.0056,0.347
SPADES KING CLUBS SIX,0.6614,0.0028,0.3358
DIAMONDS KING HEARTS KING,0.3112,0.0038,0.685
HEARTS THREE HEARTS KING,0.6506,0.0056,0.3438
SPADES QUEEN CLUBS SIX,0.6524,0.0052,0.3424
SPADES NINE HEARTS TEN,0.7054,0.0186,0.276
SPADES NINE HEARTS JACK,0.7172,0.0152,0.2676
SPADES QUEEN SPADES FIVE,0.622,0.0052,0.3728
SPADES KING SPADES FIVE,0.6136,0.0056,0.3808
SPADES ACE SPADES FIVE,0.5778,0.1516,0.2706
SPADES NINE HEARTS QUEEN,0.7222,0.0258,0.252
SPADES NINE HEARTS KING,0.7326,0.0216,0.2458
CLUBS TEN SPADES JACK,0.5808,0.0042,0.415
CLUBS TEN SPADES TEN,0.345,0.006,0.649
SPADES ACE CLUBS TEN,0.2786,0.1162,0.6052
CLUBS TEN SPADES KING,0.5962,0.0046,0.3992
CLUBS TEN SPADES QUEEN,0.599,0.0052,0.3958
SPADES FIVE HEARTS QUEEN,0.6498,0.0054,0.3448
SPADES FIVE HEARTS KING,0.6478,0.0062,0.346
CLUBS EIGHT SPADES TEN,0.6394,0.0028,0.3578
HEARTS THREE SPADES JACK,0.6468,0.004,0.3492
SPADES JACK DIAMONDS KING,0.6096,0.005,0.3854
SPADES TEN DIAMONDS KING,0.6114,0.0046,0.384
HEARTS THREE SPADES TEN,0.6558,0.0056,0.3386
CLUBS EIGHT SPADES JACK,0.6492,0.0046,0.3462
SPADES ACE CLUBS EIGHT,0.6182,0.1616,0.2202
CLUBS JACK HEARTS FIVE,0.65,0.0044,0.3456
CLUBS TEN HEARTS FIVE,0.657,0.004,0.339
CLUBS SIX HEARTS QUEEN,0.655,0.0048,0.3402
SPADES QUEEN CLUBS EIGHT,0.6612,0.0046,0.3342
CLUBS TEN SPADES THREE,0.6544,0.0046,0.341
CLUBS SIX HEARTS KING,0.659,0.0048,0.3362
SPADES KING CLUBS EIGHT,0.653,0.0038,0.3432
CLUBS JACK SPADES THREE,0.6666,0.0032,0.3302
DIAMONDS TWO HEARTS JACK,0.6544,0.005,0.3406
SPADES THREE CLUBS QUEEN,0.6538,0.005,0.3412
DIAMONDS TWO HEARTS TEN,0.6542,0.0062,0.3396
SPADES THREE CLUBS KING,0.6644,0.0044,0.3312
HEARTS FIVE CLUBS ACE,0.5814,0.1714,0.2472
SPADES FIVE HEARTS TEN,0.6428,0.0038,0.3534
SPADES THREE CLUBS ACE,0.5956,0.1652,0.2392
HEARTS FIVE CLUBS KING,0.6418,0.0048,0.3534
SPADES FIVE HEARTS JACK,0.654,0.0042,0.3418
HEARTS FIVE CLUBS QUEEN,0.6496,0.0062,0.3442
HEARTS THREE CLUBS KING,0.6526,0.0042,0.3432
DIAMONDS KING CLUBS KING,0.3228,0.004,0.6732
HEARTS THREE CLUBS QUEEN,0.6614,0.007,0.3316
DIAMONDS KING CLUBS QUEEN,0.6166,0.0048,0.3786
HEARTS FIVE HEARTS JACK,0.6496,0.0074,0.343
HEARTS FIVE HEARTS TEN,0.646,0.0052,0.3488
HEARTS THREE CLUBS ACE,0.5972,0.1662,0.2366
DIAMONDS KING CLUBS ACE,0.297,0.0464,0.6566
SPADES ACE CLUBS QUEEN,0.2814,0.0542,0.6644
SPADES KING CLUBS QUEEN,0.6116,0.0054,0.383
CLUBS JACK HEARTS THREE,0.6544,0.0052,0.3404
CLUBS JACK DIAMONDS KING,0.6034,0.0038,0.3928
SPADES QUEEN CLUBS QUEEN,0.3288,0.0038,0.6674
CLUBS TEN HEARTS THREE,0.6494,0.0042,0.3464
CLUBS TEN DIAMONDS KING,0.6078,0.0042,0.388
SPADES JACK CLUBS QUEEN,0.6006,0.0036,0.3958
CLUBS SIX CLUBS QUEEN,0.6238,0.0036,0.3726
SPADES TEN CLUBS QUEEN,0.5916,0.0026,0.4058
CLUBS SIX CLUBS KING,0.618,0.0048,0.3772
CLUBS SIX CLUBS ACE,0.5886,0.1452,0.2662
HEARTS FIVE HEARTS KING,0.647,0.0046,0.3484
HEARTS FIVE HEARTS QUEEN,0.6546,0.0078,0.3376
CLUBS TEN CLUBS SIX,0.6168,0.0044,0.3788
CLUBS JACK CLUBS SIX,0.6334,0.0048,0.3618
SPADES SEVEN HEARTS JACK,0.6474,0.0038,0.3488
SPADES SEVEN HEARTS TEN,0.6192,0.0042,0.3766
DIAMONDS TWO CLUBS TWO,0.4854,0.0066,0.508
DIAMONDS TWO CLUBS THREE,0.684,0.0062,0.3098
HEARTS SIX DIAMONDS TWO,0.684,0.006,0.31
DIAMONDS TWO HEARTS QUEEN,0.6658,0.0048,0.3294
DIAMONDS TWO HEARTS SEVEN,0.688,0.0056,0.3064
DIAMONDS TWO HEARTS KING,0.663,0.0038,0.3332
DIAMONDS TWO HEARTS EIGHT,0.7038,0.0048,0.2914
DIAMONDS TWO DIAMONDS QUEEN,0.6156,0.004,0.3804
DIAMONDS TWO HEARTS TWO,0.4964,0.0068,0.4968
DIAMONDS TWO DIAMONDS KING,0.6216,0.005,0.3734
HEARTS THREE DIAMONDS TWO,0.6694,0.0066,0.324
DIAMONDS TWO DIAMONDS ACE,0.5674,0.1556,0.277
HEARTS FOUR DIAMONDS TWO,0.6782,0.0052,0.3166
DIAMONDS TWO HEARTS FIVE,0.6666,0.007,0.3264
DIAMONDS TWO DIAMONDS TEN,0.6142,0.004,0.3818
SPADES SEVEN HEARTS KING,0.66,0.0058,0.3342
DIAMONDS TWO DIAMONDS JACK,0.6302,0.0052,0.3646
SPADES SEVEN HEARTS QUEEN,0.644,0.005,0.351
DIAMONDS TWO SPADES NINE,0.7612,0.026,0.2128
DIAMONDS TWO SPADES EIGHT,0.6976,0.0034,0.299
DIAMONDS TWO SPADES SEVEN,0.6868,0.0054,0.3078
DIAMONDS TWO SPADES SIX,0.6872,0.0062,0.3066
DIAMONDS TWO SPADES FIVE,0.6672,0.0054,0.3274
DIAMONDS TWO SPADES FOUR,0.6614,0.0064,0.3322
DIAMONDS TWO SPADES THREE,0.6656,0.0052,0.3292
DIAMONDS TWO SPADES TWO,0.509,0.0052,0.4858
DIAMONDS TWO CLUBS NINE,0.7692,0.0246,0.2062
CLUBS EIGHT DIAMONDS TWO,0.6812,0.0056,0.3132
DIAMONDS TWO CLUBS SEVEN,0.7,0.0048,0.2952
DIAMONDS TWO CLUBS SIX,0.6878,0.0042,0.308
DIAMONDS TWO CLUBS FIVE,0.6564,0.0036,0.34
DIAMONDS TWO CLUBS FOUR,0.672,0.0056,0.3224
CLUBS FOUR SPADES FIVE,0.6412,0.0048,0.354
CLUBS FOUR SPADES FOUR,0.4866,0.005,0.5084
CLUBS FOUR SPADES THREE,0.6678,0.0054,0.3268
CLUBS FOUR SPADES TWO,0.6812,0.005,0.3138
SPADES NINE CLUBS FOUR,0.7574,0.0246,0.218
SPADES EIGHT CLUBS FOUR,0.6782,0.0046,0.3172
CLUBS FOUR SPADES SEVEN,0.6562,0.0052,0.3386
CLUBS FOUR SPADES SIX,0.66,0.005,0.335
SPADES ACE DIAMONDS SIX,0.6292,0.1526,0.2182
SPADES QUEEN DIAMONDS SIX,0.649,0.0026,0.3484
SPADES KING DIAMONDS SIX,0.6438,0.0034,0.3528
SPADES TEN DIAMONDS SIX,0.6422,0.0036,0.3542
SPADES JACK DIAMONDS SIX,0.6612,0.0024,0.3364
SPADES QUEEN SPADES TWO,0.6358,0.005,0.3592
SPADES KING SPADES TWO,0.6176,0.0064,0.376
SPADES ACE SPADES TWO,0.5636,0.1638,0.2726
CLUBS JACK DIAMONDS JACK,0.3348,0.003,0.6622
CLUBS TEN DIAMONDS JACK,0.5896,0.0056,0.4048
DIAMONDS JACK CLUBS KING,0.614,0.0038,0.3822
DIAMONDS JACK CLUBS QUEEN,0.6034,0.0026,0.394
DIAMONDS THREE DIAMONDS JACK,0.6246,0.0034,0.372
DIAMONDS THREE DIAMONDS TEN,0.6266,0.0042,0.3692
DIAMONDS JACK CLUBS ACE,0.2898,0.0872,0.623
DIAMONDS THREE DIAMONDS KING,0.62,0.0052,0.3748
HEARTS THREE DIAMONDS THREE,0.4996,0.0078,0.4926
DIAMONDS THREE DIAMONDS QUEEN,0.6204,0.0034,0.3762
DIAMONDS THREE HEARTS TWO,0.6626,0.008,0.3294
HEARTS FIVE DIAMONDS THREE,0.6522,0.005,0.3428
DIAMONDS THREE DIAMONDS ACE,0.5618,0.1526,0.2856
HEARTS FOUR DIAMONDS THREE,0.659,0.0026,0.3384
DIAMONDS THREE HEARTS SEVEN,0.6814,0.006,0.3126
SPADES TEN SPADES NINE,0.6604,0.021,0.3186
HEARTS SIX DIAMONDS THREE,0.6782,0.006,0.3158
SPADES JACK SPADES NINE,0.6808,0.0168,0.3024
HEARTS JACK DIAMONDS FOUR,0.6602,0.0054,0.3344
SPADES TEN SPADES TWO,0.6228,0.0064,0.3708
DIAMONDS THREE HEARTS EIGHT,0.6898,0.0052,0.305
HEARTS TEN DIAMONDS FOUR,0.6474,0.0048,0.3478
SPADES JACK SPADES TWO,0.6198,0.0034,0.3768
HEARTS QUEEN DIAMONDS FOUR,0.661,0.0064,0.3326
HEARTS KING DIAMONDS FOUR,0.6494,0.0054,0.3452
SPADES ACE SPADES NINE,0.0676,0.855,0.0774
SPADES KING SPADES NINE,0.6914,0.0206,0.288
SPADES QUEEN SPADES NINE,0.6878,0.0218,0.2904
DIAMONDS THREE SPADES NINE,0.7606,0.0266,0.2128
DIAMONDS THREE SPADES EIGHT,0.6866,0.0046,0.3088
DIAMONDS THREE SPADES SEVEN,0.669,0.0054,0.3256
DIAMONDS THREE SPADES SIX,0.6718,0.005,0.3232
DIAMONDS THREE CLUBS SIX,0.6722,0.0032,0.3246
CLUBS SIX CLUBS FIVE,0.6114,0.006,0.3826
CLUBS ACE DIAMONDS FOUR,0.6054,0.1648,0.2298
DIAMONDS THREE CLUBS SEVEN,0.6894,0.003,0.3076
CLUBS SEVEN CLUBS FIVE,0.6216,0.005,0.3734
DIAMONDS THREE CLUBS FOUR,0.6572,0.004,0.3388
DIAMONDS FOUR CLUBS QUEEN,0.6674,0.0026,0.33
DIAMONDS THREE CLUBS FIVE,0.6658,0.0044,0.3298
DIAMONDS FOUR CLUBS KING,0.6612,0.0042,0.3346
DIAMONDS THREE CLUBS TWO,0.6658,0.0056,0.3286
CLUBS TEN DIAMONDS FOUR,0.6552,0.0052,0.3396
DIAMONDS THREE CLUBS THREE,0.4946,0.0052,0.5002
CLUBS JACK DIAMONDS FOUR,0.6578,0.005,0.3372
DIAMONDS THREE SPADES FOUR,0.6672,0.0054,0.3274
DIAMONDS THREE SPADES FIVE,0.6576,0.0052,0.3372
DIAMONDS THREE SPADES TWO,0.6674,0.0046,0.328
DIAMONDS THREE SPADES THREE,0.4962,0.0046,0.4992
CLUBS EIGHT DIAMONDS THREE,0.699,0.0044,0.2966
CLUBS NINE DIAMONDS THREE,0.7622,0.0304,0.2074
SPADES SEVEN CLUBS ACE,0.6264,0.1562,0.2174
SPADES SEVEN CLUBS QUEEN,0.671,0.0032,0.3258
SPADES SEVEN CLUBS KING,0.6582,0.0032,0.3386
SPADES SEVEN CLUBS FIVE,0.6472,0.004,0.3488
CLUBS TEN SPADES SEVEN,0.645,0.0034,0.3516
CLUBS FIVE SPADES SIX,0.666,0.0022,0.3318
CLUBS JACK SPADES SEVEN,0.6348,0.0042,0.361
SPADES NINE CLUBS FIVE,0.749,0.0214,0.2296
SPADES EIGHT CLUBS FIVE,0.661,0.003,0.336
CLUBS FIVE SPADES THREE,0.6588,0.0056,0.3356
CLUBS FIVE SPADES TWO,0.6722,0.005,0.3228
CLUBS FIVE SPADES FIVE,0.4886,0.004,0.5074
CLUBS FIVE SPADES FOUR,0.6452,0.0054,0.3494
CLUBS NINE CLUBS FIVE,0.7092,0.0226,0.2682
CLUBS EIGHT CLUBS FIVE,0.6136,0.0074,0.379
CLUBS ACE CLUBS QUEEN,0.2742,0.0582,0.6676
CLUBS KING CLUBS QUEEN,0.555,0.006,0.439
DIAMONDS TEN DIAMONDS FOUR,0.6142,0.0044,0.3814
CLUBS TEN DIAMONDS NINE,0.7014,0.0146,0.284
DIAMONDS JACK DIAMONDS FOUR,0.6146,0.0046,0.3808
CLUBS JACK DIAMONDS NINE,0.7164,0.015,0.2686
CLUBS JACK SPADES NINE,0.7106,0.0178,0.2716
CLUBS TEN SPADES NINE,0.7006,0.016,0.2834
DIAMONDS ACE DIAMONDS FOUR,0.5736,0.1598,0.2666
HEARTS FOUR DIAMONDS FOUR,0.4786,0.0048,0.5166
DIAMONDS JACK HEARTS TEN,0.5886,0.0058,0.4056
SPADES NINE CLUBS KING,0.7508,0.0218,0.2274
DIAMONDS TWO SPADES TEN,0.6582,0.0058,0.336
DIAMONDS NINE CLUBS ACE,0.0656,0.9114,0.023
HEARTS FIVE DIAMONDS FOUR,0.6464,0.0052,0.3484
DIAMONDS JACK HEARTS JACK,0.3236,0.0046,0.6718
SPADES NINE CLUBS QUEEN,0.733,0.018,0.249
DIAMONDS TWO SPADES JACK,0.6686,0.0048,0.3266
DIAMONDS QUEEN DIAMONDS FOUR,0.611,0.0052,0.3838
HEARTS TWO DIAMONDS FOUR,0.674,0.005,0.321
DIAMONDS NINE CLUBS QUEEN,0.7318,0.0174,0.2508
DIAMONDS KING DIAMONDS FOUR,0.6232,0.0026,0.3742
HEARTS THREE DIAMONDS FOUR,0.6472,0.0064,0.3464
SPADES NINE CLUBS ACE,0.0712,0.9062,0.0226
DIAMONDS NINE CLUBS KING,0.745,0.02,0.235
SPADES ACE DIAMONDS TWO,0.6274,0.1474,0.2252
HEARTS QUEEN DIAMONDS JACK,0.5848,0.0048,0.4104
SPADES QUEEN DIAMONDS TWO,0.656,0.0074,0.3366
DIAMONDS JACK HEARTS KING,0.6026,0.0058,0.3916
SPADES KING DIAMONDS TWO,0.6644,0.0036,0.332
SPADES JACK SPADES SEVEN,0.6232,0.0054,0.3714
SPADES TEN SPADES SEVEN,0.609,0.0032,0.3878
CLUBS SEVEN CLUBS THREE,0.6416,0.0044,0.354
CLUBS SIX CLUBS THREE,0.6382,0.0056,0.3562
CLUBS FIVE CLUBS THREE,0.6132,0.0056,0.3812
CLUBS FOUR CLUBS THREE,0.63,0.004,0.366
CLUBS NINE CLUBS THREE,0.7242,0.0274,0.2484
CLUBS EIGHT CLUBS THREE,0.6588,0.0046,0.3366
SPADES FIVE CLUBS THREE,0.6564,0.0044,0.3392
CLUBS THREE SPADES FOUR,0.6478,0.0046,0.3476
CLUBS THREE SPADES THREE,0.4952,0.0052,0.4996
CLUBS THREE SPADES TWO,0.6758,0.006,0.3182
SPADES SIX CLUBS THREE,0.6712,0.005,0.3238
SPADES SEVEN CLUBS THREE,0.6796,0.0044,0.316
SPADES EIGHT CLUBS THREE,0.698,0.0046,0.2974
SPADES NINE CLUBS THREE,0.7558,0.023,0.2212
SPADES TWO DIAMONDS FOUR,0.6646,0.005,0.3304
SPADES THREE DIAMONDS FOUR,0.6612,0.0048,0.334
SPADES FOUR DIAMONDS FOUR,0.4984,0.0044,0.4972
SPADES FIVE DIAMONDS FOUR,0.6516,0.0048,0.3436
SPADES SIX DIAMONDS FOUR,0.6522,0.0048,0.343
SPADES SEVEN DIAMONDS FOUR,0.6574,0.004,0.3386
SPADES EIGHT DIAMONDS FOUR,0.6788,0.0048,0.3164
SPADES NINE DIAMONDS FOUR,0.7682,0.0256,0.2062
CLUBS FIVE DIAMONDS FOUR,0.6446,0.0058,0.3496
CLUBS FOUR DIAMONDS FOUR,0.4974,0.003,0.4996
CLUBS SEVEN DIAMONDS FOUR,0.669,0.0036,0.3274
CLUBS SIX DIAMONDS FOUR,0.6756,0.0028,0.3216
CLUBS NINE DIAMONDS FOUR,0.7618,0.0244,0.2138
CLUBS EIGHT DIAMONDS FOUR,0.6862,0.0048,0.309
DIAMONDS FOUR HEARTS SEVEN,0.6466,0.0032,0.3502
HEARTS SIX DIAMONDS FOUR,0.6482,0.0058,0.346
DIAMONDS FOUR HEARTS EIGHT,0.6874,0.0056,0.307
CLUBS THREE DIAMONDS FOUR,0.6536,0.0038,0.3426
CLUBS TWO DIAMONDS FOUR,0.6716,0.005,0.3234
DIAMONDS TEN DIAMONDS FIVE,0.6174,0.0062,0.3764
DIAMONDS JACK DIAMONDS FIVE,0.6246,0.0054,0.37
DIAMONDS NINE HEARTS QUEEN,0.7234,0.0168,0.2598
DIAMONDS NINE HEARTS KING,0.741,0.0212,0.2378
DIAMONDS NINE HEARTS TEN,0.6892,0.0198,0.291
DIAMONDS NINE HEARTS JACK,0.716,0.0178,0.2662
CLUBS KING DIAMONDS SIX,0.6516,0.0042,0.3442
CLUBS QUEEN DIAMONDS SIX,0.6586,0.0024,0.339
CLUBS ACE DIAMONDS SIX,0.6212,0.1642,0.2146
SPADES KING DIAMONDS FOUR,0.6528,0.0042,0.343
SPADES ACE SPADES SEVEN,0.5808,0.155,0.2642
SPADES QUEEN DIAMONDS FOUR,0.6544,0.0044,0.3412
SPADES QUEEN SPADES SEVEN,0.608,0.0032,0.3888
CLUBS JACK DIAMONDS SIX,0.6488,0.0056,0.3456
SPADES KING SPADES SEVEN,0.611,0.0032,0.3858
SPADES ACE DIAMONDS FOUR,0.6026,0.1604,0.237
CLUBS TEN DIAMONDS SIX,0.6538,0.004,0.3422
CLUBS NINE CLUBS FOUR,0.7272,0.0272,0.2456
CLUBS EIGHT CLUBS FOUR,0.636,0.0054,0.3586
SPADES JACK DIAMONDS FOUR,0.6598,0.0056,0.3346
SPADES TEN DIAMONDS FOUR,0.6686,0.0046,0.3268
CLUBS FOUR CLUBS FIVE,0.6038,0.0036,0.3926
CLUBS SEVEN CLUBS FOUR,0.6346,0.005,0.3604
CLUBS SIX CLUBS FOUR,0.6182,0.0052,0.3766
CLUBS SEVEN SPADES EIGHT,0.6476,0.005,0.3474
SPADES NINE CLUBS SEVEN,0.7198,0.0206,0.2596
CLUBS SEVEN SPADES SIX,0.657,0.0046,0.3384
CLUBS SEVEN SPADES SEVEN,0.4836,0.0046,0.5118
CLUBS SEVEN SPADES FIVE,0.6484,0.003,0.3486
CLUBS SEVEN SPADES FOUR,0.668,0.0052,0.3268
CLUBS SEVEN SPADES THREE,0.6882,0.0052,0.3066
CLUBS SEVEN SPADES TWO,0.693,0.004,0.303
CLUBS NINE CLUBS SEVEN,0.6674,0.019,0.3136
CLUBS EIGHT CLUBS SEVEN,0.616,0.0036,0.3804
HEARTS SIX DIAMONDS FIVE,0.6432,0.004,0.3528
DIAMONDS FIVE HEARTS SEVEN,0.6426,0.0044,0.353
DIAMONDS FIVE HEARTS EIGHT,0.6598,0.004,0.3362
DIAMONDS QUEEN DIAMONDS FIVE,0.6186,0.004,0.3774
HEARTS TWO DIAMONDS FIVE,0.6554,0.0058,0.3388
HEARTS KING HEARTS EIGHT,0.6464,0.005,0.3486
DIAMONDS KING DIAMONDS FIVE,0.6142,0.006,0.3798
HEARTS THREE DIAMONDS FIVE,0.6544,0.0048,0.3408
HEARTS QUEEN HEARTS EIGHT,0.6498,0.0034,0.3468
DIAMONDS ACE DIAMONDS FIVE,0.5506,0.1578,0.2916
HEARTS FOUR DIAMONDS FIVE,0.6364,0.0062,0.3574
HEARTS FIVE DIAMONDS FIVE,0.488,0.0044,0.5076
CLUBS FOUR DIAMONDS FIVE,0.6494,0.0052,0.3454
CLUBS FIVE DIAMONDS FIVE,0.4908,0.0042,0.505
CLUBS SIX DIAMONDS FIVE,0.6374,0.0046,0.358
CLUBS SEVEN DIAMONDS FIVE,0.6512,0.0034,0.3454
CLUBS TWO DIAMONDS FIVE,0.6736,0.0056,0.3208
CLUBS THREE DIAMONDS FIVE,0.6598,0.0044,0.3358
SPADES THREE DIAMONDS FIVE,0.645,0.0054,0.3496
SPADES TWO DIAMONDS FIVE,0.673,0.0048,0.3222
SPADES JACK DIAMONDS EIGHT,0.6534,0.0036,0.343
SPADES FIVE DIAMONDS FIVE,0.4868,0.0042,0.509
CLUBS TEN HEARTS JACK,0.578,0.0044,0.4176
SPADES TEN DIAMONDS EIGHT,0.6348,0.0056,0.3596
SPADES FOUR DIAMONDS FIVE,0.6458,0.0054,0.3488
CLUBS JACK HEARTS JACK,0.332,0.0052,0.6628
HEARTS JACK CLUBS QUEEN,0.6014,0.0042,0.3944
CLUBS NINE DIAMONDS FIVE,0.7452,0.0208,0.234
CLUBS EIGHT DIAMONDS FIVE,0.6744,0.0046,0.321
HEARTS JACK CLUBS KING,0.6088,0.0044,0.3868
CLUBS ACE HEARTS JACK,0.2716,0.085,0.6434
SPADES SEVEN DIAMONDS FIVE,0.6582,0.0042,0.3376
SPADES KING DIAMONDS EIGHT,0.6634,0.0036,0.333
SPADES QUEEN DIAMONDS EIGHT,0.651,0.0026,0.3464
SPADES SIX DIAMONDS FIVE,0.639,0.004,0.357
SPADES NINE DIAMONDS FIVE,0.7488,0.0238,0.2274
SPADES EIGHT DIAMONDS FIVE,0.6654,0.0036,0.331
SPADES ACE DIAMONDS EIGHT,0.6248,0.1612,0.214
DIAMONDS TEN DIAMONDS SIX,0.6132,0.0046,0.3822
DIAMONDS JACK DIAMONDS SIX,0.617,0.0032,0.3798
HEARTS QUEEN DIAMONDS SEVEN,0.6538,0.0042,0.342
HEARTS KING DIAMONDS SEVEN,0.6506,0.0052,0.3442
DIAMONDS ACE DIAMONDS SIX,0.5806,0.1522,0.2672
HEARTS FOUR DIAMONDS SIX,0.6606,0.0052,0.3342
SPADES TWO HEARTS JACK,0.662,0.0046,0.3334
HEARTS FIVE DIAMONDS SIX,0.6506,0.0034,0.346
SPADES TWO HEARTS TEN,0.6554,0.0062,0.3384
DIAMONDS QUEEN DIAMONDS SIX,0.605,0.0042,0.3908
HEARTS TWO DIAMONDS SIX,0.679,0.0052,0.3158
DIAMONDS KING DIAMONDS SIX,0.612,0.0024,0.3856
HEARTS THREE DIAMONDS SIX,0.6716,0.0042,0.3242
HEARTS EIGHT DIAMONDS SIX,0.653,0.004,0.343
HEARTS SIX DIAMONDS SIX,0.489,0.0028,0.5082
HEARTS SEVEN DIAMONDS SIX,0.634,0.0036,0.3624
HEARTS TEN DIAMONDS SEVEN,0.6324,0.0066,0.361
CLUBS TWO DIAMONDS SIX,0.6874,0.0054,0.3072
HEARTS JACK DIAMONDS SEVEN,0.6386,0.0046,0.3568
CLUBS THREE DIAMONDS SIX,0.6706,0.0034,0.326
CLUBS SEVEN DIAMONDS SIX,0.6532,0.0046,0.3422
CLUBS JACK DIAMONDS EIGHT,0.6446,0.0028,0.3526
CLUBS SIX DIAMONDS SIX,0.4838,0.0048,0.5114
CLUBS TEN DIAMONDS EIGHT,0.6354,0.003,0.3616
CLUBS FIVE DIAMONDS SIX,0.6536,0.0036,0.3428
CLUBS FOUR DIAMONDS SIX,0.6566,0.0046,0.3388
DIAMONDS EIGHT CLUBS ACE,0.6136,0.1614,0.225
HEARTS QUEEN HEARTS JACK,0.5866,0.006,0.4074
DIAMONDS EIGHT CLUBS KING,0.6626,0.0036,0.3338
CLUBS NINE DIAMONDS SIX,0.7454,0.0198,0.2348
HEARTS KING HEARTS JACK,0.6,0.0044,0.3956
CLUBS EIGHT DIAMONDS SIX,0.6688,0.0028,0.3284
DIAMONDS EIGHT CLUBS QUEEN,0.6562,0.003,0.3408
SPADES TEN HEARTS KING,0.6016,0.0044,0.394
SPADES FIVE DIAMONDS SIX,0.6502,0.0058,0.344
SPADES JACK HEARTS KING,0.5992,0.0064,0.3944
SPADES FOUR DIAMONDS SIX,0.6606,0.0046,0.3348
SPADES THREE DIAMONDS SIX,0.6788,0.003,0.3182
HEARTS QUEEN SPADES TWO,0.6654,0.0038,0.3308
SPADES ACE SPADES KING,0.2768,0.0472,0.676
HEARTS KING SPADES TWO,0.6658,0.0052,0.329
SPADES TWO DIAMONDS SIX,0.6894,0.0066,0.304
HEARTS TEN HEARTS EIGHT,0.6202,0.0052,0.3746
SPADES NINE DIAMONDS SIX,0.7404,0.021,0.2386
HEARTS JACK HEARTS EIGHT,0.6254,0.0056,0.369
SPADES EIGHT DIAMONDS SIX,0.661,0.004,0.335
SPADES SEVEN DIAMONDS SIX,0.6442,0.0042,0.3516
SPADES SIX DIAMONDS SIX,0.475,0.0046,0.5204
SPADES KING HEARTS KING,0.3304,0.0036,0.666
SPADES QUEEN HEARTS KING,0.5982,0.0048,0.397
CLUBS ACE CLUBS KING,0.2762,0.038,0.6858
SPADES ACE HEARTS KING,0.2898,0.042,0.6682
SPADES ACE HEARTS JACK,0.28,0.0846,0.6354
SPADES QUEEN HEARTS JACK,0.5952,0.0044,0.4004
SPADES KING HEARTS JACK,0.5898,0.004,0.4062
SPADES TEN DIAMONDS TEN,0.3436,0.0032,0.6532
SPADES JACK DIAMONDS TEN,0.5806,0.0042,0.4152
SPADES ACE DIAMONDS TEN,0.2738,0.1152,0.611
SPADES JACK HEARTS JACK,0.326,0.0038,0.6702
SPADES TEN HEARTS JACK,0.5776,0.0052,0.4172
SPADES QUEEN DIAMONDS TEN,0.5882,0.0034,0.4084
SPADES KING DIAMONDS TEN,0.5986,0.0044,0.397
SPADES NINE DIAMONDS SEVEN,0.7252,0.0228,0.252
SPADES EIGHT DIAMONDS SEVEN,0.6398,0.004,0.3562
SPADES SEVEN DIAMONDS SEVEN,0.4824,0.003,0.5146
SPADES SIX DIAMONDS SEVEN,0.6446,0.004,0.3514
DIAMONDS KING DIAMONDS SEVEN,0.6206,0.004,0.3754
HEARTS THREE DIAMONDS SEVEN,0.6872,0.0052,0.3076
HEARTS KING DIAMONDS FIVE,0.6466,0.0056,0.3478
DIAMONDS QUEEN DIAMONDS SEVEN,0.605,0.0042,0.3908
HEARTS TWO DIAMONDS SEVEN,0.6908,0.0058,0.3034
HEARTS QUEEN DIAMONDS FIVE,0.638,0.006,0.356
HEARTS FIVE DIAMONDS SEVEN,0.65,0.0054,0.3446
DIAMONDS ACE DIAMONDS SEVEN,0.5812,0.1572,0.2616
HEARTS FOUR DIAMONDS SEVEN,0.6674,0.0042,0.3284
HEARTS SEVEN DIAMONDS SEVEN,0.4686,0.0034,0.528
HEARTS SIX DIAMONDS SEVEN,0.6496,0.0038,0.3466
DIAMONDS SEVEN HEARTS EIGHT,0.6432,0.005,0.3518
DIAMONDS JACK DIAMONDS SEVEN,0.6086,0.0036,0.3878
DIAMONDS FIVE HEARTS JACK,0.6446,0.0058,0.3496
DIAMONDS TEN DIAMONDS SEVEN,0.6026,0.0054,0.392
HEARTS TEN DIAMONDS FIVE,0.6468,0.0058,0.3474
CLUBS EIGHT DIAMONDS SEVEN,0.6516,0.0028,0.3456
SPADES KING CLUBS TWO,0.655,0.0062,0.3388
HEARTS KING CLUBS KING,0.3264,0.0058,0.6678
SPADES QUEEN CLUBS TWO,0.6564,0.0054,0.3382
HEARTS KING CLUBS QUEEN,0.5966,0.0042,0.3992
CLUBS NINE DIAMONDS SEVEN,0.726,0.0202,0.2538
CLUBS JACK SPADES TWO,0.674,0.004,0.322
CLUBS SIX CLUBS SEVEN,0.6038,0.0046,0.3916
SPADES ACE CLUBS TWO,0.6092,0.172,0.2188
CLUBS TEN SPADES TWO,0.6746,0.0052,0.3202
HEARTS KING CLUBS ACE,0.287,0.0462,0.6668
SPADES TWO CLUBS KING,0.6664,0.008,0.3256
SPADES TWO DIAMONDS SEVEN,0.6886,0.006,0.3054
CLUBS EIGHT CLUBS SIX,0.6158,0.0042,0.38
SPADES THREE DIAMONDS SEVEN,0.6762,0.0032,0.3206
SPADES TWO CLUBS QUEEN,0.6518,0.0048,0.3434
CLUBS NINE CLUBS SIX,0.6816,0.0228,0.2956
SPADES FOUR DIAMONDS SEVEN,0.6634,0.005,0.3316
CLUBS JACK HEARTS KING,0.6022,0.006,0.3918
SPADES FIVE DIAMONDS SEVEN,0.6546,0.0054,0.34
SPADES TWO CLUBS ACE,0.605,0.1632,0.2318
CLUBS TEN HEARTS KING,0.6038,0.0054,0.3908
CLUBS SIX SPADES TWO,0.668,0.0062,0.3258
CLUBS SIX SPADES THREE,0.6724,0.0038,0.3238
CLUBS TWO DIAMONDS SEVEN,0.6924,0.005,0.3026
CLUBS SIX SPADES FOUR,0.648,0.007,0.345
CLUBS THREE DIAMONDS SEVEN,0.6794,0.0054,0.3152
CLUBS SIX SPADES FIVE,0.6436,0.0032,0.3532
CLUBS FOUR DIAMONDS SEVEN,0.6626,0.0046,0.3328
CLUBS SIX SPADES SIX,0.4814,0.005,0.5136
CLUBS FIVE DIAMONDS SEVEN,0.6626,0.003,0.3344
CLUBS SIX SPADES SEVEN,0.6448,0.0024,0.3528
CLUBS SIX DIAMONDS SEVEN,0.6428,0.0032,0.354
CLUBS SIX SPADES EIGHT,0.6664,0.0036,0.33
SPADES JACK CLUBS TWO,0.6528,0.0046,0.3426
CLUBS SEVEN DIAMONDS SEVEN,0.4836,0.0046,0.5118
CLUBS SIX SPADES NINE,0.7358,0.0196,0.2446
SPADES TEN CLUBS TWO,0.6574,0.0062,0.3364
CLUBS TWO CLUBS QUEEN,0.6196,0.0036,0.3768
CLUBS TWO CLUBS KING,0.6222,0.0052,0.3726
CLUBS THREE DIAMONDS EIGHT,0.6914,0.0044,0.3042
CLUBS TWO CLUBS ACE,0.5804,0.1528,0.2668
CLUBS TWO DIAMONDS EIGHT,0.6806,0.0062,0.3132
DIAMONDS EIGHT HEARTS SEVEN,0.6298,0.0058,0.3644
HEARTS SIX DIAMONDS EIGHT,0.6552,0.0044,0.3404
CLUBS TEN CLUBS TWO,0.6298,0.005,0.3652
DIAMONDS EIGHT HEARTS EIGHT,0.467,0.0032,0.5298
CLUBS JACK CLUBS TWO,0.617,0.0046,0.3784
CLUBS NINE DIAMONDS EIGHT,0.6978,0.021,0.2812
CLUBS EIGHT DIAMONDS EIGHT,0.4774,0.0028,0.5198
CLUBS FIVE DIAMONDS EIGHT,0.6638,0.0052,0.331
SPADES ACE SPADES THREE,0.5582,0.163,0.2788
CLUBS FOUR DIAMONDS EIGHT,0.6774,0.0044,0.3182
CLUBS SEVEN DIAMONDS EIGHT,0.6514,0.0032,0.3454
SPADES QUEEN SPADES THREE,0.6088,0.0048,0.3864
CLUBS SIX DIAMONDS EIGHT,0.6538,0.0032,0.343
SPADES KING SPADES THREE,0.6056,0.0064,0.388
DIAMONDS QUEEN DIAMONDS EIGHT,0.6164,0.0042,0.3794
HEARTS TWO DIAMONDS EIGHT,0.7012,0.0048,0.294
DIAMONDS KING DIAMONDS EIGHT,0.6256,0.0042,0.3702
HEARTS THREE DIAMONDS EIGHT,0.688,0.0056,0.3064
DIAMONDS ACE DIAMONDS EIGHT,0.58,0.1616,0.2584
HEARTS FOUR DIAMONDS EIGHT,0.6818,0.0046,0.3136
HEARTS FIVE DIAMONDS EIGHT,0.6712,0.005,0.3238
DIAMONDS EIGHT DIAMONDS TEN,0.589,0.0036,0.4074
DIAMONDS EIGHT DIAMONDS JACK,0.6078,0.0056,0.3866
SPADES JACK SPADES THREE,0.619,0.0052,0.3758
SPADES TEN SPADES THREE,0.6154,0.0046,0.38
CLUBS FOUR HEARTS QUEEN,0.6556,0.0064,0.338
CLUBS FOUR HEARTS KING,0.6562,0.0046,0.3392
CLUBS SIX HEARTS TEN,0.6324,0.0036,0.364
CLUBS SIX HEARTS JACK,0.6658,0.008,0.3262
DIAMONDS EIGHT SPADES FOUR,0.6866,0.0052,0.3082
SPADES FIVE DIAMONDS EIGHT,0.6584,0.0046,0.337
DIAMONDS EIGHT SPADES TWO,0.687,0.0054,0.3076
DIAMONDS EIGHT SPADES THREE,0.7076,0.0036,0.2888
CLUBS FOUR HEARTS JACK,0.6598,0.0054,0.3348
SPADES EIGHT DIAMONDS EIGHT,0.47,0.0032,0.5268
SPADES TEN DIAMONDS QUEEN,0.5942,0.0046,0.4012
SPADES TEN HEARTS TWO,0.6666,0.0056,0.3278
SPADES JACK HEARTS EIGHT,0.6316,0.004,0.3644
CLUBS FOUR HEARTS TEN,0.645,0.0036,0.3514
SPADES NINE DIAMONDS EIGHT,0.7084,0.0178,0.2738
SPADES TEN HEARTS EIGHT,0.6158,0.0052,0.379
SPADES JACK HEARTS TWO,0.6452,0.0052,0.3496
SPADES JACK DIAMONDS QUEEN,0.593,0.0036,0.4034
SPADES SIX DIAMONDS EIGHT,0.6704,0.004,0.3256
SPADES SEVEN DIAMONDS EIGHT,0.644,0.0024,0.3536
SPADES ACE HEARTS TWO,0.6066,0.1552,0.2382
SPADES ACE DIAMONDS QUEEN,0.2764,0.0632,0.6604
SPADES ACE HEARTS EIGHT,0.6136,0.1752,0.2112
SPADES KING HEARTS EIGHT,0.6586,0.0066,0.3348
SPADES QUEEN HEARTS TWO,0.661,0.0048,0.3342
SPADES QUEEN DIAMONDS QUEEN,0.3252,0.0048,0.67
SPADES KING DIAMONDS QUEEN,0.6004,0.0046,0.395
SPADES KING HEARTS TWO,0.6574,0.0038,0.3388
SPADES QUEEN HEARTS EIGHT,0.6492,0.0062,0.3446
CLUBS TWO HEARTS TEN,0.6748,0.0052,0.32
CLUBS TWO HEARTS JACK,0.6542,0.0062,0.3396
SPADES SEVEN DIAMONDS NINE,0.7212,0.0226,0.2562
SPADES SIX DIAMONDS NINE,0.7296,0.0232,0.2472
SPADES NINE DIAMONDS NINE,0.3578,0.0236,0.6186
SPADES EIGHT DIAMONDS NINE,0.7194,0.021,0.2596
SPADES TEN CLUBS KING,0.5958,0.005,0.3992
DIAMONDS NINE SPADES THREE,0.7586,0.0278,0.2136
SPADES JACK CLUBS KING,0.6116,0.0032,0.3852
DIAMONDS NINE SPADES TWO,0.7618,0.0256,0.2126
DIAMONDS NINE SPADES FIVE,0.7536,0.023,0.2234
DIAMONDS NINE SPADES FOUR,0.76,0.025,0.215
CLUBS NINE DIAMONDS NINE,0.3462,0.021,0.6328
CLUBS EIGHT DIAMONDS NINE,0.7084,0.0226,0.269
CLUBS SIX DIAMONDS NINE,0.7352,0.0214,0.2434
SPADES JACK CLUBS FOUR,0.6572,0.004,0.3388
CLUBS SEVEN DIAMONDS NINE,0.7242,0.0192,0.2566
SPADES TEN CLUBS FOUR,0.667,0.0036,0.3294
CLUBS FOUR DIAMONDS NINE,0.7662,0.0266,0.2072
CLUBS FIVE DIAMONDS NINE,0.7438,0.0264,0.2298
CLUBS TWO DIAMONDS NINE,0.7566,0.0242,0.2192
DIAMONDS NINE CLUBS THREE,0.749,0.0274,0.2236
DIAMONDS NINE HEARTS EIGHT,0.7036,0.0226,0.2738
HEARTS SIX DIAMONDS NINE,0.732,0.0244,0.2436
DIAMONDS NINE HEARTS SEVEN,0.7162,0.0222,0.2616
CLUBS EIGHT CLUBS NINE,0.6762,0.0188,0.305
DIAMONDS ACE DIAMONDS NINE,0.0758,0.847,0.0772
HEARTS FOUR DIAMONDS NINE,0.7638,0.027,0.2092
HEARTS FIVE DIAMONDS NINE,0.7356,0.0252,0.2392
SPADES ACE CLUBS FOUR,0.6094,0.155,0.2356
DIAMONDS QUEEN DIAMONDS NINE,0.6892,0.0214,0.2894
HEARTS TWO DIAMONDS NINE,0.7574,0.026,0.2166
CLUBS TWO HEARTS KING,0.659,0.0058,0.3352
SPADES KING CLUBS FOUR,0.6604,0.003,0.3366
DIAMONDS KING DIAMONDS NINE,0.7026,0.0206,0.2768
HEARTS THREE DIAMONDS NINE,0.7546,0.026,0.2194
CLUBS TWO HEARTS QUEEN,0.6504,0.0046,0.345
SPADES QUEEN CLUBS FOUR,0.661,0.0044,0.3346
DIAMONDS NINE DIAMONDS JACK,0.6678,0.0192,0.313
CLUBS EIGHT SPADES NINE,0.705,0.0226,0.2724
DIAMONDS NINE DIAMONDS TEN,0.6752,0.018,0.3068
CLUBS EIGHT SPADES EIGHT,0.4642,0.0046,0.5312
CLUBS EIGHT SPADES SEVEN,0.6418,0.0034,0.3548
CLUBS EIGHT SPADES SIX,0.6474,0.005,0.3476
CLUBS EIGHT SPADES FIVE,0.6616,0.0046,0.3338
CLUBS EIGHT SPADES FOUR,0.683,0.0048,0.3122
CLUBS EIGHT SPADES THREE,0.7064,0.003,0.2906
CLUBS EIGHT SPADES TWO,0.6896,0.003,0.3074
HEARTS SIX DIAMONDS TEN,0.6558,0.0038,0.3404
DIAMONDS TEN HEARTS SEVEN,0.6318,0.005,0.3632
DIAMONDS TEN HEARTS EIGHT,0.6236,0.0028,0.3736
CLUBS JACK CLUBS FOUR,0.6274,0.0032,0.3694
CLUBS TEN CLUBS FOUR,0.6076,0.0038,0.3886
CLUBS FOUR CLUBS KING,0.611,0.0056,0.3834
CLUBS FOUR CLUBS QUEEN,0.6076,0.0062,0.3862
CLUBS TWO DIAMONDS TEN,0.6582,0.004,0.3378
CLUBS THREE DIAMONDS TEN,0.6574,0.0032,0.3394
CLUBS FOUR CLUBS ACE,0.5722,0.153,0.2748
DIAMONDS JACK DIAMONDS TEN,0.5404,0.0062,0.4534
DIAMONDS QUEEN DIAMONDS TEN,0.5702,0.0046,0.4252
HEARTS TWO DIAMONDS TEN,0.6612,0.0052,0.3336
DIAMONDS KING DIAMONDS TEN,0.5704,0.003,0.4266
HEARTS THREE DIAMONDS TEN,0.6596,0.0056,0.3348
DIAMONDS ACE DIAMONDS TEN,0.2616,0.1156,0.6228
HEARTS FOUR DIAMONDS TEN,0.6484,0.0052,0.3464
CLUBS EIGHT HEARTS JACK,0.6286,0.0044,0.367
HEARTS FIVE DIAMONDS TEN,0.6558,0.0032,0.341
CLUBS EIGHT HEARTS TEN,0.6202,0.0044,0.3754
CLUBS EIGHT HEARTS QUEEN,0.6532,0.005,0.3418
CLUBS EIGHT HEARTS KING,0.6534,0.0052,0.3414
CLUBS NINE SPADES THREE,0.7624,0.0262,0.2114
CLUBS NINE SPADES TWO,0.7628,0.0256,0.2116
CLUBS NINE SPADES FIVE,0.7386,0.0228,0.2386
CLUBS NINE SPADES FOUR,0.7648,0.0286,0.2066
CLUBS NINE SPADES SEVEN,0.7248,0.0226,0.2526
CLUBS NINE SPADES SIX,0.738,0.0208,0.2412
CLUBS NINE SPADES NINE,0.3524,0.0218,0.6258
CLUBS TEN HEARTS EIGHT,0.6154,0.0034,0.3812
CLUBS NINE SPADES EIGHT,0.7036,0.021,0.2754
CLUBS JACK HEARTS EIGHT,0.6386,0.0048,0.3566
CLUBS QUEEN HEARTS EIGHT,0.6458,0.0044,0.3498
CLUBS KING HEARTS EIGHT,0.6442,0.0046,0.3512
CLUBS ACE HEARTS EIGHT,0.6038,0.1778,0.2184
SPADES KING CLUBS KING,0.3282,0.003,0.6688
SPADES QUEEN CLUBS KING,0.6008,0.0052,0.394
SPADES ACE CLUBS KING,0.2946,0.0424,0.663
DIAMONDS ACE HEARTS TEN,0.2674,0.1096,0.623
HEARTS FOUR HEARTS TEN,0.6548,0.0036,0.3416
DIAMONDS ACE HEARTS JACK,0.2698,0.0814,0.6488
HEARTS FOUR HEARTS JACK,0.64,0.0044,0.3556
SPADES KING CLUBS FIVE,0.6692,0.0028,0.328
SPADES QUEEN CLUBS FIVE,0.6606,0.0038,0.3356
SPADES ACE CLUBS FIVE,0.5952,0.158,0.2468
DIAMONDS JACK HEARTS SEVEN,0.652,0.0038,0.3442
HEARTS SIX DIAMONDS JACK,0.6538,0.0064,0.3398
DIAMONDS JACK HEARTS EIGHT,0.634,0.005,0.361
DIAMONDS KING DIAMONDS JACK,0.566,0.0042,0.4298
HEARTS THREE DIAMONDS JACK,0.649,0.0066,0.3444
SPADES ACE SPADES SIX,0.5834,0.1544,0.2622
DIAMONDS QUEEN DIAMONDS JACK,0.5654,0.003,0.4316
HEARTS TWO DIAMONDS JACK,0.6608,0.006,0.3332
HEARTS FIVE DIAMONDS JACK,0.6486,0.0044,0.347
SPADES QUEEN SPADES SIX,0.6288,0.005,0.3662
SPADES FOUR HEARTS QUEEN,0.6536,0.0052,0.3412
DIAMONDS ACE DIAMONDS JACK,0.2688,0.0842,0.647
HEARTS FOUR DIAMONDS JACK,0.6574,0.0062,0.3364
SPADES KING SPADES SIX,0.6218,0.0044,0.3738
SPADES FOUR HEARTS KING,0.6522,0.0044,0.3434
SPADES TEN SPADES SIX,0.622,0.0072,0.3708
SPADES JACK SPADES SIX,0.6128,0.0038,0.3834
SPADES FOUR DIAMONDS JACK,0.6554,0.0044,0.3402
SPADES FIVE DIAMONDS JACK,0.6628,0.0038,0.3334
DIAMONDS JACK SPADES TWO,0.6676,0.0036,0.3288
DIAMONDS JACK SPADES THREE,0.6582,0.0044,0.3374
SPADES ACE DIAMONDS THREE,0.6044,0.1572,0.2384
CLUBS EIGHT DIAMONDS JACK,0.653,0.0044,0.3426
SPADES QUEEN DIAMONDS THREE,0.6602,0.0036,0.3362
SPADES KING DIAMONDS THREE,0.6528,0.0064,0.3408
CLUBS NINE DIAMONDS JACK,0.7072,0.0176,0.2752
CLUBS SIX DIAMONDS JACK,0.66,0.0036,0.3364
CLUBS SEVEN DIAMONDS JACK,0.6484,0.0042,0.3474
CLUBS FOUR DIAMONDS JACK,0.6624,0.0044,0.3332
CLUBS FIVE DIAMONDS JACK,0.6476,0.0042,0.3482
CLUBS TWO DIAMONDS JACK,0.6684,0.0066,0.325
CLUBS THREE DIAMONDS JACK,0.6594,0.005,0.3356
SPADES TEN CLUBS FIVE,0.655,0.0032,0.3418
HEARTS SIX SPADES JACK,0.6554,0.0034,0.3412
HEARTS SIX SPADES TEN,0.6434,0.0056,0.351
SPADES JACK CLUBS FIVE,0.6512,0.0044,0.3444
SPADES JACK DIAMONDS THREE,0.6508,0.0052,0.344
CLUBS SEVEN CLUBS ACE,0.5822,0.1502,0.2676
DIAMONDS THREE SPADES TEN,0.665,0.004,0.331
CLUBS SEVEN CLUBS QUEEN,0.625,0.0044,0.3706
CLUBS SEVEN CLUBS KING,0.6074,0.003,0.3896
SPADES NINE DIAMONDS JACK,0.7206,0.018,0.2614
CLUBS TEN CLUBS SEVEN,0.5994,0.0048,0.3958
SPADES EIGHT DIAMONDS JACK,0.642,0.0024,0.3556
SPADES ACE HEARTS SIX,0.6144,0.1636,0.222
CLUBS JACK CLUBS SEVEN,0.6068,0.005,0.3882
DIAMONDS ACE HEARTS KING,0.288,0.0438,0.6682
HEARTS FOUR HEARTS KING,0.6516,0.0084,0.34
SPADES SEVEN DIAMONDS JACK,0.649,0.005,0.346
SPADES KING HEARTS SIX,0.6526,0.0046,0.3428
DIAMONDS ACE HEARTS QUEEN,0.2766,0.0586,0.6648
HEARTS FOUR HEARTS QUEEN,0.6452,0.0058,0.349
SPADES QUEEN HEARTS SIX,0.6478,0.004,0.3482
SPADES SIX DIAMONDS JACK,0.6764,0.0046,0.319
DIAMONDS TEN SPADES TWO,0.6644,0.003,0.3326
SPADES THREE DIAMONDS TEN,0.6558,0.0048,0.3394
SPADES FOUR DIAMONDS TEN,0.6414,0.0028,0.3558
SPADES FIVE DIAMONDS TEN,0.6648,0.0036,0.3316
SPADES SIX DIAMONDS TEN,0.6476,0.0028,0.3496
SPADES SEVEN DIAMONDS TEN,0.6488,0.0034,0.3478
SPADES EIGHT DIAMONDS TEN,0.6424,0.0032,0.3544
SPADES NINE DIAMONDS TEN,0.7058,0.0166,0.2776
CLUBS FOUR DIAMONDS TEN,0.6586,0.004,0.3374
CLUBS FIVE DIAMONDS TEN,0.6604,0.004,0.3356
CLUBS SIX DIAMONDS TEN,0.6548,0.0052,0.34
CLUBS SEVEN DIAMONDS TEN,0.6412,0.0026,0.3562
CLUBS EIGHT DIAMONDS TEN,0.6196,0.0046,0.3758
CLUBS NINE DIAMONDS TEN,0.7058,0.0168,0.2774
CLUBS JACK DIAMONDS THREE,0.6606,0.0046,0.3348
CLUBS TEN DIAMONDS THREE,0.669,0.0044,0.3266
DIAMONDS THREE CLUBS KING,0.6564,0.0042,0.3394
DIAMONDS THREE CLUBS QUEEN,0.6558,0.0044,0.3398
DIAMONDS THREE CLUBS ACE,0.6218,0.1504,0.2278
SPADES FOUR HEARTS JACK,0.6598,0.004,0.3362
SPADES FOUR HEARTS TEN,0.6528,0.0054,0.3418
SPADES FIVE SPADES TWO,0.6246,0.0058,0.3696
SPADES FOUR SPADES TWO,0.638,0.0072,0.3548
SPADES THREE SPADES TWO,0.6314,0.0044,0.3642
SPADES NINE SPADES TWO,0.7244,0.0196,0.256
SPADES EIGHT SPADES TWO,0.6548,0.0056,0.3396
SPADES SEVEN SPADES TWO,0.6544,0.0044,0.3412
SPADES SIX SPADES TWO,0.6516,0.0046,0.3438
DIAMONDS QUEEN CLUBS THREE,0.6622,0.004,0.3338
HEARTS TWO CLUBS THREE,0.6704,0.0048,0.3248
DIAMONDS QUEEN CLUBS TWO,0.654,0.0052,0.3408
HEARTS TWO CLUBS TWO,0.4968,0.0066,0.4966
DIAMONDS QUEEN HEARTS SEVEN,0.6516,0.0048,0.3436
HEARTS TWO HEARTS SEVEN,0.695,0.0046,0.3004
HEARTS SIX DIAMONDS QUEEN,0.659,0.0048,0.3362
HEARTS SIX HEARTS TWO,0.6848,0.006,0.3092
DIAMONDS QUEEN HEARTS EIGHT,0.6456,0.003,0.3514
HEARTS TWO HEARTS EIGHT,0.6886,0.006,0.3054
CLUBS NINE HEARTS TWO,0.754,0.0298,0.2162
CLUBS NINE DIAMONDS QUEEN,0.7346,0.0198,0.2456
CLUBS EIGHT DIAMONDS QUEEN,0.6572,0.0032,0.3396
CLUBS EIGHT HEARTS TWO,0.6874,0.0046,0.308
DIAMONDS QUEEN CLUBS FIVE,0.6402,0.0038,0.356
HEARTS TWO CLUBS FIVE,0.6676,0.0056,0.3268
DIAMONDS QUEEN CLUBS FOUR,0.6564,0.0032,0.3404
CLUBS FOUR HEARTS TWO,0.6724,0.0056,0.322
CLUBS SEVEN DIAMONDS QUEEN,0.652,0.0034,0.3446
CLUBS SEVEN HEARTS TWO,0.6858,0.006,0.3082
SPADES EIGHT HEARTS QUEEN,0.6392,0.0044,0.3564
CLUBS SIX DIAMONDS QUEEN,0.647,0.006,0.347
CLUBS SIX HEARTS TWO,0.6922,0.0074,0.3004
SPADES EIGHT HEARTS KING,0.6692,0.0054,0.3254
HEARTS TWO SPADES SIX,0.6886,0.0054,0.306
DIAMONDS QUEEN SPADES SIX,0.659,0.0046,0.3364
HEARTS FOUR CLUBS QUEEN,0.651,0.0046,0.3444
DIAMONDS ACE CLUBS QUEEN,0.297,0.0672,0.6358
DIAMONDS QUEEN SPADES SEVEN,0.6542,0.0028,0.343
HEARTS TWO SPADES SEVEN,0.6948,0.0038,0.3014
HEARTS FOUR CLUBS KING,0.657,0.0054,0.3376
DIAMONDS ACE CLUBS KING,0.291,0.048,0.661
DIAMONDS QUEEN SPADES EIGHT,0.6596,0.0042,0.3362
SPADES EIGHT HEARTS TWO,0.6922,0.0036,0.3042
HEARTS FOUR CLUBS ACE,0.6054,0.1598,0.2348
DIAMONDS ACE CLUBS ACE,0.1046,0.0148,0.8806
SPADES NINE DIAMONDS QUEEN,0.7208,0.0222,0.257
SPADES NINE HEARTS TWO,0.772,0.0274,0.2006
HEARTS TWO SPADES TWO,0.507,0.0038,0.4892
DIAMONDS QUEEN SPADES TWO,0.6512,0.0052,0.3436
HEARTS TWO SPADES THREE,0.6726,0.0058,0.3216
DIAMONDS QUEEN SPADES THREE,0.6698,0.0048,0.3254
HEARTS TWO SPADES FOUR,0.679,0.0052,0.3158
DIAMONDS QUEEN SPADES FOUR,0.6578,0.0036,0.3386
CLUBS TEN HEARTS FOUR,0.6526,0.0044,0.343
CLUBS TEN DIAMONDS ACE,0.2788,0.1064,0.6148
HEARTS TWO SPADES FIVE,0.655,0.0056,0.3394
DIAMONDS QUEEN SPADES FIVE,0.6516,0.0046,0.3438
HEARTS FOUR CLUBS JACK,0.6562,0.0046,0.3392
CLUBS JACK DIAMONDS ACE,0.2882,0.079,0.6328
CLUBS FIVE CLUBS KING,0.6102,0.0036,0.3862
CLUBS FIVE CLUBS QUEEN,0.6206,0.0052,0.3742
CLUBS FIVE CLUBS ACE,0.5738,0.1506,0.2756
CLUBS JACK CLUBS FIVE,0.6064,0.0024,0.3912
CLUBS TEN CLUBS FIVE,0.6226,0.0062,0.3712
SPADES KING CLUBS JACK,0.5988,0.0054,0.3958
CLUBS JACK SPADES QUEEN,0.5958,0.004,0.4002
SPADES ACE CLUBS JACK,0.2806,0.0846,0.6348
SPADES SIX CLUBS KING,0.6648,0.0036,0.3316
SPADES SIX CLUBS QUEEN,0.66,0.0038,0.3362
SPADES EIGHT HEARTS JACK,0.635,0.0044,0.3606
SPADES SIX CLUBS ACE,0.6258,0.1554,0.2188
SPADES EIGHT HEARTS TEN,0.629,0.005,0.366
CLUBS JACK SPADES SIX,0.662,0.0036,0.3344
CLUBS TEN SPADES SIX,0.646,0.0044,0.3496
CLUBS JACK SPADES TEN,0.5978,0.0048,0.3974
CLUBS JACK SPADES JACK,0.345,0.0028,0.6522
SPADES QUEEN CLUBS SEVEN,0.6548,0.0046,0.3406
SPADES KING CLUBS SEVEN,0.656,0.006,0.338
SPADES ACE CLUBS SEVEN,0.624,0.1608,0.2152
SPADES SIX HEARTS TEN,0.638,0.0058,0.3562
SPADES SIX HEARTS JACK,0.6486,0.0052,0.3462
SPADES SIX HEARTS KING,0.6586,0.0062,0.3352
SPADES SIX HEARTS QUEEN,0.662,0.0042,0.3338
SPADES JACK CLUBS SEVEN,0.6536,0.004,0.3424
SPADES TEN CLUBS SEVEN,0.6452,0.0032,0.3516
CLUBS TEN HEARTS SIX,0.6504,0.0044,0.3452
CLUBS JACK HEARTS SIX,0.661,0.0034,0.3356
CLUBS JACK CLUBS ACE,0.2634,0.0792,0.6574
HEARTS SIX CLUBS QUEEN,0.655,0.0048,0.3402
HEARTS SIX CLUBS KING,0.6518,0.006,0.3422
HEARTS SIX CLUBS ACE,0.604,0.1598,0.2362
CLUBS JACK CLUBS QUEEN,0.5554,0.0034,0.4412
CLUBS JACK CLUBS KING,0.573,0.0058,0.4212
DIAMONDS THREE HEARTS QUEEN,0.6538,0.0054,0.3408
DIAMONDS THREE HEARTS KING,0.6572,0.0038,0.339
CLUBS FIVE HEARTS JACK,0.6518,0.0048,0.3434
SPADES TEN DIAMONDS ACE,0.2726,0.1104,0.617
HEARTS FOUR SPADES TEN,0.6498,0.0064,0.3438
CLUBS FIVE HEARTS TEN,0.6628,0.005,0.3322
HEARTS FOUR SPADES JACK,0.6524,0.0062,0.3414
SPADES JACK DIAMONDS ACE,0.2826,0.0836,0.6338
SPADES ACE HEARTS FOUR,0.604,0.1648,0.2312
SPADES ACE DIAMONDS ACE,0.111,0.0136,0.8754
CLUBS FIVE HEARTS KING,0.6538,0.0044,0.3418
HEARTS FOUR SPADES QUEEN,0.6468,0.0054,0.3478
SPADES QUEEN DIAMONDS ACE,0.287,0.064,0.649
CLUBS JACK SPADES FOUR,0.6514,0.004,0.3446
CLUBS FIVE HEARTS QUEEN,0.6564,0.0038,0.3398
SPADES KING DIAMONDS ACE,0.2836,0.0422,0.6742
HEARTS FOUR SPADES KING,0.659,0.0048,0.3362
CLUBS TEN SPADES FOUR,0.6596,0.003,0.3374
DIAMONDS QUEEN DIAMONDS ACE,0.2806,0.0564,0.663
HEARTS TWO DIAMONDS ACE,0.6006,0.173,0.2264
HEARTS FOUR DIAMONDS QUEEN,0.6378,0.0056,0.3566
HEARTS FOUR HEARTS TWO,0.6664,0.0056,0.328
DIAMONDS THREE HEARTS TEN,0.662,0.0056,0.3324
SPADES FOUR CLUBS KING,0.6542,0.0042,0.3416
HEARTS FIVE DIAMONDS QUEEN,0.6516,0.0038,0.3446
HEARTS FIVE HEARTS TWO,0.667,0.0058,0.3272
DIAMONDS THREE HEARTS JACK,0.6394,0.0048,0.3558
SPADES FOUR CLUBS QUEEN,0.6524,0.005,0.3426
DIAMONDS QUEEN HEARTS TWO,0.6522,0.0044,0.3434
DIAMONDS KING DIAMONDS QUEEN,0.551,0.0062,0.4428
DIAMONDS KING HEARTS TWO,0.6624,0.004,0.3336
HEARTS THREE DIAMONDS QUEEN,0.65,0.0052,0.3448
HEARTS THREE HEARTS TWO,0.66,0.0066,0.3334
SPADES FOUR CLUBS ACE,0.6138,0.1538,0.2324
HEARTS TWO CLUBS ACE,0.6034,0.1726,0.224
DIAMONDS QUEEN CLUBS ACE,0.2936,0.0608,0.6456
HEARTS TWO CLUBS QUEEN,0.661,0.0052,0.3338
DIAMONDS QUEEN CLUBS QUEEN,0.3324,0.0038,0.6638
HEARTS TWO CLUBS KING,0.657,0.004,0.339
DIAMONDS QUEEN CLUBS KING,0.5936,0.0062,0.4002
SPADES EIGHT SPADES FIVE,0.6322,0.0058,0.362
CLUBS TEN HEARTS TWO,0.6512,0.0046,0.3442
CLUBS TEN DIAMONDS QUEEN,0.5914,0.0034,0.4052
SPADES NINE SPADES FIVE,0.693,0.024,0.283
CLUBS JACK HEARTS TWO,0.6482,0.0032,0.3486
CLUBS JACK DIAMONDS QUEEN,0.6056,0.0036,0.3908
SPADES SIX SPADES FIVE,0.6198,0.005,0.3752
