opposingHand,winningChance,drawChance,lostChance
HEARTS FOUR DIAMONDS EIGHT
SPADES TEN SPADES SEVEN,0.3262,0.0238,0.65
SPADES JACK CLUBS TWO,0.412,0.0172,0.5708
HEARTS SIX HEARTS NINE,0.3196,0.0436,0.6368
SPADES QUEEN DIAMONDS KING,0.3302,0.0084,0.6614
DIAMONDS TWO CLUBS SIX,0.5888,0.0658,0.3454
DIAMONDS THREE SPADES FIVE,0.5594,0.075,0.3656
DIAMONDS KING CLUBS THREE,0.3974,0.008,0.5946
SPADES KING DIAMONDS JACK,0.3374,0.008,0.6546
DIAMONDS THREE HEARTS SEVEN,0.5738,0.072,0.3542
DIAMONDS QUEEN HEARTS QUEEN,0.1262,0.0318,0.842
HEARTS EIGHT HEARTS JACK,0.2318,0.064,0.7042
HEARTS EIGHT HEARTS THREE,0.2582,0.4906,0.2512
DIAMONDS TWO DIAMONDS KING,0.384,0.01,0.606
CLUBS SIX HEARTS KING,0.3544,0.0078,0.6378
DIAMONDS JACK DIAMONDS FOUR,0.2402,0.0572,0.7026
CLUBS EIGHT SPADES THREE,0.2712,0.5166,0.2122
SPADES KING SPADES TEN,0.309,0.0048,0.6862
SPADES SEVEN HEARTS ACE,0.3602,0.0052,0.6346
HEARTS QUEEN HEARTS TEN,0.3064,0.0098,0.6838
CLUBS SIX DIAMONDS FIVE,0.5214,0.0654,0.4132
SPADES TWO DIAMONDS SIX,0.5942,0.0702,0.3356
DIAMONDS ACE CLUBS QUEEN,0.3372,0.0042,0.6586
SPADES QUEEN SPADES NINE,0.3134,0.0094,0.6772
CLUBS SEVEN HEARTS JACK,0.3592,0.0188,0.622
CLUBS TEN CLUBS NINE,0.2892,0.0194,0.6914
CLUBS NINE HEARTS QUEEN,0.3184,0.009,0.6726
SPADES SEVEN DIAMONDS TEN,0.3456,0.0224,0.632
SPADES QUEEN DIAMONDS SEVEN,0.3742,0.0116,0.6142
SPADES NINE CLUBS SIX,0.3398,0.0432,0.617
CLUBS SIX DIAMONDS TEN,0.3584,0.0266,0.615
SPADES THREE HEARTS KING,0.3904,0.0086,0.601
HEARTS SEVEN CLUBS SEVEN,0.2632,0.0824,0.6544
CLUBS FOUR SPADES TWO,0.598,0.1552,0.2468
CLUBS JACK DIAMONDS SEVEN,0.364,0.0202,0.6158
CLUBS SEVEN HEARTS ACE,0.3592,0.0038,0.637
CLUBS JACK HEARTS SIX,0.359,0.0186,0.6224
SPADES SIX CLUBS THREE,0.5716,0.0696,0.3588
DIAMONDS TWO HEARTS ACE,0.384,0.0058,0.6102
HEARTS SIX DIAMONDS KING,0.3446,0.0084,0.647
SPADES ACE DIAMONDS FOUR,0.2616,0.0208,0.7176
CLUBS JACK DIAMONDS QUEEN,0.3192,0.0122,0.6686
CLUBS NINE HEARTS THREE,0.4042,0.0398,0.556
CLUBS SIX DIAMONDS QUEEN,0.371,0.0144,0.6146
CLUBS SEVEN SPADES TWO,0.597,0.063,0.34
CLUBS TEN SPADES EIGHT,0.2364,0.0816,0.682
HEARTS SIX SPADES TEN,0.3496,0.0294,0.621
HEARTS EIGHT CLUBS TEN,0.2352,0.0772,0.6876
SPADES ACE DIAMONDS SIX,0.359,0.003,0.638
HEARTS THREE SPADES THREE,0.364,0.1044,0.5316
SPADES FOUR DIAMONDS SEVEN,0.6022,0.1472,0.2506
HEARTS SIX DIAMONDS SIX,0.2624,0.093,0.6446
CLUBS FIVE HEARTS ACE,0.3394,0.0032,0.6574
SPADES TWO DIAMONDS FIVE,0.58,0.0706,0.3494
CLUBS JACK HEARTS FIVE,0.3612,0.0186,0.6202
DIAMONDS TWO CLUBS ACE,0.3948,0.0042,0.601
CLUBS JACK HEARTS TEN,0.3246,0.0128,0.6626
SPADES JACK CLUBS KING,0.3398,0.0066,0.6536
HEARTS SIX CLUBS QUEEN,0.3648,0.0134,0.6218
SPADES QUEEN HEARTS ACE,0.341,0.0036,0.6554
DIAMONDS NINE HEARTS TEN,0.2986,0.023,0.6784
HEARTS SEVEN SPADES TWO,0.586,0.0628,0.3512
HEARTS SEVEN DIAMONDS KING,0.346,0.0088,0.6452
SPADES NINE DIAMONDS FOUR,0.2368,0.1096,0.6536
SPADES KING SPADES JACK,0.3218,0.009,0.6692
DIAMONDS ACE SPADES THREE,0.3922,0.0056,0.6022
CLUBS THREE HEARTS KING,0.3922,0.0086,0.5992
SPADES THREE HEARTS QUEEN,0.3974,0.0136,0.589
CLUBS TWO CLUBS ACE,0.3626,0.0042,0.6332
HEARTS JACK DIAMONDS FIVE,0.361,0.0212,0.6178
CLUBS SEVEN DIAMONDS JACK,0.3622,0.0152,0.6226
HEARTS KING DIAMONDS FOUR,0.249,0.0346,0.7164
HEARTS EIGHT HEARTS SEVEN,0.2016,0.2902,0.5082
SPADES SIX CLUBS QUEEN,0.352,0.012,0.636
DIAMONDS TWO DIAMONDS FIVE,0.5476,0.065,0.3874
SPADES SEVEN HEARTS QUEEN,0.3726,0.009,0.6184
HEARTS THREE DIAMONDS NINE,0.3938,0.0422,0.564
DIAMONDS TWO DIAMONDS NINE,0.3878,0.0378,0.5744
SPADES TEN CLUBS SEVEN,0.3444,0.029,0.6266
CLUBS TEN CLUBS KING,0.3048,0.006,0.6892
SPADES QUEEN DIAMONDS FOUR,0.2536,0.046,0.7004
CLUBS NINE HEARTS JACK,0.3104,0.0172,0.6724
DIAMONDS KING HEARTS KING,0.1268,0.0182,0.855
CLUBS ACE HEARTS NINE,0.3338,0.0046,0.6616
CLUBS FIVE CLUBS KING,0.338,0.0094,0.6526
CLUBS THREE DIAMONDS FOUR,0.5954,0.1512,0.2534
DIAMONDS THREE HEARTS SIX,0.5716,0.0688,0.3596
SPADES TEN HEARTS ACE,0.329,0.003,0.668
SPADES SEVEN HEARTS NINE,0.3356,0.039,0.6254
HEARTS FIVE CLUBS QUEEN,0.3656,0.014,0.6204
CLUBS NINE HEARTS NINE,0.1496,0.0654,0.785
HEARTS THREE DIAMONDS KING,0.393,0.008,0.599
CLUBS FIVE SPADES FOUR,0.5798,0.1388,0.2814
DIAMONDS KING DIAMONDS TEN,0.3216,0.0052,0.6732
CLUBS TEN SPADES TWO,0.409,0.0234,0.5676
CLUBS EIGHT DIAMONDS SIX,0.2204,0.373,0.4066
SPADES FIVE SPADES TWO,0.5386,0.0666,0.3948
SPADES SEVEN DIAMONDS FIVE,0.53,0.0694,0.4006
SPADES FIVE HEARTS TEN,0.3644,0.0312,0.6044
HEARTS SEVEN HEARTS TWO,0.5716,0.0656,0.3628
CLUBS EIGHT CLUBS FIVE,0.2132,0.4202,0.3666
DIAMONDS TEN HEARTS TEN,0.1436,0.0514,0.805
CLUBS JACK DIAMONDS TWO,0.408,0.0188,0.5732
DIAMONDS TEN HEARTS JACK,0.3008,0.014,0.6852
CLUBS TEN HEARTS TWO,0.4236,0.0304,0.546
SPADES JACK DIAMONDS QUEEN,0.3416,0.0112,0.6472
SPADES QUEEN DIAMONDS QUEEN,0.142,0.0208,0.8372
CLUBS ACE CLUBS QUEEN,0.3116,0.0034,0.685
CLUBS FOUR HEARTS ACE,0.252,0.0192,0.7288
DIAMONDS QUEEN SPADES THREE,0.4036,0.012,0.5844
HEARTS ACE HEARTS JACK,0.3162,0.0044,0.6794
SPADES KING CLUBS SEVEN,0.368,0.0054,0.6266
CLUBS EIGHT DIAMONDS NINE,0.211,0.1046,0.6844
SPADES FIVE CLUBS QUEEN,0.3638,0.011,0.6252
HEARTS TWO SPADES FOUR,0.6004,0.1482,0.2514
CLUBS TEN HEARTS TEN,0.1518,0.049,0.7992
SPADES FOUR DIAMONDS SIX,0.5976,0.1458,0.2566
HEARTS SEVEN DIAMONDS ACE,0.3544,0.004,0.6416
SPADES QUEEN SPADES FOUR,0.2366,0.0424,0.721
CLUBS THREE HEARTS TEN,0.4026,0.0282,0.5692
SPADES JACK DIAMONDS FIVE,0.3712,0.016,0.6128
SPADES TEN HEARTS KING,0.33,0.005,0.665
SPADES KING DIAMONDS ACE,0.3402,0.0032,0.6566
SPADES FIVE DIAMONDS SEVEN,0.5264,0.0654,0.4082
SPADES EIGHT DIAMONDS FIVE,0.2166,0.4584,0.325
SPADES THREE SPADES TWO,0.542,0.0686,0.3894
CLUBS JACK HEARTS TWO,0.3938,0.0194,0.5868
DIAMONDS TWO CLUBS THREE,0.605,0.072,0.323
HEARTS NINE DIAMONDS FOUR,0.2468,0.107,0.6462
DIAMONDS TWO DIAMONDS ACE,0.3732,0.0072,0.6196
SPADES NINE DIAMONDS QUEEN,0.3318,0.0108,0.6574
DIAMONDS THREE CLUBS NINE,0.4024,0.0382,0.5594
HEARTS SIX SPADES FOUR,0.5936,0.1492,0.2572
DIAMONDS THREE CLUBS FOUR,0.5928,0.1606,0.2466
DIAMONDS ACE HEARTS KING,0.3274,0.0042,0.6684
HEARTS QUEEN CLUBS KING,0.3404,0.0056,0.654
SPADES EIGHT SPADES SIX,0.2044,0.3518,0.4438
HEARTS SIX HEARTS TEN,0.3422,0.0288,0.629
SPADES ACE DIAMONDS TWO,0.3914,0.007,0.6016
DIAMONDS TEN HEARTS QUEEN,0.3168,0.0122,0.671
CLUBS THREE HEARTS NINE,0.3976,0.0442,0.5582
SPADES JACK SPADES THREE,0.3844,0.0174,0.5982
HEARTS FIVE CLUBS SEVEN,0.5314,0.0672,0.4014
SPADES SEVEN CLUBS QUEEN,0.3762,0.0132,0.6106
DIAMONDS TWO SPADES SIX,0.6002,0.0598,0.34
CLUBS SIX HEARTS ACE,0.3464,0.0046,0.649
SPADES EIGHT SPADES TWO,0.2688,0.471,0.2602
CLUBS FOUR SPADES FIVE,0.5674,0.143,0.2896
DIAMONDS ACE CLUBS THREE,0.4022,0.0034,0.5944
HEARTS EIGHT HEARTS KING,0.2352,0.0396,0.7252
CLUBS TEN HEARTS NINE,0.3,0.0222,0.6778
HEARTS FIVE DIAMONDS SEVEN,0.5284,0.062,0.4096
SPADES TEN HEARTS NINE,0.3148,0.0286,0.6566
CLUBS SEVEN CLUBS FIVE,0.49,0.0614,0.4486
SPADES EIGHT DIAMONDS SEVEN,0.2168,0.3012,0.482
HEARTS SEVEN HEARTS TEN,0.322,0.0308,0.6472
HEARTS SEVEN CLUBS THREE,0.5842,0.073,0.3428
CLUBS FIVE SPADES THREE,0.555,0.0678,0.3772
CLUBS SIX HEARTS NINE,0.3334,0.0358,0.6308
SPADES ACE SPADES NINE,0.3252,0.0044,0.6704
HEARTS SIX DIAMONDS QUEEN,0.3532,0.0132,0.6336
DIAMONDS KING HEARTS QUEEN,0.3356,0.0084,0.656
CLUBS NINE SPADES NINE,0.152,0.062,0.786
DIAMONDS SEVEN HEARTS NINE,0.3338,0.0402,0.626
SPADES QUEEN SPADES FIVE,0.3574,0.0108,0.6318
HEARTS SIX SPADES EIGHT,0.2146,0.3824,0.403
CLUBS THREE SPADES THREE,0.3772,0.0984,0.5244
HEARTS JACK CLUBS QUEEN,0.3248,0.011,0.6642
HEARTS THREE DIAMONDS FOUR,0.6022,0.1572,0.2406
CLUBS EIGHT HEARTS KING,0.2362,0.0386,0.7252
DIAMONDS TWO HEARTS THREE,0.6016,0.0652,0.3332
DIAMONDS QUEEN CLUBS ACE,0.3304,0.0042,0.6654
HEARTS THREE HEARTS TWO,0.5686,0.069,0.3624
DIAMONDS THREE DIAMONDS QUEEN,0.3912,0.0154,0.5934
HEARTS SIX HEARTS TWO,0.5476,0.0692,0.3832
SPADES JACK SPADES EIGHT,0.2286,0.06,0.7114
CLUBS EIGHT DIAMONDS TEN,0.236,0.0806,0.6834
SPADES SIX DIAMONDS FOUR,0.5948,0.1488,0.2564
SPADES THREE DIAMONDS FIVE,0.5668,0.072,0.3612
SPADES JACK CLUBS EIGHT,0.2416,0.0586,0.6998
CLUBS FIVE DIAMONDS SIX,0.5308,0.0662,0.403
CLUBS JACK DIAMONDS ACE,0.3274,0.005,0.6676
HEARTS SEVEN HEARTS SIX,0.4892,0.0636,0.4472
HEARTS EIGHT CLUBS FOUR,0.0108,0.9716,0.0176
SPADES SEVEN HEARTS JACK,0.358,0.019,0.623
SPADES NINE HEARTS QUEEN,0.3338,0.0096,0.6566
CLUBS JACK DIAMONDS SIX,0.3662,0.0212,0.6126
SPADES KING SPADES FOUR,0.2398,0.0282,0.732
HEARTS TWO HEARTS ACE,0.3604,0.0052,0.6344
SPADES TEN CLUBS FOUR,0.25,0.0762,0.6738
CLUBS FOUR DIAMONDS SIX,0.6082,0.1404,0.2514
HEARTS EIGHT CLUBS EIGHT,0.0792,0.086,0.8348
HEARTS FIVE SPADES THREE,0.546,0.0714,0.3826
CLUBS FOUR CLUBS THREE,0.5584,0.1418,0.2998
SPADES QUEEN SPADES TWO,0.3688,0.01,0.6212
HEARTS ACE DIAMONDS FOUR,0.2606,0.0174,0.722
SPADES KING CLUBS THREE,0.391,0.009,0.6
SPADES EIGHT SPADES SEVEN,0.205,0.2802,0.5148
HEARTS FIVE SPADES FOUR,0.5796,0.1404,0.28
HEARTS THREE DIAMONDS TEN,0.4066,0.0272,0.5662
SPADES FIVE HEARTS NINE,0.3526,0.0448,0.6026
HEARTS SIX HEARTS JACK,0.3472,0.0176,0.6352
CLUBS EIGHT HEARTS NINE,0.219,0.1036,0.6774
DIAMONDS KING SPADES FOUR,0.2506,0.034,0.7154
HEARTS SIX SPADES JACK,0.3734,0.0188,0.6078
SPADES SEVEN DIAMONDS FOUR,0.6154,0.1398,0.2448
HEARTS EIGHT DIAMONDS JACK,0.229,0.064,0.707
SPADES SIX HEARTS ACE,0.359,0.0038,0.6372
SPADES TEN CLUBS FIVE,0.3584,0.0294,0.6122
HEARTS EIGHT CLUBS SEVEN,0.2134,0.285,0.5016
DIAMONDS FIVE HEARTS NINE,0.3552,0.0476,0.5972
HEARTS FIVE DIAMONDS JACK,0.357,0.016,0.627
SPADES QUEEN CLUBS ACE,0.3534,0.003,0.6436
CLUBS FIVE DIAMONDS JACK,0.3672,0.0226,0.6102
HEARTS TWO DIAMONDS ACE,0.388,0.0072,0.6048
SPADES THREE DIAMONDS SIX,0.5628,0.0712,0.366
HEARTS EIGHT DIAMONDS ACE,0.2112,0.031,0.7578
DIAMONDS JACK HEARTS QUEEN,0.3158,0.0108,0.6734
SPADES KING CLUBS ACE,0.3392,0.0044,0.6564
CLUBS EIGHT DIAMONDS QUEEN,0.2488,0.0496,0.7016
HEARTS TWO CLUBS FIVE,0.5794,0.067,0.3536
CLUBS SEVEN HEARTS TEN,0.3398,0.0238,0.6364
SPADES KING HEARTS SIX,0.3652,0.0082,0.6266
SPADES JACK SPADES SIX,0.3454,0.0182,0.6364
DIAMONDS ACE HEARTS QUEEN,0.3264,0.006,0.6676
HEARTS SIX DIAMONDS JACK,0.355,0.0178,0.6272
SPADES EIGHT DIAMONDS QUEEN,0.239,0.0514,0.7096
DIAMONDS THREE HEARTS NINE,0.3968,0.0416,0.5616
SPADES EIGHT SPADES FIVE,0.214,0.4266,0.3594
HEARTS THREE DIAMONDS SEVEN,0.589,0.0686,0.3424
SPADES QUEEN DIAMONDS TEN,0.3184,0.01,0.6716
HEARTS SEVEN SPADES JACK,0.362,0.02,0.618
SPADES ACE CLUBS THREE,0.3874,0.0048,0.6078
DIAMONDS TWO HEARTS SIX,0.5796,0.0696,0.3508
HEARTS FIVE HEARTS KING,0.345,0.0098,0.6452
HEARTS SIX CLUBS ACE,0.3642,0.004,0.6318
HEARTS SEVEN CLUBS FIVE,0.5306,0.064,0.4054
HEARTS ACE DIAMONDS FIVE,0.3486,0.006,0.6454
SPADES JACK SPADES TEN,0.2924,0.0118,0.6958
DIAMONDS THREE SPADES SIX,0.57,0.0728,0.3572
SPADES KING SPADES SIX,0.3506,0.0064,0.643
HEARTS SEVEN DIAMONDS SEVEN,0.2454,0.0844,0.6702
HEARTS TWO CLUBS ACE,0.4084,0.0044,0.5872
SPADES SIX DIAMONDS FIVE,0.524,0.07,0.406
SPADES JACK DIAMONDS KING,0.33,0.0094,0.6606
HEARTS KING DIAMONDS SIX,0.3608,0.0094,0.6298
HEARTS TEN DIAMONDS FOUR,0.239,0.0762,0.6848
SPADES KING DIAMONDS SIX,0.3564,0.008,0.6356
DIAMONDS TWO SPADES TWO,0.3784,0.1072,0.5144
CLUBS SEVEN HEARTS NINE,0.329,0.0444,0.6266
DIAMONDS JACK CLUBS ACE,0.333,0.006,0.661
CLUBS JACK HEARTS EIGHT,0.235,0.0664,0.6986
DIAMONDS QUEEN HEARTS KING,0.3294,0.009,0.6616
HEARTS EIGHT DIAMONDS FOUR,0.0072,0.9842,0.0086
CLUBS SEVEN SPADES EIGHT,0.225,0.2876,0.4874
HEARTS THREE SPADES SEVEN,0.5902,0.0706,0.3392
CLUBS NINE SPADES SIX,0.336,0.0374,0.6266
SPADES TWO HEARTS NINE,0.405,0.0472,0.5478
SPADES KING CLUBS TEN,0.332,0.0074,0.6606
SPADES EIGHT CLUBS THREE,0.2812,0.4996,0.2192
CLUBS SIX HEARTS JACK,0.37,0.0148,0.6152
HEARTS KING DIAMONDS FIVE,0.3614,0.0104,0.6282
CLUBS NINE HEARTS ACE,0.3238,0.005,0.6712
HEARTS TWO SPADES SEVEN,0.6006,0.0682,0.3312
SPADES NINE HEARTS TEN,0.3024,0.0238,0.6738
HEARTS ACE DIAMONDS SEVEN,0.3524,0.0062,0.6414
SPADES KING DIAMONDS KING,0.1458,0.014,0.8402
HEARTS KING SPADES TWO,0.3926,0.011,0.5964
DIAMONDS NINE HEARTS QUEEN,0.3134,0.0114,0.6752
SPADES TWO DIAMONDS SEVEN,0.6118,0.0688,0.3194
HEARTS FIVE SPADES TWO,0.568,0.0652,0.3668
DIAMONDS TEN HEARTS NINE,0.3014,0.022,0.6766
HEARTS TWO DIAMONDS SIX,0.5962,0.0724,0.3314
HEARTS EIGHT SPADES JACK,0.2546,0.0596,0.6858
HEARTS SIX DIAMONDS FOUR,0.6096,0.1466,0.2438
SPADES JACK HEARTS QUEEN,0.3244,0.012,0.6636
DIAMONDS THREE SPADES THREE,0.3662,0.1052,0.5286
HEARTS THREE DIAMONDS FIVE,0.564,0.0652,0.3708
HEARTS ACE HEARTS KING,0.3238,0.006,0.6702
DIAMONDS ACE DIAMONDS SIX,0.3592,0.0042,0.6366
HEARTS JACK CLUBS KING,0.336,0.0076,0.6564
DIAMONDS JACK HEARTS KING,0.3332,0.0062,0.6606
SPADES FOUR HEARTS TEN,0.2468,0.0756,0.6776
CLUBS EIGHT SPADES FIVE,0.2196,0.4444,0.336
SPADES ACE SPADES TWO,0.364,0.0052,0.6308
HEARTS SEVEN HEARTS THREE,0.5514,0.0628,0.3858
DIAMONDS TWO SPADES EIGHT,0.2816,0.505,0.2134
SPADES ACE SPADES TEN,0.3068,0.0038,0.6894
SPADES KING CLUBS FOUR,0.271,0.0308,0.6982
SPADES ACE HEARTS TEN,0.326,0.0042,0.6698
CLUBS JACK CLUBS NINE,0.3162,0.0166,0.6672
SPADES JACK SPADES FIVE,0.344,0.0178,0.6382
CLUBS SEVEN HEARTS TWO,0.5916,0.0664,0.342
CLUBS TWO CLUBS QUEEN,0.3658,0.0146,0.6196
HEARTS TWO CLUBS TWO,0.3794,0.102,0.5186
CLUBS TEN HEARTS JACK,0.3088,0.0144,0.6768
CLUBS EIGHT HEARTS TWO,0.2842,0.4944,0.2214
SPADES NINE DIAMONDS ACE,0.338,0.004,0.658
SPADES EIGHT DIAMONDS ACE,0.2286,0.03,0.7414
DIAMONDS THREE CLUBS QUEEN,0.4104,0.0108,0.5788
CLUBS SEVEN CLUBS SIX,0.4866,0.0626,0.4508
CLUBS JACK CLUBS SIX,0.3476,0.0184,0.634
DIAMONDS THREE SPADES SEVEN,0.5848,0.0666,0.3486
DIAMONDS TEN CLUBS KING,0.3316,0.0082,0.6602
DIAMONDS ACE HEARTS ACE,0.1326,0.0058,0.8616
DIAMONDS ACE DIAMONDS SEVEN,0.34,0.0058,0.6542
DIAMONDS THREE DIAMONDS SIX,0.5448,0.0644,0.3908
SPADES KING CLUBS SIX,0.3662,0.0076,0.6262
SPADES FIVE CLUBS ACE,0.352,0.0042,0.6438
SPADES FOUR CLUBS QUEEN,0.2542,0.0414,0.7044
CLUBS JACK SPADES KING,0.3408,0.0072,0.652
SPADES TEN SPADES FIVE,0.34,0.0268,0.6332
HEARTS TWO CLUBS THREE,0.578,0.0748,0.3472
HEARTS EIGHT SPADES QUEEN,0.2482,0.0424,0.7094
HEARTS TWO DIAMONDS FOUR,0.6078,0.1532,0.239
CLUBS THREE SPADES FIVE,0.553,0.0692,0.3778
CLUBS FOUR HEARTS QUEEN,0.2398,0.0434,0.7168
SPADES ACE SPADES SIX,0.3428,0.005,0.6522
CLUBS SIX SPADES THREE,0.5586,0.069,0.3724
SPADES QUEEN CLUBS SIX,0.3594,0.0114,0.6292
CLUBS SIX CLUBS ACE,0.3454,0.0046,0.65
CLUBS NINE DIAMONDS SEVEN,0.3306,0.0438,0.6256
SPADES JACK CLUBS FIVE,0.3662,0.0162,0.6176
SPADES KING DIAMONDS TWO,0.4076,0.0072,0.5852
DIAMONDS TWO HEARTS TEN,0.4042,0.0298,0.566
HEARTS THREE CLUBS ACE,0.4002,0.0048,0.595
SPADES EIGHT SPADES FOUR,0.0252,0.8988,0.076
CLUBS SEVEN HEARTS THREE,0.5958,0.0674,0.3368
CLUBS EIGHT SPADES NINE,0.2256,0.1076,0.6668
HEARTS TWO CLUBS FOUR,0.6014,0.153,0.2456
CLUBS SEVEN SPADES SEVEN,0.253,0.0842,0.6628
SPADES KING CLUBS NINE,0.3242,0.007,0.6688
HEARTS TWO DIAMONDS JACK,0.4044,0.0244,0.5712
HEARTS THREE CLUBS SIX,0.5782,0.0606,0.3612
HEARTS FIVE CLUBS FIVE,0.2654,0.094,0.6406
DIAMONDS ACE DIAMONDS NINE,0.3162,0.0048,0.679
HEARTS FIVE SPADES EIGHT,0.2108,0.4556,0.3336
DIAMONDS TWO HEARTS QUEEN,0.4028,0.0116,0.5856
DIAMONDS JACK HEARTS JACK,0.1458,0.0362,0.818
CLUBS SEVEN CLUBS ACE,0.3386,0.0036,0.6578
SPADES FIVE HEARTS QUEEN,0.367,0.0124,0.6206
DIAMONDS NINE HEARTS JACK,0.3066,0.0202,0.6732
HEARTS SEVEN DIAMONDS NINE,0.3154,0.0444,0.6402
SPADES FOUR DIAMONDS NINE,0.2432,0.1074,0.6494
HEARTS SEVEN CLUBS NINE,0.3236,0.038,0.6384
SPADES FIVE DIAMONDS FIVE,0.2642,0.1,0.6358
SPADES ACE SPADES SEVEN,0.3372,0.006,0.6568
HEARTS SEVEN CLUBS QUEEN,0.3634,0.0124,0.6242
SPADES QUEEN SPADES THREE,0.3752,0.0118,0.613
SPADES SIX DIAMONDS SEVEN,0.5124,0.0662,0.4214
CLUBS JACK SPADES THREE,0.4076,0.019,0.5734
CLUBS EIGHT CLUBS THREE,0.2556,0.4866,0.2578
CLUBS TEN SPADES QUEEN,0.3366,0.0106,0.6528
SPADES ACE DIAMONDS TEN,0.3168,0.0054,0.6778
HEARTS FIVE DIAMONDS SIX,0.51,0.0758,0.4142
CLUBS JACK HEARTS QUEEN,0.323,0.012,0.665
DIAMONDS THREE CLUBS SEVEN,0.5798,0.0708,0.3494
CLUBS FOUR DIAMONDS FOUR,0.275,0.0774,0.6476
HEARTS JACK HEARTS TEN,0.3004,0.0124,0.6872
SPADES QUEEN HEARTS SIX,0.3656,0.0114,0.623
SPADES KING DIAMONDS FOUR,0.2646,0.0326,0.7028
DIAMONDS THREE HEARTS ACE,0.3908,0.0052,0.604
CLUBS SEVEN CLUBS QUEEN,0.356,0.0096,0.6344
HEARTS TEN DIAMONDS FIVE,0.36,0.0282,0.6118
DIAMONDS NINE SPADES TWO,0.3938,0.0482,0.558
CLUBS SIX CLUBS TWO,0.546,0.0618,0.3922
CLUBS NINE CLUBS QUEEN,0.3282,0.0126,0.6592
HEARTS SEVEN CLUBS EIGHT,0.2184,0.298,0.4836
CLUBS FIVE HEARTS JACK,0.3636,0.0182,0.6182
DIAMONDS THREE SPADES FOUR,0.6092,0.1452,0.2456
SPADES NINE CLUBS FOUR,0.2618,0.1062,0.632
CLUBS JACK DIAMONDS JACK,0.1516,0.0348,0.8136
CLUBS SIX DIAMONDS NINE,0.3366,0.0426,0.6208
SPADES QUEEN DIAMONDS JACK,0.3304,0.0102,0.6594
SPADES TWO CLUBS ACE,0.3958,0.0052,0.599
DIAMONDS QUEEN DIAMONDS JACK,0.3268,0.0084,0.6648
SPADES SIX HEARTS NINE,0.3324,0.049,0.6186
CLUBS TWO DIAMONDS JACK,0.4092,0.018,0.5728
DIAMONDS THREE HEARTS KING,0.408,0.0096,0.5824
DIAMONDS TEN DIAMONDS SIX,0.3358,0.0262,0.638
SPADES TEN CLUBS SIX,0.355,0.0288,0.6162
CLUBS TWO DIAMONDS SIX,0.5818,0.0614,0.3568
HEARTS FIVE HEARTS NINE,0.3326,0.0404,0.627
CLUBS TEN DIAMONDS JACK,0.3144,0.0154,0.6702
SPADES ACE HEARTS QUEEN,0.3318,0.0028,0.6654
CLUBS NINE SPADES JACK,0.343,0.0146,0.6424
CLUBS FIVE SPADES FIVE,0.2746,0.0984,0.627
HEARTS KING CLUBS KING,0.1356,0.014,0.8504
HEARTS QUEEN DIAMONDS SIX,0.3684,0.012,0.6196
HEARTS SIX DIAMONDS ACE,0.3478,0.005,0.6472
HEARTS ACE DIAMONDS TEN,0.3206,0.006,0.6734
CLUBS EIGHT CLUBS KING,0.221,0.0356,0.7434
CLUBS KING DIAMONDS FOUR,0.2622,0.0364,0.7014
CLUBS TEN DIAMONDS SIX,0.367,0.0286,0.6044
HEARTS EIGHT DIAMONDS TWO,0.2696,0.5158,0.2146
DIAMONDS THREE HEARTS FIVE,0.5598,0.07,0.3702
SPADES FOUR CLUBS ACE,0.2558,0.0176,0.7266
SPADES JACK HEARTS JACK,0.1416,0.0436,0.8148
SPADES TWO CLUBS KING,0.3938,0.0064,0.5998
HEARTS THREE DIAMONDS ACE,0.3936,0.004,0.6024
CLUBS NINE DIAMONDS NINE,0.1584,0.0596,0.782
CLUBS EIGHT CLUBS SIX,0.2096,0.35,0.4404
CLUBS SIX SPADES FIVE,0.5196,0.0672,0.4132
SPADES TWO CLUBS QUEEN,0.3984,0.015,0.5866
DIAMONDS ACE DIAMONDS FIVE,0.3394,0.0054,0.6552
CLUBS FIVE CLUBS THREE,0.5054,0.0726,0.422
CLUBS NINE CLUBS KING,0.31,0.008,0.682
SPADES ACE HEARTS KING,0.3404,0.0058,0.6538
SPADES FIVE CLUBS TWO,0.5788,0.068,0.3532
SPADES ACE SPADES THREE,0.3636,0.005,0.6314
SPADES TEN SPADES NINE,0.2888,0.0218,0.6894
CLUBS EIGHT DIAMONDS SEVEN,0.2238,0.302,0.4742
HEARTS EIGHT HEARTS TWO,0.262,0.4858,0.2522
DIAMONDS THREE HEARTS JACK,0.4106,0.0214,0.568
SPADES JACK HEARTS THREE,0.4064,0.0202,0.5734
CLUBS TEN DIAMONDS KING,0.3298,0.0046,0.6656
CLUBS EIGHT DIAMONDS JACK,0.2498,0.0608,0.6894
SPADES EIGHT CLUBS TWO,0.2742,0.5114,0.2144
SPADES SIX HEARTS KING,0.3538,0.0072,0.639
HEARTS THREE SPADES FIVE,0.5614,0.0724,0.3662
CLUBS TEN SPADES FOUR,0.2566,0.0752,0.6682
SPADES SEVEN SPADES THREE,0.5418,0.064,0.3942
DIAMONDS KING HEARTS NINE,0.3186,0.0098,0.6716
HEARTS THREE DIAMONDS QUEEN,0.3942,0.0116,0.5942
DIAMONDS TWO SPADES TEN,0.3994,0.0306,0.57
DIAMONDS JACK HEARTS NINE,0.308,0.0216,0.6704
CLUBS JACK CLUBS FOUR,0.2366,0.0552,0.7082
CLUBS JACK HEARTS THREE,0.4104,0.0216,0.568
DIAMONDS TWO SPADES QUEEN,0.4032,0.014,0.5828
DIAMONDS SIX HEARTS TEN,0.3492,0.0304,0.6204
SPADES QUEEN CLUBS NINE,0.3268,0.011,0.6622
DIAMONDS ACE SPADES SIX,0.3554,0.0038,0.6408
SPADES KING DIAMONDS FIVE,0.3744,0.0066,0.619
DIAMONDS ACE DIAMONDS KING,0.3226,0.0048,0.6726
DIAMONDS KING DIAMONDS SIX,0.3436,0.0112,0.6452
SPADES SEVEN DIAMONDS SEVEN,0.2654,0.086,0.6486
DIAMONDS TEN DIAMONDS FIVE,0.3588,0.025,0.6162
DIAMONDS THREE SPADES NINE,0.4026,0.0424,0.555
HEARTS ACE HEARTS NINE,0.3158,0.0054,0.6788
SPADES SEVEN CLUBS ACE,0.3534,0.0042,0.6424
HEARTS SIX SPADES FIVE,0.5186,0.0656,0.4158
SPADES EIGHT CLUBS KING,0.2426,0.039,0.7184
SPADES SIX HEARTS TEN,0.352,0.0318,0.6162
HEARTS SEVEN HEARTS JACK,0.3418,0.0186,0.6396
DIAMONDS THREE DIAMONDS TWO,0.5792,0.0664,0.3544
SPADES SEVEN DIAMONDS KING,0.3534,0.0058,0.6408
SPADES NINE HEARTS JACK,0.3112,0.0188,0.67
HEARTS THREE HEARTS TEN,0.3836,0.0264,0.59
HEARTS THREE HEARTS JACK,0.3868,0.0202,0.593
SPADES NINE CLUBS ACE,0.3392,0.003,0.6578
DIAMONDS QUEEN SPADES FIVE,0.3638,0.0132,0.623
DIAMONDS NINE DIAMONDS FOUR,0.2314,0.1076,0.661
SPADES ACE HEARTS JACK,0.3278,0.0058,0.6664
SPADES ACE DIAMONDS QUEEN,0.3406,0.0042,0.6552
SPADES EIGHT DIAMONDS SIX,0.2212,0.3694,0.4094
SPADES ACE HEARTS NINE,0.331,0.0054,0.6636
HEARTS FIVE HEARTS TEN,0.3408,0.031,0.6282
DIAMONDS THREE DIAMONDS TEN,0.3874,0.0272,0.5854
SPADES ACE DIAMONDS FIVE,0.3576,0.0046,0.6378
CLUBS NINE SPADES FOUR,0.256,0.0986,0.6454
DIAMONDS NINE CLUBS ACE,0.3446,0.0036,0.6518
DIAMONDS TEN SPADES TWO,0.388,0.0246,0.5874
DIAMONDS TWO CLUBS KING,0.4102,0.011,0.5788
CLUBS TWO CLUBS KING,0.3742,0.0094,0.6164
CLUBS JACK SPADES TEN,0.3214,0.012,0.6666
CLUBS FIVE CLUBS FOUR,0.5396,0.1352,0.3252
HEARTS JACK DIAMONDS FOUR,0.2372,0.0618,0.701
CLUBS EIGHT CLUBS QUEEN,0.2244,0.0498,0.7258
DIAMONDS SEVEN CLUBS KING,0.3714,0.0078,0.6208
CLUBS SEVEN SPADES FIVE,0.5206,0.065,0.4144
CLUBS FOUR CLUBS KING,0.2402,0.025,0.7348
HEARTS THREE HEARTS QUEEN,0.379,0.0146,0.6064
SPADES FOUR HEARTS NINE,0.2476,0.0966,0.6558
CLUBS TEN CLUBS SIX,0.3376,0.0256,0.6368
SPADES EIGHT CLUBS ACE,0.2444,0.0262,0.7294
SPADES TWO HEARTS QUEEN,0.3972,0.0174,0.5854
DIAMONDS KING DIAMONDS JACK,0.3224,0.0078,0.6698
SPADES QUEEN SPADES JACK,0.2976,0.0092,0.6932
CLUBS FOUR SPADES THREE,0.5936,0.1468,0.2596
SPADES ACE SPADES FIVE,0.3356,0.0052,0.6592
DIAMONDS QUEEN CLUBS TWO,0.4062,0.0122,0.5816
SPADES TEN HEARTS TWO,0.3988,0.0292,0.572
HEARTS SIX HEARTS THREE,0.5452,0.062,0.3928
DIAMONDS QUEEN DIAMONDS FIVE,0.3572,0.0142,0.6286
HEARTS KING HEARTS NINE,0.3218,0.0076,0.6706
CLUBS TEN DIAMONDS TEN,0.144,0.0514,0.8046
CLUBS FIVE HEARTS QUEEN,0.3592,0.0106,0.6302
SPADES ACE CLUBS KING,0.3506,0.003,0.6464
DIAMONDS THREE DIAMONDS FIVE,0.5284,0.0664,0.4052
SPADES THREE DIAMONDS SEVEN,0.5918,0.067,0.3412
DIAMONDS ACE DIAMONDS TEN,0.3156,0.0044,0.68
HEARTS TWO SPADES SIX,0.598,0.0674,0.3346
CLUBS SEVEN CLUBS TWO,0.5604,0.0622,0.3774
SPADES QUEEN DIAMONDS NINE,0.324,0.0108,0.6652
CLUBS TEN HEARTS KING,0.3312,0.0088,0.66
SPADES SEVEN HEARTS KING,0.3526,0.0096,0.6378
CLUBS EIGHT SPADES SIX,0.22,0.3756,0.4044
CLUBS JACK SPADES NINE,0.3148,0.016,0.6692
SPADES SIX SPADES FOUR,0.5532,0.1332,0.3136
HEARTS THREE HEARTS NINE,0.3742,0.0426,0.5832
CLUBS NINE CLUBS ACE,0.3124,0.0038,0.6838
SPADES QUEEN CLUBS SEVEN,0.3722,0.012,0.6158
SPADES TEN HEARTS TEN,0.1426,0.046,0.8114
HEARTS TWO HEARTS QUEEN,0.3838,0.0104,0.6058
CLUBS TEN SPADES TEN,0.1448,0.0498,0.8054
HEARTS SIX SPADES THREE,0.5682,0.062,0.3698
HEARTS SIX HEARTS FIVE,0.5032,0.06,0.4368
CLUBS JACK SPADES SEVEN,0.3612,0.0162,0.6226
CLUBS FOUR HEARTS JACK,0.2506,0.0582,0.6912
HEARTS SEVEN SPADES SEVEN,0.2488,0.0754,0.6758
SPADES FOUR DIAMONDS FOUR,0.2852,0.0746,0.6402
CLUBS ACE DIAMONDS FIVE,0.3654,0.0044,0.6302
CLUBS SIX DIAMONDS SEVEN,0.52,0.0678,0.4122
CLUBS FOUR HEARTS TEN,0.243,0.071,0.686
CLUBS FOUR HEARTS NINE,0.2408,0.1,0.6592
HEARTS FIVE DIAMONDS FIVE,0.265,0.1008,0.6342
CLUBS JACK DIAMONDS KING,0.3248,0.0086,0.6666
SPADES TEN CLUBS QUEEN,0.3204,0.0114,0.6682
CLUBS JACK DIAMONDS TEN,0.3206,0.0158,0.6636
CLUBS FIVE DIAMONDS QUEEN,0.3606,0.0112,0.6282
SPADES FOUR HEARTS ACE,0.251,0.0212,0.7278
SPADES KING SPADES EIGHT,0.2316,0.035,0.7334
CLUBS SIX CLUBS FOUR,0.5758,0.1316,0.2926
HEARTS FIVE HEARTS QUEEN,0.3546,0.0118,0.6336
DIAMONDS QUEEN CLUBS KING,0.3324,0.0064,0.6612
HEARTS QUEEN CLUBS QUEEN,0.1484,0.0274,0.8242
SPADES SIX SPADES TWO,0.5332,0.068,0.3988
CLUBS FIVE HEARTS NINE,0.3498,0.0414,0.6088
SPADES KING CLUBS EIGHT,0.2448,0.0354,0.7198
SPADES QUEEN CLUBS EIGHT,0.2454,0.0454,0.7092
DIAMONDS TWO DIAMONDS QUEEN,0.386,0.014,0.6
CLUBS THREE CLUBS TWO,0.5558,0.0636,0.3806
HEARTS TWO DIAMONDS KING,0.3996,0.0076,0.5928
DIAMONDS TWO DIAMONDS JACK,0.3754,0.0206,0.604
SPADES ACE SPADES JACK,0.3078,0.0032,0.689
CLUBS NINE SPADES EIGHT,0.2284,0.0994,0.6722
SPADES EIGHT HEARTS NINE,0.2132,0.111,0.6758
SPADES ACE HEARTS FIVE,0.3474,0.0052,0.6474
CLUBS FOUR SPADES FOUR,0.2816,0.075,0.6434
HEARTS SEVEN CLUBS KING,0.3428,0.0064,0.6508
CLUBS TWO HEARTS ACE,0.39,0.006,0.604
CLUBS THREE DIAMONDS JACK,0.3956,0.0198,0.5846
SPADES SIX DIAMONDS SIX,0.259,0.0874,0.6536
SPADES JACK CLUBS SIX,0.368,0.018,0.614
HEARTS EIGHT CLUBS KING,0.2416,0.0336,0.7248
HEARTS SIX CLUBS FOUR,0.6086,0.1358,0.2556
SPADES ACE HEARTS ACE,0.1438,0.0052,0.851
DIAMONDS TWO SPADES NINE,0.403,0.0426,0.5544
SPADES JACK DIAMONDS SIX,0.3808,0.0186,0.6006
CLUBS FIVE DIAMONDS NINE,0.347,0.0436,0.6094
SPADES KING SPADES SEVEN,0.3468,0.0076,0.6456
SPADES SIX HEARTS QUEEN,0.3684,0.012,0.6196
CLUBS TWO SPADES TWO,0.3656,0.1034,0.531
DIAMONDS SEVEN DIAMONDS FIVE,0.4996,0.0678,0.4326
CLUBS JACK SPADES QUEEN,0.3324,0.0106,0.657
HEARTS EIGHT SPADES TEN,0.2336,0.0826,0.6838
CLUBS SEVEN SPADES SIX,0.5236,0.0634,0.413
SPADES NINE CLUBS FIVE,0.352,0.0402,0.6078
CLUBS FIVE DIAMONDS FIVE,0.2712,0.0944,0.6344
SPADES JACK CLUBS QUEEN,0.33,0.0092,0.6608
SPADES ACE CLUBS FOUR,0.257,0.017,0.726
CLUBS FOUR SPADES SIX,0.6014,0.1392,0.2594
HEARTS THREE SPADES SIX,0.5776,0.0744,0.348
CLUBS FIVE DIAMONDS SEVEN,0.5348,0.0664,0.3988
SPADES SIX DIAMONDS TEN,0.3554,0.0276,0.617
CLUBS ACE HEARTS JACK,0.3254,0.0042,0.6704
SPADES TEN DIAMONDS FOUR,0.2502,0.077,0.6728
CLUBS JACK SPADES SIX,0.3662,0.0162,0.6176
CLUBS SEVEN DIAMONDS QUEEN,0.3692,0.0106,0.6202
DIAMONDS QUEEN HEARTS JACK,0.3226,0.01,0.6674
CLUBS JACK SPADES JACK,0.1496,0.037,0.8134
HEARTS SEVEN DIAMONDS FIVE,0.5312,0.0658,0.403
SPADES EIGHT DIAMONDS FOUR,0.0156,0.975,0.0094
CLUBS TEN SPADES THREE,0.3894,0.03,0.5806
DIAMONDS THREE SPADES KING,0.3942,0.0084,0.5974
SPADES QUEEN SPADES SEVEN,0.3402,0.0122,0.6476
HEARTS FIVE CLUBS FOUR,0.573,0.1434,0.2836
HEARTS EIGHT HEARTS SIX,0.204,0.3574,0.4386
HEARTS SEVEN SPADES SIX,0.5074,0.071,0.4216
CLUBS THREE DIAMONDS SIX,0.585,0.0654,0.3496
HEARTS SEVEN SPADES THREE,0.5748,0.0684,0.3568
SPADES EIGHT DIAMONDS TEN,0.2478,0.076,0.6762
HEARTS SEVEN SPADES QUEEN,0.3494,0.0138,0.6368
SPADES NINE SPADES FOUR,0.2356,0.1036,0.6608
CLUBS FOUR DIAMONDS JACK,0.2454,0.0576,0.697
HEARTS EIGHT SPADES FOUR,0.0118,0.969,0.0192
CLUBS TEN CLUBS SEVEN,0.336,0.023,0.641
CLUBS ACE DIAMONDS SIX,0.3664,0.0022,0.6314
CLUBS TEN SPADES SEVEN,0.3428,0.0246,0.6326
CLUBS JACK CLUBS TWO,0.378,0.0202,0.6018
HEARTS FIVE CLUBS SIX,0.5284,0.0704,0.4012
HEARTS ACE CLUBS QUEEN,0.3346,0.0054,0.66
CLUBS NINE CLUBS EIGHT,0.2206,0.1054,0.674
DIAMONDS QUEEN DIAMONDS FOUR,0.245,0.043,0.712
DIAMONDS THREE DIAMONDS NINE,0.3804,0.0382,0.5814
SPADES NINE DIAMONDS TEN,0.3128,0.0234,0.6638
CLUBS SEVEN DIAMONDS FIVE,0.5212,0.069,0.4098
HEARTS SEVEN HEARTS ACE,0.3308,0.0044,0.6648
SPADES KING SPADES TWO,0.367,0.009,0.624
SPADES NINE DIAMONDS SEVEN,0.3344,0.0392,0.6264
HEARTS TWO DIAMONDS NINE,0.4066,0.0458,0.5476
SPADES JACK HEARTS TWO,0.4156,0.0198,0.5646
SPADES SEVEN DIAMONDS JACK,0.3486,0.02,0.6314
HEARTS SIX DIAMONDS SEVEN,0.5056,0.0674,0.427
DIAMONDS TWO SPADES FOUR,0.6022,0.1486,0.2492
SPADES ACE DIAMONDS JACK,0.3282,0.0046,0.6672
DIAMONDS KING DIAMONDS FOUR,0.2486,0.0308,0.7206
HEARTS SIX DIAMONDS NINE,0.3262,0.0462,0.6276
CLUBS EIGHT DIAMONDS KING,0.236,0.0346,0.7294
CLUBS SIX CLUBS QUEEN,0.3526,0.0134,0.634
CLUBS TEN DIAMONDS TWO,0.3956,0.0272,0.5772
CLUBS NINE SPADES TEN,0.3054,0.0276,0.667
CLUBS JACK CLUBS KING,0.3134,0.0062,0.6804
HEARTS KING CLUBS ACE,0.3326,0.0024,0.665
CLUBS THREE SPADES TWO,0.5842,0.066,0.3498
CLUBS JACK SPADES TWO,0.4108,0.0174,0.5718
CLUBS TWO HEARTS KING,0.4002,0.009,0.5908
CLUBS JACK CLUBS THREE,0.3884,0.016,0.5956
CLUBS FIVE DIAMONDS KING,0.3602,0.0106,0.6292
HEARTS FIVE DIAMONDS TEN,0.3544,0.032,0.6136
SPADES KING HEARTS NINE,0.3224,0.0078,0.6698
DIAMONDS QUEEN DIAMONDS NINE,0.3146,0.0108,0.6746
SPADES FOUR HEARTS JACK,0.2518,0.0522,0.696
CLUBS TEN CLUBS TWO,0.3824,0.0294,0.5882
HEARTS FIVE HEARTS THREE,0.5412,0.0648,0.394
HEARTS KING CLUBS QUEEN,0.337,0.004,0.659
HEARTS EIGHT DIAMONDS SEVEN,0.2164,0.292,0.4916
HEARTS FIVE DIAMONDS QUEEN,0.3524,0.0132,0.6344
DIAMONDS TEN SPADES THREE,0.388,0.0278,0.5842
HEARTS THREE HEARTS ACE,0.3624,0.006,0.6316
CLUBS JACK DIAMONDS FIVE,0.3638,0.0198,0.6164
HEARTS ACE SPADES THREE,0.3782,0.0064,0.6154
SPADES NINE SPADES TWO,0.3698,0.0398,0.5904
HEARTS EIGHT SPADES NINE,0.211,0.107,0.682
CLUBS TEN DIAMONDS SEVEN,0.344,0.0268,0.6292
DIAMONDS THREE DIAMONDS JACK,0.3862,0.0198,0.594
SPADES NINE CLUBS TWO,0.3986,0.0398,0.5616
HEARTS EIGHT SPADES KING,0.2386,0.0386,0.7228
CLUBS SIX SPADES SIX,0.2676,0.0878,0.6446
CLUBS NINE DIAMONDS KING,0.3392,0.0066,0.6542
DIAMONDS QUEEN SPADES FOUR,0.254,0.0456,0.7004
HEARTS FIVE DIAMONDS ACE,0.342,0.0056,0.6524
HEARTS KING HEARTS QUEEN,0.323,0.0054,0.6716
SPADES FIVE DIAMONDS FOUR,0.5928,0.1346,0.2726
SPADES KING HEARTS JACK,0.3456,0.0062,0.6482
HEARTS SEVEN HEARTS FIVE,0.4934,0.0692,0.4374
SPADES JACK HEARTS TEN,0.32,0.0148,0.6652
DIAMONDS JACK SPADES TWO,0.3948,0.0176,0.5876
CLUBS EIGHT CLUBS ACE,0.2202,0.0254,0.7544
SPADES ACE DIAMONDS KING,0.323,0.0054,0.6716
SPADES KING CLUBS FIVE,0.364,0.0084,0.6276
DIAMONDS TWO SPADES SEVEN,0.5912,0.0688,0.34
CLUBS NINE SPADES FIVE,0.3548,0.0396,0.6056
HEARTS ACE CLUBS KING,0.327,0.0044,0.6686
HEARTS QUEEN HEARTS JACK,0.3088,0.0106,0.6806
CLUBS QUEEN HEARTS NINE,0.3314,0.01,0.6586
SPADES JACK CLUBS THREE,0.4014,0.0226,0.576
DIAMONDS ACE SPADES SEVEN,0.3578,0.0048,0.6374
SPADES TEN CLUBS TWO,0.392,0.0296,0.5784
SPADES KING SPADES NINE,0.3196,0.0074,0.673
CLUBS TEN DIAMONDS FIVE,0.3808,0.025,0.5942
SPADES JACK SPADES SEVEN,0.3372,0.016,0.6468
SPADES JACK CLUBS SEVEN,0.3556,0.0172,0.6272
HEARTS SIX CLUBS FIVE,0.5192,0.0648,0.416
HEARTS ACE HEARTS QUEEN,0.3232,0.0062,0.6706
CLUBS THREE SPADES FOUR,0.6094,0.142,0.2486
DIAMONDS JACK DIAMONDS NINE,0.3068,0.0146,0.6786
SPADES QUEEN CLUBS FOUR,0.268,0.0384,0.6936
DIAMONDS SEVEN CLUBS ACE,0.375,0.0052,0.6198
HEARTS SEVEN DIAMONDS SIX,0.5088,0.067,0.4242
DIAMONDS ACE SPADES TWO,0.389,0.0056,0.6054
SPADES SEVEN DIAMONDS NINE,0.3242,0.0428,0.633
DIAMONDS SEVEN HEARTS TEN,0.3418,0.0276,0.6306
HEARTS EIGHT HEARTS NINE,0.2112,0.1028,0.686
DIAMONDS TWO DIAMONDS TEN,0.3852,0.0224,0.5924
SPADES TEN DIAMONDS ACE,0.3342,0.0036,0.6622
SPADES ACE CLUBS FIVE,0.3662,0.0042,0.6296
SPADES QUEEN HEARTS TEN,0.3166,0.0102,0.6732
CLUBS FIVE CLUBS TWO,0.5378,0.0598,0.4024
DIAMONDS SEVEN DIAMONDS FOUR,0.5854,0.1406,0.274
HEARTS ACE DIAMONDS NINE,0.3166,0.0046,0.6788
CLUBS JACK SPADES EIGHT,0.2436,0.0634,0.693
HEARTS SEVEN SPADES FIVE,0.5216,0.061,0.4174
DIAMONDS NINE HEARTS NINE,0.1424,0.0646,0.793
SPADES TEN DIAMONDS SIX,0.3484,0.031,0.6206
SPADES QUEEN DIAMONDS SIX,0.3532,0.0114,0.6354
CLUBS SIX SPADES EIGHT,0.2204,0.3732,0.4064
HEARTS JACK DIAMONDS SIX,0.3668,0.0184,0.6148
SPADES KING DIAMONDS QUEEN,0.326,0.0058,0.6682
SPADES JACK HEARTS NINE,0.313,0.0184,0.6686
HEARTS FIVE SPADES NINE,0.3516,0.0414,0.607
SPADES THREE CLUBS QUEEN,0.3972,0.013,0.5898
CLUBS EIGHT CLUBS TWO,0.2632,0.4816,0.2552
SPADES QUEEN DIAMONDS FIVE,0.3654,0.0136,0.621
HEARTS TWO HEARTS JACK,0.384,0.018,0.598
CLUBS FOUR HEARTS KING,0.2554,0.0288,0.7158
SPADES KING DIAMONDS NINE,0.3338,0.0088,0.6574
SPADES FIVE DIAMONDS SIX,0.5288,0.0676,0.4036
CLUBS THREE DIAMONDS NINE,0.3954,0.0468,0.5578
HEARTS SEVEN DIAMONDS TEN,0.3314,0.0282,0.6404
HEARTS SEVEN DIAMONDS QUEEN,0.3554,0.0118,0.6328
SPADES TEN DIAMONDS FIVE,0.3666,0.0298,0.6036
DIAMONDS TWO HEARTS KING,0.396,0.0098,0.5942
SPADES SEVEN SPADES TWO,0.5506,0.0602,0.3892
SPADES QUEEN HEARTS NINE,0.3292,0.0078,0.663
DIAMONDS QUEEN HEARTS ACE,0.3284,0.005,0.6666
SPADES TEN SPADES FOUR,0.2376,0.0752,0.6872
SPADES NINE HEARTS ACE,0.3322,0.0032,0.6646
DIAMONDS ACE DIAMONDS FOUR,0.2452,0.0214,0.7334
SPADES JACK DIAMONDS JACK,0.1436,0.0362,0.8202
HEARTS TWO HEARTS KING,0.3894,0.0078,0.6028
HEARTS THREE CLUBS TWO,0.5884,0.071,0.3406
SPADES ACE HEARTS THREE,0.3972,0.0046,0.5982
HEARTS FIVE CLUBS KING,0.3684,0.0084,0.6232
CLUBS FIVE DIAMONDS FOUR,0.5764,0.1422,0.2814
CLUBS NINE SPADES THREE,0.3856,0.0438,0.5706
SPADES TEN CLUBS THREE,0.4036,0.027,0.5694
CLUBS NINE DIAMONDS QUEEN,0.3204,0.0128,0.6668
SPADES NINE HEARTS NINE,0.1432,0.058,0.7988
SPADES FIVE HEARTS ACE,0.346,0.0046,0.6494
HEARTS EIGHT HEARTS ACE,0.2254,0.0248,0.7498
DIAMONDS THREE CLUBS KING,0.4176,0.0104,0.572
CLUBS SEVEN SPADES FOUR,0.607,0.1444,0.2486
SPADES ACE SPADES KING,0.316,0.0058,0.6782
SPADES JACK DIAMONDS FOUR,0.2538,0.0648,0.6814
SPADES ACE CLUBS TEN,0.3404,0.003,0.6566
DIAMONDS NINE DIAMONDS SEVEN,0.312,0.0362,0.6518
SPADES SIX DIAMONDS QUEEN,0.3642,0.0144,0.6214
DIAMONDS THREE CLUBS TWO,0.5686,0.076,0.3554
SPADES FIVE DIAMONDS JACK,0.3552,0.0226,0.6222
SPADES TEN CLUBS ACE,0.3374,0.0034,0.6592
DIAMONDS NINE DIAMONDS SIX,0.338,0.0412,0.6208
HEARTS THREE SPADES EIGHT,0.279,0.5132,0.2078
CLUBS FIVE HEARTS KING,0.3574,0.0082,0.6344
DIAMONDS JACK DIAMONDS TEN,0.303,0.0158,0.6812
SPADES FIVE SPADES THREE,0.5094,0.0662,0.4244
DIAMONDS ACE CLUBS FOUR,0.2486,0.017,0.7344
SPADES QUEEN SPADES EIGHT,0.2208,0.0462,0.733
SPADES NINE HEARTS KING,0.329,0.0088,0.6622
SPADES SIX DIAMONDS NINE,0.3548,0.0412,0.604
DIAMONDS THREE HEARTS TWO,0.6058,0.0642,0.33
CLUBS NINE DIAMONDS FIVE,0.3458,0.0416,0.6126
SPADES EIGHT DIAMONDS NINE,0.223,0.1032,0.6738
SPADES FIVE HEARTS JACK,0.3768,0.0198,0.6034
HEARTS SIX CLUBS THREE,0.5708,0.0752,0.354
SPADES JACK HEARTS KING,0.3386,0.0088,0.6526
SPADES FIVE SPADES FOUR,0.5348,0.1426,0.3226
CLUBS FIVE DIAMONDS TEN,0.364,0.027,0.609
HEARTS EIGHT CLUBS SIX,0.21,0.3784,0.4116
CLUBS THREE DIAMONDS QUEEN,0.4022,0.0148,0.583
DIAMONDS SIX DIAMONDS FOUR,0.5794,0.1358,0.2848
DIAMONDS TEN DIAMONDS NINE,0.3028,0.0216,0.6756
HEARTS ACE HEARTS TEN,0.3046,0.0052,0.6902
CLUBS TEN CLUBS FOUR,0.2424,0.074,0.6836
CLUBS TEN HEARTS ACE,0.3348,0.0038,0.6614
CLUBS NINE HEARTS TEN,0.313,0.02,0.667
HEARTS THREE HEARTS KING,0.3766,0.0104,0.613
HEARTS THREE CLUBS FOUR,0.5964,0.1516,0.252
SPADES KING HEARTS TEN,0.3308,0.01,0.6592
SPADES EIGHT DIAMONDS JACK,0.2362,0.0626,0.7012
DIAMONDS JACK HEARTS ACE,0.3302,0.0042,0.6656
DIAMONDS FIVE DIAMONDS FOUR,0.5456,0.1478,0.3066
HEARTS SEVEN SPADES TEN,0.3502,0.0242,0.6256
SPADES KING SPADES THREE,0.3754,0.008,0.6166
SPADES TWO HEARTS JACK,0.4054,0.0202,0.5744
DIAMONDS JACK DIAMONDS SIX,0.3614,0.0206,0.618
SPADES SEVEN SPADES SIX,0.4822,0.0636,0.4542
SPADES SIX HEARTS JACK,0.359,0.0198,0.6212
CLUBS SIX HEARTS TWO,0.5884,0.0718,0.3398
HEARTS SEVEN CLUBS ACE,0.3536,0.004,0.6424
CLUBS TWO DIAMONDS FOUR,0.6046,0.1514,0.244
HEARTS EIGHT SPADES THREE,0.2638,0.5116,0.2246
SPADES KING HEARTS FIVE,0.3642,0.0086,0.6272
CLUBS EIGHT HEARTS THREE,0.2838,0.5036,0.2126
DIAMONDS THREE HEARTS THREE,0.3838,0.1046,0.5116
HEARTS QUEEN CLUBS ACE,0.3274,0.005,0.6676
DIAMONDS TWO CLUBS EIGHT,0.2886,0.4968,0.2146
SPADES JACK CLUBS FOUR,0.2542,0.0566,0.6892
HEARTS EIGHT HEARTS QUEEN,0.2362,0.0492,0.7146
HEARTS TWO SPADES TWO,0.3702,0.1022,0.5276
SPADES ACE SPADES QUEEN,0.312,0.0044,0.6836
CLUBS TWO DIAMONDS FIVE,0.5662,0.0722,0.3616
HEARTS EIGHT HEARTS FIVE,0.1978,0.4508,0.3514
SPADES SIX SPADES THREE,0.5296,0.0658,0.4046
CLUBS SIX DIAMONDS JACK,0.3578,0.0188,0.6234
SPADES KING HEARTS SEVEN,0.3638,0.0078,0.6284
DIAMONDS QUEEN HEARTS TEN,0.311,0.01,0.679
SPADES SEVEN CLUBS FOUR,0.6062,0.1358,0.258
DIAMONDS KING HEARTS ACE,0.3346,0.005,0.6604
DIAMONDS JACK HEARTS TEN,0.3004,0.0162,0.6834
DIAMONDS THREE SPADES TEN,0.3974,0.0302,0.5724
CLUBS EIGHT CLUBS SEVEN,0.214,0.2826,0.5034
CLUBS SIX DIAMONDS KING,0.3534,0.0062,0.6404
DIAMONDS SEVEN CLUBS QUEEN,0.3736,0.0096,0.6168
CLUBS JACK CLUBS TEN,0.2914,0.0162,0.6924
DIAMONDS THREE HEARTS QUEEN,0.4016,0.0162,0.5822
DIAMONDS QUEEN DIAMONDS SIX,0.3472,0.015,0.6378
CLUBS JACK HEARTS SEVEN,0.3472,0.0188,0.634
DIAMONDS TEN DIAMONDS SEVEN,0.333,0.0274,0.6396
SPADES ACE SPADES FOUR,0.2372,0.02,0.7428
CLUBS FIVE SPADES SEVEN,0.5384,0.0602,0.4014
DIAMONDS KING CLUBS QUEEN,0.3374,0.0072,0.6554
HEARTS SEVEN HEARTS QUEEN,0.3546,0.0134,0.632
SPADES QUEEN HEARTS JACK,0.3268,0.012,0.6612
HEARTS EIGHT SPADES FIVE,0.2166,0.4514,0.332
DIAMONDS SEVEN DIAMONDS SIX,0.4864,0.0654,0.4482
DIAMONDS TWO CLUBS NINE,0.4066,0.0438,0.5496
CLUBS FIVE CLUBS ACE,0.3372,0.0068,0.656
DIAMONDS QUEEN DIAMONDS SEVEN,0.3522,0.0144,0.6334
SPADES JACK DIAMONDS SEVEN,0.3572,0.0174,0.6254
HEARTS KING HEARTS JACK,0.323,0.0068,0.6702
SPADES FIVE DIAMONDS TEN,0.3604,0.0244,0.6152
CLUBS JACK HEARTS NINE,0.3326,0.0142,0.6532
HEARTS TWO CLUBS QUEEN,0.4026,0.0134,0.584
CLUBS EIGHT DIAMONDS FIVE,0.223,0.4524,0.3246
DIAMONDS TWO CLUBS FOUR,0.613,0.1352,0.2518
HEARTS EIGHT DIAMONDS NINE,0.2118,0.1082,0.68
CLUBS EIGHT SPADES FOUR,0.0202,0.957,0.0228
CLUBS JACK DIAMONDS FOUR,0.2568,0.0606,0.6826
CLUBS FOUR DIAMONDS SEVEN,0.6086,0.1482,0.2432
SPADES ACE SPADES EIGHT,0.2156,0.0272,0.7572
HEARTS EIGHT CLUBS ACE,0.2322,0.029,0.7388
CLUBS JACK HEARTS ACE,0.331,0.003,0.666
CLUBS NINE SPADES SEVEN,0.3426,0.0364,0.621
CLUBS JACK HEARTS JACK,0.1446,0.035,0.8204
SPADES NINE SPADES SIX,0.3356,0.0402,0.6242
CLUBS THREE DIAMONDS FIVE,0.572,0.0704,0.3576
CLUBS TEN SPADES NINE,0.3108,0.0204,0.6688
CLUBS JACK DIAMONDS THREE,0.4084,0.0184,0.5732
HEARTS THREE SPADES FOUR,0.6006,0.1392,0.2602
SPADES JACK CLUBS ACE,0.3316,0.0044,0.664
SPADES KING SPADES FIVE,0.3322,0.009,0.6588
SPADES NINE SPADES EIGHT,0.2046,0.1002,0.6952
CLUBS TEN SPADES JACK,0.3168,0.015,0.6682
SPADES EIGHT HEARTS JACK,0.2364,0.0586,0.705
SPADES QUEEN CLUBS FIVE,0.3554,0.0126,0.632
CLUBS THREE HEARTS QUEEN,0.399,0.013,0.588
SPADES EIGHT HEARTS TEN,0.2332,0.0746,0.6922
CLUBS JACK CLUBS ACE,0.3188,0.0054,0.6758
HEARTS TWO DIAMONDS FIVE,0.571,0.0706,0.3584
SPADES ACE HEARTS SIX,0.368,0.0044,0.6276
SPADES ACE DIAMONDS ACE,0.1388,0.003,0.8582
CLUBS TWO DIAMONDS TEN,0.3982,0.0324,0.5694
HEARTS SEVEN HEARTS KING,0.354,0.006,0.64
SPADES THREE HEARTS NINE,0.3912,0.0404,0.5684
DIAMONDS QUEEN DIAMONDS TEN,0.3114,0.0116,0.677
SPADES TEN DIAMONDS SEVEN,0.3432,0.0284,0.6284
SPADES NINE HEARTS TWO,0.4032,0.0434,0.5534
HEARTS JACK HEARTS NINE,0.3098,0.0184,0.6718
SPADES FOUR HEARTS KING,0.2512,0.0298,0.719
DIAMONDS JACK CLUBS QUEEN,0.3346,0.0094,0.656
SPADES SEVEN CLUBS KING,0.3626,0.0064,0.631
CLUBS JACK SPADES FIVE,0.3578,0.0158,0.6264
SPADES JACK SPADES FOUR,0.2376,0.0546,0.7078
SPADES TEN SPADES TWO,0.3734,0.0258,0.6008
SPADES QUEEN CLUBS TWO,0.3952,0.0114,0.5934
SPADES KING CLUBS QUEEN,0.336,0.005,0.659
SPADES TEN DIAMONDS TEN,0.1538,0.05,0.7962
DIAMONDS THREE CLUBS ACE,0.3878,0.0054,0.6068
DIAMONDS TWO SPADES THREE,0.6024,0.0672,0.3304
SPADES TEN DIAMONDS JACK,0.3224,0.0128,0.6648
HEARTS EIGHT SPADES SIX,0.2224,0.3714,0.4062
SPADES QUEEN DIAMONDS ACE,0.3364,0.0036,0.66
CLUBS TWO SPADES FOUR,0.5896,0.1544,0.256
CLUBS TEN HEARTS SIX,0.3484,0.0282,0.6234
CLUBS SIX CLUBS THREE,0.538,0.062,0.4
DIAMONDS KING SPADES TWO,0.398,0.01,0.592
CLUBS SIX DIAMONDS FOUR,0.597,0.1412,0.2618
DIAMONDS JACK CLUBS KING,0.3274,0.0052,0.6674
CLUBS NINE HEARTS TWO,0.4038,0.042,0.5542
DIAMONDS THREE HEARTS TEN,0.4134,0.0268,0.5598
SPADES SEVEN DIAMONDS QUEEN,0.3588,0.0132,0.628
HEARTS SIX CLUBS SEVEN,0.5108,0.0706,0.4186
CLUBS TWO DIAMONDS NINE,0.3852,0.0466,0.5682
SPADES NINE DIAMONDS KING,0.3454,0.0086,0.646
HEARTS EIGHT DIAMONDS KING,0.226,0.0426,0.7314
CLUBS FOUR DIAMONDS QUEEN,0.2618,0.0418,0.6964
SPADES ACE DIAMONDS SEVEN,0.3628,0.0038,0.6334
SPADES NINE SPADES FIVE,0.3278,0.0364,0.6358
HEARTS TWO HEARTS NINE,0.3808,0.0434,0.5758
DIAMONDS THREE DIAMONDS SEVEN,0.5512,0.0714,0.3774
HEARTS FIVE SPADES FIVE,0.252,0.0954,0.6526
CLUBS TEN CLUBS FIVE,0.3344,0.0266,0.639
SPADES ACE HEARTS TWO,0.396,0.0026,0.6014
CLUBS KING HEARTS NINE,0.3324,0.0078,0.6598
DIAMONDS THREE DIAMONDS ACE,0.3782,0.0066,0.6152
SPADES QUEEN CLUBS QUEEN,0.1546,0.0272,0.8182
CLUBS THREE CLUBS QUEEN,0.3884,0.0128,0.5988
SPADES SIX DIAMONDS JACK,0.3646,0.0194,0.616
CLUBS FOUR CLUBS QUEEN,0.2336,0.0392,0.7272
DIAMONDS TWO HEARTS TWO,0.3782,0.1014,0.5204
SPADES KING DIAMONDS TEN,0.3202,0.0092,0.6706
HEARTS EIGHT DIAMONDS THREE,0.2716,0.5276,0.2008
