opposingHand,winningChance,drawChance,lostChance
HEARTS SEVEN HEARTS FIVE
SPADES TEN CLUBS FIVE,0.3204,0.07,0.6096
SPADES FOUR HEARTS TEN,0.4512,0.0316,0.5172
SPADES ACE HEARTS TWO,0.4436,0.005,0.5514
SPADES JACK CLUBS TWO,0.4642,0.0184,0.5174
DIAMONDS TWO DIAMONDS KING,0.4364,0.0072,0.5564
SPADES NINE CLUBS ACE,0.4052,0.0042,0.5906
SPADES KING DIAMONDS SIX,0.4318,0.007,0.5612
SPADES JACK CLUBS FIVE,0.3194,0.057,0.6236
CLUBS NINE SPADES SEVEN,0.2954,0.1048,0.5998
SPADES SIX DIAMONDS FOUR,0.5686,0.1034,0.328
HEARTS TEN DIAMONDS FIVE,0.312,0.0742,0.6138
SPADES NINE DIAMONDS KING,0.404,0.0056,0.5904
HEARTS EIGHT DIAMONDS QUEEN,0.3964,0.0124,0.5912
HEARTS SIX SPADES SIX,0.2884,0.1072,0.6044
SPADES KING HEARTS NINE,0.3892,0.0068,0.604
DIAMONDS JACK DIAMONDS NINE,0.3692,0.0156,0.6152
HEARTS TWO CLUBS THREE,0.599,0.0962,0.3048
CLUBS ACE DIAMONDS SIX,0.4244,0.004,0.5716
HEARTS THREE SPADES FOUR,0.5868,0.0992,0.314
DIAMONDS THREE DIAMONDS FIVE,0.5412,0.1732,0.2856
CLUBS TEN HEARTS KING,0.3796,0.0086,0.6118
DIAMONDS KING HEARTS NINE,0.3942,0.0056,0.6002
CLUBS NINE HEARTS ACE,0.3824,0.0044,0.6132
CLUBS EIGHT DIAMONDS EIGHT,0.2056,0.0806,0.7138
CLUBS FIVE SPADES SIX,0.5728,0.1896,0.2376
SPADES ACE DIAMONDS KING,0.4064,0.0038,0.5898
SPADES QUEEN HEARTS THREE,0.452,0.0146,0.5334
CLUBS NINE DIAMONDS EIGHT,0.3656,0.0354,0.599
SPADES ACE SPADES EIGHT,0.375,0.0036,0.6214
SPADES KING SPADES SEVEN,0.3052,0.0388,0.656
CLUBS JACK DIAMONDS TWO,0.4796,0.0192,0.5012
SPADES FIVE DIAMONDS EIGHT,0.2916,0.1388,0.5696
SPADES QUEEN DIAMONDS KING,0.3984,0.0048,0.5968
HEARTS THREE DIAMONDS QUEEN,0.4514,0.0128,0.5358
CLUBS SEVEN CLUBS ACE,0.2912,0.0252,0.6836
HEARTS JACK DIAMONDS FOUR,0.441,0.018,0.541
CLUBS JACK HEARTS KING,0.3906,0.0072,0.6022
CLUBS THREE HEARTS JACK,0.4414,0.0194,0.5392
SPADES KING CLUBS TWO,0.4582,0.01,0.5318
CLUBS EIGHT CLUBS THREE,0.4352,0.0602,0.5046
SPADES FOUR DIAMONDS FIVE,0.5504,0.1962,0.2534
SPADES THREE HEARTS JACK,0.4492,0.0208,0.53
SPADES JACK HEARTS QUEEN,0.397,0.0094,0.5936
SPADES FOUR DIAMONDS EIGHT,0.439,0.062,0.499
HEARTS THREE HEARTS TEN,0.4002,0.0344,0.5654
HEARTS TWO DIAMONDS FOUR,0.5724,0.103,0.3246
CLUBS SIX CLUBS THREE,0.5598,0.0922,0.348
CLUBS FIVE DIAMONDS JACK,0.3228,0.0576,0.6196
DIAMONDS THREE SPADES NINE,0.4562,0.0396,0.5042
HEARTS FOUR SPADES FOUR,0.4016,0.1062,0.4922
DIAMONDS KING HEARTS JACK,0.387,0.0052,0.6078
HEARTS ACE DIAMONDS NINE,0.379,0.0042,0.6168
SPADES FOUR HEARTS NINE,0.444,0.037,0.519
CLUBS TWO SPADES FOUR,0.6042,0.097,0.2988
SPADES JACK CLUBS EIGHT,0.4114,0.0192,0.5694
CLUBS NINE DIAMONDS QUEEN,0.3882,0.0102,0.6016
HEARTS SIX CLUBS ACE,0.408,0.0064,0.5856
CLUBS NINE DIAMONDS NINE,0.2192,0.0704,0.7104
SPADES TEN CLUBS FOUR,0.4578,0.026,0.5162
CLUBS NINE CLUBS ACE,0.3626,0.006,0.6314
DIAMONDS FIVE CLUBS QUEEN,0.3186,0.0502,0.6312
SPADES NINE DIAMONDS EIGHT,0.3724,0.0396,0.588
HEARTS THREE CLUBS QUEEN,0.443,0.0096,0.5474
CLUBS FIVE DIAMONDS FIVE,0.3214,0.0904,0.5882
HEARTS THREE SPADES SIX,0.5736,0.1028,0.3236
HEARTS THREE CLUBS THREE,0.3912,0.1052,0.5036
CLUBS FIVE SPADES FOUR,0.5536,0.1926,0.2538
CLUBS KING DIAMONDS FIVE,0.33,0.0322,0.6378
SPADES NINE HEARTS TEN,0.3604,0.0284,0.6112
CLUBS EIGHT CLUBS QUEEN,0.3738,0.0124,0.6138
DIAMONDS TWO HEARTS TWO,0.4138,0.1174,0.4688
SPADES SIX DIAMONDS NINE,0.4124,0.0424,0.5452
SPADES ACE CLUBS FIVE,0.3152,0.0234,0.6614
CLUBS NINE CLUBS QUEEN,0.3846,0.008,0.6074
DIAMONDS THREE HEARTS SIX,0.586,0.0954,0.3186
DIAMONDS TWO SPADES TWO,0.4178,0.117,0.4652
DIAMONDS TWO CLUBS ACE,0.4466,0.0048,0.5486
SPADES FOUR DIAMONDS NINE,0.4532,0.0438,0.503
HEARTS EIGHT SPADES THREE,0.449,0.0624,0.4886
CLUBS JACK SPADES TWO,0.4734,0.0204,0.5062
DIAMONDS KING SPADES SIX,0.4374,0.0048,0.5578
CLUBS THREE DIAMONDS SIX,0.579,0.098,0.323
HEARTS FOUR HEARTS THREE,0.5758,0.105,0.3192
SPADES SIX CLUBS KING,0.43,0.0082,0.5618
DIAMONDS QUEEN HEARTS NINE,0.3904,0.0092,0.6004
SPADES SEVEN CLUBS THREE,0.3754,0.426,0.1986
CLUBS TEN CLUBS ACE,0.3716,0.0038,0.6246
DIAMONDS KING SPADES FIVE,0.3176,0.0328,0.6496
HEARTS EIGHT DIAMONDS JACK,0.3806,0.0178,0.6016
SPADES SIX CLUBS ACE,0.424,0.005,0.571
HEARTS TWO SPADES SIX,0.5832,0.0994,0.3174
CLUBS SEVEN HEARTS TEN,0.2758,0.0852,0.639
CLUBS TEN DIAMONDS JACK,0.3832,0.0134,0.6034
CLUBS TEN DIAMONDS NINE,0.3854,0.0246,0.59
DIAMONDS KING DIAMONDS JACK,0.3878,0.007,0.6052
HEARTS THREE DIAMONDS EIGHT,0.4468,0.0656,0.4876
SPADES KING SPADES THREE,0.426,0.0084,0.5656
HEARTS TWO CLUBS TWO,0.4228,0.105,0.4722
SPADES EIGHT SPADES TWO,0.4408,0.0548,0.5044
CLUBS THREE DIAMONDS NINE,0.444,0.0378,0.5182
HEARTS JACK HEARTS NINE,0.3406,0.0184,0.641
CLUBS FIVE HEARTS JACK,0.303,0.0648,0.6322
SPADES ACE HEARTS FOUR,0.4312,0.0048,0.564
SPADES TEN CLUBS SIX,0.4174,0.0242,0.5584
CLUBS EIGHT CLUBS KING,0.3888,0.009,0.6022
DIAMONDS THREE HEARTS ACE,0.4402,0.006,0.5538
DIAMONDS ACE HEARTS JACK,0.3914,0.0036,0.605
HEARTS EIGHT DIAMONDS FOUR,0.4324,0.0658,0.5018
SPADES FOUR HEARTS QUEEN,0.4388,0.0122,0.549
HEARTS SIX HEARTS QUEEN,0.3748,0.0138,0.6114
SPADES JACK DIAMONDS EIGHT,0.3908,0.016,0.5932
CLUBS TEN HEARTS THREE,0.4488,0.0292,0.522
HEARTS TWO HEARTS NINE,0.4272,0.0434,0.5294
SPADES TWO HEARTS QUEEN,0.4526,0.0176,0.5298
DIAMONDS ACE SPADES THREE,0.4344,0.007,0.5586
HEARTS SIX SPADES JACK,0.4256,0.0168,0.5576
DIAMONDS THREE SPADES QUEEN,0.454,0.0132,0.5328
CLUBS JACK SPADES NINE,0.4016,0.0138,0.5846
CLUBS JACK CLUBS TEN,0.3574,0.0122,0.6304
HEARTS EIGHT HEARTS NINE,0.319,0.0388,0.6422
SPADES EIGHT CLUBS THREE,0.452,0.0602,0.4878
SPADES QUEEN HEARTS JACK,0.3792,0.0108,0.61
CLUBS NINE DIAMONDS FIVE,0.3134,0.0986,0.588
SPADES KING SPADES TWO,0.4372,0.008,0.5548
CLUBS EIGHT HEARTS KING,0.3844,0.0104,0.6052
CLUBS FOUR HEARTS KING,0.4462,0.009,0.5448
CLUBS NINE SPADES TWO,0.466,0.0358,0.4982
HEARTS SIX DIAMONDS EIGHT,0.3872,0.0622,0.5506
DIAMONDS QUEEN SPADES SIX,0.427,0.0116,0.5614
SPADES QUEEN CLUBS SEVEN,0.3184,0.0452,0.6364
CLUBS FIVE SPADES SEVEN,0.0722,0.9058,0.022
SPADES EIGHT DIAMONDS TEN,0.3672,0.0234,0.6094
CLUBS ACE DIAMONDS FOUR,0.4426,0.0056,0.5518
CLUBS TWO HEARTS KING,0.4628,0.0106,0.5266
CLUBS JACK SPADES FIVE,0.3162,0.0576,0.6262
CLUBS SIX CLUBS ACE,0.4042,0.004,0.5918
DIAMONDS KING DIAMONDS FOUR,0.4188,0.008,0.5732
CLUBS FOUR DIAMONDS SEVEN,0.3752,0.4208,0.204
DIAMONDS ACE DIAMONDS NINE,0.3872,0.0038,0.609
CLUBS THREE DIAMONDS FOUR,0.5834,0.101,0.3156
CLUBS ACE HEARTS TEN,0.386,0.0052,0.6088
CLUBS JACK DIAMONDS NINE,0.3932,0.0144,0.5924
CLUBS NINE DIAMONDS ACE,0.401,0.0038,0.5952
CLUBS THREE DIAMONDS TEN,0.4548,0.0272,0.518
SPADES KING HEARTS JACK,0.3876,0.0084,0.604
SPADES EIGHT CLUBS KING,0.4132,0.0078,0.579
CLUBS FIVE DIAMONDS SEVEN,0.066,0.9094,0.0246
CLUBS NINE SPADES FOUR,0.455,0.0326,0.5124
DIAMONDS TWO HEARTS THREE,0.5912,0.1,0.3088
HEARTS THREE CLUBS FOUR,0.5856,0.0984,0.316
HEARTS EIGHT DIAMONDS EIGHT,0.1964,0.0768,0.7268
DIAMONDS KING DIAMONDS SIX,0.4032,0.0046,0.5922
HEARTS SIX CLUBS KING,0.4044,0.009,0.5866
DIAMONDS SEVEN DIAMONDS SIX,0.2618,0.3312,0.407
SPADES NINE DIAMONDS JACK,0.4012,0.0158,0.583
CLUBS SIX DIAMONDS ACE,0.423,0.004,0.573
CLUBS TWO SPADES TWO,0.4278,0.1134,0.4588
HEARTS SIX HEARTS TWO,0.5856,0.0988,0.3156
DIAMONDS SIX DIAMONDS FOUR,0.55,0.085,0.365
CLUBS NINE DIAMONDS SIX,0.4228,0.038,0.5392
DIAMONDS KING DIAMONDS QUEEN,0.3766,0.0048,0.6186
SPADES JACK SPADES FOUR,0.4232,0.0182,0.5586
DIAMONDS THREE CLUBS FIVE,0.575,0.1886,0.2364
HEARTS TWO SPADES FOUR,0.5796,0.093,0.3274
SPADES SEVEN HEARTS NINE,0.2906,0.1152,0.5942
CLUBS FIVE CLUBS QUEEN,0.3218,0.0426,0.6356
SPADES TEN DIAMONDS FIVE,0.3248,0.074,0.6012
HEARTS EIGHT SPADES QUEEN,0.3888,0.0124,0.5988
SPADES EIGHT HEARTS TEN,0.3608,0.025,0.6142
CLUBS JACK CLUBS FOUR,0.4292,0.0172,0.5536
DIAMONDS JACK HEARTS KING,0.3808,0.0074,0.6118
DIAMONDS THREE CLUBS SIX,0.5824,0.094,0.3236
SPADES JACK CLUBS KING,0.4026,0.0076,0.5898
SPADES TEN CLUBS TWO,0.467,0.026,0.507
HEARTS EIGHT SPADES FIVE,0.2814,0.139,0.5796
CLUBS TEN SPADES SEVEN,0.3,0.0722,0.6278
HEARTS EIGHT HEARTS KING,0.3512,0.01,0.6388
DIAMONDS KING DIAMONDS EIGHT,0.3728,0.0088,0.6184
DIAMONDS ACE HEARTS KING,0.3908,0.0062,0.603
CLUBS THREE CLUBS KING,0.4174,0.0078,0.5748
SPADES JACK DIAMONDS FOUR,0.4578,0.0188,0.5234
CLUBS TEN SPADES TEN,0.2238,0.0522,0.724
DIAMONDS JACK SPADES TWO,0.4538,0.0198,0.5264
CLUBS SIX SPADES EIGHT,0.3842,0.0614,0.5544
SPADES ACE SPADES JACK,0.3692,0.0052,0.6256
DIAMONDS TWO HEARTS QUEEN,0.4406,0.012,0.5474
DIAMONDS KING SPADES TWO,0.459,0.0094,0.5316
SPADES NINE HEARTS QUEEN,0.382,0.0106,0.6074
CLUBS FIVE DIAMONDS TEN,0.3236,0.0746,0.6018
CLUBS SEVEN DIAMONDS FOUR,0.3608,0.4298,0.2094
DIAMONDS TWO SPADES EIGHT,0.4672,0.0654,0.4674
DIAMONDS SIX HEARTS NINE,0.3906,0.0462,0.5632
SPADES ACE HEARTS KING,0.4,0.0064,0.5936
CLUBS FOUR CLUBS THREE,0.5536,0.0932,0.3532
DIAMONDS JACK DIAMONDS EIGHT,0.3784,0.0132,0.6084
CLUBS EIGHT SPADES FOUR,0.446,0.0648,0.4892
CLUBS SEVEN HEARTS QUEEN,0.3036,0.0496,0.6468
SPADES JACK DIAMONDS SEVEN,0.3086,0.0558,0.6356
SPADES ACE HEARTS TEN,0.3866,0.0042,0.6092
SPADES SEVEN DIAMONDS NINE,0.2982,0.0996,0.6022
HEARTS EIGHT DIAMONDS NINE,0.3554,0.0346,0.61
CLUBS JACK CLUBS TWO,0.4408,0.0176,0.5416
SPADES NINE SPADES FOUR,0.4346,0.043,0.5224
SPADES NINE DIAMONDS SIX,0.407,0.0364,0.5566
SPADES JACK HEARTS NINE,0.383,0.0192,0.5978
CLUBS FIVE DIAMONDS KING,0.3344,0.0266,0.639
DIAMONDS EIGHT HEARTS QUEEN,0.3896,0.0116,0.5988
CLUBS SIX HEARTS ACE,0.425,0.007,0.568
SPADES SEVEN DIAMONDS TEN,0.286,0.0756,0.6384
CLUBS FIVE CLUBS FOUR,0.5242,0.181,0.2948
SPADES TEN HEARTS NINE,0.365,0.0234,0.6116
SPADES QUEEN HEARTS ACE,0.3694,0.0052,0.6254
HEARTS EIGHT CLUBS NINE,0.3616,0.0372,0.6012
DIAMONDS THREE SPADES FOUR,0.5862,0.1014,0.3124
DIAMONDS QUEEN DIAMONDS SEVEN,0.308,0.04,0.652
SPADES JACK SPADES EIGHT,0.3676,0.0144,0.618
CLUBS QUEEN HEARTS NINE,0.3776,0.0114,0.611
CLUBS JACK HEARTS JACK,0.209,0.041,0.75
DIAMONDS THREE HEARTS THREE,0.3902,0.1144,0.4954
DIAMONDS TWO CLUBS SEVEN,0.3738,0.4222,0.204
SPADES JACK SPADES TWO,0.436,0.016,0.548
HEARTS FOUR SPADES THREE,0.5848,0.1038,0.3114
SPADES ACE CLUBS FOUR,0.44,0.0028,0.5572
HEARTS EIGHT CLUBS TEN,0.3522,0.0252,0.6226
SPADES KING HEARTS SIX,0.4162,0.0088,0.575
CLUBS JACK SPADES SEVEN,0.3206,0.058,0.6214
SPADES FOUR CLUBS KING,0.4496,0.0074,0.543
HEARTS JACK CLUBS KING,0.3784,0.0056,0.616
SPADES ACE CLUBS EIGHT,0.4002,0.0042,0.5956
CLUBS JACK HEARTS ACE,0.3814,0.0062,0.6124
CLUBS SIX CLUBS FOUR,0.5414,0.091,0.3676
CLUBS JACK SPADES QUEEN,0.4064,0.0082,0.5854
HEARTS FOUR SPADES NINE,0.4434,0.0354,0.5212
DIAMONDS TEN DIAMONDS NINE,0.358,0.0186,0.6234
DIAMONDS JACK DIAMONDS SIX,0.4042,0.0172,0.5786
CLUBS TEN DIAMONDS SIX,0.4104,0.0268,0.5628
HEARTS ACE SPADES THREE,0.434,0.0078,0.5582
HEARTS TWO CLUBS SIX,0.6042,0.0958,0.3
DIAMONDS THREE HEARTS JACK,0.4508,0.0196,0.5296
DIAMONDS TWO DIAMONDS TEN,0.423,0.0274,0.5496
SPADES TEN SPADES NINE,0.357,0.021,0.622
HEARTS THREE HEARTS KING,0.4124,0.0116,0.576
SPADES JACK DIAMONDS QUEEN,0.3946,0.01,0.5954
SPADES SEVEN HEARTS ACE,0.2932,0.0268,0.68
SPADES KING CLUBS SIX,0.4294,0.0088,0.5618
HEARTS EIGHT HEARTS SIX,0.3466,0.0646,0.5888
CLUBS NINE SPADES JACK,0.3852,0.0172,0.5976
SPADES NINE SPADES SEVEN,0.288,0.1026,0.6094
SPADES EIGHT HEARTS ACE,0.3808,0.0034,0.6158
HEARTS FOUR HEARTS NINE,0.3976,0.0428,0.5596
SPADES ACE CLUBS QUEEN,0.397,0.0034,0.5996
SPADES NINE SPADES EIGHT,0.3582,0.0306,0.6112
CLUBS SIX CLUBS TWO,0.5558,0.0916,0.3526
DIAMONDS QUEEN CLUBS KING,0.386,0.0054,0.6086
SPADES SIX DIAMONDS SIX,0.3096,0.1028,0.5876
DIAMONDS ACE DIAMONDS SIX,0.394,0.0056,0.6004
SPADES JACK CLUBS QUEEN,0.3914,0.0084,0.6002
CLUBS TWO CLUBS KING,0.4392,0.0096,0.5512
SPADES ACE DIAMONDS SEVEN,0.3076,0.0264,0.666
HEARTS QUEEN CLUBS KING,0.396,0.006,0.598
CLUBS SIX SPADES FOUR,0.578,0.1014,0.3206
CLUBS JACK CLUBS NINE,0.36,0.0162,0.6238
HEARTS EIGHT CLUBS FOUR,0.426,0.0676,0.5064
CLUBS JACK SPADES JACK,0.2168,0.0426,0.7406
SPADES SIX SPADES TWO,0.568,0.0856,0.3464
HEARTS THREE SPADES THREE,0.411,0.1038,0.4852
HEARTS FOUR SPADES FIVE,0.5524,0.1984,0.2492
DIAMONDS TWO DIAMONDS FIVE,0.5554,0.1894,0.2552
CLUBS TEN DIAMONDS ACE,0.398,0.0028,0.5992
CLUBS SEVEN CLUBS FOUR,0.346,0.4086,0.2454
DIAMONDS NINE HEARTS TEN,0.3536,0.0234,0.623
SPADES TEN HEARTS QUEEN,0.379,0.01,0.611
SPADES KING DIAMONDS TWO,0.4638,0.0096,0.5266
DIAMONDS JACK CLUBS QUEEN,0.3928,0.0096,0.5976
DIAMONDS QUEEN DIAMONDS NINE,0.3708,0.012,0.6172
DIAMONDS THREE DIAMONDS FOUR,0.5536,0.0964,0.35
SPADES THREE DIAMONDS SIX,0.5964,0.097,0.3066
CLUBS TEN SPADES TWO,0.4662,0.0302,0.5036
SPADES QUEEN DIAMONDS NINE,0.3964,0.0084,0.5952
HEARTS QUEEN DIAMONDS SEVEN,0.3088,0.049,0.6422
SPADES QUEEN SPADES SIX,0.3928,0.013,0.5942
HEARTS FOUR SPADES TWO,0.5958,0.1014,0.3028
HEARTS TWO HEARTS ACE,0.4088,0.0072,0.584
SPADES FIVE DIAMONDS SIX,0.5692,0.1838,0.247
DIAMONDS ACE HEARTS ACE,0.1956,0.0042,0.8002
SPADES TWO HEARTS NINE,0.4624,0.0478,0.4898
HEARTS KING CLUBS KING,0.2102,0.0154,0.7744
HEARTS TWO DIAMONDS SEVEN,0.3778,0.423,0.1992
SPADES TEN CLUBS THREE,0.4458,0.0292,0.525
HEARTS KING DIAMONDS FIVE,0.3116,0.0352,0.6532
SPADES ACE CLUBS SIX,0.4198,0.004,0.5762
DIAMONDS JACK DIAMONDS FOUR,0.4348,0.0152,0.55
DIAMONDS SEVEN CLUBS ACE,0.3052,0.0278,0.667
DIAMONDS THREE CLUBS THREE,0.3878,0.1098,0.5024
SPADES ACE DIAMONDS SIX,0.4226,0.005,0.5724
CLUBS JACK CLUBS ACE,0.3866,0.0054,0.608
CLUBS EIGHT DIAMONDS SIX,0.399,0.0534,0.5476
DIAMONDS ACE SPADES FOUR,0.434,0.0054,0.5606
SPADES QUEEN SPADES THREE,0.4382,0.0116,0.5502
SPADES NINE DIAMONDS FIVE,0.3042,0.0946,0.6012
HEARTS QUEEN DIAMONDS FOUR,0.4382,0.0142,0.5476
CLUBS SEVEN HEARTS ACE,0.2988,0.0282,0.673
SPADES ACE SPADES SIX,0.395,0.006,0.599
SPADES ACE SPADES FIVE,0.3008,0.0234,0.6758
SPADES SEVEN SPADES FIVE,0.0784,0.8478,0.0738
DIAMONDS NINE DIAMONDS FOUR,0.4264,0.0348,0.5388
DIAMONDS THREE SPADES SEVEN,0.3822,0.4088,0.209
SPADES KING DIAMONDS SEVEN,0.3268,0.0282,0.645
SPADES KING CLUBS TEN,0.3956,0.0064,0.598
SPADES JACK CLUBS THREE,0.4578,0.0168,0.5254
CLUBS TWO HEARTS QUEEN,0.467,0.0148,0.5182
DIAMONDS QUEEN CLUBS ACE,0.4,0.0046,0.5954
DIAMONDS ACE DIAMONDS EIGHT,0.377,0.0044,0.6186
HEARTS ACE CLUBS KING,0.3936,0.0066,0.5998
CLUBS SEVEN CLUBS SIX,0.2458,0.3404,0.4138
HEARTS EIGHT HEARTS THREE,0.4014,0.0696,0.529
DIAMONDS KING DIAMONDS FIVE,0.3026,0.03,0.6674
HEARTS THREE SPADES TWO,0.5926,0.102,0.3054
DIAMONDS TWO CLUBS FIVE,0.593,0.1834,0.2236
DIAMONDS ACE DIAMONDS FOUR,0.4196,0.0052,0.5752
SPADES EIGHT HEARTS NINE,0.3638,0.0354,0.6008
DIAMONDS JACK CLUBS ACE,0.4066,0.0052,0.5882
HEARTS ACE DIAMONDS SIX,0.4204,0.0056,0.574
HEARTS FOUR CLUBS FIVE,0.5422,0.2028,0.255
HEARTS TWO DIAMONDS ACE,0.4378,0.007,0.5552
SPADES KING HEARTS TEN,0.3752,0.0086,0.6162
SPADES SEVEN SPADES THREE,0.3664,0.3906,0.243
CLUBS SEVEN CLUBS THREE,0.3564,0.4018,0.2418
HEARTS TWO DIAMONDS SIX,0.5904,0.0994,0.3102
CLUBS TEN HEARTS TEN,0.2052,0.0598,0.735
SPADES ACE CLUBS KING,0.4116,0.0048,0.5836
SPADES ACE CLUBS TWO,0.4566,0.0048,0.5386
CLUBS JACK CLUBS QUEEN,0.3694,0.0122,0.6184
CLUBS JACK HEARTS TEN,0.369,0.017,0.614
DIAMONDS SEVEN CLUBS QUEEN,0.3182,0.0404,0.6414
HEARTS EIGHT SPADES SIX,0.3728,0.0638,0.5634
CLUBS JACK SPADES TEN,0.3874,0.0114,0.6012
SPADES EIGHT DIAMONDS NINE,0.3622,0.0378,0.6
SPADES EIGHT SPADES SIX,0.3706,0.06,0.5694
CLUBS TEN HEARTS JACK,0.3666,0.0144,0.619
CLUBS TWO HEARTS TEN,0.4454,0.0298,0.5248
HEARTS EIGHT DIAMONDS ACE,0.377,0.0054,0.6176
CLUBS SEVEN SPADES FOUR,0.3606,0.4364,0.203
HEARTS EIGHT SPADES TWO,0.458,0.0656,0.4764
CLUBS TEN DIAMONDS FIVE,0.3194,0.0738,0.6068
CLUBS NINE DIAMONDS SEVEN,0.3156,0.1006,0.5838
DIAMONDS ACE HEARTS TEN,0.387,0.0038,0.6092
HEARTS TWO DIAMONDS JACK,0.4644,0.0198,0.5158
HEARTS TWO CLUBS QUEEN,0.4652,0.0142,0.5206
HEARTS EIGHT CLUBS SEVEN,0.2702,0.137,0.5928
DIAMONDS KING HEARTS ACE,0.3782,0.0054,0.6164
DIAMONDS KING DIAMONDS TEN,0.3914,0.0062,0.6024
HEARTS SIX CLUBS SIX,0.2882,0.106,0.6058
SPADES JACK SPADES FIVE,0.307,0.0568,0.6362
DIAMONDS ACE SPADES TWO,0.4574,0.005,0.5376
DIAMONDS KING DIAMONDS NINE,0.3856,0.0084,0.606
DIAMONDS JACK DIAMONDS SEVEN,0.3094,0.057,0.6336
SPADES KING SPADES EIGHT,0.378,0.0078,0.6142
SPADES QUEEN DIAMONDS FOUR,0.4502,0.0124,0.5374
CLUBS FIVE DIAMONDS NINE,0.3062,0.1026,0.5912
CLUBS SEVEN SPADES SIX,0.27,0.3596,0.3704
CLUBS SIX CLUBS KING,0.402,0.008,0.59
DIAMONDS ACE HEARTS QUEEN,0.3784,0.0042,0.6174
SPADES QUEEN CLUBS ACE,0.402,0.005,0.593
HEARTS TEN DIAMONDS FOUR,0.4378,0.0334,0.5288
DIAMONDS TWO CLUBS NINE,0.4668,0.0418,0.4914
SPADES FIVE CLUBS TWO,0.5874,0.191,0.2216
HEARTS ACE CLUBS QUEEN,0.3984,0.0042,0.5974
CLUBS JACK HEARTS THREE,0.4528,0.0152,0.532
HEARTS FOUR SPADES TEN,0.444,0.0302,0.5258
HEARTS THREE DIAMONDS JACK,0.4642,0.0188,0.517
HEARTS EIGHT SPADES TEN,0.3616,0.0276,0.6108
CLUBS SIX CLUBS QUEEN,0.3964,0.0086,0.595
DIAMONDS KING SPADES SEVEN,0.3106,0.0378,0.6516
HEARTS ACE HEARTS TEN,0.3312,0.0056,0.6632
CLUBS JACK HEARTS SIX,0.4308,0.0188,0.5504
HEARTS FOUR DIAMONDS KING,0.453,0.0098,0.5372
CLUBS NINE DIAMONDS FOUR,0.4488,0.046,0.5052
CLUBS EIGHT DIAMONDS QUEEN,0.404,0.0134,0.5826
CLUBS FOUR DIAMONDS SIX,0.5798,0.098,0.3222
SPADES EIGHT CLUBS ACE,0.3914,0.0028,0.6058
DIAMONDS QUEEN SPADES TWO,0.4714,0.0126,0.516
CLUBS SIX DIAMONDS EIGHT,0.3904,0.0624,0.5472
HEARTS THREE SPADES SEVEN,0.3682,0.4342,0.1976
CLUBS KING HEARTS NINE,0.3854,0.0094,0.6052
DIAMONDS ACE CLUBS ACE,0.2202,0.0042,0.7756
CLUBS JACK SPADES SIX,0.4332,0.0184,0.5484
CLUBS NINE CLUBS TWO,0.448,0.0396,0.5124
HEARTS SIX HEARTS FOUR,0.568,0.1052,0.3268
DIAMONDS EIGHT DIAMONDS FIVE,0.2846,0.1288,0.5866
SPADES TEN CLUBS SEVEN,0.2898,0.0716,0.6386
SPADES FIVE SPADES TWO,0.5476,0.1844,0.268
HEARTS SIX CLUBS FOUR,0.5706,0.0984,0.331
CLUBS KING HEARTS TEN,0.3982,0.0078,0.594
SPADES SEVEN HEARTS QUEEN,0.297,0.0466,0.6564
SPADES EIGHT DIAMONDS SEVEN,0.2976,0.132,0.5704
CLUBS TEN CLUBS EIGHT,0.354,0.0268,0.6192
CLUBS TEN CLUBS KING,0.3742,0.0076,0.6182
CLUBS EIGHT HEARTS ACE,0.4034,0.0046,0.592
SPADES QUEEN HEARTS NINE,0.3782,0.0092,0.6126
SPADES TEN DIAMONDS SIX,0.4102,0.0298,0.56
HEARTS SIX HEARTS THREE,0.5722,0.1018,0.326
DIAMONDS TWO SPADES JACK,0.463,0.0166,0.5204
SPADES THREE CLUBS QUEEN,0.449,0.0122,0.5388
CLUBS SIX SPADES TWO,0.6018,0.099,0.2992
DIAMONDS TEN DIAMONDS FOUR,0.4252,0.0262,0.5486
SPADES KING DIAMONDS KING,0.2144,0.0174,0.7682
CLUBS EIGHT CLUBS ACE,0.367,0.0038,0.6292
SPADES THREE DIAMONDS SEVEN,0.3882,0.4148,0.197
DIAMONDS KING CLUBS THREE,0.4636,0.0084,0.528
SPADES TEN DIAMONDS NINE,0.3816,0.019,0.5994
CLUBS EIGHT CLUBS SIX,0.368,0.0568,0.5752
DIAMONDS ACE DIAMONDS QUEEN,0.3684,0.0066,0.625
CLUBS EIGHT HEARTS QUEEN,0.387,0.0118,0.6012
CLUBS FIVE CLUBS KING,0.2972,0.0298,0.673
SPADES FOUR HEARTS ACE,0.4164,0.0068,0.5768
HEARTS SIX DIAMONDS NINE,0.4028,0.039,0.5582
SPADES QUEEN SPADES TEN,0.3682,0.0116,0.6202
HEARTS SIX DIAMONDS FOUR,0.5764,0.0808,0.3428
SPADES TWO DIAMONDS SIX,0.604,0.0898,0.3062
SPADES JACK HEARTS THREE,0.4454,0.0214,0.5332
SPADES SIX HEARTS ACE,0.4008,0.0062,0.593
CLUBS FOUR HEARTS JACK,0.4416,0.0166,0.5418
SPADES QUEEN SPADES FIVE,0.31,0.0432,0.6468
CLUBS FIVE HEARTS QUEEN,0.3074,0.0452,0.6474
SPADES ACE DIAMONDS FIVE,0.317,0.0194,0.6636
DIAMONDS ACE CLUBS THREE,0.4528,0.0042,0.543
HEARTS SIX SPADES FIVE,0.5728,0.1906,0.2366
CLUBS NINE SPADES THREE,0.4548,0.041,0.5042
DIAMONDS NINE SPADES TWO,0.4662,0.0436,0.4902
SPADES KING CLUBS KING,0.225,0.017,0.758
HEARTS EIGHT DIAMONDS TEN,0.376,0.0252,0.5988
SPADES QUEEN CLUBS FIVE,0.323,0.0414,0.6356
CLUBS SEVEN SPADES EIGHT,0.2852,0.1456,0.5692
CLUBS TEN CLUBS NINE,0.361,0.0238,0.6152
SPADES THREE DIAMONDS FOUR,0.5982,0.102,0.2998
HEARTS FOUR DIAMONDS FOUR,0.3958,0.111,0.4932
DIAMONDS ACE SPADES SIX,0.426,0.003,0.571
DIAMONDS QUEEN DIAMONDS FOUR,0.424,0.0134,0.5626
SPADES THREE CLUBS ACE,0.4502,0.0052,0.5446
HEARTS SIX HEARTS JACK,0.3744,0.0222,0.6034
SPADES THREE HEARTS NINE,0.439,0.044,0.517
CLUBS FIVE DIAMONDS FOUR,0.5638,0.1922,0.244
SPADES ACE HEARTS THREE,0.4412,0.0048,0.554
SPADES QUEEN HEARTS QUEEN,0.2068,0.0324,0.7608
SPADES TEN HEARTS KING,0.3838,0.0068,0.6094
SPADES SEVEN CLUBS KING,0.3144,0.037,0.6486
SPADES ACE SPADES TWO,0.4324,0.004,0.5636
HEARTS ACE SPADES TWO,0.4326,0.0062,0.5612
CLUBS THREE DIAMONDS SEVEN,0.3692,0.427,0.2038
SPADES SEVEN DIAMONDS SIX,0.2616,0.3428,0.3956
SPADES EIGHT DIAMONDS FIVE,0.2868,0.1424,0.5708
HEARTS FOUR DIAMONDS FIVE,0.549,0.2082,0.2428
CLUBS FOUR DIAMONDS JACK,0.456,0.0172,0.5268
HEARTS SIX SPADES FOUR,0.5732,0.0906,0.3362
DIAMONDS QUEEN HEARTS JACK,0.3652,0.0114,0.6234
DIAMONDS QUEEN SPADES FIVE,0.3136,0.0434,0.643
SPADES SEVEN DIAMONDS JACK,0.3112,0.0552,0.6336
DIAMONDS NINE DIAMONDS SEVEN,0.2884,0.1048,0.6068
CLUBS EIGHT HEARTS JACK,0.3764,0.018,0.6056
CLUBS SIX DIAMONDS FOUR,0.5792,0.0912,0.3296
DIAMONDS ACE DIAMONDS TEN,0.3624,0.0046,0.633
DIAMONDS JACK HEARTS ACE,0.3834,0.0044,0.6122
SPADES NINE DIAMONDS QUEEN,0.3938,0.0122,0.594
HEARTS SIX SPADES SEVEN,0.2586,0.355,0.3864
SPADES SIX SPADES FIVE,0.5472,0.1768,0.276
SPADES THREE DIAMONDS FIVE,0.574,0.1872,0.2388
DIAMONDS TWO HEARTS ACE,0.4362,0.0068,0.557
SPADES EIGHT CLUBS FOUR,0.4434,0.065,0.4916
SPADES NINE HEARTS KING,0.3834,0.0096,0.607
CLUBS TWO HEARTS ACE,0.4506,0.0058,0.5436
SPADES THREE CLUBS KING,0.4538,0.011,0.5352
HEARTS TWO DIAMONDS QUEEN,0.4682,0.0128,0.519
HEARTS SIX SPADES THREE,0.5828,0.097,0.3202
HEARTS QUEEN HEARTS TEN,0.3348,0.0136,0.6516
HEARTS THREE CLUBS SIX,0.5824,0.1026,0.315
HEARTS EIGHT CLUBS TWO,0.4508,0.0716,0.4776
HEARTS TEN HEARTS NINE,0.3204,0.0276,0.652
HEARTS EIGHT DIAMONDS TWO,0.4644,0.0626,0.473
HEARTS THREE HEARTS JACK,0.4074,0.0224,0.5702
HEARTS FOUR SPADES SEVEN,0.3664,0.414,0.2196
SPADES ACE DIAMONDS NINE,0.4038,0.0036,0.5926
DIAMONDS FIVE DIAMONDS FOUR,0.52,0.1828,0.2972
HEARTS EIGHT HEARTS QUEEN,0.3282,0.0138,0.658
DIAMONDS FIVE HEARTS NINE,0.2906,0.107,0.6024
SPADES QUEEN SPADES NINE,0.3704,0.0118,0.6178
HEARTS FOUR CLUBS EIGHT,0.4252,0.061,0.5138
HEARTS TWO HEARTS JACK,0.4162,0.0222,0.5616
SPADES ACE CLUBS SEVEN,0.3008,0.029,0.6702
CLUBS SEVEN SPADES FIVE,0.0738,0.9068,0.0194
HEARTS TWO SPADES FIVE,0.5748,0.2004,0.2248
SPADES FIVE CLUBS KING,0.331,0.0292,0.6398
CLUBS EIGHT SPADES FIVE,0.2878,0.1418,0.5704
HEARTS FOUR CLUBS THREE,0.5794,0.0958,0.3248
DIAMONDS JACK HEARTS JACK,0.2094,0.0382,0.7524
DIAMONDS TWO DIAMONDS FOUR,0.5568,0.088,0.3552
SPADES ACE HEARTS QUEEN,0.4,0.0032,0.5968
HEARTS SIX HEARTS TEN,0.3574,0.0298,0.6128
CLUBS SEVEN CLUBS KING,0.2942,0.0362,0.6696
SPADES THREE DIAMONDS EIGHT,0.445,0.0634,0.4916
DIAMONDS NINE DIAMONDS FIVE,0.2856,0.0952,0.6192
HEARTS FOUR CLUBS TWO,0.5902,0.1,0.3098
CLUBS EIGHT SPADES EIGHT,0.2066,0.078,0.7154
CLUBS SEVEN HEARTS KING,0.2876,0.0394,0.673
HEARTS THREE SPADES TEN,0.4486,0.03,0.5214
SPADES TEN DIAMONDS FOUR,0.4398,0.025,0.5352
HEARTS EIGHT CLUBS EIGHT,0.1826,0.0802,0.7372
CLUBS TEN HEARTS ACE,0.3906,0.006,0.6034
HEARTS KING HEARTS TEN,0.3416,0.0086,0.6498
SPADES KING CLUBS QUEEN,0.396,0.0056,0.5984
SPADES KING HEARTS FOUR,0.4534,0.0082,0.5384
CLUBS FOUR CLUBS QUEEN,0.4276,0.0104,0.562
CLUBS JACK DIAMONDS SEVEN,0.3134,0.0606,0.626
DIAMONDS SEVEN DIAMONDS FIVE,0.064,0.8698,0.0662
CLUBS THREE HEARTS TEN,0.4356,0.0324,0.532
CLUBS TEN HEARTS SIX,0.4098,0.029,0.5612
HEARTS EIGHT HEARTS TEN,0.3212,0.026,0.6528
DIAMONDS THREE CLUBS SEVEN,0.386,0.4236,0.1904
SPADES NINE SPADES TWO,0.4406,0.0406,0.5188
SPADES FIVE HEARTS TEN,0.3124,0.0724,0.6152
HEARTS FOUR CLUBS KING,0.4528,0.008,0.5392
CLUBS SEVEN HEARTS NINE,0.2914,0.103,0.6056
DIAMONDS SIX CLUBS QUEEN,0.421,0.0122,0.5668
SPADES TEN DIAMONDS JACK,0.3866,0.0168,0.5966
SPADES FOUR CLUBS QUEEN,0.465,0.0116,0.5234
SPADES QUEEN HEARTS KING,0.388,0.0094,0.6026
CLUBS FOUR CLUBS ACE,0.4138,0.0042,0.582
DIAMONDS QUEEN DIAMONDS FIVE,0.3012,0.0426,0.6562
SPADES SEVEN HEARTS JACK,0.2878,0.0626,0.6496
HEARTS TWO DIAMONDS NINE,0.4624,0.046,0.4916
SPADES ACE HEARTS ACE,0.2034,0.0048,0.7918
SPADES KING DIAMONDS TEN,0.4106,0.0064,0.583
SPADES TEN CLUBS QUEEN,0.3966,0.0098,0.5936
SPADES JACK DIAMONDS KING,0.3984,0.0084,0.5932
CLUBS TEN CLUBS THREE,0.4236,0.0236,0.5528
CLUBS SEVEN CLUBS FIVE,0.0756,0.8512,0.0732
CLUBS SEVEN DIAMONDS TEN,0.3012,0.0772,0.6216
DIAMONDS NINE DIAMONDS EIGHT,0.3578,0.0366,0.6056
HEARTS THREE SPADES FIVE,0.5496,0.2064,0.244
DIAMONDS NINE SPADES THREE,0.4512,0.0438,0.505
SPADES SEVEN SPADES TWO,0.3776,0.3828,0.2396
SPADES NINE CLUBS FIVE,0.3094,0.1038,0.5868
HEARTS QUEEN CLUBS QUEEN,0.2092,0.0294,0.7614
CLUBS SEVEN SPADES THREE,0.377,0.4262,0.1968
DIAMONDS THREE CLUBS QUEEN,0.4662,0.0128,0.521
CLUBS FOUR DIAMONDS FOUR,0.3996,0.105,0.4954
DIAMONDS JACK HEARTS QUEEN,0.3714,0.0114,0.6172
HEARTS FOUR SPADES SIX,0.562,0.1014,0.3366
DIAMONDS QUEEN DIAMONDS EIGHT,0.3758,0.0106,0.6136
DIAMONDS TEN HEARTS NINE,0.3742,0.0218,0.604
CLUBS NINE SPADES NINE,0.2002,0.0672,0.7326
SPADES FIVE DIAMONDS SEVEN,0.0702,0.9096,0.0202
DIAMONDS ACE HEARTS NINE,0.3844,0.0052,0.6104
DIAMONDS NINE HEARTS KING,0.3826,0.0084,0.609
HEARTS TWO DIAMONDS KING,0.4568,0.0086,0.5346
HEARTS SIX CLUBS THREE,0.5736,0.101,0.3254
SPADES ACE DIAMONDS QUEEN,0.388,0.0058,0.6062
CLUBS FOUR SPADES FOUR,0.3976,0.1132,0.4892
HEARTS SIX HEARTS KING,0.3786,0.0084,0.613
HEARTS EIGHT DIAMONDS THREE,0.4348,0.0646,0.5006
CLUBS FOUR SPADES FIVE,0.5576,0.1942,0.2482
CLUBS ACE CLUBS QUEEN,0.384,0.0048,0.6112
SPADES SEVEN CLUBS TWO,0.3894,0.4154,0.1952
CLUBS FOUR CLUBS KING,0.4372,0.007,0.5558
HEARTS SIX CLUBS EIGHT,0.3896,0.0632,0.5472
SPADES SIX HEARTS JACK,0.4034,0.02,0.5766
CLUBS EIGHT HEARTS TWO,0.4516,0.0692,0.4792
SPADES QUEEN SPADES EIGHT,0.3786,0.0106,0.6108
CLUBS THREE DIAMONDS EIGHT,0.4648,0.063,0.4722
DIAMONDS NINE HEARTS QUEEN,0.3912,0.0098,0.599
HEARTS SIX DIAMONDS JACK,0.425,0.0194,0.5556
HEARTS KING HEARTS JACK,0.3478,0.007,0.6452
CLUBS NINE SPADES SIX,0.4208,0.0392,0.54
CLUBS TWO CLUBS ACE,0.4264,0.0048,0.5688
SPADES FIVE SPADES FOUR,0.5384,0.1818,0.2798
HEARTS ACE HEARTS NINE,0.3526,0.005,0.6424
HEARTS ACE DIAMONDS FOUR,0.422,0.004,0.574
CLUBS FOUR DIAMONDS TEN,0.4428,0.0278,0.5294
CLUBS FIVE DIAMONDS SIX,0.5842,0.183,0.2328
SPADES SEVEN HEARTS KING,0.301,0.0364,0.6626
SPADES QUEEN CLUBS TWO,0.473,0.0118,0.5152
HEARTS THREE HEARTS NINE,0.4152,0.041,0.5438
SPADES TEN DIAMONDS KING,0.4044,0.005,0.5906
SPADES SEVEN DIAMONDS EIGHT,0.2898,0.1398,0.5704
CLUBS JACK DIAMONDS TEN,0.3738,0.0152,0.611
DIAMONDS THREE DIAMONDS SEVEN,0.3564,0.406,0.2376
CLUBS NINE HEARTS TEN,0.365,0.0254,0.6096
CLUBS FIVE SPADES TWO,0.5886,0.1914,0.22
CLUBS JACK HEARTS EIGHT,0.383,0.016,0.601
CLUBS JACK DIAMONDS ACE,0.4016,0.0036,0.5948
CLUBS SIX HEARTS QUEEN,0.416,0.0128,0.5712
DIAMONDS TWO DIAMONDS SIX,0.5548,0.0954,0.3498
CLUBS NINE HEARTS NINE,0.1994,0.0688,0.7318
CLUBS FOUR HEARTS ACE,0.4162,0.0068,0.577
CLUBS SIX DIAMONDS SEVEN,0.258,0.361,0.381
SPADES NINE HEARTS JACK,0.3862,0.0178,0.596
CLUBS NINE SPADES TEN,0.3736,0.0234,0.603
SPADES TEN SPADES SIX,0.405,0.027,0.568
CLUBS NINE CLUBS SIX,0.4018,0.0382,0.56
SPADES QUEEN CLUBS SIX,0.4258,0.0112,0.563
HEARTS TWO CLUBS ACE,0.4558,0.004,0.5402
SPADES TEN CLUBS ACE,0.4082,0.0048,0.587
CLUBS FIVE DIAMONDS QUEEN,0.308,0.0428,0.6492
SPADES FOUR HEARTS JACK,0.4444,0.0228,0.5328
DIAMONDS KING HEARTS QUEEN,0.393,0.0068,0.6002
SPADES QUEEN CLUBS QUEEN,0.2214,0.0316,0.747
HEARTS EIGHT DIAMONDS SEVEN,0.273,0.136,0.591
DIAMONDS QUEEN SPADES FOUR,0.4474,0.0156,0.537
SPADES FOUR CLUBS ACE,0.4488,0.0036,0.5476
DIAMONDS TWO SPADES SEVEN,0.3886,0.4154,0.196
SPADES EIGHT CLUBS TWO,0.4614,0.0654,0.4732
SPADES JACK CLUBS FOUR,0.4538,0.02,0.5262
HEARTS FOUR SPADES EIGHT,0.4362,0.0594,0.5044
CLUBS TEN DIAMONDS QUEEN,0.3924,0.009,0.5986
CLUBS TEN CLUBS FIVE,0.314,0.0718,0.6142
CLUBS JACK CLUBS SEVEN,0.2998,0.0594,0.6408
SPADES NINE DIAMONDS TEN,0.3786,0.025,0.5964
CLUBS EIGHT CLUBS SEVEN,0.2828,0.136,0.5812
SPADES FOUR SPADES TWO,0.5668,0.0904,0.3428
SPADES TWO HEARTS TEN,0.448,0.027,0.525
SPADES QUEEN CLUBS KING,0.4082,0.0058,0.586
CLUBS THREE HEARTS QUEEN,0.4376,0.0136,0.5488
HEARTS QUEEN CLUBS ACE,0.3826,0.0054,0.612
DIAMONDS QUEEN HEARTS ACE,0.392,0.0046,0.6034
SPADES ACE SPADES KING,0.3872,0.0052,0.6076
CLUBS TEN CLUBS QUEEN,0.3694,0.0102,0.6204
HEARTS FOUR CLUBS QUEEN,0.44,0.015,0.545
HEARTS THREE CLUBS TWO,0.6018,0.106,0.2922
HEARTS THREE HEARTS ACE,0.3902,0.0058,0.604
CLUBS EIGHT SPADES THREE,0.457,0.0638,0.4792
SPADES THREE HEARTS TEN,0.4368,0.0312,0.532
HEARTS EIGHT HEARTS JACK,0.3504,0.0176,0.632
SPADES ACE SPADES NINE,0.3778,0.0058,0.6164
DIAMONDS TWO CLUBS SIX,0.6114,0.0988,0.2898
SPADES FIVE SPADES THREE,0.5274,0.1798,0.2928
SPADES TEN CLUBS KING,0.406,0.0048,0.5892
CLUBS FOUR SPADES SIX,0.5752,0.0974,0.3274
SPADES SIX CLUBS QUEEN,0.4286,0.0114,0.56
DIAMONDS THREE HEARTS QUEEN,0.4466,0.0134,0.54
SPADES TEN DIAMONDS QUEEN,0.3864,0.01,0.6036
DIAMONDS ACE CLUBS TWO,0.4442,0.0058,0.55
HEARTS THREE SPADES NINE,0.4422,0.0448,0.513
CLUBS SIX DIAMONDS SIX,0.2872,0.1034,0.6094
SPADES FIVE DIAMONDS NINE,0.3114,0.1116,0.577
DIAMONDS SEVEN HEARTS JACK,0.3064,0.0576,0.636
CLUBS TWO DIAMONDS SIX,0.6042,0.095,0.3008
DIAMONDS SEVEN DIAMONDS FOUR,0.3562,0.3944,0.2494
SPADES QUEEN CLUBS FOUR,0.446,0.0134,0.5406
SPADES ACE SPADES FOUR,0.4104,0.0038,0.5858
DIAMONDS TWO SPADES FIVE,0.5756,0.207,0.2174
DIAMONDS TWO HEARTS TEN,0.4572,0.0282,0.5146
SPADES JACK DIAMONDS NINE,0.3888,0.0156,0.5956
DIAMONDS TEN HEARTS JACK,0.3666,0.0166,0.6168
SPADES JACK DIAMONDS ACE,0.3906,0.0042,0.6052
CLUBS JACK HEARTS QUEEN,0.389,0.0092,0.6018
SPADES QUEEN CLUBS NINE,0.4,0.0112,0.5888
CLUBS EIGHT DIAMONDS NINE,0.363,0.0364,0.6006
HEARTS TWO CLUBS FIVE,0.5784,0.1988,0.2228
CLUBS JACK SPADES EIGHT,0.393,0.019,0.588
HEARTS QUEEN HEARTS NINE,0.3468,0.0112,0.642
HEARTS JACK HEARTS TEN,0.3284,0.014,0.6576
DIAMONDS TWO CLUBS THREE,0.59,0.1092,0.3008
HEARTS TWO SPADES TWO,0.412,0.11,0.478
CLUBS TEN DIAMONDS KING,0.387,0.0058,0.6072
CLUBS SEVEN CLUBS QUEEN,0.3094,0.042,0.6486
SPADES EIGHT DIAMONDS FOUR,0.441,0.0642,0.4948
SPADES KING SPADES QUEEN,0.3718,0.0072,0.621
SPADES NINE HEARTS NINE,0.1968,0.0674,0.7358
DIAMONDS KING CLUBS FOUR,0.4466,0.007,0.5464
CLUBS EIGHT SPADES SIX,0.3776,0.0608,0.5616
SPADES JACK CLUBS ACE,0.3972,0.0062,0.5966
CLUBS TEN CLUBS FOUR,0.4336,0.0236,0.5428
SPADES NINE CLUBS SIX,0.3986,0.041,0.5604
CLUBS TEN SPADES NINE,0.3782,0.0244,0.5974
SPADES TEN DIAMONDS EIGHT,0.369,0.0212,0.6098
SPADES NINE DIAMONDS SEVEN,0.3026,0.1012,0.5962
CLUBS SEVEN DIAMONDS KING,0.312,0.0408,0.6472
DIAMONDS TWO CLUBS FOUR,0.6042,0.0988,0.297
CLUBS EIGHT SPADES TEN,0.3772,0.0242,0.5986
SPADES SEVEN SPADES SIX,0.2656,0.3366,0.3978
CLUBS TWO HEARTS JACK,0.4454,0.0166,0.538
DIAMONDS TWO CLUBS TWO,0.4124,0.118,0.4696
DIAMONDS THREE DIAMONDS KING,0.4412,0.0074,0.5514
SPADES THREE HEARTS QUEEN,0.442,0.0138,0.5442
CLUBS EIGHT CLUBS TWO,0.4318,0.0538,0.5144
HEARTS ACE DIAMONDS EIGHT,0.382,0.0034,0.6146
DIAMONDS QUEEN CLUBS TWO,0.4674,0.0116,0.521
DIAMONDS THREE SPADES EIGHT,0.4482,0.0604,0.4914
CLUBS NINE CLUBS FIVE,0.2948,0.0946,0.6106
HEARTS FOUR HEARTS QUEEN,0.3944,0.0156,0.59
CLUBS TWO DIAMONDS FIVE,0.5822,0.205,0.2128
DIAMONDS EIGHT DIAMONDS SIX,0.3868,0.058,0.5552
SPADES SIX HEARTS KING,0.4178,0.0056,0.5766
CLUBS NINE DIAMONDS KING,0.4118,0.008,0.5802
CLUBS NINE HEARTS QUEEN,0.3862,0.0108,0.603
SPADES KING SPADES SIX,0.394,0.0074,0.5986
DIAMONDS SEVEN HEARTS TEN,0.2868,0.0806,0.6326
HEARTS TWO SPADES THREE,0.6012,0.093,0.3058
SPADES SIX SPADES FOUR,0.5344,0.0898,0.3758
CLUBS JACK DIAMONDS SIX,0.4182,0.0178,0.564
SPADES QUEEN DIAMONDS TEN,0.3946,0.0094,0.596
SPADES SEVEN DIAMONDS SEVEN,0.163,0.096,0.741
CLUBS TEN SPADES QUEEN,0.3884,0.0102,0.6014
DIAMONDS ACE CLUBS QUEEN,0.4064,0.0046,0.589
CLUBS SIX HEARTS NINE,0.3842,0.041,0.5748
DIAMONDS ACE CLUBS FOUR,0.4452,0.0046,0.5502
DIAMONDS TWO SPADES TEN,0.4712,0.0324,0.4964
DIAMONDS NINE CLUBS ACE,0.3974,0.0024,0.6002
HEARTS FOUR HEARTS JACK,0.4014,0.0186,0.58
HEARTS THREE DIAMONDS FOUR,0.5868,0.1066,0.3066
SPADES EIGHT HEARTS JACK,0.3878,0.02,0.5922
HEARTS SIX SPADES TEN,0.398,0.0288,0.5732
DIAMONDS QUEEN HEARTS QUEEN,0.2088,0.0352,0.756
CLUBS SIX DIAMONDS TEN,0.419,0.029,0.552
SPADES FIVE DIAMONDS TEN,0.323,0.0726,0.6044
HEARTS SIX SPADES QUEEN,0.4168,0.0134,0.5698
HEARTS THREE DIAMONDS SEVEN,0.3654,0.4296,0.205
SPADES SIX DIAMONDS TEN,0.423,0.0266,0.5504
SPADES JACK HEARTS TWO,0.4654,0.0202,0.5144
SPADES SEVEN CLUBS ACE,0.313,0.0248,0.6622
DIAMONDS NINE HEARTS JACK,0.383,0.0148,0.6022
DIAMONDS KING CLUBS ACE,0.4022,0.006,0.5918
CLUBS TEN SPADES SIX,0.4194,0.029,0.5516
CLUBS NINE CLUBS KING,0.3902,0.0058,0.604
CLUBS FIVE CLUBS TWO,0.5522,0.1814,0.2664
HEARTS SIX CLUBS TWO,0.6016,0.0924,0.306
CLUBS SEVEN DIAMONDS FIVE,0.0724,0.9066,0.021
DIAMONDS ACE CLUBS FIVE,0.3084,0.02,0.6716
HEARTS EIGHT SPADES NINE,0.3596,0.0454,0.595
DIAMONDS SEVEN CLUBS KING,0.3216,0.0362,0.6422
SPADES FIVE CLUBS QUEEN,0.3364,0.0466,0.617
HEARTS THREE CLUBS FIVE,0.5664,0.1864,0.2472
HEARTS TWO SPADES EIGHT,0.4506,0.0566,0.4928
DIAMONDS THREE CLUBS FOUR,0.596,0.0952,0.3088
SPADES JACK SPADES SEVEN,0.294,0.0588,0.6472
SPADES THREE HEARTS KING,0.4578,0.0076,0.5346
CLUBS JACK DIAMONDS QUEEN,0.398,0.0094,0.5926
SPADES NINE SPADES SIX,0.3852,0.0306,0.5842
DIAMONDS JACK CLUBS TWO,0.4686,0.024,0.5074
CLUBS JACK HEARTS TWO,0.456,0.0234,0.5206
SPADES QUEEN DIAMONDS FIVE,0.3112,0.0448,0.644
HEARTS SIX CLUBS FIVE,0.5716,0.189,0.2394
HEARTS ACE CLUBS ACE,0.2036,0.0032,0.7932
CLUBS JACK CLUBS FIVE,0.3124,0.06,0.6276
DIAMONDS QUEEN CLUBS QUEEN,0.2196,0.0266,0.7538
HEARTS KING CLUBS ACE,0.4038,0.0044,0.5918
HEARTS TWO HEARTS QUEEN,0.4278,0.0152,0.557
HEARTS THREE HEARTS QUEEN,0.4108,0.0144,0.5748
DIAMONDS TWO DIAMONDS SEVEN,0.3594,0.3926,0.248
SPADES FIVE DIAMONDS FOUR,0.5744,0.1856,0.24
CLUBS FOUR HEARTS NINE,0.426,0.0448,0.5292
SPADES QUEEN CLUBS THREE,0.4522,0.0126,0.5352
SPADES QUEEN HEARTS TWO,0.4568,0.012,0.5312
SPADES TWO DIAMONDS FIVE,0.5818,0.1936,0.2246
SPADES KING SPADES FOUR,0.4234,0.008,0.5686
DIAMONDS ACE SPADES FIVE,0.3154,0.0224,0.6622
SPADES TEN HEARTS TEN,0.2118,0.059,0.7292
DIAMONDS EIGHT HEARTS JACK,0.3802,0.0182,0.6016
DIAMONDS TEN DIAMONDS SIX,0.3876,0.0268,0.5856
CLUBS SIX CLUBS FIVE,0.5466,0.187,0.2664
SPADES NINE DIAMONDS FOUR,0.4516,0.0394,0.509
SPADES JACK DIAMONDS JACK,0.2162,0.0458,0.738
DIAMONDS ACE DIAMONDS JACK,0.3822,0.005,0.6128
HEARTS TEN CLUBS QUEEN,0.372,0.0108,0.6172
SPADES FOUR HEARTS KING,0.439,0.0096,0.5514
CLUBS SIX DIAMONDS KING,0.428,0.0064,0.5656
SPADES KING CLUBS THREE,0.4608,0.0082,0.531
HEARTS THREE DIAMONDS SIX,0.5798,0.0982,0.322
SPADES FIVE HEARTS JACK,0.3066,0.062,0.6314
SPADES JACK SPADES SIX,0.4082,0.0194,0.5724
DIAMONDS THREE SPADES KING,0.462,0.0068,0.5312
CLUBS FIVE DIAMONDS EIGHT,0.2796,0.139,0.5814
DIAMONDS SEVEN HEARTS NINE,0.292,0.1116,0.5964
CLUBS NINE HEARTS THREE,0.4558,0.0412,0.503
SPADES TEN SPADES FOUR,0.4212,0.0284,0.5504
HEARTS EIGHT CLUBS SIX,0.3866,0.0628,0.5506
DIAMONDS KING CLUBS KING,0.223,0.0164,0.7606
SPADES QUEEN SPADES TWO,0.4326,0.0094,0.558
DIAMONDS JACK SPADES FIVE,0.3224,0.0582,0.6194
HEARTS THREE CLUBS ACE,0.4376,0.0032,0.5592
SPADES SEVEN SPADES FOUR,0.3566,0.3966,0.2468
SPADES JACK SPADES NINE,0.3722,0.0124,0.6154
SPADES ACE SPADES THREE,0.4146,0.0044,0.581
SPADES QUEEN DIAMONDS SIX,0.4242,0.0106,0.5652
HEARTS SIX DIAMONDS ACE,0.4246,0.0038,0.5716
DIAMONDS THREE SPADES TWO,0.606,0.0992,0.2948
DIAMONDS THREE DIAMONDS TWO,0.5784,0.0926,0.329
HEARTS FOUR DIAMONDS SEVEN,0.358,0.4318,0.2102
CLUBS TEN DIAMONDS FOUR,0.4514,0.0236,0.525
HEARTS FOUR SPADES JACK,0.447,0.0196,0.5334
CLUBS SEVEN CLUBS TWO,0.366,0.3922,0.2418
SPADES KING CLUBS SEVEN,0.3068,0.0382,0.655
CLUBS EIGHT SPADES NINE,0.376,0.0346,0.5894
DIAMONDS QUEEN CLUBS THREE,0.456,0.0148,0.5292
SPADES EIGHT DIAMONDS KING,0.4024,0.008,0.5896
DIAMONDS EIGHT DIAMONDS FOUR,0.4238,0.0544,0.5218
CLUBS TEN CLUBS SEVEN,0.279,0.0758,0.6452
SPADES ACE CLUBS ACE,0.216,0.0024,0.7816
DIAMONDS TEN CLUBS ACE,0.3976,0.005,0.5974
SPADES EIGHT SPADES FOUR,0.4138,0.061,0.5252
HEARTS FOUR CLUBS ACE,0.4248,0.0056,0.5696
DIAMONDS TWO HEARTS NINE,0.4538,0.047,0.4992
DIAMONDS QUEEN SPADES THREE,0.4594,0.0126,0.528
DIAMONDS KING SPADES THREE,0.4468,0.0102,0.543
DIAMONDS TWO DIAMONDS NINE,0.4344,0.0426,0.523
SPADES TEN SPADES SEVEN,0.2934,0.0788,0.6278
CLUBS SEVEN DIAMONDS ACE,0.3044,0.0254,0.6702
DIAMONDS THREE DIAMONDS ACE,0.4172,0.0052,0.5776
SPADES EIGHT DIAMONDS SIX,0.3906,0.0616,0.5478
DIAMONDS JACK HEARTS TEN,0.3692,0.0144,0.6164
HEARTS SIX SPADES TWO,0.5978,0.1006,0.3016
DIAMONDS TEN HEARTS KING,0.3862,0.0068,0.607
SPADES NINE CLUBS THREE,0.46,0.045,0.495
HEARTS JACK DIAMONDS FIVE,0.291,0.0626,0.6464
CLUBS NINE HEARTS TWO,0.46,0.0432,0.4968
DIAMONDS THREE CLUBS KING,0.4582,0.0074,0.5344
HEARTS SIX DIAMONDS TWO,0.5984,0.1038,0.2978
DIAMONDS THREE SPADES JACK,0.4476,0.0216,0.5308
SPADES NINE HEARTS ACE,0.3736,0.005,0.6214
CLUBS SIX SPADES THREE,0.5864,0.0972,0.3164
CLUBS TEN HEARTS NINE,0.37,0.0252,0.6048
DIAMONDS NINE CLUBS KING,0.4094,0.006,0.5846
CLUBS JACK SPADES THREE,0.4546,0.0204,0.525
DIAMONDS TEN CLUBS QUEEN,0.3764,0.0096,0.614
HEARTS THREE CLUBS KING,0.4524,0.0096,0.538
DIAMONDS THREE SPADES FIVE,0.5704,0.1848,0.2448
SPADES TWO HEARTS JACK,0.4504,0.0198,0.5298
SPADES KING DIAMONDS FIVE,0.3242,0.033,0.6428
DIAMONDS EIGHT HEARTS NINE,0.359,0.0386,0.6024
SPADES QUEEN DIAMONDS ACE,0.4122,0.0046,0.5832
SPADES EIGHT HEARTS QUEEN,0.3894,0.0146,0.596
HEARTS FOUR HEARTS KING,0.4046,0.0096,0.5858
DIAMONDS QUEEN DIAMONDS TEN,0.3586,0.011,0.6304
SPADES EIGHT HEARTS KING,0.3904,0.009,0.6006
SPADES ACE HEARTS EIGHT,0.386,0.0058,0.6082
HEARTS SIX DIAMONDS SIX,0.305,0.096,0.599
CLUBS FIVE CLUBS ACE,0.301,0.021,0.678
SPADES KING HEARTS TWO,0.4728,0.011,0.5162
DIAMONDS TWO DIAMONDS ACE,0.4334,0.004,0.5626
SPADES SIX CLUBS TWO,0.6016,0.0888,0.3096
CLUBS ACE DIAMONDS FIVE,0.3174,0.02,0.6626
HEARTS SIX DIAMONDS TEN,0.394,0.032,0.574
HEARTS EIGHT DIAMONDS SIX,0.3874,0.0596,0.553
SPADES KING HEARTS ACE,0.3852,0.0058,0.609
CLUBS SEVEN DIAMONDS JACK,0.3188,0.0638,0.6174
SPADES NINE DIAMONDS NINE,0.1988,0.0648,0.7364
HEARTS FOUR HEARTS ACE,0.3834,0.0074,0.6092
SPADES KING CLUBS FOUR,0.4488,0.0082,0.543
CLUBS SEVEN DIAMONDS EIGHT,0.2854,0.1256,0.589
CLUBS FIVE CLUBS THREE,0.5288,0.187,0.2842
CLUBS EIGHT CLUBS FIVE,0.2802,0.1304,0.5894
DIAMONDS TWO HEARTS JACK,0.4458,0.016,0.5382
CLUBS ACE HEARTS JACK,0.3998,0.006,0.5942
DIAMONDS SIX CLUBS KING,0.4236,0.006,0.5704
HEARTS THREE HEARTS TWO,0.5936,0.0998,0.3066
DIAMONDS TWO HEARTS KING,0.4548,0.0088,0.5364
DIAMONDS TWO CLUBS EIGHT,0.4592,0.0644,0.4764
HEARTS EIGHT CLUBS THREE,0.4478,0.0634,0.4888
HEARTS FOUR HEARTS TEN,0.3878,0.0302,0.582
DIAMONDS QUEEN DIAMONDS JACK,0.377,0.0104,0.6126
CLUBS FOUR SPADES TWO,0.5974,0.0972,0.3054
HEARTS FOUR CLUBS FOUR,0.3902,0.1126,0.4972
HEARTS KING CLUBS QUEEN,0.3834,0.0064,0.6102
SPADES NINE CLUBS TWO,0.4672,0.04,0.4928
SPADES FOUR DIAMONDS FOUR,0.3948,0.1126,0.4926
CLUBS TEN HEARTS FOUR,0.4432,0.0302,0.5266
CLUBS FIVE HEARTS NINE,0.2922,0.1012,0.6066
CLUBS TEN SPADES JACK,0.3838,0.014,0.6022
SPADES KING DIAMONDS ACE,0.411,0.004,0.585
CLUBS QUEEN DIAMONDS FOUR,0.4482,0.0118,0.54
HEARTS THREE DIAMONDS FIVE,0.5606,0.1882,0.2512
DIAMONDS THREE CLUBS NINE,0.4588,0.0374,0.5038
DIAMONDS EIGHT DIAMONDS SEVEN,0.2796,0.1336,0.5868
CLUBS THREE CLUBS ACE,0.4202,0.005,0.5748
CLUBS SIX DIAMONDS JACK,0.4456,0.0166,0.5378
CLUBS FOUR HEARTS QUEEN,0.4288,0.0124,0.5588
SPADES FIVE HEARTS QUEEN,0.3054,0.0466,0.648
CLUBS SIX DIAMONDS FIVE,0.5802,0.1972,0.2226
SPADES NINE SPADES THREE,0.419,0.0444,0.5366
CLUBS SEVEN HEARTS TWO,0.3818,0.4246,0.1936
CLUBS NINE HEARTS KING,0.3768,0.0082,0.615
DIAMONDS ACE SPADES SEVEN,0.3218,0.0314,0.6468
CLUBS TEN DIAMONDS EIGHT,0.391,0.0288,0.5802
DIAMONDS THREE CLUBS TEN,0.452,0.0262,0.5218
CLUBS NINE HEARTS FOUR,0.4432,0.041,0.5158
SPADES JACK DIAMONDS SIX,0.4304,0.0192,0.5504
DIAMONDS EIGHT CLUBS QUEEN,0.409,0.0116,0.5794
DIAMONDS KING HEARTS TEN,0.389,0.0094,0.6016
SPADES NINE CLUBS KING,0.4082,0.0072,0.5846
SPADES SIX DIAMONDS JACK,0.4422,0.0146,0.5432
SPADES ACE DIAMONDS TWO,0.468,0.0046,0.5274
CLUBS EIGHT DIAMONDS JACK,0.4016,0.0138,0.5846
HEARTS EIGHT SPADES JACK,0.3854,0.0156,0.599
