opposingHand,winningChance,drawChance,lostChance
HEARTS THREE SPADES TWO
HEARTS FIVE SPADES TEN,0.3342,0.0346,0.6312
HEARTS FIVE SPADES JACK,0.3404,0.0204,0.6392
SPADES FIVE CLUBS JACK,0.3362,0.0204,0.6434
CLUBS TEN SPADES FIVE,0.3374,0.0302,0.6324
CLUBS EIGHT CLUBS JACK,0.3056,0.0178,0.6766
CLUBS TEN CLUBS EIGHT,0.3138,0.03,0.6562
CLUBS EIGHT CLUBS KING,0.3184,0.0088,0.6728
SPADES FIVE CLUBS ACE,0.3264,0.0072,0.6664
CLUBS EIGHT CLUBS QUEEN,0.3106,0.0102,0.6792
SPADES FIVE CLUBS KING,0.3354,0.01,0.6546
SPADES FIVE CLUBS QUEEN,0.3396,0.0148,0.6456
CLUBS EIGHT CLUBS ACE,0.3168,0.0058,0.6774
DIAMONDS TWO DIAMONDS THREE,0.0218,0.9036,0.0746
DIAMONDS TWO DIAMONDS FIVE,0.214,0.3546,0.4314
HEARTS FIVE SPADES KING,0.3334,0.0106,0.656
DIAMONDS TWO DIAMONDS FOUR,0.2096,0.4798,0.3106
HEARTS FIVE SPADES QUEEN,0.333,0.0156,0.6514
DIAMONDS TWO DIAMONDS SEVEN,0.2358,0.196,0.5682
DIAMONDS TWO DIAMONDS SIX,0.2396,0.258,0.5024
SPADES ACE HEARTS FIVE,0.3164,0.0076,0.676
DIAMONDS TWO DIAMONDS NINE,0.2384,0.099,0.6626
DIAMONDS TWO DIAMONDS EIGHT,0.2368,0.1376,0.6256
DIAMONDS THREE DIAMONDS FOUR,0.192,0.478,0.33
CLUBS TWO SPADES FOUR,0.2178,0.514,0.2682
DIAMONDS THREE DIAMONDS FIVE,0.2036,0.3492,0.4472
SPADES FIVE CLUBS TWO,0.2172,0.3828,0.4
CLUBS TWO SPADES THREE,0.009,0.9716,0.0194
DIAMONDS THREE DIAMONDS EIGHT,0.251,0.1388,0.6102
SPADES EIGHT CLUBS TWO,0.2506,0.1448,0.6046
DIAMONDS THREE DIAMONDS NINE,0.2456,0.1004,0.654
SPADES NINE CLUBS TWO,0.2554,0.1022,0.6424
DIAMONDS THREE DIAMONDS SIX,0.2266,0.2516,0.5218
SPADES SIX CLUBS TWO,0.2448,0.2794,0.4758
DIAMONDS THREE DIAMONDS SEVEN,0.2144,0.2012,0.5844
SPADES SEVEN CLUBS TWO,0.2608,0.194,0.5452
CLUBS SIX CLUBS TWO,0.244,0.2516,0.5044
CLUBS SEVEN CLUBS TWO,0.2408,0.183,0.5762
CLUBS FOUR CLUBS TWO,0.2128,0.4712,0.316
CLUBS FIVE CLUBS TWO,0.2066,0.351,0.4424
CLUBS TEN CLUBS JACK,0.3178,0.0138,0.6684
DIAMONDS FOUR DIAMONDS SIX,0.3006,0.1534,0.546
CLUBS TEN CLUBS QUEEN,0.3074,0.0128,0.6798
DIAMONDS FOUR DIAMONDS SEVEN,0.307,0.103,0.59
CLUBS TEN CLUBS KING,0.314,0.007,0.679
CLUBS TEN CLUBS ACE,0.3164,0.0044,0.6792
CLUBS EIGHT CLUBS TWO,0.2424,0.1448,0.6128
DIAMONDS FIVE DIAMONDS FOUR,0.2728,0.2308,0.4964
CLUBS NINE CLUBS TWO,0.249,0.0986,0.6524
DIAMONDS NINE DIAMONDS FOUR,0.3246,0.0426,0.6328
DIAMONDS EIGHT DIAMONDS FOUR,0.3214,0.0748,0.6038
CLUBS THREE CLUBS TWO,0.0218,0.9128,0.0654
DIAMONDS NINE DIAMONDS FIVE,0.3258,0.0404,0.6338
DIAMONDS TWO CLUBS JACK,0.271,0.0566,0.6724
DIAMONDS EIGHT DIAMONDS FIVE,0.316,0.064,0.62
CLUBS TEN DIAMONDS TWO,0.2676,0.0746,0.6578
DIAMONDS FIVE DIAMONDS SEVEN,0.2906,0.098,0.6114
DIAMONDS FIVE DIAMONDS SIX,0.2958,0.1402,0.564
DIAMONDS TWO CLUBS ACE,0.2388,0.0156,0.7456
DIAMONDS TWO CLUBS KING,0.2698,0.0284,0.7018
DIAMONDS TWO CLUBS QUEEN,0.2538,0.0412,0.705
DIAMONDS EIGHT DIAMONDS SIX,0.3096,0.0626,0.6278
DIAMONDS NINE DIAMONDS SIX,0.3262,0.04,0.6338
HEARTS ACE SPADES THREE,0.2194,0.0192,0.7614
SPADES THREE HEARTS KING,0.2514,0.0342,0.7144
DIAMONDS SEVEN DIAMONDS SIX,0.3064,0.0964,0.5972
HEARTS QUEEN SPADES THREE,0.2454,0.0458,0.7088
SPADES THREE HEARTS JACK,0.2474,0.0606,0.692
SPADES THREE HEARTS TEN,0.2394,0.0876,0.673
DIAMONDS EIGHT DIAMONDS SEVEN,0.295,0.054,0.651
DIAMONDS NINE DIAMONDS SEVEN,0.3182,0.0396,0.6422
DIAMONDS NINE DIAMONDS EIGHT,0.3116,0.0444,0.644
DIAMONDS KING HEARTS TEN,0.3484,0.008,0.6436
SPADES JACK CLUBS SIX,0.3488,0.0212,0.63
DIAMONDS KING HEARTS JACK,0.3372,0.009,0.6538
SPADES TEN CLUBS SIX,0.3444,0.0294,0.6262
SPADES JACK SPADES FIVE,0.328,0.0196,0.6524
SPADES TEN SPADES FIVE,0.3202,0.0318,0.648
DIAMONDS KING HEARTS ACE,0.3374,0.0058,0.6568
SPADES ACE CLUBS SIX,0.348,0.0064,0.6456
DIAMONDS KING HEARTS QUEEN,0.3392,0.0088,0.652
SPADES KING CLUBS SIX,0.3472,0.0112,0.6416
DIAMONDS KING HEARTS KING,0.1512,0.0178,0.831
SPADES QUEEN CLUBS SIX,0.3432,0.0132,0.6436
SPADES NINE HEARTS TEN,0.3152,0.0248,0.66
SPADES NINE HEARTS JACK,0.345,0.0172,0.6378
SPADES QUEEN SPADES FIVE,0.32,0.0174,0.6626
SPADES KING SPADES FIVE,0.3272,0.0108,0.662
SPADES ACE SPADES FIVE,0.3194,0.0064,0.6742
SPADES NINE HEARTS QUEEN,0.3296,0.0098,0.6606
SPADES NINE HEARTS KING,0.329,0.0118,0.6592
SPADES NINE HEARTS ACE,0.3244,0.0052,0.6704
CLUBS TEN SPADES JACK,0.3376,0.0132,0.6492
CLUBS TEN SPADES TEN,0.14,0.0736,0.7864
SPADES ACE CLUBS TEN,0.336,0.0048,0.6592
SPADES KING CLUBS TEN,0.3342,0.009,0.6568
CLUBS TEN SPADES QUEEN,0.3292,0.0104,0.6604
SPADES FIVE HEARTS QUEEN,0.3388,0.0164,0.6448
SPADES FIVE HEARTS KING,0.3324,0.013,0.6546
HEARTS ACE SPADES FIVE,0.3232,0.0064,0.6704
CLUBS EIGHT SPADES TEN,0.324,0.0262,0.6498
SPADES JACK DIAMONDS KING,0.329,0.0092,0.6618
SPADES TEN DIAMONDS KING,0.3324,0.0068,0.6608
SPADES JACK CLUBS EIGHT,0.3334,0.0196,0.647
CLUBS SIX HEARTS ACE,0.3496,0.0068,0.6436
SPADES ACE CLUBS EIGHT,0.3364,0.0042,0.6594
HEARTS FIVE CLUBS JACK,0.3488,0.0214,0.6298
HEARTS FIVE CLUBS TEN,0.345,0.0304,0.6246
CLUBS SIX HEARTS QUEEN,0.3354,0.0128,0.6518
SPADES QUEEN CLUBS EIGHT,0.3394,0.014,0.6466
CLUBS TEN SPADES THREE,0.2508,0.079,0.6702
CLUBS SIX HEARTS KING,0.3484,0.0102,0.6414
SPADES KING CLUBS EIGHT,0.3448,0.0086,0.6466
SPADES THREE CLUBS JACK,0.2604,0.0624,0.6772
DIAMONDS TWO HEARTS JACK,0.2526,0.0574,0.69
SPADES THREE CLUBS QUEEN,0.248,0.0416,0.7104
DIAMONDS TWO HEARTS TEN,0.2514,0.0796,0.669
SPADES THREE CLUBS KING,0.2436,0.0354,0.721
HEARTS FIVE CLUBS ACE,0.3224,0.0058,0.6718
SPADES FIVE HEARTS TEN,0.3356,0.0364,0.628
SPADES THREE CLUBS ACE,0.2308,0.023,0.7462
HEARTS FIVE CLUBS KING,0.3346,0.0138,0.6516
SPADES FIVE HEARTS JACK,0.3382,0.0214,0.6404
HEARTS FIVE CLUBS QUEEN,0.3416,0.0142,0.6442
DIAMONDS KING CLUBS KING,0.154,0.021,0.825
DIAMONDS KING CLUBS QUEEN,0.3416,0.0094,0.649
HEARTS FIVE HEARTS JACK,0.3318,0.0228,0.6454
HEARTS FIVE HEARTS TEN,0.3246,0.0288,0.6466
DIAMONDS KING CLUBS ACE,0.343,0.005,0.652
SPADES ACE CLUBS QUEEN,0.3436,0.005,0.6514
SPADES KING CLUBS QUEEN,0.3316,0.0078,0.6606
DIAMONDS KING CLUBS JACK,0.3464,0.0084,0.6452
SPADES QUEEN CLUBS QUEEN,0.1476,0.0338,0.8186
CLUBS TEN DIAMONDS KING,0.3412,0.009,0.6498
SPADES JACK CLUBS QUEEN,0.3254,0.0144,0.6602
CLUBS SIX CLUBS QUEEN,0.3204,0.0138,0.6658
SPADES TEN CLUBS QUEEN,0.3236,0.0124,0.664
CLUBS SIX CLUBS KING,0.3096,0.0136,0.6768
CLUBS SIX CLUBS ACE,0.3198,0.0066,0.6736
HEARTS FIVE HEARTS KING,0.3352,0.0096,0.6552
HEARTS FIVE HEARTS QUEEN,0.3314,0.016,0.6526
CLUBS TEN CLUBS SIX,0.3216,0.0256,0.6528
HEARTS FIVE HEARTS ACE,0.3158,0.0062,0.678
CLUBS SIX CLUBS JACK,0.3168,0.02,0.6632
SPADES SEVEN HEARTS JACK,0.3302,0.0178,0.652
SPADES SEVEN HEARTS TEN,0.3406,0.0278,0.6316
DIAMONDS TWO CLUBS TWO,0.2258,0.1272,0.647
DIAMONDS TWO CLUBS THREE,0.0206,0.959,0.0204
DIAMONDS TWO HEARTS SIX,0.2492,0.2682,0.4826
DIAMONDS TWO HEARTS QUEEN,0.254,0.0346,0.7114
HEARTS SEVEN DIAMONDS TWO,0.2542,0.1962,0.5496
DIAMONDS TWO HEARTS KING,0.268,0.0304,0.7016
DIAMONDS TWO HEARTS EIGHT,0.2446,0.148,0.6074
DIAMONDS TWO HEARTS ACE,0.2312,0.014,0.7548
DIAMONDS TWO HEARTS NINE,0.262,0.0982,0.6398
DIAMONDS TWO DIAMONDS QUEEN,0.259,0.0398,0.7012
DIAMONDS TWO HEARTS TWO,0.221,0.1404,0.6386
DIAMONDS TWO DIAMONDS KING,0.244,0.025,0.731
DIAMONDS TWO DIAMONDS ACE,0.2266,0.0168,0.7566
HEARTS FOUR DIAMONDS TWO,0.2134,0.5068,0.2798
HEARTS FIVE DIAMONDS TWO,0.2164,0.3756,0.408
SPADES SEVEN HEARTS ACE,0.3284,0.0058,0.6658
DIAMONDS TWO DIAMONDS TEN,0.2444,0.0814,0.6742
SPADES SEVEN HEARTS KING,0.3466,0.0092,0.6442
DIAMONDS TWO DIAMONDS JACK,0.2396,0.0574,0.703
SPADES SEVEN HEARTS QUEEN,0.3318,0.0156,0.6526
DIAMONDS TWO SPADES NINE,0.2476,0.112,0.6404
DIAMONDS TWO SPADES EIGHT,0.2534,0.1424,0.6042
DIAMONDS TWO SPADES SEVEN,0.2548,0.1986,0.5466
DIAMONDS TWO SPADES SIX,0.2486,0.269,0.4824
DIAMONDS TWO SPADES FIVE,0.2172,0.3716,0.4112
DIAMONDS TWO SPADES FOUR,0.2272,0.4968,0.276
DIAMONDS TWO SPADES THREE,0.0104,0.974,0.0156
CLUBS NINE DIAMONDS TWO,0.2686,0.1046,0.6268
DIAMONDS TWO CLUBS EIGHT,0.2596,0.1466,0.5938
CLUBS SEVEN DIAMONDS TWO,0.255,0.1934,0.5516
DIAMONDS TWO CLUBS SIX,0.2534,0.2676,0.479
DIAMONDS TWO CLUBS FIVE,0.2202,0.3696,0.4102
DIAMONDS TWO CLUBS FOUR,0.2248,0.4928,0.2824
CLUBS FOUR SPADES FIVE,0.2926,0.2392,0.4682
CLUBS FOUR SPADES FOUR,0.1096,0.18,0.7104
CLUBS FOUR SPADES THREE,0.211,0.505,0.284
SPADES NINE CLUBS FOUR,0.3388,0.0436,0.6176
SPADES EIGHT CLUBS FOUR,0.337,0.0776,0.5854
SPADES SEVEN CLUBS FOUR,0.3196,0.1028,0.5776
CLUBS FOUR SPADES SIX,0.3354,0.1592,0.5054
SPADES ACE DIAMONDS SIX,0.3374,0.0038,0.6588
SPADES QUEEN DIAMONDS SIX,0.3428,0.0166,0.6406
SPADES KING DIAMONDS SIX,0.3478,0.0086,0.6436
SPADES TEN DIAMONDS SIX,0.336,0.0304,0.6336
SPADES JACK DIAMONDS SIX,0.342,0.0186,0.6394
DIAMONDS JACK CLUBS JACK,0.151,0.05,0.799
CLUBS TEN DIAMONDS JACK,0.337,0.0158,0.6472
DIAMONDS JACK CLUBS KING,0.3482,0.0054,0.6464
DIAMONDS JACK CLUBS QUEEN,0.3368,0.0104,0.6528
DIAMONDS THREE DIAMONDS JACK,0.245,0.0652,0.6898
DIAMONDS THREE DIAMONDS TEN,0.239,0.0734,0.6876
DIAMONDS JACK CLUBS ACE,0.3424,0.0064,0.6512
DIAMONDS THREE DIAMONDS KING,0.2404,0.0272,0.7324
DIAMONDS THREE DIAMONDS QUEEN,0.2318,0.0422,0.726
DIAMONDS THREE HEARTS TWO,0.0178,0.9726,0.0096
HEARTS FIVE DIAMONDS THREE,0.2272,0.3782,0.3946
DIAMONDS THREE DIAMONDS ACE,0.23,0.0188,0.7512
HEARTS FOUR DIAMONDS THREE,0.21,0.4964,0.2936
HEARTS SEVEN DIAMONDS THREE,0.2424,0.1896,0.568
SPADES TEN SPADES NINE,0.3128,0.0234,0.6638
HEARTS SIX DIAMONDS THREE,0.2396,0.2762,0.4842
SPADES JACK SPADES NINE,0.3204,0.017,0.6626
DIAMONDS THREE HEARTS NINE,0.2514,0.1082,0.6404
HEARTS JACK DIAMONDS FOUR,0.3448,0.0246,0.6306
HEARTS ACE HEARTS KING,0.327,0.0068,0.6662
DIAMONDS THREE HEARTS EIGHT,0.2536,0.1496,0.5968
HEARTS TEN DIAMONDS FOUR,0.3398,0.0324,0.6278
HEARTS QUEEN DIAMONDS FOUR,0.3422,0.0144,0.6434
HEARTS KING DIAMONDS FOUR,0.325,0.0102,0.6648
SPADES ACE SPADES NINE,0.3248,0.0058,0.6694
HEARTS ACE DIAMONDS FOUR,0.3236,0.0074,0.669
SPADES KING SPADES NINE,0.3236,0.0094,0.667
SPADES QUEEN SPADES NINE,0.3184,0.011,0.6706
DIAMONDS THREE SPADES NINE,0.2596,0.1132,0.6272
DIAMONDS THREE SPADES EIGHT,0.2502,0.151,0.5988
DIAMONDS THREE SPADES SEVEN,0.2336,0.1968,0.5696
DIAMONDS THREE SPADES SIX,0.2392,0.2736,0.4872
DIAMONDS THREE CLUBS SIX,0.2564,0.2816,0.462
CLUBS FIVE CLUBS SIX,0.2972,0.14,0.5628
CLUBS ACE DIAMONDS FOUR,0.33,0.008,0.662
CLUBS SEVEN DIAMONDS THREE,0.2338,0.2058,0.5604
CLUBS SEVEN CLUBS FIVE,0.2956,0.0988,0.6056
DIAMONDS THREE CLUBS FOUR,0.2128,0.4968,0.2904
DIAMONDS FOUR CLUBS QUEEN,0.3556,0.0156,0.6288
DIAMONDS THREE CLUBS FIVE,0.227,0.36,0.413
CLUBS KING DIAMONDS FOUR,0.3418,0.0084,0.6498
DIAMONDS THREE CLUBS TWO,0.0218,0.9556,0.0226
CLUBS TEN DIAMONDS FOUR,0.3492,0.028,0.6228
DIAMONDS THREE CLUBS THREE,0.0786,0.1488,0.7726
DIAMONDS FOUR CLUBS JACK,0.342,0.0184,0.6396
DIAMONDS THREE SPADES FOUR,0.2158,0.5006,0.2836
DIAMONDS THREE SPADES FIVE,0.2076,0.3792,0.4132
DIAMONDS THREE SPADES THREE,0.071,0.145,0.784
CLUBS EIGHT DIAMONDS THREE,0.2588,0.1394,0.6018
CLUBS NINE DIAMONDS THREE,0.2652,0.1046,0.6302
SPADES SEVEN CLUBS ACE,0.3396,0.0048,0.6556
SPADES SEVEN CLUBS QUEEN,0.3436,0.0106,0.6458
SPADES SEVEN CLUBS KING,0.3434,0.0072,0.6494
CLUBS FIVE SPADES SEVEN,0.323,0.0988,0.5782
CLUBS TEN SPADES SEVEN,0.3276,0.0286,0.6438
CLUBS FIVE SPADES SIX,0.3062,0.157,0.5368
SPADES SEVEN CLUBS JACK,0.3328,0.0198,0.6474
CLUBS FIVE SPADES NINE,0.3374,0.0484,0.6142
CLUBS FIVE SPADES EIGHT,0.3384,0.0726,0.589
CLUBS FIVE SPADES THREE,0.213,0.3722,0.4148
CLUBS FIVE SPADES FIVE,0.108,0.151,0.741
CLUBS FIVE SPADES FOUR,0.3026,0.2418,0.4556
CLUBS NINE CLUBS FIVE,0.3226,0.0452,0.6322
CLUBS EIGHT CLUBS FIVE,0.312,0.0632,0.6248
CLUBS ACE CLUBS QUEEN,0.3188,0.0068,0.6744
CLUBS KING CLUBS QUEEN,0.3254,0.0096,0.665
DIAMONDS TEN DIAMONDS FOUR,0.3214,0.0282,0.6504
CLUBS TEN DIAMONDS NINE,0.332,0.0242,0.6438
DIAMONDS JACK DIAMONDS FOUR,0.3102,0.0238,0.666
DIAMONDS NINE CLUBS JACK,0.3492,0.0152,0.6356
SPADES NINE CLUBS JACK,0.3262,0.0202,0.6536
CLUBS TEN SPADES NINE,0.3348,0.0246,0.6406
DIAMONDS ACE DIAMONDS FOUR,0.3056,0.0078,0.6866
HEARTS FOUR DIAMONDS FOUR,0.1162,0.1656,0.7182
DIAMONDS JACK HEARTS TEN,0.324,0.0148,0.6612
SPADES NINE CLUBS KING,0.3392,0.0068,0.654
DIAMONDS TWO SPADES TEN,0.2582,0.0714,0.6704
DIAMONDS NINE CLUBS ACE,0.345,0.0052,0.6498
HEARTS FIVE DIAMONDS FOUR,0.2974,0.2458,0.4568
DIAMONDS JACK HEARTS JACK,0.1478,0.0532,0.799
SPADES NINE CLUBS QUEEN,0.3208,0.0132,0.666
DIAMONDS TWO SPADES JACK,0.2556,0.0588,0.6856
DIAMONDS QUEEN DIAMONDS FOUR,0.3302,0.0134,0.6564
HEARTS TWO DIAMONDS FOUR,0.234,0.4954,0.2706
DIAMONDS NINE CLUBS QUEEN,0.3442,0.0132,0.6426
DIAMONDS KING DIAMONDS FOUR,0.3236,0.012,0.6644
SPADES NINE CLUBS ACE,0.3306,0.004,0.6654
DIAMONDS NINE CLUBS KING,0.3468,0.0088,0.6444
HEARTS ACE DIAMONDS JACK,0.3334,0.005,0.6616
SPADES ACE DIAMONDS TWO,0.2366,0.016,0.7474
HEARTS QUEEN DIAMONDS JACK,0.3336,0.014,0.6524
SPADES QUEEN DIAMONDS TWO,0.2578,0.0364,0.7058
DIAMONDS JACK HEARTS KING,0.333,0.0084,0.6586
SPADES KING DIAMONDS TWO,0.2542,0.0296,0.7162
SPADES JACK SPADES SEVEN,0.3194,0.0194,0.6612
SPADES TEN SPADES SEVEN,0.3132,0.028,0.6588
CLUBS SEVEN CLUBS THREE,0.2198,0.1904,0.5898
CLUBS SIX CLUBS THREE,0.2324,0.2638,0.5038
CLUBS FIVE CLUBS THREE,0.2166,0.3476,0.4358
CLUBS THREE CLUBS FOUR,0.2108,0.4602,0.329
CLUBS NINE CLUBS THREE,0.2452,0.111,0.6438
CLUBS EIGHT CLUBS THREE,0.2416,0.1374,0.621
CLUBS THREE SPADES FIVE,0.2136,0.3794,0.407
CLUBS THREE SPADES FOUR,0.207,0.5032,0.2898
CLUBS THREE SPADES THREE,0.0782,0.1352,0.7866
CLUBS THREE SPADES SIX,0.237,0.271,0.492
CLUBS THREE SPADES SEVEN,0.2234,0.1978,0.5788
SPADES EIGHT CLUBS THREE,0.2444,0.1484,0.6072
SPADES NINE CLUBS THREE,0.2568,0.107,0.6362
SPADES THREE DIAMONDS FOUR,0.2198,0.4874,0.2928
SPADES FOUR DIAMONDS FOUR,0.1112,0.1528,0.736
SPADES FIVE DIAMONDS FOUR,0.2918,0.237,0.4712
SPADES SIX DIAMONDS FOUR,0.3024,0.1678,0.5298
SPADES SEVEN DIAMONDS FOUR,0.3202,0.1148,0.565
SPADES EIGHT DIAMONDS FOUR,0.3366,0.07,0.5934
SPADES NINE DIAMONDS FOUR,0.3416,0.0494,0.609
CLUBS FIVE DIAMONDS FOUR,0.297,0.2476,0.4554
CLUBS FOUR DIAMONDS FOUR,0.1118,0.1646,0.7236
CLUBS SEVEN DIAMONDS FOUR,0.32,0.1072,0.5728
CLUBS SIX DIAMONDS FOUR,0.3208,0.1602,0.519
CLUBS NINE DIAMONDS FOUR,0.3382,0.0472,0.6146
CLUBS EIGHT DIAMONDS FOUR,0.3508,0.0622,0.587
HEARTS SEVEN DIAMONDS FOUR,0.3232,0.113,0.5638
HEARTS SIX DIAMONDS FOUR,0.315,0.1576,0.5274
DIAMONDS FOUR HEARTS NINE,0.3414,0.0418,0.6168
DIAMONDS FOUR HEARTS EIGHT,0.342,0.0724,0.5856
CLUBS THREE DIAMONDS FOUR,0.2186,0.5012,0.2802
CLUBS TWO DIAMONDS FOUR,0.2236,0.505,0.2714
DIAMONDS TEN DIAMONDS FIVE,0.3342,0.0316,0.6342
DIAMONDS JACK DIAMONDS FIVE,0.3186,0.0242,0.6572
DIAMONDS NINE HEARTS QUEEN,0.341,0.0104,0.6486
DIAMONDS NINE HEARTS KING,0.3404,0.008,0.6516
HEARTS ACE DIAMONDS NINE,0.3336,0.007,0.6594
DIAMONDS NINE HEARTS TEN,0.3274,0.0262,0.6464
DIAMONDS NINE HEARTS JACK,0.3256,0.0184,0.656
CLUBS KING DIAMONDS SIX,0.344,0.01,0.646
CLUBS QUEEN DIAMONDS SIX,0.3464,0.0138,0.6398
CLUBS ACE DIAMONDS SIX,0.3426,0.0086,0.6488
SPADES KING DIAMONDS FOUR,0.3328,0.0094,0.6578
SPADES ACE SPADES SEVEN,0.333,0.005,0.662
SPADES QUEEN DIAMONDS FOUR,0.3416,0.0182,0.6402
SPADES QUEEN SPADES SEVEN,0.3298,0.0128,0.6574
CLUBS JACK DIAMONDS SIX,0.3376,0.0176,0.6448
SPADES KING SPADES SEVEN,0.326,0.009,0.665
SPADES ACE DIAMONDS FOUR,0.3278,0.007,0.6652
CLUBS TEN DIAMONDS SIX,0.34,0.0304,0.6296
CLUBS NINE CLUBS FOUR,0.3184,0.047,0.6346
CLUBS EIGHT CLUBS FOUR,0.3232,0.0622,0.6146
SPADES JACK DIAMONDS FOUR,0.3524,0.0228,0.6248
SPADES TEN DIAMONDS FOUR,0.3454,0.032,0.6226
CLUBS FIVE CLUBS FOUR,0.2784,0.2224,0.4992
CLUBS SEVEN CLUBS FOUR,0.3228,0.1016,0.5756
CLUBS SIX CLUBS FOUR,0.3062,0.1526,0.5412
CLUBS SEVEN SPADES EIGHT,0.3078,0.0644,0.6278
CLUBS SEVEN SPADES NINE,0.3184,0.0444,0.6372
CLUBS SEVEN SPADES SIX,0.3148,0.1048,0.5804
CLUBS SEVEN SPADES SEVEN,0.136,0.1178,0.7462
CLUBS SEVEN SPADES FIVE,0.3286,0.0984,0.573
CLUBS SEVEN SPADES FOUR,0.3286,0.1054,0.566
CLUBS SEVEN SPADES THREE,0.2364,0.2,0.5636
CLUBS NINE CLUBS SEVEN,0.3122,0.0442,0.6436
CLUBS SEVEN CLUBS EIGHT,0.302,0.056,0.642
HEARTS SIX DIAMONDS FIVE,0.3202,0.1428,0.537
HEARTS SEVEN DIAMONDS FIVE,0.3164,0.1108,0.5728
DIAMONDS FIVE HEARTS EIGHT,0.324,0.0706,0.6054
DIAMONDS FIVE HEARTS NINE,0.3326,0.0524,0.615
DIAMONDS QUEEN DIAMONDS FIVE,0.3142,0.0134,0.6724
HEARTS TWO DIAMONDS FIVE,0.225,0.3778,0.3972
HEARTS KING HEARTS EIGHT,0.3146,0.0098,0.6756
DIAMONDS KING DIAMONDS FIVE,0.3232,0.01,0.6668
HEARTS QUEEN HEARTS EIGHT,0.324,0.014,0.662
DIAMONDS ACE DIAMONDS FIVE,0.3144,0.0066,0.679
HEARTS FOUR DIAMONDS FIVE,0.292,0.2282,0.4798
HEARTS FIVE DIAMONDS FIVE,0.1038,0.1492,0.747
HEARTS ACE HEARTS EIGHT,0.3232,0.0062,0.6706
CLUBS FOUR DIAMONDS FIVE,0.294,0.2378,0.4682
CLUBS FIVE DIAMONDS FIVE,0.1182,0.1518,0.73
CLUBS SIX DIAMONDS FIVE,0.3194,0.1512,0.5294
CLUBS SEVEN DIAMONDS FIVE,0.3228,0.108,0.5692
CLUBS TWO DIAMONDS FIVE,0.2236,0.3674,0.409
CLUBS THREE DIAMONDS FIVE,0.2218,0.3636,0.4146
SPADES THREE DIAMONDS FIVE,0.2088,0.3828,0.4084
SPADES JACK DIAMONDS EIGHT,0.333,0.0176,0.6494
SPADES FIVE DIAMONDS FIVE,0.1106,0.151,0.7384
CLUBS TEN HEARTS JACK,0.3198,0.019,0.6612
SPADES TEN DIAMONDS EIGHT,0.3188,0.0308,0.6504
SPADES FOUR DIAMONDS FIVE,0.303,0.2436,0.4534
HEARTS JACK CLUBS JACK,0.1396,0.057,0.8034
HEARTS JACK CLUBS QUEEN,0.327,0.01,0.663
CLUBS NINE DIAMONDS FIVE,0.3418,0.0432,0.615
CLUBS KING HEARTS JACK,0.3444,0.0072,0.6484
CLUBS EIGHT DIAMONDS FIVE,0.33,0.0662,0.6038
CLUBS ACE HEARTS JACK,0.341,0.0076,0.6514
SPADES SEVEN DIAMONDS FIVE,0.3174,0.102,0.5806
SPADES KING DIAMONDS EIGHT,0.3298,0.007,0.6632
SPADES QUEEN DIAMONDS EIGHT,0.3356,0.0136,0.6508
SPADES SIX DIAMONDS FIVE,0.2976,0.1594,0.543
SPADES NINE DIAMONDS FIVE,0.3342,0.049,0.6168
SPADES EIGHT DIAMONDS FIVE,0.335,0.0668,0.5982
SPADES ACE DIAMONDS EIGHT,0.3238,0.0052,0.671
DIAMONDS TEN DIAMONDS SIX,0.3286,0.0332,0.6382
HEARTS ACE DIAMONDS SEVEN,0.326,0.0056,0.6684
DIAMONDS JACK DIAMONDS SIX,0.3312,0.021,0.6478
HEARTS QUEEN DIAMONDS SEVEN,0.345,0.0168,0.6382
HEARTS KING DIAMONDS SEVEN,0.3368,0.0084,0.6548
DIAMONDS ACE DIAMONDS SIX,0.3106,0.005,0.6844
HEARTS FOUR DIAMONDS SIX,0.3144,0.164,0.5216
HEARTS FIVE DIAMONDS SIX,0.312,0.141,0.547
DIAMONDS QUEEN DIAMONDS SIX,0.3252,0.0132,0.6616
HEARTS TWO DIAMONDS SIX,0.2432,0.2638,0.493
DIAMONDS KING DIAMONDS SIX,0.3132,0.0084,0.6784
HEARTS EIGHT DIAMONDS SIX,0.3298,0.0626,0.6076
HEARTS NINE DIAMONDS SIX,0.34,0.048,0.612
HEARTS SIX DIAMONDS SIX,0.1224,0.1336,0.744
HEARTS SEVEN DIAMONDS SIX,0.3182,0.1004,0.5814
HEARTS TEN DIAMONDS SEVEN,0.3278,0.0258,0.6464
CLUBS TWO DIAMONDS SIX,0.248,0.2536,0.4984
HEARTS JACK DIAMONDS SEVEN,0.3274,0.0202,0.6524
CLUBS THREE DIAMONDS SIX,0.255,0.2614,0.4836
CLUBS SEVEN DIAMONDS SIX,0.3308,0.101,0.5682
DIAMONDS EIGHT CLUBS JACK,0.329,0.018,0.653
CLUBS SIX DIAMONDS SIX,0.1294,0.1332,0.7374
CLUBS TEN DIAMONDS EIGHT,0.338,0.0278,0.6342
CLUBS FIVE DIAMONDS SIX,0.317,0.154,0.529
CLUBS FOUR DIAMONDS SIX,0.3144,0.1672,0.5184
HEARTS ACE HEARTS JACK,0.32,0.0052,0.6748
DIAMONDS EIGHT CLUBS ACE,0.3348,0.0046,0.6606
HEARTS QUEEN HEARTS JACK,0.3182,0.0116,0.6702
DIAMONDS EIGHT CLUBS KING,0.344,0.0074,0.6486
CLUBS NINE DIAMONDS SIX,0.3494,0.0484,0.6022
HEARTS KING HEARTS JACK,0.326,0.0096,0.6644
DIAMONDS EIGHT CLUBS QUEEN,0.3438,0.011,0.6452
CLUBS EIGHT DIAMONDS SIX,0.3418,0.0634,0.5948
SPADES TEN HEARTS KING,0.336,0.0102,0.6538
SPADES FIVE DIAMONDS SIX,0.3086,0.1474,0.544
SPADES JACK HEARTS KING,0.326,0.0078,0.6662
SPADES FOUR DIAMONDS SIX,0.3176,0.1618,0.5206
SPADES THREE DIAMONDS SIX,0.2368,0.2654,0.4978
SPADES ACE SPADES KING,0.3248,0.0074,0.6678
HEARTS TEN HEARTS EIGHT,0.3194,0.0284,0.6522
SPADES NINE DIAMONDS SIX,0.323,0.0436,0.6334
HEARTS JACK HEARTS EIGHT,0.3176,0.019,0.6634
SPADES EIGHT DIAMONDS SIX,0.3358,0.0624,0.6018
SPADES SEVEN DIAMONDS SIX,0.3282,0.0986,0.5732
SPADES SIX DIAMONDS SIX,0.1198,0.1322,0.748
SPADES KING HEARTS KING,0.1246,0.0172,0.8582
SPADES QUEEN HEARTS KING,0.3252,0.0078,0.667
CLUBS ACE CLUBS KING,0.3176,0.0068,0.6756
SPADES ACE HEARTS KING,0.3242,0.0044,0.6714
SPADES ACE HEARTS JACK,0.3262,0.0064,0.6674
SPADES QUEEN HEARTS JACK,0.328,0.0116,0.6604
SPADES KING HEARTS JACK,0.3354,0.0068,0.6578
SPADES TEN DIAMONDS TEN,0.1404,0.0638,0.7958
SPADES JACK DIAMONDS TEN,0.3236,0.0196,0.6568
SPADES ACE DIAMONDS TEN,0.3248,0.0042,0.671
SPADES JACK HEARTS JACK,0.1336,0.0526,0.8138
SPADES TEN HEARTS JACK,0.3112,0.0174,0.6714
SPADES QUEEN DIAMONDS TEN,0.3318,0.0108,0.6574
SPADES KING DIAMONDS TEN,0.3298,0.0066,0.6636
SPADES NINE DIAMONDS SEVEN,0.3314,0.0436,0.625
SPADES EIGHT DIAMONDS SEVEN,0.3062,0.06,0.6338
SPADES SEVEN DIAMONDS SEVEN,0.135,0.116,0.749
SPADES SIX DIAMONDS SEVEN,0.3292,0.097,0.5738
DIAMONDS KING DIAMONDS SEVEN,0.3232,0.0104,0.6664
HEARTS KING DIAMONDS FIVE,0.347,0.0106,0.6424
DIAMONDS QUEEN DIAMONDS SEVEN,0.3208,0.0126,0.6666
HEARTS TWO DIAMONDS SEVEN,0.2474,0.2074,0.5452
HEARTS QUEEN DIAMONDS FIVE,0.3346,0.0156,0.6498
HEARTS FIVE DIAMONDS SEVEN,0.3252,0.0982,0.5766
DIAMONDS ACE DIAMONDS SEVEN,0.315,0.0062,0.6788
HEARTS FOUR DIAMONDS SEVEN,0.3138,0.1078,0.5784
HEARTS ACE DIAMONDS FIVE,0.3182,0.0052,0.6766
HEARTS SEVEN DIAMONDS SEVEN,0.132,0.1214,0.7466
HEARTS SIX DIAMONDS SEVEN,0.3228,0.0998,0.5774
DIAMONDS SEVEN HEARTS NINE,0.3296,0.0428,0.6276
HEARTS EIGHT DIAMONDS SEVEN,0.3,0.0614,0.6386
DIAMONDS JACK DIAMONDS SEVEN,0.3232,0.0196,0.6572
DIAMONDS FIVE HEARTS JACK,0.3342,0.0208,0.645
DIAMONDS TEN DIAMONDS SEVEN,0.3262,0.024,0.6498
HEARTS TEN DIAMONDS FIVE,0.336,0.03,0.634
SPADES KING CLUBS TWO,0.2528,0.0276,0.7196
HEARTS KING CLUBS KING,0.1418,0.0212,0.837
CLUBS EIGHT DIAMONDS SEVEN,0.3226,0.0598,0.6176
SPADES QUEEN CLUBS TWO,0.25,0.0404,0.7096
HEARTS KING CLUBS QUEEN,0.3326,0.0094,0.658
CLUBS NINE DIAMONDS SEVEN,0.3254,0.0392,0.6354
SPADES ACE CLUBS TWO,0.2364,0.0134,0.7502
HEARTS KING CLUBS ACE,0.3384,0.0034,0.6582
CLUBS SEVEN CLUBS SIX,0.3094,0.0934,0.5972
CLUBS EIGHT CLUBS SIX,0.3056,0.0614,0.633
SPADES THREE DIAMONDS SEVEN,0.2326,0.1984,0.569
CLUBS NINE CLUBS SIX,0.3262,0.0448,0.629
SPADES FOUR DIAMONDS SEVEN,0.3258,0.1062,0.568
HEARTS KING CLUBS JACK,0.339,0.0074,0.6536
SPADES FIVE DIAMONDS SEVEN,0.3112,0.0994,0.5894
CLUBS TEN HEARTS KING,0.3492,0.006,0.6448
CLUBS SIX SPADES THREE,0.245,0.2704,0.4846
CLUBS TWO DIAMONDS SEVEN,0.2536,0.1988,0.5476
CLUBS SIX SPADES FOUR,0.3004,0.1634,0.5362
CLUBS THREE DIAMONDS SEVEN,0.227,0.2104,0.5626
CLUBS SIX SPADES FIVE,0.3164,0.1512,0.5324
CLUBS FOUR DIAMONDS SEVEN,0.3362,0.1024,0.5614
CLUBS SIX SPADES SIX,0.1222,0.1342,0.7436
CLUBS FIVE DIAMONDS SEVEN,0.3288,0.109,0.5622
CLUBS SIX SPADES SEVEN,0.3214,0.099,0.5796
CLUBS SIX DIAMONDS SEVEN,0.3322,0.1042,0.5636
CLUBS SIX SPADES EIGHT,0.3318,0.0682,0.6
SPADES JACK CLUBS TWO,0.2532,0.0526,0.6942
CLUBS SEVEN DIAMONDS SEVEN,0.139,0.12,0.741
SPADES NINE CLUBS SIX,0.3318,0.0488,0.6194
SPADES TEN CLUBS TWO,0.2542,0.0776,0.6682
CLUBS TWO CLUBS QUEEN,0.2532,0.0344,0.7124
CLUBS TWO CLUBS KING,0.2366,0.0254,0.738
CLUBS THREE DIAMONDS EIGHT,0.2632,0.141,0.5958
CLUBS TWO CLUBS ACE,0.2292,0.0154,0.7554
CLUBS TWO DIAMONDS EIGHT,0.2536,0.1458,0.6006
HEARTS SEVEN DIAMONDS EIGHT,0.3042,0.0668,0.629
HEARTS SIX DIAMONDS EIGHT,0.3258,0.0688,0.6054
DIAMONDS EIGHT HEARTS NINE,0.3158,0.0398,0.6444
CLUBS TEN CLUBS TWO,0.2554,0.0688,0.6758
DIAMONDS EIGHT HEARTS EIGHT,0.137,0.102,0.761
CLUBS TWO CLUBS JACK,0.247,0.0534,0.6996
CLUBS NINE DIAMONDS EIGHT,0.319,0.04,0.641
CLUBS EIGHT DIAMONDS EIGHT,0.1556,0.1036,0.7408
CLUBS FIVE DIAMONDS EIGHT,0.3288,0.0698,0.6014
SPADES ACE SPADES THREE,0.2314,0.0206,0.748
CLUBS FOUR DIAMONDS EIGHT,0.3402,0.0724,0.5874
CLUBS SEVEN DIAMONDS EIGHT,0.3068,0.0588,0.6344
SPADES QUEEN SPADES THREE,0.2408,0.0456,0.7136
CLUBS SIX DIAMONDS EIGHT,0.3334,0.0582,0.6084
SPADES KING SPADES THREE,0.232,0.0348,0.7332
DIAMONDS QUEEN DIAMONDS EIGHT,0.3078,0.012,0.6802
HEARTS TWO DIAMONDS EIGHT,0.2666,0.1436,0.5898
DIAMONDS KING DIAMONDS EIGHT,0.3204,0.009,0.6706
DIAMONDS ACE DIAMONDS EIGHT,0.313,0.0064,0.6806
HEARTS FOUR DIAMONDS EIGHT,0.3394,0.0752,0.5854
HEARTS FIVE DIAMONDS EIGHT,0.3324,0.0638,0.6038
DIAMONDS EIGHT DIAMONDS TEN,0.3104,0.0244,0.6652
DIAMONDS EIGHT DIAMONDS JACK,0.312,0.0174,0.6706
SPADES JACK SPADES THREE,0.2546,0.056,0.6894
SPADES TEN SPADES THREE,0.2434,0.081,0.6756
CLUBS FOUR HEARTS ACE,0.3208,0.0066,0.6726
CLUBS FOUR HEARTS QUEEN,0.3354,0.0152,0.6494
CLUBS FOUR HEARTS KING,0.342,0.0126,0.6454
CLUBS SIX HEARTS TEN,0.3338,0.0288,0.6374
CLUBS SIX HEARTS JACK,0.3486,0.0206,0.6308
DIAMONDS EIGHT SPADES FOUR,0.3426,0.0644,0.593
SPADES FIVE DIAMONDS EIGHT,0.3352,0.0648,0.6
DIAMONDS EIGHT SPADES THREE,0.247,0.1458,0.6072
CLUBS FOUR HEARTS JACK,0.3374,0.0198,0.6428
SPADES EIGHT DIAMONDS EIGHT,0.1316,0.1042,0.7642
SPADES TEN DIAMONDS QUEEN,0.33,0.0124,0.6576
SPADES TEN HEARTS TWO,0.2566,0.077,0.6664
SPADES JACK HEARTS EIGHT,0.3186,0.0172,0.6642
CLUBS FOUR HEARTS TEN,0.3386,0.0282,0.6332
SPADES NINE DIAMONDS EIGHT,0.3184,0.0432,0.6384
SPADES TEN HEARTS EIGHT,0.324,0.0288,0.6472
SPADES JACK HEARTS TWO,0.2486,0.0514,0.7
SPADES JACK DIAMONDS QUEEN,0.339,0.0146,0.6464
SPADES SIX DIAMONDS EIGHT,0.3182,0.0716,0.6102
SPADES SEVEN DIAMONDS EIGHT,0.3072,0.0608,0.632
SPADES ACE HEARTS TWO,0.2392,0.0154,0.7454
SPADES ACE DIAMONDS QUEEN,0.338,0.0058,0.6562
SPADES ACE HEARTS EIGHT,0.3374,0.0064,0.6562
SPADES KING HEARTS EIGHT,0.3444,0.0082,0.6474
SPADES QUEEN HEARTS TWO,0.2638,0.0398,0.6964
SPADES QUEEN DIAMONDS QUEEN,0.1462,0.0368,0.817
SPADES KING DIAMONDS QUEEN,0.333,0.0084,0.6586
SPADES KING HEARTS TWO,0.2602,0.0298,0.71
SPADES QUEEN HEARTS EIGHT,0.3258,0.014,0.6602
CLUBS TWO HEARTS TEN,0.2614,0.0632,0.6754
CLUBS TWO HEARTS JACK,0.2468,0.054,0.6992
SPADES SEVEN DIAMONDS NINE,0.3202,0.044,0.6358
SPADES SIX DIAMONDS NINE,0.3294,0.046,0.6246
SPADES NINE DIAMONDS NINE,0.1362,0.0834,0.7804
SPADES EIGHT DIAMONDS NINE,0.3204,0.0372,0.6424
SPADES TEN CLUBS KING,0.3182,0.0084,0.6734
DIAMONDS NINE SPADES THREE,0.2528,0.1074,0.6398
SPADES JACK CLUBS KING,0.335,0.0082,0.6568
DIAMONDS NINE SPADES FIVE,0.3336,0.0342,0.6322
DIAMONDS NINE SPADES FOUR,0.338,0.0492,0.6128
CLUBS NINE DIAMONDS NINE,0.145,0.0914,0.7636
CLUBS EIGHT DIAMONDS NINE,0.3334,0.0376,0.629
CLUBS SIX DIAMONDS NINE,0.3448,0.0436,0.6116
SPADES JACK CLUBS FOUR,0.3376,0.0222,0.6402
CLUBS SEVEN DIAMONDS NINE,0.3228,0.0428,0.6344
SPADES TEN CLUBS FOUR,0.3426,0.0312,0.6262
CLUBS FOUR DIAMONDS NINE,0.346,0.0494,0.6046
CLUBS FIVE DIAMONDS NINE,0.344,0.0428,0.6132
DIAMONDS NINE CLUBS TWO,0.2578,0.1114,0.6308
CLUBS THREE DIAMONDS NINE,0.258,0.108,0.634
DIAMONDS NINE HEARTS EIGHT,0.3292,0.0404,0.6304
DIAMONDS NINE HEARTS NINE,0.1454,0.084,0.7706
HEARTS SIX DIAMONDS NINE,0.338,0.0494,0.6126
HEARTS SEVEN DIAMONDS NINE,0.3288,0.0416,0.6296
CLUBS NINE CLUBS EIGHT,0.3104,0.0384,0.6512
DIAMONDS ACE DIAMONDS NINE,0.3178,0.0058,0.6764
HEARTS FOUR DIAMONDS NINE,0.3504,0.0484,0.6012
HEARTS FIVE DIAMONDS NINE,0.3346,0.0456,0.6198
HEARTS ACE CLUBS TWO,0.2264,0.0206,0.753
SPADES ACE CLUBS FOUR,0.322,0.0064,0.6716
DIAMONDS QUEEN DIAMONDS NINE,0.3224,0.0112,0.6664
HEARTS TWO DIAMONDS NINE,0.2526,0.1088,0.6386
CLUBS TWO HEARTS KING,0.2506,0.0306,0.7188
SPADES KING CLUBS FOUR,0.3548,0.0094,0.6358
DIAMONDS KING DIAMONDS NINE,0.3238,0.0098,0.6664
CLUBS TWO HEARTS QUEEN,0.2664,0.0394,0.6942
SPADES QUEEN CLUBS FOUR,0.337,0.0146,0.6484
DIAMONDS NINE DIAMONDS JACK,0.3214,0.0192,0.6594
CLUBS EIGHT SPADES NINE,0.3258,0.042,0.6322
DIAMONDS NINE DIAMONDS TEN,0.3132,0.0262,0.6606
CLUBS EIGHT SPADES EIGHT,0.1392,0.0934,0.7674
CLUBS EIGHT SPADES SEVEN,0.3136,0.0646,0.6218
CLUBS EIGHT SPADES SIX,0.3312,0.0718,0.597
CLUBS EIGHT SPADES FIVE,0.342,0.0702,0.5878
CLUBS EIGHT SPADES FOUR,0.3328,0.0662,0.601
CLUBS EIGHT SPADES THREE,0.247,0.141,0.612
HEARTS SIX DIAMONDS TEN,0.344,0.0316,0.6244
HEARTS SEVEN DIAMONDS TEN,0.3348,0.0264,0.6388
DIAMONDS TEN HEARTS EIGHT,0.3306,0.0268,0.6426
CLUBS FOUR CLUBS JACK,0.334,0.0214,0.6446
DIAMONDS TEN HEARTS NINE,0.331,0.0236,0.6454
CLUBS TEN CLUBS FOUR,0.3248,0.0306,0.6446
CLUBS FOUR CLUBS KING,0.3244,0.0102,0.6654
CLUBS FOUR CLUBS QUEEN,0.315,0.0158,0.6692
CLUBS TWO DIAMONDS TEN,0.2648,0.0746,0.6606
CLUBS THREE DIAMONDS TEN,0.25,0.079,0.671
CLUBS FOUR CLUBS ACE,0.3038,0.0054,0.6908
DIAMONDS JACK DIAMONDS TEN,0.312,0.0132,0.6748
DIAMONDS QUEEN DIAMONDS TEN,0.3268,0.0106,0.6626
HEARTS TWO DIAMONDS TEN,0.2626,0.0732,0.6642
DIAMONDS KING DIAMONDS TEN,0.3164,0.0094,0.6742
DIAMONDS ACE DIAMONDS TEN,0.3188,0.0056,0.6756
HEARTS FOUR DIAMONDS TEN,0.346,0.03,0.624
CLUBS EIGHT HEARTS JACK,0.3348,0.0212,0.644
HEARTS FIVE DIAMONDS TEN,0.3308,0.0274,0.6418
CLUBS EIGHT HEARTS TEN,0.3298,0.0298,0.6404
CLUBS EIGHT HEARTS QUEEN,0.3318,0.0154,0.6528
CLUBS EIGHT HEARTS KING,0.339,0.0098,0.6512
CLUBS EIGHT HEARTS ACE,0.339,0.0054,0.6556
CLUBS NINE SPADES THREE,0.2492,0.1086,0.6422
CLUBS NINE SPADES FIVE,0.344,0.043,0.613
CLUBS NINE SPADES FOUR,0.3474,0.0466,0.606
CLUBS NINE SPADES SEVEN,0.3222,0.0444,0.6334
CLUBS NINE SPADES SIX,0.345,0.0466,0.6084
CLUBS NINE SPADES NINE,0.1402,0.0882,0.7716
CLUBS TEN HEARTS EIGHT,0.3324,0.0244,0.6432
CLUBS NINE SPADES EIGHT,0.328,0.0348,0.6372
HEARTS EIGHT CLUBS JACK,0.333,0.019,0.648
CLUBS QUEEN HEARTS EIGHT,0.3428,0.0114,0.6458
CLUBS KING HEARTS EIGHT,0.352,0.01,0.638
CLUBS ACE HEARTS EIGHT,0.3386,0.0058,0.6556
SPADES KING CLUBS KING,0.1378,0.0202,0.842
SPADES QUEEN CLUBS KING,0.341,0.0074,0.6516
SPADES ACE CLUBS KING,0.3366,0.0024,0.661
DIAMONDS ACE HEARTS TEN,0.338,0.006,0.656
HEARTS FOUR HEARTS TEN,0.3344,0.0326,0.633
DIAMONDS ACE HEARTS JACK,0.3398,0.0052,0.655
HEARTS FOUR HEARTS JACK,0.3358,0.0198,0.6444
SPADES KING CLUBS FIVE,0.3416,0.0084,0.65
SPADES QUEEN CLUBS FIVE,0.3344,0.0172,0.6484
SPADES ACE CLUBS FIVE,0.325,0.0042,0.6708
HEARTS SEVEN DIAMONDS JACK,0.3308,0.017,0.6522
HEARTS SIX DIAMONDS JACK,0.339,0.0208,0.6402
DIAMONDS JACK HEARTS NINE,0.3346,0.0168,0.6486
DIAMONDS JACK HEARTS EIGHT,0.3324,0.0192,0.6484
DIAMONDS KING DIAMONDS JACK,0.314,0.0088,0.6772
SPADES ACE SPADES SIX,0.3356,0.0056,0.6588
HEARTS ACE SPADES FOUR,0.3084,0.0092,0.6824
DIAMONDS QUEEN DIAMONDS JACK,0.3196,0.0108,0.6696
HEARTS TWO DIAMONDS JACK,0.2618,0.0578,0.6804
HEARTS FIVE DIAMONDS JACK,0.3486,0.0224,0.629
SPADES QUEEN SPADES SIX,0.332,0.0144,0.6536
SPADES FOUR HEARTS QUEEN,0.3434,0.016,0.6406
DIAMONDS ACE DIAMONDS JACK,0.3122,0.0052,0.6826
HEARTS FOUR DIAMONDS JACK,0.3334,0.027,0.6396
SPADES KING SPADES SIX,0.3244,0.0102,0.6654
SPADES FOUR HEARTS KING,0.3204,0.0106,0.669
SPADES TEN SPADES SIX,0.3278,0.0262,0.646
SPADES JACK SPADES SIX,0.3366,0.018,0.6454
SPADES FOUR DIAMONDS JACK,0.3464,0.0182,0.6354
SPADES FIVE DIAMONDS JACK,0.3478,0.0208,0.6314
DIAMONDS JACK SPADES THREE,0.2464,0.0594,0.6942
SPADES ACE DIAMONDS THREE,0.237,0.023,0.74
SPADES QUEEN DIAMONDS THREE,0.2492,0.0456,0.7052
CLUBS EIGHT DIAMONDS JACK,0.3322,0.0212,0.6466
SPADES KING DIAMONDS THREE,0.2478,0.03,0.7222
CLUBS NINE DIAMONDS JACK,0.355,0.0142,0.6308
CLUBS SIX DIAMONDS JACK,0.3388,0.0202,0.641
CLUBS SEVEN DIAMONDS JACK,0.3382,0.0196,0.6422
CLUBS FOUR DIAMONDS JACK,0.3444,0.022,0.6336
CLUBS FIVE DIAMONDS JACK,0.3374,0.0216,0.641
CLUBS TWO DIAMONDS JACK,0.255,0.0456,0.6994
CLUBS THREE DIAMONDS JACK,0.2504,0.0578,0.6918
SPADES TEN CLUBS FIVE,0.3468,0.0268,0.6264
SPADES JACK HEARTS SIX,0.3404,0.0196,0.64
HEARTS SIX SPADES TEN,0.3336,0.028,0.6384
SPADES JACK CLUBS FIVE,0.3294,0.0216,0.649
SPADES JACK DIAMONDS THREE,0.2502,0.0658,0.684
CLUBS SEVEN CLUBS ACE,0.3182,0.0062,0.6756
DIAMONDS THREE SPADES TEN,0.2482,0.083,0.6688
CLUBS SEVEN CLUBS QUEEN,0.3338,0.012,0.6542
CLUBS SEVEN CLUBS KING,0.3116,0.0098,0.6786
SPADES NINE DIAMONDS JACK,0.332,0.021,0.647
CLUBS TEN CLUBS SEVEN,0.321,0.026,0.653
DIAMONDS ACE HEARTS ACE,0.1274,0.0042,0.8684
HEARTS FOUR HEARTS ACE,0.3074,0.0086,0.684
SPADES EIGHT DIAMONDS JACK,0.3292,0.0194,0.6514
SPADES ACE HEARTS SIX,0.3462,0.005,0.6488
CLUBS SEVEN CLUBS JACK,0.3316,0.0174,0.651
DIAMONDS ACE HEARTS KING,0.3254,0.0052,0.6694
HEARTS FOUR HEARTS KING,0.3256,0.0082,0.6662
SPADES SEVEN DIAMONDS JACK,0.3378,0.0224,0.6398
SPADES KING HEARTS SIX,0.3392,0.0102,0.6506
DIAMONDS ACE HEARTS QUEEN,0.3352,0.0054,0.6594
HEARTS FOUR HEARTS QUEEN,0.3266,0.014,0.6594
SPADES QUEEN HEARTS SIX,0.3354,0.0138,0.6508
SPADES SIX DIAMONDS JACK,0.35,0.0172,0.6328
SPADES THREE DIAMONDS TEN,0.243,0.0828,0.6742
SPADES FOUR DIAMONDS TEN,0.3348,0.0364,0.6288
SPADES FIVE DIAMONDS TEN,0.3378,0.0326,0.6296
SPADES SIX DIAMONDS TEN,0.33,0.031,0.639
SPADES SEVEN DIAMONDS TEN,0.3336,0.0294,0.637
SPADES EIGHT DIAMONDS TEN,0.3282,0.0262,0.6456
SPADES NINE DIAMONDS TEN,0.3272,0.0262,0.6466
CLUBS FOUR DIAMONDS TEN,0.3544,0.0298,0.6158
CLUBS FIVE DIAMONDS TEN,0.3412,0.0352,0.6236
CLUBS SIX DIAMONDS TEN,0.338,0.025,0.637
CLUBS SEVEN DIAMONDS TEN,0.3354,0.027,0.6376
CLUBS EIGHT DIAMONDS TEN,0.3336,0.0242,0.6422
CLUBS NINE DIAMONDS TEN,0.3306,0.0246,0.6448
DIAMONDS THREE CLUBS JACK,0.256,0.0564,0.6876
CLUBS TEN DIAMONDS THREE,0.2658,0.0834,0.6508
DIAMONDS THREE CLUBS KING,0.2474,0.0384,0.7142
DIAMONDS THREE CLUBS QUEEN,0.2496,0.0408,0.7096
DIAMONDS THREE CLUBS ACE,0.2404,0.0172,0.7424
SPADES FOUR HEARTS JACK,0.3366,0.0218,0.6416
SPADES FOUR HEARTS TEN,0.3444,0.0288,0.6268
DIAMONDS QUEEN CLUBS THREE,0.2518,0.0456,0.7026
CLUBS THREE HEARTS TWO,0.016,0.9728,0.0112
DIAMONDS QUEEN CLUBS TWO,0.268,0.041,0.691
HEARTS TWO CLUBS TWO,0.2234,0.1428,0.6338
HEARTS SEVEN DIAMONDS QUEEN,0.3472,0.0152,0.6376
HEARTS SEVEN HEARTS TWO,0.2428,0.1924,0.5648
HEARTS SIX DIAMONDS QUEEN,0.3394,0.0132,0.6474
HEARTS SIX HEARTS TWO,0.2388,0.2636,0.4976
DIAMONDS QUEEN HEARTS NINE,0.3366,0.0112,0.6522
HEARTS TWO HEARTS NINE,0.2506,0.1036,0.6458
DIAMONDS QUEEN HEARTS EIGHT,0.3342,0.017,0.6488
HEARTS TWO HEARTS EIGHT,0.2428,0.1424,0.6148
CLUBS NINE HEARTS TWO,0.2744,0.1038,0.6218
CLUBS NINE DIAMONDS QUEEN,0.3318,0.0128,0.6554
CLUBS EIGHT HEARTS TWO,0.2526,0.1502,0.5972
CLUBS EIGHT DIAMONDS QUEEN,0.342,0.0122,0.6458
CLUBS FIVE DIAMONDS QUEEN,0.3466,0.0162,0.6372
CLUBS FIVE HEARTS TWO,0.2274,0.374,0.3986
SPADES EIGHT HEARTS ACE,0.3452,0.0052,0.6496
DIAMONDS QUEEN CLUBS FOUR,0.3424,0.0154,0.6422
HEARTS TWO CLUBS FOUR,0.2162,0.5102,0.2736
CLUBS SEVEN DIAMONDS QUEEN,0.348,0.0098,0.6422
CLUBS SEVEN HEARTS TWO,0.2558,0.1986,0.5456
SPADES EIGHT HEARTS QUEEN,0.3362,0.0142,0.6496
CLUBS SIX DIAMONDS QUEEN,0.343,0.014,0.643
CLUBS SIX HEARTS TWO,0.2546,0.2646,0.4808
SPADES EIGHT HEARTS KING,0.3378,0.009,0.6532
HEARTS TWO SPADES SIX,0.2406,0.2744,0.485
DIAMONDS QUEEN SPADES SIX,0.3404,0.0134,0.6462
HEARTS FOUR CLUBS QUEEN,0.3366,0.0162,0.6472
DIAMONDS ACE CLUBS QUEEN,0.3386,0.0058,0.6556
DIAMONDS QUEEN SPADES SEVEN,0.3502,0.0134,0.6364
HEARTS TWO SPADES SEVEN,0.2516,0.188,0.5604
HEARTS FOUR CLUBS KING,0.3374,0.011,0.6516
DIAMONDS ACE CLUBS KING,0.3482,0.0044,0.6474
DIAMONDS QUEEN SPADES EIGHT,0.3362,0.0102,0.6536
SPADES EIGHT HEARTS TWO,0.2466,0.1532,0.6002
HEARTS FOUR CLUBS ACE,0.32,0.0088,0.6712
DIAMONDS ACE CLUBS ACE,0.142,0.0042,0.8538
SPADES NINE DIAMONDS QUEEN,0.3328,0.0108,0.6564
SPADES NINE HEARTS TWO,0.258,0.1082,0.6338
HEARTS TWO SPADES THREE,0.0072,0.9872,0.0056
DIAMONDS QUEEN SPADES THREE,0.2506,0.0436,0.7058
HEARTS TWO SPADES FOUR,0.2224,0.5116,0.266
DIAMONDS QUEEN SPADES FOUR,0.3316,0.0138,0.6546
CLUBS TEN HEARTS FOUR,0.3398,0.0296,0.6306
CLUBS TEN DIAMONDS ACE,0.3498,0.0056,0.6446
HEARTS TWO SPADES FIVE,0.2204,0.3854,0.3942
DIAMONDS QUEEN SPADES FIVE,0.338,0.0148,0.6472
HEARTS FOUR CLUBS JACK,0.3362,0.026,0.6378
DIAMONDS ACE CLUBS JACK,0.347,0.0046,0.6484
CLUBS FIVE CLUBS KING,0.321,0.0142,0.6648
CLUBS FIVE CLUBS QUEEN,0.3228,0.0126,0.6646
CLUBS FIVE CLUBS ACE,0.3084,0.0072,0.6844
CLUBS FIVE CLUBS JACK,0.3344,0.0214,0.6442
CLUBS TEN CLUBS FIVE,0.321,0.0308,0.6482
SPADES KING CLUBS JACK,0.3206,0.0088,0.6706
SPADES QUEEN CLUBS JACK,0.326,0.0114,0.6626
SPADES ACE CLUBS JACK,0.3458,0.0046,0.6496
SPADES SIX CLUBS KING,0.3376,0.0096,0.6528
SPADES SIX CLUBS QUEEN,0.345,0.0156,0.6394
SPADES EIGHT HEARTS JACK,0.3358,0.023,0.6412
SPADES SIX CLUBS ACE,0.3352,0.0054,0.6594
SPADES EIGHT HEARTS TEN,0.3234,0.0316,0.645
SPADES SIX CLUBS JACK,0.3452,0.0212,0.6336
CLUBS TEN SPADES SIX,0.337,0.029,0.634
SPADES TEN CLUBS JACK,0.3272,0.0136,0.6592
SPADES JACK CLUBS JACK,0.1408,0.0516,0.8076
SPADES QUEEN CLUBS SEVEN,0.3368,0.0132,0.65
SPADES KING CLUBS SEVEN,0.3436,0.0068,0.6496
SPADES ACE CLUBS SEVEN,0.354,0.004,0.642
SPADES SIX HEARTS TEN,0.3376,0.027,0.6354
SPADES SIX HEARTS JACK,0.3462,0.0198,0.634
SPADES SIX HEARTS ACE,0.3308,0.0064,0.6628
SPADES SIX HEARTS KING,0.3266,0.0078,0.6656
SPADES SIX HEARTS QUEEN,0.3286,0.0144,0.657
CLUBS SEVEN SPADES JACK,0.3414,0.02,0.6386
CLUBS SEVEN SPADES TEN,0.3322,0.0298,0.638
CLUBS TEN HEARTS SIX,0.343,0.026,0.631
HEARTS SIX CLUBS JACK,0.3428,0.019,0.6382
CLUBS ACE CLUBS JACK,0.3146,0.0062,0.6792
HEARTS SIX CLUBS QUEEN,0.3326,0.0136,0.6538
HEARTS SIX CLUBS KING,0.333,0.0104,0.6566
HEARTS SIX CLUBS ACE,0.3302,0.0056,0.6642
CLUBS QUEEN CLUBS JACK,0.3088,0.0096,0.6816
CLUBS KING CLUBS JACK,0.3232,0.0082,0.6686
DIAMONDS THREE HEARTS ACE,0.2288,0.0212,0.75
DIAMONDS THREE HEARTS QUEEN,0.2434,0.0374,0.7192
DIAMONDS THREE HEARTS KING,0.25,0.034,0.716
CLUBS FIVE HEARTS JACK,0.3448,0.022,0.6332
SPADES TEN DIAMONDS ACE,0.3442,0.0052,0.6506
HEARTS FOUR SPADES TEN,0.34,0.0366,0.6234
CLUBS FIVE HEARTS TEN,0.335,0.029,0.636
HEARTS FOUR SPADES JACK,0.3236,0.023,0.6534
SPADES JACK DIAMONDS ACE,0.3426,0.005,0.6524
SPADES ACE HEARTS FOUR,0.3268,0.008,0.6652
SPADES ACE DIAMONDS ACE,0.1238,0.0048,0.8714
CLUBS FIVE HEARTS ACE,0.3132,0.0044,0.6824
CLUBS FIVE HEARTS KING,0.331,0.0094,0.6596
HEARTS FOUR SPADES QUEEN,0.3342,0.0158,0.65
SPADES QUEEN DIAMONDS ACE,0.334,0.0054,0.6606
SPADES FOUR CLUBS JACK,0.3332,0.0256,0.6412
CLUBS FIVE HEARTS QUEEN,0.3378,0.0126,0.6496
SPADES KING DIAMONDS ACE,0.3278,0.0054,0.6668
SPADES KING HEARTS FOUR,0.3434,0.0076,0.649
CLUBS TEN SPADES FOUR,0.3398,0.0304,0.6298
DIAMONDS QUEEN DIAMONDS ACE,0.3144,0.0056,0.68
HEARTS TWO DIAMONDS ACE,0.2408,0.0164,0.7428
HEARTS FOUR DIAMONDS QUEEN,0.3374,0.0152,0.6474
HEARTS FOUR HEARTS TWO,0.2188,0.4738,0.3074
DIAMONDS THREE HEARTS TEN,0.2552,0.0772,0.6676
SPADES FOUR CLUBS KING,0.3318,0.0092,0.659
HEARTS FIVE DIAMONDS QUEEN,0.352,0.0158,0.6322
HEARTS FIVE HEARTS TWO,0.206,0.3658,0.4282
DIAMONDS THREE HEARTS JACK,0.2418,0.062,0.6962
SPADES FOUR CLUBS QUEEN,0.3446,0.0118,0.6436
DIAMONDS QUEEN HEARTS TWO,0.271,0.0424,0.6866
DIAMONDS KING DIAMONDS QUEEN,0.326,0.009,0.665
DIAMONDS KING HEARTS TWO,0.2536,0.031,0.7154
SPADES FOUR CLUBS ACE,0.3188,0.0072,0.674
HEARTS TWO CLUBS ACE,0.236,0.0138,0.7502
DIAMONDS QUEEN CLUBS ACE,0.349,0.0056,0.6454
HEARTS TWO CLUBS QUEEN,0.2618,0.0388,0.6994
DIAMONDS QUEEN CLUBS QUEEN,0.1398,0.0394,0.8208
HEARTS TWO CLUBS KING,0.2554,0.027,0.7176
DIAMONDS QUEEN CLUBS KING,0.342,0.0084,0.6496
SPADES EIGHT SPADES FIVE,0.3276,0.0694,0.603
CLUBS TEN HEARTS TWO,0.2632,0.0732,0.6636
CLUBS TEN DIAMONDS QUEEN,0.3352,0.0088,0.656
SPADES NINE SPADES FIVE,0.3206,0.045,0.6344
HEARTS TWO CLUBS JACK,0.2698,0.0522,0.678
DIAMONDS QUEEN CLUBS JACK,0.331,0.0102,0.6588
SPADES SIX SPADES FIVE,0.3072,0.147,0.5458
SPADES SEVEN SPADES FIVE,0.3036,0.0978,0.5986
DIAMONDS FIVE CLUBS QUEEN,0.3352,0.0166,0.6482
SPADES EIGHT CLUBS ACE,0.34,0.0054,0.6546
DIAMONDS FIVE CLUBS KING,0.3458,0.0102,0.644
SPADES EIGHT CLUBS KING,0.3288,0.0072,0.664
CLUBS ACE DIAMONDS FIVE,0.3164,0.0064,0.6772
SPADES EIGHT CLUBS QUEEN,0.3432,0.0126,0.6442
SPADES EIGHT CLUBS JACK,0.3446,0.0228,0.6326
CLUBS TEN SPADES EIGHT,0.328,0.0284,0.6436
CLUBS TEN DIAMONDS FIVE,0.3548,0.029,0.6162
DIAMONDS FIVE CLUBS JACK,0.3436,0.0188,0.6376
DIAMONDS TEN HEARTS JACK,0.33,0.0174,0.6526
DIAMONDS TEN HEARTS TEN,0.141,0.065,0.794
SPADES ACE CLUBS NINE,0.351,0.0066,0.6424
CLUBS NINE SPADES QUEEN,0.3366,0.0094,0.654
CLUBS NINE SPADES KING,0.3512,0.0092,0.6396
HEARTS SIX HEARTS KING,0.3274,0.0124,0.6602
DIAMONDS KING SPADES SEVEN,0.3418,0.0098,0.6484
SPADES KING DIAMONDS SEVEN,0.3412,0.0066,0.6522
HEARTS SIX HEARTS QUEEN,0.3188,0.0132,0.668
SPADES QUEEN DIAMONDS SEVEN,0.3378,0.0128,0.6494
DIAMONDS KING SPADES SIX,0.3414,0.0092,0.6494
DIAMONDS KING SPADES NINE,0.3322,0.0092,0.6586
HEARTS SIX HEARTS ACE,0.3212,0.0068,0.672
DIAMONDS KING SPADES EIGHT,0.3438,0.005,0.6512
SPADES ACE DIAMONDS SEVEN,0.3188,0.0074,0.6738
