opposingHand,winningChance,drawChance,lostChance
HEARTS SEVEN HEARTS QUEEN
DIAMONDS TWO SPADES SEVEN,0.7388,0.0478,0.2134
HEARTS FIVE HEARTS TWO,0.6604,0.0158,0.3238
HEARTS TWO HEARTS TEN,0.634,0.0128,0.3532
SPADES KING HEARTS FIVE,0.437,0.0116,0.5514
SPADES ACE HEARTS JACK,0.3898,0.0054,0.6048
SPADES SEVEN HEARTS TEN,0.6988,0.0396,0.2616
CLUBS FIVE HEARTS KING,0.406,0.0076,0.5864
SPADES TWO DIAMONDS SIX,0.6648,0.015,0.3202
SPADES THREE HEARTS EIGHT,0.6544,0.0122,0.3334
DIAMONDS THREE DIAMONDS FIVE,0.603,0.0116,0.3854
CLUBS JACK CLUBS FIVE,0.6174,0.0148,0.3678
SPADES FOUR DIAMONDS SIX,0.6458,0.0118,0.3424
DIAMONDS QUEEN HEARTS ACE,0.2564,0.0154,0.7282
SPADES NINE DIAMONDS EIGHT,0.5902,0.0098,0.4
SPADES QUEEN CLUBS SIX,0.5012,0.2822,0.2166
CLUBS SEVEN HEARTS KING,0.256,0.0368,0.7072
HEARTS TWO DIAMONDS SEVEN,0.7292,0.05,0.2208
CLUBS SEVEN DIAMONDS SIX,0.6892,0.0444,0.2664
HEARTS ACE HEARTS KING,0.3118,0.0046,0.6836
CLUBS TEN HEARTS ACE,0.363,0.0044,0.6326
SPADES ACE CLUBS FOUR,0.4328,0.0032,0.564
CLUBS THREE CLUBS ACE,0.4126,0.0062,0.5812
SPADES FOUR HEARTS NINE,0.641,0.0132,0.3458
SPADES THREE DIAMONDS FIVE,0.6432,0.0122,0.3446
SPADES EIGHT CLUBS TWO,0.645,0.013,0.342
DIAMONDS JACK CLUBS ACE,0.4026,0.0032,0.5942
SPADES SEVEN DIAMONDS QUEEN,0.0702,0.9084,0.0214
CLUBS NINE SPADES EIGHT,0.5842,0.0114,0.4044
CLUBS NINE CLUBS EIGHT,0.5478,0.0098,0.4424
DIAMONDS QUEEN HEARTS NINE,0.2638,0.1554,0.5808
CLUBS TEN DIAMONDS TEN,0.3374,0.013,0.6496
CLUBS NINE HEARTS EIGHT,0.5778,0.0092,0.413
CLUBS THREE DIAMONDS JACK,0.649,0.011,0.34
HEARTS ACE DIAMONDS FIVE,0.404,0.0056,0.5904
SPADES ACE DIAMONDS FIVE,0.4222,0.003,0.5748
HEARTS TWO CLUBS FIVE,0.6656,0.0134,0.321
CLUBS THREE DIAMONDS FIVE,0.6454,0.0116,0.343
HEARTS JACK HEARTS EIGHT,0.5912,0.0102,0.3986
DIAMONDS KING DIAMONDS EIGHT,0.362,0.0072,0.6308
SPADES KING SPADES QUEEN,0.2564,0.0284,0.7152
SPADES SEVEN SPADES FIVE,0.6616,0.0398,0.2986
CLUBS FIVE DIAMONDS SIX,0.6326,0.0114,0.356
SPADES FOUR HEARTS EIGHT,0.6346,0.0114,0.354
SPADES TEN CLUBS FOUR,0.6372,0.0094,0.3534
SPADES SIX SPADES THREE,0.6148,0.0126,0.3726
DIAMONDS SEVEN HEARTS EIGHT,0.679,0.0438,0.2772
SPADES TEN HEARTS JACK,0.5712,0.0088,0.42
SPADES QUEEN SPADES SIX,0.4748,0.2578,0.2674
SPADES QUEEN HEARTS EIGHT,0.2506,0.213,0.5364
CLUBS NINE DIAMONDS FOUR,0.633,0.0096,0.3574
CLUBS SIX SPADES SIX,0.4472,0.0244,0.5284
CLUBS SIX DIAMONDS FOUR,0.6394,0.0108,0.3498
CLUBS TWO HEARTS ACE,0.4322,0.006,0.5618
CLUBS JACK DIAMONDS FOUR,0.6492,0.0108,0.34
SPADES TEN CLUBS THREE,0.6434,0.0116,0.345
HEARTS TWO SPADES THREE,0.6746,0.0136,0.3118
DIAMONDS TWO HEARTS THREE,0.6688,0.0114,0.3198
SPADES KING CLUBS FOUR,0.4372,0.0068,0.556
DIAMONDS TWO HEARTS EIGHT,0.6464,0.0158,0.3378
SPADES SEVEN DIAMONDS SIX,0.6792,0.0438,0.277
DIAMONDS EIGHT DIAMONDS FIVE,0.5864,0.015,0.3986
DIAMONDS SEVEN CLUBS ACE,0.275,0.0278,0.6972
CLUBS FOUR HEARTS KING,0.4202,0.0084,0.5714
SPADES JACK DIAMONDS NINE,0.5944,0.0114,0.3942
DIAMONDS TEN DIAMONDS FIVE,0.6052,0.01,0.3848
DIAMONDS THREE CLUBS SIX,0.6552,0.0146,0.3302
CLUBS JACK DIAMONDS FIVE,0.6594,0.0122,0.3284
HEARTS FIVE SPADES SIX,0.6218,0.01,0.3682
DIAMONDS FIVE DIAMONDS FOUR,0.6026,0.0116,0.3858
SPADES QUEEN DIAMONDS ACE,0.2832,0.0166,0.7002
SPADES SIX SPADES FIVE,0.5996,0.0126,0.3878
CLUBS TWO HEARTS KING,0.428,0.0082,0.5638
CLUBS TWO CLUBS QUEEN,0.4754,0.2726,0.252
CLUBS JACK CLUBS SIX,0.609,0.0102,0.3808
SPADES TEN SPADES EIGHT,0.554,0.0094,0.4366
HEARTS SIX HEARTS FOUR,0.6314,0.0154,0.3532
CLUBS SIX DIAMONDS FIVE,0.6324,0.013,0.3546
SPADES ACE CLUBS NINE,0.3908,0.003,0.6062
SPADES QUEEN DIAMONDS QUEEN,0.1384,0.0212,0.8404
CLUBS EIGHT HEARTS JACK,0.5978,0.0102,0.392
HEARTS FIVE CLUBS EIGHT,0.6192,0.012,0.3688
DIAMONDS TWO DIAMONDS SEVEN,0.6986,0.045,0.2564
HEARTS ACE HEARTS JACK,0.3224,0.0084,0.6692
DIAMONDS JACK CLUBS TWO,0.651,0.0104,0.3386
CLUBS EIGHT SPADES THREE,0.6488,0.0102,0.341
HEARTS TWO CLUBS THREE,0.6518,0.0162,0.332
DIAMONDS NINE DIAMONDS SEVEN,0.6598,0.0366,0.3036
CLUBS EIGHT DIAMONDS FIVE,0.6386,0.0122,0.3492
DIAMONDS THREE DIAMONDS ACE,0.4032,0.0046,0.5922
CLUBS TWO HEARTS TEN,0.6586,0.0086,0.3328
HEARTS THREE HEARTS NINE,0.6446,0.0104,0.345
DIAMONDS TWO CLUBS SIX,0.6848,0.0136,0.3016
SPADES QUEEN DIAMONDS TEN,0.2676,0.109,0.6234
CLUBS NINE SPADES FOUR,0.6464,0.0124,0.3412
CLUBS SIX DIAMONDS SIX,0.4422,0.0254,0.5324
CLUBS NINE SPADES SIX,0.6336,0.0114,0.355
CLUBS JACK SPADES SIX,0.6544,0.0096,0.336
HEARTS ACE DIAMONDS SEVEN,0.2542,0.0222,0.7236
HEARTS FOUR HEARTS JACK,0.6436,0.013,0.3434
SPADES QUEEN SPADES NINE,0.2498,0.1486,0.6016
DIAMONDS ACE DIAMONDS NINE,0.3626,0.003,0.6344
CLUBS SIX HEARTS ACE,0.4068,0.0032,0.59
CLUBS SIX CLUBS KING,0.4014,0.0078,0.5908
CLUBS EIGHT DIAMONDS NINE,0.5784,0.0086,0.413
HEARTS FOUR HEARTS NINE,0.6548,0.0134,0.3318
HEARTS FOUR HEARTS TEN,0.648,0.0114,0.3406
SPADES FIVE HEARTS JACK,0.6352,0.013,0.3518
CLUBS EIGHT DIAMONDS ACE,0.3936,0.0038,0.6026
CLUBS TEN CLUBS ACE,0.3668,0.0052,0.628
SPADES QUEEN SPADES SEVEN,0.0674,0.8622,0.0704
SPADES SEVEN DIAMONDS FIVE,0.6906,0.048,0.2614
CLUBS TEN CLUBS FOUR,0.6158,0.0142,0.37
CLUBS THREE SPADES FIVE,0.6402,0.0124,0.3474
SPADES NINE SPADES TWO,0.6226,0.01,0.3674
CLUBS NINE SPADES TEN,0.5768,0.0104,0.4128
SPADES NINE CLUBS FOUR,0.6578,0.0102,0.332
SPADES KING DIAMONDS KING,0.192,0.0032,0.8048
SPADES TEN DIAMONDS KING,0.376,0.0058,0.6182
CLUBS SIX DIAMONDS TEN,0.6364,0.0118,0.3518
SPADES TEN DIAMONDS ACE,0.394,0.0036,0.6024
DIAMONDS ACE CLUBS TWO,0.4322,0.0066,0.5612
DIAMONDS QUEEN CLUBS ACE,0.269,0.0148,0.7162
HEARTS ACE DIAMONDS NINE,0.3846,0.0036,0.6118
DIAMONDS TWO CLUBS FOUR,0.6522,0.0132,0.3346
HEARTS TWO HEARTS EIGHT,0.6472,0.0136,0.3392
SPADES EIGHT DIAMONDS EIGHT,0.332,0.0206,0.6474
CLUBS EIGHT HEARTS EIGHT,0.3384,0.0234,0.6382
DIAMONDS TWO HEARTS TWO,0.4638,0.0248,0.5114
DIAMONDS THREE DIAMONDS SEVEN,0.6842,0.0434,0.2724
CLUBS SEVEN CLUBS FOUR,0.668,0.0482,0.2838
SPADES JACK HEARTS EIGHT,0.5952,0.013,0.3918
CLUBS SIX SPADES EIGHT,0.6256,0.0116,0.3628
HEARTS SIX CLUBS QUEEN,0.4948,0.2922,0.213
DIAMONDS QUEEN SPADES TWO,0.5144,0.283,0.2026
CLUBS QUEEN DIAMONDS FOUR,0.495,0.2826,0.2224
HEARTS THREE DIAMONDS NINE,0.6408,0.0124,0.3468
CLUBS TEN DIAMONDS NINE,0.5712,0.01,0.4188
SPADES ACE HEARTS EIGHT,0.3826,0.0036,0.6138
HEARTS JACK DIAMONDS SIX,0.6394,0.0128,0.3478
DIAMONDS QUEEN HEARTS EIGHT,0.253,0.21,0.537
CLUBS EIGHT CLUBS FIVE,0.5954,0.0118,0.3928
HEARTS SIX DIAMONDS FOUR,0.649,0.0124,0.3386
CLUBS SEVEN SPADES THREE,0.725,0.053,0.222
DIAMONDS QUEEN HEARTS TEN,0.2624,0.1176,0.62
DIAMONDS TWO SPADES SIX,0.667,0.0136,0.3194
DIAMONDS TWO HEARTS TEN,0.6522,0.0124,0.3354
SPADES KING DIAMONDS FIVE,0.4338,0.0054,0.5608
DIAMONDS SIX DIAMONDS FIVE,0.5968,0.012,0.3912
DIAMONDS ACE CLUBS THREE,0.438,0.0044,0.5576
DIAMONDS QUEEN HEARTS KING,0.2528,0.0266,0.7206
DIAMONDS TWO DIAMONDS EIGHT,0.6094,0.0114,0.3792
SPADES ACE DIAMONDS KING,0.3618,0.0038,0.6344
SPADES KING DIAMONDS QUEEN,0.2658,0.0236,0.7106
DIAMONDS SIX DIAMONDS FOUR,0.6024,0.0112,0.3864
CLUBS EIGHT CLUBS KING,0.3908,0.0056,0.6036
CLUBS SIX HEARTS KING,0.4146,0.0088,0.5766
CLUBS JACK DIAMONDS JACK,0.3278,0.0088,0.6634
SPADES SIX DIAMONDS SEVEN,0.6792,0.044,0.2768
DIAMONDS TWO CLUBS TWO,0.4592,0.0306,0.5102
HEARTS THREE HEARTS KING,0.384,0.0102,0.6058
DIAMONDS SIX CLUBS QUEEN,0.5,0.2882,0.2118
SPADES THREE HEARTS TEN,0.6394,0.0126,0.348
HEARTS FOUR DIAMONDS EIGHT,0.6428,0.01,0.3472
SPADES EIGHT SPADES SEVEN,0.6482,0.0374,0.3144
SPADES KING SPADES TEN,0.3572,0.0068,0.636
DIAMONDS TWO CLUBS ACE,0.4458,0.0056,0.5486
CLUBS JACK CLUBS KING,0.374,0.0052,0.6208
HEARTS FOUR HEARTS KING,0.3842,0.0078,0.608
SPADES QUEEN HEARTS KING,0.2526,0.0288,0.7186
SPADES FOUR DIAMONDS EIGHT,0.648,0.0116,0.3404
CLUBS JACK CLUBS SEVEN,0.675,0.0394,0.2856
DIAMONDS SIX HEARTS NINE,0.6248,0.0086,0.3666
HEARTS TWO DIAMONDS TEN,0.6524,0.0132,0.3344
HEARTS FIVE DIAMONDS SEVEN,0.6898,0.0498,0.2604
CLUBS TEN DIAMONDS JACK,0.5522,0.0066,0.4412
CLUBS NINE DIAMONDS KING,0.3774,0.0076,0.615
SPADES ACE DIAMONDS FOUR,0.4384,0.0046,0.557
SPADES QUEEN HEARTS ACE,0.2604,0.0152,0.7244
SPADES FIVE HEARTS KING,0.4068,0.0072,0.586
SPADES EIGHT SPADES FOUR,0.5946,0.0098,0.3956
SPADES QUEEN HEARTS TEN,0.2644,0.1084,0.6272
SPADES ACE DIAMONDS TEN,0.3774,0.005,0.6176
DIAMONDS ACE SPADES SEVEN,0.2962,0.0286,0.6752
DIAMONDS THREE DIAMONDS EIGHT,0.618,0.0132,0.3688
SPADES JACK SPADES SEVEN,0.6824,0.0442,0.2734
SPADES ACE CLUBS EIGHT,0.4044,0.0046,0.591
SPADES ACE CLUBS THREE,0.4372,0.0038,0.559
HEARTS SIX DIAMONDS FIVE,0.6244,0.0134,0.3622
SPADES JACK CLUBS SIX,0.648,0.0094,0.3426
CLUBS SEVEN CLUBS TWO,0.686,0.0492,0.2648
CLUBS SEVEN SPADES TWO,0.7408,0.0496,0.2096
SPADES SIX CLUBS ACE,0.43,0.0026,0.5674
CLUBS THREE CLUBS TWO,0.6214,0.0148,0.3638
HEARTS SIX CLUBS TWO,0.6724,0.015,0.3126
CLUBS JACK HEARTS JACK,0.314,0.0104,0.6756
DIAMONDS THREE HEARTS THREE,0.468,0.0228,0.5092
SPADES FIVE HEARTS EIGHT,0.628,0.0118,0.3602
HEARTS THREE CLUBS TWO,0.6514,0.013,0.3356
SPADES THREE DIAMONDS FOUR,0.6474,0.0122,0.3404
SPADES KING HEARTS EIGHT,0.4092,0.0082,0.5826
SPADES ACE HEARTS FIVE,0.416,0.0046,0.5794
HEARTS FIVE HEARTS TEN,0.65,0.013,0.337
HEARTS THREE DIAMONDS SEVEN,0.7224,0.049,0.2286
SPADES SIX SPADES FOUR,0.6118,0.013,0.3752
SPADES FOUR CLUBS QUEEN,0.5042,0.2832,0.2126
SPADES ACE CLUBS TWO,0.4402,0.0044,0.5554
HEARTS THREE SPADES TWO,0.6528,0.013,0.3342
CLUBS SEVEN DIAMONDS FOUR,0.7214,0.0474,0.2312
SPADES QUEEN HEARTS FOUR,0.495,0.2898,0.2152
DIAMONDS THREE CLUBS TEN,0.6458,0.0132,0.341
SPADES ACE DIAMONDS THREE,0.4412,0.004,0.5548
CLUBS THREE HEARTS TEN,0.6528,0.01,0.3372
DIAMONDS KING HEARTS NINE,0.3832,0.01,0.6068
SPADES THREE CLUBS ACE,0.4294,0.0048,0.5658
DIAMONDS ACE DIAMONDS TEN,0.3746,0.0034,0.622
SPADES FIVE DIAMONDS NINE,0.6486,0.012,0.3394
CLUBS SEVEN DIAMONDS QUEEN,0.0796,0.8964,0.024
CLUBS TWO DIAMONDS TEN,0.6462,0.012,0.3418
SPADES FOUR SPADES TWO,0.6192,0.0124,0.3684
CLUBS SEVEN HEARTS EIGHT,0.6718,0.0436,0.2846
HEARTS THREE DIAMONDS KING,0.4358,0.007,0.5572
CLUBS JACK SPADES FIVE,0.6496,0.0116,0.3388
HEARTS THREE CLUBS SIX,0.6506,0.0134,0.336
SPADES QUEEN DIAMONDS KING,0.29,0.0254,0.6846
DIAMONDS JACK HEARTS KING,0.3572,0.007,0.6358
SPADES TEN SPADES SIX,0.601,0.0106,0.3884
SPADES FIVE HEARTS TEN,0.6416,0.0136,0.3448
SPADES QUEEN CLUBS KING,0.2796,0.0258,0.6946
CLUBS FIVE DIAMONDS SEVEN,0.6946,0.0414,0.264
HEARTS THREE SPADES EIGHT,0.649,0.0138,0.3372
DIAMONDS THREE DIAMONDS TWO,0.6328,0.014,0.3532
HEARTS EIGHT DIAMONDS FOUR,0.6466,0.0134,0.34
HEARTS SIX CLUBS ACE,0.4204,0.0058,0.5738
DIAMONDS ACE DIAMONDS KING,0.3418,0.005,0.6532
SPADES SEVEN DIAMONDS JACK,0.7214,0.0414,0.2372
DIAMONDS JACK DIAMONDS TEN,0.5426,0.007,0.4504
DIAMONDS TEN DIAMONDS EIGHT,0.5536,0.012,0.4344
SPADES EIGHT DIAMONDS KING,0.3982,0.0072,0.5946
HEARTS FOUR CLUBS FOUR,0.4686,0.0258,0.5056
SPADES JACK CLUBS SEVEN,0.7212,0.041,0.2378
SPADES ACE CLUBS SEVEN,0.2846,0.0252,0.6902
CLUBS FOUR DIAMONDS EIGHT,0.6544,0.0084,0.3372
HEARTS KING DIAMONDS EIGHT,0.3904,0.0068,0.6028
HEARTS SIX SPADES SIX,0.4512,0.0226,0.5262
SPADES THREE CLUBS KING,0.441,0.0086,0.5504
SPADES SEVEN SPADES THREE,0.6904,0.04,0.2696
DIAMONDS THREE SPADES JACK,0.6612,0.0098,0.329
DIAMONDS ACE CLUBS FOUR,0.426,0.0026,0.5714
CLUBS EIGHT DIAMONDS KING,0.401,0.0078,0.5912
CLUBS TEN CLUBS THREE,0.6024,0.0128,0.3848
CLUBS NINE CLUBS TWO,0.6058,0.013,0.3812
CLUBS SEVEN SPADES EIGHT,0.6916,0.0314,0.277
CLUBS FOUR HEARTS JACK,0.637,0.0116,0.3514
CLUBS JACK SPADES TEN,0.5564,0.0098,0.4338
HEARTS FOUR SPADES FIVE,0.629,0.0118,0.3592
SPADES TWO CLUBS ACE,0.4384,0.0042,0.5574
HEARTS FOUR HEARTS TWO,0.662,0.0134,0.3246
CLUBS SEVEN DIAMONDS SEVEN,0.3212,0.03,0.6488
CLUBS NINE SPADES THREE,0.6546,0.0128,0.3326
CLUBS JACK CLUBS TWO,0.6124,0.0086,0.379
DIAMONDS TEN DIAMONDS NINE,0.542,0.0088,0.4492
HEARTS FOUR DIAMONDS JACK,0.6396,0.0118,0.3486
DIAMONDS EIGHT DIAMONDS SEVEN,0.6466,0.039,0.3144
SPADES FIVE HEARTS NINE,0.6426,0.0128,0.3446
DIAMONDS KING CLUBS TWO,0.4304,0.007,0.5626
HEARTS SIX SPADES EIGHT,0.6114,0.0096,0.379
SPADES SEVEN HEARTS EIGHT,0.6876,0.0362,0.2762
DIAMONDS TWO DIAMONDS NINE,0.6082,0.011,0.3808
SPADES NINE DIAMONDS KING,0.402,0.0062,0.5918
SPADES SIX DIAMONDS SIX,0.4484,0.0212,0.5304
DIAMONDS QUEEN CLUBS THREE,0.5038,0.2874,0.2088
DIAMONDS TWO DIAMONDS SIX,0.642,0.0104,0.3476
DIAMONDS ACE HEARTS EIGHT,0.3836,0.0056,0.6108
CLUBS JACK SPADES SEVEN,0.7132,0.0448,0.242
CLUBS JACK DIAMONDS ACE,0.382,0.0034,0.6146
HEARTS FOUR CLUBS SEVEN,0.7004,0.0454,0.2542
CLUBS JACK HEARTS FIVE,0.6426,0.012,0.3454
HEARTS FIVE SPADES NINE,0.6386,0.0144,0.347
SPADES JACK HEARTS NINE,0.565,0.0086,0.4264
CLUBS NINE HEARTS TEN,0.5696,0.014,0.4164
SPADES QUEEN CLUBS NINE,0.274,0.156,0.57
HEARTS SIX HEARTS NINE,0.6354,0.0092,0.3554
SPADES KING HEARTS THREE,0.429,0.008,0.563
SPADES TEN DIAMONDS SIX,0.643,0.01,0.347
HEARTS THREE SPADES SEVEN,0.7224,0.0468,0.2308
SPADES QUEEN DIAMONDS EIGHT,0.2672,0.2172,0.5156
CLUBS TEN HEARTS EIGHT,0.583,0.0124,0.4046
HEARTS ACE DIAMONDS FOUR,0.4172,0.0052,0.5776
HEARTS SIX DIAMONDS NINE,0.6184,0.0106,0.371
HEARTS FOUR CLUBS THREE,0.6514,0.0118,0.3368
SPADES KING HEARTS TEN,0.3612,0.0062,0.6326
HEARTS KING DIAMONDS SIX,0.405,0.0068,0.5882
SPADES EIGHT HEARTS ACE,0.3744,0.0052,0.6204
DIAMONDS ACE HEARTS ACE,0.1534,0.0036,0.843
HEARTS JACK DIAMONDS FIVE,0.6468,0.0114,0.3418
CLUBS NINE CLUBS FOUR,0.618,0.0124,0.3696
CLUBS SEVEN HEARTS TEN,0.7138,0.0382,0.248
SPADES ACE HEARTS SIX,0.418,0.0058,0.5762
CLUBS FIVE CLUBS KING,0.402,0.0058,0.5922
CLUBS SIX HEARTS NINE,0.6248,0.0126,0.3626
HEARTS FIVE CLUBS NINE,0.6302,0.012,0.3578
SPADES FOUR HEARTS TEN,0.6478,0.0116,0.3406
HEARTS FOUR SPADES NINE,0.6334,0.011,0.3556
SPADES QUEEN SPADES THREE,0.474,0.262,0.264
CLUBS FOUR SPADES TWO,0.6488,0.0126,0.3386
CLUBS NINE HEARTS KING,0.3848,0.0076,0.6076
HEARTS FIVE DIAMONDS EIGHT,0.6206,0.0124,0.367
SPADES SIX DIAMONDS FOUR,0.658,0.0092,0.3328
HEARTS FOUR HEARTS EIGHT,0.6388,0.0116,0.3496
CLUBS JACK SPADES KING,0.3844,0.0064,0.6092
DIAMONDS KING SPADES THREE,0.4482,0.009,0.5428
SPADES FIVE CLUBS TWO,0.6568,0.013,0.3302
DIAMONDS THREE SPADES FOUR,0.6402,0.0132,0.3466
HEARTS SIX DIAMONDS THREE,0.6582,0.0152,0.3266
SPADES QUEEN HEARTS JACK,0.2666,0.092,0.6414
DIAMONDS KING CLUBS QUEEN,0.2756,0.0248,0.6996
CLUBS NINE HEARTS TWO,0.6552,0.0126,0.3322
HEARTS SIX CLUBS SIX,0.439,0.0286,0.5324
CLUBS TWO HEARTS JACK,0.6464,0.012,0.3416
HEARTS FIVE SPADES QUEEN,0.4894,0.2872,0.2234
CLUBS NINE DIAMONDS FIVE,0.647,0.0114,0.3416
HEARTS ACE CLUBS KING,0.3466,0.0048,0.6486
SPADES KING DIAMONDS TEN,0.371,0.0072,0.6218
SPADES TEN SPADES FOUR,0.6136,0.0118,0.3746
CLUBS THREE CLUBS KING,0.404,0.008,0.588
DIAMONDS TWO HEARTS NINE,0.6382,0.0128,0.349
DIAMONDS TWO CLUBS KING,0.4356,0.0086,0.5558
SPADES JACK HEARTS ACE,0.3804,0.0038,0.6158
DIAMONDS SEVEN DIAMONDS FOUR,0.6744,0.0448,0.2808
CLUBS TWO DIAMONDS FOUR,0.6668,0.0142,0.319
HEARTS TWO HEARTS NINE,0.647,0.0142,0.3388
SPADES TEN HEARTS TWO,0.653,0.0114,0.3356
CLUBS FOUR DIAMONDS FIVE,0.6248,0.0124,0.3628
HEARTS TWO DIAMONDS ACE,0.4116,0.006,0.5824
CLUBS SEVEN DIAMONDS ACE,0.281,0.026,0.693
HEARTS SIX HEARTS TEN,0.6376,0.0112,0.3512
SPADES TWO CLUBS QUEEN,0.4962,0.293,0.2108
DIAMONDS THREE DIAMONDS SIX,0.6118,0.0146,0.3736
HEARTS FOUR DIAMONDS TEN,0.6406,0.0108,0.3486
SPADES TEN HEARTS ACE,0.3832,0.0058,0.611
HEARTS JACK DIAMONDS FOUR,0.647,0.0096,0.3434
CLUBS FOUR CLUBS ACE,0.4086,0.0054,0.586
HEARTS FIVE DIAMONDS JACK,0.6292,0.0106,0.3602
DIAMONDS ACE DIAMONDS SIX,0.4128,0.005,0.5822
CLUBS JACK CLUBS TEN,0.531,0.0094,0.4596
HEARTS FOUR SPADES EIGHT,0.6304,0.014,0.3556
HEARTS SIX HEARTS KING,0.3868,0.0062,0.607
SPADES QUEEN HEARTS NINE,0.2612,0.156,0.5828
CLUBS JACK DIAMONDS SEVEN,0.7286,0.0364,0.235
SPADES THREE HEARTS NINE,0.6396,0.0138,0.3466
SPADES FOUR CLUBS ACE,0.4326,0.0046,0.5628
SPADES JACK SPADES FIVE,0.6072,0.0126,0.3802
CLUBS FIVE DIAMONDS EIGHT,0.6368,0.0134,0.3498
DIAMONDS TWO CLUBS THREE,0.665,0.0134,0.3216
CLUBS SEVEN DIAMONDS TEN,0.7058,0.0432,0.251
SPADES KING SPADES EIGHT,0.3772,0.0066,0.6162
SPADES JACK DIAMONDS FOUR,0.6536,0.0116,0.3348
DIAMONDS JACK SPADES THREE,0.6596,0.01,0.3304
CLUBS JACK SPADES FOUR,0.6542,0.012,0.3338
HEARTS TEN HEARTS EIGHT,0.5816,0.013,0.4054
HEARTS FOUR SPADES SIX,0.64,0.0116,0.3484
HEARTS SIX DIAMONDS SIX,0.4462,0.0252,0.5286
HEARTS FOUR CLUBS TWO,0.6608,0.0116,0.3276
SPADES SEVEN CLUBS KING,0.2816,0.0348,0.6836
SPADES QUEEN CLUBS FOUR,0.4986,0.2842,0.2172
CLUBS NINE CLUBS SIX,0.591,0.0112,0.3978
DIAMONDS KING DIAMONDS FOUR,0.427,0.0084,0.5646
CLUBS THREE SPADES TWO,0.6676,0.0118,0.3206
CLUBS SIX CLUBS FIVE,0.5922,0.0142,0.3936
SPADES JACK CLUBS FIVE,0.647,0.0088,0.3442
DIAMONDS FIVE CLUBS QUEEN,0.5008,0.2834,0.2158
SPADES KING CLUBS FIVE,0.4298,0.0066,0.5636
SPADES NINE CLUBS THREE,0.6568,0.0102,0.333
DIAMONDS KING CLUBS KING,0.1716,0.0044,0.824
SPADES TWO DIAMONDS FOUR,0.66,0.0144,0.3256
SPADES JACK CLUBS TWO,0.6512,0.0126,0.3362
HEARTS KING DIAMONDS SEVEN,0.264,0.0376,0.6984
DIAMONDS TWO HEARTS FOUR,0.6572,0.0134,0.3294
CLUBS SIX HEARTS JACK,0.6408,0.0104,0.3488
CLUBS SEVEN CLUBS SIX,0.641,0.0406,0.3184
SPADES JACK DIAMONDS TEN,0.5764,0.0058,0.4178
DIAMONDS QUEEN SPADES FIVE,0.4766,0.2962,0.2272
HEARTS THREE SPADES THREE,0.4704,0.028,0.5016
DIAMONDS QUEEN DIAMONDS JACK,0.2582,0.0796,0.6622
CLUBS TEN CLUBS QUEEN,0.26,0.1094,0.6306
HEARTS ACE SPADES THREE,0.4206,0.0056,0.5738
DIAMONDS ACE SPADES THREE,0.4286,0.003,0.5684
CLUBS JACK CLUBS NINE,0.5448,0.008,0.4472
SPADES QUEEN CLUBS THREE,0.5014,0.293,0.2056
HEARTS FIVE CLUBS TWO,0.6572,0.0132,0.3296
DIAMONDS KING SPADES FOUR,0.4508,0.0078,0.5414
HEARTS FOUR SPADES SEVEN,0.6982,0.0432,0.2586
SPADES NINE SPADES SIX,0.5896,0.0136,0.3968
CLUBS FOUR CLUBS QUEEN,0.478,0.2688,0.2532
SPADES EIGHT DIAMONDS SIX,0.6248,0.011,0.3642
SPADES ACE SPADES QUEEN,0.2512,0.015,0.7338
HEARTS TWO CLUBS TWO,0.475,0.0276,0.4974
CLUBS FIVE DIAMONDS NINE,0.6362,0.0114,0.3524
CLUBS KING DIAMONDS FOUR,0.4356,0.0068,0.5576
CLUBS FOUR DIAMONDS SIX,0.6408,0.014,0.3452
CLUBS FIVE DIAMONDS QUEEN,0.499,0.2794,0.2216
CLUBS TEN CLUBS SEVEN,0.6644,0.0414,0.2942
CLUBS NINE CLUBS ACE,0.3668,0.0058,0.6274
CLUBS EIGHT CLUBS SIX,0.5894,0.0084,0.4022
SPADES FIVE DIAMONDS FOUR,0.6244,0.0114,0.3642
SPADES NINE CLUBS QUEEN,0.2738,0.1588,0.5674
CLUBS NINE HEARTS NINE,0.3246,0.0168,0.6586
DIAMONDS THREE HEARTS EIGHT,0.6514,0.0136,0.335
SPADES SIX SPADES TWO,0.6304,0.0108,0.3588
SPADES TEN DIAMONDS QUEEN,0.2678,0.113,0.6192
SPADES KING CLUBS THREE,0.4366,0.006,0.5574
CLUBS SEVEN SPADES FIVE,0.6944,0.0432,0.2624
DIAMONDS ACE SPADES FIVE,0.4234,0.0048,0.5718
SPADES KING HEARTS FOUR,0.4342,0.006,0.5598
SPADES NINE DIAMONDS JACK,0.5822,0.0096,0.4082
SPADES SIX HEARTS TEN,0.6424,0.0116,0.346
SPADES FIVE CLUBS KING,0.4232,0.0084,0.5684
CLUBS EIGHT HEARTS NINE,0.58,0.0102,0.4098
SPADES EIGHT SPADES TWO,0.6204,0.0104,0.3692
HEARTS KING HEARTS TEN,0.3188,0.007,0.6742
HEARTS SIX HEARTS EIGHT,0.6202,0.0122,0.3676
HEARTS FOUR DIAMONDS QUEEN,0.4856,0.298,0.2164
CLUBS SIX DIAMONDS QUEEN,0.4942,0.2806,0.2252
DIAMONDS JACK DIAMONDS FIVE,0.6044,0.0114,0.3842
CLUBS SIX SPADES THREE,0.6684,0.0116,0.32
CLUBS KING DIAMONDS FIVE,0.4338,0.0078,0.5584
SPADES EIGHT CLUBS KING,0.4004,0.0074,0.5922
CLUBS TEN SPADES TWO,0.649,0.0132,0.3378
SPADES KING DIAMONDS FOUR,0.4382,0.0076,0.5542
SPADES JACK SPADES TWO,0.6024,0.0098,0.3878
CLUBS THREE HEARTS EIGHT,0.6616,0.0106,0.3278
SPADES QUEEN SPADES FIVE,0.453,0.28,0.267
HEARTS TWO HEARTS KING,0.3846,0.01,0.6054
SPADES EIGHT HEARTS EIGHT,0.3204,0.0218,0.6578
SPADES TEN CLUBS TWO,0.6596,0.012,0.3284
CLUBS JACK DIAMONDS EIGHT,0.6008,0.0092,0.39
SPADES FOUR DIAMONDS FOUR,0.4664,0.0242,0.5094
CLUBS EIGHT HEARTS THREE,0.6492,0.013,0.3378
CLUBS EIGHT SPADES EIGHT,0.3376,0.0182,0.6442
CLUBS SIX DIAMONDS ACE,0.4242,0.0034,0.5724
DIAMONDS THREE CLUBS FIVE,0.6484,0.0132,0.3384
CLUBS JACK HEARTS THREE,0.6476,0.0122,0.3402
HEARTS FIVE SPADES FOUR,0.6254,0.0138,0.3608
CLUBS TEN CLUBS TWO,0.6194,0.0126,0.368
CLUBS TEN SPADES QUEEN,0.279,0.1066,0.6144
SPADES FIVE SPADES FOUR,0.5918,0.011,0.3972
DIAMONDS NINE HEARTS KING,0.3806,0.0092,0.6102
SPADES KING SPADES FOUR,0.4052,0.0094,0.5854
SPADES SIX DIAMONDS EIGHT,0.63,0.0092,0.3608
CLUBS TEN SPADES THREE,0.644,0.0102,0.3458
CLUBS THREE DIAMONDS EIGHT,0.6606,0.013,0.3264
HEARTS TWO SPADES SIX,0.6778,0.0134,0.3088
CLUBS ACE HEARTS TEN,0.3734,0.0054,0.6212
DIAMONDS SEVEN CLUBS KING,0.2702,0.035,0.6948
HEARTS TWO DIAMONDS NINE,0.66,0.012,0.328
SPADES KING HEARTS JACK,0.377,0.008,0.615
SPADES SIX CLUBS THREE,0.6558,0.0114,0.3328
SPADES FOUR DIAMONDS SEVEN,0.7178,0.0436,0.2386
HEARTS SIX HEARTS THREE,0.6512,0.0122,0.3366
CLUBS TEN SPADES FIVE,0.6516,0.011,0.3374
DIAMONDS JACK DIAMONDS SIX,0.6112,0.0094,0.3794
SPADES THREE DIAMONDS EIGHT,0.6492,0.0106,0.3402
CLUBS NINE DIAMONDS SIX,0.634,0.0112,0.3548
HEARTS ACE DIAMONDS SIX,0.4316,0.0058,0.5626
DIAMONDS TEN SPADES TWO,0.6596,0.0118,0.3286
CLUBS TEN SPADES JACK,0.5744,0.0096,0.416
DIAMONDS ACE SPADES EIGHT,0.3872,0.003,0.6098
SPADES QUEEN CLUBS SEVEN,0.073,0.9072,0.0198
HEARTS SIX DIAMONDS EIGHT,0.6102,0.0096,0.3802
SPADES NINE HEARTS KING,0.37,0.0068,0.6232
DIAMONDS NINE DIAMONDS SIX,0.5888,0.0108,0.4004
CLUBS EIGHT HEARTS TWO,0.656,0.0118,0.3322
SPADES JACK CLUBS FOUR,0.6544,0.0088,0.3368
HEARTS TWO DIAMONDS KING,0.4278,0.0086,0.5636
SPADES SIX HEARTS NINE,0.6312,0.0108,0.358
DIAMONDS NINE SPADES TWO,0.6618,0.0122,0.326
SPADES JACK DIAMONDS FIVE,0.6596,0.0092,0.3312
SPADES ACE SPADES TWO,0.413,0.0042,0.5828
CLUBS TWO DIAMONDS SIX,0.6706,0.0138,0.3156
HEARTS FOUR CLUBS EIGHT,0.6202,0.015,0.3648
SPADES JACK CLUBS ACE,0.3914,0.0056,0.603
SPADES ACE CLUBS JACK,0.3968,0.003,0.6002
HEARTS SIX SPADES TWO,0.6798,0.008,0.3122
DIAMONDS NINE CLUBS ACE,0.3972,0.0052,0.5976
SPADES NINE HEARTS ACE,0.389,0.0046,0.6064
HEARTS KING DIAMONDS FIVE,0.4228,0.0076,0.5696
HEARTS FIVE DIAMONDS TWO,0.6502,0.0174,0.3324
SPADES KING CLUBS EIGHT,0.4086,0.008,0.5834
SPADES EIGHT DIAMONDS TEN,0.6038,0.01,0.3862
SPADES JACK DIAMONDS SEVEN,0.7248,0.041,0.2342
SPADES NINE CLUBS ACE,0.4026,0.0028,0.5946
HEARTS THREE SPADES NINE,0.6508,0.0134,0.3358
SPADES KING DIAMONDS TWO,0.4284,0.007,0.5646
HEARTS JACK CLUBS QUEEN,0.2736,0.0846,0.6418
DIAMONDS KING SPADES SIX,0.4292,0.0078,0.563
HEARTS SIX SPADES FIVE,0.6216,0.013,0.3654
CLUBS NINE CLUBS THREE,0.6074,0.0118,0.3808
SPADES TEN DIAMONDS SEVEN,0.7128,0.043,0.2442
CLUBS ACE CLUBS QUEEN,0.2632,0.0168,0.72
DIAMONDS TWO SPADES THREE,0.666,0.013,0.321
HEARTS TEN DIAMONDS FOUR,0.6282,0.013,0.3588
DIAMONDS TWO SPADES FIVE,0.6552,0.0112,0.3336
DIAMONDS KING SPADES TWO,0.4298,0.008,0.5622
DIAMONDS THREE CLUBS QUEEN,0.5068,0.2844,0.2088
SPADES NINE DIAMONDS NINE,0.3322,0.0166,0.6512
SPADES NINE HEARTS TEN,0.5708,0.0106,0.4186
SPADES EIGHT HEARTS TEN,0.5894,0.0112,0.3994
CLUBS SEVEN HEARTS NINE,0.6868,0.0432,0.27
HEARTS FIVE HEARTS THREE,0.6308,0.0148,0.3544
SPADES KING SPADES NINE,0.38,0.0068,0.6132
SPADES FIVE CLUBS ACE,0.4352,0.004,0.5608
DIAMONDS JACK DIAMONDS SEVEN,0.6744,0.0428,0.2828
SPADES ACE CLUBS ACE,0.1668,0.0042,0.829
DIAMONDS QUEEN SPADES THREE,0.4984,0.2872,0.2144
SPADES ACE CLUBS KING,0.3596,0.0036,0.6368
SPADES ACE HEARTS TWO,0.4426,0.0042,0.5532
CLUBS ACE DIAMONDS FIVE,0.4274,0.0048,0.5678
DIAMONDS TWO DIAMONDS KING,0.4104,0.0074,0.5822
SPADES KING HEARTS ACE,0.3478,0.0056,0.6466
CLUBS FIVE DIAMONDS FOUR,0.6446,0.0174,0.338
CLUBS NINE DIAMONDS EIGHT,0.5776,0.0102,0.4122
SPADES TEN CLUBS QUEEN,0.28,0.1064,0.6136
SPADES FIVE SPADES THREE,0.6074,0.0136,0.379
HEARTS TEN DIAMONDS SIX,0.6302,0.011,0.3588
SPADES TEN DIAMONDS JACK,0.5586,0.0112,0.4302
SPADES NINE SPADES EIGHT,0.5546,0.0138,0.4316
SPADES ACE SPADES SIX,0.4144,0.003,0.5826
SPADES ACE SPADES FOUR,0.428,0.004,0.568
SPADES FOUR DIAMONDS NINE,0.6634,0.013,0.3236
CLUBS SIX CLUBS ACE,0.4074,0.0048,0.5878
HEARTS FIVE SPADES TEN,0.6358,0.0128,0.3514
DIAMONDS TEN HEARTS JACK,0.5628,0.0086,0.4286
HEARTS TWO CLUBS ACE,0.4284,0.007,0.5646
HEARTS JACK HEARTS TEN,0.558,0.0102,0.4318
SPADES ACE HEARTS KING,0.354,0.0046,0.6414
SPADES TWO HEARTS NINE,0.6402,0.0122,0.3476
CLUBS EIGHT SPADES FIVE,0.6356,0.0096,0.3548
HEARTS FIVE SPADES FIVE,0.4522,0.0242,0.5236
HEARTS KING DIAMONDS FOUR,0.419,0.0072,0.5738
CLUBS ACE HEARTS NINE,0.3806,0.0024,0.617
CLUBS FOUR HEARTS ACE,0.4224,0.0054,0.5722
CLUBS TEN DIAMONDS ACE,0.3934,0.0032,0.6034
SPADES QUEEN SPADES TEN,0.2648,0.1058,0.6294
CLUBS SIX DIAMONDS NINE,0.6376,0.0098,0.3526
SPADES ACE DIAMONDS SEVEN,0.2768,0.0234,0.6998
DIAMONDS TEN DIAMONDS FOUR,0.6036,0.0096,0.3868
DIAMONDS QUEEN CLUBS KING,0.2666,0.0276,0.7058
SPADES NINE HEARTS JACK,0.573,0.0112,0.4158
HEARTS FIVE HEARTS KING,0.391,0.0076,0.6014
HEARTS FOUR DIAMONDS SEVEN,0.7216,0.0438,0.2346
SPADES JACK HEARTS JACK,0.315,0.0118,0.6732
DIAMONDS TEN SPADES THREE,0.6604,0.0104,0.3292
HEARTS THREE DIAMONDS FIVE,0.6466,0.0142,0.3392
SPADES ACE CLUBS SIX,0.4388,0.003,0.5582
HEARTS ACE CLUBS QUEEN,0.2562,0.0142,0.7296
DIAMONDS NINE HEARTS NINE,0.3198,0.0212,0.659
HEARTS SIX DIAMONDS SEVEN,0.682,0.0426,0.2754
HEARTS THREE CLUBS THREE,0.468,0.0252,0.5068
CLUBS JACK DIAMONDS TWO,0.6554,0.012,0.3326
DIAMONDS TWO CLUBS NINE,0.6414,0.0132,0.3454
HEARTS FIVE HEARTS EIGHT,0.6242,0.0126,0.3632
DIAMONDS JACK HEARTS NINE,0.5746,0.0104,0.415
SPADES EIGHT CLUBS FOUR,0.641,0.0108,0.3482
DIAMONDS SEVEN DIAMONDS FIVE,0.6606,0.0462,0.2932
HEARTS FIVE CLUBS ACE,0.4048,0.0048,0.5904
CLUBS SEVEN DIAMONDS NINE,0.6898,0.0416,0.2686
HEARTS FOUR SPADES FOUR,0.4562,0.0306,0.5132
HEARTS TWO CLUBS QUEEN,0.494,0.2964,0.2096
CLUBS NINE DIAMONDS NINE,0.3416,0.0198,0.6386
DIAMONDS QUEEN HEARTS JACK,0.2722,0.0848,0.643
CLUBS JACK SPADES NINE,0.5876,0.0116,0.4008
CLUBS JACK HEARTS ACE,0.3692,0.0044,0.6264
CLUBS TEN HEARTS JACK,0.561,0.01,0.429
HEARTS THREE CLUBS FOUR,0.6468,0.0136,0.3396
CLUBS EIGHT CLUBS ACE,0.3604,0.0038,0.6358
CLUBS TEN SPADES SEVEN,0.7042,0.0404,0.2554
CLUBS JACK HEARTS NINE,0.5754,0.0098,0.4148
SPADES KING HEARTS NINE,0.3718,0.008,0.6202
CLUBS THREE HEARTS KING,0.4242,0.0086,0.5672
SPADES THREE CLUBS QUEEN,0.4966,0.299,0.2044
DIAMONDS THREE CLUBS EIGHT,0.66,0.0118,0.3282
SPADES KING SPADES SEVEN,0.2708,0.0322,0.697
DIAMONDS THREE CLUBS KING,0.44,0.0054,0.5546
CLUBS TWO SPADES FOUR,0.6696,0.0142,0.3162
HEARTS FOUR DIAMONDS ACE,0.429,0.0078,0.5632
DIAMONDS SEVEN DIAMONDS SIX,0.6424,0.0462,0.3114
SPADES EIGHT SPADES FIVE,0.5884,0.01,0.4016
SPADES EIGHT DIAMONDS NINE,0.5884,0.009,0.4026
CLUBS TWO DIAMONDS EIGHT,0.659,0.012,0.329
HEARTS JACK CLUBS KING,0.371,0.0066,0.6224
DIAMONDS TWO CLUBS EIGHT,0.6442,0.0114,0.3444
HEARTS FOUR DIAMONDS NINE,0.6484,0.0102,0.3414
SPADES EIGHT HEARTS JACK,0.6044,0.0106,0.385
HEARTS SIX HEARTS ACE,0.3814,0.0044,0.6142
CLUBS FIVE CLUBS FOUR,0.6026,0.0126,0.3848
SPADES EIGHT CLUBS FIVE,0.6184,0.0114,0.3702
HEARTS SIX DIAMONDS TEN,0.6434,0.009,0.3476
SPADES TEN SPADES SEVEN,0.6538,0.0388,0.3074
HEARTS SIX SPADES QUEEN,0.4736,0.3046,0.2218
SPADES ACE DIAMONDS ACE,0.1712,0.0044,0.8244
DIAMONDS THREE HEARTS KING,0.4242,0.0096,0.5662
HEARTS THREE CLUBS SEVEN,0.7156,0.0432,0.2412
DIAMONDS ACE DIAMONDS FIVE,0.4002,0.004,0.5958
HEARTS TEN DIAMONDS FIVE,0.646,0.0128,0.3412
SPADES NINE SPADES SEVEN,0.6468,0.0414,0.3118
CLUBS SEVEN CLUBS KING,0.2622,0.03,0.7078
CLUBS FIVE HEARTS TEN,0.6588,0.0096,0.3316
SPADES ACE CLUBS FIVE,0.4202,0.0042,0.5756
DIAMONDS TWO SPADES JACK,0.6542,0.0096,0.3362
SPADES TWO DIAMONDS FIVE,0.651,0.012,0.337
SPADES SIX CLUBS TWO,0.6694,0.0136,0.317
HEARTS SIX SPADES KING,0.4112,0.0078,0.581
CLUBS JACK CLUBS THREE,0.6176,0.0118,0.3706
HEARTS ACE HEARTS EIGHT,0.3254,0.005,0.6696
SPADES QUEEN CLUBS EIGHT,0.2658,0.217,0.5172
CLUBS JACK HEARTS FOUR,0.6504,0.0116,0.338
SPADES THREE DIAMONDS SIX,0.6608,0.0118,0.3274
HEARTS FIVE CLUBS SIX,0.6246,0.014,0.3614
SPADES EIGHT DIAMONDS FOUR,0.6394,0.0106,0.35
DIAMONDS TEN CLUBS QUEEN,0.2792,0.1116,0.6092
DIAMONDS TEN DIAMONDS SIX,0.6092,0.0134,0.3774
CLUBS FOUR DIAMONDS QUEEN,0.4912,0.296,0.2128
SPADES ACE DIAMONDS SIX,0.435,0.0028,0.5622
HEARTS FIVE CLUBS FIVE,0.4518,0.0244,0.5238
SPADES JACK SPADES TEN,0.5382,0.009,0.4528
CLUBS JACK DIAMONDS SIX,0.651,0.0126,0.3364
HEARTS TWO HEARTS ACE,0.3886,0.0066,0.6048
DIAMONDS THREE DIAMONDS TEN,0.6054,0.013,0.3816
HEARTS FOUR DIAMONDS FOUR,0.4492,0.0256,0.5252
CLUBS SEVEN SPADES NINE,0.6968,0.0396,0.2636
SPADES ACE SPADES THREE,0.4068,0.0044,0.5888
HEARTS TWO DIAMONDS JACK,0.6468,0.0148,0.3384
HEARTS FIVE CLUBS SEVEN,0.6998,0.0432,0.257
SPADES KING CLUBS TWO,0.4388,0.0074,0.5538
SPADES NINE DIAMONDS FOUR,0.6624,0.0098,0.3278
HEARTS THREE SPADES FIVE,0.648,0.0114,0.3406
DIAMONDS NINE HEARTS TEN,0.5944,0.0104,0.3952
SPADES KING DIAMONDS EIGHT,0.3896,0.0066,0.6038
CLUBS JACK SPADES EIGHT,0.605,0.012,0.383
DIAMONDS TWO SPADES TEN,0.6594,0.011,0.3296
SPADES ACE HEARTS TEN,0.3838,0.0054,0.6108
SPADES JACK DIAMONDS ACE,0.3932,0.0048,0.602
CLUBS NINE SPADES SEVEN,0.697,0.0386,0.2644
CLUBS JACK CLUBS FOUR,0.6134,0.011,0.3756
SPADES FOUR HEARTS ACE,0.4232,0.0062,0.5706
CLUBS TEN DIAMONDS QUEEN,0.2754,0.1084,0.6162
CLUBS NINE SPADES TWO,0.6544,0.0098,0.3358
SPADES SIX HEARTS ACE,0.4254,0.0038,0.5708
HEARTS THREE CLUBS FIVE,0.6434,0.0134,0.3432
CLUBS TEN HEARTS TWO,0.6424,0.0116,0.346
SPADES NINE DIAMONDS SIX,0.6366,0.0106,0.3528
DIAMONDS EIGHT DIAMONDS FOUR,0.6104,0.0132,0.3764
SPADES KING DIAMONDS NINE,0.3912,0.0058,0.603
SPADES SIX DIAMONDS NINE,0.6304,0.0092,0.3604
CLUBS JACK DIAMONDS THREE,0.6468,0.011,0.3422
HEARTS SIX DIAMONDS ACE,0.4306,0.0036,0.5658
DIAMONDS THREE SPADES SEVEN,0.722,0.0502,0.2278
SPADES FIVE CLUBS QUEEN,0.5018,0.285,0.2132
CLUBS FOUR CLUBS THREE,0.6016,0.0146,0.3838
SPADES QUEEN SPADES TWO,0.4738,0.2656,0.2606
HEARTS THREE HEARTS ACE,0.3718,0.0054,0.6228
SPADES ACE HEARTS ACE,0.1476,0.0036,0.8488
DIAMONDS EIGHT DIAMONDS SIX,0.5806,0.0122,0.4072
CLUBS TWO DIAMONDS FIVE,0.664,0.0134,0.3226
HEARTS FOUR CLUBS QUEEN,0.4888,0.2952,0.216
CLUBS NINE HEARTS FOUR,0.6446,0.0122,0.3432
CLUBS NINE DIAMONDS SEVEN,0.6894,0.04,0.2706
CLUBS FOUR CLUBS TWO,0.6182,0.011,0.3708
DIAMONDS TWO DIAMONDS QUEEN,0.4718,0.27,0.2582
HEARTS SIX SPADES SEVEN,0.6892,0.0474,0.2634
CLUBS EIGHT CLUBS FOUR,0.6038,0.0128,0.3834
CLUBS EIGHT DIAMONDS QUEEN,0.2782,0.213,0.5088
SPADES THREE SPADES TWO,0.6212,0.0134,0.3654
SPADES JACK CLUBS EIGHT,0.604,0.0088,0.3872
SPADES EIGHT DIAMONDS JACK,0.6134,0.0092,0.3774
HEARTS TEN CLUBS KING,0.3636,0.0066,0.6298
SPADES JACK HEARTS THREE,0.6472,0.0118,0.341
HEARTS FOUR SPADES TEN,0.6452,0.0118,0.343
CLUBS EIGHT HEARTS ACE,0.3794,0.0038,0.6168
SPADES EIGHT DIAMONDS FIVE,0.6416,0.0086,0.3498
CLUBS ACE CLUBS KING,0.3342,0.0054,0.6604
HEARTS KING SPADES TWO,0.444,0.0072,0.5488
DIAMONDS ACE HEARTS NINE,0.3902,0.0042,0.6056
HEARTS TWO SPADES SEVEN,0.7434,0.0458,0.2108
DIAMONDS ACE CLUBS FIVE,0.4226,0.0046,0.5728
DIAMONDS THREE DIAMONDS QUEEN,0.4638,0.2712,0.265
DIAMONDS THREE HEARTS FIVE,0.6484,0.0118,0.3398
DIAMONDS TWO DIAMONDS FOUR,0.6158,0.0116,0.3726
HEARTS KING HEARTS JACK,0.334,0.0074,0.6586
SPADES SEVEN HEARTS JACK,0.712,0.0452,0.2428
HEARTS SIX CLUBS NINE,0.6388,0.0102,0.351
CLUBS SEVEN CLUBS ACE,0.2732,0.021,0.7058
DIAMONDS KING DIAMONDS JACK,0.367,0.005,0.628
SPADES JACK SPADES FOUR,0.6022,0.012,0.3858
CLUBS TWO DIAMONDS SEVEN,0.7422,0.0458,0.212
DIAMONDS ACE DIAMONDS EIGHT,0.3808,0.004,0.6152
HEARTS TWO CLUBS KING,0.4364,0.0078,0.5558
CLUBS TEN HEARTS NINE,0.574,0.0084,0.4176
HEARTS FIVE HEARTS FOUR,0.6154,0.0138,0.3708
HEARTS SIX DIAMONDS TWO,0.6616,0.0138,0.3246
SPADES ACE HEARTS FOUR,0.439,0.0036,0.5574
HEARTS SIX HEARTS JACK,0.6468,0.0118,0.3414
SPADES QUEEN SPADES FOUR,0.4708,0.274,0.2552
CLUBS JACK CLUBS QUEEN,0.2624,0.0818,0.6558
DIAMONDS QUEEN DIAMONDS EIGHT,0.2454,0.2036,0.551
SPADES TWO DIAMONDS SEVEN,0.7376,0.051,0.2114
HEARTS SIX CLUBS TEN,0.644,0.0116,0.3444
CLUBS NINE SPADES NINE,0.3096,0.0178,0.6726
SPADES QUEEN DIAMONDS SIX,0.4996,0.2934,0.207
HEARTS SIX HEARTS FIVE,0.623,0.0144,0.3626
CLUBS FIVE SPADES FOUR,0.6224,0.013,0.3646
SPADES ACE DIAMONDS EIGHT,0.4012,0.0046,0.5942
CLUBS SEVEN SPADES FOUR,0.7106,0.0494,0.24
CLUBS THREE CLUBS QUEEN,0.467,0.2696,0.2634
CLUBS EIGHT CLUBS QUEEN,0.2574,0.2008,0.5418
DIAMONDS THREE CLUBS FOUR,0.6496,0.0138,0.3366
HEARTS FIVE CLUBS FOUR,0.6296,0.0126,0.3578
SPADES ACE SPADES SEVEN,0.2746,0.0256,0.6998
SPADES SEVEN CLUBS QUEEN,0.071,0.91,0.019
CLUBS NINE HEARTS JACK,0.5896,0.0134,0.397
DIAMONDS KING HEARTS KING,0.1638,0.0044,0.8318
SPADES TEN HEARTS NINE,0.577,0.0094,0.4136
CLUBS TEN HEARTS FIVE,0.6524,0.01,0.3376
HEARTS FIVE DIAMONDS TEN,0.6298,0.011,0.3592
SPADES SEVEN DIAMONDS FOUR,0.7084,0.0456,0.246
CLUBS SIX HEARTS TEN,0.6184,0.0122,0.3694
SPADES KING HEARTS TWO,0.4272,0.0054,0.5674
SPADES FIVE HEARTS ACE,0.4262,0.0036,0.5702
SPADES SIX DIAMONDS TEN,0.642,0.0104,0.3476
DIAMONDS SEVEN HEARTS TEN,0.6944,0.0418,0.2638
HEARTS TWO DIAMONDS FIVE,0.6572,0.0158,0.327
SPADES FIVE DIAMONDS EIGHT,0.628,0.0126,0.3594
DIAMONDS KING CLUBS THREE,0.4368,0.0084,0.5548
DIAMONDS JACK HEARTS ACE,0.3756,0.0042,0.6202
DIAMONDS EIGHT HEARTS TEN,0.5814,0.0106,0.408
HEARTS TWO SPADES TWO,0.4702,0.0306,0.4992
DIAMONDS THREE SPADES QUEEN,0.4886,0.2916,0.2198
DIAMONDS THREE HEARTS JACK,0.6352,0.0148,0.35
DIAMONDS ACE DIAMONDS QUEEN,0.2582,0.0144,0.7274
SPADES SEVEN CLUBS FOUR,0.7062,0.0466,0.2472
HEARTS TWO SPADES NINE,0.6614,0.0114,0.3272
SPADES NINE SPADES FIVE,0.5948,0.011,0.3942
CLUBS NINE DIAMONDS QUEEN,0.2856,0.15,0.5644
CLUBS SEVEN CLUBS QUEEN,0.0714,0.866,0.0626
SPADES FOUR CLUBS KING,0.4394,0.0076,0.553
SPADES JACK HEARTS TEN,0.569,0.0096,0.4214
HEARTS FIVE SPADES EIGHT,0.6184,0.0116,0.37
SPADES SEVEN DIAMONDS TEN,0.6996,0.0436,0.2568
HEARTS THREE HEARTS EIGHT,0.6442,0.0134,0.3424
CLUBS SEVEN DIAMONDS KING,0.2766,0.0334,0.69
SPADES TEN SPADES NINE,0.562,0.011,0.427
HEARTS FOUR CLUBS ACE,0.417,0.007,0.576
DIAMONDS QUEEN CLUBS TWO,0.5056,0.2836,0.2108
CLUBS EIGHT SPADES SIX,0.6236,0.0108,0.3656
HEARTS TWO CLUBS FOUR,0.6526,0.0148,0.3326
HEARTS FIVE CLUBS THREE,0.6296,0.0138,0.3566
SPADES SEVEN DIAMONDS SEVEN,0.3508,0.027,0.6222
CLUBS NINE CLUBS SEVEN,0.6578,0.0386,0.3036
DIAMONDS TWO SPADES NINE,0.6522,0.0108,0.337
DIAMONDS THREE SPADES KING,0.4288,0.009,0.5622
CLUBS JACK DIAMONDS QUEEN,0.2808,0.0894,0.6298
HEARTS FIVE HEARTS NINE,0.6256,0.012,0.3624
SPADES KING CLUBS QUEEN,0.276,0.0256,0.6984
DIAMONDS TWO SPADES FOUR,0.648,0.013,0.339
CLUBS EIGHT DIAMONDS JACK,0.6152,0.008,0.3768
CLUBS FIVE DIAMONDS KING,0.4204,0.0074,0.5722
SPADES SIX HEARTS KING,0.4082,0.0074,0.5844
SPADES ACE CLUBS QUEEN,0.2832,0.0144,0.7024
SPADES TEN DIAMONDS FOUR,0.6512,0.012,0.3368
CLUBS SIX DIAMONDS EIGHT,0.6136,0.0116,0.3748
SPADES JACK DIAMONDS KING,0.3888,0.0056,0.6056
HEARTS KING HEARTS NINE,0.3358,0.0076,0.6566
HEARTS NINE DIAMONDS FIVE,0.6344,0.0124,0.3532
CLUBS FOUR DIAMONDS NINE,0.649,0.0122,0.3388
CLUBS FIVE CLUBS THREE,0.6086,0.0158,0.3756
CLUBS FIVE SPADES THREE,0.6432,0.0116,0.3452
HEARTS FIVE HEARTS ACE,0.372,0.0056,0.6224
SPADES JACK SPADES EIGHT,0.557,0.011,0.432
HEARTS SIX DIAMONDS QUEEN,0.494,0.2908,0.2152
HEARTS TWO DIAMONDS SIX,0.6576,0.0118,0.3306
HEARTS TWO DIAMONDS QUEEN,0.5022,0.2886,0.2092
SPADES NINE HEARTS EIGHT,0.588,0.0096,0.4024
SPADES EIGHT SPADES SIX,0.5768,0.0112,0.412
SPADES THREE HEARTS JACK,0.6454,0.0128,0.3418
DIAMONDS TEN HEARTS EIGHT,0.5868,0.0094,0.4038
DIAMONDS TEN SPADES FOUR,0.6442,0.0082,0.3476
CLUBS FIVE SPADES FIVE,0.4556,0.0224,0.522
DIAMONDS JACK SPADES FIVE,0.6376,0.0134,0.349
SPADES ACE DIAMONDS TWO,0.4248,0.0048,0.5704
HEARTS TWO SPADES FOUR,0.6578,0.014,0.3282
SPADES QUEEN DIAMONDS JACK,0.2752,0.0814,0.6434
DIAMONDS THREE CLUBS SEVEN,0.7224,0.042,0.2356
HEARTS ACE HEARTS NINE,0.3442,0.0048,0.651
CLUBS TWO CLUBS KING,0.419,0.007,0.574
HEARTS THREE CLUBS KING,0.43,0.009,0.561
CLUBS FIVE CLUBS ACE,0.4088,0.0042,0.587
HEARTS THREE CLUBS ACE,0.4236,0.007,0.5694
CLUBS TEN DIAMONDS KING,0.3766,0.0056,0.6178
SPADES SEVEN DIAMONDS NINE,0.6998,0.0384,0.2618
HEARTS TWO HEARTS JACK,0.6414,0.0122,0.3464
SPADES KING SPADES TWO,0.421,0.0078,0.5712
CLUBS TWO CLUBS ACE,0.4036,0.0054,0.591
CLUBS SIX CLUBS FOUR,0.6076,0.0138,0.3786
HEARTS NINE HEARTS EIGHT,0.5716,0.0122,0.4162
HEARTS ACE SPADES TWO,0.4178,0.006,0.5762
DIAMONDS JACK SPADES FOUR,0.6266,0.0112,0.3622
SPADES NINE DIAMONDS ACE,0.4028,0.0038,0.5934
SPADES EIGHT CLUBS QUEEN,0.2726,0.2206,0.5068
DIAMONDS THREE HEARTS TEN,0.6448,0.0152,0.34
SPADES NINE SPADES THREE,0.6122,0.0094,0.3784
CLUBS EIGHT SPADES NINE,0.5778,0.0082,0.414
CLUBS JACK SPADES TWO,0.6578,0.012,0.3302
CLUBS THREE SPADES FOUR,0.6374,0.0112,0.3514
SPADES KING CLUBS ACE,0.3708,0.0038,0.6254
CLUBS EIGHT CLUBS THREE,0.6118,0.0132,0.375
DIAMONDS TWO DIAMONDS FIVE,0.6156,0.0144,0.37
SPADES JACK SPADES NINE,0.5604,0.009,0.4306
HEARTS TWO SPADES EIGHT,0.6394,0.0116,0.349
SPADES EIGHT HEARTS NINE,0.585,0.0144,0.4006
SPADES FOUR HEARTS KING,0.4152,0.0058,0.579
SPADES ACE CLUBS TEN,0.3854,0.0034,0.6112
SPADES SIX CLUBS QUEEN,0.4882,0.2974,0.2144
CLUBS FIVE HEARTS ACE,0.432,0.0038,0.5642
SPADES ACE SPADES KING,0.3518,0.0032,0.645
HEARTS FIVE DIAMONDS FIVE,0.4424,0.0254,0.5322
DIAMONDS NINE SPADES THREE,0.6338,0.012,0.3542
DIAMONDS EIGHT HEARTS JACK,0.5722,0.0106,0.4172
CLUBS EIGHT DIAMONDS EIGHT,0.3386,0.0218,0.6396
CLUBS SEVEN DIAMONDS EIGHT,0.69,0.0344,0.2756
CLUBS JACK SPADES JACK,0.3062,0.0114,0.6824
DIAMONDS JACK HEARTS EIGHT,0.597,0.0112,0.3918
SPADES TEN SPADES TWO,0.6198,0.0126,0.3676
CLUBS NINE CLUBS KING,0.3726,0.0062,0.6212
CLUBS TEN CLUBS KING,0.363,0.0072,0.6298
HEARTS SIX CLUBS SEVEN,0.6764,0.0448,0.2788
CLUBS FOUR DIAMONDS FOUR,0.4626,0.0274,0.51
CLUBS NINE SPADES FIVE,0.6422,0.0088,0.349
CLUBS FOUR SPADES FIVE,0.6244,0.0134,0.3622
DIAMONDS TWO SPADES EIGHT,0.6686,0.0106,0.3208
SPADES TWO HEARTS JACK,0.6438,0.0132,0.343
DIAMONDS TEN HEARTS TEN,0.3224,0.0164,0.6612
DIAMONDS TWO DIAMONDS JACK,0.6122,0.0106,0.3772
SPADES SIX CLUBS KING,0.4384,0.0044,0.5572
DIAMONDS QUEEN SPADES FOUR,0.4854,0.2892,0.2254
CLUBS SIX CLUBS TWO,0.6308,0.0116,0.3576
DIAMONDS THREE DIAMONDS KING,0.4128,0.0068,0.5804
SPADES ACE SPADES EIGHT,0.3716,0.0036,0.6248
SPADES QUEEN HEARTS THREE,0.4984,0.2798,0.2218
HEARTS SIX CLUBS FIVE,0.6326,0.0138,0.3536
DIAMONDS THREE SPADES SIX,0.6628,0.0136,0.3236
CLUBS TEN CLUBS EIGHT,0.5642,0.0112,0.4246
CLUBS NINE HEARTS THREE,0.6356,0.0136,0.3508
CLUBS EIGHT CLUBS TWO,0.6224,0.011,0.3666
SPADES SEVEN CLUBS ACE,0.2778,0.0278,0.6944
HEARTS THREE DIAMONDS TEN,0.644,0.01,0.346
HEARTS SIX SPADES FOUR,0.642,0.011,0.347
SPADES ACE DIAMONDS QUEEN,0.2676,0.0154,0.717
SPADES ACE SPADES NINE,0.3788,0.0052,0.616
HEARTS FIVE SPADES TWO,0.6632,0.0128,0.324
DIAMONDS NINE DIAMONDS FIVE,0.6056,0.014,0.3804
CLUBS FIVE SPADES SIX,0.628,0.0142,0.3578
DIAMONDS NINE CLUBS QUEEN,0.2628,0.1628,0.5744
CLUBS JACK DIAMONDS NINE,0.5862,0.0108,0.403
SPADES KING DIAMONDS ACE,0.3588,0.0038,0.6374
HEARTS FIVE DIAMONDS FOUR,0.6336,0.014,0.3524
DIAMONDS EIGHT HEARTS EIGHT,0.3396,0.0224,0.638
DIAMONDS TEN DIAMONDS SEVEN,0.6598,0.038,0.3022
DIAMONDS KING DIAMONDS SEVEN,0.272,0.0324,0.6956
CLUBS KING HEARTS EIGHT,0.4014,0.0086,0.59
SPADES FOUR HEARTS JACK,0.6508,0.0084,0.3408
CLUBS THREE DIAMONDS TEN,0.6482,0.0118,0.34
DIAMONDS TWO DIAMONDS ACE,0.405,0.0054,0.5896
SPADES THREE HEARTS KING,0.4136,0.0078,0.5786
DIAMONDS TEN CLUBS KING,0.3768,0.0062,0.617
HEARTS THREE HEARTS JACK,0.644,0.0126,0.3434
HEARTS ACE HEARTS TEN,0.3284,0.006,0.6656
SPADES KING CLUBS TEN,0.3766,0.0084,0.615
HEARTS TEN HEARTS NINE,0.5588,0.0116,0.4296
DIAMONDS JACK DIAMONDS NINE,0.5472,0.0102,0.4426
SPADES TEN CLUBS SEVEN,0.697,0.039,0.264
HEARTS FOUR CLUBS FIVE,0.6328,0.0124,0.3548
DIAMONDS QUEEN DIAMONDS TEN,0.2652,0.1024,0.6324
SPADES TEN SPADES THREE,0.6146,0.011,0.3744
SPADES ACE DIAMONDS NINE,0.3906,0.0034,0.606
HEARTS FIVE CLUBS KING,0.4312,0.0066,0.5622
DIAMONDS NINE HEARTS JACK,0.5756,0.0108,0.4136
CLUBS TEN CLUBS FIVE,0.6152,0.0104,0.3744
CLUBS JACK HEARTS KING,0.3528,0.007,0.6402
CLUBS ACE DIAMONDS SIX,0.4306,0.0064,0.563
DIAMONDS JACK HEARTS TEN,0.5696,0.0104,0.42
HEARTS THREE DIAMONDS JACK,0.6478,0.0112,0.341
SPADES SEVEN SPADES FOUR,0.6706,0.0436,0.2858
