opposingHand,winningChance,drawChance,lostChance
HEARTS ACE DIAMONDS NINE
HEARTS FIVE SPADES TEN,0.6332,0.005,0.3618
HEARTS FIVE SPADES JACK,0.6414,0.0026,0.356
CLUBS JACK SPADES FIVE,0.6398,0.0034,0.3568
CLUBS TEN SPADES FIVE,0.6268,0.003,0.3702
CLUBS JACK CLUBS EIGHT,0.5784,0.0028,0.4188
CLUBS TEN CLUBS EIGHT,0.567,0.0032,0.4298
CLUBS EIGHT CLUBS KING,0.6044,0.0034,0.3922
SPADES FIVE CLUBS ACE,0.587,0.1612,0.2518
CLUBS EIGHT CLUBS QUEEN,0.591,0.0028,0.4062
SPADES FIVE CLUBS KING,0.6298,0.0048,0.3654
SPADES FIVE CLUBS QUEEN,0.6316,0.0032,0.3652
CLUBS EIGHT CLUBS ACE,0.5566,0.1638,0.2796
DIAMONDS TWO DIAMONDS THREE,0.638,0.0052,0.3568
DIAMONDS TWO DIAMONDS FIVE,0.629,0.0048,0.3662
HEARTS FIVE SPADES KING,0.6286,0.0028,0.3686
DIAMONDS TWO DIAMONDS FOUR,0.6154,0.0074,0.3772
HEARTS FIVE SPADES QUEEN,0.6348,0.006,0.3592
DIAMONDS TWO DIAMONDS SEVEN,0.6374,0.0046,0.358
DIAMONDS TWO DIAMONDS SIX,0.6332,0.0062,0.3606
SPADES ACE HEARTS FIVE,0.5866,0.1696,0.2438
DIAMONDS TWO DIAMONDS EIGHT,0.6394,0.0056,0.355
DIAMONDS THREE DIAMONDS FOUR,0.6142,0.0048,0.381
CLUBS TWO SPADES FOUR,0.6546,0.007,0.3384
DIAMONDS THREE DIAMONDS FIVE,0.6168,0.0064,0.3768
CLUBS TWO SPADES FIVE,0.645,0.0026,0.3524
CLUBS TWO SPADES TWO,0.4682,0.006,0.5258
CLUBS TWO SPADES THREE,0.6472,0.0038,0.349
DIAMONDS THREE DIAMONDS EIGHT,0.6394,0.0056,0.355
SPADES EIGHT CLUBS TWO,0.674,0.0032,0.3228
SPADES NINE CLUBS TWO,0.7344,0.0262,0.2394
DIAMONDS THREE DIAMONDS SIX,0.6262,0.0084,0.3654
SPADES SIX CLUBS TWO,0.6662,0.0042,0.3296
DIAMONDS THREE DIAMONDS SEVEN,0.6376,0.005,0.3574
SPADES SEVEN CLUBS TWO,0.6748,0.004,0.3212
CLUBS SIX CLUBS TWO,0.6128,0.0034,0.3838
CLUBS SEVEN CLUBS TWO,0.645,0.0032,0.3518
CLUBS FOUR CLUBS TWO,0.616,0.0036,0.3804
CLUBS FIVE CLUBS TWO,0.615,0.0046,0.3804
CLUBS TEN CLUBS JACK,0.5304,0.003,0.4666
DIAMONDS FOUR DIAMONDS SIX,0.6084,0.0034,0.3882
CLUBS TEN CLUBS QUEEN,0.5344,0.0022,0.4634
DIAMONDS FOUR DIAMONDS SEVEN,0.624,0.0038,0.3722
CLUBS TEN CLUBS KING,0.549,0.0038,0.4472
CLUBS TEN CLUBS ACE,0.21,0.1172,0.6728
CLUBS EIGHT CLUBS TWO,0.6324,0.0058,0.3618
DIAMONDS FIVE DIAMONDS FOUR,0.5918,0.0076,0.4006
CLUBS NINE CLUBS TWO,0.7046,0.0238,0.2716
DIAMONDS EIGHT DIAMONDS FOUR,0.632,0.0044,0.3636
CLUBS TWO CLUBS THREE,0.6148,0.0052,0.38
CLUBS JACK DIAMONDS TWO,0.652,0.0048,0.3432
DIAMONDS EIGHT DIAMONDS FIVE,0.631,0.0052,0.3638
CLUBS TEN DIAMONDS TWO,0.6492,0.0038,0.347
DIAMONDS FIVE DIAMONDS SEVEN,0.5998,0.0036,0.3966
DIAMONDS FIVE DIAMONDS SIX,0.6102,0.0044,0.3854
DIAMONDS TWO CLUBS ACE,0.5904,0.1682,0.2414
DIAMONDS TWO CLUBS KING,0.6426,0.004,0.3534
DIAMONDS TWO CLUBS QUEEN,0.6444,0.0042,0.3514
DIAMONDS EIGHT DIAMONDS SIX,0.6018,0.0046,0.3936
SPADES THREE HEARTS KING,0.6314,0.0052,0.3634
DIAMONDS SEVEN DIAMONDS SIX,0.5902,0.0024,0.4074
HEARTS QUEEN SPADES THREE,0.6488,0.0036,0.3476
SPADES THREE HEARTS JACK,0.6444,0.005,0.3506
SPADES THREE HEARTS TEN,0.6318,0.004,0.3642
DIAMONDS EIGHT DIAMONDS SEVEN,0.6044,0.0034,0.3922
DIAMONDS KING HEARTS TEN,0.5696,0.006,0.4244
HEARTS THREE HEARTS TEN,0.6216,0.005,0.3734
SPADES JACK CLUBS SIX,0.6282,0.0034,0.3684
DIAMONDS KING HEARTS JACK,0.5824,0.0038,0.4138
HEARTS THREE HEARTS JACK,0.6126,0.004,0.3834
SPADES TEN CLUBS SIX,0.6326,0.0026,0.3648
SPADES JACK SPADES FIVE,0.5862,0.0038,0.41
SPADES TEN SPADES FIVE,0.5892,0.0038,0.407
SPADES ACE CLUBS SIX,0.6078,0.1602,0.232
DIAMONDS KING HEARTS QUEEN,0.5816,0.0042,0.4142
HEARTS THREE HEARTS QUEEN,0.6116,0.0056,0.3828
SPADES KING CLUBS SIX,0.6432,0.0038,0.353
DIAMONDS KING HEARTS KING,0.2906,0.004,0.7054
HEARTS THREE HEARTS KING,0.6044,0.0048,0.3908
SPADES QUEEN CLUBS SIX,0.6462,0.0034,0.3504
SPADES NINE HEARTS TEN,0.6824,0.0188,0.2988
SPADES NINE HEARTS JACK,0.7108,0.017,0.2722
SPADES QUEEN SPADES FIVE,0.5932,0.0068,0.4
SPADES KING SPADES FIVE,0.5786,0.005,0.4164
SPADES ACE SPADES FIVE,0.5368,0.1702,0.293
SPADES NINE HEARTS QUEEN,0.7216,0.0184,0.26
SPADES NINE HEARTS KING,0.734,0.0204,0.2456
CLUBS TEN SPADES JACK,0.5628,0.0028,0.4344
CLUBS TEN SPADES TEN,0.306,0.0018,0.6922
SPADES ACE CLUBS TEN,0.23,0.117,0.653
CLUBS TEN SPADES KING,0.5894,0.003,0.4076
CLUBS TEN SPADES QUEEN,0.5776,0.0036,0.4188
SPADES FIVE HEARTS QUEEN,0.6364,0.0052,0.3584
SPADES FIVE HEARTS KING,0.6336,0.0052,0.3612
CLUBS EIGHT SPADES TEN,0.6052,0.0028,0.392
SPADES JACK HEARTS THREE,0.6318,0.0054,0.3628
SPADES JACK DIAMONDS KING,0.5678,0.0052,0.427
SPADES TEN DIAMONDS KING,0.5644,0.0038,0.4318
SPADES TEN HEARTS THREE,0.6388,0.0044,0.3568
CLUBS EIGHT SPADES JACK,0.6192,0.0024,0.3784
SPADES ACE CLUBS EIGHT,0.5874,0.173,0.2396
HEARTS FIVE CLUBS JACK,0.6442,0.004,0.3518
CLUBS TEN HEARTS FIVE,0.6438,0.0034,0.3528
CLUBS SIX HEARTS QUEEN,0.652,0.0034,0.3446
SPADES QUEEN CLUBS EIGHT,0.6352,0.0044,0.3604
CLUBS TEN SPADES THREE,0.6394,0.0038,0.3568
CLUBS SIX HEARTS KING,0.6464,0.0038,0.3498
SPADES KING CLUBS EIGHT,0.6474,0.002,0.3506
CLUBS JACK SPADES THREE,0.63,0.0044,0.3656
DIAMONDS TWO HEARTS JACK,0.641,0.0056,0.3534
SPADES THREE CLUBS QUEEN,0.6272,0.0042,0.3686
DIAMONDS TWO HEARTS TEN,0.6526,0.006,0.3414
SPADES THREE CLUBS KING,0.6378,0.0036,0.3586
HEARTS FIVE CLUBS ACE,0.589,0.1656,0.2454
SPADES FIVE HEARTS TEN,0.6322,0.0046,0.3632
SPADES THREE CLUBS ACE,0.5852,0.1722,0.2426
HEARTS FIVE CLUBS KING,0.6316,0.006,0.3624
SPADES FIVE HEARTS JACK,0.6388,0.0038,0.3574
HEARTS FIVE CLUBS QUEEN,0.6248,0.0036,0.3716
HEARTS THREE CLUBS KING,0.639,0.0046,0.3564
DIAMONDS KING CLUBS KING,0.2778,0.0042,0.718
HEARTS THREE CLUBS QUEEN,0.6328,0.0024,0.3648
DIAMONDS KING CLUBS QUEEN,0.5856,0.0038,0.4106
HEARTS FIVE HEARTS JACK,0.5974,0.005,0.3976
HEARTS FIVE HEARTS TEN,0.6028,0.0044,0.3928
HEARTS THREE CLUBS ACE,0.593,0.1656,0.2414
DIAMONDS KING CLUBS ACE,0.2436,0.052,0.7044
SPADES ACE CLUBS QUEEN,0.2366,0.0646,0.6988
SPADES KING CLUBS QUEEN,0.5834,0.0032,0.4134
CLUBS JACK HEARTS THREE,0.6402,0.0054,0.3544
CLUBS JACK DIAMONDS KING,0.5736,0.0048,0.4216
SPADES QUEEN CLUBS QUEEN,0.2936,0.0038,0.7026
CLUBS TEN HEARTS THREE,0.6414,0.0034,0.3552
CLUBS TEN DIAMONDS KING,0.5628,0.0042,0.433
SPADES JACK CLUBS QUEEN,0.5614,0.0026,0.436
CLUBS SIX CLUBS QUEEN,0.5952,0.0038,0.401
SPADES TEN CLUBS QUEEN,0.5744,0.0032,0.4224
CLUBS SIX CLUBS KING,0.6012,0.004,0.3948
CLUBS SIX CLUBS ACE,0.562,0.1596,0.2784
HEARTS FIVE HEARTS KING,0.6058,0.0062,0.388
HEARTS FIVE HEARTS QUEEN,0.5972,0.0052,0.3976
CLUBS TEN CLUBS SIX,0.5866,0.0048,0.4086
CLUBS JACK CLUBS SIX,0.5822,0.0046,0.4132
SPADES SEVEN HEARTS JACK,0.6204,0.0032,0.3764
SPADES SEVEN HEARTS TEN,0.6198,0.0044,0.3758
DIAMONDS TWO CLUBS TWO,0.4754,0.0054,0.5192
DIAMONDS TWO CLUBS THREE,0.6548,0.006,0.3392
DIAMONDS TWO HEARTS SIX,0.6738,0.0062,0.32
DIAMONDS TWO HEARTS QUEEN,0.6438,0.004,0.3522
HEARTS SEVEN DIAMONDS TWO,0.6796,0.0058,0.3146
DIAMONDS TWO HEARTS KING,0.6462,0.005,0.3488
DIAMONDS TWO HEARTS EIGHT,0.683,0.0042,0.3128
DIAMONDS TWO HEARTS NINE,0.7572,0.031,0.2118
DIAMONDS TWO DIAMONDS QUEEN,0.5988,0.0064,0.3948
DIAMONDS TWO HEARTS TWO,0.4864,0.0048,0.5088
DIAMONDS TWO DIAMONDS KING,0.6116,0.0042,0.3842
DIAMONDS TWO HEARTS THREE,0.6572,0.0058,0.337
DIAMONDS TWO DIAMONDS ACE,0.569,0.1588,0.2722
HEARTS FOUR DIAMONDS TWO,0.6516,0.0056,0.3428
HEARTS FIVE DIAMONDS TWO,0.6634,0.0036,0.333
DIAMONDS TWO DIAMONDS TEN,0.6062,0.0054,0.3884
SPADES SEVEN HEARTS KING,0.6408,0.0038,0.3554
DIAMONDS TWO DIAMONDS JACK,0.6178,0.0046,0.3776
SPADES SEVEN HEARTS QUEEN,0.6478,0.0048,0.3474
DIAMONDS TWO SPADES NINE,0.7696,0.027,0.2034
DIAMONDS TWO SPADES EIGHT,0.6716,0.0044,0.324
DIAMONDS TWO SPADES SEVEN,0.6746,0.0054,0.32
DIAMONDS TWO SPADES SIX,0.6632,0.0062,0.3306
DIAMONDS TWO SPADES FIVE,0.664,0.0046,0.3314
DIAMONDS TWO SPADES FOUR,0.655,0.0042,0.3408
DIAMONDS TWO SPADES THREE,0.6538,0.0048,0.3414
DIAMONDS TWO SPADES TWO,0.4692,0.0052,0.5256
DIAMONDS TWO CLUBS NINE,0.7532,0.027,0.2198
CLUBS EIGHT DIAMONDS TWO,0.6706,0.006,0.3234
DIAMONDS TWO CLUBS SEVEN,0.6726,0.0044,0.323
DIAMONDS TWO CLUBS SIX,0.661,0.0036,0.3354
DIAMONDS TWO CLUBS FIVE,0.656,0.0042,0.3398
DIAMONDS TWO CLUBS FOUR,0.654,0.005,0.341
CLUBS FOUR SPADES FIVE,0.6222,0.003,0.3748
CLUBS FOUR SPADES FOUR,0.47,0.0034,0.5266
CLUBS FOUR SPADES THREE,0.6446,0.0054,0.35
CLUBS FOUR SPADES TWO,0.6512,0.0028,0.346
SPADES NINE CLUBS FOUR,0.7498,0.027,0.2232
SPADES EIGHT CLUBS FOUR,0.6598,0.0042,0.336
CLUBS FOUR SPADES SEVEN,0.6418,0.0038,0.3544
CLUBS FOUR SPADES SIX,0.6272,0.0042,0.3686
SPADES ACE DIAMONDS SIX,0.6066,0.166,0.2274
SPADES QUEEN DIAMONDS SIX,0.6348,0.004,0.3612
SPADES KING DIAMONDS SIX,0.6268,0.0036,0.3696
SPADES TEN DIAMONDS SIX,0.6156,0.0036,0.3808
SPADES JACK DIAMONDS SIX,0.64,0.0056,0.3544
SPADES QUEEN SPADES TWO,0.5894,0.0044,0.4062
SPADES KING SPADES TWO,0.6034,0.0034,0.3932
SPADES ACE SPADES TWO,0.5534,0.1636,0.283
CLUBS JACK DIAMONDS JACK,0.3142,0.003,0.6828
CLUBS TEN DIAMONDS JACK,0.562,0.0032,0.4348
DIAMONDS JACK CLUBS KING,0.5802,0.0042,0.4156
DIAMONDS JACK CLUBS QUEEN,0.5558,0.0038,0.4404
DIAMONDS THREE DIAMONDS JACK,0.5964,0.0052,0.3984
DIAMONDS THREE DIAMONDS TEN,0.6136,0.0056,0.3808
DIAMONDS JACK CLUBS ACE,0.2188,0.0896,0.6916
DIAMONDS THREE DIAMONDS KING,0.6006,0.006,0.3934
DIAMONDS THREE HEARTS THREE,0.472,0.0054,0.5226
DIAMONDS THREE DIAMONDS QUEEN,0.5946,0.0064,0.399
DIAMONDS THREE HEARTS TWO,0.6628,0.0034,0.3338
HEARTS FIVE DIAMONDS THREE,0.6358,0.0066,0.3576
DIAMONDS THREE DIAMONDS ACE,0.5498,0.173,0.2772
HEARTS FOUR DIAMONDS THREE,0.645,0.0052,0.3498
HEARTS SEVEN DIAMONDS THREE,0.6638,0.0044,0.3318
SPADES TEN SPADES NINE,0.6428,0.0154,0.3418
HEARTS SIX DIAMONDS THREE,0.6582,0.006,0.3358
SPADES JACK SPADES NINE,0.655,0.0206,0.3244
DIAMONDS THREE HEARTS NINE,0.756,0.0278,0.2162
HEARTS JACK DIAMONDS FOUR,0.6428,0.0038,0.3534
SPADES TEN SPADES TWO,0.586,0.0034,0.4106
DIAMONDS THREE HEARTS EIGHT,0.6796,0.0044,0.316
HEARTS TEN DIAMONDS FOUR,0.6486,0.0046,0.3468
SPADES JACK SPADES TWO,0.6078,0.0048,0.3874
HEARTS QUEEN DIAMONDS FOUR,0.6392,0.0062,0.3546
HEARTS KING DIAMONDS FOUR,0.646,0.0064,0.3476
SPADES ACE SPADES NINE,0.0204,0.9172,0.0624
SPADES KING SPADES NINE,0.6844,0.0186,0.297
SPADES QUEEN SPADES NINE,0.6782,0.02,0.3018
DIAMONDS THREE SPADES NINE,0.759,0.0274,0.2136
DIAMONDS THREE SPADES EIGHT,0.6814,0.004,0.3146
DIAMONDS THREE SPADES SEVEN,0.6614,0.0048,0.3338
DIAMONDS THREE SPADES SIX,0.657,0.004,0.339
DIAMONDS THREE CLUBS SIX,0.6668,0.004,0.3292
CLUBS SIX CLUBS FIVE,0.5782,0.0044,0.4174
CLUBS ACE DIAMONDS FOUR,0.5668,0.1786,0.2546
DIAMONDS THREE CLUBS SEVEN,0.6644,0.004,0.3316
CLUBS SEVEN CLUBS FIVE,0.5842,0.0042,0.4116
DIAMONDS THREE CLUBS FOUR,0.6442,0.0058,0.35
DIAMONDS FOUR CLUBS QUEEN,0.644,0.0062,0.3498
DIAMONDS THREE CLUBS FIVE,0.6368,0.0046,0.3586
DIAMONDS FOUR CLUBS KING,0.6344,0.0048,0.3608
DIAMONDS THREE CLUBS TWO,0.6474,0.0048,0.3478
CLUBS TEN DIAMONDS FOUR,0.6408,0.0044,0.3548
DIAMONDS THREE CLUBS THREE,0.4642,0.006,0.5298
CLUBS JACK DIAMONDS FOUR,0.6486,0.0044,0.347
DIAMONDS THREE SPADES FOUR,0.63,0.006,0.364
DIAMONDS THREE SPADES FIVE,0.6254,0.003,0.3716
DIAMONDS THREE SPADES TWO,0.6484,0.005,0.3466
DIAMONDS THREE SPADES THREE,0.4688,0.0032,0.528
CLUBS EIGHT DIAMONDS THREE,0.682,0.0038,0.3142
CLUBS NINE DIAMONDS THREE,0.7576,0.026,0.2164
SPADES SEVEN CLUBS ACE,0.595,0.171,0.234
SPADES SEVEN CLUBS QUEEN,0.638,0.0022,0.3598
SPADES SEVEN CLUBS KING,0.6298,0.0026,0.3676
SPADES SEVEN CLUBS FIVE,0.625,0.0042,0.3708
CLUBS TEN SPADES SEVEN,0.6226,0.002,0.3754
CLUBS FIVE SPADES SIX,0.617,0.0046,0.3784
CLUBS JACK SPADES SEVEN,0.6314,0.0032,0.3654
SPADES NINE CLUBS FIVE,0.732,0.0258,0.2422
SPADES EIGHT CLUBS FIVE,0.6564,0.0036,0.34
CLUBS FIVE SPADES THREE,0.6284,0.003,0.3686
CLUBS FIVE SPADES TWO,0.6422,0.0052,0.3526
CLUBS FIVE SPADES FIVE,0.4612,0.0058,0.533
CLUBS FIVE SPADES FOUR,0.6264,0.004,0.3696
CLUBS NINE CLUBS FIVE,0.6838,0.0252,0.291
CLUBS EIGHT CLUBS FIVE,0.6028,0.0042,0.393
CLUBS ACE CLUBS QUEEN,0.2266,0.0612,0.7122
CLUBS KING CLUBS QUEEN,0.5398,0.0044,0.4558
DIAMONDS TEN DIAMONDS FOUR,0.612,0.0048,0.3832
DIAMONDS JACK DIAMONDS FOUR,0.621,0.0044,0.3746
CLUBS JACK SPADES NINE,0.7118,0.0204,0.2678
CLUBS TEN SPADES NINE,0.6884,0.0178,0.2938
DIAMONDS ACE DIAMONDS FOUR,0.5564,0.1592,0.2844
HEARTS FOUR DIAMONDS FOUR,0.4692,0.0058,0.525
DIAMONDS JACK HEARTS TEN,0.5516,0.0068,0.4416
SPADES NINE CLUBS KING,0.7276,0.0208,0.2516
DIAMONDS TWO SPADES TEN,0.645,0.0042,0.3508
HEARTS FIVE DIAMONDS FOUR,0.6342,0.0052,0.3606
DIAMONDS JACK HEARTS JACK,0.2958,0.0054,0.6988
SPADES NINE CLUBS QUEEN,0.71,0.02,0.27
DIAMONDS TWO SPADES JACK,0.648,0.0062,0.3458
DIAMONDS QUEEN DIAMONDS FOUR,0.6066,0.0044,0.389
HEARTS TWO DIAMONDS FOUR,0.6648,0.0066,0.3286
DIAMONDS KING DIAMONDS FOUR,0.615,0.0062,0.3788
HEARTS THREE DIAMONDS FOUR,0.6404,0.0046,0.355
SPADES NINE CLUBS ACE,0.0226,0.957,0.0204
SPADES ACE DIAMONDS TWO,0.5804,0.1812,0.2384
HEARTS QUEEN DIAMONDS JACK,0.5714,0.0032,0.4254
SPADES QUEEN DIAMONDS TWO,0.6346,0.0044,0.361
HEARTS KING DIAMONDS JACK,0.5812,0.0054,0.4134
SPADES KING DIAMONDS TWO,0.6462,0.0038,0.35
SPADES JACK SPADES SEVEN,0.5774,0.0032,0.4194
SPADES TEN SPADES SEVEN,0.5848,0.0036,0.4116
CLUBS SEVEN CLUBS THREE,0.626,0.0028,0.3712
CLUBS SIX CLUBS THREE,0.6104,0.0036,0.386
CLUBS FIVE CLUBS THREE,0.588,0.0052,0.4068
CLUBS FOUR CLUBS THREE,0.5958,0.0062,0.398
CLUBS NINE CLUBS THREE,0.7012,0.0264,0.2724
CLUBS EIGHT CLUBS THREE,0.6272,0.0054,0.3674
SPADES FIVE CLUBS THREE,0.6338,0.0052,0.361
CLUBS THREE SPADES FOUR,0.6348,0.0066,0.3586
CLUBS THREE SPADES THREE,0.458,0.0048,0.5372
CLUBS THREE SPADES TWO,0.6384,0.0048,0.3568
SPADES SIX CLUBS THREE,0.6566,0.004,0.3394
SPADES SEVEN CLUBS THREE,0.664,0.0028,0.3332
SPADES EIGHT CLUBS THREE,0.677,0.0034,0.3196
SPADES NINE CLUBS THREE,0.7514,0.0284,0.2202
SPADES TWO DIAMONDS FOUR,0.6554,0.0044,0.3402
SPADES THREE DIAMONDS FOUR,0.6362,0.0056,0.3582
SPADES FOUR DIAMONDS FOUR,0.4732,0.0046,0.5222
SPADES FIVE DIAMONDS FOUR,0.6286,0.0034,0.368
SPADES SIX DIAMONDS FOUR,0.6344,0.0052,0.3604
SPADES SEVEN DIAMONDS FOUR,0.6502,0.0034,0.3464
SPADES EIGHT DIAMONDS FOUR,0.6592,0.0038,0.337
SPADES NINE DIAMONDS FOUR,0.7468,0.0288,0.2244
CLUBS FIVE DIAMONDS FOUR,0.642,0.0048,0.3532
CLUBS FOUR DIAMONDS FOUR,0.4714,0.0048,0.5238
CLUBS SEVEN DIAMONDS FOUR,0.6524,0.0032,0.3444
CLUBS SIX DIAMONDS FOUR,0.6444,0.0036,0.352
CLUBS NINE DIAMONDS FOUR,0.7594,0.0288,0.2118
CLUBS EIGHT DIAMONDS FOUR,0.6544,0.0044,0.3412
HEARTS SEVEN DIAMONDS FOUR,0.6652,0.005,0.3298
HEARTS SIX DIAMONDS FOUR,0.6438,0.0066,0.3496
DIAMONDS FOUR HEARTS NINE,0.7582,0.0282,0.2136
DIAMONDS FOUR HEARTS EIGHT,0.6548,0.0048,0.3404
CLUBS THREE DIAMONDS FOUR,0.6422,0.0062,0.3516
CLUBS TWO DIAMONDS FOUR,0.6462,0.0048,0.349
DIAMONDS TEN DIAMONDS FIVE,0.5996,0.005,0.3954
DIAMONDS JACK DIAMONDS FIVE,0.599,0.0066,0.3944
CLUBS KING DIAMONDS SIX,0.6372,0.003,0.3598
CLUBS QUEEN DIAMONDS SIX,0.6406,0.0046,0.3548
CLUBS ACE DIAMONDS SIX,0.6122,0.1604,0.2274
SPADES KING DIAMONDS FOUR,0.6244,0.0048,0.3708
SPADES ACE SPADES SEVEN,0.5434,0.1706,0.286
SPADES QUEEN DIAMONDS FOUR,0.646,0.0036,0.3504
SPADES QUEEN SPADES SEVEN,0.6006,0.0022,0.3972
CLUBS JACK DIAMONDS SIX,0.6454,0.0038,0.3508
SPADES KING SPADES SEVEN,0.5972,0.0036,0.3992
SPADES ACE DIAMONDS FOUR,0.576,0.1708,0.2532
CLUBS TEN DIAMONDS SIX,0.6318,0.003,0.3652
CLUBS NINE CLUBS FOUR,0.7078,0.0262,0.266
CLUBS EIGHT CLUBS FOUR,0.601,0.0036,0.3954
SPADES JACK DIAMONDS FOUR,0.6384,0.0044,0.3572
SPADES TEN DIAMONDS FOUR,0.6334,0.0048,0.3618
CLUBS FOUR CLUBS FIVE,0.5872,0.0058,0.407
CLUBS SEVEN CLUBS FOUR,0.6096,0.0054,0.385
CLUBS SIX CLUBS FOUR,0.5996,0.0048,0.3956
CLUBS SEVEN SPADES EIGHT,0.6172,0.0018,0.381
SPADES NINE CLUBS SEVEN,0.7158,0.0232,0.261
CLUBS SEVEN SPADES SIX,0.617,0.0022,0.3808
CLUBS SEVEN SPADES SEVEN,0.445,0.0022,0.5528
CLUBS SEVEN SPADES FIVE,0.6272,0.0032,0.3696
CLUBS SEVEN SPADES FOUR,0.6446,0.0038,0.3516
CLUBS SEVEN SPADES THREE,0.6706,0.005,0.3244
CLUBS SEVEN SPADES TWO,0.6722,0.0046,0.3232
CLUBS NINE CLUBS SEVEN,0.6538,0.0198,0.3264
CLUBS EIGHT CLUBS SEVEN,0.5818,0.0032,0.415
HEARTS SIX DIAMONDS FIVE,0.6254,0.0038,0.3708
HEARTS SEVEN DIAMONDS FIVE,0.652,0.0052,0.3428
DIAMONDS FIVE HEARTS EIGHT,0.6482,0.0062,0.3456
DIAMONDS FIVE HEARTS NINE,0.749,0.0254,0.2256
DIAMONDS QUEEN DIAMONDS FIVE,0.5936,0.0044,0.402
HEARTS TWO DIAMONDS FIVE,0.661,0.0054,0.3336
HEARTS KING HEARTS EIGHT,0.6208,0.0046,0.3746
DIAMONDS KING DIAMONDS FIVE,0.596,0.006,0.398
HEARTS THREE DIAMONDS FIVE,0.6496,0.007,0.3434
HEARTS QUEEN HEARTS EIGHT,0.6042,0.0044,0.3914
DIAMONDS ACE DIAMONDS FIVE,0.5496,0.1598,0.2906
HEARTS FOUR DIAMONDS FIVE,0.631,0.0064,0.3626
HEARTS FIVE DIAMONDS FIVE,0.4688,0.004,0.5272
CLUBS FOUR DIAMONDS FIVE,0.6184,0.0058,0.3758
CLUBS FIVE DIAMONDS FIVE,0.4746,0.0028,0.5226
CLUBS SIX DIAMONDS FIVE,0.6282,0.0034,0.3684
CLUBS SEVEN DIAMONDS FIVE,0.642,0.003,0.355
CLUBS TWO DIAMONDS FIVE,0.646,0.0042,0.3498
CLUBS THREE DIAMONDS FIVE,0.6454,0.004,0.3506
SPADES THREE DIAMONDS FIVE,0.631,0.0062,0.3628
SPADES TWO DIAMONDS FIVE,0.6494,0.0056,0.345
SPADES JACK DIAMONDS EIGHT,0.62,0.0046,0.3754
SPADES FIVE DIAMONDS FIVE,0.4584,0.0044,0.5372
CLUBS TEN HEARTS JACK,0.5612,0.005,0.4338
SPADES TEN DIAMONDS EIGHT,0.615,0.0048,0.3802
SPADES FOUR DIAMONDS FIVE,0.6306,0.0062,0.3632
CLUBS JACK HEARTS JACK,0.3028,0.0042,0.693
HEARTS JACK CLUBS QUEEN,0.5618,0.0048,0.4334
CLUBS NINE DIAMONDS FIVE,0.7382,0.0272,0.2346
CLUBS EIGHT DIAMONDS FIVE,0.6416,0.0028,0.3556
HEARTS JACK CLUBS KING,0.5794,0.0044,0.4162
CLUBS ACE HEARTS JACK,0.233,0.0968,0.6702
SPADES SEVEN DIAMONDS FIVE,0.6368,0.0036,0.3596
SPADES KING DIAMONDS EIGHT,0.6478,0.0024,0.3498
SPADES QUEEN DIAMONDS EIGHT,0.6384,0.0038,0.3578
SPADES SIX DIAMONDS FIVE,0.6336,0.0046,0.3618
SPADES NINE DIAMONDS FIVE,0.7372,0.0188,0.244
SPADES EIGHT DIAMONDS FIVE,0.6534,0.0048,0.3418
SPADES ACE DIAMONDS EIGHT,0.5954,0.1818,0.2228
DIAMONDS TEN DIAMONDS SIX,0.5864,0.0036,0.41
DIAMONDS JACK DIAMONDS SIX,0.61,0.0042,0.3858
HEARTS QUEEN DIAMONDS SEVEN,0.641,0.0034,0.3556
HEARTS KING DIAMONDS SEVEN,0.6448,0.0058,0.3494
DIAMONDS ACE DIAMONDS SIX,0.5682,0.165,0.2668
HEARTS FOUR DIAMONDS SIX,0.638,0.0034,0.3586
SPADES TWO HEARTS JACK,0.642,0.0062,0.3518
HEARTS FIVE DIAMONDS SIX,0.6388,0.0036,0.3576
SPADES TWO HEARTS TEN,0.6394,0.0064,0.3542
DIAMONDS QUEEN DIAMONDS SIX,0.5928,0.005,0.4022
HEARTS TWO DIAMONDS SIX,0.6896,0.0042,0.3062
DIAMONDS KING DIAMONDS SIX,0.6048,0.0056,0.3896
HEARTS THREE DIAMONDS SIX,0.6514,0.0032,0.3454
HEARTS EIGHT DIAMONDS SIX,0.655,0.004,0.341
HEARTS NINE DIAMONDS SIX,0.7298,0.024,0.2462
HEARTS SIX DIAMONDS SIX,0.4434,0.0044,0.5522
HEARTS SEVEN DIAMONDS SIX,0.6364,0.0034,0.3602
HEARTS TEN DIAMONDS SEVEN,0.6348,0.0064,0.3588
CLUBS TWO DIAMONDS SIX,0.6676,0.0044,0.328
HEARTS JACK DIAMONDS SEVEN,0.6314,0.0042,0.3644
CLUBS THREE DIAMONDS SIX,0.6634,0.0042,0.3324
CLUBS SEVEN DIAMONDS SIX,0.6286,0.0048,0.3666
CLUBS JACK DIAMONDS EIGHT,0.616,0.0048,0.3792
CLUBS SIX DIAMONDS SIX,0.4438,0.0044,0.5518
CLUBS TEN DIAMONDS EIGHT,0.6014,0.004,0.3946
CLUBS FIVE DIAMONDS SIX,0.6204,0.0026,0.377
CLUBS FOUR DIAMONDS SIX,0.6372,0.0056,0.3572
DIAMONDS EIGHT CLUBS ACE,0.603,0.1672,0.2298
HEARTS QUEEN HEARTS JACK,0.5322,0.0024,0.4654
DIAMONDS EIGHT CLUBS KING,0.6488,0.0032,0.348
CLUBS NINE DIAMONDS SIX,0.7278,0.0246,0.2476
HEARTS KING HEARTS JACK,0.5464,0.0046,0.449
CLUBS EIGHT DIAMONDS SIX,0.6442,0.0042,0.3516
DIAMONDS EIGHT CLUBS QUEEN,0.6374,0.004,0.3586
SPADES TEN HEARTS KING,0.587,0.0026,0.4104
SPADES FIVE DIAMONDS SIX,0.6266,0.0052,0.3682
SPADES JACK HEARTS KING,0.5882,0.0038,0.408
SPADES FOUR DIAMONDS SIX,0.6404,0.0042,0.3554
SPADES THREE DIAMONDS SIX,0.6464,0.0056,0.348
HEARTS QUEEN SPADES TWO,0.6586,0.0048,0.3366
SPADES ACE SPADES KING,0.2336,0.0504,0.716
HEARTS KING SPADES TWO,0.646,0.0038,0.3502
SPADES TWO DIAMONDS SIX,0.6628,0.0038,0.3334
HEARTS TEN HEARTS EIGHT,0.5924,0.0048,0.4028
SPADES NINE DIAMONDS SIX,0.7274,0.0226,0.25
HEARTS JACK HEARTS EIGHT,0.58,0.0042,0.4158
SPADES EIGHT DIAMONDS SIX,0.6502,0.0036,0.3462
SPADES SEVEN DIAMONDS SIX,0.615,0.005,0.38
SPADES SIX DIAMONDS SIX,0.4584,0.0036,0.538
SPADES KING HEARTS KING,0.2748,0.0046,0.7206
SPADES QUEEN HEARTS KING,0.5892,0.0056,0.4052
CLUBS ACE CLUBS KING,0.233,0.0456,0.7214
SPADES ACE HEARTS KING,0.2452,0.049,0.7058
SPADES ACE HEARTS JACK,0.2396,0.0886,0.6718
SPADES QUEEN HEARTS JACK,0.582,0.0058,0.4122
SPADES KING HEARTS JACK,0.594,0.0032,0.4028
SPADES TEN DIAMONDS TEN,0.3066,0.0032,0.6902
SPADES JACK DIAMONDS TEN,0.5602,0.0024,0.4374
SPADES ACE DIAMONDS TEN,0.2324,0.1258,0.6418
SPADES JACK HEARTS JACK,0.2944,0.005,0.7006
SPADES TEN HEARTS JACK,0.5606,0.0048,0.4346
SPADES QUEEN DIAMONDS TEN,0.5686,0.003,0.4284
SPADES KING DIAMONDS TEN,0.5788,0.0046,0.4166
SPADES NINE DIAMONDS SEVEN,0.7114,0.0228,0.2658
SPADES EIGHT DIAMONDS SEVEN,0.6352,0.0032,0.3616
SPADES SEVEN DIAMONDS SEVEN,0.451,0.0038,0.5452
SPADES SIX DIAMONDS SEVEN,0.6288,0.003,0.3682
DIAMONDS KING DIAMONDS SEVEN,0.5924,0.0044,0.4032
HEARTS THREE DIAMONDS SEVEN,0.6754,0.0064,0.3182
HEARTS KING DIAMONDS FIVE,0.6366,0.0046,0.3588
DIAMONDS QUEEN DIAMONDS SEVEN,0.5982,0.0066,0.3952
HEARTS TWO DIAMONDS SEVEN,0.6942,0.0054,0.3004
HEARTS QUEEN DIAMONDS FIVE,0.6528,0.0036,0.3436
HEARTS FIVE DIAMONDS SEVEN,0.6428,0.0052,0.352
DIAMONDS ACE DIAMONDS SEVEN,0.573,0.1604,0.2666
HEARTS FOUR DIAMONDS SEVEN,0.6554,0.0058,0.3388
HEARTS SEVEN DIAMONDS SEVEN,0.4524,0.0036,0.544
HEARTS SIX DIAMONDS SEVEN,0.6248,0.0052,0.37
DIAMONDS SEVEN HEARTS NINE,0.7208,0.0242,0.255
HEARTS EIGHT DIAMONDS SEVEN,0.6222,0.0076,0.3702
DIAMONDS JACK DIAMONDS SEVEN,0.5916,0.0054,0.403
DIAMONDS FIVE HEARTS JACK,0.6404,0.0044,0.3552
DIAMONDS TEN DIAMONDS SEVEN,0.5924,0.0042,0.4034
HEARTS TEN DIAMONDS FIVE,0.6386,0.004,0.3574
CLUBS EIGHT DIAMONDS SEVEN,0.622,0.0042,0.3738
SPADES KING CLUBS TWO,0.6338,0.0044,0.3618
HEARTS KING CLUBS KING,0.2926,0.0046,0.7028
SPADES QUEEN CLUBS TWO,0.6376,0.0044,0.358
HEARTS KING CLUBS QUEEN,0.5918,0.0034,0.4048
CLUBS NINE DIAMONDS SEVEN,0.7142,0.0236,0.2622
CLUBS JACK SPADES TWO,0.6454,0.0024,0.3522
CLUBS SIX CLUBS SEVEN,0.5924,0.0034,0.4042
SPADES ACE CLUBS TWO,0.5814,0.1746,0.244
CLUBS TEN SPADES TWO,0.6416,0.0028,0.3556
HEARTS KING CLUBS ACE,0.2506,0.0512,0.6982
SPADES TWO CLUBS KING,0.6476,0.004,0.3484
SPADES TWO DIAMONDS SEVEN,0.6862,0.004,0.3098
CLUBS EIGHT CLUBS SIX,0.5896,0.0044,0.406
SPADES THREE DIAMONDS SEVEN,0.6674,0.003,0.3296
SPADES TWO CLUBS QUEEN,0.6182,0.004,0.3778
CLUBS NINE CLUBS SIX,0.6708,0.0232,0.306
SPADES FOUR DIAMONDS SEVEN,0.6552,0.0046,0.3402
CLUBS JACK HEARTS KING,0.5862,0.0046,0.4092
SPADES FIVE DIAMONDS SEVEN,0.64,0.0052,0.3548
SPADES TWO CLUBS ACE,0.5908,0.1608,0.2484
CLUBS TEN HEARTS KING,0.5766,0.004,0.4194
CLUBS SIX SPADES TWO,0.674,0.0034,0.3226
CLUBS SIX SPADES THREE,0.6692,0.0042,0.3266
CLUBS TWO DIAMONDS SEVEN,0.6842,0.005,0.3108
CLUBS SIX SPADES FOUR,0.6348,0.0028,0.3624
CLUBS THREE DIAMONDS SEVEN,0.6656,0.0044,0.33
CLUBS SIX SPADES FIVE,0.6326,0.0042,0.3632
CLUBS FOUR DIAMONDS SEVEN,0.6538,0.0036,0.3426
CLUBS SIX SPADES SIX,0.4434,0.0036,0.553
CLUBS FIVE DIAMONDS SEVEN,0.6266,0.0044,0.369
CLUBS SIX SPADES SEVEN,0.6278,0.0038,0.3684
CLUBS SIX DIAMONDS SEVEN,0.6292,0.0046,0.3662
CLUBS SIX SPADES EIGHT,0.6338,0.0032,0.363
SPADES JACK CLUBS TWO,0.6426,0.0034,0.354
CLUBS SEVEN DIAMONDS SEVEN,0.4438,0.0036,0.5526
CLUBS SIX SPADES NINE,0.7082,0.0254,0.2664
SPADES TEN CLUBS TWO,0.6414,0.0028,0.3558
CLUBS TWO CLUBS QUEEN,0.5962,0.0044,0.3994
CLUBS TWO CLUBS KING,0.5988,0.0046,0.3966
CLUBS THREE DIAMONDS EIGHT,0.6824,0.0036,0.314
CLUBS TWO CLUBS ACE,0.5536,0.1596,0.2868
CLUBS TWO DIAMONDS EIGHT,0.6656,0.0064,0.328
HEARTS SEVEN DIAMONDS EIGHT,0.6222,0.0032,0.3746
HEARTS SIX DIAMONDS EIGHT,0.6536,0.005,0.3414
DIAMONDS EIGHT HEARTS NINE,0.6974,0.023,0.2796
CLUBS TEN CLUBS TWO,0.596,0.0048,0.3992
DIAMONDS EIGHT HEARTS EIGHT,0.4394,0.0052,0.5554
CLUBS JACK CLUBS TWO,0.6024,0.0042,0.3934
CLUBS NINE DIAMONDS EIGHT,0.6872,0.0272,0.2856
CLUBS EIGHT DIAMONDS EIGHT,0.4396,0.0034,0.557
CLUBS FIVE DIAMONDS EIGHT,0.6508,0.0036,0.3456
SPADES ACE SPADES THREE,0.542,0.171,0.287
CLUBS FOUR DIAMONDS EIGHT,0.6686,0.0042,0.3272
CLUBS SEVEN DIAMONDS EIGHT,0.6354,0.0026,0.362
SPADES QUEEN SPADES THREE,0.601,0.002,0.397
CLUBS SIX DIAMONDS EIGHT,0.6314,0.0046,0.364
SPADES KING SPADES THREE,0.5996,0.0054,0.395
DIAMONDS EIGHT DIAMONDS QUEEN,0.593,0.0038,0.4032
HEARTS TWO DIAMONDS EIGHT,0.6698,0.003,0.3272
DIAMONDS KING DIAMONDS EIGHT,0.6056,0.0062,0.3882
HEARTS THREE DIAMONDS EIGHT,0.6772,0.0052,0.3176
DIAMONDS ACE DIAMONDS EIGHT,0.5716,0.1678,0.2606
HEARTS FOUR DIAMONDS EIGHT,0.6686,0.003,0.3284
HEARTS FIVE DIAMONDS EIGHT,0.6672,0.0056,0.3272
DIAMONDS TEN DIAMONDS EIGHT,0.5816,0.005,0.4134
DIAMONDS EIGHT DIAMONDS JACK,0.589,0.0038,0.4072
SPADES JACK SPADES THREE,0.5964,0.0028,0.4008
SPADES TEN SPADES THREE,0.5954,0.0032,0.4014
CLUBS FOUR HEARTS QUEEN,0.6374,0.0052,0.3574
CLUBS FOUR HEARTS KING,0.6416,0.0046,0.3538
CLUBS SIX HEARTS TEN,0.6362,0.0036,0.3602
CLUBS SIX HEARTS JACK,0.6398,0.0058,0.3544
DIAMONDS EIGHT SPADES FOUR,0.6616,0.0042,0.3342
SPADES FIVE DIAMONDS EIGHT,0.638,0.0052,0.3568
DIAMONDS EIGHT SPADES TWO,0.6794,0.0044,0.3162
DIAMONDS EIGHT SPADES THREE,0.6846,0.0042,0.3112
CLUBS FOUR HEARTS JACK,0.6334,0.0064,0.3602
SPADES EIGHT DIAMONDS EIGHT,0.4354,0.004,0.5606
SPADES TEN DIAMONDS QUEEN,0.5704,0.0036,0.426
SPADES TEN HEARTS TWO,0.6436,0.0042,0.3522
SPADES JACK HEARTS EIGHT,0.6248,0.0026,0.3726
CLUBS FOUR HEARTS TEN,0.6274,0.0034,0.3692
SPADES NINE DIAMONDS EIGHT,0.7006,0.019,0.2804
SPADES TEN HEARTS EIGHT,0.6106,0.0046,0.3848
SPADES JACK HEARTS TWO,0.652,0.003,0.345
SPADES JACK DIAMONDS QUEEN,0.5612,0.0058,0.433
SPADES SIX DIAMONDS EIGHT,0.6384,0.0028,0.3588
SPADES SEVEN DIAMONDS EIGHT,0.622,0.0048,0.3732
SPADES ACE HEARTS TWO,0.5966,0.1734,0.23
SPADES ACE DIAMONDS QUEEN,0.2298,0.0682,0.702
SPADES ACE HEARTS EIGHT,0.605,0.1688,0.2262
SPADES KING HEARTS EIGHT,0.6418,0.0044,0.3538
SPADES QUEEN HEARTS TWO,0.6396,0.006,0.3544
SPADES QUEEN DIAMONDS QUEEN,0.2732,0.003,0.7238
SPADES KING DIAMONDS QUEEN,0.573,0.0064,0.4206
SPADES KING HEARTS TWO,0.6476,0.0042,0.3482
SPADES QUEEN HEARTS EIGHT,0.6278,0.0042,0.368
CLUBS TWO HEARTS TEN,0.6472,0.0046,0.3482
CLUBS TWO HEARTS JACK,0.6522,0.006,0.3418
SPADES TEN CLUBS KING,0.579,0.0048,0.4162
SPADES JACK CLUBS KING,0.575,0.0042,0.4208
SPADES JACK CLUBS FOUR,0.6484,0.005,0.3466
SPADES TEN CLUBS FOUR,0.6526,0.002,0.3454
CLUBS EIGHT CLUBS NINE,0.6616,0.0194,0.319
SPADES ACE CLUBS FOUR,0.586,0.1698,0.2442
CLUBS TWO HEARTS KING,0.6356,0.005,0.3594
SPADES KING CLUBS FOUR,0.6324,0.0042,0.3634
CLUBS TWO HEARTS QUEEN,0.649,0.0042,0.3468
SPADES QUEEN CLUBS FOUR,0.6466,0.0024,0.351
CLUBS EIGHT SPADES NINE,0.6976,0.0238,0.2786
CLUBS EIGHT SPADES EIGHT,0.436,0.0032,0.5608
CLUBS EIGHT SPADES SEVEN,0.619,0.0028,0.3782
CLUBS EIGHT SPADES SIX,0.645,0.0034,0.3516
CLUBS EIGHT SPADES FIVE,0.6444,0.0042,0.3514
CLUBS EIGHT SPADES FOUR,0.6596,0.0034,0.337
CLUBS EIGHT SPADES THREE,0.6776,0.004,0.3184
CLUBS EIGHT SPADES TWO,0.673,0.004,0.323
HEARTS SIX DIAMONDS TEN,0.631,0.0034,0.3656
HEARTS SEVEN DIAMONDS TEN,0.6206,0.0052,0.3742
DIAMONDS TEN HEARTS EIGHT,0.6064,0.0052,0.3884
CLUBS JACK CLUBS FOUR,0.602,0.0044,0.3936
DIAMONDS TEN HEARTS NINE,0.6922,0.0204,0.2874
CLUBS TEN CLUBS FOUR,0.5906,0.0072,0.4022
CLUBS FOUR CLUBS KING,0.5944,0.0054,0.4002
CLUBS FOUR CLUBS QUEEN,0.6012,0.003,0.3958
CLUBS TWO DIAMONDS TEN,0.6434,0.0054,0.3512
DIAMONDS TEN CLUBS THREE,0.6376,0.0064,0.356
CLUBS FOUR CLUBS ACE,0.5386,0.1652,0.2962
DIAMONDS TEN DIAMONDS JACK,0.5488,0.0054,0.4458
DIAMONDS TEN DIAMONDS QUEEN,0.5402,0.0048,0.455
HEARTS TWO DIAMONDS TEN,0.6356,0.0056,0.3588
DIAMONDS KING DIAMONDS TEN,0.551,0.0038,0.4452
HEARTS THREE DIAMONDS TEN,0.647,0.0068,0.3462
DIAMONDS ACE DIAMONDS TEN,0.221,0.115,0.664
HEARTS FOUR DIAMONDS TEN,0.6444,0.003,0.3526
CLUBS EIGHT HEARTS JACK,0.6214,0.0028,0.3758
HEARTS FIVE DIAMONDS TEN,0.637,0.004,0.359
CLUBS EIGHT HEARTS TEN,0.616,0.0034,0.3806
CLUBS EIGHT HEARTS QUEEN,0.6256,0.004,0.3704
CLUBS EIGHT HEARTS KING,0.6414,0.0046,0.354
CLUBS NINE SPADES THREE,0.7538,0.023,0.2232
CLUBS NINE SPADES TWO,0.7614,0.0224,0.2162
CLUBS NINE SPADES FIVE,0.7264,0.0238,0.2498
CLUBS NINE SPADES FOUR,0.737,0.0252,0.2378
CLUBS NINE SPADES SEVEN,0.7018,0.0208,0.2774
CLUBS NINE SPADES SIX,0.7236,0.0224,0.254
CLUBS NINE SPADES NINE,0.316,0.0228,0.6612
CLUBS TEN HEARTS EIGHT,0.6036,0.0026,0.3938
CLUBS NINE SPADES EIGHT,0.6926,0.0224,0.285
CLUBS JACK HEARTS EIGHT,0.6184,0.0044,0.3772
HEARTS EIGHT CLUBS QUEEN,0.6388,0.0032,0.358
CLUBS KING HEARTS EIGHT,0.64,0.006,0.354
CLUBS ACE HEARTS EIGHT,0.608,0.1746,0.2174
SPADES KING CLUBS KING,0.2854,0.004,0.7106
SPADES QUEEN CLUBS KING,0.5876,0.0034,0.409
SPADES ACE CLUBS KING,0.2482,0.0474,0.7044
DIAMONDS ACE HEARTS TEN,0.2148,0.1164,0.6688
HEARTS FOUR HEARTS TEN,0.612,0.0048,0.3832
DIAMONDS ACE HEARTS JACK,0.2322,0.0864,0.6814
HEARTS FOUR HEARTS JACK,0.6114,0.0042,0.3844
SPADES KING CLUBS FIVE,0.6324,0.0032,0.3644
SPADES QUEEN CLUBS FIVE,0.6354,0.0034,0.3612
SPADES ACE CLUBS FIVE,0.576,0.1588,0.2652
HEARTS SEVEN DIAMONDS JACK,0.6292,0.0034,0.3674
HEARTS SIX DIAMONDS JACK,0.6448,0.006,0.3492
DIAMONDS JACK HEARTS NINE,0.6978,0.0166,0.2856
DIAMONDS JACK HEARTS EIGHT,0.6124,0.0038,0.3838
DIAMONDS KING DIAMONDS JACK,0.5276,0.005,0.4674
HEARTS THREE DIAMONDS JACK,0.6342,0.0042,0.3616
SPADES ACE SPADES SIX,0.5662,0.1562,0.2776
DIAMONDS QUEEN DIAMONDS JACK,0.5296,0.0046,0.4658
HEARTS TWO DIAMONDS JACK,0.6342,0.0058,0.36
HEARTS FIVE DIAMONDS JACK,0.6308,0.0054,0.3638
SPADES QUEEN SPADES SIX,0.5894,0.0036,0.407
SPADES FOUR HEARTS QUEEN,0.6426,0.0058,0.3516
DIAMONDS ACE DIAMONDS JACK,0.2334,0.0804,0.6862
HEARTS FOUR DIAMONDS JACK,0.6408,0.0034,0.3558
SPADES KING SPADES SIX,0.588,0.0026,0.4094
SPADES FOUR HEARTS KING,0.645,0.0052,0.3498
SPADES TEN SPADES SIX,0.5766,0.0058,0.4176
SPADES JACK SPADES SIX,0.6002,0.0044,0.3954
SPADES FOUR DIAMONDS JACK,0.6294,0.004,0.3666
SPADES FIVE DIAMONDS JACK,0.633,0.0048,0.3622
DIAMONDS JACK SPADES TWO,0.6454,0.0052,0.3494
SPADES THREE DIAMONDS JACK,0.6358,0.004,0.3602
SPADES ACE DIAMONDS THREE,0.574,0.1818,0.2442
CLUBS EIGHT DIAMONDS JACK,0.6216,0.004,0.3744
SPADES QUEEN DIAMONDS THREE,0.6222,0.0062,0.3716
SPADES KING DIAMONDS THREE,0.6394,0.006,0.3546
CLUBS NINE DIAMONDS JACK,0.7056,0.0186,0.2758
CLUBS SIX DIAMONDS JACK,0.6434,0.0042,0.3524
CLUBS SEVEN DIAMONDS JACK,0.6178,0.0056,0.3766
CLUBS FOUR DIAMONDS JACK,0.6436,0.0024,0.354
CLUBS FIVE DIAMONDS JACK,0.622,0.0048,0.3732
CLUBS TWO DIAMONDS JACK,0.636,0.005,0.359
CLUBS THREE DIAMONDS JACK,0.6258,0.0042,0.37
SPADES TEN CLUBS FIVE,0.6422,0.0034,0.3544
SPADES JACK HEARTS SIX,0.6446,0.0032,0.3522
HEARTS SIX SPADES TEN,0.6388,0.005,0.3562
SPADES JACK CLUBS FIVE,0.6382,0.0022,0.3596
SPADES JACK DIAMONDS THREE,0.6434,0.0032,0.3534
CLUBS SEVEN CLUBS ACE,0.5516,0.165,0.2834
DIAMONDS THREE SPADES TEN,0.634,0.0034,0.3626
CLUBS SEVEN CLUBS QUEEN,0.5826,0.0024,0.415
CLUBS SEVEN CLUBS KING,0.5932,0.002,0.4048
SPADES NINE DIAMONDS JACK,0.697,0.021,0.282
CLUBS TEN CLUBS SEVEN,0.5726,0.0046,0.4228
SPADES EIGHT DIAMONDS JACK,0.6154,0.0042,0.3804
SPADES ACE HEARTS SIX,0.6142,0.1654,0.2204
CLUBS JACK CLUBS SEVEN,0.5828,0.0038,0.4134
DIAMONDS ACE HEARTS KING,0.2422,0.0514,0.7064
HEARTS FOUR HEARTS KING,0.6172,0.0058,0.377
SPADES SEVEN DIAMONDS JACK,0.6206,0.0032,0.3762
SPADES KING HEARTS SIX,0.6394,0.0032,0.3574
DIAMONDS ACE HEARTS QUEEN,0.2332,0.0684,0.6984
HEARTS FOUR HEARTS QUEEN,0.6108,0.0052,0.384
SPADES QUEEN HEARTS SIX,0.6344,0.003,0.3626
SPADES SIX DIAMONDS JACK,0.6354,0.0024,0.3622
DIAMONDS TEN SPADES TWO,0.6394,0.0038,0.3568
DIAMONDS TEN SPADES THREE,0.6466,0.0048,0.3486
DIAMONDS TEN SPADES FOUR,0.6404,0.0044,0.3552
DIAMONDS TEN SPADES FIVE,0.629,0.0032,0.3678
SPADES SIX DIAMONDS TEN,0.6278,0.0046,0.3676
SPADES SEVEN DIAMONDS TEN,0.6038,0.0044,0.3918
SPADES EIGHT DIAMONDS TEN,0.61,0.0034,0.3866
SPADES NINE DIAMONDS TEN,0.6718,0.0158,0.3124
CLUBS FOUR DIAMONDS TEN,0.6398,0.0038,0.3564
CLUBS FIVE DIAMONDS TEN,0.6352,0.0072,0.3576
CLUBS SIX DIAMONDS TEN,0.6248,0.0036,0.3716
CLUBS SEVEN DIAMONDS TEN,0.6152,0.0022,0.3826
CLUBS EIGHT DIAMONDS TEN,0.6076,0.0042,0.3882
CLUBS NINE DIAMONDS TEN,0.6888,0.0176,0.2936
CLUBS JACK DIAMONDS THREE,0.6356,0.0046,0.3598
CLUBS TEN DIAMONDS THREE,0.6354,0.0058,0.3588
DIAMONDS THREE CLUBS KING,0.6468,0.0052,0.348
DIAMONDS THREE CLUBS QUEEN,0.641,0.0042,0.3548
DIAMONDS THREE CLUBS ACE,0.5816,0.1812,0.2372
SPADES FOUR HEARTS JACK,0.6504,0.003,0.3466
SPADES FOUR HEARTS TEN,0.6336,0.005,0.3614
SPADES FIVE SPADES TWO,0.6118,0.0048,0.3834
SPADES FOUR SPADES TWO,0.614,0.004,0.382
SPADES THREE SPADES TWO,0.616,0.005,0.379
SPADES NINE SPADES TWO,0.7084,0.0268,0.2648
SPADES EIGHT SPADES TWO,0.6296,0.0054,0.365
SPADES SEVEN SPADES TWO,0.6328,0.0048,0.3624
SPADES SIX SPADES TWO,0.6392,0.0056,0.3552
CLUBS THREE DIAMONDS QUEEN,0.628,0.0052,0.3668
HEARTS TWO CLUBS THREE,0.6768,0.005,0.3182
CLUBS TWO DIAMONDS QUEEN,0.6286,0.0054,0.366
HEARTS TWO CLUBS TWO,0.4554,0.0054,0.5392
HEARTS SEVEN DIAMONDS QUEEN,0.6346,0.0046,0.3608
HEARTS SEVEN HEARTS TWO,0.6516,0.0064,0.342
HEARTS SIX DIAMONDS QUEEN,0.6314,0.0058,0.3628
HEARTS SIX HEARTS TWO,0.6262,0.0056,0.3682
DIAMONDS QUEEN HEARTS NINE,0.7222,0.0216,0.2562
HEARTS TWO HEARTS NINE,0.721,0.0266,0.2524
DIAMONDS QUEEN HEARTS EIGHT,0.6314,0.0062,0.3624
HEARTS TWO HEARTS EIGHT,0.6354,0.0038,0.3608
CLUBS NINE HEARTS TWO,0.7634,0.0224,0.2142
CLUBS NINE DIAMONDS QUEEN,0.7234,0.0208,0.2558
CLUBS EIGHT DIAMONDS QUEEN,0.6152,0.0056,0.3792
CLUBS EIGHT HEARTS TWO,0.6696,0.0038,0.3266
CLUBS FIVE DIAMONDS QUEEN,0.624,0.0034,0.3726
CLUBS FIVE HEARTS TWO,0.6416,0.005,0.3534
CLUBS FOUR DIAMONDS QUEEN,0.6264,0.0042,0.3694
CLUBS FOUR HEARTS TWO,0.6598,0.0052,0.335
CLUBS SEVEN DIAMONDS QUEEN,0.627,0.0038,0.3692
CLUBS SEVEN HEARTS TWO,0.6768,0.005,0.3182
SPADES EIGHT HEARTS QUEEN,0.6364,0.0044,0.3592
CLUBS SIX DIAMONDS QUEEN,0.6276,0.0022,0.3702
CLUBS SIX HEARTS TWO,0.661,0.0048,0.3342
SPADES EIGHT HEARTS KING,0.636,0.0038,0.3602
HEARTS TWO SPADES SIX,0.66,0.0032,0.3368
SPADES SIX DIAMONDS QUEEN,0.625,0.0036,0.3714
HEARTS FOUR CLUBS QUEEN,0.6418,0.0042,0.354
DIAMONDS ACE CLUBS QUEEN,0.2444,0.0686,0.687
SPADES SEVEN DIAMONDS QUEEN,0.627,0.003,0.37
SPADES SEVEN HEARTS TWO,0.6764,0.0052,0.3184
HEARTS FOUR CLUBS KING,0.634,0.0048,0.3612
DIAMONDS ACE CLUBS KING,0.2254,0.053,0.7216
SPADES EIGHT DIAMONDS QUEEN,0.6208,0.0034,0.3758
SPADES EIGHT HEARTS TWO,0.6714,0.006,0.3226
HEARTS FOUR CLUBS ACE,0.5912,0.1708,0.238
DIAMONDS ACE CLUBS ACE,0.0502,0.0122,0.9376
SPADES NINE DIAMONDS QUEEN,0.7186,0.0208,0.2606
SPADES NINE HEARTS TWO,0.7528,0.029,0.2182
HEARTS TWO SPADES TWO,0.4836,0.0054,0.511
DIAMONDS QUEEN SPADES TWO,0.6396,0.0038,0.3566
HEARTS TWO SPADES THREE,0.6496,0.0038,0.3466
DIAMONDS QUEEN SPADES THREE,0.6372,0.0044,0.3584
HEARTS TWO SPADES FOUR,0.6598,0.0058,0.3344
SPADES FOUR DIAMONDS QUEEN,0.6508,0.0034,0.3458
CLUBS TEN HEARTS FOUR,0.6402,0.0044,0.3554
CLUBS TEN DIAMONDS ACE,0.2164,0.1192,0.6644
HEARTS TWO SPADES FIVE,0.6418,0.0042,0.354
SPADES FIVE DIAMONDS QUEEN,0.6276,0.0042,0.3682
CLUBS JACK HEARTS FOUR,0.6248,0.0038,0.3714
CLUBS JACK DIAMONDS ACE,0.233,0.0878,0.6792
CLUBS FIVE CLUBS KING,0.5832,0.0042,0.4126
CLUBS FIVE CLUBS QUEEN,0.5964,0.0048,0.3988
CLUBS FIVE CLUBS ACE,0.5366,0.1636,0.2998
CLUBS JACK CLUBS FIVE,0.588,0.0052,0.4068
CLUBS TEN CLUBS FIVE,0.6032,0.0046,0.3922
SPADES KING CLUBS JACK,0.563,0.003,0.434
CLUBS JACK SPADES QUEEN,0.5782,0.0044,0.4174
SPADES ACE CLUBS JACK,0.2406,0.0894,0.67
SPADES SIX CLUBS KING,0.6336,0.0044,0.362
SPADES SIX CLUBS QUEEN,0.6354,0.0042,0.3604
SPADES EIGHT HEARTS JACK,0.6174,0.0028,0.3798
SPADES SIX CLUBS ACE,0.605,0.163,0.232
SPADES EIGHT HEARTS TEN,0.6054,0.0036,0.391
CLUBS JACK SPADES SIX,0.6506,0.0032,0.3462
CLUBS TEN SPADES SIX,0.622,0.0028,0.3752
CLUBS JACK SPADES TEN,0.5572,0.0028,0.44
CLUBS JACK SPADES JACK,0.2926,0.0032,0.7042
SPADES QUEEN CLUBS SEVEN,0.64,0.002,0.358
SPADES KING CLUBS SEVEN,0.6438,0.0044,0.3518
SPADES ACE CLUBS SEVEN,0.5996,0.17,0.2304
SPADES SIX HEARTS TEN,0.6328,0.0044,0.3628
SPADES SIX HEARTS JACK,0.644,0.0042,0.3518
SPADES SIX HEARTS KING,0.6456,0.0024,0.352
SPADES SIX HEARTS QUEEN,0.6452,0.002,0.3528
SPADES JACK CLUBS SEVEN,0.631,0.003,0.366
SPADES TEN CLUBS SEVEN,0.6136,0.0016,0.3848
CLUBS TEN HEARTS SIX,0.6256,0.003,0.3714
CLUBS JACK HEARTS SIX,0.654,0.0042,0.3418
CLUBS JACK CLUBS ACE,0.2296,0.0792,0.6912
HEARTS SIX CLUBS QUEEN,0.6414,0.0042,0.3544
HEARTS SIX CLUBS KING,0.6294,0.0036,0.367
HEARTS SIX CLUBS ACE,0.5974,0.1642,0.2384
CLUBS JACK CLUBS QUEEN,0.5432,0.0028,0.454
CLUBS JACK CLUBS KING,0.5384,0.005,0.4566
DIAMONDS THREE HEARTS QUEEN,0.6492,0.0062,0.3446
DIAMONDS THREE HEARTS KING,0.654,0.0046,0.3414
CLUBS FIVE HEARTS JACK,0.6324,0.0062,0.3614
SPADES TEN DIAMONDS ACE,0.2174,0.1166,0.666
HEARTS FOUR SPADES TEN,0.6446,0.0044,0.351
CLUBS FIVE HEARTS TEN,0.6446,0.0044,0.351
HEARTS FOUR SPADES JACK,0.642,0.0048,0.3532
SPADES JACK DIAMONDS ACE,0.238,0.0874,0.6746
SPADES ACE HEARTS FOUR,0.5948,0.1682,0.237
SPADES ACE DIAMONDS ACE,0.0536,0.0142,0.9322
CLUBS FIVE HEARTS KING,0.6354,0.0044,0.3602
HEARTS FOUR SPADES QUEEN,0.646,0.0056,0.3484
SPADES QUEEN DIAMONDS ACE,0.2332,0.0662,0.7006
CLUBS JACK SPADES FOUR,0.6494,0.0054,0.3452
CLUBS FIVE HEARTS QUEEN,0.6362,0.0034,0.3604
SPADES KING DIAMONDS ACE,0.2348,0.0452,0.72
SPADES KING HEARTS FOUR,0.6354,0.0042,0.3604
CLUBS TEN SPADES FOUR,0.6344,0.0036,0.362
DIAMONDS ACE DIAMONDS QUEEN,0.239,0.0636,0.6974
DIAMONDS ACE HEARTS TWO,0.5784,0.1816,0.24
HEARTS FOUR DIAMONDS QUEEN,0.638,0.0036,0.3584
HEARTS FOUR HEARTS TWO,0.6298,0.0036,0.3666
DIAMONDS THREE HEARTS TEN,0.6506,0.0044,0.345
SPADES FOUR CLUBS KING,0.6418,0.005,0.3532
HEARTS FIVE DIAMONDS QUEEN,0.6362,0.0082,0.3556
HEARTS FIVE HEARTS TWO,0.6266,0.0074,0.366
DIAMONDS THREE HEARTS JACK,0.6354,0.0056,0.359
SPADES FOUR CLUBS QUEEN,0.634,0.0044,0.3616
HEARTS TWO DIAMONDS QUEEN,0.6392,0.0048,0.356
DIAMONDS KING DIAMONDS QUEEN,0.547,0.005,0.448
DIAMONDS KING HEARTS TWO,0.6492,0.0044,0.3464
HEARTS THREE DIAMONDS QUEEN,0.6524,0.0044,0.3432
HEARTS THREE HEARTS TWO,0.6192,0.0054,0.3754
SPADES FOUR CLUBS ACE,0.5802,0.172,0.2478
HEARTS TWO CLUBS ACE,0.5896,0.1746,0.2358
DIAMONDS QUEEN CLUBS ACE,0.2316,0.0606,0.7078
HEARTS TWO CLUBS QUEEN,0.6366,0.0058,0.3576
DIAMONDS QUEEN CLUBS QUEEN,0.299,0.0036,0.6974
HEARTS TWO CLUBS KING,0.6404,0.0042,0.3554
DIAMONDS QUEEN CLUBS KING,0.5796,0.0062,0.4142
SPADES EIGHT SPADES FIVE,0.6038,0.003,0.3932
CLUBS TEN HEARTS TWO,0.6482,0.003,0.3488
CLUBS TEN DIAMONDS QUEEN,0.5714,0.0042,0.4244
SPADES NINE SPADES FIVE,0.6814,0.0212,0.2974
CLUBS JACK HEARTS TWO,0.6354,0.0046,0.36
CLUBS JACK DIAMONDS QUEEN,0.5746,0.006,0.4194
SPADES SIX SPADES FIVE,0.5702,0.0042,0.4256
SPADES SEVEN SPADES FIVE,0.593,0.0036,0.4034
DIAMONDS FIVE CLUBS QUEEN,0.63,0.0052,0.3648
SPADES EIGHT CLUBS ACE,0.5992,0.1622,0.2386
DIAMONDS FIVE CLUBS KING,0.649,0.0032,0.3478
SPADES EIGHT CLUBS KING,0.6382,0.0024,0.3594
DIAMONDS FIVE CLUBS ACE,0.5838,0.1636,0.2526
SPADES EIGHT CLUBS QUEEN,0.6292,0.0038,0.367
CLUBS JACK SPADES EIGHT,0.6146,0.0046,0.3808
CLUBS TEN SPADES EIGHT,0.627,0.0022,0.3708
CLUBS TEN DIAMONDS FIVE,0.6442,0.0056,0.3502
CLUBS JACK DIAMONDS FIVE,0.632,0.004,0.364
DIAMONDS TEN HEARTS JACK,0.5574,0.0046,0.438
DIAMONDS TEN HEARTS TEN,0.3086,0.005,0.6864
SPADES ACE CLUBS NINE,0.0232,0.9546,0.0222
SPADES QUEEN CLUBS NINE,0.7148,0.0186,0.2666
SPADES KING CLUBS NINE,0.7274,0.022,0.2506
HEARTS SIX HEARTS KING,0.6038,0.004,0.3922
DIAMONDS KING SPADES SEVEN,0.6318,0.0038,0.3644
HEARTS THREE SPADES SEVEN,0.6618,0.0056,0.3326
SPADES KING DIAMONDS SEVEN,0.6292,0.0056,0.3652
HEARTS SIX HEARTS QUEEN,0.5914,0.0046,0.404
SPADES QUEEN DIAMONDS SEVEN,0.6298,0.0034,0.3668
HEARTS THREE SPADES SIX,0.6534,0.0038,0.3428
DIAMONDS KING SPADES SIX,0.6348,0.0026,0.3626
SPADES NINE DIAMONDS KING,0.7384,0.0192,0.2424
SPADES NINE HEARTS THREE,0.7638,0.0262,0.21
DIAMONDS KING SPADES EIGHT,0.6352,0.0036,0.3612
SPADES EIGHT HEARTS THREE,0.6802,0.0044,0.3154
SPADES ACE DIAMONDS SEVEN,0.5972,0.1746,0.2282
CLUBS NINE HEARTS THREE,0.7532,0.0242,0.2226
CLUBS NINE DIAMONDS KING,0.728,0.021,0.251
CLUBS EIGHT DIAMONDS KING,0.6342,0.0046,0.3612
CLUBS EIGHT HEARTS THREE,0.673,0.0042,0.3228
HEARTS THREE SPADES THREE,0.4702,0.004,0.5258
