opposingHand,winningChance,drawChance,lostChance
HEARTS JACK CLUBS ACE
HEARTS FIVE SPADES TEN,0.6676,0.0034,0.329
SPADES JACK HEARTS FIVE,0.7506,0.02,0.2294
SPADES FIVE CLUBS JACK,0.7532,0.0198,0.227
CLUBS TEN SPADES FIVE,0.6882,0.005,0.3068
CLUBS EIGHT CLUBS JACK,0.6946,0.0188,0.2866
CLUBS TEN CLUBS EIGHT,0.6026,0.0062,0.3912
CLUBS EIGHT CLUBS KING,0.6252,0.0048,0.37
CLUBS EIGHT CLUBS QUEEN,0.6172,0.0042,0.3786
SPADES FIVE CLUBS KING,0.6348,0.0066,0.3586
SPADES FIVE CLUBS QUEEN,0.645,0.0042,0.3508
DIAMONDS TWO DIAMONDS THREE,0.6332,0.004,0.3628
DIAMONDS TWO DIAMONDS FIVE,0.6044,0.0044,0.3912
SPADES KING HEARTS FIVE,0.6558,0.0056,0.3386
DIAMONDS TWO DIAMONDS FOUR,0.6146,0.0076,0.3778
SPADES QUEEN HEARTS FIVE,0.6548,0.0062,0.339
DIAMONDS TWO DIAMONDS SEVEN,0.6246,0.0034,0.372
DIAMONDS TWO DIAMONDS SIX,0.6162,0.0042,0.3796
SPADES ACE HEARTS FIVE,0.6712,0.0882,0.2406
DIAMONDS TWO DIAMONDS NINE,0.6276,0.0044,0.368
DIAMONDS TWO DIAMONDS EIGHT,0.636,0.0034,0.3606
DIAMONDS THREE DIAMONDS FOUR,0.6098,0.0052,0.385
CLUBS TWO SPADES FOUR,0.6578,0.0042,0.338
DIAMONDS THREE DIAMONDS FIVE,0.5834,0.0038,0.4128
SPADES FIVE CLUBS TWO,0.6592,0.0052,0.3356
CLUBS TWO SPADES TWO,0.4794,0.0036,0.517
CLUBS TWO SPADES THREE,0.6614,0.0048,0.3338
DIAMONDS THREE DIAMONDS EIGHT,0.6294,0.0022,0.3684
SPADES EIGHT CLUBS TWO,0.6794,0.0046,0.316
DIAMONDS THREE DIAMONDS NINE,0.6396,0.0048,0.3556
SPADES NINE CLUBS TWO,0.6716,0.0036,0.3248
DIAMONDS THREE DIAMONDS SIX,0.6154,0.004,0.3806
SPADES SIX CLUBS TWO,0.6584,0.0034,0.3382
DIAMONDS THREE DIAMONDS SEVEN,0.6232,0.003,0.3738
SPADES SEVEN CLUBS TWO,0.6792,0.0038,0.317
CLUBS SIX CLUBS TWO,0.6364,0.006,0.3576
CLUBS SEVEN CLUBS TWO,0.6436,0.004,0.3524
CLUBS FOUR CLUBS TWO,0.6188,0.0062,0.375
CLUBS FIVE CLUBS TWO,0.6236,0.0052,0.3712
CLUBS TEN CLUBS JACK,0.6748,0.0194,0.3058
DIAMONDS FOUR DIAMONDS SIX,0.6018,0.0024,0.3958
CLUBS TEN CLUBS QUEEN,0.5842,0.0076,0.4082
DIAMONDS FOUR DIAMONDS SEVEN,0.6138,0.0044,0.3818
CLUBS TEN CLUBS KING,0.602,0.0054,0.3926
CLUBS EIGHT CLUBS TWO,0.6462,0.0048,0.349
DIAMONDS FIVE DIAMONDS FOUR,0.5832,0.0048,0.412
CLUBS NINE CLUBS TWO,0.6502,0.0034,0.3464
DIAMONDS NINE DIAMONDS FOUR,0.6408,0.0054,0.3538
DIAMONDS EIGHT DIAMONDS FOUR,0.6168,0.0034,0.3798
CLUBS THREE CLUBS TWO,0.6296,0.0074,0.363
DIAMONDS NINE DIAMONDS FIVE,0.615,0.0042,0.3808
DIAMONDS TWO CLUBS JACK,0.7574,0.0202,0.2224
DIAMONDS EIGHT DIAMONDS FIVE,0.6074,0.0042,0.3884
CLUBS TEN DIAMONDS TWO,0.675,0.0048,0.3202
DIAMONDS FIVE DIAMONDS SEVEN,0.5942,0.005,0.4008
DIAMONDS FIVE DIAMONDS SIX,0.5868,0.0034,0.4098
DIAMONDS TWO CLUBS KING,0.6548,0.0058,0.3394
DIAMONDS TWO CLUBS QUEEN,0.6514,0.005,0.3436
DIAMONDS EIGHT DIAMONDS SIX,0.5952,0.0044,0.4004
DIAMONDS NINE DIAMONDS SIX,0.6108,0.0032,0.386
HEARTS ACE SPADES THREE,0.6512,0.0874,0.2614
SPADES THREE HEARTS KING,0.6416,0.0044,0.354
DIAMONDS SEVEN DIAMONDS SIX,0.5934,0.0026,0.404
HEARTS QUEEN SPADES THREE,0.6452,0.0064,0.3484
SPADES THREE HEARTS TEN,0.6834,0.0036,0.313
DIAMONDS EIGHT DIAMONDS SEVEN,0.5806,0.0022,0.4172
DIAMONDS NINE DIAMONDS SEVEN,0.5966,0.0016,0.4018
DIAMONDS NINE DIAMONDS EIGHT,0.5862,0.0038,0.41
DIAMONDS KING HEARTS TEN,0.615,0.0046,0.3804
HEARTS THREE HEARTS TEN,0.6402,0.0064,0.3534
SPADES JACK CLUBS SIX,0.7558,0.0212,0.223
SPADES TEN CLUBS SIX,0.662,0.0036,0.3344
SPADES JACK SPADES FIVE,0.7034,0.0182,0.2784
SPADES TEN SPADES FIVE,0.6326,0.004,0.3634
DIAMONDS KING HEARTS ACE,0.2432,0.0484,0.7084
HEARTS THREE HEARTS ACE,0.6462,0.0832,0.2706
SPADES ACE CLUBS SIX,0.6918,0.0908,0.2174
DIAMONDS KING HEARTS QUEEN,0.5914,0.0042,0.4044
HEARTS THREE HEARTS QUEEN,0.6156,0.0056,0.3788
SPADES KING CLUBS SIX,0.6466,0.0044,0.349
DIAMONDS KING HEARTS KING,0.2798,0.005,0.7152
HEARTS THREE HEARTS KING,0.6062,0.0066,0.3872
SPADES QUEEN CLUBS SIX,0.6596,0.003,0.3374
SPADES NINE HEARTS TEN,0.6472,0.0036,0.3492
SPADES QUEEN SPADES FIVE,0.605,0.004,0.391
SPADES KING SPADES FIVE,0.6062,0.0044,0.3894
SPADES ACE SPADES FIVE,0.6196,0.0896,0.2908
SPADES NINE HEARTS QUEEN,0.624,0.0032,0.3728
SPADES NINE HEARTS KING,0.6358,0.0038,0.3604
SPADES NINE HEARTS ACE,0.6752,0.0874,0.2374
CLUBS TEN SPADES JACK,0.7256,0.019,0.2554
CLUBS TEN SPADES TEN,0.4396,0.0032,0.5572
SPADES ACE CLUBS TEN,0.6724,0.0962,0.2314
SPADES KING CLUBS TEN,0.6298,0.0052,0.365
CLUBS TEN SPADES QUEEN,0.6206,0.0032,0.3762
SPADES FIVE HEARTS QUEEN,0.6464,0.0038,0.3498
SPADES FIVE HEARTS KING,0.627,0.0054,0.3676
HEARTS ACE SPADES FIVE,0.6566,0.0892,0.2542
CLUBS EIGHT SPADES TEN,0.6466,0.0042,0.3492
HEARTS THREE SPADES JACK,0.7508,0.0212,0.228
SPADES JACK DIAMONDS KING,0.726,0.017,0.257
SPADES TEN DIAMONDS KING,0.6288,0.0028,0.3684
HEARTS THREE SPADES TEN,0.6946,0.0046,0.3008
SPADES JACK CLUBS EIGHT,0.7296,0.0192,0.2512
CLUBS SIX HEARTS ACE,0.6718,0.093,0.2352
SPADES ACE CLUBS EIGHT,0.6734,0.0844,0.2422
HEARTS FIVE CLUBS JACK,0.7548,0.0234,0.2218
CLUBS TEN HEARTS FIVE,0.6922,0.0052,0.3026
CLUBS SIX HEARTS QUEEN,0.647,0.0068,0.3462
SPADES QUEEN CLUBS EIGHT,0.6484,0.0032,0.3484
CLUBS TEN SPADES THREE,0.6924,0.0074,0.3002
CLUBS SIX HEARTS KING,0.6418,0.0058,0.3524
SPADES KING CLUBS EIGHT,0.653,0.003,0.344
SPADES THREE CLUBS JACK,0.7598,0.0188,0.2214
SPADES THREE CLUBS QUEEN,0.6522,0.0044,0.3434
DIAMONDS TWO HEARTS TEN,0.692,0.005,0.303
SPADES THREE CLUBS KING,0.6606,0.0052,0.3342
SPADES FIVE HEARTS TEN,0.6824,0.0046,0.313
HEARTS FIVE CLUBS KING,0.6422,0.0054,0.3524
HEARTS FIVE CLUBS QUEEN,0.6632,0.0046,0.3322
HEARTS THREE CLUBS KING,0.6648,0.0046,0.3306
DIAMONDS KING CLUBS KING,0.2886,0.0038,0.7076
HEARTS THREE CLUBS QUEEN,0.6572,0.005,0.3378
DIAMONDS KING CLUBS QUEEN,0.5998,0.0052,0.395
HEARTS FIVE HEARTS TEN,0.6436,0.004,0.3524
SPADES ACE CLUBS QUEEN,0.2356,0.0638,0.7006
SPADES KING CLUBS QUEEN,0.6008,0.0044,0.3948
HEARTS THREE CLUBS JACK,0.7702,0.0216,0.2082
DIAMONDS KING CLUBS JACK,0.7246,0.0174,0.258
SPADES QUEEN CLUBS QUEEN,0.2968,0.0028,0.7004
CLUBS TEN HEARTS THREE,0.6902,0.0048,0.305
CLUBS TEN DIAMONDS KING,0.6168,0.0044,0.3788
SPADES JACK CLUBS QUEEN,0.724,0.0146,0.2614
CLUBS SIX CLUBS QUEEN,0.614,0.0052,0.3808
SPADES TEN CLUBS QUEEN,0.6248,0.0046,0.3706
CLUBS SIX CLUBS KING,0.638,0.0042,0.3578
HEARTS FIVE HEARTS KING,0.6086,0.0048,0.3866
HEARTS FIVE HEARTS QUEEN,0.6166,0.0054,0.378
CLUBS TEN CLUBS SIX,0.657,0.0026,0.3404
HEARTS FIVE HEARTS ACE,0.622,0.091,0.287
CLUBS SIX CLUBS JACK,0.7374,0.015,0.2476
SPADES SEVEN HEARTS TEN,0.6484,0.0048,0.3468
DIAMONDS TWO CLUBS TWO,0.4784,0.0052,0.5164
DIAMONDS TWO CLUBS THREE,0.6726,0.0048,0.3226
HEARTS SIX DIAMONDS TWO,0.6726,0.005,0.3224
DIAMONDS TWO HEARTS QUEEN,0.6456,0.0046,0.3498
DIAMONDS TWO HEARTS SEVEN,0.6914,0.0048,0.3038
DIAMONDS TWO HEARTS KING,0.653,0.0052,0.3418
DIAMONDS TWO HEARTS EIGHT,0.6862,0.0044,0.3094
DIAMONDS TWO HEARTS ACE,0.6618,0.092,0.2462
DIAMONDS TWO HEARTS NINE,0.6764,0.0062,0.3174
DIAMONDS TWO DIAMONDS QUEEN,0.6066,0.0062,0.3872
DIAMONDS TWO HEARTS TWO,0.476,0.0072,0.5168
DIAMONDS TWO DIAMONDS KING,0.6016,0.0032,0.3952
HEARTS THREE DIAMONDS TWO,0.6696,0.0056,0.3248
DIAMONDS TWO DIAMONDS ACE,0.6182,0.0864,0.2954
HEARTS FOUR DIAMONDS TWO,0.6588,0.005,0.3362
DIAMONDS TWO HEARTS FIVE,0.6642,0.0056,0.3302
SPADES SEVEN HEARTS ACE,0.6754,0.085,0.2396
DIAMONDS TWO DIAMONDS TEN,0.6354,0.0042,0.3604
SPADES SEVEN HEARTS KING,0.6484,0.0048,0.3468
DIAMONDS TWO DIAMONDS JACK,0.7132,0.0186,0.2682
SPADES SEVEN HEARTS QUEEN,0.6442,0.0042,0.3516
DIAMONDS TWO SPADES NINE,0.6886,0.0032,0.3082
DIAMONDS TWO SPADES EIGHT,0.6632,0.0038,0.333
DIAMONDS TWO SPADES SEVEN,0.6638,0.0044,0.3318
DIAMONDS TWO SPADES SIX,0.654,0.0042,0.3418
DIAMONDS TWO SPADES FIVE,0.6512,0.0052,0.3436
DIAMONDS TWO SPADES FOUR,0.6574,0.0046,0.338
DIAMONDS TWO SPADES THREE,0.6632,0.0064,0.3304
DIAMONDS TWO SPADES TWO,0.472,0.0048,0.5232
CLUBS NINE DIAMONDS TWO,0.681,0.0052,0.3138
DIAMONDS TWO CLUBS EIGHT,0.6622,0.0048,0.333
CLUBS SEVEN DIAMONDS TWO,0.6792,0.0066,0.3142
DIAMONDS TWO CLUBS SIX,0.6726,0.0056,0.3218
DIAMONDS TWO CLUBS FIVE,0.646,0.0066,0.3474
DIAMONDS TWO CLUBS FOUR,0.6594,0.0052,0.3354
CLUBS FOUR SPADES FIVE,0.6296,0.0042,0.3662
CLUBS FOUR SPADES FOUR,0.483,0.0054,0.5116
CLUBS FOUR SPADES THREE,0.6278,0.0058,0.3664
CLUBS FOUR SPADES TWO,0.6496,0.0046,0.3458
SPADES NINE CLUBS FOUR,0.6828,0.0052,0.312
SPADES EIGHT CLUBS FOUR,0.6776,0.0044,0.318
SPADES SEVEN CLUBS FOUR,0.646,0.0044,0.3496
CLUBS FOUR SPADES SIX,0.6368,0.0032,0.36
SPADES ACE DIAMONDS SIX,0.681,0.0824,0.2366
SPADES QUEEN DIAMONDS SIX,0.6556,0.0036,0.3408
SPADES KING DIAMONDS SIX,0.6472,0.0032,0.3496
SPADES TEN DIAMONDS SIX,0.6708,0.0022,0.327
SPADES JACK DIAMONDS SIX,0.7562,0.0242,0.2196
SPADES QUEEN SPADES TWO,0.6082,0.0052,0.3866
SPADES KING SPADES TWO,0.6102,0.0056,0.3842
SPADES ACE SPADES TWO,0.6206,0.082,0.2974
DIAMONDS JACK CLUBS JACK,0.3138,0.0166,0.6696
CLUBS TEN DIAMONDS JACK,0.7146,0.0174,0.268
DIAMONDS JACK CLUBS KING,0.7454,0.016,0.2386
DIAMONDS JACK CLUBS QUEEN,0.7162,0.0168,0.267
DIAMONDS THREE DIAMONDS JACK,0.7074,0.0196,0.273
DIAMONDS THREE DIAMONDS TEN,0.6532,0.0054,0.3414
DIAMONDS THREE DIAMONDS KING,0.61,0.0042,0.3858
HEARTS THREE DIAMONDS THREE,0.4756,0.0068,0.5176
DIAMONDS THREE DIAMONDS QUEEN,0.6032,0.0034,0.3934
DIAMONDS THREE HEARTS TWO,0.6608,0.0064,0.3328
HEARTS FIVE DIAMONDS THREE,0.6256,0.0038,0.3706
DIAMONDS THREE DIAMONDS ACE,0.6252,0.0844,0.2904
HEARTS FOUR DIAMONDS THREE,0.6496,0.0046,0.3458
DIAMONDS THREE HEARTS SEVEN,0.67,0.004,0.326
SPADES TEN SPADES NINE,0.5888,0.0046,0.4066
HEARTS SIX DIAMONDS THREE,0.66,0.004,0.336
SPADES JACK SPADES NINE,0.6834,0.0172,0.2994
DIAMONDS THREE HEARTS NINE,0.6862,0.0054,0.3084
HEARTS ACE HEARTS KING,0.245,0.0464,0.7086
SPADES TEN SPADES TWO,0.6366,0.006,0.3574
DIAMONDS THREE HEARTS EIGHT,0.6754,0.005,0.3196
HEARTS TEN DIAMONDS FOUR,0.6808,0.0034,0.3158
SPADES JACK SPADES TWO,0.7208,0.0192,0.26
HEARTS QUEEN DIAMONDS FOUR,0.6524,0.0042,0.3434
HEARTS KING DIAMONDS FOUR,0.6482,0.006,0.3458
SPADES ACE SPADES NINE,0.6254,0.0884,0.2862
HEARTS ACE DIAMONDS FOUR,0.6494,0.0888,0.2618
SPADES KING SPADES NINE,0.5972,0.0042,0.3986
SPADES QUEEN SPADES NINE,0.5878,0.0046,0.4076
DIAMONDS THREE SPADES NINE,0.6854,0.0036,0.311
DIAMONDS THREE SPADES EIGHT,0.667,0.0038,0.3292
DIAMONDS THREE SPADES SEVEN,0.6652,0.0022,0.3326
DIAMONDS THREE SPADES SIX,0.6526,0.0026,0.3448
DIAMONDS THREE CLUBS SIX,0.6476,0.0046,0.3478
CLUBS FIVE CLUBS SIX,0.6102,0.006,0.3838
CLUBS SEVEN DIAMONDS THREE,0.6712,0.005,0.3238
CLUBS SEVEN CLUBS FIVE,0.6074,0.0048,0.3878
DIAMONDS THREE CLUBS FOUR,0.639,0.003,0.358
DIAMONDS FOUR CLUBS QUEEN,0.6446,0.0064,0.349
DIAMONDS THREE CLUBS FIVE,0.6286,0.0036,0.3678
CLUBS KING DIAMONDS FOUR,0.6602,0.003,0.3368
DIAMONDS THREE CLUBS TWO,0.6514,0.0052,0.3434
CLUBS TEN DIAMONDS FOUR,0.6684,0.0038,0.3278
DIAMONDS THREE CLUBS THREE,0.4788,0.0052,0.516
DIAMONDS FOUR CLUBS JACK,0.7584,0.0214,0.2202
DIAMONDS THREE SPADES FOUR,0.6314,0.0062,0.3624
DIAMONDS THREE SPADES FIVE,0.6462,0.0028,0.351
DIAMONDS THREE SPADES TWO,0.6638,0.005,0.3312
DIAMONDS THREE SPADES THREE,0.4776,0.0046,0.5178
CLUBS EIGHT DIAMONDS THREE,0.6716,0.003,0.3254
CLUBS NINE DIAMONDS THREE,0.6724,0.0042,0.3234
SPADES SEVEN CLUBS QUEEN,0.6526,0.0032,0.3442
SPADES SEVEN CLUBS KING,0.6462,0.0046,0.3492
CLUBS FIVE SPADES SEVEN,0.6286,0.0054,0.366
CLUBS TEN SPADES SEVEN,0.654,0.0034,0.3426
CLUBS FIVE SPADES SIX,0.6306,0.005,0.3644
SPADES SEVEN CLUBS JACK,0.7434,0.0178,0.2388
CLUBS FIVE SPADES NINE,0.6574,0.0034,0.3392
CLUBS FIVE SPADES EIGHT,0.6548,0.0028,0.3424
CLUBS FIVE SPADES THREE,0.641,0.0046,0.3544
CLUBS FIVE SPADES TWO,0.6586,0.005,0.3364
CLUBS FIVE SPADES FIVE,0.4792,0.0044,0.5164
CLUBS FIVE SPADES FOUR,0.6206,0.005,0.3744
CLUBS NINE CLUBS FIVE,0.6308,0.0048,0.3644
CLUBS EIGHT CLUBS FIVE,0.6208,0.003,0.3762
CLUBS KING CLUBS QUEEN,0.5526,0.0056,0.4418
DIAMONDS TEN DIAMONDS FOUR,0.6364,0.0036,0.36
CLUBS TEN DIAMONDS NINE,0.6262,0.0032,0.3706
DIAMONDS JACK DIAMONDS FOUR,0.7032,0.0198,0.277
DIAMONDS NINE CLUBS JACK,0.7416,0.0162,0.2422
SPADES NINE CLUBS JACK,0.7316,0.0176,0.2508
CLUBS TEN SPADES NINE,0.6342,0.0034,0.3624
DIAMONDS ACE DIAMONDS FOUR,0.6184,0.0906,0.291
HEARTS FOUR DIAMONDS FOUR,0.4738,0.0038,0.5224
DIAMONDS JACK HEARTS TEN,0.713,0.0186,0.2684
SPADES NINE CLUBS KING,0.6388,0.0024,0.3588
DIAMONDS TWO SPADES TEN,0.6848,0.0036,0.3116
HEARTS FIVE DIAMONDS FOUR,0.6218,0.0064,0.3718
SPADES NINE CLUBS QUEEN,0.626,0.0044,0.3696
DIAMONDS TWO SPADES JACK,0.7582,0.0228,0.219
DIAMONDS QUEEN DIAMONDS FOUR,0.603,0.0048,0.3922
HEARTS TWO DIAMONDS FOUR,0.6604,0.0042,0.3354
DIAMONDS NINE CLUBS QUEEN,0.6216,0.0048,0.3736
DIAMONDS KING DIAMONDS FOUR,0.6118,0.0032,0.385
HEARTS THREE DIAMONDS FOUR,0.6464,0.0038,0.3498
DIAMONDS NINE CLUBS KING,0.6376,0.004,0.3584
HEARTS ACE DIAMONDS JACK,0.009,0.9742,0.0168
SPADES ACE DIAMONDS TWO,0.659,0.088,0.253
HEARTS QUEEN DIAMONDS JACK,0.713,0.0136,0.2734
SPADES QUEEN DIAMONDS TWO,0.6604,0.0036,0.336
DIAMONDS JACK HEARTS KING,0.735,0.0156,0.2494
SPADES KING DIAMONDS TWO,0.653,0.0064,0.3406
SPADES JACK SPADES SEVEN,0.688,0.019,0.293
SPADES TEN SPADES SEVEN,0.617,0.0036,0.3794
CLUBS SEVEN CLUBS THREE,0.6252,0.0048,0.37
CLUBS SIX CLUBS THREE,0.627,0.0056,0.3674
CLUBS FIVE CLUBS THREE,0.6206,0.0058,0.3736
CLUBS THREE CLUBS FOUR,0.6112,0.0046,0.3842
CLUBS NINE CLUBS THREE,0.6356,0.0038,0.3606
CLUBS EIGHT CLUBS THREE,0.6452,0.0032,0.3516
CLUBS THREE SPADES FIVE,0.6338,0.0044,0.3618
CLUBS THREE SPADES FOUR,0.6432,0.0042,0.3526
CLUBS THREE SPADES THREE,0.4832,0.0054,0.5114
CLUBS THREE SPADES TWO,0.6602,0.0058,0.334
CLUBS THREE SPADES SIX,0.6688,0.0044,0.3268
CLUBS THREE SPADES SEVEN,0.6664,0.0036,0.33
SPADES EIGHT CLUBS THREE,0.6808,0.005,0.3142
SPADES NINE CLUBS THREE,0.688,0.0036,0.3084
SPADES TWO DIAMONDS FOUR,0.642,0.0048,0.3532
SPADES THREE DIAMONDS FOUR,0.6346,0.0068,0.3586
SPADES FOUR DIAMONDS FOUR,0.4712,0.0024,0.5264
SPADES FIVE DIAMONDS FOUR,0.6182,0.0028,0.379
SPADES SIX DIAMONDS FOUR,0.6292,0.0048,0.366
SPADES SEVEN DIAMONDS FOUR,0.6416,0.0036,0.3548
SPADES EIGHT DIAMONDS FOUR,0.6576,0.0052,0.3372
SPADES NINE DIAMONDS FOUR,0.674,0.004,0.322
CLUBS FIVE DIAMONDS FOUR,0.6292,0.006,0.3648
CLUBS FOUR DIAMONDS FOUR,0.4874,0.0054,0.5072
CLUBS SEVEN DIAMONDS FOUR,0.6442,0.0038,0.352
CLUBS SIX DIAMONDS FOUR,0.645,0.0054,0.3496
CLUBS NINE DIAMONDS FOUR,0.6696,0.0034,0.327
CLUBS EIGHT DIAMONDS FOUR,0.6618,0.0034,0.3348
DIAMONDS FOUR HEARTS SEVEN,0.655,0.0038,0.3412
HEARTS SIX DIAMONDS FOUR,0.649,0.0036,0.3474
HEARTS NINE DIAMONDS FOUR,0.6576,0.004,0.3384
DIAMONDS FOUR HEARTS EIGHT,0.667,0.0048,0.3282
CLUBS THREE DIAMONDS FOUR,0.6408,0.0058,0.3534
CLUBS TWO DIAMONDS FOUR,0.6406,0.0042,0.3552
DIAMONDS TEN DIAMONDS FIVE,0.6364,0.0032,0.3604
DIAMONDS JACK DIAMONDS FIVE,0.704,0.0214,0.2746
DIAMONDS NINE HEARTS QUEEN,0.6232,0.0056,0.3712
DIAMONDS NINE HEARTS KING,0.631,0.0046,0.3644
HEARTS ACE DIAMONDS NINE,0.6808,0.0858,0.2334
DIAMONDS NINE HEARTS TEN,0.6366,0.003,0.3604
CLUBS KING DIAMONDS SIX,0.6574,0.0044,0.3382
CLUBS QUEEN DIAMONDS SIX,0.6514,0.0028,0.3458
SPADES KING DIAMONDS FOUR,0.6522,0.003,0.3448
SPADES ACE SPADES SEVEN,0.6272,0.092,0.2808
SPADES QUEEN DIAMONDS FOUR,0.6482,0.0032,0.3486
SPADES QUEEN SPADES SEVEN,0.6064,0.0042,0.3894
CLUBS JACK DIAMONDS SIX,0.7608,0.0222,0.217
SPADES KING SPADES SEVEN,0.6048,0.0038,0.3914
SPADES ACE DIAMONDS FOUR,0.6506,0.0906,0.2588
CLUBS TEN DIAMONDS SIX,0.675,0.0034,0.3216
CLUBS NINE CLUBS FOUR,0.649,0.0056,0.3454
CLUBS EIGHT CLUBS FOUR,0.6286,0.0046,0.3668
SPADES JACK DIAMONDS FOUR,0.7378,0.0188,0.2434
SPADES TEN DIAMONDS FOUR,0.6668,0.003,0.3302
CLUBS FIVE CLUBS FOUR,0.5928,0.0046,0.4026
CLUBS SEVEN CLUBS FOUR,0.613,0.005,0.382
CLUBS SIX CLUBS FOUR,0.626,0.004,0.37
CLUBS SEVEN SPADES EIGHT,0.6386,0.0032,0.3582
CLUBS SEVEN SPADES NINE,0.628,0.0054,0.3666
CLUBS SEVEN SPADES SIX,0.6246,0.0034,0.372
CLUBS SEVEN SPADES SEVEN,0.4768,0.0048,0.5184
CLUBS SEVEN SPADES FIVE,0.647,0.0044,0.3486
CLUBS SEVEN SPADES FOUR,0.6488,0.0036,0.3476
CLUBS SEVEN SPADES THREE,0.6554,0.004,0.3406
CLUBS SEVEN SPADES TWO,0.6908,0.0044,0.3048
CLUBS NINE CLUBS SEVEN,0.6062,0.0044,0.3894
CLUBS SEVEN CLUBS EIGHT,0.6002,0.004,0.3958
HEARTS SIX DIAMONDS FIVE,0.63,0.0044,0.3656
DIAMONDS FIVE HEARTS SEVEN,0.6386,0.0038,0.3576
DIAMONDS FIVE HEARTS EIGHT,0.6402,0.0056,0.3542
HEARTS NINE DIAMONDS FIVE,0.6622,0.0042,0.3336
DIAMONDS QUEEN DIAMONDS FIVE,0.5886,0.0048,0.4066
HEARTS TWO DIAMONDS FIVE,0.6494,0.0044,0.3462
HEARTS KING HEARTS EIGHT,0.6054,0.0052,0.3894
DIAMONDS KING DIAMONDS FIVE,0.5888,0.0048,0.4064
HEARTS THREE DIAMONDS FIVE,0.6418,0.0044,0.3538
HEARTS QUEEN HEARTS EIGHT,0.6094,0.0048,0.3858
DIAMONDS ACE DIAMONDS FIVE,0.624,0.0816,0.2944
HEARTS FOUR DIAMONDS FIVE,0.6308,0.0072,0.362
HEARTS FIVE DIAMONDS FIVE,0.4642,0.0042,0.5316
HEARTS ACE HEARTS EIGHT,0.6322,0.0826,0.2852
CLUBS FOUR DIAMONDS FIVE,0.6168,0.0046,0.3786
CLUBS FIVE DIAMONDS FIVE,0.4818,0.004,0.5142
CLUBS SIX DIAMONDS FIVE,0.6212,0.0036,0.3752
CLUBS SEVEN DIAMONDS FIVE,0.641,0.0038,0.3552
CLUBS TWO DIAMONDS FIVE,0.6472,0.003,0.3498
CLUBS THREE DIAMONDS FIVE,0.6388,0.006,0.3552
SPADES THREE DIAMONDS FIVE,0.6384,0.004,0.3576
SPADES TWO DIAMONDS FIVE,0.642,0.0026,0.3554
SPADES JACK DIAMONDS EIGHT,0.7228,0.0168,0.2604
SPADES FIVE DIAMONDS FIVE,0.4624,0.0042,0.5334
SPADES TEN DIAMONDS EIGHT,0.6466,0.0036,0.3498
SPADES FOUR DIAMONDS FIVE,0.6048,0.0032,0.392
CLUBS NINE DIAMONDS FIVE,0.6602,0.0042,0.3356
CLUBS EIGHT DIAMONDS FIVE,0.652,0.0042,0.3438
SPADES SEVEN DIAMONDS FIVE,0.641,0.0034,0.3556
SPADES KING DIAMONDS EIGHT,0.6446,0.0038,0.3516
SPADES QUEEN DIAMONDS EIGHT,0.628,0.004,0.368
SPADES SIX DIAMONDS FIVE,0.626,0.0022,0.3718
SPADES NINE DIAMONDS FIVE,0.655,0.003,0.342
SPADES EIGHT DIAMONDS FIVE,0.6416,0.0024,0.356
SPADES ACE DIAMONDS EIGHT,0.6632,0.0916,0.2452
DIAMONDS TEN DIAMONDS SIX,0.6296,0.0044,0.366
HEARTS ACE DIAMONDS SEVEN,0.6638,0.091,0.2452
DIAMONDS JACK DIAMONDS SIX,0.7058,0.0194,0.2748
HEARTS QUEEN DIAMONDS SEVEN,0.635,0.0038,0.3612
HEARTS KING DIAMONDS SEVEN,0.6366,0.005,0.3584
DIAMONDS ACE DIAMONDS SIX,0.6524,0.0776,0.27
HEARTS FOUR DIAMONDS SIX,0.6572,0.0038,0.339
HEARTS FIVE DIAMONDS SIX,0.6288,0.0052,0.366
SPADES TWO HEARTS TEN,0.684,0.0048,0.3112
DIAMONDS QUEEN DIAMONDS SIX,0.6168,0.0042,0.379
HEARTS TWO DIAMONDS SIX,0.6646,0.0048,0.3306
DIAMONDS KING DIAMONDS SIX,0.5964,0.0026,0.401
HEARTS THREE DIAMONDS SIX,0.6498,0.005,0.3452
HEARTS EIGHT DIAMONDS SIX,0.6562,0.0044,0.3394
HEARTS NINE DIAMONDS SIX,0.6614,0.0028,0.3358
HEARTS SIX DIAMONDS SIX,0.4748,0.0038,0.5214
HEARTS SEVEN DIAMONDS SIX,0.6358,0.004,0.3602
HEARTS TEN DIAMONDS SEVEN,0.6702,0.0052,0.3246
CLUBS TWO DIAMONDS SIX,0.6674,0.006,0.3266
CLUBS THREE DIAMONDS SIX,0.656,0.0038,0.3402
CLUBS SEVEN DIAMONDS SIX,0.6246,0.006,0.3694
DIAMONDS EIGHT CLUBS JACK,0.7304,0.018,0.2516
CLUBS SIX DIAMONDS SIX,0.492,0.0022,0.5058
CLUBS TEN DIAMONDS EIGHT,0.6502,0.0042,0.3456
CLUBS FIVE DIAMONDS SIX,0.6328,0.0052,0.362
CLUBS FOUR DIAMONDS SIX,0.6554,0.0048,0.3398
DIAMONDS EIGHT CLUBS KING,0.6478,0.0038,0.3484
CLUBS NINE DIAMONDS SIX,0.651,0.0068,0.3422
DIAMONDS EIGHT CLUBS QUEEN,0.6386,0.0052,0.3562
CLUBS EIGHT DIAMONDS SIX,0.641,0.0042,0.3548
SPADES TEN HEARTS KING,0.617,0.0048,0.3782
SPADES FIVE DIAMONDS SIX,0.626,0.0054,0.3686
HEARTS ACE SPADES TWO,0.6578,0.0936,0.2486
SPADES JACK HEARTS KING,0.7344,0.0164,0.2492
SPADES FOUR DIAMONDS SIX,0.634,0.0048,0.3612
SPADES THREE DIAMONDS SIX,0.6416,0.0032,0.3552
HEARTS QUEEN SPADES TWO,0.6466,0.0054,0.348
SPADES ACE SPADES KING,0.2262,0.0388,0.735
HEARTS KING SPADES TWO,0.6472,0.0046,0.3482
SPADES TWO DIAMONDS SIX,0.6712,0.0044,0.3244
HEARTS TEN HEARTS EIGHT,0.6084,0.0032,0.3884
SPADES NINE DIAMONDS SIX,0.6524,0.0034,0.3442
SPADES EIGHT DIAMONDS SIX,0.6448,0.0034,0.3518
SPADES SEVEN DIAMONDS SIX,0.6278,0.0042,0.368
SPADES SIX DIAMONDS SIX,0.4706,0.0036,0.5258
SPADES KING HEARTS KING,0.2776,0.003,0.7194
SPADES QUEEN HEARTS KING,0.5776,0.0034,0.419
SPADES ACE HEARTS KING,0.2392,0.043,0.7178
SPADES TEN DIAMONDS TEN,0.4468,0.003,0.5502
SPADES JACK DIAMONDS TEN,0.7214,0.0168,0.2618
SPADES ACE DIAMONDS TEN,0.678,0.0876,0.2344
SPADES QUEEN DIAMONDS TEN,0.615,0.0026,0.3824
SPADES KING DIAMONDS TEN,0.6256,0.0036,0.3708
SPADES NINE DIAMONDS SEVEN,0.6362,0.0026,0.3612
SPADES EIGHT DIAMONDS SEVEN,0.61,0.0026,0.3874
SPADES SEVEN DIAMONDS SEVEN,0.4522,0.0024,0.5454
SPADES SIX DIAMONDS SEVEN,0.6284,0.0026,0.369
DIAMONDS KING DIAMONDS SEVEN,0.5948,0.003,0.4022
HEARTS THREE DIAMONDS SEVEN,0.6664,0.0054,0.3282
HEARTS KING DIAMONDS FIVE,0.6382,0.0054,0.3564
DIAMONDS QUEEN DIAMONDS SEVEN,0.6122,0.0048,0.383
HEARTS TWO DIAMONDS SEVEN,0.6678,0.004,0.3282
HEARTS QUEEN DIAMONDS FIVE,0.6326,0.0032,0.3642
HEARTS FIVE DIAMONDS SEVEN,0.6386,0.004,0.3574
DIAMONDS ACE DIAMONDS SEVEN,0.6286,0.0936,0.2778
HEARTS FOUR DIAMONDS SEVEN,0.64,0.0054,0.3546
HEARTS ACE DIAMONDS FIVE,0.6556,0.0832,0.2612
HEARTS SEVEN DIAMONDS SEVEN,0.4686,0.0034,0.528
HEARTS SIX DIAMONDS SEVEN,0.626,0.0044,0.3696
HEARTS NINE DIAMONDS SEVEN,0.6446,0.003,0.3524
DIAMONDS SEVEN HEARTS EIGHT,0.629,0.0036,0.3674
DIAMONDS JACK DIAMONDS SEVEN,0.687,0.0166,0.2964
DIAMONDS TEN DIAMONDS SEVEN,0.6124,0.002,0.3856
DIAMONDS FIVE HEARTS TEN,0.678,0.0038,0.3182
SPADES KING CLUBS TWO,0.6564,0.0042,0.3394
HEARTS KING CLUBS KING,0.2802,0.0062,0.7136
CLUBS EIGHT DIAMONDS SEVEN,0.6152,0.0032,0.3816
SPADES QUEEN CLUBS TWO,0.6588,0.0052,0.336
HEARTS KING CLUBS QUEEN,0.5952,0.0056,0.3992
CLUBS NINE DIAMONDS SEVEN,0.6284,0.0054,0.3662
SPADES TWO CLUBS JACK,0.7606,0.0198,0.2196
SPADES ACE CLUBS TWO,0.68,0.0878,0.2322
CLUBS TEN SPADES TWO,0.6858,0.0042,0.31
CLUBS SEVEN CLUBS SIX,0.6108,0.0028,0.3864
SPADES TWO CLUBS KING,0.6494,0.0048,0.3458
SPADES TWO DIAMONDS SEVEN,0.6778,0.003,0.3192
CLUBS EIGHT CLUBS SIX,0.6194,0.007,0.3736
SPADES THREE DIAMONDS SEVEN,0.671,0.0032,0.3258
SPADES TWO CLUBS QUEEN,0.6602,0.0046,0.3352
CLUBS NINE CLUBS SIX,0.6202,0.0046,0.3752
SPADES FOUR DIAMONDS SEVEN,0.6332,0.0038,0.363
HEARTS KING CLUBS JACK,0.739,0.0178,0.2432
SPADES FIVE DIAMONDS SEVEN,0.6316,0.0036,0.3648
CLUBS TEN HEARTS KING,0.622,0.004,0.374
CLUBS SIX SPADES TWO,0.683,0.0032,0.3138
CLUBS SIX SPADES THREE,0.6636,0.005,0.3314
CLUBS TWO DIAMONDS SEVEN,0.671,0.0042,0.3248
CLUBS SIX SPADES FOUR,0.6434,0.0044,0.3522
CLUBS THREE DIAMONDS SEVEN,0.6652,0.0042,0.3306
CLUBS SIX SPADES FIVE,0.6346,0.0038,0.3616
CLUBS FOUR DIAMONDS SEVEN,0.6518,0.0048,0.3434
CLUBS SIX SPADES SIX,0.4882,0.0042,0.5076
CLUBS FIVE DIAMONDS SEVEN,0.6284,0.004,0.3676
CLUBS SIX SPADES SEVEN,0.6446,0.006,0.3494
CLUBS SIX DIAMONDS SEVEN,0.6278,0.0032,0.369
CLUBS SIX SPADES EIGHT,0.6388,0.0038,0.3574
SPADES JACK CLUBS TWO,0.7542,0.0232,0.2226
CLUBS SEVEN DIAMONDS SEVEN,0.468,0.0032,0.5288
SPADES NINE CLUBS SIX,0.6564,0.0034,0.3402
SPADES TEN CLUBS TWO,0.6896,0.0046,0.3058
CLUBS TWO CLUBS QUEEN,0.6338,0.0052,0.361
CLUBS TWO CLUBS KING,0.6332,0.0032,0.3636
CLUBS THREE DIAMONDS EIGHT,0.688,0.004,0.308
CLUBS TWO DIAMONDS EIGHT,0.6812,0.0048,0.314
DIAMONDS EIGHT HEARTS SEVEN,0.629,0.0032,0.3678
HEARTS SIX DIAMONDS EIGHT,0.6524,0.004,0.3436
DIAMONDS EIGHT HEARTS NINE,0.636,0.0032,0.3608
CLUBS TEN CLUBS TWO,0.651,0.0056,0.3434
DIAMONDS EIGHT HEARTS EIGHT,0.4618,0.0034,0.5348
CLUBS TWO CLUBS JACK,0.7328,0.0234,0.2438
CLUBS NINE DIAMONDS EIGHT,0.6266,0.003,0.3704
CLUBS EIGHT DIAMONDS EIGHT,0.4594,0.0048,0.5358
CLUBS FIVE DIAMONDS EIGHT,0.6494,0.002,0.3486
SPADES ACE SPADES THREE,0.613,0.081,0.306
CLUBS FOUR DIAMONDS EIGHT,0.6746,0.0058,0.3196
CLUBS SEVEN DIAMONDS EIGHT,0.6196,0.0022,0.3782
SPADES QUEEN SPADES THREE,0.6126,0.003,0.3844
CLUBS SIX DIAMONDS EIGHT,0.6434,0.0036,0.353
SPADES KING SPADES THREE,0.603,0.004,0.393
DIAMONDS QUEEN DIAMONDS EIGHT,0.6002,0.0044,0.3954
HEARTS TWO DIAMONDS EIGHT,0.6836,0.0044,0.312
DIAMONDS KING DIAMONDS EIGHT,0.6094,0.0038,0.3868
HEARTS THREE DIAMONDS EIGHT,0.6652,0.0032,0.3316
DIAMONDS ACE DIAMONDS EIGHT,0.6402,0.0834,0.2764
HEARTS FOUR DIAMONDS EIGHT,0.6566,0.0046,0.3388
HEARTS FIVE DIAMONDS EIGHT,0.6472,0.0038,0.349
DIAMONDS EIGHT DIAMONDS TEN,0.6112,0.0028,0.386
DIAMONDS EIGHT DIAMONDS JACK,0.6792,0.016,0.3048
SPADES JACK SPADES THREE,0.7114,0.0204,0.2682
SPADES TEN SPADES THREE,0.6502,0.0044,0.3454
CLUBS FOUR HEARTS ACE,0.6602,0.091,0.2488
CLUBS FOUR HEARTS QUEEN,0.645,0.005,0.35
CLUBS FOUR HEARTS KING,0.6498,0.0034,0.3468
CLUBS SIX HEARTS TEN,0.668,0.0032,0.3288
DIAMONDS EIGHT SPADES FOUR,0.645,0.0042,0.3508
SPADES FIVE DIAMONDS EIGHT,0.6412,0.0036,0.3552
DIAMONDS EIGHT SPADES TWO,0.6704,0.0048,0.3248
DIAMONDS EIGHT SPADES THREE,0.685,0.0028,0.3122
SPADES EIGHT DIAMONDS EIGHT,0.4556,0.0024,0.542
SPADES TEN DIAMONDS QUEEN,0.627,0.0042,0.3688
SPADES TEN HEARTS TWO,0.6744,0.004,0.3216
SPADES JACK HEARTS EIGHT,0.7384,0.0196,0.242
CLUBS FOUR HEARTS TEN,0.6844,0.0078,0.3078
SPADES NINE DIAMONDS EIGHT,0.62,0.0026,0.3774
SPADES TEN HEARTS EIGHT,0.636,0.004,0.36
SPADES JACK HEARTS TWO,0.7724,0.0234,0.2042
SPADES JACK DIAMONDS QUEEN,0.724,0.0148,0.2612
SPADES SIX DIAMONDS EIGHT,0.621,0.0028,0.3762
SPADES SEVEN DIAMONDS EIGHT,0.6232,0.0032,0.3736
SPADES ACE HEARTS TWO,0.6756,0.0904,0.234
SPADES ACE DIAMONDS QUEEN,0.2284,0.065,0.7066
SPADES ACE HEARTS EIGHT,0.6902,0.0852,0.2246
SPADES KING HEARTS EIGHT,0.6458,0.0048,0.3494
SPADES QUEEN HEARTS TWO,0.6534,0.0052,0.3414
SPADES QUEEN DIAMONDS QUEEN,0.2942,0.004,0.7018
SPADES KING DIAMONDS QUEEN,0.5944,0.0042,0.4014
SPADES KING HEARTS TWO,0.6546,0.0034,0.342
SPADES QUEEN HEARTS EIGHT,0.6488,0.0044,0.3468
CLUBS TWO HEARTS TEN,0.6794,0.0058,0.3148
SPADES SEVEN DIAMONDS NINE,0.6378,0.0042,0.358
SPADES SIX DIAMONDS NINE,0.6626,0.0032,0.3342
SPADES NINE DIAMONDS NINE,0.4408,0.003,0.5562
SPADES EIGHT DIAMONDS NINE,0.6176,0.004,0.3784
SPADES TEN CLUBS KING,0.6424,0.0038,0.3538
DIAMONDS NINE SPADES THREE,0.6744,0.0032,0.3224
SPADES JACK CLUBS KING,0.736,0.0186,0.2454
DIAMONDS NINE SPADES TWO,0.6706,0.0032,0.3262
DIAMONDS NINE SPADES FIVE,0.6696,0.0026,0.3278
DIAMONDS NINE SPADES FOUR,0.6614,0.0024,0.3362
CLUBS NINE DIAMONDS NINE,0.4502,0.0038,0.546
CLUBS EIGHT DIAMONDS NINE,0.6316,0.0044,0.364
CLUBS SIX DIAMONDS NINE,0.6584,0.0038,0.3378
SPADES JACK CLUBS FOUR,0.766,0.0174,0.2166
CLUBS SEVEN DIAMONDS NINE,0.6538,0.0052,0.341
SPADES TEN CLUBS FOUR,0.6852,0.0056,0.3092
CLUBS FOUR DIAMONDS NINE,0.671,0.0062,0.3228
CLUBS FIVE DIAMONDS NINE,0.6666,0.0038,0.3296
DIAMONDS NINE CLUBS TWO,0.68,0.0058,0.3142
CLUBS THREE DIAMONDS NINE,0.6798,0.0058,0.3144
DIAMONDS NINE HEARTS EIGHT,0.6282,0.0048,0.367
DIAMONDS NINE HEARTS NINE,0.4582,0.0026,0.5392
HEARTS SIX DIAMONDS NINE,0.6554,0.0046,0.34
DIAMONDS NINE HEARTS SEVEN,0.6454,0.0036,0.351
CLUBS NINE CLUBS EIGHT,0.5974,0.0056,0.397
DIAMONDS ACE DIAMONDS NINE,0.6462,0.077,0.2768
HEARTS FOUR DIAMONDS NINE,0.6714,0.0034,0.3252
HEARTS FIVE DIAMONDS NINE,0.6538,0.0038,0.3424
HEARTS ACE CLUBS TWO,0.6692,0.0876,0.2432
SPADES ACE CLUBS FOUR,0.6626,0.0838,0.2536
DIAMONDS QUEEN DIAMONDS NINE,0.5914,0.0048,0.4038
HEARTS TWO DIAMONDS NINE,0.6802,0.005,0.3148
CLUBS TWO HEARTS KING,0.6552,0.0062,0.3386
SPADES KING CLUBS FOUR,0.6608,0.0046,0.3346
DIAMONDS KING DIAMONDS NINE,0.593,0.0036,0.4034
HEARTS THREE DIAMONDS NINE,0.6784,0.0046,0.317
CLUBS TWO HEARTS QUEEN,0.6504,0.005,0.3446
SPADES QUEEN CLUBS FOUR,0.6418,0.004,0.3542
DIAMONDS NINE DIAMONDS JACK,0.6862,0.0178,0.296
CLUBS EIGHT SPADES NINE,0.6188,0.0054,0.3758
DIAMONDS NINE DIAMONDS TEN,0.592,0.0024,0.4056
CLUBS EIGHT SPADES EIGHT,0.4496,0.005,0.5454
CLUBS EIGHT SPADES SEVEN,0.6254,0.004,0.3706
CLUBS EIGHT SPADES SIX,0.6466,0.0052,0.3482
CLUBS EIGHT SPADES FIVE,0.64,0.0056,0.3544
CLUBS EIGHT SPADES FOUR,0.6624,0.0042,0.3334
CLUBS EIGHT SPADES THREE,0.6762,0.0056,0.3182
CLUBS EIGHT SPADES TWO,0.689,0.0034,0.3076
HEARTS SIX DIAMONDS TEN,0.6784,0.005,0.3166
DIAMONDS TEN HEARTS SEVEN,0.6674,0.005,0.3276
DIAMONDS TEN HEARTS EIGHT,0.642,0.0046,0.3534
CLUBS FOUR CLUBS JACK,0.7186,0.0152,0.2662
DIAMONDS TEN HEARTS NINE,0.642,0.0038,0.3542
CLUBS TEN CLUBS FOUR,0.656,0.0044,0.3396
CLUBS FOUR CLUBS KING,0.6248,0.0064,0.3688
CLUBS FOUR CLUBS QUEEN,0.6118,0.0048,0.3834
CLUBS TWO DIAMONDS TEN,0.6902,0.0034,0.3064
CLUBS THREE DIAMONDS TEN,0.6766,0.004,0.3194
DIAMONDS JACK DIAMONDS TEN,0.6604,0.0198,0.3198
DIAMONDS QUEEN DIAMONDS TEN,0.5696,0.003,0.4274
HEARTS TWO DIAMONDS TEN,0.6884,0.0056,0.306
DIAMONDS KING DIAMONDS TEN,0.582,0.0038,0.4142
HEARTS THREE DIAMONDS TEN,0.6748,0.0034,0.3218
DIAMONDS ACE DIAMONDS TEN,0.6202,0.0892,0.2906
HEARTS FOUR DIAMONDS TEN,0.6956,0.0042,0.3002
HEARTS FIVE DIAMONDS TEN,0.695,0.004,0.301
CLUBS EIGHT HEARTS TEN,0.6502,0.0038,0.346
CLUBS EIGHT HEARTS QUEEN,0.65,0.0048,0.3452
CLUBS EIGHT HEARTS KING,0.6558,0.0044,0.3398
CLUBS EIGHT HEARTS ACE,0.6556,0.0984,0.246
CLUBS NINE SPADES THREE,0.6888,0.0038,0.3074
CLUBS NINE SPADES TWO,0.6852,0.0048,0.31
CLUBS NINE SPADES FIVE,0.6584,0.0046,0.337
CLUBS NINE SPADES FOUR,0.6744,0.0028,0.3228
CLUBS NINE SPADES SEVEN,0.6436,0.003,0.3534
CLUBS NINE SPADES SIX,0.661,0.0054,0.3336
CLUBS NINE SPADES NINE,0.456,0.004,0.54
CLUBS TEN HEARTS EIGHT,0.6494,0.0046,0.346
CLUBS NINE SPADES EIGHT,0.6338,0.0042,0.362
CLUBS JACK HEARTS EIGHT,0.7226,0.0204,0.257
CLUBS QUEEN HEARTS EIGHT,0.6528,0.0046,0.3426
CLUBS KING HEARTS EIGHT,0.6496,0.0044,0.346
SPADES KING CLUBS KING,0.2964,0.0042,0.6994
SPADES QUEEN CLUBS KING,0.6046,0.0046,0.3908
SPADES ACE CLUBS KING,0.2376,0.0464,0.716
DIAMONDS ACE HEARTS TEN,0.6888,0.09,0.2212
HEARTS FOUR HEARTS TEN,0.6394,0.0052,0.3554
SPADES KING CLUBS FIVE,0.6476,0.004,0.3484
SPADES QUEEN CLUBS FIVE,0.6534,0.004,0.3426
SPADES ACE CLUBS FIVE,0.6764,0.0872,0.2364
DIAMONDS JACK HEARTS SEVEN,0.7416,0.0176,0.2408
HEARTS SIX DIAMONDS JACK,0.7438,0.0242,0.232
DIAMONDS JACK HEARTS NINE,0.722,0.02,0.258
DIAMONDS JACK HEARTS EIGHT,0.7316,0.0204,0.248
DIAMONDS KING DIAMONDS JACK,0.7026,0.0166,0.2808
HEARTS THREE DIAMONDS JACK,0.755,0.0238,0.2212
SPADES ACE SPADES SIX,0.6384,0.072,0.2896
HEARTS ACE SPADES FOUR,0.6556,0.089,0.2554
DIAMONDS QUEEN DIAMONDS JACK,0.663,0.0162,0.3208
HEARTS TWO DIAMONDS JACK,0.7502,0.027,0.2228
HEARTS FIVE DIAMONDS JACK,0.754,0.0186,0.2274
SPADES QUEEN SPADES SIX,0.6088,0.0032,0.388
SPADES FOUR HEARTS QUEEN,0.643,0.0044,0.3526
DIAMONDS ACE DIAMONDS JACK,0.0188,0.9086,0.0726
HEARTS FOUR DIAMONDS JACK,0.7498,0.024,0.2262
SPADES KING SPADES SIX,0.6116,0.0036,0.3848
SPADES FOUR HEARTS KING,0.6326,0.0034,0.364
SPADES TEN SPADES SIX,0.6254,0.0028,0.3718
SPADES JACK SPADES SIX,0.7076,0.0214,0.271
SPADES FOUR DIAMONDS JACK,0.756,0.0182,0.2258
SPADES FIVE DIAMONDS JACK,0.7398,0.0198,0.2404
DIAMONDS JACK SPADES TWO,0.7516,0.0224,0.226
DIAMONDS JACK SPADES THREE,0.7542,0.019,0.2268
SPADES ACE DIAMONDS THREE,0.6554,0.0894,0.2552
SPADES QUEEN DIAMONDS THREE,0.6554,0.006,0.3386
CLUBS EIGHT DIAMONDS JACK,0.7258,0.019,0.2552
SPADES KING DIAMONDS THREE,0.6544,0.0042,0.3414
CLUBS NINE DIAMONDS JACK,0.726,0.021,0.253
CLUBS SIX DIAMONDS JACK,0.754,0.0226,0.2234
CLUBS SEVEN DIAMONDS JACK,0.732,0.0224,0.2456
CLUBS FOUR DIAMONDS JACK,0.7514,0.0212,0.2274
CLUBS FIVE DIAMONDS JACK,0.7426,0.0222,0.2352
CLUBS TWO DIAMONDS JACK,0.7598,0.0232,0.217
CLUBS THREE DIAMONDS JACK,0.7618,0.0254,0.2128
SPADES TEN CLUBS FIVE,0.6626,0.005,0.3324
HEARTS SIX SPADES JACK,0.7514,0.021,0.2276
HEARTS SIX SPADES TEN,0.6656,0.0032,0.3312
SPADES JACK CLUBS FIVE,0.7488,0.0234,0.2278
SPADES JACK DIAMONDS THREE,0.751,0.023,0.226
DIAMONDS THREE SPADES TEN,0.6752,0.0042,0.3206
CLUBS SEVEN CLUBS QUEEN,0.6194,0.0036,0.377
CLUBS SEVEN CLUBS KING,0.6264,0.0038,0.3698
SPADES NINE DIAMONDS JACK,0.7174,0.0184,0.2642
CLUBS TEN CLUBS SEVEN,0.6298,0.0046,0.3656
DIAMONDS ACE HEARTS ACE,0.0764,0.0126,0.911
HEARTS FOUR HEARTS ACE,0.6314,0.0982,0.2704
SPADES EIGHT DIAMONDS JACK,0.7128,0.0162,0.271
SPADES ACE HEARTS SIX,0.6888,0.0826,0.2286
CLUBS SEVEN CLUBS JACK,0.718,0.0188,0.2632
DIAMONDS ACE HEARTS KING,0.2534,0.0478,0.6988
HEARTS FOUR HEARTS KING,0.5988,0.0058,0.3954
SPADES SEVEN DIAMONDS JACK,0.741,0.0224,0.2366
SPADES KING HEARTS SIX,0.6522,0.0024,0.3454
DIAMONDS ACE HEARTS QUEEN,0.2366,0.0642,0.6992
HEARTS FOUR HEARTS QUEEN,0.601,0.0038,0.3952
SPADES QUEEN HEARTS SIX,0.6564,0.0034,0.3402
SPADES SIX DIAMONDS JACK,0.7482,0.0234,0.2284
DIAMONDS TEN SPADES TWO,0.6702,0.0038,0.326
SPADES THREE DIAMONDS TEN,0.681,0.0032,0.3158
SPADES FOUR DIAMONDS TEN,0.675,0.0034,0.3216
SPADES FIVE DIAMONDS TEN,0.674,0.0038,0.3222
SPADES SIX DIAMONDS TEN,0.6596,0.0026,0.3378
SPADES SEVEN DIAMONDS TEN,0.6532,0.0028,0.344
SPADES EIGHT DIAMONDS TEN,0.6492,0.0028,0.348
SPADES NINE DIAMONDS TEN,0.635,0.0048,0.3602
CLUBS FOUR DIAMONDS TEN,0.6792,0.0038,0.317
CLUBS FIVE DIAMONDS TEN,0.6778,0.0038,0.3184
CLUBS SIX DIAMONDS TEN,0.6776,0.0048,0.3176
CLUBS SEVEN DIAMONDS TEN,0.6456,0.0022,0.3522
CLUBS EIGHT DIAMONDS TEN,0.6588,0.0046,0.3366
CLUBS NINE DIAMONDS TEN,0.641,0.0024,0.3566
DIAMONDS THREE CLUBS JACK,0.7566,0.0248,0.2186
CLUBS TEN DIAMONDS THREE,0.684,0.0044,0.3116
DIAMONDS THREE CLUBS KING,0.653,0.005,0.342
DIAMONDS THREE CLUBS QUEEN,0.6494,0.0038,0.3468
SPADES FOUR HEARTS TEN,0.6882,0.0048,0.307
SPADES FIVE SPADES TWO,0.6026,0.0058,0.3916
SPADES FOUR SPADES TWO,0.609,0.005,0.386
SPADES THREE SPADES TWO,0.609,0.0058,0.3852
SPADES NINE SPADES TWO,0.6262,0.0032,0.3706
SPADES EIGHT SPADES TWO,0.6254,0.0028,0.3718
SPADES SEVEN SPADES TWO,0.627,0.0048,0.3682
SPADES SIX SPADES TWO,0.6252,0.0042,0.3706
DIAMONDS QUEEN CLUBS THREE,0.6506,0.006,0.3434
CLUBS THREE HEARTS TWO,0.6676,0.0046,0.3278
DIAMONDS QUEEN CLUBS TWO,0.6552,0.0058,0.339
HEARTS TWO CLUBS TWO,0.4906,0.0072,0.5022
DIAMONDS QUEEN HEARTS SEVEN,0.651,0.0036,0.3454
HEARTS TWO HEARTS SEVEN,0.648,0.0038,0.3482
HEARTS SIX DIAMONDS QUEEN,0.6468,0.0062,0.347
HEARTS SIX HEARTS TWO,0.6432,0.0046,0.3522
DIAMONDS QUEEN HEARTS NINE,0.6332,0.0034,0.3634
HEARTS TWO HEARTS NINE,0.65,0.0042,0.3458
DIAMONDS QUEEN HEARTS EIGHT,0.6508,0.004,0.3452
HEARTS TWO HEARTS EIGHT,0.6404,0.0066,0.353
CLUBS NINE HEARTS TWO,0.6858,0.005,0.3092
CLUBS NINE DIAMONDS QUEEN,0.6266,0.0034,0.37
CLUBS EIGHT HEARTS TWO,0.6848,0.0054,0.3098
CLUBS EIGHT DIAMONDS QUEEN,0.6504,0.004,0.3456
CLUBS FIVE DIAMONDS QUEEN,0.6316,0.0048,0.3636
CLUBS FIVE HEARTS TWO,0.649,0.0044,0.3466
SPADES EIGHT HEARTS ACE,0.6744,0.0912,0.2344
DIAMONDS QUEEN CLUBS FOUR,0.648,0.0042,0.3478
HEARTS TWO CLUBS FOUR,0.6634,0.0048,0.3318
CLUBS SEVEN DIAMONDS QUEEN,0.6464,0.0054,0.3482
CLUBS SEVEN HEARTS TWO,0.6888,0.0054,0.3058
SPADES EIGHT HEARTS QUEEN,0.6388,0.0046,0.3566
CLUBS SIX DIAMONDS QUEEN,0.6582,0.0036,0.3382
CLUBS SIX HEARTS TWO,0.6756,0.0036,0.3208
SPADES EIGHT HEARTS KING,0.6522,0.0052,0.3426
HEARTS TWO SPADES SIX,0.6652,0.0034,0.3314
DIAMONDS QUEEN SPADES SIX,0.6456,0.0044,0.35
HEARTS FOUR CLUBS QUEEN,0.6596,0.0054,0.335
DIAMONDS ACE CLUBS QUEEN,0.2366,0.0642,0.6992
DIAMONDS QUEEN SPADES SEVEN,0.6338,0.0024,0.3638
HEARTS TWO SPADES SEVEN,0.6774,0.005,0.3176
HEARTS FOUR CLUBS KING,0.639,0.0038,0.3572
DIAMONDS ACE CLUBS KING,0.2524,0.0438,0.7038
DIAMONDS QUEEN SPADES EIGHT,0.6412,0.0026,0.3562
SPADES EIGHT HEARTS TWO,0.6676,0.004,0.3284
SPADES NINE DIAMONDS QUEEN,0.621,0.0038,0.3752
SPADES NINE HEARTS TWO,0.6776,0.0056,0.3168
HEARTS TWO SPADES TWO,0.4786,0.006,0.5154
DIAMONDS QUEEN SPADES TWO,0.6514,0.0042,0.3444
HEARTS TWO SPADES THREE,0.6494,0.0074,0.3432
DIAMONDS QUEEN SPADES THREE,0.6518,0.0042,0.344
HEARTS TWO SPADES FOUR,0.6604,0.0052,0.3344
DIAMONDS QUEEN SPADES FOUR,0.6406,0.0028,0.3566
HEARTS FOUR CLUBS TEN,0.676,0.0048,0.3192
CLUBS TEN DIAMONDS ACE,0.678,0.089,0.233
HEARTS TWO SPADES FIVE,0.6474,0.0044,0.3482
DIAMONDS QUEEN SPADES FIVE,0.6404,0.0036,0.356
HEARTS FOUR CLUBS JACK,0.7722,0.0218,0.206
DIAMONDS ACE CLUBS JACK,0.0174,0.972,0.0106
CLUBS FIVE CLUBS KING,0.6068,0.0056,0.3876
CLUBS FIVE CLUBS QUEEN,0.6138,0.0046,0.3816
CLUBS FIVE CLUBS JACK,0.7158,0.0236,0.2606
CLUBS TEN CLUBS FIVE,0.6382,0.0046,0.3572
SPADES KING CLUBS JACK,0.7342,0.0136,0.2522
SPADES QUEEN CLUBS JACK,0.7254,0.0146,0.26
SPADES ACE CLUBS JACK,0.0144,0.9724,0.0132
SPADES SIX CLUBS KING,0.6458,0.0038,0.3504
SPADES SIX CLUBS QUEEN,0.643,0.0048,0.3522
SPADES EIGHT HEARTS TEN,0.6388,0.0036,0.3576
SPADES SIX CLUBS JACK,0.7492,0.022,0.2288
CLUBS TEN SPADES SIX,0.6754,0.0046,0.32
SPADES TEN CLUBS JACK,0.7004,0.019,0.2806
SPADES JACK CLUBS JACK,0.3128,0.0148,0.6724
SPADES QUEEN CLUBS SEVEN,0.65,0.0038,0.3462
SPADES KING CLUBS SEVEN,0.6508,0.0038,0.3454
SPADES ACE CLUBS SEVEN,0.6716,0.092,0.2364
SPADES SIX HEARTS TEN,0.6574,0.0044,0.3382
SPADES SIX HEARTS ACE,0.675,0.0834,0.2416
SPADES SIX HEARTS KING,0.6346,0.0028,0.3626
SPADES SIX HEARTS QUEEN,0.6386,0.0042,0.3572
CLUBS SEVEN SPADES JACK,0.7404,0.0214,0.2382
CLUBS SEVEN SPADES TEN,0.6502,0.004,0.3458
CLUBS TEN HEARTS SIX,0.6696,0.0056,0.3248
HEARTS SIX CLUBS JACK,0.7724,0.0188,0.2088
HEARTS SIX CLUBS QUEEN,0.6578,0.0046,0.3376
HEARTS SIX CLUBS KING,0.651,0.005,0.344
CLUBS QUEEN CLUBS JACK,0.699,0.0162,0.2848
CLUBS KING CLUBS JACK,0.7038,0.015,0.2812
DIAMONDS THREE HEARTS ACE,0.6522,0.0918,0.256
DIAMONDS THREE HEARTS QUEEN,0.646,0.0042,0.3498
DIAMONDS THREE HEARTS KING,0.649,0.0052,0.3458
SPADES TEN DIAMONDS ACE,0.6754,0.091,0.2336
HEARTS FOUR SPADES TEN,0.683,0.0032,0.3138
CLUBS FIVE HEARTS TEN,0.6802,0.0054,0.3144
HEARTS FOUR SPADES JACK,0.7542,0.0188,0.227
SPADES JACK DIAMONDS ACE,0.0182,0.962,0.0198
SPADES ACE HEARTS FOUR,0.665,0.0896,0.2454
SPADES ACE DIAMONDS ACE,0.0794,0.0138,0.9068
CLUBS FIVE HEARTS ACE,0.669,0.0932,0.2378
CLUBS FIVE HEARTS KING,0.6376,0.0056,0.3568
HEARTS FOUR SPADES QUEEN,0.6544,0.005,0.3406
SPADES QUEEN DIAMONDS ACE,0.2332,0.0596,0.7072
SPADES FOUR CLUBS JACK,0.7622,0.0226,0.2152
CLUBS FIVE HEARTS QUEEN,0.6496,0.0046,0.3458
SPADES KING DIAMONDS ACE,0.2482,0.0472,0.7046
HEARTS FOUR SPADES KING,0.6486,0.0052,0.3462
CLUBS TEN SPADES FOUR,0.6858,0.0044,0.3098
DIAMONDS QUEEN DIAMONDS ACE,0.228,0.056,0.716
HEARTS TWO DIAMONDS ACE,0.6796,0.0768,0.2436
HEARTS FOUR DIAMONDS QUEEN,0.6456,0.0044,0.35
HEARTS FOUR HEARTS TWO,0.6266,0.0052,0.3682
DIAMONDS THREE HEARTS TEN,0.6862,0.004,0.3098
SPADES FOUR CLUBS KING,0.656,0.0034,0.3406
HEARTS FIVE DIAMONDS QUEEN,0.652,0.0034,0.3446
HEARTS FIVE HEARTS TWO,0.6212,0.0048,0.374
SPADES FOUR CLUBS QUEEN,0.651,0.0042,0.3448
DIAMONDS QUEEN HEARTS TWO,0.6506,0.0032,0.3462
DIAMONDS KING DIAMONDS QUEEN,0.5596,0.004,0.4364
DIAMONDS KING HEARTS TWO,0.6516,0.0038,0.3446
HEARTS THREE DIAMONDS QUEEN,0.6576,0.0044,0.338
HEARTS THREE HEARTS TWO,0.6162,0.0058,0.378
HEARTS TWO CLUBS QUEEN,0.6762,0.0058,0.318
DIAMONDS QUEEN CLUBS QUEEN,0.2978,0.003,0.6992
HEARTS TWO CLUBS KING,0.6652,0.0066,0.3282
DIAMONDS QUEEN CLUBS KING,0.6008,0.004,0.3952
SPADES EIGHT SPADES FIVE,0.62,0.0042,0.3758
CLUBS TEN HEARTS TWO,0.6876,0.007,0.3054
CLUBS TEN DIAMONDS QUEEN,0.6122,0.0042,0.3836
SPADES NINE SPADES FIVE,0.615,0.0042,0.3808
HEARTS TWO CLUBS JACK,0.7654,0.0222,0.2124
DIAMONDS QUEEN CLUBS JACK,0.728,0.0142,0.2578
SPADES SIX SPADES FIVE,0.5844,0.0052,0.4104
SPADES SEVEN SPADES FIVE,0.5952,0.0032,0.4016
DIAMONDS FIVE CLUBS QUEEN,0.6438,0.0048,0.3514
DIAMONDS FIVE CLUBS KING,0.6416,0.0052,0.3532
SPADES EIGHT CLUBS KING,0.6478,0.0064,0.3458
SPADES EIGHT CLUBS QUEEN,0.6398,0.0036,0.3566
SPADES EIGHT CLUBS JACK,0.7376,0.0176,0.2448
CLUBS TEN SPADES EIGHT,0.6464,0.0024,0.3512
CLUBS TEN DIAMONDS FIVE,0.677,0.0034,0.3196
DIAMONDS FIVE CLUBS JACK,0.7474,0.0158,0.2368
DIAMONDS TEN HEARTS TEN,0.442,0.003,0.555
SPADES ACE CLUBS NINE,0.6838,0.0868,0.2294
CLUBS NINE SPADES QUEEN,0.6278,0.0056,0.3666
CLUBS NINE SPADES KING,0.6512,0.0042,0.3446
HEARTS SIX HEARTS KING,0.6224,0.0042,0.3734
DIAMONDS KING SPADES SEVEN,0.642,0.0022,0.3558
HEARTS THREE SPADES SEVEN,0.6772,0.0034,0.3194
SPADES KING DIAMONDS SEVEN,0.6344,0.0018,0.3638
HEARTS SIX HEARTS QUEEN,0.619,0.004,0.377
SPADES QUEEN DIAMONDS SEVEN,0.6392,0.0036,0.3572
HEARTS THREE SPADES SIX,0.6528,0.0052,0.342
DIAMONDS KING SPADES SIX,0.6524,0.0036,0.344
DIAMONDS KING SPADES NINE,0.648,0.003,0.349
HEARTS THREE SPADES NINE,0.669,0.0038,0.3272
HEARTS SIX HEARTS ACE,0.6542,0.0796,0.2662
DIAMONDS KING SPADES EIGHT,0.6546,0.0028,0.3426
HEARTS THREE SPADES EIGHT,0.6734,0.004,0.3226
SPADES ACE DIAMONDS SEVEN,0.6672,0.0922,0.2406
CLUBS NINE HEARTS THREE,0.6812,0.0054,0.3134
CLUBS NINE DIAMONDS KING,0.6478,0.0044,0.3478
HEARTS THREE CLUBS EIGHT,0.6844,0.006,0.3096
CLUBS EIGHT DIAMONDS KING,0.6584,0.004,0.3376
