opposingHand,winningChance,drawChance,lostChance
HEARTS EIGHT HEARTS THREE
CLUBS SIX DIAMONDS FIVE,0.536,0.0666,0.3974
CLUBS THREE DIAMONDS NINE,0.2936,0.0998,0.6066
DIAMONDS TWO DIAMONDS FIVE,0.5434,0.0576,0.399
SPADES TWO HEARTS QUEEN,0.4222,0.0156,0.5622
HEARTS FIVE CLUBS QUEEN,0.3992,0.013,0.5878
DIAMONDS THREE CLUBS FIVE,0.5986,0.1362,0.2652
DIAMONDS KING CLUBS QUEEN,0.3572,0.0062,0.6366
CLUBS ACE DIAMONDS SIX,0.4044,0.003,0.5926
HEARTS FOUR CLUBS SIX,0.537,0.0682,0.3948
SPADES SEVEN DIAMONDS SIX,0.541,0.0576,0.4014
CLUBS JACK CLUBS THREE,0.2682,0.0548,0.677
HEARTS ACE DIAMONDS NINE,0.3462,0.007,0.6468
HEARTS FIVE CLUBS FOUR,0.539,0.0654,0.3956
SPADES TEN DIAMONDS EIGHT,0.281,0.0776,0.6414
SPADES KING CLUBS EIGHT,0.2878,0.0374,0.6748
CLUBS SEVEN CLUBS SIX,0.4908,0.058,0.4512
HEARTS SIX DIAMONDS SIX,0.2882,0.092,0.6198
DIAMONDS KING HEARTS KING,0.1618,0.0154,0.8228
SPADES ACE SPADES KING,0.3372,0.004,0.6588
CLUBS SEVEN SPADES SEVEN,0.2842,0.0726,0.6432
HEARTS FOUR SPADES TEN,0.391,0.0314,0.5776
CLUBS SIX DIAMONDS QUEEN,0.4098,0.0116,0.5786
SPADES TEN HEARTS NINE,0.3322,0.02,0.6478
CLUBS SEVEN DIAMONDS TEN,0.3784,0.0256,0.596
CLUBS FOUR DIAMONDS SEVEN,0.5686,0.056,0.3754
CLUBS THREE DIAMONDS SEVEN,0.6326,0.1374,0.23
HEARTS FIVE DIAMONDS EIGHT,0.2444,0.4312,0.3244
SPADES SEVEN DIAMONDS TEN,0.3766,0.0226,0.6008
DIAMONDS TWO DIAMONDS KING,0.3916,0.0088,0.5996
SPADES SIX HEARTS NINE,0.3606,0.04,0.5994
SPADES KING SPADES FOUR,0.3784,0.0082,0.6134
DIAMONDS QUEEN DIAMONDS FOUR,0.3724,0.0112,0.6164
CLUBS NINE DIAMONDS FIVE,0.3828,0.0358,0.5814
SPADES NINE CLUBS FOUR,0.3982,0.0408,0.561
SPADES ACE CLUBS KING,0.3726,0.0054,0.622
DIAMONDS ACE CLUBS TWO,0.414,0.0032,0.5828
SPADES SEVEN CLUBS THREE,0.6178,0.139,0.2432
DIAMONDS THREE DIAMONDS TEN,0.2758,0.067,0.6572
HEARTS FIVE DIAMONDS SIX,0.5198,0.0724,0.4078
CLUBS JACK CLUBS SEVEN,0.3678,0.0168,0.6154
CLUBS SIX DIAMONDS JACK,0.4018,0.0196,0.5786
DIAMONDS SEVEN HEARTS TEN,0.3618,0.0256,0.6126
HEARTS FOUR HEARTS JACK,0.336,0.0212,0.6428
SPADES JACK CLUBS SEVEN,0.3904,0.0198,0.5898
CLUBS JACK CLUBS QUEEN,0.3298,0.0086,0.6616
SPADES KING CLUBS KING,0.1708,0.0168,0.8124
CLUBS FIVE HEARTS NINE,0.3662,0.048,0.5858
DIAMONDS SIX HEARTS TEN,0.3756,0.0302,0.5942
SPADES KING HEARTS TEN,0.3438,0.008,0.6482
SPADES FIVE HEARTS QUEEN,0.3846,0.0152,0.6002
DIAMONDS KING SPADES FOUR,0.3966,0.0074,0.596
DIAMONDS QUEEN CLUBS ACE,0.3598,0.0042,0.636
CLUBS SEVEN DIAMONDS KING,0.4018,0.007,0.5912
HEARTS TEN DIAMONDS FIVE,0.3718,0.0326,0.5956
SPADES TWO DIAMONDS FIVE,0.5832,0.0658,0.351
CLUBS TWO SPADES FOUR,0.589,0.0662,0.3448
SPADES TEN HEARTS TWO,0.407,0.032,0.561
SPADES FIVE HEARTS JACK,0.3748,0.0178,0.6074
SPADES ACE HEARTS NINE,0.3514,0.003,0.6456
CLUBS TEN DIAMONDS EIGHT,0.2708,0.0734,0.6558
SPADES SEVEN HEARTS ACE,0.3796,0.004,0.6164
HEARTS KING DIAMONDS EIGHT,0.263,0.034,0.703
DIAMONDS THREE DIAMONDS KING,0.2818,0.0294,0.6888
CLUBS TEN SPADES FOUR,0.382,0.0232,0.5948
DIAMONDS SEVEN CLUBS KING,0.3948,0.0086,0.5966
CLUBS NINE SPADES NINE,0.1864,0.0594,0.7542
DIAMONDS SEVEN DIAMONDS SIX,0.51,0.0586,0.4314
SPADES JACK DIAMONDS FOUR,0.4098,0.02,0.5702
HEARTS SEVEN CLUBS ACE,0.374,0.0038,0.6222
SPADES THREE DIAMONDS SEVEN,0.636,0.1284,0.2356
DIAMONDS SEVEN HEARTS NINE,0.3504,0.0394,0.6102
SPADES JACK DIAMONDS QUEEN,0.3604,0.0096,0.63
CLUBS EIGHT CLUBS ACE,0.258,0.0286,0.7134
DIAMONDS THREE CLUBS NINE,0.2874,0.1076,0.605
DIAMONDS JACK SPADES TWO,0.4366,0.0176,0.5458
CLUBS TWO HEARTS QUEEN,0.4166,0.012,0.5714
SPADES EIGHT DIAMONDS NINE,0.2624,0.098,0.6396
CLUBS TWO DIAMONDS FIVE,0.5834,0.069,0.3476
SPADES JACK SPADES THREE,0.2732,0.0458,0.681
DIAMONDS THREE SPADES EIGHT,0.0684,0.9108,0.0208
CLUBS EIGHT SPADES THREE,0.076,0.9046,0.0194
CLUBS EIGHT DIAMONDS TEN,0.26,0.0758,0.6642
CLUBS THREE SPADES THREE,0.2994,0.0686,0.632
DIAMONDS JACK DIAMONDS EIGHT,0.2586,0.0616,0.6798
DIAMONDS TWO CLUBS NINE,0.4302,0.0428,0.527
CLUBS NINE SPADES FIVE,0.3764,0.0396,0.584
SPADES TEN SPADES SIX,0.3518,0.02,0.6282
SPADES SIX HEARTS JACK,0.3688,0.0196,0.6116
CLUBS FIVE SPADES SIX,0.5384,0.0592,0.4024
SPADES EIGHT CLUBS TWO,0.2974,0.4928,0.2098
CLUBS JACK DIAMONDS NINE,0.3534,0.0158,0.6308
HEARTS KING CLUBS ACE,0.3496,0.0048,0.6456
HEARTS FOUR DIAMONDS SEVEN,0.5542,0.0624,0.3834
CLUBS FOUR SPADES FOUR,0.2996,0.1,0.6004
SPADES TWO CLUBS ACE,0.418,0.0036,0.5784
CLUBS EIGHT DIAMONDS FOUR,0.2498,0.4784,0.2718
DIAMONDS JACK SPADES FIVE,0.3942,0.017,0.5888
DIAMONDS TEN CLUBS ACE,0.3688,0.0044,0.6268
CLUBS JACK DIAMONDS KING,0.3486,0.006,0.6454
HEARTS TWO HEARTS JACK,0.3832,0.0216,0.5952
CLUBS TEN CLUBS NINE,0.326,0.0246,0.6494
CLUBS FIVE HEARTS JACK,0.3784,0.0184,0.6032
HEARTS SIX CLUBS THREE,0.6232,0.1352,0.2416
HEARTS FIVE DIAMONDS TEN,0.3806,0.0246,0.5948
HEARTS FIVE CLUBS TWO,0.567,0.0702,0.3628
SPADES EIGHT DIAMONDS KING,0.2762,0.0374,0.6864
HEARTS SEVEN DIAMONDS TWO,0.6002,0.0668,0.333
HEARTS ACE CLUBS ACE,0.1538,0.0042,0.842
CLUBS TEN CLUBS ACE,0.3444,0.0034,0.6522
CLUBS SIX CLUBS KING,0.3642,0.008,0.6278
CLUBS ACE HEARTS TEN,0.3622,0.0046,0.6332
CLUBS FOUR DIAMONDS FIVE,0.5264,0.0642,0.4094
CLUBS NINE SPADES SIX,0.3822,0.0366,0.5812
SPADES TEN HEARTS JACK,0.3432,0.0148,0.642
DIAMONDS EIGHT HEARTS NINE,0.2444,0.1068,0.6488
CLUBS FIVE SPADES SEVEN,0.5602,0.0662,0.3736
CLUBS NINE CLUBS KING,0.335,0.0056,0.6594
CLUBS NINE SPADES SEVEN,0.3614,0.0394,0.5992
HEARTS FOUR DIAMONDS TEN,0.3912,0.0306,0.5782
SPADES THREE CLUBS KING,0.2812,0.0292,0.6896
DIAMONDS QUEEN DIAMONDS FIVE,0.3814,0.0124,0.6062
SPADES TEN SPADES FIVE,0.363,0.0272,0.6098
SPADES TEN HEARTS TEN,0.1696,0.0462,0.7842
DIAMONDS TWO DIAMONDS QUEEN,0.3994,0.0118,0.5888
SPADES EIGHT HEARTS TEN,0.25,0.0794,0.6706
SPADES QUEEN DIAMONDS ACE,0.3696,0.0048,0.6256
HEARTS FOUR HEARTS TWO,0.5776,0.068,0.3544
DIAMONDS THREE HEARTS NINE,0.2704,0.104,0.6256
CLUBS FOUR CLUBS ACE,0.3606,0.0064,0.633
HEARTS KING HEARTS QUEEN,0.2966,0.0102,0.6932
DIAMONDS NINE CLUBS KING,0.3592,0.0076,0.6332
SPADES SEVEN DIAMONDS FOUR,0.547,0.0612,0.3918
SPADES EIGHT CLUBS FOUR,0.2612,0.4768,0.262
HEARTS TWO CLUBS FIVE,0.5782,0.0698,0.352
SPADES EIGHT DIAMONDS JACK,0.2786,0.0576,0.6638
CLUBS SEVEN DIAMONDS JACK,0.3852,0.017,0.5978
SPADES TWO CLUBS KING,0.4242,0.0076,0.5682
SPADES JACK DIAMONDS SEVEN,0.3838,0.0196,0.5966
CLUBS SEVEN CLUBS FIVE,0.5128,0.0546,0.4326
CLUBS SEVEN HEARTS ACE,0.3772,0.006,0.6168
CLUBS THREE DIAMONDS FOUR,0.6016,0.135,0.2634
HEARTS ACE HEARTS JACK,0.3136,0.005,0.6814
SPADES ACE DIAMONDS FIVE,0.3778,0.0038,0.6184
SPADES JACK HEARTS TWO,0.4146,0.0208,0.5646
DIAMONDS ACE SPADES SEVEN,0.3874,0.004,0.6086
CLUBS SIX DIAMONDS TEN,0.3874,0.026,0.5866
HEARTS ACE SPADES THREE,0.2636,0.019,0.7174
CLUBS FOUR DIAMONDS NINE,0.4008,0.041,0.5582
DIAMONDS KING DIAMONDS TEN,0.3442,0.0068,0.649
DIAMONDS THREE DIAMONDS SIX,0.572,0.132,0.296
DIAMONDS QUEEN DIAMONDS JACK,0.3396,0.0098,0.6506
HEARTS SEVEN DIAMONDS THREE,0.6328,0.1266,0.2406
SPADES KING DIAMONDS FIVE,0.3786,0.0086,0.6128
SPADES TEN DIAMONDS QUEEN,0.357,0.0102,0.6328
HEARTS FOUR CLUBS QUEEN,0.4014,0.0124,0.5862
DIAMONDS THREE HEARTS SIX,0.6166,0.1376,0.2458
CLUBS NINE HEARTS JACK,0.3324,0.0148,0.6528
HEARTS SEVEN DIAMONDS JACK,0.3692,0.0208,0.61
HEARTS FIVE DIAMONDS FIVE,0.291,0.0906,0.6184
CLUBS TWO CLUBS QUEEN,0.4042,0.013,0.5828
SPADES NINE DIAMONDS FIVE,0.3656,0.0432,0.5912
DIAMONDS QUEEN CLUBS TWO,0.4286,0.0138,0.5576
DIAMONDS ACE DIAMONDS QUEEN,0.342,0.005,0.653
SPADES TWO DIAMONDS FOUR,0.5808,0.0676,0.3516
DIAMONDS QUEEN DIAMONDS NINE,0.3286,0.0084,0.663
CLUBS FIVE CLUBS ACE,0.3568,0.0056,0.6376
DIAMONDS KING HEARTS TEN,0.349,0.0074,0.6436
CLUBS EIGHT SPADES SEVEN,0.2622,0.2696,0.4682
SPADES JACK SPADES NINE,0.3318,0.0156,0.6526
CLUBS SEVEN SPADES THREE,0.6306,0.1354,0.234
HEARTS FOUR DIAMONDS FOUR,0.2842,0.1016,0.6142
SPADES ACE DIAMONDS KING,0.3824,0.0036,0.614
SPADES FIVE DIAMONDS SEVEN,0.5404,0.0634,0.3962
DIAMONDS THREE HEARTS TWO,0.604,0.1426,0.2534
DIAMONDS TWO CLUBS TWO,0.3774,0.1056,0.517
SPADES QUEEN DIAMONDS FIVE,0.3984,0.0102,0.5914
CLUBS EIGHT DIAMONDS KING,0.2808,0.033,0.6862
SPADES QUEEN CLUBS KING,0.3642,0.0064,0.6294
SPADES QUEEN HEARTS FOUR,0.3878,0.015,0.5972
HEARTS FIVE DIAMONDS QUEEN,0.3856,0.0108,0.6036
SPADES ACE CLUBS JACK,0.3618,0.004,0.6342
DIAMONDS TWO SPADES FOUR,0.5754,0.0686,0.356
CLUBS FIVE SPADES THREE,0.5888,0.1434,0.2678
HEARTS SIX CLUBS ACE,0.3774,0.0058,0.6168
CLUBS TEN CLUBS FOUR,0.3652,0.025,0.6098
HEARTS SIX DIAMONDS JACK,0.3806,0.0196,0.5998
HEARTS TWO CLUBS ACE,0.4146,0.005,0.5804
DIAMONDS KING HEARTS QUEEN,0.3592,0.0084,0.6324
HEARTS ACE CLUBS KING,0.337,0.0072,0.6558
CLUBS FIVE HEARTS KING,0.3842,0.0104,0.6054
HEARTS KING HEARTS NINE,0.3062,0.006,0.6878
HEARTS SIX SPADES TEN,0.3844,0.024,0.5916
DIAMONDS SIX HEARTS NINE,0.3774,0.0396,0.583
CLUBS SIX SPADES EIGHT,0.2644,0.3456,0.39
SPADES FIVE DIAMONDS FIVE,0.2962,0.0912,0.6126
SPADES KING HEARTS FIVE,0.3824,0.0094,0.6082
SPADES FIVE SPADES TWO,0.5374,0.0664,0.3962
CLUBS NINE HEARTS TEN,0.3304,0.0242,0.6454
SPADES KING SPADES TEN,0.3356,0.0086,0.6558
CLUBS JACK CLUBS EIGHT,0.2532,0.0548,0.692
SPADES KING DIAMONDS ACE,0.37,0.0054,0.6246
CLUBS JACK DIAMONDS SIX,0.3964,0.0174,0.5862
CLUBS FIVE DIAMONDS SEVEN,0.5452,0.0566,0.3982
HEARTS FIVE HEARTS KING,0.3352,0.009,0.6558
HEARTS QUEEN DIAMONDS FIVE,0.3786,0.0128,0.6086
SPADES EIGHT DIAMONDS FIVE,0.2604,0.4112,0.3284
DIAMONDS ACE HEARTS NINE,0.3306,0.006,0.6634
HEARTS TWO DIAMONDS FIVE,0.5678,0.072,0.3602
HEARTS QUEEN CLUBS QUEEN,0.1578,0.027,0.8152
DIAMONDS ACE DIAMONDS TEN,0.3464,0.0074,0.6462
HEARTS TWO DIAMONDS EIGHT,0.2686,0.5136,0.2178
CLUBS THREE DIAMONDS FIVE,0.592,0.1452,0.2628
HEARTS ACE HEARTS NINE,0.3126,0.0072,0.6802
SPADES JACK HEARTS ACE,0.3534,0.0054,0.6412
SPADES FIVE DIAMONDS FOUR,0.5302,0.0652,0.4046
HEARTS TWO HEARTS ACE,0.3644,0.0056,0.63
HEARTS FIVE DIAMONDS JACK,0.3868,0.0174,0.5958
SPADES FIVE SPADES THREE,0.5568,0.1306,0.3126
CLUBS FOUR HEARTS ACE,0.3708,0.0048,0.6244
CLUBS EIGHT HEARTS ACE,0.2558,0.0296,0.7146
CLUBS SEVEN DIAMONDS FOUR,0.5486,0.064,0.3874
DIAMONDS SIX CLUBS QUEEN,0.3976,0.014,0.5884
HEARTS KING SPADES TWO,0.4092,0.0088,0.582
HEARTS SIX DIAMONDS FIVE,0.5266,0.062,0.4114
SPADES NINE CLUBS SIX,0.362,0.0404,0.5976
HEARTS TEN CLUBS QUEEN,0.354,0.0104,0.6356
DIAMONDS KING DIAMONDS FIVE,0.372,0.0074,0.6206
DIAMONDS THREE HEARTS TEN,0.2584,0.0682,0.6734
CLUBS FIVE CLUBS QUEEN,0.3694,0.0096,0.621
SPADES ACE DIAMONDS NINE,0.3566,0.0042,0.6392
DIAMONDS THREE SPADES TEN,0.2844,0.0742,0.6414
SPADES KING SPADES SEVEN,0.3694,0.0066,0.624
HEARTS SEVEN CLUBS QUEEN,0.4006,0.0152,0.5842
SPADES QUEEN CLUBS QUEEN,0.1676,0.026,0.8064
SPADES NINE DIAMONDS KING,0.3576,0.0066,0.6358
HEARTS SEVEN HEARTS JACK,0.3382,0.016,0.6458
DIAMONDS JACK HEARTS NINE,0.3448,0.018,0.6372
CLUBS JACK HEARTS FOUR,0.3812,0.0234,0.5954
HEARTS FIVE CLUBS FIVE,0.2866,0.0964,0.617
SPADES KING HEARTS NINE,0.3702,0.0066,0.6232
SPADES QUEEN HEARTS NINE,0.3466,0.0084,0.645
DIAMONDS ACE CLUBS QUEEN,0.373,0.0044,0.6226
DIAMONDS NINE HEARTS KING,0.3586,0.0078,0.6336
CLUBS JACK DIAMONDS TEN,0.3394,0.0116,0.649
DIAMONDS THREE DIAMONDS EIGHT,0.0694,0.8608,0.0698
HEARTS SEVEN SPADES FIVE,0.539,0.067,0.394
CLUBS FOUR CLUBS TWO,0.5456,0.064,0.3904
DIAMONDS ACE HEARTS TEN,0.3506,0.0046,0.6448
SPADES JACK SPADES EIGHT,0.2486,0.0666,0.6848
SPADES JACK CLUBS SIX,0.3982,0.0184,0.5834
DIAMONDS THREE CLUBS KING,0.282,0.025,0.693
SPADES NINE DIAMONDS SIX,0.3688,0.0392,0.592
DIAMONDS THREE DIAMONDS ACE,0.2806,0.0136,0.7058
CLUBS EIGHT DIAMONDS FIVE,0.2528,0.4304,0.3168
CLUBS SEVEN DIAMONDS SEVEN,0.306,0.0776,0.6164
CLUBS JACK CLUBS SIX,0.384,0.0146,0.6014
HEARTS SIX HEARTS NINE,0.3174,0.0438,0.6388
SPADES THREE CLUBS ACE,0.2782,0.0154,0.7064
DIAMONDS TWO SPADES QUEEN,0.4178,0.012,0.5702
SPADES JACK CLUBS QUEEN,0.3546,0.0098,0.6356
SPADES EIGHT CLUBS ACE,0.2766,0.0268,0.6966
CLUBS ACE DIAMONDS FIVE,0.3862,0.0044,0.6094
SPADES TEN DIAMONDS JACK,0.3438,0.0166,0.6396
DIAMONDS NINE DIAMONDS FIVE,0.3574,0.0378,0.6048
HEARTS FOUR CLUBS TWO,0.5692,0.0708,0.36
HEARTS TWO DIAMONDS QUEEN,0.413,0.0148,0.5722
CLUBS TEN CLUBS TWO,0.401,0.0264,0.5726
DIAMONDS QUEEN HEARTS JACK,0.338,0.0128,0.6492
SPADES FOUR CLUBS KING,0.3976,0.0076,0.5948
HEARTS FOUR HEARTS KING,0.3396,0.0096,0.6508
CLUBS SIX HEARTS TEN,0.3756,0.0246,0.5998
SPADES SIX DIAMONDS NINE,0.3746,0.0434,0.582
CLUBS EIGHT HEARTS KING,0.2532,0.0398,0.707
DIAMONDS QUEEN SPADES TWO,0.4316,0.014,0.5544
DIAMONDS KING CLUBS TWO,0.43,0.01,0.56
HEARTS FOUR DIAMONDS QUEEN,0.3842,0.014,0.6018
DIAMONDS TWO SPADES NINE,0.4078,0.044,0.5482
HEARTS ACE DIAMONDS EIGHT,0.2598,0.0262,0.714
HEARTS FOUR DIAMONDS JACK,0.395,0.021,0.584
SPADES QUEEN CLUBS THREE,0.2854,0.037,0.6776
CLUBS SEVEN DIAMONDS EIGHT,0.2684,0.267,0.4646
DIAMONDS THREE DIAMONDS FOUR,0.5652,0.1262,0.3086
DIAMONDS KING CLUBS KING,0.1762,0.0168,0.807
CLUBS NINE CLUBS FIVE,0.366,0.037,0.597
CLUBS FIVE SPADES FOUR,0.54,0.0632,0.3968
SPADES EIGHT SPADES SEVEN,0.2482,0.2606,0.4912
DIAMONDS ACE SPADES TWO,0.4146,0.0066,0.5788
CLUBS JACK CLUBS TWO,0.4062,0.0172,0.5766
HEARTS FIVE SPADES SIX,0.5258,0.0646,0.4096
CLUBS JACK DIAMONDS TWO,0.4266,0.0226,0.5508
HEARTS SIX DIAMONDS ACE,0.3892,0.003,0.6078
SPADES SIX CLUBS TWO,0.6024,0.06,0.3376
CLUBS FIVE CLUBS FOUR,0.503,0.0606,0.4364
DIAMONDS THREE CLUBS THREE,0.3052,0.0768,0.618
HEARTS FIVE HEARTS ACE,0.3348,0.005,0.6602
DIAMONDS TWO HEARTS QUEEN,0.4168,0.0138,0.5694
DIAMONDS JACK DIAMONDS TEN,0.324,0.0142,0.6618
DIAMONDS TWO CLUBS SEVEN,0.6088,0.0622,0.329
SPADES TWO CLUBS QUEEN,0.4282,0.012,0.5598
DIAMONDS KING DIAMONDS EIGHT,0.2552,0.0386,0.7062
DIAMONDS THREE SPADES SIX,0.6284,0.1262,0.2454
DIAMONDS KING SPADES SEVEN,0.3874,0.0086,0.604
CLUBS JACK DIAMONDS JACK,0.169,0.0352,0.7958
DIAMONDS SIX DIAMONDS FOUR,0.5114,0.064,0.4246
SPADES ACE SPADES SEVEN,0.366,0.0034,0.6306
HEARTS FOUR SPADES SIX,0.5382,0.064,0.3978
SPADES FOUR HEARTS KING,0.3788,0.0086,0.6126
SPADES KING HEARTS QUEEN,0.3584,0.006,0.6356
DIAMONDS THREE HEARTS FOUR,0.6022,0.1368,0.261
CLUBS EIGHT SPADES TWO,0.296,0.4942,0.2098
DIAMONDS TEN DIAMONDS SIX,0.3588,0.0258,0.6154
SPADES TEN SPADES THREE,0.265,0.0686,0.6664
SPADES JACK SPADES TWO,0.3922,0.0186,0.5892
SPADES EIGHT HEARTS ACE,0.2546,0.0298,0.7156
CLUBS TEN CLUBS FIVE,0.3786,0.0292,0.5922
SPADES ACE SPADES EIGHT,0.2482,0.0308,0.721
SPADES NINE DIAMONDS NINE,0.1742,0.0564,0.7694
DIAMONDS EIGHT HEARTS JACK,0.2554,0.0648,0.6798
SPADES ACE HEARTS ACE,0.1606,0.0044,0.835
DIAMONDS QUEEN SPADES FOUR,0.3968,0.0132,0.59
SPADES SIX HEARTS QUEEN,0.368,0.0154,0.6166
SPADES SIX DIAMONDS JACK,0.391,0.0152,0.5938
DIAMONDS THREE CLUBS TWO,0.617,0.1314,0.2516
SPADES ACE DIAMONDS EIGHT,0.2706,0.0308,0.6986
SPADES SIX HEARTS ACE,0.3888,0.0066,0.6046
SPADES SIX DIAMONDS TEN,0.393,0.0302,0.5768
SPADES QUEEN SPADES TWO,0.412,0.0164,0.5716
SPADES KING DIAMONDS SIX,0.3796,0.0054,0.615
DIAMONDS THREE CLUBS SEVEN,0.6212,0.1368,0.242
DIAMONDS ACE DIAMONDS FOUR,0.3712,0.0064,0.6224
DIAMONDS NINE DIAMONDS EIGHT,0.2632,0.0948,0.642
SPADES NINE SPADES EIGHT,0.2656,0.0942,0.6402
HEARTS QUEEN HEARTS TEN,0.307,0.011,0.682
DIAMONDS EIGHT CLUBS KING,0.2778,0.033,0.6892
CLUBS TEN SPADES EIGHT,0.2664,0.0812,0.6524
SPADES FIVE HEARTS NINE,0.3646,0.0438,0.5916
DIAMONDS THREE HEARTS ACE,0.271,0.0146,0.7144
HEARTS SIX DIAMONDS TEN,0.3662,0.0282,0.6056
SPADES NINE DIAMONDS EIGHT,0.2674,0.0988,0.6338
CLUBS TEN HEARTS KING,0.3482,0.0086,0.6432
DIAMONDS THREE DIAMONDS SEVEN,0.575,0.1372,0.2878
CLUBS TEN SPADES QUEEN,0.3662,0.0112,0.6226
DIAMONDS THREE HEARTS QUEEN,0.267,0.042,0.691
HEARTS FOUR CLUBS FOUR,0.2852,0.1052,0.6096
DIAMONDS SEVEN DIAMONDS FOUR,0.531,0.0578,0.4112
CLUBS SIX DIAMONDS SIX,0.2858,0.0832,0.631
SPADES KING CLUBS ACE,0.3662,0.004,0.6298
SPADES KING DIAMONDS NINE,0.371,0.0052,0.6238
CLUBS TEN HEARTS SIX,0.3786,0.0234,0.598
SPADES THREE DIAMONDS FIVE,0.6032,0.1296,0.2672
CLUBS NINE DIAMONDS SEVEN,0.366,0.04,0.594
HEARTS TWO DIAMONDS ACE,0.4126,0.0046,0.5828
CLUBS NINE CLUBS SIX,0.3546,0.0376,0.6078
SPADES QUEEN DIAMONDS EIGHT,0.282,0.0506,0.6674
HEARTS NINE DIAMONDS FOUR,0.3708,0.0408,0.5884
SPADES TEN HEARTS KING,0.3442,0.0052,0.6506
SPADES KING SPADES NINE,0.3378,0.0076,0.6546
DIAMONDS TWO HEARTS NINE,0.4128,0.0436,0.5436
CLUBS NINE HEARTS FIVE,0.3722,0.0448,0.583
SPADES TEN CLUBS KING,0.3672,0.008,0.6248
DIAMONDS NINE DIAMONDS FOUR,0.3606,0.0424,0.597
CLUBS SEVEN SPADES SIX,0.5254,0.0572,0.4174
CLUBS FOUR DIAMONDS SIX,0.5532,0.0634,0.3834
CLUBS NINE SPADES EIGHT,0.2682,0.1022,0.6296
CLUBS TEN HEARTS TEN,0.1606,0.046,0.7934
HEARTS TWO HEARTS QUEEN,0.3802,0.0124,0.6074
SPADES FOUR CLUBS QUEEN,0.3936,0.0098,0.5966
CLUBS JACK DIAMONDS THREE,0.2942,0.0494,0.6564
CLUBS JACK CLUBS NINE,0.3328,0.0142,0.653
SPADES KING DIAMONDS TWO,0.411,0.0084,0.5806
CLUBS SIX CLUBS FOUR,0.5164,0.064,0.4196
SPADES EIGHT CLUBS FIVE,0.2594,0.4176,0.323
CLUBS FIVE DIAMONDS QUEEN,0.3814,0.0114,0.6072
HEARTS TWO SPADES FOUR,0.5734,0.0686,0.358
CLUBS JACK SPADES NINE,0.3578,0.0126,0.6296
HEARTS TEN HEARTS NINE,0.289,0.0242,0.6868
CLUBS KING DIAMONDS FIVE,0.38,0.0082,0.6118
SPADES ACE CLUBS EIGHT,0.2626,0.0312,0.7062
SPADES ACE HEARTS QUEEN,0.3504,0.0054,0.6442
CLUBS SEVEN SPADES EIGHT,0.2628,0.2692,0.468
SPADES QUEEN DIAMONDS SEVEN,0.3958,0.0132,0.591
CLUBS EIGHT CLUBS TWO,0.2894,0.4552,0.2554
SPADES THREE HEARTS KING,0.2674,0.0272,0.7054
DIAMONDS KING CLUBS ACE,0.3534,0.0042,0.6424
SPADES NINE CLUBS ACE,0.3484,0.0042,0.6474
CLUBS EIGHT SPADES TEN,0.2724,0.0744,0.6532
DIAMONDS ACE DIAMONDS JACK,0.3464,0.0052,0.6484
SPADES TEN DIAMONDS NINE,0.346,0.0228,0.6312
SPADES EIGHT HEARTS QUEEN,0.244,0.047,0.709
SPADES FIVE DIAMONDS TEN,0.389,0.026,0.585
SPADES EIGHT SPADES THREE,0.0686,0.8636,0.0678
CLUBS EIGHT SPADES FIVE,0.2582,0.4174,0.3244
HEARTS FOUR HEARTS TEN,0.3368,0.0258,0.6374
SPADES JACK DIAMONDS SIX,0.3936,0.0182,0.5882
DIAMONDS EIGHT HEARTS QUEEN,0.2572,0.0472,0.6956
DIAMONDS THREE SPADES QUEEN,0.2898,0.041,0.6692
DIAMONDS TWO SPADES FIVE,0.5732,0.0732,0.3536
SPADES FOUR DIAMONDS NINE,0.4086,0.043,0.5484
SPADES EIGHT HEARTS NINE,0.238,0.1034,0.6586
CLUBS SEVEN SPADES FOUR,0.5622,0.062,0.3758
HEARTS FOUR CLUBS SEVEN,0.537,0.0682,0.3948
DIAMONDS FIVE DIAMONDS FOUR,0.5036,0.0648,0.4316
DIAMONDS EIGHT DIAMONDS FOUR,0.2396,0.457,0.3034
SPADES SIX CLUBS THREE,0.618,0.129,0.253
DIAMONDS FIVE CLUBS QUEEN,0.398,0.014,0.588
SPADES QUEEN CLUBS FIVE,0.3854,0.012,0.6026
SPADES SIX CLUBS KING,0.3906,0.0068,0.6026
SPADES FOUR HEARTS QUEEN,0.3958,0.0144,0.5898
HEARTS KING CLUBS QUEEN,0.347,0.0074,0.6456
DIAMONDS ACE CLUBS FIVE,0.387,0.0036,0.6094
HEARTS SIX DIAMONDS FOUR,0.5394,0.0688,0.3918
CLUBS SIX SPADES FIVE,0.5348,0.0584,0.4068
SPADES NINE SPADES SEVEN,0.3434,0.036,0.6206
DIAMONDS JACK DIAMONDS SEVEN,0.361,0.017,0.622
HEARTS TWO SPADES TWO,0.3806,0.1104,0.509
DIAMONDS TEN SPADES TWO,0.426,0.0298,0.5442
HEARTS FIVE CLUBS EIGHT,0.2424,0.422,0.3356
SPADES SEVEN SPADES FIVE,0.4998,0.0622,0.438
HEARTS TWO SPADES FIVE,0.5734,0.0668,0.3598
DIAMONDS JACK HEARTS TEN,0.3324,0.0142,0.6534
SPADES ACE HEARTS FIVE,0.3816,0.0056,0.6128
HEARTS SIX SPADES SIX,0.2856,0.0848,0.6296
SPADES TEN DIAMONDS SIX,0.3868,0.0248,0.5884
DIAMONDS QUEEN DIAMONDS SIX,0.3718,0.0112,0.617
HEARTS KING CLUBS KING,0.1552,0.018,0.8268
SPADES TEN SPADES SEVEN,0.3572,0.0262,0.6166
CLUBS NINE HEARTS ACE,0.3462,0.006,0.6478
CLUBS NINE DIAMONDS JACK,0.3478,0.017,0.6352
SPADES JACK CLUBS FIVE,0.3998,0.017,0.5832
CLUBS THREE CLUBS ACE,0.275,0.0142,0.7108
SPADES FIVE CLUBS ACE,0.38,0.004,0.616
CLUBS SIX SPADES TWO,0.6058,0.0612,0.333
SPADES ACE SPADES FIVE,0.3658,0.0074,0.6268
CLUBS EIGHT DIAMONDS ACE,0.2702,0.0294,0.7004
DIAMONDS QUEEN DIAMONDS EIGHT,0.253,0.052,0.695
SPADES KING DIAMONDS FOUR,0.4016,0.0076,0.5908
CLUBS NINE DIAMONDS EIGHT,0.2838,0.0926,0.6236
SPADES QUEEN HEARTS ACE,0.3578,0.0056,0.6366
CLUBS SIX SPADES FOUR,0.5428,0.0652,0.392
SPADES NINE DIAMONDS SEVEN,0.3668,0.0394,0.5938
CLUBS SIX SPADES THREE,0.6158,0.131,0.2532
CLUBS SEVEN CLUBS THREE,0.5902,0.1218,0.288
CLUBS SEVEN DIAMONDS NINE,0.3556,0.0374,0.607
DIAMONDS ACE CLUBS THREE,0.2864,0.0158,0.6978
SPADES KING CLUBS SIX,0.3926,0.01,0.5974
SPADES JACK DIAMONDS TEN,0.365,0.015,0.62
HEARTS SEVEN SPADES SEVEN,0.2772,0.0852,0.6376
DIAMONDS TEN HEARTS QUEEN,0.34,0.0124,0.6476
CLUBS SEVEN CLUBS QUEEN,0.3816,0.0108,0.6076
DIAMONDS KING SPADES SIX,0.3888,0.0086,0.6026
CLUBS THREE SPADES TWO,0.6142,0.1318,0.254
CLUBS TEN CLUBS EIGHT,0.2494,0.074,0.6766
CLUBS TEN DIAMONDS FOUR,0.4038,0.0276,0.5686
CLUBS EIGHT DIAMONDS SIX,0.2652,0.3394,0.3954
SPADES KING CLUBS QUEEN,0.3726,0.0062,0.6212
SPADES KING SPADES THREE,0.2684,0.025,0.7066
DIAMONDS JACK DIAMONDS FIVE,0.3802,0.0184,0.6014
SPADES NINE HEARTS TEN,0.322,0.023,0.655
DIAMONDS JACK DIAMONDS SIX,0.3738,0.02,0.6062
SPADES KING HEARTS FOUR,0.3814,0.0098,0.6088
DIAMONDS NINE CLUBS ACE,0.3756,0.0052,0.6192
CLUBS QUEEN HEARTS NINE,0.3396,0.0106,0.6498
DIAMONDS SIX CLUBS KING,0.399,0.0072,0.5938
HEARTS ACE HEARTS TEN,0.3008,0.0064,0.6928
SPADES SEVEN CLUBS FOUR,0.5532,0.0666,0.3802
SPADES KING CLUBS NINE,0.3536,0.0088,0.6376
SPADES ACE DIAMONDS JACK,0.3552,0.0044,0.6404
SPADES SIX DIAMONDS EIGHT,0.2584,0.3528,0.3888
HEARTS FIVE HEARTS TEN,0.3376,0.0314,0.631
HEARTS SEVEN HEARTS SIX,0.5168,0.0678,0.4154
SPADES ACE HEARTS TEN,0.3418,0.0052,0.653
SPADES JACK DIAMONDS KING,0.355,0.0062,0.6388
SPADES SIX CLUBS ACE,0.4058,0.004,0.5902
HEARTS SEVEN HEARTS KING,0.3366,0.0094,0.654
CLUBS TEN DIAMONDS FIVE,0.381,0.0274,0.5916
CLUBS NINE HEARTS KING,0.3492,0.0082,0.6426
SPADES ACE CLUBS FOUR,0.399,0.005,0.596
SPADES THREE HEARTS QUEEN,0.2712,0.0398,0.689
SPADES KING DIAMONDS QUEEN,0.3572,0.0052,0.6376
HEARTS FIVE SPADES NINE,0.3766,0.0398,0.5836
CLUBS SEVEN CLUBS ACE,0.367,0.005,0.628
CLUBS SIX CLUBS ACE,0.3554,0.0066,0.638
HEARTS FIVE SPADES FIVE,0.3002,0.0958,0.604
SPADES EIGHT HEARTS KING,0.2612,0.037,0.7018
CLUBS SIX DIAMONDS SEVEN,0.5364,0.0586,0.405
CLUBS ACE DIAMONDS FOUR,0.388,0.0046,0.6074
CLUBS NINE DIAMONDS NINE,0.181,0.057,0.762
HEARTS FOUR HEARTS ACE,0.3398,0.0056,0.6546
SPADES NINE DIAMONDS QUEEN,0.3576,0.0106,0.6318
SPADES FIVE DIAMONDS EIGHT,0.2644,0.4146,0.321
HEARTS FIVE DIAMONDS NINE,0.3582,0.0486,0.5932
CLUBS SIX CLUBS QUEEN,0.3758,0.008,0.6162
DIAMONDS ACE HEARTS KING,0.3554,0.005,0.6396
HEARTS SEVEN DIAMONDS KING,0.3844,0.01,0.6056
CLUBS FIVE SPADES FIVE,0.2838,0.094,0.6222
SPADES THREE DIAMONDS SIX,0.622,0.1304,0.2476
DIAMONDS ACE HEARTS JACK,0.3562,0.0054,0.6384
CLUBS FIVE DIAMONDS FIVE,0.2916,0.087,0.6214
CLUBS TEN DIAMONDS SEVEN,0.3868,0.0244,0.5888
DIAMONDS NINE HEARTS TEN,0.3204,0.0244,0.6552
SPADES SEVEN CLUBS KING,0.407,0.008,0.585
SPADES QUEEN DIAMONDS SIX,0.3974,0.0094,0.5932
HEARTS SEVEN DIAMONDS TEN,0.3786,0.03,0.5914
CLUBS TEN SPADES TWO,0.4312,0.0266,0.5422
SPADES QUEEN SPADES JACK,0.3336,0.0084,0.658
HEARTS KING DIAMONDS FOUR,0.3872,0.0102,0.6026
DIAMONDS THREE CLUBS ACE,0.2842,0.0164,0.6994
SPADES KING SPADES EIGHT,0.2544,0.033,0.7126
DIAMONDS KING SPADES FIVE,0.3894,0.0108,0.5998
CLUBS TEN DIAMONDS KING,0.356,0.0058,0.6382
CLUBS ACE CLUBS QUEEN,0.3458,0.0066,0.6476
DIAMONDS EIGHT HEARTS TEN,0.246,0.0796,0.6744
DIAMONDS QUEEN CLUBS THREE,0.2858,0.0346,0.6796
SPADES TEN CLUBS THREE,0.2804,0.073,0.6466
SPADES EIGHT SPADES FOUR,0.2428,0.4596,0.2976
HEARTS SIX HEARTS KING,0.3368,0.008,0.6552
DIAMONDS JACK HEARTS ACE,0.3504,0.0064,0.6432
DIAMONDS JACK HEARTS QUEEN,0.3328,0.0118,0.6554
HEARTS TWO SPADES SEVEN,0.5984,0.0642,0.3374
CLUBS JACK SPADES TEN,0.349,0.0164,0.6346
DIAMONDS KING DIAMONDS JACK,0.3464,0.0066,0.647
HEARTS ACE DIAMONDS FIVE,0.3646,0.005,0.6304
HEARTS FIVE SPADES TWO,0.5766,0.0648,0.3586
HEARTS SIX CLUBS FIVE,0.527,0.0662,0.4068
SPADES SIX CLUBS QUEEN,0.3962,0.013,0.5908
DIAMONDS THREE CLUBS EIGHT,0.076,0.9028,0.0212
CLUBS JACK SPADES KING,0.3612,0.0058,0.633
HEARTS JACK HEARTS TEN,0.2904,0.0136,0.696
HEARTS QUEEN CLUBS KING,0.3598,0.0068,0.6334
DIAMONDS TWO DIAMONDS JACK,0.4012,0.0184,0.5804
HEARTS SEVEN HEARTS QUEEN,0.3372,0.0138,0.649
HEARTS TWO DIAMONDS NINE,0.4128,0.05,0.5372
SPADES SIX DIAMONDS FOUR,0.5516,0.0696,0.3788
HEARTS SIX DIAMONDS TWO,0.5862,0.069,0.3448
DIAMONDS THREE HEARTS FIVE,0.586,0.143,0.271
HEARTS SIX DIAMONDS NINE,0.3584,0.044,0.5976
HEARTS FOUR CLUBS ACE,0.39,0.0046,0.6054
SPADES KING HEARTS ACE,0.347,0.0062,0.6468
DIAMONDS JACK CLUBS QUEEN,0.3656,0.0138,0.6206
DIAMONDS TWO CLUBS KING,0.4266,0.0086,0.5648
HEARTS SIX CLUBS TWO,0.5996,0.065,0.3354
SPADES ACE CLUBS SIX,0.3918,0.0036,0.6046
HEARTS FOUR CLUBS KING,0.3694,0.0092,0.6214
SPADES FOUR SPADES THREE,0.56,0.1366,0.3034
CLUBS JACK CLUBS FOUR,0.379,0.0196,0.6014
CLUBS TEN DIAMONDS SIX,0.374,0.0268,0.5992
CLUBS TWO CLUBS KING,0.4018,0.0104,0.5878
CLUBS SIX HEARTS NINE,0.3576,0.0382,0.6042
DIAMONDS NINE DIAMONDS SEVEN,0.3408,0.032,0.6272
CLUBS SIX DIAMONDS FOUR,0.55,0.065,0.385
SPADES EIGHT DIAMONDS TEN,0.27,0.0792,0.6508
DIAMONDS TWO SPADES EIGHT,0.297,0.489,0.214
DIAMONDS TWO HEARTS ACE,0.407,0.0074,0.5856
CLUBS SEVEN HEARTS NINE,0.3526,0.0386,0.6088
HEARTS FOUR HEARTS NINE,0.338,0.0444,0.6176
DIAMONDS TWO CLUBS ACE,0.408,0.005,0.587
HEARTS KING HEARTS TEN,0.3066,0.0084,0.685
CLUBS TEN HEARTS FIVE,0.3958,0.029,0.5752
DIAMONDS TEN DIAMONDS FOUR,0.3796,0.0262,0.5942
SPADES THREE HEARTS TEN,0.2672,0.0748,0.658
CLUBS EIGHT CLUBS SEVEN,0.249,0.2592,0.4918
DIAMONDS NINE HEARTS JACK,0.3448,0.0126,0.6426
HEARTS FIVE DIAMONDS KING,0.3894,0.0096,0.601
CLUBS SIX HEARTS JACK,0.3752,0.0186,0.6062
HEARTS FOUR CLUBS FIVE,0.5272,0.0632,0.4096
SPADES TEN CLUBS FIVE,0.3964,0.0244,0.5792
SPADES SEVEN DIAMONDS NINE,0.378,0.0374,0.5846
DIAMONDS ACE SPADES SIX,0.3918,0.0038,0.6044
CLUBS FIVE CLUBS KING,0.3652,0.0082,0.6266
HEARTS FIVE SPADES SEVEN,0.54,0.0584,0.4016
SPADES QUEEN DIAMONDS KING,0.378,0.007,0.615
DIAMONDS TEN CLUBS QUEEN,0.3604,0.01,0.6296
CLUBS JACK HEARTS SIX,0.3864,0.0196,0.594
HEARTS SIX HEARTS QUEEN,0.341,0.0166,0.6424
CLUBS SEVEN SPADES FIVE,0.5462,0.0632,0.3906
HEARTS SIX HEARTS TWO,0.5788,0.0706,0.3506
HEARTS FIVE DIAMONDS FOUR,0.5268,0.0688,0.4044
HEARTS SIX SPADES TWO,0.5976,0.0634,0.339
CLUBS NINE DIAMONDS FOUR,0.401,0.0328,0.5662
SPADES SIX DIAMONDS FIVE,0.5326,0.063,0.4044
CLUBS TWO HEARTS ACE,0.404,0.0058,0.5902
DIAMONDS THREE SPADES KING,0.2872,0.028,0.6848
HEARTS QUEEN HEARTS JACK,0.3018,0.0126,0.6856
HEARTS SIX CLUBS SEVEN,0.5202,0.0648,0.415
CLUBS FOUR HEARTS JACK,0.3866,0.0162,0.5972
DIAMONDS TWO SPADES THREE,0.6098,0.1468,0.2434
CLUBS JACK HEARTS SEVEN,0.3726,0.0172,0.6102
DIAMONDS QUEEN HEARTS QUEEN,0.1584,0.0268,0.8148
SPADES KING SPADES QUEEN,0.3332,0.0054,0.6614
SPADES QUEEN HEARTS TEN,0.3384,0.012,0.6496
CLUBS SEVEN CLUBS KING,0.3736,0.0096,0.6168
CLUBS EIGHT CLUBS FOUR,0.2582,0.4418,0.3
HEARTS TWO CLUBS SIX,0.5942,0.0694,0.3364
HEARTS SEVEN SPADES KING,0.3762,0.0078,0.616
DIAMONDS NINE HEARTS QUEEN,0.3588,0.0118,0.6294
DIAMONDS ACE DIAMONDS FIVE,0.3594,0.0044,0.6362
DIAMONDS ACE HEARTS ACE,0.1546,0.0048,0.8406
SPADES FIVE DIAMONDS SIX,0.5404,0.064,0.3956
CLUBS EIGHT HEARTS TWO,0.2818,0.5074,0.2108
DIAMONDS TWO DIAMONDS EIGHT,0.2768,0.4758,0.2474
HEARTS SEVEN DIAMONDS FIVE,0.5276,0.0666,0.4058
SPADES ACE CLUBS TWO,0.4202,0.0052,0.5746
SPADES ACE HEARTS KING,0.3552,0.0056,0.6392
CLUBS FOUR SPADES SIX,0.5482,0.0558,0.396
CLUBS SIX DIAMONDS KING,0.3888,0.006,0.6052
SPADES NINE DIAMONDS ACE,0.3778,0.0052,0.617
SPADES FOUR DIAMONDS EIGHT,0.2576,0.4838,0.2586
DIAMONDS THREE SPADES TWO,0.6168,0.1424,0.2408
SPADES JACK CLUBS ACE,0.371,0.0032,0.6258
CLUBS SEVEN CLUBS TWO,0.5638,0.068,0.3682
HEARTS SEVEN SPADES THREE,0.6284,0.1312,0.2404
SPADES SEVEN HEARTS NINE,0.3408,0.04,0.6192
HEARTS FIVE HEARTS NINE,0.3196,0.0472,0.6332
SPADES TWO DIAMONDS SIX,0.597,0.0704,0.3326
CLUBS TEN DIAMONDS QUEEN,0.351,0.0102,0.6388
SPADES QUEEN HEARTS TWO,0.4078,0.0126,0.5796
CLUBS KING CLUBS QUEEN,0.3456,0.0072,0.6472
HEARTS TWO HEARTS KING,0.3684,0.0114,0.6202
CLUBS THREE HEARTS ACE,0.2628,0.0132,0.724
HEARTS TWO DIAMONDS JACK,0.4158,0.0204,0.5638
DIAMONDS TWO DIAMONDS ACE,0.3954,0.0058,0.5988
HEARTS SIX SPADES NINE,0.3494,0.041,0.6096
SPADES JACK DIAMONDS JACK,0.1792,0.0388,0.782
HEARTS ACE DIAMONDS SEVEN,0.3756,0.0034,0.621
CLUBS SEVEN DIAMONDS ACE,0.3808,0.0052,0.614
SPADES QUEEN HEARTS QUEEN,0.1614,0.0306,0.808
DIAMONDS JACK DIAMONDS FOUR,0.374,0.0198,0.6062
HEARTS SEVEN HEARTS TEN,0.3126,0.0282,0.6592
SPADES JACK DIAMONDS FIVE,0.3886,0.018,0.5934
SPADES KING SPADES FIVE,0.3702,0.0094,0.6204
DIAMONDS THREE HEARTS JACK,0.267,0.0528,0.6802
CLUBS THREE DIAMONDS EIGHT,0.0762,0.9026,0.0212
CLUBS THREE HEARTS KING,0.2684,0.0248,0.7068
SPADES SIX SPADES FOUR,0.5074,0.0646,0.428
DIAMONDS NINE SPADES THREE,0.2852,0.0966,0.6182
HEARTS SEVEN SPADES EIGHT,0.249,0.286,0.465
DIAMONDS QUEEN SPADES FIVE,0.391,0.012,0.597
CLUBS TEN DIAMONDS JACK,0.347,0.0134,0.6396
CLUBS FIVE HEARTS ACE,0.361,0.0058,0.6332
DIAMONDS ACE SPADES FIVE,0.3912,0.0032,0.6056
DIAMONDS TEN DIAMONDS NINE,0.3266,0.0214,0.652
DIAMONDS KING HEARTS ACE,0.3496,0.0058,0.6446
CLUBS EIGHT HEARTS JACK,0.2576,0.057,0.6854
HEARTS SEVEN SPADES NINE,0.3514,0.0434,0.6052
SPADES TEN CLUBS SIX,0.3788,0.0262,0.595
HEARTS SEVEN CLUBS FOUR,0.557,0.0598,0.3832
SPADES ACE HEARTS SIX,0.3808,0.006,0.6132
SPADES QUEEN SPADES SIX,0.37,0.0124,0.6176
DIAMONDS QUEEN CLUBS QUEEN,0.1728,0.0246,0.8026
SPADES FIVE DIAMONDS NINE,0.39,0.037,0.573
SPADES KING CLUBS SEVEN,0.3888,0.007,0.6042
CLUBS JACK DIAMONDS FIVE,0.3976,0.0162,0.5862
SPADES QUEEN DIAMONDS NINE,0.3586,0.011,0.6304
SPADES JACK CLUBS KING,0.3576,0.01,0.6324
DIAMONDS JACK DIAMONDS NINE,0.3236,0.0118,0.6646
HEARTS ACE HEARTS QUEEN,0.3156,0.0052,0.6792
HEARTS FOUR HEARTS QUEEN,0.3336,0.0126,0.6538
SPADES KING CLUBS FIVE,0.3966,0.008,0.5954
CLUBS SIX CLUBS TWO,0.5552,0.0614,0.3834
CLUBS FOUR DIAMONDS EIGHT,0.2652,0.4726,0.2622
CLUBS FIVE HEARTS QUEEN,0.383,0.0124,0.6046
CLUBS EIGHT DIAMONDS EIGHT,0.1264,0.0788,0.7948
DIAMONDS THREE CLUBS TEN,0.2794,0.076,0.6446
SPADES SEVEN CLUBS ACE,0.3892,0.0046,0.6062
DIAMONDS NINE CLUBS QUEEN,0.3598,0.0102,0.63
SPADES TEN SPADES NINE,0.321,0.0212,0.6578
HEARTS TWO HEARTS NINE,0.3706,0.044,0.5854
CLUBS SEVEN DIAMONDS SIX,0.5352,0.0672,0.3976
CLUBS JACK DIAMONDS EIGHT,0.2774,0.0612,0.6614
CLUBS TEN DIAMONDS ACE,0.3746,0.0044,0.621
SPADES TEN DIAMONDS SEVEN,0.3698,0.0232,0.607
CLUBS ACE HEARTS NINE,0.3596,0.0048,0.6356
DIAMONDS TEN DIAMONDS EIGHT,0.242,0.0722,0.6858
CLUBS JACK SPADES EIGHT,0.2726,0.055,0.6724
SPADES FOUR HEARTS NINE,0.377,0.0454,0.5776
CLUBS SEVEN HEARTS KING,0.3738,0.0072,0.619
SPADES NINE HEARTS ACE,0.341,0.0044,0.6546
CLUBS SIX DIAMONDS ACE,0.3896,0.0032,0.6072
DIAMONDS TWO CLUBS SIX,0.5878,0.0612,0.351
HEARTS SIX SPADES JACK,0.3848,0.0172,0.598
CLUBS JACK HEARTS TEN,0.3466,0.0138,0.6396
CLUBS EIGHT HEARTS FOUR,0.2452,0.4848,0.27
HEARTS FOUR SPADES FIVE,0.5336,0.069,0.3974
DIAMONDS NINE HEARTS NINE,0.1656,0.054,0.7804
HEARTS FOUR SPADES SEVEN,0.5564,0.0622,0.3814
CLUBS FIVE HEARTS TEN,0.381,0.0286,0.5904
SPADES QUEEN HEARTS FIVE,0.3882,0.0126,0.5992
CLUBS FOUR CLUBS QUEEN,0.3654,0.0114,0.6232
HEARTS FOUR SPADES THREE,0.5962,0.1506,0.2532
HEARTS SIX SPADES FOUR,0.5332,0.0582,0.4086
CLUBS NINE DIAMONDS TEN,0.3382,0.0228,0.639
SPADES JACK HEARTS FOUR,0.398,0.0196,0.5824
SPADES TEN DIAMONDS TEN,0.179,0.0498,0.7712
DIAMONDS THREE DIAMONDS FIVE,0.5626,0.1344,0.303
SPADES ACE CLUBS TEN,0.3542,0.0038,0.642
DIAMONDS THREE SPADES THREE,0.3014,0.0692,0.6294
CLUBS TEN CLUBS THREE,0.2714,0.0722,0.6564
CLUBS TWO HEARTS KING,0.4312,0.0122,0.5566
HEARTS ACE DIAMONDS SIX,0.3774,0.0052,0.6174
DIAMONDS SIX DIAMONDS FIVE,0.4998,0.0576,0.4426
SPADES EIGHT CLUBS KING,0.2704,0.042,0.6876
DIAMONDS TWO CLUBS EIGHT,0.3084,0.4894,0.2022
CLUBS FOUR HEARTS TEN,0.3694,0.0252,0.6054
HEARTS SEVEN CLUBS FIVE,0.5466,0.0604,0.393
DIAMONDS ACE CLUBS FOUR,0.3952,0.0054,0.5994
DIAMONDS TEN HEARTS JACK,0.337,0.016,0.647
SPADES ACE CLUBS FIVE,0.3872,0.0038,0.609
SPADES SEVEN HEARTS KING,0.3822,0.0066,0.6112
DIAMONDS QUEEN CLUBS KING,0.3828,0.0072,0.61
CLUBS FOUR DIAMONDS JACK,0.3866,0.0172,0.5962
CLUBS THREE HEARTS QUEEN,0.2774,0.0356,0.687
SPADES EIGHT SPADES TWO,0.2778,0.4556,0.2666
DIAMONDS ACE SPADES EIGHT,0.266,0.028,0.706
SPADES FOUR HEARTS JACK,0.3702,0.0188,0.611
SPADES SEVEN DIAMONDS JACK,0.3942,0.0174,0.5884
SPADES TWO HEARTS TEN,0.4058,0.0264,0.5678
DIAMONDS SEVEN HEARTS JACK,0.3664,0.0198,0.6138
SPADES QUEEN CLUBS FOUR,0.385,0.0126,0.6024
DIAMONDS SEVEN CLUBS QUEEN,0.4062,0.01,0.5838
SPADES QUEEN HEARTS KING,0.3454,0.0072,0.6474
SPADES TEN HEARTS ACE,0.3452,0.0056,0.6492
DIAMONDS TWO CLUBS QUEEN,0.429,0.0134,0.5576
SPADES ACE SPADES TEN,0.3388,0.0048,0.6564
CLUBS THREE CLUBS QUEEN,0.2756,0.0382,0.6862
CLUBS NINE CLUBS SEVEN,0.3236,0.0436,0.6328
SPADES QUEEN SPADES TEN,0.3246,0.0088,0.6666
DIAMONDS EIGHT CLUBS QUEEN,0.2768,0.0424,0.6808
DIAMONDS TEN DIAMONDS SEVEN,0.3484,0.0264,0.6252
SPADES ACE DIAMONDS FOUR,0.3756,0.0048,0.6196
SPADES QUEEN SPADES NINE,0.3308,0.0144,0.6548
DIAMONDS NINE SPADES TWO,0.437,0.0432,0.5198
SPADES NINE CLUBS THREE,0.273,0.1044,0.6226
SPADES FOUR CLUBS ACE,0.3842,0.0038,0.612
CLUBS EIGHT CLUBS KING,0.2622,0.0332,0.7046
SPADES EIGHT DIAMONDS SEVEN,0.2578,0.2798,0.4624
HEARTS SEVEN HEARTS ACE,0.3336,0.0046,0.6618
HEARTS TWO CLUBS QUEEN,0.4172,0.0124,0.5704
HEARTS SIX HEARTS ACE,0.3252,0.005,0.6698
HEARTS SIX DIAMONDS EIGHT,0.262,0.3506,0.3874
SPADES THREE SPADES TWO,0.5738,0.1372,0.289
CLUBS THREE HEARTS JACK,0.2762,0.056,0.6678
HEARTS SEVEN HEARTS FIVE,0.542,0.0682,0.3898
HEARTS SEVEN DIAMONDS SIX,0.5342,0.0608,0.405
CLUBS NINE DIAMONDS ACE,0.3714,0.0034,0.6252
CLUBS SIX DIAMONDS NINE,0.3732,0.037,0.5898
CLUBS FIVE SPADES TWO,0.5756,0.0688,0.3556
SPADES NINE CLUBS TWO,0.433,0.0394,0.5276
HEARTS FIVE SPADES TEN,0.3816,0.027,0.5914
SPADES KING DIAMONDS TEN,0.3736,0.0058,0.6206
SPADES QUEEN DIAMONDS JACK,0.3564,0.0108,0.6328
HEARTS TWO CLUBS THREE,0.6106,0.143,0.2464
CLUBS EIGHT HEARTS NINE,0.2442,0.101,0.6548
CLUBS JACK SPADES THREE,0.2784,0.0504,0.6712
DIAMONDS QUEEN SPADES THREE,0.2926,0.0404,0.667
HEARTS TWO SPADES EIGHT,0.286,0.513,0.201
SPADES SEVEN SPADES TWO,0.578,0.0624,0.3596
DIAMONDS KING DIAMONDS QUEEN,0.3406,0.0088,0.6506
CLUBS TEN HEARTS FOUR,0.384,0.0288,0.5872
DIAMONDS ACE DIAMONDS KING,0.338,0.0058,0.6562
SPADES KING DIAMONDS EIGHT,0.2664,0.0394,0.6942
SPADES TEN CLUBS ACE,0.3664,0.0062,0.6274
DIAMONDS TEN DIAMONDS FIVE,0.3702,0.0254,0.6044
CLUBS NINE CLUBS EIGHT,0.2582,0.0986,0.6432
CLUBS FOUR HEARTS KING,0.384,0.0096,0.6064
DIAMONDS NINE DIAMONDS SIX,0.3572,0.0402,0.6026
DIAMONDS JACK SPADES FOUR,0.395,0.0182,0.5868
SPADES SEVEN DIAMONDS SEVEN,0.2864,0.0838,0.6298
SPADES JACK HEARTS TEN,0.3372,0.0136,0.6492
DIAMONDS TWO HEARTS FOUR,0.5782,0.0688,0.353
SPADES THREE HEARTS NINE,0.2624,0.1038,0.6338
DIAMONDS SEVEN CLUBS ACE,0.387,0.0046,0.6084
SPADES QUEEN SPADES SEVEN,0.3772,0.0144,0.6084
DIAMONDS THREE SPADES FIVE,0.5918,0.1378,0.2704
SPADES EIGHT DIAMONDS EIGHT,0.128,0.0886,0.7834
CLUBS EIGHT DIAMONDS QUEEN,0.2812,0.0428,0.676
HEARTS TWO DIAMONDS SIX,0.5952,0.0662,0.3386
HEARTS SEVEN CLUBS NINE,0.361,0.043,0.596
SPADES EIGHT SPADES FIVE,0.2432,0.3956,0.3612
CLUBS KING HEARTS TEN,0.3512,0.0054,0.6434
HEARTS SEVEN SPADES SIX,0.538,0.067,0.395
HEARTS FIVE SPADES JACK,0.378,0.019,0.603
SPADES KING CLUBS TEN,0.3626,0.0078,0.6296
SPADES QUEEN SPADES EIGHT,0.2534,0.0458,0.7008
SPADES SIX HEARTS KING,0.3738,0.0098,0.6164
DIAMONDS TEN HEARTS TEN,0.1614,0.0522,0.7864
SPADES FOUR DIAMONDS SIX,0.5562,0.06,0.3838
CLUBS JACK HEARTS FIVE,0.3778,0.0226,0.5996
HEARTS FOUR DIAMONDS SIX,0.5384,0.0662,0.3954
SPADES ACE HEARTS FOUR,0.378,0.0048,0.6172
SPADES KING CLUBS FOUR,0.3864,0.01,0.6036
CLUBS FOUR SPADES FIVE,0.5364,0.064,0.3996
DIAMONDS TWO CLUBS THREE,0.6152,0.1416,0.2432
DIAMONDS JACK HEARTS KING,0.3468,0.0078,0.6454
SPADES JACK SPADES FIVE,0.378,0.0194,0.6026
SPADES JACK HEARTS NINE,0.3432,0.0172,0.6396
SPADES KING HEARTS TWO,0.4144,0.0096,0.576
CLUBS JACK HEARTS NINE,0.3294,0.0158,0.6548
HEARTS JACK CLUBS KING,0.3526,0.0082,0.6392
DIAMONDS KING CLUBS FOUR,0.384,0.0088,0.6072
DIAMONDS ACE HEARTS QUEEN,0.362,0.007,0.631
CLUBS SIX DIAMONDS EIGHT,0.2608,0.3432,0.396
DIAMONDS QUEEN HEARTS KING,0.3468,0.0048,0.6484
SPADES ACE SPADES THREE,0.2646,0.0146,0.7208
CLUBS SEVEN HEARTS JACK,0.3672,0.0176,0.6152
HEARTS SIX SPADES THREE,0.6128,0.1318,0.2554
DIAMONDS EIGHT DIAMONDS FIVE,0.2514,0.3918,0.3568
CLUBS TWO HEARTS TEN,0.4224,0.0304,0.5472
SPADES QUEEN SPADES FOUR,0.3776,0.0122,0.6102
SPADES NINE DIAMONDS TEN,0.3374,0.0242,0.6384
DIAMONDS TEN HEARTS NINE,0.327,0.0254,0.6476
SPADES TEN DIAMONDS FOUR,0.4106,0.0302,0.5592
SPADES TWO DIAMONDS SEVEN,0.6136,0.0644,0.322
HEARTS TWO DIAMONDS KING,0.4114,0.0096,0.579
CLUBS THREE SPADES FIVE,0.6092,0.1396,0.2512
CLUBS FIVE DIAMONDS JACK,0.3898,0.0156,0.5946
CLUBS NINE CLUBS TWO,0.3938,0.0412,0.565
DIAMONDS THREE DIAMONDS TWO,0.571,0.1434,0.2856
CLUBS SIX SPADES SIX,0.282,0.093,0.625
HEARTS SEVEN CLUBS THREE,0.6174,0.1478,0.2348
HEARTS FIVE CLUBS SIX,0.5468,0.0614,0.3918
CLUBS SIX HEARTS QUEEN,0.3674,0.0122,0.6204
HEARTS KING DIAMONDS FIVE,0.3806,0.0096,0.6098
HEARTS SIX HEARTS TEN,0.3266,0.031,0.6424
SPADES QUEEN CLUBS SEVEN,0.4046,0.0098,0.5856
SPADES ACE DIAMONDS THREE,0.286,0.0172,0.6968
CLUBS SEVEN DIAMONDS FIVE,0.548,0.066,0.386
CLUBS FOUR HEARTS QUEEN,0.3886,0.0132,0.5982
CLUBS NINE SPADES THREE,0.28,0.1018,0.6182
CLUBS TEN CLUBS QUEEN,0.3312,0.0064,0.6624
SPADES EIGHT CLUBS THREE,0.0696,0.9084,0.022
SPADES JACK HEARTS JACK,0.1626,0.0342,0.8032
CLUBS SIX SPADES SEVEN,0.5378,0.0578,0.4044
CLUBS EIGHT CLUBS SIX,0.237,0.326,0.437
SPADES EIGHT DIAMONDS SIX,0.2704,0.354,0.3756
SPADES FIVE CLUBS KING,0.3926,0.0086,0.5988
HEARTS SEVEN HEARTS FOUR,0.5468,0.0658,0.3874
HEARTS FIVE HEARTS TWO,0.566,0.0676,0.3664
HEARTS SIX SPADES SEVEN,0.5146,0.059,0.4264
HEARTS FIVE HEARTS JACK,0.3306,0.019,0.6504
SPADES JACK SPADES SEVEN,0.3666,0.0168,0.6166
CLUBS TWO HEARTS NINE,0.4032,0.0442,0.5526
HEARTS TWO CLUBS KING,0.4274,0.009,0.5636
CLUBS SIX CLUBS FIVE,0.5002,0.0624,0.4374
SPADES ACE SPADES JACK,0.3316,0.006,0.6624
DIAMONDS ACE CLUBS KING,0.3842,0.005,0.6108
CLUBS SEVEN CLUBS FOUR,0.519,0.0668,0.4142
SPADES KING DIAMONDS KING,0.1666,0.0148,0.8186
DIAMONDS ACE CLUBS ACE,0.1762,0.0024,0.8214
SPADES SEVEN SPADES THREE,0.587,0.1264,0.2866
CLUBS TEN CLUBS SEVEN,0.359,0.024,0.617
HEARTS JACK DIAMONDS SIX,0.3926,0.0174,0.59
SPADES SEVEN CLUBS TWO,0.5952,0.068,0.3368
CLUBS THREE CLUBS KING,0.2658,0.0268,0.7074
CLUBS NINE DIAMONDS SIX,0.3622,0.0416,0.5962
HEARTS SEVEN DIAMONDS FOUR,0.5514,0.07,0.3786
SPADES NINE SPADES SIX,0.3504,0.0388,0.6108
HEARTS FIVE HEARTS QUEEN,0.3366,0.0156,0.6478
HEARTS SEVEN DIAMONDS ACE,0.3836,0.005,0.6114
CLUBS SEVEN SPADES TWO,0.5988,0.073,0.3282
SPADES JACK CLUBS THREE,0.3012,0.0508,0.648
HEARTS FIVE HEARTS FOUR,0.5208,0.0646,0.4146
DIAMONDS KING DIAMONDS FOUR,0.3734,0.008,0.6186
CLUBS TEN HEARTS ACE,0.3482,0.003,0.6488
CLUBS FIVE DIAMONDS KING,0.3884,0.0074,0.6042
HEARTS SIX SPADES FIVE,0.5282,0.0576,0.4142
DIAMONDS SEVEN DIAMONDS FIVE,0.5132,0.0608,0.426
CLUBS SIX CLUBS THREE,0.585,0.1282,0.2868
CLUBS FIVE CLUBS THREE,0.5648,0.1266,0.3086
SPADES JACK DIAMONDS EIGHT,0.271,0.0608,0.6682
HEARTS FIVE SPADES EIGHT,0.2524,0.4144,0.3332
HEARTS SIX CLUBS QUEEN,0.388,0.0114,0.6006
DIAMONDS KING DIAMONDS SEVEN,0.3798,0.0062,0.614
DIAMONDS TWO SPADES JACK,0.428,0.0198,0.5522
DIAMONDS THREE SPADES JACK,0.287,0.0546,0.6584
HEARTS SIX CLUBS KING,0.3792,0.0072,0.6136
HEARTS SEVEN SPADES TEN,0.3588,0.0286,0.6126
HEARTS FIVE SPADES THREE,0.5958,0.141,0.2632
SPADES TEN DIAMONDS KING,0.3622,0.0066,0.6312
CLUBS TWO DIAMONDS EIGHT,0.2924,0.4936,0.214
HEARTS SEVEN CLUBS KING,0.395,0.007,0.598
HEARTS FIVE CLUBS THREE,0.5898,0.1314,0.2788
DIAMONDS THREE DIAMONDS QUEEN,0.2664,0.043,0.6906
CLUBS NINE SPADES TEN,0.348,0.0254,0.6266
SPADES NINE HEARTS KING,0.3494,0.0072,0.6434
DIAMONDS KING DIAMONDS NINE,0.3402,0.007,0.6528
SPADES NINE HEARTS NINE,0.1666,0.052,0.7814
HEARTS FIVE DIAMONDS SEVEN,0.5308,0.0624,0.4068
HEARTS FOUR DIAMONDS EIGHT,0.2576,0.4792,0.2632
DIAMONDS TWO SPADES TEN,0.4326,0.0324,0.535
DIAMONDS KING SPADES THREE,0.2922,0.0272,0.6806
HEARTS SIX CLUBS EIGHT,0.2536,0.364,0.3824
