opposingHand,winningChance,drawChance,lostChance
HEARTS EIGHT HEARTS SEVEN
HEARTS FOUR CLUBS EIGHT,0.5046,0.2786,0.2168
DIAMONDS KING DIAMONDS FOUR,0.4402,0.006,0.5538
HEARTS ACE HEARTS NINE,0.3644,0.0048,0.6308
HEARTS QUEEN HEARTS NINE,0.3574,0.0104,0.6322
CLUBS SIX SPADES SEVEN,0.6328,0.1384,0.2288
DIAMONDS THREE CLUBS SEVEN,0.6602,0.1356,0.2042
HEARTS FOUR HEARTS ACE,0.4108,0.006,0.5832
DIAMONDS NINE HEARTS TEN,0.3756,0.0212,0.6032
CLUBS SEVEN SPADES FOUR,0.6434,0.132,0.2246
CLUBS FOUR DIAMONDS SEVEN,0.6296,0.1356,0.2348
HEARTS FOUR DIAMONDS QUEEN,0.4652,0.0124,0.5224
DIAMONDS THREE SPADES TEN,0.4898,0.0236,0.4866
CLUBS FOUR HEARTS QUEEN,0.462,0.0138,0.5242
DIAMONDS ACE SPADES SIX,0.4618,0.003,0.5352
CLUBS TEN CLUBS KING,0.3806,0.0074,0.612
CLUBS TEN DIAMONDS JACK,0.3852,0.0134,0.6014
DIAMONDS THREE DIAMONDS KING,0.4358,0.0062,0.558
CLUBS THREE HEARTS JACK,0.4702,0.0194,0.5104
HEARTS SIX SPADES JACK,0.4476,0.0164,0.536
DIAMONDS TWO DIAMONDS ACE,0.442,0.005,0.553
SPADES QUEEN SPADES THREE,0.4506,0.0106,0.5388
CLUBS TEN SPADES SEVEN,0.3046,0.0776,0.6178
CLUBS TEN CLUBS QUEEN,0.3658,0.011,0.6232
SPADES ACE HEARTS TEN,0.3894,0.0042,0.6064
HEARTS FIVE HEARTS NINE,0.406,0.0426,0.5514
CLUBS THREE CLUBS QUEEN,0.449,0.0092,0.5418
SPADES ACE HEARTS ACE,0.2204,0.0028,0.7768
SPADES NINE CLUBS FIVE,0.459,0.0366,0.5044
DIAMONDS TWO CLUBS THREE,0.655,0.0536,0.2914
SPADES TEN DIAMONDS JACK,0.3958,0.0134,0.5908
SPADES ACE DIAMONDS TEN,0.4114,0.0066,0.582
HEARTS ACE DIAMONDS NINE,0.4014,0.0042,0.5944
CLUBS SIX HEARTS QUEEN,0.4504,0.0116,0.538
SPADES SEVEN DIAMONDS JACK,0.3192,0.053,0.6278
CLUBS FOUR CLUBS TWO,0.6092,0.0562,0.3346
SPADES KING DIAMONDS JACK,0.4102,0.0068,0.583
SPADES FIVE SPADES THREE,0.5852,0.0558,0.359
CLUBS JACK SPADES FOUR,0.4756,0.0168,0.5076
HEARTS FOUR CLUBS FOUR,0.4402,0.084,0.4758
SPADES KING SPADES SIX,0.41,0.0094,0.5806
SPADES ACE CLUBS TEN,0.4088,0.004,0.5872
HEARTS THREE CLUBS THREE,0.4544,0.0836,0.462
SPADES QUEEN DIAMONDS FOUR,0.4584,0.0098,0.5318
HEARTS FOUR DIAMONDS KING,0.4596,0.0094,0.531
SPADES SEVEN SPADES SIX,0.5998,0.1336,0.2666
SPADES FOUR HEARTS JACK,0.4658,0.0148,0.5194
HEARTS FOUR SPADES THREE,0.6092,0.0644,0.3264
DIAMONDS THREE HEARTS JACK,0.4748,0.0174,0.5078
SPADES TEN DIAMONDS FIVE,0.467,0.0232,0.5098
HEARTS SIX HEARTS JACK,0.4164,0.0206,0.563
HEARTS ACE HEARTS QUEEN,0.3686,0.0054,0.626
SPADES KING SPADES JACK,0.3842,0.0056,0.6102
CLUBS TEN SPADES JACK,0.3734,0.014,0.6126
HEARTS FIVE HEARTS TEN,0.4252,0.0294,0.5454
CLUBS JACK CLUBS FOUR,0.4476,0.014,0.5384
DIAMONDS FIVE HEARTS NINE,0.4476,0.0406,0.5118
CLUBS SIX SPADES TWO,0.6612,0.0546,0.2842
DIAMONDS KING HEARTS ACE,0.4058,0.0034,0.5908
CLUBS FIVE DIAMONDS NINE,0.4704,0.0364,0.4932
DIAMONDS JACK DIAMONDS SIX,0.437,0.0168,0.5462
CLUBS JACK HEARTS JACK,0.2058,0.0416,0.7526
DIAMONDS NINE DIAMONDS EIGHT,0.2898,0.0948,0.6154
DIAMONDS JACK HEARTS NINE,0.379,0.0178,0.6032
DIAMONDS TWO HEARTS FOUR,0.6224,0.0608,0.3168
HEARTS FIVE DIAMONDS TEN,0.4638,0.0312,0.505
HEARTS THREE DIAMONDS EIGHT,0.5084,0.281,0.2106
SPADES EIGHT CLUBS THREE,0.5208,0.2714,0.2078
CLUBS JACK DIAMONDS TWO,0.4788,0.018,0.5032
SPADES TEN HEARTS TEN,0.2076,0.0526,0.7398
SPADES SEVEN CLUBS TWO,0.6488,0.1458,0.2054
SPADES FOUR CLUBS KING,0.4596,0.009,0.5314
CLUBS JACK HEARTS FIVE,0.4544,0.0182,0.5274
DIAMONDS ACE SPADES EIGHT,0.3316,0.0246,0.6438
DIAMONDS QUEEN DIAMONDS JACK,0.3642,0.011,0.6248
SPADES KING DIAMONDS TWO,0.4776,0.0076,0.5148
SPADES JACK DIAMONDS SEVEN,0.3194,0.054,0.6266
DIAMONDS TWO CLUBS TWO,0.4574,0.0828,0.4598
HEARTS QUEEN CLUBS QUEEN,0.2142,0.0252,0.7606
HEARTS JACK CLUBS KING,0.3832,0.0084,0.6084
SPADES SIX HEARTS NINE,0.4232,0.037,0.5398
DIAMONDS KING DIAMONDS EIGHT,0.3192,0.0306,0.6502
SPADES KING DIAMONDS FOUR,0.4598,0.0082,0.532
HEARTS THREE HEARTS JACK,0.4348,0.0166,0.5486
DIAMONDS KING HEARTS QUEEN,0.3856,0.0056,0.6088
DIAMONDS THREE DIAMONDS ACE,0.4532,0.0028,0.544
HEARTS THREE CLUBS ACE,0.4682,0.0046,0.5272
HEARTS JACK CLUBS QUEEN,0.382,0.0118,0.6062
DIAMONDS THREE CLUBS TWO,0.655,0.0578,0.2872
DIAMONDS THREE HEARTS TWO,0.6444,0.0638,0.2918
SPADES SEVEN HEARTS JACK,0.3102,0.0494,0.6404
SPADES QUEEN DIAMONDS QUEEN,0.2348,0.0244,0.7408
CLUBS TWO DIAMONDS TEN,0.4916,0.025,0.4834
DIAMONDS EIGHT HEARTS QUEEN,0.297,0.0388,0.6642
SPADES EIGHT HEARTS QUEEN,0.2828,0.045,0.6722
HEARTS SIX DIAMONDS NINE,0.4372,0.0402,0.5226
DIAMONDS TWO SPADES THREE,0.6492,0.0644,0.2864
CLUBS EIGHT DIAMONDS JACK,0.306,0.0584,0.6356
HEARTS QUEEN CLUBS KING,0.3816,0.0052,0.6132
CLUBS JACK SPADES THREE,0.4762,0.0214,0.5024
SPADES ACE HEARTS FIVE,0.4548,0.0056,0.5396
CLUBS FOUR DIAMONDS FOUR,0.4352,0.0834,0.4814
CLUBS FIVE DIAMONDS SIX,0.6148,0.057,0.3282
CLUBS SEVEN CLUBS ACE,0.319,0.02,0.661
CLUBS FOUR DIAMONDS JACK,0.4652,0.0146,0.5202
HEARTS TWO DIAMONDS KING,0.4876,0.0066,0.5058
CLUBS SEVEN DIAMONDS QUEEN,0.325,0.0432,0.6318
DIAMONDS TWO DIAMONDS KING,0.4454,0.0122,0.5424
HEARTS JACK DIAMONDS FIVE,0.4584,0.0156,0.526
SPADES NINE DIAMONDS ACE,0.4178,0.0032,0.579
HEARTS SIX HEARTS FIVE,0.6038,0.0636,0.3326
SPADES JACK CLUBS SIX,0.4566,0.0164,0.527
DIAMONDS EIGHT CLUBS QUEEN,0.3262,0.0488,0.625
DIAMONDS THREE DIAMONDS SIX,0.6156,0.055,0.3294
SPADES TWO DIAMONDS SEVEN,0.6568,0.1392,0.204
SPADES ACE SPADES THREE,0.446,0.0044,0.5496
DIAMONDS EIGHT DIAMONDS FIVE,0.4726,0.2676,0.2598
CLUBS SIX DIAMONDS JACK,0.4662,0.0166,0.5172
SPADES JACK SPADES NINE,0.3594,0.0162,0.6244
SPADES NINE DIAMONDS TEN,0.3762,0.022,0.6018
SPADES KING CLUBS ACE,0.4194,0.0046,0.576
HEARTS ACE CLUBS ACE,0.2234,0.0032,0.7734
CLUBS EIGHT DIAMONDS KING,0.3542,0.03,0.6158
SPADES NINE HEARTS TEN,0.3588,0.0258,0.6154
CLUBS EIGHT DIAMONDS EIGHT,0.184,0.0776,0.7384
HEARTS FOUR SPADES TWO,0.6306,0.062,0.3074
SPADES QUEEN SPADES NINE,0.3922,0.012,0.5958
CLUBS TWO SPADES THREE,0.6422,0.0586,0.2992
DIAMONDS THREE SPADES THREE,0.455,0.0828,0.4622
DIAMONDS THREE DIAMONDS TEN,0.4556,0.0252,0.5192
SPADES KING CLUBS SEVEN,0.3384,0.0278,0.6338
DIAMONDS ACE CLUBS KING,0.4192,0.003,0.5778
CLUBS JACK DIAMONDS QUEEN,0.3986,0.01,0.5914
DIAMONDS ACE CLUBS THREE,0.4844,0.005,0.5106
HEARTS ACE SPADES THREE,0.4604,0.0058,0.5338
SPADES QUEEN HEARTS ACE,0.3912,0.0038,0.605
HEARTS SIX SPADES TEN,0.4574,0.0252,0.5174
CLUBS THREE DIAMONDS EIGHT,0.5122,0.2908,0.197
DIAMONDS SEVEN CLUBS QUEEN,0.331,0.0394,0.6296
DIAMONDS THREE DIAMONDS SEVEN,0.6106,0.1414,0.248
SPADES ACE CLUBS SIX,0.4546,0.0026,0.5428
CLUBS JACK SPADES KING,0.4068,0.0054,0.5878
SPADES QUEEN DIAMONDS EIGHT,0.3262,0.0406,0.6332
HEARTS SIX DIAMONDS FIVE,0.6262,0.061,0.3128
SPADES ACE DIAMONDS SIX,0.4526,0.0052,0.5422
HEARTS FOUR DIAMONDS ACE,0.46,0.0054,0.5346
DIAMONDS THREE CLUBS KING,0.4726,0.009,0.5184
CLUBS NINE HEARTS FOUR,0.4684,0.039,0.4926
CLUBS TEN HEARTS NINE,0.3706,0.0232,0.6062
SPADES EIGHT DIAMONDS TEN,0.3004,0.0738,0.6258
HEARTS KING HEARTS QUEEN,0.3464,0.0056,0.648
CLUBS JACK HEARTS SIX,0.4604,0.0178,0.5218
HEARTS TWO HEARTS ACE,0.4162,0.0054,0.5784
HEARTS KING CLUBS ACE,0.3994,0.004,0.5966
DIAMONDS THREE SPADES EIGHT,0.5192,0.2766,0.2042
CLUBS EIGHT HEARTS JACK,0.3028,0.063,0.6342
HEARTS FOUR HEARTS THREE,0.618,0.0604,0.3216
CLUBS NINE DIAMONDS QUEEN,0.3992,0.0094,0.5914
HEARTS TWO CLUBS ACE,0.4654,0.0064,0.5282
DIAMONDS FIVE CLUBS QUEEN,0.4496,0.013,0.5374
SPADES TEN CLUBS KING,0.4106,0.0068,0.5826
HEARTS TWO DIAMONDS FOUR,0.6338,0.063,0.3032
DIAMONDS TWO CLUBS EIGHT,0.5352,0.2624,0.2024
CLUBS TWO HEARTS QUEEN,0.4786,0.0152,0.5062
HEARTS FIVE HEARTS QUEEN,0.4124,0.013,0.5746
HEARTS TEN HEARTS NINE,0.3204,0.0272,0.6524
CLUBS FIVE DIAMONDS TEN,0.4596,0.03,0.5104
DIAMONDS SEVEN HEARTS NINE,0.2696,0.1012,0.6292
SPADES QUEEN DIAMONDS NINE,0.3876,0.012,0.6004
HEARTS FOUR DIAMONDS FIVE,0.6072,0.0576,0.3352
SPADES QUEEN SPADES TEN,0.3776,0.0098,0.6126
SPADES SEVEN DIAMONDS SEVEN,0.348,0.0662,0.5858
SPADES FIVE DIAMONDS EIGHT,0.5088,0.2698,0.2214
DIAMONDS TWO CLUBS ACE,0.4844,0.0034,0.5122
SPADES ACE HEARTS TWO,0.4736,0.0044,0.522
CLUBS NINE HEARTS ACE,0.3972,0.006,0.5968
CLUBS EIGHT HEARTS THREE,0.516,0.2766,0.2074
CLUBS SEVEN HEARTS TEN,0.3008,0.0702,0.629
HEARTS KING CLUBS KING,0.2162,0.0166,0.7672
SPADES JACK SPADES THREE,0.4524,0.0142,0.5334
SPADES ACE DIAMONDS ACE,0.222,0.0036,0.7744
HEARTS SIX CLUBS THREE,0.6448,0.06,0.2952
CLUBS JACK SPADES SIX,0.4674,0.0196,0.513
SPADES ACE HEARTS QUEEN,0.3978,0.0042,0.598
CLUBS FIVE HEARTS ACE,0.4564,0.0046,0.539
DIAMONDS ACE DIAMONDS TEN,0.3802,0.0046,0.6152
SPADES JACK HEARTS TEN,0.376,0.0156,0.6084
CLUBS SIX HEARTS KING,0.4374,0.007,0.5556
DIAMONDS ACE CLUBS FOUR,0.4526,0.003,0.5444
SPADES EIGHT DIAMONDS QUEEN,0.3236,0.0416,0.6348
DIAMONDS QUEEN HEARTS JACK,0.3872,0.0088,0.604
SPADES FIVE SPADES TWO,0.5972,0.0582,0.3446
HEARTS FIVE SPADES TEN,0.4602,0.0302,0.5096
SPADES FIVE CLUBS QUEEN,0.4656,0.009,0.5254
HEARTS TWO SPADES FIVE,0.6252,0.0558,0.319
DIAMONDS TWO DIAMONDS TEN,0.4612,0.0282,0.5106
SPADES EIGHT SPADES SEVEN,0.0748,0.8572,0.068
CLUBS SEVEN DIAMONDS JACK,0.3184,0.0522,0.6294
SPADES KING CLUBS KING,0.2306,0.0166,0.7528
CLUBS FOUR DIAMONDS SIX,0.6242,0.0616,0.3142
SPADES TEN HEARTS KING,0.3884,0.0082,0.6034
CLUBS TWO HEARTS JACK,0.464,0.0178,0.5182
SPADES TEN SPADES FIVE,0.4368,0.0286,0.5346
HEARTS TWO CLUBS SIX,0.6584,0.0574,0.2842
CLUBS EIGHT CLUBS QUEEN,0.2898,0.043,0.6672
CLUBS EIGHT SPADES FIVE,0.504,0.2762,0.2198
SPADES FOUR SPADES THREE,0.585,0.0594,0.3556
SPADES JACK HEARTS KING,0.3946,0.0064,0.599
SPADES NINE DIAMONDS JACK,0.3962,0.0164,0.5874
DIAMONDS TEN DIAMONDS NINE,0.3506,0.021,0.6284
CLUBS SIX CLUBS THREE,0.6102,0.0594,0.3304
CLUBS EIGHT CLUBS SIX,0.4762,0.2682,0.2556
SPADES NINE DIAMONDS EIGHT,0.2768,0.1108,0.6124
CLUBS THREE DIAMONDS SEVEN,0.6572,0.139,0.2038
HEARTS TWO CLUBS QUEEN,0.471,0.014,0.515
SPADES JACK SPADES SIX,0.4278,0.0176,0.5546
SPADES ACE CLUBS EIGHT,0.323,0.0254,0.6516
SPADES ACE SPADES FIVE,0.434,0.004,0.562
DIAMONDS FIVE DIAMONDS FOUR,0.575,0.0532,0.3718
DIAMONDS THREE DIAMONDS TWO,0.6086,0.0506,0.3408
DIAMONDS TWO SPADES SEVEN,0.6506,0.1486,0.2008
HEARTS SIX CLUBS FIVE,0.627,0.0552,0.3178
CLUBS ACE CLUBS QUEEN,0.3734,0.0056,0.621
HEARTS KING DIAMONDS SIX,0.4506,0.0088,0.5406
CLUBS JACK SPADES QUEEN,0.396,0.0102,0.5938
CLUBS JACK CLUBS NINE,0.3758,0.0176,0.6066
SPADES FOUR CLUBS ACE,0.4736,0.0046,0.5218
CLUBS JACK CLUBS THREE,0.4506,0.017,0.5324
CLUBS SEVEN HEARTS JACK,0.305,0.054,0.641
HEARTS KING DIAMONDS EIGHT,0.3104,0.0322,0.6574
SPADES QUEEN HEARTS THREE,0.4788,0.0112,0.51
CLUBS EIGHT CLUBS TWO,0.495,0.265,0.24
DIAMONDS ACE DIAMONDS EIGHT,0.3114,0.021,0.6676
SPADES QUEEN DIAMONDS JACK,0.4044,0.0074,0.5882
DIAMONDS ACE CLUBS FIVE,0.4612,0.0038,0.535
HEARTS FIVE DIAMONDS JACK,0.4516,0.0214,0.527
HEARTS SIX HEARTS QUEEN,0.4154,0.0128,0.5718
DIAMONDS QUEEN CLUBS ACE,0.4118,0.0032,0.585
DIAMONDS KING DIAMONDS JACK,0.374,0.0074,0.6186
HEARTS THREE DIAMONDS FIVE,0.63,0.057,0.313
SPADES SEVEN SPADES TWO,0.6218,0.1298,0.2484
DIAMONDS JACK SPADES FIVE,0.4614,0.0148,0.5238
SPADES TEN SPADES SEVEN,0.2926,0.0756,0.6318
CLUBS EIGHT HEARTS QUEEN,0.297,0.0432,0.6598
SPADES JACK CLUBS ACE,0.4066,0.0044,0.589
CLUBS FOUR CLUBS QUEEN,0.439,0.015,0.546
CLUBS SEVEN HEARTS QUEEN,0.3186,0.0392,0.6422
CLUBS SIX HEARTS ACE,0.4542,0.003,0.5428
HEARTS FOUR DIAMONDS SIX,0.6384,0.0538,0.3078
SPADES ACE HEARTS JACK,0.3952,0.004,0.6008
DIAMONDS QUEEN DIAMONDS FOUR,0.4448,0.0126,0.5426
DIAMONDS QUEEN CLUBS KING,0.3962,0.0064,0.5974
DIAMONDS QUEEN CLUBS QUEEN,0.2254,0.0262,0.7484
CLUBS FOUR DIAMONDS TEN,0.4816,0.0236,0.4948
HEARTS ACE DIAMONDS EIGHT,0.3114,0.0282,0.6604
CLUBS SIX SPADES FOUR,0.6286,0.0554,0.316
HEARTS THREE HEARTS KING,0.4178,0.0116,0.5706
DIAMONDS TWO SPADES SIX,0.6578,0.0594,0.2828
SPADES NINE HEARTS QUEEN,0.3816,0.0112,0.6072
SPADES FOUR DIAMONDS SEVEN,0.64,0.1376,0.2224
SPADES TEN HEARTS ACE,0.3882,0.0034,0.6084
SPADES EIGHT SPADES FOUR,0.4848,0.268,0.2472
HEARTS SIX HEARTS ACE,0.4054,0.0048,0.5898
CLUBS JACK DIAMONDS ACE,0.4186,0.003,0.5784
SPADES NINE DIAMONDS SIX,0.4502,0.04,0.5098
SPADES KING DIAMONDS TEN,0.4232,0.0072,0.5696
HEARTS FIVE CLUBS EIGHT,0.5066,0.2918,0.2016
CLUBS NINE CLUBS TWO,0.4546,0.0378,0.5076
HEARTS FIVE HEARTS THREE,0.6088,0.0606,0.3306
DIAMONDS KING SPADES TWO,0.477,0.0078,0.5152
CLUBS SEVEN HEARTS ACE,0.2994,0.02,0.6806
CLUBS SIX CLUBS TWO,0.6164,0.0538,0.3298
SPADES ACE DIAMONDS FOUR,0.4526,0.0036,0.5438
DIAMONDS QUEEN DIAMONDS SIX,0.4264,0.0094,0.5642
HEARTS FIVE CLUBS ACE,0.4544,0.0054,0.5402
DIAMONDS EIGHT CLUBS ACE,0.3216,0.023,0.6554
CLUBS NINE CLUBS ACE,0.392,0.0034,0.6046
CLUBS JACK CLUBS SEVEN,0.3026,0.0554,0.642
HEARTS THREE CLUBS FOUR,0.633,0.0564,0.3106
SPADES KING HEARTS ACE,0.4042,0.0046,0.5912
CLUBS QUEEN DIAMONDS FOUR,0.4576,0.0116,0.5308
DIAMONDS THREE SPADES TWO,0.645,0.0606,0.2944
CLUBS TEN DIAMONDS ACE,0.4018,0.0046,0.5936
CLUBS FIVE CLUBS QUEEN,0.4328,0.0098,0.5574
HEARTS THREE CLUBS SEVEN,0.655,0.1478,0.1972
HEARTS SIX SPADES THREE,0.6384,0.064,0.2976
DIAMONDS TEN SPADES THREE,0.483,0.0224,0.4946
SPADES ACE CLUBS NINE,0.4172,0.003,0.5798
SPADES EIGHT DIAMONDS KING,0.331,0.0296,0.6394
HEARTS TWO SPADES SEVEN,0.6522,0.142,0.2058
SPADES JACK SPADES TWO,0.453,0.018,0.529
SPADES TEN HEARTS NINE,0.355,0.0204,0.6246
CLUBS TEN CLUBS THREE,0.4414,0.0214,0.5372
SPADES FOUR DIAMONDS NINE,0.4814,0.0404,0.4782
DIAMONDS ACE SPADES TWO,0.4698,0.0044,0.5258
SPADES ACE SPADES SIX,0.4412,0.0048,0.554
CLUBS SIX DIAMONDS KING,0.4558,0.0088,0.5354
SPADES JACK HEARTS ACE,0.4072,0.0052,0.5876
SPADES FIVE HEARTS ACE,0.456,0.004,0.54
CLUBS SIX DIAMONDS NINE,0.4426,0.042,0.5154
CLUBS SEVEN DIAMONDS EIGHT,0.0624,0.916,0.0216
SPADES JACK DIAMONDS TEN,0.3948,0.0128,0.5924
CLUBS NINE HEARTS QUEEN,0.3868,0.0116,0.6016
HEARTS FIVE CLUBS NINE,0.4642,0.0426,0.4932
DIAMONDS JACK HEARTS TEN,0.368,0.0146,0.6174
HEARTS SIX HEARTS KING,0.4104,0.0064,0.5832
DIAMONDS TEN HEARTS KING,0.3938,0.0058,0.6004
CLUBS NINE SPADES FIVE,0.4582,0.0376,0.5042
DIAMONDS KING CLUBS QUEEN,0.3906,0.006,0.6034
SPADES TWO CLUBS ACE,0.4702,0.0034,0.5264
SPADES QUEEN CLUBS QUEEN,0.2218,0.0252,0.753
DIAMONDS QUEEN CLUBS THREE,0.4774,0.0108,0.5118
HEARTS TWO CLUBS KING,0.4698,0.0082,0.522
HEARTS FIVE DIAMONDS FIVE,0.4376,0.0856,0.4768
SPADES NINE HEARTS NINE,0.184,0.0614,0.7546
HEARTS KING CLUBS QUEEN,0.3844,0.0066,0.609
DIAMONDS THREE CLUBS NINE,0.4892,0.0358,0.475
SPADES JACK SPADES FOUR,0.448,0.016,0.536
HEARTS FOUR CLUBS SIX,0.6358,0.0588,0.3054
DIAMONDS THREE HEARTS QUEEN,0.4662,0.0128,0.521
CLUBS SEVEN CLUBS FIVE,0.592,0.1296,0.2784
DIAMONDS EIGHT DIAMONDS FOUR,0.4862,0.2604,0.2534
CLUBS FOUR DIAMONDS EIGHT,0.512,0.274,0.214
SPADES SIX CLUBS QUEEN,0.457,0.0114,0.5316
CLUBS EIGHT SPADES NINE,0.2812,0.0962,0.6226
DIAMONDS ACE DIAMONDS JACK,0.3916,0.0052,0.6032
HEARTS THREE HEARTS TEN,0.426,0.0328,0.5412
DIAMONDS TWO SPADES FOUR,0.6312,0.0598,0.309
CLUBS FOUR CLUBS ACE,0.44,0.0046,0.5554
HEARTS SIX HEARTS FOUR,0.6288,0.064,0.3072
DIAMONDS JACK DIAMONDS SEVEN,0.3066,0.0532,0.6402
CLUBS FIVE SPADES TWO,0.6344,0.0576,0.308
DIAMONDS TWO HEARTS THREE,0.6398,0.0602,0.3
CLUBS FOUR SPADES TWO,0.6522,0.0606,0.2872
CLUBS FIVE CLUBS ACE,0.4274,0.0046,0.568
SPADES TEN CLUBS QUEEN,0.377,0.0088,0.6142
CLUBS JACK HEARTS FOUR,0.4754,0.0204,0.5042
DIAMONDS KING HEARTS TEN,0.3968,0.0058,0.5974
SPADES EIGHT DIAMONDS FOUR,0.5182,0.2732,0.2086
SPADES ACE HEARTS FOUR,0.4656,0.0032,0.5312
CLUBS THREE HEARTS QUEEN,0.4526,0.0138,0.5336
SPADES FOUR HEARTS TEN,0.4674,0.0246,0.508
HEARTS QUEEN DIAMONDS FIVE,0.4572,0.0118,0.531
HEARTS SIX HEARTS TWO,0.6356,0.0658,0.2986
HEARTS SIX DIAMONDS JACK,0.4638,0.018,0.5182
DIAMONDS TWO CLUBS KING,0.4916,0.0098,0.4986
HEARTS TWO HEARTS NINE,0.4262,0.0396,0.5342
DIAMONDS EIGHT HEARTS JACK,0.2886,0.0564,0.655
SPADES TEN SPADES TWO,0.4506,0.025,0.5244
DIAMONDS QUEEN SPADES SIX,0.4602,0.0146,0.5252
HEARTS TWO CLUBS THREE,0.6534,0.0566,0.29
DIAMONDS ACE DIAMONDS QUEEN,0.3848,0.004,0.6112
DIAMONDS THREE DIAMONDS NINE,0.4612,0.0378,0.501
CLUBS SIX SPADES EIGHT,0.5066,0.2854,0.208
SPADES FIVE DIAMONDS TEN,0.4796,0.0256,0.4948
CLUBS JACK HEARTS QUEEN,0.382,0.0112,0.6068
CLUBS NINE SPADES EIGHT,0.3026,0.097,0.6004
CLUBS EIGHT CLUBS ACE,0.3074,0.0246,0.668
SPADES KING HEARTS FIVE,0.453,0.009,0.538
SPADES QUEEN SPADES SIX,0.4318,0.0096,0.5586
SPADES SEVEN DIAMONDS FOUR,0.6378,0.1422,0.22
SPADES SEVEN CLUBS ACE,0.3364,0.0204,0.6432
CLUBS EIGHT DIAMONDS SEVEN,0.0742,0.9012,0.0246
CLUBS FOUR HEARTS JACK,0.4628,0.0194,0.5178
CLUBS SIX CLUBS ACE,0.4336,0.0056,0.5608
SPADES TEN SPADES NINE,0.3634,0.0176,0.619
SPADES KING SPADES SEVEN,0.3118,0.029,0.6592
DIAMONDS TWO SPADES QUEEN,0.4832,0.0104,0.5064
SPADES EIGHT HEARTS JACK,0.286,0.0558,0.6582
SPADES QUEEN HEARTS QUEEN,0.2208,0.031,0.7482
SPADES TWO HEARTS NINE,0.4622,0.0378,0.5
CLUBS SEVEN CLUBS THREE,0.6156,0.1298,0.2546
HEARTS JACK DIAMONDS SIX,0.451,0.0202,0.5288
SPADES ACE HEARTS SIX,0.4626,0.005,0.5324
SPADES SIX DIAMONDS FOUR,0.6276,0.0502,0.3222
CLUBS SIX DIAMONDS ACE,0.4654,0.0044,0.5302
SPADES SEVEN CLUBS KING,0.3476,0.0306,0.6218
DIAMONDS EIGHT HEARTS NINE,0.2754,0.1012,0.6234
SPADES EIGHT CLUBS FOUR,0.5216,0.2788,0.1996
HEARTS FIVE HEARTS ACE,0.403,0.0074,0.5896
DIAMONDS ACE HEARTS TEN,0.3928,0.0046,0.6026
DIAMONDS TEN HEARTS QUEEN,0.3842,0.0076,0.6082
DIAMONDS THREE DIAMONDS FIVE,0.5946,0.056,0.3494
CLUBS NINE DIAMONDS SIX,0.4372,0.0356,0.5272
SPADES KING HEARTS TWO,0.4784,0.0066,0.515
CLUBS EIGHT SPADES EIGHT,0.1844,0.0776,0.738
DIAMONDS QUEEN DIAMONDS FIVE,0.4384,0.01,0.5516
SPADES SIX CLUBS TWO,0.656,0.0542,0.2898
CLUBS JACK CLUBS EIGHT,0.294,0.0612,0.6448
HEARTS THREE SPADES SEVEN,0.6588,0.1336,0.2076
CLUBS TEN DIAMONDS TEN,0.2268,0.05,0.7232
CLUBS THREE HEARTS TEN,0.4778,0.026,0.4962
DIAMONDS NINE DIAMONDS SIX,0.4224,0.0388,0.5388
HEARTS FIVE DIAMONDS KING,0.4512,0.0072,0.5416
SPADES JACK DIAMONDS JACK,0.234,0.0354,0.7306
DIAMONDS JACK HEARTS ACE,0.3942,0.003,0.6028
CLUBS TEN SPADES QUEEN,0.3958,0.0094,0.5948
DIAMONDS JACK SPADES FOUR,0.4794,0.0186,0.502
SPADES FIVE HEARTS QUEEN,0.456,0.015,0.529
HEARTS ACE DIAMONDS SEVEN,0.3218,0.0262,0.652
HEARTS TWO SPADES EIGHT,0.5158,0.2806,0.2036
DIAMONDS EIGHT DIAMONDS SIX,0.4668,0.2734,0.2598
CLUBS NINE DIAMONDS JACK,0.4014,0.0148,0.5838
HEARTS FOUR DIAMONDS SEVEN,0.6372,0.1332,0.2296
SPADES EIGHT DIAMONDS SEVEN,0.0744,0.9046,0.021
DIAMONDS EIGHT HEARTS TEN,0.296,0.0806,0.6234
CLUBS THREE SPADES FOUR,0.616,0.0578,0.3262
HEARTS FIVE DIAMONDS TWO,0.6312,0.0586,0.3102
SPADES ACE CLUBS ACE,0.2256,0.0038,0.7706
SPADES QUEEN CLUBS THREE,0.4712,0.011,0.5178
HEARTS THREE DIAMONDS QUEEN,0.4676,0.0102,0.5222
DIAMONDS KING DIAMONDS NINE,0.389,0.0078,0.6032
DIAMONDS NINE CLUBS KING,0.4064,0.0072,0.5864
CLUBS JACK DIAMONDS SIX,0.4712,0.0154,0.5134
SPADES QUEEN SPADES FIVE,0.4416,0.0084,0.55
DIAMONDS KING SPADES FIVE,0.4696,0.0048,0.5256
SPADES QUEEN DIAMONDS ACE,0.4204,0.0044,0.5752
CLUBS EIGHT SPADES SEVEN,0.067,0.9118,0.0212
CLUBS SIX DIAMONDS QUEEN,0.4568,0.0096,0.5336
SPADES JACK DIAMONDS ACE,0.4232,0.0046,0.5722
HEARTS FOUR CLUBS THREE,0.6302,0.0602,0.3096
DIAMONDS JACK CLUBS QUEEN,0.3936,0.0086,0.5978
HEARTS SIX DIAMONDS ACE,0.4566,0.0056,0.5378
CLUBS JACK DIAMONDS TEN,0.4054,0.0136,0.581
SPADES JACK HEARTS JACK,0.2128,0.0452,0.742
SPADES FIVE DIAMONDS SIX,0.6214,0.057,0.3216
CLUBS FOUR DIAMONDS FIVE,0.6148,0.0568,0.3284
SPADES QUEEN HEARTS TWO,0.4622,0.0102,0.5276
HEARTS TWO DIAMONDS NINE,0.472,0.0442,0.4838
HEARTS FIVE CLUBS TWO,0.6302,0.0576,0.3122
CLUBS NINE CLUBS EIGHT,0.2674,0.0968,0.6358
HEARTS THREE CLUBS TWO,0.6438,0.0696,0.2866
SPADES FIVE HEARTS NINE,0.447,0.0446,0.5084
SPADES EIGHT HEARTS NINE,0.2812,0.106,0.6128
CLUBS FOUR HEARTS TEN,0.4634,0.027,0.5096
CLUBS JACK DIAMONDS THREE,0.4784,0.019,0.5026
CLUBS JACK SPADES TEN,0.3924,0.0148,0.5928
SPADES TWO DIAMONDS FIVE,0.6278,0.056,0.3162
CLUBS THREE SPADES FIVE,0.6314,0.0566,0.312
SPADES TEN DIAMONDS FOUR,0.4782,0.0198,0.502
SPADES QUEEN HEARTS FOUR,0.4716,0.0128,0.5156
SPADES THREE HEARTS JACK,0.4692,0.017,0.5138
CLUBS TEN DIAMONDS QUEEN,0.3978,0.0102,0.592
CLUBS SIX DIAMONDS FOUR,0.6348,0.0538,0.3114
DIAMONDS NINE DIAMONDS SEVEN,0.2786,0.1016,0.6198
CLUBS ACE HEARTS NINE,0.399,0.0038,0.5972
SPADES KING HEARTS TEN,0.4008,0.0072,0.592
DIAMONDS TEN HEARTS NINE,0.3808,0.0216,0.5976
HEARTS TEN DIAMONDS FOUR,0.4664,0.0266,0.507
CLUBS NINE CLUBS SIX,0.4142,0.0364,0.5494
DIAMONDS TWO HEARTS QUEEN,0.4586,0.0132,0.5282
SPADES SEVEN DIAMONDS EIGHT,0.0696,0.9082,0.0222
DIAMONDS TWO CLUBS SEVEN,0.6572,0.1412,0.2016
HEARTS FIVE CLUBS SEVEN,0.6184,0.134,0.2476
SPADES KING CLUBS EIGHT,0.337,0.0342,0.6288
CLUBS TEN SPADES FIVE,0.4702,0.025,0.5048
SPADES SIX HEARTS KING,0.4496,0.0076,0.5428
HEARTS SIX HEARTS NINE,0.3922,0.038,0.5698
DIAMONDS ACE HEARTS NINE,0.3932,0.0056,0.6012
HEARTS FOUR CLUBS FIVE,0.6132,0.063,0.3238
DIAMONDS THREE CLUBS FIVE,0.6258,0.0592,0.315
CLUBS TWO HEARTS ACE,0.4676,0.0052,0.5272
SPADES KING DIAMONDS SIX,0.4534,0.009,0.5376
SPADES FIVE DIAMONDS SEVEN,0.6332,0.14,0.2268
SPADES EIGHT SPADES FIVE,0.477,0.2592,0.2638
SPADES KING CLUBS FIVE,0.473,0.0078,0.5192
CLUBS TEN CLUBS SIX,0.4358,0.0246,0.5396
DIAMONDS THREE HEARTS FOUR,0.639,0.0602,0.3008
DIAMONDS JACK DIAMONDS EIGHT,0.2944,0.0532,0.6524
SPADES ACE SPADES EIGHT,0.3022,0.0266,0.6712
CLUBS SEVEN SPADES EIGHT,0.0752,0.9056,0.0192
DIAMONDS EIGHT CLUBS KING,0.3304,0.0282,0.6414
SPADES SEVEN SPADES THREE,0.6134,0.1338,0.2528
CLUBS NINE CLUBS FIVE,0.429,0.0342,0.5368
DIAMONDS TWO DIAMONDS JACK,0.4468,0.0166,0.5366
HEARTS THREE DIAMONDS SIX,0.637,0.0614,0.3016
HEARTS THREE DIAMONDS ACE,0.4646,0.004,0.5314
HEARTS TWO CLUBS FIVE,0.638,0.059,0.303
HEARTS SIX DIAMONDS TEN,0.4408,0.0266,0.5326
CLUBS JACK CLUBS ACE,0.3916,0.0036,0.6048
CLUBS TWO CLUBS ACE,0.4426,0.0056,0.5518
DIAMONDS SEVEN DIAMONDS FOUR,0.5996,0.1296,0.2708
SPADES KING CLUBS FOUR,0.4754,0.0062,0.5184
DIAMONDS ACE CLUBS QUEEN,0.4152,0.0038,0.581
CLUBS TEN DIAMONDS EIGHT,0.2952,0.072,0.6328
SPADES ACE DIAMONDS TWO,0.4698,0.0054,0.5248
SPADES KING SPADES TEN,0.3824,0.0074,0.6102
SPADES ACE DIAMONDS SEVEN,0.3204,0.0224,0.6572
SPADES KING SPADES THREE,0.4404,0.009,0.5506
HEARTS THREE SPADES FIVE,0.6216,0.0654,0.313
CLUBS TWO DIAMONDS EIGHT,0.5114,0.2782,0.2104
HEARTS ACE DIAMONDS FIVE,0.4514,0.0058,0.5428
SPADES KING HEARTS THREE,0.4726,0.0082,0.5192
SPADES NINE DIAMONDS NINE,0.2056,0.061,0.7334
HEARTS FOUR SPADES FIVE,0.605,0.0532,0.3418
HEARTS FOUR CLUBS TWO,0.6376,0.0558,0.3066
DIAMONDS THREE HEARTS FIVE,0.6146,0.0554,0.33
SPADES SEVEN DIAMONDS TEN,0.3128,0.0736,0.6136
CLUBS TEN CLUBS EIGHT,0.2856,0.072,0.6424
CLUBS NINE DIAMONDS SEVEN,0.3034,0.086,0.6106
CLUBS SEVEN CLUBS KING,0.317,0.031,0.652
SPADES QUEEN HEARTS TEN,0.3962,0.0088,0.595
DIAMONDS THREE CLUBS ACE,0.4786,0.003,0.5184
CLUBS SEVEN SPADES SEVEN,0.3392,0.0682,0.5926
CLUBS KING HEARTS TEN,0.4062,0.0072,0.5866
DIAMONDS TEN DIAMONDS FOUR,0.44,0.021,0.539
SPADES TEN DIAMONDS EIGHT,0.2882,0.0786,0.6332
SPADES TWO HEARTS JACK,0.462,0.0186,0.5194
CLUBS SIX DIAMONDS SEVEN,0.6268,0.1406,0.2326
DIAMONDS THREE SPADES QUEEN,0.477,0.0152,0.5078
CLUBS SIX SPADES SIX,0.4226,0.0732,0.5042
DIAMONDS ACE SPADES FIVE,0.4694,0.003,0.5276
HEARTS SIX SPADES SEVEN,0.6206,0.143,0.2364
CLUBS NINE DIAMONDS ACE,0.418,0.003,0.579
CLUBS NINE DIAMONDS FIVE,0.4568,0.04,0.5032
CLUBS TWO DIAMONDS FIVE,0.6378,0.062,0.3002
SPADES SIX SPADES THREE,0.619,0.0522,0.3288
SPADES TEN CLUBS FIVE,0.4642,0.0244,0.5114
DIAMONDS TWO CLUBS NINE,0.4834,0.035,0.4816
HEARTS TWO SPADES TWO,0.4364,0.0906,0.473
SPADES QUEEN HEARTS KING,0.3852,0.0074,0.6074
SPADES SEVEN CLUBS THREE,0.6552,0.1392,0.2056
CLUBS JACK DIAMONDS EIGHT,0.322,0.0556,0.6224
SPADES KING DIAMONDS KING,0.235,0.016,0.749
CLUBS NINE CLUBS QUEEN,0.379,0.01,0.611
CLUBS FOUR HEARTS ACE,0.454,0.0042,0.5418
HEARTS SIX SPADES SIX,0.413,0.0748,0.5122
CLUBS TEN SPADES THREE,0.4782,0.025,0.4968
CLUBS FOUR CLUBS KING,0.4428,0.007,0.5502
CLUBS ACE DIAMONDS FOUR,0.4732,0.0044,0.5224
SPADES NINE HEARTS JACK,0.3832,0.0138,0.603
CLUBS THREE DIAMONDS JACK,0.4892,0.0164,0.4944
CLUBS FIVE HEARTS JACK,0.4538,0.0202,0.526
DIAMONDS THREE CLUBS SIX,0.652,0.0552,0.2928
CLUBS JACK HEARTS TWO,0.4642,0.0192,0.5166
CLUBS TWO HEARTS TEN,0.4684,0.0284,0.5032
SPADES ACE SPADES FOUR,0.4422,0.004,0.5538
SPADES ACE HEARTS THREE,0.4614,0.0052,0.5334
SPADES KING CLUBS TWO,0.4812,0.0062,0.5126
SPADES NINE SPADES SEVEN,0.286,0.092,0.622
SPADES ACE SPADES TWO,0.4436,0.0066,0.5498
SPADES SIX HEARTS TEN,0.4362,0.0262,0.5376
CLUBS ACE CLUBS KING,0.3896,0.0034,0.607
SPADES JACK DIAMONDS NINE,0.402,0.0154,0.5826
CLUBS SEVEN DIAMONDS TEN,0.3102,0.07,0.6198
CLUBS JACK DIAMONDS SEVEN,0.3278,0.0544,0.6178
CLUBS NINE DIAMONDS NINE,0.2052,0.053,0.7418
DIAMONDS QUEEN DIAMONDS NINE,0.376,0.0116,0.6124
CLUBS TEN CLUBS FOUR,0.43,0.0236,0.5464
SPADES JACK CLUBS SEVEN,0.321,0.052,0.627
SPADES EIGHT CLUBS FIVE,0.5052,0.2838,0.211
DIAMONDS TWO DIAMONDS SEVEN,0.6224,0.1346,0.243
DIAMONDS THREE CLUBS THREE,0.4524,0.0816,0.466
DIAMONDS SEVEN DIAMONDS FIVE,0.5986,0.1302,0.2712
SPADES TEN DIAMONDS NINE,0.387,0.0264,0.5866
SPADES KING CLUBS NINE,0.4178,0.0082,0.574
HEARTS THREE DIAMONDS SEVEN,0.6554,0.1358,0.2088
CLUBS JACK DIAMONDS FIVE,0.4594,0.0196,0.521
HEARTS JACK DIAMONDS FOUR,0.4562,0.0196,0.5242
HEARTS FIVE HEARTS JACK,0.413,0.016,0.571
SPADES THREE HEARTS TEN,0.4828,0.0258,0.4914
DIAMONDS JACK CLUBS KING,0.4006,0.007,0.5924
DIAMONDS JACK DIAMONDS FOUR,0.4488,0.0198,0.5314
CLUBS SEVEN CLUBS SIX,0.599,0.1272,0.2738
CLUBS SIX HEARTS NINE,0.449,0.0402,0.5108
SPADES FIVE HEARTS TEN,0.4634,0.0268,0.5098
SPADES SEVEN DIAMONDS FIVE,0.6386,0.1278,0.2336
CLUBS FIVE SPADES SEVEN,0.6322,0.1392,0.2286
CLUBS SEVEN DIAMONDS FIVE,0.6362,0.135,0.2288
HEARTS SIX DIAMONDS QUEEN,0.4552,0.0128,0.532
HEARTS SIX HEARTS THREE,0.6372,0.0642,0.2986
CLUBS SEVEN SPADES SIX,0.6422,0.1332,0.2246
SPADES THREE HEARTS NINE,0.4632,0.0344,0.5024
HEARTS ACE DIAMONDS SIX,0.4412,0.005,0.5538
SPADES KING DIAMONDS EIGHT,0.337,0.035,0.628
HEARTS FOUR CLUBS KING,0.4642,0.0084,0.5274
SPADES KING CLUBS THREE,0.484,0.0064,0.5096
CLUBS FOUR HEARTS KING,0.4622,0.0068,0.531
HEARTS TWO DIAMONDS FIVE,0.616,0.0608,0.3232
CLUBS FIVE CLUBS THREE,0.5976,0.0552,0.3472
SPADES FIVE CLUBS KING,0.4556,0.0066,0.5378
DIAMONDS SIX DIAMONDS FOUR,0.5992,0.06,0.3408
DIAMONDS KING CLUBS FOUR,0.473,0.0082,0.5188
SPADES FIVE CLUBS ACE,0.4578,0.0048,0.5374
DIAMONDS ACE DIAMONDS SEVEN,0.3104,0.0198,0.6698
SPADES NINE DIAMONDS KING,0.412,0.0066,0.5814
CLUBS TWO HEARTS NINE,0.4766,0.0418,0.4816
SPADES ACE DIAMONDS THREE,0.4714,0.0032,0.5254
HEARTS ACE HEARTS JACK,0.3564,0.0052,0.6384
SPADES TEN CLUBS SEVEN,0.3006,0.0672,0.6322
SPADES THREE DIAMONDS SEVEN,0.6692,0.1378,0.193
SPADES EIGHT CLUBS TWO,0.522,0.2758,0.2022
CLUBS FIVE DIAMONDS JACK,0.4778,0.0156,0.5066
SPADES ACE DIAMONDS FIVE,0.451,0.0042,0.5448
CLUBS NINE HEARTS TWO,0.4748,0.0426,0.4826
SPADES FIVE HEARTS KING,0.4502,0.0088,0.541
SPADES FOUR DIAMONDS FOUR,0.454,0.0804,0.4656
CLUBS TEN HEARTS FIVE,0.4682,0.0258,0.506
HEARTS TWO SPADES THREE,0.6436,0.0644,0.292
HEARTS SIX CLUBS ACE,0.4552,0.003,0.5418
CLUBS KING HEARTS NINE,0.3924,0.0076,0.6
SPADES QUEEN DIAMONDS SIX,0.45,0.0106,0.5394
HEARTS FOUR SPADES TEN,0.4636,0.0312,0.5052
SPADES QUEEN CLUBS EIGHT,0.3148,0.0416,0.6436
SPADES TEN DIAMONDS TEN,0.2128,0.046,0.7412
HEARTS THREE DIAMONDS KING,0.477,0.0064,0.5166
SPADES NINE SPADES EIGHT,0.2742,0.092,0.6338
HEARTS SIX CLUBS SIX,0.4428,0.0786,0.4786
DIAMONDS KING DIAMONDS SEVEN,0.3076,0.0308,0.6616
SPADES THREE CLUBS KING,0.4694,0.0082,0.5224
SPADES SEVEN DIAMONDS QUEEN,0.3356,0.0332,0.6312
HEARTS TWO HEARTS JACK,0.4344,0.0166,0.549
CLUBS FOUR SPADES FIVE,0.612,0.0606,0.3274
DIAMONDS TWO DIAMONDS SIX,0.6178,0.0568,0.3254
CLUBS JACK CLUBS QUEEN,0.3698,0.008,0.6222
HEARTS FIVE SPADES QUEEN,0.4638,0.0098,0.5264
CLUBS EIGHT CLUBS FIVE,0.4914,0.2612,0.2474
DIAMONDS THREE HEARTS TEN,0.4606,0.0304,0.509
DIAMONDS SIX HEARTS NINE,0.4294,0.0402,0.5304
CLUBS TEN CLUBS NINE,0.3544,0.0206,0.625
CLUBS TEN SPADES SIX,0.4506,0.0268,0.5226
DIAMONDS TWO DIAMONDS FOUR,0.5954,0.0566,0.348
SPADES JACK HEARTS QUEEN,0.383,0.0114,0.6056
HEARTS THREE CLUBS QUEEN,0.4722,0.0108,0.517
HEARTS FIVE HEARTS FOUR,0.6076,0.061,0.3314
SPADES JACK SPADES EIGHT,0.2998,0.0564,0.6438
SPADES ACE DIAMONDS JACK,0.4064,0.0042,0.5894
CLUBS TWO CLUBS KING,0.4376,0.0084,0.554
SPADES ACE CLUBS KING,0.4196,0.004,0.5764
DIAMONDS ACE HEARTS ACE,0.212,0.0042,0.7838
HEARTS QUEEN DIAMONDS FOUR,0.4634,0.0118,0.5248
CLUBS KING DIAMONDS FIVE,0.4718,0.0086,0.5196
CLUBS JACK SPADES EIGHT,0.3238,0.0554,0.6208
DIAMONDS TWO DIAMONDS FIVE,0.596,0.059,0.345
SPADES TWO HEARTS TEN,0.4684,0.0274,0.5042
DIAMONDS SIX CLUBS KING,0.4722,0.0056,0.5222
CLUBS JACK HEARTS TEN,0.3716,0.0166,0.6118
CLUBS SEVEN SPADES FIVE,0.6312,0.1298,0.239
SPADES NINE CLUBS TWO,0.4756,0.0344,0.49
HEARTS THREE SPADES TWO,0.6442,0.0564,0.2994
SPADES NINE CLUBS THREE,0.4788,0.0382,0.483
DIAMONDS ACE HEARTS KING,0.3918,0.007,0.6012
SPADES THREE SPADES TWO,0.6194,0.055,0.3256
SPADES SIX CLUBS ACE,0.4608,0.0038,0.5354
HEARTS SIX CLUBS EIGHT,0.497,0.2854,0.2176
DIAMONDS TEN CLUBS ACE,0.4082,0.0026,0.5892
DIAMONDS TWO HEARTS NINE,0.4668,0.0422,0.491
DIAMONDS TEN DIAMONDS FIVE,0.4526,0.03,0.5174
CLUBS TWO SPADES FOUR,0.6342,0.0614,0.3044
CLUBS SEVEN CLUBS FOUR,0.6052,0.1334,0.2614
DIAMONDS THREE CLUBS EIGHT,0.5232,0.2724,0.2044
HEARTS QUEEN DIAMONDS SIX,0.4358,0.0116,0.5526
HEARTS SIX DIAMONDS KING,0.4454,0.0062,0.5484
SPADES JACK CLUBS FIVE,0.4624,0.015,0.5226
SPADES KING SPADES NINE,0.385,0.008,0.607
SPADES EIGHT SPADES THREE,0.4898,0.271,0.2392
SPADES TEN SPADES EIGHT,0.2868,0.0776,0.6356
CLUBS THREE SPADES THREE,0.4478,0.085,0.4672
HEARTS ACE CLUBS QUEEN,0.4088,0.0044,0.5868
DIAMONDS THREE DIAMONDS JACK,0.4424,0.0162,0.5414
SPADES TEN HEARTS JACK,0.3788,0.0144,0.6068
SPADES ACE HEARTS KING,0.3954,0.0048,0.5998
HEARTS SIX DIAMONDS THREE,0.6354,0.0648,0.2998
HEARTS SIX CLUBS TEN,0.4508,0.027,0.5222
HEARTS QUEEN HEARTS JACK,0.3416,0.0098,0.6486
SPADES NINE HEARTS KING,0.416,0.0066,0.5774
CLUBS NINE DIAMONDS FOUR,0.4744,0.0386,0.487
CLUBS TWO SPADES TWO,0.4502,0.0856,0.4642
HEARTS QUEEN CLUBS ACE,0.3942,0.0044,0.6014
HEARTS TWO DIAMONDS JACK,0.4756,0.0168,0.5076
CLUBS THREE HEARTS NINE,0.4698,0.0346,0.4956
DIAMONDS THREE SPADES KING,0.477,0.008,0.515
HEARTS FIVE CLUBS FIVE,0.4268,0.077,0.4962
DIAMONDS JACK CLUBS TWO,0.4792,0.0144,0.5064
SPADES SEVEN HEARTS KING,0.3172,0.0328,0.65
SPADES TWO DIAMONDS SIX,0.6564,0.0614,0.2822
SPADES KING DIAMONDS QUEEN,0.3924,0.0066,0.601
CLUBS FIVE SPADES THREE,0.638,0.0586,0.3034
CLUBS NINE DIAMONDS KING,0.4076,0.0056,0.5868
HEARTS FIVE DIAMONDS QUEEN,0.4538,0.0136,0.5326
DIAMONDS KING SPADES SEVEN,0.3334,0.0348,0.6318
HEARTS THREE SPADES THREE,0.456,0.0772,0.4668
DIAMONDS QUEEN SPADES FIVE,0.4616,0.008,0.5304
SPADES QUEEN HEARTS NINE,0.3934,0.0078,0.5988
CLUBS FIVE CLUBS KING,0.437,0.0066,0.5564
CLUBS JACK CLUBS FIVE,0.4432,0.0178,0.539
HEARTS FOUR HEARTS QUEEN,0.426,0.0138,0.5602
HEARTS FIVE SPADES FOUR,0.6034,0.0606,0.336
SPADES TEN HEARTS QUEEN,0.3856,0.0102,0.6042
SPADES KING HEARTS QUEEN,0.3814,0.01,0.6086
CLUBS TEN SPADES NINE,0.383,0.022,0.595
SPADES QUEEN CLUBS SEVEN,0.3306,0.0392,0.6302
SPADES EIGHT HEARTS ACE,0.3052,0.0254,0.6694
HEARTS TWO SPADES FOUR,0.6308,0.0586,0.3106
SPADES NINE DIAMONDS QUEEN,0.4018,0.011,0.5872
CLUBS FIVE HEARTS TEN,0.4498,0.03,0.5202
SPADES SIX DIAMONDS NINE,0.4412,0.0368,0.522
CLUBS JACK HEARTS THREE,0.474,0.0176,0.5084
SPADES NINE DIAMONDS FOUR,0.4774,0.0398,0.4828
HEARTS TWO HEARTS QUEEN,0.4222,0.012,0.5658
CLUBS TEN HEARTS FOUR,0.4738,0.0198,0.5064
SPADES FOUR SPADES TWO,0.6076,0.0558,0.3366
SPADES THREE HEARTS QUEEN,0.4654,0.012,0.5226
CLUBS KING CLUBS QUEEN,0.3808,0.0046,0.6146
HEARTS JACK HEARTS TEN,0.3392,0.015,0.6458
SPADES EIGHT CLUBS QUEEN,0.3146,0.0534,0.632
HEARTS TWO DIAMONDS SIX,0.6582,0.058,0.2838
SPADES SEVEN CLUBS FOUR,0.6354,0.143,0.2216
DIAMONDS JACK CLUBS ACE,0.4248,0.0036,0.5716
CLUBS SIX DIAMONDS EIGHT,0.5036,0.2844,0.212
SPADES JACK HEARTS NINE,0.3854,0.019,0.5956
SPADES FIVE DIAMONDS FIVE,0.4306,0.075,0.4944
SPADES KING HEARTS NINE,0.398,0.0074,0.5946
SPADES SEVEN SPADES FIVE,0.5852,0.133,0.2818
HEARTS TWO DIAMONDS SEVEN,0.648,0.1426,0.2094
CLUBS EIGHT CLUBS THREE,0.4884,0.2676,0.244
SPADES THREE CLUBS QUEEN,0.478,0.0124,0.5096
CLUBS SIX HEARTS JACK,0.461,0.0194,0.5196
CLUBS FIVE HEARTS QUEEN,0.4458,0.0112,0.543
SPADES JACK HEARTS TWO,0.4756,0.021,0.5034
CLUBS SEVEN DIAMONDS SEVEN,0.3646,0.0648,0.5706
CLUBS SIX DIAMONDS TEN,0.456,0.0282,0.5158
HEARTS FOUR DIAMONDS EIGHT,0.4852,0.3052,0.2096
DIAMONDS KING CLUBS ACE,0.4186,0.0046,0.5768
CLUBS EIGHT HEARTS KING,0.3242,0.0302,0.6456
DIAMONDS TWO HEARTS TWO,0.4554,0.0908,0.4538
DIAMONDS KING DIAMONDS SIX,0.4342,0.0086,0.5572
SPADES TEN SPADES SIX,0.4262,0.024,0.5498
DIAMONDS SEVEN CLUBS ACE,0.3348,0.0186,0.6466
CLUBS EIGHT CLUBS KING,0.3212,0.0278,0.651
CLUBS THREE CLUBS ACE,0.4468,0.0042,0.549
HEARTS FIVE CLUBS FOUR,0.6122,0.059,0.3288
CLUBS EIGHT DIAMONDS FOUR,0.507,0.2882,0.2048
CLUBS NINE HEARTS KING,0.4022,0.0058,0.592
DIAMONDS ACE SPADES THREE,0.477,0.0026,0.5204
DIAMONDS JACK HEARTS KING,0.4056,0.006,0.5884
SPADES QUEEN CLUBS NINE,0.4132,0.0086,0.5782
SPADES SEVEN DIAMONDS NINE,0.2882,0.101,0.6108
CLUBS EIGHT CLUBS FOUR,0.482,0.2556,0.2624
HEARTS FIVE DIAMONDS ACE,0.4526,0.0052,0.5422
SPADES EIGHT DIAMONDS SIX,0.5034,0.2846,0.212
DIAMONDS NINE HEARTS NINE,0.1878,0.0632,0.749
HEARTS SIX DIAMONDS SEVEN,0.6286,0.1356,0.2358
DIAMONDS SIX DIAMONDS FIVE,0.5934,0.056,0.3506
CLUBS TWO DIAMONDS SIX,0.6554,0.0542,0.2904
CLUBS FIVE DIAMONDS FIVE,0.437,0.0862,0.4768
SPADES ACE CLUBS FOUR,0.4614,0.0042,0.5344
CLUBS FIVE DIAMONDS SEVEN,0.6252,0.142,0.2328
DIAMONDS THREE SPADES FOUR,0.6252,0.0558,0.319
SPADES SIX HEARTS QUEEN,0.4626,0.0096,0.5278
CLUBS TEN DIAMONDS SEVEN,0.3118,0.0722,0.616
DIAMONDS KING HEARTS NINE,0.4064,0.0054,0.5882
SPADES NINE HEARTS ACE,0.3954,0.005,0.5996
SPADES JACK DIAMONDS QUEEN,0.3996,0.0118,0.5886
CLUBS EIGHT HEARTS NINE,0.274,0.1,0.626
CLUBS TEN DIAMONDS TWO,0.4844,0.0238,0.4918
HEARTS FOUR HEARTS JACK,0.4174,0.0196,0.563
DIAMONDS SEVEN HEARTS TEN,0.2998,0.0686,0.6316
SPADES ACE DIAMONDS KING,0.4108,0.003,0.5862
SPADES KING SPADES FIVE,0.4552,0.0072,0.5376
HEARTS QUEEN HEARTS TEN,0.3336,0.0104,0.656
DIAMONDS TWO SPADES NINE,0.473,0.0434,0.4836
SPADES JACK CLUBS FOUR,0.467,0.018,0.515
DIAMONDS THREE SPADES NINE,0.4846,0.0384,0.477
CLUBS TEN HEARTS KING,0.3974,0.0068,0.5958
DIAMONDS QUEEN DIAMONDS TEN,0.3644,0.0088,0.6268
DIAMONDS NINE SPADES THREE,0.478,0.0398,0.4822
CLUBS SIX SPADES THREE,0.6458,0.0546,0.2996
CLUBS TEN CLUBS TWO,0.442,0.0254,0.5326
SPADES NINE DIAMONDS FIVE,0.4602,0.0406,0.4992
SPADES KING CLUBS TEN,0.404,0.0062,0.5898
SPADES FIVE DIAMONDS FOUR,0.6244,0.0556,0.32
CLUBS TEN HEARTS JACK,0.3838,0.015,0.6012
SPADES JACK CLUBS QUEEN,0.3886,0.0084,0.603
SPADES SEVEN HEARTS NINE,0.2726,0.1006,0.6268
SPADES FIVE HEARTS JACK,0.4484,0.0184,0.5332
SPADES SIX SPADES FOUR,0.592,0.057,0.351
CLUBS TEN DIAMONDS NINE,0.3846,0.0198,0.5956
SPADES FOUR HEARTS NINE,0.4652,0.0462,0.4886
HEARTS FIVE DIAMONDS NINE,0.4442,0.0432,0.5126
DIAMONDS ACE SPADES FOUR,0.468,0.0048,0.5272
DIAMONDS JACK HEARTS JACK,0.2034,0.0366,0.76
SPADES SIX DIAMONDS SIX,0.4336,0.0732,0.4932
CLUBS TEN DIAMONDS FIVE,0.4712,0.0234,0.5054
CLUBS TEN DIAMONDS FOUR,0.4732,0.0248,0.502
HEARTS THREE DIAMONDS JACK,0.4738,0.0156,0.5106
HEARTS FOUR HEARTS KING,0.4116,0.0094,0.579
HEARTS TWO DIAMONDS EIGHT,0.5184,0.2724,0.2092
HEARTS FOUR SPADES FOUR,0.4352,0.0848,0.48
SPADES NINE SPADES SIX,0.434,0.0406,0.5254
SPADES EIGHT CLUBS ACE,0.319,0.0278,0.6532
HEARTS FOUR HEARTS NINE,0.4242,0.0408,0.535
HEARTS SIX DIAMONDS TWO,0.6578,0.055,0.2872
DIAMONDS QUEEN CLUBS TWO,0.482,0.0152,0.5028
CLUBS EIGHT CLUBS SEVEN,0.072,0.8556,0.0724
SPADES KING SPADES EIGHT,0.3092,0.0296,0.6612
CLUBS THREE SPADES TWO,0.639,0.0578,0.3032
DIAMONDS QUEEN HEARTS NINE,0.3952,0.0124,0.5924
DIAMONDS KING HEARTS KING,0.2116,0.015,0.7734
HEARTS KING SPADES TWO,0.4684,0.0078,0.5238
DIAMONDS TWO CLUBS QUEEN,0.4816,0.0106,0.5078
SPADES TEN CLUBS TWO,0.4856,0.021,0.4934
HEARTS FIVE CLUBS KING,0.454,0.0074,0.5386
SPADES TEN HEARTS TWO,0.4858,0.0212,0.493
SPADES THREE DIAMONDS SIX,0.656,0.052,0.292
HEARTS FIVE SPADES EIGHT,0.5034,0.2922,0.2044
CLUBS SIX DIAMONDS FIVE,0.6262,0.061,0.3128
DIAMONDS TEN DIAMONDS EIGHT,0.295,0.0746,0.6304
CLUBS THREE DIAMONDS FOUR,0.634,0.0516,0.3144
DIAMONDS JACK SPADES TWO,0.4862,0.017,0.4968
SPADES TWO CLUBS QUEEN,0.4784,0.0106,0.511
HEARTS SIX CLUBS KING,0.4518,0.0084,0.5398
HEARTS FOUR DIAMONDS TEN,0.4688,0.0308,0.5004
SPADES QUEEN CLUBS ACE,0.4124,0.0024,0.5852
SPADES SIX HEARTS ACE,0.4332,0.003,0.5638
HEARTS TWO CLUBS FOUR,0.6318,0.0598,0.3084
CLUBS JACK SPADES FIVE,0.4584,0.014,0.5276
HEARTS FIVE HEARTS TWO,0.65,0.0542,0.2958
CLUBS TEN CLUBS ACE,0.3876,0.0044,0.608
HEARTS THREE DIAMONDS TEN,0.4768,0.0246,0.4986
HEARTS TWO DIAMONDS QUEEN,0.4742,0.0124,0.5134
SPADES ACE CLUBS FIVE,0.4546,0.0028,0.5426
CLUBS KING DIAMONDS FOUR,0.4664,0.0054,0.5282
CLUBS NINE CLUBS FOUR,0.4406,0.0422,0.5172
DIAMONDS KING SPADES SIX,0.4536,0.0058,0.5406
HEARTS FOUR HEARTS TEN,0.4138,0.0296,0.5566
HEARTS ACE DIAMONDS FOUR,0.4498,0.0054,0.5448
SPADES JACK DIAMONDS EIGHT,0.3176,0.0558,0.6266
SPADES FOUR DIAMONDS FIVE,0.6084,0.0584,0.3332
CLUBS FIVE HEARTS KING,0.4482,0.007,0.5448
CLUBS THREE CLUBS TWO,0.6084,0.0492,0.3424
SPADES ACE SPADES KING,0.378,0.006,0.616
CLUBS NINE CLUBS SEVEN,0.2734,0.1002,0.6264
HEARTS SIX CLUBS FOUR,0.6318,0.0642,0.304
SPADES ACE CLUBS THREE,0.473,0.0046,0.5224
SPADES FOUR HEARTS QUEEN,0.4554,0.0128,0.5318
HEARTS ACE CLUBS KING,0.399,0.0048,0.5962
HEARTS THREE CLUBS FIVE,0.6234,0.0572,0.3194
DIAMONDS TWO DIAMONDS NINE,0.4396,0.044,0.5164
CLUBS NINE SPADES JACK,0.3874,0.018,0.5946
CLUBS NINE SPADES SEVEN,0.296,0.0972,0.6068
CLUBS JACK HEARTS ACE,0.3998,0.0044,0.5958
HEARTS FIVE SPADES FIVE,0.426,0.0838,0.4902
SPADES SEVEN CLUBS QUEEN,0.333,0.04,0.627
HEARTS ACE SPADES TWO,0.4516,0.0044,0.544
CLUBS JACK CLUBS TWO,0.4656,0.0168,0.5176
SPADES SEVEN SPADES FOUR,0.606,0.1254,0.2686
HEARTS TWO DIAMONDS ACE,0.4584,0.0056,0.536
CLUBS TEN HEARTS ACE,0.3934,0.0054,0.6012
SPADES NINE CLUBS QUEEN,0.3996,0.0142,0.5862
CLUBS NINE HEARTS THREE,0.4798,0.0406,0.4796
CLUBS JACK CLUBS TEN,0.369,0.0132,0.6178
DIAMONDS TWO SPADES FIVE,0.6324,0.0616,0.306
SPADES ACE DIAMONDS QUEEN,0.4138,0.0032,0.583
DIAMONDS QUEEN HEARTS KING,0.3826,0.0052,0.6122
CLUBS THREE CLUBS KING,0.4508,0.0062,0.543
SPADES EIGHT CLUBS KING,0.3346,0.0346,0.6308
SPADES QUEEN DIAMONDS TEN,0.3988,0.0096,0.5916
SPADES FOUR DIAMONDS SIX,0.6274,0.0594,0.3132
CLUBS SEVEN SPADES TWO,0.6562,0.1336,0.2102
SPADES KING DIAMONDS FIVE,0.4584,0.0084,0.5332
HEARTS THREE HEARTS TWO,0.6314,0.0604,0.3082
DIAMONDS TWO HEARTS KING,0.4706,0.0098,0.5196
DIAMONDS ACE CLUBS ACE,0.2378,0.0028,0.7594
HEARTS THREE DIAMONDS NINE,0.4706,0.044,0.4854
HEARTS KING HEARTS NINE,0.3436,0.0084,0.648
SPADES TEN DIAMONDS SIX,0.4562,0.0222,0.5216
DIAMONDS NINE HEARTS KING,0.3896,0.0094,0.601
DIAMONDS TEN HEARTS TEN,0.2128,0.0482,0.739
SPADES NINE CLUBS KING,0.4044,0.008,0.5876
SPADES EIGHT DIAMONDS NINE,0.2834,0.1002,0.6164
SPADES TEN SPADES THREE,0.4586,0.023,0.5184
CLUBS FOUR CLUBS THREE,0.5816,0.053,0.3654
CLUBS SEVEN DIAMONDS KING,0.3278,0.0294,0.6428
HEARTS THREE HEARTS NINE,0.4212,0.0432,0.5356
DIAMONDS NINE DIAMONDS FOUR,0.4478,0.0366,0.5156
DIAMONDS EIGHT DIAMONDS SEVEN,0.0758,0.8534,0.0708
CLUBS FIVE SPADES SIX,0.6274,0.0604,0.3122
SPADES SIX DIAMONDS SEVEN,0.6318,0.1408,0.2274
CLUBS FOUR SPADES THREE,0.6222,0.06,0.3178
CLUBS SEVEN CLUBS TWO,0.6226,0.1322,0.2452
CLUBS FOUR HEARTS NINE,0.462,0.0434,0.4946
CLUBS QUEEN HEARTS NINE,0.3844,0.0092,0.6064
SPADES FOUR HEARTS KING,0.4576,0.0056,0.5368
SPADES THREE HEARTS KING,0.464,0.0066,0.5294
CLUBS EIGHT DIAMONDS NINE,0.2764,0.1032,0.6204
CLUBS FIVE HEARTS NINE,0.4442,0.0398,0.516
DIAMONDS TEN SPADES TWO,0.482,0.026,0.492
CLUBS ACE DIAMONDS FIVE,0.4628,0.0038,0.5334
SPADES FOUR DIAMONDS EIGHT,0.5146,0.2726,0.2128
SPADES ACE SPADES SEVEN,0.3218,0.0192,0.659
SPADES QUEEN DIAMONDS SEVEN,0.3414,0.0362,0.6224
