opposingHand,winningChance,drawChance,lostChance
HEARTS SEVEN HEARTS NINE
SPADES FIVE CLUBS ACE,0.4472,0.003,0.5498
HEARTS THREE SPADES TEN,0.4548,0.0286,0.5166
DIAMONDS ACE HEARTS ACE,0.215,0.0036,0.7814
SPADES ACE SPADES EIGHT,0.4024,0.0032,0.5944
SPADES TEN HEARTS KING,0.3806,0.0084,0.611
SPADES FIVE HEARTS TEN,0.4534,0.0248,0.5218
SPADES SEVEN HEARTS TEN,0.2784,0.0714,0.6502
SPADES SEVEN CLUBS FOUR,0.6654,0.1068,0.2278
DIAMONDS QUEEN HEARTS EIGHT,0.4052,0.0106,0.5842
HEARTS SIX DIAMONDS ACE,0.4558,0.004,0.5402
SPADES QUEEN CLUBS SIX,0.4424,0.0118,0.5458
HEARTS TEN DIAMONDS FIVE,0.4512,0.0252,0.5236
DIAMONDS TWO DIAMONDS SIX,0.6228,0.0372,0.34
SPADES THREE HEARTS TEN,0.4464,0.0266,0.527
HEARTS KING SPADES TWO,0.4534,0.0074,0.5392
CLUBS FIVE CLUBS FOUR,0.5854,0.04,0.3746
SPADES JACK CLUBS SIX,0.4526,0.0196,0.5278
CLUBS SIX SPADES SIX,0.4412,0.0592,0.4996
CLUBS EIGHT SPADES SEVEN,0.6542,0.0996,0.2462
HEARTS THREE CLUBS THREE,0.4542,0.074,0.4718
HEARTS TWO SPADES FOUR,0.6444,0.0438,0.3118
HEARTS SIX SPADES THREE,0.6514,0.0382,0.3104
SPADES NINE SPADES FOUR,0.483,0.2606,0.2564
DIAMONDS KING DIAMONDS SIX,0.4346,0.0072,0.5582
SPADES ACE DIAMONDS TEN,0.4032,0.003,0.5938
SPADES EIGHT DIAMONDS FOUR,0.6562,0.0354,0.3084
HEARTS FOUR HEARTS EIGHT,0.623,0.0456,0.3314
HEARTS SIX CLUBS NINE,0.4992,0.2848,0.216
DIAMONDS QUEEN HEARTS ACE,0.3882,0.005,0.6068
SPADES KING SPADES FOUR,0.4414,0.0038,0.5548
SPADES KING DIAMONDS EIGHT,0.434,0.0092,0.5568
SPADES NINE DIAMONDS EIGHT,0.2678,0.2194,0.5128
CLUBS JACK DIAMONDS EIGHT,0.4134,0.0124,0.5742
CLUBS SEVEN SPADES THREE,0.6732,0.1016,0.2252
DIAMONDS NINE HEARTS JACK,0.2874,0.062,0.6506
CLUBS FIVE DIAMONDS KING,0.4678,0.007,0.5252
SPADES ACE SPADES THREE,0.4444,0.0044,0.5512
HEARTS THREE DIAMONDS FIVE,0.6408,0.0428,0.3164
SPADES QUEEN DIAMONDS SEVEN,0.319,0.0366,0.6444
CLUBS TEN DIAMONDS TEN,0.2072,0.0408,0.752
CLUBS TEN HEARTS JACK,0.3514,0.0128,0.6358
CLUBS TWO HEARTS TEN,0.4642,0.0232,0.5126
DIAMONDS TWO CLUBS ACE,0.4792,0.0044,0.5164
DIAMONDS QUEEN HEARTS QUEEN,0.2062,0.0224,0.7714
SPADES NINE SPADES SIX,0.4756,0.264,0.2604
DIAMONDS NINE CLUBS KING,0.3174,0.0344,0.6482
SPADES SIX DIAMONDS SIX,0.4328,0.063,0.5042
SPADES EIGHT DIAMONDS EIGHT,0.3192,0.0542,0.6266
DIAMONDS TWO HEARTS TEN,0.4528,0.027,0.5202
SPADES JACK SPADES TWO,0.4622,0.0182,0.5196
SPADES KING DIAMONDS SEVEN,0.3246,0.0348,0.6406
SPADES JACK SPADES SIX,0.4334,0.0168,0.5498
SPADES SEVEN CLUBS QUEEN,0.3234,0.04,0.6366
HEARTS TWO DIAMONDS NINE,0.5158,0.2844,0.1998
CLUBS NINE CLUBS KING,0.3032,0.0312,0.6656
SPADES QUEEN SPADES THREE,0.4404,0.0116,0.548
CLUBS SEVEN CLUBS FIVE,0.613,0.092,0.295
DIAMONDS EIGHT SPADES TWO,0.6532,0.04,0.3068
HEARTS FOUR SPADES NINE,0.5152,0.2798,0.205
HEARTS FOUR HEARTS TWO,0.6486,0.0416,0.3098
HEARTS FOUR CLUBS THREE,0.628,0.0396,0.3324
CLUBS NINE HEARTS FOUR,0.5044,0.2868,0.2088
HEARTS SIX CLUBS THREE,0.6298,0.0446,0.3256
CLUBS TWO CLUBS ACE,0.4386,0.0042,0.5572
CLUBS TEN CLUBS QUEEN,0.359,0.008,0.633
DIAMONDS SEVEN HEARTS TEN,0.2826,0.0752,0.6422
SPADES KING HEARTS THREE,0.4686,0.007,0.5244
DIAMONDS JACK SPADES FIVE,0.4696,0.0178,0.5126
SPADES FIVE CLUBS KING,0.4456,0.008,0.5464
CLUBS JACK HEARTS FOUR,0.4634,0.0172,0.5194
SPADES SEVEN DIAMONDS FIVE,0.6532,0.1014,0.2454
HEARTS FOUR HEARTS QUEEN,0.427,0.0116,0.5614
HEARTS JACK CLUBS QUEEN,0.3812,0.0082,0.6106
SPADES SEVEN DIAMONDS TEN,0.3046,0.0712,0.6242
CLUBS TEN SPADES TEN,0.2092,0.0396,0.7512
CLUBS EIGHT SPADES TWO,0.667,0.0358,0.2972
SPADES KING DIAMONDS QUEEN,0.3974,0.0068,0.5958
CLUBS SEVEN SPADES EIGHT,0.661,0.0976,0.2414
SPADES SEVEN DIAMONDS NINE,0.0674,0.9134,0.0192
DIAMONDS THREE HEARTS THREE,0.4534,0.075,0.4716
HEARTS SIX SPADES QUEEN,0.4466,0.0064,0.547
SPADES KING DIAMONDS NINE,0.3194,0.0316,0.649
CLUBS EIGHT DIAMONDS KING,0.4246,0.0052,0.5702
HEARTS QUEEN HEARTS JACK,0.3256,0.01,0.6644
HEARTS SIX SPADES NINE,0.5138,0.2782,0.208
CLUBS JACK SPADES SIX,0.4488,0.0158,0.5354
CLUBS SIX HEARTS TEN,0.4272,0.0292,0.5436
DIAMONDS ACE HEARTS TEN,0.3856,0.006,0.6084
DIAMONDS THREE DIAMONDS JACK,0.439,0.0164,0.5446
HEARTS ACE DIAMONDS EIGHT,0.4088,0.006,0.5852
CLUBS SIX SPADES SEVEN,0.6432,0.0994,0.2574
HEARTS FOUR SPADES FIVE,0.6218,0.0444,0.3338
CLUBS FIVE SPADES SIX,0.6266,0.0378,0.3356
SPADES KING SPADES SIX,0.4356,0.006,0.5584
SPADES QUEEN CLUBS NINE,0.2852,0.044,0.6708
DIAMONDS KING DIAMONDS NINE,0.3046,0.033,0.6624
DIAMONDS KING CLUBS FOUR,0.4642,0.007,0.5288
HEARTS TWO DIAMONDS QUEEN,0.46,0.0116,0.5284
DIAMONDS QUEEN DIAMONDS NINE,0.2914,0.0412,0.6674
SPADES FIVE DIAMONDS FOUR,0.6218,0.0398,0.3384
SPADES THREE CLUBS KING,0.4638,0.0072,0.529
CLUBS NINE CLUBS SEVEN,0.0708,0.8528,0.0764
HEARTS TEN DIAMONDS FOUR,0.4714,0.0262,0.5024
SPADES FOUR SPADES TWO,0.6078,0.0364,0.3558
SPADES TEN DIAMONDS EIGHT,0.399,0.023,0.578
SPADES FIVE DIAMONDS EIGHT,0.631,0.0438,0.3252
CLUBS ACE CLUBS KING,0.3736,0.0032,0.6232
SPADES FIVE DIAMONDS SEVEN,0.6506,0.1106,0.2388
SPADES ACE CLUBS TWO,0.4678,0.0038,0.5284
HEARTS THREE SPADES TWO,0.6496,0.0388,0.3116
CLUBS FIVE CLUBS THREE,0.59,0.0354,0.3746
CLUBS FIVE SPADES SEVEN,0.6492,0.1128,0.238
CLUBS TWO HEARTS KING,0.4626,0.0084,0.529
CLUBS THREE DIAMONDS EIGHT,0.6748,0.0398,0.2854
SPADES SIX HEARTS QUEEN,0.4424,0.0128,0.5448
HEARTS SIX CLUBS EIGHT,0.6186,0.0388,0.3426
HEARTS ACE HEARTS TEN,0.3462,0.004,0.6498
DIAMONDS TEN HEARTS TEN,0.1872,0.0376,0.7752
HEARTS TWO DIAMONDS FIVE,0.6412,0.0434,0.3154
DIAMONDS TWO SPADES TWO,0.463,0.0682,0.4688
CLUBS SEVEN DIAMONDS SIX,0.647,0.1008,0.2522
CLUBS EIGHT SPADES NINE,0.2764,0.2248,0.4988
CLUBS TWO DIAMONDS FOUR,0.6382,0.041,0.3208
HEARTS SIX SPADES TWO,0.6604,0.0392,0.3004
HEARTS SIX SPADES FIVE,0.6244,0.0404,0.3352
CLUBS EIGHT SPADES EIGHT,0.3116,0.0566,0.6318
DIAMONDS TEN CLUBS ACE,0.3806,0.0052,0.6142
CLUBS FIVE HEARTS ACE,0.4526,0.005,0.5424
SPADES FOUR DIAMONDS SEVEN,0.6696,0.1068,0.2236
CLUBS SEVEN SPADES TWO,0.6952,0.103,0.2018
DIAMONDS THREE HEARTS QUEEN,0.4742,0.0098,0.516
SPADES KING CLUBS THREE,0.4644,0.008,0.5276
HEARTS FIVE CLUBS SIX,0.626,0.0456,0.3284
DIAMONDS ACE DIAMONDS KING,0.3802,0.005,0.6148
DIAMONDS TWO HEARTS FOUR,0.6444,0.0402,0.3154
SPADES JACK DIAMONDS FIVE,0.453,0.0164,0.5306
SPADES SIX CLUBS QUEEN,0.4586,0.0088,0.5326
CLUBS TWO HEARTS JACK,0.4564,0.0218,0.5218
HEARTS FIVE SPADES EIGHT,0.6292,0.0352,0.3356
DIAMONDS THREE SPADES FOUR,0.6496,0.037,0.3134
DIAMONDS THREE SPADES KING,0.475,0.0084,0.5166
SPADES SIX HEARTS EIGHT,0.6292,0.035,0.3358
SPADES EIGHT CLUBS TWO,0.6648,0.0366,0.2986
HEARTS FOUR HEARTS KING,0.417,0.0088,0.5742
HEARTS FOUR CLUBS QUEEN,0.4784,0.0108,0.5108
DIAMONDS THREE CLUBS QUEEN,0.4654,0.01,0.5246
SPADES SIX CLUBS KING,0.4546,0.0076,0.5378
SPADES TWO CLUBS ACE,0.458,0.0048,0.5372
HEARTS THREE DIAMONDS JACK,0.4674,0.0176,0.515
SPADES SIX DIAMONDS EIGHT,0.6332,0.035,0.3318
CLUBS SEVEN CLUBS KING,0.303,0.0334,0.6636
CLUBS NINE SPADES EIGHT,0.2764,0.205,0.5186
DIAMONDS FIVE DIAMONDS FOUR,0.5948,0.0364,0.3688
DIAMONDS JACK HEARTS JACK,0.2112,0.028,0.7608
CLUBS TEN HEARTS TWO,0.4754,0.0268,0.4978
CLUBS FOUR HEARTS ACE,0.4404,0.0054,0.5542
DIAMONDS EIGHT DIAMONDS FIVE,0.6048,0.037,0.3582
DIAMONDS TWO SPADES SIX,0.6688,0.0424,0.2888
HEARTS FOUR SPADES FOUR,0.4508,0.0706,0.4786
HEARTS SIX HEARTS THREE,0.6442,0.0382,0.3176
CLUBS TWO HEARTS ACE,0.45,0.004,0.546
SPADES SEVEN DIAMONDS QUEEN,0.3238,0.0404,0.6358
DIAMONDS ACE HEARTS EIGHT,0.4084,0.003,0.5886
HEARTS ACE HEARTS QUEEN,0.3462,0.0056,0.6482
CLUBS SIX HEARTS QUEEN,0.4338,0.012,0.5542
DIAMONDS JACK CLUBS KING,0.3894,0.006,0.6046
CLUBS TWO HEARTS QUEEN,0.4556,0.0114,0.533
DIAMONDS TWO SPADES TEN,0.4762,0.0232,0.5006
SPADES FOUR HEARTS ACE,0.4492,0.005,0.5458
DIAMONDS TWO CLUBS FIVE,0.6348,0.0374,0.3278
HEARTS FIVE DIAMONDS FOUR,0.6154,0.048,0.3366
SPADES EIGHT DIAMONDS SIX,0.6168,0.038,0.3452
HEARTS FIVE SPADES FIVE,0.427,0.0734,0.4996
HEARTS SIX HEARTS QUEEN,0.3984,0.0106,0.591
CLUBS FOUR CLUBS ACE,0.4504,0.0038,0.5458
SPADES NINE DIAMONDS QUEEN,0.2832,0.0448,0.672
SPADES ACE HEARTS QUEEN,0.3828,0.0056,0.6116
HEARTS FOUR SPADES TEN,0.4606,0.0238,0.5156
SPADES EIGHT DIAMONDS SEVEN,0.6696,0.0988,0.2316
SPADES JACK SPADES FOUR,0.4346,0.0166,0.5488
DIAMONDS ACE DIAMONDS QUEEN,0.3582,0.0044,0.6374
SPADES KING SPADES FIVE,0.426,0.0074,0.5666
HEARTS SIX CLUBS SEVEN,0.6512,0.0992,0.2496
SPADES ACE DIAMONDS SIX,0.4542,0.0048,0.541
SPADES KING DIAMONDS TWO,0.4758,0.007,0.5172
SPADES SEVEN HEARTS JACK,0.3002,0.051,0.6488
SPADES JACK SPADES TEN,0.3524,0.016,0.6316
SPADES EIGHT HEARTS KING,0.402,0.0082,0.5898
SPADES JACK DIAMONDS JACK,0.2054,0.0256,0.769
DIAMONDS ACE SPADES EIGHT,0.4232,0.003,0.5738
SPADES KING CLUBS SIX,0.4578,0.0074,0.5348
HEARTS KING HEARTS JACK,0.3284,0.006,0.6656
SPADES ACE CLUBS KING,0.4024,0.004,0.5936
CLUBS TEN SPADES SEVEN,0.2918,0.0738,0.6344
DIAMONDS NINE DIAMONDS FOUR,0.4756,0.2626,0.2618
DIAMONDS SEVEN HEARTS EIGHT,0.654,0.101,0.245
SPADES NINE DIAMONDS NINE,0.1712,0.0618,0.767
CLUBS SIX DIAMONDS EIGHT,0.625,0.0374,0.3376
DIAMONDS ACE CLUBS FOUR,0.46,0.0038,0.5362
DIAMONDS TEN HEARTS EIGHT,0.3986,0.0234,0.578
CLUBS FIVE CLUBS ACE,0.428,0.0034,0.5686
DIAMONDS TWO CLUBS QUEEN,0.4728,0.0138,0.5134
CLUBS TEN CLUBS ACE,0.3784,0.004,0.6176
DIAMONDS JACK CLUBS ACE,0.4038,0.0036,0.5926
CLUBS EIGHT DIAMONDS SEVEN,0.6572,0.106,0.2368
CLUBS TWO DIAMONDS FIVE,0.6318,0.0458,0.3224
HEARTS KING HEARTS TEN,0.349,0.008,0.643
SPADES KING SPADES QUEEN,0.3676,0.0074,0.625
SPADES SEVEN HEARTS KING,0.3146,0.0368,0.6486
HEARTS TWO SPADES EIGHT,0.6548,0.0372,0.308
HEARTS FIVE DIAMONDS JACK,0.4616,0.0208,0.5176
CLUBS TEN DIAMONDS FOUR,0.4656,0.023,0.5114
SPADES FOUR DIAMONDS FIVE,0.6364,0.0406,0.323
CLUBS JACK HEARTS SIX,0.4704,0.019,0.5106
CLUBS THREE CLUBS TWO,0.6094,0.034,0.3566
DIAMONDS ACE DIAMONDS JACK,0.383,0.005,0.612
DIAMONDS THREE DIAMONDS SIX,0.6134,0.0356,0.351
SPADES EIGHT DIAMONDS FIVE,0.6218,0.0388,0.3394
DIAMONDS ACE SPADES SIX,0.4446,0.005,0.5504
DIAMONDS THREE DIAMONDS KING,0.4456,0.0082,0.5462
SPADES ACE CLUBS SIX,0.4532,0.0044,0.5424
CLUBS NINE SPADES JACK,0.2938,0.0578,0.6484
CLUBS TEN SPADES SIX,0.4472,0.024,0.5288
SPADES EIGHT CLUBS FIVE,0.6272,0.0378,0.335
SPADES JACK CLUBS THREE,0.4648,0.0164,0.5188
DIAMONDS THREE CLUBS TEN,0.4654,0.024,0.5106
SPADES NINE SPADES TWO,0.4946,0.2512,0.2542
DIAMONDS THREE CLUBS SEVEN,0.6714,0.1028,0.2258
DIAMONDS ACE DIAMONDS EIGHT,0.4022,0.0046,0.5932
SPADES JACK DIAMONDS SEVEN,0.311,0.0516,0.6374
SPADES EIGHT SPADES SIX,0.587,0.0354,0.3776
SPADES QUEEN SPADES TWO,0.4454,0.0114,0.5432
SPADES ACE DIAMONDS TWO,0.476,0.0048,0.5192
HEARTS TWO DIAMONDS JACK,0.4596,0.017,0.5234
SPADES SIX DIAMONDS TEN,0.464,0.0248,0.5112
SPADES QUEEN SPADES JACK,0.348,0.0108,0.6412
CLUBS THREE CLUBS KING,0.4442,0.01,0.5458
HEARTS KING DIAMONDS FOUR,0.4558,0.0076,0.5366
CLUBS SEVEN SPADES SIX,0.6602,0.0946,0.2452
SPADES FIVE DIAMONDS SIX,0.6196,0.041,0.3394
DIAMONDS JACK HEARTS EIGHT,0.404,0.0174,0.5786
DIAMONDS EIGHT CLUBS KING,0.429,0.0058,0.5652
DIAMONDS NINE HEARTS TEN,0.2632,0.0736,0.6632
SPADES TEN CLUBS THREE,0.4722,0.0256,0.5022
SPADES NINE DIAMONDS KING,0.3134,0.0346,0.652
SPADES QUEEN HEARTS JACK,0.3676,0.0084,0.624
CLUBS JACK HEARTS FIVE,0.4424,0.0182,0.5394
HEARTS FOUR DIAMONDS KING,0.4472,0.0074,0.5454
DIAMONDS TWO SPADES QUEEN,0.481,0.0114,0.5076
SPADES EIGHT SPADES FOUR,0.608,0.038,0.354
CLUBS SIX SPADES EIGHT,0.6218,0.0382,0.34
CLUBS TWO DIAMONDS TEN,0.4716,0.0268,0.5016
SPADES JACK SPADES FIVE,0.4354,0.0148,0.5498
SPADES JACK CLUBS FOUR,0.465,0.0136,0.5214
SPADES EIGHT DIAMONDS QUEEN,0.4268,0.0092,0.564
SPADES QUEEN HEARTS KING,0.3722,0.0072,0.6206
SPADES JACK DIAMONDS QUEEN,0.3842,0.0094,0.6064
SPADES ACE SPADES QUEEN,0.383,0.0056,0.6114
CLUBS ACE HEARTS JACK,0.3908,0.0042,0.605
CLUBS TWO CLUBS KING,0.4382,0.0076,0.5542
DIAMONDS NINE HEARTS QUEEN,0.2914,0.045,0.6636
SPADES KING SPADES THREE,0.4458,0.008,0.5462
CLUBS JACK DIAMONDS QUEEN,0.3812,0.0102,0.6086
CLUBS FIVE HEARTS TEN,0.4424,0.0314,0.5262
SPADES TWO DIAMONDS SIX,0.6682,0.04,0.2918
DIAMONDS EIGHT HEARTS QUEEN,0.4108,0.0082,0.581
CLUBS TEN SPADES JACK,0.385,0.0142,0.6008
DIAMONDS NINE DIAMONDS SEVEN,0.07,0.855,0.075
SPADES THREE CLUBS ACE,0.467,0.0052,0.5278
SPADES JACK DIAMONDS FOUR,0.4594,0.0148,0.5258
HEARTS FOUR DIAMONDS FOUR,0.463,0.066,0.471
HEARTS TWO HEARTS ACE,0.4074,0.0056,0.587
SPADES JACK CLUBS ACE,0.4074,0.0034,0.5892
SPADES TWO DIAMONDS FOUR,0.649,0.0416,0.3094
HEARTS THREE HEARTS TEN,0.422,0.0236,0.5544
SPADES ACE DIAMONDS KING,0.395,0.004,0.601
CLUBS FOUR HEARTS EIGHT,0.639,0.0398,0.3212
HEARTS FIVE DIAMONDS KING,0.4474,0.009,0.5436
DIAMONDS TEN DIAMONDS SIX,0.4264,0.0248,0.5488
DIAMONDS TWO HEARTS ACE,0.433,0.0074,0.5596
DIAMONDS ACE CLUBS KING,0.398,0.0038,0.5982
DIAMONDS EIGHT CLUBS QUEEN,0.4264,0.0106,0.563
CLUBS SEVEN CLUBS TWO,0.6526,0.094,0.2534
SPADES KING DIAMONDS SIX,0.4448,0.0062,0.549
CLUBS TEN CLUBS TWO,0.4356,0.024,0.5404
SPADES SEVEN DIAMONDS SEVEN,0.3434,0.0602,0.5964
DIAMONDS QUEEN CLUBS KING,0.3938,0.0064,0.5998
CLUBS EIGHT DIAMONDS FIVE,0.6304,0.0448,0.3248
SPADES NINE SPADES THREE,0.4872,0.2706,0.2422
HEARTS THREE CLUBS SEVEN,0.665,0.1116,0.2234
SPADES QUEEN DIAMONDS FIVE,0.4548,0.01,0.5352
HEARTS SIX DIAMONDS TWO,0.6578,0.0438,0.2984
CLUBS THREE SPADES TWO,0.648,0.037,0.315
CLUBS FOUR HEARTS JACK,0.4628,0.017,0.5202
DIAMONDS QUEEN DIAMONDS EIGHT,0.407,0.011,0.582
SPADES TEN HEARTS JACK,0.3532,0.0172,0.6296
CLUBS THREE SPADES THREE,0.457,0.0684,0.4746
HEARTS FIVE CLUBS FIVE,0.4302,0.066,0.5038
CLUBS THREE HEARTS ACE,0.449,0.0058,0.5452
SPADES SIX SPADES THREE,0.6186,0.0358,0.3456
HEARTS THREE SPADES THREE,0.4472,0.0634,0.4894
HEARTS THREE SPADES SEVEN,0.6692,0.1072,0.2236
SPADES KING CLUBS TWO,0.4798,0.0068,0.5134
DIAMONDS TEN DIAMONDS SEVEN,0.2876,0.0738,0.6386
CLUBS TEN SPADES QUEEN,0.3842,0.0074,0.6084
DIAMONDS JACK SPADES TWO,0.4694,0.0164,0.5142
DIAMONDS TWO CLUBS KING,0.4818,0.0086,0.5096
HEARTS QUEEN DIAMONDS SIX,0.4416,0.0102,0.5482
DIAMONDS THREE SPADES TEN,0.4682,0.0272,0.5046
CLUBS SIX CLUBS FIVE,0.5966,0.038,0.3654
SPADES TEN DIAMONDS ACE,0.3864,0.003,0.6106
CLUBS JACK DIAMONDS JACK,0.222,0.0334,0.7446
CLUBS FOUR DIAMONDS SIX,0.6338,0.041,0.3252
DIAMONDS TWO CLUBS NINE,0.5404,0.2572,0.2024
CLUBS SEVEN DIAMONDS KING,0.3314,0.0318,0.6368
CLUBS FIVE DIAMONDS SEVEN,0.6584,0.1086,0.233
DIAMONDS TEN SPADES TWO,0.4732,0.0288,0.498
DIAMONDS ACE CLUBS TWO,0.464,0.0042,0.5318
CLUBS EIGHT HEARTS KING,0.4222,0.0082,0.5696
SPADES KING SPADES SEVEN,0.3018,0.0268,0.6714
DIAMONDS KING SPADES SIX,0.4642,0.0046,0.5312
HEARTS SIX DIAMONDS FOUR,0.6314,0.0444,0.3242
CLUBS TEN DIAMONDS EIGHT,0.4132,0.0198,0.567
CLUBS TEN SPADES NINE,0.3028,0.0744,0.6228
CLUBS SEVEN CLUBS FOUR,0.623,0.1038,0.2732
CLUBS NINE CLUBS FOUR,0.4896,0.2578,0.2526
CLUBS TEN CLUBS KING,0.373,0.0062,0.6208
SPADES NINE CLUBS KING,0.3176,0.0332,0.6492
DIAMONDS ACE HEARTS QUEEN,0.3838,0.0052,0.611
SPADES KING HEARTS EIGHT,0.4196,0.0068,0.5736
SPADES KING HEARTS FOUR,0.456,0.0082,0.5358
DIAMONDS TWO SPADES EIGHT,0.6532,0.0372,0.3096
DIAMONDS QUEEN SPADES TWO,0.454,0.0112,0.5348
SPADES EIGHT CLUBS KING,0.4282,0.0058,0.566
HEARTS TWO CLUBS TWO,0.448,0.0692,0.4828
HEARTS FOUR DIAMONDS EIGHT,0.6394,0.0416,0.319
HEARTS FOUR SPADES JACK,0.4456,0.0168,0.5376
SPADES NINE CLUBS TWO,0.5078,0.2862,0.206
SPADES QUEEN CLUBS THREE,0.4638,0.0112,0.525
SPADES ACE HEARTS THREE,0.4624,0.0052,0.5324
SPADES TEN DIAMONDS KING,0.3902,0.0092,0.6006
CLUBS SIX DIAMONDS FIVE,0.6308,0.0354,0.3338
CLUBS FOUR CLUBS TWO,0.6224,0.0318,0.3458
DIAMONDS JACK DIAMONDS SIX,0.4262,0.0156,0.5582
DIAMONDS QUEEN DIAMONDS SIX,0.418,0.012,0.57
HEARTS TEN CLUBS QUEEN,0.3656,0.0088,0.6256
DIAMONDS THREE CLUBS FIVE,0.6276,0.046,0.3264
DIAMONDS QUEEN CLUBS ACE,0.3972,0.003,0.5998
SPADES ACE HEARTS JACK,0.3784,0.0044,0.6172
SPADES EIGHT SPADES TWO,0.6146,0.0374,0.348
CLUBS THREE HEARTS QUEEN,0.4648,0.013,0.5222
HEARTS FOUR CLUBS KING,0.4662,0.006,0.5278
SPADES ACE DIAMONDS EIGHT,0.424,0.0022,0.5738
SPADES FOUR DIAMONDS FOUR,0.4536,0.0582,0.4882
SPADES ACE CLUBS FIVE,0.457,0.0048,0.5382
SPADES QUEEN SPADES TEN,0.3558,0.009,0.6352
HEARTS SIX DIAMONDS SEVEN,0.6518,0.1108,0.2374
HEARTS THREE DIAMONDS EIGHT,0.652,0.04,0.308
HEARTS FOUR CLUBS ACE,0.4506,0.0052,0.5442
SPADES ACE SPADES JACK,0.3766,0.0054,0.618
CLUBS NINE CLUBS THREE,0.4732,0.2626,0.2642
CLUBS JACK HEARTS TWO,0.4474,0.0162,0.5364
CLUBS FOUR DIAMONDS EIGHT,0.6346,0.04,0.3254
HEARTS FIVE HEARTS TWO,0.635,0.0458,0.3192
SPADES JACK DIAMONDS KING,0.4048,0.0058,0.5894
CLUBS FOUR DIAMONDS TEN,0.456,0.0224,0.5216
HEARTS FIVE DIAMONDS FIVE,0.4418,0.0762,0.482
DIAMONDS JACK DIAMONDS NINE,0.2948,0.058,0.6472
CLUBS NINE SPADES SEVEN,0.0752,0.9014,0.0234
SPADES FOUR DIAMONDS EIGHT,0.6558,0.0364,0.3078
DIAMONDS KING HEARTS TEN,0.3792,0.006,0.6148
SPADES TEN HEARTS TWO,0.4568,0.0278,0.5154
SPADES SIX CLUBS THREE,0.6582,0.0436,0.2982
SPADES SIX HEARTS KING,0.4394,0.009,0.5516
DIAMONDS THREE CLUBS TWO,0.6562,0.0374,0.3064
HEARTS TWO HEARTS EIGHT,0.658,0.0428,0.2992
DIAMONDS EIGHT HEARTS EIGHT,0.3042,0.0602,0.6356
DIAMONDS TWO HEARTS EIGHT,0.652,0.0382,0.3098
CLUBS ACE DIAMONDS SIX,0.4546,0.0044,0.541
SPADES JACK HEARTS JACK,0.207,0.0268,0.7662
CLUBS EIGHT DIAMONDS SIX,0.628,0.0398,0.3322
DIAMONDS THREE SPADES JACK,0.4744,0.0152,0.5104
CLUBS TEN CLUBS SEVEN,0.2888,0.0636,0.6476
DIAMONDS NINE CLUBS ACE,0.3106,0.0206,0.6688
HEARTS FOUR CLUBS SEVEN,0.6638,0.1024,0.2338
DIAMONDS THREE HEARTS EIGHT,0.6416,0.0402,0.3182
SPADES ACE CLUBS TEN,0.393,0.0044,0.6026
SPADES SEVEN HEARTS ACE,0.306,0.0226,0.6714
CLUBS EIGHT SPADES SIX,0.6316,0.0374,0.331
CLUBS QUEEN HEARTS EIGHT,0.4056,0.0128,0.5816
SPADES KING SPADES TEN,0.3708,0.0064,0.6228
HEARTS FIVE CLUBS QUEEN,0.4568,0.0096,0.5336
DIAMONDS TWO HEARTS TWO,0.4486,0.0714,0.48
DIAMONDS THREE CLUBS NINE,0.5078,0.2788,0.2134
DIAMONDS THREE SPADES EIGHT,0.6594,0.039,0.3016
SPADES TEN CLUBS FOUR,0.4518,0.029,0.5192
SPADES NINE DIAMONDS JACK,0.3024,0.0564,0.6412
SPADES EIGHT CLUBS QUEEN,0.4308,0.0108,0.5584
CLUBS FOUR DIAMONDS SEVEN,0.665,0.1086,0.2264
SPADES TEN DIAMONDS SEVEN,0.3074,0.072,0.6206
SPADES FOUR HEARTS QUEEN,0.4524,0.0122,0.5354
CLUBS JACK HEARTS THREE,0.4604,0.019,0.5206
SPADES NINE DIAMONDS FOUR,0.5096,0.2768,0.2136
SPADES TEN SPADES FOUR,0.4462,0.022,0.5318
DIAMONDS EIGHT CLUBS ACE,0.415,0.0026,0.5824
CLUBS JACK CLUBS TEN,0.3622,0.0114,0.6264
SPADES TEN SPADES SIX,0.4072,0.0268,0.566
HEARTS FIVE CLUBS KING,0.44,0.0098,0.5502
HEARTS SIX CLUBS TEN,0.44,0.028,0.532
HEARTS THREE HEARTS TWO,0.6426,0.0406,0.3168
HEARTS SIX CLUBS ACE,0.4428,0.0052,0.552
DIAMONDS QUEEN HEARTS TEN,0.3768,0.0102,0.613
HEARTS THREE HEARTS ACE,0.4196,0.0048,0.5756
DIAMONDS KING HEARTS JACK,0.3756,0.0064,0.618
DIAMONDS KING SPADES TWO,0.459,0.0072,0.5338
DIAMONDS SIX HEARTS TEN,0.4384,0.0248,0.5368
DIAMONDS KING CLUBS TWO,0.4636,0.0062,0.5302
HEARTS THREE DIAMONDS NINE,0.5084,0.2832,0.2084
SPADES SIX HEARTS TEN,0.439,0.0258,0.5352
CLUBS TEN DIAMONDS NINE,0.282,0.07,0.648
CLUBS NINE DIAMONDS TEN,0.2764,0.0728,0.6508
HEARTS SIX CLUBS TWO,0.671,0.0396,0.2894
CLUBS JACK CLUBS FOUR,0.445,0.0164,0.5386
SPADES SEVEN CLUBS TWO,0.6886,0.1056,0.2058
HEARTS TWO SPADES NINE,0.5192,0.274,0.2068
CLUBS SEVEN CLUBS THREE,0.632,0.103,0.265
SPADES ACE DIAMONDS FIVE,0.4516,0.0036,0.5448
DIAMONDS SEVEN DIAMONDS FIVE,0.605,0.1016,0.2934
HEARTS FIVE SPADES QUEEN,0.4412,0.0104,0.5484
CLUBS SIX DIAMONDS JACK,0.4648,0.0202,0.515
CLUBS THREE DIAMONDS FIVE,0.6228,0.0384,0.3388
CLUBS NINE CLUBS TWO,0.4852,0.2656,0.2492
CLUBS NINE SPADES TEN,0.2862,0.0746,0.6392
SPADES SEVEN SPADES FIVE,0.6136,0.1026,0.2838
HEARTS FOUR SPADES THREE,0.6332,0.0426,0.3242
SPADES ACE DIAMONDS FOUR,0.4536,0.0062,0.5402
HEARTS QUEEN CLUBS ACE,0.3838,0.004,0.6122
DIAMONDS KING CLUBS ACE,0.3988,0.0018,0.5994
DIAMONDS TEN CLUBS KING,0.3878,0.006,0.6062
HEARTS KING CLUBS QUEEN,0.3898,0.0046,0.6056
CLUBS TEN CLUBS NINE,0.2858,0.0654,0.6488
HEARTS JACK DIAMONDS SIX,0.4536,0.0164,0.53
HEARTS TWO CLUBS KING,0.4676,0.01,0.5224
CLUBS SEVEN HEARTS ACE,0.307,0.025,0.668
SPADES ACE DIAMONDS JACK,0.3968,0.0038,0.5994
SPADES KING CLUBS EIGHT,0.4278,0.0074,0.5648
CLUBS SEVEN DIAMONDS NINE,0.0724,0.8996,0.028
CLUBS SEVEN SPADES SEVEN,0.348,0.055,0.597
HEARTS FIVE HEARTS ACE,0.3954,0.0062,0.5984
SPADES KING CLUBS FIVE,0.4682,0.0096,0.5222
SPADES NINE CLUBS THREE,0.5242,0.2644,0.2114
HEARTS SIX HEARTS ACE,0.3988,0.0054,0.5958
DIAMONDS JACK DIAMONDS FOUR,0.442,0.0184,0.5396
SPADES ACE SPADES KING,0.3684,0.0036,0.628
DIAMONDS ACE DIAMONDS TEN,0.375,0.0062,0.6188
CLUBS FIVE SPADES FOUR,0.6104,0.0416,0.348
CLUBS TWO SPADES THREE,0.6576,0.0414,0.301
DIAMONDS THREE CLUBS FOUR,0.6276,0.0422,0.3302
SPADES SIX CLUBS ACE,0.439,0.0028,0.5582
SPADES TEN DIAMONDS NINE,0.2924,0.073,0.6346
HEARTS THREE HEARTS KING,0.4302,0.0074,0.5624
DIAMONDS QUEEN CLUBS THREE,0.4744,0.0104,0.5152
DIAMONDS NINE DIAMONDS SIX,0.4688,0.2792,0.252
DIAMONDS EIGHT DIAMONDS SIX,0.5878,0.037,0.3752
CLUBS NINE DIAMONDS FOUR,0.5164,0.269,0.2146
CLUBS JACK DIAMONDS SIX,0.4494,0.0126,0.538
DIAMONDS TWO SPADES FIVE,0.6476,0.0386,0.3138
DIAMONDS SIX CLUBS QUEEN,0.4626,0.0098,0.5276
DIAMONDS TEN DIAMONDS NINE,0.27,0.071,0.659
DIAMONDS TWO HEARTS QUEEN,0.47,0.0136,0.5164
CLUBS FIVE SPADES FIVE,0.4486,0.0668,0.4846
SPADES QUEEN CLUBS KING,0.393,0.0054,0.6016
HEARTS THREE HEARTS JACK,0.4222,0.0184,0.5594
SPADES SEVEN HEARTS EIGHT,0.6704,0.0986,0.231
SPADES JACK DIAMONDS ACE,0.4052,0.0046,0.5902
SPADES QUEEN SPADES SIX,0.4242,0.0134,0.5624
HEARTS FIVE DIAMONDS ACE,0.449,0.0028,0.5482
DIAMONDS TWO DIAMONDS TEN,0.4376,0.0266,0.5358
CLUBS FOUR HEARTS QUEEN,0.4602,0.0124,0.5274
CLUBS SEVEN SPADES FOUR,0.6756,0.1068,0.2176
HEARTS THREE CLUBS ACE,0.4596,0.0042,0.5362
SPADES QUEEN CLUBS FOUR,0.4682,0.01,0.5218
SPADES NINE HEARTS KING,0.2996,0.033,0.6674
HEARTS FIVE CLUBS NINE,0.5184,0.2798,0.2018
DIAMONDS SEVEN CLUBS KING,0.3322,0.0302,0.6376
HEARTS SIX CLUBS SIX,0.4396,0.0666,0.4938
CLUBS THREE DIAMONDS TEN,0.4722,0.0238,0.504
SPADES KING DIAMONDS FIVE,0.4556,0.0074,0.537
SPADES ACE SPADES FIVE,0.4288,0.0054,0.5658
CLUBS FIVE SPADES TWO,0.644,0.0382,0.3178
CLUBS NINE HEARTS KING,0.2924,0.0356,0.672
CLUBS JACK CLUBS QUEEN,0.373,0.0094,0.6176
DIAMONDS TEN HEARTS KING,0.3816,0.005,0.6134
CLUBS JACK CLUBS EIGHT,0.3804,0.0166,0.603
SPADES EIGHT CLUBS THREE,0.6656,0.0374,0.297
CLUBS SIX HEARTS ACE,0.4454,0.0048,0.5498
SPADES NINE DIAMONDS SIX,0.4972,0.285,0.2178
DIAMONDS ACE SPADES FOUR,0.4542,0.004,0.5418
CLUBS SIX HEARTS EIGHT,0.6248,0.0402,0.335
SPADES TEN SPADES FIVE,0.4244,0.0238,0.5518
SPADES JACK SPADES NINE,0.284,0.0522,0.6638
SPADES NINE HEARTS QUEEN,0.2712,0.0466,0.6822
HEARTS FIVE DIAMONDS TWO,0.6328,0.0404,0.3268
SPADES EIGHT HEARTS ACE,0.4168,0.0038,0.5794
SPADES ACE HEARTS KING,0.3718,0.006,0.6222
HEARTS FOUR DIAMONDS FIVE,0.623,0.0382,0.3388
CLUBS NINE DIAMONDS QUEEN,0.3036,0.0416,0.6548
DIAMONDS THREE HEARTS FIVE,0.634,0.0416,0.3244
SPADES TEN SPADES THREE,0.4356,0.0256,0.5388
DIAMONDS KING CLUBS QUEEN,0.3944,0.006,0.5996
SPADES SIX SPADES FIVE,0.6012,0.0398,0.359
CLUBS JACK SPADES FIVE,0.4514,0.0152,0.5334
DIAMONDS THREE DIAMONDS FOUR,0.5986,0.0306,0.3708
SPADES THREE DIAMONDS FOUR,0.6336,0.037,0.3294
CLUBS NINE DIAMONDS KING,0.3128,0.0368,0.6504
CLUBS EIGHT DIAMONDS QUEEN,0.4014,0.013,0.5856
CLUBS SEVEN DIAMONDS TEN,0.3008,0.069,0.6302
CLUBS THREE DIAMONDS JACK,0.4662,0.0176,0.5162
DIAMONDS QUEEN SPADES FOUR,0.4568,0.0096,0.5336
SPADES TEN DIAMONDS FOUR,0.46,0.0262,0.5138
CLUBS JACK DIAMONDS THREE,0.4674,0.0186,0.514
HEARTS FOUR DIAMONDS SEVEN,0.6622,0.1056,0.2322
HEARTS JACK HEARTS TEN,0.338,0.0148,0.6472
SPADES KING HEARTS TWO,0.465,0.0074,0.5276
DIAMONDS NINE SPADES THREE,0.5226,0.2762,0.2012
HEARTS FIVE SPADES TEN,0.4484,0.027,0.5246
DIAMONDS SIX DIAMONDS FIVE,0.591,0.0366,0.3724
HEARTS THREE SPADES SIX,0.6406,0.0388,0.3206
SPADES ACE HEARTS FOUR,0.4614,0.005,0.5336
HEARTS TWO DIAMONDS EIGHT,0.6526,0.0412,0.3062
HEARTS FIVE HEARTS QUEEN,0.4044,0.0112,0.5844
SPADES FOUR DIAMONDS NINE,0.5118,0.2776,0.2106
HEARTS SIX CLUBS QUEEN,0.4502,0.0122,0.5376
CLUBS JACK DIAMONDS TWO,0.462,0.0178,0.5202
DIAMONDS TWO CLUBS EIGHT,0.659,0.039,0.302
HEARTS SIX HEARTS FOUR,0.6308,0.0446,0.3246
DIAMONDS SEVEN DIAMONDS FOUR,0.6436,0.098,0.2584
DIAMONDS TWO SPADES NINE,0.5232,0.2688,0.208
SPADES THREE DIAMONDS SIX,0.6594,0.0378,0.3028
CLUBS JACK DIAMONDS ACE,0.3972,0.0034,0.5994
DIAMONDS THREE HEARTS TEN,0.4546,0.0274,0.518
DIAMONDS JACK DIAMONDS SEVEN,0.3016,0.0492,0.6492
SPADES ACE DIAMONDS SEVEN,0.3256,0.0216,0.6528
CLUBS SIX CLUBS THREE,0.6058,0.034,0.3602
CLUBS EIGHT HEARTS TWO,0.6468,0.0374,0.3158
HEARTS TWO SPADES SEVEN,0.6856,0.1058,0.2086
CLUBS KING DIAMONDS FIVE,0.4614,0.0068,0.5318
HEARTS TWO CLUBS FIVE,0.645,0.0408,0.3142
DIAMONDS TEN HEARTS JACK,0.3592,0.017,0.6238
DIAMONDS KING SPADES SEVEN,0.32,0.0302,0.6498
SPADES JACK DIAMONDS NINE,0.297,0.0572,0.6458
SPADES TEN DIAMONDS QUEEN,0.3784,0.012,0.6096
SPADES TWO HEARTS EIGHT,0.6674,0.0398,0.2928
SPADES KING DIAMONDS KING,0.2292,0.0116,0.7592
HEARTS FOUR CLUBS TWO,0.6476,0.0408,0.3116
DIAMONDS THREE SPADES THREE,0.467,0.061,0.472
SPADES QUEEN CLUBS ACE,0.3946,0.0046,0.6008
CLUBS THREE HEARTS TEN,0.4386,0.0306,0.5308
SPADES NINE HEARTS EIGHT,0.2632,0.213,0.5238
HEARTS FIVE HEARTS JACK,0.406,0.0162,0.5778
SPADES EIGHT SPADES THREE,0.6106,0.0374,0.352
DIAMONDS THREE DIAMONDS TWO,0.6168,0.0426,0.3406
HEARTS SIX DIAMONDS EIGHT,0.6112,0.0422,0.3466
CLUBS NINE HEARTS ACE,0.299,0.0232,0.6778
CLUBS THREE SPADES FOUR,0.6362,0.0396,0.3242
DIAMONDS KING DIAMONDS SEVEN,0.3098,0.0292,0.661
HEARTS KING CLUBS ACE,0.3958,0.0032,0.601
HEARTS THREE CLUBS TWO,0.649,0.0432,0.3078
SPADES TEN SPADES EIGHT,0.386,0.0234,0.5906
SPADES SIX DIAMONDS NINE,0.504,0.278,0.218
HEARTS KING DIAMONDS EIGHT,0.4056,0.0066,0.5878
CLUBS THREE CLUBS ACE,0.4324,0.0036,0.564
HEARTS THREE DIAMONDS FOUR,0.6214,0.0424,0.3362
CLUBS JACK HEARTS JACK,0.1986,0.0294,0.772
DIAMONDS ACE CLUBS THREE,0.4636,0.0048,0.5316
SPADES ACE DIAMONDS THREE,0.4696,0.0034,0.527
HEARTS SIX SPADES SEVEN,0.6566,0.0968,0.2466
HEARTS QUEEN CLUBS QUEEN,0.2154,0.0216,0.763
HEARTS SIX SPADES KING,0.4488,0.0096,0.5416
SPADES SIX HEARTS JACK,0.4448,0.017,0.5382
SPADES FOUR HEARTS JACK,0.4576,0.0192,0.5232
SPADES EIGHT HEARTS EIGHT,0.3054,0.0604,0.6342
DIAMONDS ACE CLUBS QUEEN,0.391,0.0042,0.6048
DIAMONDS JACK CLUBS QUEEN,0.3894,0.008,0.6026
CLUBS JACK CLUBS SIX,0.4386,0.0146,0.5468
DIAMONDS ACE SPADES FIVE,0.4478,0.0044,0.5478
HEARTS THREE CLUBS KING,0.4626,0.0076,0.5298
CLUBS SIX DIAMONDS QUEEN,0.4402,0.0134,0.5464
CLUBS EIGHT DIAMONDS JACK,0.4042,0.0168,0.579
DIAMONDS TWO DIAMONDS KING,0.4484,0.0076,0.544
SPADES QUEEN SPADES FIVE,0.43,0.0108,0.5592
CLUBS JACK SPADES EIGHT,0.4168,0.0132,0.57
CLUBS SIX DIAMONDS ACE,0.4366,0.0044,0.559
DIAMONDS TWO SPADES SEVEN,0.6836,0.1126,0.2038
CLUBS SEVEN CLUBS SIX,0.6174,0.0966,0.286
SPADES KING CLUBS FOUR,0.4742,0.0074,0.5184
HEARTS FOUR CLUBS SIX,0.6416,0.0384,0.32
CLUBS SEVEN HEARTS TEN,0.2724,0.079,0.6486
DIAMONDS SEVEN DIAMONDS SIX,0.6194,0.0942,0.2864
DIAMONDS TEN HEARTS QUEEN,0.3798,0.0104,0.6098
CLUBS SIX SPADES FOUR,0.636,0.0396,0.3244
CLUBS NINE DIAMONDS FIVE,0.5014,0.2728,0.2258
CLUBS TEN SPADES TWO,0.4688,0.0214,0.5098
SPADES TEN CLUBS FIVE,0.4752,0.0268,0.498
DIAMONDS KING DIAMONDS FIVE,0.4326,0.0056,0.5618
DIAMONDS SIX CLUBS KING,0.4556,0.0066,0.5378
DIAMONDS JACK HEARTS KING,0.3732,0.0076,0.6192
CLUBS EIGHT HEARTS ACE,0.4038,0.0028,0.5934
CLUBS EIGHT SPADES FIVE,0.641,0.0324,0.3266
CLUBS JACK DIAMONDS SEVEN,0.312,0.0576,0.6304
CLUBS FIVE HEARTS QUEEN,0.4402,0.0124,0.5474
SPADES SIX DIAMONDS FIVE,0.6192,0.038,0.3428
CLUBS JACK DIAMONDS TEN,0.3824,0.0104,0.6072
CLUBS SIX DIAMONDS SIX,0.4352,0.0718,0.493
HEARTS SIX HEARTS FIVE,0.6262,0.043,0.3308
CLUBS FIVE DIAMONDS JACK,0.4418,0.0172,0.541
DIAMONDS QUEEN DIAMONDS JACK,0.3796,0.0068,0.6136
CLUBS NINE HEARTS TEN,0.2662,0.0708,0.663
CLUBS SIX DIAMONDS SEVEN,0.655,0.104,0.241
HEARTS JACK DIAMONDS FOUR,0.4606,0.02,0.5194
DIAMONDS ACE DIAMONDS FIVE,0.4326,0.0058,0.5616
DIAMONDS ACE HEARTS KING,0.3834,0.0036,0.613
CLUBS SEVEN SPADES NINE,0.0754,0.9046,0.02
DIAMONDS KING HEARTS EIGHT,0.4176,0.0082,0.5742
SPADES THREE HEARTS JACK,0.4702,0.0166,0.5132
SPADES NINE SPADES SEVEN,0.068,0.866,0.066
CLUBS FIVE DIAMONDS FIVE,0.4382,0.0644,0.4974
HEARTS JACK CLUBS KING,0.3832,0.0056,0.6112
DIAMONDS KING DIAMONDS FOUR,0.4276,0.0086,0.5638
SPADES EIGHT CLUBS FOUR,0.6482,0.035,0.3168
CLUBS THREE DIAMONDS SIX,0.6468,0.0438,0.3094
DIAMONDS TWO DIAMONDS EIGHT,0.6148,0.0394,0.3458
CLUBS SEVEN DIAMONDS EIGHT,0.6558,0.098,0.2462
CLUBS SEVEN DIAMONDS SEVEN,0.334,0.0596,0.6064
SPADES TWO HEARTS QUEEN,0.4496,0.0162,0.5342
DIAMONDS ACE SPADES SEVEN,0.3116,0.0218,0.6666
CLUBS TEN SPADES FIVE,0.4612,0.024,0.5148
CLUBS JACK SPADES FOUR,0.4676,0.0212,0.5112
CLUBS SIX CLUBS FOUR,0.613,0.0318,0.3552
SPADES JACK HEARTS EIGHT,0.4104,0.0184,0.5712
HEARTS SIX HEARTS EIGHT,0.6178,0.0418,0.3404
CLUBS JACK CLUBS ACE,0.3794,0.0044,0.6162
HEARTS FOUR DIAMONDS NINE,0.4952,0.2852,0.2196
SPADES FIVE HEARTS JACK,0.457,0.0182,0.5248
CLUBS FOUR SPADES FOUR,0.4568,0.0692,0.474
HEARTS ACE HEARTS JACK,0.3478,0.0066,0.6456
DIAMONDS TEN HEARTS ACE,0.3752,0.004,0.6208
SPADES ACE CLUBS NINE,0.3164,0.0192,0.6644
CLUBS JACK SPADES KING,0.41,0.006,0.584
CLUBS THREE SPADES FIVE,0.6352,0.0412,0.3236
DIAMONDS QUEEN CLUBS TWO,0.4688,0.0118,0.5194
CLUBS NINE SPADES SIX,0.5142,0.28,0.2058
SPADES SIX CLUBS TWO,0.6606,0.0362,0.3032
CLUBS EIGHT CLUBS QUEEN,0.3848,0.0104,0.6048
DIAMONDS THREE HEARTS ACE,0.4554,0.0058,0.5388
CLUBS NINE SPADES FOUR,0.5154,0.2822,0.2024
SPADES JACK DIAMONDS TEN,0.374,0.0142,0.6118
CLUBS TEN SPADES THREE,0.4692,0.0264,0.5044
SPADES QUEEN CLUBS FIVE,0.4678,0.0078,0.5244
SPADES NINE CLUBS QUEEN,0.293,0.0428,0.6642
CLUBS JACK SPADES JACK,0.2032,0.0326,0.7642
SPADES ACE HEARTS TEN,0.3886,0.0054,0.606
DIAMONDS ACE SPADES TWO,0.4676,0.0044,0.528
SPADES ACE SPADES SIX,0.434,0.0042,0.5618
CLUBS THREE DIAMONDS FOUR,0.6394,0.0384,0.3222
CLUBS NINE DIAMONDS SIX,0.4956,0.2846,0.2198
DIAMONDS THREE HEARTS KING,0.4472,0.0078,0.545
HEARTS TWO CLUBS THREE,0.6424,0.037,0.3206
DIAMONDS QUEEN CLUBS QUEEN,0.2144,0.0178,0.7678
HEARTS QUEEN DIAMONDS SEVEN,0.3154,0.0424,0.6422
CLUBS JACK SPADES QUEEN,0.3766,0.0096,0.6138
SPADES QUEEN DIAMONDS EIGHT,0.4272,0.01,0.5628
CLUBS NINE DIAMONDS ACE,0.31,0.0222,0.6678
SPADES ACE HEARTS SIX,0.4522,0.0048,0.543
SPADES TEN SPADES SEVEN,0.2728,0.072,0.6552
DIAMONDS JACK CLUBS TWO,0.475,0.018,0.507
SPADES FOUR HEARTS KING,0.456,0.0088,0.5352
SPADES TEN CLUBS KING,0.3878,0.0068,0.6054
CLUBS EIGHT DIAMONDS FOUR,0.656,0.0328,0.3112
CLUBS SEVEN DIAMONDS ACE,0.321,0.024,0.655
SPADES KING CLUBS QUEEN,0.3888,0.008,0.6032
CLUBS TEN DIAMONDS QUEEN,0.3818,0.0086,0.6096
HEARTS FIVE DIAMONDS EIGHT,0.6176,0.0396,0.3428
DIAMONDS TEN DIAMONDS EIGHT,0.3714,0.024,0.6046
SPADES JACK DIAMONDS SIX,0.4618,0.0182,0.52
HEARTS SIX DIAMONDS KING,0.4462,0.0072,0.5466
SPADES FIVE DIAMONDS FIVE,0.4404,0.0638,0.4958
CLUBS NINE CLUBS SIX,0.4644,0.2718,0.2638
HEARTS SIX DIAMONDS FIVE,0.6212,0.0394,0.3394
SPADES JACK HEARTS TEN,0.3674,0.0152,0.6174
CLUBS SIX DIAMONDS KING,0.4506,0.005,0.5444
DIAMONDS EIGHT HEARTS TEN,0.3906,0.027,0.5824
HEARTS TWO DIAMONDS ACE,0.4592,0.0054,0.5354
DIAMONDS THREE SPADES SEVEN,0.6778,0.101,0.2212
HEARTS THREE DIAMONDS SEVEN,0.6742,0.1052,0.2206
CLUBS FIVE CLUBS QUEEN,0.4364,0.0096,0.554
HEARTS TWO SPADES FIVE,0.6476,0.046,0.3064
DIAMONDS THREE SPADES FIVE,0.6286,0.0416,0.3298
CLUBS SEVEN CLUBS ACE,0.2924,0.0214,0.6862
HEARTS ACE DIAMONDS FIVE,0.4414,0.0038,0.5548
CLUBS TEN SPADES FOUR,0.4752,0.0282,0.4966
HEARTS FOUR DIAMONDS ACE,0.453,0.0052,0.5418
DIAMONDS TEN DIAMONDS FIVE,0.4326,0.0248,0.5426
SPADES SEVEN HEARTS QUEEN,0.3106,0.0446,0.6448
DIAMONDS ACE DIAMONDS NINE,0.2988,0.0216,0.6796
CLUBS JACK HEARTS ACE,0.3824,0.005,0.6126
SPADES FIVE SPADES FOUR,0.5936,0.0388,0.3676
SPADES ACE SPADES TWO,0.4224,0.0048,0.5728
SPADES ACE SPADES SEVEN,0.2976,0.02,0.6824
SPADES KING SPADES NINE,0.3014,0.034,0.6646
SPADES FIVE SPADES THREE,0.5816,0.0388,0.3796
HEARTS THREE HEARTS QUEEN,0.4116,0.013,0.5754
HEARTS SIX SPADES JACK,0.4438,0.0166,0.5396
CLUBS JACK SPADES SEVEN,0.3102,0.0526,0.6372
HEARTS ACE DIAMONDS SEVEN,0.2962,0.0266,0.6772
SPADES TWO HEARTS TEN,0.4546,0.0258,0.5196
SPADES ACE DIAMONDS QUEEN,0.4046,0.0032,0.5922
SPADES NINE CLUBS FOUR,0.5198,0.2698,0.2104
DIAMONDS NINE DIAMONDS FIVE,0.4896,0.2556,0.2548
CLUBS SIX HEARTS JACK,0.4616,0.0142,0.5242
CLUBS JACK DIAMONDS FOUR,0.4774,0.0202,0.5024
CLUBS EIGHT CLUBS FIVE,0.5946,0.0362,0.3692
CLUBS TEN DIAMONDS TWO,0.464,0.0286,0.5074
HEARTS KING CLUBS KING,0.209,0.0132,0.7778
SPADES JACK CLUBS FIVE,0.456,0.0178,0.5262
HEARTS SIX DIAMONDS TEN,0.4398,0.024,0.5362
CLUBS NINE CLUBS FIVE,0.482,0.272,0.246
DIAMONDS TWO SPADES THREE,0.6408,0.0454,0.3138
DIAMONDS NINE HEARTS EIGHT,0.2544,0.2212,0.5244
SPADES QUEEN CLUBS TWO,0.471,0.0116,0.5174
DIAMONDS KING SPADES FIVE,0.4602,0.0072,0.5326
SPADES ACE HEARTS EIGHT,0.4282,0.0042,0.5676
SPADES SEVEN SPADES THREE,0.6318,0.1,0.2682
DIAMONDS TEN DIAMONDS FOUR,0.4368,0.0234,0.5398
CLUBS FOUR DIAMONDS QUEEN,0.4722,0.0104,0.5174
HEARTS ACE HEARTS EIGHT,0.3754,0.0048,0.6198
DIAMONDS TWO SPADES JACK,0.4744,0.0194,0.5062
HEARTS KING HEARTS EIGHT,0.3706,0.0084,0.621
DIAMONDS TWO DIAMONDS QUEEN,0.4454,0.0118,0.5428
HEARTS ACE CLUBS QUEEN,0.383,0.0042,0.6128
SPADES TEN DIAMONDS TEN,0.211,0.0394,0.7496
CLUBS TEN DIAMONDS JACK,0.3824,0.013,0.6046
SPADES ACE SPADES NINE,0.3002,0.0204,0.6794
CLUBS JACK DIAMONDS FIVE,0.4634,0.0148,0.5218
SPADES ACE HEARTS ACE,0.1956,0.0016,0.8028
HEARTS SIX SPADES FOUR,0.6368,0.0476,0.3156
HEARTS QUEEN CLUBS KING,0.3718,0.0072,0.621
CLUBS NINE DIAMONDS EIGHT,0.2728,0.2166,0.5106
DIAMONDS THREE HEARTS FOUR,0.6276,0.0416,0.3308
SPADES JACK HEARTS TWO,0.4592,0.0178,0.523
CLUBS FOUR SPADES TWO,0.6434,0.0438,0.3128
HEARTS SIX DIAMONDS NINE,0.4984,0.283,0.2186
SPADES TEN CLUBS ACE,0.401,0.004,0.595
CLUBS FOUR SPADES THREE,0.6292,0.0448,0.326
DIAMONDS QUEEN DIAMONDS FIVE,0.4486,0.0126,0.5388
CLUBS FOUR SPADES SIX,0.654,0.0358,0.3102
SPADES KING CLUBS SEVEN,0.3202,0.03,0.6498
CLUBS TEN HEARTS EIGHT,0.394,0.0262,0.5798
HEARTS ACE DIAMONDS FOUR,0.4374,0.0044,0.5582
HEARTS SIX DIAMONDS THREE,0.6466,0.0386,0.3148
CLUBS EIGHT HEARTS THREE,0.6456,0.0394,0.315
CLUBS FIVE DIAMONDS EIGHT,0.6326,0.0386,0.3288
SPADES QUEEN DIAMONDS SIX,0.443,0.0102,0.5468
HEARTS FIVE SPADES FOUR,0.6182,0.0446,0.3372
DIAMONDS KING SPADES FOUR,0.4638,0.0098,0.5264
CLUBS EIGHT HEARTS QUEEN,0.4016,0.0114,0.587
SPADES QUEEN HEARTS EIGHT,0.4166,0.0124,0.571
SPADES FOUR SPADES THREE,0.5914,0.0426,0.366
HEARTS FIVE DIAMONDS SEVEN,0.6486,0.1,0.2514
SPADES NINE SPADES FIVE,0.473,0.2682,0.2588
CLUBS THREE DIAMONDS SEVEN,0.6718,0.097,0.2312
DIAMONDS SIX DIAMONDS FOUR,0.6162,0.0392,0.3446
CLUBS FOUR CLUBS THREE,0.605,0.0362,0.3588
SPADES ACE CLUBS THREE,0.4674,0.0048,0.5278
CLUBS TWO DIAMONDS SIX,0.6724,0.0402,0.2874
DIAMONDS ACE CLUBS ACE,0.2166,0.0028,0.7806
HEARTS THREE CLUBS QUEEN,0.455,0.0122,0.5328
CLUBS SIX CLUBS TWO,0.63,0.04,0.33
CLUBS EIGHT CLUBS SEVEN,0.6248,0.0938,0.2814
DIAMONDS NINE HEARTS KING,0.3042,0.0332,0.6626
SPADES JACK CLUBS KING,0.3864,0.006,0.6076
SPADES ACE CLUBS FOUR,0.4502,0.004,0.5458
HEARTS FOUR HEARTS ACE,0.4138,0.0046,0.5816
SPADES QUEEN HEARTS FOUR,0.4586,0.0136,0.5278
SPADES TEN SPADES NINE,0.2804,0.0636,0.656
HEARTS FIVE CLUBS THREE,0.6226,0.0466,0.3308
CLUBS NINE HEARTS EIGHT,0.26,0.2256,0.5144
HEARTS ACE DIAMONDS NINE,0.3044,0.0242,0.6714
DIAMONDS NINE SPADES TWO,0.5142,0.2826,0.2032
DIAMONDS TWO HEARTS JACK,0.4586,0.0192,0.5222
HEARTS FIVE DIAMONDS NINE,0.5012,0.2756,0.2232
HEARTS ACE SPADES THREE,0.4412,0.0056,0.5532
DIAMONDS TWO DIAMONDS FIVE,0.61,0.0342,0.3558
SPADES SEVEN DIAMONDS JACK,0.2992,0.0528,0.648
HEARTS FIVE SPADES TWO,0.644,0.0426,0.3134
CLUBS FOUR DIAMONDS FIVE,0.618,0.0368,0.3452
SPADES EIGHT SPADES SEVEN,0.6368,0.0854,0.2778
SPADES QUEEN HEARTS TWO,0.4728,0.0132,0.514
HEARTS SIX CLUBS FOUR,0.6476,0.0406,0.3118
DIAMONDS ACE DIAMONDS FOUR,0.4252,0.0052,0.5696
SPADES SEVEN CLUBS THREE,0.6678,0.1042,0.228
DIAMONDS ACE DIAMONDS SIX,0.4294,0.0038,0.5668
SPADES ACE DIAMONDS ACE,0.2158,0.0034,0.7808
SPADES EIGHT DIAMONDS KING,0.4288,0.006,0.5652
CLUBS NINE HEARTS THREE,0.505,0.284,0.211
HEARTS SIX DIAMONDS SIX,0.4284,0.065,0.5066
DIAMONDS JACK SPADES THREE,0.4604,0.0164,0.5232
SPADES THREE DIAMONDS FIVE,0.635,0.0424,0.3226
CLUBS TWO SPADES TWO,0.4574,0.065,0.4776
HEARTS FOUR DIAMONDS SIX,0.6374,0.0382,0.3244
SPADES QUEEN SPADES FOUR,0.435,0.011,0.554
SPADES TEN CLUBS QUEEN,0.3808,0.0092,0.61
CLUBS EIGHT DIAMONDS EIGHT,0.3168,0.0548,0.6284
SPADES ACE SPADES TEN,0.3742,0.0024,0.6234
SPADES JACK SPADES EIGHT,0.3902,0.0142,0.5956
CLUBS NINE DIAMONDS JACK,0.3038,0.0544,0.6418
CLUBS JACK HEARTS TEN,0.3532,0.0098,0.637
SPADES JACK CLUBS EIGHT,0.4006,0.0148,0.5846
HEARTS FOUR DIAMONDS QUEEN,0.4622,0.0112,0.5266
SPADES FOUR HEARTS TEN,0.4538,0.028,0.5182
CLUBS NINE SPADES FIVE,0.505,0.2844,0.2106
SPADES TWO CLUBS KING,0.4818,0.0078,0.5104
DIAMONDS TEN CLUBS QUEEN,0.3866,0.0098,0.6036
SPADES NINE CLUBS ACE,0.319,0.0218,0.6592
CLUBS SEVEN HEARTS JACK,0.2972,0.0556,0.6472
CLUBS FIVE DIAMONDS QUEEN,0.464,0.01,0.526
CLUBS SEVEN DIAMONDS FIVE,0.6532,0.1082,0.2386
CLUBS TEN CLUBS FOUR,0.4382,0.0232,0.5386
DIAMONDS THREE SPADES QUEEN,0.4702,0.0106,0.5192
HEARTS THREE HEARTS EIGHT,0.6494,0.0388,0.3118
SPADES THREE DIAMONDS SEVEN,0.6598,0.1064,0.2338
SPADES ACE DIAMONDS NINE,0.3136,0.023,0.6634
SPADES KING CLUBS NINE,0.314,0.0332,0.6528
SPADES QUEEN CLUBS EIGHT,0.412,0.0102,0.5778
SPADES QUEEN CLUBS SEVEN,0.3228,0.0404,0.6368
SPADES THREE CLUBS QUEEN,0.4632,0.0148,0.522
SPADES NINE DIAMONDS FIVE,0.504,0.273,0.223
CLUBS FOUR DIAMONDS FOUR,0.4554,0.0718,0.4728
DIAMONDS QUEEN HEARTS JACK,0.3762,0.0096,0.6142
DIAMONDS FIVE HEARTS EIGHT,0.6228,0.042,0.3352
HEARTS FIVE HEARTS FOUR,0.6186,0.0386,0.3428
CLUBS TEN HEARTS ACE,0.3996,0.005,0.5954
HEARTS FOUR HEARTS THREE,0.6308,0.0422,0.327
DIAMONDS NINE CLUBS QUEEN,0.2946,0.0468,0.6586
SPADES TEN HEARTS TEN,0.1956,0.0376,0.7668
SPADES NINE DIAMONDS TEN,0.2868,0.061,0.6522
HEARTS FOUR HEARTS TEN,0.4258,0.0276,0.5466
HEARTS ACE DIAMONDS SIX,0.446,0.0046,0.5494
HEARTS TWO SPADES THREE,0.6338,0.0412,0.325
HEARTS SIX CLUBS FIVE,0.6146,0.043,0.3424
DIAMONDS THREE DIAMONDS ACE,0.4332,0.0036,0.5632
DIAMONDS THREE DIAMONDS SEVEN,0.638,0.0998,0.2622
SPADES FIVE CLUBS QUEEN,0.458,0.014,0.528
DIAMONDS THREE HEARTS JACK,0.4556,0.0168,0.5276
HEARTS JACK DIAMONDS FIVE,0.4508,0.015,0.5342
HEARTS KING DIAMONDS SEVEN,0.305,0.0326,0.6624
DIAMONDS JACK HEARTS QUEEN,0.377,0.0108,0.6122
DIAMONDS TEN SPADES FOUR,0.4504,0.0296,0.52
SPADES KING DIAMONDS FOUR,0.4688,0.007,0.5242
HEARTS FIVE CLUBS ACE,0.4432,0.0046,0.5522
DIAMONDS JACK DIAMONDS FIVE,0.4344,0.0152,0.5504
CLUBS EIGHT CLUBS ACE,0.3938,0.0038,0.6024
HEARTS TWO HEARTS KING,0.4124,0.0124,0.5752
SPADES JACK SPADES SEVEN,0.2842,0.048,0.6678
DIAMONDS FIVE CLUBS QUEEN,0.464,0.0098,0.5262
SPADES TEN HEARTS QUEEN,0.367,0.0112,0.6218
CLUBS NINE DIAMONDS SEVEN,0.0722,0.9058,0.022
SPADES KING HEARTS JACK,0.3752,0.0104,0.6144
DIAMONDS ACE SPADES THREE,0.4458,0.0048,0.5494
CLUBS NINE SPADES TWO,0.5258,0.275,0.1992
CLUBS SIX SPADES THREE,0.649,0.037,0.314
SPADES NINE CLUBS FIVE,0.5038,0.2844,0.2118
HEARTS SIX HEARTS TWO,0.6572,0.0406,0.3022
DIAMONDS JACK DIAMONDS EIGHT,0.3924,0.016,0.5916
CLUBS TWO SPADES FOUR,0.6394,0.0446,0.316
HEARTS FIVE HEARTS THREE,0.6178,0.0432,0.339
CLUBS TEN HEARTS QUEEN,0.3618,0.0136,0.6246
SPADES QUEEN CLUBS QUEEN,0.2156,0.0194,0.765
HEARTS SIX SPADES SIX,0.421,0.0728,0.5062
SPADES EIGHT DIAMONDS TEN,0.3888,0.025,0.5862
SPADES FOUR CLUBS ACE,0.457,0.0036,0.5394
SPADES ACE CLUBS JACK,0.4046,0.0022,0.5932
SPADES QUEEN DIAMONDS JACK,0.3728,0.0124,0.6148
HEARTS FIVE SPADES NINE,0.509,0.286,0.205
CLUBS FOUR HEARTS TEN,0.4516,0.0234,0.525
DIAMONDS JACK HEARTS TEN,0.3506,0.0156,0.6338
SPADES KING DIAMONDS TEN,0.3934,0.006,0.6006
SPADES SIX DIAMONDS JACK,0.4622,0.015,0.5228
CLUBS TEN HEARTS FOUR,0.4676,0.0308,0.5016
CLUBS SIX DIAMONDS FOUR,0.6366,0.0412,0.3222
