opposingHand,winningChance,drawChance,lostChance
HEARTS EIGHT DIAMONDS QUEEN
SPADES KING DIAMONDS TWO,0.4228,0.0074,0.5698
CLUBS EIGHT SPADES NINE,0.6676,0.0386,0.2938
HEARTS TEN DIAMONDS FOUR,0.6342,0.0118,0.354
DIAMONDS TWO HEARTS FIVE,0.661,0.013,0.326
HEARTS FIVE SPADES TWO,0.6368,0.0118,0.3514
SPADES QUEEN DIAMONDS KING,0.2216,0.025,0.7534
SPADES QUEEN HEARTS JACK,0.2256,0.0862,0.6882
SPADES EIGHT DIAMONDS SIX,0.6822,0.0478,0.27
SPADES SEVEN DIAMONDS EIGHT,0.6846,0.0504,0.265
DIAMONDS SEVEN HEARTS NINE,0.6172,0.0124,0.3704
HEARTS THREE DIAMONDS NINE,0.6546,0.0124,0.333
CLUBS THREE CLUBS ACE,0.3922,0.004,0.6038
CLUBS SEVEN SPADES NINE,0.6072,0.0102,0.3826
HEARTS THREE HEARTS JACK,0.6046,0.0108,0.3846
SPADES SEVEN CLUBS ACE,0.3962,0.0022,0.6016
SPADES FOUR DIAMONDS NINE,0.6458,0.0102,0.344
DIAMONDS TWO SPADES THREE,0.6342,0.0134,0.3524
HEARTS THREE CLUBS TWO,0.6538,0.013,0.3332
SPADES JACK CLUBS FOUR,0.6328,0.0082,0.359
SPADES ACE SPADES EIGHT,0.231,0.0242,0.7448
DIAMONDS TEN DIAMONDS EIGHT,0.6752,0.0386,0.2862
SPADES SEVEN SPADES FIVE,0.5852,0.012,0.4028
HEARTS SEVEN SPADES TEN,0.6344,0.0076,0.358
HEARTS SEVEN HEARTS KING,0.3966,0.0104,0.593
CLUBS FOUR DIAMONDS FOUR,0.4558,0.024,0.5202
SPADES TEN HEARTS QUEEN,0.2254,0.1102,0.6644
HEARTS SEVEN CLUBS SIX,0.6108,0.009,0.3802
SPADES EIGHT HEARTS TEN,0.6838,0.0428,0.2734
HEARTS KING DIAMONDS EIGHT,0.2374,0.0256,0.737
CLUBS SEVEN HEARTS TWO,0.6686,0.0124,0.319
DIAMONDS THREE HEARTS KING,0.4074,0.0078,0.5848
DIAMONDS THREE DIAMONDS KING,0.4048,0.009,0.5862
CLUBS FOUR DIAMONDS SEVEN,0.6344,0.013,0.3526
HEARTS FIVE DIAMONDS EIGHT,0.697,0.052,0.251
HEARTS SIX SPADES THREE,0.6476,0.0118,0.3406
SPADES QUEEN CLUBS THREE,0.5482,0.2204,0.2314
CLUBS FIVE HEARTS QUEEN,0.535,0.227,0.238
SPADES THREE CLUBS QUEEN,0.5426,0.2256,0.2318
SPADES QUEEN DIAMONDS SEVEN,0.5576,0.226,0.2164
DIAMONDS SEVEN CLUBS ACE,0.4062,0.0048,0.589
SPADES JACK SPADES SIX,0.5922,0.011,0.3968
HEARTS FOUR SPADES EIGHT,0.72,0.049,0.231
DIAMONDS JACK CLUBS KING,0.3464,0.0068,0.6468
CLUBS FOUR HEARTS JACK,0.6384,0.0108,0.3508
DIAMONDS TWO HEARTS NINE,0.6418,0.0138,0.3444
DIAMONDS ACE SPADES SEVEN,0.4062,0.0038,0.59
HEARTS FOUR DIAMONDS SIX,0.64,0.0144,0.3456
SPADES NINE CLUBS KING,0.3674,0.0048,0.6278
SPADES TWO CLUBS QUEEN,0.5382,0.227,0.2348
SPADES KING HEARTS TEN,0.3532,0.005,0.6418
HEARTS TWO CLUBS THREE,0.6586,0.0134,0.328
HEARTS THREE HEARTS NINE,0.609,0.0076,0.3834
HEARTS SIX DIAMONDS TEN,0.63,0.0132,0.3568
DIAMONDS THREE SPADES FIVE,0.6234,0.011,0.3656
CLUBS TWO HEARTS KING,0.4086,0.0072,0.5842
CLUBS TEN SPADES SEVEN,0.6112,0.01,0.3788
CLUBS NINE SPADES SEVEN,0.6156,0.0104,0.374
HEARTS FIVE HEARTS TEN,0.595,0.0106,0.3944
SPADES JACK CLUBS QUEEN,0.2394,0.0914,0.6692
CLUBS THREE DIAMONDS EIGHT,0.7274,0.0494,0.2232
HEARTS THREE DIAMONDS FOUR,0.6396,0.0128,0.3476
CLUBS SEVEN SPADES FIVE,0.6142,0.0148,0.371
HEARTS SEVEN HEARTS SIX,0.5834,0.0132,0.4034
SPADES THREE DIAMONDS SIX,0.6482,0.013,0.3388
DIAMONDS TWO DIAMONDS SIX,0.6362,0.0122,0.3516
CLUBS TEN DIAMONDS EIGHT,0.7022,0.0402,0.2576
DIAMONDS TEN DIAMONDS SIX,0.5988,0.0108,0.3904
CLUBS TEN SPADES FIVE,0.6276,0.0088,0.3636
SPADES EIGHT SPADES SIX,0.6396,0.0498,0.3106
CLUBS EIGHT CLUBS THREE,0.6754,0.0496,0.275
SPADES NINE HEARTS TWO,0.6468,0.0122,0.341
SPADES SIX DIAMONDS JACK,0.649,0.0088,0.3422
SPADES JACK HEARTS THREE,0.638,0.0114,0.3506
DIAMONDS TWO DIAMONDS JACK,0.603,0.0106,0.3864
SPADES QUEEN DIAMONDS SIX,0.5626,0.2172,0.2202
DIAMONDS TWO SPADES FIVE,0.643,0.0116,0.3454
SPADES KING HEARTS THREE,0.4116,0.0074,0.581
SPADES THREE HEARTS TEN,0.6416,0.0116,0.3468
CLUBS FOUR SPADES TWO,0.6462,0.011,0.3428
CLUBS SEVEN DIAMONDS SIX,0.615,0.0118,0.3732
SPADES TEN DIAMONDS JACK,0.5664,0.0098,0.4238
HEARTS THREE HEARTS TWO,0.6172,0.0132,0.3696
HEARTS FOUR SPADES SIX,0.6328,0.0112,0.356
DIAMONDS NINE DIAMONDS EIGHT,0.6558,0.0362,0.308
CLUBS TWO HEARTS NINE,0.6308,0.0134,0.3558
HEARTS SIX DIAMONDS KING,0.4016,0.0072,0.5912
CLUBS JACK DIAMONDS JACK,0.2858,0.0126,0.7016
CLUBS FIVE CLUBS FOUR,0.5868,0.0096,0.4036
HEARTS ACE HEARTS TEN,0.324,0.0052,0.6708
CLUBS TEN CLUBS KING,0.3298,0.0058,0.6644
HEARTS JACK HEARTS NINE,0.5402,0.0088,0.451
SPADES SIX CLUBS KING,0.3958,0.0062,0.598
SPADES SIX SPADES FOUR,0.587,0.0116,0.4014
HEARTS SIX CLUBS ACE,0.4026,0.0046,0.5928
DIAMONDS FIVE HEARTS NINE,0.6226,0.0118,0.3656
DIAMONDS JACK DIAMONDS TEN,0.5398,0.009,0.4512
CLUBS JACK HEARTS THREE,0.6522,0.0102,0.3376
HEARTS TWO DIAMONDS EIGHT,0.7342,0.0512,0.2146
DIAMONDS TWO CLUBS EIGHT,0.7272,0.0496,0.2232
DIAMONDS TWO DIAMONDS KING,0.3916,0.0084,0.6
DIAMONDS NINE SPADES THREE,0.6456,0.011,0.3434
CLUBS SEVEN DIAMONDS ACE,0.389,0.0048,0.6062
CLUBS JACK HEARTS TWO,0.6456,0.0114,0.343
SPADES TEN CLUBS SIX,0.6236,0.0076,0.3688
CLUBS JACK DIAMONDS FIVE,0.6304,0.012,0.3576
DIAMONDS TEN HEARTS JACK,0.559,0.011,0.43
DIAMONDS SIX DIAMONDS FOUR,0.597,0.0118,0.3912
CLUBS SEVEN DIAMONDS SEVEN,0.431,0.0234,0.5456
SPADES TEN DIAMONDS KING,0.3424,0.0054,0.6522
HEARTS SIX CLUBS THREE,0.6336,0.0116,0.3548
HEARTS SEVEN HEARTS TWO,0.6326,0.0134,0.354
SPADES KING HEARTS NINE,0.3622,0.0088,0.629
HEARTS SIX SPADES TWO,0.6568,0.0116,0.3316
CLUBS KING HEARTS NINE,0.3562,0.0078,0.636
SPADES KING DIAMONDS KING,0.1428,0.0036,0.8536
SPADES TEN SPADES FOUR,0.5996,0.0074,0.393
SPADES KING SPADES TWO,0.386,0.007,0.607
CLUBS FIVE DIAMONDS TEN,0.6394,0.0108,0.3498
SPADES EIGHT CLUBS TWO,0.7378,0.0444,0.2178
DIAMONDS NINE HEARTS TEN,0.561,0.0112,0.4278
CLUBS JACK CLUBS SEVEN,0.5942,0.011,0.3948
HEARTS SEVEN HEARTS QUEEN,0.5342,0.2128,0.253
SPADES QUEEN CLUBS QUEEN,0.0996,0.0244,0.876
CLUBS JACK HEARTS SIX,0.6408,0.0096,0.3496
CLUBS JACK CLUBS ACE,0.3298,0.0042,0.666
SPADES SEVEN DIAMONDS KING,0.4068,0.0048,0.5884
SPADES FOUR DIAMONDS FOUR,0.4444,0.0262,0.5294
CLUBS NINE SPADES THREE,0.6352,0.0122,0.3526
HEARTS TWO CLUBS KING,0.4248,0.0078,0.5674
CLUBS THREE HEARTS KING,0.4174,0.0068,0.5758
DIAMONDS KING DIAMONDS FIVE,0.3934,0.0068,0.5998
CLUBS NINE SPADES TWO,0.6384,0.0128,0.3488
HEARTS QUEEN DIAMONDS FIVE,0.5454,0.2306,0.224
SPADES EIGHT SPADES SEVEN,0.6416,0.0456,0.3128
HEARTS SEVEN SPADES FIVE,0.6206,0.0092,0.3702
SPADES FOUR HEARTS JACK,0.6282,0.012,0.3598
HEARTS JACK DIAMONDS FIVE,0.6338,0.012,0.3542
SPADES JACK CLUBS EIGHT,0.699,0.0412,0.2598
DIAMONDS KING CLUBS QUEEN,0.2284,0.0274,0.7442
CLUBS TWO HEARTS TEN,0.6402,0.01,0.3498
HEARTS TWO HEARTS JACK,0.5958,0.012,0.3922
CLUBS FIVE SPADES SEVEN,0.6258,0.0124,0.3618
CLUBS NINE HEARTS ACE,0.3556,0.0034,0.641
CLUBS SEVEN CLUBS FOUR,0.6048,0.0112,0.384
CLUBS TWO DIAMONDS SEVEN,0.6842,0.0112,0.3046
SPADES ACE DIAMONDS TEN,0.3538,0.004,0.6422
CLUBS NINE CLUBS TWO,0.591,0.0104,0.3986
DIAMONDS KING DIAMONDS JACK,0.337,0.0066,0.6564
CLUBS FIVE CLUBS TWO,0.6088,0.0112,0.38
HEARTS FIVE HEARTS QUEEN,0.5138,0.2218,0.2644
CLUBS TEN HEARTS THREE,0.6406,0.0128,0.3466
SPADES JACK DIAMONDS FOUR,0.6368,0.0122,0.351
CLUBS FIVE HEARTS KING,0.3952,0.009,0.5958
SPADES KING DIAMONDS FOUR,0.3986,0.007,0.5944
HEARTS ACE DIAMONDS FOUR,0.3962,0.007,0.5968
SPADES JACK CLUBS TWO,0.6354,0.011,0.3536
DIAMONDS TEN HEARTS NINE,0.558,0.0118,0.4302
SPADES ACE DIAMONDS SIX,0.3928,0.0044,0.6028
SPADES JACK SPADES FIVE,0.5852,0.011,0.4038
SPADES JACK CLUBS KING,0.3526,0.006,0.6414
DIAMONDS SIX CLUBS QUEEN,0.5516,0.2188,0.2296
SPADES QUEEN SPADES NINE,0.218,0.1486,0.6334
CLUBS FOUR CLUBS ACE,0.3826,0.0044,0.613
HEARTS FOUR HEARTS TWO,0.6132,0.0122,0.3746
SPADES NINE HEARTS ACE,0.3624,0.0034,0.6342
CLUBS SIX CLUBS KING,0.376,0.008,0.616
CLUBS JACK HEARTS FIVE,0.6374,0.0098,0.3528
DIAMONDS KING DIAMONDS SIX,0.393,0.0066,0.6004
DIAMONDS EIGHT CLUBS ACE,0.2576,0.0208,0.7216
CLUBS TEN HEARTS KING,0.3388,0.005,0.6562
SPADES JACK SPADES EIGHT,0.6694,0.0378,0.2928
HEARTS FIVE CLUBS FOUR,0.6134,0.0106,0.376
HEARTS FIVE DIAMONDS ACE,0.3982,0.0064,0.5954
HEARTS FOUR CLUBS FIVE,0.6162,0.0104,0.3734
HEARTS FIVE HEARTS ACE,0.379,0.004,0.617
DIAMONDS KING DIAMONDS EIGHT,0.2354,0.0304,0.7342
SPADES SEVEN HEARTS NINE,0.6064,0.0096,0.384
SPADES THREE DIAMONDS EIGHT,0.7424,0.0446,0.213
CLUBS SIX HEARTS ACE,0.4012,0.0026,0.5962
SPADES THREE HEARTS QUEEN,0.548,0.2276,0.2244
SPADES ACE HEARTS NINE,0.3554,0.0036,0.641
SPADES QUEEN HEARTS TWO,0.5458,0.2308,0.2234
SPADES NINE CLUBS TWO,0.6488,0.0112,0.34
DIAMONDS THREE HEARTS NINE,0.6296,0.015,0.3554
HEARTS JACK CLUBS KING,0.3492,0.006,0.6448
DIAMONDS KING HEARTS JACK,0.3436,0.0062,0.6502
SPADES FIVE SPADES TWO,0.5954,0.0114,0.3932
CLUBS SEVEN DIAMONDS KING,0.4022,0.0078,0.59
HEARTS FIVE CLUBS TWO,0.6408,0.0138,0.3454
DIAMONDS NINE DIAMONDS SEVEN,0.5968,0.0118,0.3914
CLUBS NINE CLUBS FOUR,0.5908,0.012,0.3972
SPADES QUEEN CLUBS FOUR,0.5468,0.2188,0.2344
CLUBS EIGHT SPADES SIX,0.6838,0.0472,0.269
SPADES EIGHT SPADES FIVE,0.6452,0.0426,0.3122
SPADES THREE HEARTS JACK,0.6404,0.0132,0.3464
HEARTS JACK HEARTS TEN,0.5334,0.0106,0.456
HEARTS SEVEN CLUBS SEVEN,0.4332,0.0194,0.5474
CLUBS NINE HEARTS TWO,0.6544,0.013,0.3326
DIAMONDS NINE HEARTS JACK,0.5832,0.0124,0.4044
DIAMONDS NINE DIAMONDS FIVE,0.6054,0.012,0.3826
SPADES EIGHT DIAMONDS EIGHT,0.3148,0.0316,0.6536
SPADES SEVEN DIAMONDS SIX,0.6238,0.0116,0.3646
SPADES TEN DIAMONDS SEVEN,0.627,0.0102,0.3628
DIAMONDS THREE DIAMONDS JACK,0.6158,0.0088,0.3754
SPADES EIGHT HEARTS ACE,0.2406,0.0236,0.7358
CLUBS NINE CLUBS EIGHT,0.6328,0.04,0.3272
SPADES JACK DIAMONDS NINE,0.584,0.0098,0.4062
HEARTS FIVE CLUBS KING,0.4116,0.008,0.5804
SPADES THREE DIAMONDS FOUR,0.6294,0.0116,0.359
CLUBS EIGHT DIAMONDS SIX,0.6838,0.041,0.2752
HEARTS FOUR CLUBS FOUR,0.4518,0.0222,0.526
HEARTS THREE CLUBS FOUR,0.6356,0.013,0.3514
HEARTS SEVEN CLUBS TEN,0.6276,0.011,0.3614
HEARTS FOUR CLUBS TWO,0.6468,0.0124,0.3408
DIAMONDS SIX HEARTS NINE,0.6314,0.0098,0.3588
CLUBS TEN HEARTS NINE,0.5776,0.01,0.4124
HEARTS SIX HEARTS FOUR,0.6078,0.0116,0.3806
CLUBS SEVEN SPADES EIGHT,0.6776,0.045,0.2774
SPADES EIGHT HEARTS NINE,0.6778,0.0328,0.2894
HEARTS FOUR HEARTS JACK,0.6028,0.011,0.3862
SPADES KING SPADES FOUR,0.3658,0.0096,0.6246
HEARTS TWO HEARTS KING,0.3998,0.0094,0.5908
DIAMONDS TWO CLUBS ACE,0.412,0.0028,0.5852
CLUBS JACK SPADES KING,0.3516,0.0048,0.6436
SPADES TEN HEARTS JACK,0.5436,0.0112,0.4452
SPADES NINE DIAMONDS EIGHT,0.6804,0.0408,0.2788
SPADES EIGHT CLUBS QUEEN,0.0246,0.9528,0.0226
DIAMONDS ACE HEARTS NINE,0.3582,0.0056,0.6362
HEARTS THREE DIAMONDS ACE,0.4104,0.0042,0.5854
DIAMONDS SEVEN DIAMONDS FIVE,0.595,0.0126,0.3924
SPADES JACK HEARTS QUEEN,0.2256,0.0898,0.6846
DIAMONDS TWO SPADES NINE,0.6444,0.0104,0.3452
SPADES ACE HEARTS THREE,0.4126,0.0038,0.5836
SPADES EIGHT DIAMONDS ACE,0.2564,0.022,0.7216
HEARTS FOUR SPADES SEVEN,0.632,0.0122,0.3558
CLUBS SEVEN CLUBS FIVE,0.591,0.011,0.398
SPADES TWO HEARTS NINE,0.6334,0.0122,0.3544
SPADES NINE DIAMONDS SEVEN,0.6164,0.0112,0.3724
DIAMONDS KING SPADES FOUR,0.4064,0.0072,0.5864
SPADES FIVE DIAMONDS FIVE,0.4546,0.0238,0.5216
SPADES THREE HEARTS KING,0.397,0.0056,0.5974
SPADES KING DIAMONDS ACE,0.334,0.005,0.661
CLUBS THREE DIAMONDS TEN,0.6406,0.0126,0.3468
DIAMONDS SEVEN CLUBS KING,0.4066,0.0074,0.586
SPADES FOUR DIAMONDS SIX,0.6238,0.0118,0.3644
SPADES SIX SPADES TWO,0.6036,0.0106,0.3858
DIAMONDS SIX CLUBS KING,0.3964,0.0068,0.5968
CLUBS NINE CLUBS ACE,0.354,0.0044,0.6416
SPADES QUEEN CLUBS EIGHT,0.0234,0.9544,0.0222
SPADES NINE DIAMONDS SIX,0.6188,0.0108,0.3704
CLUBS JACK SPADES SEVEN,0.6314,0.01,0.3586
HEARTS JACK DIAMONDS SIX,0.6396,0.0126,0.3478
DIAMONDS SEVEN CLUBS QUEEN,0.5546,0.2244,0.221
SPADES KING DIAMONDS SIX,0.3972,0.0078,0.595
CLUBS TEN HEARTS ACE,0.3552,0.0048,0.64
DIAMONDS KING DIAMONDS FOUR,0.3932,0.0052,0.6016
CLUBS TEN SPADES TWO,0.633,0.0106,0.3564
SPADES TWO DIAMONDS FOUR,0.654,0.0126,0.3334
HEARTS SEVEN SPADES EIGHT,0.6946,0.0462,0.2592
SPADES SEVEN DIAMONDS FIVE,0.6298,0.01,0.3602
CLUBS THREE DIAMONDS NINE,0.6416,0.0112,0.3472
SPADES SEVEN DIAMONDS SEVEN,0.433,0.0202,0.5468
HEARTS SEVEN DIAMONDS TWO,0.6804,0.0122,0.3074
HEARTS KING DIAMONDS FIVE,0.4096,0.0084,0.582
CLUBS EIGHT SPADES TEN,0.6968,0.0392,0.264
CLUBS EIGHT DIAMONDS FIVE,0.6884,0.0494,0.2622
DIAMONDS ACE SPADES FIVE,0.3854,0.0042,0.6104
SPADES ACE DIAMONDS TWO,0.4092,0.0046,0.5862
SPADES EIGHT SPADES FOUR,0.6598,0.0476,0.2926
CLUBS SEVEN CLUBS SIX,0.577,0.0094,0.4136
HEARTS TWO CLUBS FOUR,0.644,0.0104,0.3456
SPADES KING CLUBS SEVEN,0.4098,0.0072,0.583
SPADES FOUR HEARTS QUEEN,0.5382,0.226,0.2358
HEARTS TWO SPADES SEVEN,0.6696,0.0098,0.3206
CLUBS SIX CLUBS ACE,0.3694,0.0046,0.626
CLUBS JACK CLUBS FIVE,0.5966,0.0106,0.3928
HEARTS TWO SPADES SIX,0.6564,0.0142,0.3294
SPADES FIVE CLUBS QUEEN,0.5502,0.2266,0.2232
DIAMONDS THREE SPADES EIGHT,0.7318,0.0454,0.2228
SPADES SEVEN HEARTS ACE,0.4072,0.0026,0.5902
CLUBS KING HEARTS TEN,0.3564,0.0044,0.6392
DIAMONDS THREE SPADES JACK,0.6394,0.0122,0.3484
HEARTS TWO HEARTS QUEEN,0.5192,0.2128,0.268
HEARTS ACE DIAMONDS SIX,0.3796,0.0036,0.6168
SPADES NINE CLUBS FIVE,0.6198,0.0128,0.3674
CLUBS FOUR CLUBS THREE,0.5838,0.0118,0.4044
SPADES TEN CLUBS TWO,0.6366,0.0098,0.3536
HEARTS SIX CLUBS KING,0.4072,0.0058,0.587
SPADES NINE DIAMONDS FIVE,0.6298,0.0104,0.3598
SPADES JACK CLUBS SEVEN,0.619,0.0082,0.3728
SPADES SEVEN DIAMONDS TEN,0.623,0.0116,0.3654
HEARTS SIX HEARTS TEN,0.6056,0.009,0.3854
DIAMONDS ACE DIAMONDS JACK,0.3414,0.0036,0.655
HEARTS SEVEN DIAMONDS SEVEN,0.4308,0.0222,0.547
DIAMONDS TWO DIAMONDS ACE,0.3886,0.0044,0.607
CLUBS THREE DIAMONDS JACK,0.6432,0.0108,0.346
HEARTS FOUR DIAMONDS EIGHT,0.7224,0.0456,0.232
CLUBS SEVEN SPADES FOUR,0.6488,0.0108,0.3404
DIAMONDS ACE DIAMONDS SIX,0.3866,0.0058,0.6076
DIAMONDS EIGHT DIAMONDS SEVEN,0.6638,0.0456,0.2906
SPADES SIX SPADES THREE,0.5908,0.0126,0.3966
CLUBS SIX HEARTS TWO,0.6588,0.0118,0.3294
DIAMONDS EIGHT DIAMONDS SIX,0.6664,0.041,0.2926
HEARTS TEN DIAMONDS FIVE,0.632,0.0092,0.3588
CLUBS ACE CLUBS KING,0.3224,0.0042,0.6734
CLUBS TEN HEARTS TEN,0.2916,0.0142,0.6942
DIAMONDS JACK HEARTS TEN,0.5602,0.0094,0.4304
CLUBS FOUR DIAMONDS JACK,0.63,0.0124,0.3576
HEARTS TWO HEARTS TEN,0.611,0.0114,0.3776
HEARTS NINE DIAMONDS FOUR,0.6356,0.0154,0.349
SPADES FOUR CLUBS QUEEN,0.5568,0.225,0.2182
SPADES KING DIAMONDS JACK,0.3546,0.006,0.6394
HEARTS SIX SPADES FIVE,0.6214,0.0106,0.368
SPADES ACE DIAMONDS SEVEN,0.423,0.0034,0.5736
SPADES EIGHT CLUBS FOUR,0.7152,0.048,0.2368
HEARTS FIVE DIAMONDS SIX,0.6242,0.0096,0.3662
SPADES QUEEN HEARTS TEN,0.2224,0.1162,0.6614
HEARTS FIVE DIAMONDS SEVEN,0.6402,0.0164,0.3434
HEARTS THREE CLUBS QUEEN,0.5484,0.2218,0.2298
DIAMONDS THREE DIAMONDS TEN,0.6176,0.0126,0.3698
CLUBS KING DIAMONDS FIVE,0.4084,0.0062,0.5854
SPADES QUEEN SPADES THREE,0.51,0.2166,0.2734
CLUBS ACE DIAMONDS FOUR,0.4152,0.0042,0.5806
SPADES ACE SPADES NINE,0.3528,0.004,0.6432
CLUBS FIVE HEARTS TEN,0.6366,0.0102,0.3532
CLUBS FIVE SPADES TWO,0.6344,0.0102,0.3554
CLUBS JACK DIAMONDS ACE,0.3554,0.0042,0.6404
CLUBS EIGHT CLUBS SIX,0.6392,0.0426,0.3182
HEARTS THREE DIAMONDS SEVEN,0.6638,0.0134,0.3228
DIAMONDS KING HEARTS KING,0.1378,0.006,0.8562
SPADES SEVEN HEARTS JACK,0.6268,0.0112,0.362
DIAMONDS NINE HEARTS QUEEN,0.221,0.1746,0.6044
SPADES FIVE CLUBS TWO,0.6338,0.0138,0.3524
CLUBS SEVEN DIAMONDS EIGHT,0.6882,0.0448,0.267
HEARTS QUEEN HEARTS JACK,0.2204,0.0874,0.6922
SPADES ACE HEARTS FIVE,0.4036,0.003,0.5934
SPADES NINE DIAMONDS TEN,0.5714,0.0098,0.4188
SPADES KING SPADES EIGHT,0.242,0.0338,0.7242
CLUBS SIX DIAMONDS KING,0.3848,0.0046,0.6106
DIAMONDS ACE DIAMONDS FOUR,0.3844,0.0032,0.6124
SPADES NINE SPADES SIX,0.571,0.0098,0.4192
CLUBS SIX DIAMONDS ACE,0.3944,0.005,0.6006
CLUBS JACK CLUBS EIGHT,0.6616,0.0434,0.295
DIAMONDS TWO CLUBS SEVEN,0.678,0.0132,0.3088
HEARTS THREE DIAMONDS EIGHT,0.7276,0.053,0.2194
CLUBS JACK CLUBS THREE,0.6002,0.0114,0.3884
CLUBS ACE DIAMONDS SIX,0.411,0.0042,0.5848
SPADES NINE CLUBS ACE,0.376,0.0046,0.6194
SPADES FIVE DIAMONDS SEVEN,0.632,0.012,0.356
HEARTS ACE HEARTS JACK,0.3426,0.0054,0.652
DIAMONDS JACK HEARTS KING,0.3454,0.0094,0.6452
HEARTS QUEEN DIAMONDS SIX,0.5432,0.2384,0.2184
DIAMONDS ACE HEARTS JACK,0.3588,0.005,0.6362
SPADES KING HEARTS ACE,0.326,0.0054,0.6686
CLUBS JACK SPADES FIVE,0.621,0.0096,0.3694
CLUBS JACK CLUBS KING,0.3286,0.008,0.6634
CLUBS JACK SPADES SIX,0.6346,0.0102,0.3552
CLUBS TEN DIAMONDS KING,0.3456,0.0052,0.6492
DIAMONDS THREE SPADES SIX,0.6344,0.011,0.3546
SPADES FIVE DIAMONDS NINE,0.6212,0.0102,0.3686
HEARTS FOUR DIAMONDS FIVE,0.6216,0.0124,0.366
SPADES FOUR HEARTS KING,0.4056,0.0106,0.5838
CLUBS THREE CLUBS KING,0.383,0.0064,0.6106
SPADES QUEEN DIAMONDS FIVE,0.5396,0.2336,0.2268
SPADES FIVE DIAMONDS SIX,0.621,0.0122,0.3668
CLUBS TEN CLUBS TWO,0.5912,0.0086,0.4002
HEARTS SIX DIAMONDS NINE,0.6262,0.0106,0.3632
HEARTS TWO SPADES FIVE,0.6404,0.0132,0.3464
HEARTS SEVEN CLUBS NINE,0.626,0.011,0.363
HEARTS KING CLUBS QUEEN,0.2176,0.0294,0.753
DIAMONDS FIVE CLUBS QUEEN,0.5614,0.2138,0.2248
HEARTS FOUR CLUBS SIX,0.643,0.0128,0.3442
SPADES NINE SPADES FIVE,0.5932,0.0094,0.3974
DIAMONDS ACE SPADES THREE,0.4144,0.0046,0.581
CLUBS EIGHT SPADES EIGHT,0.2922,0.0272,0.6806
HEARTS SIX DIAMONDS FOUR,0.6212,0.014,0.3648
SPADES TEN HEARTS TWO,0.6416,0.013,0.3454
SPADES ACE CLUBS SIX,0.4008,0.0028,0.5964
CLUBS FIVE HEARTS JACK,0.628,0.0132,0.3588
CLUBS FIVE SPADES FIVE,0.4496,0.0238,0.5266
CLUBS EIGHT SPADES FIVE,0.694,0.0436,0.2624
HEARTS SIX DIAMONDS ACE,0.3852,0.0046,0.6102
HEARTS SEVEN DIAMONDS SIX,0.622,0.0134,0.3646
SPADES FIVE HEARTS JACK,0.6324,0.01,0.3576
SPADES KING CLUBS EIGHT,0.248,0.031,0.721
HEARTS SIX SPADES NINE,0.6226,0.0102,0.3672
CLUBS SEVEN CLUBS THREE,0.6186,0.0102,0.3712
CLUBS TWO DIAMONDS EIGHT,0.7334,0.0486,0.218
CLUBS EIGHT DIAMONDS KING,0.2456,0.0294,0.725
HEARTS SIX HEARTS NINE,0.5726,0.0098,0.4176
SPADES SIX CLUBS TWO,0.6516,0.0118,0.3366
CLUBS TEN DIAMONDS ACE,0.3502,0.004,0.6458
SPADES SEVEN CLUBS QUEEN,0.549,0.2194,0.2316
CLUBS FOUR HEARTS NINE,0.6408,0.0118,0.3474
SPADES JACK HEARTS NINE,0.5736,0.0124,0.414
CLUBS TWO HEARTS JACK,0.6354,0.0112,0.3534
DIAMONDS NINE SPADES TWO,0.6424,0.01,0.3476
CLUBS SEVEN HEARTS JACK,0.623,0.0096,0.3674
DIAMONDS SEVEN DIAMONDS FOUR,0.6112,0.0104,0.3784
SPADES QUEEN HEARTS KING,0.2316,0.0264,0.742
CLUBS TEN SPADES QUEEN,0.2294,0.1164,0.6542
SPADES KING CLUBS ACE,0.3382,0.004,0.6578
HEARTS TWO DIAMONDS KING,0.4018,0.0084,0.5898
HEARTS TWO SPADES FOUR,0.6434,0.0128,0.3438
DIAMONDS JACK CLUBS ACE,0.3692,0.003,0.6278
DIAMONDS THREE HEARTS THREE,0.4428,0.0238,0.5334
CLUBS EIGHT HEARTS ACE,0.2508,0.025,0.7242
CLUBS SEVEN CLUBS ACE,0.375,0.0036,0.6214
CLUBS THREE SPADES THREE,0.4542,0.0226,0.5232
SPADES NINE DIAMONDS KING,0.3564,0.0078,0.6358
SPADES EIGHT DIAMONDS FOUR,0.7084,0.0456,0.246
CLUBS NINE DIAMONDS JACK,0.5716,0.0102,0.4182
SPADES TEN DIAMONDS SIX,0.6398,0.0092,0.351
CLUBS NINE SPADES EIGHT,0.677,0.0322,0.2908
SPADES TEN HEARTS TEN,0.2974,0.0124,0.6902
CLUBS EIGHT HEARTS KING,0.246,0.0314,0.7226
DIAMONDS NINE HEARTS KING,0.364,0.0088,0.6272
HEARTS SEVEN HEARTS THREE,0.6106,0.0118,0.3776
SPADES EIGHT DIAMONDS KING,0.2388,0.0312,0.73
HEARTS SEVEN CLUBS THREE,0.6384,0.011,0.3506
HEARTS THREE HEARTS KING,0.3904,0.008,0.6016
SPADES EIGHT HEARTS QUEEN,0.0118,0.9716,0.0166
SPADES TWO DIAMONDS SIX,0.6546,0.011,0.3344
CLUBS TWO DIAMONDS SIX,0.6522,0.0116,0.3362
DIAMONDS THREE DIAMONDS TWO,0.6174,0.014,0.3686
CLUBS NINE SPADES JACK,0.5752,0.0094,0.4154
CLUBS TEN CLUBS FIVE,0.595,0.0098,0.3952
HEARTS KING CLUBS ACE,0.3312,0.0054,0.6634
CLUBS NINE HEARTS KING,0.3484,0.0076,0.644
SPADES ACE HEARTS QUEEN,0.2354,0.015,0.7496
DIAMONDS EIGHT CLUBS KING,0.2594,0.0328,0.7078
HEARTS TWO DIAMONDS TEN,0.6374,0.0144,0.3482
SPADES FIVE DIAMONDS TEN,0.6352,0.0108,0.354
HEARTS FIVE DIAMONDS KING,0.4112,0.0072,0.5816
SPADES EIGHT CLUBS KING,0.2488,0.0304,0.7208
DIAMONDS SIX HEARTS TEN,0.6312,0.011,0.3578
HEARTS TWO HEARTS NINE,0.5966,0.0128,0.3906
CLUBS SIX SPADES TWO,0.6412,0.0114,0.3474
DIAMONDS JACK SPADES FOUR,0.6358,0.0106,0.3536
SPADES ACE HEARTS FOUR,0.4136,0.0048,0.5816
CLUBS JACK SPADES TEN,0.5496,0.0102,0.4402
SPADES FIVE HEARTS QUEEN,0.5314,0.2276,0.241
SPADES NINE SPADES THREE,0.596,0.0124,0.3916
HEARTS TWO CLUBS TWO,0.4484,0.0264,0.5252
DIAMONDS TWO HEARTS ACE,0.3996,0.006,0.5944
DIAMONDS EIGHT HEARTS JACK,0.6982,0.0434,0.2584
CLUBS FIVE DIAMONDS SIX,0.6118,0.011,0.3772
CLUBS FOUR HEARTS TEN,0.6332,0.0132,0.3536
CLUBS JACK SPADES FOUR,0.6406,0.0116,0.3478
CLUBS TEN CLUBS THREE,0.596,0.0116,0.3924
HEARTS FOUR DIAMONDS SEVEN,0.6462,0.0126,0.3412
CLUBS SIX SPADES FOUR,0.6226,0.0124,0.365
HEARTS SEVEN DIAMONDS KING,0.4066,0.0072,0.5862
HEARTS TWO SPADES TWO,0.4544,0.0262,0.5194
HEARTS FIVE HEARTS TWO,0.6176,0.0146,0.3678
DIAMONDS NINE DIAMONDS SIX,0.59,0.0106,0.3994
SPADES ACE HEARTS KING,0.3288,0.0036,0.6676
CLUBS NINE SPADES FIVE,0.6326,0.0104,0.357
SPADES FOUR HEARTS NINE,0.6354,0.0102,0.3544
CLUBS TEN DIAMONDS JACK,0.5714,0.0106,0.418
CLUBS FIVE HEARTS NINE,0.6312,0.011,0.3578
CLUBS TEN SPADES FOUR,0.636,0.0124,0.3516
HEARTS SIX HEARTS JACK,0.6108,0.012,0.3772
CLUBS EIGHT HEARTS FOUR,0.7108,0.0522,0.237
DIAMONDS TEN HEARTS TEN,0.2946,0.0142,0.6912
SPADES TWO CLUBS KING,0.4202,0.007,0.5728
HEARTS ACE HEARTS NINE,0.3606,0.0046,0.6348
SPADES QUEEN SPADES FOUR,0.5188,0.2074,0.2738
DIAMONDS THREE SPADES QUEEN,0.5446,0.23,0.2254
CLUBS FOUR CLUBS KING,0.3896,0.0072,0.6032
SPADES ACE HEARTS ACE,0.1348,0.0026,0.8626
SPADES KING DIAMONDS TEN,0.3454,0.0086,0.646
SPADES NINE CLUBS FOUR,0.6414,0.0122,0.3464
HEARTS TWO DIAMONDS ACE,0.4136,0.0072,0.5792
HEARTS SIX SPADES QUEEN,0.552,0.2256,0.2224
SPADES JACK HEARTS KING,0.35,0.0056,0.6444
SPADES QUEEN SPADES TWO,0.518,0.2066,0.2754
CLUBS NINE DIAMONDS KING,0.357,0.0084,0.6346
CLUBS FOUR HEARTS QUEEN,0.5434,0.224,0.2326
CLUBS FOUR DIAMONDS EIGHT,0.7084,0.0508,0.2408
DIAMONDS THREE CLUBS KING,0.4108,0.0064,0.5828
SPADES NINE HEARTS QUEEN,0.231,0.1682,0.6008
HEARTS THREE SPADES NINE,0.6348,0.0134,0.3518
HEARTS FOUR CLUBS THREE,0.6446,0.0114,0.344
HEARTS THREE HEARTS TEN,0.6088,0.0106,0.3806
HEARTS SEVEN SPADES QUEEN,0.5658,0.2204,0.2138
CLUBS EIGHT CLUBS FIVE,0.6486,0.044,0.3074
CLUBS FIVE CLUBS ACE,0.3814,0.0036,0.615
CLUBS JACK HEARTS NINE,0.5816,0.0116,0.4068
HEARTS ACE DIAMONDS EIGHT,0.2402,0.0252,0.7346
CLUBS FIVE DIAMONDS FIVE,0.4432,0.0232,0.5336
SPADES SEVEN SPADES SIX,0.5834,0.0104,0.4062
SPADES SIX DIAMONDS FIVE,0.6284,0.0096,0.362
CLUBS TWO CLUBS QUEEN,0.513,0.217,0.27
SPADES KING CLUBS QUEEN,0.226,0.0248,0.7492
SPADES THREE SPADES TWO,0.6112,0.0114,0.3774
HEARTS ACE CLUBS QUEEN,0.2498,0.015,0.7352
HEARTS KING DIAMONDS FOUR,0.408,0.0082,0.5838
SPADES KING SPADES THREE,0.389,0.0084,0.6026
SPADES TEN HEARTS ACE,0.3568,0.0022,0.641
HEARTS TWO SPADES THREE,0.655,0.0126,0.3324
DIAMONDS TEN CLUBS QUEEN,0.2372,0.116,0.6468
CLUBS FOUR CLUBS QUEEN,0.5258,0.1934,0.2808
SPADES EIGHT DIAMONDS TEN,0.6964,0.0422,0.2614
SPADES SIX HEARTS ACE,0.3984,0.0036,0.598
CLUBS TEN CLUBS SEVEN,0.5756,0.01,0.4144
HEARTS ACE SPADES THREE,0.4054,0.0038,0.5908
HEARTS THREE CLUBS FIVE,0.6416,0.0108,0.3476
CLUBS TWO DIAMONDS FIVE,0.6498,0.011,0.3392
CLUBS FIVE SPADES FOUR,0.6018,0.012,0.3862
CLUBS EIGHT CLUBS FOUR,0.6588,0.0472,0.294
CLUBS TWO SPADES FOUR,0.6416,0.0112,0.3472
HEARTS THREE CLUBS KING,0.4154,0.0098,0.5748
HEARTS SIX CLUBS FIVE,0.608,0.0112,0.3808
SPADES TWO DIAMONDS SEVEN,0.6734,0.0124,0.3142
DIAMONDS TEN SPADES THREE,0.6374,0.0126,0.35
SPADES JACK SPADES FOUR,0.6046,0.0088,0.3866
SPADES KING SPADES FIVE,0.3826,0.0052,0.6122
DIAMONDS THREE HEARTS FOUR,0.6464,0.0122,0.3414
HEARTS THREE DIAMONDS KING,0.4132,0.0074,0.5794
SPADES TEN HEARTS NINE,0.5596,0.0112,0.4292
SPADES ACE HEARTS JACK,0.345,0.0048,0.6502
HEARTS KING HEARTS QUEEN,0.2188,0.0272,0.754
SPADES QUEEN HEARTS FOUR,0.5414,0.2298,0.2288
CLUBS NINE DIAMONDS FOUR,0.645,0.0128,0.3422
CLUBS SEVEN DIAMONDS JACK,0.6242,0.0076,0.3682
SPADES FIVE HEARTS NINE,0.6252,0.009,0.3658
SPADES JACK DIAMONDS KING,0.3504,0.0068,0.6428
SPADES NINE SPADES FOUR,0.6018,0.0108,0.3874
SPADES FOUR CLUBS KING,0.4096,0.0044,0.586
DIAMONDS THREE CLUBS SIX,0.6338,0.0134,0.3528
SPADES TEN CLUBS THREE,0.6374,0.01,0.3526
CLUBS TWO DIAMONDS NINE,0.6366,0.0104,0.353
HEARTS FOUR HEARTS QUEEN,0.517,0.218,0.265
SPADES SEVEN SPADES FOUR,0.6138,0.0116,0.3746
DIAMONDS TWO SPADES EIGHT,0.7304,0.0508,0.2188
CLUBS TEN DIAMONDS TEN,0.2892,0.013,0.6978
CLUBS JACK DIAMONDS THREE,0.6368,0.0124,0.3508
DIAMONDS TEN HEARTS QUEEN,0.2256,0.121,0.6534
DIAMONDS SEVEN HEARTS TEN,0.63,0.0134,0.3566
SPADES FIVE CLUBS ACE,0.378,0.0048,0.6172
CLUBS SIX CLUBS THREE,0.6112,0.0128,0.376
HEARTS SEVEN CLUBS FIVE,0.63,0.0104,0.3596
CLUBS FOUR DIAMONDS TEN,0.6448,0.0116,0.3436
HEARTS FIVE SPADES THREE,0.616,0.0138,0.3702
SPADES QUEEN SPADES EIGHT,0.0226,0.9052,0.0722
CLUBS NINE HEARTS FOUR,0.649,0.0102,0.3408
DIAMONDS THREE CLUBS SEVEN,0.6584,0.0142,0.3274
HEARTS SEVEN HEARTS NINE,0.582,0.0106,0.4074
SPADES JACK SPADES THREE,0.591,0.009,0.4
DIAMONDS THREE SPADES FOUR,0.6346,0.0124,0.353
HEARTS SEVEN SPADES TWO,0.6798,0.0114,0.3088
SPADES ACE SPADES SEVEN,0.394,0.0036,0.6024
CLUBS THREE HEARTS NINE,0.6444,0.01,0.3456
SPADES ACE CLUBS NINE,0.373,0.0048,0.6222
CLUBS FIVE CLUBS KING,0.38,0.0066,0.6134
HEARTS FIVE HEARTS FOUR,0.5898,0.009,0.4012
DIAMONDS TWO DIAMONDS FOUR,0.6184,0.0118,0.3698
SPADES TEN SPADES SEVEN,0.57,0.01,0.42
CLUBS NINE CLUBS SIX,0.5822,0.009,0.4088
CLUBS FOUR SPADES THREE,0.621,0.0128,0.3662
DIAMONDS TWO CLUBS THREE,0.656,0.0158,0.3282
CLUBS SEVEN SPADES SIX,0.6074,0.0104,0.3822
SPADES ACE CLUBS FIVE,0.4064,0.0038,0.5898
DIAMONDS THREE SPADES KING,0.414,0.009,0.577
DIAMONDS ACE DIAMONDS SEVEN,0.3878,0.0054,0.6068
SPADES SEVEN HEARTS KING,0.3926,0.0062,0.6012
SPADES KING HEARTS SIX,0.406,0.0068,0.5872
HEARTS SEVEN SPADES SEVEN,0.4204,0.0206,0.559
DIAMONDS THREE HEARTS FIVE,0.6382,0.0136,0.3482
SPADES TEN SPADES SIX,0.5878,0.0094,0.4028
CLUBS THREE HEARTS ACE,0.3944,0.005,0.6006
DIAMONDS TWO DIAMONDS TEN,0.6024,0.0124,0.3852
HEARTS KING DIAMONDS SEVEN,0.3876,0.0088,0.6036
SPADES KING HEARTS JACK,0.358,0.005,0.637
CLUBS JACK SPADES TWO,0.6342,0.012,0.3538
DIAMONDS JACK HEARTS JACK,0.272,0.0096,0.7184
HEARTS FIVE DIAMONDS JACK,0.6454,0.0098,0.3448
SPADES TEN DIAMONDS FOUR,0.6484,0.0104,0.3412
DIAMONDS THREE CLUBS EIGHT,0.72,0.0506,0.2294
SPADES QUEEN HEARTS NINE,0.2134,0.1678,0.6188
CLUBS SEVEN CLUBS KING,0.3784,0.0058,0.6158
DIAMONDS TWO SPADES SIX,0.658,0.0116,0.3304
SPADES SIX HEARTS NINE,0.6224,0.009,0.3686
HEARTS SEVEN DIAMONDS EIGHT,0.7014,0.0478,0.2508
SPADES NINE SPADES EIGHT,0.6408,0.039,0.3202
DIAMONDS THREE HEARTS ACE,0.4148,0.006,0.5792
SPADES KING HEARTS TWO,0.4218,0.008,0.5702
CLUBS FIVE DIAMONDS EIGHT,0.6988,0.0454,0.2558
SPADES FOUR DIAMONDS FIVE,0.62,0.0128,0.3672
CLUBS SEVEN CLUBS TWO,0.6308,0.01,0.3592
CLUBS TEN DIAMONDS NINE,0.5818,0.0112,0.407
CLUBS SEVEN HEARTS TEN,0.6184,0.0092,0.3724
DIAMONDS EIGHT CLUBS QUEEN,0.0192,0.971,0.0098
SPADES FOUR HEARTS ACE,0.4014,0.0064,0.5922
SPADES QUEEN DIAMONDS FOUR,0.5524,0.2162,0.2314
DIAMONDS TEN HEARTS ACE,0.3576,0.0036,0.6388
HEARTS THREE SPADES SEVEN,0.653,0.0128,0.3342
DIAMONDS THREE DIAMONDS ACE,0.3968,0.004,0.5992
DIAMONDS THREE DIAMONDS FOUR,0.6028,0.012,0.3852
HEARTS FIVE CLUBS SEVEN,0.6204,0.0156,0.364
CLUBS JACK DIAMONDS KING,0.3298,0.0074,0.6628
DIAMONDS ACE HEARTS KING,0.3226,0.004,0.6734
CLUBS EIGHT SPADES TWO,0.7188,0.0528,0.2284
HEARTS SIX SPADES EIGHT,0.695,0.0436,0.2614
SPADES SEVEN SPADES TWO,0.6272,0.0116,0.3612
SPADES SEVEN DIAMONDS NINE,0.6172,0.0086,0.3742
CLUBS NINE DIAMONDS SEVEN,0.6112,0.0088,0.38
DIAMONDS TWO SPADES TEN,0.6416,0.0102,0.3482
CLUBS SIX DIAMONDS JACK,0.6514,0.009,0.3396
SPADES SIX HEARTS QUEEN,0.5482,0.2334,0.2184
CLUBS NINE CLUBS QUEEN,0.2118,0.154,0.6342
DIAMONDS ACE SPADES TWO,0.4034,0.006,0.5906
CLUBS EIGHT SPADES SEVEN,0.6768,0.0474,0.2758
HEARTS SEVEN DIAMONDS FOUR,0.6634,0.0134,0.3232
DIAMONDS JACK DIAMONDS FIVE,0.6106,0.0104,0.379
SPADES TEN DIAMONDS TEN,0.3004,0.0134,0.6862
DIAMONDS TWO HEARTS JACK,0.6394,0.0116,0.349
HEARTS FOUR HEARTS THREE,0.6026,0.0144,0.383
SPADES TEN HEARTS KING,0.3316,0.0054,0.663
CLUBS JACK CLUBS NINE,0.5378,0.0096,0.4526
SPADES QUEEN SPADES SIX,0.5146,0.2104,0.275
CLUBS SEVEN HEARTS NINE,0.6008,0.0122,0.387
HEARTS SIX CLUBS FOUR,0.6282,0.0104,0.3614
SPADES ACE HEARTS SEVEN,0.3992,0.0034,0.5974
CLUBS TWO DIAMONDS FOUR,0.6472,0.0124,0.3404
HEARTS SEVEN CLUBS FOUR,0.6488,0.011,0.3402
DIAMONDS THREE CLUBS FOUR,0.6302,0.0142,0.3556
CLUBS JACK DIAMONDS FOUR,0.63,0.0108,0.3592
CLUBS TEN CLUBS SIX,0.5912,0.008,0.4008
CLUBS SIX DIAMONDS EIGHT,0.6874,0.0394,0.2732
SPADES ACE CLUBS JACK,0.3586,0.0046,0.6368
SPADES EIGHT SPADES THREE,0.6834,0.0462,0.2704
DIAMONDS ACE HEARTS QUEEN,0.2232,0.0154,0.7614
SPADES QUEEN CLUBS FIVE,0.5532,0.2272,0.2196
DIAMONDS THREE HEARTS TWO,0.6496,0.0146,0.3358
DIAMONDS THREE SPADES TEN,0.6392,0.0102,0.3506
SPADES JACK SPADES NINE,0.5394,0.012,0.4486
HEARTS FOUR SPADES NINE,0.6246,0.0112,0.3642
DIAMONDS TWO SPADES SEVEN,0.6642,0.0098,0.326
HEARTS FIVE SPADES FIVE,0.4382,0.019,0.5428
HEARTS FIVE SPADES JACK,0.6362,0.0114,0.3524
HEARTS FIVE HEARTS NINE,0.593,0.0124,0.3946
SPADES ACE DIAMONDS THREE,0.4162,0.004,0.5798
HEARTS KING SPADES TWO,0.407,0.0062,0.5868
SPADES TEN CLUBS SEVEN,0.616,0.0098,0.3742
SPADES ACE DIAMONDS JACK,0.3642,0.0036,0.6322
SPADES KING HEARTS QUEEN,0.223,0.0268,0.7502
SPADES QUEEN DIAMONDS ACE,0.2292,0.017,0.7538
DIAMONDS NINE HEARTS NINE,0.3076,0.02,0.6724
CLUBS ACE CLUBS QUEEN,0.2348,0.0126,0.7526
SPADES JACK HEARTS TWO,0.6486,0.0112,0.3402
HEARTS ACE HEARTS KING,0.3158,0.0036,0.6806
CLUBS JACK HEARTS SEVEN,0.6236,0.0118,0.3646
CLUBS QUEEN HEARTS NINE,0.2196,0.1706,0.6098
CLUBS THREE SPADES FIVE,0.6266,0.0128,0.3606
CLUBS TEN HEARTS TWO,0.6386,0.0098,0.3516
HEARTS JACK DIAMONDS FOUR,0.6358,0.0112,0.353
SPADES JACK HEARTS JACK,0.2888,0.0114,0.6998
SPADES TEN SPADES EIGHT,0.6542,0.0418,0.304
CLUBS ACE HEARTS NINE,0.3708,0.0036,0.6256
SPADES NINE DIAMONDS NINE,0.3032,0.0152,0.6816
CLUBS NINE HEARTS JACK,0.5688,0.0112,0.42
HEARTS TWO DIAMONDS SEVEN,0.669,0.0116,0.3194
DIAMONDS ACE CLUBS KING,0.316,0.0042,0.6798
CLUBS THREE DIAMONDS SEVEN,0.6548,0.0118,0.3334
SPADES KING CLUBS FIVE,0.4068,0.0066,0.5866
SPADES FIVE DIAMONDS FOUR,0.615,0.0102,0.3748
CLUBS JACK SPADES NINE,0.5734,0.0112,0.4154
DIAMONDS KING HEARTS NINE,0.348,0.0068,0.6452
DIAMONDS TWO SPADES JACK,0.6434,0.0116,0.345
CLUBS EIGHT CLUBS TWO,0.6762,0.046,0.2778
DIAMONDS ACE DIAMONDS NINE,0.3546,0.0052,0.6402
HEARTS FIVE CLUBS FIVE,0.4368,0.0224,0.5408
CLUBS TEN SPADES EIGHT,0.6962,0.0378,0.266
CLUBS SEVEN HEARTS KING,0.3996,0.0066,0.5938
DIAMONDS TWO HEARTS KING,0.401,0.0116,0.5874
SPADES FOUR HEARTS TEN,0.6424,0.0124,0.3452
CLUBS EIGHT HEARTS JACK,0.7118,0.038,0.2502
HEARTS THREE CLUBS SIX,0.6426,0.0116,0.3458
SPADES ACE SPADES SIX,0.3728,0.0046,0.6226
SPADES QUEEN CLUBS ACE,0.2506,0.0168,0.7326
HEARTS SIX HEARTS ACE,0.3814,0.0062,0.6124
HEARTS ACE SPADES TWO,0.4068,0.0062,0.587
HEARTS SEVEN SPADES SIX,0.6202,0.0118,0.368
HEARTS SIX HEARTS FIVE,0.5732,0.01,0.4168
CLUBS JACK DIAMONDS TWO,0.6374,0.0116,0.351
HEARTS SIX SPADES SIX,0.4388,0.0178,0.5434
SPADES FIVE SPADES THREE,0.5834,0.0104,0.4062
HEARTS THREE SPADES FOUR,0.6312,0.0112,0.3576
DIAMONDS ACE CLUBS THREE,0.411,0.0042,0.5848
CLUBS EIGHT CLUBS SEVEN,0.6532,0.0428,0.304
SPADES QUEEN DIAMONDS JACK,0.2472,0.0892,0.6636
HEARTS SIX SPADES FOUR,0.638,0.0126,0.3494
CLUBS NINE SPADES NINE,0.3018,0.0172,0.681
DIAMONDS KING CLUBS ACE,0.335,0.0046,0.6604
HEARTS SIX SPADES JACK,0.6436,0.0072,0.3492
CLUBS FIVE HEARTS ACE,0.3962,0.0058,0.598
SPADES FOUR DIAMONDS EIGHT,0.7106,0.0466,0.2428
SPADES TEN DIAMONDS EIGHT,0.7056,0.0388,0.2556
DIAMONDS TWO CLUBS KING,0.4236,0.0066,0.5698
CLUBS SEVEN HEARTS QUEEN,0.5516,0.2294,0.219
CLUBS FOUR HEARTS ACE,0.3978,0.0048,0.5974
CLUBS TEN CLUBS NINE,0.519,0.01,0.471
DIAMONDS THREE DIAMONDS EIGHT,0.7002,0.0458,0.254
SPADES ACE DIAMONDS FOUR,0.3986,0.0054,0.596
HEARTS SIX SPADES SEVEN,0.6194,0.0118,0.3688
DIAMONDS THREE DIAMONDS SEVEN,0.6168,0.0106,0.3726
HEARTS THREE SPADES TWO,0.654,0.013,0.333
DIAMONDS TEN CLUBS KING,0.3522,0.007,0.6408
CLUBS JACK CLUBS TWO,0.6048,0.0086,0.3866
CLUBS JACK HEARTS FOUR,0.6282,0.0114,0.3604
SPADES JACK DIAMONDS SEVEN,0.6248,0.0112,0.364
SPADES EIGHT DIAMONDS SEVEN,0.687,0.0448,0.2682
DIAMONDS ACE CLUBS FOUR,0.397,0.0044,0.5986
DIAMONDS JACK SPADES FIVE,0.6384,0.0112,0.3504
HEARTS THREE HEARTS ACE,0.3956,0.0058,0.5986
SPADES JACK SPADES TEN,0.5158,0.0084,0.4758
SPADES JACK HEARTS TEN,0.5458,0.0058,0.4484
CLUBS TEN HEARTS JACK,0.5646,0.0092,0.4262
CLUBS TEN SPADES JACK,0.5704,0.007,0.4226
DIAMONDS NINE CLUBS KING,0.3562,0.0076,0.6362
CLUBS TEN HEARTS FOUR,0.6262,0.012,0.3618
CLUBS THREE HEARTS TEN,0.6502,0.0112,0.3386
SPADES JACK HEARTS FOUR,0.6438,0.0088,0.3474
CLUBS SIX CLUBS FIVE,0.5756,0.0092,0.4152
SPADES QUEEN CLUBS NINE,0.2246,0.1592,0.6162
DIAMONDS ACE CLUBS QUEEN,0.235,0.0132,0.7518
SPADES TEN CLUBS FOUR,0.6438,0.0114,0.3448
SPADES TEN SPADES NINE,0.5248,0.0102,0.465
CLUBS SIX SPADES SEVEN,0.6096,0.0094,0.381
CLUBS QUEEN DIAMONDS FOUR,0.5448,0.2266,0.2286
HEARTS SIX DIAMONDS SEVEN,0.6402,0.0118,0.348
DIAMONDS KING SPADES THREE,0.41,0.007,0.583
DIAMONDS TWO HEARTS FOUR,0.6552,0.0134,0.3314
SPADES NINE DIAMONDS JACK,0.5846,0.0104,0.405
SPADES EIGHT DIAMONDS JACK,0.7178,0.0382,0.244
CLUBS FIVE DIAMONDS KING,0.4186,0.0072,0.5742
SPADES ACE DIAMONDS ACE,0.1368,0.0034,0.8598
CLUBS SIX CLUBS FOUR,0.5786,0.0092,0.4122
CLUBS EIGHT CLUBS ACE,0.2494,0.0192,0.7314
HEARTS TWO CLUBS QUEEN,0.5586,0.2208,0.2206
DIAMONDS KING HEARTS QUEEN,0.2096,0.0334,0.757
DIAMONDS TWO SPADES QUEEN,0.5544,0.2272,0.2184
CLUBS SIX CLUBS QUEEN,0.5288,0.2048,0.2664
HEARTS TWO DIAMONDS FOUR,0.655,0.013,0.332
SPADES SIX DIAMONDS SEVEN,0.6194,0.0108,0.3698
CLUBS THREE SPADES TWO,0.6384,0.0136,0.348
HEARTS THREE DIAMONDS JACK,0.654,0.0132,0.3328
SPADES KING HEARTS KING,0.14,0.0024,0.8576
CLUBS NINE DIAMONDS FIVE,0.6294,0.0096,0.361
SPADES TEN HEARTS THREE,0.6254,0.0124,0.3622
HEARTS QUEEN HEARTS TEN,0.214,0.119,0.667
SPADES KING HEARTS FIVE,0.4014,0.0072,0.5914
SPADES KING SPADES SIX,0.38,0.0062,0.6138
SPADES JACK DIAMONDS ACE,0.3472,0.0068,0.646
HEARTS ACE DIAMONDS NINE,0.365,0.0062,0.6288
HEARTS FOUR SPADES TWO,0.6466,0.0166,0.3368
CLUBS NINE CLUBS KING,0.3458,0.0064,0.6478
SPADES ACE SPADES TWO,0.3938,0.0038,0.6024
HEARTS FOUR HEARTS TEN,0.5958,0.0128,0.3914
HEARTS FOUR CLUBS QUEEN,0.5522,0.2264,0.2214
SPADES NINE SPADES SEVEN,0.5664,0.0096,0.424
CLUBS JACK HEARTS JACK,0.2792,0.0112,0.7096
SPADES TEN DIAMONDS ACE,0.3592,0.0032,0.6376
SPADES SIX HEARTS JACK,0.646,0.011,0.343
CLUBS EIGHT DIAMONDS FOUR,0.7234,0.0452,0.2314
SPADES FIVE SPADES FOUR,0.571,0.0132,0.4158
CLUBS SEVEN DIAMONDS NINE,0.6166,0.0102,0.3732
DIAMONDS JACK DIAMONDS NINE,0.5528,0.015,0.4322
SPADES ACE DIAMONDS EIGHT,0.2538,0.0222,0.724
CLUBS FIVE SPADES THREE,0.6246,0.0096,0.3658
SPADES SEVEN CLUBS FOUR,0.6442,0.009,0.3468
CLUBS EIGHT HEARTS THREE,0.7226,0.0466,0.2308
DIAMONDS KING CLUBS KING,0.1464,0.0036,0.85
DIAMONDS TEN CLUBS ACE,0.3526,0.0032,0.6442
SPADES TWO HEARTS TEN,0.643,0.0126,0.3444
SPADES QUEEN CLUBS KING,0.2296,0.0246,0.7458
DIAMONDS ACE DIAMONDS FIVE,0.3842,0.0048,0.611
SPADES TEN SPADES FIVE,0.585,0.0112,0.4038
CLUBS FOUR DIAMONDS SIX,0.6288,0.012,0.3592
SPADES JACK HEARTS ACE,0.3474,0.0044,0.6482
SPADES ACE CLUBS EIGHT,0.252,0.0198,0.7282
HEARTS FIVE CLUBS SIX,0.599,0.013,0.388
SPADES FOUR SPADES TWO,0.5958,0.0098,0.3944
DIAMONDS ACE CLUBS ACE,0.1242,0.0026,0.8732
HEARTS FIVE DIAMONDS TEN,0.6494,0.0126,0.338
CLUBS NINE DIAMONDS TEN,0.5706,0.0108,0.4186
SPADES TEN CLUBS FIVE,0.638,0.0108,0.3512
SPADES FIVE HEARTS TEN,0.6352,0.0086,0.3562
HEARTS FIVE HEARTS KING,0.3868,0.006,0.6072
SPADES ACE SPADES KING,0.3222,0.005,0.6728
CLUBS NINE HEARTS NINE,0.2906,0.0176,0.6918
CLUBS FIVE DIAMONDS ACE,0.3864,0.0052,0.6084
SPADES EIGHT CLUBS FIVE,0.6976,0.0452,0.2572
SPADES ACE DIAMONDS KING,0.3354,0.0042,0.6604
DIAMONDS NINE DIAMONDS FOUR,0.6178,0.0134,0.3688
HEARTS QUEEN CLUBS QUEEN,0.0892,0.0208,0.89
SPADES FIVE HEARTS KING,0.391,0.0048,0.6042
CLUBS JACK SPADES THREE,0.6362,0.01,0.3538
DIAMONDS EIGHT HEARTS TEN,0.7028,0.037,0.2602
SPADES THREE HEARTS NINE,0.634,0.0146,0.3514
DIAMONDS THREE HEARTS TEN,0.643,0.0122,0.3448
SPADES SIX CLUBS ACE,0.4056,0.0024,0.592
HEARTS FIVE SPADES SEVEN,0.6302,0.0136,0.3562
DIAMONDS JACK SPADES THREE,0.64,0.0104,0.3496
CLUBS NINE CLUBS FIVE,0.5866,0.0098,0.4036
DIAMONDS EIGHT DIAMONDS FIVE,0.6688,0.0454,0.2858
CLUBS TEN SPADES NINE,0.5564,0.008,0.4356
HEARTS SIX HEARTS THREE,0.622,0.0108,0.3672
DIAMONDS KING SPADES TWO,0.4134,0.0072,0.5794
SPADES TEN CLUBS QUEEN,0.2372,0.1152,0.6476
CLUBS TEN DIAMONDS FIVE,0.6418,0.0084,0.3498
HEARTS TEN CLUBS QUEEN,0.2222,0.1216,0.6562
CLUBS NINE SPADES FOUR,0.6424,0.0082,0.3494
HEARTS TWO DIAMONDS SIX,0.6558,0.013,0.3312
DIAMONDS THREE DIAMONDS NINE,0.6118,0.0138,0.3744
SPADES NINE DIAMONDS ACE,0.377,0.0052,0.6178
DIAMONDS EIGHT HEARTS NINE,0.6796,0.0416,0.2788
HEARTS THREE SPADES FIVE,0.6248,0.0122,0.363
DIAMONDS TWO HEARTS QUEEN,0.5536,0.23,0.2164
DIAMONDS TWO DIAMONDS FIVE,0.6064,0.0134,0.3802
CLUBS TWO DIAMONDS TEN,0.647,0.0106,0.3424
HEARTS SIX HEARTS KING,0.3894,0.0064,0.6042
HEARTS SEVEN CLUBS EIGHT,0.692,0.0462,0.2618
CLUBS SIX SPADES EIGHT,0.6864,0.042,0.2716
HEARTS FIVE HEARTS JACK,0.607,0.0092,0.3838
HEARTS QUEEN CLUBS KING,0.2242,0.0256,0.7502
SPADES ACE SPADES FIVE,0.3784,0.0046,0.617
SPADES TEN SPADES THREE,0.6018,0.011,0.3872
CLUBS KING DIAMONDS FOUR,0.4118,0.0086,0.5796
SPADES QUEEN HEARTS THREE,0.5456,0.2256,0.2288
CLUBS SIX SPADES THREE,0.6414,0.0108,0.3478
HEARTS TWO CLUBS ACE,0.4056,0.0038,0.5906
CLUBS SEVEN HEARTS THREE,0.67,0.013,0.317
SPADES NINE CLUBS SIX,0.6266,0.0096,0.3638
SPADES SEVEN DIAMONDS FOUR,0.6462,0.0108,0.343
HEARTS FIVE CLUBS ACE,0.4054,0.0052,0.5894
SPADES EIGHT DIAMONDS NINE,0.6782,0.039,0.2828
CLUBS JACK CLUBS SIX,0.5934,0.0102,0.3964
DIAMONDS THREE HEARTS SIX,0.6436,0.0126,0.3438
DIAMONDS THREE HEARTS JACK,0.64,0.0134,0.3466
HEARTS FIVE HEARTS THREE,0.597,0.0146,0.3884
CLUBS NINE SPADES TEN,0.5648,0.011,0.4242
HEARTS FIVE SPADES SIX,0.6072,0.012,0.3808
CLUBS SIX DIAMONDS SEVEN,0.6188,0.0092,0.372
SPADES SIX SPADES FIVE,0.5734,0.0102,0.4164
CLUBS TEN DIAMONDS TWO,0.6504,0.0126,0.337
DIAMONDS JACK CLUBS TWO,0.6428,0.008,0.3492
DIAMONDS THREE CLUBS TEN,0.6388,0.0092,0.352
DIAMONDS THREE SPADES SEVEN,0.6532,0.0132,0.3336
DIAMONDS KING SPADES SIX,0.3836,0.0076,0.6088
SPADES ACE SPADES JACK,0.3284,0.004,0.6676
CLUBS TEN SPADES TEN,0.2976,0.0108,0.6916
HEARTS FIVE CLUBS QUEEN,0.5416,0.2304,0.228
HEARTS THREE SPADES THREE,0.4318,0.0236,0.5446
DIAMONDS TWO CLUBS TWO,0.4622,0.0254,0.5124
HEARTS FOUR HEARTS KING,0.3854,0.0078,0.6068
SPADES ACE HEARTS SIX,0.4132,0.0028,0.584
HEARTS SEVEN DIAMONDS NINE,0.6034,0.0116,0.385
SPADES KING SPADES NINE,0.3248,0.0084,0.6668
HEARTS FIVE CLUBS EIGHT,0.686,0.0458,0.2682
DIAMONDS ACE DIAMONDS TEN,0.3434,0.0048,0.6518
HEARTS SEVEN DIAMONDS JACK,0.6394,0.011,0.3496
HEARTS SIX CLUBS TWO,0.6558,0.0138,0.3304
HEARTS FOUR CLUBS KING,0.4112,0.008,0.5808
DIAMONDS JACK HEARTS NINE,0.5636,0.011,0.4254
HEARTS ACE DIAMONDS SEVEN,0.3928,0.0058,0.6014
DIAMONDS NINE CLUBS QUEEN,0.2372,0.1638,0.599
CLUBS JACK HEARTS ACE,0.3582,0.005,0.6368
SPADES QUEEN SPADES JACK,0.233,0.075,0.692
CLUBS TEN SPADES THREE,0.651,0.0086,0.3404
CLUBS JACK CLUBS TEN,0.5268,0.0086,0.4646
DIAMONDS TWO CLUBS NINE,0.6434,0.012,0.3446
SPADES TWO HEARTS JACK,0.6292,0.0122,0.3586
DIAMONDS THREE SPADES NINE,0.636,0.01,0.354
DIAMONDS TWO DIAMONDS EIGHT,0.701,0.048,0.251
DIAMONDS TWO SPADES TWO,0.45,0.0238,0.5262
SPADES EIGHT DIAMONDS FIVE,0.6968,0.0448,0.2584
CLUBS ACE DIAMONDS FIVE,0.4062,0.0054,0.5884
CLUBS SIX DIAMONDS SIX,0.4368,0.0208,0.5424
CLUBS SIX SPADES SIX,0.4388,0.0196,0.5416
HEARTS SIX DIAMONDS FIVE,0.6228,0.0138,0.3634
CLUBS THREE CLUBS TWO,0.6044,0.0128,0.3828
DIAMONDS TEN SPADES TWO,0.6364,0.0116,0.352
HEARTS THREE SPADES SIX,0.6448,0.0116,0.3436
CLUBS EIGHT HEARTS TWO,0.7354,0.0454,0.2192
CLUBS JACK SPADES QUEEN,0.2486,0.0912,0.6602
SPADES JACK SPADES TWO,0.5818,0.0122,0.406
DIAMONDS ACE SPADES SIX,0.4016,0.0046,0.5938
CLUBS FIVE DIAMONDS SEVEN,0.6406,0.0136,0.3458
DIAMONDS ACE DIAMONDS EIGHT,0.2448,0.0226,0.7326
SPADES ACE SPADES THREE,0.3784,0.005,0.6166
