opposingHand,winningChance,drawChance,lostChance
HEARTS SIX CLUBS THREE
HEARTS FIVE SPADES TEN,0.3904,0.031,0.5786
SPADES JACK HEARTS FIVE,0.374,0.02,0.606
CLUBS JACK SPADES FIVE,0.3566,0.0194,0.624
CLUBS TEN SPADES FIVE,0.3662,0.0292,0.6046
CLUBS JACK CLUBS EIGHT,0.3242,0.022,0.6538
CLUBS TEN CLUBS EIGHT,0.3206,0.028,0.6514
CLUBS EIGHT CLUBS KING,0.3358,0.0068,0.6574
SPADES FIVE CLUBS ACE,0.3612,0.004,0.6348
CLUBS EIGHT CLUBS QUEEN,0.3276,0.011,0.6614
SPADES FIVE CLUBS KING,0.372,0.0086,0.6194
SPADES FIVE CLUBS QUEEN,0.363,0.014,0.623
CLUBS EIGHT CLUBS ACE,0.3174,0.0046,0.678
DIAMONDS TWO DIAMONDS THREE,0.4454,0.2556,0.299
DIAMONDS TWO DIAMONDS FIVE,0.447,0.1506,0.4024
SPADES KING HEARTS FIVE,0.3712,0.0072,0.6216
DIAMONDS TWO DIAMONDS FOUR,0.4534,0.157,0.3896
SPADES QUEEN HEARTS FIVE,0.3668,0.0118,0.6214
DIAMONDS TWO DIAMONDS SEVEN,0.3842,0.0996,0.5162
DIAMONDS TWO DIAMONDS SIX,0.2544,0.4844,0.2612
SPADES ACE HEARTS FIVE,0.364,0.0066,0.6294
DIAMONDS TWO DIAMONDS NINE,0.3892,0.0384,0.5724
DIAMONDS TWO DIAMONDS EIGHT,0.3678,0.0684,0.5638
DIAMONDS THREE DIAMONDS FOUR,0.4422,0.259,0.2988
CLUBS TWO SPADES FOUR,0.499,0.1604,0.3406
DIAMONDS THREE DIAMONDS FIVE,0.444,0.2594,0.2966
SPADES FIVE CLUBS TWO,0.4954,0.161,0.3436
CLUBS TWO SPADES TWO,0.3364,0.142,0.5216
CLUBS TWO SPADES THREE,0.4866,0.2722,0.2412
DIAMONDS THREE DIAMONDS EIGHT,0.248,0.1408,0.6112
SPADES EIGHT CLUBS TWO,0.4164,0.0696,0.514
DIAMONDS THREE DIAMONDS NINE,0.2498,0.0966,0.6536
SPADES NINE CLUBS TWO,0.4092,0.0456,0.5452
DIAMONDS THREE DIAMONDS SIX,0.0178,0.9128,0.0694
SPADES SIX CLUBS TWO,0.263,0.5176,0.2194
DIAMONDS THREE DIAMONDS SEVEN,0.2352,0.1914,0.5734
SPADES SEVEN CLUBS TWO,0.413,0.1004,0.4866
CLUBS SIX CLUBS TWO,0.2514,0.4946,0.254
CLUBS SEVEN CLUBS TWO,0.3764,0.1074,0.5162
CLUBS FOUR CLUBS TWO,0.4636,0.1498,0.3866
CLUBS FIVE CLUBS TWO,0.4652,0.1492,0.3856
CLUBS TEN CLUBS JACK,0.3104,0.0172,0.6724
DIAMONDS FOUR DIAMONDS SIX,0.2066,0.4748,0.3186
CLUBS TEN CLUBS QUEEN,0.3006,0.0122,0.6872
DIAMONDS FOUR DIAMONDS SEVEN,0.3262,0.0964,0.5774
CLUBS TEN CLUBS KING,0.3224,0.008,0.6696
CLUBS TEN CLUBS ACE,0.333,0.004,0.663
CLUBS EIGHT CLUBS TWO,0.378,0.0684,0.5536
DIAMONDS FIVE DIAMONDS FOUR,0.3908,0.159,0.4502
CLUBS NINE CLUBS TWO,0.3774,0.0416,0.581
DIAMONDS NINE DIAMONDS FOUR,0.3482,0.045,0.6068
DIAMONDS EIGHT DIAMONDS FOUR,0.3392,0.0694,0.5914
DIAMONDS NINE DIAMONDS FIVE,0.3358,0.0464,0.6178
CLUBS JACK DIAMONDS TWO,0.3892,0.024,0.5868
DIAMONDS EIGHT DIAMONDS FIVE,0.3286,0.0646,0.6068
CLUBS TEN DIAMONDS TWO,0.3908,0.0282,0.581
DIAMONDS FIVE DIAMONDS SEVEN,0.313,0.104,0.583
DIAMONDS FIVE DIAMONDS SIX,0.2026,0.4158,0.3816
DIAMONDS TWO CLUBS ACE,0.3806,0.005,0.6144
DIAMONDS TWO CLUBS KING,0.3972,0.0086,0.5942
DIAMONDS TWO CLUBS QUEEN,0.41,0.0176,0.5724
DIAMONDS EIGHT DIAMONDS SIX,0.216,0.1454,0.6386
DIAMONDS NINE DIAMONDS SIX,0.2386,0.1062,0.6552
HEARTS ACE SPADES THREE,0.2428,0.018,0.7392
SPADES THREE HEARTS KING,0.2538,0.029,0.7172
DIAMONDS SEVEN DIAMONDS SIX,0.223,0.1914,0.5856
HEARTS QUEEN SPADES THREE,0.267,0.037,0.696
SPADES THREE HEARTS JACK,0.25,0.0496,0.7004
SPADES THREE HEARTS TEN,0.254,0.0826,0.6634
DIAMONDS EIGHT DIAMONDS SEVEN,0.3016,0.053,0.6454
DIAMONDS NINE DIAMONDS SEVEN,0.307,0.0372,0.6558
DIAMONDS NINE DIAMONDS EIGHT,0.3052,0.0364,0.6584
DIAMONDS KING HEARTS TEN,0.3396,0.0082,0.6522
HEARTS THREE HEARTS TEN,0.2574,0.0696,0.673
SPADES JACK CLUBS SIX,0.2472,0.0642,0.6886
DIAMONDS KING HEARTS JACK,0.3492,0.008,0.6428
HEARTS THREE HEARTS JACK,0.2536,0.0514,0.695
SPADES TEN CLUBS SIX,0.2468,0.0836,0.6696
SPADES JACK SPADES FIVE,0.3486,0.0202,0.6312
SPADES TEN SPADES FIVE,0.352,0.0252,0.6228
DIAMONDS KING HEARTS ACE,0.3648,0.0058,0.6294
HEARTS THREE HEARTS ACE,0.236,0.0148,0.7492
SPADES ACE CLUBS SIX,0.2468,0.0296,0.7236
DIAMONDS KING HEARTS QUEEN,0.3314,0.006,0.6626
HEARTS THREE HEARTS QUEEN,0.247,0.0396,0.7134
SPADES KING CLUBS SIX,0.2424,0.0424,0.7152
DIAMONDS KING HEARTS KING,0.148,0.016,0.836
HEARTS THREE HEARTS KING,0.259,0.0322,0.7088
SPADES QUEEN CLUBS SIX,0.2516,0.048,0.7004
SPADES NINE HEARTS TEN,0.323,0.0246,0.6524
SPADES NINE HEARTS JACK,0.3236,0.0168,0.6596
SPADES QUEEN SPADES FIVE,0.3486,0.0124,0.639
SPADES KING SPADES FIVE,0.351,0.0084,0.6406
SPADES ACE SPADES FIVE,0.3344,0.004,0.6616
SPADES NINE HEARTS QUEEN,0.3472,0.0138,0.639
SPADES NINE HEARTS KING,0.339,0.0064,0.6546
SPADES NINE HEARTS ACE,0.3442,0.004,0.6518
CLUBS TEN SPADES JACK,0.325,0.0152,0.6598
CLUBS TEN SPADES TEN,0.1548,0.0608,0.7844
SPADES ACE CLUBS TEN,0.3458,0.0042,0.65
CLUBS TEN SPADES KING,0.3286,0.0056,0.6658
CLUBS TEN SPADES QUEEN,0.3422,0.012,0.6458
SPADES FIVE HEARTS QUEEN,0.3746,0.012,0.6134
SPADES FIVE HEARTS KING,0.3586,0.011,0.6304
HEARTS ACE SPADES FIVE,0.3452,0.0064,0.6484
CLUBS EIGHT SPADES TEN,0.3378,0.024,0.6382
HEARTS THREE SPADES JACK,0.26,0.0524,0.6876
SPADES JACK DIAMONDS KING,0.3514,0.0038,0.6448
SPADES TEN DIAMONDS KING,0.3542,0.0066,0.6392
HEARTS THREE SPADES TEN,0.2634,0.0664,0.6702
CLUBS EIGHT SPADES JACK,0.3394,0.018,0.6426
CLUBS SIX HEARTS ACE,0.2372,0.0274,0.7354
SPADES ACE CLUBS EIGHT,0.3348,0.0056,0.6596
CLUBS JACK HEARTS FIVE,0.3806,0.0178,0.6016
CLUBS TEN HEARTS FIVE,0.3796,0.0294,0.591
CLUBS SIX HEARTS QUEEN,0.24,0.0558,0.7042
SPADES QUEEN CLUBS EIGHT,0.3452,0.011,0.6438
CLUBS TEN SPADES THREE,0.2588,0.0782,0.663
CLUBS SIX HEARTS KING,0.2346,0.0386,0.7268
SPADES KING CLUBS EIGHT,0.3404,0.0084,0.6512
CLUBS JACK SPADES THREE,0.2598,0.0508,0.6894
DIAMONDS TWO HEARTS JACK,0.412,0.0212,0.5668
SPADES THREE CLUBS QUEEN,0.2724,0.038,0.6896
DIAMONDS TWO HEARTS TEN,0.3936,0.0288,0.5776
SPADES THREE CLUBS KING,0.2608,0.0256,0.7136
HEARTS FIVE CLUBS ACE,0.3462,0.0058,0.648
SPADES FIVE HEARTS TEN,0.3732,0.0286,0.5982
SPADES THREE CLUBS ACE,0.2258,0.0146,0.7596
HEARTS FIVE CLUBS KING,0.3494,0.0086,0.642
SPADES FIVE HEARTS JACK,0.365,0.0248,0.6102
HEARTS FIVE CLUBS QUEEN,0.3752,0.012,0.6128
HEARTS THREE CLUBS KING,0.261,0.0292,0.7098
DIAMONDS KING CLUBS KING,0.1498,0.0166,0.8336
HEARTS THREE CLUBS QUEEN,0.2638,0.0394,0.6968
DIAMONDS KING CLUBS QUEEN,0.3384,0.0076,0.654
HEARTS FIVE HEARTS JACK,0.3532,0.0216,0.6252
HEARTS FIVE HEARTS TEN,0.355,0.0258,0.6192
HEARTS THREE CLUBS ACE,0.237,0.0138,0.7492
DIAMONDS KING CLUBS ACE,0.3472,0.0062,0.6466
SPADES ACE CLUBS QUEEN,0.3572,0.0032,0.6396
SPADES KING CLUBS QUEEN,0.3406,0.0066,0.6528
CLUBS JACK HEARTS THREE,0.2518,0.0516,0.6966
CLUBS JACK DIAMONDS KING,0.3396,0.0064,0.654
SPADES QUEEN CLUBS QUEEN,0.1532,0.0386,0.8082
CLUBS TEN HEARTS THREE,0.2712,0.0716,0.6572
CLUBS TEN DIAMONDS KING,0.339,0.0076,0.6534
SPADES JACK CLUBS QUEEN,0.3426,0.0082,0.6492
CLUBS SIX CLUBS QUEEN,0.2388,0.0564,0.7048
SPADES TEN CLUBS QUEEN,0.3286,0.009,0.6624
CLUBS SIX CLUBS KING,0.2304,0.0388,0.7308
CLUBS SIX CLUBS ACE,0.2432,0.022,0.7348
HEARTS FIVE HEARTS KING,0.3472,0.008,0.6448
HEARTS FIVE HEARTS QUEEN,0.3612,0.0128,0.626
CLUBS TEN CLUBS SIX,0.2432,0.0862,0.6706
HEARTS FIVE HEARTS ACE,0.3322,0.0068,0.661
CLUBS JACK CLUBS SIX,0.2496,0.0602,0.6902
SPADES SEVEN HEARTS JACK,0.3466,0.0172,0.6362
SPADES SEVEN HEARTS TEN,0.331,0.033,0.636
DIAMONDS TWO CLUBS TWO,0.338,0.142,0.52
DIAMONDS TWO HEARTS QUEEN,0.4072,0.0134,0.5794
HEARTS SEVEN DIAMONDS TWO,0.3964,0.1072,0.4964
DIAMONDS TWO HEARTS KING,0.4014,0.0114,0.5872
DIAMONDS TWO HEARTS EIGHT,0.4016,0.0662,0.5322
DIAMONDS TWO HEARTS ACE,0.3928,0.0044,0.6028
DIAMONDS TWO HEARTS NINE,0.4152,0.0456,0.5392
DIAMONDS TWO DIAMONDS QUEEN,0.3966,0.0114,0.592
DIAMONDS TWO HEARTS TWO,0.3378,0.139,0.5232
DIAMONDS TWO DIAMONDS KING,0.3838,0.0092,0.607
HEARTS THREE DIAMONDS TWO,0.4866,0.274,0.2394
DIAMONDS TWO DIAMONDS ACE,0.3786,0.0062,0.6152
HEARTS FOUR DIAMONDS TWO,0.4912,0.1664,0.3424
DIAMONDS TWO HEARTS FIVE,0.4818,0.1718,0.3464
SPADES SEVEN HEARTS ACE,0.3386,0.0054,0.656
DIAMONDS TWO DIAMONDS TEN,0.3772,0.0276,0.5952
SPADES SEVEN HEARTS KING,0.3524,0.0082,0.6394
DIAMONDS TWO DIAMONDS JACK,0.3758,0.02,0.6042
SPADES SEVEN HEARTS QUEEN,0.3442,0.0132,0.6426
DIAMONDS TWO SPADES NINE,0.3994,0.0408,0.5598
DIAMONDS TWO SPADES EIGHT,0.402,0.0686,0.5294
DIAMONDS TWO SPADES SEVEN,0.4064,0.1016,0.492
DIAMONDS TWO SPADES SIX,0.2622,0.5156,0.2222
DIAMONDS TWO SPADES FIVE,0.49,0.1572,0.3528
DIAMONDS TWO SPADES FOUR,0.4902,0.1614,0.3484
DIAMONDS TWO SPADES THREE,0.4798,0.2722,0.248
DIAMONDS TWO SPADES TWO,0.344,0.1402,0.5158
DIAMONDS TWO CLUBS NINE,0.3968,0.0476,0.5556
CLUBS EIGHT DIAMONDS TWO,0.3992,0.0672,0.5336
DIAMONDS TWO CLUBS SEVEN,0.4002,0.1006,0.4992
DIAMONDS TWO CLUBS SIX,0.2616,0.5174,0.221
DIAMONDS TWO CLUBS FIVE,0.486,0.1722,0.3418
DIAMONDS TWO CLUBS FOUR,0.4874,0.1606,0.352
CLUBS FOUR SPADES FIVE,0.4346,0.1516,0.4138
CLUBS FOUR SPADES FOUR,0.2252,0.131,0.6438
CLUBS FOUR SPADES THREE,0.4806,0.2698,0.2496
CLUBS FOUR SPADES TWO,0.4902,0.1648,0.345
SPADES NINE CLUBS FOUR,0.3664,0.0482,0.5854
SPADES EIGHT CLUBS FOUR,0.3572,0.0662,0.5766
CLUBS FOUR SPADES SEVEN,0.3358,0.105,0.5592
CLUBS FOUR SPADES SIX,0.2126,0.511,0.2764
SPADES ACE DIAMONDS SIX,0.2526,0.0288,0.7186
SPADES QUEEN DIAMONDS SIX,0.2582,0.0454,0.6964
SPADES KING DIAMONDS SIX,0.2566,0.0368,0.7066
SPADES TEN DIAMONDS SIX,0.2518,0.0818,0.6664
SPADES JACK DIAMONDS SIX,0.2592,0.0532,0.6876
SPADES QUEEN SPADES TWO,0.3826,0.0128,0.6046
SPADES KING SPADES TWO,0.378,0.007,0.615
SPADES ACE SPADES TWO,0.3662,0.0052,0.6286
CLUBS JACK DIAMONDS JACK,0.1496,0.0478,0.8026
CLUBS TEN DIAMONDS JACK,0.3286,0.011,0.6604
DIAMONDS JACK CLUBS KING,0.337,0.0072,0.6558
DIAMONDS JACK CLUBS QUEEN,0.3416,0.0078,0.6506
DIAMONDS THREE DIAMONDS JACK,0.252,0.0482,0.6998
DIAMONDS THREE DIAMONDS TEN,0.2558,0.0722,0.672
DIAMONDS JACK CLUBS ACE,0.33,0.0046,0.6654
DIAMONDS THREE DIAMONDS KING,0.2456,0.0228,0.7316
HEARTS THREE DIAMONDS THREE,0.263,0.1004,0.6366
DIAMONDS THREE DIAMONDS QUEEN,0.2474,0.0388,0.7138
DIAMONDS THREE HEARTS TWO,0.4948,0.2652,0.24
HEARTS FIVE DIAMONDS THREE,0.4856,0.2818,0.2326
DIAMONDS THREE DIAMONDS ACE,0.2256,0.0176,0.7568
HEARTS FOUR DIAMONDS THREE,0.4758,0.2778,0.2464
HEARTS SEVEN DIAMONDS THREE,0.2344,0.2012,0.5644
SPADES TEN SPADES NINE,0.3146,0.0226,0.6628
SPADES JACK SPADES NINE,0.321,0.0184,0.6606
DIAMONDS THREE HEARTS NINE,0.2524,0.1042,0.6434
HEARTS JACK DIAMONDS FOUR,0.3626,0.0208,0.6166
HEARTS ACE HEARTS KING,0.337,0.005,0.658
SPADES TEN SPADES TWO,0.3746,0.0294,0.596
DIAMONDS THREE HEARTS EIGHT,0.2494,0.1362,0.6144
HEARTS TEN DIAMONDS FOUR,0.3664,0.0262,0.6074
SPADES JACK SPADES TWO,0.382,0.0202,0.5978
HEARTS QUEEN DIAMONDS FOUR,0.3832,0.0156,0.6012
HEARTS KING DIAMONDS FOUR,0.3656,0.0094,0.625
SPADES ACE SPADES NINE,0.3322,0.0038,0.664
HEARTS ACE DIAMONDS FOUR,0.3574,0.0056,0.637
SPADES KING SPADES NINE,0.3214,0.0064,0.6722
SPADES QUEEN SPADES NINE,0.3272,0.0098,0.663
DIAMONDS THREE SPADES NINE,0.2664,0.1082,0.6254
DIAMONDS THREE SPADES EIGHT,0.2606,0.1388,0.6006
DIAMONDS THREE SPADES SEVEN,0.2456,0.187,0.5674
DIAMONDS THREE SPADES SIX,0.0204,0.9588,0.0208
DIAMONDS THREE CLUBS SIX,0.0086,0.9742,0.0172
CLUBS SIX CLUBS FIVE,0.2036,0.4264,0.37
CLUBS ACE DIAMONDS FOUR,0.3564,0.0038,0.6398
DIAMONDS THREE CLUBS SEVEN,0.2506,0.1896,0.5598
CLUBS SEVEN CLUBS FIVE,0.312,0.0946,0.5934
DIAMONDS THREE CLUBS FOUR,0.4656,0.2774,0.257
DIAMONDS FOUR CLUBS QUEEN,0.375,0.0132,0.6118
DIAMONDS THREE CLUBS FIVE,0.4636,0.292,0.2444
DIAMONDS FOUR CLUBS KING,0.3754,0.0076,0.617
DIAMONDS THREE CLUBS TWO,0.4842,0.2696,0.2462
CLUBS TEN DIAMONDS FOUR,0.3528,0.0338,0.6134
CLUBS JACK DIAMONDS FOUR,0.3542,0.0216,0.6242
DIAMONDS THREE SPADES FOUR,0.4826,0.2668,0.2506
DIAMONDS THREE SPADES FIVE,0.4738,0.27,0.2562
DIAMONDS THREE SPADES TWO,0.4834,0.2646,0.252
DIAMONDS THREE SPADES THREE,0.2626,0.098,0.6394
CLUBS EIGHT DIAMONDS THREE,0.2564,0.1446,0.599
CLUBS NINE DIAMONDS THREE,0.2564,0.105,0.6386
SPADES SEVEN CLUBS ACE,0.3466,0.0032,0.6502
SPADES SEVEN CLUBS QUEEN,0.3434,0.013,0.6436
SPADES SEVEN CLUBS KING,0.3384,0.0064,0.6552
SPADES SEVEN CLUBS FIVE,0.3426,0.0968,0.5606
CLUBS TEN SPADES SEVEN,0.324,0.0294,0.6466
CLUBS FIVE SPADES SIX,0.2064,0.4536,0.34
CLUBS JACK SPADES SEVEN,0.3426,0.0224,0.635
SPADES NINE CLUBS FIVE,0.3592,0.0424,0.5984
SPADES EIGHT CLUBS FIVE,0.3548,0.0664,0.5788
CLUBS FIVE SPADES THREE,0.4742,0.279,0.2468
CLUBS FIVE SPADES TWO,0.486,0.1674,0.3466
CLUBS FIVE SPADES FIVE,0.225,0.1298,0.6452
CLUBS FIVE SPADES FOUR,0.425,0.161,0.414
CLUBS NINE CLUBS FIVE,0.3346,0.0448,0.6206
CLUBS EIGHT CLUBS FIVE,0.3268,0.0618,0.6114
CLUBS ACE CLUBS QUEEN,0.3282,0.0068,0.665
CLUBS KING CLUBS QUEEN,0.3352,0.0058,0.659
DIAMONDS TEN DIAMONDS FOUR,0.3266,0.0278,0.6456
CLUBS TEN DIAMONDS NINE,0.3222,0.0236,0.6542
DIAMONDS JACK DIAMONDS FOUR,0.3532,0.0224,0.6244
CLUBS JACK DIAMONDS NINE,0.3352,0.018,0.6468
CLUBS JACK SPADES NINE,0.3428,0.0164,0.6408
CLUBS TEN SPADES NINE,0.3418,0.0278,0.6304
DIAMONDS ACE DIAMONDS FOUR,0.332,0.0048,0.6632
HEARTS FOUR DIAMONDS FOUR,0.2406,0.1368,0.6226
DIAMONDS JACK HEARTS TEN,0.323,0.0142,0.6628
SPADES NINE CLUBS KING,0.325,0.0096,0.6654
DIAMONDS TWO SPADES TEN,0.4222,0.0298,0.548
DIAMONDS NINE CLUBS ACE,0.3342,0.005,0.6608
HEARTS FIVE DIAMONDS FOUR,0.4376,0.1624,0.4
DIAMONDS JACK HEARTS JACK,0.1496,0.048,0.8024
SPADES NINE CLUBS QUEEN,0.3324,0.0122,0.6554
DIAMONDS TWO SPADES JACK,0.4024,0.0196,0.578
DIAMONDS QUEEN DIAMONDS FOUR,0.3484,0.016,0.6356
HEARTS TWO DIAMONDS FOUR,0.504,0.1594,0.3366
DIAMONDS NINE CLUBS QUEEN,0.343,0.0104,0.6466
DIAMONDS KING DIAMONDS FOUR,0.3608,0.0076,0.6316
HEARTS THREE DIAMONDS FOUR,0.4756,0.2748,0.2496
SPADES NINE CLUBS ACE,0.3402,0.0048,0.655
DIAMONDS NINE CLUBS KING,0.3388,0.0072,0.654
HEARTS ACE DIAMONDS JACK,0.3404,0.0056,0.654
SPADES ACE DIAMONDS TWO,0.3884,0.0052,0.6064
HEARTS QUEEN DIAMONDS JACK,0.3332,0.0108,0.656
SPADES QUEEN DIAMONDS TWO,0.4034,0.0148,0.5818
DIAMONDS JACK HEARTS KING,0.3486,0.004,0.6474
SPADES KING DIAMONDS TWO,0.4082,0.0084,0.5834
SPADES JACK SPADES SEVEN,0.3262,0.021,0.6528
SPADES TEN SPADES SEVEN,0.3328,0.0258,0.6414
SPADES TWO DIAMONDS FOUR,0.493,0.1556,0.3514
SPADES THREE DIAMONDS FOUR,0.4768,0.2738,0.2494
SPADES FOUR DIAMONDS FOUR,0.2404,0.127,0.6326
SPADES FIVE DIAMONDS FOUR,0.441,0.1536,0.4054
SPADES SIX DIAMONDS FOUR,0.2206,0.495,0.2844
SPADES SEVEN DIAMONDS FOUR,0.3448,0.103,0.5522
SPADES EIGHT DIAMONDS FOUR,0.3548,0.069,0.5762
SPADES NINE DIAMONDS FOUR,0.3734,0.0428,0.5838
CLUBS FIVE DIAMONDS FOUR,0.4428,0.1588,0.3984
CLUBS FOUR DIAMONDS FOUR,0.225,0.142,0.633
CLUBS SEVEN DIAMONDS FOUR,0.3338,0.1012,0.565
CLUBS SIX DIAMONDS FOUR,0.2046,0.5222,0.2732
CLUBS NINE DIAMONDS FOUR,0.3636,0.0422,0.5942
CLUBS EIGHT DIAMONDS FOUR,0.364,0.066,0.57
HEARTS SEVEN DIAMONDS FOUR,0.3366,0.1076,0.5558
DIAMONDS FOUR HEARTS NINE,0.3744,0.05,0.5756
DIAMONDS FOUR HEARTS EIGHT,0.3502,0.071,0.5788
CLUBS TWO DIAMONDS FOUR,0.4852,0.1704,0.3444
DIAMONDS TEN DIAMONDS FIVE,0.3502,0.0234,0.6264
DIAMONDS JACK DIAMONDS FIVE,0.3398,0.0192,0.641
DIAMONDS NINE HEARTS QUEEN,0.347,0.0108,0.6422
DIAMONDS NINE HEARTS KING,0.3364,0.0078,0.6558
HEARTS ACE DIAMONDS NINE,0.3544,0.0046,0.641
DIAMONDS NINE HEARTS TEN,0.3336,0.026,0.6404
DIAMONDS NINE HEARTS JACK,0.3354,0.0148,0.6498
CLUBS KING DIAMONDS SIX,0.2468,0.0408,0.7124
CLUBS QUEEN DIAMONDS SIX,0.2504,0.0502,0.6994
CLUBS ACE DIAMONDS SIX,0.2552,0.0292,0.7156
SPADES KING DIAMONDS FOUR,0.385,0.0074,0.6076
SPADES ACE SPADES SEVEN,0.3234,0.0036,0.673
SPADES QUEEN DIAMONDS FOUR,0.3756,0.0182,0.6062
SPADES QUEEN SPADES SEVEN,0.313,0.0118,0.6752
CLUBS JACK DIAMONDS SIX,0.2496,0.0608,0.6896
SPADES KING SPADES SEVEN,0.3234,0.0072,0.6694
SPADES ACE DIAMONDS FOUR,0.3598,0.0032,0.637
CLUBS TEN DIAMONDS SIX,0.2454,0.0816,0.673
CLUBS NINE CLUBS FOUR,0.3546,0.0414,0.604
CLUBS EIGHT CLUBS FOUR,0.3394,0.0626,0.598
SPADES JACK DIAMONDS FOUR,0.3794,0.0152,0.6054
SPADES TEN DIAMONDS FOUR,0.3716,0.0316,0.5968
CLUBS FOUR CLUBS FIVE,0.4186,0.1564,0.425
CLUBS SEVEN CLUBS FOUR,0.3296,0.0988,0.5716
CLUBS SIX CLUBS FOUR,0.1976,0.4908,0.3116
CLUBS SEVEN SPADES EIGHT,0.312,0.056,0.632
SPADES NINE CLUBS SEVEN,0.3252,0.0432,0.6316
CLUBS SEVEN SPADES SIX,0.2276,0.2002,0.5722
CLUBS SEVEN SPADES SEVEN,0.1384,0.0952,0.7664
CLUBS SEVEN SPADES FIVE,0.3392,0.0988,0.562
CLUBS SEVEN SPADES FOUR,0.3434,0.1056,0.551
CLUBS SEVEN SPADES THREE,0.244,0.2,0.556
CLUBS SEVEN SPADES TWO,0.4022,0.1072,0.4906
CLUBS NINE CLUBS SEVEN,0.3142,0.039,0.6468
CLUBS EIGHT CLUBS SEVEN,0.3042,0.0568,0.639
HEARTS SEVEN DIAMONDS FIVE,0.3252,0.105,0.5698
DIAMONDS FIVE HEARTS EIGHT,0.344,0.0668,0.5892
DIAMONDS FIVE HEARTS NINE,0.3514,0.0426,0.606
DIAMONDS QUEEN DIAMONDS FIVE,0.35,0.012,0.638
HEARTS TWO DIAMONDS FIVE,0.4912,0.159,0.3498
HEARTS KING HEARTS EIGHT,0.3252,0.0094,0.6654
DIAMONDS KING DIAMONDS FIVE,0.347,0.0092,0.6438
HEARTS THREE DIAMONDS FIVE,0.493,0.2664,0.2406
HEARTS QUEEN HEARTS EIGHT,0.3318,0.0118,0.6564
DIAMONDS ACE DIAMONDS FIVE,0.3416,0.006,0.6524
HEARTS FOUR DIAMONDS FIVE,0.4444,0.1584,0.3972
HEARTS FIVE DIAMONDS FIVE,0.2396,0.1318,0.6286
HEARTS ACE HEARTS EIGHT,0.3324,0.0024,0.6652
CLUBS FOUR DIAMONDS FIVE,0.4214,0.1578,0.4208
CLUBS FIVE DIAMONDS FIVE,0.2212,0.125,0.6538
CLUBS SIX DIAMONDS FIVE,0.2066,0.4546,0.3388
CLUBS SEVEN DIAMONDS FIVE,0.3352,0.0988,0.566
CLUBS TWO DIAMONDS FIVE,0.4924,0.1646,0.343
SPADES THREE DIAMONDS FIVE,0.4674,0.2684,0.2642
SPADES TWO DIAMONDS FIVE,0.4764,0.17,0.3536
SPADES JACK DIAMONDS EIGHT,0.3418,0.0164,0.6418
SPADES FIVE DIAMONDS FIVE,0.2386,0.1342,0.6272
CLUBS TEN HEARTS JACK,0.3308,0.0176,0.6516
SPADES TEN DIAMONDS EIGHT,0.3302,0.0246,0.6452
SPADES FOUR DIAMONDS FIVE,0.44,0.1564,0.4036
CLUBS JACK HEARTS JACK,0.1444,0.0506,0.805
HEARTS JACK CLUBS QUEEN,0.3326,0.0114,0.656
CLUBS NINE DIAMONDS FIVE,0.3628,0.0444,0.5928
CLUBS EIGHT DIAMONDS FIVE,0.347,0.0648,0.5882
HEARTS JACK CLUBS KING,0.3262,0.009,0.6648
CLUBS ACE HEARTS JACK,0.3444,0.004,0.6516
SPADES SEVEN DIAMONDS FIVE,0.34,0.1104,0.5496
SPADES KING DIAMONDS EIGHT,0.3478,0.007,0.6452
SPADES QUEEN DIAMONDS EIGHT,0.3496,0.0132,0.6372
SPADES SIX DIAMONDS FIVE,0.2176,0.4502,0.3322
SPADES NINE DIAMONDS FIVE,0.3634,0.0466,0.59
SPADES EIGHT DIAMONDS FIVE,0.3464,0.068,0.5856
SPADES ACE DIAMONDS EIGHT,0.347,0.0052,0.6478
DIAMONDS TEN DIAMONDS SIX,0.2394,0.0756,0.685
HEARTS ACE DIAMONDS SEVEN,0.3262,0.0056,0.6682
DIAMONDS JACK DIAMONDS SIX,0.2448,0.0578,0.6974
HEARTS QUEEN DIAMONDS SEVEN,0.3504,0.0124,0.6372
HEARTS KING DIAMONDS SEVEN,0.3554,0.0078,0.6368
DIAMONDS ACE DIAMONDS SIX,0.224,0.0254,0.7506
HEARTS FOUR DIAMONDS SIX,0.2324,0.5064,0.2612
SPADES TWO HEARTS JACK,0.4032,0.0222,0.5746
HEARTS FIVE DIAMONDS SIX,0.2158,0.448,0.3362
SPADES TWO HEARTS TEN,0.4006,0.0298,0.5696
DIAMONDS QUEEN DIAMONDS SIX,0.2348,0.0526,0.7126
HEARTS TWO DIAMONDS SIX,0.2676,0.5146,0.2178
DIAMONDS KING DIAMONDS SIX,0.2306,0.0394,0.73
HEARTS THREE DIAMONDS SIX,0.0172,0.9728,0.01
HEARTS EIGHT DIAMONDS SIX,0.2334,0.145,0.6216
HEARTS NINE DIAMONDS SIX,0.257,0.1026,0.6404
HEARTS SEVEN DIAMONDS SIX,0.2328,0.1916,0.5756
HEARTS TEN DIAMONDS SEVEN,0.3294,0.0264,0.6442
CLUBS TWO DIAMONDS SIX,0.2672,0.5202,0.2126
HEARTS JACK DIAMONDS SEVEN,0.3458,0.0226,0.6316
CLUBS SEVEN DIAMONDS SIX,0.2242,0.1988,0.577
CLUBS JACK DIAMONDS EIGHT,0.3202,0.0214,0.6584
CLUBS SIX DIAMONDS SIX,0.0806,0.1116,0.8078
CLUBS TEN DIAMONDS EIGHT,0.3354,0.0238,0.6408
CLUBS FIVE DIAMONDS SIX,0.2176,0.4504,0.332
CLUBS FOUR DIAMONDS SIX,0.219,0.507,0.274
HEARTS ACE HEARTS JACK,0.313,0.006,0.681
DIAMONDS EIGHT CLUBS ACE,0.337,0.0054,0.6576
HEARTS QUEEN HEARTS JACK,0.3236,0.0092,0.6672
DIAMONDS EIGHT CLUBS KING,0.3492,0.0092,0.6416
CLUBS NINE DIAMONDS SIX,0.2404,0.1148,0.6448
HEARTS KING HEARTS JACK,0.3394,0.0072,0.6534
CLUBS EIGHT DIAMONDS SIX,0.2332,0.1428,0.624
DIAMONDS EIGHT CLUBS QUEEN,0.3508,0.0094,0.6398
SPADES TEN HEARTS KING,0.3344,0.0058,0.6598
SPADES FIVE DIAMONDS SIX,0.2256,0.4338,0.3406
HEARTS ACE SPADES TWO,0.3758,0.0068,0.6174
SPADES JACK HEARTS KING,0.3422,0.007,0.6508
SPADES FOUR DIAMONDS SIX,0.2138,0.5138,0.2724
SPADES THREE DIAMONDS SIX,0.0214,0.9544,0.0242
HEARTS QUEEN SPADES TWO,0.4056,0.0154,0.579
SPADES ACE SPADES KING,0.3276,0.0044,0.668
HEARTS KING SPADES TWO,0.4094,0.0108,0.5798
SPADES TWO DIAMONDS SIX,0.2764,0.5168,0.2068
HEARTS TEN HEARTS EIGHT,0.3232,0.024,0.6528
SPADES NINE DIAMONDS SIX,0.2586,0.11,0.6314
HEARTS JACK HEARTS EIGHT,0.3302,0.0182,0.6516
SPADES EIGHT DIAMONDS SIX,0.2382,0.1374,0.6244
SPADES SEVEN DIAMONDS SIX,0.2438,0.1884,0.5678
SPADES SIX DIAMONDS SIX,0.0872,0.1164,0.7964
SPADES KING HEARTS KING,0.1508,0.0214,0.8278
SPADES QUEEN HEARTS KING,0.3398,0.0058,0.6544
CLUBS ACE CLUBS KING,0.3222,0.006,0.6718
SPADES ACE HEARTS KING,0.3578,0.005,0.6372
SPADES ACE HEARTS JACK,0.3422,0.0042,0.6536
SPADES QUEEN HEARTS JACK,0.3258,0.0102,0.664
SPADES KING HEARTS JACK,0.3434,0.0082,0.6484
SPADES TEN DIAMONDS TEN,0.1558,0.0602,0.784
SPADES JACK DIAMONDS TEN,0.3382,0.0146,0.6472
SPADES ACE DIAMONDS TEN,0.3414,0.0038,0.6548
SPADES JACK HEARTS JACK,0.142,0.0494,0.8086
SPADES TEN HEARTS JACK,0.3314,0.014,0.6546
SPADES QUEEN DIAMONDS TEN,0.354,0.0088,0.6372
SPADES KING DIAMONDS TEN,0.3498,0.0096,0.6406
SPADES NINE DIAMONDS SEVEN,0.3244,0.0416,0.634
SPADES EIGHT DIAMONDS SEVEN,0.3242,0.0624,0.6134
SPADES SEVEN DIAMONDS SEVEN,0.1448,0.0974,0.7578
SPADES SIX DIAMONDS SEVEN,0.2234,0.1944,0.5822
DIAMONDS KING DIAMONDS SEVEN,0.3294,0.0094,0.6612
HEARTS THREE DIAMONDS SEVEN,0.2556,0.1894,0.555
HEARTS KING DIAMONDS FIVE,0.3714,0.009,0.6196
DIAMONDS QUEEN DIAMONDS SEVEN,0.3372,0.0118,0.651
HEARTS TWO DIAMONDS SEVEN,0.3944,0.1114,0.4942
HEARTS QUEEN DIAMONDS FIVE,0.3584,0.0144,0.6272
HEARTS FIVE DIAMONDS SEVEN,0.3316,0.1018,0.5666
DIAMONDS ACE DIAMONDS SEVEN,0.3152,0.0044,0.6804
HEARTS FOUR DIAMONDS SEVEN,0.3544,0.0972,0.5484
HEARTS ACE DIAMONDS FIVE,0.3402,0.0072,0.6526
HEARTS SEVEN DIAMONDS SEVEN,0.1358,0.1118,0.7524
DIAMONDS SEVEN HEARTS NINE,0.3188,0.0424,0.6388
HEARTS EIGHT DIAMONDS SEVEN,0.2978,0.0642,0.638
DIAMONDS JACK DIAMONDS SEVEN,0.322,0.0188,0.6592
DIAMONDS FIVE HEARTS JACK,0.3586,0.0222,0.6192
DIAMONDS TEN DIAMONDS SEVEN,0.3134,0.0228,0.6638
HEARTS TEN DIAMONDS FIVE,0.3768,0.029,0.5942
CLUBS EIGHT DIAMONDS SEVEN,0.3156,0.058,0.6264
SPADES KING CLUBS TWO,0.4088,0.013,0.5782
HEARTS KING CLUBS KING,0.141,0.0176,0.8414
SPADES QUEEN CLUBS TWO,0.4062,0.014,0.5798
HEARTS KING CLUBS QUEEN,0.3388,0.0078,0.6534
CLUBS NINE DIAMONDS SEVEN,0.328,0.0394,0.6326
CLUBS JACK SPADES TWO,0.4058,0.0228,0.5714
CLUBS SIX CLUBS SEVEN,0.2186,0.1854,0.596
SPADES ACE CLUBS TWO,0.3986,0.0078,0.5936
CLUBS TEN SPADES TWO,0.3884,0.031,0.5806
HEARTS KING CLUBS ACE,0.3504,0.005,0.6446
SPADES TWO CLUBS KING,0.3856,0.0098,0.6046
SPADES TWO DIAMONDS SEVEN,0.4014,0.108,0.4906
CLUBS EIGHT CLUBS SIX,0.221,0.1388,0.6402
SPADES THREE DIAMONDS SEVEN,0.2486,0.192,0.5594
SPADES TWO CLUBS QUEEN,0.4004,0.0146,0.585
CLUBS NINE CLUBS SIX,0.2428,0.1098,0.6474
SPADES FOUR DIAMONDS SEVEN,0.3538,0.1058,0.5404
CLUBS JACK HEARTS KING,0.3478,0.0078,0.6444
SPADES FIVE DIAMONDS SEVEN,0.3266,0.1026,0.5708
SPADES TWO CLUBS ACE,0.3866,0.0068,0.6066
CLUBS TEN HEARTS KING,0.3384,0.007,0.6546
CLUBS SIX SPADES TWO,0.269,0.506,0.225
CLUBS SIX SPADES THREE,0.0122,0.9704,0.0174
CLUBS TWO DIAMONDS SEVEN,0.4058,0.096,0.4982
CLUBS SIX SPADES FOUR,0.2168,0.5048,0.2784
CLUBS SIX SPADES FIVE,0.21,0.453,0.337
CLUBS FOUR DIAMONDS SEVEN,0.3482,0.1012,0.5506
CLUBS SIX SPADES SIX,0.0822,0.121,0.7968
CLUBS FIVE DIAMONDS SEVEN,0.3294,0.1016,0.569
CLUBS SIX SPADES SEVEN,0.229,0.201,0.57
CLUBS SIX DIAMONDS SEVEN,0.2324,0.1956,0.572
CLUBS SIX SPADES EIGHT,0.234,0.1498,0.6162
SPADES JACK CLUBS TWO,0.4012,0.0214,0.5774
CLUBS SEVEN DIAMONDS SEVEN,0.1428,0.1052,0.752
CLUBS SIX SPADES NINE,0.2462,0.1146,0.6392
SPADES TEN CLUBS TWO,0.4078,0.0298,0.5624
CLUBS TWO CLUBS QUEEN,0.3854,0.0158,0.5988
CLUBS TWO CLUBS KING,0.3918,0.0138,0.5944
CLUBS TWO CLUBS ACE,0.374,0.008,0.618
CLUBS TWO DIAMONDS EIGHT,0.406,0.0648,0.5292
HEARTS SEVEN DIAMONDS EIGHT,0.3282,0.0604,0.6114
DIAMONDS EIGHT HEARTS NINE,0.3216,0.0388,0.6396
CLUBS TEN CLUBS TWO,0.3896,0.0278,0.5826
DIAMONDS EIGHT HEARTS EIGHT,0.1524,0.0866,0.761
CLUBS JACK CLUBS TWO,0.3844,0.018,0.5976
CLUBS NINE DIAMONDS EIGHT,0.3356,0.0358,0.6286
CLUBS EIGHT DIAMONDS EIGHT,0.1464,0.0942,0.7594
CLUBS FIVE DIAMONDS EIGHT,0.3448,0.0672,0.588
SPADES ACE SPADES THREE,0.2358,0.0138,0.7504
CLUBS FOUR DIAMONDS EIGHT,0.3562,0.0696,0.5742
CLUBS SEVEN DIAMONDS EIGHT,0.3018,0.0734,0.6248
SPADES QUEEN SPADES THREE,0.243,0.0374,0.7196
CLUBS SIX DIAMONDS EIGHT,0.2292,0.158,0.6128
SPADES KING SPADES THREE,0.2364,0.0238,0.7398
DIAMONDS QUEEN DIAMONDS EIGHT,0.323,0.0112,0.6658
HEARTS TWO DIAMONDS EIGHT,0.4162,0.0732,0.5106
DIAMONDS KING DIAMONDS EIGHT,0.3342,0.009,0.6568
HEARTS THREE DIAMONDS EIGHT,0.254,0.158,0.588
DIAMONDS ACE DIAMONDS EIGHT,0.3104,0.0046,0.685
HEARTS FOUR DIAMONDS EIGHT,0.365,0.0644,0.5706
HEARTS FIVE DIAMONDS EIGHT,0.361,0.0672,0.5718
DIAMONDS EIGHT DIAMONDS TEN,0.3072,0.0252,0.6676
DIAMONDS EIGHT DIAMONDS JACK,0.3142,0.0154,0.6704
SPADES JACK SPADES THREE,0.2436,0.051,0.7054
SPADES TEN SPADES THREE,0.2526,0.0684,0.679
CLUBS FOUR HEARTS ACE,0.3416,0.0056,0.6528
CLUBS FOUR HEARTS QUEEN,0.3536,0.0132,0.6332
CLUBS FOUR HEARTS KING,0.3664,0.011,0.6226
CLUBS SIX HEARTS TEN,0.2486,0.0794,0.672
CLUBS SIX HEARTS JACK,0.2416,0.061,0.6974
DIAMONDS EIGHT SPADES FOUR,0.3706,0.061,0.5684
SPADES FIVE DIAMONDS EIGHT,0.3588,0.0618,0.5794
DIAMONDS EIGHT SPADES TWO,0.3984,0.068,0.5336
DIAMONDS EIGHT SPADES THREE,0.2656,0.1404,0.594
CLUBS FOUR HEARTS JACK,0.357,0.0212,0.6218
SPADES EIGHT DIAMONDS EIGHT,0.1546,0.094,0.7514
SPADES TEN DIAMONDS QUEEN,0.3314,0.0126,0.656
SPADES TEN HEARTS TWO,0.4232,0.032,0.5448
SPADES JACK HEARTS EIGHT,0.337,0.0202,0.6428
CLUBS FOUR HEARTS TEN,0.36,0.0328,0.6072
SPADES NINE DIAMONDS EIGHT,0.3286,0.0384,0.633
SPADES TEN HEARTS EIGHT,0.323,0.0292,0.6478
SPADES JACK HEARTS TWO,0.4118,0.0222,0.566
SPADES JACK DIAMONDS QUEEN,0.332,0.0104,0.6576
SPADES SIX DIAMONDS EIGHT,0.23,0.15,0.62
SPADES SEVEN DIAMONDS EIGHT,0.301,0.061,0.638
SPADES ACE HEARTS TWO,0.3944,0.0064,0.5992
SPADES ACE DIAMONDS QUEEN,0.3496,0.0044,0.646
SPADES ACE HEARTS EIGHT,0.3422,0.0044,0.6534
SPADES KING HEARTS EIGHT,0.34,0.008,0.652
SPADES QUEEN HEARTS TWO,0.4082,0.0176,0.5742
SPADES QUEEN DIAMONDS QUEEN,0.1522,0.0328,0.815
SPADES KING DIAMONDS QUEEN,0.3378,0.0086,0.6536
SPADES KING HEARTS TWO,0.396,0.0104,0.5936
SPADES QUEEN HEARTS EIGHT,0.35,0.0148,0.6352
CLUBS TWO HEARTS TEN,0.3842,0.0296,0.5862
CLUBS TWO HEARTS JACK,0.3988,0.0182,0.583
SPADES SEVEN DIAMONDS NINE,0.3288,0.0446,0.6266
SPADES SIX DIAMONDS NINE,0.2564,0.1082,0.6354
SPADES NINE DIAMONDS NINE,0.1672,0.0746,0.7582
SPADES EIGHT DIAMONDS NINE,0.3236,0.0376,0.6388
SPADES TEN CLUBS KING,0.343,0.0078,0.6492
DIAMONDS NINE SPADES THREE,0.2644,0.1044,0.6312
SPADES JACK CLUBS KING,0.3434,0.008,0.6486
DIAMONDS NINE SPADES TWO,0.4034,0.0428,0.5538
DIAMONDS NINE SPADES FIVE,0.3622,0.0408,0.597
DIAMONDS NINE SPADES FOUR,0.3728,0.0468,0.5804
CLUBS NINE DIAMONDS NINE,0.1502,0.076,0.7738
CLUBS EIGHT DIAMONDS NINE,0.316,0.037,0.647
CLUBS SIX DIAMONDS NINE,0.2402,0.1114,0.6484
SPADES JACK CLUBS FOUR,0.3676,0.0184,0.614
CLUBS SEVEN DIAMONDS NINE,0.3302,0.0408,0.629
SPADES TEN CLUBS FOUR,0.3782,0.028,0.5938
CLUBS FOUR DIAMONDS NINE,0.3722,0.0456,0.5822
CLUBS FIVE DIAMONDS NINE,0.354,0.043,0.603
DIAMONDS NINE CLUBS TWO,0.4006,0.0468,0.5526
DIAMONDS NINE HEARTS EIGHT,0.3174,0.0396,0.643
DIAMONDS NINE HEARTS NINE,0.1452,0.07,0.7848
HEARTS SEVEN DIAMONDS NINE,0.3162,0.0424,0.6414
CLUBS EIGHT CLUBS NINE,0.31,0.0374,0.6526
DIAMONDS ACE DIAMONDS NINE,0.3228,0.005,0.6722
HEARTS FOUR DIAMONDS NINE,0.3786,0.0436,0.5778
HEARTS FIVE DIAMONDS NINE,0.3614,0.043,0.5956
HEARTS ACE CLUBS TWO,0.3814,0.0072,0.6114
SPADES ACE CLUBS FOUR,0.3468,0.007,0.6462
DIAMONDS QUEEN DIAMONDS NINE,0.3164,0.01,0.6736
HEARTS TWO DIAMONDS NINE,0.4116,0.0466,0.5418
CLUBS TWO HEARTS KING,0.4078,0.0118,0.5804
SPADES KING CLUBS FOUR,0.36,0.0098,0.6302
DIAMONDS KING DIAMONDS NINE,0.3112,0.0064,0.6824
HEARTS THREE DIAMONDS NINE,0.2546,0.1058,0.6396
CLUBS TWO HEARTS QUEEN,0.4018,0.0154,0.5828
SPADES QUEEN CLUBS FOUR,0.38,0.0142,0.6058
DIAMONDS NINE DIAMONDS JACK,0.3216,0.018,0.6604
CLUBS EIGHT SPADES NINE,0.3232,0.0366,0.6402
DIAMONDS NINE DIAMONDS TEN,0.3096,0.0236,0.6668
CLUBS EIGHT SPADES EIGHT,0.1454,0.08,0.7746
CLUBS EIGHT SPADES SEVEN,0.3124,0.0634,0.6242
CLUBS EIGHT SPADES SIX,0.23,0.1508,0.6192
CLUBS EIGHT SPADES FIVE,0.3462,0.0648,0.589
CLUBS EIGHT SPADES FOUR,0.3464,0.0722,0.5814
CLUBS EIGHT SPADES THREE,0.247,0.1428,0.6102
CLUBS EIGHT SPADES TWO,0.4036,0.069,0.5274
HEARTS SEVEN DIAMONDS TEN,0.323,0.0306,0.6464
DIAMONDS TEN HEARTS EIGHT,0.3352,0.0234,0.6414
CLUBS JACK CLUBS FOUR,0.3572,0.0188,0.624
DIAMONDS TEN HEARTS NINE,0.3328,0.0226,0.6446
CLUBS TEN CLUBS FOUR,0.3514,0.0308,0.6178
CLUBS FOUR CLUBS KING,0.3622,0.0098,0.628
CLUBS FOUR CLUBS QUEEN,0.356,0.013,0.631
CLUBS TWO DIAMONDS TEN,0.416,0.031,0.553
CLUBS FOUR CLUBS ACE,0.3378,0.0072,0.655
DIAMONDS JACK DIAMONDS TEN,0.3156,0.0154,0.669
DIAMONDS QUEEN DIAMONDS TEN,0.3282,0.0106,0.6612
HEARTS TWO DIAMONDS TEN,0.3968,0.0322,0.571
DIAMONDS KING DIAMONDS TEN,0.3164,0.007,0.6766
HEARTS THREE DIAMONDS TEN,0.2694,0.0736,0.657
DIAMONDS ACE DIAMONDS TEN,0.3088,0.0038,0.6874
HEARTS FOUR DIAMONDS TEN,0.3658,0.0312,0.603
CLUBS EIGHT HEARTS JACK,0.3392,0.0212,0.6396
HEARTS FIVE DIAMONDS TEN,0.365,0.03,0.605
CLUBS EIGHT HEARTS TEN,0.3238,0.026,0.6502
CLUBS EIGHT HEARTS QUEEN,0.3428,0.0138,0.6434
CLUBS EIGHT HEARTS KING,0.3468,0.0076,0.6456
CLUBS EIGHT HEARTS ACE,0.3434,0.006,0.6506
CLUBS NINE SPADES THREE,0.2654,0.1054,0.6292
CLUBS NINE SPADES TWO,0.4016,0.0496,0.5488
CLUBS NINE SPADES FIVE,0.3606,0.0482,0.5912
CLUBS NINE SPADES FOUR,0.375,0.0442,0.5808
CLUBS NINE SPADES SEVEN,0.327,0.0416,0.6314
CLUBS NINE SPADES SIX,0.2336,0.1188,0.6476
CLUBS NINE SPADES NINE,0.1508,0.0768,0.7724
CLUBS TEN HEARTS EIGHT,0.3156,0.028,0.6564
CLUBS NINE SPADES EIGHT,0.3208,0.037,0.6422
CLUBS JACK HEARTS EIGHT,0.3228,0.019,0.6582
HEARTS EIGHT CLUBS QUEEN,0.3222,0.0142,0.6636
CLUBS KING HEARTS EIGHT,0.355,0.0088,0.6362
CLUBS ACE HEARTS EIGHT,0.3284,0.005,0.6666
SPADES KING CLUBS KING,0.1484,0.0164,0.8352
SPADES QUEEN CLUBS KING,0.3472,0.006,0.6468
SPADES ACE CLUBS KING,0.3502,0.0058,0.644
DIAMONDS ACE HEARTS TEN,0.3228,0.004,0.6732
HEARTS FOUR HEARTS TEN,0.3486,0.029,0.6224
DIAMONDS ACE HEARTS JACK,0.338,0.0036,0.6584
HEARTS FOUR HEARTS JACK,0.3416,0.0244,0.634
SPADES KING CLUBS FIVE,0.3604,0.0106,0.629
SPADES QUEEN CLUBS FIVE,0.368,0.0132,0.6188
SPADES ACE CLUBS FIVE,0.3504,0.0068,0.6428
HEARTS SEVEN DIAMONDS JACK,0.3498,0.0186,0.6316
DIAMONDS JACK HEARTS NINE,0.3316,0.0198,0.6486
DIAMONDS JACK HEARTS EIGHT,0.3408,0.016,0.6432
DIAMONDS KING DIAMONDS JACK,0.3102,0.0066,0.6832
HEARTS THREE DIAMONDS JACK,0.254,0.0566,0.6894
SPADES ACE SPADES SIX,0.23,0.0258,0.7442
HEARTS ACE SPADES FOUR,0.3522,0.0052,0.6426
DIAMONDS QUEEN DIAMONDS JACK,0.329,0.0096,0.6614
HEARTS TWO DIAMONDS JACK,0.4058,0.0162,0.578
HEARTS FIVE DIAMONDS JACK,0.3654,0.0238,0.6108
SPADES QUEEN SPADES SIX,0.2254,0.0502,0.7244
SPADES FOUR HEARTS QUEEN,0.3612,0.0148,0.624
DIAMONDS ACE DIAMONDS JACK,0.3244,0.005,0.6706
HEARTS FOUR DIAMONDS JACK,0.3782,0.0204,0.6014
SPADES KING SPADES SIX,0.2372,0.0364,0.7264
SPADES FOUR HEARTS KING,0.3556,0.0094,0.635
SPADES TEN SPADES SIX,0.247,0.0788,0.6742
SPADES JACK SPADES SIX,0.2446,0.061,0.6944
SPADES FOUR DIAMONDS JACK,0.3612,0.0216,0.6172
SPADES FIVE DIAMONDS JACK,0.3642,0.0202,0.6156
DIAMONDS JACK SPADES TWO,0.4128,0.0254,0.5618
DIAMONDS JACK SPADES THREE,0.2634,0.052,0.6846
SPADES ACE DIAMONDS THREE,0.2362,0.0134,0.7504
CLUBS EIGHT DIAMONDS JACK,0.3434,0.0164,0.6402
SPADES QUEEN DIAMONDS THREE,0.2652,0.0372,0.6976
SPADES KING DIAMONDS THREE,0.27,0.0252,0.7048
CLUBS NINE DIAMONDS JACK,0.341,0.0188,0.6402
CLUBS SIX DIAMONDS JACK,0.2462,0.0692,0.6846
CLUBS SEVEN DIAMONDS JACK,0.3444,0.0182,0.6374
CLUBS FOUR DIAMONDS JACK,0.369,0.0186,0.6124
CLUBS FIVE DIAMONDS JACK,0.375,0.0202,0.6048
CLUBS TWO DIAMONDS JACK,0.4076,0.0248,0.5676
SPADES TEN CLUBS FIVE,0.3698,0.0268,0.6034
SPADES JACK CLUBS FIVE,0.366,0.0202,0.6138
SPADES JACK DIAMONDS THREE,0.2684,0.053,0.6786
CLUBS SEVEN CLUBS ACE,0.3206,0.006,0.6734
DIAMONDS THREE SPADES TEN,0.2516,0.0694,0.679
CLUBS SEVEN CLUBS QUEEN,0.3326,0.0128,0.6546
CLUBS SEVEN CLUBS KING,0.3194,0.0076,0.673
SPADES NINE DIAMONDS JACK,0.3376,0.014,0.6484
CLUBS TEN CLUBS SEVEN,0.3166,0.0274,0.656
DIAMONDS ACE HEARTS ACE,0.143,0.0052,0.8518
HEARTS FOUR HEARTS ACE,0.3432,0.0058,0.651
SPADES EIGHT DIAMONDS JACK,0.3422,0.0158,0.642
CLUBS JACK CLUBS SEVEN,0.3266,0.0194,0.654
DIAMONDS ACE HEARTS KING,0.3312,0.0054,0.6634
HEARTS FOUR HEARTS KING,0.3442,0.0114,0.6444
SPADES SEVEN DIAMONDS JACK,0.3556,0.0168,0.6276
DIAMONDS ACE HEARTS QUEEN,0.345,0.0046,0.6504
HEARTS FOUR HEARTS QUEEN,0.3632,0.0176,0.6192
SPADES SIX DIAMONDS JACK,0.2564,0.0572,0.6864
DIAMONDS TEN SPADES TWO,0.3996,0.0326,0.5678
SPADES THREE DIAMONDS TEN,0.2672,0.0704,0.6624
SPADES FOUR DIAMONDS TEN,0.3712,0.0288,0.6
SPADES FIVE DIAMONDS TEN,0.3714,0.031,0.5976
SPADES SIX DIAMONDS TEN,0.2384,0.0898,0.6718
SPADES SEVEN DIAMONDS TEN,0.3448,0.0264,0.6288
SPADES EIGHT DIAMONDS TEN,0.3346,0.0244,0.641
SPADES NINE DIAMONDS TEN,0.333,0.0262,0.6408
CLUBS FOUR DIAMONDS TEN,0.357,0.0308,0.6122
CLUBS FIVE DIAMONDS TEN,0.377,0.0352,0.5878
CLUBS SIX DIAMONDS TEN,0.2472,0.096,0.6568
CLUBS SEVEN DIAMONDS TEN,0.3306,0.0278,0.6416
CLUBS EIGHT DIAMONDS TEN,0.3332,0.0272,0.6396
CLUBS NINE DIAMONDS TEN,0.325,0.0246,0.6504
CLUBS JACK DIAMONDS THREE,0.256,0.053,0.691
CLUBS TEN DIAMONDS THREE,0.2538,0.0754,0.6708
DIAMONDS THREE CLUBS KING,0.259,0.0226,0.7184
DIAMONDS THREE CLUBS QUEEN,0.2512,0.0384,0.7104
DIAMONDS THREE CLUBS ACE,0.2404,0.0162,0.7434
SPADES FOUR HEARTS JACK,0.3572,0.0216,0.6212
SPADES FOUR HEARTS TEN,0.3694,0.03,0.6006
SPADES FIVE SPADES TWO,0.4648,0.1484,0.3868
SPADES FOUR SPADES TWO,0.462,0.1428,0.3952
SPADES THREE SPADES TWO,0.4544,0.2512,0.2944
SPADES NINE SPADES TWO,0.373,0.049,0.578
SPADES EIGHT SPADES TWO,0.3704,0.062,0.5676
SPADES SEVEN SPADES TWO,0.3796,0.0952,0.5252
SPADES SIX SPADES TWO,0.2448,0.4912,0.264
DIAMONDS QUEEN CLUBS TWO,0.405,0.0128,0.5822
HEARTS TWO CLUBS TWO,0.3516,0.142,0.5064
HEARTS SEVEN DIAMONDS QUEEN,0.3414,0.0126,0.646
HEARTS SEVEN HEARTS TWO,0.381,0.1006,0.5184
DIAMONDS QUEEN HEARTS NINE,0.3374,0.012,0.6506
HEARTS TWO HEARTS NINE,0.3888,0.043,0.5682
DIAMONDS QUEEN HEARTS EIGHT,0.336,0.0116,0.6524
HEARTS TWO HEARTS EIGHT,0.3828,0.0606,0.5566
CLUBS NINE HEARTS TWO,0.4018,0.0442,0.554
CLUBS NINE DIAMONDS QUEEN,0.349,0.0118,0.6392
CLUBS EIGHT DIAMONDS QUEEN,0.3468,0.013,0.6402
CLUBS EIGHT HEARTS TWO,0.4004,0.0654,0.5342
DIAMONDS QUEEN CLUBS FIVE,0.3682,0.0098,0.622
HEARTS TWO CLUBS FIVE,0.493,0.156,0.351
SPADES EIGHT HEARTS ACE,0.3284,0.0048,0.6668
DIAMONDS QUEEN CLUBS FOUR,0.3718,0.0146,0.6136
CLUBS FOUR HEARTS TWO,0.4906,0.1754,0.334
CLUBS SEVEN DIAMONDS QUEEN,0.3342,0.011,0.6548
CLUBS SEVEN HEARTS TWO,0.407,0.1074,0.4856
SPADES EIGHT HEARTS QUEEN,0.3368,0.011,0.6522
CLUBS SIX DIAMONDS QUEEN,0.2606,0.0488,0.6906
CLUBS SIX HEARTS TWO,0.2802,0.5176,0.2022
SPADES EIGHT HEARTS KING,0.3432,0.0094,0.6474
HEARTS TWO SPADES SIX,0.2718,0.5176,0.2106
DIAMONDS QUEEN SPADES SIX,0.2612,0.0532,0.6856
HEARTS FOUR CLUBS QUEEN,0.3744,0.014,0.6116
DIAMONDS ACE CLUBS QUEEN,0.3346,0.002,0.6634
DIAMONDS QUEEN SPADES SEVEN,0.3518,0.0132,0.635
HEARTS TWO SPADES SEVEN,0.4162,0.1042,0.4796
HEARTS FOUR CLUBS KING,0.3684,0.011,0.6206
DIAMONDS ACE CLUBS KING,0.341,0.0048,0.6542
DIAMONDS QUEEN SPADES EIGHT,0.3556,0.0112,0.6332
SPADES EIGHT HEARTS TWO,0.4126,0.068,0.5194
HEARTS FOUR CLUBS ACE,0.3456,0.0066,0.6478
DIAMONDS ACE CLUBS ACE,0.1462,0.0064,0.8474
SPADES NINE DIAMONDS QUEEN,0.3432,0.0122,0.6446
SPADES NINE HEARTS TWO,0.4048,0.0472,0.548
HEARTS TWO SPADES TWO,0.3398,0.1464,0.5138
DIAMONDS QUEEN SPADES TWO,0.405,0.0164,0.5786
HEARTS TWO SPADES THREE,0.4744,0.2774,0.2482
DIAMONDS QUEEN SPADES THREE,0.2804,0.0382,0.6814
HEARTS TWO SPADES FOUR,0.5084,0.1614,0.3302
DIAMONDS QUEEN SPADES FOUR,0.3696,0.0156,0.6148
CLUBS TEN HEARTS FOUR,0.3598,0.0342,0.606
CLUBS TEN DIAMONDS ACE,0.349,0.005,0.646
HEARTS TWO SPADES FIVE,0.4868,0.1646,0.3486
DIAMONDS QUEEN SPADES FIVE,0.3768,0.0138,0.6094
HEARTS FOUR CLUBS JACK,0.369,0.0194,0.6116
CLUBS JACK DIAMONDS ACE,0.3352,0.0046,0.6602
CLUBS FIVE CLUBS KING,0.3502,0.0098,0.64
CLUBS FIVE CLUBS QUEEN,0.338,0.0114,0.6506
CLUBS FIVE CLUBS ACE,0.3432,0.0046,0.6522
CLUBS JACK CLUBS FIVE,0.341,0.0236,0.6354
CLUBS TEN CLUBS FIVE,0.3512,0.0272,0.6216
SPADES KING CLUBS JACK,0.3368,0.0068,0.6564
CLUBS JACK SPADES QUEEN,0.3458,0.0094,0.6448
SPADES ACE CLUBS JACK,0.339,0.0044,0.6566
SPADES SIX CLUBS KING,0.246,0.0414,0.7126
SPADES SIX CLUBS QUEEN,0.2474,0.053,0.6996
SPADES EIGHT HEARTS JACK,0.3456,0.0168,0.6376
SPADES SIX CLUBS ACE,0.253,0.0274,0.7196
SPADES EIGHT HEARTS TEN,0.3438,0.0248,0.6314
CLUBS JACK SPADES SIX,0.252,0.067,0.681
CLUBS TEN SPADES SIX,0.2576,0.085,0.6574
CLUBS JACK SPADES TEN,0.3398,0.0128,0.6474
CLUBS JACK SPADES JACK,0.1574,0.0468,0.7958
SPADES QUEEN CLUBS SEVEN,0.3492,0.0132,0.6376
SPADES KING CLUBS SEVEN,0.3432,0.0078,0.649
SPADES ACE CLUBS SEVEN,0.3236,0.0042,0.6722
SPADES SIX HEARTS TEN,0.2434,0.0862,0.6704
SPADES SIX HEARTS JACK,0.2434,0.0622,0.6944
SPADES SIX HEARTS ACE,0.256,0.0326,0.7114
SPADES SIX HEARTS KING,0.2482,0.0374,0.7144
SPADES SIX HEARTS QUEEN,0.246,0.0522,0.7018
SPADES JACK CLUBS SEVEN,0.338,0.0134,0.6486
SPADES TEN CLUBS SEVEN,0.344,0.0272,0.6288
CLUBS JACK CLUBS ACE,0.329,0.0048,0.6662
CLUBS JACK CLUBS QUEEN,0.334,0.0106,0.6554
CLUBS JACK CLUBS KING,0.33,0.005,0.665
DIAMONDS THREE HEARTS ACE,0.2418,0.0166,0.7416
DIAMONDS THREE HEARTS QUEEN,0.2682,0.0372,0.6946
DIAMONDS THREE HEARTS KING,0.2624,0.025,0.7126
CLUBS FIVE HEARTS JACK,0.363,0.0224,0.6146
SPADES TEN DIAMONDS ACE,0.3498,0.003,0.6472
HEARTS FOUR SPADES TEN,0.3752,0.0302,0.5946
CLUBS FIVE HEARTS TEN,0.3738,0.0264,0.5998
HEARTS FOUR SPADES JACK,0.3798,0.0228,0.5974
SPADES JACK DIAMONDS ACE,0.3412,0.0052,0.6536
SPADES ACE HEARTS FOUR,0.366,0.004,0.63
SPADES ACE DIAMONDS ACE,0.1442,0.0038,0.852
CLUBS FIVE HEARTS ACE,0.3282,0.005,0.6668
CLUBS FIVE HEARTS KING,0.3646,0.0124,0.623
HEARTS FOUR SPADES QUEEN,0.384,0.01,0.606
SPADES QUEEN DIAMONDS ACE,0.3428,0.0052,0.652
CLUBS JACK SPADES FOUR,0.3664,0.0186,0.615
CLUBS FIVE HEARTS QUEEN,0.3696,0.0132,0.6172
SPADES KING DIAMONDS ACE,0.3584,0.0044,0.6372
HEARTS FOUR SPADES KING,0.3782,0.0088,0.613
CLUBS TEN SPADES FOUR,0.3724,0.0336,0.594
DIAMONDS QUEEN DIAMONDS ACE,0.3242,0.003,0.6728
HEARTS TWO DIAMONDS ACE,0.4,0.0078,0.5922
HEARTS FOUR DIAMONDS QUEEN,0.3766,0.0126,0.6108
HEARTS FOUR HEARTS TWO,0.4722,0.1486,0.3792
DIAMONDS THREE HEARTS TEN,0.2498,0.0756,0.6746
SPADES FOUR CLUBS KING,0.3724,0.01,0.6176
HEARTS FIVE DIAMONDS QUEEN,0.3936,0.013,0.5934
HEARTS FIVE HEARTS TWO,0.4758,0.1574,0.3668
DIAMONDS THREE HEARTS JACK,0.2586,0.0556,0.6858
SPADES FOUR CLUBS QUEEN,0.3638,0.0156,0.6206
DIAMONDS QUEEN HEARTS TWO,0.4098,0.0144,0.5758
DIAMONDS KING DIAMONDS QUEEN,0.3238,0.0048,0.6714
DIAMONDS KING HEARTS TWO,0.4104,0.0094,0.5802
HEARTS THREE DIAMONDS QUEEN,0.2692,0.0374,0.6934
HEARTS THREE HEARTS TWO,0.4564,0.2698,0.2738
SPADES FOUR CLUBS ACE,0.341,0.0062,0.6528
HEARTS TWO CLUBS ACE,0.3964,0.0048,0.5988
DIAMONDS QUEEN CLUBS ACE,0.3496,0.0044,0.646
HEARTS TWO CLUBS QUEEN,0.408,0.0124,0.5796
DIAMONDS QUEEN CLUBS QUEEN,0.1488,0.0326,0.8186
HEARTS TWO CLUBS KING,0.4028,0.009,0.5882
DIAMONDS QUEEN CLUBS KING,0.3456,0.0058,0.6486
SPADES EIGHT SPADES FIVE,0.331,0.0604,0.6086
CLUBS TEN HEARTS TWO,0.4042,0.034,0.5618
CLUBS TEN DIAMONDS QUEEN,0.3248,0.0116,0.6636
SPADES NINE SPADES FIVE,0.3354,0.0454,0.6192
CLUBS JACK HEARTS TWO,0.413,0.0218,0.5652
CLUBS JACK DIAMONDS QUEEN,0.3392,0.0082,0.6526
SPADES SIX SPADES FIVE,0.1932,0.442,0.3648
SPADES SEVEN SPADES FIVE,0.3178,0.0964,0.5858
DIAMONDS FIVE CLUBS QUEEN,0.3732,0.013,0.6138
SPADES EIGHT CLUBS ACE,0.3394,0.0036,0.657
DIAMONDS FIVE CLUBS KING,0.3658,0.0092,0.625
SPADES EIGHT CLUBS KING,0.332,0.0078,0.6602
DIAMONDS FIVE CLUBS ACE,0.353,0.0046,0.6424
SPADES EIGHT CLUBS QUEEN,0.3448,0.0094,0.6458
CLUBS JACK SPADES EIGHT,0.3316,0.018,0.6504
CLUBS TEN SPADES EIGHT,0.3322,0.0234,0.6444
CLUBS TEN DIAMONDS FIVE,0.371,0.0268,0.6022
