opposingHand,winningChance,drawChance,lostChance
HEARTS SEVEN SPADES FIVE
HEARTS FIVE SPADES TEN,0.2738,0.0822,0.644
SPADES JACK HEARTS FIVE,0.2784,0.0606,0.661
CLUBS EIGHT CLUBS JACK,0.3332,0.016,0.6508
CLUBS TEN CLUBS EIGHT,0.3204,0.025,0.6546
CLUBS EIGHT CLUBS KING,0.342,0.006,0.652
CLUBS EIGHT CLUBS QUEEN,0.3318,0.0098,0.6584
CLUBS EIGHT CLUBS ACE,0.3424,0.0052,0.6524
DIAMONDS TWO DIAMONDS THREE,0.5464,0.1028,0.3508
DIAMONDS TWO DIAMONDS FIVE,0.5212,0.2024,0.2764
SPADES KING HEARTS FIVE,0.2834,0.036,0.6806
DIAMONDS TWO DIAMONDS FOUR,0.5394,0.094,0.3666
SPADES QUEEN HEARTS FIVE,0.2788,0.0508,0.6704
DIAMONDS TWO DIAMONDS SEVEN,0.3288,0.4088,0.2624
DIAMONDS TWO DIAMONDS SIX,0.5292,0.095,0.3758
SPADES ACE HEARTS FIVE,0.263,0.0256,0.7114
DIAMONDS TWO DIAMONDS NINE,0.402,0.0442,0.5538
DIAMONDS TWO DIAMONDS EIGHT,0.409,0.0586,0.5324
DIAMONDS THREE DIAMONDS FOUR,0.5228,0.0972,0.38
SPADES FOUR CLUBS TWO,0.579,0.1092,0.3118
DIAMONDS THREE DIAMONDS FIVE,0.5066,0.197,0.2964
CLUBS TWO SPADES TWO,0.3966,0.1164,0.487
CLUBS TWO SPADES THREE,0.5694,0.1044,0.3262
DIAMONDS THREE DIAMONDS EIGHT,0.3876,0.0626,0.5498
SPADES EIGHT CLUBS TWO,0.4196,0.0656,0.5148
DIAMONDS THREE DIAMONDS NINE,0.4014,0.045,0.5536
SPADES NINE CLUBS TWO,0.4044,0.0458,0.5498
DIAMONDS THREE DIAMONDS SIX,0.5172,0.098,0.3848
SPADES SIX CLUBS TWO,0.5748,0.1054,0.3198
DIAMONDS THREE DIAMONDS SEVEN,0.3248,0.4158,0.2594
SPADES SEVEN CLUBS TWO,0.336,0.4512,0.2128
CLUBS SIX CLUBS TWO,0.5314,0.0994,0.3692
CLUBS SEVEN CLUBS TWO,0.3232,0.4216,0.2552
CLUBS FOUR CLUBS TWO,0.5374,0.1,0.3626
CLUBS FIVE CLUBS TWO,0.522,0.1954,0.2826
CLUBS TEN CLUBS JACK,0.3208,0.0124,0.6668
DIAMONDS FOUR DIAMONDS SIX,0.5086,0.099,0.3924
CLUBS TEN CLUBS QUEEN,0.3252,0.0114,0.6634
DIAMONDS FOUR DIAMONDS SEVEN,0.3078,0.421,0.2712
CLUBS TEN CLUBS KING,0.33,0.0082,0.6618
CLUBS TEN CLUBS ACE,0.329,0.0032,0.6678
CLUBS EIGHT CLUBS TWO,0.4078,0.0612,0.531
DIAMONDS FIVE DIAMONDS FOUR,0.5024,0.1896,0.308
CLUBS NINE CLUBS TWO,0.405,0.0416,0.5534
DIAMONDS NINE DIAMONDS FOUR,0.3864,0.0472,0.5664
DIAMONDS EIGHT DIAMONDS FOUR,0.3834,0.0608,0.5558
CLUBS THREE CLUBS TWO,0.5198,0.093,0.3872
DIAMONDS NINE DIAMONDS FIVE,0.2612,0.0978,0.641
DIAMONDS TWO CLUBS JACK,0.4378,0.0168,0.5454
DIAMONDS EIGHT DIAMONDS FIVE,0.2436,0.14,0.6164
CLUBS TEN DIAMONDS TWO,0.4416,0.024,0.5344
DIAMONDS FIVE DIAMONDS SEVEN,0.0184,0.909,0.0726
DIAMONDS FIVE DIAMONDS SIX,0.5138,0.1976,0.2886
DIAMONDS TWO CLUBS ACE,0.398,0.005,0.597
DIAMONDS TWO CLUBS KING,0.4336,0.0068,0.5596
DIAMONDS TWO CLUBS QUEEN,0.4434,0.0124,0.5442
DIAMONDS EIGHT DIAMONDS SIX,0.3438,0.0598,0.5964
DIAMONDS NINE DIAMONDS SIX,0.3362,0.0412,0.6226
HEARTS ACE SPADES THREE,0.4116,0.0046,0.5838
SPADES THREE HEARTS KING,0.4216,0.0076,0.5708
DIAMONDS SEVEN DIAMONDS SIX,0.215,0.3438,0.4412
SPADES THREE HEARTS QUEEN,0.4258,0.015,0.5592
SPADES THREE HEARTS JACK,0.431,0.0202,0.5488
SPADES THREE HEARTS TEN,0.4078,0.0304,0.5618
DIAMONDS EIGHT DIAMONDS SEVEN,0.2354,0.132,0.6326
DIAMONDS NINE DIAMONDS SEVEN,0.2398,0.1032,0.657
DIAMONDS NINE DIAMONDS EIGHT,0.3072,0.039,0.6538
DIAMONDS KING HEARTS TEN,0.3506,0.0058,0.6436
HEARTS THREE HEARTS TEN,0.399,0.0294,0.5716
SPADES JACK CLUBS SIX,0.3896,0.0166,0.5938
DIAMONDS KING HEARTS JACK,0.366,0.0062,0.6278
HEARTS THREE HEARTS JACK,0.4052,0.0156,0.5792
SPADES TEN CLUBS SIX,0.3768,0.0286,0.5946
DIAMONDS KING HEARTS ACE,0.3632,0.003,0.6338
HEARTS THREE HEARTS ACE,0.4006,0.0052,0.5942
SPADES ACE CLUBS SIX,0.3862,0.003,0.6108
DIAMONDS KING HEARTS QUEEN,0.3696,0.0054,0.625
HEARTS THREE HEARTS QUEEN,0.389,0.0134,0.5976
SPADES KING CLUBS SIX,0.3912,0.0076,0.6012
DIAMONDS KING HEARTS KING,0.1752,0.0126,0.8122
HEARTS THREE HEARTS KING,0.3926,0.0088,0.5986
SPADES QUEEN CLUBS SIX,0.3864,0.014,0.5996
SPADES NINE HEARTS TEN,0.329,0.0286,0.6424
SPADES NINE HEARTS JACK,0.3486,0.0144,0.637
SPADES NINE HEARTS QUEEN,0.3542,0.0112,0.6346
SPADES NINE HEARTS KING,0.3446,0.0088,0.6466
SPADES NINE HEARTS ACE,0.3408,0.0054,0.6538
CLUBS TEN SPADES JACK,0.3364,0.0164,0.6472
CLUBS TEN SPADES TEN,0.182,0.0544,0.7636
SPADES ACE CLUBS TEN,0.3522,0.0038,0.644
SPADES KING CLUBS TEN,0.3626,0.005,0.6324
CLUBS TEN SPADES QUEEN,0.3498,0.0112,0.639
CLUBS EIGHT SPADES TEN,0.3332,0.0286,0.6382
HEARTS THREE SPADES JACK,0.4296,0.0198,0.5506
SPADES JACK DIAMONDS KING,0.3656,0.0066,0.6278
SPADES TEN DIAMONDS KING,0.3506,0.0062,0.6432
HEARTS THREE SPADES TEN,0.4134,0.0324,0.5542
SPADES JACK CLUBS EIGHT,0.3666,0.0152,0.6182
CLUBS SIX HEARTS ACE,0.3898,0.0044,0.6058
SPADES ACE CLUBS EIGHT,0.3638,0.0034,0.6328
HEARTS FIVE CLUBS JACK,0.279,0.0624,0.6586
CLUBS TEN HEARTS FIVE,0.279,0.0818,0.6392
CLUBS SIX HEARTS QUEEN,0.3894,0.0114,0.5992
SPADES QUEEN CLUBS EIGHT,0.3598,0.0126,0.6276
CLUBS TEN SPADES THREE,0.4244,0.0274,0.5482
CLUBS SIX HEARTS KING,0.3828,0.0094,0.6078
SPADES KING CLUBS EIGHT,0.3626,0.007,0.6304
SPADES THREE CLUBS JACK,0.414,0.0208,0.5652
DIAMONDS TWO HEARTS JACK,0.429,0.0192,0.5518
SPADES THREE CLUBS QUEEN,0.4222,0.0158,0.562
DIAMONDS TWO HEARTS TEN,0.4248,0.0292,0.546
SPADES THREE CLUBS KING,0.4252,0.009,0.5658
HEARTS FIVE CLUBS ACE,0.2772,0.0226,0.7002
SPADES THREE CLUBS ACE,0.4122,0.0048,0.583
HEARTS FIVE CLUBS KING,0.2752,0.034,0.6908
HEARTS FIVE CLUBS QUEEN,0.2846,0.0498,0.6656
HEARTS THREE CLUBS KING,0.4298,0.0116,0.5586
DIAMONDS KING CLUBS KING,0.1694,0.0158,0.8148
HEARTS THREE CLUBS QUEEN,0.4196,0.0152,0.5652
DIAMONDS KING CLUBS QUEEN,0.3642,0.0064,0.6294
HEARTS FIVE HEARTS JACK,0.2586,0.06,0.6814
HEARTS FIVE HEARTS TEN,0.272,0.0782,0.6498
HEARTS THREE CLUBS ACE,0.4008,0.0052,0.594
DIAMONDS KING CLUBS ACE,0.374,0.005,0.621
SPADES ACE CLUBS QUEEN,0.3628,0.0036,0.6336
SPADES KING CLUBS QUEEN,0.362,0.0086,0.6294
HEARTS THREE CLUBS JACK,0.4236,0.0194,0.557
DIAMONDS KING CLUBS JACK,0.3586,0.006,0.6354
SPADES QUEEN CLUBS QUEEN,0.1754,0.0272,0.7974
CLUBS TEN HEARTS THREE,0.423,0.026,0.551
CLUBS TEN DIAMONDS KING,0.3628,0.0072,0.63
SPADES JACK CLUBS QUEEN,0.3474,0.011,0.6416
CLUBS SIX CLUBS QUEEN,0.3658,0.0128,0.6214
SPADES TEN CLUBS QUEEN,0.3506,0.0094,0.64
CLUBS SIX CLUBS KING,0.356,0.008,0.636
CLUBS SIX CLUBS ACE,0.355,0.0026,0.6424
HEARTS FIVE HEARTS KING,0.2592,0.0374,0.7034
HEARTS FIVE HEARTS QUEEN,0.29,0.0472,0.6628
CLUBS TEN CLUBS SIX,0.357,0.025,0.618
HEARTS FIVE HEARTS ACE,0.2774,0.0214,0.7012
CLUBS SIX CLUBS JACK,0.3578,0.0168,0.6254
SPADES SEVEN HEARTS JACK,0.2692,0.0652,0.6656
SPADES SEVEN HEARTS TEN,0.247,0.082,0.671
DIAMONDS TWO CLUBS TWO,0.3912,0.1128,0.496
DIAMONDS TWO CLUBS THREE,0.5724,0.1056,0.322
HEARTS SIX DIAMONDS TWO,0.573,0.1002,0.3268
DIAMONDS TWO HEARTS QUEEN,0.4242,0.0134,0.5624
DIAMONDS TWO HEARTS KING,0.4322,0.009,0.5588
DIAMONDS TWO HEARTS EIGHT,0.432,0.0668,0.5012
DIAMONDS TWO HEARTS ACE,0.4074,0.0068,0.5858
DIAMONDS TWO HEARTS NINE,0.4258,0.043,0.5312
DIAMONDS TWO DIAMONDS QUEEN,0.393,0.0118,0.5952
DIAMONDS TWO HEARTS TWO,0.3924,0.1166,0.491
DIAMONDS TWO DIAMONDS KING,0.4082,0.0084,0.5834
HEARTS THREE DIAMONDS TWO,0.5818,0.1062,0.312
DIAMONDS TWO DIAMONDS ACE,0.3878,0.005,0.6072
HEARTS FOUR DIAMONDS TWO,0.569,0.1058,0.3252
DIAMONDS TWO HEARTS FIVE,0.5824,0.192,0.2256
SPADES SEVEN HEARTS ACE,0.2558,0.031,0.7132
DIAMONDS TWO DIAMONDS TEN,0.398,0.0292,0.5728
SPADES SEVEN HEARTS KING,0.2642,0.0398,0.696
DIAMONDS TWO DIAMONDS JACK,0.4064,0.0188,0.5748
SPADES SEVEN HEARTS QUEEN,0.2674,0.0464,0.6862
DIAMONDS TWO SPADES NINE,0.4188,0.044,0.5372
DIAMONDS TWO SPADES EIGHT,0.4174,0.0694,0.5132
DIAMONDS TWO SPADES SEVEN,0.3448,0.4528,0.2024
DIAMONDS TWO SPADES SIX,0.56,0.1098,0.3302
DIAMONDS TWO SPADES FOUR,0.5766,0.107,0.3164
DIAMONDS TWO SPADES THREE,0.5914,0.103,0.3056
DIAMONDS TWO SPADES TWO,0.3972,0.1122,0.4906
CLUBS NINE DIAMONDS TWO,0.4328,0.0392,0.528
DIAMONDS TWO CLUBS EIGHT,0.4264,0.0602,0.5134
CLUBS SEVEN DIAMONDS TWO,0.3474,0.4368,0.2158
DIAMONDS TWO CLUBS SIX,0.5742,0.1064,0.3194
DIAMONDS TWO CLUBS FIVE,0.5676,0.1958,0.2366
DIAMONDS TWO CLUBS FOUR,0.578,0.1024,0.3196
CLUBS FOUR SPADES FOUR,0.3584,0.1162,0.5254
CLUBS FOUR SPADES THREE,0.5636,0.1016,0.3348
CLUBS FOUR SPADES TWO,0.582,0.1062,0.3118
SPADES NINE CLUBS FOUR,0.4114,0.0398,0.5488
SPADES EIGHT CLUBS FOUR,0.3952,0.0668,0.538
SPADES SEVEN CLUBS FOUR,0.3208,0.4598,0.2194
CLUBS FOUR SPADES SIX,0.552,0.0964,0.3516
SPADES ACE DIAMONDS SIX,0.3812,0.0036,0.6152
SPADES QUEEN DIAMONDS SIX,0.3834,0.013,0.6036
SPADES KING DIAMONDS SIX,0.386,0.009,0.605
SPADES TEN DIAMONDS SIX,0.3688,0.024,0.6072
SPADES JACK DIAMONDS SIX,0.3884,0.019,0.5926
SPADES QUEEN SPADES TWO,0.4002,0.0142,0.5856
SPADES KING SPADES TWO,0.4218,0.0106,0.5676
SPADES ACE SPADES TWO,0.409,0.005,0.586
DIAMONDS JACK CLUBS JACK,0.1914,0.0444,0.7642
CLUBS TEN DIAMONDS JACK,0.3484,0.0128,0.6388
DIAMONDS JACK CLUBS KING,0.3628,0.0068,0.6304
DIAMONDS JACK CLUBS QUEEN,0.3608,0.0108,0.6284
DIAMONDS THREE DIAMONDS JACK,0.3964,0.0162,0.5874
DIAMONDS THREE DIAMONDS TEN,0.4004,0.0268,0.5728
DIAMONDS JACK CLUBS ACE,0.3726,0.0014,0.626
DIAMONDS THREE DIAMONDS KING,0.3982,0.0058,0.596
HEARTS THREE DIAMONDS THREE,0.364,0.1146,0.5214
DIAMONDS THREE DIAMONDS QUEEN,0.3762,0.0164,0.6074
DIAMONDS THREE HEARTS TWO,0.5746,0.0984,0.327
HEARTS FIVE DIAMONDS THREE,0.55,0.2064,0.2436
DIAMONDS THREE DIAMONDS ACE,0.378,0.0044,0.6176
HEARTS FOUR DIAMONDS THREE,0.5702,0.1076,0.3222
SPADES TEN SPADES NINE,0.3162,0.0236,0.6602
HEARTS SIX DIAMONDS THREE,0.5634,0.103,0.3336
SPADES JACK SPADES NINE,0.3386,0.0186,0.6428
DIAMONDS THREE HEARTS NINE,0.4142,0.0472,0.5386
HEARTS JACK DIAMONDS FOUR,0.4084,0.0202,0.5714
HEARTS ACE HEARTS KING,0.3462,0.0034,0.6504
SPADES TEN SPADES TWO,0.4134,0.0272,0.5594
DIAMONDS THREE HEARTS EIGHT,0.4194,0.066,0.5146
HEARTS TEN DIAMONDS FOUR,0.413,0.0292,0.5578
SPADES JACK SPADES TWO,0.417,0.0188,0.5642
HEARTS QUEEN DIAMONDS FOUR,0.411,0.0138,0.5752
HEARTS KING DIAMONDS FOUR,0.4098,0.01,0.5802
SPADES ACE SPADES NINE,0.3498,0.0056,0.6446
HEARTS ACE DIAMONDS FOUR,0.3984,0.0048,0.5968
SPADES KING SPADES NINE,0.3502,0.0064,0.6434
SPADES QUEEN SPADES NINE,0.3386,0.0116,0.6498
DIAMONDS THREE SPADES NINE,0.417,0.043,0.54
DIAMONDS THREE SPADES EIGHT,0.4018,0.0682,0.53
DIAMONDS THREE SPADES SEVEN,0.3358,0.4354,0.2288
DIAMONDS THREE SPADES SIX,0.5642,0.1024,0.3334
DIAMONDS THREE CLUBS SIX,0.56,0.1022,0.3378
CLUBS FIVE CLUBS SIX,0.5156,0.1884,0.296
CLUBS ACE DIAMONDS FOUR,0.4012,0.0036,0.5952
CLUBS SEVEN DIAMONDS THREE,0.3428,0.435,0.2222
CLUBS SEVEN CLUBS FIVE,0.0228,0.909,0.0682
DIAMONDS THREE CLUBS FOUR,0.5588,0.101,0.3402
DIAMONDS FOUR CLUBS QUEEN,0.4176,0.0114,0.571
DIAMONDS THREE CLUBS FIVE,0.55,0.1964,0.2536
CLUBS KING DIAMONDS FOUR,0.4162,0.0078,0.576
DIAMONDS THREE CLUBS TWO,0.5818,0.104,0.3142
CLUBS TEN DIAMONDS FOUR,0.4146,0.0308,0.5546
DIAMONDS THREE CLUBS THREE,0.3712,0.1174,0.5114
DIAMONDS FOUR CLUBS JACK,0.4198,0.0176,0.5626
DIAMONDS THREE SPADES FOUR,0.584,0.0936,0.3224
DIAMONDS THREE SPADES TWO,0.5752,0.1018,0.323
DIAMONDS THREE SPADES THREE,0.3742,0.1174,0.5084
CLUBS EIGHT DIAMONDS THREE,0.4182,0.0694,0.5124
CLUBS NINE DIAMONDS THREE,0.4046,0.0474,0.548
SPADES SEVEN CLUBS ACE,0.2644,0.028,0.7076
SPADES SEVEN CLUBS QUEEN,0.264,0.047,0.689
SPADES SEVEN CLUBS KING,0.2684,0.0408,0.6908
CLUBS FIVE SPADES SEVEN,0.0096,0.9738,0.0166
CLUBS TEN SPADES SEVEN,0.2548,0.08,0.6652
CLUBS FIVE SPADES SIX,0.5536,0.2024,0.244
SPADES SEVEN CLUBS JACK,0.2738,0.0578,0.6684
CLUBS FIVE SPADES NINE,0.271,0.1054,0.6236
CLUBS FIVE SPADES EIGHT,0.2502,0.1428,0.607
CLUBS FIVE SPADES THREE,0.5556,0.202,0.2424
CLUBS FIVE SPADES TWO,0.5748,0.2002,0.225
CLUBS FIVE SPADES FOUR,0.5436,0.2016,0.2548
CLUBS NINE CLUBS FIVE,0.2458,0.102,0.6522
CLUBS EIGHT CLUBS FIVE,0.2418,0.1288,0.6294
CLUBS ACE CLUBS QUEEN,0.3426,0.0028,0.6546
CLUBS KING CLUBS QUEEN,0.3298,0.0072,0.663
DIAMONDS TEN DIAMONDS FOUR,0.3986,0.0276,0.5738
CLUBS TEN DIAMONDS NINE,0.3484,0.027,0.6246
DIAMONDS JACK DIAMONDS FOUR,0.394,0.0204,0.5856
DIAMONDS NINE CLUBS JACK,0.3468,0.0164,0.6368
SPADES NINE CLUBS JACK,0.3456,0.0156,0.6388
CLUBS TEN SPADES NINE,0.3246,0.0244,0.651
DIAMONDS ACE DIAMONDS FOUR,0.3798,0.005,0.6152
HEARTS FOUR DIAMONDS FOUR,0.3706,0.1206,0.5088
DIAMONDS JACK HEARTS TEN,0.3364,0.0158,0.6478
SPADES NINE CLUBS KING,0.3566,0.006,0.6374
DIAMONDS TWO SPADES TEN,0.4152,0.029,0.5558
DIAMONDS NINE CLUBS ACE,0.3654,0.0048,0.6298
HEARTS FIVE DIAMONDS FOUR,0.544,0.1998,0.2562
DIAMONDS JACK HEARTS JACK,0.173,0.0458,0.7812
SPADES NINE CLUBS QUEEN,0.3424,0.0104,0.6472
DIAMONDS TWO SPADES JACK,0.435,0.0164,0.5486
DIAMONDS QUEEN DIAMONDS FOUR,0.39,0.0112,0.5988
HEARTS TWO DIAMONDS FOUR,0.5768,0.1058,0.3174
DIAMONDS NINE CLUBS QUEEN,0.363,0.0108,0.6262
DIAMONDS KING DIAMONDS FOUR,0.3884,0.0092,0.6024
HEARTS THREE DIAMONDS FOUR,0.5598,0.1102,0.33
SPADES NINE CLUBS ACE,0.352,0.0046,0.6434
DIAMONDS NINE CLUBS KING,0.3694,0.0052,0.6254
HEARTS ACE DIAMONDS JACK,0.3578,0.0032,0.639
SPADES ACE DIAMONDS TWO,0.41,0.0044,0.5856
HEARTS QUEEN DIAMONDS JACK,0.338,0.01,0.652
SPADES QUEEN DIAMONDS TWO,0.4326,0.0152,0.5522
DIAMONDS JACK HEARTS KING,0.3638,0.0054,0.6308
SPADES KING DIAMONDS TWO,0.4236,0.0104,0.566
SPADES JACK SPADES SEVEN,0.2574,0.068,0.6746
SPADES TEN SPADES SEVEN,0.2508,0.0784,0.6708
CLUBS SEVEN CLUBS THREE,0.3172,0.4188,0.264
CLUBS SIX CLUBS THREE,0.5314,0.0978,0.3708
CLUBS FIVE CLUBS THREE,0.4998,0.1948,0.3054
CLUBS THREE CLUBS FOUR,0.5182,0.0946,0.3872
CLUBS NINE CLUBS THREE,0.392,0.0406,0.5674
CLUBS EIGHT CLUBS THREE,0.388,0.0612,0.5508
CLUBS THREE SPADES FOUR,0.562,0.1054,0.3326
CLUBS THREE SPADES THREE,0.3762,0.111,0.5128
CLUBS THREE SPADES TWO,0.586,0.0982,0.3158
CLUBS THREE SPADES SIX,0.553,0.1044,0.3426
CLUBS THREE SPADES SEVEN,0.335,0.4362,0.2288
SPADES EIGHT CLUBS THREE,0.4192,0.062,0.5188
SPADES NINE CLUBS THREE,0.397,0.048,0.555
SPADES TWO DIAMONDS FOUR,0.578,0.108,0.314
SPADES THREE DIAMONDS FOUR,0.5652,0.0968,0.338
SPADES FOUR DIAMONDS FOUR,0.3672,0.117,0.5158
SPADES SIX DIAMONDS FOUR,0.5588,0.0982,0.343
SPADES SEVEN DIAMONDS FOUR,0.3192,0.4618,0.219
SPADES EIGHT DIAMONDS FOUR,0.4136,0.0654,0.521
SPADES NINE DIAMONDS FOUR,0.4172,0.0406,0.5422
CLUBS FIVE DIAMONDS FOUR,0.5354,0.2096,0.255
CLUBS FOUR DIAMONDS FOUR,0.3668,0.1096,0.5236
CLUBS SEVEN DIAMONDS FOUR,0.318,0.4484,0.2336
CLUBS SIX DIAMONDS FOUR,0.5466,0.103,0.3504
CLUBS NINE DIAMONDS FOUR,0.4232,0.0444,0.5324
CLUBS EIGHT DIAMONDS FOUR,0.4078,0.0632,0.529
HEARTS SIX DIAMONDS FOUR,0.5472,0.101,0.3518
DIAMONDS FOUR HEARTS NINE,0.3966,0.0398,0.5636
DIAMONDS FOUR HEARTS EIGHT,0.4016,0.0638,0.5346
CLUBS THREE DIAMONDS FOUR,0.5598,0.1076,0.3326
CLUBS TWO DIAMONDS FOUR,0.5762,0.1066,0.3172
DIAMONDS TEN DIAMONDS FIVE,0.261,0.0826,0.6564
DIAMONDS JACK DIAMONDS FIVE,0.2708,0.0546,0.6746
DIAMONDS NINE HEARTS QUEEN,0.3576,0.0152,0.6272
DIAMONDS NINE HEARTS KING,0.371,0.007,0.622
HEARTS ACE DIAMONDS NINE,0.354,0.0042,0.6418
DIAMONDS NINE HEARTS TEN,0.3476,0.0232,0.6292
DIAMONDS NINE HEARTS JACK,0.3474,0.018,0.6346
CLUBS KING DIAMONDS SIX,0.3956,0.0082,0.5962
CLUBS QUEEN DIAMONDS SIX,0.3876,0.011,0.6014
CLUBS ACE DIAMONDS SIX,0.391,0.0054,0.6036
SPADES KING DIAMONDS FOUR,0.405,0.0102,0.5848
SPADES ACE SPADES SEVEN,0.2672,0.0276,0.7052
SPADES QUEEN DIAMONDS FOUR,0.4152,0.0162,0.5686
SPADES QUEEN SPADES SEVEN,0.2584,0.0436,0.698
CLUBS JACK DIAMONDS SIX,0.3906,0.0144,0.595
SPADES KING SPADES SEVEN,0.2554,0.0406,0.704
SPADES ACE DIAMONDS FOUR,0.4042,0.0048,0.591
CLUBS TEN DIAMONDS SIX,0.3706,0.0298,0.5996
CLUBS NINE CLUBS FOUR,0.396,0.0372,0.5668
CLUBS EIGHT CLUBS FOUR,0.379,0.0644,0.5566
SPADES JACK DIAMONDS FOUR,0.4004,0.02,0.5796
SPADES TEN DIAMONDS FOUR,0.414,0.029,0.557
CLUBS FIVE CLUBS FOUR,0.5116,0.1904,0.298
CLUBS SEVEN CLUBS FOUR,0.3102,0.422,0.2678
CLUBS SIX CLUBS FOUR,0.5112,0.095,0.3938
CLUBS SEVEN SPADES EIGHT,0.2374,0.1372,0.6254
CLUBS SEVEN SPADES NINE,0.2444,0.112,0.6436
CLUBS SEVEN SPADES SIX,0.2206,0.3908,0.3886
CLUBS SEVEN SPADES SEVEN,0.1058,0.104,0.7902
CLUBS SEVEN SPADES FOUR,0.3388,0.4532,0.208
CLUBS SEVEN SPADES THREE,0.3462,0.4524,0.2014
CLUBS SEVEN SPADES TWO,0.3412,0.4558,0.203
CLUBS NINE CLUBS SEVEN,0.2396,0.099,0.6614
CLUBS SEVEN CLUBS EIGHT,0.2316,0.134,0.6344
HEARTS SIX DIAMONDS FIVE,0.5544,0.2028,0.2428
DIAMONDS FIVE HEARTS EIGHT,0.2434,0.1438,0.6128
DIAMONDS FIVE HEARTS NINE,0.2566,0.1136,0.6298
DIAMONDS QUEEN DIAMONDS FIVE,0.2594,0.0462,0.6944
HEARTS TWO DIAMONDS FIVE,0.5688,0.1992,0.232
HEARTS KING HEARTS EIGHT,0.3282,0.0108,0.661
DIAMONDS KING DIAMONDS FIVE,0.2634,0.0338,0.7028
HEARTS THREE DIAMONDS FIVE,0.5468,0.199,0.2542
HEARTS QUEEN HEARTS EIGHT,0.3438,0.0118,0.6444
DIAMONDS ACE DIAMONDS FIVE,0.2566,0.02,0.7234
HEARTS FOUR DIAMONDS FIVE,0.5478,0.2078,0.2444
HEARTS FIVE DIAMONDS FIVE,0.2886,0.0872,0.6242
HEARTS ACE HEARTS EIGHT,0.3304,0.0026,0.667
CLUBS FOUR DIAMONDS FIVE,0.5496,0.1944,0.256
CLUBS FIVE DIAMONDS FIVE,0.2916,0.094,0.6144
CLUBS SIX DIAMONDS FIVE,0.5544,0.1988,0.2468
CLUBS SEVEN DIAMONDS FIVE,0.0206,0.9624,0.017
CLUBS TWO DIAMONDS FIVE,0.5724,0.2002,0.2274
CLUBS THREE DIAMONDS FIVE,0.5522,0.2068,0.241
SPADES THREE DIAMONDS FIVE,0.546,0.2056,0.2484
SPADES TWO DIAMONDS FIVE,0.583,0.1932,0.2238
SPADES JACK DIAMONDS EIGHT,0.3564,0.022,0.6216
CLUBS TEN HEARTS JACK,0.334,0.0136,0.6524
SPADES TEN DIAMONDS EIGHT,0.3484,0.0268,0.6248
SPADES FOUR DIAMONDS FIVE,0.5338,0.21,0.2562
HEARTS JACK CLUBS JACK,0.1724,0.0448,0.7828
HEARTS JACK CLUBS QUEEN,0.3394,0.0106,0.65
CLUBS NINE DIAMONDS FIVE,0.2686,0.1094,0.622
CLUBS KING HEARTS JACK,0.356,0.0074,0.6366
CLUBS EIGHT DIAMONDS FIVE,0.2548,0.1498,0.5954
CLUBS ACE HEARTS JACK,0.3604,0.0036,0.636
SPADES SEVEN DIAMONDS FIVE,0.008,0.9726,0.0194
SPADES KING DIAMONDS EIGHT,0.3582,0.0092,0.6326
SPADES QUEEN DIAMONDS EIGHT,0.3608,0.0124,0.6268
SPADES SIX DIAMONDS FIVE,0.5494,0.2004,0.2502
SPADES NINE DIAMONDS FIVE,0.2646,0.107,0.6284
SPADES EIGHT DIAMONDS FIVE,0.238,0.1492,0.6128
SPADES ACE DIAMONDS EIGHT,0.3574,0.0038,0.6388
DIAMONDS TEN DIAMONDS SIX,0.3446,0.0288,0.6266
HEARTS ACE DIAMONDS SEVEN,0.2584,0.029,0.7126
DIAMONDS JACK DIAMONDS SIX,0.3774,0.013,0.6096
HEARTS QUEEN DIAMONDS SEVEN,0.272,0.045,0.683
HEARTS KING DIAMONDS SEVEN,0.2642,0.0378,0.698
DIAMONDS ACE DIAMONDS SIX,0.3708,0.0046,0.6246
HEARTS FOUR DIAMONDS SIX,0.5648,0.0992,0.336
SPADES TWO HEARTS JACK,0.4326,0.0192,0.5482
HEARTS FIVE DIAMONDS SIX,0.562,0.1864,0.2516
SPADES TWO HEARTS TEN,0.432,0.0266,0.5414
DIAMONDS QUEEN DIAMONDS SIX,0.3618,0.0118,0.6264
HEARTS TWO DIAMONDS SIX,0.5816,0.0972,0.3212
DIAMONDS KING DIAMONDS SIX,0.365,0.0076,0.6274
HEARTS THREE DIAMONDS SIX,0.57,0.0948,0.3352
HEARTS EIGHT DIAMONDS SIX,0.3592,0.0686,0.5722
HEARTS NINE DIAMONDS SIX,0.3626,0.043,0.5944
HEARTS SIX DIAMONDS SIX,0.2406,0.1108,0.6486
HEARTS TEN DIAMONDS SEVEN,0.2462,0.0778,0.676
CLUBS TWO DIAMONDS SIX,0.579,0.0986,0.3224
HEARTS JACK DIAMONDS SEVEN,0.2716,0.0564,0.672
CLUBS THREE DIAMONDS SIX,0.5566,0.103,0.3404
CLUBS SEVEN DIAMONDS SIX,0.2278,0.3846,0.3876
DIAMONDS EIGHT CLUBS JACK,0.353,0.017,0.63
CLUBS SIX DIAMONDS SIX,0.2548,0.1068,0.6384
CLUBS TEN DIAMONDS EIGHT,0.3408,0.0228,0.6364
CLUBS FIVE DIAMONDS SIX,0.5648,0.1874,0.2478
CLUBS FOUR DIAMONDS SIX,0.541,0.0982,0.3608
HEARTS ACE HEARTS JACK,0.3346,0.0062,0.6592
DIAMONDS EIGHT CLUBS ACE,0.357,0.0054,0.6376
HEARTS QUEEN HEARTS JACK,0.3318,0.0118,0.6564
DIAMONDS EIGHT CLUBS KING,0.3736,0.0088,0.6176
CLUBS NINE DIAMONDS SIX,0.3626,0.0414,0.596
HEARTS KING HEARTS JACK,0.3416,0.006,0.6524
DIAMONDS EIGHT CLUBS QUEEN,0.3724,0.0096,0.618
CLUBS EIGHT DIAMONDS SIX,0.369,0.0644,0.5666
SPADES TEN HEARTS KING,0.3432,0.0082,0.6486
HEARTS ACE SPADES TWO,0.4124,0.0082,0.5794
SPADES JACK HEARTS KING,0.3478,0.006,0.6462
SPADES FOUR DIAMONDS SIX,0.548,0.1052,0.3468
SPADES THREE DIAMONDS SIX,0.5614,0.1064,0.3322
HEARTS QUEEN SPADES TWO,0.4162,0.0168,0.567
SPADES ACE SPADES KING,0.3474,0.0064,0.6462
SPADES TWO HEARTS KING,0.4312,0.0102,0.5586
SPADES TWO DIAMONDS SIX,0.5818,0.1088,0.3094
HEARTS TEN HEARTS EIGHT,0.3258,0.0262,0.648
SPADES NINE DIAMONDS SIX,0.356,0.0422,0.6018
HEARTS JACK HEARTS EIGHT,0.3512,0.0186,0.6302
SPADES EIGHT DIAMONDS SIX,0.348,0.0652,0.5868
SPADES SEVEN DIAMONDS SIX,0.224,0.368,0.408
SPADES SIX DIAMONDS SIX,0.2512,0.1004,0.6484
SPADES KING HEARTS KING,0.1626,0.022,0.8154
SPADES QUEEN HEARTS KING,0.3624,0.0074,0.6302
CLUBS ACE CLUBS KING,0.3366,0.0046,0.6588
SPADES ACE HEARTS KING,0.3642,0.0034,0.6324
SPADES ACE HEARTS JACK,0.345,0.0038,0.6512
SPADES QUEEN HEARTS JACK,0.3602,0.0096,0.6302
SPADES KING HEARTS JACK,0.3492,0.0072,0.6436
SPADES TEN DIAMONDS TEN,0.1682,0.0604,0.7714
SPADES JACK DIAMONDS TEN,0.329,0.0198,0.6512
SPADES ACE DIAMONDS TEN,0.3506,0.0048,0.6446
SPADES JACK HEARTS JACK,0.1684,0.0418,0.7898
SPADES TEN HEARTS JACK,0.3426,0.0174,0.64
SPADES QUEEN DIAMONDS TEN,0.3438,0.0096,0.6466
SPADES KING DIAMONDS TEN,0.3668,0.0048,0.6284
SPADES NINE DIAMONDS SEVEN,0.2534,0.1112,0.6354
SPADES EIGHT DIAMONDS SEVEN,0.2468,0.1416,0.6116
SPADES SEVEN DIAMONDS SEVEN,0.1116,0.0982,0.7902
SPADES SIX DIAMONDS SEVEN,0.206,0.375,0.419
DIAMONDS KING DIAMONDS SEVEN,0.2496,0.0374,0.713
HEARTS THREE DIAMONDS SEVEN,0.3408,0.4486,0.2106
HEARTS KING DIAMONDS FIVE,0.2798,0.0298,0.6904
DIAMONDS QUEEN DIAMONDS SEVEN,0.2574,0.0488,0.6938
HEARTS TWO DIAMONDS SEVEN,0.35,0.4538,0.1962
HEARTS QUEEN DIAMONDS FIVE,0.283,0.0442,0.6728
HEARTS FIVE DIAMONDS SEVEN,0.017,0.972,0.011
DIAMONDS ACE DIAMONDS SEVEN,0.2572,0.0242,0.7186
HEARTS FOUR DIAMONDS SEVEN,0.3378,0.4558,0.2064
HEARTS ACE DIAMONDS FIVE,0.27,0.021,0.709
HEARTS SIX DIAMONDS SEVEN,0.2258,0.3684,0.4058
DIAMONDS SEVEN HEARTS NINE,0.2566,0.1042,0.6392
HEARTS EIGHT DIAMONDS SEVEN,0.2474,0.1438,0.6088
DIAMONDS JACK DIAMONDS SEVEN,0.2566,0.063,0.6804
DIAMONDS FIVE HEARTS JACK,0.2784,0.06,0.6616
DIAMONDS TEN DIAMONDS SEVEN,0.2394,0.0802,0.6804
HEARTS TEN DIAMONDS FIVE,0.2708,0.0758,0.6534
SPADES KING CLUBS TWO,0.4354,0.0066,0.558
HEARTS KING CLUBS KING,0.179,0.0204,0.8006
CLUBS EIGHT DIAMONDS SEVEN,0.2484,0.1418,0.6098
SPADES QUEEN CLUBS TWO,0.43,0.0158,0.5542
HEARTS KING CLUBS QUEEN,0.3708,0.007,0.6222
CLUBS NINE DIAMONDS SEVEN,0.2556,0.1024,0.642
SPADES TWO CLUBS JACK,0.4178,0.0202,0.562
SPADES ACE CLUBS TWO,0.4108,0.005,0.5842
CLUBS TEN SPADES TWO,0.416,0.0276,0.5564
HEARTS KING CLUBS ACE,0.3654,0.0044,0.6302
CLUBS SEVEN CLUBS SIX,0.2102,0.3656,0.4242
SPADES TWO CLUBS KING,0.4352,0.006,0.5588
SPADES TWO DIAMONDS SEVEN,0.3596,0.4462,0.1942
CLUBS EIGHT CLUBS SIX,0.3188,0.0612,0.62
SPADES THREE DIAMONDS SEVEN,0.34,0.4534,0.2066
SPADES TWO CLUBS QUEEN,0.4316,0.0112,0.5572
CLUBS NINE CLUBS SIX,0.346,0.0384,0.6156
SPADES FOUR DIAMONDS SEVEN,0.3168,0.469,0.2142
HEARTS KING CLUBS JACK,0.3612,0.0076,0.6312
SPADES TWO CLUBS ACE,0.4218,0.0038,0.5744
CLUBS TEN HEARTS KING,0.3488,0.0068,0.6444
CLUBS SIX SPADES TWO,0.5716,0.1088,0.3196
CLUBS SIX SPADES THREE,0.573,0.1004,0.3266
CLUBS TWO DIAMONDS SEVEN,0.3538,0.4422,0.204
CLUBS SIX SPADES FOUR,0.546,0.105,0.349
CLUBS THREE DIAMONDS SEVEN,0.3412,0.4494,0.2094
CLUBS FOUR DIAMONDS SEVEN,0.3228,0.4632,0.214
CLUBS SIX SPADES SIX,0.2556,0.1056,0.6388
CLUBS FIVE DIAMONDS SEVEN,0.019,0.9586,0.0224
CLUBS SIX SPADES SEVEN,0.2108,0.3842,0.405
CLUBS SIX DIAMONDS SEVEN,0.23,0.3798,0.3902
CLUBS SIX SPADES EIGHT,0.3472,0.0662,0.5866
SPADES JACK CLUBS TWO,0.4202,0.0174,0.5624
CLUBS SEVEN DIAMONDS SEVEN,0.1266,0.0952,0.7782
SPADES NINE CLUBS SIX,0.3772,0.0428,0.58
SPADES TEN CLUBS TWO,0.4284,0.0276,0.544
CLUBS TWO CLUBS QUEEN,0.4046,0.0112,0.5842
CLUBS TWO CLUBS KING,0.407,0.0096,0.5834
CLUBS THREE DIAMONDS EIGHT,0.4308,0.0604,0.5088
CLUBS TWO CLUBS ACE,0.3944,0.0044,0.6012
CLUBS TWO DIAMONDS EIGHT,0.4336,0.0682,0.4982
HEARTS SIX DIAMONDS EIGHT,0.3448,0.0706,0.5846
DIAMONDS EIGHT HEARTS NINE,0.3358,0.038,0.6262
CLUBS TEN CLUBS TWO,0.404,0.0262,0.5698
DIAMONDS EIGHT HEARTS EIGHT,0.1568,0.0874,0.7558
CLUBS TWO CLUBS JACK,0.4072,0.0198,0.573
CLUBS NINE DIAMONDS EIGHT,0.3402,0.0362,0.6236
CLUBS EIGHT DIAMONDS EIGHT,0.1642,0.0776,0.7582
CLUBS FIVE DIAMONDS EIGHT,0.2428,0.1456,0.6116
SPADES ACE SPADES THREE,0.3862,0.0054,0.6084
CLUBS FOUR DIAMONDS EIGHT,0.4086,0.0646,0.5268
CLUBS SEVEN DIAMONDS EIGHT,0.253,0.1376,0.6094
SPADES QUEEN SPADES THREE,0.3988,0.011,0.5902
CLUBS SIX DIAMONDS EIGHT,0.3498,0.0636,0.5866
SPADES KING SPADES THREE,0.3918,0.0076,0.6006
DIAMONDS QUEEN DIAMONDS EIGHT,0.3446,0.0144,0.641
HEARTS TWO DIAMONDS EIGHT,0.4276,0.0652,0.5072
DIAMONDS KING DIAMONDS EIGHT,0.337,0.0064,0.6566
HEARTS THREE DIAMONDS EIGHT,0.415,0.0728,0.5122
DIAMONDS ACE DIAMONDS EIGHT,0.3392,0.0054,0.6554
HEARTS FOUR DIAMONDS EIGHT,0.4064,0.0696,0.524
HEARTS FIVE DIAMONDS EIGHT,0.2418,0.1512,0.607
DIAMONDS EIGHT DIAMONDS TEN,0.3268,0.025,0.6482
DIAMONDS EIGHT DIAMONDS JACK,0.3372,0.0164,0.6464
SPADES JACK SPADES THREE,0.4116,0.0182,0.5702
SPADES TEN SPADES THREE,0.409,0.0296,0.5614
CLUBS FOUR HEARTS ACE,0.3942,0.0066,0.5992
CLUBS FOUR HEARTS QUEEN,0.423,0.0098,0.5672
CLUBS FOUR HEARTS KING,0.4182,0.009,0.5728
CLUBS SIX HEARTS TEN,0.3658,0.0278,0.6064
CLUBS SIX HEARTS JACK,0.3764,0.0166,0.607
SPADES FOUR DIAMONDS EIGHT,0.4122,0.0638,0.524
DIAMONDS EIGHT SPADES TWO,0.4304,0.066,0.5036
DIAMONDS EIGHT SPADES THREE,0.4248,0.0656,0.5096
CLUBS FOUR HEARTS JACK,0.4118,0.0186,0.5696
SPADES EIGHT DIAMONDS EIGHT,0.1632,0.08,0.7568
SPADES TEN DIAMONDS QUEEN,0.3548,0.0098,0.6354
SPADES TEN HEARTS TWO,0.4184,0.0286,0.553
SPADES JACK HEARTS EIGHT,0.3314,0.0166,0.652
CLUBS FOUR HEARTS TEN,0.3966,0.0286,0.5748
SPADES NINE DIAMONDS EIGHT,0.3266,0.0354,0.638
SPADES TEN HEARTS EIGHT,0.3398,0.0292,0.631
SPADES JACK HEARTS TWO,0.4306,0.017,0.5524
SPADES JACK DIAMONDS QUEEN,0.3536,0.0114,0.635
SPADES SIX DIAMONDS EIGHT,0.3546,0.0598,0.5856
SPADES SEVEN DIAMONDS EIGHT,0.2332,0.1354,0.6314
SPADES ACE HEARTS TWO,0.4204,0.005,0.5746
SPADES ACE DIAMONDS QUEEN,0.3444,0.005,0.6506
SPADES ACE HEARTS EIGHT,0.3546,0.0038,0.6416
SPADES KING HEARTS EIGHT,0.3524,0.009,0.6386
SPADES QUEEN HEARTS TWO,0.4378,0.0126,0.5496
SPADES QUEEN DIAMONDS QUEEN,0.168,0.024,0.808
SPADES KING DIAMONDS QUEEN,0.3478,0.0054,0.6468
SPADES KING HEARTS TWO,0.4344,0.0102,0.5554
SPADES QUEEN HEARTS EIGHT,0.3552,0.0114,0.6334
CLUBS TWO HEARTS TEN,0.4248,0.0302,0.545
CLUBS TWO HEARTS JACK,0.4148,0.0222,0.563
SPADES SEVEN DIAMONDS NINE,0.2546,0.1082,0.6372
SPADES SIX DIAMONDS NINE,0.3572,0.044,0.5988
SPADES NINE DIAMONDS NINE,0.1686,0.0692,0.7622
SPADES EIGHT DIAMONDS NINE,0.3324,0.044,0.6236
SPADES TEN CLUBS KING,0.3532,0.0072,0.6396
DIAMONDS NINE SPADES THREE,0.4302,0.044,0.5258
SPADES JACK CLUBS KING,0.3558,0.0068,0.6374
DIAMONDS NINE SPADES TWO,0.4282,0.0432,0.5286
DIAMONDS NINE SPADES FOUR,0.4126,0.0474,0.54
CLUBS NINE DIAMONDS NINE,0.1738,0.0702,0.756
CLUBS EIGHT DIAMONDS NINE,0.3342,0.044,0.6218
CLUBS SIX DIAMONDS NINE,0.37,0.0476,0.5824
SPADES JACK CLUBS FOUR,0.4164,0.0186,0.565
CLUBS SEVEN DIAMONDS NINE,0.264,0.095,0.641
SPADES TEN CLUBS FOUR,0.4106,0.0306,0.5588
CLUBS FOUR DIAMONDS NINE,0.42,0.0398,0.5402
CLUBS FIVE DIAMONDS NINE,0.267,0.1014,0.6316
DIAMONDS NINE CLUBS TWO,0.4224,0.0446,0.533
CLUBS THREE DIAMONDS NINE,0.4168,0.0384,0.5448
DIAMONDS NINE HEARTS EIGHT,0.328,0.0372,0.6348
DIAMONDS NINE HEARTS NINE,0.1684,0.0708,0.7608
HEARTS SIX DIAMONDS NINE,0.3622,0.0406,0.5972
CLUBS NINE CLUBS EIGHT,0.31,0.0418,0.6482
DIAMONDS ACE DIAMONDS NINE,0.336,0.0038,0.6602
HEARTS FOUR DIAMONDS NINE,0.4144,0.0454,0.5402
HEARTS FIVE DIAMONDS NINE,0.263,0.1096,0.6274
HEARTS ACE CLUBS TWO,0.407,0.0046,0.5884
SPADES ACE CLUBS FOUR,0.3874,0.0034,0.6092
DIAMONDS QUEEN DIAMONDS NINE,0.3256,0.01,0.6644
HEARTS TWO DIAMONDS NINE,0.4422,0.0444,0.5134
CLUBS TWO HEARTS KING,0.4206,0.0072,0.5722
SPADES KING CLUBS FOUR,0.416,0.0082,0.5758
DIAMONDS KING DIAMONDS NINE,0.3396,0.0062,0.6542
HEARTS THREE DIAMONDS NINE,0.4274,0.0446,0.528
CLUBS TWO HEARTS QUEEN,0.4168,0.0128,0.5704
SPADES QUEEN CLUBS FOUR,0.416,0.0132,0.5708
DIAMONDS NINE DIAMONDS JACK,0.3374,0.0164,0.6462
CLUBS EIGHT SPADES NINE,0.3374,0.044,0.6186
DIAMONDS NINE DIAMONDS TEN,0.3162,0.02,0.6638
CLUBS EIGHT SPADES EIGHT,0.154,0.0872,0.7588
CLUBS EIGHT SPADES SEVEN,0.2344,0.141,0.6246
CLUBS EIGHT SPADES SIX,0.3542,0.0668,0.579
CLUBS EIGHT SPADES FOUR,0.4018,0.0636,0.5346
CLUBS EIGHT SPADES THREE,0.4242,0.0648,0.511
CLUBS EIGHT SPADES TWO,0.4302,0.0632,0.5066
HEARTS SIX DIAMONDS TEN,0.3898,0.0282,0.582
DIAMONDS TEN HEARTS EIGHT,0.34,0.0258,0.6342
CLUBS FOUR CLUBS JACK,0.402,0.0172,0.5808
DIAMONDS TEN HEARTS NINE,0.3274,0.0244,0.6482
CLUBS TEN CLUBS FOUR,0.3786,0.0298,0.5916
CLUBS FOUR CLUBS KING,0.3812,0.008,0.6108
CLUBS FOUR CLUBS QUEEN,0.4016,0.0138,0.5846
CLUBS TWO DIAMONDS TEN,0.4292,0.0248,0.546
CLUBS THREE DIAMONDS TEN,0.4206,0.029,0.5504
CLUBS FOUR CLUBS ACE,0.3688,0.0042,0.627
DIAMONDS JACK DIAMONDS TEN,0.3232,0.0124,0.6644
DIAMONDS QUEEN DIAMONDS TEN,0.3186,0.0116,0.6698
HEARTS TWO DIAMONDS TEN,0.4292,0.0278,0.543
DIAMONDS KING DIAMONDS TEN,0.3382,0.006,0.6558
HEARTS THREE DIAMONDS TEN,0.4374,0.0314,0.5312
DIAMONDS ACE DIAMONDS TEN,0.337,0.0038,0.6592
HEARTS FOUR DIAMONDS TEN,0.4166,0.0298,0.5536
CLUBS EIGHT HEARTS JACK,0.3476,0.0184,0.634
HEARTS FIVE DIAMONDS TEN,0.2706,0.0756,0.6538
CLUBS EIGHT HEARTS TEN,0.3334,0.0264,0.6402
CLUBS EIGHT HEARTS QUEEN,0.3544,0.012,0.6336
CLUBS EIGHT HEARTS KING,0.3508,0.008,0.6412
CLUBS EIGHT HEARTS ACE,0.3544,0.0052,0.6404
CLUBS NINE SPADES THREE,0.4222,0.043,0.5348
CLUBS NINE SPADES TWO,0.4276,0.044,0.5284
CLUBS NINE SPADES FOUR,0.4204,0.0458,0.5338
CLUBS NINE SPADES SEVEN,0.2486,0.1076,0.6438
CLUBS NINE SPADES SIX,0.3606,0.045,0.5944
CLUBS NINE SPADES NINE,0.1624,0.0666,0.771
CLUBS TEN HEARTS EIGHT,0.3392,0.025,0.6358
CLUBS NINE SPADES EIGHT,0.3394,0.0382,0.6224
HEARTS EIGHT CLUBS JACK,0.3512,0.02,0.6288
CLUBS QUEEN HEARTS EIGHT,0.3646,0.0122,0.6232
CLUBS KING HEARTS EIGHT,0.354,0.0076,0.6384
CLUBS ACE HEARTS EIGHT,0.3666,0.0056,0.6278
SPADES KING CLUBS KING,0.1694,0.0138,0.8168
SPADES QUEEN CLUBS KING,0.3526,0.0066,0.6408
SPADES ACE CLUBS KING,0.3568,0.0054,0.6378
DIAMONDS ACE HEARTS TEN,0.3564,0.0032,0.6404
HEARTS FOUR HEARTS TEN,0.3916,0.0286,0.5798
DIAMONDS ACE HEARTS JACK,0.3738,0.0032,0.623
HEARTS FOUR HEARTS JACK,0.3858,0.0202,0.594
SPADES KING CLUBS FIVE,0.2754,0.0352,0.6894
SPADES QUEEN CLUBS FIVE,0.2684,0.0452,0.6864
SPADES ACE CLUBS FIVE,0.2696,0.024,0.7064
HEARTS SIX DIAMONDS JACK,0.3852,0.02,0.5948
DIAMONDS JACK HEARTS NINE,0.3566,0.0166,0.6268
DIAMONDS JACK HEARTS EIGHT,0.3504,0.0156,0.634
DIAMONDS KING DIAMONDS JACK,0.3246,0.0092,0.6662
HEARTS THREE DIAMONDS JACK,0.4396,0.0168,0.5436
SPADES ACE SPADES SIX,0.3626,0.005,0.6324
HEARTS ACE SPADES FOUR,0.4154,0.006,0.5786
DIAMONDS QUEEN DIAMONDS JACK,0.3244,0.0082,0.6674
HEARTS TWO DIAMONDS JACK,0.4184,0.02,0.5616
HEARTS FIVE DIAMONDS JACK,0.2858,0.0608,0.6534
SPADES QUEEN SPADES SIX,0.3704,0.01,0.6196
SPADES FOUR HEARTS QUEEN,0.426,0.014,0.56
DIAMONDS ACE DIAMONDS JACK,0.3294,0.005,0.6656
HEARTS FOUR DIAMONDS JACK,0.417,0.0216,0.5614
SPADES KING SPADES SIX,0.3624,0.0086,0.629
SPADES FOUR HEARTS KING,0.4232,0.0086,0.5682
SPADES TEN SPADES SIX,0.364,0.027,0.609
SPADES JACK SPADES SIX,0.3688,0.0186,0.6126
SPADES FOUR DIAMONDS JACK,0.4158,0.0208,0.5634
DIAMONDS JACK SPADES TWO,0.4374,0.0208,0.5418
SPADES THREE DIAMONDS JACK,0.4252,0.0212,0.5536
SPADES ACE DIAMONDS THREE,0.3964,0.0038,0.5998
SPADES QUEEN DIAMONDS THREE,0.4148,0.0124,0.5728
CLUBS EIGHT DIAMONDS JACK,0.3606,0.0174,0.622
SPADES KING DIAMONDS THREE,0.4144,0.0102,0.5754
CLUBS NINE DIAMONDS JACK,0.365,0.0158,0.6192
CLUBS SIX DIAMONDS JACK,0.3846,0.0164,0.599
CLUBS SEVEN DIAMONDS JACK,0.2792,0.0602,0.6606
CLUBS FOUR DIAMONDS JACK,0.4144,0.0176,0.568
CLUBS FIVE DIAMONDS JACK,0.3036,0.0588,0.6376
CLUBS TWO DIAMONDS JACK,0.4326,0.0154,0.552
CLUBS THREE DIAMONDS JACK,0.4326,0.0168,0.5506
SPADES TEN CLUBS FIVE,0.2784,0.0778,0.6438
HEARTS SIX SPADES JACK,0.3914,0.0218,0.5868
HEARTS SIX SPADES TEN,0.3842,0.0284,0.5874
SPADES JACK CLUBS FIVE,0.2788,0.0616,0.6596
SPADES JACK DIAMONDS THREE,0.4158,0.018,0.5662
CLUBS SEVEN CLUBS ACE,0.255,0.0252,0.7198
DIAMONDS THREE SPADES TEN,0.4252,0.029,0.5458
CLUBS SEVEN CLUBS QUEEN,0.2632,0.0456,0.6912
CLUBS SEVEN CLUBS KING,0.2588,0.036,0.7052
SPADES NINE DIAMONDS JACK,0.3608,0.0152,0.624
CLUBS TEN CLUBS SEVEN,0.2398,0.072,0.6882
DIAMONDS ACE HEARTS ACE,0.1596,0.0026,0.8378
HEARTS FOUR HEARTS ACE,0.3914,0.006,0.6026
SPADES EIGHT DIAMONDS JACK,0.359,0.019,0.622
SPADES ACE HEARTS SIX,0.3904,0.005,0.6046
CLUBS SEVEN CLUBS JACK,0.2538,0.0592,0.687
DIAMONDS ACE HEARTS KING,0.348,0.004,0.648
HEARTS FOUR HEARTS KING,0.3972,0.0098,0.593
SPADES SEVEN DIAMONDS JACK,0.2642,0.0562,0.6796
SPADES KING HEARTS SIX,0.372,0.0074,0.6206
DIAMONDS ACE HEARTS QUEEN,0.3534,0.0062,0.6404
HEARTS FOUR HEARTS QUEEN,0.3982,0.0138,0.588
SPADES QUEEN HEARTS SIX,0.3792,0.0124,0.6084
SPADES SIX DIAMONDS JACK,0.3808,0.0164,0.6028
SPADES TWO DIAMONDS TEN,0.4208,0.0234,0.5558
SPADES THREE DIAMONDS TEN,0.4326,0.029,0.5384
SPADES FOUR DIAMONDS TEN,0.4142,0.0296,0.5562
SPADES SIX DIAMONDS TEN,0.3708,0.0274,0.6018
SPADES SEVEN DIAMONDS TEN,0.2484,0.0806,0.671
SPADES EIGHT DIAMONDS TEN,0.347,0.0246,0.6284
SPADES NINE DIAMONDS TEN,0.3398,0.025,0.6352
CLUBS FOUR DIAMONDS TEN,0.4254,0.0286,0.546
CLUBS FIVE DIAMONDS TEN,0.2892,0.0784,0.6324
CLUBS SIX DIAMONDS TEN,0.3844,0.027,0.5886
CLUBS SEVEN DIAMONDS TEN,0.2642,0.0816,0.6542
CLUBS EIGHT DIAMONDS TEN,0.34,0.026,0.634
CLUBS NINE DIAMONDS TEN,0.3354,0.0218,0.6428
DIAMONDS THREE CLUBS JACK,0.4042,0.0224,0.5734
CLUBS TEN DIAMONDS THREE,0.4222,0.03,0.5478
DIAMONDS THREE CLUBS KING,0.4202,0.0074,0.5724
DIAMONDS THREE CLUBS QUEEN,0.425,0.0122,0.5628
DIAMONDS THREE CLUBS ACE,0.4126,0.0048,0.5826
SPADES FOUR HEARTS JACK,0.4144,0.0222,0.5634
SPADES FOUR HEARTS TEN,0.413,0.03,0.557
SPADES FOUR SPADES TWO,0.5576,0.0996,0.3428
SPADES THREE SPADES TWO,0.549,0.102,0.349
SPADES NINE SPADES TWO,0.4154,0.0378,0.5468
SPADES EIGHT SPADES TWO,0.4122,0.0588,0.529
SPADES SEVEN SPADES TWO,0.3316,0.424,0.2444
SPADES SIX SPADES TWO,0.5382,0.0962,0.3656
DIAMONDS QUEEN CLUBS THREE,0.4278,0.0132,0.559
CLUBS THREE HEARTS TWO,0.579,0.11,0.311
DIAMONDS QUEEN CLUBS TWO,0.4386,0.013,0.5484
HEARTS TWO CLUBS TWO,0.3968,0.1078,0.4954
HEARTS SIX DIAMONDS QUEEN,0.389,0.013,0.598
HEARTS SIX HEARTS TWO,0.5436,0.0952,0.3612
DIAMONDS QUEEN HEARTS NINE,0.3594,0.0142,0.6264
HEARTS TWO HEARTS NINE,0.405,0.0424,0.5526
DIAMONDS QUEEN HEARTS EIGHT,0.3502,0.0092,0.6406
HEARTS TWO HEARTS EIGHT,0.398,0.063,0.539
CLUBS NINE HEARTS TWO,0.4394,0.0448,0.5158
CLUBS NINE DIAMONDS QUEEN,0.3592,0.012,0.6288
CLUBS EIGHT HEARTS TWO,0.4276,0.0654,0.507
CLUBS EIGHT DIAMONDS QUEEN,0.368,0.0102,0.6218
CLUBS FIVE DIAMONDS QUEEN,0.2812,0.0446,0.6742
CLUBS FIVE HEARTS TWO,0.5618,0.208,0.2302
SPADES EIGHT HEARTS ACE,0.3426,0.0054,0.652
DIAMONDS QUEEN CLUBS FOUR,0.4128,0.0148,0.5724
HEARTS TWO CLUBS FOUR,0.5856,0.1056,0.3088
CLUBS SEVEN DIAMONDS QUEEN,0.2694,0.0482,0.6824
CLUBS SEVEN HEARTS TWO,0.3468,0.4588,0.1944
SPADES EIGHT HEARTS QUEEN,0.3428,0.0124,0.6448
CLUBS SIX DIAMONDS QUEEN,0.3896,0.0102,0.6002
CLUBS SIX HEARTS TWO,0.5828,0.1096,0.3076
SPADES EIGHT HEARTS KING,0.3532,0.0096,0.6372
HEARTS TWO SPADES SIX,0.574,0.1034,0.3226
DIAMONDS QUEEN SPADES SIX,0.387,0.0124,0.6006
HEARTS FOUR CLUBS QUEEN,0.4144,0.0148,0.5708
DIAMONDS ACE CLUBS QUEEN,0.3644,0.0034,0.6322
DIAMONDS QUEEN SPADES SEVEN,0.2802,0.046,0.6738
HEARTS TWO SPADES SEVEN,0.3434,0.4498,0.2068
HEARTS FOUR CLUBS KING,0.4172,0.0106,0.5722
DIAMONDS ACE CLUBS KING,0.3704,0.0028,0.6268
DIAMONDS QUEEN SPADES EIGHT,0.3544,0.0108,0.6348
SPADES EIGHT HEARTS TWO,0.431,0.0674,0.5016
HEARTS FOUR CLUBS ACE,0.3984,0.0052,0.5964
DIAMONDS ACE CLUBS ACE,0.1794,0.0028,0.8178
SPADES NINE DIAMONDS QUEEN,0.362,0.0118,0.6262
SPADES NINE HEARTS TWO,0.4358,0.046,0.5182
HEARTS TWO SPADES TWO,0.3882,0.1172,0.4946
DIAMONDS QUEEN SPADES TWO,0.4336,0.0172,0.5492
HEARTS TWO SPADES THREE,0.581,0.108,0.311
DIAMONDS QUEEN SPADES THREE,0.4174,0.0138,0.5688
HEARTS TWO SPADES FOUR,0.5958,0.103,0.3012
DIAMONDS QUEEN SPADES FOUR,0.4184,0.0148,0.5668
HEARTS FOUR CLUBS TEN,0.4256,0.025,0.5494
CLUBS TEN DIAMONDS ACE,0.3546,0.0026,0.6428
HEARTS FOUR CLUBS JACK,0.415,0.021,0.564
DIAMONDS ACE CLUBS JACK,0.3616,0.0018,0.6366
CLUBS FIVE CLUBS KING,0.2652,0.0306,0.7042
CLUBS FIVE CLUBS QUEEN,0.2692,0.0424,0.6884
CLUBS FIVE CLUBS ACE,0.2744,0.0182,0.7074
CLUBS FIVE CLUBS JACK,0.271,0.056,0.673
CLUBS TEN CLUBS FIVE,0.2636,0.0704,0.666
SPADES KING CLUBS JACK,0.3694,0.0062,0.6244
SPADES QUEEN CLUBS JACK,0.3562,0.0106,0.6332
SPADES ACE CLUBS JACK,0.367,0.004,0.629
SPADES SIX CLUBS KING,0.395,0.0076,0.5974
SPADES SIX CLUBS QUEEN,0.3818,0.0114,0.6068
SPADES EIGHT HEARTS JACK,0.3422,0.0208,0.637
SPADES SIX CLUBS ACE,0.3824,0.0024,0.6152
SPADES EIGHT HEARTS TEN,0.3388,0.028,0.6332
SPADES SIX CLUBS JACK,0.3948,0.0216,0.5836
CLUBS TEN SPADES SIX,0.383,0.0256,0.5914
SPADES TEN CLUBS JACK,0.3428,0.0102,0.647
SPADES JACK CLUBS JACK,0.165,0.0462,0.7888
SPADES QUEEN CLUBS SEVEN,0.2816,0.0458,0.6726
SPADES KING CLUBS SEVEN,0.2698,0.041,0.6892
SPADES ACE CLUBS SEVEN,0.2576,0.0254,0.717
SPADES SIX HEARTS TEN,0.367,0.0298,0.6032
SPADES SIX HEARTS JACK,0.3884,0.0172,0.5944
SPADES SIX HEARTS ACE,0.3766,0.006,0.6174
SPADES SIX HEARTS KING,0.3788,0.0062,0.615
SPADES SIX HEARTS QUEEN,0.3872,0.0128,0.6
CLUBS SEVEN SPADES JACK,0.2658,0.0584,0.6758
CLUBS SEVEN SPADES TEN,0.2594,0.0842,0.6564
CLUBS TEN HEARTS SIX,0.3854,0.0256,0.589
HEARTS SIX CLUBS JACK,0.3934,0.0168,0.5898
CLUBS ACE CLUBS JACK,0.337,0.0046,0.6584
HEARTS SIX CLUBS QUEEN,0.389,0.0122,0.5988
HEARTS SIX CLUBS KING,0.3836,0.0082,0.6082
HEARTS SIX CLUBS ACE,0.3884,0.004,0.6076
CLUBS QUEEN CLUBS JACK,0.3318,0.0102,0.658
CLUBS KING CLUBS JACK,0.3348,0.0054,0.6598
DIAMONDS THREE HEARTS ACE,0.4122,0.004,0.5838
DIAMONDS THREE HEARTS QUEEN,0.413,0.0134,0.5736
DIAMONDS THREE HEARTS KING,0.4304,0.009,0.5606
CLUBS FIVE HEARTS JACK,0.2658,0.0604,0.6738
SPADES TEN DIAMONDS ACE,0.3524,0.0028,0.6448
HEARTS FOUR SPADES TEN,0.4028,0.0286,0.5686
CLUBS FIVE HEARTS TEN,0.2808,0.0774,0.6418
HEARTS FOUR SPADES JACK,0.4336,0.018,0.5484
SPADES JACK DIAMONDS ACE,0.364,0.004,0.632
SPADES ACE HEARTS FOUR,0.4036,0.004,0.5924
SPADES ACE DIAMONDS ACE,0.1684,0.0036,0.828
CLUBS FIVE HEARTS ACE,0.2678,0.017,0.7152
CLUBS FIVE HEARTS KING,0.2776,0.0308,0.6916
HEARTS FOUR SPADES QUEEN,0.4104,0.0134,0.5762
SPADES QUEEN DIAMONDS ACE,0.3536,0.006,0.6404
SPADES FOUR CLUBS JACK,0.4162,0.0188,0.565
CLUBS FIVE HEARTS QUEEN,0.2846,0.0462,0.6692
SPADES KING DIAMONDS ACE,0.3612,0.0034,0.6354
HEARTS FOUR SPADES KING,0.4048,0.01,0.5852
CLUBS TEN SPADES FOUR,0.404,0.033,0.563
DIAMONDS QUEEN DIAMONDS ACE,0.3348,0.0036,0.6616
HEARTS TWO DIAMONDS ACE,0.4128,0.0062,0.581
HEARTS FOUR DIAMONDS QUEEN,0.4164,0.0106,0.573
HEARTS FOUR HEARTS TWO,0.5448,0.0968,0.3584
DIAMONDS THREE HEARTS TEN,0.4118,0.0304,0.5578
SPADES FOUR CLUBS KING,0.4182,0.0094,0.5724
HEARTS FIVE DIAMONDS QUEEN,0.285,0.0416,0.6734
HEARTS FIVE HEARTS TWO,0.5476,0.195,0.2574
DIAMONDS THREE HEARTS JACK,0.4066,0.0216,0.5718
SPADES FOUR CLUBS QUEEN,0.4104,0.014,0.5756
DIAMONDS QUEEN HEARTS TWO,0.435,0.0124,0.5526
DIAMONDS KING DIAMONDS QUEEN,0.3408,0.006,0.6532
DIAMONDS KING HEARTS TWO,0.4298,0.0088,0.5614
HEARTS THREE DIAMONDS QUEEN,0.419,0.012,0.569
HEARTS THREE HEARTS TWO,0.544,0.1018,0.3542
SPADES FOUR CLUBS ACE,0.4076,0.0062,0.5862
HEARTS TWO CLUBS ACE,0.4266,0.0058,0.5676
DIAMONDS QUEEN CLUBS ACE,0.371,0.0036,0.6254
HEARTS TWO CLUBS QUEEN,0.4372,0.0138,0.549
DIAMONDS QUEEN CLUBS QUEEN,0.1836,0.0256,0.7908
HEARTS TWO CLUBS KING,0.4292,0.0088,0.562
DIAMONDS QUEEN CLUBS KING,0.3628,0.0058,0.6314
CLUBS TEN HEARTS TWO,0.4422,0.0234,0.5344
CLUBS TEN DIAMONDS QUEEN,0.3588,0.0086,0.6326
HEARTS TWO CLUBS JACK,0.441,0.0186,0.5404
DIAMONDS QUEEN CLUBS JACK,0.3504,0.0072,0.6424
DIAMONDS FIVE CLUBS QUEEN,0.28,0.0462,0.6738
SPADES EIGHT CLUBS ACE,0.3612,0.0028,0.636
DIAMONDS FIVE CLUBS KING,0.286,0.032,0.682
SPADES EIGHT CLUBS KING,0.3668,0.008,0.6252
CLUBS ACE DIAMONDS FIVE,0.2762,0.0212,0.7026
SPADES EIGHT CLUBS QUEEN,0.3534,0.0118,0.6348
SPADES EIGHT CLUBS JACK,0.3464,0.0198,0.6338
CLUBS TEN SPADES EIGHT,0.333,0.027,0.64
CLUBS TEN DIAMONDS FIVE,0.2876,0.0774,0.635
DIAMONDS FIVE CLUBS JACK,0.2748,0.0622,0.663
DIAMONDS TEN HEARTS JACK,0.3326,0.0154,0.652
DIAMONDS TEN HEARTS TEN,0.1784,0.0554,0.7662
SPADES ACE CLUBS NINE,0.3722,0.0032,0.6246
