opposingHand,winningChance,drawChance,lostChance
HEARTS ACE DIAMONDS SEVEN
HEARTS FIVE SPADES TEN,0.63,0.0044,0.3656
HEARTS FIVE SPADES JACK,0.6354,0.0038,0.3608
CLUBS JACK SPADES FIVE,0.6284,0.0046,0.367
CLUBS TEN SPADES FIVE,0.6452,0.004,0.3508
CLUBS JACK CLUBS EIGHT,0.55,0.0034,0.4466
CLUBS TEN CLUBS EIGHT,0.5464,0.0032,0.4504
CLUBS EIGHT CLUBS KING,0.5664,0.0026,0.431
SPADES FIVE CLUBS ACE,0.4472,0.303,0.2498
CLUBS EIGHT CLUBS QUEEN,0.5462,0.0038,0.45
SPADES FIVE CLUBS KING,0.637,0.004,0.359
SPADES FIVE CLUBS QUEEN,0.6358,0.0032,0.361
CLUBS EIGHT CLUBS ACE,0.215,0.208,0.577
DIAMONDS TWO DIAMONDS THREE,0.625,0.0046,0.3704
DIAMONDS TWO DIAMONDS FIVE,0.621,0.005,0.374
HEARTS FIVE SPADES KING,0.6386,0.0034,0.358
DIAMONDS TWO DIAMONDS FOUR,0.6296,0.004,0.3664
HEARTS FIVE SPADES QUEEN,0.6402,0.0036,0.3562
DIAMONDS TWO DIAMONDS SIX,0.6396,0.005,0.3554
SPADES ACE HEARTS FIVE,0.4552,0.3088,0.236
DIAMONDS TWO DIAMONDS NINE,0.616,0.0074,0.3766
DIAMONDS TWO DIAMONDS EIGHT,0.6086,0.0062,0.3852
DIAMONDS THREE DIAMONDS FOUR,0.6196,0.0064,0.374
CLUBS TWO SPADES FOUR,0.6472,0.0036,0.3492
DIAMONDS THREE DIAMONDS FIVE,0.6096,0.006,0.3844
CLUBS TWO SPADES FIVE,0.652,0.004,0.344
CLUBS TWO SPADES TWO,0.4582,0.0074,0.5344
CLUBS TWO SPADES THREE,0.6496,0.0054,0.345
DIAMONDS THREE DIAMONDS EIGHT,0.6112,0.0042,0.3846
SPADES EIGHT CLUBS TWO,0.6342,0.0022,0.3636
DIAMONDS THREE DIAMONDS NINE,0.6016,0.0046,0.3938
SPADES NINE CLUBS TWO,0.6334,0.0056,0.361
DIAMONDS THREE DIAMONDS SIX,0.6296,0.0038,0.3666
SPADES SIX CLUBS TWO,0.6608,0.0042,0.335
SPADES SEVEN CLUBS TWO,0.7562,0.0254,0.2184
CLUBS SIX CLUBS TWO,0.6366,0.0056,0.3578
CLUBS SEVEN CLUBS TWO,0.6974,0.0336,0.269
CLUBS FOUR CLUBS TWO,0.6138,0.0042,0.382
CLUBS FIVE CLUBS TWO,0.6236,0.0044,0.372
CLUBS TEN CLUBS JACK,0.5198,0.0038,0.4764
DIAMONDS FOUR DIAMONDS SIX,0.6064,0.0044,0.3892
CLUBS TEN CLUBS QUEEN,0.5236,0.0044,0.472
CLUBS TEN CLUBS KING,0.5376,0.0042,0.4582
CLUBS TEN CLUBS ACE,0.2208,0.1176,0.6616
CLUBS EIGHT CLUBS TWO,0.6156,0.0046,0.3798
DIAMONDS FIVE DIAMONDS FOUR,0.6022,0.0056,0.3922
CLUBS NINE CLUBS TWO,0.5982,0.0028,0.399
DIAMONDS NINE DIAMONDS FOUR,0.604,0.0044,0.3916
DIAMONDS FOUR DIAMONDS EIGHT,0.5938,0.007,0.3992
CLUBS TWO CLUBS THREE,0.6192,0.0038,0.377
DIAMONDS NINE DIAMONDS FIVE,0.6016,0.0044,0.394
CLUBS JACK DIAMONDS TWO,0.6542,0.0038,0.342
DIAMONDS FIVE DIAMONDS EIGHT,0.577,0.0054,0.4176
CLUBS TEN DIAMONDS TWO,0.6382,0.0036,0.3582
DIAMONDS FIVE DIAMONDS SIX,0.6086,0.0054,0.386
DIAMONDS TWO CLUBS ACE,0.4548,0.3098,0.2354
DIAMONDS TWO CLUBS KING,0.651,0.0036,0.3454
DIAMONDS TWO CLUBS QUEEN,0.64,0.0046,0.3554
DIAMONDS EIGHT DIAMONDS SIX,0.5808,0.0058,0.4134
DIAMONDS NINE DIAMONDS SIX,0.5938,0.0036,0.4026
SPADES THREE HEARTS KING,0.6338,0.0042,0.362
HEARTS QUEEN SPADES THREE,0.6474,0.0036,0.349
SPADES THREE HEARTS JACK,0.6354,0.005,0.3596
SPADES THREE HEARTS TEN,0.6534,0.0064,0.3402
DIAMONDS NINE DIAMONDS EIGHT,0.541,0.0054,0.4536
DIAMONDS KING HEARTS TEN,0.563,0.0036,0.4334
HEARTS THREE HEARTS TEN,0.6028,0.0028,0.3944
SPADES JACK CLUBS SIX,0.635,0.0028,0.3622
DIAMONDS KING HEARTS JACK,0.5748,0.0048,0.4204
HEARTS THREE HEARTS JACK,0.6166,0.005,0.3784
SPADES TEN CLUBS SIX,0.629,0.0036,0.3674
SPADES JACK SPADES FIVE,0.6016,0.0026,0.3958
SPADES TEN SPADES FIVE,0.5938,0.0042,0.402
SPADES ACE CLUBS SIX,0.4692,0.3044,0.2264
DIAMONDS KING HEARTS QUEEN,0.5754,0.0048,0.4198
HEARTS THREE HEARTS QUEEN,0.6042,0.0036,0.3922
SPADES KING CLUBS SIX,0.6418,0.0034,0.3548
DIAMONDS KING HEARTS KING,0.2764,0.0038,0.7198
HEARTS THREE HEARTS KING,0.6102,0.0038,0.386
SPADES QUEEN CLUBS SIX,0.6324,0.003,0.3646
SPADES NINE HEARTS TEN,0.5626,0.0028,0.4346
SPADES NINE HEARTS JACK,0.5714,0.0046,0.424
SPADES QUEEN SPADES FIVE,0.584,0.0066,0.4094
SPADES KING SPADES FIVE,0.5916,0.0036,0.4048
SPADES ACE SPADES FIVE,0.4282,0.2862,0.2856
SPADES NINE HEARTS QUEEN,0.581,0.0054,0.4136
SPADES NINE HEARTS KING,0.5908,0.0034,0.4058
CLUBS TEN SPADES JACK,0.5502,0.0052,0.4446
CLUBS TEN SPADES TEN,0.3158,0.0024,0.6818
SPADES ACE CLUBS TEN,0.2366,0.1208,0.6426
CLUBS TEN SPADES KING,0.5778,0.0034,0.4188
CLUBS TEN SPADES QUEEN,0.5578,0.0024,0.4398
SPADES FIVE HEARTS QUEEN,0.641,0.004,0.355
SPADES FIVE HEARTS KING,0.6418,0.0046,0.3536
CLUBS EIGHT SPADES TEN,0.5844,0.0046,0.411
SPADES JACK HEARTS THREE,0.6364,0.0042,0.3594
SPADES JACK DIAMONDS KING,0.577,0.0048,0.4182
SPADES TEN DIAMONDS KING,0.5884,0.0052,0.4064
SPADES TEN HEARTS THREE,0.6348,0.0056,0.3596
CLUBS EIGHT SPADES JACK,0.5814,0.0046,0.414
SPADES ACE CLUBS EIGHT,0.2282,0.229,0.5428
HEARTS FIVE CLUBS JACK,0.6328,0.0024,0.3648
CLUBS TEN HEARTS FIVE,0.6452,0.0038,0.351
CLUBS SIX HEARTS QUEEN,0.6268,0.0042,0.369
SPADES QUEEN CLUBS EIGHT,0.5844,0.0026,0.413
CLUBS TEN SPADES THREE,0.6436,0.003,0.3534
CLUBS SIX HEARTS KING,0.6514,0.0038,0.3448
SPADES KING CLUBS EIGHT,0.6106,0.004,0.3854
CLUBS JACK SPADES THREE,0.6386,0.005,0.3564
DIAMONDS TWO HEARTS JACK,0.6398,0.0082,0.352
SPADES THREE CLUBS QUEEN,0.6296,0.0046,0.3658
DIAMONDS TWO HEARTS TEN,0.649,0.0058,0.3452
SPADES THREE CLUBS KING,0.6442,0.0036,0.3522
HEARTS FIVE CLUBS ACE,0.459,0.3004,0.2406
SPADES FIVE HEARTS TEN,0.6306,0.0042,0.3652
SPADES THREE CLUBS ACE,0.4616,0.2956,0.2428
HEARTS FIVE CLUBS KING,0.6334,0.004,0.3626
SPADES FIVE HEARTS JACK,0.6398,0.0048,0.3554
HEARTS FIVE CLUBS QUEEN,0.6486,0.0034,0.348
HEARTS THREE CLUBS KING,0.6336,0.0026,0.3638
DIAMONDS KING CLUBS KING,0.2906,0.0044,0.705
HEARTS THREE CLUBS QUEEN,0.638,0.0048,0.3572
DIAMONDS KING CLUBS QUEEN,0.5734,0.0038,0.4228
HEARTS FIVE HEARTS JACK,0.5938,0.0052,0.401
HEARTS FIVE HEARTS TEN,0.6178,0.0052,0.377
HEARTS THREE CLUBS ACE,0.4672,0.2896,0.2432
DIAMONDS KING CLUBS ACE,0.2552,0.048,0.6968
SPADES ACE CLUBS QUEEN,0.2426,0.0638,0.6936
SPADES KING CLUBS QUEEN,0.5674,0.0048,0.4278
CLUBS JACK HEARTS THREE,0.6384,0.0042,0.3574
CLUBS JACK DIAMONDS KING,0.5706,0.0046,0.4248
SPADES QUEEN CLUBS QUEEN,0.287,0.002,0.711
CLUBS TEN HEARTS THREE,0.6422,0.004,0.3538
CLUBS TEN DIAMONDS KING,0.5696,0.005,0.4254
SPADES JACK CLUBS QUEEN,0.5546,0.0046,0.4408
CLUBS SIX CLUBS QUEEN,0.5788,0.0024,0.4188
SPADES TEN CLUBS QUEEN,0.5634,0.0046,0.432
CLUBS SIX CLUBS KING,0.5828,0.0044,0.4128
CLUBS SIX CLUBS ACE,0.4406,0.2912,0.2682
HEARTS FIVE HEARTS KING,0.6214,0.005,0.3736
HEARTS FIVE HEARTS QUEEN,0.6286,0.005,0.3664
CLUBS TEN CLUBS SIX,0.5856,0.0032,0.4112
CLUBS JACK CLUBS SIX,0.6026,0.0032,0.3942
SPADES SEVEN HEARTS JACK,0.7326,0.0252,0.2422
SPADES SEVEN HEARTS TEN,0.7132,0.019,0.2678
DIAMONDS TWO CLUBS TWO,0.4714,0.0058,0.5228
DIAMONDS TWO CLUBS THREE,0.6552,0.005,0.3398
DIAMONDS TWO HEARTS SIX,0.6852,0.0032,0.3116
DIAMONDS TWO HEARTS QUEEN,0.6534,0.0042,0.3424
HEARTS SEVEN DIAMONDS TWO,0.7666,0.0284,0.205
DIAMONDS TWO HEARTS KING,0.6496,0.0036,0.3468
DIAMONDS TWO HEARTS EIGHT,0.6478,0.0052,0.347
DIAMONDS TWO HEARTS NINE,0.648,0.0042,0.3478
DIAMONDS TWO DIAMONDS QUEEN,0.6122,0.0062,0.3816
DIAMONDS TWO HEARTS TWO,0.4788,0.0058,0.5154
DIAMONDS TWO DIAMONDS KING,0.6016,0.0048,0.3936
DIAMONDS TWO HEARTS THREE,0.6646,0.0076,0.3278
DIAMONDS TWO DIAMONDS ACE,0.4382,0.2942,0.2676
HEARTS FOUR DIAMONDS TWO,0.6582,0.0054,0.3364
HEARTS FIVE DIAMONDS TWO,0.656,0.0062,0.3378
DIAMONDS TWO DIAMONDS TEN,0.6144,0.0042,0.3814
SPADES SEVEN HEARTS KING,0.7384,0.0282,0.2334
DIAMONDS TWO DIAMONDS JACK,0.5978,0.0052,0.397
SPADES SEVEN HEARTS QUEEN,0.745,0.0274,0.2276
DIAMONDS TWO SPADES NINE,0.6602,0.004,0.3358
DIAMONDS TWO SPADES EIGHT,0.6576,0.005,0.3374
DIAMONDS TWO SPADES SEVEN,0.7494,0.03,0.2206
DIAMONDS TWO SPADES SIX,0.678,0.0054,0.3166
DIAMONDS TWO SPADES FIVE,0.646,0.0048,0.3492
DIAMONDS TWO SPADES FOUR,0.6634,0.0038,0.3328
DIAMONDS TWO SPADES THREE,0.6678,0.0058,0.3264
DIAMONDS TWO SPADES TWO,0.4662,0.0064,0.5274
DIAMONDS TWO CLUBS NINE,0.6548,0.0038,0.3414
CLUBS EIGHT DIAMONDS TWO,0.652,0.0042,0.3438
DIAMONDS TWO CLUBS SEVEN,0.7622,0.0294,0.2084
DIAMONDS TWO CLUBS SIX,0.6684,0.0044,0.3272
DIAMONDS TWO CLUBS FIVE,0.6666,0.0058,0.3276
DIAMONDS TWO CLUBS FOUR,0.656,0.0038,0.3402
CLUBS FOUR SPADES FIVE,0.613,0.0052,0.3818
CLUBS FOUR SPADES FOUR,0.4594,0.0062,0.5344
CLUBS FOUR SPADES THREE,0.6424,0.004,0.3536
CLUBS FOUR SPADES TWO,0.6518,0.005,0.3432
SPADES NINE CLUBS FOUR,0.6434,0.0036,0.353
SPADES EIGHT CLUBS FOUR,0.6428,0.0034,0.3538
CLUBS FOUR SPADES SEVEN,0.7298,0.0242,0.246
CLUBS FOUR SPADES SIX,0.6334,0.0034,0.3632
SPADES ACE DIAMONDS SIX,0.4816,0.3018,0.2166
SPADES QUEEN DIAMONDS SIX,0.644,0.0046,0.3514
SPADES KING DIAMONDS SIX,0.6314,0.003,0.3656
SPADES TEN DIAMONDS SIX,0.6328,0.0056,0.3616
SPADES JACK DIAMONDS SIX,0.6382,0.004,0.3578
SPADES QUEEN SPADES TWO,0.5894,0.0048,0.4058
SPADES KING SPADES TWO,0.5896,0.0036,0.4068
SPADES ACE SPADES TWO,0.437,0.2946,0.2684
CLUBS JACK DIAMONDS JACK,0.2956,0.0032,0.7012
CLUBS TEN DIAMONDS JACK,0.5474,0.0048,0.4478
DIAMONDS JACK CLUBS KING,0.5684,0.0042,0.4274
DIAMONDS JACK CLUBS QUEEN,0.5532,0.0048,0.442
DIAMONDS THREE DIAMONDS JACK,0.5906,0.005,0.4044
DIAMONDS THREE DIAMONDS TEN,0.612,0.0044,0.3836
DIAMONDS JACK CLUBS ACE,0.2454,0.0892,0.6654
DIAMONDS THREE DIAMONDS KING,0.6026,0.0046,0.3928
DIAMONDS THREE HEARTS THREE,0.479,0.0046,0.5164
DIAMONDS THREE DIAMONDS QUEEN,0.5978,0.004,0.3982
DIAMONDS THREE HEARTS TWO,0.6592,0.0048,0.336
HEARTS FIVE DIAMONDS THREE,0.6468,0.0046,0.3486
DIAMONDS THREE DIAMONDS ACE,0.4356,0.2942,0.2702
HEARTS FOUR DIAMONDS THREE,0.6488,0.0052,0.346
HEARTS SEVEN DIAMONDS THREE,0.7432,0.0318,0.225
SPADES TEN SPADES NINE,0.5198,0.003,0.4772
HEARTS SIX DIAMONDS THREE,0.6726,0.005,0.3224
SPADES JACK SPADES NINE,0.5356,0.0038,0.4606
DIAMONDS THREE HEARTS NINE,0.646,0.0048,0.3492
HEARTS JACK DIAMONDS FOUR,0.6416,0.0066,0.3518
SPADES TEN SPADES TWO,0.6044,0.0058,0.3898
DIAMONDS THREE HEARTS EIGHT,0.6464,0.0038,0.3498
HEARTS TEN DIAMONDS FOUR,0.6418,0.0056,0.3526
SPADES JACK SPADES TWO,0.6032,0.0042,0.3926
HEARTS QUEEN DIAMONDS FOUR,0.6482,0.0026,0.3492
HEARTS KING DIAMONDS FOUR,0.6388,0.0066,0.3546
SPADES ACE SPADES NINE,0.222,0.1606,0.6174
SPADES KING SPADES NINE,0.5522,0.0034,0.4444
SPADES QUEEN SPADES NINE,0.5414,0.0026,0.456
DIAMONDS THREE SPADES NINE,0.6308,0.004,0.3652
DIAMONDS THREE SPADES EIGHT,0.6526,0.0032,0.3442
DIAMONDS THREE SPADES SEVEN,0.7408,0.0336,0.2256
DIAMONDS THREE SPADES SIX,0.6582,0.0046,0.3372
DIAMONDS THREE CLUBS SIX,0.6602,0.004,0.3358
CLUBS SIX CLUBS FIVE,0.574,0.0026,0.4234
CLUBS ACE DIAMONDS FOUR,0.4594,0.3114,0.2292
DIAMONDS THREE CLUBS SEVEN,0.7396,0.0306,0.2298
CLUBS SEVEN CLUBS FIVE,0.6544,0.0264,0.3192
DIAMONDS THREE CLUBS FOUR,0.6584,0.0036,0.338
DIAMONDS FOUR CLUBS QUEEN,0.6418,0.0036,0.3546
DIAMONDS THREE CLUBS FIVE,0.64,0.004,0.356
DIAMONDS FOUR CLUBS KING,0.6414,0.0034,0.3552
DIAMONDS THREE CLUBS TWO,0.6586,0.004,0.3374
CLUBS TEN DIAMONDS FOUR,0.6308,0.0054,0.3638
DIAMONDS THREE CLUBS THREE,0.4704,0.0054,0.5242
CLUBS JACK DIAMONDS FOUR,0.6432,0.0048,0.352
DIAMONDS THREE SPADES FOUR,0.6318,0.0062,0.362
DIAMONDS THREE SPADES FIVE,0.6456,0.0064,0.348
DIAMONDS THREE SPADES TWO,0.6554,0.0056,0.339
DIAMONDS THREE SPADES THREE,0.472,0.0044,0.5236
CLUBS EIGHT DIAMONDS THREE,0.6612,0.0036,0.3352
CLUBS NINE DIAMONDS THREE,0.6492,0.0038,0.347
SPADES SEVEN CLUBS ACE,0.0198,0.9616,0.0186
SPADES SEVEN CLUBS QUEEN,0.748,0.023,0.229
SPADES SEVEN CLUBS KING,0.7296,0.0322,0.2382
SPADES SEVEN CLUBS FIVE,0.701,0.0292,0.2698
CLUBS TEN SPADES SEVEN,0.7078,0.0252,0.267
CLUBS FIVE SPADES SIX,0.627,0.003,0.37
CLUBS JACK SPADES SEVEN,0.7264,0.0214,0.2522
SPADES NINE CLUBS FIVE,0.6328,0.0028,0.3644
SPADES EIGHT CLUBS FIVE,0.6326,0.0036,0.3638
CLUBS FIVE SPADES THREE,0.634,0.004,0.362
CLUBS FIVE SPADES TWO,0.6524,0.0036,0.344
CLUBS FIVE SPADES FIVE,0.4462,0.004,0.5498
CLUBS FIVE SPADES FOUR,0.626,0.0032,0.3708
CLUBS NINE CLUBS FIVE,0.5812,0.0052,0.4136
CLUBS EIGHT CLUBS FIVE,0.5764,0.004,0.4196
CLUBS ACE CLUBS QUEEN,0.2308,0.0622,0.707
CLUBS KING CLUBS QUEEN,0.5434,0.0036,0.453
DIAMONDS TEN DIAMONDS FOUR,0.5992,0.004,0.3968
CLUBS TEN DIAMONDS NINE,0.5616,0.0026,0.4358
DIAMONDS JACK DIAMONDS FOUR,0.6008,0.0048,0.3944
CLUBS JACK DIAMONDS NINE,0.5692,0.0042,0.4266
CLUBS JACK SPADES NINE,0.5604,0.003,0.4366
CLUBS TEN SPADES NINE,0.5666,0.0026,0.4308
DIAMONDS ACE DIAMONDS FOUR,0.4502,0.2774,0.2724
HEARTS FOUR DIAMONDS FOUR,0.472,0.0048,0.5232
DIAMONDS JACK HEARTS TEN,0.5534,0.0056,0.441
SPADES NINE CLUBS KING,0.5902,0.0024,0.4074
DIAMONDS TWO SPADES TEN,0.65,0.0054,0.3446
DIAMONDS NINE CLUBS ACE,0.235,0.1668,0.5982
HEARTS FIVE DIAMONDS FOUR,0.6296,0.0066,0.3638
DIAMONDS JACK HEARTS JACK,0.3086,0.0046,0.6868
SPADES NINE CLUBS QUEEN,0.5858,0.0036,0.4106
DIAMONDS TWO SPADES JACK,0.6528,0.0034,0.3438
DIAMONDS QUEEN DIAMONDS FOUR,0.5884,0.0048,0.4068
HEARTS TWO DIAMONDS FOUR,0.6538,0.0048,0.3414
DIAMONDS NINE CLUBS QUEEN,0.5774,0.0042,0.4184
DIAMONDS KING DIAMONDS FOUR,0.6112,0.0054,0.3834
HEARTS THREE DIAMONDS FOUR,0.644,0.0054,0.3506
SPADES NINE CLUBS ACE,0.2382,0.1638,0.598
DIAMONDS NINE CLUBS KING,0.5884,0.003,0.4086
SPADES ACE DIAMONDS TWO,0.4732,0.295,0.2318
HEARTS QUEEN DIAMONDS JACK,0.5656,0.0062,0.4282
SPADES QUEEN DIAMONDS TWO,0.6506,0.006,0.3434
HEARTS KING DIAMONDS JACK,0.5768,0.0044,0.4188
SPADES KING DIAMONDS TWO,0.6352,0.0042,0.3606
SPADES JACK SPADES SEVEN,0.6764,0.0232,0.3004
SPADES TEN SPADES SEVEN,0.6722,0.0232,0.3046
CLUBS SEVEN CLUBS THREE,0.6968,0.0324,0.2708
CLUBS SIX CLUBS THREE,0.6018,0.003,0.3952
CLUBS FIVE CLUBS THREE,0.5966,0.0052,0.3982
CLUBS FOUR CLUBS THREE,0.6078,0.0042,0.388
CLUBS NINE CLUBS THREE,0.6002,0.004,0.3958
CLUBS EIGHT CLUBS THREE,0.5948,0.0024,0.4028
SPADES FIVE CLUBS THREE,0.6384,0.005,0.3566
CLUBS THREE SPADES FOUR,0.6332,0.003,0.3638
CLUBS THREE SPADES THREE,0.475,0.005,0.52
CLUBS THREE SPADES TWO,0.6598,0.0044,0.3358
SPADES SIX CLUBS THREE,0.6622,0.0044,0.3334
SPADES SEVEN CLUBS THREE,0.7488,0.0264,0.2248
SPADES EIGHT CLUBS THREE,0.6516,0.004,0.3444
SPADES NINE CLUBS THREE,0.6448,0.0042,0.351
SPADES TWO DIAMONDS FOUR,0.6682,0.0066,0.3252
SPADES THREE DIAMONDS FOUR,0.6452,0.005,0.3498
SPADES FOUR DIAMONDS FOUR,0.4704,0.0054,0.5242
SPADES FIVE DIAMONDS FOUR,0.6282,0.0054,0.3664
SPADES SIX DIAMONDS FOUR,0.634,0.0038,0.3622
SPADES SEVEN DIAMONDS FOUR,0.7182,0.0264,0.2554
SPADES EIGHT DIAMONDS FOUR,0.6402,0.0044,0.3554
SPADES NINE DIAMONDS FOUR,0.6462,0.0028,0.351
CLUBS FIVE DIAMONDS FOUR,0.633,0.0058,0.3612
CLUBS FOUR DIAMONDS FOUR,0.4594,0.0042,0.5364
CLUBS SEVEN DIAMONDS FOUR,0.7216,0.0324,0.246
CLUBS SIX DIAMONDS FOUR,0.6466,0.0048,0.3486
CLUBS NINE DIAMONDS FOUR,0.6484,0.0046,0.347
CLUBS EIGHT DIAMONDS FOUR,0.6486,0.0054,0.346
HEARTS SEVEN DIAMONDS FOUR,0.7402,0.0272,0.2326
HEARTS SIX DIAMONDS FOUR,0.654,0.0044,0.3416
DIAMONDS FOUR HEARTS NINE,0.6624,0.0056,0.332
DIAMONDS FOUR HEARTS EIGHT,0.637,0.005,0.358
CLUBS THREE DIAMONDS FOUR,0.6442,0.005,0.3508
CLUBS TWO DIAMONDS FOUR,0.6564,0.0046,0.339
DIAMONDS TEN DIAMONDS FIVE,0.6104,0.0038,0.3858
DIAMONDS JACK DIAMONDS FIVE,0.5914,0.004,0.4046
DIAMONDS NINE HEARTS QUEEN,0.5734,0.0048,0.4218
DIAMONDS NINE HEARTS KING,0.5964,0.0054,0.3982
DIAMONDS NINE HEARTS TEN,0.5534,0.0034,0.4432
DIAMONDS NINE HEARTS JACK,0.5734,0.0036,0.423
CLUBS KING DIAMONDS SIX,0.646,0.0042,0.3498
CLUBS QUEEN DIAMONDS SIX,0.6444,0.004,0.3516
CLUBS ACE DIAMONDS SIX,0.4888,0.2988,0.2124
SPADES KING DIAMONDS FOUR,0.6374,0.0046,0.358
SPADES ACE SPADES SEVEN,0.0226,0.9,0.0774
SPADES QUEEN DIAMONDS FOUR,0.6446,0.0042,0.3512
SPADES QUEEN SPADES SEVEN,0.6954,0.0226,0.282
CLUBS JACK DIAMONDS SIX,0.6416,0.005,0.3534
SPADES KING SPADES SEVEN,0.6878,0.0258,0.2864
SPADES ACE DIAMONDS FOUR,0.4712,0.3056,0.2232
CLUBS TEN DIAMONDS SIX,0.6364,0.0038,0.3598
CLUBS NINE CLUBS FOUR,0.6054,0.0034,0.3912
CLUBS EIGHT CLUBS FOUR,0.6068,0.0042,0.389
SPADES JACK DIAMONDS FOUR,0.6468,0.0022,0.351
SPADES TEN DIAMONDS FOUR,0.6514,0.0042,0.3444
CLUBS FOUR CLUBS FIVE,0.5904,0.004,0.4056
CLUBS SEVEN CLUBS FOUR,0.6712,0.0246,0.3042
CLUBS SIX CLUBS FOUR,0.5884,0.0052,0.4064
CLUBS SEVEN SPADES EIGHT,0.6844,0.0194,0.2962
SPADES NINE CLUBS SEVEN,0.6926,0.0216,0.2858
CLUBS SEVEN SPADES SIX,0.6946,0.025,0.2804
CLUBS SEVEN SPADES SEVEN,0.3158,0.026,0.6582
CLUBS SEVEN SPADES FIVE,0.707,0.0276,0.2654
CLUBS SEVEN SPADES FOUR,0.7168,0.0322,0.251
CLUBS SEVEN SPADES THREE,0.7328,0.0274,0.2398
CLUBS SEVEN SPADES TWO,0.751,0.028,0.221
CLUBS NINE CLUBS SEVEN,0.666,0.0212,0.3128
CLUBS EIGHT CLUBS SEVEN,0.6526,0.0182,0.3292
HEARTS SIX DIAMONDS FIVE,0.6288,0.0048,0.3664
HEARTS SEVEN DIAMONDS FIVE,0.7168,0.0278,0.2554
DIAMONDS FIVE HEARTS EIGHT,0.6334,0.004,0.3626
DIAMONDS FIVE HEARTS NINE,0.6488,0.0048,0.3464
DIAMONDS QUEEN DIAMONDS FIVE,0.6174,0.0036,0.379
HEARTS TWO DIAMONDS FIVE,0.6556,0.0062,0.3382
HEARTS KING HEARTS EIGHT,0.576,0.0042,0.4198
DIAMONDS KING DIAMONDS FIVE,0.598,0.0042,0.3978
HEARTS THREE DIAMONDS FIVE,0.6448,0.0066,0.3486
HEARTS QUEEN HEARTS EIGHT,0.5712,0.0062,0.4226
DIAMONDS ACE DIAMONDS FIVE,0.438,0.2922,0.2698
HEARTS FOUR DIAMONDS FIVE,0.6346,0.0054,0.36
HEARTS FIVE DIAMONDS FIVE,0.4642,0.0048,0.531
CLUBS FOUR DIAMONDS FIVE,0.6292,0.0046,0.3662
CLUBS FIVE DIAMONDS FIVE,0.4482,0.004,0.5478
CLUBS SIX DIAMONDS FIVE,0.6394,0.0036,0.357
CLUBS SEVEN DIAMONDS FIVE,0.7012,0.0284,0.2704
CLUBS TWO DIAMONDS FIVE,0.6464,0.004,0.3496
CLUBS THREE DIAMONDS FIVE,0.6382,0.005,0.3568
SPADES THREE DIAMONDS FIVE,0.6354,0.0052,0.3594
SPADES TWO DIAMONDS FIVE,0.6568,0.0036,0.3396
SPADES JACK DIAMONDS EIGHT,0.5846,0.0032,0.4122
SPADES FIVE DIAMONDS FIVE,0.452,0.0042,0.5438
CLUBS TEN HEARTS JACK,0.556,0.0042,0.4398
SPADES TEN DIAMONDS EIGHT,0.5844,0.004,0.4116
SPADES FOUR DIAMONDS FIVE,0.6234,0.0056,0.371
CLUBS JACK HEARTS JACK,0.3094,0.002,0.6886
HEARTS JACK CLUBS QUEEN,0.5544,0.0052,0.4404
CLUBS NINE DIAMONDS FIVE,0.639,0.0042,0.3568
CLUBS EIGHT DIAMONDS FIVE,0.6318,0.005,0.3632
HEARTS JACK CLUBS KING,0.587,0.004,0.409
CLUBS ACE HEARTS JACK,0.2412,0.0886,0.6702
SPADES SEVEN DIAMONDS FIVE,0.7042,0.0298,0.266
SPADES KING DIAMONDS EIGHT,0.6104,0.0034,0.3862
SPADES QUEEN DIAMONDS EIGHT,0.5942,0.0032,0.4026
SPADES SIX DIAMONDS FIVE,0.6066,0.0038,0.3896
SPADES NINE DIAMONDS FIVE,0.6356,0.003,0.3614
SPADES EIGHT DIAMONDS FIVE,0.625,0.006,0.369
SPADES ACE DIAMONDS EIGHT,0.2172,0.2322,0.5506
DIAMONDS TEN DIAMONDS SIX,0.6096,0.0052,0.3852
DIAMONDS JACK DIAMONDS SIX,0.6028,0.003,0.3942
DIAMONDS ACE DIAMONDS SIX,0.4586,0.2828,0.2586
HEARTS FOUR DIAMONDS SIX,0.6476,0.0032,0.3492
SPADES TWO HEARTS JACK,0.641,0.0044,0.3546
HEARTS FIVE DIAMONDS SIX,0.634,0.0046,0.3614
SPADES TWO HEARTS TEN,0.6454,0.0034,0.3512
DIAMONDS QUEEN DIAMONDS SIX,0.6016,0.0074,0.391
HEARTS TWO DIAMONDS SIX,0.6818,0.0064,0.3118
DIAMONDS KING DIAMONDS SIX,0.603,0.0044,0.3926
HEARTS THREE DIAMONDS SIX,0.6582,0.0056,0.3362
HEARTS EIGHT DIAMONDS SIX,0.614,0.0042,0.3818
HEARTS NINE DIAMONDS SIX,0.6416,0.005,0.3534
HEARTS SIX DIAMONDS SIX,0.4508,0.004,0.5452
HEARTS SEVEN DIAMONDS SIX,0.702,0.0274,0.2706
CLUBS TWO DIAMONDS SIX,0.6668,0.0054,0.3278
CLUBS THREE DIAMONDS SIX,0.6632,0.0046,0.3322
CLUBS SEVEN DIAMONDS SIX,0.7092,0.0312,0.2596
CLUBS JACK DIAMONDS EIGHT,0.5822,0.0032,0.4146
CLUBS SIX DIAMONDS SIX,0.452,0.003,0.545
CLUBS TEN DIAMONDS EIGHT,0.572,0.0038,0.4242
CLUBS FIVE DIAMONDS SIX,0.6366,0.0028,0.3606
CLUBS FOUR DIAMONDS SIX,0.6472,0.0048,0.348
CLUBS ACE DIAMONDS EIGHT,0.229,0.2336,0.5374
HEARTS QUEEN HEARTS JACK,0.5268,0.0048,0.4684
CLUBS KING DIAMONDS EIGHT,0.606,0.0036,0.3904
CLUBS NINE DIAMONDS SIX,0.6334,0.0034,0.3632
HEARTS KING HEARTS JACK,0.5466,0.0052,0.4482
CLUBS EIGHT DIAMONDS SIX,0.606,0.006,0.388
DIAMONDS EIGHT CLUBS QUEEN,0.5954,0.0038,0.4008
SPADES TEN HEARTS KING,0.5904,0.004,0.4056
SPADES FIVE DIAMONDS SIX,0.6192,0.0044,0.3764
SPADES JACK HEARTS KING,0.5848,0.005,0.4102
SPADES FOUR DIAMONDS SIX,0.6462,0.0042,0.3496
SPADES THREE DIAMONDS SIX,0.658,0.0058,0.3362
HEARTS QUEEN SPADES TWO,0.63,0.0052,0.3648
SPADES ACE SPADES KING,0.2392,0.0414,0.7194
HEARTS KING SPADES TWO,0.6502,0.0046,0.3452
SPADES TWO DIAMONDS SIX,0.6804,0.0036,0.316
HEARTS TEN HEARTS EIGHT,0.5494,0.0056,0.445
SPADES NINE DIAMONDS SIX,0.6414,0.0032,0.3554
HEARTS JACK HEARTS EIGHT,0.568,0.0048,0.4272
SPADES EIGHT DIAMONDS SIX,0.6248,0.004,0.3712
SPADES SEVEN DIAMONDS SIX,0.7012,0.025,0.2738
SPADES SIX DIAMONDS SIX,0.457,0.004,0.539
SPADES KING HEARTS KING,0.294,0.0028,0.7032
SPADES QUEEN HEARTS KING,0.5734,0.0026,0.424
CLUBS ACE CLUBS KING,0.243,0.0518,0.7052
SPADES ACE HEARTS KING,0.2524,0.0462,0.7014
SPADES ACE HEARTS JACK,0.2474,0.0848,0.6678
SPADES QUEEN HEARTS JACK,0.56,0.0036,0.4364
SPADES KING HEARTS JACK,0.582,0.003,0.415
SPADES TEN DIAMONDS TEN,0.3118,0.003,0.6852
SPADES JACK DIAMONDS TEN,0.5614,0.004,0.4346
SPADES ACE DIAMONDS TEN,0.2358,0.1106,0.6536
SPADES JACK HEARTS JACK,0.31,0.0038,0.6862
SPADES TEN HEARTS JACK,0.5602,0.0044,0.4354
SPADES QUEEN DIAMONDS TEN,0.5606,0.0034,0.436
SPADES KING DIAMONDS TEN,0.5714,0.0056,0.423
HEARTS KING DIAMONDS FIVE,0.6542,0.0042,0.3416
HEARTS QUEEN DIAMONDS FIVE,0.6396,0.0064,0.354
DIAMONDS FIVE HEARTS JACK,0.6326,0.006,0.3614
HEARTS TEN DIAMONDS FIVE,0.6426,0.0046,0.3528
SPADES KING CLUBS TWO,0.6406,0.005,0.3544
HEARTS KING CLUBS KING,0.2892,0.0034,0.7074
SPADES QUEEN CLUBS TWO,0.6388,0.0042,0.357
HEARTS KING CLUBS QUEEN,0.588,0.003,0.409
CLUBS JACK SPADES TWO,0.6464,0.0046,0.349
CLUBS SIX CLUBS SEVEN,0.6568,0.0232,0.32
SPADES ACE CLUBS TWO,0.4574,0.2974,0.2452
CLUBS TEN SPADES TWO,0.6512,0.0032,0.3456
HEARTS KING CLUBS ACE,0.2718,0.0532,0.675
SPADES TWO CLUBS KING,0.6396,0.0034,0.357
CLUBS EIGHT CLUBS SIX,0.5684,0.0036,0.428
SPADES TWO CLUBS QUEEN,0.6386,0.0022,0.3592
CLUBS NINE CLUBS SIX,0.576,0.005,0.419
CLUBS JACK HEARTS KING,0.5752,0.004,0.4208
SPADES TWO CLUBS ACE,0.46,0.3,0.24
CLUBS TEN HEARTS KING,0.5936,0.0042,0.4022
CLUBS SIX SPADES TWO,0.6734,0.0052,0.3214
CLUBS SIX SPADES THREE,0.6466,0.0044,0.349
CLUBS SIX SPADES FOUR,0.6418,0.0042,0.354
CLUBS SIX SPADES FIVE,0.641,0.0044,0.3546
CLUBS SIX SPADES SIX,0.4612,0.0026,0.5362
CLUBS SIX SPADES SEVEN,0.7006,0.0288,0.2706
CLUBS SIX SPADES EIGHT,0.6216,0.0026,0.3758
SPADES JACK CLUBS TWO,0.6404,0.0046,0.355
CLUBS SIX SPADES NINE,0.6352,0.004,0.3608
SPADES TEN CLUBS TWO,0.6478,0.0052,0.347
CLUBS TWO CLUBS QUEEN,0.6012,0.0054,0.3934
CLUBS TWO CLUBS KING,0.6094,0.0036,0.387
CLUBS THREE DIAMONDS EIGHT,0.6404,0.0036,0.356
CLUBS TWO CLUBS ACE,0.4332,0.286,0.2808
CLUBS TWO DIAMONDS EIGHT,0.6312,0.0038,0.365
HEARTS SEVEN DIAMONDS EIGHT,0.671,0.0238,0.3052
HEARTS SIX DIAMONDS EIGHT,0.6116,0.0042,0.3842
DIAMONDS EIGHT HEARTS NINE,0.5698,0.0046,0.4256
CLUBS TEN CLUBS TWO,0.5968,0.0058,0.3974
HEARTS EIGHT DIAMONDS EIGHT,0.3424,0.004,0.6536
CLUBS JACK CLUBS TWO,0.6036,0.0034,0.393
CLUBS NINE DIAMONDS EIGHT,0.5828,0.0036,0.4136
CLUBS EIGHT DIAMONDS EIGHT,0.3448,0.0036,0.6516
CLUBS FIVE DIAMONDS EIGHT,0.6154,0.004,0.3806
SPADES ACE SPADES THREE,0.437,0.2734,0.2896
CLUBS FOUR DIAMONDS EIGHT,0.6306,0.0046,0.3648
CLUBS SEVEN DIAMONDS EIGHT,0.689,0.0238,0.2872
SPADES QUEEN SPADES THREE,0.597,0.0046,0.3984
CLUBS SIX DIAMONDS EIGHT,0.6112,0.0038,0.385
SPADES KING SPADES THREE,0.5974,0.0048,0.3978
DIAMONDS QUEEN DIAMONDS EIGHT,0.5534,0.0036,0.443
HEARTS TWO DIAMONDS EIGHT,0.6536,0.0052,0.3412
DIAMONDS KING DIAMONDS EIGHT,0.5702,0.0044,0.4254
HEARTS THREE DIAMONDS EIGHT,0.6352,0.0044,0.3604
DIAMONDS ACE DIAMONDS EIGHT,0.2108,0.2136,0.5756
HEARTS FOUR DIAMONDS EIGHT,0.6338,0.0038,0.3624
HEARTS FIVE DIAMONDS EIGHT,0.6296,0.0062,0.3642
DIAMONDS TEN DIAMONDS EIGHT,0.5506,0.004,0.4454
DIAMONDS JACK DIAMONDS EIGHT,0.56,0.0038,0.4362
SPADES JACK SPADES THREE,0.6042,0.0046,0.3912
SPADES TEN SPADES THREE,0.5852,0.0028,0.412
CLUBS FOUR HEARTS QUEEN,0.6342,0.0038,0.362
CLUBS FOUR HEARTS KING,0.6442,0.0046,0.3512
CLUBS SIX HEARTS TEN,0.6298,0.0028,0.3674
CLUBS SIX HEARTS JACK,0.6476,0.0032,0.3492
SPADES FOUR DIAMONDS EIGHT,0.6226,0.005,0.3724
SPADES FIVE DIAMONDS EIGHT,0.6186,0.007,0.3744
SPADES TWO DIAMONDS EIGHT,0.6372,0.0046,0.3582
SPADES THREE DIAMONDS EIGHT,0.6426,0.0042,0.3532
CLUBS FOUR HEARTS JACK,0.6302,0.0036,0.3662
SPADES EIGHT DIAMONDS EIGHT,0.333,0.0026,0.6644
SPADES TEN DIAMONDS QUEEN,0.5536,0.0046,0.4418
SPADES TEN HEARTS TWO,0.654,0.005,0.341
SPADES JACK HEARTS EIGHT,0.5776,0.0054,0.417
CLUBS FOUR HEARTS TEN,0.6338,0.0042,0.362
SPADES NINE DIAMONDS EIGHT,0.5698,0.0036,0.4266
SPADES TEN HEARTS EIGHT,0.5692,0.0034,0.4274
SPADES JACK HEARTS TWO,0.648,0.0042,0.3478
SPADES JACK DIAMONDS QUEEN,0.5568,0.0034,0.4398
SPADES SIX DIAMONDS EIGHT,0.6102,0.0026,0.3872
SPADES SEVEN DIAMONDS EIGHT,0.6884,0.0204,0.2912
SPADES ACE HEARTS TWO,0.4578,0.3144,0.2278
SPADES ACE DIAMONDS QUEEN,0.2324,0.0676,0.7
SPADES ACE HEARTS EIGHT,0.229,0.2264,0.5446
SPADES KING HEARTS EIGHT,0.614,0.0038,0.3822
SPADES QUEEN HEARTS TWO,0.6508,0.0058,0.3434
SPADES QUEEN DIAMONDS QUEEN,0.3038,0.0022,0.694
SPADES KING DIAMONDS QUEEN,0.5696,0.0042,0.4262
SPADES KING HEARTS TWO,0.6528,0.0036,0.3436
SPADES QUEEN HEARTS EIGHT,0.587,0.0028,0.4102
CLUBS TWO HEARTS TEN,0.646,0.0036,0.3504
CLUBS TWO HEARTS JACK,0.6414,0.0044,0.3542
SPADES SEVEN DIAMONDS NINE,0.7108,0.0216,0.2676
SPADES SIX DIAMONDS NINE,0.6216,0.0034,0.375
SPADES NINE DIAMONDS NINE,0.3314,0.0028,0.6658
SPADES EIGHT DIAMONDS NINE,0.557,0.0046,0.4384
SPADES TEN CLUBS KING,0.5644,0.0032,0.4324
DIAMONDS NINE SPADES THREE,0.6322,0.004,0.3638
SPADES JACK CLUBS KING,0.5724,0.0018,0.4258
DIAMONDS NINE SPADES TWO,0.6442,0.0044,0.3514
SPADES FIVE DIAMONDS NINE,0.626,0.0032,0.3708
DIAMONDS NINE SPADES FOUR,0.6368,0.0038,0.3594
CLUBS NINE DIAMONDS NINE,0.3196,0.0042,0.6762
CLUBS EIGHT DIAMONDS NINE,0.5576,0.003,0.4394
CLUBS SIX DIAMONDS NINE,0.6206,0.0042,0.3752
SPADES JACK CLUBS FOUR,0.6354,0.0044,0.3602
CLUBS SEVEN DIAMONDS NINE,0.7102,0.025,0.2648
SPADES TEN CLUBS FOUR,0.6314,0.0028,0.3658
CLUBS FOUR DIAMONDS NINE,0.6438,0.004,0.3522
CLUBS FIVE DIAMONDS NINE,0.6212,0.004,0.3748
CLUBS TWO DIAMONDS NINE,0.6474,0.0042,0.3484
CLUBS THREE DIAMONDS NINE,0.6424,0.0048,0.3528
DIAMONDS NINE HEARTS EIGHT,0.566,0.0046,0.4294
DIAMONDS NINE HEARTS NINE,0.3262,0.0062,0.6676
HEARTS SIX DIAMONDS NINE,0.633,0.0038,0.3632
HEARTS SEVEN DIAMONDS NINE,0.712,0.0218,0.2662
CLUBS EIGHT CLUBS NINE,0.5352,0.0026,0.4622
DIAMONDS ACE DIAMONDS NINE,0.2294,0.159,0.6116
HEARTS FOUR DIAMONDS NINE,0.645,0.004,0.351
HEARTS FIVE DIAMONDS NINE,0.6308,0.0042,0.365
SPADES ACE CLUBS FOUR,0.4634,0.2918,0.2448
DIAMONDS NINE DIAMONDS QUEEN,0.5516,0.0048,0.4436
HEARTS TWO DIAMONDS NINE,0.6382,0.0062,0.3556
CLUBS TWO HEARTS KING,0.6504,0.0064,0.3432
SPADES KING CLUBS FOUR,0.6432,0.0076,0.3492
DIAMONDS KING DIAMONDS NINE,0.5636,0.0058,0.4306
HEARTS THREE DIAMONDS NINE,0.6506,0.0046,0.3448
CLUBS TWO HEARTS QUEEN,0.6334,0.006,0.3606
SPADES QUEEN CLUBS FOUR,0.6344,0.0032,0.3624
DIAMONDS NINE DIAMONDS JACK,0.5476,0.0042,0.4482
CLUBS EIGHT SPADES NINE,0.5688,0.0044,0.4268
DIAMONDS TEN DIAMONDS NINE,0.5426,0.0036,0.4538
CLUBS EIGHT SPADES EIGHT,0.3364,0.002,0.6616
CLUBS EIGHT SPADES SEVEN,0.6826,0.0202,0.2972
CLUBS EIGHT SPADES SIX,0.616,0.002,0.382
CLUBS EIGHT SPADES FIVE,0.6182,0.0026,0.3792
CLUBS EIGHT SPADES FOUR,0.6246,0.004,0.3714
CLUBS EIGHT SPADES THREE,0.6502,0.0038,0.346
CLUBS EIGHT SPADES TWO,0.6484,0.0034,0.3482
HEARTS SIX DIAMONDS TEN,0.6316,0.0044,0.364
HEARTS SEVEN DIAMONDS TEN,0.713,0.0282,0.2588
DIAMONDS TEN HEARTS EIGHT,0.5674,0.0042,0.4284
CLUBS JACK CLUBS FOUR,0.6082,0.0032,0.3886
DIAMONDS TEN HEARTS NINE,0.5688,0.0038,0.4274
CLUBS TEN CLUBS FOUR,0.598,0.0056,0.3964
CLUBS FOUR CLUBS KING,0.6084,0.0038,0.3878
CLUBS FOUR CLUBS QUEEN,0.5846,0.0046,0.4108
CLUBS TWO DIAMONDS TEN,0.6456,0.0064,0.348
DIAMONDS TEN CLUBS THREE,0.6266,0.0032,0.3702
CLUBS FOUR CLUBS ACE,0.4344,0.2846,0.281
DIAMONDS TEN DIAMONDS JACK,0.5388,0.0042,0.457
DIAMONDS TEN DIAMONDS QUEEN,0.5396,0.0042,0.4562
HEARTS TWO DIAMONDS TEN,0.6482,0.0048,0.347
DIAMONDS KING DIAMONDS TEN,0.5436,0.0048,0.4516
HEARTS THREE DIAMONDS TEN,0.648,0.0052,0.3468
DIAMONDS ACE DIAMONDS TEN,0.2396,0.108,0.6524
HEARTS FOUR DIAMONDS TEN,0.6342,0.0054,0.3604
CLUBS EIGHT HEARTS JACK,0.5922,0.003,0.4048
HEARTS FIVE DIAMONDS TEN,0.6392,0.0058,0.355
CLUBS EIGHT HEARTS TEN,0.582,0.0052,0.4128
CLUBS EIGHT HEARTS QUEEN,0.5976,0.0028,0.3996
CLUBS EIGHT HEARTS KING,0.6134,0.0046,0.382
CLUBS NINE SPADES THREE,0.6332,0.0042,0.3626
CLUBS NINE SPADES TWO,0.6516,0.0028,0.3456
CLUBS NINE SPADES FIVE,0.64,0.0046,0.3554
CLUBS NINE SPADES FOUR,0.6432,0.0038,0.353
CLUBS NINE SPADES SEVEN,0.7004,0.025,0.2746
CLUBS NINE SPADES SIX,0.6212,0.0026,0.3762
CLUBS NINE SPADES NINE,0.3298,0.002,0.6682
CLUBS TEN HEARTS EIGHT,0.5832,0.0048,0.412
CLUBS NINE SPADES EIGHT,0.5638,0.0018,0.4344
CLUBS JACK HEARTS EIGHT,0.6006,0.004,0.3954
HEARTS EIGHT CLUBS QUEEN,0.6026,0.0034,0.394
CLUBS KING HEARTS EIGHT,0.602,0.0052,0.3928
CLUBS ACE HEARTS EIGHT,0.2284,0.2372,0.5344
SPADES KING CLUBS KING,0.293,0.002,0.705
SPADES QUEEN CLUBS KING,0.5698,0.0018,0.4284
SPADES ACE CLUBS KING,0.2598,0.0462,0.694
DIAMONDS ACE HEARTS TEN,0.239,0.1222,0.6388
HEARTS FOUR HEARTS TEN,0.594,0.005,0.401
DIAMONDS ACE HEARTS JACK,0.2334,0.0908,0.6758
HEARTS FOUR HEARTS JACK,0.6104,0.0052,0.3844
SPADES KING CLUBS FIVE,0.6316,0.0042,0.3642
SPADES QUEEN CLUBS FIVE,0.6264,0.003,0.3706
SPADES ACE CLUBS FIVE,0.4488,0.3002,0.251
HEARTS SEVEN DIAMONDS JACK,0.7232,0.027,0.2498
HEARTS SIX DIAMONDS JACK,0.6406,0.0052,0.3542
DIAMONDS JACK HEARTS NINE,0.5784,0.003,0.4186
DIAMONDS JACK HEARTS EIGHT,0.6006,0.0046,0.3948
DIAMONDS KING DIAMONDS JACK,0.5478,0.005,0.4472
HEARTS THREE DIAMONDS JACK,0.6402,0.0056,0.3542
SPADES ACE SPADES SIX,0.4592,0.2644,0.2764
DIAMONDS QUEEN DIAMONDS JACK,0.5232,0.0038,0.473
HEARTS TWO DIAMONDS JACK,0.6538,0.0058,0.3404
HEARTS FIVE DIAMONDS JACK,0.636,0.0034,0.3606
SPADES QUEEN SPADES SIX,0.581,0.0026,0.4164
SPADES FOUR HEARTS QUEEN,0.6274,0.0058,0.3668
DIAMONDS ACE DIAMONDS JACK,0.2396,0.0808,0.6796
HEARTS FOUR DIAMONDS JACK,0.649,0.0062,0.3448
SPADES KING SPADES SIX,0.6048,0.004,0.3912
SPADES FOUR HEARTS KING,0.6428,0.0046,0.3526
SPADES TEN SPADES SIX,0.5906,0.0046,0.4048
SPADES JACK SPADES SIX,0.5994,0.0036,0.397
SPADES FOUR DIAMONDS JACK,0.6326,0.004,0.3634
SPADES FIVE DIAMONDS JACK,0.6292,0.0042,0.3666
DIAMONDS JACK SPADES TWO,0.6416,0.0034,0.355
SPADES THREE DIAMONDS JACK,0.63,0.0044,0.3656
SPADES ACE DIAMONDS THREE,0.4624,0.3108,0.2268
CLUBS EIGHT DIAMONDS JACK,0.5794,0.0036,0.417
SPADES QUEEN DIAMONDS THREE,0.639,0.0038,0.3572
SPADES KING DIAMONDS THREE,0.6296,0.0052,0.3652
CLUBS NINE DIAMONDS JACK,0.5664,0.003,0.4306
CLUBS SIX DIAMONDS JACK,0.6474,0.0044,0.3482
CLUBS SEVEN DIAMONDS JACK,0.7296,0.0246,0.2458
CLUBS FOUR DIAMONDS JACK,0.6316,0.005,0.3634
CLUBS FIVE DIAMONDS JACK,0.6274,0.0032,0.3694
CLUBS TWO DIAMONDS JACK,0.6344,0.0046,0.361
CLUBS THREE DIAMONDS JACK,0.6234,0.0038,0.3728
SPADES TEN CLUBS FIVE,0.6374,0.0038,0.3588
SPADES JACK HEARTS SIX,0.6416,0.0046,0.3538
HEARTS SIX SPADES TEN,0.6402,0.0034,0.3564
SPADES JACK CLUBS FIVE,0.6398,0.0028,0.3574
SPADES JACK DIAMONDS THREE,0.6492,0.0046,0.3462
CLUBS SEVEN CLUBS ACE,0.0234,0.905,0.0716
DIAMONDS THREE SPADES TEN,0.6356,0.0038,0.3606
CLUBS SEVEN CLUBS QUEEN,0.6896,0.0276,0.2828
CLUBS SEVEN CLUBS KING,0.6838,0.0266,0.2896
SPADES NINE DIAMONDS JACK,0.5682,0.0048,0.427
CLUBS TEN CLUBS SEVEN,0.6668,0.0238,0.3094
SPADES EIGHT DIAMONDS JACK,0.5906,0.0042,0.4052
SPADES ACE HEARTS SIX,0.4818,0.303,0.2152
CLUBS JACK CLUBS SEVEN,0.6894,0.0214,0.2892
DIAMONDS ACE HEARTS KING,0.25,0.0498,0.7002
HEARTS FOUR HEARTS KING,0.6078,0.0048,0.3874
SPADES SEVEN DIAMONDS JACK,0.7166,0.0254,0.258
SPADES KING HEARTS SIX,0.6398,0.0056,0.3546
DIAMONDS ACE HEARTS QUEEN,0.2402,0.067,0.6928
HEARTS FOUR HEARTS QUEEN,0.6048,0.0056,0.3896
SPADES QUEEN HEARTS SIX,0.6498,0.0028,0.3474
SPADES SIX DIAMONDS JACK,0.6386,0.0046,0.3568
DIAMONDS TEN SPADES TWO,0.6326,0.0048,0.3626
DIAMONDS TEN SPADES THREE,0.6412,0.0032,0.3556
DIAMONDS TEN SPADES FOUR,0.6244,0.0052,0.3704
DIAMONDS TEN SPADES FIVE,0.6398,0.0046,0.3556
SPADES SIX DIAMONDS TEN,0.6174,0.0032,0.3794
SPADES SEVEN DIAMONDS TEN,0.7206,0.0202,0.2592
SPADES EIGHT DIAMONDS TEN,0.5648,0.0032,0.432
SPADES NINE DIAMONDS TEN,0.5612,0.004,0.4348
CLUBS FOUR DIAMONDS TEN,0.633,0.0032,0.3638
CLUBS FIVE DIAMONDS TEN,0.6394,0.0046,0.356
CLUBS SIX DIAMONDS TEN,0.6196,0.0038,0.3766
CLUBS SEVEN DIAMONDS TEN,0.7104,0.0244,0.2652
CLUBS EIGHT DIAMONDS TEN,0.581,0.0036,0.4154
CLUBS NINE DIAMONDS TEN,0.5638,0.005,0.4312
CLUBS JACK DIAMONDS THREE,0.6464,0.0052,0.3484
CLUBS TEN DIAMONDS THREE,0.646,0.0054,0.3486
DIAMONDS THREE CLUBS KING,0.6432,0.005,0.3518
DIAMONDS THREE CLUBS QUEEN,0.6502,0.0042,0.3456
DIAMONDS THREE CLUBS ACE,0.4556,0.3082,0.2362
SPADES FOUR HEARTS JACK,0.6414,0.0042,0.3544
SPADES FOUR HEARTS TEN,0.6432,0.0042,0.3526
SPADES FIVE SPADES TWO,0.603,0.004,0.393
SPADES FOUR SPADES TWO,0.626,0.0062,0.3678
SPADES THREE SPADES TWO,0.6228,0.0042,0.373
SPADES NINE SPADES TWO,0.5932,0.0038,0.403
SPADES EIGHT SPADES TWO,0.6144,0.0032,0.3824
SPADES SEVEN SPADES TWO,0.7072,0.0316,0.2612
SPADES SIX SPADES TWO,0.6298,0.0058,0.3644
CLUBS THREE DIAMONDS QUEEN,0.644,0.0044,0.3516
HEARTS TWO CLUBS THREE,0.6564,0.0052,0.3384
CLUBS TWO DIAMONDS QUEEN,0.6204,0.0054,0.3742
HEARTS TWO CLUBS TWO,0.483,0.005,0.512
HEARTS SEVEN DIAMONDS QUEEN,0.741,0.0262,0.2328
HEARTS SEVEN HEARTS TWO,0.7148,0.0268,0.2584
HEARTS SIX DIAMONDS QUEEN,0.6342,0.005,0.3608
HEARTS SIX HEARTS TWO,0.6456,0.0052,0.3492
DIAMONDS QUEEN HEARTS NINE,0.5762,0.0052,0.4186
HEARTS TWO HEARTS NINE,0.632,0.0078,0.3602
DIAMONDS QUEEN HEARTS EIGHT,0.5944,0.0044,0.4012
HEARTS TWO HEARTS EIGHT,0.6228,0.0046,0.3726
CLUBS NINE HEARTS TWO,0.659,0.0046,0.3364
CLUBS NINE DIAMONDS QUEEN,0.5762,0.004,0.4198
CLUBS EIGHT DIAMONDS QUEEN,0.5958,0.0038,0.4004
CLUBS EIGHT HEARTS TWO,0.6396,0.0034,0.357
CLUBS FIVE DIAMONDS QUEEN,0.6428,0.0044,0.3528
CLUBS FIVE HEARTS TWO,0.6558,0.0038,0.3404
CLUBS FOUR DIAMONDS QUEEN,0.6294,0.0046,0.366
CLUBS FOUR HEARTS TWO,0.6728,0.0048,0.3224
CLUBS SEVEN DIAMONDS QUEEN,0.7402,0.0228,0.237
CLUBS SEVEN HEARTS TWO,0.7618,0.032,0.2062
SPADES EIGHT HEARTS QUEEN,0.6028,0.0024,0.3948
CLUBS SIX DIAMONDS QUEEN,0.633,0.0032,0.3638
CLUBS SIX HEARTS TWO,0.6626,0.0042,0.3332
SPADES EIGHT HEARTS KING,0.6102,0.004,0.3858
HEARTS TWO SPADES SIX,0.6756,0.0066,0.3178
SPADES SIX DIAMONDS QUEEN,0.641,0.003,0.356
HEARTS FOUR CLUBS QUEEN,0.6474,0.004,0.3486
DIAMONDS ACE CLUBS QUEEN,0.2432,0.0632,0.6936
SPADES SEVEN DIAMONDS QUEEN,0.7362,0.0238,0.24
SPADES SEVEN HEARTS TWO,0.7626,0.0344,0.203
HEARTS FOUR CLUBS KING,0.6512,0.0034,0.3454
DIAMONDS ACE CLUBS KING,0.2512,0.046,0.7028
SPADES EIGHT DIAMONDS QUEEN,0.5914,0.0042,0.4044
SPADES EIGHT HEARTS TWO,0.6666,0.0036,0.3298
HEARTS FOUR CLUBS ACE,0.4494,0.3092,0.2414
DIAMONDS ACE CLUBS ACE,0.0566,0.0144,0.929
SPADES NINE DIAMONDS QUEEN,0.5718,0.003,0.4252
SPADES NINE HEARTS TWO,0.6624,0.004,0.3336
HEARTS TWO SPADES TWO,0.4786,0.0078,0.5136
DIAMONDS QUEEN SPADES TWO,0.6468,0.0054,0.3478
HEARTS TWO SPADES THREE,0.646,0.0076,0.3464
DIAMONDS QUEEN SPADES THREE,0.6318,0.0046,0.3636
HEARTS TWO SPADES FOUR,0.6678,0.005,0.3272
SPADES FOUR DIAMONDS QUEEN,0.6378,0.005,0.3572
CLUBS TEN HEARTS FOUR,0.6354,0.0032,0.3614
CLUBS TEN DIAMONDS ACE,0.244,0.1212,0.6348
HEARTS TWO SPADES FIVE,0.6606,0.0042,0.3352
SPADES FIVE DIAMONDS QUEEN,0.6192,0.0052,0.3756
CLUBS JACK HEARTS FOUR,0.6414,0.0036,0.355
CLUBS JACK DIAMONDS ACE,0.2348,0.0932,0.672
CLUBS FIVE CLUBS KING,0.5864,0.0056,0.408
CLUBS FIVE CLUBS QUEEN,0.5806,0.0052,0.4142
CLUBS FIVE CLUBS ACE,0.4382,0.2796,0.2822
CLUBS JACK CLUBS FIVE,0.5836,0.0036,0.4128
CLUBS TEN CLUBS FIVE,0.603,0.0042,0.3928
SPADES KING CLUBS JACK,0.5756,0.003,0.4214
CLUBS JACK SPADES QUEEN,0.5608,0.0042,0.435
SPADES ACE CLUBS JACK,0.2436,0.0874,0.669
SPADES SIX CLUBS KING,0.6422,0.0034,0.3544
SPADES SIX CLUBS QUEEN,0.634,0.003,0.363
SPADES EIGHT HEARTS JACK,0.5984,0.004,0.3976
SPADES SIX CLUBS ACE,0.4754,0.303,0.2216
SPADES EIGHT HEARTS TEN,0.5808,0.004,0.4152
CLUBS JACK SPADES SIX,0.641,0.0056,0.3534
CLUBS TEN SPADES SIX,0.629,0.0048,0.3662
CLUBS JACK SPADES TEN,0.5582,0.0038,0.438
CLUBS JACK SPADES JACK,0.3166,0.0018,0.6816
SPADES QUEEN CLUBS SEVEN,0.7408,0.022,0.2372
SPADES KING CLUBS SEVEN,0.7424,0.0286,0.229
SPADES ACE CLUBS SEVEN,0.0212,0.9526,0.0262
SPADES SIX HEARTS TEN,0.63,0.0034,0.3666
SPADES SIX HEARTS JACK,0.6386,0.0034,0.358
SPADES SIX HEARTS KING,0.6516,0.0042,0.3442
SPADES SIX HEARTS QUEEN,0.6378,0.0038,0.3584
SPADES JACK CLUBS SEVEN,0.722,0.0216,0.2564
SPADES TEN CLUBS SEVEN,0.701,0.0212,0.2778
CLUBS TEN HEARTS SIX,0.6336,0.0036,0.3628
CLUBS JACK HEARTS SIX,0.643,0.0028,0.3542
CLUBS JACK CLUBS ACE,0.227,0.0894,0.6836
HEARTS SIX CLUBS QUEEN,0.6428,0.005,0.3522
HEARTS SIX CLUBS KING,0.633,0.0044,0.3626
HEARTS SIX CLUBS ACE,0.4802,0.3016,0.2182
CLUBS JACK CLUBS QUEEN,0.5248,0.0046,0.4706
CLUBS JACK CLUBS KING,0.5432,0.0032,0.4536
DIAMONDS THREE HEARTS QUEEN,0.651,0.0054,0.3436
DIAMONDS THREE HEARTS KING,0.6508,0.0068,0.3424
CLUBS FIVE HEARTS JACK,0.6418,0.0034,0.3548
SPADES TEN DIAMONDS ACE,0.2228,0.1214,0.6558
HEARTS FOUR SPADES TEN,0.65,0.0046,0.3454
CLUBS FIVE HEARTS TEN,0.6358,0.0042,0.36
HEARTS FOUR SPADES JACK,0.6448,0.0038,0.3514
SPADES JACK DIAMONDS ACE,0.2398,0.086,0.6742
SPADES ACE HEARTS FOUR,0.4568,0.3016,0.2416
SPADES ACE DIAMONDS ACE,0.062,0.0126,0.9254
CLUBS FIVE HEARTS KING,0.6338,0.005,0.3612
HEARTS FOUR SPADES QUEEN,0.6386,0.005,0.3564
SPADES QUEEN DIAMONDS ACE,0.234,0.0666,0.6994
CLUBS JACK SPADES FOUR,0.6304,0.0042,0.3654
CLUBS FIVE HEARTS QUEEN,0.6328,0.0046,0.3626
SPADES KING DIAMONDS ACE,0.2464,0.0448,0.7088
SPADES KING HEARTS FOUR,0.6484,0.0034,0.3482
CLUBS TEN SPADES FOUR,0.6338,0.0028,0.3634
DIAMONDS ACE DIAMONDS QUEEN,0.2328,0.0672,0.7
DIAMONDS ACE HEARTS TWO,0.4628,0.301,0.2362
HEARTS FOUR DIAMONDS QUEEN,0.634,0.005,0.361
HEARTS FOUR HEARTS TWO,0.6212,0.0048,0.374
DIAMONDS THREE HEARTS TEN,0.646,0.005,0.349
SPADES FOUR CLUBS KING,0.636,0.0042,0.3598
HEARTS FIVE DIAMONDS QUEEN,0.645,0.0038,0.3512
HEARTS FIVE HEARTS TWO,0.62,0.0064,0.3736
DIAMONDS THREE HEARTS JACK,0.64,0.0046,0.3554
SPADES FOUR CLUBS QUEEN,0.6348,0.0044,0.3608
HEARTS TWO DIAMONDS QUEEN,0.653,0.0058,0.3412
DIAMONDS KING DIAMONDS QUEEN,0.5306,0.0054,0.464
DIAMONDS KING HEARTS TWO,0.6518,0.0054,0.3428
HEARTS THREE DIAMONDS QUEEN,0.6418,0.0042,0.354
HEARTS THREE HEARTS TWO,0.6104,0.0056,0.384
SPADES FOUR CLUBS ACE,0.471,0.2916,0.2374
HEARTS TWO CLUBS ACE,0.4784,0.2992,0.2224
DIAMONDS QUEEN CLUBS ACE,0.237,0.0684,0.6946
HEARTS TWO CLUBS QUEEN,0.6396,0.004,0.3564
DIAMONDS QUEEN CLUBS QUEEN,0.287,0.0056,0.7074
HEARTS TWO CLUBS KING,0.651,0.0052,0.3438
DIAMONDS QUEEN CLUBS KING,0.5662,0.004,0.4298
SPADES EIGHT SPADES FIVE,0.573,0.004,0.423
CLUBS TEN HEARTS TWO,0.6328,0.003,0.3642
CLUBS TEN DIAMONDS QUEEN,0.5534,0.0038,0.4428
SPADES NINE SPADES FIVE,0.5864,0.0042,0.4094
CLUBS JACK HEARTS TWO,0.6426,0.0036,0.3538
CLUBS JACK DIAMONDS QUEEN,0.5562,0.0054,0.4384
SPADES SIX SPADES FIVE,0.5978,0.0054,0.3968
SPADES SEVEN SPADES FIVE,0.6578,0.0294,0.3128
DIAMONDS FIVE CLUBS QUEEN,0.6392,0.003,0.3578
SPADES EIGHT CLUBS ACE,0.2242,0.218,0.5578
DIAMONDS FIVE CLUBS KING,0.6292,0.0038,0.367
SPADES EIGHT CLUBS KING,0.6064,0.0038,0.3898
DIAMONDS FIVE CLUBS ACE,0.468,0.2968,0.2352
SPADES EIGHT CLUBS QUEEN,0.5864,0.0042,0.4094
CLUBS JACK SPADES EIGHT,0.5814,0.0026,0.416
CLUBS TEN SPADES EIGHT,0.5782,0.002,0.4198
CLUBS TEN DIAMONDS FIVE,0.6332,0.006,0.3608
CLUBS JACK DIAMONDS FIVE,0.6344,0.0056,0.36
DIAMONDS TEN HEARTS JACK,0.5414,0.006,0.4526
DIAMONDS TEN HEARTS TEN,0.3152,0.0044,0.6804
SPADES ACE CLUBS NINE,0.235,0.17,0.595
SPADES QUEEN CLUBS NINE,0.5812,0.003,0.4158
SPADES KING CLUBS NINE,0.5756,0.003,0.4214
HEARTS SIX HEARTS KING,0.6064,0.0034,0.3902
DIAMONDS KING SPADES SEVEN,0.7326,0.0284,0.239
HEARTS THREE SPADES SEVEN,0.7508,0.0314,0.2178
HEARTS SIX HEARTS QUEEN,0.6226,0.0042,0.3732
HEARTS THREE SPADES SIX,0.6556,0.0058,0.3386
DIAMONDS KING SPADES SIX,0.6336,0.0052,0.3612
SPADES NINE DIAMONDS KING,0.5904,0.0054,0.4042
SPADES NINE HEARTS THREE,0.6584,0.0038,0.3378
DIAMONDS KING SPADES EIGHT,0.6108,0.0042,0.385
SPADES EIGHT HEARTS THREE,0.645,0.0036,0.3514
CLUBS NINE HEARTS THREE,0.646,0.0048,0.3492
CLUBS NINE DIAMONDS KING,0.5846,0.0044,0.411
CLUBS EIGHT DIAMONDS KING,0.6032,0.0032,0.3936
CLUBS EIGHT HEARTS THREE,0.6416,0.0034,0.355
