opposingHand,winningChance,drawChance,lostChance
HEARTS SEVEN HEARTS FOUR
CLUBS ACE CLUBS QUEEN,0.3718,0.0046,0.6236
DIAMONDS TWO SPADES TWO,0.4044,0.1124,0.4832
CLUBS TWO DIAMONDS FIVE,0.5742,0.0956,0.3302
HEARTS TWO DIAMONDS JACK,0.4532,0.0174,0.5294
DIAMONDS KING SPADES FIVE,0.4034,0.0078,0.5888
DIAMONDS NINE DIAMONDS SIX,0.3644,0.042,0.5936
SPADES FIVE DIAMONDS TEN,0.4098,0.0266,0.5636
CLUBS FIVE DIAMONDS QUEEN,0.4128,0.0128,0.5744
HEARTS EIGHT DIAMONDS ACE,0.3686,0.0036,0.6278
HEARTS JACK DIAMONDS FOUR,0.2898,0.0554,0.6548
SPADES FOUR SPADES TWO,0.5488,0.178,0.2732
CLUBS THREE DIAMONDS SEVEN,0.304,0.49,0.206
HEARTS EIGHT SPADES TEN,0.3488,0.0254,0.6258
SPADES JACK DIAMONDS QUEEN,0.385,0.0084,0.6066
SPADES TEN SPADES SEVEN,0.283,0.0724,0.6446
HEARTS EIGHT CLUBS QUEEN,0.3826,0.0136,0.6038
DIAMONDS THREE HEARTS TEN,0.435,0.0294,0.5356
CLUBS NINE CLUBS FOUR,0.3006,0.1012,0.5982
SPADES ACE SPADES JACK,0.3588,0.0042,0.637
SPADES KING SPADES TWO,0.4332,0.0108,0.556
SPADES JACK HEARTS QUEEN,0.3764,0.0098,0.6138
SPADES EIGHT DIAMONDS EIGHT,0.196,0.081,0.723
CLUBS EIGHT DIAMONDS SEVEN,0.2756,0.1408,0.5836
HEARTS QUEEN DIAMONDS FOUR,0.2864,0.0442,0.6694
DIAMONDS TWO CLUBS ACE,0.4352,0.0056,0.5592
CLUBS THREE DIAMONDS FOUR,0.5614,0.1902,0.2484
DIAMONDS JACK HEARTS ACE,0.375,0.0054,0.6196
SPADES EIGHT SPADES TWO,0.426,0.057,0.517
SPADES FIVE DIAMONDS SIX,0.5238,0.091,0.3852
HEARTS THREE HEARTS ACE,0.382,0.0062,0.6118
SPADES KING DIAMONDS QUEEN,0.3854,0.0074,0.6072
SPADES QUEEN HEARTS TWO,0.4338,0.012,0.5542
HEARTS FIVE SPADES JACK,0.4026,0.019,0.5784
CLUBS NINE DIAMONDS ACE,0.377,0.0042,0.6188
SPADES KING HEARTS KING,0.1922,0.0186,0.7892
SPADES NINE CLUBS FOUR,0.3062,0.0992,0.5946
SPADES NINE CLUBS FIVE,0.4064,0.0438,0.5498
HEARTS ACE CLUBS QUEEN,0.365,0.0044,0.6306
SPADES EIGHT CLUBS THREE,0.4514,0.0678,0.4808
DIAMONDS THREE SPADES EIGHT,0.4526,0.0582,0.4892
DIAMONDS SEVEN CLUBS KING,0.2936,0.0386,0.6678
CLUBS FIVE CLUBS THREE,0.5266,0.092,0.3814
CLUBS THREE CLUBS KING,0.4212,0.0084,0.5704
CLUBS EIGHT DIAMONDS ACE,0.3904,0.0022,0.6074
SPADES ACE SPADES TEN,0.3706,0.0034,0.626
SPADES SEVEN HEARTS KING,0.288,0.0476,0.6644
DIAMONDS ACE HEARTS TEN,0.3772,0.0048,0.618
HEARTS QUEEN CLUBS ACE,0.3728,0.0052,0.622
DIAMONDS THREE DIAMONDS EIGHT,0.4096,0.0564,0.534
DIAMONDS TEN HEARTS TEN,0.1998,0.0536,0.7466
HEARTS SIX SPADES TWO,0.585,0.099,0.316
CLUBS FOUR SPADES FOUR,0.314,0.086,0.6
DIAMONDS QUEEN DIAMONDS SIX,0.3948,0.0108,0.5944
CLUBS TEN HEARTS FIVE,0.4018,0.0314,0.5668
CLUBS NINE HEARTS JACK,0.358,0.0206,0.6214
CLUBS EIGHT SPADES NINE,0.3596,0.0354,0.605
CLUBS TWO CLUBS QUEEN,0.4168,0.013,0.5702
DIAMONDS QUEEN CLUBS THREE,0.448,0.0136,0.5384
SPADES KING DIAMONDS KING,0.1978,0.0184,0.7838
HEARTS SIX DIAMONDS FIVE,0.5308,0.0976,0.3716
SPADES SIX CLUBS THREE,0.5836,0.0926,0.3238
SPADES SIX HEARTS JACK,0.4052,0.0192,0.5756
HEARTS KING CLUBS ACE,0.3714,0.0054,0.6232
CLUBS ACE DIAMONDS SIX,0.4066,0.0036,0.5898
SPADES QUEEN SPADES FOUR,0.2916,0.0408,0.6676
SPADES KING CLUBS TEN,0.3856,0.0066,0.6078
HEARTS ACE DIAMONDS FIVE,0.3808,0.005,0.6142
SPADES JACK DIAMONDS TEN,0.3802,0.0148,0.605
CLUBS EIGHT SPADES FIVE,0.4004,0.0618,0.5378
HEARTS THREE CLUBS KING,0.4334,0.0106,0.556
HEARTS THREE SPADES FOUR,0.572,0.184,0.244
DIAMONDS EIGHT HEARTS QUEEN,0.3874,0.0104,0.6022
CLUBS TEN SPADES TEN,0.2016,0.055,0.7434
CLUBS FOUR HEARTS JACK,0.2944,0.0586,0.647
DIAMONDS JACK SPADES FOUR,0.3176,0.055,0.6274
DIAMONDS THREE SPADES FOUR,0.564,0.2002,0.2358
CLUBS FIVE CLUBS TWO,0.5602,0.0892,0.3506
SPADES KING HEARTS QUEEN,0.3762,0.0054,0.6184
CLUBS FIVE SPADES SIX,0.526,0.0932,0.3808
HEARTS KING HEARTS QUEEN,0.3298,0.0062,0.664
DIAMONDS ACE CLUBS QUEEN,0.3886,0.004,0.6074
CLUBS JACK SPADES FOUR,0.3162,0.0574,0.6264
HEARTS SIX CLUBS FOUR,0.5762,0.1938,0.23
HEARTS SIX HEARTS NINE,0.3348,0.0466,0.6186
DIAMONDS TWO SPADES THREE,0.59,0.0982,0.3118
SPADES KING HEARTS NINE,0.3826,0.0076,0.6098
SPADES NINE SPADES EIGHT,0.342,0.0344,0.6236
SPADES SEVEN CLUBS ACE,0.2954,0.0252,0.6794
SPADES JACK HEARTS TEN,0.3698,0.0146,0.6156
SPADES FIVE DIAMONDS FOUR,0.5666,0.1798,0.2536
SPADES QUEEN SPADES JACK,0.3544,0.0096,0.636
SPADES TEN SPADES THREE,0.427,0.024,0.549
HEARTS KING HEARTS JACK,0.3318,0.0106,0.6576
SPADES EIGHT DIAMONDS FIVE,0.3912,0.0612,0.5476
CLUBS SEVEN DIAMONDS SEVEN,0.1454,0.0968,0.7578
HEARTS TWO CLUBS QUEEN,0.453,0.0138,0.5332
CLUBS JACK HEARTS ACE,0.371,0.0034,0.6256
SPADES SIX DIAMONDS SIX,0.2924,0.1028,0.6048
SPADES KING SPADES FIVE,0.3934,0.0086,0.598
SPADES SEVEN CLUBS TWO,0.328,0.4734,0.1986
SPADES NINE HEARTS JACK,0.3462,0.0182,0.6356
SPADES FOUR CLUBS QUEEN,0.3084,0.042,0.6496
CLUBS NINE HEARTS KING,0.3676,0.0068,0.6256
SPADES KING HEARTS THREE,0.4438,0.0088,0.5474
SPADES TEN CLUBS KING,0.388,0.0076,0.6044
CLUBS NINE HEARTS NINE,0.1876,0.06,0.7524
DIAMONDS QUEEN DIAMONDS TEN,0.3618,0.012,0.6262
SPADES FOUR DIAMONDS NINE,0.3094,0.0996,0.591
HEARTS EIGHT DIAMONDS FOUR,0.263,0.1534,0.5836
HEARTS EIGHT SPADES SIX,0.371,0.0624,0.5666
HEARTS TWO DIAMONDS FIVE,0.5686,0.1056,0.3258
DIAMONDS JACK SPADES THREE,0.4512,0.0196,0.5292
SPADES KING SPADES SIX,0.3886,0.007,0.6044
CLUBS JACK HEARTS JACK,0.194,0.0448,0.7612
HEARTS FIVE CLUBS SEVEN,0.2442,0.442,0.3138
HEARTS FIVE HEARTS THREE,0.5542,0.1034,0.3424
DIAMONDS SEVEN CLUBS ACE,0.2964,0.03,0.6736
HEARTS TWO HEARTS TEN,0.4008,0.0256,0.5736
DIAMONDS THREE DIAMONDS TWO,0.5488,0.099,0.3522
DIAMONDS THREE CLUBS SEVEN,0.3062,0.4912,0.2026
HEARTS EIGHT DIAMONDS QUEEN,0.3714,0.0132,0.6154
CLUBS EIGHT CLUBS KING,0.3726,0.0058,0.6216
CLUBS SEVEN SPADES FOUR,0.0674,0.911,0.0216
HEARTS SIX DIAMONDS JACK,0.4182,0.0198,0.562
HEARTS TWO SPADES FIVE,0.5696,0.096,0.3344
SPADES THREE DIAMONDS SEVEN,0.3124,0.4838,0.2038
CLUBS EIGHT DIAMONDS FOUR,0.3016,0.1316,0.5668
CLUBS FOUR DIAMONDS FOUR,0.3124,0.0828,0.6048
HEARTS EIGHT CLUBS NINE,0.3636,0.0352,0.6012
HEARTS FIVE HEARTS QUEEN,0.3484,0.0178,0.6338
HEARTS FIVE DIAMONDS SEVEN,0.253,0.4406,0.3064
CLUBS FIVE SPADES TWO,0.5728,0.0996,0.3276
CLUBS JACK DIAMONDS QUEEN,0.38,0.0108,0.6092
DIAMONDS NINE HEARTS JACK,0.3494,0.0164,0.6342
CLUBS FIVE SPADES SEVEN,0.266,0.4252,0.3088
CLUBS FOUR CLUBS KING,0.3002,0.0288,0.671
DIAMONDS TEN DIAMONDS EIGHT,0.3518,0.0258,0.6224
DIAMONDS SEVEN DIAMONDS FIVE,0.2392,0.4238,0.337
SPADES ACE CLUBS FOUR,0.3014,0.0162,0.6824
CLUBS SIX HEARTS NINE,0.3792,0.044,0.5768
DIAMONDS QUEEN DIAMONDS FOUR,0.2896,0.0358,0.6746
SPADES JACK HEARTS THREE,0.44,0.0212,0.5388
HEARTS EIGHT SPADES FIVE,0.3864,0.0644,0.5492
DIAMONDS SEVEN DIAMONDS SIX,0.2438,0.3316,0.4246
HEARTS EIGHT DIAMONDS KING,0.3838,0.0074,0.6088
HEARTS EIGHT SPADES QUEEN,0.377,0.0112,0.6118
CLUBS EIGHT SPADES THREE,0.455,0.0624,0.4826
DIAMONDS TWO DIAMONDS ACE,0.4198,0.0052,0.575
CLUBS NINE SPADES TWO,0.4444,0.043,0.5126
HEARTS TWO HEARTS KING,0.4132,0.0096,0.5772
CLUBS FOUR DIAMONDS QUEEN,0.315,0.0418,0.6432
CLUBS JACK CLUBS TEN,0.3636,0.0146,0.6218
SPADES THREE HEARTS QUEEN,0.4292,0.014,0.5568
DIAMONDS ACE CLUBS TWO,0.4342,0.0044,0.5614
SPADES JACK SPADES TWO,0.4272,0.0234,0.5494
HEARTS FIVE DIAMONDS QUEEN,0.3938,0.012,0.5942
CLUBS TWO DIAMONDS EIGHT,0.44,0.0684,0.4916
SPADES EIGHT HEARTS NINE,0.3404,0.039,0.6206
CLUBS TEN HEARTS KING,0.374,0.007,0.619
HEARTS THREE DIAMONDS SIX,0.5692,0.1034,0.3274
HEARTS TWO CLUBS KING,0.4508,0.0086,0.5406
CLUBS TEN SPADES EIGHT,0.3694,0.0236,0.607
DIAMONDS TWO SPADES QUEEN,0.462,0.0156,0.5224
DIAMONDS THREE SPADES QUEEN,0.4502,0.0108,0.539
SPADES SIX HEARTS ACE,0.403,0.0038,0.5932
SPADES QUEEN DIAMONDS JACK,0.3794,0.011,0.6096
CLUBS TEN HEARTS TWO,0.4434,0.0298,0.5268
CLUBS TWO HEARTS KING,0.4576,0.0086,0.5338
HEARTS KING DIAMONDS SIX,0.4048,0.0072,0.588
HEARTS THREE SPADES SIX,0.561,0.1108,0.3282
CLUBS EIGHT HEARTS TWO,0.4538,0.0628,0.4834
SPADES JACK SPADES SEVEN,0.2816,0.0636,0.6548
SPADES KING SPADES THREE,0.4222,0.0096,0.5682
DIAMONDS QUEEN CLUBS KING,0.3824,0.0052,0.6124
CLUBS FIVE CLUBS ACE,0.3778,0.0062,0.616
SPADES FOUR CLUBS KING,0.3194,0.0266,0.654
HEARTS SIX HEARTS TWO,0.5882,0.0974,0.3144
SPADES SEVEN DIAMONDS TEN,0.2938,0.0744,0.6318
CLUBS THREE HEARTS ACE,0.4052,0.0062,0.5886
DIAMONDS TWO CLUBS FOUR,0.5954,0.1942,0.2104
CLUBS THREE HEARTS TEN,0.432,0.0266,0.5414
DIAMONDS JACK CLUBS TWO,0.4574,0.0194,0.5232
SPADES ACE HEARTS NINE,0.3764,0.0066,0.617
DIAMONDS ACE CLUBS ACE,0.1988,0.003,0.7982
DIAMONDS NINE HEARTS QUEEN,0.371,0.0104,0.6186
SPADES JACK SPADES FOUR,0.3046,0.0572,0.6382
HEARTS FIVE CLUBS QUEEN,0.3902,0.0144,0.5954
DIAMONDS QUEEN SPADES FOUR,0.3224,0.0394,0.6382
DIAMONDS THREE DIAMONDS SIX,0.5436,0.088,0.3684
CLUBS FOUR DIAMONDS SEVEN,0.0698,0.91,0.0202
CLUBS TEN CLUBS FIVE,0.4012,0.0258,0.573
SPADES QUEEN CLUBS KING,0.391,0.0054,0.6036
SPADES KING CLUBS SIX,0.403,0.0094,0.5876
SPADES SEVEN HEARTS NINE,0.2564,0.1076,0.636
DIAMONDS TWO HEARTS QUEEN,0.4352,0.0138,0.551
SPADES JACK CLUBS TWO,0.4608,0.0172,0.522
DIAMONDS THREE CLUBS ACE,0.4476,0.0056,0.5468
CLUBS THREE HEARTS KING,0.4416,0.0066,0.5518
CLUBS FIVE SPADES FIVE,0.2972,0.1034,0.5994
CLUBS TEN CLUBS EIGHT,0.3372,0.0252,0.6376
SPADES TEN SPADES FIVE,0.3898,0.0248,0.5854
SPADES TEN DIAMONDS FIVE,0.4218,0.0268,0.5514
CLUBS JACK DIAMONDS FIVE,0.4218,0.0176,0.5606
SPADES KING SPADES TEN,0.3668,0.007,0.6262
SPADES NINE CLUBS SIX,0.3858,0.0406,0.5736
CLUBS FOUR DIAMONDS TEN,0.305,0.0764,0.6186
DIAMONDS KING DIAMONDS NINE,0.3616,0.0068,0.6316
SPADES FIVE CLUBS KING,0.4168,0.0096,0.5736
CLUBS TEN SPADES FIVE,0.4156,0.0272,0.5572
SPADES NINE DIAMONDS QUEEN,0.3864,0.0098,0.6038
CLUBS NINE HEARTS FIVE,0.3998,0.0458,0.5544
CLUBS JACK SPADES JACK,0.2026,0.043,0.7544
HEARTS THREE SPADES TEN,0.4338,0.0308,0.5354
DIAMONDS QUEEN DIAMONDS FIVE,0.3726,0.0126,0.6148
SPADES QUEEN CLUBS NINE,0.3798,0.011,0.6092
SPADES SEVEN HEARTS ACE,0.2724,0.0254,0.7022
SPADES TWO HEARTS NINE,0.435,0.0478,0.5172
HEARTS EIGHT SPADES FOUR,0.286,0.1392,0.5748
HEARTS EIGHT DIAMONDS SIX,0.3724,0.0574,0.5702
SPADES JACK SPADES TEN,0.3454,0.0158,0.6388
SPADES NINE SPADES SEVEN,0.2714,0.0986,0.63
DIAMONDS KING DIAMONDS QUEEN,0.3714,0.0066,0.622
CLUBS JACK HEARTS KING,0.3768,0.0062,0.617
CLUBS JACK DIAMONDS SIX,0.4094,0.0206,0.57
DIAMONDS ACE DIAMONDS QUEEN,0.3748,0.0064,0.6188
SPADES TEN DIAMONDS NINE,0.3872,0.0252,0.5876
HEARTS EIGHT HEARTS FIVE,0.3308,0.0626,0.6066
DIAMONDS KING DIAMONDS FOUR,0.2874,0.0278,0.6848
CLUBS TWO HEARTS NINE,0.4258,0.046,0.5282
SPADES SIX DIAMONDS JACK,0.4184,0.0166,0.565
HEARTS EIGHT SPADES NINE,0.3508,0.0368,0.6124
CLUBS EIGHT SPADES SEVEN,0.274,0.1346,0.5914
CLUBS SIX DIAMONDS FIVE,0.5196,0.101,0.3794
HEARTS TWO DIAMONDS TEN,0.4482,0.029,0.5228
SPADES QUEEN DIAMONDS ACE,0.3848,0.0056,0.6096
DIAMONDS QUEEN SPADES SIX,0.4052,0.0144,0.5804
CLUBS TEN DIAMONDS TWO,0.4608,0.0264,0.5128
DIAMONDS KING DIAMONDS SEVEN,0.2964,0.038,0.6656
SPADES ACE DIAMONDS FIVE,0.4012,0.0062,0.5926
CLUBS JACK SPADES EIGHT,0.3852,0.0168,0.598
DIAMONDS KING HEARTS NINE,0.3764,0.0056,0.618
SPADES ACE DIAMONDS JACK,0.4056,0.0038,0.5906
SPADES NINE DIAMONDS ACE,0.3844,0.003,0.6126
SPADES TWO HEARTS TEN,0.4282,0.029,0.5428
SPADES KING DIAMONDS NINE,0.3962,0.0082,0.5956
CLUBS SEVEN SPADES SEVEN,0.142,0.1026,0.7554
SPADES THREE DIAMONDS FOUR,0.5754,0.1882,0.2364
SPADES JACK CLUBS THREE,0.4624,0.0154,0.5222
CLUBS EIGHT SPADES SIX,0.3876,0.065,0.5474
DIAMONDS ACE DIAMONDS KING,0.3652,0.0036,0.6312
SPADES TWO HEARTS QUEEN,0.4434,0.0148,0.5418
CLUBS JACK CLUBS QUEEN,0.347,0.0112,0.6418
CLUBS SEVEN DIAMONDS QUEEN,0.308,0.0428,0.6492
HEARTS KING CLUBS KING,0.1886,0.0194,0.792
SPADES NINE HEARTS TEN,0.355,0.024,0.621
CLUBS JACK DIAMONDS JACK,0.1934,0.0386,0.768
CLUBS SIX SPADES EIGHT,0.3836,0.0544,0.562
CLUBS FOUR SPADES FIVE,0.5542,0.189,0.2568
HEARTS QUEEN DIAMONDS SEVEN,0.2872,0.0476,0.6652
CLUBS SIX DIAMONDS JACK,0.415,0.0192,0.5658
DIAMONDS TWO CLUBS SIX,0.5924,0.0978,0.3098
CLUBS JACK HEARTS FIVE,0.3946,0.0148,0.5906
DIAMONDS ACE SPADES FOUR,0.3078,0.0172,0.675
HEARTS EIGHT DIAMONDS TEN,0.3524,0.0242,0.6234
DIAMONDS THREE SPADES KING,0.4564,0.0066,0.537
DIAMONDS ACE HEARTS QUEEN,0.3846,0.0052,0.6102
HEARTS SIX DIAMONDS KING,0.4002,0.009,0.5908
SPADES ACE SPADES KING,0.3774,0.0048,0.6178
SPADES EIGHT DIAMONDS FOUR,0.2874,0.1312,0.5814
CLUBS TWO CLUBS ACE,0.4136,0.0058,0.5806
HEARTS THREE DIAMONDS FIVE,0.5508,0.0946,0.3546
DIAMONDS TEN SPADES FOUR,0.3128,0.0678,0.6194
CLUBS SEVEN DIAMONDS TEN,0.3014,0.0704,0.6282
CLUBS JACK CLUBS TWO,0.4244,0.023,0.5526
SPADES ACE DIAMONDS FOUR,0.3048,0.0202,0.675
SPADES FOUR DIAMONDS SEVEN,0.0726,0.9064,0.021
CLUBS KING DIAMONDS FIVE,0.4092,0.0086,0.5822
HEARTS THREE HEARTS QUEEN,0.381,0.014,0.605
HEARTS EIGHT HEARTS SIX,0.3284,0.0612,0.6104
DIAMONDS JACK DIAMONDS FIVE,0.3812,0.022,0.5968
CLUBS SIX CLUBS FOUR,0.5428,0.1722,0.285
SPADES JACK SPADES NINE,0.3442,0.0178,0.638
HEARTS QUEEN HEARTS JACK,0.3346,0.0116,0.6538
CLUBS FIVE SPADES FOUR,0.5662,0.1808,0.253
DIAMONDS TEN SPADES THREE,0.4382,0.0284,0.5334
SPADES EIGHT CLUBS TWO,0.4404,0.0694,0.4902
CLUBS NINE SPADES FIVE,0.403,0.0408,0.5562
HEARTS EIGHT SPADES EIGHT,0.1788,0.0834,0.7378
HEARTS ACE HEARTS TEN,0.3202,0.0048,0.675
SPADES EIGHT SPADES SEVEN,0.2598,0.1332,0.607
CLUBS SIX SPADES SEVEN,0.2568,0.3494,0.3938
HEARTS SIX SPADES SEVEN,0.25,0.3572,0.3928
SPADES ACE DIAMONDS EIGHT,0.39,0.005,0.605
SPADES QUEEN SPADES TEN,0.3664,0.0098,0.6238
SPADES QUEEN HEARTS JACK,0.3786,0.0098,0.6116
CLUBS TEN HEARTS ACE,0.3572,0.0048,0.638
SPADES ACE DIAMONDS TEN,0.4004,0.0024,0.5972
SPADES KING DIAMONDS SEVEN,0.3104,0.04,0.6496
SPADES NINE HEARTS QUEEN,0.3708,0.0124,0.6168
CLUBS NINE DIAMONDS JACK,0.3814,0.0172,0.6014
SPADES ACE DIAMONDS KING,0.3874,0.0038,0.6088
CLUBS JACK HEARTS TWO,0.4446,0.0194,0.536
CLUBS TEN CLUBS FOUR,0.2926,0.0674,0.64
CLUBS JACK CLUBS NINE,0.3608,0.0144,0.6248
CLUBS FOUR HEARTS QUEEN,0.2952,0.0412,0.6636
SPADES ACE CLUBS THREE,0.4382,0.0062,0.5556
HEARTS SIX CLUBS FIVE,0.5214,0.0938,0.3848
SPADES FIVE DIAMONDS FIVE,0.2916,0.1082,0.6002
SPADES TEN CLUBS SIX,0.4176,0.0264,0.556
HEARTS THREE CLUBS THREE,0.3706,0.1318,0.4976
CLUBS SIX CLUBS QUEEN,0.3946,0.0112,0.5942
DIAMONDS THREE CLUBS FOUR,0.5668,0.1916,0.2416
CLUBS JACK SPADES FIVE,0.4208,0.0192,0.56
SPADES NINE CLUBS ACE,0.3806,0.0038,0.6156
SPADES QUEEN SPADES SIX,0.394,0.0122,0.5938
HEARTS EIGHT CLUBS ACE,0.377,0.0066,0.6164
CLUBS SEVEN CLUBS FIVE,0.244,0.4014,0.3546
HEARTS FIVE CLUBS TWO,0.5592,0.0966,0.3442
SPADES TEN DIAMONDS KING,0.3864,0.0066,0.607
SPADES TEN SPADES NINE,0.339,0.019,0.642
SPADES FOUR HEARTS TEN,0.286,0.0716,0.6424
HEARTS TWO HEARTS QUEEN,0.4,0.0138,0.5862
CLUBS ACE HEARTS JACK,0.3654,0.0068,0.6278
CLUBS THREE SPADES TWO,0.5894,0.0988,0.3118
DIAMONDS JACK HEARTS QUEEN,0.3604,0.0096,0.63
DIAMONDS THREE DIAMONDS KING,0.425,0.0096,0.5654
SPADES ACE CLUBS NINE,0.398,0.0038,0.5982
SPADES FOUR DIAMONDS SIX,0.5812,0.1846,0.2342
CLUBS TWO SPADES THREE,0.5894,0.1016,0.309
SPADES SIX HEARTS TEN,0.3934,0.03,0.5766
CLUBS SEVEN DIAMONDS KING,0.2922,0.0404,0.6674
DIAMONDS NINE CLUBS ACE,0.3858,0.0046,0.6096
CLUBS TEN SPADES SEVEN,0.3046,0.0812,0.6142
CLUBS NINE HEARTS QUEEN,0.3736,0.0112,0.6152
HEARTS TWO CLUBS TWO,0.3922,0.1226,0.4852
DIAMONDS TWO CLUBS NINE,0.4546,0.0408,0.5046
CLUBS SEVEN CLUBS THREE,0.295,0.4554,0.2496
DIAMONDS ACE HEARTS KING,0.3748,0.004,0.6212
DIAMONDS JACK DIAMONDS FOUR,0.2864,0.0492,0.6644
HEARTS SIX SPADES FOUR,0.5848,0.1916,0.2236
SPADES JACK HEARTS ACE,0.384,0.0052,0.6108
DIAMONDS SEVEN HEARTS JACK,0.292,0.0598,0.6482
HEARTS FIVE DIAMONDS FIVE,0.2816,0.1032,0.6152
SPADES ACE CLUBS JACK,0.3902,0.0042,0.6056
HEARTS THREE SPADES EIGHT,0.4236,0.0684,0.508
DIAMONDS JACK HEARTS TEN,0.3666,0.0152,0.6182
HEARTS TWO SPADES EIGHT,0.4506,0.0646,0.4848
DIAMONDS QUEEN DIAMONDS NINE,0.355,0.0146,0.6304
SPADES QUEEN HEARTS THREE,0.4452,0.016,0.5388
SPADES FOUR HEARTS KING,0.2938,0.0278,0.6784
SPADES SEVEN CLUBS QUEEN,0.3092,0.0426,0.6482
CLUBS EIGHT DIAMONDS NINE,0.362,0.039,0.599
DIAMONDS QUEEN CLUBS QUEEN,0.199,0.0256,0.7754
DIAMONDS TWO CLUBS SEVEN,0.3196,0.4744,0.206
SPADES EIGHT SPADES SIX,0.3552,0.0604,0.5844
SPADES SIX DIAMONDS EIGHT,0.3834,0.06,0.5566
DIAMONDS EIGHT HEARTS JACK,0.37,0.0186,0.6114
SPADES QUEEN SPADES NINE,0.356,0.015,0.629
HEARTS FIVE HEARTS TEN,0.3552,0.0312,0.6136
SPADES KING SPADES NINE,0.3676,0.0082,0.6242
HEARTS ACE DIAMONDS SEVEN,0.2856,0.0288,0.6856
HEARTS SIX HEARTS THREE,0.5714,0.0972,0.3314
HEARTS EIGHT HEARTS THREE,0.3998,0.0666,0.5336
HEARTS FIVE SPADES NINE,0.3902,0.0444,0.5654
SPADES JACK SPADES EIGHT,0.36,0.016,0.624
HEARTS ACE CLUBS ACE,0.1936,0.0068,0.7996
HEARTS SIX HEARTS JACK,0.3696,0.0202,0.6102
DIAMONDS THREE HEARTS NINE,0.4286,0.0436,0.5278
SPADES EIGHT HEARTS TEN,0.3542,0.0286,0.6172
CLUBS EIGHT CLUBS SIX,0.361,0.053,0.586
SPADES TEN CLUBS FIVE,0.4274,0.0264,0.5462
SPADES TEN CLUBS TWO,0.4494,0.0288,0.5218
SPADES SEVEN SPADES FIVE,0.257,0.397,0.346
SPADES TWO DIAMONDS FOUR,0.5836,0.2016,0.2148
DIAMONDS TWO CLUBS FIVE,0.567,0.0996,0.3334
DIAMONDS JACK DIAMONDS NINE,0.362,0.0148,0.6232
SPADES ACE HEARTS FIVE,0.3926,0.0054,0.602
CLUBS FOUR DIAMONDS EIGHT,0.2966,0.1338,0.5696
DIAMONDS THREE CLUBS SIX,0.5692,0.1014,0.3294
SPADES TEN DIAMONDS FOUR,0.316,0.0708,0.6132
SPADES ACE HEARTS JACK,0.3866,0.0046,0.6088
CLUBS SEVEN HEARTS TEN,0.2858,0.0828,0.6314
CLUBS SEVEN HEARTS TWO,0.317,0.4796,0.2034
HEARTS FIVE DIAMONDS ACE,0.3772,0.0056,0.6172
SPADES ACE DIAMONDS TWO,0.4414,0.0044,0.5542
DIAMONDS THREE DIAMONDS QUEEN,0.4198,0.0128,0.5674
SPADES JACK CLUBS SEVEN,0.3044,0.0648,0.6308
HEARTS EIGHT DIAMONDS FIVE,0.3588,0.0722,0.569
HEARTS TWO CLUBS FOUR,0.5698,0.1942,0.236
SPADES THREE DIAMONDS SIX,0.578,0.0922,0.3298
SPADES JACK DIAMONDS NINE,0.3768,0.016,0.6072
HEARTS THREE SPADES TWO,0.5838,0.1114,0.3048
CLUBS SEVEN SPADES NINE,0.2924,0.0982,0.6094
CLUBS TEN DIAMONDS NINE,0.3718,0.0234,0.6048
HEARTS TWO CLUBS SIX,0.5728,0.1004,0.3268
SPADES KING DIAMONDS SIX,0.4216,0.0084,0.57
HEARTS ACE DIAMONDS SIX,0.3912,0.0052,0.6036
DIAMONDS NINE DIAMONDS FIVE,0.3818,0.036,0.5822
HEARTS SIX HEARTS KING,0.363,0.0096,0.6274
DIAMONDS THREE HEARTS TWO,0.5836,0.1126,0.3038
CLUBS THREE CLUBS QUEEN,0.4134,0.0128,0.5738
HEARTS JACK HEARTS TEN,0.32,0.018,0.662
DIAMONDS TWO HEARTS TEN,0.4414,0.028,0.5306
HEARTS FIVE DIAMONDS TEN,0.3986,0.0258,0.5756
SPADES THREE HEARTS NINE,0.4222,0.0458,0.532
CLUBS FIVE DIAMONDS JACK,0.412,0.017,0.571
DIAMONDS THREE HEARTS KING,0.4322,0.0104,0.5574
DIAMONDS THREE HEARTS FIVE,0.5658,0.0944,0.3398
SPADES KING SPADES FOUR,0.3008,0.03,0.6692
SPADES TEN HEARTS JACK,0.3602,0.016,0.6238
DIAMONDS KING CLUBS FOUR,0.296,0.03,0.674
HEARTS FIVE CLUBS ACE,0.3978,0.0032,0.599
DIAMONDS KING HEARTS QUEEN,0.3756,0.0074,0.617
HEARTS FIVE HEARTS NINE,0.3596,0.0454,0.595
HEARTS THREE DIAMONDS EIGHT,0.4328,0.0664,0.5008
SPADES THREE HEARTS JACK,0.4304,0.0232,0.5464
CLUBS JACK DIAMONDS EIGHT,0.3766,0.0212,0.6022
CLUBS SEVEN SPADES FIVE,0.2648,0.426,0.3092
DIAMONDS ACE SPADES TWO,0.4448,0.006,0.5492
CLUBS SEVEN DIAMONDS FOUR,0.0814,0.895,0.0236
HEARTS EIGHT CLUBS FIVE,0.3788,0.0692,0.552
SPADES SIX SPADES TWO,0.5484,0.1014,0.3502
SPADES JACK HEARTS JACK,0.1832,0.042,0.7748
SPADES QUEEN DIAMONDS NINE,0.378,0.008,0.614
CLUBS EIGHT DIAMONDS QUEEN,0.3964,0.0076,0.596
CLUBS THREE CLUBS TWO,0.554,0.0914,0.3546
DIAMONDS THREE DIAMONDS FIVE,0.518,0.0938,0.3882
CLUBS FOUR DIAMONDS JACK,0.3098,0.0546,0.6356
SPADES NINE SPADES THREE,0.4042,0.0426,0.5532
SPADES NINE CLUBS QUEEN,0.3838,0.0106,0.6056
HEARTS QUEEN DIAMONDS SIX,0.4064,0.0102,0.5834
CLUBS TEN CLUBS TWO,0.4278,0.0306,0.5416
CLUBS NINE CLUBS SEVEN,0.2732,0.1032,0.6236
CLUBS JACK SPADES TEN,0.3778,0.0122,0.61
DIAMONDS TEN DIAMONDS FIVE,0.3874,0.0296,0.583
HEARTS THREE CLUBS FOUR,0.5578,0.2024,0.2398
CLUBS FOUR DIAMONDS FIVE,0.5504,0.1992,0.2504
SPADES QUEEN DIAMONDS EIGHT,0.3946,0.0116,0.5938
SPADES NINE SPADES FIVE,0.3654,0.0368,0.5978
CLUBS NINE SPADES FOUR,0.3006,0.0982,0.6012
SPADES ACE CLUBS FIVE,0.411,0.0044,0.5846
SPADES NINE HEARTS ACE,0.3838,0.0064,0.6098
DIAMONDS THREE CLUBS QUEEN,0.4302,0.011,0.5588
SPADES THREE HEARTS TEN,0.4314,0.0278,0.5408
SPADES ACE SPADES FOUR,0.2892,0.0174,0.6934
CLUBS EIGHT HEARTS ACE,0.3756,0.005,0.6194
CLUBS TEN CLUBS QUEEN,0.359,0.011,0.63
SPADES NINE DIAMONDS TEN,0.3564,0.0252,0.6184
SPADES JACK CLUBS QUEEN,0.3906,0.012,0.5974
CLUBS SEVEN DIAMONDS JACK,0.2974,0.0598,0.6428
CLUBS THREE DIAMONDS FIVE,0.5612,0.0938,0.345
SPADES QUEEN CLUBS QUEEN,0.1964,0.0244,0.7792
HEARTS FIVE SPADES FIVE,0.285,0.1122,0.6028
SPADES JACK HEARTS KING,0.3714,0.0074,0.6212
SPADES TEN CLUBS FOUR,0.3014,0.078,0.6206
SPADES EIGHT SPADES FOUR,0.2782,0.1296,0.5922
SPADES TEN HEARTS TEN,0.1918,0.0518,0.7564
CLUBS TWO HEARTS QUEEN,0.4326,0.0162,0.5512
SPADES FIVE HEARTS JACK,0.3876,0.0202,0.5922
SPADES QUEEN HEARTS ACE,0.3654,0.0066,0.628
DIAMONDS TWO CLUBS EIGHT,0.4518,0.0636,0.4846
CLUBS JACK DIAMONDS THREE,0.435,0.0204,0.5446
CLUBS SEVEN HEARTS KING,0.2792,0.0394,0.6814
CLUBS TEN DIAMONDS SIX,0.4008,0.0298,0.5694
HEARTS SIX CLUBS SIX,0.2846,0.1036,0.6118
HEARTS EIGHT SPADES THREE,0.4276,0.0688,0.5036
DIAMONDS SEVEN DIAMONDS FOUR,0.076,0.8438,0.0802
CLUBS NINE SPADES JACK,0.3962,0.0146,0.5892
CLUBS NINE CLUBS TWO,0.4136,0.0414,0.545
DIAMONDS ACE CLUBS THREE,0.443,0.0024,0.5546
SPADES ACE SPADES FIVE,0.3636,0.004,0.6324
CLUBS SEVEN SPADES THREE,0.3204,0.4732,0.2064
CLUBS SIX DIAMONDS ACE,0.4192,0.0044,0.5764
CLUBS TWO SPADES TWO,0.3944,0.1242,0.4814
SPADES JACK DIAMONDS KING,0.4006,0.0072,0.5922
SPADES ACE HEARTS TEN,0.3728,0.006,0.6212
SPADES EIGHT DIAMONDS KING,0.3996,0.0078,0.5926
SPADES NINE CLUBS THREE,0.4522,0.0452,0.5026
DIAMONDS TEN HEARTS JACK,0.3692,0.0142,0.6166
HEARTS THREE DIAMONDS TEN,0.452,0.0286,0.5194
CLUBS NINE CLUBS QUEEN,0.3478,0.0112,0.641
DIAMONDS SEVEN HEARTS NINE,0.2728,0.1102,0.617
HEARTS SIX DIAMONDS SEVEN,0.2596,0.3456,0.3948
HEARTS EIGHT SPADES KING,0.3738,0.0084,0.6178
HEARTS TEN CLUBS QUEEN,0.3794,0.0086,0.612
DIAMONDS THREE CLUBS NINE,0.4356,0.0416,0.5228
CLUBS JACK HEARTS QUEEN,0.3602,0.0104,0.6294
DIAMONDS THREE SPADES TWO,0.5854,0.1048,0.3098
SPADES JACK DIAMONDS JACK,0.2086,0.0452,0.7462
HEARTS JACK HEARTS NINE,0.3374,0.0168,0.6458
DIAMONDS JACK CLUBS ACE,0.393,0.004,0.603
SPADES SIX CLUBS ACE,0.4168,0.004,0.5792
SPADES ACE SPADES EIGHT,0.3706,0.0038,0.6256
SPADES TEN SPADES FOUR,0.2848,0.0752,0.64
CLUBS JACK SPADES NINE,0.3778,0.0154,0.6068
CLUBS JACK SPADES SEVEN,0.3158,0.0592,0.625
DIAMONDS ACE SPADES THREE,0.4318,0.0054,0.5628
CLUBS SEVEN CLUBS TWO,0.3192,0.4352,0.2456
CLUBS TEN CLUBS ACE,0.3634,0.0056,0.631
HEARTS EIGHT CLUBS TEN,0.3558,0.0248,0.6194
DIAMONDS ACE CLUBS FIVE,0.3992,0.0044,0.5964
CLUBS THREE DIAMONDS EIGHT,0.4312,0.072,0.4968
DIAMONDS JACK HEARTS NINE,0.3688,0.0158,0.6154
CLUBS JACK SPADES TWO,0.4518,0.0224,0.5258
SPADES ACE HEARTS EIGHT,0.374,0.0042,0.6218
CLUBS FOUR SPADES TWO,0.6012,0.1804,0.2184
CLUBS FIVE HEARTS QUEEN,0.3972,0.016,0.5868
SPADES KING HEARTS TWO,0.4464,0.0072,0.5464
SPADES THREE SPADES TWO,0.5592,0.099,0.3418
CLUBS ACE HEARTS NINE,0.3622,0.0032,0.6346
DIAMONDS THREE SPADES SEVEN,0.321,0.4788,0.2002
DIAMONDS JACK CLUBS QUEEN,0.3786,0.0084,0.613
HEARTS FIVE DIAMONDS EIGHT,0.3838,0.0716,0.5446
DIAMONDS TEN SPADES TWO,0.4508,0.0292,0.52
CLUBS EIGHT DIAMONDS TEN,0.3754,0.0272,0.5974
CLUBS JACK DIAMONDS TEN,0.3832,0.0144,0.6024
HEARTS EIGHT DIAMONDS NINE,0.3436,0.0344,0.622
CLUBS TEN SPADES NINE,0.3662,0.0236,0.6102
SPADES FIVE DIAMONDS NINE,0.4126,0.039,0.5484
CLUBS JACK HEARTS SIX,0.407,0.0206,0.5724
CLUBS SIX DIAMONDS FOUR,0.5762,0.1936,0.2302
HEARTS EIGHT HEARTS JACK,0.3292,0.02,0.6508
CLUBS FIVE CLUBS FOUR,0.5356,0.1796,0.2848
DIAMONDS ACE DIAMONDS FIVE,0.3688,0.0038,0.6274
HEARTS SIX CLUBS KING,0.4042,0.0068,0.589
DIAMONDS NINE SPADES THREE,0.4432,0.0378,0.519
HEARTS TWO SPADES SIX,0.584,0.0984,0.3176
DIAMONDS KING CLUBS ACE,0.395,0.0032,0.6018
DIAMONDS ACE DIAMONDS SEVEN,0.2796,0.027,0.6934
SPADES JACK CLUBS KING,0.3924,0.0064,0.6012
DIAMONDS EIGHT DIAMONDS FOUR,0.287,0.1308,0.5822
CLUBS NINE DIAMONDS SEVEN,0.287,0.103,0.61
CLUBS FOUR DIAMONDS NINE,0.3252,0.085,0.5898
DIAMONDS TEN HEARTS KING,0.3672,0.0068,0.626
SPADES SIX CLUBS KING,0.417,0.0076,0.5754
HEARTS EIGHT HEARTS TEN,0.3196,0.026,0.6544
SPADES ACE SPADES NINE,0.3658,0.005,0.6292
DIAMONDS SIX DIAMONDS FIVE,0.4916,0.0888,0.4196
DIAMONDS QUEEN DIAMONDS JACK,0.3692,0.0082,0.6226
CLUBS SIX DIAMONDS EIGHT,0.3852,0.0626,0.5522
CLUBS JACK CLUBS KING,0.3616,0.0088,0.6296
SPADES SEVEN DIAMONDS FOUR,0.0758,0.8998,0.0244
HEARTS FIVE SPADES TWO,0.5698,0.1046,0.3256
SPADES FIVE SPADES TWO,0.532,0.0922,0.3758
HEARTS TWO DIAMONDS QUEEN,0.455,0.0118,0.5332
DIAMONDS THREE HEARTS THREE,0.3698,0.1174,0.5128
DIAMONDS ACE SPADES FIVE,0.4146,0.0046,0.5808
DIAMONDS TWO DIAMONDS SEVEN,0.3102,0.4368,0.253
SPADES FOUR CLUBS ACE,0.3006,0.0206,0.6788
DIAMONDS ACE SPADES SIX,0.413,0.0058,0.5812
CLUBS TEN SPADES FOUR,0.3126,0.08,0.6074
CLUBS EIGHT HEARTS QUEEN,0.3744,0.0132,0.6124
SPADES NINE SPADES FOUR,0.289,0.0924,0.6186
HEARTS FIVE SPADES SIX,0.5168,0.0964,0.3868
CLUBS SIX DIAMONDS SEVEN,0.2694,0.3516,0.379
DIAMONDS TWO DIAMONDS JACK,0.423,0.0172,0.5598
SPADES KING CLUBS THREE,0.456,0.0094,0.5346
SPADES KING HEARTS ACE,0.3822,0.0048,0.613
SPADES TEN CLUBS SEVEN,0.3092,0.0698,0.621
CLUBS TEN HEARTS THREE,0.447,0.027,0.526
CLUBS FOUR DIAMONDS SIX,0.5886,0.1904,0.221
SPADES SEVEN SPADES THREE,0.3008,0.4642,0.235
DIAMONDS JACK DIAMONDS TEN,0.3536,0.0134,0.633
SPADES QUEEN DIAMONDS SEVEN,0.2982,0.0438,0.658
SPADES EIGHT CLUBS FIVE,0.4022,0.0644,0.5334
HEARTS EIGHT DIAMONDS TWO,0.4454,0.0632,0.4914
DIAMONDS KING DIAMONDS SIX,0.3948,0.0086,0.5966
SPADES SEVEN SPADES FOUR,0.0634,0.8674,0.0692
SPADES ACE HEARTS ACE,0.1818,0.006,0.8122
SPADES FIVE HEARTS TEN,0.395,0.03,0.575
HEARTS FIVE CLUBS EIGHT,0.395,0.0682,0.5368
CLUBS EIGHT CLUBS QUEEN,0.3788,0.0114,0.6098
SPADES TEN DIAMONDS TEN,0.2058,0.0554,0.7388
CLUBS NINE CLUBS ACE,0.363,0.0032,0.6338
DIAMONDS JACK CLUBS KING,0.3936,0.0078,0.5986
DIAMONDS TWO DIAMONDS TEN,0.4214,0.0266,0.552
DIAMONDS EIGHT DIAMONDS FIVE,0.3714,0.0614,0.5672
DIAMONDS KING SPADES TWO,0.4598,0.009,0.5312
CLUBS TEN DIAMONDS SEVEN,0.3078,0.076,0.6162
HEARTS FIVE CLUBS FOUR,0.5612,0.1882,0.2506
CLUBS THREE SPADES FIVE,0.565,0.109,0.326
CLUBS NINE SPADES THREE,0.4272,0.0456,0.5272
DIAMONDS TEN HEARTS ACE,0.365,0.0048,0.6302
HEARTS EIGHT CLUBS SEVEN,0.269,0.15,0.581
HEARTS EIGHT CLUBS THREE,0.4148,0.0716,0.5136
DIAMONDS THREE CLUBS TWO,0.5944,0.0952,0.3104
HEARTS JACK DIAMONDS SIX,0.413,0.018,0.569
SPADES TWO DIAMONDS FIVE,0.571,0.0974,0.3316
HEARTS KING SPADES TWO,0.4482,0.0116,0.5402
CLUBS SEVEN HEARTS QUEEN,0.282,0.0554,0.6626
HEARTS EIGHT HEARTS ACE,0.3342,0.007,0.6588
CLUBS EIGHT SPADES TWO,0.4346,0.0644,0.501
CLUBS SIX CLUBS ACE,0.3914,0.0054,0.6032
CLUBS SEVEN HEARTS ACE,0.2834,0.0228,0.6938
SPADES JACK CLUBS EIGHT,0.3868,0.0192,0.594
SPADES TEN SPADES TWO,0.4274,0.0272,0.5454
SPADES TEN DIAMONDS QUEEN,0.3852,0.0106,0.6042
SPADES JACK SPADES THREE,0.4176,0.0196,0.5628
CLUBS EIGHT CLUBS FOUR,0.2684,0.1298,0.6018
SPADES FOUR HEARTS QUEEN,0.295,0.0428,0.6622
SPADES KING CLUBS KING,0.2022,0.015,0.7828
HEARTS TWO SPADES SEVEN,0.3242,0.4736,0.2022
DIAMONDS JACK HEARTS KING,0.3712,0.0074,0.6214
HEARTS SIX CLUBS TWO,0.579,0.0996,0.3214
CLUBS SIX HEARTS ACE,0.3916,0.0042,0.6042
DIAMONDS TWO SPADES TEN,0.4628,0.028,0.5092
CLUBS TEN DIAMONDS EIGHT,0.3778,0.0196,0.6026
HEARTS THREE SPADES THREE,0.3928,0.114,0.4932
HEARTS EIGHT CLUBS TWO,0.4302,0.0734,0.4964
DIAMONDS QUEEN SPADES THREE,0.436,0.0152,0.5488
CLUBS FIVE DIAMONDS TEN,0.415,0.0268,0.5582
SPADES JACK HEARTS TWO,0.4536,0.017,0.5294
SPADES SIX DIAMONDS SEVEN,0.2706,0.3486,0.3808
SPADES QUEEN HEARTS TEN,0.3708,0.0138,0.6154
SPADES KING DIAMONDS FOUR,0.3236,0.0284,0.648
CLUBS EIGHT SPADES EIGHT,0.1934,0.08,0.7266
SPADES SIX HEARTS NINE,0.379,0.0444,0.5766
DIAMONDS TWO SPADES NINE,0.45,0.042,0.508
HEARTS THREE SPADES FIVE,0.5436,0.0986,0.3578
SPADES ACE CLUBS SEVEN,0.3028,0.0272,0.67
CLUBS THREE DIAMONDS TEN,0.4366,0.0284,0.535
SPADES EIGHT HEARTS QUEEN,0.38,0.0128,0.6072
SPADES ACE CLUBS ACE,0.2006,0.004,0.7954
DIAMONDS KING HEARTS ACE,0.3714,0.0052,0.6234
DIAMONDS THREE CLUBS KING,0.4512,0.0072,0.5416
SPADES KING DIAMONDS TEN,0.3924,0.0066,0.601
HEARTS EIGHT SPADES JACK,0.3792,0.0194,0.6014
CLUBS THREE HEARTS JACK,0.4262,0.02,0.5538
DIAMONDS QUEEN DIAMONDS EIGHT,0.3618,0.0116,0.6266
DIAMONDS QUEEN HEARTS QUEEN,0.1862,0.0286,0.7852
SPADES FIVE SPADES FOUR,0.5222,0.1814,0.2964
SPADES QUEEN CLUBS SEVEN,0.2948,0.0416,0.6636
CLUBS SIX DIAMONDS SIX,0.3016,0.0988,0.5996
SPADES TEN DIAMONDS JACK,0.3764,0.0102,0.6134
DIAMONDS QUEEN CLUBS ACE,0.3918,0.003,0.6052
CLUBS EIGHT HEARTS KING,0.3848,0.007,0.6082
HEARTS ACE DIAMONDS EIGHT,0.3762,0.0048,0.619
CLUBS FIVE HEARTS JACK,0.4062,0.0176,0.5762
HEARTS JACK CLUBS KING,0.3584,0.0082,0.6334
SPADES NINE HEARTS KING,0.3794,0.0064,0.6142
SPADES KING DIAMONDS ACE,0.4124,0.0048,0.5828
SPADES SIX CLUBS TWO,0.5818,0.097,0.3212
HEARTS THREE HEARTS TWO,0.5794,0.104,0.3166
DIAMONDS TWO DIAMONDS FIVE,0.5442,0.0998,0.356
HEARTS QUEEN CLUBS QUEEN,0.1848,0.034,0.7812
CLUBS SIX DIAMONDS NINE,0.3828,0.0424,0.5748
CLUBS SEVEN HEARTS NINE,0.2728,0.1146,0.6126
DIAMONDS TWO HEARTS ACE,0.4306,0.0056,0.5638
HEARTS SIX DIAMONDS SIX,0.2718,0.1026,0.6256
HEARTS SIX SPADES THREE,0.5748,0.0982,0.327
CLUBS NINE CLUBS THREE,0.4132,0.0436,0.5432
SPADES JACK DIAMONDS SEVEN,0.298,0.0594,0.6426
CLUBS TEN SPADES TWO,0.455,0.0264,0.5186
DIAMONDS KING CLUBS QUEEN,0.3794,0.0072,0.6134
CLUBS JACK SPADES SIX,0.4182,0.0194,0.5624
CLUBS NINE DIAMONDS TEN,0.3666,0.0238,0.6096
HEARTS NINE DIAMONDS FOUR,0.2948,0.1074,0.5978
SPADES KING CLUBS QUEEN,0.4012,0.0078,0.591
SPADES NINE CLUBS KING,0.3826,0.0102,0.6072
DIAMONDS TWO CLUBS THREE,0.5936,0.1084,0.298
CLUBS THREE DIAMONDS NINE,0.4538,0.0408,0.5054
SPADES KING CLUBS NINE,0.3936,0.005,0.6014
DIAMONDS THREE HEARTS JACK,0.4474,0.0226,0.53
DIAMONDS TEN CLUBS ACE,0.3898,0.0042,0.606
HEARTS ACE DIAMONDS FOUR,0.297,0.023,0.68
CLUBS TWO CLUBS KING,0.4254,0.008,0.5666
SPADES SEVEN SPADES SIX,0.2562,0.323,0.4208
HEARTS SIX HEARTS TEN,0.3542,0.027,0.6188
CLUBS SIX CLUBS KING,0.3864,0.0072,0.6064
CLUBS EIGHT SPADES TEN,0.3842,0.025,0.5908
HEARTS THREE DIAMONDS SEVEN,0.3008,0.4846,0.2146
SPADES ACE CLUBS KING,0.403,0.0038,0.5932
CLUBS QUEEN DIAMONDS FOUR,0.3212,0.0378,0.641
SPADES FOUR HEARTS ACE,0.2846,0.0184,0.697
CLUBS ACE DIAMONDS FOUR,0.3172,0.0166,0.6662
SPADES SEVEN CLUBS THREE,0.3348,0.4782,0.187
HEARTS THREE DIAMONDS QUEEN,0.442,0.0114,0.5466
HEARTS THREE SPADES NINE,0.4432,0.0378,0.519
SPADES KING CLUBS EIGHT,0.3886,0.007,0.6044
DIAMONDS TWO SPADES FOUR,0.5742,0.2024,0.2234
SPADES SEVEN DIAMONDS NINE,0.2784,0.102,0.6196
SPADES SEVEN DIAMONDS SEVEN,0.149,0.09,0.761
HEARTS EIGHT CLUBS EIGHT,0.1818,0.0806,0.7376
SPADES KING HEARTS TEN,0.376,0.0072,0.6168
HEARTS THREE DIAMONDS ACE,0.4334,0.0068,0.5598
SPADES SEVEN DIAMONDS QUEEN,0.3056,0.0474,0.647
SPADES SEVEN HEARTS QUEEN,0.2838,0.0462,0.67
SPADES THREE CLUBS KING,0.4358,0.0094,0.5548
CLUBS SIX CLUBS FIVE,0.496,0.0894,0.4146
CLUBS JACK DIAMONDS SEVEN,0.2982,0.0592,0.6426
CLUBS EIGHT DIAMONDS SIX,0.3844,0.061,0.5546
SPADES TWO DIAMONDS SIX,0.5912,0.0948,0.314
DIAMONDS TWO CLUBS TWO,0.4046,0.1174,0.478
CLUBS NINE CLUBS EIGHT,0.3364,0.038,0.6256
DIAMONDS EIGHT CLUBS ACE,0.3902,0.003,0.6068
DIAMONDS JACK DIAMONDS SIX,0.3902,0.0144,0.5954
SPADES ACE HEARTS KING,0.3612,0.0046,0.6342
SPADES TEN CLUBS THREE,0.446,0.0244,0.5296
CLUBS SEVEN SPADES EIGHT,0.2734,0.1312,0.5954
HEARTS THREE CLUBS SIX,0.5654,0.1036,0.331
HEARTS FIVE SPADES EIGHT,0.4006,0.0654,0.534
SPADES FOUR DIAMONDS FIVE,0.5546,0.1852,0.2602
HEARTS EIGHT DIAMONDS THREE,0.4408,0.066,0.4932
SPADES EIGHT HEARTS KING,0.3774,0.007,0.6156
HEARTS SIX SPADES EIGHT,0.3758,0.0608,0.5634
DIAMONDS KING SPADES THREE,0.4446,0.0078,0.5476
CLUBS SEVEN CLUBS SIX,0.2558,0.3194,0.4248
CLUBS NINE SPADES SEVEN,0.2878,0.1058,0.6064
DIAMONDS NINE DIAMONDS FOUR,0.2906,0.095,0.6144
DIAMONDS ACE SPADES SEVEN,0.2924,0.026,0.6816
HEARTS ACE HEARTS KING,0.3316,0.007,0.6614
CLUBS SIX SPADES TWO,0.5862,0.0932,0.3206
DIAMONDS TWO HEARTS THREE,0.5882,0.1016,0.3102
CLUBS TEN HEARTS NINE,0.3644,0.0214,0.6142
SPADES QUEEN CLUBS FIVE,0.3996,0.012,0.5884
DIAMONDS ACE HEARTS NINE,0.376,0.0056,0.6184
CLUBS JACK SPADES KING,0.3828,0.0056,0.6116
DIAMONDS KING HEARTS TEN,0.3762,0.0048,0.619
DIAMONDS TEN CLUBS QUEEN,0.387,0.0112,0.6018
CLUBS EIGHT CLUBS FIVE,0.3644,0.0546,0.581
HEARTS SIX CLUBS NINE,0.3844,0.0422,0.5734
CLUBS FOUR HEARTS TEN,0.3028,0.0778,0.6194
CLUBS NINE CLUBS KING,0.3624,0.0058,0.6318
SPADES JACK CLUBS FIVE,0.4082,0.0172,0.5746
CLUBS TWO SPADES FOUR,0.5944,0.1884,0.2172
DIAMONDS TEN HEARTS QUEEN,0.3716,0.0094,0.619
DIAMONDS JACK HEARTS JACK,0.1916,0.0416,0.7668
CLUBS TEN HEARTS JACK,0.369,0.0144,0.6166
HEARTS EIGHT HEARTS NINE,0.3068,0.0414,0.6518
DIAMONDS KING HEARTS KING,0.1942,0.0158,0.79
DIAMONDS TWO DIAMONDS FOUR,0.5442,0.1866,0.2692
SPADES ACE DIAMONDS THREE,0.4418,0.0046,0.5536
SPADES JACK DIAMONDS ACE,0.3866,0.0042,0.6092
CLUBS EIGHT DIAMONDS EIGHT,0.2024,0.077,0.7206
CLUBS NINE HEARTS ACE,0.363,0.0046,0.6324
HEARTS THREE DIAMONDS KING,0.4346,0.0078,0.5576
DIAMONDS TWO HEARTS TWO,0.4002,0.115,0.4848
HEARTS TWO SPADES FOUR,0.569,0.1902,0.2408
CLUBS TEN SPADES THREE,0.4448,0.0304,0.5248
CLUBS NINE CLUBS FIVE,0.375,0.041,0.584
DIAMONDS SEVEN CLUBS QUEEN,0.3006,0.0394,0.66
SPADES FIVE CLUBS ACE,0.4068,0.0038,0.5894
HEARTS EIGHT HEARTS TWO,0.386,0.0672,0.5468
HEARTS FIVE HEARTS TWO,0.5702,0.0978,0.332
CLUBS EIGHT CLUBS ACE,0.3728,0.0034,0.6238
SPADES ACE CLUBS TEN,0.3778,0.0062,0.616
DIAMONDS ACE DIAMONDS FOUR,0.3028,0.0172,0.68
CLUBS JACK HEARTS THREE,0.4466,0.02,0.5334
HEARTS ACE DIAMONDS NINE,0.365,0.0044,0.6306
DIAMONDS EIGHT HEARTS TEN,0.3654,0.027,0.6076
CLUBS JACK CLUBS FIVE,0.3842,0.0188,0.597
SPADES EIGHT CLUBS QUEEN,0.3928,0.011,0.5962
DIAMONDS KING CLUBS THREE,0.452,0.0078,0.5402
SPADES QUEEN DIAMONDS FOUR,0.322,0.041,0.637
SPADES EIGHT CLUBS ACE,0.3934,0.0034,0.6032
HEARTS FIVE CLUBS FIVE,0.2844,0.1048,0.6108
SPADES ACE DIAMONDS SIX,0.4092,0.003,0.5878
CLUBS EIGHT CLUBS SEVEN,0.2588,0.1286,0.6126
HEARTS KING DIAMONDS SEVEN,0.2934,0.0348,0.6718
DIAMONDS ACE DIAMONDS NINE,0.3638,0.004,0.6322
SPADES EIGHT DIAMONDS QUEEN,0.3888,0.0102,0.601
HEARTS SIX HEARTS ACE,0.3772,0.0048,0.618
SPADES QUEEN DIAMONDS QUEEN,0.2112,0.0256,0.7632
SPADES QUEEN DIAMONDS SIX,0.4166,0.0114,0.572
SPADES FIVE HEARTS KING,0.3936,0.0072,0.5992
SPADES EIGHT HEARTS ACE,0.3768,0.0066,0.6166
CLUBS FOUR HEARTS NINE,0.2972,0.1,0.6028
SPADES THREE HEARTS KING,0.4312,0.0104,0.5584
DIAMONDS SIX CLUBS KING,0.4214,0.007,0.5716
HEARTS FIVE DIAMONDS JACK,0.4016,0.0212,0.5772
CLUBS NINE SPADES SIX,0.3958,0.043,0.5612
HEARTS SIX HEARTS QUEEN,0.3526,0.0122,0.6352
CLUBS FIVE HEARTS ACE,0.4004,0.0046,0.595
CLUBS JACK DIAMONDS NINE,0.3792,0.015,0.6058
DIAMONDS TWO DIAMONDS EIGHT,0.4162,0.067,0.5168
SPADES FIVE HEARTS NINE,0.3828,0.0462,0.571
CLUBS TEN DIAMONDS QUEEN,0.3874,0.0108,0.6018
HEARTS THREE DIAMONDS JACK,0.426,0.0204,0.5536
CLUBS THREE HEARTS NINE,0.4212,0.0474,0.5314
CLUBS NINE SPADES TEN,0.3678,0.024,0.6082
DIAMONDS KING HEARTS JACK,0.3732,0.0074,0.6194
SPADES SIX HEARTS KING,0.403,0.0082,0.5888
DIAMONDS EIGHT HEARTS NINE,0.3488,0.0386,0.6126
CLUBS EIGHT DIAMONDS KING,0.3938,0.0066,0.5996
HEARTS EIGHT CLUBS FOUR,0.28,0.1424,0.5776
CLUBS ACE CLUBS KING,0.3682,0.0042,0.6276
SPADES QUEEN SPADES FIVE,0.3972,0.0126,0.5902
DIAMONDS QUEEN SPADES TWO,0.4562,0.0138,0.53
CLUBS EIGHT DIAMONDS JACK,0.39,0.0158,0.5942
SPADES KING CLUBS FIVE,0.41,0.0096,0.5804
DIAMONDS THREE SPADES FIVE,0.5466,0.106,0.3474
SPADES NINE SPADES SIX,0.3802,0.0434,0.5764
HEARTS TWO HEARTS JACK,0.4008,0.0234,0.5758
CLUBS FIVE SPADES THREE,0.5656,0.0932,0.3412
DIAMONDS TEN DIAMONDS NINE,0.346,0.0238,0.6302
CLUBS SIX SPADES FOUR,0.5866,0.1824,0.231
SPADES SIX SPADES FIVE,0.4906,0.0796,0.4298
SPADES FOUR SPADES THREE,0.537,0.1792,0.2838
DIAMONDS KING CLUBS KING,0.1978,0.0156,0.7866
CLUBS FIVE CLUBS KING,0.391,0.0076,0.6014
HEARTS QUEEN DIAMONDS FIVE,0.393,0.016,0.591
HEARTS THREE HEARTS NINE,0.393,0.0452,0.5618
SPADES NINE DIAMONDS FOUR,0.312,0.0998,0.5882
CLUBS TEN SPADES SIX,0.4022,0.0264,0.5714
SPADES SEVEN HEARTS JACK,0.285,0.0618,0.6532
HEARTS FIVE SPADES THREE,0.553,0.1,0.347
SPADES QUEEN DIAMONDS TEN,0.3986,0.0088,0.5926
CLUBS KING DIAMONDS FOUR,0.3182,0.0276,0.6542
SPADES TWO CLUBS QUEEN,0.4592,0.0122,0.5286
SPADES SEVEN DIAMONDS FIVE,0.2594,0.4336,0.307
HEARTS TWO SPADES NINE,0.438,0.045,0.517
SPADES SEVEN DIAMONDS JACK,0.2958,0.061,0.6432
CLUBS SIX HEARTS QUEEN,0.4056,0.0114,0.583
CLUBS TWO DIAMONDS NINE,0.4422,0.0406,0.5172
DIAMONDS TWO DIAMONDS KING,0.44,0.0098,0.5502
CLUBS EIGHT CLUBS THREE,0.4128,0.0522,0.535
SPADES ACE HEARTS SIX,0.4018,0.004,0.5942
SPADES FOUR DIAMONDS FOUR,0.3192,0.0854,0.5954
DIAMONDS TWO HEARTS JACK,0.4332,0.0194,0.5474
CLUBS JACK DIAMONDS ACE,0.3976,0.0048,0.5976
SPADES TWO CLUBS ACE,0.447,0.0052,0.5478
SPADES FIVE CLUBS TWO,0.5702,0.099,0.3308
DIAMONDS KING SPADES FOUR,0.3032,0.031,0.6658
SPADES JACK DIAMONDS FIVE,0.4106,0.0164,0.573
CLUBS NINE DIAMONDS EIGHT,0.3646,0.0404,0.595
CLUBS FOUR CLUBS TWO,0.5462,0.187,0.2668
DIAMONDS EIGHT CLUBS QUEEN,0.3842,0.0118,0.604
CLUBS TEN CLUBS THREE,0.4118,0.026,0.5622
DIAMONDS TEN CLUBS KING,0.3894,0.007,0.6036
DIAMONDS QUEEN HEARTS KING,0.3842,0.0056,0.6102
SPADES ACE SPADES SIX,0.3954,0.0054,0.5992
HEARTS TWO CLUBS THREE,0.5944,0.1058,0.2998
HEARTS FIVE DIAMONDS NINE,0.398,0.0382,0.5638
SPADES JACK CLUBS ACE,0.3736,0.0034,0.623
SPADES EIGHT SPADES FIVE,0.3684,0.0598,0.5718
SPADES SEVEN CLUBS FOUR,0.0676,0.9092,0.0232
HEARTS TWO SPADES THREE,0.5944,0.099,0.3066
SPADES QUEEN SPADES THREE,0.4102,0.0142,0.5756
CLUBS TWO DIAMONDS TEN,0.4532,0.0286,0.5182
CLUBS JACK CLUBS FOUR,0.2958,0.0476,0.6566
HEARTS SIX CLUBS QUEEN,0.3928,0.0146,0.5926
SPADES FOUR HEARTS NINE,0.295,0.1098,0.5952
CLUBS TEN HEARTS TEN,0.1948,0.056,0.7492
DIAMONDS ACE DIAMONDS EIGHT,0.3574,0.0044,0.6382
HEARTS THREE CLUBS FIVE,0.551,0.1014,0.3476
CLUBS FOUR HEARTS KING,0.2948,0.029,0.6762
HEARTS TWO DIAMONDS SIX,0.5706,0.0984,0.331
CLUBS TEN DIAMONDS TEN,0.2082,0.0492,0.7426
CLUBS FIVE DIAMONDS SEVEN,0.2684,0.4208,0.3108
SPADES KING CLUBS ACE,0.3984,0.0038,0.5978
DIAMONDS THREE DIAMONDS ACE,0.4106,0.0032,0.5862
DIAMONDS TWO HEARTS NINE,0.4338,0.0486,0.5176
CLUBS NINE HEARTS THREE,0.4316,0.041,0.5274
CLUBS JACK CLUBS SEVEN,0.2818,0.0598,0.6584
HEARTS FIVE CLUBS THREE,0.5722,0.0948,0.333
CLUBS FOUR CLUBS QUEEN,0.2844,0.0356,0.68
CLUBS NINE CLUBS SIX,0.3746,0.0388,0.5866
HEARTS QUEEN CLUBS KING,0.382,0.0072,0.6108
HEARTS FIVE CLUBS KING,0.4076,0.0094,0.583
DIAMONDS THREE HEARTS ACE,0.4184,0.0074,0.5742
DIAMONDS QUEEN SPADES FIVE,0.417,0.0116,0.5714
SPADES THREE CLUBS ACE,0.4274,0.0068,0.5658
DIAMONDS ACE DIAMONDS TEN,0.374,0.0048,0.6212
DIAMONDS THREE DIAMONDS FOUR,0.5342,0.1856,0.2802
SPADES NINE DIAMONDS JACK,0.3828,0.0184,0.5988
HEARTS SIX DIAMONDS TEN,0.402,0.0254,0.5726
SPADES EIGHT CLUBS FOUR,0.2946,0.1374,0.568
DIAMONDS TWO SPADES SEVEN,0.3294,0.4772,0.1934
DIAMONDS QUEEN HEARTS ACE,0.3628,0.003,0.6342
DIAMONDS QUEEN HEARTS NINE,0.3668,0.0126,0.6206
CLUBS TWO DIAMONDS SIX,0.5786,0.0982,0.3232
CLUBS SEVEN CLUBS KING,0.2678,0.0382,0.694
CLUBS JACK CLUBS THREE,0.4212,0.0206,0.5582
DIAMONDS THREE SPADES THREE,0.3998,0.1068,0.4934
CLUBS JACK HEARTS EIGHT,0.3762,0.0152,0.6086
SPADES EIGHT DIAMONDS SEVEN,0.291,0.1306,0.5784
CLUBS EIGHT DIAMONDS FIVE,0.3844,0.0646,0.551
DIAMONDS KING CLUBS TWO,0.4564,0.0118,0.5318
HEARTS SIX DIAMONDS ACE,0.4036,0.0036,0.5928
CLUBS NINE DIAMONDS NINE,0.1904,0.075,0.7346
SPADES NINE SPADES TWO,0.4082,0.0396,0.5522
CLUBS JACK HEARTS NINE,0.3728,0.0176,0.6096
CLUBS THREE CLUBS ACE,0.406,0.0068,0.5872
HEARTS THREE CLUBS QUEEN,0.4286,0.0142,0.5572
HEARTS TWO DIAMONDS NINE,0.4486,0.0474,0.504
DIAMONDS EIGHT DIAMONDS SEVEN,0.2576,0.136,0.6064
SPADES FIVE SPADES THREE,0.5338,0.0936,0.3726
DIAMONDS TEN HEARTS NINE,0.3524,0.0288,0.6188
HEARTS KING HEARTS NINE,0.3296,0.008,0.6624
DIAMONDS QUEEN HEARTS TEN,0.376,0.0114,0.6126
SPADES KING SPADES JACK,0.3628,0.0074,0.6298
