opposingHand,winningChance,drawChance,lostChance
HEARTS FOUR DIAMONDS SIX
SPADES QUEEN SPADES FIVE,0.3532,0.0124,0.6344
HEARTS THREE SPADES EIGHT,0.3914,0.0618,0.5468
SPADES KING DIAMONDS FIVE,0.3718,0.0094,0.6188
CLUBS NINE SPADES NINE,0.179,0.0706,0.7504
CLUBS THREE DIAMONDS FOUR,0.491,0.2694,0.2396
SPADES ACE SPADES QUEEN,0.3524,0.0032,0.6444
HEARTS ACE CLUBS ACE,0.1634,0.0034,0.8332
SPADES ACE HEARTS ACE,0.1676,0.0034,0.829
SPADES JACK SPADES THREE,0.3826,0.0192,0.5982
HEARTS TWO SPADES TWO,0.3764,0.1354,0.4882
CLUBS FOUR DIAMONDS SEVEN,0.2318,0.199,0.5692
CLUBS EIGHT HEARTS JACK,0.3522,0.0174,0.6304
HEARTS KING CLUBS ACE,0.363,0.0038,0.6332
HEARTS TWO HEARTS ACE,0.3776,0.0052,0.6172
SPADES ACE HEARTS THREE,0.4012,0.0046,0.5942
DIAMONDS TWO SPADES SIX,0.2994,0.492,0.2086
CLUBS JACK CLUBS KING,0.3298,0.007,0.6632
SPADES QUEEN SPADES THREE,0.3796,0.0112,0.6092
DIAMONDS KING HEARTS ACE,0.355,0.0042,0.6408
HEARTS SEVEN SPADES JACK,0.3678,0.0188,0.6134
SPADES FIVE HEARTS JACK,0.3772,0.0196,0.6032
CLUBS FOUR HEARTS JACK,0.2758,0.0518,0.6724
HEARTS EIGHT DIAMONDS KING,0.3494,0.0092,0.6414
CLUBS JACK HEARTS JACK,0.1662,0.0454,0.7884
DIAMONDS KING SPADES FOUR,0.2816,0.033,0.6854
HEARTS FIVE HEARTS ACE,0.3494,0.0046,0.646
HEARTS ACE DIAMONDS NINE,0.3468,0.005,0.6482
SPADES ACE DIAMONDS NINE,0.3462,0.0046,0.6492
SPADES ACE DIAMONDS TWO,0.4162,0.0056,0.5782
HEARTS EIGHT SPADES KING,0.3552,0.0068,0.638
SPADES NINE SPADES THREE,0.3916,0.0412,0.5672
HEARTS SEVEN CLUBS SIX,0.2342,0.1984,0.5674
CLUBS SEVEN DIAMONDS QUEEN,0.3644,0.0112,0.6244
CLUBS TWO CLUBS KING,0.3918,0.0088,0.5994
CLUBS FIVE DIAMONDS FIVE,0.2506,0.1284,0.621
CLUBS FIVE HEARTS TEN,0.3922,0.0282,0.5796
HEARTS SIX SPADES TWO,0.29,0.4976,0.2124
SPADES SEVEN SPADES FIVE,0.3314,0.0928,0.5758
SPADES KING CLUBS FOUR,0.2776,0.03,0.6924
CLUBS SIX SPADES THREE,0.2776,0.504,0.2184
SPADES SIX DIAMONDS FIVE,0.2196,0.4576,0.3228
DIAMONDS TEN HEARTS QUEEN,0.345,0.0108,0.6442
CLUBS KING HEARTS NINE,0.3608,0.008,0.6312
HEARTS THREE HEARTS ACE,0.3802,0.0044,0.6154
DIAMONDS THREE HEARTS SEVEN,0.3874,0.1066,0.506
HEARTS SEVEN HEARTS TWO,0.409,0.102,0.489
SPADES NINE DIAMONDS EIGHT,0.3286,0.0428,0.6286
DIAMONDS QUEEN SPADES THREE,0.402,0.0132,0.5848
CLUBS EIGHT HEARTS QUEEN,0.3636,0.0128,0.6236
SPADES SEVEN HEARTS JACK,0.3554,0.0162,0.6284
HEARTS SIX HEARTS TEN,0.2584,0.08,0.6616
HEARTS FIVE CLUBS TWO,0.5066,0.1602,0.3332
HEARTS FIVE HEARTS TWO,0.4808,0.1564,0.3628
SPADES FIVE DIAMONDS SEVEN,0.3502,0.1062,0.5436
SPADES SIX DIAMONDS TEN,0.2712,0.075,0.6538
SPADES NINE HEARTS TWO,0.438,0.051,0.511
CLUBS SEVEN DIAMONDS JACK,0.3596,0.0196,0.6208
DIAMONDS THREE HEARTS SIX,0.2732,0.5236,0.2032
DIAMONDS THREE SPADES KING,0.4272,0.0108,0.562
HEARTS THREE CLUBS ACE,0.4012,0.0052,0.5936
HEARTS SEVEN DIAMONDS EIGHT,0.3226,0.0672,0.6102
HEARTS SIX CLUBS EIGHT,0.235,0.1498,0.6152
SPADES NINE SPADES FIVE,0.355,0.0422,0.6028
SPADES FIVE SPADES FOUR,0.431,0.2638,0.3052
HEARTS EIGHT SPADES FOUR,0.2524,0.1388,0.6088
SPADES NINE SPADES EIGHT,0.3046,0.0386,0.6568
CLUBS NINE SPADES FIVE,0.3766,0.041,0.5824
CLUBS JACK SPADES FOUR,0.2814,0.0536,0.665
DIAMONDS TWO SPADES TWO,0.354,0.1384,0.5076
HEARTS FIVE DIAMONDS SEVEN,0.3376,0.1112,0.5512
HEARTS THREE HEARTS QUEEN,0.3904,0.013,0.5966
HEARTS THREE DIAMONDS QUEEN,0.4292,0.0132,0.5576
DIAMONDS TWO SPADES EIGHT,0.4226,0.0668,0.5106
HEARTS EIGHT CLUBS ACE,0.36,0.0044,0.6356
HEARTS EIGHT SPADES SEVEN,0.3288,0.0614,0.6098
CLUBS NINE CLUBS FIVE,0.3444,0.0422,0.6134
CLUBS NINE CLUBS ACE,0.3208,0.0054,0.6738
CLUBS TEN CLUBS ACE,0.3248,0.0054,0.6698
CLUBS TEN HEARTS ACE,0.3494,0.0036,0.647
SPADES EIGHT SPADES TWO,0.3934,0.0658,0.5408
CLUBS EIGHT CLUBS THREE,0.3866,0.059,0.5544
CLUBS EIGHT HEARTS ACE,0.3478,0.0024,0.6498
DIAMONDS TEN HEARTS JACK,0.3312,0.0164,0.6524
SPADES KING SPADES JACK,0.336,0.0046,0.6594
CLUBS TWO SPADES FOUR,0.4888,0.2716,0.2396
CLUBS SEVEN SPADES NINE,0.3314,0.0356,0.633
HEARTS SEVEN CLUBS NINE,0.3544,0.0426,0.603
HEARTS SEVEN DIAMONDS KING,0.3588,0.0084,0.6328
HEARTS SIX DIAMONDS FOUR,0.0084,0.9858,0.0058
SPADES JACK SPADES FOUR,0.257,0.056,0.687
SPADES TWO CLUBS KING,0.4164,0.0114,0.5722
CLUBS TEN HEARTS FIVE,0.39,0.0256,0.5844
CLUBS SEVEN SPADES FOUR,0.2478,0.1908,0.5614
HEARTS SEVEN CLUBS SEVEN,0.141,0.1,0.759
CLUBS NINE CLUBS SEVEN,0.32,0.037,0.643
CLUBS THREE DIAMONDS QUEEN,0.4122,0.0144,0.5734
CLUBS EIGHT SPADES TWO,0.4066,0.0682,0.5252
DIAMONDS TWO SPADES SEVEN,0.419,0.1006,0.4804
HEARTS SEVEN DIAMONDS ACE,0.3428,0.0054,0.6518
HEARTS SEVEN SPADES QUEEN,0.359,0.0146,0.6264
CLUBS SEVEN HEARTS TEN,0.3446,0.0294,0.626
CLUBS NINE HEARTS NINE,0.1618,0.0768,0.7614
CLUBS NINE SPADES SIX,0.2466,0.105,0.6484
SPADES TEN DIAMONDS FOUR,0.2846,0.0816,0.6338
HEARTS QUEEN DIAMONDS FOUR,0.2854,0.0426,0.672
SPADES SIX CLUBS TWO,0.2974,0.4936,0.209
SPADES NINE CLUBS KING,0.3516,0.0056,0.6428
CLUBS FIVE DIAMONDS ACE,0.3608,0.0052,0.634
HEARTS THREE HEARTS NINE,0.3948,0.0436,0.5616
SPADES FIVE SPADES THREE,0.467,0.1532,0.3798
CLUBS NINE DIAMONDS FIVE,0.3728,0.044,0.5832
HEARTS EIGHT HEARTS NINE,0.319,0.0366,0.6444
HEARTS SIX DIAMONDS QUEEN,0.2636,0.0544,0.682
SPADES ACE DIAMONDS JACK,0.3544,0.0052,0.6404
SPADES NINE DIAMONDS QUEEN,0.3472,0.0124,0.6404
CLUBS TWO HEARTS NINE,0.4036,0.0498,0.5466
CLUBS TEN CLUBS NINE,0.319,0.0222,0.6588
SPADES TWO DIAMONDS FIVE,0.5014,0.1582,0.3404
CLUBS SEVEN HEARTS TWO,0.4252,0.109,0.4658
SPADES KING HEARTS TEN,0.3482,0.0074,0.6444
CLUBS JACK SPADES QUEEN,0.345,0.007,0.648
CLUBS JACK SPADES KING,0.3606,0.005,0.6344
CLUBS TWO HEARTS QUEEN,0.416,0.0126,0.5714
HEARTS SIX HEARTS JACK,0.2556,0.064,0.6804
SPADES NINE CLUBS ACE,0.3682,0.0032,0.6286
SPADES QUEEN HEARTS TEN,0.3468,0.0104,0.6428
SPADES TEN SPADES FIVE,0.3572,0.0292,0.6136
SPADES EIGHT CLUBS KING,0.363,0.0068,0.6302
HEARTS SEVEN SPADES FOUR,0.235,0.2052,0.5598
CLUBS THREE DIAMONDS NINE,0.412,0.0516,0.5364
SPADES JACK HEARTS QUEEN,0.3494,0.0102,0.6404
SPADES SEVEN DIAMONDS SEVEN,0.1404,0.1064,0.7532
HEARTS FIVE CLUBS KING,0.3694,0.0086,0.622
CLUBS TEN DIAMONDS KING,0.3518,0.0072,0.641
HEARTS SIX HEARTS KING,0.2506,0.041,0.7084
DIAMONDS ACE SPADES FOUR,0.242,0.0164,0.7416
SPADES SIX CLUBS THREE,0.2744,0.5112,0.2144
CLUBS SEVEN DIAMONDS FIVE,0.3484,0.0996,0.552
CLUBS FOUR HEARTS ACE,0.248,0.0204,0.7316
CLUBS EIGHT SPADES FIVE,0.3618,0.0636,0.5746
SPADES JACK HEARTS TWO,0.4132,0.0212,0.5656
SPADES FOUR HEARTS KING,0.2814,0.0278,0.6908
HEARTS SIX CLUBS QUEEN,0.2708,0.056,0.6732
CLUBS EIGHT SPADES NINE,0.3384,0.0422,0.6194
SPADES THREE HEARTS KING,0.4112,0.0096,0.5792
CLUBS JACK DIAMONDS SEVEN,0.3582,0.0188,0.623
CLUBS FOUR DIAMONDS NINE,0.2506,0.107,0.6424
SPADES QUEEN SPADES SEVEN,0.3382,0.0102,0.6516
HEARTS FIVE CLUBS ACE,0.363,0.0028,0.6342
DIAMONDS ACE HEARTS QUEEN,0.3618,0.004,0.6342
DIAMONDS TEN DIAMONDS NINE,0.319,0.0278,0.6532
HEARTS SEVEN SPADES NINE,0.3228,0.0394,0.6378
SPADES ACE CLUBS FIVE,0.3642,0.0044,0.6314
CLUBS THREE DIAMONDS EIGHT,0.4008,0.0696,0.5296
DIAMONDS NINE CLUBS QUEEN,0.3542,0.012,0.6338
DIAMONDS SEVEN CLUBS QUEEN,0.3706,0.015,0.6144
HEARTS SEVEN CLUBS KING,0.353,0.0072,0.6398
HEARTS EIGHT HEARTS SEVEN,0.3224,0.0644,0.6132
SPADES KING HEARTS JACK,0.3488,0.0062,0.645
SPADES NINE DIAMONDS SEVEN,0.3304,0.0426,0.627
CLUBS FOUR DIAMONDS EIGHT,0.2654,0.1308,0.6038
DIAMONDS THREE DIAMONDS TEN,0.3974,0.0266,0.576
SPADES EIGHT HEARTS QUEEN,0.3572,0.013,0.6298
CLUBS TWO SPADES TWO,0.3462,0.1378,0.516
CLUBS NINE SPADES FOUR,0.2958,0.0976,0.6066
HEARTS TEN HEARTS NINE,0.325,0.0172,0.6578
SPADES EIGHT CLUBS FOUR,0.2694,0.1338,0.5968
CLUBS NINE CLUBS THREE,0.3934,0.0432,0.5634
HEARTS FIVE SPADES NINE,0.3602,0.0444,0.5954
SPADES KING DIAMONDS FOUR,0.292,0.0344,0.6736
HEARTS THREE CLUBS TWO,0.5298,0.1584,0.3118
SPADES KING CLUBS SEVEN,0.371,0.0076,0.6214
DIAMONDS JACK SPADES THREE,0.4146,0.0194,0.566
CLUBS KING DIAMONDS FOUR,0.2688,0.0306,0.7006
SPADES ACE CLUBS ACE,0.176,0.0056,0.8184
SPADES EIGHT DIAMONDS JACK,0.3444,0.0176,0.638
HEARTS EIGHT CLUBS FIVE,0.3514,0.068,0.5806
SPADES JACK HEARTS ACE,0.3504,0.0044,0.6452
CLUBS JACK SPADES TWO,0.4138,0.0186,0.5676
HEARTS FIVE HEARTS TEN,0.3446,0.0296,0.6258
SPADES THREE HEARTS QUEEN,0.4124,0.0136,0.574
HEARTS JACK HEARTS NINE,0.33,0.0148,0.6552
DIAMONDS JACK SPADES TWO,0.4192,0.0186,0.5622
DIAMONDS TWO CLUBS SEVEN,0.4128,0.1106,0.4766
DIAMONDS QUEEN HEARTS NINE,0.3564,0.0116,0.632
HEARTS THREE CLUBS THREE,0.3466,0.1364,0.517
SPADES KING DIAMONDS QUEEN,0.3586,0.0072,0.6342
CLUBS JACK DIAMONDS JACK,0.1646,0.0482,0.7872
HEARTS SIX CLUBS SIX,0.0994,0.1228,0.7778
SPADES TEN SPADES NINE,0.3222,0.0226,0.6552
SPADES SIX CLUBS ACE,0.267,0.0274,0.7056
CLUBS EIGHT SPADES EIGHT,0.165,0.0924,0.7426
SPADES SEVEN DIAMONDS EIGHT,0.3262,0.065,0.6088
CLUBS JACK HEARTS KING,0.3426,0.0092,0.6482
CLUBS JACK SPADES EIGHT,0.3574,0.014,0.6286
CLUBS JACK SPADES THREE,0.4114,0.0228,0.5658
SPADES KING CLUBS EIGHT,0.3592,0.0068,0.634
HEARTS QUEEN CLUBS QUEEN,0.1734,0.03,0.7966
CLUBS JACK DIAMONDS QUEEN,0.355,0.01,0.635
DIAMONDS TWO HEARTS FIVE,0.5134,0.1576,0.329
DIAMONDS ACE DIAMONDS QUEEN,0.335,0.0038,0.6612
CLUBS JACK SPADES NINE,0.348,0.0156,0.6364
SPADES THREE DIAMONDS FOUR,0.4846,0.2654,0.25
DIAMONDS KING DIAMONDS FOUR,0.2554,0.031,0.7136
DIAMONDS KING HEARTS KING,0.1636,0.0232,0.8132
DIAMONDS ACE DIAMONDS NINE,0.3442,0.0056,0.6502
SPADES KING DIAMONDS NINE,0.3376,0.0074,0.655
HEARTS EIGHT CLUBS NINE,0.3398,0.0362,0.624
SPADES QUEEN CLUBS EIGHT,0.3598,0.0116,0.6286
SPADES EIGHT SPADES THREE,0.3868,0.0618,0.5514
CLUBS FIVE SPADES THREE,0.488,0.1596,0.3524
CLUBS SIX CLUBS THREE,0.2602,0.473,0.2668
SPADES JACK CLUBS THREE,0.4072,0.022,0.5708
HEARTS FIVE DIAMONDS TEN,0.377,0.0312,0.5918
HEARTS THREE CLUBS QUEEN,0.4188,0.0166,0.5646
HEARTS SIX SPADES JACK,0.2674,0.061,0.6716
SPADES QUEEN CLUBS SEVEN,0.3596,0.0118,0.6286
DIAMONDS ACE DIAMONDS TEN,0.3426,0.006,0.6514
HEARTS SIX CLUBS TWO,0.2846,0.4982,0.2172
CLUBS TEN SPADES FOUR,0.277,0.0776,0.6454
CLUBS EIGHT SPADES SEVEN,0.339,0.0596,0.6014
SPADES FOUR DIAMONDS NINE,0.2802,0.103,0.6168
SPADES ACE HEARTS TEN,0.3376,0.0042,0.6582
SPADES NINE HEARTS TEN,0.3328,0.0232,0.644
SPADES JACK CLUBS SEVEN,0.3714,0.018,0.6106
SPADES JACK HEARTS NINE,0.352,0.0184,0.6296
HEARTS KING DIAMONDS EIGHT,0.3566,0.008,0.6354
SPADES ACE SPADES JACK,0.3342,0.0036,0.6622
CLUBS SEVEN DIAMONDS KING,0.354,0.0058,0.6402
SPADES ACE CLUBS JACK,0.3598,0.0046,0.6356
DIAMONDS JACK CLUBS KING,0.3696,0.008,0.6224
DIAMONDS JACK DIAMONDS SEVEN,0.3326,0.0198,0.6476
SPADES SIX CLUBS KING,0.2654,0.0436,0.691
DIAMONDS THREE CLUBS NINE,0.4152,0.0442,0.5406
SPADES KING DIAMONDS TWO,0.4378,0.011,0.5512
HEARTS SEVEN HEARTS THREE,0.3848,0.1032,0.512
CLUBS FOUR SPADES FIVE,0.4812,0.2754,0.2434
SPADES KING HEARTS QUEEN,0.354,0.006,0.64
SPADES TEN HEARTS QUEEN,0.3482,0.009,0.6428
SPADES TEN DIAMONDS EIGHT,0.3384,0.022,0.6396
SPADES QUEEN DIAMONDS FIVE,0.3856,0.0114,0.603
SPADES ACE DIAMONDS FIVE,0.3756,0.0056,0.6188
SPADES KING CLUBS TWO,0.4236,0.0086,0.5678
SPADES JACK SPADES SEVEN,0.3432,0.02,0.6368
SPADES QUEEN DIAMONDS KING,0.359,0.0068,0.6342
DIAMONDS SEVEN CLUBS KING,0.3572,0.0088,0.634
CLUBS EIGHT HEARTS FIVE,0.3652,0.0692,0.5656
SPADES TEN CLUBS THREE,0.4192,0.028,0.5528
SPADES FOUR SPADES TWO,0.4522,0.2578,0.29
HEARTS THREE HEARTS KING,0.3912,0.0088,0.6
CLUBS FIVE DIAMONDS TEN,0.385,0.0284,0.5866
SPADES SEVEN DIAMONDS KING,0.3522,0.0068,0.641
CLUBS NINE DIAMONDS KING,0.3532,0.0072,0.6396
CLUBS SIX DIAMONDS FOUR,0.0168,0.9744,0.0088
DIAMONDS NINE HEARTS TEN,0.3308,0.0242,0.645
SPADES KING SPADES FIVE,0.3572,0.009,0.6338
DIAMONDS ACE DIAMONDS KING,0.345,0.0072,0.6478
SPADES KING DIAMONDS JACK,0.3558,0.0076,0.6366
HEARTS EIGHT SPADES JACK,0.359,0.0194,0.6216
CLUBS SIX SPADES EIGHT,0.2478,0.1418,0.6104
HEARTS EIGHT DIAMONDS FOUR,0.25,0.1474,0.6026
SPADES JACK DIAMONDS NINE,0.3398,0.0154,0.6448
DIAMONDS NINE CLUBS KING,0.366,0.007,0.627
CLUBS EIGHT DIAMONDS SEVEN,0.3238,0.0594,0.6168
HEARTS SIX DIAMONDS EIGHT,0.2406,0.1502,0.6092
SPADES JACK SPADES SIX,0.2596,0.0546,0.6858
DIAMONDS TWO DIAMONDS KING,0.398,0.0078,0.5942
CLUBS KING HEARTS TEN,0.3586,0.0058,0.6356
CLUBS NINE CLUBS QUEEN,0.3404,0.0106,0.649
CLUBS SEVEN DIAMONDS NINE,0.3374,0.0382,0.6244
SPADES NINE CLUBS TWO,0.4146,0.0408,0.5446
DIAMONDS TWO SPADES JACK,0.4312,0.018,0.5508
DIAMONDS QUEEN CLUBS ACE,0.3502,0.0058,0.644
SPADES FIVE DIAMONDS TEN,0.3796,0.0306,0.5898
DIAMONDS THREE CLUBS SIX,0.2794,0.5144,0.2062
DIAMONDS KING CLUBS QUEEN,0.355,0.0068,0.6382
SPADES SIX SPADES FOUR,0.0214,0.9036,0.075
SPADES SEVEN HEARTS QUEEN,0.3558,0.0132,0.631
CLUBS SIX HEARTS KING,0.271,0.0338,0.6952
CLUBS TEN SPADES TEN,0.1736,0.0582,0.7682
HEARTS FIVE SPADES TEN,0.3816,0.028,0.5904
DIAMONDS ACE CLUBS QUEEN,0.3594,0.0054,0.6352
HEARTS SIX HEARTS TWO,0.2764,0.4744,0.2492
HEARTS EIGHT CLUBS THREE,0.4094,0.071,0.5196
DIAMONDS TWO HEARTS JACK,0.4202,0.0174,0.5624
DIAMONDS FIVE DIAMONDS FOUR,0.4686,0.2572,0.2742
CLUBS ACE DIAMONDS FOUR,0.2604,0.019,0.7206
DIAMONDS QUEEN DIAMONDS NINE,0.343,0.014,0.643
SPADES QUEEN CLUBS FOUR,0.2764,0.0396,0.684
DIAMONDS THREE SPADES QUEEN,0.414,0.011,0.575
SPADES KING CLUBS QUEEN,0.3474,0.0076,0.645
DIAMONDS ACE DIAMONDS FOUR,0.2482,0.0216,0.7302
SPADES SIX HEARTS ACE,0.2632,0.0276,0.7092
SPADES TEN HEARTS KING,0.3576,0.006,0.6364
SPADES KING SPADES NINE,0.3428,0.0064,0.6508
SPADES SEVEN CLUBS KING,0.3676,0.0096,0.6228
CLUBS KING DIAMONDS FIVE,0.3864,0.0068,0.6068
HEARTS TWO CLUBS THREE,0.515,0.1708,0.3142
DIAMONDS KING SPADES TWO,0.425,0.008,0.567
DIAMONDS THREE DIAMONDS FIVE,0.4778,0.1502,0.372
CLUBS SIX HEARTS TEN,0.267,0.0796,0.6534
HEARTS TWO HEARTS TEN,0.3974,0.0306,0.572
CLUBS SIX SPADES TWO,0.2988,0.5012,0.2
SPADES SIX SPADES TWO,0.266,0.4656,0.2684
SPADES ACE CLUBS SEVEN,0.3534,0.0044,0.6422
HEARTS FIVE DIAMONDS JACK,0.3718,0.0232,0.605
DIAMONDS THREE DIAMONDS KING,0.3892,0.0098,0.601
CLUBS SIX SPADES FIVE,0.2184,0.4596,0.322
DIAMONDS QUEEN DIAMONDS FIVE,0.3672,0.013,0.6198
CLUBS FOUR DIAMONDS KING,0.278,0.0296,0.6924
DIAMONDS ACE HEARTS NINE,0.3462,0.0056,0.6482
CLUBS JACK HEARTS NINE,0.3484,0.0142,0.6374
HEARTS THREE SPADES SIX,0.2794,0.5142,0.2064
SPADES ACE SPADES THREE,0.3776,0.005,0.6174
HEARTS KING CLUBS KING,0.167,0.021,0.812
CLUBS EIGHT DIAMONDS EIGHT,0.1572,0.0856,0.7572
DIAMONDS TEN DIAMONDS SEVEN,0.3472,0.0262,0.6266
SPADES TEN CLUBS QUEEN,0.356,0.009,0.635
CLUBS NINE SPADES THREE,0.413,0.0498,0.5372
CLUBS TEN HEARTS TWO,0.426,0.0324,0.5416
HEARTS SEVEN DIAMONDS TEN,0.3348,0.024,0.6412
SPADES KING CLUBS FIVE,0.3858,0.0068,0.6074
SPADES JACK SPADES TEN,0.3202,0.0152,0.6646
CLUBS JACK HEARTS SIX,0.2674,0.0594,0.6732
SPADES NINE SPADES FOUR,0.258,0.0952,0.6468
CLUBS TWO DIAMONDS EIGHT,0.4182,0.0658,0.516
DIAMONDS THREE CLUBS KING,0.4154,0.0094,0.5752
DIAMONDS THREE DIAMONDS TWO,0.4968,0.1548,0.3484
DIAMONDS KING DIAMONDS TEN,0.3422,0.008,0.6498
SPADES SEVEN SPADES THREE,0.3718,0.1024,0.5258
SPADES EIGHT CLUBS QUEEN,0.3632,0.0086,0.6282
DIAMONDS KING HEARTS TEN,0.3456,0.0056,0.6488
SPADES ACE DIAMONDS TEN,0.3592,0.004,0.6368
SPADES SIX SPADES FIVE,0.204,0.4308,0.3652
CLUBS JACK SPADES SIX,0.2786,0.0596,0.6618
DIAMONDS TWO HEARTS SIX,0.2808,0.5054,0.2138
SPADES TEN HEARTS JACK,0.355,0.0144,0.6306
DIAMONDS ACE DIAMONDS EIGHT,0.3276,0.0054,0.667
SPADES TEN DIAMONDS TEN,0.1618,0.0602,0.778
HEARTS TWO SPADES FIVE,0.5048,0.1586,0.3366
SPADES ACE CLUBS TEN,0.3564,0.0026,0.641
DIAMONDS THREE CLUBS EIGHT,0.411,0.0638,0.5252
CLUBS SIX CLUBS FIVE,0.206,0.4392,0.3548
CLUBS SIX SPADES SIX,0.1108,0.1148,0.7744
CLUBS SEVEN DIAMONDS ACE,0.3532,0.0064,0.6404
CLUBS SIX DIAMONDS SEVEN,0.2372,0.2064,0.5564
CLUBS FIVE CLUBS FOUR,0.431,0.273,0.296
CLUBS TWO DIAMONDS NINE,0.4012,0.0444,0.5544
HEARTS EIGHT SPADES FIVE,0.3694,0.0656,0.565
CLUBS SIX HEARTS NINE,0.233,0.1116,0.6554
SPADES KING DIAMONDS KING,0.173,0.0178,0.8092
SPADES FOUR CLUBS ACE,0.2668,0.0162,0.717
DIAMONDS ACE SPADES TWO,0.4044,0.0058,0.5898
CLUBS FOUR SPADES THREE,0.4812,0.2624,0.2564
DIAMONDS TWO DIAMONDS FIVE,0.4848,0.1496,0.3656
CLUBS TWO HEARTS TEN,0.4248,0.0322,0.543
CLUBS TWO DIAMONDS FIVE,0.496,0.1682,0.3358
SPADES NINE CLUBS THREE,0.4024,0.0468,0.5508
SPADES QUEEN DIAMONDS EIGHT,0.3534,0.0098,0.6368
SPADES FIVE CLUBS TWO,0.5094,0.1524,0.3382
CLUBS FIVE CLUBS THREE,0.4458,0.1546,0.3996
SPADES ACE HEARTS NINE,0.3472,0.004,0.6488
HEARTS SIX CLUBS FOUR,0.0112,0.9712,0.0176
DIAMONDS KING HEARTS QUEEN,0.3518,0.0058,0.6424
CLUBS THREE HEARTS ACE,0.404,0.0066,0.5894
DIAMONDS ACE DIAMONDS FIVE,0.3486,0.0054,0.646
CLUBS JACK DIAMONDS FOUR,0.281,0.0534,0.6656
HEARTS SEVEN DIAMONDS FIVE,0.3494,0.1086,0.542
HEARTS QUEEN HEARTS NINE,0.3302,0.0118,0.658
HEARTS THREE DIAMONDS ACE,0.403,0.0044,0.5926
CLUBS TEN HEARTS THREE,0.4124,0.0294,0.5582
CLUBS EIGHT CLUBS SIX,0.2266,0.145,0.6284
HEARTS SIX SPADES FOUR,0.0126,0.9716,0.0158
DIAMONDS TEN HEARTS KING,0.3416,0.0078,0.6506
HEARTS SEVEN SPADES EIGHT,0.332,0.0644,0.6036
HEARTS SEVEN SPADES SEVEN,0.1442,0.104,0.7518
SPADES FOUR DIAMONDS FOUR,0.2734,0.1,0.6266
HEARTS ACE SPADES TWO,0.3888,0.0054,0.6058
CLUBS FIVE CLUBS KING,0.358,0.0092,0.6328
SPADES EIGHT DIAMONDS QUEEN,0.3618,0.0124,0.6258
SPADES KING HEARTS SIX,0.2602,0.0356,0.7042
SPADES FIVE HEARTS KING,0.375,0.0088,0.6162
HEARTS TWO DIAMONDS NINE,0.417,0.047,0.536
CLUBS NINE CLUBS SIX,0.2456,0.1082,0.6462
DIAMONDS THREE CLUBS QUEEN,0.4208,0.0142,0.565
SPADES FOUR DIAMONDS SEVEN,0.2418,0.1884,0.5698
HEARTS TWO DIAMONDS KING,0.4198,0.0108,0.5694
SPADES FIVE CLUBS ACE,0.3702,0.004,0.6258
CLUBS NINE HEARTS TEN,0.3356,0.0218,0.6426
CLUBS JACK HEARTS QUEEN,0.3424,0.0098,0.6478
CLUBS FIVE DIAMONDS FOUR,0.4776,0.2756,0.2468
SPADES ACE DIAMONDS ACE,0.166,0.005,0.829
HEARTS THREE DIAMONDS KING,0.4182,0.0108,0.571
SPADES QUEEN HEARTS KING,0.3554,0.0056,0.639
SPADES THREE DIAMONDS SEVEN,0.3872,0.1054,0.5074
SPADES TEN HEARTS NINE,0.3358,0.024,0.6402
SPADES FOUR HEARTS NINE,0.2808,0.0974,0.6218
SPADES TEN HEARTS TEN,0.1716,0.0632,0.7652
SPADES KING SPADES SIX,0.2492,0.035,0.7158
CLUBS EIGHT CLUBS FOUR,0.2328,0.132,0.6352
SPADES NINE SPADES SEVEN,0.3254,0.044,0.6306
HEARTS TWO CLUBS TWO,0.3546,0.1294,0.516
CLUBS EIGHT DIAMONDS FOUR,0.2664,0.144,0.5896
CLUBS TEN DIAMONDS TWO,0.4306,0.0302,0.5392
SPADES QUEEN SPADES JACK,0.3376,0.0104,0.652
HEARTS FIVE CLUBS SEVEN,0.3484,0.1062,0.5454
CLUBS SIX DIAMONDS FIVE,0.218,0.4718,0.3102
DIAMONDS KING DIAMONDS NINE,0.3422,0.0066,0.6512
CLUBS SEVEN SPADES FIVE,0.3444,0.103,0.5526
CLUBS SEVEN CLUBS FOUR,0.245,0.175,0.58
SPADES TEN CLUBS FOUR,0.278,0.0776,0.6444
SPADES ACE CLUBS SIX,0.2802,0.0284,0.6914
SPADES FOUR CLUBS KING,0.2786,0.03,0.6914
HEARTS ACE DIAMONDS SEVEN,0.3546,0.0062,0.6392
CLUBS JACK DIAMONDS EIGHT,0.358,0.0136,0.6284
SPADES EIGHT DIAMONDS TEN,0.3494,0.0254,0.6252
HEARTS ACE HEARTS JACK,0.3284,0.004,0.6676
HEARTS QUEEN CLUBS KING,0.3572,0.006,0.6368
DIAMONDS ACE SPADES FIVE,0.368,0.0052,0.6268
CLUBS TEN CLUBS THREE,0.3852,0.0278,0.587
HEARTS SIX CLUBS FIVE,0.2132,0.4652,0.3216
CLUBS JACK SPADES JACK,0.1726,0.0466,0.7808
DIAMONDS QUEEN HEARTS QUEEN,0.1594,0.0332,0.8074
HEARTS EIGHT SPADES QUEEN,0.3584,0.0108,0.6308
CLUBS SEVEN HEARTS ACE,0.3536,0.0042,0.6422
HEARTS KING SPADES TWO,0.4232,0.0082,0.5686
DIAMONDS ACE CLUBS THREE,0.3916,0.0042,0.6042
CLUBS JACK CLUBS TEN,0.3236,0.013,0.6634
CLUBS SIX DIAMONDS TEN,0.2668,0.0826,0.6506
HEARTS ACE HEARTS KING,0.3354,0.0056,0.659
CLUBS THREE HEARTS JACK,0.422,0.02,0.558
DIAMONDS THREE CLUBS FIVE,0.4894,0.157,0.3536
CLUBS FIVE HEARTS JACK,0.3674,0.0198,0.6128
HEARTS KING HEARTS NINE,0.3432,0.008,0.6488
SPADES SEVEN DIAMONDS NINE,0.3302,0.045,0.6248
CLUBS EIGHT CLUBS KING,0.3478,0.0076,0.6446
DIAMONDS QUEEN HEARTS JACK,0.3444,0.0142,0.6414
CLUBS JACK DIAMONDS NINE,0.3318,0.0176,0.6506
HEARTS THREE SPADES FOUR,0.474,0.2802,0.2458
HEARTS FIVE CLUBS FIVE,0.2412,0.1226,0.6362
DIAMONDS JACK HEARTS ACE,0.3448,0.0056,0.6496
CLUBS TEN DIAMONDS TEN,0.1568,0.0672,0.776
CLUBS FIVE DIAMONDS QUEEN,0.4046,0.0134,0.582
HEARTS JACK CLUBS KING,0.357,0.0052,0.6378
HEARTS SIX CLUBS KING,0.2556,0.0398,0.7046
DIAMONDS TWO CLUBS QUEEN,0.4268,0.0126,0.5606
CLUBS SEVEN CLUBS FIVE,0.3402,0.0996,0.5602
CLUBS QUEEN HEARTS NINE,0.3526,0.0094,0.638
DIAMONDS ACE DIAMONDS JACK,0.342,0.006,0.652
SPADES KING DIAMONDS SEVEN,0.355,0.0068,0.6382
CLUBS FOUR CLUBS QUEEN,0.264,0.0374,0.6986
HEARTS QUEEN HEARTS TEN,0.3396,0.013,0.6474
HEARTS EIGHT CLUBS EIGHT,0.1724,0.092,0.7356
HEARTS TWO DIAMONDS FOUR,0.493,0.2844,0.2226
SPADES QUEEN HEARTS THREE,0.4188,0.0108,0.5704
CLUBS JACK DIAMONDS TEN,0.3428,0.016,0.6412
SPADES SIX HEARTS JACK,0.2702,0.0652,0.6646
SPADES JACK DIAMONDS EIGHT,0.355,0.016,0.629
SPADES EIGHT SPADES FOUR,0.2516,0.132,0.6164
SPADES NINE DIAMONDS NINE,0.1668,0.0782,0.755
CLUBS EIGHT DIAMONDS FIVE,0.3718,0.0662,0.562
DIAMONDS QUEEN DIAMONDS SEVEN,0.3312,0.0126,0.6562
CLUBS THREE SPADES FIVE,0.4916,0.1598,0.3486
HEARTS JACK HEARTS TEN,0.3208,0.0154,0.6638
HEARTS EIGHT CLUBS TWO,0.4254,0.0634,0.5112
SPADES THREE DIAMONDS NINE,0.406,0.0434,0.5506
CLUBS SEVEN CLUBS TWO,0.3894,0.098,0.5126
DIAMONDS QUEEN CLUBS TWO,0.413,0.0174,0.5696
DIAMONDS NINE CLUBS ACE,0.363,0.0046,0.6324
HEARTS SIX DIAMONDS TEN,0.2458,0.0804,0.6738
DIAMONDS ACE HEARTS TEN,0.3488,0.006,0.6452
SPADES KING HEARTS KING,0.164,0.0166,0.8194
HEARTS SEVEN CLUBS QUEEN,0.3594,0.0136,0.627
HEARTS SIX CLUBS SEVEN,0.2414,0.1948,0.5638
SPADES QUEEN SPADES EIGHT,0.3318,0.0122,0.656
SPADES JACK DIAMONDS JACK,0.1762,0.0478,0.776
CLUBS SIX CLUBS ACE,0.2532,0.0278,0.719
HEARTS KING DIAMONDS SEVEN,0.3588,0.0088,0.6324
DIAMONDS THREE DIAMONDS JACK,0.3968,0.0202,0.583
CLUBS FIVE DIAMONDS SEVEN,0.3412,0.101,0.5578
SPADES JACK CLUBS KING,0.3582,0.0042,0.6376
HEARTS SIX HEARTS ACE,0.2528,0.0282,0.719
HEARTS TWO DIAMONDS ACE,0.4102,0.0058,0.584
CLUBS QUEEN DIAMONDS FOUR,0.28,0.042,0.678
DIAMONDS THREE HEARTS TWO,0.52,0.1694,0.3106
SPADES JACK HEARTS KING,0.348,0.0072,0.6448
DIAMONDS EIGHT DIAMONDS FOUR,0.2446,0.1414,0.614
DIAMONDS TEN DIAMONDS FOUR,0.2686,0.0778,0.6536
HEARTS TEN DIAMONDS FIVE,0.3694,0.0322,0.5984
CLUBS NINE SPADES SEVEN,0.3292,0.0406,0.6302
SPADES SIX DIAMONDS QUEEN,0.286,0.0446,0.6694
CLUBS NINE HEARTS FIVE,0.3624,0.0444,0.5932
CLUBS JACK CLUBS FOUR,0.2536,0.0534,0.693
DIAMONDS EIGHT HEARTS TEN,0.345,0.026,0.629
HEARTS THREE DIAMONDS JACK,0.4196,0.0188,0.5616
HEARTS FIVE DIAMONDS ACE,0.3586,0.006,0.6354
CLUBS THREE CLUBS QUEEN,0.3952,0.0092,0.5956
CLUBS NINE DIAMONDS SEVEN,0.3338,0.0398,0.6264
CLUBS EIGHT SPADES SIX,0.2606,0.139,0.6004
HEARTS FIVE SPADES SEVEN,0.3516,0.109,0.5394
HEARTS TWO SPADES THREE,0.513,0.166,0.321
DIAMONDS TWO HEARTS THREE,0.5298,0.1682,0.302
SPADES JACK HEARTS TEN,0.3434,0.0156,0.641
HEARTS SIX SPADES EIGHT,0.2396,0.152,0.6084
CLUBS THREE HEARTS KING,0.4148,0.01,0.5752
CLUBS TEN HEARTS NINE,0.3366,0.022,0.6414
SPADES KING SPADES THREE,0.3798,0.0112,0.609
HEARTS SIX DIAMONDS NINE,0.2408,0.1178,0.6414
DIAMONDS NINE HEARTS QUEEN,0.3472,0.0122,0.6406
CLUBS TEN SPADES QUEEN,0.3506,0.0114,0.638
SPADES TEN SPADES SEVEN,0.332,0.025,0.643
HEARTS SIX DIAMONDS JACK,0.2688,0.0652,0.666
SPADES TEN CLUBS SEVEN,0.3578,0.0296,0.6126
HEARTS JACK DIAMONDS FIVE,0.3846,0.0216,0.5938
HEARTS FIVE HEARTS JACK,0.3638,0.0202,0.616
CLUBS FIVE CLUBS QUEEN,0.3648,0.0128,0.6224
HEARTS FIVE HEARTS NINE,0.3532,0.0428,0.604
SPADES SEVEN SPADES SIX,0.2196,0.1884,0.592
SPADES ACE DIAMONDS EIGHT,0.3484,0.0032,0.6484
DIAMONDS THREE CLUBS SEVEN,0.406,0.1048,0.4892
CLUBS THREE HEARTS QUEEN,0.4154,0.0142,0.5704
DIAMONDS TWO DIAMONDS QUEEN,0.3944,0.0128,0.5928
SPADES QUEEN HEARTS SIX,0.2538,0.056,0.6902
HEARTS THREE CLUBS KING,0.414,0.0078,0.5782
HEARTS QUEEN DIAMONDS EIGHT,0.358,0.0132,0.6288
HEARTS EIGHT SPADES NINE,0.328,0.0374,0.6346
SPADES THREE HEARTS TEN,0.4,0.0338,0.5662
HEARTS SIX CLUBS ACE,0.2598,0.03,0.7102
CLUBS THREE CLUBS KING,0.3768,0.0088,0.6144
CLUBS THREE DIAMONDS TEN,0.4104,0.029,0.5606
CLUBS JACK DIAMONDS THREE,0.4216,0.0178,0.5606
CLUBS SIX HEARTS QUEEN,0.2692,0.0454,0.6854
SPADES SEVEN HEARTS TEN,0.355,0.0302,0.6148
CLUBS EIGHT SPADES FOUR,0.2664,0.138,0.5956
SPADES TEN DIAMONDS FIVE,0.391,0.0276,0.5814
CLUBS EIGHT SPADES THREE,0.4106,0.0686,0.5208
DIAMONDS TWO SPADES THREE,0.5278,0.1592,0.313
DIAMONDS TWO SPADES NINE,0.4226,0.049,0.5284
DIAMONDS THREE DIAMONDS ACE,0.3934,0.0058,0.6008
HEARTS EIGHT CLUBS KING,0.3644,0.0078,0.6278
SPADES JACK HEARTS THREE,0.422,0.0264,0.5516
CLUBS FIVE DIAMONDS KING,0.3682,0.0098,0.622
HEARTS KING HEARTS QUEEN,0.3402,0.008,0.6518
SPADES THREE CLUBS KING,0.4202,0.0096,0.5702
SPADES SEVEN DIAMONDS QUEEN,0.355,0.0112,0.6338
DIAMONDS THREE HEARTS KING,0.421,0.0108,0.5682
DIAMONDS THREE DIAMONDS NINE,0.3942,0.0468,0.559
HEARTS SEVEN HEARTS QUEEN,0.3394,0.0142,0.6464
HEARTS EIGHT DIAMONDS FIVE,0.3574,0.0694,0.5732
SPADES SIX DIAMONDS EIGHT,0.238,0.1558,0.6062
CLUBS FOUR HEARTS NINE,0.2698,0.1036,0.6266
HEARTS SEVEN SPADES SIX,0.2308,0.1848,0.5844
HEARTS THREE HEARTS JACK,0.3828,0.0222,0.595
HEARTS SIX DIAMONDS FIVE,0.2172,0.468,0.3148
HEARTS SIX SPADES TEN,0.2602,0.0822,0.6576
SPADES SEVEN CLUBS FOUR,0.2368,0.1992,0.564
SPADES TEN SPADES FOUR,0.2582,0.0734,0.6684
HEARTS SIX SPADES FIVE,0.2042,0.4678,0.328
HEARTS TWO HEARTS KING,0.409,0.0082,0.5828
SPADES KING HEARTS ACE,0.3578,0.0034,0.6388
SPADES SEVEN CLUBS ACE,0.364,0.0034,0.6326
HEARTS TWO CLUBS KING,0.4168,0.008,0.5752
CLUBS FOUR SPADES SIX,0.0208,0.9596,0.0196
SPADES TWO HEARTS NINE,0.4064,0.0534,0.5402
SPADES SEVEN SPADES TWO,0.3832,0.1028,0.514
CLUBS FIVE DIAMONDS EIGHT,0.3544,0.068,0.5776
DIAMONDS SEVEN DIAMONDS FOUR,0.2418,0.1872,0.571
CLUBS THREE SPADES TWO,0.5144,0.1666,0.319
CLUBS NINE CLUBS KING,0.3334,0.01,0.6566
SPADES FOUR HEARTS TEN,0.283,0.0742,0.6428
DIAMONDS TWO DIAMONDS JACK,0.411,0.0168,0.5722
SPADES KING DIAMONDS TEN,0.354,0.007,0.639
HEARTS QUEEN HEARTS JACK,0.3256,0.016,0.6584
SPADES KING CLUBS SIX,0.2714,0.0376,0.691
SPADES SIX DIAMONDS JACK,0.2644,0.0614,0.6742
SPADES TEN HEARTS THREE,0.4158,0.0328,0.5514
HEARTS EIGHT HEARTS QUEEN,0.3464,0.0144,0.6392
DIAMONDS THREE HEARTS JACK,0.3958,0.0238,0.5804
SPADES NINE DIAMONDS JACK,0.347,0.0166,0.6364
HEARTS EIGHT HEARTS TEN,0.3282,0.0234,0.6484
SPADES SIX HEARTS KING,0.2666,0.0358,0.6976
CLUBS SIX DIAMONDS QUEEN,0.264,0.0494,0.6866
HEARTS SEVEN DIAMONDS FOUR,0.2482,0.2042,0.5476
CLUBS SEVEN DIAMONDS EIGHT,0.3344,0.0594,0.6062
HEARTS TWO CLUBS FIVE,0.502,0.1772,0.3208
HEARTS EIGHT HEARTS THREE,0.3954,0.0634,0.5412
SPADES ACE HEARTS KING,0.3612,0.0046,0.6342
SPADES TEN CLUBS ACE,0.35,0.0034,0.6466
HEARTS EIGHT CLUBS QUEEN,0.3558,0.0124,0.6318
SPADES TEN DIAMONDS JACK,0.3368,0.016,0.6472
SPADES FOUR DIAMONDS FIVE,0.4916,0.2756,0.2328
CLUBS FIVE SPADES TWO,0.4922,0.1656,0.3422
DIAMONDS THREE SPADES TEN,0.4046,0.028,0.5674
SPADES NINE HEARTS NINE,0.1692,0.0794,0.7514
CLUBS FOUR DIAMONDS FIVE,0.4798,0.2722,0.248
HEARTS EIGHT HEARTS ACE,0.3406,0.0034,0.656
CLUBS JACK HEARTS SEVEN,0.3466,0.0168,0.6366
HEARTS FIVE DIAMONDS FOUR,0.482,0.2794,0.2386
SPADES JACK CLUBS FIVE,0.3868,0.0178,0.5954
SPADES NINE CLUBS SIX,0.249,0.1068,0.6442
SPADES JACK DIAMONDS KING,0.3592,0.0068,0.634
CLUBS TEN CLUBS SEVEN,0.3218,0.0294,0.6488
SPADES TWO HEARTS JACK,0.4178,0.0224,0.5598
HEARTS SEVEN CLUBS THREE,0.4028,0.1076,0.4896
DIAMONDS THREE SPADES FOUR,0.4886,0.2686,0.2428
DIAMONDS ACE HEARTS KING,0.3504,0.004,0.6456
SPADES FIVE HEARTS TEN,0.3776,0.0316,0.5908
SPADES TEN DIAMONDS KING,0.358,0.0102,0.6318
DIAMONDS THREE HEARTS TEN,0.4214,0.032,0.5466
SPADES TEN SPADES EIGHT,0.3196,0.029,0.6514
SPADES QUEEN DIAMONDS ACE,0.3542,0.0036,0.6422
DIAMONDS ACE SPADES SEVEN,0.3472,0.005,0.6478
CLUBS SIX HEARTS ACE,0.2558,0.0264,0.7178
CLUBS JACK HEARTS TWO,0.4104,0.0192,0.5704
CLUBS TEN HEARTS TEN,0.1746,0.059,0.7664
HEARTS THREE DIAMONDS NINE,0.4096,0.0432,0.5472
DIAMONDS THREE HEARTS NINE,0.4068,0.043,0.5502
SPADES TWO CLUBS QUEEN,0.4046,0.0138,0.5816
SPADES JACK HEARTS JACK,0.167,0.0438,0.7892
SPADES KING HEARTS NINE,0.3548,0.0058,0.6394
DIAMONDS SEVEN HEARTS TEN,0.3386,0.0348,0.6266
HEARTS SIX SPADES THREE,0.2716,0.5114,0.217
CLUBS FOUR CLUBS ACE,0.231,0.019,0.75
CLUBS NINE DIAMONDS TEN,0.3398,0.0202,0.64
CLUBS SIX HEARTS TWO,0.3006,0.4924,0.207
HEARTS SIX HEARTS NINE,0.235,0.108,0.657
HEARTS TWO SPADES EIGHT,0.4228,0.0676,0.5096
HEARTS SEVEN HEARTS NINE,0.3236,0.0402,0.6362
HEARTS FIVE CLUBS QUEEN,0.3758,0.0124,0.6118
CLUBS EIGHT DIAMONDS NINE,0.3364,0.0352,0.6284
SPADES SEVEN SPADES FOUR,0.2266,0.188,0.5854
HEARTS EIGHT SPADES EIGHT,0.1552,0.0854,0.7594
HEARTS EIGHT DIAMONDS EIGHT,0.144,0.093,0.763
HEARTS KING DIAMONDS FOUR,0.2602,0.0334,0.7064
DIAMONDS TWO DIAMONDS EIGHT,0.3828,0.0648,0.5524
DIAMONDS THREE CLUBS TEN,0.4314,0.033,0.5356
CLUBS JACK SPADES SEVEN,0.3572,0.0168,0.626
CLUBS THREE CLUBS ACE,0.3766,0.005,0.6184
CLUBS TWO SPADES THREE,0.5128,0.1618,0.3254
HEARTS ACE DIAMONDS FOUR,0.2434,0.0204,0.7362
SPADES TEN CLUBS KING,0.3578,0.0054,0.6368
DIAMONDS TWO CLUBS EIGHT,0.411,0.0654,0.5236
DIAMONDS KING SPADES SIX,0.2564,0.0404,0.7032
CLUBS THREE DIAMONDS FIVE,0.487,0.1592,0.3538
SPADES KING HEARTS SEVEN,0.3526,0.0086,0.6388
HEARTS SEVEN SPADES FIVE,0.3416,0.1048,0.5536
SPADES ACE DIAMONDS SEVEN,0.3502,0.0048,0.645
SPADES JACK SPADES FIVE,0.3596,0.0168,0.6236
SPADES SIX SPADES THREE,0.2574,0.4766,0.266
HEARTS FIVE SPADES FIVE,0.2308,0.128,0.6412
HEARTS TWO SPADES SEVEN,0.413,0.0954,0.4916
CLUBS ACE CLUBS QUEEN,0.3368,0.005,0.6582
CLUBS JACK CLUBS TWO,0.4,0.017,0.583
CLUBS JACK DIAMONDS FIVE,0.3748,0.0202,0.605
CLUBS TEN CLUBS EIGHT,0.336,0.0268,0.6372
DIAMONDS THREE DIAMONDS FOUR,0.4624,0.2668,0.2708
SPADES KING CLUBS NINE,0.354,0.008,0.638
DIAMONDS JACK HEARTS JACK,0.1528,0.0482,0.799
CLUBS SEVEN CLUBS THREE,0.3762,0.0934,0.5304
DIAMONDS KING HEARTS NINE,0.3572,0.0084,0.6344
HEARTS ACE DIAMONDS EIGHT,0.3464,0.0048,0.6488
SPADES JACK CLUBS ACE,0.3506,0.0026,0.6468
HEARTS EIGHT CLUBS FOUR,0.2614,0.1382,0.6004
SPADES ACE DIAMONDS THREE,0.3954,0.0062,0.5984
SPADES ACE SPADES KING,0.3466,0.004,0.6494
HEARTS FIVE DIAMONDS KING,0.3798,0.0066,0.6136
DIAMONDS TWO DIAMONDS ACE,0.385,0.0052,0.6098
SPADES JACK DIAMONDS SEVEN,0.3582,0.0216,0.6202
CLUBS SIX CLUBS TWO,0.2756,0.4654,0.259
DIAMONDS NINE HEARTS JACK,0.3332,0.0202,0.6466
CLUBS EIGHT SPADES TEN,0.3514,0.027,0.6216
HEARTS FIVE SPADES TWO,0.4978,0.1612,0.341
HEARTS THREE DIAMONDS FOUR,0.4878,0.2834,0.2288
SPADES NINE CLUBS QUEEN,0.3608,0.011,0.6282
DIAMONDS JACK SPADES FOUR,0.2746,0.0564,0.669
SPADES SEVEN DIAMONDS TEN,0.338,0.0258,0.6362
DIAMONDS JACK HEARTS TEN,0.3444,0.0148,0.6408
DIAMONDS EIGHT CLUBS KING,0.3586,0.009,0.6324
CLUBS JACK HEARTS FIVE,0.3736,0.0214,0.605
CLUBS EIGHT DIAMONDS KING,0.3698,0.0092,0.621
CLUBS FIVE CLUBS TWO,0.4802,0.1464,0.3734
SPADES KING CLUBS TEN,0.3556,0.0062,0.6382
SPADES SIX HEARTS QUEEN,0.266,0.0524,0.6816
SPADES JACK SPADES EIGHT,0.3348,0.0186,0.6466
SPADES NINE DIAMONDS FIVE,0.3746,0.0458,0.5796
DIAMONDS ACE CLUBS TWO,0.3966,0.0038,0.5996
DIAMONDS NINE DIAMONDS FOUR,0.2632,0.1046,0.6322
CLUBS NINE HEARTS KING,0.351,0.0064,0.6426
SPADES FOUR SPADES THREE,0.4506,0.2632,0.2862
CLUBS JACK CLUBS FIVE,0.3602,0.0172,0.6226
SPADES KING HEARTS TWO,0.4222,0.0108,0.567
CLUBS SEVEN DIAMONDS FOUR,0.2588,0.1992,0.542
SPADES KING DIAMONDS ACE,0.3572,0.006,0.6368
HEARTS FIVE SPADES EIGHT,0.3614,0.0602,0.5784
HEARTS EIGHT CLUBS TEN,0.3432,0.026,0.6308
SPADES ACE DIAMONDS FOUR,0.257,0.016,0.727
SPADES QUEEN SPADES FOUR,0.2478,0.0398,0.7124
CLUBS TEN HEARTS JACK,0.3312,0.0148,0.654
SPADES JACK CLUBS TWO,0.411,0.0218,0.5672
SPADES EIGHT SPADES SEVEN,0.3094,0.0584,0.6322
HEARTS TWO HEARTS JACK,0.392,0.0184,0.5896
SPADES QUEEN DIAMONDS TEN,0.3446,0.0134,0.642
SPADES FOUR HEARTS ACE,0.2426,0.0208,0.7366
CLUBS EIGHT CLUBS FIVE,0.3368,0.066,0.5972
HEARTS QUEEN DIAMONDS FIVE,0.3772,0.0126,0.6102
SPADES KING HEARTS FIVE,0.3752,0.0108,0.614
HEARTS TWO CLUBS ACE,0.4164,0.0038,0.5798
DIAMONDS TWO DIAMONDS TEN,0.394,0.0308,0.5752
DIAMONDS KING CLUBS ACE,0.3592,0.0056,0.6352
CLUBS FIVE HEARTS ACE,0.3678,0.0052,0.627
SPADES EIGHT HEARTS KING,0.3668,0.0054,0.6278
CLUBS TEN CLUBS FIVE,0.362,0.0286,0.6094
SPADES QUEEN SPADES TEN,0.338,0.0104,0.6516
DIAMONDS TWO HEARTS QUEEN,0.416,0.0176,0.5664
HEARTS SIX HEARTS FIVE,0.2046,0.4408,0.3546
HEARTS TWO CLUBS QUEEN,0.4146,0.015,0.5704
SPADES JACK CLUBS FOUR,0.283,0.0578,0.6592
SPADES TWO DIAMONDS EIGHT,0.4162,0.07,0.5138
CLUBS ACE CLUBS KING,0.3442,0.0048,0.651
CLUBS THREE SPADES FOUR,0.4704,0.2786,0.251
SPADES TEN SPADES TWO,0.3968,0.0268,0.5764
DIAMONDS JACK DIAMONDS EIGHT,0.3456,0.017,0.6374
DIAMONDS TWO CLUBS THREE,0.5084,0.1718,0.3198
HEARTS JACK DIAMONDS FOUR,0.2642,0.0512,0.6846
CLUBS TWO CLUBS QUEEN,0.4054,0.013,0.5816
CLUBS FIVE HEARTS KING,0.3968,0.0074,0.5958
SPADES QUEEN HEARTS QUEEN,0.1716,0.033,0.7954
HEARTS FIVE SPADES FOUR,0.464,0.2872,0.2488
HEARTS EIGHT DIAMONDS NINE,0.3294,0.0386,0.632
SPADES TEN CLUBS FIVE,0.3784,0.0284,0.5932
CLUBS TEN HEARTS SEVEN,0.3502,0.0266,0.6232
SPADES QUEEN DIAMONDS SEVEN,0.3592,0.0142,0.6266
HEARTS FIVE CLUBS FOUR,0.4598,0.2794,0.2608
CLUBS FOUR DIAMONDS TEN,0.2762,0.0802,0.6436
DIAMONDS THREE SPADES SEVEN,0.4028,0.1052,0.492
SPADES TEN DIAMONDS ACE,0.35,0.0042,0.6458
CLUBS THREE HEARTS NINE,0.3986,0.043,0.5584
CLUBS JACK SPADES TEN,0.3532,0.012,0.6348
DIAMONDS KING DIAMONDS QUEEN,0.3374,0.0086,0.654
SPADES ACE CLUBS FOUR,0.2594,0.0172,0.7234
DIAMONDS EIGHT HEARTS JACK,0.3424,0.0182,0.6394
HEARTS KING HEARTS JACK,0.3524,0.0102,0.6374
HEARTS THREE DIAMONDS EIGHT,0.4198,0.0672,0.513
DIAMONDS JACK CLUBS ACE,0.35,0.005,0.645
HEARTS FIVE HEARTS QUEEN,0.3646,0.0122,0.6232
SPADES EIGHT CLUBS ACE,0.3626,0.0036,0.6338
SPADES ACE SPADES SIX,0.2492,0.0256,0.7252
HEARTS ACE HEARTS QUEEN,0.345,0.0038,0.6512
DIAMONDS TWO HEARTS ACE,0.3976,0.0054,0.597
SPADES SEVEN CLUBS TWO,0.4118,0.1066,0.4816
SPADES QUEEN HEARTS JACK,0.355,0.0114,0.6336
CLUBS EIGHT HEARTS NINE,0.3316,0.0418,0.6266
DIAMONDS JACK HEARTS NINE,0.3424,0.0178,0.6398
DIAMONDS TWO CLUBS NINE,0.4214,0.0414,0.5372
DIAMONDS JACK DIAMONDS TEN,0.326,0.0196,0.6544
SPADES EIGHT HEARTS ACE,0.363,0.004,0.633
CLUBS SIX DIAMONDS ACE,0.2692,0.0296,0.7012
SPADES ACE SPADES SEVEN,0.3236,0.0038,0.6726
DIAMONDS THREE DIAMONDS EIGHT,0.3958,0.0654,0.5388
CLUBS NINE HEARTS SIX,0.2542,0.1186,0.6272
CLUBS EIGHT HEARTS THREE,0.431,0.0652,0.5038
DIAMONDS SEVEN DIAMONDS FIVE,0.3226,0.0972,0.5802
SPADES NINE HEARTS QUEEN,0.3384,0.0118,0.6498
CLUBS EIGHT HEARTS TWO,0.41,0.067,0.523
CLUBS SEVEN CLUBS ACE,0.3316,0.0046,0.6638
CLUBS TEN CLUBS QUEEN,0.3344,0.0094,0.6562
SPADES THREE HEARTS JACK,0.4122,0.0196,0.5682
CLUBS TEN SPADES SEVEN,0.3538,0.0284,0.6178
CLUBS SIX CLUBS QUEEN,0.262,0.049,0.689
SPADES ACE HEARTS SEVEN,0.3546,0.0036,0.6418
SPADES NINE HEARTS KING,0.363,0.007,0.63
HEARTS ACE CLUBS KING,0.3748,0.0042,0.621
DIAMONDS TWO SPADES FIVE,0.5012,0.1574,0.3414
CLUBS TEN SPADES EIGHT,0.3542,0.0232,0.6226
CLUBS TWO DIAMONDS FOUR,0.485,0.2704,0.2446
DIAMONDS JACK DIAMONDS FIVE,0.3608,0.0196,0.6196
SPADES QUEEN CLUBS THREE,0.4112,0.0116,0.5772
CLUBS JACK HEARTS EIGHT,0.3642,0.0166,0.6192
SPADES JACK CLUBS SIX,0.2812,0.0562,0.6626
CLUBS THREE HEARTS TEN,0.4156,0.0316,0.5528
DIAMONDS TEN HEARTS TEN,0.1654,0.0574,0.7772
SPADES TWO HEARTS TEN,0.418,0.0286,0.5534
HEARTS FIVE SPADES THREE,0.4922,0.1588,0.349
CLUBS TEN SPADES THREE,0.4058,0.0314,0.5628
DIAMONDS TEN SPADES TWO,0.4246,0.031,0.5444
CLUBS FOUR DIAMONDS JACK,0.2858,0.0538,0.6604
DIAMONDS KING DIAMONDS SEVEN,0.343,0.0098,0.6472
DIAMONDS QUEEN DIAMONDS JACK,0.3358,0.0096,0.6546
CLUBS THREE SPADES THREE,0.355,0.133,0.512
HEARTS THREE SPADES THREE,0.345,0.1308,0.5242
DIAMONDS THREE CLUBS ACE,0.3994,0.0044,0.5962
CLUBS SIX CLUBS KING,0.2552,0.0412,0.7036
CLUBS EIGHT CLUBS QUEEN,0.3224,0.0134,0.6642
SPADES THREE CLUBS QUEEN,0.425,0.0144,0.5606
SPADES KING CLUBS THREE,0.4096,0.009,0.5814
CLUBS ACE DIAMONDS SEVEN,0.3312,0.0046,0.6642
HEARTS SEVEN HEARTS SIX,0.235,0.1818,0.5832
HEARTS KING HEARTS TEN,0.3426,0.007,0.6504
DIAMONDS TEN HEARTS NINE,0.3308,0.0276,0.6416
CLUBS JACK CLUBS QUEEN,0.3374,0.0076,0.655
CLUBS SEVEN HEARTS THREE,0.4004,0.102,0.4976
SPADES JACK DIAMONDS TEN,0.3324,0.0146,0.653
SPADES ACE CLUBS EIGHT,0.3564,0.005,0.6386
SPADES FIVE CLUBS KING,0.3876,0.0078,0.6046
DIAMONDS TEN CLUBS ACE,0.3626,0.0042,0.6332
CLUBS TWO DIAMONDS SEVEN,0.4116,0.1016,0.4868
SPADES THREE CLUBS ACE,0.3972,0.0032,0.5996
CLUBS NINE HEARTS TWO,0.4224,0.045,0.5326
CLUBS FIVE SPADES FOUR,0.4726,0.2742,0.2532
CLUBS EIGHT HEARTS KING,0.36,0.0072,0.6328
CLUBS FOUR DIAMONDS FOUR,0.2764,0.098,0.6256
SPADES TEN DIAMONDS NINE,0.3542,0.0266,0.6192
HEARTS QUEEN DIAMONDS SEVEN,0.357,0.0134,0.6296
SPADES FOUR DIAMONDS TEN,0.2654,0.0748,0.6598
HEARTS SIX SPADES NINE,0.2474,0.1056,0.647
DIAMONDS THREE HEARTS QUEEN,0.4228,0.0146,0.5626
CLUBS TEN DIAMONDS FOUR,0.2834,0.0766,0.64
SPADES QUEEN CLUBS TWO,0.4282,0.0116,0.5602
SPADES EIGHT HEARTS NINE,0.3268,0.0392,0.634
SPADES QUEEN CLUBS ACE,0.3616,0.0036,0.6348
CLUBS TWO CLUBS ACE,0.3872,0.0048,0.608
CLUBS SEVEN DIAMONDS SEVEN,0.1414,0.1004,0.7582
CLUBS NINE DIAMONDS EIGHT,0.3392,0.0342,0.6266
CLUBS ACE DIAMONDS FIVE,0.3698,0.0038,0.6264
SPADES ACE CLUBS QUEEN,0.36,0.0038,0.6362
CLUBS JACK CLUBS SEVEN,0.3484,0.016,0.6356
DIAMONDS TEN CLUBS QUEEN,0.3438,0.0112,0.645
SPADES JACK SPADES TWO,0.3838,0.0178,0.5984
CLUBS TEN SPADES SIX,0.2702,0.0816,0.6482
CLUBS SEVEN SPADES THREE,0.3974,0.1014,0.5012
SPADES THREE SPADES TWO,0.4916,0.141,0.3674
DIAMONDS FIVE CLUBS QUEEN,0.379,0.0136,0.6074
HEARTS THREE DIAMONDS SEVEN,0.4022,0.1086,0.4892
SPADES THREE DIAMONDS EIGHT,0.414,0.0678,0.5182
SPADES NINE DIAMONDS ACE,0.3694,0.0038,0.6268
DIAMONDS JACK HEARTS KING,0.3458,0.0088,0.6454
HEARTS TWO SPADES SIX,0.2854,0.507,0.2076
SPADES QUEEN DIAMONDS QUEEN,0.1614,0.0306,0.808
DIAMONDS KING DIAMONDS FIVE,0.3554,0.0086,0.636
HEARTS THREE DIAMONDS TEN,0.4102,0.0328,0.557
SPADES NINE HEARTS ACE,0.3444,0.0066,0.649
HEARTS EIGHT SPADES TEN,0.3524,0.0254,0.6222
DIAMONDS TWO HEARTS NINE,0.4198,0.0482,0.532
SPADES FIVE HEARTS NINE,0.363,0.0402,0.5968
HEARTS THREE SPADES TWO,0.5192,0.1596,0.3212
SPADES JACK DIAMONDS FOUR,0.2718,0.0556,0.6726
SPADES SIX HEARTS TEN,0.2652,0.086,0.6488
CLUBS FOUR CLUBS KING,0.2608,0.0286,0.7106
SPADES ACE HEARTS SIX,0.2558,0.028,0.7162
DIAMONDS THREE DIAMONDS QUEEN,0.3922,0.0126,0.5952
DIAMONDS THREE HEARTS ACE,0.4014,0.0068,0.5918
HEARTS EIGHT CLUBS SEVEN,0.327,0.0628,0.6102
DIAMONDS QUEEN SPADES TWO,0.4084,0.0158,0.5758
CLUBS NINE SPADES TWO,0.4212,0.0442,0.5346
CLUBS EIGHT DIAMONDS QUEEN,0.3698,0.0138,0.6164
HEARTS SEVEN DIAMONDS NINE,0.3262,0.0436,0.6302
DIAMONDS TWO SPADES TEN,0.4126,0.0326,0.5548
DIAMONDS QUEEN DIAMONDS TEN,0.3408,0.0108,0.6484
CLUBS NINE HEARTS QUEEN,0.3446,0.0094,0.646
SPADES TEN SPADES SIX,0.2506,0.0708,0.6786
CLUBS EIGHT CLUBS ACE,0.3366,0.004,0.6594
DIAMONDS QUEEN SPADES FOUR,0.271,0.0416,0.6874
DIAMONDS KING CLUBS KING,0.1694,0.0168,0.8138
SPADES FOUR DIAMONDS EIGHT,0.2578,0.1404,0.6018
CLUBS TEN SPADES JACK,0.3322,0.0158,0.652
CLUBS JACK DIAMONDS ACE,0.3556,0.0042,0.6402
SPADES KING DIAMONDS EIGHT,0.362,0.0066,0.6314
CLUBS SIX SPADES SEVEN,0.235,0.1942,0.5708
CLUBS SEVEN CLUBS KING,0.348,0.009,0.643
CLUBS TWO HEARTS ACE,0.396,0.0064,0.5976
DIAMONDS TWO HEARTS TEN,0.4214,0.0314,0.5472
DIAMONDS NINE DIAMONDS EIGHT,0.3248,0.041,0.6342
CLUBS SIX HEARTS JACK,0.2634,0.0636,0.673
HEARTS TWO HEARTS NINE,0.4044,0.0412,0.5544
CLUBS ACE HEARTS NINE,0.3596,0.0066,0.6338
DIAMONDS TWO CLUBS ACE,0.4058,0.006,0.5882
HEARTS SIX HEARTS THREE,0.263,0.488,0.249
CLUBS THREE CLUBS TWO,0.4896,0.1528,0.3576
HEARTS QUEEN CLUBS ACE,0.366,0.0042,0.6298
DIAMONDS JACK CLUBS QUEEN,0.3592,0.0086,0.6322
HEARTS ACE SPADES THREE,0.4082,0.006,0.5858
CLUBS NINE SPADES JACK,0.3482,0.0176,0.6342
SPADES SIX DIAMONDS SEVEN,0.236,0.1994,0.5646
DIAMONDS QUEEN HEARTS TEN,0.3314,0.0132,0.6554
HEARTS TWO HEARTS QUEEN,0.3948,0.0124,0.5928
SPADES FIVE DIAMONDS NINE,0.36,0.0498,0.5902
HEARTS TWO CLUBS FOUR,0.492,0.2664,0.2416
HEARTS EIGHT DIAMONDS JACK,0.3448,0.0194,0.6358
SPADES KING SPADES TWO,0.3978,0.0082,0.594
HEARTS SEVEN SPADES TWO,0.4186,0.1004,0.481
CLUBS EIGHT DIAMONDS JACK,0.351,0.0198,0.6292
SPADES ACE CLUBS TWO,0.404,0.0052,0.5908
