opposingHand,winningChance,drawChance,lostChance
HEARTS SIX CLUBS FIVE
HEARTS FIVE SPADES TEN,0.2928,0.0804,0.6268
SPADES JACK HEARTS FIVE,0.2892,0.0534,0.6574
CLUBS JACK SPADES FIVE,0.2858,0.0542,0.66
CLUBS TEN SPADES FIVE,0.283,0.0712,0.6458
CLUBS JACK CLUBS EIGHT,0.361,0.0164,0.6226
CLUBS TEN CLUBS EIGHT,0.3346,0.028,0.6374
CLUBS EIGHT CLUBS KING,0.3644,0.0074,0.6282
SPADES FIVE CLUBS ACE,0.2636,0.0212,0.7152
CLUBS EIGHT CLUBS QUEEN,0.3566,0.0098,0.6336
SPADES FIVE CLUBS KING,0.2912,0.0316,0.6772
SPADES FIVE CLUBS QUEEN,0.284,0.0398,0.6762
CLUBS EIGHT CLUBS ACE,0.351,0.0046,0.6444
DIAMONDS TWO DIAMONDS THREE,0.5018,0.139,0.3592
DIAMONDS TWO DIAMONDS FIVE,0.461,0.2654,0.2736
SPADES KING HEARTS FIVE,0.29,0.0354,0.6746
DIAMONDS TWO DIAMONDS FOUR,0.4996,0.1444,0.356
SPADES QUEEN HEARTS FIVE,0.2892,0.0398,0.671
DIAMONDS TWO DIAMONDS SEVEN,0.3986,0.1068,0.4946
DIAMONDS TWO DIAMONDS SIX,0.3236,0.4298,0.2466
SPADES ACE HEARTS FIVE,0.2716,0.0208,0.7076
DIAMONDS TWO DIAMONDS NINE,0.4034,0.0426,0.554
DIAMONDS TWO DIAMONDS EIGHT,0.4014,0.0578,0.5408
DIAMONDS THREE DIAMONDS FOUR,0.5016,0.1376,0.3608
CLUBS TWO SPADES FOUR,0.5428,0.1496,0.3076
DIAMONDS THREE DIAMONDS FIVE,0.4576,0.2656,0.2768
SPADES FIVE CLUBS TWO,0.5052,0.2608,0.234
CLUBS TWO SPADES TWO,0.3898,0.1302,0.48
CLUBS TWO SPADES THREE,0.533,0.1516,0.3154
DIAMONDS THREE DIAMONDS EIGHT,0.4078,0.0612,0.531
SPADES EIGHT CLUBS TWO,0.4238,0.0752,0.501
DIAMONDS THREE DIAMONDS NINE,0.39,0.0394,0.5706
SPADES NINE CLUBS TWO,0.433,0.0472,0.5198
DIAMONDS THREE DIAMONDS SIX,0.3334,0.41,0.2566
SPADES SIX CLUBS TWO,0.3362,0.451,0.2128
DIAMONDS THREE DIAMONDS SEVEN,0.3816,0.0938,0.5246
SPADES SEVEN CLUBS TWO,0.445,0.1018,0.4532
CLUBS SIX CLUBS TWO,0.3348,0.4226,0.2426
CLUBS SEVEN CLUBS TWO,0.4136,0.1022,0.4842
CLUBS FOUR CLUBS TWO,0.5312,0.143,0.3258
CLUBS TEN CLUBS JACK,0.331,0.0178,0.6512
DIAMONDS FOUR DIAMONDS SIX,0.313,0.4348,0.2522
CLUBS TEN CLUBS QUEEN,0.34,0.012,0.648
DIAMONDS FOUR DIAMONDS SEVEN,0.3752,0.1006,0.5242
CLUBS TEN CLUBS KING,0.3472,0.007,0.6458
CLUBS TEN CLUBS ACE,0.3584,0.0064,0.6352
CLUBS EIGHT CLUBS TWO,0.3984,0.0588,0.5428
DIAMONDS FIVE DIAMONDS FOUR,0.457,0.2494,0.2936
CLUBS NINE CLUBS TWO,0.4264,0.0432,0.5304
DIAMONDS NINE DIAMONDS FOUR,0.3952,0.0402,0.5646
DIAMONDS EIGHT DIAMONDS FOUR,0.3936,0.0638,0.5426
CLUBS THREE CLUBS TWO,0.5162,0.1426,0.3412
DIAMONDS NINE DIAMONDS FIVE,0.2552,0.1042,0.6406
CLUBS JACK DIAMONDS TWO,0.4308,0.0206,0.5486
DIAMONDS EIGHT DIAMONDS FIVE,0.2486,0.1378,0.6136
CLUBS TEN DIAMONDS TWO,0.4306,0.0272,0.5422
DIAMONDS FIVE DIAMONDS SEVEN,0.2406,0.1836,0.5758
DIAMONDS FIVE DIAMONDS SIX,0.0228,0.9004,0.0768
DIAMONDS TWO CLUBS ACE,0.4152,0.0056,0.5792
DIAMONDS TWO CLUBS KING,0.4246,0.0086,0.5668
DIAMONDS TWO CLUBS QUEEN,0.4272,0.013,0.5598
DIAMONDS EIGHT DIAMONDS SIX,0.2472,0.14,0.6128
DIAMONDS NINE DIAMONDS SIX,0.2582,0.0988,0.643
HEARTS ACE SPADES THREE,0.4112,0.0062,0.5826
SPADES THREE HEARTS KING,0.428,0.0086,0.5634
DIAMONDS SEVEN DIAMONDS SIX,0.2422,0.195,0.5628
HEARTS QUEEN SPADES THREE,0.4316,0.0138,0.5546
SPADES THREE HEARTS JACK,0.4212,0.0192,0.5596
SPADES THREE HEARTS TEN,0.4158,0.0294,0.5548
DIAMONDS EIGHT DIAMONDS SEVEN,0.319,0.0652,0.6158
DIAMONDS NINE DIAMONDS SEVEN,0.323,0.0416,0.6354
DIAMONDS NINE DIAMONDS EIGHT,0.3222,0.0356,0.6422
DIAMONDS KING HEARTS TEN,0.3736,0.0074,0.619
HEARTS THREE HEARTS TEN,0.4112,0.0266,0.5622
SPADES JACK CLUBS SIX,0.2912,0.06,0.6488
DIAMONDS KING HEARTS JACK,0.3604,0.009,0.6306
HEARTS THREE HEARTS JACK,0.4052,0.0158,0.579
SPADES TEN CLUBS SIX,0.2662,0.0818,0.652
SPADES JACK SPADES FIVE,0.2664,0.0584,0.6752
SPADES TEN SPADES FIVE,0.265,0.0804,0.6546
DIAMONDS KING HEARTS ACE,0.376,0.0052,0.6188
HEARTS THREE HEARTS ACE,0.3782,0.0082,0.6136
SPADES ACE CLUBS SIX,0.2888,0.0248,0.6864
DIAMONDS KING HEARTS QUEEN,0.3786,0.005,0.6164
HEARTS THREE HEARTS QUEEN,0.418,0.0156,0.5664
SPADES KING CLUBS SIX,0.2844,0.0406,0.675
DIAMONDS KING HEARTS KING,0.1762,0.013,0.8108
HEARTS THREE HEARTS KING,0.405,0.0104,0.5846
SPADES QUEEN CLUBS SIX,0.279,0.0562,0.6648
SPADES NINE HEARTS TEN,0.3396,0.0266,0.6338
SPADES NINE HEARTS JACK,0.3652,0.0192,0.6156
SPADES QUEEN SPADES FIVE,0.2736,0.0456,0.6808
SPADES KING SPADES FIVE,0.2626,0.0372,0.7002
SPADES ACE SPADES FIVE,0.251,0.0196,0.7294
SPADES NINE HEARTS QUEEN,0.3732,0.0134,0.6134
SPADES NINE HEARTS KING,0.3692,0.0082,0.6226
SPADES NINE HEARTS ACE,0.3598,0.0038,0.6364
CLUBS TEN SPADES JACK,0.356,0.0148,0.6292
CLUBS TEN SPADES TEN,0.1792,0.0554,0.7654
SPADES ACE CLUBS TEN,0.3582,0.0044,0.6374
CLUBS TEN SPADES KING,0.3532,0.007,0.6398
CLUBS TEN SPADES QUEEN,0.3656,0.0112,0.6232
SPADES FIVE HEARTS QUEEN,0.2934,0.0434,0.6632
SPADES FIVE HEARTS KING,0.2848,0.0338,0.6814
HEARTS ACE SPADES FIVE,0.2588,0.0232,0.718
CLUBS EIGHT SPADES TEN,0.3426,0.0276,0.6298
HEARTS THREE SPADES JACK,0.4166,0.0176,0.5658
SPADES JACK DIAMONDS KING,0.3736,0.0048,0.6216
SPADES TEN DIAMONDS KING,0.3656,0.0066,0.6278
HEARTS THREE SPADES TEN,0.4388,0.0294,0.5318
CLUBS EIGHT SPADES JACK,0.3722,0.0184,0.6094
CLUBS SIX HEARTS ACE,0.276,0.029,0.695
SPADES ACE CLUBS EIGHT,0.3682,0.0052,0.6266
CLUBS JACK HEARTS FIVE,0.282,0.0622,0.6558
CLUBS TEN HEARTS FIVE,0.2782,0.077,0.6448
CLUBS SIX HEARTS QUEEN,0.2802,0.0478,0.672
SPADES QUEEN CLUBS EIGHT,0.3818,0.0124,0.6058
CLUBS TEN SPADES THREE,0.4328,0.0292,0.538
CLUBS SIX HEARTS KING,0.28,0.0408,0.6792
SPADES KING CLUBS EIGHT,0.3704,0.0076,0.622
CLUBS JACK SPADES THREE,0.4318,0.0212,0.547
DIAMONDS TWO HEARTS JACK,0.4246,0.0226,0.5528
SPADES THREE CLUBS QUEEN,0.418,0.0128,0.5692
DIAMONDS TWO HEARTS TEN,0.428,0.0298,0.5422
SPADES THREE CLUBS KING,0.4152,0.0082,0.5766
HEARTS FIVE CLUBS ACE,0.256,0.0228,0.7212
SPADES FIVE HEARTS TEN,0.281,0.0772,0.6418
SPADES THREE CLUBS ACE,0.4086,0.0054,0.586
HEARTS FIVE CLUBS KING,0.274,0.0348,0.6912
SPADES FIVE HEARTS JACK,0.288,0.0572,0.6548
HEARTS FIVE CLUBS QUEEN,0.2842,0.05,0.6658
HEARTS THREE CLUBS KING,0.4148,0.0122,0.573
DIAMONDS KING CLUBS KING,0.1818,0.019,0.7992
HEARTS THREE CLUBS QUEEN,0.4324,0.0152,0.5524
DIAMONDS KING CLUBS QUEEN,0.382,0.0076,0.6104
HEARTS FIVE HEARTS JACK,0.2704,0.0646,0.665
HEARTS FIVE HEARTS TEN,0.272,0.0726,0.6554
HEARTS THREE CLUBS ACE,0.4042,0.0036,0.5922
DIAMONDS KING CLUBS ACE,0.377,0.005,0.618
SPADES ACE CLUBS QUEEN,0.3698,0.0038,0.6264
SPADES KING CLUBS QUEEN,0.375,0.0068,0.6182
CLUBS JACK HEARTS THREE,0.4232,0.025,0.5518
CLUBS JACK DIAMONDS KING,0.3656,0.0056,0.6288
SPADES QUEEN CLUBS QUEEN,0.1888,0.0346,0.7766
CLUBS TEN HEARTS THREE,0.4096,0.0304,0.56
CLUBS TEN DIAMONDS KING,0.3618,0.0074,0.6308
SPADES JACK CLUBS QUEEN,0.3544,0.0122,0.6334
CLUBS SIX CLUBS QUEEN,0.2646,0.0488,0.6866
SPADES TEN CLUBS QUEEN,0.3654,0.0094,0.6252
CLUBS SIX CLUBS KING,0.2678,0.0394,0.6928
CLUBS SIX CLUBS ACE,0.269,0.0256,0.7054
HEARTS FIVE HEARTS KING,0.2744,0.0332,0.6924
HEARTS FIVE HEARTS QUEEN,0.284,0.0426,0.6734
CLUBS TEN CLUBS SIX,0.2486,0.0788,0.6726
HEARTS FIVE HEARTS ACE,0.2536,0.0228,0.7236
CLUBS JACK CLUBS SIX,0.266,0.0676,0.6664
SPADES SEVEN HEARTS JACK,0.3622,0.018,0.6198
SPADES SEVEN HEARTS TEN,0.363,0.0296,0.6074
DIAMONDS TWO CLUBS TWO,0.3988,0.142,0.4592
DIAMONDS TWO CLUBS THREE,0.529,0.157,0.314
DIAMONDS TWO HEARTS QUEEN,0.439,0.0114,0.5496
HEARTS SEVEN DIAMONDS TWO,0.4248,0.105,0.4702
DIAMONDS TWO HEARTS KING,0.4302,0.008,0.5618
DIAMONDS TWO HEARTS EIGHT,0.4174,0.0706,0.512
DIAMONDS TWO HEARTS ACE,0.4146,0.0048,0.5806
DIAMONDS TWO HEARTS NINE,0.423,0.0458,0.5312
DIAMONDS TWO DIAMONDS QUEEN,0.411,0.0112,0.5778
DIAMONDS TWO HEARTS TWO,0.3936,0.133,0.4734
DIAMONDS TWO DIAMONDS KING,0.403,0.0084,0.5886
HEARTS THREE DIAMONDS TWO,0.5278,0.159,0.3132
DIAMONDS TWO DIAMONDS ACE,0.393,0.0056,0.6014
HEARTS FOUR DIAMONDS TWO,0.5444,0.16,0.2956
DIAMONDS TWO HEARTS FIVE,0.4936,0.2822,0.2242
SPADES SEVEN HEARTS ACE,0.3732,0.0032,0.6236
DIAMONDS TWO DIAMONDS TEN,0.4094,0.027,0.5636
SPADES SEVEN HEARTS KING,0.376,0.009,0.615
DIAMONDS TWO DIAMONDS JACK,0.3936,0.0226,0.5838
SPADES SEVEN HEARTS QUEEN,0.3712,0.0144,0.6144
DIAMONDS TWO SPADES NINE,0.4354,0.047,0.5176
DIAMONDS TWO SPADES EIGHT,0.4356,0.0666,0.4978
DIAMONDS TWO SPADES SEVEN,0.4268,0.1028,0.4704
DIAMONDS TWO SPADES SIX,0.3386,0.4474,0.214
DIAMONDS TWO SPADES FIVE,0.496,0.2638,0.2402
DIAMONDS TWO SPADES FOUR,0.5364,0.1504,0.3132
DIAMONDS TWO SPADES THREE,0.5448,0.1488,0.3064
DIAMONDS TWO SPADES TWO,0.3748,0.131,0.4942
DIAMONDS TWO CLUBS NINE,0.4324,0.047,0.5206
CLUBS EIGHT DIAMONDS TWO,0.439,0.0674,0.4936
DIAMONDS TWO CLUBS SEVEN,0.4214,0.1002,0.4784
DIAMONDS TWO CLUBS SIX,0.3362,0.4534,0.2104
DIAMONDS TWO CLUBS FOUR,0.5426,0.1584,0.299
CLUBS FOUR SPADES FIVE,0.4806,0.278,0.2414
CLUBS FOUR SPADES FOUR,0.351,0.1238,0.5252
CLUBS FOUR SPADES THREE,0.5384,0.1548,0.3068
CLUBS FOUR SPADES TWO,0.5454,0.1586,0.296
SPADES NINE CLUBS FOUR,0.4114,0.043,0.5456
SPADES EIGHT CLUBS FOUR,0.42,0.0704,0.5096
SPADES SEVEN CLUBS FOUR,0.4036,0.096,0.5004
CLUBS FOUR SPADES SIX,0.3318,0.444,0.2242
SPADES ACE DIAMONDS SIX,0.2818,0.0272,0.691
SPADES QUEEN DIAMONDS SIX,0.2942,0.0474,0.6584
SPADES KING DIAMONDS SIX,0.2816,0.0374,0.681
SPADES TEN DIAMONDS SIX,0.2762,0.0798,0.644
SPADES JACK DIAMONDS SIX,0.2828,0.0618,0.6554
SPADES QUEEN SPADES TWO,0.3914,0.0144,0.5942
SPADES KING SPADES TWO,0.4048,0.0084,0.5868
SPADES ACE SPADES TWO,0.3884,0.0052,0.6064
CLUBS JACK DIAMONDS JACK,0.1816,0.0498,0.7686
CLUBS TEN DIAMONDS JACK,0.3286,0.0122,0.6592
DIAMONDS JACK CLUBS KING,0.3676,0.0066,0.6258
DIAMONDS JACK CLUBS QUEEN,0.3662,0.0084,0.6254
DIAMONDS THREE DIAMONDS JACK,0.3888,0.0198,0.5914
DIAMONDS THREE DIAMONDS TEN,0.407,0.0264,0.5666
DIAMONDS JACK CLUBS ACE,0.3662,0.0038,0.63
DIAMONDS THREE DIAMONDS KING,0.396,0.0074,0.5966
HEARTS THREE DIAMONDS THREE,0.377,0.1274,0.4956
DIAMONDS THREE DIAMONDS QUEEN,0.4034,0.0112,0.5854
DIAMONDS THREE HEARTS TWO,0.5294,0.157,0.3136
HEARTS FIVE DIAMONDS THREE,0.5042,0.2684,0.2274
DIAMONDS THREE DIAMONDS ACE,0.3856,0.005,0.6094
HEARTS FOUR DIAMONDS THREE,0.5352,0.1502,0.3146
HEARTS SEVEN DIAMONDS THREE,0.4122,0.0996,0.4882
SPADES TEN SPADES NINE,0.329,0.0232,0.6478
SPADES JACK SPADES NINE,0.345,0.0174,0.6376
DIAMONDS THREE HEARTS NINE,0.4292,0.0456,0.5252
HEARTS JACK DIAMONDS FOUR,0.4266,0.0204,0.553
HEARTS ACE HEARTS KING,0.3608,0.0048,0.6344
SPADES TEN SPADES TWO,0.4146,0.0246,0.5608
DIAMONDS THREE HEARTS EIGHT,0.425,0.0672,0.5078
HEARTS TEN DIAMONDS FOUR,0.4158,0.0264,0.5578
SPADES JACK SPADES TWO,0.4054,0.019,0.5756
HEARTS QUEEN DIAMONDS FOUR,0.4102,0.014,0.5758
HEARTS KING DIAMONDS FOUR,0.42,0.0078,0.5722
SPADES ACE SPADES NINE,0.3544,0.0026,0.643
HEARTS ACE DIAMONDS FOUR,0.4042,0.0034,0.5924
SPADES KING SPADES NINE,0.36,0.0086,0.6314
SPADES QUEEN SPADES NINE,0.3576,0.009,0.6334
DIAMONDS THREE SPADES NINE,0.4296,0.0392,0.5312
DIAMONDS THREE SPADES EIGHT,0.42,0.0652,0.5148
DIAMONDS THREE SPADES SEVEN,0.4198,0.1066,0.4736
DIAMONDS THREE SPADES SIX,0.3434,0.4408,0.2158
DIAMONDS THREE CLUBS SIX,0.3422,0.4426,0.2152
CLUBS ACE DIAMONDS FOUR,0.4014,0.0054,0.5932
DIAMONDS THREE CLUBS SEVEN,0.4072,0.0996,0.4932
DIAMONDS THREE CLUBS FOUR,0.5364,0.1526,0.311
DIAMONDS FOUR CLUBS QUEEN,0.4212,0.0132,0.5656
DIAMONDS FOUR CLUBS KING,0.4232,0.01,0.5668
DIAMONDS THREE CLUBS TWO,0.5314,0.1594,0.3092
CLUBS TEN DIAMONDS FOUR,0.4048,0.0304,0.5648
DIAMONDS THREE CLUBS THREE,0.3782,0.127,0.4948
CLUBS JACK DIAMONDS FOUR,0.4004,0.0186,0.581
DIAMONDS THREE SPADES FOUR,0.53,0.1454,0.3246
DIAMONDS THREE SPADES FIVE,0.4828,0.2792,0.238
DIAMONDS THREE SPADES TWO,0.5332,0.1572,0.3096
DIAMONDS THREE SPADES THREE,0.3634,0.1264,0.5102
CLUBS EIGHT DIAMONDS THREE,0.4224,0.0654,0.5122
CLUBS NINE DIAMONDS THREE,0.422,0.0492,0.5288
SPADES SEVEN CLUBS ACE,0.3644,0.0038,0.6318
SPADES SEVEN CLUBS QUEEN,0.3798,0.0102,0.61
SPADES SEVEN CLUBS KING,0.36,0.0088,0.6312
CLUBS TEN SPADES SEVEN,0.3636,0.0314,0.605
CLUBS JACK SPADES SEVEN,0.3672,0.0182,0.6146
CLUBS ACE CLUBS QUEEN,0.3616,0.005,0.6334
CLUBS KING CLUBS QUEEN,0.3588,0.0096,0.6316
DIAMONDS TEN DIAMONDS FOUR,0.3894,0.0272,0.5834
CLUBS TEN DIAMONDS NINE,0.353,0.0252,0.6218
DIAMONDS JACK DIAMONDS FOUR,0.391,0.0212,0.5878
CLUBS JACK DIAMONDS NINE,0.3692,0.0148,0.616
CLUBS JACK SPADES NINE,0.361,0.0132,0.6258
CLUBS TEN SPADES NINE,0.357,0.0214,0.6216
DIAMONDS ACE DIAMONDS FOUR,0.385,0.0048,0.6102
HEARTS FOUR DIAMONDS FOUR,0.355,0.1342,0.5108
DIAMONDS JACK HEARTS TEN,0.3364,0.014,0.6496
SPADES NINE CLUBS KING,0.3668,0.007,0.6262
DIAMONDS TWO SPADES TEN,0.4398,0.0296,0.5306
DIAMONDS NINE CLUBS ACE,0.3738,0.0028,0.6234
HEARTS FIVE DIAMONDS FOUR,0.4898,0.2688,0.2414
DIAMONDS JACK HEARTS JACK,0.1796,0.0486,0.7718
SPADES NINE CLUBS QUEEN,0.3642,0.0096,0.6262
DIAMONDS TWO SPADES JACK,0.4186,0.0202,0.5612
DIAMONDS QUEEN DIAMONDS FOUR,0.4158,0.01,0.5742
HEARTS TWO DIAMONDS FOUR,0.5444,0.1546,0.301
DIAMONDS NINE CLUBS QUEEN,0.3858,0.0092,0.605
DIAMONDS KING DIAMONDS FOUR,0.4024,0.0078,0.5898
HEARTS THREE DIAMONDS FOUR,0.53,0.1522,0.3178
SPADES NINE CLUBS ACE,0.3804,0.0036,0.616
DIAMONDS NINE CLUBS KING,0.366,0.009,0.625
HEARTS ACE DIAMONDS JACK,0.3704,0.0036,0.626
SPADES ACE DIAMONDS TWO,0.4152,0.003,0.5818
HEARTS QUEEN DIAMONDS JACK,0.3648,0.0098,0.6254
SPADES QUEEN DIAMONDS TWO,0.4354,0.0128,0.5518
DIAMONDS JACK HEARTS KING,0.3694,0.0072,0.6234
SPADES KING DIAMONDS TWO,0.4292,0.0068,0.564
SPADES JACK SPADES SEVEN,0.3642,0.0188,0.617
SPADES TEN SPADES SEVEN,0.3298,0.0304,0.6398
CLUBS SEVEN CLUBS THREE,0.3894,0.1064,0.5042
CLUBS SIX CLUBS THREE,0.3078,0.436,0.2562
CLUBS THREE CLUBS FOUR,0.5158,0.141,0.3432
CLUBS NINE CLUBS THREE,0.4058,0.0402,0.554
CLUBS EIGHT CLUBS THREE,0.4044,0.0692,0.5264
CLUBS THREE SPADES FIVE,0.4976,0.2676,0.2348
CLUBS THREE SPADES FOUR,0.5292,0.146,0.3248
CLUBS THREE SPADES THREE,0.3752,0.1238,0.501
CLUBS THREE SPADES TWO,0.5422,0.1472,0.3106
CLUBS THREE SPADES SIX,0.3434,0.4486,0.208
CLUBS THREE SPADES SEVEN,0.4152,0.0998,0.485
SPADES EIGHT CLUBS THREE,0.4426,0.0694,0.488
SPADES NINE CLUBS THREE,0.4252,0.046,0.5288
SPADES TWO DIAMONDS FOUR,0.5416,0.149,0.3094
SPADES THREE DIAMONDS FOUR,0.5422,0.1474,0.3104
SPADES FOUR DIAMONDS FOUR,0.3726,0.122,0.5054
SPADES FIVE DIAMONDS FOUR,0.487,0.2642,0.2488
SPADES SIX DIAMONDS FOUR,0.3316,0.444,0.2244
SPADES SEVEN DIAMONDS FOUR,0.4092,0.0992,0.4916
SPADES EIGHT DIAMONDS FOUR,0.413,0.0638,0.5232
SPADES NINE DIAMONDS FOUR,0.4244,0.0428,0.5328
CLUBS FOUR DIAMONDS FOUR,0.362,0.1198,0.5182
CLUBS SEVEN DIAMONDS FOUR,0.4086,0.1138,0.4776
CLUBS SIX DIAMONDS FOUR,0.3226,0.4622,0.2152
CLUBS NINE DIAMONDS FOUR,0.4284,0.0436,0.528
CLUBS EIGHT DIAMONDS FOUR,0.4144,0.0708,0.5148
HEARTS SEVEN DIAMONDS FOUR,0.397,0.1018,0.5012
DIAMONDS FOUR HEARTS NINE,0.43,0.0412,0.5288
DIAMONDS FOUR HEARTS EIGHT,0.4102,0.0686,0.5212
CLUBS THREE DIAMONDS FOUR,0.5348,0.15,0.3152
CLUBS TWO DIAMONDS FOUR,0.545,0.1596,0.2954
DIAMONDS TEN DIAMONDS FIVE,0.2768,0.0816,0.6416
DIAMONDS JACK DIAMONDS FIVE,0.2756,0.0514,0.673
DIAMONDS NINE HEARTS QUEEN,0.363,0.0114,0.6256
DIAMONDS NINE HEARTS KING,0.3658,0.008,0.6262
HEARTS ACE DIAMONDS NINE,0.3622,0.0028,0.635
DIAMONDS NINE HEARTS TEN,0.3442,0.0264,0.6294
DIAMONDS NINE HEARTS JACK,0.3546,0.0172,0.6282
CLUBS KING DIAMONDS SIX,0.2692,0.0408,0.69
CLUBS QUEEN DIAMONDS SIX,0.2776,0.05,0.6724
CLUBS ACE DIAMONDS SIX,0.2728,0.0304,0.6968
SPADES KING DIAMONDS FOUR,0.42,0.008,0.572
SPADES ACE SPADES SEVEN,0.347,0.003,0.65
SPADES QUEEN DIAMONDS FOUR,0.4168,0.0134,0.5698
SPADES QUEEN SPADES SEVEN,0.3574,0.01,0.6326
CLUBS JACK DIAMONDS SIX,0.2822,0.0572,0.6606
SPADES KING SPADES SEVEN,0.3584,0.0088,0.6328
SPADES ACE DIAMONDS FOUR,0.4086,0.0048,0.5866
CLUBS TEN DIAMONDS SIX,0.2648,0.08,0.6552
CLUBS NINE CLUBS FOUR,0.4144,0.0388,0.5468
CLUBS EIGHT CLUBS FOUR,0.3984,0.0632,0.5384
SPADES JACK DIAMONDS FOUR,0.4224,0.0182,0.5594
SPADES TEN DIAMONDS FOUR,0.417,0.0284,0.5546
CLUBS SEVEN CLUBS FOUR,0.3896,0.0972,0.5132
CLUBS SIX CLUBS FOUR,0.3158,0.4332,0.251
CLUBS SEVEN SPADES EIGHT,0.3352,0.0592,0.6056
SPADES NINE CLUBS SEVEN,0.3586,0.0384,0.603
CLUBS SEVEN SPADES SIX,0.2332,0.1946,0.5722
CLUBS SEVEN SPADES SEVEN,0.1388,0.1028,0.7584
CLUBS SEVEN SPADES FIVE,0.2376,0.1956,0.5668
CLUBS SEVEN SPADES FOUR,0.3996,0.1058,0.4946
CLUBS SEVEN SPADES THREE,0.4056,0.108,0.4864
CLUBS SEVEN SPADES TWO,0.4292,0.1052,0.4656
CLUBS NINE CLUBS SEVEN,0.3422,0.0392,0.6186
CLUBS EIGHT CLUBS SEVEN,0.3182,0.0594,0.6224
HEARTS SEVEN DIAMONDS FIVE,0.2414,0.1942,0.5644
DIAMONDS FIVE HEARTS EIGHT,0.2506,0.1474,0.602
DIAMONDS FIVE HEARTS NINE,0.2848,0.1052,0.61
DIAMONDS QUEEN DIAMONDS FIVE,0.2688,0.0418,0.6894
HEARTS TWO DIAMONDS FIVE,0.51,0.2602,0.2298
HEARTS KING HEARTS EIGHT,0.3462,0.0076,0.6462
DIAMONDS KING DIAMONDS FIVE,0.27,0.0304,0.6996
HEARTS THREE DIAMONDS FIVE,0.4988,0.2678,0.2334
HEARTS QUEEN HEARTS EIGHT,0.3396,0.0104,0.65
DIAMONDS ACE DIAMONDS FIVE,0.2586,0.0206,0.7208
HEARTS FOUR DIAMONDS FIVE,0.4898,0.2754,0.2348
HEARTS FIVE DIAMONDS FIVE,0.2874,0.1078,0.6048
HEARTS ACE HEARTS EIGHT,0.3602,0.0052,0.6346
CLUBS FOUR DIAMONDS FIVE,0.4712,0.2886,0.2402
CLUBS SIX DIAMONDS FIVE,0.0072,0.9782,0.0146
CLUBS SEVEN DIAMONDS FIVE,0.2368,0.2058,0.5574
CLUBS TWO DIAMONDS FIVE,0.5054,0.2688,0.2258
CLUBS THREE DIAMONDS FIVE,0.4842,0.2784,0.2374
SPADES THREE DIAMONDS FIVE,0.484,0.2772,0.2388
SPADES TWO DIAMONDS FIVE,0.4996,0.261,0.2394
SPADES JACK DIAMONDS EIGHT,0.3854,0.016,0.5986
SPADES FIVE DIAMONDS FIVE,0.2866,0.1028,0.6106
CLUBS TEN HEARTS JACK,0.3376,0.014,0.6484
SPADES TEN DIAMONDS EIGHT,0.3676,0.0216,0.6108
SPADES FOUR DIAMONDS FIVE,0.4762,0.2674,0.2564
CLUBS JACK HEARTS JACK,0.1804,0.0454,0.7742
HEARTS JACK CLUBS QUEEN,0.3666,0.0082,0.6252
CLUBS NINE DIAMONDS FIVE,0.2708,0.1088,0.6204
CLUBS EIGHT DIAMONDS FIVE,0.255,0.1408,0.6042
HEARTS JACK CLUBS KING,0.3668,0.0098,0.6234
CLUBS ACE HEARTS JACK,0.3668,0.0076,0.6256
SPADES SEVEN DIAMONDS FIVE,0.2544,0.1848,0.5608
SPADES KING DIAMONDS EIGHT,0.3864,0.0064,0.6072
SPADES QUEEN DIAMONDS EIGHT,0.374,0.01,0.616
SPADES SIX DIAMONDS FIVE,0.0186,0.9582,0.0232
SPADES NINE DIAMONDS FIVE,0.2616,0.1056,0.6328
SPADES EIGHT DIAMONDS FIVE,0.262,0.1492,0.5888
SPADES ACE DIAMONDS EIGHT,0.3674,0.0028,0.6298
DIAMONDS TEN DIAMONDS SIX,0.2548,0.0772,0.668
HEARTS ACE DIAMONDS SEVEN,0.3676,0.004,0.6284
DIAMONDS JACK DIAMONDS SIX,0.2744,0.0542,0.6714
HEARTS QUEEN DIAMONDS SEVEN,0.3718,0.0098,0.6184
HEARTS KING DIAMONDS SEVEN,0.3658,0.01,0.6242
DIAMONDS ACE DIAMONDS SIX,0.2714,0.0218,0.7068
HEARTS FOUR DIAMONDS SIX,0.3304,0.4568,0.2128
SPADES TWO HEARTS JACK,0.436,0.0208,0.5432
HEARTS FIVE DIAMONDS SIX,0.0182,0.9724,0.0094
SPADES TWO HEARTS TEN,0.4332,0.0314,0.5354
DIAMONDS QUEEN DIAMONDS SIX,0.2718,0.049,0.6792
HEARTS TWO DIAMONDS SIX,0.3466,0.45,0.2034
DIAMONDS KING DIAMONDS SIX,0.2852,0.0364,0.6784
HEARTS THREE DIAMONDS SIX,0.3436,0.4578,0.1986
HEARTS EIGHT DIAMONDS SIX,0.246,0.1488,0.6052
HEARTS NINE DIAMONDS SIX,0.2732,0.1056,0.6212
HEARTS SEVEN DIAMONDS SIX,0.2396,0.2024,0.558
HEARTS TEN DIAMONDS SEVEN,0.3604,0.0242,0.6154
CLUBS TWO DIAMONDS SIX,0.3512,0.453,0.1958
HEARTS JACK DIAMONDS SEVEN,0.3756,0.0156,0.6088
CLUBS THREE DIAMONDS SIX,0.3468,0.4412,0.212
CLUBS SEVEN DIAMONDS SIX,0.242,0.196,0.562
CLUBS JACK DIAMONDS EIGHT,0.3666,0.0194,0.614
CLUBS SIX DIAMONDS SIX,0.1202,0.1194,0.7604
CLUBS TEN DIAMONDS EIGHT,0.361,0.0286,0.6104
CLUBS FOUR DIAMONDS SIX,0.324,0.4616,0.2144
HEARTS ACE HEARTS JACK,0.3642,0.0048,0.631
DIAMONDS EIGHT CLUBS ACE,0.363,0.0044,0.6326
HEARTS QUEEN HEARTS JACK,0.3444,0.0106,0.645
DIAMONDS EIGHT CLUBS KING,0.364,0.0076,0.6284
CLUBS NINE DIAMONDS SIX,0.266,0.1072,0.6268
HEARTS KING HEARTS JACK,0.3442,0.0084,0.6474
CLUBS EIGHT DIAMONDS SIX,0.2546,0.1476,0.5978
DIAMONDS EIGHT CLUBS QUEEN,0.3784,0.0128,0.6088
SPADES TEN HEARTS KING,0.3698,0.0072,0.623
SPADES FIVE DIAMONDS SIX,0.0206,0.9596,0.0198
HEARTS ACE SPADES TWO,0.4192,0.0062,0.5746
SPADES JACK HEARTS KING,0.3748,0.0072,0.618
SPADES FOUR DIAMONDS SIX,0.3336,0.4322,0.2342
SPADES THREE DIAMONDS SIX,0.3448,0.4338,0.2214
HEARTS QUEEN SPADES TWO,0.4408,0.0106,0.5486
SPADES ACE SPADES KING,0.3588,0.0046,0.6366
HEARTS KING SPADES TWO,0.4294,0.0122,0.5584
SPADES TWO DIAMONDS SIX,0.3476,0.4322,0.2202
HEARTS TEN HEARTS EIGHT,0.3318,0.0296,0.6386
SPADES NINE DIAMONDS SIX,0.2848,0.1012,0.614
HEARTS JACK HEARTS EIGHT,0.348,0.0144,0.6376
SPADES EIGHT DIAMONDS SIX,0.2624,0.1498,0.5878
SPADES SEVEN DIAMONDS SIX,0.2432,0.2018,0.555
SPADES SIX DIAMONDS SIX,0.1358,0.1074,0.7568
SPADES KING HEARTS KING,0.179,0.0144,0.8066
SPADES QUEEN HEARTS KING,0.3718,0.0064,0.6218
CLUBS ACE CLUBS KING,0.3588,0.0046,0.6366
SPADES ACE HEARTS KING,0.3762,0.0044,0.6194
SPADES ACE HEARTS JACK,0.3554,0.0062,0.6384
SPADES QUEEN HEARTS JACK,0.3678,0.0092,0.623
SPADES KING HEARTS JACK,0.3662,0.0074,0.6264
SPADES TEN DIAMONDS TEN,0.1844,0.0616,0.754
SPADES JACK DIAMONDS TEN,0.341,0.0166,0.6424
SPADES ACE DIAMONDS TEN,0.3756,0.0046,0.6198
SPADES JACK HEARTS JACK,0.1746,0.056,0.7694
SPADES TEN HEARTS JACK,0.3298,0.0166,0.6536
SPADES QUEEN DIAMONDS TEN,0.3564,0.0102,0.6334
SPADES KING DIAMONDS TEN,0.3734,0.0076,0.619
SPADES NINE DIAMONDS SEVEN,0.3536,0.0388,0.6076
SPADES EIGHT DIAMONDS SEVEN,0.3496,0.059,0.5914
SPADES SEVEN DIAMONDS SEVEN,0.1544,0.1126,0.733
SPADES SIX DIAMONDS SEVEN,0.2516,0.196,0.5524
DIAMONDS KING DIAMONDS SEVEN,0.346,0.006,0.648
HEARTS THREE DIAMONDS SEVEN,0.418,0.101,0.481
HEARTS KING DIAMONDS FIVE,0.2816,0.034,0.6844
DIAMONDS QUEEN DIAMONDS SEVEN,0.334,0.0132,0.6528
HEARTS TWO DIAMONDS SEVEN,0.4308,0.1014,0.4678
HEARTS QUEEN DIAMONDS FIVE,0.3026,0.0472,0.6502
HEARTS FIVE DIAMONDS SEVEN,0.2506,0.1938,0.5556
DIAMONDS ACE DIAMONDS SEVEN,0.3468,0.0054,0.6478
HEARTS FOUR DIAMONDS SEVEN,0.4028,0.112,0.4852
HEARTS ACE DIAMONDS FIVE,0.2618,0.0192,0.719
HEARTS SEVEN DIAMONDS SEVEN,0.1476,0.1112,0.7412
DIAMONDS SEVEN HEARTS NINE,0.3508,0.043,0.6062
HEARTS EIGHT DIAMONDS SEVEN,0.3306,0.0628,0.6066
DIAMONDS JACK DIAMONDS SEVEN,0.3532,0.0156,0.6312
DIAMONDS FIVE HEARTS JACK,0.2662,0.057,0.6768
DIAMONDS TEN DIAMONDS SEVEN,0.3242,0.028,0.6478
HEARTS TEN DIAMONDS FIVE,0.2872,0.0774,0.6354
CLUBS EIGHT DIAMONDS SEVEN,0.3386,0.0614,0.6
SPADES KING CLUBS TWO,0.4324,0.0082,0.5594
HEARTS KING CLUBS KING,0.1824,0.0196,0.798
SPADES QUEEN CLUBS TWO,0.4374,0.0166,0.546
HEARTS KING CLUBS QUEEN,0.3512,0.007,0.6418
CLUBS NINE DIAMONDS SEVEN,0.348,0.042,0.61
CLUBS JACK SPADES TWO,0.4218,0.0178,0.5604
CLUBS SIX CLUBS SEVEN,0.2224,0.197,0.5806
SPADES ACE CLUBS TWO,0.4248,0.0058,0.5694
CLUBS TEN SPADES TWO,0.4244,0.0302,0.5454
HEARTS KING CLUBS ACE,0.3664,0.004,0.6296
SPADES TWO CLUBS KING,0.429,0.0092,0.5618
SPADES TWO DIAMONDS SEVEN,0.4388,0.1032,0.458
CLUBS EIGHT CLUBS SIX,0.25,0.1428,0.6072
SPADES THREE DIAMONDS SEVEN,0.4198,0.1006,0.4796
SPADES TWO CLUBS QUEEN,0.4366,0.0144,0.549
CLUBS NINE CLUBS SIX,0.2608,0.1178,0.6214
SPADES FOUR DIAMONDS SEVEN,0.4096,0.0938,0.4966
CLUBS JACK HEARTS KING,0.373,0.0088,0.6182
SPADES FIVE DIAMONDS SEVEN,0.2366,0.2054,0.558
SPADES TWO CLUBS ACE,0.4086,0.0076,0.5838
CLUBS TEN HEARTS KING,0.3488,0.0066,0.6446
CLUBS SIX SPADES TWO,0.3468,0.4396,0.2136
CLUBS SIX SPADES THREE,0.3342,0.4504,0.2154
CLUBS TWO DIAMONDS SEVEN,0.4278,0.1084,0.4638
CLUBS SIX SPADES FOUR,0.3168,0.4652,0.218
CLUBS THREE DIAMONDS SEVEN,0.4236,0.1006,0.4758
CLUBS SIX SPADES FIVE,0.0108,0.969,0.0202
CLUBS FOUR DIAMONDS SEVEN,0.394,0.1124,0.4936
CLUBS SIX SPADES SIX,0.1174,0.1138,0.7688
CLUBS SIX SPADES SEVEN,0.2418,0.1906,0.5676
CLUBS SIX DIAMONDS SEVEN,0.2318,0.2046,0.5636
CLUBS SIX SPADES EIGHT,0.2534,0.144,0.6026
SPADES JACK CLUBS TWO,0.4426,0.0214,0.536
CLUBS SEVEN DIAMONDS SEVEN,0.1464,0.1076,0.746
CLUBS SIX SPADES NINE,0.2754,0.0978,0.6268
SPADES TEN CLUBS TWO,0.4304,0.0288,0.5408
CLUBS TWO CLUBS QUEEN,0.4056,0.0134,0.581
CLUBS TWO CLUBS KING,0.4106,0.0098,0.5796
CLUBS THREE DIAMONDS EIGHT,0.436,0.0682,0.4958
CLUBS TWO CLUBS ACE,0.4054,0.0048,0.5898
CLUBS TWO DIAMONDS EIGHT,0.4356,0.068,0.4964
HEARTS SEVEN DIAMONDS EIGHT,0.3386,0.0604,0.601
DIAMONDS EIGHT HEARTS NINE,0.3488,0.0376,0.6136
CLUBS TEN CLUBS TWO,0.4026,0.0314,0.566
DIAMONDS EIGHT HEARTS EIGHT,0.1614,0.0908,0.7478
CLUBS JACK CLUBS TWO,0.4028,0.0198,0.5774
CLUBS NINE DIAMONDS EIGHT,0.339,0.0376,0.6234
CLUBS EIGHT DIAMONDS EIGHT,0.1716,0.0842,0.7442
SPADES ACE SPADES THREE,0.377,0.0046,0.6184
CLUBS FOUR DIAMONDS EIGHT,0.4192,0.0606,0.5202
CLUBS SEVEN DIAMONDS EIGHT,0.3372,0.0606,0.6022
SPADES QUEEN SPADES THREE,0.4012,0.0128,0.586
CLUBS SIX DIAMONDS EIGHT,0.2524,0.1516,0.596
SPADES KING SPADES THREE,0.3852,0.0086,0.6062
DIAMONDS QUEEN DIAMONDS EIGHT,0.3598,0.0112,0.629
HEARTS TWO DIAMONDS EIGHT,0.4404,0.0738,0.4858
DIAMONDS KING DIAMONDS EIGHT,0.3664,0.008,0.6256
HEARTS THREE DIAMONDS EIGHT,0.4364,0.0652,0.4984
DIAMONDS ACE DIAMONDS EIGHT,0.343,0.0054,0.6516
HEARTS FOUR DIAMONDS EIGHT,0.4214,0.0652,0.5134
HEARTS FIVE DIAMONDS EIGHT,0.2646,0.1476,0.5878
DIAMONDS EIGHT DIAMONDS TEN,0.3378,0.0268,0.6354
DIAMONDS EIGHT DIAMONDS JACK,0.344,0.017,0.639
SPADES JACK SPADES THREE,0.3914,0.02,0.5886
SPADES TEN SPADES THREE,0.394,0.0292,0.5768
CLUBS FOUR HEARTS ACE,0.4018,0.0054,0.5928
CLUBS FOUR HEARTS QUEEN,0.4182,0.0166,0.5652
CLUBS FOUR HEARTS KING,0.4224,0.0126,0.565
CLUBS SIX HEARTS TEN,0.2606,0.0782,0.6612
CLUBS SIX HEARTS JACK,0.2732,0.0562,0.6706
DIAMONDS EIGHT SPADES FOUR,0.4144,0.0662,0.5194
SPADES FIVE DIAMONDS EIGHT,0.2824,0.1424,0.5752
DIAMONDS EIGHT SPADES TWO,0.4224,0.0688,0.5088
DIAMONDS EIGHT SPADES THREE,0.4204,0.0676,0.512
CLUBS FOUR HEARTS JACK,0.4144,0.0234,0.5622
SPADES EIGHT DIAMONDS EIGHT,0.1662,0.0922,0.7416
SPADES TEN DIAMONDS QUEEN,0.3628,0.0106,0.6266
SPADES TEN HEARTS TWO,0.4486,0.0268,0.5246
SPADES JACK HEARTS EIGHT,0.3718,0.0198,0.6084
CLUBS FOUR HEARTS TEN,0.4302,0.0298,0.54
SPADES NINE DIAMONDS EIGHT,0.3662,0.039,0.5948
SPADES TEN HEARTS EIGHT,0.3544,0.0266,0.619
SPADES JACK HEARTS TWO,0.4378,0.0164,0.5458
SPADES JACK DIAMONDS QUEEN,0.3702,0.0082,0.6216
SPADES SIX DIAMONDS EIGHT,0.27,0.1492,0.5808
SPADES SEVEN DIAMONDS EIGHT,0.3428,0.0664,0.5908
SPADES ACE HEARTS TWO,0.4238,0.004,0.5722
SPADES ACE DIAMONDS QUEEN,0.3742,0.0038,0.622
SPADES ACE HEARTS EIGHT,0.3634,0.003,0.6336
SPADES KING HEARTS EIGHT,0.3736,0.007,0.6194
SPADES QUEEN HEARTS TWO,0.4336,0.0122,0.5542
SPADES QUEEN DIAMONDS QUEEN,0.1984,0.0326,0.769
SPADES KING DIAMONDS QUEEN,0.377,0.0048,0.6182
SPADES KING HEARTS TWO,0.435,0.0094,0.5556
SPADES QUEEN HEARTS EIGHT,0.3766,0.0128,0.6106
CLUBS TWO HEARTS TEN,0.4202,0.031,0.5488
CLUBS TWO HEARTS JACK,0.4316,0.0214,0.547
SPADES SEVEN DIAMONDS NINE,0.3514,0.0378,0.6108
SPADES SIX DIAMONDS NINE,0.2696,0.1116,0.6188
SPADES NINE DIAMONDS NINE,0.1926,0.0742,0.7332
SPADES EIGHT DIAMONDS NINE,0.3532,0.0428,0.604
SPADES TEN CLUBS KING,0.3594,0.0066,0.634
DIAMONDS NINE SPADES THREE,0.4382,0.0428,0.519
SPADES JACK CLUBS KING,0.3764,0.0052,0.6184
DIAMONDS NINE SPADES TWO,0.4338,0.04,0.5262
DIAMONDS NINE SPADES FIVE,0.2726,0.0996,0.6278
DIAMONDS NINE SPADES FOUR,0.4252,0.0376,0.5372
CLUBS NINE DIAMONDS NINE,0.1806,0.076,0.7434
CLUBS EIGHT DIAMONDS NINE,0.3476,0.0382,0.6142
CLUBS SIX DIAMONDS NINE,0.2812,0.1066,0.6122
SPADES JACK CLUBS FOUR,0.4272,0.021,0.5518
CLUBS SEVEN DIAMONDS NINE,0.3464,0.0376,0.616
SPADES TEN CLUBS FOUR,0.4274,0.0268,0.5458
CLUBS FOUR DIAMONDS NINE,0.4202,0.0462,0.5336
DIAMONDS NINE CLUBS TWO,0.4384,0.0408,0.5208
CLUBS THREE DIAMONDS NINE,0.427,0.047,0.526
DIAMONDS NINE HEARTS EIGHT,0.3532,0.0396,0.6072
DIAMONDS NINE HEARTS NINE,0.172,0.078,0.75
HEARTS SEVEN DIAMONDS NINE,0.3532,0.043,0.6038
CLUBS EIGHT CLUBS NINE,0.33,0.0366,0.6334
DIAMONDS ACE DIAMONDS NINE,0.35,0.0052,0.6448
HEARTS FOUR DIAMONDS NINE,0.4324,0.0454,0.5222
HEARTS FIVE DIAMONDS NINE,0.2754,0.1082,0.6164
HEARTS ACE CLUBS TWO,0.4114,0.0066,0.582
SPADES ACE CLUBS FOUR,0.4154,0.0052,0.5794
DIAMONDS QUEEN DIAMONDS NINE,0.3534,0.0108,0.6358
HEARTS TWO DIAMONDS NINE,0.4414,0.0446,0.514
CLUBS TWO HEARTS KING,0.4446,0.0114,0.544
SPADES KING CLUBS FOUR,0.4324,0.009,0.5586
DIAMONDS KING DIAMONDS NINE,0.358,0.0078,0.6342
HEARTS THREE DIAMONDS NINE,0.424,0.04,0.536
CLUBS TWO HEARTS QUEEN,0.441,0.0124,0.5466
SPADES QUEEN CLUBS FOUR,0.417,0.0138,0.5692
DIAMONDS NINE DIAMONDS JACK,0.3558,0.0138,0.6304
CLUBS EIGHT SPADES NINE,0.3436,0.0392,0.6172
DIAMONDS NINE DIAMONDS TEN,0.3244,0.0264,0.6492
CLUBS EIGHT SPADES EIGHT,0.158,0.0946,0.7474
CLUBS EIGHT SPADES SEVEN,0.331,0.0604,0.6086
CLUBS EIGHT SPADES SIX,0.2544,0.1496,0.596
CLUBS EIGHT SPADES FIVE,0.251,0.152,0.597
CLUBS EIGHT SPADES FOUR,0.4092,0.0686,0.5222
CLUBS EIGHT SPADES THREE,0.4268,0.0644,0.5088
CLUBS EIGHT SPADES TWO,0.4326,0.0614,0.506
HEARTS SEVEN DIAMONDS TEN,0.3522,0.0272,0.6206
DIAMONDS TEN HEARTS EIGHT,0.3422,0.0308,0.627
CLUBS JACK CLUBS FOUR,0.4016,0.022,0.5764
DIAMONDS TEN HEARTS NINE,0.3498,0.0234,0.6268
CLUBS TEN CLUBS FOUR,0.4114,0.0324,0.5562
CLUBS FOUR CLUBS KING,0.4026,0.0092,0.5882
CLUBS FOUR CLUBS QUEEN,0.3942,0.0154,0.5904
CLUBS TWO DIAMONDS TEN,0.439,0.0266,0.5344
CLUBS THREE DIAMONDS TEN,0.4276,0.024,0.5484
CLUBS FOUR CLUBS ACE,0.383,0.0074,0.6096
DIAMONDS JACK DIAMONDS TEN,0.3384,0.0154,0.6462
DIAMONDS QUEEN DIAMONDS TEN,0.3414,0.0092,0.6494
HEARTS TWO DIAMONDS TEN,0.4394,0.028,0.5326
DIAMONDS KING DIAMONDS TEN,0.332,0.0076,0.6604
HEARTS THREE DIAMONDS TEN,0.4272,0.0336,0.5392
DIAMONDS ACE DIAMONDS TEN,0.3428,0.0032,0.654
HEARTS FOUR DIAMONDS TEN,0.4224,0.0312,0.5464
CLUBS EIGHT HEARTS JACK,0.3704,0.0202,0.6094
HEARTS FIVE DIAMONDS TEN,0.298,0.0804,0.6216
CLUBS EIGHT HEARTS TEN,0.3536,0.0262,0.6202
CLUBS EIGHT HEARTS QUEEN,0.361,0.0104,0.6286
CLUBS EIGHT HEARTS KING,0.37,0.0092,0.6208
CLUBS EIGHT HEARTS ACE,0.358,0.0054,0.6366
CLUBS NINE SPADES THREE,0.4134,0.044,0.5426
CLUBS NINE SPADES TWO,0.425,0.049,0.526
CLUBS NINE SPADES FIVE,0.2634,0.1118,0.6248
CLUBS NINE SPADES FOUR,0.4236,0.0446,0.5318
CLUBS NINE SPADES SEVEN,0.356,0.037,0.607
CLUBS NINE SPADES SIX,0.2638,0.1128,0.6234
CLUBS NINE SPADES NINE,0.1684,0.0766,0.755
CLUBS TEN HEARTS EIGHT,0.3558,0.0274,0.6168
CLUBS NINE SPADES EIGHT,0.3526,0.035,0.6124
CLUBS JACK HEARTS EIGHT,0.358,0.0176,0.6244
HEARTS EIGHT CLUBS QUEEN,0.3758,0.0088,0.6154
CLUBS KING HEARTS EIGHT,0.378,0.0084,0.6136
CLUBS ACE HEARTS EIGHT,0.3684,0.0054,0.6262
SPADES KING CLUBS KING,0.1854,0.0208,0.7938
SPADES QUEEN CLUBS KING,0.3652,0.0068,0.628
SPADES ACE CLUBS KING,0.378,0.004,0.618
DIAMONDS ACE HEARTS TEN,0.3588,0.005,0.6362
HEARTS FOUR HEARTS TEN,0.3928,0.0294,0.5778
DIAMONDS ACE HEARTS JACK,0.3696,0.0054,0.625
HEARTS FOUR HEARTS JACK,0.4044,0.0182,0.5774
HEARTS SEVEN DIAMONDS JACK,0.3628,0.017,0.6202
DIAMONDS JACK HEARTS NINE,0.3668,0.0158,0.6174
DIAMONDS JACK HEARTS EIGHT,0.3688,0.0174,0.6138
DIAMONDS KING DIAMONDS JACK,0.3502,0.007,0.6428
HEARTS THREE DIAMONDS JACK,0.4328,0.0214,0.5458
SPADES ACE SPADES SIX,0.2616,0.0226,0.7158
HEARTS ACE SPADES FOUR,0.4102,0.0056,0.5842
DIAMONDS QUEEN DIAMONDS JACK,0.3408,0.0096,0.6496
HEARTS TWO DIAMONDS JACK,0.4408,0.0206,0.5386
HEARTS FIVE DIAMONDS JACK,0.2856,0.0614,0.653
SPADES QUEEN SPADES SIX,0.266,0.0438,0.6902
SPADES FOUR HEARTS QUEEN,0.4198,0.0126,0.5676
DIAMONDS ACE DIAMONDS JACK,0.3514,0.003,0.6456
HEARTS FOUR DIAMONDS JACK,0.423,0.0196,0.5574
SPADES KING SPADES SIX,0.269,0.0374,0.6936
SPADES FOUR HEARTS KING,0.4114,0.0112,0.5774
SPADES TEN SPADES SIX,0.2652,0.0758,0.659
SPADES JACK SPADES SIX,0.2722,0.0638,0.664
SPADES FOUR DIAMONDS JACK,0.4222,0.0156,0.5622
SPADES FIVE DIAMONDS JACK,0.2932,0.0616,0.6452
DIAMONDS JACK SPADES TWO,0.436,0.02,0.544
DIAMONDS JACK SPADES THREE,0.437,0.015,0.548
SPADES ACE DIAMONDS THREE,0.4172,0.0048,0.578
CLUBS EIGHT DIAMONDS JACK,0.369,0.0198,0.6112
SPADES QUEEN DIAMONDS THREE,0.4298,0.0136,0.5566
SPADES KING DIAMONDS THREE,0.4284,0.0066,0.565
CLUBS NINE DIAMONDS JACK,0.357,0.0168,0.6262
CLUBS SIX DIAMONDS JACK,0.2806,0.0656,0.6538
CLUBS SEVEN DIAMONDS JACK,0.3678,0.018,0.6142
CLUBS FOUR DIAMONDS JACK,0.4228,0.021,0.5562
CLUBS TWO DIAMONDS JACK,0.4326,0.018,0.5494
CLUBS THREE DIAMONDS JACK,0.4298,0.019,0.5512
SPADES JACK DIAMONDS THREE,0.4348,0.0212,0.544
CLUBS SEVEN CLUBS ACE,0.3576,0.0054,0.637
DIAMONDS THREE SPADES TEN,0.4208,0.0312,0.548
CLUBS SEVEN CLUBS QUEEN,0.357,0.0116,0.6314
CLUBS SEVEN CLUBS KING,0.356,0.007,0.637
SPADES NINE DIAMONDS JACK,0.3664,0.0164,0.6172
CLUBS TEN CLUBS SEVEN,0.342,0.0266,0.6314
DIAMONDS ACE HEARTS ACE,0.176,0.0032,0.8208
HEARTS FOUR HEARTS ACE,0.3902,0.0054,0.6044
SPADES EIGHT DIAMONDS JACK,0.3682,0.0146,0.6172
CLUBS JACK CLUBS SEVEN,0.35,0.019,0.631
DIAMONDS ACE HEARTS KING,0.3586,0.0048,0.6366
HEARTS FOUR HEARTS KING,0.414,0.009,0.577
SPADES SEVEN DIAMONDS JACK,0.3662,0.015,0.6188
DIAMONDS ACE HEARTS QUEEN,0.3692,0.0036,0.6272
HEARTS FOUR HEARTS QUEEN,0.3996,0.0142,0.5862
SPADES SIX DIAMONDS JACK,0.2936,0.0584,0.648
DIAMONDS TEN SPADES TWO,0.4288,0.0266,0.5446
SPADES THREE DIAMONDS TEN,0.4356,0.0252,0.5392
SPADES FOUR DIAMONDS TEN,0.4216,0.028,0.5504
SPADES FIVE DIAMONDS TEN,0.2796,0.073,0.6474
SPADES SIX DIAMONDS TEN,0.2734,0.084,0.6426
SPADES SEVEN DIAMONDS TEN,0.3568,0.0288,0.6144
SPADES EIGHT DIAMONDS TEN,0.3566,0.027,0.6164
SPADES NINE DIAMONDS TEN,0.365,0.0252,0.6098
CLUBS FOUR DIAMONDS TEN,0.4194,0.0248,0.5558
CLUBS SIX DIAMONDS TEN,0.2612,0.084,0.6548
CLUBS SEVEN DIAMONDS TEN,0.3626,0.0298,0.6076
CLUBS EIGHT DIAMONDS TEN,0.3482,0.0268,0.625
CLUBS NINE DIAMONDS TEN,0.3506,0.0192,0.6302
CLUBS JACK DIAMONDS THREE,0.4202,0.021,0.5588
CLUBS TEN DIAMONDS THREE,0.4148,0.0302,0.555
DIAMONDS THREE CLUBS KING,0.434,0.0104,0.5556
DIAMONDS THREE CLUBS QUEEN,0.4372,0.0138,0.549
DIAMONDS THREE CLUBS ACE,0.408,0.0052,0.5868
SPADES FOUR HEARTS JACK,0.4168,0.0226,0.5606
SPADES FOUR HEARTS TEN,0.4162,0.0284,0.5554
SPADES FIVE SPADES TWO,0.4592,0.2568,0.284
SPADES FOUR SPADES TWO,0.5202,0.1434,0.3364
SPADES THREE SPADES TWO,0.503,0.146,0.351
SPADES NINE SPADES TWO,0.4026,0.0436,0.5538
SPADES EIGHT SPADES TWO,0.4086,0.0598,0.5316
SPADES SEVEN SPADES TWO,0.3942,0.1026,0.5032
SPADES SIX SPADES TWO,0.3144,0.422,0.2636
DIAMONDS QUEEN CLUBS THREE,0.4312,0.016,0.5528
CLUBS THREE HEARTS TWO,0.5346,0.1576,0.3078
DIAMONDS QUEEN CLUBS TWO,0.4394,0.0132,0.5474
HEARTS TWO CLUBS TWO,0.3842,0.1272,0.4886
HEARTS SEVEN DIAMONDS QUEEN,0.364,0.0132,0.6228
HEARTS SEVEN HEARTS TWO,0.4202,0.1058,0.474
DIAMONDS QUEEN HEARTS NINE,0.3702,0.0124,0.6174
HEARTS TWO HEARTS NINE,0.4162,0.0436,0.5402
DIAMONDS QUEEN HEARTS EIGHT,0.3732,0.011,0.6158
HEARTS TWO HEARTS EIGHT,0.4162,0.0686,0.5152
CLUBS NINE HEARTS TWO,0.4268,0.0426,0.5306
CLUBS NINE DIAMONDS QUEEN,0.3614,0.0118,0.6268
CLUBS EIGHT DIAMONDS QUEEN,0.374,0.0122,0.6138
CLUBS EIGHT HEARTS TWO,0.4366,0.072,0.4914
SPADES EIGHT HEARTS ACE,0.3554,0.0038,0.6408
DIAMONDS QUEEN CLUBS FOUR,0.4228,0.0138,0.5634
HEARTS TWO CLUBS FOUR,0.541,0.1654,0.2936
CLUBS SEVEN DIAMONDS QUEEN,0.3694,0.0122,0.6184
CLUBS SEVEN HEARTS TWO,0.4334,0.1084,0.4582
SPADES EIGHT HEARTS QUEEN,0.3868,0.0102,0.603
CLUBS SIX DIAMONDS QUEEN,0.2812,0.0498,0.669
CLUBS SIX HEARTS TWO,0.3444,0.4522,0.2034
SPADES EIGHT HEARTS KING,0.3704,0.0096,0.62
HEARTS TWO SPADES SIX,0.3528,0.4486,0.1986
DIAMONDS QUEEN SPADES SIX,0.3044,0.0508,0.6448
HEARTS FOUR CLUBS QUEEN,0.424,0.013,0.563
DIAMONDS ACE CLUBS QUEEN,0.3594,0.0036,0.637
DIAMONDS QUEEN SPADES SEVEN,0.376,0.0116,0.6124
HEARTS TWO SPADES SEVEN,0.4302,0.104,0.4658
HEARTS FOUR CLUBS KING,0.428,0.0078,0.5642
DIAMONDS ACE CLUBS KING,0.3954,0.0034,0.6012
DIAMONDS QUEEN SPADES EIGHT,0.3614,0.0118,0.6268
SPADES EIGHT HEARTS TWO,0.4262,0.0612,0.5126
HEARTS FOUR CLUBS ACE,0.4068,0.0052,0.588
DIAMONDS ACE CLUBS ACE,0.1772,0.0038,0.819
SPADES NINE DIAMONDS QUEEN,0.371,0.0082,0.6208
SPADES NINE HEARTS TWO,0.439,0.044,0.517
HEARTS TWO SPADES TWO,0.3672,0.137,0.4958
DIAMONDS QUEEN SPADES TWO,0.4432,0.0128,0.544
HEARTS TWO SPADES THREE,0.5454,0.1528,0.3018
DIAMONDS QUEEN SPADES THREE,0.4326,0.0102,0.5572
HEARTS TWO SPADES FOUR,0.5412,0.1534,0.3054
DIAMONDS QUEEN SPADES FOUR,0.431,0.0116,0.5574
CLUBS TEN HEARTS FOUR,0.4214,0.03,0.5486
CLUBS TEN DIAMONDS ACE,0.364,0.0046,0.6314
HEARTS TWO SPADES FIVE,0.505,0.2598,0.2352
DIAMONDS QUEEN SPADES FIVE,0.2826,0.0442,0.6732
HEARTS FOUR CLUBS JACK,0.4204,0.019,0.5606
CLUBS JACK DIAMONDS ACE,0.3608,0.003,0.6362
SPADES KING CLUBS JACK,0.3692,0.0052,0.6256
CLUBS JACK SPADES QUEEN,0.3684,0.0078,0.6238
SPADES ACE CLUBS JACK,0.3742,0.0042,0.6216
SPADES SIX CLUBS KING,0.2848,0.0424,0.6728
SPADES SIX CLUBS QUEEN,0.2796,0.055,0.6654
SPADES EIGHT HEARTS JACK,0.3676,0.0178,0.6146
SPADES SIX CLUBS ACE,0.286,0.0288,0.6852
SPADES EIGHT HEARTS TEN,0.3464,0.0292,0.6244
CLUBS JACK SPADES SIX,0.2764,0.0622,0.6614
CLUBS TEN SPADES SIX,0.263,0.0844,0.6526
CLUBS JACK SPADES TEN,0.3436,0.0146,0.6418
CLUBS JACK SPADES JACK,0.1864,0.046,0.7676
SPADES QUEEN CLUBS SEVEN,0.3834,0.0116,0.605
SPADES KING CLUBS SEVEN,0.3786,0.0076,0.6138
SPADES ACE CLUBS SEVEN,0.3614,0.0046,0.634
SPADES SIX HEARTS TEN,0.2556,0.0766,0.6678
SPADES SIX HEARTS JACK,0.2856,0.0598,0.6546
SPADES SIX HEARTS ACE,0.2804,0.0254,0.6942
SPADES SIX HEARTS KING,0.2812,0.0368,0.682
SPADES SIX HEARTS QUEEN,0.289,0.0434,0.6676
SPADES JACK CLUBS SEVEN,0.367,0.0156,0.6174
SPADES TEN CLUBS SEVEN,0.3526,0.0278,0.6196
CLUBS JACK CLUBS ACE,0.3396,0.004,0.6564
CLUBS JACK CLUBS QUEEN,0.3484,0.0108,0.6408
CLUBS JACK CLUBS KING,0.3602,0.0074,0.6324
DIAMONDS THREE HEARTS ACE,0.4094,0.0062,0.5844
DIAMONDS THREE HEARTS QUEEN,0.4208,0.0142,0.565
DIAMONDS THREE HEARTS KING,0.4172,0.0094,0.5734
SPADES TEN DIAMONDS ACE,0.3586,0.0028,0.6386
HEARTS FOUR SPADES TEN,0.4232,0.0236,0.5532
HEARTS FOUR SPADES JACK,0.4136,0.0206,0.5658
SPADES JACK DIAMONDS ACE,0.3772,0.004,0.6188
SPADES ACE HEARTS FOUR,0.4134,0.0042,0.5824
SPADES ACE DIAMONDS ACE,0.1878,0.005,0.8072
HEARTS FOUR SPADES QUEEN,0.4334,0.0134,0.5532
SPADES QUEEN DIAMONDS ACE,0.371,0.0038,0.6252
CLUBS JACK SPADES FOUR,0.4238,0.0194,0.5568
SPADES KING DIAMONDS ACE,0.384,0.0048,0.6112
HEARTS FOUR SPADES KING,0.433,0.0112,0.5558
CLUBS TEN SPADES FOUR,0.4202,0.032,0.5478
DIAMONDS QUEEN DIAMONDS ACE,0.3482,0.004,0.6478
HEARTS TWO DIAMONDS ACE,0.4182,0.0046,0.5772
HEARTS FOUR DIAMONDS QUEEN,0.4398,0.0132,0.547
HEARTS FOUR HEARTS TWO,0.5202,0.1516,0.3282
DIAMONDS THREE HEARTS TEN,0.425,0.029,0.546
SPADES FOUR CLUBS KING,0.4166,0.008,0.5754
HEARTS FIVE DIAMONDS QUEEN,0.2954,0.0456,0.659
HEARTS FIVE HEARTS TWO,0.4842,0.2542,0.2616
DIAMONDS THREE HEARTS JACK,0.412,0.02,0.568
SPADES FOUR CLUBS QUEEN,0.4266,0.0136,0.5598
DIAMONDS QUEEN HEARTS TWO,0.4398,0.0154,0.5448
DIAMONDS KING DIAMONDS QUEEN,0.3468,0.0054,0.6478
DIAMONDS KING HEARTS TWO,0.449,0.0084,0.5426
HEARTS THREE DIAMONDS QUEEN,0.425,0.0142,0.5608
HEARTS THREE HEARTS TWO,0.505,0.1516,0.3434
SPADES FOUR CLUBS ACE,0.4178,0.0036,0.5786
HEARTS TWO CLUBS ACE,0.4118,0.0052,0.583
DIAMONDS QUEEN CLUBS ACE,0.3766,0.0038,0.6196
HEARTS TWO CLUBS QUEEN,0.4312,0.0166,0.5522
DIAMONDS QUEEN CLUBS QUEEN,0.1874,0.0324,0.7802
HEARTS TWO CLUBS KING,0.4396,0.0096,0.5508
DIAMONDS QUEEN CLUBS KING,0.3816,0.0072,0.6112
SPADES EIGHT SPADES FIVE,0.2528,0.1358,0.6114
CLUBS TEN HEARTS TWO,0.4322,0.0294,0.5384
CLUBS TEN DIAMONDS QUEEN,0.366,0.0128,0.6212
SPADES NINE SPADES FIVE,0.2556,0.0992,0.6452
CLUBS JACK HEARTS TWO,0.4172,0.0222,0.5606
CLUBS JACK DIAMONDS QUEEN,0.3664,0.0114,0.6222
SPADES SIX SPADES FIVE,0.0238,0.9054,0.0708
SPADES SEVEN SPADES FIVE,0.2326,0.1868,0.5806
DIAMONDS FIVE CLUBS QUEEN,0.283,0.0428,0.6742
SPADES EIGHT CLUBS ACE,0.364,0.0046,0.6314
DIAMONDS FIVE CLUBS KING,0.2928,0.0322,0.675
SPADES EIGHT CLUBS KING,0.382,0.0074,0.6106
DIAMONDS FIVE CLUBS ACE,0.2468,0.0238,0.7294
SPADES EIGHT CLUBS QUEEN,0.3672,0.0096,0.6232
CLUBS JACK SPADES EIGHT,0.3644,0.0184,0.6172
CLUBS TEN SPADES EIGHT,0.3596,0.0234,0.617
CLUBS TEN DIAMONDS FIVE,0.273,0.0754,0.6516
CLUBS JACK DIAMONDS FIVE,0.2902,0.0622,0.6476
DIAMONDS TEN HEARTS JACK,0.339,0.0144,0.6466
DIAMONDS TEN HEARTS TEN,0.183,0.061,0.756
SPADES ACE CLUBS NINE,0.3614,0.0044,0.6342
SPADES QUEEN CLUBS NINE,0.3672,0.0094,0.6234
SPADES KING CLUBS NINE,0.3642,0.007,0.6288
DIAMONDS KING SPADES SEVEN,0.3786,0.0068,0.6146
HEARTS THREE SPADES SEVEN,0.421,0.0988,0.4802
SPADES KING DIAMONDS SEVEN,0.3768,0.0054,0.6178
SPADES QUEEN DIAMONDS SEVEN,0.3784,0.0116,0.61
HEARTS THREE SPADES SIX,0.3362,0.4548,0.209
DIAMONDS KING SPADES SIX,0.2896,0.036,0.6744
DIAMONDS KING SPADES NINE,0.3724,0.0084,0.6192
