opposingHand,winningChance,drawChance,lostChance
HEARTS SIX HEARTS FOUR
CLUBS EIGHT CLUBS SIX,0.287,0.1396,0.5734
SPADES SEVEN DIAMONDS EIGHT,0.359,0.0644,0.5766
DIAMONDS JACK DIAMONDS TEN,0.3628,0.014,0.6232
CLUBS KING DIAMONDS FOUR,0.323,0.029,0.648
SPADES EIGHT DIAMONDS FOUR,0.3066,0.1318,0.5616
SPADES QUEEN SPADES THREE,0.4296,0.009,0.5614
CLUBS FOUR SPADES FIVE,0.5112,0.2544,0.2344
HEARTS ACE HEARTS QUEEN,0.345,0.0048,0.6502
DIAMONDS TWO DIAMONDS ACE,0.4248,0.0042,0.571
SPADES KING DIAMONDS FIVE,0.4176,0.0092,0.5732
SPADES SIX DIAMONDS SEVEN,0.2776,0.1892,0.5332
CLUBS SEVEN SPADES TWO,0.452,0.0932,0.4548
HEARTS ACE DIAMONDS SEVEN,0.38,0.0042,0.6158
SPADES QUEEN SPADES TWO,0.4258,0.011,0.5632
HEARTS TEN DIAMONDS FOUR,0.2982,0.0814,0.6204
CLUBS FIVE SPADES FOUR,0.5058,0.2542,0.24
HEARTS TWO DIAMONDS EIGHT,0.463,0.0608,0.4762
SPADES SEVEN SPADES FOUR,0.2702,0.1802,0.5496
SPADES KING DIAMONDS TWO,0.4574,0.0084,0.5342
DIAMONDS THREE DIAMONDS TEN,0.4226,0.0266,0.5508
SPADES JACK DIAMONDS JACK,0.2108,0.0386,0.7506
DIAMONDS ACE SPADES FIVE,0.4148,0.0064,0.5788
CLUBS TWO DIAMONDS NINE,0.4614,0.0404,0.4982
SPADES EIGHT DIAMONDS TEN,0.4022,0.02,0.5778
HEARTS THREE DIAMONDS ACE,0.4302,0.0058,0.564
SPADES JACK HEARTS QUEEN,0.3688,0.01,0.6212
SPADES TEN DIAMONDS KING,0.3996,0.0074,0.593
CLUBS FOUR DIAMONDS FIVE,0.4942,0.2658,0.24
DIAMONDS ACE DIAMONDS NINE,0.366,0.0064,0.6276
DIAMONDS ACE SPADES EIGHT,0.4,0.0044,0.5956
SPADES TEN HEARTS NINE,0.363,0.0214,0.6156
CLUBS SIX CLUBS KING,0.2942,0.0388,0.667
SPADES JACK HEARTS JACK,0.193,0.0472,0.7598
CLUBS NINE CLUBS QUEEN,0.3794,0.0096,0.611
DIAMONDS NINE DIAMONDS EIGHT,0.3514,0.0354,0.6132
SPADES FOUR DIAMONDS FOUR,0.2948,0.0972,0.608
HEARTS KING HEARTS TEN,0.3472,0.0078,0.645
SPADES TEN HEARTS ACE,0.3938,0.005,0.6012
CLUBS JACK SPADES THREE,0.4492,0.0168,0.534
DIAMONDS SEVEN DIAMONDS FOUR,0.2756,0.185,0.5394
SPADES QUEEN SPADES FIVE,0.401,0.013,0.586
HEARTS THREE SPADES TWO,0.5534,0.1512,0.2954
HEARTS SEVEN DIAMONDS TEN,0.3852,0.0292,0.5856
CLUBS TEN CLUBS FOUR,0.2954,0.0734,0.6312
SPADES EIGHT HEARTS TEN,0.3648,0.0264,0.6088
SPADES KING DIAMONDS KING,0.2186,0.0156,0.7658
SPADES KING DIAMONDS FOUR,0.3162,0.0312,0.6526
DIAMONDS ACE CLUBS FIVE,0.4008,0.005,0.5942
HEARTS THREE CLUBS FOUR,0.5102,0.257,0.2328
HEARTS SEVEN DIAMONDS SEVEN,0.1844,0.1018,0.7138
CLUBS JACK SPADES TEN,0.3838,0.0134,0.6028
DIAMONDS THREE HEARTS TEN,0.4388,0.0248,0.5364
HEARTS EIGHT SPADES THREE,0.4336,0.0658,0.5006
HEARTS SEVEN CLUBS SIX,0.2752,0.183,0.5418
DIAMONDS TWO DIAMONDS SIX,0.3314,0.429,0.2396
SPADES TEN DIAMONDS JACK,0.3858,0.0144,0.5998
SPADES SIX HEARTS QUEEN,0.2964,0.0472,0.6564
CLUBS THREE DIAMONDS EIGHT,0.456,0.0626,0.4814
SPADES KING SPADES EIGHT,0.3746,0.0068,0.6186
DIAMONDS TWO SPADES SEVEN,0.4408,0.1046,0.4546
CLUBS JACK CLUBS FIVE,0.4056,0.015,0.5794
HEARTS QUEEN HEARTS JACK,0.3292,0.0102,0.6606
DIAMONDS EIGHT DIAMONDS SEVEN,0.3516,0.0538,0.5946
SPADES TWO HEARTS JACK,0.4352,0.0196,0.5452
HEARTS FIVE CLUBS THREE,0.5054,0.1562,0.3384
SPADES EIGHT SPADES FIVE,0.3744,0.0558,0.5698
HEARTS TWO SPADES FIVE,0.5328,0.1524,0.3148
SPADES KING SPADES NINE,0.3758,0.0066,0.6176
SPADES NINE DIAMONDS KING,0.3976,0.008,0.5944
DIAMONDS THREE CLUBS EIGHT,0.453,0.0666,0.4804
DIAMONDS THREE DIAMONDS KING,0.4264,0.0094,0.5642
CLUBS NINE SPADES JACK,0.3844,0.0152,0.6004
DIAMONDS TWO HEARTS THREE,0.539,0.153,0.308
SPADES ACE SPADES KING,0.3686,0.0044,0.627
CLUBS TWO DIAMONDS EIGHT,0.443,0.0658,0.4912
CLUBS EIGHT DIAMONDS TEN,0.3826,0.0216,0.5958
DIAMONDS NINE HEARTS NINE,0.2022,0.0754,0.7224
CLUBS JACK SPADES SEVEN,0.398,0.0162,0.5858
HEARTS SEVEN HEARTS QUEEN,0.3564,0.0098,0.6338
CLUBS TEN DIAMONDS QUEEN,0.399,0.008,0.593
HEARTS FIVE HEARTS THREE,0.5144,0.15,0.3356
CLUBS NINE HEARTS TEN,0.3722,0.022,0.6058
HEARTS FIVE DIAMONDS FIVE,0.2774,0.13,0.5926
CLUBS NINE DIAMONDS ACE,0.3898,0.0024,0.6078
SPADES FIVE DIAMONDS FIVE,0.281,0.124,0.595
CLUBS NINE DIAMONDS FOUR,0.3318,0.0972,0.571
CLUBS TEN CLUBS TWO,0.4306,0.0284,0.541
HEARTS EIGHT HEARTS NINE,0.3164,0.0396,0.644
DIAMONDS TWO SPADES EIGHT,0.4528,0.0652,0.482
DIAMONDS ACE CLUBS THREE,0.4398,0.0042,0.556
CLUBS SEVEN HEARTS KING,0.3994,0.0094,0.5912
HEARTS TWO CLUBS QUEEN,0.4608,0.0134,0.5258
HEARTS EIGHT SPADES JACK,0.3824,0.0188,0.5988
DIAMONDS ACE SPADES SIX,0.3184,0.0244,0.6572
CLUBS JACK DIAMONDS SEVEN,0.407,0.019,0.574
SPADES TEN HEARTS QUEEN,0.3752,0.0108,0.614
SPADES ACE SPADES QUEEN,0.3792,0.0046,0.6162
CLUBS SEVEN HEARTS TWO,0.454,0.0988,0.4472
HEARTS KING DIAMONDS EIGHT,0.3838,0.0074,0.6088
DIAMONDS NINE HEARTS JACK,0.3708,0.0148,0.6144
CLUBS TWO SPADES THREE,0.5474,0.1552,0.2974
CLUBS TEN SPADES EIGHT,0.3872,0.022,0.5908
CLUBS SEVEN DIAMONDS KING,0.409,0.0094,0.5816
CLUBS SIX DIAMONDS SIX,0.1582,0.1076,0.7342
SPADES KING SPADES JACK,0.377,0.0072,0.6158
DIAMONDS KING SPADES SIX,0.3118,0.037,0.6512
HEARTS JACK CLUBS QUEEN,0.3824,0.011,0.6066
CLUBS NINE CLUBS EIGHT,0.35,0.0416,0.6084
HEARTS FIVE DIAMONDS NINE,0.407,0.0434,0.5496
CLUBS EIGHT HEARTS TWO,0.4466,0.0638,0.4896
SPADES TEN SPADES THREE,0.4332,0.0298,0.537
SPADES SEVEN HEARTS QUEEN,0.3768,0.013,0.6102
CLUBS EIGHT DIAMONDS ACE,0.4072,0.0044,0.5884
SPADES NINE SPADES EIGHT,0.3624,0.0324,0.6052
SPADES SEVEN SPADES THREE,0.417,0.0942,0.4888
HEARTS FIVE DIAMONDS EIGHT,0.3814,0.0702,0.5484
SPADES ACE HEARTS TWO,0.436,0.0072,0.5568
SPADES JACK SPADES TWO,0.4306,0.017,0.5524
CLUBS TEN DIAMONDS KING,0.3838,0.0078,0.6084
SPADES ACE SPADES FOUR,0.2904,0.0194,0.6902
HEARTS EIGHT HEARTS KING,0.3574,0.0076,0.635
SPADES ACE SPADES JACK,0.3784,0.003,0.6186
CLUBS EIGHT SPADES TEN,0.3944,0.0246,0.581
SPADES KING DIAMONDS EIGHT,0.3952,0.0072,0.5976
HEARTS SEVEN CLUBS FOUR,0.2662,0.1866,0.5472
HEARTS TWO CLUBS THREE,0.549,0.1528,0.2982
SPADES EIGHT DIAMONDS FIVE,0.4126,0.0646,0.5228
HEARTS NINE DIAMONDS FOUR,0.3128,0.1024,0.5848
SPADES QUEEN SPADES TEN,0.3768,0.0096,0.6136
DIAMONDS THREE SPADES THREE,0.3874,0.1388,0.4738
SPADES ACE HEARTS KING,0.3766,0.005,0.6184
DIAMONDS JACK SPADES TWO,0.4654,0.021,0.5136
SPADES JACK DIAMONDS SEVEN,0.3962,0.0162,0.5876
SPADES THREE HEARTS JACK,0.439,0.021,0.54
HEARTS FIVE HEARTS TEN,0.3614,0.029,0.6096
SPADES NINE HEARTS ACE,0.3836,0.0042,0.6122
DIAMONDS ACE DIAMONDS QUEEN,0.3758,0.0052,0.619
CLUBS EIGHT DIAMONDS SIX,0.2936,0.142,0.5644
CLUBS TEN SPADES TEN,0.2086,0.056,0.7354
SPADES FIVE DIAMONDS TEN,0.4176,0.027,0.5554
HEARTS TWO DIAMONDS JACK,0.4578,0.021,0.5212
SPADES KING DIAMONDS SIX,0.3132,0.0386,0.6482
SPADES QUEEN DIAMONDS SIX,0.3096,0.0472,0.6432
CLUBS NINE HEARTS KING,0.3956,0.0094,0.595
DIAMONDS SIX DIAMONDS FOUR,0.0822,0.8398,0.078
CLUBS SIX DIAMONDS NINE,0.3044,0.1118,0.5838
CLUBS SEVEN SPADES SIX,0.2802,0.198,0.5218
CLUBS SEVEN HEARTS ACE,0.395,0.0046,0.6004
HEARTS EIGHT DIAMONDS SIX,0.2714,0.1484,0.5802
DIAMONDS EIGHT DIAMONDS SIX,0.2848,0.142,0.5732
SPADES ACE SPADES TEN,0.3714,0.005,0.6236
SPADES JACK HEARTS ACE,0.38,0.0052,0.6148
CLUBS TEN SPADES JACK,0.3888,0.0126,0.5986
SPADES FOUR HEARTS QUEEN,0.296,0.0416,0.6624
HEARTS EIGHT DIAMONDS FOUR,0.2822,0.138,0.5798
SPADES JACK CLUBS QUEEN,0.3916,0.0092,0.5992
CLUBS SIX CLUBS FOUR,0.0684,0.8566,0.075
HEARTS EIGHT SPADES QUEEN,0.3806,0.013,0.6064
CLUBS FOUR DIAMONDS EIGHT,0.3108,0.1364,0.5528
DIAMONDS TWO DIAMONDS SEVEN,0.4402,0.0964,0.4634
CLUBS SEVEN DIAMONDS QUEEN,0.4096,0.0104,0.58
HEARTS ACE SPADES TWO,0.4274,0.0052,0.5674
SPADES EIGHT HEARTS QUEEN,0.3882,0.0104,0.6014
CLUBS SEVEN HEARTS QUEEN,0.3832,0.013,0.6038
HEARTS EIGHT SPADES KING,0.388,0.01,0.602
DIAMONDS KING SPADES SEVEN,0.4158,0.0078,0.5764
HEARTS FIVE CLUBS SEVEN,0.376,0.0948,0.5292
HEARTS FIVE DIAMONDS SIX,0.242,0.4448,0.3132
DIAMONDS ACE HEARTS ACE,0.1896,0.0044,0.806
DIAMONDS ACE CLUBS QUEEN,0.4098,0.0038,0.5864
DIAMONDS THREE HEARTS FIVE,0.5328,0.1436,0.3236
SPADES ACE CLUBS EIGHT,0.3952,0.0048,0.6
DIAMONDS KING DIAMONDS NINE,0.3802,0.009,0.6108
CLUBS THREE DIAMONDS FOUR,0.5122,0.254,0.2338
DIAMONDS QUEEN HEARTS KING,0.3906,0.0062,0.6032
DIAMONDS THREE DIAMONDS QUEEN,0.4172,0.0114,0.5714
DIAMONDS EIGHT CLUBS ACE,0.3976,0.0038,0.5986
HEARTS THREE DIAMONDS KING,0.4438,0.0082,0.548
HEARTS FIVE HEARTS JACK,0.3646,0.0174,0.618
HEARTS EIGHT DIAMONDS FIVE,0.3816,0.0656,0.5528
DIAMONDS TEN HEARTS JACK,0.3772,0.014,0.6088
SPADES JACK SPADES FIVE,0.393,0.0184,0.5886
DIAMONDS THREE CLUBS FIVE,0.5146,0.149,0.3364
SPADES JACK SPADES EIGHT,0.38,0.0162,0.6038
DIAMONDS TEN SPADES THREE,0.451,0.0278,0.5212
HEARTS TWO CLUBS SIX,0.3242,0.4716,0.2042
HEARTS SEVEN CLUBS KING,0.3792,0.0078,0.613
DIAMONDS QUEEN HEARTS TEN,0.3834,0.011,0.6056
HEARTS EIGHT CLUBS NINE,0.3576,0.042,0.6004
DIAMONDS NINE DIAMONDS SEVEN,0.3498,0.039,0.6112
DIAMONDS ACE HEARTS QUEEN,0.3784,0.0052,0.6164
SPADES FIVE CLUBS QUEEN,0.4132,0.0126,0.5742
SPADES NINE CLUBS FOUR,0.3286,0.1048,0.5666
SPADES ACE CLUBS SIX,0.3022,0.0266,0.6712
CLUBS JACK SPADES EIGHT,0.4044,0.0162,0.5794
DIAMONDS ACE HEARTS KING,0.3776,0.0066,0.6158
SPADES QUEEN DIAMONDS QUEEN,0.2052,0.0302,0.7646
SPADES NINE HEARTS KING,0.3916,0.0054,0.603
DIAMONDS QUEEN SPADES FOUR,0.329,0.0386,0.6324
CLUBS ACE CLUBS KING,0.37,0.005,0.625
DIAMONDS ACE DIAMONDS SEVEN,0.3688,0.0052,0.626
SPADES ACE HEARTS QUEEN,0.3916,0.0046,0.6038
CLUBS KING HEARTS TEN,0.39,0.008,0.602
DIAMONDS QUEEN DIAMONDS FIVE,0.399,0.0124,0.5886
CLUBS TEN HEARTS SEVEN,0.3694,0.027,0.6036
DIAMONDS TEN HEARTS KING,0.3756,0.0066,0.6178
CLUBS SIX CLUBS FIVE,0.2644,0.4,0.3356
HEARTS TEN CLUBS QUEEN,0.385,0.0102,0.6048
SPADES QUEEN HEARTS THREE,0.4498,0.0148,0.5354
CLUBS TEN SPADES NINE,0.393,0.0204,0.5866
SPADES ACE DIAMONDS TWO,0.44,0.005,0.555
SPADES SEVEN CLUBS FOUR,0.292,0.1844,0.5236
SPADES SEVEN HEARTS ACE,0.3814,0.005,0.6136
CLUBS FOUR CLUBS THREE,0.4768,0.2426,0.2806
HEARTS SEVEN DIAMONDS KING,0.3968,0.0088,0.5944
SPADES TEN SPADES NINE,0.3576,0.0218,0.6206
CLUBS FOUR HEARTS ACE,0.2812,0.017,0.7018
HEARTS TWO DIAMONDS ACE,0.4408,0.006,0.5532
DIAMONDS SIX HEARTS NINE,0.278,0.1062,0.6158
SPADES NINE DIAMONDS FOUR,0.3122,0.1034,0.5844
HEARTS QUEEN HEARTS TEN,0.3458,0.011,0.6432
CLUBS THREE HEARTS JACK,0.4464,0.0188,0.5348
CLUBS TEN DIAMONDS EIGHT,0.3868,0.027,0.5862
SPADES ACE CLUBS JACK,0.3904,0.0032,0.6064
SPADES SIX DIAMONDS NINE,0.2928,0.1054,0.6018
HEARTS THREE DIAMONDS TEN,0.4486,0.0328,0.5186
SPADES ACE DIAMONDS QUEEN,0.395,0.0038,0.6012
DIAMONDS KING DIAMONDS QUEEN,0.374,0.0066,0.6194
CLUBS JACK HEARTS EIGHT,0.3884,0.0146,0.597
HEARTS KING DIAMONDS FOUR,0.3064,0.0298,0.6638
HEARTS JACK DIAMONDS FIVE,0.412,0.0252,0.5628
SPADES FIVE HEARTS QUEEN,0.4094,0.0128,0.5778
SPADES FIVE CLUBS TWO,0.541,0.1392,0.3198
HEARTS ACE HEARTS JACK,0.347,0.0052,0.6478
SPADES FIVE SPADES FOUR,0.4784,0.2382,0.2834
CLUBS TEN HEARTS ACE,0.3706,0.0042,0.6252
HEARTS SEVEN CLUBS EIGHT,0.3508,0.0614,0.5878
CLUBS TEN SPADES SIX,0.308,0.0772,0.6148
CLUBS JACK SPADES QUEEN,0.3988,0.0106,0.5906
DIAMONDS JACK DIAMONDS NINE,0.3646,0.015,0.6204
DIAMONDS ACE HEARTS JACK,0.3804,0.0074,0.6122
SPADES ACE DIAMONDS TEN,0.4012,0.0052,0.5936
SPADES KING SPADES TWO,0.438,0.0104,0.5516
SPADES EIGHT CLUBS FIVE,0.3954,0.0582,0.5464
SPADES KING HEARTS TWO,0.4632,0.0076,0.5292
SPADES QUEEN CLUBS SEVEN,0.3884,0.0142,0.5974
SPADES SIX HEARTS ACE,0.2948,0.0266,0.6786
HEARTS FIVE SPADES FOUR,0.4998,0.2612,0.239
CLUBS JACK CLUBS SIX,0.3088,0.0578,0.6334
CLUBS EIGHT HEARTS QUEEN,0.3778,0.0102,0.612
CLUBS SEVEN DIAMONDS EIGHT,0.3634,0.0574,0.5792
SPADES SIX SPADES FOUR,0.0714,0.8588,0.0698
DIAMONDS TEN CLUBS QUEEN,0.3954,0.011,0.5936
SPADES JACK DIAMONDS EIGHT,0.4034,0.0166,0.58
SPADES NINE SPADES SIX,0.2792,0.1086,0.6122
CLUBS TEN CLUBS QUEEN,0.3698,0.0096,0.6206
DIAMONDS THREE CLUBS TEN,0.4402,0.0286,0.5312
DIAMONDS THREE SPADES QUEEN,0.4492,0.0138,0.537
DIAMONDS THREE SPADES TWO,0.5436,0.158,0.2984
SPADES FIVE DIAMONDS SIX,0.259,0.423,0.318
CLUBS THREE CLUBS ACE,0.3996,0.005,0.5954
HEARTS EIGHT CLUBS ACE,0.3886,0.005,0.6064
HEARTS ACE DIAMONDS FOUR,0.2848,0.021,0.6942
DIAMONDS TWO HEARTS FIVE,0.522,0.1538,0.3242
CLUBS JACK DIAMONDS THREE,0.452,0.0194,0.5286
SPADES JACK CLUBS SIX,0.2974,0.0558,0.6468
HEARTS SEVEN DIAMONDS SIX,0.2832,0.186,0.5308
CLUBS THREE DIAMONDS SIX,0.3084,0.4818,0.2098
CLUBS QUEEN HEARTS NINE,0.3734,0.0116,0.615
SPADES ACE HEARTS ACE,0.188,0.0038,0.8082
SPADES NINE DIAMONDS SEVEN,0.3856,0.039,0.5754
CLUBS NINE SPADES FOUR,0.3176,0.0936,0.5888
HEARTS TWO SPADES FOUR,0.5066,0.2568,0.2366
CLUBS TEN DIAMONDS SIX,0.315,0.0752,0.6098
SPADES TWO CLUBS QUEEN,0.4522,0.0118,0.536
CLUBS FIVE DIAMONDS SIX,0.2652,0.4242,0.3106
SPADES TEN DIAMONDS EIGHT,0.3804,0.027,0.5926
SPADES SEVEN SPADES SIX,0.2654,0.1862,0.5484
CLUBS SIX SPADES SIX,0.1518,0.105,0.7432
SPADES FOUR CLUBS KING,0.3198,0.034,0.6462
HEARTS THREE HEARTS NINE,0.4066,0.0442,0.5492
CLUBS FOUR SPADES FOUR,0.3112,0.1006,0.5882
HEARTS SEVEN SPADES FIVE,0.373,0.096,0.531
SPADES FOUR HEARTS TEN,0.2926,0.078,0.6294
CLUBS TEN DIAMONDS JACK,0.378,0.0154,0.6066
DIAMONDS THREE DIAMONDS NINE,0.4086,0.0368,0.5546
HEARTS SEVEN HEARTS TEN,0.3472,0.027,0.6258
SPADES NINE CLUBS ACE,0.4004,0.0046,0.595
SPADES SIX HEARTS JACK,0.297,0.0622,0.6408
SPADES KING SPADES THREE,0.4424,0.0086,0.549
HEARTS EIGHT HEARTS TWO,0.404,0.0708,0.5252
CLUBS ACE HEARTS JACK,0.3838,0.0052,0.611
CLUBS TEN HEARTS QUEEN,0.3742,0.0098,0.616
DIAMONDS THREE DIAMONDS TWO,0.513,0.1468,0.3402
SPADES ACE SPADES SEVEN,0.3728,0.0032,0.624
DIAMONDS THREE SPADES SIX,0.3162,0.4826,0.2012
DIAMONDS TEN HEARTS NINE,0.3692,0.0272,0.6036
CLUBS FIVE CLUBS FOUR,0.4638,0.2492,0.287
HEARTS QUEEN CLUBS ACE,0.3836,0.0054,0.611
DIAMONDS NINE DIAMONDS SIX,0.2758,0.1036,0.6206
DIAMONDS THREE CLUBS THREE,0.3774,0.1306,0.492
SPADES KING CLUBS FOUR,0.3256,0.0252,0.6492
SPADES TWO HEARTS NINE,0.4412,0.0414,0.5174
CLUBS SEVEN HEARTS JACK,0.3948,0.0148,0.5904
CLUBS SIX HEARTS ACE,0.2994,0.0296,0.671
DIAMONDS THREE DIAMONDS EIGHT,0.4242,0.061,0.5148
CLUBS THREE HEARTS KING,0.4368,0.011,0.5522
SPADES THREE CLUBS ACE,0.4262,0.0062,0.5676
CLUBS FIVE HEARTS TEN,0.4042,0.0324,0.5634
DIAMONDS ACE CLUBS FOUR,0.3006,0.0182,0.6812
SPADES TEN DIAMONDS NINE,0.3868,0.0246,0.5886
CLUBS EIGHT CLUBS FOUR,0.2908,0.117,0.5922
CLUBS TWO CLUBS QUEEN,0.425,0.0126,0.5624
HEARTS SEVEN SPADES SIX,0.2688,0.1884,0.5428
CLUBS TWO DIAMONDS SIX,0.337,0.4586,0.2044
DIAMONDS KING CLUBS FOUR,0.3186,0.0306,0.6508
SPADES EIGHT CLUBS KING,0.4024,0.0066,0.591
SPADES TEN CLUBS ACE,0.3986,0.0044,0.597
DIAMONDS TWO HEARTS JACK,0.4492,0.02,0.5308
HEARTS FIVE CLUBS EIGHT,0.3916,0.0644,0.544
HEARTS KING DIAMONDS FIVE,0.4034,0.0088,0.5878
DIAMONDS TEN CLUBS KING,0.39,0.0056,0.6044
CLUBS TWO DIAMONDS FIVE,0.53,0.1532,0.3168
SPADES EIGHT CLUBS TWO,0.4484,0.063,0.4886
CLUBS EIGHT SPADES NINE,0.364,0.0378,0.5982
CLUBS SIX DIAMONDS SEVEN,0.2848,0.1856,0.5296
DIAMONDS SIX CLUBS QUEEN,0.318,0.0484,0.6336
SPADES FOUR CLUBS QUEEN,0.3204,0.044,0.6356
DIAMONDS SIX CLUBS KING,0.3094,0.0334,0.6572
CLUBS TWO HEARTS NINE,0.438,0.0466,0.5154
HEARTS THREE SPADES NINE,0.447,0.0456,0.5074
CLUBS EIGHT SPADES EIGHT,0.2004,0.0906,0.709
HEARTS THREE HEARTS TWO,0.5466,0.1564,0.297
DIAMONDS ACE DIAMONDS TEN,0.371,0.0048,0.6242
DIAMONDS NINE CLUBS QUEEN,0.3986,0.0102,0.5912
HEARTS TWO SPADES NINE,0.453,0.045,0.502
DIAMONDS QUEEN HEARTS NINE,0.3846,0.0134,0.602
CLUBS TEN SPADES FOUR,0.3174,0.0756,0.607
DIAMONDS QUEEN SPADES SIX,0.3118,0.0482,0.64
SPADES QUEEN HEARTS NINE,0.3716,0.013,0.6154
SPADES SIX CLUBS QUEEN,0.3032,0.05,0.6468
CLUBS NINE DIAMONDS NINE,0.2152,0.0726,0.7122
CLUBS EIGHT CLUBS TWO,0.418,0.0576,0.5244
DIAMONDS ACE CLUBS KING,0.4168,0.0034,0.5798
CLUBS JACK HEARTS TEN,0.3858,0.014,0.6002
CLUBS JACK DIAMONDS QUEEN,0.3866,0.0096,0.6038
CLUBS TWO CLUBS ACE,0.4282,0.0046,0.5672
DIAMONDS THREE SPADES NINE,0.448,0.0414,0.5106
SPADES QUEEN CLUBS ACE,0.4112,0.0038,0.585
DIAMONDS TWO SPADES SIX,0.3416,0.4696,0.1888
SPADES JACK CLUBS FIVE,0.426,0.0238,0.5502
DIAMONDS EIGHT CLUBS QUEEN,0.3986,0.012,0.5894
SPADES EIGHT DIAMONDS KING,0.4164,0.0056,0.578
CLUBS SEVEN SPADES NINE,0.3912,0.0344,0.5744
SPADES EIGHT HEARTS KING,0.3848,0.0082,0.607
SPADES TEN CLUBS SEVEN,0.3836,0.023,0.5934
DIAMONDS NINE HEARTS TEN,0.381,0.0234,0.5956
CLUBS FIVE CLUBS QUEEN,0.4004,0.0118,0.5878
CLUBS TWO HEARTS QUEEN,0.4316,0.0152,0.5532
SPADES FIVE DIAMONDS NINE,0.4246,0.0386,0.5368
SPADES TWO HEARTS QUEEN,0.4366,0.0168,0.5466
CLUBS EIGHT HEARTS NINE,0.3638,0.0388,0.5974
HEARTS THREE DIAMONDS QUEEN,0.4514,0.0136,0.535
SPADES QUEEN CLUBS NINE,0.396,0.0096,0.5944
DIAMONDS TEN DIAMONDS NINE,0.3528,0.0204,0.6268
SPADES QUEEN DIAMONDS KING,0.3986,0.0068,0.5946
SPADES JACK DIAMONDS TEN,0.3842,0.0174,0.5984
CLUBS FIVE CLUBS THREE,0.497,0.1374,0.3656
SPADES THREE DIAMONDS SIX,0.3068,0.4922,0.201
CLUBS SEVEN DIAMONDS SIX,0.283,0.1926,0.5244
SPADES NINE SPADES FIVE,0.395,0.0398,0.5652
SPADES KING DIAMONDS QUEEN,0.4034,0.0062,0.5904
SPADES ACE HEARTS NINE,0.388,0.0048,0.6072
HEARTS ACE HEARTS TEN,0.3458,0.0046,0.6496
DIAMONDS THREE SPADES JACK,0.4496,0.02,0.5304
HEARTS SEVEN CLUBS QUEEN,0.3916,0.015,0.5934
HEARTS EIGHT HEARTS JACK,0.3306,0.0176,0.6518
SPADES KING CLUBS QUEEN,0.398,0.0058,0.5962
CLUBS JACK DIAMONDS TEN,0.3896,0.013,0.5974
DIAMONDS ACE HEARTS TEN,0.373,0.006,0.621
SPADES TEN HEARTS KING,0.3802,0.007,0.6128
HEARTS TEN DIAMONDS FIVE,0.4022,0.0324,0.5654
SPADES SIX CLUBS THREE,0.3126,0.4744,0.213
DIAMONDS TWO CLUBS FIVE,0.5432,0.1438,0.313
HEARTS QUEEN DIAMONDS SIX,0.2944,0.053,0.6526
SPADES TEN CLUBS TWO,0.4584,0.0264,0.5152
SPADES FOUR DIAMONDS SEVEN,0.289,0.1898,0.5212
SPADES FOUR HEARTS ACE,0.2892,0.0218,0.689
HEARTS SEVEN HEARTS JACK,0.352,0.0204,0.6276
SPADES JACK DIAMONDS SIX,0.3132,0.0616,0.6252
DIAMONDS SEVEN CLUBS ACE,0.3956,0.0054,0.599
CLUBS QUEEN DIAMONDS FOUR,0.3178,0.0412,0.641
DIAMONDS KING DIAMONDS FIVE,0.3984,0.009,0.5926
CLUBS TWO SPADES TWO,0.4036,0.1298,0.4666
SPADES NINE DIAMONDS QUEEN,0.3988,0.0084,0.5928
HEARTS SEVEN SPADES EIGHT,0.3542,0.051,0.5948
SPADES SEVEN DIAMONDS JACK,0.397,0.0214,0.5816
CLUBS FOUR SPADES THREE,0.5162,0.2552,0.2286
SPADES EIGHT HEARTS JACK,0.3728,0.0132,0.614
DIAMONDS QUEEN DIAMONDS SIX,0.2972,0.0436,0.6592
SPADES EIGHT SPADES SEVEN,0.3518,0.054,0.5942
CLUBS FIVE DIAMONDS QUEEN,0.4214,0.0154,0.5632
SPADES ACE DIAMONDS FOUR,0.3042,0.0204,0.6754
CLUBS NINE SPADES NINE,0.2202,0.063,0.7168
DIAMONDS KING DIAMONDS EIGHT,0.37,0.007,0.623
HEARTS TWO HEARTS NINE,0.4022,0.0504,0.5474
DIAMONDS KING CLUBS TWO,0.4522,0.009,0.5388
HEARTS FIVE DIAMONDS SEVEN,0.3792,0.1018,0.519
SPADES FIVE HEARTS NINE,0.4022,0.0432,0.5546
HEARTS TWO SPADES EIGHT,0.4506,0.0636,0.4858
DIAMONDS SIX HEARTS TEN,0.2924,0.0866,0.621
HEARTS FIVE SPADES TEN,0.4206,0.03,0.5494
DIAMONDS ACE SPADES THREE,0.4346,0.0038,0.5616
SPADES ACE HEARTS FIVE,0.4002,0.004,0.5958
SPADES SIX DIAMONDS FOUR,0.0726,0.9062,0.0212
CLUBS TWO DIAMONDS TEN,0.4546,0.0262,0.5192
HEARTS EIGHT HEARTS SEVEN,0.3072,0.0576,0.6352
DIAMONDS THREE SPADES FIVE,0.5184,0.1534,0.3282
CLUBS ACE HEARTS TEN,0.381,0.0052,0.6138
CLUBS TEN HEARTS THREE,0.4376,0.0332,0.5292
HEARTS THREE DIAMONDS SEVEN,0.4322,0.1016,0.4662
SPADES ACE SPADES NINE,0.3804,0.0056,0.614
CLUBS JACK CLUBS SEVEN,0.3756,0.0152,0.6092
CLUBS NINE DIAMONDS TEN,0.3828,0.0226,0.5946
CLUBS SIX SPADES TWO,0.3304,0.4568,0.2128
DIAMONDS TEN DIAMONDS SIX,0.2948,0.0818,0.6234
SPADES THREE CLUBS KING,0.4486,0.0086,0.5428
HEARTS EIGHT CLUBS KING,0.3716,0.0092,0.6192
DIAMONDS ACE HEARTS NINE,0.3834,0.0044,0.6122
HEARTS QUEEN CLUBS QUEEN,0.1962,0.0322,0.7716
SPADES TEN CLUBS FIVE,0.424,0.0282,0.5478
SPADES SIX CLUBS KING,0.312,0.0352,0.6528
DIAMONDS ACE DIAMONDS FOUR,0.2926,0.0162,0.6912
CLUBS FIVE SPADES SIX,0.2568,0.4304,0.3128
HEARTS EIGHT CLUBS EIGHT,0.1878,0.0876,0.7246
CLUBS NINE CLUBS KING,0.3844,0.0088,0.6068
SPADES ACE CLUBS KING,0.4004,0.0048,0.5948
SPADES KING DIAMONDS NINE,0.394,0.0082,0.5978
CLUBS FIVE SPADES THREE,0.5232,0.1584,0.3184
SPADES FIVE DIAMONDS SEVEN,0.393,0.0928,0.5142
SPADES TEN SPADES FIVE,0.4018,0.0262,0.572
SPADES THREE HEARTS QUEEN,0.4338,0.0134,0.5528
SPADES SEVEN CLUBS THREE,0.4416,0.0976,0.4608
CLUBS SEVEN SPADES FIVE,0.3976,0.089,0.5134
CLUBS JACK HEARTS NINE,0.3642,0.0186,0.6172
SPADES KING DIAMONDS JACK,0.3972,0.0068,0.596
DIAMONDS SEVEN DIAMONDS FIVE,0.362,0.0918,0.5462
HEARTS THREE CLUBS QUEEN,0.4406,0.0182,0.5412
SPADES QUEEN CLUBS FOUR,0.3172,0.0438,0.639
SPADES TEN HEARTS TWO,0.4354,0.031,0.5336
SPADES NINE HEARTS JACK,0.3822,0.0154,0.6024
CLUBS SIX SPADES FOUR,0.0746,0.9002,0.0252
CLUBS THREE DIAMONDS NINE,0.4542,0.0416,0.5042
DIAMONDS FIVE HEARTS NINE,0.4116,0.0456,0.5428
DIAMONDS TWO DIAMONDS EIGHT,0.42,0.0616,0.5184
CLUBS THREE SPADES TWO,0.546,0.157,0.297
HEARTS TWO CLUBS KING,0.4528,0.0116,0.5356
CLUBS NINE CLUBS THREE,0.4336,0.0384,0.528
CLUBS FOUR HEARTS KING,0.2986,0.0328,0.6686
DIAMONDS QUEEN SPADES FIVE,0.4162,0.0142,0.5696
CLUBS FIVE HEARTS NINE,0.4058,0.0464,0.5478
SPADES KING SPADES FOUR,0.3022,0.0286,0.6692
CLUBS EIGHT DIAMONDS SEVEN,0.357,0.0642,0.5788
HEARTS EIGHT CLUBS THREE,0.4482,0.0656,0.4862
CLUBS SEVEN SPADES SEVEN,0.1884,0.0982,0.7134
CLUBS EIGHT DIAMONDS QUEEN,0.4064,0.0106,0.583
SPADES ACE HEARTS EIGHT,0.3836,0.005,0.6114
SPADES TWO CLUBS KING,0.4638,0.0104,0.5258
CLUBS SIX DIAMONDS ACE,0.3238,0.0276,0.6486
HEARTS THREE HEARTS ACE,0.3798,0.0084,0.6118
HEARTS JACK DIAMONDS SIX,0.3022,0.0612,0.6366
CLUBS KING HEARTS NINE,0.3928,0.0096,0.5976
DIAMONDS TEN HEARTS QUEEN,0.3882,0.012,0.5998
HEARTS EIGHT DIAMONDS TEN,0.3726,0.0288,0.5986
DIAMONDS JACK DIAMONDS FIVE,0.391,0.021,0.588
HEARTS FIVE CLUBS SIX,0.258,0.414,0.328
DIAMONDS ACE CLUBS TWO,0.4424,0.0048,0.5528
SPADES SIX SPADES THREE,0.3,0.4458,0.2542
SPADES SEVEN DIAMONDS SEVEN,0.1926,0.1034,0.704
HEARTS KING HEARTS JACK,0.338,0.0104,0.6516
CLUBS THREE DIAMONDS SEVEN,0.4418,0.0994,0.4588
SPADES KING SPADES SEVEN,0.381,0.008,0.611
CLUBS EIGHT SPADES FIVE,0.4028,0.061,0.5362
SPADES TWO CLUBS ACE,0.444,0.0062,0.5498
HEARTS TWO HEARTS JACK,0.406,0.018,0.576
DIAMONDS TWO SPADES TEN,0.4572,0.031,0.5118
CLUBS EIGHT HEARTS TEN,0.3678,0.0276,0.6046
SPADES JACK SPADES SEVEN,0.3728,0.0196,0.6076
DIAMONDS THREE HEARTS SEVEN,0.432,0.1006,0.4674
SPADES NINE CLUBS TWO,0.458,0.0384,0.5036
CLUBS SIX SPADES FIVE,0.259,0.434,0.307
CLUBS JACK DIAMONDS EIGHT,0.3956,0.0178,0.5866
DIAMONDS QUEEN CLUBS QUEEN,0.2186,0.029,0.7524
CLUBS THREE DIAMONDS TEN,0.4522,0.0354,0.5124
CLUBS JACK HEARTS THREE,0.442,0.0184,0.5396
CLUBS FOUR DIAMONDS FOUR,0.3134,0.095,0.5916
HEARTS JACK HEARTS NINE,0.342,0.0152,0.6428
SPADES QUEEN HEARTS JACK,0.3804,0.0126,0.607
SPADES EIGHT HEARTS ACE,0.3868,0.005,0.6082
DIAMONDS JACK CLUBS KING,0.3936,0.0052,0.6012
DIAMONDS JACK SPADES THREE,0.4592,0.0232,0.5176
HEARTS KING CLUBS ACE,0.387,0.0052,0.6078
CLUBS TEN CLUBS THREE,0.4214,0.0268,0.5518
SPADES NINE CLUBS KING,0.3986,0.0058,0.5956
HEARTS FIVE SPADES TWO,0.5354,0.1504,0.3142
CLUBS SEVEN CLUBS THREE,0.4158,0.085,0.4992
SPADES EIGHT SPADES TWO,0.4362,0.0644,0.4994
HEARTS TWO HEARTS ACE,0.3844,0.0074,0.6082
SPADES ACE CLUBS FOUR,0.2918,0.024,0.6842
SPADES KING CLUBS NINE,0.3944,0.0066,0.599
CLUBS NINE HEARTS FIVE,0.4076,0.0398,0.5526
SPADES ACE DIAMONDS SIX,0.3208,0.0246,0.6546
CLUBS NINE SPADES TEN,0.39,0.0224,0.5876
HEARTS THREE CLUBS THREE,0.391,0.1316,0.4774
CLUBS TEN HEARTS NINE,0.3794,0.0258,0.5948
DIAMONDS ACE DIAMONDS EIGHT,0.3734,0.0038,0.6228
HEARTS SEVEN SPADES TEN,0.379,0.0282,0.5928
CLUBS JACK DIAMONDS ACE,0.4022,0.0042,0.5936
CLUBS NINE CLUBS FOUR,0.3092,0.0862,0.6046
SPADES SIX CLUBS TWO,0.341,0.4582,0.2008
SPADES ACE DIAMONDS JACK,0.3978,0.0038,0.5984
CLUBS SEVEN DIAMONDS JACK,0.4124,0.0194,0.5682
CLUBS FIVE DIAMONDS FIVE,0.2634,0.1262,0.6104
DIAMONDS KING HEARTS JACK,0.3884,0.0094,0.6022
SPADES JACK DIAMONDS FOUR,0.3116,0.0542,0.6342
SPADES ACE CLUBS TEN,0.3966,0.0046,0.5988
HEARTS FIVE SPADES SEVEN,0.38,0.1026,0.5174
CLUBS NINE CLUBS FIVE,0.3874,0.0414,0.5712
DIAMONDS JACK SPADES FOUR,0.3142,0.0502,0.6356
SPADES EIGHT SPADES SIX,0.2742,0.1392,0.5866
HEARTS TWO DIAMONDS FOUR,0.509,0.2668,0.2242
CLUBS FIVE DIAMONDS JACK,0.4242,0.0194,0.5564
HEARTS TWO DIAMONDS NINE,0.4454,0.0456,0.509
SPADES KING SPADES SIX,0.2972,0.034,0.6688
CLUBS FOUR CLUBS QUEEN,0.314,0.0398,0.6462
CLUBS SEVEN DIAMONDS SEVEN,0.1868,0.1048,0.7084
DIAMONDS THREE HEARTS KING,0.4358,0.0102,0.554
DIAMONDS QUEEN DIAMONDS NINE,0.3786,0.0112,0.6102
SPADES JACK HEARTS KING,0.3788,0.0068,0.6144
DIAMONDS TEN CLUBS ACE,0.389,0.003,0.608
SPADES THREE SPADES TWO,0.5152,0.1468,0.338
SPADES THREE DIAMONDS FOUR,0.5106,0.2556,0.2338
CLUBS TEN DIAMONDS TWO,0.4576,0.036,0.5064
CLUBS FOUR HEARTS JACK,0.2978,0.0614,0.6408
HEARTS KING CLUBS KING,0.1958,0.0182,0.786
CLUBS FIVE HEARTS KING,0.4158,0.0094,0.5748
HEARTS EIGHT CLUBS SEVEN,0.3572,0.0584,0.5844
DIAMONDS TWO SPADES QUEEN,0.456,0.015,0.529
CLUBS EIGHT CLUBS SEVEN,0.3488,0.0494,0.6018
CLUBS TWO SPADES FOUR,0.5132,0.2604,0.2264
SPADES FOUR SPADES THREE,0.4918,0.2404,0.2678
CLUBS TWO HEARTS KING,0.4666,0.0102,0.5232
DIAMONDS THREE SPADES SEVEN,0.4432,0.0914,0.4654
HEARTS TWO CLUBS TWO,0.3888,0.1342,0.477
DIAMONDS JACK HEARTS NINE,0.36,0.016,0.624
CLUBS NINE HEARTS QUEEN,0.372,0.0118,0.6162
CLUBS FIVE DIAMONDS FOUR,0.4942,0.2602,0.2456
HEARTS ACE HEARTS NINE,0.3468,0.0052,0.648
CLUBS JACK CLUBS EIGHT,0.3754,0.0194,0.6052
HEARTS THREE DIAMONDS JACK,0.451,0.0174,0.5316
HEARTS EIGHT DIAMONDS TWO,0.4416,0.0664,0.492
DIAMONDS KING CLUBS KING,0.2148,0.0178,0.7674
CLUBS JACK HEARTS SEVEN,0.389,0.0182,0.5928
HEARTS TWO SPADES SEVEN,0.4526,0.0946,0.4528
SPADES QUEEN CLUBS EIGHT,0.3974,0.0106,0.592
CLUBS THREE CLUBS QUEEN,0.423,0.0114,0.5656
CLUBS JACK DIAMONDS SIX,0.3038,0.0604,0.6358
SPADES JACK DIAMONDS NINE,0.399,0.0108,0.5902
DIAMONDS NINE SPADES THREE,0.4496,0.044,0.5064
HEARTS THREE CLUBS TWO,0.5466,0.1552,0.2982
HEARTS FIVE DIAMONDS ACE,0.4044,0.0048,0.5908
SPADES JACK CLUBS TWO,0.4568,0.0206,0.5226
SPADES FIVE HEARTS TEN,0.4194,0.026,0.5546
HEARTS FIVE CLUBS TWO,0.5258,0.148,0.3262
SPADES ACE DIAMONDS NINE,0.3958,0.0032,0.601
SPADES NINE CLUBS QUEEN,0.3996,0.011,0.5894
DIAMONDS TWO HEARTS KING,0.4516,0.0126,0.5358
CLUBS FIVE CLUBS KING,0.3858,0.0096,0.6046
DIAMONDS SEVEN CLUBS QUEEN,0.4098,0.0116,0.5786
SPADES QUEEN DIAMONDS ACE,0.4122,0.0058,0.582
SPADES FIVE CLUBS KING,0.4224,0.008,0.5696
DIAMONDS TWO SPADES THREE,0.5568,0.1498,0.2934
CLUBS FIVE SPADES TWO,0.5342,0.1484,0.3174
DIAMONDS NINE DIAMONDS FOUR,0.2856,0.098,0.6164
DIAMONDS KING DIAMONDS SIX,0.2988,0.0342,0.667
SPADES EIGHT DIAMONDS JACK,0.3924,0.0166,0.591
HEARTS FIVE HEARTS ACE,0.3514,0.0044,0.6442
CLUBS SEVEN CLUBS ACE,0.372,0.0048,0.6232
CLUBS SEVEN DIAMONDS FIVE,0.385,0.0954,0.5196
CLUBS TEN DIAMONDS NINE,0.3962,0.023,0.5808
SPADES TEN DIAMONDS TEN,0.2198,0.0612,0.719
DIAMONDS TWO DIAMONDS NINE,0.4306,0.0432,0.5262
DIAMONDS QUEEN SPADES TWO,0.4424,0.017,0.5406
CLUBS EIGHT CLUBS KING,0.372,0.0072,0.6208
HEARTS SEVEN CLUBS TWO,0.4592,0.0904,0.4504
HEARTS THREE CLUBS FIVE,0.5134,0.152,0.3346
CLUBS FIVE SPADES SEVEN,0.3798,0.1026,0.5176
HEARTS TWO DIAMONDS KING,0.4436,0.0112,0.5452
HEARTS SEVEN CLUBS FIVE,0.3788,0.098,0.5232
CLUBS SEVEN CLUBS KING,0.3904,0.0084,0.6012
SPADES JACK SPADES FOUR,0.2954,0.0534,0.6512
CLUBS FOUR DIAMONDS TEN,0.302,0.074,0.624
CLUBS TEN HEARTS TEN,0.204,0.0574,0.7386
DIAMONDS SEVEN CLUBS KING,0.4008,0.007,0.5922
HEARTS FIVE CLUBS QUEEN,0.4096,0.0146,0.5758
CLUBS EIGHT DIAMONDS KING,0.4056,0.0056,0.5888
DIAMONDS THREE DIAMONDS JACK,0.4142,0.02,0.5658
HEARTS TWO SPADES THREE,0.539,0.1604,0.3006
DIAMONDS KING HEARTS KING,0.2098,0.0206,0.7696
HEARTS EIGHT HEARTS FIVE,0.3426,0.0722,0.5852
DIAMONDS KING SPADES THREE,0.45,0.0078,0.5422
CLUBS EIGHT DIAMONDS JACK,0.395,0.0166,0.5884
SPADES NINE DIAMONDS JACK,0.3994,0.0196,0.581
DIAMONDS FIVE DIAMONDS FOUR,0.4726,0.2438,0.2836
SPADES TEN CLUBS SIX,0.3152,0.083,0.6018
DIAMONDS JACK HEARTS JACK,0.2028,0.046,0.7512
HEARTS TWO SPADES SIX,0.3276,0.4678,0.2046
CLUBS EIGHT CLUBS QUEEN,0.389,0.0122,0.5988
HEARTS FIVE CLUBS FOUR,0.4786,0.2662,0.2552
CLUBS TWO CLUBS KING,0.4324,0.009,0.5586
SPADES KING SPADES QUEEN,0.378,0.0056,0.6164
SPADES EIGHT SPADES FOUR,0.2972,0.1346,0.5682
DIAMONDS TWO DIAMONDS TEN,0.438,0.0238,0.5382
CLUBS FIVE HEARTS JACK,0.4076,0.0168,0.5756
CLUBS FOUR HEARTS TEN,0.3016,0.0762,0.6222
HEARTS QUEEN DIAMONDS SEVEN,0.3938,0.0122,0.594
SPADES SEVEN DIAMONDS SIX,0.2908,0.181,0.5282
CLUBS FIVE DIAMONDS TEN,0.415,0.0264,0.5586
HEARTS ACE CLUBS QUEEN,0.383,0.0062,0.6108
SPADES FIVE SPADES THREE,0.4898,0.1388,0.3714
CLUBS SIX CLUBS ACE,0.3016,0.022,0.6764
SPADES QUEEN HEARTS FIVE,0.422,0.015,0.563
DIAMONDS TWO SPADES NINE,0.4632,0.0414,0.4954
SPADES SIX HEARTS KING,0.2964,0.0378,0.6658
CLUBS TEN CLUBS ACE,0.3692,0.0054,0.6254
CLUBS JACK SPADES SIX,0.3244,0.059,0.6166
DIAMONDS KING DIAMONDS JACK,0.3642,0.008,0.6278
DIAMONDS JACK CLUBS TWO,0.4566,0.0192,0.5242
DIAMONDS TWO CLUBS ACE,0.434,0.005,0.561
HEARTS TWO CLUBS FOUR,0.5018,0.269,0.2292
CLUBS NINE HEARTS NINE,0.203,0.076,0.721
SPADES NINE HEARTS NINE,0.2006,0.0742,0.7252
CLUBS JACK SPADES TWO,0.4432,0.0246,0.5322
DIAMONDS THREE CLUBS SIX,0.3256,0.4764,0.198
CLUBS EIGHT CLUBS ACE,0.3724,0.004,0.6236
SPADES QUEEN CLUBS SIX,0.326,0.0492,0.6248
SPADES TEN SPADES SIX,0.302,0.0768,0.6212
HEARTS EIGHT HEARTS TEN,0.3252,0.0264,0.6484
CLUBS ACE DIAMONDS SIX,0.3086,0.0248,0.6666
SPADES FIVE CLUBS ACE,0.4102,0.0058,0.584
DIAMONDS TWO DIAMONDS FIVE,0.5092,0.1408,0.35
CLUBS SIX HEARTS KING,0.2902,0.037,0.6728
HEARTS SEVEN DIAMONDS FIVE,0.3782,0.1062,0.5156
CLUBS THREE SPADES FOUR,0.5054,0.2616,0.233
HEARTS EIGHT DIAMONDS JACK,0.3816,0.0208,0.5976
SPADES KING HEARTS QUEEN,0.3948,0.0094,0.5958
SPADES TEN HEARTS JACK,0.3884,0.0142,0.5974
SPADES QUEEN SPADES SEVEN,0.3844,0.012,0.6036
HEARTS TWO DIAMONDS QUEEN,0.4622,0.0156,0.5222
HEARTS EIGHT DIAMONDS SEVEN,0.3496,0.0648,0.5856
HEARTS THREE CLUBS KING,0.449,0.0082,0.5428
CLUBS THREE DIAMONDS FIVE,0.5102,0.1628,0.327
CLUBS THREE SPADES THREE,0.3872,0.1346,0.4782
CLUBS THREE CLUBS KING,0.4304,0.0108,0.5588
SPADES TEN SPADES TWO,0.4156,0.028,0.5564
SPADES FIVE HEARTS ACE,0.394,0.0054,0.6006
DIAMONDS TEN DIAMONDS EIGHT,0.3726,0.021,0.6064
HEARTS EIGHT SPADES FOUR,0.2908,0.1314,0.5778
CLUBS SEVEN DIAMONDS NINE,0.3724,0.0396,0.588
SPADES JACK HEARTS THREE,0.4434,0.0192,0.5374
DIAMONDS THREE SPADES FOUR,0.4934,0.27,0.2366
HEARTS SEVEN SPADES NINE,0.3612,0.0472,0.5916
SPADES FOUR HEARTS JACK,0.3,0.0554,0.6446
DIAMONDS EIGHT SPADES TWO,0.4514,0.0578,0.4908
DIAMONDS KING DIAMONDS SEVEN,0.371,0.0076,0.6214
SPADES TEN CLUBS KING,0.4008,0.008,0.5912
SPADES TWO DIAMONDS SEVEN,0.4442,0.1028,0.453
DIAMONDS TWO HEARTS QUEEN,0.453,0.0136,0.5334
HEARTS KING DIAMONDS SIX,0.2914,0.0374,0.6712
SPADES FIVE SPADES TWO,0.4964,0.1458,0.3578
HEARTS THREE HEARTS TEN,0.392,0.0274,0.5806
SPADES SIX DIAMONDS JACK,0.3308,0.0596,0.6096
DIAMONDS QUEEN DIAMONDS TEN,0.369,0.0096,0.6214
SPADES NINE DIAMONDS EIGHT,0.3838,0.0354,0.5808
HEARTS THREE DIAMONDS EIGHT,0.4486,0.0672,0.4842
SPADES KING HEARTS THREE,0.452,0.0066,0.5414
DIAMONDS THREE DIAMONDS FOUR,0.4788,0.2434,0.2778
SPADES QUEEN DIAMONDS NINE,0.4068,0.011,0.5822
CLUBS EIGHT DIAMONDS EIGHT,0.2078,0.0834,0.7088
CLUBS SIX HEARTS QUEEN,0.2984,0.0516,0.65
CLUBS KING CLUBS QUEEN,0.3844,0.007,0.6086
SPADES QUEEN DIAMONDS FOUR,0.3198,0.0402,0.64
HEARTS FIVE SPADES EIGHT,0.4188,0.0614,0.5198
SPADES EIGHT DIAMONDS QUEEN,0.4058,0.0126,0.5816
SPADES SEVEN HEARTS JACK,0.3934,0.0176,0.589
SPADES SEVEN DIAMONDS NINE,0.365,0.0382,0.5968
SPADES FIVE HEARTS JACK,0.4062,0.0214,0.5724
HEARTS KING HEARTS NINE,0.3416,0.008,0.6504
DIAMONDS ACE DIAMONDS FIVE,0.3958,0.004,0.6002
DIAMONDS TWO CLUBS THREE,0.5528,0.148,0.2992
SPADES NINE CLUBS SIX,0.308,0.1088,0.5832
DIAMONDS EIGHT HEARTS NINE,0.3594,0.0404,0.6002
CLUBS JACK HEARTS KING,0.3814,0.006,0.6126
DIAMONDS TWO HEARTS TEN,0.4484,0.029,0.5226
CLUBS TEN CLUBS SEVEN,0.3814,0.024,0.5946
HEARTS JACK HEARTS TEN,0.3392,0.0156,0.6452
DIAMONDS EIGHT DIAMONDS FOUR,0.2876,0.1308,0.5816
SPADES JACK HEARTS NINE,0.3748,0.0168,0.6084
HEARTS EIGHT HEARTS THREE,0.3936,0.0696,0.5368
HEARTS TWO DIAMONDS SIX,0.3254,0.469,0.2056
SPADES JACK SPADES THREE,0.418,0.0182,0.5638
HEARTS SEVEN DIAMONDS FOUR,0.2676,0.1832,0.5492
DIAMONDS TEN DIAMONDS FOUR,0.2954,0.0762,0.6284
SPADES QUEEN CLUBS FIVE,0.4208,0.015,0.5642
SPADES QUEEN DIAMONDS EIGHT,0.4006,0.011,0.5884
SPADES KING CLUBS TEN,0.3946,0.0074,0.598
DIAMONDS NINE CLUBS KING,0.3926,0.0052,0.6022
SPADES EIGHT HEARTS NINE,0.3632,0.037,0.5998
HEARTS SEVEN CLUBS SEVEN,0.18,0.1002,0.7198
CLUBS JACK SPADES FIVE,0.4222,0.018,0.5598
CLUBS JACK DIAMONDS KING,0.3994,0.0048,0.5958
CLUBS TWO DIAMONDS SEVEN,0.4474,0.1002,0.4524
DIAMONDS JACK CLUBS QUEEN,0.4018,0.009,0.5892
SPADES SEVEN CLUBS QUEEN,0.4064,0.0106,0.583
HEARTS QUEEN CLUBS KING,0.3816,0.0048,0.6136
CLUBS SIX HEARTS JACK,0.2944,0.0632,0.6424
CLUBS FIVE DIAMONDS NINE,0.409,0.038,0.553
HEARTS EIGHT SPADES FIVE,0.3868,0.063,0.5502
CLUBS NINE HEARTS ACE,0.385,0.004,0.611
DIAMONDS THREE CLUBS QUEEN,0.4546,0.0122,0.5332
SPADES JACK DIAMONDS FIVE,0.4128,0.0174,0.5698
CLUBS NINE DIAMONDS KING,0.4118,0.006,0.5822
CLUBS JACK CLUBS THREE,0.4162,0.0176,0.5662
SPADES ACE CLUBS NINE,0.4014,0.0044,0.5942
CLUBS FOUR CLUBS TWO,0.4826,0.251,0.2664
HEARTS TWO HEARTS TEN,0.3994,0.0288,0.5718
CLUBS JACK SPADES NINE,0.3892,0.0142,0.5966
CLUBS JACK HEARTS QUEEN,0.3852,0.012,0.6028
CLUBS SEVEN DIAMONDS FOUR,0.2872,0.1846,0.5282
CLUBS NINE SPADES SEVEN,0.3812,0.0406,0.5782
SPADES EIGHT CLUBS QUEEN,0.3952,0.012,0.5928
CLUBS TEN DIAMONDS ACE,0.385,0.0052,0.6098
SPADES FIVE DIAMONDS EIGHT,0.3956,0.0614,0.543
DIAMONDS SEVEN DIAMONDS SIX,0.2804,0.1844,0.5352
CLUBS TEN CLUBS FIVE,0.4014,0.0284,0.5702
DIAMONDS KING HEARTS QUEEN,0.3882,0.0084,0.6034
DIAMONDS THREE HEARTS TWO,0.5546,0.1556,0.2898
CLUBS JACK CLUBS TWO,0.4272,0.0216,0.5512
HEARTS KING DIAMONDS SEVEN,0.3858,0.0054,0.6088
CLUBS SEVEN CLUBS SIX,0.2652,0.1752,0.5596
HEARTS THREE DIAMONDS FIVE,0.515,0.147,0.338
DIAMONDS THREE DIAMONDS FIVE,0.4836,0.1382,0.3782
DIAMONDS FIVE CLUBS QUEEN,0.4226,0.0148,0.5626
CLUBS TEN CLUBS EIGHT,0.3732,0.0244,0.6024
HEARTS SEVEN SPADES QUEEN,0.3964,0.0116,0.592
SPADES JACK SPADES TEN,0.3668,0.014,0.6192
SPADES FOUR DIAMONDS FIVE,0.5062,0.2582,0.2356
CLUBS JACK DIAMONDS FIVE,0.4092,0.0218,0.569
SPADES EIGHT DIAMONDS NINE,0.365,0.0354,0.5996
HEARTS EIGHT HEARTS ACE,0.3514,0.0074,0.6412
CLUBS NINE DIAMONDS SEVEN,0.3774,0.0428,0.5798
SPADES TEN SPADES EIGHT,0.3764,0.027,0.5966
HEARTS THREE CLUBS SEVEN,0.4226,0.1014,0.476
SPADES KING CLUBS TWO,0.453,0.0098,0.5372
HEARTS KING SPADES TWO,0.4548,0.0116,0.5336
SPADES KING HEARTS ACE,0.3964,0.0048,0.5988
SPADES QUEEN HEARTS ACE,0.3848,0.004,0.6112
CLUBS FIVE DIAMONDS EIGHT,0.3888,0.0684,0.5428
HEARTS THREE HEARTS QUEEN,0.3994,0.0158,0.5848
HEARTS EIGHT DIAMONDS QUEEN,0.3944,0.014,0.5916
DIAMONDS THREE HEARTS THREE,0.3796,0.1272,0.4932
CLUBS EIGHT HEARTS KING,0.387,0.0068,0.6062
CLUBS SIX SPADES THREE,0.312,0.482,0.206
CLUBS TWO HEARTS ACE,0.4212,0.0042,0.5746
HEARTS EIGHT SPADES SEVEN,0.3642,0.0596,0.5762
DIAMONDS TEN SPADES FOUR,0.3156,0.0752,0.6092
CLUBS NINE DIAMONDS FIVE,0.416,0.039,0.545
CLUBS TEN SPADES SEVEN,0.3858,0.0242,0.59
HEARTS JACK CLUBS KING,0.3764,0.0072,0.6164
SPADES QUEEN SPADES SIX,0.2918,0.0452,0.663
SPADES TEN DIAMONDS ACE,0.395,0.0036,0.6014
HEARTS FIVE CLUBS ACE,0.404,0.006,0.59
SPADES FOUR DIAMONDS NINE,0.3186,0.1008,0.5806
DIAMONDS THREE CLUBS NINE,0.4496,0.043,0.5074
DIAMONDS KING HEARTS NINE,0.3828,0.008,0.6092
SPADES TEN SPADES SEVEN,0.3592,0.026,0.6148
SPADES KING CLUBS KING,0.2146,0.019,0.7664
DIAMONDS TWO CLUBS FOUR,0.5022,0.2628,0.235
CLUBS TEN CLUBS NINE,0.3476,0.0184,0.634
CLUBS EIGHT HEARTS THREE,0.4478,0.0674,0.4848
HEARTS EIGHT SPADES EIGHT,0.1878,0.0916,0.7206
HEARTS EIGHT SPADES NINE,0.3666,0.038,0.5954
CLUBS NINE HEARTS THREE,0.4406,0.045,0.5144
DIAMONDS QUEEN CLUBS KING,0.3956,0.0066,0.5978
CLUBS THREE HEARTS NINE,0.4378,0.043,0.5192
CLUBS NINE CLUBS ACE,0.3796,0.0046,0.6158
CLUBS ACE DIAMONDS FIVE,0.4014,0.0044,0.5942
SPADES TWO DIAMONDS SIX,0.336,0.4742,0.1898
DIAMONDS KING CLUBS QUEEN,0.4004,0.0072,0.5924
SPADES ACE SPADES SIX,0.283,0.0254,0.6916
CLUBS EIGHT SPADES SIX,0.3062,0.133,0.5608
HEARTS THREE CLUBS ACE,0.431,0.0068,0.5622
SPADES ACE SPADES EIGHT,0.3814,0.0042,0.6144
HEARTS TEN HEARTS NINE,0.3176,0.0218,0.6606
SPADES SIX DIAMONDS SIX,0.152,0.1054,0.7426
HEARTS FIVE SPADES THREE,0.5038,0.1632,0.333
CLUBS TEN CLUBS SIX,0.2948,0.077,0.6282
CLUBS SEVEN SPADES THREE,0.4272,0.0956,0.4772
DIAMONDS ACE SPADES SEVEN,0.4008,0.0042,0.595
DIAMONDS THREE SPADES EIGHT,0.4504,0.0622,0.4874
CLUBS SIX CLUBS TWO,0.3206,0.4358,0.2436
SPADES KING HEARTS KING,0.2024,0.0186,0.779
SPADES QUEEN HEARTS TEN,0.378,0.01,0.612
CLUBS EIGHT SPADES THREE,0.461,0.0658,0.4732
HEARTS FIVE HEARTS QUEEN,0.3632,0.0146,0.6222
HEARTS FIVE DIAMONDS KING,0.4128,0.0108,0.5764
HEARTS TWO DIAMONDS FIVE,0.5264,0.1486,0.325
CLUBS SEVEN HEARTS TEN,0.3796,0.0254,0.595
SPADES QUEEN SPADES NINE,0.3824,0.0098,0.6078
SPADES THREE CLUBS QUEEN,0.4442,0.0128,0.543
SPADES ACE HEARTS SEVEN,0.39,0.006,0.604
DIAMONDS TWO CLUBS SEVEN,0.4642,0.0986,0.4372
HEARTS ACE DIAMONDS FIVE,0.3912,0.007,0.6018
SPADES EIGHT CLUBS FOUR,0.3096,0.1378,0.5526
DIAMONDS QUEEN SPADES THREE,0.4554,0.0144,0.5302
SPADES NINE DIAMONDS FIVE,0.4144,0.036,0.5496
CLUBS FIVE SPADES FIVE,0.2776,0.122,0.6004
DIAMONDS EIGHT HEARTS QUEEN,0.3936,0.0096,0.5968
SPADES JACK CLUBS FOUR,0.324,0.05,0.626
SPADES KING SPADES FIVE,0.4,0.0094,0.5906
SPADES TEN CLUBS FOUR,0.3202,0.068,0.6118
SPADES JACK SPADES SIX,0.2984,0.0578,0.6438
CLUBS NINE DIAMONDS JACK,0.3952,0.0148,0.59
CLUBS SEVEN HEARTS NINE,0.3682,0.0424,0.5894
CLUBS THREE HEARTS ACE,0.4334,0.0078,0.5588
HEARTS EIGHT DIAMONDS EIGHT,0.19,0.0904,0.7196
CLUBS TEN CLUBS KING,0.3704,0.0056,0.624
HEARTS THREE CLUBS SIX,0.2896,0.4952,0.2152
HEARTS THREE SPADES FOUR,0.5054,0.2696,0.225
SPADES QUEEN CLUBS TWO,0.4558,0.0128,0.5314
SPADES ACE HEARTS TEN,0.3894,0.0036,0.607
HEARTS SEVEN HEARTS ACE,0.3412,0.008,0.6508
CLUBS JACK HEARTS ACE,0.385,0.0058,0.6092
CLUBS JACK DIAMONDS TWO,0.4526,0.02,0.5274
SPADES JACK HEARTS TWO,0.452,0.02,0.528
CLUBS EIGHT SPADES SEVEN,0.358,0.0566,0.5854
CLUBS FOUR DIAMONDS SIX,0.0696,0.9104,0.02
DIAMONDS THREE CLUBS FOUR,0.513,0.2692,0.2178
CLUBS NINE DIAMONDS SIX,0.2862,0.1116,0.6022
DIAMONDS TWO SPADES FOUR,0.505,0.266,0.229
DIAMONDS TWO CLUBS EIGHT,0.4512,0.061,0.4878
DIAMONDS NINE CLUBS ACE,0.4018,0.0022,0.596
SPADES SEVEN HEARTS NINE,0.365,0.0434,0.5916
SPADES NINE HEARTS TEN,0.368,0.024,0.608
CLUBS SIX DIAMONDS KING,0.3126,0.0364,0.651
DIAMONDS QUEEN HEARTS ACE,0.3994,0.0052,0.5954
CLUBS SIX DIAMONDS EIGHT,0.2922,0.1416,0.5662
HEARTS TWO CLUBS FIVE,0.5184,0.154,0.3276
CLUBS FOUR SPADES SIX,0.073,0.907,0.02
HEARTS SEVEN CLUBS ACE,0.3824,0.0048,0.6128
SPADES ACE CLUBS ACE,0.1996,0.0048,0.7956
CLUBS TEN HEARTS KING,0.3884,0.008,0.6036
CLUBS ACE HEARTS NINE,0.3984,0.0058,0.5958
HEARTS EIGHT CLUBS TEN,0.3668,0.0242,0.609
SPADES SEVEN HEARTS KING,0.3802,0.0068,0.613
SPADES KING DIAMONDS SEVEN,0.3998,0.0078,0.5924
HEARTS ACE SPADES THREE,0.425,0.0064,0.5686
CLUBS SIX CLUBS THREE,0.3002,0.4458,0.254
DIAMONDS TEN DIAMONDS FIVE,0.399,0.0254,0.5756
SPADES SIX SPADES TWO,0.3162,0.4258,0.258
DIAMONDS QUEEN DIAMONDS EIGHT,0.3704,0.012,0.6176
SPADES TEN HEARTS TEN,0.2004,0.0636,0.736
CLUBS NINE SPADES TWO,0.448,0.0426,0.5094
CLUBS FIVE HEARTS QUEEN,0.4062,0.0176,0.5762
CLUBS FOUR CLUBS ACE,0.28,0.0188,0.7012
DIAMONDS THREE SPADES KING,0.4506,0.0072,0.5422
HEARTS SEVEN DIAMONDS NINE,0.3688,0.0376,0.5936
HEARTS TWO DIAMONDS SEVEN,0.4476,0.1022,0.4502
DIAMONDS JACK HEARTS ACE,0.382,0.0066,0.6114
CLUBS EIGHT DIAMONDS FOUR,0.304,0.134,0.562
CLUBS TEN SPADES FIVE,0.4176,0.0292,0.5532
CLUBS SEVEN SPADES FOUR,0.2944,0.1786,0.527
SPADES EIGHT SPADES THREE,0.4146,0.0574,0.528
HEARTS FIVE CLUBS KING,0.3954,0.009,0.5956
HEARTS TWO DIAMONDS TEN,0.461,0.0306,0.5084
SPADES FIVE HEARTS KING,0.3972,0.0062,0.5966
CLUBS THREE CLUBS TWO,0.5222,0.1394,0.3384
CLUBS EIGHT CLUBS FIVE,0.3646,0.0544,0.581
CLUBS TWO DIAMONDS FOUR,0.5132,0.2586,0.2282
DIAMONDS TWO HEARTS TWO,0.391,0.1326,0.4764
SPADES ACE CLUBS SEVEN,0.3936,0.0036,0.6028
