opposingHand,winningChance,drawChance,lostChance
HEARTS SIX SPADES QUEEN
SPADES TEN HEARTS FIVE,0.6388,0.0102,0.351
SPADES JACK HEARTS FIVE,0.6266,0.0126,0.3608
SPADES FIVE CLUBS JACK,0.6214,0.0128,0.3658
CLUBS TEN SPADES FIVE,0.6374,0.0122,0.3504
CLUBS EIGHT CLUBS JACK,0.5416,0.0096,0.4488
CLUBS TEN CLUBS EIGHT,0.533,0.0086,0.4584
CLUBS EIGHT CLUBS KING,0.3312,0.006,0.6628
SPADES FIVE CLUBS ACE,0.3898,0.0042,0.606
CLUBS EIGHT CLUBS QUEEN,0.212,0.203,0.585
SPADES FIVE CLUBS KING,0.385,0.0074,0.6076
SPADES FIVE CLUBS QUEEN,0.3932,0.3936,0.2132
CLUBS EIGHT CLUBS ACE,0.3454,0.003,0.6516
DIAMONDS TWO DIAMONDS THREE,0.6016,0.0126,0.3858
DIAMONDS TWO DIAMONDS FIVE,0.5942,0.014,0.3918
SPADES KING HEARTS FIVE,0.3726,0.0076,0.6198
DIAMONDS TWO DIAMONDS FOUR,0.603,0.0134,0.3836
DIAMONDS TWO DIAMONDS SEVEN,0.583,0.0112,0.4058
DIAMONDS TWO DIAMONDS SIX,0.6568,0.0456,0.2976
SPADES ACE HEARTS FIVE,0.3828,0.0056,0.6116
DIAMONDS TWO DIAMONDS NINE,0.5956,0.0114,0.393
DIAMONDS TWO DIAMONDS EIGHT,0.5852,0.012,0.4028
DIAMONDS THREE DIAMONDS FOUR,0.5864,0.014,0.3996
SPADES FOUR CLUBS TWO,0.6482,0.014,0.3378
DIAMONDS THREE DIAMONDS FIVE,0.5914,0.0104,0.3982
SPADES FIVE CLUBS TWO,0.6424,0.0138,0.3438
CLUBS TWO SPADES TWO,0.4408,0.0296,0.5296
CLUBS TWO SPADES THREE,0.6416,0.0164,0.342
DIAMONDS THREE DIAMONDS EIGHT,0.585,0.0104,0.4046
SPADES EIGHT CLUBS TWO,0.6226,0.0116,0.3658
DIAMONDS THREE DIAMONDS NINE,0.5958,0.0118,0.3924
SPADES NINE CLUBS TWO,0.6434,0.0134,0.3432
DIAMONDS THREE DIAMONDS SIX,0.6424,0.0532,0.3044
SPADES SIX CLUBS TWO,0.7108,0.054,0.2352
DIAMONDS THREE DIAMONDS SEVEN,0.5898,0.014,0.3962
SPADES SEVEN CLUBS TWO,0.644,0.0156,0.3404
CLUBS SIX CLUBS TWO,0.666,0.0486,0.2854
CLUBS SEVEN CLUBS TWO,0.5964,0.0112,0.3924
CLUBS FOUR CLUBS TWO,0.6052,0.0144,0.3804
CLUBS FIVE CLUBS TWO,0.5942,0.0128,0.393
CLUBS TEN CLUBS JACK,0.5004,0.0068,0.4928
DIAMONDS FOUR DIAMONDS SIX,0.6422,0.049,0.3088
CLUBS TEN CLUBS QUEEN,0.2328,0.1068,0.6604
DIAMONDS FOUR DIAMONDS SEVEN,0.58,0.0116,0.4084
CLUBS TEN CLUBS KING,0.316,0.0058,0.6782
CLUBS TEN CLUBS ACE,0.3282,0.0042,0.6676
CLUBS EIGHT CLUBS TWO,0.5902,0.0112,0.3986
DIAMONDS FIVE DIAMONDS FOUR,0.5744,0.0124,0.4132
CLUBS NINE CLUBS TWO,0.5792,0.0166,0.4042
DIAMONDS NINE DIAMONDS FOUR,0.578,0.0114,0.4106
DIAMONDS EIGHT DIAMONDS FOUR,0.5816,0.0108,0.4076
CLUBS THREE CLUBS TWO,0.605,0.0138,0.3812
DIAMONDS NINE DIAMONDS FIVE,0.5806,0.0118,0.4076
DIAMONDS TWO CLUBS JACK,0.62,0.0098,0.3702
DIAMONDS EIGHT DIAMONDS FIVE,0.5638,0.0082,0.428
CLUBS TEN DIAMONDS TWO,0.6244,0.0114,0.3642
DIAMONDS FIVE DIAMONDS SEVEN,0.5544,0.0136,0.432
DIAMONDS FIVE DIAMONDS SIX,0.6204,0.0492,0.3304
DIAMONDS TWO CLUBS ACE,0.3914,0.006,0.6026
DIAMONDS TWO CLUBS KING,0.3876,0.0074,0.605
DIAMONDS TWO CLUBS QUEEN,0.3844,0.3888,0.2268
DIAMONDS EIGHT DIAMONDS SIX,0.6294,0.0448,0.3258
DIAMONDS NINE DIAMONDS SIX,0.641,0.0476,0.3114
HEARTS ACE SPADES THREE,0.3904,0.0042,0.6054
SPADES THREE HEARTS KING,0.3828,0.0084,0.6088
DIAMONDS SEVEN DIAMONDS SIX,0.633,0.0438,0.3232
SPADES THREE HEARTS QUEEN,0.3912,0.3842,0.2246
SPADES THREE HEARTS JACK,0.6326,0.0114,0.356
SPADES THREE HEARTS TEN,0.6214,0.0136,0.365
DIAMONDS EIGHT DIAMONDS SEVEN,0.5308,0.0094,0.4598
DIAMONDS NINE DIAMONDS SEVEN,0.5408,0.0108,0.4484
DIAMONDS NINE DIAMONDS EIGHT,0.519,0.011,0.47
DIAMONDS KING HEARTS TEN,0.3358,0.0042,0.66
HEARTS THREE HEARTS TEN,0.5922,0.0106,0.3972
SPADES JACK CLUBS SIX,0.7188,0.0488,0.2324
DIAMONDS KING HEARTS JACK,0.337,0.0038,0.6592
HEARTS THREE HEARTS JACK,0.5918,0.0112,0.397
SPADES TEN CLUBS SIX,0.7048,0.0476,0.2476
SPADES JACK SPADES FIVE,0.5922,0.015,0.3928
SPADES TEN SPADES FIVE,0.5996,0.0106,0.3898
DIAMONDS KING HEARTS ACE,0.3172,0.004,0.6788
HEARTS THREE HEARTS ACE,0.3816,0.0054,0.613
SPADES ACE CLUBS SIX,0.2408,0.0284,0.7308
DIAMONDS KING HEARTS QUEEN,0.224,0.0302,0.7458
HEARTS THREE HEARTS QUEEN,0.373,0.3714,0.2556
SPADES KING CLUBS SIX,0.2366,0.0334,0.73
DIAMONDS KING HEARTS KING,0.1308,0.0028,0.8664
HEARTS THREE HEARTS KING,0.368,0.0064,0.6256
SPADES NINE HEARTS TEN,0.5466,0.0094,0.444
SPADES NINE HEARTS JACK,0.5544,0.0096,0.436
SPADES KING SPADES FIVE,0.3724,0.0076,0.62
SPADES ACE SPADES FIVE,0.3784,0.0032,0.6184
SPADES NINE HEARTS QUEEN,0.2192,0.1628,0.618
SPADES NINE HEARTS KING,0.3524,0.0086,0.639
SPADES NINE HEARTS ACE,0.3584,0.0044,0.6372
CLUBS TEN SPADES JACK,0.5344,0.0116,0.454
CLUBS TEN SPADES TEN,0.2886,0.0136,0.6978
SPADES ACE CLUBS TEN,0.3462,0.003,0.6508
SPADES KING CLUBS TEN,0.3418,0.0052,0.653
SPADES FIVE HEARTS QUEEN,0.3894,0.3884,0.2222
SPADES FIVE HEARTS KING,0.3872,0.007,0.6058
SPADES FIVE HEARTS ACE,0.3786,0.0056,0.6158
HEARTS THREE SPADES JACK,0.6344,0.0166,0.349
SPADES JACK DIAMONDS KING,0.3486,0.0068,0.6446
SPADES TEN CLUBS EIGHT,0.5694,0.0132,0.4174
SPADES JACK CLUBS EIGHT,0.5718,0.011,0.4172
HEARTS THREE SPADES TEN,0.6422,0.011,0.3468
SPADES TEN DIAMONDS KING,0.3398,0.0062,0.654
CLUBS SIX HEARTS ACE,0.2252,0.0282,0.7466
SPADES ACE CLUBS EIGHT,0.3496,0.005,0.6454
HEARTS FIVE CLUBS JACK,0.646,0.0114,0.3426
CLUBS TEN HEARTS FIVE,0.6348,0.0104,0.3548
CLUBS SIX HEARTS QUEEN,0.01,0.9712,0.0188
CLUBS TEN SPADES THREE,0.6258,0.0108,0.3634
CLUBS SIX HEARTS KING,0.2218,0.043,0.7352
SPADES KING CLUBS EIGHT,0.3568,0.0054,0.6378
SPADES THREE CLUBS JACK,0.6424,0.0078,0.3498
DIAMONDS TWO HEARTS JACK,0.6162,0.0134,0.3704
SPADES THREE CLUBS QUEEN,0.4052,0.3778,0.217
DIAMONDS TWO HEARTS TEN,0.6246,0.0142,0.3612
SPADES THREE CLUBS KING,0.409,0.0076,0.5834
HEARTS FIVE CLUBS ACE,0.3814,0.0046,0.614
SPADES FIVE HEARTS TEN,0.6348,0.0108,0.3544
SPADES THREE CLUBS ACE,0.3998,0.0052,0.595
HEARTS FIVE CLUBS KING,0.3952,0.0066,0.5982
SPADES FIVE HEARTS JACK,0.638,0.013,0.349
HEARTS FIVE CLUBS QUEEN,0.402,0.3774,0.2206
HEARTS THREE CLUBS KING,0.3956,0.006,0.5984
DIAMONDS KING CLUBS KING,0.1366,0.0028,0.8606
HEARTS THREE CLUBS QUEEN,0.3826,0.4024,0.215
DIAMONDS KING CLUBS QUEEN,0.2416,0.0254,0.733
HEARTS FIVE HEARTS JACK,0.596,0.011,0.393
HEARTS FIVE HEARTS TEN,0.6038,0.012,0.3842
HEARTS THREE CLUBS ACE,0.4052,0.0052,0.5896
DIAMONDS KING CLUBS ACE,0.328,0.0022,0.6698
SPADES ACE CLUBS QUEEN,0.2218,0.0154,0.7628
SPADES KING CLUBS QUEEN,0.2242,0.029,0.7468
HEARTS THREE CLUBS JACK,0.6286,0.0122,0.3592
DIAMONDS KING CLUBS JACK,0.3534,0.0062,0.6404
CLUBS TEN HEARTS THREE,0.6328,0.0076,0.3596
CLUBS TEN DIAMONDS KING,0.3608,0.007,0.6322
SPADES JACK CLUBS QUEEN,0.228,0.095,0.677
CLUBS SIX CLUBS QUEEN,0.028,0.906,0.066
SPADES TEN CLUBS QUEEN,0.2402,0.115,0.6448
CLUBS SIX CLUBS KING,0.2208,0.0336,0.7456
CLUBS SIX CLUBS ACE,0.2114,0.026,0.7626
HEARTS FIVE HEARTS KING,0.3762,0.0072,0.6166
HEARTS FIVE HEARTS QUEEN,0.3626,0.3686,0.2688
CLUBS TEN CLUBS SIX,0.661,0.0498,0.2892
HEARTS FIVE HEARTS ACE,0.3612,0.0052,0.6336
CLUBS SIX CLUBS JACK,0.672,0.046,0.282
SPADES SEVEN HEARTS JACK,0.5842,0.0112,0.4046
SPADES SEVEN HEARTS TEN,0.5852,0.0104,0.4044
DIAMONDS TWO CLUBS TWO,0.4346,0.032,0.5334
DIAMONDS TWO CLUBS THREE,0.6424,0.0152,0.3424
DIAMONDS TWO HEARTS QUEEN,0.409,0.3712,0.2198
HEARTS SEVEN DIAMONDS TWO,0.6306,0.0134,0.356
DIAMONDS TWO HEARTS KING,0.3904,0.009,0.6006
DIAMONDS TWO HEARTS EIGHT,0.6326,0.0152,0.3522
DIAMONDS TWO HEARTS ACE,0.3868,0.0068,0.6064
DIAMONDS TWO HEARTS NINE,0.6322,0.0114,0.3564
DIAMONDS TWO DIAMONDS QUEEN,0.3724,0.348,0.2796
DIAMONDS TWO HEARTS TWO,0.4346,0.0318,0.5336
DIAMONDS TWO DIAMONDS KING,0.372,0.0088,0.6192
HEARTS THREE DIAMONDS TWO,0.657,0.0116,0.3314
DIAMONDS TWO DIAMONDS ACE,0.3634,0.0038,0.6328
HEARTS FOUR DIAMONDS TWO,0.6554,0.0138,0.3308
DIAMONDS TWO HEARTS FIVE,0.6376,0.0148,0.3476
SPADES SEVEN HEARTS ACE,0.3604,0.0046,0.635
DIAMONDS TWO DIAMONDS TEN,0.6016,0.0096,0.3888
SPADES SEVEN HEARTS KING,0.3554,0.0054,0.6392
DIAMONDS TWO DIAMONDS JACK,0.5924,0.0098,0.3978
SPADES SEVEN HEARTS QUEEN,0.215,0.3078,0.4772
DIAMONDS TWO SPADES NINE,0.6194,0.013,0.3676
DIAMONDS TWO SPADES EIGHT,0.6322,0.013,0.3548
DIAMONDS TWO SPADES SEVEN,0.649,0.0116,0.3394
DIAMONDS TWO SPADES SIX,0.7156,0.0498,0.2346
DIAMONDS TWO SPADES FIVE,0.6406,0.0146,0.3448
DIAMONDS TWO SPADES FOUR,0.6522,0.0146,0.3332
DIAMONDS TWO SPADES THREE,0.654,0.0138,0.3322
DIAMONDS TWO SPADES TWO,0.438,0.028,0.534
CLUBS NINE DIAMONDS TWO,0.6334,0.011,0.3556
DIAMONDS TWO CLUBS EIGHT,0.628,0.0118,0.3602
CLUBS SEVEN DIAMONDS TWO,0.6472,0.0128,0.34
DIAMONDS TWO CLUBS SIX,0.7184,0.0536,0.228
DIAMONDS TWO CLUBS FIVE,0.6458,0.0124,0.3418
DIAMONDS TWO CLUBS FOUR,0.6394,0.0138,0.3468
CLUBS FOUR SPADES FIVE,0.63,0.0104,0.3596
CLUBS FOUR SPADES FOUR,0.4254,0.0292,0.5454
CLUBS FOUR SPADES THREE,0.6166,0.0134,0.37
CLUBS FOUR SPADES TWO,0.6458,0.0116,0.3426
SPADES NINE CLUBS FOUR,0.6368,0.012,0.3512
SPADES EIGHT CLUBS FOUR,0.6366,0.0102,0.3532
SPADES SEVEN CLUBS FOUR,0.6244,0.0116,0.364
SPADES SIX CLUBS FOUR,0.6778,0.053,0.2692
SPADES ACE DIAMONDS SIX,0.2248,0.0326,0.7426
SPADES KING DIAMONDS SIX,0.2252,0.0428,0.732
SPADES TEN DIAMONDS SIX,0.7222,0.0444,0.2334
SPADES JACK DIAMONDS SIX,0.7208,0.0518,0.2274
SPADES KING SPADES TWO,0.3836,0.0072,0.6092
SPADES ACE SPADES TWO,0.382,0.0044,0.6136
DIAMONDS JACK CLUBS JACK,0.276,0.0104,0.7136
CLUBS TEN DIAMONDS JACK,0.539,0.0094,0.4516
DIAMONDS JACK CLUBS KING,0.351,0.0052,0.6438
DIAMONDS JACK CLUBS QUEEN,0.2392,0.0896,0.6712
DIAMONDS THREE DIAMONDS JACK,0.5788,0.0132,0.408
DIAMONDS THREE DIAMONDS TEN,0.5806,0.0114,0.408
DIAMONDS JACK CLUBS ACE,0.3628,0.0034,0.6338
DIAMONDS THREE DIAMONDS KING,0.3682,0.0078,0.624
HEARTS THREE DIAMONDS THREE,0.4258,0.0278,0.5464
DIAMONDS THREE DIAMONDS QUEEN,0.3674,0.3604,0.2722
DIAMONDS THREE HEARTS TWO,0.629,0.0126,0.3584
HEARTS FIVE DIAMONDS THREE,0.626,0.0122,0.3618
DIAMONDS THREE DIAMONDS ACE,0.3692,0.0062,0.6246
HEARTS FOUR DIAMONDS THREE,0.6258,0.0134,0.3608
HEARTS SEVEN DIAMONDS THREE,0.6292,0.0114,0.3594
SPADES TEN SPADES NINE,0.5324,0.0102,0.4574
SPADES JACK SPADES NINE,0.5204,0.0088,0.4708
DIAMONDS THREE HEARTS NINE,0.622,0.0112,0.3668
HEARTS JACK DIAMONDS FOUR,0.6162,0.0124,0.3714
HEARTS ACE HEARTS KING,0.3106,0.0052,0.6842
SPADES TEN SPADES TWO,0.6214,0.0116,0.367
DIAMONDS THREE HEARTS EIGHT,0.6374,0.01,0.3526
HEARTS TEN DIAMONDS FOUR,0.6338,0.0102,0.356
SPADES JACK SPADES TWO,0.6094,0.014,0.3766
HEARTS QUEEN DIAMONDS FOUR,0.4006,0.3758,0.2236
HEARTS KING DIAMONDS FOUR,0.3934,0.0062,0.6004
SPADES ACE SPADES NINE,0.3472,0.0042,0.6486
HEARTS ACE DIAMONDS FOUR,0.3792,0.0036,0.6172
SPADES KING SPADES NINE,0.3428,0.0074,0.6498
DIAMONDS THREE SPADES NINE,0.6284,0.0162,0.3554
DIAMONDS THREE SPADES EIGHT,0.6472,0.0142,0.3386
DIAMONDS THREE SPADES SEVEN,0.6414,0.0148,0.3438
DIAMONDS THREE SPADES SIX,0.7058,0.0508,0.2434
DIAMONDS THREE CLUBS SIX,0.6968,0.0528,0.2504
CLUBS FIVE CLUBS SIX,0.6274,0.0472,0.3254
CLUBS ACE DIAMONDS FOUR,0.3866,0.0042,0.6092
CLUBS SEVEN DIAMONDS THREE,0.614,0.0142,0.3718
CLUBS SEVEN CLUBS FIVE,0.5574,0.0126,0.43
DIAMONDS THREE CLUBS FOUR,0.6298,0.0136,0.3566
DIAMONDS FOUR CLUBS QUEEN,0.3976,0.3764,0.226
DIAMONDS THREE CLUBS FIVE,0.6294,0.016,0.3546
CLUBS KING DIAMONDS FOUR,0.399,0.0074,0.5936
DIAMONDS THREE CLUBS TWO,0.6402,0.0152,0.3446
CLUBS TEN DIAMONDS FOUR,0.6222,0.0084,0.3694
DIAMONDS THREE CLUBS THREE,0.443,0.0298,0.5272
DIAMONDS FOUR CLUBS JACK,0.6234,0.014,0.3626
DIAMONDS THREE SPADES FOUR,0.6196,0.0138,0.3666
DIAMONDS THREE SPADES FIVE,0.634,0.0142,0.3518
DIAMONDS THREE SPADES TWO,0.6458,0.0118,0.3424
DIAMONDS THREE SPADES THREE,0.4328,0.0316,0.5356
CLUBS EIGHT DIAMONDS THREE,0.6304,0.0088,0.3608
CLUBS NINE DIAMONDS THREE,0.6308,0.0104,0.3588
SPADES SEVEN CLUBS ACE,0.3606,0.005,0.6344
SPADES SEVEN CLUBS QUEEN,0.232,0.301,0.467
SPADES SEVEN CLUBS KING,0.3746,0.007,0.6184
CLUBS FIVE SPADES SEVEN,0.6014,0.0088,0.3898
CLUBS TEN SPADES SEVEN,0.5858,0.0084,0.4058
CLUBS FIVE SPADES SIX,0.6742,0.0454,0.2804
SPADES SEVEN CLUBS JACK,0.5858,0.012,0.4022
SPADES NINE CLUBS FIVE,0.6226,0.0106,0.3668
CLUBS FIVE SPADES EIGHT,0.6174,0.0142,0.3684
CLUBS FIVE SPADES THREE,0.6304,0.0108,0.3588
CLUBS FIVE SPADES TWO,0.639,0.0116,0.3494
CLUBS FIVE SPADES FIVE,0.4262,0.0282,0.5456
CLUBS FIVE SPADES FOUR,0.6134,0.0132,0.3734
CLUBS NINE CLUBS FIVE,0.5774,0.0102,0.4124
CLUBS EIGHT CLUBS FIVE,0.566,0.0112,0.4228
CLUBS ACE CLUBS QUEEN,0.2066,0.015,0.7784
CLUBS KING CLUBS QUEEN,0.2276,0.0246,0.7478
DIAMONDS TEN DIAMONDS FOUR,0.5886,0.0116,0.3998
CLUBS TEN DIAMONDS NINE,0.543,0.0112,0.4458
DIAMONDS JACK DIAMONDS FOUR,0.5896,0.01,0.4004
DIAMONDS NINE CLUBS JACK,0.5486,0.0098,0.4416
SPADES NINE CLUBS JACK,0.5422,0.0134,0.4444
CLUBS TEN SPADES NINE,0.5462,0.011,0.4428
DIAMONDS ACE DIAMONDS FOUR,0.3718,0.0036,0.6246
HEARTS FOUR DIAMONDS FOUR,0.4296,0.0294,0.541
DIAMONDS JACK HEARTS TEN,0.5282,0.0096,0.4622
SPADES NINE CLUBS KING,0.355,0.006,0.639
DIAMONDS TWO SPADES TEN,0.6236,0.0114,0.365
DIAMONDS NINE CLUBS ACE,0.3602,0.0024,0.6374
HEARTS FIVE DIAMONDS FOUR,0.6094,0.013,0.3776
DIAMONDS JACK HEARTS JACK,0.2788,0.0108,0.7104
SPADES NINE CLUBS QUEEN,0.2308,0.154,0.6152
SPADES JACK DIAMONDS TWO,0.632,0.0118,0.3562
DIAMONDS QUEEN DIAMONDS FOUR,0.3746,0.359,0.2664
HEARTS TWO DIAMONDS FOUR,0.628,0.0158,0.3562
DIAMONDS NINE CLUBS QUEEN,0.244,0.1522,0.6038
DIAMONDS KING DIAMONDS FOUR,0.3694,0.0046,0.626
HEARTS THREE DIAMONDS FOUR,0.6308,0.014,0.3552
SPADES NINE CLUBS ACE,0.3666,0.0026,0.6308
DIAMONDS NINE CLUBS KING,0.3628,0.0054,0.6318
HEARTS ACE DIAMONDS JACK,0.3462,0.0048,0.649
SPADES ACE DIAMONDS TWO,0.384,0.0056,0.6104
HEARTS QUEEN DIAMONDS JACK,0.2356,0.0832,0.6812
DIAMONDS JACK HEARTS KING,0.3288,0.0062,0.665
SPADES KING DIAMONDS TWO,0.396,0.0092,0.5948
SPADES JACK SPADES SEVEN,0.564,0.0102,0.4258
SPADES TEN SPADES SEVEN,0.5588,0.0124,0.4288
CLUBS SEVEN CLUBS THREE,0.5874,0.0118,0.4008
CLUBS SIX CLUBS THREE,0.6464,0.0512,0.3024
CLUBS FIVE CLUBS THREE,0.582,0.0098,0.4082
CLUBS THREE CLUBS FOUR,0.5902,0.0142,0.3956
CLUBS NINE CLUBS THREE,0.5822,0.0112,0.4066
CLUBS EIGHT CLUBS THREE,0.5986,0.0108,0.3906
CLUBS THREE SPADES FIVE,0.6292,0.0142,0.3566
CLUBS THREE SPADES FOUR,0.6326,0.0126,0.3548
CLUBS THREE SPADES THREE,0.4382,0.03,0.5318
CLUBS THREE SPADES TWO,0.6326,0.0142,0.3532
CLUBS THREE SPADES SIX,0.706,0.0522,0.2418
SPADES SEVEN CLUBS THREE,0.6316,0.0144,0.354
SPADES EIGHT CLUBS THREE,0.6246,0.0146,0.3608
SPADES NINE CLUBS THREE,0.6282,0.0116,0.3602
SPADES TWO DIAMONDS FOUR,0.6564,0.011,0.3326
SPADES THREE DIAMONDS FOUR,0.6354,0.0122,0.3524
SPADES FOUR DIAMONDS FOUR,0.438,0.0258,0.5362
SPADES FIVE DIAMONDS FOUR,0.6248,0.0148,0.3604
SPADES SIX DIAMONDS FOUR,0.6872,0.0538,0.259
SPADES SEVEN DIAMONDS FOUR,0.6156,0.0138,0.3706
SPADES EIGHT DIAMONDS FOUR,0.6308,0.0138,0.3554
SPADES NINE DIAMONDS FOUR,0.6398,0.0108,0.3494
CLUBS FIVE DIAMONDS FOUR,0.627,0.0114,0.3616
CLUBS FOUR DIAMONDS FOUR,0.4254,0.0292,0.5454
CLUBS SEVEN DIAMONDS FOUR,0.6218,0.0122,0.366
CLUBS SIX DIAMONDS FOUR,0.675,0.0492,0.2758
CLUBS NINE DIAMONDS FOUR,0.6288,0.0076,0.3636
CLUBS EIGHT DIAMONDS FOUR,0.606,0.0124,0.3816
HEARTS SEVEN DIAMONDS FOUR,0.6178,0.012,0.3702
DIAMONDS FOUR HEARTS NINE,0.633,0.0122,0.3548
DIAMONDS FOUR HEARTS EIGHT,0.6246,0.0134,0.362
CLUBS THREE DIAMONDS FOUR,0.6276,0.012,0.3604
CLUBS TWO DIAMONDS FOUR,0.6408,0.0132,0.346
DIAMONDS TEN DIAMONDS FIVE,0.592,0.0126,0.3954
DIAMONDS JACK DIAMONDS FIVE,0.6014,0.0078,0.3908
DIAMONDS NINE HEARTS QUEEN,0.2286,0.1604,0.611
DIAMONDS NINE HEARTS KING,0.3498,0.007,0.6432
HEARTS ACE DIAMONDS NINE,0.352,0.0054,0.6426
DIAMONDS NINE HEARTS TEN,0.5554,0.0082,0.4364
DIAMONDS NINE HEARTS JACK,0.551,0.0098,0.4392
CLUBS KING DIAMONDS SIX,0.2368,0.042,0.7212
CLUBS QUEEN DIAMONDS SIX,0.0254,0.9548,0.0198
CLUBS ACE DIAMONDS SIX,0.2426,0.0328,0.7246
SPADES KING DIAMONDS FOUR,0.3944,0.0052,0.6004
SPADES ACE SPADES SEVEN,0.3222,0.0044,0.6734
CLUBS JACK DIAMONDS SIX,0.7112,0.0506,0.2382
SPADES KING SPADES SEVEN,0.3466,0.0074,0.646
SPADES ACE DIAMONDS FOUR,0.3868,0.0032,0.61
CLUBS TEN DIAMONDS SIX,0.7044,0.042,0.2536
CLUBS NINE CLUBS FOUR,0.5836,0.0108,0.4056
CLUBS EIGHT CLUBS FOUR,0.5806,0.0114,0.408
SPADES JACK DIAMONDS FOUR,0.6268,0.0128,0.3604
SPADES TEN DIAMONDS FOUR,0.6292,0.0112,0.3596
CLUBS FIVE CLUBS FOUR,0.5638,0.0114,0.4248
CLUBS SEVEN CLUBS FOUR,0.5804,0.0118,0.4078
CLUBS SIX CLUBS FOUR,0.6346,0.0448,0.3206
CLUBS SEVEN SPADES EIGHT,0.5648,0.0106,0.4246
CLUBS SEVEN SPADES NINE,0.572,0.0114,0.4166
CLUBS SEVEN SPADES SIX,0.6664,0.0432,0.2904
CLUBS SEVEN SPADES SEVEN,0.3136,0.0238,0.6626
CLUBS SEVEN SPADES FIVE,0.6006,0.0118,0.3876
CLUBS SEVEN SPADES FOUR,0.6288,0.0122,0.359
CLUBS SEVEN SPADES THREE,0.6258,0.013,0.3612
CLUBS SEVEN SPADES TWO,0.6504,0.0102,0.3394
CLUBS NINE CLUBS SEVEN,0.5322,0.0092,0.4586
CLUBS SEVEN CLUBS EIGHT,0.5268,0.01,0.4632
HEARTS SEVEN DIAMONDS FIVE,0.6122,0.011,0.3768
DIAMONDS FIVE HEARTS EIGHT,0.6046,0.013,0.3824
DIAMONDS FIVE HEARTS NINE,0.6272,0.0104,0.3624
DIAMONDS QUEEN DIAMONDS FIVE,0.3618,0.3572,0.281
HEARTS TWO DIAMONDS FIVE,0.6472,0.0138,0.339
HEARTS KING HEARTS EIGHT,0.3438,0.0094,0.6468
DIAMONDS KING DIAMONDS FIVE,0.3632,0.0084,0.6284
HEARTS THREE DIAMONDS FIVE,0.6298,0.0116,0.3586
HEARTS QUEEN HEARTS EIGHT,0.2158,0.223,0.5612
DIAMONDS ACE DIAMONDS FIVE,0.3656,0.0032,0.6312
HEARTS FOUR DIAMONDS FIVE,0.6074,0.0118,0.3808
HEARTS FIVE DIAMONDS FIVE,0.4166,0.0282,0.5552
HEARTS ACE HEARTS EIGHT,0.3358,0.0048,0.6594
CLUBS FOUR DIAMONDS FIVE,0.6142,0.0098,0.376
CLUBS FIVE DIAMONDS FIVE,0.426,0.0284,0.5456
CLUBS SIX DIAMONDS FIVE,0.657,0.0504,0.2926
CLUBS SEVEN DIAMONDS FIVE,0.6024,0.0116,0.386
CLUBS TWO DIAMONDS FIVE,0.633,0.0124,0.3546
CLUBS THREE DIAMONDS FIVE,0.6308,0.0112,0.358
SPADES THREE DIAMONDS FIVE,0.6382,0.0132,0.3486
SPADES TWO DIAMONDS FIVE,0.6444,0.013,0.3426
SPADES JACK DIAMONDS EIGHT,0.58,0.0122,0.4078
SPADES FIVE DIAMONDS FIVE,0.4304,0.0284,0.5412
CLUBS TEN HEARTS JACK,0.5444,0.0136,0.442
SPADES TEN DIAMONDS EIGHT,0.5656,0.0112,0.4232
SPADES FOUR DIAMONDS FIVE,0.6088,0.0108,0.3804
HEARTS JACK CLUBS JACK,0.2766,0.0118,0.7116
HEARTS JACK CLUBS QUEEN,0.2426,0.096,0.6614
CLUBS NINE DIAMONDS FIVE,0.6164,0.0084,0.3752
CLUBS KING HEARTS JACK,0.3302,0.0078,0.662
CLUBS EIGHT DIAMONDS FIVE,0.6046,0.0118,0.3836
CLUBS ACE HEARTS JACK,0.3492,0.0034,0.6474
SPADES SEVEN DIAMONDS FIVE,0.594,0.0114,0.3946
SPADES KING DIAMONDS EIGHT,0.3588,0.006,0.6352
SPADES SIX DIAMONDS FIVE,0.6694,0.0452,0.2854
SPADES NINE DIAMONDS FIVE,0.619,0.0126,0.3684
SPADES EIGHT DIAMONDS FIVE,0.6174,0.0094,0.3732
SPADES ACE DIAMONDS EIGHT,0.367,0.0042,0.6288
DIAMONDS TEN DIAMONDS SIX,0.6606,0.0478,0.2916
HEARTS ACE DIAMONDS SEVEN,0.3454,0.0058,0.6488
DIAMONDS JACK DIAMONDS SIX,0.6764,0.0464,0.2772
HEARTS QUEEN DIAMONDS SEVEN,0.2182,0.306,0.4758
HEARTS KING DIAMONDS SEVEN,0.3708,0.006,0.6232
DIAMONDS ACE DIAMONDS SIX,0.2272,0.028,0.7448
HEARTS FOUR DIAMONDS SIX,0.6814,0.0506,0.268
SPADES TWO HEARTS JACK,0.6382,0.013,0.3488
HEARTS FIVE DIAMONDS SIX,0.6714,0.0456,0.283
SPADES TWO HEARTS TEN,0.628,0.0132,0.3588
DIAMONDS QUEEN DIAMONDS SIX,0.0208,0.9088,0.0704
HEARTS TWO DIAMONDS SIX,0.712,0.0554,0.2326
DIAMONDS KING DIAMONDS SIX,0.2218,0.036,0.7422
HEARTS THREE DIAMONDS SIX,0.7024,0.048,0.2496
HEARTS EIGHT DIAMONDS SIX,0.6782,0.044,0.2778
HEARTS NINE DIAMONDS SIX,0.683,0.0424,0.2746
HEARTS SEVEN DIAMONDS SIX,0.667,0.0478,0.2852
HEARTS TEN DIAMONDS SEVEN,0.5806,0.012,0.4074
CLUBS TWO DIAMONDS SIX,0.714,0.0532,0.2328
HEARTS JACK DIAMONDS SEVEN,0.5802,0.0108,0.409
CLUBS THREE DIAMONDS SIX,0.6974,0.0494,0.2532
CLUBS SEVEN DIAMONDS SIX,0.658,0.0412,0.3008
DIAMONDS EIGHT CLUBS JACK,0.5698,0.01,0.4202
CLUBS SIX DIAMONDS SIX,0.3,0.0362,0.6638
CLUBS TEN DIAMONDS EIGHT,0.572,0.007,0.421
CLUBS FIVE DIAMONDS SIX,0.6676,0.0522,0.2802
CLUBS FOUR DIAMONDS SIX,0.6974,0.0426,0.26
HEARTS ACE HEARTS JACK,0.3366,0.0046,0.6588
DIAMONDS EIGHT CLUBS ACE,0.3406,0.0022,0.6572
HEARTS QUEEN HEARTS JACK,0.2372,0.0872,0.6756
DIAMONDS EIGHT CLUBS KING,0.3648,0.0074,0.6278
CLUBS NINE DIAMONDS SIX,0.674,0.045,0.281
HEARTS KING HEARTS JACK,0.32,0.0068,0.6732
DIAMONDS EIGHT CLUBS QUEEN,0.2328,0.2182,0.549
CLUBS EIGHT DIAMONDS SIX,0.6734,0.0498,0.2768
SPADES TEN HEARTS KING,0.3356,0.007,0.6574
SPADES FIVE DIAMONDS SIX,0.661,0.046,0.293
HEARTS ACE SPADES TWO,0.3988,0.0066,0.5946
SPADES JACK HEARTS KING,0.3422,0.0072,0.6506
SPADES FOUR DIAMONDS SIX,0.6866,0.0522,0.2612
SPADES THREE DIAMONDS SIX,0.7016,0.0506,0.2478
HEARTS QUEEN SPADES TWO,0.388,0.3882,0.2238
SPADES ACE SPADES KING,0.3058,0.0048,0.6894
SPADES TWO HEARTS KING,0.3952,0.01,0.5948
SPADES TWO DIAMONDS SIX,0.7196,0.0478,0.2326
HEARTS TEN HEARTS EIGHT,0.5466,0.0092,0.4442
SPADES NINE DIAMONDS SIX,0.6906,0.0476,0.2618
HEARTS JACK HEARTS EIGHT,0.547,0.011,0.442
SPADES EIGHT DIAMONDS SIX,0.6772,0.0444,0.2784
SPADES SEVEN DIAMONDS SIX,0.6658,0.0448,0.2894
SPADES SIX DIAMONDS SIX,0.3112,0.0414,0.6474
SPADES KING HEARTS KING,0.123,0.0042,0.8728
CLUBS ACE CLUBS KING,0.3012,0.003,0.6958
SPADES ACE HEARTS KING,0.2958,0.0054,0.6988
SPADES ACE HEARTS JACK,0.353,0.0054,0.6416
SPADES KING HEARTS JACK,0.3286,0.0086,0.6628
SPADES TEN DIAMONDS TEN,0.2942,0.0126,0.6932
SPADES JACK DIAMONDS TEN,0.5356,0.01,0.4544
SPADES ACE DIAMONDS TEN,0.3492,0.0038,0.647
SPADES JACK HEARTS JACK,0.2696,0.0128,0.7176
SPADES TEN HEARTS JACK,0.5374,0.009,0.4536
SPADES KING DIAMONDS TEN,0.355,0.0054,0.6396
SPADES NINE DIAMONDS SEVEN,0.5814,0.0104,0.4082
SPADES EIGHT DIAMONDS SEVEN,0.5706,0.0084,0.421
SPADES SEVEN DIAMONDS SEVEN,0.316,0.0248,0.6592
SPADES SIX DIAMONDS SEVEN,0.666,0.0418,0.2922
DIAMONDS KING DIAMONDS SEVEN,0.3384,0.0072,0.6544
HEARTS THREE DIAMONDS SEVEN,0.6384,0.0108,0.3508
HEARTS KING DIAMONDS FIVE,0.4064,0.0056,0.588
DIAMONDS QUEEN DIAMONDS SEVEN,0.2134,0.2918,0.4948
HEARTS TWO DIAMONDS SEVEN,0.6458,0.0108,0.3434
HEARTS QUEEN DIAMONDS FIVE,0.389,0.3898,0.2212
HEARTS FIVE DIAMONDS SEVEN,0.6058,0.0108,0.3834
DIAMONDS ACE DIAMONDS SEVEN,0.3254,0.004,0.6706
HEARTS FOUR DIAMONDS SEVEN,0.6202,0.0122,0.3676
HEARTS ACE DIAMONDS FIVE,0.3912,0.004,0.6048
HEARTS SEVEN DIAMONDS SEVEN,0.3262,0.0224,0.6514
DIAMONDS SEVEN HEARTS NINE,0.5652,0.0124,0.4224
HEARTS EIGHT DIAMONDS SEVEN,0.5594,0.0132,0.4274
DIAMONDS JACK DIAMONDS SEVEN,0.5464,0.0094,0.4442
DIAMONDS FIVE HEARTS JACK,0.6164,0.012,0.3716
DIAMONDS TEN DIAMONDS SEVEN,0.54,0.0104,0.4496
HEARTS TEN DIAMONDS FIVE,0.6258,0.0116,0.3626
SPADES KING CLUBS TWO,0.3946,0.0068,0.5986
HEARTS KING CLUBS KING,0.1378,0.0028,0.8594
CLUBS EIGHT DIAMONDS SEVEN,0.559,0.0124,0.4286
HEARTS KING CLUBS QUEEN,0.2318,0.0294,0.7388
CLUBS NINE DIAMONDS SEVEN,0.5632,0.012,0.4248
SPADES TWO CLUBS JACK,0.621,0.012,0.367
SPADES ACE CLUBS TWO,0.3856,0.0052,0.6092
CLUBS TEN SPADES TWO,0.6414,0.0104,0.3482
HEARTS KING CLUBS ACE,0.3148,0.0036,0.6816
CLUBS SEVEN CLUBS SIX,0.6148,0.0414,0.3438
SPADES TWO CLUBS KING,0.4102,0.0076,0.5822
SPADES TWO DIAMONDS SEVEN,0.6366,0.0132,0.3502
CLUBS EIGHT CLUBS SIX,0.6308,0.043,0.3262
SPADES THREE DIAMONDS SEVEN,0.6256,0.0092,0.3652
SPADES TWO CLUBS QUEEN,0.3954,0.3802,0.2244
CLUBS NINE CLUBS SIX,0.6364,0.0416,0.322
SPADES FOUR DIAMONDS SEVEN,0.617,0.0122,0.3708
HEARTS KING CLUBS JACK,0.3266,0.0072,0.6662
SPADES FIVE DIAMONDS SEVEN,0.6124,0.0164,0.3712
SPADES TWO CLUBS ACE,0.3938,0.0034,0.6028
CLUBS TEN HEARTS KING,0.3406,0.0076,0.6518
CLUBS SIX SPADES TWO,0.7134,0.055,0.2316
CLUBS SIX SPADES THREE,0.6944,0.052,0.2536
CLUBS TWO DIAMONDS SEVEN,0.645,0.0118,0.3432
CLUBS SIX SPADES FOUR,0.684,0.052,0.264
CLUBS THREE DIAMONDS SEVEN,0.6354,0.0104,0.3542
CLUBS SIX SPADES FIVE,0.673,0.0444,0.2826
CLUBS FOUR DIAMONDS SEVEN,0.6164,0.0132,0.3704
CLUBS SIX SPADES SIX,0.3044,0.0424,0.6532
CLUBS FIVE DIAMONDS SEVEN,0.6012,0.0096,0.3892
CLUBS SIX SPADES SEVEN,0.6532,0.0488,0.298
CLUBS SIX DIAMONDS SEVEN,0.658,0.0472,0.2948
SPADES EIGHT CLUBS SIX,0.6788,0.0496,0.2716
SPADES JACK CLUBS TWO,0.6418,0.0132,0.345
CLUBS SEVEN DIAMONDS SEVEN,0.322,0.0236,0.6544
SPADES NINE CLUBS SIX,0.6882,0.0446,0.2672
SPADES TEN CLUBS TWO,0.628,0.014,0.358
CLUBS TWO CLUBS QUEEN,0.3776,0.348,0.2744
CLUBS TWO CLUBS KING,0.3852,0.0068,0.608
CLUBS THREE DIAMONDS EIGHT,0.6372,0.0128,0.35
CLUBS TWO CLUBS ACE,0.3756,0.0044,0.62
CLUBS TWO DIAMONDS EIGHT,0.6318,0.013,0.3552
HEARTS SEVEN DIAMONDS EIGHT,0.5672,0.0122,0.4206
DIAMONDS EIGHT HEARTS NINE,0.5484,0.0116,0.44
CLUBS TEN CLUBS TWO,0.5756,0.0108,0.4136
DIAMONDS EIGHT HEARTS EIGHT,0.2966,0.0216,0.6818
CLUBS TWO CLUBS JACK,0.592,0.0088,0.3992
CLUBS NINE DIAMONDS EIGHT,0.5598,0.0102,0.43
CLUBS EIGHT DIAMONDS EIGHT,0.3142,0.0214,0.6644
CLUBS FIVE DIAMONDS EIGHT,0.6042,0.0136,0.3822
SPADES ACE SPADES THREE,0.3814,0.0044,0.6142
CLUBS FOUR DIAMONDS EIGHT,0.6184,0.009,0.3726
CLUBS SEVEN DIAMONDS EIGHT,0.5714,0.0112,0.4174
CLUBS SIX DIAMONDS EIGHT,0.678,0.0416,0.2804
SPADES KING SPADES THREE,0.3782,0.0098,0.612
DIAMONDS QUEEN DIAMONDS EIGHT,0.2142,0.209,0.5768
HEARTS TWO DIAMONDS EIGHT,0.6324,0.0136,0.354
DIAMONDS KING DIAMONDS EIGHT,0.3272,0.007,0.6658
HEARTS THREE DIAMONDS EIGHT,0.6546,0.0106,0.3348
DIAMONDS ACE DIAMONDS EIGHT,0.3324,0.0054,0.6622
HEARTS FOUR DIAMONDS EIGHT,0.6246,0.01,0.3654
HEARTS FIVE DIAMONDS EIGHT,0.6084,0.0104,0.3812
DIAMONDS EIGHT DIAMONDS TEN,0.5254,0.0098,0.4648
DIAMONDS EIGHT DIAMONDS JACK,0.5366,0.0072,0.4562
SPADES JACK SPADES THREE,0.592,0.01,0.398
SPADES TEN SPADES THREE,0.5982,0.0128,0.389
CLUBS FOUR HEARTS ACE,0.3914,0.0052,0.6034
CLUBS FOUR HEARTS QUEEN,0.3898,0.383,0.2272
CLUBS FOUR HEARTS KING,0.3882,0.0076,0.6042
CLUBS SIX HEARTS TEN,0.6972,0.048,0.2548
CLUBS SIX HEARTS JACK,0.719,0.048,0.233
SPADES FOUR DIAMONDS EIGHT,0.6348,0.0122,0.353
SPADES FIVE DIAMONDS EIGHT,0.6126,0.0106,0.3768
DIAMONDS EIGHT SPADES TWO,0.642,0.011,0.347
DIAMONDS EIGHT SPADES THREE,0.6394,0.0124,0.3482
CLUBS FOUR HEARTS JACK,0.6388,0.0106,0.3506
SPADES EIGHT DIAMONDS EIGHT,0.2972,0.0232,0.6796
SPADES JACK HEARTS EIGHT,0.5658,0.012,0.4222
SPADES TEN HEARTS TWO,0.6356,0.0088,0.3556
SPADES TEN DIAMONDS QUEEN,0.2358,0.1156,0.6486
CLUBS FOUR HEARTS TEN,0.6176,0.0106,0.3718
SPADES NINE DIAMONDS EIGHT,0.5658,0.0108,0.4234
SPADES JACK HEARTS TWO,0.633,0.013,0.354
SPADES JACK DIAMONDS QUEEN,0.2412,0.0894,0.6694
SPADES TEN HEARTS EIGHT,0.562,0.0106,0.4274
SPADES SIX DIAMONDS EIGHT,0.6736,0.051,0.2754
SPADES SEVEN DIAMONDS EIGHT,0.5688,0.0098,0.4214
SPADES ACE HEARTS TWO,0.382,0.006,0.612
SPADES ACE DIAMONDS QUEEN,0.2218,0.0136,0.7646
SPADES ACE HEARTS EIGHT,0.3552,0.0032,0.6416
SPADES KING HEARTS EIGHT,0.3656,0.008,0.6264
SPADES KING DIAMONDS QUEEN,0.2284,0.0298,0.7418
SPADES KING HEARTS TWO,0.402,0.0072,0.5908
CLUBS TWO HEARTS TEN,0.617,0.0124,0.3706
CLUBS TWO HEARTS JACK,0.6114,0.0144,0.3742
SPADES SEVEN DIAMONDS NINE,0.598,0.0106,0.3914
SPADES SIX DIAMONDS NINE,0.696,0.0502,0.2538
SPADES NINE DIAMONDS NINE,0.3046,0.0208,0.6746
SPADES EIGHT DIAMONDS NINE,0.5566,0.009,0.4344
SPADES TEN CLUBS KING,0.3456,0.008,0.6464
DIAMONDS NINE SPADES THREE,0.6356,0.0108,0.3536
SPADES JACK CLUBS KING,0.345,0.0066,0.6484
DIAMONDS NINE SPADES TWO,0.6452,0.0136,0.3412
SPADES FIVE DIAMONDS NINE,0.635,0.0134,0.3516
DIAMONDS NINE SPADES FOUR,0.6334,0.0138,0.3528
CLUBS NINE DIAMONDS NINE,0.3032,0.0188,0.678
CLUBS EIGHT DIAMONDS NINE,0.5626,0.0112,0.4262
CLUBS SIX DIAMONDS NINE,0.6892,0.0436,0.2672
SPADES JACK CLUBS FOUR,0.6236,0.0118,0.3646
CLUBS SEVEN DIAMONDS NINE,0.5662,0.009,0.4248
SPADES TEN CLUBS FOUR,0.6262,0.0122,0.3616
CLUBS FOUR DIAMONDS NINE,0.6304,0.0094,0.3602
CLUBS FIVE DIAMONDS NINE,0.6224,0.0124,0.3652
DIAMONDS NINE CLUBS TWO,0.6278,0.0104,0.3618
CLUBS THREE DIAMONDS NINE,0.6228,0.0106,0.3666
DIAMONDS NINE HEARTS EIGHT,0.5644,0.0116,0.424
DIAMONDS NINE HEARTS NINE,0.3022,0.0174,0.6804
HEARTS SEVEN DIAMONDS NINE,0.5654,0.0112,0.4234
CLUBS NINE CLUBS EIGHT,0.518,0.009,0.473
DIAMONDS ACE DIAMONDS NINE,0.3216,0.0028,0.6756
HEARTS FOUR DIAMONDS NINE,0.634,0.0126,0.3534
HEARTS FIVE DIAMONDS NINE,0.6236,0.01,0.3664
HEARTS ACE CLUBS TWO,0.3864,0.0038,0.6098
SPADES ACE CLUBS FOUR,0.3718,0.004,0.6242
DIAMONDS QUEEN DIAMONDS NINE,0.2086,0.1588,0.6326
HEARTS TWO DIAMONDS NINE,0.635,0.0106,0.3544
CLUBS TWO HEARTS KING,0.3858,0.0082,0.606
SPADES KING CLUBS FOUR,0.3936,0.0062,0.6002
DIAMONDS KING DIAMONDS NINE,0.3268,0.0058,0.6674
HEARTS THREE DIAMONDS NINE,0.6324,0.0136,0.354
CLUBS TWO HEARTS QUEEN,0.4028,0.3882,0.209
DIAMONDS NINE DIAMONDS JACK,0.5114,0.0104,0.4782
CLUBS EIGHT SPADES NINE,0.557,0.0124,0.4306
DIAMONDS NINE DIAMONDS TEN,0.5178,0.0064,0.4758
CLUBS EIGHT SPADES EIGHT,0.3104,0.0244,0.6652
CLUBS EIGHT SPADES SEVEN,0.565,0.0092,0.4258
CLUBS EIGHT SPADES SIX,0.675,0.0466,0.2784
CLUBS EIGHT SPADES FIVE,0.618,0.0146,0.3674
CLUBS EIGHT SPADES FOUR,0.6316,0.0132,0.3552
CLUBS EIGHT SPADES THREE,0.6518,0.0108,0.3374
CLUBS EIGHT SPADES TWO,0.6254,0.0122,0.3624
HEARTS SEVEN DIAMONDS TEN,0.568,0.0112,0.4208
DIAMONDS TEN HEARTS EIGHT,0.5592,0.0104,0.4304
CLUBS FOUR CLUBS JACK,0.5848,0.011,0.4042
DIAMONDS TEN HEARTS NINE,0.5532,0.0124,0.4344
CLUBS TEN CLUBS FOUR,0.5912,0.0094,0.3994
CLUBS FOUR CLUBS KING,0.3778,0.0072,0.615
CLUBS FOUR CLUBS QUEEN,0.3758,0.3478,0.2764
CLUBS TWO DIAMONDS TEN,0.6148,0.0098,0.3754
CLUBS THREE DIAMONDS TEN,0.6184,0.0124,0.3692
CLUBS FOUR CLUBS ACE,0.3666,0.0038,0.6296
DIAMONDS JACK DIAMONDS TEN,0.5026,0.0084,0.489
DIAMONDS QUEEN DIAMONDS TEN,0.225,0.1116,0.6634
HEARTS TWO DIAMONDS TEN,0.6342,0.011,0.3548
DIAMONDS KING DIAMONDS TEN,0.31,0.0048,0.6852
HEARTS THREE DIAMONDS TEN,0.6348,0.0106,0.3546
DIAMONDS ACE DIAMONDS TEN,0.3328,0.0046,0.6626
HEARTS FOUR DIAMONDS TEN,0.6262,0.0122,0.3616
CLUBS EIGHT HEARTS JACK,0.5664,0.0098,0.4238
HEARTS FIVE DIAMONDS TEN,0.631,0.0114,0.3576
CLUBS EIGHT HEARTS TEN,0.5616,0.0102,0.4282
CLUBS EIGHT HEARTS QUEEN,0.233,0.2196,0.5474
CLUBS EIGHT HEARTS KING,0.3554,0.007,0.6376
CLUBS EIGHT HEARTS ACE,0.3412,0.0044,0.6544
CLUBS NINE SPADES THREE,0.632,0.0112,0.3568
CLUBS NINE SPADES TWO,0.6312,0.012,0.3568
CLUBS NINE SPADES FIVE,0.6176,0.0082,0.3742
CLUBS NINE SPADES FOUR,0.6482,0.0128,0.339
CLUBS NINE SPADES SEVEN,0.584,0.0092,0.4068
CLUBS NINE SPADES SIX,0.6882,0.0518,0.26
CLUBS NINE SPADES NINE,0.3106,0.0204,0.669
CLUBS TEN HEARTS EIGHT,0.5552,0.0104,0.4344
CLUBS NINE SPADES EIGHT,0.573,0.0112,0.4158
HEARTS EIGHT CLUBS JACK,0.5576,0.0144,0.428
CLUBS QUEEN HEARTS EIGHT,0.2242,0.2248,0.551
CLUBS KING HEARTS EIGHT,0.3626,0.0062,0.6312
CLUBS ACE HEARTS EIGHT,0.3524,0.0034,0.6442
SPADES KING CLUBS KING,0.1354,0.0028,0.8618
SPADES ACE CLUBS KING,0.32,0.0038,0.6762
DIAMONDS ACE HEARTS TEN,0.346,0.0032,0.6508
HEARTS FOUR HEARTS TEN,0.5964,0.0118,0.3918
DIAMONDS ACE HEARTS JACK,0.3384,0.0054,0.6562
HEARTS FOUR HEARTS JACK,0.5958,0.0102,0.394
SPADES KING CLUBS FIVE,0.3796,0.01,0.6104
SPADES ACE CLUBS FIVE,0.377,0.0038,0.6192
HEARTS SEVEN DIAMONDS JACK,0.58,0.0112,0.4088
DIAMONDS JACK HEARTS NINE,0.5424,0.0106,0.447
DIAMONDS JACK HEARTS EIGHT,0.5666,0.0102,0.4232
DIAMONDS KING DIAMONDS JACK,0.3254,0.0044,0.6702
HEARTS THREE DIAMONDS JACK,0.6272,0.0114,0.3614
SPADES ACE SPADES SIX,0.2212,0.028,0.7508
HEARTS ACE SPADES FOUR,0.3928,0.0052,0.602
DIAMONDS QUEEN DIAMONDS JACK,0.24,0.0782,0.6818
HEARTS TWO DIAMONDS JACK,0.6366,0.0104,0.353
HEARTS FIVE DIAMONDS JACK,0.6354,0.009,0.3556
SPADES FOUR HEARTS QUEEN,0.3946,0.3796,0.2258
DIAMONDS ACE DIAMONDS JACK,0.3272,0.0044,0.6684
HEARTS FOUR DIAMONDS JACK,0.6268,0.0106,0.3626
SPADES KING SPADES SIX,0.2204,0.0386,0.741
SPADES FOUR HEARTS KING,0.405,0.009,0.586
SPADES TEN SPADES SIX,0.675,0.0456,0.2794
SPADES JACK SPADES SIX,0.6872,0.0498,0.263
SPADES FOUR DIAMONDS JACK,0.6228,0.0088,0.3684
SPADES FIVE DIAMONDS JACK,0.629,0.0114,0.3596
DIAMONDS JACK SPADES TWO,0.637,0.0114,0.3516
SPADES THREE DIAMONDS JACK,0.6238,0.0132,0.363
SPADES ACE DIAMONDS THREE,0.396,0.0034,0.6006
CLUBS EIGHT DIAMONDS JACK,0.5608,0.0102,0.429
SPADES KING DIAMONDS THREE,0.384,0.0078,0.6082
CLUBS NINE DIAMONDS JACK,0.5644,0.0098,0.4258
CLUBS SIX DIAMONDS JACK,0.7182,0.0458,0.236
CLUBS SEVEN DIAMONDS JACK,0.5922,0.0096,0.3982
CLUBS FOUR DIAMONDS JACK,0.6256,0.012,0.3624
CLUBS FIVE DIAMONDS JACK,0.6378,0.0106,0.3516
CLUBS TWO DIAMONDS JACK,0.6384,0.0114,0.3502
CLUBS THREE DIAMONDS JACK,0.627,0.0094,0.3636
SPADES TEN CLUBS FIVE,0.648,0.0094,0.3426
SPADES JACK CLUBS FIVE,0.6248,0.0082,0.367
SPADES JACK DIAMONDS THREE,0.6296,0.0132,0.3572
CLUBS SEVEN CLUBS ACE,0.328,0.0026,0.6694
SPADES TEN DIAMONDS THREE,0.6276,0.011,0.3614
CLUBS SEVEN CLUBS QUEEN,0.2098,0.2926,0.4976
CLUBS SEVEN CLUBS KING,0.3466,0.0054,0.648
SPADES NINE DIAMONDS JACK,0.5628,0.011,0.4262
CLUBS TEN CLUBS SEVEN,0.5526,0.0096,0.4378
DIAMONDS ACE HEARTS ACE,0.1204,0.0044,0.8752
HEARTS FOUR HEARTS ACE,0.3572,0.0062,0.6366
SPADES EIGHT DIAMONDS JACK,0.574,0.012,0.414
CLUBS SEVEN CLUBS JACK,0.5402,0.0122,0.4476
DIAMONDS ACE HEARTS KING,0.324,0.0034,0.6726
HEARTS FOUR HEARTS KING,0.3696,0.0092,0.6212
SPADES SEVEN DIAMONDS JACK,0.5896,0.0124,0.398
DIAMONDS ACE HEARTS QUEEN,0.219,0.0148,0.7662
HEARTS FOUR HEARTS QUEEN,0.3812,0.36,0.2588
SPADES SIX DIAMONDS JACK,0.7194,0.046,0.2346
SPADES TWO DIAMONDS TEN,0.6378,0.0108,0.3514
SPADES THREE DIAMONDS TEN,0.6252,0.011,0.3638
SPADES FOUR DIAMONDS TEN,0.6208,0.0116,0.3676
SPADES FIVE DIAMONDS TEN,0.6292,0.012,0.3588
SPADES SIX DIAMONDS TEN,0.6988,0.0444,0.2568
SPADES SEVEN DIAMONDS TEN,0.5816,0.0124,0.406
SPADES EIGHT DIAMONDS TEN,0.565,0.009,0.426
SPADES NINE DIAMONDS TEN,0.5652,0.0098,0.425
CLUBS FOUR DIAMONDS TEN,0.6244,0.0088,0.3668
CLUBS FIVE DIAMONDS TEN,0.6332,0.0098,0.357
CLUBS SIX DIAMONDS TEN,0.6962,0.0446,0.2592
CLUBS SEVEN DIAMONDS TEN,0.5798,0.0096,0.4106
CLUBS EIGHT DIAMONDS TEN,0.5732,0.0094,0.4174
CLUBS NINE DIAMONDS TEN,0.553,0.0088,0.4382
DIAMONDS THREE CLUBS JACK,0.6298,0.0092,0.361
CLUBS TEN DIAMONDS THREE,0.6274,0.0132,0.3594
DIAMONDS THREE CLUBS KING,0.3934,0.007,0.5996
DIAMONDS THREE CLUBS QUEEN,0.3992,0.3856,0.2152
DIAMONDS THREE CLUBS ACE,0.4004,0.0034,0.5962
SPADES FOUR HEARTS JACK,0.635,0.014,0.351
SPADES FOUR HEARTS TEN,0.6288,0.0126,0.3586
SPADES FIVE SPADES TWO,0.6026,0.0176,0.3798
SPADES FOUR SPADES TWO,0.6166,0.0118,0.3716
SPADES THREE SPADES TWO,0.6134,0.017,0.3696
SPADES NINE SPADES TWO,0.6004,0.0128,0.3868
SPADES EIGHT SPADES TWO,0.6018,0.0156,0.3826
SPADES SEVEN SPADES TWO,0.6094,0.0142,0.3764
SPADES SIX SPADES TWO,0.6756,0.047,0.2774
DIAMONDS QUEEN CLUBS THREE,0.4076,0.377,0.2154
CLUBS THREE HEARTS TWO,0.6502,0.013,0.3368
DIAMONDS QUEEN CLUBS TWO,0.3886,0.3722,0.2392
HEARTS TWO CLUBS TWO,0.4404,0.0266,0.533
HEARTS SEVEN DIAMONDS QUEEN,0.2308,0.2982,0.471
HEARTS SEVEN HEARTS TWO,0.6012,0.0158,0.383
DIAMONDS QUEEN HEARTS NINE,0.228,0.1706,0.6014
HEARTS TWO HEARTS NINE,0.5896,0.0118,0.3986
DIAMONDS QUEEN HEARTS EIGHT,0.2292,0.2338,0.537
HEARTS TWO HEARTS EIGHT,0.6082,0.0128,0.379
CLUBS NINE HEARTS TWO,0.6348,0.0116,0.3536
CLUBS NINE DIAMONDS QUEEN,0.2304,0.165,0.6046
CLUBS EIGHT HEARTS TWO,0.6362,0.0076,0.3562
CLUBS EIGHT DIAMONDS QUEEN,0.2278,0.2208,0.5514
CLUBS FIVE DIAMONDS QUEEN,0.4054,0.3656,0.229
CLUBS FIVE HEARTS TWO,0.6456,0.0146,0.3398
SPADES EIGHT HEARTS ACE,0.3584,0.0062,0.6354
DIAMONDS QUEEN CLUBS FOUR,0.3896,0.3812,0.2292
HEARTS TWO CLUBS FOUR,0.6578,0.016,0.3262
CLUBS SEVEN DIAMONDS QUEEN,0.2396,0.3044,0.456
CLUBS SEVEN HEARTS TWO,0.6306,0.0114,0.358
SPADES EIGHT HEARTS QUEEN,0.2216,0.2252,0.5532
CLUBS SIX DIAMONDS QUEEN,0.0224,0.9582,0.0194
CLUBS SIX HEARTS TWO,0.712,0.0524,0.2356
SPADES EIGHT HEARTS KING,0.3724,0.0082,0.6194
DIAMONDS QUEEN SPADES SIX,0.0198,0.9682,0.012
HEARTS TWO SPADES SIX,0.7218,0.0578,0.2204
HEARTS FOUR CLUBS QUEEN,0.4008,0.3756,0.2236
DIAMONDS ACE CLUBS QUEEN,0.2406,0.019,0.7404
DIAMONDS QUEEN SPADES SEVEN,0.2196,0.3066,0.4738
SPADES SEVEN HEARTS TWO,0.6468,0.0124,0.3408
HEARTS FOUR CLUBS KING,0.4088,0.0068,0.5844
DIAMONDS ACE CLUBS KING,0.323,0.0052,0.6718
SPADES EIGHT DIAMONDS QUEEN,0.2234,0.221,0.5556
SPADES EIGHT HEARTS TWO,0.6372,0.0132,0.3496
HEARTS FOUR CLUBS ACE,0.3842,0.003,0.6128
DIAMONDS ACE CLUBS ACE,0.1266,0.003,0.8704
SPADES NINE DIAMONDS QUEEN,0.2272,0.1588,0.614
SPADES NINE HEARTS TWO,0.6358,0.0154,0.3488
HEARTS TWO SPADES TWO,0.4386,0.034,0.5274
DIAMONDS QUEEN SPADES TWO,0.3976,0.3726,0.2298
HEARTS TWO SPADES THREE,0.6566,0.0116,0.3318
DIAMONDS QUEEN SPADES THREE,0.3936,0.3952,0.2112
HEARTS TWO SPADES FOUR,0.6436,0.0162,0.3402
DIAMONDS QUEEN SPADES FOUR,0.4082,0.3798,0.212
HEARTS FOUR CLUBS TEN,0.6308,0.0172,0.352
CLUBS TEN DIAMONDS ACE,0.3474,0.0038,0.6488
HEARTS TWO SPADES FIVE,0.6462,0.0174,0.3364
DIAMONDS QUEEN SPADES FIVE,0.3988,0.3824,0.2188
HEARTS FOUR CLUBS JACK,0.6286,0.0094,0.362
DIAMONDS ACE CLUBS JACK,0.341,0.0038,0.6552
CLUBS FIVE CLUBS KING,0.362,0.0054,0.6326
CLUBS FIVE CLUBS QUEEN,0.3624,0.3478,0.2898
CLUBS FIVE CLUBS ACE,0.3554,0.004,0.6406
CLUBS FIVE CLUBS JACK,0.5794,0.0102,0.4104
CLUBS TEN CLUBS FIVE,0.605,0.0092,0.3858
SPADES KING CLUBS JACK,0.3404,0.006,0.6536
SPADES ACE CLUBS JACK,0.3378,0.0052,0.657
SPADES SIX CLUBS KING,0.2312,0.043,0.7258
SPADES SIX CLUBS QUEEN,0.0184,0.9712,0.0104
SPADES EIGHT HEARTS JACK,0.5764,0.0116,0.412
SPADES SIX CLUBS ACE,0.228,0.0296,0.7424
SPADES EIGHT HEARTS TEN,0.5692,0.013,0.4178
SPADES SIX CLUBS JACK,0.73,0.0484,0.2216
CLUBS TEN SPADES SIX,0.7036,0.0468,0.2496
SPADES TEN CLUBS JACK,0.5418,0.012,0.4462
SPADES JACK CLUBS JACK,0.283,0.0116,0.7054
SPADES KING CLUBS SEVEN,0.3548,0.0054,0.6398
SPADES ACE CLUBS SEVEN,0.351,0.004,0.645
SPADES SIX HEARTS TEN,0.705,0.0526,0.2424
SPADES SIX HEARTS JACK,0.7158,0.0476,0.2366
SPADES SIX HEARTS ACE,0.2376,0.0276,0.7348
SPADES SIX HEARTS KING,0.2164,0.0436,0.74
SPADES SIX HEARTS QUEEN,0.008,0.9852,0.0068
SPADES JACK CLUBS SEVEN,0.5782,0.0116,0.4102
CLUBS SEVEN SPADES TEN,0.5802,0.0114,0.4084
CLUBS ACE CLUBS JACK,0.3292,0.0022,0.6686
CLUBS QUEEN CLUBS JACK,0.2232,0.0852,0.6916
CLUBS KING CLUBS JACK,0.322,0.0058,0.6722
DIAMONDS THREE HEARTS ACE,0.388,0.004,0.608
DIAMONDS THREE HEARTS QUEEN,0.3924,0.3708,0.2368
DIAMONDS THREE HEARTS KING,0.3916,0.008,0.6004
CLUBS FIVE HEARTS JACK,0.639,0.0084,0.3526
HEARTS FOUR SPADES TEN,0.6486,0.0096,0.3418
SPADES TEN DIAMONDS ACE,0.3462,0.0036,0.6502
CLUBS FIVE HEARTS TEN,0.6308,0.013,0.3562
HEARTS FOUR SPADES JACK,0.6404,0.0108,0.3488
SPADES JACK DIAMONDS ACE,0.3394,0.0044,0.6562
SPADES ACE HEARTS FOUR,0.39,0.0058,0.6042
SPADES ACE DIAMONDS ACE,0.1238,0.0024,0.8738
CLUBS FIVE HEARTS ACE,0.3898,0.004,0.6062
CLUBS FIVE HEARTS KING,0.3802,0.0078,0.612
SPADES FOUR CLUBS JACK,0.6292,0.012,0.3588
CLUBS FIVE HEARTS QUEEN,0.386,0.4022,0.2118
SPADES KING DIAMONDS ACE,0.317,0.004,0.679
HEARTS FOUR SPADES KING,0.386,0.0092,0.6048
CLUBS TEN SPADES FOUR,0.6358,0.0124,0.3518
DIAMONDS QUEEN DIAMONDS ACE,0.2262,0.0172,0.7566
HEARTS TWO DIAMONDS ACE,0.3932,0.0052,0.6016
HEARTS FOUR DIAMONDS QUEEN,0.3972,0.3752,0.2276
HEARTS FOUR HEARTS TWO,0.6276,0.0122,0.3602
DIAMONDS THREE HEARTS TEN,0.6292,0.0114,0.3594
SPADES FOUR CLUBS KING,0.3892,0.0078,0.603
HEARTS FIVE DIAMONDS QUEEN,0.3902,0.385,0.2248
HEARTS FIVE HEARTS TWO,0.6164,0.0124,0.3712
DIAMONDS THREE HEARTS JACK,0.6162,0.0086,0.3752
SPADES FOUR CLUBS QUEEN,0.4,0.3816,0.2184
DIAMONDS QUEEN HEARTS TWO,0.3998,0.3838,0.2164
DIAMONDS KING DIAMONDS QUEEN,0.2176,0.0284,0.754
DIAMONDS KING HEARTS TWO,0.4084,0.007,0.5846
HEARTS THREE DIAMONDS QUEEN,0.3814,0.3908,0.2278
HEARTS THREE HEARTS TWO,0.616,0.0146,0.3694
SPADES FOUR CLUBS ACE,0.3896,0.0044,0.606
HEARTS TWO CLUBS ACE,0.4012,0.0046,0.5942
DIAMONDS QUEEN CLUBS ACE,0.2342,0.0162,0.7496
HEARTS TWO CLUBS QUEEN,0.405,0.382,0.213
DIAMONDS QUEEN CLUBS QUEEN,0.0896,0.0258,0.8846
HEARTS TWO CLUBS KING,0.4112,0.0068,0.582
DIAMONDS QUEEN CLUBS KING,0.2312,0.0256,0.7432
SPADES EIGHT SPADES FIVE,0.5838,0.0116,0.4046
CLUBS TEN HEARTS TWO,0.633,0.0088,0.3582
CLUBS TEN DIAMONDS QUEEN,0.2304,0.1222,0.6474
SPADES NINE SPADES FIVE,0.5966,0.0144,0.389
HEARTS TWO CLUBS JACK,0.641,0.0096,0.3494
DIAMONDS QUEEN CLUBS JACK,0.2444,0.0906,0.665
SPADES SIX SPADES FIVE,0.6364,0.051,0.3126
SPADES SEVEN SPADES FIVE,0.5746,0.013,0.4124
DIAMONDS FIVE CLUBS QUEEN,0.3946,0.3818,0.2236
SPADES EIGHT CLUBS ACE,0.3596,0.0038,0.6366
DIAMONDS FIVE CLUBS KING,0.3946,0.0052,0.6002
SPADES EIGHT CLUBS KING,0.3592,0.0068,0.634
CLUBS ACE DIAMONDS FIVE,0.3848,0.0026,0.6126
SPADES EIGHT CLUBS QUEEN,0.2244,0.2228,0.5528
SPADES EIGHT CLUBS JACK,0.5716,0.0112,0.4172
CLUBS TEN SPADES EIGHT,0.5728,0.0096,0.4176
CLUBS TEN DIAMONDS FIVE,0.6324,0.0122,0.3554
DIAMONDS FIVE CLUBS JACK,0.6192,0.0104,0.3704
DIAMONDS TEN HEARTS JACK,0.5424,0.0072,0.4504
