opposingHand,winningChance,drawChance,lostChance
HEARTS EIGHT SPADES FIVE
HEARTS FIVE SPADES TEN,0.2676,0.0836,0.6488
SPADES JACK HEARTS FIVE,0.2656,0.0632,0.6712
CLUBS EIGHT CLUBS JACK,0.246,0.057,0.697
CLUBS TEN CLUBS EIGHT,0.2198,0.0724,0.7078
CLUBS EIGHT CLUBS KING,0.2458,0.0306,0.7236
CLUBS EIGHT CLUBS QUEEN,0.2438,0.0452,0.711
CLUBS EIGHT CLUBS ACE,0.2418,0.0274,0.7308
DIAMONDS TWO DIAMONDS THREE,0.5548,0.0672,0.378
DIAMONDS TWO DIAMONDS FIVE,0.5674,0.14,0.2926
SPADES KING HEARTS FIVE,0.2528,0.0382,0.709
DIAMONDS TWO DIAMONDS FOUR,0.556,0.0652,0.3788
SPADES QUEEN HEARTS FIVE,0.2664,0.0462,0.6874
DIAMONDS TWO DIAMONDS SEVEN,0.5734,0.0628,0.3638
DIAMONDS TWO DIAMONDS SIX,0.5522,0.0624,0.3854
SPADES ACE HEARTS FIVE,0.2594,0.0266,0.714
DIAMONDS TWO DIAMONDS NINE,0.3858,0.0426,0.5716
DIAMONDS TWO DIAMONDS EIGHT,0.3228,0.4126,0.2646
DIAMONDS THREE DIAMONDS FOUR,0.5456,0.0614,0.393
SPADES FOUR CLUBS TWO,0.6098,0.0674,0.3228
DIAMONDS THREE DIAMONDS FIVE,0.5622,0.1482,0.2896
CLUBS TWO SPADES TWO,0.3898,0.1028,0.5074
CLUBS TWO SPADES THREE,0.5892,0.0742,0.3366
DIAMONDS THREE DIAMONDS EIGHT,0.3398,0.4122,0.248
SPADES EIGHT CLUBS TWO,0.328,0.4486,0.2234
DIAMONDS THREE DIAMONDS NINE,0.4122,0.046,0.5418
SPADES NINE CLUBS TWO,0.4042,0.0444,0.5514
DIAMONDS THREE DIAMONDS SIX,0.5434,0.0636,0.393
SPADES SIX CLUBS TWO,0.5902,0.0642,0.3456
DIAMONDS THREE DIAMONDS SEVEN,0.5618,0.0656,0.3726
SPADES SEVEN CLUBS TWO,0.6138,0.0648,0.3214
CLUBS SIX CLUBS TWO,0.5622,0.0634,0.3744
CLUBS SEVEN CLUBS TWO,0.5652,0.0638,0.371
CLUBS FOUR CLUBS TWO,0.568,0.0584,0.3736
CLUBS FIVE CLUBS TWO,0.5542,0.142,0.3038
CLUBS TEN CLUBS JACK,0.3118,0.0162,0.672
DIAMONDS FOUR DIAMONDS SIX,0.5388,0.0592,0.402
CLUBS TEN CLUBS QUEEN,0.3014,0.0104,0.6882
DIAMONDS FOUR DIAMONDS SEVEN,0.5422,0.061,0.3968
CLUBS TEN CLUBS KING,0.3272,0.008,0.6648
CLUBS TEN CLUBS ACE,0.3284,0.0036,0.668
CLUBS EIGHT CLUBS TWO,0.3258,0.4162,0.258
DIAMONDS FIVE DIAMONDS FOUR,0.5416,0.1392,0.3192
CLUBS NINE CLUBS TWO,0.3864,0.0366,0.577
DIAMONDS NINE DIAMONDS FOUR,0.3854,0.0432,0.5714
DIAMONDS EIGHT DIAMONDS FOUR,0.3068,0.4276,0.2656
CLUBS THREE CLUBS TWO,0.54,0.0606,0.3994
DIAMONDS NINE DIAMONDS FIVE,0.2346,0.1004,0.665
DIAMONDS TWO CLUBS JACK,0.4182,0.0186,0.5632
DIAMONDS EIGHT DIAMONDS FIVE,0.0196,0.909,0.0714
CLUBS TEN DIAMONDS TWO,0.4108,0.0268,0.5624
DIAMONDS FIVE DIAMONDS SEVEN,0.564,0.137,0.299
DIAMONDS FIVE DIAMONDS SIX,0.5634,0.1424,0.2942
DIAMONDS TWO CLUBS ACE,0.403,0.004,0.593
DIAMONDS TWO CLUBS KING,0.4232,0.0078,0.569
DIAMONDS TWO CLUBS QUEEN,0.4108,0.0124,0.5768
DIAMONDS EIGHT DIAMONDS SIX,0.2216,0.3494,0.429
DIAMONDS NINE DIAMONDS SIX,0.338,0.038,0.624
HEARTS ACE SPADES THREE,0.4064,0.0062,0.5874
SPADES THREE HEARTS KING,0.4194,0.0102,0.5704
DIAMONDS SEVEN DIAMONDS SIX,0.4898,0.0594,0.4508
SPADES THREE HEARTS QUEEN,0.4274,0.0124,0.5602
SPADES THREE HEARTS JACK,0.4222,0.0224,0.5554
SPADES THREE HEARTS TEN,0.4172,0.0254,0.5574
DIAMONDS EIGHT DIAMONDS SEVEN,0.2086,0.2638,0.5276
DIAMONDS NINE DIAMONDS SEVEN,0.3262,0.0412,0.6326
DIAMONDS NINE DIAMONDS EIGHT,0.22,0.1052,0.6748
DIAMONDS KING HEARTS TEN,0.3388,0.0064,0.6548
HEARTS THREE HEARTS TEN,0.4058,0.029,0.5652
SPADES JACK CLUBS SIX,0.3794,0.0178,0.6028
DIAMONDS KING HEARTS JACK,0.3424,0.0074,0.6502
HEARTS THREE HEARTS JACK,0.3968,0.0156,0.5876
SPADES TEN CLUBS SIX,0.3676,0.0266,0.6058
DIAMONDS KING HEARTS ACE,0.3554,0.0064,0.6382
HEARTS THREE HEARTS ACE,0.3922,0.0064,0.6014
SPADES ACE CLUBS SIX,0.3698,0.0028,0.6274
DIAMONDS KING HEARTS QUEEN,0.34,0.0074,0.6526
HEARTS THREE HEARTS QUEEN,0.3986,0.0122,0.5892
SPADES KING CLUBS SIX,0.3686,0.01,0.6214
DIAMONDS KING HEARTS KING,0.1534,0.015,0.8316
HEARTS THREE HEARTS KING,0.3876,0.0092,0.6032
SPADES QUEEN CLUBS SIX,0.3734,0.0114,0.6152
SPADES NINE HEARTS TEN,0.3096,0.024,0.6664
SPADES NINE HEARTS JACK,0.329,0.0176,0.6534
SPADES NINE HEARTS QUEEN,0.3368,0.0108,0.6524
SPADES NINE HEARTS KING,0.3354,0.0086,0.656
SPADES NINE HEARTS ACE,0.3352,0.005,0.6598
CLUBS TEN SPADES JACK,0.322,0.0156,0.6624
CLUBS TEN SPADES TEN,0.1636,0.046,0.7904
SPADES ACE CLUBS TEN,0.342,0.0042,0.6538
SPADES KING CLUBS TEN,0.3446,0.0076,0.6478
CLUBS TEN SPADES QUEEN,0.328,0.0124,0.6596
CLUBS EIGHT SPADES TEN,0.2326,0.0812,0.6862
HEARTS THREE SPADES JACK,0.4018,0.0186,0.5796
SPADES JACK DIAMONDS KING,0.3482,0.0068,0.645
SPADES TEN DIAMONDS KING,0.349,0.0084,0.6426
HEARTS THREE SPADES TEN,0.4072,0.031,0.5618
SPADES JACK CLUBS EIGHT,0.252,0.0592,0.6888
CLUBS SIX HEARTS ACE,0.3728,0.0036,0.6236
SPADES ACE CLUBS EIGHT,0.251,0.029,0.72
HEARTS FIVE CLUBS JACK,0.2738,0.0616,0.6646
CLUBS TEN HEARTS FIVE,0.2602,0.0758,0.664
CLUBS SIX HEARTS QUEEN,0.3776,0.0108,0.6116
SPADES QUEEN CLUBS EIGHT,0.2554,0.048,0.6966
CLUBS TEN SPADES THREE,0.4212,0.0278,0.551
CLUBS SIX HEARTS KING,0.3744,0.0074,0.6182
SPADES KING CLUBS EIGHT,0.257,0.0376,0.7054
SPADES THREE CLUBS JACK,0.4244,0.017,0.5586
DIAMONDS TWO HEARTS JACK,0.417,0.0218,0.5612
SPADES THREE CLUBS QUEEN,0.4176,0.0132,0.5692
DIAMONDS TWO HEARTS TEN,0.409,0.03,0.561
SPADES THREE CLUBS KING,0.4258,0.008,0.5662
HEARTS FIVE CLUBS ACE,0.2692,0.0214,0.7094
SPADES THREE CLUBS ACE,0.3986,0.0044,0.597
HEARTS FIVE CLUBS KING,0.263,0.0358,0.7012
HEARTS FIVE CLUBS QUEEN,0.2702,0.0432,0.6866
HEARTS THREE CLUBS KING,0.3988,0.009,0.5922
DIAMONDS KING CLUBS KING,0.1662,0.013,0.8208
HEARTS THREE CLUBS QUEEN,0.4316,0.0154,0.553
DIAMONDS KING CLUBS QUEEN,0.3662,0.0034,0.6304
HEARTS FIVE HEARTS JACK,0.2474,0.0658,0.6868
HEARTS FIVE HEARTS TEN,0.2566,0.0738,0.6696
HEARTS THREE CLUBS ACE,0.4006,0.0046,0.5948
DIAMONDS KING CLUBS ACE,0.363,0.0044,0.6326
SPADES ACE CLUBS QUEEN,0.354,0.006,0.64
SPADES KING CLUBS QUEEN,0.3452,0.0082,0.6466
HEARTS THREE CLUBS JACK,0.4172,0.018,0.5648
DIAMONDS KING CLUBS JACK,0.3506,0.0052,0.6442
SPADES QUEEN CLUBS QUEEN,0.16,0.0248,0.8152
CLUBS TEN HEARTS THREE,0.4198,0.0312,0.549
CLUBS TEN DIAMONDS KING,0.3486,0.0072,0.6442
SPADES JACK CLUBS QUEEN,0.3426,0.0112,0.6462
CLUBS SIX CLUBS QUEEN,0.3602,0.0124,0.6274
SPADES TEN CLUBS QUEEN,0.3288,0.0128,0.6584
CLUBS SIX CLUBS KING,0.3528,0.0082,0.639
CLUBS SIX CLUBS ACE,0.3618,0.003,0.6352
HEARTS FIVE HEARTS KING,0.2514,0.0398,0.7088
HEARTS FIVE HEARTS QUEEN,0.2566,0.0466,0.6968
CLUBS TEN CLUBS SIX,0.3336,0.0242,0.6422
HEARTS FIVE HEARTS ACE,0.2644,0.0186,0.717
CLUBS SIX CLUBS JACK,0.364,0.018,0.618
SPADES SEVEN HEARTS JACK,0.3778,0.0188,0.6034
SPADES SEVEN HEARTS TEN,0.3468,0.0324,0.6208
DIAMONDS TWO CLUBS TWO,0.374,0.0964,0.5296
DIAMONDS TWO CLUBS THREE,0.589,0.0732,0.3378
HEARTS SIX DIAMONDS TWO,0.591,0.0716,0.3374
DIAMONDS TWO HEARTS QUEEN,0.4072,0.0138,0.579
DIAMONDS TWO HEARTS SEVEN,0.628,0.063,0.309
DIAMONDS TWO HEARTS KING,0.4212,0.0096,0.5692
DIAMONDS TWO HEARTS ACE,0.4038,0.0068,0.5894
DIAMONDS TWO HEARTS NINE,0.4096,0.0488,0.5416
DIAMONDS TWO DIAMONDS QUEEN,0.3946,0.0132,0.5922
DIAMONDS TWO HEARTS TWO,0.4014,0.1002,0.4984
DIAMONDS TWO DIAMONDS KING,0.3862,0.0066,0.6072
HEARTS THREE DIAMONDS TWO,0.586,0.0682,0.3458
DIAMONDS TWO DIAMONDS ACE,0.3824,0.0052,0.6124
HEARTS FOUR DIAMONDS TWO,0.6086,0.0648,0.3266
DIAMONDS TWO HEARTS FIVE,0.6186,0.1532,0.2282
SPADES SEVEN HEARTS ACE,0.3728,0.0034,0.6238
DIAMONDS TWO DIAMONDS TEN,0.3848,0.0252,0.59
SPADES SEVEN HEARTS KING,0.3576,0.0104,0.632
DIAMONDS TWO DIAMONDS JACK,0.3842,0.0188,0.597
SPADES SEVEN HEARTS QUEEN,0.3784,0.01,0.6116
DIAMONDS TWO SPADES NINE,0.4024,0.0412,0.5564
DIAMONDS TWO SPADES EIGHT,0.331,0.4608,0.2082
DIAMONDS TWO SPADES SEVEN,0.591,0.065,0.344
DIAMONDS TWO SPADES SIX,0.5918,0.0678,0.3404
DIAMONDS TWO SPADES FOUR,0.5888,0.0694,0.3418
DIAMONDS TWO SPADES THREE,0.5954,0.0686,0.336
DIAMONDS TWO SPADES TWO,0.393,0.1032,0.5038
CLUBS NINE DIAMONDS TWO,0.4236,0.0374,0.539
DIAMONDS TWO CLUBS EIGHT,0.339,0.4396,0.2214
CLUBS SEVEN DIAMONDS TWO,0.6054,0.0736,0.321
DIAMONDS TWO CLUBS SIX,0.5878,0.0702,0.342
DIAMONDS TWO CLUBS FIVE,0.5994,0.1524,0.2482
DIAMONDS TWO CLUBS FOUR,0.5826,0.0666,0.3508
CLUBS FOUR SPADES FOUR,0.3542,0.1,0.5458
CLUBS FOUR SPADES THREE,0.5844,0.0758,0.3398
CLUBS FOUR SPADES TWO,0.6108,0.069,0.3202
SPADES NINE CLUBS FOUR,0.387,0.046,0.567
SPADES EIGHT CLUBS FOUR,0.3178,0.4688,0.2134
SPADES SEVEN CLUBS FOUR,0.5804,0.0658,0.3538
CLUBS FOUR SPADES SIX,0.5642,0.0664,0.3694
SPADES ACE DIAMONDS SIX,0.374,0.005,0.621
SPADES QUEEN DIAMONDS SIX,0.3754,0.0116,0.613
SPADES KING DIAMONDS SIX,0.3748,0.007,0.6182
SPADES TEN DIAMONDS SIX,0.3522,0.0328,0.615
SPADES JACK DIAMONDS SIX,0.37,0.0176,0.6124
SPADES QUEEN SPADES TWO,0.397,0.0114,0.5916
SPADES KING SPADES TWO,0.3842,0.009,0.6068
SPADES ACE SPADES TWO,0.3772,0.0054,0.6174
DIAMONDS JACK CLUBS JACK,0.1708,0.0338,0.7954
CLUBS TEN DIAMONDS JACK,0.3314,0.0134,0.6552
DIAMONDS JACK CLUBS KING,0.3522,0.0066,0.6412
DIAMONDS JACK CLUBS QUEEN,0.3332,0.0092,0.6576
DIAMONDS THREE DIAMONDS JACK,0.3966,0.019,0.5844
DIAMONDS THREE DIAMONDS TEN,0.3874,0.0248,0.5878
DIAMONDS JACK CLUBS ACE,0.347,0.0038,0.6492
DIAMONDS THREE DIAMONDS KING,0.3948,0.0078,0.5974
HEARTS THREE DIAMONDS THREE,0.4026,0.0898,0.5076
DIAMONDS THREE DIAMONDS QUEEN,0.3942,0.0116,0.5942
DIAMONDS THREE HEARTS TWO,0.5952,0.0636,0.3412
HEARTS FIVE DIAMONDS THREE,0.6018,0.1542,0.244
DIAMONDS THREE DIAMONDS ACE,0.384,0.0034,0.6126
HEARTS FOUR DIAMONDS THREE,0.5996,0.0664,0.334
DIAMONDS THREE HEARTS SEVEN,0.5954,0.0634,0.3412
SPADES TEN SPADES NINE,0.2984,0.0248,0.6768
HEARTS SIX DIAMONDS THREE,0.586,0.0622,0.3518
SPADES JACK SPADES NINE,0.3112,0.0156,0.6732
DIAMONDS THREE HEARTS NINE,0.4056,0.0422,0.5522
HEARTS JACK DIAMONDS FOUR,0.4042,0.0156,0.5802
HEARTS ACE HEARTS KING,0.3306,0.0056,0.6638
SPADES TEN SPADES TWO,0.3884,0.0274,0.5842
HEARTS TEN DIAMONDS FOUR,0.3962,0.0272,0.5766
SPADES JACK SPADES TWO,0.3992,0.0184,0.5824
HEARTS QUEEN DIAMONDS FOUR,0.4052,0.0136,0.5812
HEARTS KING DIAMONDS FOUR,0.4046,0.0092,0.5862
SPADES ACE SPADES NINE,0.3396,0.0052,0.6552
HEARTS ACE DIAMONDS FOUR,0.3974,0.0046,0.598
SPADES KING SPADES NINE,0.322,0.0082,0.6698
SPADES QUEEN SPADES NINE,0.3234,0.0094,0.6672
DIAMONDS THREE SPADES NINE,0.394,0.0382,0.5678
DIAMONDS THREE SPADES EIGHT,0.3328,0.45,0.2172
DIAMONDS THREE SPADES SEVEN,0.5814,0.0746,0.344
DIAMONDS THREE SPADES SIX,0.5716,0.0654,0.363
DIAMONDS THREE CLUBS SIX,0.5758,0.0652,0.359
CLUBS FIVE CLUBS SIX,0.5518,0.1476,0.3006
CLUBS ACE DIAMONDS FOUR,0.394,0.0044,0.6016
CLUBS SEVEN DIAMONDS THREE,0.5906,0.0652,0.3442
CLUBS SEVEN CLUBS FIVE,0.5724,0.1378,0.2898
DIAMONDS THREE CLUBS FOUR,0.5748,0.0802,0.345
DIAMONDS FOUR CLUBS QUEEN,0.4098,0.0098,0.5804
DIAMONDS THREE CLUBS FIVE,0.5906,0.1424,0.267
CLUBS KING DIAMONDS FOUR,0.4092,0.0064,0.5844
DIAMONDS THREE CLUBS TWO,0.5848,0.0678,0.3474
CLUBS TEN DIAMONDS FOUR,0.4014,0.0272,0.5714
DIAMONDS THREE CLUBS THREE,0.3778,0.102,0.5202
DIAMONDS FOUR CLUBS JACK,0.403,0.0162,0.5808
DIAMONDS THREE SPADES FOUR,0.595,0.0704,0.3346
DIAMONDS THREE SPADES TWO,0.5884,0.0714,0.3402
DIAMONDS THREE SPADES THREE,0.3758,0.1028,0.5214
CLUBS EIGHT DIAMONDS THREE,0.3362,0.4482,0.2156
CLUBS NINE DIAMONDS THREE,0.4164,0.0462,0.5374
SPADES SEVEN CLUBS ACE,0.3628,0.0042,0.633
SPADES SEVEN CLUBS QUEEN,0.3796,0.0128,0.6076
SPADES SEVEN CLUBS KING,0.3796,0.0072,0.6132
CLUBS FIVE SPADES SEVEN,0.5976,0.146,0.2564
CLUBS TEN SPADES SEVEN,0.3524,0.0256,0.622
CLUBS FIVE SPADES SIX,0.593,0.1478,0.2592
SPADES SEVEN CLUBS JACK,0.3716,0.0178,0.6106
CLUBS FIVE SPADES NINE,0.2504,0.1088,0.6408
CLUBS FIVE SPADES EIGHT,0.014,0.967,0.019
CLUBS FIVE SPADES THREE,0.6118,0.1452,0.243
CLUBS FIVE SPADES TWO,0.6042,0.1508,0.245
CLUBS FIVE SPADES FOUR,0.5812,0.1506,0.2682
CLUBS NINE CLUBS FIVE,0.2324,0.1052,0.6624
CLUBS EIGHT CLUBS FIVE,0.0248,0.9078,0.0674
CLUBS ACE CLUBS QUEEN,0.3272,0.0044,0.6684
CLUBS KING CLUBS QUEEN,0.3258,0.0068,0.6674
DIAMONDS TEN DIAMONDS FOUR,0.3628,0.0258,0.6114
CLUBS TEN DIAMONDS NINE,0.3252,0.0218,0.653
DIAMONDS JACK DIAMONDS FOUR,0.379,0.0148,0.6062
DIAMONDS NINE CLUBS JACK,0.3486,0.017,0.6344
SPADES NINE CLUBS JACK,0.3278,0.0198,0.6524
CLUBS TEN SPADES NINE,0.3232,0.0282,0.6486
DIAMONDS ACE DIAMONDS FOUR,0.3732,0.005,0.6218
HEARTS FOUR DIAMONDS FOUR,0.3678,0.1066,0.5256
DIAMONDS JACK HEARTS TEN,0.3322,0.0144,0.6534
SPADES NINE CLUBS KING,0.3402,0.0066,0.6532
DIAMONDS TWO SPADES TEN,0.4134,0.0274,0.5592
DIAMONDS NINE CLUBS ACE,0.3406,0.0042,0.6552
HEARTS FIVE DIAMONDS FOUR,0.5886,0.1482,0.2632
DIAMONDS JACK HEARTS JACK,0.164,0.0408,0.7952
SPADES NINE CLUBS QUEEN,0.346,0.0088,0.6452
DIAMONDS TWO SPADES JACK,0.417,0.0182,0.5648
DIAMONDS QUEEN DIAMONDS FOUR,0.3812,0.0094,0.6094
HEARTS TWO DIAMONDS FOUR,0.6,0.0686,0.3314
DIAMONDS NINE CLUBS QUEEN,0.3564,0.0084,0.6352
DIAMONDS KING DIAMONDS FOUR,0.3864,0.0104,0.6032
HEARTS THREE DIAMONDS FOUR,0.6,0.0672,0.3328
SPADES NINE CLUBS ACE,0.332,0.0046,0.6634
DIAMONDS NINE CLUBS KING,0.348,0.0054,0.6466
HEARTS ACE DIAMONDS JACK,0.3418,0.0034,0.6548
SPADES ACE DIAMONDS TWO,0.3978,0.0028,0.5994
HEARTS QUEEN DIAMONDS JACK,0.3472,0.0126,0.6402
SPADES QUEEN DIAMONDS TWO,0.4106,0.014,0.5754
DIAMONDS JACK HEARTS KING,0.3436,0.0068,0.6496
SPADES KING DIAMONDS TWO,0.4104,0.0094,0.5802
SPADES JACK SPADES SEVEN,0.3572,0.0186,0.6242
SPADES TEN SPADES SEVEN,0.3438,0.0238,0.6324
CLUBS SEVEN CLUBS THREE,0.5574,0.062,0.3806
CLUBS SIX CLUBS THREE,0.5442,0.0646,0.3912
CLUBS FIVE CLUBS THREE,0.5646,0.1384,0.297
CLUBS THREE CLUBS FOUR,0.5518,0.0638,0.3844
CLUBS NINE CLUBS THREE,0.3852,0.046,0.5688
CLUBS EIGHT CLUBS THREE,0.3236,0.4316,0.2448
CLUBS THREE SPADES FOUR,0.5822,0.0652,0.3526
CLUBS THREE SPADES THREE,0.3888,0.1,0.5112
CLUBS THREE SPADES TWO,0.6064,0.069,0.3246
CLUBS THREE SPADES SIX,0.5764,0.067,0.3566
CLUBS THREE SPADES SEVEN,0.606,0.0694,0.3246
SPADES EIGHT CLUBS THREE,0.3402,0.4476,0.2122
SPADES NINE CLUBS THREE,0.4164,0.0452,0.5384
SPADES TWO DIAMONDS FOUR,0.5994,0.0722,0.3284
SPADES THREE DIAMONDS FOUR,0.599,0.0718,0.3292
SPADES FOUR DIAMONDS FOUR,0.3788,0.0894,0.5318
SPADES SIX DIAMONDS FOUR,0.563,0.0606,0.3764
SPADES SEVEN DIAMONDS FOUR,0.5824,0.0726,0.345
SPADES EIGHT DIAMONDS FOUR,0.3206,0.4576,0.2218
SPADES NINE DIAMONDS FOUR,0.4068,0.0444,0.5488
CLUBS FIVE DIAMONDS FOUR,0.5762,0.1504,0.2734
CLUBS FOUR DIAMONDS FOUR,0.378,0.0976,0.5244
CLUBS SEVEN DIAMONDS FOUR,0.5766,0.0652,0.3582
CLUBS SIX DIAMONDS FOUR,0.568,0.0696,0.3624
CLUBS NINE DIAMONDS FOUR,0.3984,0.0388,0.5628
CLUBS EIGHT DIAMONDS FOUR,0.3338,0.4432,0.223
DIAMONDS FOUR HEARTS SEVEN,0.5932,0.0618,0.345
HEARTS SIX DIAMONDS FOUR,0.5846,0.0632,0.3522
DIAMONDS FOUR HEARTS NINE,0.4022,0.0418,0.556
CLUBS THREE DIAMONDS FOUR,0.5874,0.0684,0.3442
CLUBS TWO DIAMONDS FOUR,0.577,0.0768,0.3462
DIAMONDS TEN DIAMONDS FIVE,0.253,0.0732,0.6738
DIAMONDS JACK DIAMONDS FIVE,0.2562,0.0534,0.6904
DIAMONDS NINE HEARTS QUEEN,0.339,0.0094,0.6516
DIAMONDS NINE HEARTS KING,0.3422,0.0076,0.6502
HEARTS ACE DIAMONDS NINE,0.3408,0.0042,0.655
DIAMONDS NINE HEARTS TEN,0.3142,0.024,0.6618
DIAMONDS NINE HEARTS JACK,0.3278,0.0164,0.6558
CLUBS KING DIAMONDS SIX,0.3802,0.0062,0.6136
CLUBS QUEEN DIAMONDS SIX,0.3788,0.0132,0.608
CLUBS ACE DIAMONDS SIX,0.3886,0.003,0.6084
SPADES KING DIAMONDS FOUR,0.4044,0.01,0.5856
SPADES ACE SPADES SEVEN,0.3566,0.0054,0.638
SPADES QUEEN DIAMONDS FOUR,0.3972,0.013,0.5898
SPADES QUEEN SPADES SEVEN,0.3602,0.0124,0.6274
CLUBS JACK DIAMONDS SIX,0.381,0.0168,0.6022
SPADES KING SPADES SEVEN,0.363,0.0058,0.6312
SPADES ACE DIAMONDS FOUR,0.3818,0.005,0.6132
CLUBS TEN DIAMONDS SIX,0.3624,0.0226,0.615
CLUBS NINE CLUBS FOUR,0.375,0.0412,0.5838
CLUBS EIGHT CLUBS FOUR,0.3216,0.4224,0.256
SPADES JACK DIAMONDS FOUR,0.41,0.023,0.567
SPADES TEN DIAMONDS FOUR,0.4028,0.0256,0.5716
CLUBS FIVE CLUBS FOUR,0.5424,0.134,0.3236
CLUBS SEVEN CLUBS FOUR,0.5448,0.0626,0.3926
CLUBS SIX CLUBS FOUR,0.5436,0.0598,0.3966
CLUBS SEVEN SPADES EIGHT,0.2152,0.2948,0.49
CLUBS SEVEN SPADES NINE,0.3514,0.0398,0.6088
CLUBS SEVEN SPADES SIX,0.5286,0.0666,0.4048
CLUBS SEVEN SPADES SEVEN,0.2494,0.0862,0.6644
CLUBS SEVEN SPADES FOUR,0.581,0.0656,0.3534
CLUBS SEVEN SPADES THREE,0.5922,0.0666,0.3412
CLUBS SEVEN SPADES TWO,0.612,0.0676,0.3204
CLUBS NINE CLUBS SEVEN,0.3302,0.0406,0.6292
CLUBS SEVEN CLUBS EIGHT,0.2086,0.2832,0.5082
HEARTS SIX DIAMONDS FIVE,0.6006,0.1432,0.2562
DIAMONDS FIVE HEARTS SEVEN,0.6202,0.1374,0.2424
DIAMONDS FIVE HEARTS NINE,0.2454,0.1152,0.6394
DIAMONDS QUEEN DIAMONDS FIVE,0.239,0.0428,0.7182
HEARTS TWO DIAMONDS FIVE,0.5948,0.1482,0.257
DIAMONDS KING DIAMONDS FIVE,0.2468,0.0326,0.7206
HEARTS THREE DIAMONDS FIVE,0.591,0.1472,0.2618
DIAMONDS ACE DIAMONDS FIVE,0.2544,0.021,0.7246
HEARTS FOUR DIAMONDS FIVE,0.5886,0.1502,0.2612
HEARTS FIVE DIAMONDS FIVE,0.2804,0.0824,0.6372
CLUBS FOUR DIAMONDS FIVE,0.576,0.148,0.276
CLUBS FIVE DIAMONDS FIVE,0.2854,0.079,0.6356
CLUBS SIX DIAMONDS FIVE,0.5822,0.1492,0.2686
CLUBS SEVEN DIAMONDS FIVE,0.6012,0.1486,0.2502
CLUBS TWO DIAMONDS FIVE,0.5856,0.1482,0.2662
CLUBS THREE DIAMONDS FIVE,0.5964,0.1488,0.2548
SPADES THREE DIAMONDS FIVE,0.5892,0.1532,0.2576
SPADES TWO DIAMONDS FIVE,0.6,0.1562,0.2438
SPADES JACK DIAMONDS EIGHT,0.2536,0.0658,0.6806
CLUBS TEN HEARTS JACK,0.343,0.0148,0.6422
SPADES TEN DIAMONDS EIGHT,0.236,0.0828,0.6812
SPADES FOUR DIAMONDS FIVE,0.5904,0.1516,0.258
HEARTS JACK CLUBS JACK,0.1626,0.0382,0.7992
HEARTS JACK CLUBS QUEEN,0.3328,0.011,0.6562
CLUBS NINE DIAMONDS FIVE,0.2452,0.103,0.6518
CLUBS KING HEARTS JACK,0.331,0.0052,0.6638
CLUBS EIGHT DIAMONDS FIVE,0.0194,0.9602,0.0204
CLUBS ACE HEARTS JACK,0.3458,0.0042,0.65
SPADES SEVEN DIAMONDS FIVE,0.598,0.1532,0.2488
SPADES KING DIAMONDS EIGHT,0.254,0.0328,0.7132
SPADES QUEEN DIAMONDS EIGHT,0.2568,0.0444,0.6988
SPADES SIX DIAMONDS FIVE,0.581,0.1492,0.2698
SPADES NINE DIAMONDS FIVE,0.236,0.12,0.644
SPADES EIGHT DIAMONDS FIVE,0.0106,0.9722,0.0172
SPADES ACE DIAMONDS EIGHT,0.2432,0.0302,0.7266
DIAMONDS TEN DIAMONDS SIX,0.3554,0.0246,0.62
HEARTS ACE DIAMONDS SEVEN,0.37,0.0038,0.6262
DIAMONDS JACK DIAMONDS SIX,0.3554,0.0182,0.6264
HEARTS QUEEN DIAMONDS SEVEN,0.3698,0.0128,0.6174
HEARTS KING DIAMONDS SEVEN,0.3746,0.007,0.6184
DIAMONDS ACE DIAMONDS SIX,0.3558,0.0032,0.641
HEARTS FOUR DIAMONDS SIX,0.5654,0.0702,0.3644
SPADES TWO HEARTS JACK,0.4164,0.0202,0.5634
HEARTS FIVE DIAMONDS SIX,0.6104,0.1404,0.2492
SPADES TWO HEARTS TEN,0.4128,0.0334,0.5538
DIAMONDS QUEEN DIAMONDS SIX,0.3622,0.0114,0.6264
HEARTS TWO DIAMONDS SIX,0.5908,0.0724,0.3368
DIAMONDS KING DIAMONDS SIX,0.3524,0.0102,0.6374
HEARTS THREE DIAMONDS SIX,0.5944,0.0716,0.334
HEARTS NINE DIAMONDS SIX,0.3478,0.0364,0.6158
HEARTS SIX DIAMONDS SIX,0.267,0.0856,0.6474
HEARTS SEVEN DIAMONDS SIX,0.5442,0.0588,0.397
HEARTS TEN DIAMONDS SEVEN,0.3584,0.0258,0.6158
CLUBS TWO DIAMONDS SIX,0.6062,0.0664,0.3274
HEARTS JACK DIAMONDS SEVEN,0.3774,0.0188,0.6038
CLUBS THREE DIAMONDS SIX,0.5798,0.0708,0.3494
CLUBS SEVEN DIAMONDS SIX,0.5204,0.063,0.4166
DIAMONDS EIGHT CLUBS JACK,0.2652,0.0554,0.6794
CLUBS SIX DIAMONDS SIX,0.2824,0.0834,0.6342
CLUBS TEN DIAMONDS EIGHT,0.2484,0.0764,0.6752
CLUBS FIVE DIAMONDS SIX,0.5996,0.139,0.2614
CLUBS FOUR DIAMONDS SIX,0.5628,0.0644,0.3728
HEARTS ACE HEARTS JACK,0.3204,0.0038,0.6758
DIAMONDS EIGHT CLUBS ACE,0.2632,0.03,0.7068
HEARTS QUEEN HEARTS JACK,0.3262,0.0102,0.6636
DIAMONDS EIGHT CLUBS KING,0.2624,0.0348,0.7028
CLUBS NINE DIAMONDS SIX,0.3634,0.0402,0.5964
HEARTS KING HEARTS JACK,0.32,0.0064,0.6736
DIAMONDS EIGHT CLUBS QUEEN,0.2486,0.0422,0.7092
CLUBS EIGHT DIAMONDS SIX,0.2178,0.3854,0.3968
SPADES TEN HEARTS KING,0.3434,0.0094,0.6472
HEARTS ACE SPADES TWO,0.4068,0.0034,0.5898
SPADES JACK HEARTS KING,0.3538,0.0072,0.639
SPADES FOUR DIAMONDS SIX,0.5802,0.0714,0.3484
SPADES THREE DIAMONDS SIX,0.5806,0.0642,0.3552
HEARTS QUEEN SPADES TWO,0.4194,0.0142,0.5664
SPADES ACE SPADES KING,0.324,0.0038,0.6722
SPADES TWO HEARTS KING,0.4098,0.0114,0.5788
SPADES TWO DIAMONDS SIX,0.6038,0.062,0.3342
SPADES NINE DIAMONDS SIX,0.351,0.0436,0.6054
SPADES EIGHT DIAMONDS SIX,0.2198,0.3716,0.4086
SPADES SEVEN DIAMONDS SIX,0.5392,0.0662,0.3946
SPADES SIX DIAMONDS SIX,0.2572,0.092,0.6508
SPADES KING HEARTS KING,0.1486,0.0172,0.8342
SPADES QUEEN HEARTS KING,0.3406,0.0052,0.6542
CLUBS ACE CLUBS KING,0.3342,0.004,0.6618
SPADES ACE HEARTS KING,0.3338,0.006,0.6602
SPADES ACE HEARTS JACK,0.3506,0.0046,0.6448
SPADES QUEEN HEARTS JACK,0.3382,0.0138,0.648
SPADES KING HEARTS JACK,0.3428,0.0074,0.6498
SPADES TEN DIAMONDS TEN,0.162,0.0458,0.7922
SPADES JACK DIAMONDS TEN,0.3392,0.015,0.6458
SPADES ACE DIAMONDS TEN,0.342,0.0044,0.6536
SPADES JACK HEARTS JACK,0.1606,0.0412,0.7982
SPADES TEN HEARTS JACK,0.3088,0.014,0.6772
SPADES QUEEN DIAMONDS TEN,0.3312,0.0126,0.6562
SPADES KING DIAMONDS TEN,0.346,0.0088,0.6452
SPADES NINE DIAMONDS SEVEN,0.3426,0.0446,0.6128
SPADES EIGHT DIAMONDS SEVEN,0.2152,0.3094,0.4754
SPADES SEVEN DIAMONDS SEVEN,0.252,0.0848,0.6632
SPADES SIX DIAMONDS SEVEN,0.5314,0.0648,0.4038
DIAMONDS KING DIAMONDS SEVEN,0.3398,0.0076,0.6526
HEARTS THREE DIAMONDS SEVEN,0.5912,0.0746,0.3342
HEARTS KING DIAMONDS FIVE,0.2636,0.0358,0.7006
DIAMONDS QUEEN DIAMONDS SEVEN,0.365,0.0104,0.6246
HEARTS TWO DIAMONDS SEVEN,0.611,0.0676,0.3214
HEARTS QUEEN DIAMONDS FIVE,0.27,0.047,0.683
HEARTS FIVE DIAMONDS SEVEN,0.6128,0.1422,0.245
DIAMONDS ACE DIAMONDS SEVEN,0.346,0.0028,0.6512
HEARTS FOUR DIAMONDS SEVEN,0.5806,0.0716,0.3478
HEARTS ACE DIAMONDS FIVE,0.2474,0.0248,0.7278
HEARTS SEVEN DIAMONDS SEVEN,0.2692,0.0802,0.6506
HEARTS SIX DIAMONDS SEVEN,0.5298,0.0648,0.4054
DIAMONDS SEVEN HEARTS NINE,0.3468,0.04,0.6132
DIAMONDS JACK DIAMONDS SEVEN,0.337,0.016,0.647
DIAMONDS FIVE HEARTS JACK,0.2614,0.06,0.6786
DIAMONDS TEN DIAMONDS SEVEN,0.335,0.0222,0.6428
HEARTS TEN DIAMONDS FIVE,0.2584,0.0776,0.664
SPADES KING CLUBS TWO,0.4182,0.0106,0.5712
HEARTS KING CLUBS KING,0.1534,0.0138,0.8328
CLUBS EIGHT DIAMONDS SEVEN,0.2144,0.3022,0.4834
SPADES QUEEN CLUBS TWO,0.4116,0.016,0.5724
HEARTS KING CLUBS QUEEN,0.3378,0.0044,0.6578
CLUBS NINE DIAMONDS SEVEN,0.3502,0.0398,0.61
SPADES TWO CLUBS JACK,0.4178,0.0182,0.564
SPADES ACE CLUBS TWO,0.3938,0.006,0.6002
CLUBS TEN SPADES TWO,0.4092,0.0314,0.5594
HEARTS KING CLUBS ACE,0.3416,0.0034,0.655
CLUBS SEVEN CLUBS SIX,0.513,0.055,0.432
SPADES TWO CLUBS KING,0.42,0.0084,0.5716
SPADES TWO DIAMONDS SEVEN,0.6064,0.071,0.3226
CLUBS EIGHT CLUBS SIX,0.2234,0.3466,0.43
SPADES THREE DIAMONDS SEVEN,0.6034,0.0654,0.3312
SPADES TWO CLUBS QUEEN,0.4186,0.0148,0.5666
CLUBS NINE CLUBS SIX,0.3322,0.039,0.6288
SPADES FOUR DIAMONDS SEVEN,0.5884,0.0676,0.344
HEARTS KING CLUBS JACK,0.3418,0.0084,0.6498
SPADES TWO CLUBS ACE,0.407,0.0042,0.5888
CLUBS TEN HEARTS KING,0.3426,0.0076,0.6498
CLUBS SIX SPADES TWO,0.6038,0.0696,0.3266
CLUBS SIX SPADES THREE,0.584,0.0682,0.3478
CLUBS TWO DIAMONDS SEVEN,0.6112,0.0612,0.3276
CLUBS SIX SPADES FOUR,0.5674,0.0658,0.3668
CLUBS THREE DIAMONDS SEVEN,0.5886,0.0664,0.345
CLUBS FOUR DIAMONDS SEVEN,0.5754,0.0662,0.3584
CLUBS SIX SPADES SIX,0.2726,0.087,0.6404
CLUBS FIVE DIAMONDS SEVEN,0.6002,0.1464,0.2534
CLUBS SIX SPADES SEVEN,0.5274,0.0612,0.4114
CLUBS SIX DIAMONDS SEVEN,0.5322,0.0666,0.4012
CLUBS SIX SPADES EIGHT,0.2176,0.3822,0.4002
SPADES JACK CLUBS TWO,0.4106,0.0168,0.5726
CLUBS SEVEN DIAMONDS SEVEN,0.2668,0.082,0.6512
SPADES NINE CLUBS SIX,0.3446,0.0356,0.6198
SPADES TEN CLUBS TWO,0.4176,0.0266,0.5558
CLUBS TWO CLUBS QUEEN,0.3856,0.0124,0.602
CLUBS TWO CLUBS KING,0.3892,0.0106,0.6002
CLUBS THREE DIAMONDS EIGHT,0.3276,0.4544,0.218
CLUBS TWO CLUBS ACE,0.3794,0.0046,0.616
CLUBS TWO DIAMONDS EIGHT,0.3456,0.4442,0.2102
DIAMONDS EIGHT HEARTS SEVEN,0.2236,0.3024,0.474
HEARTS SIX DIAMONDS EIGHT,0.2252,0.3794,0.3954
DIAMONDS EIGHT HEARTS NINE,0.2316,0.1034,0.665
CLUBS TEN CLUBS TWO,0.4046,0.0272,0.5682
CLUBS TWO CLUBS JACK,0.391,0.0174,0.5916
CLUBS NINE DIAMONDS EIGHT,0.2446,0.1004,0.655
CLUBS EIGHT DIAMONDS EIGHT,0.1182,0.0872,0.7946
CLUBS FIVE DIAMONDS EIGHT,0.0196,0.9584,0.022
SPADES ACE SPADES THREE,0.384,0.005,0.611
CLUBS FOUR DIAMONDS EIGHT,0.332,0.4478,0.2202
CLUBS SEVEN DIAMONDS EIGHT,0.2192,0.299,0.4818
SPADES QUEEN SPADES THREE,0.399,0.0154,0.5856
CLUBS SIX DIAMONDS EIGHT,0.2262,0.3618,0.412
SPADES KING SPADES THREE,0.3876,0.0076,0.6048
DIAMONDS QUEEN DIAMONDS EIGHT,0.2464,0.0444,0.7092
HEARTS TWO DIAMONDS EIGHT,0.3466,0.4492,0.2042
DIAMONDS KING DIAMONDS EIGHT,0.2478,0.0342,0.718
HEARTS THREE DIAMONDS EIGHT,0.3686,0.449,0.1824
DIAMONDS ACE DIAMONDS EIGHT,0.2416,0.0282,0.7302
HEARTS FOUR DIAMONDS EIGHT,0.3314,0.4584,0.2102
HEARTS FIVE DIAMONDS EIGHT,0.0158,0.973,0.0112
DIAMONDS EIGHT DIAMONDS TEN,0.219,0.075,0.706
DIAMONDS EIGHT DIAMONDS JACK,0.2388,0.0556,0.7056
SPADES JACK SPADES THREE,0.39,0.0176,0.5924
SPADES TEN SPADES THREE,0.3994,0.0298,0.5708
CLUBS FOUR HEARTS ACE,0.3836,0.0042,0.6122
CLUBS FOUR HEARTS QUEEN,0.4196,0.0142,0.5662
CLUBS FOUR HEARTS KING,0.4,0.0082,0.5918
CLUBS SIX HEARTS TEN,0.371,0.0284,0.6006
CLUBS SIX HEARTS JACK,0.39,0.0186,0.5914
SPADES FOUR DIAMONDS EIGHT,0.3368,0.4464,0.2168
DIAMONDS EIGHT SPADES TWO,0.3468,0.4414,0.2118
DIAMONDS EIGHT SPADES THREE,0.3366,0.4534,0.21
CLUBS FOUR HEARTS JACK,0.4016,0.0228,0.5756
SPADES EIGHT DIAMONDS EIGHT,0.1062,0.0854,0.8084
SPADES TEN DIAMONDS QUEEN,0.3262,0.0088,0.665
SPADES TEN HEARTS TWO,0.419,0.0274,0.5536
CLUBS FOUR HEARTS TEN,0.388,0.0268,0.5852
SPADES NINE DIAMONDS EIGHT,0.2338,0.0994,0.6668
SPADES JACK HEARTS TWO,0.4084,0.0214,0.5702
SPADES JACK DIAMONDS QUEEN,0.3386,0.0096,0.6518
SPADES SIX DIAMONDS EIGHT,0.2124,0.38,0.4076
SPADES SEVEN DIAMONDS EIGHT,0.2202,0.2942,0.4856
SPADES ACE HEARTS TWO,0.3978,0.005,0.5972
SPADES ACE DIAMONDS QUEEN,0.3412,0.003,0.6558
SPADES QUEEN HEARTS TWO,0.4064,0.0122,0.5814
SPADES QUEEN DIAMONDS QUEEN,0.169,0.0262,0.8048
SPADES KING DIAMONDS QUEEN,0.3388,0.0044,0.6568
SPADES KING HEARTS TWO,0.4152,0.008,0.5768
CLUBS TWO HEARTS TEN,0.4166,0.0254,0.558
CLUBS TWO HEARTS JACK,0.4102,0.0174,0.5724
SPADES SEVEN DIAMONDS NINE,0.3516,0.0398,0.6086
SPADES SIX DIAMONDS NINE,0.3574,0.0384,0.6042
SPADES NINE DIAMONDS NINE,0.1594,0.0604,0.7802
SPADES EIGHT DIAMONDS NINE,0.2316,0.1024,0.666
SPADES TEN CLUBS KING,0.3424,0.007,0.6506
DIAMONDS NINE SPADES THREE,0.417,0.0412,0.5418
SPADES JACK CLUBS KING,0.3288,0.007,0.6642
DIAMONDS NINE SPADES TWO,0.423,0.0356,0.5414
DIAMONDS NINE SPADES FOUR,0.4066,0.0484,0.545
CLUBS NINE DIAMONDS NINE,0.166,0.0578,0.7762
CLUBS EIGHT DIAMONDS NINE,0.2554,0.1088,0.6358
CLUBS SIX DIAMONDS NINE,0.3534,0.0418,0.6048
SPADES JACK CLUBS FOUR,0.4064,0.0144,0.5792
CLUBS SEVEN DIAMONDS NINE,0.3518,0.0424,0.6058
SPADES TEN CLUBS FOUR,0.4002,0.028,0.5718
CLUBS FOUR DIAMONDS NINE,0.4006,0.043,0.5564
CLUBS FIVE DIAMONDS NINE,0.246,0.0886,0.6654
DIAMONDS NINE CLUBS TWO,0.4038,0.0436,0.5526
CLUBS THREE DIAMONDS NINE,0.4056,0.0398,0.5546
DIAMONDS NINE HEARTS NINE,0.15,0.0554,0.7946
HEARTS SIX DIAMONDS NINE,0.36,0.0458,0.5942
DIAMONDS NINE HEARTS SEVEN,0.3474,0.0436,0.609
CLUBS NINE CLUBS EIGHT,0.227,0.0946,0.6784
DIAMONDS ACE DIAMONDS NINE,0.3248,0.0048,0.6704
HEARTS FOUR DIAMONDS NINE,0.4082,0.0398,0.552
HEARTS FIVE DIAMONDS NINE,0.2458,0.1122,0.642
HEARTS ACE CLUBS TWO,0.3964,0.0056,0.598
SPADES ACE CLUBS FOUR,0.3896,0.005,0.6054
DIAMONDS QUEEN DIAMONDS NINE,0.3314,0.0102,0.6584
HEARTS TWO DIAMONDS NINE,0.415,0.0414,0.5436
CLUBS TWO HEARTS KING,0.414,0.0086,0.5774
SPADES KING CLUBS FOUR,0.4088,0.0082,0.583
DIAMONDS KING DIAMONDS NINE,0.3302,0.0074,0.6624
HEARTS THREE DIAMONDS NINE,0.423,0.0472,0.5298
CLUBS TWO HEARTS QUEEN,0.4132,0.0128,0.574
SPADES QUEEN CLUBS FOUR,0.3924,0.013,0.5946
DIAMONDS NINE DIAMONDS JACK,0.317,0.0176,0.6654
CLUBS EIGHT SPADES NINE,0.235,0.1156,0.6494
DIAMONDS NINE DIAMONDS TEN,0.3024,0.0232,0.6744
CLUBS EIGHT SPADES EIGHT,0.108,0.0834,0.8086
CLUBS EIGHT SPADES SEVEN,0.219,0.308,0.473
CLUBS EIGHT SPADES SIX,0.2208,0.3772,0.402
CLUBS EIGHT SPADES FOUR,0.3366,0.452,0.2114
CLUBS EIGHT SPADES THREE,0.3426,0.4474,0.21
CLUBS EIGHT SPADES TWO,0.3532,0.4452,0.2016
HEARTS SIX DIAMONDS TEN,0.3664,0.029,0.6046
DIAMONDS TEN HEARTS SEVEN,0.3636,0.0268,0.6096
CLUBS FOUR CLUBS JACK,0.3904,0.017,0.5926
DIAMONDS TEN HEARTS NINE,0.3196,0.0246,0.6558
CLUBS TEN CLUBS FOUR,0.3784,0.028,0.5936
CLUBS FOUR CLUBS KING,0.3822,0.0078,0.61
CLUBS FOUR CLUBS QUEEN,0.385,0.0114,0.6036
CLUBS TWO DIAMONDS TEN,0.4122,0.0312,0.5566
CLUBS THREE DIAMONDS TEN,0.4062,0.0278,0.566
CLUBS FOUR CLUBS ACE,0.3694,0.0046,0.626
DIAMONDS JACK DIAMONDS TEN,0.3182,0.0156,0.6662
DIAMONDS QUEEN DIAMONDS TEN,0.3236,0.0102,0.6662
HEARTS TWO DIAMONDS TEN,0.408,0.0274,0.5646
DIAMONDS KING DIAMONDS TEN,0.3174,0.006,0.6766
HEARTS THREE DIAMONDS TEN,0.4086,0.0302,0.5612
DIAMONDS ACE DIAMONDS TEN,0.3296,0.0038,0.6666
HEARTS FOUR DIAMONDS TEN,0.401,0.029,0.57
CLUBS EIGHT HEARTS JACK,0.2672,0.0588,0.674
HEARTS FIVE DIAMONDS TEN,0.2754,0.0766,0.648
CLUBS EIGHT HEARTS TEN,0.235,0.0774,0.6876
CLUBS EIGHT HEARTS QUEEN,0.2506,0.0442,0.7052
CLUBS EIGHT HEARTS KING,0.2628,0.0372,0.7
CLUBS EIGHT HEARTS ACE,0.2516,0.0302,0.7182
CLUBS NINE SPADES THREE,0.4052,0.0424,0.5524
CLUBS NINE SPADES TWO,0.42,0.043,0.537
CLUBS NINE SPADES FOUR,0.4158,0.0388,0.5454
CLUBS NINE SPADES SEVEN,0.3462,0.0424,0.6114
CLUBS NINE SPADES SIX,0.3528,0.0408,0.6064
CLUBS NINE SPADES NINE,0.1596,0.0576,0.7828
CLUBS NINE SPADES EIGHT,0.2302,0.102,0.6678
SPADES KING CLUBS KING,0.151,0.0134,0.8356
SPADES QUEEN CLUBS KING,0.3432,0.007,0.6498
SPADES ACE CLUBS KING,0.3412,0.003,0.6558
DIAMONDS ACE HEARTS TEN,0.3258,0.0032,0.671
HEARTS FOUR HEARTS TEN,0.3842,0.0322,0.5836
DIAMONDS ACE HEARTS JACK,0.3522,0.0044,0.6434
HEARTS FOUR HEARTS JACK,0.3784,0.0172,0.6044
SPADES KING CLUBS FIVE,0.259,0.038,0.703
SPADES QUEEN CLUBS FIVE,0.2622,0.0484,0.6894
SPADES ACE CLUBS FIVE,0.2662,0.0212,0.7126
DIAMONDS JACK HEARTS SEVEN,0.3802,0.0148,0.605
HEARTS SIX DIAMONDS JACK,0.388,0.0184,0.5936
DIAMONDS JACK HEARTS NINE,0.332,0.0132,0.6548
DIAMONDS KING DIAMONDS JACK,0.3366,0.005,0.6584
HEARTS THREE DIAMONDS JACK,0.4136,0.0196,0.5668
SPADES ACE SPADES SIX,0.3626,0.0054,0.632
HEARTS ACE SPADES FOUR,0.4006,0.0054,0.594
DIAMONDS QUEEN DIAMONDS JACK,0.3134,0.0104,0.6762
HEARTS TWO DIAMONDS JACK,0.4172,0.0174,0.5654
HEARTS FIVE DIAMONDS JACK,0.2662,0.06,0.6738
SPADES QUEEN SPADES SIX,0.361,0.012,0.627
SPADES FOUR HEARTS QUEEN,0.419,0.0146,0.5664
DIAMONDS ACE DIAMONDS JACK,0.3364,0.0048,0.6588
HEARTS FOUR DIAMONDS JACK,0.4136,0.0152,0.5712
SPADES KING SPADES SIX,0.3514,0.0064,0.6422
SPADES FOUR HEARTS KING,0.399,0.0092,0.5918
SPADES TEN SPADES SIX,0.3462,0.0262,0.6276
SPADES JACK SPADES SIX,0.361,0.0202,0.6188
SPADES FOUR DIAMONDS JACK,0.4138,0.0176,0.5686
DIAMONDS JACK SPADES TWO,0.425,0.0168,0.5582
SPADES THREE DIAMONDS JACK,0.4356,0.0178,0.5466
SPADES ACE DIAMONDS THREE,0.3982,0.0042,0.5976
SPADES QUEEN DIAMONDS THREE,0.42,0.0154,0.5646
CLUBS EIGHT DIAMONDS JACK,0.2648,0.0626,0.6726
SPADES KING DIAMONDS THREE,0.4148,0.009,0.5762
CLUBS NINE DIAMONDS JACK,0.3292,0.0184,0.6524
CLUBS SIX DIAMONDS JACK,0.382,0.0132,0.6048
CLUBS SEVEN DIAMONDS JACK,0.3764,0.0188,0.6048
CLUBS FOUR DIAMONDS JACK,0.3952,0.0196,0.5852
CLUBS FIVE DIAMONDS JACK,0.2772,0.0584,0.6644
CLUBS TWO DIAMONDS JACK,0.42,0.0204,0.5596
CLUBS THREE DIAMONDS JACK,0.4256,0.0172,0.5572
SPADES TEN CLUBS FIVE,0.2506,0.0808,0.6686
HEARTS SIX SPADES JACK,0.374,0.0146,0.6114
HEARTS SIX SPADES TEN,0.3772,0.0248,0.598
SPADES JACK CLUBS FIVE,0.256,0.0642,0.6798
SPADES JACK DIAMONDS THREE,0.42,0.0214,0.5586
CLUBS SEVEN CLUBS ACE,0.3504,0.0046,0.645
DIAMONDS THREE SPADES TEN,0.4048,0.0268,0.5684
CLUBS SEVEN CLUBS QUEEN,0.3562,0.0104,0.6334
CLUBS SEVEN CLUBS KING,0.348,0.007,0.645
SPADES NINE DIAMONDS JACK,0.3394,0.0156,0.645
CLUBS TEN CLUBS SEVEN,0.3262,0.026,0.6478
DIAMONDS ACE HEARTS ACE,0.159,0.0028,0.8382
HEARTS FOUR HEARTS ACE,0.383,0.0062,0.6108
SPADES EIGHT DIAMONDS JACK,0.2484,0.0594,0.6922
SPADES ACE HEARTS SIX,0.3856,0.004,0.6104
CLUBS SEVEN CLUBS JACK,0.3462,0.0164,0.6374
DIAMONDS ACE HEARTS KING,0.3458,0.004,0.6502
HEARTS FOUR HEARTS KING,0.3898,0.0086,0.6016
SPADES SEVEN DIAMONDS JACK,0.377,0.0194,0.6036
SPADES KING HEARTS SIX,0.3688,0.009,0.6222
DIAMONDS ACE HEARTS QUEEN,0.3522,0.0042,0.6436
HEARTS FOUR HEARTS QUEEN,0.3914,0.0142,0.5944
SPADES QUEEN HEARTS SIX,0.3748,0.0148,0.6104
SPADES SIX DIAMONDS JACK,0.3744,0.0174,0.6082
SPADES TWO DIAMONDS TEN,0.4264,0.0272,0.5464
SPADES THREE DIAMONDS TEN,0.4196,0.026,0.5544
SPADES FOUR DIAMONDS TEN,0.4088,0.028,0.5632
SPADES SIX DIAMONDS TEN,0.3622,0.0262,0.6116
SPADES SEVEN DIAMONDS TEN,0.3576,0.0252,0.6172
SPADES EIGHT DIAMONDS TEN,0.2318,0.0754,0.6928
SPADES NINE DIAMONDS TEN,0.3276,0.0206,0.6518
CLUBS FOUR DIAMONDS TEN,0.4022,0.0258,0.572
CLUBS FIVE DIAMONDS TEN,0.254,0.0786,0.6674
CLUBS SIX DIAMONDS TEN,0.3734,0.0236,0.603
CLUBS SEVEN DIAMONDS TEN,0.3616,0.023,0.6154
CLUBS EIGHT DIAMONDS TEN,0.2402,0.0836,0.6762
CLUBS NINE DIAMONDS TEN,0.3312,0.0266,0.6422
DIAMONDS THREE CLUBS JACK,0.4144,0.017,0.5686
CLUBS TEN DIAMONDS THREE,0.4208,0.0284,0.5508
DIAMONDS THREE CLUBS KING,0.4126,0.006,0.5814
DIAMONDS THREE CLUBS QUEEN,0.4214,0.01,0.5686
DIAMONDS THREE CLUBS ACE,0.4118,0.0032,0.585
SPADES FOUR HEARTS JACK,0.4104,0.0222,0.5674
SPADES FOUR HEARTS TEN,0.3998,0.0338,0.5664
SPADES FOUR SPADES TWO,0.5566,0.0714,0.372
SPADES THREE SPADES TWO,0.5702,0.0676,0.3622
SPADES NINE SPADES TWO,0.3794,0.0404,0.5802
SPADES EIGHT SPADES TWO,0.3262,0.4304,0.2434
SPADES SEVEN SPADES TWO,0.5848,0.0664,0.3488
SPADES SIX SPADES TWO,0.5546,0.067,0.3784
DIAMONDS QUEEN CLUBS THREE,0.4182,0.0142,0.5676
CLUBS THREE HEARTS TWO,0.5828,0.0788,0.3384
DIAMONDS QUEEN CLUBS TWO,0.3996,0.0112,0.5892
HEARTS TWO CLUBS TWO,0.4022,0.0992,0.4986
DIAMONDS QUEEN HEARTS SEVEN,0.384,0.0128,0.6032
HEARTS TWO HEARTS SEVEN,0.5782,0.0604,0.3614
HEARTS SIX DIAMONDS QUEEN,0.3868,0.0134,0.5998
HEARTS SIX HEARTS TWO,0.5744,0.064,0.3616
DIAMONDS QUEEN HEARTS NINE,0.3362,0.0132,0.6506
HEARTS TWO HEARTS NINE,0.3936,0.0462,0.5602
CLUBS NINE HEARTS TWO,0.424,0.0444,0.5316
CLUBS NINE DIAMONDS QUEEN,0.3496,0.0118,0.6386
CLUBS EIGHT HEARTS TWO,0.345,0.4436,0.2114
CLUBS EIGHT DIAMONDS QUEEN,0.266,0.0452,0.6888
CLUBS FIVE DIAMONDS QUEEN,0.272,0.053,0.675
CLUBS FIVE HEARTS TWO,0.5984,0.1544,0.2472
SPADES EIGHT HEARTS ACE,0.237,0.0268,0.7362
DIAMONDS QUEEN CLUBS FOUR,0.4174,0.012,0.5706
HEARTS TWO CLUBS FOUR,0.6132,0.0632,0.3236
CLUBS SEVEN DIAMONDS QUEEN,0.3816,0.012,0.6064
CLUBS SEVEN HEARTS TWO,0.5984,0.068,0.3336
SPADES EIGHT HEARTS QUEEN,0.2484,0.0448,0.7068
CLUBS SIX DIAMONDS QUEEN,0.3892,0.0104,0.6004
CLUBS SIX HEARTS TWO,0.6042,0.0636,0.3322
SPADES EIGHT HEARTS KING,0.249,0.0356,0.7154
HEARTS TWO SPADES SIX,0.5804,0.0746,0.345
DIAMONDS QUEEN SPADES SIX,0.3826,0.0114,0.606
HEARTS FOUR CLUBS QUEEN,0.4194,0.012,0.5686
DIAMONDS ACE CLUBS QUEEN,0.35,0.0042,0.6458
DIAMONDS QUEEN SPADES SEVEN,0.3866,0.0128,0.6006
HEARTS TWO SPADES SEVEN,0.6034,0.0744,0.3222
HEARTS FOUR CLUBS KING,0.3982,0.009,0.5928
DIAMONDS ACE CLUBS KING,0.3574,0.0034,0.6392
DIAMONDS QUEEN SPADES EIGHT,0.2592,0.051,0.6898
SPADES EIGHT HEARTS TWO,0.34,0.4624,0.1976
HEARTS FOUR CLUBS ACE,0.4018,0.0044,0.5938
DIAMONDS ACE CLUBS ACE,0.1522,0.0026,0.8452
SPADES NINE DIAMONDS QUEEN,0.347,0.0128,0.6402
SPADES NINE HEARTS TWO,0.3938,0.0468,0.5594
HEARTS TWO SPADES TWO,0.3926,0.1008,0.5066
DIAMONDS QUEEN SPADES TWO,0.425,0.0118,0.5632
HEARTS TWO SPADES THREE,0.6066,0.0732,0.3202
DIAMONDS QUEEN SPADES THREE,0.4234,0.013,0.5636
HEARTS TWO SPADES FOUR,0.599,0.0702,0.3308
DIAMONDS QUEEN SPADES FOUR,0.4218,0.0112,0.567
HEARTS FOUR CLUBS TEN,0.3948,0.0324,0.5728
CLUBS TEN DIAMONDS ACE,0.3416,0.0018,0.6566
HEARTS FOUR CLUBS JACK,0.407,0.0204,0.5726
DIAMONDS ACE CLUBS JACK,0.3574,0.0038,0.6388
CLUBS FIVE CLUBS KING,0.252,0.033,0.715
CLUBS FIVE CLUBS QUEEN,0.25,0.0466,0.7034
CLUBS FIVE CLUBS ACE,0.2562,0.0234,0.7204
CLUBS FIVE CLUBS JACK,0.2448,0.0602,0.695
CLUBS TEN CLUBS FIVE,0.2522,0.0766,0.6712
SPADES KING CLUBS JACK,0.3506,0.0078,0.6416
SPADES QUEEN CLUBS JACK,0.3306,0.0076,0.6618
SPADES ACE CLUBS JACK,0.3428,0.0034,0.6538
SPADES SIX CLUBS KING,0.3788,0.0076,0.6136
SPADES SIX CLUBS QUEEN,0.3738,0.0114,0.6148
SPADES EIGHT HEARTS JACK,0.246,0.0648,0.6892
SPADES SIX CLUBS ACE,0.367,0.005,0.628
SPADES EIGHT HEARTS TEN,0.2222,0.0788,0.699
SPADES SIX CLUBS JACK,0.3846,0.0212,0.5942
CLUBS TEN SPADES SIX,0.3694,0.0284,0.6022
SPADES TEN CLUBS JACK,0.3152,0.0168,0.668
SPADES JACK CLUBS JACK,0.1674,0.0356,0.797
SPADES QUEEN CLUBS SEVEN,0.3788,0.013,0.6082
SPADES KING CLUBS SEVEN,0.3742,0.0112,0.6146
SPADES ACE CLUBS SEVEN,0.3642,0.0044,0.6314
SPADES SIX HEARTS TEN,0.3506,0.0292,0.6202
SPADES SIX HEARTS JACK,0.3734,0.0194,0.6072
SPADES SIX HEARTS ACE,0.3696,0.004,0.6264
SPADES SIX HEARTS KING,0.3672,0.01,0.6228
SPADES SIX HEARTS QUEEN,0.3678,0.0108,0.6214
CLUBS SEVEN SPADES JACK,0.3732,0.0182,0.6086
CLUBS SEVEN SPADES TEN,0.3508,0.0262,0.623
CLUBS TEN HEARTS SIX,0.3622,0.026,0.6118
HEARTS SIX CLUBS JACK,0.3782,0.0184,0.6034
CLUBS ACE CLUBS JACK,0.3242,0.0038,0.672
HEARTS SIX CLUBS QUEEN,0.3886,0.0088,0.6026
HEARTS SIX CLUBS KING,0.3764,0.0074,0.6162
HEARTS SIX CLUBS ACE,0.3906,0.0046,0.6048
CLUBS QUEEN CLUBS JACK,0.319,0.0114,0.6696
CLUBS KING CLUBS JACK,0.3308,0.0066,0.6626
DIAMONDS THREE HEARTS ACE,0.4038,0.0048,0.5914
DIAMONDS THREE HEARTS QUEEN,0.4172,0.0152,0.5676
DIAMONDS THREE HEARTS KING,0.4186,0.0092,0.5722
CLUBS FIVE HEARTS JACK,0.267,0.0598,0.6732
SPADES TEN DIAMONDS ACE,0.3444,0.0048,0.6508
HEARTS FOUR SPADES TEN,0.419,0.0314,0.5496
CLUBS FIVE HEARTS TEN,0.2606,0.0782,0.6612
HEARTS FOUR SPADES JACK,0.4036,0.0188,0.5776
SPADES JACK DIAMONDS ACE,0.3456,0.0036,0.6508
SPADES ACE HEARTS FOUR,0.384,0.0058,0.6102
SPADES ACE DIAMONDS ACE,0.1606,0.0034,0.836
CLUBS FIVE HEARTS ACE,0.2726,0.0218,0.7056
CLUBS FIVE HEARTS KING,0.2626,0.0356,0.7018
HEARTS FOUR SPADES QUEEN,0.4062,0.0142,0.5796
SPADES QUEEN DIAMONDS ACE,0.3318,0.0032,0.665
SPADES FOUR CLUBS JACK,0.405,0.0202,0.5748
CLUBS FIVE HEARTS QUEEN,0.2634,0.0498,0.6868
SPADES KING DIAMONDS ACE,0.3392,0.0052,0.6556
HEARTS FOUR SPADES KING,0.4058,0.006,0.5882
CLUBS TEN SPADES FOUR,0.4136,0.0278,0.5586
DIAMONDS QUEEN DIAMONDS ACE,0.3272,0.0044,0.6684
HEARTS TWO DIAMONDS ACE,0.4134,0.0064,0.5802
HEARTS FOUR DIAMONDS QUEEN,0.4064,0.0116,0.582
HEARTS FOUR HEARTS TWO,0.5724,0.069,0.3586
DIAMONDS THREE HEARTS TEN,0.4206,0.0284,0.551
SPADES FOUR CLUBS KING,0.4146,0.006,0.5794
HEARTS FIVE DIAMONDS QUEEN,0.273,0.0468,0.6802
HEARTS FIVE HEARTS TWO,0.568,0.1474,0.2846
DIAMONDS THREE HEARTS JACK,0.427,0.0206,0.5524
SPADES FOUR CLUBS QUEEN,0.4184,0.0144,0.5672
DIAMONDS QUEEN HEARTS TWO,0.4138,0.012,0.5742
DIAMONDS KING DIAMONDS QUEEN,0.3266,0.0064,0.667
DIAMONDS KING HEARTS TWO,0.4068,0.0086,0.5846
HEARTS THREE DIAMONDS QUEEN,0.4182,0.0134,0.5684
HEARTS THREE HEARTS TWO,0.5758,0.0708,0.3534
SPADES FOUR CLUBS ACE,0.4056,0.0048,0.5896
HEARTS TWO CLUBS ACE,0.4076,0.004,0.5884
DIAMONDS QUEEN CLUBS ACE,0.367,0.0022,0.6308
HEARTS TWO CLUBS QUEEN,0.432,0.0114,0.5566
DIAMONDS QUEEN CLUBS QUEEN,0.1754,0.023,0.8016
HEARTS TWO CLUBS KING,0.4174,0.0082,0.5744
DIAMONDS QUEEN CLUBS KING,0.3552,0.0064,0.6384
CLUBS TEN HEARTS TWO,0.4182,0.029,0.5528
CLUBS TEN DIAMONDS QUEEN,0.3338,0.012,0.6542
HEARTS TWO CLUBS JACK,0.4178,0.0164,0.5658
DIAMONDS QUEEN CLUBS JACK,0.3516,0.0088,0.6396
DIAMONDS FIVE CLUBS QUEEN,0.2698,0.0448,0.6854
SPADES EIGHT CLUBS ACE,0.2538,0.0272,0.719
DIAMONDS FIVE CLUBS KING,0.271,0.0336,0.6954
SPADES EIGHT CLUBS KING,0.2594,0.0362,0.7044
CLUBS ACE DIAMONDS FIVE,0.2712,0.0186,0.7102
SPADES EIGHT CLUBS QUEEN,0.2682,0.044,0.6878
SPADES EIGHT CLUBS JACK,0.26,0.0634,0.6766
CLUBS TEN SPADES EIGHT,0.2408,0.0804,0.6788
CLUBS TEN DIAMONDS FIVE,0.2684,0.0764,0.6552
DIAMONDS FIVE CLUBS JACK,0.2722,0.0568,0.671
DIAMONDS TEN HEARTS JACK,0.317,0.0134,0.6696
DIAMONDS TEN HEARTS TEN,0.16,0.0492,0.7908
SPADES ACE CLUBS NINE,0.334,0.0028,0.6632
CLUBS NINE SPADES QUEEN,0.3368,0.0124,0.6508
CLUBS NINE SPADES KING,0.3454,0.0072,0.6474
HEARTS SIX HEARTS KING,0.3568,0.0076,0.6356
DIAMONDS KING SPADES SEVEN,0.3662,0.009,0.6248
HEARTS THREE SPADES SEVEN,0.6088,0.0688,0.3224
SPADES KING DIAMONDS SEVEN,0.3658,0.0084,0.6258
HEARTS SIX HEARTS QUEEN,0.3656,0.0138,0.6206
SPADES QUEEN DIAMONDS SEVEN,0.3734,0.014,0.6126
HEARTS THREE SPADES SIX,0.583,0.0678,0.3492
DIAMONDS KING SPADES SIX,0.3716,0.0068,0.6216
DIAMONDS KING SPADES NINE,0.3322,0.007,0.6608
HEARTS THREE SPADES NINE,0.403,0.0454,0.5516
HEARTS SIX HEARTS ACE,0.3652,0.0054,0.6294
