opposingHand,winningChance,drawChance,lostChance
HEARTS KING CLUBS ACE
HEARTS FIVE SPADES TEN,0.6824,0.0042,0.3134
SPADES JACK HEARTS FIVE,0.6728,0.0048,0.3224
SPADES FIVE CLUBS JACK,0.6728,0.0054,0.3218
CLUBS TEN SPADES FIVE,0.666,0.0048,0.3292
CLUBS EIGHT CLUBS JACK,0.6122,0.006,0.3818
CLUBS TEN CLUBS EIGHT,0.6124,0.0028,0.3848
CLUBS EIGHT CLUBS KING,0.7184,0.016,0.2656
CLUBS EIGHT CLUBS QUEEN,0.6388,0.007,0.3542
SPADES FIVE CLUBS KING,0.762,0.012,0.226
SPADES FIVE CLUBS QUEEN,0.67,0.006,0.324
DIAMONDS TWO DIAMONDS THREE,0.61,0.0044,0.3856
DIAMONDS TWO DIAMONDS FIVE,0.591,0.0054,0.4036
SPADES KING HEARTS FIVE,0.7632,0.013,0.2238
DIAMONDS TWO DIAMONDS FOUR,0.6224,0.004,0.3736
SPADES QUEEN HEARTS FIVE,0.6722,0.0042,0.3236
DIAMONDS TWO DIAMONDS SEVEN,0.635,0.0046,0.3604
DIAMONDS TWO DIAMONDS SIX,0.6152,0.0056,0.3792
SPADES ACE HEARTS FIVE,0.6866,0.052,0.2614
DIAMONDS TWO DIAMONDS NINE,0.6288,0.004,0.3672
DIAMONDS TWO DIAMONDS EIGHT,0.6146,0.0048,0.3806
DIAMONDS THREE DIAMONDS FOUR,0.6028,0.0046,0.3926
CLUBS TWO SPADES FOUR,0.6548,0.0048,0.3404
DIAMONDS THREE DIAMONDS FIVE,0.5854,0.004,0.4106
SPADES FIVE CLUBS TWO,0.6524,0.0048,0.3428
CLUBS TWO SPADES TWO,0.4768,0.0052,0.518
CLUBS TWO SPADES THREE,0.6472,0.0062,0.3466
DIAMONDS THREE DIAMONDS EIGHT,0.635,0.0034,0.3616
SPADES EIGHT CLUBS TWO,0.6798,0.004,0.3162
DIAMONDS THREE DIAMONDS NINE,0.6128,0.0064,0.3808
SPADES NINE CLUBS TWO,0.6766,0.005,0.3184
DIAMONDS THREE DIAMONDS SIX,0.5986,0.0052,0.3962
SPADES SIX CLUBS TWO,0.6786,0.0044,0.317
DIAMONDS THREE DIAMONDS SEVEN,0.6096,0.003,0.3874
SPADES SEVEN CLUBS TWO,0.677,0.005,0.318
CLUBS SIX CLUBS TWO,0.6256,0.0056,0.3688
CLUBS SEVEN CLUBS TWO,0.6382,0.0054,0.3564
CLUBS FOUR CLUBS TWO,0.6236,0.0058,0.3706
CLUBS FIVE CLUBS TWO,0.6228,0.0052,0.372
CLUBS TEN CLUBS JACK,0.5906,0.0058,0.4036
DIAMONDS FOUR DIAMONDS SIX,0.5918,0.0044,0.4038
CLUBS TEN CLUBS QUEEN,0.604,0.004,0.392
DIAMONDS FOUR DIAMONDS SEVEN,0.594,0.0044,0.4016
CLUBS TEN CLUBS KING,0.7056,0.0136,0.2808
CLUBS EIGHT CLUBS TWO,0.6416,0.0048,0.3536
DIAMONDS FIVE DIAMONDS FOUR,0.5846,0.005,0.4104
CLUBS NINE CLUBS TWO,0.6518,0.0062,0.342
DIAMONDS NINE DIAMONDS FOUR,0.6214,0.0058,0.3728
DIAMONDS EIGHT DIAMONDS FOUR,0.6002,0.0048,0.395
CLUBS THREE CLUBS TWO,0.6188,0.007,0.3742
DIAMONDS NINE DIAMONDS FIVE,0.6216,0.0056,0.3728
DIAMONDS TWO CLUBS JACK,0.6786,0.0066,0.3148
DIAMONDS EIGHT DIAMONDS FIVE,0.596,0.0052,0.3988
CLUBS TEN DIAMONDS TWO,0.6716,0.0034,0.325
DIAMONDS FIVE DIAMONDS SEVEN,0.6008,0.0048,0.3944
DIAMONDS FIVE DIAMONDS SIX,0.5782,0.0038,0.418
DIAMONDS TWO CLUBS KING,0.7766,0.0132,0.2102
DIAMONDS TWO CLUBS QUEEN,0.6772,0.0056,0.3172
DIAMONDS EIGHT DIAMONDS SIX,0.5998,0.0036,0.3966
DIAMONDS NINE DIAMONDS SIX,0.5954,0.0058,0.3988
HEARTS ACE SPADES THREE,0.6922,0.0458,0.262
DIAMONDS SEVEN DIAMONDS SIX,0.5938,0.0026,0.4036
SPADES THREE HEARTS QUEEN,0.6712,0.0054,0.3234
HEARTS JACK SPADES THREE,0.6714,0.0032,0.3254
SPADES THREE HEARTS TEN,0.685,0.0044,0.3106
DIAMONDS EIGHT DIAMONDS SEVEN,0.5748,0.0032,0.422
DIAMONDS NINE DIAMONDS SEVEN,0.5846,0.0044,0.411
DIAMONDS NINE DIAMONDS EIGHT,0.595,0.0054,0.3996
DIAMONDS KING HEARTS TEN,0.74,0.0128,0.2472
HEARTS THREE HEARTS TEN,0.653,0.004,0.343
SPADES JACK CLUBS SIX,0.6832,0.0046,0.3122
DIAMONDS KING HEARTS JACK,0.753,0.0152,0.2318
HEARTS THREE HEARTS JACK,0.6344,0.005,0.3606
SPADES TEN CLUBS SIX,0.6718,0.0028,0.3254
SPADES JACK SPADES FIVE,0.6246,0.0026,0.3728
SPADES TEN SPADES FIVE,0.6204,0.0044,0.3752
DIAMONDS KING HEARTS ACE,0.0104,0.9714,0.0182
HEARTS THREE HEARTS ACE,0.6654,0.0442,0.2904
SPADES ACE CLUBS SIX,0.7166,0.0416,0.2418
DIAMONDS KING HEARTS QUEEN,0.7432,0.0108,0.246
HEARTS THREE HEARTS QUEEN,0.6562,0.0042,0.3396
SPADES KING CLUBS SIX,0.7544,0.0136,0.232
SPADES QUEEN CLUBS SIX,0.6794,0.004,0.3166
SPADES NINE HEARTS TEN,0.6322,0.004,0.3638
SPADES NINE HEARTS JACK,0.6434,0.0044,0.3522
SPADES QUEEN SPADES FIVE,0.6336,0.005,0.3614
SPADES KING SPADES FIVE,0.7218,0.0108,0.2674
SPADES ACE SPADES FIVE,0.6396,0.0474,0.313
SPADES NINE HEARTS QUEEN,0.658,0.0044,0.3376
SPADES NINE HEARTS ACE,0.7122,0.0436,0.2442
CLUBS TEN SPADES JACK,0.6314,0.004,0.3646
CLUBS TEN SPADES TEN,0.4418,0.0028,0.5554
SPADES ACE CLUBS TEN,0.7124,0.0494,0.2382
SPADES KING CLUBS TEN,0.7488,0.0114,0.2398
CLUBS TEN SPADES QUEEN,0.6474,0.0062,0.3464
SPADES FIVE HEARTS QUEEN,0.6738,0.004,0.3222
HEARTS ACE SPADES FIVE,0.6858,0.0496,0.2646
CLUBS EIGHT SPADES TEN,0.6416,0.0038,0.3546
HEARTS THREE SPADES JACK,0.681,0.0044,0.3146
SPADES JACK DIAMONDS KING,0.7498,0.0088,0.2414
SPADES TEN DIAMONDS KING,0.75,0.0088,0.2412
HEARTS THREE SPADES TEN,0.6776,0.0052,0.3172
SPADES JACK CLUBS EIGHT,0.6512,0.0036,0.3452
CLUBS SIX HEARTS ACE,0.7206,0.0408,0.2386
SPADES ACE CLUBS EIGHT,0.7032,0.0494,0.2474
HEARTS FIVE CLUBS JACK,0.6686,0.0058,0.3256
CLUBS TEN HEARTS FIVE,0.6802,0.0058,0.314
CLUBS SIX HEARTS QUEEN,0.6748,0.0042,0.321
SPADES QUEEN CLUBS EIGHT,0.6616,0.0034,0.335
CLUBS TEN SPADES THREE,0.6762,0.0068,0.317
SPADES KING CLUBS EIGHT,0.7542,0.0128,0.233
SPADES THREE CLUBS JACK,0.6776,0.0058,0.3166
DIAMONDS TWO HEARTS JACK,0.681,0.0068,0.3122
SPADES THREE CLUBS QUEEN,0.6804,0.0056,0.314
DIAMONDS TWO HEARTS TEN,0.6812,0.0072,0.3116
SPADES THREE CLUBS KING,0.7618,0.0146,0.2236
SPADES FIVE HEARTS TEN,0.6592,0.0048,0.336
HEARTS FIVE CLUBS KING,0.7652,0.0132,0.2216
SPADES FIVE HEARTS JACK,0.677,0.0068,0.3162
HEARTS FIVE CLUBS QUEEN,0.6706,0.0064,0.323
HEARTS THREE CLUBS KING,0.7802,0.0126,0.2072
DIAMONDS KING CLUBS KING,0.3056,0.0074,0.687
HEARTS THREE CLUBS QUEEN,0.6824,0.005,0.3126
DIAMONDS KING CLUBS QUEEN,0.7524,0.012,0.2356
HEARTS FIVE HEARTS JACK,0.6324,0.0058,0.3618
HEARTS FIVE HEARTS TEN,0.648,0.0056,0.3464
SPADES ACE CLUBS QUEEN,0.723,0.0428,0.2342
SPADES KING CLUBS QUEEN,0.7568,0.0096,0.2336
HEARTS THREE CLUBS JACK,0.6946,0.0042,0.3012
DIAMONDS KING CLUBS JACK,0.751,0.011,0.238
SPADES QUEEN CLUBS QUEEN,0.4202,0.0048,0.575
CLUBS TEN HEARTS THREE,0.6906,0.0056,0.3038
CLUBS TEN DIAMONDS KING,0.7468,0.0124,0.2408
SPADES JACK CLUBS QUEEN,0.647,0.004,0.349
CLUBS SIX CLUBS QUEEN,0.6452,0.0062,0.3486
SPADES TEN CLUBS QUEEN,0.6462,0.0054,0.3484
CLUBS SIX CLUBS KING,0.7332,0.0128,0.254
HEARTS FIVE HEARTS QUEEN,0.6436,0.0056,0.3508
CLUBS TEN CLUBS SIX,0.6336,0.0054,0.361
HEARTS FIVE HEARTS ACE,0.6544,0.0488,0.2968
CLUBS SIX CLUBS JACK,0.6452,0.0024,0.3524
SPADES SEVEN HEARTS JACK,0.6686,0.004,0.3274
SPADES SEVEN HEARTS TEN,0.6508,0.0034,0.3458
DIAMONDS TWO CLUBS TWO,0.4724,0.0054,0.5222
DIAMONDS TWO CLUBS THREE,0.6556,0.0068,0.3376
HEARTS SIX DIAMONDS TWO,0.6676,0.0054,0.327
DIAMONDS TWO HEARTS QUEEN,0.6726,0.0052,0.3222
DIAMONDS TWO HEARTS SEVEN,0.6606,0.0058,0.3336
DIAMONDS TWO HEARTS EIGHT,0.6762,0.0062,0.3176
DIAMONDS TWO HEARTS ACE,0.6858,0.0506,0.2636
DIAMONDS TWO HEARTS NINE,0.6776,0.0038,0.3186
DIAMONDS TWO DIAMONDS QUEEN,0.6336,0.0048,0.3616
DIAMONDS TWO HEARTS TWO,0.473,0.0058,0.5212
DIAMONDS TWO DIAMONDS KING,0.7154,0.011,0.2736
HEARTS THREE DIAMONDS TWO,0.6606,0.0038,0.3356
DIAMONDS TWO DIAMONDS ACE,0.671,0.043,0.286
HEARTS FOUR DIAMONDS TWO,0.6536,0.0058,0.3406
DIAMONDS TWO HEARTS FIVE,0.6408,0.0066,0.3526
SPADES SEVEN HEARTS ACE,0.6862,0.0466,0.2672
DIAMONDS TWO DIAMONDS TEN,0.6142,0.0042,0.3816
DIAMONDS TWO DIAMONDS JACK,0.637,0.0036,0.3594
SPADES SEVEN HEARTS QUEEN,0.6742,0.0028,0.323
DIAMONDS TWO SPADES NINE,0.6598,0.0024,0.3378
DIAMONDS TWO SPADES EIGHT,0.6678,0.005,0.3272
DIAMONDS TWO SPADES SEVEN,0.6668,0.0028,0.3304
DIAMONDS TWO SPADES SIX,0.6562,0.0028,0.341
DIAMONDS TWO SPADES FIVE,0.6504,0.0032,0.3464
DIAMONDS TWO SPADES FOUR,0.657,0.0048,0.3382
DIAMONDS TWO SPADES THREE,0.6582,0.0056,0.3362
DIAMONDS TWO SPADES TWO,0.4526,0.0072,0.5402
CLUBS NINE DIAMONDS TWO,0.6814,0.0062,0.3124
DIAMONDS TWO CLUBS EIGHT,0.6752,0.0042,0.3206
CLUBS SEVEN DIAMONDS TWO,0.6694,0.0048,0.3258
DIAMONDS TWO CLUBS SIX,0.6596,0.0036,0.3368
DIAMONDS TWO CLUBS FIVE,0.638,0.0068,0.3552
DIAMONDS TWO CLUBS FOUR,0.6488,0.005,0.3462
CLUBS FOUR SPADES FIVE,0.6248,0.0034,0.3718
CLUBS FOUR SPADES FOUR,0.4616,0.0048,0.5336
CLUBS FOUR SPADES THREE,0.6412,0.004,0.3548
CLUBS FOUR SPADES TWO,0.649,0.0066,0.3444
SPADES NINE CLUBS FOUR,0.6706,0.0056,0.3238
SPADES EIGHT CLUBS FOUR,0.6612,0.0036,0.3352
SPADES SEVEN CLUBS FOUR,0.6516,0.0066,0.3418
CLUBS FOUR SPADES SIX,0.636,0.0038,0.3602
SPADES ACE DIAMONDS SIX,0.7128,0.0436,0.2436
SPADES QUEEN DIAMONDS SIX,0.6748,0.0032,0.322
SPADES KING DIAMONDS SIX,0.754,0.0098,0.2362
SPADES TEN DIAMONDS SIX,0.656,0.0044,0.3396
SPADES JACK DIAMONDS SIX,0.6736,0.0026,0.3238
SPADES QUEEN SPADES TWO,0.6512,0.0018,0.347
SPADES KING SPADES TWO,0.721,0.0118,0.2672
SPADES ACE SPADES TWO,0.6604,0.0458,0.2938
DIAMONDS JACK CLUBS JACK,0.4346,0.0038,0.5616
CLUBS TEN DIAMONDS JACK,0.6232,0.0044,0.3724
DIAMONDS JACK CLUBS KING,0.7522,0.0102,0.2376
DIAMONDS JACK CLUBS QUEEN,0.6448,0.0062,0.349
DIAMONDS THREE DIAMONDS JACK,0.6288,0.0046,0.3666
DIAMONDS THREE DIAMONDS TEN,0.6204,0.0048,0.3748
DIAMONDS THREE DIAMONDS KING,0.7136,0.014,0.2724
HEARTS THREE DIAMONDS THREE,0.4746,0.004,0.5214
DIAMONDS THREE DIAMONDS QUEEN,0.63,0.0034,0.3666
DIAMONDS THREE HEARTS TWO,0.6654,0.0062,0.3284
HEARTS FIVE DIAMONDS THREE,0.6338,0.005,0.3612
DIAMONDS THREE DIAMONDS ACE,0.6442,0.0486,0.3072
HEARTS FOUR DIAMONDS THREE,0.6438,0.0054,0.3508
DIAMONDS THREE HEARTS SEVEN,0.662,0.0044,0.3336
SPADES TEN SPADES NINE,0.588,0.0042,0.4078
HEARTS SIX DIAMONDS THREE,0.6566,0.0048,0.3386
SPADES JACK SPADES NINE,0.6078,0.005,0.3872
DIAMONDS THREE HEARTS NINE,0.6698,0.0054,0.3248
HEARTS JACK DIAMONDS FOUR,0.6818,0.004,0.3142
SPADES TEN SPADES TWO,0.6224,0.0044,0.3732
DIAMONDS THREE HEARTS EIGHT,0.6692,0.0064,0.3244
HEARTS TEN DIAMONDS FOUR,0.6576,0.0038,0.3386
SPADES JACK SPADES TWO,0.637,0.0042,0.3588
HEARTS QUEEN DIAMONDS FOUR,0.6784,0.005,0.3166
SPADES ACE SPADES NINE,0.6558,0.0474,0.2968
HEARTS ACE DIAMONDS FOUR,0.692,0.0514,0.2566
SPADES KING SPADES NINE,0.7204,0.0122,0.2674
SPADES QUEEN SPADES NINE,0.6022,0.0044,0.3934
DIAMONDS THREE SPADES NINE,0.6682,0.0028,0.329
DIAMONDS THREE SPADES EIGHT,0.6654,0.004,0.3306
DIAMONDS THREE SPADES SEVEN,0.6518,0.004,0.3442
DIAMONDS THREE SPADES SIX,0.649,0.0044,0.3466
DIAMONDS THREE CLUBS SIX,0.655,0.0044,0.3406
CLUBS FIVE CLUBS SIX,0.5988,0.0046,0.3966
CLUBS SEVEN DIAMONDS THREE,0.671,0.0044,0.3246
CLUBS SEVEN CLUBS FIVE,0.5844,0.006,0.4096
DIAMONDS THREE CLUBS FOUR,0.6434,0.0048,0.3518
DIAMONDS FOUR CLUBS QUEEN,0.6704,0.0064,0.3232
DIAMONDS THREE CLUBS FIVE,0.6258,0.0054,0.3688
CLUBS KING DIAMONDS FOUR,0.7676,0.0122,0.2202
DIAMONDS THREE CLUBS TWO,0.6484,0.0072,0.3444
CLUBS TEN DIAMONDS FOUR,0.6822,0.0036,0.3142
DIAMONDS THREE CLUBS THREE,0.4778,0.005,0.5172
DIAMONDS FOUR CLUBS JACK,0.6658,0.0066,0.3276
DIAMONDS THREE SPADES FOUR,0.6328,0.0038,0.3634
DIAMONDS THREE SPADES FIVE,0.6298,0.0038,0.3664
DIAMONDS THREE SPADES TWO,0.662,0.006,0.332
DIAMONDS THREE SPADES THREE,0.4558,0.0042,0.54
CLUBS EIGHT DIAMONDS THREE,0.6788,0.0046,0.3166
CLUBS NINE DIAMONDS THREE,0.6866,0.006,0.3074
SPADES SEVEN CLUBS QUEEN,0.673,0.0046,0.3224
SPADES SEVEN CLUBS KING,0.754,0.0112,0.2348
CLUBS FIVE SPADES SEVEN,0.6396,0.0048,0.3556
CLUBS TEN SPADES SEVEN,0.6394,0.0036,0.357
CLUBS FIVE SPADES SIX,0.6256,0.0034,0.371
SPADES SEVEN CLUBS JACK,0.6704,0.0026,0.327
CLUBS FIVE SPADES NINE,0.6558,0.0046,0.3396
CLUBS FIVE SPADES EIGHT,0.6518,0.0044,0.3438
CLUBS FIVE SPADES THREE,0.6328,0.0046,0.3626
CLUBS FIVE SPADES TWO,0.6424,0.0074,0.3502
CLUBS FIVE SPADES FIVE,0.4664,0.0044,0.5292
CLUBS FIVE SPADES FOUR,0.6244,0.0048,0.3708
CLUBS NINE CLUBS FIVE,0.622,0.0054,0.3726
CLUBS EIGHT CLUBS FIVE,0.6108,0.0062,0.383
CLUBS KING CLUBS QUEEN,0.7148,0.0104,0.2748
DIAMONDS TEN DIAMONDS FOUR,0.6354,0.0038,0.3608
CLUBS TEN DIAMONDS NINE,0.6316,0.005,0.3634
DIAMONDS JACK DIAMONDS FOUR,0.6314,0.0038,0.3648
DIAMONDS NINE CLUBS JACK,0.6318,0.0062,0.362
SPADES NINE CLUBS JACK,0.6288,0.005,0.3662
CLUBS TEN SPADES NINE,0.6286,0.0026,0.3688
DIAMONDS ACE DIAMONDS FOUR,0.6426,0.0468,0.3106
HEARTS FOUR DIAMONDS FOUR,0.4768,0.0036,0.5196
DIAMONDS JACK HEARTS TEN,0.633,0.0044,0.3626
SPADES NINE CLUBS KING,0.7624,0.0136,0.224
DIAMONDS TWO SPADES TEN,0.665,0.005,0.33
HEARTS FIVE DIAMONDS FOUR,0.6156,0.0034,0.381
HEARTS JACK DIAMONDS JACK,0.4426,0.0036,0.5538
SPADES NINE CLUBS QUEEN,0.657,0.0056,0.3374
DIAMONDS TWO SPADES JACK,0.6788,0.0068,0.3144
DIAMONDS QUEEN DIAMONDS FOUR,0.634,0.0038,0.3622
HEARTS TWO DIAMONDS FOUR,0.6522,0.0038,0.344
DIAMONDS NINE CLUBS QUEEN,0.6502,0.003,0.3468
DIAMONDS KING DIAMONDS FOUR,0.7054,0.0126,0.282
HEARTS THREE DIAMONDS FOUR,0.6442,0.0062,0.3496
DIAMONDS NINE CLUBS KING,0.7686,0.0124,0.219
HEARTS ACE DIAMONDS JACK,0.6888,0.0498,0.2614
SPADES ACE DIAMONDS TWO,0.6994,0.0492,0.2514
DIAMONDS JACK HEARTS QUEEN,0.6244,0.005,0.3706
SPADES QUEEN DIAMONDS TWO,0.6708,0.0048,0.3244
SPADES KING DIAMONDS TWO,0.762,0.014,0.224
SPADES JACK SPADES SEVEN,0.618,0.004,0.378
SPADES TEN SPADES SEVEN,0.6092,0.0016,0.3892
CLUBS SEVEN CLUBS THREE,0.6234,0.0048,0.3718
CLUBS SIX CLUBS THREE,0.628,0.0068,0.3652
CLUBS FIVE CLUBS THREE,0.6056,0.0074,0.387
CLUBS THREE CLUBS FOUR,0.618,0.007,0.375
CLUBS NINE CLUBS THREE,0.6466,0.0056,0.3478
CLUBS EIGHT CLUBS THREE,0.638,0.0078,0.3542
CLUBS THREE SPADES FIVE,0.6308,0.0072,0.362
CLUBS THREE SPADES FOUR,0.6352,0.0052,0.3596
CLUBS THREE SPADES THREE,0.4722,0.006,0.5218
CLUBS THREE SPADES TWO,0.6582,0.0066,0.3352
CLUBS THREE SPADES SIX,0.6516,0.0052,0.3432
CLUBS THREE SPADES SEVEN,0.656,0.0038,0.3402
SPADES EIGHT CLUBS THREE,0.671,0.0046,0.3244
SPADES NINE CLUBS THREE,0.6864,0.0044,0.3092
SPADES TWO DIAMONDS FOUR,0.6618,0.0046,0.3336
SPADES THREE DIAMONDS FOUR,0.6324,0.0052,0.3624
SPADES FOUR DIAMONDS FOUR,0.4796,0.004,0.5164
SPADES FIVE DIAMONDS FOUR,0.6294,0.0036,0.367
SPADES SIX DIAMONDS FOUR,0.6248,0.004,0.3712
SPADES SEVEN DIAMONDS FOUR,0.6442,0.003,0.3528
SPADES EIGHT DIAMONDS FOUR,0.6572,0.0044,0.3384
SPADES NINE DIAMONDS FOUR,0.6616,0.0036,0.3348
CLUBS FIVE DIAMONDS FOUR,0.6282,0.0042,0.3676
CLUBS FOUR DIAMONDS FOUR,0.4838,0.0048,0.5114
CLUBS SEVEN DIAMONDS FOUR,0.6516,0.0036,0.3448
CLUBS SIX DIAMONDS FOUR,0.6388,0.0036,0.3576
CLUBS NINE DIAMONDS FOUR,0.6604,0.0052,0.3344
CLUBS EIGHT DIAMONDS FOUR,0.6676,0.0034,0.329
DIAMONDS FOUR HEARTS SEVEN,0.6462,0.0042,0.3496
HEARTS SIX DIAMONDS FOUR,0.6448,0.0058,0.3494
HEARTS NINE DIAMONDS FOUR,0.677,0.0048,0.3182
DIAMONDS FOUR HEARTS EIGHT,0.666,0.0024,0.3316
CLUBS THREE DIAMONDS FOUR,0.645,0.0048,0.3502
CLUBS TWO DIAMONDS FOUR,0.6496,0.0042,0.3462
DIAMONDS TEN DIAMONDS FIVE,0.6348,0.004,0.3612
DIAMONDS JACK DIAMONDS FIVE,0.626,0.0036,0.3704
DIAMONDS NINE HEARTS QUEEN,0.6458,0.0048,0.3494
HEARTS ACE DIAMONDS NINE,0.7,0.0558,0.2442
DIAMONDS NINE HEARTS TEN,0.6286,0.0056,0.3658
DIAMONDS NINE HEARTS JACK,0.6474,0.0036,0.349
CLUBS KING DIAMONDS SIX,0.76,0.013,0.227
CLUBS QUEEN DIAMONDS SIX,0.681,0.0034,0.3156
SPADES KING DIAMONDS FOUR,0.7632,0.0142,0.2226
SPADES ACE SPADES SEVEN,0.6576,0.0452,0.2972
SPADES QUEEN DIAMONDS FOUR,0.6774,0.0046,0.318
SPADES QUEEN SPADES SEVEN,0.64,0.0034,0.3566
CLUBS JACK DIAMONDS SIX,0.6866,0.0036,0.3098
SPADES KING SPADES SEVEN,0.7004,0.0132,0.2864
SPADES ACE DIAMONDS FOUR,0.6938,0.0478,0.2584
CLUBS TEN DIAMONDS SIX,0.6492,0.0042,0.3466
CLUBS NINE CLUBS FOUR,0.6426,0.0056,0.3518
CLUBS EIGHT CLUBS FOUR,0.6328,0.0036,0.3636
SPADES JACK DIAMONDS FOUR,0.6632,0.0044,0.3324
SPADES TEN DIAMONDS FOUR,0.6738,0.0036,0.3226
CLUBS FIVE CLUBS FOUR,0.5964,0.005,0.3986
CLUBS SEVEN CLUBS FOUR,0.6256,0.0052,0.3692
CLUBS SIX CLUBS FOUR,0.5992,0.0044,0.3964
CLUBS SEVEN SPADES EIGHT,0.6272,0.003,0.3698
CLUBS SEVEN SPADES NINE,0.6488,0.004,0.3472
CLUBS SEVEN SPADES SIX,0.6292,0.003,0.3678
CLUBS SEVEN SPADES SEVEN,0.4672,0.0022,0.5306
CLUBS SEVEN SPADES FIVE,0.6352,0.0042,0.3606
CLUBS SEVEN SPADES FOUR,0.6516,0.005,0.3434
CLUBS SEVEN SPADES THREE,0.6484,0.0048,0.3468
CLUBS SEVEN SPADES TWO,0.6716,0.0046,0.3238
CLUBS NINE CLUBS SEVEN,0.6088,0.0056,0.3856
CLUBS SEVEN CLUBS EIGHT,0.6188,0.0034,0.3778
HEARTS SIX DIAMONDS FIVE,0.6258,0.0052,0.369
DIAMONDS FIVE HEARTS SEVEN,0.6236,0.0052,0.3712
DIAMONDS FIVE HEARTS EIGHT,0.6382,0.0044,0.3574
HEARTS NINE DIAMONDS FIVE,0.6638,0.0034,0.3328
DIAMONDS QUEEN DIAMONDS FIVE,0.6338,0.0054,0.3608
HEARTS TWO DIAMONDS FIVE,0.6598,0.0064,0.3338
DIAMONDS KING DIAMONDS FIVE,0.7016,0.0144,0.284
HEARTS THREE DIAMONDS FIVE,0.633,0.0056,0.3614
HEARTS QUEEN HEARTS EIGHT,0.6446,0.0042,0.3512
DIAMONDS ACE DIAMONDS FIVE,0.648,0.0442,0.3078
HEARTS FOUR DIAMONDS FIVE,0.614,0.0038,0.3822
HEARTS FIVE DIAMONDS FIVE,0.4742,0.0042,0.5216
HEARTS ACE HEARTS EIGHT,0.6782,0.0464,0.2754
CLUBS FOUR DIAMONDS FIVE,0.622,0.0048,0.3732
CLUBS FIVE DIAMONDS FIVE,0.4712,0.0032,0.5256
CLUBS SIX DIAMONDS FIVE,0.6238,0.0042,0.372
CLUBS SEVEN DIAMONDS FIVE,0.647,0.0044,0.3486
CLUBS TWO DIAMONDS FIVE,0.6432,0.0062,0.3506
CLUBS THREE DIAMONDS FIVE,0.6484,0.003,0.3486
SPADES THREE DIAMONDS FIVE,0.6336,0.005,0.3614
SPADES TWO DIAMONDS FIVE,0.6414,0.0048,0.3538
SPADES JACK DIAMONDS EIGHT,0.6432,0.0034,0.3534
SPADES FIVE DIAMONDS FIVE,0.4532,0.003,0.5438
CLUBS TEN HEARTS JACK,0.6378,0.0048,0.3574
SPADES TEN DIAMONDS EIGHT,0.639,0.0028,0.3582
SPADES FOUR DIAMONDS FIVE,0.6078,0.005,0.3872
HEARTS JACK CLUBS JACK,0.448,0.0044,0.5476
HEARTS JACK CLUBS QUEEN,0.6492,0.0036,0.3472
CLUBS NINE DIAMONDS FIVE,0.6576,0.005,0.3374
HEARTS JACK CLUBS KING,0.7542,0.0136,0.2322
CLUBS EIGHT DIAMONDS FIVE,0.6402,0.0042,0.3556
SPADES SEVEN DIAMONDS FIVE,0.6112,0.004,0.3848
SPADES KING DIAMONDS EIGHT,0.7608,0.0096,0.2296
SPADES QUEEN DIAMONDS EIGHT,0.6536,0.004,0.3424
SPADES SIX DIAMONDS FIVE,0.6114,0.0036,0.385
SPADES NINE DIAMONDS FIVE,0.6622,0.005,0.3328
SPADES EIGHT DIAMONDS FIVE,0.6342,0.0036,0.3622
SPADES ACE DIAMONDS EIGHT,0.7082,0.049,0.2428
DIAMONDS TEN DIAMONDS SIX,0.615,0.0026,0.3824
HEARTS ACE DIAMONDS SEVEN,0.7002,0.0532,0.2466
DIAMONDS JACK DIAMONDS SIX,0.6326,0.0046,0.3628
HEARTS QUEEN DIAMONDS SEVEN,0.6742,0.003,0.3228
DIAMONDS ACE DIAMONDS SIX,0.6624,0.0436,0.294
HEARTS FOUR DIAMONDS SIX,0.6484,0.0044,0.3472
HEARTS JACK SPADES TWO,0.6812,0.0072,0.3116
HEARTS FIVE DIAMONDS SIX,0.6216,0.0044,0.374
SPADES TWO HEARTS TEN,0.6758,0.0054,0.3188
DIAMONDS QUEEN DIAMONDS SIX,0.6386,0.0032,0.3582
HEARTS TWO DIAMONDS SIX,0.67,0.0028,0.3272
DIAMONDS KING DIAMONDS SIX,0.7142,0.011,0.2748
HEARTS THREE DIAMONDS SIX,0.651,0.0058,0.3432
HEARTS EIGHT DIAMONDS SIX,0.6322,0.0028,0.365
HEARTS NINE DIAMONDS SIX,0.6502,0.0042,0.3456
HEARTS SIX DIAMONDS SIX,0.477,0.004,0.519
HEARTS SEVEN DIAMONDS SIX,0.6238,0.005,0.3712
HEARTS TEN DIAMONDS SEVEN,0.651,0.0034,0.3456
CLUBS TWO DIAMONDS SIX,0.6678,0.0036,0.3286
HEARTS JACK DIAMONDS SEVEN,0.6652,0.0052,0.3296
CLUBS THREE DIAMONDS SIX,0.6678,0.0046,0.3276
CLUBS SEVEN DIAMONDS SIX,0.6286,0.005,0.3664
DIAMONDS EIGHT CLUBS JACK,0.658,0.0044,0.3376
CLUBS SIX DIAMONDS SIX,0.4698,0.0036,0.5266
CLUBS TEN DIAMONDS EIGHT,0.6338,0.0054,0.3608
CLUBS FIVE DIAMONDS SIX,0.6222,0.0036,0.3742
CLUBS FOUR DIAMONDS SIX,0.6378,0.004,0.3582
HEARTS ACE HEARTS JACK,0.666,0.0438,0.2902
HEARTS JACK HEARTS QUEEN,0.6098,0.0042,0.386
DIAMONDS EIGHT CLUBS KING,0.755,0.011,0.234
CLUBS NINE DIAMONDS SIX,0.6372,0.0034,0.3594
DIAMONDS EIGHT CLUBS QUEEN,0.671,0.0034,0.3256
CLUBS EIGHT DIAMONDS SIX,0.6392,0.0044,0.3564
SPADES FIVE DIAMONDS SIX,0.6242,0.0038,0.372
HEARTS ACE SPADES TWO,0.6974,0.0492,0.2534
SPADES FOUR DIAMONDS SIX,0.6286,0.0034,0.368
SPADES THREE DIAMONDS SIX,0.6456,0.0048,0.3496
HEARTS QUEEN SPADES TWO,0.6886,0.0064,0.305
SPADES ACE SPADES KING,0.0248,0.9002,0.075
SPADES TWO DIAMONDS SIX,0.6616,0.0044,0.334
HEARTS TEN HEARTS EIGHT,0.6028,0.0044,0.3928
SPADES NINE DIAMONDS SIX,0.6518,0.0024,0.3458
HEARTS JACK HEARTS EIGHT,0.6296,0.0046,0.3658
SPADES EIGHT DIAMONDS SIX,0.6304,0.0024,0.3672
SPADES SEVEN DIAMONDS SIX,0.6242,0.0032,0.3726
SPADES SIX DIAMONDS SIX,0.4692,0.0032,0.5276
SPADES ACE HEARTS JACK,0.7076,0.0506,0.2418
SPADES QUEEN HEARTS JACK,0.645,0.0048,0.3502
SPADES KING HEARTS JACK,0.7336,0.0116,0.2548
SPADES TEN DIAMONDS TEN,0.4254,0.003,0.5716
SPADES JACK DIAMONDS TEN,0.621,0.0028,0.3762
SPADES ACE DIAMONDS TEN,0.7054,0.0474,0.2472
SPADES JACK HEARTS JACK,0.4374,0.004,0.5586
SPADES TEN HEARTS JACK,0.6394,0.0046,0.356
SPADES QUEEN DIAMONDS TEN,0.6508,0.002,0.3472
SPADES KING DIAMONDS TEN,0.7386,0.0112,0.2502
SPADES NINE DIAMONDS SEVEN,0.6186,0.0044,0.377
SPADES EIGHT DIAMONDS SEVEN,0.6078,0.0022,0.39
SPADES SEVEN DIAMONDS SEVEN,0.4638,0.0022,0.534
SPADES SIX DIAMONDS SEVEN,0.6244,0.0054,0.3702
DIAMONDS KING DIAMONDS SEVEN,0.718,0.011,0.271
HEARTS THREE DIAMONDS SEVEN,0.6448,0.0032,0.352
DIAMONDS QUEEN DIAMONDS SEVEN,0.6324,0.0038,0.3638
HEARTS TWO DIAMONDS SEVEN,0.674,0.0036,0.3224
HEARTS QUEEN DIAMONDS FIVE,0.6822,0.0044,0.3134
HEARTS FIVE DIAMONDS SEVEN,0.632,0.0052,0.3628
DIAMONDS ACE DIAMONDS SEVEN,0.6608,0.043,0.2962
HEARTS FOUR DIAMONDS SEVEN,0.6588,0.0052,0.336
HEARTS ACE DIAMONDS FIVE,0.6926,0.0506,0.2568
HEARTS SEVEN DIAMONDS SEVEN,0.472,0.0036,0.5244
HEARTS SIX DIAMONDS SEVEN,0.6338,0.0044,0.3618
HEARTS NINE DIAMONDS SEVEN,0.6314,0.0038,0.3648
DIAMONDS SEVEN HEARTS EIGHT,0.6298,0.0042,0.366
DIAMONDS JACK DIAMONDS SEVEN,0.6126,0.0028,0.3846
HEARTS JACK DIAMONDS FIVE,0.6658,0.0052,0.329
DIAMONDS TEN DIAMONDS SEVEN,0.6138,0.0034,0.3828
DIAMONDS FIVE HEARTS TEN,0.6726,0.005,0.3224
SPADES KING CLUBS TWO,0.7644,0.0148,0.2208
CLUBS EIGHT DIAMONDS SEVEN,0.624,0.0026,0.3734
SPADES QUEEN CLUBS TWO,0.6786,0.0044,0.317
CLUBS NINE DIAMONDS SEVEN,0.6316,0.0026,0.3658
SPADES TWO CLUBS JACK,0.6856,0.005,0.3094
SPADES ACE CLUBS TWO,0.6986,0.05,0.2514
CLUBS TEN SPADES TWO,0.6738,0.0058,0.3204
CLUBS SEVEN CLUBS SIX,0.6092,0.0044,0.3864
SPADES TWO CLUBS KING,0.7716,0.0128,0.2156
SPADES TWO DIAMONDS SEVEN,0.6594,0.0058,0.3348
CLUBS EIGHT CLUBS SIX,0.6184,0.0048,0.3768
SPADES THREE DIAMONDS SEVEN,0.6462,0.0018,0.352
SPADES TWO CLUBS QUEEN,0.692,0.0042,0.3038
CLUBS NINE CLUBS SIX,0.6214,0.0038,0.3748
SPADES FOUR DIAMONDS SEVEN,0.6442,0.0028,0.353
SPADES FIVE DIAMONDS SEVEN,0.6282,0.0052,0.3666
CLUBS SIX SPADES TWO,0.6664,0.0064,0.3272
CLUBS SIX SPADES THREE,0.6546,0.005,0.3404
CLUBS TWO DIAMONDS SEVEN,0.6906,0.0034,0.306
CLUBS SIX SPADES FOUR,0.637,0.0054,0.3576
CLUBS THREE DIAMONDS SEVEN,0.6582,0.0038,0.338
CLUBS SIX SPADES FIVE,0.6248,0.0048,0.3704
CLUBS FOUR DIAMONDS SEVEN,0.6472,0.0042,0.3486
CLUBS SIX SPADES SIX,0.4814,0.0034,0.5152
CLUBS FIVE DIAMONDS SEVEN,0.6414,0.004,0.3546
CLUBS SIX SPADES SEVEN,0.6214,0.004,0.3746
CLUBS SIX DIAMONDS SEVEN,0.6276,0.004,0.3684
CLUBS SIX SPADES EIGHT,0.644,0.004,0.352
SPADES JACK CLUBS TWO,0.6718,0.0062,0.322
CLUBS SEVEN DIAMONDS SEVEN,0.4616,0.0042,0.5342
SPADES NINE CLUBS SIX,0.6484,0.0044,0.3472
SPADES TEN CLUBS TWO,0.6874,0.0044,0.3082
CLUBS TWO CLUBS QUEEN,0.645,0.0078,0.3472
CLUBS TWO CLUBS KING,0.7362,0.0144,0.2494
CLUBS THREE DIAMONDS EIGHT,0.6776,0.0046,0.3178
CLUBS TWO DIAMONDS EIGHT,0.6784,0.0044,0.3172
DIAMONDS EIGHT HEARTS SEVEN,0.6204,0.0038,0.3758
HEARTS SIX DIAMONDS EIGHT,0.6306,0.0056,0.3638
DIAMONDS EIGHT HEARTS NINE,0.6488,0.004,0.3472
CLUBS TEN CLUBS TWO,0.6554,0.0062,0.3384
DIAMONDS EIGHT HEARTS EIGHT,0.4652,0.0048,0.53
CLUBS TWO CLUBS JACK,0.6472,0.005,0.3478
CLUBS NINE DIAMONDS EIGHT,0.6442,0.004,0.3518
CLUBS EIGHT DIAMONDS EIGHT,0.466,0.0036,0.5304
CLUBS FIVE DIAMONDS EIGHT,0.6414,0.0054,0.3532
SPADES ACE SPADES THREE,0.6448,0.0508,0.3044
CLUBS FOUR DIAMONDS EIGHT,0.6552,0.0054,0.3394
CLUBS SEVEN DIAMONDS EIGHT,0.6218,0.003,0.3752
SPADES QUEEN SPADES THREE,0.6344,0.0056,0.36
CLUBS SIX DIAMONDS EIGHT,0.642,0.0044,0.3536
SPADES KING SPADES THREE,0.7094,0.012,0.2786
DIAMONDS QUEEN DIAMONDS EIGHT,0.6198,0.0044,0.3758
HEARTS TWO DIAMONDS EIGHT,0.6684,0.0046,0.327
DIAMONDS KING DIAMONDS EIGHT,0.712,0.0118,0.2762
HEARTS THREE DIAMONDS EIGHT,0.669,0.003,0.328
DIAMONDS ACE DIAMONDS EIGHT,0.6722,0.0428,0.285
HEARTS FOUR DIAMONDS EIGHT,0.653,0.0028,0.3442
HEARTS FIVE DIAMONDS EIGHT,0.6468,0.0048,0.3484
DIAMONDS EIGHT DIAMONDS TEN,0.601,0.0024,0.3966
DIAMONDS EIGHT DIAMONDS JACK,0.6034,0.0048,0.3918
SPADES JACK SPADES THREE,0.6418,0.0044,0.3538
SPADES TEN SPADES THREE,0.639,0.0034,0.3576
CLUBS FOUR HEARTS ACE,0.6898,0.053,0.2572
CLUBS FOUR HEARTS QUEEN,0.6858,0.0058,0.3084
CLUBS SIX HEARTS TEN,0.6746,0.0048,0.3206
CLUBS SIX HEARTS JACK,0.6864,0.0046,0.309
DIAMONDS EIGHT SPADES FOUR,0.6598,0.0038,0.3364
SPADES FIVE DIAMONDS EIGHT,0.6366,0.003,0.3604
DIAMONDS EIGHT SPADES TWO,0.6782,0.0034,0.3184
DIAMONDS EIGHT SPADES THREE,0.6692,0.0046,0.3262
CLUBS FOUR HEARTS JACK,0.6854,0.0046,0.31
SPADES EIGHT DIAMONDS EIGHT,0.4576,0.0024,0.54
SPADES TEN DIAMONDS QUEEN,0.6342,0.0034,0.3624
SPADES TEN HEARTS TWO,0.6746,0.0078,0.3176
SPADES JACK HEARTS EIGHT,0.652,0.0034,0.3446
CLUBS FOUR HEARTS TEN,0.6806,0.005,0.3144
SPADES NINE DIAMONDS EIGHT,0.6354,0.0042,0.3604
SPADES TEN HEARTS EIGHT,0.6392,0.0042,0.3566
SPADES JACK HEARTS TWO,0.6788,0.0034,0.3178
SPADES JACK DIAMONDS QUEEN,0.6472,0.004,0.3488
SPADES SIX DIAMONDS EIGHT,0.6466,0.0044,0.349
SPADES SEVEN DIAMONDS EIGHT,0.6058,0.005,0.3892
SPADES ACE HEARTS TWO,0.7088,0.0488,0.2424
SPADES ACE DIAMONDS QUEEN,0.7096,0.0432,0.2472
SPADES ACE HEARTS EIGHT,0.705,0.0514,0.2436
SPADES KING HEARTS EIGHT,0.763,0.0106,0.2264
SPADES QUEEN HEARTS TWO,0.6756,0.0038,0.3206
SPADES QUEEN DIAMONDS QUEEN,0.4286,0.0038,0.5676
SPADES KING DIAMONDS QUEEN,0.7478,0.0102,0.242
SPADES KING HEARTS TWO,0.7672,0.0132,0.2196
SPADES QUEEN HEARTS EIGHT,0.6656,0.0036,0.3308
CLUBS TWO HEARTS TEN,0.6876,0.0058,0.3066
CLUBS TWO HEARTS JACK,0.6766,0.0058,0.3176
SPADES SEVEN DIAMONDS NINE,0.6472,0.0018,0.351
SPADES SIX DIAMONDS NINE,0.6418,0.002,0.3562
SPADES NINE DIAMONDS NINE,0.453,0.0016,0.5454
SPADES EIGHT DIAMONDS NINE,0.6412,0.0036,0.3552
SPADES TEN CLUBS KING,0.7506,0.0124,0.237
DIAMONDS NINE SPADES THREE,0.6648,0.0038,0.3314
SPADES JACK CLUBS KING,0.7526,0.012,0.2354
DIAMONDS NINE SPADES TWO,0.6672,0.0036,0.3292
DIAMONDS NINE SPADES FIVE,0.6584,0.0042,0.3374
DIAMONDS NINE SPADES FOUR,0.672,0.004,0.324
CLUBS NINE DIAMONDS NINE,0.4614,0.004,0.5346
CLUBS EIGHT DIAMONDS NINE,0.6402,0.0048,0.355
CLUBS SIX DIAMONDS NINE,0.6518,0.005,0.3432
SPADES JACK CLUBS FOUR,0.6848,0.0038,0.3114
CLUBS SEVEN DIAMONDS NINE,0.6294,0.0046,0.366
SPADES TEN CLUBS FOUR,0.6814,0.005,0.3136
CLUBS FOUR DIAMONDS NINE,0.6718,0.0044,0.3238
CLUBS FIVE DIAMONDS NINE,0.664,0.0046,0.3314
DIAMONDS NINE CLUBS TWO,0.6732,0.0054,0.3214
CLUBS THREE DIAMONDS NINE,0.6648,0.005,0.3302
DIAMONDS NINE HEARTS EIGHT,0.6444,0.003,0.3526
DIAMONDS NINE HEARTS NINE,0.4658,0.004,0.5302
HEARTS SIX DIAMONDS NINE,0.6468,0.0028,0.3504
DIAMONDS NINE HEARTS SEVEN,0.6278,0.004,0.3682
CLUBS NINE CLUBS EIGHT,0.6128,0.0058,0.3814
DIAMONDS ACE DIAMONDS NINE,0.6664,0.043,0.2906
HEARTS FOUR DIAMONDS NINE,0.6694,0.0038,0.3268
HEARTS FIVE DIAMONDS NINE,0.6684,0.0048,0.3268
HEARTS ACE CLUBS TWO,0.6902,0.052,0.2578
SPADES ACE CLUBS FOUR,0.719,0.0412,0.2398
DIAMONDS QUEEN DIAMONDS NINE,0.6118,0.0048,0.3834
HEARTS TWO DIAMONDS NINE,0.674,0.0048,0.3212
SPADES KING CLUBS FOUR,0.7666,0.0116,0.2218
DIAMONDS KING DIAMONDS NINE,0.7108,0.0132,0.276
HEARTS THREE DIAMONDS NINE,0.6774,0.004,0.3186
CLUBS TWO HEARTS QUEEN,0.6782,0.0046,0.3172
SPADES QUEEN CLUBS FOUR,0.6786,0.0054,0.316
DIAMONDS NINE DIAMONDS JACK,0.5992,0.0028,0.398
CLUBS EIGHT SPADES NINE,0.6474,0.004,0.3486
DIAMONDS NINE DIAMONDS TEN,0.5962,0.0042,0.3996
CLUBS EIGHT SPADES EIGHT,0.4616,0.0036,0.5348
CLUBS EIGHT SPADES SEVEN,0.6066,0.0038,0.3896
CLUBS EIGHT SPADES SIX,0.633,0.0036,0.3634
CLUBS EIGHT SPADES FIVE,0.6404,0.004,0.3556
CLUBS EIGHT SPADES FOUR,0.662,0.004,0.334
CLUBS EIGHT SPADES THREE,0.6702,0.0054,0.3244
CLUBS EIGHT SPADES TWO,0.6692,0.005,0.3258
HEARTS SIX DIAMONDS TEN,0.658,0.004,0.338
DIAMONDS TEN HEARTS SEVEN,0.659,0.0034,0.3376
DIAMONDS TEN HEARTS EIGHT,0.657,0.0032,0.3398
CLUBS FOUR CLUBS JACK,0.6492,0.0052,0.3456
DIAMONDS TEN HEARTS NINE,0.6158,0.0034,0.3808
CLUBS TEN CLUBS FOUR,0.6314,0.0052,0.3634
CLUBS FOUR CLUBS KING,0.7144,0.012,0.2736
CLUBS FOUR CLUBS QUEEN,0.6464,0.0054,0.3482
CLUBS TWO DIAMONDS TEN,0.6868,0.0038,0.3094
CLUBS THREE DIAMONDS TEN,0.6682,0.0058,0.326
DIAMONDS JACK DIAMONDS TEN,0.5906,0.0038,0.4056
DIAMONDS QUEEN DIAMONDS TEN,0.601,0.005,0.394
HEARTS TWO DIAMONDS TEN,0.675,0.0052,0.3198
DIAMONDS KING DIAMONDS TEN,0.6954,0.012,0.2926
HEARTS THREE DIAMONDS TEN,0.6812,0.0054,0.3134
DIAMONDS ACE DIAMONDS TEN,0.66,0.049,0.291
HEARTS FOUR DIAMONDS TEN,0.6608,0.003,0.3362
CLUBS EIGHT HEARTS JACK,0.6588,0.0064,0.3348
HEARTS FIVE DIAMONDS TEN,0.6742,0.0058,0.32
CLUBS EIGHT HEARTS TEN,0.6332,0.0058,0.361
CLUBS EIGHT HEARTS QUEEN,0.66,0.0058,0.3342
CLUBS EIGHT HEARTS ACE,0.709,0.0464,0.2446
CLUBS NINE SPADES THREE,0.665,0.0056,0.3294
CLUBS NINE SPADES TWO,0.6742,0.0054,0.3204
CLUBS NINE SPADES FIVE,0.6646,0.0032,0.3322
CLUBS NINE SPADES FOUR,0.6724,0.0046,0.323
CLUBS NINE SPADES SEVEN,0.641,0.0042,0.3548
CLUBS NINE SPADES SIX,0.6692,0.0028,0.328
CLUBS NINE SPADES NINE,0.4634,0.0046,0.532
CLUBS TEN HEARTS EIGHT,0.6414,0.0048,0.3538
CLUBS NINE SPADES EIGHT,0.6376,0.0038,0.3586
CLUBS JACK HEARTS EIGHT,0.6628,0.0056,0.3316
CLUBS QUEEN HEARTS EIGHT,0.6734,0.0044,0.3222
CLUBS KING HEARTS EIGHT,0.7684,0.0116,0.22
SPADES KING CLUBS KING,0.284,0.0122,0.7038
SPADES QUEEN CLUBS KING,0.744,0.0116,0.2444
SPADES ACE CLUBS KING,0.0176,0.9738,0.0086
DIAMONDS ACE HEARTS TEN,0.7074,0.0442,0.2484
HEARTS FOUR HEARTS TEN,0.6434,0.0052,0.3514
DIAMONDS ACE HEARTS JACK,0.7116,0.0464,0.242
HEARTS FOUR HEARTS JACK,0.6474,0.0048,0.3478
SPADES KING CLUBS FIVE,0.7564,0.0146,0.229
SPADES QUEEN CLUBS FIVE,0.672,0.0052,0.3228
SPADES ACE CLUBS FIVE,0.687,0.0522,0.2608
DIAMONDS JACK HEARTS SEVEN,0.6624,0.0042,0.3334
HEARTS SIX DIAMONDS JACK,0.668,0.0042,0.3278
DIAMONDS JACK HEARTS NINE,0.63,0.0048,0.3652
DIAMONDS JACK HEARTS EIGHT,0.65,0.0034,0.3466
DIAMONDS KING DIAMONDS JACK,0.7002,0.0108,0.289
HEARTS THREE DIAMONDS JACK,0.669,0.0056,0.3254
SPADES ACE SPADES SIX,0.6592,0.0422,0.2986
HEARTS ACE SPADES FOUR,0.6722,0.0494,0.2784
DIAMONDS QUEEN DIAMONDS JACK,0.5994,0.0048,0.3958
HEARTS TWO DIAMONDS JACK,0.6684,0.006,0.3256
HEARTS FIVE DIAMONDS JACK,0.6732,0.0038,0.323
SPADES QUEEN SPADES SIX,0.6348,0.0044,0.3608
SPADES FOUR HEARTS QUEEN,0.6934,0.005,0.3016
DIAMONDS ACE DIAMONDS JACK,0.6634,0.05,0.2866
HEARTS FOUR DIAMONDS JACK,0.6838,0.0052,0.311
SPADES KING SPADES SIX,0.7028,0.0112,0.286
SPADES TEN SPADES SIX,0.6124,0.0038,0.3838
SPADES JACK SPADES SIX,0.633,0.003,0.364
SPADES FOUR DIAMONDS JACK,0.6802,0.005,0.3148
SPADES FIVE DIAMONDS JACK,0.669,0.0032,0.3278
DIAMONDS JACK SPADES TWO,0.675,0.0042,0.3208
DIAMONDS JACK SPADES THREE,0.6816,0.0054,0.313
SPADES ACE DIAMONDS THREE,0.6928,0.0542,0.253
SPADES QUEEN DIAMONDS THREE,0.6758,0.0052,0.319
CLUBS EIGHT DIAMONDS JACK,0.6594,0.0036,0.337
SPADES KING DIAMONDS THREE,0.758,0.0132,0.2288
CLUBS NINE DIAMONDS JACK,0.6458,0.0032,0.351
CLUBS SIX DIAMONDS JACK,0.6766,0.0042,0.3192
CLUBS SEVEN DIAMONDS JACK,0.667,0.004,0.329
CLUBS FOUR DIAMONDS JACK,0.6672,0.0062,0.3266
CLUBS FIVE DIAMONDS JACK,0.6796,0.003,0.3174
CLUBS TWO DIAMONDS JACK,0.6784,0.0044,0.3172
CLUBS THREE DIAMONDS JACK,0.6814,0.0036,0.315
SPADES TEN CLUBS FIVE,0.6812,0.0044,0.3144
HEARTS SIX SPADES JACK,0.6756,0.0048,0.3196
HEARTS SIX SPADES TEN,0.6768,0.004,0.3192
SPADES JACK CLUBS FIVE,0.6652,0.0046,0.3302
SPADES JACK DIAMONDS THREE,0.6858,0.0036,0.3106
DIAMONDS THREE SPADES TEN,0.669,0.0024,0.3286
CLUBS SEVEN CLUBS QUEEN,0.645,0.0048,0.3502
CLUBS SEVEN CLUBS KING,0.7216,0.0118,0.2666
SPADES NINE DIAMONDS JACK,0.6348,0.0054,0.3598
CLUBS TEN CLUBS SEVEN,0.6188,0.0044,0.3768
DIAMONDS ACE HEARTS ACE,0.0624,0.016,0.9216
HEARTS FOUR HEARTS ACE,0.6652,0.0484,0.2864
SPADES EIGHT DIAMONDS JACK,0.6554,0.004,0.3406
SPADES ACE HEARTS SIX,0.7048,0.0472,0.248
CLUBS SEVEN CLUBS JACK,0.6244,0.0052,0.3704
SPADES SEVEN DIAMONDS JACK,0.6516,0.0022,0.3462
SPADES KING HEARTS SIX,0.763,0.0132,0.2238
DIAMONDS ACE HEARTS QUEEN,0.7144,0.0524,0.2332
HEARTS FOUR HEARTS QUEEN,0.6576,0.0062,0.3362
SPADES QUEEN HEARTS SIX,0.6728,0.0048,0.3224
SPADES SIX DIAMONDS JACK,0.6654,0.0046,0.33
DIAMONDS TEN SPADES TWO,0.6744,0.005,0.3206
SPADES THREE DIAMONDS TEN,0.6678,0.003,0.3292
SPADES FOUR DIAMONDS TEN,0.6688,0.0048,0.3264
SPADES FIVE DIAMONDS TEN,0.6746,0.003,0.3224
SPADES SIX DIAMONDS TEN,0.6532,0.0046,0.3422
SPADES SEVEN DIAMONDS TEN,0.6534,0.002,0.3446
SPADES EIGHT DIAMONDS TEN,0.6398,0.0032,0.357
SPADES NINE DIAMONDS TEN,0.6218,0.0028,0.3754
CLUBS FOUR DIAMONDS TEN,0.6768,0.0022,0.321
CLUBS FIVE DIAMONDS TEN,0.6736,0.0036,0.3228
CLUBS SIX DIAMONDS TEN,0.6654,0.0052,0.3294
CLUBS SEVEN DIAMONDS TEN,0.6446,0.005,0.3504
CLUBS EIGHT DIAMONDS TEN,0.6254,0.0042,0.3704
CLUBS NINE DIAMONDS TEN,0.6322,0.0036,0.3642
DIAMONDS THREE CLUBS JACK,0.672,0.0046,0.3234
CLUBS TEN DIAMONDS THREE,0.6856,0.005,0.3094
DIAMONDS THREE CLUBS KING,0.7678,0.013,0.2192
DIAMONDS THREE CLUBS QUEEN,0.68,0.006,0.314
SPADES FOUR HEARTS JACK,0.668,0.0056,0.3264
SPADES FOUR HEARTS TEN,0.6804,0.005,0.3146
SPADES FIVE SPADES TWO,0.5994,0.0056,0.395
SPADES FOUR SPADES TWO,0.6016,0.0058,0.3926
SPADES THREE SPADES TWO,0.6262,0.0052,0.3686
SPADES NINE SPADES TWO,0.6318,0.0042,0.364
SPADES EIGHT SPADES TWO,0.6232,0.0044,0.3724
SPADES SEVEN SPADES TWO,0.6308,0.0046,0.3646
SPADES SIX SPADES TWO,0.6236,0.0044,0.372
DIAMONDS QUEEN CLUBS THREE,0.6762,0.004,0.3198
CLUBS THREE HEARTS TWO,0.6602,0.0062,0.3336
DIAMONDS QUEEN CLUBS TWO,0.6878,0.007,0.3052
HEARTS TWO CLUBS TWO,0.4642,0.006,0.5298
DIAMONDS QUEEN HEARTS SEVEN,0.6782,0.0042,0.3176
HEARTS TWO HEARTS SEVEN,0.6508,0.0068,0.3424
HEARTS SIX DIAMONDS QUEEN,0.6696,0.004,0.3264
HEARTS SIX HEARTS TWO,0.6076,0.006,0.3864
DIAMONDS QUEEN HEARTS NINE,0.659,0.0058,0.3352
HEARTS TWO HEARTS NINE,0.6466,0.007,0.3464
DIAMONDS QUEEN HEARTS EIGHT,0.6654,0.006,0.3286
HEARTS TWO HEARTS EIGHT,0.6608,0.0048,0.3344
CLUBS NINE HEARTS TWO,0.681,0.0062,0.3128
CLUBS NINE DIAMONDS QUEEN,0.6518,0.006,0.3422
CLUBS EIGHT HEARTS TWO,0.6742,0.004,0.3218
CLUBS EIGHT DIAMONDS QUEEN,0.6678,0.0034,0.3288
CLUBS FIVE DIAMONDS QUEEN,0.672,0.0046,0.3234
CLUBS FIVE HEARTS TWO,0.6458,0.0064,0.3478
SPADES EIGHT HEARTS ACE,0.7016,0.0526,0.2458
DIAMONDS QUEEN CLUBS FOUR,0.6852,0.0048,0.31
HEARTS TWO CLUBS FOUR,0.6696,0.0074,0.323
CLUBS SEVEN DIAMONDS QUEEN,0.6672,0.0038,0.329
CLUBS SEVEN HEARTS TWO,0.6836,0.0064,0.31
SPADES EIGHT HEARTS QUEEN,0.6744,0.0044,0.3212
CLUBS SIX DIAMONDS QUEEN,0.6838,0.0042,0.312
CLUBS SIX HEARTS TWO,0.6802,0.0042,0.3156
HEARTS TWO SPADES SIX,0.6668,0.0062,0.327
DIAMONDS QUEEN SPADES SIX,0.6702,0.003,0.3268
HEARTS FOUR CLUBS QUEEN,0.6762,0.0068,0.317
DIAMONDS ACE CLUBS QUEEN,0.7152,0.049,0.2358
DIAMONDS QUEEN SPADES SEVEN,0.663,0.0044,0.3326
HEARTS TWO SPADES SEVEN,0.6796,0.0038,0.3166
HEARTS FOUR CLUBS KING,0.76,0.0142,0.2258
DIAMONDS ACE CLUBS KING,0.0152,0.9742,0.0106
DIAMONDS QUEEN SPADES EIGHT,0.6528,0.0036,0.3436
SPADES EIGHT HEARTS TWO,0.6842,0.0042,0.3116
SPADES NINE DIAMONDS QUEEN,0.6676,0.0038,0.3286
SPADES NINE HEARTS TWO,0.679,0.0024,0.3186
HEARTS TWO SPADES TWO,0.4756,0.0072,0.5172
DIAMONDS QUEEN SPADES TWO,0.6792,0.0046,0.3162
HEARTS TWO SPADES THREE,0.6594,0.0062,0.3344
DIAMONDS QUEEN SPADES THREE,0.6692,0.0066,0.3242
HEARTS TWO SPADES FOUR,0.6574,0.0064,0.3362
DIAMONDS QUEEN SPADES FOUR,0.6716,0.0052,0.3232
HEARTS FOUR CLUBS TEN,0.6776,0.006,0.3164
CLUBS TEN DIAMONDS ACE,0.6948,0.049,0.2562
HEARTS TWO SPADES FIVE,0.6516,0.0036,0.3448
DIAMONDS QUEEN SPADES FIVE,0.6674,0.0038,0.3288
HEARTS FOUR CLUBS JACK,0.6726,0.0072,0.3202
DIAMONDS ACE CLUBS JACK,0.7186,0.0436,0.2378
CLUBS FIVE CLUBS KING,0.7296,0.0146,0.2558
CLUBS FIVE CLUBS QUEEN,0.653,0.0058,0.3412
CLUBS FIVE CLUBS JACK,0.6422,0.0042,0.3536
CLUBS TEN CLUBS FIVE,0.6328,0.0054,0.3618
SPADES KING CLUBS JACK,0.7508,0.013,0.2362
SPADES QUEEN CLUBS JACK,0.6454,0.0044,0.3502
SPADES ACE CLUBS JACK,0.7116,0.0494,0.239
SPADES SIX CLUBS KING,0.7638,0.012,0.2242
SPADES SIX CLUBS QUEEN,0.67,0.006,0.324
SPADES EIGHT HEARTS JACK,0.6426,0.0044,0.353
SPADES EIGHT HEARTS TEN,0.6396,0.0046,0.3558
SPADES SIX CLUBS JACK,0.687,0.0048,0.3082
CLUBS TEN SPADES SIX,0.6706,0.0032,0.3262
SPADES TEN CLUBS JACK,0.622,0.0046,0.3734
SPADES JACK CLUBS JACK,0.4342,0.0048,0.561
SPADES QUEEN CLUBS SEVEN,0.6648,0.0048,0.3304
SPADES KING CLUBS SEVEN,0.7544,0.0126,0.233
SPADES ACE CLUBS SEVEN,0.6908,0.0542,0.255
SPADES SIX HEARTS TEN,0.6666,0.0038,0.3296
SPADES SIX HEARTS JACK,0.6652,0.005,0.3298
SPADES SIX HEARTS ACE,0.6938,0.0492,0.257
SPADES SIX HEARTS QUEEN,0.6854,0.0038,0.3108
CLUBS SEVEN SPADES JACK,0.6712,0.003,0.3258
CLUBS SEVEN SPADES TEN,0.6536,0.0054,0.341
CLUBS TEN HEARTS SIX,0.6844,0.0044,0.3112
HEARTS SIX CLUBS JACK,0.6892,0.0052,0.3056
HEARTS SIX CLUBS QUEEN,0.6972,0.0046,0.2982
HEARTS SIX CLUBS KING,0.7718,0.0142,0.214
CLUBS QUEEN CLUBS JACK,0.607,0.0058,0.3872
CLUBS KING CLUBS JACK,0.7134,0.0102,0.2764
DIAMONDS THREE HEARTS ACE,0.6852,0.0524,0.2624
DIAMONDS THREE HEARTS QUEEN,0.6828,0.0054,0.3118
CLUBS FIVE HEARTS JACK,0.679,0.0058,0.3152
SPADES TEN DIAMONDS ACE,0.7042,0.0448,0.251
HEARTS FOUR SPADES TEN,0.671,0.0044,0.3246
CLUBS FIVE HEARTS TEN,0.6622,0.0052,0.3326
HEARTS FOUR SPADES JACK,0.6846,0.0052,0.3102
SPADES JACK DIAMONDS ACE,0.7088,0.0498,0.2414
SPADES ACE HEARTS FOUR,0.6922,0.0454,0.2624
SPADES ACE DIAMONDS ACE,0.07,0.0134,0.9166
CLUBS FIVE HEARTS ACE,0.6702,0.0528,0.277
HEARTS FOUR SPADES QUEEN,0.6742,0.0026,0.3232
SPADES QUEEN DIAMONDS ACE,0.7114,0.0456,0.243
SPADES FOUR CLUBS JACK,0.6812,0.0054,0.3134
CLUBS FIVE HEARTS QUEEN,0.6842,0.0052,0.3106
SPADES KING DIAMONDS ACE,0.0212,0.962,0.0168
HEARTS FOUR SPADES KING,0.759,0.0152,0.2258
CLUBS TEN SPADES FOUR,0.6754,0.004,0.3206
DIAMONDS QUEEN DIAMONDS ACE,0.6714,0.0414,0.2872
HEARTS TWO DIAMONDS ACE,0.7066,0.0492,0.2442
HEARTS FOUR DIAMONDS QUEEN,0.6804,0.0048,0.3148
HEARTS FOUR HEARTS TWO,0.61,0.005,0.385
DIAMONDS THREE HEARTS TEN,0.6786,0.0062,0.3152
SPADES FOUR CLUBS KING,0.7696,0.0122,0.2182
HEARTS FIVE DIAMONDS QUEEN,0.6596,0.0048,0.3356
HEARTS FIVE HEARTS TWO,0.6204,0.0066,0.373
DIAMONDS THREE HEARTS JACK,0.677,0.005,0.318
SPADES FOUR CLUBS QUEEN,0.681,0.0054,0.3136
DIAMONDS QUEEN HEARTS TWO,0.6838,0.0054,0.3108
DIAMONDS KING DIAMONDS QUEEN,0.7058,0.01,0.2842
DIAMONDS KING HEARTS TWO,0.7764,0.0122,0.2114
HEARTS THREE DIAMONDS QUEEN,0.685,0.0058,0.3092
HEARTS THREE HEARTS TWO,0.6228,0.007,0.3702
HEARTS TWO CLUBS QUEEN,0.6948,0.0066,0.2986
DIAMONDS QUEEN CLUBS QUEEN,0.4234,0.0022,0.5744
HEARTS TWO CLUBS KING,0.7808,0.0132,0.206
DIAMONDS QUEEN CLUBS KING,0.7478,0.012,0.2402
SPADES EIGHT SPADES FIVE,0.606,0.0036,0.3904
CLUBS TEN HEARTS TWO,0.6848,0.006,0.3092
CLUBS TEN DIAMONDS QUEEN,0.6414,0.005,0.3536
SPADES NINE SPADES FIVE,0.6182,0.0046,0.3772
HEARTS TWO CLUBS JACK,0.6874,0.0084,0.3042
DIAMONDS QUEEN CLUBS JACK,0.6414,0.0064,0.3522
SPADES SIX SPADES FIVE,0.5912,0.004,0.4048
SPADES SEVEN SPADES FIVE,0.5934,0.006,0.4006
DIAMONDS FIVE CLUBS QUEEN,0.6766,0.0042,0.3192
DIAMONDS FIVE CLUBS KING,0.7612,0.0122,0.2266
SPADES EIGHT CLUBS KING,0.754,0.0116,0.2344
SPADES EIGHT CLUBS QUEEN,0.663,0.0032,0.3338
SPADES EIGHT CLUBS JACK,0.6562,0.0044,0.3394
CLUBS TEN SPADES EIGHT,0.6444,0.0044,0.3512
CLUBS TEN DIAMONDS FIVE,0.6806,0.0044,0.315
DIAMONDS FIVE CLUBS JACK,0.6658,0.0038,0.3304
HEARTS JACK DIAMONDS TEN,0.6348,0.0054,0.3598
DIAMONDS TEN HEARTS TEN,0.4462,0.0046,0.5492
SPADES ACE CLUBS NINE,0.7088,0.0478,0.2434
CLUBS NINE SPADES QUEEN,0.6512,0.0048,0.344
CLUBS NINE SPADES KING,0.7704,0.0104,0.2192
DIAMONDS KING SPADES SEVEN,0.752,0.0106,0.2374
HEARTS THREE SPADES SEVEN,0.6578,0.0062,0.336
SPADES KING DIAMONDS SEVEN,0.748,0.0106,0.2414
HEARTS SIX HEARTS QUEEN,0.6482,0.0062,0.3456
SPADES QUEEN DIAMONDS SEVEN,0.6748,0.0034,0.3218
HEARTS THREE SPADES SIX,0.6454,0.0042,0.3504
DIAMONDS KING SPADES SIX,0.743,0.0114,0.2456
DIAMONDS KING SPADES NINE,0.7592,0.0122,0.2286
HEARTS THREE SPADES NINE,0.6686,0.0054,0.326
HEARTS SIX HEARTS ACE,0.6738,0.044,0.2822
DIAMONDS KING SPADES EIGHT,0.76,0.0096,0.2304
HEARTS THREE SPADES EIGHT,0.6726,0.005,0.3224
SPADES ACE DIAMONDS SEVEN,0.6856,0.0504,0.264
CLUBS NINE HEARTS THREE,0.678,0.005,0.317
CLUBS NINE DIAMONDS KING,0.7534,0.0122,0.2344
HEARTS THREE CLUBS EIGHT,0.6644,0.0058,0.3298
