opposingHand,winningChance,drawChance,lostChance
HEARTS EIGHT HEARTS KING
HEARTS FIVE SPADES TEN,0.649,0.0082,0.3428
SPADES JACK HEARTS FIVE,0.6566,0.0078,0.3356
CLUBS JACK SPADES FIVE,0.6504,0.0062,0.3434
CLUBS TEN SPADES FIVE,0.663,0.0072,0.3298
CLUBS JACK CLUBS EIGHT,0.6776,0.027,0.2954
CLUBS TEN CLUBS EIGHT,0.658,0.0284,0.3136
CLUBS EIGHT CLUBS KING,0.0766,0.8502,0.0732
SPADES FIVE CLUBS ACE,0.4344,0.0052,0.5604
CLUBS EIGHT CLUBS QUEEN,0.685,0.0302,0.2848
SPADES FIVE CLUBS KING,0.5498,0.2258,0.2244
SPADES FIVE CLUBS QUEEN,0.645,0.0064,0.3486
CLUBS EIGHT CLUBS ACE,0.2582,0.028,0.7138
DIAMONDS TWO DIAMONDS THREE,0.6322,0.0086,0.3592
DIAMONDS TWO DIAMONDS FIVE,0.6302,0.0098,0.36
SPADES KING HEARTS FIVE,0.5398,0.2352,0.225
DIAMONDS TWO DIAMONDS FOUR,0.6224,0.0078,0.3698
SPADES QUEEN HEARTS FIVE,0.6444,0.0084,0.3472
DIAMONDS TWO DIAMONDS SEVEN,0.6514,0.0078,0.3408
DIAMONDS TWO DIAMONDS SIX,0.642,0.0078,0.3502
SPADES ACE HEARTS FIVE,0.422,0.0048,0.5732
DIAMONDS TWO DIAMONDS NINE,0.618,0.0108,0.3712
DIAMONDS TWO DIAMONDS EIGHT,0.7064,0.0376,0.256
DIAMONDS THREE DIAMONDS FOUR,0.6192,0.0074,0.3734
CLUBS TWO SPADES FOUR,0.6592,0.0112,0.3296
DIAMONDS THREE DIAMONDS FIVE,0.6158,0.0098,0.3744
CLUBS TWO SPADES FIVE,0.6604,0.008,0.3316
CLUBS TWO SPADES TWO,0.4796,0.0126,0.5078
CLUBS TWO SPADES THREE,0.6654,0.0088,0.3258
DIAMONDS THREE DIAMONDS EIGHT,0.707,0.0338,0.2592
SPADES EIGHT CLUBS TWO,0.7502,0.0372,0.2126
DIAMONDS THREE DIAMONDS NINE,0.6154,0.0068,0.3778
SPADES NINE CLUBS TWO,0.6608,0.006,0.3332
DIAMONDS THREE DIAMONDS SIX,0.6302,0.006,0.3638
SPADES SIX CLUBS TWO,0.6764,0.0084,0.3152
DIAMONDS THREE DIAMONDS SEVEN,0.6402,0.0098,0.35
SPADES SEVEN CLUBS TWO,0.6916,0.0084,0.3
CLUBS SIX CLUBS TWO,0.6416,0.008,0.3504
CLUBS SEVEN CLUBS TWO,0.6542,0.008,0.3378
CLUBS FOUR CLUBS TWO,0.6206,0.0078,0.3716
CLUBS FIVE CLUBS TWO,0.6192,0.0074,0.3734
CLUBS TEN CLUBS JACK,0.5476,0.006,0.4464
DIAMONDS FOUR DIAMONDS SIX,0.607,0.008,0.385
CLUBS TEN CLUBS QUEEN,0.549,0.0072,0.4438
DIAMONDS FOUR DIAMONDS SEVEN,0.629,0.0056,0.3654
CLUBS TEN CLUBS KING,0.2624,0.1082,0.6294
CLUBS TEN CLUBS ACE,0.3702,0.006,0.6238
CLUBS EIGHT CLUBS TWO,0.711,0.0314,0.2576
DIAMONDS FIVE DIAMONDS FOUR,0.608,0.0086,0.3834
CLUBS NINE CLUBS TWO,0.603,0.0072,0.3898
DIAMONDS NINE DIAMONDS FOUR,0.6142,0.0084,0.3774
DIAMONDS EIGHT DIAMONDS FOUR,0.6906,0.0354,0.274
CLUBS TWO CLUBS THREE,0.6242,0.0062,0.3696
DIAMONDS NINE DIAMONDS FIVE,0.5998,0.0074,0.3928
CLUBS JACK DIAMONDS TWO,0.6518,0.0084,0.3398
DIAMONDS EIGHT DIAMONDS FIVE,0.6914,0.0348,0.2738
CLUBS TEN DIAMONDS TWO,0.6474,0.0094,0.3432
DIAMONDS FIVE DIAMONDS SEVEN,0.6064,0.0074,0.3862
DIAMONDS FIVE DIAMONDS SIX,0.607,0.009,0.384
DIAMONDS TWO CLUBS ACE,0.4298,0.0044,0.5658
DIAMONDS TWO CLUBS KING,0.5684,0.211,0.2206
DIAMONDS TWO CLUBS QUEEN,0.6548,0.0064,0.3388
DIAMONDS EIGHT DIAMONDS SIX,0.667,0.0322,0.3008
DIAMONDS NINE DIAMONDS SIX,0.6066,0.0056,0.3878
SPADES THREE HEARTS ACE,0.42,0.0048,0.5752
DIAMONDS SEVEN DIAMONDS SIX,0.6096,0.007,0.3834
HEARTS QUEEN SPADES THREE,0.6406,0.0084,0.351
SPADES THREE HEARTS JACK,0.6472,0.0086,0.3442
SPADES THREE HEARTS TEN,0.6532,0.0058,0.341
DIAMONDS EIGHT DIAMONDS SEVEN,0.6674,0.031,0.3016
DIAMONDS NINE DIAMONDS SEVEN,0.5776,0.0058,0.4166
DIAMONDS NINE DIAMONDS EIGHT,0.6514,0.0276,0.321
DIAMONDS KING HEARTS TEN,0.2512,0.1066,0.6422
HEARTS THREE HEARTS TEN,0.6524,0.0094,0.3382
SPADES JACK CLUBS SIX,0.6488,0.0068,0.3444
DIAMONDS KING HEARTS JACK,0.2506,0.0922,0.6572
HEARTS THREE HEARTS JACK,0.6482,0.0088,0.343
SPADES TEN CLUBS SIX,0.6444,0.0072,0.3484
SPADES JACK SPADES FIVE,0.6078,0.0064,0.3858
SPADES TEN SPADES FIVE,0.6142,0.0086,0.3772
DIAMONDS KING HEARTS ACE,0.2628,0.013,0.7242
HEARTS THREE HEARTS ACE,0.387,0.0044,0.6086
SPADES ACE CLUBS SIX,0.4378,0.0038,0.5584
DIAMONDS KING HEARTS QUEEN,0.2676,0.0626,0.6698
HEARTS THREE HEARTS QUEEN,0.6328,0.0076,0.3596
SPADES KING CLUBS SIX,0.566,0.2178,0.2162
SPADES QUEEN CLUBS SIX,0.6608,0.0046,0.3346
SPADES NINE HEARTS TEN,0.5946,0.0074,0.398
SPADES NINE HEARTS JACK,0.594,0.0074,0.3986
SPADES QUEEN SPADES FIVE,0.616,0.0072,0.3768
SPADES KING SPADES FIVE,0.5226,0.2044,0.273
SPADES ACE SPADES FIVE,0.409,0.0052,0.5858
SPADES NINE HEARTS QUEEN,0.5836,0.0072,0.4092
SPADES NINE HEARTS ACE,0.3784,0.0056,0.616
CLUBS TEN SPADES JACK,0.5806,0.0072,0.4122
CLUBS TEN SPADES TEN,0.338,0.0084,0.6536
SPADES ACE CLUBS TEN,0.3946,0.0024,0.603
CLUBS TEN SPADES KING,0.277,0.1066,0.6164
CLUBS TEN SPADES QUEEN,0.5932,0.005,0.4018
SPADES FIVE HEARTS QUEEN,0.634,0.0096,0.3564
SPADES FIVE HEARTS ACE,0.4042,0.0036,0.5922
CLUBS EIGHT SPADES TEN,0.7124,0.0264,0.2612
HEARTS THREE SPADES JACK,0.6482,0.0086,0.3432
SPADES JACK DIAMONDS KING,0.2704,0.0862,0.6434
SPADES TEN DIAMONDS KING,0.2776,0.104,0.6184
HEARTS THREE SPADES TEN,0.6488,0.008,0.3432
CLUBS EIGHT SPADES JACK,0.7184,0.031,0.2506
CLUBS SIX HEARTS ACE,0.4206,0.0056,0.5738
SPADES ACE CLUBS EIGHT,0.28,0.0244,0.6956
CLUBS JACK HEARTS FIVE,0.6396,0.008,0.3524
CLUBS TEN HEARTS FIVE,0.6432,0.0088,0.348
CLUBS SIX HEARTS QUEEN,0.6574,0.0088,0.3338
SPADES QUEEN CLUBS EIGHT,0.7348,0.0302,0.235
CLUBS TEN SPADES THREE,0.6544,0.007,0.3386
SPADES KING CLUBS EIGHT,0.0672,0.9116,0.0212
CLUBS JACK SPADES THREE,0.6538,0.008,0.3382
DIAMONDS TWO HEARTS JACK,0.645,0.0082,0.3468
SPADES THREE CLUBS QUEEN,0.6518,0.009,0.3392
DIAMONDS TWO HEARTS TEN,0.6594,0.0082,0.3324
SPADES THREE CLUBS KING,0.5764,0.2148,0.2088
HEARTS FIVE CLUBS ACE,0.4208,0.0046,0.5746
SPADES FIVE HEARTS TEN,0.6518,0.0076,0.3406
SPADES THREE CLUBS ACE,0.4376,0.0048,0.5576
HEARTS FIVE CLUBS KING,0.5494,0.2188,0.2318
SPADES FIVE HEARTS JACK,0.6488,0.0062,0.345
HEARTS FIVE CLUBS QUEEN,0.6336,0.0094,0.357
HEARTS THREE CLUBS KING,0.5596,0.217,0.2234
DIAMONDS KING CLUBS KING,0.1308,0.0114,0.8578
HEARTS THREE CLUBS QUEEN,0.6624,0.0066,0.331
DIAMONDS KING CLUBS QUEEN,0.295,0.059,0.646
HEARTS FIVE HEARTS JACK,0.6458,0.0068,0.3474
HEARTS FIVE HEARTS TEN,0.641,0.0084,0.3506
HEARTS THREE CLUBS ACE,0.4222,0.0052,0.5726
DIAMONDS KING CLUBS ACE,0.2882,0.0092,0.7026
SPADES ACE CLUBS QUEEN,0.3888,0.0036,0.6076
SPADES KING CLUBS QUEEN,0.2914,0.061,0.6476
CLUBS JACK HEARTS THREE,0.6484,0.0086,0.343
CLUBS JACK DIAMONDS KING,0.2812,0.0804,0.6384
SPADES QUEEN CLUBS QUEEN,0.3172,0.0018,0.681
CLUBS TEN HEARTS THREE,0.6514,0.0098,0.3388
CLUBS TEN DIAMONDS KING,0.2762,0.1108,0.613
SPADES JACK CLUBS QUEEN,0.5912,0.0078,0.401
CLUBS SIX CLUBS QUEEN,0.6094,0.007,0.3836
SPADES TEN CLUBS QUEEN,0.581,0.0062,0.4128
CLUBS SIX CLUBS KING,0.5212,0.215,0.2638
CLUBS SIX CLUBS ACE,0.404,0.0034,0.5926
HEARTS FIVE HEARTS QUEEN,0.6462,0.0098,0.344
CLUBS TEN CLUBS SIX,0.6018,0.0056,0.3926
HEARTS FIVE HEARTS ACE,0.3732,0.0068,0.62
CLUBS JACK CLUBS SIX,0.6232,0.005,0.3718
SPADES SEVEN HEARTS JACK,0.6496,0.007,0.3434
SPADES SEVEN HEARTS TEN,0.6356,0.0064,0.358
DIAMONDS TWO CLUBS TWO,0.4794,0.013,0.5076
DIAMONDS TWO CLUBS THREE,0.6712,0.0092,0.3196
HEARTS SIX DIAMONDS TWO,0.676,0.0086,0.3154
DIAMONDS TWO HEARTS QUEEN,0.6502,0.0102,0.3396
DIAMONDS TWO HEARTS SEVEN,0.6822,0.007,0.3108
DIAMONDS TWO HEARTS ACE,0.4278,0.0088,0.5634
DIAMONDS TWO HEARTS NINE,0.652,0.011,0.337
DIAMONDS TWO DIAMONDS QUEEN,0.613,0.006,0.381
DIAMONDS TWO HEARTS TWO,0.4858,0.0158,0.4984
DIAMONDS TWO DIAMONDS KING,0.5162,0.2146,0.2692
HEARTS THREE DIAMONDS TWO,0.6688,0.0088,0.3224
DIAMONDS TWO DIAMONDS ACE,0.4274,0.0044,0.5682
HEARTS FOUR DIAMONDS TWO,0.6552,0.0124,0.3324
DIAMONDS TWO HEARTS FIVE,0.6594,0.009,0.3316
SPADES SEVEN HEARTS ACE,0.4214,0.0064,0.5722
DIAMONDS TWO DIAMONDS TEN,0.6116,0.0078,0.3806
DIAMONDS TWO DIAMONDS JACK,0.6206,0.006,0.3734
SPADES SEVEN HEARTS QUEEN,0.6412,0.0058,0.353
DIAMONDS TWO SPADES NINE,0.6638,0.0078,0.3284
DIAMONDS TWO SPADES EIGHT,0.7514,0.0332,0.2154
DIAMONDS TWO SPADES SEVEN,0.6942,0.008,0.2978
DIAMONDS TWO SPADES SIX,0.683,0.0078,0.3092
DIAMONDS TWO SPADES FIVE,0.6544,0.0086,0.337
DIAMONDS TWO SPADES FOUR,0.6652,0.0076,0.3272
DIAMONDS TWO SPADES THREE,0.668,0.009,0.323
DIAMONDS TWO SPADES TWO,0.4866,0.0144,0.499
DIAMONDS TWO CLUBS NINE,0.6636,0.0056,0.3308
CLUBS EIGHT DIAMONDS TWO,0.7468,0.038,0.2152
DIAMONDS TWO CLUBS SEVEN,0.6844,0.0096,0.306
DIAMONDS TWO CLUBS SIX,0.6696,0.0086,0.3218
DIAMONDS TWO CLUBS FIVE,0.6628,0.0074,0.3298
DIAMONDS TWO CLUBS FOUR,0.66,0.0078,0.3322
CLUBS FOUR SPADES FIVE,0.6268,0.012,0.3612
CLUBS FOUR SPADES FOUR,0.4658,0.0144,0.5198
CLUBS FOUR SPADES THREE,0.6582,0.0078,0.334
CLUBS FOUR SPADES TWO,0.67,0.0092,0.3208
SPADES NINE CLUBS FOUR,0.6546,0.0054,0.34
SPADES EIGHT CLUBS FOUR,0.7364,0.0374,0.2262
CLUBS FOUR SPADES SEVEN,0.6622,0.0088,0.329
CLUBS FOUR SPADES SIX,0.6536,0.0084,0.338
SPADES ACE DIAMONDS SIX,0.4256,0.0042,0.5702
SPADES QUEEN DIAMONDS SIX,0.6458,0.0082,0.346
SPADES KING DIAMONDS SIX,0.5592,0.2162,0.2246
SPADES TEN DIAMONDS SIX,0.6508,0.0056,0.3436
SPADES JACK DIAMONDS SIX,0.6666,0.0046,0.3288
SPADES QUEEN SPADES TWO,0.6126,0.0066,0.3808
SPADES KING SPADES TWO,0.5376,0.2076,0.2548
SPADES ACE SPADES TWO,0.4166,0.0054,0.578
CLUBS JACK DIAMONDS JACK,0.3378,0.0042,0.658
CLUBS TEN DIAMONDS JACK,0.5848,0.0064,0.4088
DIAMONDS JACK CLUBS KING,0.276,0.0798,0.6442
DIAMONDS JACK CLUBS QUEEN,0.5718,0.0066,0.4216
DIAMONDS THREE DIAMONDS JACK,0.5972,0.0086,0.3942
DIAMONDS THREE DIAMONDS TEN,0.6226,0.0084,0.369
DIAMONDS JACK CLUBS ACE,0.3892,0.0042,0.6066
DIAMONDS THREE DIAMONDS KING,0.527,0.2008,0.2722
HEARTS THREE DIAMONDS THREE,0.4864,0.0154,0.4982
DIAMONDS THREE DIAMONDS QUEEN,0.615,0.0084,0.3766
DIAMONDS THREE HEARTS TWO,0.6762,0.0078,0.316
HEARTS FIVE DIAMONDS THREE,0.6534,0.0072,0.3394
DIAMONDS THREE DIAMONDS ACE,0.417,0.0058,0.5772
HEARTS FOUR DIAMONDS THREE,0.647,0.0096,0.3434
DIAMONDS THREE HEARTS SEVEN,0.6774,0.007,0.3156
SPADES TEN SPADES NINE,0.546,0.0058,0.4482
HEARTS SIX DIAMONDS THREE,0.6624,0.0088,0.3288
SPADES JACK SPADES NINE,0.5604,0.0066,0.433
DIAMONDS THREE HEARTS NINE,0.6512,0.01,0.3388
HEARTS JACK DIAMONDS FOUR,0.6334,0.0062,0.3604
SPADES TEN SPADES TWO,0.611,0.006,0.383
HEARTS TEN DIAMONDS FOUR,0.6502,0.007,0.3428
SPADES JACK SPADES TWO,0.6202,0.0066,0.3732
HEARTS QUEEN DIAMONDS FOUR,0.6424,0.006,0.3516
SPADES ACE SPADES NINE,0.3728,0.0062,0.621
HEARTS ACE DIAMONDS FOUR,0.4206,0.0056,0.5738
SPADES KING SPADES NINE,0.2632,0.1542,0.5826
SPADES QUEEN SPADES NINE,0.5548,0.0074,0.4378
DIAMONDS THREE SPADES NINE,0.6684,0.0066,0.325
DIAMONDS THREE SPADES EIGHT,0.759,0.0346,0.2064
DIAMONDS THREE SPADES SEVEN,0.6728,0.0058,0.3214
DIAMONDS THREE SPADES SIX,0.6764,0.006,0.3176
DIAMONDS THREE CLUBS SIX,0.6688,0.005,0.3262
CLUBS SIX CLUBS FIVE,0.594,0.0082,0.3978
CLUBS ACE DIAMONDS FOUR,0.437,0.0046,0.5584
DIAMONDS THREE CLUBS SEVEN,0.6758,0.0064,0.3178
CLUBS SEVEN CLUBS FIVE,0.608,0.0072,0.3848
DIAMONDS THREE CLUBS FOUR,0.6478,0.0088,0.3434
DIAMONDS FOUR CLUBS QUEEN,0.6566,0.0078,0.3356
DIAMONDS THREE CLUBS FIVE,0.6496,0.0078,0.3426
DIAMONDS FOUR CLUBS KING,0.5616,0.2202,0.2182
DIAMONDS THREE CLUBS TWO,0.6688,0.0082,0.323
CLUBS TEN DIAMONDS FOUR,0.6392,0.0072,0.3536
DIAMONDS THREE CLUBS THREE,0.4892,0.0126,0.4982
CLUBS JACK DIAMONDS FOUR,0.6562,0.0062,0.3376
DIAMONDS THREE SPADES FOUR,0.66,0.007,0.333
DIAMONDS THREE SPADES FIVE,0.6628,0.0072,0.33
DIAMONDS THREE SPADES TWO,0.6638,0.0106,0.3256
DIAMONDS THREE SPADES THREE,0.4878,0.0138,0.4984
CLUBS EIGHT DIAMONDS THREE,0.752,0.0334,0.2146
CLUBS NINE DIAMONDS THREE,0.659,0.0096,0.3314
SPADES SEVEN CLUBS ACE,0.4256,0.0034,0.571
SPADES SEVEN CLUBS QUEEN,0.659,0.0076,0.3334
SPADES SEVEN CLUBS KING,0.5746,0.2122,0.2132
SPADES SEVEN CLUBS FIVE,0.6524,0.0082,0.3394
CLUBS TEN SPADES SEVEN,0.6286,0.0064,0.365
CLUBS FIVE SPADES SIX,0.6348,0.008,0.3572
CLUBS JACK SPADES SEVEN,0.6484,0.0068,0.3448
SPADES NINE CLUBS FIVE,0.647,0.0066,0.3464
SPADES EIGHT CLUBS FIVE,0.7188,0.0306,0.2506
CLUBS FIVE SPADES THREE,0.6484,0.008,0.3436
CLUBS FIVE SPADES TWO,0.6704,0.0096,0.32
CLUBS FIVE SPADES FIVE,0.4708,0.0162,0.513
CLUBS FIVE SPADES FOUR,0.635,0.0078,0.3572
CLUBS NINE CLUBS FIVE,0.612,0.0062,0.3818
CLUBS EIGHT CLUBS FIVE,0.6734,0.037,0.2896
CLUBS ACE CLUBS QUEEN,0.3672,0.0048,0.628
CLUBS KING CLUBS QUEEN,0.2712,0.0584,0.6704
DIAMONDS TEN DIAMONDS FOUR,0.6064,0.0078,0.3858
CLUBS TEN DIAMONDS NINE,0.5918,0.008,0.4002
DIAMONDS JACK DIAMONDS FOUR,0.6028,0.0062,0.391
CLUBS JACK DIAMONDS NINE,0.5952,0.0036,0.4012
CLUBS JACK SPADES NINE,0.597,0.0076,0.3954
CLUBS TEN SPADES NINE,0.5888,0.0062,0.405
DIAMONDS ACE DIAMONDS FOUR,0.4104,0.004,0.5856
HEARTS FOUR DIAMONDS FOUR,0.4828,0.0124,0.5048
DIAMONDS JACK HEARTS TEN,0.5746,0.0076,0.4178
SPADES NINE CLUBS KING,0.2684,0.1586,0.573
DIAMONDS TWO SPADES TEN,0.6636,0.0058,0.3306
DIAMONDS NINE CLUBS ACE,0.3966,0.0036,0.5998
HEARTS FIVE DIAMONDS FOUR,0.6358,0.0098,0.3544
DIAMONDS JACK HEARTS JACK,0.331,0.0078,0.6612
SPADES NINE CLUBS QUEEN,0.5952,0.0072,0.3976
DIAMONDS TWO SPADES JACK,0.6626,0.0072,0.3302
DIAMONDS QUEEN DIAMONDS FOUR,0.608,0.0064,0.3856
HEARTS TWO DIAMONDS FOUR,0.6698,0.0094,0.3208
DIAMONDS NINE CLUBS QUEEN,0.595,0.0092,0.3958
DIAMONDS KING DIAMONDS FOUR,0.518,0.2142,0.2678
HEARTS THREE DIAMONDS FOUR,0.6532,0.007,0.3398
SPADES NINE CLUBS ACE,0.3892,0.003,0.6078
DIAMONDS NINE CLUBS KING,0.2768,0.1518,0.5714
DIAMONDS JACK HEARTS ACE,0.383,0.006,0.611
SPADES ACE DIAMONDS TWO,0.436,0.0052,0.5588
HEARTS QUEEN DIAMONDS JACK,0.5842,0.007,0.4088
SPADES QUEEN DIAMONDS TWO,0.6552,0.0064,0.3384
SPADES KING DIAMONDS TWO,0.5662,0.2204,0.2134
SPADES JACK SPADES SEVEN,0.606,0.0064,0.3876
SPADES TEN SPADES SEVEN,0.5964,0.0062,0.3974
CLUBS SEVEN CLUBS THREE,0.637,0.0056,0.3574
CLUBS SIX CLUBS THREE,0.626,0.008,0.366
CLUBS FIVE CLUBS THREE,0.6184,0.0096,0.372
CLUBS FOUR CLUBS THREE,0.605,0.0104,0.3846
CLUBS NINE CLUBS THREE,0.6126,0.007,0.3804
CLUBS EIGHT CLUBS THREE,0.7094,0.0364,0.2542
SPADES FIVE CLUBS THREE,0.6496,0.0084,0.342
CLUBS THREE SPADES FOUR,0.6496,0.0102,0.3402
CLUBS THREE SPADES THREE,0.4982,0.0106,0.4912
CLUBS THREE SPADES TWO,0.664,0.0096,0.3264
SPADES SIX CLUBS THREE,0.66,0.0074,0.3326
SPADES SEVEN CLUBS THREE,0.6674,0.0068,0.3258
SPADES EIGHT CLUBS THREE,0.7432,0.0372,0.2196
SPADES NINE CLUBS THREE,0.6552,0.0066,0.3382
SPADES TWO DIAMONDS FOUR,0.6586,0.011,0.3304
SPADES THREE DIAMONDS FOUR,0.6548,0.0082,0.337
SPADES FOUR DIAMONDS FOUR,0.4732,0.0146,0.5122
SPADES FIVE DIAMONDS FOUR,0.6238,0.0052,0.371
SPADES SIX DIAMONDS FOUR,0.6508,0.007,0.3422
SPADES SEVEN DIAMONDS FOUR,0.6732,0.0056,0.3212
SPADES EIGHT DIAMONDS FOUR,0.7312,0.0362,0.2326
SPADES NINE DIAMONDS FOUR,0.663,0.0074,0.3296
CLUBS FIVE DIAMONDS FOUR,0.639,0.0084,0.3526
CLUBS FOUR DIAMONDS FOUR,0.4778,0.0124,0.5098
CLUBS SEVEN DIAMONDS FOUR,0.667,0.0078,0.3252
CLUBS SIX DIAMONDS FOUR,0.6624,0.008,0.3296
CLUBS NINE DIAMONDS FOUR,0.6468,0.0074,0.3458
CLUBS EIGHT DIAMONDS FOUR,0.7368,0.0392,0.224
DIAMONDS FOUR HEARTS SEVEN,0.6514,0.0088,0.3398
HEARTS SIX DIAMONDS FOUR,0.6506,0.006,0.3434
DIAMONDS FOUR HEARTS NINE,0.6574,0.0072,0.3354
CLUBS THREE DIAMONDS FOUR,0.6598,0.0096,0.3306
CLUBS TWO DIAMONDS FOUR,0.6704,0.0104,0.3192
DIAMONDS TEN DIAMONDS FIVE,0.617,0.0068,0.3762
DIAMONDS JACK DIAMONDS FIVE,0.5988,0.0066,0.3946
DIAMONDS NINE HEARTS QUEEN,0.6084,0.0068,0.3848
DIAMONDS NINE HEARTS ACE,0.3916,0.0032,0.6052
DIAMONDS NINE HEARTS TEN,0.5732,0.0076,0.4192
DIAMONDS NINE HEARTS JACK,0.599,0.0054,0.3956
CLUBS KING DIAMONDS SIX,0.5732,0.217,0.2098
CLUBS QUEEN DIAMONDS SIX,0.658,0.0056,0.3364
CLUBS ACE DIAMONDS SIX,0.44,0.0034,0.5566
SPADES KING DIAMONDS FOUR,0.5544,0.2172,0.2284
SPADES ACE SPADES SEVEN,0.4078,0.0046,0.5876
SPADES QUEEN DIAMONDS FOUR,0.648,0.0066,0.3454
SPADES QUEEN SPADES SEVEN,0.616,0.0078,0.3762
CLUBS JACK DIAMONDS SIX,0.6534,0.0066,0.34
SPADES KING SPADES SEVEN,0.5288,0.2062,0.265
SPADES ACE DIAMONDS FOUR,0.4308,0.0038,0.5654
CLUBS TEN DIAMONDS SIX,0.6522,0.007,0.3408
CLUBS NINE CLUBS FOUR,0.6106,0.009,0.3804
CLUBS EIGHT CLUBS FOUR,0.6932,0.0344,0.2724
SPADES JACK DIAMONDS FOUR,0.6524,0.0064,0.3412
SPADES TEN DIAMONDS FOUR,0.654,0.0062,0.3398
CLUBS FOUR CLUBS FIVE,0.6058,0.008,0.3862
CLUBS SEVEN CLUBS FOUR,0.611,0.0086,0.3804
CLUBS SIX CLUBS FOUR,0.6098,0.0106,0.3796
CLUBS SEVEN SPADES EIGHT,0.7014,0.0308,0.2678
SPADES NINE CLUBS SEVEN,0.6168,0.0058,0.3774
CLUBS SEVEN SPADES SIX,0.642,0.007,0.351
CLUBS SEVEN SPADES SEVEN,0.4654,0.0098,0.5248
CLUBS SEVEN SPADES FIVE,0.66,0.008,0.332
CLUBS SEVEN SPADES FOUR,0.6646,0.0078,0.3276
CLUBS SEVEN SPADES THREE,0.6788,0.007,0.3142
CLUBS SEVEN SPADES TWO,0.6934,0.0066,0.3
CLUBS NINE CLUBS SEVEN,0.5942,0.0066,0.3992
CLUBS EIGHT CLUBS SEVEN,0.6656,0.0282,0.3062
HEARTS SIX DIAMONDS FIVE,0.6402,0.008,0.3518
DIAMONDS FIVE HEARTS SEVEN,0.6404,0.0068,0.3528
DIAMONDS FIVE HEARTS NINE,0.6382,0.0068,0.355
DIAMONDS QUEEN DIAMONDS FIVE,0.596,0.0068,0.3972
HEARTS TWO DIAMONDS FIVE,0.6582,0.0096,0.3322
DIAMONDS KING DIAMONDS FIVE,0.5364,0.1922,0.2714
HEARTS THREE DIAMONDS FIVE,0.6464,0.0102,0.3434
DIAMONDS ACE DIAMONDS FIVE,0.3986,0.006,0.5954
HEARTS FOUR DIAMONDS FIVE,0.6294,0.0092,0.3614
HEARTS FIVE DIAMONDS FIVE,0.4702,0.0154,0.5144
CLUBS FOUR DIAMONDS FIVE,0.6268,0.0088,0.3644
CLUBS FIVE DIAMONDS FIVE,0.4738,0.0112,0.515
CLUBS SIX DIAMONDS FIVE,0.6334,0.007,0.3596
CLUBS SEVEN DIAMONDS FIVE,0.632,0.0078,0.3602
CLUBS TWO DIAMONDS FIVE,0.6566,0.0098,0.3336
CLUBS THREE DIAMONDS FIVE,0.6534,0.0056,0.341
SPADES THREE DIAMONDS FIVE,0.6506,0.01,0.3394
SPADES TWO DIAMONDS FIVE,0.6668,0.008,0.3252
SPADES JACK DIAMONDS EIGHT,0.7202,0.0316,0.2482
SPADES FIVE DIAMONDS FIVE,0.4688,0.0116,0.5196
CLUBS TEN HEARTS JACK,0.5674,0.0086,0.424
SPADES TEN DIAMONDS EIGHT,0.7036,0.032,0.2644
SPADES FOUR DIAMONDS FIVE,0.6344,0.0106,0.355
CLUBS JACK HEARTS JACK,0.326,0.0028,0.6712
HEARTS JACK CLUBS QUEEN,0.5872,0.0078,0.405
CLUBS NINE DIAMONDS FIVE,0.6314,0.0078,0.3608
CLUBS EIGHT DIAMONDS FIVE,0.728,0.0336,0.2384
HEARTS JACK CLUBS KING,0.264,0.0852,0.6508
CLUBS ACE HEARTS JACK,0.394,0.0058,0.6002
SPADES SEVEN DIAMONDS FIVE,0.6514,0.0072,0.3414
SPADES KING DIAMONDS EIGHT,0.0688,0.905,0.0262
SPADES QUEEN DIAMONDS EIGHT,0.7326,0.0338,0.2336
SPADES SIX DIAMONDS FIVE,0.6296,0.0066,0.3638
SPADES NINE DIAMONDS FIVE,0.6284,0.0088,0.3628
SPADES EIGHT DIAMONDS FIVE,0.7212,0.0332,0.2456
SPADES ACE DIAMONDS EIGHT,0.2682,0.0258,0.706
DIAMONDS TEN DIAMONDS SIX,0.5978,0.0058,0.3964
HEARTS ACE DIAMONDS SEVEN,0.4156,0.0056,0.5788
DIAMONDS JACK DIAMONDS SIX,0.6226,0.007,0.3704
HEARTS QUEEN DIAMONDS SEVEN,0.6592,0.0064,0.3344
DIAMONDS ACE DIAMONDS SIX,0.4062,0.0052,0.5886
HEARTS FOUR DIAMONDS SIX,0.6386,0.0074,0.354
SPADES TWO HEARTS JACK,0.6502,0.0082,0.3416
HEARTS FIVE DIAMONDS SIX,0.6352,0.0094,0.3554
SPADES TWO HEARTS TEN,0.6442,0.0086,0.3472
DIAMONDS QUEEN DIAMONDS SIX,0.604,0.0076,0.3884
HEARTS TWO DIAMONDS SIX,0.6728,0.0076,0.3196
DIAMONDS KING DIAMONDS SIX,0.5374,0.211,0.2516
HEARTS THREE DIAMONDS SIX,0.6734,0.0082,0.3184
HEARTS NINE DIAMONDS SIX,0.6258,0.0096,0.3646
HEARTS SIX DIAMONDS SIX,0.4598,0.0126,0.5276
HEARTS SEVEN DIAMONDS SIX,0.638,0.0064,0.3556
HEARTS TEN DIAMONDS SEVEN,0.638,0.0076,0.3544
CLUBS TWO DIAMONDS SIX,0.6732,0.009,0.3178
HEARTS JACK DIAMONDS SEVEN,0.642,0.0094,0.3486
CLUBS THREE DIAMONDS SIX,0.6658,0.006,0.3282
CLUBS SEVEN DIAMONDS SIX,0.6408,0.0058,0.3534
CLUBS JACK DIAMONDS EIGHT,0.7094,0.0274,0.2632
CLUBS SIX DIAMONDS SIX,0.4676,0.0134,0.519
CLUBS TEN DIAMONDS EIGHT,0.7044,0.033,0.2626
CLUBS FIVE DIAMONDS SIX,0.6542,0.0078,0.338
CLUBS FOUR DIAMONDS SIX,0.6472,0.0074,0.3454
HEARTS ACE HEARTS JACK,0.3458,0.0058,0.6484
DIAMONDS EIGHT CLUBS ACE,0.2898,0.0262,0.684
HEARTS QUEEN HEARTS JACK,0.5782,0.0094,0.4124
DIAMONDS EIGHT CLUBS KING,0.0696,0.911,0.0194
CLUBS NINE DIAMONDS SIX,0.645,0.0076,0.3474
CLUBS EIGHT DIAMONDS SIX,0.702,0.0306,0.2674
DIAMONDS EIGHT CLUBS QUEEN,0.7284,0.0302,0.2414
SPADES FIVE DIAMONDS SIX,0.6358,0.0068,0.3574
HEARTS ACE SPADES TWO,0.4302,0.006,0.5638
SPADES FOUR DIAMONDS SIX,0.6544,0.0098,0.3358
SPADES THREE DIAMONDS SIX,0.675,0.008,0.317
HEARTS QUEEN SPADES TWO,0.6486,0.0082,0.3432
SPADES ACE SPADES KING,0.2606,0.0124,0.727
SPADES TWO DIAMONDS SIX,0.6888,0.0068,0.3044
SPADES NINE DIAMONDS SIX,0.6468,0.004,0.3492
SPADES EIGHT DIAMONDS SIX,0.7026,0.026,0.2714
SPADES SEVEN DIAMONDS SIX,0.6402,0.0084,0.3514
SPADES SIX DIAMONDS SIX,0.4502,0.012,0.5378
CLUBS ACE CLUBS KING,0.254,0.0094,0.7366
SPADES ACE HEARTS JACK,0.377,0.0048,0.6182
SPADES QUEEN HEARTS JACK,0.5856,0.007,0.4074
SPADES KING HEARTS JACK,0.2802,0.0808,0.639
SPADES TEN DIAMONDS TEN,0.3294,0.006,0.6646
SPADES JACK DIAMONDS TEN,0.577,0.0062,0.4168
SPADES ACE DIAMONDS TEN,0.3788,0.0038,0.6174
SPADES JACK HEARTS JACK,0.3218,0.0066,0.6716
SPADES TEN HEARTS JACK,0.5594,0.008,0.4326
SPADES QUEEN DIAMONDS TEN,0.5838,0.0062,0.41
SPADES KING DIAMONDS TEN,0.272,0.1056,0.6224
SPADES NINE DIAMONDS SEVEN,0.6208,0.007,0.3722
SPADES EIGHT DIAMONDS SEVEN,0.6958,0.0342,0.27
SPADES SEVEN DIAMONDS SEVEN,0.4622,0.0128,0.525
SPADES SIX DIAMONDS SEVEN,0.6414,0.0074,0.3512
DIAMONDS KING DIAMONDS SEVEN,0.5188,0.217,0.2642
HEARTS THREE DIAMONDS SEVEN,0.6678,0.0088,0.3234
DIAMONDS QUEEN DIAMONDS SEVEN,0.6242,0.006,0.3698
HEARTS TWO DIAMONDS SEVEN,0.6764,0.0088,0.3148
HEARTS QUEEN DIAMONDS FIVE,0.6598,0.005,0.3352
HEARTS FIVE DIAMONDS SEVEN,0.6504,0.0064,0.3432
DIAMONDS ACE DIAMONDS SEVEN,0.4116,0.0048,0.5836
HEARTS FOUR DIAMONDS SEVEN,0.6718,0.0086,0.3196
HEARTS ACE DIAMONDS FIVE,0.4164,0.0048,0.5788
HEARTS SEVEN DIAMONDS SEVEN,0.444,0.0124,0.5436
HEARTS SIX DIAMONDS SEVEN,0.6354,0.0084,0.3562
DIAMONDS SEVEN HEARTS NINE,0.6094,0.0078,0.3828
DIAMONDS JACK DIAMONDS SEVEN,0.6076,0.0076,0.3848
DIAMONDS FIVE HEARTS JACK,0.636,0.008,0.356
DIAMONDS TEN DIAMONDS SEVEN,0.598,0.009,0.393
HEARTS TEN DIAMONDS FIVE,0.6504,0.0062,0.3434
CLUBS EIGHT DIAMONDS SEVEN,0.703,0.032,0.265
SPADES KING CLUBS TWO,0.5606,0.216,0.2234
SPADES QUEEN CLUBS TWO,0.6508,0.007,0.3422
CLUBS NINE DIAMONDS SEVEN,0.6204,0.0076,0.372
CLUBS JACK SPADES TWO,0.6566,0.0066,0.3368
CLUBS SIX CLUBS SEVEN,0.5932,0.0066,0.4002
SPADES ACE CLUBS TWO,0.4328,0.0042,0.563
CLUBS TEN SPADES TWO,0.6504,0.0068,0.3428
SPADES TWO CLUBS KING,0.5598,0.2138,0.2264
SPADES TWO DIAMONDS SEVEN,0.701,0.0076,0.2914
CLUBS EIGHT CLUBS SIX,0.6696,0.0342,0.2962
SPADES THREE DIAMONDS SEVEN,0.6698,0.0092,0.321
SPADES TWO CLUBS QUEEN,0.6566,0.005,0.3384
CLUBS NINE CLUBS SIX,0.591,0.006,0.403
SPADES FOUR DIAMONDS SEVEN,0.6704,0.0068,0.3228
SPADES FIVE DIAMONDS SEVEN,0.6456,0.0068,0.3476
SPADES TWO CLUBS ACE,0.4436,0.0048,0.5516
CLUBS SIX SPADES TWO,0.682,0.0072,0.3108
CLUBS SIX SPADES THREE,0.6742,0.0072,0.3186
CLUBS TWO DIAMONDS SEVEN,0.6984,0.006,0.2956
CLUBS SIX SPADES FOUR,0.6604,0.0092,0.3304
CLUBS THREE DIAMONDS SEVEN,0.6706,0.0062,0.3232
CLUBS SIX SPADES FIVE,0.6424,0.008,0.3496
CLUBS FOUR DIAMONDS SEVEN,0.6622,0.0068,0.331
CLUBS SIX SPADES SIX,0.48,0.0102,0.5098
CLUBS FIVE DIAMONDS SEVEN,0.6512,0.0074,0.3414
CLUBS SIX SPADES SEVEN,0.6458,0.0054,0.3488
CLUBS SIX DIAMONDS SEVEN,0.6314,0.006,0.3626
CLUBS SIX SPADES EIGHT,0.7164,0.0354,0.2482
SPADES JACK CLUBS TWO,0.6532,0.0076,0.3392
CLUBS SEVEN DIAMONDS SEVEN,0.436,0.0092,0.5548
CLUBS SIX SPADES NINE,0.6352,0.005,0.3598
SPADES TEN CLUBS TWO,0.6592,0.0076,0.3332
CLUBS TWO CLUBS QUEEN,0.6176,0.0076,0.3748
CLUBS TWO CLUBS KING,0.533,0.206,0.261
CLUBS THREE DIAMONDS EIGHT,0.7464,0.0376,0.216
CLUBS TWO CLUBS ACE,0.409,0.0036,0.5874
CLUBS TWO DIAMONDS EIGHT,0.7516,0.0392,0.2092
DIAMONDS EIGHT HEARTS SEVEN,0.6828,0.0366,0.2806
HEARTS SIX DIAMONDS EIGHT,0.7106,0.0316,0.2578
DIAMONDS EIGHT HEARTS NINE,0.6912,0.0288,0.28
CLUBS TEN CLUBS TWO,0.6126,0.008,0.3794
CLUBS JACK CLUBS TWO,0.6092,0.0092,0.3816
CLUBS NINE DIAMONDS EIGHT,0.6934,0.0318,0.2748
CLUBS EIGHT DIAMONDS EIGHT,0.3354,0.0264,0.6382
CLUBS FIVE DIAMONDS EIGHT,0.7178,0.0328,0.2494
SPADES ACE SPADES THREE,0.401,0.0054,0.5936
CLUBS FOUR DIAMONDS EIGHT,0.748,0.0296,0.2224
CLUBS SEVEN DIAMONDS EIGHT,0.7078,0.0286,0.2636
SPADES QUEEN SPADES THREE,0.6092,0.0072,0.3836
CLUBS SIX DIAMONDS EIGHT,0.7076,0.0368,0.2556
SPADES KING SPADES THREE,0.5328,0.2014,0.2658
DIAMONDS QUEEN DIAMONDS EIGHT,0.6896,0.0324,0.278
HEARTS TWO DIAMONDS EIGHT,0.7406,0.0402,0.2192
DIAMONDS KING DIAMONDS EIGHT,0.0742,0.85,0.0758
HEARTS THREE DIAMONDS EIGHT,0.741,0.0406,0.2184
DIAMONDS ACE DIAMONDS EIGHT,0.2672,0.0236,0.7092
HEARTS FOUR DIAMONDS EIGHT,0.7342,0.0348,0.231
HEARTS FIVE DIAMONDS EIGHT,0.7188,0.033,0.2482
DIAMONDS EIGHT DIAMONDS TEN,0.6678,0.0272,0.305
DIAMONDS EIGHT DIAMONDS JACK,0.6706,0.031,0.2984
SPADES JACK SPADES THREE,0.6138,0.0066,0.3796
SPADES TEN SPADES THREE,0.6252,0.008,0.3668
CLUBS FOUR HEARTS ACE,0.4156,0.0044,0.58
CLUBS FOUR HEARTS QUEEN,0.6312,0.0088,0.36
CLUBS SIX HEARTS TEN,0.637,0.0088,0.3542
CLUBS SIX HEARTS JACK,0.6404,0.0066,0.353
DIAMONDS EIGHT SPADES FOUR,0.7248,0.0382,0.237
SPADES FIVE DIAMONDS EIGHT,0.7172,0.0352,0.2476
DIAMONDS EIGHT SPADES TWO,0.7594,0.0318,0.2088
DIAMONDS EIGHT SPADES THREE,0.7472,0.038,0.2148
CLUBS FOUR HEARTS JACK,0.633,0.0102,0.3568
SPADES EIGHT DIAMONDS EIGHT,0.3366,0.0226,0.6408
SPADES TEN DIAMONDS QUEEN,0.5944,0.0056,0.4
SPADES TEN HEARTS TWO,0.6408,0.008,0.3512
CLUBS FOUR HEARTS TEN,0.6544,0.0088,0.3368
SPADES NINE DIAMONDS EIGHT,0.6914,0.0286,0.28
SPADES JACK HEARTS TWO,0.6444,0.0094,0.3462
SPADES JACK DIAMONDS QUEEN,0.5788,0.0062,0.415
SPADES SIX DIAMONDS EIGHT,0.7128,0.0316,0.2556
SPADES SEVEN DIAMONDS EIGHT,0.699,0.031,0.27
SPADES ACE HEARTS TWO,0.421,0.0064,0.5726
SPADES ACE DIAMONDS QUEEN,0.382,0.0054,0.6126
SPADES QUEEN HEARTS TWO,0.6494,0.0068,0.3438
SPADES QUEEN DIAMONDS QUEEN,0.3224,0.0038,0.6738
SPADES KING DIAMONDS QUEEN,0.2756,0.061,0.6634
SPADES KING HEARTS TWO,0.5652,0.2202,0.2146
CLUBS TWO HEARTS TEN,0.6566,0.009,0.3344
CLUBS TWO HEARTS JACK,0.6444,0.008,0.3476
SPADES SEVEN DIAMONDS NINE,0.6226,0.0058,0.3716
SPADES SIX DIAMONDS NINE,0.6436,0.006,0.3504
SPADES NINE DIAMONDS NINE,0.3426,0.01,0.6474
SPADES EIGHT DIAMONDS NINE,0.7062,0.03,0.2638
SPADES TEN CLUBS KING,0.2804,0.112,0.6076
DIAMONDS NINE SPADES THREE,0.6448,0.007,0.3482
SPADES JACK CLUBS KING,0.2828,0.0732,0.644
DIAMONDS NINE SPADES TWO,0.6522,0.0084,0.3394
DIAMONDS NINE SPADES FIVE,0.6488,0.0078,0.3434
DIAMONDS NINE SPADES FOUR,0.6576,0.0078,0.3346
CLUBS NINE DIAMONDS NINE,0.357,0.008,0.635
CLUBS EIGHT DIAMONDS NINE,0.6906,0.0262,0.2832
CLUBS SIX DIAMONDS NINE,0.6368,0.0062,0.357
SPADES JACK CLUBS FOUR,0.6458,0.0066,0.3476
CLUBS SEVEN DIAMONDS NINE,0.6228,0.0056,0.3716
SPADES TEN CLUBS FOUR,0.6642,0.0062,0.3296
CLUBS FOUR DIAMONDS NINE,0.6542,0.0074,0.3384
CLUBS FIVE DIAMONDS NINE,0.6486,0.0076,0.3438
CLUBS TWO DIAMONDS NINE,0.6568,0.0088,0.3344
DIAMONDS NINE CLUBS THREE,0.663,0.0088,0.3282
DIAMONDS NINE HEARTS NINE,0.3408,0.0098,0.6494
HEARTS SIX DIAMONDS NINE,0.622,0.008,0.37
DIAMONDS NINE HEARTS SEVEN,0.6176,0.0098,0.3726
CLUBS EIGHT CLUBS NINE,0.6542,0.0272,0.3186
DIAMONDS ACE DIAMONDS NINE,0.3798,0.0046,0.6156
HEARTS FOUR DIAMONDS NINE,0.643,0.0078,0.3492
HEARTS FIVE DIAMONDS NINE,0.6358,0.0082,0.356
CLUBS TWO HEARTS ACE,0.4174,0.008,0.5746
SPADES ACE CLUBS FOUR,0.4262,0.0038,0.57
DIAMONDS QUEEN DIAMONDS NINE,0.5598,0.0078,0.4324
HEARTS TWO DIAMONDS NINE,0.6456,0.0086,0.3458
SPADES KING CLUBS FOUR,0.5704,0.218,0.2116
DIAMONDS KING DIAMONDS NINE,0.265,0.1476,0.5874
HEARTS THREE DIAMONDS NINE,0.656,0.0084,0.3356
CLUBS TWO HEARTS QUEEN,0.6424,0.0078,0.3498
SPADES QUEEN CLUBS FOUR,0.6464,0.0076,0.346
DIAMONDS NINE DIAMONDS JACK,0.5634,0.006,0.4306
CLUBS EIGHT SPADES NINE,0.6972,0.0274,0.2754
DIAMONDS NINE DIAMONDS TEN,0.5528,0.008,0.4392
CLUBS EIGHT SPADES EIGHT,0.3488,0.0252,0.626
CLUBS EIGHT SPADES SEVEN,0.71,0.0258,0.2642
CLUBS EIGHT SPADES SIX,0.7114,0.0332,0.2554
CLUBS EIGHT SPADES FIVE,0.7212,0.0324,0.2464
CLUBS EIGHT SPADES FOUR,0.7366,0.0346,0.2288
CLUBS EIGHT SPADES THREE,0.7542,0.0358,0.21
CLUBS EIGHT SPADES TWO,0.7482,0.036,0.2158
HEARTS SIX DIAMONDS TEN,0.64,0.007,0.353
DIAMONDS TEN HEARTS SEVEN,0.6386,0.0064,0.355
CLUBS JACK CLUBS FOUR,0.5998,0.0092,0.391
DIAMONDS TEN HEARTS NINE,0.5836,0.008,0.4084
CLUBS TEN CLUBS FOUR,0.6278,0.0068,0.3654
CLUBS FOUR CLUBS KING,0.5168,0.2068,0.2764
CLUBS FOUR CLUBS QUEEN,0.6092,0.0076,0.3832
CLUBS TWO DIAMONDS TEN,0.6594,0.005,0.3356
CLUBS THREE DIAMONDS TEN,0.652,0.0088,0.3392
CLUBS FOUR CLUBS ACE,0.4034,0.0056,0.591
DIAMONDS JACK DIAMONDS TEN,0.5404,0.0058,0.4538
DIAMONDS QUEEN DIAMONDS TEN,0.5516,0.0096,0.4388
HEARTS TWO DIAMONDS TEN,0.663,0.0056,0.3314
DIAMONDS KING DIAMONDS TEN,0.2592,0.102,0.6388
HEARTS THREE DIAMONDS TEN,0.667,0.0052,0.3278
DIAMONDS ACE DIAMONDS TEN,0.3672,0.0056,0.6272
HEARTS FOUR DIAMONDS TEN,0.6558,0.0076,0.3366
CLUBS EIGHT HEARTS JACK,0.712,0.0332,0.2548
HEARTS FIVE DIAMONDS TEN,0.6482,0.0078,0.344
CLUBS EIGHT HEARTS TEN,0.6986,0.0318,0.2696
CLUBS EIGHT HEARTS QUEEN,0.718,0.028,0.254
CLUBS EIGHT HEARTS ACE,0.273,0.0234,0.7036
CLUBS NINE SPADES THREE,0.663,0.0082,0.3288
CLUBS NINE SPADES TWO,0.6612,0.0096,0.3292
CLUBS NINE SPADES FIVE,0.6538,0.0068,0.3394
CLUBS NINE SPADES FOUR,0.6634,0.006,0.3306
CLUBS NINE SPADES SEVEN,0.632,0.0064,0.3616
CLUBS NINE SPADES SIX,0.637,0.0052,0.3578
CLUBS NINE SPADES NINE,0.345,0.009,0.646
CLUBS NINE SPADES EIGHT,0.6924,0.027,0.2806
SPADES KING CLUBS KING,0.1218,0.0148,0.8634
SPADES QUEEN CLUBS KING,0.2818,0.0672,0.651
SPADES ACE CLUBS KING,0.282,0.0128,0.7052
DIAMONDS ACE HEARTS TEN,0.3732,0.005,0.6218
HEARTS FOUR HEARTS TEN,0.6594,0.0072,0.3334
DIAMONDS ACE HEARTS JACK,0.3786,0.0044,0.617
HEARTS FOUR HEARTS JACK,0.6516,0.0086,0.3398
SPADES KING CLUBS FIVE,0.5504,0.2242,0.2254
SPADES QUEEN CLUBS FIVE,0.6624,0.0044,0.3332
SPADES ACE CLUBS FIVE,0.433,0.0044,0.5626
DIAMONDS JACK HEARTS SEVEN,0.642,0.0076,0.3504
HEARTS SIX DIAMONDS JACK,0.643,0.0066,0.3504
DIAMONDS JACK HEARTS NINE,0.5946,0.0076,0.3978
DIAMONDS KING DIAMONDS JACK,0.2564,0.081,0.6626
HEARTS THREE DIAMONDS JACK,0.651,0.0082,0.3408
SPADES ACE SPADES SIX,0.4034,0.0042,0.5924
SPADES FOUR HEARTS ACE,0.4278,0.0042,0.568
DIAMONDS QUEEN DIAMONDS JACK,0.5528,0.0076,0.4396
HEARTS TWO DIAMONDS JACK,0.6554,0.0084,0.3362
HEARTS FIVE DIAMONDS JACK,0.6584,0.0052,0.3364
SPADES QUEEN SPADES SIX,0.6096,0.0054,0.385
SPADES FOUR HEARTS QUEEN,0.659,0.0076,0.3334
DIAMONDS ACE DIAMONDS JACK,0.3622,0.0068,0.631
HEARTS FOUR DIAMONDS JACK,0.638,0.0074,0.3546
SPADES KING SPADES SIX,0.5162,0.2142,0.2696
SPADES TEN SPADES SIX,0.5972,0.0078,0.395
SPADES JACK SPADES SIX,0.6236,0.0052,0.3712
SPADES FOUR DIAMONDS JACK,0.6474,0.0066,0.346
SPADES FIVE DIAMONDS JACK,0.661,0.0046,0.3344
DIAMONDS JACK SPADES TWO,0.655,0.0092,0.3358
DIAMONDS JACK SPADES THREE,0.661,0.0068,0.3322
SPADES ACE DIAMONDS THREE,0.4362,0.003,0.5608
CLUBS EIGHT DIAMONDS JACK,0.7214,0.0266,0.252
SPADES QUEEN DIAMONDS THREE,0.6472,0.0098,0.343
SPADES KING DIAMONDS THREE,0.5734,0.222,0.2046
CLUBS NINE DIAMONDS JACK,0.5954,0.0088,0.3958
CLUBS SIX DIAMONDS JACK,0.6554,0.0074,0.3372
CLUBS SEVEN DIAMONDS JACK,0.6528,0.0058,0.3414
CLUBS FOUR DIAMONDS JACK,0.6548,0.0052,0.34
CLUBS FIVE DIAMONDS JACK,0.6466,0.006,0.3474
CLUBS TWO DIAMONDS JACK,0.6556,0.0098,0.3346
CLUBS THREE DIAMONDS JACK,0.65,0.0088,0.3412
SPADES TEN CLUBS FIVE,0.6496,0.0066,0.3438
HEARTS SIX SPADES JACK,0.6552,0.008,0.3368
HEARTS SIX SPADES TEN,0.6426,0.0066,0.3508
SPADES JACK CLUBS FIVE,0.6488,0.009,0.3422
SPADES JACK DIAMONDS THREE,0.662,0.0064,0.3316
CLUBS SEVEN CLUBS ACE,0.4022,0.004,0.5938
DIAMONDS THREE SPADES TEN,0.6524,0.007,0.3406
CLUBS SEVEN CLUBS QUEEN,0.6158,0.0058,0.3784
CLUBS SEVEN CLUBS KING,0.5304,0.2032,0.2664
SPADES NINE DIAMONDS JACK,0.6064,0.0066,0.387
CLUBS TEN CLUBS SEVEN,0.5842,0.0098,0.406
DIAMONDS ACE HEARTS ACE,0.149,0.0032,0.8478
HEARTS FOUR HEARTS ACE,0.3746,0.0076,0.6178
SPADES EIGHT DIAMONDS JACK,0.7166,0.0322,0.2512
SPADES ACE HEARTS SIX,0.4196,0.0036,0.5768
CLUBS JACK CLUBS SEVEN,0.6058,0.007,0.3872
SPADES SEVEN DIAMONDS JACK,0.6534,0.0066,0.34
SPADES KING HEARTS SIX,0.5604,0.2178,0.2218
DIAMONDS ACE HEARTS QUEEN,0.3818,0.0042,0.614
HEARTS FOUR HEARTS QUEEN,0.6404,0.0092,0.3504
SPADES QUEEN HEARTS SIX,0.6398,0.0086,0.3516
SPADES SIX DIAMONDS JACK,0.6532,0.0052,0.3416
DIAMONDS TEN SPADES TWO,0.6674,0.0052,0.3274
SPADES THREE DIAMONDS TEN,0.6546,0.0068,0.3386
SPADES FOUR DIAMONDS TEN,0.6552,0.0066,0.3382
SPADES FIVE DIAMONDS TEN,0.6528,0.0064,0.3408
SPADES SIX DIAMONDS TEN,0.6368,0.006,0.3572
SPADES SEVEN DIAMONDS TEN,0.6326,0.0062,0.3612
SPADES EIGHT DIAMONDS TEN,0.7028,0.0276,0.2696
SPADES NINE DIAMONDS TEN,0.5872,0.0076,0.4052
CLUBS FOUR DIAMONDS TEN,0.647,0.0062,0.3468
CLUBS FIVE DIAMONDS TEN,0.661,0.0056,0.3334
CLUBS SIX DIAMONDS TEN,0.6478,0.0072,0.345
CLUBS SEVEN DIAMONDS TEN,0.6346,0.0068,0.3586
CLUBS EIGHT DIAMONDS TEN,0.7048,0.0244,0.2708
CLUBS NINE DIAMONDS TEN,0.5808,0.0062,0.413
CLUBS JACK DIAMONDS THREE,0.65,0.0072,0.3428
CLUBS TEN DIAMONDS THREE,0.6592,0.0074,0.3334
DIAMONDS THREE CLUBS KING,0.5724,0.2248,0.2028
DIAMONDS THREE CLUBS QUEEN,0.6554,0.0082,0.3364
DIAMONDS THREE CLUBS ACE,0.4374,0.005,0.5576
SPADES FOUR HEARTS JACK,0.6496,0.008,0.3424
SPADES FOUR HEARTS TEN,0.6576,0.0072,0.3352
SPADES FIVE SPADES TWO,0.6314,0.0082,0.3604
SPADES FOUR SPADES TWO,0.6326,0.0076,0.3598
SPADES THREE SPADES TWO,0.633,0.0088,0.3582
SPADES NINE SPADES TWO,0.6306,0.006,0.3634
SPADES EIGHT SPADES TWO,0.7044,0.038,0.2576
SPADES SEVEN SPADES TWO,0.641,0.0076,0.3514
SPADES SIX SPADES TWO,0.6366,0.0068,0.3566
DIAMONDS QUEEN CLUBS THREE,0.6546,0.0086,0.3368
HEARTS TWO CLUBS THREE,0.6748,0.008,0.3172
DIAMONDS QUEEN CLUBS TWO,0.6498,0.0066,0.3436
HEARTS TWO CLUBS TWO,0.4682,0.0166,0.5152
DIAMONDS QUEEN HEARTS SEVEN,0.6448,0.0062,0.349
HEARTS TWO HEARTS SEVEN,0.6864,0.0092,0.3044
HEARTS SIX DIAMONDS QUEEN,0.635,0.0062,0.3588
HEARTS SIX HEARTS TWO,0.666,0.0112,0.3228
DIAMONDS QUEEN HEARTS NINE,0.5994,0.0082,0.3924
HEARTS TWO HEARTS NINE,0.6548,0.0074,0.3378
CLUBS NINE HEARTS TWO,0.6474,0.0096,0.343
CLUBS NINE DIAMONDS QUEEN,0.602,0.0048,0.3932
CLUBS EIGHT DIAMONDS QUEEN,0.7412,0.0262,0.2326
CLUBS EIGHT HEARTS TWO,0.7388,0.0346,0.2266
DIAMONDS QUEEN CLUBS FIVE,0.649,0.0082,0.3428
HEARTS TWO CLUBS FIVE,0.6556,0.0094,0.335
SPADES EIGHT HEARTS ACE,0.2674,0.0258,0.7068
DIAMONDS QUEEN CLUBS FOUR,0.6472,0.0066,0.3462
CLUBS FOUR HEARTS TWO,0.6636,0.0078,0.3286
CLUBS SEVEN DIAMONDS QUEEN,0.6628,0.0064,0.3308
CLUBS SEVEN HEARTS TWO,0.6888,0.0084,0.3028
SPADES EIGHT HEARTS QUEEN,0.7362,0.0272,0.2366
CLUBS SIX DIAMONDS QUEEN,0.6434,0.0056,0.351
CLUBS SIX HEARTS TWO,0.6664,0.0092,0.3244
HEARTS TWO SPADES SIX,0.6706,0.0088,0.3206
DIAMONDS QUEEN SPADES SIX,0.6548,0.0072,0.338
HEARTS FOUR CLUBS QUEEN,0.6482,0.0086,0.3432
DIAMONDS ACE CLUBS QUEEN,0.4042,0.0042,0.5916
DIAMONDS QUEEN SPADES SEVEN,0.6568,0.0078,0.3354
HEARTS TWO SPADES SEVEN,0.6866,0.0078,0.3056
HEARTS FOUR CLUBS KING,0.5658,0.2166,0.2176
DIAMONDS ACE CLUBS KING,0.273,0.0138,0.7132
DIAMONDS QUEEN SPADES EIGHT,0.7358,0.0304,0.2338
SPADES EIGHT HEARTS TWO,0.739,0.039,0.222
HEARTS FOUR CLUBS ACE,0.4238,0.0042,0.572
DIAMONDS ACE CLUBS ACE,0.1616,0.0036,0.8348
SPADES NINE DIAMONDS QUEEN,0.597,0.0048,0.3982
SPADES NINE HEARTS TWO,0.6558,0.0078,0.3364
HEARTS TWO SPADES TWO,0.4794,0.012,0.5086
DIAMONDS QUEEN SPADES TWO,0.6506,0.0066,0.3428
HEARTS TWO SPADES THREE,0.668,0.009,0.323
DIAMONDS QUEEN SPADES THREE,0.6492,0.0084,0.3424
HEARTS TWO SPADES FOUR,0.6474,0.0084,0.3442
DIAMONDS QUEEN SPADES FOUR,0.6442,0.0076,0.3482
CLUBS TEN HEARTS FOUR,0.64,0.0086,0.3514
CLUBS TEN DIAMONDS ACE,0.3828,0.003,0.6142
HEARTS TWO SPADES FIVE,0.6688,0.009,0.3222
DIAMONDS QUEEN SPADES FIVE,0.6518,0.007,0.3412
HEARTS FOUR CLUBS JACK,0.6494,0.0076,0.343
CLUBS JACK DIAMONDS ACE,0.3946,0.0032,0.6022
CLUBS FIVE CLUBS KING,0.5252,0.2094,0.2654
CLUBS FIVE CLUBS QUEEN,0.6004,0.01,0.3896
CLUBS FIVE CLUBS ACE,0.4086,0.0052,0.5862
CLUBS JACK CLUBS FIVE,0.6096,0.006,0.3844
CLUBS TEN CLUBS FIVE,0.608,0.0068,0.3852
SPADES KING CLUBS JACK,0.2846,0.0828,0.6326
CLUBS JACK SPADES QUEEN,0.5898,0.006,0.4042
SPADES ACE CLUBS JACK,0.398,0.0036,0.5984
SPADES SIX CLUBS KING,0.5642,0.211,0.2248
SPADES SIX CLUBS QUEEN,0.643,0.0058,0.3512
SPADES EIGHT HEARTS JACK,0.7102,0.0332,0.2566
SPADES SIX CLUBS ACE,0.4328,0.0034,0.5638
SPADES EIGHT HEARTS TEN,0.7068,0.026,0.2672
CLUBS JACK SPADES SIX,0.6614,0.0078,0.3308
CLUBS TEN SPADES SIX,0.641,0.0072,0.3518
CLUBS JACK SPADES TEN,0.5664,0.0054,0.4282
CLUBS JACK SPADES JACK,0.3356,0.0038,0.6606
SPADES QUEEN CLUBS SEVEN,0.6526,0.0054,0.342
SPADES KING CLUBS SEVEN,0.5592,0.2104,0.2304
SPADES ACE CLUBS SEVEN,0.4204,0.0044,0.5752
SPADES SIX HEARTS TEN,0.6402,0.0074,0.3524
SPADES SIX HEARTS JACK,0.6484,0.007,0.3446
SPADES SIX HEARTS ACE,0.4174,0.0052,0.5774
SPADES SIX HEARTS QUEEN,0.6436,0.0056,0.3508
SPADES JACK CLUBS SEVEN,0.6484,0.0082,0.3434
SPADES TEN CLUBS SEVEN,0.6288,0.006,0.3652
CLUBS TEN HEARTS SIX,0.6478,0.0082,0.344
CLUBS JACK HEARTS SIX,0.654,0.0062,0.3398
CLUBS JACK CLUBS ACE,0.3574,0.0044,0.6382
HEARTS SIX CLUBS QUEEN,0.6426,0.0054,0.352
HEARTS SIX CLUBS KING,0.5606,0.2236,0.2158
HEARTS SIX CLUBS ACE,0.4252,0.003,0.5718
CLUBS JACK CLUBS QUEEN,0.552,0.004,0.444
CLUBS JACK CLUBS KING,0.2584,0.0842,0.6574
DIAMONDS THREE HEARTS ACE,0.4164,0.0054,0.5782
DIAMONDS THREE HEARTS QUEEN,0.6414,0.009,0.3496
CLUBS FIVE HEARTS JACK,0.6322,0.0068,0.361
SPADES TEN DIAMONDS ACE,0.3908,0.0036,0.6056
HEARTS FOUR SPADES TEN,0.6452,0.0088,0.346
CLUBS FIVE HEARTS TEN,0.6526,0.0078,0.3396
HEARTS FOUR SPADES JACK,0.6466,0.0074,0.346
SPADES JACK DIAMONDS ACE,0.384,0.0026,0.6134
SPADES ACE HEARTS FOUR,0.4264,0.0058,0.5678
SPADES ACE DIAMONDS ACE,0.1728,0.003,0.8242
CLUBS FIVE HEARTS ACE,0.425,0.004,0.571
HEARTS FOUR SPADES QUEEN,0.6568,0.011,0.3322
SPADES QUEEN DIAMONDS ACE,0.4012,0.0026,0.5962
CLUBS JACK SPADES FOUR,0.6558,0.0064,0.3378
CLUBS FIVE HEARTS QUEEN,0.6542,0.0082,0.3376
SPADES KING DIAMONDS ACE,0.2906,0.0104,0.699
HEARTS FOUR SPADES KING,0.5562,0.2172,0.2266
CLUBS TEN SPADES FOUR,0.6466,0.0066,0.3468
DIAMONDS QUEEN DIAMONDS ACE,0.372,0.0062,0.6218
HEARTS TWO DIAMONDS ACE,0.436,0.0042,0.5598
HEARTS FOUR DIAMONDS QUEEN,0.6496,0.0066,0.3438
HEARTS FOUR HEARTS TWO,0.6582,0.0102,0.3316
DIAMONDS THREE HEARTS TEN,0.6528,0.0106,0.3366
SPADES FOUR CLUBS KING,0.5648,0.2108,0.2244
HEARTS FIVE DIAMONDS QUEEN,0.6572,0.0078,0.335
HEARTS FIVE HEARTS TWO,0.67,0.0094,0.3206
DIAMONDS THREE HEARTS JACK,0.6554,0.0078,0.3368
SPADES FOUR CLUBS QUEEN,0.6444,0.007,0.3486
DIAMONDS QUEEN HEARTS TWO,0.6456,0.0082,0.3462
DIAMONDS KING DIAMONDS QUEEN,0.2612,0.0584,0.6804
DIAMONDS KING HEARTS TWO,0.5624,0.22,0.2176
HEARTS THREE DIAMONDS QUEEN,0.6428,0.006,0.3512
HEARTS THREE HEARTS TWO,0.652,0.0106,0.3374
SPADES FOUR CLUBS ACE,0.4436,0.0052,0.5512
HEARTS TWO CLUBS ACE,0.4298,0.0044,0.5658
DIAMONDS QUEEN CLUBS ACE,0.4038,0.0034,0.5928
HEARTS TWO CLUBS QUEEN,0.6438,0.0086,0.3476
DIAMONDS QUEEN CLUBS QUEEN,0.3216,0.0034,0.675
HEARTS TWO CLUBS KING,0.5632,0.224,0.2128
DIAMONDS QUEEN CLUBS KING,0.274,0.0556,0.6704
SPADES EIGHT SPADES FIVE,0.6764,0.0324,0.2912
CLUBS TEN HEARTS TWO,0.6436,0.0066,0.3498
CLUBS TEN DIAMONDS QUEEN,0.5936,0.0038,0.4026
SPADES NINE SPADES FIVE,0.588,0.0078,0.4042
CLUBS JACK HEARTS TWO,0.6528,0.009,0.3382
CLUBS JACK DIAMONDS QUEEN,0.585,0.0066,0.4084
SPADES SIX SPADES FIVE,0.599,0.008,0.393
SPADES SEVEN SPADES FIVE,0.6102,0.0078,0.382
DIAMONDS FIVE CLUBS QUEEN,0.6516,0.0048,0.3436
SPADES EIGHT CLUBS ACE,0.2812,0.0264,0.6924
DIAMONDS FIVE CLUBS KING,0.5656,0.2164,0.218
SPADES EIGHT CLUBS KING,0.07,0.9108,0.0192
DIAMONDS FIVE CLUBS ACE,0.4392,0.0044,0.5564
SPADES EIGHT CLUBS QUEEN,0.7446,0.0274,0.228
CLUBS JACK SPADES EIGHT,0.721,0.0302,0.2488
CLUBS TEN SPADES EIGHT,0.7062,0.0256,0.2682
CLUBS TEN DIAMONDS FIVE,0.6426,0.0078,0.3496
CLUBS JACK DIAMONDS FIVE,0.6438,0.0044,0.3518
DIAMONDS TEN HEARTS JACK,0.5554,0.0068,0.4378
DIAMONDS TEN HEARTS TEN,0.3298,0.0068,0.6634
SPADES ACE CLUBS NINE,0.3942,0.0022,0.6036
SPADES QUEEN CLUBS NINE,0.6022,0.0058,0.392
SPADES KING CLUBS NINE,0.2704,0.1546,0.575
DIAMONDS KING SPADES SEVEN,0.5646,0.2238,0.2116
HEARTS THREE SPADES SEVEN,0.6768,0.0078,0.3154
SPADES KING DIAMONDS SEVEN,0.5532,0.223,0.2238
HEARTS SIX HEARTS QUEEN,0.6402,0.0076,0.3522
SPADES QUEEN DIAMONDS SEVEN,0.6568,0.0054,0.3378
HEARTS THREE SPADES SIX,0.6606,0.0066,0.3328
DIAMONDS KING SPADES SIX,0.559,0.2256,0.2154
DIAMONDS KING SPADES NINE,0.2738,0.1598,0.5664
