opposingHand,winningChance,drawChance,lostChance
HEARTS EIGHT DIAMONDS TWO
SPADES KING HEARTS QUEEN,0.3202,0.0064,0.6734
HEARTS QUEEN DIAMONDS FIVE,0.3474,0.013,0.6396
HEARTS ACE CLUBS KING,0.3198,0.0036,0.6766
HEARTS SEVEN DIAMONDS KING,0.3478,0.0074,0.6448
HEARTS SIX HEARTS THREE,0.4976,0.0638,0.4386
CLUBS THREE CLUBS QUEEN,0.351,0.0116,0.6374
CLUBS SEVEN DIAMONDS QUEEN,0.345,0.0104,0.6446
CLUBS NINE HEARTS TWO,0.238,0.0964,0.6656
SPADES NINE HEARTS QUEEN,0.3236,0.0104,0.666
HEARTS TWO DIAMONDS NINE,0.242,0.1094,0.6486
SPADES EIGHT CLUBS THREE,0.2148,0.5256,0.2596
HEARTS SEVEN CLUBS THREE,0.5392,0.0674,0.3934
HEARTS JACK HEARTS TEN,0.29,0.0162,0.6938
HEARTS FOUR DIAMONDS KING,0.3566,0.0104,0.633
CLUBS EIGHT SPADES SEVEN,0.2142,0.2954,0.4904
CLUBS JACK DIAMONDS NINE,0.3052,0.0164,0.6784
CLUBS TEN CLUBS TWO,0.2248,0.0708,0.7044
DIAMONDS FOUR CLUBS ACE,0.338,0.0044,0.6576
CLUBS THREE HEARTS TEN,0.3432,0.0294,0.6274
HEARTS QUEEN DIAMONDS SIX,0.3502,0.0132,0.6366
SPADES SEVEN HEARTS NINE,0.3088,0.042,0.6492
CLUBS JACK HEARTS TWO,0.25,0.0524,0.6976
CLUBS SIX DIAMONDS FIVE,0.493,0.063,0.444
SPADES THREE CLUBS ACE,0.342,0.0042,0.6538
HEARTS TWO HEARTS KING,0.2368,0.0282,0.735
SPADES FIVE CLUBS TWO,0.5868,0.1438,0.2694
CLUBS SIX SPADES THREE,0.5276,0.066,0.4064
CLUBS JACK SPADES SIX,0.3514,0.0194,0.6292
SPADES FOUR CLUBS ACE,0.3588,0.0044,0.6368
DIAMONDS FOUR DIAMONDS FIVE,0.485,0.058,0.457
DIAMONDS JACK CLUBS ACE,0.3164,0.005,0.6786
CLUBS JACK CLUBS EIGHT,0.2036,0.0586,0.7378
HEARTS ACE SPADES THREE,0.3502,0.0054,0.6444
HEARTS SEVEN DIAMONDS FOUR,0.5316,0.0666,0.4018
DIAMONDS FOUR SPADES TWO,0.5934,0.145,0.2616
DIAMONDS TEN HEARTS QUEEN,0.2988,0.0118,0.6894
SPADES SEVEN CLUBS KING,0.3422,0.0062,0.6516
SPADES SEVEN HEARTS KING,0.3564,0.0096,0.634
DIAMONDS TEN DIAMONDS EIGHT,0.2216,0.0786,0.6998
SPADES TEN DIAMONDS SEVEN,0.3328,0.0228,0.6444
DIAMONDS THREE CLUBS THREE,0.255,0.1152,0.6298
HEARTS SEVEN DIAMONDS EIGHT,0.2094,0.2944,0.4962
CLUBS EIGHT HEARTS TWO,0.0186,0.9684,0.013
DIAMONDS THREE SPADES TWO,0.5962,0.1454,0.2584
HEARTS THREE DIAMONDS SIX,0.5288,0.0718,0.3994
DIAMONDS ACE SPADES TWO,0.2396,0.017,0.7434
CLUBS NINE CLUBS KING,0.2918,0.0098,0.6984
SPADES KING HEARTS ACE,0.3254,0.005,0.6696
HEARTS ACE DIAMONDS NINE,0.307,0.0066,0.6864
CLUBS NINE CLUBS QUEEN,0.3148,0.01,0.6752
CLUBS TEN DIAMONDS KING,0.306,0.006,0.688
CLUBS JACK CLUBS KING,0.2994,0.0052,0.6954
HEARTS SEVEN HEARTS SIX,0.4778,0.0654,0.4568
HEARTS THREE DIAMONDS NINE,0.3484,0.0508,0.6008
DIAMONDS QUEEN HEARTS JACK,0.3056,0.0104,0.684
SPADES KING SPADES FOUR,0.334,0.0112,0.6548
SPADES QUEEN CLUBS THREE,0.3618,0.0146,0.6236
CLUBS KING HEARTS TEN,0.3184,0.0066,0.675
HEARTS FIVE HEARTS TWO,0.565,0.1406,0.2944
SPADES NINE SPADES FOUR,0.3286,0.0478,0.6236
SPADES FIVE DIAMONDS TEN,0.3466,0.027,0.6264
CLUBS THREE SPADES FIVE,0.5068,0.0696,0.4236
CLUBS NINE DIAMONDS NINE,0.1266,0.0648,0.8086
CLUBS EIGHT HEARTS NINE,0.216,0.0974,0.6866
SPADES NINE DIAMONDS QUEEN,0.3092,0.0124,0.6784
HEARTS FIVE DIAMONDS TEN,0.3572,0.0258,0.617
SPADES JACK SPADES FIVE,0.3296,0.0162,0.6542
SPADES EIGHT HEARTS ACE,0.21,0.03,0.76
SPADES SIX DIAMONDS SEVEN,0.495,0.061,0.444
SPADES THREE SPADES TWO,0.5658,0.137,0.2972
DIAMONDS EIGHT DIAMONDS SIX,0.2126,0.3466,0.4408
SPADES EIGHT SPADES TWO,0.0244,0.8994,0.0762
CLUBS FOUR HEARTS TEN,0.3454,0.0312,0.6234
CLUBS JACK DIAMONDS KING,0.3252,0.0094,0.6654
CLUBS SEVEN HEARTS JACK,0.335,0.0182,0.6468
CLUBS JACK DIAMONDS TEN,0.3046,0.0124,0.683
SPADES JACK SPADES THREE,0.3424,0.0152,0.6424
SPADES SIX DIAMONDS TEN,0.334,0.027,0.639
CLUBS TEN DIAMONDS SEVEN,0.325,0.027,0.648
DIAMONDS QUEEN DIAMONDS JACK,0.2962,0.0092,0.6946
SPADES JACK DIAMONDS JACK,0.1264,0.0424,0.8312
CLUBS JACK HEARTS SEVEN,0.3518,0.0188,0.6294
SPADES QUEEN DIAMONDS JACK,0.3122,0.0118,0.676
CLUBS FOUR DIAMONDS TEN,0.3538,0.0264,0.6198
HEARTS FOUR HEARTS JACK,0.3422,0.0198,0.638
DIAMONDS ACE HEARTS NINE,0.318,0.0064,0.6756
CLUBS THREE HEARTS JACK,0.3604,0.02,0.6196
CLUBS SIX SPADES TWO,0.6072,0.1476,0.2452
CLUBS TEN HEARTS TWO,0.249,0.0724,0.6786
HEARTS SEVEN SPADES THREE,0.5522,0.0778,0.37
DIAMONDS QUEEN DIAMONDS SIX,0.3358,0.0116,0.6526
DIAMONDS FOUR SPADES TEN,0.3554,0.027,0.6176
DIAMONDS JACK CLUBS QUEEN,0.3124,0.009,0.6786
CLUBS EIGHT HEARTS KING,0.221,0.036,0.743
CLUBS FOUR DIAMONDS QUEEN,0.364,0.0134,0.6226
CLUBS TEN SPADES JACK,0.303,0.014,0.683
SPADES ACE SPADES THREE,0.3306,0.0052,0.6642
SPADES ACE CLUBS ACE,0.1318,0.0034,0.8648
CLUBS TEN DIAMONDS QUEEN,0.3132,0.0098,0.677
CLUBS NINE SPADES JACK,0.3098,0.0166,0.6736
DIAMONDS TEN SPADES THREE,0.3442,0.0334,0.6224
CLUBS JACK CLUBS TWO,0.2372,0.0534,0.7094
DIAMONDS FOUR DIAMONDS THREE,0.4856,0.0686,0.4458
CLUBS TWO SPADES TWO,0.2736,0.071,0.6554
HEARTS FOUR DIAMONDS SEVEN,0.5304,0.0718,0.3978
CLUBS FOUR HEARTS KING,0.3544,0.011,0.6346
HEARTS THREE HEARTS JACK,0.343,0.0196,0.6374
CLUBS TEN CLUBS SEVEN,0.312,0.025,0.663
SPADES TEN CLUBS KING,0.3078,0.0064,0.6858
CLUBS JACK HEARTS SIX,0.3646,0.0172,0.6182
CLUBS NINE DIAMONDS ACE,0.3232,0.005,0.6718
SPADES QUEEN DIAMONDS NINE,0.3098,0.01,0.6802
SPADES FIVE CLUBS KING,0.3458,0.0064,0.6478
SPADES FOUR DIAMONDS NINE,0.3504,0.049,0.6006
CLUBS THREE CLUBS ACE,0.338,0.0052,0.6568
DIAMONDS KING HEARTS QUEEN,0.3148,0.0092,0.676
SPADES TEN SPADES EIGHT,0.2074,0.084,0.7086
HEARTS SEVEN HEARTS FOUR,0.5096,0.069,0.4214
CLUBS TEN SPADES THREE,0.3732,0.0274,0.5994
CLUBS NINE HEARTS JACK,0.2944,0.019,0.6866
HEARTS FOUR DIAMONDS SIX,0.5068,0.0656,0.4276
DIAMONDS FOUR CLUBS THREE,0.5232,0.0724,0.4044
HEARTS THREE HEARTS QUEEN,0.342,0.0146,0.6434
SPADES THREE DIAMONDS FIVE,0.5106,0.0734,0.416
CLUBS ACE DIAMONDS FIVE,0.3354,0.0052,0.6594
HEARTS SIX CLUBS SIX,0.2512,0.0944,0.6544
CLUBS EIGHT SPADES NINE,0.2294,0.1024,0.6682
CLUBS JACK CLUBS QUEEN,0.3,0.014,0.686
HEARTS SEVEN SPADES SEVEN,0.2462,0.086,0.6678
DIAMONDS FOUR CLUBS SEVEN,0.5138,0.0716,0.4146
HEARTS SEVEN DIAMONDS FIVE,0.5122,0.0688,0.419
SPADES TEN HEARTS NINE,0.2832,0.0266,0.6902
SPADES SIX DIAMONDS NINE,0.3404,0.0442,0.6154
DIAMONDS ACE DIAMONDS SIX,0.344,0.006,0.65
HEARTS KING CLUBS KING,0.1246,0.016,0.8594
DIAMONDS NINE CLUBS QUEEN,0.3142,0.0106,0.6752
CLUBS SIX CLUBS FIVE,0.4618,0.0656,0.4726
DIAMONDS THREE SPADES SEVEN,0.5304,0.073,0.3966
SPADES FOUR CLUBS QUEEN,0.3566,0.0122,0.6312
DIAMONDS THREE HEARTS TWO,0.6108,0.1418,0.2474
SPADES EIGHT SPADES SEVEN,0.2048,0.2794,0.5158
CLUBS TWO HEARTS NINE,0.2312,0.104,0.6648
HEARTS THREE DIAMONDS QUEEN,0.3592,0.0152,0.6256
CLUBS SIX DIAMONDS QUEEN,0.3574,0.0096,0.633
SPADES EIGHT DIAMONDS NINE,0.2176,0.0968,0.6856
SPADES QUEEN CLUBS KING,0.3236,0.0054,0.671
SPADES SEVEN DIAMONDS QUEEN,0.3396,0.013,0.6474
DIAMONDS THREE HEARTS TEN,0.3392,0.031,0.6298
DIAMONDS ACE SPADES SEVEN,0.339,0.0058,0.6552
DIAMONDS JACK SPADES THREE,0.3518,0.0218,0.6264
HEARTS ACE DIAMONDS FIVE,0.3374,0.0046,0.658
SPADES FIVE DIAMONDS JACK,0.3484,0.0174,0.6342
CLUBS SIX CLUBS QUEEN,0.3436,0.0124,0.644
HEARTS SEVEN DIAMONDS QUEEN,0.3524,0.0132,0.6344
SPADES SEVEN CLUBS FOUR,0.512,0.071,0.417
DIAMONDS QUEEN SPADES FIVE,0.3544,0.0146,0.631
CLUBS NINE HEARTS FIVE,0.352,0.0428,0.6052
CLUBS ACE HEARTS TEN,0.313,0.0044,0.6826
CLUBS TEN CLUBS EIGHT,0.2094,0.0674,0.7232
DIAMONDS THREE HEARTS FIVE,0.5156,0.0708,0.4136
DIAMONDS JACK DIAMONDS TEN,0.2732,0.0126,0.7142
DIAMONDS FOUR DIAMONDS ACE,0.3318,0.0052,0.663
HEARTS FIVE SPADES EIGHT,0.2144,0.4472,0.3384
CLUBS JACK SPADES SEVEN,0.343,0.0196,0.6374
HEARTS QUEEN CLUBS QUEEN,0.1246,0.0252,0.8502
SPADES ACE DIAMONDS KING,0.3184,0.0062,0.6754
CLUBS KING DIAMONDS FIVE,0.343,0.008,0.649
SPADES NINE HEARTS TWO,0.2316,0.0994,0.669
CLUBS NINE CLUBS EIGHT,0.204,0.101,0.695
HEARTS KING DIAMONDS EIGHT,0.2196,0.0362,0.7442
CLUBS TEN DIAMONDS EIGHT,0.2208,0.0732,0.706
SPADES ACE CLUBS NINE,0.3264,0.0032,0.6704
HEARTS FOUR SPADES FIVE,0.5034,0.0698,0.4268
SPADES KING DIAMONDS KING,0.1138,0.0152,0.871
CLUBS TWO HEARTS TEN,0.2338,0.0774,0.6888
DIAMONDS JACK HEARTS TEN,0.293,0.0132,0.6938
SPADES SEVEN CLUBS ACE,0.359,0.0046,0.6364
CLUBS FIVE HEARTS JACK,0.3434,0.019,0.6376
SPADES TEN CLUBS ACE,0.3186,0.0058,0.6756
DIAMONDS FOUR DIAMONDS KING,0.3404,0.0094,0.6502
SPADES JACK HEARTS ACE,0.3178,0.0048,0.6774
SPADES EIGHT SPADES THREE,0.2024,0.494,0.3036
CLUBS SEVEN SPADES SEVEN,0.2438,0.0872,0.669
SPADES SEVEN DIAMONDS SEVEN,0.2488,0.08,0.6712
CLUBS NINE DIAMONDS QUEEN,0.3166,0.0092,0.6742
HEARTS FOUR SPADES SEVEN,0.521,0.0734,0.4056
SPADES TEN DIAMONDS QUEEN,0.31,0.0096,0.6804
HEARTS TWO DIAMONDS FIVE,0.5824,0.1556,0.262
SPADES SIX HEARTS NINE,0.332,0.0438,0.6242
DIAMONDS THREE DIAMONDS NINE,0.3354,0.04,0.6246
HEARTS KING DIAMONDS FIVE,0.3454,0.0104,0.6442
SPADES ACE CLUBS JACK,0.338,0.0048,0.6572
SPADES QUEEN HEARTS TWO,0.2484,0.0458,0.7058
CLUBS NINE SPADES SEVEN,0.3192,0.0388,0.642
HEARTS SEVEN DIAMONDS ACE,0.348,0.004,0.648
CLUBS EIGHT SPADES TWO,0.0192,0.961,0.0198
SPADES KING DIAMONDS FIVE,0.3532,0.009,0.6378
HEARTS SEVEN HEARTS QUEEN,0.3468,0.011,0.6422
SPADES JACK DIAMONDS QUEEN,0.3122,0.0104,0.6774
HEARTS FOUR DIAMONDS TEN,0.3472,0.0296,0.6232
CLUBS EIGHT CLUBS FOUR,0.195,0.481,0.324
CLUBS NINE SPADES SIX,0.3382,0.0374,0.6244
HEARTS TWO CLUBS FIVE,0.6076,0.1428,0.2496
CLUBS TEN CLUBS FIVE,0.3248,0.0254,0.6498
CLUBS JACK DIAMONDS THREE,0.3658,0.0212,0.613
HEARTS FIVE SPADES JACK,0.355,0.0202,0.6248
DIAMONDS ACE CLUBS TWO,0.2418,0.0182,0.74
SPADES TEN HEARTS THREE,0.3542,0.0336,0.6122
CLUBS TEN DIAMONDS FIVE,0.3562,0.028,0.6158
DIAMONDS QUEEN HEARTS KING,0.3052,0.0068,0.688
SPADES KING CLUBS QUEEN,0.3208,0.0076,0.6716
HEARTS THREE DIAMONDS KING,0.3502,0.0108,0.639
DIAMONDS FOUR HEARTS FOUR,0.256,0.1084,0.6356
DIAMONDS JACK DIAMONDS FIVE,0.3308,0.0208,0.6484
CLUBS KING HEARTS NINE,0.316,0.0092,0.6748
SPADES FOUR DIAMONDS SEVEN,0.5096,0.077,0.4134
CLUBS SEVEN DIAMONDS FIVE,0.5058,0.0648,0.4294
CLUBS NINE SPADES FIVE,0.3428,0.0442,0.613
CLUBS ACE HEARTS NINE,0.332,0.005,0.663
CLUBS SEVEN DIAMONDS JACK,0.3456,0.018,0.6364
SPADES JACK DIAMONDS TEN,0.3014,0.0164,0.6822
HEARTS FOUR CLUBS ACE,0.3444,0.0044,0.6512
DIAMONDS FOUR CLUBS KING,0.354,0.01,0.636
DIAMONDS FOUR CLUBS TEN,0.3566,0.0274,0.616
HEARTS TEN HEARTS NINE,0.2602,0.023,0.7168
SPADES KING DIAMONDS THREE,0.3582,0.009,0.6328
SPADES FIVE CLUBS ACE,0.3398,0.0046,0.6556
SPADES TWO DIAMONDS FIVE,0.5794,0.1448,0.2758
SPADES ACE SPADES TEN,0.3014,0.0058,0.6928
HEARTS FOUR HEARTS ACE,0.3288,0.0048,0.6664
SPADES KING CLUBS FOUR,0.3682,0.0084,0.6234
DIAMONDS KING HEARTS KING,0.1176,0.0136,0.8688
DIAMONDS QUEEN CLUBS ACE,0.3176,0.0036,0.6788
DIAMONDS KING HEARTS NINE,0.316,0.0088,0.6752
SPADES TEN HEARTS JACK,0.2918,0.0186,0.6896
DIAMONDS JACK SPADES FOUR,0.351,0.0228,0.6262
CLUBS JACK SPADES QUEEN,0.3114,0.0076,0.681
SPADES NINE CLUBS KING,0.3334,0.0082,0.6584
CLUBS FOUR DIAMONDS JACK,0.3456,0.021,0.6334
SPADES ACE DIAMONDS JACK,0.3218,0.0046,0.6736
SPADES FOUR DIAMONDS EIGHT,0.2198,0.5074,0.2728
CLUBS TWO CLUBS ACE,0.2174,0.0164,0.7662
CLUBS FOUR HEARTS NINE,0.3526,0.0456,0.6018
DIAMONDS SEVEN DIAMONDS SIX,0.4798,0.0612,0.459
CLUBS TEN HEARTS QUEEN,0.3176,0.011,0.6714
DIAMONDS NINE HEARTS QUEEN,0.296,0.012,0.692
DIAMONDS QUEEN DIAMONDS EIGHT,0.2226,0.053,0.7244
HEARTS THREE CLUBS QUEEN,0.3574,0.014,0.6286
DIAMONDS THREE DIAMONDS JACK,0.355,0.0204,0.6246
CLUBS SEVEN HEARTS TWO,0.6404,0.1364,0.2232
CLUBS SIX DIAMONDS ACE,0.3362,0.0056,0.6582
CLUBS TEN DIAMONDS SIX,0.3296,0.0296,0.6408
CLUBS TEN DIAMONDS THREE,0.36,0.0278,0.6122
CLUBS TEN SPADES FIVE,0.3514,0.0234,0.6252
DIAMONDS NINE DIAMONDS SIX,0.321,0.042,0.637
HEARTS SIX DIAMONDS QUEEN,0.3492,0.0158,0.635
CLUBS TEN HEARTS JACK,0.3032,0.015,0.6818
CLUBS TWO DIAMONDS SIX,0.608,0.1392,0.2528
SPADES NINE DIAMONDS JACK,0.3028,0.015,0.6822
DIAMONDS NINE SPADES TWO,0.2228,0.1036,0.6736
DIAMONDS EIGHT CLUBS KING,0.213,0.037,0.75
HEARTS FIVE CLUBS FOUR,0.5042,0.0708,0.425
DIAMONDS QUEEN SPADES THREE,0.3582,0.0096,0.6322
HEARTS KING HEARTS QUEEN,0.2954,0.0058,0.6988
SPADES SEVEN DIAMONDS FIVE,0.5084,0.066,0.4256
SPADES TEN SPADES SEVEN,0.3058,0.0262,0.668
SPADES FIVE DIAMONDS SEVEN,0.5102,0.0626,0.4272
DIAMONDS THREE SPADES FOUR,0.5154,0.0692,0.4154
HEARTS SIX CLUBS KING,0.3622,0.0084,0.6294
DIAMONDS JACK HEARTS QUEEN,0.298,0.0118,0.6902
DIAMONDS FOUR HEARTS QUEEN,0.3626,0.014,0.6234
HEARTS SIX HEARTS QUEEN,0.3396,0.0112,0.6492
SPADES SIX DIAMONDS QUEEN,0.3538,0.0092,0.637
CLUBS EIGHT DIAMONDS JACK,0.2126,0.0644,0.723
SPADES KING SPADES THREE,0.3368,0.0102,0.653
DIAMONDS FOUR DIAMONDS JACK,0.3458,0.0174,0.6368
CLUBS FIVE CLUBS FOUR,0.4656,0.0628,0.4716
HEARTS THREE HEARTS TEN,0.334,0.0292,0.6368
SPADES ACE SPADES JACK,0.2936,0.0054,0.701
DIAMONDS TEN CLUBS KING,0.3232,0.0072,0.6696
CLUBS SEVEN CLUBS KING,0.32,0.0082,0.6718
SPADES KING SPADES TWO,0.2302,0.0278,0.742
CLUBS JACK DIAMONDS SEVEN,0.343,0.0156,0.6414
HEARTS FIVE DIAMONDS JACK,0.3506,0.0188,0.6306
HEARTS TWO CLUBS FOUR,0.5938,0.144,0.2622
CLUBS SEVEN HEARTS TEN,0.3158,0.026,0.6582
CLUBS JACK HEARTS NINE,0.308,0.0162,0.6758
CLUBS JACK SPADES KING,0.3344,0.0058,0.6598
DIAMONDS KING DIAMONDS NINE,0.311,0.0066,0.6824
SPADES JACK CLUBS SEVEN,0.3528,0.0202,0.627
SPADES TEN HEARTS KING,0.3252,0.0088,0.666
HEARTS FOUR SPADES TWO,0.5986,0.1418,0.2596
SPADES QUEEN DIAMONDS KING,0.3298,0.0054,0.6648
HEARTS KING HEARTS JACK,0.3028,0.0082,0.689
DIAMONDS ACE DIAMONDS JACK,0.301,0.0066,0.6924
CLUBS EIGHT SPADES TEN,0.2234,0.0778,0.6988
HEARTS FIVE CLUBS KING,0.3496,0.009,0.6414
SPADES NINE CLUBS TWO,0.2254,0.1076,0.667
SPADES THREE CLUBS QUEEN,0.3704,0.0182,0.6114
HEARTS FOUR CLUBS TWO,0.6066,0.1514,0.242
DIAMONDS SEVEN CLUBS KING,0.3474,0.0114,0.6412
HEARTS TEN CLUBS QUEEN,0.3014,0.0094,0.6892
SPADES SEVEN HEARTS ACE,0.3458,0.0058,0.6484
SPADES TWO HEARTS NINE,0.2296,0.099,0.6714
SPADES TEN DIAMONDS FIVE,0.3604,0.03,0.6096
HEARTS FOUR SPADES SIX,0.5184,0.0704,0.4112
HEARTS QUEEN CLUBS KING,0.3064,0.0082,0.6854
HEARTS FIVE CLUBS EIGHT,0.2222,0.4384,0.3394
CLUBS SEVEN HEARTS ACE,0.339,0.0056,0.6554
HEARTS TWO HEARTS ACE,0.2342,0.0198,0.746
SPADES ACE CLUBS EIGHT,0.214,0.0294,0.7566
SPADES JACK HEARTS JACK,0.1344,0.042,0.8236
HEARTS TWO CLUBS ACE,0.238,0.018,0.744
CLUBS FIVE SPADES SIX,0.51,0.0614,0.4286
CLUBS SEVEN SPADES TWO,0.6162,0.1456,0.2382
SPADES TEN SPADES THREE,0.341,0.0278,0.6312
HEARTS ACE HEARTS KING,0.3062,0.0056,0.6882
CLUBS EIGHT DIAMONDS QUEEN,0.2248,0.0488,0.7264
CLUBS FIVE CLUBS THREE,0.4936,0.0622,0.4442
CLUBS THREE SPADES TWO,0.5918,0.1456,0.2626
DIAMONDS THREE SPADES THREE,0.2642,0.1084,0.6274
HEARTS SEVEN SPADES EIGHT,0.2196,0.2944,0.486
SPADES SIX HEARTS JACK,0.354,0.0194,0.6266
CLUBS TWO DIAMONDS NINE,0.2302,0.1026,0.6672
DIAMONDS THREE CLUBS SIX,0.5268,0.0718,0.4014
DIAMONDS EIGHT CLUBS QUEEN,0.2176,0.0532,0.7292
CLUBS JACK DIAMONDS SIX,0.354,0.0168,0.6292
SPADES TEN DIAMONDS JACK,0.2918,0.0154,0.6928
SPADES TWO HEARTS QUEEN,0.24,0.0428,0.7172
CLUBS SIX CLUBS THREE,0.4958,0.0654,0.4388
CLUBS KING CLUBS QUEEN,0.296,0.0062,0.6978
CLUBS SIX CLUBS KING,0.335,0.0086,0.6564
DIAMONDS FOUR HEARTS NINE,0.3418,0.0458,0.6124
CLUBS SIX SPADES EIGHT,0.219,0.3646,0.4164
HEARTS FIVE DIAMONDS QUEEN,0.3496,0.013,0.6374
SPADES THREE DIAMONDS EIGHT,0.2064,0.5416,0.252
HEARTS FOUR CLUBS SEVEN,0.5354,0.062,0.4026
SPADES TEN DIAMONDS TEN,0.1244,0.0562,0.8194
HEARTS SIX HEARTS NINE,0.3282,0.0404,0.6314
DIAMONDS EIGHT DIAMONDS SEVEN,0.1968,0.2894,0.5138
SPADES SIX HEARTS TEN,0.3334,0.0302,0.6364
HEARTS JACK HEARTS NINE,0.2986,0.0174,0.684
DIAMONDS KING DIAMONDS JACK,0.303,0.0076,0.6894
CLUBS TWO SPADES THREE,0.602,0.1428,0.2552
CLUBS FOUR CLUBS ACE,0.3274,0.0048,0.6678
DIAMONDS FOUR CLUBS NINE,0.3536,0.0432,0.6032
CLUBS NINE SPADES THREE,0.3538,0.0492,0.597
CLUBS SEVEN HEARTS THREE,0.5424,0.0658,0.3918
CLUBS SEVEN HEARTS KING,0.3394,0.0068,0.6538
CLUBS THREE DIAMONDS SEVEN,0.5356,0.068,0.3964
DIAMONDS FOUR SPADES FIVE,0.4886,0.0718,0.4396
HEARTS TWO CLUBS QUEEN,0.245,0.0444,0.7106
DIAMONDS THREE CLUBS EIGHT,0.2132,0.523,0.2638
SPADES ACE SPADES SIX,0.332,0.0036,0.6644
DIAMONDS JACK SPADES TWO,0.2356,0.0604,0.704
CLUBS SIX CLUBS ACE,0.3324,0.0048,0.6628
HEARTS SEVEN DIAMONDS SIX,0.4986,0.0682,0.4332
SPADES EIGHT SPADES FIVE,0.2078,0.4122,0.38
CLUBS FOUR SPADES FIVE,0.5178,0.0694,0.4128
CLUBS TEN SPADES TEN,0.1426,0.042,0.8154
DIAMONDS KING HEARTS TEN,0.2986,0.0092,0.6922
CLUBS SIX SPADES FOUR,0.5096,0.076,0.4144
HEARTS SEVEN DIAMONDS TEN,0.3208,0.0306,0.6486
HEARTS ACE HEARTS NINE,0.3008,0.0046,0.6946
HEARTS FIVE HEARTS KING,0.3354,0.0108,0.6538
HEARTS SIX SPADES TWO,0.6066,0.1472,0.2462
HEARTS FOUR HEARTS NINE,0.3346,0.0382,0.6272
DIAMONDS THREE HEARTS NINE,0.348,0.0472,0.6048
CLUBS THREE DIAMONDS JACK,0.3502,0.018,0.6318
CLUBS SIX HEARTS TEN,0.3402,0.0296,0.6302
SPADES JACK SPADES EIGHT,0.2144,0.065,0.7206
SPADES ACE DIAMONDS THREE,0.3448,0.0054,0.6498
HEARTS SEVEN SPADES QUEEN,0.3558,0.0126,0.6316
HEARTS ACE HEARTS TEN,0.3022,0.004,0.6938
DIAMONDS TEN DIAMONDS FIVE,0.338,0.0274,0.6346
SPADES JACK HEARTS FOUR,0.3626,0.0222,0.6152
SPADES ACE HEARTS NINE,0.3062,0.0042,0.6896
HEARTS THREE SPADES EIGHT,0.2184,0.533,0.2486
SPADES JACK HEARTS KING,0.3158,0.008,0.6762
CLUBS NINE DIAMONDS FIVE,0.3398,0.0456,0.6146
HEARTS SIX SPADES SEVEN,0.5012,0.065,0.4338
SPADES EIGHT DIAMONDS FIVE,0.2038,0.4486,0.3476
CLUBS TWO DIAMONDS JACK,0.2406,0.0586,0.7008
SPADES TEN CLUBS SIX,0.3504,0.027,0.6226
DIAMONDS SEVEN HEARTS NINE,0.3214,0.0418,0.6368
CLUBS TEN DIAMONDS JACK,0.2964,0.0106,0.693
SPADES SIX CLUBS ACE,0.3586,0.0038,0.6376
DIAMONDS JACK HEARTS KING,0.3122,0.0066,0.6812
HEARTS JACK DIAMONDS FIVE,0.3402,0.0194,0.6404
CLUBS QUEEN HEARTS NINE,0.3146,0.0116,0.6738
HEARTS FOUR CLUBS THREE,0.515,0.067,0.418
SPADES EIGHT DIAMONDS EIGHT,0.0578,0.084,0.8582
CLUBS JACK DIAMONDS EIGHT,0.215,0.0646,0.7204
HEARTS FOUR HEARTS KING,0.3398,0.0116,0.6486
DIAMONDS THREE HEARTS JACK,0.3504,0.02,0.6296
SPADES FOUR DIAMONDS FIVE,0.502,0.0794,0.4186
SPADES KING HEARTS KING,0.1252,0.0182,0.8566
CLUBS NINE DIAMONDS TEN,0.2922,0.024,0.6838
DIAMONDS QUEEN DIAMONDS TEN,0.2994,0.0116,0.689
CLUBS TWO HEARTS JACK,0.2322,0.0554,0.7124
DIAMONDS ACE DIAMONDS FIVE,0.3192,0.0044,0.6764
SPADES THREE HEARTS TEN,0.3666,0.0294,0.604
DIAMONDS THREE CLUBS ACE,0.3504,0.0064,0.6432
CLUBS SEVEN HEARTS QUEEN,0.345,0.014,0.641
DIAMONDS QUEEN CLUBS KING,0.3196,0.0086,0.6718
HEARTS SEVEN HEARTS KING,0.3374,0.01,0.6526
CLUBS NINE HEARTS NINE,0.1272,0.0586,0.8142
DIAMONDS FOUR DIAMONDS SEVEN,0.4906,0.0648,0.4446
CLUBS THREE DIAMONDS SIX,0.5248,0.0722,0.403
DIAMONDS QUEEN HEARTS TEN,0.3016,0.012,0.6864
CLUBS FIVE HEARTS ACE,0.3452,0.0064,0.6484
DIAMONDS THREE SPADES FIVE,0.52,0.0674,0.4126
DIAMONDS THREE HEARTS ACE,0.3454,0.0048,0.6498
CLUBS FIVE CLUBS QUEEN,0.3254,0.0138,0.6608
DIAMONDS TEN DIAMONDS SEVEN,0.3294,0.0258,0.6448
CLUBS EIGHT CLUBS SEVEN,0.1982,0.2778,0.524
CLUBS NINE HEARTS QUEEN,0.3128,0.0148,0.6724
HEARTS FIVE DIAMONDS SEVEN,0.4956,0.0716,0.4328
DIAMONDS ACE CLUBS QUEEN,0.3244,0.0046,0.671
HEARTS SIX DIAMONDS NINE,0.3316,0.0388,0.6296
CLUBS EIGHT CLUBS QUEEN,0.2068,0.0464,0.7468
SPADES ACE HEARTS SIX,0.3592,0.0056,0.6352
SPADES TEN SPADES FOUR,0.321,0.0256,0.6534
SPADES THREE HEARTS KING,0.3534,0.012,0.6346
SPADES EIGHT DIAMONDS QUEEN,0.228,0.0538,0.7182
CLUBS ACE HEARTS JACK,0.31,0.0054,0.6846
DIAMONDS ACE CLUBS KING,0.3238,0.005,0.6712
CLUBS TWO DIAMONDS FIVE,0.5964,0.1348,0.2688
HEARTS ACE SPADES TWO,0.2424,0.0168,0.7408
CLUBS SIX HEARTS JACK,0.3552,0.02,0.6248
CLUBS TEN HEARTS TEN,0.1278,0.0446,0.8276
DIAMONDS SIX HEARTS NINE,0.3254,0.0474,0.6272
SPADES NINE SPADES FIVE,0.324,0.0386,0.6374
CLUBS NINE DIAMONDS SEVEN,0.3102,0.0396,0.6502
HEARTS SEVEN CLUBS FIVE,0.5108,0.0646,0.4246
CLUBS FOUR SPADES THREE,0.5386,0.063,0.3984
CLUBS EIGHT DIAMONDS TEN,0.2214,0.0868,0.6918
DIAMONDS FOUR DIAMONDS QUEEN,0.3408,0.0124,0.6468
SPADES KING HEARTS TEN,0.3114,0.0068,0.6818
SPADES JACK DIAMONDS SIX,0.3466,0.0182,0.6352
CLUBS FOUR DIAMONDS SEVEN,0.5248,0.0716,0.4036
HEARTS SIX SPADES QUEEN,0.3502,0.014,0.6358
CLUBS FIVE CLUBS KING,0.3294,0.0094,0.6612
CLUBS ACE CLUBS KING,0.2982,0.0052,0.6966
DIAMONDS TEN HEARTS NINE,0.2964,0.021,0.6826
SPADES KING DIAMONDS EIGHT,0.2276,0.0382,0.7342
SPADES SEVEN DIAMONDS SIX,0.4892,0.0656,0.4452
CLUBS JACK HEARTS QUEEN,0.3158,0.0098,0.6744
CLUBS SEVEN SPADES SIX,0.5054,0.0592,0.4354
SPADES QUEEN CLUBS FIVE,0.345,0.0118,0.6432
SPADES TEN DIAMONDS NINE,0.29,0.0238,0.6862
SPADES NINE CLUBS FOUR,0.3536,0.043,0.6034
CLUBS FIVE SPADES SEVEN,0.5056,0.066,0.4284
CLUBS JACK CLUBS FIVE,0.3352,0.0188,0.646
DIAMONDS FOUR CLUBS TWO,0.589,0.149,0.262
SPADES TEN HEARTS TEN,0.1308,0.052,0.8172
SPADES SEVEN CLUBS QUEEN,0.3548,0.0136,0.6316
HEARTS KING HEARTS TEN,0.3092,0.0068,0.684
SPADES ACE CLUBS TWO,0.247,0.0156,0.7374
SPADES TEN DIAMONDS SIX,0.3358,0.0252,0.639
HEARTS TWO DIAMONDS SIX,0.6262,0.1378,0.236
CLUBS JACK SPADES EIGHT,0.2244,0.0668,0.7088
CLUBS THREE SPADES FOUR,0.5172,0.0662,0.4166
CLUBS NINE CLUBS ACE,0.295,0.0064,0.6986
CLUBS THREE CLUBS KING,0.3316,0.0084,0.66
HEARTS SIX CLUBS NINE,0.3358,0.0402,0.624
CLUBS SIX SPADES SIX,0.2502,0.0886,0.6612
CLUBS SEVEN DIAMONDS TEN,0.3222,0.0266,0.6512
CLUBS NINE DIAMONDS EIGHT,0.213,0.115,0.672
CLUBS SIX CLUBS TWO,0.5802,0.1298,0.29
DIAMONDS KING DIAMONDS SIX,0.3376,0.0086,0.6538
SPADES SIX SPADES FIVE,0.4636,0.0628,0.4736
SPADES ACE HEARTS FIVE,0.3432,0.0054,0.6514
HEARTS SEVEN HEARTS FIVE,0.4814,0.067,0.4516
CLUBS JACK SPADES JACK,0.149,0.0392,0.8118
SPADES NINE CLUBS QUEEN,0.3188,0.012,0.6692
CLUBS JACK HEARTS FOUR,0.3678,0.017,0.6152
HEARTS TWO HEARTS JACK,0.2448,0.0528,0.7024
DIAMONDS QUEEN SPADES FOUR,0.3562,0.0136,0.6302
HEARTS SEVEN CLUBS FOUR,0.529,0.0626,0.4084
SPADES KING HEARTS FOUR,0.3496,0.0104,0.64
HEARTS TWO DIAMONDS EIGHT,0.0094,0.9832,0.0074
HEARTS FIVE CLUBS QUEEN,0.3544,0.014,0.6316
HEARTS QUEEN CLUBS ACE,0.3328,0.0036,0.6636
SPADES EIGHT DIAMONDS JACK,0.2092,0.062,0.7288
HEARTS SEVEN CLUBS EIGHT,0.2162,0.2942,0.4896
SPADES SEVEN CLUBS THREE,0.5326,0.0682,0.3992
CLUBS FOUR SPADES SIX,0.5076,0.065,0.4274
CLUBS TEN CLUBS NINE,0.2882,0.0242,0.6876
CLUBS JACK CLUBS THREE,0.3456,0.0236,0.6308
CLUBS FOUR HEARTS ACE,0.3442,0.0036,0.6522
CLUBS THREE HEARTS ACE,0.3376,0.0038,0.6586
CLUBS TWO DIAMONDS EIGHT,0.0098,0.972,0.0182
SPADES NINE HEARTS ACE,0.3094,0.0048,0.6858
SPADES NINE CLUBS ACE,0.3178,0.0036,0.6786
HEARTS THREE CLUBS THREE,0.2714,0.113,0.6156
SPADES NINE DIAMONDS TEN,0.289,0.0224,0.6886
CLUBS EIGHT DIAMONDS ACE,0.217,0.0292,0.7538
DIAMONDS THREE CLUBS KING,0.3654,0.0102,0.6244
SPADES KING CLUBS THREE,0.3642,0.0066,0.6292
SPADES NINE HEARTS NINE,0.1344,0.0566,0.809
DIAMONDS THREE SPADES QUEEN,0.3672,0.0176,0.6152
CLUBS NINE SPADES FOUR,0.3544,0.0432,0.6024
HEARTS KING SPADES TWO,0.2514,0.0302,0.7184
HEARTS FIVE CLUBS SEVEN,0.506,0.0688,0.4252
CLUBS FIVE SPADES THREE,0.5176,0.0692,0.4132
HEARTS FOUR DIAMONDS QUEEN,0.3542,0.015,0.6308
HEARTS SEVEN HEARTS TWO,0.6018,0.1354,0.2628
CLUBS NINE CLUBS TWO,0.2228,0.0992,0.678
DIAMONDS THREE DIAMONDS ACE,0.3274,0.004,0.6686
SPADES TEN DIAMONDS ACE,0.3016,0.0042,0.6942
CLUBS THREE DIAMONDS EIGHT,0.217,0.534,0.249
SPADES JACK DIAMONDS SEVEN,0.34,0.013,0.647
HEARTS THREE DIAMONDS TEN,0.3604,0.0314,0.6082
DIAMONDS KING SPADES SIX,0.3498,0.0058,0.6444
CLUBS JACK SPADES FOUR,0.3546,0.019,0.6264
CLUBS SEVEN HEARTS NINE,0.3314,0.0414,0.6272
SPADES ACE HEARTS KING,0.324,0.0056,0.6704
HEARTS TWO HEARTS NINE,0.2246,0.1098,0.6656
DIAMONDS EIGHT HEARTS TEN,0.2044,0.0828,0.7128
SPADES SEVEN HEARTS QUEEN,0.3482,0.0162,0.6356
SPADES SEVEN SPADES FOUR,0.4968,0.0622,0.441
HEARTS FOUR DIAMONDS JACK,0.3524,0.0214,0.6262
SPADES ACE CLUBS FIVE,0.344,0.0046,0.6514
HEARTS FOUR SPADES FOUR,0.2614,0.1,0.6386
CLUBS TEN HEARTS THREE,0.3666,0.03,0.6034
HEARTS FIVE SPADES NINE,0.3424,0.042,0.6156
SPADES ACE DIAMONDS NINE,0.3312,0.0022,0.6666
SPADES SEVEN HEARTS JACK,0.3382,0.0184,0.6434
DIAMONDS NINE HEARTS JACK,0.2924,0.0176,0.69
SPADES SIX SPADES TWO,0.583,0.139,0.278
CLUBS FIVE DIAMONDS TEN,0.3488,0.031,0.6202
SPADES JACK SPADES NINE,0.2828,0.0162,0.701
SPADES TWO HEARTS JACK,0.2342,0.0546,0.7112
HEARTS SIX DIAMONDS TEN,0.3388,0.0304,0.6308
DIAMONDS KING SPADES FOUR,0.35,0.0084,0.6416
CLUBS FIVE HEARTS KING,0.3442,0.0078,0.648
DIAMONDS TEN CLUBS ACE,0.3276,0.0016,0.6708
DIAMONDS ACE DIAMONDS EIGHT,0.203,0.0314,0.7656
SPADES SIX DIAMONDS JACK,0.358,0.0196,0.6224
HEARTS SIX DIAMONDS KING,0.3404,0.0078,0.6518
SPADES ACE DIAMONDS QUEEN,0.327,0.005,0.668
SPADES EIGHT HEARTS NINE,0.216,0.105,0.679
DIAMONDS JACK HEARTS ACE,0.3194,0.0066,0.674
SPADES ACE CLUBS QUEEN,0.3282,0.0044,0.6674
HEARTS SEVEN CLUBS NINE,0.3296,0.0408,0.6296
DIAMONDS QUEEN DIAMONDS SEVEN,0.3364,0.0142,0.6494
SPADES TEN DIAMONDS KING,0.3236,0.0068,0.6696
DIAMONDS FOUR CLUBS FOUR,0.2528,0.1074,0.6398
DIAMONDS SEVEN HEARTS TEN,0.3196,0.0284,0.652
CLUBS EIGHT CLUBS THREE,0.1974,0.5044,0.2982
CLUBS EIGHT DIAMONDS NINE,0.2182,0.1076,0.6742
SPADES THREE DIAMONDS SEVEN,0.539,0.07,0.391
CLUBS JACK CLUBS TEN,0.2846,0.0136,0.7018
HEARTS SIX CLUBS FIVE,0.5126,0.0702,0.4172
CLUBS THREE CLUBS TWO,0.5588,0.1432,0.298
CLUBS TWO HEARTS QUEEN,0.24,0.0444,0.7156
DIAMONDS THREE DIAMONDS TEN,0.3432,0.0244,0.6324
DIAMONDS KING CLUBS THREE,0.3584,0.0084,0.6332
HEARTS FIVE CLUBS SIX,0.5022,0.0652,0.4326
SPADES EIGHT HEARTS QUEEN,0.2304,0.053,0.7166
SPADES KING SPADES JACK,0.3054,0.0078,0.6868
SPADES ACE HEARTS TEN,0.321,0.0042,0.6748
HEARTS THREE SPADES FIVE,0.5136,0.0682,0.4182
SPADES ACE HEARTS QUEEN,0.3214,0.0026,0.676
SPADES NINE SPADES TWO,0.228,0.0948,0.6772
HEARTS QUEEN HEARTS JACK,0.2926,0.0114,0.696
SPADES ACE DIAMONDS SIX,0.3502,0.002,0.6478
HEARTS TWO SPADES FOUR,0.5928,0.1406,0.2666
SPADES NINE CLUBS THREE,0.342,0.0458,0.6122
DIAMONDS FOUR SPADES NINE,0.3508,0.0424,0.6068
CLUBS THREE DIAMONDS NINE,0.357,0.0452,0.5978
CLUBS SIX CLUBS FOUR,0.486,0.0652,0.4488
DIAMONDS THREE SPADES NINE,0.3436,0.0426,0.6138
CLUBS EIGHT HEARTS THREE,0.2224,0.5252,0.2524
CLUBS JACK HEARTS TEN,0.3154,0.0144,0.6702
HEARTS SEVEN CLUBS ACE,0.345,0.0042,0.6508
SPADES QUEEN SPADES FIVE,0.3334,0.0136,0.653
CLUBS JACK SPADES TEN,0.3044,0.01,0.6856
HEARTS SIX SPADES NINE,0.3404,0.0428,0.6168
HEARTS THREE CLUBS FOUR,0.529,0.0688,0.4022
HEARTS KING DIAMONDS SIX,0.3414,0.0086,0.65
SPADES SIX SPADES FOUR,0.4808,0.0606,0.4586
HEARTS TWO SPADES TWO,0.2606,0.0762,0.6632
CLUBS TWO CLUBS QUEEN,0.2316,0.0406,0.7278
SPADES ACE DIAMONDS FIVE,0.3468,0.0056,0.6476
CLUBS JACK SPADES NINE,0.3084,0.0166,0.675
HEARTS SEVEN SPADES SIX,0.509,0.0614,0.4296
DIAMONDS KING CLUBS KING,0.123,0.0114,0.8656
DIAMONDS KING CLUBS TWO,0.228,0.0288,0.7432
SPADES QUEEN CLUBS NINE,0.3232,0.01,0.6668
HEARTS FIVE DIAMONDS FIVE,0.2482,0.1066,0.6452
CLUBS FOUR SPADES FOUR,0.2582,0.1132,0.6286
SPADES FIVE DIAMONDS FIVE,0.2544,0.1,0.6456
SPADES NINE SPADES EIGHT,0.2062,0.0934,0.7004
SPADES JACK CLUBS TWO,0.2538,0.0492,0.697
HEARTS SEVEN SPADES JACK,0.3452,0.0174,0.6374
SPADES SIX DIAMONDS EIGHT,0.2082,0.3718,0.42
CLUBS TEN CLUBS QUEEN,0.2882,0.011,0.7008
DIAMONDS ACE DIAMONDS SEVEN,0.3422,0.0034,0.6544
SPADES ACE SPADES SEVEN,0.3262,0.003,0.6708
DIAMONDS FOUR HEARTS THREE,0.521,0.0738,0.4052
DIAMONDS KING CLUBS ACE,0.319,0.0042,0.6768
CLUBS TEN DIAMONDS NINE,0.2842,0.0264,0.6894
SPADES ACE DIAMONDS TEN,0.3176,0.0048,0.6776
DIAMONDS THREE DIAMONDS SEVEN,0.4938,0.0634,0.4428
SPADES KING CLUBS NINE,0.3236,0.008,0.6684
HEARTS FIVE SPADES SEVEN,0.5216,0.065,0.4134
CLUBS FOUR DIAMONDS NINE,0.3446,0.0412,0.6142
HEARTS FOUR SPADES THREE,0.5192,0.0694,0.4114
CLUBS FOUR CLUBS THREE,0.5018,0.0654,0.4328
DIAMONDS ACE DIAMONDS QUEEN,0.3036,0.004,0.6924
DIAMONDS EIGHT DIAMONDS FIVE,0.2048,0.424,0.3712
HEARTS TWO HEARTS TEN,0.2354,0.0742,0.6904
HEARTS SIX DIAMONDS FIVE,0.4958,0.066,0.4382
CLUBS SEVEN CLUBS FIVE,0.4738,0.0638,0.4624
CLUBS FIVE CLUBS ACE,0.3282,0.0062,0.6656
HEARTS FIVE CLUBS FIVE,0.262,0.1052,0.6328
HEARTS SIX DIAMONDS EIGHT,0.2172,0.3668,0.416
CLUBS FOUR CLUBS KING,0.3218,0.0062,0.672
HEARTS FIVE SPADES FIVE,0.2604,0.1008,0.6388
SPADES KING HEARTS FIVE,0.3496,0.0056,0.6448
HEARTS THREE DIAMONDS ACE,0.3584,0.0064,0.6352
DIAMONDS THREE CLUBS QUEEN,0.3536,0.0136,0.6328
HEARTS SEVEN HEARTS NINE,0.3104,0.0414,0.6482
SPADES QUEEN SPADES JACK,0.2974,0.0078,0.6948
CLUBS JACK DIAMONDS FOUR,0.3454,0.0178,0.6368
SPADES ACE DIAMONDS FOUR,0.337,0.0054,0.6576
HEARTS SIX SPADES EIGHT,0.2236,0.3716,0.4048
HEARTS TWO DIAMONDS ACE,0.236,0.0178,0.7462
SPADES TEN SPADES SIX,0.308,0.0298,0.6622
SPADES THREE HEARTS QUEEN,0.3778,0.0132,0.609
CLUBS FIVE DIAMONDS JACK,0.3448,0.0158,0.6394
CLUBS JACK HEARTS KING,0.3126,0.007,0.6804
SPADES FOUR DIAMONDS SIX,0.5122,0.0666,0.4212
CLUBS EIGHT HEARTS TEN,0.223,0.0834,0.6936
HEARTS FOUR CLUBS SIX,0.523,0.0704,0.4066
HEARTS SIX HEARTS JACK,0.3454,0.0192,0.6354
CLUBS FIVE DIAMONDS ACE,0.3508,0.0034,0.6458
SPADES ACE HEARTS FOUR,0.3484,0.0056,0.646
SPADES KING SPADES EIGHT,0.2278,0.0354,0.7368
SPADES KING CLUBS EIGHT,0.2398,0.0332,0.727
CLUBS EIGHT DIAMONDS SEVEN,0.2038,0.3046,0.4916
CLUBS JACK CLUBS ACE,0.3072,0.0054,0.6874
CLUBS TEN SPADES SEVEN,0.3346,0.0256,0.6398
SPADES QUEEN HEARTS JACK,0.308,0.0098,0.6822
CLUBS FIVE SPADES TWO,0.59,0.142,0.268
HEARTS FOUR DIAMONDS EIGHT,0.2094,0.5254,0.2652
HEARTS FIVE CLUBS ACE,0.3482,0.0048,0.647
SPADES EIGHT CLUBS FOUR,0.2112,0.5142,0.2746
SPADES TEN CLUBS THREE,0.357,0.0292,0.6138
SPADES TEN HEARTS ACE,0.321,0.0044,0.6746
DIAMONDS JACK CLUBS KING,0.306,0.0046,0.6894
DIAMONDS KING DIAMONDS TEN,0.3084,0.0084,0.6832
DIAMONDS FOUR HEARTS JACK,0.343,0.0172,0.6398
CLUBS EIGHT SPADES THREE,0.2154,0.5264,0.2582
CLUBS FIVE DIAMONDS SIX,0.4966,0.0678,0.4356
DIAMONDS NINE CLUBS KING,0.3094,0.0062,0.6844
DIAMONDS FOUR DIAMONDS NINE,0.3376,0.0464,0.616
CLUBS TEN SPADES TWO,0.2422,0.0692,0.6886
HEARTS NINE DIAMONDS FIVE,0.3326,0.0452,0.6222
DIAMONDS QUEEN DIAMONDS NINE,0.3084,0.0086,0.683
DIAMONDS FOUR DIAMONDS EIGHT,0.2156,0.4762,0.3082
SPADES QUEEN DIAMONDS EIGHT,0.2212,0.0512,0.7276
CLUBS NINE DIAMONDS SIX,0.3292,0.0416,0.6292
SPADES ACE DIAMONDS EIGHT,0.2118,0.0312,0.757
SPADES FOUR HEARTS TEN,0.3534,0.0328,0.6138
CLUBS NINE CLUBS FOUR,0.337,0.0418,0.6212
HEARTS JACK DIAMONDS SIX,0.3558,0.0178,0.6264
CLUBS NINE SPADES EIGHT,0.2256,0.1038,0.6706
SPADES KING DIAMONDS SIX,0.3466,0.0068,0.6466
CLUBS QUEEN DIAMONDS FIVE,0.3518,0.012,0.6362
HEARTS FIVE DIAMONDS ACE,0.3356,0.0058,0.6586
HEARTS FOUR CLUBS KING,0.359,0.0102,0.6308
CLUBS FIVE SPADES FOUR,0.5256,0.0696,0.4048
DIAMONDS QUEEN CLUBS QUEEN,0.1266,0.028,0.8454
DIAMONDS EIGHT HEARTS NINE,0.2218,0.1074,0.6708
DIAMONDS KING SPADES TWO,0.2322,0.0282,0.7396
HEARTS SEVEN SPADES TWO,0.6164,0.1502,0.2334
SPADES KING HEARTS TWO,0.2416,0.0324,0.726
DIAMONDS FOUR HEARTS TWO,0.59,0.1426,0.2674
CLUBS TEN SPADES NINE,0.2912,0.0194,0.6894
SPADES QUEEN CLUBS SIX,0.3596,0.0118,0.6286
SPADES TWO CLUBS ACE,0.2402,0.0168,0.743
HEARTS TWO SPADES SEVEN,0.6264,0.1388,0.2348
SPADES ACE CLUBS SIX,0.3562,0.0038,0.64
CLUBS FOUR DIAMONDS KING,0.3396,0.0092,0.6512
CLUBS FIVE HEARTS QUEEN,0.3456,0.0148,0.6396
HEARTS SIX HEARTS TWO,0.5846,0.1432,0.2722
SPADES SEVEN CLUBS TWO,0.6162,0.1436,0.2402
SPADES JACK HEARTS NINE,0.2944,0.0182,0.6874
DIAMONDS ACE SPADES FOUR,0.3434,0.0044,0.6522
HEARTS SIX HEARTS FIVE,0.4786,0.0602,0.4612
SPADES QUEEN SPADES TEN,0.2946,0.0108,0.6946
CLUBS FOUR DIAMONDS EIGHT,0.2052,0.5136,0.2812
SPADES KING HEARTS SIX,0.3558,0.009,0.6352
SPADES TEN SPADES TWO,0.2294,0.0674,0.7032
CLUBS SIX HEARTS TWO,0.6264,0.1422,0.2314
CLUBS SIX DIAMONDS KING,0.3288,0.0102,0.661
DIAMONDS FOUR DIAMONDS TEN,0.331,0.0262,0.6428
SPADES ACE HEARTS ACE,0.1198,0.0046,0.8756
CLUBS NINE SPADES NINE,0.134,0.0616,0.8044
DIAMONDS FOUR CLUBS QUEEN,0.357,0.012,0.631
CLUBS FIVE SPADES FIVE,0.257,0.0928,0.6502
SPADES TEN DIAMONDS EIGHT,0.2228,0.0772,0.7
HEARTS FIVE HEARTS JACK,0.3378,0.0188,0.6434
SPADES TEN CLUBS TWO,0.2484,0.0716,0.68
HEARTS SEVEN DIAMONDS SEVEN,0.2424,0.0874,0.6702
HEARTS SIX HEARTS ACE,0.338,0.0066,0.6554
DIAMONDS SEVEN DIAMONDS FIVE,0.4858,0.067,0.4472
SPADES FIVE SPADES THREE,0.4824,0.0618,0.4558
SPADES KING CLUBS ACE,0.3202,0.0044,0.6754
SPADES KING DIAMONDS JACK,0.3144,0.006,0.6796
SPADES QUEEN DIAMONDS TEN,0.2996,0.0118,0.6886
CLUBS ACE DIAMONDS SIX,0.3462,0.0042,0.6496
SPADES QUEEN CLUBS EIGHT,0.231,0.0494,0.7196
CLUBS SEVEN SPADES FIVE,0.5092,0.0636,0.4272
HEARTS THREE SPADES THREE,0.268,0.1076,0.6244
SPADES ACE SPADES QUEEN,0.3008,0.0042,0.695
SPADES ACE SPADES TWO,0.2188,0.0164,0.7648
SPADES KING DIAMONDS TEN,0.3086,0.0056,0.6858
SPADES QUEEN DIAMONDS SEVEN,0.3614,0.0116,0.627
CLUBS JACK HEARTS JACK,0.1344,0.0392,0.8264
SPADES SEVEN SPADES SIX,0.4594,0.0636,0.477
SPADES TEN SPADES FIVE,0.3334,0.0314,0.6352
DIAMONDS THREE CLUBS SEVEN,0.5436,0.0704,0.386
HEARTS FIVE CLUBS THREE,0.5164,0.0708,0.4128
HEARTS FIVE DIAMONDS SIX,0.5086,0.0714,0.42
HEARTS KING CLUBS ACE,0.3184,0.0028,0.6788
CLUBS NINE HEARTS KING,0.3184,0.0116,0.67
DIAMONDS FOUR HEARTS FIVE,0.4978,0.066,0.4362
HEARTS THREE DIAMONDS EIGHT,0.2188,0.5266,0.2546
CLUBS EIGHT CLUBS KING,0.2128,0.0436,0.7436
SPADES KING SPADES TEN,0.2912,0.008,0.7008
CLUBS SIX DIAMONDS NINE,0.33,0.0404,0.6296
SPADES QUEEN HEARTS TEN,0.3204,0.0106,0.669
SPADES NINE DIAMONDS NINE,0.1316,0.055,0.8134
HEARTS THREE CLUBS TWO,0.6,0.1344,0.2656
CLUBS TEN HEARTS NINE,0.2932,0.0272,0.6796
SPADES QUEEN SPADES NINE,0.2896,0.0106,0.6998
SPADES QUEEN CLUBS SEVEN,0.346,0.013,0.641
SPADES TEN HEARTS TWO,0.2392,0.0704,0.6904
DIAMONDS ACE CLUBS FOUR,0.3324,0.0036,0.664
HEARTS ACE DIAMONDS TEN,0.3036,0.0052,0.6912
CLUBS THREE SPADES THREE,0.2622,0.1026,0.6352
DIAMONDS EIGHT CLUBS ACE,0.2138,0.0308,0.7554
HEARTS SEVEN SPADES KING,0.3508,0.0084,0.6408
HEARTS FOUR CLUBS QUEEN,0.3734,0.0118,0.6148
CLUBS SIX SPADES SEVEN,0.5032,0.0652,0.4316
SPADES FIVE DIAMONDS EIGHT,0.2134,0.4378,0.3488
HEARTS TEN DIAMONDS SIX,0.3296,0.0298,0.6406
HEARTS TWO HEARTS QUEEN,0.2256,0.0412,0.7332
HEARTS SEVEN DIAMONDS THREE,0.5428,0.0702,0.387
SPADES NINE HEARTS KING,0.3116,0.0088,0.6796
SPADES TWO DIAMONDS SEVEN,0.6226,0.1376,0.2398
SPADES JACK HEARTS TEN,0.3114,0.014,0.6746
CLUBS SEVEN CLUBS FOUR,0.4862,0.0666,0.4472
HEARTS FIVE HEARTS TEN,0.3308,0.0284,0.6408
HEARTS FOUR DIAMONDS NINE,0.3498,0.045,0.6052
CLUBS TEN SPADES QUEEN,0.3166,0.0106,0.6728
CLUBS JACK CLUBS SEVEN,0.3216,0.0166,0.6618
CLUBS SEVEN DIAMONDS SIX,0.5038,0.0632,0.433
HEARTS SIX CLUBS THREE,0.5306,0.0732,0.3962
SPADES QUEEN SPADES TWO,0.2308,0.0406,0.7286
SPADES KING SPADES NINE,0.3114,0.008,0.6806
HEARTS FIVE SPADES TWO,0.606,0.1382,0.2558
DIAMONDS SIX DIAMONDS FIVE,0.4816,0.0612,0.4572
SPADES THREE HEARTS JACK,0.3576,0.018,0.6244
SPADES FIVE HEARTS JACK,0.352,0.0194,0.6286
SPADES NINE SPADES SEVEN,0.3036,0.0386,0.6578
DIAMONDS JACK HEARTS NINE,0.2982,0.0182,0.6836
HEARTS THREE DIAMONDS JACK,0.3598,0.019,0.6212
HEARTS THREE CLUBS ACE,0.371,0.006,0.623
SPADES EIGHT DIAMONDS SIX,0.2198,0.3834,0.3968
HEARTS SIX DIAMONDS JACK,0.361,0.0184,0.6206
HEARTS ACE CLUBS ACE,0.1158,0.0058,0.8784
HEARTS SEVEN CLUBS SIX,0.4988,0.0708,0.4304
HEARTS TWO SPADES FIVE,0.6014,0.143,0.2556
DIAMONDS FOUR DIAMONDS SIX,0.4944,0.064,0.4416
CLUBS FOUR HEARTS QUEEN,0.357,0.0116,0.6314
CLUBS FOUR DIAMONDS SIX,0.5106,0.0718,0.4176
DIAMONDS THREE CLUBS TWO,0.5916,0.1486,0.2598
SPADES FOUR SPADES TWO,0.547,0.1338,0.3192
SPADES QUEEN DIAMONDS FIVE,0.3462,0.013,0.6408
SPADES FOUR SPADES THREE,0.4892,0.0704,0.4404
HEARTS FIVE SPADES FOUR,0.5174,0.066,0.4166
HEARTS SIX SPADES TEN,0.3506,0.0282,0.6212
SPADES JACK CLUBS ACE,0.332,0.0046,0.6634
DIAMONDS FOUR SPADES FOUR,0.2582,0.1042,0.6376
CLUBS SEVEN SPADES THREE,0.5464,0.0648,0.3888
DIAMONDS KING HEARTS JACK,0.309,0.0096,0.6814
HEARTS SEVEN HEARTS TEN,0.325,0.0262,0.6488
CLUBS TWO CLUBS KING,0.2328,0.0312,0.736
DIAMONDS ACE CLUBS ACE,0.1148,0.004,0.8812
HEARTS FIVE DIAMONDS EIGHT,0.1996,0.457,0.3434
CLUBS SEVEN CLUBS ACE,0.3338,0.0042,0.662
DIAMONDS KING DIAMONDS SEVEN,0.3296,0.0078,0.6626
CLUBS SEVEN DIAMONDS KING,0.3418,0.009,0.6492
SPADES TEN HEARTS QUEEN,0.315,0.011,0.674
SPADES EIGHT HEARTS KING,0.2206,0.0372,0.7422
HEARTS SIX CLUBS QUEEN,0.3552,0.0128,0.632
SPADES QUEEN CLUBS ACE,0.335,0.0026,0.6624
SPADES QUEEN SPADES FOUR,0.3388,0.0152,0.646
CLUBS TWO SPADES FOUR,0.5856,0.1438,0.2706
SPADES ACE CLUBS SEVEN,0.3546,0.0028,0.6426
DIAMONDS THREE CLUBS NINE,0.3506,0.0464,0.603
HEARTS KING DIAMONDS NINE,0.3152,0.008,0.6768
HEARTS QUEEN DIAMONDS EIGHT,0.2124,0.0526,0.735
SPADES JACK HEARTS TWO,0.2324,0.0602,0.7074
CLUBS SIX HEARTS KING,0.3522,0.0082,0.6396
CLUBS FOUR DIAMONDS FIVE,0.4812,0.0656,0.4532
HEARTS ACE HEARTS QUEEN,0.3154,0.005,0.6796
SPADES FIVE HEARTS KING,0.3476,0.0076,0.6448
DIAMONDS QUEEN CLUBS TWO,0.2338,0.0394,0.7268
CLUBS TEN SPADES FOUR,0.3536,0.031,0.6154
HEARTS KING HEARTS NINE,0.307,0.0112,0.6818
HEARTS THREE DIAMONDS SEVEN,0.5352,0.066,0.3988
CLUBS SEVEN SPADES FOUR,0.5138,0.0694,0.4168
DIAMONDS QUEEN SPADES TWO,0.2374,0.0418,0.7208
HEARTS SIX DIAMONDS ACE,0.3474,0.004,0.6486
DIAMONDS QUEEN HEARTS QUEEN,0.1208,0.0268,0.8524
SPADES JACK DIAMONDS KING,0.3162,0.0068,0.677
HEARTS SIX SPADES SIX,0.2466,0.0964,0.657
SPADES JACK CLUBS KING,0.3218,0.0082,0.67
HEARTS THREE DIAMONDS FIVE,0.5288,0.0702,0.401
HEARTS SIX HEARTS KING,0.3408,0.009,0.6502
SPADES KING DIAMONDS ACE,0.3278,0.004,0.6682
SPADES KING CLUBS TEN,0.324,0.0072,0.6688
SPADES JACK CLUBS EIGHT,0.2338,0.0604,0.7058
SPADES EIGHT CLUBS QUEEN,0.2244,0.05,0.7256
SPADES FOUR HEARTS ACE,0.3436,0.0046,0.6518
CLUBS EIGHT SPADES FOUR,0.2142,0.5102,0.2756
CLUBS THREE DIAMONDS FIVE,0.5106,0.0692,0.4202
SPADES NINE SPADES THREE,0.3342,0.0378,0.628
CLUBS EIGHT HEARTS FOUR,0.2058,0.5188,0.2754
HEARTS FOUR DIAMONDS ACE,0.3508,0.0062,0.643
DIAMONDS FOUR CLUBS SIX,0.5044,0.0684,0.4272
HEARTS ACE HEARTS JACK,0.324,0.0052,0.6708
HEARTS SIX DIAMONDS THREE,0.5336,0.0714,0.395
CLUBS EIGHT SPADES FIVE,0.2102,0.4414,0.3484
SPADES JACK DIAMONDS NINE,0.2986,0.0188,0.6826
CLUBS JACK CLUBS NINE,0.2894,0.0182,0.6924
HEARTS SIX HEARTS FOUR,0.5084,0.068,0.4236
SPADES SEVEN SPADES THREE,0.5044,0.0632,0.4324
SPADES SEVEN SPADES TWO,0.584,0.1336,0.2824
HEARTS SIX SPADES THREE,0.532,0.0728,0.3952
CLUBS NINE SPADES TWO,0.2436,0.1032,0.6532
CLUBS FIVE HEARTS NINE,0.337,0.046,0.617
HEARTS FOUR SPADES EIGHT,0.2084,0.52,0.2716
DIAMONDS TEN CLUBS QUEEN,0.3086,0.0118,0.6796
SPADES ACE DIAMONDS SEVEN,0.3348,0.005,0.6602
HEARTS THREE SPADES TWO,0.6108,0.147,0.2422
CLUBS NINE HEARTS FOUR,0.358,0.0464,0.5956
CLUBS JACK CLUBS SIX,0.3274,0.0162,0.6564
CLUBS EIGHT CLUBS SIX,0.1942,0.3532,0.4526
SPADES ACE CLUBS TEN,0.3096,0.003,0.6874
SPADES KING CLUBS FIVE,0.365,0.0082,0.6268
HEARTS TWO DIAMONDS TEN,0.2444,0.0754,0.6802
HEARTS TEN DIAMONDS FIVE,0.354,0.0262,0.6198
SPADES KING HEARTS NINE,0.3206,0.0084,0.671
SPADES SIX SPADES THREE,0.4896,0.0698,0.4406
SPADES JACK DIAMONDS EIGHT,0.227,0.0574,0.7156
SPADES ACE SPADES EIGHT,0.2076,0.0336,0.7588
DIAMONDS NINE DIAMONDS EIGHT,0.22,0.0984,0.6816
HEARTS SIX CLUBS EIGHT,0.2184,0.3672,0.4144
HEARTS FOUR HEARTS TEN,0.3304,0.029,0.6406
CLUBS SEVEN CLUBS TWO,0.5914,0.1262,0.2824
SPADES FOUR HEARTS JACK,0.3478,0.0242,0.628
CLUBS TEN DIAMONDS TEN,0.1332,0.0478,0.819
CLUBS NINE DIAMONDS KING,0.3272,0.0076,0.6652
SPADES FIVE DIAMONDS SIX,0.4886,0.0728,0.4386
SPADES SIX HEARTS KING,0.3618,0.0068,0.6314
HEARTS THREE CLUBS KING,0.3618,0.0088,0.6294
SPADES TEN SPADES NINE,0.2814,0.023,0.6956
SPADES JACK SPADES SEVEN,0.3212,0.0176,0.6612
SPADES ACE SPADES FOUR,0.3194,0.0044,0.6762
DIAMONDS KING DIAMONDS QUEEN,0.3084,0.0056,0.686
DIAMONDS THREE HEARTS KING,0.3572,0.008,0.6348
DIAMONDS SEVEN CLUBS QUEEN,0.3506,0.0152,0.6342
HEARTS FIVE DIAMONDS NINE,0.3448,0.0468,0.6084
SPADES TWO CLUBS QUEEN,0.2316,0.0384,0.73
DIAMONDS ACE HEARTS TEN,0.3148,0.0048,0.6804
HEARTS SEVEN DIAMONDS JACK,0.3374,0.0184,0.6442
CLUBS FIVE DIAMONDS EIGHT,0.21,0.4434,0.3466
DIAMONDS ACE SPADES FIVE,0.3426,0.004,0.6534
CLUBS TWO DIAMONDS SEVEN,0.6264,0.1376,0.236
CLUBS JACK SPADES THREE,0.3632,0.0216,0.6152
HEARTS SIX DIAMONDS SEVEN,0.4862,0.0656,0.4482
SPADES QUEEN CLUBS QUEEN,0.1382,0.0248,0.837
HEARTS FOUR SPADES TEN,0.3578,0.0278,0.6144
SPADES QUEEN SPADES SIX,0.3386,0.0128,0.6486
