opposingHand,winningChance,drawChance,lostChance
HEARTS SIX SPADES KING
SPADES TEN HEARTS FIVE,0.6458,0.0086,0.3456
SPADES JACK HEARTS FIVE,0.6384,0.0068,0.3548
SPADES FIVE CLUBS JACK,0.629,0.0068,0.3642
CLUBS TEN SPADES FIVE,0.6326,0.0062,0.3612
CLUBS EIGHT CLUBS JACK,0.5388,0.007,0.4542
CLUBS TEN CLUBS EIGHT,0.5208,0.007,0.4722
CLUBS EIGHT CLUBS KING,0.2182,0.2208,0.561
SPADES FIVE CLUBS ACE,0.3868,0.004,0.6092
CLUBS EIGHT CLUBS QUEEN,0.553,0.0056,0.4414
SPADES FIVE CLUBS KING,0.3922,0.3906,0.2172
SPADES FIVE CLUBS QUEEN,0.6378,0.0056,0.3566
CLUBS EIGHT CLUBS ACE,0.3446,0.0042,0.6512
DIAMONDS TWO DIAMONDS THREE,0.6106,0.0078,0.3816
DIAMONDS TWO DIAMONDS FIVE,0.6078,0.0076,0.3846
DIAMONDS TWO DIAMONDS FOUR,0.598,0.0066,0.3954
SPADES QUEEN HEARTS FIVE,0.647,0.0086,0.3444
DIAMONDS TWO DIAMONDS SEVEN,0.6036,0.005,0.3914
DIAMONDS TWO DIAMONDS SIX,0.6768,0.0356,0.2876
SPADES ACE HEARTS FIVE,0.3876,0.005,0.6074
DIAMONDS TWO DIAMONDS NINE,0.595,0.0082,0.3968
DIAMONDS TWO DIAMONDS EIGHT,0.6004,0.0066,0.393
DIAMONDS THREE DIAMONDS FOUR,0.6022,0.0078,0.39
SPADES FOUR CLUBS TWO,0.653,0.009,0.338
DIAMONDS THREE DIAMONDS FIVE,0.5806,0.0076,0.4118
SPADES FIVE CLUBS TWO,0.6536,0.0086,0.3378
CLUBS TWO SPADES TWO,0.4498,0.0182,0.532
CLUBS TWO SPADES THREE,0.6544,0.0078,0.3378
DIAMONDS THREE DIAMONDS EIGHT,0.5954,0.0074,0.3972
SPADES EIGHT CLUBS TWO,0.6446,0.0088,0.3466
DIAMONDS THREE DIAMONDS NINE,0.574,0.0076,0.4184
SPADES NINE CLUBS TWO,0.6316,0.0112,0.3572
DIAMONDS THREE DIAMONDS SIX,0.6516,0.043,0.3054
SPADES SIX CLUBS TWO,0.729,0.0428,0.2282
DIAMONDS THREE DIAMONDS SEVEN,0.5968,0.0082,0.395
SPADES SEVEN CLUBS TWO,0.6428,0.005,0.3522
CLUBS SIX CLUBS TWO,0.6664,0.0384,0.2952
CLUBS SEVEN CLUBS TWO,0.5936,0.0086,0.3978
CLUBS FOUR CLUBS TWO,0.6044,0.0084,0.3872
CLUBS FIVE CLUBS TWO,0.609,0.008,0.383
CLUBS TEN CLUBS JACK,0.5098,0.0054,0.4848
DIAMONDS FOUR DIAMONDS SIX,0.6584,0.0344,0.3072
CLUBS TEN CLUBS QUEEN,0.5242,0.0054,0.4704
DIAMONDS FOUR DIAMONDS SEVEN,0.5718,0.008,0.4202
CLUBS TEN CLUBS KING,0.2186,0.1088,0.6726
CLUBS TEN CLUBS ACE,0.3286,0.0038,0.6676
CLUBS EIGHT CLUBS TWO,0.5962,0.0076,0.3962
DIAMONDS FIVE DIAMONDS FOUR,0.5834,0.0086,0.408
CLUBS NINE CLUBS TWO,0.5896,0.0082,0.4022
DIAMONDS NINE DIAMONDS FOUR,0.5836,0.0082,0.4082
DIAMONDS EIGHT DIAMONDS FOUR,0.5754,0.0086,0.416
CLUBS THREE CLUBS TWO,0.607,0.0094,0.3836
DIAMONDS NINE DIAMONDS FIVE,0.5934,0.0076,0.399
DIAMONDS TWO CLUBS JACK,0.6306,0.0094,0.36
DIAMONDS EIGHT DIAMONDS FIVE,0.5762,0.007,0.4168
CLUBS TEN DIAMONDS TWO,0.6246,0.0088,0.3666
DIAMONDS FIVE DIAMONDS SEVEN,0.5706,0.0068,0.4226
DIAMONDS FIVE DIAMONDS SIX,0.6332,0.037,0.3298
DIAMONDS TWO CLUBS ACE,0.4042,0.0036,0.5922
DIAMONDS TWO CLUBS KING,0.401,0.3672,0.2318
DIAMONDS TWO CLUBS QUEEN,0.6358,0.0074,0.3568
DIAMONDS EIGHT DIAMONDS SIX,0.649,0.0308,0.3202
DIAMONDS NINE DIAMONDS SIX,0.6624,0.0296,0.308
HEARTS ACE SPADES THREE,0.3932,0.006,0.6008
SPADES THREE HEARTS KING,0.394,0.38,0.226
DIAMONDS SEVEN DIAMONDS SIX,0.6374,0.0316,0.331
SPADES THREE HEARTS QUEEN,0.6296,0.0086,0.3618
SPADES THREE HEARTS JACK,0.6216,0.0092,0.3692
SPADES THREE HEARTS TEN,0.632,0.0064,0.3616
DIAMONDS EIGHT DIAMONDS SEVEN,0.5304,0.009,0.4606
DIAMONDS NINE DIAMONDS SEVEN,0.548,0.0076,0.4444
DIAMONDS NINE DIAMONDS EIGHT,0.5296,0.0064,0.464
DIAMONDS KING HEARTS TEN,0.227,0.115,0.658
HEARTS THREE HEARTS TEN,0.5986,0.0078,0.3936
SPADES JACK CLUBS SIX,0.7356,0.0392,0.2252
DIAMONDS KING HEARTS JACK,0.23,0.088,0.682
HEARTS THREE HEARTS JACK,0.5972,0.0078,0.395
SPADES TEN CLUBS SIX,0.7076,0.035,0.2574
SPADES JACK SPADES FIVE,0.6024,0.0072,0.3904
SPADES TEN SPADES FIVE,0.6126,0.006,0.3814
DIAMONDS KING HEARTS ACE,0.2356,0.0128,0.7516
HEARTS THREE HEARTS ACE,0.3748,0.0054,0.6198
SPADES ACE CLUBS SIX,0.2328,0.0304,0.7368
DIAMONDS KING HEARTS QUEEN,0.2424,0.0652,0.6924
HEARTS THREE HEARTS QUEEN,0.603,0.0102,0.3868
DIAMONDS KING HEARTS KING,0.0756,0.0148,0.9096
HEARTS THREE HEARTS KING,0.3736,0.3582,0.2682
SPADES QUEEN CLUBS SIX,0.7258,0.0414,0.2328
SPADES NINE HEARTS TEN,0.5362,0.0082,0.4556
SPADES NINE HEARTS JACK,0.5502,0.0064,0.4434
SPADES QUEEN SPADES FIVE,0.6154,0.007,0.3776
SPADES ACE SPADES FIVE,0.364,0.0034,0.6326
SPADES NINE HEARTS QUEEN,0.5802,0.0102,0.4096
SPADES NINE HEARTS KING,0.2354,0.1632,0.6014
SPADES NINE HEARTS ACE,0.3574,0.0044,0.6382
CLUBS TEN SPADES JACK,0.542,0.0068,0.4512
CLUBS TEN SPADES TEN,0.3054,0.0084,0.6862
SPADES ACE CLUBS TEN,0.3336,0.0032,0.6632
SPADES QUEEN CLUBS TEN,0.5472,0.0074,0.4454
SPADES FIVE HEARTS QUEEN,0.6354,0.0092,0.3554
SPADES FIVE HEARTS KING,0.3888,0.3908,0.2204
SPADES FIVE HEARTS ACE,0.3862,0.0034,0.6104
HEARTS THREE SPADES JACK,0.6332,0.0072,0.3596
SPADES JACK DIAMONDS KING,0.235,0.0912,0.6738
SPADES TEN CLUBS EIGHT,0.5716,0.006,0.4224
SPADES JACK CLUBS EIGHT,0.5804,0.005,0.4146
HEARTS THREE SPADES TEN,0.64,0.0076,0.3524
SPADES TEN DIAMONDS KING,0.23,0.1178,0.6522
CLUBS SIX HEARTS ACE,0.2308,0.029,0.7402
SPADES ACE CLUBS EIGHT,0.3434,0.0034,0.6532
HEARTS FIVE CLUBS JACK,0.6236,0.0074,0.369
CLUBS TEN HEARTS FIVE,0.6328,0.0082,0.359
CLUBS SIX HEARTS QUEEN,0.721,0.044,0.235
SPADES QUEEN CLUBS EIGHT,0.5888,0.0066,0.4046
CLUBS TEN SPADES THREE,0.6408,0.0076,0.3516
CLUBS SIX HEARTS KING,0.0098,0.9716,0.0186
SPADES THREE CLUBS JACK,0.6426,0.0066,0.3508
DIAMONDS TWO HEARTS JACK,0.6254,0.0064,0.3682
SPADES THREE CLUBS QUEEN,0.6414,0.0078,0.3508
DIAMONDS TWO HEARTS TEN,0.6352,0.0078,0.357
SPADES THREE CLUBS KING,0.4008,0.3808,0.2184
HEARTS FIVE CLUBS ACE,0.393,0.0046,0.6024
SPADES FIVE HEARTS TEN,0.6198,0.0094,0.3708
SPADES THREE CLUBS ACE,0.3912,0.0052,0.6036
HEARTS FIVE CLUBS KING,0.402,0.384,0.214
SPADES FIVE HEARTS JACK,0.6272,0.0068,0.366
HEARTS FIVE CLUBS QUEEN,0.6304,0.0068,0.3628
HEARTS THREE CLUBS KING,0.3982,0.3834,0.2184
DIAMONDS KING CLUBS KING,0.0862,0.0122,0.9016
HEARTS THREE CLUBS QUEEN,0.6468,0.0072,0.346
DIAMONDS KING CLUBS QUEEN,0.2396,0.062,0.6984
HEARTS FIVE HEARTS JACK,0.6018,0.0084,0.3898
HEARTS FIVE HEARTS TEN,0.6072,0.0078,0.385
HEARTS THREE CLUBS ACE,0.4034,0.0046,0.592
DIAMONDS KING CLUBS ACE,0.2284,0.0096,0.762
SPADES ACE CLUBS QUEEN,0.355,0.003,0.642
HEARTS THREE CLUBS JACK,0.632,0.0062,0.3618
DIAMONDS KING CLUBS JACK,0.242,0.0832,0.6748
SPADES QUEEN CLUBS QUEEN,0.2836,0.0032,0.7132
CLUBS TEN HEARTS THREE,0.6304,0.0074,0.3622
CLUBS TEN DIAMONDS KING,0.2376,0.1134,0.649
SPADES JACK CLUBS QUEEN,0.5536,0.0054,0.441
CLUBS SIX CLUBS QUEEN,0.6714,0.0412,0.2874
SPADES TEN CLUBS QUEEN,0.5554,0.0042,0.4404
CLUBS SIX CLUBS KING,0.024,0.9076,0.0684
CLUBS SIX CLUBS ACE,0.232,0.0292,0.7388
HEARTS FIVE HEARTS KING,0.372,0.3634,0.2646
HEARTS FIVE HEARTS QUEEN,0.6026,0.008,0.3894
CLUBS TEN CLUBS SIX,0.6692,0.0358,0.295
HEARTS FIVE HEARTS ACE,0.3608,0.006,0.6332
CLUBS SIX CLUBS JACK,0.68,0.0334,0.2866
SPADES SEVEN HEARTS JACK,0.5832,0.008,0.4088
SPADES SEVEN HEARTS TEN,0.5816,0.007,0.4114
DIAMONDS TWO CLUBS TWO,0.4534,0.016,0.5306
DIAMONDS TWO CLUBS THREE,0.6466,0.0078,0.3456
DIAMONDS TWO HEARTS QUEEN,0.6252,0.007,0.3678
HEARTS SEVEN DIAMONDS TWO,0.6448,0.008,0.3472
DIAMONDS TWO HEARTS KING,0.3848,0.3882,0.227
DIAMONDS TWO HEARTS EIGHT,0.6338,0.0086,0.3576
DIAMONDS TWO HEARTS ACE,0.3944,0.0036,0.602
DIAMONDS TWO HEARTS NINE,0.6202,0.0106,0.3692
DIAMONDS TWO DIAMONDS QUEEN,0.606,0.0054,0.3886
DIAMONDS TWO HEARTS TWO,0.4572,0.0152,0.5276
DIAMONDS TWO DIAMONDS KING,0.3748,0.3502,0.275
HEARTS THREE DIAMONDS TWO,0.644,0.0098,0.3462
DIAMONDS TWO DIAMONDS ACE,0.3752,0.0054,0.6194
HEARTS FOUR DIAMONDS TWO,0.6562,0.0076,0.3362
DIAMONDS TWO HEARTS FIVE,0.6424,0.009,0.3486
SPADES SEVEN HEARTS ACE,0.3536,0.005,0.6414
DIAMONDS TWO DIAMONDS TEN,0.5976,0.0084,0.394
SPADES SEVEN HEARTS KING,0.2194,0.3128,0.4678
DIAMONDS TWO DIAMONDS JACK,0.5824,0.008,0.4096
SPADES SEVEN HEARTS QUEEN,0.609,0.0072,0.3838
DIAMONDS TWO SPADES NINE,0.6392,0.0068,0.354
DIAMONDS TWO SPADES EIGHT,0.6316,0.009,0.3594
DIAMONDS TWO SPADES SEVEN,0.63,0.0098,0.3602
DIAMONDS TWO SPADES SIX,0.7162,0.0372,0.2466
DIAMONDS TWO SPADES FIVE,0.6472,0.0058,0.347
DIAMONDS TWO SPADES FOUR,0.6556,0.0088,0.3356
DIAMONDS TWO SPADES THREE,0.65,0.0102,0.3398
DIAMONDS TWO SPADES TWO,0.4506,0.0162,0.5332
CLUBS NINE DIAMONDS TWO,0.6262,0.0088,0.365
DIAMONDS TWO CLUBS EIGHT,0.627,0.008,0.365
CLUBS SEVEN DIAMONDS TWO,0.6422,0.0074,0.3504
DIAMONDS TWO CLUBS SIX,0.7286,0.0394,0.232
DIAMONDS TWO CLUBS FIVE,0.6506,0.0092,0.3402
DIAMONDS TWO CLUBS FOUR,0.6322,0.0072,0.3606
CLUBS FOUR SPADES FIVE,0.622,0.0092,0.3688
CLUBS FOUR SPADES FOUR,0.4432,0.02,0.5368
CLUBS FOUR SPADES THREE,0.6346,0.0106,0.3548
CLUBS FOUR SPADES TWO,0.6522,0.0096,0.3382
SPADES NINE CLUBS FOUR,0.6214,0.0104,0.3682
SPADES EIGHT CLUBS FOUR,0.634,0.0074,0.3586
SPADES SEVEN CLUBS FOUR,0.6112,0.0088,0.38
SPADES SIX CLUBS FOUR,0.6906,0.0386,0.2708
SPADES ACE DIAMONDS SIX,0.237,0.0284,0.7346
SPADES QUEEN DIAMONDS SIX,0.7248,0.0438,0.2314
SPADES TEN DIAMONDS SIX,0.7204,0.0346,0.245
SPADES JACK DIAMONDS SIX,0.7336,0.0336,0.2328
SPADES QUEEN SPADES TWO,0.6026,0.0076,0.3898
SPADES ACE SPADES TWO,0.3612,0.0046,0.6342
DIAMONDS JACK CLUBS JACK,0.294,0.0052,0.7008
CLUBS TEN DIAMONDS JACK,0.5406,0.0066,0.4528
DIAMONDS JACK CLUBS KING,0.237,0.0802,0.6828
DIAMONDS JACK CLUBS QUEEN,0.5422,0.006,0.4518
DIAMONDS THREE DIAMONDS JACK,0.596,0.0068,0.3972
DIAMONDS THREE DIAMONDS TEN,0.6002,0.0066,0.3932
DIAMONDS JACK CLUBS ACE,0.3408,0.0042,0.655
DIAMONDS THREE DIAMONDS KING,0.371,0.3584,0.2706
HEARTS THREE DIAMONDS THREE,0.4468,0.0172,0.536
DIAMONDS THREE DIAMONDS QUEEN,0.599,0.0072,0.3938
DIAMONDS THREE HEARTS TWO,0.6544,0.0086,0.337
HEARTS FIVE DIAMONDS THREE,0.622,0.0086,0.3694
DIAMONDS THREE DIAMONDS ACE,0.3684,0.0056,0.626
HEARTS FOUR DIAMONDS THREE,0.6338,0.0108,0.3554
HEARTS SEVEN DIAMONDS THREE,0.6338,0.0082,0.358
SPADES TEN SPADES NINE,0.5154,0.0066,0.478
SPADES JACK SPADES NINE,0.548,0.0056,0.4464
DIAMONDS THREE HEARTS NINE,0.6352,0.0092,0.3556
HEARTS JACK DIAMONDS FOUR,0.6226,0.0068,0.3706
HEARTS ACE HEARTS KING,0.219,0.0132,0.7678
SPADES TEN SPADES TWO,0.6168,0.008,0.3752
DIAMONDS THREE HEARTS EIGHT,0.6282,0.0098,0.362
HEARTS TEN DIAMONDS FOUR,0.6332,0.0082,0.3586
SPADES JACK SPADES TWO,0.5962,0.0086,0.3952
HEARTS QUEEN DIAMONDS FOUR,0.6136,0.0064,0.38
HEARTS KING DIAMONDS FOUR,0.3852,0.3876,0.2272
SPADES ACE SPADES NINE,0.3482,0.0038,0.648
HEARTS ACE DIAMONDS FOUR,0.3774,0.004,0.6186
SPADES QUEEN SPADES NINE,0.543,0.0074,0.4496
DIAMONDS THREE SPADES NINE,0.6264,0.0082,0.3654
DIAMONDS THREE SPADES EIGHT,0.6442,0.0072,0.3486
DIAMONDS THREE SPADES SEVEN,0.6288,0.0078,0.3634
DIAMONDS THREE SPADES SIX,0.7214,0.0402,0.2384
DIAMONDS THREE CLUBS SIX,0.704,0.0416,0.2544
CLUBS FIVE CLUBS SIX,0.6336,0.0394,0.327
CLUBS ACE DIAMONDS FOUR,0.3736,0.0048,0.6216
CLUBS SEVEN DIAMONDS THREE,0.6382,0.0076,0.3542
CLUBS SEVEN CLUBS FIVE,0.5738,0.0054,0.4208
DIAMONDS THREE CLUBS FOUR,0.6284,0.0086,0.363
DIAMONDS FOUR CLUBS QUEEN,0.6252,0.0084,0.3664
DIAMONDS THREE CLUBS FIVE,0.6332,0.0082,0.3586
CLUBS KING DIAMONDS FOUR,0.3978,0.3766,0.2256
DIAMONDS THREE CLUBS TWO,0.6486,0.0074,0.344
CLUBS TEN DIAMONDS FOUR,0.6184,0.008,0.3736
DIAMONDS THREE CLUBS THREE,0.453,0.0134,0.5336
DIAMONDS FOUR CLUBS JACK,0.6418,0.006,0.3522
DIAMONDS THREE SPADES FOUR,0.6362,0.01,0.3538
DIAMONDS THREE SPADES FIVE,0.627,0.009,0.364
DIAMONDS THREE SPADES TWO,0.6498,0.0086,0.3416
DIAMONDS THREE SPADES THREE,0.4564,0.018,0.5256
CLUBS EIGHT DIAMONDS THREE,0.6414,0.0084,0.3502
CLUBS NINE DIAMONDS THREE,0.6426,0.0072,0.3502
SPADES SEVEN CLUBS ACE,0.3578,0.0036,0.6386
SPADES SEVEN CLUBS QUEEN,0.621,0.0064,0.3726
SPADES SEVEN CLUBS KING,0.2232,0.3068,0.47
CLUBS FIVE SPADES SEVEN,0.6216,0.0058,0.3726
CLUBS TEN SPADES SEVEN,0.5972,0.006,0.3968
CLUBS FIVE SPADES SIX,0.6738,0.0372,0.289
SPADES SEVEN CLUBS JACK,0.6008,0.008,0.3912
SPADES NINE CLUBS FIVE,0.6122,0.0094,0.3784
CLUBS FIVE SPADES EIGHT,0.6162,0.0064,0.3774
CLUBS FIVE SPADES THREE,0.6256,0.009,0.3654
CLUBS FIVE SPADES TWO,0.66,0.0106,0.3294
CLUBS FIVE SPADES FIVE,0.4404,0.0144,0.5452
CLUBS FIVE SPADES FOUR,0.6156,0.0088,0.3756
CLUBS NINE CLUBS FIVE,0.5822,0.0068,0.411
CLUBS EIGHT CLUBS FIVE,0.558,0.0088,0.4332
CLUBS ACE CLUBS QUEEN,0.328,0.0056,0.6664
CLUBS KING CLUBS QUEEN,0.2424,0.0612,0.6964
DIAMONDS TEN DIAMONDS FOUR,0.592,0.0084,0.3996
CLUBS TEN DIAMONDS NINE,0.5548,0.0084,0.4368
DIAMONDS JACK DIAMONDS FOUR,0.5862,0.0072,0.4066
DIAMONDS NINE CLUBS JACK,0.5598,0.0068,0.4334
SPADES NINE CLUBS JACK,0.5626,0.0068,0.4306
CLUBS TEN SPADES NINE,0.5636,0.0056,0.4308
DIAMONDS ACE DIAMONDS FOUR,0.3678,0.0044,0.6278
HEARTS FOUR DIAMONDS FOUR,0.4376,0.0168,0.5456
DIAMONDS JACK HEARTS TEN,0.5516,0.0058,0.4426
SPADES NINE CLUBS KING,0.2404,0.161,0.5986
DIAMONDS TWO SPADES TEN,0.6416,0.0074,0.351
DIAMONDS NINE CLUBS ACE,0.3606,0.0034,0.636
HEARTS FIVE DIAMONDS FOUR,0.6174,0.0076,0.375
DIAMONDS JACK HEARTS JACK,0.2914,0.0046,0.704
SPADES NINE CLUBS QUEEN,0.5742,0.007,0.4188
SPADES JACK DIAMONDS TWO,0.636,0.0084,0.3556
DIAMONDS QUEEN DIAMONDS FOUR,0.5972,0.0084,0.3944
HEARTS TWO DIAMONDS FOUR,0.6592,0.0088,0.332
DIAMONDS NINE CLUBS QUEEN,0.5774,0.0068,0.4158
DIAMONDS KING DIAMONDS FOUR,0.3708,0.356,0.2732
HEARTS THREE DIAMONDS FOUR,0.6352,0.0082,0.3566
SPADES NINE CLUBS ACE,0.364,0.0046,0.6314
DIAMONDS NINE CLUBS KING,0.2396,0.1524,0.608
HEARTS ACE DIAMONDS JACK,0.3588,0.0028,0.6384
SPADES ACE DIAMONDS TWO,0.3928,0.0054,0.6018
HEARTS QUEEN DIAMONDS JACK,0.5528,0.0072,0.44
SPADES QUEEN DIAMONDS TWO,0.6336,0.008,0.3584
DIAMONDS JACK HEARTS KING,0.2366,0.086,0.6774
SPADES JACK SPADES SEVEN,0.5618,0.0088,0.4294
SPADES TEN SPADES SEVEN,0.5606,0.007,0.4324
CLUBS SEVEN CLUBS THREE,0.5844,0.0066,0.409
CLUBS SIX CLUBS THREE,0.6568,0.0418,0.3014
CLUBS FIVE CLUBS THREE,0.595,0.0096,0.3954
CLUBS THREE CLUBS FOUR,0.587,0.0064,0.4066
CLUBS NINE CLUBS THREE,0.591,0.0054,0.4036
CLUBS EIGHT CLUBS THREE,0.595,0.0062,0.3988
CLUBS THREE SPADES FIVE,0.6316,0.0076,0.3608
CLUBS THREE SPADES FOUR,0.6336,0.0074,0.359
CLUBS THREE SPADES THREE,0.4318,0.0188,0.5494
CLUBS THREE SPADES TWO,0.6576,0.0088,0.3336
CLUBS THREE SPADES SIX,0.7068,0.047,0.2462
SPADES SEVEN CLUBS THREE,0.6312,0.0088,0.36
SPADES EIGHT CLUBS THREE,0.6522,0.008,0.3398
SPADES NINE CLUBS THREE,0.6376,0.0094,0.353
SPADES TWO DIAMONDS FOUR,0.6514,0.0098,0.3388
SPADES THREE DIAMONDS FOUR,0.6398,0.0084,0.3518
SPADES FOUR DIAMONDS FOUR,0.4612,0.0134,0.5254
SPADES FIVE DIAMONDS FOUR,0.6064,0.011,0.3826
SPADES SIX DIAMONDS FOUR,0.7,0.0426,0.2574
SPADES SEVEN DIAMONDS FOUR,0.6244,0.0066,0.369
SPADES EIGHT DIAMONDS FOUR,0.6428,0.0088,0.3484
SPADES NINE DIAMONDS FOUR,0.6448,0.0088,0.3464
CLUBS FIVE DIAMONDS FOUR,0.6172,0.0076,0.3752
CLUBS FOUR DIAMONDS FOUR,0.4384,0.017,0.5446
CLUBS SEVEN DIAMONDS FOUR,0.6066,0.0098,0.3836
CLUBS SIX DIAMONDS FOUR,0.6798,0.0412,0.279
CLUBS NINE DIAMONDS FOUR,0.6434,0.0088,0.3478
CLUBS EIGHT DIAMONDS FOUR,0.6158,0.0074,0.3768
HEARTS SEVEN DIAMONDS FOUR,0.615,0.0084,0.3766
DIAMONDS FOUR HEARTS NINE,0.6458,0.0048,0.3494
DIAMONDS FOUR HEARTS EIGHT,0.636,0.0086,0.3554
CLUBS THREE DIAMONDS FOUR,0.6382,0.0072,0.3546
CLUBS TWO DIAMONDS FOUR,0.6476,0.0072,0.3452
DIAMONDS TEN DIAMONDS FIVE,0.6008,0.005,0.3942
DIAMONDS JACK DIAMONDS FIVE,0.5834,0.0062,0.4104
DIAMONDS NINE HEARTS QUEEN,0.5754,0.0082,0.4164
DIAMONDS NINE HEARTS KING,0.2196,0.1622,0.6182
HEARTS ACE DIAMONDS NINE,0.3632,0.004,0.6328
DIAMONDS NINE HEARTS TEN,0.5534,0.006,0.4406
DIAMONDS NINE HEARTS JACK,0.5582,0.0068,0.435
CLUBS KING DIAMONDS SIX,0.022,0.9554,0.0226
CLUBS QUEEN DIAMONDS SIX,0.7246,0.04,0.2354
CLUBS ACE DIAMONDS SIX,0.2352,0.0296,0.7352
SPADES ACE SPADES SEVEN,0.3354,0.0044,0.6602
SPADES QUEEN DIAMONDS FOUR,0.6468,0.0072,0.346
SPADES QUEEN SPADES SEVEN,0.5692,0.007,0.4238
CLUBS JACK DIAMONDS SIX,0.731,0.0352,0.2338
SPADES ACE DIAMONDS FOUR,0.3814,0.0052,0.6134
CLUBS TEN DIAMONDS SIX,0.7088,0.0386,0.2526
CLUBS NINE CLUBS FOUR,0.5916,0.0048,0.4036
CLUBS EIGHT CLUBS FOUR,0.59,0.0072,0.4028
SPADES JACK DIAMONDS FOUR,0.6422,0.008,0.3498
SPADES TEN DIAMONDS FOUR,0.6254,0.0092,0.3654
CLUBS FIVE CLUBS FOUR,0.591,0.0082,0.4008
CLUBS SEVEN CLUBS FOUR,0.5796,0.0066,0.4138
CLUBS SIX CLUBS FOUR,0.6414,0.0386,0.32
CLUBS SEVEN SPADES EIGHT,0.576,0.006,0.418
CLUBS SEVEN SPADES NINE,0.574,0.0064,0.4196
CLUBS SEVEN SPADES SIX,0.668,0.0392,0.2928
CLUBS SEVEN SPADES SEVEN,0.3274,0.011,0.6616
CLUBS SEVEN SPADES FIVE,0.6156,0.01,0.3744
CLUBS SEVEN SPADES FOUR,0.615,0.0062,0.3788
CLUBS SEVEN SPADES THREE,0.627,0.0072,0.3658
CLUBS SEVEN SPADES TWO,0.6336,0.0118,0.3546
CLUBS NINE CLUBS SEVEN,0.548,0.006,0.446
CLUBS SEVEN CLUBS EIGHT,0.5358,0.0076,0.4566
HEARTS SEVEN DIAMONDS FIVE,0.605,0.006,0.389
DIAMONDS FIVE HEARTS EIGHT,0.6142,0.0078,0.378
DIAMONDS FIVE HEARTS NINE,0.6206,0.0064,0.373
DIAMONDS QUEEN DIAMONDS FIVE,0.5984,0.0064,0.3952
HEARTS TWO DIAMONDS FIVE,0.646,0.008,0.346
HEARTS KING HEARTS EIGHT,0.2186,0.2282,0.5532
DIAMONDS KING DIAMONDS FIVE,0.3692,0.355,0.2758
HEARTS THREE DIAMONDS FIVE,0.6324,0.0082,0.3594
HEARTS QUEEN HEARTS EIGHT,0.5576,0.006,0.4364
DIAMONDS ACE DIAMONDS FIVE,0.3626,0.005,0.6324
HEARTS FOUR DIAMONDS FIVE,0.6072,0.008,0.3848
HEARTS FIVE DIAMONDS FIVE,0.4294,0.0164,0.5542
HEARTS ACE HEARTS EIGHT,0.3332,0.0032,0.6636
CLUBS FOUR DIAMONDS FIVE,0.6062,0.0084,0.3854
CLUBS FIVE DIAMONDS FIVE,0.4266,0.0152,0.5582
CLUBS SIX DIAMONDS FIVE,0.679,0.037,0.284
CLUBS SEVEN DIAMONDS FIVE,0.5986,0.0064,0.395
CLUBS TWO DIAMONDS FIVE,0.6438,0.0084,0.3478
CLUBS THREE DIAMONDS FIVE,0.6318,0.0088,0.3594
SPADES THREE DIAMONDS FIVE,0.6384,0.0072,0.3544
SPADES TWO DIAMONDS FIVE,0.6428,0.0098,0.3474
SPADES JACK DIAMONDS EIGHT,0.5856,0.0078,0.4066
SPADES FIVE DIAMONDS FIVE,0.4354,0.0122,0.5524
CLUBS TEN HEARTS JACK,0.544,0.0082,0.4478
SPADES TEN DIAMONDS EIGHT,0.5678,0.0048,0.4274
SPADES FOUR DIAMONDS FIVE,0.6126,0.0086,0.3788
HEARTS JACK CLUBS JACK,0.2874,0.007,0.7056
HEARTS JACK CLUBS QUEEN,0.5414,0.0082,0.4504
CLUBS NINE DIAMONDS FIVE,0.625,0.0078,0.3672
CLUBS KING HEARTS JACK,0.2374,0.0892,0.6734
CLUBS EIGHT DIAMONDS FIVE,0.6062,0.0056,0.3882
CLUBS ACE HEARTS JACK,0.349,0.0044,0.6466
SPADES SEVEN DIAMONDS FIVE,0.6206,0.0086,0.3708
SPADES SIX DIAMONDS FIVE,0.6778,0.0388,0.2834
SPADES QUEEN DIAMONDS EIGHT,0.5882,0.0064,0.4054
SPADES NINE DIAMONDS FIVE,0.6272,0.008,0.3648
SPADES EIGHT DIAMONDS FIVE,0.6084,0.0076,0.384
SPADES ACE DIAMONDS EIGHT,0.3548,0.0044,0.6408
DIAMONDS TEN DIAMONDS SIX,0.6652,0.034,0.3008
HEARTS ACE DIAMONDS SEVEN,0.34,0.0058,0.6542
DIAMONDS JACK DIAMONDS SIX,0.6824,0.0346,0.283
HEARTS QUEEN DIAMONDS SEVEN,0.6074,0.0054,0.3872
HEARTS KING DIAMONDS SEVEN,0.2314,0.3052,0.4634
DIAMONDS ACE DIAMONDS SIX,0.221,0.025,0.754
HEARTS FOUR DIAMONDS SIX,0.7012,0.0362,0.2626
SPADES TWO HEARTS JACK,0.6396,0.0088,0.3516
HEARTS FIVE DIAMONDS SIX,0.6796,0.0362,0.2842
SPADES TWO HEARTS TEN,0.6232,0.0116,0.3652
DIAMONDS QUEEN DIAMONDS SIX,0.6692,0.0434,0.2874
HEARTS TWO DIAMONDS SIX,0.7226,0.043,0.2344
DIAMONDS KING DIAMONDS SIX,0.022,0.9104,0.0676
HEARTS THREE DIAMONDS SIX,0.7164,0.0368,0.2468
HEARTS EIGHT DIAMONDS SIX,0.6938,0.0344,0.2718
HEARTS NINE DIAMONDS SIX,0.6922,0.0412,0.2666
HEARTS SEVEN DIAMONDS SIX,0.6674,0.0358,0.2968
HEARTS TEN DIAMONDS SEVEN,0.5812,0.0066,0.4122
CLUBS TWO DIAMONDS SIX,0.7192,0.0386,0.2422
HEARTS JACK DIAMONDS SEVEN,0.5868,0.0056,0.4076
CLUBS THREE DIAMONDS SIX,0.6944,0.045,0.2606
CLUBS SEVEN DIAMONDS SIX,0.6732,0.026,0.3008
DIAMONDS EIGHT CLUBS JACK,0.5802,0.004,0.4158
CLUBS SIX DIAMONDS SIX,0.3136,0.0308,0.6556
CLUBS TEN DIAMONDS EIGHT,0.565,0.0048,0.4302
CLUBS FIVE DIAMONDS SIX,0.6828,0.0358,0.2814
CLUBS FOUR DIAMONDS SIX,0.6958,0.0386,0.2656
HEARTS ACE HEARTS JACK,0.328,0.0038,0.6682
DIAMONDS EIGHT CLUBS ACE,0.3588,0.0034,0.6378
HEARTS QUEEN HEARTS JACK,0.5266,0.007,0.4664
DIAMONDS EIGHT CLUBS KING,0.2332,0.2298,0.537
CLUBS NINE DIAMONDS SIX,0.694,0.0364,0.2696
HEARTS KING HEARTS JACK,0.2336,0.0864,0.68
DIAMONDS EIGHT CLUBS QUEEN,0.5858,0.0054,0.4088
CLUBS EIGHT DIAMONDS SIX,0.6892,0.029,0.2818
SPADES TEN HEARTS KING,0.2354,0.1158,0.6488
SPADES FIVE DIAMONDS SIX,0.676,0.0396,0.2844
HEARTS ACE SPADES TWO,0.379,0.0076,0.6134
SPADES JACK HEARTS KING,0.228,0.089,0.683
SPADES FOUR DIAMONDS SIX,0.7,0.0406,0.2594
SPADES THREE DIAMONDS SIX,0.7092,0.0414,0.2494
HEARTS QUEEN SPADES TWO,0.6376,0.0056,0.3568
SPADES TWO HEARTS KING,0.3942,0.392,0.2138
SPADES TWO DIAMONDS SIX,0.7292,0.0426,0.2282
HEARTS TEN HEARTS EIGHT,0.5344,0.0066,0.459
SPADES NINE DIAMONDS SIX,0.7026,0.037,0.2604
HEARTS JACK HEARTS EIGHT,0.5514,0.0058,0.4428
SPADES EIGHT DIAMONDS SIX,0.6972,0.0358,0.267
SPADES SEVEN DIAMONDS SIX,0.681,0.0338,0.2852
SPADES SIX DIAMONDS SIX,0.3052,0.0384,0.6564
SPADES QUEEN HEARTS KING,0.2404,0.0674,0.6922
CLUBS ACE CLUBS KING,0.2122,0.0146,0.7732
SPADES ACE HEARTS KING,0.2198,0.0138,0.7664
SPADES ACE HEARTS JACK,0.3276,0.0034,0.669
SPADES QUEEN HEARTS JACK,0.5484,0.009,0.4426
SPADES TEN DIAMONDS TEN,0.3096,0.0066,0.6838
SPADES JACK DIAMONDS TEN,0.5396,0.0078,0.4526
SPADES ACE DIAMONDS TEN,0.324,0.0042,0.6718
SPADES JACK HEARTS JACK,0.2964,0.0072,0.6964
SPADES TEN HEARTS JACK,0.5392,0.008,0.4528
SPADES QUEEN DIAMONDS TEN,0.5606,0.0078,0.4316
SPADES NINE DIAMONDS SEVEN,0.5796,0.0066,0.4138
SPADES EIGHT DIAMONDS SEVEN,0.5668,0.0088,0.4244
SPADES SEVEN DIAMONDS SEVEN,0.33,0.0144,0.6556
SPADES SIX DIAMONDS SEVEN,0.6906,0.0316,0.2778
DIAMONDS KING DIAMONDS SEVEN,0.2146,0.274,0.5114
HEARTS THREE DIAMONDS SEVEN,0.6338,0.0104,0.3558
HEARTS KING DIAMONDS FIVE,0.3954,0.3802,0.2244
DIAMONDS QUEEN DIAMONDS SEVEN,0.5584,0.0088,0.4328
HEARTS TWO DIAMONDS SEVEN,0.6552,0.0068,0.338
HEARTS QUEEN DIAMONDS FIVE,0.6224,0.0062,0.3714
HEARTS FIVE DIAMONDS SEVEN,0.622,0.0078,0.3702
DIAMONDS ACE DIAMONDS SEVEN,0.3368,0.0038,0.6594
HEARTS FOUR DIAMONDS SEVEN,0.613,0.0072,0.3798
HEARTS ACE DIAMONDS FIVE,0.3806,0.0036,0.6158
HEARTS SEVEN DIAMONDS SEVEN,0.3262,0.0102,0.6636
DIAMONDS SEVEN HEARTS NINE,0.5678,0.0052,0.427
HEARTS EIGHT DIAMONDS SEVEN,0.5744,0.007,0.4186
DIAMONDS JACK DIAMONDS SEVEN,0.5516,0.0058,0.4426
DIAMONDS FIVE HEARTS JACK,0.6344,0.008,0.3576
DIAMONDS TEN DIAMONDS SEVEN,0.5284,0.009,0.4626
HEARTS TEN DIAMONDS FIVE,0.6374,0.0078,0.3548
HEARTS KING CLUBS KING,0.0736,0.0138,0.9126
CLUBS EIGHT DIAMONDS SEVEN,0.5784,0.0062,0.4154
SPADES QUEEN CLUBS TWO,0.6352,0.0078,0.357
HEARTS KING CLUBS QUEEN,0.2586,0.0602,0.6812
CLUBS NINE DIAMONDS SEVEN,0.5676,0.0066,0.4258
SPADES TWO CLUBS JACK,0.625,0.009,0.366
SPADES ACE CLUBS TWO,0.3792,0.006,0.6148
CLUBS TEN SPADES TWO,0.641,0.0076,0.3514
HEARTS KING CLUBS ACE,0.2166,0.0118,0.7716
CLUBS SEVEN CLUBS SIX,0.6258,0.0278,0.3464
SPADES TWO CLUBS KING,0.401,0.3836,0.2154
SPADES TWO DIAMONDS SEVEN,0.6364,0.0094,0.3542
CLUBS EIGHT CLUBS SIX,0.6412,0.0294,0.3294
SPADES THREE DIAMONDS SEVEN,0.636,0.0066,0.3574
SPADES TWO CLUBS QUEEN,0.644,0.0074,0.3486
CLUBS NINE CLUBS SIX,0.6518,0.0382,0.31
SPADES FOUR DIAMONDS SEVEN,0.6134,0.0098,0.3768
HEARTS KING CLUBS JACK,0.237,0.0984,0.6646
SPADES FIVE DIAMONDS SEVEN,0.6056,0.0072,0.3872
SPADES TWO CLUBS ACE,0.3868,0.0044,0.6088
CLUBS TEN HEARTS KING,0.2362,0.1086,0.6552
CLUBS SIX SPADES TWO,0.7316,0.0434,0.225
CLUBS SIX SPADES THREE,0.7236,0.0396,0.2368
CLUBS TWO DIAMONDS SEVEN,0.6428,0.008,0.3492
CLUBS SIX SPADES FOUR,0.6842,0.0352,0.2806
CLUBS THREE DIAMONDS SEVEN,0.6306,0.0078,0.3616
CLUBS SIX SPADES FIVE,0.6878,0.0382,0.274
CLUBS FOUR DIAMONDS SEVEN,0.6138,0.0052,0.381
CLUBS SIX SPADES SIX,0.3042,0.0348,0.661
CLUBS FIVE DIAMONDS SEVEN,0.601,0.0082,0.3908
CLUBS SIX SPADES SEVEN,0.6826,0.0334,0.284
CLUBS SIX DIAMONDS SEVEN,0.6568,0.0326,0.3106
SPADES EIGHT CLUBS SIX,0.6908,0.0374,0.2718
SPADES JACK CLUBS TWO,0.64,0.008,0.352
CLUBS SEVEN DIAMONDS SEVEN,0.3326,0.012,0.6554
SPADES NINE CLUBS SIX,0.6972,0.0348,0.268
SPADES TEN CLUBS TWO,0.629,0.008,0.363
CLUBS TWO CLUBS QUEEN,0.5854,0.0078,0.4068
CLUBS TWO CLUBS KING,0.3686,0.3648,0.2666
CLUBS THREE DIAMONDS EIGHT,0.6468,0.0064,0.3468
CLUBS TWO CLUBS ACE,0.3608,0.0038,0.6354
CLUBS TWO DIAMONDS EIGHT,0.6348,0.0074,0.3578
HEARTS SEVEN DIAMONDS EIGHT,0.5678,0.0082,0.424
DIAMONDS EIGHT HEARTS NINE,0.5578,0.0066,0.4356
CLUBS TEN CLUBS TWO,0.5934,0.0078,0.3988
DIAMONDS EIGHT HEARTS EIGHT,0.323,0.0126,0.6644
CLUBS TWO CLUBS JACK,0.588,0.0052,0.4068
CLUBS NINE DIAMONDS EIGHT,0.5718,0.0094,0.4188
CLUBS EIGHT DIAMONDS EIGHT,0.3204,0.0104,0.6692
CLUBS FIVE DIAMONDS EIGHT,0.6282,0.0076,0.3642
SPADES ACE SPADES THREE,0.3838,0.0052,0.611
CLUBS FOUR DIAMONDS EIGHT,0.6252,0.0072,0.3676
CLUBS SEVEN DIAMONDS EIGHT,0.5756,0.0066,0.4178
SPADES QUEEN SPADES THREE,0.616,0.0068,0.3772
CLUBS SIX DIAMONDS EIGHT,0.6968,0.0276,0.2756
DIAMONDS QUEEN DIAMONDS EIGHT,0.5494,0.0082,0.4424
HEARTS TWO DIAMONDS EIGHT,0.6318,0.0096,0.3586
DIAMONDS KING DIAMONDS EIGHT,0.2264,0.2058,0.5678
HEARTS THREE DIAMONDS EIGHT,0.647,0.0086,0.3444
DIAMONDS ACE DIAMONDS EIGHT,0.3346,0.0036,0.6618
HEARTS FOUR DIAMONDS EIGHT,0.633,0.0082,0.3588
HEARTS FIVE DIAMONDS EIGHT,0.6114,0.0088,0.3798
DIAMONDS EIGHT DIAMONDS TEN,0.5354,0.0072,0.4574
DIAMONDS EIGHT DIAMONDS JACK,0.535,0.0068,0.4582
SPADES JACK SPADES THREE,0.6102,0.0074,0.3824
SPADES TEN SPADES THREE,0.6004,0.0086,0.391
CLUBS FOUR HEARTS ACE,0.3774,0.0044,0.6182
CLUBS FOUR HEARTS QUEEN,0.6292,0.007,0.3638
CLUBS FOUR HEARTS KING,0.394,0.3782,0.2278
CLUBS SIX HEARTS TEN,0.7118,0.0314,0.2568
CLUBS SIX HEARTS JACK,0.7278,0.0356,0.2366
SPADES FOUR DIAMONDS EIGHT,0.6264,0.0058,0.3678
SPADES FIVE DIAMONDS EIGHT,0.619,0.006,0.375
DIAMONDS EIGHT SPADES TWO,0.638,0.0088,0.3532
DIAMONDS EIGHT SPADES THREE,0.6504,0.0084,0.3412
CLUBS FOUR HEARTS JACK,0.6228,0.0088,0.3684
SPADES EIGHT DIAMONDS EIGHT,0.323,0.0106,0.6664
SPADES JACK HEARTS EIGHT,0.5896,0.0074,0.403
SPADES TEN HEARTS TWO,0.6492,0.0102,0.3406
SPADES TEN DIAMONDS QUEEN,0.5538,0.0066,0.4396
CLUBS FOUR HEARTS TEN,0.6254,0.0084,0.3662
SPADES NINE DIAMONDS EIGHT,0.5634,0.0082,0.4284
SPADES JACK HEARTS TWO,0.644,0.01,0.346
SPADES JACK DIAMONDS QUEEN,0.5536,0.0072,0.4392
SPADES TEN HEARTS EIGHT,0.57,0.0094,0.4206
SPADES SIX DIAMONDS EIGHT,0.7,0.037,0.263
SPADES SEVEN DIAMONDS EIGHT,0.5756,0.0076,0.4168
SPADES ACE HEARTS TWO,0.3796,0.0076,0.6128
SPADES ACE DIAMONDS QUEEN,0.3398,0.004,0.6562
SPADES ACE HEARTS EIGHT,0.3496,0.0042,0.6462
SPADES QUEEN DIAMONDS QUEEN,0.2856,0.0034,0.711
SPADES QUEEN HEARTS TWO,0.6344,0.0082,0.3574
SPADES QUEEN HEARTS EIGHT,0.5776,0.006,0.4164
CLUBS TWO HEARTS TEN,0.6342,0.0078,0.358
CLUBS TWO HEARTS JACK,0.6382,0.0086,0.3532
SPADES SEVEN DIAMONDS NINE,0.5714,0.0062,0.4224
SPADES SIX DIAMONDS NINE,0.6996,0.0324,0.268
SPADES NINE DIAMONDS NINE,0.3152,0.0098,0.675
SPADES EIGHT DIAMONDS NINE,0.5736,0.0052,0.4212
SPADES TEN CLUBS KING,0.2382,0.1218,0.64
DIAMONDS NINE SPADES THREE,0.6416,0.0086,0.3498
SPADES JACK CLUBS KING,0.223,0.0876,0.6894
DIAMONDS NINE SPADES TWO,0.6382,0.007,0.3548
SPADES FIVE DIAMONDS NINE,0.6218,0.0094,0.3688
DIAMONDS NINE SPADES FOUR,0.6362,0.0094,0.3544
CLUBS NINE DIAMONDS NINE,0.3202,0.0086,0.6712
CLUBS EIGHT DIAMONDS NINE,0.5648,0.0054,0.4298
CLUBS SIX DIAMONDS NINE,0.6954,0.034,0.2706
SPADES JACK CLUBS FOUR,0.6396,0.0088,0.3516
CLUBS SEVEN DIAMONDS NINE,0.5688,0.0058,0.4254
SPADES TEN CLUBS FOUR,0.6448,0.0082,0.347
CLUBS FOUR DIAMONDS NINE,0.638,0.0062,0.3558
CLUBS FIVE DIAMONDS NINE,0.6192,0.0058,0.375
DIAMONDS NINE CLUBS TWO,0.6218,0.007,0.3712
CLUBS THREE DIAMONDS NINE,0.6352,0.0058,0.359
DIAMONDS NINE HEARTS EIGHT,0.583,0.0046,0.4124
DIAMONDS NINE HEARTS NINE,0.3194,0.012,0.6686
HEARTS SEVEN DIAMONDS NINE,0.5622,0.008,0.4298
CLUBS NINE CLUBS EIGHT,0.535,0.0062,0.4588
DIAMONDS ACE DIAMONDS NINE,0.3386,0.0046,0.6568
HEARTS FOUR DIAMONDS NINE,0.6296,0.0076,0.3628
HEARTS FIVE DIAMONDS NINE,0.641,0.0076,0.3514
HEARTS ACE CLUBS TWO,0.3814,0.0036,0.615
SPADES ACE CLUBS FOUR,0.3816,0.0052,0.6132
DIAMONDS QUEEN DIAMONDS NINE,0.5504,0.0074,0.4422
HEARTS TWO DIAMONDS NINE,0.6406,0.0074,0.352
CLUBS TWO HEARTS KING,0.3874,0.396,0.2166
DIAMONDS KING DIAMONDS NINE,0.2144,0.162,0.6236
HEARTS THREE DIAMONDS NINE,0.6554,0.008,0.3366
CLUBS TWO HEARTS QUEEN,0.6308,0.0064,0.3628
SPADES QUEEN CLUBS FOUR,0.6246,0.0074,0.368
DIAMONDS NINE DIAMONDS JACK,0.53,0.0048,0.4652
CLUBS EIGHT SPADES NINE,0.5708,0.0068,0.4224
DIAMONDS NINE DIAMONDS TEN,0.5282,0.006,0.4658
CLUBS EIGHT SPADES EIGHT,0.3296,0.0104,0.66
CLUBS EIGHT SPADES SEVEN,0.5736,0.007,0.4194
CLUBS EIGHT SPADES SIX,0.693,0.0326,0.2744
CLUBS EIGHT SPADES FIVE,0.6136,0.0078,0.3786
CLUBS EIGHT SPADES FOUR,0.6276,0.0098,0.3626
CLUBS EIGHT SPADES THREE,0.6426,0.008,0.3494
CLUBS EIGHT SPADES TWO,0.6448,0.0072,0.348
HEARTS SEVEN DIAMONDS TEN,0.5818,0.008,0.4102
DIAMONDS TEN HEARTS EIGHT,0.5662,0.0044,0.4294
CLUBS FOUR CLUBS JACK,0.584,0.0064,0.4096
DIAMONDS TEN HEARTS NINE,0.556,0.0054,0.4386
CLUBS TEN CLUBS FOUR,0.577,0.0056,0.4174
CLUBS FOUR CLUBS KING,0.3758,0.3582,0.266
CLUBS FOUR CLUBS QUEEN,0.5918,0.0054,0.4028
CLUBS TWO DIAMONDS TEN,0.6222,0.0086,0.3692
CLUBS THREE DIAMONDS TEN,0.6318,0.0058,0.3624
CLUBS FOUR CLUBS ACE,0.3588,0.0054,0.6358
DIAMONDS JACK DIAMONDS TEN,0.507,0.006,0.487
DIAMONDS QUEEN DIAMONDS TEN,0.5156,0.0058,0.4786
HEARTS TWO DIAMONDS TEN,0.636,0.0064,0.3576
DIAMONDS KING DIAMONDS TEN,0.2222,0.111,0.6668
HEARTS THREE DIAMONDS TEN,0.6266,0.007,0.3664
DIAMONDS ACE DIAMONDS TEN,0.3318,0.0032,0.665
HEARTS FOUR DIAMONDS TEN,0.6346,0.0066,0.3588
CLUBS EIGHT HEARTS JACK,0.5702,0.0074,0.4224
HEARTS FIVE DIAMONDS TEN,0.6376,0.0056,0.3568
CLUBS EIGHT HEARTS TEN,0.5676,0.0066,0.4258
CLUBS EIGHT HEARTS QUEEN,0.5808,0.0064,0.4128
CLUBS EIGHT HEARTS KING,0.2216,0.2332,0.5452
CLUBS EIGHT HEARTS ACE,0.3622,0.0042,0.6336
CLUBS NINE SPADES THREE,0.6378,0.0074,0.3548
CLUBS NINE SPADES TWO,0.6444,0.0092,0.3464
CLUBS NINE SPADES FIVE,0.6254,0.0092,0.3654
CLUBS NINE SPADES FOUR,0.626,0.0064,0.3676
CLUBS NINE SPADES SEVEN,0.583,0.0058,0.4112
CLUBS NINE SPADES SIX,0.6964,0.0368,0.2668
CLUBS NINE SPADES NINE,0.3268,0.0082,0.665
CLUBS TEN HEARTS EIGHT,0.5522,0.0058,0.442
CLUBS NINE SPADES EIGHT,0.5674,0.0044,0.4282
HEARTS EIGHT CLUBS JACK,0.5744,0.0094,0.4162
CLUBS QUEEN HEARTS EIGHT,0.5806,0.0054,0.414
CLUBS KING HEARTS EIGHT,0.2296,0.2396,0.5308
CLUBS ACE HEARTS EIGHT,0.355,0.0038,0.6412
SPADES QUEEN CLUBS KING,0.2434,0.0716,0.685
SPADES ACE CLUBS KING,0.2228,0.0108,0.7664
DIAMONDS ACE HEARTS TEN,0.348,0.0034,0.6486
HEARTS FOUR HEARTS TEN,0.5878,0.0096,0.4026
DIAMONDS ACE HEARTS JACK,0.3468,0.0034,0.6498
HEARTS FOUR HEARTS JACK,0.604,0.0084,0.3876
SPADES QUEEN CLUBS FIVE,0.6384,0.0056,0.356
SPADES ACE CLUBS FIVE,0.3884,0.0032,0.6084
HEARTS SEVEN DIAMONDS JACK,0.5854,0.0054,0.4092
DIAMONDS JACK HEARTS NINE,0.55,0.0064,0.4436
DIAMONDS JACK HEARTS EIGHT,0.5712,0.0062,0.4226
DIAMONDS KING DIAMONDS JACK,0.223,0.084,0.693
HEARTS THREE DIAMONDS JACK,0.6444,0.0074,0.3482
SPADES ACE SPADES SIX,0.2146,0.0314,0.754
HEARTS ACE SPADES FOUR,0.3854,0.005,0.6096
DIAMONDS QUEEN DIAMONDS JACK,0.513,0.0048,0.4822
HEARTS TWO DIAMONDS JACK,0.644,0.007,0.349
HEARTS FIVE DIAMONDS JACK,0.6338,0.0086,0.3576
SPADES QUEEN SPADES SIX,0.6974,0.0406,0.262
SPADES FOUR HEARTS QUEEN,0.6342,0.0078,0.358
DIAMONDS ACE DIAMONDS JACK,0.3238,0.005,0.6712
HEARTS FOUR DIAMONDS JACK,0.6402,0.0088,0.351
SPADES FOUR HEARTS KING,0.3936,0.3862,0.2202
SPADES TEN SPADES SIX,0.6966,0.0316,0.2718
SPADES JACK SPADES SIX,0.6944,0.0376,0.268
SPADES FOUR DIAMONDS JACK,0.642,0.0076,0.3504
SPADES FIVE DIAMONDS JACK,0.6246,0.007,0.3684
DIAMONDS JACK SPADES TWO,0.6302,0.0082,0.3616
SPADES THREE DIAMONDS JACK,0.6332,0.0076,0.3592
SPADES ACE DIAMONDS THREE,0.3824,0.0066,0.611
SPADES QUEEN DIAMONDS THREE,0.634,0.0086,0.3574
CLUBS EIGHT DIAMONDS JACK,0.5814,0.0052,0.4134
CLUBS NINE DIAMONDS JACK,0.5558,0.0072,0.437
CLUBS SIX DIAMONDS JACK,0.7066,0.0414,0.252
CLUBS SEVEN DIAMONDS JACK,0.5884,0.0052,0.4064
CLUBS FOUR DIAMONDS JACK,0.6238,0.009,0.3672
CLUBS FIVE DIAMONDS JACK,0.6282,0.0054,0.3664
CLUBS TWO DIAMONDS JACK,0.6262,0.0062,0.3676
CLUBS THREE DIAMONDS JACK,0.6352,0.0058,0.359
SPADES TEN CLUBS FIVE,0.626,0.0082,0.3658
SPADES JACK CLUBS FIVE,0.6334,0.0064,0.3602
SPADES JACK DIAMONDS THREE,0.6262,0.0066,0.3672
CLUBS SEVEN CLUBS ACE,0.3352,0.0034,0.6614
SPADES TEN DIAMONDS THREE,0.6504,0.0086,0.341
CLUBS SEVEN CLUBS QUEEN,0.56,0.0058,0.4342
CLUBS SEVEN CLUBS KING,0.2288,0.2848,0.4864
SPADES NINE DIAMONDS JACK,0.564,0.0074,0.4286
CLUBS TEN CLUBS SEVEN,0.5402,0.0054,0.4544
DIAMONDS ACE HEARTS ACE,0.1162,0.0042,0.8796
HEARTS FOUR HEARTS ACE,0.376,0.0022,0.6218
SPADES EIGHT DIAMONDS JACK,0.5796,0.0058,0.4146
CLUBS SEVEN CLUBS JACK,0.552,0.0066,0.4414
DIAMONDS ACE HEARTS KING,0.2366,0.0116,0.7518
HEARTS FOUR HEARTS KING,0.3814,0.3546,0.264
SPADES SEVEN DIAMONDS JACK,0.5984,0.0056,0.396
DIAMONDS ACE HEARTS QUEEN,0.3462,0.0038,0.65
HEARTS FOUR HEARTS QUEEN,0.5972,0.0074,0.3954
SPADES SIX DIAMONDS JACK,0.7328,0.038,0.2292
SPADES TWO DIAMONDS TEN,0.6352,0.0084,0.3564
SPADES THREE DIAMONDS TEN,0.645,0.0072,0.3478
SPADES FOUR DIAMONDS TEN,0.6386,0.0066,0.3548
SPADES FIVE DIAMONDS TEN,0.6332,0.0088,0.358
SPADES SIX DIAMONDS TEN,0.7164,0.036,0.2476
SPADES SEVEN DIAMONDS TEN,0.574,0.0078,0.4182
SPADES EIGHT DIAMONDS TEN,0.5634,0.0094,0.4272
SPADES NINE DIAMONDS TEN,0.559,0.0064,0.4346
CLUBS FOUR DIAMONDS TEN,0.6356,0.0068,0.3576
CLUBS FIVE DIAMONDS TEN,0.6218,0.0062,0.372
CLUBS SIX DIAMONDS TEN,0.7062,0.0332,0.2606
CLUBS SEVEN DIAMONDS TEN,0.59,0.0048,0.4052
CLUBS EIGHT DIAMONDS TEN,0.5698,0.005,0.4252
CLUBS NINE DIAMONDS TEN,0.5374,0.0062,0.4564
DIAMONDS THREE CLUBS JACK,0.6276,0.0074,0.365
CLUBS TEN DIAMONDS THREE,0.631,0.0062,0.3628
DIAMONDS THREE CLUBS KING,0.4036,0.3772,0.2192
DIAMONDS THREE CLUBS QUEEN,0.6408,0.0076,0.3516
DIAMONDS THREE CLUBS ACE,0.3908,0.0046,0.6046
SPADES FOUR HEARTS JACK,0.6446,0.0076,0.3478
SPADES FOUR HEARTS TEN,0.6236,0.009,0.3674
SPADES FIVE SPADES TWO,0.6244,0.0104,0.3652
SPADES FOUR SPADES TWO,0.613,0.0102,0.3768
SPADES THREE SPADES TWO,0.6274,0.0086,0.364
SPADES NINE SPADES TWO,0.6014,0.0084,0.3902
SPADES EIGHT SPADES TWO,0.6172,0.0094,0.3734
SPADES SEVEN SPADES TWO,0.6094,0.0098,0.3808
SPADES SIX SPADES TWO,0.6998,0.0396,0.2606
DIAMONDS QUEEN CLUBS THREE,0.6378,0.0068,0.3554
CLUBS THREE HEARTS TWO,0.6482,0.011,0.3408
DIAMONDS QUEEN CLUBS TWO,0.6486,0.0082,0.3432
HEARTS TWO CLUBS TWO,0.4444,0.0138,0.5418
HEARTS SEVEN DIAMONDS QUEEN,0.6084,0.0064,0.3852
HEARTS SEVEN HEARTS TWO,0.6226,0.0082,0.3692
DIAMONDS QUEEN HEARTS NINE,0.5788,0.006,0.4152
HEARTS TWO HEARTS NINE,0.6078,0.0064,0.3858
DIAMONDS QUEEN HEARTS EIGHT,0.58,0.0058,0.4142
HEARTS TWO HEARTS EIGHT,0.5994,0.0094,0.3912
CLUBS NINE HEARTS TWO,0.6364,0.008,0.3556
CLUBS NINE DIAMONDS QUEEN,0.5752,0.0046,0.4202
CLUBS EIGHT HEARTS TWO,0.6414,0.009,0.3496
CLUBS EIGHT DIAMONDS QUEEN,0.5938,0.0064,0.3998
CLUBS FIVE DIAMONDS QUEEN,0.6234,0.0054,0.3712
CLUBS FIVE HEARTS TWO,0.643,0.0082,0.3488
SPADES EIGHT HEARTS ACE,0.3518,0.0038,0.6444
DIAMONDS QUEEN CLUBS FOUR,0.6276,0.0068,0.3656
HEARTS TWO CLUBS FOUR,0.6508,0.0072,0.342
CLUBS SEVEN DIAMONDS QUEEN,0.606,0.0058,0.3882
CLUBS SEVEN HEARTS TWO,0.644,0.0086,0.3474
SPADES EIGHT HEARTS QUEEN,0.5872,0.007,0.4058
CLUBS SIX DIAMONDS QUEEN,0.72,0.0408,0.2392
CLUBS SIX HEARTS TWO,0.7218,0.043,0.2352
SPADES EIGHT HEARTS KING,0.2168,0.2346,0.5486
DIAMONDS QUEEN SPADES SIX,0.7286,0.0406,0.2308
HEARTS TWO SPADES SIX,0.7242,0.043,0.2328
HEARTS FOUR CLUBS QUEEN,0.6182,0.0078,0.374
DIAMONDS ACE CLUBS QUEEN,0.35,0.0052,0.6448
DIAMONDS QUEEN SPADES SEVEN,0.6108,0.0082,0.381
SPADES SEVEN HEARTS TWO,0.6492,0.0094,0.3414
HEARTS FOUR CLUBS KING,0.3942,0.3772,0.2286
DIAMONDS ACE CLUBS KING,0.2364,0.0114,0.7522
SPADES EIGHT DIAMONDS QUEEN,0.5962,0.0068,0.397
SPADES EIGHT HEARTS TWO,0.6606,0.011,0.3284
HEARTS FOUR CLUBS ACE,0.3844,0.0032,0.6124
DIAMONDS ACE CLUBS ACE,0.1248,0.002,0.8732
SPADES NINE DIAMONDS QUEEN,0.5718,0.006,0.4222
SPADES NINE HEARTS TWO,0.6452,0.0066,0.3482
HEARTS TWO SPADES TWO,0.4532,0.019,0.5278
DIAMONDS QUEEN SPADES TWO,0.643,0.0076,0.3494
HEARTS TWO SPADES THREE,0.6586,0.0096,0.3318
DIAMONDS QUEEN SPADES THREE,0.6526,0.0054,0.342
HEARTS TWO SPADES FOUR,0.6688,0.009,0.3222
DIAMONDS QUEEN SPADES FOUR,0.6338,0.0104,0.3558
HEARTS FOUR CLUBS TEN,0.6252,0.0084,0.3664
CLUBS TEN DIAMONDS ACE,0.3376,0.0034,0.659
HEARTS TWO SPADES FIVE,0.6454,0.0088,0.3458
DIAMONDS QUEEN SPADES FIVE,0.6336,0.0078,0.3586
HEARTS FOUR CLUBS JACK,0.6348,0.0092,0.356
DIAMONDS ACE CLUBS JACK,0.342,0.0032,0.6548
CLUBS FIVE CLUBS KING,0.3734,0.3602,0.2664
CLUBS FIVE CLUBS QUEEN,0.5954,0.0056,0.399
CLUBS FIVE CLUBS ACE,0.3664,0.0042,0.6294
CLUBS FIVE CLUBS JACK,0.5966,0.0054,0.398
CLUBS TEN CLUBS FIVE,0.5952,0.0068,0.398
SPADES QUEEN CLUBS JACK,0.549,0.0078,0.4432
SPADES ACE CLUBS JACK,0.3322,0.006,0.6618
SPADES SIX CLUBS KING,0.0156,0.9728,0.0116
SPADES SIX CLUBS QUEEN,0.726,0.0446,0.2294
SPADES EIGHT HEARTS JACK,0.5782,0.0078,0.414
SPADES SIX CLUBS ACE,0.242,0.032,0.726
SPADES EIGHT HEARTS TEN,0.5734,0.0092,0.4174
SPADES SIX CLUBS JACK,0.722,0.0374,0.2406
CLUBS TEN SPADES SIX,0.717,0.0388,0.2442
SPADES TEN CLUBS JACK,0.5422,0.005,0.4528
SPADES JACK CLUBS JACK,0.283,0.0058,0.7112
SPADES QUEEN CLUBS SEVEN,0.607,0.0076,0.3854
SPADES ACE CLUBS SEVEN,0.3454,0.0038,0.6508
SPADES SIX HEARTS TEN,0.7208,0.0374,0.2418
SPADES SIX HEARTS JACK,0.7366,0.0404,0.223
SPADES SIX HEARTS ACE,0.2292,0.0322,0.7386
SPADES SIX HEARTS KING,0.0076,0.9836,0.0088
SPADES SIX HEARTS QUEEN,0.724,0.044,0.232
SPADES JACK CLUBS SEVEN,0.5896,0.0064,0.404
CLUBS SEVEN SPADES TEN,0.5728,0.0084,0.4188
CLUBS ACE CLUBS JACK,0.3218,0.0046,0.6736
CLUBS QUEEN CLUBS JACK,0.5132,0.0066,0.4802
CLUBS KING CLUBS JACK,0.234,0.082,0.684
DIAMONDS THREE HEARTS ACE,0.3936,0.006,0.6004
DIAMONDS THREE HEARTS QUEEN,0.6268,0.0088,0.3644
DIAMONDS THREE HEARTS KING,0.3866,0.3878,0.2256
CLUBS FIVE HEARTS JACK,0.6222,0.0082,0.3696
HEARTS FOUR SPADES TEN,0.643,0.008,0.349
SPADES TEN DIAMONDS ACE,0.351,0.0054,0.6436
CLUBS FIVE HEARTS TEN,0.6242,0.0066,0.3692
HEARTS FOUR SPADES JACK,0.6388,0.0084,0.3528
SPADES JACK DIAMONDS ACE,0.352,0.0042,0.6438
SPADES ACE HEARTS FOUR,0.3796,0.0052,0.6152
SPADES ACE DIAMONDS ACE,0.1096,0.0042,0.8862
CLUBS FIVE HEARTS ACE,0.371,0.0068,0.6222
CLUBS FIVE HEARTS KING,0.3788,0.3988,0.2224
SPADES QUEEN DIAMONDS ACE,0.3604,0.0036,0.636
HEARTS FOUR SPADES QUEEN,0.6398,0.0068,0.3534
SPADES FOUR CLUBS JACK,0.6342,0.0074,0.3584
CLUBS FIVE HEARTS QUEEN,0.6244,0.0072,0.3684
CLUBS TEN SPADES FOUR,0.6398,0.0068,0.3534
DIAMONDS QUEEN DIAMONDS ACE,0.3408,0.004,0.6552
HEARTS TWO DIAMONDS ACE,0.3878,0.0048,0.6074
HEARTS FOUR DIAMONDS QUEEN,0.6348,0.0072,0.358
HEARTS FOUR HEARTS TWO,0.6072,0.0082,0.3846
DIAMONDS THREE HEARTS TEN,0.6334,0.009,0.3576
SPADES FOUR CLUBS KING,0.41,0.3766,0.2134
HEARTS FIVE DIAMONDS QUEEN,0.6396,0.0108,0.3496
HEARTS FIVE HEARTS TWO,0.6206,0.008,0.3714
DIAMONDS THREE HEARTS JACK,0.628,0.0068,0.3652
SPADES FOUR CLUBS QUEEN,0.65,0.0088,0.3412
DIAMONDS QUEEN HEARTS TWO,0.6294,0.0082,0.3624
DIAMONDS KING DIAMONDS QUEEN,0.2336,0.0598,0.7066
DIAMONDS KING HEARTS TWO,0.4036,0.3808,0.2156
HEARTS THREE DIAMONDS QUEEN,0.6372,0.009,0.3538
HEARTS THREE HEARTS TWO,0.6274,0.0102,0.3624
SPADES FOUR CLUBS ACE,0.3856,0.0064,0.608
HEARTS TWO CLUBS ACE,0.4104,0.0054,0.5842
DIAMONDS QUEEN CLUBS ACE,0.3418,0.002,0.6562
HEARTS TWO CLUBS QUEEN,0.6346,0.0092,0.3562
DIAMONDS QUEEN CLUBS QUEEN,0.2932,0.0028,0.704
HEARTS TWO CLUBS KING,0.3952,0.3874,0.2174
DIAMONDS QUEEN CLUBS KING,0.249,0.0626,0.6884
SPADES EIGHT SPADES FIVE,0.6,0.0072,0.3928
CLUBS TEN HEARTS TWO,0.646,0.0076,0.3464
CLUBS TEN DIAMONDS QUEEN,0.5616,0.0062,0.4322
SPADES NINE SPADES FIVE,0.5866,0.0106,0.4028
HEARTS TWO CLUBS JACK,0.638,0.01,0.352
DIAMONDS QUEEN CLUBS JACK,0.5578,0.0042,0.438
SPADES SIX SPADES FIVE,0.6444,0.0358,0.3198
SPADES SEVEN SPADES FIVE,0.5772,0.0072,0.4156
DIAMONDS FIVE CLUBS QUEEN,0.6316,0.0066,0.3618
SPADES EIGHT CLUBS ACE,0.3492,0.005,0.6458
DIAMONDS FIVE CLUBS KING,0.3924,0.3764,0.2312
SPADES EIGHT CLUBS KING,0.231,0.2336,0.5354
CLUBS ACE DIAMONDS FIVE,0.3802,0.0044,0.6154
SPADES EIGHT CLUBS QUEEN,0.5914,0.007,0.4016
SPADES EIGHT CLUBS JACK,0.5896,0.0078,0.4026
CLUBS TEN SPADES EIGHT,0.5698,0.0064,0.4238
CLUBS TEN DIAMONDS FIVE,0.6314,0.006,0.3626
DIAMONDS FIVE CLUBS JACK,0.633,0.007,0.36
DIAMONDS TEN HEARTS JACK,0.5482,0.0068,0.445
DIAMONDS TEN HEARTS TEN,0.3018,0.0082,0.69
