opposingHand,winningChance,drawChance,lostChance
HEARTS SIX HEARTS JACK
DIAMONDS THREE SPADES KING,0.4334,0.0048,0.5618
SPADES JACK DIAMONDS EIGHT,0.2604,0.2184,0.5212
CLUBS NINE CLUBS FOUR,0.6032,0.0178,0.379
SPADES TEN HEARTS QUEEN,0.3396,0.009,0.6514
HEARTS FOUR HEARTS NINE,0.6346,0.0164,0.349
DIAMONDS TWO CLUBS SIX,0.7074,0.0668,0.2258
HEARTS ACE HEARTS TEN,0.3404,0.0056,0.654
SPADES SEVEN DIAMONDS FIVE,0.612,0.0204,0.3676
CLUBS THREE CLUBS TWO,0.6116,0.019,0.3694
HEARTS THREE SPADES FOUR,0.6356,0.021,0.3434
DIAMONDS TWO SPADES FOUR,0.659,0.022,0.319
DIAMONDS TWO SPADES NINE,0.6358,0.019,0.3452
SPADES SIX HEARTS ACE,0.2596,0.0284,0.712
DIAMONDS QUEEN SPADES TWO,0.431,0.0128,0.5562
SPADES JACK CLUBS QUEEN,0.272,0.0412,0.6868
HEARTS TWO CLUBS TWO,0.4462,0.0478,0.506
DIAMONDS SEVEN CLUBS QUEEN,0.4024,0.01,0.5876
CLUBS NINE DIAMONDS QUEEN,0.37,0.0084,0.6216
CLUBS JACK SPADES SEVEN,0.2604,0.2844,0.4552
DIAMONDS ACE CLUBS TWO,0.4308,0.0034,0.5658
HEARTS SEVEN HEARTS THREE,0.6268,0.0222,0.351
DIAMONDS THREE SPADES TEN,0.6494,0.0164,0.3342
DIAMONDS THREE DIAMONDS TWO,0.6104,0.0212,0.3684
SPADES SIX SPADES THREE,0.6486,0.0668,0.2846
HEARTS FOUR DIAMONDS SEVEN,0.6382,0.0194,0.3424
CLUBS JACK DIAMONDS SIX,0.0728,0.9076,0.0196
CLUBS FOUR HEARTS QUEEN,0.4174,0.0108,0.5718
HEARTS SEVEN DIAMONDS SIX,0.6664,0.0556,0.278
SPADES FOUR HEARTS ACE,0.411,0.0054,0.5836
HEARTS TWO SPADES SIX,0.7006,0.0634,0.236
SPADES FIVE CLUBS QUEEN,0.4286,0.0086,0.5628
HEARTS SEVEN HEARTS FIVE,0.6094,0.0196,0.371
DIAMONDS TEN DIAMONDS SIX,0.6652,0.0536,0.2812
CLUBS FIVE HEARTS ACE,0.4016,0.006,0.5924
HEARTS FIVE DIAMONDS JACK,0.4142,0.3674,0.2184
SPADES QUEEN DIAMONDS QUEEN,0.1842,0.0096,0.8062
HEARTS THREE CLUBS TWO,0.6574,0.0196,0.323
DIAMONDS FIVE CLUBS QUEEN,0.419,0.0114,0.5696
CLUBS SIX DIAMONDS TEN,0.6982,0.0532,0.2486
SPADES KING DIAMONDS SIX,0.2874,0.0298,0.6828
HEARTS FIVE SPADES TEN,0.649,0.0182,0.3328
CLUBS TEN HEARTS NINE,0.5548,0.015,0.4302
HEARTS TWO DIAMONDS NINE,0.6504,0.0194,0.3302
SPADES JACK CLUBS EIGHT,0.2694,0.2054,0.5252
SPADES ACE SPADES QUEEN,0.3402,0.0038,0.656
CLUBS NINE CLUBS FIVE,0.5964,0.016,0.3876
CLUBS FOUR DIAMONDS SIX,0.6856,0.0524,0.262
SPADES SEVEN CLUBS FOUR,0.6178,0.0162,0.366
HEARTS FOUR DIAMONDS ACE,0.4132,0.005,0.5818
CLUBS SEVEN HEARTS QUEEN,0.3826,0.0116,0.6058
HEARTS FIVE HEARTS ACE,0.378,0.0052,0.6168
HEARTS FOUR SPADES SIX,0.681,0.062,0.257
SPADES ACE DIAMONDS THREE,0.4332,0.0042,0.5626
CLUBS EIGHT CLUBS FIVE,0.5862,0.0166,0.3972
SPADES QUEEN CLUBS NINE,0.3776,0.0114,0.611
SPADES SIX CLUBS TWO,0.7112,0.058,0.2308
SPADES ACE HEARTS NINE,0.3686,0.0058,0.6256
SPADES NINE HEARTS ACE,0.3838,0.004,0.6122
CLUBS JACK HEARTS TEN,0.254,0.1184,0.6276
CLUBS THREE HEARTS QUEEN,0.4302,0.0142,0.5556
HEARTS SEVEN DIAMONDS KING,0.3882,0.007,0.6048
CLUBS NINE SPADES SIX,0.6978,0.0566,0.2456
SPADES ACE CLUBS QUEEN,0.3786,0.0032,0.6182
CLUBS FOUR SPADES SIX,0.6872,0.0604,0.2524
CLUBS NINE SPADES NINE,0.3252,0.0246,0.6502
DIAMONDS ACE CLUBS ACE,0.1656,0.003,0.8314
DIAMONDS THREE CLUBS QUEEN,0.4186,0.0084,0.573
SPADES FOUR SPADES THREE,0.5938,0.0196,0.3866
CLUBS JACK DIAMONDS QUEEN,0.2756,0.0404,0.684
SPADES FOUR CLUBS QUEEN,0.42,0.0106,0.5694
SPADES FOUR DIAMONDS FOUR,0.445,0.0442,0.5108
CLUBS TWO SPADES FOUR,0.6458,0.0218,0.3324
CLUBS EIGHT SPADES NINE,0.5642,0.0172,0.4186
CLUBS JACK HEARTS EIGHT,0.2614,0.2052,0.5334
SPADES TEN DIAMONDS FIVE,0.6384,0.0188,0.3428
SPADES KING HEARTS QUEEN,0.3416,0.0074,0.651
CLUBS SIX DIAMONDS EIGHT,0.6884,0.0576,0.254
SPADES EIGHT SPADES FOUR,0.6042,0.0142,0.3816
CLUBS NINE DIAMONDS ACE,0.3946,0.0026,0.6028
CLUBS FOUR CLUBS KING,0.4108,0.0076,0.5816
SPADES ACE HEARTS FOUR,0.4138,0.0064,0.5798
HEARTS KING CLUBS ACE,0.3624,0.0054,0.6322
CLUBS FOUR DIAMONDS SEVEN,0.6106,0.0186,0.3708
HEARTS FOUR HEARTS EIGHT,0.6238,0.0214,0.3548
HEARTS TWO CLUBS FOUR,0.6468,0.02,0.3332
HEARTS KING CLUBS KING,0.1706,0.0086,0.8208
SPADES ACE CLUBS TEN,0.3818,0.0034,0.6148
SPADES SIX CLUBS QUEEN,0.2774,0.0442,0.6784
SPADES KING DIAMONDS TEN,0.381,0.0072,0.6118
SPADES TEN SPADES FIVE,0.6092,0.018,0.3728
CLUBS KING HEARTS EIGHT,0.3856,0.0074,0.607
SPADES KING SPADES EIGHT,0.3848,0.0064,0.6088
SPADES THREE SPADES TWO,0.6282,0.017,0.3548
HEARTS TWO HEARTS KING,0.3806,0.0092,0.6102
HEARTS TEN DIAMONDS FIVE,0.6364,0.0162,0.3474
SPADES EIGHT DIAMONDS JACK,0.2646,0.214,0.5214
CLUBS NINE CLUBS KING,0.384,0.0054,0.6106
DIAMONDS SEVEN DIAMONDS SIX,0.6252,0.0548,0.32
SPADES TWO DIAMONDS FOUR,0.6522,0.0208,0.327
SPADES EIGHT CLUBS ACE,0.3982,0.0026,0.5992
CLUBS QUEEN DIAMONDS FOUR,0.435,0.0114,0.5536
SPADES TWO DIAMONDS SEVEN,0.6556,0.0178,0.3266
HEARTS TWO HEARTS ACE,0.3778,0.007,0.6152
CLUBS FIVE CLUBS THREE,0.5966,0.018,0.3854
DIAMONDS THREE DIAMONDS TEN,0.6044,0.0178,0.3778
DIAMONDS SEVEN HEARTS EIGHT,0.565,0.0152,0.4198
SPADES KING HEARTS TEN,0.3624,0.0084,0.6292
SPADES NINE CLUBS FOUR,0.6454,0.021,0.3336
CLUBS SEVEN HEARTS TWO,0.6472,0.0176,0.3352
CLUBS FIVE DIAMONDS JACK,0.4208,0.3714,0.2078
CLUBS NINE SPADES TWO,0.6548,0.0146,0.3306
DIAMONDS TEN HEARTS NINE,0.5638,0.0158,0.4204
SPADES SEVEN SPADES FIVE,0.5742,0.0162,0.4096
CLUBS SEVEN HEARTS NINE,0.5922,0.0166,0.3912
SPADES TEN DIAMONDS ACE,0.4196,0.0034,0.577
HEARTS FIVE HEARTS THREE,0.6184,0.0198,0.3618
HEARTS FOUR HEARTS KING,0.377,0.0104,0.6126
CLUBS THREE HEARTS KING,0.423,0.009,0.568
SPADES SIX HEARTS QUEEN,0.2654,0.044,0.6906
CLUBS ACE CLUBS KING,0.3498,0.005,0.6452
DIAMONDS THREE CLUBS FOUR,0.648,0.0192,0.3328
SPADES ACE HEARTS TEN,0.3736,0.0052,0.6212
HEARTS THREE CLUBS QUEEN,0.4292,0.012,0.5588
SPADES TEN SPADES EIGHT,0.5512,0.0172,0.4316
CLUBS FIVE CLUBS FOUR,0.5944,0.018,0.3876
DIAMONDS THREE SPADES QUEEN,0.4386,0.0126,0.5488
SPADES SEVEN CLUBS ACE,0.3944,0.0046,0.601
SPADES NINE CLUBS THREE,0.6348,0.018,0.3472
SPADES FIVE DIAMONDS FOUR,0.6406,0.0176,0.3418
HEARTS SEVEN SPADES SEVEN,0.323,0.038,0.639
HEARTS KING CLUBS QUEEN,0.338,0.0068,0.6552
CLUBS THREE DIAMONDS TEN,0.6398,0.0176,0.3426
CLUBS NINE CLUBS ACE,0.387,0.0046,0.6084
DIAMONDS THREE SPADES SEVEN,0.6366,0.0216,0.3418
HEARTS ACE DIAMONDS NINE,0.3844,0.0038,0.6118
DIAMONDS QUEEN HEARTS NINE,0.3572,0.0116,0.6312
HEARTS SEVEN CLUBS EIGHT,0.576,0.0186,0.4054
HEARTS THREE HEARTS EIGHT,0.6498,0.0202,0.33
SPADES FIVE HEARTS QUEEN,0.4194,0.0128,0.5678
SPADES ACE CLUBS SEVEN,0.3948,0.0036,0.6016
SPADES NINE CLUBS KING,0.4084,0.0072,0.5844
CLUBS ACE HEARTS NINE,0.3838,0.0056,0.6106
CLUBS FOUR CLUBS ACE,0.398,0.0036,0.5984
SPADES ACE CLUBS KING,0.3644,0.0038,0.6318
HEARTS FIVE HEARTS KING,0.3658,0.0068,0.6274
SPADES JACK SPADES TEN,0.2564,0.1144,0.6292
CLUBS NINE CLUBS SEVEN,0.5554,0.0166,0.428
DIAMONDS NINE DIAMONDS EIGHT,0.5388,0.0126,0.4486
SPADES SIX SPADES FOUR,0.65,0.0634,0.2866
SPADES EIGHT HEARTS KING,0.374,0.0052,0.6208
HEARTS QUEEN DIAMONDS SIX,0.2566,0.0464,0.697
SPADES TWO HEARTS NINE,0.6426,0.016,0.3414
CLUBS TEN DIAMONDS ACE,0.3878,0.0032,0.609
CLUBS TEN CLUBS FIVE,0.6046,0.02,0.3754
HEARTS ACE HEARTS NINE,0.3514,0.0066,0.642
CLUBS TWO HEARTS ACE,0.4146,0.0066,0.5788
DIAMONDS THREE CLUBS TEN,0.643,0.0136,0.3434
DIAMONDS TWO HEARTS NINE,0.649,0.0176,0.3334
SPADES ACE HEARTS FIVE,0.422,0.0032,0.5748
CLUBS SEVEN SPADES NINE,0.593,0.016,0.391
HEARTS TWO CLUBS ACE,0.4286,0.006,0.5654
DIAMONDS TWO CLUBS FOUR,0.656,0.0174,0.3266
SPADES ACE DIAMONDS FIVE,0.428,0.0032,0.5688
HEARTS FOUR DIAMONDS JACK,0.411,0.3696,0.2194
DIAMONDS TEN DIAMONDS NINE,0.5248,0.014,0.4612
CLUBS SEVEN CLUBS FIVE,0.596,0.0166,0.3874
DIAMONDS TWO SPADES JACK,0.422,0.3728,0.2052
CLUBS SIX HEARTS NINE,0.6968,0.0528,0.2504
CLUBS SIX DIAMONDS SEVEN,0.6742,0.056,0.2698
HEARTS FIVE HEARTS FOUR,0.617,0.0218,0.3612
DIAMONDS ACE SPADES TWO,0.4246,0.0034,0.572
CLUBS FOUR DIAMONDS FIVE,0.6184,0.0164,0.3652
SPADES NINE DIAMONDS FOUR,0.6396,0.0174,0.343
HEARTS THREE DIAMONDS SIX,0.6886,0.0626,0.2488
CLUBS SIX CLUBS FOUR,0.6406,0.0542,0.3052
DIAMONDS THREE HEARTS TWO,0.6594,0.0202,0.3204
CLUBS TEN CLUBS TWO,0.6088,0.0156,0.3756
CLUBS FIVE DIAMONDS EIGHT,0.6186,0.0182,0.3632
SPADES ACE HEARTS SEVEN,0.3906,0.0046,0.6048
SPADES THREE DIAMONDS FOUR,0.6356,0.0178,0.3466
SPADES QUEEN HEARTS THREE,0.4244,0.0114,0.5642
SPADES QUEEN CLUBS EIGHT,0.3836,0.01,0.6064
CLUBS FIVE SPADES TWO,0.6444,0.0182,0.3374
HEARTS FIVE DIAMONDS SIX,0.665,0.0544,0.2806
HEARTS THREE DIAMONDS SEVEN,0.6292,0.018,0.3528
CLUBS NINE HEARTS QUEEN,0.3646,0.011,0.6244
DIAMONDS TWO SPADES FIVE,0.6488,0.0216,0.3296
SPADES SIX CLUBS ACE,0.2786,0.0282,0.6932
SPADES NINE DIAMONDS TEN,0.5794,0.0146,0.406
SPADES FIVE HEARTS NINE,0.6316,0.0204,0.348
DIAMONDS TEN HEARTS ACE,0.3718,0.0052,0.623
HEARTS THREE SPADES TWO,0.6422,0.022,0.3358
HEARTS KING SPADES TWO,0.4294,0.009,0.5616
SPADES SIX DIAMONDS TEN,0.7064,0.0486,0.245
SPADES EIGHT SPADES TWO,0.6108,0.0174,0.3718
SPADES NINE HEARTS KING,0.3878,0.0064,0.6058
CLUBS TWO SPADES TWO,0.4508,0.0454,0.5038
DIAMONDS ACE CLUBS KING,0.362,0.0036,0.6344
CLUBS NINE HEARTS TWO,0.6388,0.0196,0.3416
DIAMONDS FIVE DIAMONDS FOUR,0.5886,0.0178,0.3936
HEARTS FOUR HEARTS QUEEN,0.3774,0.0134,0.6092
DIAMONDS TWO DIAMONDS SIX,0.6626,0.062,0.2754
CLUBS FOUR HEARTS ACE,0.4144,0.004,0.5816
SPADES SIX CLUBS KING,0.272,0.0294,0.6986
CLUBS SEVEN SPADES TWO,0.6542,0.018,0.3278
HEARTS TEN CLUBS QUEEN,0.3666,0.0082,0.6252
CLUBS NINE DIAMONDS EIGHT,0.576,0.015,0.409
CLUBS SIX DIAMONDS FIVE,0.6626,0.0616,0.2758
CLUBS FIVE CLUBS KING,0.3974,0.007,0.5956
HEARTS FOUR CLUBS FIVE,0.6146,0.0178,0.3676
DIAMONDS JACK DIAMONDS EIGHT,0.2594,0.1966,0.544
CLUBS THREE DIAMONDS NINE,0.6392,0.0188,0.342
DIAMONDS SIX CLUBS QUEEN,0.2818,0.0442,0.674
SPADES NINE SPADES SEVEN,0.5446,0.0148,0.4406
SPADES SEVEN SPADES SIX,0.637,0.0528,0.3102
HEARTS SEVEN HEARTS KING,0.3342,0.0056,0.6602
DIAMONDS ACE CLUBS FIVE,0.421,0.0056,0.5734
DIAMONDS THREE HEARTS FIVE,0.6392,0.0178,0.343
SPADES KING SPADES JACK,0.263,0.0306,0.7064
HEARTS FIVE DIAMONDS QUEEN,0.4298,0.0104,0.5598
SPADES QUEEN DIAMONDS TEN,0.3706,0.0112,0.6182
DIAMONDS JACK CLUBS TWO,0.424,0.3634,0.2126
HEARTS FIVE HEARTS QUEEN,0.3678,0.014,0.6182
HEARTS FIVE DIAMONDS TEN,0.6396,0.0158,0.3446
CLUBS NINE DIAMONDS KING,0.404,0.0074,0.5886
SPADES JACK HEARTS QUEEN,0.2658,0.0404,0.6938
DIAMONDS KING DIAMONDS FIVE,0.3994,0.0048,0.5958
DIAMONDS TEN DIAMONDS SEVEN,0.566,0.0144,0.4196
CLUBS NINE SPADES THREE,0.6492,0.017,0.3338
DIAMONDS TWO SPADES THREE,0.6546,0.0176,0.3278
CLUBS FIVE SPADES SEVEN,0.6132,0.0208,0.366
CLUBS JACK CLUBS FIVE,0.402,0.347,0.251
SPADES KING SPADES THREE,0.4274,0.0072,0.5654
SPADES JACK DIAMONDS SEVEN,0.2694,0.2854,0.4452
CLUBS FIVE DIAMONDS QUEEN,0.4204,0.0094,0.5702
CLUBS FIVE HEARTS TEN,0.6294,0.0188,0.3518
HEARTS NINE CLUBS QUEEN,0.3714,0.0108,0.6178
DIAMONDS KING CLUBS FOUR,0.4282,0.008,0.5638
HEARTS EIGHT DIAMONDS FOUR,0.6266,0.0186,0.3548
DIAMONDS TWO CLUBS QUEEN,0.4422,0.0108,0.547
DIAMONDS ACE DIAMONDS SIX,0.2614,0.0252,0.7134
SPADES QUEEN SPADES EIGHT,0.375,0.0108,0.6142
SPADES TEN DIAMONDS TEN,0.3056,0.0264,0.668
CLUBS EIGHT DIAMONDS ACE,0.4052,0.0026,0.5922
HEARTS TWO CLUBS SIX,0.7092,0.0594,0.2314
CLUBS TEN DIAMONDS EIGHT,0.5778,0.0176,0.4046
CLUBS TEN HEARTS ACE,0.3606,0.005,0.6344
SPADES QUEEN DIAMONDS FOUR,0.431,0.0126,0.5564
HEARTS NINE HEARTS EIGHT,0.5618,0.0204,0.4178
SPADES KING CLUBS NINE,0.3818,0.0078,0.6104
CLUBS ACE HEARTS EIGHT,0.381,0.0046,0.6144
SPADES FOUR HEARTS TEN,0.6376,0.0162,0.3462
DIAMONDS EIGHT SPADES TWO,0.6506,0.0188,0.3306
DIAMONDS QUEEN SPADES THREE,0.4356,0.0106,0.5538
CLUBS TWO CLUBS QUEEN,0.4118,0.0116,0.5766
CLUBS SIX CLUBS TWO,0.6752,0.054,0.2708
HEARTS THREE CLUBS THREE,0.435,0.0444,0.5206
SPADES NINE DIAMONDS QUEEN,0.376,0.0092,0.6148
CLUBS TEN CLUBS THREE,0.6078,0.0164,0.3758
HEARTS THREE SPADES SEVEN,0.638,0.0174,0.3446
CLUBS TEN CLUBS EIGHT,0.5512,0.015,0.4338
CLUBS SEVEN CLUBS THREE,0.5994,0.0136,0.387
CLUBS SEVEN DIAMONDS SIX,0.6704,0.0556,0.274
DIAMONDS NINE CLUBS KING,0.3842,0.0064,0.6094
SPADES QUEEN CLUBS SEVEN,0.4004,0.0106,0.589
DIAMONDS THREE CLUBS THREE,0.4504,0.0412,0.5084
DIAMONDS TWO DIAMONDS NINE,0.6102,0.0166,0.3732
CLUBS JACK HEARTS KING,0.2656,0.0316,0.7028
SPADES EIGHT DIAMONDS FIVE,0.6264,0.0152,0.3584
SPADES FOUR HEARTS NINE,0.6322,0.0168,0.351
CLUBS JACK SPADES THREE,0.4296,0.361,0.2094
SPADES THREE CLUBS QUEEN,0.4308,0.0114,0.5578
SPADES QUEEN SPADES SIX,0.2714,0.0406,0.688
CLUBS EIGHT CLUBS ACE,0.3668,0.004,0.6292
CLUBS SIX HEARTS ACE,0.2616,0.0248,0.7136
HEARTS SEVEN HEARTS EIGHT,0.5678,0.0204,0.4118
SPADES EIGHT HEARTS QUEEN,0.3728,0.0112,0.616
DIAMONDS THREE HEARTS EIGHT,0.6438,0.021,0.3352
CLUBS NINE CLUBS EIGHT,0.5324,0.0178,0.4498
SPADES JACK SPADES FOUR,0.408,0.343,0.249
SPADES TEN DIAMONDS KING,0.3858,0.0056,0.6086
DIAMONDS THREE CLUBS SEVEN,0.635,0.016,0.349
CLUBS FOUR HEARTS KING,0.4172,0.0092,0.5736
CLUBS SEVEN DIAMONDS QUEEN,0.4,0.0114,0.5886
DIAMONDS KING SPADES THREE,0.437,0.01,0.553
DIAMONDS KING DIAMONDS SIX,0.2574,0.033,0.7096
HEARTS TWO HEARTS QUEEN,0.3752,0.0146,0.6102
CLUBS THREE HEARTS TEN,0.643,0.0188,0.3382
HEARTS KING DIAMONDS FOUR,0.4262,0.0078,0.566
SPADES ACE HEARTS QUEEN,0.3484,0.0054,0.6462
HEARTS THREE HEARTS QUEEN,0.3876,0.0112,0.6012
CLUBS SIX CLUBS FIVE,0.6274,0.0584,0.3142
DIAMONDS JACK HEARTS TEN,0.2634,0.121,0.6156
HEARTS TWO HEARTS NINE,0.628,0.019,0.353
DIAMONDS THREE DIAMONDS JACK,0.4004,0.3456,0.254
DIAMONDS THREE DIAMONDS SIX,0.6704,0.0628,0.2668
SPADES ACE DIAMONDS NINE,0.3944,0.0052,0.6004
CLUBS FOUR CLUBS QUEEN,0.4132,0.0114,0.5754
CLUBS SEVEN HEARTS EIGHT,0.5756,0.015,0.4094
SPADES FIVE SPADES TWO,0.6126,0.018,0.3694
DIAMONDS NINE HEARTS EIGHT,0.565,0.0174,0.4176
DIAMONDS TWO CLUBS THREE,0.6622,0.0182,0.3196
CLUBS SIX SPADES FIVE,0.6698,0.058,0.2722
CLUBS THREE SPADES FIVE,0.638,0.0182,0.3438
DIAMONDS JACK SPADES FIVE,0.4158,0.3704,0.2138
HEARTS SEVEN SPADES NINE,0.5746,0.0162,0.4092
SPADES SEVEN DIAMONDS TEN,0.6084,0.0138,0.3778
SPADES KING CLUBS THREE,0.4384,0.0062,0.5554
CLUBS NINE SPADES TEN,0.583,0.0138,0.4032
DIAMONDS QUEEN DIAMONDS NINE,0.3622,0.0088,0.629
HEARTS TEN DIAMONDS SIX,0.7094,0.0564,0.2342
CLUBS SIX DIAMONDS NINE,0.7034,0.057,0.2396
DIAMONDS KING HEARTS ACE,0.35,0.0056,0.6444
CLUBS SEVEN DIAMONDS NINE,0.588,0.017,0.395
HEARTS TWO CLUBS KING,0.4344,0.0086,0.557
CLUBS JACK CLUBS NINE,0.2554,0.1532,0.5914
CLUBS ACE DIAMONDS FIVE,0.4208,0.0046,0.5746
SPADES TEN HEARTS TWO,0.6468,0.0178,0.3354
CLUBS JACK CLUBS KING,0.258,0.0278,0.7142
SPADES EIGHT DIAMONDS TEN,0.5784,0.0152,0.4064
HEARTS SEVEN SPADES FOUR,0.6288,0.0178,0.3534
CLUBS TEN DIAMONDS SIX,0.7006,0.058,0.2414
SPADES KING HEARTS THREE,0.4222,0.0088,0.569
CLUBS TEN SPADES SEVEN,0.5954,0.0136,0.391
CLUBS JACK SPADES SIX,0.0688,0.9082,0.023
SPADES TEN DIAMONDS FOUR,0.6378,0.014,0.3482
CLUBS SIX SPADES TWO,0.707,0.0572,0.2358
HEARTS TWO DIAMONDS QUEEN,0.4224,0.0104,0.5672
DIAMONDS JACK DIAMONDS FOUR,0.4012,0.346,0.2528
SPADES JACK CLUBS FIVE,0.4174,0.3708,0.2118
DIAMONDS THREE DIAMONDS EIGHT,0.6042,0.019,0.3768
DIAMONDS QUEEN DIAMONDS SEVEN,0.3766,0.0106,0.6128
DIAMONDS NINE DIAMONDS SEVEN,0.5502,0.0162,0.4336
DIAMONDS JACK HEARTS NINE,0.2568,0.1608,0.5824
CLUBS EIGHT DIAMONDS JACK,0.2666,0.2084,0.525
HEARTS THREE CLUBS KING,0.429,0.008,0.563
CLUBS SEVEN SPADES EIGHT,0.5746,0.017,0.4084
CLUBS EIGHT CLUBS SIX,0.6328,0.0496,0.3176
CLUBS EIGHT SPADES TEN,0.5818,0.0156,0.4026
HEARTS TWO DIAMONDS TEN,0.6318,0.0178,0.3504
CLUBS THREE HEARTS NINE,0.6344,0.0156,0.35
SPADES ACE SPADES FIVE,0.3918,0.0046,0.6036
HEARTS SEVEN DIAMONDS QUEEN,0.3782,0.012,0.6098
SPADES QUEEN CLUBS FIVE,0.4288,0.0096,0.5616
CLUBS JACK SPADES QUEEN,0.269,0.0404,0.6906
HEARTS SEVEN CLUBS KING,0.3964,0.007,0.5966
CLUBS TEN SPADES JACK,0.2646,0.1062,0.6292
HEARTS FOUR HEARTS ACE,0.363,0.007,0.63
DIAMONDS THREE HEARTS QUEEN,0.4194,0.0122,0.5684
SPADES SIX HEARTS TEN,0.7064,0.0564,0.2372
DIAMONDS TWO HEARTS TEN,0.6426,0.0172,0.3402
DIAMONDS KING HEARTS NINE,0.382,0.0082,0.6098
HEARTS FOUR SPADES SEVEN,0.6154,0.0182,0.3664
DIAMONDS ACE DIAMONDS JACK,0.2706,0.0198,0.7096
DIAMONDS THREE DIAMONDS FIVE,0.6062,0.023,0.3708
HEARTS ACE CLUBS ACE,0.1476,0.0036,0.8488
HEARTS FOUR CLUBS QUEEN,0.4174,0.0138,0.5688
DIAMONDS JACK DIAMONDS SEVEN,0.2504,0.2618,0.4878
SPADES JACK DIAMONDS TEN,0.276,0.1128,0.6112
SPADES QUEEN DIAMONDS EIGHT,0.3904,0.0114,0.5982
DIAMONDS KING DIAMONDS QUEEN,0.3256,0.0076,0.6668
DIAMONDS SIX DIAMONDS FOUR,0.6422,0.062,0.2958
SPADES FIVE HEARTS TEN,0.6416,0.0168,0.3416
HEARTS FOUR SPADES TEN,0.631,0.021,0.348
HEARTS QUEEN HEARTS EIGHT,0.3338,0.0116,0.6546
CLUBS TEN SPADES FOUR,0.652,0.0178,0.3302
CLUBS FIVE HEARTS QUEEN,0.418,0.0132,0.5688
SPADES SIX DIAMONDS FIVE,0.665,0.0562,0.2788
DIAMONDS TEN SPADES FOUR,0.6464,0.019,0.3346
CLUBS NINE DIAMONDS SEVEN,0.599,0.0162,0.3848
SPADES JACK SPADES SEVEN,0.253,0.2662,0.4808
SPADES TEN CLUBS ACE,0.3846,0.0042,0.6112
DIAMONDS JACK HEARTS ACE,0.2572,0.0194,0.7234
SPADES ACE HEARTS TWO,0.4204,0.005,0.5746
HEARTS SEVEN SPADES TWO,0.6366,0.0232,0.3402
DIAMONDS SEVEN HEARTS NINE,0.5786,0.0158,0.4056
DIAMONDS TWO SPADES SEVEN,0.655,0.0172,0.3278
HEARTS THREE DIAMONDS QUEEN,0.4288,0.0104,0.5608
HEARTS SEVEN CLUBS TWO,0.6536,0.0208,0.3256
DIAMONDS TWO DIAMONDS KING,0.4158,0.0074,0.5768
SPADES ACE SPADES TEN,0.3556,0.0058,0.6386
SPADES SEVEN HEARTS ACE,0.3814,0.0054,0.6132
SPADES FIVE DIAMONDS EIGHT,0.6398,0.018,0.3422
DIAMONDS TWO DIAMONDS QUEEN,0.417,0.0124,0.5706
SPADES TEN CLUBS FIVE,0.642,0.015,0.343
SPADES QUEEN DIAMONDS JACK,0.2672,0.0446,0.6882
CLUBS QUEEN HEARTS EIGHT,0.378,0.0122,0.6098
DIAMONDS THREE SPADES NINE,0.6476,0.016,0.3364
HEARTS FIVE DIAMONDS ACE,0.4152,0.0066,0.5782
CLUBS JACK HEARTS NINE,0.2584,0.1606,0.581
SPADES ACE CLUBS NINE,0.3924,0.0042,0.6034
DIAMONDS TEN HEARTS TEN,0.3168,0.0222,0.661
CLUBS JACK HEARTS THREE,0.416,0.3636,0.2204
HEARTS KING DIAMONDS SEVEN,0.3866,0.0074,0.606
SPADES SIX CLUBS THREE,0.701,0.0556,0.2434
SPADES THREE HEARTS QUEEN,0.4202,0.0126,0.5672
SPADES TWO CLUBS QUEEN,0.4434,0.0124,0.5442
CLUBS SEVEN DIAMONDS TEN,0.5972,0.013,0.3898
SPADES ACE CLUBS ACE,0.1762,0.0046,0.8192
SPADES SIX DIAMONDS NINE,0.686,0.0546,0.2594
SPADES QUEEN DIAMONDS FIVE,0.4212,0.0118,0.567
DIAMONDS THREE SPADES SIX,0.7044,0.065,0.2306
DIAMONDS THREE DIAMONDS SEVEN,0.6062,0.0172,0.3766
SPADES FOUR DIAMONDS EIGHT,0.6462,0.0156,0.3382
HEARTS NINE DIAMONDS FIVE,0.6202,0.0194,0.3604
HEARTS THREE DIAMONDS ACE,0.4122,0.0056,0.5822
DIAMONDS EIGHT CLUBS ACE,0.398,0.004,0.598
DIAMONDS KING SPADES FIVE,0.418,0.0068,0.5752
CLUBS THREE SPADES TWO,0.6602,0.0176,0.3222
SPADES ACE HEARTS EIGHT,0.3884,0.0038,0.6078
CLUBS SEVEN DIAMONDS KING,0.4068,0.0066,0.5866
DIAMONDS QUEEN DIAMONDS FOUR,0.4062,0.0106,0.5832
SPADES ACE DIAMONDS TEN,0.3902,0.0038,0.606
DIAMONDS TWO CLUBS KING,0.4474,0.0066,0.546
DIAMONDS NINE HEARTS NINE,0.313,0.0282,0.6588
SPADES JACK CLUBS SIX,0.0688,0.912,0.0192
DIAMONDS ACE HEARTS KING,0.3494,0.0052,0.6454
HEARTS SEVEN SPADES KING,0.383,0.0092,0.6078
CLUBS SIX DIAMONDS JACK,0.071,0.904,0.025
CLUBS JACK DIAMONDS EIGHT,0.283,0.215,0.502
HEARTS FIVE CLUBS FIVE,0.4368,0.0396,0.5236
DIAMONDS QUEEN CLUBS THREE,0.4334,0.012,0.5546
SPADES JACK SPADES THREE,0.4,0.3442,0.2558
HEARTS TWO SPADES NINE,0.6362,0.0194,0.3444
SPADES QUEEN CLUBS QUEEN,0.1896,0.0106,0.7998
DIAMONDS TWO DIAMONDS ACE,0.4064,0.0052,0.5884
SPADES QUEEN HEARTS NINE,0.372,0.0126,0.6154
CLUBS FIVE SPADES THREE,0.6314,0.0186,0.35
CLUBS FIVE HEARTS EIGHT,0.6162,0.0218,0.362
DIAMONDS KING CLUBS ACE,0.3642,0.0048,0.631
SPADES JACK CLUBS FOUR,0.4188,0.3666,0.2146
DIAMONDS TWO DIAMONDS TEN,0.6054,0.0194,0.3752
CLUBS SEVEN CLUBS KING,0.3756,0.0062,0.6182
DIAMONDS ACE HEARTS NINE,0.3858,0.0052,0.609
DIAMONDS JACK DIAMONDS FIVE,0.3996,0.3464,0.254
DIAMONDS TEN CLUBS QUEEN,0.3694,0.0084,0.6222
HEARTS FIVE CLUBS NINE,0.6312,0.0188,0.35
CLUBS TWO HEARTS QUEEN,0.427,0.01,0.563
CLUBS JACK SPADES KING,0.275,0.029,0.696
HEARTS FIVE HEARTS NINE,0.6298,0.0176,0.3526
CLUBS KING DIAMONDS FIVE,0.4206,0.006,0.5734
SPADES EIGHT SPADES SEVEN,0.5278,0.0156,0.4566
SPADES FIVE HEARTS EIGHT,0.62,0.0224,0.3576
HEARTS THREE CLUBS FIVE,0.6312,0.0186,0.3502
DIAMONDS THREE DIAMONDS FOUR,0.6014,0.0192,0.3794
CLUBS FOUR HEARTS NINE,0.633,0.0232,0.3438
SPADES TEN SPADES FOUR,0.6102,0.0166,0.3732
DIAMONDS NINE SPADES THREE,0.6484,0.018,0.3336
DIAMONDS QUEEN HEARTS TEN,0.358,0.0086,0.6334
SPADES SIX DIAMONDS SEVEN,0.6704,0.054,0.2756
DIAMONDS JACK HEARTS QUEEN,0.2632,0.0426,0.6942
DIAMONDS SIX CLUBS KING,0.2776,0.0328,0.6896
DIAMONDS KING HEARTS KING,0.1714,0.0082,0.8204
SPADES EIGHT DIAMONDS EIGHT,0.3374,0.0316,0.631
DIAMONDS JACK DIAMONDS NINE,0.2592,0.145,0.5958
HEARTS SEVEN CLUBS TEN,0.5918,0.014,0.3942
DIAMONDS EIGHT HEARTS EIGHT,0.332,0.0278,0.6402
DIAMONDS EIGHT DIAMONDS SEVEN,0.53,0.019,0.451
HEARTS SEVEN SPADES EIGHT,0.5742,0.0148,0.411
HEARTS TWO DIAMONDS FIVE,0.6492,0.0204,0.3304
HEARTS SEVEN HEARTS TEN,0.5804,0.018,0.4016
HEARTS TWO DIAMONDS FOUR,0.6654,0.018,0.3166
HEARTS FOUR DIAMONDS QUEEN,0.4154,0.0142,0.5704
SPADES JACK DIAMONDS ACE,0.2704,0.0184,0.7112
HEARTS SEVEN HEARTS NINE,0.568,0.0182,0.4138
HEARTS ACE CLUBS QUEEN,0.3466,0.006,0.6474
SPADES KING SPADES SEVEN,0.375,0.0054,0.6196
SPADES SIX HEARTS NINE,0.6876,0.0528,0.2596
DIAMONDS TWO CLUBS TWO,0.4482,0.0454,0.5064
DIAMONDS TEN SPADES TWO,0.6436,0.0192,0.3372
HEARTS FOUR CLUBS FOUR,0.4406,0.0446,0.5148
HEARTS KING HEARTS TEN,0.3112,0.0078,0.681
CLUBS SIX SPADES EIGHT,0.6748,0.0588,0.2664
SPADES QUEEN SPADES THREE,0.412,0.0108,0.5772
DIAMONDS THREE CLUBS SIX,0.6998,0.06,0.2402
SPADES JACK HEARTS NINE,0.254,0.165,0.581
DIAMONDS KING HEARTS TEN,0.372,0.005,0.623
SPADES SEVEN HEARTS NINE,0.5962,0.018,0.3858
HEARTS FIVE SPADES TWO,0.642,0.0194,0.3386
HEARTS KING DIAMONDS SIX,0.2692,0.037,0.6938
HEARTS FOUR HEARTS TEN,0.635,0.0182,0.3468
SPADES TEN SPADES THREE,0.6042,0.0156,0.3802
SPADES TEN CLUBS THREE,0.6404,0.0132,0.3464
CLUBS TEN DIAMONDS TEN,0.313,0.0208,0.6662
CLUBS TEN DIAMONDS FOUR,0.6368,0.0198,0.3434
SPADES FIVE DIAMONDS FIVE,0.4442,0.0428,0.513
CLUBS EIGHT CLUBS KING,0.379,0.0062,0.6148
CLUBS EIGHT DIAMONDS TEN,0.58,0.0186,0.4014
CLUBS EIGHT CLUBS THREE,0.6074,0.0158,0.3768
CLUBS FIVE SPADES FIVE,0.4386,0.0464,0.515
SPADES JACK SPADES EIGHT,0.2584,0.1922,0.5494
SPADES SEVEN DIAMONDS SIX,0.6772,0.0524,0.2704
HEARTS SEVEN CLUBS SEVEN,0.3358,0.0432,0.621
CLUBS THREE DIAMONDS JACK,0.4222,0.363,0.2148
CLUBS EIGHT SPADES SEVEN,0.587,0.0182,0.3948
CLUBS JACK DIAMONDS SEVEN,0.2652,0.288,0.4468
CLUBS JACK DIAMONDS NINE,0.2774,0.1626,0.56
CLUBS EIGHT CLUBS SEVEN,0.5404,0.018,0.4416
HEARTS FIVE CLUBS TWO,0.6484,0.0208,0.3308
HEARTS SEVEN DIAMONDS TEN,0.583,0.018,0.399
SPADES FOUR HEARTS EIGHT,0.6454,0.021,0.3336
CLUBS SIX HEARTS EIGHT,0.6666,0.0526,0.2808
DIAMONDS TWO CLUBS ACE,0.4268,0.006,0.5672
DIAMONDS TWO HEARTS FOUR,0.6374,0.0236,0.339
CLUBS TWO DIAMONDS SEVEN,0.652,0.0174,0.3306
SPADES THREE HEARTS TEN,0.6392,0.019,0.3418
CLUBS TEN CLUBS KING,0.3682,0.006,0.6258
CLUBS EIGHT CLUBS TWO,0.6092,0.0172,0.3736
SPADES EIGHT DIAMONDS QUEEN,0.3928,0.0094,0.5978
SPADES KING SPADES TEN,0.3566,0.0052,0.6382
HEARTS FOUR CLUBS TWO,0.6632,0.018,0.3188
SPADES JACK CLUBS KING,0.2792,0.0274,0.6934
SPADES TWO DIAMONDS SIX,0.7088,0.059,0.2322
SPADES EIGHT CLUBS TWO,0.6402,0.02,0.3398
HEARTS FIVE SPADES EIGHT,0.6208,0.0166,0.3626
HEARTS TWO CLUBS QUEEN,0.436,0.0122,0.5518
HEARTS FOUR SPADES NINE,0.6336,0.0192,0.3472
HEARTS FOUR CLUBS SIX,0.6704,0.0592,0.2704
CLUBS FIVE DIAMONDS KING,0.424,0.0054,0.5706
CLUBS NINE HEARTS NINE,0.307,0.0266,0.6664
HEARTS SEVEN SPADES SIX,0.6724,0.0522,0.2754
DIAMONDS ACE DIAMONDS TEN,0.3674,0.0048,0.6278
CLUBS TEN CLUBS NINE,0.5408,0.0144,0.4448
DIAMONDS NINE DIAMONDS FOUR,0.605,0.0198,0.3752
SPADES SEVEN DIAMONDS SEVEN,0.3374,0.036,0.6266
SPADES NINE SPADES THREE,0.6072,0.0166,0.3762
SPADES SIX DIAMONDS JACK,0.0722,0.9032,0.0246
SPADES TWO HEARTS QUEEN,0.4174,0.01,0.5726
CLUBS SEVEN DIAMONDS JACK,0.2678,0.2838,0.4484
HEARTS FOUR SPADES FIVE,0.607,0.0236,0.3694
CLUBS EIGHT DIAMONDS EIGHT,0.3294,0.0328,0.6378
SPADES TWO HEARTS EIGHT,0.6364,0.0184,0.3452
CLUBS NINE DIAMONDS SIX,0.6946,0.0546,0.2508
SPADES EIGHT CLUBS FOUR,0.6438,0.0174,0.3388
HEARTS SEVEN DIAMONDS ACE,0.3918,0.0054,0.6028
CLUBS FIVE SPADES SIX,0.6764,0.0564,0.2672
HEARTS TWO DIAMONDS EIGHT,0.64,0.02,0.34
DIAMONDS QUEEN DIAMONDS FIVE,0.4106,0.0102,0.5792
SPADES JACK DIAMONDS JACK,0.141,0.0336,0.8254
CLUBS NINE SPADES EIGHT,0.5754,0.0174,0.4072
SPADES THREE CLUBS ACE,0.4386,0.0026,0.5588
HEARTS THREE CLUBS SIX,0.6908,0.0606,0.2486
HEARTS TWO SPADES FOUR,0.6526,0.0168,0.3306
SPADES KING CLUBS TWO,0.4456,0.0074,0.547
CLUBS THREE CLUBS ACE,0.3958,0.0064,0.5978
CLUBS NINE HEARTS ACE,0.3928,0.0036,0.6036
CLUBS EIGHT HEARTS EIGHT,0.325,0.033,0.642
CLUBS TEN SPADES EIGHT,0.586,0.0162,0.3978
DIAMONDS TWO SPADES EIGHT,0.6514,0.017,0.3316
SPADES NINE SPADES SIX,0.6634,0.052,0.2846
HEARTS THREE DIAMONDS FOUR,0.6512,0.02,0.3288
DIAMONDS TWO DIAMONDS FIVE,0.6076,0.021,0.3714
CLUBS SIX CLUBS ACE,0.2604,0.0236,0.716
SPADES FOUR CLUBS ACE,0.4266,0.0048,0.5686
CLUBS JACK CLUBS TWO,0.4074,0.3396,0.253
SPADES JACK SPADES NINE,0.2614,0.1508,0.5878
SPADES TEN DIAMONDS JACK,0.2788,0.1152,0.606
DIAMONDS QUEEN SPADES FOUR,0.4358,0.0106,0.5536
SPADES NINE CLUBS ACE,0.4088,0.0034,0.5878
HEARTS QUEEN CLUBS QUEEN,0.174,0.0088,0.8172
CLUBS EIGHT SPADES THREE,0.6568,0.0138,0.3294
SPADES NINE SPADES EIGHT,0.5384,0.0154,0.4462
HEARTS ACE SPADES TWO,0.4206,0.0066,0.5728
SPADES JACK CLUBS ACE,0.2724,0.0218,0.7058
CLUBS FOUR HEARTS EIGHT,0.6268,0.018,0.3552
SPADES FOUR CLUBS KING,0.4246,0.0072,0.5682
HEARTS TWO SPADES EIGHT,0.6412,0.0198,0.339
HEARTS QUEEN DIAMONDS SEVEN,0.3926,0.0152,0.5922
CLUBS EIGHT SPADES EIGHT,0.3228,0.0342,0.643
CLUBS SIX DIAMONDS QUEEN,0.2854,0.0416,0.673
CLUBS FOUR DIAMONDS JACK,0.4234,0.3646,0.212
SPADES SEVEN CLUBS THREE,0.6212,0.0226,0.3562
SPADES NINE DIAMONDS ACE,0.3994,0.0054,0.5952
DIAMONDS TWO SPADES TEN,0.6514,0.017,0.3316
DIAMONDS QUEEN CLUBS QUEEN,0.1866,0.0096,0.8038
DIAMONDS EIGHT DIAMONDS FOUR,0.6182,0.0154,0.3664
SPADES EIGHT CLUBS QUEEN,0.3858,0.0112,0.603
CLUBS THREE DIAMONDS SIX,0.6962,0.0584,0.2454
DIAMONDS EIGHT HEARTS TEN,0.5778,0.017,0.4052
SPADES KING DIAMONDS EIGHT,0.3938,0.0054,0.6008
CLUBS TEN HEARTS THREE,0.6462,0.0174,0.3364
DIAMONDS ACE HEARTS EIGHT,0.391,0.0034,0.6056
DIAMONDS KING CLUBS TWO,0.4396,0.0098,0.5506
CLUBS NINE HEARTS TEN,0.5668,0.0132,0.42
CLUBS SEVEN DIAMONDS EIGHT,0.5938,0.0152,0.391
CLUBS TEN HEARTS FOUR,0.6412,0.0188,0.34
HEARTS FIVE DIAMONDS FOUR,0.6202,0.0172,0.3626
HEARTS FOUR SPADES JACK,0.4156,0.3722,0.2122
DIAMONDS TEN HEARTS EIGHT,0.5884,0.0148,0.3968
SPADES QUEEN DIAMONDS KING,0.3678,0.0064,0.6258
HEARTS SEVEN SPADES FIVE,0.6146,0.0178,0.3676
CLUBS FIVE DIAMONDS NINE,0.6316,0.0178,0.3506
CLUBS EIGHT DIAMONDS SEVEN,0.5702,0.0142,0.4156
HEARTS FOUR DIAMONDS FOUR,0.4354,0.0424,0.5222
CLUBS FIVE DIAMONDS FIVE,0.4366,0.0386,0.5248
CLUBS TEN DIAMONDS SEVEN,0.5918,0.0154,0.3928
DIAMONDS ACE CLUBS THREE,0.4178,0.0034,0.5788
CLUBS TWO HEARTS TEN,0.6384,0.0184,0.3432
CLUBS TEN SPADES QUEEN,0.363,0.0096,0.6274
HEARTS SEVEN CLUBS ACE,0.3804,0.004,0.6156
CLUBS JACK DIAMONDS THREE,0.4246,0.3612,0.2142
SPADES NINE SPADES FOUR,0.601,0.0166,0.3824
DIAMONDS TWO CLUBS NINE,0.6416,0.0182,0.3402
SPADES FIVE DIAMONDS SIX,0.6686,0.0598,0.2716
SPADES TWO HEARTS TEN,0.6548,0.021,0.3242
CLUBS SEVEN DIAMONDS FOUR,0.6248,0.0192,0.356
DIAMONDS ACE DIAMONDS EIGHT,0.369,0.0044,0.6266
HEARTS THREE SPADES TEN,0.636,0.0212,0.3428
DIAMONDS TWO HEARTS KING,0.4232,0.0076,0.5692
SPADES TEN HEARTS KING,0.3706,0.0074,0.622
SPADES TEN DIAMONDS SIX,0.7018,0.054,0.2442
CLUBS SIX SPADES SEVEN,0.6738,0.0534,0.2728
HEARTS FIVE SPADES FIVE,0.4188,0.042,0.5392
SPADES SEVEN HEARTS KING,0.3818,0.0092,0.609
DIAMONDS SIX HEARTS NINE,0.6918,0.06,0.2482
SPADES SEVEN CLUBS KING,0.3966,0.0068,0.5966
HEARTS SEVEN CLUBS SIX,0.661,0.0512,0.2878
CLUBS TEN DIAMONDS NINE,0.5628,0.0148,0.4224
DIAMONDS QUEEN HEARTS KING,0.3454,0.0066,0.648
DIAMONDS JACK CLUBS QUEEN,0.2766,0.036,0.6874
SPADES QUEEN DIAMONDS ACE,0.3522,0.0024,0.6454
CLUBS TEN HEARTS TWO,0.6402,0.0212,0.3386
HEARTS KING HEARTS NINE,0.332,0.0092,0.6588
DIAMONDS TEN HEARTS QUEEN,0.3654,0.0104,0.6242
HEARTS THREE DIAMONDS KING,0.424,0.0056,0.5704
HEARTS THREE HEARTS TWO,0.6528,0.0188,0.3284
HEARTS THREE SPADES NINE,0.6384,0.019,0.3426
SPADES TEN HEARTS ACE,0.3598,0.003,0.6372
HEARTS FIVE SPADES NINE,0.6212,0.0184,0.3604
DIAMONDS ACE DIAMONDS QUEEN,0.3412,0.0036,0.6552
HEARTS FIVE SPADES FOUR,0.6274,0.0194,0.3532
SPADES ACE SPADES EIGHT,0.3754,0.004,0.6206
SPADES JACK DIAMONDS FOUR,0.4294,0.3584,0.2122
SPADES NINE DIAMONDS FIVE,0.6378,0.0152,0.347
DIAMONDS EIGHT HEARTS NINE,0.5614,0.0166,0.422
SPADES ACE DIAMONDS QUEEN,0.3616,0.003,0.6354
SPADES FOUR DIAMONDS FIVE,0.628,0.0166,0.3554
CLUBS JACK DIAMONDS FIVE,0.424,0.358,0.218
HEARTS FIVE DIAMONDS SEVEN,0.6032,0.021,0.3758
DIAMONDS ACE SPADES SIX,0.2738,0.0278,0.6984
SPADES KING CLUBS TEN,0.3776,0.006,0.6164
DIAMONDS TWO CLUBS EIGHT,0.6496,0.0172,0.3332
CLUBS FOUR SPADES FOUR,0.4458,0.039,0.5152
CLUBS JACK DIAMONDS FOUR,0.436,0.3634,0.2006
HEARTS SEVEN CLUBS THREE,0.642,0.018,0.34
CLUBS SEVEN CLUBS FOUR,0.588,0.017,0.395
CLUBS THREE DIAMONDS SEVEN,0.6474,0.0172,0.3354
HEARTS FIVE SPADES SIX,0.6484,0.0688,0.2828
HEARTS FOUR CLUBS EIGHT,0.643,0.0194,0.3376
SPADES TEN HEARTS EIGHT,0.5728,0.0176,0.4096
SPADES ACE SPADES SIX,0.2756,0.0196,0.7048
CLUBS SEVEN HEARTS TEN,0.5946,0.0144,0.391
HEARTS SEVEN DIAMONDS TWO,0.6426,0.0228,0.3346
DIAMONDS EIGHT DIAMONDS SIX,0.6402,0.0552,0.3046
SPADES QUEEN HEARTS FOUR,0.4182,0.009,0.5728
CLUBS TWO DIAMONDS EIGHT,0.634,0.0234,0.3426
SPADES THREE HEARTS NINE,0.6342,0.0196,0.3462
CLUBS TWO HEARTS NINE,0.637,0.0194,0.3436
DIAMONDS ACE HEARTS QUEEN,0.3484,0.004,0.6476
SPADES SIX SPADES FIVE,0.6292,0.0546,0.3162
CLUBS SIX CLUBS THREE,0.6566,0.0572,0.2862
SPADES ACE HEARTS THREE,0.4318,0.005,0.5632
SPADES KING SPADES TWO,0.4174,0.0064,0.5762
HEARTS FOUR DIAMONDS EIGHT,0.6392,0.0192,0.3416
DIAMONDS EIGHT DIAMONDS FIVE,0.5758,0.0188,0.4054
CLUBS SEVEN SPADES FIVE,0.6154,0.0178,0.3668
CLUBS JACK SPADES NINE,0.273,0.1672,0.5598
CLUBS SEVEN CLUBS SIX,0.6268,0.0496,0.3236
SPADES SIX DIAMONDS EIGHT,0.6966,0.0484,0.255
CLUBS NINE HEARTS FOUR,0.6402,0.0182,0.3416
SPADES ACE CLUBS TWO,0.4272,0.0066,0.5662
SPADES TEN SPADES TWO,0.602,0.0144,0.3836
SPADES KING HEARTS NINE,0.38,0.0084,0.6116
SPADES JACK SPADES TWO,0.404,0.3396,0.2564
DIAMONDS QUEEN HEARTS ACE,0.342,0.0044,0.6536
HEARTS ACE SPADES THREE,0.4264,0.0036,0.57
CLUBS SIX CLUBS QUEEN,0.26,0.0484,0.6916
DIAMONDS THREE CLUBS NINE,0.6436,0.0206,0.3358
DIAMONDS ACE CLUBS FOUR,0.4288,0.0048,0.5664
SPADES TEN HEARTS TEN,0.2952,0.022,0.6828
SPADES KING HEARTS KING,0.1726,0.0068,0.8206
HEARTS THREE CLUBS SEVEN,0.6356,0.0218,0.3426
CLUBS JACK SPADES TEN,0.2716,0.1188,0.6096
CLUBS JACK CLUBS EIGHT,0.2574,0.2038,0.5388
HEARTS QUEEN HEARTS NINE,0.3276,0.0118,0.6606
SPADES ACE DIAMONDS TWO,0.4488,0.0052,0.546
CLUBS FOUR HEARTS TEN,0.642,0.0212,0.3368
HEARTS TEN HEARTS EIGHT,0.5648,0.0194,0.4158
SPADES KING DIAMONDS FOUR,0.4308,0.007,0.5622
SPADES QUEEN SPADES FOUR,0.4106,0.0124,0.577
CLUBS SIX SPADES SIX,0.321,0.0392,0.6398
CLUBS TEN DIAMONDS QUEEN,0.369,0.0078,0.6232
CLUBS JACK CLUBS FOUR,0.3874,0.3408,0.2718
HEARTS KING HEARTS QUEEN,0.2914,0.0082,0.7004
DIAMONDS TWO SPADES QUEEN,0.4426,0.013,0.5444
SPADES KING DIAMONDS JACK,0.2794,0.034,0.6866
CLUBS THREE DIAMONDS FOUR,0.6396,0.0198,0.3406
SPADES SEVEN DIAMONDS JACK,0.264,0.2934,0.4426
SPADES TEN DIAMONDS EIGHT,0.5818,0.016,0.4022
DIAMONDS EIGHT HEARTS QUEEN,0.3836,0.0084,0.608
DIAMONDS TWO HEARTS TWO,0.457,0.0424,0.5006
HEARTS FIVE CLUBS EIGHT,0.613,0.018,0.369
HEARTS TWO DIAMONDS SEVEN,0.6398,0.0192,0.341
DIAMONDS TWO HEARTS EIGHT,0.6398,0.0176,0.3426
CLUBS NINE CLUBS QUEEN,0.3624,0.012,0.6256
HEARTS KING DIAMONDS FIVE,0.4206,0.0076,0.5718
DIAMONDS THREE HEARTS NINE,0.6426,0.0186,0.3388
DIAMONDS KING CLUBS QUEEN,0.3562,0.0062,0.6376
SPADES EIGHT HEARTS TEN,0.578,0.0152,0.4068
CLUBS TWO DIAMONDS FIVE,0.6544,0.0226,0.323
DIAMONDS QUEEN DIAMONDS JACK,0.2592,0.0416,0.6992
SPADES ACE CLUBS THREE,0.4416,0.0044,0.554
CLUBS TEN SPADES THREE,0.6498,0.013,0.3372
HEARTS FIVE SPADES THREE,0.6344,0.0178,0.3478
CLUBS EIGHT DIAMONDS KING,0.4044,0.0054,0.5902
SPADES KING HEARTS FIVE,0.4196,0.0096,0.5708
SPADES QUEEN HEARTS KING,0.3344,0.0044,0.6612
CLUBS THREE SPADES FOUR,0.6432,0.0184,0.3384
CLUBS EIGHT DIAMONDS SIX,0.681,0.0518,0.2672
CLUBS FOUR DIAMONDS NINE,0.6448,0.0178,0.3374
DIAMONDS THREE SPADES JACK,0.4302,0.3622,0.2076
HEARTS QUEEN CLUBS KING,0.3488,0.0064,0.6448
HEARTS NINE DIAMONDS FOUR,0.6428,0.021,0.3362
SPADES KING CLUBS FIVE,0.4158,0.0076,0.5766
SPADES FOUR DIAMONDS SIX,0.6766,0.0628,0.2606
CLUBS JACK HEARTS TWO,0.416,0.362,0.222
CLUBS ACE HEARTS TEN,0.3742,0.0022,0.6236
SPADES NINE SPADES TWO,0.5946,0.0178,0.3876
CLUBS FIVE DIAMONDS SIX,0.6766,0.0516,0.2718
DIAMONDS FIVE HEARTS EIGHT,0.628,0.021,0.351
DIAMONDS JACK HEARTS KING,0.2674,0.0282,0.7044
SPADES QUEEN CLUBS SIX,0.2764,0.0436,0.68
DIAMONDS QUEEN SPADES SIX,0.277,0.0536,0.6694
HEARTS SEVEN CLUBS FIVE,0.613,0.0182,0.3688
SPADES FOUR HEARTS QUEEN,0.426,0.0078,0.5662
SPADES TWO CLUBS KING,0.4284,0.0058,0.5658
SPADES JACK HEARTS ACE,0.2608,0.0194,0.7198
SPADES SIX DIAMONDS SIX,0.3378,0.0384,0.6238
DIAMONDS KING DIAMONDS JACK,0.252,0.0284,0.7196
DIAMONDS THREE HEARTS TEN,0.6278,0.0184,0.3538
HEARTS SEVEN SPADES JACK,0.2558,0.2806,0.4636
HEARTS THREE HEARTS NINE,0.6326,0.0196,0.3478
SPADES JACK HEARTS KING,0.2636,0.032,0.7044
DIAMONDS THREE CLUBS TWO,0.6526,0.0192,0.3282
HEARTS FOUR DIAMONDS SIX,0.6748,0.0642,0.261
SPADES JACK HEARTS TWO,0.428,0.3582,0.2138
CLUBS FIVE CLUBS QUEEN,0.4004,0.0102,0.5894
SPADES SEVEN CLUBS QUEEN,0.4076,0.0092,0.5832
CLUBS EIGHT SPADES SIX,0.6864,0.0482,0.2654
SPADES KING HEARTS TWO,0.423,0.0092,0.5678
HEARTS SEVEN HEARTS FOUR,0.6214,0.0166,0.362
SPADES QUEEN HEARTS TWO,0.4266,0.0096,0.5638
DIAMONDS KING CLUBS KING,0.1796,0.0068,0.8136
HEARTS FIVE SPADES SEVEN,0.6158,0.0202,0.364
CLUBS SEVEN DIAMONDS FIVE,0.6158,0.0176,0.3666
HEARTS ACE DIAMONDS FIVE,0.4034,0.005,0.5916
DIAMONDS TEN CLUBS ACE,0.3914,0.004,0.6046
SPADES THREE DIAMONDS SEVEN,0.654,0.0188,0.3272
DIAMONDS JACK SPADES TWO,0.4332,0.3638,0.203
SPADES KING SPADES QUEEN,0.317,0.005,0.678
SPADES TWO CLUBS ACE,0.43,0.0066,0.5634
CLUBS EIGHT HEARTS NINE,0.5678,0.0178,0.4144
CLUBS SIX DIAMONDS ACE,0.2828,0.022,0.6952
SPADES THREE CLUBS KING,0.4474,0.0064,0.5462
CLUBS JACK CLUBS SEVEN,0.2648,0.2496,0.4856
SPADES JACK HEARTS EIGHT,0.263,0.2148,0.5222
SPADES FOUR DIAMONDS NINE,0.6478,0.015,0.3372
HEARTS FIVE HEARTS TWO,0.6496,0.0216,0.3288
HEARTS TWO DIAMONDS SIX,0.6974,0.0698,0.2328
CLUBS EIGHT SPADES FOUR,0.6264,0.0146,0.359
SPADES JACK DIAMONDS KING,0.2772,0.0292,0.6936
CLUBS JACK HEARTS QUEEN,0.254,0.0396,0.7064
DIAMONDS TWO HEARTS QUEEN,0.423,0.013,0.564
SPADES QUEEN HEARTS QUEEN,0.1738,0.0096,0.8166
CLUBS NINE SPADES FOUR,0.6392,0.0174,0.3434
CLUBS SIX SPADES FOUR,0.6728,0.058,0.2692
SPADES THREE DIAMONDS FIVE,0.6344,0.023,0.3426
CLUBS JACK SPADES TWO,0.4262,0.364,0.2098
CLUBS THREE DIAMONDS FIVE,0.6306,0.022,0.3474
CLUBS TEN SPADES TEN,0.3142,0.0226,0.6632
CLUBS FIVE CLUBS ACE,0.3882,0.005,0.6068
CLUBS NINE HEARTS KING,0.3872,0.0086,0.6042
HEARTS SEVEN DIAMONDS EIGHT,0.583,0.0156,0.4014
DIAMONDS THREE DIAMONDS QUEEN,0.4052,0.0104,0.5844
CLUBS JACK DIAMONDS TEN,0.273,0.1244,0.6026
SPADES SIX HEARTS EIGHT,0.685,0.0512,0.2638
CLUBS NINE SPADES JACK,0.2726,0.1568,0.5706
HEARTS QUEEN CLUBS ACE,0.3374,0.004,0.6586
CLUBS TEN DIAMONDS JACK,0.2642,0.1182,0.6176
SPADES KING CLUBS SEVEN,0.4014,0.0066,0.592
CLUBS TEN SPADES SIX,0.7094,0.0516,0.239
SPADES JACK HEARTS TEN,0.2638,0.11,0.6262
DIAMONDS SEVEN DIAMONDS FOUR,0.5906,0.0188,0.3906
CLUBS TEN HEARTS KING,0.3502,0.005,0.6448
HEARTS TWO DIAMONDS ACE,0.4208,0.0042,0.575
HEARTS QUEEN DIAMONDS FOUR,0.429,0.0124,0.5586
CLUBS TEN DIAMONDS KING,0.3918,0.0068,0.6014
SPADES TEN DIAMONDS NINE,0.5784,0.0128,0.4088
CLUBS SEVEN DIAMONDS SEVEN,0.3368,0.0368,0.6264
SPADES EIGHT SPADES THREE,0.5988,0.0164,0.3848
HEARTS THREE CLUBS ACE,0.4196,0.007,0.5734
HEARTS FIVE HEARTS TEN,0.6262,0.021,0.3528
SPADES SEVEN HEARTS TEN,0.5864,0.0188,0.3948
DIAMONDS KING HEARTS EIGHT,0.3722,0.0064,0.6214
HEARTS FIVE SPADES QUEEN,0.4136,0.012,0.5744
CLUBS NINE HEARTS EIGHT,0.5686,0.0166,0.4148
HEARTS FIVE DIAMONDS EIGHT,0.6056,0.0194,0.375
DIAMONDS TEN HEARTS KING,0.3678,0.0088,0.6234
SPADES ACE DIAMONDS SEVEN,0.395,0.0034,0.6016
HEARTS FIVE DIAMONDS KING,0.428,0.007,0.565
DIAMONDS KING SPADES SIX,0.2894,0.0346,0.676
SPADES EIGHT DIAMONDS NINE,0.5736,0.0174,0.409
SPADES FOUR SPADES TWO,0.6118,0.0172,0.371
HEARTS THREE SPADES EIGHT,0.6408,0.0192,0.34
SPADES SIX SPADES TWO,0.6648,0.065,0.2702
CLUBS TEN HEARTS FIVE,0.6532,0.0194,0.3274
CLUBS JACK CLUBS ACE,0.244,0.0206,0.7354
SPADES TEN CLUBS SIX,0.7028,0.0564,0.2408
SPADES TWO DIAMONDS FIVE,0.66,0.0184,0.3216
CLUBS JACK CLUBS TEN,0.2634,0.108,0.6286
SPADES TEN DIAMONDS QUEEN,0.376,0.0102,0.6138
SPADES ACE DIAMONDS EIGHT,0.3828,0.0026,0.6146
SPADES SEVEN SPADES TWO,0.6086,0.0162,0.3752
DIAMONDS JACK SPADES THREE,0.424,0.3598,0.2162
CLUBS SEVEN SPADES SIX,0.6606,0.055,0.2844
CLUBS JACK DIAMONDS JACK,0.1318,0.0352,0.833
SPADES ACE SPADES KING,0.3496,0.0066,0.6438
CLUBS TEN CLUBS FOUR,0.5954,0.0192,0.3854
SPADES EIGHT SPADES SIX,0.6404,0.0508,0.3088
HEARTS FOUR HEARTS TWO,0.6334,0.0178,0.3488
DIAMONDS TWO CLUBS SEVEN,0.6554,0.0216,0.323
SPADES ACE DIAMONDS KING,0.3562,0.0028,0.641
DIAMONDS JACK DIAMONDS TEN,0.2584,0.1124,0.6292
CLUBS JACK CLUBS THREE,0.402,0.341,0.257
CLUBS NINE DIAMONDS TEN,0.578,0.0136,0.4084
DIAMONDS THREE DIAMONDS ACE,0.414,0.0042,0.5818
DIAMONDS KING DIAMONDS NINE,0.3488,0.0068,0.6444
HEARTS ACE DIAMONDS FOUR,0.4042,0.0058,0.59
CLUBS FOUR CLUBS TWO,0.614,0.0176,0.3684
SPADES ACE SPADES THREE,0.3966,0.0068,0.5966
SPADES EIGHT SPADES FIVE,0.58,0.0144,0.4056
SPADES SEVEN HEARTS EIGHT,0.5694,0.0196,0.411
CLUBS SIX DIAMONDS FOUR,0.6848,0.0582,0.257
SPADES FIVE SPADES FOUR,0.5882,0.0178,0.394
HEARTS FOUR SPADES FOUR,0.432,0.0444,0.5236
CLUBS TWO DIAMONDS TEN,0.658,0.0192,0.3228
CLUBS TWO DIAMONDS SIX,0.712,0.0578,0.2302
HEARTS ACE DIAMONDS SIX,0.2688,0.0236,0.7076
HEARTS FIVE HEARTS EIGHT,0.6232,0.0136,0.3632
SPADES ACE CLUBS SIX,0.2922,0.0226,0.6852
CLUBS TEN SPADES TWO,0.6504,0.016,0.3336
DIAMONDS JACK CLUBS KING,0.2762,0.0286,0.6952
DIAMONDS ACE SPADES EIGHT,0.4148,0.0038,0.5814
HEARTS FIVE DIAMONDS TWO,0.6576,0.0218,0.3206
SPADES NINE DIAMONDS SEVEN,0.5828,0.0184,0.3988
SPADES ACE CLUBS EIGHT,0.4032,0.0058,0.591
DIAMONDS QUEEN CLUBS KING,0.359,0.0072,0.6338
SPADES FOUR DIAMONDS SEVEN,0.623,0.0188,0.3582
CLUBS SEVEN CLUBS TWO,0.6218,0.022,0.3562
SPADES ACE DIAMONDS JACK,0.268,0.02,0.712
DIAMONDS ACE SPADES FOUR,0.4288,0.003,0.5682
CLUBS TEN CLUBS SIX,0.6586,0.058,0.2834
CLUBS FIVE DIAMONDS TEN,0.6466,0.016,0.3374
HEARTS THREE SPADES FIVE,0.6352,0.0204,0.3444
DIAMONDS KING DIAMONDS TEN,0.3538,0.0064,0.6398
CLUBS ACE DIAMONDS FOUR,0.4346,0.004,0.5614
HEARTS ACE HEARTS KING,0.3128,0.0048,0.6824
SPADES JACK SPADES FIVE,0.4022,0.3494,0.2484
DIAMONDS NINE HEARTS QUEEN,0.3814,0.011,0.6076
CLUBS EIGHT CLUBS QUEEN,0.361,0.01,0.629
DIAMONDS NINE CLUBS QUEEN,0.3644,0.0092,0.6264
SPADES QUEEN HEARTS EIGHT,0.3808,0.0098,0.6094
DIAMONDS QUEEN SPADES FIVE,0.432,0.014,0.554
CLUBS SIX SPADES THREE,0.6922,0.0572,0.2506
SPADES KING DIAMONDS NINE,0.3944,0.0078,0.5978
CLUBS SEVEN SPADES THREE,0.6432,0.0164,0.3404
CLUBS FOUR SPADES THREE,0.641,0.0146,0.3444
CLUBS NINE HEARTS THREE,0.6418,0.0222,0.336
DIAMONDS THREE SPADES FIVE,0.6418,0.0188,0.3394
HEARTS FIVE CLUBS ACE,0.4228,0.0042,0.573
SPADES ACE SPADES FOUR,0.3988,0.0056,0.5956
SPADES ACE HEARTS KING,0.3504,0.0054,0.6442
HEARTS TEN DIAMONDS FOUR,0.6312,0.0202,0.3486
CLUBS NINE CLUBS SIX,0.6486,0.0532,0.2982
DIAMONDS THREE CLUBS ACE,0.426,0.004,0.57
DIAMONDS JACK DIAMONDS SIX,0.0786,0.8506,0.0708
HEARTS THREE DIAMONDS NINE,0.6454,0.0184,0.3362
CLUBS TEN CLUBS QUEEN,0.3416,0.0072,0.6512
DIAMONDS KING DIAMONDS SEVEN,0.367,0.0072,0.6258
CLUBS TWO SPADES THREE,0.6588,0.0194,0.3218
