opposingHand,winningChance,drawChance,lostChance
HEARTS FOUR CLUBS TWO
HEARTS FIVE SPADES TEN,0.3468,0.0298,0.6234
HEARTS FIVE SPADES JACK,0.3412,0.0256,0.6332
CLUBS JACK SPADES FIVE,0.3498,0.018,0.6322
CLUBS TEN SPADES FIVE,0.3436,0.0248,0.6316
CLUBS JACK CLUBS EIGHT,0.323,0.0174,0.6596
CLUBS TEN CLUBS EIGHT,0.3184,0.0266,0.655
CLUBS EIGHT CLUBS KING,0.3212,0.0066,0.6722
SPADES FIVE CLUBS ACE,0.326,0.0086,0.6654
CLUBS EIGHT CLUBS QUEEN,0.315,0.014,0.671
SPADES FIVE CLUBS KING,0.328,0.0092,0.6628
SPADES FIVE CLUBS QUEEN,0.3268,0.0132,0.66
CLUBS EIGHT CLUBS ACE,0.3324,0.0052,0.6624
DIAMONDS TWO DIAMONDS THREE,0.266,0.4792,0.2548
DIAMONDS TWO DIAMONDS FIVE,0.2164,0.346,0.4376
HEARTS FIVE SPADES KING,0.3264,0.008,0.6656
DIAMONDS TWO DIAMONDS FOUR,0.0184,0.9104,0.0712
HEARTS FIVE SPADES QUEEN,0.3462,0.0134,0.6404
DIAMONDS TWO DIAMONDS SEVEN,0.2478,0.1852,0.567
DIAMONDS TWO DIAMONDS SIX,0.2364,0.2608,0.5028
SPADES ACE HEARTS FIVE,0.3146,0.0056,0.6798
DIAMONDS TWO DIAMONDS NINE,0.2508,0.1016,0.6476
DIAMONDS TWO DIAMONDS EIGHT,0.2464,0.1328,0.6208
DIAMONDS THREE DIAMONDS FOUR,0.2194,0.468,0.3126
DIAMONDS THREE DIAMONDS FIVE,0.305,0.2322,0.4628
DIAMONDS THREE DIAMONDS EIGHT,0.3576,0.0656,0.5768
DIAMONDS THREE DIAMONDS NINE,0.338,0.0452,0.6168
DIAMONDS THREE DIAMONDS SIX,0.321,0.1498,0.5292
DIAMONDS THREE DIAMONDS SEVEN,0.3326,0.1002,0.5672
CLUBS TEN CLUBS JACK,0.3116,0.017,0.6714
DIAMONDS FOUR DIAMONDS SIX,0.2214,0.2592,0.5194
CLUBS TEN CLUBS QUEEN,0.3206,0.0112,0.6682
DIAMONDS FOUR DIAMONDS SEVEN,0.2166,0.1988,0.5846
CLUBS TEN CLUBS KING,0.322,0.0092,0.6688
CLUBS TEN CLUBS ACE,0.3346,0.0064,0.659
DIAMONDS FIVE DIAMONDS FOUR,0.2062,0.3444,0.4494
DIAMONDS NINE DIAMONDS FOUR,0.2408,0.1006,0.6586
DIAMONDS EIGHT DIAMONDS FOUR,0.2386,0.1428,0.6186
DIAMONDS NINE DIAMONDS FIVE,0.319,0.0494,0.6316
CLUBS JACK DIAMONDS TWO,0.2648,0.0512,0.684
DIAMONDS EIGHT DIAMONDS FIVE,0.3096,0.0692,0.6212
CLUBS TEN DIAMONDS TWO,0.2616,0.0804,0.658
DIAMONDS FIVE DIAMONDS SEVEN,0.3014,0.0962,0.6024
DIAMONDS FIVE DIAMONDS SIX,0.2962,0.1476,0.5562
DIAMONDS TWO CLUBS ACE,0.2338,0.0174,0.7488
DIAMONDS TWO CLUBS KING,0.2604,0.0252,0.7144
DIAMONDS TWO CLUBS QUEEN,0.2564,0.0414,0.7022
DIAMONDS EIGHT DIAMONDS SIX,0.3122,0.0608,0.627
DIAMONDS NINE DIAMONDS SIX,0.3232,0.0452,0.6316
HEARTS ACE SPADES THREE,0.3546,0.0046,0.6408
SPADES THREE HEARTS KING,0.3634,0.01,0.6266
DIAMONDS SEVEN DIAMONDS SIX,0.2912,0.095,0.6138
HEARTS QUEEN SPADES THREE,0.3618,0.0134,0.6248
SPADES THREE HEARTS JACK,0.3694,0.022,0.6086
SPADES THREE HEARTS TEN,0.3752,0.0332,0.5916
DIAMONDS EIGHT DIAMONDS SEVEN,0.313,0.0532,0.6338
DIAMONDS NINE DIAMONDS SEVEN,0.3086,0.0384,0.653
DIAMONDS NINE DIAMONDS EIGHT,0.3008,0.036,0.6632
DIAMONDS KING HEARTS TEN,0.3424,0.01,0.6476
HEARTS THREE HEARTS TEN,0.3546,0.0318,0.6136
SPADES JACK CLUBS SIX,0.338,0.0204,0.6416
DIAMONDS KING HEARTS JACK,0.3312,0.008,0.6608
HEARTS THREE HEARTS JACK,0.347,0.0208,0.6322
SPADES TEN CLUBS SIX,0.3394,0.0292,0.6314
SPADES JACK SPADES FIVE,0.3286,0.0224,0.649
SPADES TEN SPADES FIVE,0.3224,0.027,0.6506
DIAMONDS KING HEARTS ACE,0.3392,0.0044,0.6564
HEARTS THREE HEARTS ACE,0.3294,0.0068,0.6638
SPADES ACE CLUBS SIX,0.3328,0.0074,0.6598
DIAMONDS KING HEARTS QUEEN,0.333,0.009,0.658
HEARTS THREE HEARTS QUEEN,0.3528,0.0136,0.6336
SPADES KING CLUBS SIX,0.3374,0.008,0.6546
DIAMONDS KING HEARTS KING,0.1456,0.0208,0.8336
HEARTS THREE HEARTS KING,0.3468,0.0096,0.6436
SPADES QUEEN CLUBS SIX,0.3378,0.0118,0.6504
SPADES NINE HEARTS TEN,0.3334,0.0226,0.644
SPADES NINE HEARTS JACK,0.339,0.0208,0.6402
SPADES QUEEN SPADES FIVE,0.3218,0.0144,0.6638
SPADES KING SPADES FIVE,0.3122,0.0102,0.6776
SPADES ACE SPADES FIVE,0.3068,0.0074,0.6858
SPADES NINE HEARTS QUEEN,0.336,0.0124,0.6516
SPADES NINE HEARTS KING,0.3296,0.0108,0.6596
SPADES NINE HEARTS ACE,0.3394,0.006,0.6546
CLUBS TEN SPADES JACK,0.3332,0.0156,0.6512
CLUBS TEN SPADES TEN,0.1434,0.0654,0.7912
SPADES ACE CLUBS TEN,0.3374,0.0032,0.6594
CLUBS TEN SPADES KING,0.326,0.0096,0.6644
CLUBS TEN SPADES QUEEN,0.3344,0.012,0.6536
SPADES FIVE HEARTS QUEEN,0.3502,0.0136,0.6362
SPADES FIVE HEARTS KING,0.3374,0.0072,0.6554
HEARTS ACE SPADES FIVE,0.3256,0.0058,0.6686
CLUBS EIGHT SPADES TEN,0.3374,0.0244,0.6382
HEARTS THREE SPADES JACK,0.38,0.0246,0.5954
SPADES JACK DIAMONDS KING,0.3414,0.005,0.6536
SPADES TEN DIAMONDS KING,0.3372,0.0108,0.652
HEARTS THREE SPADES TEN,0.3714,0.0346,0.594
CLUBS EIGHT SPADES JACK,0.3434,0.0176,0.639
CLUBS SIX HEARTS ACE,0.3336,0.0032,0.6632
SPADES ACE CLUBS EIGHT,0.3398,0.0056,0.6546
HEARTS FIVE CLUBS JACK,0.342,0.0238,0.6342
CLUBS TEN HEARTS FIVE,0.3436,0.0312,0.6252
CLUBS SIX HEARTS QUEEN,0.3348,0.0144,0.6508
SPADES QUEEN CLUBS EIGHT,0.3456,0.0146,0.6398
CLUBS TEN SPADES THREE,0.3684,0.031,0.6006
CLUBS SIX HEARTS KING,0.3398,0.01,0.6502
SPADES KING CLUBS EIGHT,0.34,0.005,0.655
CLUBS JACK SPADES THREE,0.3712,0.0206,0.6082
DIAMONDS TWO HEARTS JACK,0.2494,0.0584,0.6922
SPADES THREE CLUBS QUEEN,0.3764,0.0142,0.6094
DIAMONDS TWO HEARTS TEN,0.2448,0.075,0.6802
SPADES THREE CLUBS KING,0.3782,0.01,0.6118
HEARTS FIVE CLUBS ACE,0.3102,0.008,0.6818
SPADES FIVE HEARTS TEN,0.3482,0.0352,0.6166
SPADES THREE CLUBS ACE,0.359,0.006,0.635
HEARTS FIVE CLUBS KING,0.325,0.0118,0.6632
SPADES FIVE HEARTS JACK,0.3354,0.0238,0.6408
HEARTS FIVE CLUBS QUEEN,0.344,0.0128,0.6432
HEARTS THREE CLUBS KING,0.3594,0.0114,0.6292
DIAMONDS KING CLUBS KING,0.156,0.0196,0.8244
HEARTS THREE CLUBS QUEEN,0.368,0.016,0.616
DIAMONDS KING CLUBS QUEEN,0.3388,0.008,0.6532
HEARTS FIVE HEARTS JACK,0.3438,0.022,0.6342
HEARTS FIVE HEARTS TEN,0.3322,0.0328,0.635
HEARTS THREE CLUBS ACE,0.3516,0.008,0.6404
DIAMONDS KING CLUBS ACE,0.343,0.0032,0.6538
SPADES ACE CLUBS QUEEN,0.3286,0.005,0.6664
SPADES KING CLUBS QUEEN,0.3444,0.0074,0.6482
CLUBS JACK HEARTS THREE,0.3702,0.021,0.6088
CLUBS JACK DIAMONDS KING,0.3576,0.0068,0.6356
SPADES QUEEN CLUBS QUEEN,0.1436,0.0324,0.824
CLUBS TEN HEARTS THREE,0.3776,0.0346,0.5878
CLUBS TEN DIAMONDS KING,0.3288,0.0068,0.6644
SPADES JACK CLUBS QUEEN,0.346,0.0104,0.6436
CLUBS SIX CLUBS QUEEN,0.343,0.0136,0.6434
SPADES TEN CLUBS QUEEN,0.3404,0.009,0.6506
CLUBS SIX CLUBS KING,0.3382,0.0074,0.6544
CLUBS SIX CLUBS ACE,0.324,0.0052,0.6708
HEARTS FIVE HEARTS KING,0.321,0.0082,0.6708
HEARTS FIVE HEARTS QUEEN,0.3342,0.0144,0.6514
CLUBS TEN CLUBS SIX,0.327,0.0294,0.6436
HEARTS FIVE HEARTS ACE,0.3006,0.0068,0.6926
CLUBS JACK CLUBS SIX,0.3312,0.0174,0.6514
SPADES SEVEN HEARTS JACK,0.3284,0.0196,0.652
SPADES SEVEN HEARTS TEN,0.3318,0.0298,0.6384
DIAMONDS TWO CLUBS THREE,0.2634,0.5164,0.2202
DIAMONDS TWO HEARTS SIX,0.2364,0.2746,0.489
DIAMONDS TWO HEARTS QUEEN,0.2586,0.0432,0.6982
HEARTS SEVEN DIAMONDS TWO,0.2526,0.1984,0.549
DIAMONDS TWO HEARTS KING,0.2678,0.0246,0.7076
DIAMONDS TWO HEARTS EIGHT,0.2638,0.1452,0.591
DIAMONDS TWO HEARTS ACE,0.244,0.016,0.74
DIAMONDS TWO HEARTS NINE,0.2626,0.1008,0.6366
DIAMONDS TWO DIAMONDS QUEEN,0.2466,0.037,0.7164
DIAMONDS TWO HEARTS TWO,0.2446,0.1194,0.636
DIAMONDS TWO DIAMONDS KING,0.2428,0.028,0.7292
HEARTS THREE DIAMONDS TWO,0.2662,0.5172,0.2166
DIAMONDS TWO DIAMONDS ACE,0.2274,0.0144,0.7582
HEARTS FIVE DIAMONDS TWO,0.229,0.379,0.392
SPADES SEVEN HEARTS ACE,0.33,0.0042,0.6658
DIAMONDS TWO DIAMONDS TEN,0.2424,0.0696,0.688
SPADES SEVEN HEARTS KING,0.3414,0.007,0.6516
DIAMONDS TWO DIAMONDS JACK,0.2388,0.0518,0.7094
SPADES SEVEN HEARTS QUEEN,0.3368,0.0168,0.6464
DIAMONDS TWO SPADES NINE,0.2704,0.0976,0.632
DIAMONDS TWO SPADES EIGHT,0.2656,0.136,0.5984
DIAMONDS TWO SPADES SEVEN,0.2624,0.2002,0.5374
DIAMONDS TWO SPADES SIX,0.2516,0.2684,0.48
DIAMONDS TWO SPADES FIVE,0.221,0.3714,0.4076
DIAMONDS TWO SPADES FOUR,0.0224,0.958,0.0196
DIAMONDS TWO SPADES THREE,0.2746,0.4994,0.226
DIAMONDS TWO SPADES TWO,0.2368,0.1298,0.6334
DIAMONDS TWO CLUBS NINE,0.2496,0.1034,0.647
CLUBS EIGHT DIAMONDS TWO,0.2562,0.15,0.5938
DIAMONDS TWO CLUBS SEVEN,0.263,0.2012,0.5358
DIAMONDS TWO CLUBS SIX,0.2474,0.2632,0.4894
DIAMONDS TWO CLUBS FIVE,0.2334,0.3618,0.4048
DIAMONDS TWO CLUBS FOUR,0.0136,0.97,0.0164
CLUBS FOUR SPADES FIVE,0.2114,0.3532,0.4354
CLUBS FOUR SPADES FOUR,0.0726,0.1388,0.7886
CLUBS FOUR SPADES THREE,0.2126,0.5104,0.277
CLUBS FOUR SPADES TWO,0.0114,0.9718,0.0168
SPADES NINE CLUBS FOUR,0.245,0.1034,0.6516
SPADES EIGHT CLUBS FOUR,0.2532,0.143,0.6038
CLUBS FOUR SPADES SEVEN,0.2284,0.201,0.5706
CLUBS FOUR SPADES SIX,0.2446,0.2656,0.4898
SPADES ACE DIAMONDS SIX,0.3392,0.0052,0.6556
SPADES QUEEN DIAMONDS SIX,0.3546,0.0112,0.6342
SPADES KING DIAMONDS SIX,0.3434,0.0088,0.6478
SPADES TEN DIAMONDS SIX,0.3394,0.0268,0.6338
SPADES JACK DIAMONDS SIX,0.338,0.0172,0.6448
SPADES QUEEN SPADES TWO,0.2434,0.0378,0.7188
SPADES KING SPADES TWO,0.2592,0.028,0.7128
SPADES ACE SPADES TWO,0.2294,0.0136,0.757
CLUBS JACK DIAMONDS JACK,0.151,0.0494,0.7996
CLUBS TEN DIAMONDS JACK,0.3216,0.0168,0.6616
DIAMONDS JACK CLUBS KING,0.3346,0.0094,0.656
DIAMONDS JACK CLUBS QUEEN,0.348,0.009,0.643
DIAMONDS THREE DIAMONDS JACK,0.35,0.0188,0.6312
DIAMONDS THREE DIAMONDS TEN,0.358,0.0264,0.6156
DIAMONDS JACK CLUBS ACE,0.3328,0.0056,0.6616
DIAMONDS THREE DIAMONDS KING,0.3542,0.0088,0.637
HEARTS THREE DIAMONDS THREE,0.2052,0.17,0.6248
DIAMONDS THREE DIAMONDS QUEEN,0.3454,0.015,0.6396
DIAMONDS THREE HEARTS TWO,0.2718,0.5102,0.218
HEARTS FIVE DIAMONDS THREE,0.3304,0.2398,0.4298
DIAMONDS THREE DIAMONDS ACE,0.3398,0.0062,0.654
HEARTS SEVEN DIAMONDS THREE,0.3598,0.11,0.5302
SPADES TEN SPADES NINE,0.315,0.0236,0.6614
HEARTS SIX DIAMONDS THREE,0.3496,0.1582,0.4922
SPADES JACK SPADES NINE,0.3138,0.018,0.6682
DIAMONDS THREE HEARTS NINE,0.356,0.0456,0.5984
HEARTS JACK DIAMONDS FOUR,0.249,0.065,0.686
HEARTS ACE HEARTS KING,0.3332,0.0046,0.6622
SPADES TEN SPADES TWO,0.2498,0.0716,0.6786
DIAMONDS THREE HEARTS EIGHT,0.3736,0.0696,0.5568
HEARTS TEN DIAMONDS FOUR,0.2496,0.0842,0.6662
SPADES JACK SPADES TWO,0.245,0.0514,0.7036
HEARTS QUEEN DIAMONDS FOUR,0.2448,0.0542,0.701
HEARTS KING DIAMONDS FOUR,0.2574,0.0374,0.7052
SPADES ACE SPADES NINE,0.3378,0.0054,0.6568
HEARTS ACE DIAMONDS FOUR,0.2332,0.0252,0.7416
SPADES KING SPADES NINE,0.3082,0.0076,0.6842
SPADES QUEEN SPADES NINE,0.3292,0.0102,0.6606
DIAMONDS THREE SPADES NINE,0.3588,0.044,0.5972
DIAMONDS THREE SPADES EIGHT,0.3716,0.0684,0.56
DIAMONDS THREE SPADES SEVEN,0.3622,0.104,0.5338
DIAMONDS THREE SPADES SIX,0.353,0.1652,0.4818
DIAMONDS THREE CLUBS SIX,0.3388,0.171,0.4902
CLUBS SIX CLUBS FIVE,0.3098,0.1392,0.551
CLUBS ACE DIAMONDS FOUR,0.2316,0.0242,0.7442
DIAMONDS THREE CLUBS SEVEN,0.3598,0.1104,0.5298
CLUBS SEVEN CLUBS FIVE,0.3052,0.0974,0.5974
DIAMONDS THREE CLUBS FOUR,0.215,0.5118,0.2732
DIAMONDS FOUR CLUBS QUEEN,0.2574,0.0428,0.6998
DIAMONDS THREE CLUBS FIVE,0.318,0.2522,0.4298
DIAMONDS FOUR CLUBS KING,0.2588,0.0388,0.7024
CLUBS TEN DIAMONDS FOUR,0.2466,0.0902,0.6632
DIAMONDS THREE CLUBS THREE,0.2104,0.1662,0.6234
CLUBS JACK DIAMONDS FOUR,0.2548,0.0684,0.6768
DIAMONDS THREE SPADES FOUR,0.221,0.5066,0.2724
DIAMONDS THREE SPADES FIVE,0.3168,0.25,0.4332
DIAMONDS THREE SPADES TWO,0.273,0.502,0.225
DIAMONDS THREE SPADES THREE,0.2206,0.1638,0.6156
CLUBS EIGHT DIAMONDS THREE,0.3802,0.0724,0.5474
CLUBS NINE DIAMONDS THREE,0.3604,0.0508,0.5888
SPADES SEVEN CLUBS ACE,0.3376,0.0054,0.657
SPADES SEVEN CLUBS QUEEN,0.3424,0.0144,0.6432
SPADES SEVEN CLUBS KING,0.3358,0.008,0.6562
SPADES SEVEN CLUBS FIVE,0.323,0.104,0.573
CLUBS TEN SPADES SEVEN,0.335,0.0286,0.6364
CLUBS FIVE SPADES SIX,0.3038,0.161,0.5352
CLUBS JACK SPADES SEVEN,0.3296,0.021,0.6494
SPADES NINE CLUBS FIVE,0.3436,0.0486,0.6078
SPADES EIGHT CLUBS FIVE,0.3354,0.0662,0.5984
CLUBS FIVE SPADES THREE,0.3088,0.2592,0.432
CLUBS FIVE SPADES TWO,0.218,0.3814,0.4006
CLUBS FIVE SPADES FIVE,0.116,0.1488,0.7352
CLUBS FIVE SPADES FOUR,0.2122,0.367,0.4208
CLUBS NINE CLUBS FIVE,0.3278,0.0372,0.635
CLUBS EIGHT CLUBS FIVE,0.3212,0.0688,0.61
CLUBS ACE CLUBS QUEEN,0.3196,0.0058,0.6746
CLUBS KING CLUBS QUEEN,0.324,0.009,0.667
DIAMONDS TEN DIAMONDS FOUR,0.2432,0.085,0.6718
CLUBS TEN DIAMONDS NINE,0.3348,0.0218,0.6434
DIAMONDS JACK DIAMONDS FOUR,0.2406,0.0636,0.6958
CLUBS JACK DIAMONDS NINE,0.3442,0.0178,0.638
CLUBS JACK SPADES NINE,0.3342,0.0154,0.6504
CLUBS TEN SPADES NINE,0.3288,0.0232,0.648
DIAMONDS ACE DIAMONDS FOUR,0.2246,0.023,0.7524
DIAMONDS JACK HEARTS TEN,0.3346,0.017,0.6484
SPADES NINE CLUBS KING,0.3364,0.007,0.6566
DIAMONDS TWO SPADES TEN,0.2676,0.0758,0.6566
DIAMONDS NINE CLUBS ACE,0.3448,0.0058,0.6494
HEARTS FIVE DIAMONDS FOUR,0.2138,0.3708,0.4154
DIAMONDS JACK HEARTS JACK,0.1434,0.0488,0.8078
SPADES NINE CLUBS QUEEN,0.3326,0.0106,0.6568
DIAMONDS TWO SPADES JACK,0.272,0.0584,0.6696
DIAMONDS QUEEN DIAMONDS FOUR,0.2346,0.0462,0.7192
HEARTS TWO DIAMONDS FOUR,0.0184,0.969,0.0126
DIAMONDS NINE CLUBS QUEEN,0.3356,0.0128,0.6516
DIAMONDS KING DIAMONDS FOUR,0.2298,0.0358,0.7344
HEARTS THREE DIAMONDS FOUR,0.2232,0.5158,0.261
SPADES NINE CLUBS ACE,0.3264,0.0054,0.6682
DIAMONDS NINE CLUBS KING,0.3502,0.0088,0.641
HEARTS ACE DIAMONDS JACK,0.328,0.0048,0.6672
SPADES ACE DIAMONDS TWO,0.2522,0.0164,0.7314
HEARTS QUEEN DIAMONDS JACK,0.3266,0.011,0.6624
SPADES QUEEN DIAMONDS TWO,0.261,0.0398,0.6992
DIAMONDS JACK HEARTS KING,0.3394,0.0108,0.6498
SPADES KING DIAMONDS TWO,0.2556,0.0286,0.7158
SPADES JACK SPADES SEVEN,0.3278,0.0186,0.6536
SPADES TEN SPADES SEVEN,0.32,0.0282,0.6518
CLUBS SEVEN CLUBS THREE,0.3418,0.103,0.5552
CLUBS SIX CLUBS THREE,0.3376,0.1584,0.504
CLUBS FIVE CLUBS THREE,0.311,0.2396,0.4494
CLUBS FOUR CLUBS THREE,0.1986,0.4892,0.3122
CLUBS NINE CLUBS THREE,0.3536,0.0436,0.6028
CLUBS EIGHT CLUBS THREE,0.3534,0.0684,0.5782
SPADES FIVE CLUBS THREE,0.3338,0.2444,0.4218
CLUBS THREE SPADES FOUR,0.2114,0.5246,0.264
CLUBS THREE SPADES THREE,0.1946,0.1838,0.6216
CLUBS THREE SPADES TWO,0.2684,0.5114,0.2202
SPADES SIX CLUBS THREE,0.335,0.1604,0.5046
SPADES SEVEN CLUBS THREE,0.3482,0.1104,0.5414
SPADES EIGHT CLUBS THREE,0.3738,0.0642,0.562
SPADES NINE CLUBS THREE,0.3628,0.046,0.5912
SPADES TWO DIAMONDS FOUR,0.021,0.9542,0.0248
SPADES THREE DIAMONDS FOUR,0.2142,0.509,0.2768
SPADES FOUR DIAMONDS FOUR,0.0838,0.1434,0.7728
SPADES FIVE DIAMONDS FOUR,0.2178,0.3538,0.4284
SPADES SIX DIAMONDS FOUR,0.2428,0.2788,0.4784
SPADES SEVEN DIAMONDS FOUR,0.2338,0.1996,0.5666
SPADES EIGHT DIAMONDS FOUR,0.2556,0.1476,0.5968
SPADES NINE DIAMONDS FOUR,0.2508,0.1054,0.6438
CLUBS FIVE DIAMONDS FOUR,0.2126,0.3812,0.4062
CLUBS FOUR DIAMONDS FOUR,0.0808,0.1378,0.7814
CLUBS SEVEN DIAMONDS FOUR,0.2364,0.2062,0.5574
CLUBS SIX DIAMONDS FOUR,0.2392,0.262,0.4988
CLUBS NINE DIAMONDS FOUR,0.2496,0.1162,0.6342
CLUBS EIGHT DIAMONDS FOUR,0.2494,0.145,0.6056
HEARTS SEVEN DIAMONDS FOUR,0.224,0.2074,0.5686
HEARTS SIX DIAMONDS FOUR,0.2408,0.2762,0.483
DIAMONDS FOUR HEARTS NINE,0.2532,0.1068,0.64
DIAMONDS FOUR HEARTS EIGHT,0.2544,0.1444,0.6012
CLUBS THREE DIAMONDS FOUR,0.2114,0.5098,0.2788
DIAMONDS TEN DIAMONDS FIVE,0.3178,0.0298,0.6524
DIAMONDS JACK DIAMONDS FIVE,0.321,0.0188,0.6602
DIAMONDS NINE HEARTS QUEEN,0.3342,0.0148,0.651
DIAMONDS NINE HEARTS KING,0.3362,0.0082,0.6556
HEARTS ACE DIAMONDS NINE,0.3326,0.0048,0.6626
DIAMONDS NINE HEARTS TEN,0.3376,0.0232,0.6392
DIAMONDS NINE HEARTS JACK,0.3372,0.015,0.6478
CLUBS KING DIAMONDS SIX,0.3424,0.0106,0.647
CLUBS QUEEN DIAMONDS SIX,0.328,0.0118,0.6602
CLUBS ACE DIAMONDS SIX,0.3348,0.0034,0.6618
SPADES KING DIAMONDS FOUR,0.249,0.0364,0.7146
SPADES ACE SPADES SEVEN,0.3184,0.0046,0.677
SPADES QUEEN DIAMONDS FOUR,0.2532,0.0502,0.6966
SPADES QUEEN SPADES SEVEN,0.3264,0.0126,0.661
CLUBS JACK DIAMONDS SIX,0.351,0.0172,0.6318
SPADES KING SPADES SEVEN,0.3236,0.0098,0.6666
SPADES ACE DIAMONDS FOUR,0.2314,0.0228,0.7458
CLUBS TEN DIAMONDS SIX,0.3566,0.0282,0.6152
CLUBS NINE CLUBS FOUR,0.2528,0.1086,0.6386
CLUBS EIGHT CLUBS FOUR,0.247,0.1384,0.6146
SPADES JACK DIAMONDS FOUR,0.2538,0.0678,0.6784
SPADES TEN DIAMONDS FOUR,0.2576,0.0894,0.653
CLUBS FOUR CLUBS FIVE,0.2022,0.3474,0.4504
CLUBS SEVEN CLUBS FOUR,0.2276,0.1924,0.58
CLUBS SIX CLUBS FOUR,0.227,0.263,0.51
CLUBS SEVEN SPADES EIGHT,0.334,0.0582,0.6078
SPADES NINE CLUBS SEVEN,0.3348,0.0426,0.6226
CLUBS SEVEN SPADES SIX,0.3122,0.1044,0.5834
CLUBS SEVEN SPADES SEVEN,0.1512,0.1196,0.7292
CLUBS SEVEN SPADES FIVE,0.3176,0.106,0.5764
CLUBS SEVEN SPADES FOUR,0.2266,0.21,0.5634
CLUBS SEVEN SPADES THREE,0.3538,0.1166,0.5296
CLUBS SEVEN SPADES TWO,0.248,0.2024,0.5496
CLUBS NINE CLUBS SEVEN,0.3248,0.0422,0.633
CLUBS EIGHT CLUBS SEVEN,0.3124,0.0586,0.629
HEARTS SIX DIAMONDS FIVE,0.3024,0.1528,0.5448
HEARTS SEVEN DIAMONDS FIVE,0.3232,0.101,0.5758
DIAMONDS FIVE HEARTS EIGHT,0.336,0.0672,0.5968
DIAMONDS FIVE HEARTS NINE,0.331,0.0502,0.6188
DIAMONDS QUEEN DIAMONDS FIVE,0.3178,0.0142,0.668
HEARTS TWO DIAMONDS FIVE,0.22,0.3744,0.4056
HEARTS KING HEARTS EIGHT,0.319,0.0112,0.6698
DIAMONDS KING DIAMONDS FIVE,0.322,0.0102,0.6678
HEARTS THREE DIAMONDS FIVE,0.335,0.2586,0.4064
HEARTS QUEEN HEARTS EIGHT,0.3324,0.0124,0.6552
DIAMONDS ACE DIAMONDS FIVE,0.3004,0.0062,0.6934
HEARTS FIVE DIAMONDS FIVE,0.108,0.1474,0.7446
HEARTS ACE HEARTS EIGHT,0.3318,0.007,0.6612
CLUBS FOUR DIAMONDS FIVE,0.2176,0.364,0.4184
CLUBS FIVE DIAMONDS FIVE,0.1128,0.139,0.7482
CLUBS SIX DIAMONDS FIVE,0.2978,0.1456,0.5566
CLUBS SEVEN DIAMONDS FIVE,0.3116,0.0966,0.5918
CLUBS THREE DIAMONDS FIVE,0.3342,0.2372,0.4286
SPADES THREE DIAMONDS FIVE,0.3286,0.2586,0.4128
SPADES TWO DIAMONDS FIVE,0.23,0.3698,0.4002
SPADES JACK DIAMONDS EIGHT,0.3454,0.021,0.6336
SPADES FIVE DIAMONDS FIVE,0.1166,0.151,0.7324
CLUBS TEN HEARTS JACK,0.327,0.0168,0.6562
SPADES TEN DIAMONDS EIGHT,0.338,0.028,0.634
SPADES FOUR DIAMONDS FIVE,0.2154,0.3622,0.4224
CLUBS JACK HEARTS JACK,0.1324,0.0522,0.8154
HEARTS JACK CLUBS QUEEN,0.3422,0.0112,0.6466
CLUBS NINE DIAMONDS FIVE,0.335,0.0426,0.6224
CLUBS EIGHT DIAMONDS FIVE,0.3268,0.0662,0.607
HEARTS JACK CLUBS KING,0.3422,0.0094,0.6484
CLUBS ACE HEARTS JACK,0.3292,0.0054,0.6654
SPADES SEVEN DIAMONDS FIVE,0.313,0.1116,0.5754
SPADES KING DIAMONDS EIGHT,0.3586,0.0098,0.6316
SPADES QUEEN DIAMONDS EIGHT,0.3452,0.0106,0.6442
SPADES SIX DIAMONDS FIVE,0.3182,0.148,0.5338
SPADES NINE DIAMONDS FIVE,0.3528,0.0432,0.604
SPADES EIGHT DIAMONDS FIVE,0.3338,0.0648,0.6014
SPADES ACE DIAMONDS EIGHT,0.3556,0.0042,0.6402
DIAMONDS TEN DIAMONDS SIX,0.3126,0.0266,0.6608
HEARTS ACE DIAMONDS SEVEN,0.33,0.0056,0.6644
DIAMONDS JACK DIAMONDS SIX,0.3258,0.0194,0.6548
HEARTS QUEEN DIAMONDS SEVEN,0.3538,0.0136,0.6326
HEARTS KING DIAMONDS SEVEN,0.3336,0.01,0.6564
DIAMONDS ACE DIAMONDS SIX,0.3224,0.0062,0.6714
SPADES TWO HEARTS JACK,0.2682,0.06,0.6718
HEARTS FIVE DIAMONDS SIX,0.3202,0.1548,0.525
SPADES TWO HEARTS TEN,0.27,0.078,0.652
DIAMONDS QUEEN DIAMONDS SIX,0.3318,0.0112,0.657
HEARTS TWO DIAMONDS SIX,0.2562,0.2764,0.4674
DIAMONDS KING DIAMONDS SIX,0.317,0.0094,0.6736
HEARTS THREE DIAMONDS SIX,0.3516,0.1648,0.4836
HEARTS EIGHT DIAMONDS SIX,0.3284,0.0628,0.6088
HEARTS NINE DIAMONDS SIX,0.3292,0.0484,0.6224
HEARTS SIX DIAMONDS SIX,0.131,0.1302,0.7388
HEARTS SEVEN DIAMONDS SIX,0.3204,0.096,0.5836
HEARTS TEN DIAMONDS SEVEN,0.3306,0.0262,0.6432
HEARTS JACK DIAMONDS SEVEN,0.3388,0.0188,0.6424
CLUBS THREE DIAMONDS SIX,0.3392,0.1734,0.4874
CLUBS SEVEN DIAMONDS SIX,0.3092,0.0954,0.5954
CLUBS JACK DIAMONDS EIGHT,0.3432,0.0176,0.6392
CLUBS SIX DIAMONDS SIX,0.131,0.1376,0.7314
CLUBS TEN DIAMONDS EIGHT,0.3342,0.0256,0.6402
CLUBS FIVE DIAMONDS SIX,0.3096,0.1586,0.5318
CLUBS FOUR DIAMONDS SIX,0.2452,0.2696,0.4852
HEARTS ACE HEARTS JACK,0.3298,0.0082,0.662
DIAMONDS EIGHT CLUBS ACE,0.321,0.0042,0.6748
HEARTS QUEEN HEARTS JACK,0.328,0.0116,0.6604
DIAMONDS EIGHT CLUBS KING,0.3386,0.0074,0.654
CLUBS NINE DIAMONDS SIX,0.3336,0.0464,0.62
HEARTS KING HEARTS JACK,0.3344,0.0064,0.6592
CLUBS EIGHT DIAMONDS SIX,0.3166,0.0658,0.6176
DIAMONDS EIGHT CLUBS QUEEN,0.34,0.0114,0.6486
SPADES TEN HEARTS KING,0.3446,0.0096,0.6458
SPADES FIVE DIAMONDS SIX,0.3196,0.1572,0.5232
HEARTS ACE SPADES TWO,0.243,0.0182,0.7388
SPADES JACK HEARTS KING,0.3266,0.0094,0.664
SPADES FOUR DIAMONDS SIX,0.2432,0.276,0.4808
SPADES THREE DIAMONDS SIX,0.346,0.1702,0.4838
HEARTS QUEEN SPADES TWO,0.2658,0.0334,0.7008
SPADES ACE SPADES KING,0.332,0.0058,0.6622
HEARTS KING SPADES TWO,0.2424,0.029,0.7286
SPADES TWO DIAMONDS SIX,0.2524,0.2704,0.4772
HEARTS TEN HEARTS EIGHT,0.33,0.0284,0.6416
SPADES NINE DIAMONDS SIX,0.3482,0.0426,0.6092
HEARTS JACK HEARTS EIGHT,0.3072,0.0222,0.6706
SPADES EIGHT DIAMONDS SIX,0.3364,0.0708,0.5928
SPADES SEVEN DIAMONDS SIX,0.3126,0.0896,0.5978
SPADES SIX DIAMONDS SIX,0.1356,0.1328,0.7316
SPADES KING HEARTS KING,0.1404,0.0184,0.8412
SPADES QUEEN HEARTS KING,0.3448,0.011,0.6442
CLUBS ACE CLUBS KING,0.327,0.0054,0.6676
SPADES ACE HEARTS KING,0.343,0.0046,0.6524
SPADES ACE HEARTS JACK,0.3388,0.0052,0.656
SPADES QUEEN HEARTS JACK,0.3362,0.0132,0.6506
SPADES KING HEARTS JACK,0.3272,0.0076,0.6652
SPADES TEN DIAMONDS TEN,0.1534,0.0774,0.7692
SPADES JACK DIAMONDS TEN,0.3402,0.0128,0.647
SPADES ACE DIAMONDS TEN,0.3458,0.0042,0.65
SPADES JACK HEARTS JACK,0.1514,0.0496,0.799
SPADES TEN HEARTS JACK,0.3188,0.017,0.6642
SPADES QUEEN DIAMONDS TEN,0.3324,0.011,0.6566
SPADES KING DIAMONDS TEN,0.3598,0.0054,0.6348
SPADES NINE DIAMONDS SEVEN,0.3296,0.044,0.6264
SPADES EIGHT DIAMONDS SEVEN,0.3292,0.0624,0.6084
SPADES SEVEN DIAMONDS SEVEN,0.153,0.1148,0.7322
SPADES SIX DIAMONDS SEVEN,0.3216,0.0968,0.5816
DIAMONDS KING DIAMONDS SEVEN,0.3312,0.0074,0.6614
HEARTS THREE DIAMONDS SEVEN,0.3686,0.1092,0.5222
HEARTS KING DIAMONDS FIVE,0.3414,0.01,0.6486
DIAMONDS QUEEN DIAMONDS SEVEN,0.3216,0.0122,0.6662
HEARTS TWO DIAMONDS SEVEN,0.2602,0.2006,0.5392
HEARTS QUEEN DIAMONDS FIVE,0.3408,0.0188,0.6404
HEARTS FIVE DIAMONDS SEVEN,0.3054,0.1008,0.5938
DIAMONDS ACE DIAMONDS SEVEN,0.3146,0.0022,0.6832
HEARTS ACE DIAMONDS FIVE,0.3118,0.006,0.6822
HEARTS SEVEN DIAMONDS SEVEN,0.15,0.1144,0.7356
HEARTS SIX DIAMONDS SEVEN,0.3134,0.0978,0.5888
DIAMONDS SEVEN HEARTS NINE,0.3298,0.0424,0.6278
HEARTS EIGHT DIAMONDS SEVEN,0.3342,0.062,0.6038
DIAMONDS JACK DIAMONDS SEVEN,0.3216,0.018,0.6604
DIAMONDS FIVE HEARTS JACK,0.338,0.0178,0.6442
DIAMONDS TEN DIAMONDS SEVEN,0.314,0.0254,0.6606
HEARTS TEN DIAMONDS FIVE,0.3476,0.03,0.6224
CLUBS EIGHT DIAMONDS SEVEN,0.3212,0.0554,0.6234
HEARTS KING CLUBS KING,0.1406,0.02,0.8394
HEARTS KING CLUBS QUEEN,0.3466,0.011,0.6424
CLUBS NINE DIAMONDS SEVEN,0.3356,0.0438,0.6206
CLUBS JACK SPADES TWO,0.255,0.054,0.691
CLUBS SIX CLUBS SEVEN,0.2924,0.0868,0.6208
CLUBS TEN SPADES TWO,0.2534,0.0724,0.6742
HEARTS KING CLUBS ACE,0.335,0.0054,0.6596
SPADES TWO CLUBS KING,0.2512,0.0272,0.7216
SPADES TWO DIAMONDS SEVEN,0.2678,0.1954,0.5368
CLUBS EIGHT CLUBS SIX,0.3194,0.0624,0.6182
SPADES THREE DIAMONDS SEVEN,0.3578,0.1064,0.5358
SPADES TWO CLUBS QUEEN,0.2528,0.0384,0.7088
CLUBS NINE CLUBS SIX,0.3268,0.0462,0.627
SPADES FOUR DIAMONDS SEVEN,0.2376,0.1868,0.5756
CLUBS JACK HEARTS KING,0.3274,0.01,0.6626
SPADES FIVE DIAMONDS SEVEN,0.324,0.1,0.576
SPADES TWO CLUBS ACE,0.2356,0.018,0.7464
CLUBS TEN HEARTS KING,0.3396,0.0096,0.6508
CLUBS SIX SPADES TWO,0.2442,0.2764,0.4794
CLUBS SIX SPADES THREE,0.3494,0.1588,0.4918
CLUBS SIX SPADES FOUR,0.2324,0.2828,0.4848
CLUBS THREE DIAMONDS SEVEN,0.3676,0.107,0.5254
CLUBS SIX SPADES FIVE,0.313,0.1588,0.5282
CLUBS FOUR DIAMONDS SEVEN,0.2292,0.2046,0.5662
CLUBS SIX SPADES SIX,0.137,0.1334,0.7296
CLUBS FIVE DIAMONDS SEVEN,0.3228,0.1072,0.57
CLUBS SIX SPADES SEVEN,0.3208,0.0998,0.5794
CLUBS SIX DIAMONDS SEVEN,0.3212,0.1012,0.5776
CLUBS SIX SPADES EIGHT,0.3234,0.0658,0.6108
CLUBS SEVEN DIAMONDS SEVEN,0.1454,0.1198,0.7348
CLUBS SIX SPADES NINE,0.3356,0.0436,0.6208
CLUBS THREE DIAMONDS EIGHT,0.3848,0.068,0.5472
HEARTS SEVEN DIAMONDS EIGHT,0.3136,0.0578,0.6286
HEARTS SIX DIAMONDS EIGHT,0.3288,0.0694,0.6018
DIAMONDS EIGHT HEARTS NINE,0.3292,0.0382,0.6326
DIAMONDS EIGHT HEARTS EIGHT,0.1446,0.1042,0.7512
CLUBS NINE DIAMONDS EIGHT,0.3154,0.0436,0.641
CLUBS EIGHT DIAMONDS EIGHT,0.149,0.1012,0.7498
CLUBS FIVE DIAMONDS EIGHT,0.3356,0.067,0.5974
SPADES ACE SPADES THREE,0.3304,0.0084,0.6612
CLUBS FOUR DIAMONDS EIGHT,0.2476,0.15,0.6024
CLUBS SEVEN DIAMONDS EIGHT,0.3218,0.0592,0.619
SPADES QUEEN SPADES THREE,0.3408,0.0168,0.6424
CLUBS SIX DIAMONDS EIGHT,0.3248,0.0668,0.6084
SPADES KING SPADES THREE,0.3472,0.009,0.6438
DIAMONDS QUEEN DIAMONDS EIGHT,0.3188,0.0122,0.669
HEARTS TWO DIAMONDS EIGHT,0.2514,0.1486,0.6
DIAMONDS KING DIAMONDS EIGHT,0.3272,0.0084,0.6644
HEARTS THREE DIAMONDS EIGHT,0.3716,0.0696,0.5588
DIAMONDS ACE DIAMONDS EIGHT,0.3238,0.0054,0.6708
HEARTS FIVE DIAMONDS EIGHT,0.335,0.0724,0.5926
DIAMONDS EIGHT DIAMONDS TEN,0.315,0.026,0.659
DIAMONDS EIGHT DIAMONDS JACK,0.325,0.0164,0.6586
SPADES JACK SPADES THREE,0.354,0.0244,0.6216
SPADES TEN SPADES THREE,0.3384,0.0318,0.6298
CLUBS FOUR HEARTS ACE,0.2208,0.027,0.7522
CLUBS FOUR HEARTS QUEEN,0.2488,0.0466,0.7046
CLUBS FOUR HEARTS KING,0.2452,0.0396,0.7152
CLUBS SIX HEARTS TEN,0.3282,0.0316,0.6402
CLUBS SIX HEARTS JACK,0.349,0.0176,0.6334
DIAMONDS EIGHT SPADES FOUR,0.2588,0.1444,0.5968
SPADES FIVE DIAMONDS EIGHT,0.3342,0.0698,0.596
DIAMONDS EIGHT SPADES TWO,0.2522,0.1394,0.6084
DIAMONDS EIGHT SPADES THREE,0.3806,0.0706,0.5488
CLUBS FOUR HEARTS JACK,0.2404,0.054,0.7056
SPADES EIGHT DIAMONDS EIGHT,0.1412,0.107,0.7518
SPADES TEN DIAMONDS QUEEN,0.3486,0.0112,0.6402
SPADES TEN HEARTS TWO,0.2554,0.0742,0.6704
SPADES JACK HEARTS EIGHT,0.3384,0.017,0.6446
CLUBS FOUR HEARTS TEN,0.237,0.0902,0.6728
SPADES NINE DIAMONDS EIGHT,0.3354,0.0398,0.6248
SPADES TEN HEARTS EIGHT,0.356,0.0228,0.6212
SPADES JACK HEARTS TWO,0.27,0.0522,0.6778
SPADES JACK DIAMONDS QUEEN,0.347,0.0098,0.6432
SPADES SIX DIAMONDS EIGHT,0.3386,0.064,0.5974
SPADES SEVEN DIAMONDS EIGHT,0.3268,0.058,0.6152
SPADES ACE HEARTS TWO,0.2546,0.0142,0.7312
SPADES ACE DIAMONDS QUEEN,0.361,0.0056,0.6334
SPADES ACE HEARTS EIGHT,0.3362,0.0056,0.6582
SPADES KING HEARTS EIGHT,0.3342,0.011,0.6548
SPADES QUEEN HEARTS TWO,0.2744,0.0366,0.689
SPADES QUEEN DIAMONDS QUEEN,0.161,0.034,0.805
SPADES KING DIAMONDS QUEEN,0.3512,0.0072,0.6416
SPADES KING HEARTS TWO,0.2662,0.0296,0.7042
SPADES QUEEN HEARTS EIGHT,0.3386,0.0096,0.6518
SPADES SEVEN DIAMONDS NINE,0.3462,0.0412,0.6126
SPADES SIX DIAMONDS NINE,0.3452,0.0442,0.6106
SPADES NINE DIAMONDS NINE,0.1464,0.0882,0.7654
SPADES EIGHT DIAMONDS NINE,0.3284,0.0352,0.6364
SPADES TEN CLUBS KING,0.3366,0.0086,0.6548
DIAMONDS NINE SPADES THREE,0.378,0.0444,0.5776
SPADES JACK CLUBS KING,0.3276,0.0096,0.6628
DIAMONDS NINE SPADES TWO,0.2654,0.106,0.6286
DIAMONDS NINE SPADES FIVE,0.3434,0.0454,0.6112
DIAMONDS NINE SPADES FOUR,0.2644,0.108,0.6276
CLUBS NINE DIAMONDS NINE,0.1334,0.0736,0.793
CLUBS EIGHT DIAMONDS NINE,0.3216,0.0356,0.6428
CLUBS SIX DIAMONDS NINE,0.337,0.0398,0.6232
SPADES JACK CLUBS FOUR,0.243,0.0676,0.6894
CLUBS SEVEN DIAMONDS NINE,0.322,0.0402,0.6378
SPADES TEN CLUBS FOUR,0.2516,0.084,0.6644
CLUBS FOUR DIAMONDS NINE,0.25,0.1128,0.6372
CLUBS FIVE DIAMONDS NINE,0.3358,0.0492,0.615
DIAMONDS NINE CLUBS THREE,0.3712,0.0458,0.583
DIAMONDS NINE HEARTS EIGHT,0.3214,0.0418,0.6368
DIAMONDS NINE HEARTS NINE,0.1482,0.09,0.7618
HEARTS SIX DIAMONDS NINE,0.3484,0.0468,0.6048
HEARTS SEVEN DIAMONDS NINE,0.3402,0.038,0.6218
CLUBS EIGHT CLUBS NINE,0.3134,0.036,0.6506
DIAMONDS ACE DIAMONDS NINE,0.3218,0.005,0.6732
HEARTS FIVE DIAMONDS NINE,0.3374,0.0458,0.6168
SPADES ACE CLUBS FOUR,0.228,0.0222,0.7498
DIAMONDS QUEEN DIAMONDS NINE,0.315,0.0112,0.6738
HEARTS TWO DIAMONDS NINE,0.274,0.1018,0.6242
SPADES KING CLUBS FOUR,0.2488,0.0392,0.712
DIAMONDS KING DIAMONDS NINE,0.3214,0.0068,0.6718
HEARTS THREE DIAMONDS NINE,0.3678,0.0518,0.5804
SPADES QUEEN CLUBS FOUR,0.2382,0.049,0.7128
DIAMONDS NINE DIAMONDS JACK,0.318,0.0172,0.6648
CLUBS EIGHT SPADES NINE,0.316,0.0398,0.6442
DIAMONDS NINE DIAMONDS TEN,0.314,0.0258,0.6602
CLUBS EIGHT SPADES EIGHT,0.1388,0.1,0.7612
CLUBS EIGHT SPADES SEVEN,0.3246,0.0602,0.6152
CLUBS EIGHT SPADES SIX,0.3182,0.0678,0.614
CLUBS EIGHT SPADES FIVE,0.3196,0.0718,0.6086
CLUBS EIGHT SPADES FOUR,0.2498,0.1388,0.6114
CLUBS EIGHT SPADES THREE,0.3706,0.0718,0.5576
CLUBS EIGHT SPADES TWO,0.258,0.144,0.598
HEARTS SIX DIAMONDS TEN,0.345,0.0382,0.6168
HEARTS SEVEN DIAMONDS TEN,0.335,0.0254,0.6396
DIAMONDS TEN HEARTS EIGHT,0.342,0.025,0.633
CLUBS JACK CLUBS FOUR,0.2446,0.0612,0.6942
DIAMONDS TEN HEARTS NINE,0.3384,0.0236,0.638
CLUBS TEN CLUBS FOUR,0.2522,0.0852,0.6626
CLUBS FOUR CLUBS KING,0.2346,0.036,0.7294
CLUBS FOUR CLUBS QUEEN,0.2432,0.0518,0.705
CLUBS THREE DIAMONDS TEN,0.371,0.0302,0.5988
CLUBS FOUR CLUBS ACE,0.2224,0.027,0.7506
DIAMONDS JACK DIAMONDS TEN,0.3118,0.0174,0.6708
DIAMONDS QUEEN DIAMONDS TEN,0.3252,0.01,0.6648
HEARTS TWO DIAMONDS TEN,0.2658,0.0726,0.6616
DIAMONDS KING DIAMONDS TEN,0.3192,0.0068,0.674
HEARTS THREE DIAMONDS TEN,0.374,0.0294,0.5966
DIAMONDS ACE DIAMONDS TEN,0.314,0.0042,0.6818
CLUBS EIGHT HEARTS JACK,0.3328,0.0194,0.6478
HEARTS FIVE DIAMONDS TEN,0.3522,0.0314,0.6164
CLUBS EIGHT HEARTS TEN,0.3292,0.0236,0.6472
CLUBS EIGHT HEARTS QUEEN,0.3368,0.013,0.6502
CLUBS EIGHT HEARTS KING,0.3396,0.0072,0.6532
CLUBS EIGHT HEARTS ACE,0.3354,0.0056,0.659
CLUBS NINE SPADES THREE,0.364,0.043,0.593
CLUBS NINE SPADES TWO,0.2618,0.1032,0.635
CLUBS NINE SPADES FIVE,0.3362,0.0476,0.6162
CLUBS NINE SPADES FOUR,0.2642,0.106,0.6298
CLUBS NINE SPADES SEVEN,0.3302,0.0418,0.628
CLUBS NINE SPADES SIX,0.3348,0.0466,0.6186
CLUBS NINE SPADES NINE,0.1478,0.0842,0.768
CLUBS TEN HEARTS EIGHT,0.328,0.0288,0.6432
CLUBS NINE SPADES EIGHT,0.3196,0.0408,0.6396
CLUBS JACK HEARTS EIGHT,0.3468,0.0172,0.636
HEARTS EIGHT CLUBS QUEEN,0.3488,0.014,0.6372
CLUBS KING HEARTS EIGHT,0.344,0.0086,0.6474
CLUBS ACE HEARTS EIGHT,0.3306,0.0064,0.663
SPADES KING CLUBS KING,0.15,0.0248,0.8252
SPADES QUEEN CLUBS KING,0.3342,0.0088,0.657
SPADES ACE CLUBS KING,0.3406,0.0042,0.6552
DIAMONDS ACE HEARTS TEN,0.3472,0.0048,0.648
DIAMONDS ACE HEARTS JACK,0.3382,0.0042,0.6576
SPADES KING CLUBS FIVE,0.339,0.0112,0.6498
SPADES QUEEN CLUBS FIVE,0.3268,0.0172,0.656
SPADES ACE CLUBS FIVE,0.3186,0.0058,0.6756
HEARTS SEVEN DIAMONDS JACK,0.3344,0.0212,0.6444
HEARTS SIX DIAMONDS JACK,0.3514,0.0224,0.6262
DIAMONDS JACK HEARTS NINE,0.3336,0.0186,0.6478
DIAMONDS JACK HEARTS EIGHT,0.3212,0.0214,0.6574
DIAMONDS KING DIAMONDS JACK,0.3232,0.0084,0.6684
HEARTS THREE DIAMONDS JACK,0.376,0.0228,0.6012
SPADES ACE SPADES SIX,0.3316,0.0054,0.663
HEARTS ACE SPADES FOUR,0.228,0.0284,0.7436
DIAMONDS QUEEN DIAMONDS JACK,0.3208,0.0102,0.669
HEARTS TWO DIAMONDS JACK,0.2758,0.0518,0.6724
HEARTS FIVE DIAMONDS JACK,0.3312,0.021,0.6478
SPADES QUEEN SPADES SIX,0.3236,0.0116,0.6648
SPADES FOUR HEARTS QUEEN,0.2376,0.044,0.7184
DIAMONDS ACE DIAMONDS JACK,0.3196,0.004,0.6764
SPADES KING SPADES SIX,0.3178,0.0084,0.6738
SPADES FOUR HEARTS KING,0.2398,0.0368,0.7234
SPADES TEN SPADES SIX,0.3262,0.029,0.6448
SPADES JACK SPADES SIX,0.3352,0.0202,0.6446
SPADES FOUR DIAMONDS JACK,0.2576,0.066,0.6764
SPADES FIVE DIAMONDS JACK,0.3504,0.024,0.6256
DIAMONDS JACK SPADES TWO,0.259,0.0572,0.6838
DIAMONDS JACK SPADES THREE,0.3702,0.02,0.6098
SPADES ACE DIAMONDS THREE,0.3516,0.0066,0.6418
CLUBS EIGHT DIAMONDS JACK,0.3544,0.0194,0.6262
SPADES QUEEN DIAMONDS THREE,0.3634,0.0154,0.6212
SPADES KING DIAMONDS THREE,0.368,0.0118,0.6202
CLUBS NINE DIAMONDS JACK,0.3426,0.0186,0.6388
CLUBS SIX DIAMONDS JACK,0.341,0.019,0.64
CLUBS SEVEN DIAMONDS JACK,0.3526,0.0184,0.629
CLUBS FOUR DIAMONDS JACK,0.2544,0.0586,0.687
CLUBS FIVE DIAMONDS JACK,0.3498,0.017,0.6332
CLUBS THREE DIAMONDS JACK,0.3642,0.019,0.6168
SPADES TEN CLUBS FIVE,0.3376,0.0308,0.6316
SPADES JACK HEARTS SIX,0.3396,0.0206,0.6398
HEARTS SIX SPADES TEN,0.3342,0.0314,0.6344
SPADES JACK CLUBS FIVE,0.3388,0.0224,0.6388
SPADES JACK DIAMONDS THREE,0.3696,0.0252,0.6052
CLUBS SEVEN CLUBS ACE,0.3224,0.006,0.6716
DIAMONDS THREE SPADES TEN,0.3738,0.032,0.5942
CLUBS SEVEN CLUBS QUEEN,0.3426,0.0136,0.6438
CLUBS SEVEN CLUBS KING,0.3258,0.0076,0.6666
SPADES NINE DIAMONDS JACK,0.3302,0.0186,0.6512
CLUBS TEN CLUBS SEVEN,0.3154,0.0318,0.6528
DIAMONDS ACE HEARTS ACE,0.1326,0.0064,0.861
SPADES EIGHT DIAMONDS JACK,0.3444,0.0164,0.6392
SPADES ACE HEARTS SIX,0.3458,0.0046,0.6496
CLUBS JACK CLUBS SEVEN,0.315,0.0182,0.6668
DIAMONDS ACE HEARTS KING,0.3372,0.0036,0.6592
SPADES SEVEN DIAMONDS JACK,0.345,0.0184,0.6366
SPADES KING HEARTS SIX,0.341,0.008,0.651
DIAMONDS ACE HEARTS QUEEN,0.3358,0.0064,0.6578
SPADES QUEEN HEARTS SIX,0.3452,0.0112,0.6436
SPADES SIX DIAMONDS JACK,0.3514,0.017,0.6316
DIAMONDS TEN SPADES TWO,0.2734,0.0756,0.651
SPADES THREE DIAMONDS TEN,0.3662,0.0396,0.5942
SPADES FOUR DIAMONDS TEN,0.254,0.0844,0.6616
SPADES FIVE DIAMONDS TEN,0.3464,0.0298,0.6238
SPADES SIX DIAMONDS TEN,0.3382,0.034,0.6278
SPADES SEVEN DIAMONDS TEN,0.3478,0.0266,0.6256
SPADES EIGHT DIAMONDS TEN,0.3424,0.0312,0.6264
SPADES NINE DIAMONDS TEN,0.3384,0.0266,0.635
CLUBS FOUR DIAMONDS TEN,0.2542,0.0858,0.66
CLUBS FIVE DIAMONDS TEN,0.3412,0.0328,0.626
CLUBS SIX DIAMONDS TEN,0.3396,0.0264,0.634
CLUBS SEVEN DIAMONDS TEN,0.327,0.0332,0.6398
CLUBS EIGHT DIAMONDS TEN,0.3414,0.0262,0.6324
CLUBS NINE DIAMONDS TEN,0.343,0.0222,0.6348
CLUBS JACK DIAMONDS THREE,0.369,0.0194,0.6116
CLUBS TEN DIAMONDS THREE,0.3664,0.0324,0.6012
DIAMONDS THREE CLUBS KING,0.3696,0.0102,0.6202
DIAMONDS THREE CLUBS QUEEN,0.3688,0.016,0.6152
DIAMONDS THREE CLUBS ACE,0.3558,0.0054,0.6388
SPADES FOUR HEARTS JACK,0.2468,0.0586,0.6946
SPADES FOUR HEARTS TEN,0.2566,0.0854,0.658
SPADES FIVE SPADES TWO,0.208,0.3476,0.4444
SPADES FOUR SPADES TWO,0.0202,0.9118,0.068
SPADES THREE SPADES TWO,0.2496,0.4762,0.2742
SPADES NINE SPADES TWO,0.2524,0.0974,0.6502
SPADES EIGHT SPADES TWO,0.2448,0.1446,0.6106
SPADES SEVEN SPADES TWO,0.24,0.1864,0.5736
SPADES SIX SPADES TWO,0.2344,0.259,0.5066
DIAMONDS QUEEN CLUBS THREE,0.366,0.0168,0.6172
HEARTS TWO CLUBS THREE,0.2616,0.517,0.2214
HEARTS SEVEN DIAMONDS QUEEN,0.349,0.0112,0.6398
HEARTS SEVEN HEARTS TWO,0.2622,0.1902,0.5476
HEARTS SIX DIAMONDS QUEEN,0.341,0.0142,0.6448
HEARTS SIX HEARTS TWO,0.2314,0.265,0.5036
DIAMONDS QUEEN HEARTS NINE,0.336,0.0128,0.6512
HEARTS TWO HEARTS NINE,0.243,0.098,0.659
DIAMONDS QUEEN HEARTS EIGHT,0.3394,0.0102,0.6504
HEARTS TWO HEARTS EIGHT,0.2524,0.1516,0.596
CLUBS NINE HEARTS TWO,0.255,0.1034,0.6416
CLUBS NINE DIAMONDS QUEEN,0.338,0.0122,0.6498
CLUBS EIGHT DIAMONDS QUEEN,0.3442,0.0122,0.6436
CLUBS EIGHT HEARTS TWO,0.267,0.1502,0.5828
DIAMONDS QUEEN CLUBS FIVE,0.3428,0.0148,0.6424
HEARTS TWO CLUBS FIVE,0.218,0.3838,0.3982
SPADES EIGHT HEARTS ACE,0.34,0.005,0.655
DIAMONDS QUEEN CLUBS FOUR,0.2374,0.05,0.7126
CLUBS FOUR HEARTS TWO,0.0064,0.9842,0.0094
CLUBS SEVEN DIAMONDS QUEEN,0.3482,0.0132,0.6386
CLUBS SEVEN HEARTS TWO,0.267,0.1926,0.5404
SPADES EIGHT HEARTS QUEEN,0.3416,0.0088,0.6496
CLUBS SIX DIAMONDS QUEEN,0.342,0.0112,0.6468
CLUBS SIX HEARTS TWO,0.2504,0.275,0.4746
SPADES EIGHT HEARTS KING,0.3396,0.007,0.6534
HEARTS TWO SPADES SIX,0.2484,0.2818,0.4698
DIAMONDS QUEEN SPADES SIX,0.3466,0.0118,0.6416
DIAMONDS ACE CLUBS QUEEN,0.3324,0.0056,0.662
DIAMONDS QUEEN SPADES SEVEN,0.331,0.0128,0.6562
HEARTS TWO SPADES SEVEN,0.2656,0.2098,0.5246
DIAMONDS ACE CLUBS KING,0.3446,0.005,0.6504
DIAMONDS QUEEN SPADES EIGHT,0.3482,0.014,0.6378
SPADES EIGHT HEARTS TWO,0.2624,0.142,0.5956
DIAMONDS ACE CLUBS ACE,0.1398,0.0058,0.8544
SPADES NINE DIAMONDS QUEEN,0.3488,0.0136,0.6376
SPADES NINE HEARTS TWO,0.2564,0.1078,0.6358
HEARTS TWO SPADES TWO,0.2414,0.1256,0.633
DIAMONDS QUEEN SPADES TWO,0.276,0.04,0.684
HEARTS TWO SPADES THREE,0.269,0.5154,0.2156
DIAMONDS QUEEN SPADES THREE,0.3726,0.016,0.6114
HEARTS TWO SPADES FOUR,0.0166,0.9724,0.011
DIAMONDS QUEEN SPADES FOUR,0.2518,0.0482,0.7
CLUBS TEN DIAMONDS ACE,0.338,0.0036,0.6584
HEARTS TWO SPADES FIVE,0.2182,0.3814,0.4004
DIAMONDS QUEEN SPADES FIVE,0.3512,0.015,0.6338
CLUBS JACK DIAMONDS ACE,0.3446,0.0064,0.649
CLUBS FIVE CLUBS KING,0.3258,0.0116,0.6626
CLUBS FIVE CLUBS QUEEN,0.3318,0.0148,0.6534
CLUBS FIVE CLUBS ACE,0.314,0.0048,0.6812
CLUBS JACK CLUBS FIVE,0.3298,0.019,0.6512
CLUBS TEN CLUBS FIVE,0.321,0.033,0.646
SPADES KING CLUBS JACK,0.3434,0.009,0.6476
CLUBS JACK SPADES QUEEN,0.3418,0.0124,0.6458
SPADES ACE CLUBS JACK,0.336,0.0064,0.6576
SPADES SIX CLUBS KING,0.3408,0.0108,0.6484
SPADES SIX CLUBS QUEEN,0.345,0.0136,0.6414
SPADES EIGHT HEARTS JACK,0.334,0.0198,0.6462
SPADES SIX CLUBS ACE,0.3398,0.0054,0.6548
SPADES EIGHT HEARTS TEN,0.335,0.0246,0.6404
CLUBS JACK SPADES SIX,0.349,0.02,0.631
CLUBS TEN SPADES SIX,0.347,0.0312,0.6218
CLUBS JACK SPADES TEN,0.3346,0.018,0.6474
CLUBS JACK SPADES JACK,0.1356,0.0536,0.8108
SPADES QUEEN CLUBS SEVEN,0.3324,0.0144,0.6532
SPADES KING CLUBS SEVEN,0.3486,0.0058,0.6456
SPADES ACE CLUBS SEVEN,0.3506,0.0036,0.6458
SPADES SIX HEARTS TEN,0.3446,0.028,0.6274
SPADES SIX HEARTS JACK,0.3462,0.0192,0.6346
SPADES SIX HEARTS ACE,0.334,0.0058,0.6602
SPADES SIX HEARTS KING,0.3454,0.0092,0.6454
SPADES SIX HEARTS QUEEN,0.3414,0.0156,0.643
SPADES JACK CLUBS SEVEN,0.3422,0.0188,0.639
SPADES TEN CLUBS SEVEN,0.3366,0.028,0.6354
CLUBS TEN HEARTS SIX,0.32,0.0338,0.6462
CLUBS JACK HEARTS SIX,0.3322,0.0222,0.6456
CLUBS JACK CLUBS ACE,0.3162,0.0084,0.6754
HEARTS SIX CLUBS QUEEN,0.3322,0.0126,0.6552
HEARTS SIX CLUBS KING,0.338,0.0098,0.6522
HEARTS SIX CLUBS ACE,0.3332,0.006,0.6608
CLUBS JACK CLUBS QUEEN,0.3286,0.0116,0.6598
CLUBS JACK CLUBS KING,0.3136,0.0106,0.6758
DIAMONDS THREE HEARTS ACE,0.3486,0.006,0.6454
DIAMONDS THREE HEARTS QUEEN,0.367,0.0152,0.6178
DIAMONDS THREE HEARTS KING,0.368,0.0106,0.6214
CLUBS FIVE HEARTS JACK,0.318,0.0244,0.6576
SPADES TEN DIAMONDS ACE,0.3462,0.004,0.6498
CLUBS FIVE HEARTS TEN,0.3364,0.0344,0.6292
SPADES JACK DIAMONDS ACE,0.3482,0.004,0.6478
SPADES ACE DIAMONDS ACE,0.138,0.0044,0.8576
CLUBS FIVE HEARTS ACE,0.3136,0.0076,0.6788
CLUBS FIVE HEARTS KING,0.3324,0.0094,0.6582
SPADES QUEEN DIAMONDS ACE,0.3436,0.005,0.6514
CLUBS JACK SPADES FOUR,0.2428,0.0602,0.697
CLUBS FIVE HEARTS QUEEN,0.334,0.0162,0.6498
SPADES KING DIAMONDS ACE,0.3374,0.0046,0.658
CLUBS TEN SPADES FOUR,0.249,0.0852,0.6658
DIAMONDS QUEEN DIAMONDS ACE,0.3326,0.0052,0.6622
HEARTS TWO DIAMONDS ACE,0.246,0.0162,0.7378
DIAMONDS THREE HEARTS TEN,0.37,0.0356,0.5944
SPADES FOUR CLUBS KING,0.2492,0.0424,0.7084
HEARTS FIVE DIAMONDS QUEEN,0.3288,0.0134,0.6578
HEARTS FIVE HEARTS TWO,0.1974,0.3664,0.4362
DIAMONDS THREE HEARTS JACK,0.3672,0.0242,0.6086
SPADES FOUR CLUBS QUEEN,0.2538,0.0486,0.6976
DIAMONDS QUEEN HEARTS TWO,0.2654,0.0424,0.6922
DIAMONDS KING DIAMONDS QUEEN,0.3212,0.009,0.6698
DIAMONDS KING HEARTS TWO,0.2594,0.0228,0.7178
HEARTS THREE DIAMONDS QUEEN,0.3914,0.0154,0.5932
HEARTS THREE HEARTS TWO,0.2656,0.4822,0.2522
SPADES FOUR CLUBS ACE,0.239,0.0256,0.7354
HEARTS TWO CLUBS ACE,0.2394,0.0178,0.7428
DIAMONDS QUEEN CLUBS ACE,0.3312,0.0038,0.665
HEARTS TWO CLUBS QUEEN,0.2612,0.039,0.6998
DIAMONDS QUEEN CLUBS QUEEN,0.1468,0.0402,0.813
HEARTS TWO CLUBS KING,0.2664,0.0288,0.7048
DIAMONDS QUEEN CLUBS KING,0.3448,0.0086,0.6466
SPADES EIGHT SPADES FIVE,0.3066,0.0638,0.6296
CLUBS TEN HEARTS TWO,0.2584,0.0744,0.6672
CLUBS TEN DIAMONDS QUEEN,0.3518,0.0104,0.6378
SPADES NINE SPADES FIVE,0.323,0.0416,0.6354
CLUBS JACK HEARTS TWO,0.2664,0.0546,0.679
CLUBS JACK DIAMONDS QUEEN,0.3382,0.0114,0.6504
SPADES SIX SPADES FIVE,0.2898,0.1418,0.5684
SPADES SEVEN SPADES FIVE,0.3014,0.1008,0.5978
DIAMONDS FIVE CLUBS QUEEN,0.3464,0.0128,0.6408
SPADES EIGHT CLUBS ACE,0.343,0.0046,0.6524
DIAMONDS FIVE CLUBS KING,0.3372,0.0116,0.6512
SPADES EIGHT CLUBS KING,0.344,0.0096,0.6464
DIAMONDS FIVE CLUBS ACE,0.337,0.0062,0.6568
SPADES EIGHT CLUBS QUEEN,0.3538,0.01,0.6362
CLUBS JACK SPADES EIGHT,0.3494,0.0176,0.633
CLUBS TEN SPADES EIGHT,0.3284,0.0276,0.644
CLUBS TEN DIAMONDS FIVE,0.346,0.0294,0.6246
CLUBS JACK DIAMONDS FIVE,0.345,0.0234,0.6316
DIAMONDS TEN HEARTS JACK,0.329,0.0152,0.6558
DIAMONDS TEN HEARTS TEN,0.1384,0.0668,0.7948
SPADES ACE CLUBS NINE,0.3408,0.0064,0.6528
SPADES QUEEN CLUBS NINE,0.3412,0.0118,0.647
SPADES KING CLUBS NINE,0.3384,0.0068,0.6548
HEARTS SIX HEARTS KING,0.3362,0.0122,0.6516
DIAMONDS KING SPADES SEVEN,0.3532,0.008,0.6388
HEARTS THREE SPADES SEVEN,0.3524,0.1028,0.5448
SPADES KING DIAMONDS SEVEN,0.3472,0.0072,0.6456
HEARTS SIX HEARTS QUEEN,0.3332,0.012,0.6548
SPADES QUEEN DIAMONDS SEVEN,0.3512,0.0152,0.6336
HEARTS THREE SPADES SIX,0.3602,0.1656,0.4742
DIAMONDS KING SPADES SIX,0.3422,0.0066,0.6512
DIAMONDS KING SPADES NINE,0.3458,0.0066,0.6476
HEARTS THREE SPADES NINE,0.3558,0.0522,0.592
HEARTS SIX HEARTS ACE,0.3272,0.0078,0.665
DIAMONDS KING SPADES EIGHT,0.3398,0.0078,0.6524
