opposingHand,winningChance,drawChance,lostChance
HEARTS FIVE CLUBS SIX
CLUBS JACK SPADES FIVE,0.2926,0.0632,0.6442
CLUBS TEN SPADES FIVE,0.2666,0.0816,0.6518
CLUBS JACK CLUBS EIGHT,0.3408,0.0218,0.6374
CLUBS TEN CLUBS EIGHT,0.3362,0.0238,0.64
CLUBS EIGHT CLUBS KING,0.3674,0.0082,0.6244
SPADES FIVE CLUBS ACE,0.2534,0.026,0.7206
CLUBS EIGHT CLUBS QUEEN,0.365,0.0124,0.6226
SPADES FIVE CLUBS KING,0.2846,0.0348,0.6806
SPADES FIVE CLUBS QUEEN,0.2796,0.0444,0.676
CLUBS EIGHT CLUBS ACE,0.36,0.0036,0.6364
DIAMONDS TWO DIAMONDS THREE,0.5066,0.1364,0.357
DIAMONDS TWO DIAMONDS FIVE,0.4574,0.2476,0.295
DIAMONDS TWO DIAMONDS FOUR,0.5028,0.1452,0.352
DIAMONDS TWO DIAMONDS SEVEN,0.4062,0.0968,0.497
DIAMONDS TWO DIAMONDS SIX,0.317,0.4146,0.2684
DIAMONDS TWO DIAMONDS NINE,0.4038,0.0434,0.5528
DIAMONDS TWO DIAMONDS EIGHT,0.4076,0.0596,0.5328
DIAMONDS THREE DIAMONDS FOUR,0.4968,0.1356,0.3676
CLUBS TWO SPADES FOUR,0.5422,0.1592,0.2986
DIAMONDS THREE DIAMONDS FIVE,0.4694,0.242,0.2886
SPADES FIVE CLUBS TWO,0.5088,0.2708,0.2204
CLUBS TWO SPADES TWO,0.3694,0.1408,0.4898
CLUBS TWO SPADES THREE,0.5392,0.1544,0.3064
DIAMONDS THREE DIAMONDS EIGHT,0.3992,0.0666,0.5342
SPADES EIGHT CLUBS TWO,0.4356,0.0698,0.4946
DIAMONDS THREE DIAMONDS NINE,0.4034,0.044,0.5526
SPADES NINE CLUBS TWO,0.4396,0.0434,0.517
DIAMONDS THREE DIAMONDS SIX,0.3136,0.4284,0.258
SPADES SIX CLUBS TWO,0.3434,0.4496,0.207
DIAMONDS THREE DIAMONDS SEVEN,0.3974,0.0902,0.5124
SPADES SEVEN CLUBS TWO,0.429,0.105,0.466
CLUBS SEVEN CLUBS TWO,0.4066,0.0982,0.4952
CLUBS FOUR CLUBS TWO,0.5218,0.152,0.3262
CLUBS FIVE CLUBS TWO,0.4718,0.2622,0.266
CLUBS TEN CLUBS JACK,0.33,0.016,0.654
DIAMONDS FOUR DIAMONDS SIX,0.3128,0.4254,0.2618
CLUBS TEN CLUBS QUEEN,0.3644,0.0124,0.6232
DIAMONDS FOUR DIAMONDS SEVEN,0.3854,0.0878,0.5268
CLUBS TEN CLUBS KING,0.3524,0.0082,0.6394
CLUBS TEN CLUBS ACE,0.3388,0.0044,0.6568
CLUBS EIGHT CLUBS TWO,0.413,0.0708,0.5162
DIAMONDS FIVE DIAMONDS FOUR,0.4606,0.2616,0.2778
CLUBS NINE CLUBS TWO,0.4068,0.0496,0.5436
DIAMONDS NINE DIAMONDS FOUR,0.3934,0.042,0.5646
DIAMONDS EIGHT DIAMONDS FOUR,0.3928,0.0612,0.546
CLUBS THREE CLUBS TWO,0.505,0.1482,0.3468
DIAMONDS NINE DIAMONDS FIVE,0.2672,0.1028,0.63
CLUBS JACK DIAMONDS TWO,0.4404,0.0202,0.5394
DIAMONDS EIGHT DIAMONDS FIVE,0.2542,0.1368,0.609
CLUBS TEN DIAMONDS TWO,0.4292,0.029,0.5418
DIAMONDS FIVE DIAMONDS SEVEN,0.2326,0.1806,0.5868
DIAMONDS FIVE DIAMONDS SIX,0.0234,0.9024,0.0742
DIAMONDS TWO CLUBS ACE,0.4194,0.0044,0.5762
DIAMONDS TWO CLUBS KING,0.4306,0.0078,0.5616
DIAMONDS TWO CLUBS QUEEN,0.4354,0.0142,0.5504
DIAMONDS EIGHT DIAMONDS SIX,0.2542,0.1438,0.602
DIAMONDS NINE DIAMONDS SIX,0.2522,0.1068,0.641
HEARTS ACE SPADES THREE,0.4206,0.0048,0.5746
SPADES THREE HEARTS KING,0.4118,0.01,0.5782
DIAMONDS SEVEN DIAMONDS SIX,0.2326,0.1816,0.5858
HEARTS QUEEN SPADES THREE,0.4136,0.013,0.5734
SPADES THREE HEARTS JACK,0.4218,0.0204,0.5578
SPADES THREE HEARTS TEN,0.4242,0.03,0.5458
DIAMONDS EIGHT DIAMONDS SEVEN,0.3162,0.0554,0.6284
DIAMONDS NINE DIAMONDS SEVEN,0.3244,0.04,0.6356
DIAMONDS NINE DIAMONDS EIGHT,0.3364,0.0348,0.6288
DIAMONDS KING HEARTS TEN,0.3452,0.0082,0.6466
HEARTS THREE HEARTS TEN,0.397,0.0284,0.5746
DIAMONDS KING HEARTS JACK,0.3646,0.006,0.6294
HEARTS THREE HEARTS JACK,0.4008,0.0204,0.5788
SPADES JACK SPADES FIVE,0.2842,0.0518,0.664
SPADES TEN SPADES FIVE,0.2712,0.0728,0.656
DIAMONDS KING HEARTS ACE,0.3616,0.005,0.6334
HEARTS THREE HEARTS ACE,0.3934,0.0068,0.5998
DIAMONDS KING HEARTS QUEEN,0.3716,0.0046,0.6238
HEARTS THREE HEARTS QUEEN,0.4184,0.0146,0.567
DIAMONDS KING HEARTS KING,0.1836,0.0198,0.7966
HEARTS THREE HEARTS KING,0.4036,0.0074,0.589
SPADES NINE HEARTS TEN,0.3358,0.0238,0.6404
SPADES NINE HEARTS JACK,0.372,0.0182,0.6098
SPADES QUEEN SPADES FIVE,0.277,0.0424,0.6806
SPADES KING SPADES FIVE,0.2658,0.0294,0.7048
SPADES ACE SPADES FIVE,0.2434,0.0242,0.7324
SPADES NINE HEARTS QUEEN,0.3634,0.0104,0.6262
SPADES NINE HEARTS KING,0.3708,0.0066,0.6226
SPADES NINE HEARTS ACE,0.3762,0.0034,0.6204
CLUBS TEN SPADES JACK,0.3338,0.0136,0.6526
CLUBS TEN SPADES TEN,0.1728,0.0672,0.76
SPADES ACE CLUBS TEN,0.3634,0.0044,0.6322
CLUBS TEN SPADES KING,0.3616,0.007,0.6314
CLUBS TEN SPADES QUEEN,0.3528,0.0074,0.6398
SPADES FIVE HEARTS QUEEN,0.2926,0.0438,0.6636
SPADES FIVE HEARTS KING,0.2954,0.0318,0.6728
HEARTS ACE SPADES FIVE,0.261,0.0238,0.7152
CLUBS EIGHT SPADES TEN,0.3454,0.0274,0.6272
HEARTS THREE SPADES JACK,0.4202,0.0184,0.5614
SPADES JACK DIAMONDS KING,0.3754,0.0056,0.619
SPADES TEN DIAMONDS KING,0.3556,0.0068,0.6376
HEARTS THREE SPADES TEN,0.429,0.033,0.538
CLUBS EIGHT SPADES JACK,0.3654,0.0202,0.6144
SPADES ACE CLUBS EIGHT,0.374,0.0052,0.6208
SPADES QUEEN CLUBS EIGHT,0.3752,0.0128,0.612
CLUBS TEN SPADES THREE,0.4152,0.03,0.5548
SPADES KING CLUBS EIGHT,0.3774,0.008,0.6146
CLUBS JACK SPADES THREE,0.421,0.0198,0.5592
DIAMONDS TWO HEARTS JACK,0.4292,0.0198,0.551
SPADES THREE CLUBS QUEEN,0.4302,0.0124,0.5574
DIAMONDS TWO HEARTS TEN,0.4274,0.0308,0.5418
SPADES THREE CLUBS KING,0.4226,0.0084,0.569
SPADES FIVE HEARTS TEN,0.2732,0.0722,0.6546
SPADES THREE CLUBS ACE,0.4176,0.0056,0.5768
SPADES FIVE HEARTS JACK,0.2892,0.0554,0.6554
HEARTS THREE CLUBS KING,0.4156,0.008,0.5764
DIAMONDS KING CLUBS KING,0.1772,0.0176,0.8052
HEARTS THREE CLUBS QUEEN,0.42,0.0132,0.5668
DIAMONDS KING CLUBS QUEEN,0.3652,0.0078,0.627
HEARTS THREE CLUBS ACE,0.4074,0.0066,0.586
DIAMONDS KING CLUBS ACE,0.3688,0.0048,0.6264
SPADES ACE CLUBS QUEEN,0.371,0.0054,0.6236
SPADES KING CLUBS QUEEN,0.3676,0.0076,0.6248
CLUBS JACK HEARTS THREE,0.4256,0.0224,0.552
CLUBS JACK DIAMONDS KING,0.3612,0.0082,0.6306
SPADES QUEEN CLUBS QUEEN,0.1896,0.03,0.7804
CLUBS TEN HEARTS THREE,0.4188,0.0298,0.5514
CLUBS TEN DIAMONDS KING,0.3634,0.0074,0.6292
SPADES JACK CLUBS QUEEN,0.3736,0.0094,0.617
SPADES TEN CLUBS QUEEN,0.3564,0.0124,0.6312
SPADES SEVEN HEARTS JACK,0.3616,0.0154,0.623
SPADES SEVEN HEARTS TEN,0.3562,0.0278,0.616
DIAMONDS TWO CLUBS TWO,0.375,0.1332,0.4918
DIAMONDS TWO CLUBS THREE,0.5334,0.1456,0.321
DIAMONDS TWO HEARTS SIX,0.3398,0.459,0.2012
DIAMONDS TWO HEARTS QUEEN,0.4354,0.0106,0.554
HEARTS SEVEN DIAMONDS TWO,0.4248,0.0956,0.4796
DIAMONDS TWO HEARTS KING,0.4312,0.0094,0.5594
DIAMONDS TWO HEARTS EIGHT,0.4248,0.067,0.5082
DIAMONDS TWO HEARTS ACE,0.4256,0.0042,0.5702
DIAMONDS TWO HEARTS NINE,0.4294,0.045,0.5256
DIAMONDS TWO DIAMONDS QUEEN,0.407,0.0134,0.5796
DIAMONDS TWO HEARTS TWO,0.3756,0.1286,0.4958
DIAMONDS TWO DIAMONDS KING,0.401,0.005,0.594
HEARTS THREE DIAMONDS TWO,0.5444,0.153,0.3026
DIAMONDS TWO DIAMONDS ACE,0.3992,0.0056,0.5952
HEARTS FOUR DIAMONDS TWO,0.544,0.1512,0.3048
SPADES SEVEN HEARTS ACE,0.3652,0.004,0.6308
DIAMONDS TWO DIAMONDS TEN,0.4022,0.0332,0.5646
SPADES SEVEN HEARTS KING,0.3808,0.0062,0.613
DIAMONDS TWO DIAMONDS JACK,0.404,0.0164,0.5796
SPADES SEVEN HEARTS QUEEN,0.3848,0.014,0.6012
DIAMONDS TWO SPADES NINE,0.434,0.0422,0.5238
DIAMONDS TWO SPADES EIGHT,0.4358,0.0612,0.503
DIAMONDS TWO SPADES SEVEN,0.42,0.0962,0.4838
DIAMONDS TWO SPADES SIX,0.3428,0.4394,0.2178
DIAMONDS TWO SPADES FIVE,0.4816,0.2732,0.2452
DIAMONDS TWO SPADES FOUR,0.534,0.1508,0.3152
DIAMONDS TWO SPADES THREE,0.5312,0.1512,0.3176
DIAMONDS TWO SPADES TWO,0.3794,0.1284,0.4922
DIAMONDS TWO CLUBS NINE,0.4348,0.0432,0.522
CLUBS EIGHT DIAMONDS TWO,0.4238,0.0686,0.5076
DIAMONDS TWO CLUBS SEVEN,0.4286,0.106,0.4654
DIAMONDS TWO CLUBS FIVE,0.496,0.2702,0.2338
DIAMONDS TWO CLUBS FOUR,0.5388,0.1564,0.3048
CLUBS FOUR SPADES FIVE,0.4872,0.2682,0.2446
CLUBS FOUR SPADES FOUR,0.3494,0.1322,0.5184
CLUBS FOUR SPADES THREE,0.5338,0.1568,0.3094
CLUBS FOUR SPADES TWO,0.5468,0.158,0.2952
SPADES NINE CLUBS FOUR,0.4298,0.0414,0.5288
SPADES EIGHT CLUBS FOUR,0.4204,0.071,0.5086
SPADES SEVEN CLUBS FOUR,0.3932,0.111,0.4958
CLUBS FOUR SPADES SIX,0.3252,0.4736,0.2012
SPADES ACE DIAMONDS SIX,0.287,0.0274,0.6856
SPADES QUEEN DIAMONDS SIX,0.3008,0.0504,0.6488
SPADES KING DIAMONDS SIX,0.2908,0.037,0.6722
SPADES TEN DIAMONDS SIX,0.272,0.0832,0.6448
SPADES JACK DIAMONDS SIX,0.287,0.0578,0.6552
SPADES QUEEN SPADES TWO,0.4014,0.0136,0.585
SPADES KING SPADES TWO,0.4076,0.0092,0.5832
SPADES ACE SPADES TWO,0.3872,0.0056,0.6072
CLUBS JACK DIAMONDS JACK,0.182,0.0482,0.7698
CLUBS TEN DIAMONDS JACK,0.3576,0.0138,0.6286
DIAMONDS JACK CLUBS KING,0.3688,0.0078,0.6234
DIAMONDS JACK CLUBS QUEEN,0.3716,0.0112,0.6172
DIAMONDS THREE DIAMONDS JACK,0.3972,0.0178,0.585
DIAMONDS THREE DIAMONDS TEN,0.402,0.0278,0.5702
DIAMONDS JACK CLUBS ACE,0.362,0.0044,0.6336
DIAMONDS THREE DIAMONDS KING,0.3928,0.0084,0.5988
HEARTS THREE DIAMONDS THREE,0.3782,0.1286,0.4932
DIAMONDS THREE DIAMONDS QUEEN,0.4108,0.0128,0.5764
DIAMONDS THREE HEARTS TWO,0.5462,0.1532,0.3006
DIAMONDS THREE DIAMONDS ACE,0.3892,0.004,0.6068
HEARTS FOUR DIAMONDS THREE,0.5324,0.1554,0.3122
HEARTS SEVEN DIAMONDS THREE,0.4136,0.1006,0.4858
SPADES TEN SPADES NINE,0.3372,0.02,0.6428
HEARTS SIX DIAMONDS THREE,0.3282,0.454,0.2178
SPADES JACK SPADES NINE,0.348,0.0158,0.6362
DIAMONDS THREE HEARTS NINE,0.4208,0.0396,0.5396
HEARTS JACK DIAMONDS FOUR,0.4178,0.016,0.5662
HEARTS ACE HEARTS KING,0.3562,0.0048,0.639
SPADES TEN SPADES TWO,0.4138,0.029,0.5572
DIAMONDS THREE HEARTS EIGHT,0.4294,0.061,0.5096
HEARTS TEN DIAMONDS FOUR,0.412,0.0284,0.5596
SPADES JACK SPADES TWO,0.4042,0.019,0.5768
HEARTS QUEEN DIAMONDS FOUR,0.417,0.0142,0.5688
HEARTS KING DIAMONDS FOUR,0.4144,0.0086,0.577
SPADES ACE SPADES NINE,0.353,0.0046,0.6424
HEARTS ACE DIAMONDS FOUR,0.4054,0.0044,0.5902
SPADES KING SPADES NINE,0.349,0.0064,0.6446
SPADES QUEEN SPADES NINE,0.3482,0.0102,0.6416
DIAMONDS THREE SPADES NINE,0.4126,0.047,0.5404
DIAMONDS THREE SPADES EIGHT,0.4336,0.071,0.4954
DIAMONDS THREE SPADES SEVEN,0.412,0.098,0.49
DIAMONDS THREE SPADES SIX,0.3378,0.4448,0.2174
CLUBS ACE DIAMONDS FOUR,0.3954,0.0058,0.5988
DIAMONDS THREE CLUBS SEVEN,0.4106,0.1058,0.4836
CLUBS FIVE CLUBS SEVEN,0.2338,0.2,0.5662
DIAMONDS THREE CLUBS FOUR,0.5308,0.161,0.3082
DIAMONDS FOUR CLUBS QUEEN,0.4204,0.0134,0.5662
DIAMONDS THREE CLUBS FIVE,0.4856,0.282,0.2324
DIAMONDS FOUR CLUBS KING,0.3974,0.0094,0.5932
DIAMONDS THREE CLUBS TWO,0.5376,0.154,0.3084
CLUBS TEN DIAMONDS FOUR,0.418,0.031,0.551
DIAMONDS THREE CLUBS THREE,0.3554,0.1296,0.515
CLUBS JACK DIAMONDS FOUR,0.4166,0.0232,0.5602
DIAMONDS THREE SPADES FOUR,0.5278,0.1508,0.3214
DIAMONDS THREE SPADES FIVE,0.4958,0.2652,0.239
DIAMONDS THREE SPADES TWO,0.5372,0.1508,0.312
DIAMONDS THREE SPADES THREE,0.3674,0.1196,0.513
CLUBS EIGHT DIAMONDS THREE,0.4074,0.0674,0.5252
CLUBS NINE DIAMONDS THREE,0.4164,0.0412,0.5424
SPADES SEVEN CLUBS ACE,0.3716,0.0056,0.6228
SPADES SEVEN CLUBS QUEEN,0.3678,0.0124,0.6198
SPADES SEVEN CLUBS KING,0.3642,0.0082,0.6276
CLUBS FIVE SPADES SEVEN,0.2458,0.203,0.5512
CLUBS TEN SPADES SEVEN,0.3648,0.0298,0.6054
CLUBS FIVE SPADES SIX,0.0182,0.9726,0.0092
CLUBS JACK SPADES SEVEN,0.3708,0.0182,0.611
CLUBS FIVE SPADES NINE,0.284,0.1072,0.6088
CLUBS FIVE SPADES EIGHT,0.259,0.1444,0.5966
CLUBS FIVE SPADES THREE,0.5042,0.265,0.2308
CLUBS FIVE SPADES TWO,0.5,0.2728,0.2272
CLUBS FIVE SPADES FIVE,0.278,0.0998,0.6222
CLUBS FIVE SPADES FOUR,0.5006,0.2532,0.2462
CLUBS NINE CLUBS FIVE,0.2506,0.1064,0.643
CLUBS EIGHT CLUBS FIVE,0.25,0.136,0.614
CLUBS ACE CLUBS QUEEN,0.3552,0.0048,0.64
CLUBS KING CLUBS QUEEN,0.3468,0.0078,0.6454
DIAMONDS TEN DIAMONDS FOUR,0.4046,0.0322,0.5632
CLUBS TEN DIAMONDS NINE,0.352,0.0278,0.6202
DIAMONDS JACK DIAMONDS FOUR,0.3916,0.0198,0.5886
CLUBS JACK DIAMONDS NINE,0.3624,0.0174,0.6202
CLUBS JACK SPADES NINE,0.3574,0.016,0.6266
CLUBS TEN SPADES NINE,0.3508,0.025,0.6242
DIAMONDS ACE DIAMONDS FOUR,0.3776,0.0054,0.617
HEARTS FOUR DIAMONDS FOUR,0.364,0.1254,0.5106
DIAMONDS JACK HEARTS TEN,0.36,0.0132,0.6268
SPADES NINE CLUBS KING,0.3758,0.007,0.6172
DIAMONDS TWO SPADES TEN,0.4168,0.0296,0.5536
DIAMONDS NINE CLUBS ACE,0.3742,0.0044,0.6214
DIAMONDS JACK HEARTS JACK,0.1872,0.0462,0.7666
SPADES NINE CLUBS QUEEN,0.3626,0.0104,0.627
DIAMONDS TWO SPADES JACK,0.4368,0.0216,0.5416
DIAMONDS QUEEN DIAMONDS FOUR,0.4004,0.0116,0.588
HEARTS TWO DIAMONDS FOUR,0.537,0.1604,0.3026
DIAMONDS NINE CLUBS QUEEN,0.3704,0.0116,0.618
DIAMONDS KING DIAMONDS FOUR,0.407,0.0124,0.5806
HEARTS THREE DIAMONDS FOUR,0.5326,0.159,0.3084
SPADES NINE CLUBS ACE,0.3586,0.0042,0.6372
DIAMONDS NINE CLUBS KING,0.3776,0.0104,0.612
HEARTS ACE DIAMONDS JACK,0.3806,0.0062,0.6132
SPADES ACE DIAMONDS TWO,0.4086,0.004,0.5874
HEARTS QUEEN DIAMONDS JACK,0.367,0.009,0.624
SPADES QUEEN DIAMONDS TWO,0.4396,0.0124,0.548
DIAMONDS JACK HEARTS KING,0.3696,0.0062,0.6242
SPADES KING DIAMONDS TWO,0.4306,0.0098,0.5596
SPADES JACK SPADES SEVEN,0.3588,0.0186,0.6226
SPADES TEN SPADES SEVEN,0.343,0.0228,0.6342
CLUBS SEVEN CLUBS THREE,0.3998,0.098,0.5022
CLUBS FIVE CLUBS THREE,0.4656,0.2652,0.2692
CLUBS THREE CLUBS FOUR,0.5058,0.1554,0.3388
CLUBS NINE CLUBS THREE,0.4054,0.0444,0.5502
CLUBS EIGHT CLUBS THREE,0.4054,0.0656,0.529
CLUBS THREE SPADES FIVE,0.5002,0.2716,0.2282
CLUBS THREE SPADES FOUR,0.5258,0.1556,0.3186
CLUBS THREE SPADES THREE,0.3774,0.1274,0.4952
CLUBS THREE SPADES TWO,0.5418,0.1472,0.311
CLUBS THREE SPADES SIX,0.3394,0.4536,0.207
CLUBS THREE SPADES SEVEN,0.4164,0.111,0.4726
SPADES EIGHT CLUBS THREE,0.439,0.0722,0.4888
SPADES NINE CLUBS THREE,0.4352,0.0414,0.5234
SPADES TWO DIAMONDS FOUR,0.5314,0.16,0.3086
SPADES THREE DIAMONDS FOUR,0.5256,0.1438,0.3306
SPADES FOUR DIAMONDS FOUR,0.3542,0.122,0.5238
SPADES FIVE DIAMONDS FOUR,0.4946,0.2578,0.2476
SPADES SIX DIAMONDS FOUR,0.3254,0.4546,0.22
SPADES SEVEN DIAMONDS FOUR,0.4038,0.096,0.5002
SPADES EIGHT DIAMONDS FOUR,0.4056,0.0696,0.5248
SPADES NINE DIAMONDS FOUR,0.4306,0.046,0.5234
CLUBS FIVE DIAMONDS FOUR,0.4932,0.2694,0.2374
CLUBS FOUR DIAMONDS FOUR,0.3522,0.1234,0.5244
CLUBS SEVEN DIAMONDS FOUR,0.3914,0.0946,0.514
CLUBS NINE DIAMONDS FOUR,0.4272,0.0424,0.5304
CLUBS EIGHT DIAMONDS FOUR,0.3986,0.066,0.5354
HEARTS SEVEN DIAMONDS FOUR,0.403,0.1038,0.4932
HEARTS SIX DIAMONDS FOUR,0.3132,0.4566,0.2302
DIAMONDS FOUR HEARTS NINE,0.4156,0.037,0.5474
DIAMONDS FOUR HEARTS EIGHT,0.3988,0.0662,0.535
CLUBS THREE DIAMONDS FOUR,0.532,0.1444,0.3236
CLUBS TWO DIAMONDS FOUR,0.5454,0.1566,0.298
DIAMONDS TEN DIAMONDS FIVE,0.2706,0.0706,0.6588
DIAMONDS JACK DIAMONDS FIVE,0.275,0.0554,0.6696
DIAMONDS NINE HEARTS QUEEN,0.3656,0.0134,0.621
DIAMONDS NINE HEARTS KING,0.3798,0.0074,0.6128
HEARTS ACE DIAMONDS NINE,0.3748,0.004,0.6212
DIAMONDS NINE HEARTS TEN,0.35,0.0236,0.6264
DIAMONDS NINE HEARTS JACK,0.3616,0.0162,0.6222
CLUBS KING DIAMONDS SIX,0.2726,0.0386,0.6888
CLUBS QUEEN DIAMONDS SIX,0.2836,0.0484,0.668
CLUBS ACE DIAMONDS SIX,0.2742,0.0298,0.696
SPADES KING DIAMONDS FOUR,0.4208,0.0092,0.57
SPADES ACE SPADES SEVEN,0.3558,0.003,0.6412
SPADES QUEEN DIAMONDS FOUR,0.4254,0.0138,0.5608
SPADES QUEEN SPADES SEVEN,0.3502,0.0114,0.6384
CLUBS JACK DIAMONDS SIX,0.2776,0.0618,0.6606
SPADES KING SPADES SEVEN,0.3496,0.0048,0.6456
SPADES ACE DIAMONDS FOUR,0.404,0.0042,0.5918
CLUBS TEN DIAMONDS SIX,0.2798,0.0796,0.6406
CLUBS NINE CLUBS FOUR,0.396,0.045,0.559
CLUBS EIGHT CLUBS FOUR,0.4012,0.0646,0.5342
SPADES JACK DIAMONDS FOUR,0.4314,0.0162,0.5524
SPADES TEN DIAMONDS FOUR,0.4158,0.0258,0.5584
CLUBS FIVE CLUBS FOUR,0.4692,0.2588,0.272
CLUBS SEVEN CLUBS FOUR,0.3996,0.1004,0.5
CLUBS SEVEN SPADES EIGHT,0.3236,0.0672,0.6092
SPADES NINE CLUBS SEVEN,0.348,0.0366,0.6154
CLUBS SEVEN SPADES SIX,0.238,0.199,0.563
CLUBS SEVEN SPADES SEVEN,0.1508,0.0996,0.7496
CLUBS SEVEN SPADES FIVE,0.24,0.197,0.563
CLUBS SEVEN SPADES FOUR,0.392,0.1044,0.5036
CLUBS SEVEN SPADES THREE,0.4056,0.1102,0.4842
CLUBS SEVEN SPADES TWO,0.4308,0.101,0.4682
CLUBS NINE CLUBS SEVEN,0.3276,0.0446,0.6278
CLUBS EIGHT CLUBS SEVEN,0.3254,0.0602,0.6144
HEARTS SIX DIAMONDS FIVE,0.0136,0.9682,0.0182
HEARTS SEVEN DIAMONDS FIVE,0.24,0.2052,0.5548
DIAMONDS FIVE HEARTS EIGHT,0.2488,0.1504,0.6008
DIAMONDS FIVE HEARTS NINE,0.2894,0.1042,0.6064
DIAMONDS QUEEN DIAMONDS FIVE,0.2684,0.0446,0.687
HEARTS TWO DIAMONDS FIVE,0.4908,0.2682,0.241
HEARTS KING HEARTS EIGHT,0.365,0.008,0.627
DIAMONDS KING DIAMONDS FIVE,0.263,0.028,0.709
HEARTS THREE DIAMONDS FIVE,0.4836,0.2756,0.2408
HEARTS QUEEN HEARTS EIGHT,0.364,0.012,0.624
DIAMONDS ACE DIAMONDS FIVE,0.256,0.0204,0.7236
HEARTS FOUR DIAMONDS FIVE,0.4892,0.27,0.2408
HEARTS ACE HEARTS EIGHT,0.3444,0.007,0.6486
CLUBS FOUR DIAMONDS FIVE,0.49,0.269,0.241
CLUBS FIVE DIAMONDS FIVE,0.2816,0.1048,0.6136
CLUBS SEVEN DIAMONDS FIVE,0.2336,0.2,0.5664
CLUBS TWO DIAMONDS FIVE,0.5072,0.2624,0.2304
CLUBS THREE DIAMONDS FIVE,0.497,0.2618,0.2412
SPADES THREE DIAMONDS FIVE,0.4864,0.263,0.2506
SPADES TWO DIAMONDS FIVE,0.4858,0.2716,0.2426
SPADES JACK DIAMONDS EIGHT,0.3658,0.0188,0.6154
SPADES FIVE DIAMONDS FIVE,0.2876,0.1052,0.6072
CLUBS TEN HEARTS JACK,0.3412,0.0164,0.6424
SPADES TEN DIAMONDS EIGHT,0.3668,0.022,0.6112
SPADES FOUR DIAMONDS FIVE,0.4648,0.27,0.2652
CLUBS JACK HEARTS JACK,0.1746,0.0544,0.771
HEARTS JACK CLUBS QUEEN,0.3626,0.0108,0.6266
CLUBS NINE DIAMONDS FIVE,0.2684,0.1036,0.628
CLUBS EIGHT DIAMONDS FIVE,0.2648,0.1404,0.5948
HEARTS JACK CLUBS KING,0.3504,0.0072,0.6424
CLUBS ACE HEARTS JACK,0.3588,0.0074,0.6338
SPADES SEVEN DIAMONDS FIVE,0.2596,0.1982,0.5422
SPADES KING DIAMONDS EIGHT,0.3864,0.006,0.6076
SPADES QUEEN DIAMONDS EIGHT,0.3862,0.0102,0.6036
SPADES SIX DIAMONDS FIVE,0.0228,0.9538,0.0234
SPADES NINE DIAMONDS FIVE,0.286,0.0966,0.6174
SPADES EIGHT DIAMONDS FIVE,0.2502,0.1526,0.5972
SPADES ACE DIAMONDS EIGHT,0.368,0.003,0.629
DIAMONDS TEN DIAMONDS SIX,0.2496,0.0822,0.6682
HEARTS ACE DIAMONDS SEVEN,0.3674,0.0056,0.627
DIAMONDS JACK DIAMONDS SIX,0.2692,0.0566,0.6742
HEARTS QUEEN DIAMONDS SEVEN,0.3702,0.0122,0.6176
HEARTS KING DIAMONDS SEVEN,0.3708,0.0054,0.6238
DIAMONDS ACE DIAMONDS SIX,0.267,0.0244,0.7086
HEARTS FOUR DIAMONDS SIX,0.3242,0.47,0.2058
SPADES TWO HEARTS JACK,0.4294,0.0206,0.55
SPADES TWO HEARTS TEN,0.4316,0.0308,0.5376
DIAMONDS QUEEN DIAMONDS SIX,0.2748,0.0448,0.6804
HEARTS TWO DIAMONDS SIX,0.3516,0.4438,0.2046
DIAMONDS KING DIAMONDS SIX,0.268,0.0372,0.6948
HEARTS THREE DIAMONDS SIX,0.3382,0.4624,0.1994
HEARTS EIGHT DIAMONDS SIX,0.2468,0.1446,0.6086
HEARTS NINE DIAMONDS SIX,0.276,0.1066,0.6174
HEARTS SIX DIAMONDS SIX,0.1244,0.1152,0.7604
HEARTS SEVEN DIAMONDS SIX,0.2372,0.187,0.5758
HEARTS TEN DIAMONDS SEVEN,0.354,0.0308,0.6152
CLUBS TWO DIAMONDS SIX,0.3544,0.447,0.1986
HEARTS JACK DIAMONDS SEVEN,0.3716,0.0216,0.6068
CLUBS THREE DIAMONDS SIX,0.3302,0.4518,0.218
CLUBS SEVEN DIAMONDS SIX,0.2292,0.2004,0.5704
CLUBS JACK DIAMONDS EIGHT,0.363,0.0166,0.6204
CLUBS TEN DIAMONDS EIGHT,0.357,0.0282,0.6148
CLUBS FIVE DIAMONDS SIX,0.018,0.9722,0.0098
CLUBS FOUR DIAMONDS SIX,0.331,0.4456,0.2234
HEARTS ACE HEARTS JACK,0.3514,0.008,0.6406
DIAMONDS EIGHT CLUBS ACE,0.3678,0.0048,0.6274
HEARTS QUEEN HEARTS JACK,0.3596,0.0098,0.6306
DIAMONDS EIGHT CLUBS KING,0.3808,0.0078,0.6114
CLUBS NINE DIAMONDS SIX,0.266,0.1092,0.6248
HEARTS KING HEARTS JACK,0.3712,0.0074,0.6214
CLUBS EIGHT DIAMONDS SIX,0.2444,0.15,0.6056
DIAMONDS EIGHT CLUBS QUEEN,0.3726,0.0104,0.617
SPADES TEN HEARTS KING,0.3664,0.0066,0.627
SPADES FIVE DIAMONDS SIX,0.0218,0.9556,0.0226
HEARTS ACE SPADES TWO,0.4114,0.0056,0.583
SPADES JACK HEARTS KING,0.3626,0.0058,0.6316
SPADES FOUR DIAMONDS SIX,0.3302,0.4422,0.2276
SPADES THREE DIAMONDS SIX,0.3422,0.4424,0.2154
HEARTS QUEEN SPADES TWO,0.4348,0.0138,0.5514
SPADES ACE SPADES KING,0.3542,0.0044,0.6414
HEARTS KING SPADES TWO,0.4408,0.0074,0.5518
SPADES TWO DIAMONDS SIX,0.3464,0.4386,0.215
HEARTS TEN HEARTS EIGHT,0.352,0.0232,0.6248
SPADES NINE DIAMONDS SIX,0.278,0.1096,0.6124
HEARTS JACK HEARTS EIGHT,0.3444,0.0172,0.6384
SPADES EIGHT DIAMONDS SIX,0.2582,0.1524,0.5894
SPADES SEVEN DIAMONDS SIX,0.248,0.1874,0.5646
SPADES SIX DIAMONDS SIX,0.1256,0.1176,0.7568
SPADES KING HEARTS KING,0.1846,0.0142,0.8012
SPADES QUEEN HEARTS KING,0.3768,0.0072,0.616
CLUBS ACE CLUBS KING,0.356,0.0058,0.6382
SPADES ACE HEARTS KING,0.3708,0.005,0.6242
SPADES ACE HEARTS JACK,0.3546,0.0038,0.6416
SPADES QUEEN HEARTS JACK,0.3708,0.009,0.6202
SPADES KING HEARTS JACK,0.3624,0.0074,0.6302
SPADES TEN DIAMONDS TEN,0.1894,0.059,0.7516
SPADES JACK DIAMONDS TEN,0.3586,0.0138,0.6276
SPADES ACE DIAMONDS TEN,0.3682,0.0034,0.6284
SPADES JACK HEARTS JACK,0.1846,0.0448,0.7706
SPADES TEN HEARTS JACK,0.3448,0.0136,0.6416
SPADES QUEEN DIAMONDS TEN,0.3844,0.0086,0.607
SPADES KING DIAMONDS TEN,0.361,0.0058,0.6332
SPADES NINE DIAMONDS SEVEN,0.3466,0.0368,0.6166
SPADES EIGHT DIAMONDS SEVEN,0.3414,0.0578,0.6008
SPADES SEVEN DIAMONDS SEVEN,0.1656,0.1074,0.727
SPADES SIX DIAMONDS SEVEN,0.2374,0.2014,0.5612
DIAMONDS KING DIAMONDS SEVEN,0.3508,0.0078,0.6414
HEARTS THREE DIAMONDS SEVEN,0.4194,0.0978,0.4828
HEARTS KING DIAMONDS FIVE,0.284,0.0332,0.6828
DIAMONDS QUEEN DIAMONDS SEVEN,0.344,0.0132,0.6428
HEARTS TWO DIAMONDS SEVEN,0.4286,0.1072,0.4642
HEARTS QUEEN DIAMONDS FIVE,0.288,0.0454,0.6666
DIAMONDS ACE DIAMONDS SEVEN,0.3642,0.0032,0.6326
HEARTS FOUR DIAMONDS SEVEN,0.4148,0.1046,0.4806
HEARTS ACE DIAMONDS FIVE,0.262,0.0194,0.7186
HEARTS SEVEN DIAMONDS SEVEN,0.1538,0.1088,0.7374
HEARTS SIX DIAMONDS SEVEN,0.239,0.1956,0.5654
DIAMONDS SEVEN HEARTS NINE,0.3452,0.0388,0.616
HEARTS EIGHT DIAMONDS SEVEN,0.3256,0.0656,0.6088
DIAMONDS JACK DIAMONDS SEVEN,0.3486,0.0176,0.6338
DIAMONDS FIVE HEARTS JACK,0.2796,0.0596,0.6608
DIAMONDS TEN DIAMONDS SEVEN,0.335,0.0244,0.6406
HEARTS TEN DIAMONDS FIVE,0.2886,0.0758,0.6356
CLUBS EIGHT DIAMONDS SEVEN,0.3304,0.0558,0.6138
SPADES KING CLUBS TWO,0.4428,0.0076,0.5496
HEARTS KING CLUBS KING,0.1734,0.0164,0.8102
SPADES QUEEN CLUBS TWO,0.4372,0.0148,0.548
HEARTS KING CLUBS QUEEN,0.36,0.0064,0.6336
CLUBS NINE DIAMONDS SEVEN,0.346,0.0418,0.6122
CLUBS JACK SPADES TWO,0.4406,0.0224,0.537
SPADES ACE CLUBS TWO,0.4204,0.0062,0.5734
CLUBS TEN SPADES TWO,0.4316,0.03,0.5384
HEARTS KING CLUBS ACE,0.3636,0.006,0.6304
SPADES TWO CLUBS KING,0.4296,0.009,0.5614
SPADES TWO DIAMONDS SEVEN,0.432,0.0922,0.4758
SPADES THREE DIAMONDS SEVEN,0.4008,0.1026,0.4966
SPADES TWO CLUBS QUEEN,0.4318,0.016,0.5522
SPADES FOUR DIAMONDS SEVEN,0.3952,0.1018,0.503
CLUBS JACK HEARTS KING,0.355,0.0062,0.6388
SPADES FIVE DIAMONDS SEVEN,0.2414,0.1994,0.5592
SPADES TWO CLUBS ACE,0.411,0.0064,0.5826
CLUBS TEN HEARTS KING,0.3456,0.0072,0.6472
CLUBS TWO DIAMONDS SEVEN,0.4202,0.1116,0.4682
CLUBS THREE DIAMONDS SEVEN,0.4198,0.103,0.4772
CLUBS FOUR DIAMONDS SEVEN,0.41,0.1062,0.4838
CLUBS FIVE DIAMONDS SEVEN,0.2512,0.1956,0.5532
SPADES JACK CLUBS TWO,0.437,0.0194,0.5436
CLUBS SEVEN DIAMONDS SEVEN,0.152,0.101,0.747
SPADES TEN CLUBS TWO,0.4424,0.0304,0.5272
CLUBS TWO CLUBS QUEEN,0.4052,0.0172,0.5776
CLUBS TWO CLUBS KING,0.403,0.0084,0.5886
CLUBS THREE DIAMONDS EIGHT,0.433,0.0706,0.4964
CLUBS TWO CLUBS ACE,0.4002,0.0058,0.594
CLUBS TWO DIAMONDS EIGHT,0.4328,0.0708,0.4964
HEARTS SEVEN DIAMONDS EIGHT,0.3496,0.0566,0.5938
HEARTS SIX DIAMONDS EIGHT,0.2492,0.1522,0.5986
DIAMONDS EIGHT HEARTS NINE,0.3368,0.05,0.6132
CLUBS TEN CLUBS TWO,0.4052,0.03,0.5648
DIAMONDS EIGHT HEARTS EIGHT,0.161,0.0912,0.7478
CLUBS JACK CLUBS TWO,0.4054,0.0214,0.5732
CLUBS NINE DIAMONDS EIGHT,0.352,0.036,0.612
CLUBS EIGHT DIAMONDS EIGHT,0.1628,0.0912,0.746
CLUBS FIVE DIAMONDS EIGHT,0.2628,0.1386,0.5986
SPADES ACE SPADES THREE,0.4008,0.0032,0.596
CLUBS FOUR DIAMONDS EIGHT,0.4184,0.071,0.5106
CLUBS SEVEN DIAMONDS EIGHT,0.3474,0.0596,0.593
SPADES QUEEN SPADES THREE,0.4076,0.0116,0.5808
SPADES KING SPADES THREE,0.3846,0.01,0.6054
DIAMONDS QUEEN DIAMONDS EIGHT,0.3586,0.011,0.6304
HEARTS TWO DIAMONDS EIGHT,0.4268,0.0688,0.5044
DIAMONDS KING DIAMONDS EIGHT,0.3518,0.009,0.6392
HEARTS THREE DIAMONDS EIGHT,0.4304,0.072,0.4976
DIAMONDS ACE DIAMONDS EIGHT,0.3498,0.0036,0.6466
HEARTS FOUR DIAMONDS EIGHT,0.4182,0.0626,0.5192
DIAMONDS EIGHT DIAMONDS TEN,0.33,0.0244,0.6456
DIAMONDS EIGHT DIAMONDS JACK,0.3436,0.0178,0.6386
SPADES JACK SPADES THREE,0.3842,0.019,0.5968
SPADES TEN SPADES THREE,0.4008,0.0266,0.5726
CLUBS FOUR HEARTS ACE,0.4026,0.0056,0.5918
CLUBS FOUR HEARTS QUEEN,0.4246,0.0156,0.5598
CLUBS FOUR HEARTS KING,0.4268,0.0088,0.5644
DIAMONDS EIGHT SPADES FOUR,0.4176,0.0648,0.5176
SPADES FIVE DIAMONDS EIGHT,0.259,0.141,0.6
DIAMONDS EIGHT SPADES TWO,0.4302,0.0688,0.501
DIAMONDS EIGHT SPADES THREE,0.4226,0.0632,0.5142
CLUBS FOUR HEARTS JACK,0.417,0.022,0.561
SPADES EIGHT DIAMONDS EIGHT,0.1712,0.0878,0.741
SPADES TEN DIAMONDS QUEEN,0.3734,0.0116,0.615
SPADES TEN HEARTS TWO,0.4342,0.0284,0.5374
SPADES JACK HEARTS EIGHT,0.3726,0.0184,0.609
CLUBS FOUR HEARTS TEN,0.4132,0.0278,0.559
SPADES NINE DIAMONDS EIGHT,0.3612,0.0334,0.6054
SPADES TEN HEARTS EIGHT,0.3584,0.028,0.6136
SPADES JACK HEARTS TWO,0.4492,0.0206,0.5302
SPADES JACK DIAMONDS QUEEN,0.3686,0.0098,0.6216
SPADES SIX DIAMONDS EIGHT,0.2556,0.14,0.6044
SPADES SEVEN DIAMONDS EIGHT,0.3382,0.0604,0.6014
SPADES ACE HEARTS TWO,0.418,0.0066,0.5754
SPADES ACE DIAMONDS QUEEN,0.3782,0.0036,0.6182
SPADES ACE HEARTS EIGHT,0.3646,0.0042,0.6312
SPADES KING HEARTS EIGHT,0.3776,0.0072,0.6152
SPADES QUEEN HEARTS TWO,0.4348,0.0144,0.5508
SPADES QUEEN DIAMONDS QUEEN,0.1954,0.031,0.7736
SPADES KING DIAMONDS QUEEN,0.3828,0.0052,0.612
SPADES KING HEARTS TWO,0.4444,0.009,0.5466
SPADES QUEEN HEARTS EIGHT,0.3764,0.0108,0.6128
CLUBS TWO HEARTS TEN,0.4222,0.03,0.5478
CLUBS TWO HEARTS JACK,0.4316,0.0178,0.5506
SPADES SEVEN DIAMONDS NINE,0.355,0.0444,0.6006
SPADES SIX DIAMONDS NINE,0.268,0.1092,0.6228
SPADES NINE DIAMONDS NINE,0.1834,0.0738,0.7428
SPADES EIGHT DIAMONDS NINE,0.3456,0.0372,0.6172
SPADES TEN CLUBS KING,0.3544,0.0068,0.6388
DIAMONDS NINE SPADES THREE,0.4226,0.0434,0.534
SPADES JACK CLUBS KING,0.3658,0.0072,0.627
DIAMONDS NINE SPADES TWO,0.4282,0.0482,0.5236
DIAMONDS NINE SPADES FIVE,0.2872,0.106,0.6068
DIAMONDS NINE SPADES FOUR,0.4226,0.0378,0.5396
CLUBS NINE DIAMONDS NINE,0.1806,0.0788,0.7406
CLUBS EIGHT DIAMONDS NINE,0.3524,0.038,0.6096
SPADES JACK CLUBS FOUR,0.4256,0.0204,0.554
CLUBS SEVEN DIAMONDS NINE,0.3564,0.0398,0.6038
SPADES TEN CLUBS FOUR,0.4254,0.0258,0.5488
CLUBS FOUR DIAMONDS NINE,0.4342,0.0422,0.5236
CLUBS FIVE DIAMONDS NINE,0.2724,0.1004,0.6272
DIAMONDS NINE CLUBS TWO,0.4386,0.0418,0.5196
CLUBS THREE DIAMONDS NINE,0.4482,0.0434,0.5084
DIAMONDS NINE HEARTS EIGHT,0.3372,0.0342,0.6286
DIAMONDS NINE HEARTS NINE,0.1768,0.0758,0.7474
HEARTS SIX DIAMONDS NINE,0.2622,0.104,0.6338
HEARTS SEVEN DIAMONDS NINE,0.3524,0.0432,0.6044
CLUBS EIGHT CLUBS NINE,0.339,0.0362,0.6248
DIAMONDS ACE DIAMONDS NINE,0.3508,0.0034,0.6458
HEARTS FOUR DIAMONDS NINE,0.4348,0.0444,0.5208
HEARTS ACE CLUBS TWO,0.425,0.0044,0.5706
SPADES ACE CLUBS FOUR,0.4104,0.0066,0.583
DIAMONDS QUEEN DIAMONDS NINE,0.3394,0.0094,0.6512
HEARTS TWO DIAMONDS NINE,0.4396,0.047,0.5134
CLUBS TWO HEARTS KING,0.4282,0.0096,0.5622
SPADES KING CLUBS FOUR,0.4294,0.009,0.5616
DIAMONDS KING DIAMONDS NINE,0.3648,0.0068,0.6284
HEARTS THREE DIAMONDS NINE,0.4228,0.041,0.5362
CLUBS TWO HEARTS QUEEN,0.427,0.0126,0.5604
SPADES QUEEN CLUBS FOUR,0.43,0.0138,0.5562
DIAMONDS NINE DIAMONDS JACK,0.3506,0.0144,0.635
CLUBS EIGHT SPADES NINE,0.3402,0.0406,0.6192
DIAMONDS NINE DIAMONDS TEN,0.3244,0.0218,0.6538
CLUBS EIGHT SPADES EIGHT,0.1704,0.0856,0.744
CLUBS EIGHT SPADES SEVEN,0.3404,0.06,0.5996
CLUBS EIGHT SPADES SIX,0.2642,0.1454,0.5904
CLUBS EIGHT SPADES FIVE,0.2556,0.141,0.6034
CLUBS EIGHT SPADES FOUR,0.4148,0.0698,0.5154
CLUBS EIGHT SPADES THREE,0.419,0.0714,0.5096
CLUBS EIGHT SPADES TWO,0.4336,0.0688,0.4976
HEARTS SIX DIAMONDS TEN,0.2558,0.0844,0.6598
HEARTS SEVEN DIAMONDS TEN,0.3652,0.0288,0.606
DIAMONDS TEN HEARTS EIGHT,0.3478,0.0282,0.624
CLUBS JACK CLUBS FOUR,0.3928,0.0206,0.5866
DIAMONDS TEN HEARTS NINE,0.343,0.0256,0.6314
CLUBS TEN CLUBS FOUR,0.4012,0.0284,0.5704
CLUBS FOUR CLUBS KING,0.4102,0.0076,0.5822
CLUBS FOUR CLUBS QUEEN,0.418,0.0132,0.5688
CLUBS TWO DIAMONDS TEN,0.4394,0.0312,0.5294
CLUBS THREE DIAMONDS TEN,0.4312,0.0274,0.5414
CLUBS FOUR CLUBS ACE,0.3836,0.005,0.6114
DIAMONDS JACK DIAMONDS TEN,0.3258,0.0142,0.66
DIAMONDS QUEEN DIAMONDS TEN,0.3436,0.009,0.6474
HEARTS TWO DIAMONDS TEN,0.425,0.0268,0.5482
DIAMONDS KING DIAMONDS TEN,0.3492,0.008,0.6428
HEARTS THREE DIAMONDS TEN,0.4252,0.0254,0.5494
DIAMONDS ACE DIAMONDS TEN,0.3422,0.0032,0.6546
HEARTS FOUR DIAMONDS TEN,0.4158,0.0278,0.5564
CLUBS EIGHT HEARTS JACK,0.3546,0.019,0.6264
CLUBS EIGHT HEARTS TEN,0.3568,0.0276,0.6156
CLUBS EIGHT HEARTS QUEEN,0.3746,0.0144,0.611
CLUBS EIGHT HEARTS KING,0.3732,0.0078,0.619
CLUBS EIGHT HEARTS ACE,0.3542,0.0052,0.6406
CLUBS NINE SPADES THREE,0.4368,0.04,0.5232
CLUBS NINE SPADES TWO,0.4298,0.045,0.5252
CLUBS NINE SPADES FIVE,0.2684,0.1016,0.63
CLUBS NINE SPADES FOUR,0.416,0.0422,0.5418
CLUBS NINE SPADES SEVEN,0.3548,0.04,0.6052
CLUBS NINE SPADES SIX,0.2686,0.1048,0.6266
CLUBS NINE SPADES NINE,0.1744,0.0704,0.7552
CLUBS TEN HEARTS EIGHT,0.353,0.0258,0.6212
CLUBS NINE SPADES EIGHT,0.3422,0.0386,0.6192
CLUBS JACK HEARTS EIGHT,0.3498,0.019,0.6312
HEARTS EIGHT CLUBS QUEEN,0.3596,0.0132,0.6272
CLUBS KING HEARTS EIGHT,0.3728,0.008,0.6192
CLUBS ACE HEARTS EIGHT,0.3724,0.0048,0.6228
SPADES KING CLUBS KING,0.1878,0.0194,0.7928
SPADES QUEEN CLUBS KING,0.3714,0.0062,0.6224
SPADES ACE CLUBS KING,0.3638,0.0042,0.632
DIAMONDS ACE HEARTS TEN,0.3598,0.005,0.6352
HEARTS FOUR HEARTS TEN,0.4032,0.0266,0.5702
DIAMONDS ACE HEARTS JACK,0.3568,0.004,0.6392
HEARTS FOUR HEARTS JACK,0.3914,0.0198,0.5888
SPADES KING CLUBS FIVE,0.2996,0.0316,0.6688
SPADES QUEEN CLUBS FIVE,0.292,0.048,0.66
SPADES ACE CLUBS FIVE,0.2618,0.025,0.7132
HEARTS SEVEN DIAMONDS JACK,0.372,0.0168,0.6112
HEARTS SIX DIAMONDS JACK,0.2816,0.059,0.6594
DIAMONDS JACK HEARTS NINE,0.365,0.0158,0.6192
DIAMONDS JACK HEARTS EIGHT,0.355,0.0204,0.6246
DIAMONDS KING DIAMONDS JACK,0.347,0.0054,0.6476
HEARTS THREE DIAMONDS JACK,0.417,0.0172,0.5658
SPADES ACE SPADES SIX,0.2558,0.0252,0.719
HEARTS ACE SPADES FOUR,0.413,0.005,0.582
DIAMONDS QUEEN DIAMONDS JACK,0.3488,0.01,0.6412
HEARTS TWO DIAMONDS JACK,0.432,0.019,0.549
SPADES QUEEN SPADES SIX,0.2686,0.044,0.6874
SPADES FOUR HEARTS QUEEN,0.411,0.011,0.578
DIAMONDS ACE DIAMONDS JACK,0.349,0.0046,0.6464
HEARTS FOUR DIAMONDS JACK,0.4234,0.02,0.5566
SPADES KING SPADES SIX,0.2664,0.035,0.6986
SPADES FOUR HEARTS KING,0.4284,0.0074,0.5642
SPADES TEN SPADES SIX,0.2524,0.0796,0.668
SPADES JACK SPADES SIX,0.27,0.0562,0.6738
SPADES FOUR DIAMONDS JACK,0.4158,0.018,0.5662
SPADES FIVE DIAMONDS JACK,0.2874,0.0538,0.6588
DIAMONDS JACK SPADES TWO,0.4342,0.0186,0.5472
DIAMONDS JACK SPADES THREE,0.4368,0.0184,0.5448
SPADES ACE DIAMONDS THREE,0.4078,0.0034,0.5888
CLUBS EIGHT DIAMONDS JACK,0.3632,0.0188,0.618
SPADES QUEEN DIAMONDS THREE,0.4238,0.0136,0.5626
SPADES KING DIAMONDS THREE,0.4374,0.0072,0.5554
CLUBS NINE DIAMONDS JACK,0.3634,0.017,0.6196
CLUBS SEVEN DIAMONDS JACK,0.3708,0.0174,0.6118
CLUBS FOUR DIAMONDS JACK,0.43,0.0208,0.5492
CLUBS FIVE DIAMONDS JACK,0.2824,0.0636,0.654
CLUBS TWO DIAMONDS JACK,0.4298,0.0246,0.5456
CLUBS THREE DIAMONDS JACK,0.4252,0.0204,0.5544
SPADES TEN CLUBS FIVE,0.2826,0.0734,0.644
SPADES JACK HEARTS SIX,0.285,0.0604,0.6546
HEARTS SIX SPADES TEN,0.2582,0.0804,0.6614
SPADES JACK CLUBS FIVE,0.3082,0.055,0.6368
SPADES JACK DIAMONDS THREE,0.4304,0.0216,0.548
CLUBS SEVEN CLUBS ACE,0.3446,0.0054,0.65
DIAMONDS THREE SPADES TEN,0.434,0.0276,0.5384
CLUBS SEVEN CLUBS QUEEN,0.3506,0.0144,0.635
CLUBS SEVEN CLUBS KING,0.3592,0.009,0.6318
SPADES NINE DIAMONDS JACK,0.3704,0.0168,0.6128
CLUBS TEN CLUBS SEVEN,0.3414,0.0284,0.6302
DIAMONDS ACE HEARTS ACE,0.1834,0.0036,0.813
HEARTS FOUR HEARTS ACE,0.3866,0.0058,0.6076
SPADES EIGHT DIAMONDS JACK,0.3752,0.0168,0.608
SPADES ACE HEARTS SIX,0.2768,0.0264,0.6968
CLUBS JACK CLUBS SEVEN,0.353,0.0176,0.6294
DIAMONDS ACE HEARTS KING,0.364,0.0044,0.6316
HEARTS FOUR HEARTS KING,0.4038,0.0084,0.5878
SPADES SEVEN DIAMONDS JACK,0.3826,0.018,0.5994
SPADES KING HEARTS SIX,0.2836,0.0352,0.6812
DIAMONDS ACE HEARTS QUEEN,0.3634,0.003,0.6336
HEARTS FOUR HEARTS QUEEN,0.4092,0.0138,0.577
SPADES QUEEN HEARTS SIX,0.289,0.052,0.659
SPADES SIX DIAMONDS JACK,0.3,0.055,0.645
DIAMONDS TEN SPADES TWO,0.4266,0.0284,0.545
SPADES THREE DIAMONDS TEN,0.426,0.032,0.542
SPADES FOUR DIAMONDS TEN,0.4204,0.0266,0.553
SPADES FIVE DIAMONDS TEN,0.2826,0.0756,0.6418
SPADES SIX DIAMONDS TEN,0.273,0.0826,0.6444
SPADES SEVEN DIAMONDS TEN,0.366,0.0292,0.6048
SPADES EIGHT DIAMONDS TEN,0.3642,0.0276,0.6082
SPADES NINE DIAMONDS TEN,0.3522,0.0252,0.6226
CLUBS FOUR DIAMONDS TEN,0.4168,0.0274,0.5558
CLUBS FIVE DIAMONDS TEN,0.2884,0.0718,0.6398
CLUBS SEVEN DIAMONDS TEN,0.3562,0.0232,0.6206
CLUBS EIGHT DIAMONDS TEN,0.348,0.0254,0.6266
CLUBS NINE DIAMONDS TEN,0.345,0.0268,0.6282
CLUBS JACK DIAMONDS THREE,0.4302,0.0214,0.5484
CLUBS TEN DIAMONDS THREE,0.4224,0.0268,0.5508
DIAMONDS THREE CLUBS KING,0.4254,0.0086,0.566
DIAMONDS THREE CLUBS QUEEN,0.4234,0.013,0.5636
DIAMONDS THREE CLUBS ACE,0.4062,0.0052,0.5886
SPADES FOUR HEARTS JACK,0.402,0.0222,0.5758
SPADES FOUR HEARTS TEN,0.409,0.0294,0.5616
SPADES FIVE SPADES TWO,0.4652,0.2482,0.2866
SPADES FOUR SPADES TWO,0.5126,0.1466,0.3408
SPADES THREE SPADES TWO,0.5004,0.1426,0.357
SPADES NINE SPADES TWO,0.4048,0.0426,0.5526
SPADES EIGHT SPADES TWO,0.4022,0.0638,0.534
SPADES SEVEN SPADES TWO,0.4046,0.0892,0.5062
SPADES SIX SPADES TWO,0.3408,0.4106,0.2486
DIAMONDS QUEEN CLUBS THREE,0.4264,0.0118,0.5618
CLUBS THREE HEARTS TWO,0.5492,0.153,0.2978
DIAMONDS QUEEN CLUBS TWO,0.4402,0.0142,0.5456
HEARTS TWO CLUBS TWO,0.3802,0.1332,0.4866
HEARTS SEVEN DIAMONDS QUEEN,0.3836,0.012,0.6044
HEARTS SEVEN HEARTS TWO,0.4116,0.0984,0.49
HEARTS SIX DIAMONDS QUEEN,0.287,0.05,0.663
HEARTS SIX HEARTS TWO,0.3286,0.4264,0.245
DIAMONDS QUEEN HEARTS NINE,0.371,0.0104,0.6186
HEARTS TWO HEARTS NINE,0.4118,0.0436,0.5446
DIAMONDS QUEEN HEARTS EIGHT,0.382,0.0106,0.6074
HEARTS TWO HEARTS EIGHT,0.424,0.064,0.512
CLUBS NINE HEARTS TWO,0.4326,0.0434,0.524
CLUBS NINE DIAMONDS QUEEN,0.367,0.0116,0.6214
CLUBS EIGHT DIAMONDS QUEEN,0.3664,0.0108,0.6228
CLUBS EIGHT HEARTS TWO,0.4226,0.0726,0.5048
CLUBS FIVE DIAMONDS QUEEN,0.289,0.048,0.663
CLUBS FIVE HEARTS TWO,0.5114,0.267,0.2216
SPADES EIGHT HEARTS ACE,0.3694,0.0052,0.6254
DIAMONDS QUEEN CLUBS FOUR,0.426,0.012,0.562
HEARTS TWO CLUBS FOUR,0.5432,0.1592,0.2976
CLUBS SEVEN DIAMONDS QUEEN,0.3636,0.0144,0.622
CLUBS SEVEN HEARTS TWO,0.4232,0.115,0.4618
SPADES EIGHT HEARTS QUEEN,0.3598,0.0118,0.6284
SPADES EIGHT HEARTS KING,0.3834,0.0086,0.608
HEARTS TWO SPADES SIX,0.3338,0.4528,0.2134
DIAMONDS QUEEN SPADES SIX,0.2822,0.05,0.6678
HEARTS FOUR CLUBS QUEEN,0.424,0.0158,0.5602
DIAMONDS ACE CLUBS QUEEN,0.3626,0.0048,0.6326
DIAMONDS QUEEN SPADES SEVEN,0.3738,0.0116,0.6146
HEARTS TWO SPADES SEVEN,0.424,0.1064,0.4696
HEARTS FOUR CLUBS KING,0.4264,0.0092,0.5644
DIAMONDS ACE CLUBS KING,0.3826,0.0034,0.614
DIAMONDS QUEEN SPADES EIGHT,0.3754,0.0112,0.6134
SPADES EIGHT HEARTS TWO,0.435,0.0666,0.4984
HEARTS FOUR CLUBS ACE,0.4124,0.0058,0.5818
DIAMONDS ACE CLUBS ACE,0.1882,0.0032,0.8086
SPADES NINE DIAMONDS QUEEN,0.3686,0.0096,0.6218
SPADES NINE HEARTS TWO,0.4414,0.042,0.5166
HEARTS TWO SPADES TWO,0.3814,0.1176,0.501
DIAMONDS QUEEN SPADES TWO,0.444,0.011,0.545
HEARTS TWO SPADES THREE,0.5412,0.148,0.3108
DIAMONDS QUEEN SPADES THREE,0.433,0.0114,0.5556
HEARTS TWO SPADES FOUR,0.5344,0.1578,0.3078
DIAMONDS QUEEN SPADES FOUR,0.4234,0.0136,0.563
CLUBS TEN HEARTS FOUR,0.4038,0.028,0.5682
CLUBS TEN DIAMONDS ACE,0.3668,0.0032,0.63
HEARTS TWO SPADES FIVE,0.4984,0.2772,0.2244
DIAMONDS QUEEN SPADES FIVE,0.2864,0.0404,0.6732
HEARTS FOUR CLUBS JACK,0.4148,0.0208,0.5644
CLUBS JACK DIAMONDS ACE,0.3572,0.0046,0.6382
CLUBS FIVE CLUBS KING,0.2614,0.0334,0.7052
CLUBS FIVE CLUBS QUEEN,0.2956,0.0408,0.6636
CLUBS FIVE CLUBS ACE,0.2552,0.0212,0.7236
CLUBS JACK CLUBS FIVE,0.275,0.0568,0.6682
CLUBS TEN CLUBS FIVE,0.2758,0.0736,0.6506
SPADES KING CLUBS JACK,0.3618,0.0082,0.63
CLUBS JACK SPADES QUEEN,0.3658,0.0092,0.625
SPADES ACE CLUBS JACK,0.3618,0.0052,0.633
SPADES SIX CLUBS KING,0.2792,0.0426,0.6782
SPADES SIX CLUBS QUEEN,0.2992,0.0512,0.6496
SPADES EIGHT HEARTS JACK,0.375,0.016,0.609
SPADES SIX CLUBS ACE,0.2802,0.0236,0.6962
SPADES EIGHT HEARTS TEN,0.351,0.026,0.623
CLUBS JACK SPADES SIX,0.2852,0.0602,0.6546
CLUBS TEN SPADES SIX,0.2642,0.0802,0.6556
CLUBS JACK SPADES TEN,0.3394,0.0158,0.6448
CLUBS JACK SPADES JACK,0.1756,0.0488,0.7756
SPADES QUEEN CLUBS SEVEN,0.3696,0.0098,0.6206
SPADES KING CLUBS SEVEN,0.37,0.0068,0.6232
SPADES ACE CLUBS SEVEN,0.3678,0.0034,0.6288
SPADES SIX HEARTS TEN,0.2564,0.0874,0.6562
SPADES SIX HEARTS JACK,0.2866,0.0556,0.6578
SPADES SIX HEARTS ACE,0.2732,0.0252,0.7016
SPADES SIX HEARTS KING,0.2922,0.0364,0.6714
SPADES SIX HEARTS QUEEN,0.2856,0.0504,0.664
SPADES JACK CLUBS SEVEN,0.3578,0.0162,0.626
SPADES TEN CLUBS SEVEN,0.3646,0.0264,0.609
CLUBS TEN HEARTS SIX,0.2636,0.0828,0.6536
CLUBS JACK HEARTS SIX,0.2646,0.0614,0.674
CLUBS JACK CLUBS ACE,0.3568,0.0026,0.6406
HEARTS SIX CLUBS QUEEN,0.2844,0.0556,0.66
HEARTS SIX CLUBS KING,0.278,0.0398,0.6822
HEARTS SIX CLUBS ACE,0.2778,0.0292,0.693
CLUBS JACK CLUBS QUEEN,0.3406,0.0086,0.6508
CLUBS JACK CLUBS KING,0.3576,0.0088,0.6336
DIAMONDS THREE HEARTS ACE,0.4108,0.0062,0.583
DIAMONDS THREE HEARTS QUEEN,0.419,0.0154,0.5656
DIAMONDS THREE HEARTS KING,0.4148,0.0078,0.5774
CLUBS FIVE HEARTS JACK,0.2808,0.0602,0.659
SPADES TEN DIAMONDS ACE,0.3748,0.0052,0.62
HEARTS FOUR SPADES TEN,0.4238,0.0314,0.5448
CLUBS FIVE HEARTS TEN,0.28,0.0706,0.6494
HEARTS FOUR SPADES JACK,0.4246,0.0206,0.5548
SPADES JACK DIAMONDS ACE,0.3736,0.0034,0.623
SPADES ACE HEARTS FOUR,0.4042,0.0054,0.5904
SPADES ACE DIAMONDS ACE,0.1872,0.0042,0.8086
CLUBS FIVE HEARTS ACE,0.252,0.023,0.725
CLUBS FIVE HEARTS KING,0.2928,0.0308,0.6764
HEARTS FOUR SPADES QUEEN,0.4142,0.0146,0.5712
SPADES QUEEN DIAMONDS ACE,0.3822,0.0048,0.613
CLUBS JACK SPADES FOUR,0.3986,0.0166,0.5848
CLUBS FIVE HEARTS QUEEN,0.279,0.0462,0.6748
SPADES KING DIAMONDS ACE,0.375,0.0042,0.6208
HEARTS FOUR SPADES KING,0.4312,0.0088,0.56
CLUBS TEN SPADES FOUR,0.4252,0.0308,0.544
DIAMONDS QUEEN DIAMONDS ACE,0.3492,0.0026,0.6482
HEARTS TWO DIAMONDS ACE,0.4302,0.0056,0.5642
HEARTS FOUR DIAMONDS QUEEN,0.4266,0.0146,0.5588
HEARTS FOUR HEARTS TWO,0.5222,0.1524,0.3254
DIAMONDS THREE HEARTS TEN,0.3986,0.0314,0.57
SPADES FOUR CLUBS KING,0.4232,0.0102,0.5666
DIAMONDS THREE HEARTS JACK,0.4322,0.0194,0.5484
SPADES FOUR CLUBS QUEEN,0.4218,0.0136,0.5646
DIAMONDS QUEEN HEARTS TWO,0.4306,0.0156,0.5538
DIAMONDS KING DIAMONDS QUEEN,0.3604,0.0082,0.6314
DIAMONDS KING HEARTS TWO,0.4294,0.0108,0.5598
HEARTS THREE DIAMONDS QUEEN,0.43,0.0134,0.5566
HEARTS THREE HEARTS TWO,0.5114,0.1414,0.3472
SPADES FOUR CLUBS ACE,0.411,0.0034,0.5856
HEARTS TWO CLUBS ACE,0.4222,0.0062,0.5716
DIAMONDS QUEEN CLUBS ACE,0.3754,0.0048,0.6198
HEARTS TWO CLUBS QUEEN,0.4322,0.0152,0.5526
DIAMONDS QUEEN CLUBS QUEEN,0.187,0.033,0.78
HEARTS TWO CLUBS KING,0.4374,0.0072,0.5554
DIAMONDS QUEEN CLUBS KING,0.3674,0.007,0.6256
SPADES EIGHT SPADES FIVE,0.2386,0.1356,0.6258
CLUBS TEN HEARTS TWO,0.4294,0.0282,0.5424
CLUBS TEN DIAMONDS QUEEN,0.3594,0.0096,0.631
SPADES NINE SPADES FIVE,0.2418,0.104,0.6542
CLUBS JACK HEARTS TWO,0.426,0.0236,0.5504
CLUBS JACK DIAMONDS QUEEN,0.3522,0.012,0.6358
SPADES SIX SPADES FIVE,0.0252,0.907,0.0678
SPADES SEVEN SPADES FIVE,0.2304,0.1894,0.5802
DIAMONDS FIVE CLUBS QUEEN,0.2868,0.0406,0.6726
SPADES EIGHT CLUBS ACE,0.3714,0.0044,0.6242
DIAMONDS FIVE CLUBS KING,0.2926,0.035,0.6724
SPADES EIGHT CLUBS KING,0.3922,0.008,0.5998
DIAMONDS FIVE CLUBS ACE,0.2628,0.0234,0.7138
SPADES EIGHT CLUBS QUEEN,0.3558,0.011,0.6332
CLUBS JACK SPADES EIGHT,0.3588,0.0208,0.6204
CLUBS TEN SPADES EIGHT,0.358,0.0304,0.6116
CLUBS TEN DIAMONDS FIVE,0.2896,0.0772,0.6332
CLUBS JACK DIAMONDS FIVE,0.2744,0.0592,0.6664
DIAMONDS TEN HEARTS JACK,0.3398,0.0144,0.6458
DIAMONDS TEN HEARTS TEN,0.1792,0.07,0.7508
SPADES ACE CLUBS NINE,0.3756,0.0054,0.619
SPADES QUEEN CLUBS NINE,0.367,0.0122,0.6208
SPADES KING CLUBS NINE,0.3618,0.008,0.6302
HEARTS SIX HEARTS KING,0.2752,0.0366,0.6882
DIAMONDS KING SPADES SEVEN,0.3838,0.0068,0.6094
HEARTS THREE SPADES SEVEN,0.417,0.1112,0.4718
SPADES KING DIAMONDS SEVEN,0.3738,0.008,0.6182
HEARTS SIX HEARTS QUEEN,0.2716,0.0516,0.6768
SPADES QUEEN DIAMONDS SEVEN,0.3786,0.0086,0.6128
HEARTS THREE SPADES SIX,0.3456,0.4474,0.207
DIAMONDS KING SPADES SIX,0.2856,0.0342,0.6802
DIAMONDS KING SPADES NINE,0.3682,0.003,0.6288
HEARTS THREE SPADES NINE,0.419,0.0444,0.5366
HEARTS SIX HEARTS ACE,0.2766,0.0252,0.6982
DIAMONDS KING SPADES EIGHT,0.3884,0.0048,0.6068
