opposingHand,winningChance,drawChance,lostChance
HEARTS SIX DIAMONDS SEVEN
CLUBS SIX SPADES THREE,0.5742,0.1994,0.2264
SPADES JACK CLUBS SIX,0.2854,0.0572,0.6574
SPADES FOUR SPADES TWO,0.542,0.0892,0.3688
DIAMONDS NINE SPADES TWO,0.4336,0.0488,0.5176
HEARTS SEVEN CLUBS ACE,0.2764,0.0248,0.6988
SPADES QUEEN CLUBS SEVEN,0.2916,0.0458,0.6626
HEARTS KING DIAMONDS NINE,0.3584,0.0074,0.6342
DIAMONDS JACK HEARTS TEN,0.3466,0.015,0.6384
DIAMONDS ACE SPADES SIX,0.2822,0.023,0.6948
CLUBS THREE CLUBS ACE,0.4012,0.0044,0.5944
SPADES KING DIAMONDS EIGHT,0.3698,0.0064,0.6238
CLUBS TEN DIAMONDS FOUR,0.426,0.029,0.545
CLUBS JACK SPADES TEN,0.3578,0.0132,0.629
SPADES THREE DIAMONDS FIVE,0.579,0.0958,0.3252
CLUBS NINE DIAMONDS ACE,0.3804,0.0034,0.6162
SPADES JACK DIAMONDS NINE,0.3422,0.014,0.6438
CLUBS SEVEN HEARTS NINE,0.246,0.1216,0.6324
SPADES EIGHT HEARTS ACE,0.3708,0.0026,0.6266
DIAMONDS THREE SPADES QUEEN,0.4282,0.0104,0.5614
SPADES SIX CLUBS QUEEN,0.2876,0.0456,0.6668
DIAMONDS TWO CLUBS THREE,0.5816,0.1052,0.3132
HEARTS EIGHT HEARTS FOUR,0.4038,0.0636,0.5326
CLUBS FOUR SPADES THREE,0.566,0.097,0.337
SPADES NINE SPADES EIGHT,0.3272,0.0362,0.6366
CLUBS ACE CLUBS QUEEN,0.3498,0.0036,0.6466
CLUBS FIVE SPADES THREE,0.5784,0.093,0.3286
HEARTS THREE HEARTS TEN,0.414,0.0268,0.5592
CLUBS TEN SPADES TWO,0.4482,0.0288,0.523
DIAMONDS ACE CLUBS KING,0.3708,0.0026,0.6266
SPADES ACE DIAMONDS EIGHT,0.3634,0.0032,0.6334
CLUBS EIGHT SPADES SIX,0.2568,0.139,0.6042
CLUBS EIGHT CLUBS THREE,0.4054,0.0614,0.5332
CLUBS SIX CLUBS FOUR,0.5276,0.1966,0.2758
HEARTS JACK DIAMONDS FIVE,0.423,0.0206,0.5564
HEARTS FOUR DIAMONDS NINE,0.4424,0.0438,0.5138
DIAMONDS TEN DIAMONDS FOUR,0.4018,0.0286,0.5696
HEARTS FOUR SPADES SEVEN,0.4056,0.3782,0.2162
CLUBS JACK CLUBS NINE,0.3464,0.0154,0.6382
DIAMONDS JACK DIAMONDS EIGHT,0.3506,0.015,0.6344
DIAMONDS NINE DIAMONDS SIX,0.2638,0.0972,0.639
CLUBS TEN SPADES EIGHT,0.3642,0.0232,0.6126
HEARTS SEVEN CLUBS QUEEN,0.2956,0.0416,0.6628
DIAMONDS KING HEARTS QUEEN,0.3634,0.0068,0.6298
CLUBS KING HEARTS TEN,0.3598,0.0064,0.6338
HEARTS ACE CLUBS KING,0.3604,0.0024,0.6372
HEARTS EIGHT HEARTS NINE,0.3246,0.0388,0.6366
DIAMONDS ACE SPADES FIVE,0.409,0.0048,0.5862
CLUBS SEVEN CLUBS FIVE,0.388,0.3442,0.2678
DIAMONDS TEN HEARTS KING,0.3688,0.0092,0.622
DIAMONDS TWO CLUBS SIX,0.5862,0.2052,0.2086
SPADES SEVEN DIAMONDS JACK,0.271,0.0588,0.6702
HEARTS TWO SPADES SEVEN,0.4164,0.3728,0.2108
HEARTS FIVE DIAMONDS FOUR,0.5762,0.0992,0.3246
SPADES KING CLUBS KING,0.1934,0.015,0.7916
DIAMONDS EIGHT HEARTS JACK,0.358,0.0182,0.6238
HEARTS FOUR HEARTS TEN,0.4076,0.0262,0.5662
SPADES ACE CLUBS FIVE,0.4178,0.0036,0.5786
DIAMONDS THREE DIAMONDS ACE,0.4076,0.0054,0.587
CLUBS JACK DIAMONDS FIVE,0.4192,0.018,0.5628
CLUBS JACK DIAMONDS TWO,0.4404,0.0176,0.542
HEARTS TEN HEARTS NINE,0.3314,0.022,0.6466
SPADES JACK HEARTS FOUR,0.4198,0.0188,0.5614
CLUBS EIGHT HEARTS FOUR,0.4302,0.0624,0.5074
DIAMONDS EIGHT CLUBS QUEEN,0.3686,0.0118,0.6196
DIAMONDS QUEEN CLUBS KING,0.359,0.0078,0.6332
DIAMONDS THREE DIAMONDS SIX,0.5544,0.1884,0.2572
CLUBS SEVEN HEARTS KING,0.2876,0.0358,0.6766
SPADES SIX CLUBS TWO,0.587,0.19,0.223
HEARTS EIGHT DIAMONDS NINE,0.3234,0.039,0.6376
CLUBS SIX DIAMONDS JACK,0.2842,0.0552,0.6606
SPADES SEVEN SPADES SIX,0.0244,0.9072,0.0684
SPADES FOUR HEARTS ACE,0.4132,0.0042,0.5826
CLUBS JACK CLUBS THREE,0.4128,0.017,0.5702
CLUBS TEN DIAMONDS KING,0.3702,0.007,0.6228
DIAMONDS TWO DIAMONDS JACK,0.4058,0.0178,0.5764
SPADES ACE HEARTS EIGHT,0.3698,0.0036,0.6266
DIAMONDS TWO CLUBS FIVE,0.5838,0.0998,0.3164
DIAMONDS ACE DIAMONDS FOUR,0.3884,0.0052,0.6064
CLUBS FOUR DIAMONDS FOUR,0.3992,0.1056,0.4952
CLUBS NINE CLUBS THREE,0.4158,0.041,0.5432
HEARTS FIVE SPADES JACK,0.432,0.0208,0.5472
SPADES EIGHT HEARTS TEN,0.3498,0.027,0.6232
CLUBS SEVEN DIAMONDS FOUR,0.4184,0.3708,0.2108
SPADES SIX SPADES FIVE,0.5256,0.1796,0.2948
CLUBS TEN CLUBS ACE,0.3576,0.004,0.6384
CLUBS NINE HEARTS TWO,0.438,0.0468,0.5152
CLUBS TWO HEARTS ACE,0.4294,0.0052,0.5654
HEARTS EIGHT CLUBS FOUR,0.4178,0.0682,0.514
DIAMONDS THREE HEARTS NINE,0.424,0.0476,0.5284
SPADES FOUR DIAMONDS TEN,0.4414,0.0306,0.528
CLUBS SEVEN HEARTS JACK,0.2712,0.0628,0.666
CLUBS FOUR CLUBS QUEEN,0.396,0.0104,0.5936
SPADES QUEEN SPADES EIGHT,0.3534,0.0102,0.6364
CLUBS SEVEN DIAMONDS JACK,0.26,0.0558,0.6842
CLUBS NINE HEARTS FOUR,0.4344,0.0442,0.5214
SPADES FOUR HEARTS TEN,0.4276,0.0286,0.5438
HEARTS EIGHT CLUBS NINE,0.3342,0.035,0.6308
HEARTS SEVEN HEARTS JACK,0.2648,0.0592,0.676
DIAMONDS ACE DIAMONDS SIX,0.2704,0.022,0.7076
CLUBS TEN CLUBS TWO,0.4168,0.0244,0.5588
SPADES ACE HEARTS FOUR,0.4252,0.0048,0.57
SPADES NINE DIAMONDS EIGHT,0.3436,0.038,0.6184
CLUBS NINE CLUBS ACE,0.3532,0.0034,0.6434
CLUBS TWO HEARTS JACK,0.4284,0.0224,0.5492
HEARTS THREE DIAMONDS FOUR,0.5776,0.1032,0.3192
HEARTS THREE DIAMONDS FIVE,0.5702,0.1038,0.326
HEARTS EIGHT DIAMONDS FOUR,0.411,0.0668,0.5222
CLUBS ACE DIAMONDS SIX,0.2992,0.0218,0.679
CLUBS EIGHT SPADES FIVE,0.3946,0.0654,0.54
CLUBS ACE DIAMONDS FOUR,0.4102,0.0044,0.5854
HEARTS EIGHT CLUBS EIGHT,0.154,0.0808,0.7652
CLUBS JACK SPADES THREE,0.4176,0.0218,0.5606
DIAMONDS EIGHT DIAMONDS FIVE,0.3808,0.064,0.5552
CLUBS FOUR HEARTS KING,0.4244,0.0078,0.5678
SPADES ACE CLUBS THREE,0.4376,0.0034,0.559
DIAMONDS TWO HEARTS TWO,0.4004,0.1076,0.492
SPADES SEVEN SPADES FIVE,0.3742,0.3688,0.257
CLUBS THREE CLUBS QUEEN,0.4042,0.0092,0.5866
HEARTS ACE DIAMONDS SIX,0.2844,0.0208,0.6948
HEARTS ACE SPADES TWO,0.415,0.0052,0.5798
HEARTS TWO SPADES TWO,0.3904,0.1148,0.4948
DIAMONDS ACE DIAMONDS TEN,0.3488,0.005,0.6462
CLUBS SIX CLUBS ACE,0.2756,0.0176,0.7068
SPADES QUEEN HEARTS QUEEN,0.177,0.031,0.792
HEARTS FIVE CLUBS QUEEN,0.4324,0.0126,0.555
HEARTS SEVEN DIAMONDS FIVE,0.3884,0.3892,0.2224
DIAMONDS TWO CLUBS QUEEN,0.4408,0.0106,0.5486
SPADES JACK CLUBS FOUR,0.4278,0.0172,0.555
SPADES JACK DIAMONDS QUEEN,0.3488,0.0068,0.6444
SPADES FIVE HEARTS QUEEN,0.4118,0.0132,0.575
CLUBS JACK DIAMONDS EIGHT,0.3486,0.019,0.6324
CLUBS SEVEN SPADES TWO,0.4036,0.3734,0.223
HEARTS EIGHT HEARTS SEVEN,0.244,0.1328,0.6232
CLUBS NINE DIAMONDS FOUR,0.4278,0.0436,0.5286
CLUBS FOUR CLUBS THREE,0.5244,0.091,0.3846
DIAMONDS TWO SPADES SEVEN,0.4078,0.3718,0.2204
HEARTS FIVE CLUBS THREE,0.5824,0.0962,0.3214
DIAMONDS TWO SPADES QUEEN,0.4398,0.0118,0.5484
DIAMONDS THREE HEARTS JACK,0.4232,0.0228,0.554
SPADES KING CLUBS SIX,0.2982,0.0292,0.6726
DIAMONDS ACE CLUBS THREE,0.4238,0.0032,0.573
HEARTS SEVEN SPADES NINE,0.2392,0.111,0.6498
CLUBS SEVEN SPADES FOUR,0.4126,0.373,0.2144
CLUBS FOUR DIAMONDS TEN,0.435,0.0246,0.5404
SPADES QUEEN SPADES THREE,0.4246,0.0116,0.5638
HEARTS TWO SPADES EIGHT,0.4488,0.06,0.4912
SPADES QUEEN CLUBS THREE,0.4432,0.012,0.5448
DIAMONDS TEN DIAMONDS NINE,0.3226,0.0254,0.652
SPADES THREE HEARTS JACK,0.4198,0.0234,0.5568
SPADES THREE DIAMONDS NINE,0.4354,0.0382,0.5264
CLUBS JACK CLUBS TWO,0.4058,0.017,0.5772
DIAMONDS TWO SPADES JACK,0.4418,0.0158,0.5424
HEARTS FIVE HEARTS KING,0.4044,0.0076,0.588
DIAMONDS TWO HEARTS NINE,0.4448,0.0452,0.51
HEARTS ACE DIAMONDS FIVE,0.4208,0.004,0.5752
HEARTS FIVE HEARTS THREE,0.552,0.0908,0.3572
SPADES THREE DIAMONDS SIX,0.5878,0.1968,0.2154
CLUBS TEN DIAMONDS TEN,0.1718,0.0562,0.772
DIAMONDS THREE DIAMONDS JACK,0.41,0.0162,0.5738
DIAMONDS ACE DIAMONDS KING,0.3614,0.0054,0.6332
HEARTS SEVEN DIAMONDS EIGHT,0.2384,0.1454,0.6162
DIAMONDS NINE DIAMONDS FIVE,0.3902,0.0398,0.57
HEARTS QUEEN HEARTS JACK,0.3348,0.01,0.6552
SPADES TEN CLUBS SEVEN,0.279,0.08,0.641
SPADES ACE HEARTS QUEEN,0.3672,0.0022,0.6306
DIAMONDS TWO DIAMONDS QUEEN,0.4132,0.0114,0.5754
CLUBS EIGHT DIAMONDS QUEEN,0.3576,0.012,0.6304
DIAMONDS FIVE DIAMONDS FOUR,0.536,0.098,0.366
CLUBS TWO DIAMONDS FIVE,0.5866,0.0944,0.319
SPADES KING SPADES FOUR,0.4086,0.0064,0.585
CLUBS JACK DIAMONDS NINE,0.35,0.0144,0.6356
CLUBS FIVE DIAMONDS EIGHT,0.4034,0.0576,0.539
SPADES SIX DIAMONDS FIVE,0.565,0.1988,0.2362
CLUBS SEVEN CLUBS QUEEN,0.2746,0.043,0.6824
CLUBS SEVEN SPADES FIVE,0.3954,0.388,0.2166
HEARTS FOUR DIAMONDS FIVE,0.5786,0.0998,0.3216
CLUBS TWO CLUBS QUEEN,0.413,0.0156,0.5714
SPADES KING CLUBS QUEEN,0.3712,0.006,0.6228
DIAMONDS JACK DIAMONDS FIVE,0.391,0.021,0.588
SPADES SEVEN CLUBS ACE,0.2812,0.0178,0.701
SPADES FOUR DIAMONDS SIX,0.5726,0.1926,0.2348
HEARTS FIVE SPADES TEN,0.429,0.0272,0.5438
DIAMONDS QUEEN DIAMONDS FOUR,0.4138,0.0148,0.5714
SPADES ACE DIAMONDS FIVE,0.4066,0.004,0.5894
SPADES TEN CLUBS THREE,0.4436,0.0284,0.528
CLUBS JACK CLUBS FOUR,0.4118,0.0172,0.571
CLUBS FOUR SPADES TWO,0.5796,0.0984,0.322
CLUBS KING CLUBS QUEEN,0.3422,0.0066,0.6512
CLUBS THREE HEARTS JACK,0.4316,0.0192,0.5492
DIAMONDS KING HEARTS TEN,0.3628,0.0098,0.6274
CLUBS NINE SPADES SIX,0.2642,0.103,0.6328
CLUBS TWO CLUBS KING,0.4112,0.0074,0.5814
DIAMONDS THREE DIAMONDS NINE,0.4174,0.0446,0.538
SPADES QUEEN HEARTS FIVE,0.4168,0.0124,0.5708
CLUBS THREE DIAMONDS TEN,0.4334,0.0268,0.5398
DIAMONDS KING SPADES TWO,0.4402,0.0092,0.5506
HEARTS SEVEN HEARTS ACE,0.2716,0.0302,0.6982
HEARTS JACK CLUBS QUEEN,0.3392,0.0084,0.6524
HEARTS EIGHT DIAMONDS ACE,0.3536,0.005,0.6414
SPADES JACK HEARTS NINE,0.3466,0.0158,0.6376
DIAMONDS ACE CLUBS QUEEN,0.3732,0.0032,0.6236
DIAMONDS ACE HEARTS JACK,0.3626,0.0062,0.6312
SPADES TEN SPADES EIGHT,0.3344,0.0248,0.6408
CLUBS FIVE DIAMONDS FIVE,0.372,0.112,0.516
HEARTS EIGHT CLUBS TWO,0.4276,0.0652,0.5072
SPADES ACE SPADES THREE,0.4058,0.0042,0.59
CLUBS SIX HEARTS NINE,0.2618,0.1,0.6382
DIAMONDS QUEEN CLUBS TWO,0.4286,0.0144,0.557
CLUBS JACK HEARTS NINE,0.3458,0.0164,0.6378
HEARTS EIGHT CLUBS KING,0.3656,0.0076,0.6268
SPADES NINE DIAMONDS FOUR,0.4388,0.0442,0.517
SPADES TEN HEARTS ACE,0.352,0.0044,0.6436
DIAMONDS THREE DIAMONDS QUEEN,0.4224,0.0118,0.5658
DIAMONDS KING CLUBS THREE,0.4322,0.0084,0.5594
CLUBS EIGHT SPADES SEVEN,0.2518,0.14,0.6082
HEARTS FIVE CLUBS SEVEN,0.4054,0.38,0.2146
CLUBS THREE HEARTS TEN,0.4388,0.0274,0.5338
SPADES ACE HEARTS KING,0.3632,0.0044,0.6324
DIAMONDS THREE CLUBS EIGHT,0.4328,0.0638,0.5034
DIAMONDS THREE DIAMONDS KING,0.408,0.0084,0.5836
SPADES TEN HEARTS TEN,0.175,0.0566,0.7684
SPADES THREE HEARTS KING,0.4258,0.009,0.5652
SPADES JACK DIAMONDS FIVE,0.4248,0.0146,0.5606
SPADES EIGHT HEARTS QUEEN,0.348,0.0114,0.6406
HEARTS SEVEN DIAMONDS ACE,0.2748,0.0248,0.7004
SPADES QUEEN HEARTS TEN,0.355,0.01,0.635
CLUBS SIX SPADES SEVEN,0.0222,0.9568,0.021
SPADES TWO HEARTS JACK,0.4342,0.0162,0.5496
HEARTS FOUR SPADES THREE,0.5672,0.0998,0.333
SPADES SIX CLUBS KING,0.2902,0.0334,0.6764
SPADES KING SPADES EIGHT,0.3478,0.0058,0.6464
DIAMONDS SIX DIAMONDS FIVE,0.5456,0.1966,0.2578
CLUBS TEN HEARTS ACE,0.3636,0.0046,0.6318
CLUBS NINE HEARTS FIVE,0.4124,0.0464,0.5412
HEARTS FIVE SPADES FIVE,0.3786,0.1104,0.511
CLUBS SIX DIAMONDS FIVE,0.5756,0.1788,0.2456
DIAMONDS QUEEN HEARTS JACK,0.3374,0.0094,0.6532
SPADES THREE DIAMONDS EIGHT,0.425,0.0654,0.5096
CLUBS THREE DIAMONDS FOUR,0.5794,0.0934,0.3272
SPADES FIVE DIAMONDS EIGHT,0.413,0.062,0.525
SPADES QUEEN HEARTS TWO,0.4368,0.0098,0.5534
SPADES EIGHT CLUBS THREE,0.4298,0.0656,0.5046
DIAMONDS KING DIAMONDS FIVE,0.4,0.0092,0.5908
SPADES FIVE CLUBS KING,0.4226,0.0088,0.5686
DIAMONDS NINE CLUBS QUEEN,0.3718,0.0128,0.6154
HEARTS THREE SPADES NINE,0.4322,0.0434,0.5244
CLUBS FIVE CLUBS ACE,0.387,0.0066,0.6064
SPADES EIGHT DIAMONDS FIVE,0.4076,0.0686,0.5238
HEARTS SEVEN CLUBS FOUR,0.4224,0.3684,0.2092
HEARTS FOUR SPADES FIVE,0.561,0.0986,0.3404
CLUBS NINE DIAMONDS QUEEN,0.3566,0.0104,0.633
SPADES SEVEN SPADES TWO,0.3804,0.3582,0.2614
HEARTS FIVE HEARTS QUEEN,0.4048,0.0142,0.581
CLUBS TEN SPADES FOUR,0.4208,0.0256,0.5536
DIAMONDS QUEEN CLUBS ACE,0.3632,0.0044,0.6324
DIAMONDS TWO HEARTS FIVE,0.5962,0.0998,0.304
CLUBS THREE SPADES TWO,0.5768,0.0964,0.3268
DIAMONDS JACK SPADES FOUR,0.4222,0.0198,0.558
DIAMONDS QUEEN SPADES FOUR,0.4228,0.0128,0.5644
HEARTS EIGHT HEARTS FIVE,0.3854,0.0616,0.553
HEARTS FOUR DIAMONDS ACE,0.4228,0.0054,0.5718
DIAMONDS QUEEN DIAMONDS EIGHT,0.3626,0.0118,0.6256
SPADES SEVEN DIAMONDS EIGHT,0.2302,0.1494,0.6204
HEARTS TWO DIAMONDS KING,0.4382,0.0094,0.5524
DIAMONDS KING DIAMONDS EIGHT,0.3604,0.0066,0.633
HEARTS SEVEN SPADES THREE,0.408,0.3776,0.2144
CLUBS QUEEN HEARTS NINE,0.3706,0.0096,0.6198
SPADES EIGHT SPADES TWO,0.4202,0.059,0.5208
HEARTS SEVEN CLUBS KING,0.2796,0.0366,0.6838
CLUBS FOUR HEARTS ACE,0.4196,0.0048,0.5756
SPADES NINE HEARTS QUEEN,0.3714,0.0112,0.6174
CLUBS ACE CLUBS KING,0.3508,0.0032,0.646
HEARTS TEN DIAMONDS FIVE,0.4112,0.0316,0.5572
CLUBS EIGHT CLUBS FIVE,0.3896,0.0556,0.5548
SPADES QUEEN HEARTS ACE,0.3662,0.0026,0.6312
CLUBS FOUR CLUBS TWO,0.5528,0.082,0.3652
HEARTS TWO CLUBS TWO,0.3956,0.1062,0.4982
SPADES KING SPADES TWO,0.4172,0.0064,0.5764
HEARTS EIGHT SPADES FIVE,0.4076,0.0676,0.5248
DIAMONDS JACK HEARTS QUEEN,0.3396,0.0126,0.6478
HEARTS SEVEN CLUBS SEVEN,0.1256,0.1002,0.7742
SPADES QUEEN HEARTS FOUR,0.4306,0.014,0.5554
SPADES KING HEARTS TEN,0.3612,0.0074,0.6314
SPADES QUEEN HEARTS THREE,0.442,0.0108,0.5472
SPADES SIX DIAMONDS QUEEN,0.2912,0.0474,0.6614
DIAMONDS QUEEN DIAMONDS SIX,0.2798,0.0408,0.6794
DIAMONDS ACE SPADES THREE,0.4208,0.005,0.5742
CLUBS SIX DIAMONDS QUEEN,0.288,0.048,0.664
CLUBS NINE SPADES SEVEN,0.2574,0.1032,0.6394
SPADES NINE CLUBS THREE,0.432,0.0396,0.5284
DIAMONDS QUEEN SPADES TWO,0.429,0.0094,0.5616
DIAMONDS TWO SPADES FIVE,0.589,0.0888,0.3222
CLUBS EIGHT SPADES THREE,0.4402,0.0628,0.497
HEARTS FIVE SPADES EIGHT,0.4054,0.0636,0.531
CLUBS EIGHT HEARTS THREE,0.4316,0.0628,0.5056
CLUBS JACK DIAMONDS TEN,0.3572,0.0152,0.6276
DIAMONDS TEN HEARTS JACK,0.3388,0.0164,0.6448
DIAMONDS FIVE CLUBS QUEEN,0.4336,0.0136,0.5528
CLUBS SEVEN HEARTS TWO,0.415,0.3724,0.2126
SPADES ACE CLUBS TEN,0.3648,0.0042,0.631
HEARTS FOUR SPADES TEN,0.4294,0.0288,0.5418
CLUBS NINE CLUBS KING,0.3406,0.0052,0.6542
HEARTS THREE SPADES FIVE,0.5882,0.0978,0.314
CLUBS SIX DIAMONDS TEN,0.2714,0.0768,0.6518
HEARTS THREE CLUBS TWO,0.581,0.1026,0.3164
SPADES TEN CLUBS QUEEN,0.3716,0.0082,0.6202
HEARTS EIGHT HEARTS QUEEN,0.3626,0.015,0.6224
CLUBS ACE HEARTS TEN,0.366,0.0034,0.6306
CLUBS TWO DIAMONDS FOUR,0.5836,0.0944,0.322
SPADES TEN SPADES THREE,0.4018,0.0286,0.5696
SPADES FOUR DIAMONDS FIVE,0.5646,0.0954,0.34
HEARTS EIGHT CLUBS THREE,0.433,0.0728,0.4942
CLUBS TEN CLUBS QUEEN,0.3344,0.0088,0.6568
HEARTS ACE DIAMONDS FOUR,0.411,0.0056,0.5834
HEARTS SEVEN DIAMONDS QUEEN,0.2872,0.0424,0.6704
SPADES NINE DIAMONDS NINE,0.1656,0.0706,0.7638
HEARTS FIVE SPADES SEVEN,0.4016,0.3844,0.214
CLUBS TWO SPADES TWO,0.3984,0.1012,0.5004
DIAMONDS THREE CLUBS FIVE,0.5828,0.0914,0.3258
SPADES FIVE SPADES TWO,0.5444,0.0932,0.3624
SPADES FIVE HEARTS ACE,0.418,0.004,0.578
CLUBS SIX SPADES FIVE,0.5664,0.1958,0.2378
DIAMONDS ACE SPADES FOUR,0.4042,0.0042,0.5916
HEARTS TWO CLUBS ACE,0.423,0.0052,0.5718
CLUBS SEVEN HEARTS ACE,0.2842,0.0236,0.6922
SPADES ACE DIAMONDS KING,0.378,0.0044,0.6176
DIAMONDS KING SPADES FIVE,0.4342,0.0074,0.5584
CLUBS NINE DIAMONDS KING,0.37,0.0076,0.6224
HEARTS SEVEN CLUBS NINE,0.2594,0.1038,0.6368
HEARTS FIVE CLUBS FOUR,0.5658,0.0976,0.3366
CLUBS SEVEN DIAMONDS TEN,0.2638,0.0792,0.657
HEARTS THREE SPADES EIGHT,0.4416,0.0626,0.4958
SPADES JACK HEARTS KING,0.368,0.0046,0.6274
HEARTS FOUR CLUBS QUEEN,0.4288,0.0106,0.5606
CLUBS NINE SPADES EIGHT,0.3454,0.041,0.6136
CLUBS JACK SPADES SEVEN,0.2748,0.0558,0.6694
HEARTS EIGHT SPADES TWO,0.43,0.0654,0.5046
DIAMONDS QUEEN DIAMONDS TEN,0.339,0.0116,0.6494
CLUBS TWO CLUBS ACE,0.4,0.0032,0.5968
SPADES KING CLUBS NINE,0.3824,0.008,0.6096
SPADES TWO HEARTS QUEEN,0.4338,0.0106,0.5556
CLUBS TWO DIAMONDS SIX,0.5936,0.1992,0.2072
CLUBS NINE HEARTS TEN,0.3492,0.025,0.6258
SPADES TEN HEARTS QUEEN,0.3632,0.009,0.6278
DIAMONDS THREE CLUBS ACE,0.4398,0.006,0.5542
SPADES TEN CLUBS FOUR,0.4502,0.031,0.5188
HEARTS FIVE DIAMONDS EIGHT,0.3968,0.0648,0.5384
HEARTS TWO DIAMONDS TEN,0.4428,0.027,0.5302
CLUBS SIX DIAMONDS NINE,0.2662,0.1038,0.63
CLUBS SIX DIAMONDS SIX,0.2918,0.0846,0.6236
DIAMONDS TWO DIAMONDS TEN,0.4216,0.0306,0.5478
SPADES QUEEN CLUBS FOUR,0.4238,0.0146,0.5616
SPADES SEVEN DIAMONDS KING,0.2906,0.0354,0.674
SPADES JACK SPADES NINE,0.3408,0.018,0.6412
CLUBS SEVEN SPADES EIGHT,0.2498,0.1392,0.611
SPADES QUEEN DIAMONDS SIX,0.2814,0.042,0.6766
SPADES JACK HEARTS TWO,0.4378,0.018,0.5442
CLUBS TWO DIAMONDS TEN,0.4274,0.026,0.5466
DIAMONDS ACE CLUBS FOUR,0.416,0.0036,0.5804
SPADES EIGHT DIAMONDS JACK,0.3692,0.022,0.6088
SPADES JACK HEARTS QUEEN,0.353,0.0102,0.6368
CLUBS FOUR DIAMONDS NINE,0.4266,0.044,0.5294
SPADES NINE CLUBS FOUR,0.4204,0.0418,0.5378
CLUBS FIVE HEARTS NINE,0.398,0.049,0.553
HEARTS THREE CLUBS FOUR,0.574,0.103,0.323
DIAMONDS TWO HEARTS FOUR,0.5864,0.0954,0.3182
CLUBS JACK SPADES FOUR,0.4174,0.0196,0.563
DIAMONDS TEN SPADES TWO,0.4392,0.0264,0.5344
HEARTS EIGHT CLUBS QUEEN,0.3722,0.011,0.6168
SPADES TEN CLUBS KING,0.371,0.0042,0.6248
CLUBS FIVE CLUBS QUEEN,0.3956,0.011,0.5934
CLUBS TEN HEARTS KING,0.3638,0.0072,0.629
HEARTS FIVE DIAMONDS TEN,0.4186,0.0296,0.5518
CLUBS TWO SPADES THREE,0.5804,0.0978,0.3218
CLUBS TEN CLUBS THREE,0.4042,0.0244,0.5714
CLUBS NINE HEARTS QUEEN,0.3614,0.0104,0.6282
SPADES ACE CLUBS SIX,0.2976,0.0224,0.68
DIAMONDS QUEEN HEARTS NINE,0.3648,0.0116,0.6236
DIAMONDS QUEEN HEARTS TEN,0.3606,0.0114,0.628
CLUBS FIVE HEARTS QUEEN,0.4082,0.0114,0.5804
HEARTS QUEEN HEARTS NINE,0.3354,0.0104,0.6542
CLUBS JACK HEARTS TWO,0.4386,0.0182,0.5432
DIAMONDS THREE HEARTS FOUR,0.5868,0.0906,0.3226
HEARTS EIGHT DIAMONDS JACK,0.3418,0.0158,0.6424
SPADES SEVEN HEARTS ACE,0.2854,0.0288,0.6858
CLUBS SEVEN SPADES SIX,0.0236,0.9566,0.0198
SPADES SEVEN DIAMONDS NINE,0.2604,0.1032,0.6364
SPADES KING CLUBS FOUR,0.4334,0.0078,0.5588
SPADES KING HEARTS SEVEN,0.2772,0.038,0.6848
DIAMONDS ACE CLUBS TWO,0.4132,0.0052,0.5816
DIAMONDS EIGHT CLUBS KING,0.3724,0.0086,0.619
SPADES JACK SPADES THREE,0.405,0.0146,0.5804
DIAMONDS TWO DIAMONDS KING,0.4218,0.0084,0.5698
CLUBS EIGHT HEARTS JACK,0.3584,0.0162,0.6254
SPADES ACE SPADES QUEEN,0.3434,0.0034,0.6532
SPADES ACE SPADES JACK,0.3498,0.004,0.6462
DIAMONDS KING HEARTS ACE,0.3602,0.0038,0.636
HEARTS EIGHT DIAMONDS TEN,0.3472,0.028,0.6248
DIAMONDS EIGHT HEARTS TEN,0.3462,0.0228,0.631
SPADES FOUR HEARTS QUEEN,0.4214,0.011,0.5676
CLUBS JACK CLUBS KING,0.3582,0.0048,0.637
HEARTS TWO CLUBS THREE,0.5914,0.0916,0.317
DIAMONDS THREE HEARTS TEN,0.4304,0.0308,0.5388
DIAMONDS THREE CLUBS KING,0.4478,0.0074,0.5448
DIAMONDS TEN DIAMONDS SIX,0.2674,0.0756,0.657
HEARTS TWO HEARTS NINE,0.417,0.0444,0.5386
SPADES QUEEN CLUBS EIGHT,0.3664,0.0106,0.623
HEARTS FOUR SPADES EIGHT,0.4248,0.0614,0.5138
CLUBS FIVE CLUBS FOUR,0.5232,0.0938,0.383
SPADES EIGHT SPADES THREE,0.413,0.0578,0.5292
HEARTS QUEEN CLUBS ACE,0.361,0.0036,0.6354
DIAMONDS NINE CLUBS ACE,0.3712,0.0042,0.6246
DIAMONDS JACK SPADES THREE,0.418,0.0212,0.5608
SPADES JACK DIAMONDS SIX,0.3008,0.0564,0.6428
DIAMONDS TWO DIAMONDS ACE,0.4024,0.0052,0.5924
HEARTS TEN CLUBS QUEEN,0.3562,0.011,0.6328
CLUBS THREE HEARTS NINE,0.429,0.0428,0.5282
SPADES SEVEN CLUBS THREE,0.4084,0.3624,0.2292
HEARTS TWO DIAMONDS FOUR,0.5864,0.0982,0.3154
HEARTS THREE CLUBS ACE,0.4318,0.0034,0.5648
HEARTS KING HEARTS QUEEN,0.354,0.007,0.639
SPADES TWO CLUBS ACE,0.4126,0.004,0.5834
CLUBS EIGHT DIAMONDS EIGHT,0.1574,0.0764,0.7662
HEARTS SEVEN HEARTS TEN,0.2462,0.0844,0.6694
CLUBS THREE HEARTS ACE,0.417,0.0042,0.5788
HEARTS ACE HEARTS NINE,0.3482,0.0028,0.649
CLUBS TEN HEARTS SEVEN,0.2592,0.079,0.6618
DIAMONDS THREE SPADES TWO,0.5776,0.1008,0.3216
HEARTS FIVE SPADES NINE,0.422,0.0468,0.5312
DIAMONDS QUEEN HEARTS ACE,0.3636,0.0052,0.6312
DIAMONDS THREE SPADES JACK,0.4464,0.0184,0.5352
HEARTS SEVEN SPADES TWO,0.4012,0.3762,0.2226
SPADES SEVEN CLUBS TWO,0.4224,0.3652,0.2124
DIAMONDS EIGHT CLUBS ACE,0.3686,0.0034,0.628
CLUBS TEN SPADES NINE,0.3634,0.0224,0.6142
DIAMONDS TWO CLUBS EIGHT,0.4342,0.0688,0.497
SPADES QUEEN DIAMONDS ACE,0.3756,0.0056,0.6188
SPADES THREE DIAMONDS FOUR,0.5692,0.1046,0.3262
DIAMONDS TEN HEARTS TEN,0.1746,0.055,0.7704
CLUBS TEN SPADES THREE,0.427,0.0284,0.5446
SPADES FIVE CLUBS QUEEN,0.424,0.0102,0.5658
SPADES FOUR HEARTS JACK,0.422,0.0168,0.5612
CLUBS TEN HEARTS TEN,0.1808,0.0566,0.7626
DIAMONDS JACK HEARTS ACE,0.3588,0.0056,0.6356
HEARTS SEVEN DIAMONDS NINE,0.2396,0.114,0.6464
SPADES JACK CLUBS ACE,0.3746,0.0024,0.623
CLUBS JACK CLUBS SEVEN,0.2544,0.0572,0.6884
SPADES JACK CLUBS THREE,0.4352,0.0158,0.549
SPADES KING DIAMONDS ACE,0.3836,0.003,0.6134
DIAMONDS TWO SPADES FOUR,0.5934,0.095,0.3116
SPADES SEVEN HEARTS QUEEN,0.2946,0.0448,0.6606
CLUBS TWO DIAMONDS JACK,0.427,0.021,0.552
SPADES QUEEN SPADES TEN,0.3516,0.0114,0.637
DIAMONDS EIGHT HEARTS NINE,0.3364,0.0408,0.6228
HEARTS SEVEN HEARTS FOUR,0.388,0.3582,0.2538
CLUBS THREE CLUBS TWO,0.548,0.0962,0.3558
CLUBS TWO HEARTS NINE,0.4242,0.0442,0.5316
HEARTS EIGHT SPADES TEN,0.3504,0.0272,0.6224
SPADES TEN SPADES SIX,0.2658,0.0716,0.6626
DIAMONDS KING CLUBS KING,0.187,0.019,0.794
HEARTS SEVEN HEARTS KING,0.28,0.0366,0.6834
DIAMONDS TEN CLUBS ACE,0.3648,0.0048,0.6304
CLUBS EIGHT CLUBS QUEEN,0.3424,0.0116,0.646
DIAMONDS TWO SPADES EIGHT,0.4384,0.062,0.4996
HEARTS SEVEN CLUBS TWO,0.407,0.3806,0.2124
HEARTS FIVE HEARTS TEN,0.3974,0.0274,0.5752
DIAMONDS QUEEN DIAMONDS JACK,0.3412,0.0088,0.65
DIAMONDS THREE SPADES THREE,0.4214,0.0984,0.4802
HEARTS KING CLUBS KING,0.1838,0.0174,0.7988
DIAMONDS TWO CLUBS FOUR,0.5904,0.0892,0.3204
CLUBS SEVEN DIAMONDS FIVE,0.406,0.3726,0.2214
SPADES JACK SPADES SEVEN,0.2496,0.0556,0.6948
SPADES SEVEN DIAMONDS FIVE,0.401,0.383,0.216
DIAMONDS KING CLUBS QUEEN,0.3676,0.0042,0.6282
HEARTS EIGHT SPADES THREE,0.4292,0.0624,0.5084
SPADES KING HEARTS TWO,0.443,0.009,0.548
HEARTS FIVE CLUBS FIVE,0.3718,0.1126,0.5156
HEARTS SEVEN CLUBS THREE,0.4034,0.3764,0.2202
SPADES JACK DIAMONDS JACK,0.1858,0.0484,0.7658
SPADES JACK DIAMONDS ACE,0.3628,0.0048,0.6324
DIAMONDS NINE HEARTS NINE,0.1562,0.0698,0.774
SPADES ACE CLUBS SEVEN,0.2868,0.026,0.6872
SPADES TWO HEARTS NINE,0.4302,0.0434,0.5264
SPADES KING DIAMONDS NINE,0.3634,0.0046,0.632
SPADES JACK DIAMONDS TEN,0.3406,0.013,0.6464
CLUBS FIVE CLUBS THREE,0.5542,0.0848,0.361
HEARTS EIGHT CLUBS SIX,0.242,0.1454,0.6126
DIAMONDS TWO DIAMONDS FIVE,0.5734,0.0904,0.3362
CLUBS SIX HEARTS TWO,0.5942,0.2062,0.1996
SPADES ACE SPADES SIX,0.2828,0.0248,0.6924
CLUBS NINE CLUBS TWO,0.412,0.0396,0.5484
SPADES FIVE HEARTS NINE,0.4072,0.0416,0.5512
CLUBS SEVEN DIAMONDS NINE,0.2566,0.11,0.6334
HEARTS TWO DIAMONDS SIX,0.608,0.207,0.185
SPADES TEN DIAMONDS TEN,0.1846,0.0518,0.7636
HEARTS TWO SPADES THREE,0.5894,0.094,0.3166
SPADES QUEEN SPADES FIVE,0.395,0.0096,0.5954
SPADES QUEEN CLUBS FIVE,0.4118,0.0142,0.574
CLUBS EIGHT HEARTS TWO,0.4412,0.0644,0.4944
CLUBS NINE DIAMONDS TEN,0.353,0.0224,0.6246
DIAMONDS KING SPADES SIX,0.2804,0.0342,0.6854
CLUBS TEN DIAMONDS QUEEN,0.3544,0.0096,0.636
HEARTS KING CLUBS ACE,0.3576,0.0034,0.639
HEARTS ACE DIAMONDS TEN,0.3528,0.0058,0.6414
DIAMONDS TEN DIAMONDS EIGHT,0.3476,0.0226,0.6298
SPADES EIGHT CLUBS ACE,0.3706,0.0022,0.6272
SPADES KING HEARTS ACE,0.3628,0.0052,0.632
HEARTS THREE SPADES SIX,0.5702,0.1946,0.2352
SPADES QUEEN DIAMONDS NINE,0.3604,0.01,0.6296
CLUBS TEN HEARTS THREE,0.4292,0.0278,0.543
CLUBS THREE DIAMONDS JACK,0.4328,0.0194,0.5478
SPADES QUEEN CLUBS TWO,0.4528,0.0136,0.5336
CLUBS SIX DIAMONDS EIGHT,0.2574,0.1464,0.5962
CLUBS TEN DIAMONDS NINE,0.3426,0.0252,0.6322
SPADES JACK DIAMONDS KING,0.3632,0.0056,0.6312
SPADES KING SPADES JACK,0.3596,0.0056,0.6348
SPADES FOUR DIAMONDS FOUR,0.396,0.1158,0.4882
CLUBS EIGHT CLUBS FOUR,0.3956,0.0622,0.5422
CLUBS TEN CLUBS KING,0.3388,0.0056,0.6556
CLUBS JACK DIAMONDS THREE,0.431,0.0186,0.5504
HEARTS FOUR HEARTS JACK,0.4126,0.0164,0.571
CLUBS EIGHT DIAMONDS KING,0.3702,0.0094,0.6204
DIAMONDS KING DIAMONDS TEN,0.3458,0.0054,0.6488
SPADES QUEEN HEARTS JACK,0.3498,0.0096,0.6406
SPADES EIGHT SPADES FIVE,0.381,0.0514,0.5676
CLUBS TEN CLUBS SIX,0.263,0.0722,0.6648
SPADES ACE CLUBS JACK,0.3716,0.003,0.6254
SPADES FIVE DIAMONDS NINE,0.4186,0.0468,0.5346
SPADES TEN HEARTS THREE,0.4324,0.0294,0.5382
DIAMONDS THREE HEARTS THREE,0.3994,0.1078,0.4928
SPADES KING HEARTS THREE,0.4436,0.0046,0.5518
SPADES KING DIAMONDS FIVE,0.4368,0.0092,0.554
CLUBS EIGHT SPADES NINE,0.3376,0.0368,0.6256
DIAMONDS NINE CLUBS KING,0.3766,0.0066,0.6168
SPADES ACE DIAMONDS ACE,0.1696,0.003,0.8274
CLUBS FOUR SPADES FOUR,0.3678,0.113,0.5192
CLUBS JACK HEARTS SEVEN,0.263,0.0672,0.6698
SPADES SIX DIAMONDS EIGHT,0.2424,0.1422,0.6154
HEARTS FIVE HEARTS JACK,0.4006,0.015,0.5844
DIAMONDS THREE HEARTS SEVEN,0.414,0.3812,0.2048
SPADES ACE DIAMONDS FOUR,0.4242,0.0044,0.5714
SPADES ACE CLUBS EIGHT,0.3774,0.0036,0.619
SPADES NINE CLUBS FIVE,0.4012,0.0464,0.5524
CLUBS FIVE DIAMONDS SIX,0.5664,0.1952,0.2384
SPADES FIVE DIAMONDS FOUR,0.5656,0.0992,0.3352
SPADES QUEEN SPADES SEVEN,0.2676,0.0448,0.6876
SPADES EIGHT SPADES SEVEN,0.2392,0.1304,0.6304
HEARTS FIVE DIAMONDS ACE,0.4168,0.0062,0.577
SPADES QUEEN SPADES SIX,0.2748,0.0442,0.681
HEARTS FIVE CLUBS SIX,0.5574,0.1966,0.246
DIAMONDS TWO HEARTS TEN,0.4322,0.0278,0.54
HEARTS SEVEN DIAMONDS TEN,0.256,0.0848,0.6592
CLUBS JACK HEARTS TEN,0.3438,0.0124,0.6438
SPADES NINE HEARTS KING,0.3794,0.0064,0.6142
HEARTS FIVE HEARTS TWO,0.5578,0.0908,0.3514
DIAMONDS EIGHT DIAMONDS SIX,0.243,0.1442,0.6128
SPADES KING SPADES SEVEN,0.2666,0.032,0.7014
CLUBS THREE CLUBS KING,0.4178,0.0086,0.5736
SPADES KING CLUBS SEVEN,0.2966,0.0346,0.6688
SPADES ACE SPADES EIGHT,0.3508,0.0036,0.6456
SPADES EIGHT DIAMONDS QUEEN,0.3754,0.0102,0.6144
SPADES KING DIAMONDS JACK,0.3612,0.0044,0.6344
SPADES JACK SPADES EIGHT,0.3526,0.0158,0.6316
SPADES SIX SPADES TWO,0.5612,0.189,0.2498
HEARTS SEVEN CLUBS EIGHT,0.236,0.14,0.624
HEARTS TWO CLUBS QUEEN,0.43,0.0116,0.5584
HEARTS SEVEN SPADES TEN,0.2584,0.078,0.6636
CLUBS SEVEN HEARTS QUEEN,0.2808,0.0444,0.6748
SPADES EIGHT DIAMONDS KING,0.371,0.0058,0.6232
SPADES KING DIAMONDS TEN,0.368,0.006,0.626
DIAMONDS QUEEN DIAMONDS FIVE,0.4118,0.0126,0.5756
HEARTS EIGHT CLUBS SEVEN,0.232,0.1464,0.6216
DIAMONDS THREE SPADES KING,0.4386,0.0082,0.5532
CLUBS TEN DIAMONDS TWO,0.4466,0.0288,0.5246
HEARTS QUEEN DIAMONDS EIGHT,0.3714,0.0098,0.6188
CLUBS FOUR DIAMONDS SIX,0.5642,0.2024,0.2334
HEARTS FOUR CLUBS TWO,0.5846,0.0994,0.316
SPADES SEVEN HEARTS TEN,0.2608,0.0824,0.6568
SPADES THREE CLUBS KING,0.4314,0.0056,0.563
HEARTS FOUR CLUBS ACE,0.4218,0.0056,0.5726
SPADES TEN DIAMONDS SIX,0.2844,0.0802,0.6354
HEARTS TWO HEARTS TEN,0.413,0.028,0.559
SPADES KING CLUBS ACE,0.3726,0.0026,0.6248
SPADES EIGHT SPADES SIX,0.2372,0.1292,0.6336
DIAMONDS KING HEARTS JACK,0.3596,0.007,0.6334
CLUBS NINE SPADES TWO,0.4382,0.043,0.5188
HEARTS FOUR HEARTS ACE,0.3994,0.0052,0.5954
HEARTS JACK DIAMONDS SIX,0.2928,0.0492,0.658
SPADES KING CLUBS THREE,0.4298,0.0074,0.5628
DIAMONDS FIVE HEARTS NINE,0.4194,0.0442,0.5364
HEARTS THREE DIAMONDS TEN,0.4384,0.0276,0.534
SPADES QUEEN CLUBS SIX,0.2926,0.0454,0.662
SPADES QUEEN SPADES TWO,0.4176,0.0088,0.5736
SPADES ACE SPADES TEN,0.3468,0.0028,0.6504
HEARTS EIGHT SPADES KING,0.367,0.0054,0.6276
CLUBS SEVEN CLUBS THREE,0.3876,0.3618,0.2506
SPADES EIGHT CLUBS QUEEN,0.3766,0.0092,0.6142
SPADES NINE SPADES FOUR,0.3968,0.0414,0.5618
HEARTS EIGHT DIAMONDS EIGHT,0.1442,0.0756,0.7802
HEARTS FOUR DIAMONDS TEN,0.424,0.0294,0.5466
DIAMONDS THREE CLUBS NINE,0.4298,0.0428,0.5274
HEARTS THREE SPADES TWO,0.5864,0.1,0.3136
DIAMONDS SIX HEARTS NINE,0.2676,0.0986,0.6338
SPADES TWO DIAMONDS FIVE,0.5938,0.0934,0.3128
DIAMONDS TWO HEARTS ACE,0.421,0.006,0.573
HEARTS FIVE DIAMONDS NINE,0.4184,0.0458,0.5358
HEARTS EIGHT SPADES JACK,0.362,0.0156,0.6224
HEARTS THREE HEARTS KING,0.404,0.0084,0.5876
SPADES FIVE DIAMONDS FIVE,0.3798,0.1074,0.5128
SPADES KING SPADES SIX,0.2756,0.0302,0.6942
SPADES KING HEARTS JACK,0.367,0.0072,0.6258
SPADES SEVEN HEARTS NINE,0.2518,0.1116,0.6366
DIAMONDS THREE HEARTS ACE,0.4182,0.0056,0.5762
CLUBS JACK SPADES JACK,0.1922,0.0416,0.7662
HEARTS KING DIAMONDS FIVE,0.4258,0.0094,0.5648
CLUBS NINE HEARTS JACK,0.3566,0.0158,0.6276
HEARTS FIVE DIAMONDS FIVE,0.3852,0.1078,0.507
HEARTS FIVE DIAMONDS QUEEN,0.4268,0.015,0.5582
CLUBS JACK DIAMONDS JACK,0.1858,0.0436,0.7706
HEARTS ACE CLUBS ACE,0.1826,0.0036,0.8138
HEARTS SEVEN SPADES FOUR,0.4024,0.3762,0.2214
CLUBS THREE HEARTS QUEEN,0.4416,0.0122,0.5462
CLUBS FIVE DIAMONDS QUEEN,0.411,0.0122,0.5768
SPADES FIVE CLUBS TWO,0.5806,0.0954,0.324
SPADES THREE SPADES TWO,0.5564,0.0866,0.357
CLUBS EIGHT HEARTS NINE,0.333,0.0428,0.6242
HEARTS SEVEN CLUBS SIX,0.009,0.9752,0.0158
DIAMONDS ACE HEARTS NINE,0.3616,0.0046,0.6338
CLUBS SIX SPADES SIX,0.2898,0.0822,0.628
HEARTS EIGHT SPADES NINE,0.321,0.0448,0.6342
SPADES FOUR CLUBS KING,0.4288,0.008,0.5632
SPADES SEVEN DIAMONDS TEN,0.2756,0.0852,0.6392
SPADES NINE DIAMONDS QUEEN,0.3604,0.0118,0.6278
CLUBS KING DIAMONDS FOUR,0.4268,0.0086,0.5646
CLUBS SEVEN SPADES SEVEN,0.132,0.1018,0.7662
DIAMONDS TWO CLUBS ACE,0.44,0.0046,0.5554
CLUBS SIX HEARTS QUEEN,0.2776,0.049,0.6734
CLUBS SIX CLUBS KING,0.2756,0.0348,0.6896
HEARTS EIGHT HEARTS THREE,0.4094,0.0646,0.526
SPADES QUEEN DIAMONDS TEN,0.371,0.009,0.62
CLUBS JACK HEARTS FIVE,0.4184,0.0186,0.563
SPADES SEVEN CLUBS QUEEN,0.3012,0.0458,0.653
HEARTS JACK HEARTS TEN,0.332,0.0152,0.6528
DIAMONDS THREE DIAMONDS FIVE,0.549,0.0912,0.3598
HEARTS ACE DIAMONDS NINE,0.3588,0.005,0.6362
CLUBS FIVE SPADES FOUR,0.5564,0.0982,0.3454
SPADES ACE DIAMONDS SIX,0.2898,0.0226,0.6876
HEARTS FOUR SPADES NINE,0.4314,0.0444,0.5242
SPADES JACK SPADES TEN,0.3352,0.0146,0.6502
DIAMONDS JACK HEARTS NINE,0.3386,0.0176,0.6438
HEARTS FIVE HEARTS ACE,0.4024,0.004,0.5936
CLUBS EIGHT CLUBS SEVEN,0.242,0.141,0.617
HEARTS EIGHT CLUBS TEN,0.3438,0.0234,0.6328
HEARTS EIGHT HEARTS TEN,0.3326,0.0264,0.641
HEARTS TWO DIAMONDS JACK,0.4372,0.0208,0.542
CLUBS SIX CLUBS QUEEN,0.2734,0.0442,0.6824
HEARTS THREE SPADES FOUR,0.5706,0.0984,0.331
CLUBS NINE SPADES FOUR,0.4324,0.0424,0.5252
SPADES EIGHT HEARTS KING,0.3714,0.0064,0.6222
CLUBS TEN DIAMONDS ACE,0.3704,0.0034,0.6262
CLUBS JACK CLUBS SIX,0.2886,0.0566,0.6548
CLUBS SEVEN SPADES NINE,0.2542,0.1052,0.6406
SPADES EIGHT HEARTS NINE,0.3306,0.0384,0.631
SPADES QUEEN CLUBS QUEEN,0.1834,0.0316,0.785
SPADES FOUR CLUBS ACE,0.4172,0.0042,0.5786
CLUBS SIX HEARTS KING,0.3,0.0326,0.6674
CLUBS FIVE SPADES SEVEN,0.3918,0.382,0.2262
HEARTS EIGHT SPADES EIGHT,0.152,0.0778,0.7702
CLUBS NINE DIAMONDS JACK,0.355,0.0164,0.6286
CLUBS FOUR DIAMONDS QUEEN,0.4258,0.0136,0.5606
HEARTS FOUR CLUBS SIX,0.5666,0.2006,0.2328
SPADES QUEEN DIAMONDS JACK,0.3384,0.0086,0.653
SPADES NINE HEARTS NINE,0.163,0.0734,0.7636
HEARTS EIGHT DIAMONDS THREE,0.4412,0.0678,0.491
HEARTS QUEEN CLUBS QUEEN,0.1818,0.0338,0.7844
SPADES KING CLUBS FIVE,0.42,0.0084,0.5716
SPADES JACK CLUBS KING,0.3618,0.0048,0.6334
HEARTS QUEEN DIAMONDS FOUR,0.4136,0.011,0.5754
CLUBS TEN SPADES SIX,0.298,0.0732,0.6288
CLUBS SEVEN HEARTS TEN,0.2702,0.0782,0.6516
DIAMONDS SIX CLUBS KING,0.307,0.0296,0.6634
CLUBS JACK HEARTS QUEEN,0.3398,0.0102,0.65
SPADES NINE HEARTS TWO,0.441,0.0474,0.5116
DIAMONDS QUEEN CLUBS QUEEN,0.1858,0.0278,0.7864
CLUBS FOUR HEARTS TEN,0.4198,0.0264,0.5538
DIAMONDS TEN DIAMONDS FIVE,0.404,0.0274,0.5686
SPADES ACE DIAMONDS TWO,0.4136,0.0046,0.5818
HEARTS FOUR SPADES FOUR,0.3886,0.1136,0.4978
CLUBS JACK SPADES QUEEN,0.3612,0.007,0.6318
CLUBS EIGHT SPADES TEN,0.3682,0.0236,0.6082
SPADES EIGHT CLUBS FIVE,0.4038,0.0664,0.5298
CLUBS FOUR SPADES SIX,0.5684,0.1888,0.2428
SPADES JACK CLUBS EIGHT,0.371,0.0132,0.6158
CLUBS NINE CLUBS QUEEN,0.346,0.0096,0.6444
CLUBS THREE DIAMONDS EIGHT,0.432,0.0636,0.5044
HEARTS THREE HEARTS QUEEN,0.4224,0.0134,0.5642
HEARTS THREE DIAMONDS JACK,0.4318,0.017,0.5512
SPADES ACE HEARTS SEVEN,0.2746,0.027,0.6984
SPADES KING DIAMONDS FOUR,0.4304,0.006,0.5636
DIAMONDS NINE HEARTS JACK,0.3476,0.0164,0.636
SPADES EIGHT CLUBS FOUR,0.4282,0.0634,0.5084
SPADES FIVE SPADES THREE,0.5302,0.0954,0.3744
HEARTS FOUR SPADES TWO,0.5748,0.1016,0.3236
DIAMONDS THREE CLUBS FOUR,0.5616,0.1014,0.337
SPADES QUEEN HEARTS KING,0.367,0.0052,0.6278
HEARTS THREE HEARTS ACE,0.3938,0.005,0.6012
CLUBS NINE CLUBS EIGHT,0.319,0.0352,0.6458
SPADES JACK HEARTS THREE,0.4162,0.0198,0.564
HEARTS EIGHT HEARTS KING,0.3458,0.0058,0.6484
SPADES EIGHT DIAMONDS SIX,0.258,0.1394,0.6026
HEARTS THREE SPADES THREE,0.3868,0.1142,0.499
DIAMONDS ACE DIAMONDS JACK,0.3378,0.0036,0.6586
CLUBS EIGHT SPADES EIGHT,0.157,0.0822,0.7608
SPADES NINE HEARTS JACK,0.3576,0.0172,0.6252
DIAMONDS ACE DIAMONDS FIVE,0.4118,0.0054,0.5828
SPADES NINE DIAMONDS FIVE,0.4124,0.0414,0.5462
DIAMONDS THREE HEARTS FIVE,0.5788,0.0942,0.327
HEARTS ACE HEARTS KING,0.3632,0.0042,0.6326
CLUBS SEVEN DIAMONDS QUEEN,0.283,0.0482,0.6688
DIAMONDS JACK HEARTS JACK,0.1714,0.0464,0.7822
SPADES NINE CLUBS KING,0.3732,0.008,0.6188
SPADES QUEEN DIAMONDS EIGHT,0.3804,0.0082,0.6114
CLUBS FOUR DIAMONDS FIVE,0.5652,0.0882,0.3466
HEARTS FOUR DIAMONDS QUEEN,0.4216,0.0152,0.5632
SPADES SIX SPADES FOUR,0.5308,0.1836,0.2856
CLUBS QUEEN DIAMONDS FOUR,0.4244,0.0124,0.5632
SPADES FIVE SPADES FOUR,0.532,0.0914,0.3766
DIAMONDS KING HEARTS NINE,0.3786,0.0068,0.6146
SPADES QUEEN DIAMONDS FIVE,0.4258,0.0118,0.5624
HEARTS TWO DIAMONDS EIGHT,0.4334,0.0714,0.4952
SPADES NINE CLUBS ACE,0.3798,0.0028,0.6174
DIAMONDS TWO SPADES SIX,0.602,0.1984,0.1996
CLUBS NINE SPADES NINE,0.1744,0.0644,0.7612
CLUBS EIGHT SPADES FOUR,0.4132,0.063,0.5238
DIAMONDS TWO CLUBS NINE,0.4424,0.045,0.5126
CLUBS JACK SPADES TWO,0.4282,0.0216,0.5502
CLUBS JACK DIAMONDS SIX,0.2982,0.0508,0.651
HEARTS THREE HEARTS TWO,0.553,0.0954,0.3516
HEARTS FOUR HEARTS TWO,0.5654,0.091,0.3436
DIAMONDS EIGHT DIAMONDS FOUR,0.3996,0.058,0.5424
HEARTS JACK CLUBS KING,0.3654,0.006,0.6286
SPADES KING CLUBS TWO,0.4392,0.0072,0.5536
HEARTS SEVEN CLUBS FIVE,0.386,0.3882,0.2258
SPADES KING HEARTS NINE,0.3784,0.0056,0.616
SPADES TEN SPADES TWO,0.4132,0.0268,0.56
DIAMONDS THREE DIAMONDS TWO,0.5482,0.0968,0.355
CLUBS NINE CLUBS SEVEN,0.2474,0.1048,0.6478
DIAMONDS SIX CLUBS QUEEN,0.293,0.0442,0.6628
CLUBS NINE HEARTS THREE,0.4286,0.0414,0.53
SPADES JACK CLUBS TWO,0.4356,0.0184,0.546
CLUBS SEVEN SPADES THREE,0.4112,0.3702,0.2186
HEARTS FIVE CLUBS TWO,0.5838,0.1012,0.315
CLUBS SEVEN DIAMONDS EIGHT,0.232,0.1424,0.6256
SPADES FOUR SPADES THREE,0.5344,0.091,0.3746
HEARTS THREE CLUBS SIX,0.5668,0.198,0.2352
HEARTS FIVE SPADES SIX,0.562,0.1996,0.2384
HEARTS SEVEN HEARTS QUEEN,0.2862,0.0496,0.6642
HEARTS JACK DIAMONDS FOUR,0.4268,0.021,0.5522
CLUBS EIGHT SPADES TWO,0.4308,0.0668,0.5024
HEARTS TWO CLUBS FOUR,0.5908,0.0952,0.314
CLUBS SIX SPADES FOUR,0.5684,0.187,0.2446
SPADES TEN DIAMONDS FIVE,0.4308,0.0274,0.5418
SPADES SEVEN DIAMONDS FOUR,0.4256,0.3648,0.2096
SPADES NINE SPADES SEVEN,0.2448,0.1044,0.6508
HEARTS THREE HEARTS JACK,0.4042,0.0182,0.5776
DIAMONDS KING SPADES THREE,0.4436,0.0086,0.5478
DIAMONDS SIX DIAMONDS FOUR,0.5414,0.1936,0.265
SPADES JACK SPADES TWO,0.4114,0.0184,0.5702
HEARTS FIVE CLUBS KING,0.4218,0.0074,0.5708
CLUBS THREE DIAMONDS FIVE,0.5832,0.0938,0.323
SPADES ACE CLUBS KING,0.372,0.0022,0.6258
HEARTS SEVEN HEARTS TWO,0.3976,0.3656,0.2368
HEARTS FOUR CLUBS KING,0.436,0.0088,0.5552
HEARTS TWO DIAMONDS ACE,0.4244,0.0054,0.5702
SPADES NINE HEARTS TEN,0.339,0.0244,0.6366
SPADES ACE SPADES TWO,0.3954,0.0038,0.6008
CLUBS FIVE CLUBS KING,0.4034,0.0076,0.589
CLUBS NINE SPADES TEN,0.3436,0.0226,0.6338
SPADES KING HEARTS FOUR,0.4298,0.0072,0.563
HEARTS EIGHT SPADES QUEEN,0.3666,0.013,0.6204
CLUBS SIX CLUBS TWO,0.5694,0.1772,0.2534
SPADES JACK HEARTS ACE,0.3688,0.0026,0.6286
DIAMONDS THREE SPADES SIX,0.5628,0.203,0.2342
DIAMONDS TWO SPADES TEN,0.4332,0.0272,0.5396
DIAMONDS KING DIAMONDS JACK,0.3438,0.0076,0.6486
CLUBS SEVEN CLUBS SIX,0.0228,0.906,0.0712
DIAMONDS ACE DIAMONDS QUEEN,0.3542,0.0046,0.6412
DIAMONDS THREE CLUBS SEVEN,0.4124,0.3802,0.2074
CLUBS THREE SPADES THREE,0.404,0.111,0.485
SPADES TWO CLUBS KING,0.4372,0.01,0.5528
SPADES SEVEN HEARTS JACK,0.2654,0.0626,0.672
CLUBS NINE SPADES JACK,0.3664,0.015,0.6186
HEARTS THREE CLUBS QUEEN,0.4452,0.011,0.5438
HEARTS FOUR HEARTS NINE,0.406,0.0416,0.5524
SPADES FOUR CLUBS QUEEN,0.416,0.011,0.573
DIAMONDS JACK DIAMONDS FOUR,0.4034,0.0186,0.578
SPADES SIX DIAMONDS JACK,0.2896,0.0518,0.6586
SPADES FOUR DIAMONDS NINE,0.436,0.0398,0.5242
CLUBS SIX SPADES EIGHT,0.2528,0.142,0.6052
HEARTS KING DIAMONDS SIX,0.2908,0.035,0.6742
CLUBS EIGHT HEARTS TEN,0.3626,0.0224,0.615
SPADES EIGHT SPADES FOUR,0.3956,0.0608,0.5436
SPADES TEN CLUBS ACE,0.3734,0.003,0.6236
HEARTS SEVEN DIAMONDS SIX,0.007,0.9862,0.0068
SPADES TEN CLUBS TWO,0.448,0.0288,0.5232
CLUBS JACK SPADES EIGHT,0.3668,0.0156,0.6176
CLUBS SIX CLUBS FIVE,0.5344,0.1832,0.2824
DIAMONDS TWO CLUBS KING,0.452,0.01,0.538
SPADES FIVE CLUBS ACE,0.4168,0.003,0.5802
CLUBS FOUR DIAMONDS EIGHT,0.4158,0.0664,0.5178
SPADES SEVEN CLUBS FOUR,0.4112,0.3594,0.2294
CLUBS JACK DIAMONDS ACE,0.359,0.003,0.638
SPADES JACK CLUBS FIVE,0.4238,0.0198,0.5564
SPADES KING SPADES QUEEN,0.3466,0.0056,0.6478
SPADES TEN DIAMONDS JACK,0.3338,0.016,0.6502
SPADES ACE DIAMONDS QUEEN,0.3752,0.005,0.6198
SPADES FIVE DIAMONDS TEN,0.4226,0.0266,0.5508
CLUBS TEN CLUBS FOUR,0.4098,0.0242,0.566
SPADES ACE DIAMONDS NINE,0.3614,0.0052,0.6334
SPADES QUEEN CLUBS KING,0.3712,0.0036,0.6252
SPADES EIGHT CLUBS TWO,0.4384,0.0608,0.5008
DIAMONDS NINE DIAMONDS FOUR,0.4116,0.0372,0.5512
CLUBS SIX DIAMONDS KING,0.2896,0.036,0.6744
CLUBS TWO HEARTS QUEEN,0.4286,0.0122,0.5592
SPADES ACE SPADES FOUR,0.3954,0.0032,0.6014
SPADES KING HEARTS KING,0.1862,0.0158,0.798
SPADES ACE HEARTS FIVE,0.4152,0.0056,0.5792
DIAMONDS TWO DIAMONDS FOUR,0.5454,0.0908,0.3638
HEARTS TWO HEARTS KING,0.4314,0.0084,0.5602
SPADES SIX HEARTS JACK,0.285,0.0524,0.6626
CLUBS FOUR CLUBS KING,0.3978,0.011,0.5912
SPADES SIX SPADES THREE,0.5292,0.1868,0.284
HEARTS EIGHT DIAMONDS QUEEN,0.3644,0.0132,0.6224
CLUBS JACK HEARTS THREE,0.434,0.0192,0.5468
CLUBS FIVE DIAMONDS JACK,0.4114,0.0202,0.5684
CLUBS EIGHT HEARTS QUEEN,0.3652,0.0116,0.6232
HEARTS TWO CLUBS KING,0.4428,0.0078,0.5494
CLUBS ACE HEARTS NINE,0.3672,0.0026,0.6302
DIAMONDS ACE CLUBS ACE,0.185,0.0024,0.8126
CLUBS FOUR DIAMONDS KING,0.4334,0.0092,0.5574
SPADES KING SPADES FIVE,0.3916,0.0098,0.5986
HEARTS SEVEN DIAMONDS KING,0.2772,0.0354,0.6874
CLUBS TWO SPADES FOUR,0.5846,0.0938,0.3216
DIAMONDS TWO CLUBS SEVEN,0.4158,0.372,0.2122
CLUBS FIVE HEARTS JACK,0.414,0.0186,0.5674
SPADES KING CLUBS TEN,0.382,0.0052,0.6128
CLUBS TEN HEARTS NINE,0.3404,0.0236,0.636
HEARTS TWO HEARTS QUEEN,0.4206,0.0118,0.5676
CLUBS EIGHT DIAMONDS ACE,0.3734,0.0048,0.6218
CLUBS JACK SPADES SIX,0.2972,0.0536,0.6492
SPADES SIX CLUBS THREE,0.5772,0.1888,0.234
SPADES THREE HEARTS QUEEN,0.429,0.011,0.56
HEARTS FOUR CLUBS SEVEN,0.3922,0.3784,0.2294
SPADES ACE HEARTS TEN,0.3716,0.0034,0.625
SPADES ACE CLUBS ACE,0.1754,0.0012,0.8234
SPADES ACE HEARTS TWO,0.423,0.005,0.572
SPADES NINE CLUBS SIX,0.278,0.0998,0.6222
CLUBS NINE DIAMONDS SIX,0.2802,0.1064,0.6134
HEARTS KING DIAMONDS FOUR,0.4372,0.0074,0.5554
SPADES NINE DIAMONDS SIX,0.2608,0.1004,0.6388
CLUBS TEN SPADES FIVE,0.4198,0.0266,0.5536
SPADES TEN SPADES FIVE,0.3928,0.024,0.5832
SPADES FOUR HEARTS KING,0.4252,0.0082,0.5666
SPADES QUEEN SPADES FOUR,0.3962,0.0118,0.592
SPADES TEN HEARTS TWO,0.436,0.0324,0.5316
SPADES KING DIAMONDS QUEEN,0.3666,0.007,0.6264
SPADES ACE SPADES NINE,0.3454,0.0034,0.6512
CLUBS FIVE DIAMONDS FOUR,0.5674,0.0946,0.338
CLUBS THREE DIAMONDS QUEEN,0.422,0.0124,0.5656
CLUBS JACK CLUBS FIVE,0.3886,0.0158,0.5956
HEARTS TWO HEARTS JACK,0.422,0.0176,0.5604
CLUBS EIGHT DIAMONDS JACK,0.3566,0.018,0.6254
HEARTS QUEEN HEARTS TEN,0.3362,0.0112,0.6526
CLUBS JACK HEARTS JACK,0.1744,0.0412,0.7844
SPADES ACE HEARTS NINE,0.3614,0.0056,0.633
HEARTS EIGHT DIAMONDS FIVE,0.4034,0.062,0.5346
CLUBS NINE SPADES THREE,0.4212,0.04,0.5388
CLUBS NINE DIAMONDS NINE,0.162,0.0706,0.7674
CLUBS NINE CLUBS FIVE,0.389,0.039,0.572
HEARTS EIGHT CLUBS ACE,0.3658,0.003,0.6312
HEARTS FOUR CLUBS THREE,0.5834,0.0922,0.3244
DIAMONDS KING HEARTS KING,0.1796,0.0194,0.801
SPADES ACE SPADES SEVEN,0.2638,0.0238,0.7124
CLUBS JACK HEARTS FOUR,0.4278,0.019,0.5532
SPADES QUEEN HEARTS NINE,0.3526,0.0098,0.6376
HEARTS FOUR SPADES SIX,0.5718,0.1944,0.2338
CLUBS SIX HEARTS TEN,0.2762,0.076,0.6478
SPADES ACE CLUBS NINE,0.3786,0.004,0.6174
DIAMONDS THREE DIAMONDS FOUR,0.5466,0.0944,0.359
CLUBS TEN SPADES SEVEN,0.27,0.076,0.654
CLUBS FIVE DIAMONDS NINE,0.403,0.042,0.555
