opposingHand,winningChance,drawChance,lostChance
HEARTS EIGHT DIAMONDS TEN
CLUBS KING HEARTS NINE,0.3752,0.0074,0.6174
SPADES THREE SPADES TWO,0.5934,0.0286,0.378
DIAMONDS TWO CLUBS TWO,0.45,0.0494,0.5006
HEARTS SEVEN SPADES EIGHT,0.6762,0.0714,0.2524
CLUBS SEVEN HEARTS KING,0.4074,0.0064,0.5862
HEARTS FIVE DIAMONDS JACK,0.4214,0.0232,0.5554
CLUBS TEN CLUBS FOUR,0.5088,0.2188,0.2724
CLUBS FIVE DIAMONDS JACK,0.4244,0.0164,0.5592
CLUBS TEN CLUBS FIVE,0.5138,0.2078,0.2784
SPADES FIVE DIAMONDS SEVEN,0.6326,0.0284,0.339
CLUBS SIX HEARTS TWO,0.6556,0.0284,0.316
SPADES QUEEN SPADES SEVEN,0.3942,0.0108,0.595
DIAMONDS THREE CLUBS QUEEN,0.4292,0.011,0.5598
SPADES SIX SPADES TWO,0.6022,0.0252,0.3726
DIAMONDS TWO SPADES JACK,0.4502,0.0202,0.5296
SPADES KING CLUBS ACE,0.36,0.0034,0.6366
SPADES SEVEN DIAMONDS SIX,0.6246,0.025,0.3504
CLUBS SIX SPADES FIVE,0.6112,0.0244,0.3644
HEARTS FIVE CLUBS FIVE,0.4456,0.0494,0.505
CLUBS SEVEN DIAMONDS KING,0.4022,0.0084,0.5894
HEARTS FOUR SPADES TEN,0.5552,0.2202,0.2246
SPADES FIVE SPADES TWO,0.5782,0.0266,0.3952
CLUBS THREE DIAMONDS NINE,0.6466,0.0276,0.3258
HEARTS THREE SPADES SIX,0.635,0.0284,0.3366
CLUBS EIGHT DIAMONDS QUEEN,0.252,0.0366,0.7114
HEARTS TWO DIAMONDS SEVEN,0.6774,0.0266,0.296
HEARTS QUEEN HEARTS NINE,0.36,0.008,0.632
DIAMONDS QUEEN HEARTS NINE,0.3644,0.0088,0.6268
CLUBS TEN DIAMONDS EIGHT,0.0176,0.9734,0.009
CLUBS JACK HEARTS NINE,0.362,0.0168,0.6212
DIAMONDS THREE HEARTS QUEEN,0.4472,0.012,0.5408
DIAMONDS JACK DIAMONDS NINE,0.3288,0.0148,0.6564
HEARTS FIVE HEARTS FOUR,0.585,0.025,0.39
SPADES KING DIAMONDS NINE,0.3862,0.0098,0.604
SPADES ACE SPADES KING,0.3418,0.005,0.6532
SPADES EIGHT CLUBS FIVE,0.6822,0.0752,0.2426
SPADES FOUR HEARTS TEN,0.5566,0.218,0.2254
HEARTS SEVEN CLUBS SIX,0.6304,0.025,0.3446
SPADES QUEEN SPADES TEN,0.2364,0.0454,0.7182
CLUBS JACK DIAMONDS JACK,0.1594,0.0216,0.819
HEARTS FOUR CLUBS FIVE,0.6122,0.025,0.3628
HEARTS SIX CLUBS SEVEN,0.635,0.0228,0.3422
CLUBS FIVE HEARTS KING,0.4332,0.0064,0.5604
HEARTS FIVE DIAMONDS FIVE,0.4434,0.055,0.5016
SPADES FOUR DIAMONDS NINE,0.6408,0.0248,0.3344
HEARTS SEVEN CLUBS KING,0.419,0.0062,0.5748
SPADES TWO DIAMONDS SEVEN,0.679,0.0322,0.2888
DIAMONDS QUEEN SPADES FOUR,0.4328,0.0114,0.5558
CLUBS TEN DIAMONDS SEVEN,0.551,0.2218,0.2272
SPADES JACK DIAMONDS JACK,0.16,0.0216,0.8184
SPADES JACK DIAMONDS FIVE,0.4396,0.0158,0.5446
HEARTS FOUR HEARTS THREE,0.5978,0.0212,0.381
DIAMONDS QUEEN HEARTS ACE,0.3552,0.006,0.6388
CLUBS EIGHT HEARTS QUEEN,0.2728,0.0402,0.687
DIAMONDS THREE DIAMONDS FIVE,0.618,0.0258,0.3562
CLUBS TEN DIAMONDS QUEEN,0.262,0.042,0.696
CLUBS SIX DIAMONDS NINE,0.625,0.028,0.347
DIAMONDS ACE DIAMONDS SIX,0.4056,0.0056,0.5888
SPADES KING HEARTS FOUR,0.426,0.006,0.568
DIAMONDS QUEEN SPADES FIVE,0.445,0.009,0.546
CLUBS SEVEN DIAMONDS SEVEN,0.4258,0.0488,0.5254
DIAMONDS ACE HEARTS TEN,0.2524,0.0246,0.723
CLUBS EIGHT SPADES THREE,0.6934,0.0818,0.2248
HEARTS FIVE SPADES SIX,0.6234,0.0272,0.3494
DIAMONDS EIGHT HEARTS NINE,0.6794,0.0746,0.246
DIAMONDS TWO HEARTS KING,0.4456,0.008,0.5464
HEARTS FOUR CLUBS THREE,0.631,0.0284,0.3406
DIAMONDS ACE DIAMONDS FIVE,0.3998,0.0036,0.5966
DIAMONDS TWO HEARTS THREE,0.6496,0.0288,0.3216
DIAMONDS FIVE DIAMONDS FOUR,0.5852,0.0276,0.3872
CLUBS SIX SPADES SEVEN,0.6328,0.022,0.3452
SPADES QUEEN DIAMONDS FOUR,0.442,0.0094,0.5486
CLUBS FOUR DIAMONDS KING,0.4206,0.0074,0.572
CLUBS JACK CLUBS TEN,0.239,0.0482,0.7128
HEARTS TWO CLUBS FOUR,0.6472,0.0264,0.3264
DIAMONDS QUEEN HEARTS QUEEN,0.165,0.0148,0.8202
SPADES JACK HEARTS TWO,0.4554,0.0154,0.5292
CLUBS TEN SPADES QUEEN,0.2596,0.0392,0.7012
SPADES ACE CLUBS THREE,0.4394,0.004,0.5566
DIAMONDS KING SPADES FOUR,0.419,0.0072,0.5738
CLUBS SEVEN SPADES FOUR,0.6436,0.029,0.3274
CLUBS FOUR CLUBS QUEEN,0.3986,0.0118,0.5896
DIAMONDS TWO HEARTS NINE,0.651,0.0226,0.3264
CLUBS NINE CLUBS SIX,0.5854,0.0298,0.3848
SPADES FIVE HEARTS NINE,0.6202,0.0248,0.355
CLUBS NINE DIAMONDS SIX,0.6286,0.0232,0.3482
CLUBS EIGHT CLUBS THREE,0.648,0.0816,0.2704
SPADES KING SPADES SIX,0.4028,0.0052,0.592
SPADES NINE CLUBS FOUR,0.6518,0.0248,0.3234
DIAMONDS TWO SPADES TWO,0.4472,0.049,0.5038
SPADES QUEEN DIAMONDS SEVEN,0.423,0.0086,0.5684
DIAMONDS KING SPADES FIVE,0.4234,0.006,0.5706
DIAMONDS ACE CLUBS KING,0.3572,0.0046,0.6382
HEARTS SIX SPADES SIX,0.4418,0.0468,0.5114
CLUBS TEN SPADES TWO,0.5548,0.2218,0.2234
SPADES ACE SPADES SIX,0.3964,0.0044,0.5992
SPADES FOUR CLUBS KING,0.4378,0.0064,0.5558
CLUBS SEVEN SPADES SEVEN,0.4168,0.0504,0.5328
CLUBS TEN SPADES SEVEN,0.5514,0.2258,0.2228
CLUBS EIGHT SPADES TWO,0.6882,0.0776,0.2342
HEARTS TWO CLUBS KING,0.4386,0.0062,0.5552
SPADES TEN CLUBS SEVEN,0.546,0.2322,0.2218
CLUBS EIGHT HEARTS JACK,0.2408,0.0584,0.7008
HEARTS THREE SPADES THREE,0.4504,0.0514,0.4982
CLUBS NINE HEARTS TWO,0.659,0.0266,0.3144
DIAMONDS NINE CLUBS ACE,0.4006,0.0058,0.5936
HEARTS SEVEN CLUBS FOUR,0.6444,0.0256,0.33
CLUBS THREE SPADES TWO,0.6288,0.0288,0.3424
SPADES JACK HEARTS TEN,0.2428,0.0624,0.6948
HEARTS SEVEN DIAMONDS NINE,0.622,0.0246,0.3534
CLUBS JACK DIAMONDS TWO,0.4362,0.0128,0.551
HEARTS THREE HEARTS JACK,0.4144,0.0152,0.5704
SPADES ACE HEARTS QUEEN,0.3458,0.0036,0.6506
SPADES QUEEN CLUBS FIVE,0.437,0.0092,0.5538
SPADES TEN SPADES TWO,0.5156,0.2152,0.2692
SPADES SIX CLUBS QUEEN,0.4286,0.01,0.5614
CLUBS JACK DIAMONDS THREE,0.423,0.015,0.562
SPADES QUEEN DIAMONDS NINE,0.3788,0.0074,0.6138
DIAMONDS TWO SPADES NINE,0.6498,0.0258,0.3244
CLUBS EIGHT CLUBS ACE,0.2648,0.017,0.7182
DIAMONDS TWO SPADES QUEEN,0.4372,0.0096,0.5532
CLUBS TEN HEARTS KING,0.242,0.033,0.725
SPADES ACE HEARTS NINE,0.3786,0.005,0.6164
HEARTS TWO HEARTS NINE,0.615,0.0284,0.3566
SPADES QUEEN HEARTS ACE,0.3542,0.0024,0.6434
SPADES EIGHT DIAMONDS QUEEN,0.273,0.0426,0.6844
DIAMONDS THREE DIAMONDS JACK,0.407,0.0162,0.5768
CLUBS TEN SPADES SIX,0.555,0.217,0.228
HEARTS SIX DIAMONDS KING,0.4354,0.0076,0.557
DIAMONDS ACE SPADES THREE,0.4354,0.0046,0.56
CLUBS THREE DIAMONDS SIX,0.6474,0.0288,0.3238
SPADES SIX DIAMONDS FOUR,0.6436,0.027,0.3294
CLUBS QUEEN HEARTS NINE,0.3688,0.0084,0.6228
SPADES TEN SPADES THREE,0.5212,0.2066,0.2722
DIAMONDS TWO HEARTS TEN,0.5554,0.2322,0.2124
HEARTS SEVEN DIAMONDS TWO,0.6764,0.026,0.2976
CLUBS NINE SPADES SIX,0.6272,0.0256,0.3472
HEARTS KING DIAMONDS SEVEN,0.4254,0.0064,0.5682
DIAMONDS THREE DIAMONDS SEVEN,0.6306,0.0254,0.344
SPADES FOUR SPADES THREE,0.5934,0.0244,0.3822
SPADES FOUR HEARTS NINE,0.6452,0.0232,0.3316
DIAMONDS SIX CLUBS QUEEN,0.4264,0.0082,0.5654
CLUBS SIX HEARTS QUEEN,0.42,0.0102,0.5698
DIAMONDS QUEEN DIAMONDS NINE,0.3698,0.0122,0.618
SPADES ACE HEARTS FIVE,0.4336,0.0056,0.5608
SPADES EIGHT DIAMONDS KING,0.2848,0.0298,0.6854
HEARTS SIX SPADES JACK,0.4226,0.0164,0.561
HEARTS SIX SPADES FOUR,0.6324,0.0264,0.3412
CLUBS NINE DIAMONDS EIGHT,0.679,0.0678,0.2532
HEARTS SEVEN HEARTS TWO,0.648,0.0274,0.3246
SPADES KING CLUBS EIGHT,0.2744,0.0296,0.696
CLUBS JACK SPADES QUEEN,0.3342,0.0082,0.6576
SPADES FIVE HEARTS TEN,0.5514,0.225,0.2236
HEARTS FIVE SPADES TWO,0.6322,0.0284,0.3394
HEARTS TWO HEARTS JACK,0.4066,0.0168,0.5766
CLUBS EIGHT SPADES TEN,0.0212,0.957,0.0218
SPADES EIGHT DIAMONDS JACK,0.2562,0.0582,0.6856
SPADES SIX CLUBS KING,0.423,0.007,0.57
CLUBS NINE SPADES FIVE,0.6372,0.0242,0.3386
SPADES THREE CLUBS ACE,0.4306,0.0052,0.5642
SPADES SIX DIAMONDS JACK,0.4166,0.0192,0.5642
SPADES SEVEN CLUBS FOUR,0.6468,0.0228,0.3304
CLUBS JACK DIAMONDS FOUR,0.4238,0.0158,0.5604
CLUBS KING HEARTS TEN,0.2384,0.0342,0.7274
CLUBS KING DIAMONDS FIVE,0.4474,0.0076,0.545
DIAMONDS JACK CLUBS QUEEN,0.3234,0.0082,0.6684
HEARTS KING HEARTS NINE,0.3526,0.0088,0.6386
CLUBS FIVE CLUBS TWO,0.598,0.0254,0.3766
HEARTS FIVE HEARTS KING,0.4108,0.0088,0.5804
CLUBS NINE SPADES SEVEN,0.6144,0.022,0.3636
DIAMONDS EIGHT CLUBS ACE,0.2818,0.0234,0.6948
DIAMONDS ACE HEARTS ACE,0.1572,0.005,0.8378
CLUBS NINE CLUBS TWO,0.608,0.021,0.371
HEARTS TWO DIAMONDS EIGHT,0.7114,0.0812,0.2074
SPADES JACK DIAMONDS ACE,0.3394,0.005,0.6556
DIAMONDS THREE SPADES EIGHT,0.6982,0.0802,0.2216
CLUBS SIX CLUBS TWO,0.621,0.027,0.352
DIAMONDS JACK CLUBS ACE,0.3446,0.0044,0.651
DIAMONDS NINE HEARTS JACK,0.359,0.015,0.626
SPADES SIX HEARTS TEN,0.545,0.2324,0.2226
CLUBS FIVE DIAMONDS QUEEN,0.44,0.0098,0.5502
HEARTS SEVEN CLUBS FIVE,0.643,0.0248,0.3322
DIAMONDS THREE DIAMONDS EIGHT,0.6666,0.077,0.2564
DIAMONDS THREE DIAMONDS FOUR,0.6102,0.0268,0.363
SPADES KING HEARTS NINE,0.371,0.0062,0.6228
HEARTS THREE HEARTS QUEEN,0.4114,0.0086,0.58
DIAMONDS QUEEN DIAMONDS FIVE,0.4092,0.011,0.5798
DIAMONDS THREE SPADES KING,0.436,0.0072,0.5568
SPADES JACK CLUBS FIVE,0.428,0.0174,0.5546
SPADES NINE CLUBS SIX,0.6254,0.0256,0.349
HEARTS FIVE HEARTS TWO,0.6136,0.0236,0.3628
CLUBS THREE DIAMONDS FOUR,0.6342,0.0226,0.3432
SPADES TEN HEARTS TEN,0.121,0.0528,0.8262
HEARTS ACE HEARTS NINE,0.3704,0.0042,0.6254
HEARTS QUEEN HEARTS JACK,0.3274,0.0102,0.6624
CLUBS SIX CLUBS KING,0.401,0.0056,0.5934
CLUBS FIVE DIAMONDS FIVE,0.4412,0.0478,0.511
HEARTS TWO CLUBS QUEEN,0.4398,0.013,0.5472
HEARTS ACE DIAMONDS FOUR,0.4246,0.006,0.5694
HEARTS FIVE HEARTS JACK,0.4242,0.0166,0.5592
SPADES FOUR HEARTS KING,0.4288,0.0088,0.5624
DIAMONDS KING DIAMONDS FOUR,0.4074,0.0074,0.5852
HEARTS FOUR SPADES SEVEN,0.6524,0.022,0.3256
SPADES ACE CLUBS SEVEN,0.4152,0.0022,0.5826
CLUBS FOUR DIAMONDS SIX,0.645,0.0284,0.3266
SPADES TEN DIAMONDS QUEEN,0.252,0.0476,0.7004
SPADES ACE SPADES THREE,0.4064,0.0036,0.59
SPADES EIGHT SPADES SEVEN,0.6228,0.074,0.3032
HEARTS FIVE SPADES SEVEN,0.6304,0.0272,0.3424
HEARTS TWO DIAMONDS SIX,0.6596,0.031,0.3094
HEARTS TEN HEARTS NINE,0.2138,0.1756,0.6106
DIAMONDS TWO HEARTS ACE,0.4328,0.0062,0.561
SPADES TEN DIAMONDS NINE,0.2222,0.1686,0.6092
CLUBS TEN HEARTS THREE,0.5634,0.2254,0.2112
CLUBS FIVE CLUBS THREE,0.5722,0.0244,0.4034
CLUBS SEVEN SPADES THREE,0.6568,0.0204,0.3228
CLUBS EIGHT CLUBS SEVEN,0.6344,0.0778,0.2878
SPADES EIGHT SPADES TWO,0.6568,0.0762,0.267
DIAMONDS EIGHT SPADES TWO,0.7024,0.073,0.2246
DIAMONDS ACE SPADES SIX,0.4332,0.0036,0.5632
HEARTS FOUR HEARTS TEN,0.5248,0.221,0.2542
SPADES KING DIAMONDS KING,0.1626,0.0086,0.8288
SPADES ACE CLUBS EIGHT,0.2858,0.0222,0.692
SPADES TEN HEARTS NINE,0.2284,0.169,0.6026
SPADES TWO CLUBS KING,0.4358,0.0088,0.5554
DIAMONDS SEVEN HEARTS NINE,0.6282,0.026,0.3458
CLUBS NINE SPADES THREE,0.6342,0.0232,0.3426
SPADES THREE HEARTS NINE,0.6406,0.025,0.3344
SPADES TEN CLUBS FIVE,0.5654,0.214,0.2206
DIAMONDS TWO SPADES SIX,0.645,0.0298,0.3252
DIAMONDS THREE HEARTS FIVE,0.6376,0.031,0.3314
SPADES QUEEN CLUBS QUEEN,0.1784,0.0146,0.807
DIAMONDS KING SPADES SIX,0.4212,0.0072,0.5716
CLUBS EIGHT CLUBS FIVE,0.6376,0.076,0.2864
SPADES ACE CLUBS FIVE,0.4376,0.003,0.5594
SPADES ACE HEARTS SEVEN,0.4102,0.0038,0.586
HEARTS SEVEN DIAMONDS SIX,0.6262,0.027,0.3468
CLUBS ACE HEARTS NINE,0.3818,0.0048,0.6134
SPADES JACK SPADES TWO,0.4058,0.016,0.5782
SPADES SIX HEARTS JACK,0.4218,0.0136,0.5646
DIAMONDS THREE CLUBS ACE,0.4338,0.004,0.5622
CLUBS TEN DIAMONDS SIX,0.557,0.2226,0.2204
SPADES SIX DIAMONDS SIX,0.4354,0.0524,0.5122
SPADES QUEEN CLUBS THREE,0.4562,0.0094,0.5344
CLUBS TEN HEARTS NINE,0.2244,0.1712,0.6044
DIAMONDS ACE DIAMONDS EIGHT,0.2682,0.0226,0.7092
SPADES EIGHT SPADES SIX,0.6322,0.0756,0.2922
SPADES KING HEARTS JACK,0.3406,0.0046,0.6548
CLUBS EIGHT SPADES NINE,0.6738,0.0766,0.2496
SPADES EIGHT DIAMONDS EIGHT,0.331,0.0436,0.6254
CLUBS TEN CLUBS NINE,0.219,0.155,0.626
SPADES KING HEARTS KING,0.1846,0.0096,0.8058
SPADES JACK CLUBS SEVEN,0.4228,0.014,0.5632
SPADES TEN HEARTS KING,0.2442,0.0342,0.7216
CLUBS THREE HEARTS JACK,0.4352,0.018,0.5468
CLUBS SEVEN DIAMONDS QUEEN,0.4142,0.0098,0.576
CLUBS TWO DIAMONDS JACK,0.4372,0.0162,0.5466
SPADES ACE SPADES EIGHT,0.2598,0.021,0.7192
DIAMONDS SEVEN HEARTS JACK,0.4106,0.0176,0.5718
SPADES QUEEN HEARTS THREE,0.4486,0.011,0.5404
SPADES TEN DIAMONDS ACE,0.2572,0.0216,0.7212
HEARTS SIX SPADES NINE,0.6214,0.0262,0.3524
SPADES ACE DIAMONDS SEVEN,0.4164,0.0052,0.5784
HEARTS SIX HEARTS ACE,0.4018,0.0038,0.5944
SPADES THREE CLUBS QUEEN,0.4436,0.0094,0.547
HEARTS QUEEN DIAMONDS SIX,0.4148,0.0104,0.5748
SPADES ACE CLUBS SIX,0.4186,0.0024,0.579
SPADES TWO CLUBS QUEEN,0.439,0.0114,0.5496
DIAMONDS SIX HEARTS TEN,0.5428,0.2334,0.2238
DIAMONDS EIGHT HEARTS TEN,0.008,0.9834,0.0086
CLUBS NINE CLUBS SEVEN,0.5726,0.0256,0.4018
HEARTS SEVEN CLUBS SEVEN,0.43,0.0398,0.5302
CLUBS JACK CLUBS SEVEN,0.3938,0.018,0.5882
SPADES JACK CLUBS QUEEN,0.3386,0.0078,0.6536
SPADES FOUR DIAMONDS SEVEN,0.6556,0.0276,0.3168
DIAMONDS TWO CLUBS FOUR,0.6352,0.0248,0.34
SPADES SEVEN HEARTS KING,0.4082,0.0064,0.5854
HEARTS ACE HEARTS KING,0.3466,0.0052,0.6482
HEARTS ACE CLUBS QUEEN,0.348,0.0024,0.6496
HEARTS TWO DIAMONDS NINE,0.6646,0.025,0.3104
DIAMONDS FIVE CLUBS QUEEN,0.4204,0.0124,0.5672
CLUBS TWO HEARTS ACE,0.4366,0.0066,0.5568
CLUBS JACK SPADES FIVE,0.4332,0.015,0.5518
DIAMONDS FIVE HEARTS NINE,0.6214,0.0272,0.3514
CLUBS FIVE DIAMONDS NINE,0.631,0.0204,0.3486
SPADES NINE DIAMONDS QUEEN,0.3664,0.0104,0.6232
CLUBS EIGHT HEARTS TEN,0.0102,0.9692,0.0206
DIAMONDS SIX DIAMONDS FOUR,0.5952,0.0252,0.3796
CLUBS FIVE HEARTS NINE,0.6286,0.0254,0.346
HEARTS FIVE HEARTS TEN,0.5148,0.2242,0.261
SPADES NINE HEARTS QUEEN,0.3672,0.0078,0.625
HEARTS SEVEN HEARTS FIVE,0.613,0.0264,0.3606
CLUBS FOUR SPADES FIVE,0.5878,0.0266,0.3856
CLUBS NINE HEARTS THREE,0.6522,0.026,0.3218
CLUBS JACK DIAMONDS SIX,0.4246,0.0174,0.558
DIAMONDS THREE CLUBS EIGHT,0.6958,0.0778,0.2264
SPADES KING HEARTS THREE,0.4362,0.009,0.5548
CLUBS NINE CLUBS QUEEN,0.3576,0.009,0.6334
DIAMONDS EIGHT DIAMONDS SEVEN,0.64,0.0756,0.2844
DIAMONDS SEVEN CLUBS QUEEN,0.4182,0.013,0.5688
CLUBS EIGHT DIAMONDS FIVE,0.6792,0.091,0.2298
SPADES ACE DIAMONDS NINE,0.3972,0.0042,0.5986
SPADES EIGHT HEARTS TEN,0.0086,0.972,0.0194
SPADES SEVEN CLUBS ACE,0.4156,0.0036,0.5808
HEARTS ACE DIAMONDS NINE,0.3856,0.0044,0.61
HEARTS ACE CLUBS KING,0.3526,0.0032,0.6442
HEARTS SIX CLUBS FIVE,0.6198,0.0264,0.3538
CLUBS TWO SPADES TWO,0.4418,0.0508,0.5074
SPADES NINE DIAMONDS NINE,0.2812,0.0368,0.682
DIAMONDS THREE CLUBS KING,0.4342,0.0082,0.5576
CLUBS SEVEN DIAMONDS FOUR,0.6496,0.0282,0.3222
HEARTS SIX CLUBS TWO,0.645,0.03,0.325
HEARTS SEVEN HEARTS NINE,0.58,0.0232,0.3968
SPADES JACK DIAMONDS SIX,0.4274,0.0194,0.5532
SPADES ACE SPADES QUEEN,0.3434,0.0042,0.6524
HEARTS FOUR HEARTS TWO,0.591,0.0268,0.3822
SPADES EIGHT HEARTS JACK,0.2534,0.05,0.6966
SPADES SEVEN CLUBS QUEEN,0.4162,0.0098,0.574
CLUBS EIGHT DIAMONDS EIGHT,0.3084,0.0436,0.648
DIAMONDS THREE DIAMONDS KING,0.4148,0.0092,0.576
CLUBS SIX DIAMONDS SIX,0.4314,0.0514,0.5172
HEARTS SIX SPADES THREE,0.6544,0.0278,0.3178
HEARTS FOUR SPADES TWO,0.6378,0.0276,0.3346
CLUBS SEVEN CLUBS TWO,0.6134,0.0264,0.3602
HEARTS KING HEARTS TEN,0.2484,0.0324,0.7192
SPADES KING SPADES NINE,0.3692,0.0062,0.6246
SPADES NINE SPADES TWO,0.605,0.0288,0.3662
SPADES FOUR CLUBS ACE,0.4148,0.0018,0.5834
SPADES QUEEN DIAMONDS ACE,0.3474,0.004,0.6486
SPADES QUEEN HEARTS NINE,0.3746,0.0096,0.6158
HEARTS SEVEN SPADES THREE,0.6578,0.03,0.3122
HEARTS THREE CLUBS KING,0.4354,0.0054,0.5592
SPADES JACK HEARTS KING,0.333,0.0056,0.6614
HEARTS TWO SPADES SEVEN,0.6764,0.0216,0.302
CLUBS FIVE CLUBS KING,0.3958,0.0072,0.597
CLUBS NINE CLUBS FOUR,0.6142,0.0226,0.3632
SPADES EIGHT SPADES FOUR,0.6278,0.0762,0.296
CLUBS THREE HEARTS KING,0.4328,0.007,0.5602
HEARTS JACK DIAMONDS FOUR,0.4204,0.02,0.5596
SPADES KING CLUBS FOUR,0.4266,0.0088,0.5646
SPADES QUEEN HEARTS TWO,0.4488,0.0112,0.54
SPADES QUEEN CLUBS SIX,0.4256,0.012,0.5624
CLUBS FIVE DIAMONDS SIX,0.6236,0.0268,0.3496
SPADES JACK CLUBS KING,0.3432,0.0064,0.6504
SPADES NINE DIAMONDS ACE,0.3868,0.0048,0.6084
SPADES FIVE HEARTS ACE,0.428,0.0044,0.5676
HEARTS KING DIAMONDS SIX,0.4154,0.0078,0.5768
CLUBS JACK SPADES KING,0.3352,0.006,0.6588
HEARTS TWO HEARTS QUEEN,0.3996,0.0122,0.5882
SPADES SIX HEARTS QUEEN,0.4108,0.0092,0.58
HEARTS SIX SPADES TWO,0.6582,0.0258,0.316
CLUBS FIVE CLUBS FOUR,0.5694,0.0196,0.411
CLUBS FOUR CLUBS KING,0.4094,0.007,0.5836
CLUBS NINE SPADES FOUR,0.6506,0.0256,0.3238
CLUBS SIX DIAMONDS ACE,0.425,0.0044,0.5706
DIAMONDS KING CLUBS TWO,0.4128,0.0076,0.5796
CLUBS FOUR HEARTS JACK,0.4322,0.0164,0.5514
CLUBS SIX CLUBS FOUR,0.588,0.0246,0.3874
HEARTS TWO DIAMONDS FOUR,0.6318,0.031,0.3372
SPADES ACE SPADES TEN,0.2548,0.0244,0.7208
CLUBS NINE CLUBS FIVE,0.5938,0.0228,0.3834
DIAMONDS KING HEARTS KING,0.166,0.0092,0.8248
HEARTS QUEEN CLUBS ACE,0.3492,0.0022,0.6486
HEARTS FOUR DIAMONDS ACE,0.4316,0.0056,0.5628
SPADES EIGHT DIAMONDS SIX,0.6764,0.0764,0.2472
CLUBS FOUR HEARTS KING,0.4336,0.0088,0.5576
DIAMONDS KING SPADES THREE,0.4346,0.0066,0.5588
CLUBS JACK HEARTS THREE,0.4244,0.0176,0.558
SPADES NINE SPADES SEVEN,0.5826,0.0196,0.3978
CLUBS FIVE CLUBS ACE,0.4164,0.003,0.5806
CLUBS JACK CLUBS FIVE,0.4234,0.0176,0.559
HEARTS SEVEN HEARTS FOUR,0.6294,0.0264,0.3442
HEARTS TWO SPADES FOUR,0.6288,0.0264,0.3448
DIAMONDS THREE SPADES TWO,0.6374,0.029,0.3336
SPADES SEVEN SPADES SIX,0.5878,0.028,0.3842
CLUBS FIVE DIAMONDS ACE,0.4202,0.0046,0.5752
HEARTS SIX DIAMONDS JACK,0.424,0.0156,0.5604
HEARTS SEVEN HEARTS SIX,0.5958,0.023,0.3812
CLUBS KING CLUBS QUEEN,0.3218,0.0068,0.6714
CLUBS FOUR DIAMONDS JACK,0.4328,0.0168,0.5504
HEARTS THREE SPADES SEVEN,0.6626,0.028,0.3094
SPADES SIX CLUBS TWO,0.6456,0.0232,0.3312
SPADES SEVEN DIAMONDS FOUR,0.6472,0.0246,0.3282
CLUBS TEN CLUBS THREE,0.527,0.2112,0.2618
SPADES KING DIAMONDS QUEEN,0.3414,0.0072,0.6514
HEARTS SIX DIAMONDS SIX,0.4382,0.0516,0.5102
CLUBS SEVEN SPADES FIVE,0.642,0.0232,0.3348
HEARTS THREE SPADES TWO,0.6492,0.0262,0.3246
CLUBS FIVE SPADES SIX,0.6192,0.0268,0.354
HEARTS ACE CLUBS ACE,0.1772,0.0034,0.8194
DIAMONDS ACE CLUBS FOUR,0.4186,0.0048,0.5766
HEARTS SEVEN DIAMONDS ACE,0.4154,0.0048,0.5798
HEARTS FIVE CLUBS ACE,0.426,0.004,0.57
DIAMONDS SEVEN CLUBS KING,0.4144,0.0052,0.5804
HEARTS THREE DIAMONDS JACK,0.4364,0.0178,0.5458
HEARTS FOUR SPADES THREE,0.624,0.027,0.349
DIAMONDS JACK HEARTS TEN,0.2326,0.0522,0.7152
CLUBS TEN SPADES FOUR,0.546,0.2304,0.2236
SPADES ACE SPADES FIVE,0.3894,0.0044,0.6062
CLUBS TEN DIAMONDS TWO,0.555,0.2246,0.2204
SPADES QUEEN SPADES THREE,0.401,0.0126,0.5864
CLUBS JACK SPADES SEVEN,0.4202,0.0142,0.5656
DIAMONDS TWO DIAMONDS QUEEN,0.4196,0.0104,0.57
CLUBS TWO DIAMONDS SIX,0.663,0.0278,0.3092
DIAMONDS KING DIAMONDS EIGHT,0.2664,0.0294,0.7042
DIAMONDS JACK HEARTS JACK,0.1578,0.0234,0.8188
DIAMONDS TWO HEARTS FOUR,0.6444,0.029,0.3266
HEARTS TWO SPADES SIX,0.661,0.023,0.316
HEARTS FIVE CLUBS TWO,0.6314,0.0266,0.342
SPADES FOUR HEARTS ACE,0.4082,0.0064,0.5854
HEARTS THREE CLUBS SIX,0.645,0.0286,0.3264
CLUBS FOUR CLUBS TWO,0.592,0.0204,0.3876
DIAMONDS THREE CLUBS NINE,0.6526,0.0242,0.3232
HEARTS FOUR HEARTS KING,0.4186,0.0048,0.5766
SPADES FIVE HEARTS JACK,0.4296,0.0148,0.5556
CLUBS SEVEN DIAMONDS ACE,0.4222,0.0024,0.5754
DIAMONDS JACK DIAMONDS SIX,0.4058,0.0182,0.576
CLUBS TEN CLUBS TWO,0.5218,0.2152,0.263
SPADES SEVEN SPADES THREE,0.61,0.0264,0.3636
CLUBS JACK HEARTS TEN,0.243,0.0548,0.7022
DIAMONDS KING SPADES TWO,0.4472,0.0056,0.5472
HEARTS FIVE CLUBS KING,0.4432,0.0084,0.5484
HEARTS THREE DIAMONDS FOUR,0.6296,0.0288,0.3416
DIAMONDS QUEEN DIAMONDS JACK,0.3272,0.0076,0.6652
SPADES ACE DIAMONDS THREE,0.4344,0.0042,0.5614
HEARTS KING DIAMONDS FIVE,0.4322,0.0096,0.5582
SPADES KING HEARTS ACE,0.353,0.005,0.642
CLUBS ACE DIAMONDS FOUR,0.435,0.0044,0.5606
CLUBS SIX DIAMONDS SEVEN,0.6396,0.0276,0.3328
DIAMONDS NINE DIAMONDS SIX,0.6038,0.0228,0.3734
DIAMONDS THREE DIAMONDS SIX,0.6102,0.0292,0.3606
SPADES EIGHT SPADES THREE,0.6538,0.0754,0.2708
HEARTS TWO SPADES FIVE,0.6516,0.025,0.3234
HEARTS SIX HEARTS TEN,0.5222,0.2224,0.2554
CLUBS EIGHT CLUBS KING,0.2856,0.0272,0.6872
CLUBS TEN HEARTS JACK,0.2418,0.0572,0.701
SPADES ACE SPADES TWO,0.4076,0.0042,0.5882
SPADES TEN DIAMONDS KING,0.2518,0.0358,0.7124
CLUBS SEVEN SPADES SIX,0.6244,0.0244,0.3512
HEARTS THREE DIAMONDS EIGHT,0.697,0.0874,0.2156
SPADES SEVEN DIAMONDS QUEEN,0.4186,0.0106,0.5708
HEARTS THREE DIAMONDS NINE,0.658,0.0276,0.3144
SPADES QUEEN SPADES EIGHT,0.2702,0.0352,0.6946
HEARTS ACE HEARTS JACK,0.3366,0.0036,0.6598
HEARTS FIVE DIAMONDS NINE,0.6516,0.0262,0.3222
SPADES ACE DIAMONDS TWO,0.4244,0.0026,0.573
SPADES KING HEARTS SIX,0.4284,0.0088,0.5628
CLUBS SEVEN HEARTS TEN,0.54,0.2326,0.2274
DIAMONDS THREE CLUBS FIVE,0.625,0.0274,0.3476
HEARTS SEVEN SPADES SEVEN,0.406,0.0482,0.5458
HEARTS SEVEN CLUBS TWO,0.6812,0.0244,0.2944
SPADES QUEEN HEARTS TEN,0.2522,0.0436,0.7042
SPADES TEN DIAMONDS JACK,0.251,0.0512,0.6978
DIAMONDS JACK SPADES FOUR,0.426,0.0136,0.5604
HEARTS ACE DIAMONDS SIX,0.4292,0.0036,0.5672
SPADES TEN SPADES FOUR,0.5004,0.223,0.2766
SPADES ACE SPADES SEVEN,0.3948,0.0046,0.6006
CLUBS NINE DIAMONDS FIVE,0.632,0.0232,0.3448
SPADES QUEEN HEARTS QUEEN,0.1656,0.017,0.8174
CLUBS THREE HEARTS QUEEN,0.4376,0.011,0.5514
SPADES QUEEN DIAMONDS EIGHT,0.2598,0.0422,0.698
SPADES ACE HEARTS JACK,0.3558,0.0038,0.6404
HEARTS SIX CLUBS SIX,0.4284,0.0424,0.5292
SPADES ACE DIAMONDS ACE,0.1686,0.0014,0.83
SPADES THREE DIAMONDS EIGHT,0.6932,0.0814,0.2254
CLUBS KING DIAMONDS FOUR,0.4406,0.0094,0.55
DIAMONDS TWO CLUBS EIGHT,0.7016,0.0808,0.2176
DIAMONDS EIGHT HEARTS JACK,0.2548,0.0604,0.6848
SPADES FIVE SPADES FOUR,0.5748,0.026,0.3992
DIAMONDS ACE HEARTS JACK,0.3408,0.003,0.6562
SPADES FIVE DIAMONDS FOUR,0.6214,0.0254,0.3532
SPADES SEVEN HEARTS ACE,0.4152,0.0038,0.581
SPADES FIVE DIAMONDS SIX,0.6168,0.0264,0.3568
CLUBS NINE HEARTS NINE,0.2804,0.0392,0.6804
CLUBS SIX SPADES THREE,0.6268,0.0272,0.346
DIAMONDS THREE HEARTS THREE,0.4566,0.0514,0.492
HEARTS TWO DIAMONDS KING,0.422,0.0076,0.5704
SPADES NINE CLUBS ACE,0.3972,0.003,0.5998
SPADES EIGHT HEARTS QUEEN,0.2668,0.0432,0.69
CLUBS EIGHT DIAMONDS KING,0.2662,0.0318,0.702
SPADES ACE CLUBS TEN,0.2666,0.0178,0.7156
DIAMONDS JACK DIAMONDS EIGHT,0.2512,0.0498,0.699
SPADES KING CLUBS SIX,0.4376,0.0058,0.5566
SPADES ACE DIAMONDS EIGHT,0.281,0.0212,0.6978
CLUBS THREE HEARTS TEN,0.5566,0.2234,0.22
CLUBS JACK DIAMONDS EIGHT,0.252,0.0542,0.6938
DIAMONDS EIGHT CLUBS QUEEN,0.2622,0.0426,0.6952
DIAMONDS QUEEN CLUBS QUEEN,0.1708,0.0172,0.812
DIAMONDS TWO SPADES FIVE,0.64,0.0244,0.3356
CLUBS TWO CLUBS KING,0.405,0.005,0.59
SPADES SIX SPADES FIVE,0.5876,0.024,0.3884
HEARTS SIX DIAMONDS QUEEN,0.4244,0.0096,0.566
CLUBS SIX DIAMONDS KING,0.43,0.0076,0.5624
SPADES EIGHT CLUBS QUEEN,0.2666,0.0386,0.6948
HEARTS TWO DIAMONDS FIVE,0.6442,0.0244,0.3314
HEARTS SEVEN DIAMONDS SEVEN,0.428,0.0502,0.5218
SPADES QUEEN SPADES FOUR,0.414,0.01,0.576
HEARTS THREE CLUBS TWO,0.6332,0.0258,0.341
DIAMONDS TWO DIAMONDS KING,0.4214,0.0104,0.5682
SPADES EIGHT HEARTS KING,0.2784,0.0296,0.692
HEARTS FIVE CLUBS EIGHT,0.683,0.083,0.234
HEARTS THREE CLUBS THREE,0.4472,0.053,0.4998
HEARTS SEVEN SPADES KING,0.426,0.0066,0.5674
SPADES TWO DIAMONDS SIX,0.6482,0.0224,0.3294
SPADES TEN SPADES NINE,0.2136,0.159,0.6274
HEARTS THREE SPADES NINE,0.6512,0.0272,0.3216
CLUBS JACK HEARTS ACE,0.344,0.0042,0.6518
HEARTS SIX HEARTS FOUR,0.6012,0.0246,0.3742
HEARTS TWO CLUBS FIVE,0.6532,0.0264,0.3204
DIAMONDS KING DIAMONDS SIX,0.4006,0.0084,0.591
CLUBS SIX SPADES SIX,0.4324,0.0434,0.5242
HEARTS THREE CLUBS FIVE,0.6272,0.0264,0.3464
SPADES NINE SPADES FOUR,0.618,0.0222,0.3598
DIAMONDS EIGHT DIAMONDS FIVE,0.653,0.0762,0.2708
CLUBS FIVE HEARTS JACK,0.4342,0.0154,0.5504
DIAMONDS THREE HEARTS TEN,0.544,0.2382,0.2178
DIAMONDS JACK HEARTS NINE,0.3626,0.0152,0.6222
SPADES NINE SPADES FIVE,0.5994,0.026,0.3746
SPADES EIGHT CLUBS KING,0.288,0.0318,0.6802
CLUBS NINE HEARTS KING,0.383,0.0058,0.6112
HEARTS SEVEN CLUBS EIGHT,0.6558,0.0874,0.2568
HEARTS TEN CLUBS QUEEN,0.26,0.0412,0.6988
CLUBS FOUR HEARTS NINE,0.6432,0.0256,0.3312
SPADES KING DIAMONDS SIX,0.4268,0.007,0.5662
HEARTS FOUR DIAMONDS FIVE,0.614,0.0272,0.3588
SPADES JACK HEARTS NINE,0.3594,0.0174,0.6232
CLUBS NINE DIAMONDS KING,0.3626,0.0048,0.6326
HEARTS SEVEN DIAMONDS QUEEN,0.4266,0.0098,0.5636
SPADES NINE DIAMONDS FIVE,0.6362,0.0222,0.3416
SPADES KING SPADES QUEEN,0.3306,0.006,0.6634
CLUBS TEN CLUBS SEVEN,0.5178,0.2112,0.271
SPADES SEVEN DIAMONDS NINE,0.6176,0.0246,0.3578
SPADES NINE DIAMONDS KING,0.38,0.005,0.615
CLUBS THREE HEARTS ACE,0.4258,0.0038,0.5704
DIAMONDS THREE SPADES NINE,0.66,0.0278,0.3122
SPADES FIVE DIAMONDS JACK,0.4312,0.0168,0.552
SPADES SIX DIAMONDS NINE,0.6294,0.0282,0.3424
CLUBS FIVE SPADES TWO,0.6274,0.0294,0.3432
SPADES TWO HEARTS TEN,0.5444,0.2276,0.228
SPADES SIX CLUBS THREE,0.6408,0.0206,0.3386
CLUBS TWO DIAMONDS NINE,0.6592,0.0266,0.3142
HEARTS QUEEN DIAMONDS FIVE,0.4246,0.0112,0.5642
DIAMONDS THREE HEARTS ACE,0.4276,0.0054,0.567
CLUBS EIGHT CLUBS TWO,0.6526,0.0794,0.268
SPADES TWO HEARTS JACK,0.4338,0.0164,0.5498
SPADES SEVEN SPADES FOUR,0.599,0.0242,0.3768
SPADES KING CLUBS TWO,0.4282,0.0082,0.5636
SPADES JACK CLUBS FOUR,0.4182,0.0158,0.566
DIAMONDS NINE SPADES THREE,0.6566,0.028,0.3154
HEARTS THREE CLUBS ACE,0.4292,0.0046,0.5662
CLUBS NINE CLUBS EIGHT,0.6354,0.0684,0.2962
CLUBS THREE CLUBS KING,0.407,0.0074,0.5856
SPADES FOUR HEARTS JACK,0.4244,0.016,0.5596
SPADES EIGHT DIAMONDS FIVE,0.6828,0.0762,0.241
SPADES NINE CLUBS TWO,0.6326,0.0232,0.3442
HEARTS THREE SPADES EIGHT,0.7066,0.0796,0.2138
SPADES QUEEN SPADES NINE,0.3602,0.0084,0.6314
SPADES JACK CLUBS ACE,0.3584,0.004,0.6376
DIAMONDS THREE SPADES SEVEN,0.6508,0.0264,0.3228
SPADES QUEEN CLUBS SEVEN,0.4202,0.0072,0.5726
CLUBS SIX HEARTS ACE,0.4136,0.0046,0.5818
CLUBS ACE HEARTS TEN,0.2638,0.0164,0.7198
SPADES THREE CLUBS KING,0.4396,0.0042,0.5562
SPADES SEVEN HEARTS NINE,0.6132,0.0236,0.3632
SPADES ACE HEARTS ACE,0.175,0.0032,0.8218
SPADES JACK DIAMONDS NINE,0.3672,0.015,0.6178
SPADES ACE HEARTS THREE,0.4154,0.0052,0.5794
SPADES TEN CLUBS QUEEN,0.262,0.0442,0.6938
CLUBS JACK DIAMONDS NINE,0.38,0.0142,0.6058
DIAMONDS SEVEN DIAMONDS FIVE,0.61,0.0228,0.3672
HEARTS NINE DIAMONDS FOUR,0.6562,0.0232,0.3206
SPADES QUEEN CLUBS FOUR,0.4182,0.0096,0.5722
CLUBS FOUR DIAMONDS QUEEN,0.4306,0.0126,0.5568
HEARTS FOUR DIAMONDS SIX,0.6272,0.0254,0.3474
SPADES NINE SPADES THREE,0.6004,0.023,0.3766
SPADES SIX DIAMONDS FIVE,0.6282,0.0272,0.3446
HEARTS SIX CLUBS THREE,0.6412,0.0268,0.332
SPADES THREE HEARTS KING,0.4368,0.0084,0.5548
HEARTS FOUR HEARTS QUEEN,0.4126,0.011,0.5764
SPADES QUEEN DIAMONDS KING,0.3474,0.0084,0.6442
HEARTS SEVEN DIAMONDS THREE,0.6734,0.0318,0.2948
CLUBS FIVE SPADES FOUR,0.5982,0.0246,0.3772
SPADES SIX SPADES THREE,0.5962,0.0272,0.3766
DIAMONDS TWO DIAMONDS SIX,0.6254,0.024,0.3506
CLUBS TEN HEARTS FOUR,0.5534,0.2224,0.2242
HEARTS FOUR CLUBS SIX,0.626,0.0256,0.3484
HEARTS SEVEN DIAMONDS EIGHT,0.6634,0.0826,0.254
DIAMONDS THREE SPADES FIVE,0.625,0.0276,0.3474
CLUBS SIX HEARTS KING,0.4072,0.0074,0.5854
DIAMONDS NINE HEARTS QUEEN,0.378,0.0104,0.6116
DIAMONDS KING CLUBS THREE,0.4434,0.0082,0.5484
HEARTS KING DIAMONDS EIGHT,0.2742,0.0282,0.6976
SPADES KING SPADES SEVEN,0.3858,0.0058,0.6084
HEARTS FIVE DIAMONDS ACE,0.4256,0.0062,0.5682
SPADES TWO HEARTS QUEEN,0.428,0.0142,0.5578
DIAMONDS TWO CLUBS SIX,0.6534,0.0254,0.3212
DIAMONDS THREE HEARTS KING,0.4494,0.01,0.5406
CLUBS THREE CLUBS QUEEN,0.4184,0.0104,0.5712
CLUBS JACK DIAMONDS QUEEN,0.3342,0.007,0.6588
DIAMONDS TWO DIAMONDS ACE,0.409,0.0052,0.5858
SPADES NINE DIAMONDS SEVEN,0.6268,0.0242,0.349
HEARTS SIX CLUBS ACE,0.4228,0.0028,0.5744
HEARTS SIX HEARTS KING,0.4,0.0062,0.5938
DIAMONDS TWO CLUBS QUEEN,0.43,0.0124,0.5576
CLUBS FIVE SPADES FIVE,0.4434,0.0452,0.5114
SPADES FIVE HEARTS KING,0.428,0.0078,0.5642
CLUBS EIGHT SPADES FOUR,0.6772,0.0766,0.2462
DIAMONDS KING HEARTS QUEEN,0.3424,0.0068,0.6508
SPADES JACK SPADES FIVE,0.4016,0.016,0.5824
SPADES ACE DIAMONDS QUEEN,0.3544,0.0046,0.641
DIAMONDS NINE CLUBS KING,0.387,0.0062,0.6068
HEARTS FOUR CLUBS FOUR,0.4334,0.0502,0.5164
HEARTS TWO SPADES THREE,0.6458,0.033,0.3212
SPADES FIVE SPADES THREE,0.5804,0.0262,0.3934
DIAMONDS TWO CLUBS THREE,0.6274,0.027,0.3456
CLUBS JACK HEARTS SIX,0.437,0.0172,0.5458
SPADES SEVEN DIAMONDS JACK,0.4136,0.0154,0.571
HEARTS FIVE HEARTS NINE,0.5944,0.027,0.3786
DIAMONDS ACE DIAMONDS NINE,0.3716,0.0044,0.624
CLUBS ACE CLUBS KING,0.334,0.0024,0.6636
HEARTS KING HEARTS JACK,0.339,0.0084,0.6526
HEARTS FIVE DIAMONDS SEVEN,0.6416,0.0238,0.3346
HEARTS FIVE CLUBS FOUR,0.6194,0.0252,0.3554
CLUBS JACK HEARTS QUEEN,0.328,0.0112,0.6608
SPADES SIX CLUBS ACE,0.4284,0.003,0.5686
CLUBS EIGHT HEARTS KING,0.2748,0.0336,0.6916
HEARTS FOUR SPADES FOUR,0.4424,0.0514,0.5062
SPADES NINE HEARTS ACE,0.383,0.0032,0.6138
SPADES JACK CLUBS TWO,0.4342,0.0148,0.551
CLUBS NINE SPADES EIGHT,0.6722,0.0712,0.2566
CLUBS EIGHT SPADES SEVEN,0.6644,0.0772,0.2584
DIAMONDS THREE CLUBS SEVEN,0.656,0.028,0.316
SPADES KING CLUBS KING,0.1874,0.0094,0.8032
CLUBS TEN DIAMONDS KING,0.2526,0.0326,0.7148
CLUBS EIGHT SPADES SIX,0.6672,0.07,0.2628
CLUBS FIVE HEARTS TEN,0.5586,0.2196,0.2218
CLUBS JACK SPADES FOUR,0.432,0.0176,0.5504
DIAMONDS ACE SPADES FIVE,0.422,0.004,0.574
DIAMONDS ACE CLUBS QUEEN,0.3382,0.0032,0.6586
SPADES NINE DIAMONDS EIGHT,0.672,0.0738,0.2542
DIAMONDS KING DIAMONDS SEVEN,0.41,0.0066,0.5834
HEARTS TWO HEARTS ACE,0.4172,0.0052,0.5776
CLUBS TEN HEARTS QUEEN,0.2446,0.0432,0.7122
SPADES TEN HEARTS THREE,0.5672,0.2224,0.2104
HEARTS SEVEN HEARTS JACK,0.3796,0.0166,0.6038
CLUBS SIX DIAMONDS JACK,0.42,0.0132,0.5668
HEARTS ACE HEARTS QUEEN,0.3412,0.0052,0.6536
DIAMONDS JACK SPADES THREE,0.4326,0.0194,0.548
DIAMONDS EIGHT CLUBS KING,0.2756,0.029,0.6954
CLUBS SEVEN HEARTS ACE,0.4196,0.0032,0.5772
SPADES FIVE DIAMONDS EIGHT,0.6938,0.0802,0.226
DIAMONDS QUEEN HEARTS JACK,0.3334,0.0124,0.6542
CLUBS TEN DIAMONDS ACE,0.2598,0.0198,0.7204
CLUBS NINE CLUBS THREE,0.608,0.024,0.368
CLUBS JACK CLUBS SIX,0.4024,0.0138,0.5838
SPADES QUEEN CLUBS NINE,0.3792,0.01,0.6108
SPADES SIX SPADES FOUR,0.5766,0.0262,0.3972
DIAMONDS NINE DIAMONDS SEVEN,0.5974,0.0196,0.383
HEARTS JACK HEARTS TEN,0.238,0.0544,0.7076
SPADES QUEEN SPADES JACK,0.3088,0.0098,0.6814
SPADES TEN DIAMONDS FOUR,0.5484,0.2352,0.2164
CLUBS ACE DIAMONDS FIVE,0.4236,0.005,0.5714
CLUBS EIGHT HEARTS THREE,0.7032,0.078,0.2188
CLUBS JACK CLUBS KING,0.332,0.0054,0.6626
DIAMONDS THREE HEARTS FOUR,0.6322,0.0286,0.3392
SPADES KING SPADES TWO,0.391,0.0078,0.6012
HEARTS FIVE SPADES THREE,0.6342,0.0292,0.3366
DIAMONDS ACE DIAMONDS QUEEN,0.3382,0.006,0.6558
HEARTS FIVE SPADES FOUR,0.6048,0.0252,0.37
CLUBS THREE HEARTS NINE,0.6412,0.0264,0.3324
SPADES SIX HEARTS ACE,0.4238,0.0046,0.5716
CLUBS FOUR HEARTS QUEEN,0.4428,0.0098,0.5474
SPADES JACK HEARTS QUEEN,0.3356,0.0072,0.6572
DIAMONDS ACE SPADES SEVEN,0.4192,0.0038,0.577
CLUBS TEN HEARTS SIX,0.553,0.2218,0.2252
SPADES JACK CLUBS EIGHT,0.2462,0.0552,0.6986
SPADES ACE CLUBS NINE,0.3788,0.0044,0.6168
HEARTS JACK HEARTS NINE,0.3392,0.0154,0.6454
SPADES JACK SPADES SIX,0.395,0.0168,0.5882
SPADES FIVE CLUBS ACE,0.423,0.0034,0.5736
HEARTS SEVEN DIAMONDS KING,0.4174,0.006,0.5766
HEARTS SIX CLUBS KING,0.4216,0.007,0.5714
SPADES SEVEN HEARTS TEN,0.5474,0.224,0.2286
SPADES FIVE CLUBS KING,0.4268,0.0056,0.5676
HEARTS FIVE SPADES FIVE,0.438,0.046,0.516
SPADES TEN CLUBS SIX,0.5524,0.2236,0.224
SPADES FOUR DIAMONDS SIX,0.6258,0.0268,0.3474
CLUBS FIVE DIAMONDS EIGHT,0.6786,0.0794,0.242
CLUBS TWO HEARTS TEN,0.5656,0.2102,0.2242
HEARTS FIVE HEARTS QUEEN,0.412,0.0088,0.5792
CLUBS SIX CLUBS ACE,0.3906,0.0036,0.6058
CLUBS TEN CLUBS EIGHT,0.021,0.909,0.07
CLUBS SIX CLUBS FIVE,0.5932,0.0248,0.382
DIAMONDS SIX HEARTS NINE,0.618,0.0256,0.3564
SPADES EIGHT DIAMONDS NINE,0.6762,0.0772,0.2466
DIAMONDS NINE DIAMONDS FOUR,0.6252,0.0264,0.3484
CLUBS QUEEN DIAMONDS FOUR,0.425,0.0118,0.5632
HEARTS FIVE CLUBS SIX,0.6244,0.0242,0.3514
CLUBS NINE CLUBS KING,0.3554,0.0076,0.637
SPADES TWO DIAMONDS FOUR,0.635,0.0286,0.3364
SPADES QUEEN CLUBS ACE,0.3488,0.0042,0.647
CLUBS FIVE SPADES SEVEN,0.6234,0.0248,0.3518
SPADES EIGHT CLUBS FOUR,0.6794,0.0794,0.2412
CLUBS THREE SPADES THREE,0.445,0.0484,0.5066
CLUBS JACK CLUBS TWO,0.413,0.0152,0.5718
CLUBS NINE CLUBS ACE,0.3776,0.003,0.6194
DIAMONDS KING DIAMONDS JACK,0.3302,0.0074,0.6624
CLUBS JACK DIAMONDS ACE,0.3532,0.0028,0.644
DIAMONDS ACE HEARTS KING,0.3514,0.0036,0.645
CLUBS FIVE HEARTS QUEEN,0.4346,0.0092,0.5562
CLUBS FOUR DIAMONDS FOUR,0.4342,0.0532,0.5126
SPADES JACK SPADES FOUR,0.4026,0.0172,0.5802
SPADES QUEEN SPADES SIX,0.3994,0.0116,0.589
DIAMONDS TWO DIAMONDS SEVEN,0.6484,0.0226,0.329
SPADES NINE DIAMONDS SIX,0.6282,0.0276,0.3442
SPADES FOUR DIAMONDS EIGHT,0.6878,0.0804,0.2318
SPADES JACK SPADES TEN,0.2318,0.0478,0.7204
CLUBS JACK DIAMONDS FIVE,0.419,0.0156,0.5654
DIAMONDS ACE DIAMONDS JACK,0.3334,0.0054,0.6612
HEARTS FIVE CLUBS QUEEN,0.435,0.0088,0.5562
HEARTS TEN DIAMONDS FIVE,0.5506,0.2222,0.2272
SPADES QUEEN CLUBS EIGHT,0.273,0.0414,0.6856
DIAMONDS THREE CLUBS TWO,0.639,0.0276,0.3334
CLUBS EIGHT HEARTS NINE,0.6668,0.0718,0.2614
CLUBS SEVEN CLUBS ACE,0.389,0.0028,0.6082
DIAMONDS KING CLUBS QUEEN,0.3486,0.0102,0.6412
SPADES ACE SPADES FOUR,0.399,0.0038,0.5972
DIAMONDS QUEEN HEARTS KING,0.3192,0.0082,0.6726
SPADES KING DIAMONDS SEVEN,0.4176,0.0064,0.576
HEARTS TWO DIAMONDS QUEEN,0.444,0.0134,0.5426
DIAMONDS THREE CLUBS THREE,0.4544,0.051,0.4946
SPADES KING DIAMONDS ACE,0.3556,0.0052,0.6392
CLUBS TEN SPADES NINE,0.2274,0.1692,0.6034
CLUBS TEN SPADES THREE,0.5654,0.2244,0.2102
CLUBS FOUR SPADES FOUR,0.4272,0.0464,0.5264
SPADES KING HEARTS TEN,0.2526,0.0352,0.7122
SPADES KING DIAMONDS TWO,0.4352,0.006,0.5588
SPADES JACK HEARTS JACK,0.1594,0.0224,0.8182
SPADES SIX HEARTS KING,0.4226,0.007,0.5704
CLUBS THREE CLUBS TWO,0.5906,0.0288,0.3806
SPADES JACK DIAMONDS EIGHT,0.2548,0.0546,0.6906
SPADES JACK CLUBS SIX,0.4296,0.0162,0.5542
DIAMONDS ACE DIAMONDS SEVEN,0.4008,0.0056,0.5936
CLUBS SIX DIAMONDS FOUR,0.6242,0.03,0.3458
DIAMONDS TWO DIAMONDS FIVE,0.6004,0.0248,0.3748
HEARTS THREE DIAMONDS FIVE,0.6324,0.0274,0.3402
CLUBS TEN CLUBS KING,0.2362,0.0322,0.7316
CLUBS FOUR SPADES TWO,0.6304,0.0276,0.342
HEARTS KING SPADES TWO,0.4394,0.0056,0.555
SPADES ACE CLUBS TWO,0.4302,0.0044,0.5654
HEARTS FIVE DIAMONDS EIGHT,0.69,0.0804,0.2296
CLUBS SEVEN CLUBS KING,0.4,0.006,0.594
HEARTS SIX DIAMONDS TWO,0.6614,0.0288,0.3098
CLUBS JACK HEARTS SEVEN,0.4116,0.014,0.5744
CLUBS TEN HEARTS TWO,0.5656,0.2258,0.2086
CLUBS FOUR CLUBS THREE,0.585,0.0266,0.3884
DIAMONDS QUEEN DIAMONDS SEVEN,0.4042,0.0116,0.5842
CLUBS FOUR DIAMONDS NINE,0.6634,0.0246,0.312
CLUBS TEN CLUBS SIX,0.5148,0.2172,0.268
SPADES NINE SPADES SIX,0.5846,0.0262,0.3892
SPADES KING HEARTS FIVE,0.439,0.0066,0.5544
HEARTS SIX HEARTS NINE,0.5916,0.0266,0.3818
HEARTS FIVE SPADES EIGHT,0.6772,0.0868,0.236
DIAMONDS THREE SPADES JACK,0.4408,0.0174,0.5418
SPADES JACK DIAMONDS KING,0.3486,0.004,0.6474
SPADES ACE CLUBS FOUR,0.4206,0.0032,0.5762
SPADES KING SPADES FIVE,0.4064,0.0074,0.5862
CLUBS SEVEN SPADES EIGHT,0.6614,0.0808,0.2578
SPADES KING SPADES EIGHT,0.2642,0.03,0.7058
SPADES KING CLUBS FIVE,0.424,0.0068,0.5692
CLUBS JACK SPADES TWO,0.426,0.016,0.558
CLUBS NINE DIAMONDS QUEEN,0.3582,0.014,0.6278
SPADES KING DIAMONDS JACK,0.348,0.0034,0.6486
CLUBS TWO CLUBS QUEEN,0.4048,0.0112,0.584
CLUBS NINE SPADES JACK,0.3714,0.016,0.6126
HEARTS QUEEN DIAMONDS SEVEN,0.4256,0.0096,0.5648
HEARTS FOUR DIAMONDS JACK,0.432,0.0128,0.5552
SPADES QUEEN SPADES TWO,0.3998,0.0114,0.5888
CLUBS THREE DIAMONDS EIGHT,0.6922,0.0836,0.2242
CLUBS ACE CLUBS QUEEN,0.3484,0.0028,0.6488
HEARTS FIVE DIAMONDS FOUR,0.6154,0.029,0.3556
HEARTS ACE HEARTS TEN,0.2546,0.0206,0.7248
SPADES NINE DIAMONDS JACK,0.3568,0.0188,0.6244
HEARTS SEVEN HEARTS ACE,0.4014,0.005,0.5936
DIAMONDS ACE CLUBS ACE,0.1626,0.0042,0.8332
CLUBS SEVEN HEARTS NINE,0.6108,0.0242,0.365
SPADES JACK SPADES SEVEN,0.3966,0.014,0.5894
CLUBS NINE HEARTS JACK,0.359,0.0154,0.6256
CLUBS NINE DIAMONDS NINE,0.294,0.0362,0.6698
HEARTS TEN DIAMONDS FOUR,0.5496,0.2306,0.2198
SPADES TEN HEARTS QUEEN,0.2532,0.0484,0.6984
HEARTS SEVEN SPADES TWO,0.681,0.0242,0.2948
CLUBS TEN HEARTS TEN,0.122,0.0556,0.8224
HEARTS FOUR SPADES SIX,0.6394,0.023,0.3376
HEARTS SIX SPADES FIVE,0.6238,0.0238,0.3524
HEARTS TWO HEARTS KING,0.4094,0.0064,0.5842
CLUBS JACK SPADES THREE,0.4444,0.0138,0.5418
CLUBS SIX DIAMONDS QUEEN,0.421,0.0118,0.5672
HEARTS KING DIAMONDS FOUR,0.4386,0.007,0.5544
HEARTS SEVEN HEARTS QUEEN,0.409,0.0096,0.5814
HEARTS JACK DIAMONDS SIX,0.4162,0.0192,0.5646
HEARTS FOUR HEARTS ACE,0.4028,0.0044,0.5928
HEARTS SEVEN CLUBS QUEEN,0.4192,0.012,0.5688
SPADES KING CLUBS TEN,0.2472,0.027,0.7258
CLUBS FOUR HEARTS TEN,0.5514,0.224,0.2246
HEARTS TWO SPADES EIGHT,0.7036,0.0792,0.2172
SPADES FOUR DIAMONDS FOUR,0.4386,0.0568,0.5046
DIAMONDS QUEEN CLUBS KING,0.3404,0.0058,0.6538
CLUBS EIGHT HEARTS TWO,0.698,0.0842,0.2178
SPADES QUEEN HEARTS FOUR,0.4472,0.0108,0.542
SPADES NINE DIAMONDS FOUR,0.6498,0.0242,0.326
SPADES SEVEN CLUBS THREE,0.66,0.0264,0.3136
DIAMONDS SEVEN HEARTS TEN,0.5548,0.2314,0.2138
DIAMONDS THREE DIAMONDS ACE,0.4052,0.0052,0.5896
DIAMONDS TWO SPADES TEN,0.5576,0.2312,0.2112
HEARTS SIX HEARTS JACK,0.412,0.017,0.571
DIAMONDS TWO DIAMONDS JACK,0.413,0.017,0.57
HEARTS SEVEN SPADES FOUR,0.6482,0.0238,0.328
CLUBS SEVEN HEARTS TWO,0.6614,0.0278,0.3108
CLUBS TEN SPADES FIVE,0.5376,0.2266,0.2358
HEARTS SIX CLUBS NINE,0.6344,0.0254,0.3402
SPADES THREE HEARTS TEN,0.549,0.2256,0.2254
DIAMONDS THREE SPADES TEN,0.5652,0.2272,0.2076
DIAMONDS TWO SPADES THREE,0.6408,0.0282,0.331
HEARTS JACK DIAMONDS FIVE,0.4276,0.0158,0.5566
SPADES QUEEN DIAMONDS SIX,0.4308,0.0098,0.5594
CLUBS SEVEN DIAMONDS SIX,0.6314,0.02,0.3486
SPADES QUEEN HEARTS FIVE,0.4382,0.0086,0.5532
CLUBS EIGHT CLUBS QUEEN,0.2578,0.0352,0.707
DIAMONDS THREE HEARTS NINE,0.6504,0.0234,0.3262
SPADES SEVEN DIAMONDS EIGHT,0.677,0.0756,0.2474
HEARTS TWO SPADES TWO,0.4518,0.0448,0.5034
HEARTS FOUR CLUBS QUEEN,0.438,0.0118,0.5502
SPADES KING DIAMONDS FIVE,0.4418,0.0084,0.5498
DIAMONDS QUEEN SPADES TWO,0.4276,0.0138,0.5586
HEARTS KING HEARTS QUEEN,0.3338,0.0078,0.6584
SPADES SEVEN DIAMONDS SEVEN,0.4128,0.044,0.5432
DIAMONDS TWO CLUBS SEVEN,0.6756,0.0232,0.3012
SPADES TEN SPADES SIX,0.507,0.2126,0.2804
HEARTS THREE CLUBS QUEEN,0.4378,0.0132,0.549
HEARTS SIX HEARTS QUEEN,0.4122,0.011,0.5768
HEARTS QUEEN CLUBS KING,0.3404,0.0056,0.654
CLUBS JACK SPADES EIGHT,0.2556,0.0556,0.6888
CLUBS FOUR DIAMONDS SEVEN,0.6446,0.0266,0.3288
SPADES FIVE CLUBS QUEEN,0.4338,0.0122,0.554
CLUBS SIX SPADES TWO,0.6476,0.0248,0.3276
SPADES SIX DIAMONDS EIGHT,0.6794,0.0784,0.2422
HEARTS THREE HEARTS NINE,0.6172,0.0236,0.3592
CLUBS SIX CLUBS THREE,0.601,0.0236,0.3754
CLUBS NINE DIAMONDS SEVEN,0.6156,0.0268,0.3576
DIAMONDS NINE HEARTS KING,0.3824,0.006,0.6116
SPADES THREE DIAMONDS SEVEN,0.6672,0.0256,0.3072
HEARTS SIX HEARTS TWO,0.6288,0.0196,0.3516
SPADES ACE HEARTS FOUR,0.4244,0.0038,0.5718
DIAMONDS THREE SPADES QUEEN,0.4402,0.0124,0.5474
CLUBS SEVEN DIAMONDS JACK,0.4046,0.0166,0.5788
HEARTS SEVEN HEARTS KING,0.4,0.008,0.592
DIAMONDS ACE HEARTS QUEEN,0.3546,0.0054,0.64
SPADES KING CLUBS QUEEN,0.3516,0.0064,0.642
CLUBS THREE DIAMONDS SEVEN,0.6562,0.0216,0.3222
CLUBS JACK HEARTS FOUR,0.4232,0.0176,0.5592
HEARTS FOUR CLUBS KING,0.4202,0.0068,0.573
CLUBS TEN DIAMONDS JACK,0.2318,0.0522,0.716
HEARTS SIX CLUBS EIGHT,0.6784,0.0732,0.2484
DIAMONDS EIGHT HEARTS QUEEN,0.2608,0.046,0.6932
SPADES ACE SPADES NINE,0.363,0.003,0.634
DIAMONDS THREE DIAMONDS QUEEN,0.4094,0.0132,0.5774
HEARTS FOUR DIAMONDS SEVEN,0.6386,0.0322,0.3292
CLUBS SIX SPADES EIGHT,0.669,0.0798,0.2512
DIAMONDS THREE SPADES FOUR,0.6312,0.0214,0.3474
CLUBS FIVE DIAMONDS KING,0.4152,0.0074,0.5774
HEARTS TWO DIAMONDS ACE,0.4338,0.0056,0.5606
SPADES KING HEARTS TWO,0.445,0.0064,0.5486
CLUBS SEVEN DIAMONDS NINE,0.622,0.0294,0.3486
HEARTS TWO HEARTS TEN,0.5344,0.2056,0.26
CLUBS SIX CLUBS QUEEN,0.397,0.0094,0.5936
HEARTS SIX DIAMONDS ACE,0.4384,0.0052,0.5564
HEARTS SIX HEARTS THREE,0.6238,0.0274,0.3488
DIAMONDS ACE DIAMONDS KING,0.343,0.004,0.653
HEARTS FIVE DIAMONDS QUEEN,0.452,0.0092,0.5388
DIAMONDS QUEEN DIAMONDS FOUR,0.4112,0.012,0.5768
HEARTS SIX DIAMONDS FIVE,0.6278,0.026,0.3462
HEARTS SEVEN CLUBS THREE,0.6602,0.0234,0.3164
CLUBS SEVEN HEARTS THREE,0.6536,0.0252,0.3212
HEARTS SEVEN DIAMONDS FOUR,0.6544,0.0266,0.319
CLUBS JACK DIAMONDS KING,0.3402,0.0056,0.6542
HEARTS FIVE CLUBS SEVEN,0.6334,0.0218,0.3448
CLUBS JACK SPADES TEN,0.2448,0.0508,0.7044
HEARTS FOUR CLUBS TWO,0.634,0.027,0.339
DIAMONDS ACE CLUBS TWO,0.4274,0.0056,0.567
HEARTS THREE HEARTS TWO,0.6102,0.0254,0.3644
SPADES QUEEN SPADES FIVE,0.4122,0.009,0.5788
