opposingHand,winningChance,drawChance,lostChance
HEARTS TWO DIAMONDS NINE
SPADES KING SPADES TEN,0.302,0.0076,0.6904
HEARTS EIGHT CLUBS TEN,0.3198,0.024,0.6562
SPADES JACK CLUBS THREE,0.3634,0.0204,0.6162
HEARTS FIVE SPADES TWO,0.6364,0.0982,0.2654
CLUBS NINE SPADES SEVEN,0.2248,0.2886,0.4866
DIAMONDS EIGHT DIAMONDS FOUR,0.5332,0.047,0.4198
SPADES FOUR DIAMONDS SEVEN,0.5468,0.0504,0.4028
SPADES EIGHT HEARTS QUEEN,0.3486,0.011,0.6404
DIAMONDS KING DIAMONDS SEVEN,0.338,0.0104,0.6516
CLUBS SIX HEARTS THREE,0.5546,0.0464,0.399
DIAMONDS EIGHT CLUBS QUEEN,0.3484,0.0132,0.6384
CLUBS FOUR SPADES FIVE,0.5314,0.0424,0.4262
CLUBS THREE DIAMONDS TEN,0.354,0.031,0.615
CLUBS NINE DIAMONDS FOUR,0.2258,0.5102,0.264
SPADES SEVEN DIAMONDS FIVE,0.5508,0.0418,0.4074
SPADES QUEEN DIAMONDS JACK,0.3212,0.0108,0.668
CLUBS SEVEN HEARTS NINE,0.2048,0.2916,0.5036
SPADES EIGHT HEARTS JACK,0.3274,0.0148,0.6578
DIAMONDS TWO SPADES SIX,0.6442,0.1022,0.2536
DIAMONDS THREE DIAMONDS KING,0.3462,0.0068,0.647
CLUBS FIVE SPADES THREE,0.5406,0.0422,0.4172
SPADES ACE SPADES NINE,0.2176,0.0226,0.7598
SPADES NINE HEARTS QUEEN,0.2178,0.0552,0.727
SPADES SEVEN DIAMONDS KING,0.3512,0.0074,0.6414
SPADES QUEEN SPADES JACK,0.2976,0.0096,0.6928
CLUBS SIX CLUBS FOUR,0.4998,0.0442,0.456
SPADES KING HEARTS FIVE,0.3556,0.0094,0.635
SPADES FOUR CLUBS KING,0.3752,0.0086,0.6162
DIAMONDS KING SPADES FOUR,0.3534,0.0092,0.6374
HEARTS EIGHT SPADES THREE,0.5662,0.047,0.3868
SPADES QUEEN CLUBS EIGHT,0.3524,0.0114,0.6362
CLUBS FIVE DIAMONDS SEVEN,0.5386,0.043,0.4184
SPADES JACK DIAMONDS TEN,0.2978,0.0124,0.6898
SPADES KING DIAMONDS SIX,0.3522,0.0082,0.6396
HEARTS SIX CLUBS SEVEN,0.5092,0.0452,0.4456
HEARTS ACE DIAMONDS FIVE,0.3332,0.0048,0.662
CLUBS TEN SPADES THREE,0.3542,0.0278,0.618
HEARTS EIGHT HEARTS THREE,0.5306,0.0486,0.4208
CLUBS JACK CLUBS TWO,0.218,0.0518,0.7302
DIAMONDS KING CLUBS TWO,0.2488,0.0282,0.723
SPADES EIGHT HEARTS TEN,0.3212,0.0264,0.6524
HEARTS SIX HEARTS ACE,0.3392,0.0088,0.652
HEARTS EIGHT CLUBS ACE,0.3478,0.0046,0.6476
SPADES KING SPADES NINE,0.203,0.0398,0.7572
SPADES KING CLUBS SEVEN,0.3522,0.0088,0.639
CLUBS FIVE HEARTS ACE,0.338,0.006,0.656
SPADES TEN CLUBS KING,0.3266,0.0062,0.6672
SPADES TWO DIAMONDS SEVEN,0.6516,0.1006,0.2478
CLUBS FIVE HEARTS TEN,0.3534,0.0236,0.623
DIAMONDS TWO CLUBS FOUR,0.6392,0.104,0.2568
SPADES QUEEN HEARTS JACK,0.3034,0.0112,0.6854
DIAMONDS TWO HEARTS FOUR,0.6334,0.1054,0.2612
CLUBS TEN DIAMONDS TWO,0.2428,0.0756,0.6816
SPADES JACK DIAMONDS SEVEN,0.358,0.021,0.621
HEARTS EIGHT CLUBS SIX,0.5354,0.0418,0.4228
DIAMONDS THREE HEARTS FOUR,0.5554,0.0462,0.3984
DIAMONDS TEN DIAMONDS FIVE,0.33,0.0322,0.6378
DIAMONDS QUEEN DIAMONDS FOUR,0.3388,0.014,0.6472
CLUBS JACK CLUBS NINE,0.2018,0.0624,0.7358
SPADES QUEEN DIAMONDS ACE,0.3212,0.0054,0.6734
HEARTS FOUR CLUBS QUEEN,0.3502,0.0166,0.6332
CLUBS JACK HEARTS FOUR,0.3596,0.0202,0.6202
HEARTS FOUR CLUBS TWO,0.6388,0.1042,0.257
SPADES SIX HEARTS QUEEN,0.367,0.0116,0.6214
CLUBS JACK DIAMONDS SIX,0.3622,0.0182,0.6196
DIAMONDS ACE HEARTS QUEEN,0.304,0.005,0.691
DIAMONDS TWO CLUBS KING,0.2384,0.0288,0.7328
CLUBS TEN CLUBS EIGHT,0.314,0.0214,0.6646
HEARTS SEVEN CLUBS THREE,0.5474,0.0452,0.4074
DIAMONDS THREE CLUBS FIVE,0.5392,0.0476,0.4132
CLUBS SIX CLUBS QUEEN,0.324,0.0106,0.6654
HEARTS SIX CLUBS TWO,0.658,0.0948,0.2472
SPADES KING CLUBS QUEEN,0.3258,0.0062,0.668
CLUBS TWO CLUBS ACE,0.2232,0.0168,0.76
HEARTS JACK DIAMONDS FOUR,0.3544,0.022,0.6236
SPADES KING HEARTS ACE,0.3126,0.0044,0.683
SPADES FIVE DIAMONDS SIX,0.5272,0.0424,0.4304
DIAMONDS JACK SPADES TWO,0.24,0.0592,0.7008
SPADES NINE SPADES TWO,0.0206,0.9074,0.072
SPADES EIGHT DIAMONDS SIX,0.537,0.0416,0.4214
SPADES JACK CLUBS FIVE,0.3586,0.021,0.6204
HEARTS SEVEN HEARTS QUEEN,0.345,0.0098,0.6452
HEARTS ACE DIAMONDS EIGHT,0.34,0.0046,0.6554
CLUBS FIVE CLUBS TWO,0.5812,0.109,0.3098
HEARTS SEVEN DIAMONDS EIGHT,0.5092,0.0374,0.4534
CLUBS SIX DIAMONDS EIGHT,0.5402,0.0378,0.422
CLUBS FOUR CLUBS TWO,0.6,0.0984,0.3016
CLUBS ACE HEARTS NINE,0.2156,0.029,0.7554
HEARTS SEVEN CLUBS SEVEN,0.254,0.0704,0.6756
HEARTS SEVEN DIAMONDS ACE,0.333,0.0044,0.6626
CLUBS JACK CLUBS FOUR,0.3304,0.0172,0.6524
SPADES TEN CLUBS SEVEN,0.3324,0.0242,0.6434
DIAMONDS EIGHT DIAMONDS SEVEN,0.4826,0.0398,0.4776
DIAMONDS THREE HEARTS KING,0.3506,0.0098,0.6396
DIAMONDS TWO CLUBS THREE,0.6288,0.1124,0.2588
SPADES JACK SPADES NINE,0.2078,0.0558,0.7364
HEARTS SEVEN SPADES TWO,0.6572,0.1044,0.2384
SPADES TEN CLUBS FIVE,0.3474,0.0208,0.6318
SPADES EIGHT DIAMONDS JACK,0.318,0.0206,0.6614
DIAMONDS ACE CLUBS TWO,0.2282,0.0162,0.7556
DIAMONDS JACK DIAMONDS EIGHT,0.3194,0.019,0.6616
CLUBS FIVE DIAMONDS ACE,0.3462,0.0066,0.6472
HEARTS EIGHT HEARTS KING,0.3334,0.0062,0.6604
CLUBS JACK HEARTS SEVEN,0.3364,0.0168,0.6468
DIAMONDS ACE DIAMONDS EIGHT,0.3312,0.0066,0.6622
HEARTS SEVEN CLUBS TWO,0.6454,0.1036,0.251
SPADES TEN HEARTS TEN,0.128,0.0416,0.8304
SPADES TEN HEARTS JACK,0.294,0.0152,0.6908
HEARTS QUEEN CLUBS KING,0.3258,0.0058,0.6684
CLUBS KING DIAMONDS FIVE,0.3712,0.0084,0.6204
CLUBS SEVEN CLUBS TWO,0.6162,0.0972,0.2866
DIAMONDS THREE DIAMONDS TEN,0.3406,0.0284,0.631
SPADES SIX SPADES TWO,0.6198,0.0936,0.2866
SPADES SIX DIAMONDS FIVE,0.5274,0.0426,0.43
SPADES QUEEN SPADES SIX,0.3328,0.015,0.6522
SPADES ACE DIAMONDS SEVEN,0.3516,0.0068,0.6416
DIAMONDS SIX CLUBS QUEEN,0.3628,0.0132,0.624
HEARTS EIGHT HEARTS ACE,0.3404,0.0054,0.6542
CLUBS NINE HEARTS TEN,0.2072,0.077,0.7158
SPADES SEVEN HEARTS KING,0.3468,0.0052,0.648
SPADES ACE HEARTS SEVEN,0.3434,0.0038,0.6528
DIAMONDS EIGHT HEARTS QUEEN,0.3526,0.01,0.6374
SPADES NINE CLUBS QUEEN,0.2252,0.0448,0.73
SPADES QUEEN DIAMONDS FIVE,0.3582,0.0118,0.63
DIAMONDS THREE SPADES JACK,0.3598,0.02,0.6202
CLUBS EIGHT HEARTS FOUR,0.5522,0.0488,0.399
CLUBS THREE DIAMONDS SEVEN,0.5768,0.043,0.3802
SPADES FIVE SPADES FOUR,0.506,0.04,0.454
SPADES ACE DIAMONDS THREE,0.3498,0.0082,0.642
HEARTS FOUR DIAMONDS QUEEN,0.3406,0.014,0.6454
CLUBS NINE CLUBS FOUR,0.2052,0.485,0.3098
SPADES TEN DIAMONDS KING,0.3126,0.0092,0.6782
SPADES FOUR DIAMONDS FOUR,0.2868,0.085,0.6282
DIAMONDS THREE SPADES KING,0.3578,0.0094,0.6328
SPADES NINE DIAMONDS EIGHT,0.2176,0.2378,0.5446
CLUBS JACK SPADES SEVEN,0.34,0.017,0.643
SPADES FIVE DIAMONDS FOUR,0.534,0.0464,0.4196
CLUBS SEVEN CLUBS QUEEN,0.3262,0.0124,0.6614
CLUBS ACE CLUBS QUEEN,0.3072,0.0038,0.689
DIAMONDS KING HEARTS JACK,0.2992,0.0088,0.692
SPADES NINE DIAMONDS QUEEN,0.2144,0.0464,0.7392
SPADES EIGHT SPADES SIX,0.4888,0.0418,0.4694
CLUBS TWO DIAMONDS SIX,0.655,0.1058,0.2392
DIAMONDS QUEEN DIAMONDS TEN,0.283,0.0114,0.7056
HEARTS KING DIAMONDS SEVEN,0.3372,0.0084,0.6544
HEARTS FIVE DIAMONDS FIVE,0.2766,0.0816,0.6418
CLUBS JACK SPADES KING,0.3276,0.0074,0.665
DIAMONDS TWO CLUBS ACE,0.2368,0.0164,0.7468
SPADES JACK SPADES EIGHT,0.322,0.0146,0.6634
SPADES QUEEN HEARTS SIX,0.3552,0.0122,0.6326
HEARTS ACE CLUBS KING,0.3098,0.0042,0.686
CLUBS NINE SPADES TEN,0.226,0.079,0.695
CLUBS TWO SPADES FOUR,0.626,0.1068,0.2672
SPADES THREE DIAMONDS SEVEN,0.5582,0.0456,0.3962
DIAMONDS JACK CLUBS KING,0.3084,0.0066,0.685
SPADES ACE CLUBS THREE,0.3536,0.004,0.6424
DIAMONDS KING HEARTS QUEEN,0.301,0.0074,0.6916
HEARTS EIGHT SPADES FIVE,0.5412,0.0374,0.4214
SPADES JACK SPADES TEN,0.279,0.0174,0.7036
HEARTS EIGHT DIAMONDS ACE,0.3408,0.005,0.6542
HEARTS EIGHT DIAMONDS EIGHT,0.2476,0.063,0.6894
DIAMONDS TWO DIAMONDS SEVEN,0.636,0.0978,0.2662
CLUBS SEVEN HEARTS KING,0.3534,0.007,0.6396
CLUBS TEN CLUBS FOUR,0.3318,0.0292,0.639
DIAMONDS FIVE CLUBS QUEEN,0.3684,0.0116,0.62
HEARTS SEVEN DIAMONDS TWO,0.6646,0.1044,0.231
DIAMONDS THREE CLUBS ACE,0.3546,0.0056,0.6398
HEARTS FIVE CLUBS FOUR,0.5276,0.048,0.4244
SPADES SEVEN DIAMONDS TEN,0.3434,0.0282,0.6284
HEARTS SEVEN CLUBS SIX,0.5148,0.04,0.4452
HEARTS SIX HEARTS THREE,0.5276,0.0462,0.4262
HEARTS FIVE HEARTS TEN,0.3224,0.0264,0.6512
DIAMONDS THREE HEARTS NINE,0.2124,0.5336,0.254
SPADES ACE DIAMONDS SIX,0.355,0.0052,0.6398
CLUBS TEN CLUBS QUEEN,0.295,0.0122,0.6928
CLUBS SIX DIAMONDS QUEEN,0.3438,0.012,0.6442
DIAMONDS EIGHT DIAMONDS SIX,0.5118,0.0416,0.4466
HEARTS EIGHT CLUBS QUEEN,0.3414,0.0124,0.6462
HEARTS THREE DIAMONDS FIVE,0.5462,0.0426,0.4112
SPADES EIGHT SPADES FOUR,0.5246,0.0454,0.43
SPADES SIX CLUBS KING,0.3568,0.0054,0.6378
CLUBS TEN DIAMONDS EIGHT,0.3368,0.0284,0.6348
CLUBS TWO HEARTS NINE,0.0128,0.9688,0.0184
CLUBS EIGHT DIAMONDS QUEEN,0.3414,0.0126,0.646
SPADES EIGHT SPADES SEVEN,0.4866,0.038,0.4754
DIAMONDS KING DIAMONDS FIVE,0.3446,0.0088,0.6466
SPADES KING HEARTS TEN,0.3106,0.0062,0.6832
HEARTS KING HEARTS JACK,0.2968,0.0062,0.697
SPADES JACK SPADES THREE,0.33,0.0186,0.6514
DIAMONDS TWO DIAMONDS FOUR,0.6028,0.1082,0.289
SPADES EIGHT DIAMONDS TEN,0.3278,0.023,0.6492
SPADES EIGHT HEARTS ACE,0.3468,0.0024,0.6508
CLUBS SEVEN DIAMONDS JACK,0.3438,0.0196,0.6366
DIAMONDS JACK DIAMONDS FOUR,0.3386,0.0206,0.6408
DIAMONDS THREE SPADES SIX,0.5462,0.0466,0.4072
CLUBS ACE DIAMONDS SIX,0.3598,0.0056,0.6346
SPADES EIGHT SPADES TWO,0.6276,0.1024,0.27
DIAMONDS TEN CLUBS QUEEN,0.307,0.0122,0.6808
DIAMONDS THREE DIAMONDS FIVE,0.508,0.0472,0.4448
SPADES QUEEN SPADES TWO,0.2318,0.042,0.7262
DIAMONDS ACE SPADES SEVEN,0.3436,0.0052,0.6512
HEARTS THREE CLUBS FIVE,0.5226,0.053,0.4244
CLUBS JACK SPADES SIX,0.3558,0.018,0.6262
CLUBS JACK HEARTS JACK,0.1424,0.032,0.8256
SPADES ACE CLUBS TWO,0.243,0.0142,0.7428
SPADES QUEEN HEARTS KING,0.3146,0.0094,0.676
SPADES JACK DIAMONDS FOUR,0.3722,0.0168,0.611
DIAMONDS THREE HEARTS QUEEN,0.3676,0.0146,0.6178
DIAMONDS EIGHT DIAMONDS FIVE,0.534,0.0388,0.4272
CLUBS NINE HEARTS FIVE,0.2008,0.455,0.3442
CLUBS JACK DIAMONDS JACK,0.1318,0.0314,0.8368
CLUBS TEN DIAMONDS KING,0.3104,0.0084,0.6812
DIAMONDS QUEEN HEARTS TEN,0.3076,0.0082,0.6842
SPADES ACE SPADES FOUR,0.3244,0.005,0.6706
DIAMONDS TWO SPADES JACK,0.2396,0.0488,0.7116
SPADES KING HEARTS FOUR,0.3576,0.008,0.6344
HEARTS QUEEN CLUBS QUEEN,0.121,0.02,0.859
CLUBS EIGHT HEARTS THREE,0.5532,0.047,0.3998
HEARTS SIX HEARTS FOUR,0.5174,0.0376,0.445
CLUBS ACE DIAMONDS FOUR,0.3408,0.0044,0.6548
CLUBS SEVEN DIAMONDS SEVEN,0.262,0.072,0.666
HEARTS EIGHT HEARTS SIX,0.5154,0.0404,0.4442
CLUBS THREE CLUBS QUEEN,0.3502,0.0126,0.6372
SPADES ACE CLUBS KING,0.3324,0.0032,0.6644
SPADES ACE DIAMONDS ACE,0.119,0.0028,0.8782
DIAMONDS ACE SPADES THREE,0.3456,0.0064,0.648
SPADES ACE DIAMONDS KING,0.3206,0.0056,0.6738
HEARTS EIGHT CLUBS SEVEN,0.5212,0.0426,0.4362
CLUBS SIX DIAMONDS KING,0.3426,0.0058,0.6516
SPADES FIVE CLUBS KING,0.3498,0.0056,0.6446
DIAMONDS ACE CLUBS THREE,0.338,0.005,0.657
CLUBS TEN SPADES NINE,0.2374,0.073,0.6896
SPADES QUEEN HEARTS TEN,0.305,0.013,0.682
SPADES NINE HEARTS ACE,0.2228,0.0292,0.748
SPADES KING SPADES TWO,0.2362,0.0266,0.7372
DIAMONDS KING CLUBS QUEEN,0.319,0.0064,0.6746
CLUBS SEVEN SPADES TWO,0.677,0.095,0.228
HEARTS THREE DIAMONDS ACE,0.3366,0.0054,0.658
SPADES KING CLUBS SIX,0.3634,0.0096,0.627
HEARTS FIVE SPADES SEVEN,0.5228,0.0418,0.4354
HEARTS SEVEN SPADES QUEEN,0.3498,0.013,0.6372
HEARTS FOUR SPADES SEVEN,0.536,0.0442,0.4198
HEARTS QUEEN DIAMONDS SEVEN,0.3582,0.0114,0.6304
CLUBS TWO DIAMONDS EIGHT,0.6672,0.1096,0.2232
HEARTS THREE CLUBS THREE,0.2746,0.0926,0.6328
SPADES TEN SPADES TWO,0.2154,0.0698,0.7148
HEARTS SIX DIAMONDS JACK,0.3524,0.0174,0.6302
SPADES ACE HEARTS QUEEN,0.3162,0.004,0.6798
SPADES ACE CLUBS TEN,0.3194,0.004,0.6766
CLUBS EIGHT SPADES TWO,0.659,0.0976,0.2434
CLUBS SEVEN SPADES NINE,0.213,0.2862,0.5008
CLUBS EIGHT DIAMONDS SEVEN,0.5108,0.042,0.4472
HEARTS SIX DIAMONDS SIX,0.2614,0.0752,0.6634
SPADES QUEEN HEARTS THREE,0.3548,0.0124,0.6328
HEARTS FOUR DIAMONDS TEN,0.3316,0.0314,0.637
CLUBS NINE CLUBS EIGHT,0.1996,0.2242,0.5762
HEARTS JACK CLUBS KING,0.3018,0.008,0.6902
DIAMONDS SIX HEARTS TEN,0.3526,0.0264,0.621
CLUBS SEVEN CLUBS THREE,0.5238,0.0428,0.4334
SPADES FIVE HEARTS QUEEN,0.3578,0.012,0.6302
HEARTS QUEEN DIAMONDS SIX,0.3564,0.0124,0.6312
HEARTS ACE DIAMONDS TEN,0.3162,0.005,0.6788
HEARTS FOUR HEARTS KING,0.3368,0.0074,0.6558
SPADES ACE CLUBS ACE,0.1204,0.0032,0.8764
SPADES NINE CLUBS ACE,0.2288,0.023,0.7482
HEARTS THREE SPADES FIVE,0.5468,0.048,0.4052
CLUBS TWO CLUBS QUEEN,0.2308,0.0374,0.7318
CLUBS SIX HEARTS TEN,0.3432,0.0256,0.6312
CLUBS EIGHT DIAMONDS TEN,0.3226,0.0242,0.6532
HEARTS EIGHT DIAMONDS FIVE,0.5434,0.0406,0.416
DIAMONDS QUEEN SPADES FOUR,0.3456,0.0144,0.64
SPADES NINE SPADES SEVEN,0.1982,0.2754,0.5264
SPADES TEN CLUBS THREE,0.3682,0.0288,0.603
SPADES QUEEN DIAMONDS QUEEN,0.1284,0.0208,0.8508
HEARTS FIVE SPADES EIGHT,0.52,0.048,0.432
SPADES ACE HEARTS FOUR,0.3436,0.0038,0.6526
HEARTS FIVE DIAMONDS SEVEN,0.5254,0.0496,0.425
CLUBS SEVEN DIAMONDS ACE,0.3512,0.004,0.6448
DIAMONDS ACE SPADES FIVE,0.3436,0.0062,0.6502
HEARTS EIGHT CLUBS EIGHT,0.253,0.0604,0.6866
CLUBS JACK SPADES TWO,0.2378,0.0536,0.7086
SPADES TEN DIAMONDS FIVE,0.345,0.0314,0.6236
DIAMONDS JACK SPADES THREE,0.356,0.0206,0.6234
HEARTS FIVE HEARTS QUEEN,0.3418,0.0126,0.6456
DIAMONDS EIGHT HEARTS TEN,0.32,0.0228,0.6572
SPADES JACK SPADES FOUR,0.3406,0.0176,0.6418
DIAMONDS KING SPADES TWO,0.2372,0.0294,0.7334
SPADES NINE DIAMONDS ACE,0.217,0.0276,0.7554
HEARTS KING CLUBS ACE,0.3178,0.006,0.6762
HEARTS THREE HEARTS ACE,0.3152,0.0044,0.6804
CLUBS FIVE DIAMONDS EIGHT,0.5436,0.041,0.4154
SPADES KING HEARTS SIX,0.3556,0.0064,0.638
CLUBS NINE CLUBS TWO,0.023,0.9104,0.0666
SPADES QUEEN HEARTS FOUR,0.3586,0.0148,0.6266
CLUBS TWO DIAMONDS FIVE,0.6316,0.1048,0.2636
SPADES THREE SPADES TWO,0.5976,0.099,0.3034
CLUBS KING HEARTS NINE,0.224,0.0412,0.7348
CLUBS SIX DIAMONDS SIX,0.2764,0.0772,0.6464
DIAMONDS KING SPADES THREE,0.3596,0.0094,0.631
DIAMONDS THREE SPADES FIVE,0.534,0.0436,0.4224
SPADES SIX SPADES FIVE,0.5136,0.0416,0.4448
SPADES TWO DIAMONDS SIX,0.6474,0.1078,0.2448
HEARTS SIX CLUBS EIGHT,0.5214,0.0398,0.4388
HEARTS FOUR SPADES FOUR,0.277,0.0864,0.6366
SPADES QUEEN SPADES FOUR,0.337,0.014,0.649
DIAMONDS QUEEN DIAMONDS JACK,0.2818,0.0112,0.707
CLUBS SIX SPADES SEVEN,0.5194,0.0424,0.4382
DIAMONDS ACE SPADES SIX,0.365,0.006,0.629
CLUBS TEN HEARTS NINE,0.216,0.0802,0.7038
SPADES EIGHT DIAMONDS QUEEN,0.3568,0.01,0.6332
SPADES ACE HEARTS KING,0.3134,0.0052,0.6814
HEARTS SIX SPADES TEN,0.3376,0.0306,0.6318
SPADES QUEEN CLUBS SEVEN,0.3596,0.012,0.6284
HEARTS KING CLUBS QUEEN,0.3228,0.0074,0.6698
HEARTS FIVE CLUBS SEVEN,0.5228,0.0442,0.433
DIAMONDS SEVEN HEARTS NINE,0.2106,0.277,0.5124
SPADES SIX HEARTS NINE,0.2064,0.3634,0.4302
DIAMONDS SEVEN CLUBS ACE,0.3602,0.0056,0.6342
SPADES FIVE HEARTS KING,0.3642,0.0068,0.629
SPADES KING CLUBS NINE,0.2346,0.0366,0.7288
SPADES FOUR DIAMONDS TEN,0.3578,0.0254,0.6168
DIAMONDS THREE HEARTS FIVE,0.5364,0.0468,0.4168
HEARTS FIVE CLUBS THREE,0.5344,0.0486,0.417
SPADES EIGHT SPADES FIVE,0.5048,0.043,0.4522
CLUBS SEVEN SPADES EIGHT,0.5082,0.0382,0.4536
DIAMONDS TWO DIAMONDS JACK,0.232,0.0494,0.7186
SPADES TEN DIAMONDS FOUR,0.3538,0.0332,0.613
DIAMONDS EIGHT HEARTS NINE,0.2126,0.2326,0.5548
SPADES TWO HEARTS TEN,0.231,0.0696,0.6994
DIAMONDS SEVEN DIAMONDS FOUR,0.506,0.0422,0.4518
CLUBS TEN SPADES JACK,0.2938,0.0146,0.6916
DIAMONDS TWO DIAMONDS ACE,0.2312,0.0202,0.7486
DIAMONDS TWO SPADES NINE,0.0166,0.9712,0.0122
DIAMONDS TEN DIAMONDS FOUR,0.3448,0.0284,0.6268
HEARTS FOUR DIAMONDS FIVE,0.5284,0.044,0.4276
SPADES KING DIAMONDS EIGHT,0.3612,0.0046,0.6342
SPADES THREE CLUBS QUEEN,0.358,0.0106,0.6314
HEARTS SIX CLUBS KING,0.3512,0.0078,0.641
CLUBS EIGHT CLUBS SEVEN,0.4906,0.036,0.4734
HEARTS THREE SPADES FOUR,0.5528,0.0442,0.403
SPADES ACE HEARTS ACE,0.113,0.005,0.882
SPADES FIVE CLUBS TWO,0.6298,0.105,0.2652
CLUBS TEN CLUBS FIVE,0.3292,0.0258,0.645
CLUBS THREE DIAMONDS JACK,0.3566,0.0222,0.6212
DIAMONDS THREE DIAMONDS JACK,0.3434,0.0214,0.6352
CLUBS SEVEN CLUBS KING,0.3256,0.0076,0.6668
HEARTS SEVEN SPADES FIVE,0.536,0.0422,0.4218
CLUBS TEN DIAMONDS ACE,0.3012,0.0048,0.694
HEARTS THREE DIAMONDS SEVEN,0.5494,0.0458,0.4048
DIAMONDS THREE CLUBS SEVEN,0.5528,0.048,0.3992
SPADES FOUR HEARTS TEN,0.3484,0.0284,0.6232
CLUBS FOUR CLUBS KING,0.3372,0.0072,0.6556
DIAMONDS JACK CLUBS QUEEN,0.2958,0.0106,0.6936
HEARTS EIGHT DIAMONDS QUEEN,0.342,0.01,0.648
HEARTS EIGHT DIAMONDS FOUR,0.5644,0.0506,0.385
SPADES FIVE DIAMONDS SEVEN,0.5384,0.0442,0.4174
HEARTS SIX SPADES THREE,0.5592,0.0452,0.3956
DIAMONDS TWO CLUBS SEVEN,0.6712,0.1066,0.2222
DIAMONDS TEN DIAMONDS EIGHT,0.31,0.025,0.665
HEARTS QUEEN HEARTS JACK,0.3004,0.0096,0.69
CLUBS EIGHT SPADES EIGHT,0.2548,0.0628,0.6824
SPADES TEN SPADES THREE,0.3416,0.025,0.6334
HEARTS FOUR CLUBS FIVE,0.5276,0.0498,0.4226
HEARTS FOUR CLUBS FOUR,0.2814,0.0824,0.6362
HEARTS TEN HEARTS NINE,0.2084,0.0776,0.714
SPADES KING SPADES JACK,0.2978,0.0092,0.693
DIAMONDS QUEEN HEARTS QUEEN,0.1222,0.0236,0.8542
CLUBS TEN DIAMONDS TEN,0.1386,0.0368,0.8246
CLUBS SIX SPADES THREE,0.5494,0.039,0.4116
SPADES KING HEARTS JACK,0.3084,0.0062,0.6854
DIAMONDS SIX HEARTS NINE,0.2258,0.3718,0.4024
DIAMONDS THREE CLUBS TWO,0.627,0.1164,0.2566
SPADES JACK CLUBS ACE,0.3276,0.0046,0.6678
DIAMONDS ACE HEARTS JACK,0.3056,0.0056,0.6888
CLUBS NINE SPADES SIX,0.209,0.3716,0.4194
CLUBS EIGHT CLUBS TWO,0.617,0.1076,0.2754
CLUBS NINE SPADES TWO,0.0222,0.9566,0.0212
CLUBS JACK HEARTS SIX,0.3544,0.0158,0.6298
SPADES THREE DIAMONDS FIVE,0.5344,0.0462,0.4194
SPADES EIGHT HEARTS NINE,0.2058,0.2298,0.5644
SPADES ACE DIAMONDS EIGHT,0.3546,0.0036,0.6418
DIAMONDS JACK SPADES FOUR,0.355,0.017,0.628
HEARTS THREE DIAMONDS FOUR,0.545,0.0476,0.4074
CLUBS JACK CLUBS EIGHT,0.3214,0.018,0.6606
HEARTS FIVE HEARTS FOUR,0.5012,0.0446,0.4542
SPADES TEN CLUBS ACE,0.3136,0.0052,0.6812
CLUBS FIVE SPADES SEVEN,0.5318,0.0446,0.4236
SPADES SIX DIAMONDS TEN,0.3436,0.0294,0.627
CLUBS SEVEN CLUBS FIVE,0.4822,0.0398,0.478
DIAMONDS THREE HEARTS JACK,0.3506,0.0218,0.6276
SPADES JACK HEARTS TEN,0.3008,0.0136,0.6856
CLUBS JACK SPADES FOUR,0.3494,0.0198,0.6308
CLUBS TWO HEARTS KING,0.2424,0.0308,0.7268
DIAMONDS TWO SPADES TEN,0.2414,0.0828,0.6758
SPADES JACK SPADES SEVEN,0.317,0.0164,0.6666
DIAMONDS THREE SPADES EIGHT,0.5782,0.0428,0.379
HEARTS TEN CLUBS QUEEN,0.3044,0.007,0.6886
CLUBS SEVEN HEARTS THREE,0.5496,0.0444,0.406
DIAMONDS ACE DIAMONDS FOUR,0.327,0.0072,0.6658
HEARTS EIGHT DIAMONDS SEVEN,0.5072,0.0468,0.446
HEARTS KING DIAMONDS FOUR,0.3622,0.008,0.6298
SPADES ACE SPADES JACK,0.2982,0.0032,0.6986
HEARTS FIVE DIAMONDS KING,0.3502,0.009,0.6408
CLUBS FIVE DIAMONDS JACK,0.3516,0.0176,0.6308
SPADES SEVEN SPADES THREE,0.5096,0.0458,0.4446
DIAMONDS JACK DIAMONDS FIVE,0.3326,0.0184,0.649
CLUBS NINE HEARTS QUEEN,0.2306,0.0416,0.7278
CLUBS SIX CLUBS FIVE,0.5022,0.0434,0.4544
CLUBS FIVE CLUBS QUEEN,0.3434,0.0142,0.6424
DIAMONDS QUEEN CLUBS KING,0.3106,0.0074,0.682
SPADES QUEEN SPADES SEVEN,0.3412,0.0106,0.6482
SPADES FOUR DIAMONDS SIX,0.539,0.0414,0.4196
DIAMONDS ACE CLUBS ACE,0.106,0.0032,0.8908
HEARTS SIX CLUBS THREE,0.5662,0.0426,0.3912
SPADES THREE HEARTS JACK,0.3494,0.018,0.6326
DIAMONDS THREE SPADES FOUR,0.5566,0.0454,0.398
SPADES TEN HEARTS QUEEN,0.3006,0.0114,0.688
SPADES FIVE HEARTS JACK,0.3486,0.0202,0.6312
DIAMONDS THREE DIAMONDS EIGHT,0.5424,0.0404,0.4172
CLUBS EIGHT DIAMONDS ACE,0.345,0.0048,0.6502
CLUBS FIVE DIAMONDS FOUR,0.5492,0.0448,0.406
HEARTS SEVEN CLUBS EIGHT,0.5026,0.0432,0.4542
DIAMONDS TWO DIAMONDS QUEEN,0.2382,0.0338,0.728
SPADES QUEEN SPADES FIVE,0.3362,0.0114,0.6524
DIAMONDS QUEEN DIAMONDS EIGHT,0.3298,0.0118,0.6584
DIAMONDS JACK DIAMONDS SIX,0.3446,0.022,0.6334
CLUBS EIGHT HEARTS TEN,0.3278,0.0236,0.6486
DIAMONDS TEN HEARTS NINE,0.209,0.0766,0.7144
SPADES KING HEARTS THREE,0.364,0.0096,0.6264
HEARTS THREE CLUBS KING,0.368,0.0086,0.6234
CLUBS THREE DIAMONDS FOUR,0.5382,0.0442,0.4176
CLUBS EIGHT SPADES SEVEN,0.5188,0.039,0.4422
DIAMONDS TWO SPADES TWO,0.2792,0.0612,0.6596
SPADES ACE CLUBS EIGHT,0.3564,0.0058,0.6378
CLUBS SEVEN CLUBS SIX,0.4932,0.0404,0.4664
SPADES JACK SPADES SIX,0.3354,0.0148,0.6498
HEARTS FOUR DIAMONDS EIGHT,0.5616,0.0458,0.3926
CLUBS JACK HEARTS ACE,0.3194,0.0032,0.6774
DIAMONDS KING DIAMONDS JACK,0.3078,0.0074,0.6848
SPADES SEVEN CLUBS THREE,0.5606,0.0426,0.3968
CLUBS TEN SPADES FIVE,0.3556,0.0236,0.6208
HEARTS QUEEN HEARTS TEN,0.294,0.0098,0.6962
SPADES THREE DIAMONDS FOUR,0.5482,0.0494,0.4024
CLUBS NINE HEARTS ACE,0.2132,0.0256,0.7612
DIAMONDS TEN HEARTS JACK,0.284,0.0176,0.6984
SPADES TWO HEARTS NINE,0.0086,0.9736,0.0178
SPADES FIVE HEARTS NINE,0.2074,0.4782,0.3144
SPADES SIX CLUBS THREE,0.5534,0.0458,0.4008
SPADES ACE CLUBS JACK,0.3158,0.0042,0.68
CLUBS JACK DIAMONDS EIGHT,0.334,0.019,0.647
CLUBS FIVE SPADES FIVE,0.2732,0.0806,0.6462
DIAMONDS QUEEN SPADES FIVE,0.3506,0.0152,0.6342
SPADES JACK DIAMONDS EIGHT,0.3436,0.0196,0.6368
CLUBS TEN CLUBS SEVEN,0.3186,0.0262,0.6552
CLUBS FOUR DIAMONDS JACK,0.341,0.0222,0.6368
CLUBS NINE CLUBS KING,0.2088,0.0352,0.756
SPADES JACK CLUBS FOUR,0.3646,0.0204,0.615
SPADES SEVEN HEARTS JACK,0.3544,0.0152,0.6304
SPADES EIGHT CLUBS KING,0.3626,0.0062,0.6312
SPADES THREE CLUBS KING,0.3634,0.01,0.6266
CLUBS ACE HEARTS TEN,0.3198,0.005,0.6752
DIAMONDS ACE DIAMONDS JACK,0.2992,0.0056,0.6952
SPADES TEN DIAMONDS QUEEN,0.3002,0.0102,0.6896
DIAMONDS KING DIAMONDS EIGHT,0.3378,0.0086,0.6536
HEARTS ACE HEARTS KING,0.2978,0.0064,0.6958
SPADES TWO HEARTS QUEEN,0.2412,0.0362,0.7226
HEARTS FIVE DIAMONDS SIX,0.52,0.0504,0.4296
SPADES TWO HEARTS JACK,0.2238,0.0626,0.7136
DIAMONDS THREE SPADES QUEEN,0.3628,0.0146,0.6226
SPADES NINE CLUBS FIVE,0.2212,0.4564,0.3224
CLUBS FIVE SPADES SIX,0.5136,0.047,0.4394
CLUBS NINE DIAMONDS FIVE,0.2114,0.4656,0.323
DIAMONDS ACE DIAMONDS SIX,0.35,0.0052,0.6448
CLUBS NINE SPADES FIVE,0.2302,0.4394,0.3304
SPADES FOUR HEARTS QUEEN,0.3538,0.013,0.6332
SPADES NINE HEARTS KING,0.2214,0.0352,0.7434
CLUBS JACK DIAMONDS SEVEN,0.3594,0.0172,0.6234
HEARTS SIX CLUBS ACE,0.3502,0.006,0.6438
CLUBS EIGHT HEARTS FIVE,0.5362,0.043,0.4208
SPADES SEVEN HEARTS TEN,0.3254,0.0288,0.6458
HEARTS THREE CLUBS TWO,0.6356,0.101,0.2634
HEARTS THREE DIAMONDS EIGHT,0.579,0.0476,0.3734
SPADES EIGHT CLUBS THREE,0.5682,0.047,0.3848
CLUBS EIGHT SPADES FOUR,0.5642,0.0456,0.3902
SPADES ACE DIAMONDS TWO,0.2358,0.0132,0.751
SPADES TEN DIAMONDS TEN,0.1378,0.0386,0.8236
HEARTS SIX CLUBS QUEEN,0.3482,0.011,0.6408
SPADES SEVEN SPADES FOUR,0.5056,0.0438,0.4506
HEARTS FOUR CLUBS THREE,0.537,0.0446,0.4184
HEARTS EIGHT CLUBS KING,0.3496,0.0072,0.6432
SPADES ACE HEARTS JACK,0.3272,0.0044,0.6684
SPADES FIVE DIAMONDS JACK,0.356,0.0194,0.6246
DIAMONDS JACK HEARTS NINE,0.1982,0.063,0.7388
HEARTS SEVEN DIAMONDS SIX,0.5066,0.0438,0.4496
HEARTS SIX SPADES SIX,0.2672,0.0712,0.6616
CLUBS FOUR HEARTS TEN,0.3464,0.03,0.6236
DIAMONDS THREE SPADES NINE,0.2184,0.527,0.2546
HEARTS FIVE CLUBS KING,0.349,0.009,0.642
DIAMONDS ACE CLUBS QUEEN,0.3164,0.0036,0.68
HEARTS SIX CLUBS FOUR,0.5402,0.0462,0.4136
DIAMONDS THREE DIAMONDS SIX,0.5312,0.045,0.4238
CLUBS JACK DIAMONDS FIVE,0.3492,0.0212,0.6296
DIAMONDS THREE SPADES TEN,0.3556,0.0256,0.6188
DIAMONDS TWO DIAMONDS KING,0.2288,0.0336,0.7376
HEARTS FOUR HEARTS JACK,0.3292,0.0194,0.6514
SPADES NINE SPADES FOUR,0.2076,0.4896,0.3028
DIAMONDS TWO DIAMONDS FIVE,0.6084,0.0974,0.2942
CLUBS NINE HEARTS FOUR,0.2056,0.5356,0.2588
SPADES JACK HEARTS KING,0.3098,0.007,0.6832
SPADES SEVEN SPADES SIX,0.4896,0.0414,0.469
CLUBS NINE CLUBS SIX,0.2096,0.3448,0.4456
DIAMONDS THREE SPADES TWO,0.6424,0.1018,0.2558
DIAMONDS THREE CLUBS NINE,0.2204,0.5286,0.251
CLUBS TEN SPADES EIGHT,0.3256,0.0232,0.6512
SPADES SEVEN DIAMONDS QUEEN,0.3548,0.0148,0.6304
CLUBS SIX SPADES FOUR,0.523,0.0478,0.4292
HEARTS FOUR SPADES TWO,0.6456,0.101,0.2534
SPADES KING DIAMONDS SEVEN,0.3558,0.008,0.6362
CLUBS EIGHT HEARTS ACE,0.3508,0.0036,0.6456
SPADES TWO CLUBS KING,0.2474,0.0266,0.726
HEARTS SEVEN CLUBS NINE,0.2006,0.2928,0.5066
HEARTS EIGHT CLUBS THREE,0.5622,0.0468,0.391
HEARTS KING DIAMONDS SIX,0.354,0.0102,0.6358
CLUBS THREE HEARTS JACK,0.3582,0.0162,0.6256
CLUBS EIGHT CLUBS KING,0.3316,0.0072,0.6612
CLUBS FIVE DIAMONDS TEN,0.3444,0.027,0.6286
CLUBS SIX HEARTS NINE,0.218,0.3776,0.4044
SPADES KING DIAMONDS ACE,0.3138,0.006,0.6802
SPADES NINE DIAMONDS KING,0.2194,0.034,0.7466
DIAMONDS KING DIAMONDS FOUR,0.3458,0.0092,0.645
HEARTS EIGHT SPADES EIGHT,0.266,0.0624,0.6716
CLUBS SIX SPADES TWO,0.6462,0.1028,0.251
CLUBS FOUR SPADES THREE,0.5372,0.0486,0.4142
HEARTS SIX SPADES TWO,0.6528,0.0984,0.2488
HEARTS FIVE SPADES FOUR,0.5194,0.0444,0.4362
SPADES SIX CLUBS QUEEN,0.3524,0.0114,0.6362
HEARTS FOUR CLUBS ACE,0.3458,0.005,0.6492
CLUBS TWO HEARTS QUEEN,0.2354,0.0468,0.7178
SPADES QUEEN SPADES EIGHT,0.3224,0.0088,0.6688
HEARTS FOUR SPADES EIGHT,0.5616,0.0426,0.3958
DIAMONDS THREE CLUBS QUEEN,0.3522,0.0122,0.6356
CLUBS TWO HEARTS ACE,0.2314,0.0184,0.7502
SPADES FIVE SPADES TWO,0.5822,0.099,0.3188
CLUBS EIGHT HEARTS JACK,0.3286,0.0172,0.6542
DIAMONDS THREE HEARTS SIX,0.5496,0.0512,0.3992
DIAMONDS EIGHT CLUBS ACE,0.3472,0.005,0.6478
DIAMONDS SEVEN CLUBS QUEEN,0.3552,0.0126,0.6322
HEARTS FIVE CLUBS SIX,0.5084,0.049,0.4426
HEARTS KING DIAMONDS EIGHT,0.3464,0.0064,0.6472
DIAMONDS SIX CLUBS KING,0.3578,0.007,0.6352
HEARTS FIVE SPADES THREE,0.5384,0.0456,0.416
SPADES KING SPADES QUEEN,0.2948,0.0076,0.6976
SPADES KING SPADES SEVEN,0.3306,0.0106,0.6588
HEARTS SEVEN SPADES JACK,0.3346,0.0194,0.646
HEARTS THREE SPADES EIGHT,0.5764,0.044,0.3796
CLUBS THREE DIAMONDS FIVE,0.5424,0.0448,0.4128
DIAMONDS THREE HEARTS SEVEN,0.5556,0.0456,0.3988
DIAMONDS KING HEARTS NINE,0.214,0.0394,0.7466
DIAMONDS JACK HEARTS JACK,0.119,0.0312,0.8498
CLUBS TWO CLUBS KING,0.2194,0.0288,0.7518
SPADES KING CLUBS THREE,0.3648,0.0072,0.628
CLUBS TEN HEARTS QUEEN,0.2988,0.0122,0.689
CLUBS SEVEN HEARTS FOUR,0.5364,0.0468,0.4168
HEARTS EIGHT SPADES KING,0.3576,0.0058,0.6366
CLUBS SEVEN HEARTS JACK,0.3434,0.0148,0.6418
CLUBS NINE DIAMONDS ACE,0.2158,0.028,0.7562
DIAMONDS QUEEN HEARTS KING,0.316,0.0082,0.6758
CLUBS JACK CLUBS FIVE,0.3304,0.0206,0.649
HEARTS FIVE HEARTS KING,0.339,0.0082,0.6528
HEARTS THREE SPADES THREE,0.2826,0.0868,0.6306
SPADES KING HEARTS NINE,0.2106,0.0344,0.755
DIAMONDS ACE SPADES FOUR,0.3472,0.0054,0.6474
DIAMONDS EIGHT SPADES TWO,0.6566,0.1152,0.2282
HEARTS FOUR DIAMONDS KING,0.3538,0.0082,0.638
SPADES KING DIAMONDS FOUR,0.359,0.009,0.632
SPADES NINE CLUBS KING,0.2312,0.0352,0.7336
SPADES NINE DIAMONDS TEN,0.2128,0.0726,0.7146
HEARTS EIGHT DIAMONDS TWO,0.6652,0.111,0.2238
CLUBS SEVEN HEARTS TEN,0.3266,0.0238,0.6496
HEARTS FOUR CLUBS KING,0.365,0.0096,0.6254
SPADES KING DIAMONDS JACK,0.3118,0.0062,0.682
SPADES SEVEN CLUBS KING,0.3666,0.007,0.6264
DIAMONDS ACE HEARTS ACE,0.1092,0.0066,0.8842
SPADES KING CLUBS KING,0.1374,0.0116,0.851
DIAMONDS KING DIAMONDS SIX,0.331,0.0088,0.6602
SPADES ACE DIAMONDS JACK,0.318,0.0066,0.6754
DIAMONDS QUEEN DIAMONDS SEVEN,0.3362,0.0126,0.6512
HEARTS TEN DIAMONDS FOUR,0.3528,0.031,0.6162
SPADES TEN CLUBS FOUR,0.3636,0.0294,0.607
DIAMONDS THREE SPADES THREE,0.2898,0.0902,0.62
CLUBS FOUR CLUBS ACE,0.3256,0.0052,0.6692
SPADES NINE CLUBS TWO,0.0224,0.9568,0.0208
CLUBS JACK CLUBS ACE,0.3062,0.0038,0.69
HEARTS KING HEARTS QUEEN,0.2962,0.0076,0.6962
HEARTS SIX DIAMONDS QUEEN,0.3524,0.0136,0.634
CLUBS SIX DIAMONDS FIVE,0.5212,0.0444,0.4344
CLUBS JACK DIAMONDS ACE,0.3168,0.004,0.6792
CLUBS FIVE CLUBS ACE,0.3328,0.0048,0.6624
CLUBS TWO DIAMONDS FOUR,0.6214,0.1082,0.2704
HEARTS SIX SPADES EIGHT,0.5318,0.0368,0.4314
CLUBS NINE CLUBS QUEEN,0.214,0.0428,0.7432
CLUBS SEVEN SPADES FIVE,0.5246,0.0426,0.4328
HEARTS FOUR HEARTS ACE,0.3366,0.0046,0.6588
DIAMONDS FIVE DIAMONDS FOUR,0.5148,0.043,0.4422
SPADES ACE SPADES SIX,0.322,0.0054,0.6726
HEARTS THREE CLUBS ACE,0.3446,0.0064,0.649
CLUBS SIX HEARTS ACE,0.3558,0.0056,0.6386
CLUBS JACK CLUBS THREE,0.3226,0.0174,0.66
CLUBS FIVE HEARTS NINE,0.2188,0.4478,0.3334
HEARTS THREE HEARTS TEN,0.3288,0.0278,0.6434
SPADES ACE SPADES SEVEN,0.341,0.0034,0.6556
DIAMONDS TEN SPADES THREE,0.3542,0.0302,0.6156
DIAMONDS THREE DIAMONDS SEVEN,0.5452,0.044,0.4108
DIAMONDS SIX DIAMONDS FIVE,0.5074,0.0406,0.452
CLUBS JACK HEARTS EIGHT,0.3438,0.0168,0.6394
CLUBS ACE HEARTS JACK,0.3202,0.0046,0.6752
CLUBS THREE CLUBS ACE,0.3224,0.0062,0.6714
HEARTS FIVE SPADES SIX,0.5104,0.0442,0.4454
HEARTS EIGHT CLUBS NINE,0.2114,0.2322,0.5564
CLUBS EIGHT DIAMONDS JACK,0.3412,0.0218,0.637
CLUBS FIVE DIAMONDS FIVE,0.2764,0.0794,0.6442
SPADES EIGHT SPADES THREE,0.5324,0.043,0.4246
CLUBS NINE HEARTS THREE,0.2084,0.5298,0.2618
HEARTS FIVE HEARTS NINE,0.206,0.4388,0.3552
SPADES NINE HEARTS JACK,0.2252,0.0588,0.716
SPADES NINE SPADES THREE,0.2136,0.4904,0.296
DIAMONDS TWO CLUBS NINE,0.0198,0.9676,0.0126
HEARTS EIGHT DIAMONDS JACK,0.328,0.0196,0.6524
SPADES KING CLUBS FOUR,0.3604,0.0096,0.63
DIAMONDS TWO SPADES FOUR,0.6452,0.099,0.2558
DIAMONDS JACK HEARTS QUEEN,0.3054,0.0108,0.6838
CLUBS JACK SPADES FIVE,0.361,0.0164,0.6226
HEARTS ACE CLUBS QUEEN,0.3128,0.0042,0.683
HEARTS JACK CLUBS QUEEN,0.2956,0.0114,0.693
SPADES KING DIAMONDS KING,0.121,0.0156,0.8634
DIAMONDS KING DIAMONDS TEN,0.286,0.0094,0.7046
SPADES FOUR HEARTS ACE,0.346,0.0048,0.6492
CLUBS TEN SPADES FOUR,0.3502,0.0314,0.6184
SPADES QUEEN HEARTS FIVE,0.3548,0.012,0.6332
CLUBS THREE HEARTS NINE,0.2134,0.5236,0.263
HEARTS THREE DIAMONDS TEN,0.3394,0.0302,0.6304
SPADES QUEEN SPADES THREE,0.3466,0.0128,0.6406
DIAMONDS EIGHT HEARTS JACK,0.3318,0.0176,0.6506
HEARTS SEVEN HEARTS FIVE,0.5078,0.042,0.4502
SPADES SIX CLUBS TWO,0.644,0.1054,0.2506
CLUBS SIX DIAMONDS JACK,0.3482,0.0176,0.6342
SPADES SIX DIAMONDS SEVEN,0.5164,0.044,0.4396
SPADES SEVEN CLUBS QUEEN,0.3548,0.0124,0.6328
SPADES KING DIAMONDS TEN,0.3108,0.0082,0.681
SPADES FOUR SPADES THREE,0.5078,0.0464,0.4458
CLUBS ACE CLUBS KING,0.2992,0.0056,0.6952
HEARTS EIGHT HEARTS JACK,0.3334,0.0174,0.6492
SPADES ACE CLUBS QUEEN,0.3286,0.0056,0.6658
HEARTS FIVE HEARTS ACE,0.3326,0.0058,0.6616
SPADES SEVEN DIAMONDS SEVEN,0.251,0.0674,0.6816
SPADES EIGHT CLUBS ACE,0.3438,0.0032,0.653
HEARTS FOUR HEARTS NINE,0.203,0.5088,0.2882
SPADES TEN SPADES EIGHT,0.3062,0.0216,0.6722
CLUBS JACK CLUBS SEVEN,0.324,0.0138,0.6622
DIAMONDS TEN DIAMONDS SEVEN,0.3286,0.0244,0.647
HEARTS ACE DIAMONDS FOUR,0.3394,0.007,0.6536
SPADES SIX SPADES THREE,0.5268,0.0428,0.4304
CLUBS SIX CLUBS ACE,0.347,0.0026,0.6504
CLUBS TEN CLUBS KING,0.2966,0.0068,0.6966
HEARTS FOUR DIAMONDS JACK,0.35,0.0218,0.6282
SPADES NINE HEARTS TEN,0.2182,0.0744,0.7074
HEARTS TEN DIAMONDS FIVE,0.3434,0.0304,0.6262
DIAMONDS JACK HEARTS KING,0.3032,0.0082,0.6886
CLUBS JACK HEARTS TEN,0.2952,0.0146,0.6902
HEARTS FIVE CLUBS ACE,0.3488,0.0044,0.6468
CLUBS NINE CLUBS FIVE,0.1974,0.4154,0.3872
CLUBS EIGHT SPADES NINE,0.2228,0.2254,0.5518
CLUBS THREE SPADES FOUR,0.5416,0.0438,0.4146
HEARTS EIGHT DIAMONDS THREE,0.5654,0.0466,0.388
CLUBS EIGHT CLUBS FOUR,0.5234,0.0402,0.4364
CLUBS JACK SPADES TEN,0.3042,0.0152,0.6806
SPADES ACE SPADES THREE,0.3394,0.0038,0.6568
SPADES JACK DIAMONDS QUEEN,0.3034,0.0096,0.687
SPADES ACE DIAMONDS FOUR,0.3288,0.0044,0.6668
CLUBS NINE DIAMONDS TEN,0.218,0.0814,0.7006
HEARTS THREE HEARTS JACK,0.3474,0.019,0.6336
HEARTS SIX HEARTS FIVE,0.5144,0.0372,0.4484
SPADES EIGHT DIAMONDS FOUR,0.5628,0.0418,0.3954
SPADES FOUR DIAMONDS EIGHT,0.5794,0.0426,0.378
HEARTS THREE DIAMONDS QUEEN,0.3526,0.016,0.6314
HEARTS SEVEN CLUBS KING,0.3484,0.0078,0.6438
SPADES SEVEN SPADES FIVE,0.513,0.0412,0.4458
HEARTS ACE SPADES THREE,0.352,0.0056,0.6424
CLUBS FIVE DIAMONDS QUEEN,0.361,0.0114,0.6276
CLUBS SEVEN DIAMONDS KING,0.3448,0.0082,0.647
HEARTS JACK HEARTS NINE,0.2192,0.0578,0.723
SPADES TEN SPADES SEVEN,0.3224,0.0244,0.6532
SPADES TWO DIAMONDS FOUR,0.6536,0.1046,0.2418
SPADES JACK HEARTS NINE,0.2306,0.0596,0.7098
SPADES TEN SPADES FIVE,0.3258,0.0302,0.644
SPADES SIX HEARTS ACE,0.3572,0.0048,0.638
CLUBS TWO DIAMONDS TEN,0.2306,0.0774,0.692
CLUBS THREE HEARTS QUEEN,0.3498,0.0108,0.6394
HEARTS THREE DIAMONDS JACK,0.3594,0.019,0.6216
CLUBS FIVE HEARTS QUEEN,0.353,0.0122,0.6348
DIAMONDS TEN HEARTS TEN,0.1196,0.0466,0.8338
DIAMONDS THREE SPADES SEVEN,0.5586,0.0452,0.3962
CLUBS EIGHT CLUBS QUEEN,0.3338,0.0096,0.6566
HEARTS QUEEN HEARTS NINE,0.2244,0.049,0.7266
DIAMONDS THREE DIAMONDS QUEEN,0.3416,0.0158,0.6426
CLUBS QUEEN HEARTS NINE,0.2228,0.0442,0.733
SPADES KING CLUBS FIVE,0.3634,0.0078,0.6288
HEARTS FIVE HEARTS THREE,0.5068,0.0472,0.446
CLUBS FOUR DIAMONDS FIVE,0.5412,0.046,0.4128
HEARTS SEVEN HEARTS KING,0.336,0.0088,0.6552
CLUBS FIVE SPADES TWO,0.6418,0.1022,0.256
SPADES JACK DIAMONDS JACK,0.1374,0.0324,0.8302
CLUBS TEN SPADES QUEEN,0.3134,0.0096,0.677
SPADES JACK SPADES FIVE,0.3386,0.0226,0.6388
CLUBS JACK CLUBS SIX,0.334,0.0178,0.6482
CLUBS SEVEN SPADES FOUR,0.5496,0.047,0.4034
CLUBS EIGHT CLUBS THREE,0.5342,0.037,0.4288
HEARTS KING HEARTS NINE,0.2222,0.0338,0.744
SPADES SIX HEARTS TEN,0.3512,0.0296,0.6192
SPADES KING CLUBS EIGHT,0.3754,0.007,0.6176
DIAMONDS TWO SPADES SEVEN,0.6582,0.11,0.2318
SPADES EIGHT DIAMONDS ACE,0.353,0.0048,0.6422
SPADES QUEEN SPADES TEN,0.2804,0.01,0.7096
DIAMONDS KING HEARTS TEN,0.3068,0.0104,0.6828
SPADES NINE HEARTS NINE,0.0766,0.0732,0.8502
CLUBS NINE DIAMONDS KING,0.2136,0.0354,0.751
SPADES TWO DIAMONDS FIVE,0.64,0.1036,0.2564
HEARTS JACK DIAMONDS SIX,0.358,0.022,0.62
CLUBS JACK DIAMONDS QUEEN,0.3136,0.0096,0.6768
DIAMONDS TWO SPADES QUEEN,0.2444,0.0436,0.712
SPADES THREE CLUBS ACE,0.3654,0.0034,0.6312
SPADES JACK HEARTS THREE,0.359,0.0164,0.6246
SPADES SEVEN DIAMONDS SIX,0.5126,0.044,0.4434
DIAMONDS ACE DIAMONDS QUEEN,0.296,0.0046,0.6994
HEARTS KING DIAMONDS FIVE,0.3536,0.0096,0.6368
CLUBS JACK DIAMONDS FOUR,0.3616,0.0178,0.6206
CLUBS TEN HEARTS FOUR,0.3538,0.0272,0.619
DIAMONDS FIVE HEARTS NINE,0.2102,0.4744,0.3154
SPADES ACE DIAMONDS QUEEN,0.3152,0.005,0.6798
CLUBS SEVEN HEARTS ACE,0.3402,0.0034,0.6564
HEARTS SIX HEARTS KING,0.3294,0.0082,0.6624
HEARTS FOUR DIAMONDS SEVEN,0.5472,0.0456,0.4072
CLUBS FOUR SPADES TWO,0.6326,0.1018,0.2656
CLUBS SEVEN DIAMONDS TEN,0.336,0.0246,0.6394
HEARTS EIGHT SPADES JACK,0.3488,0.016,0.6352
CLUBS FOUR DIAMONDS SEVEN,0.5548,0.0428,0.4024
HEARTS FIVE CLUBS FIVE,0.2598,0.073,0.6672
SPADES JACK HEARTS JACK,0.1248,0.0328,0.8424
SPADES TEN DIAMONDS EIGHT,0.3304,0.024,0.6456
SPADES FIVE HEARTS TEN,0.3518,0.0284,0.6198
CLUBS FIVE DIAMONDS SIX,0.5292,0.0418,0.429
SPADES SIX DIAMONDS JACK,0.3564,0.0186,0.625
CLUBS THREE HEARTS TEN,0.3608,0.0238,0.6154
HEARTS EIGHT SPADES QUEEN,0.3508,0.01,0.6392
HEARTS QUEEN DIAMONDS FOUR,0.3616,0.0114,0.627
CLUBS SIX SPADES EIGHT,0.5384,0.0398,0.4218
CLUBS FOUR DIAMONDS TEN,0.3492,0.028,0.6228
HEARTS EIGHT DIAMONDS KING,0.343,0.0086,0.6484
SPADES THREE HEARTS KING,0.348,0.0098,0.6422
DIAMONDS TWO HEARTS ACE,0.2346,0.0174,0.748
DIAMONDS TWO HEARTS JACK,0.2344,0.0604,0.7052
DIAMONDS THREE CLUBS EIGHT,0.5808,0.0486,0.3706
DIAMONDS SEVEN CLUBS KING,0.3538,0.0084,0.6378
SPADES NINE DIAMONDS FOUR,0.2198,0.5202,0.26
HEARTS FIVE SPADES FIVE,0.2572,0.079,0.6638
DIAMONDS TWO CLUBS FIVE,0.6386,0.106,0.2554
HEARTS ACE SPADES TWO,0.2456,0.015,0.7394
CLUBS TWO DIAMONDS SEVEN,0.6604,0.1058,0.2338
SPADES ACE SPADES FIVE,0.3222,0.0052,0.6726
CLUBS NINE HEARTS JACK,0.22,0.0588,0.7212
HEARTS THREE SPADES SEVEN,0.5512,0.05,0.3988
CLUBS SEVEN SPADES SIX,0.521,0.041,0.438
SPADES EIGHT DIAMONDS EIGHT,0.2626,0.059,0.6784
HEARTS EIGHT CLUBS TWO,0.6466,0.117,0.2364
SPADES ACE SPADES QUEEN,0.306,0.0042,0.6898
SPADES NINE CLUBS FOUR,0.2246,0.5218,0.2536
SPADES TEN CLUBS QUEEN,0.3156,0.0116,0.6728
SPADES QUEEN CLUBS NINE,0.225,0.0462,0.7288
HEARTS SEVEN DIAMONDS FIVE,0.5386,0.0444,0.417
DIAMONDS TWO HEARTS THREE,0.6318,0.1066,0.2616
HEARTS FOUR SPADES SIX,0.537,0.0486,0.4144
HEARTS QUEEN CLUBS ACE,0.313,0.0048,0.6822
DIAMONDS TWO HEARTS KING,0.2398,0.0306,0.7296
SPADES NINE CLUBS THREE,0.213,0.5246,0.2624
CLUBS TEN HEARTS FIVE,0.3502,0.0272,0.6226
CLUBS TEN HEARTS TEN,0.1294,0.0376,0.833
HEARTS ACE HEARTS QUEEN,0.2994,0.0062,0.6944
SPADES NINE DIAMONDS JACK,0.22,0.0572,0.7228
SPADES JACK DIAMONDS ACE,0.3166,0.0052,0.6782
SPADES NINE DIAMONDS SIX,0.23,0.3698,0.4002
SPADES SEVEN CLUBS TWO,0.6588,0.0942,0.247
SPADES QUEEN CLUBS ACE,0.3148,0.0048,0.6804
HEARTS SEVEN HEARTS FOUR,0.5162,0.0452,0.4386
HEARTS SEVEN HEARTS NINE,0.2018,0.2846,0.5136
DIAMONDS QUEEN SPADES TWO,0.2436,0.038,0.7184
DIAMONDS TEN DIAMONDS SIX,0.311,0.028,0.661
CLUBS EIGHT SPADES THREE,0.5718,0.0456,0.3826
CLUBS THREE DIAMONDS EIGHT,0.5694,0.0468,0.3838
HEARTS KING HEARTS TEN,0.2954,0.0074,0.6972
DIAMONDS KING SPADES SIX,0.3546,0.0092,0.6362
SPADES KING SPADES FIVE,0.3388,0.008,0.6532
SPADES TEN DIAMONDS JACK,0.2954,0.0168,0.6878
CLUBS TEN CLUBS TWO,0.2216,0.0726,0.7058
HEARTS EIGHT CLUBS FIVE,0.5428,0.044,0.4132
HEARTS SIX HEARTS NINE,0.2056,0.3552,0.4392
DIAMONDS TWO CLUBS SIX,0.6432,0.1026,0.2542
SPADES TEN SPADES FOUR,0.3402,0.0268,0.633
DIAMONDS KING CLUBS ACE,0.3126,0.0058,0.6816
CLUBS EIGHT HEARTS KING,0.348,0.0082,0.6438
SPADES ACE CLUBS SEVEN,0.3398,0.0054,0.6548
DIAMONDS JACK DIAMONDS SEVEN,0.339,0.0142,0.6468
CLUBS TWO DIAMONDS JACK,0.2342,0.058,0.7078
SPADES KING SPADES THREE,0.346,0.007,0.647
CLUBS TEN CLUBS SIX,0.3296,0.0228,0.6476
SPADES JACK SPADES TWO,0.2258,0.0502,0.724
CLUBS NINE DIAMONDS JACK,0.2162,0.0634,0.7204
CLUBS TEN DIAMONDS SIX,0.3496,0.0282,0.6222
SPADES QUEEN CLUBS SIX,0.357,0.0104,0.6326
DIAMONDS THREE CLUBS KING,0.366,0.0094,0.6246
SPADES TEN CLUBS TWO,0.2422,0.0778,0.68
SPADES EIGHT CLUBS FOUR,0.5752,0.041,0.3838
CLUBS SEVEN CLUBS FOUR,0.5114,0.0402,0.4484
HEARTS KING SPADES TWO,0.2308,0.0308,0.7384
HEARTS SIX DIAMONDS FOUR,0.5332,0.051,0.4158
CLUBS THREE SPADES TWO,0.6348,0.1022,0.263
DIAMONDS THREE DIAMONDS TWO,0.6062,0.0998,0.294
SPADES TEN HEARTS NINE,0.2108,0.0798,0.7094
CLUBS TEN DIAMONDS FIVE,0.349,0.0294,0.6216
DIAMONDS TWO DIAMONDS SIX,0.6174,0.0988,0.2838
CLUBS TEN SPADES SEVEN,0.336,0.0272,0.6368
CLUBS TEN HEARTS JACK,0.2994,0.0124,0.6882
DIAMONDS TWO DIAMONDS EIGHT,0.6342,0.0998,0.266
CLUBS NINE SPADES NINE,0.083,0.0698,0.8472
SPADES SEVEN HEARTS ACE,0.3372,0.0046,0.6582
SPADES FOUR DIAMONDS FIVE,0.534,0.0494,0.4166
CLUBS EIGHT HEARTS NINE,0.2178,0.2222,0.56
SPADES QUEEN DIAMONDS SIX,0.3526,0.0122,0.6352
HEARTS SEVEN DIAMONDS JACK,0.3356,0.0174,0.647
SPADES QUEEN HEARTS ACE,0.3248,0.0046,0.6706
CLUBS SEVEN SPADES SEVEN,0.263,0.0674,0.6696
DIAMONDS ACE CLUBS KING,0.3154,0.005,0.6796
SPADES JACK HEARTS ACE,0.3112,0.0066,0.6822
HEARTS THREE CLUBS QUEEN,0.3452,0.0136,0.6412
CLUBS JACK SPADES THREE,0.3622,0.0182,0.6196
SPADES SIX CLUBS ACE,0.3534,0.0034,0.6432
SPADES TWO CLUBS QUEEN,0.2374,0.0418,0.7208
DIAMONDS THREE CLUBS FOUR,0.5516,0.0442,0.4042
HEARTS THREE SPADES TWO,0.6374,0.1028,0.2598
CLUBS THREE CLUBS TWO,0.5896,0.1044,0.306
SPADES FIVE CLUBS QUEEN,0.3514,0.0124,0.6362
CLUBS FOUR HEARTS ACE,0.3528,0.0062,0.641
SPADES TWO CLUBS ACE,0.2458,0.0162,0.738
CLUBS FOUR HEARTS QUEEN,0.3558,0.0132,0.631
HEARTS FOUR DIAMONDS FOUR,0.2788,0.09,0.6312
SPADES ACE CLUBS FOUR,0.3318,0.0046,0.6636
HEARTS SIX SPADES FIVE,0.5224,0.0476,0.43
CLUBS SIX DIAMONDS FOUR,0.5308,0.0446,0.4246
CLUBS EIGHT SPADES FIVE,0.5436,0.0416,0.4148
CLUBS TWO SPADES TWO,0.2692,0.0536,0.6772
SPADES SEVEN SPADES TWO,0.6176,0.09,0.2924
CLUBS JACK HEARTS KING,0.3144,0.0056,0.68
CLUBS SEVEN HEARTS QUEEN,0.348,0.0122,0.6398
SPADES KING CLUBS TWO,0.2456,0.0298,0.7246
SPADES QUEEN HEARTS NINE,0.231,0.0464,0.7226
CLUBS TEN SPADES TEN,0.1446,0.0378,0.8176
SPADES TEN HEARTS KING,0.314,0.0064,0.6796
SPADES SEVEN DIAMONDS JACK,0.3356,0.0208,0.6436
SPADES JACK CLUBS SEVEN,0.35,0.0214,0.6286
CLUBS NINE DIAMONDS EIGHT,0.2188,0.219,0.5622
SPADES THREE HEARTS TEN,0.3396,0.0304,0.63
SPADES SIX DIAMONDS QUEEN,0.3534,0.0102,0.6364
CLUBS NINE DIAMONDS SEVEN,0.2172,0.2952,0.4876
SPADES QUEEN SPADES NINE,0.2066,0.0452,0.7482
SPADES QUEEN CLUBS FOUR,0.3732,0.0152,0.6116
HEARTS EIGHT SPADES SIX,0.527,0.0434,0.4296
CLUBS JACK CLUBS KING,0.293,0.0064,0.7006
SPADES JACK CLUBS TWO,0.2424,0.0536,0.704
CLUBS SEVEN DIAMONDS SIX,0.5142,0.0466,0.4392
DIAMONDS TWO CLUBS TWO,0.2818,0.0598,0.6584
SPADES NINE CLUBS SIX,0.2208,0.3676,0.4116
CLUBS NINE SPADES THREE,0.222,0.5078,0.2702
DIAMONDS EIGHT CLUBS KING,0.3522,0.0078,0.64
CLUBS SIX CLUBS THREE,0.5104,0.047,0.4426
SPADES ACE HEARTS TEN,0.3144,0.0064,0.6792
CLUBS FOUR SPADES SIX,0.541,0.0472,0.4118
HEARTS EIGHT DIAMONDS SIX,0.5228,0.0448,0.4324
SPADES FIVE DIAMONDS EIGHT,0.5436,0.0402,0.4162
HEARTS FOUR HEARTS THREE,0.5084,0.0442,0.4474
DIAMONDS TEN SPADES TWO,0.2224,0.0826,0.695
CLUBS KING DIAMONDS FOUR,0.3618,0.0084,0.6298
