opposingHand,winningChance,drawChance,lostChance
HEARTS TWO CLUBS QUEEN
HEARTS FIVE SPADES TEN,0.5792,0.0166,0.4042
HEARTS FIVE SPADES JACK,0.5918,0.0122,0.396
SPADES FIVE CLUBS JACK,0.5868,0.011,0.4022
CLUBS TEN SPADES FIVE,0.5898,0.0136,0.3966
CLUBS EIGHT CLUBS JACK,0.5518,0.0096,0.4386
CLUBS TEN CLUBS EIGHT,0.5258,0.01,0.4642
CLUBS EIGHT CLUBS KING,0.3362,0.0076,0.6562
SPADES FIVE CLUBS ACE,0.334,0.0064,0.6596
SPADES FIVE CLUBS KING,0.3494,0.0076,0.643
CLUBS EIGHT CLUBS ACE,0.3264,0.0048,0.6688
DIAMONDS TWO DIAMONDS THREE,0.6546,0.0378,0.3076
DIAMONDS TWO DIAMONDS FIVE,0.6506,0.0396,0.3098
HEARTS FIVE SPADES KING,0.3406,0.0096,0.6498
DIAMONDS TWO DIAMONDS FOUR,0.6514,0.0398,0.3088
HEARTS FIVE SPADES QUEEN,0.2148,0.4608,0.3244
DIAMONDS TWO DIAMONDS SEVEN,0.6776,0.0384,0.284
DIAMONDS TWO DIAMONDS SIX,0.6562,0.0348,0.309
SPADES ACE HEARTS FIVE,0.3426,0.0048,0.6526
DIAMONDS TWO DIAMONDS NINE,0.6716,0.0348,0.2936
DIAMONDS TWO DIAMONDS EIGHT,0.6748,0.0348,0.2904
DIAMONDS THREE DIAMONDS FOUR,0.5268,0.0164,0.4568
CLUBS TWO SPADES FOUR,0.6952,0.0416,0.2632
DIAMONDS THREE DIAMONDS FIVE,0.531,0.0166,0.4524
SPADES FIVE CLUBS TWO,0.7016,0.0422,0.2562
CLUBS TWO SPADES TWO,0.3046,0.026,0.6694
CLUBS TWO SPADES THREE,0.7044,0.0404,0.2552
DIAMONDS THREE DIAMONDS EIGHT,0.5538,0.0128,0.4334
SPADES EIGHT CLUBS TWO,0.722,0.041,0.237
DIAMONDS THREE DIAMONDS NINE,0.5596,0.016,0.4244
SPADES NINE CLUBS TWO,0.7252,0.043,0.2318
DIAMONDS THREE DIAMONDS SIX,0.532,0.0122,0.4558
SPADES SIX CLUBS TWO,0.7114,0.0318,0.2568
DIAMONDS THREE DIAMONDS SEVEN,0.5424,0.0146,0.443
SPADES SEVEN CLUBS TWO,0.7244,0.0386,0.237
CLUBS SIX CLUBS TWO,0.684,0.0374,0.2786
CLUBS SEVEN CLUBS TWO,0.7056,0.039,0.2554
CLUBS FOUR CLUBS TWO,0.6692,0.0394,0.2914
CLUBS FIVE CLUBS TWO,0.6456,0.0436,0.3108
CLUBS TEN CLUBS JACK,0.511,0.0106,0.4784
DIAMONDS FOUR DIAMONDS SIX,0.5288,0.014,0.4572
DIAMONDS FOUR DIAMONDS SEVEN,0.5366,0.0128,0.4506
CLUBS TEN CLUBS KING,0.3246,0.0092,0.6662
CLUBS TEN CLUBS ACE,0.3176,0.0064,0.676
CLUBS EIGHT CLUBS TWO,0.6902,0.0408,0.269
DIAMONDS FIVE DIAMONDS FOUR,0.5112,0.015,0.4738
CLUBS NINE CLUBS TWO,0.6988,0.0394,0.2618
DIAMONDS NINE DIAMONDS FOUR,0.555,0.014,0.431
DIAMONDS EIGHT DIAMONDS FOUR,0.5438,0.0138,0.4424
CLUBS THREE CLUBS TWO,0.6732,0.034,0.2928
DIAMONDS NINE DIAMONDS FIVE,0.5426,0.012,0.4454
DIAMONDS TWO CLUBS JACK,0.7322,0.0372,0.2306
DIAMONDS EIGHT DIAMONDS FIVE,0.5338,0.0098,0.4564
CLUBS TEN DIAMONDS TWO,0.7204,0.0418,0.2378
DIAMONDS FIVE DIAMONDS SEVEN,0.5186,0.0116,0.4698
DIAMONDS FIVE DIAMONDS SIX,0.5082,0.0154,0.4764
DIAMONDS TWO CLUBS ACE,0.2252,0.0194,0.7554
DIAMONDS TWO CLUBS KING,0.2476,0.0296,0.7228
DIAMONDS EIGHT DIAMONDS SIX,0.5234,0.0104,0.4662
DIAMONDS NINE DIAMONDS SIX,0.5392,0.0108,0.45
HEARTS ACE SPADES THREE,0.3352,0.0062,0.6586
SPADES THREE HEARTS KING,0.3552,0.0076,0.6372
DIAMONDS SEVEN DIAMONDS SIX,0.508,0.0118,0.4802
HEARTS QUEEN SPADES THREE,0.2114,0.5238,0.2648
SPADES THREE HEARTS JACK,0.6028,0.0124,0.3848
SPADES THREE HEARTS TEN,0.5942,0.0136,0.3922
DIAMONDS EIGHT DIAMONDS SEVEN,0.5168,0.0116,0.4716
DIAMONDS NINE DIAMONDS SEVEN,0.5098,0.0112,0.479
DIAMONDS NINE DIAMONDS EIGHT,0.508,0.0106,0.4814
DIAMONDS KING HEARTS TEN,0.3358,0.0072,0.657
HEARTS THREE HEARTS TEN,0.5536,0.0112,0.4352
SPADES JACK CLUBS SIX,0.5948,0.012,0.3932
DIAMONDS KING HEARTS JACK,0.3234,0.008,0.6686
HEARTS THREE HEARTS JACK,0.5582,0.0144,0.4274
SPADES TEN CLUBS SIX,0.5808,0.0128,0.4064
SPADES JACK SPADES FIVE,0.5514,0.0124,0.4362
SPADES TEN SPADES FIVE,0.5542,0.0116,0.4342
DIAMONDS KING HEARTS ACE,0.313,0.0026,0.6844
HEARTS THREE HEARTS ACE,0.3294,0.0034,0.6672
SPADES ACE CLUBS SIX,0.3628,0.0038,0.6334
DIAMONDS KING HEARTS QUEEN,0.2244,0.0254,0.7502
HEARTS THREE HEARTS QUEEN,0.2078,0.502,0.2902
SPADES KING CLUBS SIX,0.3514,0.0088,0.6398
DIAMONDS KING HEARTS KING,0.1248,0.0052,0.87
HEARTS THREE HEARTS KING,0.3404,0.0106,0.649
SPADES QUEEN CLUBS SIX,0.2182,0.3932,0.3886
SPADES NINE HEARTS TEN,0.5272,0.012,0.4608
SPADES NINE HEARTS JACK,0.5504,0.0098,0.4398
SPADES QUEEN SPADES FIVE,0.2084,0.4438,0.3478
SPADES KING SPADES FIVE,0.3394,0.0082,0.6524
SPADES ACE SPADES FIVE,0.3218,0.0048,0.6734
SPADES NINE HEARTS QUEEN,0.2276,0.171,0.6014
SPADES NINE HEARTS KING,0.3546,0.0078,0.6376
SPADES NINE HEARTS ACE,0.3602,0.0046,0.6352
CLUBS TEN SPADES JACK,0.532,0.0122,0.4558
CLUBS TEN SPADES TEN,0.2846,0.016,0.6994
SPADES ACE CLUBS TEN,0.3332,0.0048,0.662
SPADES KING CLUBS TEN,0.3356,0.0084,0.656
CLUBS TEN SPADES QUEEN,0.2324,0.1182,0.6494
SPADES FIVE HEARTS QUEEN,0.206,0.4626,0.3314
SPADES FIVE HEARTS KING,0.3534,0.0084,0.6382
HEARTS ACE SPADES FIVE,0.3374,0.007,0.6556
CLUBS EIGHT SPADES TEN,0.5554,0.0126,0.432
SPADES JACK HEARTS THREE,0.6004,0.015,0.3846
SPADES JACK DIAMONDS KING,0.3492,0.0056,0.6452
SPADES TEN DIAMONDS KING,0.3418,0.0054,0.6528
SPADES TEN HEARTS THREE,0.593,0.0126,0.3944
SPADES JACK CLUBS EIGHT,0.5734,0.0114,0.4152
CLUBS SIX HEARTS ACE,0.3586,0.0068,0.6346
SPADES ACE CLUBS EIGHT,0.3684,0.0052,0.6264
HEARTS FIVE CLUBS JACK,0.5926,0.0138,0.3936
HEARTS FIVE CLUBS TEN,0.585,0.0146,0.4004
CLUBS SIX HEARTS QUEEN,0.219,0.3894,0.3916
SPADES QUEEN CLUBS EIGHT,0.2232,0.2282,0.5486
CLUBS TEN SPADES THREE,0.601,0.012,0.387
CLUBS SIX HEARTS KING,0.351,0.0086,0.6404
SPADES KING CLUBS EIGHT,0.3624,0.0084,0.6292
SPADES THREE CLUBS JACK,0.5982,0.0122,0.3896
DIAMONDS TWO HEARTS JACK,0.7308,0.0412,0.228
DIAMONDS TWO HEARTS TEN,0.7116,0.0466,0.2418
SPADES THREE CLUBS KING,0.3378,0.0106,0.6516
HEARTS FIVE CLUBS ACE,0.325,0.0048,0.6702
SPADES FIVE HEARTS TEN,0.5916,0.0108,0.3976
SPADES THREE CLUBS ACE,0.3414,0.0082,0.6504
HEARTS FIVE CLUBS KING,0.3454,0.008,0.6466
SPADES FIVE HEARTS JACK,0.5904,0.0098,0.3998
HEARTS THREE CLUBS KING,0.3486,0.01,0.6414
DIAMONDS KING CLUBS KING,0.1144,0.0068,0.8788
HEARTS FIVE HEARTS JACK,0.555,0.0112,0.4338
HEARTS FIVE HEARTS TEN,0.5616,0.0114,0.427
HEARTS THREE CLUBS ACE,0.3308,0.0076,0.6616
DIAMONDS KING CLUBS ACE,0.3024,0.0056,0.692
HEARTS THREE CLUBS JACK,0.5996,0.0148,0.3856
DIAMONDS KING CLUBS JACK,0.3462,0.0076,0.6462
CLUBS TEN HEARTS THREE,0.5982,0.0142,0.3876
CLUBS TEN DIAMONDS KING,0.3356,0.008,0.6564
CLUBS SIX CLUBS KING,0.3394,0.0086,0.652
CLUBS SIX CLUBS ACE,0.3384,0.0068,0.6548
HEARTS FIVE HEARTS KING,0.3326,0.0086,0.6588
HEARTS FIVE HEARTS QUEEN,0.206,0.4458,0.3482
CLUBS TEN CLUBS SIX,0.5602,0.01,0.4298
HEARTS FIVE HEARTS ACE,0.321,0.0064,0.6726
CLUBS SIX CLUBS JACK,0.5734,0.0078,0.4188
SPADES SEVEN HEARTS JACK,0.5686,0.014,0.4174
SPADES SEVEN HEARTS TEN,0.5618,0.0098,0.4284
DIAMONDS TWO CLUBS TWO,0.3026,0.0274,0.67
DIAMONDS TWO CLUBS THREE,0.717,0.0436,0.2394
DIAMONDS TWO HEARTS SIX,0.7108,0.034,0.2552
DIAMONDS TWO HEARTS QUEEN,0.0094,0.9764,0.0142
HEARTS SEVEN DIAMONDS TWO,0.712,0.0406,0.2474
DIAMONDS TWO HEARTS KING,0.2448,0.032,0.7232
DIAMONDS TWO HEARTS EIGHT,0.7138,0.0454,0.2408
DIAMONDS TWO HEARTS ACE,0.2248,0.0184,0.7568
DIAMONDS TWO HEARTS NINE,0.7186,0.041,0.2404
DIAMONDS TWO DIAMONDS QUEEN,0.0194,0.906,0.0746
DIAMONDS TWO DIAMONDS KING,0.2164,0.0268,0.7568
DIAMONDS TWO HEARTS THREE,0.6978,0.04,0.2622
DIAMONDS TWO DIAMONDS ACE,0.2198,0.0178,0.7624
HEARTS FOUR DIAMONDS TWO,0.6926,0.0472,0.2602
HEARTS FIVE DIAMONDS TWO,0.6852,0.041,0.2738
SPADES SEVEN HEARTS ACE,0.3448,0.0044,0.6508
DIAMONDS TWO DIAMONDS TEN,0.6714,0.0368,0.2918
SPADES SEVEN HEARTS KING,0.3508,0.0062,0.643
DIAMONDS TWO DIAMONDS JACK,0.6738,0.0394,0.2868
SPADES SEVEN HEARTS QUEEN,0.2178,0.3046,0.4776
DIAMONDS TWO SPADES NINE,0.7242,0.04,0.2358
DIAMONDS TWO SPADES EIGHT,0.722,0.0372,0.2408
DIAMONDS TWO SPADES SEVEN,0.7232,0.0322,0.2446
DIAMONDS TWO SPADES SIX,0.698,0.036,0.266
DIAMONDS TWO SPADES FIVE,0.7024,0.0334,0.2642
DIAMONDS TWO SPADES FOUR,0.6998,0.0334,0.2668
DIAMONDS TWO SPADES THREE,0.6964,0.038,0.2656
DIAMONDS TWO SPADES TWO,0.3078,0.0246,0.6676
CLUBS NINE DIAMONDS TWO,0.7264,0.043,0.2306
DIAMONDS TWO CLUBS EIGHT,0.7202,0.0404,0.2394
CLUBS SEVEN DIAMONDS TWO,0.72,0.038,0.242
DIAMONDS TWO CLUBS SIX,0.709,0.036,0.255
DIAMONDS TWO CLUBS FIVE,0.7028,0.0332,0.264
DIAMONDS TWO CLUBS FOUR,0.6906,0.0444,0.265
CLUBS FOUR SPADES FIVE,0.558,0.0146,0.4274
CLUBS FOUR SPADES FOUR,0.319,0.0378,0.6432
CLUBS FOUR SPADES THREE,0.5702,0.0198,0.41
CLUBS FOUR SPADES TWO,0.7088,0.0376,0.2536
SPADES NINE CLUBS FOUR,0.5978,0.0114,0.3908
SPADES EIGHT CLUBS FOUR,0.595,0.0108,0.3942
SPADES SEVEN CLUBS FOUR,0.58,0.0128,0.4072
CLUBS FOUR SPADES SIX,0.58,0.0128,0.4072
SPADES ACE DIAMONDS SIX,0.3678,0.0054,0.6268
SPADES QUEEN DIAMONDS SIX,0.224,0.3842,0.3918
SPADES KING DIAMONDS SIX,0.3668,0.006,0.6272
SPADES TEN DIAMONDS SIX,0.5718,0.009,0.4192
SPADES JACK DIAMONDS SIX,0.5928,0.0114,0.3958
SPADES QUEEN SPADES TWO,0.0226,0.9022,0.0752
SPADES KING SPADES TWO,0.2232,0.0262,0.7506
SPADES ACE SPADES TWO,0.2124,0.0136,0.774
DIAMONDS JACK CLUBS JACK,0.2696,0.0112,0.7192
CLUBS TEN DIAMONDS JACK,0.5384,0.0122,0.4494
DIAMONDS JACK CLUBS KING,0.3342,0.0076,0.6582
DIAMONDS THREE DIAMONDS JACK,0.562,0.0138,0.4242
DIAMONDS THREE DIAMONDS TEN,0.5584,0.0098,0.4318
DIAMONDS JACK CLUBS ACE,0.3422,0.0072,0.6506
DIAMONDS THREE DIAMONDS KING,0.3232,0.0084,0.6684
DIAMONDS THREE HEARTS THREE,0.3168,0.0336,0.6496
DIAMONDS THREE DIAMONDS QUEEN,0.2064,0.4862,0.3074
HEARTS FIVE DIAMONDS THREE,0.5698,0.0152,0.415
DIAMONDS THREE DIAMONDS ACE,0.3158,0.0054,0.6788
HEARTS FOUR DIAMONDS THREE,0.572,0.0166,0.4114
HEARTS SEVEN DIAMONDS THREE,0.582,0.013,0.405
SPADES TEN SPADES NINE,0.5152,0.0098,0.475
HEARTS SIX DIAMONDS THREE,0.5694,0.0124,0.4182
SPADES JACK SPADES NINE,0.527,0.0102,0.4628
DIAMONDS THREE HEARTS NINE,0.592,0.014,0.394
HEARTS JACK DIAMONDS FOUR,0.597,0.0098,0.3932
HEARTS ACE HEARTS KING,0.3016,0.0056,0.6928
SPADES TEN SPADES TWO,0.6748,0.0382,0.287
DIAMONDS THREE HEARTS EIGHT,0.6068,0.012,0.3812
HEARTS TEN DIAMONDS FOUR,0.5822,0.0104,0.4074
SPADES JACK SPADES TWO,0.6868,0.034,0.2792
HEARTS QUEEN DIAMONDS FOUR,0.204,0.526,0.27
HEARTS KING DIAMONDS FOUR,0.361,0.0072,0.6318
SPADES ACE SPADES NINE,0.331,0.006,0.663
HEARTS ACE DIAMONDS FOUR,0.3568,0.0044,0.6388
SPADES KING SPADES NINE,0.3222,0.0072,0.6706
SPADES QUEEN SPADES NINE,0.2062,0.161,0.6328
DIAMONDS THREE SPADES NINE,0.5938,0.011,0.3952
DIAMONDS THREE SPADES EIGHT,0.5912,0.0162,0.3926
DIAMONDS THREE SPADES SEVEN,0.587,0.015,0.398
DIAMONDS THREE SPADES SIX,0.5724,0.0146,0.413
DIAMONDS THREE CLUBS SIX,0.5842,0.0142,0.4016
CLUBS FIVE CLUBS SIX,0.52,0.0148,0.4652
CLUBS ACE DIAMONDS FOUR,0.3502,0.005,0.6448
CLUBS SEVEN DIAMONDS THREE,0.5928,0.012,0.3952
CLUBS SEVEN CLUBS FIVE,0.5392,0.0134,0.4474
DIAMONDS THREE CLUBS FOUR,0.586,0.0154,0.3986
DIAMONDS THREE CLUBS FIVE,0.5664,0.0132,0.4204
DIAMONDS FOUR CLUBS KING,0.3562,0.0108,0.633
DIAMONDS THREE CLUBS TWO,0.7056,0.0372,0.2572
CLUBS TEN DIAMONDS FOUR,0.5948,0.0132,0.392
DIAMONDS THREE CLUBS THREE,0.3302,0.0398,0.63
DIAMONDS FOUR CLUBS JACK,0.6066,0.0138,0.3796
DIAMONDS THREE SPADES FOUR,0.5866,0.0156,0.3978
DIAMONDS THREE SPADES FIVE,0.5694,0.016,0.4146
DIAMONDS THREE SPADES TWO,0.7024,0.0396,0.258
DIAMONDS THREE SPADES THREE,0.3342,0.0386,0.6272
CLUBS EIGHT DIAMONDS THREE,0.6016,0.0132,0.3852
CLUBS NINE DIAMONDS THREE,0.5926,0.0138,0.3936
SPADES SEVEN CLUBS ACE,0.3562,0.0046,0.6392
SPADES SEVEN CLUBS KING,0.368,0.009,0.623
CLUBS FIVE SPADES SEVEN,0.5542,0.013,0.4328
CLUBS TEN SPADES SEVEN,0.5648,0.0108,0.4244
CLUBS FIVE SPADES SIX,0.5696,0.0128,0.4176
SPADES SEVEN CLUBS JACK,0.5686,0.0154,0.416
CLUBS FIVE SPADES NINE,0.5802,0.015,0.4048
CLUBS FIVE SPADES EIGHT,0.5674,0.0118,0.4208
CLUBS FIVE SPADES THREE,0.5642,0.0162,0.4196
CLUBS FIVE SPADES TWO,0.6952,0.0382,0.2666
CLUBS FIVE SPADES FIVE,0.33,0.033,0.637
CLUBS FIVE SPADES FOUR,0.5706,0.0136,0.4158
CLUBS NINE CLUBS FIVE,0.5588,0.0114,0.4298
CLUBS EIGHT CLUBS FIVE,0.5482,0.0112,0.4406
DIAMONDS TEN DIAMONDS FOUR,0.548,0.0126,0.4394
CLUBS TEN DIAMONDS NINE,0.5382,0.0148,0.447
DIAMONDS JACK DIAMONDS FOUR,0.5596,0.0106,0.4298
DIAMONDS NINE CLUBS JACK,0.5464,0.0118,0.4418
SPADES NINE CLUBS JACK,0.5646,0.012,0.4234
CLUBS TEN SPADES NINE,0.5398,0.0112,0.449
DIAMONDS ACE DIAMONDS FOUR,0.333,0.0044,0.6626
HEARTS FOUR DIAMONDS FOUR,0.3216,0.0312,0.6472
DIAMONDS JACK HEARTS TEN,0.5242,0.0082,0.4676
SPADES NINE CLUBS KING,0.3464,0.0096,0.644
DIAMONDS TWO SPADES TEN,0.7144,0.0388,0.2468
DIAMONDS NINE CLUBS ACE,0.3584,0.006,0.6356
HEARTS FIVE DIAMONDS FOUR,0.5484,0.0158,0.4358
DIAMONDS JACK HEARTS JACK,0.2594,0.0126,0.728
DIAMONDS TWO SPADES JACK,0.7194,0.0392,0.2414
DIAMONDS QUEEN DIAMONDS FOUR,0.2042,0.4848,0.311
DIAMONDS KING DIAMONDS FOUR,0.3364,0.0076,0.656
HEARTS THREE DIAMONDS FOUR,0.5732,0.0144,0.4124
SPADES NINE CLUBS ACE,0.3502,0.006,0.6438
DIAMONDS NINE CLUBS KING,0.3346,0.0072,0.6582
HEARTS ACE DIAMONDS JACK,0.328,0.004,0.668
SPADES ACE DIAMONDS TWO,0.2346,0.015,0.7504
HEARTS QUEEN DIAMONDS JACK,0.2246,0.0932,0.6822
SPADES QUEEN DIAMONDS TWO,0.0212,0.9554,0.0234
DIAMONDS JACK HEARTS KING,0.3264,0.0074,0.6662
SPADES KING DIAMONDS TWO,0.2398,0.028,0.7322
SPADES JACK SPADES SEVEN,0.5272,0.0122,0.4606
SPADES TEN SPADES SEVEN,0.5282,0.0116,0.4602
CLUBS SEVEN CLUBS THREE,0.55,0.0132,0.4368
CLUBS SIX CLUBS THREE,0.5548,0.0176,0.4276
CLUBS FIVE CLUBS THREE,0.546,0.0166,0.4374
CLUBS THREE CLUBS FOUR,0.5544,0.0134,0.4322
CLUBS NINE CLUBS THREE,0.5732,0.0152,0.4116
CLUBS EIGHT CLUBS THREE,0.576,0.0146,0.4094
CLUBS THREE SPADES FIVE,0.5696,0.013,0.4174
CLUBS THREE SPADES FOUR,0.5662,0.0164,0.4174
CLUBS THREE SPADES THREE,0.3244,0.0376,0.638
CLUBS THREE SPADES TWO,0.7146,0.042,0.2434
CLUBS THREE SPADES SIX,0.5864,0.0158,0.3978
CLUBS THREE SPADES SEVEN,0.5742,0.0144,0.4114
SPADES EIGHT CLUBS THREE,0.6026,0.0136,0.3838
SPADES NINE CLUBS THREE,0.597,0.0146,0.3884
SPADES TWO DIAMONDS FOUR,0.7044,0.036,0.2596
SPADES THREE DIAMONDS FOUR,0.5926,0.015,0.3924
SPADES FOUR DIAMONDS FOUR,0.3188,0.0344,0.6468
SPADES FIVE DIAMONDS FOUR,0.555,0.0138,0.4312
SPADES SIX DIAMONDS FOUR,0.5772,0.0126,0.4102
SPADES SEVEN DIAMONDS FOUR,0.5774,0.0138,0.4088
SPADES EIGHT DIAMONDS FOUR,0.5936,0.0146,0.3918
SPADES NINE DIAMONDS FOUR,0.6064,0.0126,0.381
CLUBS FIVE DIAMONDS FOUR,0.5656,0.0136,0.4208
CLUBS FOUR DIAMONDS FOUR,0.3094,0.033,0.6576
CLUBS SEVEN DIAMONDS FOUR,0.5792,0.0134,0.4074
CLUBS SIX DIAMONDS FOUR,0.5714,0.0128,0.4158
CLUBS NINE DIAMONDS FOUR,0.5968,0.0128,0.3904
CLUBS EIGHT DIAMONDS FOUR,0.5864,0.0102,0.4034
HEARTS SEVEN DIAMONDS FOUR,0.5754,0.0116,0.413
HEARTS SIX DIAMONDS FOUR,0.5736,0.0124,0.414
DIAMONDS FOUR HEARTS NINE,0.5738,0.0128,0.4134
DIAMONDS FOUR HEARTS EIGHT,0.572,0.0118,0.4162
CLUBS THREE DIAMONDS FOUR,0.5612,0.013,0.4258
CLUBS TWO DIAMONDS FOUR,0.7022,0.042,0.2558
DIAMONDS TEN DIAMONDS FIVE,0.5422,0.0118,0.446
DIAMONDS JACK DIAMONDS FIVE,0.5536,0.0148,0.4316
DIAMONDS NINE HEARTS QUEEN,0.2292,0.165,0.6058
DIAMONDS NINE HEARTS KING,0.3512,0.0078,0.641
HEARTS ACE DIAMONDS NINE,0.3686,0.0046,0.6268
DIAMONDS NINE HEARTS TEN,0.5374,0.01,0.4526
DIAMONDS NINE HEARTS JACK,0.556,0.0086,0.4354
CLUBS KING DIAMONDS SIX,0.3656,0.0078,0.6266
CLUBS ACE DIAMONDS SIX,0.3624,0.0042,0.6334
SPADES KING DIAMONDS FOUR,0.3712,0.0078,0.621
SPADES ACE SPADES SEVEN,0.3312,0.004,0.6648
SPADES QUEEN DIAMONDS FOUR,0.2248,0.5138,0.2614
SPADES QUEEN SPADES SEVEN,0.2146,0.2766,0.5088
CLUBS JACK DIAMONDS SIX,0.5964,0.0088,0.3948
SPADES KING SPADES SEVEN,0.345,0.0054,0.6496
SPADES ACE DIAMONDS FOUR,0.3584,0.0042,0.6374
CLUBS TEN DIAMONDS SIX,0.5752,0.0114,0.4134
CLUBS NINE CLUBS FOUR,0.5682,0.014,0.4178
CLUBS EIGHT CLUBS FOUR,0.5614,0.0148,0.4238
SPADES JACK DIAMONDS FOUR,0.5992,0.0124,0.3884
SPADES TEN DIAMONDS FOUR,0.5744,0.012,0.4136
CLUBS FIVE CLUBS FOUR,0.547,0.0148,0.4382
CLUBS SEVEN CLUBS FOUR,0.5454,0.0118,0.4428
CLUBS SIX CLUBS FOUR,0.5346,0.0168,0.4486
CLUBS SEVEN SPADES EIGHT,0.5486,0.012,0.4394
CLUBS SEVEN SPADES NINE,0.5688,0.011,0.4202
CLUBS SEVEN SPADES SIX,0.5622,0.0138,0.424
CLUBS SEVEN SPADES SEVEN,0.3146,0.0214,0.664
CLUBS SEVEN SPADES FIVE,0.5694,0.0126,0.418
CLUBS SEVEN SPADES FOUR,0.5818,0.0142,0.404
CLUBS SEVEN SPADES THREE,0.5852,0.0112,0.4036
CLUBS SEVEN SPADES TWO,0.7258,0.0354,0.2388
CLUBS NINE CLUBS SEVEN,0.5242,0.0108,0.465
CLUBS SEVEN CLUBS EIGHT,0.5264,0.0138,0.4598
HEARTS SIX DIAMONDS FIVE,0.543,0.0122,0.4448
HEARTS SEVEN DIAMONDS FIVE,0.5668,0.0088,0.4244
DIAMONDS FIVE HEARTS EIGHT,0.5682,0.013,0.4188
DIAMONDS FIVE HEARTS NINE,0.583,0.0148,0.4022
DIAMONDS QUEEN DIAMONDS FIVE,0.2048,0.4316,0.3636
HEARTS KING HEARTS EIGHT,0.3312,0.0078,0.661
DIAMONDS KING DIAMONDS FIVE,0.3324,0.0078,0.6598
HEARTS THREE DIAMONDS FIVE,0.5616,0.0152,0.4232
HEARTS QUEEN HEARTS EIGHT,0.2184,0.2174,0.5642
DIAMONDS ACE DIAMONDS FIVE,0.3226,0.0048,0.6726
HEARTS FOUR DIAMONDS FIVE,0.5552,0.0118,0.433
HEARTS FIVE DIAMONDS FIVE,0.319,0.0302,0.6508
HEARTS ACE HEARTS EIGHT,0.3334,0.005,0.6616
CLUBS FOUR DIAMONDS FIVE,0.5638,0.0146,0.4216
CLUBS FIVE DIAMONDS FIVE,0.32,0.0342,0.6458
CLUBS SIX DIAMONDS FIVE,0.5562,0.0144,0.4294
CLUBS SEVEN DIAMONDS FIVE,0.57,0.0148,0.4152
CLUBS TWO DIAMONDS FIVE,0.6866,0.0432,0.2702
CLUBS THREE DIAMONDS FIVE,0.563,0.014,0.423
SPADES THREE DIAMONDS FIVE,0.5664,0.015,0.4186
SPADES TWO DIAMONDS FIVE,0.6988,0.0394,0.2618
SPADES JACK DIAMONDS EIGHT,0.5622,0.0084,0.4294
SPADES FIVE DIAMONDS FIVE,0.3194,0.0284,0.6522
CLUBS TEN HEARTS JACK,0.5432,0.0108,0.446
SPADES TEN DIAMONDS EIGHT,0.5618,0.0112,0.427
SPADES FOUR DIAMONDS FIVE,0.5624,0.0158,0.4218
HEARTS JACK CLUBS JACK,0.2806,0.0112,0.7082
CLUBS NINE DIAMONDS FIVE,0.5912,0.0134,0.3954
HEARTS JACK CLUBS KING,0.3286,0.0078,0.6636
CLUBS EIGHT DIAMONDS FIVE,0.5816,0.0112,0.4072
CLUBS ACE HEARTS JACK,0.3302,0.0052,0.6646
SPADES SEVEN DIAMONDS FIVE,0.5702,0.0104,0.4194
SPADES KING DIAMONDS EIGHT,0.359,0.0076,0.6334
SPADES QUEEN DIAMONDS EIGHT,0.2288,0.2244,0.5468
SPADES SIX DIAMONDS FIVE,0.557,0.0118,0.4312
SPADES NINE DIAMONDS FIVE,0.583,0.0108,0.4062
SPADES EIGHT DIAMONDS FIVE,0.5764,0.012,0.4116
SPADES ACE DIAMONDS EIGHT,0.359,0.0036,0.6374
DIAMONDS TEN DIAMONDS SIX,0.5416,0.0124,0.446
HEARTS ACE DIAMONDS SEVEN,0.3434,0.006,0.6506
DIAMONDS JACK DIAMONDS SIX,0.5454,0.0112,0.4434
HEARTS QUEEN DIAMONDS SEVEN,0.2122,0.3196,0.4682
HEARTS KING DIAMONDS SEVEN,0.3554,0.0058,0.6388
DIAMONDS ACE DIAMONDS SIX,0.3298,0.0042,0.666
HEARTS FOUR DIAMONDS SIX,0.5698,0.0152,0.415
SPADES TWO HEARTS JACK,0.7184,0.0374,0.2442
HEARTS FIVE DIAMONDS SIX,0.5564,0.009,0.4346
SPADES TWO HEARTS TEN,0.7132,0.0412,0.2456
DIAMONDS QUEEN DIAMONDS SIX,0.2124,0.3428,0.4448
DIAMONDS KING DIAMONDS SIX,0.3314,0.0072,0.6614
HEARTS THREE DIAMONDS SIX,0.5752,0.0162,0.4086
HEARTS EIGHT DIAMONDS SIX,0.561,0.011,0.428
HEARTS NINE DIAMONDS SIX,0.5702,0.013,0.4168
HEARTS SIX DIAMONDS SIX,0.326,0.027,0.647
HEARTS SEVEN DIAMONDS SIX,0.5392,0.0142,0.4466
HEARTS TEN DIAMONDS SEVEN,0.5526,0.0136,0.4338
CLUBS TWO DIAMONDS SIX,0.7222,0.0322,0.2456
HEARTS JACK DIAMONDS SEVEN,0.5752,0.0116,0.4132
CLUBS THREE DIAMONDS SIX,0.5876,0.012,0.4004
CLUBS SEVEN DIAMONDS SIX,0.5562,0.0114,0.4324
DIAMONDS EIGHT CLUBS JACK,0.5668,0.0116,0.4216
CLUBS SIX DIAMONDS SIX,0.33,0.0322,0.6378
CLUBS TEN DIAMONDS EIGHT,0.561,0.011,0.428
CLUBS FIVE DIAMONDS SIX,0.5594,0.0146,0.426
CLUBS FOUR DIAMONDS SIX,0.5672,0.013,0.4198
HEARTS ACE HEARTS JACK,0.309,0.0054,0.6856
DIAMONDS EIGHT CLUBS ACE,0.3548,0.0032,0.642
HEARTS QUEEN HEARTS JACK,0.2168,0.089,0.6942
DIAMONDS EIGHT CLUBS KING,0.35,0.0074,0.6426
CLUBS NINE DIAMONDS SIX,0.568,0.0138,0.4182
HEARTS KING HEARTS JACK,0.3202,0.0076,0.6722
CLUBS EIGHT DIAMONDS SIX,0.5584,0.0116,0.43
SPADES TEN HEARTS KING,0.3126,0.0076,0.6798
SPADES FIVE DIAMONDS SIX,0.5554,0.0138,0.4308
HEARTS ACE SPADES TWO,0.2258,0.0182,0.756
SPADES JACK HEARTS KING,0.3248,0.0066,0.6686
SPADES FOUR DIAMONDS SIX,0.5646,0.0154,0.42
SPADES THREE DIAMONDS SIX,0.5802,0.0134,0.4064
HEARTS QUEEN SPADES TWO,0.0094,0.9702,0.0204
SPADES ACE SPADES KING,0.2874,0.006,0.7066
HEARTS KING SPADES TWO,0.2302,0.0282,0.7416
SPADES TWO DIAMONDS SIX,0.715,0.0322,0.2528
HEARTS TEN HEARTS EIGHT,0.5264,0.013,0.4606
SPADES NINE DIAMONDS SIX,0.5674,0.009,0.4236
HEARTS JACK HEARTS EIGHT,0.5266,0.0132,0.4602
SPADES EIGHT DIAMONDS SIX,0.562,0.0122,0.4258
SPADES SEVEN DIAMONDS SIX,0.5412,0.0138,0.445
SPADES SIX DIAMONDS SIX,0.3112,0.0264,0.6624
SPADES KING HEARTS KING,0.1192,0.0036,0.8772
SPADES QUEEN HEARTS KING,0.2242,0.0244,0.7514
CLUBS ACE CLUBS KING,0.2942,0.0064,0.6994
SPADES ACE HEARTS KING,0.3122,0.0028,0.685
SPADES ACE HEARTS JACK,0.3312,0.005,0.6638
SPADES QUEEN HEARTS JACK,0.2286,0.0868,0.6846
SPADES KING HEARTS JACK,0.327,0.0098,0.6632
SPADES TEN DIAMONDS TEN,0.2844,0.0158,0.6998
SPADES JACK DIAMONDS TEN,0.5482,0.0108,0.441
SPADES ACE DIAMONDS TEN,0.3418,0.005,0.6532
SPADES JACK HEARTS JACK,0.269,0.009,0.722
SPADES TEN HEARTS JACK,0.5278,0.0104,0.4618
SPADES QUEEN DIAMONDS TEN,0.2322,0.113,0.6548
SPADES KING DIAMONDS TEN,0.35,0.0058,0.6442
SPADES NINE DIAMONDS SEVEN,0.5422,0.0118,0.446
SPADES EIGHT DIAMONDS SEVEN,0.5404,0.0112,0.4484
SPADES SEVEN DIAMONDS SEVEN,0.3102,0.024,0.6658
SPADES SIX DIAMONDS SEVEN,0.5576,0.0102,0.4322
DIAMONDS KING DIAMONDS SEVEN,0.3236,0.0066,0.6698
HEARTS THREE DIAMONDS SEVEN,0.5814,0.0162,0.4024
HEARTS KING DIAMONDS FIVE,0.3364,0.0096,0.654
DIAMONDS QUEEN DIAMONDS SEVEN,0.2132,0.2974,0.4894
HEARTS QUEEN DIAMONDS FIVE,0.2222,0.4624,0.3154
HEARTS FIVE DIAMONDS SEVEN,0.5476,0.0118,0.4406
DIAMONDS ACE DIAMONDS SEVEN,0.3418,0.0034,0.6548
HEARTS FOUR DIAMONDS SEVEN,0.572,0.0144,0.4136
HEARTS ACE DIAMONDS FIVE,0.3464,0.0048,0.6488
HEARTS SEVEN DIAMONDS SEVEN,0.3038,0.025,0.6712
HEARTS SIX DIAMONDS SEVEN,0.5372,0.0118,0.451
DIAMONDS SEVEN HEARTS NINE,0.5498,0.0114,0.4388
HEARTS EIGHT DIAMONDS SEVEN,0.544,0.0116,0.4444
DIAMONDS JACK DIAMONDS SEVEN,0.55,0.0124,0.4376
DIAMONDS FIVE HEARTS JACK,0.5898,0.0144,0.3958
DIAMONDS TEN DIAMONDS SEVEN,0.534,0.012,0.454
HEARTS TEN DIAMONDS FIVE,0.5786,0.0094,0.412
SPADES KING CLUBS TWO,0.2414,0.0298,0.7288
HEARTS KING CLUBS KING,0.1102,0.0062,0.8836
CLUBS EIGHT DIAMONDS SEVEN,0.5496,0.0128,0.4376
SPADES QUEEN CLUBS TWO,0.0178,0.971,0.0112
CLUBS NINE DIAMONDS SEVEN,0.5544,0.0136,0.432
SPADES TWO CLUBS JACK,0.7294,0.0408,0.2298
SPADES ACE CLUBS TWO,0.2376,0.0182,0.7442
CLUBS TEN SPADES TWO,0.7358,0.0344,0.2298
HEARTS KING CLUBS ACE,0.3088,0.005,0.6862
CLUBS SEVEN CLUBS SIX,0.5158,0.0116,0.4726
SPADES TWO CLUBS KING,0.2358,0.0286,0.7356
SPADES TWO DIAMONDS SEVEN,0.721,0.0346,0.2444
CLUBS EIGHT CLUBS SIX,0.5348,0.013,0.4522
SPADES THREE DIAMONDS SEVEN,0.5826,0.0162,0.4012
CLUBS NINE CLUBS SIX,0.5406,0.0138,0.4456
SPADES FOUR DIAMONDS SEVEN,0.5866,0.0106,0.4028
HEARTS KING CLUBS JACK,0.325,0.013,0.662
SPADES FIVE DIAMONDS SEVEN,0.5452,0.0146,0.4402
SPADES TWO CLUBS ACE,0.2172,0.0182,0.7646
CLUBS TEN HEARTS KING,0.3304,0.0078,0.6618
CLUBS SIX SPADES TWO,0.7022,0.04,0.2578
CLUBS SIX SPADES THREE,0.5838,0.0152,0.401
CLUBS TWO DIAMONDS SEVEN,0.7266,0.0362,0.2372
CLUBS SIX SPADES FOUR,0.5718,0.0126,0.4156
CLUBS THREE DIAMONDS SEVEN,0.5858,0.0164,0.3978
CLUBS SIX SPADES FIVE,0.5488,0.0126,0.4386
CLUBS FOUR DIAMONDS SEVEN,0.5814,0.0118,0.4068
CLUBS SIX SPADES SIX,0.3294,0.024,0.6466
CLUBS FIVE DIAMONDS SEVEN,0.5692,0.0142,0.4166
CLUBS SIX SPADES SEVEN,0.5596,0.0112,0.4292
CLUBS SIX DIAMONDS SEVEN,0.5452,0.0136,0.4412
CLUBS SIX SPADES EIGHT,0.5514,0.013,0.4356
SPADES JACK CLUBS TWO,0.7278,0.0406,0.2316
CLUBS SEVEN DIAMONDS SEVEN,0.3094,0.02,0.6706
SPADES NINE CLUBS SIX,0.566,0.0122,0.4218
SPADES TEN CLUBS TWO,0.7278,0.0376,0.2346
CLUBS TWO CLUBS KING,0.2276,0.0284,0.744
CLUBS THREE DIAMONDS EIGHT,0.6086,0.0112,0.3802
CLUBS TWO CLUBS ACE,0.2166,0.0204,0.763
CLUBS TWO DIAMONDS EIGHT,0.719,0.0432,0.2378
HEARTS SEVEN DIAMONDS EIGHT,0.5464,0.0122,0.4414
HEARTS SIX DIAMONDS EIGHT,0.5504,0.0116,0.438
DIAMONDS EIGHT HEARTS NINE,0.5424,0.0116,0.446
CLUBS TEN CLUBS TWO,0.6876,0.0434,0.269
DIAMONDS EIGHT HEARTS EIGHT,0.3052,0.0212,0.6736
CLUBS TWO CLUBS JACK,0.6932,0.0386,0.2682
CLUBS NINE DIAMONDS EIGHT,0.5342,0.0124,0.4534
CLUBS EIGHT DIAMONDS EIGHT,0.3018,0.0234,0.6748
CLUBS FIVE DIAMONDS EIGHT,0.5624,0.012,0.4256
SPADES ACE SPADES THREE,0.3462,0.005,0.6488
CLUBS FOUR DIAMONDS EIGHT,0.5962,0.0138,0.39
CLUBS SEVEN DIAMONDS EIGHT,0.5442,0.012,0.4438
SPADES QUEEN SPADES THREE,0.2138,0.4848,0.3014
CLUBS SIX DIAMONDS EIGHT,0.5478,0.0142,0.438
SPADES KING SPADES THREE,0.3194,0.0078,0.6728
DIAMONDS QUEEN DIAMONDS EIGHT,0.2084,0.2144,0.5772
DIAMONDS KING DIAMONDS EIGHT,0.337,0.0048,0.6582
HEARTS THREE DIAMONDS EIGHT,0.5836,0.0148,0.4016
DIAMONDS ACE DIAMONDS EIGHT,0.3328,0.0044,0.6628
HEARTS FOUR DIAMONDS EIGHT,0.576,0.0118,0.4122
HEARTS FIVE DIAMONDS EIGHT,0.5558,0.0144,0.4298
DIAMONDS EIGHT DIAMONDS TEN,0.5216,0.0108,0.4676
DIAMONDS EIGHT DIAMONDS JACK,0.5252,0.011,0.4638
SPADES JACK SPADES THREE,0.5656,0.0118,0.4226
SPADES TEN SPADES THREE,0.5584,0.0146,0.427
CLUBS FOUR HEARTS ACE,0.33,0.0052,0.6648
CLUBS FOUR HEARTS QUEEN,0.2088,0.5244,0.2668
CLUBS FOUR HEARTS KING,0.3554,0.01,0.6346
CLUBS SIX HEARTS TEN,0.578,0.0098,0.4122
CLUBS SIX HEARTS JACK,0.5926,0.011,0.3964
DIAMONDS EIGHT SPADES FOUR,0.566,0.014,0.42
SPADES FIVE DIAMONDS EIGHT,0.5708,0.012,0.4172
DIAMONDS EIGHT SPADES TWO,0.7154,0.0368,0.2478
DIAMONDS EIGHT SPADES THREE,0.593,0.0136,0.3934
CLUBS FOUR HEARTS JACK,0.5936,0.0144,0.392
SPADES EIGHT DIAMONDS EIGHT,0.3054,0.0214,0.6732
SPADES TEN DIAMONDS QUEEN,0.2116,0.1226,0.6658
SPADES JACK HEARTS EIGHT,0.5462,0.0146,0.4392
CLUBS FOUR HEARTS TEN,0.5908,0.0134,0.3958
SPADES NINE DIAMONDS EIGHT,0.5344,0.0098,0.4558
SPADES TEN HEARTS EIGHT,0.551,0.0124,0.4366
SPADES JACK DIAMONDS QUEEN,0.2358,0.0924,0.6718
SPADES SIX DIAMONDS EIGHT,0.5656,0.012,0.4224
SPADES SEVEN DIAMONDS EIGHT,0.5428,0.0112,0.446
SPADES ACE DIAMONDS QUEEN,0.226,0.0142,0.7598
SPADES ACE HEARTS EIGHT,0.3652,0.0044,0.6304
SPADES KING HEARTS EIGHT,0.356,0.0054,0.6386
SPADES QUEEN DIAMONDS QUEEN,0.069,0.0246,0.9064
SPADES KING DIAMONDS QUEEN,0.2188,0.0284,0.7528
SPADES QUEEN HEARTS EIGHT,0.219,0.2292,0.5518
CLUBS TWO HEARTS TEN,0.7354,0.0424,0.2222
CLUBS TWO HEARTS JACK,0.7304,0.0452,0.2244
SPADES SEVEN DIAMONDS NINE,0.5468,0.013,0.4402
SPADES SIX DIAMONDS NINE,0.5662,0.0098,0.424
SPADES NINE DIAMONDS NINE,0.2834,0.0166,0.7
SPADES EIGHT DIAMONDS NINE,0.553,0.0102,0.4368
SPADES TEN CLUBS KING,0.3274,0.0052,0.6674
DIAMONDS NINE SPADES THREE,0.602,0.0088,0.3892
SPADES JACK CLUBS KING,0.3228,0.006,0.6712
DIAMONDS NINE SPADES TWO,0.7084,0.0412,0.2504
DIAMONDS NINE SPADES FIVE,0.5772,0.0106,0.4122
DIAMONDS NINE SPADES FOUR,0.5946,0.0136,0.3918
CLUBS NINE DIAMONDS NINE,0.2962,0.02,0.6838
CLUBS EIGHT DIAMONDS NINE,0.545,0.0096,0.4454
CLUBS SIX DIAMONDS NINE,0.577,0.0104,0.4126
SPADES JACK CLUBS FOUR,0.6032,0.0134,0.3834
CLUBS SEVEN DIAMONDS NINE,0.5596,0.0116,0.4288
SPADES TEN CLUBS FOUR,0.598,0.0132,0.3888
CLUBS FOUR DIAMONDS NINE,0.5968,0.0136,0.3896
CLUBS FIVE DIAMONDS NINE,0.5926,0.0144,0.393
DIAMONDS NINE CLUBS TWO,0.72,0.046,0.234
CLUBS THREE DIAMONDS NINE,0.5924,0.0154,0.3922
DIAMONDS NINE HEARTS EIGHT,0.5206,0.0098,0.4696
DIAMONDS NINE HEARTS NINE,0.2918,0.0178,0.6904
HEARTS SIX DIAMONDS NINE,0.5646,0.0098,0.4256
HEARTS SEVEN DIAMONDS NINE,0.5458,0.0116,0.4426
CLUBS NINE CLUBS EIGHT,0.5244,0.0106,0.465
DIAMONDS ACE DIAMONDS NINE,0.3336,0.004,0.6624
HEARTS FOUR DIAMONDS NINE,0.5864,0.0136,0.4
HEARTS FIVE DIAMONDS NINE,0.585,0.0102,0.4048
HEARTS ACE CLUBS TWO,0.2342,0.0174,0.7484
SPADES ACE CLUBS FOUR,0.3578,0.0056,0.6366
DIAMONDS QUEEN DIAMONDS NINE,0.2134,0.1602,0.6264
CLUBS TWO HEARTS KING,0.2162,0.0338,0.75
SPADES KING CLUBS FOUR,0.3528,0.0078,0.6394
DIAMONDS KING DIAMONDS NINE,0.325,0.0064,0.6686
HEARTS THREE DIAMONDS NINE,0.5924,0.0132,0.3944
CLUBS TWO HEARTS QUEEN,0.0064,0.9852,0.0084
SPADES QUEEN CLUBS FOUR,0.22,0.5206,0.2594
DIAMONDS NINE DIAMONDS JACK,0.5144,0.0082,0.4774
CLUBS EIGHT SPADES NINE,0.5508,0.0108,0.4384
DIAMONDS NINE DIAMONDS TEN,0.5026,0.0082,0.4892
CLUBS EIGHT SPADES EIGHT,0.3138,0.023,0.6632
CLUBS EIGHT SPADES SEVEN,0.5496,0.0144,0.436
CLUBS EIGHT SPADES SIX,0.546,0.0108,0.4432
CLUBS EIGHT SPADES FIVE,0.5648,0.013,0.4222
CLUBS EIGHT SPADES FOUR,0.589,0.0164,0.3946
CLUBS EIGHT SPADES THREE,0.6006,0.012,0.3874
CLUBS EIGHT SPADES TWO,0.7094,0.044,0.2466
HEARTS SIX DIAMONDS TEN,0.5816,0.0112,0.4072
HEARTS SEVEN DIAMONDS TEN,0.567,0.0092,0.4238
DIAMONDS TEN HEARTS EIGHT,0.5566,0.0114,0.432
CLUBS FOUR CLUBS JACK,0.57,0.0116,0.4184
DIAMONDS TEN HEARTS NINE,0.5368,0.0102,0.453
CLUBS TEN CLUBS FOUR,0.5656,0.0156,0.4188
CLUBS FOUR CLUBS KING,0.3434,0.0088,0.6478
CLUBS TWO DIAMONDS TEN,0.7302,0.0394,0.2304
CLUBS THREE DIAMONDS TEN,0.6006,0.0136,0.3858
CLUBS FOUR CLUBS ACE,0.3308,0.0048,0.6644
DIAMONDS JACK DIAMONDS TEN,0.5048,0.0098,0.4854
DIAMONDS QUEEN DIAMONDS TEN,0.205,0.1166,0.6784
DIAMONDS KING DIAMONDS TEN,0.3254,0.0034,0.6712
HEARTS THREE DIAMONDS TEN,0.5678,0.0128,0.4194
DIAMONDS ACE DIAMONDS TEN,0.3248,0.005,0.6702
HEARTS FOUR DIAMONDS TEN,0.5848,0.0162,0.399
CLUBS EIGHT HEARTS JACK,0.5636,0.0118,0.4246
HEARTS FIVE DIAMONDS TEN,0.5912,0.0116,0.3972
CLUBS EIGHT HEARTS TEN,0.5546,0.0104,0.435
CLUBS EIGHT HEARTS QUEEN,0.2162,0.2342,0.5496
CLUBS EIGHT HEARTS KING,0.3552,0.0096,0.6352
CLUBS EIGHT HEARTS ACE,0.3482,0.0064,0.6454
CLUBS NINE SPADES THREE,0.5976,0.0144,0.388
CLUBS NINE SPADES TWO,0.7268,0.0406,0.2326
CLUBS NINE SPADES FIVE,0.5774,0.0106,0.412
CLUBS NINE SPADES FOUR,0.5894,0.0158,0.3948
CLUBS NINE SPADES SEVEN,0.5634,0.0126,0.424
CLUBS NINE SPADES SIX,0.5666,0.0154,0.418
CLUBS NINE SPADES NINE,0.2924,0.0178,0.6898
CLUBS TEN HEARTS EIGHT,0.5556,0.01,0.4344
CLUBS NINE SPADES EIGHT,0.547,0.0108,0.4422
HEARTS EIGHT CLUBS JACK,0.5774,0.0118,0.4108
CLUBS KING HEARTS EIGHT,0.3474,0.007,0.6456
CLUBS ACE HEARTS EIGHT,0.3472,0.0068,0.646
SPADES KING CLUBS KING,0.1212,0.0054,0.8734
SPADES QUEEN CLUBS KING,0.222,0.0278,0.7502
SPADES ACE CLUBS KING,0.3136,0.0052,0.6812
DIAMONDS ACE HEARTS TEN,0.3338,0.0056,0.6606
HEARTS FOUR HEARTS TEN,0.5558,0.0114,0.4328
DIAMONDS ACE HEARTS JACK,0.3334,0.0054,0.6612
HEARTS FOUR HEARTS JACK,0.559,0.0156,0.4254
SPADES KING CLUBS FIVE,0.3562,0.0072,0.6366
SPADES QUEEN CLUBS FIVE,0.2224,0.4672,0.3104
SPADES ACE CLUBS FIVE,0.3384,0.0058,0.6558
HEARTS SEVEN DIAMONDS JACK,0.5728,0.0108,0.4164
HEARTS SIX DIAMONDS JACK,0.589,0.013,0.398
DIAMONDS JACK HEARTS NINE,0.5592,0.0128,0.428
DIAMONDS JACK HEARTS EIGHT,0.5506,0.0116,0.4378
DIAMONDS KING DIAMONDS JACK,0.3206,0.0094,0.67
HEARTS THREE DIAMONDS JACK,0.584,0.0164,0.3996
SPADES ACE SPADES SIX,0.3404,0.006,0.6536
HEARTS ACE SPADES FOUR,0.3402,0.0056,0.6542
DIAMONDS QUEEN DIAMONDS JACK,0.216,0.0848,0.6992
HEARTS FIVE DIAMONDS JACK,0.5776,0.01,0.4124
SPADES QUEEN SPADES SIX,0.2104,0.3618,0.4278
SPADES FOUR HEARTS QUEEN,0.2088,0.5214,0.2698
DIAMONDS ACE DIAMONDS JACK,0.3262,0.0052,0.6686
HEARTS FOUR DIAMONDS JACK,0.5814,0.014,0.4046
SPADES KING SPADES SIX,0.3342,0.0064,0.6594
SPADES FOUR HEARTS KING,0.3568,0.0068,0.6364
SPADES TEN SPADES SIX,0.5426,0.0112,0.4462
SPADES JACK SPADES SIX,0.5532,0.0092,0.4376
SPADES FOUR DIAMONDS JACK,0.5916,0.0122,0.3962
SPADES FIVE DIAMONDS JACK,0.5916,0.0098,0.3986
DIAMONDS JACK SPADES TWO,0.7238,0.0378,0.2384
DIAMONDS JACK SPADES THREE,0.607,0.0138,0.3792
SPADES ACE DIAMONDS THREE,0.3482,0.0044,0.6474
SPADES QUEEN DIAMONDS THREE,0.2154,0.5204,0.2642
CLUBS EIGHT DIAMONDS JACK,0.5674,0.012,0.4206
SPADES KING DIAMONDS THREE,0.3646,0.0112,0.6242
CLUBS NINE DIAMONDS JACK,0.5578,0.0104,0.4318
CLUBS SIX DIAMONDS JACK,0.5912,0.012,0.3968
CLUBS SEVEN DIAMONDS JACK,0.5764,0.01,0.4136
CLUBS FOUR DIAMONDS JACK,0.605,0.0138,0.3812
CLUBS FIVE DIAMONDS JACK,0.594,0.0146,0.3914
CLUBS TWO DIAMONDS JACK,0.7216,0.0418,0.2366
CLUBS THREE DIAMONDS JACK,0.5986,0.0148,0.3866
SPADES TEN CLUBS FIVE,0.6016,0.0086,0.3898
SPADES JACK HEARTS SIX,0.5922,0.0092,0.3986
HEARTS SIX SPADES TEN,0.5736,0.0148,0.4116
SPADES JACK CLUBS FIVE,0.5948,0.0112,0.394
SPADES JACK DIAMONDS THREE,0.594,0.0116,0.3944
CLUBS SEVEN CLUBS ACE,0.3386,0.0072,0.6542
DIAMONDS THREE SPADES TEN,0.586,0.0166,0.3974
CLUBS SEVEN CLUBS KING,0.3234,0.0102,0.6664
SPADES NINE DIAMONDS JACK,0.5564,0.0112,0.4324
CLUBS TEN CLUBS SEVEN,0.5378,0.0118,0.4504
DIAMONDS ACE HEARTS ACE,0.1058,0.0046,0.8896
HEARTS FOUR HEARTS ACE,0.3302,0.0076,0.6622
SPADES EIGHT DIAMONDS JACK,0.569,0.009,0.422
SPADES ACE HEARTS SIX,0.3562,0.0046,0.6392
CLUBS SEVEN CLUBS JACK,0.5556,0.0118,0.4326
DIAMONDS ACE HEARTS KING,0.3042,0.0042,0.6916
HEARTS FOUR HEARTS KING,0.327,0.0088,0.6642
SPADES SEVEN DIAMONDS JACK,0.5714,0.0116,0.417
SPADES KING HEARTS SIX,0.3486,0.0074,0.644
DIAMONDS ACE HEARTS QUEEN,0.2144,0.0218,0.7638
HEARTS FOUR HEARTS QUEEN,0.2044,0.4922,0.3034
SPADES QUEEN HEARTS SIX,0.2274,0.3742,0.3984
SPADES SIX DIAMONDS JACK,0.5824,0.0118,0.4058
DIAMONDS TEN SPADES TWO,0.721,0.0434,0.2356
SPADES THREE DIAMONDS TEN,0.598,0.01,0.392
SPADES FOUR DIAMONDS TEN,0.5912,0.0124,0.3964
SPADES FIVE DIAMONDS TEN,0.576,0.0132,0.4108
SPADES SIX DIAMONDS TEN,0.579,0.011,0.41
SPADES SEVEN DIAMONDS TEN,0.5576,0.0098,0.4326
SPADES EIGHT DIAMONDS TEN,0.5496,0.009,0.4414
SPADES NINE DIAMONDS TEN,0.5436,0.0094,0.447
CLUBS FOUR DIAMONDS TEN,0.5802,0.0144,0.4054
CLUBS FIVE DIAMONDS TEN,0.6014,0.0104,0.3882
CLUBS SIX DIAMONDS TEN,0.5806,0.0114,0.408
CLUBS SEVEN DIAMONDS TEN,0.5726,0.0118,0.4156
CLUBS EIGHT DIAMONDS TEN,0.5596,0.0118,0.4286
CLUBS NINE DIAMONDS TEN,0.5446,0.0092,0.4462
DIAMONDS THREE CLUBS JACK,0.5986,0.0144,0.387
CLUBS TEN DIAMONDS THREE,0.5992,0.0132,0.3876
DIAMONDS THREE CLUBS KING,0.3496,0.0068,0.6436
DIAMONDS THREE CLUBS ACE,0.3442,0.0058,0.65
SPADES FOUR HEARTS JACK,0.5906,0.0106,0.3988
SPADES FOUR HEARTS TEN,0.577,0.0124,0.4106
SPADES FIVE SPADES TWO,0.6462,0.032,0.3218
SPADES FOUR SPADES TWO,0.6628,0.0374,0.2998
SPADES THREE SPADES TWO,0.6586,0.0394,0.302
SPADES NINE SPADES TWO,0.6762,0.039,0.2848
SPADES EIGHT SPADES TWO,0.6672,0.0364,0.2964
SPADES SEVEN SPADES TWO,0.681,0.0348,0.2842
SPADES SIX SPADES TWO,0.6556,0.0348,0.3096
DIAMONDS QUEEN CLUBS THREE,0.217,0.5188,0.2642
DIAMONDS QUEEN CLUBS TWO,0.0176,0.97,0.0124
HEARTS SEVEN DIAMONDS QUEEN,0.215,0.306,0.479
HEARTS SIX DIAMONDS QUEEN,0.228,0.376,0.396
DIAMONDS QUEEN HEARTS NINE,0.2208,0.1728,0.6064
DIAMONDS QUEEN HEARTS EIGHT,0.227,0.2254,0.5476
CLUBS NINE DIAMONDS QUEEN,0.2284,0.163,0.6086
CLUBS EIGHT DIAMONDS QUEEN,0.2294,0.2216,0.549
CLUBS FIVE DIAMONDS QUEEN,0.2206,0.4716,0.3078
SPADES EIGHT HEARTS ACE,0.3564,0.0052,0.6384
DIAMONDS QUEEN CLUBS FOUR,0.2214,0.5126,0.266
CLUBS SEVEN DIAMONDS QUEEN,0.2198,0.3034,0.4768
SPADES EIGHT HEARTS QUEEN,0.2128,0.2192,0.568
CLUBS SIX DIAMONDS QUEEN,0.2126,0.3886,0.3988
SPADES EIGHT HEARTS KING,0.3508,0.0074,0.6418
DIAMONDS QUEEN SPADES SIX,0.241,0.3714,0.3876
DIAMONDS QUEEN SPADES SEVEN,0.2304,0.3046,0.465
HEARTS FOUR CLUBS KING,0.343,0.0096,0.6474
DIAMONDS ACE CLUBS KING,0.309,0.0064,0.6846
DIAMONDS QUEEN SPADES EIGHT,0.2254,0.2196,0.555
HEARTS FOUR CLUBS ACE,0.3412,0.0052,0.6536
DIAMONDS ACE CLUBS ACE,0.1104,0.0036,0.886
SPADES NINE DIAMONDS QUEEN,0.2352,0.1644,0.6004
DIAMONDS QUEEN SPADES TWO,0.0228,0.9532,0.024
DIAMONDS QUEEN SPADES THREE,0.2146,0.522,0.2634
DIAMONDS QUEEN SPADES FOUR,0.2298,0.5034,0.2668
CLUBS TEN HEARTS FOUR,0.5946,0.0126,0.3928
CLUBS TEN DIAMONDS ACE,0.3462,0.0072,0.6466
DIAMONDS QUEEN SPADES FIVE,0.2238,0.4424,0.3338
HEARTS FOUR CLUBS JACK,0.5908,0.0112,0.398
DIAMONDS ACE CLUBS JACK,0.355,0.0068,0.6382
CLUBS FIVE CLUBS KING,0.3318,0.0084,0.6598
CLUBS FIVE CLUBS ACE,0.3316,0.0086,0.6598
CLUBS FIVE CLUBS JACK,0.577,0.0122,0.4108
CLUBS TEN CLUBS FIVE,0.5668,0.0148,0.4184
SPADES KING CLUBS JACK,0.3514,0.0096,0.639
SPADES QUEEN CLUBS JACK,0.2246,0.092,0.6834
SPADES ACE CLUBS JACK,0.3444,0.0046,0.651
SPADES SIX CLUBS KING,0.3544,0.0076,0.638
SPADES EIGHT HEARTS JACK,0.5588,0.0102,0.431
SPADES SIX CLUBS ACE,0.3536,0.0046,0.6418
SPADES EIGHT HEARTS TEN,0.5444,0.0102,0.4454
SPADES SIX CLUBS JACK,0.5944,0.0092,0.3964
CLUBS TEN SPADES SIX,0.5842,0.0116,0.4042
SPADES TEN CLUBS JACK,0.533,0.0144,0.4526
SPADES JACK CLUBS JACK,0.2668,0.0106,0.7226
SPADES QUEEN CLUBS SEVEN,0.2306,0.304,0.4654
SPADES KING CLUBS SEVEN,0.362,0.0078,0.6302
SPADES ACE CLUBS SEVEN,0.361,0.0048,0.6342
SPADES SIX HEARTS TEN,0.573,0.012,0.415
SPADES SIX HEARTS JACK,0.587,0.0116,0.4014
SPADES SIX HEARTS ACE,0.3546,0.0056,0.6398
SPADES SIX HEARTS KING,0.3554,0.0062,0.6384
SPADES SIX HEARTS QUEEN,0.2118,0.3862,0.402
CLUBS SEVEN SPADES JACK,0.5672,0.0126,0.4202
CLUBS SEVEN SPADES TEN,0.5744,0.011,0.4146
CLUBS TEN HEARTS SIX,0.5802,0.0102,0.4096
HEARTS SIX CLUBS JACK,0.5814,0.0132,0.4054
CLUBS ACE CLUBS JACK,0.3278,0.0074,0.6648
HEARTS SIX CLUBS KING,0.3556,0.008,0.6364
HEARTS SIX CLUBS ACE,0.3518,0.0058,0.6424
CLUBS KING CLUBS JACK,0.3204,0.006,0.6736
DIAMONDS THREE HEARTS ACE,0.339,0.0062,0.6548
DIAMONDS THREE HEARTS QUEEN,0.212,0.5232,0.2648
DIAMONDS THREE HEARTS KING,0.3568,0.0094,0.6338
CLUBS FIVE HEARTS JACK,0.5932,0.0116,0.3952
SPADES TEN DIAMONDS ACE,0.355,0.004,0.641
HEARTS FOUR SPADES TEN,0.5844,0.0106,0.405
CLUBS FIVE HEARTS TEN,0.6094,0.0112,0.3794
HEARTS FOUR SPADES JACK,0.6016,0.01,0.3884
SPADES JACK DIAMONDS ACE,0.3516,0.0042,0.6442
SPADES ACE HEARTS FOUR,0.3484,0.0044,0.6472
SPADES ACE DIAMONDS ACE,0.124,0.0042,0.8718
CLUBS FIVE HEARTS ACE,0.3566,0.0054,0.638
CLUBS FIVE HEARTS KING,0.354,0.009,0.637
HEARTS FOUR SPADES QUEEN,0.2212,0.518,0.2608
SPADES QUEEN DIAMONDS ACE,0.2248,0.0206,0.7546
SPADES FOUR CLUBS JACK,0.5972,0.013,0.3898
CLUBS FIVE HEARTS QUEEN,0.2136,0.4582,0.3282
SPADES KING DIAMONDS ACE,0.322,0.0034,0.6746
SPADES KING HEARTS FOUR,0.3372,0.0082,0.6546
CLUBS TEN SPADES FOUR,0.6012,0.014,0.3848
DIAMONDS QUEEN DIAMONDS ACE,0.2154,0.0184,0.7662
HEARTS FOUR DIAMONDS QUEEN,0.212,0.5022,0.2858
DIAMONDS THREE HEARTS TEN,0.5806,0.012,0.4074
SPADES FOUR CLUBS KING,0.3554,0.009,0.6356
HEARTS FIVE DIAMONDS QUEEN,0.2208,0.4548,0.3244
DIAMONDS THREE HEARTS JACK,0.6,0.0124,0.3876
DIAMONDS KING DIAMONDS QUEEN,0.1956,0.0272,0.7772
DIAMONDS QUEEN HEARTS THREE,0.2162,0.5212,0.2626
SPADES FOUR CLUBS ACE,0.348,0.0056,0.6464
DIAMONDS QUEEN CLUBS ACE,0.2154,0.0186,0.766
DIAMONDS QUEEN CLUBS KING,0.2184,0.0282,0.7534
SPADES EIGHT SPADES FIVE,0.5332,0.0122,0.4546
CLUBS TEN DIAMONDS QUEEN,0.229,0.1134,0.6576
SPADES NINE SPADES FIVE,0.5316,0.0124,0.456
DIAMONDS QUEEN CLUBS JACK,0.2298,0.0962,0.674
SPADES SIX SPADES FIVE,0.5268,0.0122,0.461
SPADES SEVEN SPADES FIVE,0.5124,0.0124,0.4752
SPADES EIGHT CLUBS ACE,0.347,0.0056,0.6474
DIAMONDS FIVE CLUBS KING,0.3526,0.0084,0.639
SPADES EIGHT CLUBS KING,0.3552,0.0092,0.6356
DIAMONDS FIVE CLUBS ACE,0.338,0.005,0.657
SPADES EIGHT CLUBS JACK,0.564,0.013,0.423
CLUBS TEN SPADES EIGHT,0.5508,0.0106,0.4386
CLUBS TEN DIAMONDS FIVE,0.603,0.0114,0.3856
DIAMONDS FIVE CLUBS JACK,0.5746,0.0098,0.4156
DIAMONDS TEN HEARTS JACK,0.5264,0.0092,0.4644
DIAMONDS TEN HEARTS TEN,0.2834,0.015,0.7016
SPADES ACE CLUBS NINE,0.3626,0.0046,0.6328
CLUBS NINE SPADES QUEEN,0.2252,0.1616,0.6132
CLUBS NINE SPADES KING,0.3536,0.0076,0.6388
HEARTS SIX HEARTS KING,0.3338,0.0074,0.6588
DIAMONDS KING SPADES SEVEN,0.347,0.0094,0.6436
HEARTS THREE SPADES SEVEN,0.5854,0.0146,0.4
SPADES KING DIAMONDS SEVEN,0.3562,0.008,0.6358
HEARTS SIX HEARTS QUEEN,0.2102,0.3712,0.4186
SPADES QUEEN DIAMONDS SEVEN,0.2214,0.3016,0.477
HEARTS THREE SPADES SIX,0.5838,0.017,0.3992
DIAMONDS KING SPADES SIX,0.3578,0.0076,0.6346
DIAMONDS KING SPADES NINE,0.3522,0.007,0.6408
SPADES NINE HEARTS THREE,0.5892,0.0114,0.3994
HEARTS SIX HEARTS ACE,0.3404,0.0054,0.6542
DIAMONDS KING SPADES EIGHT,0.3616,0.0058,0.6326
SPADES EIGHT HEARTS THREE,0.5914,0.0128,0.3958
SPADES ACE DIAMONDS SEVEN,0.3592,0.0042,0.6366
CLUBS NINE HEARTS THREE,0.6096,0.0142,0.3762
CLUBS NINE DIAMONDS KING,0.3548,0.0078,0.6374
CLUBS EIGHT HEARTS THREE,0.5936,0.014,0.3924
CLUBS EIGHT DIAMONDS KING,0.3738,0.0084,0.6178
HEARTS THREE SPADES THREE,0.3354,0.04,0.6246
DIAMONDS KING SPADES THREE,0.3654,0.0092,0.6254
HEARTS THREE SPADES TWO,0.7024,0.035,0.2626
DIAMONDS KING SPADES TWO,0.23,0.03,0.74
HEARTS THREE SPADES FIVE,0.563,0.0146,0.4224
DIAMONDS KING SPADES FIVE,0.3592,0.0072,0.6336
HEARTS THREE SPADES FOUR,0.57,0.0156,0.4144
DIAMONDS KING SPADES FOUR,0.3652,0.0098,0.625
DIAMONDS KING CLUBS TWO,0.2446,0.0288,0.7266
HEARTS THREE CLUBS TWO,0.72,0.0392,0.2408
DIAMONDS KING CLUBS THREE,0.3508,0.0082,0.641
