opposingHand,winningChance,drawChance,lostChance
HEARTS SIX CLUBS FOUR
HEARTS FIVE SPADES TEN,0.3778,0.0326,0.5896
SPADES JACK HEARTS FIVE,0.3864,0.0186,0.595
CLUBS JACK SPADES FIVE,0.3556,0.0246,0.6198
CLUBS TEN SPADES FIVE,0.3832,0.032,0.5848
CLUBS JACK CLUBS EIGHT,0.338,0.02,0.642
CLUBS TEN CLUBS EIGHT,0.33,0.0248,0.6452
CLUBS EIGHT CLUBS KING,0.3536,0.0068,0.6396
SPADES FIVE CLUBS ACE,0.363,0.0038,0.6332
CLUBS EIGHT CLUBS QUEEN,0.3366,0.015,0.6484
SPADES FIVE CLUBS KING,0.3794,0.0092,0.6114
SPADES FIVE CLUBS QUEEN,0.3716,0.0138,0.6146
CLUBS EIGHT CLUBS ACE,0.327,0.0056,0.6674
DIAMONDS TWO DIAMONDS THREE,0.5008,0.1494,0.3498
DIAMONDS TWO DIAMONDS FIVE,0.4668,0.1512,0.382
SPADES KING HEARTS FIVE,0.3854,0.0064,0.6082
DIAMONDS TWO DIAMONDS FOUR,0.4478,0.2544,0.2978
SPADES QUEEN HEARTS FIVE,0.3794,0.012,0.6086
DIAMONDS TWO DIAMONDS SEVEN,0.3884,0.0998,0.5118
DIAMONDS TWO DIAMONDS SIX,0.2746,0.4616,0.2638
SPADES ACE HEARTS FIVE,0.3648,0.0066,0.6286
DIAMONDS TWO DIAMONDS NINE,0.3976,0.0416,0.5608
DIAMONDS TWO DIAMONDS EIGHT,0.3876,0.0644,0.548
DIAMONDS THREE DIAMONDS FOUR,0.458,0.2546,0.2874
CLUBS TWO SPADES FOUR,0.487,0.2792,0.2338
DIAMONDS THREE DIAMONDS FIVE,0.4526,0.15,0.3974
SPADES FIVE CLUBS TWO,0.502,0.16,0.338
CLUBS TWO SPADES TWO,0.3622,0.1306,0.5072
CLUBS TWO SPADES THREE,0.5284,0.1546,0.317
DIAMONDS THREE DIAMONDS EIGHT,0.3928,0.0684,0.5388
SPADES EIGHT CLUBS TWO,0.4254,0.0718,0.5028
DIAMONDS THREE DIAMONDS NINE,0.3836,0.0398,0.5766
SPADES NINE CLUBS TWO,0.4154,0.0396,0.545
DIAMONDS THREE DIAMONDS SIX,0.2484,0.485,0.2666
SPADES SIX CLUBS TWO,0.2934,0.5018,0.2048
DIAMONDS THREE DIAMONDS SEVEN,0.3798,0.1036,0.5166
SPADES SEVEN CLUBS TWO,0.4036,0.1092,0.4872
CLUBS SIX CLUBS TWO,0.2776,0.4756,0.2468
CLUBS SEVEN CLUBS TWO,0.3876,0.0972,0.5152
CLUBS FIVE CLUBS TWO,0.4794,0.1596,0.361
CLUBS TEN CLUBS JACK,0.3338,0.0146,0.6516
DIAMONDS FOUR DIAMONDS SIX,0.0244,0.9038,0.0718
CLUBS TEN CLUBS QUEEN,0.3356,0.0114,0.653
DIAMONDS FOUR DIAMONDS SEVEN,0.235,0.1756,0.5894
CLUBS TEN CLUBS KING,0.3402,0.0076,0.6522
CLUBS TEN CLUBS ACE,0.3398,0.0048,0.6554
CLUBS EIGHT CLUBS TWO,0.4062,0.0632,0.5306
DIAMONDS FIVE DIAMONDS FOUR,0.4472,0.2538,0.299
CLUBS NINE CLUBS TWO,0.4026,0.0412,0.5562
DIAMONDS NINE DIAMONDS FOUR,0.2618,0.0966,0.6416
DIAMONDS EIGHT DIAMONDS FOUR,0.2344,0.1404,0.6252
CLUBS THREE CLUBS TWO,0.4998,0.149,0.3512
DIAMONDS NINE DIAMONDS FIVE,0.351,0.0446,0.6044
CLUBS JACK DIAMONDS TWO,0.4128,0.0198,0.5674
DIAMONDS EIGHT DIAMONDS FIVE,0.3444,0.061,0.5946
CLUBS TEN DIAMONDS TWO,0.414,0.0302,0.5558
DIAMONDS FIVE DIAMONDS SEVEN,0.339,0.0974,0.5636
DIAMONDS FIVE DIAMONDS SIX,0.2076,0.4274,0.365
DIAMONDS TWO CLUBS ACE,0.4006,0.0058,0.5936
DIAMONDS TWO CLUBS KING,0.4238,0.0088,0.5674
DIAMONDS TWO CLUBS QUEEN,0.412,0.0136,0.5744
DIAMONDS EIGHT DIAMONDS SIX,0.241,0.138,0.621
DIAMONDS NINE DIAMONDS SIX,0.2364,0.1102,0.6534
HEARTS ACE SPADES THREE,0.3898,0.0054,0.6048
SPADES THREE HEARTS KING,0.4126,0.0074,0.58
DIAMONDS SEVEN DIAMONDS SIX,0.2284,0.1856,0.586
HEARTS QUEEN SPADES THREE,0.4034,0.0152,0.5814
SPADES THREE HEARTS JACK,0.419,0.0204,0.5606
SPADES THREE HEARTS TEN,0.4128,0.0306,0.5566
DIAMONDS EIGHT DIAMONDS SEVEN,0.315,0.0576,0.6274
DIAMONDS NINE DIAMONDS SEVEN,0.317,0.0424,0.6406
DIAMONDS NINE DIAMONDS EIGHT,0.3242,0.0386,0.6372
DIAMONDS KING HEARTS TEN,0.3494,0.0082,0.6424
HEARTS THREE HEARTS TEN,0.3974,0.0368,0.5658
SPADES JACK CLUBS SIX,0.2766,0.0646,0.6588
DIAMONDS KING HEARTS JACK,0.3604,0.0072,0.6324
HEARTS THREE HEARTS JACK,0.3962,0.0184,0.5854
SPADES TEN CLUBS SIX,0.25,0.0842,0.6658
SPADES JACK SPADES FIVE,0.3496,0.0176,0.6328
SPADES TEN SPADES FIVE,0.3572,0.0272,0.6156
DIAMONDS KING HEARTS ACE,0.3606,0.0042,0.6352
HEARTS THREE HEARTS ACE,0.3792,0.0052,0.6156
SPADES ACE CLUBS SIX,0.261,0.0284,0.7106
DIAMONDS KING HEARTS QUEEN,0.3568,0.008,0.6352
HEARTS THREE HEARTS QUEEN,0.3942,0.0146,0.5912
SPADES KING CLUBS SIX,0.2672,0.0448,0.688
DIAMONDS KING HEARTS KING,0.1676,0.0182,0.8142
HEARTS THREE HEARTS KING,0.4004,0.01,0.5896
SPADES QUEEN CLUBS SIX,0.2532,0.0478,0.699
SPADES NINE HEARTS TEN,0.3382,0.025,0.6368
SPADES NINE HEARTS JACK,0.3526,0.0142,0.6332
SPADES QUEEN SPADES FIVE,0.3696,0.0132,0.6172
SPADES KING SPADES FIVE,0.3538,0.0102,0.636
SPADES ACE SPADES FIVE,0.357,0.0058,0.6372
SPADES NINE HEARTS QUEEN,0.3396,0.013,0.6474
SPADES NINE HEARTS KING,0.3612,0.0072,0.6316
SPADES NINE HEARTS ACE,0.3434,0.005,0.6516
CLUBS TEN SPADES JACK,0.344,0.014,0.642
CLUBS TEN SPADES TEN,0.1746,0.068,0.7574
SPADES ACE CLUBS TEN,0.3524,0.0056,0.642
CLUBS TEN SPADES KING,0.3578,0.0062,0.636
CLUBS TEN SPADES QUEEN,0.3546,0.0098,0.6356
SPADES FIVE HEARTS QUEEN,0.3752,0.014,0.6108
SPADES FIVE HEARTS KING,0.3868,0.0106,0.6026
HEARTS ACE SPADES FIVE,0.3738,0.0042,0.622
CLUBS EIGHT SPADES TEN,0.3378,0.0258,0.6364
HEARTS THREE SPADES JACK,0.4084,0.0208,0.5708
SPADES JACK DIAMONDS KING,0.3618,0.0086,0.6296
SPADES TEN DIAMONDS KING,0.3604,0.0052,0.6344
HEARTS THREE SPADES TEN,0.4194,0.0288,0.5518
CLUBS EIGHT SPADES JACK,0.3482,0.0184,0.6334
CLUBS SIX HEARTS ACE,0.2542,0.026,0.7198
SPADES ACE CLUBS EIGHT,0.3444,0.0038,0.6518
CLUBS JACK HEARTS FIVE,0.3688,0.0216,0.6096
CLUBS TEN HEARTS FIVE,0.3874,0.032,0.5806
CLUBS SIX HEARTS QUEEN,0.2554,0.0578,0.6868
SPADES QUEEN CLUBS EIGHT,0.351,0.0122,0.6368
CLUBS TEN SPADES THREE,0.407,0.0304,0.5626
CLUBS SIX HEARTS KING,0.2536,0.0464,0.7
SPADES KING CLUBS EIGHT,0.348,0.0068,0.6452
CLUBS JACK SPADES THREE,0.4054,0.02,0.5746
DIAMONDS TWO HEARTS JACK,0.4214,0.0198,0.5588
SPADES THREE CLUBS QUEEN,0.4166,0.0122,0.5712
DIAMONDS TWO HEARTS TEN,0.4148,0.0294,0.5558
SPADES THREE CLUBS KING,0.4144,0.009,0.5766
HEARTS FIVE CLUBS ACE,0.3622,0.0056,0.6322
SPADES FIVE HEARTS TEN,0.3886,0.0306,0.5808
SPADES THREE CLUBS ACE,0.3992,0.0064,0.5944
HEARTS FIVE CLUBS KING,0.3776,0.0114,0.611
SPADES FIVE HEARTS JACK,0.369,0.0194,0.6116
HEARTS FIVE CLUBS QUEEN,0.3824,0.015,0.6026
HEARTS THREE CLUBS KING,0.4198,0.011,0.5692
DIAMONDS KING CLUBS KING,0.17,0.0206,0.8094
HEARTS THREE CLUBS QUEEN,0.4138,0.0122,0.574
DIAMONDS KING CLUBS QUEEN,0.3684,0.0074,0.6242
HEARTS FIVE HEARTS JACK,0.3682,0.0222,0.6096
HEARTS FIVE HEARTS TEN,0.362,0.0328,0.6052
HEARTS THREE CLUBS ACE,0.3942,0.0056,0.6002
DIAMONDS KING CLUBS ACE,0.356,0.0052,0.6388
SPADES ACE CLUBS QUEEN,0.3592,0.0046,0.6362
SPADES KING CLUBS QUEEN,0.3586,0.0082,0.6332
CLUBS JACK HEARTS THREE,0.4122,0.0222,0.5656
CLUBS JACK DIAMONDS KING,0.3502,0.0052,0.6446
SPADES QUEEN CLUBS QUEEN,0.1724,0.0312,0.7964
CLUBS TEN HEARTS THREE,0.4078,0.0258,0.5664
CLUBS TEN DIAMONDS KING,0.356,0.0066,0.6374
SPADES JACK CLUBS QUEEN,0.3414,0.0102,0.6484
CLUBS SIX CLUBS QUEEN,0.2596,0.0516,0.6888
SPADES TEN CLUBS QUEEN,0.3412,0.0116,0.6472
CLUBS SIX CLUBS KING,0.2526,0.0354,0.712
CLUBS SIX CLUBS ACE,0.258,0.0274,0.7146
HEARTS FIVE HEARTS KING,0.3594,0.0096,0.631
HEARTS FIVE HEARTS QUEEN,0.3616,0.0164,0.622
CLUBS TEN CLUBS SIX,0.2548,0.0702,0.675
HEARTS FIVE HEARTS ACE,0.3448,0.0066,0.6486
CLUBS JACK CLUBS SIX,0.2532,0.06,0.6868
SPADES SEVEN HEARTS JACK,0.3488,0.02,0.6312
SPADES SEVEN HEARTS TEN,0.3564,0.0262,0.6174
DIAMONDS TWO CLUBS TWO,0.3658,0.1296,0.5046
DIAMONDS TWO CLUBS THREE,0.5258,0.1634,0.3108
DIAMONDS TWO HEARTS QUEEN,0.4126,0.0166,0.5708
HEARTS SEVEN DIAMONDS TWO,0.422,0.1018,0.4762
DIAMONDS TWO HEARTS KING,0.4156,0.0102,0.5742
DIAMONDS TWO HEARTS EIGHT,0.4206,0.0672,0.5122
DIAMONDS TWO HEARTS ACE,0.4044,0.0046,0.591
DIAMONDS TWO HEARTS NINE,0.411,0.0428,0.5462
DIAMONDS TWO DIAMONDS QUEEN,0.3952,0.01,0.5948
DIAMONDS TWO HEARTS TWO,0.3624,0.133,0.5046
DIAMONDS TWO DIAMONDS KING,0.3882,0.0094,0.6024
HEARTS THREE DIAMONDS TWO,0.5248,0.1654,0.3098
DIAMONDS TWO DIAMONDS ACE,0.3816,0.0034,0.615
HEARTS FOUR DIAMONDS TWO,0.476,0.2794,0.2446
DIAMONDS TWO HEARTS FIVE,0.506,0.1648,0.3292
SPADES SEVEN HEARTS ACE,0.36,0.004,0.636
DIAMONDS TWO DIAMONDS TEN,0.4002,0.0312,0.5686
SPADES SEVEN HEARTS KING,0.3598,0.0088,0.6314
DIAMONDS TWO DIAMONDS JACK,0.3988,0.0166,0.5846
SPADES SEVEN HEARTS QUEEN,0.3504,0.0134,0.6362
DIAMONDS TWO SPADES NINE,0.4146,0.0418,0.5436
DIAMONDS TWO SPADES EIGHT,0.4088,0.0596,0.5316
DIAMONDS TWO SPADES SEVEN,0.4058,0.1066,0.4876
DIAMONDS TWO SPADES SIX,0.289,0.4936,0.2174
DIAMONDS TWO SPADES FIVE,0.4972,0.1602,0.3426
DIAMONDS TWO SPADES FOUR,0.4792,0.2762,0.2446
DIAMONDS TWO SPADES THREE,0.5322,0.1538,0.314
DIAMONDS TWO SPADES TWO,0.3518,0.1384,0.5098
DIAMONDS TWO CLUBS NINE,0.413,0.048,0.539
CLUBS EIGHT DIAMONDS TWO,0.4228,0.0718,0.5054
DIAMONDS TWO CLUBS SEVEN,0.419,0.1058,0.4752
DIAMONDS TWO CLUBS SIX,0.2842,0.5074,0.2084
DIAMONDS TWO CLUBS FIVE,0.4908,0.1638,0.3454
SPADES ACE DIAMONDS SIX,0.2772,0.0234,0.6994
SPADES QUEEN DIAMONDS SIX,0.2772,0.048,0.6748
SPADES KING DIAMONDS SIX,0.2738,0.0398,0.6864
SPADES TEN DIAMONDS SIX,0.26,0.0748,0.6652
SPADES JACK DIAMONDS SIX,0.2794,0.0608,0.6598
SPADES QUEEN SPADES TWO,0.3864,0.0116,0.602
SPADES KING SPADES TWO,0.3894,0.0094,0.6012
SPADES ACE SPADES TWO,0.3798,0.005,0.6152
CLUBS JACK DIAMONDS JACK,0.167,0.0494,0.7836
CLUBS TEN DIAMONDS JACK,0.3514,0.0126,0.636
DIAMONDS JACK CLUBS KING,0.3566,0.0046,0.6388
DIAMONDS JACK CLUBS QUEEN,0.3524,0.0118,0.6358
DIAMONDS THREE DIAMONDS JACK,0.3894,0.0232,0.5874
DIAMONDS THREE DIAMONDS TEN,0.3862,0.0304,0.5834
DIAMONDS JACK CLUBS ACE,0.3504,0.004,0.6456
DIAMONDS THREE DIAMONDS KING,0.386,0.0092,0.6048
HEARTS THREE DIAMONDS THREE,0.358,0.1392,0.5028
DIAMONDS THREE DIAMONDS QUEEN,0.3812,0.0124,0.6064
DIAMONDS THREE HEARTS TWO,0.5276,0.1576,0.3148
HEARTS FIVE DIAMONDS THREE,0.4922,0.1606,0.3472
DIAMONDS THREE DIAMONDS ACE,0.3796,0.0046,0.6158
HEARTS FOUR DIAMONDS THREE,0.4864,0.2774,0.2362
HEARTS SEVEN DIAMONDS THREE,0.3926,0.1048,0.5026
SPADES TEN SPADES NINE,0.3084,0.0278,0.6638
SPADES JACK SPADES NINE,0.3404,0.016,0.6436
DIAMONDS THREE HEARTS NINE,0.4072,0.0518,0.541
HEARTS JACK DIAMONDS FOUR,0.2636,0.0546,0.6818
HEARTS ACE HEARTS KING,0.3384,0.006,0.6556
SPADES TEN SPADES TWO,0.392,0.0276,0.5804
DIAMONDS THREE HEARTS EIGHT,0.4106,0.0628,0.5266
HEARTS TEN DIAMONDS FOUR,0.265,0.0768,0.6582
SPADES JACK SPADES TWO,0.3966,0.0248,0.5786
HEARTS QUEEN DIAMONDS FOUR,0.2702,0.0392,0.6906
HEARTS KING DIAMONDS FOUR,0.2682,0.0314,0.7004
SPADES ACE SPADES NINE,0.3524,0.0038,0.6438
HEARTS ACE DIAMONDS FOUR,0.2464,0.0178,0.7358
SPADES KING SPADES NINE,0.3462,0.007,0.6468
SPADES QUEEN SPADES NINE,0.3358,0.0084,0.6558
DIAMONDS THREE SPADES NINE,0.4122,0.0492,0.5386
DIAMONDS THREE SPADES EIGHT,0.4056,0.0712,0.5232
DIAMONDS THREE SPADES SEVEN,0.3866,0.1078,0.5056
DIAMONDS THREE SPADES SIX,0.2764,0.4934,0.2302
DIAMONDS THREE CLUBS SIX,0.2696,0.5186,0.2118
CLUBS SIX CLUBS FIVE,0.2078,0.4366,0.3556
CLUBS ACE DIAMONDS FOUR,0.2566,0.0168,0.7266
DIAMONDS THREE CLUBS SEVEN,0.4012,0.1086,0.4902
CLUBS SEVEN CLUBS FIVE,0.3352,0.0934,0.5714
DIAMONDS FOUR CLUBS QUEEN,0.2714,0.043,0.6856
DIAMONDS THREE CLUBS FIVE,0.4874,0.1602,0.3524
DIAMONDS FOUR CLUBS KING,0.2766,0.0314,0.692
DIAMONDS THREE CLUBS TWO,0.5328,0.1654,0.3018
CLUBS TEN DIAMONDS FOUR,0.2736,0.0744,0.652
DIAMONDS THREE CLUBS THREE,0.3502,0.1424,0.5074
CLUBS JACK DIAMONDS FOUR,0.266,0.0608,0.6732
DIAMONDS THREE SPADES FOUR,0.477,0.275,0.248
DIAMONDS THREE SPADES FIVE,0.491,0.1546,0.3544
DIAMONDS THREE SPADES TWO,0.5348,0.1554,0.3098
DIAMONDS THREE SPADES THREE,0.3538,0.1336,0.5126
CLUBS EIGHT DIAMONDS THREE,0.41,0.0668,0.5232
CLUBS NINE DIAMONDS THREE,0.4102,0.0416,0.5482
SPADES SEVEN CLUBS ACE,0.3504,0.0042,0.6454
SPADES SEVEN CLUBS QUEEN,0.3674,0.0094,0.6232
SPADES SEVEN CLUBS KING,0.3488,0.008,0.6432
SPADES SEVEN CLUBS FIVE,0.3404,0.1008,0.5588
CLUBS TEN SPADES SEVEN,0.3496,0.0292,0.6212
CLUBS FIVE SPADES SIX,0.2126,0.4572,0.3302
CLUBS JACK SPADES SEVEN,0.3674,0.0148,0.6178
SPADES NINE CLUBS FIVE,0.3768,0.0482,0.575
SPADES EIGHT CLUBS FIVE,0.3506,0.0644,0.585
CLUBS FIVE SPADES THREE,0.4924,0.1596,0.348
CLUBS FIVE SPADES TWO,0.5036,0.1658,0.3306
CLUBS FIVE SPADES FIVE,0.2374,0.1328,0.6298
CLUBS FIVE SPADES FOUR,0.4758,0.2866,0.2376
CLUBS NINE CLUBS FIVE,0.3514,0.0484,0.6002
CLUBS EIGHT CLUBS FIVE,0.3386,0.0654,0.596
CLUBS ACE CLUBS QUEEN,0.3374,0.0058,0.6568
CLUBS KING CLUBS QUEEN,0.3356,0.0066,0.6578
DIAMONDS TEN DIAMONDS FOUR,0.2612,0.0766,0.6622
CLUBS TEN DIAMONDS NINE,0.3306,0.0272,0.6422
DIAMONDS JACK DIAMONDS FOUR,0.2526,0.0534,0.694
CLUBS JACK DIAMONDS NINE,0.346,0.0168,0.6372
CLUBS JACK SPADES NINE,0.3396,0.019,0.6414
CLUBS TEN SPADES NINE,0.338,0.0242,0.6378
DIAMONDS ACE DIAMONDS FOUR,0.243,0.0206,0.7364
HEARTS FOUR DIAMONDS FOUR,0.2688,0.1098,0.6214
DIAMONDS JACK HEARTS TEN,0.3424,0.0172,0.6404
SPADES NINE CLUBS KING,0.3466,0.0072,0.6462
DIAMONDS TWO SPADES TEN,0.4026,0.03,0.5674
DIAMONDS NINE CLUBS ACE,0.359,0.0048,0.6362
HEARTS FIVE DIAMONDS FOUR,0.4862,0.2758,0.238
DIAMONDS JACK HEARTS JACK,0.164,0.047,0.789
SPADES NINE CLUBS QUEEN,0.3612,0.01,0.6288
DIAMONDS TWO SPADES JACK,0.4286,0.0172,0.5542
DIAMONDS QUEEN DIAMONDS FOUR,0.2472,0.0414,0.7114
HEARTS TWO DIAMONDS FOUR,0.4646,0.286,0.2494
DIAMONDS NINE CLUBS QUEEN,0.3572,0.011,0.6318
DIAMONDS KING DIAMONDS FOUR,0.2526,0.0266,0.7208
HEARTS THREE DIAMONDS FOUR,0.4834,0.2854,0.2312
SPADES NINE CLUBS ACE,0.3478,0.0042,0.648
DIAMONDS NINE CLUBS KING,0.3552,0.0082,0.6366
HEARTS ACE DIAMONDS JACK,0.3528,0.003,0.6442
SPADES ACE DIAMONDS TWO,0.3988,0.0052,0.596
HEARTS QUEEN DIAMONDS JACK,0.3638,0.0114,0.6248
SPADES QUEEN DIAMONDS TWO,0.4292,0.0146,0.5562
DIAMONDS JACK HEARTS KING,0.3636,0.0062,0.6302
SPADES KING DIAMONDS TWO,0.421,0.01,0.569
SPADES JACK SPADES SEVEN,0.3314,0.0206,0.648
SPADES TEN SPADES SEVEN,0.338,0.0224,0.6396
CLUBS SEVEN CLUBS THREE,0.3938,0.101,0.5052
CLUBS SIX CLUBS THREE,0.2586,0.4972,0.2442
CLUBS THREE CLUBS FIVE,0.4774,0.144,0.3786
CLUBS NINE CLUBS THREE,0.3922,0.0456,0.5622
CLUBS EIGHT CLUBS THREE,0.3814,0.0676,0.551
CLUBS THREE SPADES FIVE,0.497,0.1608,0.3422
CLUBS THREE SPADES FOUR,0.487,0.2682,0.2448
CLUBS THREE SPADES THREE,0.3542,0.137,0.5088
CLUBS THREE SPADES TWO,0.5256,0.1672,0.3072
CLUBS THREE SPADES SIX,0.2828,0.5008,0.2164
CLUBS THREE SPADES SEVEN,0.4024,0.099,0.4986
SPADES EIGHT CLUBS THREE,0.422,0.0686,0.5094
SPADES NINE CLUBS THREE,0.413,0.051,0.536
SPADES TWO DIAMONDS FOUR,0.4742,0.2694,0.2564
SPADES THREE DIAMONDS FOUR,0.482,0.2712,0.2468
SPADES FOUR DIAMONDS FOUR,0.2712,0.101,0.6278
SPADES FIVE DIAMONDS FOUR,0.4732,0.2624,0.2644
SPADES SIX DIAMONDS FOUR,0.0196,0.9584,0.022
SPADES SEVEN DIAMONDS FOUR,0.2382,0.2,0.5618
SPADES EIGHT DIAMONDS FOUR,0.2682,0.151,0.5808
SPADES NINE DIAMONDS FOUR,0.2858,0.0986,0.6156
CLUBS FIVE DIAMONDS FOUR,0.4792,0.2686,0.2522
CLUBS SEVEN DIAMONDS FOUR,0.2358,0.1968,0.5674
CLUBS SIX DIAMONDS FOUR,0.0098,0.9734,0.0168
CLUBS NINE DIAMONDS FOUR,0.2688,0.1,0.6312
CLUBS EIGHT DIAMONDS FOUR,0.2652,0.1458,0.589
HEARTS SEVEN DIAMONDS FOUR,0.2464,0.2024,0.5512
DIAMONDS FOUR HEARTS NINE,0.272,0.1048,0.6232
DIAMONDS FOUR HEARTS EIGHT,0.2492,0.1452,0.6056
CLUBS THREE DIAMONDS FOUR,0.4786,0.2768,0.2446
CLUBS TWO DIAMONDS FOUR,0.491,0.269,0.24
DIAMONDS TEN DIAMONDS FIVE,0.3568,0.029,0.6142
DIAMONDS JACK DIAMONDS FIVE,0.3452,0.0196,0.6352
DIAMONDS NINE HEARTS QUEEN,0.3466,0.0142,0.6392
DIAMONDS NINE HEARTS KING,0.3594,0.008,0.6326
HEARTS ACE DIAMONDS NINE,0.3408,0.0072,0.652
DIAMONDS NINE HEARTS TEN,0.3318,0.0202,0.648
DIAMONDS NINE HEARTS JACK,0.3472,0.0188,0.634
CLUBS KING DIAMONDS SIX,0.259,0.0394,0.7016
CLUBS QUEEN DIAMONDS SIX,0.27,0.0526,0.6774
CLUBS ACE DIAMONDS SIX,0.2662,0.0266,0.7072
SPADES KING DIAMONDS FOUR,0.2792,0.0278,0.693
SPADES ACE SPADES SEVEN,0.3332,0.0036,0.6632
SPADES QUEEN DIAMONDS FOUR,0.2938,0.0384,0.6678
SPADES QUEEN SPADES SEVEN,0.343,0.0122,0.6448
CLUBS JACK DIAMONDS SIX,0.2586,0.0646,0.6768
SPADES KING SPADES SEVEN,0.3456,0.0076,0.6468
SPADES ACE DIAMONDS FOUR,0.2606,0.0178,0.7216
CLUBS TEN DIAMONDS SIX,0.2636,0.0816,0.6548
SPADES JACK DIAMONDS FOUR,0.2774,0.0554,0.6672
SPADES TEN DIAMONDS FOUR,0.2858,0.0754,0.6388
CLUBS SEVEN SPADES EIGHT,0.3078,0.0704,0.6218
SPADES NINE CLUBS SEVEN,0.3344,0.042,0.6236
CLUBS SEVEN SPADES SIX,0.244,0.188,0.568
CLUBS SEVEN SPADES SEVEN,0.1472,0.1014,0.7514
CLUBS SEVEN SPADES FIVE,0.3484,0.0984,0.5532
CLUBS SEVEN SPADES FOUR,0.2358,0.2066,0.5576
CLUBS SEVEN SPADES THREE,0.4048,0.1018,0.4934
CLUBS SEVEN SPADES TWO,0.4024,0.1052,0.4924
CLUBS NINE CLUBS SEVEN,0.316,0.0412,0.6428
CLUBS EIGHT CLUBS SEVEN,0.3044,0.0638,0.6318
HEARTS SEVEN DIAMONDS FIVE,0.3388,0.0982,0.563
DIAMONDS FIVE HEARTS EIGHT,0.3622,0.0664,0.5714
DIAMONDS FIVE HEARTS NINE,0.3738,0.0464,0.5798
DIAMONDS QUEEN DIAMONDS FIVE,0.3554,0.012,0.6326
HEARTS TWO DIAMONDS FIVE,0.498,0.1676,0.3344
HEARTS KING HEARTS EIGHT,0.339,0.008,0.653
DIAMONDS KING DIAMONDS FIVE,0.3618,0.0088,0.6294
HEARTS THREE DIAMONDS FIVE,0.4864,0.1646,0.349
HEARTS QUEEN HEARTS EIGHT,0.3386,0.0098,0.6516
DIAMONDS ACE DIAMONDS FIVE,0.3404,0.0052,0.6544
HEARTS FOUR DIAMONDS FIVE,0.487,0.2702,0.2428
HEARTS FIVE DIAMONDS FIVE,0.2414,0.1208,0.6378
HEARTS ACE HEARTS EIGHT,0.34,0.0042,0.6558
CLUBS FIVE DIAMONDS FIVE,0.24,0.1294,0.6306
CLUBS SIX DIAMONDS FIVE,0.2132,0.4592,0.3276
CLUBS SEVEN DIAMONDS FIVE,0.3474,0.1022,0.5504
CLUBS TWO DIAMONDS FIVE,0.5068,0.1614,0.3318
CLUBS THREE DIAMONDS FIVE,0.5096,0.1532,0.3372
SPADES THREE DIAMONDS FIVE,0.481,0.1684,0.3506
SPADES TWO DIAMONDS FIVE,0.491,0.165,0.344
SPADES JACK DIAMONDS EIGHT,0.355,0.0146,0.6304
SPADES FIVE DIAMONDS FIVE,0.2446,0.1282,0.6272
CLUBS TEN HEARTS JACK,0.3462,0.0154,0.6384
SPADES TEN DIAMONDS EIGHT,0.3566,0.0236,0.6198
SPADES FOUR DIAMONDS FIVE,0.4722,0.2742,0.2536
CLUBS JACK HEARTS JACK,0.149,0.0484,0.8026
HEARTS JACK CLUBS QUEEN,0.3442,0.0084,0.6474
CLUBS NINE DIAMONDS FIVE,0.3614,0.0508,0.5878
CLUBS EIGHT DIAMONDS FIVE,0.349,0.0664,0.5846
HEARTS JACK CLUBS KING,0.358,0.0076,0.6344
CLUBS ACE HEARTS JACK,0.3374,0.005,0.6576
SPADES SEVEN DIAMONDS FIVE,0.3452,0.0996,0.5552
SPADES KING DIAMONDS EIGHT,0.3694,0.0074,0.6232
SPADES QUEEN DIAMONDS EIGHT,0.3704,0.0108,0.6188
SPADES SIX DIAMONDS FIVE,0.2128,0.4542,0.333
SPADES NINE DIAMONDS FIVE,0.3618,0.047,0.5912
SPADES EIGHT DIAMONDS FIVE,0.36,0.0712,0.5688
SPADES ACE DIAMONDS EIGHT,0.3576,0.004,0.6384
DIAMONDS TEN DIAMONDS SIX,0.2464,0.079,0.6746
HEARTS ACE DIAMONDS SEVEN,0.3522,0.004,0.6438
DIAMONDS JACK DIAMONDS SIX,0.2652,0.0576,0.6772
HEARTS QUEEN DIAMONDS SEVEN,0.359,0.0122,0.6288
HEARTS KING DIAMONDS SEVEN,0.3646,0.006,0.6294
DIAMONDS ACE DIAMONDS SIX,0.2532,0.0282,0.7186
HEARTS FOUR DIAMONDS SIX,0.017,0.971,0.012
SPADES TWO HEARTS JACK,0.419,0.0216,0.5594
HEARTS FIVE DIAMONDS SIX,0.2134,0.4742,0.3124
SPADES TWO HEARTS TEN,0.4024,0.0286,0.569
DIAMONDS QUEEN DIAMONDS SIX,0.253,0.0414,0.7056
HEARTS TWO DIAMONDS SIX,0.2898,0.5074,0.2028
DIAMONDS KING DIAMONDS SIX,0.2582,0.0348,0.707
HEARTS THREE DIAMONDS SIX,0.276,0.5064,0.2176
HEARTS EIGHT DIAMONDS SIX,0.2448,0.1488,0.6064
HEARTS NINE DIAMONDS SIX,0.2444,0.1172,0.6384
HEARTS SEVEN DIAMONDS SIX,0.2212,0.196,0.5828
HEARTS TEN DIAMONDS SEVEN,0.3462,0.0288,0.625
CLUBS TWO DIAMONDS SIX,0.2808,0.5028,0.2164
HEARTS JACK DIAMONDS SEVEN,0.358,0.017,0.625
CLUBS THREE DIAMONDS SIX,0.2794,0.518,0.2026
CLUBS SEVEN DIAMONDS SIX,0.229,0.1914,0.5796
CLUBS JACK DIAMONDS EIGHT,0.3528,0.0172,0.63
CLUBS SIX DIAMONDS SIX,0.0994,0.1172,0.7834
CLUBS TEN DIAMONDS EIGHT,0.3464,0.026,0.6276
CLUBS FIVE DIAMONDS SIX,0.2176,0.4594,0.323
HEARTS ACE HEARTS JACK,0.3386,0.0056,0.6558
DIAMONDS EIGHT CLUBS ACE,0.3586,0.004,0.6374
HEARTS QUEEN HEARTS JACK,0.3234,0.0118,0.6648
DIAMONDS EIGHT CLUBS KING,0.3594,0.0088,0.6318
CLUBS NINE DIAMONDS SIX,0.2444,0.1044,0.6512
HEARTS KING HEARTS JACK,0.3528,0.0078,0.6394
CLUBS EIGHT DIAMONDS SIX,0.2414,0.1444,0.6142
DIAMONDS EIGHT CLUBS QUEEN,0.3524,0.009,0.6386
SPADES TEN HEARTS KING,0.36,0.0068,0.6332
SPADES FIVE DIAMONDS SIX,0.2184,0.4662,0.3154
HEARTS ACE SPADES TWO,0.4022,0.0056,0.5922
SPADES JACK HEARTS KING,0.354,0.0062,0.6398
SPADES FOUR DIAMONDS SIX,0.024,0.9552,0.0208
SPADES THREE DIAMONDS SIX,0.2688,0.5032,0.228
HEARTS QUEEN SPADES TWO,0.4176,0.013,0.5694
SPADES ACE SPADES KING,0.3394,0.0044,0.6562
HEARTS KING SPADES TWO,0.4094,0.0126,0.578
SPADES TWO DIAMONDS SIX,0.2866,0.492,0.2214
HEARTS TEN HEARTS EIGHT,0.3316,0.0274,0.641
SPADES NINE DIAMONDS SIX,0.2478,0.1088,0.6434
HEARTS JACK HEARTS EIGHT,0.3372,0.0184,0.6444
SPADES EIGHT DIAMONDS SIX,0.2486,0.144,0.6074
SPADES SEVEN DIAMONDS SIX,0.2344,0.185,0.5806
SPADES SIX DIAMONDS SIX,0.1082,0.1108,0.781
SPADES KING HEARTS KING,0.1702,0.0164,0.8134
SPADES QUEEN HEARTS KING,0.3566,0.0084,0.635
CLUBS ACE CLUBS KING,0.3416,0.0054,0.653
SPADES ACE HEARTS KING,0.3534,0.0058,0.6408
SPADES ACE HEARTS JACK,0.354,0.0032,0.6428
SPADES QUEEN HEARTS JACK,0.3492,0.0078,0.643
SPADES KING HEARTS JACK,0.3494,0.0084,0.6422
SPADES TEN DIAMONDS TEN,0.1748,0.057,0.7682
SPADES JACK DIAMONDS TEN,0.3468,0.012,0.6412
SPADES ACE DIAMONDS TEN,0.3574,0.0024,0.6402
SPADES JACK HEARTS JACK,0.176,0.0452,0.7788
SPADES TEN HEARTS JACK,0.3302,0.0136,0.6562
SPADES QUEEN DIAMONDS TEN,0.3716,0.0108,0.6176
SPADES KING DIAMONDS TEN,0.3588,0.0064,0.6348
SPADES NINE DIAMONDS SEVEN,0.3376,0.037,0.6254
SPADES EIGHT DIAMONDS SEVEN,0.3272,0.0598,0.613
SPADES SEVEN DIAMONDS SEVEN,0.152,0.1028,0.7452
SPADES SIX DIAMONDS SEVEN,0.2366,0.1924,0.571
DIAMONDS KING DIAMONDS SEVEN,0.3322,0.0094,0.6584
HEARTS THREE DIAMONDS SEVEN,0.4066,0.1042,0.4892
HEARTS KING DIAMONDS FIVE,0.3802,0.009,0.6108
DIAMONDS QUEEN DIAMONDS SEVEN,0.33,0.013,0.657
HEARTS TWO DIAMONDS SEVEN,0.411,0.109,0.48
HEARTS QUEEN DIAMONDS FIVE,0.3756,0.0114,0.613
HEARTS FIVE DIAMONDS SEVEN,0.3504,0.1058,0.5438
DIAMONDS ACE DIAMONDS SEVEN,0.3294,0.0038,0.6668
HEARTS FOUR DIAMONDS SEVEN,0.243,0.1954,0.5616
HEARTS ACE DIAMONDS FIVE,0.3624,0.0052,0.6324
HEARTS SEVEN DIAMONDS SEVEN,0.1388,0.104,0.7572
DIAMONDS SEVEN HEARTS NINE,0.3352,0.0382,0.6266
HEARTS EIGHT DIAMONDS SEVEN,0.3206,0.0642,0.6152
DIAMONDS JACK DIAMONDS SEVEN,0.3354,0.0176,0.647
DIAMONDS FIVE HEARTS JACK,0.376,0.02,0.604
DIAMONDS TEN DIAMONDS SEVEN,0.3336,0.024,0.6424
HEARTS TEN DIAMONDS FIVE,0.3796,0.0264,0.594
CLUBS EIGHT DIAMONDS SEVEN,0.3282,0.058,0.6138
SPADES KING CLUBS TWO,0.4242,0.0094,0.5664
HEARTS KING CLUBS KING,0.162,0.0232,0.8148
SPADES QUEEN CLUBS TWO,0.413,0.0146,0.5724
HEARTS KING CLUBS QUEEN,0.3512,0.007,0.6418
CLUBS NINE DIAMONDS SEVEN,0.3272,0.0422,0.6306
CLUBS JACK SPADES TWO,0.4084,0.0208,0.5708
CLUBS SIX CLUBS SEVEN,0.238,0.1806,0.5814
SPADES ACE CLUBS TWO,0.3946,0.004,0.6014
CLUBS TEN SPADES TWO,0.4278,0.0304,0.5418
HEARTS KING CLUBS ACE,0.346,0.0064,0.6476
SPADES TWO CLUBS KING,0.4154,0.0082,0.5764
SPADES TWO DIAMONDS SEVEN,0.4142,0.0994,0.4864
CLUBS EIGHT CLUBS SIX,0.2384,0.1452,0.6164
SPADES THREE DIAMONDS SEVEN,0.41,0.095,0.495
SPADES TWO CLUBS QUEEN,0.4238,0.0142,0.562
CLUBS NINE CLUBS SIX,0.237,0.1058,0.6572
SPADES FOUR DIAMONDS SEVEN,0.2466,0.196,0.5574
CLUBS JACK HEARTS KING,0.3378,0.0062,0.656
SPADES FIVE DIAMONDS SEVEN,0.3604,0.0988,0.5408
SPADES TWO CLUBS ACE,0.4074,0.0068,0.5858
CLUBS TEN HEARTS KING,0.3514,0.0076,0.641
CLUBS SIX SPADES TWO,0.2766,0.5066,0.2168
CLUBS SIX SPADES THREE,0.27,0.5104,0.2196
CLUBS TWO DIAMONDS SEVEN,0.4112,0.1074,0.4814
CLUBS SIX SPADES FOUR,0.013,0.9688,0.0182
CLUBS THREE DIAMONDS SEVEN,0.4068,0.098,0.4952
CLUBS SIX SPADES FIVE,0.2114,0.4538,0.3348
CLUBS SIX SPADES SIX,0.0988,0.1232,0.778
CLUBS FIVE DIAMONDS SEVEN,0.3566,0.1002,0.5432
CLUBS SIX SPADES SEVEN,0.2406,0.1848,0.5746
CLUBS SIX DIAMONDS SEVEN,0.2368,0.193,0.5702
CLUBS SIX SPADES EIGHT,0.2514,0.15,0.5986
SPADES JACK CLUBS TWO,0.4266,0.0188,0.5546
CLUBS SEVEN DIAMONDS SEVEN,0.14,0.1044,0.7556
CLUBS SIX SPADES NINE,0.2392,0.113,0.6478
SPADES TEN CLUBS TWO,0.4196,0.0306,0.5498
CLUBS TWO CLUBS QUEEN,0.3974,0.0146,0.588
CLUBS TWO CLUBS KING,0.3996,0.0096,0.5908
CLUBS THREE DIAMONDS EIGHT,0.4256,0.068,0.5064
CLUBS TWO CLUBS ACE,0.3888,0.0072,0.604
CLUBS TWO DIAMONDS EIGHT,0.4106,0.0664,0.523
HEARTS SEVEN DIAMONDS EIGHT,0.3144,0.0592,0.6264
DIAMONDS EIGHT HEARTS NINE,0.3342,0.0444,0.6214
CLUBS TEN CLUBS TWO,0.399,0.0332,0.5678
DIAMONDS EIGHT HEARTS EIGHT,0.1658,0.0966,0.7376
CLUBS JACK CLUBS TWO,0.4,0.0218,0.5782
CLUBS NINE DIAMONDS EIGHT,0.339,0.0346,0.6264
CLUBS EIGHT DIAMONDS EIGHT,0.161,0.0902,0.7488
CLUBS FIVE DIAMONDS EIGHT,0.3684,0.0676,0.564
SPADES ACE SPADES THREE,0.3808,0.0044,0.6148
CLUBS SEVEN DIAMONDS EIGHT,0.313,0.058,0.629
SPADES QUEEN SPADES THREE,0.3968,0.0134,0.5898
CLUBS SIX DIAMONDS EIGHT,0.2446,0.1402,0.6152
SPADES KING SPADES THREE,0.3938,0.0082,0.598
DIAMONDS QUEEN DIAMONDS EIGHT,0.3316,0.0108,0.6576
HEARTS TWO DIAMONDS EIGHT,0.4272,0.0674,0.5054
DIAMONDS KING DIAMONDS EIGHT,0.34,0.0084,0.6516
HEARTS THREE DIAMONDS EIGHT,0.4102,0.0696,0.5202
DIAMONDS ACE DIAMONDS EIGHT,0.3268,0.0034,0.6698
HEARTS FOUR DIAMONDS EIGHT,0.2668,0.1394,0.5938
HEARTS FIVE DIAMONDS EIGHT,0.3648,0.0662,0.569
DIAMONDS EIGHT DIAMONDS TEN,0.3176,0.0234,0.659
DIAMONDS EIGHT DIAMONDS JACK,0.3428,0.0138,0.6434
SPADES JACK SPADES THREE,0.3844,0.0202,0.5954
SPADES TEN SPADES THREE,0.38,0.0248,0.5952
CLUBS SIX HEARTS TEN,0.2584,0.0864,0.6552
CLUBS SIX HEARTS JACK,0.2616,0.065,0.6734
DIAMONDS EIGHT SPADES FOUR,0.2654,0.1348,0.5998
SPADES FIVE DIAMONDS EIGHT,0.3702,0.0618,0.568
DIAMONDS EIGHT SPADES TWO,0.4272,0.0678,0.505
DIAMONDS EIGHT SPADES THREE,0.4106,0.0766,0.5128
SPADES EIGHT DIAMONDS EIGHT,0.1698,0.0912,0.739
SPADES TEN DIAMONDS QUEEN,0.3706,0.0076,0.6218
SPADES TEN HEARTS TWO,0.4236,0.0286,0.5478
SPADES JACK HEARTS EIGHT,0.3492,0.0166,0.6342
SPADES NINE DIAMONDS EIGHT,0.3278,0.0374,0.6348
SPADES TEN HEARTS EIGHT,0.3548,0.0284,0.6168
SPADES JACK HEARTS TWO,0.4292,0.0196,0.5512
SPADES JACK DIAMONDS QUEEN,0.362,0.009,0.629
SPADES SIX DIAMONDS EIGHT,0.2566,0.1452,0.5982
SPADES SEVEN DIAMONDS EIGHT,0.3354,0.0642,0.6004
SPADES ACE HEARTS TWO,0.3974,0.0072,0.5954
SPADES ACE DIAMONDS QUEEN,0.3638,0.0048,0.6314
SPADES ACE HEARTS EIGHT,0.366,0.0034,0.6306
SPADES KING HEARTS EIGHT,0.3418,0.0086,0.6496
SPADES QUEEN HEARTS TWO,0.4224,0.0142,0.5634
SPADES QUEEN DIAMONDS QUEEN,0.1922,0.032,0.7758
SPADES KING DIAMONDS QUEEN,0.3582,0.0074,0.6344
SPADES KING HEARTS TWO,0.4266,0.0096,0.5638
SPADES QUEEN HEARTS EIGHT,0.35,0.0094,0.6406
CLUBS TWO HEARTS TEN,0.4176,0.028,0.5544
CLUBS TWO HEARTS JACK,0.4088,0.0232,0.568
SPADES SEVEN DIAMONDS NINE,0.3386,0.0396,0.6218
SPADES SIX DIAMONDS NINE,0.248,0.1094,0.6426
SPADES NINE DIAMONDS NINE,0.1712,0.0758,0.753
SPADES EIGHT DIAMONDS NINE,0.3312,0.0358,0.633
SPADES TEN CLUBS KING,0.355,0.0066,0.6384
DIAMONDS NINE SPADES THREE,0.4062,0.0442,0.5496
SPADES JACK CLUBS KING,0.3484,0.0058,0.6458
DIAMONDS NINE SPADES TWO,0.4126,0.0462,0.5412
DIAMONDS NINE SPADES FIVE,0.3768,0.0436,0.5796
DIAMONDS NINE SPADES FOUR,0.2874,0.103,0.6096
CLUBS NINE DIAMONDS NINE,0.1642,0.071,0.7648
CLUBS EIGHT DIAMONDS NINE,0.3396,0.0416,0.6188
CLUBS SIX DIAMONDS NINE,0.255,0.1082,0.6368
CLUBS SEVEN DIAMONDS NINE,0.3282,0.0424,0.6294
CLUBS FIVE DIAMONDS NINE,0.3798,0.0456,0.5746
DIAMONDS NINE CLUBS TWO,0.4256,0.0424,0.532
CLUBS THREE DIAMONDS NINE,0.4186,0.048,0.5334
DIAMONDS NINE HEARTS EIGHT,0.3306,0.039,0.6304
DIAMONDS NINE HEARTS NINE,0.1636,0.0776,0.7588
HEARTS SEVEN DIAMONDS NINE,0.3344,0.0394,0.6262
CLUBS EIGHT CLUBS NINE,0.3204,0.0402,0.6394
DIAMONDS ACE DIAMONDS NINE,0.3286,0.004,0.6674
HEARTS FOUR DIAMONDS NINE,0.2762,0.098,0.6258
HEARTS FIVE DIAMONDS NINE,0.387,0.0374,0.5756
HEARTS ACE CLUBS TWO,0.394,0.0056,0.6004
DIAMONDS QUEEN DIAMONDS NINE,0.3256,0.0086,0.6658
HEARTS TWO DIAMONDS NINE,0.4102,0.044,0.5458
CLUBS TWO HEARTS KING,0.4156,0.0076,0.5768
DIAMONDS KING DIAMONDS NINE,0.3434,0.0058,0.6508
HEARTS THREE DIAMONDS NINE,0.4144,0.0488,0.5368
CLUBS TWO HEARTS QUEEN,0.4158,0.0146,0.5696
DIAMONDS NINE DIAMONDS JACK,0.3238,0.0134,0.6628
CLUBS EIGHT SPADES NINE,0.3364,0.037,0.6266
DIAMONDS NINE DIAMONDS TEN,0.3188,0.0206,0.6606
CLUBS EIGHT SPADES EIGHT,0.1564,0.0848,0.7588
CLUBS EIGHT SPADES SEVEN,0.33,0.0622,0.6078
CLUBS EIGHT SPADES SIX,0.2446,0.15,0.6054
CLUBS EIGHT SPADES FIVE,0.3628,0.0704,0.5668
CLUBS EIGHT SPADES FOUR,0.2618,0.1352,0.603
CLUBS EIGHT SPADES THREE,0.4,0.0708,0.5292
CLUBS EIGHT SPADES TWO,0.411,0.0708,0.5182
HEARTS SEVEN DIAMONDS TEN,0.3428,0.0266,0.6306
DIAMONDS TEN HEARTS EIGHT,0.3562,0.0258,0.618
DIAMONDS TEN HEARTS NINE,0.3466,0.023,0.6304
CLUBS TWO DIAMONDS TEN,0.4418,0.0274,0.5308
CLUBS THREE DIAMONDS TEN,0.423,0.0262,0.5508
DIAMONDS JACK DIAMONDS TEN,0.3248,0.0108,0.6644
DIAMONDS QUEEN DIAMONDS TEN,0.3292,0.0096,0.6612
HEARTS TWO DIAMONDS TEN,0.4306,0.0296,0.5398
DIAMONDS KING DIAMONDS TEN,0.3356,0.0094,0.655
HEARTS THREE DIAMONDS TEN,0.4188,0.0268,0.5544
DIAMONDS ACE DIAMONDS TEN,0.3282,0.006,0.6658
HEARTS FOUR DIAMONDS TEN,0.2772,0.0726,0.6502
CLUBS EIGHT HEARTS JACK,0.3506,0.0196,0.6298
HEARTS FIVE DIAMONDS TEN,0.384,0.0282,0.5878
CLUBS EIGHT HEARTS TEN,0.3354,0.0268,0.6378
CLUBS EIGHT HEARTS QUEEN,0.3456,0.0156,0.6388
CLUBS EIGHT HEARTS KING,0.3472,0.0074,0.6454
CLUBS EIGHT HEARTS ACE,0.3542,0.0056,0.6402
CLUBS NINE SPADES THREE,0.3982,0.0426,0.5592
CLUBS NINE SPADES TWO,0.4074,0.0414,0.5512
CLUBS NINE SPADES FIVE,0.3668,0.0472,0.586
CLUBS NINE SPADES FOUR,0.2738,0.1082,0.618
CLUBS NINE SPADES SEVEN,0.3358,0.0422,0.622
CLUBS NINE SPADES SIX,0.252,0.1064,0.6416
CLUBS NINE SPADES NINE,0.1652,0.078,0.7568
CLUBS TEN HEARTS EIGHT,0.336,0.0236,0.6404
CLUBS NINE SPADES EIGHT,0.33,0.0386,0.6314
CLUBS JACK HEARTS EIGHT,0.3434,0.0202,0.6364
HEARTS EIGHT CLUBS QUEEN,0.345,0.0124,0.6426
CLUBS KING HEARTS EIGHT,0.3468,0.0104,0.6428
CLUBS ACE HEARTS EIGHT,0.3432,0.0052,0.6516
SPADES KING CLUBS KING,0.1662,0.0202,0.8136
SPADES QUEEN CLUBS KING,0.3694,0.0062,0.6244
SPADES ACE CLUBS KING,0.3542,0.007,0.6388
DIAMONDS ACE HEARTS TEN,0.35,0.0052,0.6448
HEARTS FOUR HEARTS TEN,0.2676,0.0732,0.6592
DIAMONDS ACE HEARTS JACK,0.351,0.0036,0.6454
HEARTS FOUR HEARTS JACK,0.2794,0.0544,0.6662
SPADES KING CLUBS FIVE,0.3826,0.0082,0.6092
SPADES QUEEN CLUBS FIVE,0.3818,0.0128,0.6054
SPADES ACE CLUBS FIVE,0.3576,0.0048,0.6376
HEARTS SEVEN DIAMONDS JACK,0.353,0.0196,0.6274
DIAMONDS JACK HEARTS NINE,0.3408,0.0192,0.64
DIAMONDS JACK HEARTS EIGHT,0.3524,0.0208,0.6268
DIAMONDS KING DIAMONDS JACK,0.3454,0.007,0.6476
HEARTS THREE DIAMONDS JACK,0.4148,0.0188,0.5664
SPADES ACE SPADES SIX,0.2602,0.024,0.7158
HEARTS ACE SPADES FOUR,0.2412,0.0148,0.744
DIAMONDS QUEEN DIAMONDS JACK,0.336,0.009,0.655
HEARTS TWO DIAMONDS JACK,0.43,0.0222,0.5478
HEARTS FIVE DIAMONDS JACK,0.3874,0.019,0.5936
SPADES QUEEN SPADES SIX,0.2522,0.0512,0.6966
SPADES FOUR HEARTS QUEEN,0.2776,0.0394,0.683
DIAMONDS ACE DIAMONDS JACK,0.34,0.0034,0.6566
HEARTS FOUR DIAMONDS JACK,0.2698,0.0548,0.6754
SPADES KING SPADES SIX,0.2644,0.0328,0.7028
SPADES FOUR HEARTS KING,0.269,0.034,0.697
SPADES TEN SPADES SIX,0.2478,0.0862,0.666
SPADES JACK SPADES SIX,0.2558,0.0562,0.688
SPADES FOUR DIAMONDS JACK,0.2768,0.0522,0.671
SPADES FIVE DIAMONDS JACK,0.383,0.0208,0.5962
DIAMONDS JACK SPADES TWO,0.411,0.019,0.57
DIAMONDS JACK SPADES THREE,0.414,0.021,0.565
SPADES ACE DIAMONDS THREE,0.3968,0.0052,0.598
CLUBS EIGHT DIAMONDS JACK,0.3568,0.0168,0.6264
SPADES QUEEN DIAMONDS THREE,0.4114,0.0136,0.575
SPADES KING DIAMONDS THREE,0.4108,0.009,0.5802
CLUBS NINE DIAMONDS JACK,0.35,0.0176,0.6324
CLUBS SIX DIAMONDS JACK,0.274,0.0592,0.6668
CLUBS SEVEN DIAMONDS JACK,0.361,0.0176,0.6214
CLUBS FIVE DIAMONDS JACK,0.3888,0.0168,0.5944
CLUBS TWO DIAMONDS JACK,0.4164,0.0218,0.5618
CLUBS THREE DIAMONDS JACK,0.4148,0.0204,0.5648
SPADES TEN CLUBS FIVE,0.3676,0.0296,0.6028
SPADES JACK CLUBS FIVE,0.3782,0.0232,0.5986
SPADES JACK DIAMONDS THREE,0.4024,0.0194,0.5782
CLUBS SEVEN CLUBS ACE,0.336,0.0056,0.6584
DIAMONDS THREE SPADES TEN,0.4144,0.0302,0.5554
CLUBS SEVEN CLUBS QUEEN,0.3466,0.0106,0.6428
CLUBS SEVEN CLUBS KING,0.3276,0.0092,0.6632
SPADES NINE DIAMONDS JACK,0.3522,0.0152,0.6326
CLUBS TEN CLUBS SEVEN,0.3508,0.0252,0.624
DIAMONDS ACE HEARTS ACE,0.1594,0.0032,0.8374
HEARTS FOUR HEARTS ACE,0.2444,0.018,0.7376
SPADES EIGHT DIAMONDS JACK,0.3486,0.0202,0.6312
CLUBS JACK CLUBS SEVEN,0.3386,0.0222,0.6392
DIAMONDS ACE HEARTS KING,0.3614,0.005,0.6336
HEARTS FOUR HEARTS KING,0.2698,0.0286,0.7016
SPADES SEVEN DIAMONDS JACK,0.3566,0.0178,0.6256
DIAMONDS ACE HEARTS QUEEN,0.351,0.0052,0.6438
HEARTS FOUR HEARTS QUEEN,0.2644,0.0438,0.6918
SPADES SIX DIAMONDS JACK,0.2718,0.0562,0.672
DIAMONDS TEN SPADES TWO,0.4192,0.0294,0.5514
SPADES THREE DIAMONDS TEN,0.4198,0.0276,0.5526
SPADES FOUR DIAMONDS TEN,0.2816,0.0736,0.6448
SPADES FIVE DIAMONDS TEN,0.3996,0.027,0.5734
SPADES SIX DIAMONDS TEN,0.27,0.084,0.646
SPADES SEVEN DIAMONDS TEN,0.3556,0.0268,0.6176
SPADES EIGHT DIAMONDS TEN,0.3532,0.027,0.6198
SPADES NINE DIAMONDS TEN,0.3562,0.0228,0.621
CLUBS FIVE DIAMONDS TEN,0.3832,0.0308,0.586
CLUBS SIX DIAMONDS TEN,0.2688,0.0762,0.655
CLUBS SEVEN DIAMONDS TEN,0.354,0.0236,0.6224
CLUBS EIGHT DIAMONDS TEN,0.345,0.0294,0.6256
CLUBS NINE DIAMONDS TEN,0.3454,0.0224,0.6322
CLUBS JACK DIAMONDS THREE,0.4026,0.019,0.5784
CLUBS TEN DIAMONDS THREE,0.4002,0.0306,0.5692
DIAMONDS THREE CLUBS KING,0.4116,0.01,0.5784
DIAMONDS THREE CLUBS QUEEN,0.4152,0.016,0.5688
DIAMONDS THREE CLUBS ACE,0.374,0.0054,0.6206
SPADES FOUR HEARTS JACK,0.2694,0.057,0.6736
SPADES FOUR HEARTS TEN,0.2692,0.0794,0.6514
SPADES FIVE SPADES TWO,0.4756,0.1538,0.3706
SPADES FOUR SPADES TWO,0.4614,0.2498,0.2888
SPADES THREE SPADES TWO,0.4906,0.156,0.3534
SPADES NINE SPADES TWO,0.379,0.0422,0.5788
SPADES EIGHT SPADES TWO,0.3898,0.0636,0.5466
SPADES SEVEN SPADES TWO,0.405,0.0958,0.4992
SPADES SIX SPADES TWO,0.2678,0.467,0.2652
DIAMONDS QUEEN CLUBS THREE,0.4176,0.0104,0.572
CLUBS THREE HEARTS TWO,0.519,0.1674,0.3136
DIAMONDS QUEEN CLUBS TWO,0.4324,0.0126,0.555
HEARTS TWO CLUBS TWO,0.3656,0.1404,0.494
HEARTS SEVEN DIAMONDS QUEEN,0.36,0.0146,0.6254
HEARTS SEVEN HEARTS TWO,0.412,0.0952,0.4928
DIAMONDS QUEEN HEARTS NINE,0.3588,0.0118,0.6294
HEARTS TWO HEARTS NINE,0.3974,0.0454,0.5572
DIAMONDS QUEEN HEARTS EIGHT,0.344,0.0132,0.6428
HEARTS TWO HEARTS EIGHT,0.4028,0.0666,0.5306
CLUBS NINE HEARTS TWO,0.4086,0.0474,0.544
CLUBS NINE DIAMONDS QUEEN,0.3524,0.0128,0.6348
CLUBS EIGHT DIAMONDS QUEEN,0.3588,0.0142,0.627
CLUBS EIGHT HEARTS TWO,0.4188,0.0674,0.5138
DIAMONDS QUEEN CLUBS FIVE,0.3868,0.01,0.6032
HEARTS TWO CLUBS FIVE,0.4938,0.165,0.3412
SPADES EIGHT HEARTS ACE,0.3546,0.0048,0.6406
CLUBS SEVEN DIAMONDS QUEEN,0.3636,0.0128,0.6236
CLUBS SEVEN HEARTS TWO,0.4162,0.106,0.4778
SPADES EIGHT HEARTS QUEEN,0.3534,0.0102,0.6364
CLUBS SIX DIAMONDS QUEEN,0.257,0.0488,0.6942
CLUBS SIX HEARTS TWO,0.2936,0.492,0.2144
SPADES EIGHT HEARTS KING,0.3684,0.0066,0.625
HEARTS TWO SPADES SIX,0.3018,0.497,0.2012
DIAMONDS QUEEN SPADES SIX,0.282,0.0488,0.6692
HEARTS FOUR CLUBS QUEEN,0.276,0.0424,0.6816
DIAMONDS ACE CLUBS QUEEN,0.3676,0.0062,0.6262
DIAMONDS QUEEN SPADES SEVEN,0.3516,0.0124,0.636
HEARTS TWO SPADES SEVEN,0.4268,0.099,0.4742
HEARTS FOUR CLUBS KING,0.2714,0.0324,0.6962
DIAMONDS ACE CLUBS KING,0.3606,0.004,0.6354
DIAMONDS QUEEN SPADES EIGHT,0.3744,0.0108,0.6148
SPADES EIGHT HEARTS TWO,0.4236,0.071,0.5054
HEARTS FOUR CLUBS ACE,0.2342,0.0212,0.7446
DIAMONDS ACE CLUBS ACE,0.1672,0.0044,0.8284
SPADES NINE DIAMONDS QUEEN,0.3602,0.0098,0.63
SPADES NINE HEARTS TWO,0.428,0.0446,0.5274
HEARTS TWO SPADES TWO,0.3602,0.1368,0.503
DIAMONDS QUEEN SPADES TWO,0.4152,0.0114,0.5734
HEARTS TWO SPADES THREE,0.5224,0.164,0.3136
DIAMONDS QUEEN SPADES THREE,0.4298,0.0124,0.5578
HEARTS TWO SPADES FOUR,0.4864,0.2818,0.2318
DIAMONDS QUEEN SPADES FOUR,0.2662,0.044,0.6898
CLUBS TEN HEARTS FOUR,0.2766,0.0792,0.6442
CLUBS TEN DIAMONDS ACE,0.3542,0.0056,0.6402
HEARTS TWO SPADES FIVE,0.5086,0.1684,0.323
DIAMONDS QUEEN SPADES FIVE,0.3904,0.014,0.5956
HEARTS FOUR CLUBS JACK,0.2714,0.0608,0.6678
CLUBS JACK DIAMONDS ACE,0.3498,0.0042,0.646
CLUBS FIVE CLUBS KING,0.3606,0.0066,0.6328
CLUBS FIVE CLUBS QUEEN,0.3686,0.01,0.6214
CLUBS FIVE CLUBS ACE,0.3578,0.0056,0.6366
CLUBS JACK CLUBS FIVE,0.3588,0.0194,0.6218
CLUBS TEN CLUBS FIVE,0.3676,0.026,0.6064
SPADES KING CLUBS JACK,0.3604,0.0068,0.6328
CLUBS JACK SPADES QUEEN,0.3438,0.008,0.6482
SPADES ACE CLUBS JACK,0.341,0.0046,0.6544
SPADES SIX CLUBS KING,0.2592,0.0374,0.7034
SPADES SIX CLUBS QUEEN,0.2604,0.0518,0.6878
SPADES EIGHT HEARTS JACK,0.351,0.0184,0.6306
SPADES SIX CLUBS ACE,0.2568,0.029,0.7142
SPADES EIGHT HEARTS TEN,0.3428,0.0262,0.631
CLUBS JACK SPADES SIX,0.2566,0.0636,0.6798
CLUBS TEN SPADES SIX,0.275,0.083,0.642
CLUBS JACK SPADES TEN,0.3288,0.0142,0.657
CLUBS JACK SPADES JACK,0.1674,0.0472,0.7854
SPADES QUEEN CLUBS SEVEN,0.3556,0.0126,0.6318
SPADES KING CLUBS SEVEN,0.3628,0.0082,0.629
SPADES ACE CLUBS SEVEN,0.3596,0.0052,0.6352
SPADES SIX HEARTS TEN,0.269,0.0808,0.6502
SPADES SIX HEARTS JACK,0.2734,0.0598,0.6668
SPADES SIX HEARTS ACE,0.2574,0.0286,0.714
SPADES SIX HEARTS KING,0.2596,0.04,0.7004
SPADES SIX HEARTS QUEEN,0.2702,0.049,0.6808
SPADES JACK CLUBS SEVEN,0.3554,0.019,0.6256
SPADES TEN CLUBS SEVEN,0.3436,0.0242,0.6322
CLUBS JACK CLUBS ACE,0.3358,0.0058,0.6584
CLUBS JACK CLUBS QUEEN,0.3366,0.01,0.6534
CLUBS JACK CLUBS KING,0.342,0.007,0.651
DIAMONDS THREE HEARTS ACE,0.3976,0.0042,0.5982
DIAMONDS THREE HEARTS QUEEN,0.417,0.0178,0.5652
DIAMONDS THREE HEARTS KING,0.409,0.0074,0.5836
CLUBS FIVE HEARTS JACK,0.369,0.0194,0.6116
SPADES TEN DIAMONDS ACE,0.3648,0.003,0.6322
HEARTS FOUR SPADES TEN,0.286,0.0748,0.6392
CLUBS FIVE HEARTS TEN,0.3826,0.0276,0.5898
HEARTS FOUR SPADES JACK,0.271,0.0612,0.6678
SPADES JACK DIAMONDS ACE,0.3534,0.0044,0.6422
SPADES ACE HEARTS FOUR,0.2558,0.0162,0.728
SPADES ACE DIAMONDS ACE,0.1748,0.0038,0.8214
CLUBS FIVE HEARTS ACE,0.373,0.006,0.621
CLUBS FIVE HEARTS KING,0.3674,0.0098,0.6228
HEARTS FOUR SPADES QUEEN,0.2736,0.0448,0.6816
SPADES QUEEN DIAMONDS ACE,0.3566,0.004,0.6394
CLUBS JACK SPADES FOUR,0.2712,0.0518,0.677
CLUBS FIVE HEARTS QUEEN,0.3762,0.0166,0.6072
SPADES KING DIAMONDS ACE,0.3682,0.0032,0.6286
HEARTS FOUR SPADES KING,0.2866,0.026,0.6874
CLUBS TEN SPADES FOUR,0.271,0.0788,0.6502
DIAMONDS QUEEN DIAMONDS ACE,0.3428,0.004,0.6532
HEARTS TWO DIAMONDS ACE,0.4096,0.0052,0.5852
HEARTS FOUR DIAMONDS QUEEN,0.2744,0.0392,0.6864
HEARTS FOUR HEARTS TWO,0.4672,0.2614,0.2714
DIAMONDS THREE HEARTS TEN,0.403,0.0358,0.5612
SPADES FOUR CLUBS KING,0.2638,0.0334,0.7028
HEARTS FIVE DIAMONDS QUEEN,0.3912,0.0158,0.593
HEARTS FIVE HEARTS TWO,0.4844,0.1598,0.3558
DIAMONDS THREE HEARTS JACK,0.4124,0.0232,0.5644
SPADES FOUR CLUBS QUEEN,0.2614,0.041,0.6976
DIAMONDS QUEEN HEARTS TWO,0.4262,0.0158,0.558
DIAMONDS KING DIAMONDS QUEEN,0.3376,0.0044,0.658
DIAMONDS KING HEARTS TWO,0.4264,0.0114,0.5622
HEARTS THREE DIAMONDS QUEEN,0.4138,0.0128,0.5734
HEARTS THREE HEARTS TWO,0.4978,0.1572,0.345
SPADES FOUR CLUBS ACE,0.2516,0.0184,0.73
HEARTS TWO CLUBS ACE,0.3936,0.005,0.6014
DIAMONDS QUEEN CLUBS ACE,0.3578,0.0048,0.6374
HEARTS TWO CLUBS QUEEN,0.411,0.0148,0.5742
DIAMONDS QUEEN CLUBS QUEEN,0.1728,0.029,0.7982
HEARTS TWO CLUBS KING,0.3994,0.0094,0.5912
DIAMONDS QUEEN CLUBS KING,0.3514,0.0066,0.642
SPADES EIGHT SPADES FIVE,0.3386,0.0616,0.5998
CLUBS TEN HEARTS TWO,0.4194,0.035,0.5456
CLUBS TEN DIAMONDS QUEEN,0.358,0.0106,0.6314
SPADES NINE SPADES FIVE,0.3528,0.0404,0.6068
CLUBS JACK HEARTS TWO,0.422,0.0188,0.5592
CLUBS JACK DIAMONDS QUEEN,0.3548,0.0088,0.6364
SPADES SIX SPADES FIVE,0.2058,0.4278,0.3664
SPADES SEVEN SPADES FIVE,0.324,0.0966,0.5794
DIAMONDS FIVE CLUBS QUEEN,0.3788,0.0118,0.6094
SPADES EIGHT CLUBS ACE,0.3594,0.0052,0.6354
DIAMONDS FIVE CLUBS KING,0.3886,0.0106,0.6008
SPADES EIGHT CLUBS KING,0.3584,0.0074,0.6342
DIAMONDS FIVE CLUBS ACE,0.3462,0.0056,0.6482
SPADES EIGHT CLUBS QUEEN,0.3518,0.0122,0.636
CLUBS JACK SPADES EIGHT,0.3592,0.0164,0.6244
CLUBS TEN SPADES EIGHT,0.349,0.0274,0.6236
CLUBS TEN DIAMONDS FIVE,0.3664,0.0262,0.6074
CLUBS JACK DIAMONDS FIVE,0.363,0.0198,0.6172
DIAMONDS TEN HEARTS JACK,0.3466,0.0138,0.6396
DIAMONDS TEN HEARTS TEN,0.1638,0.0602,0.776
SPADES ACE CLUBS NINE,0.347,0.0032,0.6498
SPADES QUEEN CLUBS NINE,0.357,0.0126,0.6304
SPADES KING CLUBS NINE,0.3492,0.0072,0.6436
DIAMONDS KING SPADES SEVEN,0.3658,0.0056,0.6286
HEARTS THREE SPADES SEVEN,0.393,0.1072,0.4998
SPADES KING DIAMONDS SEVEN,0.372,0.0078,0.6202
SPADES QUEEN DIAMONDS SEVEN,0.3734,0.0096,0.617
HEARTS THREE SPADES SIX,0.279,0.5068,0.2142
DIAMONDS KING SPADES SIX,0.2758,0.0374,0.6868
