opposingHand,winningChance,drawChance,lostChance
HEARTS SEVEN SPADES THREE
HEARTS FIVE SPADES TEN,0.3582,0.0284,0.6134
SPADES JACK HEARTS FIVE,0.3594,0.0176,0.623
SPADES FIVE CLUBS JACK,0.365,0.0216,0.6134
CLUBS TEN SPADES FIVE,0.3478,0.0306,0.6216
CLUBS EIGHT CLUBS JACK,0.3026,0.0164,0.681
CLUBS TEN CLUBS EIGHT,0.3,0.0248,0.6752
CLUBS EIGHT CLUBS KING,0.322,0.0074,0.6706
SPADES FIVE CLUBS ACE,0.3362,0.006,0.6578
CLUBS EIGHT CLUBS QUEEN,0.3058,0.0112,0.683
SPADES FIVE CLUBS KING,0.3558,0.0112,0.633
SPADES FIVE CLUBS QUEEN,0.3572,0.0142,0.6286
CLUBS EIGHT CLUBS ACE,0.308,0.0034,0.6886
DIAMONDS TWO DIAMONDS THREE,0.5252,0.1942,0.2806
DIAMONDS TWO DIAMONDS FIVE,0.4966,0.1008,0.4026
SPADES KING HEARTS FIVE,0.3594,0.0074,0.6332
DIAMONDS TWO DIAMONDS FOUR,0.489,0.1002,0.4108
SPADES QUEEN HEARTS FIVE,0.3608,0.0146,0.6246
DIAMONDS TWO DIAMONDS SEVEN,0.2602,0.4794,0.2604
DIAMONDS TWO DIAMONDS SIX,0.515,0.1,0.385
SPADES ACE HEARTS FIVE,0.335,0.0046,0.6604
DIAMONDS TWO DIAMONDS NINE,0.3888,0.039,0.5722
DIAMONDS TWO DIAMONDS EIGHT,0.3802,0.0586,0.5612
DIAMONDS THREE DIAMONDS FOUR,0.5024,0.1824,0.3152
CLUBS TWO SPADES FOUR,0.5302,0.106,0.3638
DIAMONDS THREE DIAMONDS FIVE,0.5022,0.1846,0.3132
SPADES FIVE CLUBS TWO,0.5272,0.1126,0.3602
CLUBS TWO SPADES TWO,0.365,0.1274,0.5076
DIAMONDS THREE DIAMONDS EIGHT,0.2344,0.1414,0.6242
SPADES EIGHT CLUBS TWO,0.3888,0.07,0.5412
DIAMONDS THREE DIAMONDS NINE,0.2264,0.1006,0.673
SPADES NINE CLUBS TWO,0.3986,0.048,0.5534
DIAMONDS THREE DIAMONDS SIX,0.5098,0.188,0.3022
SPADES SIX CLUBS TWO,0.539,0.1016,0.3594
DIAMONDS THREE DIAMONDS SEVEN,0.0206,0.9038,0.0756
SPADES SEVEN CLUBS TWO,0.267,0.5184,0.2146
CLUBS SIX CLUBS TWO,0.5054,0.1064,0.3882
CLUBS SEVEN CLUBS TWO,0.2622,0.4652,0.2726
CLUBS FOUR CLUBS TWO,0.4944,0.1102,0.3954
CLUBS FIVE CLUBS TWO,0.5026,0.0928,0.4046
CLUBS TEN CLUBS JACK,0.2976,0.014,0.6884
DIAMONDS FOUR DIAMONDS SIX,0.4512,0.0956,0.4532
CLUBS TEN CLUBS QUEEN,0.3068,0.0102,0.683
DIAMONDS FOUR DIAMONDS SEVEN,0.2024,0.4694,0.3282
CLUBS TEN CLUBS KING,0.2986,0.0072,0.6942
CLUBS TEN CLUBS ACE,0.3146,0.006,0.6794
CLUBS EIGHT CLUBS TWO,0.37,0.07,0.56
DIAMONDS FIVE DIAMONDS FOUR,0.441,0.1082,0.4508
CLUBS NINE CLUBS TWO,0.3648,0.044,0.5912
DIAMONDS NINE DIAMONDS FOUR,0.3302,0.0438,0.626
DIAMONDS EIGHT DIAMONDS FOUR,0.3308,0.065,0.6042
CLUBS THREE CLUBS TWO,0.5318,0.1856,0.2826
DIAMONDS NINE DIAMONDS FIVE,0.3326,0.039,0.6284
DIAMONDS TWO CLUBS JACK,0.3884,0.0214,0.5902
DIAMONDS EIGHT DIAMONDS FIVE,0.3196,0.0672,0.6132
CLUBS TEN DIAMONDS TWO,0.403,0.032,0.565
DIAMONDS FIVE DIAMONDS SEVEN,0.2058,0.4096,0.3846
DIAMONDS FIVE DIAMONDS SIX,0.4676,0.0914,0.441
DIAMONDS TWO CLUBS ACE,0.381,0.0044,0.6146
DIAMONDS TWO CLUBS KING,0.4014,0.0088,0.5898
DIAMONDS TWO CLUBS QUEEN,0.3904,0.0138,0.5958
DIAMONDS EIGHT DIAMONDS SIX,0.3148,0.0636,0.6216
DIAMONDS NINE DIAMONDS SIX,0.3262,0.0398,0.634
DIAMONDS SEVEN DIAMONDS SIX,0.2026,0.3476,0.4498
DIAMONDS EIGHT DIAMONDS SEVEN,0.2056,0.1388,0.6556
DIAMONDS NINE DIAMONDS SEVEN,0.2208,0.1084,0.6708
DIAMONDS NINE DIAMONDS EIGHT,0.2866,0.0354,0.678
DIAMONDS KING HEARTS TEN,0.327,0.006,0.667
HEARTS THREE HEARTS TEN,0.2412,0.069,0.6898
SPADES JACK CLUBS SIX,0.3514,0.022,0.6266
DIAMONDS KING HEARTS JACK,0.337,0.0068,0.6562
HEARTS THREE HEARTS JACK,0.2508,0.055,0.6942
SPADES TEN CLUBS SIX,0.3432,0.0256,0.6312
SPADES JACK SPADES FIVE,0.3472,0.0186,0.6342
SPADES TEN SPADES FIVE,0.3532,0.0294,0.6174
DIAMONDS KING HEARTS ACE,0.3268,0.006,0.6672
HEARTS THREE HEARTS ACE,0.234,0.014,0.752
SPADES ACE CLUBS SIX,0.3436,0.0038,0.6526
DIAMONDS KING HEARTS QUEEN,0.3392,0.0048,0.656
HEARTS THREE HEARTS QUEEN,0.2358,0.0414,0.7228
SPADES KING CLUBS SIX,0.3598,0.0076,0.6326
DIAMONDS KING HEARTS KING,0.1378,0.0174,0.8448
HEARTS THREE HEARTS KING,0.2504,0.0226,0.727
SPADES QUEEN CLUBS SIX,0.348,0.0108,0.6412
SPADES NINE HEARTS TEN,0.3044,0.0248,0.6708
SPADES NINE HEARTS JACK,0.2996,0.0198,0.6806
SPADES QUEEN SPADES FIVE,0.332,0.014,0.654
SPADES KING SPADES FIVE,0.3416,0.0088,0.6496
SPADES ACE SPADES FIVE,0.323,0.0048,0.6722
SPADES NINE HEARTS QUEEN,0.3128,0.0132,0.674
SPADES NINE HEARTS KING,0.3294,0.0088,0.6618
SPADES NINE HEARTS ACE,0.3286,0.004,0.6674
CLUBS TEN SPADES JACK,0.324,0.015,0.661
CLUBS TEN SPADES TEN,0.1378,0.0576,0.8046
SPADES ACE CLUBS TEN,0.3376,0.0038,0.6586
SPADES KING CLUBS TEN,0.3376,0.0078,0.6546
CLUBS TEN SPADES QUEEN,0.3268,0.0098,0.6634
SPADES FIVE HEARTS QUEEN,0.3582,0.014,0.6278
SPADES FIVE HEARTS KING,0.3634,0.0074,0.6292
HEARTS ACE SPADES FIVE,0.3272,0.0054,0.6674
CLUBS EIGHT SPADES TEN,0.3152,0.0236,0.6612
HEARTS THREE SPADES JACK,0.2502,0.0544,0.6954
SPADES JACK DIAMONDS KING,0.3486,0.004,0.6474
SPADES TEN DIAMONDS KING,0.323,0.0074,0.6696
HEARTS THREE SPADES TEN,0.2458,0.0762,0.678
SPADES JACK CLUBS EIGHT,0.3094,0.02,0.6706
CLUBS SIX HEARTS ACE,0.3766,0.0046,0.6188
SPADES ACE CLUBS EIGHT,0.3334,0.0056,0.661
HEARTS FIVE CLUBS JACK,0.37,0.02,0.61
CLUBS TEN HEARTS FIVE,0.3728,0.0288,0.5984
CLUBS SIX HEARTS QUEEN,0.3544,0.012,0.6336
SPADES QUEEN CLUBS EIGHT,0.3274,0.0106,0.662
CLUBS SIX HEARTS KING,0.3534,0.0072,0.6394
SPADES KING CLUBS EIGHT,0.3212,0.0062,0.6726
DIAMONDS TWO HEARTS JACK,0.394,0.0176,0.5884
DIAMONDS TWO HEARTS TEN,0.391,0.0344,0.5746
HEARTS FIVE CLUBS ACE,0.36,0.0038,0.6362
SPADES FIVE HEARTS TEN,0.3434,0.0276,0.629
HEARTS FIVE CLUBS KING,0.3666,0.0074,0.626
SPADES FIVE HEARTS JACK,0.3418,0.0194,0.6388
HEARTS FIVE CLUBS QUEEN,0.3708,0.0124,0.6168
HEARTS THREE CLUBS KING,0.254,0.029,0.717
DIAMONDS KING CLUBS KING,0.1432,0.0148,0.842
HEARTS THREE CLUBS QUEEN,0.2576,0.0376,0.7048
DIAMONDS KING CLUBS QUEEN,0.3318,0.0068,0.6614
HEARTS FIVE HEARTS JACK,0.3488,0.0176,0.6336
HEARTS FIVE HEARTS TEN,0.337,0.027,0.636
HEARTS THREE CLUBS ACE,0.2508,0.0158,0.7334
DIAMONDS KING CLUBS ACE,0.3448,0.003,0.6522
SPADES ACE CLUBS QUEEN,0.3258,0.0046,0.6696
SPADES KING CLUBS QUEEN,0.3344,0.0076,0.658
HEARTS THREE CLUBS JACK,0.2682,0.052,0.6798
DIAMONDS KING CLUBS JACK,0.3482,0.0056,0.6462
SPADES QUEEN CLUBS QUEEN,0.1462,0.0288,0.825
CLUBS TEN HEARTS THREE,0.2604,0.0664,0.6732
CLUBS TEN DIAMONDS KING,0.333,0.007,0.66
SPADES JACK CLUBS QUEEN,0.3322,0.0088,0.659
CLUBS SIX CLUBS QUEEN,0.3314,0.0124,0.6562
SPADES TEN CLUBS QUEEN,0.3046,0.0124,0.683
CLUBS SIX CLUBS KING,0.3476,0.0056,0.6468
CLUBS SIX CLUBS ACE,0.3386,0.0038,0.6576
HEARTS FIVE HEARTS KING,0.3432,0.008,0.6488
HEARTS FIVE HEARTS QUEEN,0.3424,0.0142,0.6434
CLUBS TEN CLUBS SIX,0.3222,0.0258,0.652
HEARTS FIVE HEARTS ACE,0.3344,0.0044,0.6612
CLUBS SIX CLUBS JACK,0.3504,0.0192,0.6304
SPADES SEVEN HEARTS JACK,0.2296,0.0628,0.7076
SPADES SEVEN HEARTS TEN,0.2328,0.0796,0.6876
DIAMONDS TWO CLUBS TWO,0.3592,0.1268,0.514
DIAMONDS TWO CLUBS THREE,0.5606,0.2102,0.2292
HEARTS SIX DIAMONDS TWO,0.546,0.1058,0.3482
DIAMONDS TWO HEARTS QUEEN,0.3818,0.022,0.5962
DIAMONDS TWO HEARTS KING,0.4014,0.0074,0.5912
DIAMONDS TWO HEARTS EIGHT,0.3854,0.0708,0.5438
DIAMONDS TWO HEARTS ACE,0.373,0.0066,0.6204
DIAMONDS TWO HEARTS NINE,0.3994,0.0436,0.557
DIAMONDS TWO DIAMONDS QUEEN,0.3668,0.0132,0.62
DIAMONDS TWO HEARTS TWO,0.3654,0.1222,0.5124
DIAMONDS TWO DIAMONDS KING,0.3778,0.008,0.6142
HEARTS THREE DIAMONDS TWO,0.5644,0.1992,0.2364
DIAMONDS TWO DIAMONDS ACE,0.363,0.0046,0.6324
HEARTS FOUR DIAMONDS TWO,0.5316,0.1072,0.3612
DIAMONDS TWO HEARTS FIVE,0.5376,0.0996,0.3628
SPADES SEVEN HEARTS ACE,0.2284,0.0312,0.7404
DIAMONDS TWO DIAMONDS TEN,0.378,0.028,0.594
SPADES SEVEN HEARTS KING,0.2372,0.0402,0.7226
DIAMONDS TWO DIAMONDS JACK,0.39,0.0208,0.5892
SPADES SEVEN HEARTS QUEEN,0.2292,0.0452,0.7256
DIAMONDS TWO SPADES NINE,0.3948,0.0434,0.5618
DIAMONDS TWO SPADES EIGHT,0.3868,0.0724,0.5408
DIAMONDS TWO SPADES SEVEN,0.2642,0.5186,0.2172
DIAMONDS TWO SPADES SIX,0.5522,0.1004,0.3474
DIAMONDS TWO SPADES FIVE,0.5204,0.1086,0.371
DIAMONDS TWO SPADES FOUR,0.5372,0.1006,0.3622
DIAMONDS TWO SPADES TWO,0.3546,0.1294,0.516
CLUBS NINE DIAMONDS TWO,0.3906,0.0438,0.5656
DIAMONDS TWO CLUBS EIGHT,0.3964,0.0696,0.534
CLUBS SEVEN DIAMONDS TWO,0.2756,0.4972,0.2272
DIAMONDS TWO CLUBS SIX,0.545,0.11,0.345
DIAMONDS TWO CLUBS FIVE,0.5334,0.1028,0.3638
DIAMONDS TWO CLUBS FOUR,0.5412,0.1062,0.3526
CLUBS FOUR SPADES FIVE,0.4862,0.105,0.4088
CLUBS FOUR SPADES FOUR,0.2408,0.1274,0.6318
CLUBS FOUR SPADES TWO,0.5318,0.1102,0.358
SPADES NINE CLUBS FOUR,0.365,0.0452,0.5898
SPADES EIGHT CLUBS FOUR,0.3418,0.066,0.5922
SPADES SEVEN CLUBS FOUR,0.2146,0.5074,0.278
CLUBS FOUR SPADES SIX,0.4688,0.1078,0.4234
SPADES ACE DIAMONDS SIX,0.3602,0.0058,0.634
SPADES QUEEN DIAMONDS SIX,0.348,0.0114,0.6406
SPADES KING DIAMONDS SIX,0.3684,0.0072,0.6244
SPADES TEN DIAMONDS SIX,0.3488,0.0284,0.6228
SPADES JACK DIAMONDS SIX,0.3634,0.0202,0.6164
SPADES QUEEN SPADES TWO,0.3792,0.0168,0.604
SPADES KING SPADES TWO,0.3886,0.0106,0.6008
SPADES ACE SPADES TWO,0.371,0.0064,0.6226
DIAMONDS JACK CLUBS JACK,0.1524,0.0442,0.8034
CLUBS TEN DIAMONDS JACK,0.3316,0.0112,0.6572
DIAMONDS JACK CLUBS KING,0.3346,0.0068,0.6586
DIAMONDS JACK CLUBS QUEEN,0.3288,0.0092,0.662
DIAMONDS THREE DIAMONDS JACK,0.239,0.0518,0.7092
DIAMONDS THREE DIAMONDS TEN,0.2266,0.0726,0.7008
DIAMONDS JACK CLUBS ACE,0.3384,0.002,0.6596
DIAMONDS THREE DIAMONDS KING,0.2406,0.0262,0.7332
HEARTS THREE DIAMONDS THREE,0.264,0.0874,0.6486
DIAMONDS THREE DIAMONDS QUEEN,0.2438,0.0352,0.721
DIAMONDS THREE HEARTS TWO,0.5718,0.1984,0.2298
HEARTS FIVE DIAMONDS THREE,0.5422,0.2084,0.2494
DIAMONDS THREE DIAMONDS ACE,0.2334,0.0148,0.7518
HEARTS FOUR DIAMONDS THREE,0.5276,0.2008,0.2716
SPADES TEN SPADES NINE,0.2904,0.0248,0.6848
HEARTS SIX DIAMONDS THREE,0.5684,0.1956,0.236
SPADES JACK SPADES NINE,0.317,0.0148,0.6682
DIAMONDS THREE HEARTS NINE,0.2476,0.1044,0.648
HEARTS JACK DIAMONDS FOUR,0.3596,0.0182,0.6222
HEARTS ACE HEARTS KING,0.3204,0.0048,0.6748
SPADES TEN SPADES TWO,0.3776,0.0284,0.594
DIAMONDS THREE HEARTS EIGHT,0.2518,0.139,0.6092
HEARTS TEN DIAMONDS FOUR,0.3552,0.0318,0.613
SPADES JACK SPADES TWO,0.382,0.0192,0.5988
HEARTS QUEEN DIAMONDS FOUR,0.362,0.0128,0.6252
HEARTS KING DIAMONDS FOUR,0.3658,0.009,0.6252
SPADES ACE SPADES NINE,0.2982,0.005,0.6968
HEARTS ACE DIAMONDS FOUR,0.346,0.005,0.649
SPADES KING SPADES NINE,0.3156,0.0076,0.6768
SPADES QUEEN SPADES NINE,0.303,0.013,0.684
DIAMONDS THREE SPADES NINE,0.25,0.1022,0.6478
DIAMONDS THREE SPADES EIGHT,0.251,0.1352,0.6138
DIAMONDS THREE SPADES SEVEN,0.0092,0.9714,0.0194
DIAMONDS THREE SPADES SIX,0.5774,0.1848,0.2378
DIAMONDS THREE CLUBS SIX,0.561,0.1908,0.2482
CLUBS FIVE CLUBS SIX,0.4478,0.0978,0.4544
CLUBS ACE DIAMONDS FOUR,0.3724,0.005,0.6226
CLUBS SEVEN DIAMONDS THREE,0.0248,0.9548,0.0204
CLUBS SEVEN CLUBS FIVE,0.2094,0.4108,0.3798
DIAMONDS THREE CLUBS FOUR,0.542,0.1946,0.2634
DIAMONDS FOUR CLUBS QUEEN,0.3634,0.0132,0.6234
DIAMONDS THREE CLUBS FIVE,0.5342,0.1914,0.2744
CLUBS KING DIAMONDS FOUR,0.3684,0.0092,0.6224
DIAMONDS THREE CLUBS TWO,0.5666,0.1936,0.2398
CLUBS TEN DIAMONDS FOUR,0.353,0.0266,0.6204
DIAMONDS THREE CLUBS THREE,0.2678,0.0902,0.642
DIAMONDS FOUR CLUBS JACK,0.3572,0.0178,0.625
DIAMONDS THREE SPADES FOUR,0.527,0.2022,0.2708
DIAMONDS THREE SPADES FIVE,0.5236,0.2122,0.2642
DIAMONDS THREE SPADES TWO,0.5666,0.2014,0.232
CLUBS EIGHT DIAMONDS THREE,0.2536,0.139,0.6074
CLUBS NINE DIAMONDS THREE,0.2614,0.1008,0.6378
SPADES SEVEN CLUBS ACE,0.2266,0.0296,0.7438
SPADES SEVEN CLUBS QUEEN,0.2406,0.0548,0.7046
SPADES SEVEN CLUBS KING,0.2458,0.0396,0.7146
CLUBS FIVE SPADES SEVEN,0.2018,0.4496,0.3486
CLUBS TEN SPADES SEVEN,0.2296,0.0814,0.689
CLUBS FIVE SPADES SIX,0.4846,0.1052,0.4102
SPADES SEVEN CLUBS JACK,0.252,0.057,0.691
CLUBS FIVE SPADES NINE,0.349,0.0392,0.6118
CLUBS FIVE SPADES EIGHT,0.3298,0.0716,0.5986
CLUBS FIVE SPADES TWO,0.5284,0.1028,0.3688
CLUBS FIVE SPADES FIVE,0.2324,0.1118,0.6558
CLUBS FIVE SPADES FOUR,0.4804,0.1044,0.4152
CLUBS NINE CLUBS FIVE,0.3274,0.0472,0.6254
CLUBS EIGHT CLUBS FIVE,0.32,0.0636,0.6164
CLUBS ACE CLUBS QUEEN,0.3108,0.004,0.6852
CLUBS KING CLUBS QUEEN,0.3078,0.0068,0.6854
DIAMONDS TEN DIAMONDS FOUR,0.3478,0.027,0.6252
CLUBS TEN DIAMONDS NINE,0.33,0.0242,0.6458
DIAMONDS JACK DIAMONDS FOUR,0.3306,0.0216,0.6478
DIAMONDS NINE CLUBS JACK,0.3242,0.0154,0.6604
SPADES NINE CLUBS JACK,0.3344,0.0172,0.6484
CLUBS TEN SPADES NINE,0.2968,0.0246,0.6786
DIAMONDS ACE DIAMONDS FOUR,0.3312,0.005,0.6638
HEARTS FOUR DIAMONDS FOUR,0.2602,0.131,0.6088
DIAMONDS JACK HEARTS TEN,0.3146,0.02,0.6654
SPADES NINE CLUBS KING,0.3228,0.0088,0.6684
DIAMONDS TWO SPADES TEN,0.3952,0.031,0.5738
DIAMONDS NINE CLUBS ACE,0.3356,0.004,0.6604
HEARTS FIVE DIAMONDS FOUR,0.4874,0.1086,0.404
DIAMONDS JACK HEARTS JACK,0.1438,0.0456,0.8106
SPADES NINE CLUBS QUEEN,0.3354,0.0104,0.6542
DIAMONDS TWO SPADES JACK,0.404,0.0208,0.5752
DIAMONDS QUEEN DIAMONDS FOUR,0.3452,0.0158,0.639
HEARTS TWO DIAMONDS FOUR,0.542,0.1084,0.3496
DIAMONDS NINE CLUBS QUEEN,0.3358,0.0078,0.6564
DIAMONDS KING DIAMONDS FOUR,0.337,0.0082,0.6548
HEARTS THREE DIAMONDS FOUR,0.5398,0.196,0.2642
SPADES NINE CLUBS ACE,0.33,0.004,0.666
DIAMONDS NINE CLUBS KING,0.3408,0.0054,0.6538
HEARTS ACE DIAMONDS JACK,0.3362,0.0056,0.6582
SPADES ACE DIAMONDS TWO,0.3912,0.0058,0.603
HEARTS QUEEN DIAMONDS JACK,0.3242,0.0096,0.6662
SPADES QUEEN DIAMONDS TWO,0.3976,0.0158,0.5866
DIAMONDS JACK HEARTS KING,0.3324,0.0072,0.6604
SPADES KING DIAMONDS TWO,0.4048,0.0096,0.5856
SPADES JACK SPADES SEVEN,0.2324,0.0664,0.7012
SPADES TEN SPADES SEVEN,0.2264,0.0908,0.6828
CLUBS SEVEN CLUBS THREE,0.0188,0.9138,0.0674
CLUBS SIX CLUBS THREE,0.5196,0.1876,0.2928
CLUBS FIVE CLUBS THREE,0.5006,0.1862,0.3132
CLUBS THREE CLUBS FOUR,0.5094,0.1874,0.3032
CLUBS NINE CLUBS THREE,0.2344,0.0994,0.6662
CLUBS EIGHT CLUBS THREE,0.2376,0.137,0.6254
CLUBS THREE SPADES FIVE,0.5286,0.2074,0.264
CLUBS THREE SPADES FOUR,0.5398,0.1992,0.261
CLUBS THREE SPADES TWO,0.5764,0.1966,0.227
CLUBS THREE SPADES SIX,0.5652,0.192,0.2428
CLUBS THREE SPADES SEVEN,0.0098,0.9746,0.0156
SPADES EIGHT CLUBS THREE,0.2438,0.1414,0.6148
SPADES NINE CLUBS THREE,0.2398,0.1078,0.6524
SPADES TWO DIAMONDS FOUR,0.5368,0.1042,0.359
SPADES FOUR DIAMONDS FOUR,0.251,0.1194,0.6296
SPADES FIVE DIAMONDS FOUR,0.4746,0.1042,0.4212
SPADES SIX DIAMONDS FOUR,0.4882,0.1012,0.4106
SPADES SEVEN DIAMONDS FOUR,0.2078,0.5172,0.275
SPADES EIGHT DIAMONDS FOUR,0.3424,0.0694,0.5882
SPADES NINE DIAMONDS FOUR,0.3586,0.0424,0.599
CLUBS FIVE DIAMONDS FOUR,0.4804,0.1072,0.4124
CLUBS FOUR DIAMONDS FOUR,0.2446,0.1172,0.6382
CLUBS SEVEN DIAMONDS FOUR,0.2232,0.5074,0.2694
CLUBS SIX DIAMONDS FOUR,0.5098,0.1006,0.3896
CLUBS NINE DIAMONDS FOUR,0.36,0.043,0.597
CLUBS EIGHT DIAMONDS FOUR,0.3442,0.0676,0.5882
HEARTS SIX DIAMONDS FOUR,0.504,0.1006,0.3954
DIAMONDS FOUR HEARTS NINE,0.3706,0.0418,0.5876
DIAMONDS FOUR HEARTS EIGHT,0.3388,0.0698,0.5914
CLUBS THREE DIAMONDS FOUR,0.5424,0.1914,0.2662
CLUBS TWO DIAMONDS FOUR,0.5268,0.1082,0.365
DIAMONDS TEN DIAMONDS FIVE,0.3472,0.027,0.6258
DIAMONDS JACK DIAMONDS FIVE,0.3486,0.016,0.6354
DIAMONDS NINE HEARTS QUEEN,0.3318,0.0086,0.6596
DIAMONDS NINE HEARTS KING,0.3312,0.006,0.6628
HEARTS ACE DIAMONDS NINE,0.3282,0.0054,0.6664
DIAMONDS NINE HEARTS TEN,0.3082,0.0264,0.6654
DIAMONDS NINE HEARTS JACK,0.328,0.0164,0.6556
CLUBS KING DIAMONDS SIX,0.3546,0.0048,0.6406
CLUBS QUEEN DIAMONDS SIX,0.3602,0.0128,0.627
CLUBS ACE DIAMONDS SIX,0.3582,0.0052,0.6366
SPADES KING DIAMONDS FOUR,0.3616,0.008,0.6304
SPADES ACE SPADES SEVEN,0.222,0.036,0.742
SPADES QUEEN DIAMONDS FOUR,0.3588,0.0148,0.6264
SPADES QUEEN SPADES SEVEN,0.218,0.0488,0.7332
CLUBS JACK DIAMONDS SIX,0.368,0.0188,0.6132
SPADES KING SPADES SEVEN,0.2372,0.0412,0.7216
SPADES ACE DIAMONDS FOUR,0.3476,0.006,0.6464
CLUBS TEN DIAMONDS SIX,0.346,0.0274,0.6266
CLUBS NINE CLUBS FOUR,0.333,0.0406,0.6264
CLUBS EIGHT CLUBS FOUR,0.3238,0.0636,0.6126
SPADES JACK DIAMONDS FOUR,0.37,0.0198,0.6102
SPADES TEN DIAMONDS FOUR,0.3578,0.026,0.6162
CLUBS FIVE CLUBS FOUR,0.4564,0.0956,0.448
CLUBS SEVEN CLUBS FOUR,0.2042,0.4826,0.3132
CLUBS SIX CLUBS FOUR,0.4708,0.1002,0.429
CLUBS SEVEN SPADES EIGHT,0.214,0.1396,0.6464
CLUBS SEVEN SPADES NINE,0.2206,0.1118,0.6676
CLUBS SEVEN SPADES SIX,0.2038,0.371,0.4252
CLUBS SEVEN SPADES SEVEN,0.0712,0.109,0.8198
CLUBS SEVEN SPADES FIVE,0.2104,0.4546,0.335
CLUBS SEVEN SPADES FOUR,0.2126,0.511,0.2764
CLUBS SEVEN SPADES TWO,0.2782,0.507,0.2148
CLUBS NINE CLUBS SEVEN,0.2292,0.103,0.6678
CLUBS SEVEN CLUBS EIGHT,0.2122,0.137,0.6508
HEARTS SIX DIAMONDS FIVE,0.4942,0.1016,0.4042
DIAMONDS FIVE HEARTS EIGHT,0.3292,0.0724,0.5984
DIAMONDS FIVE HEARTS NINE,0.351,0.0434,0.6056
DIAMONDS QUEEN DIAMONDS FIVE,0.3446,0.0116,0.6438
HEARTS TWO DIAMONDS FIVE,0.5374,0.106,0.3566
HEARTS KING HEARTS EIGHT,0.3232,0.0074,0.6694
DIAMONDS KING DIAMONDS FIVE,0.341,0.007,0.652
HEARTS THREE DIAMONDS FIVE,0.5308,0.2012,0.268
HEARTS QUEEN HEARTS EIGHT,0.3202,0.0132,0.6666
DIAMONDS ACE DIAMONDS FIVE,0.329,0.0064,0.6646
HEARTS FOUR DIAMONDS FIVE,0.4876,0.1144,0.398
HEARTS FIVE DIAMONDS FIVE,0.2448,0.1142,0.641
HEARTS ACE HEARTS EIGHT,0.316,0.0048,0.6792
CLUBS FOUR DIAMONDS FIVE,0.4796,0.1008,0.4196
CLUBS FIVE DIAMONDS FIVE,0.2402,0.1098,0.65
CLUBS SIX DIAMONDS FIVE,0.476,0.1068,0.4172
CLUBS SEVEN DIAMONDS FIVE,0.217,0.4378,0.3452
CLUBS TWO DIAMONDS FIVE,0.53,0.1076,0.3624
CLUBS THREE DIAMONDS FIVE,0.5316,0.1966,0.2718
SPADES TWO DIAMONDS FIVE,0.5322,0.1096,0.3582
SPADES JACK DIAMONDS EIGHT,0.3218,0.0204,0.6578
SPADES FIVE DIAMONDS FIVE,0.2412,0.1136,0.6452
CLUBS TEN HEARTS JACK,0.3194,0.0162,0.6644
SPADES TEN DIAMONDS EIGHT,0.3108,0.0306,0.6586
SPADES FOUR DIAMONDS FIVE,0.474,0.1066,0.4194
HEARTS JACK CLUBS JACK,0.144,0.0436,0.8124
HEARTS JACK CLUBS QUEEN,0.3274,0.0098,0.6628
CLUBS NINE DIAMONDS FIVE,0.3514,0.0454,0.6032
CLUBS KING HEARTS JACK,0.3288,0.0078,0.6634
CLUBS EIGHT DIAMONDS FIVE,0.3438,0.0642,0.592
CLUBS ACE HEARTS JACK,0.3268,0.0038,0.6694
SPADES SEVEN DIAMONDS FIVE,0.2104,0.4596,0.33
SPADES KING DIAMONDS EIGHT,0.3294,0.0066,0.664
SPADES QUEEN DIAMONDS EIGHT,0.3356,0.0124,0.652
SPADES SIX DIAMONDS FIVE,0.4794,0.0946,0.426
SPADES NINE DIAMONDS FIVE,0.35,0.0434,0.6066
SPADES EIGHT DIAMONDS FIVE,0.33,0.0608,0.6092
SPADES ACE DIAMONDS EIGHT,0.316,0.005,0.679
DIAMONDS TEN DIAMONDS SIX,0.3332,0.0264,0.6404
HEARTS ACE DIAMONDS SEVEN,0.2256,0.0302,0.7442
DIAMONDS JACK DIAMONDS SIX,0.3426,0.0178,0.6396
HEARTS QUEEN DIAMONDS SEVEN,0.2256,0.0492,0.7252
HEARTS KING DIAMONDS SEVEN,0.2286,0.0432,0.7282
DIAMONDS ACE DIAMONDS SIX,0.3294,0.0038,0.6668
HEARTS FOUR DIAMONDS SIX,0.5048,0.101,0.3942
SPADES TWO HEARTS JACK,0.4046,0.0224,0.573
HEARTS FIVE DIAMONDS SIX,0.4686,0.1064,0.425
SPADES TWO HEARTS TEN,0.4068,0.0322,0.561
DIAMONDS QUEEN DIAMONDS SIX,0.332,0.0144,0.6536
HEARTS TWO DIAMONDS SIX,0.5512,0.1112,0.3376
DIAMONDS KING DIAMONDS SIX,0.3338,0.0074,0.6588
HEARTS THREE DIAMONDS SIX,0.558,0.1954,0.2466
HEARTS EIGHT DIAMONDS SIX,0.3224,0.0658,0.6118
HEARTS NINE DIAMONDS SIX,0.334,0.0468,0.6192
HEARTS SIX DIAMONDS SIX,0.237,0.1104,0.6526
HEARTS TEN DIAMONDS SEVEN,0.2292,0.0864,0.6844
CLUBS TWO DIAMONDS SIX,0.5564,0.1026,0.341
HEARTS JACK DIAMONDS SEVEN,0.2424,0.0604,0.6972
CLUBS THREE DIAMONDS SIX,0.57,0.1916,0.2384
CLUBS SEVEN DIAMONDS SIX,0.2224,0.359,0.4186
DIAMONDS EIGHT CLUBS JACK,0.3288,0.0146,0.6566
CLUBS SIX DIAMONDS SIX,0.2284,0.1084,0.6632
CLUBS TEN DIAMONDS EIGHT,0.3122,0.0236,0.6642
CLUBS FIVE DIAMONDS SIX,0.4988,0.0978,0.4034
CLUBS FOUR DIAMONDS SIX,0.5056,0.1002,0.3942
HEARTS ACE HEARTS JACK,0.3092,0.006,0.6848
DIAMONDS EIGHT CLUBS ACE,0.3252,0.0032,0.6716
HEARTS QUEEN HEARTS JACK,0.3126,0.0072,0.6802
DIAMONDS EIGHT CLUBS KING,0.3372,0.0074,0.6554
CLUBS NINE DIAMONDS SIX,0.3368,0.0464,0.6168
HEARTS KING HEARTS JACK,0.3122,0.0096,0.6782
DIAMONDS EIGHT CLUBS QUEEN,0.3424,0.013,0.6446
CLUBS EIGHT DIAMONDS SIX,0.3298,0.0624,0.6078
SPADES TEN HEARTS KING,0.3286,0.0086,0.6628
SPADES FIVE DIAMONDS SIX,0.4762,0.1042,0.4196
HEARTS ACE SPADES TWO,0.384,0.0064,0.6096
SPADES JACK HEARTS KING,0.3078,0.007,0.6852
SPADES FOUR DIAMONDS SIX,0.5002,0.1048,0.395
HEARTS QUEEN SPADES TWO,0.3836,0.0136,0.6028
SPADES ACE SPADES KING,0.3278,0.005,0.6672
SPADES TWO HEARTS KING,0.4122,0.0114,0.5764
SPADES TWO DIAMONDS SIX,0.5566,0.104,0.3394
HEARTS TEN HEARTS EIGHT,0.2936,0.0236,0.6828
SPADES NINE DIAMONDS SIX,0.3386,0.0406,0.6208
HEARTS JACK HEARTS EIGHT,0.3068,0.0174,0.6758
SPADES EIGHT DIAMONDS SIX,0.3218,0.069,0.6092
SPADES SEVEN DIAMONDS SIX,0.2168,0.373,0.4102
SPADES SIX DIAMONDS SIX,0.231,0.1022,0.6668
SPADES KING HEARTS KING,0.1296,0.0132,0.8572
SPADES QUEEN HEARTS KING,0.318,0.0094,0.6726
CLUBS ACE CLUBS KING,0.3232,0.005,0.6718
SPADES ACE HEARTS KING,0.3284,0.0064,0.6652
SPADES ACE HEARTS JACK,0.3354,0.0052,0.6594
SPADES QUEEN HEARTS JACK,0.309,0.013,0.678
SPADES KING HEARTS JACK,0.3344,0.0078,0.6578
SPADES TEN DIAMONDS TEN,0.1446,0.0534,0.802
SPADES JACK DIAMONDS TEN,0.3084,0.0152,0.6764
SPADES ACE DIAMONDS TEN,0.326,0.0026,0.6714
SPADES JACK HEARTS JACK,0.1274,0.0466,0.826
SPADES TEN HEARTS JACK,0.3106,0.0148,0.6746
SPADES QUEEN DIAMONDS TEN,0.3166,0.0134,0.67
SPADES KING DIAMONDS TEN,0.3262,0.0064,0.6674
SPADES NINE DIAMONDS SEVEN,0.2326,0.11,0.6574
SPADES EIGHT DIAMONDS SEVEN,0.209,0.1478,0.6432
SPADES SEVEN DIAMONDS SEVEN,0.0754,0.095,0.8296
SPADES SIX DIAMONDS SEVEN,0.2184,0.3768,0.4048
DIAMONDS KING DIAMONDS SEVEN,0.2198,0.0412,0.739
HEARTS THREE DIAMONDS SEVEN,0.017,0.9746,0.0084
HEARTS KING DIAMONDS FIVE,0.3556,0.012,0.6324
DIAMONDS QUEEN DIAMONDS SEVEN,0.2176,0.051,0.7314
HEARTS TWO DIAMONDS SEVEN,0.2788,0.5084,0.2128
HEARTS QUEEN DIAMONDS FIVE,0.3562,0.0128,0.631
HEARTS FIVE DIAMONDS SEVEN,0.216,0.4486,0.3354
DIAMONDS ACE DIAMONDS SEVEN,0.233,0.0294,0.7376
HEARTS FOUR DIAMONDS SEVEN,0.2138,0.5222,0.264
HEARTS ACE DIAMONDS FIVE,0.35,0.0036,0.6464
HEARTS SIX DIAMONDS SEVEN,0.223,0.3674,0.4096
DIAMONDS SEVEN HEARTS NINE,0.2414,0.1174,0.6412
HEARTS EIGHT DIAMONDS SEVEN,0.2164,0.1502,0.6334
DIAMONDS JACK DIAMONDS SEVEN,0.2266,0.0546,0.7188
DIAMONDS FIVE HEARTS JACK,0.3476,0.019,0.6334
DIAMONDS TEN DIAMONDS SEVEN,0.2236,0.084,0.6924
HEARTS TEN DIAMONDS FIVE,0.3598,0.031,0.6092
SPADES KING CLUBS TWO,0.4002,0.008,0.5918
HEARTS KING CLUBS KING,0.1414,0.02,0.8386
CLUBS EIGHT DIAMONDS SEVEN,0.224,0.142,0.634
SPADES QUEEN CLUBS TWO,0.3792,0.0154,0.6054
HEARTS KING CLUBS QUEEN,0.3308,0.0048,0.6644
CLUBS NINE DIAMONDS SEVEN,0.2358,0.1052,0.659
SPADES TWO CLUBS JACK,0.3978,0.0214,0.5808
SPADES ACE CLUBS TWO,0.3888,0.006,0.6052
CLUBS TEN SPADES TWO,0.4052,0.0338,0.561
HEARTS KING CLUBS ACE,0.336,0.0048,0.6592
CLUBS SEVEN CLUBS SIX,0.2054,0.3514,0.4432
SPADES TWO CLUBS KING,0.4012,0.0078,0.591
SPADES TWO DIAMONDS SEVEN,0.272,0.5214,0.2066
CLUBS EIGHT CLUBS SIX,0.3138,0.0648,0.6214
SPADES TWO CLUBS QUEEN,0.4028,0.0166,0.5806
CLUBS NINE CLUBS SIX,0.315,0.0404,0.6446
SPADES FOUR DIAMONDS SEVEN,0.2138,0.5198,0.2664
HEARTS KING CLUBS JACK,0.3268,0.007,0.6662
SPADES FIVE DIAMONDS SEVEN,0.2024,0.4462,0.3514
SPADES TWO CLUBS ACE,0.393,0.0068,0.6002
CLUBS TEN HEARTS KING,0.324,0.0048,0.6712
CLUBS SIX SPADES TWO,0.5464,0.1102,0.3434
CLUBS TWO DIAMONDS SEVEN,0.2708,0.5124,0.2168
CLUBS SIX SPADES FOUR,0.4958,0.0994,0.4048
CLUBS THREE DIAMONDS SEVEN,0.0232,0.9564,0.0204
CLUBS SIX SPADES FIVE,0.4968,0.1026,0.4006
CLUBS FOUR DIAMONDS SEVEN,0.2202,0.5058,0.274
CLUBS SIX SPADES SIX,0.2374,0.1126,0.65
CLUBS FIVE DIAMONDS SEVEN,0.2102,0.438,0.3518
CLUBS SIX SPADES SEVEN,0.212,0.369,0.419
CLUBS SIX DIAMONDS SEVEN,0.209,0.3548,0.4362
CLUBS SIX SPADES EIGHT,0.3228,0.065,0.6122
SPADES JACK CLUBS TWO,0.4024,0.0192,0.5784
CLUBS SEVEN DIAMONDS SEVEN,0.0874,0.0968,0.8158
SPADES NINE CLUBS SIX,0.3308,0.0434,0.6258
SPADES TEN CLUBS TWO,0.394,0.0288,0.5772
CLUBS TWO CLUBS QUEEN,0.3746,0.0134,0.612
CLUBS TWO CLUBS KING,0.3756,0.0088,0.6156
CLUBS THREE DIAMONDS EIGHT,0.258,0.1306,0.6114
CLUBS TWO CLUBS ACE,0.3584,0.0038,0.6378
CLUBS TWO DIAMONDS EIGHT,0.3886,0.0756,0.5358
HEARTS SIX DIAMONDS EIGHT,0.3368,0.0716,0.5916
DIAMONDS EIGHT HEARTS NINE,0.2984,0.038,0.6636
CLUBS TEN CLUBS TWO,0.3802,0.0344,0.5854
DIAMONDS EIGHT HEARTS EIGHT,0.1324,0.0878,0.7798
CLUBS TWO CLUBS JACK,0.3776,0.0216,0.6008
CLUBS NINE DIAMONDS EIGHT,0.3168,0.0344,0.6488
CLUBS EIGHT DIAMONDS EIGHT,0.152,0.0726,0.7754
CLUBS FIVE DIAMONDS EIGHT,0.3414,0.0642,0.5944
CLUBS FOUR DIAMONDS EIGHT,0.3514,0.0682,0.5804
CLUBS SEVEN DIAMONDS EIGHT,0.2302,0.139,0.6308
CLUBS SIX DIAMONDS EIGHT,0.3324,0.0664,0.6012
DIAMONDS QUEEN DIAMONDS EIGHT,0.3072,0.0122,0.6806
HEARTS TWO DIAMONDS EIGHT,0.4082,0.0684,0.5234
DIAMONDS KING DIAMONDS EIGHT,0.3136,0.0084,0.678
HEARTS THREE DIAMONDS EIGHT,0.252,0.1362,0.6118
DIAMONDS ACE DIAMONDS EIGHT,0.3024,0.0052,0.6924
HEARTS FOUR DIAMONDS EIGHT,0.348,0.0732,0.5788
HEARTS FIVE DIAMONDS EIGHT,0.342,0.066,0.592
DIAMONDS EIGHT DIAMONDS TEN,0.3,0.025,0.675
DIAMONDS EIGHT DIAMONDS JACK,0.3152,0.0194,0.6654
CLUBS FOUR HEARTS ACE,0.3508,0.007,0.6422
CLUBS FOUR HEARTS QUEEN,0.3544,0.0134,0.6322
CLUBS FOUR HEARTS KING,0.3578,0.009,0.6332
CLUBS SIX HEARTS TEN,0.3472,0.0252,0.6276
CLUBS SIX HEARTS JACK,0.3562,0.0196,0.6242
DIAMONDS EIGHT SPADES FOUR,0.3422,0.0672,0.5906
SPADES FIVE DIAMONDS EIGHT,0.3358,0.062,0.6022
DIAMONDS EIGHT SPADES TWO,0.3922,0.073,0.5348
CLUBS FOUR HEARTS JACK,0.3578,0.017,0.6252
SPADES EIGHT DIAMONDS EIGHT,0.1422,0.079,0.7788
SPADES TEN DIAMONDS QUEEN,0.3194,0.0076,0.673
SPADES TEN HEARTS TWO,0.407,0.0324,0.5606
SPADES JACK HEARTS EIGHT,0.3234,0.0176,0.659
CLUBS FOUR HEARTS TEN,0.3672,0.031,0.6018
SPADES NINE DIAMONDS EIGHT,0.2998,0.039,0.6612
SPADES TEN HEARTS EIGHT,0.297,0.0244,0.6786
SPADES JACK HEARTS TWO,0.4068,0.017,0.5762
SPADES JACK DIAMONDS QUEEN,0.3188,0.0084,0.6728
SPADES SIX DIAMONDS EIGHT,0.3334,0.0658,0.6008
SPADES SEVEN DIAMONDS EIGHT,0.2004,0.1476,0.652
SPADES ACE HEARTS TWO,0.3788,0.0064,0.6148
SPADES ACE DIAMONDS QUEEN,0.336,0.0042,0.6598
SPADES ACE HEARTS EIGHT,0.3072,0.0048,0.688
SPADES KING HEARTS EIGHT,0.3372,0.0084,0.6544
SPADES QUEEN HEARTS TWO,0.4148,0.016,0.5692
SPADES QUEEN DIAMONDS QUEEN,0.1388,0.0292,0.832
SPADES KING DIAMONDS QUEEN,0.3206,0.006,0.6734
SPADES KING HEARTS TWO,0.4052,0.0108,0.584
SPADES QUEEN HEARTS EIGHT,0.316,0.0128,0.6712
CLUBS TWO HEARTS TEN,0.399,0.0354,0.5656
CLUBS TWO HEARTS JACK,0.392,0.017,0.591
SPADES SEVEN DIAMONDS NINE,0.2292,0.112,0.6588
SPADES SIX DIAMONDS NINE,0.3414,0.0388,0.6198
SPADES NINE DIAMONDS NINE,0.155,0.0638,0.7812
SPADES EIGHT DIAMONDS NINE,0.3102,0.0358,0.654
SPADES TEN CLUBS KING,0.3182,0.0088,0.673
SPADES JACK CLUBS KING,0.333,0.008,0.659
DIAMONDS NINE SPADES TWO,0.403,0.042,0.555
DIAMONDS NINE SPADES FIVE,0.3472,0.0444,0.6084
DIAMONDS NINE SPADES FOUR,0.3552,0.0468,0.598
CLUBS NINE DIAMONDS NINE,0.1444,0.0686,0.787
CLUBS EIGHT DIAMONDS NINE,0.3066,0.0374,0.656
CLUBS SIX DIAMONDS NINE,0.349,0.0418,0.6092
SPADES JACK CLUBS FOUR,0.3572,0.0204,0.6224
CLUBS SEVEN DIAMONDS NINE,0.25,0.1008,0.6492
SPADES TEN CLUBS FOUR,0.354,0.0324,0.6136
CLUBS FOUR DIAMONDS NINE,0.363,0.0416,0.5954
CLUBS FIVE DIAMONDS NINE,0.363,0.0398,0.5972
DIAMONDS NINE CLUBS TWO,0.4018,0.0414,0.5568
CLUBS THREE DIAMONDS NINE,0.2452,0.1014,0.6534
DIAMONDS NINE HEARTS EIGHT,0.312,0.037,0.651
DIAMONDS NINE HEARTS NINE,0.1354,0.071,0.7936
HEARTS SIX DIAMONDS NINE,0.3408,0.0394,0.6198
CLUBS NINE CLUBS EIGHT,0.2786,0.035,0.6864
DIAMONDS ACE DIAMONDS NINE,0.3208,0.0062,0.673
HEARTS FOUR DIAMONDS NINE,0.3632,0.0496,0.5872
HEARTS FIVE DIAMONDS NINE,0.3466,0.0452,0.6082
HEARTS ACE CLUBS TWO,0.4044,0.0066,0.589
SPADES ACE CLUBS FOUR,0.3408,0.0056,0.6536
DIAMONDS QUEEN DIAMONDS NINE,0.323,0.0092,0.6678
HEARTS TWO DIAMONDS NINE,0.4176,0.041,0.5414
CLUBS TWO HEARTS KING,0.394,0.0104,0.5956
SPADES KING CLUBS FOUR,0.366,0.0094,0.6246
DIAMONDS KING DIAMONDS NINE,0.3266,0.0066,0.6668
HEARTS THREE DIAMONDS NINE,0.2482,0.1132,0.6386
CLUBS TWO HEARTS QUEEN,0.397,0.0136,0.5894
SPADES QUEEN CLUBS FOUR,0.3444,0.0124,0.6432
DIAMONDS NINE DIAMONDS JACK,0.3158,0.0162,0.668
CLUBS EIGHT SPADES NINE,0.3076,0.0424,0.65
DIAMONDS NINE DIAMONDS TEN,0.298,0.019,0.683
CLUBS EIGHT SPADES EIGHT,0.1364,0.0878,0.7758
CLUBS EIGHT SPADES SEVEN,0.212,0.1406,0.6474
CLUBS EIGHT SPADES SIX,0.3306,0.0652,0.6042
CLUBS EIGHT SPADES FIVE,0.326,0.0696,0.6044
CLUBS EIGHT SPADES FOUR,0.3508,0.0636,0.5856
CLUBS EIGHT SPADES TWO,0.393,0.0736,0.5334
HEARTS SIX DIAMONDS TEN,0.3502,0.0266,0.6232
DIAMONDS TEN HEARTS EIGHT,0.3174,0.0246,0.658
CLUBS FOUR CLUBS JACK,0.3532,0.0186,0.6282
DIAMONDS TEN HEARTS NINE,0.3108,0.0244,0.6648
CLUBS TEN CLUBS FOUR,0.337,0.027,0.636
CLUBS FOUR CLUBS KING,0.3508,0.0072,0.642
CLUBS FOUR CLUBS QUEEN,0.3368,0.0118,0.6514
CLUBS TWO DIAMONDS TEN,0.4012,0.0282,0.5706
CLUBS THREE DIAMONDS TEN,0.2566,0.0702,0.6732
CLUBS FOUR CLUBS ACE,0.3322,0.005,0.6628
DIAMONDS JACK DIAMONDS TEN,0.3084,0.016,0.6756
DIAMONDS QUEEN DIAMONDS TEN,0.3072,0.0108,0.682
HEARTS TWO DIAMONDS TEN,0.4058,0.031,0.5632
DIAMONDS KING DIAMONDS TEN,0.3306,0.007,0.6624
HEARTS THREE DIAMONDS TEN,0.2488,0.0754,0.6758
DIAMONDS ACE DIAMONDS TEN,0.3062,0.004,0.6898
HEARTS FOUR DIAMONDS TEN,0.3698,0.0316,0.5986
CLUBS EIGHT HEARTS JACK,0.3292,0.0166,0.6542
HEARTS FIVE DIAMONDS TEN,0.3618,0.0264,0.6118
CLUBS EIGHT HEARTS TEN,0.3136,0.027,0.6594
CLUBS EIGHT HEARTS QUEEN,0.3204,0.012,0.6676
CLUBS EIGHT HEARTS KING,0.3334,0.0078,0.6588
CLUBS EIGHT HEARTS ACE,0.331,0.0044,0.6646
CLUBS NINE SPADES TWO,0.4048,0.0426,0.5526
CLUBS NINE SPADES FIVE,0.3396,0.043,0.6174
CLUBS NINE SPADES FOUR,0.3562,0.052,0.5918
CLUBS NINE SPADES SEVEN,0.2236,0.111,0.6654
CLUBS NINE SPADES SIX,0.3402,0.0458,0.614
CLUBS NINE SPADES NINE,0.142,0.0602,0.7978
CLUBS TEN HEARTS EIGHT,0.3018,0.0234,0.6748
CLUBS NINE SPADES EIGHT,0.3034,0.0394,0.6572
HEARTS EIGHT CLUBS JACK,0.3268,0.022,0.6512
CLUBS QUEEN HEARTS EIGHT,0.3288,0.0136,0.6576
CLUBS KING HEARTS EIGHT,0.3272,0.011,0.6618
CLUBS ACE HEARTS EIGHT,0.3242,0.0058,0.67
SPADES KING CLUBS KING,0.1368,0.0132,0.85
SPADES QUEEN CLUBS KING,0.3402,0.0074,0.6524
SPADES ACE CLUBS KING,0.3334,0.0052,0.6614
DIAMONDS ACE HEARTS TEN,0.324,0.006,0.67
HEARTS FOUR HEARTS TEN,0.3474,0.0304,0.6222
DIAMONDS ACE HEARTS JACK,0.328,0.0058,0.6662
HEARTS FOUR HEARTS JACK,0.3416,0.0204,0.638
SPADES KING CLUBS FIVE,0.352,0.0092,0.6388
SPADES QUEEN CLUBS FIVE,0.3526,0.0122,0.6352
SPADES ACE CLUBS FIVE,0.3494,0.0054,0.6452
HEARTS SIX DIAMONDS JACK,0.3758,0.017,0.6072
DIAMONDS JACK HEARTS NINE,0.3216,0.0162,0.6622
DIAMONDS JACK HEARTS EIGHT,0.3248,0.0162,0.659
DIAMONDS KING DIAMONDS JACK,0.3106,0.0052,0.6842
HEARTS THREE DIAMONDS JACK,0.2536,0.0572,0.6892
SPADES ACE SPADES SIX,0.344,0.0038,0.6522
HEARTS ACE SPADES FOUR,0.3382,0.0068,0.655
DIAMONDS QUEEN DIAMONDS JACK,0.3042,0.0126,0.6832
HEARTS TWO DIAMONDS JACK,0.4074,0.0202,0.5724
HEARTS FIVE DIAMONDS JACK,0.354,0.0196,0.6264
SPADES QUEEN SPADES SIX,0.3338,0.0112,0.655
SPADES FOUR HEARTS QUEEN,0.3472,0.0148,0.638
DIAMONDS ACE DIAMONDS JACK,0.303,0.004,0.693
HEARTS FOUR DIAMONDS JACK,0.368,0.0206,0.6114
SPADES KING SPADES SIX,0.3492,0.008,0.6428
SPADES FOUR HEARTS KING,0.3494,0.0102,0.6404
SPADES TEN SPADES SIX,0.329,0.0238,0.6472
SPADES JACK SPADES SIX,0.3564,0.0164,0.6272
SPADES FOUR DIAMONDS JACK,0.3662,0.0208,0.613
SPADES FIVE DIAMONDS JACK,0.3528,0.0178,0.6294
DIAMONDS JACK SPADES TWO,0.4076,0.0212,0.5712
SPADES ACE DIAMONDS THREE,0.2398,0.0172,0.743
SPADES QUEEN DIAMONDS THREE,0.2496,0.0446,0.7058
CLUBS EIGHT DIAMONDS JACK,0.3234,0.0172,0.6594
SPADES KING DIAMONDS THREE,0.2516,0.028,0.7204
CLUBS NINE DIAMONDS JACK,0.3284,0.016,0.6556
CLUBS SIX DIAMONDS JACK,0.3632,0.0176,0.6192
CLUBS SEVEN DIAMONDS JACK,0.2346,0.0652,0.7002
CLUBS FOUR DIAMONDS JACK,0.3608,0.0194,0.6198
CLUBS FIVE DIAMONDS JACK,0.3434,0.0172,0.6394
CLUBS TWO DIAMONDS JACK,0.4024,0.0206,0.577
CLUBS THREE DIAMONDS JACK,0.2658,0.0544,0.6798
SPADES TEN CLUBS FIVE,0.351,0.029,0.62
HEARTS SIX SPADES JACK,0.3694,0.0204,0.6102
HEARTS SIX SPADES TEN,0.3542,0.0288,0.617
SPADES JACK CLUBS FIVE,0.3558,0.0176,0.6266
SPADES JACK DIAMONDS THREE,0.25,0.0566,0.6934
CLUBS SEVEN CLUBS ACE,0.2324,0.0238,0.7438
DIAMONDS THREE SPADES TEN,0.253,0.0738,0.6732
CLUBS SEVEN CLUBS QUEEN,0.2228,0.0452,0.732
CLUBS SEVEN CLUBS KING,0.2358,0.0372,0.727
SPADES NINE DIAMONDS JACK,0.3162,0.0162,0.6676
CLUBS TEN CLUBS SEVEN,0.2262,0.0798,0.694
DIAMONDS ACE HEARTS ACE,0.1304,0.004,0.8656
HEARTS FOUR HEARTS ACE,0.3286,0.005,0.6664
SPADES EIGHT DIAMONDS JACK,0.323,0.0218,0.6552
SPADES ACE HEARTS SIX,0.3644,0.0034,0.6322
CLUBS SEVEN CLUBS JACK,0.2306,0.059,0.7104
DIAMONDS ACE HEARTS KING,0.3398,0.0054,0.6548
HEARTS FOUR HEARTS KING,0.3476,0.008,0.6444
SPADES SEVEN DIAMONDS JACK,0.2362,0.0656,0.6982
SPADES KING HEARTS SIX,0.3604,0.0082,0.6314
DIAMONDS ACE HEARTS QUEEN,0.3278,0.0048,0.6674
HEARTS FOUR HEARTS QUEEN,0.3358,0.0134,0.6508
SPADES QUEEN HEARTS SIX,0.3528,0.0152,0.632
SPADES SIX DIAMONDS JACK,0.362,0.019,0.619
SPADES TWO DIAMONDS TEN,0.4012,0.031,0.5678
SPADES FOUR DIAMONDS TEN,0.3504,0.0298,0.6198
SPADES FIVE DIAMONDS TEN,0.3538,0.0274,0.6188
SPADES SIX DIAMONDS TEN,0.353,0.0236,0.6234
SPADES SEVEN DIAMONDS TEN,0.24,0.0818,0.6782
SPADES EIGHT DIAMONDS TEN,0.3152,0.0256,0.6592
SPADES NINE DIAMONDS TEN,0.3122,0.0216,0.6662
CLUBS FOUR DIAMONDS TEN,0.3682,0.026,0.6058
CLUBS FIVE DIAMONDS TEN,0.359,0.0296,0.6114
CLUBS SIX DIAMONDS TEN,0.3616,0.0274,0.611
CLUBS SEVEN DIAMONDS TEN,0.2534,0.0804,0.6662
CLUBS EIGHT DIAMONDS TEN,0.3174,0.0248,0.6578
CLUBS NINE DIAMONDS TEN,0.3256,0.0218,0.6526
DIAMONDS THREE CLUBS JACK,0.2596,0.0534,0.687
CLUBS TEN DIAMONDS THREE,0.2474,0.0782,0.6744
DIAMONDS THREE CLUBS KING,0.2674,0.0236,0.709
DIAMONDS THREE CLUBS QUEEN,0.2608,0.039,0.7002
DIAMONDS THREE CLUBS ACE,0.266,0.014,0.72
SPADES FOUR HEARTS JACK,0.3566,0.0206,0.6228
SPADES FOUR HEARTS TEN,0.3444,0.032,0.6236
SPADES FIVE SPADES TWO,0.514,0.1034,0.3826
SPADES FOUR SPADES TWO,0.512,0.094,0.394
SPADES NINE SPADES TWO,0.3736,0.043,0.5834
SPADES EIGHT SPADES TWO,0.3768,0.0686,0.5546
SPADES SEVEN SPADES TWO,0.2604,0.4872,0.2524
SPADES SIX SPADES TWO,0.5118,0.106,0.3822
DIAMONDS QUEEN CLUBS THREE,0.2488,0.0418,0.7094
CLUBS THREE HEARTS TWO,0.5712,0.2054,0.2234
DIAMONDS QUEEN CLUBS TWO,0.398,0.0132,0.5888
HEARTS TWO CLUBS TWO,0.3468,0.129,0.5242
HEARTS SIX DIAMONDS QUEEN,0.3524,0.0128,0.6348
HEARTS SIX HEARTS TWO,0.5254,0.0988,0.3758
DIAMONDS QUEEN HEARTS NINE,0.335,0.0114,0.6536
HEARTS TWO HEARTS NINE,0.3664,0.0454,0.5882
DIAMONDS QUEEN HEARTS EIGHT,0.3306,0.0116,0.6578
HEARTS TWO HEARTS EIGHT,0.3694,0.065,0.5656
CLUBS NINE HEARTS TWO,0.4036,0.0432,0.5532
CLUBS NINE DIAMONDS QUEEN,0.3256,0.011,0.6634
CLUBS EIGHT HEARTS TWO,0.3948,0.0682,0.537
CLUBS EIGHT DIAMONDS QUEEN,0.3386,0.012,0.6494
CLUBS FIVE DIAMONDS QUEEN,0.3622,0.0118,0.626
CLUBS FIVE HEARTS TWO,0.5256,0.111,0.3634
SPADES EIGHT HEARTS ACE,0.319,0.0052,0.6758
DIAMONDS QUEEN CLUBS FOUR,0.3492,0.0118,0.639
HEARTS TWO CLUBS FOUR,0.548,0.1052,0.3468
CLUBS SEVEN DIAMONDS QUEEN,0.2464,0.0498,0.7038
CLUBS SEVEN HEARTS TWO,0.2734,0.5184,0.2082
SPADES EIGHT HEARTS QUEEN,0.3284,0.0118,0.6598
CLUBS SIX DIAMONDS QUEEN,0.367,0.0114,0.6216
CLUBS SIX HEARTS TWO,0.5556,0.1086,0.3358
SPADES EIGHT HEARTS KING,0.3338,0.0068,0.6594
HEARTS TWO SPADES SIX,0.5588,0.1034,0.3378
DIAMONDS QUEEN SPADES SIX,0.3656,0.0118,0.6226
HEARTS FOUR CLUBS QUEEN,0.3692,0.012,0.6188
DIAMONDS ACE CLUBS QUEEN,0.3364,0.0032,0.6604
DIAMONDS QUEEN SPADES SEVEN,0.2482,0.0482,0.7036
HEARTS TWO SPADES SEVEN,0.2638,0.522,0.2142
HEARTS FOUR CLUBS KING,0.3464,0.0096,0.644
DIAMONDS ACE CLUBS KING,0.3376,0.005,0.6574
DIAMONDS QUEEN SPADES EIGHT,0.3216,0.0152,0.6632
SPADES EIGHT HEARTS TWO,0.3978,0.0684,0.5338
HEARTS FOUR CLUBS ACE,0.355,0.0062,0.6388
DIAMONDS ACE CLUBS ACE,0.1486,0.003,0.8484
SPADES NINE DIAMONDS QUEEN,0.3198,0.0122,0.668
SPADES NINE HEARTS TWO,0.3954,0.0428,0.5618
HEARTS TWO SPADES TWO,0.3568,0.127,0.5162
DIAMONDS QUEEN SPADES TWO,0.4056,0.0148,0.5796
HEARTS TWO SPADES FOUR,0.5276,0.1096,0.3628
DIAMONDS QUEEN SPADES FOUR,0.348,0.012,0.64
HEARTS FOUR CLUBS TEN,0.3678,0.0276,0.6046
CLUBS TEN DIAMONDS ACE,0.3242,0.0042,0.6716
HEARTS TWO SPADES FIVE,0.5256,0.1072,0.3672
DIAMONDS QUEEN SPADES FIVE,0.3558,0.0126,0.6316
HEARTS FOUR CLUBS JACK,0.3636,0.0192,0.6172
DIAMONDS ACE CLUBS JACK,0.332,0.004,0.664
CLUBS FIVE CLUBS KING,0.3392,0.008,0.6528
CLUBS FIVE CLUBS QUEEN,0.335,0.0162,0.6488
CLUBS FIVE CLUBS ACE,0.3276,0.005,0.6674
CLUBS FIVE CLUBS JACK,0.334,0.0214,0.6446
CLUBS TEN CLUBS FIVE,0.3414,0.025,0.6336
SPADES KING CLUBS JACK,0.3304,0.0074,0.6622
SPADES QUEEN CLUBS JACK,0.3232,0.0114,0.6654
SPADES ACE CLUBS JACK,0.3286,0.0048,0.6666
SPADES SIX CLUBS KING,0.3592,0.007,0.6338
SPADES SIX CLUBS QUEEN,0.369,0.0126,0.6184
SPADES EIGHT HEARTS JACK,0.3166,0.0204,0.663
SPADES SIX CLUBS ACE,0.3592,0.0038,0.637
SPADES EIGHT HEARTS TEN,0.3102,0.0282,0.6616
SPADES SIX CLUBS JACK,0.3574,0.0162,0.6264
CLUBS TEN SPADES SIX,0.3546,0.0254,0.62
SPADES TEN CLUBS JACK,0.3128,0.013,0.6742
SPADES JACK CLUBS JACK,0.1422,0.044,0.8138
SPADES QUEEN CLUBS SEVEN,0.235,0.047,0.718
SPADES KING CLUBS SEVEN,0.2314,0.0386,0.73
SPADES ACE CLUBS SEVEN,0.2282,0.0294,0.7424
SPADES SIX HEARTS TEN,0.3462,0.0258,0.628
SPADES SIX HEARTS JACK,0.3594,0.0162,0.6244
SPADES SIX HEARTS ACE,0.3516,0.0058,0.6426
SPADES SIX HEARTS KING,0.3532,0.0088,0.638
SPADES SIX HEARTS QUEEN,0.3524,0.0134,0.6342
CLUBS SEVEN SPADES JACK,0.2418,0.0592,0.699
CLUBS SEVEN SPADES TEN,0.2248,0.0818,0.6934
CLUBS TEN HEARTS SIX,0.3598,0.0294,0.6108
HEARTS SIX CLUBS JACK,0.3576,0.0176,0.6248
CLUBS ACE CLUBS JACK,0.3038,0.0062,0.69
HEARTS SIX CLUBS QUEEN,0.3604,0.0106,0.629
HEARTS SIX CLUBS KING,0.372,0.0096,0.6184
HEARTS SIX CLUBS ACE,0.3626,0.0042,0.6332
CLUBS QUEEN CLUBS JACK,0.3038,0.0112,0.685
CLUBS KING CLUBS JACK,0.3122,0.0046,0.6832
DIAMONDS THREE HEARTS ACE,0.2496,0.0152,0.7352
DIAMONDS THREE HEARTS QUEEN,0.2362,0.0406,0.7232
DIAMONDS THREE HEARTS KING,0.2586,0.0304,0.711
CLUBS FIVE HEARTS JACK,0.3582,0.0204,0.6214
SPADES TEN DIAMONDS ACE,0.3236,0.005,0.6714
HEARTS FOUR SPADES TEN,0.3592,0.0294,0.6114
CLUBS FIVE HEARTS TEN,0.3462,0.0322,0.6216
HEARTS FOUR SPADES JACK,0.3522,0.024,0.6238
SPADES JACK DIAMONDS ACE,0.3272,0.0028,0.67
SPADES ACE HEARTS FOUR,0.3506,0.0062,0.6432
SPADES ACE DIAMONDS ACE,0.1412,0.0044,0.8544
CLUBS FIVE HEARTS ACE,0.35,0.0042,0.6458
CLUBS FIVE HEARTS KING,0.3576,0.0098,0.6326
HEARTS FOUR SPADES QUEEN,0.3494,0.0162,0.6344
SPADES QUEEN DIAMONDS ACE,0.3308,0.0052,0.664
SPADES FOUR CLUBS JACK,0.3614,0.0208,0.6178
CLUBS FIVE HEARTS QUEEN,0.3552,0.0174,0.6274
SPADES KING DIAMONDS ACE,0.3386,0.0038,0.6576
HEARTS FOUR SPADES KING,0.362,0.008,0.63
CLUBS TEN SPADES FOUR,0.363,0.0256,0.6114
DIAMONDS QUEEN DIAMONDS ACE,0.3128,0.0064,0.6808
HEARTS TWO DIAMONDS ACE,0.3958,0.005,0.5992
HEARTS FOUR DIAMONDS QUEEN,0.374,0.0132,0.6128
HEARTS FOUR HEARTS TWO,0.5144,0.1038,0.3818
DIAMONDS THREE HEARTS TEN,0.255,0.0726,0.6724
SPADES FOUR CLUBS KING,0.3626,0.0094,0.628
HEARTS FIVE DIAMONDS QUEEN,0.3646,0.0126,0.6228
HEARTS FIVE HEARTS TWO,0.4978,0.1086,0.3936
DIAMONDS THREE HEARTS JACK,0.2544,0.0544,0.6912
SPADES FOUR CLUBS QUEEN,0.355,0.0126,0.6324
DIAMONDS QUEEN HEARTS TWO,0.3878,0.014,0.5982
DIAMONDS KING DIAMONDS QUEEN,0.308,0.0066,0.6854
DIAMONDS KING HEARTS TWO,0.4116,0.0102,0.5782
HEARTS THREE DIAMONDS QUEEN,0.2516,0.0392,0.7092
HEARTS THREE HEARTS TWO,0.549,0.1924,0.2586
SPADES FOUR CLUBS ACE,0.3478,0.0054,0.6468
HEARTS TWO CLUBS ACE,0.3842,0.0048,0.611
DIAMONDS QUEEN CLUBS ACE,0.33,0.0046,0.6654
HEARTS TWO CLUBS QUEEN,0.4186,0.015,0.5664
DIAMONDS QUEEN CLUBS QUEEN,0.1422,0.029,0.8288
HEARTS TWO CLUBS KING,0.4132,0.0106,0.5762
DIAMONDS QUEEN CLUBS KING,0.3452,0.0066,0.6482
SPADES EIGHT SPADES FIVE,0.3248,0.0594,0.6158
CLUBS TEN HEARTS TWO,0.4152,0.032,0.5528
CLUBS TEN DIAMONDS QUEEN,0.3306,0.0108,0.6586
SPADES NINE SPADES FIVE,0.3482,0.0362,0.6156
HEARTS TWO CLUBS JACK,0.4084,0.0184,0.5732
DIAMONDS QUEEN CLUBS JACK,0.334,0.0094,0.6566
SPADES SIX SPADES FIVE,0.4614,0.0908,0.4478
SPADES SEVEN SPADES FIVE,0.1964,0.4304,0.3732
DIAMONDS FIVE CLUBS QUEEN,0.3702,0.0108,0.619
SPADES EIGHT CLUBS ACE,0.3302,0.0032,0.6666
DIAMONDS FIVE CLUBS KING,0.3666,0.0074,0.626
SPADES EIGHT CLUBS KING,0.3226,0.0088,0.6686
CLUBS ACE DIAMONDS FIVE,0.3466,0.0042,0.6492
SPADES EIGHT CLUBS QUEEN,0.3262,0.0136,0.6602
SPADES EIGHT CLUBS JACK,0.323,0.0178,0.6592
CLUBS TEN SPADES EIGHT,0.3124,0.0272,0.6604
CLUBS TEN DIAMONDS FIVE,0.3664,0.0252,0.6084
