opposingHand,winningChance,drawChance,lostChance
HEARTS EIGHT HEARTS FOUR
DIAMONDS TWO SPADES EIGHT,0.3176,0.4802,0.2022
CLUBS NINE DIAMONDS EIGHT,0.2648,0.1012,0.634
HEARTS SIX HEARTS TWO,0.596,0.0694,0.3346
HEARTS ACE DIAMONDS NINE,0.3642,0.0046,0.6312
CLUBS TEN HEARTS NINE,0.3362,0.0238,0.64
DIAMONDS ACE DIAMONDS TEN,0.3454,0.0042,0.6504
SPADES QUEEN DIAMONDS SIX,0.4144,0.0132,0.5724
CLUBS NINE DIAMONDS KING,0.3704,0.004,0.6256
HEARTS SEVEN HEARTS KING,0.3586,0.01,0.6314
CLUBS TEN SPADES FIVE,0.4124,0.0278,0.5598
DIAMONDS QUEEN HEARTS ACE,0.376,0.0044,0.6196
CLUBS JACK DIAMONDS QUEEN,0.3772,0.011,0.6118
CLUBS SEVEN DIAMONDS QUEEN,0.421,0.012,0.567
DIAMONDS TEN DIAMONDS FIVE,0.3786,0.0306,0.5908
SPADES KING HEARTS THREE,0.4274,0.0102,0.5624
CLUBS SEVEN HEARTS NINE,0.3534,0.0424,0.6042
HEARTS THREE HEARTS NINE,0.3914,0.048,0.5606
CLUBS TWO CLUBS QUEEN,0.4058,0.0132,0.581
CLUBS ACE HEARTS JACK,0.3566,0.0054,0.638
SPADES KING CLUBS THREE,0.4398,0.0104,0.5498
CLUBS JACK DIAMONDS SIX,0.401,0.0166,0.5824
CLUBS EIGHT DIAMONDS TEN,0.295,0.0786,0.6264
CLUBS TEN CLUBS ACE,0.341,0.0046,0.6544
CLUBS SIX DIAMONDS TEN,0.3982,0.0232,0.5786
SPADES EIGHT DIAMONDS SEVEN,0.2616,0.277,0.4614
HEARTS FIVE CLUBS SEVEN,0.5396,0.0608,0.3996
CLUBS TWO HEARTS QUEEN,0.429,0.0156,0.5554
DIAMONDS EIGHT HEARTS JACK,0.2868,0.055,0.6582
SPADES JACK DIAMONDS KING,0.3824,0.0086,0.609
HEARTS QUEEN DIAMONDS FIVE,0.398,0.012,0.59
SPADES FIVE HEARTS JACK,0.41,0.0188,0.5712
SPADES THREE SPADES TWO,0.5714,0.0638,0.3648
CLUBS EIGHT DIAMONDS ACE,0.2762,0.03,0.6938
CLUBS JACK DIAMONDS FOUR,0.3012,0.0536,0.6452
SPADES TEN HEARTS TEN,0.18,0.0506,0.7694
CLUBS NINE SPADES FOUR,0.286,0.1012,0.6128
CLUBS SEVEN CLUBS QUEEN,0.3874,0.0098,0.6028
HEARTS FIVE DIAMONDS ACE,0.3936,0.005,0.6014
SPADES SEVEN DIAMONDS FOUR,0.6286,0.139,0.2324
SPADES QUEEN CLUBS TWO,0.4392,0.0148,0.546
SPADES NINE CLUBS THREE,0.443,0.0382,0.5188
HEARTS SIX CLUBS FIVE,0.5522,0.0626,0.3852
CLUBS TWO DIAMONDS SEVEN,0.6176,0.062,0.3204
CLUBS JACK SPADES TEN,0.3652,0.0142,0.6206
DIAMONDS SIX DIAMONDS FIVE,0.5106,0.073,0.4164
SPADES SEVEN CLUBS TWO,0.625,0.0608,0.3142
HEARTS THREE DIAMONDS EIGHT,0.3198,0.4698,0.2104
DIAMONDS THREE CLUBS SEVEN,0.6036,0.0586,0.3378
CLUBS JACK HEARTS QUEEN,0.3656,0.0124,0.622
DIAMONDS ACE HEARTS NINE,0.3592,0.0048,0.636
HEARTS TWO SPADES FOUR,0.6054,0.1446,0.25
CLUBS JACK DIAMONDS KING,0.3738,0.0058,0.6204
SPADES NINE HEARTS ACE,0.3742,0.0062,0.6196
SPADES SIX HEARTS QUEEN,0.3782,0.012,0.6098
HEARTS TWO HEARTS TEN,0.3822,0.0316,0.5862
SPADES SIX HEARTS JACK,0.4002,0.0228,0.577
HEARTS FIVE CLUBS KING,0.396,0.0098,0.5942
CLUBS TEN CLUBS EIGHT,0.2706,0.0774,0.652
DIAMONDS KING HEARTS KING,0.1666,0.0178,0.8156
DIAMONDS THREE SPADES NINE,0.4378,0.0426,0.5196
CLUBS ACE DIAMONDS SIX,0.4106,0.0056,0.5838
SPADES KING SPADES TEN,0.3612,0.0082,0.6306
SPADES TEN SPADES FIVE,0.3844,0.0292,0.5864
CLUBS NINE SPADES SIX,0.385,0.0392,0.5758
DIAMONDS TEN HEARTS JACK,0.3462,0.0118,0.642
SPADES SIX SPADES FOUR,0.5846,0.135,0.2804
HEARTS TWO DIAMONDS NINE,0.4214,0.0464,0.5322
DIAMONDS TWO DIAMONDS FIVE,0.5558,0.062,0.3822
CLUBS TEN HEARTS TEN,0.1832,0.0448,0.772
DIAMONDS TWO SPADES SIX,0.6064,0.061,0.3326
DIAMONDS THREE CLUBS NINE,0.4372,0.0398,0.523
CLUBS FIVE DIAMONDS SEVEN,0.553,0.0676,0.3794
CLUBS SIX SPADES SIX,0.2904,0.088,0.6216
SPADES KING CLUBS NINE,0.3746,0.0064,0.619
DIAMONDS TWO DIAMONDS NINE,0.4142,0.0374,0.5484
CLUBS TEN DIAMONDS NINE,0.3532,0.024,0.6228
HEARTS QUEEN DIAMONDS SIX,0.4016,0.0098,0.5886
CLUBS TEN CLUBS FIVE,0.3764,0.0282,0.5954
SPADES EIGHT CLUBS QUEEN,0.2942,0.0424,0.6634
HEARTS SIX SPADES THREE,0.591,0.0694,0.3396
CLUBS SIX CLUBS ACE,0.378,0.0078,0.6142
DIAMONDS TWO HEARTS TEN,0.4122,0.0256,0.5622
DIAMONDS NINE HEARTS KING,0.363,0.0088,0.6282
DIAMONDS THREE SPADES QUEEN,0.4362,0.0134,0.5504
CLUBS NINE HEARTS ACE,0.3582,0.0046,0.6372
SPADES TEN DIAMONDS TEN,0.1862,0.0468,0.767
HEARTS SEVEN SPADES SIX,0.5394,0.0628,0.3978
SPADES JACK CLUBS SIX,0.4104,0.0162,0.5734
SPADES SEVEN DIAMONDS QUEEN,0.4004,0.0104,0.5892
SPADES THREE HEARTS JACK,0.4296,0.0204,0.55
HEARTS TWO CLUBS ACE,0.4206,0.0068,0.5726
CLUBS TEN HEARTS THREE,0.4292,0.0232,0.5476
DIAMONDS QUEEN DIAMONDS SIX,0.3866,0.0106,0.6028
CLUBS SEVEN DIAMONDS FIVE,0.566,0.0614,0.3726
SPADES QUEEN HEARTS ACE,0.3648,0.0058,0.6294
CLUBS KING CLUBS QUEEN,0.3492,0.0062,0.6446
CLUBS SEVEN SPADES TWO,0.6214,0.0618,0.3168
HEARTS FIVE HEARTS TEN,0.3474,0.0278,0.6248
SPADES SIX DIAMONDS TEN,0.3922,0.0272,0.5806
CLUBS JACK HEARTS KING,0.3558,0.0062,0.638
SPADES JACK CLUBS ACE,0.3828,0.0058,0.6114
SPADES TEN HEARTS JACK,0.3354,0.013,0.6516
SPADES SEVEN SPADES THREE,0.574,0.0578,0.3682
SPADES ACE HEARTS QUEEN,0.3676,0.0054,0.627
DIAMONDS THREE CLUBS KING,0.441,0.0074,0.5516
HEARTS SEVEN DIAMONDS TEN,0.386,0.026,0.588
SPADES KING SPADES JACK,0.3526,0.0086,0.6388
SPADES FOUR CLUBS QUEEN,0.2922,0.0422,0.6656
CLUBS EIGHT CLUBS SIX,0.254,0.3188,0.4272
SPADES JACK DIAMONDS SIX,0.4186,0.0174,0.564
HEARTS FIVE CLUBS ACE,0.3844,0.0068,0.6088
HEARTS SIX SPADES NINE,0.3706,0.0428,0.5866
CLUBS JACK HEARTS ACE,0.3616,0.0036,0.6348
SPADES JACK SPADES TWO,0.4114,0.0172,0.5714
SPADES TEN SPADES EIGHT,0.2696,0.0726,0.6578
SPADES EIGHT DIAMONDS SIX,0.2588,0.3626,0.3786
DIAMONDS THREE DIAMONDS TEN,0.4136,0.0274,0.559
SPADES ACE HEARTS FIVE,0.3804,0.0048,0.6148
HEARTS SEVEN SPADES JACK,0.395,0.0174,0.5876
CLUBS JACK DIAMONDS JACK,0.1976,0.0326,0.7698
HEARTS SIX DIAMONDS SIX,0.2862,0.0822,0.6316
SPADES NINE CLUBS TWO,0.44,0.0478,0.5122
HEARTS SEVEN CLUBS SEVEN,0.2786,0.0822,0.6392
SPADES NINE SPADES TWO,0.416,0.0402,0.5438
CLUBS FIVE SPADES FOUR,0.5946,0.1398,0.2656
CLUBS SIX SPADES THREE,0.6064,0.058,0.3356
DIAMONDS SEVEN HEARTS JACK,0.3894,0.0196,0.591
CLUBS NINE SPADES TWO,0.4324,0.0444,0.5232
DIAMONDS QUEEN CLUBS TWO,0.4448,0.0142,0.541
SPADES ACE HEARTS SIX,0.4074,0.0042,0.5884
SPADES TEN DIAMONDS ACE,0.3748,0.0052,0.62
CLUBS NINE CLUBS FIVE,0.3802,0.0366,0.5832
SPADES ACE DIAMONDS NINE,0.3808,0.0052,0.614
SPADES SEVEN HEARTS ACE,0.3712,0.006,0.6228
DIAMONDS KING HEARTS JACK,0.3478,0.0078,0.6444
DIAMONDS TWO HEARTS FIVE,0.5718,0.0724,0.3558
HEARTS FIVE DIAMONDS TEN,0.3908,0.0302,0.579
CLUBS SIX SPADES EIGHT,0.2606,0.3478,0.3916
CLUBS NINE CLUBS KING,0.3484,0.0062,0.6454
SPADES TEN HEARTS NINE,0.3474,0.0264,0.6262
HEARTS JACK CLUBS KING,0.3662,0.0068,0.627
SPADES QUEEN SPADES TWO,0.4168,0.0134,0.5698
SPADES QUEEN HEARTS TWO,0.4408,0.0128,0.5464
SPADES QUEEN DIAMONDS JACK,0.3816,0.0084,0.61
CLUBS FOUR DIAMONDS QUEEN,0.2948,0.0456,0.6596
HEARTS FIVE HEARTS QUEEN,0.3488,0.0156,0.6356
HEARTS SIX CLUBS THREE,0.582,0.0704,0.3476
HEARTS THREE HEARTS QUEEN,0.3826,0.0146,0.6028
HEARTS SIX HEARTS THREE,0.5728,0.065,0.3622
CLUBS FOUR DIAMONDS EIGHT,0.071,0.9094,0.0196
DIAMONDS ACE DIAMONDS NINE,0.3586,0.004,0.6374
SPADES JACK HEARTS JACK,0.1776,0.0398,0.7826
HEARTS SIX CLUBS FOUR,0.6218,0.1312,0.247
CLUBS FOUR CLUBS TWO,0.5878,0.1362,0.276
HEARTS SIX SPADES FIVE,0.5454,0.0592,0.3954
DIAMONDS TWO DIAMONDS TEN,0.413,0.0276,0.5594
DIAMONDS THREE SPADES JACK,0.452,0.0178,0.5302
SPADES TWO HEARTS NINE,0.415,0.0474,0.5376
CLUBS FIVE DIAMONDS KING,0.4012,0.0094,0.5894
DIAMONDS TEN DIAMONDS SIX,0.3782,0.024,0.5978
CLUBS NINE SPADES JACK,0.3656,0.0138,0.6206
CLUBS FOUR DIAMONDS TEN,0.2866,0.0748,0.6386
DIAMONDS THREE DIAMONDS ACE,0.3982,0.005,0.5968
CLUBS JACK CLUBS SIX,0.385,0.0156,0.5994
CLUBS SEVEN DIAMONDS JACK,0.3982,0.0164,0.5854
DIAMONDS ACE DIAMONDS EIGHT,0.2678,0.0208,0.7114
SPADES TWO HEARTS JACK,0.4368,0.0168,0.5464
SPADES ACE CLUBS SEVEN,0.386,0.0038,0.6102
HEARTS SEVEN CLUBS EIGHT,0.2482,0.2942,0.4576
SPADES QUEEN DIAMONDS NINE,0.3778,0.0102,0.612
CLUBS SEVEN HEARTS QUEEN,0.395,0.0092,0.5958
SPADES TEN CLUBS SIX,0.3874,0.024,0.5886
DIAMONDS QUEEN CLUBS QUEEN,0.1902,0.0278,0.782
CLUBS SIX CLUBS THREE,0.5634,0.0662,0.3704
SPADES EIGHT HEARTS TEN,0.2762,0.0762,0.6476
DIAMONDS TWO CLUBS SEVEN,0.6084,0.0648,0.3268
SPADES SIX DIAMONDS FOUR,0.6126,0.1438,0.2436
DIAMONDS JACK SPADES FIVE,0.3928,0.0196,0.5876
SPADES KING CLUBS TWO,0.4312,0.0086,0.5602
HEARTS THREE HEARTS TEN,0.3852,0.0272,0.5876
DIAMONDS THREE HEARTS ACE,0.4228,0.0046,0.5726
CLUBS THREE SPADES THREE,0.4018,0.1012,0.497
DIAMONDS TWO HEARTS ACE,0.4144,0.0066,0.579
SPADES QUEEN DIAMONDS FOUR,0.2946,0.044,0.6614
HEARTS SIX CLUBS KING,0.3942,0.0072,0.5986
SPADES FOUR HEARTS JACK,0.2784,0.0548,0.6668
HEARTS THREE SPADES NINE,0.4166,0.0424,0.541
HEARTS TWO DIAMONDS FIVE,0.598,0.0654,0.3366
SPADES THREE HEARTS KING,0.4332,0.0088,0.558
DIAMONDS ACE CLUBS TWO,0.427,0.005,0.568
HEARTS SEVEN SPADES KING,0.4088,0.007,0.5842
CLUBS FIVE HEARTS NINE,0.3806,0.042,0.5774
SPADES KING SPADES SIX,0.3812,0.0084,0.6104
CLUBS JACK DIAMONDS SEVEN,0.4,0.0166,0.5834
CLUBS EIGHT HEARTS NINE,0.2592,0.1028,0.638
DIAMONDS KING HEARTS NINE,0.3608,0.0068,0.6324
HEARTS SEVEN CLUBS FOUR,0.6176,0.1444,0.238
SPADES ACE SPADES FOUR,0.285,0.0218,0.6932
HEARTS JACK HEARTS TEN,0.3014,0.015,0.6836
SPADES ACE DIAMONDS QUEEN,0.3712,0.0056,0.6232
HEARTS SEVEN CLUBS ACE,0.3888,0.0054,0.6058
SPADES KING CLUBS EIGHT,0.298,0.0358,0.6662
CLUBS FIVE CLUBS TWO,0.5366,0.0634,0.4
SPADES THREE HEARTS TEN,0.437,0.0328,0.5302
CLUBS SEVEN CLUBS TWO,0.5886,0.0582,0.3532
HEARTS SEVEN DIAMONDS SEVEN,0.2798,0.0834,0.6368
CLUBS TEN SPADES THREE,0.4408,0.027,0.5322
SPADES TEN CLUBS FOUR,0.2956,0.0788,0.6256
CLUBS NINE HEARTS TEN,0.3394,0.0222,0.6384
DIAMONDS QUEEN HEARTS NINE,0.3452,0.014,0.6408
CLUBS JACK CLUBS TWO,0.412,0.019,0.569
HEARTS KING SPADES TWO,0.4002,0.0084,0.5914
HEARTS QUEEN CLUBS ACE,0.3646,0.0074,0.628
DIAMONDS JACK DIAMONDS NINE,0.3536,0.0156,0.6308
DIAMONDS NINE DIAMONDS SIX,0.3482,0.0372,0.6146
CLUBS TWO CLUBS ACE,0.4038,0.0054,0.5908
DIAMONDS JACK DIAMONDS FOUR,0.2946,0.053,0.6524
CLUBS TWO DIAMONDS SIX,0.6006,0.0724,0.327
HEARTS TEN DIAMONDS FOUR,0.2862,0.0778,0.636
CLUBS NINE DIAMONDS JACK,0.357,0.015,0.628
CLUBS NINE CLUBS THREE,0.412,0.0396,0.5484
HEARTS THREE SPADES TEN,0.4296,0.0326,0.5378
SPADES NINE SPADES FIVE,0.3754,0.0372,0.5874
CLUBS NINE CLUBS SEVEN,0.3558,0.0362,0.608
HEARTS SIX DIAMONDS TWO,0.606,0.0676,0.3264
SPADES JACK SPADES FOUR,0.2864,0.0536,0.66
DIAMONDS THREE DIAMONDS TWO,0.581,0.0626,0.3564
HEARTS SEVEN DIAMONDS JACK,0.3846,0.0166,0.5988
HEARTS FIVE SPADES FOUR,0.582,0.142,0.276
DIAMONDS ACE SPADES THREE,0.4218,0.0044,0.5738
SPADES NINE CLUBS FOUR,0.3026,0.0982,0.5992
HEARTS SEVEN CLUBS QUEEN,0.3956,0.0126,0.5918
SPADES QUEEN SPADES NINE,0.3552,0.0086,0.6362
CLUBS EIGHT HEARTS TWO,0.304,0.488,0.208
SPADES FIVE DIAMONDS SIX,0.5426,0.0612,0.3962
SPADES QUEEN HEARTS QUEEN,0.1832,0.0258,0.791
SPADES SIX CLUBS ACE,0.3986,0.0036,0.5978
DIAMONDS EIGHT HEARTS QUEEN,0.2768,0.0468,0.6764
SPADES SIX CLUBS TWO,0.6062,0.0658,0.328
DIAMONDS KING SPADES FIVE,0.3998,0.0086,0.5916
SPADES SIX SPADES FIVE,0.5154,0.0598,0.4248
CLUBS FIVE HEARTS JACK,0.3832,0.0186,0.5982
HEARTS SEVEN DIAMONDS NINE,0.3724,0.0396,0.588
SPADES NINE HEARTS JACK,0.3578,0.0166,0.6256
DIAMONDS JACK HEARTS ACE,0.368,0.0046,0.6274
SPADES KING SPADES EIGHT,0.2698,0.033,0.6972
SPADES EIGHT SPADES THREE,0.3024,0.449,0.2486
DIAMONDS TWO SPADES THREE,0.6246,0.0716,0.3038
CLUBS EIGHT SPADES EIGHT,0.1332,0.0796,0.7872
DIAMONDS ACE HEARTS KING,0.362,0.0066,0.6314
SPADES QUEEN DIAMONDS FIVE,0.388,0.0132,0.5988
DIAMONDS THREE CLUBS SIX,0.5994,0.0684,0.3322
CLUBS FIVE CLUBS FOUR,0.5512,0.1386,0.3102
SPADES ACE CLUBS FOUR,0.301,0.02,0.679
SPADES JACK CLUBS EIGHT,0.2844,0.0602,0.6554
SPADES NINE DIAMONDS SEVEN,0.378,0.0388,0.5832
SPADES QUEEN DIAMONDS SEVEN,0.4044,0.009,0.5866
HEARTS TWO HEARTS KING,0.3928,0.0096,0.5976
HEARTS FIVE HEARTS JACK,0.346,0.0204,0.6336
DIAMONDS ACE DIAMONDS SIX,0.3834,0.006,0.6106
SPADES SEVEN SPADES TWO,0.5724,0.061,0.3666
CLUBS EIGHT DIAMONDS NINE,0.2758,0.1044,0.6198
DIAMONDS THREE HEARTS KING,0.4244,0.011,0.5646
CLUBS EIGHT HEARTS QUEEN,0.269,0.046,0.685
CLUBS SIX DIAMONDS SIX,0.2892,0.0844,0.6264
HEARTS FIVE HEARTS ACE,0.3388,0.0068,0.6544
CLUBS FIVE DIAMONDS FOUR,0.5926,0.1334,0.274
HEARTS FIVE CLUBS FOUR,0.588,0.1518,0.2602
DIAMONDS THREE DIAMONDS SIX,0.56,0.06,0.38
DIAMONDS JACK CLUBS KING,0.3818,0.0064,0.6118
SPADES EIGHT HEARTS QUEEN,0.2674,0.0476,0.685
SPADES KING HEARTS NINE,0.3482,0.0084,0.6434
SPADES JACK SPADES SIX,0.3764,0.0186,0.605
DIAMONDS QUEEN CLUBS THREE,0.4412,0.0158,0.543
DIAMONDS KING DIAMONDS JACK,0.3466,0.0088,0.6446
CLUBS JACK CLUBS FOUR,0.2814,0.0544,0.6642
CLUBS SEVEN DIAMONDS TEN,0.4024,0.0242,0.5734
CLUBS NINE SPADES THREE,0.44,0.038,0.522
CLUBS TEN DIAMONDS FIVE,0.4014,0.023,0.5756
SPADES ACE CLUBS JACK,0.3834,0.0044,0.6122
HEARTS SEVEN CLUBS KING,0.405,0.0072,0.5878
HEARTS THREE HEARTS ACE,0.3834,0.0084,0.6082
HEARTS SIX SPADES SIX,0.297,0.091,0.612
DIAMONDS THREE CLUBS QUEEN,0.4418,0.0144,0.5438
CLUBS THREE HEARTS ACE,0.4238,0.004,0.5722
CLUBS KING DIAMONDS FOUR,0.2982,0.0286,0.6732
HEARTS SEVEN HEARTS JACK,0.3432,0.0178,0.639
DIAMONDS QUEEN CLUBS ACE,0.3798,0.0042,0.616
DIAMONDS KING CLUBS QUEEN,0.3808,0.006,0.6132
SPADES FOUR CLUBS ACE,0.2942,0.018,0.6878
SPADES NINE HEARTS QUEEN,0.3642,0.0106,0.6252
DIAMONDS THREE CLUBS FOUR,0.6098,0.138,0.2522
CLUBS THREE HEARTS QUEEN,0.4234,0.0102,0.5664
CLUBS FIVE HEARTS QUEEN,0.3892,0.0152,0.5956
HEARTS ACE HEARTS JACK,0.313,0.005,0.682
CLUBS FOUR HEARTS TEN,0.27,0.0756,0.6544
DIAMONDS SEVEN CLUBS KING,0.3982,0.01,0.5918
CLUBS THREE DIAMONDS NINE,0.4404,0.0408,0.5188
SPADES QUEEN HEARTS NINE,0.3624,0.0138,0.6238
SPADES JACK DIAMONDS EIGHT,0.2804,0.0624,0.6572
DIAMONDS THREE SPADES FIVE,0.576,0.0666,0.3574
SPADES THREE CLUBS QUEEN,0.4434,0.0132,0.5434
HEARTS THREE SPADES TWO,0.6098,0.0638,0.3264
HEARTS SIX HEARTS FIVE,0.5316,0.0696,0.3988
HEARTS SIX HEARTS KING,0.3478,0.0086,0.6436
HEARTS THREE SPADES THREE,0.4094,0.1006,0.49
SPADES QUEEN DIAMONDS TEN,0.3696,0.0108,0.6196
SPADES SEVEN HEARTS KING,0.3938,0.0082,0.598
DIAMONDS TEN DIAMONDS SEVEN,0.376,0.0222,0.6018
SPADES FIVE DIAMONDS SEVEN,0.5582,0.0596,0.3822
CLUBS SEVEN SPADES THREE,0.5958,0.0658,0.3384
HEARTS THREE SPADES FOUR,0.6074,0.1444,0.2482
DIAMONDS TWO CLUBS THREE,0.5952,0.0692,0.3356
CLUBS TWO DIAMONDS EIGHT,0.3384,0.4674,0.1942
DIAMONDS KING CLUBS KING,0.194,0.0126,0.7934
SPADES KING DIAMONDS FIVE,0.417,0.0068,0.5762
SPADES NINE SPADES EIGHT,0.253,0.1012,0.6458
CLUBS SIX HEARTS JACK,0.389,0.0182,0.5928
HEARTS SEVEN DIAMONDS EIGHT,0.2524,0.284,0.4636
HEARTS KING DIAMONDS EIGHT,0.2798,0.037,0.6832
DIAMONDS KING DIAMONDS FIVE,0.3742,0.0096,0.6162
SPADES EIGHT HEARTS KING,0.276,0.0336,0.6904
DIAMONDS TEN CLUBS QUEEN,0.3762,0.0088,0.615
HEARTS QUEEN HEARTS TEN,0.3018,0.0146,0.6836
DIAMONDS EIGHT SPADES TWO,0.3194,0.4804,0.2002
SPADES KING HEARTS FIVE,0.4074,0.0084,0.5842
DIAMONDS THREE HEARTS THREE,0.3868,0.1072,0.506
CLUBS TEN SPADES FOUR,0.2942,0.0748,0.631
HEARTS THREE DIAMONDS JACK,0.439,0.0214,0.5396
SPADES KING CLUBS TEN,0.3744,0.0042,0.6214
HEARTS FIVE CLUBS EIGHT,0.256,0.4348,0.3092
HEARTS SEVEN CLUBS TWO,0.6092,0.0666,0.3242
SPADES NINE DIAMONDS QUEEN,0.3922,0.009,0.5988
SPADES FOUR HEARTS TEN,0.2714,0.0818,0.6468
HEARTS FIVE HEARTS TWO,0.581,0.0702,0.3488
SPADES SIX HEARTS ACE,0.3822,0.0052,0.6126
CLUBS THREE HEARTS TEN,0.4226,0.0352,0.5422
SPADES TWO HEARTS QUEEN,0.419,0.0134,0.5676
SPADES JACK DIAMONDS FOUR,0.2898,0.0554,0.6548
SPADES FOUR HEARTS NINE,0.2656,0.1064,0.628
CLUBS QUEEN HEARTS NINE,0.3506,0.0122,0.6372
CLUBS TEN HEARTS QUEEN,0.3534,0.011,0.6356
CLUBS SEVEN CLUBS FIVE,0.5176,0.0618,0.4206
DIAMONDS TWO SPADES NINE,0.4454,0.0372,0.5174
SPADES SEVEN DIAMONDS JACK,0.3962,0.0152,0.5886
HEARTS ACE DIAMONDS FIVE,0.387,0.0052,0.6078
SPADES SIX CLUBS THREE,0.5966,0.0698,0.3336
HEARTS THREE HEARTS TWO,0.6072,0.0768,0.316
DIAMONDS TWO DIAMONDS JACK,0.4248,0.0186,0.5566
DIAMONDS JACK CLUBS QUEEN,0.3644,0.0116,0.624
SPADES ACE DIAMONDS JACK,0.3798,0.0034,0.6168
SPADES JACK CLUBS SEVEN,0.3864,0.0178,0.5958
HEARTS SIX DIAMONDS FOUR,0.6208,0.1396,0.2396
CLUBS TEN CLUBS QUEEN,0.3368,0.0112,0.652
SPADES ACE DIAMONDS TEN,0.3716,0.003,0.6254
CLUBS FIVE CLUBS KING,0.3828,0.0078,0.6094
CLUBS NINE DIAMONDS FOUR,0.297,0.0952,0.6078
CLUBS NINE DIAMONDS ACE,0.3906,0.0036,0.6058
HEARTS JACK HEARTS NINE,0.3002,0.0208,0.679
CLUBS THREE CLUBS ACE,0.4036,0.0062,0.5902
CLUBS EIGHT DIAMONDS JACK,0.2874,0.0598,0.6528
HEARTS SEVEN CLUBS FIVE,0.5548,0.068,0.3772
CLUBS NINE DIAMONDS FIVE,0.3978,0.0464,0.5558
DIAMONDS SIX HEARTS NINE,0.3768,0.0448,0.5784
SPADES ACE DIAMONDS EIGHT,0.285,0.0268,0.6882
HEARTS THREE DIAMONDS SIX,0.5902,0.065,0.3448
HEARTS ACE CLUBS ACE,0.1658,0.0044,0.8298
CLUBS EIGHT HEARTS ACE,0.2636,0.0272,0.7092
HEARTS TWO CLUBS SIX,0.5924,0.0614,0.3462
CLUBS JACK DIAMONDS THREE,0.4448,0.0182,0.537
SPADES FIVE DIAMONDS EIGHT,0.2574,0.4274,0.3152
DIAMONDS THREE SPADES TWO,0.6148,0.0596,0.3256
DIAMONDS QUEEN DIAMONDS SEVEN,0.3872,0.0132,0.5996
CLUBS FIVE SPADES FIVE,0.3112,0.0908,0.598
CLUBS JACK SPADES SIX,0.4212,0.0168,0.562
CLUBS FIVE SPADES SIX,0.5602,0.0662,0.3736
HEARTS SIX SPADES FOUR,0.6096,0.1348,0.2556
SPADES QUEEN CLUBS KING,0.3838,0.0086,0.6076
CLUBS ACE DIAMONDS FOUR,0.2934,0.0184,0.6882
CLUBS SIX DIAMONDS FIVE,0.5508,0.0622,0.387
DIAMONDS QUEEN DIAMONDS TEN,0.3506,0.0136,0.6358
CLUBS NINE HEARTS QUEEN,0.3612,0.0102,0.6286
DIAMONDS ACE DIAMONDS FOUR,0.2702,0.0194,0.7104
DIAMONDS THREE CLUBS TEN,0.4398,0.0298,0.5304
SPADES TEN DIAMONDS SIX,0.4042,0.0288,0.567
DIAMONDS ACE HEARTS JACK,0.3594,0.0046,0.636
SPADES NINE SPADES SIX,0.3534,0.0376,0.609
SPADES JACK HEARTS ACE,0.3632,0.0066,0.6302
CLUBS EIGHT DIAMONDS SEVEN,0.2586,0.2752,0.4662
SPADES TEN SPADES FOUR,0.2856,0.072,0.6424
CLUBS SIX CLUBS TWO,0.5892,0.056,0.3548
CLUBS SIX HEARTS TEN,0.3882,0.0268,0.585
DIAMONDS NINE CLUBS ACE,0.38,0.0038,0.6162
SPADES QUEEN CLUBS EIGHT,0.2774,0.0448,0.6778
SPADES KING CLUBS QUEEN,0.377,0.007,0.616
DIAMONDS TWO HEARTS JACK,0.4242,0.017,0.5588
SPADES SIX DIAMONDS SEVEN,0.5362,0.0644,0.3994
HEARTS TWO DIAMONDS EIGHT,0.312,0.4768,0.2112
HEARTS TWO HEARTS QUEEN,0.3978,0.0124,0.5898
SPADES JACK SPADES THREE,0.414,0.019,0.567
SPADES TEN CLUBS ACE,0.372,0.0048,0.6232
CLUBS JACK CLUBS THREE,0.4058,0.02,0.5742
CLUBS TEN SPADES JACK,0.364,0.0134,0.6226
HEARTS SIX DIAMONDS NINE,0.3868,0.0462,0.567
HEARTS FIVE SPADES JACK,0.397,0.0178,0.5852
SPADES KING CLUBS SIX,0.3988,0.007,0.5942
SPADES JACK CLUBS TWO,0.4326,0.0166,0.5508
SPADES TEN CLUBS KING,0.3804,0.0058,0.6138
CLUBS ACE CLUBS QUEEN,0.3536,0.0038,0.6426
SPADES FOUR DIAMONDS NINE,0.3012,0.098,0.6008
HEARTS ACE CLUBS QUEEN,0.3598,0.004,0.6362
SPADES KING SPADES SEVEN,0.3748,0.0072,0.618
DIAMONDS TWO SPADES FOUR,0.6262,0.128,0.2458
SPADES NINE DIAMONDS SIX,0.3788,0.0398,0.5814
CLUBS SEVEN HEARTS TEN,0.372,0.024,0.604
CLUBS FOUR DIAMONDS SIX,0.6202,0.1344,0.2454
DIAMONDS QUEEN HEARTS TEN,0.3398,0.0116,0.6486
SPADES ACE DIAMONDS SEVEN,0.4034,0.0036,0.593
SPADES FIVE HEARTS TEN,0.381,0.0332,0.5858
HEARTS SEVEN SPADES EIGHT,0.242,0.2804,0.4776
CLUBS EIGHT DIAMONDS QUEEN,0.2968,0.0402,0.663
CLUBS EIGHT SPADES TEN,0.2912,0.074,0.6348
DIAMONDS JACK CLUBS ACE,0.3726,0.004,0.6234
SPADES KING DIAMONDS FOUR,0.3072,0.0294,0.6634
DIAMONDS QUEEN HEARTS KING,0.3642,0.0074,0.6284
CLUBS FIVE HEARTS KING,0.3896,0.0066,0.6038
DIAMONDS JACK CLUBS TWO,0.446,0.0198,0.5342
CLUBS EIGHT CLUBS ACE,0.2696,0.0238,0.7066
HEARTS SIX CLUBS EIGHT,0.2526,0.3542,0.3932
SPADES QUEEN CLUBS THREE,0.442,0.013,0.545
HEARTS SIX SPADES TWO,0.6088,0.0744,0.3168
CLUBS TEN DIAMONDS SEVEN,0.3952,0.025,0.5798
CLUBS FOUR DIAMONDS NINE,0.288,0.1026,0.6094
CLUBS SIX DIAMONDS ACE,0.4112,0.0048,0.584
SPADES SIX HEARTS TEN,0.3676,0.0304,0.602
SPADES TWO DIAMONDS SEVEN,0.6232,0.0624,0.3144
DIAMONDS QUEEN DIAMONDS EIGHT,0.2734,0.0402,0.6864
CLUBS NINE CLUBS SIX,0.3682,0.0372,0.5946
SPADES KING SPADES FOUR,0.2806,0.0316,0.6878
CLUBS FOUR SPADES SIX,0.6142,0.1384,0.2474
DIAMONDS QUEEN SPADES FOUR,0.309,0.04,0.651
CLUBS SEVEN CLUBS KING,0.38,0.0074,0.6126
DIAMONDS ACE SPADES SIX,0.404,0.0048,0.5912
SPADES TWO CLUBS ACE,0.4368,0.0044,0.5588
HEARTS KING DIAMONDS FOUR,0.2778,0.0346,0.6876
CLUBS SIX SPADES TWO,0.607,0.068,0.325
CLUBS JACK CLUBS EIGHT,0.266,0.0534,0.6806
CLUBS JACK DIAMONDS TEN,0.351,0.0132,0.6358
SPADES JACK DIAMONDS QUEEN,0.3674,0.0108,0.6218
DIAMONDS TEN DIAMONDS NINE,0.3314,0.0256,0.643
HEARTS SIX SPADES TEN,0.3886,0.0298,0.5816
HEARTS THREE CLUBS FOUR,0.5984,0.1444,0.2572
DIAMONDS JACK DIAMONDS SEVEN,0.3808,0.0178,0.6014
SPADES FOUR DIAMONDS FOUR,0.3168,0.0668,0.6164
CLUBS JACK SPADES NINE,0.3636,0.0154,0.621
SPADES SIX CLUBS KING,0.3976,0.0074,0.595
SPADES ACE SPADES QUEEN,0.36,0.0052,0.6348
CLUBS EIGHT CLUBS TWO,0.3104,0.4476,0.242
CLUBS SIX SPADES FIVE,0.552,0.0594,0.3886
CLUBS EIGHT DIAMONDS FIVE,0.2634,0.4286,0.308
HEARTS TWO SPADES THREE,0.6168,0.0688,0.3144
CLUBS TEN DIAMONDS TEN,0.19,0.0464,0.7636
HEARTS KING DIAMONDS SIX,0.3878,0.0098,0.6024
SPADES FOUR HEARTS QUEEN,0.2822,0.0428,0.675
CLUBS KING HEARTS TEN,0.3576,0.0086,0.6338
SPADES ACE SPADES SIX,0.387,0.0056,0.6074
CLUBS TEN HEARTS ACE,0.3646,0.0056,0.6298
CLUBS SIX CLUBS FIVE,0.51,0.0574,0.4326
DIAMONDS NINE SPADES THREE,0.4464,0.041,0.5126
CLUBS NINE CLUBS EIGHT,0.2534,0.098,0.6486
CLUBS FIVE DIAMONDS SIX,0.5414,0.06,0.3986
SPADES SIX HEARTS KING,0.3926,0.0094,0.598
SPADES KING DIAMONDS JACK,0.3752,0.0062,0.6186
SPADES TEN DIAMONDS SEVEN,0.3976,0.023,0.5794
SPADES TEN SPADES NINE,0.3382,0.0204,0.6414
DIAMONDS THREE SPADES EIGHT,0.318,0.4778,0.2042
DIAMONDS ACE SPADES SEVEN,0.4032,0.0036,0.5932
SPADES ACE HEARTS TWO,0.4318,0.004,0.5642
SPADES JACK SPADES SEVEN,0.3828,0.0146,0.6026
CLUBS SEVEN HEARTS KING,0.4024,0.0052,0.5924
SPADES SEVEN DIAMONDS TEN,0.3882,0.0292,0.5826
CLUBS NINE HEARTS FIVE,0.383,0.038,0.579
DIAMONDS KING HEARTS TEN,0.3624,0.0072,0.6304
DIAMONDS ACE DIAMONDS QUEEN,0.3628,0.0062,0.631
CLUBS NINE CLUBS ACE,0.363,0.005,0.632
CLUBS JACK SPADES SEVEN,0.4086,0.0158,0.5756
SPADES SEVEN DIAMONDS FIVE,0.547,0.0668,0.3862
SPADES NINE DIAMONDS EIGHT,0.2728,0.105,0.6222
CLUBS NINE DIAMONDS SIX,0.3784,0.0396,0.582
SPADES ACE SPADES KING,0.3712,0.0058,0.623
SPADES THREE CLUBS ACE,0.4336,0.0046,0.5618
SPADES FIVE CLUBS KING,0.4134,0.0096,0.577
CLUBS SIX HEARTS QUEEN,0.3988,0.0092,0.592
SPADES TEN DIAMONDS FOUR,0.2978,0.0802,0.622
HEARTS SEVEN HEARTS NINE,0.3134,0.0408,0.6458
SPADES TEN DIAMONDS KING,0.3654,0.006,0.6286
SPADES TEN CLUBS FIVE,0.4124,0.026,0.5616
CLUBS EIGHT SPADES SIX,0.2538,0.3674,0.3788
SPADES THREE HEARTS QUEEN,0.4258,0.0118,0.5624
CLUBS FOUR HEARTS NINE,0.271,0.1062,0.6228
DIAMONDS NINE SPADES TWO,0.44,0.0466,0.5134
CLUBS SEVEN CLUBS FOUR,0.5846,0.1358,0.2796
CLUBS SIX DIAMONDS FOUR,0.6088,0.1396,0.2516
DIAMONDS EIGHT HEARTS TEN,0.2806,0.076,0.6434
CLUBS JACK SPADES TWO,0.442,0.0204,0.5376
SPADES NINE SPADES THREE,0.4086,0.0416,0.5498
DIAMONDS THREE DIAMONDS FOUR,0.5796,0.1376,0.2828
DIAMONDS ACE HEARTS TEN,0.367,0.0058,0.6272
DIAMONDS NINE DIAMONDS FIVE,0.359,0.038,0.603
SPADES NINE CLUBS KING,0.3806,0.0082,0.6112
CLUBS FOUR HEARTS QUEEN,0.2662,0.0408,0.693
DIAMONDS ACE CLUBS ACE,0.1846,0.0038,0.8116
CLUBS SIX SPADES FOUR,0.616,0.1402,0.2438
SPADES ACE CLUBS FIVE,0.3858,0.0062,0.608
SPADES NINE DIAMONDS ACE,0.3748,0.0044,0.6208
DIAMONDS THREE SPADES THREE,0.4062,0.106,0.4878
SPADES TEN CLUBS QUEEN,0.3698,0.0098,0.6204
HEARTS TWO SPADES FIVE,0.5926,0.0706,0.3368
DIAMONDS JACK SPADES FOUR,0.3024,0.0532,0.6444
SPADES ACE HEARTS TEN,0.3666,0.0058,0.6276
SPADES JACK CLUBS QUEEN,0.3822,0.0064,0.6114
CLUBS KING DIAMONDS FIVE,0.3976,0.0076,0.5948
DIAMONDS SIX HEARTS TEN,0.3842,0.0294,0.5864
SPADES NINE DIAMONDS FIVE,0.381,0.0422,0.5768
DIAMONDS NINE DIAMONDS EIGHT,0.2504,0.0922,0.6574
HEARTS QUEEN DIAMONDS FOUR,0.2778,0.0454,0.6768
CLUBS THREE DIAMONDS TEN,0.4408,0.024,0.5352
SPADES KING DIAMONDS KING,0.1884,0.0134,0.7982
SPADES JACK SPADES TEN,0.3404,0.0164,0.6432
SPADES JACK DIAMONDS TEN,0.3648,0.016,0.6192
HEARTS FIVE DIAMONDS SEVEN,0.543,0.0602,0.3968
SPADES SEVEN CLUBS ACE,0.3948,0.0044,0.6008
HEARTS SIX HEARTS NINE,0.3232,0.035,0.6418
CLUBS SEVEN SPADES FOUR,0.6216,0.1444,0.234
CLUBS JACK HEARTS TEN,0.3448,0.0156,0.6396
HEARTS TWO SPADES EIGHT,0.304,0.4864,0.2096
SPADES SEVEN CLUBS KING,0.4032,0.0062,0.5906
CLUBS SEVEN DIAMONDS KING,0.4034,0.008,0.5886
HEARTS TWO CLUBS FOUR,0.6022,0.149,0.2488
HEARTS SIX DIAMONDS QUEEN,0.4016,0.0106,0.5878
SPADES JACK CLUBS THREE,0.4524,0.0186,0.529
CLUBS SIX HEARTS KING,0.3878,0.0076,0.6046
SPADES ACE CLUBS NINE,0.367,0.0024,0.6306
SPADES KING SPADES QUEEN,0.3592,0.0054,0.6354
HEARTS SEVEN CLUBS SIX,0.534,0.0676,0.3984
SPADES FIVE SPADES FOUR,0.5604,0.1352,0.3044
CLUBS SIX DIAMONDS QUEEN,0.4116,0.0084,0.58
CLUBS SIX DIAMONDS JACK,0.4046,0.018,0.5774
CLUBS ACE CLUBS KING,0.3486,0.004,0.6474
CLUBS SEVEN HEARTS TWO,0.623,0.0628,0.3142
HEARTS JACK DIAMONDS FOUR,0.2804,0.0638,0.6558
HEARTS THREE DIAMONDS NINE,0.4092,0.0452,0.5456
SPADES NINE SPADES SEVEN,0.3696,0.0352,0.5952
DIAMONDS THREE HEARTS FIVE,0.5858,0.0682,0.346
DIAMONDS ACE DIAMONDS SEVEN,0.3638,0.0042,0.632
DIAMONDS ACE DIAMONDS FIVE,0.3672,0.0062,0.6266
DIAMONDS TWO DIAMONDS SIX,0.571,0.0616,0.3674
SPADES FIVE SPADES THREE,0.545,0.0636,0.3914
SPADES TWO DIAMONDS FIVE,0.5956,0.0654,0.339
HEARTS TWO CLUBS THREE,0.612,0.0686,0.3194
CLUBS EIGHT CLUBS FIVE,0.254,0.399,0.347
DIAMONDS KING CLUBS THREE,0.4328,0.0074,0.5598
HEARTS FIVE DIAMONDS FIVE,0.2968,0.0954,0.6078
SPADES TEN DIAMONDS FIVE,0.4056,0.0258,0.5686
HEARTS SEVEN SPADES QUEEN,0.4102,0.0116,0.5782
HEARTS SIX SPADES JACK,0.4024,0.022,0.5756
SPADES THREE DIAMONDS FIVE,0.57,0.072,0.358
DIAMONDS TWO SPADES QUEEN,0.433,0.0134,0.5536
SPADES NINE DIAMONDS JACK,0.3562,0.0184,0.6254
CLUBS EIGHT DIAMONDS KING,0.2852,0.0352,0.6796
HEARTS SEVEN DIAMONDS QUEEN,0.3942,0.0136,0.5922
DIAMONDS QUEEN DIAMONDS FIVE,0.3912,0.0142,0.5946
SPADES TEN DIAMONDS NINE,0.3614,0.026,0.6126
HEARTS TEN CLUBS QUEEN,0.3468,0.0114,0.6418
CLUBS TEN SPADES QUEEN,0.3786,0.0074,0.614
SPADES KING CLUBS FOUR,0.2886,0.029,0.6824
HEARTS ACE DIAMONDS SEVEN,0.3822,0.0046,0.6132
SPADES NINE CLUBS FIVE,0.387,0.0412,0.5718
DIAMONDS QUEEN HEARTS QUEEN,0.1772,0.0278,0.795
DIAMONDS ACE CLUBS FOUR,0.3022,0.0216,0.6762
DIAMONDS FIVE CLUBS QUEEN,0.3982,0.0098,0.592
SPADES ACE HEARTS SEVEN,0.3806,0.0072,0.6122
HEARTS SEVEN HEARTS SIX,0.5368,0.0672,0.396
CLUBS FOUR CLUBS ACE,0.279,0.0222,0.6988
CLUBS NINE HEARTS NINE,0.1802,0.0604,0.7594
CLUBS EIGHT SPADES NINE,0.27,0.1032,0.6268
CLUBS THREE DIAMONDS EIGHT,0.3124,0.4878,0.1998
SPADES TEN CLUBS THREE,0.4358,0.03,0.5342
HEARTS ACE HEARTS KING,0.3226,0.0078,0.6696
HEARTS THREE CLUBS FIVE,0.5874,0.0714,0.3412
DIAMONDS NINE HEARTS NINE,0.1928,0.0596,0.7476
HEARTS THREE SPADES SIX,0.5986,0.0656,0.3358
HEARTS KING HEARTS JACK,0.3114,0.0074,0.6812
HEARTS TWO DIAMONDS TEN,0.4408,0.0244,0.5348
DIAMONDS ACE SPADES TWO,0.4398,0.0046,0.5556
DIAMONDS TWO CLUBS SIX,0.6092,0.069,0.3218
CLUBS SEVEN HEARTS ACE,0.3836,0.004,0.6124
HEARTS ACE SPADES THREE,0.411,0.0064,0.5826
CLUBS FIVE HEARTS TEN,0.3896,0.0306,0.5798
CLUBS FOUR SPADES FIVE,0.586,0.1444,0.2696
HEARTS THREE CLUBS KING,0.4344,0.0084,0.5572
CLUBS NINE SPADES FIVE,0.3994,0.0396,0.561
CLUBS THREE DIAMONDS SIX,0.5954,0.0542,0.3504
SPADES ACE HEARTS NINE,0.3658,0.0066,0.6276
SPADES SEVEN SPADES FIVE,0.5248,0.0606,0.4146
HEARTS KING HEARTS NINE,0.3218,0.0086,0.6696
SPADES KING HEARTS SIX,0.3924,0.0106,0.597
SPADES EIGHT CLUBS TWO,0.3154,0.4812,0.2034
HEARTS SEVEN DIAMONDS TWO,0.618,0.0626,0.3194
SPADES FOUR SPADES THREE,0.5872,0.1322,0.2806
SPADES NINE DIAMONDS TEN,0.3548,0.023,0.6222
SPADES TWO HEARTS TEN,0.4166,0.0286,0.5548
DIAMONDS THREE CLUBS THREE,0.4002,0.095,0.5048
CLUBS SIX DIAMONDS EIGHT,0.255,0.354,0.391
SPADES QUEEN SPADES SEVEN,0.3854,0.0102,0.6044
HEARTS TWO SPADES SIX,0.6,0.0652,0.3348
SPADES TEN DIAMONDS JACK,0.3532,0.0172,0.6296
HEARTS SIX HEARTS QUEEN,0.3478,0.0142,0.638
DIAMONDS QUEEN DIAMONDS NINE,0.3572,0.0104,0.6324
CLUBS TEN CLUBS NINE,0.325,0.0186,0.6564
CLUBS FOUR HEARTS ACE,0.2704,0.022,0.7076
SPADES FIVE CLUBS ACE,0.4026,0.0052,0.5922
DIAMONDS THREE DIAMONDS FIVE,0.5442,0.0598,0.396
HEARTS FIVE DIAMONDS FOUR,0.5838,0.1408,0.2754
CLUBS FOUR SPADES TWO,0.6128,0.137,0.2502
SPADES QUEEN CLUBS QUEEN,0.1978,0.0262,0.776
SPADES KING HEARTS TEN,0.3642,0.0088,0.627
CLUBS JACK HEARTS THREE,0.4372,0.0182,0.5446
DIAMONDS FIVE DIAMONDS FOUR,0.5662,0.132,0.3018
SPADES QUEEN SPADES THREE,0.4142,0.0132,0.5726
CLUBS NINE SPADES EIGHT,0.266,0.094,0.64
SPADES JACK DIAMONDS NINE,0.3712,0.0118,0.617
CLUBS FIVE HEARTS ACE,0.3796,0.004,0.6164
DIAMONDS SIX CLUBS QUEEN,0.406,0.0134,0.5806
DIAMONDS THREE DIAMONDS SEVEN,0.5596,0.0684,0.372
SPADES SIX CLUBS QUEEN,0.4082,0.012,0.5798
CLUBS JACK DIAMONDS FIVE,0.4,0.0142,0.5858
SPADES QUEEN CLUBS ACE,0.3752,0.0048,0.62
CLUBS TWO DIAMONDS FOUR,0.622,0.1404,0.2376
SPADES EIGHT CLUBS KING,0.2926,0.0352,0.6722
DIAMONDS ACE HEARTS QUEEN,0.3624,0.0062,0.6314
DIAMONDS JACK DIAMONDS EIGHT,0.2692,0.057,0.6738
HEARTS FIVE CLUBS SIX,0.5388,0.0628,0.3984
SPADES QUEEN SPADES SIX,0.3792,0.0134,0.6074
SPADES SIX SPADES TWO,0.5828,0.0588,0.3584
DIAMONDS THREE DIAMONDS EIGHT,0.3,0.4558,0.2442
SPADES QUEEN CLUBS SEVEN,0.4072,0.0104,0.5824
DIAMONDS THREE SPADES TEN,0.437,0.029,0.534
HEARTS SIX DIAMONDS KING,0.3882,0.0092,0.6026
SPADES QUEEN SPADES TEN,0.349,0.0104,0.6406
CLUBS THREE HEARTS JACK,0.4264,0.0172,0.5564
SPADES KING SPADES THREE,0.4254,0.0084,0.5662
DIAMONDS TEN CLUBS ACE,0.3772,0.0038,0.619
SPADES JACK DIAMONDS ACE,0.3606,0.004,0.6354
CLUBS SEVEN CLUBS THREE,0.5612,0.063,0.3758
CLUBS FIVE DIAMONDS NINE,0.3934,0.0376,0.569
SPADES FIVE DIAMONDS FIVE,0.2936,0.0972,0.6092
CLUBS JACK CLUBS TEN,0.3414,0.0162,0.6424
SPADES FIVE HEARTS ACE,0.3696,0.0048,0.6256
CLUBS TEN DIAMONDS ACE,0.3698,0.0042,0.626
HEARTS FIVE DIAMONDS JACK,0.3786,0.0164,0.605
SPADES ACE DIAMONDS THREE,0.4362,0.005,0.5588
HEARTS TWO CLUBS KING,0.4418,0.01,0.5482
HEARTS FIVE CLUBS FIVE,0.2908,0.0958,0.6134
DIAMONDS QUEEN DIAMONDS JACK,0.345,0.0086,0.6464
SPADES SEVEN SPADES SIX,0.5062,0.0616,0.4322
CLUBS NINE SPADES SEVEN,0.36,0.0358,0.6042
SPADES FOUR DIAMONDS SEVEN,0.6328,0.133,0.2342
CLUBS EIGHT HEARTS THREE,0.31,0.4872,0.2028
CLUBS SEVEN CLUBS ACE,0.3692,0.006,0.6248
CLUBS FIVE CLUBS THREE,0.5488,0.0644,0.3868
CLUBS EIGHT SPADES TWO,0.3142,0.4932,0.1926
HEARTS SEVEN SPADES TEN,0.3786,0.0246,0.5968
SPADES SIX DIAMONDS FIVE,0.5532,0.0652,0.3816
CLUBS ACE DIAMONDS FIVE,0.3994,0.005,0.5956
CLUBS TEN CLUBS KING,0.3608,0.0074,0.6318
HEARTS SIX CLUBS SEVEN,0.529,0.065,0.406
SPADES QUEEN DIAMONDS ACE,0.371,0.0032,0.6258
HEARTS TWO DIAMONDS SIX,0.6142,0.0664,0.3194
CLUBS THREE SPADES FIVE,0.594,0.066,0.34
DIAMONDS JACK HEARTS NINE,0.344,0.0164,0.6396
CLUBS FOUR SPADES FOUR,0.3158,0.0778,0.6064
DIAMONDS TWO CLUBS NINE,0.436,0.0442,0.5198
SPADES THREE DIAMONDS SEVEN,0.6116,0.0576,0.3308
CLUBS TEN CLUBS TWO,0.4154,0.0266,0.558
HEARTS THREE CLUBS TWO,0.6244,0.0616,0.314
SPADES FIVE SPADES TWO,0.574,0.0636,0.3624
CLUBS TWO HEARTS NINE,0.4226,0.0424,0.535
SPADES KING SPADES TWO,0.4188,0.0086,0.5726
DIAMONDS ACE SPADES EIGHT,0.2756,0.0312,0.6932
CLUBS SEVEN HEARTS JACK,0.384,0.019,0.597
SPADES EIGHT DIAMONDS EIGHT,0.1354,0.0868,0.7778
DIAMONDS SIX CLUBS KING,0.399,0.0076,0.5934
CLUBS TEN CLUBS SEVEN,0.3612,0.0234,0.6154
HEARTS FIVE SPADES THREE,0.5738,0.066,0.3602
DIAMONDS TEN HEARTS ACE,0.3642,0.0056,0.6302
CLUBS NINE SPADES NINE,0.1986,0.0594,0.742
CLUBS NINE CLUBS QUEEN,0.3466,0.009,0.6444
HEARTS SEVEN HEARTS TEN,0.3492,0.026,0.6248
SPADES EIGHT CLUBS THREE,0.3216,0.4718,0.2066
HEARTS SIX DIAMONDS SEVEN,0.533,0.061,0.406
SPADES KING HEARTS TWO,0.4232,0.0086,0.5682
DIAMONDS TWO CLUBS TWO,0.399,0.1058,0.4952
SPADES TEN SPADES TWO,0.4052,0.0224,0.5724
CLUBS EIGHT SPADES FIVE,0.2612,0.4394,0.2994
CLUBS NINE DIAMONDS TEN,0.3614,0.024,0.6146
CLUBS JACK HEARTS SIX,0.4064,0.0148,0.5788
CLUBS TWO DIAMONDS TEN,0.452,0.0272,0.5208
SPADES SEVEN HEARTS NINE,0.3636,0.0402,0.5962
CLUBS SIX CLUBS QUEEN,0.371,0.0104,0.6186
SPADES NINE HEARTS TEN,0.3418,0.0212,0.637
DIAMONDS JACK DIAMONDS SIX,0.3784,0.0206,0.601
CLUBS THREE SPADES FOUR,0.6148,0.1392,0.246
DIAMONDS QUEEN SPADES THREE,0.4464,0.0144,0.5392
CLUBS SIX HEARTS NINE,0.3752,0.045,0.5798
SPADES JACK HEARTS TEN,0.3474,0.0174,0.6352
SPADES QUEEN CLUBS NINE,0.3736,0.0132,0.6132
CLUBS FOUR DIAMONDS JACK,0.2932,0.05,0.6568
HEARTS FIVE DIAMONDS KING,0.3748,0.009,0.6162
SPADES TEN HEARTS KING,0.3604,0.0086,0.631
SPADES FIVE DIAMONDS TEN,0.4174,0.0242,0.5584
CLUBS TEN SPADES SEVEN,0.3894,0.0212,0.5894
SPADES KING CLUBS SEVEN,0.4062,0.0064,0.5874
HEARTS FIVE SPADES SIX,0.556,0.0646,0.3794
HEARTS SIX HEARTS ACE,0.3474,0.0066,0.646
HEARTS JACK DIAMONDS SIX,0.3938,0.0186,0.5876
SPADES EIGHT DIAMONDS KING,0.2892,0.0332,0.6776
CLUBS EIGHT DIAMONDS FOUR,0.0756,0.902,0.0224
HEARTS THREE CLUBS SIX,0.5952,0.0712,0.3336
SPADES ACE SPADES TWO,0.3992,0.0058,0.595
SPADES TEN SPADES THREE,0.4192,0.026,0.5548
SPADES ACE CLUBS ACE,0.189,0.003,0.808
HEARTS SEVEN HEARTS ACE,0.3582,0.0058,0.636
HEARTS NINE DIAMONDS FOUR,0.2786,0.1042,0.6172
CLUBS EIGHT SPADES FOUR,0.0698,0.904,0.0262
SPADES THREE DIAMONDS SIX,0.597,0.0616,0.3414
CLUBS JACK HEARTS SEVEN,0.3876,0.0178,0.5946
HEARTS FIVE HEARTS NINE,0.3454,0.0454,0.6092
CLUBS TEN DIAMONDS KING,0.3842,0.006,0.6098
DIAMONDS KING HEARTS ACE,0.3804,0.0046,0.615
SPADES FOUR CLUBS KING,0.289,0.03,0.681
DIAMONDS ACE CLUBS FIVE,0.4014,0.0032,0.5954
SPADES THREE DIAMONDS EIGHT,0.3238,0.4682,0.208
HEARTS SEVEN HEARTS TWO,0.6172,0.065,0.3178
CLUBS EIGHT HEARTS KING,0.2778,0.0318,0.6904
DIAMONDS THREE CLUBS FIVE,0.5752,0.0652,0.3596
DIAMONDS THREE HEARTS TWO,0.6054,0.0718,0.3228
SPADES ACE CLUBS THREE,0.4242,0.0062,0.5696
DIAMONDS THREE HEARTS SIX,0.5956,0.062,0.3424
HEARTS THREE CLUBS QUEEN,0.4488,0.0148,0.5364
SPADES KING DIAMONDS TEN,0.3712,0.0072,0.6216
CLUBS FIVE DIAMONDS TEN,0.4134,0.0268,0.5598
SPADES SEVEN SPADES FOUR,0.5766,0.132,0.2914
DIAMONDS THREE CLUBS EIGHT,0.327,0.479,0.194
CLUBS TWO DIAMONDS FIVE,0.6006,0.068,0.3314
DIAMONDS NINE HEARTS QUEEN,0.3486,0.0118,0.6396
SPADES EIGHT SPADES FIVE,0.2422,0.4148,0.343
SPADES QUEEN CLUBS FOUR,0.2994,0.0444,0.6562
HEARTS SIX DIAMONDS TEN,0.3926,0.028,0.5794
DIAMONDS SEVEN DIAMONDS FIVE,0.5176,0.0582,0.4242
CLUBS THREE CLUBS KING,0.412,0.0078,0.5802
CLUBS TEN SPADES EIGHT,0.2824,0.0844,0.6332
HEARTS FIVE SPADES TWO,0.5856,0.0648,0.3496
SPADES ACE HEARTS JACK,0.362,0.005,0.633
CLUBS TEN SPADES TEN,0.2002,0.0364,0.7634
SPADES FOUR HEARTS ACE,0.2696,0.0196,0.7108
HEARTS TWO DIAMONDS SEVEN,0.606,0.0652,0.3288
CLUBS FIVE SPADES SEVEN,0.5632,0.0592,0.3776
SPADES QUEEN SPADES JACK,0.3538,0.0066,0.6396
HEARTS THREE CLUBS ACE,0.4206,0.0036,0.5758
CLUBS TEN DIAMONDS QUEEN,0.3584,0.0076,0.634
SPADES QUEEN HEARTS THREE,0.4238,0.0112,0.565
DIAMONDS ACE SPADES FOUR,0.3066,0.0174,0.676
DIAMONDS EIGHT DIAMONDS SEVEN,0.251,0.2542,0.4948
SPADES KING DIAMONDS TWO,0.4416,0.0098,0.5486
CLUBS TEN DIAMONDS FOUR,0.2936,0.0718,0.6346
SPADES JACK SPADES NINE,0.3422,0.0162,0.6416
DIAMONDS TWO HEARTS QUEEN,0.447,0.0134,0.5396
DIAMONDS TWO SPADES TEN,0.4464,0.027,0.5266
CLUBS JACK SPADES QUEEN,0.3806,0.0078,0.6116
SPADES ACE SPADES FIVE,0.3728,0.0044,0.6228
DIAMONDS QUEEN DIAMONDS FOUR,0.283,0.0394,0.6776
CLUBS EIGHT CLUBS THREE,0.297,0.459,0.244
SPADES FOUR SPADES TWO,0.583,0.1348,0.2822
DIAMONDS SEVEN CLUBS ACE,0.4092,0.003,0.5878
CLUBS JACK DIAMONDS NINE,0.368,0.0154,0.6166
DIAMONDS JACK HEARTS KING,0.3602,0.0076,0.6322
HEARTS SEVEN HEARTS THREE,0.609,0.0642,0.3268
SPADES ACE SPADES JACK,0.3582,0.0048,0.637
CLUBS TWO SPADES THREE,0.6056,0.0662,0.3282
SPADES JACK HEARTS NINE,0.3592,0.0198,0.621
SPADES QUEEN DIAMONDS QUEEN,0.1916,0.0262,0.7822
SPADES ACE CLUBS KING,0.3768,0.0042,0.619
CLUBS SEVEN DIAMONDS FOUR,0.6454,0.1238,0.2308
DIAMONDS KING SPADES FOUR,0.3046,0.0326,0.6628
CLUBS JACK DIAMONDS TWO,0.4378,0.0178,0.5444
SPADES KING CLUBS FIVE,0.4064,0.0098,0.5838
SPADES QUEEN HEARTS KING,0.353,0.007,0.64
DIAMONDS KING DIAMONDS EIGHT,0.2732,0.042,0.6848
SPADES FIVE DIAMONDS FOUR,0.5958,0.1378,0.2664
CLUBS FOUR HEARTS JACK,0.2874,0.0532,0.6594
DIAMONDS THREE CLUBS TWO,0.617,0.0644,0.3186
SPADES JACK SPADES EIGHT,0.2646,0.0586,0.6768
SPADES EIGHT HEARTS ACE,0.2586,0.0324,0.709
SPADES EIGHT DIAMONDS JACK,0.2786,0.0668,0.6546
SPADES QUEEN SPADES FIVE,0.3822,0.0142,0.6036
HEARTS QUEEN HEARTS NINE,0.3146,0.0132,0.6722
DIAMONDS ACE DIAMONDS JACK,0.356,0.0086,0.6354
SPADES SEVEN HEARTS JACK,0.3764,0.0204,0.6032
SPADES EIGHT DIAMONDS FOUR,0.0714,0.9066,0.022
SPADES FOUR DIAMONDS SIX,0.6208,0.1348,0.2444
DIAMONDS TWO CLUBS FIVE,0.5884,0.0722,0.3394
DIAMONDS JACK DIAMONDS TEN,0.342,0.012,0.646
CLUBS FOUR CLUBS THREE,0.5794,0.1432,0.2774
HEARTS FIVE SPADES NINE,0.3886,0.0406,0.5708
CLUBS TEN SPADES NINE,0.355,0.0214,0.6236
HEARTS TWO CLUBS TWO,0.4028,0.0976,0.4996
DIAMONDS SEVEN HEARTS TEN,0.3798,0.0264,0.5938
DIAMONDS EIGHT DIAMONDS FOUR,0.0714,0.8626,0.066
HEARTS FIVE HEARTS THREE,0.5798,0.0648,0.3554
CLUBS FOUR DIAMONDS SEVEN,0.6204,0.1418,0.2378
SPADES QUEEN CLUBS SIX,0.4092,0.0086,0.5822
CLUBS FIVE DIAMONDS QUEEN,0.3964,0.0088,0.5948
SPADES KING DIAMONDS ACE,0.3922,0.004,0.6038
CLUBS TEN HEARTS KING,0.3534,0.0106,0.636
DIAMONDS EIGHT CLUBS QUEEN,0.2924,0.0422,0.6654
HEARTS TWO HEARTS NINE,0.3806,0.0446,0.5748
SPADES ACE SPADES TEN,0.3512,0.0064,0.6424
HEARTS TWO HEARTS JACK,0.3956,0.0178,0.5866
DIAMONDS KING SPADES THREE,0.459,0.0056,0.5354
SPADES SIX DIAMONDS JACK,0.4012,0.0208,0.578
DIAMONDS TWO CLUBS KING,0.4446,0.0096,0.5458
DIAMONDS TEN SPADES THREE,0.453,0.0302,0.5168
DIAMONDS QUEEN SPADES TWO,0.4544,0.0114,0.5342
HEARTS FIVE DIAMONDS EIGHT,0.2382,0.4442,0.3176
CLUBS THREE DIAMONDS JACK,0.448,0.0178,0.5342
HEARTS THREE DIAMONDS TEN,0.4314,0.0286,0.54
SPADES EIGHT SPADES TWO,0.2964,0.4552,0.2484
DIAMONDS THREE DIAMONDS JACK,0.4302,0.0196,0.5502
HEARTS SIX SPADES SEVEN,0.5284,0.065,0.4066
SPADES FIVE DIAMONDS NINE,0.3974,0.0416,0.561
DIAMONDS KING DIAMONDS SEVEN,0.384,0.007,0.609
SPADES FIVE HEARTS NINE,0.3798,0.04,0.5802
CLUBS NINE SPADES TEN,0.347,0.0264,0.6266
HEARTS SIX CLUBS ACE,0.3946,0.0042,0.6012
SPADES EIGHT DIAMONDS QUEEN,0.2918,0.0432,0.665
HEARTS TWO DIAMONDS JACK,0.427,0.02,0.553
SPADES ACE DIAMONDS SIX,0.4138,0.0046,0.5816
CLUBS ACE HEARTS NINE,0.3654,0.005,0.6296
SPADES SEVEN DIAMONDS EIGHT,0.2618,0.2854,0.4528
CLUBS NINE DIAMONDS QUEEN,0.3768,0.0086,0.6146
CLUBS EIGHT SPADES THREE,0.3044,0.4868,0.2088
SPADES TEN SPADES SEVEN,0.371,0.026,0.603
HEARTS ACE DIAMONDS FOUR,0.2726,0.0226,0.7048
CLUBS FOUR DIAMONDS FIVE,0.593,0.1302,0.2768
SPADES ACE CLUBS TEN,0.3832,0.0042,0.6126
HEARTS ACE DIAMONDS EIGHT,0.263,0.0282,0.7088
HEARTS SIX DIAMONDS EIGHT,0.261,0.3532,0.3858
HEARTS KING CLUBS ACE,0.3622,0.0048,0.633
HEARTS FIVE HEARTS KING,0.328,0.0086,0.6634
CLUBS JACK HEARTS NINE,0.357,0.0166,0.6264
CLUBS TWO HEARTS ACE,0.4046,0.0062,0.5892
CLUBS SEVEN DIAMONDS SEVEN,0.2928,0.083,0.6242
HEARTS ACE HEARTS NINE,0.303,0.0058,0.6912
SPADES JACK HEARTS THREE,0.4274,0.0218,0.5508
CLUBS QUEEN DIAMONDS FOUR,0.3026,0.043,0.6544
DIAMONDS THREE HEARTS TEN,0.4328,0.0288,0.5384
CLUBS EIGHT SPADES SEVEN,0.2594,0.2814,0.4592
DIAMONDS TWO DIAMONDS KING,0.4132,0.0078,0.579
SPADES SEVEN DIAMONDS NINE,0.3696,0.039,0.5914
DIAMONDS JACK SPADES TWO,0.4318,0.0172,0.551
HEARTS THREE DIAMONDS FOUR,0.6122,0.1466,0.2412
CLUBS TEN HEARTS TWO,0.4302,0.0324,0.5374
SPADES ACE SPADES EIGHT,0.2608,0.0284,0.7108
SPADES QUEEN HEARTS JACK,0.3674,0.0118,0.6208
CLUBS JACK HEARTS TWO,0.427,0.0218,0.5512
SPADES KING DIAMONDS NINE,0.3754,0.006,0.6186
HEARTS FIVE DIAMONDS SIX,0.5464,0.0662,0.3874
CLUBS EIGHT HEARTS JACK,0.2858,0.058,0.6562
HEARTS TWO SPADES SEVEN,0.6126,0.063,0.3244
CLUBS SEVEN DIAMONDS EIGHT,0.2664,0.2698,0.4638
DIAMONDS TWO CLUBS QUEEN,0.4308,0.013,0.5562
HEARTS TWO SPADES TWO,0.4,0.1024,0.4976
DIAMONDS NINE DIAMONDS SEVEN,0.3654,0.0358,0.5988
HEARTS ACE SPADES TWO,0.4216,0.0086,0.5698
DIAMONDS TWO HEARTS NINE,0.4108,0.0432,0.546
SPADES JACK HEARTS TWO,0.4376,0.0208,0.5416
CLUBS FOUR CLUBS QUEEN,0.2786,0.0448,0.6766
DIAMONDS THREE HEARTS QUEEN,0.4272,0.0126,0.5602
CLUBS JACK SPADES FOUR,0.3076,0.052,0.6404
CLUBS SIX DIAMONDS SEVEN,0.5506,0.0578,0.3916
SPADES EIGHT DIAMONDS TEN,0.2902,0.0742,0.6356
