opposingHand,winningChance,drawChance,lostChance
HEARTS FOUR CLUBS QUEEN
HEARTS FIVE SPADES TEN,0.6014,0.0106,0.388
HEARTS FIVE SPADES JACK,0.6134,0.0126,0.374
SPADES FIVE CLUBS JACK,0.6086,0.0102,0.3812
CLUBS TEN SPADES FIVE,0.6052,0.0114,0.3834
CLUBS EIGHT CLUBS JACK,0.544,0.0116,0.4444
CLUBS TEN CLUBS EIGHT,0.5144,0.0126,0.473
CLUBS EIGHT CLUBS KING,0.3638,0.008,0.6282
SPADES FIVE CLUBS ACE,0.3408,0.0054,0.6538
SPADES FIVE CLUBS KING,0.3472,0.0088,0.644
CLUBS EIGHT CLUBS ACE,0.3552,0.0066,0.6382
DIAMONDS TWO DIAMONDS THREE,0.6,0.0136,0.3864
DIAMONDS TWO DIAMONDS FIVE,0.5706,0.0144,0.415
HEARTS FIVE SPADES KING,0.3586,0.0068,0.6346
DIAMONDS TWO DIAMONDS FOUR,0.661,0.0442,0.2948
HEARTS FIVE SPADES QUEEN,0.225,0.465,0.31
DIAMONDS TWO DIAMONDS SEVEN,0.6012,0.0146,0.3842
DIAMONDS TWO DIAMONDS SIX,0.5872,0.012,0.4008
SPADES ACE HEARTS FIVE,0.3364,0.0058,0.6578
DIAMONDS TWO DIAMONDS NINE,0.5932,0.0108,0.396
DIAMONDS TWO DIAMONDS EIGHT,0.589,0.014,0.397
DIAMONDS THREE DIAMONDS FOUR,0.636,0.047,0.317
CLUBS TWO SPADES FOUR,0.7058,0.0474,0.2468
DIAMONDS THREE DIAMONDS FIVE,0.5704,0.0138,0.4158
SPADES FIVE CLUBS TWO,0.6064,0.015,0.3786
CLUBS TWO SPADES TWO,0.4246,0.0354,0.54
CLUBS TWO SPADES THREE,0.654,0.0122,0.3338
DIAMONDS THREE DIAMONDS EIGHT,0.5868,0.0148,0.3984
SPADES EIGHT CLUBS TWO,0.6302,0.0124,0.3574
DIAMONDS THREE DIAMONDS NINE,0.6002,0.0112,0.3886
SPADES NINE CLUBS TWO,0.624,0.0154,0.3606
DIAMONDS THREE DIAMONDS SIX,0.5778,0.013,0.4092
SPADES SIX CLUBS TWO,0.6314,0.0132,0.3554
DIAMONDS THREE DIAMONDS SEVEN,0.5906,0.012,0.3974
SPADES SEVEN CLUBS TWO,0.644,0.0126,0.3434
CLUBS SIX CLUBS TWO,0.6032,0.0116,0.3852
CLUBS SEVEN CLUBS TWO,0.618,0.0126,0.3694
CLUBS FOUR CLUBS TWO,0.6718,0.0518,0.2764
CLUBS FIVE CLUBS TWO,0.594,0.0098,0.3962
CLUBS TEN CLUBS JACK,0.5196,0.0082,0.4722
DIAMONDS FOUR DIAMONDS SIX,0.6416,0.042,0.3164
DIAMONDS FOUR DIAMONDS SEVEN,0.6618,0.0422,0.296
CLUBS TEN CLUBS KING,0.3268,0.0096,0.6636
CLUBS TEN CLUBS ACE,0.334,0.0034,0.6626
CLUBS EIGHT CLUBS TWO,0.5996,0.0134,0.387
DIAMONDS FIVE DIAMONDS FOUR,0.63,0.0396,0.3304
CLUBS NINE CLUBS TWO,0.5932,0.01,0.3968
DIAMONDS NINE DIAMONDS FOUR,0.6714,0.0416,0.287
DIAMONDS EIGHT DIAMONDS FOUR,0.6616,0.0412,0.2972
CLUBS THREE CLUBS TWO,0.613,0.0184,0.3686
DIAMONDS NINE DIAMONDS FIVE,0.5446,0.0112,0.4442
DIAMONDS TWO CLUBS JACK,0.6354,0.0136,0.351
DIAMONDS EIGHT DIAMONDS FIVE,0.5412,0.0124,0.4464
CLUBS TEN DIAMONDS TWO,0.6304,0.0156,0.354
DIAMONDS FIVE DIAMONDS SEVEN,0.5392,0.0128,0.448
DIAMONDS FIVE DIAMONDS SIX,0.5374,0.0096,0.453
DIAMONDS TWO CLUBS ACE,0.38,0.0066,0.6134
DIAMONDS TWO CLUBS KING,0.3884,0.0074,0.6042
DIAMONDS EIGHT DIAMONDS SIX,0.5312,0.0102,0.4586
DIAMONDS NINE DIAMONDS SIX,0.5384,0.0108,0.4508
HEARTS ACE SPADES THREE,0.3748,0.0034,0.6218
SPADES THREE HEARTS KING,0.375,0.0078,0.6172
DIAMONDS SEVEN DIAMONDS SIX,0.5082,0.012,0.4798
HEARTS QUEEN SPADES THREE,0.2512,0.5232,0.2256
SPADES THREE HEARTS JACK,0.6292,0.012,0.3588
SPADES THREE HEARTS TEN,0.6268,0.0112,0.362
DIAMONDS EIGHT DIAMONDS SEVEN,0.527,0.0106,0.4624
DIAMONDS NINE DIAMONDS SEVEN,0.5238,0.0116,0.4646
DIAMONDS NINE DIAMONDS EIGHT,0.504,0.0126,0.4834
DIAMONDS KING HEARTS TEN,0.3364,0.0062,0.6574
HEARTS THREE HEARTS TEN,0.5888,0.0144,0.3968
SPADES JACK CLUBS SIX,0.6056,0.0092,0.3852
DIAMONDS KING HEARTS JACK,0.3412,0.0082,0.6506
HEARTS THREE HEARTS JACK,0.5912,0.0128,0.396
SPADES TEN CLUBS SIX,0.5886,0.0094,0.402
SPADES JACK SPADES FIVE,0.5698,0.0122,0.418
SPADES TEN SPADES FIVE,0.5516,0.011,0.4374
DIAMONDS KING HEARTS ACE,0.3092,0.0048,0.686
HEARTS THREE HEARTS ACE,0.3644,0.0042,0.6314
SPADES ACE CLUBS SIX,0.3636,0.0044,0.632
DIAMONDS KING HEARTS QUEEN,0.2216,0.03,0.7484
HEARTS THREE HEARTS QUEEN,0.2558,0.4978,0.2464
SPADES KING CLUBS SIX,0.3516,0.0082,0.6402
DIAMONDS KING HEARTS KING,0.1242,0.0052,0.8706
HEARTS THREE HEARTS KING,0.3648,0.009,0.6262
SPADES QUEEN CLUBS SIX,0.2368,0.3742,0.389
SPADES NINE HEARTS TEN,0.5332,0.0088,0.458
SPADES NINE HEARTS JACK,0.5536,0.009,0.4374
SPADES QUEEN SPADES FIVE,0.2102,0.4358,0.354
SPADES KING SPADES FIVE,0.3366,0.008,0.6554
SPADES ACE SPADES FIVE,0.3376,0.0032,0.6592
SPADES NINE HEARTS QUEEN,0.231,0.1624,0.6066
SPADES NINE HEARTS KING,0.3564,0.007,0.6366
SPADES NINE HEARTS ACE,0.3564,0.0062,0.6374
CLUBS TEN SPADES JACK,0.5438,0.0096,0.4466
CLUBS TEN SPADES TEN,0.2872,0.0142,0.6986
SPADES ACE CLUBS TEN,0.3382,0.0054,0.6564
SPADES KING CLUBS TEN,0.3434,0.007,0.6496
CLUBS TEN SPADES QUEEN,0.2312,0.1226,0.6462
SPADES FIVE HEARTS QUEEN,0.219,0.468,0.313
SPADES FIVE HEARTS KING,0.3466,0.0094,0.644
HEARTS ACE SPADES FIVE,0.3454,0.0052,0.6494
CLUBS EIGHT SPADES TEN,0.5576,0.0116,0.4308
HEARTS THREE SPADES JACK,0.6258,0.01,0.3642
SPADES JACK DIAMONDS KING,0.3478,0.0054,0.6468
SPADES TEN DIAMONDS KING,0.334,0.006,0.66
HEARTS THREE SPADES TEN,0.6308,0.012,0.3572
SPADES JACK CLUBS EIGHT,0.5648,0.0136,0.4216
CLUBS SIX HEARTS ACE,0.3646,0.006,0.6294
SPADES ACE CLUBS EIGHT,0.3572,0.0038,0.639
HEARTS FIVE CLUBS JACK,0.5998,0.013,0.3872
HEARTS FIVE CLUBS TEN,0.6084,0.0124,0.3792
CLUBS SIX HEARTS QUEEN,0.2178,0.3818,0.4004
SPADES QUEEN CLUBS EIGHT,0.226,0.225,0.549
CLUBS TEN SPADES THREE,0.6306,0.0102,0.3592
CLUBS SIX HEARTS KING,0.3708,0.008,0.6212
SPADES KING CLUBS EIGHT,0.373,0.0068,0.6202
SPADES THREE CLUBS JACK,0.639,0.0108,0.3502
DIAMONDS TWO HEARTS JACK,0.626,0.0122,0.3618
DIAMONDS TWO HEARTS TEN,0.6216,0.0154,0.363
SPADES THREE CLUBS KING,0.3802,0.0078,0.612
HEARTS FIVE CLUBS ACE,0.3376,0.005,0.6574
SPADES FIVE HEARTS TEN,0.5966,0.0114,0.392
SPADES THREE CLUBS ACE,0.3816,0.0054,0.613
HEARTS FIVE CLUBS KING,0.355,0.0096,0.6354
SPADES FIVE HEARTS JACK,0.6,0.0104,0.3896
HEARTS THREE CLUBS KING,0.3834,0.0096,0.607
DIAMONDS KING CLUBS KING,0.1424,0.0046,0.853
HEARTS FIVE HEARTS JACK,0.5666,0.0104,0.423
HEARTS FIVE HEARTS TEN,0.5652,0.012,0.4228
HEARTS THREE CLUBS ACE,0.3772,0.0068,0.616
DIAMONDS KING CLUBS ACE,0.3304,0.0056,0.664
HEARTS THREE CLUBS JACK,0.6504,0.014,0.3356
DIAMONDS KING CLUBS JACK,0.3356,0.009,0.6554
CLUBS TEN HEARTS THREE,0.6324,0.0148,0.3528
CLUBS TEN DIAMONDS KING,0.3412,0.0062,0.6526
CLUBS SIX CLUBS KING,0.3374,0.008,0.6546
CLUBS SIX CLUBS ACE,0.3414,0.0054,0.6532
HEARTS FIVE HEARTS KING,0.3382,0.0082,0.6536
HEARTS FIVE HEARTS QUEEN,0.2088,0.4478,0.3434
CLUBS TEN CLUBS SIX,0.5678,0.0114,0.4208
HEARTS FIVE HEARTS ACE,0.3282,0.0046,0.6672
CLUBS SIX CLUBS JACK,0.59,0.0106,0.3994
SPADES SEVEN HEARTS JACK,0.5758,0.0122,0.412
SPADES SEVEN HEARTS TEN,0.5598,0.0124,0.4278
DIAMONDS TWO CLUBS TWO,0.4402,0.0394,0.5204
DIAMONDS TWO CLUBS THREE,0.6454,0.0178,0.3368
DIAMONDS TWO HEARTS SIX,0.6252,0.0122,0.3626
DIAMONDS TWO HEARTS QUEEN,0.2682,0.5148,0.217
HEARTS SEVEN DIAMONDS TWO,0.6382,0.0142,0.3476
DIAMONDS TWO HEARTS KING,0.3842,0.0082,0.6076
DIAMONDS TWO HEARTS EIGHT,0.6114,0.0114,0.3772
DIAMONDS TWO HEARTS ACE,0.3716,0.006,0.6224
DIAMONDS TWO HEARTS NINE,0.6188,0.011,0.3702
DIAMONDS TWO DIAMONDS QUEEN,0.254,0.4812,0.2648
DIAMONDS TWO HEARTS TWO,0.4318,0.0356,0.5326
DIAMONDS TWO DIAMONDS KING,0.3632,0.0088,0.628
HEARTS THREE DIAMONDS TWO,0.6528,0.0126,0.3346
DIAMONDS TWO DIAMONDS ACE,0.3632,0.0038,0.633
HEARTS FIVE DIAMONDS TWO,0.605,0.015,0.38
SPADES SEVEN HEARTS ACE,0.348,0.003,0.649
DIAMONDS TWO DIAMONDS TEN,0.5906,0.014,0.3954
SPADES SEVEN HEARTS KING,0.363,0.006,0.631
DIAMONDS TWO DIAMONDS JACK,0.5888,0.0104,0.4008
SPADES SEVEN HEARTS QUEEN,0.2224,0.3142,0.4634
DIAMONDS TWO SPADES NINE,0.6288,0.0134,0.3578
DIAMONDS TWO SPADES EIGHT,0.6174,0.0138,0.3688
DIAMONDS TWO SPADES SEVEN,0.646,0.0114,0.3426
DIAMONDS TWO SPADES SIX,0.6148,0.0126,0.3726
DIAMONDS TWO SPADES FIVE,0.6084,0.0148,0.3768
DIAMONDS TWO SPADES FOUR,0.6964,0.044,0.2596
DIAMONDS TWO SPADES THREE,0.6422,0.0134,0.3444
DIAMONDS TWO SPADES TWO,0.4284,0.0334,0.5382
CLUBS NINE DIAMONDS TWO,0.6304,0.0164,0.3532
DIAMONDS TWO CLUBS EIGHT,0.6418,0.0138,0.3444
CLUBS SEVEN DIAMONDS TWO,0.6432,0.012,0.3448
DIAMONDS TWO CLUBS SIX,0.63,0.0142,0.3558
DIAMONDS TWO CLUBS FIVE,0.605,0.0136,0.3814
DIAMONDS TWO CLUBS FOUR,0.7018,0.0458,0.2524
CLUBS FOUR SPADES FIVE,0.68,0.041,0.279
CLUBS FOUR SPADES FOUR,0.2942,0.037,0.6688
CLUBS FOUR SPADES THREE,0.6872,0.0458,0.267
CLUBS FOUR SPADES TWO,0.706,0.0456,0.2484
SPADES NINE CLUBS FOUR,0.7186,0.0474,0.234
SPADES EIGHT CLUBS FOUR,0.7084,0.0446,0.247
SPADES SEVEN CLUBS FOUR,0.6948,0.043,0.2622
CLUBS FOUR SPADES SIX,0.6878,0.042,0.2702
SPADES ACE DIAMONDS SIX,0.375,0.0048,0.6202
SPADES QUEEN DIAMONDS SIX,0.2214,0.3768,0.4018
SPADES KING DIAMONDS SIX,0.3662,0.0066,0.6272
SPADES TEN DIAMONDS SIX,0.5902,0.01,0.3998
SPADES JACK DIAMONDS SIX,0.5958,0.0094,0.3948
SPADES QUEEN SPADES TWO,0.2522,0.4864,0.2614
SPADES KING SPADES TWO,0.3676,0.0066,0.6258
SPADES ACE SPADES TWO,0.3526,0.0048,0.6426
DIAMONDS JACK CLUBS JACK,0.2736,0.0108,0.7156
CLUBS TEN DIAMONDS JACK,0.5514,0.0076,0.441
DIAMONDS JACK CLUBS KING,0.3334,0.006,0.6606
DIAMONDS THREE DIAMONDS JACK,0.5898,0.0118,0.3984
DIAMONDS THREE DIAMONDS TEN,0.5808,0.0136,0.4056
DIAMONDS JACK CLUBS ACE,0.3392,0.0038,0.657
DIAMONDS THREE DIAMONDS KING,0.3704,0.0088,0.6208
HEARTS THREE DIAMONDS THREE,0.4276,0.0324,0.54
DIAMONDS THREE DIAMONDS QUEEN,0.2444,0.4774,0.2782
DIAMONDS THREE HEARTS TWO,0.6456,0.0178,0.3366
HEARTS FIVE DIAMONDS THREE,0.608,0.0132,0.3788
DIAMONDS THREE DIAMONDS ACE,0.3488,0.0068,0.6444
HEARTS SEVEN DIAMONDS THREE,0.6176,0.0132,0.3692
SPADES TEN SPADES NINE,0.5002,0.0092,0.4906
HEARTS SIX DIAMONDS THREE,0.602,0.0156,0.3824
SPADES JACK SPADES NINE,0.5152,0.0116,0.4732
DIAMONDS THREE HEARTS NINE,0.6314,0.016,0.3526
HEARTS JACK DIAMONDS FOUR,0.71,0.0542,0.2358
HEARTS ACE HEARTS KING,0.3048,0.0072,0.688
SPADES TEN SPADES TWO,0.573,0.012,0.415
DIAMONDS THREE HEARTS EIGHT,0.627,0.0162,0.3568
HEARTS TEN DIAMONDS FOUR,0.7046,0.047,0.2484
SPADES JACK SPADES TWO,0.5964,0.0122,0.3914
HEARTS QUEEN DIAMONDS FOUR,0.0106,0.9694,0.02
HEARTS KING DIAMONDS FOUR,0.2208,0.0402,0.739
SPADES ACE SPADES NINE,0.3338,0.005,0.6612
HEARTS ACE DIAMONDS FOUR,0.2284,0.0266,0.745
SPADES KING SPADES NINE,0.328,0.0082,0.6638
SPADES QUEEN SPADES NINE,0.2294,0.1582,0.6124
DIAMONDS THREE SPADES NINE,0.6226,0.013,0.3644
DIAMONDS THREE SPADES EIGHT,0.6388,0.014,0.3472
DIAMONDS THREE SPADES SEVEN,0.616,0.0144,0.3696
DIAMONDS THREE SPADES SIX,0.6206,0.0136,0.3658
DIAMONDS THREE CLUBS SIX,0.629,0.014,0.357
CLUBS FIVE CLUBS SIX,0.55,0.0136,0.4364
CLUBS ACE DIAMONDS FOUR,0.2226,0.0238,0.7536
CLUBS SEVEN DIAMONDS THREE,0.6236,0.0134,0.363
CLUBS SEVEN CLUBS FIVE,0.5444,0.0132,0.4424
DIAMONDS THREE CLUBS FOUR,0.6806,0.0488,0.2706
DIAMONDS THREE CLUBS FIVE,0.6104,0.0134,0.3762
DIAMONDS FOUR CLUBS KING,0.2338,0.0404,0.7258
DIAMONDS THREE CLUBS TWO,0.648,0.0138,0.3382
CLUBS TEN DIAMONDS FOUR,0.715,0.0472,0.2378
DIAMONDS THREE CLUBS THREE,0.4304,0.0332,0.5364
DIAMONDS FOUR CLUBS JACK,0.7304,0.0438,0.2258
DIAMONDS THREE SPADES FOUR,0.6788,0.0506,0.2706
DIAMONDS THREE SPADES FIVE,0.5932,0.0134,0.3934
DIAMONDS THREE SPADES TWO,0.6512,0.0164,0.3324
DIAMONDS THREE SPADES THREE,0.424,0.03,0.546
CLUBS EIGHT DIAMONDS THREE,0.6342,0.013,0.3528
CLUBS NINE DIAMONDS THREE,0.6242,0.0128,0.363
SPADES SEVEN CLUBS ACE,0.3618,0.004,0.6342
SPADES SEVEN CLUBS KING,0.3662,0.0084,0.6254
CLUBS FIVE SPADES SEVEN,0.584,0.0116,0.4044
CLUBS TEN SPADES SEVEN,0.5942,0.0106,0.3952
CLUBS FIVE SPADES SIX,0.564,0.0126,0.4234
SPADES SEVEN CLUBS JACK,0.592,0.0122,0.3958
CLUBS FIVE SPADES NINE,0.58,0.0126,0.4074
CLUBS FIVE SPADES EIGHT,0.5802,0.0122,0.4076
CLUBS FIVE SPADES THREE,0.5956,0.0154,0.389
CLUBS FIVE SPADES TWO,0.615,0.0166,0.3684
CLUBS FIVE SPADES FIVE,0.3226,0.0306,0.6468
CLUBS FIVE SPADES FOUR,0.6678,0.0494,0.2828
CLUBS NINE CLUBS FIVE,0.552,0.0144,0.4336
CLUBS EIGHT CLUBS FIVE,0.5508,0.012,0.4372
DIAMONDS TEN DIAMONDS FOUR,0.6638,0.0462,0.29
CLUBS TEN DIAMONDS NINE,0.536,0.0122,0.4518
DIAMONDS JACK DIAMONDS FOUR,0.6684,0.0454,0.2862
DIAMONDS NINE CLUBS JACK,0.5544,0.0102,0.4354
SPADES NINE CLUBS JACK,0.566,0.0086,0.4254
CLUBS TEN SPADES NINE,0.546,0.0122,0.4418
DIAMONDS ACE DIAMONDS FOUR,0.2326,0.0232,0.7442
DIAMONDS JACK HEARTS TEN,0.5548,0.0096,0.4356
SPADES NINE CLUBS KING,0.3568,0.0062,0.637
DIAMONDS TWO SPADES TEN,0.6266,0.014,0.3594
DIAMONDS NINE CLUBS ACE,0.3488,0.0064,0.6448
HEARTS FIVE DIAMONDS FOUR,0.6628,0.0436,0.2936
DIAMONDS JACK HEARTS JACK,0.2786,0.0108,0.7106
DIAMONDS TWO SPADES JACK,0.625,0.0126,0.3624
DIAMONDS QUEEN DIAMONDS FOUR,0.023,0.9102,0.0668
HEARTS TWO DIAMONDS FOUR,0.6978,0.046,0.2562
DIAMONDS KING DIAMONDS FOUR,0.2156,0.0376,0.7468
HEARTS THREE DIAMONDS FOUR,0.6702,0.0536,0.2762
SPADES NINE CLUBS ACE,0.3588,0.006,0.6352
DIAMONDS NINE CLUBS KING,0.3502,0.0066,0.6432
HEARTS ACE DIAMONDS JACK,0.338,0.0042,0.6578
SPADES ACE DIAMONDS TWO,0.3832,0.0032,0.6136
HEARTS QUEEN DIAMONDS JACK,0.2328,0.0916,0.6756
SPADES QUEEN DIAMONDS TWO,0.2644,0.5196,0.216
DIAMONDS JACK HEARTS KING,0.3332,0.0064,0.6604
SPADES KING DIAMONDS TWO,0.39,0.0076,0.6024
SPADES JACK SPADES SEVEN,0.5394,0.0076,0.453
SPADES TEN SPADES SEVEN,0.5348,0.0116,0.4536
CLUBS SEVEN CLUBS THREE,0.6092,0.0136,0.3772
CLUBS SIX CLUBS THREE,0.5942,0.0142,0.3916
CLUBS FIVE CLUBS THREE,0.566,0.0136,0.4204
CLUBS THREE CLUBS FOUR,0.6604,0.0436,0.296
CLUBS NINE CLUBS THREE,0.5972,0.0138,0.389
CLUBS EIGHT CLUBS THREE,0.605,0.0128,0.3822
CLUBS THREE SPADES FIVE,0.6038,0.0154,0.3808
CLUBS THREE SPADES FOUR,0.687,0.0474,0.2656
CLUBS THREE SPADES THREE,0.422,0.032,0.546
CLUBS THREE SPADES TWO,0.643,0.0156,0.3414
CLUBS THREE SPADES SIX,0.6114,0.0136,0.375
CLUBS THREE SPADES SEVEN,0.625,0.0132,0.3618
SPADES EIGHT CLUBS THREE,0.631,0.0116,0.3574
SPADES NINE CLUBS THREE,0.637,0.013,0.35
SPADES TWO DIAMONDS FOUR,0.6944,0.0458,0.2598
SPADES THREE DIAMONDS FOUR,0.6822,0.0488,0.269
SPADES FOUR DIAMONDS FOUR,0.2862,0.0296,0.6842
SPADES FIVE DIAMONDS FOUR,0.6626,0.0492,0.2882
SPADES SIX DIAMONDS FOUR,0.6768,0.0414,0.2818
SPADES SEVEN DIAMONDS FOUR,0.6872,0.0426,0.2702
SPADES EIGHT DIAMONDS FOUR,0.6914,0.0432,0.2654
SPADES NINE DIAMONDS FOUR,0.7074,0.046,0.2466
CLUBS FIVE DIAMONDS FOUR,0.6658,0.0438,0.2904
CLUBS FOUR DIAMONDS FOUR,0.3096,0.0304,0.66
CLUBS SEVEN DIAMONDS FOUR,0.6918,0.0416,0.2666
CLUBS SIX DIAMONDS FOUR,0.6886,0.0386,0.2728
CLUBS NINE DIAMONDS FOUR,0.7306,0.044,0.2254
CLUBS EIGHT DIAMONDS FOUR,0.7126,0.0414,0.246
HEARTS SEVEN DIAMONDS FOUR,0.6964,0.0402,0.2634
HEARTS SIX DIAMONDS FOUR,0.6692,0.0438,0.287
DIAMONDS FOUR HEARTS NINE,0.7062,0.045,0.2488
DIAMONDS FOUR HEARTS EIGHT,0.692,0.0414,0.2666
CLUBS THREE DIAMONDS FOUR,0.685,0.0482,0.2668
CLUBS TWO DIAMONDS FOUR,0.7116,0.0442,0.2442
DIAMONDS TEN DIAMONDS FIVE,0.5614,0.0134,0.4252
DIAMONDS JACK DIAMONDS FIVE,0.5576,0.0116,0.4308
DIAMONDS NINE HEARTS QUEEN,0.2272,0.1772,0.5956
DIAMONDS NINE HEARTS KING,0.3378,0.0066,0.6556
HEARTS ACE DIAMONDS NINE,0.358,0.005,0.637
DIAMONDS NINE HEARTS TEN,0.5306,0.0138,0.4556
DIAMONDS NINE HEARTS JACK,0.5374,0.0134,0.4492
CLUBS KING DIAMONDS SIX,0.347,0.007,0.646
CLUBS ACE DIAMONDS SIX,0.3574,0.0048,0.6378
SPADES KING DIAMONDS FOUR,0.2384,0.0356,0.726
SPADES ACE SPADES SEVEN,0.3358,0.003,0.6612
SPADES QUEEN DIAMONDS FOUR,0.0186,0.9586,0.0228
SPADES QUEEN SPADES SEVEN,0.2308,0.2828,0.4864
CLUBS JACK DIAMONDS SIX,0.6042,0.0124,0.3834
SPADES KING SPADES SEVEN,0.3516,0.006,0.6424
SPADES ACE DIAMONDS FOUR,0.244,0.0242,0.7318
CLUBS TEN DIAMONDS SIX,0.5786,0.0122,0.4092
CLUBS NINE CLUBS FOUR,0.6872,0.0416,0.2712
CLUBS EIGHT CLUBS FOUR,0.671,0.0426,0.2864
SPADES JACK DIAMONDS FOUR,0.721,0.0452,0.2338
SPADES TEN DIAMONDS FOUR,0.7078,0.05,0.2422
CLUBS FIVE CLUBS FOUR,0.635,0.045,0.32
CLUBS SEVEN CLUBS FOUR,0.656,0.0412,0.3028
CLUBS SIX CLUBS FOUR,0.6568,0.0404,0.3028
CLUBS SEVEN SPADES EIGHT,0.541,0.012,0.447
CLUBS SEVEN SPADES NINE,0.558,0.0126,0.4294
CLUBS SEVEN SPADES SIX,0.5716,0.0102,0.4182
CLUBS SEVEN SPADES SEVEN,0.3378,0.0224,0.6398
CLUBS SEVEN SPADES FIVE,0.5668,0.0134,0.4198
CLUBS SEVEN SPADES FOUR,0.6876,0.044,0.2684
CLUBS SEVEN SPADES THREE,0.645,0.015,0.34
CLUBS SEVEN SPADES TWO,0.6372,0.0134,0.3494
CLUBS NINE CLUBS SEVEN,0.5292,0.009,0.4618
CLUBS SEVEN CLUBS EIGHT,0.5378,0.0116,0.4506
HEARTS SIX DIAMONDS FIVE,0.5704,0.0142,0.4154
HEARTS SEVEN DIAMONDS FIVE,0.574,0.0114,0.4146
DIAMONDS FIVE HEARTS EIGHT,0.5754,0.011,0.4136
DIAMONDS FIVE HEARTS NINE,0.581,0.0148,0.4042
DIAMONDS QUEEN DIAMONDS FIVE,0.2036,0.4446,0.3518
HEARTS TWO DIAMONDS FIVE,0.6168,0.0142,0.369
HEARTS KING HEARTS EIGHT,0.3454,0.008,0.6466
DIAMONDS KING DIAMONDS FIVE,0.3516,0.007,0.6414
HEARTS THREE DIAMONDS FIVE,0.6016,0.0144,0.384
HEARTS QUEEN HEARTS EIGHT,0.2192,0.2078,0.573
DIAMONDS ACE DIAMONDS FIVE,0.32,0.0052,0.6748
HEARTS FIVE DIAMONDS FIVE,0.318,0.0322,0.6498
HEARTS ACE HEARTS EIGHT,0.3424,0.0042,0.6534
CLUBS FOUR DIAMONDS FIVE,0.6826,0.0426,0.2748
CLUBS FIVE DIAMONDS FIVE,0.3292,0.0318,0.639
CLUBS SIX DIAMONDS FIVE,0.555,0.0144,0.4306
CLUBS SEVEN DIAMONDS FIVE,0.5872,0.0102,0.4026
CLUBS TWO DIAMONDS FIVE,0.6172,0.0156,0.3672
CLUBS THREE DIAMONDS FIVE,0.6102,0.013,0.3768
SPADES THREE DIAMONDS FIVE,0.5962,0.0118,0.392
SPADES TWO DIAMONDS FIVE,0.6156,0.0108,0.3736
SPADES JACK DIAMONDS EIGHT,0.584,0.0138,0.4022
SPADES FIVE DIAMONDS FIVE,0.3214,0.03,0.6486
CLUBS TEN HEARTS JACK,0.5446,0.0088,0.4466
SPADES TEN DIAMONDS EIGHT,0.5532,0.0082,0.4386
SPADES FOUR DIAMONDS FIVE,0.6572,0.044,0.2988
HEARTS JACK CLUBS JACK,0.2738,0.0102,0.716
CLUBS NINE DIAMONDS FIVE,0.5886,0.0128,0.3986
HEARTS JACK CLUBS KING,0.3248,0.0068,0.6684
CLUBS EIGHT DIAMONDS FIVE,0.5828,0.0158,0.4014
CLUBS ACE HEARTS JACK,0.344,0.005,0.651
SPADES SEVEN DIAMONDS FIVE,0.5856,0.0112,0.4032
SPADES KING DIAMONDS EIGHT,0.3624,0.0056,0.632
SPADES QUEEN DIAMONDS EIGHT,0.2296,0.2298,0.5406
SPADES SIX DIAMONDS FIVE,0.5682,0.0132,0.4186
SPADES NINE DIAMONDS FIVE,0.5914,0.0102,0.3984
SPADES EIGHT DIAMONDS FIVE,0.5834,0.0132,0.4034
SPADES ACE DIAMONDS EIGHT,0.3574,0.0032,0.6394
DIAMONDS TEN DIAMONDS SIX,0.5338,0.0102,0.456
HEARTS ACE DIAMONDS SEVEN,0.358,0.0044,0.6376
DIAMONDS JACK DIAMONDS SIX,0.5682,0.0122,0.4196
HEARTS QUEEN DIAMONDS SEVEN,0.222,0.3056,0.4724
HEARTS KING DIAMONDS SEVEN,0.3604,0.008,0.6316
DIAMONDS ACE DIAMONDS SIX,0.3398,0.0038,0.6564
SPADES TWO HEARTS JACK,0.6316,0.0112,0.3572
HEARTS FIVE DIAMONDS SIX,0.5526,0.0176,0.4298
SPADES TWO HEARTS TEN,0.6366,0.0124,0.351
DIAMONDS QUEEN DIAMONDS SIX,0.2136,0.373,0.4134
HEARTS TWO DIAMONDS SIX,0.6292,0.015,0.3558
DIAMONDS KING DIAMONDS SIX,0.3288,0.0086,0.6626
HEARTS THREE DIAMONDS SIX,0.6172,0.0094,0.3734
HEARTS EIGHT DIAMONDS SIX,0.5652,0.0116,0.4232
HEARTS NINE DIAMONDS SIX,0.5734,0.0094,0.4172
HEARTS SIX DIAMONDS SIX,0.3262,0.0292,0.6446
HEARTS SEVEN DIAMONDS SIX,0.5506,0.0132,0.4362
HEARTS TEN DIAMONDS SEVEN,0.5596,0.0094,0.431
CLUBS TWO DIAMONDS SIX,0.619,0.0118,0.3692
HEARTS JACK DIAMONDS SEVEN,0.5892,0.0116,0.3992
CLUBS THREE DIAMONDS SIX,0.6144,0.016,0.3696
CLUBS SEVEN DIAMONDS SIX,0.5588,0.012,0.4292
DIAMONDS EIGHT CLUBS JACK,0.5604,0.012,0.4276
CLUBS SIX DIAMONDS SIX,0.3118,0.0266,0.6616
CLUBS TEN DIAMONDS EIGHT,0.568,0.011,0.421
CLUBS FIVE DIAMONDS SIX,0.5812,0.0106,0.4082
CLUBS FOUR DIAMONDS SIX,0.6778,0.0384,0.2838
HEARTS ACE HEARTS JACK,0.3204,0.0076,0.672
DIAMONDS EIGHT CLUBS ACE,0.3548,0.0038,0.6414
HEARTS QUEEN HEARTS JACK,0.223,0.0912,0.6858
DIAMONDS EIGHT CLUBS KING,0.3612,0.0082,0.6306
CLUBS NINE DIAMONDS SIX,0.5772,0.014,0.4088
HEARTS KING HEARTS JACK,0.3292,0.0064,0.6644
CLUBS EIGHT DIAMONDS SIX,0.5676,0.0106,0.4218
SPADES TEN HEARTS KING,0.3476,0.0058,0.6466
SPADES FIVE DIAMONDS SIX,0.5724,0.01,0.4176
HEARTS ACE SPADES TWO,0.3756,0.005,0.6194
SPADES JACK HEARTS KING,0.3364,0.0092,0.6544
SPADES FOUR DIAMONDS SIX,0.6826,0.0436,0.2738
SPADES THREE DIAMONDS SIX,0.6,0.0112,0.3888
HEARTS QUEEN SPADES TWO,0.2608,0.5164,0.2228
SPADES ACE SPADES KING,0.2976,0.0042,0.6982
HEARTS KING SPADES TWO,0.3924,0.011,0.5966
SPADES TWO DIAMONDS SIX,0.6306,0.0124,0.357
HEARTS TEN HEARTS EIGHT,0.5252,0.0116,0.4632
SPADES NINE DIAMONDS SIX,0.579,0.0088,0.4122
HEARTS JACK HEARTS EIGHT,0.5474,0.0072,0.4454
SPADES EIGHT DIAMONDS SIX,0.5578,0.0112,0.431
SPADES SEVEN DIAMONDS SIX,0.5584,0.0098,0.4318
SPADES SIX DIAMONDS SIX,0.3146,0.0296,0.6558
SPADES KING HEARTS KING,0.1338,0.0044,0.8618
SPADES QUEEN HEARTS KING,0.2304,0.0282,0.7414
CLUBS ACE CLUBS KING,0.2996,0.0062,0.6942
SPADES ACE HEARTS KING,0.3176,0.0056,0.6768
SPADES ACE HEARTS JACK,0.3298,0.004,0.6662
SPADES QUEEN HEARTS JACK,0.2294,0.092,0.6786
SPADES KING HEARTS JACK,0.3316,0.0092,0.6592
SPADES TEN DIAMONDS TEN,0.2942,0.0154,0.6904
SPADES JACK DIAMONDS TEN,0.541,0.0098,0.4492
SPADES ACE DIAMONDS TEN,0.3574,0.0036,0.639
SPADES JACK HEARTS JACK,0.275,0.0124,0.7126
SPADES TEN HEARTS JACK,0.5356,0.011,0.4534
SPADES QUEEN DIAMONDS TEN,0.237,0.119,0.644
SPADES KING DIAMONDS TEN,0.3362,0.0074,0.6564
SPADES NINE DIAMONDS SEVEN,0.5632,0.0112,0.4256
SPADES EIGHT DIAMONDS SEVEN,0.557,0.0088,0.4342
SPADES SEVEN DIAMONDS SEVEN,0.3084,0.023,0.6686
SPADES SIX DIAMONDS SEVEN,0.5624,0.0138,0.4238
DIAMONDS KING DIAMONDS SEVEN,0.3386,0.0046,0.6568
HEARTS THREE DIAMONDS SEVEN,0.6288,0.0122,0.359
HEARTS KING DIAMONDS FIVE,0.3626,0.009,0.6284
DIAMONDS QUEEN DIAMONDS SEVEN,0.2166,0.2872,0.4962
HEARTS TWO DIAMONDS SEVEN,0.6394,0.0128,0.3478
HEARTS QUEEN DIAMONDS FIVE,0.212,0.4642,0.3238
HEARTS FIVE DIAMONDS SEVEN,0.5684,0.0114,0.4202
DIAMONDS ACE DIAMONDS SEVEN,0.3374,0.0044,0.6582
HEARTS ACE DIAMONDS FIVE,0.3446,0.005,0.6504
HEARTS SEVEN DIAMONDS SEVEN,0.3022,0.0254,0.6724
HEARTS SIX DIAMONDS SEVEN,0.5664,0.0104,0.4232
DIAMONDS SEVEN HEARTS NINE,0.5468,0.013,0.4402
HEARTS EIGHT DIAMONDS SEVEN,0.544,0.0102,0.4458
DIAMONDS JACK DIAMONDS SEVEN,0.5452,0.0116,0.4432
DIAMONDS FIVE HEARTS JACK,0.5906,0.0138,0.3956
DIAMONDS TEN DIAMONDS SEVEN,0.531,0.0098,0.4592
HEARTS TEN DIAMONDS FIVE,0.585,0.0146,0.4004
SPADES KING CLUBS TWO,0.3934,0.008,0.5986
HEARTS KING CLUBS KING,0.1256,0.0056,0.8688
CLUBS EIGHT DIAMONDS SEVEN,0.575,0.0128,0.4122
SPADES QUEEN CLUBS TWO,0.2802,0.5158,0.204
CLUBS NINE DIAMONDS SEVEN,0.5576,0.011,0.4314
SPADES TWO CLUBS JACK,0.6256,0.0108,0.3636
SPADES ACE CLUBS TWO,0.3962,0.0054,0.5984
CLUBS TEN SPADES TWO,0.637,0.014,0.349
HEARTS KING CLUBS ACE,0.3078,0.0062,0.686
CLUBS SEVEN CLUBS SIX,0.542,0.0116,0.4464
SPADES TWO CLUBS KING,0.4,0.0102,0.5898
SPADES TWO DIAMONDS SEVEN,0.6404,0.0136,0.346
CLUBS EIGHT CLUBS SIX,0.5356,0.0122,0.4522
SPADES THREE DIAMONDS SEVEN,0.6142,0.0122,0.3736
CLUBS NINE CLUBS SIX,0.5582,0.0142,0.4276
SPADES FOUR DIAMONDS SEVEN,0.6868,0.0426,0.2706
HEARTS KING CLUBS JACK,0.3318,0.0082,0.66
SPADES FIVE DIAMONDS SEVEN,0.5664,0.013,0.4206
SPADES TWO CLUBS ACE,0.3764,0.0036,0.62
CLUBS TEN HEARTS KING,0.3328,0.0082,0.659
CLUBS SIX SPADES TWO,0.6304,0.016,0.3536
CLUBS SIX SPADES THREE,0.615,0.0172,0.3678
CLUBS TWO DIAMONDS SEVEN,0.6332,0.0126,0.3542
CLUBS SIX SPADES FOUR,0.6806,0.0478,0.2716
CLUBS THREE DIAMONDS SEVEN,0.6264,0.013,0.3606
CLUBS SIX SPADES FIVE,0.5634,0.0122,0.4244
CLUBS FOUR DIAMONDS SEVEN,0.7012,0.046,0.2528
CLUBS SIX SPADES SIX,0.3308,0.0228,0.6464
CLUBS FIVE DIAMONDS SEVEN,0.5802,0.0108,0.409
CLUBS SIX SPADES SEVEN,0.5618,0.0122,0.426
CLUBS SIX DIAMONDS SEVEN,0.5596,0.0156,0.4248
CLUBS SIX SPADES EIGHT,0.561,0.0116,0.4274
SPADES JACK CLUBS TWO,0.6356,0.0144,0.35
CLUBS SEVEN DIAMONDS SEVEN,0.3268,0.0222,0.651
SPADES NINE CLUBS SIX,0.5754,0.011,0.4136
SPADES TEN CLUBS TWO,0.6416,0.0128,0.3456
CLUBS TWO CLUBS KING,0.3724,0.0068,0.6208
CLUBS THREE DIAMONDS EIGHT,0.6424,0.0136,0.344
CLUBS TWO CLUBS ACE,0.3622,0.0056,0.6322
CLUBS TWO DIAMONDS EIGHT,0.6234,0.0138,0.3628
HEARTS SEVEN DIAMONDS EIGHT,0.5494,0.0122,0.4384
HEARTS SIX DIAMONDS EIGHT,0.5618,0.0102,0.428
DIAMONDS EIGHT HEARTS NINE,0.5384,0.0122,0.4494
CLUBS TEN CLUBS TWO,0.603,0.0124,0.3846
DIAMONDS EIGHT HEARTS EIGHT,0.3032,0.0226,0.6742
CLUBS TWO CLUBS JACK,0.61,0.0142,0.3758
CLUBS NINE DIAMONDS EIGHT,0.544,0.011,0.445
CLUBS EIGHT DIAMONDS EIGHT,0.3218,0.023,0.6552
CLUBS FIVE DIAMONDS EIGHT,0.572,0.0112,0.4168
SPADES ACE SPADES THREE,0.358,0.0076,0.6344
CLUBS FOUR DIAMONDS EIGHT,0.7104,0.0444,0.2452
CLUBS SEVEN DIAMONDS EIGHT,0.5546,0.0128,0.4326
SPADES QUEEN SPADES THREE,0.2564,0.4714,0.2722
CLUBS SIX DIAMONDS EIGHT,0.575,0.0108,0.4142
SPADES KING SPADES THREE,0.3622,0.008,0.6298
DIAMONDS QUEEN DIAMONDS EIGHT,0.2194,0.2142,0.5664
HEARTS TWO DIAMONDS EIGHT,0.6278,0.013,0.3592
DIAMONDS KING DIAMONDS EIGHT,0.3404,0.008,0.6516
HEARTS THREE DIAMONDS EIGHT,0.6402,0.0122,0.3476
DIAMONDS ACE DIAMONDS EIGHT,0.33,0.0052,0.6648
HEARTS FIVE DIAMONDS EIGHT,0.5748,0.012,0.4132
DIAMONDS EIGHT DIAMONDS TEN,0.5192,0.0098,0.471
DIAMONDS EIGHT DIAMONDS JACK,0.5526,0.0118,0.4356
SPADES JACK SPADES THREE,0.582,0.0112,0.4068
SPADES TEN SPADES THREE,0.5898,0.0102,0.4
CLUBS FOUR HEARTS ACE,0.2298,0.0244,0.7458
CLUBS FOUR HEARTS QUEEN,0.0092,0.9832,0.0076
CLUBS FOUR HEARTS KING,0.2292,0.0428,0.728
CLUBS SIX HEARTS TEN,0.5866,0.0138,0.3996
CLUBS SIX HEARTS JACK,0.5984,0.0108,0.3908
DIAMONDS EIGHT SPADES FOUR,0.6998,0.044,0.2562
SPADES FIVE DIAMONDS EIGHT,0.5786,0.0126,0.4088
DIAMONDS EIGHT SPADES TWO,0.6318,0.013,0.3552
DIAMONDS EIGHT SPADES THREE,0.6136,0.0148,0.3716
CLUBS FOUR HEARTS JACK,0.7248,0.0492,0.226
SPADES EIGHT DIAMONDS EIGHT,0.3174,0.0182,0.6644
SPADES TEN DIAMONDS QUEEN,0.24,0.1228,0.6372
SPADES TEN HEARTS TWO,0.6328,0.011,0.3562
SPADES JACK HEARTS EIGHT,0.572,0.0114,0.4166
CLUBS FOUR HEARTS TEN,0.7102,0.0534,0.2364
SPADES NINE DIAMONDS EIGHT,0.5428,0.0104,0.4468
SPADES TEN HEARTS EIGHT,0.5506,0.01,0.4394
SPADES JACK HEARTS TWO,0.636,0.0116,0.3524
SPADES JACK DIAMONDS QUEEN,0.2456,0.0908,0.6636
SPADES SIX DIAMONDS EIGHT,0.5534,0.0138,0.4328
SPADES SEVEN DIAMONDS EIGHT,0.5618,0.0124,0.4258
SPADES ACE HEARTS TWO,0.3792,0.0064,0.6144
SPADES ACE DIAMONDS QUEEN,0.232,0.0154,0.7526
SPADES ACE HEARTS EIGHT,0.3608,0.0042,0.635
SPADES KING HEARTS EIGHT,0.3608,0.0088,0.6304
SPADES QUEEN HEARTS TWO,0.2816,0.5132,0.2052
SPADES QUEEN DIAMONDS QUEEN,0.0888,0.0222,0.889
SPADES KING DIAMONDS QUEEN,0.2384,0.0248,0.7368
SPADES KING HEARTS TWO,0.3954,0.0088,0.5958
SPADES QUEEN HEARTS EIGHT,0.2218,0.2272,0.551
CLUBS TWO HEARTS TEN,0.6372,0.013,0.3498
CLUBS TWO HEARTS JACK,0.626,0.0142,0.3598
SPADES SEVEN DIAMONDS NINE,0.546,0.0102,0.4438
SPADES SIX DIAMONDS NINE,0.5696,0.0084,0.422
SPADES NINE DIAMONDS NINE,0.2946,0.018,0.6874
SPADES EIGHT DIAMONDS NINE,0.5366,0.0104,0.453
SPADES TEN CLUBS KING,0.3456,0.0062,0.6482
DIAMONDS NINE SPADES THREE,0.6158,0.0124,0.3718
SPADES JACK CLUBS KING,0.3398,0.0084,0.6518
DIAMONDS NINE SPADES TWO,0.6318,0.0114,0.3568
DIAMONDS NINE SPADES FIVE,0.5974,0.0108,0.3918
DIAMONDS NINE SPADES FOUR,0.7112,0.0416,0.2472
CLUBS NINE DIAMONDS NINE,0.306,0.0192,0.6748
CLUBS EIGHT DIAMONDS NINE,0.5398,0.0102,0.45
CLUBS SIX DIAMONDS NINE,0.5688,0.0142,0.417
SPADES JACK CLUBS FOUR,0.7238,0.044,0.2322
CLUBS SEVEN DIAMONDS NINE,0.5604,0.0116,0.428
SPADES TEN CLUBS FOUR,0.7326,0.0376,0.2298
CLUBS FOUR DIAMONDS NINE,0.7284,0.0394,0.2322
CLUBS FIVE DIAMONDS NINE,0.5908,0.0122,0.397
DIAMONDS NINE CLUBS TWO,0.6156,0.0142,0.3702
CLUBS THREE DIAMONDS NINE,0.6296,0.0126,0.3578
DIAMONDS NINE HEARTS EIGHT,0.5356,0.0116,0.4528
DIAMONDS NINE HEARTS NINE,0.3002,0.0164,0.6834
HEARTS SIX DIAMONDS NINE,0.5626,0.0104,0.427
HEARTS SEVEN DIAMONDS NINE,0.5508,0.0094,0.4398
CLUBS NINE CLUBS EIGHT,0.5234,0.0108,0.4658
DIAMONDS ACE DIAMONDS NINE,0.3424,0.0036,0.654
HEARTS FIVE DIAMONDS NINE,0.575,0.0128,0.4122
HEARTS ACE CLUBS TWO,0.3824,0.0054,0.6122
SPADES ACE CLUBS FOUR,0.2264,0.0282,0.7454
DIAMONDS QUEEN DIAMONDS NINE,0.2208,0.1508,0.6284
HEARTS TWO DIAMONDS NINE,0.6266,0.0128,0.3606
CLUBS TWO HEARTS KING,0.3886,0.0094,0.602
SPADES KING CLUBS FOUR,0.2272,0.0386,0.7342
DIAMONDS KING DIAMONDS NINE,0.3352,0.0054,0.6594
HEARTS THREE DIAMONDS NINE,0.624,0.0128,0.3632
CLUBS TWO HEARTS QUEEN,0.2648,0.5162,0.219
SPADES QUEEN CLUBS FOUR,0.0206,0.9702,0.0092
DIAMONDS NINE DIAMONDS JACK,0.516,0.0118,0.4722
CLUBS EIGHT SPADES NINE,0.557,0.0124,0.4306
DIAMONDS NINE DIAMONDS TEN,0.5146,0.0118,0.4736
CLUBS EIGHT SPADES EIGHT,0.3166,0.0214,0.662
CLUBS EIGHT SPADES SEVEN,0.5548,0.0106,0.4346
CLUBS EIGHT SPADES SIX,0.5702,0.0116,0.4182
CLUBS EIGHT SPADES FIVE,0.5824,0.0114,0.4062
CLUBS EIGHT SPADES FOUR,0.7026,0.0426,0.2548
CLUBS EIGHT SPADES THREE,0.6292,0.0142,0.3566
CLUBS EIGHT SPADES TWO,0.6236,0.016,0.3604
HEARTS SIX DIAMONDS TEN,0.591,0.0084,0.4006
HEARTS SEVEN DIAMONDS TEN,0.5822,0.012,0.4058
DIAMONDS TEN HEARTS EIGHT,0.5544,0.0138,0.4318
CLUBS FOUR CLUBS JACK,0.675,0.0472,0.2778
DIAMONDS TEN HEARTS NINE,0.5394,0.0124,0.4482
CLUBS TEN CLUBS FOUR,0.6858,0.0438,0.2704
CLUBS FOUR CLUBS KING,0.2258,0.0346,0.7396
CLUBS TWO DIAMONDS TEN,0.6414,0.0132,0.3454
CLUBS THREE DIAMONDS TEN,0.64,0.012,0.348
CLUBS FOUR CLUBS ACE,0.2342,0.026,0.7398
DIAMONDS JACK DIAMONDS TEN,0.5122,0.0086,0.4792
DIAMONDS QUEEN DIAMONDS TEN,0.2294,0.1028,0.6678
HEARTS TWO DIAMONDS TEN,0.631,0.0124,0.3566
DIAMONDS KING DIAMONDS TEN,0.3126,0.0078,0.6796
HEARTS THREE DIAMONDS TEN,0.6276,0.0144,0.358
DIAMONDS ACE DIAMONDS TEN,0.3252,0.0026,0.6722
CLUBS EIGHT HEARTS JACK,0.569,0.0098,0.4212
HEARTS FIVE DIAMONDS TEN,0.5884,0.013,0.3986
CLUBS EIGHT HEARTS TEN,0.5592,0.0142,0.4266
CLUBS EIGHT HEARTS QUEEN,0.2258,0.2246,0.5496
CLUBS EIGHT HEARTS KING,0.3612,0.0074,0.6314
CLUBS EIGHT HEARTS ACE,0.367,0.0062,0.6268
CLUBS NINE SPADES THREE,0.6332,0.0114,0.3554
CLUBS NINE SPADES TWO,0.6352,0.0122,0.3526
CLUBS NINE SPADES FIVE,0.5906,0.013,0.3964
CLUBS NINE SPADES FOUR,0.7212,0.046,0.2328
CLUBS NINE SPADES SEVEN,0.5642,0.0118,0.424
CLUBS NINE SPADES SIX,0.5698,0.0128,0.4174
CLUBS NINE SPADES NINE,0.308,0.0194,0.6726
CLUBS TEN HEARTS EIGHT,0.561,0.0154,0.4236
CLUBS NINE SPADES EIGHT,0.5454,0.0096,0.445
HEARTS EIGHT CLUBS JACK,0.5704,0.0102,0.4194
CLUBS KING HEARTS EIGHT,0.351,0.009,0.64
CLUBS ACE HEARTS EIGHT,0.3532,0.0062,0.6406
SPADES KING CLUBS KING,0.128,0.0038,0.8682
SPADES QUEEN CLUBS KING,0.22,0.0228,0.7572
SPADES ACE CLUBS KING,0.3174,0.0056,0.677
DIAMONDS ACE HEARTS TEN,0.3284,0.005,0.6666
DIAMONDS ACE HEARTS JACK,0.3514,0.0038,0.6448
SPADES KING CLUBS FIVE,0.3626,0.01,0.6274
SPADES QUEEN CLUBS FIVE,0.2238,0.4596,0.3166
SPADES ACE CLUBS FIVE,0.3358,0.004,0.6602
HEARTS SEVEN DIAMONDS JACK,0.578,0.009,0.413
HEARTS SIX DIAMONDS JACK,0.591,0.013,0.396
DIAMONDS JACK HEARTS NINE,0.5536,0.0094,0.437
DIAMONDS JACK HEARTS EIGHT,0.572,0.009,0.419
DIAMONDS KING DIAMONDS JACK,0.3142,0.0074,0.6784
HEARTS THREE DIAMONDS JACK,0.6286,0.0114,0.36
SPADES ACE SPADES SIX,0.3354,0.0038,0.6608
HEARTS ACE SPADES FOUR,0.23,0.0282,0.7418
DIAMONDS QUEEN DIAMONDS JACK,0.2286,0.0828,0.6886
HEARTS TWO DIAMONDS JACK,0.6352,0.0126,0.3522
HEARTS FIVE DIAMONDS JACK,0.5812,0.012,0.4068
SPADES QUEEN SPADES SIX,0.2008,0.3698,0.4294
SPADES FOUR HEARTS QUEEN,0.0118,0.971,0.0172
DIAMONDS ACE DIAMONDS JACK,0.3348,0.0056,0.6596
SPADES KING SPADES SIX,0.344,0.0066,0.6494
SPADES FOUR HEARTS KING,0.2302,0.0386,0.7312
SPADES TEN SPADES SIX,0.554,0.0098,0.4362
SPADES JACK SPADES SIX,0.549,0.0108,0.4402
SPADES FOUR DIAMONDS JACK,0.7084,0.049,0.2426
SPADES FIVE DIAMONDS JACK,0.5944,0.0112,0.3944
DIAMONDS JACK SPADES TWO,0.6136,0.0138,0.3726
DIAMONDS JACK SPADES THREE,0.6164,0.0132,0.3704
SPADES ACE DIAMONDS THREE,0.3702,0.0062,0.6236
SPADES QUEEN DIAMONDS THREE,0.2572,0.52,0.2228
CLUBS EIGHT DIAMONDS JACK,0.568,0.0108,0.4212
SPADES KING DIAMONDS THREE,0.3798,0.008,0.6122
CLUBS NINE DIAMONDS JACK,0.549,0.0122,0.4388
CLUBS SIX DIAMONDS JACK,0.6034,0.0118,0.3848
CLUBS SEVEN DIAMONDS JACK,0.5766,0.0108,0.4126
CLUBS FOUR DIAMONDS JACK,0.7356,0.0454,0.219
CLUBS FIVE DIAMONDS JACK,0.6074,0.0116,0.381
CLUBS TWO DIAMONDS JACK,0.6352,0.0124,0.3524
CLUBS THREE DIAMONDS JACK,0.6244,0.0146,0.361
SPADES TEN CLUBS FIVE,0.6038,0.0108,0.3854
SPADES JACK HEARTS SIX,0.6076,0.012,0.3804
HEARTS SIX SPADES TEN,0.5864,0.0092,0.4044
SPADES JACK CLUBS FIVE,0.6078,0.0128,0.3794
SPADES JACK DIAMONDS THREE,0.6374,0.0088,0.3538
CLUBS SEVEN CLUBS ACE,0.3508,0.0056,0.6436
DIAMONDS THREE SPADES TEN,0.6422,0.0114,0.3464
CLUBS SEVEN CLUBS KING,0.3586,0.0068,0.6346
SPADES NINE DIAMONDS JACK,0.5478,0.0108,0.4414
CLUBS TEN CLUBS SEVEN,0.5414,0.0112,0.4474
DIAMONDS ACE HEARTS ACE,0.1196,0.004,0.8764
SPADES EIGHT DIAMONDS JACK,0.5772,0.0074,0.4154
SPADES ACE HEARTS SIX,0.3608,0.0034,0.6358
CLUBS SEVEN CLUBS JACK,0.5596,0.012,0.4284
DIAMONDS ACE HEARTS KING,0.3178,0.0048,0.6774
SPADES SEVEN DIAMONDS JACK,0.5892,0.0098,0.401
SPADES KING HEARTS SIX,0.3408,0.0074,0.6518
DIAMONDS ACE HEARTS QUEEN,0.223,0.0178,0.7592
SPADES QUEEN HEARTS SIX,0.2236,0.3906,0.3858
SPADES SIX DIAMONDS JACK,0.587,0.0106,0.4024
DIAMONDS TEN SPADES TWO,0.6208,0.0126,0.3666
SPADES THREE DIAMONDS TEN,0.6266,0.0106,0.3628
SPADES FOUR DIAMONDS TEN,0.7126,0.0478,0.2396
SPADES FIVE DIAMONDS TEN,0.6036,0.0118,0.3846
SPADES SIX DIAMONDS TEN,0.587,0.0102,0.4028
SPADES SEVEN DIAMONDS TEN,0.582,0.0086,0.4094
SPADES EIGHT DIAMONDS TEN,0.5596,0.0126,0.4278
SPADES NINE DIAMONDS TEN,0.5378,0.0112,0.451
CLUBS FOUR DIAMONDS TEN,0.72,0.0506,0.2294
CLUBS FIVE DIAMONDS TEN,0.6006,0.0114,0.388
CLUBS SIX DIAMONDS TEN,0.5868,0.0128,0.4004
CLUBS SEVEN DIAMONDS TEN,0.5756,0.011,0.4134
CLUBS EIGHT DIAMONDS TEN,0.5562,0.0106,0.4332
CLUBS NINE DIAMONDS TEN,0.5514,0.0112,0.4374
DIAMONDS THREE CLUBS JACK,0.6358,0.0132,0.351
CLUBS TEN DIAMONDS THREE,0.6468,0.0106,0.3426
DIAMONDS THREE CLUBS KING,0.385,0.0084,0.6066
DIAMONDS THREE CLUBS ACE,0.3638,0.0066,0.6296
SPADES FOUR HEARTS JACK,0.7198,0.0448,0.2354
SPADES FOUR HEARTS TEN,0.7084,0.049,0.2426
SPADES FIVE SPADES TWO,0.5778,0.0138,0.4084
SPADES FOUR SPADES TWO,0.6518,0.051,0.2972
SPADES THREE SPADES TWO,0.5978,0.0138,0.3884
SPADES NINE SPADES TWO,0.5808,0.011,0.4082
SPADES EIGHT SPADES TWO,0.5774,0.0138,0.4088
SPADES SEVEN SPADES TWO,0.5906,0.0142,0.3952
SPADES SIX SPADES TWO,0.5756,0.0134,0.411
DIAMONDS QUEEN CLUBS THREE,0.2592,0.527,0.2138
CLUBS THREE HEARTS TWO,0.6406,0.0152,0.3442
DIAMONDS QUEEN CLUBS TWO,0.2728,0.5104,0.2168
HEARTS TWO CLUBS TWO,0.4386,0.035,0.5264
HEARTS SEVEN DIAMONDS QUEEN,0.213,0.3052,0.4818
HEARTS SEVEN HEARTS TWO,0.6102,0.0138,0.376
HEARTS SIX DIAMONDS QUEEN,0.2176,0.3938,0.3886
HEARTS SIX HEARTS TWO,0.5836,0.013,0.4034
DIAMONDS QUEEN HEARTS NINE,0.2234,0.1654,0.6112
HEARTS TWO HEARTS NINE,0.6042,0.0112,0.3846
DIAMONDS QUEEN HEARTS EIGHT,0.2258,0.2192,0.555
HEARTS TWO HEARTS EIGHT,0.603,0.013,0.384
CLUBS NINE HEARTS TWO,0.638,0.0134,0.3486
CLUBS NINE DIAMONDS QUEEN,0.2306,0.1666,0.6028
CLUBS EIGHT HEARTS TWO,0.6332,0.0158,0.351
CLUBS EIGHT DIAMONDS QUEEN,0.233,0.2344,0.5326
CLUBS FIVE DIAMONDS QUEEN,0.2122,0.4574,0.3304
CLUBS FIVE HEARTS TWO,0.6164,0.0182,0.3654
SPADES EIGHT HEARTS ACE,0.3548,0.006,0.6392
DIAMONDS QUEEN CLUBS FOUR,0.0192,0.9716,0.0092
HEARTS TWO CLUBS FOUR,0.6978,0.0512,0.251
CLUBS SEVEN DIAMONDS QUEEN,0.2362,0.3042,0.4596
CLUBS SEVEN HEARTS TWO,0.6438,0.016,0.3402
SPADES EIGHT HEARTS QUEEN,0.2224,0.2282,0.5494
CLUBS SIX DIAMONDS QUEEN,0.2228,0.3912,0.386
CLUBS SIX HEARTS TWO,0.6334,0.012,0.3546
SPADES EIGHT HEARTS KING,0.3522,0.0062,0.6416
HEARTS TWO SPADES SIX,0.6224,0.0126,0.365
DIAMONDS QUEEN SPADES SIX,0.231,0.3764,0.3926
DIAMONDS QUEEN SPADES SEVEN,0.2254,0.287,0.4876
HEARTS TWO SPADES SEVEN,0.6252,0.0142,0.3606
DIAMONDS ACE CLUBS KING,0.311,0.0046,0.6844
DIAMONDS QUEEN SPADES EIGHT,0.2346,0.2166,0.5488
SPADES EIGHT HEARTS TWO,0.636,0.0126,0.3514
DIAMONDS ACE CLUBS ACE,0.1224,0.0034,0.8742
SPADES NINE DIAMONDS QUEEN,0.2276,0.1642,0.6082
SPADES NINE HEARTS TWO,0.6316,0.0136,0.3548
HEARTS TWO SPADES TWO,0.437,0.03,0.533
DIAMONDS QUEEN SPADES TWO,0.256,0.5108,0.2332
HEARTS TWO SPADES THREE,0.6432,0.0166,0.3402
DIAMONDS QUEEN SPADES THREE,0.2778,0.5112,0.211
HEARTS TWO SPADES FOUR,0.7044,0.0518,0.2438
DIAMONDS QUEEN SPADES FOUR,0.0174,0.962,0.0206
CLUBS TEN DIAMONDS ACE,0.3426,0.0042,0.6532
HEARTS TWO SPADES FIVE,0.6218,0.0122,0.366
DIAMONDS QUEEN SPADES FIVE,0.238,0.4342,0.3278
DIAMONDS ACE CLUBS JACK,0.3576,0.0042,0.6382
CLUBS FIVE CLUBS KING,0.3456,0.0088,0.6456
CLUBS FIVE CLUBS ACE,0.3308,0.0046,0.6646
CLUBS FIVE CLUBS JACK,0.579,0.014,0.407
CLUBS TEN CLUBS FIVE,0.578,0.0148,0.4072
SPADES KING CLUBS JACK,0.357,0.0074,0.6356
SPADES QUEEN CLUBS JACK,0.2382,0.0916,0.6702
SPADES ACE CLUBS JACK,0.3604,0.0046,0.635
SPADES SIX CLUBS KING,0.3666,0.0054,0.628
SPADES EIGHT HEARTS JACK,0.5648,0.014,0.4212
SPADES SIX CLUBS ACE,0.3488,0.0032,0.648
SPADES EIGHT HEARTS TEN,0.5522,0.0082,0.4396
SPADES SIX CLUBS JACK,0.6012,0.0116,0.3872
CLUBS TEN SPADES SIX,0.5928,0.013,0.3942
SPADES TEN CLUBS JACK,0.5456,0.0096,0.4448
SPADES JACK CLUBS JACK,0.2978,0.0122,0.69
SPADES QUEEN CLUBS SEVEN,0.2296,0.3102,0.4602
SPADES KING CLUBS SEVEN,0.3736,0.007,0.6194
SPADES ACE CLUBS SEVEN,0.3844,0.0046,0.611
SPADES SIX HEARTS TEN,0.5814,0.0138,0.4048
SPADES SIX HEARTS JACK,0.5922,0.0106,0.3972
SPADES SIX HEARTS ACE,0.3554,0.0042,0.6404
SPADES SIX HEARTS KING,0.3704,0.0058,0.6238
SPADES SIX HEARTS QUEEN,0.222,0.3862,0.3918
CLUBS SEVEN SPADES JACK,0.5964,0.009,0.3946
CLUBS SEVEN SPADES TEN,0.5716,0.0116,0.4168
CLUBS TEN HEARTS SIX,0.5974,0.01,0.3926
HEARTS SIX CLUBS JACK,0.6086,0.0088,0.3826
CLUBS ACE CLUBS JACK,0.3394,0.0044,0.6562
HEARTS SIX CLUBS KING,0.3468,0.0086,0.6446
HEARTS SIX CLUBS ACE,0.369,0.0058,0.6252
CLUBS KING CLUBS JACK,0.3262,0.0066,0.6672
DIAMONDS THREE HEARTS ACE,0.3728,0.0066,0.6206
DIAMONDS THREE HEARTS QUEEN,0.2554,0.5348,0.2098
DIAMONDS THREE HEARTS KING,0.3796,0.0076,0.6128
CLUBS FIVE HEARTS JACK,0.6028,0.0124,0.3848
SPADES TEN DIAMONDS ACE,0.3556,0.0032,0.6412
CLUBS FIVE HEARTS TEN,0.5936,0.0132,0.3932
SPADES JACK DIAMONDS ACE,0.3556,0.0052,0.6392
SPADES ACE DIAMONDS ACE,0.1264,0.0034,0.8702
CLUBS FIVE HEARTS ACE,0.351,0.005,0.644
CLUBS FIVE HEARTS KING,0.358,0.0068,0.6352
SPADES QUEEN DIAMONDS ACE,0.2292,0.016,0.7548
SPADES FOUR CLUBS JACK,0.7192,0.0506,0.2302
CLUBS FIVE HEARTS QUEEN,0.211,0.48,0.309
SPADES KING DIAMONDS ACE,0.317,0.0048,0.6782
CLUBS TEN SPADES FOUR,0.7236,0.0444,0.232
DIAMONDS QUEEN DIAMONDS ACE,0.2034,0.0174,0.7792
HEARTS TWO DIAMONDS ACE,0.3866,0.0038,0.6096
DIAMONDS THREE HEARTS TEN,0.6286,0.0114,0.36
SPADES FOUR CLUBS KING,0.2386,0.0416,0.7198
HEARTS FIVE DIAMONDS QUEEN,0.2174,0.4618,0.3208
HEARTS FIVE HEARTS TWO,0.5718,0.0166,0.4116
DIAMONDS THREE HEARTS JACK,0.629,0.0144,0.3566
DIAMONDS QUEEN HEARTS TWO,0.2672,0.5222,0.2106
DIAMONDS KING DIAMONDS QUEEN,0.2256,0.0218,0.7526
DIAMONDS KING HEARTS TWO,0.3994,0.0078,0.5928
HEARTS THREE DIAMONDS QUEEN,0.2642,0.5248,0.211
HEARTS THREE HEARTS TWO,0.598,0.016,0.386
SPADES FOUR CLUBS ACE,0.2322,0.0264,0.7414
HEARTS TWO CLUBS ACE,0.371,0.0056,0.6234
DIAMONDS QUEEN CLUBS ACE,0.2264,0.0216,0.752
HEARTS TWO CLUBS KING,0.3854,0.0108,0.6038
DIAMONDS QUEEN CLUBS KING,0.2296,0.0294,0.741
SPADES EIGHT SPADES FIVE,0.5518,0.0126,0.4356
CLUBS TEN HEARTS TWO,0.6388,0.0116,0.3496
CLUBS TEN DIAMONDS QUEEN,0.2246,0.1138,0.6616
SPADES NINE SPADES FIVE,0.5388,0.0118,0.4494
HEARTS TWO CLUBS JACK,0.6384,0.0136,0.348
DIAMONDS QUEEN CLUBS JACK,0.2504,0.0826,0.667
SPADES SIX SPADES FIVE,0.5152,0.0168,0.468
SPADES SEVEN SPADES FIVE,0.5408,0.0158,0.4434
SPADES EIGHT CLUBS ACE,0.3572,0.004,0.6388
DIAMONDS FIVE CLUBS KING,0.3432,0.0078,0.649
SPADES EIGHT CLUBS KING,0.3644,0.0058,0.6298
DIAMONDS FIVE CLUBS ACE,0.351,0.0062,0.6428
SPADES EIGHT CLUBS JACK,0.5622,0.0084,0.4294
CLUBS TEN SPADES EIGHT,0.567,0.0112,0.4218
CLUBS TEN DIAMONDS FIVE,0.61,0.0108,0.3792
DIAMONDS FIVE CLUBS JACK,0.5986,0.0108,0.3906
DIAMONDS TEN HEARTS JACK,0.5286,0.009,0.4624
DIAMONDS TEN HEARTS TEN,0.2934,0.0156,0.691
SPADES ACE CLUBS NINE,0.358,0.007,0.635
CLUBS NINE SPADES QUEEN,0.2172,0.1636,0.6192
CLUBS NINE SPADES KING,0.3592,0.0054,0.6354
HEARTS SIX HEARTS KING,0.335,0.0084,0.6566
DIAMONDS KING SPADES SEVEN,0.3674,0.0068,0.6258
HEARTS THREE SPADES SEVEN,0.6276,0.014,0.3584
SPADES KING DIAMONDS SEVEN,0.3664,0.005,0.6286
HEARTS SIX HEARTS QUEEN,0.2032,0.36,0.4368
SPADES QUEEN DIAMONDS SEVEN,0.2184,0.3122,0.4694
HEARTS THREE SPADES SIX,0.6264,0.0156,0.358
DIAMONDS KING SPADES SIX,0.3604,0.0074,0.6322
DIAMONDS KING SPADES NINE,0.3424,0.0074,0.6502
HEARTS THREE SPADES NINE,0.6292,0.0122,0.3586
HEARTS SIX HEARTS ACE,0.3524,0.006,0.6416
DIAMONDS KING SPADES EIGHT,0.363,0.0072,0.6298
