opposingHand,winningChance,drawChance,lostChance
HEARTS SEVEN CLUBS QUEEN
HEARTS FIVE SPADES TEN,0.6314,0.0116,0.357
SPADES JACK HEARTS FIVE,0.6298,0.011,0.3592
SPADES FIVE CLUBS JACK,0.6372,0.01,0.3528
CLUBS TEN SPADES FIVE,0.6358,0.0122,0.352
CLUBS EIGHT CLUBS JACK,0.5692,0.0084,0.4224
CLUBS TEN CLUBS EIGHT,0.545,0.0122,0.4428
CLUBS EIGHT CLUBS KING,0.3398,0.0074,0.6528
SPADES FIVE CLUBS ACE,0.3926,0.0048,0.6026
SPADES FIVE CLUBS KING,0.3904,0.0056,0.604
CLUBS EIGHT CLUBS ACE,0.3422,0.0058,0.652
DIAMONDS TWO DIAMONDS THREE,0.608,0.0106,0.3814
DIAMONDS TWO DIAMONDS FIVE,0.5916,0.0136,0.3948
SPADES KING HEARTS FIVE,0.39,0.0062,0.6038
DIAMONDS TWO DIAMONDS FOUR,0.5916,0.0112,0.3972
SPADES QUEEN HEARTS FIVE,0.4764,0.3018,0.2218
DIAMONDS TWO DIAMONDS SEVEN,0.689,0.0436,0.2674
DIAMONDS TWO DIAMONDS SIX,0.5954,0.0122,0.3924
SPADES ACE HEARTS FIVE,0.3778,0.003,0.6192
DIAMONDS TWO DIAMONDS NINE,0.5902,0.009,0.4008
DIAMONDS TWO DIAMONDS EIGHT,0.596,0.0136,0.3904
DIAMONDS THREE DIAMONDS FOUR,0.5972,0.0134,0.3894
CLUBS TWO SPADES FOUR,0.6494,0.0116,0.339
DIAMONDS THREE DIAMONDS FIVE,0.5722,0.0132,0.4146
SPADES FIVE CLUBS TWO,0.6276,0.011,0.3614
CLUBS TWO SPADES TWO,0.4484,0.0242,0.5274
CLUBS TWO SPADES THREE,0.654,0.0136,0.3324
DIAMONDS THREE DIAMONDS EIGHT,0.5994,0.0074,0.3932
SPADES EIGHT CLUBS TWO,0.6366,0.0114,0.352
DIAMONDS THREE DIAMONDS NINE,0.5932,0.0104,0.3964
SPADES NINE CLUBS TWO,0.6378,0.0094,0.3528
DIAMONDS THREE DIAMONDS SIX,0.6032,0.0144,0.3824
SPADES SIX CLUBS TWO,0.6444,0.013,0.3426
DIAMONDS THREE DIAMONDS SEVEN,0.665,0.047,0.288
SPADES SEVEN CLUBS TWO,0.729,0.0476,0.2234
CLUBS SIX CLUBS TWO,0.631,0.0116,0.3574
CLUBS SEVEN CLUBS TWO,0.6892,0.0534,0.2574
CLUBS FOUR CLUBS TWO,0.6218,0.0122,0.366
CLUBS FIVE CLUBS TWO,0.626,0.0096,0.3644
CLUBS TEN CLUBS JACK,0.5134,0.0092,0.4774
DIAMONDS FOUR DIAMONDS SIX,0.5836,0.0112,0.4052
DIAMONDS FOUR DIAMONDS SEVEN,0.6446,0.0498,0.3056
CLUBS TEN CLUBS KING,0.328,0.007,0.665
CLUBS TEN CLUBS ACE,0.3356,0.0032,0.6612
CLUBS EIGHT CLUBS TWO,0.6088,0.0094,0.3818
DIAMONDS FIVE DIAMONDS FOUR,0.5748,0.0118,0.4134
CLUBS NINE CLUBS TWO,0.598,0.011,0.391
DIAMONDS NINE DIAMONDS FOUR,0.5886,0.0118,0.3996
DIAMONDS EIGHT DIAMONDS FOUR,0.581,0.011,0.408
CLUBS THREE CLUBS TWO,0.6064,0.0146,0.379
DIAMONDS NINE DIAMONDS FIVE,0.5712,0.011,0.4178
DIAMONDS TWO CLUBS JACK,0.618,0.0136,0.3684
DIAMONDS EIGHT DIAMONDS FIVE,0.5624,0.0106,0.427
CLUBS TEN DIAMONDS TWO,0.64,0.0092,0.3508
DIAMONDS FIVE DIAMONDS SEVEN,0.6302,0.0448,0.325
DIAMONDS FIVE DIAMONDS SIX,0.5748,0.0094,0.4158
DIAMONDS TWO CLUBS ACE,0.4078,0.0056,0.5866
DIAMONDS TWO CLUBS KING,0.399,0.0074,0.5936
DIAMONDS EIGHT DIAMONDS SIX,0.5566,0.0124,0.431
DIAMONDS NINE DIAMONDS SIX,0.5648,0.009,0.4262
HEARTS ACE SPADES THREE,0.3966,0.0038,0.5996
SPADES THREE HEARTS KING,0.392,0.0042,0.6038
DIAMONDS SEVEN DIAMONDS SIX,0.6346,0.0388,0.3266
HEARTS QUEEN SPADES THREE,0.4572,0.3072,0.2356
SPADES THREE HEARTS JACK,0.6184,0.012,0.3696
SPADES THREE HEARTS TEN,0.6256,0.0144,0.36
DIAMONDS EIGHT DIAMONDS SEVEN,0.618,0.0446,0.3374
DIAMONDS NINE DIAMONDS SEVEN,0.6496,0.037,0.3134
DIAMONDS NINE DIAMONDS EIGHT,0.5182,0.0096,0.4722
DIAMONDS KING HEARTS TEN,0.3304,0.0058,0.6638
HEARTS THREE HEARTS TEN,0.589,0.0138,0.3972
SPADES JACK CLUBS SIX,0.6336,0.0076,0.3588
DIAMONDS KING HEARTS JACK,0.3522,0.0066,0.6412
HEARTS THREE HEARTS JACK,0.5922,0.0106,0.3972
SPADES TEN CLUBS SIX,0.6186,0.0116,0.3698
SPADES JACK SPADES FIVE,0.5958,0.0062,0.398
SPADES TEN SPADES FIVE,0.5818,0.0114,0.4068
DIAMONDS KING HEARTS ACE,0.3116,0.0034,0.685
HEARTS THREE HEARTS ACE,0.3698,0.0062,0.624
SPADES ACE CLUBS SIX,0.3844,0.0046,0.611
DIAMONDS KING HEARTS QUEEN,0.2332,0.023,0.7438
HEARTS THREE HEARTS QUEEN,0.4444,0.298,0.2576
SPADES KING CLUBS SIX,0.3872,0.0066,0.6062
DIAMONDS KING HEARTS KING,0.125,0.003,0.872
HEARTS THREE HEARTS KING,0.3852,0.008,0.6068
SPADES QUEEN CLUBS SIX,0.4702,0.3014,0.2284
SPADES NINE HEARTS TEN,0.5554,0.0118,0.4328
SPADES NINE HEARTS JACK,0.5494,0.01,0.4406
SPADES QUEEN SPADES FIVE,0.443,0.2902,0.2668
SPADES KING SPADES FIVE,0.3758,0.006,0.6182
SPADES ACE SPADES FIVE,0.3716,0.0036,0.6248
SPADES NINE HEARTS QUEEN,0.2226,0.165,0.6124
SPADES NINE HEARTS KING,0.3282,0.0048,0.667
SPADES NINE HEARTS ACE,0.3468,0.0034,0.6498
CLUBS TEN SPADES JACK,0.5432,0.0082,0.4486
CLUBS TEN SPADES TEN,0.2992,0.0122,0.6886
SPADES ACE CLUBS TEN,0.346,0.0022,0.6518
SPADES KING CLUBS TEN,0.3426,0.0054,0.652
CLUBS TEN SPADES QUEEN,0.2272,0.1142,0.6586
SPADES FIVE HEARTS QUEEN,0.4694,0.3004,0.2302
SPADES FIVE HEARTS KING,0.3832,0.0078,0.609
HEARTS ACE SPADES FIVE,0.3796,0.0042,0.6162
CLUBS EIGHT SPADES TEN,0.5672,0.0122,0.4206
HEARTS THREE SPADES JACK,0.624,0.011,0.365
SPADES JACK DIAMONDS KING,0.337,0.0048,0.6582
SPADES TEN DIAMONDS KING,0.3464,0.005,0.6486
HEARTS THREE SPADES TEN,0.6292,0.0116,0.3592
SPADES JACK CLUBS EIGHT,0.5882,0.0098,0.402
CLUBS SIX HEARTS ACE,0.3916,0.0054,0.603
SPADES ACE CLUBS EIGHT,0.3538,0.0032,0.643
HEARTS FIVE CLUBS JACK,0.6314,0.0104,0.3582
CLUBS TEN HEARTS FIVE,0.6298,0.0122,0.358
CLUBS SIX HEARTS QUEEN,0.472,0.3042,0.2238
SPADES QUEEN CLUBS EIGHT,0.2154,0.2272,0.5574
CLUBS TEN SPADES THREE,0.6274,0.0132,0.3594
CLUBS SIX HEARTS KING,0.3894,0.0078,0.6028
SPADES KING CLUBS EIGHT,0.3618,0.0072,0.631
SPADES THREE CLUBS JACK,0.6256,0.0126,0.3618
DIAMONDS TWO HEARTS JACK,0.6362,0.0108,0.353
DIAMONDS TWO HEARTS TEN,0.6332,0.0102,0.3566
SPADES THREE CLUBS KING,0.3888,0.008,0.6032
HEARTS FIVE CLUBS ACE,0.3768,0.0056,0.6176
SPADES FIVE HEARTS TEN,0.6224,0.0112,0.3664
SPADES THREE CLUBS ACE,0.3942,0.0046,0.6012
HEARTS FIVE CLUBS KING,0.3724,0.0074,0.6202
SPADES FIVE HEARTS JACK,0.6268,0.011,0.3622
HEARTS THREE CLUBS KING,0.4028,0.006,0.5912
DIAMONDS KING CLUBS KING,0.1326,0.0032,0.8642
HEARTS FIVE HEARTS JACK,0.5976,0.0098,0.3926
HEARTS FIVE HEARTS TEN,0.5834,0.0104,0.4062
HEARTS THREE CLUBS ACE,0.4036,0.0046,0.5918
DIAMONDS KING CLUBS ACE,0.3228,0.0044,0.6728
HEARTS THREE CLUBS JACK,0.6324,0.015,0.3526
DIAMONDS KING CLUBS JACK,0.3382,0.006,0.6558
CLUBS TEN HEARTS THREE,0.6324,0.0162,0.3514
CLUBS TEN DIAMONDS KING,0.3384,0.0078,0.6538
CLUBS SIX CLUBS KING,0.3662,0.008,0.6258
CLUBS SIX CLUBS ACE,0.3856,0.0044,0.61
HEARTS FIVE HEARTS KING,0.3846,0.0078,0.6076
HEARTS FIVE HEARTS QUEEN,0.4382,0.2892,0.2726
CLUBS TEN CLUBS SIX,0.6028,0.0074,0.3898
HEARTS FIVE HEARTS ACE,0.369,0.005,0.626
CLUBS SIX CLUBS JACK,0.6132,0.0096,0.3772
SPADES SEVEN HEARTS JACK,0.7014,0.0412,0.2574
SPADES SEVEN HEARTS TEN,0.6932,0.0404,0.2664
DIAMONDS TWO CLUBS TWO,0.4494,0.0256,0.525
DIAMONDS TWO CLUBS THREE,0.6412,0.0118,0.347
HEARTS SIX DIAMONDS TWO,0.6578,0.0132,0.329
DIAMONDS TWO HEARTS QUEEN,0.467,0.3092,0.2238
DIAMONDS TWO HEARTS KING,0.4042,0.0078,0.588
DIAMONDS TWO HEARTS EIGHT,0.625,0.0116,0.3634
DIAMONDS TWO HEARTS ACE,0.3978,0.0054,0.5968
DIAMONDS TWO HEARTS NINE,0.638,0.0126,0.3494
DIAMONDS TWO DIAMONDS QUEEN,0.4436,0.287,0.2694
DIAMONDS TWO HEARTS TWO,0.4356,0.0298,0.5346
DIAMONDS TWO DIAMONDS KING,0.3816,0.0072,0.6112
HEARTS THREE DIAMONDS TWO,0.6418,0.0112,0.347
DIAMONDS TWO DIAMONDS ACE,0.3876,0.0048,0.6076
HEARTS FOUR DIAMONDS TWO,0.6558,0.0134,0.3308
DIAMONDS TWO HEARTS FIVE,0.633,0.0162,0.3508
SPADES SEVEN HEARTS ACE,0.234,0.0252,0.7408
DIAMONDS TWO DIAMONDS TEN,0.5894,0.0098,0.4008
SPADES SEVEN HEARTS KING,0.2248,0.0334,0.7418
DIAMONDS TWO DIAMONDS JACK,0.5866,0.0118,0.4016
SPADES SEVEN HEARTS QUEEN,0.0132,0.9648,0.022
DIAMONDS TWO SPADES NINE,0.634,0.0106,0.3554
DIAMONDS TWO SPADES EIGHT,0.6334,0.0124,0.3542
DIAMONDS TWO SPADES SEVEN,0.727,0.0486,0.2244
DIAMONDS TWO SPADES SIX,0.648,0.0134,0.3386
DIAMONDS TWO SPADES FIVE,0.6436,0.0116,0.3448
DIAMONDS TWO SPADES FOUR,0.6448,0.0104,0.3448
DIAMONDS TWO SPADES THREE,0.6552,0.0116,0.3332
DIAMONDS TWO SPADES TWO,0.4408,0.0256,0.5336
CLUBS NINE DIAMONDS TWO,0.6394,0.011,0.3496
DIAMONDS TWO CLUBS EIGHT,0.6378,0.0116,0.3506
CLUBS SEVEN DIAMONDS TWO,0.7324,0.048,0.2196
DIAMONDS TWO CLUBS SIX,0.6512,0.012,0.3368
DIAMONDS TWO CLUBS FIVE,0.645,0.014,0.341
DIAMONDS TWO CLUBS FOUR,0.6382,0.0128,0.349
CLUBS FOUR SPADES FIVE,0.6108,0.0124,0.3768
CLUBS FOUR SPADES FOUR,0.4248,0.0244,0.5508
CLUBS FOUR SPADES THREE,0.6338,0.0108,0.3554
CLUBS FOUR SPADES TWO,0.6488,0.0128,0.3384
SPADES NINE CLUBS FOUR,0.6446,0.009,0.3464
SPADES EIGHT CLUBS FOUR,0.6154,0.0114,0.3732
SPADES SEVEN CLUBS FOUR,0.6954,0.0508,0.2538
CLUBS FOUR SPADES SIX,0.6288,0.012,0.3592
SPADES ACE DIAMONDS SIX,0.3852,0.0044,0.6104
SPADES QUEEN DIAMONDS SIX,0.469,0.303,0.228
SPADES KING DIAMONDS SIX,0.3726,0.0042,0.6232
SPADES TEN DIAMONDS SIX,0.6196,0.0124,0.368
SPADES JACK DIAMONDS SIX,0.6256,0.0106,0.3638
SPADES QUEEN SPADES TWO,0.443,0.2866,0.2704
SPADES KING SPADES TWO,0.3808,0.0054,0.6138
SPADES ACE SPADES TWO,0.3708,0.0036,0.6256
DIAMONDS JACK CLUBS JACK,0.2844,0.013,0.7026
CLUBS TEN DIAMONDS JACK,0.5444,0.0088,0.4468
DIAMONDS JACK CLUBS KING,0.3304,0.0062,0.6634
DIAMONDS THREE DIAMONDS JACK,0.594,0.0098,0.3962
DIAMONDS THREE DIAMONDS TEN,0.5706,0.0126,0.4168
DIAMONDS JACK CLUBS ACE,0.342,0.0032,0.6548
DIAMONDS THREE DIAMONDS KING,0.3796,0.0066,0.6138
HEARTS THREE DIAMONDS THREE,0.439,0.0252,0.5358
DIAMONDS THREE DIAMONDS QUEEN,0.4338,0.288,0.2782
DIAMONDS THREE HEARTS TWO,0.6462,0.0136,0.3402
HEARTS FIVE DIAMONDS THREE,0.6086,0.0156,0.3758
DIAMONDS THREE DIAMONDS ACE,0.3694,0.006,0.6246
HEARTS FOUR DIAMONDS THREE,0.6252,0.0136,0.3612
SPADES TEN SPADES NINE,0.5086,0.008,0.4834
HEARTS SIX DIAMONDS THREE,0.6432,0.0102,0.3466
SPADES JACK SPADES NINE,0.5362,0.0116,0.4522
DIAMONDS THREE HEARTS NINE,0.6304,0.0124,0.3572
HEARTS JACK DIAMONDS FOUR,0.633,0.01,0.357
HEARTS ACE HEARTS KING,0.3076,0.0034,0.689
SPADES TEN SPADES TWO,0.5936,0.0088,0.3976
DIAMONDS THREE HEARTS EIGHT,0.6234,0.0132,0.3634
HEARTS TEN DIAMONDS FOUR,0.6334,0.009,0.3576
SPADES JACK SPADES TWO,0.5956,0.0102,0.3942
HEARTS QUEEN DIAMONDS FOUR,0.4574,0.3102,0.2324
HEARTS KING DIAMONDS FOUR,0.3816,0.0084,0.61
SPADES ACE SPADES NINE,0.3356,0.0034,0.661
HEARTS ACE DIAMONDS FOUR,0.3906,0.0048,0.6046
SPADES KING SPADES NINE,0.3332,0.0062,0.6606
SPADES QUEEN SPADES NINE,0.2128,0.16,0.6272
DIAMONDS THREE SPADES NINE,0.6238,0.0122,0.364
DIAMONDS THREE SPADES EIGHT,0.6292,0.0098,0.361
DIAMONDS THREE SPADES SEVEN,0.6968,0.0486,0.2546
DIAMONDS THREE SPADES SIX,0.6346,0.0112,0.3542
DIAMONDS THREE CLUBS SIX,0.6418,0.011,0.3472
CLUBS FIVE CLUBS SIX,0.5986,0.012,0.3894
CLUBS ACE DIAMONDS FOUR,0.3894,0.0062,0.6044
CLUBS SEVEN DIAMONDS THREE,0.7196,0.05,0.2304
CLUBS SEVEN CLUBS FIVE,0.6594,0.0442,0.2964
DIAMONDS THREE CLUBS FOUR,0.6262,0.0152,0.3586
DIAMONDS THREE CLUBS FIVE,0.616,0.0128,0.3712
DIAMONDS FOUR CLUBS KING,0.3856,0.0078,0.6066
DIAMONDS THREE CLUBS TWO,0.649,0.0144,0.3366
CLUBS TEN DIAMONDS FOUR,0.6212,0.0134,0.3654
DIAMONDS THREE CLUBS THREE,0.4304,0.0274,0.5422
DIAMONDS FOUR CLUBS JACK,0.6352,0.0114,0.3534
DIAMONDS THREE SPADES FOUR,0.6182,0.011,0.3708
DIAMONDS THREE SPADES FIVE,0.6278,0.0122,0.36
DIAMONDS THREE SPADES TWO,0.6398,0.0144,0.3458
DIAMONDS THREE SPADES THREE,0.4468,0.0228,0.5304
CLUBS EIGHT DIAMONDS THREE,0.6424,0.012,0.3456
CLUBS NINE DIAMONDS THREE,0.6372,0.014,0.3488
SPADES SEVEN CLUBS ACE,0.2286,0.0258,0.7456
SPADES SEVEN CLUBS KING,0.2218,0.0402,0.738
CLUBS FIVE SPADES SEVEN,0.6754,0.0508,0.2738
CLUBS TEN SPADES SEVEN,0.6982,0.0482,0.2536
CLUBS FIVE SPADES SIX,0.5968,0.014,0.3892
SPADES SEVEN CLUBS JACK,0.7042,0.0496,0.2462
CLUBS FIVE SPADES NINE,0.626,0.0102,0.3638
CLUBS FIVE SPADES EIGHT,0.6038,0.0142,0.382
CLUBS FIVE SPADES THREE,0.6134,0.0124,0.3742
CLUBS FIVE SPADES TWO,0.6408,0.0138,0.3454
CLUBS FIVE SPADES FIVE,0.4192,0.0248,0.556
CLUBS FIVE SPADES FOUR,0.6158,0.0114,0.3728
CLUBS NINE CLUBS FIVE,0.5942,0.0134,0.3924
CLUBS EIGHT CLUBS FIVE,0.5872,0.0124,0.4004
DIAMONDS TEN DIAMONDS FOUR,0.5806,0.0094,0.41
CLUBS TEN DIAMONDS NINE,0.572,0.0102,0.4178
DIAMONDS JACK DIAMONDS FOUR,0.5882,0.009,0.4028
DIAMONDS NINE CLUBS JACK,0.5664,0.0128,0.4208
SPADES NINE CLUBS JACK,0.5686,0.0102,0.4212
CLUBS TEN SPADES NINE,0.5534,0.0122,0.4344
DIAMONDS ACE DIAMONDS FOUR,0.371,0.004,0.625
HEARTS FOUR DIAMONDS FOUR,0.4252,0.025,0.5498
DIAMONDS JACK HEARTS TEN,0.54,0.0088,0.4512
SPADES NINE CLUBS KING,0.355,0.0068,0.6382
DIAMONDS TWO SPADES TEN,0.6258,0.0116,0.3626
DIAMONDS NINE CLUBS ACE,0.3594,0.0042,0.6364
HEARTS FIVE DIAMONDS FOUR,0.6102,0.0126,0.3772
DIAMONDS JACK HEARTS JACK,0.2782,0.0102,0.7116
DIAMONDS TWO SPADES JACK,0.6338,0.0106,0.3556
DIAMONDS QUEEN DIAMONDS FOUR,0.4396,0.2932,0.2672
HEARTS TWO DIAMONDS FOUR,0.6458,0.0114,0.3428
DIAMONDS KING DIAMONDS FOUR,0.372,0.0072,0.6208
HEARTS THREE DIAMONDS FOUR,0.6258,0.0106,0.3636
SPADES NINE CLUBS ACE,0.353,0.0042,0.6428
DIAMONDS NINE CLUBS KING,0.3488,0.0092,0.642
HEARTS ACE DIAMONDS JACK,0.3382,0.005,0.6568
SPADES ACE DIAMONDS TWO,0.3958,0.0036,0.6006
HEARTS QUEEN DIAMONDS JACK,0.2236,0.086,0.6904
SPADES QUEEN DIAMONDS TWO,0.4846,0.2924,0.223
DIAMONDS JACK HEARTS KING,0.335,0.0064,0.6586
SPADES KING DIAMONDS TWO,0.3912,0.0054,0.6034
SPADES JACK SPADES SEVEN,0.6572,0.0394,0.3034
SPADES TEN SPADES SEVEN,0.6402,0.0358,0.324
CLUBS SEVEN CLUBS THREE,0.6834,0.0542,0.2624
CLUBS SIX CLUBS THREE,0.6108,0.0126,0.3766
CLUBS FIVE CLUBS THREE,0.5992,0.0118,0.389
CLUBS THREE CLUBS FOUR,0.5994,0.0144,0.3862
CLUBS NINE CLUBS THREE,0.6004,0.0096,0.39
CLUBS EIGHT CLUBS THREE,0.6006,0.0128,0.3866
CLUBS THREE SPADES FIVE,0.633,0.0154,0.3516
CLUBS THREE SPADES FOUR,0.6278,0.0124,0.3598
CLUBS THREE SPADES THREE,0.4446,0.0256,0.5298
CLUBS THREE SPADES TWO,0.6594,0.0134,0.3272
CLUBS THREE SPADES SIX,0.6384,0.0122,0.3494
CLUBS THREE SPADES SEVEN,0.7106,0.0536,0.2358
SPADES EIGHT CLUBS THREE,0.639,0.0118,0.3492
SPADES NINE CLUBS THREE,0.644,0.013,0.343
SPADES TWO DIAMONDS FOUR,0.6432,0.0134,0.3434
SPADES THREE DIAMONDS FOUR,0.616,0.014,0.37
SPADES FOUR DIAMONDS FOUR,0.4262,0.026,0.5478
SPADES FIVE DIAMONDS FOUR,0.5936,0.0144,0.392
SPADES SIX DIAMONDS FOUR,0.63,0.0118,0.3582
SPADES SEVEN DIAMONDS FOUR,0.698,0.0438,0.2582
SPADES EIGHT DIAMONDS FOUR,0.604,0.0116,0.3844
SPADES NINE DIAMONDS FOUR,0.6308,0.0112,0.358
CLUBS FIVE DIAMONDS FOUR,0.6044,0.0112,0.3844
CLUBS FOUR DIAMONDS FOUR,0.4338,0.026,0.5402
CLUBS SEVEN DIAMONDS FOUR,0.686,0.0492,0.2648
CLUBS SIX DIAMONDS FOUR,0.63,0.0134,0.3566
CLUBS NINE DIAMONDS FOUR,0.6378,0.0132,0.349
CLUBS EIGHT DIAMONDS FOUR,0.6264,0.0118,0.3618
HEARTS SIX DIAMONDS FOUR,0.6322,0.0112,0.3566
DIAMONDS FOUR HEARTS NINE,0.6246,0.0132,0.3622
DIAMONDS FOUR HEARTS EIGHT,0.614,0.0116,0.3744
CLUBS THREE DIAMONDS FOUR,0.6258,0.0132,0.361
CLUBS TWO DIAMONDS FOUR,0.648,0.013,0.339
DIAMONDS TEN DIAMONDS FIVE,0.5768,0.012,0.4112
DIAMONDS JACK DIAMONDS FIVE,0.5872,0.0096,0.4032
DIAMONDS NINE HEARTS QUEEN,0.2292,0.168,0.6028
DIAMONDS NINE HEARTS KING,0.3376,0.0066,0.6558
HEARTS ACE DIAMONDS NINE,0.3702,0.0034,0.6264
DIAMONDS NINE HEARTS TEN,0.545,0.0096,0.4454
DIAMONDS NINE HEARTS JACK,0.5628,0.0094,0.4278
CLUBS KING DIAMONDS SIX,0.3836,0.0064,0.61
CLUBS ACE DIAMONDS SIX,0.3838,0.0056,0.6106
SPADES KING DIAMONDS FOUR,0.4004,0.0062,0.5934
SPADES ACE SPADES SEVEN,0.2264,0.0234,0.7502
SPADES QUEEN DIAMONDS FOUR,0.4544,0.2976,0.248
SPADES QUEEN SPADES SEVEN,0.0224,0.9056,0.072
CLUBS JACK DIAMONDS SIX,0.6384,0.0106,0.351
SPADES KING SPADES SEVEN,0.2232,0.0314,0.7454
SPADES ACE DIAMONDS FOUR,0.3898,0.0046,0.6056
CLUBS TEN DIAMONDS SIX,0.6218,0.0106,0.3676
CLUBS NINE CLUBS FOUR,0.6056,0.0134,0.381
CLUBS EIGHT CLUBS FOUR,0.5846,0.0158,0.3996
SPADES JACK DIAMONDS FOUR,0.626,0.0104,0.3636
SPADES TEN DIAMONDS FOUR,0.625,0.0106,0.3644
CLUBS FIVE CLUBS FOUR,0.5812,0.0126,0.4062
CLUBS SEVEN CLUBS FOUR,0.6728,0.0408,0.2864
CLUBS SIX CLUBS FOUR,0.6006,0.0118,0.3876
CLUBS SEVEN SPADES EIGHT,0.6722,0.0384,0.2894
CLUBS SEVEN SPADES NINE,0.6706,0.0436,0.2858
CLUBS SEVEN SPADES SIX,0.6746,0.0446,0.2808
CLUBS SEVEN SPADES SEVEN,0.2916,0.0332,0.6752
CLUBS SEVEN SPADES FIVE,0.6868,0.0492,0.264
CLUBS SEVEN SPADES FOUR,0.6898,0.0458,0.2644
CLUBS SEVEN SPADES THREE,0.7206,0.0448,0.2346
CLUBS SEVEN SPADES TWO,0.7222,0.0476,0.2302
CLUBS NINE CLUBS SEVEN,0.6576,0.0416,0.3008
CLUBS SEVEN CLUBS EIGHT,0.6366,0.043,0.3204
HEARTS SIX DIAMONDS FIVE,0.6112,0.0096,0.3792
DIAMONDS FIVE HEARTS EIGHT,0.6002,0.0154,0.3844
DIAMONDS FIVE HEARTS NINE,0.6092,0.012,0.3788
DIAMONDS QUEEN DIAMONDS FIVE,0.4552,0.2798,0.265
HEARTS TWO DIAMONDS FIVE,0.6418,0.012,0.3462
HEARTS KING HEARTS EIGHT,0.3498,0.0068,0.6434
DIAMONDS KING DIAMONDS FIVE,0.3786,0.0054,0.616
HEARTS THREE DIAMONDS FIVE,0.632,0.0156,0.3524
HEARTS QUEEN HEARTS EIGHT,0.2052,0.2196,0.5752
DIAMONDS ACE DIAMONDS FIVE,0.3566,0.004,0.6394
HEARTS FOUR DIAMONDS FIVE,0.61,0.0106,0.3794
HEARTS FIVE DIAMONDS FIVE,0.4288,0.0278,0.5434
HEARTS ACE HEARTS EIGHT,0.3452,0.0048,0.65
CLUBS FOUR DIAMONDS FIVE,0.606,0.0148,0.3792
CLUBS FIVE DIAMONDS FIVE,0.4398,0.023,0.5372
CLUBS SIX DIAMONDS FIVE,0.618,0.0142,0.3678
CLUBS SEVEN DIAMONDS FIVE,0.6716,0.0526,0.2758
CLUBS TWO DIAMONDS FIVE,0.6356,0.012,0.3524
CLUBS THREE DIAMONDS FIVE,0.6282,0.0138,0.358
SPADES THREE DIAMONDS FIVE,0.6132,0.0114,0.3754
SPADES TWO DIAMONDS FIVE,0.641,0.0134,0.3456
SPADES JACK DIAMONDS EIGHT,0.5654,0.0102,0.4244
SPADES FIVE DIAMONDS FIVE,0.4264,0.0284,0.5452
CLUBS TEN HEARTS JACK,0.541,0.0114,0.4476
SPADES TEN DIAMONDS EIGHT,0.5752,0.0112,0.4136
SPADES FOUR DIAMONDS FIVE,0.6054,0.0114,0.3832
HEARTS JACK CLUBS JACK,0.2808,0.0136,0.7056
CLUBS NINE DIAMONDS FIVE,0.6082,0.0122,0.3796
HEARTS JACK CLUBS KING,0.3306,0.0062,0.6632
CLUBS EIGHT DIAMONDS FIVE,0.6014,0.0134,0.3852
CLUBS ACE HEARTS JACK,0.34,0.0054,0.6546
SPADES SEVEN DIAMONDS FIVE,0.6816,0.0434,0.275
SPADES KING DIAMONDS EIGHT,0.3586,0.0058,0.6356
SPADES QUEEN DIAMONDS EIGHT,0.2236,0.2156,0.5608
SPADES SIX DIAMONDS FIVE,0.6046,0.0116,0.3838
SPADES NINE DIAMONDS FIVE,0.6148,0.011,0.3742
SPADES EIGHT DIAMONDS FIVE,0.5894,0.013,0.3976
SPADES ACE DIAMONDS EIGHT,0.359,0.0038,0.6372
DIAMONDS TEN DIAMONDS SIX,0.5738,0.0134,0.4128
HEARTS ACE DIAMONDS SEVEN,0.2348,0.0252,0.74
DIAMONDS JACK DIAMONDS SIX,0.5884,0.0106,0.401
HEARTS QUEEN DIAMONDS SEVEN,0.0092,0.9724,0.0184
HEARTS KING DIAMONDS SEVEN,0.2266,0.036,0.7374
DIAMONDS ACE DIAMONDS SIX,0.365,0.0032,0.6318
HEARTS FOUR DIAMONDS SIX,0.6308,0.0118,0.3574
SPADES TWO HEARTS JACK,0.6314,0.0132,0.3554
HEARTS FIVE DIAMONDS SIX,0.6112,0.0126,0.3762
SPADES TWO HEARTS TEN,0.6304,0.0122,0.3574
DIAMONDS QUEEN DIAMONDS SIX,0.45,0.2722,0.2778
HEARTS TWO DIAMONDS SIX,0.6608,0.0136,0.3256
DIAMONDS KING DIAMONDS SIX,0.3596,0.0068,0.6336
HEARTS THREE DIAMONDS SIX,0.638,0.0118,0.3502
HEARTS EIGHT DIAMONDS SIX,0.5804,0.0092,0.4104
HEARTS NINE DIAMONDS SIX,0.6082,0.013,0.3788
HEARTS SIX DIAMONDS SIX,0.408,0.0266,0.5654
HEARTS TEN DIAMONDS SEVEN,0.686,0.0416,0.2724
CLUBS TWO DIAMONDS SIX,0.655,0.0134,0.3316
HEARTS JACK DIAMONDS SEVEN,0.6972,0.0424,0.2604
CLUBS THREE DIAMONDS SIX,0.6458,0.015,0.3392
CLUBS SEVEN DIAMONDS SIX,0.6582,0.0476,0.2942
DIAMONDS EIGHT CLUBS JACK,0.5974,0.0116,0.391
CLUBS SIX DIAMONDS SIX,0.4248,0.0218,0.5534
CLUBS TEN DIAMONDS EIGHT,0.5726,0.0106,0.4168
CLUBS FIVE DIAMONDS SIX,0.6102,0.0102,0.3796
CLUBS FOUR DIAMONDS SIX,0.6256,0.0116,0.3628
HEARTS ACE HEARTS JACK,0.3328,0.0054,0.6618
DIAMONDS EIGHT CLUBS ACE,0.3542,0.003,0.6428
HEARTS QUEEN HEARTS JACK,0.224,0.0836,0.6924
DIAMONDS EIGHT CLUBS KING,0.3574,0.0094,0.6332
CLUBS NINE DIAMONDS SIX,0.6152,0.0126,0.3722
HEARTS KING HEARTS JACK,0.322,0.0094,0.6686
CLUBS EIGHT DIAMONDS SIX,0.5914,0.0116,0.397
SPADES TEN HEARTS KING,0.3358,0.0066,0.6576
SPADES FIVE DIAMONDS SIX,0.6006,0.0108,0.3886
HEARTS ACE SPADES TWO,0.3972,0.0066,0.5962
SPADES JACK HEARTS KING,0.3438,0.0066,0.6496
SPADES FOUR DIAMONDS SIX,0.6206,0.0124,0.367
SPADES THREE DIAMONDS SIX,0.645,0.0102,0.3448
HEARTS QUEEN SPADES TWO,0.4764,0.3056,0.218
SPADES ACE SPADES KING,0.307,0.0028,0.6902
HEARTS KING SPADES TWO,0.409,0.0074,0.5836
SPADES TWO DIAMONDS SIX,0.6442,0.0144,0.3414
HEARTS TEN HEARTS EIGHT,0.532,0.01,0.458
SPADES NINE DIAMONDS SIX,0.6118,0.0112,0.377
HEARTS JACK HEARTS EIGHT,0.543,0.0106,0.4464
SPADES EIGHT DIAMONDS SIX,0.5966,0.0112,0.3922
SPADES SEVEN DIAMONDS SIX,0.6624,0.0412,0.2964
SPADES SIX DIAMONDS SIX,0.4168,0.023,0.5602
SPADES KING HEARTS KING,0.123,0.0032,0.8738
SPADES QUEEN HEARTS KING,0.2268,0.0268,0.7464
CLUBS ACE CLUBS KING,0.309,0.005,0.686
SPADES ACE HEARTS KING,0.3084,0.0028,0.6888
SPADES ACE HEARTS JACK,0.3406,0.0028,0.6566
SPADES QUEEN HEARTS JACK,0.2246,0.0952,0.6802
SPADES KING HEARTS JACK,0.3326,0.0066,0.6608
SPADES TEN DIAMONDS TEN,0.2842,0.0136,0.7022
SPADES JACK DIAMONDS TEN,0.5406,0.0086,0.4508
SPADES ACE DIAMONDS TEN,0.3482,0.0024,0.6494
SPADES JACK HEARTS JACK,0.2716,0.0094,0.719
SPADES TEN HEARTS JACK,0.5406,0.0088,0.4506
SPADES QUEEN DIAMONDS TEN,0.2304,0.11,0.6596
SPADES KING DIAMONDS TEN,0.3364,0.005,0.6586
SPADES NINE DIAMONDS SEVEN,0.6772,0.0386,0.2842
SPADES EIGHT DIAMONDS SEVEN,0.6706,0.0324,0.297
SPADES SEVEN DIAMONDS SEVEN,0.2948,0.0274,0.6778
SPADES SIX DIAMONDS SEVEN,0.6608,0.0442,0.295
DIAMONDS KING DIAMONDS SEVEN,0.2268,0.0344,0.7388
HEARTS THREE DIAMONDS SEVEN,0.7128,0.0504,0.2368
HEARTS KING DIAMONDS FIVE,0.3928,0.0068,0.6004
DIAMONDS QUEEN DIAMONDS SEVEN,0.0212,0.9062,0.0726
HEARTS TWO DIAMONDS SEVEN,0.7284,0.0478,0.2238
HEARTS QUEEN DIAMONDS FIVE,0.4726,0.2906,0.2368
HEARTS FIVE DIAMONDS SEVEN,0.6876,0.0472,0.2652
DIAMONDS ACE DIAMONDS SEVEN,0.2316,0.0248,0.7436
HEARTS FOUR DIAMONDS SEVEN,0.693,0.0508,0.2562
HEARTS ACE DIAMONDS FIVE,0.3876,0.0058,0.6066
HEARTS SIX DIAMONDS SEVEN,0.676,0.041,0.283
DIAMONDS SEVEN HEARTS NINE,0.6654,0.042,0.2926
HEARTS EIGHT DIAMONDS SEVEN,0.6706,0.0394,0.29
DIAMONDS JACK DIAMONDS SEVEN,0.6558,0.0422,0.302
DIAMONDS FIVE HEARTS JACK,0.629,0.0104,0.3606
DIAMONDS TEN DIAMONDS SEVEN,0.657,0.0412,0.3018
HEARTS TEN DIAMONDS FIVE,0.6384,0.0104,0.3512
SPADES KING CLUBS TWO,0.3986,0.005,0.5964
HEARTS KING CLUBS KING,0.123,0.0036,0.8734
CLUBS EIGHT DIAMONDS SEVEN,0.6694,0.0412,0.2894
SPADES QUEEN CLUBS TWO,0.4734,0.3124,0.2142
CLUBS NINE DIAMONDS SEVEN,0.6752,0.0422,0.2826
SPADES TWO CLUBS JACK,0.6438,0.0142,0.342
SPADES ACE CLUBS TWO,0.3912,0.0048,0.604
CLUBS TEN SPADES TWO,0.6402,0.0146,0.3452
HEARTS KING CLUBS ACE,0.3114,0.0044,0.6842
CLUBS SEVEN CLUBS SIX,0.6296,0.0464,0.324
SPADES TWO CLUBS KING,0.3934,0.0102,0.5964
SPADES TWO DIAMONDS SEVEN,0.725,0.0476,0.2274
CLUBS EIGHT CLUBS SIX,0.5798,0.013,0.4072
SPADES THREE DIAMONDS SEVEN,0.7198,0.049,0.2312
CLUBS NINE CLUBS SIX,0.5712,0.0128,0.416
SPADES FOUR DIAMONDS SEVEN,0.689,0.0486,0.2624
HEARTS KING CLUBS JACK,0.3372,0.0056,0.6572
SPADES FIVE DIAMONDS SEVEN,0.667,0.0492,0.2838
SPADES TWO CLUBS ACE,0.3918,0.0042,0.604
CLUBS TEN HEARTS KING,0.3414,0.0092,0.6494
CLUBS SIX SPADES TWO,0.6532,0.0124,0.3344
CLUBS SIX SPADES THREE,0.6372,0.0098,0.353
CLUBS TWO DIAMONDS SEVEN,0.7236,0.0478,0.2286
CLUBS SIX SPADES FOUR,0.641,0.0114,0.3476
CLUBS THREE DIAMONDS SEVEN,0.716,0.0476,0.2364
CLUBS SIX SPADES FIVE,0.6044,0.0124,0.3832
CLUBS FOUR DIAMONDS SEVEN,0.704,0.047,0.249
CLUBS SIX SPADES SIX,0.4272,0.0278,0.545
CLUBS FIVE DIAMONDS SEVEN,0.6724,0.0486,0.279
CLUBS SIX SPADES SEVEN,0.666,0.0442,0.2898
CLUBS SIX DIAMONDS SEVEN,0.6746,0.0426,0.2828
CLUBS SIX SPADES EIGHT,0.61,0.0142,0.3758
SPADES JACK CLUBS TWO,0.6356,0.0108,0.3536
CLUBS SEVEN DIAMONDS SEVEN,0.2942,0.029,0.6768
SPADES NINE CLUBS SIX,0.6144,0.0122,0.3734
SPADES TEN CLUBS TWO,0.6324,0.0116,0.356
CLUBS TWO CLUBS KING,0.3924,0.0092,0.5984
CLUBS THREE DIAMONDS EIGHT,0.6318,0.0118,0.3564
CLUBS TWO CLUBS ACE,0.3736,0.0054,0.621
CLUBS TWO DIAMONDS EIGHT,0.6504,0.0104,0.3392
HEARTS SIX DIAMONDS EIGHT,0.6062,0.01,0.3838
DIAMONDS EIGHT HEARTS NINE,0.5554,0.012,0.4326
CLUBS TEN CLUBS TWO,0.597,0.014,0.389
DIAMONDS EIGHT HEARTS EIGHT,0.2974,0.0204,0.6822
CLUBS TWO CLUBS JACK,0.6152,0.0106,0.3742
CLUBS NINE DIAMONDS EIGHT,0.547,0.0098,0.4432
CLUBS EIGHT DIAMONDS EIGHT,0.3134,0.0206,0.666
CLUBS FIVE DIAMONDS EIGHT,0.6018,0.0116,0.3866
SPADES ACE SPADES THREE,0.378,0.0044,0.6176
CLUBS FOUR DIAMONDS EIGHT,0.6266,0.0158,0.3576
CLUBS SEVEN DIAMONDS EIGHT,0.6778,0.0438,0.2784
SPADES QUEEN SPADES THREE,0.448,0.281,0.271
CLUBS SIX DIAMONDS EIGHT,0.6106,0.0096,0.3798
SPADES KING SPADES THREE,0.3772,0.005,0.6178
DIAMONDS QUEEN DIAMONDS EIGHT,0.2118,0.211,0.5772
HEARTS TWO DIAMONDS EIGHT,0.643,0.0082,0.3488
DIAMONDS KING DIAMONDS EIGHT,0.3348,0.0044,0.6608
HEARTS THREE DIAMONDS EIGHT,0.6308,0.0134,0.3558
DIAMONDS ACE DIAMONDS EIGHT,0.327,0.0044,0.6686
HEARTS FOUR DIAMONDS EIGHT,0.6154,0.0144,0.3702
HEARTS FIVE DIAMONDS EIGHT,0.6106,0.011,0.3784
DIAMONDS EIGHT DIAMONDS TEN,0.525,0.0092,0.4658
DIAMONDS EIGHT DIAMONDS JACK,0.5398,0.0102,0.45
SPADES JACK SPADES THREE,0.5926,0.0082,0.3992
SPADES TEN SPADES THREE,0.5892,0.0114,0.3994
CLUBS FOUR HEARTS ACE,0.3926,0.0058,0.6016
CLUBS FOUR HEARTS QUEEN,0.4658,0.3154,0.2188
CLUBS FOUR HEARTS KING,0.3834,0.0068,0.6098
CLUBS SIX HEARTS TEN,0.6298,0.0112,0.359
CLUBS SIX HEARTS JACK,0.6304,0.0088,0.3608
DIAMONDS EIGHT SPADES FOUR,0.6194,0.0096,0.371
SPADES FIVE DIAMONDS EIGHT,0.612,0.0128,0.3752
DIAMONDS EIGHT SPADES TWO,0.6352,0.0104,0.3544
DIAMONDS EIGHT SPADES THREE,0.6322,0.012,0.3558
CLUBS FOUR HEARTS JACK,0.6214,0.0102,0.3684
SPADES EIGHT DIAMONDS EIGHT,0.3008,0.0212,0.678
SPADES TEN DIAMONDS QUEEN,0.2186,0.113,0.6684
SPADES TEN HEARTS TWO,0.6324,0.0116,0.356
SPADES JACK HEARTS EIGHT,0.5706,0.0086,0.4208
CLUBS FOUR HEARTS TEN,0.618,0.0102,0.3718
SPADES NINE DIAMONDS EIGHT,0.5552,0.0096,0.4352
SPADES TEN HEARTS EIGHT,0.556,0.0088,0.4352
SPADES JACK HEARTS TWO,0.64,0.0114,0.3486
SPADES JACK DIAMONDS QUEEN,0.2296,0.0932,0.6772
SPADES SIX DIAMONDS EIGHT,0.5992,0.0096,0.3912
SPADES SEVEN DIAMONDS EIGHT,0.666,0.037,0.297
SPADES ACE HEARTS TWO,0.3954,0.004,0.6006
SPADES ACE DIAMONDS QUEEN,0.2414,0.011,0.7476
SPADES ACE HEARTS EIGHT,0.3502,0.0034,0.6464
SPADES KING HEARTS EIGHT,0.3482,0.0068,0.645
SPADES QUEEN HEARTS TWO,0.469,0.3114,0.2196
SPADES QUEEN DIAMONDS QUEEN,0.0802,0.0214,0.8984
SPADES KING DIAMONDS QUEEN,0.2356,0.026,0.7384
SPADES KING HEARTS TWO,0.4134,0.0082,0.5784
SPADES QUEEN HEARTS EIGHT,0.2182,0.2248,0.557
CLUBS TWO HEARTS TEN,0.62,0.0136,0.3664
CLUBS TWO HEARTS JACK,0.635,0.0118,0.3532
SPADES SEVEN DIAMONDS NINE,0.6768,0.0398,0.2834
SPADES SIX DIAMONDS NINE,0.6152,0.0076,0.3772
SPADES NINE DIAMONDS NINE,0.2942,0.0172,0.6886
SPADES EIGHT DIAMONDS NINE,0.5674,0.0108,0.4218
SPADES TEN CLUBS KING,0.3318,0.0076,0.6606
DIAMONDS NINE SPADES THREE,0.6154,0.012,0.3726
SPADES JACK CLUBS KING,0.3364,0.0054,0.6582
DIAMONDS NINE SPADES TWO,0.6336,0.0116,0.3548
DIAMONDS NINE SPADES FIVE,0.6204,0.0102,0.3694
DIAMONDS NINE SPADES FOUR,0.636,0.0082,0.3558
CLUBS NINE DIAMONDS NINE,0.308,0.0174,0.6746
CLUBS EIGHT DIAMONDS NINE,0.5654,0.0116,0.423
CLUBS SIX DIAMONDS NINE,0.6104,0.0104,0.3792
SPADES JACK CLUBS FOUR,0.6254,0.0098,0.3648
CLUBS SEVEN DIAMONDS NINE,0.6788,0.0452,0.276
SPADES TEN CLUBS FOUR,0.6354,0.0122,0.3524
CLUBS FOUR DIAMONDS NINE,0.6142,0.0108,0.375
CLUBS FIVE DIAMONDS NINE,0.6256,0.0132,0.3612
DIAMONDS NINE CLUBS TWO,0.6484,0.0138,0.3378
CLUBS THREE DIAMONDS NINE,0.641,0.0104,0.3486
DIAMONDS NINE HEARTS EIGHT,0.5622,0.0106,0.4272
DIAMONDS NINE HEARTS NINE,0.2836,0.0182,0.6982
HEARTS SIX DIAMONDS NINE,0.6136,0.01,0.3764
CLUBS NINE CLUBS EIGHT,0.5342,0.0122,0.4536
DIAMONDS ACE DIAMONDS NINE,0.3242,0.004,0.6718
HEARTS FOUR DIAMONDS NINE,0.6222,0.0118,0.366
HEARTS FIVE DIAMONDS NINE,0.6138,0.011,0.3752
HEARTS ACE CLUBS TWO,0.4058,0.006,0.5882
SPADES ACE CLUBS FOUR,0.3888,0.004,0.6072
DIAMONDS QUEEN DIAMONDS NINE,0.224,0.1556,0.6204
HEARTS TWO DIAMONDS NINE,0.6444,0.011,0.3446
CLUBS TWO HEARTS KING,0.4142,0.0092,0.5766
SPADES KING CLUBS FOUR,0.3902,0.009,0.6008
DIAMONDS KING DIAMONDS NINE,0.3268,0.0074,0.6658
HEARTS THREE DIAMONDS NINE,0.6274,0.0092,0.3634
CLUBS TWO HEARTS QUEEN,0.4692,0.3066,0.2242
SPADES QUEEN CLUBS FOUR,0.4774,0.3038,0.2188
DIAMONDS NINE DIAMONDS JACK,0.5346,0.0112,0.4542
CLUBS EIGHT SPADES NINE,0.5558,0.0094,0.4348
DIAMONDS NINE DIAMONDS TEN,0.5216,0.01,0.4684
CLUBS EIGHT SPADES EIGHT,0.3018,0.0258,0.6724
CLUBS EIGHT SPADES SEVEN,0.6678,0.0386,0.2936
CLUBS EIGHT SPADES SIX,0.6048,0.0106,0.3846
CLUBS EIGHT SPADES FIVE,0.6022,0.017,0.3808
CLUBS EIGHT SPADES FOUR,0.617,0.0112,0.3718
CLUBS EIGHT SPADES THREE,0.6334,0.0118,0.3548
CLUBS EIGHT SPADES TWO,0.6338,0.0128,0.3534
HEARTS SIX DIAMONDS TEN,0.6262,0.008,0.3658
DIAMONDS TEN HEARTS EIGHT,0.5618,0.0072,0.431
CLUBS FOUR CLUBS JACK,0.6048,0.0118,0.3834
DIAMONDS TEN HEARTS NINE,0.543,0.012,0.445
CLUBS TEN CLUBS FOUR,0.5846,0.0114,0.404
CLUBS FOUR CLUBS KING,0.3618,0.009,0.6292
CLUBS TWO DIAMONDS TEN,0.6362,0.0124,0.3514
CLUBS THREE DIAMONDS TEN,0.6286,0.0126,0.3588
CLUBS FOUR CLUBS ACE,0.364,0.0054,0.6306
DIAMONDS JACK DIAMONDS TEN,0.5078,0.011,0.4812
DIAMONDS QUEEN DIAMONDS TEN,0.231,0.1086,0.6604
HEARTS TWO DIAMONDS TEN,0.6482,0.0114,0.3404
DIAMONDS KING DIAMONDS TEN,0.3168,0.0068,0.6764
HEARTS THREE DIAMONDS TEN,0.6316,0.0088,0.3596
DIAMONDS ACE DIAMONDS TEN,0.3242,0.0026,0.6732
HEARTS FOUR DIAMONDS TEN,0.6204,0.0104,0.3692
CLUBS EIGHT HEARTS JACK,0.5748,0.0122,0.413
HEARTS FIVE DIAMONDS TEN,0.6304,0.0116,0.358
CLUBS EIGHT HEARTS TEN,0.5846,0.0076,0.4078
CLUBS EIGHT HEARTS QUEEN,0.2188,0.2248,0.5564
CLUBS EIGHT HEARTS KING,0.353,0.0072,0.6398
CLUBS EIGHT HEARTS ACE,0.361,0.0056,0.6334
CLUBS NINE SPADES THREE,0.6306,0.013,0.3564
CLUBS NINE SPADES TWO,0.6356,0.0116,0.3528
CLUBS NINE SPADES FIVE,0.632,0.011,0.357
CLUBS NINE SPADES FOUR,0.6444,0.0096,0.346
CLUBS NINE SPADES SEVEN,0.6926,0.0448,0.2626
CLUBS NINE SPADES SIX,0.6126,0.009,0.3784
CLUBS NINE SPADES NINE,0.2932,0.0196,0.6872
CLUBS TEN HEARTS EIGHT,0.5614,0.0128,0.4258
CLUBS NINE SPADES EIGHT,0.5702,0.0096,0.4202
HEARTS EIGHT CLUBS JACK,0.5686,0.0132,0.4182
CLUBS KING HEARTS EIGHT,0.3366,0.0066,0.6568
CLUBS ACE HEARTS EIGHT,0.3534,0.0032,0.6434
SPADES KING CLUBS KING,0.1348,0.0044,0.8608
SPADES QUEEN CLUBS KING,0.2302,0.0236,0.7462
SPADES ACE CLUBS KING,0.3198,0.0038,0.6764
DIAMONDS ACE HEARTS TEN,0.3454,0.003,0.6516
HEARTS FOUR HEARTS TEN,0.5936,0.0136,0.3928
DIAMONDS ACE HEARTS JACK,0.3424,0.004,0.6536
HEARTS FOUR HEARTS JACK,0.601,0.012,0.387
SPADES KING CLUBS FIVE,0.401,0.006,0.593
SPADES QUEEN CLUBS FIVE,0.4678,0.3102,0.222
SPADES ACE CLUBS FIVE,0.3972,0.0036,0.5992
HEARTS SIX DIAMONDS JACK,0.619,0.0104,0.3706
DIAMONDS JACK HEARTS NINE,0.562,0.0094,0.4286
DIAMONDS JACK HEARTS EIGHT,0.5826,0.0094,0.408
DIAMONDS KING DIAMONDS JACK,0.317,0.007,0.676
HEARTS THREE DIAMONDS JACK,0.6306,0.0126,0.3568
SPADES ACE SPADES SIX,0.371,0.0036,0.6254
HEARTS ACE SPADES FOUR,0.3792,0.0044,0.6164
DIAMONDS QUEEN DIAMONDS JACK,0.2222,0.0888,0.689
HEARTS TWO DIAMONDS JACK,0.6376,0.0078,0.3546
HEARTS FIVE DIAMONDS JACK,0.64,0.0106,0.3494
SPADES QUEEN SPADES SIX,0.4458,0.2888,0.2654
SPADES FOUR HEARTS QUEEN,0.47,0.2998,0.2302
DIAMONDS ACE DIAMONDS JACK,0.3242,0.004,0.6718
HEARTS FOUR DIAMONDS JACK,0.613,0.013,0.374
SPADES KING SPADES SIX,0.3676,0.0068,0.6256
SPADES FOUR HEARTS KING,0.3904,0.0082,0.6014
SPADES TEN SPADES SIX,0.5686,0.009,0.4224
SPADES JACK SPADES SIX,0.5874,0.01,0.4026
SPADES FOUR DIAMONDS JACK,0.6172,0.0128,0.37
SPADES FIVE DIAMONDS JACK,0.6278,0.0084,0.3638
DIAMONDS JACK SPADES TWO,0.6338,0.0082,0.358
DIAMONDS JACK SPADES THREE,0.6136,0.0102,0.3762
SPADES ACE DIAMONDS THREE,0.4014,0.005,0.5936
SPADES QUEEN DIAMONDS THREE,0.4666,0.299,0.2344
CLUBS EIGHT DIAMONDS JACK,0.5876,0.01,0.4024
SPADES KING DIAMONDS THREE,0.3854,0.0052,0.6094
CLUBS NINE DIAMONDS JACK,0.563,0.01,0.427
CLUBS SIX DIAMONDS JACK,0.6384,0.0096,0.352
CLUBS SEVEN DIAMONDS JACK,0.714,0.0428,0.2432
CLUBS FOUR DIAMONDS JACK,0.6276,0.0116,0.3608
CLUBS FIVE DIAMONDS JACK,0.6298,0.009,0.3612
CLUBS TWO DIAMONDS JACK,0.6194,0.0116,0.369
CLUBS THREE DIAMONDS JACK,0.6242,0.01,0.3658
SPADES TEN CLUBS FIVE,0.631,0.01,0.359
HEARTS SIX SPADES JACK,0.638,0.0098,0.3522
HEARTS SIX SPADES TEN,0.6234,0.0098,0.3668
SPADES JACK CLUBS FIVE,0.6398,0.0128,0.3474
SPADES JACK DIAMONDS THREE,0.6368,0.0102,0.353
CLUBS SEVEN CLUBS ACE,0.2194,0.0228,0.7578
DIAMONDS THREE SPADES TEN,0.6164,0.01,0.3736
CLUBS SEVEN CLUBS KING,0.2292,0.0364,0.7344
SPADES NINE DIAMONDS JACK,0.562,0.0082,0.4298
CLUBS TEN CLUBS SEVEN,0.6676,0.0426,0.2898
DIAMONDS ACE HEARTS ACE,0.1268,0.0026,0.8706
HEARTS FOUR HEARTS ACE,0.364,0.0042,0.6318
SPADES EIGHT DIAMONDS JACK,0.5748,0.0118,0.4134
SPADES ACE HEARTS SIX,0.3904,0.0044,0.6052
CLUBS SEVEN CLUBS JACK,0.68,0.0388,0.2812
DIAMONDS ACE HEARTS KING,0.3122,0.003,0.6848
HEARTS FOUR HEARTS KING,0.3634,0.0064,0.6302
SPADES SEVEN DIAMONDS JACK,0.7034,0.047,0.2496
SPADES KING HEARTS SIX,0.385,0.0078,0.6072
DIAMONDS ACE HEARTS QUEEN,0.228,0.0136,0.7584
HEARTS FOUR HEARTS QUEEN,0.442,0.301,0.257
SPADES QUEEN HEARTS SIX,0.4748,0.296,0.2292
SPADES SIX DIAMONDS JACK,0.6426,0.0086,0.3488
DIAMONDS TEN SPADES TWO,0.6304,0.0086,0.361
SPADES THREE DIAMONDS TEN,0.6238,0.0116,0.3646
SPADES FOUR DIAMONDS TEN,0.6178,0.0098,0.3724
SPADES FIVE DIAMONDS TEN,0.6204,0.0132,0.3664
SPADES SIX DIAMONDS TEN,0.6242,0.0106,0.3652
SPADES SEVEN DIAMONDS TEN,0.6814,0.0416,0.277
SPADES EIGHT DIAMONDS TEN,0.5758,0.007,0.4172
SPADES NINE DIAMONDS TEN,0.5456,0.009,0.4454
CLUBS FOUR DIAMONDS TEN,0.6316,0.0132,0.3552
CLUBS FIVE DIAMONDS TEN,0.6436,0.013,0.3434
CLUBS SIX DIAMONDS TEN,0.6306,0.0108,0.3586
CLUBS SEVEN DIAMONDS TEN,0.6914,0.0444,0.2642
CLUBS EIGHT DIAMONDS TEN,0.58,0.009,0.411
CLUBS NINE DIAMONDS TEN,0.5548,0.0102,0.435
DIAMONDS THREE CLUBS JACK,0.6244,0.0126,0.363
CLUBS TEN DIAMONDS THREE,0.644,0.011,0.345
DIAMONDS THREE CLUBS KING,0.3992,0.0084,0.5924
DIAMONDS THREE CLUBS ACE,0.389,0.006,0.605
SPADES FOUR HEARTS JACK,0.618,0.0122,0.3698
SPADES FOUR HEARTS TEN,0.6182,0.0146,0.3672
SPADES FIVE SPADES TWO,0.591,0.013,0.396
SPADES FOUR SPADES TWO,0.5944,0.0128,0.3928
SPADES THREE SPADES TWO,0.5866,0.0114,0.402
SPADES NINE SPADES TWO,0.5896,0.0128,0.3976
SPADES EIGHT SPADES TWO,0.5974,0.0114,0.3912
SPADES SEVEN SPADES TWO,0.6858,0.0436,0.2706
SPADES SIX SPADES TWO,0.6064,0.0104,0.3832
DIAMONDS QUEEN CLUBS THREE,0.4686,0.3078,0.2236
CLUBS THREE HEARTS TWO,0.6532,0.0158,0.331
DIAMONDS QUEEN CLUBS TWO,0.4684,0.3174,0.2142
HEARTS TWO CLUBS TWO,0.451,0.0292,0.5198
HEARTS SIX DIAMONDS QUEEN,0.4764,0.3044,0.2192
HEARTS SIX HEARTS TWO,0.6202,0.0134,0.3664
DIAMONDS QUEEN HEARTS NINE,0.211,0.163,0.626
HEARTS TWO HEARTS NINE,0.6078,0.0092,0.383
DIAMONDS QUEEN HEARTS EIGHT,0.2258,0.2206,0.5536
HEARTS TWO HEARTS EIGHT,0.5948,0.012,0.3932
CLUBS NINE HEARTS TWO,0.6338,0.0158,0.3504
CLUBS NINE DIAMONDS QUEEN,0.2192,0.1764,0.6044
CLUBS EIGHT HEARTS TWO,0.647,0.013,0.34
CLUBS EIGHT DIAMONDS QUEEN,0.235,0.2252,0.5398
CLUBS FIVE DIAMONDS QUEEN,0.4648,0.3064,0.2288
CLUBS FIVE HEARTS TWO,0.6424,0.0134,0.3442
SPADES EIGHT HEARTS ACE,0.356,0.0038,0.6402
DIAMONDS QUEEN CLUBS FOUR,0.4704,0.2976,0.232
HEARTS TWO CLUBS FOUR,0.6586,0.0148,0.3266
CLUBS SEVEN DIAMONDS QUEEN,0.0192,0.9692,0.0116
CLUBS SEVEN HEARTS TWO,0.7288,0.0512,0.22
SPADES EIGHT HEARTS QUEEN,0.223,0.2234,0.5536
CLUBS SIX DIAMONDS QUEEN,0.4738,0.301,0.2252
CLUBS SIX HEARTS TWO,0.665,0.0136,0.3214
SPADES EIGHT HEARTS KING,0.3532,0.0064,0.6404
HEARTS TWO SPADES SIX,0.6624,0.0108,0.3268
DIAMONDS QUEEN SPADES SIX,0.468,0.3098,0.2222
DIAMONDS QUEEN SPADES SEVEN,0.0192,0.9576,0.0232
HEARTS TWO SPADES SEVEN,0.7312,0.0546,0.2142
HEARTS FOUR CLUBS KING,0.3932,0.0076,0.5992
DIAMONDS ACE CLUBS KING,0.3146,0.004,0.6814
DIAMONDS QUEEN SPADES EIGHT,0.2352,0.2256,0.5392
SPADES EIGHT HEARTS TWO,0.6368,0.0122,0.351
HEARTS FOUR CLUBS ACE,0.3786,0.0062,0.6152
DIAMONDS ACE CLUBS ACE,0.124,0.003,0.873
SPADES NINE DIAMONDS QUEEN,0.2312,0.1542,0.6146
SPADES NINE HEARTS TWO,0.6336,0.0098,0.3566
HEARTS TWO SPADES TWO,0.443,0.0248,0.5322
DIAMONDS QUEEN SPADES TWO,0.4822,0.3032,0.2146
HEARTS TWO SPADES THREE,0.6476,0.0118,0.3406
DIAMONDS QUEEN SPADES THREE,0.4676,0.2992,0.2332
HEARTS TWO SPADES FOUR,0.6388,0.0122,0.349
DIAMONDS QUEEN SPADES FOUR,0.4684,0.3002,0.2314
HEARTS FOUR CLUBS TEN,0.632,0.0128,0.3552
CLUBS TEN DIAMONDS ACE,0.3468,0.0034,0.6498
HEARTS TWO SPADES FIVE,0.634,0.0144,0.3516
DIAMONDS QUEEN SPADES FIVE,0.4628,0.3006,0.2366
HEARTS FOUR CLUBS JACK,0.6384,0.0094,0.3522
DIAMONDS ACE CLUBS JACK,0.3606,0.0048,0.6346
CLUBS FIVE CLUBS KING,0.3836,0.0076,0.6088
CLUBS FIVE CLUBS ACE,0.3752,0.0052,0.6196
CLUBS FIVE CLUBS JACK,0.5868,0.0114,0.4018
CLUBS TEN CLUBS FIVE,0.6134,0.011,0.3756
SPADES KING CLUBS JACK,0.3444,0.0054,0.6502
SPADES QUEEN CLUBS JACK,0.2362,0.0876,0.6762
SPADES ACE CLUBS JACK,0.357,0.003,0.64
SPADES SIX CLUBS KING,0.379,0.0058,0.6152
SPADES EIGHT HEARTS JACK,0.567,0.0122,0.4208
SPADES SIX CLUBS ACE,0.4016,0.0038,0.5946
SPADES EIGHT HEARTS TEN,0.5626,0.0068,0.4306
SPADES SIX CLUBS JACK,0.6356,0.0112,0.3532
CLUBS TEN SPADES SIX,0.6266,0.0102,0.3632
SPADES TEN CLUBS JACK,0.556,0.011,0.433
SPADES JACK CLUBS JACK,0.2788,0.008,0.7132
SPADES QUEEN CLUBS SEVEN,0.0178,0.9704,0.0118
SPADES KING CLUBS SEVEN,0.2394,0.039,0.7216
SPADES ACE CLUBS SEVEN,0.2476,0.0244,0.728
SPADES SIX HEARTS TEN,0.6154,0.0104,0.3742
SPADES SIX HEARTS JACK,0.6322,0.0126,0.3552
SPADES SIX HEARTS ACE,0.3896,0.003,0.6074
SPADES SIX HEARTS KING,0.3978,0.0068,0.5954
SPADES SIX HEARTS QUEEN,0.4614,0.3064,0.2322
CLUBS SEVEN SPADES JACK,0.7072,0.0434,0.2494
CLUBS SEVEN SPADES TEN,0.6882,0.0412,0.2706
CLUBS TEN HEARTS SIX,0.6292,0.0114,0.3594
HEARTS SIX CLUBS JACK,0.63,0.0138,0.3562
CLUBS ACE CLUBS JACK,0.3294,0.0044,0.6662
HEARTS SIX CLUBS KING,0.3786,0.0082,0.6132
HEARTS SIX CLUBS ACE,0.3796,0.0042,0.6162
CLUBS KING CLUBS JACK,0.326,0.007,0.667
DIAMONDS THREE HEARTS ACE,0.3976,0.0062,0.5962
DIAMONDS THREE HEARTS QUEEN,0.4536,0.3148,0.2316
DIAMONDS THREE HEARTS KING,0.3874,0.0076,0.605
CLUBS FIVE HEARTS JACK,0.6346,0.0122,0.3532
SPADES TEN DIAMONDS ACE,0.358,0.0032,0.6388
HEARTS FOUR SPADES TEN,0.635,0.009,0.356
CLUBS FIVE HEARTS TEN,0.6362,0.011,0.3528
HEARTS FOUR SPADES JACK,0.6234,0.01,0.3666
SPADES JACK DIAMONDS ACE,0.3548,0.0032,0.642
SPADES ACE HEARTS FOUR,0.3908,0.0058,0.6034
SPADES ACE DIAMONDS ACE,0.1294,0.0028,0.8678
CLUBS FIVE HEARTS ACE,0.3874,0.0034,0.6092
CLUBS FIVE HEARTS KING,0.3932,0.009,0.5978
HEARTS FOUR SPADES QUEEN,0.4756,0.306,0.2184
SPADES QUEEN DIAMONDS ACE,0.228,0.0152,0.7568
SPADES FOUR CLUBS JACK,0.6294,0.0108,0.3598
CLUBS FIVE HEARTS QUEEN,0.4506,0.3148,0.2346
SPADES KING DIAMONDS ACE,0.3332,0.0038,0.663
HEARTS FOUR SPADES KING,0.3986,0.0076,0.5938
CLUBS TEN SPADES FOUR,0.632,0.0116,0.3564
DIAMONDS QUEEN DIAMONDS ACE,0.2284,0.0116,0.76
HEARTS TWO DIAMONDS ACE,0.4098,0.0044,0.5858
HEARTS FOUR DIAMONDS QUEEN,0.4728,0.2968,0.2304
HEARTS FOUR HEARTS TWO,0.6086,0.012,0.3794
DIAMONDS THREE HEARTS TEN,0.6194,0.0126,0.368
SPADES FOUR CLUBS KING,0.3884,0.0084,0.6032
HEARTS FIVE DIAMONDS QUEEN,0.488,0.2894,0.2226
HEARTS FIVE HEARTS TWO,0.6168,0.014,0.3692
DIAMONDS THREE HEARTS JACK,0.613,0.0126,0.3744
DIAMONDS QUEEN HEARTS TWO,0.4842,0.302,0.2138
DIAMONDS KING DIAMONDS QUEEN,0.2256,0.0254,0.749
DIAMONDS KING HEARTS TWO,0.3998,0.0066,0.5936
HEARTS THREE DIAMONDS QUEEN,0.48,0.302,0.218
HEARTS THREE HEARTS TWO,0.6122,0.0138,0.374
SPADES FOUR CLUBS ACE,0.3904,0.003,0.6066
HEARTS TWO CLUBS ACE,0.415,0.005,0.58
DIAMONDS QUEEN CLUBS ACE,0.2188,0.0164,0.7648
HEARTS TWO CLUBS KING,0.4078,0.007,0.5852
DIAMONDS QUEEN CLUBS KING,0.235,0.0266,0.7384
SPADES EIGHT SPADES FIVE,0.5766,0.0116,0.4118
CLUBS TEN HEARTS TWO,0.6344,0.012,0.3536
CLUBS TEN DIAMONDS QUEEN,0.2332,0.1156,0.6512
SPADES NINE SPADES FIVE,0.5736,0.0108,0.4156
HEARTS TWO CLUBS JACK,0.6398,0.01,0.3502
DIAMONDS QUEEN CLUBS JACK,0.2264,0.0882,0.6854
SPADES SIX SPADES FIVE,0.568,0.0112,0.4208
SPADES SEVEN SPADES FIVE,0.6406,0.0426,0.3168
SPADES EIGHT CLUBS ACE,0.3508,0.0028,0.6464
DIAMONDS FIVE CLUBS KING,0.401,0.0058,0.5932
SPADES EIGHT CLUBS KING,0.3598,0.0078,0.6324
DIAMONDS FIVE CLUBS ACE,0.378,0.005,0.617
SPADES EIGHT CLUBS JACK,0.5994,0.0086,0.392
CLUBS TEN SPADES EIGHT,0.5708,0.0116,0.4176
CLUBS TEN DIAMONDS FIVE,0.6266,0.0122,0.3612
DIAMONDS FIVE CLUBS JACK,0.6268,0.0116,0.3616
DIAMONDS TEN HEARTS JACK,0.546,0.0084,0.4456
DIAMONDS TEN HEARTS TEN,0.2902,0.014,0.6958
SPADES ACE CLUBS NINE,0.3694,0.0036,0.627
CLUBS NINE SPADES QUEEN,0.2342,0.1656,0.6002
