opposingHand,winningChance,drawChance,lostChance
HEARTS QUEEN HEARTS TEN
CLUBS JACK SPADES EIGHT,0.6626,0.0076,0.3298
DIAMONDS THREE DIAMONDS TEN,0.7024,0.0404,0.2572
HEARTS THREE DIAMONDS KING,0.468,0.0054,0.5266
SPADES SIX HEARTS NINE,0.6692,0.0094,0.3214
SPADES NINE DIAMONDS SEVEN,0.6618,0.0076,0.3306
HEARTS THREE HEARTS SEVEN,0.6758,0.0122,0.312
DIAMONDS ACE SPADES THREE,0.4762,0.0044,0.5194
SPADES ACE SPADES QUEEN,0.2806,0.0146,0.7048
CLUBS FIVE HEARTS KING,0.4686,0.0074,0.524
CLUBS FIVE HEARTS NINE,0.6842,0.0088,0.307
SPADES EIGHT DIAMONDS KING,0.4676,0.0066,0.5258
CLUBS FIVE DIAMONDS FOUR,0.651,0.01,0.339
DIAMONDS EIGHT HEARTS NINE,0.6692,0.0094,0.3214
CLUBS TWO DIAMONDS SIX,0.6732,0.0098,0.317
CLUBS NINE CLUBS SEVEN,0.6222,0.0106,0.3672
DIAMONDS TWO CLUBS SEVEN,0.6898,0.0104,0.2998
DIAMONDS TWO SPADES QUEEN,0.6652,0.1138,0.221
SPADES TEN SPADES EIGHT,0.6736,0.0436,0.2828
SPADES SIX HEARTS JACK,0.6752,0.008,0.3168
CLUBS TWO SPADES THREE,0.6692,0.012,0.3188
SPADES FIVE CLUBS QUEEN,0.6628,0.1144,0.2228
HEARTS FIVE CLUBS NINE,0.6828,0.0122,0.305
HEARTS TWO HEARTS JACK,0.6874,0.0118,0.3008
SPADES TEN DIAMONDS FIVE,0.7358,0.045,0.2192
HEARTS SIX CLUBS QUEEN,0.6636,0.112,0.2244
SPADES KING DIAMONDS TEN,0.2862,0.0308,0.683
DIAMONDS THREE SPADES SEVEN,0.6838,0.0086,0.3076
HEARTS FOUR HEARTS ACE,0.4032,0.0066,0.5902
CLUBS EIGHT DIAMONDS QUEEN,0.667,0.1202,0.2128
CLUBS SIX HEARTS SEVEN,0.6408,0.0122,0.347
HEARTS ACE HEARTS SEVEN,0.4238,0.0064,0.5698
DIAMONDS THREE DIAMONDS EIGHT,0.655,0.0126,0.3324
HEARTS SIX HEARTS NINE,0.6672,0.0094,0.3234
HEARTS FOUR SPADES JACK,0.6632,0.0078,0.329
CLUBS TWO HEARTS KING,0.4708,0.0058,0.5234
DIAMONDS THREE DIAMONDS QUEEN,0.6262,0.1152,0.2586
CLUBS FOUR DIAMONDS SIX,0.6594,0.0106,0.33
HEARTS KING HEARTS SEVEN,0.4176,0.0056,0.5768
SPADES EIGHT HEARTS SEVEN,0.6556,0.0112,0.3332
SPADES NINE DIAMONDS FIVE,0.6932,0.0098,0.297
DIAMONDS KING DIAMONDS JACK,0.3976,0.0096,0.5928
DIAMONDS SIX DIAMONDS FOUR,0.6196,0.0088,0.3716
HEARTS FIVE CLUBS KING,0.4694,0.0066,0.524
HEARTS FIVE SPADES JACK,0.6854,0.0086,0.306
HEARTS SIX CLUBS THREE,0.6594,0.0108,0.3298
HEARTS FIVE HEARTS ACE,0.4336,0.006,0.5604
DIAMONDS ACE HEARTS ACE,0.186,0.0034,0.8106
SPADES JACK CLUBS FIVE,0.6786,0.0098,0.3116
CLUBS SEVEN DIAMONDS JACK,0.6908,0.008,0.3012
HEARTS FIVE CLUBS THREE,0.6442,0.013,0.3428
HEARTS FIVE DIAMONDS FIVE,0.503,0.0152,0.4818
CLUBS EIGHT CLUBS SIX,0.6244,0.0102,0.3654
CLUBS SEVEN CLUBS QUEEN,0.6252,0.105,0.2698
CLUBS SIX DIAMONDS KING,0.4666,0.0072,0.5262
CLUBS NINE CLUBS QUEEN,0.6278,0.1092,0.263
SPADES JACK HEARTS KING,0.3876,0.0068,0.6056
SPADES JACK CLUBS THREE,0.6856,0.0096,0.3048
CLUBS EIGHT CLUBS TWO,0.661,0.0114,0.3276
DIAMONDS KING HEARTS ACE,0.3782,0.006,0.6158
SPADES SIX SPADES TWO,0.6456,0.0074,0.347
DIAMONDS ACE DIAMONDS QUEEN,0.29,0.0114,0.6986
DIAMONDS TWO HEARTS JACK,0.6786,0.0078,0.3136
SPADES SEVEN HEARTS KING,0.4576,0.0074,0.535
SPADES ACE HEARTS SEVEN,0.4618,0.005,0.5332
DIAMONDS EIGHT CLUBS QUEEN,0.6798,0.1076,0.2126
DIAMONDS JACK CLUBS ACE,0.4084,0.0042,0.5874
CLUBS TEN CLUBS SEVEN,0.6884,0.0428,0.2688
HEARTS FIVE HEARTS EIGHT,0.6658,0.015,0.3192
SPADES QUEEN DIAMONDS JACK,0.2944,0.0824,0.6232
SPADES ACE CLUBS EIGHT,0.4592,0.0036,0.5372
HEARTS THREE CLUBS FIVE,0.6478,0.012,0.3402
CLUBS SIX CLUBS ACE,0.443,0.0044,0.5526
DIAMONDS SIX CLUBS KING,0.4716,0.0074,0.521
CLUBS JACK SPADES SIX,0.6862,0.008,0.3058
SPADES SEVEN HEARTS SEVEN,0.5068,0.0156,0.4776
CLUBS EIGHT HEARTS NINE,0.664,0.0104,0.3256
CLUBS JACK CLUBS KING,0.3938,0.0064,0.5998
SPADES ACE SPADES FIVE,0.435,0.0048,0.5602
SPADES QUEEN CLUBS NINE,0.6582,0.1182,0.2236
DIAMONDS NINE CLUBS KING,0.442,0.0098,0.5482
HEARTS FOUR HEARTS SEVEN,0.659,0.0132,0.3278
DIAMONDS JACK DIAMONDS EIGHT,0.6208,0.0088,0.3704
SPADES ACE SPADES SIX,0.4368,0.0034,0.5598
CLUBS TWO SPADES FOUR,0.668,0.014,0.318
SPADES QUEEN CLUBS ACE,0.3148,0.0158,0.6694
SPADES FOUR HEARTS NINE,0.6996,0.013,0.2874
CLUBS TEN SPADES TEN,0.3646,0.0228,0.6126
SPADES QUEEN CLUBS EIGHT,0.6732,0.1144,0.2124
SPADES THREE DIAMONDS FIVE,0.6578,0.0098,0.3324
SPADES NINE CLUBS TWO,0.7158,0.0104,0.2738
SPADES ACE CLUBS JACK,0.4222,0.0048,0.573
SPADES EIGHT SPADES THREE,0.657,0.0112,0.3318
SPADES SIX SPADES FOUR,0.611,0.0092,0.3798
SPADES SIX DIAMONDS NINE,0.6736,0.0092,0.3172
SPADES QUEEN HEARTS FOUR,0.6578,0.1132,0.229
HEARTS THREE DIAMONDS NINE,0.6982,0.0144,0.2874
SPADES JACK SPADES TWO,0.6364,0.0104,0.3532
CLUBS JACK CLUBS ACE,0.393,0.0038,0.6032
SPADES KING DIAMONDS SIX,0.478,0.0058,0.5162
SPADES JACK DIAMONDS NINE,0.6646,0.0104,0.325
HEARTS SIX DIAMONDS QUEEN,0.6536,0.1256,0.2208
SPADES THREE HEARTS EIGHT,0.698,0.0126,0.2894
DIAMONDS THREE SPADES TWO,0.6678,0.0108,0.3214
HEARTS TWO HEARTS NINE,0.6886,0.0086,0.3028
HEARTS SIX DIAMONDS TWO,0.6874,0.0102,0.3024
CLUBS TEN CLUBS FIVE,0.6986,0.0404,0.261
SPADES KING SPADES JACK,0.388,0.0062,0.6058
DIAMONDS ACE SPADES EIGHT,0.4626,0.0046,0.5328
SPADES QUEEN HEARTS SEVEN,0.6724,0.1162,0.2114
DIAMONDS JACK DIAMONDS SIX,0.6342,0.0078,0.358
HEARTS ACE DIAMONDS SIX,0.4524,0.0062,0.5414
DIAMONDS EIGHT DIAMONDS SEVEN,0.6164,0.0076,0.376
SPADES SIX DIAMONDS TEN,0.723,0.0424,0.2346
HEARTS THREE CLUBS FOUR,0.6492,0.0118,0.339
HEARTS TWO CLUBS ACE,0.4852,0.0032,0.5116
HEARTS JACK CLUBS QUEEN,0.26,0.0886,0.6514
CLUBS TEN HEARTS THREE,0.742,0.048,0.21
HEARTS THREE SPADES FIVE,0.6644,0.0088,0.3268
DIAMONDS KING CLUBS QUEEN,0.2898,0.024,0.6862
HEARTS THREE HEARTS JACK,0.682,0.0104,0.3076
DIAMONDS ACE CLUBS QUEEN,0.3082,0.017,0.6748
CLUBS TWO DIAMONDS SEVEN,0.6838,0.0062,0.31
DIAMONDS KING CLUBS THREE,0.4592,0.0066,0.5342
HEARTS SIX HEARTS EIGHT,0.6482,0.0082,0.3436
CLUBS EIGHT SPADES TWO,0.6922,0.0106,0.2972
DIAMONDS SIX HEARTS SEVEN,0.6506,0.0094,0.34
SPADES KING DIAMONDS JACK,0.4192,0.006,0.5748
DIAMONDS THREE SPADES FOUR,0.651,0.0108,0.3382
CLUBS JACK HEARTS FOUR,0.6714,0.0122,0.3164
HEARTS NINE CLUBS QUEEN,0.683,0.1058,0.2112
SPADES FOUR HEARTS SEVEN,0.6602,0.0106,0.3292
CLUBS JACK HEARTS SEVEN,0.6678,0.0082,0.324
CLUBS QUEEN DIAMONDS FOUR,0.6574,0.1102,0.2324
HEARTS TWO DIAMONDS NINE,0.6968,0.0112,0.292
HEARTS TWO CLUBS KING,0.47,0.008,0.522
HEARTS TWO CLUBS FIVE,0.665,0.0106,0.3244
CLUBS EIGHT SPADES NINE,0.662,0.0084,0.3296
CLUBS JACK SPADES FOUR,0.6778,0.0092,0.313
HEARTS THREE CLUBS QUEEN,0.6582,0.1174,0.2244
SPADES KING HEARTS TWO,0.457,0.007,0.536
DIAMONDS QUEEN SPADES SIX,0.6638,0.115,0.2212
SPADES FIVE DIAMONDS EIGHT,0.671,0.0078,0.3212
CLUBS FIVE CLUBS TWO,0.6318,0.01,0.3582
DIAMONDS TWO SPADES JACK,0.6704,0.0106,0.319
HEARTS KING DIAMONDS FOUR,0.469,0.0056,0.5254
CLUBS FOUR SPADES SIX,0.6596,0.008,0.3324
DIAMONDS KING DIAMONDS SEVEN,0.4462,0.0064,0.5474
SPADES SEVEN DIAMONDS TEN,0.729,0.0446,0.2264
SPADES SEVEN DIAMONDS NINE,0.6638,0.0082,0.328
DIAMONDS QUEEN CLUBS ACE,0.302,0.0166,0.6814
SPADES EIGHT HEARTS NINE,0.66,0.0102,0.3298
HEARTS FOUR CLUBS SEVEN,0.6648,0.0126,0.3226
HEARTS FIVE SPADES SEVEN,0.6482,0.0102,0.3416
CLUBS TEN DIAMONDS KING,0.3068,0.0222,0.671
HEARTS FOUR SPADES FOUR,0.489,0.0194,0.4916
SPADES JACK HEARTS TWO,0.6884,0.0076,0.304
CLUBS FIVE SPADES THREE,0.6504,0.0124,0.3372
CLUBS NINE DIAMONDS KING,0.4594,0.0076,0.533
CLUBS TEN CLUBS QUEEN,0.0652,0.874,0.0608
SPADES KING SPADES EIGHT,0.4456,0.0088,0.5456
SPADES JACK CLUBS SEVEN,0.664,0.009,0.327
CLUBS SEVEN CLUBS FOUR,0.6276,0.0112,0.3612
DIAMONDS QUEEN DIAMONDS EIGHT,0.635,0.1098,0.2552
HEARTS SIX DIAMONDS SIX,0.4924,0.0168,0.4908
SPADES TEN HEARTS JACK,0.7276,0.0386,0.2338
HEARTS THREE DIAMONDS EIGHT,0.687,0.0102,0.3028
CLUBS TWO SPADES TWO,0.489,0.0174,0.4936
HEARTS SIX CLUBS TEN,0.7232,0.0468,0.23
HEARTS FOUR HEARTS JACK,0.668,0.0096,0.3224
DIAMONDS ACE SPADES TWO,0.4702,0.004,0.5258
DIAMONDS JACK HEARTS JACK,0.3272,0.0076,0.6652
HEARTS FOUR SPADES EIGHT,0.6646,0.0114,0.324
SPADES FIVE DIAMONDS SEVEN,0.6538,0.0096,0.3366
SPADES ACE DIAMONDS THREE,0.4654,0.003,0.5316
DIAMONDS QUEEN SPADES FIVE,0.6604,0.1166,0.223
HEARTS FOUR HEARTS TWO,0.6754,0.015,0.3096
SPADES NINE HEARTS EIGHT,0.6526,0.0116,0.3358
CLUBS KING HEARTS SEVEN,0.458,0.006,0.536
HEARTS FOUR DIAMONDS JACK,0.6836,0.0096,0.3068
HEARTS KING DIAMONDS FIVE,0.462,0.0072,0.5308
CLUBS SEVEN SPADES FIVE,0.6596,0.0106,0.3298
CLUBS TEN DIAMONDS TEN,0.3726,0.024,0.6034
SPADES QUEEN CLUBS TWO,0.6748,0.1166,0.2086
DIAMONDS KING CLUBS KING,0.203,0.0052,0.7918
SPADES FOUR HEARTS JACK,0.676,0.0088,0.3152
DIAMONDS SIX DIAMONDS FIVE,0.6032,0.0098,0.387
CLUBS EIGHT DIAMONDS JACK,0.6692,0.0096,0.3212
SPADES TWO HEARTS SEVEN,0.6904,0.0114,0.2982
CLUBS JACK DIAMONDS TWO,0.6762,0.0096,0.3142
SPADES TEN CLUBS TWO,0.7458,0.0416,0.2126
SPADES NINE DIAMONDS FOUR,0.6982,0.0104,0.2914
DIAMONDS TWO SPADES TEN,0.7476,0.045,0.2074
CLUBS NINE SPADES FOUR,0.7004,0.0108,0.2888
SPADES THREE HEARTS KING,0.4686,0.0078,0.5236
SPADES EIGHT CLUBS TWO,0.6986,0.0066,0.2948
DIAMONDS TWO SPADES TWO,0.4986,0.018,0.4834
DIAMONDS THREE DIAMONDS FIVE,0.607,0.0128,0.3802
DIAMONDS THREE CLUBS TWO,0.6736,0.0106,0.3158
CLUBS THREE CLUBS QUEEN,0.6336,0.1078,0.2586
CLUBS NINE CLUBS THREE,0.6482,0.0106,0.3412
CLUBS ACE HEARTS NINE,0.4466,0.0032,0.5502
SPADES FIVE CLUBS KING,0.477,0.0054,0.5176
DIAMONDS NINE HEARTS KING,0.4472,0.006,0.5468
CLUBS SIX DIAMONDS EIGHT,0.668,0.0096,0.3224
HEARTS FIVE SPADES EIGHT,0.6654,0.012,0.3226
HEARTS JACK HEARTS NINE,0.6502,0.0124,0.3374
DIAMONDS ACE CLUBS ACE,0.1964,0.0038,0.7998
HEARTS FOUR CLUBS QUEEN,0.6662,0.1166,0.2172
SPADES TEN SPADES THREE,0.6962,0.0458,0.258
HEARTS SIX SPADES SIX,0.4822,0.0158,0.502
DIAMONDS KING HEARTS SEVEN,0.4676,0.009,0.5234
CLUBS JACK DIAMONDS THREE,0.6822,0.0094,0.3084
SPADES TEN DIAMONDS QUEEN,0.0696,0.9062,0.0242
SPADES THREE CLUBS QUEEN,0.6636,0.1136,0.2228
DIAMONDS THREE SPADES THREE,0.5076,0.0156,0.4768
DIAMONDS KING SPADES FIVE,0.4788,0.0064,0.5148
SPADES ACE DIAMONDS TEN,0.317,0.0158,0.6672
CLUBS EIGHT DIAMONDS SIX,0.648,0.0096,0.3424
DIAMONDS TWO DIAMONDS FIVE,0.6258,0.0094,0.3648
SPADES ACE HEARTS FOUR,0.4592,0.0044,0.5364
SPADES NINE CLUBS QUEEN,0.6644,0.1096,0.226
CLUBS THREE CLUBS ACE,0.443,0.0048,0.5522
CLUBS NINE HEARTS JACK,0.6542,0.009,0.3368
SPADES QUEEN HEARTS TWO,0.6758,0.1134,0.2108
DIAMONDS JACK DIAMONDS FOUR,0.6496,0.0088,0.3416
SPADES TEN CLUBS FOUR,0.735,0.049,0.216
SPADES QUEEN SPADES NINE,0.631,0.1092,0.2598
CLUBS SEVEN HEARTS KING,0.4648,0.0096,0.5256
CLUBS FIVE DIAMONDS FIVE,0.4932,0.0186,0.4882
SPADES ACE SPADES SEVEN,0.4432,0.0034,0.5534
SPADES SEVEN CLUBS FOUR,0.6848,0.0104,0.3048
CLUBS SEVEN CLUBS TWO,0.66,0.0108,0.3292
HEARTS SIX DIAMONDS FOUR,0.6502,0.012,0.3378
SPADES NINE SPADES FIVE,0.6456,0.007,0.3474
HEARTS FIVE HEARTS THREE,0.6362,0.0132,0.3506
SPADES THREE CLUBS ACE,0.479,0.0044,0.5166
DIAMONDS SEVEN HEARTS SEVEN,0.4918,0.0154,0.4928
SPADES EIGHT SPADES FIVE,0.6162,0.0102,0.3736
HEARTS SIX DIAMONDS TEN,0.73,0.043,0.227
HEARTS THREE DIAMONDS FOUR,0.6516,0.014,0.3344
SPADES NINE DIAMONDS NINE,0.4732,0.012,0.5148
SPADES QUEEN CLUBS QUEEN,0.1818,0.018,0.8002
HEARTS TWO SPADES FIVE,0.6644,0.0122,0.3234
HEARTS FOUR DIAMONDS SEVEN,0.6614,0.0126,0.326
DIAMONDS EIGHT DIAMONDS SIX,0.6204,0.0112,0.3684
HEARTS TWO DIAMONDS JACK,0.688,0.0088,0.3032
DIAMONDS EIGHT DIAMONDS FIVE,0.623,0.0114,0.3656
SPADES ACE DIAMONDS JACK,0.4182,0.0052,0.5766
CLUBS SEVEN DIAMONDS EIGHT,0.6458,0.0108,0.3434
HEARTS THREE SPADES SIX,0.667,0.0112,0.3218
SPADES ACE SPADES THREE,0.4478,0.0046,0.5476
DIAMONDS TEN HEARTS NINE,0.711,0.0498,0.2392
HEARTS THREE HEARTS ACE,0.4146,0.0076,0.5778
DIAMONDS JACK HEARTS EIGHT,0.644,0.0096,0.3464
CLUBS FIVE SPADES FOUR,0.6462,0.0108,0.343
CLUBS ACE DIAMONDS FIVE,0.4716,0.0026,0.5258
DIAMONDS QUEEN HEARTS NINE,0.6616,0.115,0.2234
DIAMONDS KING SPADES SIX,0.482,0.008,0.51
CLUBS FOUR DIAMONDS QUEEN,0.6658,0.1118,0.2224
SPADES SIX DIAMONDS EIGHT,0.6498,0.0092,0.341
CLUBS SEVEN HEARTS JACK,0.669,0.0082,0.3228
DIAMONDS THREE CLUBS ACE,0.4764,0.004,0.5196
CLUBS NINE CLUBS SIX,0.6392,0.0092,0.3516
SPADES SIX HEARTS ACE,0.4616,0.0048,0.5336
CLUBS TWO DIAMONDS TEN,0.7502,0.0448,0.205
DIAMONDS TWO DIAMONDS KING,0.4482,0.0064,0.5454
DIAMONDS ACE DIAMONDS FOUR,0.4448,0.0036,0.5516
SPADES TEN HEARTS KING,0.285,0.0356,0.6794
SPADES FIVE CLUBS ACE,0.471,0.0036,0.5254
DIAMONDS ACE DIAMONDS SEVEN,0.4402,0.0046,0.5552
SPADES FIVE CLUBS TWO,0.6722,0.0106,0.3172
CLUBS TWO DIAMONDS NINE,0.7114,0.011,0.2776
HEARTS SIX CLUBS EIGHT,0.6534,0.0084,0.3382
SPADES FIVE SPADES FOUR,0.617,0.01,0.373
HEARTS FOUR SPADES SEVEN,0.6636,0.0098,0.3266
CLUBS NINE DIAMONDS JACK,0.6572,0.0062,0.3366
CLUBS FIVE DIAMONDS NINE,0.692,0.0102,0.2978
DIAMONDS ACE SPADES SEVEN,0.4852,0.0044,0.5104
HEARTS THREE SPADES THREE,0.5154,0.0158,0.4688
SPADES ACE DIAMONDS SEVEN,0.4686,0.0048,0.5266
HEARTS THREE DIAMONDS SEVEN,0.672,0.0094,0.3186
SPADES FOUR DIAMONDS SEVEN,0.6692,0.012,0.3188
DIAMONDS KING DIAMONDS NINE,0.4238,0.0074,0.5688
SPADES TEN SPADES TWO,0.7046,0.0382,0.2572
CLUBS ACE DIAMONDS SIX,0.4742,0.0052,0.5206
HEARTS FOUR DIAMONDS KING,0.4664,0.0074,0.5262
SPADES QUEEN HEARTS JACK,0.2586,0.0916,0.6498
SPADES FIVE DIAMONDS SIX,0.642,0.01,0.348
DIAMONDS QUEEN CLUBS KING,0.2964,0.0256,0.678
SPADES NINE CLUBS FIVE,0.6904,0.0088,0.3008
CLUBS TEN SPADES EIGHT,0.7074,0.0468,0.2458
CLUBS JACK DIAMONDS SEVEN,0.6836,0.0094,0.307
SPADES QUEEN CLUBS FOUR,0.6644,0.1138,0.2218
CLUBS TWO DIAMONDS EIGHT,0.6984,0.01,0.2916
HEARTS FIVE HEARTS JACK,0.6744,0.0124,0.3132
SPADES EIGHT CLUBS FIVE,0.6704,0.0128,0.3168
DIAMONDS KING SPADES THREE,0.4824,0.0064,0.5112
SPADES TWO DIAMONDS FOUR,0.672,0.009,0.319
CLUBS JACK DIAMONDS FIVE,0.6782,0.0096,0.3122
HEARTS TWO SPADES THREE,0.6722,0.0132,0.3146
HEARTS FIVE CLUBS QUEEN,0.6732,0.1088,0.218
CLUBS SEVEN DIAMONDS FOUR,0.6752,0.0088,0.316
DIAMONDS THREE CLUBS NINE,0.7052,0.011,0.2838
CLUBS NINE DIAMONDS TEN,0.7058,0.041,0.2532
DIAMONDS TWO DIAMONDS FOUR,0.6228,0.011,0.3662
DIAMONDS THREE HEARTS ACE,0.4358,0.0058,0.5584
CLUBS TEN HEARTS EIGHT,0.709,0.0458,0.2452
SPADES QUEEN DIAMONDS ACE,0.3182,0.0142,0.6676
SPADES EIGHT SPADES FOUR,0.6382,0.01,0.3518
SPADES EIGHT HEARTS EIGHT,0.4754,0.0148,0.5098
CLUBS FOUR DIAMONDS NINE,0.6988,0.0088,0.2924
SPADES EIGHT DIAMONDS SEVEN,0.655,0.0108,0.3342
HEARTS TWO SPADES NINE,0.7004,0.0098,0.2898
CLUBS FOUR HEARTS SEVEN,0.6664,0.01,0.3236
CLUBS FIVE SPADES FIVE,0.5168,0.0166,0.4666
CLUBS TEN CLUBS THREE,0.7088,0.0424,0.2488
DIAMONDS JACK CLUBS TWO,0.6782,0.0102,0.3116
HEARTS JACK CLUBS KING,0.4004,0.0056,0.594
SPADES THREE HEARTS NINE,0.6962,0.0116,0.2922
CLUBS EIGHT SPADES THREE,0.6902,0.0118,0.298
HEARTS FIVE HEARTS TWO,0.6666,0.0126,0.3208
SPADES SIX DIAMONDS SIX,0.4968,0.0126,0.4906
CLUBS JACK HEARTS EIGHT,0.6742,0.0112,0.3146
DIAMONDS EIGHT HEARTS JACK,0.6522,0.0116,0.3362
SPADES EIGHT CLUBS THREE,0.6948,0.0114,0.2938
HEARTS JACK DIAMONDS SEVEN,0.6626,0.0094,0.328
HEARTS THREE SPADES NINE,0.7032,0.0102,0.2866
DIAMONDS SEVEN HEARTS EIGHT,0.6558,0.0118,0.3324
HEARTS NINE DIAMONDS FOUR,0.6982,0.0086,0.2932
DIAMONDS THREE HEARTS TWO,0.6702,0.0118,0.318
SPADES NINE HEARTS KING,0.4474,0.007,0.5456
HEARTS SIX DIAMONDS JACK,0.674,0.009,0.317
DIAMONDS NINE HEARTS NINE,0.475,0.0146,0.5104
CLUBS TEN DIAMONDS EIGHT,0.7132,0.0426,0.2442
DIAMONDS SIX HEARTS EIGHT,0.6576,0.01,0.3324
CLUBS JACK DIAMONDS QUEEN,0.2898,0.0808,0.6294
SPADES EIGHT SPADES SEVEN,0.6086,0.0094,0.382
HEARTS FOUR CLUBS THREE,0.6522,0.0122,0.3356
CLUBS TWO HEARTS ACE,0.4588,0.0046,0.5366
DIAMONDS QUEEN CLUBS TWO,0.689,0.1134,0.1976
SPADES THREE CLUBS KING,0.4768,0.0074,0.5158
SPADES EIGHT DIAMONDS TEN,0.7102,0.0358,0.254
HEARTS KING HEARTS JACK,0.3466,0.007,0.6464
DIAMONDS TWO HEARTS EIGHT,0.6934,0.0112,0.2954
HEARTS FOUR CLUBS FOUR,0.5078,0.0156,0.4766
HEARTS THREE DIAMONDS ACE,0.476,0.0046,0.5194
DIAMONDS THREE DIAMONDS SIX,0.6312,0.0112,0.3576
CLUBS THREE SPADES FIVE,0.658,0.0106,0.3314
CLUBS FOUR CLUBS THREE,0.628,0.013,0.359
HEARTS SIX SPADES NINE,0.6608,0.0124,0.3268
HEARTS FOUR DIAMONDS FIVE,0.6472,0.011,0.3418
CLUBS FOUR HEARTS JACK,0.6688,0.0108,0.3204
SPADES KING HEARTS FOUR,0.4734,0.0074,0.5192
SPADES JACK CLUBS KING,0.4206,0.0066,0.5728
SPADES FOUR DIAMONDS FOUR,0.5074,0.0172,0.4754
CLUBS SEVEN DIAMONDS SEVEN,0.496,0.012,0.492
HEARTS SIX HEARTS THREE,0.676,0.0126,0.3114
HEARTS JACK DIAMONDS FIVE,0.6758,0.0108,0.3134
SPADES SIX CLUBS QUEEN,0.6814,0.1062,0.2124
DIAMONDS QUEEN DIAMONDS FOUR,0.6246,0.1094,0.266
SPADES KING CLUBS NINE,0.4548,0.0056,0.5396
DIAMONDS ACE CLUBS FIVE,0.4612,0.0046,0.5342
DIAMONDS NINE SPADES THREE,0.6908,0.0082,0.301
HEARTS THREE CLUBS ACE,0.451,0.0066,0.5424
HEARTS ACE CLUBS ACE,0.1884,0.0058,0.8058
DIAMONDS TEN SPADES THREE,0.7554,0.0432,0.2014
HEARTS KING CLUBS ACE,0.3826,0.0048,0.6126
CLUBS FIVE DIAMONDS TEN,0.737,0.0514,0.2116
HEARTS ACE DIAMONDS EIGHT,0.4428,0.0048,0.5524
SPADES TWO DIAMONDS SEVEN,0.6894,0.0114,0.2992
DIAMONDS NINE DIAMONDS FIVE,0.6464,0.0084,0.3452
DIAMONDS SEVEN CLUBS ACE,0.4662,0.0034,0.5304
SPADES NINE SPADES SEVEN,0.6324,0.0078,0.3598
DIAMONDS KING DIAMONDS EIGHT,0.4328,0.0058,0.5614
SPADES SIX HEARTS KING,0.4618,0.006,0.5322
HEARTS JACK DIAMONDS SIX,0.6782,0.0112,0.3106
HEARTS EIGHT DIAMONDS FOUR,0.6846,0.0076,0.3078
CLUBS SEVEN SPADES EIGHT,0.6528,0.0108,0.3364
CLUBS SEVEN DIAMONDS NINE,0.6694,0.0112,0.3194
DIAMONDS THREE HEARTS EIGHT,0.6996,0.0102,0.2902
HEARTS FIVE HEARTS FOUR,0.6352,0.0142,0.3506
SPADES QUEEN HEARTS THREE,0.6574,0.1262,0.2164
SPADES ACE DIAMONDS QUEEN,0.3108,0.0138,0.6754
HEARTS FIVE DIAMONDS TWO,0.6676,0.0126,0.3198
CLUBS SEVEN DIAMONDS QUEEN,0.6714,0.116,0.2126
CLUBS NINE SPADES NINE,0.4762,0.0106,0.5132
SPADES JACK HEARTS NINE,0.6542,0.0102,0.3356
DIAMONDS ACE HEARTS JACK,0.414,0.0034,0.5826
SPADES KING DIAMONDS TWO,0.4752,0.008,0.5168
SPADES FOUR HEARTS EIGHT,0.678,0.0116,0.3104
CLUBS NINE HEARTS THREE,0.6872,0.0088,0.304
CLUBS TEN HEARTS FIVE,0.7412,0.0422,0.2166
SPADES ACE CLUBS QUEEN,0.3078,0.0148,0.6774
SPADES SEVEN DIAMONDS SIX,0.6534,0.0072,0.3394
CLUBS TEN SPADES SIX,0.7288,0.0434,0.2278
SPADES KING SPADES FOUR,0.4558,0.0084,0.5358
SPADES KING CLUBS FIVE,0.487,0.0086,0.5044
CLUBS TEN DIAMONDS QUEEN,0.063,0.9192,0.0178
HEARTS FIVE SPADES TEN,0.7318,0.0484,0.2198
SPADES NINE DIAMONDS KING,0.4568,0.008,0.5352
DIAMONDS TWO CLUBS EIGHT,0.6934,0.0086,0.298
CLUBS JACK SPADES QUEEN,0.2782,0.0876,0.6342
CLUBS SIX HEARTS NINE,0.6846,0.01,0.3054
CLUBS TEN DIAMONDS SEVEN,0.7356,0.0378,0.2266
CLUBS SEVEN DIAMONDS KING,0.4754,0.0058,0.5188
CLUBS FOUR DIAMONDS SEVEN,0.6672,0.0106,0.3222
SPADES KING DIAMONDS SEVEN,0.4716,0.0058,0.5226
SPADES QUEEN DIAMONDS SEVEN,0.6684,0.1182,0.2134
CLUBS JACK SPADES KING,0.4202,0.0046,0.5752
CLUBS TEN SPADES QUEEN,0.0716,0.9072,0.0212
CLUBS NINE CLUBS KING,0.4362,0.0056,0.5582
CLUBS TEN HEARTS ACE,0.289,0.0206,0.6904
DIAMONDS JACK HEARTS NINE,0.6492,0.0094,0.3414
SPADES TWO DIAMONDS FIVE,0.6684,0.0112,0.3204
SPADES NINE DIAMONDS ACE,0.46,0.0042,0.5358
HEARTS THREE DIAMONDS TEN,0.7332,0.0478,0.219
SPADES TEN CLUBS ACE,0.3082,0.0148,0.677
HEARTS FIVE CLUBS TWO,0.6588,0.0118,0.3294
DIAMONDS NINE HEARTS JACK,0.6516,0.0098,0.3386
HEARTS FOUR SPADES TEN,0.7242,0.0458,0.23
CLUBS NINE HEARTS NINE,0.4704,0.0168,0.5128
CLUBS ACE HEARTS EIGHT,0.4572,0.0042,0.5386
HEARTS EIGHT CLUBS QUEEN,0.6626,0.1188,0.2186
CLUBS SIX CLUBS FOUR,0.6242,0.0088,0.367
HEARTS FIVE DIAMONDS QUEEN,0.664,0.1194,0.2166
SPADES JACK CLUBS TWO,0.6878,0.0078,0.3044
HEARTS FOUR DIAMONDS TEN,0.7354,0.0454,0.2192
DIAMONDS ACE DIAMONDS JACK,0.397,0.0046,0.5984
SPADES SEVEN HEARTS NINE,0.6644,0.012,0.3236
SPADES EIGHT DIAMONDS EIGHT,0.4874,0.0144,0.4982
SPADES SIX DIAMONDS FIVE,0.6486,0.008,0.3434
CLUBS EIGHT CLUBS KING,0.4444,0.0064,0.5492
HEARTS FOUR CLUBS FIVE,0.6492,0.0098,0.341
DIAMONDS ACE HEARTS EIGHT,0.4606,0.0044,0.535
HEARTS KING SPADES TWO,0.453,0.009,0.538
DIAMONDS TWO HEARTS THREE,0.6758,0.0118,0.3124
HEARTS TWO HEARTS EIGHT,0.6944,0.0116,0.294
HEARTS TWO DIAMONDS SIX,0.6848,0.0102,0.305
HEARTS TWO SPADES SEVEN,0.6978,0.0094,0.2928
CLUBS TEN DIAMONDS SIX,0.7268,0.043,0.2302
HEARTS SIX HEARTS TWO,0.6668,0.011,0.3222
DIAMONDS TWO SPADES EIGHT,0.704,0.0104,0.2856
DIAMONDS TWO DIAMONDS QUEEN,0.623,0.1148,0.2622
DIAMONDS TEN CLUBS QUEEN,0.0748,0.901,0.0242
SPADES EIGHT DIAMONDS SIX,0.66,0.0098,0.3302
CLUBS NINE CLUBS FIVE,0.6346,0.0106,0.3548
CLUBS NINE DIAMONDS EIGHT,0.6568,0.0096,0.3336
CLUBS THREE HEARTS EIGHT,0.6908,0.0118,0.2974
DIAMONDS ACE CLUBS THREE,0.4792,0.0052,0.5156
CLUBS JACK HEARTS ACE,0.401,0.0042,0.5948
DIAMONDS SEVEN DIAMONDS FIVE,0.6254,0.0104,0.3642
CLUBS JACK SPADES FIVE,0.6834,0.0106,0.306
CLUBS TEN DIAMONDS FOUR,0.7452,0.0462,0.2086
DIAMONDS TWO CLUBS TWO,0.5082,0.0188,0.473
SPADES QUEEN DIAMONDS EIGHT,0.6678,0.1146,0.2176
DIAMONDS JACK SPADES FIVE,0.6722,0.01,0.3178
SPADES NINE DIAMONDS SIX,0.6642,0.0074,0.3284
CLUBS TEN CLUBS TWO,0.7068,0.0446,0.2486
CLUBS THREE HEARTS KING,0.4666,0.0084,0.525
CLUBS TWO HEARTS NINE,0.7056,0.0098,0.2846
HEARTS THREE HEARTS TWO,0.6716,0.0144,0.314
SPADES TWO CLUBS ACE,0.459,0.0062,0.5348
DIAMONDS TEN HEARTS SEVEN,0.7284,0.0478,0.2238
DIAMONDS SEVEN CLUBS QUEEN,0.669,0.1182,0.2128
CLUBS NINE HEARTS FOUR,0.701,0.0126,0.2864
SPADES ACE DIAMONDS FIVE,0.4566,0.0032,0.5402
DIAMONDS TWO HEARTS TWO,0.5128,0.0188,0.4684
SPADES EIGHT DIAMONDS NINE,0.6476,0.0102,0.3422
CLUBS TEN DIAMONDS FIVE,0.7324,0.0432,0.2244
CLUBS TWO CLUBS QUEEN,0.612,0.1182,0.2698
HEARTS ACE DIAMONDS FOUR,0.4592,0.0052,0.5356
DIAMONDS TWO DIAMONDS EIGHT,0.6592,0.0108,0.33
SPADES ACE CLUBS KING,0.402,0.0052,0.5928
HEARTS ACE HEARTS JACK,0.3638,0.0054,0.6308
CLUBS SIX SPADES EIGHT,0.6662,0.0112,0.3226
SPADES SEVEN HEARTS EIGHT,0.6474,0.0114,0.3412
HEARTS SIX CLUBS FOUR,0.6554,0.0104,0.3342
SPADES JACK SPADES TEN,0.6816,0.0376,0.2808
HEARTS TWO HEARTS ACE,0.4142,0.0054,0.5804
DIAMONDS THREE HEARTS NINE,0.6974,0.0116,0.291
HEARTS SIX CLUBS SEVEN,0.6452,0.0096,0.3452
SPADES KING HEARTS NINE,0.452,0.0062,0.5418
DIAMONDS THREE CLUBS THREE,0.4966,0.0192,0.4842
CLUBS NINE SPADES JACK,0.6576,0.007,0.3354
DIAMONDS TWO HEARTS KING,0.468,0.0092,0.5228
DIAMONDS QUEEN HEARTS SEVEN,0.6566,0.1144,0.229
HEARTS FIVE DIAMONDS EIGHT,0.6688,0.012,0.3192
DIAMONDS TWO SPADES FIVE,0.6772,0.0112,0.3116
CLUBS SEVEN HEARTS SEVEN,0.4918,0.0166,0.4916
DIAMONDS QUEEN DIAMONDS JACK,0.2714,0.0788,0.6498
DIAMONDS ACE CLUBS TWO,0.4656,0.007,0.5274
CLUBS TWO HEARTS EIGHT,0.6898,0.0116,0.2986
SPADES ACE SPADES TEN,0.2938,0.0146,0.6916
CLUBS TEN SPADES FIVE,0.7504,0.038,0.2116
DIAMONDS TEN DIAMONDS SEVEN,0.6936,0.0386,0.2678
SPADES EIGHT CLUBS FOUR,0.6832,0.0114,0.3054
HEARTS FOUR SPADES TWO,0.669,0.015,0.316
SPADES EIGHT CLUBS KING,0.4618,0.0062,0.532
DIAMONDS TEN SPADES FOUR,0.737,0.042,0.221
HEARTS SIX SPADES SEVEN,0.6438,0.0082,0.348
CLUBS SIX DIAMONDS FOUR,0.6488,0.0112,0.34
CLUBS SIX SPADES THREE,0.676,0.0102,0.3138
SPADES ACE CLUBS FOUR,0.4804,0.0056,0.514
CLUBS TEN SPADES THREE,0.7426,0.047,0.2104
HEARTS FOUR DIAMONDS ACE,0.451,0.0048,0.5442
SPADES JACK HEARTS SEVEN,0.667,0.0088,0.3242
DIAMONDS JACK CLUBS QUEEN,0.2976,0.083,0.6194
CLUBS NINE DIAMONDS NINE,0.472,0.013,0.515
SPADES KING DIAMONDS NINE,0.4512,0.0094,0.5394
CLUBS NINE HEARTS KING,0.44,0.0086,0.5514
CLUBS JACK SPADES JACK,0.3318,0.0116,0.6566
CLUBS JACK CLUBS THREE,0.64,0.013,0.347
SPADES NINE CLUBS ACE,0.451,0.0034,0.5456
CLUBS THREE DIAMONDS SIX,0.6568,0.0126,0.3306
CLUBS JACK DIAMONDS NINE,0.6602,0.0122,0.3276
HEARTS SIX SPADES FIVE,0.639,0.0112,0.3498
CLUBS FIVE HEARTS EIGHT,0.6682,0.0098,0.322
SPADES SEVEN CLUBS TWO,0.7068,0.0102,0.283
HEARTS JACK CLUBS ACE,0.4118,0.0052,0.583
SPADES FIVE DIAMONDS TEN,0.7268,0.0476,0.2256
CLUBS JACK CLUBS SEVEN,0.6326,0.0096,0.3578
CLUBS EIGHT DIAMONDS TEN,0.7178,0.0414,0.2408
CLUBS SEVEN CLUBS THREE,0.6378,0.0082,0.354
SPADES QUEEN SPADES TEN,0.0738,0.8578,0.0684
SPADES FIVE HEARTS KING,0.4602,0.0094,0.5304
HEARTS JACK DIAMONDS FOUR,0.6728,0.0098,0.3174
DIAMONDS THREE HEARTS THREE,0.505,0.019,0.476
DIAMONDS THREE SPADES KING,0.4766,0.0064,0.517
HEARTS SIX CLUBS SIX,0.4842,0.016,0.4998
SPADES EIGHT DIAMONDS FOUR,0.6772,0.0104,0.3124
CLUBS JACK HEARTS THREE,0.673,0.0076,0.3194
CLUBS TWO DIAMONDS FOUR,0.665,0.0088,0.3262
DIAMONDS ACE DIAMONDS EIGHT,0.4442,0.005,0.5508
SPADES KING DIAMONDS QUEEN,0.2906,0.0278,0.6816
SPADES ACE SPADES KING,0.3764,0.0044,0.6192
HEARTS ACE HEARTS EIGHT,0.4066,0.005,0.5884
SPADES KING DIAMONDS KING,0.202,0.0042,0.7938
SPADES ACE SPADES FOUR,0.438,0.0054,0.5566
SPADES KING CLUBS THREE,0.4752,0.0074,0.5174
HEARTS SIX SPADES KING,0.4666,0.0104,0.523
SPADES ACE DIAMONDS FOUR,0.4668,0.0054,0.5278
CLUBS TEN CLUBS SIX,0.6826,0.0396,0.2778
HEARTS FIVE HEARTS KING,0.4362,0.007,0.5568
CLUBS THREE DIAMONDS TEN,0.7402,0.0376,0.2222
DIAMONDS THREE HEARTS SEVEN,0.6808,0.0106,0.3086
SPADES TEN HEARTS ACE,0.2846,0.0186,0.6968
DIAMONDS FIVE CLUBS QUEEN,0.6722,0.1156,0.2122
HEARTS KING HEARTS NINE,0.3902,0.0106,0.5992
CLUBS JACK SPADES NINE,0.6626,0.01,0.3274
SPADES FIVE HEARTS SEVEN,0.6652,0.0118,0.323
HEARTS SIX CLUBS TWO,0.681,0.0116,0.3074
SPADES FIVE HEARTS ACE,0.4424,0.0036,0.554
CLUBS FIVE SPADES SEVEN,0.6586,0.0106,0.3308
CLUBS ACE HEARTS SEVEN,0.4674,0.0052,0.5274
HEARTS FOUR CLUBS ACE,0.4702,0.0046,0.5252
DIAMONDS TWO HEARTS NINE,0.7044,0.0096,0.286
HEARTS FIVE DIAMONDS ACE,0.469,0.0058,0.5252
CLUBS ACE CLUBS KING,0.38,0.0036,0.6164
CLUBS EIGHT CLUBS THREE,0.673,0.012,0.315
HEARTS THREE SPADES TWO,0.6586,0.0152,0.3262
SPADES JACK HEARTS THREE,0.6844,0.0086,0.307
DIAMONDS TWO CLUBS SIX,0.6778,0.0094,0.3128
SPADES QUEEN DIAMONDS QUEEN,0.1762,0.0198,0.804
SPADES JACK HEARTS JACK,0.324,0.0116,0.6644
CLUBS FIVE CLUBS KING,0.4558,0.0088,0.5354
SPADES KING DIAMONDS ACE,0.4036,0.0038,0.5926
SPADES TEN DIAMONDS NINE,0.719,0.0412,0.2398
HEARTS FIVE HEARTS SEVEN,0.6432,0.0132,0.3436
SPADES TEN CLUBS KING,0.298,0.0278,0.6742
SPADES FOUR HEARTS ACE,0.4626,0.005,0.5324
CLUBS EIGHT DIAMONDS FIVE,0.6688,0.0112,0.32
CLUBS SIX DIAMONDS SIX,0.4944,0.0156,0.49
DIAMONDS JACK DIAMONDS TEN,0.686,0.0336,0.2804
DIAMONDS SEVEN HEARTS NINE,0.6586,0.0124,0.329
CLUBS NINE CLUBS EIGHT,0.6338,0.0102,0.356
SPADES TEN DIAMONDS FOUR,0.7436,0.0412,0.2152
CLUBS THREE HEARTS ACE,0.4442,0.0076,0.5482
CLUBS TEN CLUBS EIGHT,0.6848,0.0402,0.275
HEARTS ACE HEARTS KING,0.3516,0.0074,0.641
SPADES SIX CLUBS TWO,0.691,0.0088,0.3002
HEARTS NINE HEARTS EIGHT,0.6504,0.0124,0.3372
CLUBS FIVE DIAMONDS SEVEN,0.6588,0.012,0.3292
CLUBS NINE DIAMONDS QUEEN,0.666,0.1176,0.2164
SPADES KING HEARTS THREE,0.4674,0.0088,0.5238
SPADES JACK DIAMONDS JACK,0.3382,0.01,0.6518
SPADES EIGHT HEARTS ACE,0.4602,0.0046,0.5352
CLUBS SIX CLUBS FIVE,0.6084,0.0118,0.3798
HEARTS FIVE SPADES SIX,0.6496,0.0106,0.3398
HEARTS FOUR DIAMONDS QUEEN,0.664,0.104,0.232
SPADES NINE DIAMONDS EIGHT,0.6734,0.0084,0.3182
SPADES FIVE DIAMONDS FIVE,0.4988,0.016,0.4852
SPADES FOUR CLUBS QUEEN,0.6744,0.1154,0.2102
CLUBS EIGHT HEARTS THREE,0.6858,0.0092,0.305
CLUBS THREE HEARTS JACK,0.6706,0.0128,0.3166
SPADES KING HEARTS KING,0.1794,0.0038,0.8168
SPADES KING CLUBS SEVEN,0.473,0.0068,0.5202
SPADES ACE CLUBS TEN,0.3028,0.0196,0.6776
SPADES QUEEN CLUBS SIX,0.6656,0.113,0.2214
CLUBS SEVEN SPADES SIX,0.6488,0.011,0.3402
SPADES JACK CLUBS QUEEN,0.2854,0.086,0.6286
CLUBS EIGHT SPADES TEN,0.7102,0.0442,0.2456
SPADES ACE DIAMONDS SIX,0.462,0.0024,0.5356
CLUBS SEVEN CLUBS SIX,0.6222,0.0108,0.367
DIAMONDS ACE CLUBS KING,0.391,0.0038,0.6052
HEARTS FOUR CLUBS TWO,0.6758,0.0112,0.313
CLUBS SEVEN DIAMONDS SIX,0.6422,0.0106,0.3472
SPADES KING HEARTS ACE,0.3828,0.0062,0.611
SPADES EIGHT SPADES SIX,0.6354,0.0112,0.3534
SPADES FIVE SPADES THREE,0.6196,0.011,0.3694
SPADES NINE CLUBS SIX,0.6694,0.0108,0.3198
CLUBS SIX DIAMONDS JACK,0.6862,0.0084,0.3054
HEARTS SIX HEARTS SEVEN,0.6288,0.0148,0.3564
DIAMONDS NINE CLUBS QUEEN,0.6672,0.1088,0.224
HEARTS FOUR SPADES SIX,0.6524,0.0114,0.3362
CLUBS NINE HEARTS TWO,0.7018,0.0114,0.2868
DIAMONDS JACK DIAMONDS NINE,0.6204,0.0132,0.3664
SPADES QUEEN HEARTS EIGHT,0.6682,0.1108,0.221
HEARTS THREE SPADES SEVEN,0.681,0.01,0.309
SPADES JACK DIAMONDS TEN,0.7188,0.0368,0.2444
SPADES SEVEN DIAMONDS SEVEN,0.492,0.0164,0.4916
DIAMONDS QUEEN CLUBS THREE,0.6742,0.1156,0.2102
CLUBS FOUR HEARTS KING,0.455,0.0064,0.5386
CLUBS FIVE CLUBS ACE,0.4456,0.0062,0.5482
DIAMONDS KING CLUBS FOUR,0.472,0.0064,0.5216
HEARTS TWO CLUBS QUEEN,0.6702,0.1192,0.2106
CLUBS JACK HEARTS JACK,0.3318,0.0122,0.656
SPADES TEN SPADES FIVE,0.6924,0.0408,0.2668
HEARTS SIX CLUBS KING,0.471,0.0082,0.5208
DIAMONDS SEVEN DIAMONDS FOUR,0.6164,0.009,0.3746
SPADES QUEEN SPADES FOUR,0.628,0.119,0.253
DIAMONDS TWO SPADES SIX,0.6798,0.0098,0.3104
CLUBS JACK CLUBS NINE,0.6152,0.0086,0.3762
SPADES QUEEN SPADES JACK,0.2602,0.0806,0.6592
DIAMONDS THREE CLUBS TEN,0.7528,0.0408,0.2064
SPADES THREE HEARTS SEVEN,0.6744,0.0118,0.3138
SPADES SEVEN DIAMONDS QUEEN,0.6818,0.1124,0.2058
SPADES SEVEN HEARTS JACK,0.6812,0.0116,0.3072
CLUBS JACK HEARTS NINE,0.6496,0.0094,0.341
HEARTS ACE DIAMONDS NINE,0.4636,0.0038,0.5326
HEARTS TWO DIAMONDS EIGHT,0.6846,0.0146,0.3008
SPADES ACE DIAMONDS KING,0.3844,0.0056,0.61
CLUBS TEN SPADES NINE,0.7144,0.0418,0.2438
CLUBS EIGHT HEARTS EIGHT,0.4792,0.0144,0.5064
DIAMONDS ACE SPADES FOUR,0.4678,0.0044,0.5278
DIAMONDS KING SPADES TWO,0.4778,0.006,0.5162
HEARTS FOUR HEARTS NINE,0.6996,0.0098,0.2906
HEARTS SIX DIAMONDS EIGHT,0.6612,0.0102,0.3286
DIAMONDS EIGHT DIAMONDS FOUR,0.6508,0.0098,0.3394
DIAMONDS THREE SPADES EIGHT,0.712,0.0082,0.2798
SPADES FOUR CLUBS ACE,0.4638,0.0046,0.5316
CLUBS QUEEN HEARTS SEVEN,0.6648,0.1124,0.2228
SPADES TEN DIAMONDS TEN,0.3618,0.0216,0.6166
CLUBS EIGHT HEARTS JACK,0.6594,0.0094,0.3312
DIAMONDS TEN HEARTS KING,0.2788,0.0264,0.6948
CLUBS NINE SPADES FIVE,0.6774,0.0108,0.3118
SPADES KING SPADES QUEEN,0.2808,0.0226,0.6966
SPADES KING HEARTS JACK,0.4084,0.0042,0.5874
SPADES QUEEN DIAMONDS SIX,0.6554,0.1242,0.2204
DIAMONDS TWO HEARTS ACE,0.4676,0.0048,0.5276
SPADES KING HEARTS SEVEN,0.4644,0.0082,0.5274
CLUBS THREE HEARTS SEVEN,0.6776,0.013,0.3094
DIAMONDS QUEEN SPADES TWO,0.6676,0.114,0.2184
SPADES KING SPADES THREE,0.447,0.0056,0.5474
CLUBS FIVE DIAMONDS JACK,0.6892,0.0078,0.303
CLUBS SIX HEARTS KING,0.4532,0.0052,0.5416
SPADES NINE DIAMONDS TEN,0.7246,0.0438,0.2316
CLUBS FOUR SPADES FOUR,0.5062,0.0176,0.4762
CLUBS SEVEN HEARTS ACE,0.4706,0.0048,0.5246
DIAMONDS NINE CLUBS ACE,0.4634,0.0042,0.5324
DIAMONDS THREE CLUBS QUEEN,0.6536,0.1128,0.2336
DIAMONDS ACE HEARTS SEVEN,0.455,0.0046,0.5404
SPADES NINE SPADES EIGHT,0.6184,0.0098,0.3718
SPADES QUEEN DIAMONDS KING,0.298,0.026,0.676
SPADES ACE SPADES NINE,0.4422,0.0052,0.5526
SPADES JACK CLUBS EIGHT,0.6608,0.0106,0.3286
SPADES SEVEN HEARTS ACE,0.4556,0.0064,0.538
CLUBS JACK DIAMONDS TEN,0.7298,0.0404,0.2298
DIAMONDS TWO DIAMONDS NINE,0.6652,0.0124,0.3224
SPADES NINE SPADES SIX,0.6298,0.0088,0.3614
SPADES ACE HEARTS SIX,0.4678,0.0076,0.5246
HEARTS FOUR CLUBS EIGHT,0.6826,0.0124,0.305
SPADES FOUR DIAMONDS FIVE,0.6474,0.0134,0.3392
HEARTS SIX HEARTS KING,0.432,0.007,0.561
DIAMONDS QUEEN HEARTS EIGHT,0.6654,0.1162,0.2184
SPADES ACE CLUBS TWO,0.4632,0.0032,0.5336
SPADES SIX CLUBS ACE,0.477,0.0058,0.5172
HEARTS FOUR CLUBS KING,0.4808,0.009,0.5102
HEARTS ACE DIAMONDS FIVE,0.4538,0.0046,0.5416
HEARTS TWO DIAMONDS ACE,0.4714,0.0044,0.5242
HEARTS THREE SPADES FOUR,0.6662,0.0118,0.322
DIAMONDS THREE CLUBS EIGHT,0.6974,0.0114,0.2912
SPADES TEN DIAMONDS ACE,0.3144,0.0214,0.6642
CLUBS FIVE HEARTS ACE,0.46,0.006,0.534
CLUBS SEVEN HEARTS NINE,0.6648,0.0108,0.3244
CLUBS TEN HEARTS KING,0.2852,0.0322,0.6826
SPADES ACE HEARTS KING,0.3832,0.0054,0.6114
SPADES TEN DIAMONDS SIX,0.7278,0.0456,0.2266
SPADES FIVE DIAMONDS FOUR,0.648,0.0126,0.3394
CLUBS SIX CLUBS QUEEN,0.6388,0.104,0.2572
CLUBS ACE DIAMONDS FOUR,0.4808,0.0052,0.514
CLUBS KING DIAMONDS FOUR,0.4746,0.0086,0.5168
CLUBS EIGHT CLUBS FOUR,0.6318,0.0102,0.358
SPADES ACE HEARTS FIVE,0.4548,0.0036,0.5416
CLUBS JACK CLUBS SIX,0.6436,0.0108,0.3456
CLUBS FIVE DIAMONDS KING,0.4816,0.0046,0.5138
DIAMONDS FIVE HEARTS SEVEN,0.647,0.0098,0.3432
CLUBS SIX DIAMONDS QUEEN,0.6736,0.1064,0.22
SPADES KING HEARTS EIGHT,0.469,0.0068,0.5242
CLUBS FIVE CLUBS FOUR,0.6152,0.009,0.3758
SPADES QUEEN DIAMONDS FOUR,0.6636,0.1062,0.2302
DIAMONDS THREE CLUBS FIVE,0.6602,0.0092,0.3306
HEARTS THREE HEARTS EIGHT,0.6936,0.0122,0.2942
CLUBS FIVE CLUBS QUEEN,0.6298,0.1036,0.2666
HEARTS TWO CLUBS FOUR,0.6672,0.012,0.3208
HEARTS THREE SPADES EIGHT,0.6988,0.0114,0.2898
HEARTS FIVE SPADES FOUR,0.6424,0.0112,0.3464
SPADES FOUR HEARTS KING,0.4804,0.0066,0.513
SPADES JACK SPADES EIGHT,0.6228,0.011,0.3662
CLUBS NINE DIAMONDS ACE,0.46,0.0032,0.5368
SPADES KING SPADES SEVEN,0.4398,0.0072,0.553
SPADES FIVE HEARTS JACK,0.6672,0.0098,0.323
SPADES TEN HEARTS TWO,0.741,0.0494,0.2096
SPADES SIX HEARTS EIGHT,0.6728,0.0112,0.316
CLUBS NINE SPADES THREE,0.7032,0.0102,0.2866
SPADES JACK DIAMONDS EIGHT,0.6662,0.0074,0.3264
DIAMONDS EIGHT SPADES TWO,0.696,0.0116,0.2924
HEARTS SIX DIAMONDS FIVE,0.6596,0.012,0.3284
CLUBS NINE SPADES EIGHT,0.667,0.0082,0.3248
CLUBS FOUR CLUBS KING,0.447,0.0072,0.5458
SPADES ACE CLUBS THREE,0.4674,0.0056,0.527
DIAMONDS JACK HEARTS ACE,0.4084,0.005,0.5866
CLUBS SEVEN HEARTS TWO,0.6836,0.0104,0.306
CLUBS FIVE CLUBS THREE,0.6282,0.0136,0.3582
HEARTS THREE SPADES TEN,0.7334,0.0454,0.2212
HEARTS THREE CLUBS THREE,0.5098,0.0184,0.4718
CLUBS JACK HEARTS FIVE,0.6678,0.0102,0.322
CLUBS THREE DIAMONDS SEVEN,0.6774,0.0106,0.312
SPADES SEVEN SPADES FIVE,0.6176,0.0118,0.3706
SPADES QUEEN HEARTS ACE,0.2822,0.0166,0.7012
HEARTS NINE DIAMONDS SIX,0.658,0.0102,0.3318
CLUBS NINE DIAMONDS SIX,0.6766,0.0098,0.3136
DIAMONDS TWO CLUBS THREE,0.6782,0.0122,0.3096
SPADES KING CLUBS QUEEN,0.2954,0.0274,0.6772
CLUBS JACK CLUBS FIVE,0.6372,0.0078,0.355
DIAMONDS KING SPADES SEVEN,0.4736,0.0078,0.5186
SPADES JACK DIAMONDS QUEEN,0.2782,0.088,0.6338
CLUBS TEN DIAMONDS JACK,0.723,0.0382,0.2388
HEARTS TWO DIAMONDS FOUR,0.668,0.0124,0.3196
DIAMONDS THREE CLUBS FOUR,0.6584,0.0078,0.3338
HEARTS FOUR DIAMONDS SIX,0.6564,0.012,0.3316
DIAMONDS TWO CLUBS QUEEN,0.6638,0.1176,0.2186
DIAMONDS ACE CLUBS FOUR,0.4768,0.0052,0.518
SPADES JACK DIAMONDS FIVE,0.6738,0.0082,0.318
SPADES NINE SPADES TWO,0.6642,0.012,0.3238
CLUBS TEN SPADES SEVEN,0.725,0.0428,0.2322
HEARTS SIX SPADES TWO,0.6904,0.012,0.2976
CLUBS JACK CLUBS TEN,0.6862,0.0342,0.2796
DIAMONDS THREE CLUBS SIX,0.6664,0.0108,0.3228
SPADES NINE DIAMONDS QUEEN,0.6648,0.1124,0.2228
SPADES SIX DIAMONDS SEVEN,0.647,0.0074,0.3456
SPADES KING HEARTS FIVE,0.4716,0.0088,0.5196
DIAMONDS ACE DIAMONDS TEN,0.3078,0.02,0.6722
CLUBS TEN CLUBS FOUR,0.7006,0.0438,0.2556
SPADES KING CLUBS TEN,0.3078,0.0244,0.6678
DIAMONDS JACK CLUBS KING,0.401,0.005,0.594
CLUBS EIGHT DIAMONDS SEVEN,0.658,0.0094,0.3326
DIAMONDS TEN HEARTS ACE,0.292,0.02,0.688
DIAMONDS EIGHT HEARTS EIGHT,0.4832,0.0134,0.5034
CLUBS THREE CLUBS TWO,0.631,0.0122,0.3568
CLUBS FOUR CLUBS ACE,0.4368,0.0036,0.5596
HEARTS FIVE DIAMONDS SIX,0.6418,0.011,0.3472
CLUBS THREE DIAMONDS FIVE,0.6536,0.0108,0.3356
DIAMONDS THREE DIAMONDS JACK,0.6498,0.0098,0.3404
CLUBS THREE DIAMONDS NINE,0.6994,0.0082,0.2924
SPADES TWO HEARTS NINE,0.6946,0.012,0.2934
DIAMONDS SEVEN DIAMONDS SIX,0.6084,0.0086,0.383
SPADES ACE CLUBS SIX,0.4788,0.0014,0.5198
SPADES FOUR DIAMONDS EIGHT,0.6816,0.01,0.3084
HEARTS FOUR SPADES THREE,0.658,0.012,0.33
HEARTS THREE DIAMONDS FIVE,0.6516,0.012,0.3364
SPADES SEVEN CLUBS ACE,0.4698,0.0036,0.5266
CLUBS FOUR SPADES TWO,0.6712,0.011,0.3178
DIAMONDS JACK SPADES TWO,0.6936,0.0078,0.2986
HEARTS ACE HEARTS NINE,0.409,0.0062,0.5848
CLUBS FOUR HEARTS ACE,0.4604,0.0038,0.5358
CLUBS EIGHT SPADES FOUR,0.6788,0.0098,0.3114
CLUBS FIVE SPADES TWO,0.6698,0.0126,0.3176
CLUBS FOUR DIAMONDS EIGHT,0.6758,0.0104,0.3138
HEARTS SIX DIAMONDS ACE,0.4652,0.0056,0.5292
DIAMONDS THREE DIAMONDS KING,0.4292,0.0072,0.5636
SPADES QUEEN SPADES SEVEN,0.6212,0.1016,0.2772
CLUBS EIGHT DIAMONDS ACE,0.4632,0.0024,0.5344
HEARTS FIVE SPADES THREE,0.647,0.011,0.342
CLUBS NINE DIAMONDS SEVEN,0.6678,0.0098,0.3224
SPADES ACE CLUBS ACE,0.2034,0.0032,0.7934
SPADES JACK HEARTS ACE,0.4128,0.0056,0.5816
CLUBS TEN HEARTS TWO,0.7296,0.0446,0.2258
SPADES JACK HEARTS EIGHT,0.6506,0.0084,0.341
DIAMONDS QUEEN HEARTS JACK,0.2656,0.0862,0.6482
DIAMONDS JACK SPADES FOUR,0.6804,0.0076,0.312
CLUBS NINE SPADES SIX,0.6676,0.007,0.3254
HEARTS FIVE DIAMONDS JACK,0.6868,0.0112,0.302
DIAMONDS EIGHT HEARTS SEVEN,0.6654,0.0114,0.3232
CLUBS FOUR HEARTS EIGHT,0.6818,0.0094,0.3088
SPADES NINE SPADES FOUR,0.6578,0.0102,0.332
SPADES THREE DIAMONDS EIGHT,0.6906,0.0076,0.3018
CLUBS SIX HEARTS JACK,0.6766,0.0108,0.3126
HEARTS SIX DIAMONDS THREE,0.6682,0.0104,0.3214
HEARTS JACK HEARTS EIGHT,0.6668,0.0134,0.3198
SPADES EIGHT DIAMONDS JACK,0.6648,0.0084,0.3268
SPADES NINE CLUBS FOUR,0.6946,0.0092,0.2962
CLUBS JACK SPADES THREE,0.6814,0.0126,0.306
SPADES TEN SPADES SEVEN,0.6922,0.0424,0.2654
SPADES KING CLUBS KING,0.2058,0.0036,0.7906
SPADES FIVE SPADES TWO,0.6288,0.0126,0.3586
HEARTS FIVE DIAMONDS TEN,0.7342,0.0482,0.2176
SPADES KING DIAMONDS FIVE,0.4628,0.0084,0.5288
DIAMONDS NINE SPADES TWO,0.6944,0.0128,0.2928
DIAMONDS TWO DIAMONDS JACK,0.6472,0.0098,0.343
SPADES KING DIAMONDS FOUR,0.4678,0.0062,0.526
CLUBS JACK CLUBS FOUR,0.6418,0.0096,0.3486
HEARTS SEVEN DIAMONDS FOUR,0.6564,0.0126,0.331
SPADES TEN CLUBS THREE,0.7424,0.0448,0.2128
SPADES NINE SPADES THREE,0.6644,0.0104,0.3252
SPADES NINE DIAMONDS JACK,0.6602,0.008,0.3318
SPADES NINE HEARTS JACK,0.6652,0.008,0.3268
CLUBS SEVEN DIAMONDS ACE,0.4728,0.0046,0.5226
SPADES NINE HEARTS ACE,0.4636,0.0052,0.5312
DIAMONDS ACE DIAMONDS FIVE,0.4446,0.0032,0.5522
HEARTS SIX HEARTS FOUR,0.6476,0.0114,0.341
CLUBS FIVE SPADES SIX,0.6508,0.0096,0.3396
DIAMONDS TWO HEARTS FOUR,0.659,0.01,0.331
CLUBS TEN DIAMONDS NINE,0.7134,0.04,0.2466
SPADES NINE HEARTS NINE,0.474,0.0136,0.5124
HEARTS THREE CLUBS KING,0.468,0.0084,0.5236
SPADES THREE DIAMONDS SIX,0.674,0.0094,0.3166
CLUBS EIGHT SPADES SIX,0.6688,0.009,0.3222
SPADES JACK SPADES NINE,0.6154,0.0106,0.374
DIAMONDS ACE HEARTS KING,0.3822,0.0044,0.6134
HEARTS FIVE SPADES FIVE,0.497,0.0176,0.4854
CLUBS JACK SPADES TWO,0.6886,0.013,0.2984
SPADES QUEEN CLUBS KING,0.2918,0.0226,0.6856
DIAMONDS KING CLUBS TWO,0.483,0.007,0.51
DIAMONDS KING DIAMONDS SIX,0.447,0.0042,0.5488
CLUBS TEN CLUBS KING,0.2726,0.0332,0.6942
CLUBS SIX SPADES FOUR,0.6524,0.0096,0.338
CLUBS TEN HEARTS FOUR,0.7218,0.0504,0.2278
SPADES SEVEN CLUBS KING,0.4662,0.007,0.5268
CLUBS THREE DIAMONDS EIGHT,0.6912,0.0106,0.2982
HEARTS FOUR HEARTS EIGHT,0.6746,0.0098,0.3156
CLUBS TEN DIAMONDS ACE,0.3006,0.0168,0.6826
CLUBS JACK DIAMONDS EIGHT,0.661,0.0114,0.3276
CLUBS NINE DIAMONDS FOUR,0.7014,0.009,0.2896
SPADES TWO CLUBS KING,0.4754,0.0088,0.5158
CLUBS NINE CLUBS TWO,0.6634,0.009,0.3276
SPADES KING CLUBS ACE,0.3908,0.006,0.6032
SPADES ACE CLUBS FIVE,0.4786,0.003,0.5184
CLUBS KING DIAMONDS FIVE,0.4784,0.0062,0.5154
HEARTS SIX CLUBS FIVE,0.6418,0.0116,0.3466
DIAMONDS TWO SPADES FOUR,0.6714,0.014,0.3146
DIAMONDS KING HEARTS EIGHT,0.4586,0.0074,0.534
CLUBS FOUR DIAMONDS FIVE,0.6524,0.0114,0.3362
DIAMONDS KING HEARTS NINE,0.4514,0.008,0.5406
CLUBS SIX CLUBS TWO,0.6484,0.0144,0.3372
SPADES ACE DIAMONDS ACE,0.1954,0.0028,0.8018
CLUBS FOUR CLUBS QUEEN,0.6298,0.105,0.2652
CLUBS EIGHT SPADES FIVE,0.6702,0.0088,0.321
HEARTS TWO DIAMONDS QUEEN,0.6694,0.1182,0.2124
SPADES JACK SPADES SIX,0.6386,0.0094,0.352
SPADES TEN CLUBS QUEEN,0.0788,0.9008,0.0204
CLUBS THREE SPADES THREE,0.5172,0.0182,0.4646
DIAMONDS THREE DIAMONDS ACE,0.447,0.006,0.547
CLUBS SIX CLUBS KING,0.4444,0.006,0.5496
HEARTS TWO CLUBS TWO,0.5016,0.0204,0.478
SPADES NINE CLUBS THREE,0.6904,0.0114,0.2982
CLUBS EIGHT DIAMONDS KING,0.4746,0.0068,0.5186
HEARTS TWO SPADES TWO,0.4932,0.0188,0.488
CLUBS NINE HEARTS EIGHT,0.6552,0.008,0.3368
SPADES ACE HEARTS TWO,0.4662,0.005,0.5288
SPADES JACK SPADES FIVE,0.6446,0.01,0.3454
SPADES SIX HEARTS SEVEN,0.6392,0.0108,0.35
DIAMONDS ACE DIAMONDS NINE,0.4272,0.003,0.5698
HEARTS ACE CLUBS QUEEN,0.2928,0.0152,0.692
CLUBS TEN HEARTS SEVEN,0.7232,0.0448,0.232
DIAMONDS KING DIAMONDS FOUR,0.4422,0.0068,0.551
SPADES QUEEN DIAMONDS TEN,0.0694,0.9104,0.0202
HEARTS TWO DIAMONDS TEN,0.7466,0.043,0.2104
HEARTS THREE CLUBS TWO,0.6702,0.0128,0.317
CLUBS NINE HEARTS ACE,0.4612,0.005,0.5338
SPADES QUEEN CLUBS FIVE,0.6682,0.107,0.2248
