opposingHand,winningChance,drawChance,lostChance
HEARTS SEVEN CLUBS FIVE
HEARTS FIVE SPADES TEN,0.2928,0.0838,0.6234
SPADES JACK HEARTS FIVE,0.2736,0.0618,0.6646
CLUBS JACK SPADES FIVE,0.2726,0.062,0.6654
CLUBS TEN SPADES FIVE,0.2858,0.074,0.6402
CLUBS JACK CLUBS EIGHT,0.3376,0.0176,0.6448
CLUBS TEN CLUBS EIGHT,0.3244,0.0256,0.65
CLUBS EIGHT CLUBS KING,0.3542,0.0094,0.6364
SPADES FIVE CLUBS ACE,0.2614,0.0234,0.7152
CLUBS EIGHT CLUBS QUEEN,0.334,0.0154,0.6506
SPADES FIVE CLUBS KING,0.2668,0.0332,0.7
SPADES FIVE CLUBS QUEEN,0.2858,0.0502,0.664
CLUBS EIGHT CLUBS ACE,0.3464,0.0028,0.6508
DIAMONDS TWO DIAMONDS THREE,0.5356,0.0964,0.368
DIAMONDS TWO DIAMONDS FIVE,0.5318,0.1904,0.2778
SPADES KING HEARTS FIVE,0.2966,0.0296,0.6738
DIAMONDS TWO DIAMONDS FOUR,0.5252,0.104,0.3708
SPADES QUEEN HEARTS FIVE,0.2736,0.0454,0.681
DIAMONDS TWO DIAMONDS SEVEN,0.3336,0.4162,0.2502
DIAMONDS TWO DIAMONDS SIX,0.5352,0.1004,0.3644
SPADES ACE HEARTS FIVE,0.2774,0.0214,0.7012
DIAMONDS TWO DIAMONDS NINE,0.3964,0.0414,0.5622
DIAMONDS TWO DIAMONDS EIGHT,0.397,0.0578,0.5452
DIAMONDS THREE DIAMONDS FOUR,0.5292,0.099,0.3718
CLUBS TWO SPADES FOUR,0.5862,0.1044,0.3094
DIAMONDS THREE DIAMONDS FIVE,0.5152,0.1904,0.2944
SPADES FIVE CLUBS TWO,0.5616,0.2106,0.2278
CLUBS TWO SPADES TWO,0.3874,0.1154,0.4972
CLUBS TWO SPADES THREE,0.5744,0.1066,0.319
DIAMONDS THREE DIAMONDS EIGHT,0.3992,0.0594,0.5414
SPADES EIGHT CLUBS TWO,0.4408,0.0676,0.4916
DIAMONDS THREE DIAMONDS NINE,0.4034,0.037,0.5596
SPADES NINE CLUBS TWO,0.4348,0.0456,0.5196
DIAMONDS THREE DIAMONDS SIX,0.5346,0.0894,0.376
SPADES SIX CLUBS TWO,0.577,0.1016,0.3214
DIAMONDS THREE DIAMONDS SEVEN,0.3258,0.4192,0.255
SPADES SEVEN CLUBS TWO,0.3474,0.439,0.2136
CLUBS SIX CLUBS TWO,0.5452,0.0948,0.36
CLUBS SEVEN CLUBS TWO,0.337,0.429,0.234
CLUBS FOUR CLUBS TWO,0.5446,0.1018,0.3536
CLUBS TEN CLUBS JACK,0.3242,0.0152,0.6606
DIAMONDS FOUR DIAMONDS SIX,0.519,0.0944,0.3866
CLUBS TEN CLUBS QUEEN,0.3304,0.0114,0.6582
DIAMONDS FOUR DIAMONDS SEVEN,0.3178,0.412,0.2702
CLUBS TEN CLUBS KING,0.34,0.0074,0.6526
CLUBS TEN CLUBS ACE,0.3442,0.005,0.6508
CLUBS EIGHT CLUBS TWO,0.4064,0.0642,0.5294
DIAMONDS FIVE DIAMONDS FOUR,0.5146,0.189,0.2964
CLUBS NINE CLUBS TWO,0.4158,0.046,0.5382
DIAMONDS NINE DIAMONDS FOUR,0.3808,0.0396,0.5796
DIAMONDS EIGHT DIAMONDS FOUR,0.3752,0.0632,0.5616
CLUBS THREE CLUBS TWO,0.5544,0.1034,0.3422
DIAMONDS NINE DIAMONDS FIVE,0.2534,0.1038,0.6428
CLUBS JACK DIAMONDS TWO,0.4204,0.0204,0.5592
DIAMONDS EIGHT DIAMONDS FIVE,0.23,0.1378,0.6322
CLUBS TEN DIAMONDS TWO,0.4204,0.0302,0.5494
DIAMONDS FIVE DIAMONDS SEVEN,0.0266,0.902,0.0714
DIAMONDS FIVE DIAMONDS SIX,0.5198,0.1918,0.2884
DIAMONDS TWO CLUBS ACE,0.403,0.0034,0.5936
DIAMONDS TWO CLUBS KING,0.4238,0.0072,0.569
DIAMONDS TWO CLUBS QUEEN,0.41,0.0136,0.5764
DIAMONDS EIGHT DIAMONDS SIX,0.33,0.0646,0.6054
DIAMONDS NINE DIAMONDS SIX,0.344,0.04,0.616
HEARTS ACE SPADES THREE,0.4028,0.0064,0.5908
SPADES THREE HEARTS KING,0.4188,0.0084,0.5728
DIAMONDS SEVEN DIAMONDS SIX,0.2012,0.353,0.4458
HEARTS QUEEN SPADES THREE,0.4242,0.0104,0.5654
SPADES THREE HEARTS JACK,0.4088,0.0216,0.5696
SPADES THREE HEARTS TEN,0.421,0.0296,0.5494
DIAMONDS EIGHT DIAMONDS SEVEN,0.2352,0.134,0.6308
DIAMONDS NINE DIAMONDS SEVEN,0.2472,0.1012,0.6516
DIAMONDS NINE DIAMONDS EIGHT,0.3206,0.0382,0.6412
DIAMONDS KING HEARTS TEN,0.352,0.0062,0.6418
HEARTS THREE HEARTS TEN,0.3942,0.0272,0.5786
SPADES JACK CLUBS SIX,0.372,0.0202,0.6078
DIAMONDS KING HEARTS JACK,0.346,0.008,0.646
HEARTS THREE HEARTS JACK,0.4002,0.0232,0.5766
SPADES TEN CLUBS SIX,0.363,0.0284,0.6086
SPADES JACK SPADES FIVE,0.2692,0.0562,0.6746
SPADES TEN SPADES FIVE,0.2558,0.0794,0.6648
DIAMONDS KING HEARTS ACE,0.362,0.004,0.634
HEARTS THREE HEARTS ACE,0.3748,0.0046,0.6206
SPADES ACE CLUBS SIX,0.3738,0.0038,0.6224
DIAMONDS KING HEARTS QUEEN,0.3666,0.005,0.6284
HEARTS THREE HEARTS QUEEN,0.3912,0.014,0.5948
SPADES KING CLUBS SIX,0.39,0.0056,0.6044
DIAMONDS KING HEARTS KING,0.1668,0.015,0.8182
HEARTS THREE HEARTS KING,0.3978,0.0088,0.5934
SPADES QUEEN CLUBS SIX,0.3752,0.0136,0.6112
SPADES NINE HEARTS TEN,0.3354,0.0192,0.6454
SPADES NINE HEARTS JACK,0.3554,0.0184,0.6262
SPADES QUEEN SPADES FIVE,0.265,0.0454,0.6896
SPADES KING SPADES FIVE,0.267,0.0318,0.7012
SPADES ACE SPADES FIVE,0.2688,0.0186,0.7126
SPADES NINE HEARTS QUEEN,0.3486,0.009,0.6424
SPADES NINE HEARTS KING,0.3556,0.006,0.6384
SPADES NINE HEARTS ACE,0.352,0.0054,0.6426
CLUBS TEN SPADES JACK,0.3382,0.0142,0.6476
CLUBS TEN SPADES TEN,0.1684,0.0526,0.779
SPADES ACE CLUBS TEN,0.3556,0.0042,0.6402
CLUBS TEN SPADES KING,0.3586,0.0086,0.6328
CLUBS TEN SPADES QUEEN,0.3476,0.01,0.6424
SPADES FIVE HEARTS QUEEN,0.2734,0.0456,0.681
SPADES FIVE HEARTS KING,0.2808,0.0342,0.685
HEARTS ACE SPADES FIVE,0.2726,0.0216,0.7058
CLUBS EIGHT SPADES TEN,0.336,0.028,0.636
HEARTS THREE SPADES JACK,0.42,0.0194,0.5606
SPADES JACK DIAMONDS KING,0.3654,0.0062,0.6284
SPADES TEN DIAMONDS KING,0.3568,0.0056,0.6376
HEARTS THREE SPADES TEN,0.431,0.0306,0.5384
CLUBS EIGHT SPADES JACK,0.3508,0.0178,0.6314
CLUBS SIX HEARTS ACE,0.373,0.0064,0.6206
SPADES ACE CLUBS EIGHT,0.353,0.0052,0.6418
CLUBS JACK HEARTS FIVE,0.2846,0.0588,0.6566
CLUBS TEN HEARTS FIVE,0.2778,0.0776,0.6446
CLUBS SIX HEARTS QUEEN,0.3762,0.0124,0.6114
SPADES QUEEN CLUBS EIGHT,0.3624,0.0112,0.6264
CLUBS TEN SPADES THREE,0.408,0.03,0.562
CLUBS SIX HEARTS KING,0.3684,0.0102,0.6214
SPADES KING CLUBS EIGHT,0.3722,0.0068,0.621
CLUBS JACK SPADES THREE,0.4168,0.0224,0.5608
DIAMONDS TWO HEARTS JACK,0.4294,0.018,0.5526
SPADES THREE CLUBS QUEEN,0.4122,0.0144,0.5734
DIAMONDS TWO HEARTS TEN,0.443,0.029,0.528
SPADES THREE CLUBS KING,0.4124,0.0064,0.5812
HEARTS FIVE CLUBS ACE,0.2676,0.0216,0.7108
SPADES FIVE HEARTS TEN,0.265,0.0836,0.6514
SPADES THREE CLUBS ACE,0.4086,0.0052,0.5862
HEARTS FIVE CLUBS KING,0.271,0.036,0.693
SPADES FIVE HEARTS JACK,0.2694,0.0576,0.673
HEARTS FIVE CLUBS QUEEN,0.2694,0.0498,0.6808
HEARTS THREE CLUBS KING,0.4218,0.007,0.5712
DIAMONDS KING CLUBS KING,0.18,0.016,0.804
HEARTS THREE CLUBS QUEEN,0.429,0.015,0.556
DIAMONDS KING CLUBS QUEEN,0.362,0.0066,0.6314
HEARTS FIVE HEARTS JACK,0.2778,0.0596,0.6626
HEARTS FIVE HEARTS TEN,0.2674,0.0804,0.6522
HEARTS THREE CLUBS ACE,0.4156,0.0042,0.5802
DIAMONDS KING CLUBS ACE,0.3644,0.0032,0.6324
SPADES ACE CLUBS QUEEN,0.3584,0.005,0.6366
SPADES KING CLUBS QUEEN,0.3486,0.0072,0.6442
CLUBS JACK HEARTS THREE,0.421,0.0208,0.5582
CLUBS JACK DIAMONDS KING,0.3432,0.008,0.6488
SPADES QUEEN CLUBS QUEEN,0.1772,0.0296,0.7932
CLUBS TEN HEARTS THREE,0.409,0.03,0.561
CLUBS TEN DIAMONDS KING,0.3578,0.0106,0.6316
SPADES JACK CLUBS QUEEN,0.3682,0.0092,0.6226
CLUBS SIX CLUBS QUEEN,0.3686,0.0112,0.6202
SPADES TEN CLUBS QUEEN,0.352,0.0118,0.6362
CLUBS SIX CLUBS KING,0.3702,0.008,0.6218
CLUBS SIX CLUBS ACE,0.3606,0.0042,0.6352
HEARTS FIVE HEARTS KING,0.2774,0.0348,0.6878
HEARTS FIVE HEARTS QUEEN,0.259,0.0506,0.6904
CLUBS TEN CLUBS SIX,0.3676,0.0266,0.6058
HEARTS FIVE HEARTS ACE,0.2608,0.022,0.7172
CLUBS JACK CLUBS SIX,0.374,0.018,0.608
SPADES SEVEN HEARTS JACK,0.2672,0.0578,0.675
SPADES SEVEN HEARTS TEN,0.254,0.0846,0.6614
DIAMONDS TWO CLUBS TWO,0.3824,0.1186,0.499
DIAMONDS TWO CLUBS THREE,0.5718,0.1046,0.3236
HEARTS SIX DIAMONDS TWO,0.5774,0.0988,0.3238
DIAMONDS TWO HEARTS QUEEN,0.4256,0.0132,0.5612
DIAMONDS TWO HEARTS KING,0.428,0.008,0.564
DIAMONDS TWO HEARTS EIGHT,0.4242,0.0724,0.5034
DIAMONDS TWO HEARTS ACE,0.4128,0.0072,0.58
DIAMONDS TWO HEARTS NINE,0.4268,0.0468,0.5264
DIAMONDS TWO DIAMONDS QUEEN,0.402,0.0148,0.5832
DIAMONDS TWO HEARTS TWO,0.3914,0.1122,0.4964
DIAMONDS TWO DIAMONDS KING,0.3998,0.01,0.5902
HEARTS THREE DIAMONDS TWO,0.5602,0.113,0.3268
DIAMONDS TWO DIAMONDS ACE,0.3908,0.0044,0.6048
HEARTS FOUR DIAMONDS TWO,0.5824,0.1052,0.3124
DIAMONDS TWO HEARTS FIVE,0.5764,0.201,0.2226
SPADES SEVEN HEARTS ACE,0.2762,0.03,0.6938
DIAMONDS TWO DIAMONDS TEN,0.3958,0.0288,0.5754
SPADES SEVEN HEARTS KING,0.2738,0.0328,0.6934
DIAMONDS TWO DIAMONDS JACK,0.3904,0.0202,0.5894
SPADES SEVEN HEARTS QUEEN,0.2746,0.05,0.6754
DIAMONDS TWO SPADES NINE,0.4288,0.0436,0.5276
DIAMONDS TWO SPADES EIGHT,0.4254,0.0628,0.5118
DIAMONDS TWO SPADES SEVEN,0.3414,0.4432,0.2154
DIAMONDS TWO SPADES SIX,0.573,0.101,0.326
DIAMONDS TWO SPADES FIVE,0.5516,0.2072,0.2412
DIAMONDS TWO SPADES FOUR,0.5672,0.105,0.3278
DIAMONDS TWO SPADES THREE,0.57,0.1008,0.3292
DIAMONDS TWO SPADES TWO,0.3924,0.106,0.5016
DIAMONDS TWO CLUBS NINE,0.4174,0.0418,0.5408
CLUBS EIGHT DIAMONDS TWO,0.4278,0.0684,0.5038
DIAMONDS TWO CLUBS SEVEN,0.339,0.4562,0.2048
DIAMONDS TWO CLUBS SIX,0.5654,0.1044,0.3302
DIAMONDS TWO CLUBS FOUR,0.5872,0.0996,0.3132
CLUBS FOUR SPADES FIVE,0.5438,0.2002,0.256
CLUBS FOUR SPADES FOUR,0.3618,0.1148,0.5234
CLUBS FOUR SPADES THREE,0.564,0.104,0.332
CLUBS FOUR SPADES TWO,0.5852,0.0994,0.3154
SPADES NINE CLUBS FOUR,0.425,0.0468,0.5282
SPADES EIGHT CLUBS FOUR,0.418,0.0658,0.5162
SPADES SEVEN CLUBS FOUR,0.3396,0.4512,0.2092
CLUBS FOUR SPADES SIX,0.5536,0.0988,0.3476
SPADES ACE DIAMONDS SIX,0.38,0.004,0.616
SPADES QUEEN DIAMONDS SIX,0.4016,0.0112,0.5872
SPADES KING DIAMONDS SIX,0.3898,0.0062,0.604
SPADES TEN DIAMONDS SIX,0.3968,0.0268,0.5764
SPADES JACK DIAMONDS SIX,0.3886,0.0184,0.593
SPADES QUEEN SPADES TWO,0.401,0.0134,0.5856
SPADES KING SPADES TWO,0.4104,0.0086,0.581
SPADES ACE SPADES TWO,0.399,0.0058,0.5952
CLUBS JACK DIAMONDS JACK,0.1774,0.0436,0.779
CLUBS TEN DIAMONDS JACK,0.3516,0.0142,0.6342
DIAMONDS JACK CLUBS KING,0.3654,0.0068,0.6278
DIAMONDS JACK CLUBS QUEEN,0.3398,0.0096,0.6506
DIAMONDS THREE DIAMONDS JACK,0.3962,0.0154,0.5884
DIAMONDS THREE DIAMONDS TEN,0.3982,0.0246,0.5772
DIAMONDS JACK CLUBS ACE,0.3672,0.0044,0.6284
DIAMONDS THREE DIAMONDS KING,0.3848,0.0082,0.607
HEARTS THREE DIAMONDS THREE,0.3816,0.1128,0.5056
DIAMONDS THREE DIAMONDS QUEEN,0.3892,0.0124,0.5984
DIAMONDS THREE HEARTS TWO,0.5716,0.1074,0.321
HEARTS FIVE DIAMONDS THREE,0.5448,0.22,0.2352
DIAMONDS THREE DIAMONDS ACE,0.3774,0.0028,0.6198
HEARTS FOUR DIAMONDS THREE,0.5662,0.1016,0.3322
SPADES TEN SPADES NINE,0.312,0.0226,0.6654
HEARTS SIX DIAMONDS THREE,0.5526,0.1066,0.3408
SPADES JACK SPADES NINE,0.33,0.0152,0.6548
DIAMONDS THREE HEARTS NINE,0.4152,0.047,0.5378
HEARTS JACK DIAMONDS FOUR,0.4062,0.021,0.5728
HEARTS ACE HEARTS KING,0.3332,0.007,0.6598
SPADES TEN SPADES TWO,0.3952,0.027,0.5778
DIAMONDS THREE HEARTS EIGHT,0.4098,0.0678,0.5224
HEARTS TEN DIAMONDS FOUR,0.408,0.0296,0.5624
SPADES JACK SPADES TWO,0.4074,0.0216,0.571
HEARTS QUEEN DIAMONDS FOUR,0.4084,0.0132,0.5784
HEARTS KING DIAMONDS FOUR,0.4164,0.0078,0.5758
SPADES ACE SPADES NINE,0.3406,0.0046,0.6548
HEARTS ACE DIAMONDS FOUR,0.3792,0.004,0.6168
SPADES KING SPADES NINE,0.338,0.0072,0.6548
SPADES QUEEN SPADES NINE,0.334,0.0102,0.6558
DIAMONDS THREE SPADES NINE,0.4166,0.0418,0.5416
DIAMONDS THREE SPADES EIGHT,0.4298,0.0612,0.509
DIAMONDS THREE SPADES SEVEN,0.349,0.441,0.21
DIAMONDS THREE SPADES SIX,0.5652,0.0922,0.3426
DIAMONDS THREE CLUBS SIX,0.5684,0.0962,0.3354
CLUBS ACE DIAMONDS FOUR,0.387,0.0058,0.6072
DIAMONDS THREE CLUBS SEVEN,0.3322,0.456,0.2118
DIAMONDS THREE CLUBS FOUR,0.555,0.106,0.339
DIAMONDS FOUR CLUBS QUEEN,0.4002,0.0166,0.5832
DIAMONDS FOUR CLUBS KING,0.4228,0.0114,0.5658
DIAMONDS THREE CLUBS TWO,0.5904,0.0992,0.3104
CLUBS TEN DIAMONDS FOUR,0.4226,0.0252,0.5522
DIAMONDS THREE CLUBS THREE,0.3796,0.1142,0.5062
CLUBS JACK DIAMONDS FOUR,0.4066,0.0208,0.5726
DIAMONDS THREE SPADES FOUR,0.5674,0.0994,0.3332
DIAMONDS THREE SPADES FIVE,0.5398,0.198,0.2622
DIAMONDS THREE SPADES TWO,0.5602,0.104,0.3358
DIAMONDS THREE SPADES THREE,0.3724,0.109,0.5186
CLUBS EIGHT DIAMONDS THREE,0.4142,0.065,0.5208
CLUBS NINE DIAMONDS THREE,0.4126,0.0392,0.5482
SPADES SEVEN CLUBS ACE,0.2668,0.027,0.7062
SPADES SEVEN CLUBS QUEEN,0.2662,0.0472,0.6866
SPADES SEVEN CLUBS KING,0.2748,0.0356,0.6896
CLUBS TEN SPADES SEVEN,0.2516,0.0796,0.6688
CLUBS JACK SPADES SEVEN,0.2606,0.063,0.6764
CLUBS ACE CLUBS QUEEN,0.34,0.0044,0.6556
CLUBS KING CLUBS QUEEN,0.3396,0.0078,0.6526
DIAMONDS TEN DIAMONDS FOUR,0.3856,0.0232,0.5912
CLUBS TEN DIAMONDS NINE,0.3386,0.0194,0.642
DIAMONDS JACK DIAMONDS FOUR,0.383,0.0222,0.5948
CLUBS JACK DIAMONDS NINE,0.3432,0.0162,0.6406
CLUBS JACK SPADES NINE,0.342,0.0148,0.6432
CLUBS TEN SPADES NINE,0.34,0.0214,0.6386
DIAMONDS ACE DIAMONDS FOUR,0.3854,0.0024,0.6122
HEARTS FOUR DIAMONDS FOUR,0.375,0.1098,0.5152
DIAMONDS JACK HEARTS TEN,0.3378,0.0156,0.6466
SPADES NINE CLUBS KING,0.3436,0.008,0.6484
DIAMONDS TWO SPADES TEN,0.4266,0.0288,0.5446
DIAMONDS NINE CLUBS ACE,0.3504,0.0034,0.6462
HEARTS FIVE DIAMONDS FOUR,0.5448,0.2042,0.251
DIAMONDS JACK HEARTS JACK,0.184,0.0412,0.7748
SPADES NINE CLUBS QUEEN,0.3544,0.0102,0.6354
DIAMONDS TWO SPADES JACK,0.4304,0.0202,0.5494
DIAMONDS QUEEN DIAMONDS FOUR,0.3942,0.0126,0.5932
HEARTS TWO DIAMONDS FOUR,0.5738,0.1058,0.3204
DIAMONDS NINE CLUBS QUEEN,0.3518,0.0114,0.6368
DIAMONDS KING DIAMONDS FOUR,0.3944,0.0066,0.599
HEARTS THREE DIAMONDS FOUR,0.5608,0.1018,0.3374
SPADES NINE CLUBS ACE,0.3458,0.0052,0.649
DIAMONDS NINE CLUBS KING,0.3486,0.0068,0.6446
HEARTS ACE DIAMONDS JACK,0.3566,0.004,0.6394
SPADES ACE DIAMONDS TWO,0.4264,0.0034,0.5702
HEARTS QUEEN DIAMONDS JACK,0.3552,0.0106,0.6342
SPADES QUEEN DIAMONDS TWO,0.4346,0.016,0.5494
DIAMONDS JACK HEARTS KING,0.3536,0.0066,0.6398
SPADES KING DIAMONDS TWO,0.428,0.009,0.563
SPADES JACK SPADES SEVEN,0.2572,0.0542,0.6886
SPADES TEN SPADES SEVEN,0.239,0.0806,0.6804
CLUBS SEVEN CLUBS THREE,0.3268,0.4328,0.2404
CLUBS SIX CLUBS THREE,0.537,0.1022,0.3608
CLUBS THREE CLUBS FOUR,0.5496,0.0964,0.354
CLUBS NINE CLUBS THREE,0.4058,0.0456,0.5486
CLUBS EIGHT CLUBS THREE,0.4002,0.0592,0.5406
CLUBS THREE SPADES FIVE,0.5576,0.2,0.2424
CLUBS THREE SPADES FOUR,0.5576,0.0966,0.3458
CLUBS THREE SPADES THREE,0.3714,0.1176,0.511
CLUBS THREE SPADES TWO,0.5736,0.1034,0.323
CLUBS THREE SPADES SIX,0.5616,0.105,0.3334
CLUBS THREE SPADES SEVEN,0.3466,0.4496,0.2038
SPADES EIGHT CLUBS THREE,0.4192,0.0626,0.5182
SPADES NINE CLUBS THREE,0.4236,0.0494,0.527
SPADES TWO DIAMONDS FOUR,0.569,0.107,0.324
SPADES THREE DIAMONDS FOUR,0.5676,0.1026,0.3298
SPADES FOUR DIAMONDS FOUR,0.3812,0.111,0.5078
SPADES FIVE DIAMONDS FOUR,0.5416,0.1954,0.263
SPADES SIX DIAMONDS FOUR,0.5516,0.0986,0.3498
SPADES SEVEN DIAMONDS FOUR,0.3338,0.4442,0.222
SPADES EIGHT DIAMONDS FOUR,0.4142,0.0646,0.5212
SPADES NINE DIAMONDS FOUR,0.4106,0.045,0.5444
CLUBS FOUR DIAMONDS FOUR,0.364,0.1154,0.5206
CLUBS SEVEN DIAMONDS FOUR,0.3198,0.4572,0.223
CLUBS SIX DIAMONDS FOUR,0.5612,0.099,0.3398
CLUBS NINE DIAMONDS FOUR,0.4108,0.046,0.5432
CLUBS EIGHT DIAMONDS FOUR,0.4024,0.0614,0.5362
HEARTS SIX DIAMONDS FOUR,0.5482,0.0988,0.353
DIAMONDS FOUR HEARTS NINE,0.4138,0.0402,0.546
DIAMONDS FOUR HEARTS EIGHT,0.4054,0.0632,0.5314
CLUBS THREE DIAMONDS FOUR,0.567,0.102,0.331
CLUBS TWO DIAMONDS FOUR,0.57,0.1032,0.3268
DIAMONDS TEN DIAMONDS FIVE,0.2676,0.071,0.6614
DIAMONDS JACK DIAMONDS FIVE,0.2654,0.0508,0.6838
DIAMONDS NINE HEARTS QUEEN,0.3584,0.013,0.6286
DIAMONDS NINE HEARTS KING,0.362,0.0074,0.6306
HEARTS ACE DIAMONDS NINE,0.3702,0.0038,0.626
DIAMONDS NINE HEARTS TEN,0.336,0.0236,0.6404
DIAMONDS NINE HEARTS JACK,0.345,0.0154,0.6396
CLUBS KING DIAMONDS SIX,0.3854,0.0074,0.6072
CLUBS QUEEN DIAMONDS SIX,0.3868,0.0106,0.6026
CLUBS ACE DIAMONDS SIX,0.3866,0.0056,0.6078
SPADES KING DIAMONDS FOUR,0.4122,0.0104,0.5774
SPADES ACE SPADES SEVEN,0.255,0.0256,0.7194
SPADES QUEEN DIAMONDS FOUR,0.4248,0.0116,0.5636
SPADES QUEEN SPADES SEVEN,0.2642,0.0522,0.6836
CLUBS JACK DIAMONDS SIX,0.3894,0.0174,0.5932
SPADES KING SPADES SEVEN,0.2626,0.0358,0.7016
SPADES ACE DIAMONDS FOUR,0.3948,0.0032,0.602
CLUBS TEN DIAMONDS SIX,0.381,0.0288,0.5902
CLUBS NINE CLUBS FOUR,0.4008,0.0462,0.553
CLUBS EIGHT CLUBS FOUR,0.3914,0.0656,0.543
SPADES JACK DIAMONDS FOUR,0.4226,0.0194,0.558
SPADES TEN DIAMONDS FOUR,0.409,0.0274,0.5636
CLUBS SEVEN CLUBS FOUR,0.3134,0.4404,0.2462
CLUBS SIX CLUBS FOUR,0.5178,0.097,0.3852
CLUBS SEVEN SPADES EIGHT,0.2418,0.1424,0.6158
SPADES NINE CLUBS SEVEN,0.26,0.1062,0.6338
CLUBS SEVEN SPADES SIX,0.2278,0.383,0.3892
CLUBS SEVEN SPADES SEVEN,0.115,0.1024,0.7826
CLUBS SEVEN SPADES FIVE,0.0112,0.9682,0.0206
CLUBS SEVEN SPADES FOUR,0.3228,0.4562,0.221
CLUBS SEVEN SPADES THREE,0.3366,0.4482,0.2152
CLUBS SEVEN SPADES TWO,0.3418,0.458,0.2002
CLUBS NINE CLUBS SEVEN,0.2436,0.1066,0.6498
CLUBS EIGHT CLUBS SEVEN,0.2446,0.1422,0.6132
HEARTS SIX DIAMONDS FIVE,0.5684,0.1932,0.2384
DIAMONDS FIVE HEARTS EIGHT,0.2498,0.1432,0.607
DIAMONDS FIVE HEARTS NINE,0.2566,0.1046,0.6388
DIAMONDS QUEEN DIAMONDS FIVE,0.2592,0.037,0.7038
HEARTS TWO DIAMONDS FIVE,0.5678,0.2072,0.225
HEARTS KING HEARTS EIGHT,0.35,0.0086,0.6414
DIAMONDS KING DIAMONDS FIVE,0.253,0.0314,0.7156
HEARTS THREE DIAMONDS FIVE,0.5452,0.2078,0.247
HEARTS QUEEN HEARTS EIGHT,0.3418,0.0146,0.6436
DIAMONDS ACE DIAMONDS FIVE,0.265,0.0204,0.7146
HEARTS FOUR DIAMONDS FIVE,0.531,0.2112,0.2578
HEARTS FIVE DIAMONDS FIVE,0.2932,0.0888,0.618
HEARTS ACE HEARTS EIGHT,0.342,0.0054,0.6526
CLUBS FOUR DIAMONDS FIVE,0.5466,0.2064,0.247
CLUBS SIX DIAMONDS FIVE,0.5598,0.201,0.2392
CLUBS SEVEN DIAMONDS FIVE,0.0126,0.9688,0.0186
CLUBS TWO DIAMONDS FIVE,0.5688,0.2056,0.2256
CLUBS THREE DIAMONDS FIVE,0.558,0.1928,0.2492
SPADES THREE DIAMONDS FIVE,0.5446,0.2034,0.252
SPADES TWO DIAMONDS FIVE,0.5684,0.1994,0.2322
SPADES JACK DIAMONDS EIGHT,0.3596,0.0172,0.6232
SPADES FIVE DIAMONDS FIVE,0.286,0.0946,0.6194
CLUBS TEN HEARTS JACK,0.3396,0.0122,0.6482
SPADES TEN DIAMONDS EIGHT,0.3512,0.0264,0.6224
SPADES FOUR DIAMONDS FIVE,0.5354,0.1936,0.271
CLUBS JACK HEARTS JACK,0.1684,0.045,0.7866
HEARTS JACK CLUBS QUEEN,0.3498,0.0116,0.6386
CLUBS NINE DIAMONDS FIVE,0.2642,0.106,0.6298
CLUBS EIGHT DIAMONDS FIVE,0.2526,0.1492,0.5982
HEARTS JACK CLUBS KING,0.3388,0.0058,0.6554
CLUBS ACE HEARTS JACK,0.3486,0.0034,0.648
SPADES SEVEN DIAMONDS FIVE,0.021,0.9568,0.0222
SPADES KING DIAMONDS EIGHT,0.366,0.0066,0.6274
SPADES QUEEN DIAMONDS EIGHT,0.3598,0.0084,0.6318
SPADES SIX DIAMONDS FIVE,0.5594,0.1904,0.2502
SPADES NINE DIAMONDS FIVE,0.2708,0.1046,0.6246
SPADES EIGHT DIAMONDS FIVE,0.2552,0.1438,0.601
SPADES ACE DIAMONDS EIGHT,0.3674,0.003,0.6296
DIAMONDS TEN DIAMONDS SIX,0.35,0.026,0.624
HEARTS ACE DIAMONDS SEVEN,0.2654,0.0284,0.7062
DIAMONDS JACK DIAMONDS SIX,0.3688,0.0198,0.6114
HEARTS QUEEN DIAMONDS SEVEN,0.2776,0.0454,0.677
HEARTS KING DIAMONDS SEVEN,0.2788,0.0414,0.6798
DIAMONDS ACE DIAMONDS SIX,0.3594,0.004,0.6366
HEARTS FOUR DIAMONDS SIX,0.5522,0.098,0.3498
SPADES TWO HEARTS JACK,0.4246,0.0194,0.556
HEARTS FIVE DIAMONDS SIX,0.5542,0.2056,0.2402
SPADES TWO HEARTS TEN,0.4172,0.0298,0.553
DIAMONDS QUEEN DIAMONDS SIX,0.3656,0.0118,0.6226
HEARTS TWO DIAMONDS SIX,0.5824,0.1022,0.3154
DIAMONDS KING DIAMONDS SIX,0.3722,0.0074,0.6204
HEARTS THREE DIAMONDS SIX,0.573,0.0938,0.3332
HEARTS EIGHT DIAMONDS SIX,0.3628,0.0568,0.5804
HEARTS NINE DIAMONDS SIX,0.354,0.0432,0.6028
HEARTS SIX DIAMONDS SIX,0.267,0.1014,0.6316
HEARTS TEN DIAMONDS SEVEN,0.2482,0.078,0.6738
CLUBS TWO DIAMONDS SIX,0.5866,0.1014,0.312
HEARTS JACK DIAMONDS SEVEN,0.2642,0.0602,0.6756
CLUBS THREE DIAMONDS SIX,0.5668,0.1012,0.332
CLUBS SEVEN DIAMONDS SIX,0.221,0.3848,0.3942
CLUBS JACK DIAMONDS EIGHT,0.3518,0.0174,0.6308
CLUBS SIX DIAMONDS SIX,0.2442,0.111,0.6448
CLUBS TEN DIAMONDS EIGHT,0.3474,0.0258,0.6268
CLUBS FOUR DIAMONDS SIX,0.549,0.1074,0.3436
HEARTS ACE HEARTS JACK,0.3422,0.0052,0.6526
DIAMONDS EIGHT CLUBS ACE,0.348,0.0038,0.6482
HEARTS QUEEN HEARTS JACK,0.3308,0.0118,0.6574
DIAMONDS EIGHT CLUBS KING,0.3604,0.0064,0.6332
CLUBS NINE DIAMONDS SIX,0.3566,0.0442,0.5992
HEARTS KING HEARTS JACK,0.338,0.0074,0.6546
CLUBS EIGHT DIAMONDS SIX,0.3548,0.0718,0.5734
DIAMONDS EIGHT CLUBS QUEEN,0.355,0.011,0.634
SPADES TEN HEARTS KING,0.3536,0.0078,0.6386
SPADES FIVE DIAMONDS SIX,0.5546,0.2,0.2454
HEARTS ACE SPADES TWO,0.4094,0.0056,0.585
SPADES JACK HEARTS KING,0.365,0.0072,0.6278
SPADES FOUR DIAMONDS SIX,0.5592,0.1024,0.3384
SPADES THREE DIAMONDS SIX,0.5624,0.1008,0.3368
HEARTS QUEEN SPADES TWO,0.4272,0.015,0.5578
SPADES ACE SPADES KING,0.3448,0.0056,0.6496
HEARTS KING SPADES TWO,0.4384,0.0082,0.5534
SPADES TWO DIAMONDS SIX,0.5706,0.1132,0.3162
HEARTS TEN HEARTS EIGHT,0.3174,0.0268,0.6558
SPADES NINE DIAMONDS SIX,0.3656,0.0438,0.5906
HEARTS JACK HEARTS EIGHT,0.3398,0.0214,0.6388
SPADES EIGHT DIAMONDS SIX,0.3698,0.0586,0.5716
SPADES SEVEN DIAMONDS SIX,0.2188,0.3834,0.3978
SPADES SIX DIAMONDS SIX,0.2624,0.1112,0.6264
SPADES KING HEARTS KING,0.1684,0.0146,0.817
SPADES QUEEN HEARTS KING,0.3552,0.0092,0.6356
CLUBS ACE CLUBS KING,0.3454,0.0036,0.651
SPADES ACE HEARTS KING,0.3606,0.0042,0.6352
SPADES ACE HEARTS JACK,0.357,0.0032,0.6398
SPADES QUEEN HEARTS JACK,0.3534,0.0098,0.6368
SPADES KING HEARTS JACK,0.362,0.0074,0.6306
SPADES TEN DIAMONDS TEN,0.1844,0.0576,0.758
SPADES JACK DIAMONDS TEN,0.343,0.0138,0.6432
SPADES ACE DIAMONDS TEN,0.3524,0.0048,0.6428
SPADES JACK HEARTS JACK,0.1794,0.0444,0.7762
SPADES TEN HEARTS JACK,0.3302,0.014,0.6558
SPADES QUEEN DIAMONDS TEN,0.3386,0.013,0.6484
SPADES KING DIAMONDS TEN,0.3598,0.0062,0.634
SPADES NINE DIAMONDS SEVEN,0.256,0.1092,0.6348
SPADES EIGHT DIAMONDS SEVEN,0.2588,0.1302,0.611
SPADES SEVEN DIAMONDS SEVEN,0.1172,0.0954,0.7874
SPADES SIX DIAMONDS SEVEN,0.222,0.3768,0.4012
DIAMONDS KING DIAMONDS SEVEN,0.2624,0.0422,0.6954
HEARTS THREE DIAMONDS SEVEN,0.3332,0.4632,0.2036
HEARTS KING DIAMONDS FIVE,0.2828,0.0308,0.6864
DIAMONDS QUEEN DIAMONDS SEVEN,0.263,0.0434,0.6936
HEARTS TWO DIAMONDS SEVEN,0.3478,0.4514,0.2008
HEARTS QUEEN DIAMONDS FIVE,0.2838,0.0542,0.662
HEARTS FIVE DIAMONDS SEVEN,0.0166,0.969,0.0144
DIAMONDS ACE DIAMONDS SEVEN,0.2524,0.0286,0.719
HEARTS FOUR DIAMONDS SEVEN,0.3386,0.4542,0.2072
HEARTS ACE DIAMONDS FIVE,0.2664,0.0226,0.711
HEARTS SIX DIAMONDS SEVEN,0.2194,0.3896,0.391
DIAMONDS SEVEN HEARTS NINE,0.2424,0.1048,0.6528
HEARTS EIGHT DIAMONDS SEVEN,0.233,0.1488,0.6182
DIAMONDS JACK DIAMONDS SEVEN,0.2572,0.0572,0.6856
DIAMONDS FIVE HEARTS JACK,0.2752,0.059,0.6658
DIAMONDS TEN DIAMONDS SEVEN,0.2326,0.0794,0.688
HEARTS TEN DIAMONDS FIVE,0.2814,0.0804,0.6382
CLUBS EIGHT DIAMONDS SEVEN,0.2438,0.1454,0.6108
SPADES KING CLUBS TWO,0.4376,0.0086,0.5538
HEARTS KING CLUBS KING,0.167,0.0182,0.8148
SPADES QUEEN CLUBS TWO,0.4264,0.0134,0.5602
HEARTS KING CLUBS QUEEN,0.3456,0.006,0.6484
CLUBS NINE DIAMONDS SEVEN,0.2526,0.115,0.6324
CLUBS JACK SPADES TWO,0.421,0.0216,0.5574
CLUBS SIX CLUBS SEVEN,0.222,0.3606,0.4174
SPADES ACE CLUBS TWO,0.417,0.0056,0.5774
CLUBS TEN SPADES TWO,0.4302,0.0318,0.538
HEARTS KING CLUBS ACE,0.3588,0.0042,0.637
SPADES TWO CLUBS KING,0.4288,0.0088,0.5624
SPADES TWO DIAMONDS SEVEN,0.3452,0.4458,0.209
CLUBS EIGHT CLUBS SIX,0.3306,0.0674,0.602
SPADES THREE DIAMONDS SEVEN,0.338,0.444,0.218
SPADES TWO CLUBS QUEEN,0.4134,0.0128,0.5738
CLUBS NINE CLUBS SIX,0.3542,0.0412,0.6046
SPADES FOUR DIAMONDS SEVEN,0.3328,0.4514,0.2158
CLUBS JACK HEARTS KING,0.3562,0.0094,0.6344
SPADES FIVE DIAMONDS SEVEN,0.0216,0.9572,0.0212
SPADES TWO CLUBS ACE,0.4182,0.007,0.5748
CLUBS TEN HEARTS KING,0.344,0.0078,0.6482
CLUBS SIX SPADES TWO,0.565,0.109,0.326
CLUBS SIX SPADES THREE,0.5682,0.0914,0.3404
CLUBS TWO DIAMONDS SEVEN,0.3542,0.4452,0.2006
CLUBS SIX SPADES FOUR,0.5512,0.0952,0.3536
CLUBS THREE DIAMONDS SEVEN,0.3446,0.446,0.2094
CLUBS SIX SPADES FIVE,0.5496,0.2074,0.243
CLUBS FOUR DIAMONDS SEVEN,0.3276,0.4574,0.215
CLUBS SIX SPADES SIX,0.253,0.1076,0.6394
CLUBS SIX SPADES SEVEN,0.2082,0.3844,0.4074
CLUBS SIX DIAMONDS SEVEN,0.2258,0.3816,0.3926
CLUBS SIX SPADES EIGHT,0.355,0.0632,0.5818
SPADES JACK CLUBS TWO,0.446,0.0172,0.5368
CLUBS SEVEN DIAMONDS SEVEN,0.107,0.1084,0.7846
CLUBS SIX SPADES NINE,0.3588,0.0402,0.601
SPADES TEN CLUBS TWO,0.4236,0.0294,0.547
CLUBS TWO CLUBS QUEEN,0.4108,0.0146,0.5746
CLUBS TWO CLUBS KING,0.405,0.0104,0.5846
CLUBS THREE DIAMONDS EIGHT,0.415,0.0684,0.5166
CLUBS TWO CLUBS ACE,0.3934,0.006,0.6006
CLUBS TWO DIAMONDS EIGHT,0.4236,0.0698,0.5066
HEARTS SIX DIAMONDS EIGHT,0.3652,0.059,0.5758
DIAMONDS EIGHT HEARTS NINE,0.3318,0.0428,0.6254
CLUBS TEN CLUBS TWO,0.406,0.0288,0.5652
DIAMONDS EIGHT HEARTS EIGHT,0.1524,0.0808,0.7668
CLUBS JACK CLUBS TWO,0.4034,0.0178,0.5788
CLUBS NINE DIAMONDS EIGHT,0.331,0.0428,0.6262
CLUBS EIGHT DIAMONDS EIGHT,0.1572,0.074,0.7688
SPADES ACE SPADES THREE,0.3748,0.0038,0.6214
CLUBS FOUR DIAMONDS EIGHT,0.4066,0.0682,0.5252
CLUBS SEVEN DIAMONDS EIGHT,0.2304,0.1388,0.6308
SPADES QUEEN SPADES THREE,0.3842,0.014,0.6018
CLUBS SIX DIAMONDS EIGHT,0.3506,0.066,0.5834
SPADES KING SPADES THREE,0.3884,0.0084,0.6032
DIAMONDS QUEEN DIAMONDS EIGHT,0.3524,0.01,0.6376
HEARTS TWO DIAMONDS EIGHT,0.416,0.0722,0.5118
DIAMONDS KING DIAMONDS EIGHT,0.346,0.009,0.645
HEARTS THREE DIAMONDS EIGHT,0.4244,0.0674,0.5082
DIAMONDS ACE DIAMONDS EIGHT,0.3366,0.004,0.6594
HEARTS FOUR DIAMONDS EIGHT,0.4112,0.062,0.5268
HEARTS FIVE DIAMONDS EIGHT,0.2462,0.1444,0.6094
DIAMONDS EIGHT DIAMONDS TEN,0.326,0.024,0.65
DIAMONDS EIGHT DIAMONDS JACK,0.323,0.0146,0.6624
SPADES JACK SPADES THREE,0.395,0.0174,0.5876
SPADES TEN SPADES THREE,0.4054,0.0274,0.5672
CLUBS FOUR HEARTS ACE,0.3996,0.007,0.5934
CLUBS FOUR HEARTS QUEEN,0.4216,0.0162,0.5622
CLUBS FOUR HEARTS KING,0.4134,0.0104,0.5762
CLUBS SIX HEARTS TEN,0.3812,0.0286,0.5902
CLUBS SIX HEARTS JACK,0.3696,0.02,0.6104
DIAMONDS EIGHT SPADES FOUR,0.4076,0.066,0.5264
SPADES FIVE DIAMONDS EIGHT,0.2598,0.1404,0.5998
DIAMONDS EIGHT SPADES TWO,0.4152,0.064,0.5208
DIAMONDS EIGHT SPADES THREE,0.42,0.0664,0.5136
CLUBS FOUR HEARTS JACK,0.427,0.017,0.556
SPADES EIGHT DIAMONDS EIGHT,0.1598,0.079,0.7612
SPADES TEN DIAMONDS QUEEN,0.3558,0.0098,0.6344
SPADES TEN HEARTS TWO,0.4256,0.0278,0.5466
SPADES JACK HEARTS EIGHT,0.356,0.0164,0.6276
CLUBS FOUR HEARTS TEN,0.4074,0.0312,0.5614
SPADES NINE DIAMONDS EIGHT,0.3284,0.0382,0.6334
SPADES TEN HEARTS EIGHT,0.3462,0.0224,0.6314
SPADES JACK HEARTS TWO,0.438,0.0206,0.5414
SPADES JACK DIAMONDS QUEEN,0.3614,0.0108,0.6278
SPADES SIX DIAMONDS EIGHT,0.3664,0.0602,0.5734
SPADES SEVEN DIAMONDS EIGHT,0.2462,0.1446,0.6092
SPADES ACE HEARTS TWO,0.4056,0.0056,0.5888
SPADES ACE DIAMONDS QUEEN,0.3582,0.0034,0.6384
SPADES ACE HEARTS EIGHT,0.3504,0.005,0.6446
SPADES KING HEARTS EIGHT,0.3492,0.0052,0.6456
SPADES QUEEN HEARTS TWO,0.431,0.0156,0.5534
SPADES QUEEN DIAMONDS QUEEN,0.1846,0.0256,0.7898
SPADES KING DIAMONDS QUEEN,0.3586,0.0058,0.6356
SPADES KING HEARTS TWO,0.4312,0.0106,0.5582
SPADES QUEEN HEARTS EIGHT,0.3524,0.0102,0.6374
CLUBS TWO HEARTS TEN,0.4222,0.0344,0.5434
CLUBS TWO HEARTS JACK,0.4264,0.0196,0.554
SPADES SEVEN DIAMONDS NINE,0.2576,0.1096,0.6328
SPADES SIX DIAMONDS NINE,0.353,0.0448,0.6022
SPADES NINE DIAMONDS NINE,0.179,0.0648,0.7562
SPADES EIGHT DIAMONDS NINE,0.3388,0.0392,0.622
SPADES TEN CLUBS KING,0.3464,0.0076,0.646
DIAMONDS NINE SPADES THREE,0.4128,0.0442,0.543
SPADES JACK CLUBS KING,0.3526,0.006,0.6414
DIAMONDS NINE SPADES TWO,0.4422,0.0412,0.5166
DIAMONDS NINE SPADES FIVE,0.2746,0.1108,0.6146
DIAMONDS NINE SPADES FOUR,0.4236,0.0408,0.5356
CLUBS NINE DIAMONDS NINE,0.1618,0.0708,0.7674
CLUBS EIGHT DIAMONDS NINE,0.3202,0.0428,0.637
CLUBS SIX DIAMONDS NINE,0.3666,0.0434,0.59
SPADES JACK CLUBS FOUR,0.414,0.0196,0.5664
CLUBS SEVEN DIAMONDS NINE,0.2498,0.1124,0.6378
SPADES TEN CLUBS FOUR,0.426,0.0306,0.5434
CLUBS FOUR DIAMONDS NINE,0.4238,0.0466,0.5296
DIAMONDS NINE CLUBS TWO,0.4276,0.0478,0.5246
CLUBS THREE DIAMONDS NINE,0.425,0.043,0.532
DIAMONDS NINE HEARTS EIGHT,0.3318,0.0426,0.6256
DIAMONDS NINE HEARTS NINE,0.1606,0.065,0.7744
HEARTS SIX DIAMONDS NINE,0.374,0.0384,0.5876
CLUBS EIGHT CLUBS NINE,0.326,0.0404,0.6336
DIAMONDS ACE DIAMONDS NINE,0.3412,0.0034,0.6554
HEARTS FOUR DIAMONDS NINE,0.4112,0.042,0.5468
HEARTS FIVE DIAMONDS NINE,0.2736,0.1036,0.6228
HEARTS ACE CLUBS TWO,0.4162,0.0058,0.578
SPADES ACE CLUBS FOUR,0.4032,0.0058,0.591
DIAMONDS QUEEN DIAMONDS NINE,0.3438,0.0126,0.6436
HEARTS TWO DIAMONDS NINE,0.4238,0.0438,0.5324
CLUBS TWO HEARTS KING,0.4278,0.0068,0.5654
SPADES KING CLUBS FOUR,0.4192,0.0102,0.5706
DIAMONDS KING DIAMONDS NINE,0.3302,0.0074,0.6624
HEARTS THREE DIAMONDS NINE,0.422,0.0432,0.5348
CLUBS TWO HEARTS QUEEN,0.4418,0.0162,0.542
SPADES QUEEN CLUBS FOUR,0.4136,0.0132,0.5732
DIAMONDS NINE DIAMONDS JACK,0.3306,0.0152,0.6542
CLUBS EIGHT SPADES NINE,0.3344,0.037,0.6286
DIAMONDS NINE DIAMONDS TEN,0.318,0.0192,0.6628
CLUBS EIGHT SPADES EIGHT,0.1634,0.0862,0.7504
CLUBS EIGHT SPADES SEVEN,0.251,0.1374,0.6116
CLUBS EIGHT SPADES SIX,0.3588,0.0626,0.5786
CLUBS EIGHT SPADES FIVE,0.2564,0.1434,0.6002
CLUBS EIGHT SPADES FOUR,0.4,0.0646,0.5354
CLUBS EIGHT SPADES THREE,0.4086,0.0632,0.5282
CLUBS EIGHT SPADES TWO,0.425,0.0714,0.5036
HEARTS SIX DIAMONDS TEN,0.3766,0.0266,0.5968
DIAMONDS TEN HEARTS EIGHT,0.3396,0.0252,0.6352
CLUBS JACK CLUBS FOUR,0.395,0.0172,0.5878
DIAMONDS TEN HEARTS NINE,0.3278,0.0256,0.6466
CLUBS TEN CLUBS FOUR,0.3928,0.024,0.5832
CLUBS FOUR CLUBS KING,0.3918,0.0086,0.5996
CLUBS FOUR CLUBS QUEEN,0.3892,0.0104,0.6004
CLUBS TWO DIAMONDS TEN,0.4138,0.027,0.5592
CLUBS THREE DIAMONDS TEN,0.4246,0.0308,0.5446
CLUBS FOUR CLUBS ACE,0.3814,0.007,0.6116
DIAMONDS JACK DIAMONDS TEN,0.3208,0.011,0.6682
DIAMONDS QUEEN DIAMONDS TEN,0.327,0.0102,0.6628
HEARTS TWO DIAMONDS TEN,0.426,0.0276,0.5464
DIAMONDS KING DIAMONDS TEN,0.3322,0.0058,0.662
HEARTS THREE DIAMONDS TEN,0.4284,0.0294,0.5422
DIAMONDS ACE DIAMONDS TEN,0.3346,0.005,0.6604
HEARTS FOUR DIAMONDS TEN,0.4076,0.035,0.5574
CLUBS EIGHT HEARTS JACK,0.3424,0.019,0.6386
HEARTS FIVE DIAMONDS TEN,0.2898,0.0742,0.636
CLUBS EIGHT HEARTS TEN,0.3414,0.0234,0.6352
CLUBS EIGHT HEARTS QUEEN,0.3526,0.0118,0.6356
CLUBS EIGHT HEARTS KING,0.3608,0.0082,0.631
CLUBS EIGHT HEARTS ACE,0.3544,0.0058,0.6398
CLUBS NINE SPADES THREE,0.417,0.046,0.537
CLUBS NINE SPADES TWO,0.4178,0.0432,0.539
CLUBS NINE SPADES FIVE,0.2566,0.1056,0.6378
CLUBS NINE SPADES FOUR,0.4134,0.0486,0.538
CLUBS NINE SPADES SEVEN,0.2638,0.1136,0.6226
CLUBS NINE SPADES SIX,0.3572,0.0408,0.602
CLUBS NINE SPADES NINE,0.1604,0.0716,0.768
CLUBS TEN HEARTS EIGHT,0.3364,0.029,0.6346
CLUBS NINE SPADES EIGHT,0.3254,0.0396,0.635
CLUBS JACK HEARTS EIGHT,0.346,0.017,0.637
HEARTS EIGHT CLUBS QUEEN,0.3542,0.0114,0.6344
CLUBS KING HEARTS EIGHT,0.3532,0.0092,0.6376
CLUBS ACE HEARTS EIGHT,0.359,0.0052,0.6358
SPADES KING CLUBS KING,0.1736,0.0142,0.8122
SPADES QUEEN CLUBS KING,0.3596,0.0054,0.635
SPADES ACE CLUBS KING,0.3688,0.0034,0.6278
DIAMONDS ACE HEARTS TEN,0.3546,0.0028,0.6426
HEARTS FOUR HEARTS TEN,0.396,0.0316,0.5724
DIAMONDS ACE HEARTS JACK,0.36,0.0044,0.6356
HEARTS FOUR HEARTS JACK,0.3772,0.0202,0.6026
HEARTS SIX DIAMONDS JACK,0.396,0.0206,0.5834
DIAMONDS JACK HEARTS NINE,0.3478,0.015,0.6372
DIAMONDS JACK HEARTS EIGHT,0.3584,0.0182,0.6234
DIAMONDS KING DIAMONDS JACK,0.3406,0.004,0.6554
HEARTS THREE DIAMONDS JACK,0.4224,0.0206,0.557
SPADES ACE SPADES SIX,0.3706,0.0034,0.626
HEARTS ACE SPADES FOUR,0.397,0.0032,0.5998
DIAMONDS QUEEN DIAMONDS JACK,0.3316,0.0082,0.6602
HEARTS TWO DIAMONDS JACK,0.4268,0.0212,0.552
HEARTS FIVE DIAMONDS JACK,0.2878,0.058,0.6542
SPADES QUEEN SPADES SIX,0.3666,0.0104,0.623
SPADES FOUR HEARTS QUEEN,0.4196,0.0128,0.5676
DIAMONDS ACE DIAMONDS JACK,0.3328,0.0034,0.6638
HEARTS FOUR DIAMONDS JACK,0.408,0.0184,0.5736
SPADES KING SPADES SIX,0.3584,0.0078,0.6338
SPADES FOUR HEARTS KING,0.4158,0.0074,0.5768
SPADES TEN SPADES SIX,0.3546,0.0302,0.6152
SPADES JACK SPADES SIX,0.3616,0.0196,0.6188
SPADES FOUR DIAMONDS JACK,0.4214,0.018,0.5606
SPADES FIVE DIAMONDS JACK,0.2834,0.0564,0.6602
DIAMONDS JACK SPADES TWO,0.4306,0.0204,0.549
DIAMONDS JACK SPADES THREE,0.4156,0.0194,0.565
SPADES ACE DIAMONDS THREE,0.4118,0.0044,0.5838
CLUBS EIGHT DIAMONDS JACK,0.3594,0.016,0.6246
SPADES QUEEN DIAMONDS THREE,0.4262,0.0118,0.562
SPADES KING DIAMONDS THREE,0.4188,0.01,0.5712
CLUBS NINE DIAMONDS JACK,0.3456,0.0204,0.634
CLUBS SIX DIAMONDS JACK,0.3874,0.0216,0.591
CLUBS SEVEN DIAMONDS JACK,0.2712,0.06,0.6688
CLUBS FOUR DIAMONDS JACK,0.412,0.019,0.569
CLUBS TWO DIAMONDS JACK,0.4326,0.0208,0.5466
CLUBS THREE DIAMONDS JACK,0.4258,0.0176,0.5566
HEARTS SIX SPADES JACK,0.3968,0.0188,0.5844
HEARTS SIX SPADES TEN,0.3744,0.0234,0.6022
SPADES JACK DIAMONDS THREE,0.4232,0.0192,0.5576
CLUBS SEVEN CLUBS ACE,0.2474,0.027,0.7256
DIAMONDS THREE SPADES TEN,0.4224,0.0268,0.5508
CLUBS SEVEN CLUBS QUEEN,0.2638,0.0442,0.692
CLUBS SEVEN CLUBS KING,0.2652,0.037,0.6978
SPADES NINE DIAMONDS JACK,0.357,0.0162,0.6268
CLUBS TEN CLUBS SEVEN,0.2438,0.0818,0.6744
DIAMONDS ACE HEARTS ACE,0.1718,0.0024,0.8258
HEARTS FOUR HEARTS ACE,0.3874,0.0042,0.6084
SPADES EIGHT DIAMONDS JACK,0.3704,0.0158,0.6138
SPADES ACE HEARTS SIX,0.3846,0.0042,0.6112
CLUBS JACK CLUBS SEVEN,0.2642,0.053,0.6828
DIAMONDS ACE HEARTS KING,0.3656,0.004,0.6304
HEARTS FOUR HEARTS KING,0.3906,0.0104,0.599
SPADES SEVEN DIAMONDS JACK,0.2732,0.0566,0.6702
SPADES KING HEARTS SIX,0.3946,0.0052,0.6002
DIAMONDS ACE HEARTS QUEEN,0.35,0.004,0.646
HEARTS FOUR HEARTS QUEEN,0.3928,0.0128,0.5944
SPADES QUEEN HEARTS SIX,0.3952,0.014,0.5908
SPADES SIX DIAMONDS JACK,0.3954,0.0168,0.5878
DIAMONDS TEN SPADES TWO,0.435,0.0276,0.5374
SPADES THREE DIAMONDS TEN,0.4196,0.0276,0.5528
SPADES FOUR DIAMONDS TEN,0.4034,0.0258,0.5708
SPADES FIVE DIAMONDS TEN,0.2832,0.0778,0.639
SPADES SIX DIAMONDS TEN,0.3828,0.0274,0.5898
SPADES SEVEN DIAMONDS TEN,0.26,0.077,0.663
SPADES EIGHT DIAMONDS TEN,0.3432,0.0276,0.6292
SPADES NINE DIAMONDS TEN,0.3376,0.0262,0.6362
CLUBS FOUR DIAMONDS TEN,0.415,0.0288,0.5562
CLUBS SIX DIAMONDS TEN,0.3768,0.029,0.5942
CLUBS SEVEN DIAMONDS TEN,0.2478,0.0844,0.6678
CLUBS EIGHT DIAMONDS TEN,0.34,0.0254,0.6346
CLUBS NINE DIAMONDS TEN,0.3364,0.0242,0.6394
CLUBS JACK DIAMONDS THREE,0.4218,0.019,0.5592
CLUBS TEN DIAMONDS THREE,0.4198,0.0328,0.5474
DIAMONDS THREE CLUBS KING,0.4152,0.0084,0.5764
DIAMONDS THREE CLUBS QUEEN,0.4282,0.0126,0.5592
DIAMONDS THREE CLUBS ACE,0.4048,0.0052,0.59
SPADES FOUR HEARTS JACK,0.4164,0.0208,0.5628
SPADES FOUR HEARTS TEN,0.4138,0.0288,0.5574
SPADES FIVE SPADES TWO,0.5286,0.1946,0.2768
SPADES FOUR SPADES TWO,0.5412,0.0906,0.3682
SPADES THREE SPADES TWO,0.536,0.0942,0.3698
SPADES NINE SPADES TWO,0.4028,0.042,0.5552
SPADES EIGHT SPADES TWO,0.3942,0.0696,0.5362
SPADES SEVEN SPADES TWO,0.3218,0.4226,0.2556
SPADES SIX SPADES TWO,0.5446,0.0972,0.3582
DIAMONDS QUEEN CLUBS THREE,0.4292,0.0124,0.5584
CLUBS THREE HEARTS TWO,0.5728,0.1126,0.3146
DIAMONDS QUEEN CLUBS TWO,0.433,0.013,0.554
HEARTS TWO CLUBS TWO,0.392,0.1142,0.4938
HEARTS SIX DIAMONDS QUEEN,0.3886,0.0124,0.599
HEARTS SIX HEARTS TWO,0.5476,0.0994,0.353
DIAMONDS QUEEN HEARTS NINE,0.3498,0.007,0.6432
HEARTS TWO HEARTS NINE,0.4146,0.0452,0.5402
DIAMONDS QUEEN HEARTS EIGHT,0.3514,0.0138,0.6348
HEARTS TWO HEARTS EIGHT,0.3896,0.063,0.5474
CLUBS NINE HEARTS TWO,0.4236,0.048,0.5284
CLUBS NINE DIAMONDS QUEEN,0.3598,0.0092,0.631
CLUBS EIGHT DIAMONDS QUEEN,0.353,0.0126,0.6344
CLUBS EIGHT HEARTS TWO,0.431,0.0692,0.4998
SPADES EIGHT HEARTS ACE,0.3548,0.0046,0.6406
DIAMONDS QUEEN CLUBS FOUR,0.412,0.0128,0.5752
HEARTS TWO CLUBS FOUR,0.585,0.103,0.312
CLUBS SEVEN DIAMONDS QUEEN,0.2642,0.0446,0.6912
CLUBS SEVEN HEARTS TWO,0.3452,0.4498,0.205
SPADES EIGHT HEARTS QUEEN,0.3642,0.0092,0.6266
CLUBS SIX DIAMONDS QUEEN,0.3866,0.0094,0.604
CLUBS SIX HEARTS TWO,0.5762,0.1092,0.3146
SPADES EIGHT HEARTS KING,0.367,0.0082,0.6248
HEARTS TWO SPADES SIX,0.5846,0.1034,0.312
DIAMONDS QUEEN SPADES SIX,0.385,0.0114,0.6036
HEARTS FOUR CLUBS QUEEN,0.4124,0.0134,0.5742
DIAMONDS ACE CLUBS QUEEN,0.355,0.0026,0.6424
DIAMONDS QUEEN SPADES SEVEN,0.2818,0.042,0.6762
HEARTS TWO SPADES SEVEN,0.3502,0.435,0.2148
HEARTS FOUR CLUBS KING,0.4092,0.0078,0.583
DIAMONDS ACE CLUBS KING,0.3724,0.0028,0.6248
DIAMONDS QUEEN SPADES EIGHT,0.368,0.01,0.622
SPADES EIGHT HEARTS TWO,0.4322,0.0636,0.5042
HEARTS FOUR CLUBS ACE,0.3942,0.005,0.6008
DIAMONDS ACE CLUBS ACE,0.158,0.0042,0.8378
SPADES NINE DIAMONDS QUEEN,0.3556,0.0096,0.6348
SPADES NINE HEARTS TWO,0.4176,0.0472,0.5352
HEARTS TWO SPADES TWO,0.3956,0.114,0.4904
DIAMONDS QUEEN SPADES TWO,0.4262,0.0102,0.5636
HEARTS TWO SPADES THREE,0.5856,0.1098,0.3046
DIAMONDS QUEEN SPADES THREE,0.4222,0.0156,0.5622
HEARTS TWO SPADES FOUR,0.5806,0.1002,0.3192
DIAMONDS QUEEN SPADES FOUR,0.3994,0.0096,0.591
CLUBS TEN HEARTS FOUR,0.4228,0.03,0.5472
CLUBS TEN DIAMONDS ACE,0.3584,0.003,0.6386
HEARTS TWO SPADES FIVE,0.5744,0.2026,0.223
DIAMONDS QUEEN SPADES FIVE,0.2782,0.0426,0.6792
HEARTS FOUR CLUBS JACK,0.4074,0.0212,0.5714
CLUBS JACK DIAMONDS ACE,0.36,0.0034,0.6366
SPADES KING CLUBS JACK,0.3642,0.0076,0.6282
CLUBS JACK SPADES QUEEN,0.3544,0.0074,0.6382
SPADES ACE CLUBS JACK,0.3636,0.0048,0.6316
SPADES SIX CLUBS KING,0.3676,0.008,0.6244
SPADES SIX CLUBS QUEEN,0.3874,0.013,0.5996
SPADES EIGHT HEARTS JACK,0.3456,0.0218,0.6326
SPADES SIX CLUBS ACE,0.3892,0.0054,0.6054
SPADES EIGHT HEARTS TEN,0.3318,0.0228,0.6454
CLUBS JACK SPADES SIX,0.3858,0.0218,0.5924
CLUBS TEN SPADES SIX,0.3702,0.0272,0.6026
CLUBS JACK SPADES TEN,0.345,0.0172,0.6378
CLUBS JACK SPADES JACK,0.174,0.0438,0.7822
SPADES QUEEN CLUBS SEVEN,0.2734,0.047,0.6796
SPADES KING CLUBS SEVEN,0.2646,0.0368,0.6986
SPADES ACE CLUBS SEVEN,0.2642,0.0244,0.7114
SPADES SIX HEARTS TEN,0.3792,0.028,0.5928
SPADES SIX HEARTS JACK,0.3822,0.0218,0.596
SPADES SIX HEARTS ACE,0.3942,0.0048,0.601
SPADES SIX HEARTS KING,0.3902,0.0078,0.602
SPADES SIX HEARTS QUEEN,0.381,0.0102,0.6088
SPADES JACK CLUBS SEVEN,0.2742,0.0568,0.669
SPADES TEN CLUBS SEVEN,0.2514,0.0878,0.6608
CLUBS TEN HEARTS SIX,0.3894,0.0274,0.5832
CLUBS JACK HEARTS SIX,0.3948,0.0154,0.5898
CLUBS JACK CLUBS ACE,0.3378,0.0046,0.6576
HEARTS SIX CLUBS QUEEN,0.3762,0.013,0.6108
HEARTS SIX CLUBS KING,0.3884,0.006,0.6056
HEARTS SIX CLUBS ACE,0.3846,0.0046,0.6108
CLUBS JACK CLUBS QUEEN,0.3446,0.0102,0.6452
CLUBS JACK CLUBS KING,0.3498,0.0072,0.643
DIAMONDS THREE HEARTS ACE,0.3978,0.004,0.5982
DIAMONDS THREE HEARTS QUEEN,0.4024,0.0148,0.5828
DIAMONDS THREE HEARTS KING,0.421,0.0078,0.5712
SPADES TEN DIAMONDS ACE,0.3694,0.0022,0.6284
HEARTS FOUR SPADES TEN,0.4194,0.028,0.5526
HEARTS FOUR SPADES JACK,0.4306,0.0192,0.5502
SPADES JACK DIAMONDS ACE,0.358,0.0038,0.6382
SPADES ACE HEARTS FOUR,0.413,0.006,0.581
SPADES ACE DIAMONDS ACE,0.172,0.0046,0.8234
HEARTS FOUR SPADES QUEEN,0.417,0.013,0.57
SPADES QUEEN DIAMONDS ACE,0.3618,0.0026,0.6356
CLUBS JACK SPADES FOUR,0.4106,0.0158,0.5736
SPADES KING DIAMONDS ACE,0.3656,0.0038,0.6306
HEARTS FOUR SPADES KING,0.4212,0.0082,0.5706
CLUBS TEN SPADES FOUR,0.4036,0.0332,0.5632
DIAMONDS QUEEN DIAMONDS ACE,0.3316,0.0048,0.6636
HEARTS TWO DIAMONDS ACE,0.4138,0.0056,0.5806
HEARTS FOUR DIAMONDS QUEEN,0.4298,0.0108,0.5594
HEARTS FOUR HEARTS TWO,0.5462,0.1038,0.35
DIAMONDS THREE HEARTS TEN,0.4142,0.0272,0.5586
SPADES FOUR CLUBS KING,0.4148,0.008,0.5772
HEARTS FIVE DIAMONDS QUEEN,0.2766,0.0422,0.6812
HEARTS FIVE HEARTS TWO,0.545,0.1988,0.2562
DIAMONDS THREE HEARTS JACK,0.4194,0.0212,0.5594
SPADES FOUR CLUBS QUEEN,0.4152,0.0122,0.5726
DIAMONDS QUEEN HEARTS TWO,0.437,0.0146,0.5484
DIAMONDS KING DIAMONDS QUEEN,0.334,0.006,0.66
DIAMONDS KING HEARTS TWO,0.4412,0.0074,0.5514
HEARTS THREE DIAMONDS QUEEN,0.4196,0.0132,0.5672
HEARTS THREE HEARTS TWO,0.546,0.1048,0.3492
SPADES FOUR CLUBS ACE,0.4018,0.0054,0.5928
HEARTS TWO CLUBS ACE,0.4104,0.0052,0.5844
DIAMONDS QUEEN CLUBS ACE,0.3444,0.0038,0.6518
HEARTS TWO CLUBS QUEEN,0.4216,0.0136,0.5648
DIAMONDS QUEEN CLUBS QUEEN,0.172,0.0322,0.7958
HEARTS TWO CLUBS KING,0.4212,0.011,0.5678
DIAMONDS QUEEN CLUBS KING,0.3412,0.0064,0.6524
SPADES EIGHT SPADES FIVE,0.2482,0.1328,0.619
CLUBS TEN HEARTS TWO,0.4374,0.0298,0.5328
CLUBS TEN DIAMONDS QUEEN,0.344,0.01,0.646
SPADES NINE SPADES FIVE,0.2586,0.1006,0.6408
CLUBS JACK HEARTS TWO,0.4218,0.0178,0.5604
CLUBS JACK DIAMONDS QUEEN,0.345,0.0108,0.6442
SPADES SIX SPADES FIVE,0.5262,0.1896,0.2842
SPADES SEVEN SPADES FIVE,0.0256,0.9058,0.0686
DIAMONDS FIVE CLUBS QUEEN,0.2704,0.0456,0.684
SPADES EIGHT CLUBS ACE,0.3496,0.004,0.6464
DIAMONDS FIVE CLUBS KING,0.283,0.0314,0.6856
SPADES EIGHT CLUBS KING,0.353,0.0102,0.6368
DIAMONDS FIVE CLUBS ACE,0.2712,0.0222,0.7066
SPADES EIGHT CLUBS QUEEN,0.3606,0.0132,0.6262
CLUBS JACK SPADES EIGHT,0.349,0.02,0.631
CLUBS TEN SPADES EIGHT,0.3386,0.0248,0.6366
CLUBS TEN DIAMONDS FIVE,0.286,0.0736,0.6404
CLUBS JACK DIAMONDS FIVE,0.2666,0.0604,0.673
DIAMONDS TEN HEARTS JACK,0.3414,0.016,0.6426
DIAMONDS TEN HEARTS TEN,0.1658,0.0548,0.7794
SPADES ACE CLUBS NINE,0.3556,0.0036,0.6408
