opposingHand,winningChance,drawChance,lostChance
HEARTS FOUR SPADES THREE
HEARTS FIVE SPADES TEN,0.3516,0.0326,0.6158
HEARTS FIVE SPADES JACK,0.3436,0.0246,0.6318
SPADES FIVE CLUBS JACK,0.3512,0.0232,0.6256
CLUBS TEN SPADES FIVE,0.362,0.0348,0.6032
CLUBS EIGHT CLUBS JACK,0.3294,0.0126,0.658
CLUBS TEN CLUBS EIGHT,0.331,0.0256,0.6434
CLUBS EIGHT CLUBS KING,0.3342,0.008,0.6578
SPADES FIVE CLUBS ACE,0.3396,0.0078,0.6526
CLUBS EIGHT CLUBS QUEEN,0.3388,0.0128,0.6484
SPADES FIVE CLUBS KING,0.3496,0.0096,0.6408
SPADES FIVE CLUBS QUEEN,0.345,0.014,0.641
CLUBS EIGHT CLUBS ACE,0.3324,0.0042,0.6634
DIAMONDS TWO DIAMONDS THREE,0.2864,0.456,0.2576
DIAMONDS TWO DIAMONDS FIVE,0.3616,0.2354,0.403
HEARTS FIVE SPADES KING,0.3398,0.0118,0.6484
DIAMONDS TWO DIAMONDS FOUR,0.2634,0.4704,0.2662
HEARTS FIVE SPADES QUEEN,0.3462,0.0176,0.6362
DIAMONDS TWO DIAMONDS SEVEN,0.3754,0.0974,0.5272
DIAMONDS TWO DIAMONDS SIX,0.3826,0.1522,0.4652
SPADES ACE HEARTS FIVE,0.3404,0.0056,0.654
DIAMONDS TWO DIAMONDS NINE,0.386,0.0456,0.5684
DIAMONDS TWO DIAMONDS EIGHT,0.3684,0.0656,0.566
DIAMONDS THREE DIAMONDS FOUR,0.021,0.912,0.067
CLUBS TWO SPADES FOUR,0.2686,0.5184,0.213
DIAMONDS THREE DIAMONDS FIVE,0.2162,0.358,0.4258
SPADES FIVE CLUBS TWO,0.3772,0.2526,0.3702
CLUBS TWO SPADES TWO,0.3262,0.1682,0.5056
DIAMONDS THREE DIAMONDS EIGHT,0.2506,0.1454,0.604
SPADES EIGHT CLUBS TWO,0.3988,0.072,0.5292
DIAMONDS THREE DIAMONDS NINE,0.2594,0.101,0.6396
SPADES NINE CLUBS TWO,0.4028,0.0452,0.552
DIAMONDS THREE DIAMONDS SIX,0.2434,0.2626,0.494
SPADES SIX CLUBS TWO,0.4034,0.1688,0.4278
DIAMONDS THREE DIAMONDS SEVEN,0.2564,0.1876,0.556
SPADES SEVEN CLUBS TWO,0.4126,0.1018,0.4856
CLUBS SIX CLUBS TWO,0.3668,0.1476,0.4856
CLUBS SEVEN CLUBS TWO,0.3868,0.0976,0.5156
CLUBS FOUR CLUBS TWO,0.2538,0.4832,0.263
CLUBS FIVE CLUBS TWO,0.3694,0.2278,0.4028
CLUBS TEN CLUBS JACK,0.3262,0.0164,0.6574
DIAMONDS FOUR DIAMONDS SIX,0.2392,0.2598,0.501
CLUBS TEN CLUBS QUEEN,0.3342,0.0112,0.6546
DIAMONDS FOUR DIAMONDS SEVEN,0.2418,0.1838,0.5744
CLUBS TEN CLUBS KING,0.3296,0.0096,0.6608
CLUBS TEN CLUBS ACE,0.3388,0.0052,0.656
CLUBS EIGHT CLUBS TWO,0.3812,0.0666,0.5522
DIAMONDS FIVE DIAMONDS FOUR,0.2182,0.34,0.4418
CLUBS NINE CLUBS TWO,0.3886,0.0434,0.568
DIAMONDS NINE DIAMONDS FOUR,0.2558,0.1116,0.6326
DIAMONDS EIGHT DIAMONDS FOUR,0.2412,0.1454,0.6134
CLUBS THREE CLUBS TWO,0.2696,0.4652,0.2652
DIAMONDS NINE DIAMONDS FIVE,0.3358,0.0444,0.6198
DIAMONDS TWO CLUBS JACK,0.4118,0.0204,0.5678
DIAMONDS EIGHT DIAMONDS FIVE,0.3112,0.065,0.6238
CLUBS TEN DIAMONDS TWO,0.4088,0.0298,0.5614
DIAMONDS FIVE DIAMONDS SEVEN,0.3116,0.0944,0.594
DIAMONDS FIVE DIAMONDS SIX,0.3072,0.146,0.5468
DIAMONDS TWO CLUBS ACE,0.4066,0.0054,0.588
DIAMONDS TWO CLUBS KING,0.416,0.0114,0.5726
DIAMONDS TWO CLUBS QUEEN,0.416,0.0138,0.5702
DIAMONDS EIGHT DIAMONDS SIX,0.3104,0.0656,0.624
DIAMONDS NINE DIAMONDS SIX,0.3308,0.0432,0.626
DIAMONDS SEVEN DIAMONDS SIX,0.3216,0.0886,0.5898
DIAMONDS EIGHT DIAMONDS SEVEN,0.3092,0.0622,0.6286
DIAMONDS NINE DIAMONDS SEVEN,0.3336,0.0414,0.625
DIAMONDS NINE DIAMONDS EIGHT,0.3124,0.0358,0.6518
DIAMONDS KING HEARTS TEN,0.355,0.0088,0.6362
HEARTS THREE HEARTS TEN,0.2758,0.0684,0.6558
SPADES JACK CLUBS SIX,0.364,0.0214,0.6146
DIAMONDS KING HEARTS JACK,0.3438,0.0084,0.6478
HEARTS THREE HEARTS JACK,0.2734,0.0546,0.672
SPADES TEN CLUBS SIX,0.3496,0.0276,0.6228
SPADES JACK SPADES FIVE,0.3366,0.022,0.6414
SPADES TEN SPADES FIVE,0.3532,0.0314,0.6154
DIAMONDS KING HEARTS ACE,0.3518,0.0062,0.642
HEARTS THREE HEARTS ACE,0.2562,0.0206,0.7232
SPADES ACE CLUBS SIX,0.346,0.0062,0.6478
DIAMONDS KING HEARTS QUEEN,0.3538,0.0074,0.6388
HEARTS THREE HEARTS QUEEN,0.2674,0.0382,0.6944
SPADES KING CLUBS SIX,0.3512,0.01,0.6388
DIAMONDS KING HEARTS KING,0.1664,0.0226,0.811
HEARTS THREE HEARTS KING,0.2724,0.0328,0.6948
SPADES QUEEN CLUBS SIX,0.3604,0.0134,0.6262
SPADES NINE HEARTS TEN,0.3392,0.0222,0.6386
SPADES NINE HEARTS JACK,0.3372,0.0196,0.6432
SPADES QUEEN SPADES FIVE,0.3404,0.014,0.6456
SPADES KING SPADES FIVE,0.341,0.012,0.647
SPADES ACE SPADES FIVE,0.3332,0.007,0.6598
SPADES NINE HEARTS QUEEN,0.3522,0.0146,0.6332
SPADES NINE HEARTS KING,0.3512,0.0074,0.6414
SPADES NINE HEARTS ACE,0.3504,0.0048,0.6448
CLUBS TEN SPADES JACK,0.344,0.0198,0.6362
CLUBS TEN SPADES TEN,0.1688,0.0628,0.7684
SPADES ACE CLUBS TEN,0.3512,0.0052,0.6436
SPADES KING CLUBS TEN,0.3632,0.0092,0.6276
CLUBS TEN SPADES QUEEN,0.3474,0.0078,0.6448
SPADES FIVE HEARTS QUEEN,0.3436,0.0154,0.641
SPADES FIVE HEARTS KING,0.3522,0.01,0.6378
HEARTS ACE SPADES FIVE,0.323,0.0056,0.6714
CLUBS EIGHT SPADES TEN,0.343,0.0314,0.6256
HEARTS THREE SPADES JACK,0.281,0.0588,0.6602
SPADES JACK DIAMONDS KING,0.3476,0.0076,0.6448
SPADES TEN DIAMONDS KING,0.3484,0.007,0.6446
HEARTS THREE SPADES TEN,0.2794,0.0752,0.6454
SPADES JACK CLUBS EIGHT,0.3538,0.0144,0.6318
CLUBS SIX HEARTS ACE,0.3578,0.005,0.6372
SPADES ACE CLUBS EIGHT,0.3426,0.0046,0.6528
HEARTS FIVE CLUBS JACK,0.3526,0.0182,0.6292
HEARTS FIVE CLUBS TEN,0.347,0.029,0.624
CLUBS SIX HEARTS QUEEN,0.3484,0.0116,0.64
SPADES QUEEN CLUBS EIGHT,0.3464,0.0144,0.6392
CLUBS SIX HEARTS KING,0.3674,0.007,0.6256
SPADES KING CLUBS EIGHT,0.3534,0.0072,0.6394
DIAMONDS TWO HEARTS JACK,0.4112,0.024,0.5648
DIAMONDS TWO HEARTS TEN,0.4054,0.0314,0.5632
HEARTS FIVE CLUBS ACE,0.3326,0.006,0.6614
SPADES FIVE HEARTS TEN,0.3534,0.0342,0.6124
HEARTS FIVE CLUBS KING,0.3552,0.0096,0.6352
SPADES FIVE HEARTS JACK,0.35,0.0206,0.6294
HEARTS FIVE CLUBS QUEEN,0.3542,0.0176,0.6282
HEARTS THREE CLUBS KING,0.268,0.0304,0.7016
DIAMONDS KING CLUBS KING,0.1686,0.019,0.8124
HEARTS THREE CLUBS QUEEN,0.2788,0.0458,0.6754
DIAMONDS KING CLUBS QUEEN,0.3708,0.0072,0.622
HEARTS FIVE HEARTS JACK,0.3328,0.0206,0.6466
HEARTS FIVE HEARTS TEN,0.331,0.0326,0.6364
HEARTS THREE CLUBS ACE,0.252,0.019,0.729
DIAMONDS KING CLUBS ACE,0.3636,0.0062,0.6302
SPADES ACE CLUBS QUEEN,0.3508,0.0042,0.645
SPADES KING CLUBS QUEEN,0.3532,0.0094,0.6374
HEARTS THREE CLUBS JACK,0.2708,0.0528,0.6764
DIAMONDS KING CLUBS JACK,0.3576,0.0066,0.6358
SPADES QUEEN CLUBS QUEEN,0.1622,0.0404,0.7974
CLUBS TEN HEARTS THREE,0.2876,0.0788,0.6336
CLUBS TEN DIAMONDS KING,0.3528,0.0066,0.6406
SPADES JACK CLUBS QUEEN,0.3602,0.0124,0.6274
CLUBS SIX CLUBS QUEEN,0.3416,0.0114,0.647
SPADES TEN CLUBS QUEEN,0.3348,0.0108,0.6544
CLUBS SIX CLUBS KING,0.332,0.0084,0.6596
CLUBS SIX CLUBS ACE,0.3438,0.004,0.6522
HEARTS FIVE HEARTS KING,0.3418,0.0106,0.6476
HEARTS FIVE HEARTS QUEEN,0.3434,0.016,0.6406
CLUBS TEN CLUBS SIX,0.3282,0.0348,0.637
HEARTS FIVE HEARTS ACE,0.3218,0.006,0.6722
CLUBS SIX CLUBS JACK,0.338,0.0152,0.6468
SPADES SEVEN HEARTS JACK,0.3558,0.0208,0.6234
SPADES SEVEN HEARTS TEN,0.3552,0.0304,0.6144
DIAMONDS TWO CLUBS TWO,0.3122,0.1636,0.5242
DIAMONDS TWO CLUBS THREE,0.2852,0.4968,0.218
DIAMONDS TWO HEARTS SIX,0.3948,0.163,0.4422
DIAMONDS TWO HEARTS QUEEN,0.4226,0.0128,0.5646
HEARTS SEVEN DIAMONDS TWO,0.4062,0.1104,0.4834
DIAMONDS TWO HEARTS KING,0.408,0.0104,0.5816
DIAMONDS TWO HEARTS EIGHT,0.4024,0.0696,0.528
DIAMONDS TWO HEARTS ACE,0.3922,0.0042,0.6036
DIAMONDS TWO HEARTS NINE,0.3964,0.049,0.5546
DIAMONDS TWO DIAMONDS QUEEN,0.384,0.0138,0.6022
DIAMONDS TWO HEARTS TWO,0.3316,0.1742,0.4942
DIAMONDS TWO DIAMONDS KING,0.3804,0.0072,0.6124
HEARTS THREE DIAMONDS TWO,0.2832,0.5136,0.2032
DIAMONDS TWO DIAMONDS ACE,0.3662,0.0062,0.6276
HEARTS FIVE DIAMONDS TWO,0.3744,0.2538,0.3718
SPADES SEVEN HEARTS ACE,0.344,0.0056,0.6504
DIAMONDS TWO DIAMONDS TEN,0.3932,0.0288,0.578
SPADES SEVEN HEARTS KING,0.3618,0.01,0.6282
DIAMONDS TWO DIAMONDS JACK,0.3874,0.0224,0.5902
SPADES SEVEN HEARTS QUEEN,0.3524,0.0124,0.6352
DIAMONDS TWO SPADES NINE,0.4048,0.0446,0.5506
DIAMONDS TWO SPADES EIGHT,0.4128,0.0728,0.5144
DIAMONDS TWO SPADES SEVEN,0.4168,0.1086,0.4746
DIAMONDS TWO SPADES SIX,0.4048,0.1538,0.4414
DIAMONDS TWO SPADES FIVE,0.3774,0.2474,0.3752
DIAMONDS TWO SPADES FOUR,0.2546,0.5272,0.2182
DIAMONDS TWO SPADES TWO,0.3386,0.1678,0.4936
CLUBS NINE DIAMONDS TWO,0.4102,0.0446,0.5452
DIAMONDS TWO CLUBS EIGHT,0.409,0.0696,0.5214
CLUBS SEVEN DIAMONDS TWO,0.4076,0.0998,0.4926
DIAMONDS TWO CLUBS SIX,0.3982,0.1608,0.441
DIAMONDS TWO CLUBS FIVE,0.3924,0.2392,0.3684
DIAMONDS TWO CLUBS FOUR,0.2818,0.504,0.2142
CLUBS FOUR SPADES FIVE,0.2128,0.3728,0.4144
CLUBS FOUR SPADES FOUR,0.0926,0.1396,0.7678
CLUBS FOUR SPADES TWO,0.2732,0.5128,0.214
SPADES NINE CLUBS FOUR,0.2716,0.11,0.6184
SPADES EIGHT CLUBS FOUR,0.2466,0.1512,0.6022
SPADES SEVEN CLUBS FOUR,0.245,0.2032,0.5518
CLUBS FOUR SPADES SIX,0.2324,0.273,0.4946
SPADES ACE DIAMONDS SIX,0.3552,0.0056,0.6392
SPADES QUEEN DIAMONDS SIX,0.3576,0.0114,0.631
SPADES KING DIAMONDS SIX,0.3582,0.0088,0.633
SPADES TEN DIAMONDS SIX,0.3544,0.0304,0.6152
SPADES JACK DIAMONDS SIX,0.352,0.0186,0.6294
SPADES QUEEN SPADES TWO,0.3832,0.0148,0.602
SPADES KING SPADES TWO,0.3846,0.01,0.6054
SPADES ACE SPADES TWO,0.368,0.0058,0.6262
DIAMONDS JACK CLUBS JACK,0.1766,0.0546,0.7688
CLUBS TEN DIAMONDS JACK,0.3526,0.0126,0.6348
DIAMONDS JACK CLUBS KING,0.358,0.0064,0.6356
DIAMONDS JACK CLUBS QUEEN,0.3492,0.009,0.6418
DIAMONDS THREE DIAMONDS JACK,0.2568,0.0544,0.6888
DIAMONDS THREE DIAMONDS TEN,0.2702,0.0672,0.6626
DIAMONDS JACK CLUBS ACE,0.3582,0.0066,0.6352
DIAMONDS THREE DIAMONDS KING,0.256,0.0308,0.7132
HEARTS THREE DIAMONDS THREE,0.2442,0.1318,0.624
DIAMONDS THREE DIAMONDS QUEEN,0.2504,0.0358,0.7138
DIAMONDS THREE HEARTS TWO,0.2872,0.507,0.2058
HEARTS FIVE DIAMONDS THREE,0.2216,0.38,0.3984
DIAMONDS THREE DIAMONDS ACE,0.2462,0.0172,0.7366
HEARTS SEVEN DIAMONDS THREE,0.2626,0.1946,0.5428
SPADES TEN SPADES NINE,0.3374,0.022,0.6406
HEARTS SIX DIAMONDS THREE,0.2458,0.2742,0.48
SPADES JACK SPADES NINE,0.3226,0.0164,0.661
DIAMONDS THREE HEARTS NINE,0.273,0.104,0.623
HEARTS JACK DIAMONDS FOUR,0.2598,0.0598,0.6804
HEARTS ACE HEARTS KING,0.3352,0.0058,0.659
SPADES TEN SPADES TWO,0.3836,0.0332,0.5832
DIAMONDS THREE HEARTS EIGHT,0.2798,0.1402,0.58
HEARTS TEN DIAMONDS FOUR,0.2766,0.0788,0.6446
SPADES JACK SPADES TWO,0.3868,0.021,0.5922
HEARTS QUEEN DIAMONDS FOUR,0.2778,0.05,0.6722
HEARTS KING DIAMONDS FOUR,0.2694,0.037,0.6936
SPADES ACE SPADES NINE,0.3422,0.0062,0.6516
HEARTS ACE DIAMONDS FOUR,0.2516,0.0246,0.7238
SPADES KING SPADES NINE,0.3428,0.007,0.6502
SPADES QUEEN SPADES NINE,0.3398,0.015,0.6452
DIAMONDS THREE SPADES NINE,0.2644,0.1108,0.6248
DIAMONDS THREE SPADES EIGHT,0.2798,0.135,0.5852
DIAMONDS THREE SPADES SEVEN,0.2602,0.1966,0.5432
DIAMONDS THREE SPADES SIX,0.2502,0.2698,0.48
DIAMONDS THREE CLUBS SIX,0.262,0.2676,0.4704
CLUBS FIVE CLUBS SIX,0.2928,0.1444,0.5628
CLUBS ACE DIAMONDS FOUR,0.2546,0.0192,0.7262
CLUBS SEVEN DIAMONDS THREE,0.2602,0.189,0.5508
CLUBS SEVEN CLUBS FIVE,0.3214,0.0952,0.5834
DIAMONDS THREE CLUBS FOUR,0.0226,0.9596,0.0178
DIAMONDS FOUR CLUBS QUEEN,0.2752,0.0416,0.6832
DIAMONDS THREE CLUBS FIVE,0.226,0.3648,0.4092
CLUBS KING DIAMONDS FOUR,0.2716,0.0304,0.698
DIAMONDS THREE CLUBS TWO,0.2822,0.5002,0.2176
CLUBS TEN DIAMONDS FOUR,0.2718,0.0792,0.649
DIAMONDS THREE CLUBS THREE,0.2482,0.1228,0.629
DIAMONDS FOUR CLUBS JACK,0.2762,0.0662,0.6576
DIAMONDS THREE SPADES FOUR,0.0098,0.9732,0.017
DIAMONDS THREE SPADES FIVE,0.2206,0.3696,0.4098
DIAMONDS THREE SPADES TWO,0.2874,0.4942,0.2184
CLUBS EIGHT DIAMONDS THREE,0.2726,0.1368,0.5906
CLUBS NINE DIAMONDS THREE,0.2702,0.1158,0.614
SPADES SEVEN CLUBS ACE,0.3496,0.004,0.6464
SPADES SEVEN CLUBS QUEEN,0.356,0.0124,0.6316
SPADES SEVEN CLUBS KING,0.3466,0.0116,0.6418
CLUBS FIVE SPADES SEVEN,0.334,0.106,0.56
CLUBS TEN SPADES SEVEN,0.3546,0.0294,0.616
CLUBS FIVE SPADES SIX,0.3012,0.1536,0.5452
SPADES SEVEN CLUBS JACK,0.3638,0.0198,0.6164
CLUBS FIVE SPADES NINE,0.3402,0.0542,0.6056
CLUBS FIVE SPADES EIGHT,0.3356,0.0722,0.5922
CLUBS FIVE SPADES TWO,0.4002,0.2488,0.351
CLUBS FIVE SPADES FIVE,0.1132,0.1576,0.7292
CLUBS FIVE SPADES FOUR,0.2148,0.368,0.4172
CLUBS NINE CLUBS FIVE,0.3448,0.049,0.6062
CLUBS EIGHT CLUBS FIVE,0.311,0.0738,0.6152
CLUBS ACE CLUBS QUEEN,0.3318,0.0044,0.6638
CLUBS KING CLUBS QUEEN,0.354,0.0068,0.6392
DIAMONDS TEN DIAMONDS FOUR,0.2524,0.0842,0.6634
CLUBS TEN DIAMONDS NINE,0.338,0.0238,0.6382
DIAMONDS JACK DIAMONDS FOUR,0.253,0.0536,0.6934
DIAMONDS NINE CLUBS JACK,0.3516,0.0142,0.6342
SPADES NINE CLUBS JACK,0.3498,0.014,0.6362
CLUBS TEN SPADES NINE,0.3478,0.022,0.6302
DIAMONDS ACE DIAMONDS FOUR,0.2382,0.0246,0.7372
DIAMONDS JACK HEARTS TEN,0.356,0.0176,0.6264
SPADES NINE CLUBS KING,0.361,0.0082,0.6308
DIAMONDS TWO SPADES TEN,0.4034,0.034,0.5626
DIAMONDS NINE CLUBS ACE,0.3568,0.0044,0.6388
HEARTS FIVE DIAMONDS FOUR,0.2156,0.369,0.4154
DIAMONDS JACK HEARTS JACK,0.1714,0.0528,0.7758
SPADES NINE CLUBS QUEEN,0.3572,0.0116,0.6312
DIAMONDS TWO SPADES JACK,0.4216,0.0198,0.5586
DIAMONDS QUEEN DIAMONDS FOUR,0.2586,0.0474,0.694
HEARTS TWO DIAMONDS FOUR,0.2788,0.5152,0.206
DIAMONDS NINE CLUBS QUEEN,0.35,0.012,0.638
DIAMONDS KING DIAMONDS FOUR,0.2618,0.027,0.7112
HEARTS THREE DIAMONDS FOUR,0.0178,0.9724,0.0098
SPADES NINE CLUBS ACE,0.3562,0.0056,0.6382
DIAMONDS NINE CLUBS KING,0.3566,0.0064,0.637
HEARTS ACE DIAMONDS JACK,0.3662,0.0042,0.6296
SPADES ACE DIAMONDS TWO,0.3944,0.007,0.5986
HEARTS QUEEN DIAMONDS JACK,0.3476,0.0136,0.6388
SPADES QUEEN DIAMONDS TWO,0.3958,0.016,0.5882
DIAMONDS JACK HEARTS KING,0.345,0.0082,0.6468
SPADES KING DIAMONDS TWO,0.4232,0.0068,0.57
SPADES JACK SPADES SEVEN,0.338,0.0178,0.6442
SPADES TEN SPADES SEVEN,0.3338,0.027,0.6392
CLUBS SEVEN CLUBS THREE,0.2486,0.1884,0.563
CLUBS SIX CLUBS THREE,0.2266,0.2636,0.5098
CLUBS FIVE CLUBS THREE,0.21,0.357,0.433
CLUBS THREE CLUBS FOUR,0.0266,0.9012,0.0722
CLUBS NINE CLUBS THREE,0.2592,0.1054,0.6354
CLUBS EIGHT CLUBS THREE,0.2562,0.138,0.6058
CLUBS THREE SPADES FIVE,0.2178,0.3818,0.4004
CLUBS THREE SPADES FOUR,0.0116,0.9698,0.0186
CLUBS THREE SPADES TWO,0.2804,0.5048,0.2148
CLUBS THREE SPADES SIX,0.2476,0.2698,0.4826
CLUBS THREE SPADES SEVEN,0.2746,0.1994,0.526
SPADES EIGHT CLUBS THREE,0.2708,0.148,0.5812
SPADES NINE CLUBS THREE,0.2728,0.1118,0.6154
SPADES TWO DIAMONDS FOUR,0.278,0.5104,0.2116
SPADES FOUR DIAMONDS FOUR,0.0948,0.1412,0.764
SPADES FIVE DIAMONDS FOUR,0.2214,0.3668,0.4118
SPADES SIX DIAMONDS FOUR,0.24,0.2758,0.4842
SPADES SEVEN DIAMONDS FOUR,0.2448,0.2074,0.5478
SPADES EIGHT DIAMONDS FOUR,0.2526,0.1456,0.6018
SPADES NINE DIAMONDS FOUR,0.2706,0.1094,0.62
CLUBS FIVE DIAMONDS FOUR,0.2118,0.3702,0.418
CLUBS FOUR DIAMONDS FOUR,0.1054,0.139,0.7556
CLUBS SEVEN DIAMONDS FOUR,0.2588,0.2038,0.5374
CLUBS SIX DIAMONDS FOUR,0.2396,0.27,0.4904
CLUBS NINE DIAMONDS FOUR,0.2752,0.1052,0.6196
CLUBS EIGHT DIAMONDS FOUR,0.259,0.1406,0.6004
HEARTS SEVEN DIAMONDS FOUR,0.2558,0.1974,0.5468
HEARTS SIX DIAMONDS FOUR,0.2354,0.2802,0.4844
DIAMONDS FOUR HEARTS NINE,0.2706,0.107,0.6224
DIAMONDS FOUR HEARTS EIGHT,0.2464,0.1458,0.6078
CLUBS THREE DIAMONDS FOUR,0.02,0.9592,0.0208
CLUBS TWO DIAMONDS FOUR,0.2692,0.5046,0.2262
DIAMONDS TEN DIAMONDS FIVE,0.3318,0.0254,0.6428
DIAMONDS JACK DIAMONDS FIVE,0.3434,0.0192,0.6374
DIAMONDS NINE HEARTS QUEEN,0.3556,0.0104,0.634
DIAMONDS NINE HEARTS KING,0.3642,0.0076,0.6282
HEARTS ACE DIAMONDS NINE,0.3576,0.004,0.6384
DIAMONDS NINE HEARTS TEN,0.3412,0.0232,0.6356
DIAMONDS NINE HEARTS JACK,0.3498,0.0228,0.6274
CLUBS KING DIAMONDS SIX,0.3696,0.0084,0.622
CLUBS QUEEN DIAMONDS SIX,0.3578,0.015,0.6272
CLUBS ACE DIAMONDS SIX,0.3598,0.0052,0.635
SPADES KING DIAMONDS FOUR,0.2654,0.0364,0.6982
SPADES ACE SPADES SEVEN,0.3392,0.0046,0.6562
SPADES QUEEN DIAMONDS FOUR,0.261,0.0494,0.6896
SPADES QUEEN SPADES SEVEN,0.3374,0.0132,0.6494
CLUBS JACK DIAMONDS SIX,0.3634,0.0192,0.6174
SPADES KING SPADES SEVEN,0.3364,0.0106,0.653
SPADES ACE DIAMONDS FOUR,0.2444,0.0212,0.7344
CLUBS TEN DIAMONDS SIX,0.3668,0.027,0.6062
CLUBS NINE CLUBS FOUR,0.2638,0.1026,0.6336
CLUBS EIGHT CLUBS FOUR,0.2476,0.1338,0.6186
SPADES JACK DIAMONDS FOUR,0.2736,0.0656,0.6608
SPADES TEN DIAMONDS FOUR,0.2646,0.09,0.6454
CLUBS FIVE CLUBS FOUR,0.2108,0.331,0.4582
CLUBS SEVEN CLUBS FOUR,0.2452,0.1878,0.567
CLUBS SIX CLUBS FOUR,0.2376,0.2722,0.4902
CLUBS SEVEN SPADES EIGHT,0.3356,0.0648,0.5996
CLUBS SEVEN SPADES NINE,0.3376,0.0428,0.6196
CLUBS SEVEN SPADES SIX,0.3444,0.0946,0.561
CLUBS SEVEN SPADES SEVEN,0.1508,0.1094,0.7398
CLUBS SEVEN SPADES FIVE,0.3282,0.1054,0.5664
CLUBS SEVEN SPADES FOUR,0.2432,0.2068,0.55
CLUBS SEVEN SPADES TWO,0.4184,0.1102,0.4714
CLUBS NINE CLUBS SEVEN,0.3224,0.0398,0.6378
CLUBS SEVEN CLUBS EIGHT,0.3222,0.0562,0.6216
HEARTS SIX DIAMONDS FIVE,0.3162,0.1578,0.526
HEARTS SEVEN DIAMONDS FIVE,0.329,0.0952,0.5758
DIAMONDS FIVE HEARTS EIGHT,0.3404,0.069,0.5906
DIAMONDS FIVE HEARTS NINE,0.3486,0.0466,0.6048
DIAMONDS QUEEN DIAMONDS FIVE,0.3394,0.0128,0.6478
HEARTS TWO DIAMONDS FIVE,0.3914,0.2496,0.359
HEARTS KING HEARTS EIGHT,0.3458,0.0076,0.6466
DIAMONDS KING DIAMONDS FIVE,0.3316,0.011,0.6574
HEARTS THREE DIAMONDS FIVE,0.223,0.3756,0.4014
HEARTS QUEEN HEARTS EIGHT,0.3228,0.0176,0.6596
DIAMONDS ACE DIAMONDS FIVE,0.3154,0.0048,0.6798
HEARTS FIVE DIAMONDS FIVE,0.1184,0.147,0.7346
HEARTS ACE HEARTS EIGHT,0.3462,0.0074,0.6464
CLUBS FOUR DIAMONDS FIVE,0.2268,0.3602,0.413
CLUBS FIVE DIAMONDS FIVE,0.1184,0.1428,0.7388
CLUBS SIX DIAMONDS FIVE,0.3284,0.1576,0.514
CLUBS SEVEN DIAMONDS FIVE,0.335,0.103,0.562
CLUBS TWO DIAMONDS FIVE,0.383,0.2472,0.3698
CLUBS THREE DIAMONDS FIVE,0.2196,0.382,0.3984
SPADES TWO DIAMONDS FIVE,0.3818,0.2624,0.3558
SPADES JACK DIAMONDS EIGHT,0.3416,0.0178,0.6406
SPADES FIVE DIAMONDS FIVE,0.1112,0.1568,0.732
CLUBS TEN HEARTS JACK,0.3342,0.0192,0.6466
SPADES TEN DIAMONDS EIGHT,0.3378,0.027,0.6352
SPADES FOUR DIAMONDS FIVE,0.218,0.367,0.415
HEARTS JACK CLUBS JACK,0.17,0.0554,0.7746
HEARTS JACK CLUBS QUEEN,0.3436,0.0106,0.6458
CLUBS NINE DIAMONDS FIVE,0.3506,0.0428,0.6066
CLUBS KING HEARTS JACK,0.3424,0.0086,0.649
CLUBS EIGHT DIAMONDS FIVE,0.3394,0.063,0.5976
CLUBS ACE HEARTS JACK,0.3424,0.0034,0.6542
SPADES SEVEN DIAMONDS FIVE,0.3456,0.1042,0.5502
SPADES KING DIAMONDS EIGHT,0.3526,0.0098,0.6376
SPADES QUEEN DIAMONDS EIGHT,0.3668,0.011,0.6222
SPADES SIX DIAMONDS FIVE,0.3168,0.1528,0.5304
SPADES NINE DIAMONDS FIVE,0.3458,0.0494,0.6048
SPADES EIGHT DIAMONDS FIVE,0.3318,0.0684,0.5998
SPADES ACE DIAMONDS EIGHT,0.3614,0.0044,0.6342
DIAMONDS TEN DIAMONDS SIX,0.3348,0.0276,0.6376
HEARTS ACE DIAMONDS SEVEN,0.3556,0.0042,0.6402
DIAMONDS JACK DIAMONDS SIX,0.3408,0.0146,0.6446
HEARTS QUEEN DIAMONDS SEVEN,0.346,0.0142,0.6398
HEARTS KING DIAMONDS SEVEN,0.3682,0.0084,0.6234
DIAMONDS ACE DIAMONDS SIX,0.3424,0.005,0.6526
SPADES TWO HEARTS JACK,0.401,0.0208,0.5782
HEARTS FIVE DIAMONDS SIX,0.3164,0.1488,0.5348
SPADES TWO HEARTS TEN,0.4196,0.0284,0.552
DIAMONDS QUEEN DIAMONDS SIX,0.3394,0.012,0.6486
HEARTS TWO DIAMONDS SIX,0.4008,0.1616,0.4376
DIAMONDS KING DIAMONDS SIX,0.3376,0.0094,0.653
HEARTS THREE DIAMONDS SIX,0.2378,0.2786,0.4836
HEARTS EIGHT DIAMONDS SIX,0.344,0.0666,0.5894
HEARTS NINE DIAMONDS SIX,0.3396,0.0456,0.6148
HEARTS SIX DIAMONDS SIX,0.125,0.1362,0.7388
HEARTS SEVEN DIAMONDS SIX,0.3332,0.0936,0.5732
HEARTS TEN DIAMONDS SEVEN,0.3484,0.0286,0.623
CLUBS TWO DIAMONDS SIX,0.4066,0.1678,0.4256
HEARTS JACK DIAMONDS SEVEN,0.356,0.016,0.628
CLUBS THREE DIAMONDS SIX,0.248,0.2764,0.4756
CLUBS SEVEN DIAMONDS SIX,0.3398,0.098,0.5622
DIAMONDS EIGHT CLUBS JACK,0.348,0.0152,0.6368
CLUBS SIX DIAMONDS SIX,0.142,0.1344,0.7236
CLUBS TEN DIAMONDS EIGHT,0.3582,0.028,0.6138
CLUBS FIVE DIAMONDS SIX,0.3124,0.1504,0.5372
CLUBS FOUR DIAMONDS SIX,0.2418,0.2782,0.48
HEARTS ACE HEARTS JACK,0.3322,0.0052,0.6626
DIAMONDS EIGHT CLUBS ACE,0.3486,0.006,0.6454
HEARTS QUEEN HEARTS JACK,0.3214,0.011,0.6676
DIAMONDS EIGHT CLUBS KING,0.358,0.0052,0.6368
CLUBS NINE DIAMONDS SIX,0.3556,0.0416,0.6028
HEARTS KING HEARTS JACK,0.3392,0.0106,0.6502
DIAMONDS EIGHT CLUBS QUEEN,0.3422,0.0124,0.6454
CLUBS EIGHT DIAMONDS SIX,0.341,0.0608,0.5982
SPADES TEN HEARTS KING,0.3488,0.0082,0.643
SPADES FIVE DIAMONDS SIX,0.3148,0.1528,0.5324
HEARTS ACE SPADES TWO,0.3952,0.0072,0.5976
SPADES JACK HEARTS KING,0.35,0.0118,0.6382
SPADES FOUR DIAMONDS SIX,0.248,0.2656,0.4864
HEARTS QUEEN SPADES TWO,0.4156,0.015,0.5694
SPADES ACE SPADES KING,0.3416,0.0076,0.6508
SPADES TWO HEARTS KING,0.4106,0.0106,0.5788
SPADES TWO DIAMONDS SIX,0.4094,0.1686,0.422
HEARTS TEN HEARTS EIGHT,0.328,0.0262,0.6458
SPADES NINE DIAMONDS SIX,0.3564,0.043,0.6006
HEARTS JACK HEARTS EIGHT,0.327,0.018,0.655
SPADES EIGHT DIAMONDS SIX,0.3316,0.0644,0.604
SPADES SEVEN DIAMONDS SIX,0.3408,0.0934,0.5658
SPADES SIX DIAMONDS SIX,0.136,0.131,0.733
SPADES KING HEARTS KING,0.1526,0.0208,0.8266
SPADES QUEEN HEARTS KING,0.342,0.0092,0.6488
CLUBS ACE CLUBS KING,0.3302,0.0056,0.6642
SPADES ACE HEARTS KING,0.3456,0.0044,0.65
SPADES ACE HEARTS JACK,0.3516,0.0078,0.6406
SPADES QUEEN HEARTS JACK,0.3422,0.0126,0.6452
SPADES KING HEARTS JACK,0.3522,0.0086,0.6392
SPADES TEN DIAMONDS TEN,0.1634,0.0708,0.7658
SPADES JACK DIAMONDS TEN,0.3464,0.0122,0.6414
SPADES ACE DIAMONDS TEN,0.3502,0.0066,0.6432
SPADES JACK HEARTS JACK,0.1586,0.0572,0.7842
SPADES TEN HEARTS JACK,0.337,0.0178,0.6452
SPADES QUEEN DIAMONDS TEN,0.3452,0.013,0.6418
SPADES KING DIAMONDS TEN,0.3472,0.009,0.6438
SPADES NINE DIAMONDS SEVEN,0.336,0.0418,0.6222
SPADES EIGHT DIAMONDS SEVEN,0.3258,0.0648,0.6094
SPADES SEVEN DIAMONDS SEVEN,0.157,0.1064,0.7366
SPADES SIX DIAMONDS SEVEN,0.3256,0.0954,0.579
DIAMONDS KING DIAMONDS SEVEN,0.34,0.0112,0.6488
HEARTS THREE DIAMONDS SEVEN,0.2486,0.2104,0.541
HEARTS KING DIAMONDS FIVE,0.3568,0.0104,0.6328
DIAMONDS QUEEN DIAMONDS SEVEN,0.3412,0.0154,0.6434
HEARTS TWO DIAMONDS SEVEN,0.4064,0.1066,0.487
HEARTS QUEEN DIAMONDS FIVE,0.36,0.0174,0.6226
HEARTS FIVE DIAMONDS SEVEN,0.342,0.0996,0.5584
DIAMONDS ACE DIAMONDS SEVEN,0.332,0.0048,0.6632
HEARTS ACE DIAMONDS FIVE,0.3338,0.0036,0.6626
HEARTS SEVEN DIAMONDS SEVEN,0.15,0.1096,0.7404
HEARTS SIX DIAMONDS SEVEN,0.3186,0.0976,0.5838
DIAMONDS SEVEN HEARTS NINE,0.3494,0.0378,0.6128
HEARTS EIGHT DIAMONDS SEVEN,0.3244,0.0584,0.6172
DIAMONDS JACK DIAMONDS SEVEN,0.3488,0.016,0.6352
DIAMONDS FIVE HEARTS JACK,0.36,0.023,0.617
DIAMONDS TEN DIAMONDS SEVEN,0.334,0.0298,0.6362
HEARTS TEN DIAMONDS FIVE,0.3546,0.0342,0.6112
SPADES KING CLUBS TWO,0.4018,0.0104,0.5878
HEARTS KING CLUBS KING,0.1666,0.0182,0.8152
CLUBS EIGHT DIAMONDS SEVEN,0.3342,0.058,0.6078
SPADES QUEEN CLUBS TWO,0.4088,0.015,0.5762
HEARTS KING CLUBS QUEEN,0.3476,0.0068,0.6456
CLUBS NINE DIAMONDS SEVEN,0.3474,0.0432,0.6094
SPADES TWO CLUBS JACK,0.4148,0.02,0.5652
SPADES ACE CLUBS TWO,0.4144,0.0064,0.5792
CLUBS TEN SPADES TWO,0.4104,0.0322,0.5574
HEARTS KING CLUBS ACE,0.3448,0.0052,0.65
CLUBS SEVEN CLUBS SIX,0.3106,0.0906,0.5988
SPADES TWO CLUBS KING,0.4108,0.0102,0.579
SPADES TWO DIAMONDS SEVEN,0.4068,0.104,0.4892
CLUBS EIGHT CLUBS SIX,0.3286,0.0636,0.6078
SPADES TWO CLUBS QUEEN,0.4088,0.0156,0.5756
CLUBS NINE CLUBS SIX,0.3298,0.0438,0.6264
SPADES FOUR DIAMONDS SEVEN,0.2512,0.2108,0.538
HEARTS KING CLUBS JACK,0.3402,0.0096,0.6502
SPADES FIVE DIAMONDS SEVEN,0.3222,0.1042,0.5736
SPADES TWO CLUBS ACE,0.3966,0.0044,0.599
CLUBS TEN HEARTS KING,0.3524,0.0056,0.642
CLUBS SIX SPADES TWO,0.4014,0.1598,0.4388
CLUBS TWO DIAMONDS SEVEN,0.4,0.1098,0.4902
CLUBS SIX SPADES FOUR,0.241,0.2858,0.4732
CLUBS THREE DIAMONDS SEVEN,0.2558,0.1944,0.5498
CLUBS SIX SPADES FIVE,0.3154,0.1536,0.531
CLUBS FOUR DIAMONDS SEVEN,0.2582,0.2006,0.5412
CLUBS SIX SPADES SIX,0.1306,0.1262,0.7432
CLUBS FIVE DIAMONDS SEVEN,0.3366,0.1038,0.5596
CLUBS SIX SPADES SEVEN,0.3194,0.1028,0.5778
CLUBS SIX DIAMONDS SEVEN,0.331,0.0984,0.5706
CLUBS SIX SPADES EIGHT,0.337,0.0686,0.5944
SPADES JACK CLUBS TWO,0.4176,0.0232,0.5592
CLUBS SEVEN DIAMONDS SEVEN,0.1648,0.1084,0.7268
SPADES NINE CLUBS SIX,0.3526,0.0492,0.5982
SPADES TEN CLUBS TWO,0.4088,0.0298,0.5614
CLUBS TWO CLUBS QUEEN,0.3912,0.0134,0.5954
CLUBS TWO CLUBS KING,0.3782,0.011,0.6108
CLUBS THREE DIAMONDS EIGHT,0.2714,0.1446,0.584
CLUBS TWO CLUBS ACE,0.376,0.0046,0.6194
CLUBS TWO DIAMONDS EIGHT,0.4036,0.0724,0.524
HEARTS SEVEN DIAMONDS EIGHT,0.3284,0.059,0.6126
HEARTS SIX DIAMONDS EIGHT,0.342,0.0722,0.5858
DIAMONDS EIGHT HEARTS NINE,0.3276,0.0416,0.6308
CLUBS TEN CLUBS TWO,0.3748,0.031,0.5942
DIAMONDS EIGHT HEARTS EIGHT,0.1546,0.1014,0.744
CLUBS TWO CLUBS JACK,0.3926,0.018,0.5894
CLUBS NINE DIAMONDS EIGHT,0.3258,0.0386,0.6356
CLUBS EIGHT DIAMONDS EIGHT,0.1784,0.0902,0.7314
CLUBS FIVE DIAMONDS EIGHT,0.3358,0.0716,0.5926
CLUBS FOUR DIAMONDS EIGHT,0.2602,0.1458,0.594
CLUBS SEVEN DIAMONDS EIGHT,0.346,0.0596,0.5944
CLUBS SIX DIAMONDS EIGHT,0.347,0.0736,0.5794
DIAMONDS QUEEN DIAMONDS EIGHT,0.339,0.0086,0.6524
HEARTS TWO DIAMONDS EIGHT,0.4082,0.072,0.5198
DIAMONDS KING DIAMONDS EIGHT,0.3244,0.0102,0.6654
HEARTS THREE DIAMONDS EIGHT,0.2862,0.1324,0.5814
DIAMONDS ACE DIAMONDS EIGHT,0.341,0.0062,0.6528
HEARTS FIVE DIAMONDS EIGHT,0.3466,0.0702,0.5832
DIAMONDS EIGHT DIAMONDS TEN,0.3336,0.025,0.6414
DIAMONDS EIGHT DIAMONDS JACK,0.3398,0.0162,0.644
CLUBS FOUR HEARTS ACE,0.2518,0.0218,0.7264
CLUBS FOUR HEARTS QUEEN,0.2782,0.0478,0.674
CLUBS FOUR HEARTS KING,0.2688,0.0314,0.6998
CLUBS SIX HEARTS TEN,0.3534,0.0262,0.6204
CLUBS SIX HEARTS JACK,0.3668,0.0178,0.6154
DIAMONDS EIGHT SPADES FOUR,0.2456,0.1612,0.5932
SPADES FIVE DIAMONDS EIGHT,0.3492,0.0682,0.5826
DIAMONDS EIGHT SPADES TWO,0.4114,0.0692,0.5194
CLUBS FOUR HEARTS JACK,0.2714,0.06,0.6686
SPADES EIGHT DIAMONDS EIGHT,0.151,0.097,0.752
SPADES TEN DIAMONDS QUEEN,0.3496,0.0126,0.6378
SPADES TEN HEARTS TWO,0.417,0.0338,0.5492
SPADES JACK HEARTS EIGHT,0.3376,0.019,0.6434
CLUBS FOUR HEARTS TEN,0.2696,0.085,0.6454
SPADES NINE DIAMONDS EIGHT,0.3164,0.043,0.6406
SPADES TEN HEARTS EIGHT,0.344,0.0278,0.6282
SPADES JACK HEARTS TWO,0.4092,0.02,0.5708
SPADES JACK DIAMONDS QUEEN,0.347,0.0134,0.6396
SPADES SIX DIAMONDS EIGHT,0.3388,0.0696,0.5916
SPADES SEVEN DIAMONDS EIGHT,0.3332,0.0618,0.605
SPADES ACE HEARTS TWO,0.401,0.0044,0.5946
SPADES ACE DIAMONDS QUEEN,0.3486,0.0038,0.6476
SPADES ACE HEARTS EIGHT,0.348,0.0054,0.6466
SPADES KING HEARTS EIGHT,0.354,0.0096,0.6364
SPADES QUEEN HEARTS TWO,0.4106,0.0138,0.5756
SPADES QUEEN DIAMONDS QUEEN,0.1538,0.0314,0.8148
SPADES KING DIAMONDS QUEEN,0.366,0.0082,0.6258
SPADES KING HEARTS TWO,0.4094,0.0134,0.5772
SPADES QUEEN HEARTS EIGHT,0.3426,0.0124,0.645
CLUBS TWO HEARTS TEN,0.4084,0.0302,0.5614
CLUBS TWO HEARTS JACK,0.4102,0.027,0.5628
SPADES SEVEN DIAMONDS NINE,0.338,0.0406,0.6214
SPADES SIX DIAMONDS NINE,0.3592,0.044,0.5968
SPADES NINE DIAMONDS NINE,0.1682,0.0784,0.7534
SPADES EIGHT DIAMONDS NINE,0.3168,0.0382,0.645
SPADES TEN CLUBS KING,0.3532,0.0086,0.6382
SPADES JACK CLUBS KING,0.3438,0.0064,0.6498
DIAMONDS NINE SPADES TWO,0.4152,0.0486,0.5362
DIAMONDS NINE SPADES FIVE,0.3632,0.0474,0.5894
DIAMONDS NINE SPADES FOUR,0.267,0.105,0.628
CLUBS NINE DIAMONDS NINE,0.1668,0.0788,0.7544
CLUBS EIGHT DIAMONDS NINE,0.3334,0.0354,0.6312
CLUBS SIX DIAMONDS NINE,0.3672,0.0428,0.59
SPADES JACK CLUBS FOUR,0.26,0.0602,0.6798
CLUBS SEVEN DIAMONDS NINE,0.342,0.0416,0.6164
SPADES TEN CLUBS FOUR,0.271,0.0826,0.6464
CLUBS FOUR DIAMONDS NINE,0.2734,0.1038,0.6228
CLUBS FIVE DIAMONDS NINE,0.3578,0.047,0.5952
DIAMONDS NINE CLUBS TWO,0.3976,0.0476,0.5548
CLUBS THREE DIAMONDS NINE,0.2802,0.1056,0.6142
DIAMONDS NINE HEARTS EIGHT,0.3304,0.038,0.6316
DIAMONDS NINE HEARTS NINE,0.1556,0.0804,0.764
HEARTS SIX DIAMONDS NINE,0.361,0.0448,0.5942
HEARTS SEVEN DIAMONDS NINE,0.3372,0.0442,0.6186
CLUBS NINE CLUBS EIGHT,0.3042,0.0358,0.66
DIAMONDS ACE DIAMONDS NINE,0.3384,0.0064,0.6552
HEARTS FIVE DIAMONDS NINE,0.3468,0.0464,0.6068
HEARTS ACE CLUBS TWO,0.3926,0.0064,0.601
SPADES ACE CLUBS FOUR,0.2474,0.0222,0.7304
DIAMONDS QUEEN DIAMONDS NINE,0.347,0.009,0.644
HEARTS TWO DIAMONDS NINE,0.4162,0.0434,0.5404
CLUBS TWO HEARTS KING,0.4098,0.0114,0.5788
SPADES KING CLUBS FOUR,0.2698,0.0338,0.6964
DIAMONDS KING DIAMONDS NINE,0.3314,0.0074,0.6612
HEARTS THREE DIAMONDS NINE,0.2856,0.1002,0.6142
CLUBS TWO HEARTS QUEEN,0.4098,0.0154,0.5748
SPADES QUEEN CLUBS FOUR,0.268,0.0452,0.6868
DIAMONDS NINE DIAMONDS JACK,0.3268,0.0152,0.658
CLUBS EIGHT SPADES NINE,0.3374,0.0426,0.62
DIAMONDS NINE DIAMONDS TEN,0.3148,0.0208,0.6644
CLUBS EIGHT SPADES EIGHT,0.1624,0.0928,0.7448
CLUBS EIGHT SPADES SEVEN,0.3346,0.06,0.6054
CLUBS EIGHT SPADES SIX,0.3272,0.0654,0.6074
CLUBS EIGHT SPADES FIVE,0.3382,0.0682,0.5936
CLUBS EIGHT SPADES FOUR,0.249,0.1474,0.6036
CLUBS EIGHT SPADES TWO,0.4054,0.0696,0.525
HEARTS SIX DIAMONDS TEN,0.3554,0.0332,0.6114
HEARTS SEVEN DIAMONDS TEN,0.3514,0.028,0.6206
DIAMONDS TEN HEARTS EIGHT,0.3442,0.0268,0.629
CLUBS FOUR CLUBS JACK,0.26,0.0624,0.6776
DIAMONDS TEN HEARTS NINE,0.3454,0.025,0.6296
CLUBS TEN CLUBS FOUR,0.2604,0.0788,0.6608
CLUBS FOUR CLUBS KING,0.262,0.0354,0.7026
CLUBS FOUR CLUBS QUEEN,0.257,0.0418,0.7012
CLUBS TWO DIAMONDS TEN,0.4156,0.029,0.5554
CLUBS THREE DIAMONDS TEN,0.2752,0.0764,0.6484
CLUBS FOUR CLUBS ACE,0.244,0.0194,0.7366
DIAMONDS JACK DIAMONDS TEN,0.3286,0.0144,0.657
DIAMONDS QUEEN DIAMONDS TEN,0.3242,0.0106,0.6652
HEARTS TWO DIAMONDS TEN,0.4262,0.0302,0.5436
DIAMONDS KING DIAMONDS TEN,0.3398,0.0084,0.6518
HEARTS THREE DIAMONDS TEN,0.2858,0.0784,0.6358
DIAMONDS ACE DIAMONDS TEN,0.3386,0.0064,0.655
CLUBS EIGHT HEARTS JACK,0.3396,0.0188,0.6416
HEARTS FIVE DIAMONDS TEN,0.3602,0.0306,0.6092
CLUBS EIGHT HEARTS TEN,0.3304,0.0242,0.6454
CLUBS EIGHT HEARTS QUEEN,0.3512,0.0142,0.6346
CLUBS EIGHT HEARTS KING,0.353,0.0078,0.6392
CLUBS EIGHT HEARTS ACE,0.3414,0.0032,0.6554
CLUBS NINE SPADES TWO,0.417,0.0488,0.5342
CLUBS NINE SPADES FIVE,0.3504,0.047,0.6026
CLUBS NINE SPADES FOUR,0.2706,0.1068,0.6226
CLUBS NINE SPADES SEVEN,0.3528,0.0442,0.603
CLUBS NINE SPADES SIX,0.3522,0.0438,0.604
CLUBS NINE SPADES NINE,0.1576,0.0824,0.76
CLUBS TEN HEARTS EIGHT,0.3524,0.03,0.6176
CLUBS NINE SPADES EIGHT,0.3304,0.0418,0.6278
HEARTS EIGHT CLUBS JACK,0.348,0.022,0.63
CLUBS QUEEN HEARTS EIGHT,0.3546,0.0118,0.6336
CLUBS KING HEARTS EIGHT,0.3644,0.0064,0.6292
CLUBS ACE HEARTS EIGHT,0.3426,0.005,0.6524
SPADES KING CLUBS KING,0.1722,0.0254,0.8024
SPADES QUEEN CLUBS KING,0.35,0.009,0.641
SPADES ACE CLUBS KING,0.3586,0.0056,0.6358
DIAMONDS ACE HEARTS TEN,0.351,0.0042,0.6448
DIAMONDS ACE HEARTS JACK,0.3512,0.0032,0.6456
SPADES KING CLUBS FIVE,0.3652,0.0092,0.6256
SPADES QUEEN CLUBS FIVE,0.3596,0.014,0.6264
SPADES ACE CLUBS FIVE,0.3366,0.0054,0.658
HEARTS SEVEN DIAMONDS JACK,0.3574,0.0224,0.6202
HEARTS SIX DIAMONDS JACK,0.357,0.0222,0.6208
DIAMONDS JACK HEARTS NINE,0.3366,0.0152,0.6482
DIAMONDS JACK HEARTS EIGHT,0.354,0.0134,0.6326
DIAMONDS KING DIAMONDS JACK,0.3396,0.0072,0.6532
HEARTS THREE DIAMONDS JACK,0.272,0.0596,0.6684
SPADES ACE SPADES SIX,0.3324,0.007,0.6606
HEARTS ACE SPADES FOUR,0.2342,0.0244,0.7414
DIAMONDS QUEEN DIAMONDS JACK,0.33,0.0112,0.6588
HEARTS TWO DIAMONDS JACK,0.4228,0.0198,0.5574
HEARTS FIVE DIAMONDS JACK,0.345,0.0182,0.6368
SPADES QUEEN SPADES SIX,0.3332,0.0154,0.6514
SPADES FOUR HEARTS QUEEN,0.2678,0.0442,0.688
DIAMONDS ACE DIAMONDS JACK,0.335,0.0064,0.6586
SPADES KING SPADES SIX,0.3374,0.0064,0.6562
SPADES FOUR HEARTS KING,0.251,0.0412,0.7078
SPADES TEN SPADES SIX,0.3364,0.0346,0.629
SPADES JACK SPADES SIX,0.3352,0.0212,0.6436
SPADES FOUR DIAMONDS JACK,0.2644,0.0656,0.67
SPADES FIVE DIAMONDS JACK,0.342,0.0244,0.6336
DIAMONDS JACK SPADES TWO,0.4276,0.0212,0.5512
SPADES ACE DIAMONDS THREE,0.2534,0.019,0.7276
SPADES QUEEN DIAMONDS THREE,0.2844,0.0424,0.6732
CLUBS EIGHT DIAMONDS JACK,0.3548,0.0186,0.6266
SPADES KING DIAMONDS THREE,0.2778,0.028,0.6942
CLUBS NINE DIAMONDS JACK,0.3508,0.015,0.6342
CLUBS SIX DIAMONDS JACK,0.3526,0.0204,0.627
CLUBS SEVEN DIAMONDS JACK,0.3528,0.0148,0.6324
CLUBS FOUR DIAMONDS JACK,0.2702,0.0636,0.6662
CLUBS FIVE DIAMONDS JACK,0.3556,0.0186,0.6258
CLUBS TWO DIAMONDS JACK,0.4192,0.0212,0.5596
CLUBS THREE DIAMONDS JACK,0.2754,0.058,0.6666
SPADES TEN CLUBS FIVE,0.3534,0.031,0.6156
SPADES JACK HEARTS SIX,0.3526,0.0194,0.628
HEARTS SIX SPADES TEN,0.3376,0.0332,0.6292
SPADES JACK CLUBS FIVE,0.3596,0.0224,0.618
SPADES JACK DIAMONDS THREE,0.2832,0.052,0.6648
CLUBS SEVEN CLUBS ACE,0.3324,0.004,0.6636
DIAMONDS THREE SPADES TEN,0.2762,0.0758,0.648
CLUBS SEVEN CLUBS QUEEN,0.3434,0.0114,0.6452
CLUBS SEVEN CLUBS KING,0.3398,0.0078,0.6524
SPADES NINE DIAMONDS JACK,0.3472,0.02,0.6328
CLUBS TEN CLUBS SEVEN,0.3324,0.0268,0.6408
DIAMONDS ACE HEARTS ACE,0.1472,0.0066,0.8462
SPADES EIGHT DIAMONDS JACK,0.348,0.0142,0.6378
SPADES ACE HEARTS SIX,0.346,0.0044,0.6496
CLUBS SEVEN CLUBS JACK,0.3314,0.0184,0.6502
DIAMONDS ACE HEARTS KING,0.3574,0.0044,0.6382
SPADES SEVEN DIAMONDS JACK,0.3542,0.0158,0.63
SPADES KING HEARTS SIX,0.3474,0.0076,0.645
DIAMONDS ACE HEARTS QUEEN,0.3486,0.0058,0.6456
SPADES QUEEN HEARTS SIX,0.3462,0.012,0.6418
SPADES SIX DIAMONDS JACK,0.3638,0.0176,0.6186
SPADES TWO DIAMONDS TEN,0.4164,0.029,0.5546
SPADES FOUR DIAMONDS TEN,0.2672,0.077,0.6558
SPADES FIVE DIAMONDS TEN,0.3624,0.0306,0.607
SPADES SIX DIAMONDS TEN,0.3488,0.0282,0.623
SPADES SEVEN DIAMONDS TEN,0.3584,0.0316,0.61
SPADES EIGHT DIAMONDS TEN,0.3522,0.0258,0.622
SPADES NINE DIAMONDS TEN,0.3514,0.0278,0.6208
CLUBS FOUR DIAMONDS TEN,0.2734,0.0846,0.642
CLUBS FIVE DIAMONDS TEN,0.3594,0.0332,0.6074
CLUBS SIX DIAMONDS TEN,0.3584,0.026,0.6156
CLUBS SEVEN DIAMONDS TEN,0.3558,0.0238,0.6204
CLUBS EIGHT DIAMONDS TEN,0.3498,0.0254,0.6248
CLUBS NINE DIAMONDS TEN,0.3596,0.0232,0.6172
DIAMONDS THREE CLUBS JACK,0.2754,0.0594,0.6652
CLUBS TEN DIAMONDS THREE,0.292,0.0712,0.6368
DIAMONDS THREE CLUBS KING,0.276,0.028,0.696
DIAMONDS THREE CLUBS QUEEN,0.2794,0.0362,0.6844
DIAMONDS THREE CLUBS ACE,0.2536,0.0178,0.7286
SPADES FOUR HEARTS JACK,0.2684,0.0654,0.6662
SPADES FOUR HEARTS TEN,0.2678,0.0826,0.6496
SPADES FIVE SPADES TWO,0.3798,0.2252,0.395
SPADES FOUR SPADES TWO,0.2616,0.4882,0.2502
SPADES NINE SPADES TWO,0.3904,0.043,0.5666
SPADES EIGHT SPADES TWO,0.3938,0.0682,0.538
SPADES SEVEN SPADES TWO,0.3968,0.1036,0.4996
SPADES SIX SPADES TWO,0.3866,0.1494,0.464
DIAMONDS QUEEN CLUBS THREE,0.2836,0.039,0.6774
CLUBS THREE HEARTS TWO,0.282,0.4996,0.2184
DIAMONDS QUEEN CLUBS TWO,0.4062,0.0152,0.5786
HEARTS TWO CLUBS TWO,0.3312,0.172,0.4968
HEARTS SEVEN DIAMONDS QUEEN,0.3594,0.0128,0.6278
HEARTS SEVEN HEARTS TWO,0.3852,0.0974,0.5174
HEARTS SIX DIAMONDS QUEEN,0.3584,0.0144,0.6272
HEARTS SIX HEARTS TWO,0.376,0.1574,0.4666
DIAMONDS QUEEN HEARTS NINE,0.3548,0.0104,0.6348
HEARTS TWO HEARTS NINE,0.3866,0.0474,0.566
DIAMONDS QUEEN HEARTS EIGHT,0.3636,0.0138,0.6226
HEARTS TWO HEARTS EIGHT,0.3914,0.0714,0.5372
CLUBS NINE HEARTS TWO,0.4162,0.0516,0.5322
CLUBS NINE DIAMONDS QUEEN,0.3478,0.011,0.6412
CLUBS EIGHT HEARTS TWO,0.4074,0.0706,0.522
CLUBS EIGHT DIAMONDS QUEEN,0.3714,0.0136,0.615
CLUBS FIVE DIAMONDS QUEEN,0.3612,0.0144,0.6244
CLUBS FIVE HEARTS TWO,0.3836,0.2548,0.3616
SPADES EIGHT HEARTS ACE,0.3462,0.0062,0.6476
DIAMONDS QUEEN CLUBS FOUR,0.2696,0.0462,0.6842
HEARTS TWO CLUBS FOUR,0.2716,0.523,0.2054
CLUBS SEVEN DIAMONDS QUEEN,0.3646,0.0124,0.623
CLUBS SEVEN HEARTS TWO,0.4278,0.1056,0.4666
SPADES EIGHT HEARTS QUEEN,0.3488,0.0116,0.6396
CLUBS SIX DIAMONDS QUEEN,0.3668,0.012,0.6212
CLUBS SIX HEARTS TWO,0.4166,0.1626,0.4208
SPADES EIGHT HEARTS KING,0.3432,0.0072,0.6496
HEARTS TWO SPADES SIX,0.3896,0.1644,0.446
DIAMONDS QUEEN SPADES SIX,0.3504,0.014,0.6356
DIAMONDS ACE CLUBS QUEEN,0.3572,0.0046,0.6382
DIAMONDS QUEEN SPADES SEVEN,0.3692,0.01,0.6208
HEARTS TWO SPADES SEVEN,0.423,0.1154,0.4616
DIAMONDS ACE CLUBS KING,0.363,0.0066,0.6304
DIAMONDS QUEEN SPADES EIGHT,0.353,0.012,0.635
SPADES EIGHT HEARTS TWO,0.4078,0.07,0.5222
DIAMONDS ACE CLUBS ACE,0.1552,0.0034,0.8414
SPADES NINE DIAMONDS QUEEN,0.3486,0.0116,0.6398
SPADES NINE HEARTS TWO,0.409,0.0444,0.5466
HEARTS TWO SPADES TWO,0.3332,0.1662,0.5006
DIAMONDS QUEEN SPADES TWO,0.4122,0.0164,0.5714
HEARTS TWO SPADES FOUR,0.2694,0.5196,0.211
DIAMONDS QUEEN SPADES FOUR,0.2658,0.041,0.6932
CLUBS TEN DIAMONDS ACE,0.3622,0.0058,0.632
HEARTS TWO SPADES FIVE,0.3792,0.2518,0.369
DIAMONDS QUEEN SPADES FIVE,0.3502,0.0162,0.6336
DIAMONDS ACE CLUBS JACK,0.363,0.0036,0.6334
CLUBS FIVE CLUBS KING,0.3294,0.0092,0.6614
CLUBS FIVE CLUBS QUEEN,0.3386,0.0146,0.6468
CLUBS FIVE CLUBS ACE,0.3142,0.0042,0.6816
CLUBS FIVE CLUBS JACK,0.3412,0.0234,0.6354
CLUBS TEN CLUBS FIVE,0.3338,0.0324,0.6338
SPADES KING CLUBS JACK,0.36,0.0098,0.6302
SPADES QUEEN CLUBS JACK,0.3508,0.0108,0.6384
SPADES ACE CLUBS JACK,0.3524,0.0048,0.6428
SPADES SIX CLUBS KING,0.359,0.011,0.63
SPADES SIX CLUBS QUEEN,0.3562,0.015,0.6288
SPADES EIGHT HEARTS JACK,0.348,0.02,0.632
SPADES SIX CLUBS ACE,0.358,0.0038,0.6382
SPADES EIGHT HEARTS TEN,0.343,0.0334,0.6236
SPADES SIX CLUBS JACK,0.3436,0.0182,0.6382
CLUBS TEN SPADES SIX,0.3466,0.0284,0.625
SPADES TEN CLUBS JACK,0.3496,0.0176,0.6328
SPADES JACK CLUBS JACK,0.1684,0.0496,0.782
SPADES QUEEN CLUBS SEVEN,0.3704,0.0098,0.6198
SPADES KING CLUBS SEVEN,0.3622,0.0064,0.6314
SPADES ACE CLUBS SEVEN,0.3512,0.0046,0.6442
SPADES SIX HEARTS TEN,0.3454,0.0314,0.6232
SPADES SIX HEARTS JACK,0.3468,0.0234,0.6298
SPADES SIX HEARTS ACE,0.3484,0.0046,0.647
SPADES SIX HEARTS KING,0.3616,0.0084,0.63
SPADES SIX HEARTS QUEEN,0.3452,0.0118,0.643
CLUBS SEVEN SPADES JACK,0.35,0.0186,0.6314
CLUBS SEVEN SPADES TEN,0.3598,0.0306,0.6096
CLUBS TEN HEARTS SIX,0.368,0.029,0.603
HEARTS SIX CLUBS JACK,0.3598,0.0204,0.6198
CLUBS ACE CLUBS JACK,0.3296,0.0032,0.6672
HEARTS SIX CLUBS QUEEN,0.3452,0.0166,0.6382
HEARTS SIX CLUBS KING,0.358,0.0082,0.6338
HEARTS SIX CLUBS ACE,0.345,0.0062,0.6488
CLUBS QUEEN CLUBS JACK,0.3152,0.0098,0.675
CLUBS KING CLUBS JACK,0.3354,0.009,0.6556
DIAMONDS THREE HEARTS ACE,0.256,0.0192,0.7248
DIAMONDS THREE HEARTS QUEEN,0.2686,0.0444,0.687
DIAMONDS THREE HEARTS KING,0.274,0.0326,0.6934
CLUBS FIVE HEARTS JACK,0.3508,0.0216,0.6276
SPADES TEN DIAMONDS ACE,0.3602,0.0048,0.635
CLUBS FIVE HEARTS TEN,0.354,0.029,0.617
SPADES JACK DIAMONDS ACE,0.364,0.0038,0.6322
SPADES ACE DIAMONDS ACE,0.1446,0.0036,0.8518
CLUBS FIVE HEARTS ACE,0.344,0.004,0.652
CLUBS FIVE HEARTS KING,0.3414,0.0114,0.6472
SPADES QUEEN DIAMONDS ACE,0.3596,0.0062,0.6342
SPADES FOUR CLUBS JACK,0.2628,0.0662,0.671
CLUBS FIVE HEARTS QUEEN,0.3636,0.014,0.6224
SPADES KING DIAMONDS ACE,0.3492,0.005,0.6458
CLUBS TEN SPADES FOUR,0.264,0.085,0.651
DIAMONDS QUEEN DIAMONDS ACE,0.3274,0.0078,0.6648
HEARTS TWO DIAMONDS ACE,0.4072,0.0072,0.5856
DIAMONDS THREE HEARTS TEN,0.2746,0.0838,0.6416
SPADES FOUR CLUBS KING,0.2662,0.0376,0.6962
HEARTS FIVE DIAMONDS QUEEN,0.353,0.0142,0.6328
HEARTS FIVE HEARTS TWO,0.3528,0.2328,0.4144
DIAMONDS THREE HEARTS JACK,0.2726,0.0596,0.6678
SPADES FOUR CLUBS QUEEN,0.2694,0.0502,0.6804
DIAMONDS QUEEN HEARTS TWO,0.4136,0.0126,0.5738
DIAMONDS KING DIAMONDS QUEEN,0.3384,0.006,0.6556
DIAMONDS KING HEARTS TWO,0.416,0.01,0.574
HEARTS THREE DIAMONDS QUEEN,0.2784,0.0462,0.6754
HEARTS THREE HEARTS TWO,0.283,0.4724,0.2446
SPADES FOUR CLUBS ACE,0.248,0.0244,0.7276
HEARTS TWO CLUBS ACE,0.3938,0.0064,0.5998
DIAMONDS QUEEN CLUBS ACE,0.3662,0.004,0.6298
HEARTS TWO CLUBS QUEEN,0.428,0.0152,0.5568
DIAMONDS QUEEN CLUBS QUEEN,0.1772,0.0306,0.7922
HEARTS TWO CLUBS KING,0.416,0.014,0.57
DIAMONDS QUEEN CLUBS KING,0.3612,0.0072,0.6316
SPADES EIGHT SPADES FIVE,0.3354,0.0652,0.5994
CLUBS TEN HEARTS TWO,0.422,0.0302,0.5478
CLUBS TEN DIAMONDS QUEEN,0.3604,0.013,0.6266
SPADES NINE SPADES FIVE,0.334,0.0478,0.6182
HEARTS TWO CLUBS JACK,0.4234,0.0218,0.5548
DIAMONDS QUEEN CLUBS JACK,0.3524,0.0088,0.6388
SPADES SIX SPADES FIVE,0.3062,0.143,0.5508
SPADES SEVEN SPADES FIVE,0.3176,0.1044,0.578
DIAMONDS FIVE CLUBS QUEEN,0.3684,0.017,0.6146
SPADES EIGHT CLUBS ACE,0.3492,0.006,0.6448
DIAMONDS FIVE CLUBS KING,0.3582,0.0092,0.6326
SPADES EIGHT CLUBS KING,0.3602,0.0084,0.6314
CLUBS ACE DIAMONDS FIVE,0.3328,0.004,0.6632
SPADES EIGHT CLUBS QUEEN,0.355,0.0136,0.6314
SPADES EIGHT CLUBS JACK,0.3522,0.0194,0.6284
CLUBS TEN SPADES EIGHT,0.3422,0.027,0.6308
CLUBS TEN DIAMONDS FIVE,0.367,0.0304,0.6026
DIAMONDS FIVE CLUBS JACK,0.3626,0.0206,0.6168
DIAMONDS TEN HEARTS JACK,0.3412,0.0174,0.6414
DIAMONDS TEN HEARTS TEN,0.1664,0.0732,0.7604
SPADES ACE CLUBS NINE,0.3448,0.0054,0.6498
CLUBS NINE SPADES QUEEN,0.3464,0.0154,0.6382
CLUBS NINE SPADES KING,0.3546,0.0082,0.6372
HEARTS SIX HEARTS KING,0.3284,0.009,0.6626
DIAMONDS KING SPADES SEVEN,0.3558,0.0082,0.636
HEARTS THREE SPADES SEVEN,0.2702,0.1942,0.5356
SPADES KING DIAMONDS SEVEN,0.3748,0.0086,0.6166
HEARTS SIX HEARTS QUEEN,0.3386,0.0146,0.6468
SPADES QUEEN DIAMONDS SEVEN,0.3602,0.0148,0.625
HEARTS THREE SPADES SIX,0.2436,0.2872,0.4692
DIAMONDS KING SPADES SIX,0.3512,0.0088,0.64
