opposingHand,winningChance,drawChance,lostChance
HEARTS THREE DIAMONDS JACK
HEARTS SEVEN HEARTS FOUR,0.5454,0.0178,0.4368
SPADES KING DIAMONDS EIGHT,0.3624,0.0068,0.6308
SPADES FIVE HEARTS KING,0.3512,0.0052,0.6436
SPADES THREE HEARTS QUEEN,0.2314,0.0414,0.7272
DIAMONDS FIVE CLUBS QUEEN,0.3564,0.011,0.6326
DIAMONDS THREE HEARTS TEN,0.7054,0.0604,0.2342
SPADES QUEEN CLUBS FIVE,0.3534,0.0122,0.6344
HEARTS FIVE CLUBS QUEEN,0.3394,0.0142,0.6464
DIAMONDS TWO HEARTS NINE,0.6286,0.0188,0.3526
SPADES ACE SPADES FIVE,0.3388,0.0036,0.6576
DIAMONDS TWO HEARTS TEN,0.6262,0.0192,0.3546
HEARTS EIGHT SPADES EIGHT,0.2902,0.03,0.6798
CLUBS SIX HEARTS ACE,0.3462,0.0056,0.6482
SPADES QUEEN HEARTS FOUR,0.3528,0.0124,0.6348
SPADES FIVE CLUBS TWO,0.6052,0.0218,0.373
HEARTS SIX SPADES FOUR,0.5716,0.0194,0.409
DIAMONDS TWO CLUBS KING,0.4052,0.0074,0.5874
DIAMONDS TWO DIAMONDS KING,0.3726,0.01,0.6174
SPADES KING CLUBS TWO,0.3936,0.009,0.5974
CLUBS FIVE DIAMONDS EIGHT,0.5762,0.018,0.4058
CLUBS EIGHT DIAMONDS EIGHT,0.2984,0.0342,0.6674
HEARTS TWO HEARTS QUEEN,0.3712,0.014,0.6148
SPADES JACK DIAMONDS EIGHT,0.2232,0.2242,0.5526
SPADES FOUR CLUBS ACE,0.356,0.0052,0.6388
CLUBS ACE HEARTS JACK,0.2244,0.0182,0.7574
HEARTS FOUR HEARTS QUEEN,0.3438,0.0138,0.6424
DIAMONDS THREE HEARTS KING,0.2392,0.0344,0.7264
HEARTS TWO DIAMONDS SIX,0.623,0.0202,0.3568
DIAMONDS THREE DIAMONDS ACE,0.2276,0.023,0.7494
HEARTS FOUR CLUBS FOUR,0.309,0.0512,0.6398
HEARTS TEN DIAMONDS FOUR,0.5954,0.0202,0.3844
SPADES QUEEN HEARTS ACE,0.2984,0.0052,0.6964
SPADES TEN CLUBS ACE,0.338,0.004,0.658
SPADES FIVE DIAMONDS FOUR,0.5708,0.018,0.4112
DIAMONDS TWO SPADES JACK,0.2708,0.5126,0.2166
DIAMONDS TWO HEARTS FIVE,0.603,0.0212,0.3758
SPADES SIX HEARTS NINE,0.5604,0.0194,0.4202
HEARTS TWO DIAMONDS KING,0.3898,0.0072,0.603
SPADES THREE DIAMONDS SIX,0.6872,0.0552,0.2576
CLUBS SEVEN CLUBS FIVE,0.531,0.0216,0.4474
CLUBS EIGHT SPADES TEN,0.5534,0.0182,0.4284
CLUBS TEN HEARTS NINE,0.5356,0.0148,0.4496
HEARTS FOUR HEARTS ACE,0.3308,0.0072,0.662
DIAMONDS TEN CLUBS QUEEN,0.3314,0.0106,0.658
SPADES TWO CLUBS KING,0.3866,0.0078,0.6056
CLUBS SIX SPADES TWO,0.6136,0.0206,0.3658
CLUBS SEVEN HEARTS FOUR,0.5668,0.0184,0.4148
SPADES SIX DIAMONDS SIX,0.3142,0.0422,0.6436
HEARTS FIVE DIAMONDS KING,0.3472,0.0096,0.6432
CLUBS EIGHT CLUBS SIX,0.5148,0.0168,0.4684
CLUBS EIGHT DIAMONDS SEVEN,0.545,0.0178,0.4372
HEARTS ACE HEARTS JACK,0.2024,0.0244,0.7732
CLUBS NINE CLUBS TWO,0.5766,0.0176,0.4058
SPADES SEVEN HEARTS TEN,0.5576,0.0148,0.4276
DIAMONDS KING HEARTS NINE,0.343,0.0072,0.6498
CLUBS JACK HEARTS TEN,0.2124,0.1304,0.6572
CLUBS TWO DIAMONDS SIX,0.6266,0.0226,0.3508
DIAMONDS QUEEN SPADES THREE,0.234,0.0512,0.7148
HEARTS TWO CLUBS QUEEN,0.3812,0.0148,0.604
CLUBS FIVE DIAMONDS KING,0.3418,0.0114,0.6468
HEARTS SIX SPADES TWO,0.6152,0.0238,0.361
HEARTS SEVEN HEARTS TEN,0.541,0.0188,0.4402
SPADES JACK SPADES FIVE,0.2122,0.4198,0.368
DIAMONDS FIVE HEARTS NINE,0.5818,0.0194,0.3988
CLUBS JACK SPADES EIGHT,0.2192,0.218,0.5628
HEARTS SIX DIAMONDS EIGHT,0.5616,0.0202,0.4182
CLUBS EIGHT DIAMONDS SIX,0.5626,0.0164,0.421
HEARTS SIX DIAMONDS NINE,0.5654,0.0224,0.4122
SPADES TWO HEARTS JACK,0.2642,0.5286,0.2072
CLUBS NINE HEARTS KING,0.3662,0.009,0.6248
DIAMONDS TWO SPADES QUEEN,0.3862,0.0138,0.6
SPADES NINE SPADES TWO,0.5928,0.0136,0.3936
DIAMONDS KING HEARTS KING,0.122,0.0098,0.8682
DIAMONDS THREE CLUBS FOUR,0.6682,0.0622,0.2696
HEARTS SEVEN DIAMONDS NINE,0.5632,0.0196,0.4172
SPADES JACK DIAMONDS FIVE,0.212,0.4776,0.3104
SPADES FOUR DIAMONDS SIX,0.5686,0.0182,0.4132
SPADES TEN CLUBS TWO,0.6378,0.016,0.3462
CLUBS SIX HEARTS NINE,0.5646,0.0184,0.417
DIAMONDS THREE CLUBS KING,0.2394,0.0328,0.7278
CLUBS TWO HEARTS NINE,0.6088,0.0202,0.371
HEARTS EIGHT CLUBS QUEEN,0.3488,0.0102,0.641
HEARTS SEVEN HEARTS NINE,0.5074,0.0166,0.476
SPADES SIX DIAMONDS TEN,0.5782,0.0188,0.403
SPADES SEVEN DIAMONDS TEN,0.5634,0.0178,0.4188
SPADES SEVEN HEARTS NINE,0.5396,0.0186,0.4418
HEARTS FOUR CLUBS THREE,0.6682,0.0608,0.271
DIAMONDS EIGHT DIAMONDS FOUR,0.556,0.0192,0.4248
DIAMONDS KING DIAMONDS FOUR,0.3336,0.009,0.6574
HEARTS SIX HEARTS TWO,0.5792,0.0224,0.3984
DIAMONDS NINE DIAMONDS SIX,0.5496,0.02,0.4304
CLUBS JACK CLUBS EIGHT,0.2164,0.2012,0.5824
DIAMONDS QUEEN CLUBS QUEEN,0.1322,0.0104,0.8574
HEARTS QUEEN DIAMONDS SEVEN,0.3572,0.0108,0.632
SPADES KING HEARTS QUEEN,0.3254,0.0062,0.6684
SPADES JACK SPADES SEVEN,0.2126,0.286,0.5014
HEARTS ACE DIAMONDS EIGHT,0.3568,0.0026,0.6406
SPADES JACK CLUBS EIGHT,0.2234,0.2306,0.546
CLUBS JACK SPADES QUEEN,0.231,0.042,0.727
SPADES NINE SPADES FOUR,0.5564,0.0204,0.4232
SPADES TEN CLUBS SIX,0.5798,0.0188,0.4014
HEARTS FIVE DIAMONDS QUEEN,0.3412,0.014,0.6448
SPADES QUEEN SPADES THREE,0.2202,0.0414,0.7384
SPADES JACK DIAMONDS ACE,0.219,0.0212,0.7598
DIAMONDS TWO CLUBS THREE,0.6908,0.0572,0.252
DIAMONDS KING CLUBS KING,0.1286,0.006,0.8654
HEARTS JACK HEARTS NINE,0.2172,0.1584,0.6244
HEARTS SIX CLUBS KING,0.3544,0.009,0.6366
CLUBS TEN DIAMONDS QUEEN,0.3204,0.01,0.6696
HEARTS KING HEARTS NINE,0.3402,0.0056,0.6542
HEARTS FOUR SPADES FOUR,0.312,0.0506,0.6374
HEARTS ACE HEARTS NINE,0.3396,0.006,0.6544
DIAMONDS THREE CLUBS TWO,0.7044,0.0506,0.245
DIAMONDS KING CLUBS THREE,0.2322,0.036,0.7318
SPADES KING HEARTS TEN,0.3356,0.0088,0.6556
CLUBS SEVEN DIAMONDS EIGHT,0.5406,0.0206,0.4388
SPADES FOUR DIAMONDS EIGHT,0.5892,0.0208,0.39
HEARTS EIGHT DIAMONDS FOUR,0.578,0.0218,0.4002
HEARTS FOUR DIAMONDS FOUR,0.3058,0.0532,0.641
SPADES FOUR HEARTS NINE,0.5854,0.0204,0.3942
CLUBS NINE DIAMONDS KING,0.3532,0.0084,0.6384
HEARTS TWO SPADES EIGHT,0.6102,0.0214,0.3684
SPADES EIGHT SPADES SEVEN,0.4982,0.0196,0.4822
DIAMONDS KING SPADES TWO,0.3916,0.0072,0.6012
DIAMONDS TEN HEARTS QUEEN,0.3136,0.0102,0.6762
CLUBS SEVEN DIAMONDS NINE,0.5544,0.016,0.4296
CLUBS FOUR HEARTS JACK,0.2128,0.5186,0.2686
HEARTS TWO HEARTS JACK,0.249,0.5032,0.2478
DIAMONDS THREE HEARTS SIX,0.694,0.0536,0.2524
HEARTS FIVE CLUBS SEVEN,0.558,0.0192,0.4228
CLUBS TEN HEARTS KING,0.3276,0.006,0.6664
HEARTS SEVEN DIAMONDS TEN,0.5592,0.0188,0.422
HEARTS KING DIAMONDS FOUR,0.351,0.0088,0.6402
DIAMONDS EIGHT HEARTS NINE,0.5372,0.0166,0.4462
DIAMONDS QUEEN HEARTS JACK,0.2162,0.0468,0.737
DIAMONDS KING DIAMONDS TEN,0.3206,0.0078,0.6716
CLUBS TEN CLUBS EIGHT,0.5076,0.0164,0.476
HEARTS TWO SPADES SEVEN,0.6282,0.0184,0.3534
SPADES QUEEN CLUBS ACE,0.305,0.0046,0.6904
DIAMONDS THREE HEARTS QUEEN,0.2376,0.0474,0.715
SPADES TWO HEARTS NINE,0.6172,0.0182,0.3646
HEARTS FOUR HEARTS KING,0.3466,0.007,0.6464
HEARTS TWO SPADES TWO,0.4098,0.0556,0.5346
DIAMONDS QUEEN DIAMONDS FIVE,0.3372,0.0112,0.6516
DIAMONDS TEN DIAMONDS FOUR,0.5722,0.0174,0.4104
HEARTS SEVEN SPADES NINE,0.5364,0.0146,0.449
CLUBS NINE SPADES SIX,0.57,0.0182,0.4118
HEARTS KING HEARTS TEN,0.3308,0.0078,0.6614
HEARTS TWO CLUBS THREE,0.701,0.062,0.237
SPADES THREE HEARTS NINE,0.6908,0.0608,0.2484
SPADES SIX DIAMONDS FIVE,0.5432,0.0208,0.436
SPADES JACK SPADES TEN,0.209,0.1194,0.6716
DIAMONDS TEN CLUBS ACE,0.3522,0.0046,0.6432
DIAMONDS NINE HEARTS KING,0.3622,0.008,0.6298
CLUBS EIGHT SPADES EIGHT,0.2856,0.036,0.6784
SPADES KING DIAMONDS SIX,0.3682,0.0066,0.6252
CLUBS JACK DIAMONDS TEN,0.221,0.119,0.66
DIAMONDS QUEEN DIAMONDS SIX,0.3462,0.0126,0.6412
CLUBS NINE SPADES THREE,0.7038,0.056,0.2402
SPADES NINE CLUBS ACE,0.3566,0.0036,0.6398
CLUBS NINE DIAMONDS EIGHT,0.53,0.0206,0.4494
DIAMONDS TEN DIAMONDS EIGHT,0.5166,0.0174,0.466
SPADES QUEEN SPADES FOUR,0.3408,0.0144,0.6448
HEARTS EIGHT DIAMONDS TEN,0.5474,0.0162,0.4364
CLUBS JACK DIAMONDS THREE,0.0198,0.9688,0.0114
HEARTS FOUR CLUBS TWO,0.6132,0.0212,0.3656
HEARTS TWO SPADES THREE,0.6912,0.0628,0.246
SPADES JACK HEARTS QUEEN,0.2238,0.0378,0.7384
CLUBS TWO HEARTS ACE,0.3796,0.005,0.6154
HEARTS EIGHT HEARTS FOUR,0.5514,0.0224,0.4262
DIAMONDS KING SPADES SIX,0.3546,0.0074,0.638
HEARTS ACE SPADES THREE,0.2302,0.0218,0.748
CLUBS TEN CLUBS THREE,0.648,0.0614,0.2906
SPADES THREE SPADES TWO,0.6412,0.0554,0.3034
CLUBS NINE CLUBS FIVE,0.5514,0.017,0.4316
CLUBS NINE SPADES SEVEN,0.546,0.0156,0.4384
CLUBS ACE CLUBS QUEEN,0.3034,0.0034,0.6932
HEARTS EIGHT SPADES FIVE,0.5588,0.0202,0.421
HEARTS TWO HEARTS ACE,0.3608,0.0052,0.634
SPADES FOUR DIAMONDS NINE,0.5976,0.0208,0.3816
SPADES KING SPADES THREE,0.2376,0.0278,0.7346
SPADES JACK SPADES THREE,0.0228,0.9094,0.0678
SPADES JACK HEARTS KING,0.212,0.0338,0.7542
SPADES KING SPADES TWO,0.3594,0.01,0.6306
SPADES JACK DIAMONDS TEN,0.2334,0.1206,0.646
CLUBS TWO DIAMONDS SEVEN,0.6346,0.0244,0.341
SPADES FOUR SPADES TWO,0.555,0.024,0.421
CLUBS EIGHT DIAMONDS ACE,0.3368,0.0034,0.6598
CLUBS FOUR SPADES FIVE,0.5564,0.0162,0.4274
DIAMONDS KING HEARTS ACE,0.3112,0.0042,0.6846
SPADES NINE DIAMONDS TEN,0.5492,0.0144,0.4364
SPADES QUEEN HEARTS KING,0.3124,0.0056,0.682
DIAMONDS THREE HEARTS ACE,0.2358,0.0202,0.744
HEARTS EIGHT HEARTS SIX,0.5208,0.0164,0.4628
CLUBS EIGHT HEARTS FOUR,0.5868,0.0202,0.393
HEARTS TWO SPADES FIVE,0.602,0.0242,0.3738
CLUBS SIX DIAMONDS NINE,0.5686,0.0168,0.4146
DIAMONDS KING HEARTS TEN,0.3162,0.0078,0.676
CLUBS SIX CLUBS THREE,0.6458,0.0506,0.3036
HEARTS SEVEN CLUBS KING,0.3608,0.0084,0.6308
HEARTS SEVEN CLUBS FIVE,0.5532,0.0206,0.4262
CLUBS THREE DIAMONDS EIGHT,0.714,0.0568,0.2292
HEARTS SEVEN DIAMONDS FIVE,0.5662,0.0196,0.4142
DIAMONDS THREE SPADES NINE,0.6992,0.0584,0.2424
DIAMONDS TWO CLUBS FIVE,0.6148,0.0242,0.361
DIAMONDS SIX HEARTS TEN,0.5834,0.0188,0.3978
SPADES ACE CLUBS TWO,0.3768,0.007,0.6162
HEARTS NINE DIAMONDS FOUR,0.6004,0.0218,0.3778
HEARTS KING HEARTS JACK,0.2106,0.0294,0.76
SPADES TEN HEARTS TEN,0.2502,0.0224,0.7274
SPADES JACK SPADES TWO,0.2474,0.4878,0.2648
SPADES TWO HEARTS QUEEN,0.4014,0.0146,0.584
HEARTS TWO SPADES FOUR,0.6124,0.0194,0.3682
DIAMONDS EIGHT HEARTS JACK,0.2272,0.2266,0.5462
CLUBS TEN DIAMONDS TWO,0.6326,0.0168,0.3506
SPADES ACE SPADES TEN,0.3188,0.0064,0.6748
CLUBS FIVE DIAMONDS NINE,0.587,0.0182,0.3948
SPADES QUEEN SPADES NINE,0.3202,0.0102,0.6696
SPADES FOUR HEARTS JACK,0.225,0.5094,0.2656
CLUBS SIX DIAMONDS FIVE,0.5592,0.0164,0.4244
CLUBS FIVE CLUBS THREE,0.6266,0.0498,0.3236
DIAMONDS QUEEN DIAMONDS FOUR,0.3332,0.0138,0.653
CLUBS SEVEN DIAMONDS KING,0.3626,0.008,0.6294
SPADES QUEEN CLUBS EIGHT,0.3578,0.0084,0.6338
DIAMONDS TWO DIAMONDS FOUR,0.5928,0.0204,0.3868
DIAMONDS SIX CLUBS QUEEN,0.3712,0.0124,0.6164
SPADES SIX DIAMONDS QUEEN,0.3558,0.0106,0.6336
CLUBS NINE DIAMONDS FIVE,0.5794,0.0186,0.402
DIAMONDS KING DIAMONDS SIX,0.3404,0.0076,0.652
CLUBS TWO HEARTS QUEEN,0.3808,0.0142,0.605
CLUBS FOUR CLUBS TWO,0.567,0.0228,0.4102
DIAMONDS THREE SPADES EIGHT,0.7124,0.055,0.2326
SPADES ACE SPADES FOUR,0.325,0.005,0.67
SPADES ACE SPADES EIGHT,0.3292,0.0046,0.6662
SPADES THREE DIAMONDS FOUR,0.6792,0.0584,0.2624
SPADES FOUR HEARTS KING,0.3546,0.0058,0.6396
CLUBS NINE SPADES EIGHT,0.5314,0.0186,0.45
HEARTS SIX CLUBS EIGHT,0.5566,0.0136,0.4298
CLUBS THREE SPADES TWO,0.676,0.0604,0.2636
CLUBS SEVEN HEARTS QUEEN,0.347,0.0094,0.6436
DIAMONDS NINE CLUBS ACE,0.368,0.0042,0.6278
HEARTS SIX HEARTS ACE,0.3418,0.0038,0.6544
CLUBS TEN DIAMONDS FIVE,0.5946,0.0164,0.389
HEARTS EIGHT DIAMONDS SEVEN,0.5334,0.0208,0.4458
HEARTS QUEEN HEARTS JACK,0.2222,0.0406,0.7372
HEARTS QUEEN HEARTS NINE,0.3262,0.0128,0.661
SPADES FIVE SPADES TWO,0.563,0.0206,0.4164
CLUBS SIX CLUBS QUEEN,0.3324,0.0114,0.6562
DIAMONDS KING CLUBS ACE,0.317,0.0052,0.6778
HEARTS SEVEN CLUBS EIGHT,0.524,0.0218,0.4542
HEARTS EIGHT HEARTS NINE,0.5062,0.016,0.4778
DIAMONDS KING DIAMONDS QUEEN,0.2976,0.0074,0.695
DIAMONDS SIX HEARTS NINE,0.5626,0.0172,0.4202
CLUBS EIGHT CLUBS KING,0.3356,0.0092,0.6552
HEARTS SEVEN DIAMONDS FOUR,0.58,0.0174,0.4026
CLUBS ACE HEARTS TEN,0.3388,0.0046,0.6566
SPADES JACK CLUBS KING,0.231,0.0276,0.7414
SPADES ACE CLUBS ACE,0.1168,0.0042,0.879
SPADES FOUR CLUBS QUEEN,0.3654,0.0108,0.6238
SPADES NINE CLUBS FIVE,0.5788,0.019,0.4022
CLUBS KING HEARTS TEN,0.3252,0.0068,0.668
DIAMONDS TWO SPADES THREE,0.6946,0.0616,0.2438
SPADES SIX CLUBS QUEEN,0.3606,0.0086,0.6308
DIAMONDS ACE DIAMONDS SEVEN,0.339,0.0052,0.6558
SPADES TEN SPADES SIX,0.5362,0.0172,0.4466
HEARTS FOUR CLUBS SIX,0.5628,0.0192,0.418
DIAMONDS NINE DIAMONDS EIGHT,0.509,0.0168,0.4742
CLUBS NINE HEARTS NINE,0.2842,0.0312,0.6846
SPADES EIGHT SPADES SIX,0.5252,0.0176,0.4572
SPADES SIX DIAMONDS FOUR,0.5802,0.0204,0.3994
CLUBS EIGHT CLUBS QUEEN,0.316,0.0108,0.6732
CLUBS TEN CLUBS SIX,0.533,0.0186,0.4484
HEARTS TWO DIAMONDS QUEEN,0.3924,0.0152,0.5924
CLUBS TEN DIAMONDS SIX,0.5808,0.0188,0.4004
CLUBS FOUR DIAMONDS QUEEN,0.3574,0.0116,0.631
DIAMONDS QUEEN SPADES FIVE,0.3488,0.0122,0.639
SPADES SEVEN HEARTS ACE,0.3596,0.0056,0.6348
SPADES ACE SPADES NINE,0.3338,0.0026,0.6636
SPADES JACK HEARTS NINE,0.214,0.1688,0.6172
SPADES TEN DIAMONDS EIGHT,0.5504,0.0156,0.434
HEARTS EIGHT CLUBS THREE,0.7074,0.0516,0.241
HEARTS FIVE CLUBS THREE,0.6598,0.058,0.2822
CLUBS SIX SPADES FIVE,0.5588,0.0158,0.4254
CLUBS JACK HEARTS SEVEN,0.2242,0.3118,0.464
CLUBS SEVEN DIAMONDS FOUR,0.5676,0.0196,0.4128
CLUBS NINE CLUBS KING,0.3256,0.006,0.6684
DIAMONDS TWO DIAMONDS SEVEN,0.5868,0.02,0.3932
CLUBS FOUR HEARTS QUEEN,0.353,0.011,0.636
HEARTS EIGHT DIAMONDS QUEEN,0.3496,0.0146,0.6358
DIAMONDS NINE HEARTS JACK,0.22,0.1628,0.6172
SPADES JACK HEARTS FOUR,0.2018,0.5288,0.2694
CLUBS JACK SPADES SIX,0.2376,0.3764,0.386
SPADES TWO DIAMONDS FOUR,0.6136,0.0206,0.3658
CLUBS EIGHT SPADES FIVE,0.5582,0.0172,0.4246
SPADES QUEEN CLUBS KING,0.3016,0.009,0.6894
DIAMONDS ACE HEARTS JACK,0.2126,0.0198,0.7676
DIAMONDS THREE HEARTS NINE,0.7034,0.0652,0.2314
HEARTS KING DIAMONDS EIGHT,0.3468,0.0072,0.646
SPADES SIX HEARTS QUEEN,0.361,0.012,0.627
SPADES KING CLUBS FOUR,0.3646,0.0072,0.6282
SPADES ACE HEARTS ACE,0.119,0.0046,0.8764
CLUBS SEVEN SPADES NINE,0.5552,0.018,0.4268
HEARTS SIX SPADES SIX,0.3018,0.0406,0.6576
CLUBS THREE SPADES THREE,0.2844,0.038,0.6776
CLUBS SIX CLUBS FOUR,0.5424,0.0222,0.4354
SPADES ACE HEARTS NINE,0.3542,0.0028,0.643
DIAMONDS TWO HEARTS FOUR,0.6096,0.0216,0.3688
HEARTS SIX CLUBS TWO,0.6074,0.0186,0.374
DIAMONDS EIGHT HEARTS TEN,0.5332,0.019,0.4478
SPADES NINE DIAMONDS SIX,0.5658,0.0192,0.415
DIAMONDS QUEEN CLUBS ACE,0.3236,0.0052,0.6712
SPADES ACE SPADES THREE,0.2236,0.0234,0.753
SPADES TEN DIAMONDS QUEEN,0.3152,0.0102,0.6746
CLUBS FIVE DIAMONDS TEN,0.5986,0.0168,0.3846
CLUBS TEN HEARTS ACE,0.349,0.0058,0.6452
HEARTS SEVEN SPADES SIX,0.5478,0.0182,0.434
CLUBS TEN CLUBS NINE,0.4996,0.0146,0.4858
SPADES NINE CLUBS TWO,0.628,0.02,0.352
SPADES KING CLUBS FIVE,0.3756,0.0042,0.6202
HEARTS EIGHT SPADES JACK,0.229,0.2278,0.5432
DIAMONDS KING DIAMONDS EIGHT,0.3526,0.0082,0.6392
CLUBS FOUR HEARTS ACE,0.3328,0.0064,0.6608
CLUBS JACK DIAMONDS ACE,0.2154,0.0202,0.7644
HEARTS SIX DIAMONDS ACE,0.3522,0.007,0.6408
SPADES QUEEN CLUBS THREE,0.2382,0.0418,0.72
CLUBS FOUR DIAMONDS KING,0.3514,0.0094,0.6392
HEARTS SEVEN DIAMONDS EIGHT,0.5352,0.0176,0.4472
CLUBS SEVEN DIAMONDS TEN,0.5724,0.0142,0.4134
HEARTS FOUR SPADES SEVEN,0.566,0.0218,0.4122
DIAMONDS ACE SPADES SEVEN,0.3526,0.0032,0.6442
HEARTS JACK CLUBS QUEEN,0.2178,0.0426,0.7396
SPADES ACE DIAMONDS SIX,0.3632,0.0054,0.6314
CLUBS TWO CLUBS KING,0.3734,0.007,0.6196
DIAMONDS QUEEN HEARTS QUEEN,0.1344,0.011,0.8546
DIAMONDS TEN SPADES FOUR,0.5956,0.0174,0.387
DIAMONDS SIX DIAMONDS FOUR,0.5438,0.0208,0.4354
HEARTS JACK HEARTS TEN,0.2142,0.1214,0.6644
CLUBS KING CLUBS QUEEN,0.305,0.009,0.686
CLUBS TEN HEARTS SIX,0.5632,0.0196,0.4172
CLUBS TWO SPADES THREE,0.6888,0.0598,0.2514
CLUBS JACK DIAMONDS SIX,0.2214,0.3804,0.3982
SPADES KING HEARTS KING,0.1254,0.006,0.8686
SPADES ACE DIAMONDS KING,0.3164,0.0052,0.6784
DIAMONDS TWO CLUBS FOUR,0.604,0.023,0.373
HEARTS FIVE DIAMONDS FOUR,0.5626,0.0196,0.4178
HEARTS FIVE HEARTS QUEEN,0.338,0.0148,0.6472
DIAMONDS TWO CLUBS SIX,0.6174,0.0206,0.362
CLUBS EIGHT CLUBS ACE,0.34,0.0048,0.6552
CLUBS FOUR SPADES FOUR,0.323,0.053,0.624
SPADES THREE DIAMONDS SEVEN,0.6988,0.0566,0.2446
CLUBS ACE DIAMONDS FIVE,0.355,0.0046,0.6404
SPADES TWO HEARTS TEN,0.6294,0.0194,0.3512
CLUBS THREE SPADES FOUR,0.6668,0.0546,0.2786
DIAMONDS THREE CLUBS EIGHT,0.7154,0.052,0.2326
DIAMONDS EIGHT CLUBS KING,0.3616,0.009,0.6294
HEARTS EIGHT CLUBS TWO,0.616,0.0222,0.3618
CLUBS TWO CLUBS ACE,0.3516,0.0052,0.6432
HEARTS EIGHT SPADES FOUR,0.5736,0.016,0.4104
SPADES KING SPADES TEN,0.3082,0.0082,0.6836
SPADES KING HEARTS SIX,0.355,0.0084,0.6366
HEARTS FIVE DIAMONDS FIVE,0.3074,0.0468,0.6458
DIAMONDS NINE HEARTS TEN,0.5242,0.0184,0.4574
HEARTS EIGHT SPADES TWO,0.6214,0.0174,0.3612
HEARTS SEVEN SPADES EIGHT,0.5374,0.0192,0.4434
SPADES SIX HEARTS ACE,0.3556,0.0036,0.6408
CLUBS JACK CLUBS ACE,0.2108,0.0176,0.7716
CLUBS SEVEN DIAMONDS SEVEN,0.3054,0.0338,0.6608
CLUBS FIVE DIAMONDS SEVEN,0.565,0.0194,0.4156
HEARTS FOUR SPADES FIVE,0.55,0.0238,0.4262
HEARTS FIVE DIAMONDS TEN,0.5812,0.0188,0.4
SPADES KING HEARTS FIVE,0.3608,0.0074,0.6318
CLUBS SEVEN SPADES THREE,0.6774,0.046,0.2766
HEARTS SEVEN SPADES TWO,0.6254,0.0202,0.3544
HEARTS FIVE HEARTS ACE,0.3274,0.004,0.6686
SPADES QUEEN DIAMONDS NINE,0.3374,0.0116,0.651
DIAMONDS ACE DIAMONDS QUEEN,0.2934,0.0058,0.7008
SPADES EIGHT HEARTS ACE,0.3514,0.0038,0.6448
DIAMONDS TEN DIAMONDS FIVE,0.5646,0.0184,0.417
DIAMONDS TWO SPADES FIVE,0.5996,0.02,0.3804
CLUBS TEN SPADES THREE,0.7072,0.0604,0.2324
CLUBS JACK HEARTS EIGHT,0.2272,0.2226,0.5502
DIAMONDS THREE DIAMONDS NINE,0.6662,0.0616,0.2722
HEARTS TWO HEARTS KING,0.3836,0.0092,0.6072
HEARTS EIGHT DIAMONDS TWO,0.6152,0.0172,0.3676
SPADES SEVEN DIAMONDS NINE,0.5458,0.016,0.4382
HEARTS SIX SPADES THREE,0.6854,0.0538,0.2608
HEARTS SIX HEARTS JACK,0.2082,0.3752,0.4166
HEARTS ACE HEARTS KING,0.3038,0.006,0.6902
SPADES THREE DIAMONDS FIVE,0.6572,0.064,0.2788
CLUBS JACK SPADES TEN,0.2262,0.1178,0.656
SPADES ACE DIAMONDS TWO,0.3778,0.007,0.6152
CLUBS EIGHT DIAMONDS TEN,0.5538,0.0184,0.4278
SPADES EIGHT DIAMONDS ACE,0.3526,0.004,0.6434
HEARTS TEN CLUBS QUEEN,0.3288,0.0088,0.6624
HEARTS FOUR DIAMONDS EIGHT,0.5804,0.0224,0.3972
SPADES TEN DIAMONDS NINE,0.5462,0.0168,0.437
HEARTS SIX DIAMONDS FIVE,0.5686,0.022,0.4094
SPADES ACE CLUBS QUEEN,0.318,0.0052,0.6768
CLUBS FOUR CLUBS ACE,0.3256,0.003,0.6714
DIAMONDS TWO CLUBS ACE,0.384,0.0048,0.6112
SPADES TEN SPADES EIGHT,0.5194,0.0142,0.4664
SPADES KING CLUBS SIX,0.3698,0.0064,0.6238
HEARTS SEVEN DIAMONDS TWO,0.6302,0.025,0.3448
DIAMONDS NINE DIAMONDS FIVE,0.5634,0.0232,0.4134
SPADES SEVEN CLUBS KING,0.3828,0.0044,0.6128
DIAMONDS EIGHT CLUBS ACE,0.3604,0.0034,0.6362
HEARTS FIVE CLUBS FOUR,0.5576,0.0186,0.4238
SPADES KING CLUBS THREE,0.2372,0.0278,0.735
SPADES FOUR DIAMONDS FOUR,0.3104,0.0504,0.6392
SPADES ACE HEARTS FOUR,0.3488,0.0054,0.6458
CLUBS NINE DIAMONDS QUEEN,0.326,0.011,0.663
HEARTS KING DIAMONDS SIX,0.3688,0.0058,0.6254
SPADES EIGHT CLUBS KING,0.365,0.0048,0.6302
CLUBS EIGHT HEARTS JACK,0.2264,0.2164,0.5572
CLUBS SEVEN SPADES SEVEN,0.3004,0.0364,0.6632
DIAMONDS TWO DIAMONDS EIGHT,0.5972,0.0242,0.3786
CLUBS JACK CLUBS TWO,0.2382,0.4904,0.2714
CLUBS EIGHT HEARTS FIVE,0.5648,0.0214,0.4138
CLUBS THREE CLUBS KING,0.2276,0.0304,0.742
HEARTS QUEEN CLUBS ACE,0.3126,0.005,0.6824
CLUBS EIGHT SPADES NINE,0.533,0.0174,0.4496
CLUBS FIVE CLUBS KING,0.3286,0.0068,0.6646
SPADES FIVE DIAMONDS TEN,0.5964,0.0228,0.3808
SPADES NINE CLUBS FOUR,0.5904,0.0196,0.39
SPADES TEN CLUBS QUEEN,0.3312,0.011,0.6578
CLUBS SIX CLUBS TWO,0.5734,0.024,0.4026
CLUBS ACE DIAMONDS SIX,0.3584,0.0048,0.6368
CLUBS SEVEN CLUBS SIX,0.5168,0.0188,0.4644
CLUBS SEVEN SPADES TWO,0.617,0.0212,0.3618
CLUBS JACK DIAMONDS TWO,0.2666,0.523,0.2104
DIAMONDS KING DIAMONDS SEVEN,0.3386,0.008,0.6534
DIAMONDS THREE SPADES THREE,0.293,0.0426,0.6644
SPADES TWO CLUBS QUEEN,0.3936,0.013,0.5934
CLUBS NINE HEARTS SIX,0.5662,0.021,0.4128
DIAMONDS TWO HEARTS ACE,0.3796,0.0062,0.6142
CLUBS KING DIAMONDS FOUR,0.3616,0.0088,0.6296
HEARTS SIX CLUBS SEVEN,0.5456,0.0188,0.4356
SPADES KING CLUBS EIGHT,0.3636,0.005,0.6314
SPADES ACE CLUBS KING,0.3212,0.0044,0.6744
SPADES SEVEN SPADES FIVE,0.5156,0.0216,0.4628
CLUBS FIVE DIAMONDS SIX,0.5562,0.0166,0.4272
SPADES EIGHT HEARTS QUEEN,0.3322,0.0102,0.6576
SPADES QUEEN CLUBS TWO,0.3824,0.013,0.6046
CLUBS JACK HEARTS FIVE,0.2136,0.4654,0.321
SPADES QUEEN DIAMONDS TEN,0.3352,0.0108,0.654
CLUBS KING DIAMONDS FIVE,0.3412,0.0088,0.65
SPADES TEN DIAMONDS SEVEN,0.5808,0.014,0.4052
SPADES TEN HEARTS KING,0.3334,0.0074,0.6592
SPADES QUEEN CLUBS SIX,0.3584,0.0114,0.6302
HEARTS FIVE DIAMONDS EIGHT,0.568,0.0196,0.4124
CLUBS FOUR CLUBS THREE,0.6152,0.063,0.3218
HEARTS TWO DIAMONDS NINE,0.6358,0.0196,0.3446
SPADES NINE HEARTS QUEEN,0.339,0.0116,0.6494
SPADES NINE DIAMONDS NINE,0.2882,0.0288,0.683
CLUBS SEVEN CLUBS ACE,0.3234,0.0042,0.6724
HEARTS ACE HEARTS TEN,0.3194,0.005,0.6756
DIAMONDS TWO SPADES SIX,0.6272,0.0198,0.353
DIAMONDS ACE SPADES FOUR,0.3324,0.0058,0.6618
HEARTS TWO CLUBS TWO,0.41,0.0588,0.5312
DIAMONDS FIVE DIAMONDS FOUR,0.5322,0.0242,0.4436
DIAMONDS THREE CLUBS SEVEN,0.6966,0.0528,0.2506
DIAMONDS KING CLUBS TWO,0.3882,0.0104,0.6014
HEARTS FIVE HEARTS TEN,0.5658,0.0162,0.418
SPADES FIVE CLUBS QUEEN,0.3584,0.0106,0.631
HEARTS TWO CLUBS KING,0.3872,0.0096,0.6032
HEARTS SIX CLUBS FOUR,0.5684,0.0184,0.4132
DIAMONDS NINE CLUBS QUEEN,0.335,0.0112,0.6538
HEARTS FOUR CLUBS QUEEN,0.3616,0.0148,0.6236
CLUBS FIVE HEARTS ACE,0.3492,0.0038,0.647
DIAMONDS KING SPADES THREE,0.2342,0.0364,0.7294
SPADES SIX HEARTS JACK,0.2138,0.388,0.3982
CLUBS JACK SPADES SEVEN,0.2302,0.2934,0.4764
DIAMONDS THREE DIAMONDS TWO,0.6566,0.0568,0.2866
CLUBS NINE SPADES NINE,0.2836,0.0256,0.6908
SPADES JACK CLUBS FIVE,0.2346,0.457,0.3084
DIAMONDS TWO HEARTS QUEEN,0.3832,0.0126,0.6042
HEARTS SIX DIAMONDS SEVEN,0.5612,0.0166,0.4222
CLUBS FOUR SPADES THREE,0.658,0.0592,0.2828
HEARTS FOUR HEARTS NINE,0.5604,0.0202,0.4194
HEARTS EIGHT CLUBS KING,0.3598,0.0066,0.6336
CLUBS EIGHT DIAMONDS NINE,0.5422,0.0174,0.4404
HEARTS TWO SPADES SIX,0.6104,0.0208,0.3688
SPADES QUEEN SPADES TWO,0.3708,0.012,0.6172
SPADES FIVE DIAMONDS NINE,0.5848,0.0176,0.3976
DIAMONDS TEN DIAMONDS SEVEN,0.5516,0.0162,0.4322
CLUBS JACK HEARTS JACK,0.0688,0.0346,0.8966
HEARTS JACK DIAMONDS FOUR,0.2106,0.5308,0.2586
HEARTS SIX HEARTS TEN,0.5438,0.0182,0.438
CLUBS JACK DIAMONDS EIGHT,0.2292,0.2166,0.5542
HEARTS FOUR DIAMONDS KING,0.3466,0.0078,0.6456
DIAMONDS ACE SPADES TWO,0.3762,0.005,0.6188
SPADES NINE SPADES SEVEN,0.5236,0.015,0.4614
SPADES KING CLUBS TEN,0.3388,0.0068,0.6544
CLUBS FIVE CLUBS TWO,0.561,0.0162,0.4228
SPADES KING SPADES FOUR,0.334,0.0082,0.6578
HEARTS EIGHT HEARTS KING,0.351,0.0074,0.6416
CLUBS SEVEN HEARTS TWO,0.6256,0.0186,0.3558
CLUBS THREE DIAMONDS SIX,0.6868,0.0584,0.2548
HEARTS ACE DIAMONDS SIX,0.3664,0.0064,0.6272
CLUBS EIGHT CLUBS TWO,0.584,0.0156,0.4004
CLUBS FOUR CLUBS QUEEN,0.3404,0.012,0.6476
SPADES FIVE DIAMONDS FIVE,0.3094,0.0452,0.6454
SPADES EIGHT DIAMONDS EIGHT,0.302,0.0326,0.6654
HEARTS EIGHT CLUBS FOUR,0.57,0.0244,0.4056
HEARTS TWO HEARTS TEN,0.5984,0.022,0.3796
SPADES NINE HEARTS ACE,0.369,0.0038,0.6272
DIAMONDS ACE HEARTS ACE,0.1054,0.0034,0.8912
SPADES JACK DIAMONDS SEVEN,0.222,0.3068,0.4712
SPADES ACE CLUBS JACK,0.2254,0.024,0.7506
CLUBS TEN DIAMONDS TEN,0.2828,0.0218,0.6954
DIAMONDS TEN DIAMONDS SIX,0.561,0.0196,0.4194
SPADES ACE CLUBS THREE,0.2432,0.0174,0.7394
DIAMONDS NINE HEARTS NINE,0.278,0.0344,0.6876
SPADES KING HEARTS FOUR,0.3608,0.0072,0.632
HEARTS EIGHT SPADES SEVEN,0.5414,0.0168,0.4418
HEARTS TWO DIAMONDS TEN,0.6394,0.019,0.3416
CLUBS FOUR DIAMONDS SEVEN,0.5738,0.0182,0.408
CLUBS FIVE SPADES SIX,0.5602,0.0158,0.424
CLUBS THREE SPADES FIVE,0.6684,0.0554,0.2762
SPADES SIX HEARTS KING,0.3666,0.0054,0.628
CLUBS SEVEN SPADES FIVE,0.542,0.02,0.438
SPADES THREE HEARTS TEN,0.7158,0.0612,0.223
CLUBS JACK HEARTS SIX,0.22,0.3834,0.3966
SPADES KING CLUBS NINE,0.3562,0.0054,0.6384
CLUBS THREE DIAMONDS QUEEN,0.235,0.0466,0.7184
CLUBS SIX SPADES SEVEN,0.5566,0.0158,0.4276
HEARTS FIVE SPADES THREE,0.6666,0.0532,0.2802
DIAMONDS QUEEN CLUBS TWO,0.386,0.0124,0.6016
HEARTS SEVEN DIAMONDS KING,0.3534,0.007,0.6396
CLUBS SEVEN DIAMONDS ACE,0.3444,0.0052,0.6504
HEARTS FOUR DIAMONDS SIX,0.578,0.023,0.399
CLUBS EIGHT DIAMONDS FIVE,0.5584,0.0218,0.4198
SPADES KING SPADES SEVEN,0.3396,0.0072,0.6532
CLUBS EIGHT DIAMONDS KING,0.3612,0.0084,0.6304
SPADES ACE DIAMONDS EIGHT,0.3596,0.0046,0.6358
SPADES SIX SPADES THREE,0.6478,0.0546,0.2976
CLUBS THREE DIAMONDS NINE,0.7192,0.0566,0.2242
SPADES SEVEN HEARTS KING,0.3542,0.0082,0.6376
CLUBS TEN DIAMONDS ACE,0.3522,0.0044,0.6434
CLUBS TEN CLUBS ACE,0.3288,0.0032,0.668
DIAMONDS SEVEN HEARTS NINE,0.5558,0.0188,0.4254
DIAMONDS THREE DIAMONDS TEN,0.6868,0.0536,0.2596
DIAMONDS SEVEN DIAMONDS FIVE,0.54,0.0196,0.4404
CLUBS THREE HEARTS KING,0.2226,0.0336,0.7438
DIAMONDS TWO HEARTS SIX,0.6258,0.0242,0.35
HEARTS FOUR DIAMONDS FIVE,0.555,0.0194,0.4256
SPADES NINE SPADES THREE,0.6558,0.052,0.2922
HEARTS KING CLUBS QUEEN,0.2964,0.0072,0.6964
CLUBS TEN HEARTS SEVEN,0.5678,0.0162,0.416
HEARTS FOUR SPADES TWO,0.5924,0.0246,0.383
SPADES EIGHT DIAMONDS FOUR,0.5912,0.0198,0.389
SPADES ACE SPADES TWO,0.3568,0.0056,0.6376
SPADES JACK DIAMONDS KING,0.2248,0.031,0.7442
SPADES KING DIAMONDS ACE,0.3118,0.0054,0.6828
HEARTS FIVE CLUBS FIVE,0.301,0.0476,0.6514
SPADES ACE HEARTS KING,0.3172,0.004,0.6788
CLUBS EIGHT SPADES SEVEN,0.5328,0.017,0.4502
SPADES SIX SPADES FIVE,0.5254,0.0194,0.4552
SPADES SIX HEARTS TEN,0.5834,0.0178,0.3988
CLUBS THREE CLUBS QUEEN,0.2224,0.0378,0.7398
HEARTS EIGHT DIAMONDS KING,0.3548,0.0086,0.6366
CLUBS NINE DIAMONDS ACE,0.3534,0.005,0.6416
HEARTS FIVE HEARTS JACK,0.2016,0.431,0.3674
CLUBS JACK SPADES NINE,0.2264,0.1684,0.6052
HEARTS ACE CLUBS QUEEN,0.3066,0.0032,0.6902
SPADES NINE HEARTS TWO,0.6352,0.0192,0.3456
DIAMONDS QUEEN HEARTS KING,0.3042,0.0072,0.6886
DIAMONDS THREE SPADES TEN,0.7108,0.0588,0.2304
SPADES NINE DIAMONDS ACE,0.3632,0.0056,0.6312
HEARTS FOUR CLUBS FIVE,0.5502,0.0228,0.427
HEARTS SIX SPADES TEN,0.5696,0.0194,0.411
SPADES KING DIAMONDS NINE,0.3528,0.0064,0.6408
SPADES ACE DIAMONDS FOUR,0.3496,0.0028,0.6476
HEARTS FIVE CLUBS ACE,0.3432,0.005,0.6518
CLUBS FIVE CLUBS FOUR,0.5084,0.0184,0.4732
DIAMONDS THREE SPADES QUEEN,0.2462,0.041,0.7128
HEARTS SEVEN SPADES FOUR,0.5562,0.0194,0.4244
CLUBS NINE HEARTS JACK,0.2236,0.1764,0.6
DIAMONDS QUEEN HEARTS ACE,0.3066,0.0056,0.6878
HEARTS FOUR DIAMONDS NINE,0.5966,0.0172,0.3862
SPADES EIGHT HEARTS KING,0.3536,0.0078,0.6386
HEARTS KING SPADES TWO,0.386,0.009,0.605
DIAMONDS TWO HEARTS TWO,0.403,0.0564,0.5406
HEARTS EIGHT SPADES KING,0.375,0.0052,0.6198
SPADES SIX SPADES TWO,0.5882,0.0212,0.3906
DIAMONDS TEN HEARTS ACE,0.3484,0.0056,0.646
SPADES QUEEN HEARTS SIX,0.3676,0.0124,0.62
HEARTS EIGHT CLUBS EIGHT,0.2934,0.0308,0.6758
DIAMONDS ACE CLUBS KING,0.3134,0.0046,0.682
CLUBS THREE HEARTS QUEEN,0.2448,0.0432,0.712
HEARTS FIVE DIAMONDS ACE,0.3512,0.0038,0.645
SPADES SEVEN HEARTS JACK,0.2266,0.2964,0.477
HEARTS FOUR HEARTS JACK,0.2032,0.4956,0.3012
HEARTS TEN HEARTS NINE,0.5114,0.0186,0.47
HEARTS EIGHT SPADES THREE,0.7034,0.0576,0.239
SPADES JACK DIAMONDS NINE,0.2234,0.1708,0.6058
DIAMONDS ACE DIAMONDS FIVE,0.3394,0.0054,0.6552
DIAMONDS TWO SPADES TEN,0.6224,0.0236,0.354
SPADES EIGHT CLUBS FIVE,0.5666,0.0172,0.4162
HEARTS QUEEN DIAMONDS SIX,0.3586,0.0126,0.6288
HEARTS FIVE HEARTS FOUR,0.5134,0.0208,0.4658
HEARTS SEVEN HEARTS FIVE,0.5368,0.0196,0.4436
HEARTS SEVEN HEARTS SIX,0.5242,0.0148,0.461
DIAMONDS TWO SPADES EIGHT,0.6268,0.0204,0.3528
DIAMONDS TWO SPADES SEVEN,0.6368,0.0228,0.3404
DIAMONDS ACE DIAMONDS KING,0.3112,0.0062,0.6826
SPADES FOUR SPADES THREE,0.6326,0.0496,0.3178
SPADES SIX CLUBS KING,0.3574,0.0076,0.635
CLUBS NINE DIAMONDS TEN,0.5368,0.0186,0.4446
CLUBS SEVEN HEARTS JACK,0.2256,0.2964,0.478
SPADES TWO DIAMONDS FIVE,0.6038,0.021,0.3752
CLUBS SIX DIAMONDS QUEEN,0.3698,0.0108,0.6194
SPADES NINE HEARTS JACK,0.2136,0.1742,0.6122
SPADES THREE HEARTS KING,0.2312,0.035,0.7338
CLUBS FIVE HEARTS NINE,0.5826,0.0174,0.4
SPADES KING DIAMONDS SEVEN,0.3616,0.0058,0.6326
CLUBS NINE HEARTS ACE,0.354,0.0044,0.6416
CLUBS EIGHT CLUBS FIVE,0.5426,0.0146,0.4428
DIAMONDS QUEEN SPADES FOUR,0.3478,0.0146,0.6376
CLUBS JACK HEARTS FOUR,0.2172,0.5282,0.2546
CLUBS TEN HEARTS FIVE,0.5894,0.0154,0.3952
SPADES JACK HEARTS TWO,0.2608,0.514,0.2252
CLUBS TEN CLUBS SEVEN,0.5364,0.015,0.4486
DIAMONDS NINE DIAMONDS SEVEN,0.5348,0.0146,0.4506
SPADES TEN HEARTS QUEEN,0.3324,0.009,0.6586
CLUBS JACK CLUBS TEN,0.208,0.1184,0.6736
SPADES TEN DIAMONDS FIVE,0.5994,0.0208,0.3798
CLUBS NINE CLUBS SIX,0.539,0.0208,0.4402
CLUBS FOUR CLUBS KING,0.3386,0.007,0.6544
HEARTS EIGHT CLUBS ACE,0.3528,0.006,0.6412
HEARTS EIGHT CLUBS SIX,0.5434,0.0192,0.4374
CLUBS TEN SPADES EIGHT,0.5502,0.0178,0.432
SPADES TEN CLUBS FOUR,0.583,0.0206,0.3964
CLUBS TEN DIAMONDS KING,0.329,0.0074,0.6636
HEARTS SEVEN CLUBS ACE,0.3474,0.004,0.6486
HEARTS KING DIAMONDS FIVE,0.3604,0.0086,0.631
HEARTS EIGHT DIAMONDS NINE,0.5342,0.0184,0.4474
SPADES SEVEN CLUBS TWO,0.6322,0.0178,0.35
DIAMONDS TWO CLUBS TWO,0.4002,0.0552,0.5446
SPADES ACE CLUBS FIVE,0.3366,0.0038,0.6596
DIAMONDS QUEEN DIAMONDS SEVEN,0.3456,0.0138,0.6406
DIAMONDS ACE CLUBS FOUR,0.3462,0.0052,0.6486
DIAMONDS TWO DIAMONDS QUEEN,0.374,0.0108,0.6152
CLUBS EIGHT HEARTS TEN,0.537,0.0196,0.4434
CLUBS TEN SPADES NINE,0.5286,0.0154,0.456
SPADES SEVEN SPADES TWO,0.5736,0.0196,0.4068
DIAMONDS QUEEN DIAMONDS NINE,0.3242,0.0098,0.666
CLUBS JACK DIAMONDS FIVE,0.221,0.4518,0.3272
HEARTS SEVEN HEARTS ACE,0.3318,0.004,0.6642
CLUBS TEN DIAMONDS FOUR,0.593,0.0188,0.3882
HEARTS SIX HEARTS FIVE,0.5178,0.0214,0.4608
DIAMONDS THREE DIAMONDS SIX,0.6494,0.0542,0.2964
CLUBS TEN DIAMONDS EIGHT,0.5564,0.0174,0.4262
DIAMONDS THREE CLUBS NINE,0.714,0.0592,0.2268
SPADES TEN SPADES FOUR,0.5608,0.0196,0.4196
CLUBS TEN HEARTS JACK,0.2248,0.1186,0.6566
DIAMONDS THREE HEARTS TWO,0.6988,0.0562,0.245
SPADES ACE DIAMONDS SEVEN,0.3682,0.004,0.6278
HEARTS FIVE SPADES TWO,0.5932,0.0222,0.3846
CLUBS JACK HEARTS NINE,0.213,0.1668,0.6202
SPADES QUEEN DIAMONDS FOUR,0.3638,0.0126,0.6236
SPADES EIGHT DIAMONDS QUEEN,0.3466,0.0124,0.641
CLUBS NINE SPADES FIVE,0.583,0.021,0.396
SPADES NINE HEARTS NINE,0.2708,0.0248,0.7044
CLUBS SIX HEARTS KING,0.3666,0.0068,0.6266
HEARTS FIVE SPADES SEVEN,0.5592,0.0194,0.4214
SPADES FOUR HEARTS TEN,0.5946,0.0166,0.3888
DIAMONDS NINE CLUBS KING,0.3532,0.0074,0.6394
HEARTS EIGHT HEARTS TWO,0.5854,0.019,0.3956
HEARTS FIVE SPADES NINE,0.5862,0.0168,0.397
HEARTS SIX SPADES JACK,0.2174,0.3848,0.3978
HEARTS SEVEN CLUBS NINE,0.5596,0.0164,0.424
HEARTS FOUR DIAMONDS ACE,0.3294,0.0058,0.6648
DIAMONDS EIGHT HEARTS QUEEN,0.3406,0.0114,0.648
DIAMONDS TEN HEARTS NINE,0.5402,0.0208,0.439
SPADES FOUR DIAMONDS SEVEN,0.5782,0.0186,0.4032
HEARTS FIVE HEARTS KING,0.3314,0.0074,0.6612
DIAMONDS QUEEN DIAMONDS EIGHT,0.3288,0.0102,0.661
SPADES FIVE HEARTS NINE,0.5754,0.0216,0.403
SPADES TEN SPADES TWO,0.5832,0.0198,0.397
CLUBS EIGHT CLUBS THREE,0.659,0.0548,0.2862
DIAMONDS TEN HEARTS TEN,0.2718,0.0268,0.7014
DIAMONDS EIGHT DIAMONDS SIX,0.5272,0.0172,0.4556
CLUBS JACK SPADES TWO,0.2632,0.5178,0.219
SPADES JACK CLUBS QUEEN,0.2216,0.0458,0.7326
SPADES KING SPADES QUEEN,0.2974,0.0058,0.6968
CLUBS NINE SPADES FOUR,0.5944,0.0186,0.387
SPADES ACE CLUBS SEVEN,0.356,0.005,0.639
SPADES KING SPADES JACK,0.2268,0.0252,0.748
SPADES SIX CLUBS TWO,0.6184,0.0204,0.3612
HEARTS SEVEN SPADES FIVE,0.5618,0.0212,0.417
SPADES JACK SPADES EIGHT,0.2058,0.2116,0.5826
CLUBS SIX CLUBS FIVE,0.514,0.0174,0.4686
CLUBS FIVE SPADES SEVEN,0.5608,0.018,0.4212
CLUBS EIGHT HEARTS NINE,0.53,0.0146,0.4554
CLUBS NINE HEARTS FOUR,0.6058,0.017,0.3772
CLUBS FIVE DIAMONDS FOUR,0.5614,0.0216,0.417
SPADES NINE CLUBS QUEEN,0.3394,0.01,0.6506
SPADES SIX DIAMONDS SEVEN,0.5538,0.0208,0.4254
CLUBS FIVE CLUBS ACE,0.3396,0.0038,0.6566
SPADES FOUR HEARTS QUEEN,0.352,0.0134,0.6346
CLUBS NINE DIAMONDS SEVEN,0.5718,0.0174,0.4108
CLUBS SIX DIAMONDS SIX,0.3024,0.0458,0.6518
CLUBS TWO DIAMONDS NINE,0.6276,0.0208,0.3516
SPADES JACK CLUBS TWO,0.2632,0.5248,0.212
CLUBS THREE CLUBS ACE,0.2266,0.0182,0.7552
SPADES KING SPADES NINE,0.3304,0.0074,0.6622
SPADES NINE DIAMONDS SEVEN,0.5614,0.0198,0.4188
HEARTS TWO DIAMONDS EIGHT,0.6292,0.0178,0.353
HEARTS ACE CLUBS KING,0.3138,0.0046,0.6816
CLUBS THREE DIAMONDS TEN,0.7058,0.0612,0.233
SPADES EIGHT DIAMONDS SIX,0.5566,0.0202,0.4232
CLUBS SIX DIAMONDS KING,0.3646,0.0084,0.627
HEARTS SIX CLUBS THREE,0.6908,0.057,0.2522
SPADES JACK DIAMONDS SIX,0.2298,0.377,0.3932
DIAMONDS THREE DIAMONDS FOUR,0.6354,0.0588,0.3058
DIAMONDS THREE HEARTS FOUR,0.6772,0.0568,0.266
HEARTS FOUR SPADES THREE,0.6602,0.0644,0.2754
DIAMONDS THREE SPADES JACK,0.0202,0.9702,0.0096
CLUBS SEVEN CLUBS QUEEN,0.345,0.0106,0.6444
HEARTS SIX DIAMONDS QUEEN,0.3596,0.0112,0.6292
DIAMONDS NINE SPADES TWO,0.6262,0.023,0.3508
DIAMONDS THREE HEARTS FIVE,0.6706,0.0596,0.2698
DIAMONDS TEN DIAMONDS NINE,0.51,0.0148,0.4752
HEARTS TWO CLUBS FOUR,0.6096,0.023,0.3674
DIAMONDS TEN HEARTS KING,0.3342,0.0068,0.659
HEARTS EIGHT HEARTS TEN,0.5084,0.0182,0.4734
DIAMONDS THREE DIAMONDS EIGHT,0.6836,0.0538,0.2626
CLUBS SEVEN SPADES SIX,0.5552,0.02,0.4248
CLUBS TEN CLUBS KING,0.3126,0.0054,0.682
HEARTS SIX CLUBS SIX,0.306,0.04,0.654
CLUBS FIVE HEARTS JACK,0.2154,0.4698,0.3148
CLUBS SIX HEARTS TEN,0.5718,0.0208,0.4074
CLUBS THREE DIAMONDS SEVEN,0.6988,0.0542,0.247
SPADES QUEEN DIAMONDS ACE,0.309,0.0058,0.6852
HEARTS EIGHT SPADES TEN,0.5422,0.0152,0.4426
HEARTS QUEEN CLUBS QUEEN,0.1328,0.0114,0.8558
HEARTS FOUR SPADES NINE,0.5848,0.0202,0.395
DIAMONDS SEVEN DIAMONDS FOUR,0.5428,0.021,0.4362
SPADES EIGHT SPADES FOUR,0.5446,0.0198,0.4356
SPADES SEVEN SPADES FOUR,0.541,0.017,0.442
CLUBS TWO DIAMONDS EIGHT,0.6238,0.0188,0.3574
SPADES JACK SPADES FOUR,0.2184,0.4762,0.3054
CLUBS FOUR HEARTS TEN,0.5926,0.0154,0.392
HEARTS SEVEN CLUBS QUEEN,0.369,0.0096,0.6214
CLUBS NINE HEARTS FIVE,0.5718,0.019,0.4092
SPADES EIGHT CLUBS TWO,0.6086,0.0186,0.3728
SPADES SEVEN DIAMONDS SIX,0.5424,0.0178,0.4398
CLUBS QUEEN HEARTS NINE,0.3422,0.0106,0.6472
CLUBS TWO DIAMONDS FOUR,0.6124,0.0248,0.3628
DIAMONDS KING DIAMONDS NINE,0.3346,0.009,0.6564
HEARTS EIGHT SPADES SIX,0.5412,0.0178,0.441
DIAMONDS ACE DIAMONDS EIGHT,0.3456,0.0056,0.6488
HEARTS FIVE CLUBS TWO,0.6004,0.0234,0.3762
SPADES EIGHT SPADES TWO,0.5806,0.0212,0.3982
CLUBS THREE CLUBS TWO,0.6578,0.0548,0.2874
SPADES JACK SPADES SIX,0.2118,0.357,0.4312
SPADES EIGHT CLUBS THREE,0.6958,0.058,0.2462
HEARTS EIGHT DIAMONDS THREE,0.7086,0.0578,0.2336
SPADES NINE DIAMONDS FIVE,0.5858,0.0172,0.397
DIAMONDS TWO SPADES FOUR,0.6042,0.0208,0.375
SPADES THREE CLUBS KING,0.2384,0.033,0.7286
CLUBS JACK HEARTS ACE,0.221,0.0258,0.7532
DIAMONDS KING SPADES FIVE,0.3528,0.0086,0.6386
CLUBS JACK SPADES KING,0.2254,0.031,0.7436
CLUBS FIVE HEARTS QUEEN,0.3414,0.0148,0.6438
SPADES JACK CLUBS ACE,0.23,0.0196,0.7504
SPADES FOUR HEARTS ACE,0.3404,0.006,0.6536
CLUBS TEN CLUBS FOUR,0.551,0.0162,0.4328
HEARTS QUEEN CLUBS KING,0.315,0.007,0.678
DIAMONDS THREE CLUBS FIVE,0.657,0.0638,0.2792
CLUBS TEN SPADES TWO,0.6252,0.023,0.3518
CLUBS NINE SPADES TWO,0.6242,0.0186,0.3572
SPADES TEN DIAMONDS KING,0.3222,0.0082,0.6696
SPADES NINE SPADES EIGHT,0.5084,0.014,0.4776
HEARTS FOUR DIAMONDS TEN,0.5994,0.0218,0.3788
SPADES QUEEN HEARTS QUEEN,0.1326,0.0096,0.8578
CLUBS TEN SPADES QUEEN,0.3348,0.01,0.6552
DIAMONDS THREE SPADES SEVEN,0.686,0.0556,0.2584
DIAMONDS ACE CLUBS TWO,0.3686,0.0056,0.6258
HEARTS FOUR CLUBS ACE,0.3516,0.0046,0.6438
SPADES KING DIAMONDS KING,0.122,0.006,0.872
HEARTS SIX HEARTS FOUR,0.5294,0.0176,0.453
CLUBS JACK CLUBS QUEEN,0.2224,0.0454,0.7322
CLUBS JACK CLUBS FOUR,0.2028,0.4864,0.3108
HEARTS SIX DIAMONDS KING,0.3534,0.0086,0.638
SPADES JACK DIAMONDS QUEEN,0.217,0.04,0.743
SPADES ACE DIAMONDS ACE,0.1244,0.005,0.8706
SPADES TEN DIAMONDS ACE,0.3444,0.0046,0.651
CLUBS JACK HEARTS KING,0.2388,0.0296,0.7316
CLUBS FIVE CLUBS QUEEN,0.3364,0.0092,0.6544
CLUBS SIX HEARTS JACK,0.2216,0.3882,0.3902
CLUBS THREE HEARTS NINE,0.714,0.0566,0.2294
SPADES EIGHT SPADES THREE,0.6548,0.0498,0.2954
SPADES TEN HEARTS TWO,0.6356,0.0176,0.3468
DIAMONDS TWO HEARTS KING,0.3864,0.01,0.6036
SPADES ACE DIAMONDS FIVE,0.3492,0.0062,0.6446
HEARTS FIVE SPADES SIX,0.5608,0.0202,0.419
SPADES FIVE HEARTS ACE,0.3438,0.0054,0.6508
DIAMONDS KING CLUBS QUEEN,0.2968,0.0082,0.695
CLUBS JACK SPADES FOUR,0.2246,0.5166,0.2588
SPADES TEN HEARTS JACK,0.2268,0.1194,0.6538
SPADES NINE CLUBS THREE,0.6958,0.0592,0.245
DIAMONDS ACE DIAMONDS NINE,0.3518,0.0056,0.6426
HEARTS QUEEN DIAMONDS FIVE,0.3602,0.0118,0.628
HEARTS FIVE DIAMONDS SIX,0.551,0.0194,0.4296
HEARTS SIX CLUBS QUEEN,0.3568,0.009,0.6342
SPADES KING CLUBS SEVEN,0.3524,0.008,0.6396
CLUBS SEVEN HEARTS TEN,0.5528,0.0132,0.434
CLUBS FOUR DIAMONDS FIVE,0.558,0.0186,0.4234
SPADES SEVEN CLUBS ACE,0.3706,0.0034,0.626
CLUBS JACK DIAMONDS KING,0.2262,0.0314,0.7424
DIAMONDS SEVEN CLUBS ACE,0.362,0.0046,0.6334
CLUBS FIVE DIAMONDS QUEEN,0.358,0.012,0.63
SPADES JACK DIAMONDS FOUR,0.2148,0.527,0.2582
CLUBS TEN HEARTS TWO,0.6236,0.0182,0.3582
HEARTS EIGHT SPADES QUEEN,0.3482,0.009,0.6428
CLUBS NINE DIAMONDS SIX,0.57,0.0198,0.4102
HEARTS SEVEN SPADES SEVEN,0.2984,0.0396,0.662
CLUBS EIGHT SPADES THREE,0.6956,0.0608,0.2436
HEARTS SEVEN DIAMONDS ACE,0.3516,0.0044,0.644
HEARTS QUEEN DIAMONDS FOUR,0.3564,0.012,0.6316
SPADES KING SPADES FIVE,0.333,0.0084,0.6586
SPADES KING DIAMONDS FOUR,0.3726,0.0084,0.619
HEARTS ACE SPADES TWO,0.3778,0.0044,0.6178
HEARTS FOUR SPADES SIX,0.562,0.02,0.418
SPADES FOUR DIAMONDS FIVE,0.5582,0.022,0.4198
SPADES ACE CLUBS TEN,0.3356,0.0052,0.6592
SPADES SEVEN DIAMONDS EIGHT,0.5404,0.0174,0.4422
DIAMONDS SEVEN HEARTS TEN,0.5526,0.0162,0.4312
SPADES QUEEN SPADES EIGHT,0.3258,0.0106,0.6636
SPADES ACE SPADES SIX,0.3284,0.0062,0.6654
SPADES QUEEN HEARTS NINE,0.3356,0.01,0.6544
SPADES JACK CLUBS SIX,0.2338,0.3768,0.3894
DIAMONDS ACE DIAMONDS TEN,0.3344,0.0054,0.6602
HEARTS SEVEN HEARTS JACK,0.22,0.2854,0.4946
SPADES TEN SPADES FIVE,0.5496,0.0162,0.4342
CLUBS TEN HEARTS QUEEN,0.328,0.0112,0.6608
DIAMONDS TWO CLUBS SEVEN,0.6234,0.02,0.3566
SPADES TEN SPADES SEVEN,0.5124,0.0144,0.4732
DIAMONDS THREE SPADES FOUR,0.6574,0.0592,0.2834
DIAMONDS ACE CLUBS QUEEN,0.325,0.0054,0.6696
CLUBS EIGHT DIAMONDS FOUR,0.5782,0.0194,0.4024
HEARTS SEVEN DIAMONDS QUEEN,0.3582,0.0114,0.6304
CLUBS ACE HEARTS NINE,0.3582,0.0052,0.6366
HEARTS KING DIAMONDS SEVEN,0.3576,0.0062,0.6362
DIAMONDS THREE SPADES SIX,0.691,0.0564,0.2526
HEARTS FIVE HEARTS TWO,0.574,0.0226,0.4034
DIAMONDS THREE DIAMONDS SEVEN,0.651,0.0576,0.2914
HEARTS FOUR HEARTS TEN,0.5576,0.019,0.4234
HEARTS ACE DIAMONDS FOUR,0.3484,0.0042,0.6474
HEARTS TWO DIAMONDS ACE,0.3856,0.0046,0.6098
DIAMONDS TWO DIAMONDS NINE,0.603,0.0188,0.3782
SPADES JACK CLUBS THREE,0.0204,0.9572,0.0224
HEARTS EIGHT HEARTS ACE,0.3338,0.0048,0.6614
HEARTS FOUR SPADES EIGHT,0.5708,0.0214,0.4078
CLUBS EIGHT CLUBS SEVEN,0.5014,0.0152,0.4834
DIAMONDS THREE DIAMONDS QUEEN,0.2226,0.044,0.7334
DIAMONDS ACE HEARTS TEN,0.3398,0.0056,0.6546
HEARTS SIX SPADES NINE,0.5672,0.0174,0.4154
CLUBS SEVEN CLUBS KING,0.3474,0.0058,0.6468
CLUBS NINE HEARTS QUEEN,0.332,0.0138,0.6542
CLUBS TWO HEARTS TEN,0.619,0.0222,0.3588
CLUBS NINE CLUBS THREE,0.6696,0.0556,0.2748
SPADES ACE SPADES KING,0.2946,0.0048,0.7006
HEARTS FIVE SPADES EIGHT,0.554,0.017,0.429
SPADES EIGHT DIAMONDS KING,0.3548,0.0064,0.6388
CLUBS FIVE DIAMONDS FIVE,0.3194,0.0466,0.634
HEARTS QUEEN HEARTS TEN,0.312,0.008,0.68
SPADES NINE SPADES FIVE,0.5384,0.0174,0.4442
HEARTS JACK DIAMONDS SIX,0.227,0.3828,0.3902
DIAMONDS ACE DIAMONDS FOUR,0.3244,0.005,0.6706
HEARTS SEVEN HEARTS QUEEN,0.3512,0.0086,0.6402
SPADES KING CLUBS KING,0.1352,0.0076,0.8572
HEARTS EIGHT DIAMONDS SIX,0.5566,0.0208,0.4226
CLUBS NINE DIAMONDS NINE,0.296,0.0292,0.6748
CLUBS TEN SPADES FIVE,0.5886,0.0186,0.3928
HEARTS FIVE SPADES FOUR,0.5504,0.0196,0.43
DIAMONDS SEVEN CLUBS QUEEN,0.3652,0.011,0.6238
HEARTS SIX CLUBS FIVE,0.5586,0.0192,0.4222
SPADES TEN SPADES THREE,0.6602,0.0556,0.2842
DIAMONDS THREE SPADES KING,0.2372,0.0378,0.725
DIAMONDS QUEEN CLUBS KING,0.3126,0.0076,0.6798
CLUBS SIX SPADES SIX,0.3026,0.0422,0.6552
CLUBS NINE CLUBS SEVEN,0.524,0.0204,0.4556
SPADES ACE HEARTS SEVEN,0.3564,0.0036,0.64
CLUBS TEN DIAMONDS NINE,0.5432,0.0158,0.441
CLUBS SEVEN SPADES FOUR,0.5668,0.0218,0.4114
SPADES KING HEARTS JACK,0.2274,0.0302,0.7424
SPADES JACK HEARTS TEN,0.227,0.125,0.648
CLUBS JACK HEARTS TWO,0.2694,0.5312,0.1994
