opposingHand,winningChance,drawChance,lostChance
HEARTS FIVE CLUBS FOUR
CLUBS JACK SPADES FIVE,0.271,0.063,0.666
CLUBS TEN SPADES FIVE,0.2834,0.0772,0.6394
CLUBS JACK CLUBS EIGHT,0.3572,0.0206,0.6222
CLUBS TEN CLUBS EIGHT,0.3378,0.031,0.6312
CLUBS EIGHT CLUBS KING,0.3718,0.0074,0.6208
SPADES FIVE CLUBS ACE,0.2578,0.0254,0.7168
CLUBS EIGHT CLUBS QUEEN,0.3644,0.01,0.6256
SPADES FIVE CLUBS KING,0.2846,0.039,0.6764
SPADES FIVE CLUBS QUEEN,0.2836,0.0524,0.664
CLUBS EIGHT CLUBS ACE,0.3622,0.0056,0.6322
DIAMONDS TWO DIAMONDS THREE,0.4446,0.2174,0.338
DIAMONDS TWO DIAMONDS FIVE,0.269,0.468,0.263
DIAMONDS TWO DIAMONDS FOUR,0.3846,0.3474,0.268
DIAMONDS TWO DIAMONDS SEVEN,0.4088,0.092,0.4992
DIAMONDS TWO DIAMONDS SIX,0.378,0.158,0.464
DIAMONDS TWO DIAMONDS NINE,0.4066,0.0424,0.551
DIAMONDS TWO DIAMONDS EIGHT,0.395,0.0652,0.5398
DIAMONDS THREE DIAMONDS FOUR,0.3906,0.3428,0.2666
CLUBS TWO SPADES FOUR,0.4328,0.3574,0.2098
DIAMONDS THREE DIAMONDS FIVE,0.254,0.485,0.261
SPADES FIVE CLUBS TWO,0.2916,0.5006,0.2078
CLUBS TWO SPADES TWO,0.3628,0.1468,0.4904
CLUBS TWO SPADES THREE,0.4656,0.2338,0.3006
DIAMONDS THREE DIAMONDS EIGHT,0.3924,0.0628,0.5448
SPADES EIGHT CLUBS TWO,0.4388,0.0666,0.4946
DIAMONDS THREE DIAMONDS NINE,0.3926,0.0488,0.5586
SPADES NINE CLUBS TWO,0.4338,0.049,0.5172
DIAMONDS THREE DIAMONDS SIX,0.384,0.149,0.467
SPADES SIX CLUBS TWO,0.414,0.1722,0.4138
DIAMONDS THREE DIAMONDS SEVEN,0.3944,0.0976,0.508
SPADES SEVEN CLUBS TWO,0.4374,0.1082,0.4544
CLUBS SIX CLUBS TWO,0.4056,0.1496,0.4448
CLUBS SEVEN CLUBS TWO,0.4014,0.0978,0.5008
CLUBS FIVE CLUBS TWO,0.2668,0.4808,0.2524
CLUBS TEN CLUBS JACK,0.3338,0.015,0.6512
DIAMONDS FOUR DIAMONDS SIX,0.238,0.2554,0.5066
CLUBS TEN CLUBS QUEEN,0.3426,0.0096,0.6478
DIAMONDS FOUR DIAMONDS SEVEN,0.246,0.1938,0.5602
CLUBS TEN CLUBS KING,0.3446,0.0108,0.6446
CLUBS TEN CLUBS ACE,0.3432,0.008,0.6488
CLUBS EIGHT CLUBS TWO,0.4126,0.0642,0.5232
DIAMONDS FIVE DIAMONDS FOUR,0.0222,0.9082,0.0696
CLUBS NINE CLUBS TWO,0.4096,0.045,0.5454
DIAMONDS NINE DIAMONDS FOUR,0.2764,0.097,0.6266
DIAMONDS EIGHT DIAMONDS FOUR,0.2678,0.1408,0.5914
CLUBS THREE CLUBS TWO,0.4378,0.233,0.3292
DIAMONDS NINE DIAMONDS FIVE,0.257,0.114,0.629
CLUBS JACK DIAMONDS TWO,0.4402,0.0212,0.5386
DIAMONDS EIGHT DIAMONDS FIVE,0.2582,0.1484,0.5934
CLUBS TEN DIAMONDS TWO,0.4236,0.0266,0.5498
DIAMONDS FIVE DIAMONDS SEVEN,0.252,0.1872,0.5608
DIAMONDS FIVE DIAMONDS SIX,0.2434,0.2562,0.5004
DIAMONDS TWO CLUBS ACE,0.4104,0.0066,0.583
DIAMONDS TWO CLUBS KING,0.4238,0.0098,0.5664
DIAMONDS TWO CLUBS QUEEN,0.4334,0.0126,0.554
DIAMONDS EIGHT DIAMONDS SIX,0.3346,0.0604,0.605
DIAMONDS NINE DIAMONDS SIX,0.3476,0.0432,0.6092
HEARTS ACE SPADES THREE,0.4118,0.007,0.5812
SPADES THREE HEARTS KING,0.4184,0.01,0.5716
DIAMONDS SEVEN DIAMONDS SIX,0.3298,0.0972,0.573
HEARTS QUEEN SPADES THREE,0.4256,0.0136,0.5608
SPADES THREE HEARTS JACK,0.4192,0.0174,0.5634
SPADES THREE HEARTS TEN,0.4216,0.0286,0.5498
DIAMONDS EIGHT DIAMONDS SEVEN,0.3446,0.0554,0.6
DIAMONDS NINE DIAMONDS SEVEN,0.344,0.041,0.615
DIAMONDS NINE DIAMONDS EIGHT,0.3262,0.0344,0.6394
DIAMONDS KING HEARTS TEN,0.363,0.0088,0.6282
HEARTS THREE HEARTS TEN,0.3886,0.0294,0.582
SPADES JACK CLUBS SIX,0.371,0.0242,0.6048
DIAMONDS KING HEARTS JACK,0.3672,0.0084,0.6244
HEARTS THREE HEARTS JACK,0.4082,0.0214,0.5704
SPADES TEN CLUBS SIX,0.3696,0.0258,0.6046
SPADES JACK SPADES FIVE,0.2772,0.0574,0.6654
SPADES TEN SPADES FIVE,0.2652,0.075,0.6598
DIAMONDS KING HEARTS ACE,0.3688,0.004,0.6272
HEARTS THREE HEARTS ACE,0.3886,0.004,0.6074
SPADES ACE CLUBS SIX,0.369,0.0038,0.6272
DIAMONDS KING HEARTS QUEEN,0.3646,0.0082,0.6272
HEARTS THREE HEARTS QUEEN,0.4014,0.0148,0.5838
SPADES KING CLUBS SIX,0.3572,0.0076,0.6352
DIAMONDS KING HEARTS KING,0.1958,0.0192,0.785
HEARTS THREE HEARTS KING,0.3878,0.0094,0.6028
SPADES QUEEN CLUBS SIX,0.3772,0.0148,0.608
SPADES NINE HEARTS TEN,0.3362,0.025,0.6388
SPADES NINE HEARTS JACK,0.3654,0.015,0.6196
SPADES QUEEN SPADES FIVE,0.2704,0.0428,0.6868
SPADES KING SPADES FIVE,0.2718,0.038,0.6902
SPADES ACE SPADES FIVE,0.2508,0.0238,0.7254
SPADES NINE HEARTS QUEEN,0.3646,0.0108,0.6246
SPADES NINE HEARTS KING,0.3686,0.008,0.6234
SPADES NINE HEARTS ACE,0.3654,0.0048,0.6298
CLUBS TEN SPADES JACK,0.3626,0.0188,0.6186
CLUBS TEN SPADES TEN,0.1862,0.0644,0.7494
SPADES ACE CLUBS TEN,0.3674,0.004,0.6286
CLUBS TEN SPADES KING,0.3682,0.006,0.6258
CLUBS TEN SPADES QUEEN,0.366,0.013,0.621
SPADES FIVE HEARTS QUEEN,0.2872,0.052,0.6608
SPADES FIVE HEARTS KING,0.2856,0.038,0.6764
HEARTS ACE SPADES FIVE,0.2638,0.0298,0.7064
CLUBS EIGHT SPADES TEN,0.3622,0.0282,0.6096
HEARTS THREE SPADES JACK,0.4322,0.0236,0.5442
SPADES JACK DIAMONDS KING,0.3682,0.0078,0.624
SPADES TEN DIAMONDS KING,0.3718,0.0072,0.621
HEARTS THREE SPADES TEN,0.4176,0.0324,0.55
CLUBS EIGHT SPADES JACK,0.3602,0.0162,0.6236
CLUBS SIX HEARTS ACE,0.3662,0.0046,0.6292
SPADES ACE CLUBS EIGHT,0.3702,0.0046,0.6252
CLUBS SIX HEARTS QUEEN,0.3694,0.0154,0.6152
SPADES QUEEN CLUBS EIGHT,0.3768,0.0108,0.6124
CLUBS TEN SPADES THREE,0.4064,0.0298,0.5638
CLUBS SIX HEARTS KING,0.3642,0.008,0.6278
SPADES KING CLUBS EIGHT,0.3738,0.0062,0.62
CLUBS JACK SPADES THREE,0.4164,0.019,0.5646
DIAMONDS TWO HEARTS JACK,0.4414,0.0222,0.5364
SPADES THREE CLUBS QUEEN,0.4162,0.0144,0.5694
DIAMONDS TWO HEARTS TEN,0.4214,0.028,0.5506
SPADES THREE CLUBS KING,0.4222,0.0106,0.5672
SPADES FIVE HEARTS TEN,0.2916,0.0778,0.6306
SPADES THREE CLUBS ACE,0.4188,0.0048,0.5764
SPADES FIVE HEARTS JACK,0.2912,0.0592,0.6496
HEARTS THREE CLUBS KING,0.4262,0.0056,0.5682
DIAMONDS KING CLUBS KING,0.1754,0.0226,0.802
HEARTS THREE CLUBS QUEEN,0.4296,0.0146,0.5558
DIAMONDS KING CLUBS QUEEN,0.3654,0.0068,0.6278
HEARTS THREE CLUBS ACE,0.4094,0.0058,0.5848
DIAMONDS KING CLUBS ACE,0.3754,0.0056,0.619
SPADES ACE CLUBS QUEEN,0.3804,0.0064,0.6132
SPADES KING CLUBS QUEEN,0.3536,0.0058,0.6406
CLUBS JACK HEARTS THREE,0.4284,0.0198,0.5518
CLUBS JACK DIAMONDS KING,0.3786,0.0088,0.6126
SPADES QUEEN CLUBS QUEEN,0.178,0.0352,0.7868
CLUBS TEN HEARTS THREE,0.417,0.0322,0.5508
CLUBS TEN DIAMONDS KING,0.3656,0.0092,0.6252
SPADES JACK CLUBS QUEEN,0.3636,0.013,0.6234
CLUBS SIX CLUBS QUEEN,0.3492,0.0146,0.6362
SPADES TEN CLUBS QUEEN,0.3662,0.0096,0.6242
CLUBS SIX CLUBS KING,0.353,0.011,0.636
CLUBS SIX CLUBS ACE,0.3684,0.005,0.6266
CLUBS TEN CLUBS SIX,0.3638,0.0312,0.605
CLUBS JACK CLUBS SIX,0.3704,0.021,0.6086
SPADES SEVEN HEARTS JACK,0.375,0.021,0.604
SPADES SEVEN HEARTS TEN,0.3596,0.0282,0.6122
DIAMONDS TWO CLUBS TWO,0.3664,0.1426,0.491
DIAMONDS TWO CLUBS THREE,0.4534,0.2354,0.3112
DIAMONDS TWO HEARTS SIX,0.407,0.1674,0.4256
DIAMONDS TWO HEARTS QUEEN,0.4164,0.0158,0.5678
HEARTS SEVEN DIAMONDS TWO,0.4192,0.1012,0.4796
DIAMONDS TWO HEARTS KING,0.4322,0.0088,0.559
DIAMONDS TWO HEARTS EIGHT,0.425,0.0656,0.5094
DIAMONDS TWO HEARTS ACE,0.4242,0.0066,0.5692
DIAMONDS TWO HEARTS NINE,0.4218,0.0468,0.5314
DIAMONDS TWO DIAMONDS QUEEN,0.3894,0.0152,0.5954
DIAMONDS TWO HEARTS TWO,0.3504,0.1534,0.4962
DIAMONDS TWO DIAMONDS KING,0.3936,0.0082,0.5982
HEARTS THREE DIAMONDS TWO,0.4726,0.2376,0.2898
DIAMONDS TWO DIAMONDS ACE,0.3838,0.0056,0.6106
HEARTS FOUR DIAMONDS TWO,0.4176,0.3716,0.2108
SPADES SEVEN HEARTS ACE,0.3516,0.0046,0.6438
DIAMONDS TWO DIAMONDS TEN,0.3968,0.029,0.5742
SPADES SEVEN HEARTS KING,0.3658,0.0084,0.6258
DIAMONDS TWO DIAMONDS JACK,0.4032,0.0176,0.5792
SPADES SEVEN HEARTS QUEEN,0.3712,0.0128,0.616
DIAMONDS TWO SPADES NINE,0.4302,0.0512,0.5186
DIAMONDS TWO SPADES EIGHT,0.4214,0.0708,0.5078
DIAMONDS TWO SPADES SEVEN,0.43,0.1042,0.4658
DIAMONDS TWO SPADES SIX,0.4038,0.1668,0.4294
DIAMONDS TWO SPADES FIVE,0.2896,0.4958,0.2146
DIAMONDS TWO SPADES FOUR,0.4118,0.366,0.2222
DIAMONDS TWO SPADES THREE,0.4644,0.2384,0.2972
DIAMONDS TWO SPADES TWO,0.3716,0.1448,0.4836
DIAMONDS TWO CLUBS NINE,0.427,0.05,0.523
CLUBS EIGHT DIAMONDS TWO,0.4338,0.0704,0.4958
DIAMONDS TWO CLUBS SEVEN,0.4228,0.1004,0.4768
DIAMONDS TWO CLUBS SIX,0.4262,0.1666,0.4072
DIAMONDS TWO CLUBS FIVE,0.2788,0.5036,0.2176
SPADES ACE DIAMONDS SIX,0.385,0.0038,0.6112
SPADES QUEEN DIAMONDS SIX,0.3908,0.0098,0.5994
SPADES KING DIAMONDS SIX,0.3748,0.0078,0.6174
SPADES TEN DIAMONDS SIX,0.3664,0.0286,0.605
SPADES JACK DIAMONDS SIX,0.3804,0.0194,0.6002
SPADES QUEEN SPADES TWO,0.4082,0.0132,0.5786
SPADES KING SPADES TWO,0.3986,0.0102,0.5912
SPADES ACE SPADES TWO,0.398,0.0038,0.5982
CLUBS JACK DIAMONDS JACK,0.1794,0.0494,0.7712
CLUBS TEN DIAMONDS JACK,0.371,0.0164,0.6126
DIAMONDS JACK CLUBS KING,0.358,0.0062,0.6358
DIAMONDS JACK CLUBS QUEEN,0.3582,0.011,0.6308
DIAMONDS THREE DIAMONDS JACK,0.395,0.0218,0.5832
DIAMONDS THREE DIAMONDS TEN,0.3892,0.032,0.5788
DIAMONDS JACK CLUBS ACE,0.3744,0.0044,0.6212
DIAMONDS THREE DIAMONDS KING,0.4068,0.007,0.5862
HEARTS THREE DIAMONDS THREE,0.3458,0.1418,0.5124
DIAMONDS THREE DIAMONDS QUEEN,0.394,0.0138,0.5922
DIAMONDS THREE HEARTS TWO,0.4816,0.2286,0.2898
DIAMONDS THREE DIAMONDS ACE,0.3852,0.0062,0.6086
HEARTS FOUR DIAMONDS THREE,0.4046,0.3672,0.2282
HEARTS SEVEN DIAMONDS THREE,0.3984,0.1096,0.492
SPADES TEN SPADES NINE,0.3294,0.0238,0.6468
HEARTS SIX DIAMONDS THREE,0.3996,0.1622,0.4382
SPADES JACK SPADES NINE,0.3466,0.0142,0.6392
DIAMONDS THREE HEARTS NINE,0.4052,0.0414,0.5534
HEARTS JACK DIAMONDS FOUR,0.2854,0.0636,0.651
HEARTS ACE HEARTS KING,0.3504,0.0052,0.6444
SPADES TEN SPADES TWO,0.4004,0.028,0.5716
DIAMONDS THREE HEARTS EIGHT,0.4148,0.07,0.5152
HEARTS TEN DIAMONDS FOUR,0.2846,0.0848,0.6306
SPADES JACK SPADES TWO,0.409,0.0216,0.5694
HEARTS QUEEN DIAMONDS FOUR,0.2948,0.046,0.6592
HEARTS KING DIAMONDS FOUR,0.2874,0.0328,0.6798
SPADES ACE SPADES NINE,0.3482,0.0048,0.647
HEARTS ACE DIAMONDS FOUR,0.2626,0.023,0.7144
SPADES KING SPADES NINE,0.355,0.0074,0.6376
SPADES QUEEN SPADES NINE,0.3488,0.0136,0.6376
DIAMONDS THREE SPADES NINE,0.4302,0.0474,0.5224
DIAMONDS THREE SPADES EIGHT,0.4192,0.0658,0.515
DIAMONDS THREE SPADES SEVEN,0.4154,0.1058,0.4788
DIAMONDS THREE SPADES SIX,0.402,0.156,0.442
DIAMONDS THREE CLUBS SIX,0.3962,0.1574,0.4464
CLUBS SIX CLUBS FIVE,0.2312,0.257,0.5118
CLUBS ACE DIAMONDS FOUR,0.2718,0.0254,0.7028
DIAMONDS THREE CLUBS SEVEN,0.409,0.1052,0.4858
CLUBS SEVEN CLUBS FIVE,0.2544,0.1924,0.5532
DIAMONDS FOUR CLUBS QUEEN,0.2798,0.0468,0.6734
DIAMONDS THREE CLUBS FIVE,0.2664,0.5134,0.2202
DIAMONDS FOUR CLUBS KING,0.2852,0.034,0.6808
DIAMONDS THREE CLUBS TWO,0.4566,0.2452,0.2982
CLUBS TEN DIAMONDS FOUR,0.2952,0.0918,0.613
DIAMONDS THREE CLUBS THREE,0.3386,0.154,0.5074
CLUBS JACK DIAMONDS FOUR,0.2942,0.0554,0.6504
DIAMONDS THREE SPADES FOUR,0.419,0.3582,0.2228
DIAMONDS THREE SPADES FIVE,0.2808,0.5052,0.214
DIAMONDS THREE SPADES TWO,0.4584,0.2308,0.3108
DIAMONDS THREE SPADES THREE,0.3526,0.145,0.5024
CLUBS EIGHT DIAMONDS THREE,0.4194,0.0696,0.511
CLUBS NINE DIAMONDS THREE,0.413,0.0474,0.5396
SPADES SEVEN CLUBS ACE,0.3628,0.0048,0.6324
SPADES SEVEN CLUBS QUEEN,0.3744,0.011,0.6146
SPADES SEVEN CLUBS KING,0.3726,0.0084,0.619
SPADES SEVEN CLUBS FIVE,0.2466,0.2046,0.5488
CLUBS TEN SPADES SEVEN,0.3802,0.0248,0.595
CLUBS FIVE SPADES SIX,0.2376,0.2712,0.4912
CLUBS JACK SPADES SEVEN,0.3606,0.018,0.6214
SPADES NINE CLUBS FIVE,0.2644,0.1188,0.6168
SPADES EIGHT CLUBS FIVE,0.271,0.1496,0.5794
CLUBS FIVE SPADES THREE,0.2738,0.5098,0.2164
CLUBS FIVE SPADES TWO,0.275,0.5042,0.2208
CLUBS FIVE SPADES FIVE,0.1152,0.1296,0.7552
CLUBS FIVE SPADES FOUR,0.011,0.9726,0.0164
CLUBS NINE CLUBS FIVE,0.2588,0.1066,0.6346
CLUBS EIGHT CLUBS FIVE,0.2624,0.1492,0.5884
CLUBS ACE CLUBS QUEEN,0.3626,0.004,0.6334
CLUBS KING CLUBS QUEEN,0.3656,0.0064,0.628
DIAMONDS TEN DIAMONDS FOUR,0.2664,0.079,0.6546
CLUBS TEN DIAMONDS NINE,0.3342,0.0226,0.6432
DIAMONDS JACK DIAMONDS FOUR,0.282,0.0612,0.6568
CLUBS JACK DIAMONDS NINE,0.3776,0.0184,0.604
CLUBS JACK SPADES NINE,0.3706,0.0174,0.612
CLUBS TEN SPADES NINE,0.3504,0.025,0.6246
DIAMONDS ACE DIAMONDS FOUR,0.2596,0.0226,0.7178
HEARTS FOUR DIAMONDS FOUR,0.2778,0.1164,0.6058
DIAMONDS JACK HEARTS TEN,0.3626,0.0146,0.6228
SPADES NINE CLUBS KING,0.3718,0.008,0.6202
DIAMONDS TWO SPADES TEN,0.4238,0.0284,0.5478
DIAMONDS NINE CLUBS ACE,0.364,0.004,0.632
DIAMONDS JACK HEARTS JACK,0.1854,0.0502,0.7644
SPADES NINE CLUBS QUEEN,0.3722,0.0122,0.6156
DIAMONDS TWO SPADES JACK,0.4224,0.018,0.5596
DIAMONDS QUEEN DIAMONDS FOUR,0.2696,0.0412,0.6892
HEARTS TWO DIAMONDS FOUR,0.4136,0.373,0.2134
DIAMONDS NINE CLUBS QUEEN,0.3652,0.013,0.6218
DIAMONDS KING DIAMONDS FOUR,0.2622,0.0306,0.7072
HEARTS THREE DIAMONDS FOUR,0.4214,0.3626,0.216
SPADES NINE CLUBS ACE,0.3704,0.0054,0.6242
DIAMONDS NINE CLUBS KING,0.367,0.0072,0.6258
HEARTS ACE DIAMONDS JACK,0.3582,0.0052,0.6366
SPADES ACE DIAMONDS TWO,0.4216,0.0048,0.5736
HEARTS QUEEN DIAMONDS JACK,0.369,0.0096,0.6214
SPADES QUEEN DIAMONDS TWO,0.4364,0.0138,0.5498
DIAMONDS JACK HEARTS KING,0.3624,0.0088,0.6288
SPADES KING DIAMONDS TWO,0.4306,0.009,0.5604
SPADES JACK SPADES SEVEN,0.3474,0.0218,0.6308
SPADES TEN SPADES SEVEN,0.3462,0.0252,0.6286
CLUBS SEVEN CLUBS THREE,0.395,0.101,0.504
CLUBS SIX CLUBS THREE,0.3744,0.154,0.4716
CLUBS THREE CLUBS FIVE,0.2506,0.4986,0.2508
CLUBS NINE CLUBS THREE,0.4112,0.0416,0.5472
CLUBS EIGHT CLUBS THREE,0.4022,0.0678,0.53
CLUBS THREE SPADES FIVE,0.2792,0.5088,0.212
CLUBS THREE SPADES FOUR,0.408,0.3772,0.2148
CLUBS THREE SPADES THREE,0.3386,0.156,0.5054
CLUBS THREE SPADES TWO,0.4598,0.249,0.2912
CLUBS THREE SPADES SIX,0.4032,0.1668,0.43
CLUBS THREE SPADES SEVEN,0.409,0.1106,0.4804
SPADES EIGHT CLUBS THREE,0.4122,0.0706,0.5172
SPADES NINE CLUBS THREE,0.4134,0.0452,0.5414
SPADES TWO DIAMONDS FOUR,0.4168,0.3678,0.2154
SPADES THREE DIAMONDS FOUR,0.4088,0.3666,0.2246
SPADES FOUR DIAMONDS FOUR,0.2778,0.1182,0.604
SPADES FIVE DIAMONDS FOUR,0.0238,0.9534,0.0228
SPADES SIX DIAMONDS FOUR,0.2558,0.2774,0.4668
SPADES SEVEN DIAMONDS FOUR,0.2508,0.205,0.5442
SPADES EIGHT DIAMONDS FOUR,0.2806,0.14,0.5794
SPADES NINE DIAMONDS FOUR,0.299,0.1006,0.6004
CLUBS FIVE DIAMONDS FOUR,0.012,0.9668,0.0212
CLUBS SEVEN DIAMONDS FOUR,0.2638,0.2018,0.5344
CLUBS SIX DIAMONDS FOUR,0.2368,0.2916,0.4716
CLUBS NINE DIAMONDS FOUR,0.2862,0.1074,0.6064
CLUBS EIGHT DIAMONDS FOUR,0.2776,0.1388,0.5836
HEARTS SEVEN DIAMONDS FOUR,0.2616,0.2042,0.5342
HEARTS SIX DIAMONDS FOUR,0.2494,0.2794,0.4712
DIAMONDS FOUR HEARTS NINE,0.2804,0.1016,0.618
DIAMONDS FOUR HEARTS EIGHT,0.28,0.1494,0.5706
CLUBS THREE DIAMONDS FOUR,0.407,0.3804,0.2126
CLUBS TWO DIAMONDS FOUR,0.4194,0.3726,0.208
DIAMONDS TEN DIAMONDS FIVE,0.2668,0.0798,0.6534
DIAMONDS JACK DIAMONDS FIVE,0.2736,0.062,0.6644
DIAMONDS NINE HEARTS QUEEN,0.365,0.0104,0.6246
DIAMONDS NINE HEARTS KING,0.3742,0.0082,0.6176
HEARTS ACE DIAMONDS NINE,0.3702,0.006,0.6238
DIAMONDS NINE HEARTS TEN,0.3426,0.0238,0.6336
DIAMONDS NINE HEARTS JACK,0.368,0.0176,0.6144
CLUBS KING DIAMONDS SIX,0.3688,0.0082,0.623
CLUBS QUEEN DIAMONDS SIX,0.3576,0.0146,0.6278
CLUBS ACE DIAMONDS SIX,0.3716,0.0024,0.626
SPADES KING DIAMONDS FOUR,0.2936,0.0312,0.6752
SPADES ACE SPADES SEVEN,0.3478,0.0048,0.6474
SPADES QUEEN DIAMONDS FOUR,0.302,0.0446,0.6534
SPADES QUEEN SPADES SEVEN,0.3558,0.0104,0.6338
CLUBS JACK DIAMONDS SIX,0.3838,0.0192,0.597
SPADES KING SPADES SEVEN,0.3578,0.0088,0.6334
SPADES ACE DIAMONDS FOUR,0.2804,0.022,0.6976
CLUBS TEN DIAMONDS SIX,0.3698,0.0242,0.606
SPADES JACK DIAMONDS FOUR,0.2902,0.0606,0.6492
SPADES TEN DIAMONDS FOUR,0.3046,0.0704,0.625
CLUBS SEVEN SPADES EIGHT,0.34,0.0596,0.6004
SPADES NINE CLUBS SEVEN,0.362,0.0402,0.5978
CLUBS SEVEN SPADES SIX,0.3304,0.1016,0.568
CLUBS SEVEN SPADES SEVEN,0.1622,0.1174,0.7204
CLUBS SEVEN SPADES FIVE,0.2532,0.2142,0.5326
CLUBS SEVEN SPADES FOUR,0.2576,0.2058,0.5366
CLUBS SEVEN SPADES THREE,0.4068,0.1046,0.4886
CLUBS SEVEN SPADES TWO,0.4258,0.1024,0.4718
CLUBS NINE CLUBS SEVEN,0.3348,0.0396,0.6256
CLUBS EIGHT CLUBS SEVEN,0.3462,0.0538,0.6
HEARTS SIX DIAMONDS FIVE,0.2408,0.2708,0.4884
HEARTS SEVEN DIAMONDS FIVE,0.2392,0.2084,0.5524
DIAMONDS FIVE HEARTS EIGHT,0.2612,0.1484,0.5904
DIAMONDS FIVE HEARTS NINE,0.2698,0.1126,0.6176
DIAMONDS QUEEN DIAMONDS FIVE,0.2732,0.0498,0.677
HEARTS TWO DIAMONDS FIVE,0.2898,0.5102,0.2
HEARTS KING HEARTS EIGHT,0.3674,0.0072,0.6254
DIAMONDS KING DIAMONDS FIVE,0.2642,0.0376,0.6982
HEARTS THREE DIAMONDS FIVE,0.2718,0.5114,0.2168
HEARTS QUEEN HEARTS EIGHT,0.3534,0.0126,0.634
DIAMONDS ACE DIAMONDS FIVE,0.2518,0.0266,0.7216
HEARTS FOUR DIAMONDS FIVE,0.0166,0.9736,0.0098
HEARTS ACE HEARTS EIGHT,0.3602,0.007,0.6328
CLUBS FIVE DIAMONDS FIVE,0.1152,0.128,0.7568
CLUBS SIX DIAMONDS FIVE,0.2414,0.2718,0.4868
CLUBS SEVEN DIAMONDS FIVE,0.251,0.2176,0.5314
CLUBS TWO DIAMONDS FIVE,0.282,0.5082,0.2098
CLUBS THREE DIAMONDS FIVE,0.2768,0.5046,0.2186
SPADES THREE DIAMONDS FIVE,0.2746,0.5028,0.2226
SPADES TWO DIAMONDS FIVE,0.2882,0.502,0.2098
SPADES JACK DIAMONDS EIGHT,0.376,0.0194,0.6046
SPADES FIVE DIAMONDS FIVE,0.1232,0.1256,0.7512
CLUBS TEN HEARTS JACK,0.3576,0.0148,0.6276
SPADES TEN DIAMONDS EIGHT,0.3586,0.0274,0.614
SPADES FOUR DIAMONDS FIVE,0.0264,0.9536,0.02
CLUBS JACK HEARTS JACK,0.1832,0.0498,0.767
HEARTS JACK CLUBS QUEEN,0.3666,0.0108,0.6226
CLUBS NINE DIAMONDS FIVE,0.2628,0.1066,0.6306
CLUBS EIGHT DIAMONDS FIVE,0.2698,0.1602,0.57
HEARTS JACK CLUBS KING,0.3698,0.0096,0.6206
CLUBS ACE HEARTS JACK,0.364,0.0058,0.6302
SPADES SEVEN DIAMONDS FIVE,0.2476,0.198,0.5544
SPADES KING DIAMONDS EIGHT,0.3802,0.0098,0.61
SPADES QUEEN DIAMONDS EIGHT,0.3782,0.0098,0.612
SPADES SIX DIAMONDS FIVE,0.2558,0.2592,0.485
SPADES NINE DIAMONDS FIVE,0.265,0.1112,0.6238
SPADES EIGHT DIAMONDS FIVE,0.265,0.1534,0.5816
SPADES ACE DIAMONDS EIGHT,0.377,0.004,0.619
DIAMONDS TEN DIAMONDS SIX,0.3472,0.0292,0.6236
HEARTS ACE DIAMONDS SEVEN,0.373,0.0064,0.6206
DIAMONDS JACK DIAMONDS SIX,0.3554,0.0194,0.6252
HEARTS QUEEN DIAMONDS SEVEN,0.377,0.01,0.613
HEARTS KING DIAMONDS SEVEN,0.3624,0.012,0.6256
DIAMONDS ACE DIAMONDS SIX,0.3526,0.0042,0.6432
HEARTS FOUR DIAMONDS SIX,0.2562,0.273,0.4708
SPADES TWO HEARTS JACK,0.429,0.024,0.547
SPADES TWO HEARTS TEN,0.4266,0.0326,0.5408
DIAMONDS QUEEN DIAMONDS SIX,0.3508,0.0134,0.6358
HEARTS TWO DIAMONDS SIX,0.411,0.1572,0.4318
DIAMONDS KING DIAMONDS SIX,0.3452,0.0084,0.6464
HEARTS THREE DIAMONDS SIX,0.3996,0.156,0.4444
HEARTS EIGHT DIAMONDS SIX,0.349,0.0694,0.5816
HEARTS NINE DIAMONDS SIX,0.3554,0.0418,0.6028
HEARTS SIX DIAMONDS SIX,0.1456,0.128,0.7264
HEARTS SEVEN DIAMONDS SIX,0.3298,0.0962,0.574
HEARTS TEN DIAMONDS SEVEN,0.3688,0.0246,0.6066
CLUBS TWO DIAMONDS SIX,0.4206,0.1594,0.42
HEARTS JACK DIAMONDS SEVEN,0.3766,0.0186,0.6048
CLUBS THREE DIAMONDS SIX,0.4164,0.1564,0.4272
CLUBS SEVEN DIAMONDS SIX,0.337,0.0968,0.5662
CLUBS JACK DIAMONDS EIGHT,0.365,0.0154,0.6196
CLUBS SIX DIAMONDS SIX,0.1322,0.134,0.7338
CLUBS TEN DIAMONDS EIGHT,0.3662,0.0252,0.6086
CLUBS FIVE DIAMONDS SIX,0.246,0.2722,0.4818
HEARTS ACE HEARTS JACK,0.3542,0.0066,0.6392
DIAMONDS EIGHT CLUBS ACE,0.375,0.0048,0.6202
HEARTS QUEEN HEARTS JACK,0.3488,0.013,0.6382
DIAMONDS EIGHT CLUBS KING,0.381,0.0098,0.6092
CLUBS NINE DIAMONDS SIX,0.3642,0.0396,0.5962
HEARTS KING HEARTS JACK,0.3588,0.0064,0.6348
CLUBS EIGHT DIAMONDS SIX,0.3518,0.0646,0.5836
DIAMONDS EIGHT CLUBS QUEEN,0.3756,0.0132,0.6112
SPADES TEN HEARTS KING,0.3632,0.0074,0.6294
SPADES FIVE DIAMONDS SIX,0.246,0.2668,0.4872
HEARTS ACE SPADES TWO,0.4004,0.0074,0.5922
SPADES JACK HEARTS KING,0.3764,0.0092,0.6144
SPADES FOUR DIAMONDS SIX,0.2464,0.2744,0.4792
SPADES THREE DIAMONDS SIX,0.401,0.1598,0.4392
HEARTS QUEEN SPADES TWO,0.4372,0.0132,0.5496
SPADES ACE SPADES KING,0.3528,0.0048,0.6424
HEARTS KING SPADES TWO,0.4322,0.0096,0.5582
SPADES TWO DIAMONDS SIX,0.4172,0.1578,0.425
HEARTS TEN HEARTS EIGHT,0.3482,0.0284,0.6234
SPADES NINE DIAMONDS SIX,0.3482,0.0426,0.6092
HEARTS JACK HEARTS EIGHT,0.3532,0.02,0.6268
SPADES EIGHT DIAMONDS SIX,0.3542,0.0652,0.5806
SPADES SEVEN DIAMONDS SIX,0.3496,0.0956,0.5548
SPADES SIX DIAMONDS SIX,0.1466,0.1248,0.7286
SPADES KING HEARTS KING,0.1816,0.0184,0.8
SPADES QUEEN HEARTS KING,0.3728,0.0084,0.6188
CLUBS ACE CLUBS KING,0.3616,0.0062,0.6322
SPADES ACE HEARTS KING,0.367,0.004,0.629
SPADES ACE HEARTS JACK,0.3758,0.004,0.6202
SPADES QUEEN HEARTS JACK,0.377,0.0148,0.6082
SPADES KING HEARTS JACK,0.3698,0.0096,0.6206
SPADES TEN DIAMONDS TEN,0.1884,0.0606,0.751
SPADES JACK DIAMONDS TEN,0.3742,0.0134,0.6124
SPADES ACE DIAMONDS TEN,0.3782,0.0038,0.618
SPADES JACK HEARTS JACK,0.203,0.0448,0.7522
SPADES TEN HEARTS JACK,0.358,0.0146,0.6274
SPADES QUEEN DIAMONDS TEN,0.3698,0.0104,0.6198
SPADES KING DIAMONDS TEN,0.3756,0.0062,0.6182
SPADES NINE DIAMONDS SEVEN,0.363,0.0432,0.5938
SPADES EIGHT DIAMONDS SEVEN,0.3564,0.0638,0.5798
SPADES SEVEN DIAMONDS SEVEN,0.1716,0.1092,0.7192
SPADES SIX DIAMONDS SEVEN,0.3362,0.0942,0.5696
DIAMONDS KING DIAMONDS SEVEN,0.363,0.0102,0.6268
HEARTS THREE DIAMONDS SEVEN,0.4158,0.1088,0.4754
HEARTS KING DIAMONDS FIVE,0.291,0.0364,0.6726
DIAMONDS QUEEN DIAMONDS SEVEN,0.3552,0.0102,0.6346
HEARTS TWO DIAMONDS SEVEN,0.4242,0.11,0.4658
HEARTS QUEEN DIAMONDS FIVE,0.2902,0.0506,0.6592
DIAMONDS ACE DIAMONDS SEVEN,0.342,0.0048,0.6532
HEARTS FOUR DIAMONDS SEVEN,0.2636,0.1962,0.5402
HEARTS ACE DIAMONDS FIVE,0.2538,0.0262,0.72
HEARTS SEVEN DIAMONDS SEVEN,0.1504,0.114,0.7356
HEARTS SIX DIAMONDS SEVEN,0.3338,0.0956,0.5706
DIAMONDS SEVEN HEARTS NINE,0.3496,0.0444,0.606
HEARTS EIGHT DIAMONDS SEVEN,0.3502,0.064,0.5858
DIAMONDS JACK DIAMONDS SEVEN,0.3424,0.017,0.6406
DIAMONDS FIVE HEARTS JACK,0.279,0.0612,0.6598
DIAMONDS TEN DIAMONDS SEVEN,0.3424,0.026,0.6316
HEARTS TEN DIAMONDS FIVE,0.2816,0.081,0.6374
CLUBS EIGHT DIAMONDS SEVEN,0.346,0.056,0.598
SPADES KING CLUBS TWO,0.4372,0.0106,0.5522
HEARTS KING CLUBS KING,0.1702,0.022,0.8078
SPADES QUEEN CLUBS TWO,0.4328,0.015,0.5522
HEARTS KING CLUBS QUEEN,0.3576,0.0074,0.635
CLUBS NINE DIAMONDS SEVEN,0.355,0.042,0.603
CLUBS JACK SPADES TWO,0.424,0.0184,0.5576
CLUBS SIX CLUBS SEVEN,0.32,0.0974,0.5826
SPADES ACE CLUBS TWO,0.4362,0.0062,0.5576
CLUBS TEN SPADES TWO,0.425,0.032,0.543
HEARTS KING CLUBS ACE,0.3692,0.0068,0.624
SPADES TWO CLUBS KING,0.4174,0.0096,0.573
SPADES TWO DIAMONDS SEVEN,0.4252,0.1064,0.4684
CLUBS EIGHT CLUBS SIX,0.3402,0.0666,0.5932
SPADES THREE DIAMONDS SEVEN,0.4106,0.1022,0.4872
SPADES TWO CLUBS QUEEN,0.4262,0.0154,0.5584
CLUBS NINE CLUBS SIX,0.3442,0.0428,0.613
SPADES FOUR DIAMONDS SEVEN,0.2704,0.1904,0.5392
CLUBS JACK HEARTS KING,0.3562,0.0084,0.6354
SPADES FIVE DIAMONDS SEVEN,0.2708,0.1924,0.5368
SPADES TWO CLUBS ACE,0.4118,0.0054,0.5828
CLUBS TEN HEARTS KING,0.3602,0.0082,0.6316
CLUBS SIX SPADES TWO,0.4138,0.1672,0.419
CLUBS SIX SPADES THREE,0.3936,0.1624,0.444
CLUBS TWO DIAMONDS SEVEN,0.437,0.1088,0.4542
CLUBS SIX SPADES FOUR,0.235,0.2776,0.4874
CLUBS THREE DIAMONDS SEVEN,0.4068,0.0992,0.494
CLUBS SIX SPADES FIVE,0.2506,0.259,0.4904
CLUBS SIX SPADES SIX,0.1372,0.1272,0.7356
CLUBS FIVE DIAMONDS SEVEN,0.2534,0.2026,0.544
CLUBS SIX SPADES SEVEN,0.3412,0.0914,0.5674
CLUBS SIX DIAMONDS SEVEN,0.3314,0.0988,0.5698
CLUBS SIX SPADES EIGHT,0.3606,0.0608,0.5786
SPADES JACK CLUBS TWO,0.439,0.022,0.539
CLUBS SEVEN DIAMONDS SEVEN,0.1574,0.1128,0.7298
CLUBS SIX SPADES NINE,0.3542,0.0452,0.6006
SPADES TEN CLUBS TWO,0.432,0.0318,0.5362
CLUBS TWO CLUBS QUEEN,0.4092,0.0122,0.5786
CLUBS TWO CLUBS KING,0.4118,0.0118,0.5764
CLUBS THREE DIAMONDS EIGHT,0.4252,0.0726,0.5022
CLUBS TWO CLUBS ACE,0.3954,0.0064,0.5982
CLUBS TWO DIAMONDS EIGHT,0.434,0.074,0.492
HEARTS SEVEN DIAMONDS EIGHT,0.3376,0.0612,0.6012
HEARTS SIX DIAMONDS EIGHT,0.3516,0.0622,0.5862
DIAMONDS EIGHT HEARTS NINE,0.3518,0.035,0.6132
CLUBS TEN CLUBS TWO,0.4108,0.0282,0.561
DIAMONDS EIGHT HEARTS EIGHT,0.1766,0.0922,0.7312
CLUBS JACK CLUBS TWO,0.4064,0.0218,0.5718
CLUBS NINE DIAMONDS EIGHT,0.352,0.0406,0.6074
CLUBS EIGHT DIAMONDS EIGHT,0.1642,0.0966,0.7392
CLUBS FIVE DIAMONDS EIGHT,0.2704,0.1398,0.5898
SPADES ACE SPADES THREE,0.3932,0.0038,0.603
CLUBS SEVEN DIAMONDS EIGHT,0.3366,0.0628,0.6006
SPADES QUEEN SPADES THREE,0.3958,0.0102,0.594
CLUBS SIX DIAMONDS EIGHT,0.3452,0.0618,0.593
SPADES KING SPADES THREE,0.3948,0.0106,0.5946
DIAMONDS QUEEN DIAMONDS EIGHT,0.3426,0.0114,0.646
HEARTS TWO DIAMONDS EIGHT,0.4334,0.0694,0.4972
DIAMONDS KING DIAMONDS EIGHT,0.3482,0.0068,0.645
HEARTS THREE DIAMONDS EIGHT,0.4196,0.069,0.5114
DIAMONDS ACE DIAMONDS EIGHT,0.3494,0.0042,0.6464
HEARTS FOUR DIAMONDS EIGHT,0.2806,0.1438,0.5756
DIAMONDS EIGHT DIAMONDS TEN,0.3338,0.0252,0.641
DIAMONDS EIGHT DIAMONDS JACK,0.3522,0.016,0.6318
SPADES JACK SPADES THREE,0.4028,0.017,0.5802
SPADES TEN SPADES THREE,0.4064,0.0258,0.5678
CLUBS SIX HEARTS TEN,0.3748,0.0306,0.5946
CLUBS SIX HEARTS JACK,0.3616,0.0198,0.6186
DIAMONDS EIGHT SPADES FOUR,0.2894,0.1412,0.5694
SPADES FIVE DIAMONDS EIGHT,0.2676,0.144,0.5884
DIAMONDS EIGHT SPADES TWO,0.435,0.0652,0.4998
DIAMONDS EIGHT SPADES THREE,0.4252,0.067,0.5078
SPADES EIGHT DIAMONDS EIGHT,0.1788,0.0948,0.7264
SPADES TEN DIAMONDS QUEEN,0.3792,0.0108,0.61
SPADES TEN HEARTS TWO,0.4302,0.0356,0.5342
SPADES JACK HEARTS EIGHT,0.3804,0.0182,0.6014
SPADES NINE DIAMONDS EIGHT,0.364,0.0388,0.5972
SPADES TEN HEARTS EIGHT,0.3554,0.0328,0.6118
SPADES JACK HEARTS TWO,0.426,0.0204,0.5536
SPADES JACK DIAMONDS QUEEN,0.3688,0.0068,0.6244
SPADES SIX DIAMONDS EIGHT,0.3688,0.058,0.5732
SPADES SEVEN DIAMONDS EIGHT,0.3624,0.0596,0.578
SPADES ACE HEARTS TWO,0.42,0.0082,0.5718
SPADES ACE DIAMONDS QUEEN,0.3804,0.0054,0.6142
SPADES ACE HEARTS EIGHT,0.3694,0.0044,0.6262
SPADES KING HEARTS EIGHT,0.368,0.0096,0.6224
SPADES QUEEN HEARTS TWO,0.4318,0.0166,0.5516
SPADES QUEEN DIAMONDS QUEEN,0.1822,0.0334,0.7844
SPADES KING DIAMONDS QUEEN,0.3844,0.0074,0.6082
SPADES KING HEARTS TWO,0.4224,0.0084,0.5692
SPADES QUEEN HEARTS EIGHT,0.3696,0.0166,0.6138
CLUBS TWO HEARTS TEN,0.4126,0.0304,0.557
CLUBS TWO HEARTS JACK,0.432,0.0192,0.5488
SPADES SEVEN DIAMONDS NINE,0.3528,0.039,0.6082
SPADES SIX DIAMONDS NINE,0.3564,0.047,0.5966
SPADES NINE DIAMONDS NINE,0.1876,0.083,0.7294
SPADES EIGHT DIAMONDS NINE,0.3436,0.0366,0.6198
SPADES TEN CLUBS KING,0.3702,0.0078,0.622
DIAMONDS NINE SPADES THREE,0.4256,0.046,0.5284
SPADES JACK CLUBS KING,0.3752,0.0088,0.616
DIAMONDS NINE SPADES TWO,0.4126,0.047,0.5404
DIAMONDS NINE SPADES FIVE,0.2784,0.11,0.6116
DIAMONDS NINE SPADES FOUR,0.2902,0.1094,0.6004
CLUBS NINE DIAMONDS NINE,0.1758,0.077,0.7472
CLUBS EIGHT DIAMONDS NINE,0.3512,0.0418,0.607
CLUBS SIX DIAMONDS NINE,0.3604,0.0404,0.5992
CLUBS SEVEN DIAMONDS NINE,0.3562,0.0456,0.5982
CLUBS FIVE DIAMONDS NINE,0.2678,0.1084,0.6238
DIAMONDS NINE CLUBS TWO,0.4198,0.045,0.5352
CLUBS THREE DIAMONDS NINE,0.4186,0.0454,0.536
DIAMONDS NINE HEARTS EIGHT,0.3448,0.0476,0.6076
DIAMONDS NINE HEARTS NINE,0.1858,0.088,0.7262
HEARTS SIX DIAMONDS NINE,0.3502,0.048,0.6018
HEARTS SEVEN DIAMONDS NINE,0.345,0.0392,0.6158
CLUBS EIGHT CLUBS NINE,0.3362,0.0334,0.6304
DIAMONDS ACE DIAMONDS NINE,0.354,0.005,0.641
HEARTS FOUR DIAMONDS NINE,0.2882,0.1086,0.6032
HEARTS ACE CLUBS TWO,0.4148,0.0072,0.578
DIAMONDS QUEEN DIAMONDS NINE,0.3428,0.0114,0.6458
HEARTS TWO DIAMONDS NINE,0.4498,0.0464,0.5038
CLUBS TWO HEARTS KING,0.4326,0.0104,0.557
DIAMONDS KING DIAMONDS NINE,0.348,0.0096,0.6424
HEARTS THREE DIAMONDS NINE,0.4204,0.0448,0.5348
CLUBS TWO HEARTS QUEEN,0.4076,0.0154,0.577
DIAMONDS NINE DIAMONDS JACK,0.3484,0.0166,0.635
CLUBS EIGHT SPADES NINE,0.3478,0.0408,0.6114
DIAMONDS NINE DIAMONDS TEN,0.3356,0.0224,0.642
CLUBS EIGHT SPADES EIGHT,0.1696,0.092,0.7384
CLUBS EIGHT SPADES SEVEN,0.3418,0.0646,0.5936
CLUBS EIGHT SPADES SIX,0.3616,0.0704,0.568
CLUBS EIGHT SPADES FIVE,0.2518,0.1564,0.5918
CLUBS EIGHT SPADES FOUR,0.2718,0.1498,0.5784
CLUBS EIGHT SPADES THREE,0.4116,0.074,0.5144
CLUBS EIGHT SPADES TWO,0.4224,0.0638,0.5138
HEARTS SIX DIAMONDS TEN,0.3594,0.031,0.6096
HEARTS SEVEN DIAMONDS TEN,0.3756,0.0314,0.593
DIAMONDS TEN HEARTS EIGHT,0.363,0.0276,0.6094
DIAMONDS TEN HEARTS NINE,0.3496,0.0244,0.626
CLUBS TWO DIAMONDS TEN,0.4306,0.027,0.5424
CLUBS THREE DIAMONDS TEN,0.4406,0.0272,0.5322
DIAMONDS JACK DIAMONDS TEN,0.3262,0.0158,0.658
DIAMONDS QUEEN DIAMONDS TEN,0.3418,0.0126,0.6456
HEARTS TWO DIAMONDS TEN,0.443,0.032,0.525
DIAMONDS KING DIAMONDS TEN,0.3502,0.0074,0.6424
HEARTS THREE DIAMONDS TEN,0.4208,0.0304,0.5488
DIAMONDS ACE DIAMONDS TEN,0.3574,0.0034,0.6392
HEARTS FOUR DIAMONDS TEN,0.2924,0.0876,0.62
CLUBS EIGHT HEARTS JACK,0.3574,0.0194,0.6232
CLUBS EIGHT HEARTS TEN,0.3502,0.0266,0.6232
CLUBS EIGHT HEARTS QUEEN,0.3716,0.0142,0.6142
CLUBS EIGHT HEARTS KING,0.3794,0.0076,0.613
CLUBS EIGHT HEARTS ACE,0.3754,0.0048,0.6198
CLUBS NINE SPADES THREE,0.4042,0.0464,0.5494
CLUBS NINE SPADES TWO,0.4212,0.0474,0.5314
CLUBS NINE SPADES FIVE,0.2614,0.113,0.6256
CLUBS NINE SPADES FOUR,0.2852,0.1114,0.6034
CLUBS NINE SPADES SEVEN,0.3594,0.0418,0.5988
CLUBS NINE SPADES SIX,0.3622,0.0506,0.5872
CLUBS NINE SPADES NINE,0.179,0.0848,0.7362
CLUBS TEN HEARTS EIGHT,0.3528,0.0304,0.6168
CLUBS NINE SPADES EIGHT,0.3474,0.037,0.6156
CLUBS JACK HEARTS EIGHT,0.3674,0.0164,0.6162
HEARTS EIGHT CLUBS QUEEN,0.3644,0.0132,0.6224
CLUBS KING HEARTS EIGHT,0.356,0.0102,0.6338
CLUBS ACE HEARTS EIGHT,0.359,0.007,0.634
SPADES KING CLUBS KING,0.1904,0.019,0.7906
SPADES QUEEN CLUBS KING,0.3804,0.0102,0.6094
SPADES ACE CLUBS KING,0.371,0.0032,0.6258
DIAMONDS ACE HEARTS TEN,0.358,0.0064,0.6356
HEARTS FOUR HEARTS TEN,0.2872,0.0802,0.6326
DIAMONDS ACE HEARTS JACK,0.3794,0.0046,0.616
HEARTS FOUR HEARTS JACK,0.286,0.058,0.656
SPADES KING CLUBS FIVE,0.2784,0.0362,0.6854
SPADES QUEEN CLUBS FIVE,0.2826,0.0484,0.669
SPADES ACE CLUBS FIVE,0.2578,0.027,0.7152
HEARTS SEVEN DIAMONDS JACK,0.37,0.0184,0.6116
HEARTS SIX DIAMONDS JACK,0.3672,0.0204,0.6124
DIAMONDS JACK HEARTS NINE,0.3712,0.0164,0.6124
DIAMONDS JACK HEARTS EIGHT,0.3644,0.0172,0.6184
DIAMONDS KING DIAMONDS JACK,0.354,0.0062,0.6398
HEARTS THREE DIAMONDS JACK,0.4302,0.021,0.5488
SPADES ACE SPADES SIX,0.3618,0.0048,0.6334
HEARTS ACE SPADES FOUR,0.2704,0.0186,0.711
DIAMONDS QUEEN DIAMONDS JACK,0.3494,0.0102,0.6404
HEARTS TWO DIAMONDS JACK,0.4352,0.0218,0.543
SPADES QUEEN SPADES SIX,0.3584,0.0136,0.628
SPADES FOUR HEARTS QUEEN,0.288,0.0424,0.6696
DIAMONDS ACE DIAMONDS JACK,0.338,0.0032,0.6588
HEARTS FOUR DIAMONDS JACK,0.2832,0.0654,0.6514
SPADES KING SPADES SIX,0.3514,0.0074,0.6412
SPADES FOUR HEARTS KING,0.289,0.0296,0.6814
SPADES TEN SPADES SIX,0.3502,0.0288,0.621
SPADES JACK SPADES SIX,0.3588,0.0172,0.624
SPADES FOUR DIAMONDS JACK,0.3014,0.0562,0.6424
SPADES FIVE DIAMONDS JACK,0.2882,0.0614,0.6504
DIAMONDS JACK SPADES TWO,0.426,0.0178,0.5562
DIAMONDS JACK SPADES THREE,0.429,0.019,0.552
SPADES ACE DIAMONDS THREE,0.404,0.0054,0.5906
CLUBS EIGHT DIAMONDS JACK,0.3696,0.0172,0.6132
SPADES QUEEN DIAMONDS THREE,0.4186,0.0128,0.5686
SPADES KING DIAMONDS THREE,0.4096,0.0084,0.582
CLUBS NINE DIAMONDS JACK,0.3656,0.016,0.6184
CLUBS SIX DIAMONDS JACK,0.3806,0.018,0.6014
CLUBS SEVEN DIAMONDS JACK,0.386,0.018,0.596
CLUBS FIVE DIAMONDS JACK,0.2888,0.0628,0.6484
CLUBS TWO DIAMONDS JACK,0.4344,0.0214,0.5442
CLUBS THREE DIAMONDS JACK,0.4246,0.024,0.5514
SPADES TEN CLUBS FIVE,0.2882,0.0884,0.6234
SPADES JACK HEARTS SIX,0.3674,0.0168,0.6158
HEARTS SIX SPADES TEN,0.3646,0.0332,0.6022
SPADES JACK CLUBS FIVE,0.2762,0.0702,0.6536
SPADES JACK DIAMONDS THREE,0.4262,0.0234,0.5504
CLUBS SEVEN CLUBS ACE,0.3578,0.005,0.6372
DIAMONDS THREE SPADES TEN,0.427,0.0264,0.5466
CLUBS SEVEN CLUBS QUEEN,0.3592,0.012,0.6288
CLUBS SEVEN CLUBS KING,0.3562,0.0098,0.634
SPADES NINE DIAMONDS JACK,0.3726,0.0142,0.6132
CLUBS TEN CLUBS SEVEN,0.3462,0.0272,0.6266
DIAMONDS ACE HEARTS ACE,0.1696,0.0038,0.8266
HEARTS FOUR HEARTS ACE,0.2628,0.0188,0.7184
SPADES EIGHT DIAMONDS JACK,0.3622,0.0162,0.6216
SPADES ACE HEARTS SIX,0.3636,0.003,0.6334
CLUBS JACK CLUBS SEVEN,0.3658,0.0164,0.6178
DIAMONDS ACE HEARTS KING,0.3664,0.0038,0.6298
HEARTS FOUR HEARTS KING,0.2856,0.0294,0.685
SPADES SEVEN DIAMONDS JACK,0.3782,0.0168,0.605
SPADES KING HEARTS SIX,0.3608,0.0098,0.6294
DIAMONDS ACE HEARTS QUEEN,0.3644,0.004,0.6316
HEARTS FOUR HEARTS QUEEN,0.2866,0.0434,0.67
SPADES QUEEN HEARTS SIX,0.3684,0.0112,0.6204
SPADES SIX DIAMONDS JACK,0.377,0.021,0.602
DIAMONDS TEN SPADES TWO,0.4294,0.0308,0.5398
SPADES THREE DIAMONDS TEN,0.4292,0.025,0.5458
SPADES FOUR DIAMONDS TEN,0.2914,0.0854,0.6232
SPADES FIVE DIAMONDS TEN,0.2984,0.0772,0.6244
SPADES SIX DIAMONDS TEN,0.3762,0.0272,0.5966
SPADES SEVEN DIAMONDS TEN,0.3782,0.0294,0.5924
SPADES EIGHT DIAMONDS TEN,0.3666,0.0256,0.6078
SPADES NINE DIAMONDS TEN,0.3482,0.022,0.6298
CLUBS FIVE DIAMONDS TEN,0.2872,0.0814,0.6314
CLUBS SIX DIAMONDS TEN,0.3612,0.0286,0.6102
CLUBS SEVEN DIAMONDS TEN,0.3768,0.024,0.5992
CLUBS EIGHT DIAMONDS TEN,0.3624,0.0274,0.6102
CLUBS NINE DIAMONDS TEN,0.3566,0.0238,0.6196
CLUBS JACK DIAMONDS THREE,0.4134,0.0196,0.567
CLUBS TEN DIAMONDS THREE,0.4214,0.0314,0.5472
DIAMONDS THREE CLUBS KING,0.4252,0.0088,0.566
DIAMONDS THREE CLUBS QUEEN,0.4186,0.0124,0.569
DIAMONDS THREE CLUBS ACE,0.405,0.006,0.589
SPADES FOUR HEARTS JACK,0.2804,0.0546,0.665
SPADES FOUR HEARTS TEN,0.2886,0.0778,0.6336
SPADES FIVE SPADES TWO,0.2708,0.469,0.2602
SPADES FOUR SPADES TWO,0.3886,0.3492,0.2622
SPADES THREE SPADES TWO,0.459,0.2106,0.3304
SPADES NINE SPADES TWO,0.398,0.042,0.56
SPADES EIGHT SPADES TWO,0.4062,0.0674,0.5264
SPADES SEVEN SPADES TWO,0.4044,0.1062,0.4894
SPADES SIX SPADES TWO,0.3944,0.1474,0.4582
DIAMONDS QUEEN CLUBS THREE,0.4128,0.017,0.5702
CLUBS THREE HEARTS TWO,0.4782,0.24,0.2818
DIAMONDS QUEEN CLUBS TWO,0.4412,0.0132,0.5456
HEARTS TWO CLUBS TWO,0.3684,0.1496,0.482
HEARTS SEVEN DIAMONDS QUEEN,0.3728,0.0102,0.617
HEARTS SEVEN HEARTS TWO,0.396,0.106,0.498
HEARTS SIX DIAMONDS QUEEN,0.3658,0.0142,0.62
HEARTS SIX HEARTS TWO,0.413,0.139,0.448
DIAMONDS QUEEN HEARTS NINE,0.362,0.0096,0.6284
HEARTS TWO HEARTS NINE,0.3982,0.047,0.5548
DIAMONDS QUEEN HEARTS EIGHT,0.3752,0.011,0.6138
HEARTS TWO HEARTS EIGHT,0.4036,0.0688,0.5276
CLUBS NINE HEARTS TWO,0.433,0.0442,0.5228
CLUBS NINE DIAMONDS QUEEN,0.3756,0.0108,0.6136
CLUBS EIGHT DIAMONDS QUEEN,0.3716,0.013,0.6154
CLUBS EIGHT HEARTS TWO,0.4092,0.0744,0.5164
DIAMONDS QUEEN CLUBS FIVE,0.2838,0.048,0.6682
HEARTS TWO CLUBS FIVE,0.2864,0.5074,0.2062
SPADES EIGHT HEARTS ACE,0.362,0.004,0.634
CLUBS SEVEN DIAMONDS QUEEN,0.3736,0.013,0.6134
CLUBS SEVEN HEARTS TWO,0.4334,0.105,0.4616
SPADES EIGHT HEARTS QUEEN,0.3624,0.0124,0.6252
CLUBS SIX DIAMONDS QUEEN,0.3862,0.0132,0.6006
CLUBS SIX HEARTS TWO,0.4166,0.1682,0.4152
SPADES EIGHT HEARTS KING,0.3714,0.007,0.6216
HEARTS TWO SPADES SIX,0.4324,0.1564,0.4112
DIAMONDS QUEEN SPADES SIX,0.3778,0.0126,0.6096
HEARTS FOUR CLUBS QUEEN,0.2986,0.0454,0.656
DIAMONDS ACE CLUBS QUEEN,0.3626,0.0058,0.6316
DIAMONDS QUEEN SPADES SEVEN,0.3718,0.0116,0.6166
HEARTS TWO SPADES SEVEN,0.4392,0.104,0.4568
HEARTS FOUR CLUBS KING,0.2866,0.0308,0.6826
DIAMONDS ACE CLUBS KING,0.3724,0.0052,0.6224
DIAMONDS QUEEN SPADES EIGHT,0.371,0.0132,0.6158
SPADES EIGHT HEARTS TWO,0.4312,0.0718,0.497
HEARTS FOUR CLUBS ACE,0.2704,0.0212,0.7084
DIAMONDS ACE CLUBS ACE,0.1668,0.0024,0.8308
SPADES NINE DIAMONDS QUEEN,0.3796,0.0106,0.6098
SPADES NINE HEARTS TWO,0.4258,0.0432,0.531
HEARTS TWO SPADES TWO,0.3532,0.155,0.4918
DIAMONDS QUEEN SPADES TWO,0.4352,0.015,0.5498
HEARTS TWO SPADES THREE,0.4616,0.2408,0.2976
DIAMONDS QUEEN SPADES THREE,0.4236,0.012,0.5644
HEARTS TWO SPADES FOUR,0.4242,0.36,0.2158
DIAMONDS QUEEN SPADES FOUR,0.3,0.039,0.661
CLUBS TEN HEARTS FOUR,0.2886,0.0772,0.6342
CLUBS TEN DIAMONDS ACE,0.3568,0.0058,0.6374
HEARTS TWO SPADES FIVE,0.2944,0.5082,0.1974
DIAMONDS QUEEN SPADES FIVE,0.2906,0.0502,0.6592
HEARTS FOUR CLUBS JACK,0.2832,0.0568,0.66
CLUBS JACK DIAMONDS ACE,0.3764,0.0036,0.62
CLUBS FIVE CLUBS KING,0.2756,0.0406,0.6838
CLUBS FIVE CLUBS QUEEN,0.2696,0.0486,0.6818
CLUBS FIVE CLUBS ACE,0.2426,0.024,0.7334
CLUBS JACK CLUBS FIVE,0.2754,0.0626,0.662
CLUBS TEN CLUBS FIVE,0.2842,0.087,0.6288
SPADES KING CLUBS JACK,0.3728,0.0072,0.62
CLUBS JACK SPADES QUEEN,0.3562,0.0128,0.631
SPADES ACE CLUBS JACK,0.374,0.004,0.622
SPADES SIX CLUBS KING,0.3814,0.0086,0.61
SPADES SIX CLUBS QUEEN,0.3768,0.0112,0.612
SPADES EIGHT HEARTS JACK,0.366,0.018,0.616
SPADES SIX CLUBS ACE,0.3814,0.0048,0.6138
SPADES EIGHT HEARTS TEN,0.3512,0.025,0.6238
CLUBS JACK SPADES SIX,0.3722,0.0192,0.6086
CLUBS TEN SPADES SIX,0.3762,0.028,0.5958
CLUBS JACK SPADES TEN,0.3534,0.0142,0.6324
CLUBS JACK SPADES JACK,0.1686,0.0604,0.771
SPADES QUEEN CLUBS SEVEN,0.3728,0.0128,0.6144
SPADES KING CLUBS SEVEN,0.374,0.0082,0.6178
SPADES ACE CLUBS SEVEN,0.3642,0.0038,0.632
SPADES SIX HEARTS TEN,0.366,0.0304,0.6036
SPADES SIX HEARTS JACK,0.3848,0.0182,0.597
SPADES SIX HEARTS ACE,0.3802,0.006,0.6138
SPADES SIX HEARTS KING,0.365,0.0106,0.6244
SPADES SIX HEARTS QUEEN,0.384,0.0104,0.6056
SPADES JACK CLUBS SEVEN,0.3546,0.0176,0.6278
SPADES TEN CLUBS SEVEN,0.3718,0.0266,0.6016
CLUBS TEN HEARTS SIX,0.3672,0.0268,0.606
CLUBS JACK HEARTS SIX,0.3778,0.0208,0.6014
CLUBS JACK CLUBS ACE,0.3506,0.0066,0.6428
HEARTS SIX CLUBS QUEEN,0.3732,0.0152,0.6116
HEARTS SIX CLUBS KING,0.3718,0.0086,0.6196
HEARTS SIX CLUBS ACE,0.3494,0.0044,0.6462
CLUBS JACK CLUBS QUEEN,0.361,0.011,0.628
CLUBS JACK CLUBS KING,0.3572,0.0068,0.636
DIAMONDS THREE HEARTS ACE,0.4052,0.008,0.5868
DIAMONDS THREE HEARTS QUEEN,0.4136,0.013,0.5734
DIAMONDS THREE HEARTS KING,0.4252,0.012,0.5628
CLUBS FIVE HEARTS JACK,0.28,0.0708,0.6492
SPADES TEN DIAMONDS ACE,0.3652,0.0024,0.6324
HEARTS FOUR SPADES TEN,0.2888,0.0802,0.631
CLUBS FIVE HEARTS TEN,0.2792,0.0844,0.6364
HEARTS FOUR SPADES JACK,0.3056,0.059,0.6354
SPADES JACK DIAMONDS ACE,0.3814,0.0034,0.6152
SPADES ACE HEARTS FOUR,0.2736,0.0232,0.7032
SPADES ACE DIAMONDS ACE,0.18,0.0052,0.8148
CLUBS FIVE HEARTS ACE,0.2684,0.0272,0.7044
CLUBS FIVE HEARTS KING,0.2664,0.0396,0.694
HEARTS FOUR SPADES QUEEN,0.2954,0.0442,0.6604
SPADES QUEEN DIAMONDS ACE,0.3736,0.0034,0.623
CLUBS JACK SPADES FOUR,0.2918,0.0628,0.6454
CLUBS FIVE HEARTS QUEEN,0.2732,0.0496,0.6772
SPADES KING DIAMONDS ACE,0.3712,0.0054,0.6234
HEARTS FOUR SPADES KING,0.2888,0.0364,0.6748
CLUBS TEN SPADES FOUR,0.2882,0.0776,0.6342
DIAMONDS QUEEN DIAMONDS ACE,0.3506,0.005,0.6444
HEARTS TWO DIAMONDS ACE,0.4212,0.0056,0.5732
HEARTS FOUR DIAMONDS QUEEN,0.2944,0.0452,0.6604
HEARTS FOUR HEARTS TWO,0.4018,0.3554,0.2428
DIAMONDS THREE HEARTS TEN,0.4256,0.0322,0.5422
SPADES FOUR CLUBS KING,0.2976,0.0322,0.6702
DIAMONDS THREE HEARTS JACK,0.4124,0.021,0.5666
SPADES FOUR CLUBS QUEEN,0.2848,0.0408,0.6744
DIAMONDS QUEEN HEARTS TWO,0.4304,0.0152,0.5544
DIAMONDS KING DIAMONDS QUEEN,0.3548,0.0082,0.637
DIAMONDS KING HEARTS TWO,0.4256,0.0084,0.566
HEARTS THREE DIAMONDS QUEEN,0.4318,0.0144,0.5538
HEARTS THREE HEARTS TWO,0.4468,0.2182,0.335
SPADES FOUR CLUBS ACE,0.28,0.0214,0.6986
HEARTS TWO CLUBS ACE,0.4128,0.005,0.5822
DIAMONDS QUEEN CLUBS ACE,0.364,0.005,0.631
HEARTS TWO CLUBS QUEEN,0.4232,0.0154,0.5614
DIAMONDS QUEEN CLUBS QUEEN,0.1836,0.0376,0.7788
HEARTS TWO CLUBS KING,0.4312,0.0106,0.5582
DIAMONDS QUEEN CLUBS KING,0.3776,0.0084,0.614
SPADES EIGHT SPADES FIVE,0.255,0.1506,0.5944
CLUBS TEN HEARTS TWO,0.4322,0.0312,0.5366
CLUBS TEN DIAMONDS QUEEN,0.3566,0.0106,0.6328
SPADES NINE SPADES FIVE,0.243,0.1068,0.6502
CLUBS JACK HEARTS TWO,0.4366,0.021,0.5424
CLUBS JACK DIAMONDS QUEEN,0.3664,0.011,0.6226
SPADES SIX SPADES FIVE,0.2348,0.2538,0.5114
SPADES SEVEN SPADES FIVE,0.2374,0.2048,0.5578
DIAMONDS FIVE CLUBS QUEEN,0.2786,0.0538,0.6676
SPADES EIGHT CLUBS ACE,0.37,0.0028,0.6272
DIAMONDS FIVE CLUBS KING,0.2788,0.0392,0.682
SPADES EIGHT CLUBS KING,0.3788,0.0094,0.6118
DIAMONDS FIVE CLUBS ACE,0.2598,0.0264,0.7138
SPADES EIGHT CLUBS QUEEN,0.3654,0.0138,0.6208
CLUBS JACK SPADES EIGHT,0.3648,0.0182,0.617
CLUBS TEN SPADES EIGHT,0.3642,0.0268,0.609
CLUBS TEN DIAMONDS FIVE,0.271,0.0792,0.6498
CLUBS JACK DIAMONDS FIVE,0.2892,0.068,0.6428
DIAMONDS TEN HEARTS JACK,0.3562,0.017,0.6268
DIAMONDS TEN HEARTS TEN,0.1768,0.0658,0.7574
SPADES ACE CLUBS NINE,0.3628,0.0036,0.6336
SPADES QUEEN CLUBS NINE,0.3674,0.0104,0.6222
SPADES KING CLUBS NINE,0.3668,0.0068,0.6264
HEARTS SIX HEARTS KING,0.3626,0.0088,0.6286
DIAMONDS KING SPADES SEVEN,0.3788,0.0058,0.6154
HEARTS THREE SPADES SEVEN,0.42,0.109,0.471
SPADES KING DIAMONDS SEVEN,0.3788,0.0056,0.6156
HEARTS SIX HEARTS QUEEN,0.3508,0.0138,0.6354
SPADES QUEEN DIAMONDS SEVEN,0.376,0.0092,0.6148
HEARTS THREE SPADES SIX,0.4062,0.1582,0.4356
DIAMONDS KING SPADES SIX,0.3794,0.0066,0.614
DIAMONDS KING SPADES NINE,0.3744,0.006,0.6196
HEARTS THREE SPADES NINE,0.4258,0.0484,0.5258
HEARTS SIX HEARTS ACE,0.3568,0.0044,0.6388
DIAMONDS KING SPADES EIGHT,0.3788,0.0084,0.6128
