opposingHand,winningChance,drawChance,lostChance
HEARTS TWO HEARTS JACK
SPADES FOUR DIAMONDS FOUR,0.3324,0.0508,0.6168
HEARTS FIVE HEARTS FOUR,0.5604,0.0198,0.4198
CLUBS JACK HEARTS ACE,0.2516,0.0224,0.726
DIAMONDS TWO HEARTS TEN,0.7086,0.0544,0.237
CLUBS NINE SPADES EIGHT,0.5532,0.0176,0.4292
DIAMONDS ACE SPADES EIGHT,0.4022,0.0036,0.5942
HEARTS QUEEN DIAMONDS SIX,0.379,0.0108,0.6102
SPADES JACK HEARTS QUEEN,0.2534,0.0444,0.7022
CLUBS SEVEN HEARTS EIGHT,0.5648,0.0144,0.4208
DIAMONDS JACK HEARTS ACE,0.2592,0.0224,0.7184
DIAMONDS EIGHT HEARTS NINE,0.5502,0.0192,0.4306
CLUBS JACK DIAMONDS THREE,0.2682,0.4776,0.2542
CLUBS SEVEN SPADES TWO,0.7308,0.045,0.2242
HEARTS SIX HEARTS QUEEN,0.3542,0.0162,0.6296
DIAMONDS THREE HEARTS QUEEN,0.385,0.0128,0.6022
HEARTS THREE SPADES TWO,0.691,0.055,0.254
SPADES ACE DIAMONDS ACE,0.16,0.0036,0.8364
DIAMONDS THREE DIAMONDS TEN,0.5676,0.0176,0.4148
HEARTS SEVEN HEARTS FOUR,0.5786,0.0212,0.4002
HEARTS FOUR CLUBS TWO,0.6984,0.055,0.2466
DIAMONDS QUEEN DIAMONDS FOUR,0.3758,0.013,0.6112
SPADES TEN DIAMONDS FOUR,0.612,0.0152,0.3728
DIAMONDS ACE SPADES FOUR,0.4102,0.0058,0.584
DIAMONDS TWO CLUBS FIVE,0.6912,0.0512,0.2576
DIAMONDS SEVEN CLUBS KING,0.3926,0.0064,0.601
HEARTS SEVEN CLUBS ACE,0.3986,0.0062,0.5952
DIAMONDS JACK DIAMONDS NINE,0.2466,0.157,0.5964
SPADES TEN HEARTS TEN,0.3002,0.0222,0.6776
SPADES JACK SPADES EIGHT,0.2608,0.2044,0.5348
HEARTS FOUR DIAMONDS TEN,0.6102,0.014,0.3758
SPADES JACK SPADES FIVE,0.2538,0.4058,0.3404
HEARTS SIX DIAMONDS SIX,0.3488,0.0432,0.608
SPADES QUEEN CLUBS FOUR,0.4044,0.0098,0.5858
DIAMONDS JACK SPADES FIVE,0.2558,0.438,0.3062
CLUBS TEN CLUBS ACE,0.3654,0.005,0.6296
SPADES ACE DIAMONDS FIVE,0.4006,0.0052,0.5942
CLUBS FOUR DIAMONDS SEVEN,0.5776,0.0208,0.4016
HEARTS FIVE DIAMONDS FOUR,0.5804,0.0216,0.398
SPADES ACE DIAMONDS NINE,0.3962,0.005,0.5988
CLUBS KING HEARTS NINE,0.379,0.0074,0.6136
DIAMONDS TEN HEARTS QUEEN,0.3472,0.0102,0.6426
DIAMONDS SEVEN HEARTS TEN,0.5838,0.0172,0.399
SPADES ACE SPADES TEN,0.3568,0.0036,0.6396
DIAMONDS KING SPADES TWO,0.2832,0.028,0.6888
HEARTS THREE CLUBS ACE,0.3752,0.0062,0.6186
SPADES KING HEARTS EIGHT,0.3786,0.0056,0.6158
CLUBS JACK CLUBS TWO,0.0684,0.8572,0.0744
SPADES ACE HEARTS SIX,0.401,0.0046,0.5944
DIAMONDS QUEEN HEARTS EIGHT,0.3686,0.012,0.6194
SPADES EIGHT CLUBS FOUR,0.6076,0.0148,0.3776
CLUBS EIGHT DIAMONDS ACE,0.4132,0.0056,0.5812
HEARTS KING HEARTS NINE,0.329,0.01,0.661
SPADES KING DIAMONDS NINE,0.39,0.0054,0.6046
CLUBS TWO HEARTS QUEEN,0.2574,0.0398,0.7028
DIAMONDS KING HEARTS QUEEN,0.3334,0.0104,0.6562
HEARTS SEVEN DIAMONDS SEVEN,0.3252,0.0372,0.6376
SPADES FIVE CLUBS KING,0.4118,0.008,0.5802
DIAMONDS THREE SPADES QUEEN,0.39,0.0132,0.5968
HEARTS FOUR HEARTS QUEEN,0.3434,0.011,0.6456
SPADES TWO DIAMONDS FIVE,0.689,0.057,0.254
HEARTS THREE DIAMONDS FOUR,0.5814,0.0234,0.3952
SPADES ACE CLUBS TWO,0.2808,0.0174,0.7018
CLUBS SEVEN CLUBS THREE,0.5624,0.02,0.4176
CLUBS TWO CLUBS KING,0.2712,0.0246,0.7042
CLUBS THREE SPADES FOUR,0.5978,0.019,0.3832
DIAMONDS KING HEARTS TEN,0.3624,0.009,0.6286
SPADES NINE DIAMONDS JACK,0.272,0.1562,0.5718
CLUBS TEN DIAMONDS TWO,0.726,0.0502,0.2238
SPADES QUEEN DIAMONDS ACE,0.36,0.0044,0.6356
DIAMONDS EIGHT CLUBS ACE,0.3922,0.0064,0.6014
DIAMONDS KING HEARTS KING,0.1606,0.0074,0.832
DIAMONDS NINE SPADES TWO,0.735,0.0452,0.2198
CLUBS SEVEN DIAMONDS KING,0.3928,0.0054,0.6018
SPADES TWO DIAMONDS SIX,0.7132,0.05,0.2368
SPADES FIVE HEARTS EIGHT,0.5746,0.0176,0.4078
DIAMONDS ACE HEARTS TEN,0.3722,0.0056,0.6222
SPADES QUEEN HEARTS FIVE,0.3804,0.0114,0.6082
CLUBS TEN DIAMONDS SIX,0.5952,0.0146,0.3902
DIAMONDS TWO DIAMONDS FOUR,0.6512,0.0496,0.2992
SPADES FIVE HEARTS QUEEN,0.3854,0.012,0.6026
DIAMONDS NINE CLUBS ACE,0.392,0.0054,0.6026
DIAMONDS NINE HEARTS EIGHT,0.558,0.0142,0.4278
HEARTS FIVE DIAMONDS JACK,0.252,0.4346,0.3134
DIAMONDS KING SPADES SIX,0.4082,0.0064,0.5854
SPADES ACE DIAMONDS THREE,0.3932,0.005,0.6018
HEARTS FIVE SPADES JACK,0.2508,0.4246,0.3246
HEARTS FOUR HEARTS ACE,0.3356,0.0058,0.6586
SPADES KING CLUBS ACE,0.3616,0.0064,0.632
CLUBS FIVE DIAMONDS JACK,0.274,0.4242,0.3018
DIAMONDS TWO SPADES SIX,0.718,0.0466,0.2354
HEARTS THREE SPADES SEVEN,0.618,0.019,0.363
SPADES ACE DIAMONDS JACK,0.2728,0.0176,0.7096
HEARTS SIX SPADES JACK,0.259,0.3652,0.3758
CLUBS SEVEN SPADES SEVEN,0.3332,0.0366,0.6302
CLUBS ACE DIAMONDS FOUR,0.396,0.0042,0.5998
SPADES ACE CLUBS KING,0.3528,0.0042,0.643
SPADES ACE DIAMONDS SEVEN,0.387,0.0036,0.6094
HEARTS ACE HEARTS KING,0.2982,0.0052,0.6966
DIAMONDS TEN HEARTS EIGHT,0.5572,0.017,0.4258
HEARTS SIX HEARTS THREE,0.5844,0.0238,0.3918
SPADES KING DIAMONDS ACE,0.3648,0.0062,0.629
SPADES ACE CLUBS THREE,0.3864,0.0054,0.6082
SPADES ACE HEARTS FIVE,0.3754,0.0058,0.6188
CLUBS EIGHT CLUBS SIX,0.5534,0.0188,0.4278
SPADES EIGHT DIAMONDS TEN,0.5818,0.0148,0.4034
HEARTS FIVE HEARTS TEN,0.5934,0.0194,0.3872
HEARTS EIGHT DIAMONDS FOUR,0.6024,0.0202,0.3774
SPADES SIX SPADES THREE,0.5752,0.02,0.4048
SPADES ACE CLUBS TEN,0.377,0.0048,0.6182
SPADES THREE DIAMONDS FIVE,0.591,0.0196,0.3894
HEARTS FIVE CLUBS THREE,0.589,0.0234,0.3876
HEARTS SIX DIAMONDS ACE,0.399,0.007,0.594
CLUBS FOUR SPADES TWO,0.6946,0.0522,0.2532
DIAMONDS ACE DIAMONDS FOUR,0.3676,0.0062,0.6262
SPADES EIGHT CLUBS FIVE,0.5848,0.0182,0.397
SPADES ACE DIAMONDS EIGHT,0.4,0.0048,0.5952
CLUBS THREE SPADES TWO,0.7106,0.0478,0.2416
SPADES QUEEN CLUBS NINE,0.3782,0.0126,0.6092
CLUBS FOUR CLUBS THREE,0.5526,0.02,0.4274
SPADES TEN SPADES FIVE,0.5738,0.018,0.4082
HEARTS SEVEN CLUBS KING,0.39,0.009,0.601
SPADES KING SPADES FIVE,0.383,0.0078,0.6092
DIAMONDS ACE SPADES THREE,0.3888,0.0058,0.6054
HEARTS KING HEARTS TEN,0.3224,0.0074,0.6702
SPADES SEVEN DIAMONDS SIX,0.584,0.017,0.399
SPADES FOUR SPADES THREE,0.5574,0.018,0.4246
CLUBS JACK DIAMONDS ACE,0.2616,0.026,0.7124
HEARTS FOUR HEARTS THREE,0.5906,0.024,0.3854
HEARTS SEVEN DIAMONDS THREE,0.6014,0.0242,0.3744
DIAMONDS THREE DIAMONDS FIVE,0.5446,0.0204,0.435
SPADES NINE SPADES TWO,0.6726,0.051,0.2764
SPADES EIGHT SPADES SEVEN,0.5238,0.015,0.4612
DIAMONDS THREE HEARTS FIVE,0.5916,0.0194,0.389
HEARTS FOUR SPADES NINE,0.5992,0.0194,0.3814
SPADES NINE SPADES FOUR,0.568,0.0184,0.4136
SPADES FIVE CLUBS TWO,0.7008,0.0496,0.2496
DIAMONDS EIGHT CLUBS KING,0.3902,0.0094,0.6004
SPADES QUEEN SPADES EIGHT,0.3738,0.0094,0.6168
HEARTS SEVEN CLUBS SEVEN,0.3158,0.0384,0.6458
CLUBS TEN SPADES SEVEN,0.5814,0.014,0.4046
SPADES EIGHT HEARTS EIGHT,0.3276,0.0334,0.639
HEARTS SEVEN CLUBS FOUR,0.5776,0.0206,0.4018
HEARTS THREE CLUBS QUEEN,0.3744,0.0152,0.6104
DIAMONDS TWO CLUBS EIGHT,0.7162,0.0532,0.2306
DIAMONDS SEVEN DIAMONDS SIX,0.5502,0.0144,0.4354
HEARTS THREE CLUBS TWO,0.6922,0.0544,0.2534
SPADES JACK SPADES SIX,0.2586,0.344,0.3974
HEARTS FIVE CLUBS SIX,0.5746,0.0172,0.4082
SPADES FOUR HEARTS ACE,0.3708,0.0056,0.6236
CLUBS SIX SPADES FIVE,0.5764,0.0184,0.4052
HEARTS SIX SPADES EIGHT,0.5732,0.0158,0.411
CLUBS NINE HEARTS FOUR,0.6086,0.0194,0.372
DIAMONDS KING DIAMONDS NINE,0.3638,0.0072,0.629
DIAMONDS QUEEN HEARTS TEN,0.3482,0.0128,0.639
SPADES SEVEN SPADES SIX,0.5386,0.0198,0.4416
DIAMONDS TWO HEARTS ACE,0.2666,0.0138,0.7196
DIAMONDS ACE CLUBS FIVE,0.4092,0.0038,0.587
SPADES EIGHT HEARTS KING,0.394,0.0074,0.5986
CLUBS JACK DIAMONDS TEN,0.275,0.12,0.605
HEARTS THREE CLUBS SIX,0.5968,0.0168,0.3864
SPADES ACE CLUBS EIGHT,0.3868,0.005,0.6082
HEARTS FIVE HEARTS EIGHT,0.5794,0.0216,0.399
DIAMONDS SIX DIAMONDS FOUR,0.5398,0.0198,0.4404
HEARTS FOUR SPADES FIVE,0.5714,0.0186,0.41
CLUBS THREE DIAMONDS SEVEN,0.6026,0.0218,0.3756
SPADES ACE CLUBS JACK,0.259,0.0256,0.7154
DIAMONDS QUEEN DIAMONDS FIVE,0.392,0.011,0.597
CLUBS EIGHT DIAMONDS EIGHT,0.326,0.0318,0.6422
CLUBS SIX CLUBS QUEEN,0.3764,0.0134,0.6102
HEARTS FOUR SPADES EIGHT,0.6076,0.0196,0.3728
CLUBS ACE DIAMONDS SIX,0.4078,0.004,0.5882
DIAMONDS JACK CLUBS KING,0.271,0.027,0.702
SPADES ACE SPADES JACK,0.2518,0.0232,0.725
SPADES SIX HEARTS NINE,0.595,0.0162,0.3888
DIAMONDS THREE SPADES SIX,0.6178,0.017,0.3652
HEARTS FOUR DIAMONDS KING,0.3862,0.008,0.6058
SPADES FOUR HEARTS QUEEN,0.3882,0.0108,0.601
HEARTS SEVEN DIAMONDS NINE,0.565,0.0208,0.4142
SPADES JACK CLUBS KING,0.2686,0.0306,0.7008
SPADES SIX DIAMONDS FIVE,0.5818,0.0196,0.3986
HEARTS FIVE SPADES EIGHT,0.588,0.0188,0.3932
SPADES JACK DIAMONDS FOUR,0.2668,0.48,0.2532
DIAMONDS NINE SPADES THREE,0.6122,0.0196,0.3682
HEARTS SEVEN DIAMONDS JACK,0.254,0.275,0.471
CLUBS JACK DIAMONDS SIX,0.26,0.369,0.371
CLUBS TEN SPADES TWO,0.7332,0.0544,0.2124
CLUBS ACE CLUBS QUEEN,0.3366,0.0052,0.6582
HEARTS SIX HEARTS EIGHT,0.5648,0.0146,0.4206
SPADES TWO HEARTS NINE,0.7172,0.0534,0.2294
CLUBS JACK CLUBS EIGHT,0.2534,0.2056,0.541
SPADES JACK SPADES TWO,0.0734,0.8514,0.0752
DIAMONDS TWO SPADES JACK,0.0634,0.914,0.0226
HEARTS SEVEN SPADES FIVE,0.5614,0.0228,0.4158
HEARTS SIX CLUBS ACE,0.4034,0.0042,0.5924
CLUBS FIVE DIAMONDS FOUR,0.5816,0.0182,0.4002
HEARTS SEVEN CLUBS FIVE,0.5832,0.018,0.3988
SPADES ACE SPADES QUEEN,0.3272,0.0038,0.669
SPADES KING DIAMONDS JACK,0.26,0.0294,0.7106
SPADES JACK CLUBS SEVEN,0.2648,0.2718,0.4634
DIAMONDS JACK HEARTS NINE,0.2534,0.1528,0.5938
DIAMONDS ACE DIAMONDS TEN,0.372,0.0052,0.6228
CLUBS TEN SPADES THREE,0.614,0.0186,0.3674
CLUBS TEN HEARTS FIVE,0.6012,0.0198,0.379
DIAMONDS ACE CLUBS THREE,0.3818,0.0042,0.614
SPADES QUEEN DIAMONDS NINE,0.3882,0.0094,0.6024
CLUBS JACK CLUBS QUEEN,0.2524,0.0392,0.7084
DIAMONDS TWO HEARTS KING,0.2538,0.0264,0.7198
CLUBS TWO HEARTS EIGHT,0.7126,0.0578,0.2296
DIAMONDS THREE CLUBS FOUR,0.5798,0.0246,0.3956
SPADES SIX CLUBS THREE,0.592,0.0228,0.3852
SPADES JACK HEARTS NINE,0.2612,0.1664,0.5724
HEARTS SEVEN SPADES FOUR,0.5868,0.022,0.3912
SPADES THREE HEARTS EIGHT,0.6004,0.021,0.3786
HEARTS ACE DIAMONDS SIX,0.3958,0.0044,0.5998
DIAMONDS ACE CLUBS KING,0.3572,0.0052,0.6376
HEARTS FOUR DIAMONDS JACK,0.253,0.4898,0.2572
DIAMONDS QUEEN HEARTS QUEEN,0.1756,0.0106,0.8138
CLUBS JACK DIAMONDS FOUR,0.2616,0.482,0.2564
HEARTS FIVE DIAMONDS TEN,0.6116,0.0194,0.369
CLUBS EIGHT SPADES SEVEN,0.553,0.0174,0.4296
HEARTS FOUR SPADES SIX,0.5848,0.0196,0.3956
CLUBS ACE HEARTS TEN,0.3798,0.006,0.6142
DIAMONDS TEN HEARTS TEN,0.3088,0.0212,0.67
SPADES TEN CLUBS ACE,0.3886,0.0034,0.608
HEARTS FIVE SPADES NINE,0.6002,0.0202,0.3796
SPADES TWO HEARTS EIGHT,0.7158,0.0518,0.2324
CLUBS SEVEN SPADES THREE,0.6106,0.0188,0.3706
DIAMONDS THREE CLUBS ACE,0.3968,0.0046,0.5986
CLUBS TWO SPADES THREE,0.7146,0.051,0.2344
CLUBS FOUR DIAMONDS EIGHT,0.6066,0.0192,0.3742
HEARTS THREE SPADES EIGHT,0.5974,0.0188,0.3838
HEARTS THREE HEARTS EIGHT,0.607,0.02,0.373
HEARTS SEVEN DIAMONDS FIVE,0.5796,0.017,0.4034
SPADES THREE HEARTS QUEEN,0.3834,0.0146,0.602
DIAMONDS JACK CLUBS QUEEN,0.2742,0.0332,0.6926
DIAMONDS THREE HEARTS THREE,0.3418,0.053,0.6052
SPADES FOUR CLUBS ACE,0.392,0.0048,0.6032
CLUBS SIX HEARTS TEN,0.5936,0.0172,0.3892
HEARTS ACE HEARTS NINE,0.3318,0.0064,0.6618
HEARTS FIVE DIAMONDS QUEEN,0.3734,0.012,0.6146
SPADES THREE DIAMONDS EIGHT,0.624,0.0204,0.3556
CLUBS NINE SPADES FIVE,0.6032,0.017,0.3798
SPADES ACE CLUBS ACE,0.1578,0.0042,0.838
DIAMONDS KING SPADES SEVEN,0.3966,0.0072,0.5962
SPADES SIX DIAMONDS SIX,0.3498,0.0394,0.6108
SPADES SEVEN DIAMONDS SEVEN,0.3414,0.0356,0.623
HEARTS QUEEN DIAMONDS FIVE,0.3906,0.0128,0.5966
HEARTS THREE DIAMONDS JACK,0.2524,0.5048,0.2428
HEARTS KING HEARTS EIGHT,0.352,0.0102,0.6378
CLUBS NINE CLUBS ACE,0.371,0.0044,0.6246
CLUBS SEVEN DIAMONDS FIVE,0.5952,0.0186,0.3862
SPADES FIVE HEARTS TEN,0.6082,0.021,0.3708
CLUBS FIVE DIAMONDS TEN,0.6128,0.0144,0.3728
CLUBS SIX SPADES SEVEN,0.5648,0.0174,0.4178
CLUBS FOUR HEARTS KING,0.3806,0.0092,0.6102
HEARTS THREE DIAMONDS SIX,0.5962,0.0242,0.3796
SPADES TEN DIAMONDS JACK,0.2602,0.112,0.6278
HEARTS SEVEN HEARTS FIVE,0.5562,0.0214,0.4224
HEARTS ACE DIAMONDS FOUR,0.3726,0.0058,0.6216
DIAMONDS TWO SPADES SEVEN,0.7134,0.0486,0.238
DIAMONDS THREE SPADES JACK,0.2608,0.4878,0.2514
CLUBS SIX DIAMONDS ACE,0.409,0.0044,0.5866
SPADES KING DIAMONDS FOUR,0.3958,0.0096,0.5946
SPADES NINE DIAMONDS ACE,0.3988,0.0042,0.597
CLUBS EIGHT CLUBS THREE,0.5796,0.0176,0.4028
CLUBS THREE DIAMONDS SIX,0.6096,0.0206,0.3698
HEARTS SIX CLUBS SIX,0.3358,0.0402,0.624
CLUBS THREE DIAMONDS JACK,0.2676,0.4944,0.238
SPADES EIGHT CLUBS KING,0.4098,0.0098,0.5804
SPADES FOUR HEARTS KING,0.3852,0.0098,0.605
CLUBS TWO CLUBS QUEEN,0.2724,0.0366,0.691
CLUBS FOUR DIAMONDS NINE,0.6138,0.0172,0.369
SPADES JACK CLUBS FOUR,0.2706,0.4698,0.2596
DIAMONDS JACK DIAMONDS FIVE,0.2444,0.4116,0.344
SPADES KING SPADES FOUR,0.3834,0.0098,0.6068
CLUBS JACK CLUBS KING,0.2654,0.0316,0.703
SPADES KING SPADES QUEEN,0.3368,0.0072,0.656
SPADES EIGHT SPADES SIX,0.545,0.0208,0.4342
CLUBS TEN CLUBS SIX,0.5764,0.0146,0.409
HEARTS SEVEN DIAMONDS EIGHT,0.5578,0.0154,0.4268
SPADES QUEEN HEARTS TEN,0.3484,0.013,0.6386
SPADES SEVEN HEARTS EIGHT,0.558,0.0178,0.4242
CLUBS EIGHT HEARTS FOUR,0.5926,0.019,0.3884
CLUBS JACK DIAMONDS QUEEN,0.2738,0.0424,0.6838
CLUBS THREE HEARTS KING,0.3856,0.0092,0.6052
HEARTS SEVEN CLUBS THREE,0.5942,0.0202,0.3856
CLUBS TWO DIAMONDS EIGHT,0.7172,0.0488,0.234
CLUBS TWO DIAMONDS TEN,0.714,0.0518,0.2342
SPADES NINE HEARTS NINE,0.3054,0.0244,0.6702
DIAMONDS JACK CLUBS ACE,0.2728,0.0212,0.706
CLUBS NINE SPADES SEVEN,0.5796,0.015,0.4054
CLUBS THREE CLUBS TWO,0.6692,0.0528,0.278
DIAMONDS SIX HEARTS NINE,0.5898,0.0174,0.3928
SPADES EIGHT CLUBS TWO,0.7158,0.0556,0.2286
SPADES EIGHT DIAMONDS QUEEN,0.4024,0.0106,0.587
CLUBS SEVEN SPADES EIGHT,0.5652,0.0178,0.417
SPADES NINE HEARTS EIGHT,0.5512,0.016,0.4328
SPADES FOUR HEARTS EIGHT,0.5994,0.0182,0.3824
CLUBS EIGHT DIAMONDS NINE,0.5686,0.0176,0.4138
CLUBS EIGHT HEARTS KING,0.3974,0.009,0.5936
SPADES TEN SPADES NINE,0.5206,0.0168,0.4626
SPADES QUEEN DIAMONDS QUEEN,0.1812,0.0086,0.8102
DIAMONDS QUEEN DIAMONDS JACK,0.249,0.041,0.71
SPADES SEVEN HEARTS QUEEN,0.3828,0.011,0.6062
HEARTS SEVEN DIAMONDS ACE,0.3932,0.0054,0.6014
CLUBS TWO CLUBS ACE,0.2758,0.0152,0.709
SPADES ACE DIAMONDS TWO,0.2862,0.016,0.6978
CLUBS JACK DIAMONDS TWO,0.072,0.9078,0.0202
SPADES FIVE DIAMONDS TEN,0.6184,0.017,0.3646
CLUBS TEN SPADES FIVE,0.627,0.0172,0.3558
CLUBS FIVE DIAMONDS EIGHT,0.5932,0.0182,0.3886
CLUBS FIVE CLUBS TWO,0.661,0.0506,0.2884
CLUBS NINE SPADES TEN,0.5642,0.0152,0.4206
CLUBS NINE DIAMONDS ACE,0.3946,0.0032,0.6022
HEARTS THREE SPADES NINE,0.6074,0.0206,0.372
HEARTS QUEEN HEARTS NINE,0.3246,0.0086,0.6668
HEARTS FIVE DIAMONDS FIVE,0.3382,0.0444,0.6174
CLUBS EIGHT CLUBS QUEEN,0.361,0.0102,0.6288
DIAMONDS NINE DIAMONDS FIVE,0.5652,0.0172,0.4176
SPADES NINE DIAMONDS SEVEN,0.578,0.0158,0.4062
SPADES TEN SPADES EIGHT,0.5396,0.016,0.4444
CLUBS FIVE SPADES THREE,0.597,0.0222,0.3808
CLUBS ACE HEARTS NINE,0.3776,0.0046,0.6178
CLUBS JACK SPADES NINE,0.279,0.1554,0.5656
CLUBS FOUR DIAMONDS QUEEN,0.3992,0.013,0.5878
SPADES QUEEN CLUBS SIX,0.3964,0.009,0.5946
SPADES KING HEARTS FIVE,0.3862,0.009,0.6048
DIAMONDS TWO SPADES FOUR,0.6968,0.0518,0.2514
CLUBS NINE HEARTS ACE,0.3888,0.0048,0.6064
DIAMONDS TEN HEARTS KING,0.3636,0.0084,0.628
CLUBS TWO HEARTS NINE,0.7162,0.0558,0.228
DIAMONDS THREE HEARTS NINE,0.6174,0.0196,0.363
CLUBS TEN DIAMONDS ACE,0.3798,0.005,0.6152
CLUBS NINE HEARTS FIVE,0.5872,0.0162,0.3966
CLUBS JACK HEARTS EIGHT,0.2506,0.2134,0.536
HEARTS ACE HEARTS EIGHT,0.3352,0.0054,0.6594
CLUBS SIX SPADES SIX,0.3438,0.0392,0.617
SPADES FOUR HEARTS TEN,0.617,0.0194,0.3636
HEARTS SEVEN CLUBS QUEEN,0.391,0.0096,0.5994
CLUBS NINE DIAMONDS FIVE,0.6106,0.0182,0.3712
CLUBS TWO DIAMONDS NINE,0.7198,0.0536,0.2266
DIAMONDS NINE HEARTS KING,0.3614,0.007,0.6316
CLUBS TWO DIAMONDS SIX,0.7206,0.0442,0.2352
HEARTS KING DIAMONDS SIX,0.3984,0.0084,0.5932
HEARTS SEVEN DIAMONDS SIX,0.5684,0.02,0.4116
DIAMONDS THREE CLUBS FIVE,0.5966,0.0194,0.384
SPADES EIGHT DIAMONDS FIVE,0.5858,0.0188,0.3954
HEARTS FOUR HEARTS KING,0.3454,0.012,0.6426
HEARTS SEVEN SPADES NINE,0.5778,0.0156,0.4066
CLUBS TEN SPADES SIX,0.5982,0.0164,0.3854
CLUBS JACK DIAMONDS EIGHT,0.2666,0.217,0.5164
CLUBS JACK SPADES SEVEN,0.2794,0.2788,0.4418
CLUBS TEN SPADES NINE,0.5598,0.0138,0.4264
DIAMONDS TWO DIAMONDS SIX,0.6748,0.0466,0.2786
SPADES FIVE CLUBS QUEEN,0.3978,0.011,0.5912
CLUBS TEN CLUBS FIVE,0.5664,0.0206,0.413
HEARTS SEVEN SPADES JACK,0.25,0.281,0.469
DIAMONDS ACE DIAMONDS KING,0.3266,0.0048,0.6686
SPADES NINE DIAMONDS TEN,0.5598,0.017,0.4232
SPADES TEN DIAMONDS FIVE,0.6156,0.0168,0.3676
HEARTS SIX DIAMONDS TWO,0.7102,0.0502,0.2396
CLUBS EIGHT SPADES FIVE,0.5786,0.0196,0.4018
HEARTS FOUR CLUBS FOUR,0.344,0.0504,0.6056
SPADES KING SPADES SEVEN,0.3854,0.0084,0.6062
SPADES SEVEN SPADES FIVE,0.5566,0.0158,0.4276
CLUBS SIX CLUBS TWO,0.6704,0.0492,0.2804
SPADES QUEEN SPADES JACK,0.2522,0.0422,0.7056
HEARTS FOUR DIAMONDS NINE,0.6054,0.02,0.3746
SPADES JACK SPADES SEVEN,0.2638,0.2596,0.4766
DIAMONDS JACK HEARTS QUEEN,0.2426,0.0448,0.7126
DIAMONDS NINE DIAMONDS SIX,0.5542,0.0164,0.4294
DIAMONDS THREE DIAMONDS TWO,0.6722,0.051,0.2768
CLUBS SEVEN CLUBS QUEEN,0.3786,0.0118,0.6096
HEARTS FIVE SPADES THREE,0.5716,0.022,0.4064
HEARTS THREE SPADES THREE,0.3406,0.0538,0.6056
HEARTS THREE DIAMONDS ACE,0.3828,0.0038,0.6134
DIAMONDS TEN DIAMONDS FOUR,0.5756,0.0172,0.4072
SPADES TEN SPADES TWO,0.6812,0.051,0.2678
SPADES QUEEN HEARTS KING,0.335,0.0092,0.6558
DIAMONDS TWO SPADES FIVE,0.689,0.0528,0.2582
SPADES ACE CLUBS QUEEN,0.3634,0.0042,0.6324
DIAMONDS ACE DIAMONDS JACK,0.2544,0.0182,0.7274
CLUBS EIGHT CLUBS ACE,0.378,0.0056,0.6164
SPADES ACE CLUBS SEVEN,0.4036,0.0046,0.5918
CLUBS JACK DIAMONDS KING,0.2728,0.0268,0.7004
CLUBS EIGHT DIAMONDS TEN,0.568,0.0156,0.4164
SPADES ACE CLUBS FIVE,0.4094,0.0052,0.5854
SPADES EIGHT DIAMONDS KING,0.4066,0.0074,0.586
HEARTS SEVEN SPADES SEVEN,0.3288,0.0398,0.6314
DIAMONDS QUEEN CLUBS THREE,0.401,0.0126,0.5864
HEARTS TEN HEARTS EIGHT,0.5574,0.0166,0.426
DIAMONDS KING SPADES FOUR,0.3988,0.0088,0.5924
DIAMONDS JACK SPADES THREE,0.2722,0.4768,0.251
HEARTS SIX CLUBS FOUR,0.5778,0.0192,0.403
DIAMONDS SEVEN HEARTS EIGHT,0.5576,0.0182,0.4242
DIAMONDS KING CLUBS ACE,0.3516,0.0044,0.644
CLUBS KING CLUBS QUEEN,0.3246,0.0106,0.6648
CLUBS FIVE CLUBS KING,0.382,0.0062,0.6118
SPADES SEVEN CLUBS KING,0.4022,0.0058,0.592
DIAMONDS THREE CLUBS QUEEN,0.3942,0.0128,0.593
SPADES TWO DIAMONDS FOUR,0.699,0.0508,0.2502
CLUBS FIVE DIAMONDS KING,0.4048,0.0066,0.5886
DIAMONDS NINE CLUBS QUEEN,0.385,0.0088,0.6062
CLUBS THREE HEARTS EIGHT,0.6104,0.0202,0.3694
DIAMONDS QUEEN DIAMONDS NINE,0.356,0.0072,0.6368
CLUBS THREE CLUBS QUEEN,0.382,0.016,0.602
CLUBS EIGHT DIAMONDS KING,0.4106,0.0062,0.5832
CLUBS FIVE DIAMONDS NINE,0.6024,0.0192,0.3784
SPADES EIGHT CLUBS QUEEN,0.3824,0.0096,0.608
CLUBS JACK SPADES QUEEN,0.2798,0.0416,0.6786
CLUBS JACK HEARTS QUEEN,0.2472,0.0418,0.711
CLUBS SIX CLUBS FOUR,0.5556,0.019,0.4254
CLUBS JACK DIAMONDS NINE,0.277,0.159,0.564
HEARTS ACE CLUBS ACE,0.1516,0.0044,0.844
CLUBS NINE CLUBS THREE,0.5766,0.0178,0.4056
CLUBS THREE DIAMONDS NINE,0.6262,0.0188,0.355
CLUBS JACK HEARTS THREE,0.245,0.495,0.26
CLUBS EIGHT HEARTS NINE,0.5618,0.0146,0.4236
SPADES NINE HEARTS TEN,0.5564,0.0142,0.4294
CLUBS SEVEN DIAMONDS SIX,0.5674,0.0198,0.4128
DIAMONDS THREE DIAMONDS ACE,0.367,0.004,0.629
SPADES ACE HEARTS ACE,0.1558,0.0058,0.8384
SPADES SIX CLUBS QUEEN,0.4048,0.0086,0.5866
CLUBS TEN HEARTS SIX,0.6026,0.0182,0.3792
SPADES FOUR DIAMONDS NINE,0.6174,0.0156,0.367
DIAMONDS KING DIAMONDS EIGHT,0.3716,0.009,0.6194
CLUBS JACK CLUBS TEN,0.2594,0.1044,0.6362
SPADES QUEEN DIAMONDS TEN,0.3688,0.01,0.6212
HEARTS SEVEN HEARTS NINE,0.5578,0.0196,0.4226
HEARTS NINE DIAMONDS FOUR,0.606,0.0182,0.3758
CLUBS NINE SPADES FOUR,0.6064,0.0178,0.3758
CLUBS TEN DIAMONDS EIGHT,0.581,0.017,0.402
HEARTS FIVE DIAMONDS ACE,0.3864,0.006,0.6076
HEARTS FIVE DIAMONDS KING,0.3878,0.0068,0.6054
CLUBS KING HEARTS EIGHT,0.3954,0.0078,0.5968
SPADES NINE DIAMONDS FIVE,0.5994,0.0166,0.384
SPADES ACE SPADES TWO,0.2642,0.0154,0.7204
CLUBS JACK SPADES FIVE,0.2734,0.4268,0.2998
DIAMONDS THREE CLUBS SEVEN,0.6028,0.0212,0.376
SPADES TEN SPADES SIX,0.5638,0.0144,0.4218
DIAMONDS TEN SPADES THREE,0.6134,0.0196,0.367
SPADES QUEEN DIAMONDS EIGHT,0.3812,0.0104,0.6084
SPADES TEN CLUBS THREE,0.6072,0.0202,0.3726
CLUBS EIGHT DIAMONDS SIX,0.5778,0.0142,0.408
SPADES KING SPADES NINE,0.3634,0.007,0.6296
CLUBS EIGHT CLUBS FOUR,0.564,0.0176,0.4184
HEARTS FOUR SPADES THREE,0.585,0.0232,0.3918
DIAMONDS QUEEN SPADES FOUR,0.406,0.014,0.58
DIAMONDS THREE SPADES TEN,0.6208,0.0218,0.3574
CLUBS FIVE CLUBS FOUR,0.5442,0.0174,0.4384
CLUBS TEN HEARTS KING,0.3642,0.0076,0.6282
SPADES TEN CLUBS SIX,0.597,0.019,0.384
DIAMONDS NINE HEARTS QUEEN,0.3646,0.0114,0.624
DIAMONDS JACK DIAMONDS EIGHT,0.2702,0.1918,0.538
HEARTS FOUR DIAMONDS SEVEN,0.5842,0.023,0.3928
SPADES KING CLUBS TEN,0.3842,0.0058,0.61
SPADES SIX SPADES FOUR,0.5482,0.0186,0.4332
SPADES QUEEN SPADES NINE,0.3454,0.0106,0.644
DIAMONDS TWO SPADES EIGHT,0.717,0.0544,0.2286
CLUBS JACK DIAMONDS JACK,0.1404,0.0344,0.8252
DIAMONDS KING DIAMONDS TEN,0.3538,0.0078,0.6384
SPADES JACK CLUBS TWO,0.0704,0.9048,0.0248
SPADES EIGHT HEARTS ACE,0.3774,0.0056,0.617
DIAMONDS KING CLUBS FOUR,0.3906,0.0082,0.6012
SPADES KING CLUBS FIVE,0.4,0.0046,0.5954
SPADES JACK HEARTS THREE,0.2496,0.4972,0.2532
SPADES FIVE DIAMONDS EIGHT,0.5986,0.0182,0.3832
DIAMONDS TEN CLUBS ACE,0.3742,0.0034,0.6224
DIAMONDS SIX DIAMONDS FIVE,0.5356,0.0204,0.444
CLUBS TWO SPADES FOUR,0.6942,0.0546,0.2512
SPADES QUEEN DIAMONDS FIVE,0.3842,0.0128,0.603
DIAMONDS TWO CLUBS SIX,0.707,0.0488,0.2442
CLUBS TEN DIAMONDS SEVEN,0.5818,0.0158,0.4024
CLUBS SEVEN CLUBS TWO,0.6858,0.0488,0.2654
CLUBS THREE HEARTS TEN,0.6082,0.0176,0.3742
DIAMONDS ACE HEARTS KING,0.3448,0.0056,0.6496
CLUBS SEVEN DIAMONDS JACK,0.269,0.2708,0.4602
HEARTS FIVE SPADES FIVE,0.3364,0.0462,0.6174
DIAMONDS TEN DIAMONDS EIGHT,0.5356,0.0154,0.449
CLUBS FIVE DIAMONDS SIX,0.5914,0.0196,0.389
DIAMONDS NINE DIAMONDS FOUR,0.5726,0.0156,0.4118
CLUBS JACK SPADES JACK,0.1262,0.0376,0.8362
HEARTS SIX SPADES TEN,0.5926,0.021,0.3864
SPADES QUEEN DIAMONDS SIX,0.3898,0.0096,0.6006
SPADES ACE HEARTS QUEEN,0.3368,0.0046,0.6586
CLUBS TEN CLUBS QUEEN,0.3314,0.0114,0.6572
SPADES FOUR HEARTS NINE,0.6124,0.022,0.3656
SPADES TEN DIAMONDS QUEEN,0.3774,0.0098,0.6128
SPADES FOUR DIAMONDS SEVEN,0.592,0.0202,0.3878
DIAMONDS QUEEN DIAMONDS EIGHT,0.364,0.0096,0.6264
HEARTS SEVEN CLUBS TEN,0.5804,0.0168,0.4028
SPADES TEN SPADES SEVEN,0.5502,0.019,0.4308
SPADES NINE HEARTS KING,0.3742,0.0094,0.6164
SPADES EIGHT DIAMONDS JACK,0.2638,0.2098,0.5264
CLUBS NINE HEARTS KING,0.3848,0.0062,0.609
HEARTS THREE CLUBS FIVE,0.5872,0.019,0.3938
DIAMONDS EIGHT HEARTS QUEEN,0.3726,0.0086,0.6188
HEARTS SIX CLUBS NINE,0.5916,0.0178,0.3906
SPADES SIX CLUBS ACE,0.3904,0.0054,0.6042
SPADES THREE DIAMONDS SIX,0.6084,0.0188,0.3728
SPADES NINE CLUBS TWO,0.735,0.0522,0.2128
SPADES FIVE HEARTS ACE,0.3838,0.0072,0.609
CLUBS FOUR DIAMONDS JACK,0.2708,0.473,0.2562
CLUBS EIGHT CLUBS TWO,0.6702,0.0538,0.276
DIAMONDS THREE DIAMONDS SIX,0.5568,0.0182,0.425
CLUBS TEN SPADES JACK,0.2794,0.1186,0.602
CLUBS JACK DIAMONDS FIVE,0.2704,0.4342,0.2954
SPADES TEN SPADES THREE,0.5716,0.0176,0.4108
DIAMONDS TWO DIAMONDS JACK,0.0666,0.8632,0.0702
SPADES ACE DIAMONDS TEN,0.3866,0.006,0.6074
CLUBS FIVE HEARTS NINE,0.605,0.0198,0.3752
SPADES QUEEN DIAMONDS FOUR,0.3918,0.011,0.5972
HEARTS ACE SPADES TWO,0.2722,0.0182,0.7096
CLUBS TWO DIAMONDS SEVEN,0.7114,0.0504,0.2382
CLUBS SIX SPADES EIGHT,0.5896,0.0166,0.3938
SPADES KING DIAMONDS TEN,0.369,0.0064,0.6246
SPADES ACE CLUBS SIX,0.4036,0.0048,0.5916
DIAMONDS THREE CLUBS TEN,0.6148,0.0194,0.3658
CLUBS SEVEN DIAMONDS EIGHT,0.573,0.0168,0.4102
HEARTS SIX DIAMONDS QUEEN,0.3822,0.0122,0.6056
CLUBS NINE HEARTS NINE,0.3134,0.0264,0.6602
CLUBS FOUR CLUBS TWO,0.666,0.046,0.288
DIAMONDS NINE DIAMONDS SEVEN,0.5548,0.0132,0.432
SPADES NINE SPADES SEVEN,0.5408,0.0166,0.4426
SPADES TWO CLUBS ACE,0.2762,0.0166,0.7072
SPADES ACE HEARTS FOUR,0.3696,0.0066,0.6238
SPADES KING DIAMONDS TWO,0.2922,0.0274,0.6804
DIAMONDS THREE HEARTS ACE,0.3682,0.006,0.6258
CLUBS TEN DIAMONDS JACK,0.2678,0.1144,0.6178
DIAMONDS THREE DIAMONDS SEVEN,0.564,0.0184,0.4176
DIAMONDS SIX CLUBS QUEEN,0.3858,0.0092,0.605
DIAMONDS EIGHT DIAMONDS FIVE,0.5442,0.0164,0.4394
SPADES ACE SPADES FIVE,0.3666,0.004,0.6294
SPADES NINE CLUBS THREE,0.6236,0.0162,0.3602
SPADES FIVE HEARTS NINE,0.5848,0.0206,0.3946
SPADES NINE SPADES EIGHT,0.5364,0.0156,0.448
DIAMONDS JACK SPADES FOUR,0.2654,0.4734,0.2612
CLUBS JACK CLUBS THREE,0.2544,0.4548,0.2908
DIAMONDS THREE CLUBS TWO,0.699,0.057,0.244
HEARTS QUEEN CLUBS ACE,0.3512,0.0054,0.6434
CLUBS QUEEN HEARTS EIGHT,0.3826,0.012,0.6054
CLUBS FIVE HEARTS QUEEN,0.3786,0.011,0.6104
SPADES QUEEN HEARTS FOUR,0.3954,0.0118,0.5928
SPADES FIVE DIAMONDS SEVEN,0.576,0.0194,0.4046
CLUBS NINE CLUBS SIX,0.5562,0.014,0.4298
DIAMONDS KING CLUBS TWO,0.283,0.0288,0.6882
SPADES QUEEN HEARTS QUEEN,0.1726,0.0086,0.8188
CLUBS JACK CLUBS FOUR,0.2438,0.4418,0.3144
CLUBS SIX CLUBS FIVE,0.5432,0.0214,0.4354
HEARTS SIX CLUBS KING,0.3934,0.0068,0.5998
HEARTS SIX SPADES FOUR,0.5854,0.0228,0.3918
CLUBS THREE CLUBS KING,0.3944,0.01,0.5956
CLUBS TEN HEARTS EIGHT,0.5724,0.018,0.4096
CLUBS NINE DIAMONDS KING,0.3976,0.0062,0.5962
SPADES KING SPADES SIX,0.38,0.008,0.612
SPADES TWO HEARTS TEN,0.728,0.0434,0.2286
HEARTS SIX CLUBS EIGHT,0.5716,0.0174,0.411
DIAMONDS TWO SPADES QUEEN,0.2748,0.0372,0.688
HEARTS SIX DIAMONDS FOUR,0.5794,0.0208,0.3998
SPADES QUEEN HEARTS THREE,0.3812,0.014,0.6048
CLUBS JACK CLUBS FIVE,0.2598,0.4018,0.3384
HEARTS SEVEN DIAMONDS TEN,0.5812,0.0154,0.4034
DIAMONDS THREE DIAMONDS EIGHT,0.584,0.0208,0.3952
SPADES QUEEN CLUBS FIVE,0.4014,0.0112,0.5874
CLUBS SIX DIAMONDS FIVE,0.5718,0.0174,0.4108
SPADES FOUR DIAMONDS FIVE,0.5798,0.0188,0.4014
SPADES QUEEN CLUBS THREE,0.4036,0.0122,0.5842
SPADES FIVE CLUBS ACE,0.3896,0.005,0.6054
HEARTS QUEEN DIAMONDS FOUR,0.3846,0.0132,0.6022
HEARTS SIX DIAMONDS FIVE,0.5586,0.0198,0.4216
HEARTS QUEEN CLUBS KING,0.3336,0.0076,0.6588
SPADES TEN HEARTS QUEEN,0.354,0.0116,0.6344
CLUBS JACK HEARTS FOUR,0.246,0.4894,0.2646
SPADES ACE HEARTS SEVEN,0.387,0.006,0.607
CLUBS TEN CLUBS EIGHT,0.5356,0.019,0.4454
DIAMONDS KING DIAMONDS SIX,0.3754,0.0084,0.6162
HEARTS SEVEN HEARTS KING,0.3474,0.0076,0.645
DIAMONDS TEN DIAMONDS NINE,0.5274,0.0134,0.4592
SPADES JACK DIAMONDS JACK,0.1304,0.0372,0.8324
CLUBS QUEEN DIAMONDS FOUR,0.4074,0.012,0.5806
HEARTS FOUR CLUBS FIVE,0.561,0.0212,0.4178
CLUBS FIVE DIAMONDS QUEEN,0.4006,0.0116,0.5878
SPADES KING CLUBS KING,0.1712,0.0078,0.821
DIAMONDS KING DIAMONDS QUEEN,0.3164,0.0086,0.675
SPADES THREE SPADES TWO,0.6584,0.0548,0.2868
CLUBS NINE DIAMONDS SEVEN,0.5758,0.016,0.4082
CLUBS TEN HEARTS THREE,0.6108,0.0204,0.3688
CLUBS EIGHT SPADES TWO,0.7086,0.0568,0.2346
SPADES TEN CLUBS FOUR,0.6254,0.0156,0.359
CLUBS SIX DIAMONDS FOUR,0.5846,0.0192,0.3962
DIAMONDS KING HEARTS EIGHT,0.393,0.0094,0.5976
CLUBS FIVE SPADES TWO,0.693,0.0518,0.2552
CLUBS EIGHT HEARTS TEN,0.5688,0.0134,0.4178
CLUBS ACE HEARTS EIGHT,0.386,0.0066,0.6074
SPADES SIX DIAMONDS FOUR,0.5926,0.0172,0.3902
DIAMONDS ACE SPADES SEVEN,0.3988,0.0038,0.5974
CLUBS FOUR CLUBS ACE,0.3754,0.0026,0.622
CLUBS FIVE HEARTS EIGHT,0.5818,0.0172,0.401
DIAMONDS TWO DIAMONDS SEVEN,0.6806,0.0466,0.2728
HEARTS SEVEN SPADES EIGHT,0.552,0.0174,0.4306
SPADES QUEEN SPADES THREE,0.3732,0.0154,0.6114
DIAMONDS QUEEN SPADES THREE,0.4,0.0106,0.5894
SPADES QUEEN SPADES FOUR,0.3676,0.0122,0.6202
DIAMONDS SIX CLUBS KING,0.4166,0.009,0.5744
HEARTS FOUR CLUBS KING,0.3932,0.0088,0.598
CLUBS EIGHT CLUBS SEVEN,0.5252,0.0164,0.4584
DIAMONDS TWO CLUBS THREE,0.7058,0.0484,0.2458
HEARTS SEVEN HEARTS QUEEN,0.3416,0.0146,0.6438
HEARTS SIX HEARTS TEN,0.5894,0.0166,0.394
SPADES JACK HEARTS EIGHT,0.2542,0.2114,0.5344
DIAMONDS EIGHT DIAMONDS FOUR,0.5646,0.0196,0.4158
SPADES QUEEN CLUBS KING,0.357,0.008,0.635
SPADES SIX CLUBS KING,0.4066,0.0088,0.5846
CLUBS TEN SPADES FOUR,0.6092,0.0194,0.3714
HEARTS THREE CLUBS THREE,0.3398,0.0504,0.6098
HEARTS SEVEN DIAMONDS QUEEN,0.4008,0.0112,0.588
SPADES QUEEN CLUBS TWO,0.2918,0.0444,0.6638
SPADES TEN HEARTS ACE,0.3726,0.0038,0.6236
CLUBS FIVE CLUBS ACE,0.37,0.0062,0.6238
DIAMONDS QUEEN CLUBS ACE,0.3486,0.0052,0.6462
CLUBS ACE DIAMONDS FIVE,0.3852,0.0032,0.6116
SPADES ACE HEARTS TEN,0.387,0.0056,0.6074
DIAMONDS QUEEN DIAMONDS SIX,0.3806,0.0116,0.6078
HEARTS FOUR HEARTS EIGHT,0.5924,0.0208,0.3868
DIAMONDS THREE CLUBS KING,0.4056,0.009,0.5854
DIAMONDS QUEEN SPADES TWO,0.2822,0.038,0.6798
HEARTS TEN CLUBS KING,0.3704,0.0076,0.622
CLUBS JACK CLUBS SEVEN,0.258,0.2588,0.4832
HEARTS KING DIAMONDS FIVE,0.3738,0.0074,0.6188
SPADES TEN DIAMONDS NINE,0.5642,0.016,0.4198
SPADES SEVEN CLUBS TWO,0.7278,0.0436,0.2286
HEARTS THREE DIAMONDS KING,0.3912,0.0104,0.5984
CLUBS THREE CLUBS ACE,0.3632,0.0038,0.633
DIAMONDS TWO CLUBS KING,0.2922,0.0292,0.6786
HEARTS FIVE DIAMONDS EIGHT,0.5778,0.0212,0.401
SPADES JACK DIAMONDS ACE,0.2548,0.0184,0.7268
DIAMONDS ACE DIAMONDS SEVEN,0.3728,0.0048,0.6224
DIAMONDS FIVE DIAMONDS FOUR,0.5376,0.0178,0.4446
DIAMONDS TWO DIAMONDS KING,0.2662,0.0286,0.7052
DIAMONDS ACE SPADES SIX,0.397,0.0042,0.5988
CLUBS TEN HEARTS NINE,0.5606,0.019,0.4204
HEARTS THREE DIAMONDS QUEEN,0.3902,0.0138,0.596
SPADES KING DIAMONDS SEVEN,0.3978,0.009,0.5932
SPADES THREE DIAMONDS SEVEN,0.6038,0.0204,0.3758
CLUBS TEN DIAMONDS TEN,0.3034,0.0222,0.6744
HEARTS SIX CLUBS QUEEN,0.3898,0.0104,0.5998
CLUBS JACK CLUBS NINE,0.2562,0.1536,0.5902
SPADES KING CLUBS SIX,0.4004,0.0078,0.5918
SPADES QUEEN CLUBS SEVEN,0.394,0.0092,0.5968
HEARTS QUEEN DIAMONDS SEVEN,0.3944,0.0146,0.591
SPADES TEN CLUBS FIVE,0.6126,0.019,0.3684
HEARTS SIX HEARTS FIVE,0.5638,0.0214,0.4148
CLUBS JACK HEARTS SEVEN,0.2516,0.2822,0.4662
CLUBS TEN DIAMONDS NINE,0.5638,0.0136,0.4226
SPADES THREE CLUBS KING,0.4018,0.0086,0.5896
CLUBS TWO HEARTS ACE,0.2668,0.0184,0.7148
SPADES JACK DIAMONDS KING,0.272,0.0246,0.7034
HEARTS FOUR CLUBS SIX,0.5754,0.0192,0.4054
DIAMONDS JACK SPADES TWO,0.0712,0.9078,0.021
CLUBS NINE DIAMONDS JACK,0.2712,0.1554,0.5734
SPADES ACE DIAMONDS QUEEN,0.3532,0.0048,0.642
SPADES SEVEN CLUBS ACE,0.399,0.0046,0.5964
SPADES ACE CLUBS NINE,0.3928,0.0044,0.6028
SPADES FIVE DIAMONDS FIVE,0.3424,0.0494,0.6082
CLUBS EIGHT SPADES FOUR,0.6074,0.0196,0.373
DIAMONDS TEN DIAMONDS SIX,0.5696,0.0182,0.4122
HEARTS FIVE DIAMONDS SIX,0.56,0.0204,0.4196
DIAMONDS NINE DIAMONDS EIGHT,0.5272,0.0168,0.456
CLUBS SEVEN CLUBS ACE,0.3744,0.0042,0.6214
CLUBS NINE CLUBS QUEEN,0.3612,0.0116,0.6272
DIAMONDS KING CLUBS KING,0.1704,0.0076,0.822
DIAMONDS THREE SPADES FIVE,0.5794,0.0216,0.399
SPADES SEVEN CLUBS QUEEN,0.397,0.0126,0.5904
SPADES QUEEN SPADES SEVEN,0.39,0.0098,0.6002
CLUBS SIX HEARTS KING,0.3808,0.009,0.6102
SPADES FIVE SPADES THREE,0.5528,0.0164,0.4308
DIAMONDS KING HEARTS NINE,0.3806,0.0072,0.6122
SPADES ACE SPADES SIX,0.3718,0.0052,0.623
DIAMONDS NINE HEARTS NINE,0.3126,0.0314,0.656
DIAMONDS JACK HEARTS EIGHT,0.2634,0.2118,0.5248
SPADES FIVE DIAMONDS SIX,0.5742,0.018,0.4078
CLUBS FIVE CLUBS QUEEN,0.3754,0.0144,0.6102
CLUBS SIX HEARTS ACE,0.3914,0.0048,0.6038
DIAMONDS TWO SPADES THREE,0.711,0.053,0.236
HEARTS FOUR HEARTS TEN,0.6068,0.0192,0.374
CLUBS THREE HEARTS ACE,0.382,0.0072,0.6108
SPADES FOUR SPADES TWO,0.6538,0.0554,0.2908
HEARTS FOUR SPADES TWO,0.6918,0.0544,0.2538
CLUBS SIX DIAMONDS SEVEN,0.5748,0.02,0.4052
CLUBS EIGHT HEARTS THREE,0.617,0.0166,0.3664
CLUBS FOUR HEARTS NINE,0.6024,0.0216,0.376
DIAMONDS ACE DIAMONDS FIVE,0.3652,0.0048,0.63
CLUBS EIGHT CLUBS KING,0.3802,0.0056,0.6142
CLUBS SEVEN HEARTS THREE,0.5936,0.018,0.3884
HEARTS KING DIAMONDS SEVEN,0.3922,0.0052,0.6026
DIAMONDS JACK DIAMONDS SEVEN,0.2476,0.2604,0.492
DIAMONDS TEN SPADES TWO,0.7182,0.0524,0.2294
SPADES TEN CLUBS KING,0.3646,0.0056,0.6298
CLUBS TEN HEARTS ACE,0.3776,0.005,0.6174
CLUBS SEVEN SPADES NINE,0.5762,0.0186,0.4052
DIAMONDS SEVEN CLUBS ACE,0.3874,0.003,0.6096
CLUBS FIVE SPADES FOUR,0.5662,0.0204,0.4134
CLUBS EIGHT DIAMONDS SEVEN,0.5744,0.017,0.4086
CLUBS NINE DIAMONDS EIGHT,0.5714,0.0148,0.4138
SPADES KING SPADES TWO,0.267,0.0264,0.7066
DIAMONDS THREE SPADES TWO,0.7084,0.0498,0.2418
SPADES TEN CLUBS QUEEN,0.375,0.013,0.612
HEARTS THREE HEARTS TEN,0.608,0.018,0.374
SPADES JACK DIAMONDS NINE,0.2726,0.1502,0.5772
DIAMONDS EIGHT HEARTS EIGHT,0.3136,0.0316,0.6548
SPADES TEN DIAMONDS EIGHT,0.57,0.015,0.415
HEARTS SIX HEARTS ACE,0.3356,0.0068,0.6576
SPADES EIGHT SPADES FOUR,0.565,0.0166,0.4184
CLUBS FIVE SPADES SIX,0.5676,0.0206,0.4118
DIAMONDS QUEEN CLUBS KING,0.3482,0.0058,0.646
HEARTS FIVE CLUBS FIVE,0.3466,0.0436,0.6098
HEARTS SEVEN CLUBS NINE,0.5602,0.0174,0.4224
DIAMONDS THREE HEARTS FOUR,0.598,0.0252,0.3768
CLUBS KING DIAMONDS FIVE,0.4012,0.0062,0.5926
CLUBS TWO HEARTS KING,0.264,0.026,0.71
HEARTS SEVEN HEARTS ACE,0.3348,0.0066,0.6586
DIAMONDS KING DIAMONDS SEVEN,0.3718,0.0068,0.6214
SPADES SIX HEARTS QUEEN,0.39,0.011,0.599
CLUBS NINE DIAMONDS SIX,0.5848,0.0182,0.397
CLUBS KING DIAMONDS FOUR,0.3894,0.0082,0.6024
DIAMONDS TWO CLUBS FOUR,0.6968,0.0476,0.2556
CLUBS JACK CLUBS ACE,0.2488,0.02,0.7312
SPADES TEN HEARTS THREE,0.6192,0.0216,0.3592
SPADES SEVEN SPADES FOUR,0.5512,0.019,0.4298
CLUBS SEVEN DIAMONDS FOUR,0.5884,0.0204,0.3912
HEARTS FIVE CLUBS QUEEN,0.377,0.011,0.612
CLUBS JACK SPADES TWO,0.0728,0.907,0.0202
DIAMONDS TWO SPADES TWO,0.3154,0.0378,0.6468
SPADES QUEEN DIAMONDS JACK,0.2606,0.0426,0.6968
HEARTS SIX SPADES SEVEN,0.5694,0.0178,0.4128
HEARTS SIX SPADES NINE,0.5824,0.0182,0.3994
DIAMONDS TWO HEARTS QUEEN,0.2672,0.0398,0.693
HEARTS THREE SPADES FIVE,0.5828,0.023,0.3942
HEARTS SIX DIAMONDS NINE,0.5906,0.0172,0.3922
HEARTS THREE DIAMONDS SEVEN,0.602,0.0188,0.3792
DIAMONDS TWO CLUBS SEVEN,0.723,0.0522,0.2248
HEARTS SIX DIAMONDS JACK,0.2562,0.3688,0.375
DIAMONDS JACK DIAMONDS FOUR,0.2482,0.4522,0.2996
CLUBS SEVEN HEARTS QUEEN,0.3826,0.0108,0.6066
CLUBS FOUR DIAMONDS FOUR,0.351,0.0496,0.5994
SPADES NINE HEARTS ACE,0.387,0.0052,0.6078
SPADES KING CLUBS TWO,0.285,0.0274,0.6876
HEARTS THREE DIAMONDS NINE,0.6068,0.0184,0.3748
CLUBS SIX CLUBS ACE,0.3752,0.0046,0.6202
SPADES SIX SPADES TWO,0.6576,0.0496,0.2928
SPADES ACE SPADES SEVEN,0.3696,0.0052,0.6252
HEARTS FOUR HEARTS NINE,0.6038,0.022,0.3742
HEARTS ACE DIAMONDS NINE,0.3788,0.004,0.6172
CLUBS FIVE HEARTS ACE,0.3774,0.0066,0.616
CLUBS SEVEN CLUBS KING,0.382,0.0054,0.6126
CLUBS JACK HEARTS SIX,0.2556,0.3678,0.3766
HEARTS SEVEN HEARTS THREE,0.5832,0.0216,0.3952
HEARTS SIX SPADES TWO,0.6994,0.051,0.2496
CLUBS JACK CLUBS SIX,0.2618,0.3374,0.4008
CLUBS NINE HEARTS THREE,0.6044,0.0178,0.3778
CLUBS FIVE SPADES SEVEN,0.584,0.0204,0.3956
HEARTS FOUR DIAMONDS EIGHT,0.586,0.0218,0.3922
CLUBS THREE SPADES THREE,0.3636,0.0496,0.5868
CLUBS NINE HEARTS EIGHT,0.56,0.0186,0.4214
SPADES JACK CLUBS THREE,0.2624,0.4932,0.2444
SPADES KING HEARTS QUEEN,0.3378,0.0082,0.654
CLUBS FIVE HEARTS KING,0.39,0.009,0.601
CLUBS FIVE HEARTS TEN,0.6066,0.017,0.3764
SPADES TEN HEARTS EIGHT,0.5658,0.0174,0.4168
DIAMONDS TEN CLUBS QUEEN,0.3616,0.0092,0.6292
HEARTS FOUR CLUBS SEVEN,0.5842,0.0204,0.3954
SPADES QUEEN SPADES SIX,0.3848,0.0094,0.6058
SPADES FIVE SPADES TWO,0.6486,0.0542,0.2972
HEARTS SIX SPADES THREE,0.6046,0.0224,0.373
SPADES NINE CLUBS FOUR,0.629,0.0194,0.3516
CLUBS TEN CLUBS THREE,0.5786,0.0146,0.4068
SPADES ACE HEARTS EIGHT,0.3882,0.0054,0.6064
HEARTS FIVE CLUBS EIGHT,0.5836,0.0216,0.3948
CLUBS TEN CLUBS TWO,0.6782,0.0502,0.2716
DIAMONDS TWO DIAMONDS QUEEN,0.268,0.037,0.695
SPADES JACK HEARTS TEN,0.2548,0.124,0.6212
SPADES NINE CLUBS QUEEN,0.3784,0.0112,0.6104
SPADES JACK SPADES FOUR,0.2426,0.4712,0.2862
SPADES JACK CLUBS ACE,0.256,0.0182,0.7258
DIAMONDS TWO SPADES NINE,0.697,0.055,0.248
DIAMONDS SEVEN DIAMONDS FOUR,0.5632,0.0196,0.4172
HEARTS ACE HEARTS QUEEN,0.2912,0.0054,0.7034
CLUBS TEN DIAMONDS FIVE,0.6172,0.0196,0.3632
DIAMONDS TEN CLUBS KING,0.382,0.006,0.612
SPADES KING HEARTS ACE,0.345,0.0054,0.6496
CLUBS THREE DIAMONDS FIVE,0.59,0.0234,0.3866
SPADES NINE DIAMONDS QUEEN,0.3808,0.0092,0.61
CLUBS NINE DIAMONDS NINE,0.3232,0.0272,0.6496
SPADES NINE DIAMONDS KING,0.3916,0.0088,0.5996
CLUBS THREE DIAMONDS EIGHT,0.623,0.0172,0.3598
HEARTS THREE HEARTS NINE,0.6044,0.0192,0.3764
CLUBS FOUR DIAMONDS FIVE,0.5712,0.0196,0.4092
CLUBS FOUR SPADES FOUR,0.358,0.0442,0.5978
SPADES ACE SPADES FOUR,0.3676,0.0038,0.6286
SPADES TEN CLUBS TWO,0.7394,0.0516,0.209
SPADES EIGHT HEARTS TEN,0.57,0.014,0.416
SPADES SIX HEARTS ACE,0.3938,0.0048,0.6014
CLUBS SIX CLUBS THREE,0.5674,0.0196,0.413
DIAMONDS THREE HEARTS EIGHT,0.6164,0.0202,0.3634
CLUBS EIGHT SPADES THREE,0.612,0.0194,0.3686
CLUBS NINE SPADES SIX,0.5872,0.0176,0.3952
SPADES QUEEN CLUBS EIGHT,0.3886,0.0088,0.6026
HEARTS ACE SPADES THREE,0.371,0.0058,0.6232
HEARTS ACE HEARTS TEN,0.3288,0.005,0.6662
CLUBS TEN HEARTS FOUR,0.593,0.0172,0.3898
CLUBS NINE CLUBS EIGHT,0.5276,0.0164,0.456
SPADES JACK DIAMONDS SEVEN,0.2676,0.2844,0.448
SPADES SEVEN DIAMONDS TEN,0.5852,0.0186,0.3962
CLUBS EIGHT DIAMONDS FIVE,0.5826,0.022,0.3954
CLUBS EIGHT SPADES EIGHT,0.3278,0.0328,0.6394
CLUBS SEVEN DIAMONDS ACE,0.39,0.0048,0.6052
SPADES FIVE HEARTS KING,0.3788,0.0082,0.613
SPADES FIVE DIAMONDS NINE,0.6036,0.0158,0.3806
SPADES TEN DIAMONDS SEVEN,0.5822,0.0158,0.402
DIAMONDS ACE SPADES FIVE,0.3952,0.0044,0.6004
HEARTS FOUR SPADES TEN,0.5854,0.0176,0.397
HEARTS THREE SPADES SIX,0.5862,0.0218,0.392
HEARTS SEVEN DIAMONDS KING,0.3814,0.0076,0.611
SPADES TWO CLUBS KING,0.2824,0.0318,0.6858
CLUBS EIGHT HEARTS EIGHT,0.3162,0.0348,0.649
HEARTS SEVEN HEARTS TEN,0.5774,0.0152,0.4074
SPADES KING DIAMONDS FIVE,0.4022,0.0062,0.5916
CLUBS FOUR CLUBS KING,0.3912,0.0106,0.5982
CLUBS TEN HEARTS TEN,0.3042,0.0242,0.6716
SPADES ACE HEARTS NINE,0.385,0.004,0.611
SPADES ACE SPADES EIGHT,0.3762,0.0056,0.6182
CLUBS NINE SPADES JACK,0.2692,0.1496,0.5812
HEARTS FIVE SPADES TWO,0.6874,0.0524,0.2602
DIAMONDS THREE CLUBS NINE,0.614,0.022,0.364
HEARTS FOUR CLUBS THREE,0.5838,0.0186,0.3976
SPADES FIVE DIAMONDS FOUR,0.5748,0.0224,0.4028
CLUBS NINE SPADES THREE,0.618,0.0198,0.3622
DIAMONDS JACK DIAMONDS SIX,0.2458,0.3448,0.4094
SPADES NINE SPADES FIVE,0.5592,0.0162,0.4246
DIAMONDS THREE SPADES EIGHT,0.6298,0.0162,0.354
CLUBS EIGHT SPADES TEN,0.5754,0.019,0.4056
SPADES NINE DIAMONDS EIGHT,0.574,0.0172,0.4088
CLUBS EIGHT HEARTS ACE,0.3862,0.0026,0.6112
DIAMONDS TWO HEARTS FIVE,0.6866,0.0526,0.2608
SPADES SEVEN DIAMONDS EIGHT,0.5702,0.0154,0.4144
CLUBS FOUR DIAMONDS SIX,0.591,0.0178,0.3912
SPADES KING HEARTS FOUR,0.3844,0.0082,0.6074
SPADES JACK CLUBS FIVE,0.2794,0.42,0.3006
CLUBS NINE CLUBS FOUR,0.5754,0.0174,0.4072
CLUBS SEVEN SPADES FOUR,0.596,0.0168,0.3872
SPADES ACE HEARTS THREE,0.388,0.0052,0.6068
SPADES EIGHT HEARTS QUEEN,0.3908,0.0108,0.5984
DIAMONDS SEVEN DIAMONDS FIVE,0.5426,0.0172,0.4402
CLUBS JACK SPADES SIX,0.2634,0.365,0.3716
SPADES JACK DIAMONDS FIVE,0.2602,0.4324,0.3074
CLUBS SIX SPADES FOUR,0.5824,0.019,0.3986
HEARTS FIVE SPADES TEN,0.5906,0.0172,0.3922
CLUBS SEVEN HEARTS NINE,0.5672,0.0172,0.4156
CLUBS FOUR HEARTS EIGHT,0.5978,0.0226,0.3796
SPADES KING CLUBS NINE,0.3836,0.0066,0.6098
SPADES KING DIAMONDS QUEEN,0.3592,0.0062,0.6346
SPADES SIX HEARTS EIGHT,0.5658,0.0226,0.4116
SPADES JACK CLUBS QUEEN,0.2708,0.0398,0.6894
SPADES JACK DIAMONDS EIGHT,0.2808,0.203,0.5162
SPADES SIX DIAMONDS TEN,0.6024,0.018,0.3796
HEARTS FOUR CLUBS QUEEN,0.3918,0.0146,0.5936
HEARTS SEVEN SPADES THREE,0.5976,0.0196,0.3828
SPADES ACE DIAMONDS FOUR,0.3922,0.0032,0.6046
SPADES SIX DIAMONDS JACK,0.264,0.3688,0.3672
HEARTS THREE DIAMONDS FIVE,0.5768,0.0214,0.4018
HEARTS KING CLUBS QUEEN,0.3434,0.01,0.6466
DIAMONDS QUEEN HEARTS KING,0.3378,0.0068,0.6554
HEARTS SIX DIAMONDS SEVEN,0.5718,0.0174,0.4108
CLUBS SEVEN CLUBS SIX,0.5302,0.0204,0.4494
HEARTS NINE DIAMONDS FIVE,0.6018,0.0196,0.3786
CLUBS SEVEN DIAMONDS QUEEN,0.3908,0.0106,0.5986
DIAMONDS TEN DIAMONDS FIVE,0.5728,0.0176,0.4096
CLUBS TEN SPADES EIGHT,0.5736,0.017,0.4094
DIAMONDS QUEEN CLUBS TWO,0.2872,0.0362,0.6766
SPADES KING HEARTS KING,0.161,0.0078,0.8312
SPADES JACK SPADES NINE,0.252,0.1584,0.5896
HEARTS FIVE CLUBS KING,0.382,0.0094,0.6086
CLUBS SIX DIAMONDS EIGHT,0.5658,0.0184,0.4158
SPADES NINE SPADES SIX,0.5604,0.0154,0.4242
CLUBS JACK SPADES FOUR,0.2682,0.4792,0.2526
CLUBS JACK HEARTS FIVE,0.2454,0.4428,0.3118
HEARTS SEVEN HEARTS SIX,0.558,0.02,0.422
SPADES QUEEN SPADES FIVE,0.3734,0.01,0.6166
SPADES KING SPADES THREE,0.379,0.0094,0.6116
