opposingHand,winningChance,drawChance,lostChance
HEARTS KING HEARTS QUEEN
HEARTS FIVE SPADES TEN,0.6876,0.009,0.3034
SPADES JACK HEARTS FIVE,0.6944,0.0076,0.298
CLUBS JACK SPADES FIVE,0.7022,0.006,0.2918
CLUBS TEN SPADES FIVE,0.693,0.0074,0.2996
CLUBS JACK CLUBS EIGHT,0.6346,0.0084,0.357
CLUBS TEN CLUBS EIGHT,0.6298,0.0072,0.363
CLUBS EIGHT CLUBS KING,0.661,0.049,0.29
SPADES FIVE CLUBS ACE,0.4464,0.0058,0.5478
CLUBS EIGHT CLUBS QUEEN,0.7192,0.0276,0.2532
SPADES FIVE CLUBS KING,0.7066,0.0644,0.229
SPADES FIVE CLUBS QUEEN,0.7516,0.0234,0.225
CLUBS EIGHT CLUBS ACE,0.4298,0.004,0.5662
DIAMONDS TWO DIAMONDS THREE,0.6394,0.0078,0.3528
DIAMONDS TWO DIAMONDS FIVE,0.6304,0.0068,0.3628
SPADES KING HEARTS FIVE,0.7138,0.0586,0.2276
DIAMONDS TWO DIAMONDS FOUR,0.628,0.0078,0.3642
SPADES QUEEN HEARTS FIVE,0.7398,0.0296,0.2306
DIAMONDS TWO DIAMONDS SEVEN,0.6588,0.0066,0.3346
DIAMONDS TWO DIAMONDS SIX,0.6324,0.0066,0.361
SPADES ACE HEARTS FIVE,0.4434,0.0044,0.5522
DIAMONDS TWO DIAMONDS NINE,0.6478,0.0074,0.3448
DIAMONDS TWO DIAMONDS EIGHT,0.6516,0.0074,0.341
DIAMONDS THREE DIAMONDS FOUR,0.6234,0.0074,0.3692
CLUBS TWO SPADES FOUR,0.688,0.006,0.306
DIAMONDS THREE DIAMONDS FIVE,0.6166,0.0076,0.3758
CLUBS TWO SPADES FIVE,0.6684,0.0064,0.3252
CLUBS TWO SPADES TWO,0.5016,0.0098,0.4886
CLUBS TWO SPADES THREE,0.6724,0.0098,0.3178
DIAMONDS THREE DIAMONDS EIGHT,0.6586,0.008,0.3334
SPADES EIGHT CLUBS TWO,0.6896,0.0074,0.303
DIAMONDS THREE DIAMONDS NINE,0.6472,0.007,0.3458
SPADES NINE CLUBS TWO,0.6904,0.0058,0.3038
DIAMONDS THREE DIAMONDS SIX,0.6328,0.005,0.3622
SPADES SIX CLUBS TWO,0.6674,0.0068,0.3258
DIAMONDS THREE DIAMONDS SEVEN,0.6408,0.0048,0.3544
SPADES SEVEN CLUBS TWO,0.6944,0.0064,0.2992
CLUBS SIX CLUBS TWO,0.6326,0.0078,0.3596
CLUBS SEVEN CLUBS TWO,0.6608,0.0096,0.3296
CLUBS FOUR CLUBS TWO,0.6232,0.0092,0.3676
CLUBS FIVE CLUBS TWO,0.6386,0.0072,0.3542
CLUBS TEN CLUBS JACK,0.625,0.0072,0.3678
DIAMONDS FOUR DIAMONDS SIX,0.6118,0.0074,0.3808
CLUBS TEN CLUBS QUEEN,0.7048,0.0256,0.2696
DIAMONDS FOUR DIAMONDS SEVEN,0.6332,0.006,0.3608
CLUBS TEN CLUBS KING,0.6584,0.059,0.2826
CLUBS TEN CLUBS ACE,0.4004,0.0042,0.5954
CLUBS EIGHT CLUBS TWO,0.6548,0.0076,0.3376
DIAMONDS FIVE DIAMONDS FOUR,0.6036,0.0066,0.3898
CLUBS NINE CLUBS TWO,0.644,0.0102,0.3458
DIAMONDS NINE DIAMONDS FOUR,0.6388,0.0074,0.3538
DIAMONDS EIGHT DIAMONDS FOUR,0.644,0.0074,0.3486
CLUBS TWO CLUBS THREE,0.6302,0.0074,0.3624
DIAMONDS NINE DIAMONDS FIVE,0.6438,0.0084,0.3478
CLUBS JACK DIAMONDS TWO,0.7068,0.0082,0.285
DIAMONDS EIGHT DIAMONDS FIVE,0.6276,0.007,0.3654
CLUBS TEN DIAMONDS TWO,0.6776,0.0076,0.3148
DIAMONDS FIVE DIAMONDS SEVEN,0.6156,0.0076,0.3768
DIAMONDS FIVE DIAMONDS SIX,0.598,0.0062,0.3958
DIAMONDS TWO CLUBS ACE,0.466,0.004,0.53
DIAMONDS TWO CLUBS KING,0.7128,0.0592,0.228
DIAMONDS TWO CLUBS QUEEN,0.7628,0.0258,0.2114
DIAMONDS EIGHT DIAMONDS SIX,0.6232,0.007,0.3698
DIAMONDS NINE DIAMONDS SIX,0.6306,0.0068,0.3626
SPADES THREE HEARTS ACE,0.4378,0.0074,0.5548
DIAMONDS SEVEN DIAMONDS SIX,0.6132,0.0066,0.3802
HEARTS JACK SPADES THREE,0.6966,0.0082,0.2952
SPADES THREE HEARTS TEN,0.6914,0.0078,0.3008
DIAMONDS EIGHT DIAMONDS SEVEN,0.6184,0.0048,0.3768
DIAMONDS NINE DIAMONDS SEVEN,0.6342,0.0062,0.3596
DIAMONDS NINE DIAMONDS EIGHT,0.6222,0.0048,0.373
DIAMONDS KING HEARTS TEN,0.703,0.06,0.237
HEARTS THREE HEARTS TEN,0.6932,0.01,0.2968
SPADES JACK CLUBS SIX,0.7024,0.0064,0.2912
DIAMONDS KING HEARTS JACK,0.707,0.0584,0.2346
HEARTS THREE HEARTS JACK,0.7032,0.0086,0.2882
SPADES TEN CLUBS SIX,0.6752,0.0048,0.32
SPADES JACK SPADES FIVE,0.6476,0.009,0.3434
SPADES TEN SPADES FIVE,0.6448,0.0072,0.348
DIAMONDS KING HEARTS ACE,0.2634,0.0118,0.7248
HEARTS THREE HEARTS ACE,0.3962,0.0064,0.5974
SPADES ACE CLUBS SIX,0.4588,0.0046,0.5366
SPADES KING CLUBS SIX,0.702,0.0624,0.2356
SPADES QUEEN CLUBS SIX,0.7496,0.0246,0.2258
SPADES NINE HEARTS TEN,0.6436,0.0086,0.3478
SPADES NINE HEARTS JACK,0.6714,0.0064,0.3222
SPADES QUEEN SPADES FIVE,0.7106,0.0266,0.2628
SPADES KING SPADES FIVE,0.667,0.0554,0.2776
SPADES ACE SPADES FIVE,0.4278,0.0034,0.5688
SPADES NINE HEARTS ACE,0.4522,0.0066,0.5412
CLUBS TEN SPADES JACK,0.6646,0.0072,0.3282
CLUBS TEN SPADES TEN,0.4694,0.0044,0.5262
SPADES ACE CLUBS TEN,0.4374,0.0046,0.558
CLUBS TEN SPADES KING,0.6984,0.057,0.2446
CLUBS TEN SPADES QUEEN,0.7462,0.0242,0.2296
SPADES FIVE HEARTS ACE,0.4486,0.0068,0.5446
CLUBS EIGHT SPADES TEN,0.6636,0.0054,0.331
HEARTS THREE SPADES JACK,0.6932,0.0062,0.3006
SPADES JACK DIAMONDS KING,0.7104,0.0524,0.2372
SPADES TEN DIAMONDS KING,0.7154,0.0524,0.2322
HEARTS THREE SPADES TEN,0.6908,0.0078,0.3014
CLUBS EIGHT SPADES JACK,0.6914,0.0062,0.3024
CLUBS SIX HEARTS ACE,0.4566,0.0052,0.5382
SPADES ACE CLUBS EIGHT,0.453,0.0036,0.5434
CLUBS JACK HEARTS FIVE,0.6858,0.0092,0.305
CLUBS TEN HEARTS FIVE,0.6936,0.0076,0.2988
SPADES QUEEN CLUBS EIGHT,0.7686,0.0224,0.209
CLUBS TEN SPADES THREE,0.6828,0.0082,0.309
SPADES KING CLUBS EIGHT,0.7156,0.059,0.2254
CLUBS JACK SPADES THREE,0.7074,0.0072,0.2854
DIAMONDS TWO HEARTS JACK,0.7066,0.0092,0.2842
SPADES THREE CLUBS QUEEN,0.7558,0.0274,0.2168
DIAMONDS TWO HEARTS TEN,0.6948,0.0102,0.295
SPADES THREE CLUBS KING,0.7156,0.0594,0.225
HEARTS FIVE CLUBS ACE,0.4518,0.004,0.5442
SPADES FIVE HEARTS TEN,0.6882,0.0064,0.3054
SPADES THREE CLUBS ACE,0.4524,0.0052,0.5424
HEARTS FIVE CLUBS KING,0.7024,0.0634,0.2342
SPADES FIVE HEARTS JACK,0.6894,0.0066,0.304
HEARTS FIVE CLUBS QUEEN,0.745,0.0276,0.2274
HEARTS THREE CLUBS KING,0.6888,0.0692,0.242
DIAMONDS KING CLUBS KING,0.1534,0.0076,0.839
HEARTS THREE CLUBS QUEEN,0.754,0.0304,0.2156
DIAMONDS KING CLUBS QUEEN,0.0692,0.909,0.0218
HEARTS FIVE HEARTS JACK,0.6786,0.0106,0.3108
HEARTS FIVE HEARTS TEN,0.6852,0.01,0.3048
HEARTS THREE CLUBS ACE,0.4478,0.0048,0.5474
DIAMONDS KING CLUBS ACE,0.2952,0.0092,0.6956
SPADES ACE CLUBS QUEEN,0.294,0.0088,0.6972
SPADES KING CLUBS QUEEN,0.0708,0.903,0.0262
CLUBS JACK HEARTS THREE,0.6954,0.0078,0.2968
CLUBS JACK DIAMONDS KING,0.7076,0.0578,0.2346
SPADES QUEEN CLUBS QUEEN,0.357,0.0096,0.6334
CLUBS TEN HEARTS THREE,0.6964,0.0082,0.2954
CLUBS TEN DIAMONDS KING,0.7224,0.0556,0.222
SPADES JACK CLUBS QUEEN,0.7424,0.0238,0.2338
CLUBS SIX CLUBS QUEEN,0.7024,0.0222,0.2754
SPADES TEN CLUBS QUEEN,0.7366,0.0272,0.2362
CLUBS SIX CLUBS KING,0.6618,0.0576,0.2806
CLUBS SIX CLUBS ACE,0.4394,0.006,0.5546
CLUBS TEN CLUBS SIX,0.6462,0.0084,0.3454
HEARTS FIVE HEARTS ACE,0.4076,0.0062,0.5862
CLUBS JACK CLUBS SIX,0.6562,0.0036,0.3402
SPADES SEVEN HEARTS JACK,0.6984,0.005,0.2966
SPADES SEVEN HEARTS TEN,0.683,0.0062,0.3108
DIAMONDS TWO CLUBS TWO,0.5062,0.0098,0.484
DIAMONDS TWO CLUBS THREE,0.6694,0.0092,0.3214
HEARTS SIX DIAMONDS TWO,0.6742,0.0082,0.3176
DIAMONDS TWO HEARTS SEVEN,0.7014,0.0066,0.292
DIAMONDS TWO HEARTS EIGHT,0.6946,0.0084,0.297
DIAMONDS TWO HEARTS ACE,0.4494,0.0054,0.5452
DIAMONDS TWO HEARTS NINE,0.6948,0.007,0.2982
DIAMONDS TWO DIAMONDS QUEEN,0.7264,0.0238,0.2498
DIAMONDS TWO HEARTS TWO,0.4948,0.0092,0.496
DIAMONDS TWO DIAMONDS KING,0.6802,0.0534,0.2664
HEARTS THREE DIAMONDS TWO,0.67,0.0078,0.3222
DIAMONDS TWO DIAMONDS ACE,0.4294,0.006,0.5646
HEARTS FOUR DIAMONDS TWO,0.6566,0.0092,0.3342
DIAMONDS TWO HEARTS FIVE,0.6578,0.0114,0.3308
SPADES SEVEN HEARTS ACE,0.4524,0.0052,0.5424
DIAMONDS TWO DIAMONDS TEN,0.6586,0.0064,0.335
DIAMONDS TWO DIAMONDS JACK,0.668,0.0064,0.3256
DIAMONDS TWO SPADES NINE,0.6988,0.006,0.2952
DIAMONDS TWO SPADES EIGHT,0.6974,0.008,0.2946
DIAMONDS TWO SPADES SEVEN,0.6962,0.0068,0.297
DIAMONDS TWO SPADES SIX,0.6864,0.0052,0.3084
DIAMONDS TWO SPADES FIVE,0.6662,0.0068,0.327
DIAMONDS TWO SPADES FOUR,0.6682,0.0068,0.325
DIAMONDS TWO SPADES THREE,0.6846,0.0068,0.3086
DIAMONDS TWO SPADES TWO,0.5062,0.009,0.4848
DIAMONDS TWO CLUBS NINE,0.7,0.0056,0.2944
CLUBS EIGHT DIAMONDS TWO,0.6906,0.0068,0.3026
DIAMONDS TWO CLUBS SEVEN,0.6892,0.0062,0.3046
DIAMONDS TWO CLUBS SIX,0.6756,0.006,0.3184
DIAMONDS TWO CLUBS FIVE,0.6534,0.0096,0.337
DIAMONDS TWO CLUBS FOUR,0.6764,0.0074,0.3162
CLUBS FOUR SPADES FIVE,0.6366,0.0086,0.3548
CLUBS FOUR SPADES FOUR,0.4866,0.0068,0.5066
CLUBS FOUR SPADES THREE,0.6652,0.0052,0.3296
CLUBS FOUR SPADES TWO,0.675,0.008,0.317
SPADES NINE CLUBS FOUR,0.6966,0.0064,0.297
SPADES EIGHT CLUBS FOUR,0.6968,0.0048,0.2984
CLUBS FOUR SPADES SEVEN,0.6752,0.006,0.3188
CLUBS FOUR SPADES SIX,0.6612,0.0054,0.3334
SPADES ACE DIAMONDS SIX,0.4606,0.0052,0.5342
SPADES QUEEN DIAMONDS SIX,0.7472,0.0274,0.2254
SPADES KING DIAMONDS SIX,0.7098,0.0592,0.231
SPADES TEN DIAMONDS SIX,0.6942,0.0058,0.3
SPADES JACK DIAMONDS SIX,0.6874,0.006,0.3066
SPADES QUEEN SPADES TWO,0.715,0.0262,0.2588
SPADES KING SPADES TWO,0.6674,0.0624,0.2702
SPADES ACE SPADES TWO,0.4288,0.0044,0.5668
CLUBS JACK DIAMONDS JACK,0.4532,0.0058,0.541
CLUBS TEN DIAMONDS JACK,0.6644,0.0068,0.3288
DIAMONDS JACK CLUBS KING,0.7046,0.061,0.2344
DIAMONDS JACK CLUBS QUEEN,0.7408,0.0274,0.2318
DIAMONDS THREE DIAMONDS JACK,0.66,0.0064,0.3336
DIAMONDS THREE DIAMONDS TEN,0.6484,0.006,0.3456
DIAMONDS JACK CLUBS ACE,0.457,0.0046,0.5384
DIAMONDS THREE DIAMONDS KING,0.6784,0.0518,0.2698
HEARTS THREE DIAMONDS THREE,0.4976,0.0122,0.4902
DIAMONDS THREE DIAMONDS QUEEN,0.7084,0.0244,0.2672
DIAMONDS THREE HEARTS TWO,0.6674,0.0064,0.3262
HEARTS FIVE DIAMONDS THREE,0.644,0.0122,0.3438
DIAMONDS THREE DIAMONDS ACE,0.4226,0.0064,0.571
HEARTS FOUR DIAMONDS THREE,0.6538,0.0076,0.3386
DIAMONDS THREE HEARTS SEVEN,0.682,0.006,0.312
SPADES TEN SPADES NINE,0.6156,0.0054,0.379
HEARTS SIX DIAMONDS THREE,0.671,0.007,0.322
SPADES JACK SPADES NINE,0.6346,0.0076,0.3578
DIAMONDS THREE HEARTS NINE,0.689,0.0066,0.3044
HEARTS JACK DIAMONDS FOUR,0.6902,0.0078,0.302
SPADES TEN SPADES TWO,0.6542,0.007,0.3388
DIAMONDS THREE HEARTS EIGHT,0.6882,0.006,0.3058
HEARTS TEN DIAMONDS FOUR,0.6958,0.008,0.2962
SPADES JACK SPADES TWO,0.656,0.0086,0.3354
SPADES ACE SPADES NINE,0.4242,0.0044,0.5714
HEARTS ACE DIAMONDS FOUR,0.4406,0.0042,0.5552
SPADES KING SPADES NINE,0.6704,0.0554,0.2742
SPADES QUEEN SPADES NINE,0.7014,0.0216,0.277
DIAMONDS THREE SPADES NINE,0.6856,0.0062,0.3082
DIAMONDS THREE SPADES EIGHT,0.6996,0.0072,0.2932
DIAMONDS THREE SPADES SEVEN,0.6682,0.0052,0.3266
DIAMONDS THREE SPADES SIX,0.6656,0.0044,0.33
DIAMONDS THREE CLUBS SIX,0.6684,0.0058,0.3258
CLUBS SIX CLUBS FIVE,0.6074,0.0066,0.386
CLUBS ACE DIAMONDS FOUR,0.449,0.0046,0.5464
DIAMONDS THREE CLUBS SEVEN,0.6808,0.0086,0.3106
CLUBS SEVEN CLUBS FIVE,0.6058,0.0054,0.3888
DIAMONDS THREE CLUBS FOUR,0.6618,0.0056,0.3326
DIAMONDS FOUR CLUBS QUEEN,0.7546,0.029,0.2164
DIAMONDS THREE CLUBS FIVE,0.6612,0.0074,0.3314
DIAMONDS FOUR CLUBS KING,0.7048,0.0624,0.2328
DIAMONDS THREE CLUBS TWO,0.6726,0.008,0.3194
CLUBS TEN DIAMONDS FOUR,0.7158,0.0066,0.2776
DIAMONDS THREE CLUBS THREE,0.4976,0.0086,0.4938
CLUBS JACK DIAMONDS FOUR,0.6916,0.0058,0.3026
DIAMONDS THREE SPADES FOUR,0.653,0.008,0.339
DIAMONDS THREE SPADES FIVE,0.655,0.0088,0.3362
DIAMONDS THREE SPADES TWO,0.6778,0.0062,0.316
DIAMONDS THREE SPADES THREE,0.5138,0.0066,0.4796
CLUBS EIGHT DIAMONDS THREE,0.6978,0.0068,0.2954
CLUBS NINE DIAMONDS THREE,0.681,0.0064,0.3126
SPADES SEVEN CLUBS ACE,0.4644,0.0036,0.532
SPADES SEVEN CLUBS QUEEN,0.7538,0.0246,0.2216
SPADES SEVEN CLUBS KING,0.7226,0.0538,0.2236
SPADES SEVEN CLUBS FIVE,0.6666,0.0062,0.3272
CLUBS TEN SPADES SEVEN,0.6698,0.0072,0.323
CLUBS FIVE SPADES SIX,0.6438,0.0064,0.3498
CLUBS JACK SPADES SEVEN,0.6792,0.0068,0.314
SPADES NINE CLUBS FIVE,0.676,0.0072,0.3168
SPADES EIGHT CLUBS FIVE,0.6674,0.0062,0.3264
CLUBS FIVE SPADES THREE,0.663,0.0078,0.3292
CLUBS FIVE SPADES TWO,0.6626,0.0064,0.331
CLUBS FIVE SPADES FIVE,0.497,0.0074,0.4956
CLUBS FIVE SPADES FOUR,0.6376,0.0096,0.3528
CLUBS NINE CLUBS FIVE,0.625,0.007,0.368
CLUBS EIGHT CLUBS FIVE,0.6334,0.0058,0.3608
CLUBS ACE CLUBS QUEEN,0.2736,0.0112,0.7152
CLUBS KING CLUBS QUEEN,0.0794,0.8446,0.076
DIAMONDS TEN DIAMONDS FOUR,0.655,0.0056,0.3394
CLUBS TEN DIAMONDS NINE,0.6618,0.0052,0.333
DIAMONDS JACK DIAMONDS FOUR,0.6556,0.0094,0.335
CLUBS JACK DIAMONDS NINE,0.671,0.0066,0.3224
CLUBS JACK SPADES NINE,0.6876,0.0058,0.3066
CLUBS TEN SPADES NINE,0.6466,0.006,0.3474
DIAMONDS ACE DIAMONDS FOUR,0.4378,0.0044,0.5578
HEARTS FOUR DIAMONDS FOUR,0.5046,0.0078,0.4876
DIAMONDS JACK HEARTS TEN,0.66,0.0086,0.3314
SPADES NINE CLUBS KING,0.715,0.0572,0.2278
DIAMONDS TWO SPADES TEN,0.699,0.0082,0.2928
DIAMONDS NINE CLUBS ACE,0.4664,0.0046,0.529
HEARTS FIVE DIAMONDS FOUR,0.6226,0.0086,0.3688
HEARTS JACK DIAMONDS JACK,0.468,0.0034,0.5286
SPADES NINE CLUBS QUEEN,0.7458,0.0264,0.2278
DIAMONDS TWO SPADES JACK,0.697,0.0068,0.2962
DIAMONDS QUEEN DIAMONDS FOUR,0.708,0.0244,0.2676
HEARTS TWO DIAMONDS FOUR,0.663,0.0072,0.3298
DIAMONDS NINE CLUBS QUEEN,0.7418,0.0246,0.2336
DIAMONDS KING DIAMONDS FOUR,0.6694,0.0604,0.2702
HEARTS THREE DIAMONDS FOUR,0.6536,0.0078,0.3386
SPADES NINE CLUBS ACE,0.4668,0.005,0.5282
DIAMONDS NINE CLUBS KING,0.722,0.0534,0.2246
DIAMONDS JACK HEARTS ACE,0.4314,0.0052,0.5634
SPADES ACE DIAMONDS TWO,0.4642,0.0052,0.5306
SPADES QUEEN DIAMONDS TWO,0.767,0.0206,0.2124
SPADES KING DIAMONDS TWO,0.7198,0.0658,0.2144
SPADES JACK SPADES SEVEN,0.6478,0.0064,0.3458
SPADES TEN SPADES SEVEN,0.6312,0.0076,0.3612
CLUBS SEVEN CLUBS THREE,0.6402,0.0056,0.3542
CLUBS SIX CLUBS THREE,0.6362,0.0076,0.3562
CLUBS FIVE CLUBS THREE,0.6162,0.0066,0.3772
CLUBS FOUR CLUBS THREE,0.6182,0.0074,0.3744
CLUBS NINE CLUBS THREE,0.6576,0.0066,0.3358
CLUBS EIGHT CLUBS THREE,0.649,0.007,0.344
SPADES FIVE CLUBS THREE,0.6446,0.0074,0.348
CLUBS THREE SPADES FOUR,0.658,0.0088,0.3332
CLUBS THREE SPADES THREE,0.4988,0.008,0.4932
CLUBS THREE SPADES TWO,0.674,0.0084,0.3176
SPADES SIX CLUBS THREE,0.6632,0.0054,0.3314
SPADES SEVEN CLUBS THREE,0.6884,0.007,0.3046
SPADES EIGHT CLUBS THREE,0.707,0.007,0.286
SPADES NINE CLUBS THREE,0.6892,0.0064,0.3044
SPADES TWO DIAMONDS FOUR,0.6524,0.0084,0.3392
SPADES THREE DIAMONDS FOUR,0.661,0.0056,0.3334
SPADES FOUR DIAMONDS FOUR,0.4928,0.0072,0.5
SPADES FIVE DIAMONDS FOUR,0.637,0.0066,0.3564
SPADES SIX DIAMONDS FOUR,0.6594,0.007,0.3336
SPADES SEVEN DIAMONDS FOUR,0.6614,0.0072,0.3314
SPADES EIGHT DIAMONDS FOUR,0.679,0.0064,0.3146
SPADES NINE DIAMONDS FOUR,0.6874,0.006,0.3066
CLUBS FIVE DIAMONDS FOUR,0.6438,0.0082,0.348
CLUBS FOUR DIAMONDS FOUR,0.497,0.0092,0.4938
CLUBS SEVEN DIAMONDS FOUR,0.6568,0.007,0.3362
CLUBS SIX DIAMONDS FOUR,0.6464,0.0064,0.3472
CLUBS NINE DIAMONDS FOUR,0.6906,0.0062,0.3032
CLUBS EIGHT DIAMONDS FOUR,0.6866,0.0076,0.3058
DIAMONDS FOUR HEARTS SEVEN,0.663,0.0074,0.3296
HEARTS SIX DIAMONDS FOUR,0.6434,0.0076,0.349
HEARTS NINE DIAMONDS FOUR,0.6754,0.0086,0.316
DIAMONDS FOUR HEARTS EIGHT,0.673,0.0072,0.3198
CLUBS THREE DIAMONDS FOUR,0.663,0.0068,0.3302
CLUBS TWO DIAMONDS FOUR,0.6672,0.0096,0.3232
DIAMONDS TEN DIAMONDS FIVE,0.6524,0.008,0.3396
DIAMONDS JACK DIAMONDS FIVE,0.6562,0.0072,0.3366
DIAMONDS NINE HEARTS ACE,0.4276,0.0068,0.5656
DIAMONDS NINE HEARTS TEN,0.6432,0.0068,0.35
DIAMONDS NINE HEARTS JACK,0.6664,0.008,0.3256
CLUBS KING DIAMONDS SIX,0.7046,0.06,0.2354
CLUBS QUEEN DIAMONDS SIX,0.7534,0.0222,0.2244
CLUBS ACE DIAMONDS SIX,0.4592,0.0048,0.536
SPADES KING DIAMONDS FOUR,0.7044,0.0608,0.2348
SPADES ACE SPADES SEVEN,0.4248,0.005,0.5702
SPADES QUEEN DIAMONDS FOUR,0.7542,0.0282,0.2176
SPADES QUEEN SPADES SEVEN,0.726,0.0224,0.2516
CLUBS JACK DIAMONDS SIX,0.7042,0.0044,0.2914
SPADES KING SPADES SEVEN,0.6684,0.057,0.2746
SPADES ACE DIAMONDS FOUR,0.458,0.003,0.539
CLUBS TEN DIAMONDS SIX,0.6994,0.006,0.2946
CLUBS NINE CLUBS FOUR,0.6394,0.0076,0.353
CLUBS EIGHT CLUBS FOUR,0.6422,0.0082,0.3496
SPADES JACK DIAMONDS FOUR,0.7138,0.007,0.2792
SPADES TEN DIAMONDS FOUR,0.6962,0.007,0.2968
CLUBS FOUR CLUBS FIVE,0.5986,0.01,0.3914
CLUBS SEVEN CLUBS FOUR,0.6298,0.0062,0.364
CLUBS SIX CLUBS FOUR,0.6192,0.0056,0.3752
CLUBS SEVEN SPADES EIGHT,0.6596,0.005,0.3354
SPADES NINE CLUBS SEVEN,0.6628,0.006,0.3312
CLUBS SEVEN SPADES SIX,0.6432,0.006,0.3508
CLUBS SEVEN SPADES SEVEN,0.484,0.0046,0.5114
CLUBS SEVEN SPADES FIVE,0.6546,0.0072,0.3382
CLUBS SEVEN SPADES FOUR,0.6546,0.0088,0.3366
CLUBS SEVEN SPADES THREE,0.67,0.0054,0.3246
CLUBS SEVEN SPADES TWO,0.6858,0.005,0.3092
CLUBS NINE CLUBS SEVEN,0.6242,0.0056,0.3702
CLUBS EIGHT CLUBS SEVEN,0.635,0.0056,0.3594
HEARTS SIX DIAMONDS FIVE,0.6322,0.0082,0.3596
DIAMONDS FIVE HEARTS SEVEN,0.6544,0.0074,0.3382
DIAMONDS FIVE HEARTS EIGHT,0.6518,0.0078,0.3404
HEARTS NINE DIAMONDS FIVE,0.6678,0.0066,0.3256
DIAMONDS QUEEN DIAMONDS FIVE,0.709,0.0242,0.2668
HEARTS TWO DIAMONDS FIVE,0.6652,0.0078,0.327
DIAMONDS KING DIAMONDS FIVE,0.6652,0.0514,0.2834
HEARTS THREE DIAMONDS FIVE,0.6518,0.0076,0.3406
DIAMONDS ACE DIAMONDS FIVE,0.4344,0.004,0.5616
HEARTS FOUR DIAMONDS FIVE,0.6504,0.0084,0.3412
HEARTS FIVE DIAMONDS FIVE,0.5032,0.0052,0.4916
HEARTS ACE HEARTS EIGHT,0.4208,0.0064,0.5728
CLUBS FOUR DIAMONDS FIVE,0.636,0.0082,0.3558
CLUBS FIVE DIAMONDS FIVE,0.4886,0.0092,0.5022
CLUBS SIX DIAMONDS FIVE,0.6366,0.0088,0.3546
CLUBS SEVEN DIAMONDS FIVE,0.6576,0.007,0.3354
CLUBS TWO DIAMONDS FIVE,0.661,0.0084,0.3306
CLUBS THREE DIAMONDS FIVE,0.64,0.0082,0.3518
SPADES THREE DIAMONDS FIVE,0.6546,0.0102,0.3352
SPADES TWO DIAMONDS FIVE,0.6624,0.0056,0.332
SPADES JACK DIAMONDS EIGHT,0.6866,0.005,0.3084
SPADES FIVE DIAMONDS FIVE,0.5002,0.007,0.4928
CLUBS TEN HEARTS JACK,0.6484,0.0076,0.344
SPADES TEN DIAMONDS EIGHT,0.6548,0.0066,0.3386
SPADES FOUR DIAMONDS FIVE,0.646,0.0066,0.3474
CLUBS JACK HEARTS JACK,0.4464,0.0044,0.5492
HEARTS JACK CLUBS QUEEN,0.7482,0.0188,0.233
CLUBS NINE DIAMONDS FIVE,0.692,0.0058,0.3022
CLUBS EIGHT DIAMONDS FIVE,0.6662,0.0056,0.3282
HEARTS JACK CLUBS KING,0.722,0.053,0.225
HEARTS JACK CLUBS ACE,0.4438,0.0038,0.5524
SPADES SEVEN DIAMONDS FIVE,0.653,0.0066,0.3404
SPADES KING DIAMONDS EIGHT,0.718,0.0622,0.2198
SPADES QUEEN DIAMONDS EIGHT,0.7624,0.0242,0.2134
SPADES SIX DIAMONDS FIVE,0.6402,0.007,0.3528
SPADES NINE DIAMONDS FIVE,0.6782,0.007,0.3148
SPADES EIGHT DIAMONDS FIVE,0.6666,0.0074,0.326
SPADES ACE DIAMONDS EIGHT,0.4704,0.004,0.5256
DIAMONDS TEN DIAMONDS SIX,0.6364,0.0082,0.3554
HEARTS ACE DIAMONDS SEVEN,0.4518,0.005,0.5432
DIAMONDS JACK DIAMONDS SIX,0.6632,0.0062,0.3306
DIAMONDS ACE DIAMONDS SIX,0.43,0.005,0.565
HEARTS FOUR DIAMONDS SIX,0.6534,0.0084,0.3382
HEARTS JACK SPADES TWO,0.7082,0.0098,0.282
HEARTS FIVE DIAMONDS SIX,0.633,0.011,0.356
SPADES TWO HEARTS TEN,0.693,0.007,0.3
DIAMONDS QUEEN DIAMONDS SIX,0.7102,0.0248,0.265
HEARTS TWO DIAMONDS SIX,0.6706,0.0076,0.3218
DIAMONDS KING DIAMONDS SIX,0.666,0.055,0.279
HEARTS THREE DIAMONDS SIX,0.6666,0.0066,0.3268
HEARTS EIGHT DIAMONDS SIX,0.6594,0.0076,0.333
HEARTS NINE DIAMONDS SIX,0.6516,0.0052,0.3432
HEARTS SIX DIAMONDS SIX,0.4836,0.0048,0.5116
HEARTS SEVEN DIAMONDS SIX,0.6424,0.0062,0.3514
HEARTS TEN DIAMONDS SEVEN,0.6672,0.0084,0.3244
CLUBS TWO DIAMONDS SIX,0.6826,0.009,0.3084
HEARTS JACK DIAMONDS SEVEN,0.6772,0.006,0.3168
CLUBS THREE DIAMONDS SIX,0.6626,0.0076,0.3298
CLUBS SEVEN DIAMONDS SIX,0.6544,0.0054,0.3402
CLUBS JACK DIAMONDS EIGHT,0.684,0.0072,0.3088
CLUBS SIX DIAMONDS SIX,0.4982,0.0032,0.4986
CLUBS TEN DIAMONDS EIGHT,0.673,0.0064,0.3206
CLUBS FIVE DIAMONDS SIX,0.628,0.0072,0.3648
CLUBS FOUR DIAMONDS SIX,0.6528,0.0064,0.3408
HEARTS JACK HEARTS ACE,0.3878,0.0068,0.6054
DIAMONDS EIGHT CLUBS ACE,0.4658,0.0044,0.5298
DIAMONDS EIGHT CLUBS KING,0.712,0.0592,0.2288
CLUBS NINE DIAMONDS SIX,0.6546,0.0074,0.338
CLUBS EIGHT DIAMONDS SIX,0.6636,0.0068,0.3296
DIAMONDS EIGHT CLUBS QUEEN,0.7626,0.0206,0.2168
SPADES FIVE DIAMONDS SIX,0.6398,0.0066,0.3536
HEARTS ACE SPADES TWO,0.441,0.0062,0.5528
SPADES FOUR DIAMONDS SIX,0.6634,0.005,0.3316
SPADES THREE DIAMONDS SIX,0.6696,0.007,0.3234
SPADES ACE SPADES KING,0.2686,0.014,0.7174
SPADES TWO DIAMONDS SIX,0.6808,0.0056,0.3136
HEARTS TEN HEARTS EIGHT,0.6554,0.0086,0.336
SPADES NINE DIAMONDS SIX,0.6624,0.0078,0.3298
HEARTS JACK HEARTS EIGHT,0.6736,0.0078,0.3186
SPADES EIGHT DIAMONDS SIX,0.66,0.0056,0.3344
SPADES SEVEN DIAMONDS SIX,0.6424,0.006,0.3516
SPADES SIX DIAMONDS SIX,0.4878,0.0052,0.507
CLUBS ACE CLUBS KING,0.2752,0.0098,0.715
SPADES ACE HEARTS JACK,0.4236,0.0042,0.5722
SPADES QUEEN HEARTS JACK,0.746,0.0246,0.2294
SPADES KING HEARTS JACK,0.706,0.0594,0.2346
SPADES TEN DIAMONDS TEN,0.4588,0.0066,0.5346
SPADES JACK DIAMONDS TEN,0.6588,0.0066,0.3346
SPADES ACE DIAMONDS TEN,0.4336,0.0048,0.5616
SPADES JACK HEARTS JACK,0.462,0.0046,0.5334
SPADES TEN HEARTS JACK,0.6546,0.0082,0.3372
SPADES QUEEN DIAMONDS TEN,0.7404,0.0246,0.235
SPADES KING DIAMONDS TEN,0.7164,0.051,0.2326
SPADES NINE DIAMONDS SEVEN,0.6652,0.006,0.3288
SPADES EIGHT DIAMONDS SEVEN,0.6672,0.005,0.3278
SPADES SEVEN DIAMONDS SEVEN,0.4996,0.005,0.4954
SPADES SIX DIAMONDS SEVEN,0.631,0.0058,0.3632
DIAMONDS KING DIAMONDS SEVEN,0.678,0.054,0.268
HEARTS THREE DIAMONDS SEVEN,0.6788,0.0072,0.314
DIAMONDS QUEEN DIAMONDS SEVEN,0.7046,0.024,0.2714
HEARTS TWO DIAMONDS SEVEN,0.688,0.0062,0.3058
HEARTS FIVE DIAMONDS SEVEN,0.6448,0.0076,0.3476
DIAMONDS ACE DIAMONDS SEVEN,0.4406,0.0052,0.5542
HEARTS FOUR DIAMONDS SEVEN,0.6694,0.006,0.3246
HEARTS ACE DIAMONDS FIVE,0.439,0.0052,0.5558
HEARTS SEVEN DIAMONDS SEVEN,0.4954,0.0058,0.4988
HEARTS SIX DIAMONDS SEVEN,0.6418,0.0048,0.3534
HEARTS NINE DIAMONDS SEVEN,0.6652,0.0056,0.3292
DIAMONDS SEVEN HEARTS EIGHT,0.6588,0.0066,0.3346
DIAMONDS JACK DIAMONDS SEVEN,0.6402,0.009,0.3508
HEARTS JACK DIAMONDS FIVE,0.6862,0.0096,0.3042
DIAMONDS TEN DIAMONDS SEVEN,0.6344,0.005,0.3606
DIAMONDS FIVE HEARTS TEN,0.7008,0.008,0.2912
CLUBS EIGHT DIAMONDS SEVEN,0.658,0.005,0.337
SPADES KING CLUBS TWO,0.7176,0.068,0.2144
SPADES QUEEN CLUBS TWO,0.7654,0.0286,0.206
CLUBS NINE DIAMONDS SEVEN,0.6676,0.0054,0.327
CLUBS JACK SPADES TWO,0.7098,0.007,0.2832
CLUBS SIX CLUBS SEVEN,0.6028,0.0056,0.3916
SPADES ACE CLUBS TWO,0.452,0.0056,0.5424
CLUBS TEN SPADES TWO,0.6934,0.0078,0.2988
SPADES TWO CLUBS KING,0.723,0.062,0.215
SPADES TWO DIAMONDS SEVEN,0.6898,0.0068,0.3034
CLUBS EIGHT CLUBS SIX,0.6234,0.0058,0.3708
SPADES THREE DIAMONDS SEVEN,0.6702,0.0064,0.3234
SPADES TWO CLUBS QUEEN,0.761,0.0278,0.2112
CLUBS NINE CLUBS SIX,0.6296,0.0058,0.3646
SPADES FOUR DIAMONDS SEVEN,0.667,0.0066,0.3264
SPADES FIVE DIAMONDS SEVEN,0.6642,0.0058,0.33
SPADES TWO CLUBS ACE,0.4522,0.004,0.5438
CLUBS SIX SPADES TWO,0.6728,0.009,0.3182
CLUBS SIX SPADES THREE,0.67,0.0062,0.3238
CLUBS TWO DIAMONDS SEVEN,0.684,0.0076,0.3084
CLUBS SIX SPADES FOUR,0.6454,0.0066,0.348
CLUBS THREE DIAMONDS SEVEN,0.6842,0.0092,0.3066
CLUBS SIX SPADES FIVE,0.646,0.0072,0.3468
CLUBS FOUR DIAMONDS SEVEN,0.6722,0.0086,0.3192
CLUBS SIX SPADES SIX,0.494,0.006,0.5
CLUBS FIVE DIAMONDS SEVEN,0.6664,0.0074,0.3262
CLUBS SIX SPADES SEVEN,0.645,0.0054,0.3496
CLUBS SIX DIAMONDS SEVEN,0.6376,0.005,0.3574
CLUBS SIX SPADES EIGHT,0.6542,0.0038,0.342
SPADES JACK CLUBS TWO,0.7072,0.0072,0.2856
CLUBS SEVEN DIAMONDS SEVEN,0.4978,0.0046,0.4976
CLUBS SIX SPADES NINE,0.6674,0.0046,0.328
SPADES TEN CLUBS TWO,0.703,0.0054,0.2916
CLUBS TWO CLUBS QUEEN,0.716,0.0284,0.2556
CLUBS TWO CLUBS KING,0.6846,0.0576,0.2578
CLUBS THREE DIAMONDS EIGHT,0.708,0.0052,0.2868
CLUBS TWO CLUBS ACE,0.4248,0.0062,0.569
CLUBS TWO DIAMONDS EIGHT,0.6964,0.0076,0.296
DIAMONDS EIGHT HEARTS SEVEN,0.654,0.0056,0.3404
HEARTS SIX DIAMONDS EIGHT,0.6458,0.0078,0.3464
DIAMONDS EIGHT HEARTS NINE,0.6488,0.0068,0.3444
CLUBS TEN CLUBS TWO,0.6496,0.0066,0.3438
DIAMONDS EIGHT HEARTS EIGHT,0.4994,0.0084,0.4922
CLUBS JACK CLUBS TWO,0.6536,0.0088,0.3376
CLUBS NINE DIAMONDS EIGHT,0.6568,0.009,0.3342
CLUBS EIGHT DIAMONDS EIGHT,0.4968,0.0036,0.4996
CLUBS FIVE DIAMONDS EIGHT,0.6636,0.006,0.3304
SPADES ACE SPADES THREE,0.4444,0.0046,0.551
CLUBS FOUR DIAMONDS EIGHT,0.6962,0.0054,0.2984
CLUBS SEVEN DIAMONDS EIGHT,0.667,0.0056,0.3274
SPADES QUEEN SPADES THREE,0.7228,0.0228,0.2544
CLUBS SIX DIAMONDS EIGHT,0.6634,0.0058,0.3308
SPADES KING SPADES THREE,0.6726,0.0644,0.263
DIAMONDS QUEEN DIAMONDS EIGHT,0.7136,0.0262,0.2602
HEARTS TWO DIAMONDS EIGHT,0.6816,0.0062,0.3122
DIAMONDS KING DIAMONDS EIGHT,0.6508,0.0592,0.29
HEARTS THREE DIAMONDS EIGHT,0.6822,0.0086,0.3092
DIAMONDS ACE DIAMONDS EIGHT,0.4512,0.0046,0.5442
HEARTS FOUR DIAMONDS EIGHT,0.675,0.0076,0.3174
HEARTS FIVE DIAMONDS EIGHT,0.6672,0.0074,0.3254
DIAMONDS EIGHT DIAMONDS TEN,0.6228,0.0064,0.3708
DIAMONDS EIGHT DIAMONDS JACK,0.6342,0.0054,0.3604
SPADES JACK SPADES THREE,0.6692,0.0106,0.3202
SPADES TEN SPADES THREE,0.6494,0.009,0.3416
CLUBS FOUR HEARTS ACE,0.4408,0.0064,0.5528
CLUBS SIX HEARTS TEN,0.6896,0.0076,0.3028
CLUBS SIX HEARTS JACK,0.695,0.0046,0.3004
DIAMONDS EIGHT SPADES FOUR,0.6772,0.0042,0.3186
SPADES FIVE DIAMONDS EIGHT,0.6734,0.0076,0.319
DIAMONDS EIGHT SPADES TWO,0.6928,0.0056,0.3016
DIAMONDS EIGHT SPADES THREE,0.6892,0.008,0.3028
CLUBS FOUR HEARTS JACK,0.7042,0.0084,0.2874
SPADES EIGHT DIAMONDS EIGHT,0.4942,0.0038,0.502
SPADES TEN DIAMONDS QUEEN,0.7254,0.0264,0.2482
SPADES TEN HEARTS TWO,0.6768,0.0084,0.3148
SPADES JACK HEARTS EIGHT,0.6738,0.0082,0.318
CLUBS FOUR HEARTS TEN,0.6804,0.0068,0.3128
SPADES NINE DIAMONDS EIGHT,0.652,0.0074,0.3406
SPADES TEN HEARTS EIGHT,0.6686,0.0062,0.3252
SPADES JACK HEARTS TWO,0.7122,0.0098,0.278
SPADES JACK DIAMONDS QUEEN,0.7446,0.0214,0.234
SPADES SIX DIAMONDS EIGHT,0.6658,0.0062,0.328
SPADES SEVEN DIAMONDS EIGHT,0.6708,0.0066,0.3226
SPADES ACE HEARTS TWO,0.4336,0.0066,0.5598
SPADES ACE DIAMONDS QUEEN,0.2994,0.0128,0.6878
SPADES ACE HEARTS EIGHT,0.4544,0.0048,0.5408
SPADES KING HEARTS EIGHT,0.7128,0.0566,0.2306
SPADES QUEEN HEARTS TWO,0.7518,0.0264,0.2218
SPADES QUEEN DIAMONDS QUEEN,0.3412,0.0128,0.646
SPADES KING DIAMONDS QUEEN,0.0742,0.9016,0.0242
SPADES KING HEARTS TWO,0.722,0.0624,0.2156
SPADES QUEEN HEARTS EIGHT,0.7476,0.0252,0.2272
CLUBS TWO HEARTS TEN,0.6876,0.0078,0.3046
CLUBS TWO HEARTS JACK,0.6962,0.011,0.2928
SPADES SEVEN DIAMONDS NINE,0.658,0.005,0.337
SPADES SIX DIAMONDS NINE,0.674,0.0058,0.3202
SPADES NINE DIAMONDS NINE,0.4706,0.0048,0.5246
SPADES EIGHT DIAMONDS NINE,0.6538,0.005,0.3412
SPADES TEN CLUBS KING,0.7106,0.0616,0.2278
DIAMONDS NINE SPADES THREE,0.6958,0.0056,0.2986
SPADES JACK CLUBS KING,0.7148,0.0642,0.221
DIAMONDS NINE SPADES TWO,0.7016,0.0064,0.292
DIAMONDS NINE SPADES FIVE,0.686,0.0076,0.3064
DIAMONDS NINE SPADES FOUR,0.7004,0.0074,0.2922
CLUBS NINE DIAMONDS NINE,0.4756,0.0046,0.5198
CLUBS EIGHT DIAMONDS NINE,0.6634,0.0086,0.328
CLUBS SIX DIAMONDS NINE,0.6774,0.0038,0.3188
SPADES JACK CLUBS FOUR,0.696,0.0054,0.2986
CLUBS SEVEN DIAMONDS NINE,0.6616,0.0072,0.3312
SPADES TEN CLUBS FOUR,0.6972,0.0064,0.2964
CLUBS FOUR DIAMONDS NINE,0.6814,0.0094,0.3092
CLUBS FIVE DIAMONDS NINE,0.6746,0.007,0.3184
CLUBS TWO DIAMONDS NINE,0.6848,0.008,0.3072
DIAMONDS NINE CLUBS THREE,0.6832,0.0066,0.3102
DIAMONDS NINE HEARTS EIGHT,0.67,0.0062,0.3238
DIAMONDS NINE HEARTS NINE,0.4784,0.0058,0.5158
HEARTS SIX DIAMONDS NINE,0.667,0.0072,0.3258
DIAMONDS NINE HEARTS SEVEN,0.6568,0.0084,0.3348
CLUBS EIGHT CLUBS NINE,0.6118,0.0074,0.3808
DIAMONDS ACE DIAMONDS NINE,0.4288,0.006,0.5652
HEARTS FOUR DIAMONDS NINE,0.6874,0.007,0.3056
HEARTS FIVE DIAMONDS NINE,0.6808,0.007,0.3122
CLUBS TWO HEARTS ACE,0.443,0.0056,0.5514
SPADES ACE CLUBS FOUR,0.4518,0.0046,0.5436
DIAMONDS QUEEN DIAMONDS NINE,0.706,0.0224,0.2716
HEARTS TWO DIAMONDS NINE,0.6954,0.0044,0.3002
SPADES KING CLUBS FOUR,0.702,0.0644,0.2336
DIAMONDS KING DIAMONDS NINE,0.6676,0.057,0.2754
HEARTS THREE DIAMONDS NINE,0.6786,0.0066,0.3148
SPADES QUEEN CLUBS FOUR,0.7626,0.029,0.2084
DIAMONDS NINE DIAMONDS JACK,0.6202,0.0062,0.3736
CLUBS EIGHT SPADES NINE,0.6578,0.0042,0.338
DIAMONDS NINE DIAMONDS TEN,0.6242,0.0048,0.371
CLUBS EIGHT SPADES EIGHT,0.4912,0.0066,0.5022
CLUBS EIGHT SPADES SEVEN,0.6736,0.0058,0.3206
CLUBS EIGHT SPADES SIX,0.6554,0.0066,0.338
CLUBS EIGHT SPADES FIVE,0.6672,0.0062,0.3266
CLUBS EIGHT SPADES FOUR,0.678,0.0088,0.3132
CLUBS EIGHT SPADES THREE,0.6944,0.0052,0.3004
CLUBS EIGHT SPADES TWO,0.6884,0.0076,0.304
HEARTS SIX DIAMONDS TEN,0.6796,0.0074,0.313
DIAMONDS TEN HEARTS SEVEN,0.675,0.0098,0.3152
DIAMONDS TEN HEARTS EIGHT,0.6574,0.0054,0.3372
CLUBS JACK CLUBS FOUR,0.6556,0.0102,0.3342
DIAMONDS TEN HEARTS NINE,0.6402,0.008,0.3518
CLUBS TEN CLUBS FOUR,0.6574,0.0056,0.337
CLUBS FOUR CLUBS KING,0.6656,0.0594,0.275
CLUBS FOUR CLUBS QUEEN,0.704,0.0268,0.2692
CLUBS TWO DIAMONDS TEN,0.7048,0.0072,0.288
CLUBS THREE DIAMONDS TEN,0.6906,0.0066,0.3028
CLUBS FOUR CLUBS ACE,0.434,0.0054,0.5606
DIAMONDS JACK DIAMONDS TEN,0.6294,0.0048,0.3658
DIAMONDS QUEEN DIAMONDS TEN,0.7092,0.021,0.2698
HEARTS TWO DIAMONDS TEN,0.7026,0.0074,0.29
DIAMONDS KING DIAMONDS TEN,0.6748,0.0538,0.2714
HEARTS THREE DIAMONDS TEN,0.6906,0.008,0.3014
DIAMONDS ACE DIAMONDS TEN,0.4144,0.004,0.5816
HEARTS FOUR DIAMONDS TEN,0.6906,0.008,0.3014
CLUBS EIGHT HEARTS JACK,0.6862,0.0064,0.3074
HEARTS FIVE DIAMONDS TEN,0.69,0.0094,0.3006
CLUBS EIGHT HEARTS TEN,0.6686,0.0064,0.325
CLUBS EIGHT HEARTS ACE,0.4442,0.0064,0.5494
CLUBS NINE SPADES THREE,0.6888,0.0058,0.3054
CLUBS NINE SPADES TWO,0.6932,0.0082,0.2986
CLUBS NINE SPADES FIVE,0.6768,0.0066,0.3166
CLUBS NINE SPADES FOUR,0.6924,0.0066,0.301
CLUBS NINE SPADES SEVEN,0.656,0.0054,0.3386
CLUBS NINE SPADES SIX,0.6686,0.0064,0.325
CLUBS NINE SPADES NINE,0.467,0.004,0.529
CLUBS TEN HEARTS EIGHT,0.66,0.006,0.334
CLUBS NINE SPADES EIGHT,0.6468,0.007,0.3462
CLUBS JACK HEARTS EIGHT,0.6708,0.0068,0.3224
CLUBS QUEEN HEARTS EIGHT,0.7582,0.0294,0.2124
CLUBS KING HEARTS EIGHT,0.7044,0.0658,0.2298
CLUBS ACE HEARTS EIGHT,0.4594,0.0034,0.5372
SPADES KING CLUBS KING,0.1488,0.0134,0.8378
SPADES QUEEN CLUBS KING,0.0662,0.9144,0.0194
SPADES ACE CLUBS KING,0.279,0.0098,0.7112
DIAMONDS ACE HEARTS TEN,0.4232,0.006,0.5708
HEARTS FOUR HEARTS TEN,0.6876,0.007,0.3054
DIAMONDS ACE HEARTS JACK,0.4358,0.0046,0.5596
HEARTS FOUR HEARTS JACK,0.6846,0.008,0.3074
SPADES KING CLUBS FIVE,0.7076,0.0618,0.2306
SPADES QUEEN CLUBS FIVE,0.7636,0.0228,0.2136
SPADES ACE CLUBS FIVE,0.458,0.0046,0.5374
DIAMONDS JACK HEARTS SEVEN,0.6748,0.007,0.3182
HEARTS SIX DIAMONDS JACK,0.705,0.0078,0.2872
DIAMONDS JACK HEARTS NINE,0.6668,0.0072,0.326
DIAMONDS JACK HEARTS EIGHT,0.6812,0.0058,0.313
DIAMONDS KING DIAMONDS JACK,0.6732,0.0518,0.275
HEARTS THREE DIAMONDS JACK,0.6924,0.0074,0.3002
SPADES ACE SPADES SIX,0.4366,0.0056,0.5578
SPADES FOUR HEARTS ACE,0.4462,0.005,0.5488
DIAMONDS QUEEN DIAMONDS JACK,0.6978,0.025,0.2772
HEARTS TWO DIAMONDS JACK,0.7082,0.0094,0.2824
HEARTS FIVE DIAMONDS JACK,0.6998,0.009,0.2912
SPADES QUEEN SPADES SIX,0.71,0.0248,0.2652
DIAMONDS ACE DIAMONDS JACK,0.4074,0.0054,0.5872
HEARTS FOUR DIAMONDS JACK,0.6852,0.0066,0.3082
SPADES KING SPADES SIX,0.6668,0.059,0.2742
SPADES TEN SPADES SIX,0.657,0.006,0.337
SPADES JACK SPADES SIX,0.6596,0.0072,0.3332
SPADES FOUR DIAMONDS JACK,0.7016,0.01,0.2884
SPADES FIVE DIAMONDS JACK,0.6984,0.0052,0.2964
DIAMONDS JACK SPADES TWO,0.7058,0.008,0.2862
DIAMONDS JACK SPADES THREE,0.6982,0.0064,0.2954
SPADES ACE DIAMONDS THREE,0.4404,0.006,0.5536
CLUBS EIGHT DIAMONDS JACK,0.6804,0.0072,0.3124
SPADES QUEEN DIAMONDS THREE,0.7618,0.0286,0.2096
SPADES KING DIAMONDS THREE,0.724,0.0636,0.2124
CLUBS NINE DIAMONDS JACK,0.6658,0.0058,0.3284
CLUBS SIX DIAMONDS JACK,0.706,0.0042,0.2898
CLUBS SEVEN DIAMONDS JACK,0.688,0.0054,0.3066
CLUBS FOUR DIAMONDS JACK,0.701,0.0078,0.2912
CLUBS FIVE DIAMONDS JACK,0.6974,0.0086,0.294
CLUBS TWO DIAMONDS JACK,0.697,0.0086,0.2944
CLUBS THREE DIAMONDS JACK,0.7036,0.0068,0.2896
SPADES TEN CLUBS FIVE,0.696,0.007,0.297
HEARTS SIX SPADES JACK,0.7028,0.0064,0.2908
HEARTS SIX SPADES TEN,0.6808,0.008,0.3112
SPADES JACK CLUBS FIVE,0.6952,0.0056,0.2992
SPADES JACK DIAMONDS THREE,0.7078,0.0066,0.2856
CLUBS SEVEN CLUBS ACE,0.427,0.0052,0.5678
DIAMONDS THREE SPADES TEN,0.7002,0.0054,0.2944
CLUBS SEVEN CLUBS QUEEN,0.719,0.0268,0.2542
CLUBS SEVEN CLUBS KING,0.6612,0.0632,0.2756
SPADES NINE DIAMONDS JACK,0.6644,0.0052,0.3304
CLUBS TEN CLUBS SEVEN,0.6316,0.0082,0.3602
DIAMONDS ACE HEARTS ACE,0.1642,0.0048,0.831
HEARTS FOUR HEARTS ACE,0.4026,0.005,0.5924
SPADES EIGHT DIAMONDS JACK,0.6754,0.0084,0.3162
SPADES ACE HEARTS SIX,0.4584,0.0046,0.537
CLUBS JACK CLUBS SEVEN,0.6446,0.0052,0.3502
SPADES SEVEN DIAMONDS JACK,0.7018,0.0066,0.2916
SPADES KING HEARTS SIX,0.7038,0.0658,0.2304
SPADES QUEEN HEARTS SIX,0.7536,0.027,0.2194
SPADES SIX DIAMONDS JACK,0.7034,0.0054,0.2912
DIAMONDS TEN SPADES TWO,0.7022,0.0058,0.292
SPADES THREE DIAMONDS TEN,0.684,0.0072,0.3088
SPADES FOUR DIAMONDS TEN,0.691,0.0048,0.3042
SPADES FIVE DIAMONDS TEN,0.6924,0.0064,0.3012
SPADES SIX DIAMONDS TEN,0.6818,0.0054,0.3128
SPADES SEVEN DIAMONDS TEN,0.6802,0.0058,0.314
SPADES EIGHT DIAMONDS TEN,0.67,0.0054,0.3246
SPADES NINE DIAMONDS TEN,0.6614,0.0058,0.3328
CLUBS FOUR DIAMONDS TEN,0.688,0.0064,0.3056
CLUBS FIVE DIAMONDS TEN,0.689,0.0038,0.3072
CLUBS SIX DIAMONDS TEN,0.6926,0.0058,0.3016
CLUBS SEVEN DIAMONDS TEN,0.6692,0.006,0.3248
CLUBS EIGHT DIAMONDS TEN,0.6526,0.0082,0.3392
CLUBS NINE DIAMONDS TEN,0.671,0.0046,0.3244
CLUBS JACK DIAMONDS THREE,0.6916,0.0068,0.3016
CLUBS TEN DIAMONDS THREE,0.694,0.0056,0.3004
DIAMONDS THREE CLUBS KING,0.7114,0.0588,0.2298
DIAMONDS THREE CLUBS QUEEN,0.7608,0.025,0.2142
DIAMONDS THREE CLUBS ACE,0.4688,0.0036,0.5276
SPADES FOUR HEARTS JACK,0.6888,0.0084,0.3028
SPADES FOUR HEARTS TEN,0.6952,0.0068,0.298
SPADES FIVE SPADES TWO,0.6256,0.0074,0.367
SPADES FOUR SPADES TWO,0.6208,0.0096,0.3696
SPADES THREE SPADES TWO,0.6308,0.0072,0.362
SPADES NINE SPADES TWO,0.6478,0.008,0.3442
SPADES EIGHT SPADES TWO,0.6466,0.008,0.3454
SPADES SEVEN SPADES TWO,0.6344,0.008,0.3576
SPADES SIX SPADES TWO,0.6396,0.009,0.3514
DIAMONDS QUEEN CLUBS THREE,0.7606,0.0262,0.2132
HEARTS TWO CLUBS THREE,0.6648,0.0092,0.326
DIAMONDS QUEEN CLUBS TWO,0.7606,0.027,0.2124
HEARTS TWO CLUBS TWO,0.5104,0.0102,0.4794
DIAMONDS QUEEN HEARTS SEVEN,0.7516,0.029,0.2194
HEARTS TWO HEARTS SEVEN,0.6764,0.0094,0.3142
HEARTS SIX DIAMONDS QUEEN,0.749,0.026,0.225
HEARTS SIX HEARTS TWO,0.6748,0.0088,0.3164
DIAMONDS QUEEN HEARTS NINE,0.7396,0.0216,0.2388
HEARTS TWO HEARTS NINE,0.6852,0.0082,0.3066
DIAMONDS QUEEN HEARTS EIGHT,0.7414,0.0286,0.23
HEARTS TWO HEARTS EIGHT,0.6894,0.0094,0.3012
CLUBS NINE HEARTS TWO,0.6848,0.0072,0.308
CLUBS NINE DIAMONDS QUEEN,0.7578,0.0246,0.2176
CLUBS EIGHT DIAMONDS QUEEN,0.7584,0.0262,0.2154
CLUBS EIGHT HEARTS TWO,0.6928,0.0054,0.3018
DIAMONDS QUEEN CLUBS FIVE,0.7524,0.0286,0.219
HEARTS TWO CLUBS FIVE,0.6576,0.0104,0.332
SPADES EIGHT HEARTS ACE,0.4552,0.0038,0.541
DIAMONDS QUEEN CLUBS FOUR,0.7482,0.0264,0.2254
CLUBS FOUR HEARTS TWO,0.658,0.008,0.334
CLUBS SEVEN DIAMONDS QUEEN,0.7648,0.0258,0.2094
CLUBS SEVEN HEARTS TWO,0.6874,0.0082,0.3044
CLUBS SIX DIAMONDS QUEEN,0.7504,0.0226,0.227
CLUBS SIX HEARTS TWO,0.6758,0.0062,0.318
HEARTS TWO SPADES SIX,0.678,0.0048,0.3172
DIAMONDS QUEEN SPADES SIX,0.7646,0.0206,0.2148
HEARTS FOUR CLUBS QUEEN,0.7528,0.028,0.2192
DIAMONDS ACE CLUBS QUEEN,0.2868,0.0146,0.6986
DIAMONDS QUEEN SPADES SEVEN,0.7634,0.025,0.2116
HEARTS TWO SPADES SEVEN,0.6796,0.0066,0.3138
HEARTS FOUR CLUBS KING,0.711,0.0604,0.2286
DIAMONDS ACE CLUBS KING,0.2916,0.0112,0.6972
DIAMONDS QUEEN SPADES EIGHT,0.7702,0.0254,0.2044
SPADES EIGHT HEARTS TWO,0.6984,0.0058,0.2958
HEARTS FOUR CLUBS ACE,0.4496,0.0046,0.5458
DIAMONDS ACE CLUBS ACE,0.1762,0.0044,0.8194
SPADES NINE DIAMONDS QUEEN,0.742,0.0254,0.2326
SPADES NINE HEARTS TWO,0.6916,0.0082,0.3002
HEARTS TWO SPADES TWO,0.4976,0.007,0.4954
DIAMONDS QUEEN SPADES TWO,0.7586,0.0276,0.2138
HEARTS TWO SPADES THREE,0.647,0.009,0.344
DIAMONDS QUEEN SPADES THREE,0.7584,0.0276,0.214
HEARTS TWO SPADES FOUR,0.666,0.0104,0.3236
DIAMONDS QUEEN SPADES FOUR,0.7654,0.0192,0.2154
CLUBS TEN HEARTS FOUR,0.6878,0.0082,0.304
CLUBS TEN DIAMONDS ACE,0.4466,0.0066,0.5468
HEARTS TWO SPADES FIVE,0.6578,0.0084,0.3338
DIAMONDS QUEEN SPADES FIVE,0.7562,0.0258,0.218
HEARTS FOUR CLUBS JACK,0.698,0.0066,0.2954
CLUBS JACK DIAMONDS ACE,0.4408,0.0058,0.5534
CLUBS FIVE CLUBS KING,0.6612,0.0592,0.2796
CLUBS FIVE CLUBS QUEEN,0.711,0.0244,0.2646
CLUBS FIVE CLUBS ACE,0.424,0.0056,0.5704
CLUBS JACK CLUBS FIVE,0.6448,0.0074,0.3478
CLUBS TEN CLUBS FIVE,0.6524,0.0072,0.3404
SPADES KING CLUBS JACK,0.7238,0.0548,0.2214
CLUBS JACK SPADES QUEEN,0.745,0.0218,0.2332
SPADES ACE CLUBS JACK,0.4424,0.0048,0.5528
SPADES SIX CLUBS KING,0.7064,0.062,0.2316
SPADES SIX CLUBS QUEEN,0.7474,0.0226,0.23
SPADES EIGHT HEARTS JACK,0.6756,0.0082,0.3162
SPADES SIX CLUBS ACE,0.4684,0.0042,0.5274
SPADES EIGHT HEARTS TEN,0.6728,0.0064,0.3208
CLUBS JACK SPADES SIX,0.702,0.006,0.292
CLUBS TEN SPADES SIX,0.6836,0.0046,0.3118
CLUBS JACK SPADES TEN,0.66,0.006,0.334
CLUBS JACK SPADES JACK,0.4556,0.0034,0.541
SPADES QUEEN CLUBS SEVEN,0.7528,0.023,0.2242
SPADES KING CLUBS SEVEN,0.7116,0.0598,0.2286
SPADES ACE CLUBS SEVEN,0.4758,0.0038,0.5204
SPADES SIX HEARTS TEN,0.6854,0.0046,0.31
SPADES SIX HEARTS JACK,0.685,0.0072,0.3078
SPADES SIX HEARTS ACE,0.4432,0.005,0.5518
SPADES JACK CLUBS SEVEN,0.6926,0.0054,0.302
SPADES TEN CLUBS SEVEN,0.6818,0.007,0.3112
CLUBS TEN HEARTS SIX,0.6882,0.005,0.3068
CLUBS JACK HEARTS SIX,0.6946,0.0064,0.299
CLUBS JACK CLUBS ACE,0.4122,0.0062,0.5816
HEARTS SIX CLUBS QUEEN,0.749,0.0266,0.2244
HEARTS SIX CLUBS KING,0.7132,0.0608,0.226
HEARTS SIX CLUBS ACE,0.4488,0.005,0.5462
CLUBS JACK CLUBS QUEEN,0.6976,0.0246,0.2778
CLUBS JACK CLUBS KING,0.6692,0.0578,0.273
DIAMONDS THREE HEARTS ACE,0.4342,0.0062,0.5596
CLUBS FIVE HEARTS JACK,0.6804,0.0066,0.313
SPADES TEN DIAMONDS ACE,0.4346,0.0054,0.56
HEARTS FOUR SPADES TEN,0.6896,0.0078,0.3026
CLUBS FIVE HEARTS TEN,0.7012,0.0066,0.2922
HEARTS FOUR SPADES JACK,0.6942,0.008,0.2978
SPADES JACK DIAMONDS ACE,0.4468,0.0044,0.5488
SPADES ACE HEARTS FOUR,0.4522,0.0064,0.5414
SPADES ACE DIAMONDS ACE,0.1796,0.0028,0.8176
CLUBS FIVE HEARTS ACE,0.4522,0.0052,0.5426
HEARTS FOUR SPADES QUEEN,0.7512,0.0268,0.222
SPADES QUEEN DIAMONDS ACE,0.2854,0.0112,0.7034
CLUBS JACK SPADES FOUR,0.6994,0.004,0.2966
SPADES KING DIAMONDS ACE,0.287,0.0122,0.7008
HEARTS FOUR SPADES KING,0.7112,0.0632,0.2256
CLUBS TEN SPADES FOUR,0.6996,0.0068,0.2936
DIAMONDS QUEEN DIAMONDS ACE,0.2644,0.0108,0.7248
HEARTS TWO DIAMONDS ACE,0.452,0.005,0.543
HEARTS FOUR DIAMONDS QUEEN,0.75,0.0288,0.2212
HEARTS FOUR HEARTS TWO,0.664,0.0076,0.3284
DIAMONDS THREE HEARTS TEN,0.6996,0.0084,0.292
SPADES FOUR CLUBS KING,0.7018,0.0626,0.2356
HEARTS FIVE DIAMONDS QUEEN,0.7476,0.0304,0.222
HEARTS FIVE HEARTS TWO,0.6582,0.0054,0.3364
DIAMONDS THREE HEARTS JACK,0.698,0.007,0.295
SPADES FOUR CLUBS QUEEN,0.7546,0.029,0.2164
DIAMONDS QUEEN HEARTS TWO,0.7552,0.0282,0.2166
DIAMONDS KING DIAMONDS QUEEN,0.0646,0.8658,0.0696
DIAMONDS KING HEARTS TWO,0.7124,0.0642,0.2234
HEARTS THREE DIAMONDS QUEEN,0.7606,0.0296,0.2098
HEARTS THREE HEARTS TWO,0.6564,0.0102,0.3334
SPADES FOUR CLUBS ACE,0.461,0.0048,0.5342
HEARTS TWO CLUBS ACE,0.4486,0.0064,0.545
DIAMONDS QUEEN CLUBS ACE,0.29,0.0112,0.6988
HEARTS TWO CLUBS QUEEN,0.7576,0.0316,0.2108
DIAMONDS QUEEN CLUBS QUEEN,0.3486,0.0098,0.6416
HEARTS TWO CLUBS KING,0.7054,0.066,0.2286
DIAMONDS QUEEN CLUBS KING,0.0762,0.9036,0.0202
SPADES EIGHT SPADES FIVE,0.6348,0.0054,0.3598
CLUBS TEN HEARTS TWO,0.7088,0.0074,0.2838
CLUBS TEN DIAMONDS QUEEN,0.7378,0.0222,0.24
SPADES NINE SPADES FIVE,0.6334,0.0074,0.3592
CLUBS JACK HEARTS TWO,0.7006,0.005,0.2944
CLUBS JACK DIAMONDS QUEEN,0.734,0.0278,0.2382
SPADES SIX SPADES FIVE,0.594,0.007,0.399
SPADES SEVEN SPADES FIVE,0.6194,0.0042,0.3764
DIAMONDS FIVE CLUBS QUEEN,0.7472,0.0292,0.2236
SPADES EIGHT CLUBS ACE,0.472,0.0036,0.5244
DIAMONDS FIVE CLUBS KING,0.7144,0.0656,0.22
SPADES EIGHT CLUBS KING,0.7032,0.0632,0.2336
DIAMONDS FIVE CLUBS ACE,0.46,0.004,0.536
SPADES EIGHT CLUBS QUEEN,0.7586,0.0296,0.2118
CLUBS JACK SPADES EIGHT,0.6888,0.0036,0.3076
CLUBS TEN SPADES EIGHT,0.6672,0.0074,0.3254
CLUBS TEN DIAMONDS FIVE,0.6996,0.0068,0.2936
CLUBS JACK DIAMONDS FIVE,0.6892,0.0064,0.3044
HEARTS JACK DIAMONDS TEN,0.6636,0.0056,0.3308
DIAMONDS TEN HEARTS TEN,0.4594,0.0042,0.5364
SPADES ACE CLUBS NINE,0.4546,0.0026,0.5428
SPADES QUEEN CLUBS NINE,0.748,0.025,0.227
SPADES KING CLUBS NINE,0.7072,0.0536,0.2392
DIAMONDS KING SPADES SEVEN,0.7214,0.0584,0.2202
HEARTS THREE SPADES SEVEN,0.679,0.0062,0.3148
SPADES KING DIAMONDS SEVEN,0.7084,0.0616,0.23
SPADES QUEEN DIAMONDS SEVEN,0.7514,0.0294,0.2192
HEARTS THREE SPADES SIX,0.654,0.0078,0.3382
DIAMONDS KING SPADES SIX,0.7148,0.0534,0.2318
DIAMONDS KING SPADES NINE,0.7232,0.0582,0.2186
HEARTS THREE SPADES NINE,0.682,0.0074,0.3106
HEARTS SIX HEARTS ACE,0.4154,0.008,0.5766
DIAMONDS KING SPADES EIGHT,0.7172,0.0626,0.2202
