opposingHand,winningChance,drawChance,lostChance
HEARTS FIVE SPADES JACK
SPADES FIVE CLUBS JACK,0.017,0.97,0.013
CLUBS TEN SPADES FIVE,0.703,0.063,0.234
CLUBS EIGHT CLUBS JACK,0.211,0.209,0.58
CLUBS TEN CLUBS EIGHT,0.522,0.0164,0.4616
CLUBS EIGHT CLUBS KING,0.3494,0.0066,0.644
SPADES FIVE CLUBS ACE,0.2414,0.027,0.7316
CLUBS EIGHT CLUBS QUEEN,0.3348,0.0102,0.655
SPADES FIVE CLUBS KING,0.2348,0.038,0.7272
SPADES FIVE CLUBS QUEEN,0.2382,0.055,0.7068
CLUBS EIGHT CLUBS ACE,0.3248,0.0052,0.67
DIAMONDS TWO DIAMONDS THREE,0.6166,0.0192,0.3642
DIAMONDS TWO DIAMONDS FIVE,0.6368,0.0662,0.297
DIAMONDS TWO DIAMONDS FOUR,0.596,0.0174,0.3866
DIAMONDS TWO DIAMONDS SEVEN,0.5998,0.0152,0.385
DIAMONDS TWO DIAMONDS SIX,0.5874,0.015,0.3976
DIAMONDS TWO DIAMONDS NINE,0.5872,0.015,0.3978
DIAMONDS TWO DIAMONDS EIGHT,0.5832,0.017,0.3998
DIAMONDS THREE DIAMONDS FOUR,0.5732,0.0206,0.4062
SPADES FOUR CLUBS TWO,0.6294,0.0196,0.351
DIAMONDS THREE DIAMONDS FIVE,0.6138,0.067,0.3192
SPADES FIVE CLUBS TWO,0.6832,0.068,0.2488
CLUBS TWO SPADES TWO,0.425,0.0512,0.5238
CLUBS TWO SPADES THREE,0.6462,0.019,0.3348
DIAMONDS THREE DIAMONDS EIGHT,0.6006,0.017,0.3824
SPADES EIGHT CLUBS TWO,0.6326,0.0186,0.3488
DIAMONDS THREE DIAMONDS NINE,0.592,0.0176,0.3904
SPADES NINE CLUBS TWO,0.6246,0.0216,0.3538
DIAMONDS THREE DIAMONDS SIX,0.5758,0.0226,0.4016
SPADES SIX CLUBS TWO,0.6336,0.0202,0.3462
DIAMONDS THREE DIAMONDS SEVEN,0.5804,0.0176,0.402
SPADES SEVEN CLUBS TWO,0.64,0.0188,0.3412
CLUBS SIX CLUBS TWO,0.582,0.0212,0.3968
CLUBS SEVEN CLUBS TWO,0.5856,0.0222,0.3922
CLUBS FOUR CLUBS TWO,0.5956,0.0198,0.3846
CLUBS FIVE CLUBS TWO,0.6246,0.0732,0.3022
CLUBS TEN CLUBS JACK,0.2118,0.1166,0.6716
DIAMONDS FOUR DIAMONDS SIX,0.5446,0.0206,0.4348
CLUBS TEN CLUBS QUEEN,0.3146,0.014,0.6714
DIAMONDS FOUR DIAMONDS SEVEN,0.5676,0.0218,0.4106
CLUBS TEN CLUBS KING,0.3146,0.008,0.6774
CLUBS TEN CLUBS ACE,0.3398,0.0032,0.657
CLUBS EIGHT CLUBS TWO,0.586,0.017,0.397
DIAMONDS FIVE DIAMONDS FOUR,0.612,0.0572,0.3308
CLUBS NINE CLUBS TWO,0.5834,0.0142,0.4024
DIAMONDS NINE DIAMONDS FOUR,0.5888,0.0208,0.3904
DIAMONDS EIGHT DIAMONDS FOUR,0.575,0.0164,0.4086
CLUBS THREE CLUBS TWO,0.585,0.0204,0.3946
DIAMONDS NINE DIAMONDS FIVE,0.6426,0.057,0.3004
DIAMONDS TWO CLUBS JACK,0.3304,0.4614,0.2082
DIAMONDS EIGHT DIAMONDS FIVE,0.6368,0.0568,0.3064
CLUBS TEN DIAMONDS TWO,0.6262,0.022,0.3518
DIAMONDS FIVE DIAMONDS SEVEN,0.6122,0.0616,0.3262
DIAMONDS FIVE DIAMONDS SIX,0.6068,0.0562,0.337
DIAMONDS TWO CLUBS ACE,0.3924,0.0052,0.6024
DIAMONDS TWO CLUBS KING,0.396,0.0088,0.5952
DIAMONDS TWO CLUBS QUEEN,0.3988,0.0108,0.5904
DIAMONDS EIGHT DIAMONDS SIX,0.5344,0.019,0.4466
DIAMONDS NINE DIAMONDS SIX,0.5412,0.0158,0.443
HEARTS ACE SPADES THREE,0.3812,0.0056,0.6132
SPADES THREE HEARTS KING,0.3998,0.0094,0.5908
DIAMONDS SEVEN DIAMONDS SIX,0.5216,0.0182,0.4602
SPADES THREE HEARTS QUEEN,0.3844,0.0134,0.6022
SPADES THREE HEARTS JACK,0.3192,0.4736,0.2072
SPADES THREE HEARTS TEN,0.6268,0.0206,0.3526
DIAMONDS EIGHT DIAMONDS SEVEN,0.5204,0.014,0.4656
DIAMONDS NINE DIAMONDS SEVEN,0.521,0.018,0.461
DIAMONDS NINE DIAMONDS EIGHT,0.5118,0.0156,0.4726
DIAMONDS KING HEARTS TEN,0.3342,0.0066,0.6592
HEARTS THREE HEARTS TEN,0.5932,0.0206,0.3862
DIAMONDS KING HEARTS JACK,0.233,0.0298,0.7372
HEARTS THREE HEARTS JACK,0.3118,0.4346,0.2536
SPADES TEN CLUBS SIX,0.5864,0.0174,0.3962
SPADES TEN SPADES FIVE,0.6798,0.0648,0.2554
DIAMONDS KING HEARTS ACE,0.3276,0.003,0.6694
HEARTS THREE HEARTS ACE,0.3616,0.0048,0.6336
SPADES ACE CLUBS SIX,0.3524,0.0052,0.6424
DIAMONDS KING HEARTS QUEEN,0.313,0.0076,0.6794
HEARTS THREE HEARTS QUEEN,0.3816,0.009,0.6094
SPADES KING CLUBS SIX,0.3672,0.0076,0.6252
DIAMONDS KING HEARTS KING,0.1362,0.0076,0.8562
HEARTS THREE HEARTS KING,0.3556,0.0086,0.6358
SPADES QUEEN CLUBS SIX,0.3578,0.011,0.6312
SPADES NINE HEARTS TEN,0.5452,0.0164,0.4384
SPADES NINE HEARTS JACK,0.2274,0.1772,0.5954
SPADES QUEEN SPADES FIVE,0.2248,0.0518,0.7234
SPADES KING SPADES FIVE,0.2214,0.038,0.7406
SPADES ACE SPADES FIVE,0.2202,0.029,0.7508
SPADES NINE HEARTS QUEEN,0.3378,0.0092,0.653
SPADES NINE HEARTS KING,0.364,0.0078,0.6282
SPADES NINE HEARTS ACE,0.3642,0.007,0.6288
CLUBS TEN SPADES TEN,0.289,0.0212,0.6898
SPADES ACE CLUBS TEN,0.3604,0.004,0.6356
SPADES KING CLUBS TEN,0.3448,0.0074,0.6478
CLUBS TEN SPADES QUEEN,0.334,0.0068,0.6592
SPADES FIVE HEARTS QUEEN,0.2192,0.059,0.7218
SPADES FIVE HEARTS KING,0.2386,0.0448,0.7166
SPADES FIVE HEARTS ACE,0.2272,0.0296,0.7432
SPADES TEN CLUBS EIGHT,0.5584,0.017,0.4246
HEARTS THREE SPADES TEN,0.6278,0.0192,0.353
SPADES TEN DIAMONDS KING,0.326,0.0074,0.6666
CLUBS SIX HEARTS ACE,0.3526,0.0038,0.6436
SPADES ACE CLUBS EIGHT,0.3628,0.0022,0.635
CLUBS SIX HEARTS QUEEN,0.3492,0.009,0.6418
SPADES QUEEN CLUBS EIGHT,0.3552,0.0098,0.635
CLUBS TEN SPADES THREE,0.6358,0.0186,0.3456
CLUBS SIX HEARTS KING,0.371,0.0088,0.6202
SPADES KING CLUBS EIGHT,0.3528,0.0086,0.6386
SPADES THREE CLUBS JACK,0.3224,0.4612,0.2164
DIAMONDS TWO HEARTS JACK,0.3286,0.4574,0.214
SPADES THREE CLUBS QUEEN,0.3984,0.0124,0.5892
DIAMONDS TWO HEARTS TEN,0.614,0.021,0.365
SPADES THREE CLUBS KING,0.3946,0.01,0.5954
SPADES FIVE HEARTS TEN,0.7136,0.0638,0.2226
SPADES THREE CLUBS ACE,0.3908,0.0044,0.6048
SPADES FIVE HEARTS JACK,0.0092,0.981,0.0098
HEARTS THREE CLUBS KING,0.401,0.0084,0.5906
DIAMONDS KING CLUBS KING,0.1446,0.0072,0.8482
HEARTS THREE CLUBS QUEEN,0.3856,0.009,0.6054
DIAMONDS KING CLUBS QUEEN,0.3174,0.0042,0.6784
HEARTS THREE CLUBS ACE,0.3918,0.0046,0.6036
DIAMONDS KING CLUBS ACE,0.336,0.0042,0.6598
SPADES ACE CLUBS QUEEN,0.3224,0.0052,0.6724
SPADES KING CLUBS QUEEN,0.3212,0.009,0.6698
HEARTS THREE CLUBS JACK,0.3296,0.4596,0.2108
DIAMONDS KING CLUBS JACK,0.2358,0.0312,0.733
SPADES QUEEN CLUBS QUEEN,0.1502,0.0106,0.8392
CLUBS TEN HEARTS THREE,0.6206,0.0184,0.361
CLUBS TEN DIAMONDS KING,0.3506,0.0076,0.6418
CLUBS SIX CLUBS QUEEN,0.3476,0.0102,0.6422
SPADES TEN CLUBS QUEEN,0.3318,0.0104,0.6578
CLUBS SIX CLUBS KING,0.3354,0.0082,0.6564
CLUBS SIX CLUBS ACE,0.3382,0.0068,0.655
CLUBS TEN CLUBS SIX,0.5404,0.0196,0.44
CLUBS SIX CLUBS JACK,0.2202,0.357,0.4228
SPADES SEVEN HEARTS JACK,0.2324,0.3038,0.4638
SPADES SEVEN HEARTS TEN,0.5662,0.0178,0.416
DIAMONDS TWO CLUBS TWO,0.4154,0.0408,0.5438
DIAMONDS TWO CLUBS THREE,0.6306,0.022,0.3474
DIAMONDS TWO HEARTS SIX,0.626,0.015,0.359
DIAMONDS TWO HEARTS QUEEN,0.3986,0.0128,0.5886
HEARTS SEVEN DIAMONDS TWO,0.6236,0.02,0.3564
DIAMONDS TWO HEARTS KING,0.3958,0.0074,0.5968
DIAMONDS TWO HEARTS EIGHT,0.6246,0.0188,0.3566
DIAMONDS TWO HEARTS ACE,0.3858,0.0076,0.6066
DIAMONDS TWO HEARTS NINE,0.6216,0.023,0.3554
DIAMONDS TWO DIAMONDS QUEEN,0.3774,0.012,0.6106
DIAMONDS TWO HEARTS TWO,0.4266,0.0554,0.518
DIAMONDS TWO DIAMONDS KING,0.3692,0.0086,0.6222
HEARTS THREE DIAMONDS TWO,0.6344,0.0196,0.346
DIAMONDS TWO DIAMONDS ACE,0.3566,0.0042,0.6392
HEARTS FOUR DIAMONDS TWO,0.638,0.019,0.343
SPADES SEVEN HEARTS ACE,0.3528,0.0046,0.6426
DIAMONDS TWO DIAMONDS TEN,0.5842,0.0212,0.3946
SPADES SEVEN HEARTS KING,0.3648,0.0076,0.6276
DIAMONDS TWO DIAMONDS JACK,0.3188,0.426,0.2552
SPADES SEVEN HEARTS QUEEN,0.368,0.0138,0.6182
DIAMONDS TWO SPADES NINE,0.6302,0.0192,0.3506
DIAMONDS TWO SPADES EIGHT,0.6342,0.0198,0.346
DIAMONDS TWO SPADES SEVEN,0.6336,0.0212,0.3452
DIAMONDS TWO SPADES SIX,0.6242,0.0212,0.3546
DIAMONDS TWO SPADES FIVE,0.689,0.0624,0.2486
DIAMONDS TWO SPADES FOUR,0.6422,0.0236,0.3342
DIAMONDS TWO SPADES THREE,0.6446,0.0152,0.3402
DIAMONDS TWO SPADES TWO,0.416,0.0524,0.5316
CLUBS NINE DIAMONDS TWO,0.6188,0.0168,0.3644
DIAMONDS TWO CLUBS EIGHT,0.6284,0.019,0.3526
CLUBS SEVEN DIAMONDS TWO,0.629,0.0192,0.3518
DIAMONDS TWO CLUBS SIX,0.6266,0.0208,0.3526
DIAMONDS TWO CLUBS FIVE,0.6728,0.0648,0.2624
DIAMONDS TWO CLUBS FOUR,0.6334,0.0188,0.3478
CLUBS FOUR SPADES FIVE,0.6482,0.0688,0.283
CLUBS FOUR SPADES FOUR,0.415,0.0482,0.5368
CLUBS FOUR SPADES THREE,0.626,0.02,0.354
CLUBS FOUR SPADES TWO,0.6276,0.022,0.3504
SPADES NINE CLUBS FOUR,0.631,0.0204,0.3486
SPADES EIGHT CLUBS FOUR,0.6216,0.0204,0.358
SPADES SEVEN CLUBS FOUR,0.6054,0.02,0.3746
SPADES SIX CLUBS FOUR,0.6144,0.0166,0.369
SPADES ACE DIAMONDS SIX,0.3518,0.0054,0.6428
SPADES QUEEN DIAMONDS SIX,0.3626,0.0066,0.6308
SPADES KING DIAMONDS SIX,0.3582,0.0058,0.636
SPADES TEN DIAMONDS SIX,0.5786,0.0174,0.404
SPADES QUEEN SPADES TWO,0.3854,0.0128,0.6018
SPADES KING SPADES TWO,0.376,0.0082,0.6158
SPADES ACE SPADES TWO,0.3682,0.0078,0.624
DIAMONDS JACK CLUBS JACK,0.1012,0.0356,0.8632
CLUBS TEN DIAMONDS JACK,0.235,0.1208,0.6442
DIAMONDS JACK CLUBS KING,0.227,0.032,0.741
DIAMONDS JACK CLUBS QUEEN,0.2292,0.0398,0.731
DIAMONDS THREE DIAMONDS JACK,0.2972,0.4352,0.2676
DIAMONDS THREE DIAMONDS TEN,0.5894,0.0142,0.3964
DIAMONDS JACK CLUBS ACE,0.2352,0.021,0.7438
DIAMONDS THREE DIAMONDS KING,0.3714,0.0068,0.6218
HEARTS THREE DIAMONDS THREE,0.4154,0.0466,0.538
DIAMONDS THREE DIAMONDS QUEEN,0.3736,0.009,0.6174
DIAMONDS THREE HEARTS TWO,0.646,0.0224,0.3316
DIAMONDS THREE DIAMONDS ACE,0.3528,0.004,0.6432
HEARTS FOUR DIAMONDS THREE,0.62,0.0192,0.3608
HEARTS SEVEN DIAMONDS THREE,0.6154,0.0166,0.368
SPADES TEN SPADES NINE,0.5202,0.0156,0.4642
HEARTS SIX DIAMONDS THREE,0.613,0.0196,0.3674
DIAMONDS THREE HEARTS NINE,0.6242,0.0194,0.3564
HEARTS JACK DIAMONDS FOUR,0.3184,0.4598,0.2218
HEARTS ACE HEARTS KING,0.3164,0.0044,0.6792
SPADES TEN SPADES TWO,0.5876,0.0202,0.3922
DIAMONDS THREE HEARTS EIGHT,0.6256,0.0192,0.3552
HEARTS TEN DIAMONDS FOUR,0.6166,0.016,0.3674
HEARTS QUEEN DIAMONDS FOUR,0.3876,0.009,0.6034
HEARTS KING DIAMONDS FOUR,0.3996,0.0084,0.592
SPADES ACE SPADES NINE,0.3374,0.0044,0.6582
HEARTS ACE DIAMONDS FOUR,0.37,0.0046,0.6254
SPADES KING SPADES NINE,0.3432,0.0054,0.6514
SPADES QUEEN SPADES NINE,0.3184,0.0092,0.6724
DIAMONDS THREE SPADES NINE,0.6212,0.0198,0.359
DIAMONDS THREE SPADES EIGHT,0.6274,0.021,0.3516
DIAMONDS THREE SPADES SEVEN,0.6198,0.0218,0.3584
DIAMONDS THREE SPADES SIX,0.6128,0.0238,0.3634
DIAMONDS THREE CLUBS SIX,0.6158,0.0154,0.3688
CLUBS FIVE CLUBS SIX,0.6196,0.0548,0.3256
CLUBS ACE DIAMONDS FOUR,0.3858,0.0048,0.6094
CLUBS SEVEN DIAMONDS THREE,0.6162,0.0218,0.362
CLUBS SEVEN CLUBS FIVE,0.6154,0.0644,0.3202
DIAMONDS THREE CLUBS FOUR,0.6188,0.0194,0.3618
DIAMONDS FOUR CLUBS QUEEN,0.3868,0.0118,0.6014
DIAMONDS THREE CLUBS FIVE,0.6682,0.0628,0.269
CLUBS KING DIAMONDS FOUR,0.4026,0.0066,0.5908
DIAMONDS THREE CLUBS TWO,0.6312,0.0212,0.3476
CLUBS TEN DIAMONDS FOUR,0.6126,0.0198,0.3676
DIAMONDS THREE CLUBS THREE,0.4078,0.0488,0.5434
DIAMONDS FOUR CLUBS JACK,0.3368,0.4492,0.214
DIAMONDS THREE SPADES FOUR,0.6282,0.021,0.3508
DIAMONDS THREE SPADES FIVE,0.666,0.069,0.265
DIAMONDS THREE SPADES TWO,0.6336,0.0208,0.3456
DIAMONDS THREE SPADES THREE,0.4176,0.0464,0.536
CLUBS EIGHT DIAMONDS THREE,0.63,0.0222,0.3478
CLUBS NINE DIAMONDS THREE,0.6218,0.0192,0.359
SPADES SEVEN CLUBS ACE,0.3626,0.0052,0.6322
SPADES SEVEN CLUBS QUEEN,0.3662,0.0094,0.6244
SPADES SEVEN CLUBS KING,0.3652,0.0072,0.6276
CLUBS FIVE SPADES SEVEN,0.6578,0.0606,0.2816
CLUBS TEN SPADES SEVEN,0.5684,0.0156,0.416
CLUBS FIVE SPADES SIX,0.6562,0.0632,0.2806
SPADES SEVEN CLUBS JACK,0.2178,0.2974,0.4848
SPADES NINE CLUBS FIVE,0.6996,0.0606,0.2398
CLUBS FIVE SPADES EIGHT,0.6728,0.0594,0.2678
CLUBS FIVE SPADES THREE,0.6608,0.0702,0.269
CLUBS FIVE SPADES TWO,0.6858,0.0656,0.2486
CLUBS FIVE SPADES FIVE,0.288,0.0456,0.6664
CLUBS FIVE SPADES FOUR,0.6524,0.063,0.2846
CLUBS NINE CLUBS FIVE,0.6486,0.0636,0.2878
CLUBS EIGHT CLUBS FIVE,0.6418,0.0552,0.303
CLUBS ACE CLUBS QUEEN,0.3004,0.005,0.6946
CLUBS KING CLUBS QUEEN,0.2918,0.0056,0.7026
DIAMONDS TEN DIAMONDS FOUR,0.5868,0.016,0.3972
CLUBS TEN DIAMONDS NINE,0.5138,0.016,0.4702
DIAMONDS JACK DIAMONDS FOUR,0.3076,0.4376,0.2548
DIAMONDS NINE CLUBS JACK,0.2344,0.1632,0.6024
SPADES NINE CLUBS JACK,0.2224,0.1802,0.5974
CLUBS TEN SPADES NINE,0.548,0.0182,0.4338
DIAMONDS ACE DIAMONDS FOUR,0.3588,0.0036,0.6376
HEARTS FOUR DIAMONDS FOUR,0.4142,0.0476,0.5382
DIAMONDS JACK HEARTS TEN,0.2216,0.1264,0.652
SPADES NINE CLUBS KING,0.3684,0.0068,0.6248
DIAMONDS TWO SPADES TEN,0.6242,0.0198,0.356
DIAMONDS NINE CLUBS ACE,0.3626,0.0038,0.6336
DIAMONDS JACK HEARTS JACK,0.0938,0.0376,0.8686
SPADES NINE CLUBS QUEEN,0.348,0.0122,0.6398
DIAMONDS QUEEN DIAMONDS FOUR,0.3664,0.0104,0.6232
HEARTS TWO DIAMONDS FOUR,0.635,0.0238,0.3412
DIAMONDS NINE CLUBS QUEEN,0.346,0.0102,0.6438
DIAMONDS KING DIAMONDS FOUR,0.3668,0.0072,0.626
HEARTS THREE DIAMONDS FOUR,0.619,0.0206,0.3604
SPADES NINE CLUBS ACE,0.3752,0.0044,0.6204
DIAMONDS NINE CLUBS KING,0.3548,0.0064,0.6388
HEARTS ACE DIAMONDS JACK,0.2232,0.021,0.7558
SPADES ACE DIAMONDS TWO,0.3902,0.0052,0.6046
HEARTS QUEEN DIAMONDS JACK,0.2336,0.0414,0.725
SPADES QUEEN DIAMONDS TWO,0.3988,0.0118,0.5894
DIAMONDS JACK HEARTS KING,0.2292,0.0332,0.7376
SPADES KING DIAMONDS TWO,0.3966,0.0088,0.5946
SPADES TEN SPADES SEVEN,0.5384,0.0196,0.442
CLUBS SEVEN CLUBS THREE,0.5868,0.019,0.3942
CLUBS SIX CLUBS THREE,0.559,0.0218,0.4192
CLUBS FIVE CLUBS THREE,0.6238,0.0576,0.3186
CLUBS THREE CLUBS FOUR,0.5818,0.0196,0.3986
CLUBS NINE CLUBS THREE,0.5906,0.0158,0.3936
CLUBS EIGHT CLUBS THREE,0.5944,0.02,0.3856
CLUBS THREE SPADES FIVE,0.6744,0.0682,0.2574
CLUBS THREE SPADES FOUR,0.6226,0.0238,0.3536
CLUBS THREE SPADES THREE,0.4258,0.0508,0.5234
CLUBS THREE SPADES TWO,0.632,0.0228,0.3452
CLUBS THREE SPADES SIX,0.6244,0.0214,0.3542
SPADES SEVEN CLUBS THREE,0.6248,0.0164,0.3588
SPADES EIGHT CLUBS THREE,0.6282,0.0172,0.3546
SPADES NINE CLUBS THREE,0.6284,0.0188,0.3528
SPADES TWO DIAMONDS FOUR,0.6376,0.022,0.3404
SPADES THREE DIAMONDS FOUR,0.634,0.0174,0.3486
SPADES FOUR DIAMONDS FOUR,0.4094,0.0486,0.542
SPADES FIVE DIAMONDS FOUR,0.6438,0.0606,0.2956
SPADES SIX DIAMONDS FOUR,0.6144,0.0172,0.3684
SPADES SEVEN DIAMONDS FOUR,0.6062,0.0206,0.3732
SPADES EIGHT DIAMONDS FOUR,0.6206,0.0212,0.3582
SPADES NINE DIAMONDS FOUR,0.6296,0.02,0.3504
CLUBS FIVE DIAMONDS FOUR,0.64,0.0638,0.2962
CLUBS FOUR DIAMONDS FOUR,0.4114,0.045,0.5436
CLUBS SEVEN DIAMONDS FOUR,0.6122,0.02,0.3678
CLUBS SIX DIAMONDS FOUR,0.5908,0.0186,0.3906
CLUBS NINE DIAMONDS FOUR,0.6186,0.0168,0.3646
CLUBS EIGHT DIAMONDS FOUR,0.613,0.0212,0.3658
HEARTS SEVEN DIAMONDS FOUR,0.5922,0.0226,0.3852
HEARTS SIX DIAMONDS FOUR,0.5996,0.0216,0.3788
DIAMONDS FOUR HEARTS NINE,0.6218,0.019,0.3592
DIAMONDS FOUR HEARTS EIGHT,0.6052,0.02,0.3748
CLUBS THREE DIAMONDS FOUR,0.6184,0.0196,0.362
CLUBS TWO DIAMONDS FOUR,0.6284,0.0182,0.3534
DIAMONDS TEN DIAMONDS FIVE,0.6552,0.0626,0.2822
DIAMONDS JACK DIAMONDS FIVE,0.0228,0.9048,0.0724
DIAMONDS NINE HEARTS QUEEN,0.3388,0.0088,0.6524
DIAMONDS NINE HEARTS KING,0.3416,0.008,0.6504
HEARTS ACE DIAMONDS NINE,0.3606,0.0054,0.634
DIAMONDS NINE HEARTS TEN,0.5328,0.0166,0.4506
DIAMONDS NINE HEARTS JACK,0.2252,0.1708,0.604
CLUBS KING DIAMONDS SIX,0.3654,0.0072,0.6274
CLUBS QUEEN DIAMONDS SIX,0.3712,0.0088,0.62
CLUBS ACE DIAMONDS SIX,0.352,0.004,0.644
SPADES KING DIAMONDS FOUR,0.39,0.0078,0.6022
SPADES ACE SPADES SEVEN,0.3356,0.006,0.6584
SPADES QUEEN DIAMONDS FOUR,0.377,0.0128,0.6102
SPADES QUEEN SPADES SEVEN,0.352,0.0106,0.6374
CLUBS JACK DIAMONDS SIX,0.2304,0.3774,0.3922
SPADES KING SPADES SEVEN,0.3516,0.0094,0.639
SPADES ACE DIAMONDS FOUR,0.3742,0.004,0.6218
CLUBS TEN DIAMONDS SIX,0.5878,0.0174,0.3948
CLUBS NINE CLUBS FOUR,0.5848,0.017,0.3982
CLUBS EIGHT CLUBS FOUR,0.5752,0.0184,0.4064
SPADES TEN DIAMONDS FOUR,0.6224,0.0162,0.3614
CLUBS FIVE CLUBS FOUR,0.624,0.0558,0.3202
CLUBS SEVEN CLUBS FOUR,0.582,0.0192,0.3988
CLUBS SIX CLUBS FOUR,0.5698,0.0146,0.4156
CLUBS SEVEN SPADES EIGHT,0.5524,0.019,0.4286
CLUBS SEVEN SPADES NINE,0.5572,0.0182,0.4246
CLUBS SEVEN SPADES SIX,0.5706,0.0182,0.4112
CLUBS SEVEN SPADES SEVEN,0.3066,0.0382,0.6552
CLUBS SEVEN SPADES FIVE,0.6588,0.0562,0.285
CLUBS SEVEN SPADES FOUR,0.6134,0.0198,0.3668
CLUBS SEVEN SPADES THREE,0.6188,0.0208,0.3604
CLUBS SEVEN SPADES TWO,0.6374,0.0218,0.3408
CLUBS NINE CLUBS SEVEN,0.5308,0.015,0.4542
CLUBS SEVEN CLUBS EIGHT,0.5074,0.0148,0.4778
HEARTS SIX DIAMONDS FIVE,0.6448,0.0684,0.2868
HEARTS SEVEN DIAMONDS FIVE,0.66,0.0582,0.2818
DIAMONDS FIVE HEARTS EIGHT,0.6678,0.0628,0.2694
DIAMONDS FIVE HEARTS NINE,0.6884,0.0644,0.2472
DIAMONDS QUEEN DIAMONDS FIVE,0.2248,0.0564,0.7188
HEARTS TWO DIAMONDS FIVE,0.6754,0.0726,0.252
HEARTS KING HEARTS EIGHT,0.3654,0.01,0.6246
DIAMONDS KING DIAMONDS FIVE,0.2178,0.0354,0.7468
HEARTS THREE DIAMONDS FIVE,0.674,0.0644,0.2616
HEARTS QUEEN HEARTS EIGHT,0.3408,0.0116,0.6476
DIAMONDS ACE DIAMONDS FIVE,0.2142,0.0262,0.7596
HEARTS FOUR DIAMONDS FIVE,0.6556,0.069,0.2754
HEARTS ACE HEARTS EIGHT,0.3452,0.0048,0.65
CLUBS FOUR DIAMONDS FIVE,0.6446,0.0628,0.2926
CLUBS FIVE DIAMONDS FIVE,0.2916,0.0456,0.6628
CLUBS SIX DIAMONDS FIVE,0.6536,0.0546,0.2918
CLUBS SEVEN DIAMONDS FIVE,0.6628,0.064,0.2732
CLUBS TWO DIAMONDS FIVE,0.685,0.0676,0.2474
CLUBS THREE DIAMONDS FIVE,0.6528,0.066,0.2812
SPADES THREE DIAMONDS FIVE,0.6794,0.0704,0.2502
SPADES TWO DIAMONDS FIVE,0.6696,0.0734,0.257
SPADES FIVE DIAMONDS FIVE,0.2938,0.0492,0.657
CLUBS TEN HEARTS JACK,0.2134,0.1278,0.6588
SPADES TEN DIAMONDS EIGHT,0.5526,0.018,0.4294
SPADES FOUR DIAMONDS FIVE,0.6584,0.0708,0.2708
HEARTS JACK CLUBS JACK,0.0862,0.0412,0.8726
HEARTS JACK CLUBS QUEEN,0.2288,0.041,0.7302
CLUBS NINE DIAMONDS FIVE,0.6762,0.068,0.2558
CLUBS KING HEARTS JACK,0.2274,0.0276,0.745
CLUBS EIGHT DIAMONDS FIVE,0.666,0.0568,0.2772
CLUBS ACE HEARTS JACK,0.231,0.0206,0.7484
SPADES SEVEN DIAMONDS FIVE,0.648,0.0644,0.2876
SPADES KING DIAMONDS EIGHT,0.365,0.0084,0.6266
SPADES SIX DIAMONDS FIVE,0.6582,0.0622,0.2796
SPADES QUEEN DIAMONDS EIGHT,0.3556,0.0114,0.633
SPADES NINE DIAMONDS FIVE,0.6934,0.0642,0.2424
SPADES EIGHT DIAMONDS FIVE,0.6688,0.066,0.2652
SPADES ACE DIAMONDS EIGHT,0.3574,0.0036,0.639
DIAMONDS TEN DIAMONDS SIX,0.5392,0.0204,0.4404
HEARTS ACE DIAMONDS SEVEN,0.347,0.0048,0.6482
DIAMONDS JACK DIAMONDS SIX,0.2068,0.3688,0.4244
HEARTS QUEEN DIAMONDS SEVEN,0.3602,0.0096,0.6302
HEARTS KING DIAMONDS SEVEN,0.3646,0.0066,0.6288
DIAMONDS ACE DIAMONDS SIX,0.3414,0.0044,0.6542
HEARTS FOUR DIAMONDS SIX,0.6138,0.018,0.3682
SPADES TWO HEARTS JACK,0.3134,0.466,0.2206
SPADES TWO HEARTS TEN,0.6326,0.018,0.3494
DIAMONDS QUEEN DIAMONDS SIX,0.3392,0.0098,0.651
HEARTS TWO DIAMONDS SIX,0.6256,0.0176,0.3568
DIAMONDS KING DIAMONDS SIX,0.3452,0.0064,0.6484
HEARTS THREE DIAMONDS SIX,0.6222,0.0184,0.3594
HEARTS EIGHT DIAMONDS SIX,0.5716,0.0164,0.412
HEARTS NINE DIAMONDS SIX,0.5698,0.0164,0.4138
HEARTS SIX DIAMONDS SIX,0.3106,0.0436,0.6458
HEARTS SEVEN DIAMONDS SIX,0.5522,0.0176,0.4302
HEARTS TEN DIAMONDS SEVEN,0.5662,0.016,0.4178
CLUBS TWO DIAMONDS SIX,0.6232,0.0186,0.3582
HEARTS JACK DIAMONDS SEVEN,0.2206,0.2992,0.4802
CLUBS THREE DIAMONDS SIX,0.6184,0.0206,0.361
CLUBS SEVEN DIAMONDS SIX,0.5598,0.016,0.4242
DIAMONDS EIGHT CLUBS JACK,0.2308,0.2226,0.5466
CLUBS SIX DIAMONDS SIX,0.3158,0.041,0.6432
CLUBS TEN DIAMONDS EIGHT,0.5488,0.0118,0.4394
CLUBS FIVE DIAMONDS SIX,0.6536,0.0584,0.288
CLUBS FOUR DIAMONDS SIX,0.595,0.0162,0.3888
HEARTS ACE HEARTS JACK,0.221,0.0208,0.7582
DIAMONDS EIGHT CLUBS ACE,0.3716,0.0044,0.624
HEARTS QUEEN HEARTS JACK,0.2258,0.0444,0.7298
DIAMONDS EIGHT CLUBS KING,0.3638,0.0082,0.628
CLUBS NINE DIAMONDS SIX,0.5754,0.0112,0.4134
HEARTS KING HEARTS JACK,0.2212,0.034,0.7448
DIAMONDS EIGHT CLUBS QUEEN,0.352,0.01,0.638
CLUBS EIGHT DIAMONDS SIX,0.5694,0.0188,0.4118
SPADES TEN HEARTS KING,0.329,0.0082,0.6628
SPADES FIVE DIAMONDS SIX,0.6632,0.063,0.2738
HEARTS ACE SPADES TWO,0.3838,0.0054,0.6108
SPADES FOUR DIAMONDS SIX,0.598,0.0196,0.3824
SPADES THREE DIAMONDS SIX,0.6134,0.0216,0.365
HEARTS QUEEN SPADES TWO,0.3984,0.0096,0.592
SPADES ACE SPADES KING,0.3188,0.0034,0.6778
SPADES TWO HEARTS KING,0.407,0.0094,0.5836
SPADES TWO DIAMONDS SIX,0.6278,0.0202,0.352
HEARTS TEN HEARTS EIGHT,0.5202,0.0172,0.4626
SPADES NINE DIAMONDS SIX,0.5772,0.0178,0.405
HEARTS JACK HEARTS EIGHT,0.2324,0.2114,0.5562
SPADES EIGHT DIAMONDS SIX,0.5738,0.0178,0.4084
SPADES SEVEN DIAMONDS SIX,0.572,0.0194,0.4086
SPADES SIX DIAMONDS SIX,0.324,0.0428,0.6332
SPADES KING HEARTS KING,0.1316,0.0086,0.8598
SPADES QUEEN HEARTS KING,0.3116,0.0066,0.6818
CLUBS ACE CLUBS KING,0.3148,0.003,0.6822
SPADES ACE HEARTS KING,0.334,0.0046,0.6614
SPADES ACE HEARTS JACK,0.2224,0.0208,0.7568
SPADES QUEEN HEARTS JACK,0.2154,0.044,0.7406
SPADES KING HEARTS JACK,0.2304,0.0308,0.7388
SPADES TEN DIAMONDS TEN,0.286,0.0234,0.6906
SPADES ACE DIAMONDS TEN,0.337,0.0032,0.6598
SPADES TEN HEARTS JACK,0.2238,0.1214,0.6548
SPADES QUEEN DIAMONDS TEN,0.328,0.0104,0.6616
SPADES KING DIAMONDS TEN,0.3304,0.006,0.6636
SPADES NINE DIAMONDS SEVEN,0.5596,0.02,0.4204
SPADES EIGHT DIAMONDS SEVEN,0.5536,0.0176,0.4288
SPADES SEVEN DIAMONDS SEVEN,0.3052,0.0368,0.658
SPADES SIX DIAMONDS SEVEN,0.5618,0.0194,0.4188
DIAMONDS KING DIAMONDS SEVEN,0.3364,0.005,0.6586
HEARTS THREE DIAMONDS SEVEN,0.6246,0.0216,0.3538
HEARTS KING DIAMONDS FIVE,0.2372,0.0426,0.7202
DIAMONDS QUEEN DIAMONDS SEVEN,0.3464,0.0108,0.6428
HEARTS TWO DIAMONDS SEVEN,0.6336,0.021,0.3454
HEARTS QUEEN DIAMONDS FIVE,0.2354,0.0472,0.7174
DIAMONDS ACE DIAMONDS SEVEN,0.332,0.0028,0.6652
HEARTS FOUR DIAMONDS SEVEN,0.6074,0.021,0.3716
HEARTS ACE DIAMONDS FIVE,0.2284,0.0312,0.7404
HEARTS SEVEN DIAMONDS SEVEN,0.3082,0.0364,0.6554
HEARTS SIX DIAMONDS SEVEN,0.567,0.0162,0.4168
DIAMONDS SEVEN HEARTS NINE,0.5678,0.0194,0.4128
HEARTS EIGHT DIAMONDS SEVEN,0.555,0.0192,0.4258
DIAMONDS JACK DIAMONDS SEVEN,0.2118,0.2848,0.5034
DIAMONDS FIVE HEARTS JACK,0.0118,0.9712,0.017
DIAMONDS TEN DIAMONDS SEVEN,0.5282,0.0164,0.4554
HEARTS TEN DIAMONDS FIVE,0.6966,0.0654,0.238
SPADES KING CLUBS TWO,0.3928,0.0084,0.5988
HEARTS KING CLUBS KING,0.1454,0.0064,0.8482
CLUBS EIGHT DIAMONDS SEVEN,0.553,0.0176,0.4294
SPADES QUEEN CLUBS TWO,0.4002,0.0136,0.5862
HEARTS KING CLUBS QUEEN,0.3122,0.009,0.6788
CLUBS NINE DIAMONDS SEVEN,0.5496,0.0172,0.4332
SPADES TWO CLUBS JACK,0.3256,0.4592,0.2152
SPADES ACE CLUBS TWO,0.3922,0.0046,0.6032
CLUBS TEN SPADES TWO,0.6232,0.0182,0.3586
HEARTS KING CLUBS ACE,0.319,0.0024,0.6786
CLUBS SEVEN CLUBS SIX,0.524,0.0166,0.4594
SPADES TWO CLUBS KING,0.4008,0.008,0.5912
SPADES TWO DIAMONDS SEVEN,0.6334,0.0224,0.3442
CLUBS EIGHT CLUBS SIX,0.5178,0.0188,0.4634
SPADES THREE DIAMONDS SEVEN,0.6072,0.019,0.3738
SPADES TWO CLUBS QUEEN,0.3998,0.0126,0.5876
CLUBS NINE CLUBS SIX,0.5374,0.0152,0.4474
SPADES FOUR DIAMONDS SEVEN,0.6062,0.0224,0.3714
HEARTS KING CLUBS JACK,0.2314,0.0324,0.7362
SPADES FIVE DIAMONDS SEVEN,0.6602,0.0572,0.2826
SPADES TWO CLUBS ACE,0.3894,0.0048,0.6058
CLUBS TEN HEARTS KING,0.3488,0.0074,0.6438
CLUBS SIX SPADES TWO,0.6424,0.0196,0.338
CLUBS SIX SPADES THREE,0.6182,0.0218,0.36
CLUBS TWO DIAMONDS SEVEN,0.6202,0.0222,0.3576
CLUBS SIX SPADES FOUR,0.5916,0.0212,0.3872
CLUBS THREE DIAMONDS SEVEN,0.6202,0.0184,0.3614
CLUBS SIX SPADES FIVE,0.6628,0.0626,0.2746
CLUBS FOUR DIAMONDS SEVEN,0.6138,0.0154,0.3708
CLUBS SIX SPADES SIX,0.3214,0.0484,0.6302
CLUBS FIVE DIAMONDS SEVEN,0.6508,0.0608,0.2884
CLUBS SIX SPADES SEVEN,0.5556,0.0192,0.4252
CLUBS SIX DIAMONDS SEVEN,0.564,0.0168,0.4192
SPADES EIGHT CLUBS SIX,0.5706,0.0176,0.4118
CLUBS SEVEN DIAMONDS SEVEN,0.3108,0.0372,0.652
SPADES NINE CLUBS SIX,0.5802,0.0196,0.4002
SPADES TEN CLUBS TWO,0.625,0.0196,0.3554
CLUBS TWO CLUBS QUEEN,0.3692,0.012,0.6188
CLUBS TWO CLUBS KING,0.3774,0.0082,0.6144
CLUBS THREE DIAMONDS EIGHT,0.6334,0.0194,0.3472
CLUBS TWO CLUBS ACE,0.3684,0.0036,0.628
CLUBS TWO DIAMONDS EIGHT,0.6314,0.0148,0.3538
HEARTS SEVEN DIAMONDS EIGHT,0.5554,0.0164,0.4282
HEARTS SIX DIAMONDS EIGHT,0.5596,0.0172,0.4232
DIAMONDS EIGHT HEARTS NINE,0.538,0.0142,0.4478
CLUBS TEN CLUBS TWO,0.5848,0.02,0.3952
DIAMONDS EIGHT HEARTS EIGHT,0.2946,0.0292,0.6762
CLUBS TWO CLUBS JACK,0.3014,0.4234,0.2752
CLUBS NINE DIAMONDS EIGHT,0.5394,0.0176,0.443
CLUBS EIGHT DIAMONDS EIGHT,0.2928,0.033,0.6742
CLUBS FIVE DIAMONDS EIGHT,0.6732,0.0624,0.2644
SPADES ACE SPADES THREE,0.3648,0.0064,0.6288
CLUBS FOUR DIAMONDS EIGHT,0.62,0.0184,0.3616
CLUBS SEVEN DIAMONDS EIGHT,0.5416,0.016,0.4424
SPADES QUEEN SPADES THREE,0.3728,0.011,0.6162
CLUBS SIX DIAMONDS EIGHT,0.5642,0.0166,0.4192
SPADES KING SPADES THREE,0.3864,0.0094,0.6042
DIAMONDS QUEEN DIAMONDS EIGHT,0.3326,0.0096,0.6578
HEARTS TWO DIAMONDS EIGHT,0.6328,0.021,0.3462
DIAMONDS KING DIAMONDS EIGHT,0.3276,0.0074,0.665
HEARTS THREE DIAMONDS EIGHT,0.6366,0.019,0.3444
DIAMONDS ACE DIAMONDS EIGHT,0.3324,0.0026,0.665
HEARTS FOUR DIAMONDS EIGHT,0.627,0.0206,0.3524
DIAMONDS EIGHT DIAMONDS TEN,0.5184,0.0154,0.4662
DIAMONDS EIGHT DIAMONDS JACK,0.2122,0.216,0.5718
SPADES TEN SPADES THREE,0.6094,0.0182,0.3724
CLUBS FOUR HEARTS ACE,0.3706,0.004,0.6254
CLUBS FOUR HEARTS QUEEN,0.3876,0.013,0.5994
CLUBS FOUR HEARTS KING,0.3932,0.0096,0.5972
CLUBS SIX HEARTS TEN,0.587,0.0162,0.3968
CLUBS SIX HEARTS JACK,0.2186,0.3834,0.398
SPADES FOUR DIAMONDS EIGHT,0.6254,0.0192,0.3554
SPADES FIVE DIAMONDS EIGHT,0.6728,0.0566,0.2706
DIAMONDS EIGHT SPADES TWO,0.6292,0.018,0.3528
DIAMONDS EIGHT SPADES THREE,0.6334,0.0216,0.345
CLUBS FOUR HEARTS JACK,0.3136,0.4694,0.217
SPADES EIGHT DIAMONDS EIGHT,0.2968,0.03,0.6732
SPADES TEN HEARTS TWO,0.6328,0.019,0.3482
SPADES TEN DIAMONDS QUEEN,0.3392,0.0126,0.6482
CLUBS FOUR HEARTS TEN,0.6192,0.0152,0.3656
SPADES NINE DIAMONDS EIGHT,0.5498,0.0166,0.4336
SPADES TEN HEARTS EIGHT,0.5476,0.0158,0.4366
SPADES SIX DIAMONDS EIGHT,0.5716,0.0212,0.4072
SPADES SEVEN DIAMONDS EIGHT,0.5664,0.0168,0.4168
SPADES ACE HEARTS TWO,0.3822,0.005,0.6128
SPADES ACE DIAMONDS QUEEN,0.3212,0.0048,0.674
SPADES ACE HEARTS EIGHT,0.3578,0.006,0.6362
SPADES KING HEARTS EIGHT,0.3654,0.0094,0.6252
SPADES QUEEN HEARTS TWO,0.3974,0.0146,0.588
SPADES QUEEN DIAMONDS QUEEN,0.1492,0.0112,0.8396
SPADES KING DIAMONDS QUEEN,0.3226,0.007,0.6704
SPADES KING HEARTS TWO,0.3982,0.007,0.5948
SPADES QUEEN HEARTS EIGHT,0.3324,0.011,0.6566
CLUBS TWO HEARTS TEN,0.6232,0.0192,0.3576
CLUBS TWO HEARTS JACK,0.3094,0.4714,0.2192
SPADES SEVEN DIAMONDS NINE,0.5752,0.0148,0.41
SPADES SIX DIAMONDS NINE,0.5718,0.0168,0.4114
SPADES NINE DIAMONDS NINE,0.2804,0.0294,0.6902
SPADES EIGHT DIAMONDS NINE,0.5586,0.0176,0.4238
SPADES TEN CLUBS KING,0.3372,0.0092,0.6536
DIAMONDS NINE SPADES THREE,0.6394,0.0172,0.3434
DIAMONDS NINE SPADES TWO,0.6232,0.0164,0.3604
SPADES FIVE DIAMONDS NINE,0.6932,0.0594,0.2474
DIAMONDS NINE SPADES FOUR,0.6202,0.0188,0.361
CLUBS NINE DIAMONDS NINE,0.2838,0.0268,0.6894
CLUBS EIGHT DIAMONDS NINE,0.542,0.0154,0.4426
CLUBS SIX DIAMONDS NINE,0.574,0.0186,0.4074
CLUBS SEVEN DIAMONDS NINE,0.5608,0.0164,0.4228
SPADES TEN CLUBS FOUR,0.6202,0.017,0.3628
CLUBS FOUR DIAMONDS NINE,0.6242,0.0152,0.3606
CLUBS FIVE DIAMONDS NINE,0.6924,0.0616,0.246
DIAMONDS NINE CLUBS TWO,0.6196,0.0208,0.3596
CLUBS THREE DIAMONDS NINE,0.623,0.0194,0.3576
DIAMONDS NINE HEARTS EIGHT,0.541,0.0174,0.4416
DIAMONDS NINE HEARTS NINE,0.2956,0.029,0.6754
HEARTS SIX DIAMONDS NINE,0.558,0.0196,0.4224
HEARTS SEVEN DIAMONDS NINE,0.5662,0.0184,0.4154
CLUBS NINE CLUBS EIGHT,0.5052,0.0144,0.4804
DIAMONDS ACE DIAMONDS NINE,0.3418,0.0036,0.6546
HEARTS FOUR DIAMONDS NINE,0.6236,0.0208,0.3556
HEARTS ACE CLUBS TWO,0.3806,0.0044,0.615
SPADES ACE CLUBS FOUR,0.3784,0.0046,0.617
DIAMONDS QUEEN DIAMONDS NINE,0.3314,0.0094,0.6592
HEARTS TWO DIAMONDS NINE,0.6304,0.0208,0.3488
CLUBS TWO HEARTS KING,0.3896,0.0096,0.6008
SPADES KING CLUBS FOUR,0.3992,0.0096,0.5912
DIAMONDS KING DIAMONDS NINE,0.3362,0.0052,0.6586
HEARTS THREE DIAMONDS NINE,0.6154,0.0168,0.3678
CLUBS TWO HEARTS QUEEN,0.3858,0.014,0.6002
SPADES QUEEN CLUBS FOUR,0.3882,0.0112,0.6006
DIAMONDS NINE DIAMONDS JACK,0.21,0.1572,0.6328
CLUBS EIGHT SPADES NINE,0.5486,0.0156,0.4358
DIAMONDS NINE DIAMONDS TEN,0.5072,0.0138,0.479
CLUBS EIGHT SPADES EIGHT,0.3054,0.0286,0.666
CLUBS EIGHT SPADES SEVEN,0.5576,0.0194,0.423
CLUBS EIGHT SPADES SIX,0.5716,0.016,0.4124
CLUBS EIGHT SPADES FIVE,0.681,0.0642,0.2548
CLUBS EIGHT SPADES FOUR,0.6152,0.0208,0.364
CLUBS EIGHT SPADES THREE,0.6406,0.0162,0.3432
CLUBS EIGHT SPADES TWO,0.6326,0.0186,0.3488
HEARTS SIX DIAMONDS TEN,0.5874,0.0166,0.396
HEARTS SEVEN DIAMONDS TEN,0.57,0.0182,0.4118
DIAMONDS TEN HEARTS EIGHT,0.5448,0.0188,0.4364
CLUBS FOUR CLUBS JACK,0.3036,0.4334,0.263
DIAMONDS TEN HEARTS NINE,0.5316,0.0128,0.4556
CLUBS TEN CLUBS FOUR,0.587,0.0172,0.3958
CLUBS FOUR CLUBS KING,0.3622,0.007,0.6308
CLUBS FOUR CLUBS QUEEN,0.3746,0.0114,0.614
CLUBS TWO DIAMONDS TEN,0.6196,0.0184,0.362
CLUBS THREE DIAMONDS TEN,0.626,0.0202,0.3538
CLUBS FOUR CLUBS ACE,0.3694,0.0044,0.6262
DIAMONDS JACK DIAMONDS TEN,0.2352,0.1228,0.642
DIAMONDS QUEEN DIAMONDS TEN,0.308,0.0084,0.6836
HEARTS TWO DIAMONDS TEN,0.6248,0.021,0.3542
DIAMONDS KING DIAMONDS TEN,0.332,0.0066,0.6614
HEARTS THREE DIAMONDS TEN,0.6298,0.02,0.3502
DIAMONDS ACE DIAMONDS TEN,0.3302,0.0032,0.6666
HEARTS FOUR DIAMONDS TEN,0.6188,0.019,0.3622
CLUBS EIGHT HEARTS JACK,0.229,0.2222,0.5488
CLUBS EIGHT HEARTS TEN,0.5558,0.0156,0.4286
CLUBS EIGHT HEARTS QUEEN,0.36,0.0134,0.6266
CLUBS EIGHT HEARTS KING,0.3468,0.0066,0.6466
CLUBS EIGHT HEARTS ACE,0.3622,0.0046,0.6332
CLUBS NINE SPADES THREE,0.626,0.021,0.353
CLUBS NINE SPADES TWO,0.6266,0.0176,0.3558
CLUBS NINE SPADES FIVE,0.6862,0.06,0.2538
CLUBS NINE SPADES FOUR,0.6256,0.0162,0.3582
CLUBS NINE SPADES SEVEN,0.5692,0.0138,0.417
CLUBS NINE SPADES SIX,0.5806,0.0168,0.4026
CLUBS NINE SPADES NINE,0.289,0.0272,0.6838
CLUBS TEN HEARTS EIGHT,0.5384,0.0178,0.4438
CLUBS NINE SPADES EIGHT,0.5578,0.0198,0.4224
HEARTS EIGHT CLUBS JACK,0.2238,0.2234,0.5528
CLUBS QUEEN HEARTS EIGHT,0.3398,0.0142,0.646
CLUBS KING HEARTS EIGHT,0.369,0.006,0.625
CLUBS ACE HEARTS EIGHT,0.3536,0.0054,0.641
SPADES KING CLUBS KING,0.134,0.0062,0.8598
SPADES QUEEN CLUBS KING,0.3074,0.0066,0.686
SPADES ACE CLUBS KING,0.3168,0.003,0.6802
DIAMONDS ACE HEARTS TEN,0.341,0.0044,0.6546
HEARTS FOUR HEARTS TEN,0.5878,0.0162,0.396
DIAMONDS ACE HEARTS JACK,0.2404,0.023,0.7366
HEARTS FOUR HEARTS JACK,0.3072,0.4448,0.248
SPADES KING CLUBS FIVE,0.2344,0.039,0.7266
SPADES QUEEN CLUBS FIVE,0.2192,0.0492,0.7316
SPADES ACE CLUBS FIVE,0.2274,0.0334,0.7392
HEARTS SEVEN DIAMONDS JACK,0.208,0.2944,0.4976
HEARTS SIX DIAMONDS JACK,0.227,0.3796,0.3934
DIAMONDS JACK HEARTS NINE,0.231,0.1674,0.6016
DIAMONDS JACK HEARTS EIGHT,0.2168,0.221,0.5622
DIAMONDS KING DIAMONDS JACK,0.2114,0.0296,0.759
HEARTS THREE DIAMONDS JACK,0.3194,0.4656,0.215
SPADES ACE SPADES SIX,0.3478,0.0056,0.6466
HEARTS ACE SPADES FOUR,0.374,0.0058,0.6202
DIAMONDS QUEEN DIAMONDS JACK,0.2328,0.0364,0.7308
HEARTS TWO DIAMONDS JACK,0.3392,0.4584,0.2024
SPADES QUEEN SPADES SIX,0.3402,0.0112,0.6486
SPADES FOUR HEARTS QUEEN,0.3888,0.0116,0.5996
DIAMONDS ACE DIAMONDS JACK,0.2162,0.017,0.7668
HEARTS FOUR DIAMONDS JACK,0.3244,0.4514,0.2242
SPADES KING SPADES SIX,0.3478,0.009,0.6432
SPADES FOUR HEARTS KING,0.3976,0.01,0.5924
SPADES TEN SPADES SIX,0.555,0.02,0.425
SPADES FOUR DIAMONDS JACK,0.324,0.4552,0.2208
SPADES FIVE DIAMONDS JACK,0.0198,0.9706,0.0096
DIAMONDS JACK SPADES TWO,0.327,0.4602,0.2128
SPADES THREE DIAMONDS JACK,0.3152,0.4734,0.2114
SPADES ACE DIAMONDS THREE,0.3872,0.0072,0.6056
SPADES QUEEN DIAMONDS THREE,0.391,0.0098,0.5992
CLUBS EIGHT DIAMONDS JACK,0.2342,0.2116,0.5542
SPADES KING DIAMONDS THREE,0.3968,0.0106,0.5926
CLUBS NINE DIAMONDS JACK,0.2252,0.1596,0.6152
CLUBS SIX DIAMONDS JACK,0.2242,0.3894,0.3864
CLUBS SEVEN DIAMONDS JACK,0.227,0.2952,0.4778
CLUBS FOUR DIAMONDS JACK,0.323,0.4572,0.2198
CLUBS FIVE DIAMONDS JACK,0.0208,0.961,0.0182
CLUBS TWO DIAMONDS JACK,0.3336,0.4474,0.219
CLUBS THREE DIAMONDS JACK,0.318,0.4626,0.2194
SPADES TEN CLUBS FIVE,0.701,0.0598,0.2392
SPADES TEN HEARTS SIX,0.5802,0.0162,0.4036
CLUBS SEVEN CLUBS ACE,0.3506,0.0038,0.6456
SPADES TEN DIAMONDS THREE,0.6258,0.0192,0.355
CLUBS SEVEN CLUBS QUEEN,0.3354,0.0106,0.654
CLUBS SEVEN CLUBS KING,0.3382,0.007,0.6548
SPADES NINE DIAMONDS JACK,0.2398,0.1662,0.594
CLUBS TEN CLUBS SEVEN,0.532,0.0188,0.4492
DIAMONDS ACE HEARTS ACE,0.1384,0.0028,0.8588
HEARTS FOUR HEARTS ACE,0.3644,0.0048,0.6308
SPADES EIGHT DIAMONDS JACK,0.2326,0.218,0.5494
SPADES ACE HEARTS SIX,0.3466,0.0036,0.6498
CLUBS SEVEN CLUBS JACK,0.214,0.2792,0.5068
DIAMONDS ACE HEARTS KING,0.3252,0.0038,0.671
HEARTS FOUR HEARTS KING,0.3596,0.0072,0.6332
SPADES SEVEN DIAMONDS JACK,0.2302,0.2938,0.476
SPADES KING HEARTS SIX,0.3434,0.0072,0.6494
DIAMONDS ACE HEARTS QUEEN,0.3186,0.0036,0.6778
HEARTS FOUR HEARTS QUEEN,0.3718,0.0146,0.6136
SPADES SIX DIAMONDS JACK,0.2396,0.3716,0.3888
SPADES QUEEN HEARTS SIX,0.35,0.0128,0.6372
SPADES TWO DIAMONDS TEN,0.622,0.0216,0.3564
SPADES THREE DIAMONDS TEN,0.6262,0.0192,0.3546
SPADES FOUR DIAMONDS TEN,0.6294,0.0182,0.3524
SPADES FIVE DIAMONDS TEN,0.7064,0.0654,0.2282
SPADES SIX DIAMONDS TEN,0.5782,0.0194,0.4024
SPADES SEVEN DIAMONDS TEN,0.5732,0.0182,0.4086
SPADES EIGHT DIAMONDS TEN,0.553,0.017,0.43
SPADES NINE DIAMONDS TEN,0.545,0.018,0.437
CLUBS FOUR DIAMONDS TEN,0.6192,0.0148,0.366
CLUBS FIVE DIAMONDS TEN,0.688,0.0618,0.2502
CLUBS SIX DIAMONDS TEN,0.5962,0.0154,0.3884
CLUBS SEVEN DIAMONDS TEN,0.5718,0.0204,0.4078
CLUBS EIGHT DIAMONDS TEN,0.5458,0.0154,0.4388
CLUBS NINE DIAMONDS TEN,0.537,0.0164,0.4466
DIAMONDS THREE CLUBS JACK,0.3212,0.4608,0.218
CLUBS TEN DIAMONDS THREE,0.621,0.0192,0.3598
DIAMONDS THREE CLUBS KING,0.3948,0.0062,0.599
DIAMONDS THREE CLUBS QUEEN,0.3984,0.009,0.5926
DIAMONDS THREE CLUBS ACE,0.3824,0.003,0.6146
SPADES FOUR HEARTS JACK,0.3178,0.4708,0.2114
SPADES FOUR HEARTS TEN,0.616,0.0194,0.3646
SPADES FIVE SPADES TWO,0.6468,0.0618,0.2914
SPADES FOUR SPADES TWO,0.6074,0.0218,0.3708
SPADES THREE SPADES TWO,0.6074,0.0202,0.3724
SPADES NINE SPADES TWO,0.5946,0.018,0.3874
SPADES EIGHT SPADES TWO,0.5952,0.0186,0.3862
SPADES SEVEN SPADES TWO,0.6052,0.0194,0.3754
SPADES SIX SPADES TWO,0.6074,0.0154,0.3772
DIAMONDS QUEEN CLUBS THREE,0.398,0.0126,0.5894
CLUBS THREE HEARTS TWO,0.635,0.0174,0.3476
DIAMONDS QUEEN CLUBS TWO,0.3914,0.0114,0.5972
HEARTS TWO CLUBS TWO,0.4232,0.0524,0.5244
HEARTS SEVEN DIAMONDS QUEEN,0.3632,0.0092,0.6276
HEARTS SEVEN HEARTS TWO,0.594,0.0194,0.3866
HEARTS SIX DIAMONDS QUEEN,0.3622,0.0138,0.624
HEARTS SIX HEARTS TWO,0.5954,0.0174,0.3872
DIAMONDS QUEEN HEARTS NINE,0.3496,0.0104,0.64
HEARTS TWO HEARTS NINE,0.6008,0.0206,0.3786
DIAMONDS QUEEN HEARTS EIGHT,0.3502,0.0106,0.6392
HEARTS TWO HEARTS EIGHT,0.6002,0.0186,0.3812
CLUBS NINE HEARTS TWO,0.6254,0.0186,0.356
CLUBS NINE DIAMONDS QUEEN,0.359,0.0108,0.6302
CLUBS EIGHT HEARTS TWO,0.6322,0.017,0.3508
CLUBS EIGHT DIAMONDS QUEEN,0.357,0.0092,0.6338
CLUBS FIVE DIAMONDS QUEEN,0.238,0.0528,0.7092
CLUBS FIVE HEARTS TWO,0.6826,0.0686,0.2488
SPADES EIGHT HEARTS ACE,0.3742,0.005,0.6208
DIAMONDS QUEEN CLUBS FOUR,0.3934,0.0092,0.5974
HEARTS TWO CLUBS FOUR,0.6372,0.019,0.3438
CLUBS SEVEN DIAMONDS QUEEN,0.3722,0.01,0.6178
CLUBS SEVEN HEARTS TWO,0.6368,0.017,0.3462
SPADES EIGHT HEARTS QUEEN,0.3546,0.0092,0.6362
CLUBS SIX DIAMONDS QUEEN,0.3598,0.012,0.6282
CLUBS SIX HEARTS TWO,0.6328,0.0194,0.3478
SPADES EIGHT HEARTS KING,0.3762,0.007,0.6168
DIAMONDS QUEEN SPADES SIX,0.3688,0.011,0.6202
HEARTS TWO SPADES SIX,0.633,0.0168,0.3502
HEARTS FOUR CLUBS QUEEN,0.3916,0.0108,0.5976
DIAMONDS ACE CLUBS QUEEN,0.3236,0.0044,0.672
DIAMONDS QUEEN SPADES SEVEN,0.3702,0.0122,0.6176
SPADES SEVEN HEARTS TWO,0.6388,0.0218,0.3394
HEARTS FOUR CLUBS KING,0.393,0.007,0.6
DIAMONDS ACE CLUBS KING,0.3272,0.0032,0.6696
SPADES EIGHT DIAMONDS QUEEN,0.3604,0.0106,0.629
SPADES EIGHT HEARTS TWO,0.6268,0.0198,0.3534
HEARTS FOUR CLUBS ACE,0.3774,0.0072,0.6154
DIAMONDS ACE CLUBS ACE,0.1438,0.0024,0.8538
SPADES NINE DIAMONDS QUEEN,0.3574,0.0076,0.635
SPADES NINE HEARTS TWO,0.625,0.021,0.354
HEARTS TWO SPADES TWO,0.4262,0.0486,0.5252
DIAMONDS QUEEN SPADES TWO,0.397,0.0084,0.5946
HEARTS TWO SPADES THREE,0.636,0.0212,0.3428
DIAMONDS QUEEN SPADES THREE,0.3922,0.0138,0.594
HEARTS TWO SPADES FOUR,0.6362,0.0228,0.341
DIAMONDS QUEEN SPADES FOUR,0.3798,0.0096,0.6106
HEARTS FOUR CLUBS TEN,0.6282,0.0182,0.3536
CLUBS TEN DIAMONDS ACE,0.3576,0.0046,0.6378
HEARTS TWO SPADES FIVE,0.6796,0.0654,0.255
DIAMONDS QUEEN SPADES FIVE,0.2402,0.0524,0.7074
HEARTS FOUR CLUBS JACK,0.3196,0.4674,0.213
DIAMONDS ACE CLUBS JACK,0.2456,0.0188,0.7356
CLUBS FIVE CLUBS KING,0.2174,0.046,0.7366
CLUBS FIVE CLUBS QUEEN,0.2294,0.0502,0.7204
CLUBS FIVE CLUBS ACE,0.2164,0.026,0.7576
CLUBS FIVE CLUBS JACK,0.0198,0.91,0.0702
CLUBS TEN CLUBS FIVE,0.6548,0.0598,0.2854
SPADES KING CLUBS JACK,0.2276,0.0366,0.7358
SPADES QUEEN CLUBS JACK,0.2172,0.0394,0.7434
SPADES ACE CLUBS JACK,0.2264,0.0216,0.752
SPADES SIX CLUBS KING,0.3676,0.0076,0.6248
SPADES SIX CLUBS QUEEN,0.3678,0.0108,0.6214
SPADES EIGHT HEARTS JACK,0.2182,0.2266,0.5552
SPADES SIX CLUBS ACE,0.3678,0.0034,0.6288
SPADES EIGHT HEARTS TEN,0.5518,0.018,0.4302
SPADES SIX CLUBS JACK,0.2148,0.3946,0.3906
CLUBS TEN SPADES SIX,0.5952,0.0158,0.389
SPADES TEN CLUBS JACK,0.2472,0.1188,0.634
SPADES QUEEN CLUBS SEVEN,0.357,0.0158,0.6272
SPADES KING CLUBS SEVEN,0.3558,0.0086,0.6356
SPADES ACE CLUBS SEVEN,0.366,0.0036,0.6304
SPADES SIX HEARTS TEN,0.575,0.0164,0.4086
SPADES SIX HEARTS JACK,0.2162,0.395,0.3888
SPADES SIX HEARTS ACE,0.364,0.0048,0.6312
SPADES SIX HEARTS KING,0.3542,0.0074,0.6384
SPADES SIX HEARTS QUEEN,0.3586,0.0128,0.6286
CLUBS SEVEN SPADES TEN,0.57,0.0196,0.4104
CLUBS TEN HEARTS SIX,0.57,0.018,0.412
HEARTS SIX CLUBS JACK,0.214,0.4008,0.3852
CLUBS ACE CLUBS JACK,0.2062,0.0192,0.7746
HEARTS SIX CLUBS QUEEN,0.3722,0.0132,0.6146
HEARTS SIX CLUBS KING,0.3614,0.0106,0.628
HEARTS SIX CLUBS ACE,0.3648,0.004,0.6312
CLUBS QUEEN CLUBS JACK,0.2186,0.0434,0.738
CLUBS KING CLUBS JACK,0.212,0.0318,0.7562
DIAMONDS THREE HEARTS ACE,0.3816,0.005,0.6134
DIAMONDS THREE HEARTS QUEEN,0.4104,0.0122,0.5774
DIAMONDS THREE HEARTS KING,0.3824,0.0096,0.608
CLUBS FIVE HEARTS JACK,0.0124,0.9692,0.0184
HEARTS FOUR SPADES TEN,0.6316,0.0186,0.3498
SPADES TEN DIAMONDS ACE,0.352,0.0054,0.6426
CLUBS FIVE HEARTS TEN,0.6906,0.0684,0.241
SPADES ACE HEARTS FOUR,0.3824,0.0052,0.6124
SPADES ACE DIAMONDS ACE,0.12,0.005,0.875
CLUBS FIVE HEARTS ACE,0.2276,0.0274,0.745
CLUBS FIVE HEARTS KING,0.2284,0.0426,0.729
HEARTS FOUR SPADES QUEEN,0.3822,0.0144,0.6034
SPADES QUEEN DIAMONDS ACE,0.3188,0.004,0.6772
SPADES FOUR CLUBS JACK,0.3266,0.4744,0.199
CLUBS FIVE HEARTS QUEEN,0.224,0.0524,0.7236
SPADES KING DIAMONDS ACE,0.3218,0.004,0.6742
HEARTS FOUR SPADES KING,0.3906,0.0088,0.6006
CLUBS TEN SPADES FOUR,0.616,0.0204,0.3636
DIAMONDS QUEEN DIAMONDS ACE,0.3054,0.0044,0.6902
HEARTS TWO DIAMONDS ACE,0.3838,0.0036,0.6126
HEARTS FOUR DIAMONDS QUEEN,0.4062,0.009,0.5848
HEARTS FOUR HEARTS TWO,0.6114,0.0226,0.366
DIAMONDS THREE HEARTS TEN,0.6322,0.0184,0.3494
SPADES FOUR CLUBS KING,0.3964,0.0088,0.5948
DIAMONDS THREE HEARTS JACK,0.3086,0.4728,0.2186
SPADES FOUR CLUBS QUEEN,0.393,0.0142,0.5928
DIAMONDS QUEEN HEARTS TWO,0.4022,0.0124,0.5854
DIAMONDS KING DIAMONDS QUEEN,0.298,0.0072,0.6948
DIAMONDS KING HEARTS TWO,0.3936,0.0084,0.598
HEARTS THREE DIAMONDS QUEEN,0.4032,0.0108,0.586
HEARTS THREE HEARTS TWO,0.6102,0.0208,0.369
SPADES FOUR CLUBS ACE,0.3774,0.0046,0.618
HEARTS TWO CLUBS ACE,0.3926,0.0076,0.5998
DIAMONDS QUEEN CLUBS ACE,0.3316,0.0038,0.6646
HEARTS TWO CLUBS QUEEN,0.4078,0.01,0.5822
DIAMONDS QUEEN CLUBS QUEEN,0.1482,0.007,0.8448
HEARTS TWO CLUBS KING,0.4108,0.0088,0.5804
DIAMONDS QUEEN CLUBS KING,0.3156,0.0066,0.6778
SPADES EIGHT SPADES FIVE,0.654,0.0534,0.2926
CLUBS TEN HEARTS TWO,0.6354,0.0178,0.3468
CLUBS TEN DIAMONDS QUEEN,0.3276,0.009,0.6634
SPADES NINE SPADES FIVE,0.6694,0.0588,0.2718
HEARTS TWO CLUBS JACK,0.3278,0.4598,0.2124
DIAMONDS QUEEN CLUBS JACK,0.2408,0.0436,0.7156
SPADES SIX SPADES FIVE,0.6314,0.0604,0.3082
SPADES SEVEN SPADES FIVE,0.6276,0.0568,0.3156
DIAMONDS FIVE CLUBS QUEEN,0.2362,0.0574,0.7064
SPADES EIGHT CLUBS ACE,0.3648,0.0056,0.6296
DIAMONDS FIVE CLUBS KING,0.2494,0.0396,0.711
SPADES EIGHT CLUBS KING,0.3768,0.0076,0.6156
CLUBS ACE DIAMONDS FIVE,0.2308,0.0278,0.7414
SPADES EIGHT CLUBS QUEEN,0.3408,0.0106,0.6486
SPADES EIGHT CLUBS JACK,0.2354,0.221,0.5436
CLUBS TEN SPADES EIGHT,0.5542,0.0178,0.428
CLUBS TEN DIAMONDS FIVE,0.6918,0.064,0.2442
DIAMONDS FIVE CLUBS JACK,0.0232,0.9584,0.0184
DIAMONDS TEN HEARTS JACK,0.2234,0.1184,0.6582
DIAMONDS TEN HEARTS TEN,0.2688,0.022,0.7092
SPADES ACE CLUBS NINE,0.3584,0.005,0.6366
CLUBS NINE SPADES QUEEN,0.338,0.0104,0.6516
CLUBS NINE SPADES KING,0.348,0.0082,0.6438
HEARTS SIX HEARTS KING,0.3462,0.0096,0.6442
DIAMONDS KING SPADES SEVEN,0.3646,0.005,0.6304
HEARTS THREE SPADES SEVEN,0.6408,0.0228,0.3364
