opposingHand,winningChance,drawChance,lostChance
HEARTS EIGHT SPADES KING
CLUBS TEN SPADES EIGHT,0.6912,0.031,0.2778
HEARTS SIX HEARTS QUEEN,0.5972,0.006,0.3968
HEARTS SIX SPADES JACK,0.636,0.0084,0.3556
CLUBS SEVEN DIAMONDS SIX,0.6242,0.005,0.3708
CLUBS EIGHT SPADES NINE,0.6862,0.0292,0.2846
SPADES TEN CLUBS JACK,0.5514,0.0076,0.441
SPADES THREE CLUBS JACK,0.6304,0.0078,0.3618
CLUBS FIVE DIAMONDS NINE,0.6198,0.0098,0.3704
DIAMONDS TEN DIAMONDS SIX,0.5784,0.009,0.4126
CLUBS THREE HEARTS NINE,0.638,0.009,0.353
CLUBS TEN DIAMONDS THREE,0.6398,0.0062,0.354
SPADES JACK CLUBS JACK,0.2994,0.0056,0.695
HEARTS FOUR SPADES NINE,0.629,0.0112,0.3598
SPADES JACK DIAMONDS ACE,0.3492,0.0048,0.646
CLUBS EIGHT DIAMONDS FOUR,0.714,0.0354,0.2506
SPADES NINE DIAMONDS FOUR,0.6388,0.0058,0.3554
CLUBS FOUR CLUBS ACE,0.373,0.0044,0.6226
HEARTS ACE DIAMONDS SEVEN,0.3808,0.0042,0.615
HEARTS SIX DIAMONDS QUEEN,0.645,0.0068,0.3482
CLUBS SIX DIAMONDS NINE,0.5996,0.0058,0.3946
CLUBS EIGHT CLUBS QUEEN,0.6774,0.0282,0.2944
HEARTS FOUR DIAMONDS SIX,0.6302,0.0086,0.3612
SPADES SIX HEARTS KING,0.5282,0.233,0.2388
DIAMONDS JACK HEARTS SEVEN,0.6302,0.0068,0.363
CLUBS TEN CLUBS QUEEN,0.5198,0.0066,0.4736
CLUBS EIGHT DIAMONDS EIGHT,0.2986,0.0256,0.6758
CLUBS NINE SPADES FOUR,0.6454,0.0086,0.346
CLUBS TEN SPADES FOUR,0.6372,0.0058,0.357
DIAMONDS TWO SPADES EIGHT,0.738,0.0412,0.2208
SPADES NINE DIAMONDS KING,0.2242,0.1676,0.6082
HEARTS FOUR DIAMONDS FOUR,0.458,0.0142,0.5278
SPADES SEVEN HEARTS SEVEN,0.4518,0.0096,0.5386
SPADES ACE HEARTS THREE,0.3916,0.0072,0.6012
DIAMONDS ACE HEARTS NINE,0.3492,0.0044,0.6464
DIAMONDS SEVEN HEARTS NINE,0.609,0.006,0.385
HEARTS FOUR HEARTS TWO,0.6116,0.0086,0.3798
HEARTS TWO HEARTS TEN,0.5876,0.0084,0.404
DIAMONDS JACK DIAMONDS NINE,0.5222,0.0066,0.4712
SPADES TWO DIAMONDS FIVE,0.652,0.0076,0.3404
HEARTS THREE HEARTS QUEEN,0.593,0.01,0.397
SPADES TEN SPADES FOUR,0.604,0.007,0.389
CLUBS SIX DIAMONDS FOUR,0.6258,0.0084,0.3658
CLUBS THREE DIAMONDS FOUR,0.6338,0.0092,0.357
SPADES QUEEN DIAMONDS KING,0.2404,0.0664,0.6932
CLUBS FOUR DIAMONDS FIVE,0.6098,0.01,0.3802
HEARTS FIVE CLUBS THREE,0.6218,0.0088,0.3694
DIAMONDS SEVEN CLUBS KING,0.5462,0.2262,0.2276
DIAMONDS THREE SPADES SIX,0.6412,0.0088,0.35
CLUBS SIX SPADES TWO,0.6514,0.008,0.3406
DIAMONDS QUEEN DIAMONDS FOUR,0.5824,0.009,0.4086
HEARTS THREE DIAMONDS SEVEN,0.6556,0.0064,0.338
HEARTS THREE DIAMONDS KING,0.534,0.2346,0.2314
SPADES QUEEN DIAMONDS SEVEN,0.629,0.0088,0.3622
CLUBS SIX CLUBS QUEEN,0.602,0.005,0.393
SPADES EIGHT DIAMONDS EIGHT,0.2926,0.0274,0.68
SPADES JACK HEARTS JACK,0.292,0.0058,0.7022
DIAMONDS EIGHT HEARTS TEN,0.6824,0.0272,0.2904
HEARTS KING DIAMONDS FIVE,0.537,0.2364,0.2266
DIAMONDS TWO DIAMONDS TEN,0.5932,0.0054,0.4014
DIAMONDS EIGHT CLUBS ACE,0.2366,0.0252,0.7382
DIAMONDS THREE CLUBS KING,0.5362,0.232,0.2318
CLUBS FOUR SPADES FIVE,0.6022,0.0066,0.3912
DIAMONDS TWO SPADES FIVE,0.6468,0.0054,0.3478
DIAMONDS ACE CLUBS FOUR,0.3892,0.0028,0.608
HEARTS ACE DIAMONDS SIX,0.383,0.0032,0.6138
HEARTS THREE DIAMONDS EIGHT,0.7338,0.0394,0.2268
CLUBS SIX DIAMONDS ACE,0.4042,0.0032,0.5926
HEARTS FOUR SPADES SEVEN,0.6504,0.008,0.3416
DIAMONDS TWO CLUBS FIVE,0.6364,0.009,0.3546
SPADES NINE CLUBS FOUR,0.6334,0.0076,0.359
HEARTS THREE CLUBS THREE,0.4608,0.0138,0.5254
DIAMONDS EIGHT DIAMONDS SEVEN,0.6334,0.0294,0.3372
CLUBS NINE SPADES EIGHT,0.6894,0.0322,0.2784
SPADES FIVE CLUBS KING,0.5438,0.2268,0.2294
HEARTS FIVE HEARTS THREE,0.6088,0.0098,0.3814
CLUBS EIGHT CLUBS FOUR,0.6756,0.0372,0.2872
HEARTS THREE CLUBS SIX,0.6352,0.0082,0.3566
SPADES FOUR DIAMONDS FIVE,0.6184,0.008,0.3736
DIAMONDS THREE DIAMONDS ACE,0.3648,0.0046,0.6306
SPADES SEVEN CLUBS ACE,0.3786,0.0036,0.6178
CLUBS THREE HEARTS JACK,0.635,0.0066,0.3584
SPADES ACE HEARTS SIX,0.388,0.0052,0.6068
CLUBS TWO CLUBS KING,0.5136,0.2158,0.2706
CLUBS THREE DIAMONDS NINE,0.632,0.0076,0.3604
SPADES FIVE DIAMONDS FOUR,0.6224,0.008,0.3696
HEARTS TWO DIAMONDS KING,0.5454,0.231,0.2236
HEARTS SIX HEARTS ACE,0.3662,0.004,0.6298
DIAMONDS THREE SPADES EIGHT,0.737,0.0366,0.2264
DIAMONDS JACK CLUBS JACK,0.3008,0.0036,0.6956
CLUBS FIVE SPADES SIX,0.6158,0.0062,0.378
CLUBS SEVEN CLUBS KING,0.503,0.2194,0.2776
HEARTS KING HEARTS QUEEN,0.2328,0.0596,0.7076
DIAMONDS ACE HEARTS SEVEN,0.3884,0.0042,0.6074
SPADES ACE CLUBS JACK,0.3362,0.0032,0.6606
CLUBS NINE CLUBS JACK,0.5326,0.0078,0.4596
DIAMONDS EIGHT DIAMONDS FOUR,0.6714,0.036,0.2926
SPADES ACE DIAMONDS JACK,0.3422,0.0028,0.655
HEARTS SIX CLUBS EIGHT,0.7004,0.0354,0.2642
HEARTS FIVE DIAMONDS QUEEN,0.6352,0.0068,0.358
DIAMONDS TWO SPADES NINE,0.6388,0.0064,0.3548
SPADES THREE CLUBS QUEEN,0.6264,0.0078,0.3658
CLUBS FOUR HEARTS SEVEN,0.6568,0.0078,0.3354
SPADES QUEEN CLUBS JACK,0.5594,0.006,0.4346
DIAMONDS ACE CLUBS THREE,0.3994,0.0038,0.5968
CLUBS NINE DIAMONDS SEVEN,0.6012,0.0054,0.3934
CLUBS KING HEARTS SEVEN,0.5478,0.2252,0.227
SPADES SEVEN SPADES FIVE,0.6018,0.0086,0.3896
SPADES SIX SPADES FIVE,0.5888,0.0076,0.4036
HEARTS SIX CLUBS SEVEN,0.619,0.0066,0.3744
CLUBS SEVEN HEARTS ACE,0.376,0.004,0.62
DIAMONDS NINE HEARTS SEVEN,0.6062,0.0084,0.3854
CLUBS SEVEN CLUBS ACE,0.3578,0.0044,0.6378
HEARTS SIX DIAMONDS THREE,0.6438,0.008,0.3482
SPADES FIVE CLUBS ACE,0.4034,0.0042,0.5924
CLUBS NINE CLUBS QUEEN,0.5394,0.0052,0.4554
HEARTS KING DIAMONDS SIX,0.541,0.228,0.231
HEARTS NINE DIAMONDS FOUR,0.6254,0.0064,0.3682
HEARTS FIVE SPADES NINE,0.6266,0.0094,0.364
SPADES FIVE HEARTS NINE,0.6168,0.008,0.3752
CLUBS QUEEN HEARTS SEVEN,0.6392,0.0068,0.354
CLUBS TEN HEARTS SEVEN,0.617,0.0058,0.3772
DIAMONDS ACE HEARTS JACK,0.3362,0.0042,0.6596
CLUBS THREE DIAMONDS SEVEN,0.6558,0.0086,0.3356
DIAMONDS ACE CLUBS QUEEN,0.3566,0.0046,0.6388
HEARTS THREE SPADES THREE,0.4678,0.0116,0.5206
DIAMONDS THREE CLUBS FOUR,0.6366,0.007,0.3564
SPADES TEN CLUBS THREE,0.6322,0.0098,0.358
DIAMONDS JACK CLUBS ACE,0.345,0.0024,0.6526
HEARTS THREE HEARTS JACK,0.6026,0.0082,0.3892
SPADES JACK CLUBS KING,0.2368,0.0866,0.6766
CLUBS FIVE HEARTS NINE,0.625,0.0086,0.3664
SPADES JACK CLUBS FOUR,0.6346,0.0046,0.3608
HEARTS JACK DIAMONDS SEVEN,0.6186,0.0076,0.3738
SPADES TEN CLUBS SIX,0.6212,0.0074,0.3714
SPADES FOUR HEARTS NINE,0.6512,0.009,0.3398
SPADES QUEEN HEARTS TEN,0.57,0.0068,0.4232
SPADES NINE HEARTS TEN,0.5606,0.0088,0.4306
SPADES SEVEN SPADES FOUR,0.6062,0.0082,0.3856
SPADES JACK DIAMONDS TEN,0.5558,0.0072,0.437
SPADES TEN DIAMONDS KING,0.2326,0.116,0.6514
SPADES EIGHT SPADES TWO,0.7006,0.037,0.2624
HEARTS SIX CLUBS TWO,0.6702,0.009,0.3208
SPADES JACK HEARTS QUEEN,0.5788,0.0078,0.4134
HEARTS NINE CLUBS JACK,0.5676,0.0054,0.427
SPADES QUEEN DIAMONDS QUEEN,0.282,0.0046,0.7134
CLUBS EIGHT HEARTS TEN,0.69,0.029,0.281
CLUBS FOUR CLUBS JACK,0.595,0.0068,0.3982
HEARTS ACE HEARTS SEVEN,0.366,0.0046,0.6294
DIAMONDS QUEEN HEARTS KING,0.2276,0.058,0.7144
HEARTS FIVE CLUBS TWO,0.6466,0.01,0.3434
CLUBS TEN HEARTS ACE,0.348,0.0036,0.6484
HEARTS TWO CLUBS FIVE,0.651,0.0074,0.3416
SPADES QUEEN CLUBS EIGHT,0.718,0.0328,0.2492
SPADES FIVE HEARTS TEN,0.6306,0.0092,0.3602
CLUBS TEN CLUBS JACK,0.5228,0.004,0.4732
SPADES QUEEN HEARTS FIVE,0.641,0.0088,0.3502
DIAMONDS KING DIAMONDS FOUR,0.4988,0.2056,0.2956
CLUBS KING HEARTS TEN,0.234,0.1154,0.6506
CLUBS FOUR CLUBS THREE,0.5794,0.0072,0.4134
SPADES QUEEN CLUBS NINE,0.5914,0.007,0.4016
CLUBS TEN DIAMONDS ACE,0.3438,0.0028,0.6534
DIAMONDS THREE HEARTS QUEEN,0.6308,0.0066,0.3626
SPADES EIGHT CLUBS FIVE,0.7058,0.0352,0.259
DIAMONDS TWO CLUBS EIGHT,0.7376,0.0388,0.2236
HEARTS THREE SPADES FIVE,0.6346,0.0084,0.357
CLUBS THREE SPADES THREE,0.4506,0.0118,0.5376
DIAMONDS QUEEN CLUBS JACK,0.5638,0.0058,0.4304
SPADES FOUR DIAMONDS NINE,0.625,0.008,0.367
SPADES ACE DIAMONDS TWO,0.4038,0.0056,0.5906
CLUBS NINE CLUBS FOUR,0.5858,0.0074,0.4068
DIAMONDS KING CLUBS ACE,0.2416,0.0114,0.747
HEARTS FOUR CLUBS FIVE,0.6194,0.0088,0.3718
SPADES ACE SPADES NINE,0.33,0.0038,0.6662
SPADES QUEEN SPADES JACK,0.5416,0.0074,0.451
DIAMONDS QUEEN SPADES TWO,0.6256,0.007,0.3674
HEARTS SIX CLUBS FOUR,0.6394,0.0074,0.3532
CLUBS TEN SPADES FIVE,0.6282,0.0048,0.367
DIAMONDS JACK DIAMONDS FIVE,0.5866,0.0082,0.4052
SPADES TWO DIAMONDS EIGHT,0.744,0.0338,0.2222
HEARTS SIX SPADES NINE,0.6026,0.0086,0.3888
HEARTS ACE CLUBS QUEEN,0.3418,0.0058,0.6524
SPADES THREE HEARTS TEN,0.623,0.0076,0.3694
CLUBS FIVE CLUBS FOUR,0.5728,0.0094,0.4178
DIAMONDS SEVEN DIAMONDS FOUR,0.592,0.007,0.401
SPADES FIVE HEARTS QUEEN,0.6318,0.007,0.3612
HEARTS FIVE HEARTS TWO,0.616,0.0078,0.3762
SPADES TWO HEARTS TEN,0.6262,0.009,0.3648
DIAMONDS KING DIAMONDS JACK,0.224,0.0872,0.6888
HEARTS KING HEARTS NINE,0.2224,0.1636,0.614
HEARTS FOUR CLUBS JACK,0.6218,0.0076,0.3706
DIAMONDS THREE DIAMONDS FIVE,0.582,0.006,0.412
HEARTS KING CLUBS QUEEN,0.2376,0.0638,0.6986
DIAMONDS THREE DIAMONDS TWO,0.618,0.0084,0.3736
SPADES THREE CLUBS KING,0.5466,0.2338,0.2196
HEARTS THREE DIAMONDS FIVE,0.6328,0.0088,0.3584
SPADES QUEEN CLUBS SIX,0.6312,0.0058,0.363
SPADES TEN HEARTS NINE,0.5652,0.0066,0.4282
CLUBS FIVE CLUBS JACK,0.6018,0.0068,0.3914
CLUBS SIX CLUBS TWO,0.6156,0.0102,0.3742
CLUBS TWO HEARTS QUEEN,0.6294,0.0086,0.362
SPADES JACK SPADES FOUR,0.6022,0.0074,0.3904
HEARTS TWO SPADES EIGHT,0.745,0.0418,0.2132
HEARTS FIVE CLUBS FIVE,0.4398,0.0132,0.547
SPADES JACK HEARTS NINE,0.571,0.0078,0.4212
DIAMONDS TWO SPADES SEVEN,0.662,0.0076,0.3304
SPADES ACE DIAMONDS KING,0.2296,0.0102,0.7602
SPADES JACK CLUBS SIX,0.6312,0.0056,0.3632
DIAMONDS THREE HEARTS KING,0.5384,0.2334,0.2282
HEARTS THREE HEARTS TEN,0.6004,0.007,0.3926
SPADES NINE HEARTS KING,0.234,0.1594,0.6066
CLUBS NINE DIAMONDS SIX,0.614,0.0054,0.3806
DIAMONDS NINE HEARTS QUEEN,0.5846,0.0064,0.409
SPADES JACK DIAMONDS KING,0.2354,0.0876,0.677
CLUBS TEN HEARTS THREE,0.6306,0.0076,0.3618
CLUBS TEN DIAMONDS TWO,0.627,0.0074,0.3656
SPADES TEN HEARTS TEN,0.2966,0.0062,0.6972
CLUBS THREE HEARTS ACE,0.393,0.0052,0.6018
CLUBS FOUR CLUBS TWO,0.5968,0.0096,0.3936
HEARTS FOUR CLUBS QUEEN,0.6234,0.0086,0.368
DIAMONDS THREE SPADES TEN,0.63,0.0096,0.3604
CLUBS FIVE CLUBS KING,0.5004,0.2144,0.2852
CLUBS TWO DIAMONDS EIGHT,0.731,0.037,0.232
SPADES QUEEN HEARTS ACE,0.3522,0.006,0.6418
CLUBS SIX HEARTS KING,0.5434,0.2296,0.227
DIAMONDS ACE DIAMONDS EIGHT,0.227,0.023,0.75
CLUBS NINE HEARTS SEVEN,0.6018,0.0078,0.3904
DIAMONDS QUEEN DIAMONDS FIVE,0.5948,0.0068,0.3984
SPADES JACK CLUBS ACE,0.3538,0.0036,0.6426
CLUBS SEVEN SPADES NINE,0.618,0.0076,0.3744
CLUBS EIGHT DIAMONDS NINE,0.6826,0.0286,0.2888
DIAMONDS TWO CLUBS SIX,0.6612,0.0066,0.3322
SPADES TWO CLUBS ACE,0.4022,0.0032,0.5946
CLUBS THREE CLUBS QUEEN,0.5866,0.0088,0.4046
SPADES FOUR CLUBS ACE,0.3968,0.0044,0.5988
DIAMONDS THREE CLUBS ACE,0.4008,0.0038,0.5954
CLUBS NINE SPADES JACK,0.5746,0.0072,0.4182
DIAMONDS THREE DIAMONDS SIX,0.602,0.0072,0.3908
DIAMONDS QUEEN HEARTS SEVEN,0.6306,0.0084,0.361
CLUBS FIVE DIAMONDS FOUR,0.6134,0.007,0.3796
HEARTS FOUR SPADES THREE,0.638,0.0106,0.3514
DIAMONDS TWO CLUBS JACK,0.6338,0.0076,0.3586
DIAMONDS THREE CLUBS SEVEN,0.6474,0.0072,0.3454
DIAMONDS QUEEN DIAMONDS SEVEN,0.597,0.0066,0.3964
HEARTS TWO SPADES TWO,0.475,0.0134,0.5116
CLUBS SIX DIAMONDS JACK,0.6272,0.005,0.3678
CLUBS EIGHT HEARTS FOUR,0.7288,0.0374,0.2338
DIAMONDS QUEEN CLUBS TWO,0.6312,0.0072,0.3616
CLUBS SIX DIAMONDS SEVEN,0.6208,0.0054,0.3738
DIAMONDS THREE SPADES QUEEN,0.6326,0.0058,0.3616
HEARTS FOUR CLUBS SEVEN,0.638,0.0094,0.3526
SPADES EIGHT HEARTS KING,0.009,0.981,0.01
SPADES JACK HEARTS ACE,0.3538,0.0044,0.6418
HEARTS TEN CLUBS QUEEN,0.5652,0.0074,0.4274
SPADES SIX DIAMONDS SIX,0.448,0.0078,0.5442
HEARTS FIVE DIAMONDS JACK,0.6234,0.0066,0.37
SPADES ACE CLUBS FOUR,0.382,0.0044,0.6136
CLUBS EIGHT DIAMONDS FIVE,0.6998,0.0328,0.2674
CLUBS TEN CLUBS EIGHT,0.6472,0.0316,0.3212
SPADES TEN SPADES SEVEN,0.5882,0.007,0.4048
SPADES THREE DIAMONDS FIVE,0.6292,0.01,0.3608
SPADES TEN DIAMONDS SEVEN,0.6144,0.0078,0.3778
HEARTS FOUR SPADES FOUR,0.4542,0.0152,0.5306
CLUBS TEN SPADES TWO,0.6326,0.0062,0.3612
CLUBS THREE DIAMONDS JACK,0.6416,0.0058,0.3526
HEARTS SIX CLUBS SIX,0.4436,0.0116,0.5448
CLUBS FOUR HEARTS QUEEN,0.6308,0.0064,0.3628
DIAMONDS TEN SPADES THREE,0.6334,0.0082,0.3584
DIAMONDS TWO CLUBS THREE,0.64,0.007,0.353
HEARTS SIX HEARTS TWO,0.6252,0.0088,0.366
CLUBS FOUR HEARTS NINE,0.6344,0.0082,0.3574
SPADES TEN DIAMONDS FIVE,0.6214,0.0062,0.3724
CLUBS TEN CLUBS SEVEN,0.563,0.0048,0.4322
DIAMONDS EIGHT HEARTS SEVEN,0.6892,0.0336,0.2772
SPADES NINE HEARTS NINE,0.3046,0.0116,0.6838
CLUBS SIX DIAMONDS EIGHT,0.6884,0.0342,0.2774
DIAMONDS THREE HEARTS SEVEN,0.658,0.008,0.334
SPADES THREE HEARTS JACK,0.64,0.008,0.352
HEARTS SIX DIAMONDS SIX,0.4374,0.0146,0.548
SPADES QUEEN HEARTS KING,0.2294,0.0616,0.709
SPADES ACE CLUBS QUEEN,0.3562,0.0044,0.6394
SPADES QUEEN SPADES NINE,0.5604,0.005,0.4346
HEARTS TWO CLUBS QUEEN,0.6442,0.0074,0.3484
CLUBS NINE HEARTS ACE,0.357,0.0028,0.6402
CLUBS TWO CLUBS QUEEN,0.5936,0.0078,0.3986
CLUBS THREE CLUBS ACE,0.3754,0.0042,0.6204
SPADES TEN CLUBS QUEEN,0.556,0.007,0.437
CLUBS SIX CLUBS THREE,0.6062,0.0054,0.3884
DIAMONDS SEVEN HEARTS TEN,0.6062,0.0076,0.3862
SPADES QUEEN CLUBS SEVEN,0.6476,0.006,0.3464
CLUBS NINE SPADES THREE,0.625,0.008,0.367
SPADES SEVEN SPADES TWO,0.6454,0.013,0.3416
CLUBS EIGHT SPADES TWO,0.7366,0.0366,0.2268
HEARTS FIVE CLUBS SIX,0.622,0.0062,0.3718
CLUBS FOUR DIAMONDS TEN,0.6256,0.0062,0.3682
DIAMONDS TWO CLUBS TWO,0.4566,0.014,0.5294
HEARTS SIX DIAMONDS KING,0.5378,0.2356,0.2266
CLUBS FIVE SPADES FIVE,0.4376,0.0116,0.5508
HEARTS TEN DIAMONDS FIVE,0.6152,0.007,0.3778
SPADES TEN DIAMONDS JACK,0.5684,0.007,0.4246
DIAMONDS SIX DIAMONDS FOUR,0.5934,0.0056,0.401
SPADES QUEEN SPADES SEVEN,0.6122,0.0088,0.379
DIAMONDS KING SPADES TWO,0.5434,0.2302,0.2264
SPADES JACK SPADES SEVEN,0.5816,0.006,0.4124
SPADES FOUR HEARTS JACK,0.618,0.0096,0.3724
CLUBS TEN HEARTS QUEEN,0.5532,0.0072,0.4396
HEARTS FIVE SPADES EIGHT,0.7058,0.0398,0.2544
CLUBS FIVE DIAMONDS FIVE,0.4382,0.0132,0.5486
HEARTS SIX HEARTS TEN,0.5912,0.0062,0.4026
DIAMONDS THREE DIAMONDS QUEEN,0.5958,0.0062,0.398
DIAMONDS THREE SPADES NINE,0.6442,0.0072,0.3486
SPADES FIVE DIAMONDS JACK,0.6212,0.0046,0.3742
HEARTS SIX SPADES THREE,0.6444,0.01,0.3456
SPADES SIX CLUBS JACK,0.6446,0.0056,0.3498
HEARTS TWO CLUBS THREE,0.6444,0.0076,0.348
CLUBS FIVE HEARTS QUEEN,0.6162,0.0068,0.377
CLUBS NINE HEARTS JACK,0.5838,0.0064,0.4098
CLUBS EIGHT DIAMONDS TEN,0.6986,0.0276,0.2738
DIAMONDS ACE HEARTS TEN,0.331,0.0044,0.6646
HEARTS ACE CLUBS KING,0.2312,0.013,0.7558
CLUBS FIVE SPADES THREE,0.633,0.007,0.36
CLUBS TEN DIAMONDS EIGHT,0.6826,0.0344,0.283
SPADES QUEEN CLUBS KING,0.2344,0.0662,0.6994
DIAMONDS TWO DIAMONDS QUEEN,0.587,0.0052,0.4078
SPADES JACK SPADES TEN,0.5258,0.0068,0.4674
DIAMONDS TWO HEARTS FOUR,0.6464,0.0076,0.346
DIAMONDS EIGHT HEARTS NINE,0.6706,0.0276,0.3018
HEARTS THREE CLUBS QUEEN,0.6396,0.0066,0.3538
SPADES TEN HEARTS JACK,0.5538,0.0076,0.4386
DIAMONDS ACE SPADES SEVEN,0.379,0.0024,0.6186
SPADES THREE DIAMONDS FOUR,0.6366,0.0104,0.353
DIAMONDS NINE HEARTS NINE,0.2964,0.011,0.6926
SPADES TWO CLUBS QUEEN,0.6394,0.0078,0.3528
DIAMONDS KING CLUBS KING,0.083,0.0134,0.9036
CLUBS FOUR DIAMONDS EIGHT,0.717,0.033,0.25
DIAMONDS JACK DIAMONDS FOUR,0.5852,0.0084,0.4064
HEARTS SIX DIAMONDS TWO,0.6546,0.0082,0.3372
SPADES NINE SPADES THREE,0.615,0.0078,0.3772
SPADES THREE HEARTS NINE,0.6228,0.0076,0.3696
CLUBS FIVE SPADES TWO,0.6338,0.0084,0.3578
CLUBS FOUR CLUBS KING,0.5072,0.211,0.2818
CLUBS TWO HEARTS KING,0.5394,0.2314,0.2292
SPADES NINE SPADES SEVEN,0.5738,0.0076,0.4186
HEARTS NINE HEARTS SEVEN,0.5646,0.011,0.4244
HEARTS FIVE SPADES TEN,0.6396,0.0082,0.3522
CLUBS THREE SPADES FOUR,0.6482,0.01,0.3418
SPADES TEN SPADES EIGHT,0.6548,0.0268,0.3184
CLUBS EIGHT SPADES SIX,0.6976,0.0362,0.2662
CLUBS TEN CLUBS ACE,0.3308,0.0044,0.6648
CLUBS FIVE DIAMONDS QUEEN,0.6336,0.0048,0.3616
DIAMONDS SEVEN DIAMONDS FIVE,0.576,0.0086,0.4154
DIAMONDS THREE CLUBS QUEEN,0.616,0.007,0.377
SPADES JACK DIAMONDS QUEEN,0.5742,0.0068,0.419
CLUBS SEVEN DIAMONDS KING,0.5476,0.2284,0.224
SPADES SIX CLUBS KING,0.5642,0.2162,0.2196
DIAMONDS TEN CLUBS QUEEN,0.569,0.0062,0.4248
SPADES FIVE CLUBS JACK,0.6432,0.0068,0.35
SPADES FOUR SPADES THREE,0.6186,0.0064,0.375
SPADES TEN HEARTS TWO,0.649,0.008,0.343
SPADES ACE SPADES QUEEN,0.3552,0.0044,0.6404
SPADES QUEEN SPADES TEN,0.5376,0.0092,0.4532
CLUBS TEN HEARTS NINE,0.5568,0.0078,0.4354
DIAMONDS EIGHT DIAMONDS SIX,0.6424,0.0312,0.3264
DIAMONDS TWO HEARTS THREE,0.6458,0.01,0.3442
DIAMONDS TEN DIAMONDS FOUR,0.5704,0.0062,0.4234
CLUBS NINE DIAMONDS NINE,0.3154,0.0092,0.6754
DIAMONDS ACE SPADES FIVE,0.3928,0.0042,0.603
CLUBS FOUR SPADES THREE,0.631,0.0076,0.3614
SPADES SEVEN SPADES SIX,0.6002,0.008,0.3918
HEARTS FOUR DIAMONDS ACE,0.3952,0.0058,0.599
SPADES SIX SPADES THREE,0.61,0.008,0.382
SPADES SIX CLUBS QUEEN,0.6314,0.0056,0.363
SPADES NINE CLUBS TWO,0.6374,0.0066,0.356
CLUBS THREE HEARTS SEVEN,0.6618,0.0096,0.3286
SPADES QUEEN SPADES EIGHT,0.6834,0.0306,0.286
HEARTS KING CLUBS ACE,0.2312,0.012,0.7568
SPADES ACE CLUBS THREE,0.3862,0.0076,0.6062
CLUBS NINE CLUBS KING,0.2092,0.1492,0.6416
SPADES ACE SPADES SEVEN,0.3712,0.003,0.6258
HEARTS FOUR HEARTS QUEEN,0.5932,0.0064,0.4004
SPADES ACE SPADES TWO,0.38,0.0052,0.6148
DIAMONDS JACK SPADES FOUR,0.6286,0.0048,0.3666
HEARTS SIX CLUBS JACK,0.6278,0.007,0.3652
SPADES FOUR CLUBS KING,0.5472,0.2264,0.2264
CLUBS KING DIAMONDS FOUR,0.5354,0.2328,0.2318
HEARTS THREE HEARTS ACE,0.3752,0.0044,0.6204
HEARTS FOUR HEARTS SEVEN,0.6142,0.0062,0.3796
HEARTS KING DIAMONDS NINE,0.2236,0.1712,0.6052
CLUBS SEVEN DIAMONDS TEN,0.6108,0.0042,0.385
HEARTS QUEEN HEARTS TEN,0.5374,0.0076,0.455
SPADES TEN SPADES FIVE,0.5948,0.0084,0.3968
CLUBS FOUR DIAMONDS JACK,0.6234,0.0066,0.37
SPADES ACE SPADES JACK,0.329,0.0042,0.6668
CLUBS EIGHT HEARTS JACK,0.7016,0.0274,0.271
CLUBS SIX DIAMONDS SIX,0.4302,0.0082,0.5616
SPADES SEVEN DIAMONDS KING,0.5546,0.2292,0.2162
HEARTS QUEEN HEARTS JACK,0.5298,0.0056,0.4646
CLUBS SIX DIAMONDS QUEEN,0.6238,0.0054,0.3708
CLUBS SEVEN HEARTS QUEEN,0.6302,0.0078,0.362
SPADES EIGHT DIAMONDS FIVE,0.703,0.0398,0.2572
CLUBS FOUR DIAMONDS SEVEN,0.643,0.0054,0.3516
SPADES NINE CLUBS KING,0.2264,0.16,0.6136
CLUBS THREE DIAMONDS EIGHT,0.7468,0.0354,0.2178
DIAMONDS THREE CLUBS EIGHT,0.7292,0.0366,0.2342
DIAMONDS THREE CLUBS SIX,0.652,0.0078,0.3402
SPADES EIGHT DIAMONDS TEN,0.7042,0.0266,0.2692
CLUBS THREE DIAMONDS QUEEN,0.6418,0.0072,0.351
CLUBS NINE HEARTS THREE,0.6384,0.0062,0.3554
SPADES TWO HEARTS NINE,0.6348,0.0088,0.3564
DIAMONDS JACK DIAMONDS SIX,0.5884,0.0076,0.404
SPADES SEVEN CLUBS JACK,0.6236,0.0046,0.3718
SPADES FOUR CLUBS JACK,0.643,0.0058,0.3512
CLUBS EIGHT CLUBS SIX,0.6438,0.0366,0.3196
CLUBS EIGHT HEARTS KING,0.0128,0.9658,0.0214
CLUBS NINE DIAMONDS TEN,0.5634,0.0052,0.4314
HEARTS FOUR DIAMONDS FIVE,0.6292,0.0068,0.364
CLUBS NINE CLUBS THREE,0.5888,0.0096,0.4016
DIAMONDS TWO CLUBS KING,0.5404,0.2284,0.2312
SPADES QUEEN HEARTS QUEEN,0.2768,0.0042,0.719
HEARTS ACE HEARTS QUEEN,0.3294,0.0052,0.6654
HEARTS QUEEN DIAMONDS SIX,0.6316,0.0044,0.364
CLUBS NINE SPADES TEN,0.5636,0.0062,0.4302
HEARTS FIVE CLUBS SEVEN,0.621,0.0086,0.3704
HEARTS THREE DIAMONDS TEN,0.6338,0.0064,0.3598
SPADES SEVEN CLUBS KING,0.5466,0.2344,0.219
CLUBS TWO SPADES TWO,0.4524,0.0108,0.5368
DIAMONDS NINE CLUBS JACK,0.5794,0.0074,0.4132
DIAMONDS TWO HEARTS QUEEN,0.633,0.0066,0.3604
HEARTS FIVE HEARTS SEVEN,0.5938,0.0076,0.3986
CLUBS TEN CLUBS TWO,0.586,0.0062,0.4078
CLUBS TWO DIAMONDS FOUR,0.6514,0.0072,0.3414
SPADES ACE CLUBS ACE,0.1184,0.004,0.8776
DIAMONDS KING DIAMONDS FIVE,0.4974,0.2166,0.286
DIAMONDS TWO HEARTS TWO,0.469,0.0134,0.5176
DIAMONDS ACE HEARTS KING,0.241,0.0124,0.7466
DIAMONDS QUEEN SPADES FOUR,0.6352,0.0064,0.3584
HEARTS THREE SPADES TWO,0.6608,0.0092,0.33
CLUBS TEN SPADES NINE,0.562,0.0046,0.4334
HEARTS THREE SPADES EIGHT,0.7476,0.0432,0.2092
DIAMONDS TWO DIAMONDS KING,0.5132,0.214,0.2728
CLUBS NINE HEARTS NINE,0.2994,0.009,0.6916
HEARTS TWO DIAMONDS FOUR,0.6484,0.0092,0.3424
HEARTS SIX DIAMONDS EIGHT,0.6932,0.0374,0.2694
CLUBS NINE SPADES TWO,0.6422,0.005,0.3528
CLUBS ACE CLUBS KING,0.2114,0.0132,0.7754
HEARTS FOUR SPADES FIVE,0.6252,0.0086,0.3662
CLUBS ACE DIAMONDS FOUR,0.3992,0.004,0.5968
HEARTS THREE HEARTS KING,0.5266,0.215,0.2584
DIAMONDS KING HEARTS JACK,0.232,0.085,0.683
CLUBS TWO DIAMONDS FIVE,0.6398,0.009,0.3512
CLUBS SIX CLUBS FOUR,0.5956,0.0078,0.3966
SPADES ACE HEARTS FIVE,0.387,0.0038,0.6092
DIAMONDS THREE SPADES FIVE,0.6436,0.0074,0.349
SPADES SEVEN CLUBS THREE,0.6578,0.0082,0.334
SPADES FOUR DIAMONDS SEVEN,0.6488,0.0096,0.3416
SPADES FIVE HEARTS JACK,0.6354,0.009,0.3556
SPADES NINE DIAMONDS SEVEN,0.6082,0.007,0.3848
CLUBS NINE HEARTS FOUR,0.6486,0.007,0.3444
SPADES SEVEN CLUBS TWO,0.6846,0.01,0.3054
SPADES QUEEN DIAMONDS SIX,0.6372,0.006,0.3568
HEARTS SIX HEARTS KING,0.5216,0.2158,0.2626
SPADES SIX SPADES FOUR,0.5992,0.0074,0.3934
HEARTS KING CLUBS KING,0.063,0.0142,0.9228
CLUBS EIGHT CLUBS THREE,0.6946,0.0312,0.2742
DIAMONDS THREE SPADES JACK,0.6292,0.006,0.3648
DIAMONDS ACE CLUBS KING,0.2354,0.0112,0.7534
CLUBS SIX HEARTS NINE,0.6052,0.008,0.3868
SPADES JACK SPADES THREE,0.6074,0.009,0.3836
CLUBS SIX DIAMONDS KING,0.5452,0.2212,0.2336
HEARTS QUEEN CLUBS JACK,0.561,0.0082,0.4308
CLUBS THREE DIAMONDS FIVE,0.633,0.007,0.36
SPADES JACK CLUBS THREE,0.6336,0.0076,0.3588
HEARTS ACE DIAMONDS TEN,0.349,0.0032,0.6478
SPADES SIX DIAMONDS EIGHT,0.69,0.0346,0.2754
CLUBS SEVEN CLUBS JACK,0.5962,0.0066,0.3972
DIAMONDS JACK DIAMONDS EIGHT,0.6612,0.0298,0.309
DIAMONDS QUEEN CLUBS QUEEN,0.2924,0.0028,0.7048
SPADES SIX HEARTS ACE,0.3976,0.004,0.5984
HEARTS FIVE DIAMONDS TEN,0.6274,0.0072,0.3654
DIAMONDS EIGHT DIAMONDS FIVE,0.6622,0.0346,0.3032
DIAMONDS TEN HEARTS SEVEN,0.6168,0.0062,0.377
SPADES FIVE DIAMONDS SEVEN,0.632,0.0056,0.3624
HEARTS FIVE HEARTS FOUR,0.5898,0.011,0.3992
HEARTS FIVE SPADES THREE,0.635,0.0086,0.3564
DIAMONDS NINE CLUBS QUEEN,0.5682,0.0058,0.426
SPADES EIGHT SPADES THREE,0.698,0.0382,0.2638
DIAMONDS TWO HEARTS TEN,0.636,0.0088,0.3552
CLUBS FIVE HEARTS JACK,0.6242,0.008,0.3678
SPADES QUEEN SPADES SIX,0.6024,0.0062,0.3914
CLUBS NINE DIAMONDS FIVE,0.6278,0.0056,0.3666
SPADES SIX HEARTS NINE,0.6182,0.0076,0.3742
CLUBS NINE DIAMONDS EIGHT,0.6792,0.0258,0.295
DIAMONDS TEN HEARTS KING,0.2272,0.1158,0.657
CLUBS TEN HEARTS TWO,0.6374,0.0056,0.357
SPADES JACK HEARTS FOUR,0.6348,0.0086,0.3566
DIAMONDS SIX HEARTS SEVEN,0.617,0.0062,0.3768
HEARTS THREE SPADES SIX,0.655,0.0074,0.3376
SPADES JACK DIAMONDS NINE,0.57,0.009,0.421
SPADES SEVEN HEARTS JACK,0.6246,0.0088,0.3666
HEARTS THREE CLUBS KING,0.5586,0.2258,0.2156
CLUBS TWO SPADES FOUR,0.6378,0.0072,0.355
SPADES ACE SPADES TEN,0.3278,0.005,0.6672
SPADES JACK CLUBS FIVE,0.6294,0.0074,0.3632
CLUBS FOUR CLUBS QUEEN,0.5878,0.0064,0.4058
SPADES TWO HEARTS JACK,0.6302,0.0074,0.3624
SPADES QUEEN CLUBS FOUR,0.638,0.0066,0.3554
CLUBS ACE DIAMONDS SIX,0.3882,0.0022,0.6096
DIAMONDS THREE SPADES TWO,0.6568,0.0076,0.3356
HEARTS JACK CLUBS KING,0.231,0.0852,0.6838
HEARTS FOUR CLUBS THREE,0.6382,0.0066,0.3552
DIAMONDS QUEEN HEARTS QUEEN,0.2742,0.0052,0.7206
SPADES ACE DIAMONDS NINE,0.3546,0.0036,0.6418
HEARTS FIVE SPADES SEVEN,0.628,0.0092,0.3628
HEARTS TWO SPADES SEVEN,0.6726,0.008,0.3194
HEARTS SIX CLUBS FIVE,0.6008,0.007,0.3922
CLUBS QUEEN HEARTS NINE,0.5834,0.0078,0.4088
SPADES FOUR DIAMONDS SIX,0.6258,0.0084,0.3658
DIAMONDS TWO DIAMONDS FIVE,0.5924,0.01,0.3976
SPADES EIGHT SPADES SEVEN,0.6654,0.0286,0.306
SPADES EIGHT HEARTS SEVEN,0.6872,0.035,0.2778
SPADES FIVE SPADES TWO,0.607,0.0072,0.3858
CLUBS TWO HEARTS NINE,0.632,0.0086,0.3594
HEARTS FIVE DIAMONDS SEVEN,0.6382,0.0062,0.3556
HEARTS SIX SPADES TEN,0.6168,0.0068,0.3764
HEARTS FOUR SPADES TWO,0.6504,0.0084,0.3412
HEARTS TWO DIAMONDS QUEEN,0.633,0.0098,0.3572
SPADES NINE DIAMONDS ACE,0.3646,0.0034,0.632
HEARTS TWO CLUBS TWO,0.4554,0.0136,0.531
HEARTS TWO HEARTS QUEEN,0.5972,0.0076,0.3952
HEARTS FOUR HEARTS TEN,0.6008,0.0084,0.3908
SPADES ACE CLUBS FIVE,0.3808,0.0026,0.6166
HEARTS KING DIAMONDS FOUR,0.5364,0.234,0.2296
HEARTS JACK DIAMONDS FOUR,0.6152,0.0088,0.376
SPADES ACE SPADES EIGHT,0.225,0.0256,0.7494
HEARTS FOUR HEARTS ACE,0.368,0.0048,0.6272
SPADES FIVE HEARTS ACE,0.3954,0.005,0.5996
DIAMONDS ACE CLUBS JACK,0.3432,0.0048,0.652
SPADES SEVEN DIAMONDS EIGHT,0.6806,0.037,0.2824
CLUBS TWO DIAMONDS JACK,0.6306,0.0072,0.3622
CLUBS SIX CLUBS FIVE,0.5698,0.0064,0.4238
HEARTS THREE HEARTS SEVEN,0.6188,0.0076,0.3736
SPADES ACE DIAMONDS EIGHT,0.2212,0.0298,0.749
HEARTS QUEEN CLUBS ACE,0.3566,0.0036,0.6398
HEARTS THREE DIAMONDS QUEEN,0.6382,0.0068,0.355
HEARTS FOUR DIAMONDS JACK,0.6402,0.006,0.3538
HEARTS TWO CLUBS KING,0.536,0.2372,0.2268
CLUBS SIX DIAMONDS FIVE,0.6098,0.0064,0.3838
CLUBS SEVEN SPADES SEVEN,0.429,0.0104,0.5606
SPADES FIVE CLUBS QUEEN,0.6352,0.0062,0.3586
CLUBS EIGHT DIAMONDS ACE,0.2274,0.0238,0.7488
DIAMONDS FIVE HEARTS SEVEN,0.6312,0.0066,0.3622
DIAMONDS JACK DIAMONDS SEVEN,0.5882,0.0052,0.4066
DIAMONDS TEN HEARTS QUEEN,0.552,0.006,0.442
SPADES NINE CLUBS THREE,0.6322,0.0066,0.3612
HEARTS SIX DIAMONDS JACK,0.635,0.0068,0.3582
HEARTS TWO HEARTS NINE,0.5946,0.008,0.3974
HEARTS TWO CLUBS ACE,0.4102,0.004,0.5858
CLUBS TEN DIAMONDS SEVEN,0.6074,0.0074,0.3852
CLUBS THREE DIAMONDS SIX,0.6398,0.0066,0.3536
SPADES QUEEN HEARTS TWO,0.6482,0.0076,0.3442
SPADES QUEEN HEARTS JACK,0.5582,0.0072,0.4346
CLUBS TEN DIAMONDS FIVE,0.6192,0.008,0.3728
DIAMONDS SIX CLUBS JACK,0.622,0.0068,0.3712
SPADES NINE DIAMONDS QUEEN,0.5854,0.005,0.4096
DIAMONDS NINE CLUBS KING,0.2322,0.1654,0.6024
DIAMONDS THREE CLUBS NINE,0.6338,0.0078,0.3584
CLUBS THREE HEARTS TEN,0.6362,0.0082,0.3556
DIAMONDS ACE HEARTS ACE,0.121,0.0018,0.8772
SPADES QUEEN HEARTS NINE,0.582,0.0074,0.4106
HEARTS FIVE CLUBS JACK,0.6222,0.006,0.3718
SPADES QUEEN DIAMONDS EIGHT,0.727,0.0334,0.2396
SPADES TWO CLUBS JACK,0.646,0.0068,0.3472
DIAMONDS QUEEN HEARTS TEN,0.5634,0.0058,0.4308
HEARTS FOUR SPADES TEN,0.6408,0.0078,0.3514
CLUBS NINE HEARTS QUEEN,0.5948,0.0086,0.3966
DIAMONDS KING CLUBS TWO,0.531,0.2296,0.2394
CLUBS FIVE HEARTS ACE,0.395,0.0042,0.6008
SPADES SIX HEARTS JACK,0.6226,0.0078,0.3696
HEARTS FOUR CLUBS KING,0.546,0.2366,0.2174
SPADES TEN SPADES SIX,0.5956,0.009,0.3954
HEARTS FOUR CLUBS ACE,0.3884,0.003,0.6086
CLUBS SIX CLUBS ACE,0.371,0.0044,0.6246
CLUBS THREE CLUBS KING,0.5072,0.2174,0.2754
SPADES QUEEN DIAMONDS NINE,0.6004,0.0062,0.3934
SPADES SIX HEARTS QUEEN,0.6348,0.0082,0.357
CLUBS SEVEN SPADES FIVE,0.6288,0.0084,0.3628
CLUBS SIX HEARTS QUEEN,0.6304,0.0078,0.3618
DIAMONDS TWO SPADES JACK,0.6348,0.0072,0.358
SPADES TWO DIAMONDS SIX,0.6656,0.0062,0.3282
SPADES QUEEN HEARTS FOUR,0.6344,0.0074,0.3582
HEARTS FOUR HEARTS KING,0.5098,0.2228,0.2674
SPADES QUEEN SPADES TWO,0.6108,0.0096,0.3796
SPADES NINE SPADES EIGHT,0.6524,0.0286,0.319
CLUBS TEN HEARTS JACK,0.5492,0.0066,0.4442
SPADES SEVEN DIAMONDS QUEEN,0.6492,0.0058,0.345
SPADES SIX HEARTS TEN,0.6222,0.008,0.3698
HEARTS SIX SPADES SIX,0.4426,0.012,0.5454
CLUBS ACE HEARTS SEVEN,0.393,0.0042,0.6028
CLUBS SEVEN CLUBS TWO,0.6126,0.0082,0.3792
SPADES FOUR HEARTS QUEEN,0.6308,0.0064,0.3628
CLUBS QUEEN DIAMONDS FIVE,0.623,0.0082,0.3688
SPADES ACE CLUBS TEN,0.357,0.0042,0.6388
DIAMONDS TWO DIAMONDS ACE,0.379,0.006,0.615
DIAMONDS KING SPADES FOUR,0.5476,0.2306,0.2218
HEARTS ACE SPADES THREE,0.4006,0.0052,0.5942
HEARTS ACE SPADES TWO,0.3964,0.0058,0.5978
HEARTS THREE CLUBS ACE,0.4132,0.0056,0.5812
DIAMONDS TEN CLUBS ACE,0.3476,0.0026,0.6498
CLUBS KING CLUBS QUEEN,0.226,0.0592,0.7148
SPADES EIGHT DIAMONDS JACK,0.7018,0.0306,0.2676
HEARTS FOUR SPADES SIX,0.646,0.0068,0.3472
SPADES THREE DIAMONDS EIGHT,0.741,0.0376,0.2214
CLUBS TEN DIAMONDS FOUR,0.6304,0.0072,0.3624
SPADES NINE SPADES FOUR,0.6052,0.0082,0.3866
SPADES QUEEN DIAMONDS FOUR,0.64,0.005,0.355
DIAMONDS NINE DIAMONDS SEVEN,0.5594,0.0084,0.4322
CLUBS FOUR DIAMONDS FOUR,0.4546,0.0114,0.534
SPADES EIGHT DIAMONDS FOUR,0.7092,0.0388,0.252
DIAMONDS THREE CLUBS TWO,0.6476,0.0102,0.3422
SPADES EIGHT CLUBS JACK,0.702,0.0358,0.2622
SPADES FOUR SPADES TWO,0.6188,0.009,0.3722
SPADES JACK CLUBS TWO,0.6362,0.0078,0.356
CLUBS SEVEN DIAMONDS EIGHT,0.6806,0.0322,0.2872
SPADES EIGHT SPADES FOUR,0.692,0.0378,0.2702
CLUBS THREE SPADES TWO,0.6466,0.0102,0.3432
HEARTS THREE SPADES SEVEN,0.6588,0.0078,0.3334
CLUBS KING CLUBS JACK,0.219,0.0914,0.6896
DIAMONDS TWO CLUBS FOUR,0.6502,0.0082,0.3416
SPADES THREE CLUBS ACE,0.4004,0.0036,0.596
CLUBS EIGHT SPADES EIGHT,0.2974,0.0272,0.6754
DIAMONDS SIX HEARTS NINE,0.6152,0.0052,0.3796
DIAMONDS TWO CLUBS SEVEN,0.6666,0.0066,0.3268
SPADES ACE CLUBS EIGHT,0.233,0.026,0.741
SPADES ACE CLUBS SIX,0.3894,0.0032,0.6074
SPADES SIX DIAMONDS JACK,0.6462,0.0064,0.3474
SPADES SEVEN HEARTS QUEEN,0.6306,0.0086,0.3608
SPADES TWO CLUBS KING,0.551,0.2316,0.2174
CLUBS THREE CLUBS TWO,0.602,0.0094,0.3886
CLUBS EIGHT DIAMONDS SEVEN,0.6914,0.0308,0.2778
SPADES SIX CLUBS TWO,0.658,0.009,0.333
SPADES QUEEN SPADES THREE,0.5984,0.009,0.3926
SPADES FIVE DIAMONDS SIX,0.6194,0.0084,0.3722
DIAMONDS ACE CLUBS ACE,0.122,0.0036,0.8744
SPADES ACE SPADES SIX,0.377,0.005,0.618
CLUBS SIX SPADES SEVEN,0.623,0.0072,0.3698
DIAMONDS TWO DIAMONDS SIX,0.6084,0.006,0.3856
HEARTS THREE CLUBS FOUR,0.6324,0.009,0.3586
DIAMONDS JACK HEARTS KING,0.2198,0.0946,0.6856
SPADES ACE HEARTS FOUR,0.3848,0.0054,0.6098
SPADES ACE CLUBS NINE,0.358,0.0046,0.6374
SPADES NINE HEARTS JACK,0.565,0.0066,0.4284
DIAMONDS TWO HEARTS KING,0.551,0.225,0.224
DIAMONDS TWO SPADES TEN,0.6454,0.008,0.3466
DIAMONDS ACE SPADES SIX,0.401,0.0042,0.5948
DIAMONDS KING DIAMONDS SIX,0.5048,0.219,0.2762
CLUBS KING DIAMONDS SIX,0.5464,0.2242,0.2294
DIAMONDS KING DIAMONDS SEVEN,0.5108,0.214,0.2752
SPADES JACK DIAMONDS SEVEN,0.6296,0.006,0.3644
HEARTS ACE HEARTS JACK,0.3304,0.004,0.6656
CLUBS NINE SPADES NINE,0.3092,0.009,0.6818
HEARTS FOUR CLUBS FOUR,0.4546,0.012,0.5334
DIAMONDS KING CLUBS THREE,0.551,0.2204,0.2286
DIAMONDS KING SPADES THREE,0.556,0.2268,0.2172
CLUBS FIVE DIAMONDS ACE,0.3996,0.0038,0.5966
HEARTS FIVE HEARTS TEN,0.597,0.0084,0.3946
HEARTS FIVE DIAMONDS KING,0.533,0.236,0.231
CLUBS SIX HEARTS ACE,0.3724,0.0036,0.624
DIAMONDS QUEEN HEARTS NINE,0.5868,0.0082,0.405
CLUBS FOUR HEARTS KING,0.5254,0.233,0.2416
SPADES THREE DIAMONDS SEVEN,0.6602,0.009,0.3308
HEARTS FOUR HEARTS THREE,0.6108,0.0078,0.3814
DIAMONDS ACE DIAMONDS FOUR,0.378,0.0056,0.6164
SPADES FOUR HEARTS ACE,0.3872,0.005,0.6078
HEARTS FIVE DIAMONDS ACE,0.3932,0.004,0.6028
SPADES ACE SPADES THREE,0.38,0.004,0.616
CLUBS EIGHT CLUBS FIVE,0.66,0.038,0.302
SPADES JACK SPADES NINE,0.5484,0.0072,0.4444
CLUBS SIX CLUBS JACK,0.5884,0.0066,0.405
SPADES TWO DIAMONDS SEVEN,0.6736,0.0082,0.3182
HEARTS TWO HEARTS ACE,0.3816,0.0046,0.6138
SPADES SEVEN SPADES THREE,0.6332,0.0072,0.3596
SPADES FIVE CLUBS TWO,0.6454,0.0094,0.3452
DIAMONDS THREE DIAMONDS JACK,0.574,0.008,0.418
CLUBS SEVEN HEARTS KING,0.542,0.2316,0.2264
CLUBS ACE HEARTS TEN,0.3344,0.0042,0.6614
DIAMONDS THREE DIAMONDS TEN,0.593,0.0068,0.4002
SPADES EIGHT HEARTS QUEEN,0.7178,0.0348,0.2474
HEARTS SIX SPADES QUEEN,0.6356,0.007,0.3574
SPADES NINE CLUBS FIVE,0.6322,0.0088,0.359
CLUBS SEVEN HEARTS TWO,0.6738,0.009,0.3172
DIAMONDS FIVE DIAMONDS FOUR,0.5698,0.0064,0.4238
SPADES TWO HEARTS SEVEN,0.6804,0.008,0.3116
CLUBS SEVEN DIAMONDS FIVE,0.6218,0.0066,0.3716
SPADES JACK SPADES EIGHT,0.6826,0.0292,0.2882
DIAMONDS JACK SPADES TWO,0.647,0.0068,0.3462
HEARTS FIVE CLUBS EIGHT,0.709,0.0404,0.2506
SPADES NINE CLUBS QUEEN,0.583,0.0062,0.4108
CLUBS FIVE CLUBS QUEEN,0.5872,0.0084,0.4044
DIAMONDS THREE HEARTS JACK,0.6326,0.0084,0.359
DIAMONDS TWO DIAMONDS JACK,0.5862,0.0052,0.4086
SPADES QUEEN CLUBS ACE,0.3486,0.0038,0.6476
CLUBS TWO CLUBS JACK,0.5936,0.0074,0.399
SPADES THREE DIAMONDS NINE,0.6308,0.0078,0.3614
CLUBS TEN CLUBS NINE,0.5278,0.0074,0.4648
SPADES SIX HEARTS SEVEN,0.6314,0.0052,0.3634
SPADES TEN DIAMONDS TEN,0.3022,0.0074,0.6904
HEARTS TWO HEARTS JACK,0.6054,0.0074,0.3872
SPADES EIGHT DIAMONDS SIX,0.6896,0.0306,0.2798
DIAMONDS ACE DIAMONDS NINE,0.3444,0.0038,0.6518
HEARTS JACK DIAMONDS FIVE,0.626,0.0076,0.3664
HEARTS FIVE HEARTS NINE,0.5946,0.0072,0.3982
DIAMONDS JACK HEARTS QUEEN,0.5668,0.0068,0.4264
SPADES FOUR HEARTS KING,0.5374,0.24,0.2226
CLUBS EIGHT CLUBS SEVEN,0.6474,0.0328,0.3198
HEARTS JACK DIAMONDS SIX,0.6378,0.007,0.3552
CLUBS EIGHT CLUBS TWO,0.6924,0.032,0.2756
HEARTS QUEEN DIAMONDS SEVEN,0.6232,0.007,0.3698
SPADES JACK HEARTS TWO,0.6402,0.0076,0.3522
CLUBS TEN CLUBS THREE,0.5926,0.007,0.4004
DIAMONDS THREE HEARTS FIVE,0.625,0.0084,0.3666
SPADES THREE DIAMONDS SIX,0.6396,0.0086,0.3518
CLUBS SEVEN SPADES FOUR,0.655,0.0064,0.3386
CLUBS NINE DIAMONDS JACK,0.5828,0.0068,0.4104
DIAMONDS TWO HEARTS ACE,0.3978,0.0052,0.597
SPADES THREE HEARTS QUEEN,0.6242,0.007,0.3688
CLUBS EIGHT HEARTS QUEEN,0.7136,0.032,0.2544
DIAMONDS THREE DIAMONDS KING,0.5006,0.2158,0.2836
SPADES ACE DIAMONDS THREE,0.3954,0.0058,0.5988
SPADES EIGHT HEARTS ACE,0.231,0.0278,0.7412
DIAMONDS SEVEN HEARTS SEVEN,0.4372,0.0106,0.5522
HEARTS TWO CLUBS FOUR,0.6368,0.0096,0.3536
DIAMONDS ACE SPADES THREE,0.3982,0.005,0.5968
HEARTS TWO HEARTS SEVEN,0.6392,0.01,0.3508
DIAMONDS KING SPADES SIX,0.556,0.2234,0.2206
DIAMONDS NINE DIAMONDS FOUR,0.5884,0.0072,0.4044
SPADES EIGHT HEARTS JACK,0.6902,0.0342,0.2756
SPADES FIVE DIAMONDS TEN,0.6348,0.0082,0.357
CLUBS SIX SPADES SIX,0.448,0.012,0.54
CLUBS NINE SPADES FIVE,0.6256,0.009,0.3654
SPADES THREE HEARTS SEVEN,0.66,0.0078,0.3322
HEARTS THREE DIAMONDS ACE,0.398,0.004,0.598
DIAMONDS EIGHT HEARTS JACK,0.7062,0.0354,0.2584
SPADES EIGHT CLUBS KING,0.0212,0.9702,0.0086
CLUBS TEN DIAMONDS JACK,0.568,0.0068,0.4252
SPADES QUEEN HEARTS THREE,0.6366,0.0106,0.3528
DIAMONDS THREE CLUBS THREE,0.4638,0.0118,0.5244
HEARTS FIVE HEARTS ACE,0.3698,0.0054,0.6248
SPADES NINE DIAMONDS JACK,0.5748,0.0072,0.418
SPADES EIGHT DIAMONDS SEVEN,0.6784,0.035,0.2866
HEARTS ACE HEARTS TEN,0.316,0.0062,0.6778
CLUBS JACK DIAMONDS FOUR,0.6276,0.0088,0.3636
CLUBS NINE HEARTS FIVE,0.6174,0.008,0.3746
DIAMONDS TWO CLUBS ACE,0.4008,0.0046,0.5946
SPADES SEVEN DIAMONDS SIX,0.6242,0.0064,0.3694
DIAMONDS TEN DIAMONDS FIVE,0.5942,0.0068,0.399
CLUBS TEN SPADES QUEEN,0.5538,0.0076,0.4386
CLUBS FIVE CLUBS TWO,0.5896,0.0072,0.4032
DIAMONDS NINE HEARTS JACK,0.569,0.0058,0.4252
HEARTS TWO SPADES FIVE,0.6478,0.0092,0.343
SPADES FIVE DIAMONDS EIGHT,0.7038,0.0392,0.257
CLUBS NINE DIAMONDS QUEEN,0.5726,0.0052,0.4222
HEARTS TEN CLUBS JACK,0.5462,0.0084,0.4454
DIAMONDS QUEEN CLUBS ACE,0.3562,0.0028,0.641
DIAMONDS ACE DIAMONDS SEVEN,0.3592,0.0034,0.6374
SPADES NINE HEARTS SEVEN,0.6086,0.0096,0.3818
SPADES QUEEN DIAMONDS ACE,0.3528,0.003,0.6442
SPADES SIX DIAMONDS NINE,0.6108,0.0066,0.3826
HEARTS TEN HEARTS SEVEN,0.5772,0.0064,0.4164
DIAMONDS THREE SPADES SEVEN,0.661,0.0094,0.3296
CLUBS SEVEN SPADES TWO,0.6816,0.0086,0.3098
SPADES NINE SPADES FIVE,0.6052,0.0074,0.3874
CLUBS NINE HEARTS TEN,0.5528,0.0064,0.4408
CLUBS NINE CLUBS FIVE,0.5826,0.009,0.4084
HEARTS FIVE DIAMONDS FIVE,0.4546,0.012,0.5334
DIAMONDS KING DIAMONDS EIGHT,0.023,0.9082,0.0688
CLUBS TWO DIAMONDS TEN,0.6354,0.0066,0.358
CLUBS SIX HEARTS TEN,0.617,0.0048,0.3782
HEARTS TWO HEARTS KING,0.5072,0.2316,0.2612
SPADES SEVEN HEARTS KING,0.534,0.2468,0.2192
DIAMONDS KING HEARTS SEVEN,0.5472,0.224,0.2288
CLUBS SEVEN CLUBS QUEEN,0.5898,0.0056,0.4046
SPADES EIGHT DIAMONDS QUEEN,0.7208,0.0338,0.2454
HEARTS FOUR CLUBS SIX,0.6378,0.007,0.3552
DIAMONDS EIGHT CLUBS KING,0.0186,0.9578,0.0236
HEARTS FOUR DIAMONDS TEN,0.6404,0.006,0.3536
SPADES JACK DIAMONDS FOUR,0.6344,0.0086,0.357
CLUBS ACE DIAMONDS FIVE,0.4004,0.0036,0.596
DIAMONDS KING DIAMONDS QUEEN,0.2384,0.0594,0.7022
SPADES EIGHT CLUBS QUEEN,0.7208,0.034,0.2452
DIAMONDS TEN DIAMONDS EIGHT,0.6528,0.0268,0.3204
SPADES JACK CLUBS SEVEN,0.6282,0.008,0.3638
SPADES SEVEN DIAMONDS JACK,0.63,0.0064,0.3636
HEARTS JACK CLUBS JACK,0.2834,0.005,0.7116
DIAMONDS KING HEARTS NINE,0.2218,0.1642,0.614
CLUBS SIX HEARTS JACK,0.6236,0.0078,0.3686
HEARTS QUEEN DIAMONDS FIVE,0.6232,0.0074,0.3694
HEARTS FIVE DIAMONDS TWO,0.6408,0.0078,0.3514
DIAMONDS THREE HEARTS THREE,0.4558,0.0138,0.5304
DIAMONDS QUEEN SPADES FIVE,0.6274,0.0094,0.3632
HEARTS TWO DIAMONDS NINE,0.631,0.0082,0.3608
CLUBS TEN CLUBS KING,0.21,0.1148,0.6752
CLUBS FOUR DIAMONDS KING,0.5472,0.22,0.2328
HEARTS SIX CLUBS THREE,0.6498,0.0066,0.3436
SPADES SIX DIAMONDS QUEEN,0.634,0.0054,0.3606
SPADES EIGHT HEARTS NINE,0.6662,0.029,0.3048
HEARTS KING CLUBS JACK,0.226,0.0838,0.6902
CLUBS SEVEN CLUBS FOUR,0.592,0.0052,0.4028
CLUBS FOUR HEARTS JACK,0.616,0.0068,0.3772
HEARTS FIVE CLUBS KING,0.54,0.234,0.226
HEARTS SIX DIAMONDS FIVE,0.6148,0.0084,0.3768
SPADES SEVEN DIAMONDS TEN,0.6122,0.0064,0.3814
SPADES FIVE HEARTS SEVEN,0.6414,0.0072,0.3514
SPADES THREE HEARTS KING,0.5496,0.2286,0.2218
SPADES TEN DIAMONDS FOUR,0.6354,0.0072,0.3574
HEARTS FIVE SPADES SIX,0.628,0.0088,0.3632
HEARTS SIX DIAMONDS FOUR,0.6356,0.0078,0.3566
CLUBS SEVEN DIAMONDS ACE,0.38,0.0022,0.6178
HEARTS ACE DIAMONDS NINE,0.3474,0.0042,0.6484
HEARTS SIX CLUBS QUEEN,0.634,0.006,0.36
HEARTS TWO DIAMONDS EIGHT,0.7306,0.0376,0.2318
HEARTS ACE HEARTS KING,0.2202,0.0126,0.7672
HEARTS THREE CLUBS FIVE,0.6304,0.0086,0.361
CLUBS TEN HEARTS SIX,0.6346,0.0066,0.3588
SPADES ACE HEARTS TWO,0.399,0.0052,0.5958
SPADES JACK CLUBS QUEEN,0.567,0.0074,0.4256
DIAMONDS TEN HEARTS TEN,0.2906,0.0084,0.701
DIAMONDS TWO SPADES TWO,0.4526,0.0156,0.5318
DIAMONDS ACE DIAMONDS FIVE,0.3762,0.0048,0.619
DIAMONDS KING HEARTS ACE,0.2232,0.0112,0.7656
HEARTS SIX DIAMONDS TEN,0.636,0.0074,0.3566
HEARTS FIVE SPADES TWO,0.647,0.009,0.344
SPADES TEN CLUBS TWO,0.6332,0.0078,0.359
SPADES TEN SPADES TWO,0.6014,0.0094,0.3892
HEARTS TWO SPADES SIX,0.6554,0.01,0.3346
CLUBS SEVEN SPADES EIGHT,0.6944,0.031,0.2746
SPADES NINE DIAMONDS FIVE,0.617,0.0096,0.3734
HEARTS FIVE CLUBS FOUR,0.6144,0.0088,0.3768
DIAMONDS THREE DIAMONDS FOUR,0.5866,0.0066,0.4068
CLUBS SIX DIAMONDS TEN,0.6306,0.0042,0.3652
DIAMONDS KING CLUBS JACK,0.2468,0.0798,0.6734
CLUBS EIGHT HEARTS THREE,0.7414,0.0346,0.224
DIAMONDS JACK CLUBS KING,0.2374,0.0814,0.6812
CLUBS FOUR SPADES FOUR,0.4492,0.0122,0.5386
SPADES FOUR DIAMONDS FOUR,0.4578,0.0154,0.5268
HEARTS SIX DIAMONDS SEVEN,0.6124,0.0068,0.3808
CLUBS ACE HEARTS JACK,0.3302,0.0046,0.6652
DIAMONDS EIGHT CLUBS JACK,0.703,0.034,0.263
DIAMONDS JACK HEARTS ACE,0.3406,0.0034,0.656
DIAMONDS NINE HEARTS TEN,0.5628,0.0062,0.431
SPADES FIVE DIAMONDS FIVE,0.4478,0.0124,0.5398
HEARTS SIX SPADES FIVE,0.6208,0.0048,0.3744
CLUBS ACE DIAMONDS SEVEN,0.3886,0.0046,0.6068
CLUBS SEVEN CLUBS FIVE,0.5964,0.0056,0.398
HEARTS THREE DIAMONDS SIX,0.648,0.009,0.343
DIAMONDS ACE DIAMONDS TEN,0.3356,0.0034,0.661
DIAMONDS JACK HEARTS NINE,0.579,0.0062,0.4148
DIAMONDS QUEEN HEARTS JACK,0.5694,0.0052,0.4254
CLUBS TWO DIAMONDS SEVEN,0.663,0.007,0.33
DIAMONDS FIVE CLUBS JACK,0.6236,0.0054,0.371
SPADES JACK HEARTS THREE,0.6378,0.0092,0.353
CLUBS FOUR DIAMONDS SIX,0.6364,0.0086,0.355
CLUBS SEVEN HEARTS JACK,0.6152,0.0072,0.3776
SPADES NINE DIAMONDS EIGHT,0.6916,0.027,0.2814
SPADES EIGHT CLUBS TWO,0.7354,0.0372,0.2274
CLUBS EIGHT DIAMONDS QUEEN,0.7086,0.0342,0.2572
DIAMONDS TWO SPADES THREE,0.6522,0.0092,0.3386
CLUBS EIGHT CLUBS JACK,0.6582,0.0298,0.312
CLUBS FIVE HEARTS KING,0.5374,0.2292,0.2334
HEARTS SIX HEARTS FIVE,0.6016,0.01,0.3884
SPADES NINE SPADES SIX,0.584,0.0094,0.4066
SPADES QUEEN CLUBS FIVE,0.6414,0.0078,0.3508
SPADES FOUR HEARTS SEVEN,0.6428,0.0086,0.3486
DIAMONDS TWO DIAMONDS NINE,0.5886,0.0074,0.404
HEARTS QUEEN HEARTS SEVEN,0.6072,0.0078,0.385
HEARTS SEVEN DIAMONDS FOUR,0.6336,0.01,0.3564
CLUBS EIGHT SPADES TEN,0.6932,0.0306,0.2762
CLUBS SEVEN SPADES SIX,0.6122,0.007,0.3808
SPADES ACE DIAMONDS QUEEN,0.342,0.0052,0.6528
CLUBS EIGHT SPADES SEVEN,0.6956,0.0314,0.273
SPADES TEN DIAMONDS NINE,0.5662,0.0054,0.4284
CLUBS SIX SPADES EIGHT,0.705,0.0346,0.2604
HEARTS FOUR SPADES EIGHT,0.7332,0.0374,0.2294
CLUBS THREE HEARTS KING,0.542,0.2274,0.2306
CLUBS SEVEN HEARTS NINE,0.5992,0.0072,0.3936
SPADES ACE HEARTS TEN,0.344,0.0052,0.6508
SPADES JACK SPADES TWO,0.6016,0.007,0.3914
HEARTS FOUR CLUBS TWO,0.6394,0.0094,0.3512
SPADES TWO HEARTS QUEEN,0.647,0.0104,0.3426
CLUBS TEN DIAMONDS QUEEN,0.565,0.0066,0.4284
HEARTS FIVE SPADES FIVE,0.445,0.0138,0.5412
DIAMONDS QUEEN DIAMONDS EIGHT,0.6746,0.0342,0.2912
CLUBS FOUR HEARTS TEN,0.631,0.0092,0.3598
