opposingHand,winningChance,drawChance,lostChance
HEARTS SEVEN CLUBS KING
HEARTS FIVE SPADES TEN,0.632,0.0062,0.3618
SPADES JACK HEARTS FIVE,0.6312,0.0078,0.361
SPADES FIVE CLUBS JACK,0.6238,0.0066,0.3696
CLUBS TEN SPADES FIVE,0.6374,0.0068,0.3558
CLUBS EIGHT CLUBS JACK,0.5604,0.0086,0.431
CLUBS TEN CLUBS EIGHT,0.5474,0.0096,0.443
SPADES FIVE CLUBS ACE,0.3954,0.0052,0.5994
CLUBS EIGHT CLUBS QUEEN,0.5614,0.0076,0.431
SPADES FIVE CLUBS QUEEN,0.6376,0.008,0.3544
CLUBS EIGHT CLUBS ACE,0.3496,0.0046,0.6458
DIAMONDS TWO DIAMONDS THREE,0.6024,0.0072,0.3904
DIAMONDS TWO DIAMONDS FIVE,0.5964,0.0076,0.396
SPADES KING HEARTS FIVE,0.4752,0.2994,0.2254
DIAMONDS TWO DIAMONDS FOUR,0.6158,0.0076,0.3766
SPADES QUEEN HEARTS FIVE,0.6336,0.0066,0.3598
DIAMONDS TWO DIAMONDS SEVEN,0.6932,0.035,0.2718
DIAMONDS TWO DIAMONDS SIX,0.6246,0.0088,0.3666
SPADES ACE HEARTS FIVE,0.3746,0.0044,0.621
DIAMONDS TWO DIAMONDS NINE,0.598,0.005,0.397
DIAMONDS TWO DIAMONDS EIGHT,0.6072,0.0068,0.386
DIAMONDS THREE DIAMONDS FOUR,0.5728,0.011,0.4162
CLUBS TWO SPADES FOUR,0.6528,0.0086,0.3386
DIAMONDS THREE DIAMONDS FIVE,0.5972,0.0072,0.3956
SPADES FIVE CLUBS TWO,0.6436,0.0104,0.346
CLUBS TWO SPADES TWO,0.4632,0.012,0.5248
CLUBS TWO SPADES THREE,0.6556,0.0078,0.3366
DIAMONDS THREE DIAMONDS EIGHT,0.601,0.0086,0.3904
SPADES EIGHT CLUBS TWO,0.642,0.0082,0.3498
DIAMONDS THREE DIAMONDS NINE,0.6134,0.0078,0.3788
SPADES NINE CLUBS TWO,0.6532,0.0056,0.3412
DIAMONDS THREE DIAMONDS SIX,0.599,0.0066,0.3944
SPADES SIX CLUBS TWO,0.6676,0.008,0.3244
DIAMONDS THREE DIAMONDS SEVEN,0.6848,0.0398,0.2754
SPADES SEVEN CLUBS TWO,0.7432,0.037,0.2198
CLUBS SIX CLUBS TWO,0.638,0.0074,0.3546
CLUBS SEVEN CLUBS TWO,0.6928,0.0414,0.2658
CLUBS FOUR CLUBS TWO,0.611,0.0074,0.3816
CLUBS FIVE CLUBS TWO,0.6256,0.0092,0.3652
CLUBS TEN CLUBS JACK,0.5188,0.0072,0.474
DIAMONDS FOUR DIAMONDS SIX,0.5952,0.0068,0.398
CLUBS TEN CLUBS QUEEN,0.5316,0.0054,0.463
DIAMONDS FOUR DIAMONDS SEVEN,0.6578,0.037,0.3052
CLUBS TEN CLUBS ACE,0.343,0.004,0.653
CLUBS EIGHT CLUBS TWO,0.6106,0.0084,0.381
DIAMONDS FIVE DIAMONDS FOUR,0.584,0.0056,0.4104
CLUBS NINE CLUBS TWO,0.616,0.0084,0.3756
DIAMONDS NINE DIAMONDS FOUR,0.5952,0.0068,0.398
DIAMONDS EIGHT DIAMONDS FOUR,0.5794,0.007,0.4136
CLUBS THREE CLUBS TWO,0.617,0.0082,0.3748
DIAMONDS NINE DIAMONDS FIVE,0.5758,0.0078,0.4164
DIAMONDS TWO CLUBS JACK,0.6292,0.0096,0.3612
DIAMONDS EIGHT DIAMONDS FIVE,0.5762,0.0076,0.4162
CLUBS TEN DIAMONDS TWO,0.6268,0.0066,0.3666
DIAMONDS FIVE DIAMONDS SEVEN,0.6474,0.0376,0.315
DIAMONDS FIVE DIAMONDS SIX,0.589,0.0056,0.4054
DIAMONDS TWO CLUBS ACE,0.3966,0.0048,0.5986
DIAMONDS TWO CLUBS QUEEN,0.6414,0.0082,0.3504
DIAMONDS EIGHT DIAMONDS SIX,0.574,0.0062,0.4198
DIAMONDS NINE DIAMONDS SIX,0.5756,0.007,0.4174
HEARTS ACE SPADES THREE,0.3892,0.0038,0.607
SPADES THREE HEARTS KING,0.4666,0.302,0.2314
DIAMONDS SEVEN DIAMONDS SIX,0.6276,0.0348,0.3376
HEARTS QUEEN SPADES THREE,0.6118,0.0086,0.3796
SPADES THREE HEARTS JACK,0.6226,0.0074,0.37
SPADES THREE HEARTS TEN,0.6282,0.0104,0.3614
DIAMONDS EIGHT DIAMONDS SEVEN,0.634,0.0278,0.3382
DIAMONDS NINE DIAMONDS SEVEN,0.6434,0.0338,0.3228
DIAMONDS NINE DIAMONDS EIGHT,0.5222,0.0068,0.471
DIAMONDS KING HEARTS TEN,0.2424,0.113,0.6446
HEARTS THREE HEARTS TEN,0.5906,0.0116,0.3978
SPADES JACK CLUBS SIX,0.6522,0.005,0.3428
DIAMONDS KING HEARTS JACK,0.2352,0.0894,0.6754
HEARTS THREE HEARTS JACK,0.5938,0.0086,0.3976
SPADES TEN CLUBS SIX,0.6334,0.006,0.3606
SPADES JACK SPADES FIVE,0.5854,0.0072,0.4074
SPADES TEN SPADES FIVE,0.5832,0.007,0.4098
DIAMONDS KING HEARTS ACE,0.225,0.0114,0.7636
HEARTS THREE HEARTS ACE,0.3916,0.0046,0.6038
SPADES ACE CLUBS SIX,0.4064,0.0042,0.5894
DIAMONDS KING HEARTS QUEEN,0.226,0.0666,0.7074
HEARTS THREE HEARTS QUEEN,0.5988,0.007,0.3942
SPADES KING CLUBS SIX,0.4858,0.3094,0.2048
DIAMONDS KING HEARTS KING,0.0796,0.0142,0.9062
HEARTS THREE HEARTS KING,0.4544,0.2818,0.2638
SPADES QUEEN CLUBS SIX,0.6344,0.0072,0.3584
SPADES NINE HEARTS TEN,0.5554,0.006,0.4386
SPADES NINE HEARTS JACK,0.5706,0.0086,0.4208
SPADES QUEEN SPADES FIVE,0.5938,0.0072,0.399
SPADES KING SPADES FIVE,0.449,0.2842,0.2668
SPADES ACE SPADES FIVE,0.357,0.0028,0.6402
SPADES NINE HEARTS QUEEN,0.5664,0.0092,0.4244
SPADES NINE HEARTS KING,0.2334,0.1626,0.604
SPADES NINE HEARTS ACE,0.3612,0.0048,0.634
CLUBS TEN SPADES JACK,0.5486,0.006,0.4454
CLUBS TEN SPADES TEN,0.3054,0.0068,0.6878
SPADES ACE CLUBS TEN,0.3412,0.0042,0.6546
SPADES KING CLUBS TEN,0.2348,0.1178,0.6474
CLUBS TEN SPADES QUEEN,0.5612,0.006,0.4328
SPADES FIVE HEARTS QUEEN,0.6308,0.0068,0.3624
SPADES FIVE HEARTS KING,0.452,0.3112,0.2368
HEARTS ACE SPADES FIVE,0.3844,0.005,0.6106
CLUBS EIGHT SPADES TEN,0.5872,0.0076,0.4052
HEARTS THREE SPADES JACK,0.6322,0.0098,0.358
SPADES JACK DIAMONDS KING,0.2422,0.0834,0.6744
SPADES TEN DIAMONDS KING,0.2306,0.108,0.6614
HEARTS THREE SPADES TEN,0.6372,0.0096,0.3532
SPADES JACK CLUBS EIGHT,0.5776,0.0068,0.4156
CLUBS SIX HEARTS ACE,0.3912,0.006,0.6028
SPADES ACE CLUBS EIGHT,0.3656,0.0032,0.6312
HEARTS FIVE CLUBS JACK,0.631,0.0064,0.3626
CLUBS TEN HEARTS FIVE,0.6498,0.01,0.3402
CLUBS SIX HEARTS QUEEN,0.6478,0.0078,0.3444
SPADES QUEEN CLUBS EIGHT,0.5928,0.0042,0.403
CLUBS TEN SPADES THREE,0.6274,0.0044,0.3682
CLUBS SIX HEARTS KING,0.468,0.308,0.224
SPADES KING CLUBS EIGHT,0.2378,0.2314,0.5308
SPADES THREE CLUBS JACK,0.6234,0.0072,0.3694
DIAMONDS TWO HEARTS JACK,0.6242,0.0076,0.3682
SPADES THREE CLUBS QUEEN,0.6248,0.0084,0.3668
DIAMONDS TWO HEARTS TEN,0.6306,0.0078,0.3616
HEARTS FIVE CLUBS ACE,0.3938,0.0054,0.6008
SPADES FIVE HEARTS TEN,0.6348,0.0072,0.358
SPADES THREE CLUBS ACE,0.3836,0.0038,0.6126
SPADES FIVE HEARTS JACK,0.626,0.0066,0.3674
HEARTS FIVE CLUBS QUEEN,0.6396,0.0064,0.354
HEARTS THREE CLUBS QUEEN,0.637,0.0072,0.3558
DIAMONDS KING CLUBS QUEEN,0.2468,0.0628,0.6904
HEARTS FIVE HEARTS JACK,0.6006,0.0094,0.39
HEARTS FIVE HEARTS TEN,0.6028,0.0094,0.3878
HEARTS THREE CLUBS ACE,0.4008,0.0044,0.5948
DIAMONDS KING CLUBS ACE,0.2346,0.0092,0.7562
SPADES ACE CLUBS QUEEN,0.3528,0.0048,0.6424
SPADES KING CLUBS QUEEN,0.243,0.0654,0.6916
HEARTS THREE CLUBS JACK,0.6634,0.0102,0.3264
DIAMONDS KING CLUBS JACK,0.237,0.088,0.675
SPADES QUEEN CLUBS QUEEN,0.2836,0.0036,0.7128
CLUBS TEN HEARTS THREE,0.648,0.008,0.344
CLUBS TEN DIAMONDS KING,0.2292,0.115,0.6558
SPADES JACK CLUBS QUEEN,0.5556,0.006,0.4384
CLUBS SIX CLUBS QUEEN,0.6024,0.0048,0.3928
SPADES TEN CLUBS QUEEN,0.5566,0.0078,0.4356
CLUBS SIX CLUBS ACE,0.3674,0.0038,0.6288
HEARTS FIVE HEARTS KING,0.4574,0.2776,0.265
HEARTS FIVE HEARTS QUEEN,0.5874,0.0066,0.406
CLUBS TEN CLUBS SIX,0.604,0.0078,0.3882
HEARTS FIVE HEARTS ACE,0.3714,0.0046,0.624
CLUBS SIX CLUBS JACK,0.621,0.0058,0.3732
SPADES SEVEN HEARTS JACK,0.7206,0.0342,0.2452
SPADES SEVEN HEARTS TEN,0.6984,0.0356,0.266
DIAMONDS TWO CLUBS TWO,0.4628,0.015,0.5222
DIAMONDS TWO CLUBS THREE,0.6402,0.0086,0.3512
HEARTS SIX DIAMONDS TWO,0.66,0.0082,0.3318
DIAMONDS TWO HEARTS QUEEN,0.6364,0.0078,0.3558
DIAMONDS TWO HEARTS KING,0.4846,0.2922,0.2232
DIAMONDS TWO HEARTS EIGHT,0.6352,0.0104,0.3544
DIAMONDS TWO HEARTS ACE,0.3902,0.0058,0.604
DIAMONDS TWO HEARTS NINE,0.6324,0.0064,0.3612
DIAMONDS TWO DIAMONDS QUEEN,0.5836,0.0072,0.4092
DIAMONDS TWO HEARTS TWO,0.4646,0.0146,0.5208
DIAMONDS TWO DIAMONDS KING,0.4518,0.2794,0.2688
HEARTS THREE DIAMONDS TWO,0.651,0.012,0.337
DIAMONDS TWO DIAMONDS ACE,0.3696,0.0046,0.6258
HEARTS FOUR DIAMONDS TWO,0.645,0.0092,0.3458
DIAMONDS TWO HEARTS FIVE,0.6576,0.0092,0.3332
SPADES SEVEN HEARTS ACE,0.2348,0.0306,0.7346
DIAMONDS TWO DIAMONDS TEN,0.6008,0.0082,0.391
SPADES SEVEN HEARTS KING,0.0128,0.9688,0.0184
DIAMONDS TWO DIAMONDS JACK,0.607,0.005,0.388
SPADES SEVEN HEARTS QUEEN,0.729,0.036,0.235
DIAMONDS TWO SPADES NINE,0.6208,0.0072,0.372
DIAMONDS TWO SPADES EIGHT,0.6426,0.0068,0.3506
DIAMONDS TWO SPADES SEVEN,0.724,0.0428,0.2332
DIAMONDS TWO SPADES SIX,0.6516,0.007,0.3414
DIAMONDS TWO SPADES FIVE,0.635,0.0086,0.3564
DIAMONDS TWO SPADES FOUR,0.648,0.0086,0.3434
DIAMONDS TWO SPADES THREE,0.639,0.0092,0.3518
DIAMONDS TWO SPADES TWO,0.449,0.017,0.534
CLUBS NINE DIAMONDS TWO,0.6508,0.0084,0.3408
DIAMONDS TWO CLUBS EIGHT,0.641,0.0092,0.3498
CLUBS SEVEN DIAMONDS TWO,0.724,0.0452,0.2308
DIAMONDS TWO CLUBS SIX,0.6576,0.0068,0.3356
DIAMONDS TWO CLUBS FIVE,0.6468,0.0096,0.3436
DIAMONDS TWO CLUBS FOUR,0.6476,0.0106,0.3418
CLUBS FOUR SPADES FIVE,0.6126,0.0104,0.377
CLUBS FOUR SPADES FOUR,0.4438,0.0124,0.5438
CLUBS FOUR SPADES THREE,0.6404,0.0074,0.3522
CLUBS FOUR SPADES TWO,0.6574,0.007,0.3356
SPADES NINE CLUBS FOUR,0.6388,0.0088,0.3524
SPADES EIGHT CLUBS FOUR,0.6298,0.007,0.3632
SPADES SEVEN CLUBS FOUR,0.6996,0.041,0.2594
CLUBS FOUR SPADES SIX,0.6284,0.0066,0.365
SPADES ACE DIAMONDS SIX,0.3944,0.0034,0.6022
SPADES QUEEN DIAMONDS SIX,0.6318,0.0046,0.3636
SPADES KING DIAMONDS SIX,0.4842,0.2948,0.221
SPADES TEN DIAMONDS SIX,0.626,0.0054,0.3686
SPADES JACK DIAMONDS SIX,0.6196,0.0056,0.3748
SPADES QUEEN SPADES TWO,0.5974,0.007,0.3956
SPADES KING SPADES TWO,0.4566,0.2758,0.2676
SPADES ACE SPADES TWO,0.3746,0.0036,0.6218
DIAMONDS JACK CLUBS JACK,0.2992,0.0076,0.6932
CLUBS TEN DIAMONDS JACK,0.561,0.0068,0.4322
DIAMONDS JACK CLUBS QUEEN,0.5558,0.0058,0.4384
DIAMONDS THREE DIAMONDS JACK,0.5842,0.0086,0.4072
DIAMONDS THREE DIAMONDS TEN,0.5832,0.0072,0.4096
DIAMONDS JACK CLUBS ACE,0.3486,0.004,0.6474
DIAMONDS THREE DIAMONDS KING,0.4432,0.2878,0.269
HEARTS THREE DIAMONDS THREE,0.453,0.0166,0.5304
DIAMONDS THREE DIAMONDS QUEEN,0.5898,0.0074,0.4028
DIAMONDS THREE HEARTS TWO,0.6488,0.0088,0.3424
HEARTS FIVE DIAMONDS THREE,0.6404,0.0102,0.3494
DIAMONDS THREE DIAMONDS ACE,0.3702,0.005,0.6248
HEARTS FOUR DIAMONDS THREE,0.6252,0.0102,0.3646
SPADES TEN SPADES NINE,0.5374,0.008,0.4546
HEARTS SIX DIAMONDS THREE,0.651,0.0058,0.3432
SPADES JACK SPADES NINE,0.5348,0.008,0.4572
DIAMONDS THREE HEARTS NINE,0.6378,0.007,0.3552
HEARTS JACK DIAMONDS FOUR,0.6216,0.0074,0.371
HEARTS ACE HEARTS KING,0.2268,0.0108,0.7624
SPADES TEN SPADES TWO,0.605,0.0084,0.3866
DIAMONDS THREE HEARTS EIGHT,0.6386,0.0074,0.354
HEARTS TEN DIAMONDS FOUR,0.633,0.0076,0.3594
SPADES JACK SPADES TWO,0.5902,0.0052,0.4046
HEARTS QUEEN DIAMONDS FOUR,0.6336,0.0062,0.3602
HEARTS KING DIAMONDS FOUR,0.4672,0.2932,0.2396
SPADES ACE SPADES NINE,0.3366,0.004,0.6594
HEARTS ACE DIAMONDS FOUR,0.3776,0.0044,0.618
SPADES KING SPADES NINE,0.2196,0.1464,0.634
SPADES QUEEN SPADES NINE,0.5482,0.0068,0.445
DIAMONDS THREE SPADES NINE,0.6306,0.0062,0.3632
DIAMONDS THREE SPADES EIGHT,0.6292,0.0058,0.365
DIAMONDS THREE SPADES SEVEN,0.7174,0.0424,0.2402
DIAMONDS THREE SPADES SIX,0.646,0.0096,0.3444
DIAMONDS THREE CLUBS SIX,0.6414,0.007,0.3516
CLUBS FIVE CLUBS SIX,0.5992,0.009,0.3918
CLUBS ACE DIAMONDS FOUR,0.382,0.005,0.613
CLUBS SEVEN DIAMONDS THREE,0.7222,0.0386,0.2392
CLUBS SEVEN CLUBS FIVE,0.6696,0.0362,0.2942
DIAMONDS THREE CLUBS FOUR,0.6366,0.0084,0.355
DIAMONDS FOUR CLUBS QUEEN,0.6356,0.0096,0.3548
DIAMONDS THREE CLUBS FIVE,0.6336,0.0076,0.3588
DIAMONDS THREE CLUBS TWO,0.644,0.009,0.347
CLUBS TEN DIAMONDS FOUR,0.633,0.008,0.359
DIAMONDS THREE CLUBS THREE,0.4644,0.0148,0.5208
DIAMONDS FOUR CLUBS JACK,0.6286,0.0068,0.3646
DIAMONDS THREE SPADES FOUR,0.6134,0.0068,0.3798
DIAMONDS THREE SPADES FIVE,0.6298,0.0074,0.3628
DIAMONDS THREE SPADES TWO,0.6532,0.0088,0.338
DIAMONDS THREE SPADES THREE,0.4298,0.0128,0.5574
CLUBS EIGHT DIAMONDS THREE,0.6588,0.0058,0.3354
CLUBS NINE DIAMONDS THREE,0.6366,0.0066,0.3568
SPADES SEVEN CLUBS ACE,0.233,0.0296,0.7374
SPADES SEVEN CLUBS QUEEN,0.74,0.0354,0.2246
CLUBS FIVE SPADES SEVEN,0.6946,0.0412,0.2642
CLUBS TEN SPADES SEVEN,0.6942,0.0384,0.2674
CLUBS FIVE SPADES SIX,0.622,0.0088,0.3692
SPADES SEVEN CLUBS JACK,0.721,0.0314,0.2476
CLUBS FIVE SPADES NINE,0.6208,0.0084,0.3708
CLUBS FIVE SPADES EIGHT,0.6238,0.0068,0.3694
CLUBS FIVE SPADES THREE,0.6398,0.0084,0.3518
CLUBS FIVE SPADES TWO,0.6554,0.007,0.3376
CLUBS FIVE SPADES FIVE,0.4482,0.0146,0.5372
CLUBS FIVE SPADES FOUR,0.6286,0.0076,0.3638
CLUBS NINE CLUBS FIVE,0.5846,0.0102,0.4052
CLUBS EIGHT CLUBS FIVE,0.593,0.007,0.4
CLUBS ACE CLUBS QUEEN,0.3398,0.0038,0.6564
DIAMONDS TEN DIAMONDS FOUR,0.5958,0.0066,0.3976
CLUBS TEN DIAMONDS NINE,0.5568,0.0058,0.4374
DIAMONDS JACK DIAMONDS FOUR,0.5872,0.0058,0.407
DIAMONDS NINE CLUBS JACK,0.5716,0.0054,0.423
SPADES NINE CLUBS JACK,0.5846,0.007,0.4084
CLUBS TEN SPADES NINE,0.567,0.0066,0.4264
DIAMONDS ACE DIAMONDS FOUR,0.3696,0.0044,0.626
HEARTS FOUR DIAMONDS FOUR,0.4586,0.0146,0.5268
DIAMONDS JACK HEARTS TEN,0.5574,0.0064,0.4362
DIAMONDS TWO SPADES TEN,0.6398,0.0072,0.353
DIAMONDS NINE CLUBS ACE,0.3696,0.004,0.6264
HEARTS FIVE DIAMONDS FOUR,0.622,0.0084,0.3696
DIAMONDS JACK HEARTS JACK,0.2908,0.0048,0.7044
SPADES NINE CLUBS QUEEN,0.5792,0.0068,0.414
DIAMONDS TWO SPADES JACK,0.6406,0.0086,0.3508
DIAMONDS QUEEN DIAMONDS FOUR,0.5724,0.0102,0.4174
HEARTS TWO DIAMONDS FOUR,0.6508,0.0084,0.3408
DIAMONDS NINE CLUBS QUEEN,0.5864,0.0062,0.4074
DIAMONDS KING DIAMONDS FOUR,0.4518,0.2732,0.275
HEARTS THREE DIAMONDS FOUR,0.6458,0.0072,0.347
SPADES NINE CLUBS ACE,0.3696,0.005,0.6254
HEARTS ACE DIAMONDS JACK,0.3618,0.0042,0.634
SPADES ACE DIAMONDS TWO,0.3998,0.0034,0.5968
HEARTS QUEEN DIAMONDS JACK,0.5522,0.0062,0.4416
SPADES QUEEN DIAMONDS TWO,0.6388,0.0072,0.354
DIAMONDS JACK HEARTS KING,0.2434,0.0798,0.6768
SPADES KING DIAMONDS TWO,0.4786,0.2928,0.2286
SPADES JACK SPADES SEVEN,0.6732,0.0324,0.2944
SPADES TEN SPADES SEVEN,0.6536,0.032,0.3144
CLUBS SEVEN CLUBS THREE,0.693,0.0394,0.2676
CLUBS SIX CLUBS THREE,0.6284,0.0068,0.3648
CLUBS FIVE CLUBS THREE,0.6204,0.0068,0.3728
CLUBS THREE CLUBS FOUR,0.597,0.009,0.394
CLUBS NINE CLUBS THREE,0.6088,0.0076,0.3836
CLUBS EIGHT CLUBS THREE,0.6166,0.0084,0.375
CLUBS THREE SPADES FIVE,0.6392,0.0098,0.351
CLUBS THREE SPADES FOUR,0.6244,0.0084,0.3672
CLUBS THREE SPADES THREE,0.452,0.0168,0.5312
CLUBS THREE SPADES TWO,0.6614,0.0086,0.33
CLUBS THREE SPADES SIX,0.6468,0.0082,0.345
CLUBS THREE SPADES SEVEN,0.7192,0.0434,0.2374
SPADES EIGHT CLUBS THREE,0.6512,0.005,0.3438
SPADES NINE CLUBS THREE,0.627,0.0072,0.3658
SPADES TWO DIAMONDS FOUR,0.6474,0.0092,0.3434
SPADES THREE DIAMONDS FOUR,0.6336,0.0052,0.3612
SPADES FOUR DIAMONDS FOUR,0.4458,0.0118,0.5424
SPADES FIVE DIAMONDS FOUR,0.611,0.0072,0.3818
SPADES SIX DIAMONDS FOUR,0.6326,0.0066,0.3608
SPADES SEVEN DIAMONDS FOUR,0.6932,0.0404,0.2664
SPADES EIGHT DIAMONDS FOUR,0.615,0.009,0.376
SPADES NINE DIAMONDS FOUR,0.6256,0.0066,0.3678
CLUBS FIVE DIAMONDS FOUR,0.6196,0.0072,0.3732
CLUBS FOUR DIAMONDS FOUR,0.452,0.0158,0.5322
CLUBS SEVEN DIAMONDS FOUR,0.701,0.0414,0.2576
CLUBS SIX DIAMONDS FOUR,0.6394,0.007,0.3536
CLUBS NINE DIAMONDS FOUR,0.641,0.0066,0.3524
CLUBS EIGHT DIAMONDS FOUR,0.6486,0.005,0.3464
HEARTS SIX DIAMONDS FOUR,0.6334,0.0086,0.358
DIAMONDS FOUR HEARTS NINE,0.6334,0.0098,0.3568
DIAMONDS FOUR HEARTS EIGHT,0.6214,0.0084,0.3702
CLUBS THREE DIAMONDS FOUR,0.648,0.0074,0.3446
CLUBS TWO DIAMONDS FOUR,0.6488,0.009,0.3422
DIAMONDS TEN DIAMONDS FIVE,0.604,0.006,0.39
DIAMONDS JACK DIAMONDS FIVE,0.5882,0.0078,0.404
DIAMONDS NINE HEARTS QUEEN,0.5656,0.006,0.4284
DIAMONDS NINE HEARTS KING,0.239,0.1578,0.6032
HEARTS ACE DIAMONDS NINE,0.362,0.0032,0.6348
DIAMONDS NINE HEARTS TEN,0.546,0.0046,0.4494
DIAMONDS NINE HEARTS JACK,0.5732,0.0062,0.4206
CLUBS QUEEN DIAMONDS SIX,0.6324,0.0072,0.3604
CLUBS ACE DIAMONDS SIX,0.385,0.0032,0.6118
SPADES KING DIAMONDS FOUR,0.4752,0.2918,0.233
SPADES ACE SPADES SEVEN,0.2208,0.0266,0.7526
SPADES QUEEN DIAMONDS FOUR,0.6242,0.007,0.3688
SPADES QUEEN SPADES SEVEN,0.6942,0.033,0.2728
CLUBS JACK DIAMONDS SIX,0.6444,0.0076,0.348
SPADES KING SPADES SEVEN,0.0192,0.9144,0.0664
SPADES ACE DIAMONDS FOUR,0.3862,0.0038,0.61
CLUBS TEN DIAMONDS SIX,0.6256,0.0072,0.3672
CLUBS NINE CLUBS FOUR,0.6256,0.0088,0.3656
CLUBS EIGHT CLUBS FOUR,0.589,0.0092,0.4018
SPADES JACK DIAMONDS FOUR,0.6282,0.0056,0.3662
SPADES TEN DIAMONDS FOUR,0.6266,0.0052,0.3682
CLUBS FIVE CLUBS FOUR,0.5944,0.0076,0.398
CLUBS SEVEN CLUBS FOUR,0.6784,0.039,0.2826
CLUBS SIX CLUBS FOUR,0.6026,0.0076,0.3898
CLUBS SEVEN SPADES EIGHT,0.6816,0.0358,0.2826
CLUBS SEVEN SPADES NINE,0.687,0.0362,0.2768
CLUBS SEVEN SPADES SIX,0.6934,0.034,0.2726
CLUBS SEVEN SPADES SEVEN,0.3082,0.0294,0.6624
CLUBS SEVEN SPADES FIVE,0.7012,0.0338,0.265
CLUBS SEVEN SPADES FOUR,0.7096,0.0408,0.2496
CLUBS SEVEN SPADES THREE,0.7176,0.0422,0.2402
CLUBS SEVEN SPADES TWO,0.7378,0.0456,0.2166
CLUBS NINE CLUBS SEVEN,0.657,0.0324,0.3106
CLUBS SEVEN CLUBS EIGHT,0.6398,0.0326,0.3276
HEARTS SIX DIAMONDS FIVE,0.6174,0.0076,0.375
DIAMONDS FIVE HEARTS EIGHT,0.6156,0.0096,0.3748
DIAMONDS FIVE HEARTS NINE,0.6,0.008,0.392
DIAMONDS QUEEN DIAMONDS FIVE,0.5926,0.0072,0.4002
HEARTS TWO DIAMONDS FIVE,0.6514,0.0096,0.339
HEARTS KING HEARTS EIGHT,0.2276,0.213,0.5594
DIAMONDS KING DIAMONDS FIVE,0.443,0.2746,0.2824
HEARTS THREE DIAMONDS FIVE,0.6372,0.0084,0.3544
HEARTS QUEEN HEARTS EIGHT,0.5624,0.0072,0.4304
DIAMONDS ACE DIAMONDS FIVE,0.3732,0.0048,0.622
HEARTS FOUR DIAMONDS FIVE,0.621,0.0086,0.3704
HEARTS FIVE DIAMONDS FIVE,0.4356,0.0158,0.5486
HEARTS ACE HEARTS EIGHT,0.353,0.0052,0.6418
CLUBS FOUR DIAMONDS FIVE,0.6278,0.008,0.3642
CLUBS FIVE DIAMONDS FIVE,0.446,0.0128,0.5412
CLUBS SIX DIAMONDS FIVE,0.6184,0.0078,0.3738
CLUBS SEVEN DIAMONDS FIVE,0.6954,0.0354,0.2692
CLUBS TWO DIAMONDS FIVE,0.6454,0.0082,0.3464
CLUBS THREE DIAMONDS FIVE,0.6278,0.0094,0.3628
SPADES THREE DIAMONDS FIVE,0.6286,0.0072,0.3642
SPADES TWO DIAMONDS FIVE,0.6414,0.0074,0.3512
SPADES JACK DIAMONDS EIGHT,0.594,0.0048,0.4012
SPADES FIVE DIAMONDS FIVE,0.4452,0.012,0.5428
CLUBS TEN HEARTS JACK,0.564,0.0074,0.4286
SPADES TEN DIAMONDS EIGHT,0.574,0.0068,0.4192
SPADES FOUR DIAMONDS FIVE,0.6178,0.0084,0.3738
HEARTS JACK CLUBS JACK,0.2838,0.0068,0.7094
HEARTS JACK CLUBS QUEEN,0.5516,0.004,0.4444
CLUBS NINE DIAMONDS FIVE,0.6274,0.006,0.3666
CLUBS EIGHT DIAMONDS FIVE,0.6184,0.0102,0.3714
CLUBS ACE HEARTS JACK,0.3488,0.0052,0.646
SPADES SEVEN DIAMONDS FIVE,0.6824,0.0374,0.2802
SPADES KING DIAMONDS EIGHT,0.2284,0.2174,0.5542
SPADES QUEEN DIAMONDS EIGHT,0.6002,0.0062,0.3936
SPADES SIX DIAMONDS FIVE,0.6026,0.0094,0.388
SPADES NINE DIAMONDS FIVE,0.6078,0.0064,0.3858
SPADES EIGHT DIAMONDS FIVE,0.6138,0.0078,0.3784
SPADES ACE DIAMONDS EIGHT,0.3498,0.0032,0.647
DIAMONDS TEN DIAMONDS SIX,0.5738,0.0068,0.4194
HEARTS ACE DIAMONDS SEVEN,0.2298,0.0316,0.7386
DIAMONDS JACK DIAMONDS SIX,0.5948,0.0026,0.4026
HEARTS QUEEN DIAMONDS SEVEN,0.722,0.039,0.239
HEARTS KING DIAMONDS SEVEN,0.0108,0.9706,0.0186
DIAMONDS ACE DIAMONDS SIX,0.3608,0.0032,0.636
HEARTS FOUR DIAMONDS SIX,0.637,0.0092,0.3538
SPADES TWO HEARTS JACK,0.6394,0.0072,0.3534
HEARTS FIVE DIAMONDS SIX,0.6252,0.0058,0.369
SPADES TWO HEARTS TEN,0.6248,0.0048,0.3704
DIAMONDS QUEEN DIAMONDS SIX,0.584,0.0062,0.4098
HEARTS TWO DIAMONDS SIX,0.6628,0.005,0.3322
DIAMONDS KING DIAMONDS SIX,0.443,0.279,0.278
HEARTS THREE DIAMONDS SIX,0.6334,0.0076,0.359
HEARTS EIGHT DIAMONDS SIX,0.6066,0.0072,0.3862
HEARTS NINE DIAMONDS SIX,0.6094,0.0082,0.3824
HEARTS SIX DIAMONDS SIX,0.4432,0.0134,0.5434
HEARTS TEN DIAMONDS SEVEN,0.6916,0.0362,0.2722
CLUBS TWO DIAMONDS SIX,0.6696,0.0072,0.3232
HEARTS JACK DIAMONDS SEVEN,0.7106,0.0346,0.2548
CLUBS THREE DIAMONDS SIX,0.6498,0.008,0.3422
CLUBS SEVEN DIAMONDS SIX,0.6874,0.0332,0.2794
DIAMONDS EIGHT CLUBS JACK,0.5866,0.0064,0.407
CLUBS SIX DIAMONDS SIX,0.433,0.013,0.554
CLUBS TEN DIAMONDS EIGHT,0.5806,0.0054,0.414
CLUBS FIVE DIAMONDS SIX,0.633,0.007,0.36
CLUBS FOUR DIAMONDS SIX,0.6358,0.006,0.3582
HEARTS ACE HEARTS JACK,0.3338,0.0046,0.6616
DIAMONDS EIGHT CLUBS ACE,0.3528,0.0046,0.6426
HEARTS QUEEN HEARTS JACK,0.526,0.0096,0.4644
CLUBS NINE DIAMONDS SIX,0.6192,0.0096,0.3712
HEARTS KING HEARTS JACK,0.2176,0.0918,0.6906
DIAMONDS EIGHT CLUBS QUEEN,0.5996,0.0068,0.3936
CLUBS EIGHT DIAMONDS SIX,0.6016,0.009,0.3894
SPADES TEN HEARTS KING,0.2356,0.1108,0.6536
SPADES FIVE DIAMONDS SIX,0.6238,0.006,0.3702
HEARTS ACE SPADES TWO,0.3884,0.0042,0.6074
SPADES JACK HEARTS KING,0.232,0.088,0.68
SPADES FOUR DIAMONDS SIX,0.6192,0.007,0.3738
SPADES THREE DIAMONDS SIX,0.6468,0.0078,0.3454
HEARTS QUEEN SPADES TWO,0.6278,0.0066,0.3656
SPADES ACE SPADES KING,0.2126,0.0104,0.777
HEARTS KING SPADES TWO,0.4778,0.3018,0.2204
SPADES TWO DIAMONDS SIX,0.6624,0.0056,0.332
HEARTS TEN HEARTS EIGHT,0.533,0.0068,0.4602
SPADES NINE DIAMONDS SIX,0.6176,0.008,0.3744
HEARTS JACK HEARTS EIGHT,0.5514,0.0064,0.4422
SPADES EIGHT DIAMONDS SIX,0.61,0.0036,0.3864
SPADES SEVEN DIAMONDS SIX,0.6856,0.0334,0.281
SPADES SIX DIAMONDS SIX,0.4326,0.0112,0.5562
SPADES KING HEARTS KING,0.073,0.0138,0.9132
SPADES QUEEN HEARTS KING,0.245,0.0618,0.6932
SPADES ACE HEARTS KING,0.2408,0.0116,0.7476
SPADES ACE HEARTS JACK,0.3552,0.0024,0.6424
SPADES QUEEN HEARTS JACK,0.558,0.0072,0.4348
SPADES KING HEARTS JACK,0.2288,0.0884,0.6828
SPADES TEN DIAMONDS TEN,0.3042,0.0078,0.688
SPADES JACK DIAMONDS TEN,0.553,0.0056,0.4414
SPADES ACE DIAMONDS TEN,0.3464,0.0024,0.6512
SPADES JACK HEARTS JACK,0.2946,0.0048,0.7006
SPADES TEN HEARTS JACK,0.5518,0.0084,0.4398
SPADES QUEEN DIAMONDS TEN,0.5522,0.0046,0.4432
SPADES KING DIAMONDS TEN,0.2346,0.1188,0.6466
SPADES NINE DIAMONDS SEVEN,0.678,0.0334,0.2886
SPADES EIGHT DIAMONDS SEVEN,0.6776,0.0302,0.2922
SPADES SEVEN DIAMONDS SEVEN,0.3032,0.0298,0.667
SPADES SIX DIAMONDS SEVEN,0.673,0.036,0.291
DIAMONDS KING DIAMONDS SEVEN,0.0228,0.9054,0.0718
HEARTS THREE DIAMONDS SEVEN,0.7226,0.0366,0.2408
HEARTS KING DIAMONDS FIVE,0.4648,0.2992,0.236
DIAMONDS QUEEN DIAMONDS SEVEN,0.675,0.0332,0.2918
HEARTS TWO DIAMONDS SEVEN,0.7386,0.0436,0.2178
HEARTS QUEEN DIAMONDS FIVE,0.6114,0.009,0.3796
HEARTS FIVE DIAMONDS SEVEN,0.7004,0.0376,0.262
DIAMONDS ACE DIAMONDS SEVEN,0.227,0.0302,0.7428
HEARTS FOUR DIAMONDS SEVEN,0.696,0.0442,0.2598
HEARTS ACE DIAMONDS FIVE,0.3734,0.0036,0.623
HEARTS SIX DIAMONDS SEVEN,0.6894,0.0386,0.272
DIAMONDS SEVEN HEARTS NINE,0.686,0.0306,0.2834
HEARTS EIGHT DIAMONDS SEVEN,0.668,0.0318,0.3002
DIAMONDS JACK DIAMONDS SEVEN,0.6628,0.0374,0.2998
DIAMONDS FIVE HEARTS JACK,0.6302,0.008,0.3618
DIAMONDS TEN DIAMONDS SEVEN,0.6666,0.0294,0.304
HEARTS TEN DIAMONDS FIVE,0.6288,0.0078,0.3634
SPADES KING CLUBS TWO,0.4836,0.301,0.2154
CLUBS EIGHT DIAMONDS SEVEN,0.6822,0.0316,0.2862
SPADES QUEEN CLUBS TWO,0.6468,0.0072,0.346
HEARTS KING CLUBS QUEEN,0.2368,0.0602,0.703
CLUBS NINE DIAMONDS SEVEN,0.6966,0.0298,0.2736
SPADES TWO CLUBS JACK,0.6324,0.0084,0.3592
SPADES ACE CLUBS TWO,0.401,0.0046,0.5944
CLUBS TEN SPADES TWO,0.6322,0.0088,0.359
HEARTS KING CLUBS ACE,0.2314,0.0144,0.7542
CLUBS SEVEN CLUBS SIX,0.6452,0.0346,0.3202
SPADES TWO DIAMONDS SEVEN,0.7336,0.041,0.2254
CLUBS EIGHT CLUBS SIX,0.5866,0.0062,0.4072
SPADES THREE DIAMONDS SEVEN,0.724,0.0414,0.2346
SPADES TWO CLUBS QUEEN,0.6352,0.0122,0.3526
CLUBS NINE CLUBS SIX,0.5924,0.0076,0.4
SPADES FOUR DIAMONDS SEVEN,0.6986,0.0402,0.2612
HEARTS KING CLUBS JACK,0.217,0.0924,0.6906
SPADES FIVE DIAMONDS SEVEN,0.6794,0.043,0.2776
SPADES TWO CLUBS ACE,0.3774,0.0058,0.6168
CLUBS TEN HEARTS KING,0.2316,0.1142,0.6542
CLUBS SIX SPADES TWO,0.673,0.007,0.32
CLUBS SIX SPADES THREE,0.6538,0.0074,0.3388
CLUBS TWO DIAMONDS SEVEN,0.7508,0.0404,0.2088
CLUBS SIX SPADES FOUR,0.6418,0.0056,0.3526
CLUBS THREE DIAMONDS SEVEN,0.713,0.0446,0.2424
CLUBS SIX SPADES FIVE,0.6234,0.0076,0.369
CLUBS FOUR DIAMONDS SEVEN,0.707,0.0446,0.2484
CLUBS SIX SPADES SIX,0.4322,0.0134,0.5544
CLUBS FIVE DIAMONDS SEVEN,0.7006,0.0432,0.2562
CLUBS SIX SPADES SEVEN,0.6762,0.0378,0.286
CLUBS SIX DIAMONDS SEVEN,0.6822,0.0356,0.2822
CLUBS SIX SPADES EIGHT,0.611,0.007,0.382
SPADES JACK CLUBS TWO,0.6428,0.0054,0.3518
CLUBS SEVEN DIAMONDS SEVEN,0.3186,0.0312,0.6502
SPADES NINE CLUBS SIX,0.6234,0.0074,0.3692
SPADES TEN CLUBS TWO,0.638,0.0084,0.3536
CLUBS TWO CLUBS QUEEN,0.6036,0.0082,0.3882
CLUBS THREE DIAMONDS EIGHT,0.6492,0.0068,0.344
CLUBS TWO CLUBS ACE,0.377,0.0052,0.6178
CLUBS TWO DIAMONDS EIGHT,0.644,0.0054,0.3506
HEARTS SIX DIAMONDS EIGHT,0.6118,0.0068,0.3814
DIAMONDS EIGHT HEARTS NINE,0.5722,0.0066,0.4212
CLUBS TEN CLUBS TWO,0.614,0.0086,0.3774
DIAMONDS EIGHT HEARTS EIGHT,0.3216,0.0116,0.6668
CLUBS TWO CLUBS JACK,0.6196,0.0062,0.3742
CLUBS NINE DIAMONDS EIGHT,0.5688,0.0054,0.4258
CLUBS EIGHT DIAMONDS EIGHT,0.344,0.0098,0.6462
CLUBS FIVE DIAMONDS EIGHT,0.6312,0.009,0.3598
SPADES ACE SPADES THREE,0.376,0.0042,0.6198
CLUBS FOUR DIAMONDS EIGHT,0.6332,0.0076,0.3592
CLUBS SEVEN DIAMONDS EIGHT,0.6794,0.032,0.2886
SPADES QUEEN SPADES THREE,0.5906,0.0074,0.402
CLUBS SIX DIAMONDS EIGHT,0.6184,0.0056,0.376
SPADES KING SPADES THREE,0.4312,0.2952,0.2736
DIAMONDS QUEEN DIAMONDS EIGHT,0.5466,0.0056,0.4478
HEARTS TWO DIAMONDS EIGHT,0.6448,0.0066,0.3486
DIAMONDS KING DIAMONDS EIGHT,0.2072,0.2202,0.5726
HEARTS THREE DIAMONDS EIGHT,0.6466,0.0114,0.342
DIAMONDS ACE DIAMONDS EIGHT,0.3262,0.0038,0.67
HEARTS FOUR DIAMONDS EIGHT,0.6388,0.0096,0.3516
HEARTS FIVE DIAMONDS EIGHT,0.6282,0.007,0.3648
DIAMONDS EIGHT DIAMONDS TEN,0.5436,0.0044,0.452
DIAMONDS EIGHT DIAMONDS JACK,0.5504,0.0062,0.4434
SPADES JACK SPADES THREE,0.5878,0.0076,0.4046
SPADES TEN SPADES THREE,0.5952,0.0046,0.4002
CLUBS FOUR HEARTS ACE,0.4002,0.0042,0.5956
CLUBS FOUR HEARTS QUEEN,0.6284,0.0078,0.3638
CLUBS FOUR HEARTS KING,0.474,0.3052,0.2208
CLUBS SIX HEARTS TEN,0.6286,0.0092,0.3622
CLUBS SIX HEARTS JACK,0.636,0.0078,0.3562
DIAMONDS EIGHT SPADES FOUR,0.632,0.0058,0.3622
SPADES FIVE DIAMONDS EIGHT,0.6278,0.007,0.3652
DIAMONDS EIGHT SPADES TWO,0.6404,0.0088,0.3508
DIAMONDS EIGHT SPADES THREE,0.6286,0.0078,0.3636
CLUBS FOUR HEARTS JACK,0.6356,0.007,0.3574
SPADES EIGHT DIAMONDS EIGHT,0.32,0.0104,0.6696
SPADES TEN DIAMONDS QUEEN,0.5512,0.0046,0.4442
SPADES TEN HEARTS TWO,0.6434,0.0062,0.3504
SPADES JACK HEARTS EIGHT,0.5862,0.0064,0.4074
CLUBS FOUR HEARTS TEN,0.6286,0.0076,0.3638
SPADES NINE DIAMONDS EIGHT,0.5678,0.0076,0.4246
SPADES TEN HEARTS EIGHT,0.5594,0.0058,0.4348
SPADES JACK HEARTS TWO,0.6258,0.0068,0.3674
SPADES JACK DIAMONDS QUEEN,0.5542,0.0056,0.4402
SPADES SIX DIAMONDS EIGHT,0.6112,0.007,0.3818
SPADES SEVEN DIAMONDS EIGHT,0.687,0.0306,0.2824
SPADES ACE HEARTS TWO,0.4198,0.004,0.5762
SPADES ACE DIAMONDS QUEEN,0.3564,0.0022,0.6414
SPADES ACE HEARTS EIGHT,0.3498,0.0036,0.6466
SPADES KING HEARTS EIGHT,0.2226,0.2244,0.553
SPADES QUEEN HEARTS TWO,0.6392,0.0062,0.3546
SPADES QUEEN DIAMONDS QUEEN,0.289,0.0018,0.7092
SPADES KING DIAMONDS QUEEN,0.2382,0.0648,0.697
SPADES KING HEARTS TWO,0.488,0.301,0.211
SPADES QUEEN HEARTS EIGHT,0.5916,0.006,0.4024
CLUBS TWO HEARTS TEN,0.634,0.0078,0.3582
CLUBS TWO HEARTS JACK,0.6264,0.007,0.3666
SPADES SEVEN DIAMONDS NINE,0.6858,0.0318,0.2824
SPADES SIX DIAMONDS NINE,0.6144,0.0064,0.3792
SPADES NINE DIAMONDS NINE,0.3146,0.0082,0.6772
SPADES EIGHT DIAMONDS NINE,0.568,0.0072,0.4248
DIAMONDS NINE SPADES THREE,0.6154,0.006,0.3786
DIAMONDS NINE SPADES TWO,0.6388,0.008,0.3532
DIAMONDS NINE SPADES FIVE,0.613,0.0104,0.3766
DIAMONDS NINE SPADES FOUR,0.6294,0.0064,0.3642
CLUBS NINE DIAMONDS NINE,0.3084,0.0102,0.6814
CLUBS EIGHT DIAMONDS NINE,0.5788,0.005,0.4162
CLUBS SIX DIAMONDS NINE,0.6334,0.0068,0.3598
SPADES JACK CLUBS FOUR,0.6336,0.007,0.3594
CLUBS SEVEN DIAMONDS NINE,0.6958,0.0344,0.2698
SPADES TEN CLUBS FOUR,0.6376,0.009,0.3534
CLUBS FOUR DIAMONDS NINE,0.6426,0.0064,0.351
CLUBS FIVE DIAMONDS NINE,0.6358,0.0064,0.3578
DIAMONDS NINE CLUBS TWO,0.6502,0.0062,0.3436
CLUBS THREE DIAMONDS NINE,0.6376,0.007,0.3554
DIAMONDS NINE HEARTS EIGHT,0.5622,0.0066,0.4312
DIAMONDS NINE HEARTS NINE,0.3022,0.0112,0.6866
HEARTS SIX DIAMONDS NINE,0.6096,0.0064,0.384
CLUBS NINE CLUBS EIGHT,0.5442,0.009,0.4468
DIAMONDS ACE DIAMONDS NINE,0.3432,0.0038,0.653
HEARTS FOUR DIAMONDS NINE,0.6328,0.0076,0.3596
HEARTS FIVE DIAMONDS NINE,0.6278,0.0074,0.3648
HEARTS ACE CLUBS TWO,0.3936,0.007,0.5994
SPADES ACE CLUBS FOUR,0.3976,0.0044,0.598
DIAMONDS QUEEN DIAMONDS NINE,0.545,0.0052,0.4498
HEARTS TWO DIAMONDS NINE,0.6388,0.008,0.3532
CLUBS TWO HEARTS KING,0.4836,0.3046,0.2118
SPADES KING CLUBS FOUR,0.4812,0.2974,0.2214
DIAMONDS KING DIAMONDS NINE,0.2264,0.1602,0.6134
HEARTS THREE DIAMONDS NINE,0.6326,0.0064,0.361
CLUBS TWO HEARTS QUEEN,0.6462,0.0044,0.3494
SPADES QUEEN CLUBS FOUR,0.6384,0.0066,0.355
DIAMONDS NINE DIAMONDS JACK,0.5404,0.0038,0.4558
CLUBS EIGHT SPADES NINE,0.5814,0.006,0.4126
DIAMONDS NINE DIAMONDS TEN,0.535,0.0086,0.4564
CLUBS EIGHT SPADES EIGHT,0.3296,0.0108,0.6596
CLUBS EIGHT SPADES SEVEN,0.6772,0.0308,0.292
CLUBS EIGHT SPADES SIX,0.6126,0.009,0.3784
CLUBS EIGHT SPADES FIVE,0.6182,0.007,0.3748
CLUBS EIGHT SPADES FOUR,0.6306,0.0092,0.3602
CLUBS EIGHT SPADES THREE,0.6362,0.0092,0.3546
CLUBS EIGHT SPADES TWO,0.6556,0.0052,0.3392
HEARTS SIX DIAMONDS TEN,0.6238,0.0078,0.3684
DIAMONDS TEN HEARTS EIGHT,0.5778,0.0072,0.415
CLUBS FOUR CLUBS JACK,0.5952,0.0082,0.3966
DIAMONDS TEN HEARTS NINE,0.5656,0.0076,0.4268
CLUBS TEN CLUBS FOUR,0.589,0.007,0.404
CLUBS FOUR CLUBS QUEEN,0.5998,0.0084,0.3918
CLUBS TWO DIAMONDS TEN,0.6448,0.0062,0.349
CLUBS THREE DIAMONDS TEN,0.6306,0.008,0.3614
CLUBS FOUR CLUBS ACE,0.3756,0.0048,0.6196
DIAMONDS JACK DIAMONDS TEN,0.5244,0.0062,0.4694
DIAMONDS QUEEN DIAMONDS TEN,0.5104,0.0086,0.481
HEARTS TWO DIAMONDS TEN,0.6462,0.0072,0.3466
DIAMONDS KING DIAMONDS TEN,0.2166,0.117,0.6664
HEARTS THREE DIAMONDS TEN,0.6238,0.0086,0.3676
DIAMONDS ACE DIAMONDS TEN,0.327,0.0046,0.6684
HEARTS FOUR DIAMONDS TEN,0.637,0.0074,0.3556
CLUBS EIGHT HEARTS JACK,0.5904,0.0072,0.4024
HEARTS FIVE DIAMONDS TEN,0.6416,0.0094,0.349
CLUBS EIGHT HEARTS TEN,0.5694,0.0082,0.4224
CLUBS EIGHT HEARTS QUEEN,0.5922,0.0082,0.3996
CLUBS EIGHT HEARTS KING,0.2212,0.2266,0.5522
CLUBS EIGHT HEARTS ACE,0.3624,0.005,0.6326
CLUBS NINE SPADES THREE,0.6398,0.0084,0.3518
CLUBS NINE SPADES TWO,0.6424,0.008,0.3496
CLUBS NINE SPADES FIVE,0.6254,0.007,0.3676
CLUBS NINE SPADES FOUR,0.6442,0.0088,0.347
CLUBS NINE SPADES SEVEN,0.69,0.0338,0.2762
CLUBS NINE SPADES SIX,0.6176,0.0074,0.375
CLUBS NINE SPADES NINE,0.3134,0.0088,0.6778
CLUBS TEN HEARTS EIGHT,0.5654,0.008,0.4266
CLUBS NINE SPADES EIGHT,0.5748,0.0082,0.417
HEARTS EIGHT CLUBS JACK,0.5884,0.0062,0.4054
CLUBS QUEEN HEARTS EIGHT,0.5842,0.0082,0.4076
CLUBS ACE HEARTS EIGHT,0.3566,0.0034,0.64
DIAMONDS ACE HEARTS TEN,0.3454,0.0042,0.6504
HEARTS FOUR HEARTS TEN,0.6022,0.006,0.3918
DIAMONDS ACE HEARTS JACK,0.3518,0.0036,0.6446
HEARTS FOUR HEARTS JACK,0.6028,0.0104,0.3868
SPADES KING CLUBS FIVE,0.477,0.3028,0.2202
SPADES QUEEN CLUBS FIVE,0.6302,0.0058,0.364
SPADES ACE CLUBS FIVE,0.396,0.004,0.6
HEARTS SIX DIAMONDS JACK,0.6326,0.0086,0.3588
DIAMONDS JACK HEARTS NINE,0.572,0.006,0.422
DIAMONDS JACK HEARTS EIGHT,0.583,0.0066,0.4104
DIAMONDS KING DIAMONDS JACK,0.2302,0.0874,0.6824
HEARTS THREE DIAMONDS JACK,0.6478,0.0066,0.3456
SPADES ACE SPADES SIX,0.3564,0.0044,0.6392
HEARTS ACE SPADES FOUR,0.3778,0.003,0.6192
DIAMONDS QUEEN DIAMONDS JACK,0.5276,0.006,0.4664
HEARTS TWO DIAMONDS JACK,0.632,0.0106,0.3574
HEARTS FIVE DIAMONDS JACK,0.6382,0.0066,0.3552
SPADES QUEEN SPADES SIX,0.5924,0.0056,0.402
SPADES FOUR HEARTS QUEEN,0.629,0.0064,0.3646
DIAMONDS ACE DIAMONDS JACK,0.3428,0.0034,0.6538
HEARTS FOUR DIAMONDS JACK,0.6302,0.0054,0.3644
SPADES KING SPADES SIX,0.4442,0.2846,0.2712
SPADES FOUR HEARTS KING,0.4712,0.3034,0.2254
SPADES TEN SPADES SIX,0.5886,0.0068,0.4046
SPADES JACK SPADES SIX,0.5838,0.0064,0.4098
SPADES FOUR DIAMONDS JACK,0.6218,0.0058,0.3724
SPADES FIVE DIAMONDS JACK,0.6226,0.0078,0.3696
DIAMONDS JACK SPADES TWO,0.6276,0.007,0.3654
DIAMONDS JACK SPADES THREE,0.6292,0.0072,0.3636
SPADES ACE DIAMONDS THREE,0.3966,0.0056,0.5978
SPADES QUEEN DIAMONDS THREE,0.6252,0.007,0.3678
CLUBS EIGHT DIAMONDS JACK,0.5776,0.006,0.4164
SPADES KING DIAMONDS THREE,0.4642,0.3026,0.2332
CLUBS NINE DIAMONDS JACK,0.5674,0.0072,0.4254
CLUBS SIX DIAMONDS JACK,0.6536,0.0056,0.3408
CLUBS SEVEN DIAMONDS JACK,0.712,0.0386,0.2494
CLUBS FOUR DIAMONDS JACK,0.6286,0.0062,0.3652
CLUBS FIVE DIAMONDS JACK,0.6458,0.0052,0.349
CLUBS TWO DIAMONDS JACK,0.637,0.0078,0.3552
CLUBS THREE DIAMONDS JACK,0.6406,0.0058,0.3536
SPADES TEN CLUBS FIVE,0.6314,0.007,0.3616
HEARTS SIX SPADES JACK,0.6334,0.0056,0.361
HEARTS SIX SPADES TEN,0.6326,0.006,0.3614
SPADES JACK CLUBS FIVE,0.6408,0.007,0.3522
SPADES JACK DIAMONDS THREE,0.6302,0.0074,0.3624
CLUBS SEVEN CLUBS ACE,0.221,0.0322,0.7468
DIAMONDS THREE SPADES TEN,0.6408,0.0068,0.3524
CLUBS SEVEN CLUBS QUEEN,0.6882,0.0348,0.277
SPADES NINE DIAMONDS JACK,0.5786,0.0046,0.4168
CLUBS TEN CLUBS SEVEN,0.6718,0.0318,0.2964
DIAMONDS ACE HEARTS ACE,0.1178,0.0042,0.878
HEARTS FOUR HEARTS ACE,0.3548,0.0028,0.6424
SPADES EIGHT DIAMONDS JACK,0.5852,0.0048,0.41
SPADES ACE HEARTS SIX,0.4072,0.0056,0.5872
CLUBS SEVEN CLUBS JACK,0.6906,0.0306,0.2788
DIAMONDS ACE HEARTS KING,0.2298,0.012,0.7582
HEARTS FOUR HEARTS KING,0.447,0.2862,0.2668
SPADES SEVEN DIAMONDS JACK,0.721,0.035,0.244
SPADES KING HEARTS SIX,0.4796,0.3046,0.2158
DIAMONDS ACE HEARTS QUEEN,0.3536,0.004,0.6424
HEARTS FOUR HEARTS QUEEN,0.5884,0.0072,0.4044
SPADES QUEEN HEARTS SIX,0.6478,0.0084,0.3438
SPADES SIX DIAMONDS JACK,0.6446,0.0064,0.349
DIAMONDS TEN SPADES TWO,0.6384,0.0064,0.3552
SPADES THREE DIAMONDS TEN,0.63,0.007,0.363
SPADES FOUR DIAMONDS TEN,0.6436,0.0056,0.3508
SPADES FIVE DIAMONDS TEN,0.6268,0.0066,0.3666
SPADES SIX DIAMONDS TEN,0.6156,0.0054,0.379
SPADES SEVEN DIAMONDS TEN,0.696,0.0366,0.2674
SPADES EIGHT DIAMONDS TEN,0.573,0.0048,0.4222
SPADES NINE DIAMONDS TEN,0.5588,0.005,0.4362
CLUBS FOUR DIAMONDS TEN,0.6306,0.0062,0.3632
CLUBS FIVE DIAMONDS TEN,0.6438,0.0084,0.3478
CLUBS SIX DIAMONDS TEN,0.626,0.0074,0.3666
CLUBS SEVEN DIAMONDS TEN,0.719,0.0312,0.2498
CLUBS EIGHT DIAMONDS TEN,0.5708,0.006,0.4232
CLUBS NINE DIAMONDS TEN,0.573,0.0052,0.4218
DIAMONDS THREE CLUBS JACK,0.6314,0.0074,0.3612
CLUBS TEN DIAMONDS THREE,0.6386,0.0082,0.3532
DIAMONDS THREE CLUBS QUEEN,0.631,0.0058,0.3632
DIAMONDS THREE CLUBS ACE,0.387,0.0056,0.6074
SPADES FOUR HEARTS JACK,0.6236,0.0056,0.3708
SPADES FOUR HEARTS TEN,0.6426,0.0064,0.351
SPADES FIVE SPADES TWO,0.6086,0.0086,0.3828
SPADES FOUR SPADES TWO,0.6036,0.0088,0.3876
SPADES THREE SPADES TWO,0.6082,0.0082,0.3836
SPADES NINE SPADES TWO,0.5978,0.0064,0.3958
SPADES EIGHT SPADES TWO,0.6128,0.0064,0.3808
SPADES SEVEN SPADES TWO,0.6922,0.0408,0.267
SPADES SIX SPADES TWO,0.6248,0.007,0.3682
DIAMONDS QUEEN CLUBS THREE,0.6376,0.0076,0.3548
CLUBS THREE HEARTS TWO,0.6606,0.0106,0.3288
DIAMONDS QUEEN CLUBS TWO,0.6274,0.0078,0.3648
HEARTS TWO CLUBS TWO,0.4614,0.0138,0.5248
HEARTS SIX DIAMONDS QUEEN,0.6314,0.0074,0.3612
HEARTS SIX HEARTS TWO,0.6284,0.0064,0.3652
DIAMONDS QUEEN HEARTS NINE,0.5756,0.0088,0.4156
HEARTS TWO HEARTS NINE,0.6104,0.008,0.3816
DIAMONDS QUEEN HEARTS EIGHT,0.5872,0.0062,0.4066
HEARTS TWO HEARTS EIGHT,0.6056,0.0116,0.3828
CLUBS NINE HEARTS TWO,0.653,0.009,0.338
CLUBS NINE DIAMONDS QUEEN,0.5862,0.007,0.4068
CLUBS EIGHT HEARTS TWO,0.6632,0.008,0.3288
CLUBS EIGHT DIAMONDS QUEEN,0.614,0.0062,0.3798
CLUBS FIVE DIAMONDS QUEEN,0.6234,0.0064,0.3702
CLUBS FIVE HEARTS TWO,0.6414,0.012,0.3466
SPADES EIGHT HEARTS ACE,0.3478,0.0052,0.647
DIAMONDS QUEEN CLUBS FOUR,0.6244,0.0068,0.3688
HEARTS TWO CLUBS FOUR,0.6506,0.012,0.3374
CLUBS SEVEN DIAMONDS QUEEN,0.7294,0.0412,0.2294
CLUBS SEVEN HEARTS TWO,0.7582,0.0406,0.2012
SPADES EIGHT HEARTS QUEEN,0.5856,0.0092,0.4052
CLUBS SIX DIAMONDS QUEEN,0.6318,0.0062,0.362
CLUBS SIX HEARTS TWO,0.662,0.0086,0.3294
SPADES EIGHT HEARTS KING,0.222,0.2346,0.5434
HEARTS TWO SPADES SIX,0.6698,0.0074,0.3228
DIAMONDS QUEEN SPADES SIX,0.6418,0.0052,0.353
HEARTS FOUR CLUBS QUEEN,0.6382,0.007,0.3548
DIAMONDS ACE CLUBS QUEEN,0.3568,0.003,0.6402
DIAMONDS QUEEN SPADES SEVEN,0.7276,0.033,0.2394
HEARTS TWO SPADES SEVEN,0.7366,0.046,0.2174
DIAMONDS QUEEN SPADES EIGHT,0.5862,0.0078,0.406
SPADES EIGHT HEARTS TWO,0.6468,0.0082,0.345
HEARTS FOUR CLUBS ACE,0.3946,0.0064,0.599
DIAMONDS ACE CLUBS ACE,0.1184,0.0028,0.8788
SPADES NINE DIAMONDS QUEEN,0.5772,0.0062,0.4166
SPADES NINE HEARTS TWO,0.6334,0.0088,0.3578
HEARTS TWO SPADES TWO,0.4598,0.0158,0.5244
DIAMONDS QUEEN SPADES TWO,0.6364,0.0068,0.3568
HEARTS TWO SPADES THREE,0.6616,0.01,0.3284
DIAMONDS QUEEN SPADES THREE,0.6294,0.0062,0.3644
HEARTS TWO SPADES FOUR,0.658,0.0086,0.3334
DIAMONDS QUEEN SPADES FOUR,0.6236,0.0062,0.3702
HEARTS FOUR CLUBS TEN,0.6356,0.008,0.3564
CLUBS TEN DIAMONDS ACE,0.3524,0.003,0.6446
HEARTS TWO SPADES FIVE,0.6556,0.0076,0.3368
DIAMONDS QUEEN SPADES FIVE,0.6234,0.006,0.3706
HEARTS FOUR CLUBS JACK,0.642,0.0088,0.3492
DIAMONDS ACE CLUBS JACK,0.3538,0.0054,0.6408
CLUBS FIVE CLUBS QUEEN,0.593,0.0062,0.4008
CLUBS FIVE CLUBS ACE,0.3724,0.0044,0.6232
CLUBS FIVE CLUBS JACK,0.601,0.0082,0.3908
CLUBS TEN CLUBS FIVE,0.6064,0.0072,0.3864
SPADES KING CLUBS JACK,0.2382,0.0912,0.6706
SPADES QUEEN CLUBS JACK,0.5616,0.0054,0.433
SPADES ACE CLUBS JACK,0.3464,0.0046,0.649
SPADES SIX CLUBS QUEEN,0.6408,0.0062,0.353
SPADES EIGHT HEARTS JACK,0.586,0.0062,0.4078
SPADES SIX CLUBS ACE,0.3976,0.003,0.5994
SPADES EIGHT HEARTS TEN,0.582,0.007,0.411
SPADES SIX CLUBS JACK,0.6294,0.0076,0.363
CLUBS TEN SPADES SIX,0.6312,0.0072,0.3616
SPADES TEN CLUBS JACK,0.5516,0.007,0.4414
SPADES JACK CLUBS JACK,0.3036,0.0044,0.692
SPADES QUEEN CLUBS SEVEN,0.7394,0.03,0.2306
SPADES KING CLUBS SEVEN,0.0194,0.9684,0.0122
SPADES ACE CLUBS SEVEN,0.2332,0.0266,0.7402
SPADES SIX HEARTS TEN,0.6146,0.006,0.3794
SPADES SIX HEARTS JACK,0.634,0.0072,0.3588
SPADES SIX HEARTS ACE,0.3888,0.0034,0.6078
SPADES SIX HEARTS KING,0.4576,0.308,0.2344
SPADES SIX HEARTS QUEEN,0.6326,0.0072,0.3602
CLUBS SEVEN SPADES JACK,0.7184,0.0354,0.2462
CLUBS SEVEN SPADES TEN,0.6992,0.0368,0.264
CLUBS TEN HEARTS SIX,0.639,0.008,0.353
HEARTS SIX CLUBS JACK,0.6442,0.0062,0.3496
CLUBS ACE CLUBS JACK,0.3286,0.0038,0.6676
HEARTS SIX CLUBS QUEEN,0.6512,0.005,0.3438
HEARTS SIX CLUBS ACE,0.386,0.005,0.609
CLUBS QUEEN CLUBS JACK,0.5296,0.0066,0.4638
DIAMONDS THREE HEARTS ACE,0.3886,0.0052,0.6062
DIAMONDS THREE HEARTS QUEEN,0.6164,0.008,0.3756
DIAMONDS THREE HEARTS KING,0.4702,0.3028,0.227
CLUBS FIVE HEARTS JACK,0.6122,0.0074,0.3804
SPADES TEN DIAMONDS ACE,0.3454,0.0028,0.6518
HEARTS FOUR SPADES TEN,0.622,0.0086,0.3694
CLUBS FIVE HEARTS TEN,0.6286,0.0084,0.363
HEARTS FOUR SPADES JACK,0.628,0.007,0.365
SPADES JACK DIAMONDS ACE,0.3502,0.002,0.6478
SPADES ACE HEARTS FOUR,0.4082,0.005,0.5868
SPADES ACE DIAMONDS ACE,0.125,0.0016,0.8734
CLUBS FIVE HEARTS ACE,0.3878,0.0048,0.6074
CLUBS FIVE HEARTS KING,0.47,0.304,0.226
HEARTS FOUR SPADES QUEEN,0.631,0.006,0.363
SPADES QUEEN DIAMONDS ACE,0.3468,0.002,0.6512
SPADES FOUR CLUBS JACK,0.6316,0.008,0.3604
CLUBS FIVE HEARTS QUEEN,0.6356,0.0066,0.3578
SPADES KING DIAMONDS ACE,0.237,0.0124,0.7506
HEARTS FOUR SPADES KING,0.4684,0.3014,0.2302
CLUBS TEN SPADES FOUR,0.6366,0.0074,0.356
DIAMONDS QUEEN DIAMONDS ACE,0.3292,0.0032,0.6676
HEARTS TWO DIAMONDS ACE,0.4112,0.0034,0.5854
HEARTS FOUR DIAMONDS QUEEN,0.6354,0.0066,0.358
HEARTS FOUR HEARTS TWO,0.6192,0.0082,0.3726
DIAMONDS THREE HEARTS TEN,0.6354,0.0072,0.3574
HEARTS FIVE DIAMONDS QUEEN,0.6418,0.0058,0.3524
HEARTS FIVE HEARTS TWO,0.6236,0.0072,0.3692
DIAMONDS THREE HEARTS JACK,0.6348,0.0064,0.3588
SPADES FOUR CLUBS QUEEN,0.629,0.008,0.363
DIAMONDS QUEEN HEARTS TWO,0.6484,0.0072,0.3444
DIAMONDS KING DIAMONDS QUEEN,0.2104,0.0626,0.727
DIAMONDS KING HEARTS TWO,0.48,0.2954,0.2246
HEARTS THREE DIAMONDS QUEEN,0.6356,0.0078,0.3566
HEARTS THREE HEARTS TWO,0.6188,0.007,0.3742
SPADES FOUR CLUBS ACE,0.3868,0.0044,0.6088
HEARTS TWO CLUBS ACE,0.3986,0.0054,0.596
DIAMONDS QUEEN CLUBS ACE,0.352,0.0054,0.6426
HEARTS TWO CLUBS QUEEN,0.6386,0.0094,0.352
DIAMONDS QUEEN CLUBS QUEEN,0.2818,0.0034,0.7148
SPADES EIGHT SPADES FIVE,0.576,0.0058,0.4182
CLUBS TEN HEARTS TWO,0.634,0.0086,0.3574
CLUBS TEN DIAMONDS QUEEN,0.5626,0.0064,0.431
SPADES NINE SPADES FIVE,0.5868,0.0074,0.4058
HEARTS TWO CLUBS JACK,0.6538,0.0106,0.3356
DIAMONDS QUEEN CLUBS JACK,0.5646,0.0056,0.4298
SPADES SIX SPADES FIVE,0.5718,0.0084,0.4198
SPADES SEVEN SPADES FIVE,0.6404,0.0374,0.3222
DIAMONDS FIVE CLUBS QUEEN,0.6252,0.0074,0.3674
SPADES EIGHT CLUBS ACE,0.3678,0.003,0.6292
DIAMONDS FIVE CLUBS ACE,0.3792,0.005,0.6158
SPADES EIGHT CLUBS QUEEN,0.5868,0.007,0.4062
SPADES EIGHT CLUBS JACK,0.5758,0.0058,0.4184
CLUBS TEN SPADES EIGHT,0.5728,0.0062,0.421
CLUBS TEN DIAMONDS FIVE,0.6404,0.0086,0.351
DIAMONDS FIVE CLUBS JACK,0.6392,0.006,0.3548
DIAMONDS TEN HEARTS JACK,0.551,0.0066,0.4424
DIAMONDS TEN HEARTS TEN,0.3042,0.0076,0.6882
SPADES ACE CLUBS NINE,0.3598,0.0036,0.6366
