opposingHand,winningChance,drawChance,lostChance
HEARTS FIVE CLUBS QUEEN
SPADES FIVE CLUBS JACK,0.7178,0.051,0.2312
CLUBS TEN SPADES FIVE,0.7158,0.056,0.2282
CLUBS EIGHT CLUBS JACK,0.5494,0.01,0.4406
CLUBS TEN CLUBS EIGHT,0.523,0.0082,0.4688
CLUBS EIGHT CLUBS KING,0.3604,0.008,0.6316
SPADES FIVE CLUBS ACE,0.218,0.0294,0.7526
SPADES FIVE CLUBS KING,0.235,0.0438,0.7212
CLUBS EIGHT CLUBS ACE,0.3382,0.0052,0.6566
DIAMONDS TWO DIAMONDS THREE,0.602,0.0126,0.3854
DIAMONDS TWO DIAMONDS FIVE,0.6454,0.0534,0.3012
DIAMONDS TWO DIAMONDS FOUR,0.6052,0.0128,0.382
DIAMONDS TWO DIAMONDS SEVEN,0.6014,0.0168,0.3818
DIAMONDS TWO DIAMONDS SIX,0.5872,0.0136,0.3992
DIAMONDS TWO DIAMONDS NINE,0.5894,0.0138,0.3968
DIAMONDS TWO DIAMONDS EIGHT,0.5918,0.014,0.3942
DIAMONDS THREE DIAMONDS FOUR,0.5846,0.0138,0.4016
CLUBS TWO SPADES FOUR,0.6464,0.017,0.3366
DIAMONDS THREE DIAMONDS FIVE,0.6276,0.048,0.3244
SPADES FIVE CLUBS TWO,0.6972,0.0514,0.2514
CLUBS TWO SPADES TWO,0.4312,0.0338,0.535
CLUBS TWO SPADES THREE,0.6498,0.0122,0.338
DIAMONDS THREE DIAMONDS EIGHT,0.5996,0.0114,0.389
SPADES EIGHT CLUBS TWO,0.6318,0.0144,0.3538
DIAMONDS THREE DIAMONDS NINE,0.592,0.0116,0.3964
SPADES NINE CLUBS TWO,0.6346,0.0122,0.3532
DIAMONDS THREE DIAMONDS SIX,0.5692,0.0128,0.418
SPADES SIX CLUBS TWO,0.635,0.0126,0.3524
DIAMONDS THREE DIAMONDS SEVEN,0.587,0.0106,0.4024
SPADES SEVEN CLUBS TWO,0.6464,0.0112,0.3424
CLUBS SIX CLUBS TWO,0.5998,0.0124,0.3878
CLUBS SEVEN CLUBS TWO,0.6094,0.0134,0.3772
CLUBS FOUR CLUBS TWO,0.6152,0.0152,0.3696
CLUBS FIVE CLUBS TWO,0.664,0.0536,0.2824
CLUBS TEN CLUBS JACK,0.507,0.0092,0.4838
DIAMONDS FOUR DIAMONDS SIX,0.571,0.0116,0.4174
DIAMONDS FOUR DIAMONDS SEVEN,0.5682,0.0126,0.4192
CLUBS TEN CLUBS KING,0.336,0.0064,0.6576
CLUBS TEN CLUBS ACE,0.333,0.007,0.66
CLUBS EIGHT CLUBS TWO,0.6128,0.0146,0.3726
DIAMONDS FIVE DIAMONDS FOUR,0.6164,0.043,0.3406
CLUBS NINE CLUBS TWO,0.609,0.0154,0.3756
DIAMONDS NINE DIAMONDS FOUR,0.5946,0.009,0.3964
DIAMONDS EIGHT DIAMONDS FOUR,0.5854,0.0124,0.4022
CLUBS THREE CLUBS TWO,0.611,0.0158,0.3732
DIAMONDS NINE DIAMONDS FIVE,0.651,0.0484,0.3006
DIAMONDS TWO CLUBS JACK,0.6382,0.0132,0.3486
DIAMONDS EIGHT DIAMONDS FIVE,0.6258,0.0436,0.3306
CLUBS TEN DIAMONDS TWO,0.629,0.0086,0.3624
DIAMONDS FIVE DIAMONDS SEVEN,0.6314,0.0422,0.3264
DIAMONDS FIVE DIAMONDS SIX,0.6264,0.0438,0.3298
DIAMONDS TWO CLUBS ACE,0.3804,0.005,0.6146
DIAMONDS TWO CLUBS KING,0.3926,0.0086,0.5988
DIAMONDS EIGHT DIAMONDS SIX,0.54,0.0124,0.4476
DIAMONDS NINE DIAMONDS SIX,0.5586,0.0092,0.4322
HEARTS ACE SPADES THREE,0.3778,0.0056,0.6166
SPADES THREE HEARTS KING,0.4036,0.0098,0.5866
DIAMONDS SEVEN DIAMONDS SIX,0.534,0.0108,0.4552
HEARTS QUEEN SPADES THREE,0.3144,0.4512,0.2344
SPADES THREE HEARTS JACK,0.6246,0.011,0.3644
SPADES THREE HEARTS TEN,0.6226,0.0144,0.363
DIAMONDS EIGHT DIAMONDS SEVEN,0.531,0.0108,0.4582
DIAMONDS NINE DIAMONDS SEVEN,0.526,0.0102,0.4638
DIAMONDS NINE DIAMONDS EIGHT,0.5086,0.0082,0.4832
DIAMONDS KING HEARTS TEN,0.3332,0.007,0.6598
HEARTS THREE HEARTS TEN,0.6038,0.0124,0.3838
SPADES JACK CLUBS SIX,0.621,0.014,0.365
DIAMONDS KING HEARTS JACK,0.3404,0.007,0.6526
HEARTS THREE HEARTS JACK,0.6002,0.0138,0.386
SPADES TEN CLUBS SIX,0.5894,0.014,0.3966
SPADES JACK SPADES FIVE,0.663,0.043,0.294
SPADES TEN SPADES FIVE,0.664,0.0474,0.2886
DIAMONDS KING HEARTS ACE,0.3214,0.0056,0.673
HEARTS THREE HEARTS ACE,0.364,0.0046,0.6314
SPADES ACE CLUBS SIX,0.3716,0.0042,0.6242
DIAMONDS KING HEARTS QUEEN,0.2298,0.0298,0.7404
HEARTS THREE HEARTS QUEEN,0.3162,0.4278,0.256
SPADES KING CLUBS SIX,0.371,0.0098,0.6192
DIAMONDS KING HEARTS KING,0.1382,0.0046,0.8572
HEARTS THREE HEARTS KING,0.388,0.0064,0.6056
SPADES QUEEN CLUBS SIX,0.2252,0.3896,0.3852
SPADES NINE HEARTS TEN,0.5386,0.0106,0.4508
SPADES NINE HEARTS JACK,0.5542,0.0086,0.4372
SPADES QUEEN SPADES FIVE,0.0226,0.9088,0.0686
SPADES KING SPADES FIVE,0.2188,0.0314,0.7498
SPADES ACE SPADES FIVE,0.2284,0.0256,0.746
SPADES NINE HEARTS QUEEN,0.227,0.1638,0.6092
SPADES NINE HEARTS KING,0.344,0.0082,0.6478
SPADES NINE HEARTS ACE,0.3606,0.0044,0.635
CLUBS TEN SPADES JACK,0.5394,0.0094,0.4512
CLUBS TEN SPADES TEN,0.294,0.0164,0.6896
SPADES ACE CLUBS TEN,0.3516,0.006,0.6424
SPADES KING CLUBS TEN,0.351,0.0072,0.6418
CLUBS TEN SPADES QUEEN,0.2288,0.113,0.6582
SPADES FIVE HEARTS QUEEN,0.0094,0.9724,0.0182
SPADES FIVE HEARTS KING,0.2418,0.0414,0.7168
HEARTS ACE SPADES FIVE,0.2274,0.0298,0.7428
CLUBS EIGHT SPADES TEN,0.56,0.0112,0.4288
HEARTS THREE SPADES JACK,0.6454,0.0116,0.343
SPADES JACK DIAMONDS KING,0.347,0.007,0.646
SPADES TEN DIAMONDS KING,0.3524,0.0066,0.641
HEARTS THREE SPADES TEN,0.6314,0.0132,0.3554
SPADES JACK CLUBS EIGHT,0.5698,0.0086,0.4216
CLUBS SIX HEARTS ACE,0.3744,0.0052,0.6204
SPADES ACE CLUBS EIGHT,0.3796,0.0038,0.6166
CLUBS SIX HEARTS QUEEN,0.2188,0.3956,0.3856
SPADES QUEEN CLUBS EIGHT,0.2408,0.2208,0.5384
CLUBS TEN SPADES THREE,0.6292,0.0116,0.3592
CLUBS SIX HEARTS KING,0.3512,0.0084,0.6404
SPADES KING CLUBS EIGHT,0.359,0.007,0.634
SPADES THREE CLUBS JACK,0.6538,0.0122,0.334
DIAMONDS TWO HEARTS JACK,0.6206,0.0112,0.3682
DIAMONDS TWO HEARTS TEN,0.6342,0.012,0.3538
SPADES THREE CLUBS KING,0.3922,0.007,0.6008
SPADES FIVE HEARTS TEN,0.7012,0.0466,0.2522
SPADES THREE CLUBS ACE,0.3842,0.0054,0.6104
SPADES FIVE HEARTS JACK,0.7112,0.0556,0.2332
HEARTS THREE CLUBS KING,0.4008,0.0072,0.592
DIAMONDS KING CLUBS KING,0.1392,0.0046,0.8562
HEARTS THREE CLUBS ACE,0.3724,0.0052,0.6224
DIAMONDS KING CLUBS ACE,0.3224,0.0042,0.6734
HEARTS THREE CLUBS JACK,0.6404,0.0116,0.348
DIAMONDS KING CLUBS JACK,0.349,0.0054,0.6456
CLUBS TEN HEARTS THREE,0.652,0.0082,0.3398
CLUBS TEN DIAMONDS KING,0.341,0.0064,0.6526
CLUBS SIX CLUBS KING,0.332,0.0074,0.6606
CLUBS SIX CLUBS ACE,0.3364,0.0048,0.6588
CLUBS TEN CLUBS SIX,0.5694,0.0108,0.4198
CLUBS SIX CLUBS JACK,0.5754,0.0116,0.413
SPADES SEVEN HEARTS JACK,0.5782,0.0116,0.4102
SPADES SEVEN HEARTS TEN,0.5666,0.01,0.4234
DIAMONDS TWO CLUBS TWO,0.4358,0.0352,0.529
DIAMONDS TWO CLUBS THREE,0.6554,0.0156,0.329
DIAMONDS TWO HEARTS SIX,0.6162,0.0122,0.3716
DIAMONDS TWO HEARTS QUEEN,0.3318,0.4538,0.2144
HEARTS SEVEN DIAMONDS TWO,0.6472,0.0118,0.341
DIAMONDS TWO HEARTS KING,0.3772,0.012,0.6108
DIAMONDS TWO HEARTS EIGHT,0.6364,0.0098,0.3538
DIAMONDS TWO HEARTS ACE,0.391,0.0056,0.6034
DIAMONDS TWO HEARTS NINE,0.6298,0.0136,0.3566
DIAMONDS TWO DIAMONDS QUEEN,0.3082,0.4208,0.271
DIAMONDS TWO HEARTS TWO,0.4364,0.0346,0.529
DIAMONDS TWO DIAMONDS KING,0.366,0.0078,0.6262
HEARTS THREE DIAMONDS TWO,0.655,0.0166,0.3284
DIAMONDS TWO DIAMONDS ACE,0.376,0.0048,0.6192
HEARTS FOUR DIAMONDS TWO,0.6512,0.0136,0.3352
SPADES SEVEN HEARTS ACE,0.3576,0.0038,0.6386
DIAMONDS TWO DIAMONDS TEN,0.5816,0.0112,0.4072
SPADES SEVEN HEARTS KING,0.3452,0.006,0.6488
DIAMONDS TWO DIAMONDS JACK,0.5958,0.0126,0.3916
SPADES SEVEN HEARTS QUEEN,0.2318,0.2984,0.4698
DIAMONDS TWO SPADES NINE,0.632,0.0152,0.3528
DIAMONDS TWO SPADES EIGHT,0.6322,0.0138,0.354
DIAMONDS TWO SPADES SEVEN,0.6368,0.0142,0.349
DIAMONDS TWO SPADES SIX,0.6364,0.0118,0.3518
DIAMONDS TWO SPADES FIVE,0.6918,0.0524,0.2558
DIAMONDS TWO SPADES FOUR,0.6304,0.0136,0.356
DIAMONDS TWO SPADES THREE,0.6484,0.016,0.3356
DIAMONDS TWO SPADES TWO,0.4272,0.026,0.5468
CLUBS NINE DIAMONDS TWO,0.6294,0.015,0.3556
DIAMONDS TWO CLUBS EIGHT,0.6398,0.0148,0.3454
CLUBS SEVEN DIAMONDS TWO,0.6342,0.014,0.3518
DIAMONDS TWO CLUBS SIX,0.6348,0.0136,0.3516
DIAMONDS TWO CLUBS FIVE,0.6964,0.0522,0.2514
DIAMONDS TWO CLUBS FOUR,0.6406,0.0164,0.343
CLUBS FOUR SPADES FIVE,0.6594,0.0544,0.2862
CLUBS FOUR SPADES FOUR,0.4182,0.0306,0.5512
CLUBS FOUR SPADES THREE,0.629,0.0142,0.3568
CLUBS FOUR SPADES TWO,0.6458,0.0154,0.3388
SPADES NINE CLUBS FOUR,0.6358,0.0126,0.3516
SPADES EIGHT CLUBS FOUR,0.6124,0.0128,0.3748
SPADES SEVEN CLUBS FOUR,0.6162,0.0136,0.3702
CLUBS FOUR SPADES SIX,0.6078,0.0126,0.3796
SPADES ACE DIAMONDS SIX,0.3526,0.0036,0.6438
SPADES QUEEN DIAMONDS SIX,0.2242,0.3932,0.3826
SPADES KING DIAMONDS SIX,0.3824,0.0072,0.6104
SPADES TEN DIAMONDS SIX,0.5834,0.0116,0.405
SPADES JACK DIAMONDS SIX,0.6068,0.01,0.3832
SPADES QUEEN SPADES TWO,0.2974,0.4376,0.265
SPADES KING SPADES TWO,0.3788,0.007,0.6142
SPADES ACE SPADES TWO,0.36,0.0054,0.6346
DIAMONDS JACK CLUBS JACK,0.289,0.0074,0.7036
CLUBS TEN DIAMONDS JACK,0.5386,0.01,0.4514
DIAMONDS JACK CLUBS KING,0.3504,0.0066,0.643
DIAMONDS THREE DIAMONDS JACK,0.5868,0.0122,0.401
DIAMONDS THREE DIAMONDS TEN,0.5932,0.0118,0.395
DIAMONDS JACK CLUBS ACE,0.3462,0.0036,0.6502
DIAMONDS THREE DIAMONDS KING,0.374,0.0086,0.6174
HEARTS THREE DIAMONDS THREE,0.4336,0.031,0.5354
DIAMONDS THREE DIAMONDS QUEEN,0.2952,0.4516,0.2532
DIAMONDS THREE HEARTS TWO,0.6448,0.0122,0.343
DIAMONDS THREE DIAMONDS ACE,0.3664,0.0054,0.6282
HEARTS FOUR DIAMONDS THREE,0.6332,0.0166,0.3502
HEARTS SEVEN DIAMONDS THREE,0.6264,0.011,0.3626
SPADES TEN SPADES NINE,0.5036,0.0102,0.4862
HEARTS SIX DIAMONDS THREE,0.6174,0.0144,0.3682
SPADES JACK SPADES NINE,0.5308,0.0094,0.4598
DIAMONDS THREE HEARTS NINE,0.6226,0.0108,0.3666
HEARTS JACK DIAMONDS FOUR,0.628,0.0098,0.3622
HEARTS ACE HEARTS KING,0.3066,0.0046,0.6888
SPADES TEN SPADES TWO,0.5772,0.0108,0.412
DIAMONDS THREE HEARTS EIGHT,0.6156,0.0162,0.3682
HEARTS TEN DIAMONDS FOUR,0.6266,0.0122,0.3612
SPADES JACK SPADES TWO,0.588,0.0104,0.4016
HEARTS QUEEN DIAMONDS FOUR,0.3116,0.4648,0.2236
HEARTS KING DIAMONDS FOUR,0.3774,0.0092,0.6134
SPADES ACE SPADES NINE,0.3294,0.005,0.6656
HEARTS ACE DIAMONDS FOUR,0.3702,0.0044,0.6254
SPADES KING SPADES NINE,0.3326,0.0064,0.661
SPADES QUEEN SPADES NINE,0.2252,0.1472,0.6276
DIAMONDS THREE SPADES NINE,0.628,0.012,0.36
DIAMONDS THREE SPADES EIGHT,0.6304,0.0134,0.3562
DIAMONDS THREE SPADES SEVEN,0.6358,0.0144,0.3498
DIAMONDS THREE SPADES SIX,0.6142,0.0134,0.3724
DIAMONDS THREE CLUBS SIX,0.6186,0.0152,0.3662
CLUBS FIVE CLUBS SIX,0.6326,0.0424,0.325
CLUBS ACE DIAMONDS FOUR,0.3812,0.0038,0.615
CLUBS SEVEN DIAMONDS THREE,0.6314,0.014,0.3546
CLUBS SEVEN CLUBS FIVE,0.6588,0.0444,0.2968
DIAMONDS THREE CLUBS FOUR,0.63,0.0128,0.3572
DIAMONDS THREE CLUBS FIVE,0.6746,0.0536,0.2718
DIAMONDS FOUR CLUBS KING,0.387,0.01,0.603
DIAMONDS THREE CLUBS TWO,0.6384,0.0148,0.3468
CLUBS TEN DIAMONDS FOUR,0.6198,0.0116,0.3686
DIAMONDS THREE CLUBS THREE,0.4378,0.0294,0.5328
DIAMONDS FOUR CLUBS JACK,0.641,0.0116,0.3474
DIAMONDS THREE SPADES FOUR,0.6252,0.0152,0.3596
DIAMONDS THREE SPADES FIVE,0.6668,0.053,0.2802
DIAMONDS THREE SPADES TWO,0.652,0.0132,0.3348
DIAMONDS THREE SPADES THREE,0.4068,0.0308,0.5624
CLUBS EIGHT DIAMONDS THREE,0.6376,0.0092,0.3532
CLUBS NINE DIAMONDS THREE,0.6362,0.0132,0.3506
SPADES SEVEN CLUBS ACE,0.3644,0.0044,0.6312
SPADES SEVEN CLUBS KING,0.352,0.0078,0.6402
CLUBS FIVE SPADES SEVEN,0.6854,0.0492,0.2654
CLUBS TEN SPADES SEVEN,0.5742,0.012,0.4138
CLUBS FIVE SPADES SIX,0.6672,0.0456,0.2872
SPADES SEVEN CLUBS JACK,0.5868,0.0106,0.4026
CLUBS FIVE SPADES NINE,0.7004,0.048,0.2516
CLUBS FIVE SPADES EIGHT,0.6866,0.0468,0.2666
CLUBS FIVE SPADES THREE,0.6854,0.0562,0.2584
CLUBS FIVE SPADES TWO,0.6938,0.0518,0.2544
CLUBS FIVE SPADES FIVE,0.3088,0.0346,0.6566
CLUBS FIVE SPADES FOUR,0.667,0.0566,0.2764
CLUBS NINE CLUBS FIVE,0.665,0.0504,0.2846
CLUBS EIGHT CLUBS FIVE,0.6606,0.0472,0.2922
DIAMONDS TEN DIAMONDS FOUR,0.5844,0.0132,0.4024
CLUBS TEN DIAMONDS NINE,0.5512,0.0122,0.4366
DIAMONDS JACK DIAMONDS FOUR,0.5874,0.01,0.4026
DIAMONDS NINE CLUBS JACK,0.5584,0.0114,0.4302
SPADES NINE CLUBS JACK,0.5632,0.0118,0.425
CLUBS TEN SPADES NINE,0.5408,0.0106,0.4486
DIAMONDS ACE DIAMONDS FOUR,0.3518,0.0034,0.6448
HEARTS FOUR DIAMONDS FOUR,0.4068,0.0288,0.5644
DIAMONDS JACK HEARTS TEN,0.5424,0.0096,0.448
SPADES NINE CLUBS KING,0.3482,0.0074,0.6444
DIAMONDS TWO SPADES TEN,0.6248,0.0126,0.3626
DIAMONDS NINE CLUBS ACE,0.3646,0.0046,0.6308
DIAMONDS JACK HEARTS JACK,0.2776,0.0098,0.7126
DIAMONDS TWO SPADES JACK,0.637,0.013,0.35
DIAMONDS QUEEN DIAMONDS FOUR,0.3066,0.4168,0.2766
HEARTS TWO DIAMONDS FOUR,0.641,0.0148,0.3442
DIAMONDS KING DIAMONDS FOUR,0.375,0.0064,0.6186
HEARTS THREE DIAMONDS FOUR,0.631,0.0136,0.3554
SPADES NINE CLUBS ACE,0.3626,0.0038,0.6336
DIAMONDS NINE CLUBS KING,0.352,0.0056,0.6424
HEARTS ACE DIAMONDS JACK,0.3486,0.0042,0.6472
SPADES ACE DIAMONDS TWO,0.3858,0.0058,0.6084
HEARTS QUEEN DIAMONDS JACK,0.24,0.089,0.671
SPADES QUEEN DIAMONDS TWO,0.3064,0.4718,0.2218
DIAMONDS JACK HEARTS KING,0.351,0.005,0.644
SPADES KING DIAMONDS TWO,0.4012,0.0072,0.5916
SPADES JACK SPADES SEVEN,0.5526,0.0106,0.4368
SPADES TEN SPADES SEVEN,0.5412,0.0124,0.4464
CLUBS SEVEN CLUBS THREE,0.6076,0.0102,0.3822
CLUBS SIX CLUBS THREE,0.5848,0.0124,0.4028
CLUBS FIVE CLUBS THREE,0.654,0.0476,0.2984
CLUBS THREE CLUBS FOUR,0.6044,0.0134,0.3822
CLUBS NINE CLUBS THREE,0.6086,0.0134,0.378
CLUBS EIGHT CLUBS THREE,0.6144,0.0124,0.3732
CLUBS THREE SPADES FIVE,0.6818,0.0506,0.2676
CLUBS THREE SPADES FOUR,0.6322,0.0114,0.3564
CLUBS THREE SPADES THREE,0.4312,0.0344,0.5344
CLUBS THREE SPADES TWO,0.6618,0.0144,0.3238
CLUBS THREE SPADES SIX,0.624,0.0152,0.3608
CLUBS THREE SPADES SEVEN,0.6262,0.0114,0.3624
SPADES EIGHT CLUBS THREE,0.629,0.0122,0.3588
SPADES NINE CLUBS THREE,0.6396,0.015,0.3454
SPADES TWO DIAMONDS FOUR,0.6396,0.0158,0.3446
SPADES THREE DIAMONDS FOUR,0.6378,0.0152,0.347
SPADES FOUR DIAMONDS FOUR,0.4206,0.032,0.5474
SPADES FIVE DIAMONDS FOUR,0.6586,0.0508,0.2906
SPADES SIX DIAMONDS FOUR,0.6172,0.0094,0.3734
SPADES SEVEN DIAMONDS FOUR,0.6182,0.011,0.3708
SPADES EIGHT DIAMONDS FOUR,0.629,0.0102,0.3608
SPADES NINE DIAMONDS FOUR,0.6272,0.0118,0.361
CLUBS FIVE DIAMONDS FOUR,0.6658,0.0488,0.2854
CLUBS FOUR DIAMONDS FOUR,0.4172,0.0342,0.5486
CLUBS SEVEN DIAMONDS FOUR,0.6208,0.0114,0.3678
CLUBS SIX DIAMONDS FOUR,0.6148,0.0138,0.3714
CLUBS NINE DIAMONDS FOUR,0.6256,0.0142,0.3602
CLUBS EIGHT DIAMONDS FOUR,0.6184,0.0128,0.3688
HEARTS SEVEN DIAMONDS FOUR,0.6126,0.0128,0.3746
HEARTS SIX DIAMONDS FOUR,0.5988,0.0136,0.3876
DIAMONDS FOUR HEARTS NINE,0.6246,0.0114,0.364
DIAMONDS FOUR HEARTS EIGHT,0.6164,0.012,0.3716
CLUBS THREE DIAMONDS FOUR,0.6322,0.014,0.3538
CLUBS TWO DIAMONDS FOUR,0.6462,0.0156,0.3382
DIAMONDS TEN DIAMONDS FIVE,0.6658,0.0482,0.286
DIAMONDS JACK DIAMONDS FIVE,0.6692,0.0508,0.28
DIAMONDS NINE HEARTS QUEEN,0.2176,0.1706,0.6118
DIAMONDS NINE HEARTS KING,0.3546,0.0042,0.6412
HEARTS ACE DIAMONDS NINE,0.3616,0.006,0.6324
DIAMONDS NINE HEARTS TEN,0.5484,0.0124,0.4392
DIAMONDS NINE HEARTS JACK,0.558,0.0112,0.4308
CLUBS KING DIAMONDS SIX,0.3544,0.0064,0.6392
CLUBS ACE DIAMONDS SIX,0.3588,0.003,0.6382
SPADES KING DIAMONDS FOUR,0.388,0.0074,0.6046
SPADES ACE SPADES SEVEN,0.3312,0.0044,0.6644
SPADES QUEEN DIAMONDS FOUR,0.3214,0.4582,0.2204
SPADES QUEEN SPADES SEVEN,0.2134,0.2874,0.4992
CLUBS JACK DIAMONDS SIX,0.6112,0.0096,0.3792
SPADES KING SPADES SEVEN,0.3514,0.0064,0.6422
SPADES ACE DIAMONDS FOUR,0.3836,0.0044,0.612
CLUBS TEN DIAMONDS SIX,0.5826,0.0102,0.4072
CLUBS NINE CLUBS FOUR,0.6052,0.012,0.3828
CLUBS EIGHT CLUBS FOUR,0.5916,0.0126,0.3958
SPADES JACK DIAMONDS FOUR,0.629,0.0112,0.3598
SPADES TEN DIAMONDS FOUR,0.6322,0.0116,0.3562
CLUBS FIVE CLUBS FOUR,0.641,0.0528,0.3062
CLUBS SEVEN CLUBS FOUR,0.5854,0.012,0.4026
CLUBS SIX CLUBS FOUR,0.5816,0.0136,0.4048
CLUBS SEVEN SPADES EIGHT,0.5696,0.0112,0.4192
CLUBS SEVEN SPADES NINE,0.5684,0.0114,0.4202
CLUBS SEVEN SPADES SIX,0.564,0.012,0.424
CLUBS SEVEN SPADES SEVEN,0.3154,0.0264,0.6582
CLUBS SEVEN SPADES FIVE,0.6818,0.0442,0.274
CLUBS SEVEN SPADES FOUR,0.6204,0.013,0.3666
CLUBS SEVEN SPADES THREE,0.6328,0.0132,0.354
CLUBS SEVEN SPADES TWO,0.649,0.0162,0.3348
CLUBS NINE CLUBS SEVEN,0.5486,0.0126,0.4388
CLUBS SEVEN CLUBS EIGHT,0.5338,0.0124,0.4538
HEARTS SIX DIAMONDS FIVE,0.6738,0.0436,0.2826
HEARTS SEVEN DIAMONDS FIVE,0.6656,0.0466,0.2878
DIAMONDS FIVE HEARTS EIGHT,0.6834,0.0516,0.265
DIAMONDS FIVE HEARTS NINE,0.6908,0.056,0.2532
DIAMONDS QUEEN DIAMONDS FIVE,0.0246,0.8994,0.076
HEARTS TWO DIAMONDS FIVE,0.6908,0.0482,0.261
HEARTS KING HEARTS EIGHT,0.3484,0.0068,0.6448
DIAMONDS KING DIAMONDS FIVE,0.2192,0.036,0.7448
HEARTS THREE DIAMONDS FIVE,0.6746,0.052,0.2734
HEARTS QUEEN HEARTS EIGHT,0.2284,0.2034,0.5682
DIAMONDS ACE DIAMONDS FIVE,0.2256,0.0254,0.749
HEARTS FOUR DIAMONDS FIVE,0.6572,0.0522,0.2906
HEARTS ACE HEARTS EIGHT,0.3426,0.0042,0.6532
CLUBS FOUR DIAMONDS FIVE,0.667,0.0508,0.2822
CLUBS FIVE DIAMONDS FIVE,0.2976,0.0392,0.6632
CLUBS SIX DIAMONDS FIVE,0.6606,0.048,0.2914
CLUBS SEVEN DIAMONDS FIVE,0.6844,0.0486,0.267
CLUBS TWO DIAMONDS FIVE,0.7122,0.0486,0.2392
CLUBS THREE DIAMONDS FIVE,0.6738,0.0566,0.2696
SPADES THREE DIAMONDS FIVE,0.6726,0.054,0.2734
SPADES TWO DIAMONDS FIVE,0.6914,0.049,0.2596
SPADES JACK DIAMONDS EIGHT,0.5726,0.0126,0.4148
SPADES FIVE DIAMONDS FIVE,0.2948,0.0364,0.6688
CLUBS TEN HEARTS JACK,0.5424,0.0106,0.447
SPADES TEN DIAMONDS EIGHT,0.5596,0.0086,0.4318
SPADES FOUR DIAMONDS FIVE,0.6626,0.0548,0.2826
HEARTS JACK CLUBS JACK,0.2882,0.0118,0.7
CLUBS NINE DIAMONDS FIVE,0.7152,0.0454,0.2394
HEARTS JACK CLUBS KING,0.347,0.0064,0.6466
CLUBS EIGHT DIAMONDS FIVE,0.6952,0.046,0.2588
CLUBS ACE HEARTS JACK,0.346,0.0064,0.6476
SPADES SEVEN DIAMONDS FIVE,0.6704,0.0476,0.282
SPADES KING DIAMONDS EIGHT,0.3616,0.0052,0.6332
SPADES QUEEN DIAMONDS EIGHT,0.2378,0.2186,0.5436
SPADES SIX DIAMONDS FIVE,0.6552,0.0454,0.2994
SPADES NINE DIAMONDS FIVE,0.6874,0.0468,0.2658
SPADES EIGHT DIAMONDS FIVE,0.6734,0.047,0.2796
SPADES ACE DIAMONDS EIGHT,0.362,0.0028,0.6352
DIAMONDS TEN DIAMONDS SIX,0.5446,0.0108,0.4446
HEARTS ACE DIAMONDS SEVEN,0.3636,0.0046,0.6318
DIAMONDS JACK DIAMONDS SIX,0.5564,0.01,0.4336
HEARTS QUEEN DIAMONDS SEVEN,0.2378,0.3028,0.4594
HEARTS KING DIAMONDS SEVEN,0.3614,0.0088,0.6298
DIAMONDS ACE DIAMONDS SIX,0.342,0.004,0.654
HEARTS FOUR DIAMONDS SIX,0.6044,0.015,0.3806
SPADES TWO HEARTS JACK,0.622,0.0116,0.3664
SPADES TWO HEARTS TEN,0.6342,0.014,0.3518
DIAMONDS QUEEN DIAMONDS SIX,0.2138,0.3662,0.42
HEARTS TWO DIAMONDS SIX,0.6364,0.0144,0.3492
DIAMONDS KING DIAMONDS SIX,0.337,0.0062,0.6568
HEARTS THREE DIAMONDS SIX,0.6162,0.0154,0.3684
HEARTS EIGHT DIAMONDS SIX,0.559,0.01,0.431
HEARTS NINE DIAMONDS SIX,0.5752,0.0156,0.4092
HEARTS SIX DIAMONDS SIX,0.3204,0.0254,0.6542
HEARTS SEVEN DIAMONDS SIX,0.5634,0.011,0.4256
HEARTS TEN DIAMONDS SEVEN,0.5674,0.0104,0.4222
CLUBS TWO DIAMONDS SIX,0.6348,0.0126,0.3526
HEARTS JACK DIAMONDS SEVEN,0.5898,0.0134,0.3968
CLUBS THREE DIAMONDS SIX,0.61,0.0112,0.3788
CLUBS SEVEN DIAMONDS SIX,0.5758,0.0092,0.415
DIAMONDS EIGHT CLUBS JACK,0.5742,0.0082,0.4176
CLUBS SIX DIAMONDS SIX,0.3312,0.026,0.6428
CLUBS TEN DIAMONDS EIGHT,0.561,0.0112,0.4278
CLUBS FIVE DIAMONDS SIX,0.671,0.045,0.284
CLUBS FOUR DIAMONDS SIX,0.61,0.0112,0.3788
HEARTS ACE HEARTS JACK,0.3294,0.005,0.6656
DIAMONDS EIGHT CLUBS ACE,0.349,0.0036,0.6474
HEARTS QUEEN HEARTS JACK,0.2378,0.0928,0.6694
DIAMONDS EIGHT CLUBS KING,0.3662,0.0072,0.6266
CLUBS NINE DIAMONDS SIX,0.5774,0.01,0.4126
HEARTS KING HEARTS JACK,0.327,0.0074,0.6656
CLUBS EIGHT DIAMONDS SIX,0.5778,0.0096,0.4126
SPADES TEN HEARTS KING,0.338,0.0074,0.6546
SPADES FIVE DIAMONDS SIX,0.6686,0.0402,0.2912
HEARTS ACE SPADES TWO,0.3872,0.0058,0.607
SPADES JACK HEARTS KING,0.3282,0.0116,0.6602
SPADES FOUR DIAMONDS SIX,0.6148,0.0102,0.375
SPADES THREE DIAMONDS SIX,0.6276,0.0144,0.358
HEARTS QUEEN SPADES TWO,0.314,0.463,0.223
SPADES ACE SPADES KING,0.3006,0.005,0.6944
HEARTS KING SPADES TWO,0.3982,0.0086,0.5932
SPADES TWO DIAMONDS SIX,0.6304,0.0136,0.356
HEARTS TEN HEARTS EIGHT,0.5318,0.0118,0.4564
SPADES NINE DIAMONDS SIX,0.5786,0.0122,0.4092
HEARTS JACK HEARTS EIGHT,0.5306,0.0082,0.4612
SPADES EIGHT DIAMONDS SIX,0.5782,0.012,0.4098
SPADES SEVEN DIAMONDS SIX,0.5664,0.0102,0.4234
SPADES SIX DIAMONDS SIX,0.3278,0.0292,0.643
SPADES KING HEARTS KING,0.1294,0.0038,0.8668
SPADES QUEEN HEARTS KING,0.238,0.0322,0.7298
CLUBS ACE CLUBS KING,0.3112,0.0034,0.6854
SPADES ACE HEARTS KING,0.3254,0.0042,0.6704
SPADES ACE HEARTS JACK,0.3444,0.0046,0.651
SPADES QUEEN HEARTS JACK,0.2462,0.097,0.6568
SPADES KING HEARTS JACK,0.3424,0.0042,0.6534
SPADES TEN DIAMONDS TEN,0.2878,0.0122,0.7
SPADES JACK DIAMONDS TEN,0.5428,0.0104,0.4468
SPADES ACE DIAMONDS TEN,0.3494,0.0038,0.6468
SPADES JACK HEARTS JACK,0.2882,0.0132,0.6986
SPADES TEN HEARTS JACK,0.5444,0.01,0.4456
SPADES QUEEN DIAMONDS TEN,0.2344,0.1178,0.6478
SPADES KING DIAMONDS TEN,0.3366,0.0058,0.6576
SPADES NINE DIAMONDS SEVEN,0.5584,0.0078,0.4338
SPADES EIGHT DIAMONDS SEVEN,0.5594,0.0104,0.4302
SPADES SEVEN DIAMONDS SEVEN,0.3132,0.0246,0.6622
SPADES SIX DIAMONDS SEVEN,0.5716,0.0146,0.4138
DIAMONDS KING DIAMONDS SEVEN,0.3418,0.007,0.6512
HEARTS THREE DIAMONDS SEVEN,0.6282,0.014,0.3578
HEARTS KING DIAMONDS FIVE,0.2228,0.0388,0.7384
DIAMONDS QUEEN DIAMONDS SEVEN,0.2202,0.2836,0.4962
HEARTS TWO DIAMONDS SEVEN,0.6596,0.011,0.3294
HEARTS QUEEN DIAMONDS FIVE,0.0144,0.9692,0.0164
DIAMONDS ACE DIAMONDS SEVEN,0.3398,0.0048,0.6554
HEARTS FOUR DIAMONDS SEVEN,0.6376,0.0126,0.3498
HEARTS ACE DIAMONDS FIVE,0.2234,0.0282,0.7484
HEARTS SEVEN DIAMONDS SEVEN,0.3208,0.024,0.6552
HEARTS SIX DIAMONDS SEVEN,0.5632,0.0126,0.4242
DIAMONDS SEVEN HEARTS NINE,0.551,0.015,0.434
HEARTS EIGHT DIAMONDS SEVEN,0.5518,0.0116,0.4366
DIAMONDS JACK DIAMONDS SEVEN,0.552,0.0088,0.4392
DIAMONDS FIVE HEARTS JACK,0.704,0.0584,0.2376
DIAMONDS TEN DIAMONDS SEVEN,0.5392,0.0106,0.4502
HEARTS TEN DIAMONDS FIVE,0.7116,0.05,0.2384
SPADES KING CLUBS TWO,0.4008,0.0066,0.5926
HEARTS KING CLUBS KING,0.124,0.0038,0.8722
CLUBS EIGHT DIAMONDS SEVEN,0.5718,0.012,0.4162
SPADES QUEEN CLUBS TWO,0.3342,0.4458,0.22
CLUBS NINE DIAMONDS SEVEN,0.5592,0.011,0.4298
SPADES TWO CLUBS JACK,0.6354,0.0134,0.3512
SPADES ACE CLUBS TWO,0.3894,0.0044,0.6062
CLUBS TEN SPADES TWO,0.6432,0.0138,0.343
HEARTS KING CLUBS ACE,0.3148,0.0066,0.6786
CLUBS SEVEN CLUBS SIX,0.549,0.012,0.439
SPADES TWO CLUBS KING,0.3918,0.0088,0.5994
SPADES TWO DIAMONDS SEVEN,0.6498,0.0114,0.3388
CLUBS EIGHT CLUBS SIX,0.5452,0.0144,0.4404
SPADES THREE DIAMONDS SEVEN,0.6276,0.0146,0.3578
CLUBS NINE CLUBS SIX,0.5522,0.0106,0.4372
SPADES FOUR DIAMONDS SEVEN,0.6144,0.0116,0.374
HEARTS KING CLUBS JACK,0.3388,0.0062,0.655
SPADES FIVE DIAMONDS SEVEN,0.6556,0.0544,0.29
SPADES TWO CLUBS ACE,0.3786,0.005,0.6164
CLUBS TEN HEARTS KING,0.3512,0.0084,0.6404
CLUBS SIX SPADES TWO,0.6386,0.0126,0.3488
CLUBS SIX SPADES THREE,0.628,0.0146,0.3574
CLUBS TWO DIAMONDS SEVEN,0.642,0.014,0.344
CLUBS SIX SPADES FOUR,0.6116,0.0108,0.3776
CLUBS THREE DIAMONDS SEVEN,0.6324,0.0124,0.3552
CLUBS SIX SPADES FIVE,0.6666,0.0442,0.2892
CLUBS FOUR DIAMONDS SEVEN,0.605,0.0146,0.3804
CLUBS SIX SPADES SIX,0.328,0.031,0.641
CLUBS FIVE DIAMONDS SEVEN,0.6798,0.0492,0.271
CLUBS SIX SPADES SEVEN,0.5756,0.0118,0.4126
CLUBS SIX DIAMONDS SEVEN,0.5634,0.0128,0.4238
CLUBS SIX SPADES EIGHT,0.5734,0.0126,0.414
SPADES JACK CLUBS TWO,0.6332,0.015,0.3518
CLUBS SEVEN DIAMONDS SEVEN,0.3322,0.022,0.6458
SPADES NINE CLUBS SIX,0.5864,0.0114,0.4022
SPADES TEN CLUBS TWO,0.629,0.0142,0.3568
CLUBS TWO CLUBS KING,0.3818,0.0092,0.609
CLUBS THREE DIAMONDS EIGHT,0.6434,0.0148,0.3418
CLUBS TWO CLUBS ACE,0.365,0.007,0.628
CLUBS TWO DIAMONDS EIGHT,0.6306,0.0156,0.3538
HEARTS SEVEN DIAMONDS EIGHT,0.5444,0.0112,0.4444
HEARTS SIX DIAMONDS EIGHT,0.5742,0.0112,0.4146
DIAMONDS EIGHT HEARTS NINE,0.5498,0.0102,0.44
CLUBS TEN CLUBS TWO,0.5948,0.0108,0.3944
DIAMONDS EIGHT HEARTS EIGHT,0.3132,0.0216,0.6652
CLUBS TWO CLUBS JACK,0.6038,0.0094,0.3868
CLUBS NINE DIAMONDS EIGHT,0.5514,0.0104,0.4382
CLUBS EIGHT DIAMONDS EIGHT,0.3144,0.0218,0.6638
CLUBS FIVE DIAMONDS EIGHT,0.7002,0.0484,0.2514
SPADES ACE SPADES THREE,0.3546,0.0048,0.6406
CLUBS FOUR DIAMONDS EIGHT,0.6242,0.014,0.3618
CLUBS SEVEN DIAMONDS EIGHT,0.5694,0.0126,0.418
SPADES QUEEN SPADES THREE,0.3,0.4432,0.2568
CLUBS SIX DIAMONDS EIGHT,0.5676,0.0124,0.42
SPADES KING SPADES THREE,0.373,0.007,0.62
DIAMONDS QUEEN DIAMONDS EIGHT,0.2198,0.2208,0.5594
HEARTS TWO DIAMONDS EIGHT,0.641,0.013,0.346
DIAMONDS KING DIAMONDS EIGHT,0.3286,0.0068,0.6646
HEARTS THREE DIAMONDS EIGHT,0.6446,0.0104,0.345
DIAMONDS ACE DIAMONDS EIGHT,0.3374,0.005,0.6576
HEARTS FOUR DIAMONDS EIGHT,0.622,0.0128,0.3652
DIAMONDS EIGHT DIAMONDS TEN,0.5056,0.01,0.4844
DIAMONDS EIGHT DIAMONDS JACK,0.5442,0.0074,0.4484
SPADES JACK SPADES THREE,0.584,0.01,0.406
SPADES TEN SPADES THREE,0.5876,0.0098,0.4026
CLUBS FOUR HEARTS ACE,0.3686,0.0074,0.624
CLUBS FOUR HEARTS QUEEN,0.313,0.4806,0.2064
CLUBS FOUR HEARTS KING,0.3946,0.0094,0.596
CLUBS SIX HEARTS TEN,0.59,0.0124,0.3976
CLUBS SIX HEARTS JACK,0.594,0.0136,0.3924
DIAMONDS EIGHT SPADES FOUR,0.62,0.0126,0.3674
SPADES FIVE DIAMONDS EIGHT,0.6768,0.0468,0.2764
DIAMONDS EIGHT SPADES TWO,0.632,0.0138,0.3542
DIAMONDS EIGHT SPADES THREE,0.6384,0.0128,0.3488
CLUBS FOUR HEARTS JACK,0.6342,0.0132,0.3526
SPADES EIGHT DIAMONDS EIGHT,0.318,0.0194,0.6626
SPADES TEN DIAMONDS QUEEN,0.2384,0.1192,0.6424
SPADES TEN HEARTS TWO,0.6328,0.0136,0.3536
SPADES JACK HEARTS EIGHT,0.576,0.0142,0.4098
CLUBS FOUR HEARTS TEN,0.627,0.0128,0.3602
SPADES NINE DIAMONDS EIGHT,0.5584,0.0094,0.4322
SPADES TEN HEARTS EIGHT,0.5532,0.0116,0.4352
SPADES JACK HEARTS TWO,0.6372,0.0132,0.3496
SPADES JACK DIAMONDS QUEEN,0.2568,0.0918,0.6514
SPADES SIX DIAMONDS EIGHT,0.566,0.011,0.423
SPADES SEVEN DIAMONDS EIGHT,0.563,0.0092,0.4278
SPADES ACE HEARTS TWO,0.3938,0.0048,0.6014
SPADES ACE DIAMONDS QUEEN,0.2374,0.0168,0.7458
SPADES ACE HEARTS EIGHT,0.3656,0.0054,0.629
SPADES KING HEARTS EIGHT,0.3684,0.0076,0.624
SPADES QUEEN HEARTS TWO,0.33,0.459,0.211
SPADES QUEEN DIAMONDS QUEEN,0.092,0.0248,0.8832
SPADES KING DIAMONDS QUEEN,0.2292,0.0298,0.741
SPADES KING HEARTS TWO,0.3918,0.0078,0.6004
SPADES QUEEN HEARTS EIGHT,0.233,0.2246,0.5424
CLUBS TWO HEARTS TEN,0.6318,0.013,0.3552
CLUBS TWO HEARTS JACK,0.633,0.0128,0.3542
SPADES SEVEN DIAMONDS NINE,0.573,0.0112,0.4158
SPADES SIX DIAMONDS NINE,0.581,0.0124,0.4066
SPADES NINE DIAMONDS NINE,0.298,0.0176,0.6844
SPADES EIGHT DIAMONDS NINE,0.5576,0.011,0.4314
SPADES TEN CLUBS KING,0.342,0.0066,0.6514
DIAMONDS NINE SPADES THREE,0.621,0.0116,0.3674
SPADES JACK CLUBS KING,0.3406,0.0072,0.6522
DIAMONDS NINE SPADES TWO,0.6284,0.0112,0.3604
DIAMONDS NINE SPADES FIVE,0.7162,0.0414,0.2424
DIAMONDS NINE SPADES FOUR,0.6352,0.0114,0.3534
CLUBS NINE DIAMONDS NINE,0.3162,0.019,0.6648
CLUBS EIGHT DIAMONDS NINE,0.56,0.0146,0.4254
CLUBS SIX DIAMONDS NINE,0.5726,0.0118,0.4156
SPADES JACK CLUBS FOUR,0.6374,0.0118,0.3508
CLUBS SEVEN DIAMONDS NINE,0.5728,0.0134,0.4138
SPADES TEN CLUBS FOUR,0.6306,0.0108,0.3586
CLUBS FOUR DIAMONDS NINE,0.629,0.0118,0.3592
CLUBS FIVE DIAMONDS NINE,0.7012,0.0544,0.2444
DIAMONDS NINE CLUBS TWO,0.6394,0.012,0.3486
CLUBS THREE DIAMONDS NINE,0.6436,0.0112,0.3452
DIAMONDS NINE HEARTS EIGHT,0.5476,0.0122,0.4402
DIAMONDS NINE HEARTS NINE,0.3048,0.0162,0.679
HEARTS SIX DIAMONDS NINE,0.5736,0.012,0.4144
HEARTS SEVEN DIAMONDS NINE,0.5704,0.0104,0.4192
CLUBS NINE CLUBS EIGHT,0.5248,0.013,0.4622
DIAMONDS ACE DIAMONDS NINE,0.3478,0.0042,0.648
HEARTS FOUR DIAMONDS NINE,0.6382,0.0126,0.3492
HEARTS ACE CLUBS TWO,0.3904,0.0046,0.605
SPADES ACE CLUBS FOUR,0.3828,0.0026,0.6146
DIAMONDS QUEEN DIAMONDS NINE,0.219,0.1576,0.6234
HEARTS TWO DIAMONDS NINE,0.6354,0.0122,0.3524
CLUBS TWO HEARTS KING,0.4,0.0076,0.5924
SPADES KING CLUBS FOUR,0.3932,0.0076,0.5992
DIAMONDS KING DIAMONDS NINE,0.332,0.007,0.661
HEARTS THREE DIAMONDS NINE,0.6534,0.0112,0.3354
CLUBS TWO HEARTS QUEEN,0.3268,0.4668,0.2064
SPADES QUEEN CLUBS FOUR,0.318,0.4674,0.2146
DIAMONDS NINE DIAMONDS JACK,0.514,0.011,0.475
CLUBS EIGHT SPADES NINE,0.5604,0.0122,0.4274
DIAMONDS NINE DIAMONDS TEN,0.5092,0.0114,0.4794
CLUBS EIGHT SPADES EIGHT,0.317,0.0194,0.6636
CLUBS EIGHT SPADES SEVEN,0.5662,0.0128,0.421
CLUBS EIGHT SPADES SIX,0.57,0.0148,0.4152
CLUBS EIGHT SPADES FIVE,0.6926,0.05,0.2574
CLUBS EIGHT SPADES FOUR,0.6308,0.012,0.3572
CLUBS EIGHT SPADES THREE,0.6334,0.0138,0.3528
CLUBS EIGHT SPADES TWO,0.632,0.0104,0.3576
HEARTS SIX DIAMONDS TEN,0.587,0.0098,0.4032
HEARTS SEVEN DIAMONDS TEN,0.5788,0.0102,0.411
DIAMONDS TEN HEARTS EIGHT,0.564,0.0108,0.4252
CLUBS FOUR CLUBS JACK,0.605,0.0136,0.3814
DIAMONDS TEN HEARTS NINE,0.5336,0.0106,0.4558
CLUBS TEN CLUBS FOUR,0.6094,0.0116,0.379
CLUBS FOUR CLUBS KING,0.3618,0.0084,0.6298
CLUBS TWO DIAMONDS TEN,0.6418,0.0116,0.3466
CLUBS THREE DIAMONDS TEN,0.628,0.0132,0.3588
CLUBS FOUR CLUBS ACE,0.3602,0.005,0.6348
DIAMONDS JACK DIAMONDS TEN,0.5092,0.009,0.4818
DIAMONDS QUEEN DIAMONDS TEN,0.2188,0.109,0.6722
HEARTS TWO DIAMONDS TEN,0.6482,0.011,0.3408
DIAMONDS KING DIAMONDS TEN,0.3176,0.007,0.6754
HEARTS THREE DIAMONDS TEN,0.6344,0.011,0.3546
DIAMONDS ACE DIAMONDS TEN,0.3144,0.0034,0.6822
HEARTS FOUR DIAMONDS TEN,0.643,0.0118,0.3452
CLUBS EIGHT HEARTS JACK,0.5828,0.009,0.4082
CLUBS EIGHT HEARTS TEN,0.5768,0.0122,0.411
CLUBS EIGHT HEARTS QUEEN,0.2252,0.2182,0.5566
CLUBS EIGHT HEARTS KING,0.3558,0.0088,0.6354
CLUBS EIGHT HEARTS ACE,0.3462,0.0044,0.6494
CLUBS NINE SPADES THREE,0.6226,0.0138,0.3636
CLUBS NINE SPADES TWO,0.6384,0.0152,0.3464
CLUBS NINE SPADES FIVE,0.702,0.0484,0.2496
CLUBS NINE SPADES FOUR,0.6406,0.011,0.3484
CLUBS NINE SPADES SEVEN,0.5758,0.0124,0.4118
CLUBS NINE SPADES SIX,0.5986,0.0132,0.3882
CLUBS NINE SPADES NINE,0.306,0.0168,0.6772
CLUBS TEN HEARTS EIGHT,0.5612,0.0096,0.4292
CLUBS NINE SPADES EIGHT,0.5616,0.0112,0.4272
HEARTS EIGHT CLUBS JACK,0.5694,0.0144,0.4162
CLUBS KING HEARTS EIGHT,0.349,0.012,0.639
CLUBS ACE HEARTS EIGHT,0.352,0.0054,0.6426
SPADES KING CLUBS KING,0.1392,0.0026,0.8582
SPADES QUEEN CLUBS KING,0.238,0.028,0.734
SPADES ACE CLUBS KING,0.3178,0.0038,0.6784
DIAMONDS ACE HEARTS TEN,0.3492,0.0052,0.6456
HEARTS FOUR HEARTS TEN,0.6066,0.0118,0.3816
DIAMONDS ACE HEARTS JACK,0.3346,0.0026,0.6628
HEARTS FOUR HEARTS JACK,0.5978,0.0126,0.3896
SPADES KING CLUBS FIVE,0.2382,0.0394,0.7224
SPADES QUEEN CLUBS FIVE,0.0184,0.969,0.0126
SPADES ACE CLUBS FIVE,0.2454,0.03,0.7246
HEARTS SEVEN DIAMONDS JACK,0.5808,0.01,0.4092
HEARTS SIX DIAMONDS JACK,0.6002,0.0114,0.3884
DIAMONDS JACK HEARTS NINE,0.5576,0.0094,0.433
DIAMONDS JACK HEARTS EIGHT,0.573,0.01,0.417
DIAMONDS KING DIAMONDS JACK,0.3222,0.0058,0.672
HEARTS THREE DIAMONDS JACK,0.6398,0.0118,0.3484
SPADES ACE SPADES SIX,0.3378,0.0044,0.6578
HEARTS ACE SPADES FOUR,0.3772,0.0054,0.6174
DIAMONDS QUEEN DIAMONDS JACK,0.2294,0.092,0.6786
HEARTS TWO DIAMONDS JACK,0.6474,0.0122,0.3404
SPADES QUEEN SPADES SIX,0.222,0.3542,0.4238
SPADES FOUR HEARTS QUEEN,0.302,0.477,0.221
DIAMONDS ACE DIAMONDS JACK,0.3214,0.0064,0.6722
HEARTS FOUR DIAMONDS JACK,0.6368,0.0122,0.351
SPADES KING SPADES SIX,0.337,0.0056,0.6574
SPADES FOUR HEARTS KING,0.3766,0.0086,0.6148
SPADES TEN SPADES SIX,0.5386,0.0106,0.4508
SPADES JACK SPADES SIX,0.5674,0.0128,0.4198
SPADES FOUR DIAMONDS JACK,0.6316,0.011,0.3574
SPADES FIVE DIAMONDS JACK,0.708,0.0546,0.2374
DIAMONDS JACK SPADES TWO,0.6394,0.0108,0.3498
DIAMONDS JACK SPADES THREE,0.6342,0.011,0.3548
SPADES ACE DIAMONDS THREE,0.3822,0.0028,0.615
SPADES QUEEN DIAMONDS THREE,0.3136,0.46,0.2264
CLUBS EIGHT DIAMONDS JACK,0.5836,0.011,0.4054
SPADES KING DIAMONDS THREE,0.3924,0.007,0.6006
CLUBS NINE DIAMONDS JACK,0.5546,0.0112,0.4342
CLUBS SIX DIAMONDS JACK,0.6144,0.01,0.3756
CLUBS SEVEN DIAMONDS JACK,0.5958,0.0102,0.394
CLUBS FOUR DIAMONDS JACK,0.6472,0.0134,0.3394
CLUBS FIVE DIAMONDS JACK,0.716,0.055,0.229
CLUBS TWO DIAMONDS JACK,0.6394,0.0128,0.3478
CLUBS THREE DIAMONDS JACK,0.6562,0.01,0.3338
SPADES TEN CLUBS FIVE,0.7258,0.046,0.2282
SPADES JACK HEARTS SIX,0.6038,0.0098,0.3864
HEARTS SIX SPADES TEN,0.581,0.0108,0.4082
SPADES JACK CLUBS FIVE,0.7186,0.0542,0.2272
SPADES JACK DIAMONDS THREE,0.6376,0.0102,0.3522
CLUBS SEVEN CLUBS ACE,0.3422,0.0064,0.6514
DIAMONDS THREE SPADES TEN,0.6154,0.0132,0.3714
CLUBS SEVEN CLUBS KING,0.3462,0.007,0.6468
SPADES NINE DIAMONDS JACK,0.5654,0.0096,0.425
CLUBS TEN CLUBS SEVEN,0.5418,0.01,0.4482
DIAMONDS ACE HEARTS ACE,0.118,0.0028,0.8792
HEARTS FOUR HEARTS ACE,0.3622,0.0066,0.6312
SPADES EIGHT DIAMONDS JACK,0.5566,0.0082,0.4352
SPADES ACE HEARTS SIX,0.3586,0.0046,0.6368
CLUBS SEVEN CLUBS JACK,0.5572,0.0138,0.429
DIAMONDS ACE HEARTS KING,0.3138,0.0064,0.6798
HEARTS FOUR HEARTS KING,0.3668,0.0084,0.6248
SPADES SEVEN DIAMONDS JACK,0.5792,0.0096,0.4112
SPADES KING HEARTS SIX,0.3562,0.0084,0.6354
DIAMONDS ACE HEARTS QUEEN,0.2188,0.0176,0.7636
HEARTS FOUR HEARTS QUEEN,0.3122,0.4406,0.2472
SPADES QUEEN HEARTS SIX,0.2186,0.3822,0.3992
SPADES SIX DIAMONDS JACK,0.6164,0.0108,0.3728
DIAMONDS TEN SPADES TWO,0.629,0.0102,0.3608
SPADES THREE DIAMONDS TEN,0.6178,0.0104,0.3718
SPADES FOUR DIAMONDS TEN,0.6408,0.0104,0.3488
SPADES FIVE DIAMONDS TEN,0.711,0.0434,0.2456
SPADES SIX DIAMONDS TEN,0.5822,0.0092,0.4086
SPADES SEVEN DIAMONDS TEN,0.5708,0.0078,0.4214
SPADES EIGHT DIAMONDS TEN,0.5506,0.0082,0.4412
SPADES NINE DIAMONDS TEN,0.5494,0.0116,0.439
CLUBS FOUR DIAMONDS TEN,0.6322,0.0136,0.3542
CLUBS FIVE DIAMONDS TEN,0.7214,0.0438,0.2348
CLUBS SIX DIAMONDS TEN,0.5974,0.0124,0.3902
CLUBS SEVEN DIAMONDS TEN,0.566,0.0092,0.4248
CLUBS EIGHT DIAMONDS TEN,0.557,0.0124,0.4306
CLUBS NINE DIAMONDS TEN,0.5342,0.013,0.4528
DIAMONDS THREE CLUBS JACK,0.6366,0.011,0.3524
CLUBS TEN DIAMONDS THREE,0.619,0.0156,0.3654
DIAMONDS THREE CLUBS KING,0.389,0.0064,0.6046
DIAMONDS THREE CLUBS ACE,0.3944,0.005,0.6006
SPADES FOUR HEARTS JACK,0.6238,0.0142,0.362
SPADES FOUR HEARTS TEN,0.6316,0.0118,0.3566
SPADES FIVE SPADES TWO,0.6538,0.05,0.2962
SPADES FOUR SPADES TWO,0.6034,0.013,0.3836
SPADES THREE SPADES TWO,0.592,0.0138,0.3942
SPADES NINE SPADES TWO,0.5892,0.012,0.3988
SPADES EIGHT SPADES TWO,0.5812,0.0134,0.4054
SPADES SEVEN SPADES TWO,0.6038,0.0128,0.3834
SPADES SIX SPADES TWO,0.5882,0.0114,0.4004
DIAMONDS QUEEN CLUBS THREE,0.3112,0.4686,0.2202
CLUBS THREE HEARTS TWO,0.6438,0.0172,0.339
DIAMONDS QUEEN CLUBS TWO,0.3392,0.4588,0.202
HEARTS TWO CLUBS TWO,0.4236,0.0328,0.5436
HEARTS SEVEN DIAMONDS QUEEN,0.2332,0.3098,0.457
HEARTS SEVEN HEARTS TWO,0.595,0.0154,0.3896
HEARTS SIX DIAMONDS QUEEN,0.2172,0.3862,0.3966
HEARTS SIX HEARTS TWO,0.5966,0.0132,0.3902
DIAMONDS QUEEN HEARTS NINE,0.2262,0.1648,0.609
HEARTS TWO HEARTS NINE,0.5966,0.0152,0.3882
DIAMONDS QUEEN HEARTS EIGHT,0.2376,0.2172,0.5452
HEARTS TWO HEARTS EIGHT,0.588,0.0118,0.4002
CLUBS NINE HEARTS TWO,0.638,0.0126,0.3494
CLUBS NINE DIAMONDS QUEEN,0.243,0.1604,0.5966
CLUBS EIGHT HEARTS TWO,0.6428,0.0168,0.3404
CLUBS EIGHT DIAMONDS QUEEN,0.2306,0.2246,0.5448
CLUBS FIVE DIAMONDS QUEEN,0.015,0.9744,0.0106
CLUBS FIVE HEARTS TWO,0.704,0.0572,0.2388
SPADES EIGHT HEARTS ACE,0.3496,0.0042,0.6462
DIAMONDS QUEEN CLUBS FOUR,0.3206,0.47,0.2094
HEARTS TWO CLUBS FOUR,0.6522,0.0164,0.3314
CLUBS SEVEN DIAMONDS QUEEN,0.2302,0.3052,0.4646
CLUBS SEVEN HEARTS TWO,0.6362,0.014,0.3498
SPADES EIGHT HEARTS QUEEN,0.229,0.217,0.554
CLUBS SIX DIAMONDS QUEEN,0.227,0.3806,0.3924
CLUBS SIX HEARTS TWO,0.6418,0.0142,0.344
SPADES EIGHT HEARTS KING,0.35,0.0082,0.6418
HEARTS TWO SPADES SIX,0.6304,0.0134,0.3562
DIAMONDS QUEEN SPADES SIX,0.222,0.3758,0.4022
DIAMONDS QUEEN SPADES SEVEN,0.2368,0.2888,0.4744
HEARTS TWO SPADES SEVEN,0.6382,0.0134,0.3484
HEARTS FOUR CLUBS KING,0.3954,0.0068,0.5978
DIAMONDS ACE CLUBS KING,0.325,0.0026,0.6724
DIAMONDS QUEEN SPADES EIGHT,0.2406,0.2234,0.536
SPADES EIGHT HEARTS TWO,0.6526,0.0116,0.3358
HEARTS FOUR CLUBS ACE,0.3804,0.0052,0.6144
DIAMONDS ACE CLUBS ACE,0.1194,0.003,0.8776
SPADES NINE DIAMONDS QUEEN,0.2434,0.1644,0.5922
SPADES NINE HEARTS TWO,0.6596,0.0114,0.329
HEARTS TWO SPADES TWO,0.4412,0.0338,0.525
DIAMONDS QUEEN SPADES TWO,0.3188,0.4626,0.2186
HEARTS TWO SPADES THREE,0.653,0.0132,0.3338
DIAMONDS QUEEN SPADES THREE,0.3208,0.465,0.2142
HEARTS TWO SPADES FOUR,0.6352,0.0142,0.3506
DIAMONDS QUEEN SPADES FOUR,0.312,0.4758,0.2122
HEARTS FOUR CLUBS TEN,0.629,0.0146,0.3564
CLUBS TEN DIAMONDS ACE,0.3494,0.0042,0.6464
HEARTS TWO SPADES FIVE,0.696,0.0548,0.2492
DIAMONDS QUEEN SPADES FIVE,0.0234,0.9536,0.023
HEARTS FOUR CLUBS JACK,0.6406,0.0144,0.345
DIAMONDS ACE CLUBS JACK,0.3572,0.0052,0.6376
CLUBS FIVE CLUBS KING,0.2306,0.0404,0.729
CLUBS FIVE CLUBS ACE,0.23,0.032,0.738
CLUBS FIVE CLUBS JACK,0.6904,0.0564,0.2532
CLUBS TEN CLUBS FIVE,0.685,0.0442,0.2708
SPADES KING CLUBS JACK,0.3594,0.0082,0.6324
SPADES QUEEN CLUBS JACK,0.2384,0.0874,0.6742
SPADES ACE CLUBS JACK,0.3538,0.0038,0.6424
SPADES SIX CLUBS KING,0.3632,0.0064,0.6304
SPADES EIGHT HEARTS JACK,0.5762,0.008,0.4158
SPADES SIX CLUBS ACE,0.3498,0.0052,0.645
SPADES EIGHT HEARTS TEN,0.5452,0.0112,0.4436
SPADES SIX CLUBS JACK,0.5966,0.0126,0.3908
CLUBS TEN SPADES SIX,0.5782,0.0084,0.4134
SPADES TEN CLUBS JACK,0.5414,0.011,0.4476
SPADES JACK CLUBS JACK,0.2906,0.0124,0.697
SPADES QUEEN CLUBS SEVEN,0.227,0.3132,0.4598
SPADES KING CLUBS SEVEN,0.3514,0.0076,0.641
SPADES ACE CLUBS SEVEN,0.3644,0.0054,0.6302
SPADES SIX HEARTS TEN,0.5828,0.0108,0.4064
SPADES SIX HEARTS JACK,0.596,0.0094,0.3946
SPADES SIX HEARTS ACE,0.3556,0.0044,0.64
SPADES SIX HEARTS KING,0.3628,0.0058,0.6314
SPADES SIX HEARTS QUEEN,0.2266,0.382,0.3914
CLUBS SEVEN SPADES JACK,0.5844,0.0134,0.4022
CLUBS SEVEN SPADES TEN,0.5774,0.0112,0.4114
CLUBS TEN HEARTS SIX,0.5876,0.0118,0.4006
HEARTS SIX CLUBS JACK,0.6068,0.015,0.3782
CLUBS ACE CLUBS JACK,0.334,0.0044,0.6616
HEARTS SIX CLUBS KING,0.355,0.0086,0.6364
HEARTS SIX CLUBS ACE,0.3512,0.006,0.6428
CLUBS KING CLUBS JACK,0.332,0.0072,0.6608
DIAMONDS THREE HEARTS ACE,0.3636,0.0062,0.6302
DIAMONDS THREE HEARTS QUEEN,0.3256,0.4684,0.206
DIAMONDS THREE HEARTS KING,0.38,0.0088,0.6112
CLUBS FIVE HEARTS JACK,0.7224,0.0508,0.2268
SPADES TEN DIAMONDS ACE,0.3546,0.0032,0.6422
HEARTS FOUR SPADES TEN,0.6388,0.0108,0.3504
CLUBS FIVE HEARTS TEN,0.7154,0.0556,0.229
HEARTS FOUR SPADES JACK,0.6322,0.0134,0.3544
SPADES JACK DIAMONDS ACE,0.3548,0.004,0.6412
SPADES ACE HEARTS FOUR,0.3794,0.006,0.6146
SPADES ACE DIAMONDS ACE,0.1316,0.0024,0.866
CLUBS FIVE HEARTS ACE,0.2232,0.0276,0.7492
CLUBS FIVE HEARTS KING,0.2288,0.043,0.7282
HEARTS FOUR SPADES QUEEN,0.321,0.469,0.21
SPADES QUEEN DIAMONDS ACE,0.2322,0.0172,0.7506
SPADES FOUR CLUBS JACK,0.6424,0.0106,0.347
CLUBS FIVE HEARTS QUEEN,0.008,0.984,0.008
SPADES KING DIAMONDS ACE,0.3278,0.003,0.6692
HEARTS FOUR SPADES KING,0.4006,0.0062,0.5932
CLUBS TEN SPADES FOUR,0.6392,0.0138,0.347
DIAMONDS QUEEN DIAMONDS ACE,0.2176,0.0184,0.764
HEARTS TWO DIAMONDS ACE,0.3896,0.0036,0.6068
HEARTS FOUR DIAMONDS QUEEN,0.3192,0.4606,0.2202
HEARTS FOUR HEARTS TWO,0.5996,0.014,0.3864
DIAMONDS THREE HEARTS TEN,0.6248,0.0108,0.3644
SPADES FOUR CLUBS KING,0.3932,0.007,0.5998
DIAMONDS THREE HEARTS JACK,0.626,0.014,0.36
DIAMONDS QUEEN HEARTS TWO,0.313,0.464,0.223
DIAMONDS KING DIAMONDS QUEEN,0.2272,0.0286,0.7442
DIAMONDS KING HEARTS TWO,0.3994,0.0066,0.594
HEARTS THREE DIAMONDS QUEEN,0.3388,0.4472,0.214
HEARTS THREE HEARTS TWO,0.6012,0.0144,0.3844
SPADES FOUR CLUBS ACE,0.3784,0.0066,0.615
HEARTS TWO CLUBS ACE,0.393,0.0036,0.6034
DIAMONDS QUEEN CLUBS ACE,0.2242,0.013,0.7628
HEARTS TWO CLUBS KING,0.3888,0.0084,0.6028
DIAMONDS QUEEN CLUBS KING,0.232,0.0252,0.7428
SPADES EIGHT SPADES FIVE,0.6476,0.0438,0.3086
CLUBS TEN HEARTS TWO,0.6438,0.0136,0.3426
CLUBS TEN DIAMONDS QUEEN,0.2276,0.117,0.6554
SPADES NINE SPADES FIVE,0.6422,0.0472,0.3106
HEARTS TWO CLUBS JACK,0.6534,0.0122,0.3344
DIAMONDS QUEEN CLUBS JACK,0.236,0.0862,0.6778
SPADES SIX SPADES FIVE,0.6226,0.0446,0.3328
SPADES SEVEN SPADES FIVE,0.6306,0.037,0.3324
SPADES EIGHT CLUBS ACE,0.3626,0.0026,0.6348
DIAMONDS FIVE CLUBS KING,0.2198,0.0428,0.7374
SPADES EIGHT CLUBS KING,0.3612,0.0068,0.632
DIAMONDS FIVE CLUBS ACE,0.2232,0.0278,0.749
SPADES EIGHT CLUBS JACK,0.5828,0.0112,0.406
CLUBS TEN SPADES EIGHT,0.5596,0.0082,0.4322
CLUBS TEN DIAMONDS FIVE,0.722,0.0476,0.2304
DIAMONDS FIVE CLUBS JACK,0.7224,0.051,0.2266
DIAMONDS TEN HEARTS JACK,0.5428,0.011,0.4462
DIAMONDS TEN HEARTS TEN,0.2994,0.014,0.6866
SPADES ACE CLUBS NINE,0.3696,0.004,0.6264
CLUBS NINE SPADES QUEEN,0.2322,0.1684,0.5994
CLUBS NINE SPADES KING,0.3612,0.0074,0.6314
HEARTS SIX HEARTS KING,0.3398,0.0056,0.6546
DIAMONDS KING SPADES SEVEN,0.3652,0.0056,0.6292
HEARTS THREE SPADES SEVEN,0.6338,0.0136,0.3526
SPADES KING DIAMONDS SEVEN,0.3662,0.0072,0.6266
HEARTS SIX HEARTS QUEEN,0.2156,0.3578,0.4266
SPADES QUEEN DIAMONDS SEVEN,0.2298,0.3038,0.4664
HEARTS THREE SPADES SIX,0.6256,0.0154,0.359
DIAMONDS KING SPADES SIX,0.3668,0.0066,0.6266
DIAMONDS KING SPADES NINE,0.3606,0.0038,0.6356
HEARTS THREE SPADES NINE,0.648,0.0098,0.3422
HEARTS SIX HEARTS ACE,0.3432,0.0066,0.6502
DIAMONDS KING SPADES EIGHT,0.3646,0.0074,0.628
