opposingHand,winningChance,drawChance,lostChance
HEARTS FIVE CLUBS FIVE
CLUBS JACK SPADES FIVE,0.6708,0.051,0.2782
CLUBS TEN SPADES FIVE,0.6642,0.0552,0.2806
CLUBS JACK CLUBS EIGHT,0.505,0.0346,0.4604
CLUBS TEN CLUBS EIGHT,0.4866,0.0494,0.464
CLUBS EIGHT CLUBS KING,0.518,0.0132,0.4688
SPADES FIVE CLUBS ACE,0.6304,0.0272,0.3424
CLUBS EIGHT CLUBS QUEEN,0.5092,0.0214,0.4694
SPADES FIVE CLUBS KING,0.6582,0.032,0.3098
SPADES FIVE CLUBS QUEEN,0.6564,0.0372,0.3064
CLUBS EIGHT CLUBS ACE,0.5116,0.0064,0.482
DIAMONDS TWO DIAMONDS THREE,0.7002,0.1416,0.1582
DIAMONDS TWO DIAMONDS FIVE,0.741,0.1308,0.1282
DIAMONDS TWO DIAMONDS FOUR,0.6842,0.1528,0.163
DIAMONDS TWO DIAMONDS SEVEN,0.614,0.1116,0.2744
DIAMONDS TWO DIAMONDS SIX,0.6066,0.1342,0.2592
DIAMONDS TWO DIAMONDS NINE,0.6144,0.0814,0.3042
DIAMONDS TWO DIAMONDS EIGHT,0.5984,0.097,0.3046
DIAMONDS THREE DIAMONDS FOUR,0.694,0.137,0.169
CLUBS TWO SPADES FOUR,0.7424,0.1444,0.1132
DIAMONDS THREE DIAMONDS FIVE,0.7278,0.1194,0.1528
SPADES FIVE CLUBS TWO,0.7916,0.1348,0.0736
CLUBS TWO SPADES TWO,0.5534,0.2818,0.1648
CLUBS TWO SPADES THREE,0.741,0.153,0.106
DIAMONDS THREE DIAMONDS EIGHT,0.6144,0.0968,0.2888
SPADES EIGHT CLUBS TWO,0.663,0.0902,0.2468
DIAMONDS THREE DIAMONDS NINE,0.6056,0.0798,0.3146
SPADES NINE CLUBS TWO,0.6584,0.0772,0.2644
DIAMONDS THREE DIAMONDS SIX,0.5982,0.1288,0.273
SPADES SIX CLUBS TWO,0.6542,0.1304,0.2154
DIAMONDS THREE DIAMONDS SEVEN,0.6036,0.117,0.2794
SPADES SEVEN CLUBS TWO,0.663,0.1116,0.2254
CLUBS SIX CLUBS TWO,0.6108,0.1246,0.2646
CLUBS SEVEN CLUBS TWO,0.6206,0.1064,0.273
CLUBS FOUR CLUBS TWO,0.7094,0.141,0.1496
CLUBS TEN CLUBS JACK,0.4886,0.0266,0.4848
DIAMONDS FOUR DIAMONDS SIX,0.6028,0.1208,0.2764
CLUBS TEN CLUBS QUEEN,0.4872,0.0178,0.495
DIAMONDS FOUR DIAMONDS SEVEN,0.6022,0.112,0.2858
CLUBS TEN CLUBS KING,0.4812,0.0104,0.5084
CLUBS TEN CLUBS ACE,0.4976,0.0052,0.4972
CLUBS EIGHT CLUBS TWO,0.6122,0.0932,0.2946
DIAMONDS FIVE DIAMONDS FOUR,0.7064,0.1338,0.1598
CLUBS NINE CLUBS TWO,0.606,0.082,0.312
DIAMONDS NINE DIAMONDS FOUR,0.5982,0.0786,0.3232
DIAMONDS EIGHT DIAMONDS FOUR,0.6134,0.0848,0.3018
CLUBS THREE CLUBS TWO,0.7148,0.1396,0.1456
DIAMONDS NINE DIAMONDS FIVE,0.623,0.056,0.321
CLUBS JACK DIAMONDS TWO,0.6436,0.049,0.3074
DIAMONDS EIGHT DIAMONDS FIVE,0.5988,0.0778,0.3234
CLUBS TEN DIAMONDS TWO,0.639,0.0616,0.2994
DIAMONDS FIVE DIAMONDS SEVEN,0.5878,0.0862,0.326
DIAMONDS FIVE DIAMONDS SIX,0.5742,0.0954,0.3304
DIAMONDS TWO CLUBS ACE,0.6284,0.0064,0.3652
DIAMONDS TWO CLUBS KING,0.6418,0.0164,0.3418
DIAMONDS TWO CLUBS QUEEN,0.6322,0.0292,0.3386
DIAMONDS EIGHT DIAMONDS SIX,0.4972,0.0854,0.4174
DIAMONDS NINE DIAMONDS SIX,0.5098,0.0766,0.4136
HEARTS ACE SPADES THREE,0.6438,0.0064,0.3498
SPADES THREE HEARTS KING,0.6418,0.019,0.3392
DIAMONDS SEVEN DIAMONDS SIX,0.4944,0.1004,0.4052
HEARTS QUEEN SPADES THREE,0.6426,0.0316,0.3258
SPADES THREE HEARTS JACK,0.638,0.0484,0.3136
SPADES THREE HEARTS TEN,0.6354,0.0648,0.2998
DIAMONDS EIGHT DIAMONDS SEVEN,0.4884,0.08,0.4316
DIAMONDS NINE DIAMONDS SEVEN,0.4764,0.0688,0.4548
DIAMONDS NINE DIAMONDS EIGHT,0.4772,0.058,0.4648
DIAMONDS KING HEARTS TEN,0.5052,0.0094,0.4854
HEARTS THREE HEARTS TEN,0.609,0.0624,0.3286
SPADES JACK CLUBS SIX,0.5374,0.0426,0.42
DIAMONDS KING HEARTS JACK,0.5064,0.0064,0.4872
HEARTS THREE HEARTS JACK,0.6124,0.0458,0.3418
SPADES TEN CLUBS SIX,0.527,0.0578,0.4152
SPADES JACK SPADES FIVE,0.6196,0.0426,0.3378
SPADES TEN SPADES FIVE,0.6188,0.0502,0.331
DIAMONDS KING HEARTS ACE,0.5382,0.003,0.4588
HEARTS THREE HEARTS ACE,0.5998,0.0042,0.396
SPADES ACE CLUBS SIX,0.5564,0.0032,0.4404
DIAMONDS KING HEARTS QUEEN,0.5134,0.0082,0.4784
HEARTS THREE HEARTS QUEEN,0.6248,0.0292,0.346
SPADES KING CLUBS SIX,0.5438,0.0168,0.4394
DIAMONDS KING HEARTS KING,0.1952,0.0382,0.7666
HEARTS THREE HEARTS KING,0.6148,0.0158,0.3694
SPADES QUEEN CLUBS SIX,0.5468,0.0262,0.427
SPADES NINE HEARTS TEN,0.4806,0.0428,0.4766
SPADES NINE HEARTS JACK,0.5162,0.0296,0.4542
SPADES QUEEN SPADES FIVE,0.6224,0.0344,0.3432
SPADES KING SPADES FIVE,0.617,0.0324,0.3506
SPADES ACE SPADES FIVE,0.5968,0.0258,0.3774
SPADES NINE HEARTS QUEEN,0.5314,0.0218,0.4468
SPADES NINE HEARTS KING,0.5276,0.0128,0.4596
SPADES NINE HEARTS ACE,0.5394,0.0038,0.4568
CLUBS TEN SPADES JACK,0.4912,0.0232,0.4856
CLUBS TEN SPADES TEN,0.1828,0.125,0.6922
SPADES ACE CLUBS TEN,0.517,0.0046,0.4784
CLUBS TEN SPADES KING,0.4982,0.011,0.4908
CLUBS TEN SPADES QUEEN,0.52,0.0128,0.4672
SPADES FIVE HEARTS QUEEN,0.6614,0.0382,0.3004
SPADES FIVE HEARTS KING,0.6668,0.0322,0.301
HEARTS ACE SPADES FIVE,0.6392,0.0246,0.3362
CLUBS EIGHT SPADES TEN,0.5126,0.0474,0.44
HEARTS THREE SPADES JACK,0.6572,0.0478,0.295
SPADES JACK DIAMONDS KING,0.5296,0.0058,0.4646
SPADES TEN DIAMONDS KING,0.5132,0.0082,0.4786
HEARTS THREE SPADES TEN,0.6444,0.0636,0.292
CLUBS EIGHT SPADES JACK,0.533,0.0346,0.4324
CLUBS SIX HEARTS ACE,0.529,0.0052,0.4658
SPADES ACE CLUBS EIGHT,0.5392,0.0062,0.4546
CLUBS SIX HEARTS QUEEN,0.5336,0.0312,0.4352
SPADES QUEEN CLUBS EIGHT,0.5342,0.021,0.4448
CLUBS TEN SPADES THREE,0.6366,0.0652,0.2982
CLUBS SIX HEARTS KING,0.555,0.018,0.427
SPADES KING CLUBS EIGHT,0.5514,0.0122,0.4364
CLUBS JACK SPADES THREE,0.6366,0.0516,0.3118
DIAMONDS TWO HEARTS JACK,0.6484,0.05,0.3016
SPADES THREE CLUBS QUEEN,0.6552,0.0306,0.3142
DIAMONDS TWO HEARTS TEN,0.636,0.0656,0.2984
SPADES THREE CLUBS KING,0.6318,0.0204,0.3478
SPADES FIVE HEARTS TEN,0.6516,0.0498,0.2986
SPADES THREE CLUBS ACE,0.6262,0.0056,0.3682
SPADES FIVE HEARTS JACK,0.6598,0.0478,0.2924
HEARTS THREE CLUBS KING,0.6478,0.0186,0.3336
DIAMONDS KING CLUBS KING,0.1894,0.0332,0.7774
HEARTS THREE CLUBS QUEEN,0.6356,0.033,0.3314
DIAMONDS KING CLUBS QUEEN,0.5232,0.0062,0.4706
HEARTS THREE CLUBS ACE,0.633,0.0038,0.3632
DIAMONDS KING CLUBS ACE,0.5266,0.0046,0.4688
SPADES ACE CLUBS QUEEN,0.5204,0.0042,0.4754
SPADES KING CLUBS QUEEN,0.512,0.0084,0.4796
CLUBS JACK HEARTS THREE,0.6408,0.0536,0.3056
CLUBS JACK DIAMONDS KING,0.5116,0.0088,0.4796
SPADES QUEEN CLUBS QUEEN,0.1988,0.0654,0.7358
CLUBS TEN HEARTS THREE,0.6448,0.0638,0.2914
CLUBS TEN DIAMONDS KING,0.5058,0.0096,0.4846
SPADES JACK CLUBS QUEEN,0.5178,0.013,0.4692
CLUBS SIX CLUBS QUEEN,0.5274,0.0268,0.4458
SPADES TEN CLUBS QUEEN,0.5032,0.0182,0.4786
CLUBS SIX CLUBS KING,0.5236,0.0178,0.4586
CLUBS SIX CLUBS ACE,0.5202,0.0054,0.4744
CLUBS TEN CLUBS SIX,0.498,0.0536,0.4484
CLUBS JACK CLUBS SIX,0.5234,0.0474,0.4292
SPADES SEVEN HEARTS JACK,0.5436,0.037,0.4194
SPADES SEVEN HEARTS TEN,0.5136,0.0618,0.4246
DIAMONDS TWO CLUBS TWO,0.5544,0.2758,0.1698
DIAMONDS TWO CLUBS THREE,0.7338,0.1646,0.1016
DIAMONDS TWO HEARTS SIX,0.641,0.1312,0.2278
DIAMONDS TWO HEARTS QUEEN,0.6396,0.0276,0.3328
HEARTS SEVEN DIAMONDS TWO,0.6488,0.1146,0.2366
DIAMONDS TWO HEARTS KING,0.6508,0.0156,0.3336
DIAMONDS TWO HEARTS EIGHT,0.6514,0.1026,0.246
DIAMONDS TWO HEARTS ACE,0.6366,0.0058,0.3576
DIAMONDS TWO HEARTS NINE,0.6404,0.0842,0.2754
DIAMONDS TWO DIAMONDS QUEEN,0.6152,0.0324,0.3524
DIAMONDS TWO HEARTS TWO,0.5446,0.2802,0.1752
DIAMONDS TWO DIAMONDS KING,0.612,0.0168,0.3712
HEARTS THREE DIAMONDS TWO,0.748,0.1466,0.1054
DIAMONDS TWO DIAMONDS ACE,0.604,0.0054,0.3906
HEARTS FOUR DIAMONDS TWO,0.7414,0.1508,0.1078
SPADES SEVEN HEARTS ACE,0.5376,0.0042,0.4582
DIAMONDS TWO DIAMONDS TEN,0.5948,0.064,0.3412
SPADES SEVEN HEARTS KING,0.5424,0.0148,0.4428
DIAMONDS TWO DIAMONDS JACK,0.6028,0.0514,0.3458
SPADES SEVEN HEARTS QUEEN,0.5438,0.0244,0.4318
DIAMONDS TWO SPADES NINE,0.6528,0.079,0.2682
DIAMONDS TWO SPADES EIGHT,0.6462,0.099,0.2548
DIAMONDS TWO SPADES SEVEN,0.6446,0.1084,0.247
DIAMONDS TWO SPADES SIX,0.6452,0.13,0.2248
DIAMONDS TWO SPADES FIVE,0.7886,0.1284,0.083
DIAMONDS TWO SPADES FOUR,0.7348,0.1464,0.1188
DIAMONDS TWO SPADES THREE,0.737,0.1484,0.1146
DIAMONDS TWO SPADES TWO,0.559,0.264,0.177
DIAMONDS TWO CLUBS NINE,0.6408,0.084,0.2752
CLUBS EIGHT DIAMONDS TWO,0.6432,0.1004,0.2564
DIAMONDS TWO CLUBS SEVEN,0.6614,0.107,0.2316
DIAMONDS TWO CLUBS SIX,0.6542,0.1312,0.2146
DIAMONDS TWO CLUBS FOUR,0.7508,0.1448,0.1044
CLUBS FOUR SPADES FIVE,0.767,0.1268,0.1062
CLUBS FOUR SPADES FOUR,0.5516,0.269,0.1794
CLUBS FOUR SPADES THREE,0.7344,0.156,0.1096
CLUBS FOUR SPADES TWO,0.7374,0.1538,0.1088
SPADES NINE CLUBS FOUR,0.6414,0.0756,0.283
SPADES EIGHT CLUBS FOUR,0.645,0.1012,0.2538
SPADES SEVEN CLUBS FOUR,0.639,0.1144,0.2466
CLUBS FOUR SPADES SIX,0.635,0.1306,0.2344
SPADES ACE DIAMONDS SIX,0.5432,0.005,0.4518
SPADES QUEEN DIAMONDS SIX,0.5636,0.0282,0.4082
SPADES KING DIAMONDS SIX,0.5484,0.015,0.4366
SPADES TEN DIAMONDS SIX,0.535,0.0616,0.4034
SPADES JACK DIAMONDS SIX,0.5568,0.0398,0.4034
SPADES QUEEN SPADES TWO,0.6116,0.0332,0.3552
SPADES KING SPADES TWO,0.6108,0.0176,0.3716
SPADES ACE SPADES TWO,0.5956,0.0058,0.3986
CLUBS JACK DIAMONDS JACK,0.1992,0.0928,0.708
CLUBS TEN DIAMONDS JACK,0.5032,0.0242,0.4726
DIAMONDS JACK CLUBS KING,0.5222,0.008,0.4698
DIAMONDS JACK CLUBS QUEEN,0.5104,0.0138,0.4758
DIAMONDS THREE DIAMONDS JACK,0.6196,0.046,0.3344
DIAMONDS THREE DIAMONDS TEN,0.6042,0.0622,0.3336
DIAMONDS JACK CLUBS ACE,0.532,0.0038,0.4642
DIAMONDS THREE DIAMONDS KING,0.6178,0.0138,0.3684
HEARTS THREE DIAMONDS THREE,0.5418,0.282,0.1762
DIAMONDS THREE DIAMONDS QUEEN,0.6128,0.0284,0.3588
DIAMONDS THREE HEARTS TWO,0.742,0.1498,0.1082
DIAMONDS THREE DIAMONDS ACE,0.6054,0.004,0.3906
HEARTS FOUR DIAMONDS THREE,0.7324,0.1532,0.1144
HEARTS SEVEN DIAMONDS THREE,0.636,0.123,0.241
SPADES TEN SPADES NINE,0.481,0.0394,0.4796
HEARTS SIX DIAMONDS THREE,0.6292,0.129,0.2418
SPADES JACK SPADES NINE,0.4824,0.027,0.4906
DIAMONDS THREE HEARTS NINE,0.6496,0.0766,0.2738
HEARTS JACK DIAMONDS FOUR,0.638,0.0494,0.3126
HEARTS ACE HEARTS KING,0.4924,0.006,0.5016
SPADES TEN SPADES TWO,0.6028,0.059,0.3382
DIAMONDS THREE HEARTS EIGHT,0.645,0.0956,0.2594
HEARTS TEN DIAMONDS FOUR,0.6294,0.0618,0.3088
SPADES JACK SPADES TWO,0.602,0.044,0.354
HEARTS QUEEN DIAMONDS FOUR,0.6308,0.0358,0.3334
HEARTS KING DIAMONDS FOUR,0.6458,0.0176,0.3366
SPADES ACE SPADES NINE,0.5146,0.0034,0.482
HEARTS ACE DIAMONDS FOUR,0.6322,0.0048,0.363
SPADES KING SPADES NINE,0.4994,0.011,0.4896
SPADES QUEEN SPADES NINE,0.4972,0.0214,0.4814
DIAMONDS THREE SPADES NINE,0.638,0.0798,0.2822
DIAMONDS THREE SPADES EIGHT,0.6486,0.0954,0.256
DIAMONDS THREE SPADES SEVEN,0.65,0.1186,0.2314
DIAMONDS THREE SPADES SIX,0.6404,0.1324,0.2272
DIAMONDS THREE CLUBS SIX,0.6314,0.133,0.2356
CLUBS ACE DIAMONDS FOUR,0.635,0.0032,0.3618
DIAMONDS THREE CLUBS SEVEN,0.6466,0.1092,0.2442
DIAMONDS THREE CLUBS FOUR,0.7316,0.1536,0.1148
DIAMONDS FOUR CLUBS QUEEN,0.6484,0.0324,0.3192
DIAMONDS FOUR CLUBS KING,0.639,0.0174,0.3436
DIAMONDS THREE CLUBS TWO,0.7326,0.1486,0.1188
CLUBS TEN DIAMONDS FOUR,0.6316,0.0632,0.3052
DIAMONDS THREE CLUBS THREE,0.5532,0.2732,0.1736
CLUBS JACK DIAMONDS FOUR,0.636,0.0492,0.3148
DIAMONDS THREE SPADES FOUR,0.7222,0.1522,0.1256
DIAMONDS THREE SPADES FIVE,0.7666,0.1256,0.1078
DIAMONDS THREE SPADES TWO,0.7318,0.1638,0.1044
DIAMONDS THREE SPADES THREE,0.547,0.2764,0.1766
CLUBS EIGHT DIAMONDS THREE,0.6526,0.101,0.2464
CLUBS NINE DIAMONDS THREE,0.639,0.0838,0.2772
SPADES SEVEN CLUBS ACE,0.5432,0.0036,0.4532
SPADES SEVEN CLUBS QUEEN,0.5484,0.0276,0.424
SPADES SEVEN CLUBS KING,0.5476,0.0126,0.4398
CLUBS TEN SPADES SEVEN,0.5118,0.0552,0.433
CLUBS JACK SPADES SEVEN,0.533,0.0418,0.4252
CLUBS ACE CLUBS QUEEN,0.5056,0.0044,0.49
CLUBS KING CLUBS QUEEN,0.4834,0.0066,0.51
DIAMONDS TEN DIAMONDS FOUR,0.602,0.0658,0.3322
CLUBS TEN DIAMONDS NINE,0.494,0.0434,0.4626
DIAMONDS JACK DIAMONDS FOUR,0.6068,0.0452,0.348
CLUBS JACK DIAMONDS NINE,0.5124,0.0298,0.4578
CLUBS JACK SPADES NINE,0.5118,0.034,0.4542
CLUBS TEN SPADES NINE,0.4952,0.0448,0.46
DIAMONDS ACE DIAMONDS FOUR,0.6088,0.0044,0.3868
HEARTS FOUR DIAMONDS FOUR,0.5502,0.2792,0.1706
DIAMONDS JACK HEARTS TEN,0.4972,0.0296,0.4732
SPADES NINE CLUBS KING,0.5192,0.0114,0.4694
DIAMONDS TWO SPADES TEN,0.639,0.0574,0.3036
DIAMONDS NINE CLUBS ACE,0.5332,0.0042,0.4626
DIAMONDS JACK HEARTS JACK,0.2032,0.09,0.7068
SPADES NINE CLUBS QUEEN,0.524,0.0184,0.4576
DIAMONDS TWO SPADES JACK,0.6412,0.0538,0.305
DIAMONDS QUEEN DIAMONDS FOUR,0.6106,0.0334,0.356
HEARTS TWO DIAMONDS FOUR,0.7478,0.1438,0.1084
DIAMONDS NINE CLUBS QUEEN,0.529,0.0156,0.4554
DIAMONDS KING DIAMONDS FOUR,0.6208,0.018,0.3612
HEARTS THREE DIAMONDS FOUR,0.7332,0.1518,0.115
SPADES NINE CLUBS ACE,0.5348,0.0046,0.4606
DIAMONDS NINE CLUBS KING,0.5216,0.0088,0.4696
HEARTS ACE DIAMONDS JACK,0.5248,0.004,0.4712
SPADES ACE DIAMONDS TWO,0.6406,0.0038,0.3556
HEARTS QUEEN DIAMONDS JACK,0.5098,0.0136,0.4766
SPADES QUEEN DIAMONDS TWO,0.6456,0.031,0.3234
DIAMONDS JACK HEARTS KING,0.518,0.0088,0.4732
SPADES KING DIAMONDS TWO,0.6422,0.017,0.3408
SPADES JACK SPADES SEVEN,0.5078,0.031,0.4612
SPADES TEN SPADES SEVEN,0.4864,0.0522,0.4614
CLUBS SEVEN CLUBS THREE,0.6016,0.1216,0.2768
CLUBS SIX CLUBS THREE,0.6154,0.127,0.2576
CLUBS THREE CLUBS FOUR,0.6956,0.1476,0.1568
CLUBS NINE CLUBS THREE,0.603,0.0838,0.3132
CLUBS EIGHT CLUBS THREE,0.6236,0.0966,0.2798
CLUBS THREE SPADES FIVE,0.7744,0.1256,0.1
CLUBS THREE SPADES FOUR,0.7338,0.1496,0.1166
CLUBS THREE SPADES THREE,0.5516,0.2732,0.1752
CLUBS THREE SPADES TWO,0.731,0.1586,0.1104
CLUBS THREE SPADES SIX,0.64,0.1266,0.2334
CLUBS THREE SPADES SEVEN,0.623,0.1222,0.2548
SPADES EIGHT CLUBS THREE,0.6494,0.0984,0.2522
SPADES NINE CLUBS THREE,0.6392,0.0868,0.274
SPADES TWO DIAMONDS FOUR,0.74,0.147,0.113
SPADES THREE DIAMONDS FOUR,0.736,0.1462,0.1178
SPADES FOUR DIAMONDS FOUR,0.536,0.2876,0.1764
SPADES FIVE DIAMONDS FOUR,0.7452,0.1316,0.1232
SPADES SIX DIAMONDS FOUR,0.6348,0.12,0.2452
SPADES SEVEN DIAMONDS FOUR,0.638,0.1106,0.2514
SPADES EIGHT DIAMONDS FOUR,0.6424,0.1002,0.2574
SPADES NINE DIAMONDS FOUR,0.6532,0.0762,0.2706
CLUBS FOUR DIAMONDS FOUR,0.5502,0.268,0.1818
CLUBS SEVEN DIAMONDS FOUR,0.6462,0.1146,0.2392
CLUBS SIX DIAMONDS FOUR,0.6226,0.1362,0.2412
CLUBS NINE DIAMONDS FOUR,0.636,0.0878,0.2762
CLUBS EIGHT DIAMONDS FOUR,0.6408,0.1028,0.2564
HEARTS SEVEN DIAMONDS FOUR,0.6388,0.1164,0.2448
HEARTS SIX DIAMONDS FOUR,0.6284,0.134,0.2376
DIAMONDS FOUR HEARTS NINE,0.6484,0.0716,0.28
DIAMONDS FOUR HEARTS EIGHT,0.6406,0.0996,0.2598
CLUBS THREE DIAMONDS FOUR,0.7268,0.1578,0.1154
CLUBS TWO DIAMONDS FOUR,0.7392,0.1498,0.111
DIAMONDS TEN DIAMONDS FIVE,0.6288,0.051,0.3202
DIAMONDS JACK DIAMONDS FIVE,0.6254,0.0466,0.328
DIAMONDS NINE HEARTS QUEEN,0.5282,0.0188,0.453
DIAMONDS NINE HEARTS KING,0.5356,0.0128,0.4516
HEARTS ACE DIAMONDS NINE,0.5332,0.0038,0.463
DIAMONDS NINE HEARTS TEN,0.5022,0.0404,0.4574
DIAMONDS NINE HEARTS JACK,0.5076,0.0324,0.46
CLUBS KING DIAMONDS SIX,0.5364,0.0192,0.4444
CLUBS QUEEN DIAMONDS SIX,0.556,0.027,0.417
CLUBS ACE DIAMONDS SIX,0.5444,0.0048,0.4508
SPADES KING DIAMONDS FOUR,0.6336,0.016,0.3504
SPADES ACE SPADES SEVEN,0.5196,0.0036,0.4768
SPADES QUEEN DIAMONDS FOUR,0.6442,0.0286,0.3272
SPADES QUEEN SPADES SEVEN,0.5232,0.024,0.4528
CLUBS JACK DIAMONDS SIX,0.5554,0.042,0.4026
SPADES KING SPADES SEVEN,0.5276,0.0118,0.4606
SPADES ACE DIAMONDS FOUR,0.6272,0.0036,0.3692
CLUBS TEN DIAMONDS SIX,0.5296,0.0608,0.4096
CLUBS NINE CLUBS FOUR,0.624,0.0728,0.3032
CLUBS EIGHT CLUBS FOUR,0.621,0.0884,0.2906
SPADES JACK DIAMONDS FOUR,0.6316,0.0482,0.3202
SPADES TEN DIAMONDS FOUR,0.6414,0.057,0.3016
CLUBS SEVEN CLUBS FOUR,0.6134,0.1134,0.2732
CLUBS SIX CLUBS FOUR,0.6064,0.1184,0.2752
CLUBS SEVEN SPADES EIGHT,0.5072,0.0842,0.4086
SPADES NINE CLUBS SEVEN,0.5118,0.0728,0.4154
CLUBS SEVEN SPADES SIX,0.5106,0.104,0.3854
CLUBS SEVEN SPADES SEVEN,0.1848,0.2168,0.5984
CLUBS SEVEN SPADES FIVE,0.6234,0.0908,0.2858
CLUBS SEVEN SPADES FOUR,0.6254,0.121,0.2536
CLUBS SEVEN SPADES THREE,0.6318,0.1198,0.2484
CLUBS SEVEN SPADES TWO,0.6664,0.105,0.2286
CLUBS NINE CLUBS SEVEN,0.488,0.0634,0.4486
CLUBS EIGHT CLUBS SEVEN,0.4806,0.0872,0.4322
HEARTS SIX DIAMONDS FIVE,0.6186,0.0962,0.2852
HEARTS SEVEN DIAMONDS FIVE,0.6264,0.0906,0.283
DIAMONDS FIVE HEARTS EIGHT,0.629,0.0792,0.2918
DIAMONDS FIVE HEARTS NINE,0.648,0.0678,0.2842
DIAMONDS QUEEN DIAMONDS FIVE,0.6274,0.0328,0.3398
HEARTS TWO DIAMONDS FIVE,0.7972,0.1288,0.074
HEARTS KING HEARTS EIGHT,0.5136,0.0134,0.473
DIAMONDS KING DIAMONDS FIVE,0.6096,0.0304,0.36
HEARTS THREE DIAMONDS FIVE,0.7698,0.136,0.0942
HEARTS QUEEN HEARTS EIGHT,0.501,0.0244,0.4746
DIAMONDS ACE DIAMONDS FIVE,0.5888,0.0274,0.3838
HEARTS FOUR DIAMONDS FIVE,0.747,0.1296,0.1234
HEARTS ACE HEARTS EIGHT,0.5158,0.005,0.4792
CLUBS FOUR DIAMONDS FIVE,0.7482,0.1332,0.1186
CLUBS SIX DIAMONDS FIVE,0.606,0.104,0.29
CLUBS SEVEN DIAMONDS FIVE,0.6128,0.0948,0.2924
CLUBS TWO DIAMONDS FIVE,0.7914,0.1308,0.0778
CLUBS THREE DIAMONDS FIVE,0.7702,0.136,0.0938
SPADES THREE DIAMONDS FIVE,0.7664,0.125,0.1086
SPADES TWO DIAMONDS FIVE,0.7862,0.1236,0.0902
SPADES JACK DIAMONDS EIGHT,0.5268,0.0358,0.4374
SPADES FIVE DIAMONDS FIVE,0.0206,0.9602,0.0192
CLUBS TEN HEARTS JACK,0.482,0.0272,0.4908
SPADES TEN DIAMONDS EIGHT,0.52,0.043,0.437
SPADES FOUR DIAMONDS FIVE,0.738,0.1344,0.1276
CLUBS JACK HEARTS JACK,0.1864,0.0942,0.7194
HEARTS JACK CLUBS QUEEN,0.5012,0.0166,0.4822
CLUBS NINE DIAMONDS FIVE,0.6384,0.0704,0.2912
CLUBS EIGHT DIAMONDS FIVE,0.6266,0.0814,0.292
HEARTS JACK CLUBS KING,0.507,0.0096,0.4834
CLUBS ACE HEARTS JACK,0.5246,0.0068,0.4686
SPADES SEVEN DIAMONDS FIVE,0.6334,0.0836,0.283
SPADES KING DIAMONDS EIGHT,0.5456,0.012,0.4424
SPADES QUEEN DIAMONDS EIGHT,0.5388,0.0204,0.4408
SPADES SIX DIAMONDS FIVE,0.6094,0.1014,0.2892
SPADES NINE DIAMONDS FIVE,0.6586,0.0624,0.279
SPADES EIGHT DIAMONDS FIVE,0.6466,0.0726,0.2808
SPADES ACE DIAMONDS EIGHT,0.5382,0.0036,0.4582
DIAMONDS TEN DIAMONDS SIX,0.5034,0.0518,0.4448
HEARTS ACE DIAMONDS SEVEN,0.5286,0.0032,0.4682
DIAMONDS JACK DIAMONDS SIX,0.5166,0.0402,0.4432
HEARTS QUEEN DIAMONDS SEVEN,0.5562,0.0256,0.4182
HEARTS KING DIAMONDS SEVEN,0.543,0.0112,0.4458
DIAMONDS ACE DIAMONDS SIX,0.5268,0.0048,0.4684
HEARTS FOUR DIAMONDS SIX,0.6372,0.1242,0.2386
SPADES TWO HEARTS JACK,0.642,0.0436,0.3144
SPADES TWO HEARTS TEN,0.6292,0.0658,0.305
DIAMONDS QUEEN DIAMONDS SIX,0.5284,0.0234,0.4482
HEARTS TWO DIAMONDS SIX,0.6514,0.1288,0.2198
DIAMONDS KING DIAMONDS SIX,0.5144,0.0152,0.4704
HEARTS THREE DIAMONDS SIX,0.647,0.1326,0.2204
HEARTS EIGHT DIAMONDS SIX,0.5126,0.0906,0.3968
HEARTS NINE DIAMONDS SIX,0.5362,0.077,0.3868
HEARTS SIX DIAMONDS SIX,0.1824,0.252,0.5656
HEARTS SEVEN DIAMONDS SIX,0.5254,0.1014,0.3732
HEARTS TEN DIAMONDS SEVEN,0.52,0.0532,0.4268
CLUBS TWO DIAMONDS SIX,0.6562,0.133,0.2108
HEARTS JACK DIAMONDS SEVEN,0.541,0.0394,0.4196
CLUBS THREE DIAMONDS SIX,0.6426,0.1336,0.2238
CLUBS SEVEN DIAMONDS SIX,0.5016,0.1064,0.392
CLUBS JACK DIAMONDS EIGHT,0.5276,0.0296,0.4428
CLUBS SIX DIAMONDS SIX,0.1924,0.2506,0.557
CLUBS TEN DIAMONDS EIGHT,0.5004,0.0514,0.4482
CLUBS FOUR DIAMONDS SIX,0.6344,0.1302,0.2354
HEARTS ACE HEARTS JACK,0.4994,0.0034,0.4972
DIAMONDS EIGHT CLUBS ACE,0.5406,0.0046,0.4548
HEARTS QUEEN HEARTS JACK,0.5008,0.0144,0.4848
DIAMONDS EIGHT CLUBS KING,0.5468,0.0122,0.441
CLUBS NINE DIAMONDS SIX,0.5254,0.0762,0.3984
HEARTS KING HEARTS JACK,0.4828,0.0084,0.5088
CLUBS EIGHT DIAMONDS SIX,0.5154,0.0966,0.388
DIAMONDS EIGHT CLUBS QUEEN,0.534,0.0252,0.4408
SPADES TEN HEARTS KING,0.5244,0.009,0.4666
SPADES FIVE DIAMONDS SIX,0.6124,0.0988,0.2888
HEARTS ACE SPADES TWO,0.6474,0.005,0.3476
SPADES JACK HEARTS KING,0.5118,0.0086,0.4796
SPADES FOUR DIAMONDS SIX,0.631,0.1274,0.2416
SPADES THREE DIAMONDS SIX,0.644,0.1214,0.2346
HEARTS QUEEN SPADES TWO,0.6524,0.0314,0.3162
SPADES ACE SPADES KING,0.4864,0.0046,0.509
HEARTS KING SPADES TWO,0.6572,0.0154,0.3274
SPADES TWO DIAMONDS SIX,0.6396,0.1322,0.2282
HEARTS TEN HEARTS EIGHT,0.4958,0.0434,0.4608
SPADES NINE DIAMONDS SIX,0.5356,0.0746,0.3898
HEARTS JACK HEARTS EIGHT,0.5048,0.0346,0.4606
SPADES EIGHT DIAMONDS SIX,0.523,0.088,0.389
SPADES SEVEN DIAMONDS SIX,0.5292,0.0922,0.3786
SPADES SIX DIAMONDS SIX,0.1834,0.2436,0.573
SPADES KING HEARTS KING,0.1936,0.0318,0.7746
SPADES QUEEN HEARTS KING,0.5238,0.0072,0.469
CLUBS ACE CLUBS KING,0.4972,0.0048,0.498
SPADES ACE HEARTS KING,0.5394,0.0034,0.4572
SPADES ACE HEARTS JACK,0.5244,0.004,0.4716
SPADES QUEEN HEARTS JACK,0.5104,0.0158,0.4738
SPADES KING HEARTS JACK,0.5144,0.0062,0.4794
SPADES TEN DIAMONDS TEN,0.1888,0.1262,0.685
SPADES JACK DIAMONDS TEN,0.4996,0.0278,0.4726
SPADES ACE DIAMONDS TEN,0.5202,0.0028,0.477
SPADES JACK HEARTS JACK,0.1974,0.0858,0.7168
SPADES TEN HEARTS JACK,0.4864,0.0232,0.4904
SPADES QUEEN DIAMONDS TEN,0.5004,0.017,0.4826
SPADES KING DIAMONDS TEN,0.5178,0.0082,0.474
SPADES NINE DIAMONDS SEVEN,0.5316,0.0638,0.4046
SPADES EIGHT DIAMONDS SEVEN,0.5142,0.0758,0.41
SPADES SEVEN DIAMONDS SEVEN,0.1842,0.214,0.6018
SPADES SIX DIAMONDS SEVEN,0.5328,0.0952,0.372
DIAMONDS KING DIAMONDS SEVEN,0.5088,0.0142,0.477
HEARTS THREE DIAMONDS SEVEN,0.646,0.1168,0.2372
HEARTS KING DIAMONDS FIVE,0.6724,0.032,0.2956
DIAMONDS QUEEN DIAMONDS SEVEN,0.52,0.026,0.454
HEARTS TWO DIAMONDS SEVEN,0.6592,0.1132,0.2276
HEARTS QUEEN DIAMONDS FIVE,0.6708,0.0414,0.2878
DIAMONDS ACE DIAMONDS SEVEN,0.505,0.0046,0.4904
HEARTS FOUR DIAMONDS SEVEN,0.6274,0.1174,0.2552
HEARTS ACE DIAMONDS FIVE,0.6358,0.0254,0.3388
HEARTS SEVEN DIAMONDS SEVEN,0.19,0.223,0.587
HEARTS SIX DIAMONDS SEVEN,0.5204,0.1078,0.3718
DIAMONDS SEVEN HEARTS NINE,0.521,0.0682,0.4108
HEARTS EIGHT DIAMONDS SEVEN,0.5028,0.0808,0.4164
DIAMONDS JACK DIAMONDS SEVEN,0.5116,0.0358,0.4526
DIAMONDS FIVE HEARTS JACK,0.655,0.0458,0.2992
DIAMONDS TEN DIAMONDS SEVEN,0.4978,0.0514,0.4508
HEARTS TEN DIAMONDS FIVE,0.672,0.055,0.273
CLUBS EIGHT DIAMONDS SEVEN,0.5146,0.0792,0.4062
SPADES KING CLUBS TWO,0.6394,0.0158,0.3448
HEARTS KING CLUBS KING,0.184,0.0338,0.7822
SPADES QUEEN CLUBS TWO,0.6534,0.0332,0.3134
HEARTS KING CLUBS QUEEN,0.5158,0.0082,0.476
CLUBS NINE DIAMONDS SEVEN,0.5322,0.0696,0.3982
CLUBS JACK SPADES TWO,0.6376,0.0474,0.315
CLUBS SIX CLUBS SEVEN,0.4838,0.1062,0.41
SPADES ACE CLUBS TWO,0.6404,0.0066,0.353
CLUBS TEN SPADES TWO,0.6374,0.065,0.2976
HEARTS KING CLUBS ACE,0.5334,0.0056,0.461
SPADES TWO CLUBS KING,0.6382,0.019,0.3428
SPADES TWO DIAMONDS SEVEN,0.6526,0.1182,0.2292
CLUBS EIGHT CLUBS SIX,0.501,0.0808,0.4182
SPADES THREE DIAMONDS SEVEN,0.6498,0.109,0.2412
SPADES TWO CLUBS QUEEN,0.6458,0.027,0.3272
CLUBS NINE CLUBS SIX,0.5068,0.0688,0.4244
SPADES FOUR DIAMONDS SEVEN,0.6318,0.1136,0.2546
CLUBS JACK HEARTS KING,0.5168,0.0084,0.4748
SPADES FIVE DIAMONDS SEVEN,0.6252,0.0854,0.2894
SPADES TWO CLUBS ACE,0.6316,0.0066,0.3618
CLUBS TEN HEARTS KING,0.5108,0.0122,0.477
CLUBS SIX SPADES TWO,0.6404,0.132,0.2276
CLUBS SIX SPADES THREE,0.633,0.1322,0.2348
CLUBS TWO DIAMONDS SEVEN,0.6638,0.1104,0.2258
CLUBS SIX SPADES FOUR,0.632,0.1398,0.2282
CLUBS THREE DIAMONDS SEVEN,0.6562,0.1084,0.2354
CLUBS SIX SPADES FIVE,0.6014,0.1112,0.2874
CLUBS FOUR DIAMONDS SEVEN,0.6352,0.119,0.2458
CLUBS SIX SPADES SIX,0.1794,0.2456,0.575
CLUBS SIX SPADES SEVEN,0.5188,0.1024,0.3788
CLUBS SIX DIAMONDS SEVEN,0.5148,0.1,0.3852
CLUBS SIX SPADES EIGHT,0.5166,0.0972,0.3862
SPADES JACK CLUBS TWO,0.6446,0.0512,0.3042
CLUBS SEVEN DIAMONDS SEVEN,0.182,0.2214,0.5966
CLUBS SIX SPADES NINE,0.5338,0.076,0.3902
SPADES TEN CLUBS TWO,0.6432,0.0658,0.291
CLUBS TWO CLUBS QUEEN,0.6186,0.0356,0.3458
CLUBS TWO CLUBS KING,0.624,0.0168,0.3592
CLUBS THREE DIAMONDS EIGHT,0.6458,0.1022,0.252
CLUBS TWO CLUBS ACE,0.6212,0.0072,0.3716
CLUBS TWO DIAMONDS EIGHT,0.6592,0.102,0.2388
HEARTS SEVEN DIAMONDS EIGHT,0.5296,0.0802,0.3902
HEARTS SIX DIAMONDS EIGHT,0.5378,0.083,0.3792
DIAMONDS EIGHT HEARTS NINE,0.5038,0.0692,0.427
CLUBS TEN CLUBS TWO,0.6148,0.0608,0.3244
DIAMONDS EIGHT HEARTS EIGHT,0.1864,0.1824,0.6312
CLUBS JACK CLUBS TWO,0.6158,0.043,0.3412
CLUBS NINE DIAMONDS EIGHT,0.5004,0.0636,0.436
CLUBS EIGHT DIAMONDS EIGHT,0.1952,0.1732,0.6316
SPADES ACE SPADES THREE,0.601,0.0048,0.3942
CLUBS FOUR DIAMONDS EIGHT,0.6448,0.0926,0.2626
CLUBS SEVEN DIAMONDS EIGHT,0.5012,0.0814,0.4174
SPADES QUEEN SPADES THREE,0.613,0.027,0.36
CLUBS SIX DIAMONDS EIGHT,0.5186,0.0916,0.3898
SPADES KING SPADES THREE,0.6116,0.018,0.3704
DIAMONDS QUEEN DIAMONDS EIGHT,0.5072,0.0234,0.4694
HEARTS TWO DIAMONDS EIGHT,0.644,0.0962,0.2598
DIAMONDS KING DIAMONDS EIGHT,0.5178,0.0118,0.4704
HEARTS THREE DIAMONDS EIGHT,0.6534,0.0956,0.251
DIAMONDS ACE DIAMONDS EIGHT,0.5028,0.005,0.4922
HEARTS FOUR DIAMONDS EIGHT,0.634,0.1036,0.2624
DIAMONDS EIGHT DIAMONDS TEN,0.4972,0.0524,0.4504
DIAMONDS EIGHT DIAMONDS JACK,0.4918,0.0366,0.4716
SPADES JACK SPADES THREE,0.611,0.0462,0.3428
SPADES TEN SPADES THREE,0.6056,0.0622,0.3322
CLUBS FOUR HEARTS ACE,0.6346,0.0078,0.3576
CLUBS FOUR HEARTS QUEEN,0.6538,0.0316,0.3146
CLUBS FOUR HEARTS KING,0.6504,0.0188,0.3308
CLUBS SIX HEARTS TEN,0.536,0.0592,0.4048
CLUBS SIX HEARTS JACK,0.5502,0.0442,0.4056
DIAMONDS EIGHT SPADES FOUR,0.6318,0.0926,0.2756
SPADES FIVE DIAMONDS EIGHT,0.6342,0.082,0.2838
DIAMONDS EIGHT SPADES TWO,0.6406,0.1038,0.2556
DIAMONDS EIGHT SPADES THREE,0.6454,0.0976,0.257
CLUBS FOUR HEARTS JACK,0.639,0.0454,0.3156
SPADES EIGHT DIAMONDS EIGHT,0.1892,0.1912,0.6196
SPADES TEN DIAMONDS QUEEN,0.4984,0.0134,0.4882
SPADES TEN HEARTS TWO,0.6448,0.0698,0.2854
SPADES JACK HEARTS EIGHT,0.5264,0.0328,0.4408
CLUBS FOUR HEARTS TEN,0.6444,0.0658,0.2898
SPADES NINE DIAMONDS EIGHT,0.5066,0.0612,0.4322
SPADES TEN HEARTS EIGHT,0.5092,0.0488,0.442
SPADES JACK HEARTS TWO,0.6396,0.047,0.3134
SPADES JACK DIAMONDS QUEEN,0.5294,0.0136,0.457
SPADES SIX DIAMONDS EIGHT,0.5292,0.0954,0.3754
SPADES SEVEN DIAMONDS EIGHT,0.5154,0.0838,0.4008
SPADES ACE HEARTS TWO,0.6392,0.005,0.3558
SPADES ACE DIAMONDS QUEEN,0.525,0.0026,0.4724
SPADES ACE HEARTS EIGHT,0.5306,0.004,0.4654
SPADES KING HEARTS EIGHT,0.5344,0.0128,0.4528
SPADES QUEEN HEARTS TWO,0.6444,0.0324,0.3232
SPADES QUEEN DIAMONDS QUEEN,0.2024,0.058,0.7396
SPADES KING DIAMONDS QUEEN,0.5186,0.0068,0.4746
SPADES KING HEARTS TWO,0.649,0.017,0.334
SPADES QUEEN HEARTS EIGHT,0.5296,0.0238,0.4466
CLUBS TWO HEARTS TEN,0.6302,0.0678,0.302
CLUBS TWO HEARTS JACK,0.6546,0.046,0.2994
SPADES SEVEN DIAMONDS NINE,0.532,0.067,0.401
SPADES SIX DIAMONDS NINE,0.5278,0.0754,0.3968
SPADES NINE DIAMONDS NINE,0.1964,0.1574,0.6462
SPADES EIGHT DIAMONDS NINE,0.5,0.064,0.436
SPADES TEN CLUBS KING,0.5188,0.0076,0.4736
DIAMONDS NINE SPADES THREE,0.6378,0.0806,0.2816
SPADES JACK CLUBS KING,0.5058,0.0074,0.4868
DIAMONDS NINE SPADES TWO,0.6286,0.0826,0.2888
DIAMONDS NINE SPADES FIVE,0.6478,0.065,0.2872
DIAMONDS NINE SPADES FOUR,0.6546,0.0782,0.2672
CLUBS NINE DIAMONDS NINE,0.1934,0.157,0.6496
CLUBS EIGHT DIAMONDS NINE,0.5044,0.0594,0.4362
CLUBS SIX DIAMONDS NINE,0.5318,0.0746,0.3936
SPADES JACK CLUBS FOUR,0.646,0.0458,0.3082
CLUBS SEVEN DIAMONDS NINE,0.5234,0.0668,0.4098
SPADES TEN CLUBS FOUR,0.6426,0.0628,0.2946
CLUBS FOUR DIAMONDS NINE,0.654,0.0846,0.2614
DIAMONDS NINE CLUBS TWO,0.6522,0.08,0.2678
CLUBS THREE DIAMONDS NINE,0.6432,0.0794,0.2774
DIAMONDS NINE HEARTS EIGHT,0.5058,0.0642,0.43
DIAMONDS NINE HEARTS NINE,0.1868,0.1498,0.6634
HEARTS SIX DIAMONDS NINE,0.5312,0.0746,0.3942
HEARTS SEVEN DIAMONDS NINE,0.5198,0.073,0.4072
CLUBS EIGHT CLUBS NINE,0.4726,0.0692,0.4582
DIAMONDS ACE DIAMONDS NINE,0.5142,0.0038,0.482
HEARTS FOUR DIAMONDS NINE,0.65,0.0852,0.2648
HEARTS ACE CLUBS TWO,0.6398,0.0066,0.3536
SPADES ACE CLUBS FOUR,0.6372,0.0036,0.3592
DIAMONDS QUEEN DIAMONDS NINE,0.4932,0.0186,0.4882
HEARTS TWO DIAMONDS NINE,0.6404,0.0808,0.2788
CLUBS TWO HEARTS KING,0.6452,0.0178,0.337
SPADES KING CLUBS FOUR,0.6534,0.0164,0.3302
DIAMONDS KING DIAMONDS NINE,0.4928,0.0096,0.4976
HEARTS THREE DIAMONDS NINE,0.635,0.084,0.281
CLUBS TWO HEARTS QUEEN,0.6586,0.0296,0.3118
SPADES QUEEN CLUBS FOUR,0.6344,0.0306,0.335
DIAMONDS NINE DIAMONDS JACK,0.4954,0.0298,0.4748
CLUBS EIGHT SPADES NINE,0.5002,0.06,0.4398
DIAMONDS NINE DIAMONDS TEN,0.4646,0.0424,0.493
CLUBS EIGHT SPADES EIGHT,0.1888,0.1836,0.6276
CLUBS EIGHT SPADES SEVEN,0.5268,0.0792,0.394
CLUBS EIGHT SPADES SIX,0.5278,0.093,0.3792
CLUBS EIGHT SPADES FIVE,0.6408,0.08,0.2792
CLUBS EIGHT SPADES FOUR,0.6382,0.0978,0.264
CLUBS EIGHT SPADES THREE,0.641,0.099,0.26
CLUBS EIGHT SPADES TWO,0.641,0.1016,0.2574
HEARTS SIX DIAMONDS TEN,0.5272,0.062,0.4108
HEARTS SEVEN DIAMONDS TEN,0.5212,0.0544,0.4244
DIAMONDS TEN HEARTS EIGHT,0.5194,0.0412,0.4394
CLUBS JACK CLUBS FOUR,0.6146,0.0502,0.3352
DIAMONDS TEN HEARTS NINE,0.4864,0.0426,0.471
CLUBS TEN CLUBS FOUR,0.602,0.0646,0.3334
CLUBS FOUR CLUBS KING,0.6216,0.015,0.3634
CLUBS FOUR CLUBS QUEEN,0.6268,0.0284,0.3448
CLUBS TWO DIAMONDS TEN,0.641,0.0634,0.2956
CLUBS THREE DIAMONDS TEN,0.647,0.0632,0.2898
CLUBS FOUR CLUBS ACE,0.6104,0.0044,0.3852
DIAMONDS JACK DIAMONDS TEN,0.4656,0.0238,0.5106
DIAMONDS QUEEN DIAMONDS TEN,0.4644,0.0164,0.5192
HEARTS TWO DIAMONDS TEN,0.656,0.0632,0.2808
DIAMONDS KING DIAMONDS TEN,0.4832,0.0104,0.5064
HEARTS THREE DIAMONDS TEN,0.6434,0.0556,0.301
DIAMONDS ACE DIAMONDS TEN,0.499,0.0046,0.4964
HEARTS FOUR DIAMONDS TEN,0.6464,0.0632,0.2904
CLUBS EIGHT HEARTS JACK,0.5188,0.038,0.4432
CLUBS EIGHT HEARTS TEN,0.49,0.0524,0.4576
CLUBS EIGHT HEARTS QUEEN,0.5274,0.0214,0.4512
CLUBS EIGHT HEARTS KING,0.5412,0.012,0.4468
CLUBS EIGHT HEARTS ACE,0.5304,0.005,0.4646
CLUBS NINE SPADES THREE,0.6356,0.0866,0.2778
CLUBS NINE SPADES TWO,0.635,0.089,0.276
CLUBS NINE SPADES FIVE,0.654,0.0674,0.2786
CLUBS NINE SPADES FOUR,0.6408,0.081,0.2782
CLUBS NINE SPADES SEVEN,0.516,0.0684,0.4156
CLUBS NINE SPADES SIX,0.5234,0.0742,0.4024
CLUBS NINE SPADES NINE,0.1938,0.1614,0.6448
CLUBS TEN HEARTS EIGHT,0.508,0.0502,0.4418
CLUBS NINE SPADES EIGHT,0.5184,0.0614,0.4202
CLUBS JACK HEARTS EIGHT,0.5352,0.034,0.4308
HEARTS EIGHT CLUBS QUEEN,0.5328,0.0232,0.444
CLUBS KING HEARTS EIGHT,0.5302,0.0138,0.456
CLUBS ACE HEARTS EIGHT,0.5376,0.0026,0.4598
SPADES KING CLUBS KING,0.199,0.0412,0.7598
SPADES QUEEN CLUBS KING,0.506,0.006,0.488
SPADES ACE CLUBS KING,0.5282,0.005,0.4668
DIAMONDS ACE HEARTS TEN,0.5168,0.0062,0.477
HEARTS FOUR HEARTS TEN,0.6058,0.0618,0.3324
DIAMONDS ACE HEARTS JACK,0.5186,0.0028,0.4786
HEARTS FOUR HEARTS JACK,0.6022,0.0496,0.3482
HEARTS SEVEN DIAMONDS JACK,0.536,0.0386,0.4254
HEARTS SIX DIAMONDS JACK,0.5614,0.0398,0.3988
DIAMONDS JACK HEARTS NINE,0.5196,0.0286,0.4518
DIAMONDS JACK HEARTS EIGHT,0.5106,0.0342,0.4552
DIAMONDS KING DIAMONDS JACK,0.4926,0.01,0.4974
HEARTS THREE DIAMONDS JACK,0.6466,0.0424,0.311
SPADES ACE SPADES SIX,0.5204,0.0036,0.476
HEARTS ACE SPADES FOUR,0.6336,0.0052,0.3612
DIAMONDS QUEEN DIAMONDS JACK,0.482,0.0154,0.5026
HEARTS TWO DIAMONDS JACK,0.6482,0.045,0.3068
SPADES QUEEN SPADES SIX,0.5396,0.0258,0.4346
SPADES FOUR HEARTS QUEEN,0.6448,0.0294,0.3258
DIAMONDS ACE DIAMONDS JACK,0.496,0.0038,0.5002
HEARTS FOUR DIAMONDS JACK,0.6428,0.0452,0.312
SPADES KING SPADES SIX,0.5196,0.013,0.4674
SPADES FOUR HEARTS KING,0.6394,0.0174,0.3432
SPADES TEN SPADES SIX,0.4962,0.0566,0.4472
SPADES JACK SPADES SIX,0.5326,0.0442,0.4232
SPADES FOUR DIAMONDS JACK,0.6462,0.0494,0.3044
SPADES FIVE DIAMONDS JACK,0.6514,0.047,0.3016
DIAMONDS JACK SPADES TWO,0.6486,0.0432,0.3082
DIAMONDS JACK SPADES THREE,0.6506,0.0464,0.303
SPADES ACE DIAMONDS THREE,0.6476,0.0042,0.3482
CLUBS EIGHT DIAMONDS JACK,0.521,0.03,0.449
SPADES QUEEN DIAMONDS THREE,0.6378,0.0328,0.3294
SPADES KING DIAMONDS THREE,0.6406,0.0202,0.3392
CLUBS NINE DIAMONDS JACK,0.5148,0.031,0.4542
CLUBS SIX DIAMONDS JACK,0.5398,0.0448,0.4154
CLUBS SEVEN DIAMONDS JACK,0.5436,0.038,0.4184
CLUBS FOUR DIAMONDS JACK,0.6504,0.041,0.3086
CLUBS TWO DIAMONDS JACK,0.6434,0.048,0.3086
CLUBS THREE DIAMONDS JACK,0.6496,0.0454,0.305
SPADES JACK HEARTS SIX,0.5608,0.0422,0.397
HEARTS SIX SPADES TEN,0.5278,0.0534,0.4188
SPADES JACK DIAMONDS THREE,0.648,0.0428,0.3092
CLUBS SEVEN CLUBS ACE,0.5232,0.0074,0.4694
DIAMONDS THREE SPADES TEN,0.6406,0.0576,0.3018
CLUBS SEVEN CLUBS QUEEN,0.5156,0.0262,0.4582
CLUBS SEVEN CLUBS KING,0.5184,0.0146,0.467
SPADES NINE DIAMONDS JACK,0.5118,0.029,0.4592
CLUBS TEN CLUBS SEVEN,0.4914,0.0572,0.4514
DIAMONDS ACE HEARTS ACE,0.1834,0.0034,0.8132
HEARTS FOUR HEARTS ACE,0.5958,0.0052,0.399
SPADES EIGHT DIAMONDS JACK,0.5182,0.0332,0.4486
SPADES ACE HEARTS SIX,0.5482,0.0026,0.4492
CLUBS JACK CLUBS SEVEN,0.507,0.0348,0.4582
DIAMONDS ACE HEARTS KING,0.5266,0.0046,0.4688
HEARTS FOUR HEARTS KING,0.6138,0.0188,0.3674
SPADES SEVEN DIAMONDS JACK,0.5388,0.0392,0.422
SPADES KING HEARTS SIX,0.5526,0.0166,0.4308
DIAMONDS ACE HEARTS QUEEN,0.529,0.004,0.467
HEARTS FOUR HEARTS QUEEN,0.6156,0.0302,0.3542
SPADES QUEEN HEARTS SIX,0.553,0.0252,0.4218
SPADES SIX DIAMONDS JACK,0.5552,0.0392,0.4056
DIAMONDS TEN SPADES TWO,0.6452,0.0592,0.2956
SPADES THREE DIAMONDS TEN,0.648,0.0654,0.2866
SPADES FOUR DIAMONDS TEN,0.6326,0.0606,0.3068
SPADES FIVE DIAMONDS TEN,0.6676,0.0496,0.2828
SPADES SIX DIAMONDS TEN,0.5394,0.0528,0.4078
SPADES SEVEN DIAMONDS TEN,0.5266,0.0492,0.4242
SPADES EIGHT DIAMONDS TEN,0.525,0.0458,0.4292
SPADES NINE DIAMONDS TEN,0.49,0.0424,0.4676
CLUBS FOUR DIAMONDS TEN,0.644,0.064,0.292
CLUBS SIX DIAMONDS TEN,0.532,0.057,0.411
CLUBS SEVEN DIAMONDS TEN,0.5142,0.0476,0.4382
CLUBS EIGHT DIAMONDS TEN,0.5056,0.05,0.4444
CLUBS NINE DIAMONDS TEN,0.4968,0.0446,0.4586
CLUBS JACK DIAMONDS THREE,0.651,0.047,0.302
CLUBS TEN DIAMONDS THREE,0.6286,0.0706,0.3008
DIAMONDS THREE CLUBS KING,0.6478,0.0154,0.3368
DIAMONDS THREE CLUBS QUEEN,0.6494,0.0296,0.321
DIAMONDS THREE CLUBS ACE,0.6272,0.006,0.3668
SPADES FOUR HEARTS JACK,0.6244,0.0512,0.3244
SPADES FOUR HEARTS TEN,0.6334,0.0636,0.303
SPADES FIVE SPADES TWO,0.7392,0.1286,0.1322
SPADES FOUR SPADES TWO,0.6932,0.1518,0.155
SPADES THREE SPADES TWO,0.6954,0.1526,0.152
SPADES NINE SPADES TWO,0.607,0.0868,0.3062
SPADES EIGHT SPADES TWO,0.6122,0.0934,0.2944
SPADES SEVEN SPADES TWO,0.6218,0.1034,0.2748
SPADES SIX SPADES TWO,0.614,0.1238,0.2622
DIAMONDS QUEEN CLUBS THREE,0.6604,0.0286,0.311
CLUBS THREE HEARTS TWO,0.7448,0.1514,0.1038
DIAMONDS QUEEN CLUBS TWO,0.6544,0.0312,0.3144
HEARTS TWO CLUBS TWO,0.5548,0.2764,0.1688
HEARTS SEVEN DIAMONDS QUEEN,0.5504,0.0282,0.4214
HEARTS SEVEN HEARTS TWO,0.6008,0.1166,0.2826
HEARTS SIX DIAMONDS QUEEN,0.5522,0.0294,0.4184
HEARTS SIX HEARTS TWO,0.6186,0.1284,0.253
DIAMONDS QUEEN HEARTS NINE,0.5238,0.017,0.4592
HEARTS TWO HEARTS NINE,0.6114,0.0768,0.3118
DIAMONDS QUEEN HEARTS EIGHT,0.5334,0.0266,0.44
HEARTS TWO HEARTS EIGHT,0.6378,0.0962,0.266
CLUBS NINE HEARTS TWO,0.6542,0.078,0.2678
CLUBS NINE DIAMONDS QUEEN,0.525,0.018,0.457
CLUBS EIGHT DIAMONDS QUEEN,0.5316,0.0188,0.4496
CLUBS EIGHT HEARTS TWO,0.642,0.099,0.259
SPADES EIGHT HEARTS ACE,0.524,0.0052,0.4708
DIAMONDS QUEEN CLUBS FOUR,0.6508,0.0336,0.3156
HEARTS TWO CLUBS FOUR,0.7572,0.1458,0.097
CLUBS SEVEN DIAMONDS QUEEN,0.5486,0.0272,0.4242
CLUBS SEVEN HEARTS TWO,0.651,0.1176,0.2314
SPADES EIGHT HEARTS QUEEN,0.5428,0.02,0.4372
CLUBS SIX DIAMONDS QUEEN,0.5452,0.0276,0.4272
CLUBS SIX HEARTS TWO,0.6536,0.126,0.2204
SPADES EIGHT HEARTS KING,0.5452,0.0126,0.4422
HEARTS TWO SPADES SIX,0.6596,0.1264,0.214
DIAMONDS QUEEN SPADES SIX,0.552,0.0248,0.4232
HEARTS FOUR CLUBS QUEEN,0.6484,0.0338,0.3178
DIAMONDS ACE CLUBS QUEEN,0.5192,0.0054,0.4754
DIAMONDS QUEEN SPADES SEVEN,0.5482,0.0288,0.423
HEARTS TWO SPADES SEVEN,0.6608,0.1092,0.23
HEARTS FOUR CLUBS KING,0.6466,0.021,0.3324
DIAMONDS ACE CLUBS KING,0.5316,0.0044,0.464
DIAMONDS QUEEN SPADES EIGHT,0.5344,0.023,0.4426
SPADES EIGHT HEARTS TWO,0.6594,0.0954,0.2452
HEARTS FOUR CLUBS ACE,0.6332,0.007,0.3598
DIAMONDS ACE CLUBS ACE,0.1892,0.004,0.8068
SPADES NINE DIAMONDS QUEEN,0.533,0.0188,0.4482
SPADES NINE HEARTS TWO,0.644,0.0822,0.2738
HEARTS TWO SPADES TWO,0.5376,0.2846,0.1778
DIAMONDS QUEEN SPADES TWO,0.6474,0.0316,0.321
HEARTS TWO SPADES THREE,0.748,0.1472,0.1048
DIAMONDS QUEEN SPADES THREE,0.64,0.028,0.332
HEARTS TWO SPADES FOUR,0.7324,0.1514,0.1162
DIAMONDS QUEEN SPADES FOUR,0.645,0.034,0.321
CLUBS TEN HEARTS FOUR,0.6454,0.0688,0.2858
CLUBS TEN DIAMONDS ACE,0.5224,0.0052,0.4724
HEARTS TWO SPADES FIVE,0.7876,0.1352,0.0772
DIAMONDS QUEEN SPADES FIVE,0.6558,0.0398,0.3044
HEARTS FOUR CLUBS JACK,0.6396,0.0472,0.3132
CLUBS JACK DIAMONDS ACE,0.5208,0.004,0.4752
SPADES KING CLUBS JACK,0.5132,0.0092,0.4776
CLUBS JACK SPADES QUEEN,0.516,0.0142,0.4698
SPADES ACE CLUBS JACK,0.517,0.0038,0.4792
SPADES SIX CLUBS KING,0.5448,0.0158,0.4394
SPADES SIX CLUBS QUEEN,0.551,0.0246,0.4244
SPADES EIGHT HEARTS JACK,0.5254,0.036,0.4386
SPADES SIX CLUBS ACE,0.554,0.0044,0.4416
SPADES EIGHT HEARTS TEN,0.5124,0.0542,0.4334
CLUBS JACK SPADES SIX,0.5404,0.044,0.4156
CLUBS TEN SPADES SIX,0.5264,0.0546,0.419
CLUBS JACK SPADES TEN,0.4882,0.0304,0.4814
CLUBS JACK SPADES JACK,0.2006,0.0898,0.7096
SPADES QUEEN CLUBS SEVEN,0.5426,0.0286,0.4288
SPADES KING CLUBS SEVEN,0.544,0.0156,0.4404
SPADES ACE CLUBS SEVEN,0.5408,0.002,0.4572
SPADES SIX HEARTS TEN,0.5366,0.0558,0.4076
SPADES SIX HEARTS JACK,0.5524,0.041,0.4066
SPADES SIX HEARTS ACE,0.5446,0.004,0.4514
SPADES SIX HEARTS KING,0.532,0.0138,0.4542
SPADES SIX HEARTS QUEEN,0.5542,0.0288,0.417
SPADES JACK CLUBS SEVEN,0.5422,0.0352,0.4226
SPADES TEN CLUBS SEVEN,0.5378,0.0442,0.418
CLUBS TEN HEARTS SIX,0.535,0.052,0.413
CLUBS JACK HEARTS SIX,0.5376,0.0394,0.423
CLUBS JACK CLUBS ACE,0.5044,0.0062,0.4894
HEARTS SIX CLUBS QUEEN,0.555,0.0282,0.4168
HEARTS SIX CLUBS KING,0.553,0.0166,0.4304
HEARTS SIX CLUBS ACE,0.5416,0.0052,0.4532
CLUBS JACK CLUBS QUEEN,0.4788,0.016,0.5052
CLUBS JACK CLUBS KING,0.4946,0.007,0.4984
DIAMONDS THREE HEARTS ACE,0.6442,0.0064,0.3494
DIAMONDS THREE HEARTS QUEEN,0.6398,0.0276,0.3326
DIAMONDS THREE HEARTS KING,0.6424,0.0142,0.3434
SPADES TEN DIAMONDS ACE,0.5174,0.0044,0.4782
HEARTS FOUR SPADES TEN,0.65,0.0582,0.2918
HEARTS FOUR SPADES JACK,0.6582,0.0456,0.2962
SPADES JACK DIAMONDS ACE,0.5262,0.0052,0.4686
SPADES ACE HEARTS FOUR,0.6412,0.0062,0.3526
SPADES ACE DIAMONDS ACE,0.1894,0.0044,0.8062
HEARTS FOUR SPADES QUEEN,0.6572,0.0302,0.3126
SPADES QUEEN DIAMONDS ACE,0.5346,0.004,0.4614
CLUBS JACK SPADES FOUR,0.6322,0.0464,0.3214
SPADES KING DIAMONDS ACE,0.5342,0.0028,0.463
HEARTS FOUR SPADES KING,0.645,0.0152,0.3398
CLUBS TEN SPADES FOUR,0.6424,0.0676,0.29
DIAMONDS QUEEN DIAMONDS ACE,0.4894,0.003,0.5076
HEARTS TWO DIAMONDS ACE,0.6478,0.005,0.3472
HEARTS FOUR DIAMONDS QUEEN,0.6406,0.0336,0.3258
HEARTS FOUR HEARTS TWO,0.699,0.1472,0.1538
DIAMONDS THREE HEARTS TEN,0.6332,0.0676,0.2992
SPADES FOUR CLUBS KING,0.6442,0.0174,0.3384
DIAMONDS THREE HEARTS JACK,0.6338,0.0502,0.316
SPADES FOUR CLUBS QUEEN,0.6436,0.0336,0.3228
DIAMONDS QUEEN HEARTS TWO,0.6534,0.0338,0.3128
DIAMONDS KING DIAMONDS QUEEN,0.483,0.0082,0.5088
DIAMONDS KING HEARTS TWO,0.6598,0.0194,0.3208
HEARTS THREE DIAMONDS QUEEN,0.6478,0.0332,0.319
HEARTS THREE HEARTS TWO,0.7086,0.1506,0.1408
SPADES FOUR CLUBS ACE,0.6326,0.0068,0.3606
HEARTS TWO CLUBS ACE,0.6484,0.0048,0.3468
DIAMONDS QUEEN CLUBS ACE,0.5172,0.005,0.4778
HEARTS TWO CLUBS QUEEN,0.6544,0.0292,0.3164
DIAMONDS QUEEN CLUBS QUEEN,0.197,0.0636,0.7394
HEARTS TWO CLUBS KING,0.6584,0.0188,0.3228
DIAMONDS QUEEN CLUBS KING,0.5244,0.0074,0.4682
SPADES EIGHT SPADES FIVE,0.6066,0.0742,0.3192
CLUBS TEN HEARTS TWO,0.633,0.0654,0.3016
CLUBS TEN DIAMONDS QUEEN,0.5066,0.0136,0.4798
SPADES NINE SPADES FIVE,0.6176,0.0638,0.3186
CLUBS JACK HEARTS TWO,0.6406,0.0454,0.314
CLUBS JACK DIAMONDS QUEEN,0.5062,0.0148,0.479
SPADES SIX SPADES FIVE,0.5872,0.0992,0.3136
SPADES SEVEN SPADES FIVE,0.596,0.0818,0.3222
DIAMONDS FIVE CLUBS QUEEN,0.652,0.0332,0.3148
SPADES EIGHT CLUBS ACE,0.5348,0.0052,0.46
DIAMONDS FIVE CLUBS KING,0.6666,0.0262,0.3072
SPADES EIGHT CLUBS KING,0.5348,0.0158,0.4494
DIAMONDS FIVE CLUBS ACE,0.635,0.0282,0.3368
SPADES EIGHT CLUBS QUEEN,0.5222,0.0254,0.4524
CLUBS JACK SPADES EIGHT,0.5242,0.0318,0.444
CLUBS TEN SPADES EIGHT,0.5084,0.0526,0.439
CLUBS TEN DIAMONDS FIVE,0.6732,0.0506,0.2762
CLUBS JACK DIAMONDS FIVE,0.6558,0.0462,0.298
DIAMONDS TEN HEARTS JACK,0.479,0.0274,0.4936
DIAMONDS TEN HEARTS TEN,0.188,0.126,0.686
SPADES ACE CLUBS NINE,0.5438,0.0036,0.4526
SPADES QUEEN CLUBS NINE,0.5246,0.0204,0.455
SPADES KING CLUBS NINE,0.5228,0.0126,0.4646
HEARTS SIX HEARTS KING,0.5034,0.0172,0.4794
DIAMONDS KING SPADES SEVEN,0.5418,0.0132,0.445
HEARTS THREE SPADES SEVEN,0.6656,0.1074,0.227
SPADES KING DIAMONDS SEVEN,0.5458,0.0126,0.4416
HEARTS SIX HEARTS QUEEN,0.522,0.0238,0.4542
SPADES QUEEN DIAMONDS SEVEN,0.5494,0.0254,0.4252
HEARTS THREE SPADES SIX,0.6468,0.1316,0.2216
DIAMONDS KING SPADES SIX,0.5546,0.0146,0.4308
DIAMONDS KING SPADES NINE,0.5368,0.0102,0.453
HEARTS THREE SPADES NINE,0.6508,0.0836,0.2656
HEARTS SIX HEARTS ACE,0.5208,0.003,0.4762
DIAMONDS KING SPADES EIGHT,0.5398,0.01,0.4502
