opposingHand,winningChance,drawChance,lostChance
HEARTS EIGHT DIAMONDS NINE
DIAMONDS ACE SPADES FIVE,0.4284,0.0034,0.5682
CLUBS SIX CLUBS FIVE,0.5786,0.0378,0.3836
HEARTS THREE DIAMONDS JACK,0.467,0.015,0.518
CLUBS FIVE DIAMONDS ACE,0.4324,0.0052,0.5624
SPADES TEN CLUBS SEVEN,0.3992,0.022,0.5788
CLUBS FIVE DIAMONDS SIX,0.6116,0.0348,0.3536
HEARTS ACE HEARTS KING,0.346,0.006,0.648
SPADES FOUR DIAMONDS SIX,0.6294,0.0398,0.3308
CLUBS JACK DIAMONDS JACK,0.1624,0.0326,0.805
HEARTS FOUR DIAMONDS EIGHT,0.6932,0.1072,0.1996
SPADES ACE DIAMONDS SEVEN,0.414,0.0044,0.5816
SPADES EIGHT SPADES THREE,0.636,0.0966,0.2674
CLUBS SEVEN DIAMONDS SEVEN,0.4124,0.0618,0.5258
DIAMONDS TWO HEARTS FIVE,0.6348,0.0428,0.3224
CLUBS SEVEN SPADES SEVEN,0.4032,0.056,0.5408
SPADES THREE HEARTS KING,0.4228,0.0068,0.5704
SPADES NINE HEARTS QUEEN,0.2606,0.043,0.6964
DIAMONDS THREE SPADES FIVE,0.627,0.0414,0.3316
CLUBS EIGHT HEARTS QUEEN,0.2844,0.0404,0.6752
DIAMONDS TWO HEARTS JACK,0.4476,0.0158,0.5366
SPADES NINE HEARTS NINE,0.1304,0.072,0.7976
HEARTS ACE DIAMONDS SIX,0.4202,0.0062,0.5736
DIAMONDS TWO DIAMONDS SEVEN,0.648,0.039,0.313
CLUBS FIVE CLUBS TWO,0.5862,0.0444,0.3694
HEARTS SEVEN SPADES QUEEN,0.4312,0.0078,0.561
CLUBS JACK HEARTS QUEEN,0.3504,0.0092,0.6404
SPADES TEN CLUBS ACE,0.3726,0.0038,0.6236
CLUBS JACK SPADES TWO,0.4402,0.0164,0.5434
DIAMONDS TEN HEARTS KING,0.3478,0.0062,0.646
SPADES EIGHT CLUBS THREE,0.677,0.108,0.215
SPADES FIVE DIAMONDS JACK,0.4354,0.0166,0.548
HEARTS SIX HEARTS TEN,0.4016,0.0246,0.5738
SPADES TEN CLUBS FOUR,0.4448,0.0232,0.532
CLUBS TWO HEARTS KING,0.4476,0.0082,0.5442
DIAMONDS TEN HEARTS QUEEN,0.3406,0.0142,0.6452
HEARTS SIX SPADES EIGHT,0.6596,0.102,0.2384
HEARTS SEVEN CLUBS FOUR,0.644,0.0374,0.3186
SPADES ACE HEARTS FIVE,0.4226,0.0052,0.5722
SPADES KING HEARTS KING,0.1686,0.0154,0.816
CLUBS THREE SPADES FOUR,0.6408,0.0358,0.3234
CLUBS EIGHT HEARTS JACK,0.2552,0.0502,0.6946
DIAMONDS EIGHT DIAMONDS FIVE,0.6388,0.0986,0.2626
DIAMONDS TWO CLUBS TWO,0.4538,0.0608,0.4854
HEARTS TWO DIAMONDS JACK,0.4584,0.0184,0.5232
HEARTS FIVE DIAMONDS EIGHT,0.659,0.1108,0.2302
HEARTS THREE SPADES SEVEN,0.6504,0.0384,0.3112
SPADES FIVE CLUBS ACE,0.4292,0.0032,0.5676
DIAMONDS JACK SPADES TWO,0.4494,0.0168,0.5338
HEARTS THREE CLUBS ACE,0.45,0.0052,0.5448
CLUBS NINE DIAMONDS JACK,0.2494,0.0624,0.6882
HEARTS SIX HEARTS FOUR,0.6056,0.0344,0.36
CLUBS SIX DIAMONDS SIX,0.418,0.0632,0.5188
HEARTS FIVE SPADES JACK,0.445,0.0138,0.5412
HEARTS FIVE DIAMONDS JACK,0.4316,0.0198,0.5486
CLUBS SIX HEARTS TEN,0.4194,0.0258,0.5548
SPADES QUEEN CLUBS SIX,0.4272,0.0102,0.5626
DIAMONDS QUEEN DIAMONDS SEVEN,0.4112,0.0106,0.5782
DIAMONDS ACE HEARTS ACE,0.1696,0.0034,0.827
SPADES SIX DIAMONDS FIVE,0.6202,0.0354,0.3444
HEARTS SIX DIAMONDS QUEEN,0.4236,0.0144,0.562
SPADES EIGHT HEARTS TEN,0.2424,0.0712,0.6864
HEARTS QUEEN HEARTS TEN,0.3368,0.0106,0.6526
DIAMONDS KING HEARTS KING,0.1722,0.0182,0.8096
CLUBS SIX SPADES SIX,0.4236,0.0618,0.5146
DIAMONDS SIX DIAMONDS FIVE,0.585,0.0346,0.3804
DIAMONDS TWO CLUBS NINE,0.5574,0.2338,0.2088
DIAMONDS KING CLUBS TWO,0.44,0.0092,0.5508
HEARTS ACE HEARTS QUEEN,0.3512,0.0052,0.6436
HEARTS FIVE HEARTS TWO,0.5994,0.0358,0.3648
SPADES KING HEARTS JACK,0.3558,0.007,0.6372
DIAMONDS EIGHT CLUBS KING,0.3016,0.0296,0.6688
SPADES KING DIAMONDS TWO,0.4424,0.0064,0.5512
DIAMONDS JACK DIAMONDS FIVE,0.427,0.0188,0.5542
SPADES TEN SPADES SIX,0.4026,0.0268,0.5706
SPADES KING SPADES TWO,0.4116,0.0056,0.5828
SPADES FOUR DIAMONDS FIVE,0.6186,0.0402,0.3412
DIAMONDS ACE SPADES THREE,0.4318,0.0052,0.563
HEARTS SIX SPADES FOUR,0.6226,0.0354,0.342
SPADES QUEEN CLUBS FIVE,0.4384,0.01,0.5516
SPADES NINE DIAMONDS EIGHT,0.0196,0.9674,0.013
DIAMONDS QUEEN CLUBS TWO,0.4506,0.0092,0.5402
DIAMONDS JACK DIAMONDS FOUR,0.422,0.019,0.559
CLUBS FOUR DIAMONDS FIVE,0.6178,0.0366,0.3456
HEARTS QUEEN DIAMONDS FOUR,0.4396,0.0118,0.5486
SPADES JACK DIAMONDS FOUR,0.455,0.0146,0.5304
HEARTS QUEEN CLUBS ACE,0.367,0.0034,0.6296
CLUBS SEVEN HEARTS NINE,0.544,0.2222,0.2338
CLUBS SIX SPADES EIGHT,0.6462,0.1082,0.2456
HEARTS FIVE HEARTS FOUR,0.5806,0.0398,0.3796
DIAMONDS THREE DIAMONDS TWO,0.5992,0.041,0.3598
SPADES FIVE CLUBS QUEEN,0.4476,0.0096,0.5428
DIAMONDS SIX CLUBS QUEEN,0.4136,0.0128,0.5736
DIAMONDS TEN DIAMONDS EIGHT,0.2342,0.0672,0.6986
SPADES QUEEN CLUBS FOUR,0.4454,0.0102,0.5444
CLUBS NINE SPADES JACK,0.2544,0.0548,0.6908
CLUBS NINE SPADES TEN,0.2496,0.0746,0.6758
HEARTS FOUR CLUBS FIVE,0.602,0.0386,0.3594
SPADES SEVEN CLUBS QUEEN,0.4286,0.0114,0.56
SPADES QUEEN DIAMONDS JACK,0.3388,0.0118,0.6494
SPADES KING CLUBS EIGHT,0.291,0.027,0.682
CLUBS ACE DIAMONDS FOUR,0.4322,0.0046,0.5632
DIAMONDS JACK DIAMONDS SEVEN,0.3994,0.017,0.5836
SPADES FOUR CLUBS KING,0.4352,0.0066,0.5582
CLUBS EIGHT DIAMONDS KING,0.2884,0.0282,0.6834
DIAMONDS TWO HEARTS QUEEN,0.4522,0.0144,0.5334
SPADES TWO CLUBS QUEEN,0.458,0.0106,0.5314
DIAMONDS SIX DIAMONDS FOUR,0.578,0.041,0.381
SPADES QUEEN HEARTS FOUR,0.4684,0.0082,0.5234
CLUBS FIVE SPADES TWO,0.6154,0.0348,0.3498
HEARTS FOUR CLUBS SIX,0.6294,0.038,0.3326
CLUBS SEVEN CLUBS TWO,0.626,0.0336,0.3404
SPADES TEN SPADES TWO,0.4112,0.0264,0.5624
CLUBS SIX HEARTS KING,0.4192,0.0104,0.5704
CLUBS THREE HEARTS NINE,0.5528,0.2262,0.221
CLUBS JACK SPADES QUEEN,0.3464,0.008,0.6456
SPADES SEVEN CLUBS ACE,0.434,0.0022,0.5638
SPADES QUEEN SPADES TWO,0.4172,0.013,0.5698
SPADES TEN CLUBS FIVE,0.4294,0.025,0.5456
HEARTS FIVE SPADES THREE,0.6084,0.0352,0.3564
CLUBS THREE DIAMONDS QUEEN,0.4356,0.0128,0.5516
HEARTS THREE DIAMONDS FIVE,0.6242,0.0388,0.337
SPADES KING HEARTS ACE,0.3456,0.0028,0.6516
DIAMONDS TWO HEARTS KING,0.432,0.0084,0.5596
SPADES ACE SPADES SEVEN,0.4088,0.0054,0.5858
HEARTS SIX HEARTS NINE,0.5304,0.2152,0.2544
CLUBS ACE DIAMONDS SIX,0.4222,0.0034,0.5744
CLUBS THREE CLUBS KING,0.4132,0.008,0.5788
HEARTS FIVE DIAMONDS SEVEN,0.6298,0.0434,0.3268
HEARTS FIVE HEARTS JACK,0.419,0.0148,0.5662
SPADES TEN DIAMONDS JACK,0.337,0.0144,0.6486
HEARTS KING CLUBS QUEEN,0.357,0.0074,0.6356
DIAMONDS TWO HEARTS NINE,0.566,0.2304,0.2036
DIAMONDS ACE CLUBS TWO,0.4332,0.005,0.5618
CLUBS FOUR CLUBS ACE,0.4056,0.0044,0.59
CLUBS TEN HEARTS TEN,0.164,0.0404,0.7956
SPADES QUEEN DIAMONDS ACE,0.3664,0.0036,0.63
DIAMONDS KING DIAMONDS FIVE,0.4098,0.0066,0.5836
SPADES ACE CLUBS ACE,0.186,0.0034,0.8106
SPADES TWO CLUBS KING,0.4384,0.0066,0.555
HEARTS SIX SPADES NINE,0.5398,0.2346,0.2256
CLUBS NINE SPADES EIGHT,0.0254,0.9494,0.0252
SPADES THREE CLUBS KING,0.4316,0.0072,0.5612
DIAMONDS THREE HEARTS QUEEN,0.449,0.0154,0.5356
DIAMONDS ACE DIAMONDS SIX,0.4174,0.0038,0.5788
SPADES ACE CLUBS QUEEN,0.3782,0.003,0.6188
SPADES NINE CLUBS THREE,0.5622,0.2216,0.2162
DIAMONDS QUEEN CLUBS QUEEN,0.184,0.021,0.795
DIAMONDS TWO CLUBS SEVEN,0.672,0.0388,0.2892
CLUBS JACK HEARTS TEN,0.3424,0.0112,0.6464
CLUBS JACK CLUBS ACE,0.3464,0.0038,0.6498
HEARTS FOUR CLUBS QUEEN,0.4588,0.0122,0.529
CLUBS TWO CLUBS QUEEN,0.427,0.0114,0.5616
DIAMONDS KING SPADES FOUR,0.448,0.0074,0.5446
SPADES TEN SPADES THREE,0.423,0.0254,0.5516
HEARTS JACK DIAMONDS FIVE,0.4494,0.0172,0.5334
CLUBS NINE HEARTS QUEEN,0.2568,0.047,0.6962
HEARTS ACE DIAMONDS SEVEN,0.411,0.0046,0.5844
DIAMONDS THREE SPADES EIGHT,0.6668,0.1118,0.2214
DIAMONDS THREE DIAMONDS TEN,0.424,0.0228,0.5532
DIAMONDS TEN DIAMONDS FOUR,0.4182,0.0224,0.5594
DIAMONDS KING DIAMONDS QUEEN,0.3436,0.0076,0.6488
SPADES ACE SPADES JACK,0.3434,0.0036,0.653
HEARTS FIVE SPADES EIGHT,0.661,0.1014,0.2376
CLUBS JACK CLUBS NINE,0.2378,0.0548,0.7074
HEARTS SEVEN SPADES KING,0.427,0.0082,0.5648
CLUBS SEVEN HEARTS QUEEN,0.4388,0.0144,0.5468
DIAMONDS THREE CLUBS FIVE,0.6184,0.0398,0.3418
SPADES FOUR DIAMONDS EIGHT,0.6662,0.1104,0.2234
HEARTS TWO SPADES FIVE,0.6308,0.0372,0.332
CLUBS NINE CLUBS SEVEN,0.518,0.2186,0.2634
SPADES SIX HEARTS JACK,0.4368,0.0156,0.5476
DIAMONDS JACK DIAMONDS EIGHT,0.2554,0.051,0.6936
DIAMONDS TWO DIAMONDS TEN,0.4266,0.0248,0.5486
DIAMONDS ACE SPADES TWO,0.4376,0.004,0.5584
HEARTS SIX DIAMONDS ACE,0.4228,0.0038,0.5734
DIAMONDS ACE HEARTS KING,0.3474,0.0046,0.648
CLUBS ACE DIAMONDS FIVE,0.4346,0.0048,0.5606
CLUBS EIGHT HEARTS FOUR,0.6884,0.1084,0.2032
HEARTS JACK DIAMONDS SIX,0.4304,0.0186,0.551
SPADES ACE DIAMONDS EIGHT,0.2952,0.0212,0.6836
CLUBS NINE HEARTS JACK,0.2642,0.0566,0.6792
CLUBS SEVEN DIAMONDS SIX,0.6204,0.0404,0.3392
CLUBS JACK SPADES SEVEN,0.4104,0.0144,0.5752
HEARTS SIX HEARTS JACK,0.4144,0.018,0.5676
SPADES QUEEN CLUBS QUEEN,0.178,0.0214,0.8006
CLUBS JACK SPADES FIVE,0.4396,0.0166,0.5438
DIAMONDS JACK HEARTS JACK,0.1662,0.0346,0.7992
SPADES TEN HEARTS QUEEN,0.3576,0.0104,0.632
CLUBS NINE SPADES FIVE,0.5556,0.2194,0.225
SPADES FOUR HEARTS TEN,0.4326,0.0286,0.5388
CLUBS SEVEN DIAMONDS JACK,0.4222,0.0152,0.5626
HEARTS JACK HEARTS NINE,0.2456,0.0556,0.6988
SPADES EIGHT HEARTS QUEEN,0.2868,0.035,0.6782
CLUBS TWO DIAMONDS SEVEN,0.679,0.0396,0.2814
HEARTS FOUR HEARTS TEN,0.4296,0.0256,0.5448
DIAMONDS ACE DIAMONDS FIVE,0.4004,0.0054,0.5942
HEARTS TWO CLUBS FIVE,0.6328,0.0398,0.3274
SPADES SIX CLUBS TWO,0.6552,0.041,0.3038
HEARTS THREE SPADES TWO,0.6316,0.0438,0.3246
HEARTS FOUR CLUBS ACE,0.4274,0.0044,0.5682
SPADES KING SPADES TEN,0.3414,0.0068,0.6518
CLUBS TEN HEARTS ACE,0.3566,0.0038,0.6396
DIAMONDS KING CLUBS ACE,0.3514,0.0042,0.6444
CLUBS EIGHT HEARTS ACE,0.2716,0.018,0.7104
SPADES THREE CLUBS ACE,0.4348,0.0028,0.5624
DIAMONDS KING DIAMONDS SEVEN,0.4084,0.0076,0.584
CLUBS SIX HEARTS TWO,0.651,0.0386,0.3104
SPADES JACK CLUBS SIX,0.4374,0.0182,0.5444
CLUBS EIGHT CLUBS SEVEN,0.6214,0.0914,0.2872
DIAMONDS TEN HEARTS JACK,0.3316,0.014,0.6544
DIAMONDS TWO SPADES THREE,0.6202,0.042,0.3378
DIAMONDS KING HEARTS NINE,0.255,0.0314,0.7136
SPADES FOUR SPADES TWO,0.5872,0.0348,0.378
SPADES QUEEN CLUBS NINE,0.2766,0.0396,0.6838
SPADES NINE CLUBS QUEEN,0.2856,0.0432,0.6712
HEARTS TWO DIAMONDS QUEEN,0.444,0.0168,0.5392
SPADES TEN DIAMONDS EIGHT,0.2504,0.0698,0.6798
HEARTS THREE DIAMONDS SEVEN,0.6652,0.0422,0.2926
SPADES EIGHT DIAMONDS EIGHT,0.3184,0.0552,0.6264
SPADES KING CLUBS SIX,0.432,0.006,0.562
HEARTS SEVEN SPADES JACK,0.4234,0.0176,0.559
SPADES KING DIAMONDS FOUR,0.4434,0.0088,0.5478
CLUBS JACK DIAMONDS SEVEN,0.4266,0.017,0.5564
CLUBS JACK SPADES SIX,0.4396,0.0164,0.544
DIAMONDS KING DIAMONDS FOUR,0.4298,0.0062,0.564
CLUBS NINE HEARTS FIVE,0.5544,0.2334,0.2122
HEARTS KING DIAMONDS FOUR,0.4462,0.0082,0.5456
SPADES SIX HEARTS TEN,0.4232,0.0262,0.5506
CLUBS SEVEN CLUBS FIVE,0.5818,0.036,0.3822
SPADES QUEEN SPADES SIX,0.406,0.0074,0.5866
SPADES KING SPADES NINE,0.2568,0.0312,0.712
CLUBS FIVE DIAMONDS KING,0.4286,0.0074,0.564
CLUBS TEN SPADES EIGHT,0.2492,0.07,0.6808
SPADES ACE DIAMONDS TEN,0.3566,0.0042,0.6392
SPADES FIVE HEARTS QUEEN,0.4386,0.0094,0.552
CLUBS THREE DIAMONDS TEN,0.433,0.0278,0.5392
CLUBS JACK HEARTS KING,0.361,0.0068,0.6322
HEARTS SEVEN HEARTS NINE,0.5278,0.221,0.2512
CLUBS TEN DIAMONDS SIX,0.4294,0.0236,0.547
HEARTS FOUR SPADES TEN,0.4386,0.028,0.5334
HEARTS SIX CLUBS TWO,0.6556,0.036,0.3084
DIAMONDS THREE HEARTS NINE,0.5506,0.2396,0.2098
SPADES ACE SPADES FIVE,0.3936,0.0032,0.6032
CLUBS EIGHT CLUBS KING,0.2798,0.0268,0.6934
DIAMONDS THREE CLUBS TEN,0.4348,0.0262,0.539
HEARTS THREE CLUBS FOUR,0.6276,0.0404,0.332
CLUBS NINE CLUBS FIVE,0.5062,0.2194,0.2744
HEARTS SIX DIAMONDS SEVEN,0.631,0.0418,0.3272
SPADES TEN HEARTS TWO,0.4504,0.0276,0.522
DIAMONDS QUEEN DIAMONDS FOUR,0.4216,0.0122,0.5662
CLUBS ACE HEARTS TEN,0.356,0.0022,0.6418
CLUBS TEN CLUBS ACE,0.3516,0.004,0.6444
CLUBS FIVE HEARTS JACK,0.4278,0.0188,0.5534
DIAMONDS SEVEN HEARTS JACK,0.4272,0.016,0.5568
DIAMONDS SIX CLUBS KING,0.4216,0.0066,0.5718
SPADES ACE SPADES QUEEN,0.3442,0.0032,0.6526
DIAMONDS JACK SPADES THREE,0.4526,0.0188,0.5286
HEARTS FIVE HEARTS TEN,0.4148,0.0248,0.5604
HEARTS QUEEN CLUBS QUEEN,0.1738,0.0198,0.8064
DIAMONDS TWO HEARTS ACE,0.4254,0.0054,0.5692
SPADES JACK SPADES SIX,0.4054,0.0138,0.5808
SPADES SIX SPADES TWO,0.5998,0.0436,0.3566
HEARTS SIX SPADES SIX,0.4438,0.0624,0.4938
SPADES FIVE SPADES FOUR,0.578,0.0394,0.3826
CLUBS EIGHT SPADES TWO,0.675,0.1052,0.2198
SPADES QUEEN DIAMONDS QUEEN,0.1858,0.0216,0.7926
SPADES JACK CLUBS FIVE,0.435,0.0124,0.5526
DIAMONDS EIGHT SPADES TWO,0.6802,0.1096,0.2102
SPADES NINE CLUBS KING,0.2656,0.0332,0.7012
CLUBS SIX CLUBS THREE,0.594,0.0364,0.3696
CLUBS SEVEN SPADES FOUR,0.6434,0.0412,0.3154
DIAMONDS JACK DIAMONDS TEN,0.325,0.0146,0.6604
CLUBS JACK CLUBS TEN,0.3304,0.013,0.6566
HEARTS FIVE DIAMONDS TEN,0.4416,0.0282,0.5302
SPADES FIVE SPADES TWO,0.5782,0.0392,0.3826
SPADES NINE DIAMONDS JACK,0.2584,0.0568,0.6848
SPADES TWO DIAMONDS SIX,0.6472,0.0398,0.313
CLUBS NINE HEARTS FOUR,0.5534,0.2366,0.21
HEARTS KING HEARTS TEN,0.337,0.0088,0.6542
DIAMONDS KING HEARTS QUEEN,0.3464,0.008,0.6456
SPADES KING CLUBS QUEEN,0.358,0.005,0.637
SPADES EIGHT CLUBS QUEEN,0.2812,0.0358,0.683
CLUBS SEVEN CLUBS SIX,0.5818,0.0324,0.3858
SPADES JACK DIAMONDS JACK,0.1772,0.0298,0.793
HEARTS SIX DIAMONDS KING,0.4318,0.0072,0.561
HEARTS SIX CLUBS FOUR,0.6302,0.0424,0.3274
SPADES KING DIAMONDS SEVEN,0.4316,0.0062,0.5622
CLUBS EIGHT DIAMONDS TEN,0.2454,0.0716,0.683
SPADES THREE SPADES TWO,0.587,0.0376,0.3754
CLUBS TEN CLUBS THREE,0.4184,0.0262,0.5554
DIAMONDS TWO CLUBS SIX,0.6562,0.0406,0.3032
DIAMONDS THREE SPADES NINE,0.5612,0.2324,0.2064
CLUBS NINE SPADES TWO,0.5636,0.22,0.2164
HEARTS SEVEN CLUBS SEVEN,0.4156,0.0612,0.5232
CLUBS NINE HEARTS TEN,0.2354,0.0756,0.689
HEARTS KING HEARTS JACK,0.3318,0.0068,0.6614
SPADES NINE SPADES FIVE,0.5202,0.2158,0.264
SPADES ACE CLUBS TWO,0.4496,0.0032,0.5472
DIAMONDS THREE CLUBS QUEEN,0.4456,0.014,0.5404
CLUBS NINE DIAMONDS EIGHT,0.0198,0.969,0.0112
CLUBS FIVE DIAMONDS SEVEN,0.63,0.0374,0.3326
DIAMONDS KING SPADES THREE,0.4504,0.0084,0.5412
SPADES ACE CLUBS THREE,0.4272,0.0044,0.5684
DIAMONDS TWO CLUBS ACE,0.4328,0.0042,0.563
CLUBS FOUR DIAMONDS TEN,0.4322,0.0314,0.5364
HEARTS SEVEN HEARTS SIX,0.6018,0.0356,0.3626
HEARTS QUEEN HEARTS JACK,0.3318,0.0102,0.658
DIAMONDS QUEEN DIAMONDS SIX,0.415,0.0122,0.5728
CLUBS TWO CLUBS KING,0.418,0.0066,0.5754
CLUBS TEN DIAMONDS KING,0.3588,0.0066,0.6346
HEARTS SEVEN DIAMONDS TWO,0.687,0.0364,0.2766
CLUBS EIGHT SPADES THREE,0.6698,0.109,0.2212
DIAMONDS EIGHT HEARTS QUEEN,0.2798,0.038,0.6822
SPADES JACK SPADES FOUR,0.4278,0.0124,0.5598
CLUBS SIX SPADES TWO,0.6502,0.0346,0.3152
HEARTS FIVE DIAMONDS ACE,0.4266,0.0044,0.569
SPADES TEN HEARTS JACK,0.3406,0.012,0.6474
CLUBS JACK HEARTS ACE,0.3612,0.0026,0.6362
SPADES JACK HEARTS TEN,0.3338,0.0128,0.6534
DIAMONDS TWO DIAMONDS EIGHT,0.634,0.1026,0.2634
SPADES ACE CLUBS KING,0.3628,0.0028,0.6344
HEARTS FOUR HEARTS KING,0.425,0.0082,0.5668
DIAMONDS THREE CLUBS NINE,0.5636,0.2288,0.2076
HEARTS NINE DIAMONDS FOUR,0.5552,0.2286,0.2162
CLUBS SEVEN HEARTS ACE,0.4168,0.0038,0.5794
SPADES SEVEN DIAMONDS SEVEN,0.4192,0.055,0.5258
SPADES KING DIAMONDS SIX,0.4356,0.008,0.5564
CLUBS THREE DIAMONDS EIGHT,0.6782,0.1074,0.2144
SPADES JACK SPADES FIVE,0.4122,0.017,0.5708
SPADES TWO HEARTS NINE,0.557,0.2292,0.2138
SPADES ACE CLUBS NINE,0.285,0.0196,0.6954
SPADES THREE DIAMONDS SIX,0.6442,0.036,0.3198
HEARTS TWO CLUBS KING,0.4446,0.008,0.5474
CLUBS SIX DIAMONDS KING,0.422,0.0066,0.5714
HEARTS SIX SPADES THREE,0.6362,0.0372,0.3266
SPADES QUEEN HEARTS FIVE,0.4364,0.0124,0.5512
CLUBS SIX DIAMONDS TEN,0.4124,0.0266,0.561
DIAMONDS SEVEN CLUBS ACE,0.4356,0.004,0.5604
CLUBS NINE DIAMONDS SIX,0.5614,0.2202,0.2184
SPADES NINE SPADES THREE,0.5308,0.2068,0.2624
CLUBS NINE DIAMONDS TEN,0.2348,0.0768,0.6884
SPADES ACE DIAMONDS JACK,0.3644,0.0046,0.631
CLUBS NINE CLUBS ACE,0.2644,0.0214,0.7142
DIAMONDS TEN CLUBS ACE,0.366,0.0046,0.6294
SPADES TWO HEARTS QUEEN,0.451,0.0122,0.5368
HEARTS SEVEN SPADES EIGHT,0.6658,0.1044,0.2298
HEARTS SEVEN CLUBS TWO,0.6818,0.0394,0.2788
SPADES KING CLUBS FIVE,0.4166,0.0092,0.5742
SPADES JACK SPADES NINE,0.2434,0.054,0.7026
CLUBS THREE DIAMONDS SIX,0.6418,0.0414,0.3168
SPADES SEVEN SPADES FIVE,0.5764,0.0364,0.3872
DIAMONDS QUEEN DIAMONDS TEN,0.3308,0.0104,0.6588
SPADES ACE SPADES NINE,0.2746,0.0236,0.7018
HEARTS TWO CLUBS ACE,0.4372,0.0034,0.5594
DIAMONDS THREE SPADES SIX,0.6466,0.0376,0.3158
SPADES TEN HEARTS NINE,0.233,0.0702,0.6968
CLUBS JACK CLUBS TWO,0.4238,0.0152,0.561
DIAMONDS KING SPADES FIVE,0.4338,0.0068,0.5594
HEARTS SEVEN CLUBS EIGHT,0.6564,0.0978,0.2458
SPADES EIGHT CLUBS FIVE,0.6476,0.1034,0.249
SPADES SIX DIAMONDS EIGHT,0.6614,0.0986,0.24
HEARTS TEN DIAMONDS FOUR,0.4366,0.0256,0.5378
SPADES QUEEN DIAMONDS SEVEN,0.4276,0.0114,0.561
CLUBS SEVEN CLUBS QUEEN,0.3966,0.011,0.5924
HEARTS TWO HEARTS NINE,0.5332,0.2094,0.2574
SPADES NINE DIAMONDS KING,0.2662,0.031,0.7028
CLUBS SIX DIAMONDS FOUR,0.6242,0.038,0.3378
SPADES FOUR HEARTS KING,0.4448,0.0068,0.5484
DIAMONDS JACK CLUBS ACE,0.3842,0.0046,0.6112
SPADES NINE CLUBS FIVE,0.555,0.22,0.225
SPADES FIVE HEARTS KING,0.4332,0.0076,0.5592
DIAMONDS TWO CLUBS EIGHT,0.6804,0.1032,0.2164
CLUBS NINE SPADES SEVEN,0.5566,0.2222,0.2212
HEARTS SEVEN HEARTS THREE,0.6168,0.0384,0.3448
DIAMONDS TWO CLUBS FIVE,0.638,0.0382,0.3238
HEARTS TWO CLUBS TWO,0.446,0.0646,0.4894
CLUBS EIGHT SPADES FOUR,0.6868,0.0986,0.2146
HEARTS SIX CLUBS ACE,0.4188,0.0034,0.5778
DIAMONDS QUEEN HEARTS ACE,0.3692,0.0042,0.6266
HEARTS FIVE SPADES FOUR,0.601,0.0396,0.3594
CLUBS EIGHT CLUBS TWO,0.6376,0.0968,0.2656
CLUBS FOUR SPADES FIVE,0.597,0.0388,0.3642
SPADES TEN DIAMONDS TEN,0.1618,0.0404,0.7978
HEARTS THREE SPADES NINE,0.5618,0.2228,0.2154
DIAMONDS TEN SPADES TWO,0.4362,0.0286,0.5352
DIAMONDS ACE DIAMONDS QUEEN,0.342,0.0054,0.6526
HEARTS TWO DIAMONDS SEVEN,0.6738,0.0414,0.2848
HEARTS FOUR SPADES FOUR,0.437,0.0676,0.4954
HEARTS THREE SPADES THREE,0.4524,0.0656,0.482
HEARTS THREE HEARTS TEN,0.4252,0.0258,0.549
SPADES TEN CLUBS SIX,0.4236,0.0282,0.5482
HEARTS SIX HEARTS QUEEN,0.4212,0.0126,0.5662
CLUBS JACK SPADES THREE,0.439,0.0188,0.5422
DIAMONDS SIX HEARTS TEN,0.419,0.0274,0.5536
DIAMONDS JACK HEARTS TEN,0.334,0.0132,0.6528
SPADES QUEEN HEARTS NINE,0.2618,0.0436,0.6946
HEARTS SEVEN SPADES FOUR,0.642,0.041,0.317
CLUBS NINE SPADES NINE,0.1538,0.063,0.7832
CLUBS KING DIAMONDS FOUR,0.4522,0.0062,0.5416
DIAMONDS THREE HEARTS THREE,0.4424,0.064,0.4936
CLUBS SIX CLUBS FOUR,0.5846,0.0368,0.3786
DIAMONDS KING HEARTS TEN,0.3586,0.0064,0.635
SPADES ACE DIAMONDS SIX,0.4342,0.0044,0.5614
CLUBS JACK DIAMONDS KING,0.349,0.0078,0.6432
SPADES SIX HEARTS QUEEN,0.4288,0.009,0.5622
SPADES KING CLUBS FOUR,0.4432,0.007,0.5498
CLUBS FIVE HEARTS ACE,0.4238,0.0038,0.5724
DIAMONDS EIGHT DIAMONDS SEVEN,0.6276,0.1036,0.2688
HEARTS SEVEN DIAMONDS FOUR,0.6566,0.033,0.3104
HEARTS TWO CLUBS FOUR,0.6378,0.0382,0.324
HEARTS FOUR CLUBS TWO,0.638,0.0406,0.3214
SPADES FIVE CLUBS TWO,0.6216,0.0428,0.3356
HEARTS THREE SPADES FOUR,0.6312,0.0364,0.3324
DIAMONDS ACE DIAMONDS KING,0.3456,0.0044,0.65
SPADES ACE CLUBS TEN,0.3674,0.0022,0.6304
SPADES JACK SPADES EIGHT,0.2508,0.0528,0.6964
CLUBS FIVE SPADES FOUR,0.6128,0.0386,0.3486
CLUBS SEVEN SPADES THREE,0.6586,0.0404,0.301
DIAMONDS THREE SPADES QUEEN,0.455,0.0128,0.5322
SPADES SEVEN DIAMONDS KING,0.4114,0.0038,0.5848
CLUBS TWO DIAMONDS EIGHT,0.6932,0.1026,0.2042
HEARTS SIX CLUBS SIX,0.4238,0.0608,0.5154
SPADES EIGHT CLUBS TWO,0.6788,0.1066,0.2146
SPADES TWO DIAMONDS FIVE,0.6258,0.0404,0.3338
DIAMONDS THREE DIAMONDS QUEEN,0.4368,0.0114,0.5518
CLUBS EIGHT DIAMONDS SEVEN,0.6552,0.099,0.2458
SPADES KING SPADES JACK,0.357,0.0058,0.6372
HEARTS TWO SPADES SIX,0.6556,0.0446,0.2998
SPADES FIVE HEARTS JACK,0.4378,0.0194,0.5428
SPADES QUEEN CLUBS TWO,0.4358,0.0104,0.5538
CLUBS SEVEN CLUBS ACE,0.3946,0.0032,0.6022
HEARTS SIX HEARTS TWO,0.6316,0.0374,0.331
SPADES ACE SPADES SIX,0.405,0.0038,0.5912
HEARTS QUEEN DIAMONDS SIX,0.4332,0.0092,0.5576
CLUBS THREE SPADES TWO,0.6242,0.0412,0.3346
HEARTS SIX CLUBS SEVEN,0.6346,0.039,0.3264
SPADES THREE HEARTS NINE,0.5486,0.2326,0.2188
SPADES THREE CLUBS QUEEN,0.4514,0.0112,0.5374
SPADES EIGHT HEARTS KING,0.29,0.025,0.685
HEARTS SEVEN DIAMONDS JACK,0.419,0.0164,0.5646
SPADES NINE SPADES FOUR,0.5196,0.2132,0.2672
HEARTS JACK CLUBS QUEEN,0.3578,0.0082,0.634
SPADES ACE DIAMONDS FOUR,0.4406,0.0052,0.5542
HEARTS TWO SPADES THREE,0.6328,0.041,0.3262
CLUBS NINE CLUBS QUEEN,0.2616,0.0448,0.6936
CLUBS FOUR HEARTS TEN,0.431,0.0246,0.5444
CLUBS TEN HEARTS TWO,0.4448,0.0248,0.5304
SPADES ACE CLUBS EIGHT,0.2864,0.023,0.6906
CLUBS THREE DIAMONDS JACK,0.4494,0.0192,0.5314
HEARTS JACK CLUBS KING,0.3696,0.005,0.6254
DIAMONDS TEN HEARTS TEN,0.1496,0.0388,0.8116
DIAMONDS SEVEN DIAMONDS FIVE,0.6028,0.0396,0.3576
CLUBS SIX HEARTS NINE,0.5494,0.2244,0.2262
CLUBS JACK SPADES TEN,0.3482,0.0124,0.6394
SPADES NINE CLUBS SIX,0.5546,0.2142,0.2312
CLUBS SIX CLUBS TWO,0.6116,0.0356,0.3528
HEARTS FIVE SPADES SIX,0.6068,0.0446,0.3486
SPADES ACE SPADES EIGHT,0.2844,0.0184,0.6972
SPADES NINE CLUBS FOUR,0.5456,0.229,0.2254
DIAMONDS ACE DIAMONDS TEN,0.3496,0.003,0.6474
SPADES SIX DIAMONDS JACK,0.426,0.0184,0.5556
SPADES EIGHT CLUBS FOUR,0.6714,0.1074,0.2212
SPADES THREE HEARTS JACK,0.4286,0.0198,0.5516
CLUBS TEN CLUBS KING,0.341,0.0066,0.6524
HEARTS SIX CLUBS QUEEN,0.4348,0.0098,0.5554
DIAMONDS ACE SPADES FOUR,0.4338,0.0046,0.5616
DIAMONDS THREE DIAMONDS FIVE,0.6038,0.035,0.3612
SPADES FOUR DIAMONDS SEVEN,0.6462,0.0418,0.312
CLUBS JACK DIAMONDS FIVE,0.438,0.0178,0.5442
SPADES SIX HEARTS ACE,0.415,0.0046,0.5804
DIAMONDS THREE CLUBS THREE,0.4556,0.069,0.4754
SPADES KING CLUBS ACE,0.3734,0.004,0.6226
HEARTS KING CLUBS ACE,0.3444,0.004,0.6516
HEARTS KING DIAMONDS EIGHT,0.283,0.0298,0.6872
HEARTS SEVEN HEARTS JACK,0.3946,0.0176,0.5878
HEARTS FOUR SPADES TWO,0.6314,0.039,0.3296
DIAMONDS FIVE HEARTS NINE,0.5508,0.2312,0.218
DIAMONDS JACK DIAMONDS SIX,0.4222,0.0194,0.5584
SPADES JACK HEARTS KING,0.3678,0.008,0.6242
SPADES EIGHT SPADES SIX,0.6202,0.0964,0.2834
SPADES FIVE DIAMONDS FOUR,0.615,0.0428,0.3422
CLUBS SEVEN DIAMONDS QUEEN,0.421,0.0116,0.5674
HEARTS FIVE HEARTS NINE,0.5218,0.218,0.2602
HEARTS THREE HEARTS KING,0.4106,0.007,0.5824
HEARTS SIX DIAMONDS TEN,0.4178,0.0272,0.555
HEARTS FOUR CLUBS SEVEN,0.6542,0.0386,0.3072
DIAMONDS TWO DIAMONDS JACK,0.4274,0.017,0.5556
HEARTS SIX SPADES TEN,0.422,0.0224,0.5556
SPADES EIGHT DIAMONDS ACE,0.2878,0.0202,0.692
DIAMONDS KING SPADES SIX,0.4246,0.0058,0.5696
SPADES SEVEN HEARTS NINE,0.5424,0.235,0.2226
CLUBS TEN CLUBS FIVE,0.424,0.0246,0.5514
CLUBS FIVE DIAMONDS JACK,0.4356,0.019,0.5454
DIAMONDS THREE HEARTS TWO,0.6418,0.0366,0.3216
CLUBS FIVE SPADES FIVE,0.428,0.059,0.513
SPADES TWO HEARTS JACK,0.4348,0.018,0.5472
HEARTS TWO DIAMONDS ACE,0.438,0.0056,0.5564
SPADES QUEEN HEARTS TEN,0.3448,0.0112,0.644
CLUBS EIGHT HEARTS THREE,0.6744,0.108,0.2176
HEARTS THREE CLUBS SIX,0.635,0.0416,0.3234
DIAMONDS TWO CLUBS KING,0.442,0.007,0.551
HEARTS SEVEN CLUBS KING,0.4204,0.0076,0.572
HEARTS FOUR DIAMONDS JACK,0.4456,0.0214,0.533
HEARTS FOUR HEARTS QUEEN,0.4306,0.0122,0.5572
CLUBS SEVEN DIAMONDS FIVE,0.6192,0.043,0.3378
CLUBS SIX DIAMONDS JACK,0.4228,0.0152,0.562
HEARTS FOUR CLUBS FOUR,0.4454,0.0664,0.4882
CLUBS FIVE SPADES SIX,0.62,0.035,0.345
HEARTS FOUR CLUBS THREE,0.6384,0.0404,0.3212
HEARTS FIVE HEARTS QUEEN,0.4166,0.0132,0.5702
CLUBS TEN SPADES TWO,0.445,0.0254,0.5296
HEARTS THREE SPADES EIGHT,0.6796,0.1082,0.2122
CLUBS FIVE CLUBS QUEEN,0.4158,0.0126,0.5716
SPADES TEN SPADES FOUR,0.4158,0.0276,0.5566
HEARTS FOUR DIAMONDS QUEEN,0.446,0.0126,0.5414
CLUBS FIVE CLUBS ACE,0.3976,0.003,0.5994
DIAMONDS THREE HEARTS SIX,0.6448,0.036,0.3192
SPADES TEN HEARTS THREE,0.4442,0.0246,0.5312
SPADES ACE DIAMONDS KING,0.3652,0.0046,0.6302
HEARTS ACE SPADES THREE,0.4338,0.0042,0.562
CLUBS SEVEN HEARTS TEN,0.4098,0.0214,0.5688
SPADES KING SPADES SEVEN,0.3952,0.0052,0.5996
CLUBS EIGHT SPADES TEN,0.255,0.0694,0.6756
SPADES FIVE SPADES THREE,0.5714,0.0388,0.3898
CLUBS NINE HEARTS NINE,0.1418,0.0668,0.7914
CLUBS SEVEN SPADES TWO,0.6702,0.0408,0.289
CLUBS QUEEN DIAMONDS FOUR,0.4514,0.0106,0.538
HEARTS TWO CLUBS THREE,0.6368,0.0404,0.3228
CLUBS TWO SPADES THREE,0.6328,0.0414,0.3258
CLUBS FIVE SPADES SEVEN,0.6136,0.039,0.3474
HEARTS TWO HEARTS ACE,0.4092,0.0058,0.585
HEARTS FOUR DIAMONDS SEVEN,0.6454,0.0422,0.3124
SPADES EIGHT DIAMONDS JACK,0.2548,0.0528,0.6924
SPADES SEVEN DIAMONDS QUEEN,0.4242,0.0096,0.5662
SPADES SIX SPADES FOUR,0.5952,0.0368,0.368
HEARTS FIVE DIAMONDS QUEEN,0.4316,0.0124,0.556
DIAMONDS QUEEN HEARTS KING,0.3418,0.0084,0.6498
CLUBS JACK DIAMONDS THREE,0.4392,0.0144,0.5464
HEARTS SEVEN DIAMONDS FIVE,0.6312,0.0408,0.328
SPADES SEVEN SPADES THREE,0.6184,0.0376,0.344
DIAMONDS TWO SPADES SEVEN,0.6736,0.0392,0.2872
HEARTS SEVEN SPADES SEVEN,0.4294,0.0602,0.5104
HEARTS FOUR SPADES THREE,0.646,0.0342,0.3198
CLUBS EIGHT CLUBS QUEEN,0.271,0.0398,0.6892
CLUBS SIX DIAMONDS ACE,0.4226,0.0038,0.5736
CLUBS FIVE CLUBS KING,0.4014,0.0068,0.5918
SPADES THREE HEARTS TEN,0.428,0.0248,0.5472
SPADES KING HEARTS THREE,0.4478,0.0088,0.5434
SPADES SEVEN DIAMONDS TEN,0.4194,0.0252,0.5554
HEARTS SEVEN SPADES FIVE,0.619,0.0432,0.3378
HEARTS SEVEN DIAMONDS KING,0.4106,0.0072,0.5822
CLUBS FIVE DIAMONDS FOUR,0.6222,0.0404,0.3374
CLUBS SIX HEARTS ACE,0.4154,0.0038,0.5808
HEARTS FOUR DIAMONDS KING,0.4316,0.0062,0.5622
CLUBS TWO HEARTS TEN,0.437,0.0236,0.5394
SPADES QUEEN CLUBS THREE,0.4424,0.013,0.5446
HEARTS FIVE CLUBS QUEEN,0.4572,0.0126,0.5302
HEARTS SEVEN DIAMONDS ACE,0.417,0.005,0.578
DIAMONDS TWO SPADES FIVE,0.6358,0.0344,0.3298
SPADES QUEEN HEARTS TWO,0.446,0.014,0.54
DIAMONDS THREE SPADES TWO,0.6342,0.0382,0.3276
HEARTS SEVEN CLUBS FIVE,0.6298,0.0336,0.3366
DIAMONDS QUEEN DIAMONDS JACK,0.3376,0.0094,0.653
SPADES EIGHT DIAMONDS SIX,0.6624,0.1002,0.2374
HEARTS TWO HEARTS KING,0.4164,0.0048,0.5788
HEARTS FIVE CLUBS SEVEN,0.6404,0.0402,0.3194
HEARTS SIX HEARTS ACE,0.416,0.0066,0.5774
DIAMONDS THREE HEARTS FOUR,0.6462,0.04,0.3138
SPADES TEN CLUBS KING,0.3566,0.0046,0.6388
SPADES NINE DIAMONDS FOUR,0.5686,0.2184,0.213
SPADES ACE CLUBS JACK,0.3754,0.004,0.6206
SPADES SIX CLUBS THREE,0.6378,0.038,0.3242
SPADES EIGHT HEARTS ACE,0.2818,0.0224,0.6958
DIAMONDS KING DIAMONDS JACK,0.354,0.004,0.642
SPADES JACK SPADES TEN,0.3286,0.0132,0.6582
SPADES KING HEARTS FOUR,0.4516,0.0062,0.5422
CLUBS SEVEN CLUBS FOUR,0.5882,0.0396,0.3722
DIAMONDS THREE HEARTS JACK,0.4344,0.0154,0.5502
HEARTS TWO SPADES TWO,0.4626,0.0608,0.4766
CLUBS NINE DIAMONDS FOUR,0.5618,0.2274,0.2108
SPADES SIX SPADES FIVE,0.5816,0.0368,0.3816
SPADES ACE HEARTS JACK,0.3652,0.0038,0.631
SPADES JACK HEARTS THREE,0.452,0.014,0.534
CLUBS FIVE HEARTS NINE,0.549,0.227,0.224
HEARTS QUEEN DIAMONDS SEVEN,0.4246,0.0134,0.562
HEARTS THREE HEARTS JACK,0.4238,0.0184,0.5578
SPADES NINE CLUBS ACE,0.2938,0.0206,0.6856
CLUBS EIGHT DIAMONDS JACK,0.2564,0.0526,0.691
DIAMONDS EIGHT CLUBS ACE,0.2932,0.0214,0.6854
DIAMONDS KING HEARTS JACK,0.361,0.0092,0.6298
SPADES FOUR HEARTS NINE,0.5564,0.2268,0.2168
SPADES SEVEN DIAMONDS SIX,0.6314,0.0402,0.3284
HEARTS FOUR SPADES FIVE,0.619,0.0408,0.3402
CLUBS FOUR DIAMONDS JACK,0.4398,0.0152,0.545
CLUBS NINE CLUBS KING,0.255,0.0274,0.7176
CLUBS SEVEN CLUBS THREE,0.6008,0.04,0.3592
DIAMONDS QUEEN SPADES FIVE,0.4316,0.014,0.5544
SPADES TEN SPADES EIGHT,0.2368,0.0742,0.689
HEARTS SIX CLUBS EIGHT,0.6534,0.1084,0.2382
CLUBS TEN HEARTS SIX,0.4306,0.0202,0.5492
SPADES ACE SPADES FOUR,0.4174,0.0038,0.5788
CLUBS TEN DIAMONDS ACE,0.359,0.0038,0.6372
DIAMONDS TWO SPADES FOUR,0.6286,0.0386,0.3328
DIAMONDS QUEEN SPADES THREE,0.4366,0.0102,0.5532
CLUBS TWO SPADES TWO,0.436,0.0688,0.4952
CLUBS FIVE HEARTS KING,0.437,0.0078,0.5552
CLUBS TEN SPADES FIVE,0.4396,0.0262,0.5342
SPADES TEN SPADES FIVE,0.4096,0.023,0.5674
CLUBS TEN SPADES FOUR,0.4352,0.0248,0.54
SPADES FOUR DIAMONDS FOUR,0.4524,0.064,0.4836
SPADES NINE HEARTS JACK,0.2514,0.0582,0.6904
HEARTS FIVE SPADES SEVEN,0.6296,0.0362,0.3342
CLUBS JACK CLUBS KING,0.33,0.0056,0.6644
SPADES JACK DIAMONDS EIGHT,0.272,0.0484,0.6796
SPADES SEVEN CLUBS THREE,0.6522,0.0418,0.306
HEARTS SIX HEARTS FIVE,0.5944,0.0356,0.37
CLUBS FOUR DIAMONDS KING,0.4474,0.0078,0.5448
CLUBS NINE DIAMONDS FIVE,0.557,0.2262,0.2168
DIAMONDS JACK HEARTS ACE,0.3716,0.0048,0.6236
SPADES KING HEARTS QUEEN,0.3616,0.0072,0.6312
SPADES KING DIAMONDS KING,0.1858,0.0116,0.8026
HEARTS THREE CLUBS FIVE,0.6304,0.0378,0.3318
DIAMONDS KING DIAMONDS SIX,0.408,0.0072,0.5848
DIAMONDS THREE SPADES TEN,0.4462,0.0298,0.524
SPADES TEN DIAMONDS QUEEN,0.351,0.0096,0.6394
HEARTS FIVE SPADES FIVE,0.4268,0.0614,0.5118
CLUBS TEN CLUBS FOUR,0.4034,0.0222,0.5744
CLUBS TEN HEARTS FIVE,0.4446,0.0244,0.531
HEARTS SEVEN CLUBS SIX,0.6324,0.0382,0.3294
SPADES EIGHT CLUBS ACE,0.292,0.0174,0.6906
SPADES NINE DIAMONDS TEN,0.2398,0.0702,0.69
SPADES KING DIAMONDS ACE,0.3608,0.0058,0.6334
CLUBS ACE HEARTS JACK,0.3626,0.0036,0.6338
HEARTS KING DIAMONDS FIVE,0.4312,0.006,0.5628
SPADES KING CLUBS TWO,0.4446,0.0082,0.5472
DIAMONDS ACE CLUBS QUEEN,0.3704,0.0034,0.6262
DIAMONDS QUEEN CLUBS KING,0.3462,0.0052,0.6486
CLUBS FOUR CLUBS QUEEN,0.411,0.0132,0.5758
DIAMONDS THREE CLUBS SEVEN,0.6504,0.037,0.3126
CLUBS THREE CLUBS TWO,0.5892,0.0384,0.3724
DIAMONDS TWO DIAMONDS FIVE,0.6002,0.0382,0.3616
SPADES KING DIAMONDS EIGHT,0.2898,0.0336,0.6766
CLUBS FOUR HEARTS KING,0.4538,0.0082,0.538
HEARTS JACK DIAMONDS FOUR,0.4372,0.0176,0.5452
DIAMONDS TWO SPADES QUEEN,0.4384,0.0122,0.5494
CLUBS EIGHT SPADES SEVEN,0.6562,0.0994,0.2444
CLUBS FIVE SPADES THREE,0.6292,0.0348,0.336
HEARTS THREE HEARTS NINE,0.5312,0.2198,0.249
SPADES ACE CLUBS FOUR,0.4362,0.0024,0.5614
SPADES SIX DIAMONDS FOUR,0.6306,0.0394,0.33
CLUBS THREE HEARTS ACE,0.439,0.0064,0.5546
CLUBS TEN DIAMONDS EIGHT,0.2512,0.072,0.6768
CLUBS THREE DIAMONDS FIVE,0.6172,0.0382,0.3446
HEARTS TWO DIAMONDS KING,0.4466,0.0076,0.5458
SPADES ACE HEARTS SIX,0.4226,0.0036,0.5738
HEARTS SEVEN CLUBS ACE,0.4232,0.0028,0.574
CLUBS JACK HEARTS THREE,0.461,0.0162,0.5228
CLUBS SIX DIAMONDS FIVE,0.6246,0.0374,0.338
SPADES SEVEN SPADES TWO,0.6244,0.0428,0.3328
SPADES SIX DIAMONDS TEN,0.4112,0.0212,0.5676
SPADES ACE CLUBS SEVEN,0.421,0.004,0.575
SPADES SEVEN SPADES SIX,0.5912,0.0368,0.372
HEARTS FOUR SPADES EIGHT,0.6836,0.1042,0.2122
DIAMONDS QUEEN HEARTS NINE,0.2634,0.041,0.6956
SPADES JACK CLUBS TWO,0.4456,0.0162,0.5382
HEARTS FIVE CLUBS THREE,0.6214,0.0378,0.3408
HEARTS KING HEARTS QUEEN,0.3384,0.0076,0.654
HEARTS SEVEN DIAMONDS SIX,0.6334,0.0386,0.328
CLUBS JACK HEARTS FOUR,0.446,0.0184,0.5356
CLUBS JACK DIAMONDS QUEEN,0.3588,0.011,0.6302
HEARTS FIVE CLUBS FOUR,0.6052,0.035,0.3598
SPADES KING SPADES EIGHT,0.273,0.0318,0.6952
DIAMONDS TWO SPADES NINE,0.5578,0.2234,0.2188
CLUBS SIX CLUBS ACE,0.3986,0.0032,0.5982
CLUBS EIGHT SPADES FIVE,0.6596,0.0964,0.244
DIAMONDS THREE DIAMONDS FOUR,0.6026,0.0366,0.3608
SPADES NINE DIAMONDS QUEEN,0.2692,0.0434,0.6874
SPADES JACK SPADES SEVEN,0.3918,0.0138,0.5944
CLUBS TEN SPADES THREE,0.4436,0.023,0.5334
SPADES SEVEN HEARTS KING,0.4128,0.0058,0.5814
CLUBS TEN CLUBS TWO,0.4204,0.0264,0.5532
HEARTS SEVEN HEARTS TEN,0.4056,0.0282,0.5662
SPADES TEN DIAMONDS KING,0.3466,0.0084,0.645
CLUBS SEVEN SPADES SIX,0.6106,0.0398,0.3496
SPADES SEVEN DIAMONDS JACK,0.4152,0.0162,0.5686
DIAMONDS FIVE CLUBS QUEEN,0.4384,0.0122,0.5494
SPADES FIVE DIAMONDS SEVEN,0.6322,0.0302,0.3376
CLUBS TEN HEARTS NINE,0.2316,0.0718,0.6966
HEARTS QUEEN DIAMONDS FIVE,0.4344,0.0116,0.554
HEARTS FOUR SPADES NINE,0.5514,0.2338,0.2148
CLUBS FOUR DIAMONDS EIGHT,0.683,0.1042,0.2128
DIAMONDS TWO HEARTS FOUR,0.6406,0.0366,0.3228
HEARTS FOUR SPADES SEVEN,0.644,0.0422,0.3138
CLUBS NINE DIAMONDS QUEEN,0.2702,0.0468,0.683
SPADES NINE DIAMONDS ACE,0.2792,0.0206,0.7002
HEARTS FIVE CLUBS ACE,0.4244,0.0052,0.5704
CLUBS JACK CLUBS FIVE,0.4076,0.018,0.5744
SPADES QUEEN SPADES SEVEN,0.4102,0.0108,0.579
CLUBS THREE SPADES FIVE,0.6176,0.0382,0.3442
HEARTS ACE HEARTS TEN,0.3588,0.0032,0.638
DIAMONDS SEVEN HEARTS TEN,0.412,0.0224,0.5656
CLUBS EIGHT SPADES NINE,0.0222,0.9568,0.021
CLUBS TEN CLUBS NINE,0.2412,0.0686,0.6902
CLUBS EIGHT CLUBS FIVE,0.6192,0.1006,0.2802
CLUBS TEN HEARTS KING,0.3564,0.0056,0.638
SPADES QUEEN DIAMONDS KING,0.36,0.006,0.634
SPADES QUEEN SPADES TEN,0.3366,0.0086,0.6548
CLUBS THREE HEARTS JACK,0.4428,0.0134,0.5438
CLUBS JACK DIAMONDS TEN,0.3468,0.0162,0.637
CLUBS EIGHT DIAMONDS QUEEN,0.2746,0.0406,0.6848
CLUBS JACK SPADES NINE,0.2696,0.0538,0.6766
DIAMONDS THREE DIAMONDS EIGHT,0.6436,0.1092,0.2472
SPADES SIX CLUBS QUEEN,0.4428,0.0118,0.5454
DIAMONDS THREE DIAMONDS SEVEN,0.6284,0.0326,0.339
DIAMONDS TWO SPADES JACK,0.448,0.0174,0.5346
HEARTS THREE CLUBS QUEEN,0.4506,0.0122,0.5372
SPADES TEN HEARTS KING,0.3676,0.006,0.6264
SPADES QUEEN DIAMONDS FIVE,0.4364,0.0096,0.554
DIAMONDS EIGHT CLUBS QUEEN,0.2882,0.039,0.6728
HEARTS SEVEN HEARTS FIVE,0.6032,0.04,0.3568
CLUBS NINE CLUBS THREE,0.5276,0.2072,0.2652
SPADES QUEEN CLUBS SEVEN,0.4344,0.0094,0.5562
DIAMONDS THREE DIAMONDS ACE,0.408,0.005,0.587
HEARTS FIVE SPADES NINE,0.5468,0.236,0.2172
HEARTS FIVE HEARTS ACE,0.4038,0.0064,0.5898
DIAMONDS ACE CLUBS ACE,0.1776,0.0024,0.82
HEARTS ACE CLUBS QUEEN,0.3638,0.0048,0.6314
DIAMONDS ACE DIAMONDS SEVEN,0.387,0.0062,0.6068
CLUBS TEN CLUBS EIGHT,0.2474,0.071,0.6816
SPADES QUEEN HEARTS THREE,0.439,0.0136,0.5474
DIAMONDS ACE DIAMONDS JACK,0.3458,0.0042,0.65
DIAMONDS THREE DIAMONDS JACK,0.4244,0.016,0.5596
SPADES NINE HEARTS KING,0.2654,0.0316,0.703
CLUBS NINE CLUBS TWO,0.5302,0.214,0.2558
HEARTS THREE DIAMONDS KING,0.4414,0.0072,0.5514
CLUBS EIGHT HEARTS TWO,0.669,0.1126,0.2184
HEARTS TWO DIAMONDS EIGHT,0.6838,0.104,0.2122
SPADES SIX CLUBS ACE,0.41,0.0038,0.5862
HEARTS SIX SPADES FIVE,0.6074,0.038,0.3546
SPADES QUEEN DIAMONDS TEN,0.3494,0.0102,0.6404
SPADES SEVEN HEARTS JACK,0.4182,0.0198,0.562
CLUBS EIGHT DIAMONDS FOUR,0.6736,0.1046,0.2218
SPADES FOUR HEARTS QUEEN,0.4498,0.01,0.5402
SPADES THREE HEARTS QUEEN,0.4362,0.0096,0.5542
HEARTS ACE DIAMONDS TEN,0.3586,0.0052,0.6362
DIAMONDS ACE HEARTS TEN,0.3584,0.0054,0.6362
SPADES TEN DIAMONDS SIX,0.4316,0.0284,0.54
DIAMONDS QUEEN HEARTS TEN,0.3428,0.0128,0.6444
CLUBS NINE CLUBS SIX,0.514,0.22,0.266
HEARTS FOUR DIAMONDS SIX,0.64,0.0356,0.3244
SPADES JACK HEARTS ACE,0.3648,0.0032,0.632
SPADES TEN DIAMONDS FIVE,0.4418,0.0252,0.533
CLUBS FOUR DIAMONDS FOUR,0.4462,0.0638,0.49
SPADES ACE DIAMONDS FIVE,0.4254,0.0022,0.5724
CLUBS ACE HEARTS NINE,0.2854,0.0228,0.6918
SPADES FIVE CLUBS KING,0.4412,0.0056,0.5532
DIAMONDS SEVEN CLUBS KING,0.4282,0.0068,0.565
CLUBS SIX SPADES SEVEN,0.6338,0.0372,0.329
SPADES ACE HEARTS TEN,0.376,0.0046,0.6194
SPADES JACK HEARTS QUEEN,0.3544,0.009,0.6366
HEARTS FIVE DIAMONDS FIVE,0.4368,0.068,0.4952
DIAMONDS FIVE DIAMONDS FOUR,0.585,0.0428,0.3722
SPADES SEVEN HEARTS TEN,0.405,0.028,0.567
HEARTS SEVEN DIAMONDS EIGHT,0.664,0.1054,0.2306
CLUBS TEN SPADES TEN,0.1704,0.036,0.7936
DIAMONDS THREE SPADES THREE,0.4418,0.062,0.4962
DIAMONDS QUEEN SPADES FOUR,0.4494,0.0142,0.5364
HEARTS SIX DIAMONDS JACK,0.4456,0.017,0.5374
SPADES KING DIAMONDS QUEEN,0.348,0.006,0.646
SPADES FIVE HEARTS ACE,0.4188,0.0052,0.576
CLUBS JACK HEARTS NINE,0.2512,0.0612,0.6876
SPADES JACK CLUBS FOUR,0.4382,0.0158,0.546
CLUBS SEVEN DIAMONDS EIGHT,0.6536,0.103,0.2434
CLUBS TWO DIAMONDS JACK,0.431,0.0186,0.5504
SPADES ACE SPADES THREE,0.3904,0.0034,0.6062
CLUBS EIGHT DIAMONDS ACE,0.2758,0.0224,0.7018
SPADES TEN DIAMONDS SEVEN,0.4202,0.0304,0.5494
HEARTS SEVEN HEARTS KING,0.4026,0.0082,0.5892
HEARTS SIX CLUBS FIVE,0.6308,0.0402,0.329
CLUBS JACK DIAMONDS ACE,0.3586,0.0044,0.637
SPADES SEVEN SPADES FOUR,0.6028,0.034,0.3632
HEARTS SEVEN DIAMONDS TEN,0.4054,0.0282,0.5664
SPADES ACE SPADES TEN,0.3518,0.0044,0.6438
HEARTS FIVE HEARTS THREE,0.591,0.0384,0.3706
SPADES KING SPADES FOUR,0.4048,0.0062,0.589
SPADES KING SPADES QUEEN,0.3444,0.0058,0.6498
SPADES SIX DIAMONDS QUEEN,0.426,0.0116,0.5624
DIAMONDS QUEEN DIAMONDS EIGHT,0.2666,0.0438,0.6896
DIAMONDS JACK HEARTS NINE,0.2506,0.061,0.6884
HEARTS TEN CLUBS QUEEN,0.344,0.0114,0.6446
CLUBS SIX DIAMONDS EIGHT,0.656,0.0994,0.2446
CLUBS SIX HEARTS JACK,0.4428,0.016,0.5412
CLUBS KING HEARTS NINE,0.273,0.0302,0.6968
HEARTS TEN HEARTS NINE,0.237,0.0722,0.6908
SPADES QUEEN CLUBS ACE,0.38,0.0028,0.6172
SPADES QUEEN DIAMONDS SIX,0.4336,0.0122,0.5542
HEARTS SIX CLUBS KING,0.4344,0.0066,0.559
DIAMONDS EIGHT HEARTS NINE,0.0078,0.9828,0.0094
SPADES QUEEN SPADES EIGHT,0.2612,0.0386,0.7002
HEARTS TWO SPADES SEVEN,0.6766,0.0344,0.289
SPADES SIX HEARTS KING,0.422,0.0058,0.5722
HEARTS TWO DIAMONDS FOUR,0.6468,0.0422,0.311
DIAMONDS ACE HEARTS QUEEN,0.3562,0.0048,0.639
DIAMONDS THREE CLUBS SIX,0.64,0.0398,0.3202
CLUBS FOUR CLUBS KING,0.4176,0.0074,0.575
SPADES KING SPADES FIVE,0.4088,0.0076,0.5836
HEARTS SEVEN HEARTS TWO,0.6318,0.0404,0.3278
DIAMONDS THREE SPADES SEVEN,0.6642,0.0362,0.2996
HEARTS TWO HEARTS JACK,0.4328,0.0188,0.5484
CLUBS NINE DIAMONDS ACE,0.2888,0.0232,0.688
CLUBS TWO HEARTS NINE,0.5418,0.239,0.2192
DIAMONDS QUEEN CLUBS ACE,0.3586,0.0048,0.6366
HEARTS THREE DIAMONDS SIX,0.6502,0.0458,0.304
HEARTS FIVE SPADES TWO,0.6336,0.0394,0.327
CLUBS NINE CLUBS EIGHT,0.0196,0.909,0.0714
CLUBS NINE SPADES THREE,0.5656,0.2186,0.2158
CLUBS SIX DIAMONDS SEVEN,0.6242,0.041,0.3348
DIAMONDS JACK HEARTS QUEEN,0.3508,0.0106,0.6386
SPADES QUEEN SPADES THREE,0.4174,0.0114,0.5712
SPADES JACK CLUBS THREE,0.442,0.0174,0.5406
CLUBS FOUR SPADES TWO,0.6266,0.0376,0.3358
CLUBS TEN SPADES JACK,0.3414,0.0132,0.6454
CLUBS JACK SPADES JACK,0.1814,0.0328,0.7858
SPADES NINE HEARTS ACE,0.2728,0.0226,0.7046
SPADES EIGHT DIAMONDS SEVEN,0.6532,0.1002,0.2466
SPADES FIVE DIAMONDS EIGHT,0.6588,0.1116,0.2296
HEARTS SEVEN SPADES TEN,0.4134,0.0268,0.5598
SPADES TWO CLUBS ACE,0.4492,0.0044,0.5464
SPADES KING DIAMONDS FIVE,0.431,0.0088,0.5602
SPADES TEN HEARTS TEN,0.167,0.04,0.793
SPADES NINE SPADES SIX,0.5234,0.2112,0.2654
HEARTS FOUR DIAMONDS FIVE,0.6214,0.0376,0.341
DIAMONDS THREE CLUBS ACE,0.4428,0.0032,0.554
SPADES JACK CLUBS EIGHT,0.2664,0.0502,0.6834
CLUBS EIGHT DIAMONDS EIGHT,0.318,0.0664,0.6156
SPADES NINE DIAMONDS SIX,0.56,0.2274,0.2126
SPADES JACK DIAMONDS TEN,0.3324,0.0144,0.6532
SPADES QUEEN CLUBS KING,0.3588,0.0052,0.636
DIAMONDS QUEEN HEARTS QUEEN,0.1794,0.0242,0.7964
DIAMONDS THREE CLUBS FOUR,0.6382,0.0364,0.3254
SPADES SIX SPADES THREE,0.6036,0.033,0.3634
HEARTS SIX CLUBS THREE,0.6374,0.044,0.3186
HEARTS THREE HEARTS ACE,0.4218,0.0064,0.5718
CLUBS SEVEN SPADES EIGHT,0.647,0.1136,0.2394
HEARTS SEVEN SPADES SIX,0.6408,0.037,0.3222
SPADES ACE SPADES TWO,0.4108,0.0032,0.586
SPADES JACK DIAMONDS FIVE,0.4486,0.0154,0.536
SPADES TWO DIAMONDS SEVEN,0.675,0.0362,0.2888
SPADES SEVEN HEARTS QUEEN,0.4222,0.0104,0.5674
SPADES QUEEN CLUBS EIGHT,0.2928,0.0418,0.6654
SPADES JACK DIAMONDS SIX,0.4358,0.0128,0.5514
DIAMONDS TEN DIAMONDS SIX,0.4066,0.028,0.5654
SPADES QUEEN HEARTS JACK,0.3622,0.0104,0.6274
SPADES ACE DIAMONDS ACE,0.1804,0.0032,0.8164
HEARTS SEVEN DIAMONDS QUEEN,0.4172,0.013,0.5698
DIAMONDS THREE HEARTS FIVE,0.63,0.034,0.336
SPADES ACE HEARTS KING,0.3636,0.0036,0.6328
SPADES THREE DIAMONDS FIVE,0.626,0.0374,0.3366
CLUBS NINE HEARTS ACE,0.2906,0.0204,0.689
DIAMONDS THREE DIAMONDS SIX,0.626,0.0352,0.3388
SPADES KING HEARTS TEN,0.351,0.0058,0.6432
CLUBS TEN DIAMONDS QUEEN,0.3508,0.0114,0.6378
CLUBS EIGHT CLUBS THREE,0.6432,0.091,0.2658
HEARTS THREE SPADES FIVE,0.624,0.0362,0.3398
CLUBS JACK CLUBS EIGHT,0.2554,0.0548,0.6898
SPADES KING HEARTS TWO,0.455,0.0068,0.5382
SPADES JACK CLUBS QUEEN,0.3652,0.0084,0.6264
SPADES SEVEN DIAMONDS FIVE,0.6406,0.0364,0.323
SPADES FIVE HEARTS TEN,0.4316,0.0272,0.5412
SPADES KING HEARTS FIVE,0.4344,0.0076,0.558
DIAMONDS KING CLUBS THREE,0.4464,0.0086,0.545
SPADES EIGHT SPADES TWO,0.6398,0.0968,0.2634
SPADES TWO HEARTS TEN,0.4468,0.0252,0.528
SPADES QUEEN HEARTS KING,0.3576,0.0082,0.6342
CLUBS TEN HEARTS FOUR,0.4532,0.027,0.5198
SPADES SIX DIAMONDS SIX,0.4248,0.0596,0.5156
CLUBS SIX CLUBS KING,0.3954,0.0078,0.5968
SPADES NINE SPADES SEVEN,0.5098,0.2176,0.2726
CLUBS THREE CLUBS ACE,0.4152,0.003,0.5818
CLUBS SEVEN DIAMONDS ACE,0.4324,0.0032,0.5644
CLUBS TWO HEARTS QUEEN,0.4412,0.0104,0.5484
HEARTS TWO DIAMONDS FIVE,0.631,0.038,0.331
SPADES KING SPADES SIX,0.3932,0.0066,0.6002
DIAMONDS JACK CLUBS QUEEN,0.352,0.0094,0.6386
HEARTS SIX CLUBS NINE,0.5524,0.2228,0.2248
SPADES TEN CLUBS TWO,0.4466,0.0284,0.525
CLUBS JACK CLUBS FOUR,0.4112,0.0172,0.5716
HEARTS FIVE CLUBS EIGHT,0.6594,0.1114,0.2292
DIAMONDS TWO SPADES TWO,0.4476,0.0652,0.4872
DIAMONDS THREE HEARTS TEN,0.4424,0.0252,0.5324
SPADES ACE HEARTS QUEEN,0.3668,0.0044,0.6288
