opposingHand,winningChance,drawChance,lostChance
HEARTS THREE CLUBS KING
HEARTS FIVE SPADES TEN,0.586,0.008,0.406
HEARTS FIVE SPADES JACK,0.5904,0.0072,0.4024
SPADES FIVE CLUBS JACK,0.597,0.0102,0.3928
CLUBS TEN SPADES FIVE,0.6022,0.009,0.3888
CLUBS EIGHT CLUBS JACK,0.542,0.009,0.449
CLUBS TEN CLUBS EIGHT,0.5342,0.0074,0.4584
SPADES FIVE CLUBS ACE,0.3328,0.0056,0.6616
CLUBS EIGHT CLUBS QUEEN,0.5566,0.009,0.4344
SPADES FIVE CLUBS QUEEN,0.6026,0.008,0.3894
CLUBS EIGHT CLUBS ACE,0.349,0.0076,0.6434
DIAMONDS TWO DIAMONDS THREE,0.6638,0.0332,0.303
DIAMONDS TWO DIAMONDS FIVE,0.5774,0.0104,0.4122
HEARTS FIVE SPADES KING,0.2142,0.461,0.3248
DIAMONDS TWO DIAMONDS FOUR,0.568,0.0072,0.4248
HEARTS FIVE SPADES QUEEN,0.6028,0.0074,0.3898
DIAMONDS TWO DIAMONDS SEVEN,0.5952,0.0088,0.396
DIAMONDS TWO DIAMONDS SIX,0.5826,0.0084,0.409
SPADES ACE HEARTS FIVE,0.332,0.0038,0.6642
DIAMONDS TWO DIAMONDS NINE,0.588,0.0068,0.4052
DIAMONDS TWO DIAMONDS EIGHT,0.6026,0.0092,0.3882
DIAMONDS THREE DIAMONDS FOUR,0.6548,0.0272,0.318
CLUBS TWO SPADES FOUR,0.628,0.0114,0.3606
DIAMONDS THREE DIAMONDS FIVE,0.6468,0.0316,0.3216
SPADES FIVE CLUBS TWO,0.6188,0.009,0.3722
CLUBS TWO SPADES TWO,0.4266,0.0226,0.5508
CLUBS TWO SPADES THREE,0.722,0.033,0.245
DIAMONDS THREE DIAMONDS EIGHT,0.6822,0.024,0.2938
SPADES EIGHT CLUBS TWO,0.6306,0.0096,0.3598
DIAMONDS THREE DIAMONDS NINE,0.6728,0.0312,0.296
SPADES NINE CLUBS TWO,0.6374,0.0076,0.355
DIAMONDS THREE DIAMONDS SIX,0.6694,0.0238,0.3068
SPADES SIX CLUBS TWO,0.6348,0.0068,0.3584
DIAMONDS THREE DIAMONDS SEVEN,0.6796,0.0268,0.2936
SPADES SEVEN CLUBS TWO,0.6304,0.0118,0.3578
CLUBS SIX CLUBS TWO,0.6106,0.0096,0.3798
CLUBS SEVEN CLUBS TWO,0.5984,0.0106,0.391
CLUBS FOUR CLUBS TWO,0.5994,0.01,0.3906
CLUBS FIVE CLUBS TWO,0.5876,0.0082,0.4042
CLUBS TEN CLUBS JACK,0.517,0.0098,0.4732
DIAMONDS FOUR DIAMONDS SIX,0.5462,0.0088,0.445
CLUBS TEN CLUBS QUEEN,0.5302,0.008,0.4618
DIAMONDS FOUR DIAMONDS SEVEN,0.5424,0.0072,0.4504
CLUBS TEN CLUBS ACE,0.3206,0.0056,0.6738
CLUBS EIGHT CLUBS TWO,0.6072,0.0106,0.3822
DIAMONDS FIVE DIAMONDS FOUR,0.525,0.0098,0.4652
CLUBS NINE CLUBS TWO,0.6022,0.0092,0.3886
DIAMONDS NINE DIAMONDS FOUR,0.5588,0.0072,0.434
DIAMONDS EIGHT DIAMONDS FOUR,0.554,0.007,0.439
CLUBS THREE CLUBS TWO,0.693,0.0322,0.2748
DIAMONDS NINE DIAMONDS FIVE,0.5408,0.007,0.4522
DIAMONDS TWO CLUBS JACK,0.6288,0.0084,0.3628
DIAMONDS EIGHT DIAMONDS FIVE,0.5336,0.0084,0.458
CLUBS TEN DIAMONDS TWO,0.6256,0.0102,0.3642
DIAMONDS FIVE DIAMONDS SEVEN,0.5232,0.0092,0.4676
DIAMONDS FIVE DIAMONDS SIX,0.5332,0.0088,0.458
DIAMONDS TWO CLUBS ACE,0.3702,0.0064,0.6234
DIAMONDS TWO CLUBS QUEEN,0.643,0.0092,0.3478
DIAMONDS EIGHT DIAMONDS SIX,0.5324,0.0086,0.459
DIAMONDS NINE DIAMONDS SIX,0.5468,0.007,0.4462
HEARTS ACE SPADES THREE,0.2224,0.0212,0.7564
SPADES THREE HEARTS KING,0.012,0.9696,0.0184
DIAMONDS SEVEN DIAMONDS SIX,0.5286,0.0068,0.4646
HEARTS QUEEN SPADES THREE,0.7326,0.0364,0.231
SPADES THREE HEARTS JACK,0.7294,0.0342,0.2364
SPADES THREE HEARTS TEN,0.7264,0.032,0.2416
DIAMONDS EIGHT DIAMONDS SEVEN,0.5248,0.0098,0.4654
DIAMONDS NINE DIAMONDS SEVEN,0.5128,0.0092,0.478
DIAMONDS NINE DIAMONDS EIGHT,0.501,0.0088,0.4902
DIAMONDS KING HEARTS TEN,0.2132,0.113,0.6738
SPADES JACK CLUBS SIX,0.5914,0.0064,0.4022
DIAMONDS KING HEARTS JACK,0.2176,0.0916,0.6908
SPADES TEN CLUBS SIX,0.581,0.0076,0.4114
SPADES JACK SPADES FIVE,0.5556,0.0082,0.4362
SPADES TEN SPADES FIVE,0.5558,0.0072,0.437
DIAMONDS KING HEARTS ACE,0.2194,0.0116,0.769
SPADES ACE CLUBS SIX,0.3552,0.0038,0.641
DIAMONDS KING HEARTS QUEEN,0.2234,0.0624,0.7142
SPADES KING CLUBS SIX,0.224,0.3824,0.3936
DIAMONDS KING HEARTS KING,0.0684,0.014,0.9176
SPADES QUEEN CLUBS SIX,0.5928,0.007,0.4002
SPADES NINE HEARTS TEN,0.5422,0.0048,0.453
SPADES NINE HEARTS JACK,0.5646,0.0062,0.4292
SPADES QUEEN SPADES FIVE,0.5586,0.0104,0.431
SPADES KING SPADES FIVE,0.1974,0.4406,0.362
SPADES ACE SPADES FIVE,0.3184,0.006,0.6756
SPADES NINE HEARTS QUEEN,0.5818,0.0066,0.4116
SPADES NINE HEARTS KING,0.229,0.1644,0.6066
SPADES NINE HEARTS ACE,0.366,0.0056,0.6284
CLUBS TEN SPADES JACK,0.5522,0.0074,0.4404
CLUBS TEN SPADES TEN,0.3104,0.0088,0.6808
SPADES ACE CLUBS TEN,0.3456,0.0044,0.65
SPADES KING CLUBS TEN,0.2258,0.1154,0.6588
CLUBS TEN SPADES QUEEN,0.5548,0.007,0.4382
SPADES FIVE HEARTS QUEEN,0.599,0.0092,0.3918
SPADES FIVE HEARTS KING,0.2196,0.448,0.3324
HEARTS ACE SPADES FIVE,0.3528,0.0052,0.642
CLUBS EIGHT SPADES TEN,0.5592,0.0074,0.4334
SPADES JACK DIAMONDS KING,0.2296,0.0956,0.6748
SPADES TEN DIAMONDS KING,0.2384,0.121,0.6406
SPADES JACK CLUBS EIGHT,0.573,0.007,0.42
CLUBS SIX HEARTS ACE,0.3466,0.0052,0.6482
SPADES ACE CLUBS EIGHT,0.3506,0.0046,0.6448
HEARTS FIVE CLUBS JACK,0.5922,0.0084,0.3994
HEARTS FIVE CLUBS TEN,0.61,0.0098,0.3802
CLUBS SIX HEARTS QUEEN,0.5998,0.0076,0.3926
SPADES QUEEN CLUBS EIGHT,0.5616,0.0082,0.4302
CLUBS TEN SPADES THREE,0.7308,0.035,0.2342
CLUBS SIX HEARTS KING,0.2188,0.3924,0.3888
SPADES KING CLUBS EIGHT,0.2372,0.233,0.5298
SPADES THREE CLUBS JACK,0.734,0.0326,0.2334
DIAMONDS TWO HEARTS JACK,0.6324,0.0086,0.359
SPADES THREE CLUBS QUEEN,0.7362,0.0328,0.231
DIAMONDS TWO HEARTS TEN,0.633,0.0074,0.3596
HEARTS FIVE CLUBS ACE,0.3314,0.0074,0.6612
SPADES FIVE HEARTS TEN,0.5946,0.008,0.3974
SPADES THREE CLUBS ACE,0.2302,0.0222,0.7476
SPADES FIVE HEARTS JACK,0.59,0.0074,0.4026
HEARTS FIVE CLUBS QUEEN,0.6108,0.009,0.3802
DIAMONDS KING CLUBS QUEEN,0.2498,0.0644,0.6858
HEARTS FIVE HEARTS JACK,0.555,0.009,0.436
HEARTS FIVE HEARTS TEN,0.5624,0.0074,0.4302
DIAMONDS KING CLUBS ACE,0.2182,0.01,0.7718
SPADES ACE CLUBS QUEEN,0.3438,0.0052,0.651
SPADES KING CLUBS QUEEN,0.2502,0.062,0.6878
DIAMONDS KING CLUBS JACK,0.2388,0.0856,0.6756
SPADES QUEEN CLUBS QUEEN,0.3014,0.0056,0.693
CLUBS TEN DIAMONDS KING,0.2338,0.1114,0.6548
SPADES JACK CLUBS QUEEN,0.561,0.0092,0.4298
CLUBS SIX CLUBS QUEEN,0.5626,0.0086,0.4288
SPADES TEN CLUBS QUEEN,0.551,0.0066,0.4424
CLUBS SIX CLUBS ACE,0.3524,0.0034,0.6442
HEARTS FIVE HEARTS KING,0.1986,0.4372,0.3642
HEARTS FIVE HEARTS QUEEN,0.5688,0.0072,0.424
CLUBS TEN CLUBS SIX,0.5604,0.0084,0.4312
HEARTS FIVE HEARTS ACE,0.3304,0.0046,0.665
CLUBS SIX CLUBS JACK,0.5606,0.009,0.4304
SPADES SEVEN HEARTS JACK,0.5736,0.0056,0.4208
SPADES SEVEN HEARTS TEN,0.558,0.0084,0.4336
DIAMONDS TWO CLUBS TWO,0.4574,0.023,0.5196
DIAMONDS TWO CLUBS THREE,0.7102,0.0372,0.2526
DIAMONDS TWO HEARTS SIX,0.6224,0.0094,0.3682
DIAMONDS TWO HEARTS QUEEN,0.6238,0.0092,0.367
HEARTS SEVEN DIAMONDS TWO,0.6264,0.01,0.3636
DIAMONDS TWO HEARTS KING,0.2608,0.5292,0.21
DIAMONDS TWO HEARTS EIGHT,0.6298,0.0108,0.3594
DIAMONDS TWO HEARTS ACE,0.3698,0.0062,0.624
DIAMONDS TWO HEARTS NINE,0.6318,0.0098,0.3584
DIAMONDS TWO DIAMONDS QUEEN,0.5862,0.0102,0.4036
DIAMONDS TWO HEARTS TWO,0.4194,0.0226,0.558
DIAMONDS TWO DIAMONDS KING,0.2446,0.4806,0.2748
DIAMONDS TWO DIAMONDS ACE,0.3564,0.0058,0.6378
HEARTS FOUR DIAMONDS TWO,0.6182,0.009,0.3728
HEARTS FIVE DIAMONDS TWO,0.6156,0.0104,0.374
SPADES SEVEN HEARTS ACE,0.3506,0.0038,0.6456
DIAMONDS TWO DIAMONDS TEN,0.582,0.007,0.411
SPADES SEVEN HEARTS KING,0.231,0.2966,0.4724
DIAMONDS TWO DIAMONDS JACK,0.5904,0.011,0.3986
SPADES SEVEN HEARTS QUEEN,0.59,0.0084,0.4016
DIAMONDS TWO SPADES NINE,0.6192,0.0074,0.3734
DIAMONDS TWO SPADES EIGHT,0.6424,0.0086,0.349
DIAMONDS TWO SPADES SEVEN,0.6476,0.0084,0.344
DIAMONDS TWO SPADES SIX,0.6314,0.0092,0.3594
DIAMONDS TWO SPADES FIVE,0.614,0.0074,0.3786
DIAMONDS TWO SPADES FOUR,0.62,0.0092,0.3708
DIAMONDS TWO SPADES THREE,0.701,0.036,0.263
DIAMONDS TWO SPADES TWO,0.4424,0.0178,0.5398
CLUBS NINE DIAMONDS TWO,0.6356,0.0114,0.353
DIAMONDS TWO CLUBS EIGHT,0.6362,0.0066,0.3572
CLUBS SEVEN DIAMONDS TWO,0.6378,0.0124,0.3498
DIAMONDS TWO CLUBS SIX,0.6256,0.0116,0.3628
DIAMONDS TWO CLUBS FIVE,0.6078,0.0128,0.3794
DIAMONDS TWO CLUBS FOUR,0.628,0.0088,0.3632
CLUBS FOUR SPADES FIVE,0.5712,0.0108,0.418
CLUBS FOUR SPADES FOUR,0.3346,0.0178,0.6476
CLUBS FOUR SPADES THREE,0.6938,0.03,0.2762
CLUBS FOUR SPADES TWO,0.6294,0.0084,0.3622
SPADES NINE CLUBS FOUR,0.5978,0.0094,0.3928
SPADES EIGHT CLUBS FOUR,0.5926,0.0088,0.3986
SPADES SEVEN CLUBS FOUR,0.5814,0.0096,0.409
CLUBS FOUR SPADES SIX,0.588,0.0072,0.4048
SPADES ACE DIAMONDS SIX,0.359,0.0044,0.6366
SPADES QUEEN DIAMONDS SIX,0.5952,0.0076,0.3972
SPADES KING DIAMONDS SIX,0.2268,0.3766,0.3966
SPADES TEN DIAMONDS SIX,0.5834,0.0066,0.41
SPADES JACK DIAMONDS SIX,0.59,0.0064,0.4036
SPADES QUEEN SPADES TWO,0.592,0.0092,0.3988
SPADES KING SPADES TWO,0.2422,0.486,0.2718
SPADES ACE SPADES TWO,0.3522,0.0038,0.644
DIAMONDS JACK CLUBS JACK,0.2886,0.0066,0.7048
CLUBS TEN DIAMONDS JACK,0.539,0.0064,0.4546
DIAMONDS JACK CLUBS QUEEN,0.562,0.0082,0.4298
DIAMONDS THREE DIAMONDS JACK,0.6878,0.0294,0.2828
DIAMONDS THREE DIAMONDS TEN,0.6838,0.0298,0.2864
DIAMONDS JACK CLUBS ACE,0.3416,0.0056,0.6528
DIAMONDS THREE DIAMONDS KING,0.0192,0.9038,0.077
DIAMONDS THREE DIAMONDS QUEEN,0.6872,0.0338,0.279
DIAMONDS THREE HEARTS TWO,0.719,0.029,0.252
HEARTS FIVE DIAMONDS THREE,0.6764,0.0318,0.2918
DIAMONDS THREE DIAMONDS ACE,0.216,0.0212,0.7628
HEARTS FOUR DIAMONDS THREE,0.6862,0.0296,0.2842
HEARTS SEVEN DIAMONDS THREE,0.7114,0.0276,0.261
SPADES TEN SPADES NINE,0.5208,0.0062,0.473
HEARTS SIX DIAMONDS THREE,0.7046,0.0274,0.268
SPADES JACK SPADES NINE,0.5056,0.0064,0.488
DIAMONDS THREE HEARTS NINE,0.7202,0.036,0.2438
HEARTS JACK DIAMONDS FOUR,0.5942,0.0066,0.3992
HEARTS ACE HEARTS KING,0.2208,0.0106,0.7686
SPADES TEN SPADES TWO,0.5936,0.0096,0.3968
DIAMONDS THREE HEARTS EIGHT,0.7368,0.0232,0.24
HEARTS TEN DIAMONDS FOUR,0.5866,0.008,0.4054
SPADES JACK SPADES TWO,0.5686,0.0086,0.4228
HEARTS QUEEN DIAMONDS FOUR,0.597,0.0094,0.3936
HEARTS KING DIAMONDS FOUR,0.2198,0.5102,0.27
SPADES ACE SPADES NINE,0.3396,0.0046,0.6558
HEARTS ACE DIAMONDS FOUR,0.3514,0.0038,0.6448
SPADES KING SPADES NINE,0.2096,0.1622,0.6282
SPADES QUEEN SPADES NINE,0.528,0.0076,0.4644
DIAMONDS THREE SPADES NINE,0.7132,0.0358,0.251
DIAMONDS THREE SPADES EIGHT,0.7236,0.0288,0.2476
DIAMONDS THREE SPADES SEVEN,0.7132,0.028,0.2588
DIAMONDS THREE SPADES SIX,0.7172,0.0254,0.2574
DIAMONDS THREE CLUBS SIX,0.7204,0.0282,0.2514
CLUBS FIVE CLUBS SIX,0.5398,0.0094,0.4508
CLUBS ACE DIAMONDS FOUR,0.3376,0.0052,0.6572
CLUBS SEVEN DIAMONDS THREE,0.725,0.0284,0.2466
CLUBS SEVEN CLUBS FIVE,0.5494,0.0082,0.4424
DIAMONDS THREE CLUBS FOUR,0.6996,0.036,0.2644
DIAMONDS FOUR CLUBS QUEEN,0.6094,0.0086,0.382
DIAMONDS THREE CLUBS FIVE,0.6992,0.029,0.2718
DIAMONDS THREE CLUBS TWO,0.7266,0.0292,0.2442
CLUBS TEN DIAMONDS FOUR,0.6112,0.0076,0.3812
DIAMONDS THREE CLUBS THREE,0.3132,0.0236,0.6632
DIAMONDS FOUR CLUBS JACK,0.592,0.0112,0.3968
DIAMONDS THREE SPADES FOUR,0.6848,0.0308,0.2844
DIAMONDS THREE SPADES FIVE,0.6874,0.0314,0.2812
DIAMONDS THREE SPADES TWO,0.704,0.0342,0.2618
DIAMONDS THREE SPADES THREE,0.3102,0.0238,0.666
CLUBS EIGHT DIAMONDS THREE,0.7354,0.0284,0.2362
CLUBS NINE DIAMONDS THREE,0.7282,0.035,0.2368
SPADES SEVEN CLUBS ACE,0.351,0.0044,0.6446
SPADES SEVEN CLUBS QUEEN,0.6006,0.0084,0.391
CLUBS FIVE SPADES SEVEN,0.5726,0.0102,0.4172
CLUBS TEN SPADES SEVEN,0.5852,0.007,0.4078
CLUBS FIVE SPADES SIX,0.57,0.0108,0.4192
SPADES SEVEN CLUBS JACK,0.5868,0.0088,0.4044
CLUBS FIVE SPADES NINE,0.601,0.0084,0.3906
CLUBS FIVE SPADES EIGHT,0.5752,0.0098,0.415
CLUBS FIVE SPADES THREE,0.7032,0.027,0.2698
CLUBS FIVE SPADES TWO,0.6104,0.011,0.3786
CLUBS FIVE SPADES FIVE,0.3274,0.0174,0.6552
CLUBS FIVE SPADES FOUR,0.5788,0.006,0.4152
CLUBS NINE CLUBS FIVE,0.558,0.0082,0.4338
CLUBS EIGHT CLUBS FIVE,0.5546,0.0112,0.4342
CLUBS ACE CLUBS QUEEN,0.3396,0.0058,0.6546
DIAMONDS TEN DIAMONDS FOUR,0.5644,0.0076,0.428
CLUBS TEN DIAMONDS NINE,0.5402,0.006,0.4538
DIAMONDS JACK DIAMONDS FOUR,0.5628,0.009,0.4282
DIAMONDS NINE CLUBS JACK,0.557,0.007,0.436
SPADES NINE CLUBS JACK,0.5486,0.0086,0.4428
CLUBS TEN SPADES NINE,0.5444,0.0086,0.447
DIAMONDS ACE DIAMONDS FOUR,0.3308,0.005,0.6642
HEARTS FOUR DIAMONDS FOUR,0.3446,0.0194,0.636
DIAMONDS JACK HEARTS TEN,0.5352,0.0078,0.457
DIAMONDS TWO SPADES TEN,0.6292,0.008,0.3628
DIAMONDS NINE CLUBS ACE,0.3728,0.0052,0.622
HEARTS FIVE DIAMONDS FOUR,0.566,0.0088,0.4252
DIAMONDS JACK HEARTS JACK,0.289,0.0062,0.7048
SPADES NINE CLUBS QUEEN,0.568,0.0076,0.4244
DIAMONDS TWO SPADES JACK,0.641,0.0092,0.3498
DIAMONDS QUEEN DIAMONDS FOUR,0.5558,0.0086,0.4356
HEARTS TWO DIAMONDS FOUR,0.6236,0.0108,0.3656
DIAMONDS NINE CLUBS QUEEN,0.5722,0.0066,0.4212
DIAMONDS KING DIAMONDS FOUR,0.2108,0.474,0.3152
SPADES NINE CLUBS ACE,0.353,0.0048,0.6422
HEARTS ACE DIAMONDS JACK,0.3408,0.005,0.6542
SPADES ACE DIAMONDS TWO,0.3776,0.0058,0.6166
HEARTS QUEEN DIAMONDS JACK,0.545,0.0078,0.4472
SPADES QUEEN DIAMONDS TWO,0.6224,0.0082,0.3694
DIAMONDS JACK HEARTS KING,0.2252,0.0856,0.6892
SPADES KING DIAMONDS TWO,0.2636,0.515,0.2214
SPADES JACK SPADES SEVEN,0.5428,0.005,0.4522
SPADES TEN SPADES SEVEN,0.5358,0.0048,0.4594
CLUBS SEVEN CLUBS THREE,0.6806,0.032,0.2874
CLUBS SIX CLUBS THREE,0.6938,0.0294,0.2768
CLUBS FIVE CLUBS THREE,0.6682,0.033,0.2988
CLUBS THREE CLUBS FOUR,0.6674,0.03,0.3026
CLUBS NINE CLUBS THREE,0.6952,0.0308,0.274
CLUBS EIGHT CLUBS THREE,0.709,0.028,0.263
CLUBS THREE SPADES FIVE,0.679,0.032,0.289
CLUBS THREE SPADES FOUR,0.703,0.0316,0.2654
CLUBS THREE SPADES THREE,0.308,0.0262,0.6658
CLUBS THREE SPADES TWO,0.7152,0.0326,0.2522
CLUBS THREE SPADES SIX,0.7072,0.0296,0.2632
CLUBS THREE SPADES SEVEN,0.727,0.0294,0.2436
SPADES EIGHT CLUBS THREE,0.7302,0.028,0.2418
SPADES NINE CLUBS THREE,0.7152,0.0332,0.2516
SPADES TWO DIAMONDS FOUR,0.6064,0.0094,0.3842
SPADES THREE DIAMONDS FOUR,0.7096,0.0284,0.262
SPADES FOUR DIAMONDS FOUR,0.3306,0.0158,0.6536
SPADES FIVE DIAMONDS FOUR,0.5662,0.0088,0.425
SPADES SIX DIAMONDS FOUR,0.5784,0.009,0.4126
SPADES SEVEN DIAMONDS FOUR,0.5816,0.011,0.4074
SPADES EIGHT DIAMONDS FOUR,0.5906,0.0092,0.4002
SPADES NINE DIAMONDS FOUR,0.6002,0.0072,0.3926
CLUBS FIVE DIAMONDS FOUR,0.5716,0.0094,0.419
CLUBS FOUR DIAMONDS FOUR,0.3446,0.0166,0.6388
CLUBS SEVEN DIAMONDS FOUR,0.5818,0.0074,0.4108
CLUBS SIX DIAMONDS FOUR,0.5838,0.0076,0.4086
CLUBS NINE DIAMONDS FOUR,0.6104,0.0084,0.3812
CLUBS EIGHT DIAMONDS FOUR,0.5922,0.009,0.3988
HEARTS SEVEN DIAMONDS FOUR,0.5884,0.0098,0.4018
HEARTS SIX DIAMONDS FOUR,0.5866,0.0098,0.4036
DIAMONDS FOUR HEARTS NINE,0.601,0.0084,0.3906
DIAMONDS FOUR HEARTS EIGHT,0.5772,0.009,0.4138
CLUBS THREE DIAMONDS FOUR,0.696,0.0348,0.2692
CLUBS TWO DIAMONDS FOUR,0.633,0.0102,0.3568
DIAMONDS TEN DIAMONDS FIVE,0.5532,0.0086,0.4382
DIAMONDS JACK DIAMONDS FIVE,0.5644,0.0096,0.426
DIAMONDS NINE HEARTS QUEEN,0.5682,0.007,0.4248
DIAMONDS NINE HEARTS KING,0.212,0.1692,0.6188
HEARTS ACE DIAMONDS NINE,0.3562,0.0046,0.6392
DIAMONDS NINE HEARTS TEN,0.5472,0.0056,0.4472
DIAMONDS NINE HEARTS JACK,0.5608,0.0074,0.4318
CLUBS QUEEN DIAMONDS SIX,0.595,0.0076,0.3974
CLUBS ACE DIAMONDS SIX,0.36,0.0034,0.6366
SPADES KING DIAMONDS FOUR,0.2232,0.5076,0.2692
SPADES ACE SPADES SEVEN,0.3342,0.0042,0.6616
SPADES QUEEN DIAMONDS FOUR,0.601,0.0076,0.3914
SPADES QUEEN SPADES SEVEN,0.5664,0.0082,0.4254
CLUBS JACK DIAMONDS SIX,0.6016,0.0096,0.3888
SPADES KING SPADES SEVEN,0.2248,0.2834,0.4918
SPADES ACE DIAMONDS FOUR,0.352,0.0052,0.6428
CLUBS TEN DIAMONDS SIX,0.6026,0.0072,0.3902
CLUBS NINE CLUBS FOUR,0.5784,0.0072,0.4144
CLUBS EIGHT CLUBS FOUR,0.571,0.0102,0.4188
SPADES JACK DIAMONDS FOUR,0.5974,0.0074,0.3952
SPADES TEN DIAMONDS FOUR,0.6036,0.0068,0.3896
CLUBS FIVE CLUBS FOUR,0.5474,0.0082,0.4444
CLUBS SEVEN CLUBS FOUR,0.5644,0.0076,0.428
CLUBS SIX CLUBS FOUR,0.558,0.0088,0.4332
CLUBS SEVEN SPADES EIGHT,0.5462,0.0094,0.4444
CLUBS SEVEN SPADES NINE,0.5736,0.0068,0.4196
CLUBS SEVEN SPADES SIX,0.5544,0.0072,0.4384
CLUBS SEVEN SPADES SEVEN,0.3304,0.0156,0.654
CLUBS SEVEN SPADES FIVE,0.5734,0.0094,0.4172
CLUBS SEVEN SPADES FOUR,0.6012,0.0078,0.391
CLUBS SEVEN SPADES THREE,0.7288,0.035,0.2362
CLUBS SEVEN SPADES TWO,0.642,0.0108,0.3472
CLUBS NINE CLUBS SEVEN,0.5372,0.007,0.4558
CLUBS SEVEN CLUBS EIGHT,0.5234,0.0078,0.4688
HEARTS SIX DIAMONDS FIVE,0.556,0.0088,0.4352
HEARTS SEVEN DIAMONDS FIVE,0.56,0.009,0.431
DIAMONDS FIVE HEARTS EIGHT,0.562,0.0088,0.4292
DIAMONDS FIVE HEARTS NINE,0.582,0.0086,0.4094
DIAMONDS QUEEN DIAMONDS FIVE,0.5594,0.0078,0.4328
HEARTS TWO DIAMONDS FIVE,0.6146,0.011,0.3744
HEARTS KING HEARTS EIGHT,0.216,0.2228,0.5612
DIAMONDS KING DIAMONDS FIVE,0.203,0.4248,0.3722
HEARTS QUEEN HEARTS EIGHT,0.5532,0.0062,0.4406
DIAMONDS ACE DIAMONDS FIVE,0.313,0.0042,0.6828
HEARTS FOUR DIAMONDS FIVE,0.5556,0.011,0.4334
HEARTS FIVE DIAMONDS FIVE,0.3396,0.0158,0.6446
HEARTS ACE HEARTS EIGHT,0.3434,0.0056,0.651
CLUBS FOUR DIAMONDS FIVE,0.5632,0.0132,0.4236
CLUBS FIVE DIAMONDS FIVE,0.3412,0.0192,0.6396
CLUBS SIX DIAMONDS FIVE,0.5624,0.0102,0.4274
CLUBS SEVEN DIAMONDS FIVE,0.5826,0.009,0.4084
CLUBS TWO DIAMONDS FIVE,0.6188,0.0106,0.3706
CLUBS THREE DIAMONDS FIVE,0.7024,0.0288,0.2688
SPADES THREE DIAMONDS FIVE,0.6992,0.0326,0.2682
SPADES TWO DIAMONDS FIVE,0.6122,0.0098,0.378
SPADES JACK DIAMONDS EIGHT,0.5736,0.0076,0.4188
SPADES FIVE DIAMONDS FIVE,0.3466,0.0174,0.636
CLUBS TEN HEARTS JACK,0.5412,0.0062,0.4526
SPADES TEN DIAMONDS EIGHT,0.555,0.0068,0.4382
SPADES FOUR DIAMONDS FIVE,0.5696,0.01,0.4204
HEARTS JACK CLUBS JACK,0.287,0.008,0.705
HEARTS JACK CLUBS QUEEN,0.5544,0.0076,0.438
CLUBS NINE DIAMONDS FIVE,0.5924,0.0068,0.4008
CLUBS EIGHT DIAMONDS FIVE,0.573,0.0076,0.4194
CLUBS ACE HEARTS JACK,0.3288,0.005,0.6662
SPADES SEVEN DIAMONDS FIVE,0.5694,0.0104,0.4202
SPADES KING DIAMONDS EIGHT,0.2266,0.2396,0.5338
SPADES QUEEN DIAMONDS EIGHT,0.5738,0.006,0.4202
SPADES SIX DIAMONDS FIVE,0.5628,0.009,0.4282
SPADES NINE DIAMONDS FIVE,0.5824,0.0098,0.4078
SPADES EIGHT DIAMONDS FIVE,0.5756,0.008,0.4164
SPADES ACE DIAMONDS EIGHT,0.3574,0.0036,0.639
DIAMONDS TEN DIAMONDS SIX,0.5494,0.0086,0.442
HEARTS ACE DIAMONDS SEVEN,0.337,0.0044,0.6586
DIAMONDS JACK DIAMONDS SIX,0.5568,0.0062,0.437
HEARTS QUEEN DIAMONDS SEVEN,0.601,0.007,0.392
HEARTS KING DIAMONDS SEVEN,0.2214,0.2994,0.4792
DIAMONDS ACE DIAMONDS SIX,0.3318,0.0052,0.663
HEARTS FOUR DIAMONDS SIX,0.5834,0.0096,0.407
SPADES TWO HEARTS JACK,0.622,0.0094,0.3686
HEARTS FIVE DIAMONDS SIX,0.552,0.008,0.44
SPADES TWO HEARTS TEN,0.6256,0.0092,0.3652
DIAMONDS QUEEN DIAMONDS SIX,0.5612,0.01,0.4288
HEARTS TWO DIAMONDS SIX,0.6242,0.0098,0.366
DIAMONDS KING DIAMONDS SIX,0.222,0.3464,0.4316
HEARTS EIGHT DIAMONDS SIX,0.5584,0.0098,0.4318
HEARTS NINE DIAMONDS SIX,0.5598,0.0076,0.4326
HEARTS SIX DIAMONDS SIX,0.3296,0.014,0.6564
HEARTS SEVEN DIAMONDS SIX,0.5444,0.0094,0.4462
HEARTS TEN DIAMONDS SEVEN,0.5634,0.0062,0.4304
CLUBS TWO DIAMONDS SIX,0.6268,0.0066,0.3666
HEARTS JACK DIAMONDS SEVEN,0.5734,0.0082,0.4184
CLUBS THREE DIAMONDS SIX,0.7152,0.0318,0.253
CLUBS SEVEN DIAMONDS SIX,0.5576,0.0074,0.435
DIAMONDS EIGHT CLUBS JACK,0.5804,0.0082,0.4114
CLUBS SIX DIAMONDS SIX,0.3356,0.0166,0.6478
CLUBS TEN DIAMONDS EIGHT,0.562,0.008,0.43
CLUBS FIVE DIAMONDS SIX,0.5694,0.0086,0.422
CLUBS FOUR DIAMONDS SIX,0.579,0.0094,0.4116
HEARTS ACE HEARTS JACK,0.3334,0.0064,0.6602
DIAMONDS EIGHT CLUBS ACE,0.3558,0.0056,0.6386
HEARTS QUEEN HEARTS JACK,0.535,0.0088,0.4562
CLUBS NINE DIAMONDS SIX,0.5888,0.0068,0.4044
HEARTS KING HEARTS JACK,0.2296,0.0852,0.6852
DIAMONDS EIGHT CLUBS QUEEN,0.5828,0.0068,0.4104
CLUBS EIGHT DIAMONDS SIX,0.5708,0.0084,0.4208
SPADES TEN HEARTS KING,0.2144,0.122,0.6636
SPADES FIVE DIAMONDS SIX,0.563,0.0064,0.4306
HEARTS ACE SPADES TWO,0.3784,0.0054,0.6162
SPADES JACK HEARTS KING,0.2414,0.0854,0.6732
SPADES FOUR DIAMONDS SIX,0.5834,0.0092,0.4074
SPADES THREE DIAMONDS SIX,0.7004,0.0262,0.2734
HEARTS QUEEN SPADES TWO,0.6324,0.0086,0.359
SPADES ACE SPADES KING,0.2132,0.0124,0.7744
HEARTS KING SPADES TWO,0.2624,0.5326,0.205
SPADES TWO DIAMONDS SIX,0.639,0.0096,0.3514
HEARTS TEN HEARTS EIGHT,0.5244,0.0062,0.4694
SPADES NINE DIAMONDS SIX,0.5836,0.005,0.4114
HEARTS JACK HEARTS EIGHT,0.5432,0.0076,0.4492
SPADES EIGHT DIAMONDS SIX,0.5702,0.0076,0.4222
SPADES SEVEN DIAMONDS SIX,0.5664,0.0086,0.425
SPADES SIX DIAMONDS SIX,0.325,0.014,0.661
SPADES KING HEARTS KING,0.0654,0.0114,0.9232
SPADES QUEEN HEARTS KING,0.2194,0.0656,0.715
SPADES ACE HEARTS KING,0.2162,0.016,0.7678
SPADES ACE HEARTS JACK,0.333,0.0042,0.6628
SPADES QUEEN HEARTS JACK,0.5482,0.0068,0.445
SPADES KING HEARTS JACK,0.2266,0.0864,0.687
SPADES TEN DIAMONDS TEN,0.2974,0.0066,0.696
SPADES JACK DIAMONDS TEN,0.5398,0.0068,0.4534
SPADES ACE DIAMONDS TEN,0.342,0.0042,0.6538
SPADES JACK HEARTS JACK,0.2902,0.0064,0.7034
SPADES TEN HEARTS JACK,0.536,0.0074,0.4566
SPADES QUEEN DIAMONDS TEN,0.5442,0.0058,0.45
SPADES KING DIAMONDS TEN,0.2396,0.1162,0.6442
SPADES NINE DIAMONDS SEVEN,0.561,0.0064,0.4326
SPADES EIGHT DIAMONDS SEVEN,0.5474,0.0068,0.4458
SPADES SEVEN DIAMONDS SEVEN,0.3326,0.0138,0.6536
SPADES SIX DIAMONDS SEVEN,0.565,0.0056,0.4294
DIAMONDS KING DIAMONDS SEVEN,0.2174,0.2794,0.5032
HEARTS KING DIAMONDS FIVE,0.2076,0.4578,0.3346
DIAMONDS QUEEN DIAMONDS SEVEN,0.5584,0.0078,0.4338
HEARTS TWO DIAMONDS SEVEN,0.6412,0.009,0.3498
HEARTS QUEEN DIAMONDS FIVE,0.6012,0.0084,0.3904
HEARTS FIVE DIAMONDS SEVEN,0.5686,0.0098,0.4216
DIAMONDS ACE DIAMONDS SEVEN,0.3202,0.0038,0.676
HEARTS FOUR DIAMONDS SEVEN,0.5894,0.0086,0.402
HEARTS ACE DIAMONDS FIVE,0.3458,0.0044,0.6498
HEARTS SEVEN DIAMONDS SEVEN,0.3142,0.0108,0.675
HEARTS SIX DIAMONDS SEVEN,0.5588,0.0082,0.433
DIAMONDS SEVEN HEARTS NINE,0.5542,0.0074,0.4384
HEARTS EIGHT DIAMONDS SEVEN,0.5388,0.0076,0.4536
DIAMONDS JACK DIAMONDS SEVEN,0.5436,0.0058,0.4506
DIAMONDS FIVE HEARTS JACK,0.5874,0.008,0.4046
DIAMONDS TEN DIAMONDS SEVEN,0.538,0.0072,0.4548
HEARTS TEN DIAMONDS FIVE,0.593,0.009,0.398
SPADES KING CLUBS TWO,0.2746,0.5186,0.2068
CLUBS EIGHT DIAMONDS SEVEN,0.5364,0.0088,0.4548
SPADES QUEEN CLUBS TWO,0.6272,0.0084,0.3644
HEARTS KING CLUBS QUEEN,0.2336,0.0702,0.6962
CLUBS NINE DIAMONDS SEVEN,0.5632,0.0084,0.4284
SPADES TWO CLUBS JACK,0.6236,0.0096,0.3668
SPADES ACE CLUBS TWO,0.3826,0.005,0.6124
CLUBS TEN SPADES TWO,0.6354,0.008,0.3566
HEARTS KING CLUBS ACE,0.2002,0.0132,0.7866
CLUBS SEVEN CLUBS SIX,0.5348,0.0106,0.4546
SPADES TWO DIAMONDS SEVEN,0.629,0.0084,0.3626
CLUBS EIGHT CLUBS SIX,0.5408,0.0078,0.4514
SPADES THREE DIAMONDS SEVEN,0.7076,0.0284,0.264
SPADES TWO CLUBS QUEEN,0.6322,0.007,0.3608
CLUBS NINE CLUBS SIX,0.5552,0.0096,0.4352
SPADES FOUR DIAMONDS SEVEN,0.5794,0.007,0.4136
HEARTS KING CLUBS JACK,0.221,0.087,0.692
SPADES FIVE DIAMONDS SEVEN,0.574,0.008,0.418
SPADES TWO CLUBS ACE,0.3768,0.007,0.6162
CLUBS TEN HEARTS KING,0.2298,0.1122,0.658
CLUBS SIX SPADES TWO,0.6306,0.0102,0.3592
CLUBS SIX SPADES THREE,0.7152,0.0292,0.2556
CLUBS TWO DIAMONDS SEVEN,0.636,0.011,0.353
CLUBS SIX SPADES FOUR,0.5802,0.01,0.4098
CLUBS THREE DIAMONDS SEVEN,0.7194,0.0232,0.2574
CLUBS SIX SPADES FIVE,0.589,0.0092,0.4018
CLUBS FOUR DIAMONDS SEVEN,0.5898,0.0088,0.4014
CLUBS SIX SPADES SIX,0.334,0.0134,0.6526
CLUBS FIVE DIAMONDS SEVEN,0.5756,0.0106,0.4138
CLUBS SIX SPADES SEVEN,0.5556,0.0096,0.4348
CLUBS SIX DIAMONDS SEVEN,0.557,0.0086,0.4344
CLUBS SIX SPADES EIGHT,0.5598,0.0074,0.4328
SPADES JACK CLUBS TWO,0.6296,0.0104,0.36
CLUBS SEVEN DIAMONDS SEVEN,0.3248,0.0122,0.663
SPADES NINE CLUBS SIX,0.5748,0.0056,0.4196
SPADES TEN CLUBS TWO,0.6238,0.0088,0.3674
CLUBS TWO CLUBS QUEEN,0.6082,0.0078,0.384
CLUBS THREE DIAMONDS EIGHT,0.7378,0.0292,0.233
CLUBS TWO CLUBS ACE,0.3588,0.0058,0.6354
CLUBS TWO DIAMONDS EIGHT,0.6352,0.0088,0.356
HEARTS SEVEN DIAMONDS EIGHT,0.5598,0.0078,0.4324
HEARTS SIX DIAMONDS EIGHT,0.5608,0.0096,0.4296
DIAMONDS EIGHT HEARTS NINE,0.549,0.0076,0.4434
CLUBS TEN CLUBS TWO,0.6076,0.0086,0.3838
DIAMONDS EIGHT HEARTS EIGHT,0.3068,0.0122,0.681
CLUBS TWO CLUBS JACK,0.608,0.0106,0.3814
CLUBS NINE DIAMONDS EIGHT,0.5636,0.0068,0.4296
CLUBS EIGHT DIAMONDS EIGHT,0.3418,0.0132,0.645
CLUBS FIVE DIAMONDS EIGHT,0.5822,0.0078,0.41
SPADES ACE SPADES THREE,0.2228,0.0172,0.76
CLUBS FOUR DIAMONDS EIGHT,0.606,0.0084,0.3856
CLUBS SEVEN DIAMONDS EIGHT,0.5558,0.0088,0.4354
SPADES QUEEN SPADES THREE,0.693,0.0292,0.2778
CLUBS SIX DIAMONDS EIGHT,0.5614,0.0074,0.4312
SPADES KING SPADES THREE,0.0212,0.909,0.0698
DIAMONDS QUEEN DIAMONDS EIGHT,0.537,0.0064,0.4566
HEARTS TWO DIAMONDS EIGHT,0.6378,0.0082,0.354
DIAMONDS KING DIAMONDS EIGHT,0.211,0.2108,0.5782
DIAMONDS ACE DIAMONDS EIGHT,0.336,0.0062,0.6578
HEARTS FOUR DIAMONDS EIGHT,0.5938,0.0086,0.3976
HEARTS FIVE DIAMONDS EIGHT,0.5744,0.0112,0.4144
DIAMONDS EIGHT DIAMONDS TEN,0.5196,0.0082,0.4722
DIAMONDS EIGHT DIAMONDS JACK,0.535,0.0052,0.4598
SPADES JACK SPADES THREE,0.6888,0.0314,0.2798
SPADES TEN SPADES THREE,0.687,0.0322,0.2808
CLUBS FOUR HEARTS ACE,0.3438,0.0068,0.6494
CLUBS FOUR HEARTS QUEEN,0.5968,0.0102,0.393
CLUBS FOUR HEARTS KING,0.2156,0.5234,0.261
CLUBS SIX HEARTS TEN,0.577,0.0088,0.4142
CLUBS SIX HEARTS JACK,0.6088,0.0108,0.3804
DIAMONDS EIGHT SPADES FOUR,0.5934,0.0096,0.397
SPADES FIVE DIAMONDS EIGHT,0.5784,0.009,0.4126
DIAMONDS EIGHT SPADES TWO,0.6264,0.0114,0.3622
DIAMONDS EIGHT SPADES THREE,0.7278,0.0292,0.243
CLUBS FOUR HEARTS JACK,0.6076,0.0092,0.3832
SPADES EIGHT DIAMONDS EIGHT,0.319,0.0138,0.6672
SPADES TEN DIAMONDS QUEEN,0.5528,0.0072,0.44
SPADES TEN HEARTS TWO,0.6362,0.0078,0.356
SPADES JACK HEARTS EIGHT,0.5736,0.0054,0.421
CLUBS FOUR HEARTS TEN,0.6084,0.008,0.3836
SPADES NINE DIAMONDS EIGHT,0.558,0.0054,0.4366
SPADES TEN HEARTS EIGHT,0.548,0.0098,0.4422
SPADES JACK HEARTS TWO,0.6354,0.0076,0.357
SPADES JACK DIAMONDS QUEEN,0.5588,0.005,0.4362
SPADES SIX DIAMONDS EIGHT,0.5668,0.0072,0.426
SPADES SEVEN DIAMONDS EIGHT,0.5452,0.0082,0.4466
SPADES ACE HEARTS TWO,0.3752,0.006,0.6188
SPADES ACE DIAMONDS QUEEN,0.3522,0.004,0.6438
SPADES ACE HEARTS EIGHT,0.3442,0.0032,0.6526
SPADES KING HEARTS EIGHT,0.2214,0.2308,0.5478
SPADES QUEEN HEARTS TWO,0.6358,0.009,0.3552
SPADES QUEEN DIAMONDS QUEEN,0.2788,0.0038,0.7174
SPADES KING DIAMONDS QUEEN,0.2412,0.0624,0.6964
SPADES KING HEARTS TWO,0.2602,0.5274,0.2124
SPADES QUEEN HEARTS EIGHT,0.5776,0.0092,0.4132
CLUBS TWO HEARTS TEN,0.63,0.0098,0.3602
CLUBS TWO HEARTS JACK,0.6346,0.01,0.3554
SPADES SEVEN DIAMONDS NINE,0.5534,0.0068,0.4398
SPADES SIX DIAMONDS NINE,0.581,0.0086,0.4104
SPADES NINE DIAMONDS NINE,0.3218,0.0094,0.6688
SPADES EIGHT DIAMONDS NINE,0.542,0.0078,0.4502
DIAMONDS NINE SPADES THREE,0.7226,0.0298,0.2476
DIAMONDS NINE SPADES TWO,0.6326,0.0078,0.3596
DIAMONDS NINE SPADES FIVE,0.5866,0.0066,0.4068
DIAMONDS NINE SPADES FOUR,0.6002,0.008,0.3918
CLUBS NINE DIAMONDS NINE,0.3066,0.0114,0.682
CLUBS EIGHT DIAMONDS NINE,0.5484,0.0064,0.4452
CLUBS SIX DIAMONDS NINE,0.572,0.0058,0.4222
SPADES JACK CLUBS FOUR,0.6088,0.0068,0.3844
CLUBS SEVEN DIAMONDS NINE,0.5756,0.0082,0.4162
SPADES TEN CLUBS FOUR,0.6124,0.0078,0.3798
CLUBS FOUR DIAMONDS NINE,0.6012,0.011,0.3878
CLUBS FIVE DIAMONDS NINE,0.5916,0.0098,0.3986
DIAMONDS NINE CLUBS TWO,0.6314,0.0086,0.36
CLUBS THREE DIAMONDS NINE,0.7388,0.0296,0.2316
DIAMONDS NINE HEARTS EIGHT,0.5476,0.0052,0.4472
DIAMONDS NINE HEARTS NINE,0.3074,0.0078,0.6848
HEARTS SIX DIAMONDS NINE,0.5724,0.0074,0.4202
HEARTS SEVEN DIAMONDS NINE,0.5588,0.0086,0.4326
CLUBS NINE CLUBS EIGHT,0.5344,0.0082,0.4574
DIAMONDS ACE DIAMONDS NINE,0.3366,0.0062,0.6572
HEARTS FOUR DIAMONDS NINE,0.5902,0.0072,0.4026
HEARTS FIVE DIAMONDS NINE,0.5896,0.007,0.4034
HEARTS ACE CLUBS TWO,0.3776,0.0064,0.616
SPADES ACE CLUBS FOUR,0.3534,0.0052,0.6414
DIAMONDS QUEEN DIAMONDS NINE,0.5316,0.0054,0.463
HEARTS TWO DIAMONDS NINE,0.6316,0.0102,0.3582
CLUBS TWO HEARTS KING,0.2578,0.5252,0.217
SPADES KING CLUBS FOUR,0.215,0.5288,0.2562
DIAMONDS KING DIAMONDS NINE,0.2192,0.1558,0.625
CLUBS TWO HEARTS QUEEN,0.645,0.0104,0.3446
SPADES QUEEN CLUBS FOUR,0.6076,0.0084,0.384
DIAMONDS NINE DIAMONDS JACK,0.52,0.0076,0.4724
CLUBS EIGHT SPADES NINE,0.556,0.0078,0.4362
DIAMONDS NINE DIAMONDS TEN,0.5138,0.0066,0.4796
CLUBS EIGHT SPADES EIGHT,0.3332,0.0102,0.6566
CLUBS EIGHT SPADES SEVEN,0.5492,0.0114,0.4394
CLUBS EIGHT SPADES SIX,0.5664,0.0084,0.4252
CLUBS EIGHT SPADES FIVE,0.574,0.0084,0.4176
CLUBS EIGHT SPADES FOUR,0.5894,0.0094,0.4012
CLUBS EIGHT SPADES THREE,0.7452,0.0294,0.2254
CLUBS EIGHT SPADES TWO,0.6416,0.0102,0.3482
HEARTS SIX DIAMONDS TEN,0.5766,0.0082,0.4152
HEARTS SEVEN DIAMONDS TEN,0.5608,0.0072,0.432
DIAMONDS TEN HEARTS EIGHT,0.5462,0.0072,0.4466
CLUBS FOUR CLUBS JACK,0.5674,0.011,0.4216
DIAMONDS TEN HEARTS NINE,0.5352,0.005,0.4598
CLUBS TEN CLUBS FOUR,0.5664,0.0088,0.4248
CLUBS FOUR CLUBS QUEEN,0.5834,0.0088,0.4078
CLUBS TWO DIAMONDS TEN,0.624,0.0104,0.3656
CLUBS THREE DIAMONDS TEN,0.7386,0.0336,0.2278
CLUBS FOUR CLUBS ACE,0.3366,0.0076,0.6558
DIAMONDS JACK DIAMONDS TEN,0.5032,0.005,0.4918
DIAMONDS QUEEN DIAMONDS TEN,0.5198,0.007,0.4732
HEARTS TWO DIAMONDS TEN,0.6422,0.0096,0.3482
DIAMONDS KING DIAMONDS TEN,0.2238,0.1152,0.661
DIAMONDS ACE DIAMONDS TEN,0.3228,0.0048,0.6724
HEARTS FOUR DIAMONDS TEN,0.603,0.0084,0.3886
CLUBS EIGHT HEARTS JACK,0.5662,0.0064,0.4274
HEARTS FIVE DIAMONDS TEN,0.6096,0.0092,0.3812
CLUBS EIGHT HEARTS TEN,0.5674,0.0084,0.4242
CLUBS EIGHT HEARTS QUEEN,0.5748,0.0056,0.4196
CLUBS EIGHT HEARTS KING,0.2296,0.2286,0.5418
CLUBS EIGHT HEARTS ACE,0.3512,0.0048,0.644
CLUBS NINE SPADES THREE,0.7406,0.0378,0.2216
CLUBS NINE SPADES TWO,0.6218,0.0106,0.3676
CLUBS NINE SPADES FIVE,0.5938,0.0072,0.399
CLUBS NINE SPADES FOUR,0.603,0.0062,0.3908
CLUBS NINE SPADES SEVEN,0.5682,0.008,0.4238
CLUBS NINE SPADES SIX,0.5742,0.009,0.4168
CLUBS NINE SPADES NINE,0.3128,0.008,0.6792
CLUBS TEN HEARTS EIGHT,0.5634,0.0068,0.4298
CLUBS NINE SPADES EIGHT,0.5608,0.0092,0.43
HEARTS EIGHT CLUBS JACK,0.566,0.0054,0.4286
CLUBS QUEEN HEARTS EIGHT,0.58,0.0096,0.4104
CLUBS ACE HEARTS EIGHT,0.3504,0.0052,0.6444
DIAMONDS ACE HEARTS TEN,0.3384,0.0032,0.6584
HEARTS FOUR HEARTS TEN,0.5646,0.0096,0.4258
DIAMONDS ACE HEARTS JACK,0.3542,0.0044,0.6414
HEARTS FOUR HEARTS JACK,0.5688,0.0096,0.4216
SPADES KING CLUBS FIVE,0.2324,0.4534,0.3142
SPADES QUEEN CLUBS FIVE,0.5992,0.007,0.3938
SPADES ACE CLUBS FIVE,0.3616,0.0048,0.6336
HEARTS SEVEN DIAMONDS JACK,0.5788,0.0076,0.4136
HEARTS SIX DIAMONDS JACK,0.5856,0.011,0.4034
DIAMONDS JACK HEARTS NINE,0.5412,0.006,0.4528
DIAMONDS JACK HEARTS EIGHT,0.5682,0.006,0.4258
DIAMONDS KING DIAMONDS JACK,0.2352,0.0752,0.6896
SPADES ACE SPADES SIX,0.336,0.0058,0.6582
HEARTS ACE SPADES FOUR,0.3498,0.0064,0.6438
DIAMONDS QUEEN DIAMONDS JACK,0.5132,0.0054,0.4814
HEARTS TWO DIAMONDS JACK,0.6378,0.0076,0.3546
HEARTS FIVE DIAMONDS JACK,0.5856,0.009,0.4054
SPADES QUEEN SPADES SIX,0.5548,0.0092,0.436
SPADES FOUR HEARTS QUEEN,0.6058,0.0086,0.3856
DIAMONDS ACE DIAMONDS JACK,0.3332,0.0046,0.6622
HEARTS FOUR DIAMONDS JACK,0.595,0.0086,0.3964
SPADES KING SPADES SIX,0.203,0.3584,0.4386
SPADES FOUR HEARTS KING,0.2246,0.5016,0.2738
SPADES TEN SPADES SIX,0.5448,0.007,0.4482
SPADES JACK SPADES SIX,0.5532,0.0082,0.4386
SPADES FOUR DIAMONDS JACK,0.5978,0.0082,0.394
SPADES FIVE DIAMONDS JACK,0.5942,0.0074,0.3984
DIAMONDS JACK SPADES TWO,0.6194,0.0086,0.372
DIAMONDS JACK SPADES THREE,0.7182,0.0318,0.25
SPADES ACE DIAMONDS THREE,0.2382,0.0206,0.7412
SPADES QUEEN DIAMONDS THREE,0.7286,0.0334,0.238
CLUBS EIGHT DIAMONDS JACK,0.573,0.0096,0.4174
SPADES KING DIAMONDS THREE,0.0264,0.9518,0.0218
CLUBS NINE DIAMONDS JACK,0.5612,0.0062,0.4326
CLUBS SIX DIAMONDS JACK,0.591,0.0102,0.3988
CLUBS SEVEN DIAMONDS JACK,0.5838,0.0066,0.4096
CLUBS FOUR DIAMONDS JACK,0.6184,0.0088,0.3728
CLUBS FIVE DIAMONDS JACK,0.6016,0.0082,0.3902
CLUBS TWO DIAMONDS JACK,0.6358,0.009,0.3552
CLUBS THREE DIAMONDS JACK,0.7348,0.0322,0.233
SPADES TEN CLUBS FIVE,0.6152,0.007,0.3778
SPADES JACK HEARTS SIX,0.5982,0.0072,0.3946
HEARTS SIX SPADES TEN,0.5832,0.0068,0.41
SPADES JACK CLUBS FIVE,0.6028,0.005,0.3922
SPADES JACK DIAMONDS THREE,0.727,0.0326,0.2404
CLUBS SEVEN CLUBS ACE,0.335,0.0052,0.6598
DIAMONDS THREE SPADES TEN,0.7242,0.0302,0.2456
CLUBS SEVEN CLUBS QUEEN,0.572,0.0068,0.4212
SPADES NINE DIAMONDS JACK,0.5624,0.0088,0.4288
CLUBS TEN CLUBS SEVEN,0.5518,0.009,0.4392
DIAMONDS ACE HEARTS ACE,0.1086,0.005,0.8864
HEARTS FOUR HEARTS ACE,0.3222,0.0086,0.6692
SPADES EIGHT DIAMONDS JACK,0.5716,0.0078,0.4206
SPADES ACE HEARTS SIX,0.3514,0.0032,0.6454
CLUBS SEVEN CLUBS JACK,0.5522,0.0076,0.4402
DIAMONDS ACE HEARTS KING,0.2208,0.0112,0.768
HEARTS FOUR HEARTS KING,0.2106,0.4966,0.2928
SPADES SEVEN DIAMONDS JACK,0.5788,0.0074,0.4138
SPADES KING HEARTS SIX,0.2192,0.3764,0.4044
DIAMONDS ACE HEARTS QUEEN,0.3376,0.0052,0.6572
HEARTS FOUR HEARTS QUEEN,0.5624,0.0068,0.4308
SPADES QUEEN HEARTS SIX,0.587,0.0078,0.4052
SPADES SIX DIAMONDS JACK,0.5926,0.007,0.4004
DIAMONDS TEN SPADES TWO,0.6254,0.0072,0.3674
SPADES THREE DIAMONDS TEN,0.7192,0.034,0.2468
SPADES FOUR DIAMONDS TEN,0.601,0.008,0.391
SPADES FIVE DIAMONDS TEN,0.6078,0.009,0.3832
SPADES SIX DIAMONDS TEN,0.5872,0.0088,0.404
SPADES SEVEN DIAMONDS TEN,0.572,0.0052,0.4228
SPADES EIGHT DIAMONDS TEN,0.5634,0.007,0.4296
SPADES NINE DIAMONDS TEN,0.553,0.0044,0.4426
CLUBS FOUR DIAMONDS TEN,0.604,0.0056,0.3904
CLUBS FIVE DIAMONDS TEN,0.604,0.01,0.386
CLUBS SIX DIAMONDS TEN,0.5966,0.0046,0.3988
CLUBS SEVEN DIAMONDS TEN,0.5668,0.0072,0.426
CLUBS EIGHT DIAMONDS TEN,0.5608,0.0066,0.4326
CLUBS NINE DIAMONDS TEN,0.5366,0.008,0.4554
DIAMONDS THREE CLUBS JACK,0.7324,0.0354,0.2322
CLUBS TEN DIAMONDS THREE,0.725,0.0342,0.2408
DIAMONDS THREE CLUBS QUEEN,0.735,0.033,0.232
DIAMONDS THREE CLUBS ACE,0.2204,0.0226,0.757
SPADES FOUR HEARTS JACK,0.6048,0.008,0.3872
SPADES FOUR HEARTS TEN,0.5976,0.0096,0.3928
SPADES FIVE SPADES TWO,0.5824,0.0088,0.4088
SPADES FOUR SPADES TWO,0.5846,0.0102,0.4052
SPADES THREE SPADES TWO,0.676,0.027,0.297
SPADES NINE SPADES TWO,0.5846,0.0092,0.4062
SPADES EIGHT SPADES TWO,0.594,0.0082,0.3978
SPADES SEVEN SPADES TWO,0.601,0.0092,0.3898
SPADES SIX SPADES TWO,0.581,0.0092,0.4098
DIAMONDS QUEEN CLUBS THREE,0.7314,0.0322,0.2364
CLUBS THREE HEARTS TWO,0.7202,0.0332,0.2466
DIAMONDS QUEEN CLUBS TWO,0.6302,0.0102,0.3596
HEARTS TWO CLUBS TWO,0.4396,0.0266,0.5338
HEARTS SEVEN DIAMONDS QUEEN,0.599,0.0082,0.3928
HEARTS SEVEN HEARTS TWO,0.5998,0.009,0.3912
HEARTS SIX DIAMONDS QUEEN,0.606,0.006,0.388
HEARTS SIX HEARTS TWO,0.5966,0.0104,0.393
DIAMONDS QUEEN HEARTS NINE,0.5548,0.0066,0.4386
HEARTS TWO HEARTS NINE,0.5976,0.011,0.3914
DIAMONDS QUEEN HEARTS EIGHT,0.5786,0.0056,0.4158
HEARTS TWO HEARTS EIGHT,0.5956,0.0116,0.3928
CLUBS NINE HEARTS TWO,0.646,0.0104,0.3436
CLUBS NINE DIAMONDS QUEEN,0.578,0.0102,0.4118
CLUBS EIGHT HEARTS TWO,0.6328,0.011,0.3562
CLUBS EIGHT DIAMONDS QUEEN,0.5792,0.007,0.4138
CLUBS FIVE DIAMONDS QUEEN,0.6098,0.0084,0.3818
CLUBS FIVE HEARTS TWO,0.6178,0.0098,0.3724
SPADES EIGHT HEARTS ACE,0.3566,0.0052,0.6382
DIAMONDS QUEEN CLUBS FOUR,0.6076,0.0096,0.3828
HEARTS TWO CLUBS FOUR,0.629,0.0132,0.3578
CLUBS SEVEN DIAMONDS QUEEN,0.5948,0.0096,0.3956
CLUBS SEVEN HEARTS TWO,0.6376,0.0088,0.3536
SPADES EIGHT HEARTS QUEEN,0.5848,0.0088,0.4064
CLUBS SIX DIAMONDS QUEEN,0.6126,0.0082,0.3792
CLUBS SIX HEARTS TWO,0.6332,0.0108,0.356
SPADES EIGHT HEARTS KING,0.22,0.238,0.542
HEARTS TWO SPADES SIX,0.632,0.0076,0.3604
DIAMONDS QUEEN SPADES SIX,0.587,0.0076,0.4054
HEARTS FOUR CLUBS QUEEN,0.5994,0.0078,0.3928
DIAMONDS ACE CLUBS QUEEN,0.3582,0.005,0.6368
DIAMONDS QUEEN SPADES SEVEN,0.5956,0.0074,0.397
HEARTS TWO SPADES SEVEN,0.6308,0.0076,0.3616
DIAMONDS QUEEN SPADES EIGHT,0.577,0.006,0.417
SPADES EIGHT HEARTS TWO,0.6344,0.0094,0.3562
HEARTS FOUR CLUBS ACE,0.3308,0.0058,0.6634
DIAMONDS ACE CLUBS ACE,0.108,0.0036,0.8884
SPADES NINE DIAMONDS QUEEN,0.5744,0.006,0.4196
SPADES NINE HEARTS TWO,0.6372,0.0076,0.3552
HEARTS TWO SPADES TWO,0.4478,0.0206,0.5316
DIAMONDS QUEEN SPADES TWO,0.627,0.0066,0.3664
HEARTS TWO SPADES THREE,0.7222,0.035,0.2428
DIAMONDS QUEEN SPADES THREE,0.7322,0.035,0.2328
HEARTS TWO SPADES FOUR,0.6296,0.0084,0.362
DIAMONDS QUEEN SPADES FOUR,0.6152,0.0074,0.3774
CLUBS TEN HEARTS FOUR,0.6038,0.0106,0.3856
CLUBS TEN DIAMONDS ACE,0.3562,0.006,0.6378
HEARTS TWO SPADES FIVE,0.6126,0.0088,0.3786
DIAMONDS QUEEN SPADES FIVE,0.5968,0.0076,0.3956
HEARTS FOUR CLUBS JACK,0.5934,0.0086,0.398
DIAMONDS ACE CLUBS JACK,0.3542,0.0084,0.6374
CLUBS FIVE CLUBS QUEEN,0.5694,0.0088,0.4218
CLUBS FIVE CLUBS ACE,0.3302,0.0066,0.6632
CLUBS FIVE CLUBS JACK,0.5646,0.0082,0.4272
CLUBS TEN CLUBS FIVE,0.5704,0.0106,0.419
SPADES KING CLUBS JACK,0.2548,0.0866,0.6586
SPADES QUEEN CLUBS JACK,0.5462,0.0074,0.4464
SPADES ACE CLUBS JACK,0.3566,0.0066,0.6368
SPADES SIX CLUBS QUEEN,0.5896,0.0064,0.404
SPADES EIGHT HEARTS JACK,0.5638,0.0064,0.4298
SPADES SIX CLUBS ACE,0.351,0.0052,0.6438
SPADES EIGHT HEARTS TEN,0.5656,0.007,0.4274
SPADES SIX CLUBS JACK,0.614,0.0082,0.3778
CLUBS TEN SPADES SIX,0.5956,0.0084,0.396
SPADES TEN CLUBS JACK,0.5298,0.007,0.4632
SPADES JACK CLUBS JACK,0.3064,0.0056,0.688
SPADES QUEEN CLUBS SEVEN,0.5934,0.007,0.3996
SPADES KING CLUBS SEVEN,0.2334,0.2994,0.4672
SPADES ACE CLUBS SEVEN,0.3654,0.004,0.6306
SPADES SIX HEARTS TEN,0.5874,0.0072,0.4054
SPADES SIX HEARTS JACK,0.5954,0.0068,0.3978
SPADES SIX HEARTS ACE,0.3568,0.005,0.6382
SPADES SIX HEARTS KING,0.2234,0.3828,0.3938
SPADES SIX HEARTS QUEEN,0.5954,0.0076,0.397
CLUBS SEVEN SPADES JACK,0.5892,0.0062,0.4046
CLUBS SEVEN SPADES TEN,0.5726,0.0082,0.4192
CLUBS TEN HEARTS SIX,0.5968,0.0064,0.3968
HEARTS SIX CLUBS JACK,0.5896,0.0062,0.4042
CLUBS ACE CLUBS JACK,0.325,0.0062,0.6688
HEARTS SIX CLUBS QUEEN,0.5956,0.0086,0.3958
HEARTS SIX CLUBS ACE,0.3602,0.0066,0.6332
CLUBS QUEEN CLUBS JACK,0.5162,0.0074,0.4764
DIAMONDS THREE HEARTS ACE,0.2274,0.0196,0.753
DIAMONDS THREE HEARTS QUEEN,0.7208,0.0374,0.2418
DIAMONDS THREE HEARTS KING,0.0092,0.9716,0.0192
CLUBS FIVE HEARTS JACK,0.6076,0.0102,0.3822
SPADES TEN DIAMONDS ACE,0.3362,0.0046,0.6592
HEARTS FOUR SPADES TEN,0.594,0.0112,0.3948
CLUBS FIVE HEARTS TEN,0.6022,0.0078,0.39
HEARTS FOUR SPADES JACK,0.5958,0.0088,0.3954
SPADES JACK DIAMONDS ACE,0.345,0.0046,0.6504
SPADES ACE HEARTS FOUR,0.3376,0.0056,0.6568
SPADES ACE DIAMONDS ACE,0.1118,0.0024,0.8858
CLUBS FIVE HEARTS ACE,0.3436,0.0068,0.6496
CLUBS FIVE HEARTS KING,0.2076,0.4712,0.3212
HEARTS FOUR SPADES QUEEN,0.598,0.0074,0.3946
SPADES QUEEN DIAMONDS ACE,0.3346,0.0056,0.6598
SPADES FOUR CLUBS JACK,0.5976,0.0082,0.3942
CLUBS FIVE HEARTS QUEEN,0.5966,0.0072,0.3962
SPADES KING DIAMONDS ACE,0.224,0.013,0.763
SPADES KING HEARTS FOUR,0.2098,0.5152,0.275
CLUBS TEN SPADES FOUR,0.6082,0.0096,0.3822
DIAMONDS QUEEN DIAMONDS ACE,0.3404,0.005,0.6546
HEARTS TWO DIAMONDS ACE,0.3774,0.0062,0.6164
HEARTS FOUR DIAMONDS QUEEN,0.5944,0.006,0.3996
HEARTS FOUR HEARTS TWO,0.5958,0.009,0.3952
DIAMONDS THREE HEARTS TEN,0.7224,0.0326,0.245
HEARTS FIVE DIAMONDS QUEEN,0.5888,0.0092,0.402
HEARTS FIVE HEARTS TWO,0.5838,0.0088,0.4074
DIAMONDS THREE HEARTS JACK,0.723,0.0356,0.2414
SPADES FOUR CLUBS QUEEN,0.6116,0.0082,0.3802
DIAMONDS QUEEN HEARTS TWO,0.6516,0.0078,0.3406
DIAMONDS KING DIAMONDS QUEEN,0.2258,0.0602,0.714
DIAMONDS KING HEARTS TWO,0.2564,0.5268,0.2168
SPADES FOUR CLUBS ACE,0.343,0.004,0.653
HEARTS TWO CLUBS ACE,0.3688,0.0062,0.625
DIAMONDS QUEEN CLUBS ACE,0.3526,0.0046,0.6428
HEARTS TWO CLUBS QUEEN,0.6464,0.0086,0.345
DIAMONDS QUEEN CLUBS QUEEN,0.2732,0.0038,0.723
SPADES EIGHT SPADES FIVE,0.5354,0.0054,0.4592
CLUBS TEN HEARTS TWO,0.6278,0.0114,0.3608
CLUBS TEN DIAMONDS QUEEN,0.5586,0.0082,0.4332
SPADES NINE SPADES FIVE,0.5536,0.008,0.4384
HEARTS TWO CLUBS JACK,0.6432,0.0088,0.348
DIAMONDS QUEEN CLUBS JACK,0.557,0.0062,0.4368
SPADES SIX SPADES FIVE,0.5352,0.008,0.4568
SPADES SEVEN SPADES FIVE,0.5436,0.0096,0.4468
DIAMONDS FIVE CLUBS QUEEN,0.6082,0.0086,0.3832
SPADES EIGHT CLUBS ACE,0.353,0.005,0.642
DIAMONDS FIVE CLUBS ACE,0.3354,0.0066,0.658
SPADES EIGHT CLUBS QUEEN,0.5774,0.0078,0.4148
SPADES EIGHT CLUBS JACK,0.5566,0.0068,0.4366
CLUBS TEN SPADES EIGHT,0.551,0.0072,0.4418
CLUBS TEN DIAMONDS FIVE,0.5988,0.0094,0.3918
DIAMONDS FIVE CLUBS JACK,0.5866,0.0076,0.4058
DIAMONDS TEN HEARTS JACK,0.5266,0.0088,0.4646
DIAMONDS TEN HEARTS TEN,0.2986,0.0106,0.6908
SPADES ACE CLUBS NINE,0.3486,0.0038,0.6476
CLUBS NINE SPADES QUEEN,0.5782,0.0068,0.415
CLUBS NINE SPADES KING,0.2358,0.166,0.5982
HEARTS SIX HEARTS KING,0.2148,0.3638,0.4214
DIAMONDS KING SPADES SEVEN,0.2322,0.2968,0.471
SPADES KING DIAMONDS SEVEN,0.2388,0.3078,0.4534
HEARTS SIX HEARTS QUEEN,0.5544,0.0072,0.4384
SPADES QUEEN DIAMONDS SEVEN,0.601,0.007,0.392
DIAMONDS KING SPADES SIX,0.2226,0.3752,0.4022
DIAMONDS KING SPADES NINE,0.2444,0.1674,0.5882
HEARTS SIX HEARTS ACE,0.3522,0.0048,0.643
DIAMONDS KING SPADES EIGHT,0.2294,0.2462,0.5244
