opposingHand,winningChance,drawChance,lostChance
HEARTS EIGHT SPADES FOUR
HEARTS FIVE SPADES TEN,0.3672,0.0334,0.5994
SPADES JACK HEARTS FIVE,0.3648,0.0174,0.6178
SPADES FIVE CLUBS JACK,0.3534,0.0208,0.6258
CLUBS TEN SPADES FIVE,0.363,0.0266,0.6104
CLUBS EIGHT CLUBS JACK,0.2212,0.0638,0.715
CLUBS TEN CLUBS EIGHT,0.2322,0.0738,0.694
CLUBS EIGHT CLUBS KING,0.2358,0.0272,0.737
SPADES FIVE CLUBS ACE,0.3454,0.0062,0.6484
CLUBS EIGHT CLUBS QUEEN,0.217,0.0494,0.7336
SPADES FIVE CLUBS KING,0.3426,0.0094,0.648
SPADES FIVE CLUBS QUEEN,0.3602,0.0136,0.6262
CLUBS EIGHT CLUBS ACE,0.229,0.0286,0.7424
DIAMONDS TWO DIAMONDS THREE,0.5512,0.0666,0.3822
DIAMONDS TWO DIAMONDS FIVE,0.5434,0.0668,0.3898
SPADES KING HEARTS FIVE,0.3696,0.0084,0.622
DIAMONDS TWO DIAMONDS FOUR,0.5584,0.1466,0.295
SPADES QUEEN HEARTS FIVE,0.3648,0.0096,0.6256
DIAMONDS TWO DIAMONDS SEVEN,0.5464,0.0648,0.3888
DIAMONDS TWO DIAMONDS SIX,0.533,0.0698,0.3972
SPADES ACE HEARTS FIVE,0.347,0.004,0.649
DIAMONDS TWO DIAMONDS NINE,0.388,0.0402,0.5718
DIAMONDS TWO DIAMONDS EIGHT,0.263,0.4848,0.2522
DIAMONDS THREE DIAMONDS FOUR,0.5558,0.1504,0.2938
DIAMONDS THREE DIAMONDS FIVE,0.511,0.068,0.421
SPADES FIVE CLUBS TWO,0.5586,0.0744,0.367
CLUBS TWO SPADES TWO,0.3698,0.1016,0.5286
CLUBS TWO SPADES THREE,0.5918,0.074,0.3342
DIAMONDS THREE DIAMONDS EIGHT,0.2574,0.4818,0.2608
SPADES EIGHT CLUBS TWO,0.2602,0.5234,0.2164
DIAMONDS THREE DIAMONDS NINE,0.3728,0.0374,0.5898
SPADES NINE CLUBS TWO,0.391,0.0472,0.5618
DIAMONDS THREE DIAMONDS SIX,0.535,0.0606,0.4044
SPADES SIX CLUBS TWO,0.5832,0.0674,0.3494
DIAMONDS THREE DIAMONDS SEVEN,0.5478,0.0626,0.3896
SPADES SEVEN CLUBS TWO,0.598,0.0642,0.3378
CLUBS SIX CLUBS TWO,0.5552,0.0632,0.3816
CLUBS SEVEN CLUBS TWO,0.5628,0.0654,0.3718
CLUBS FOUR CLUBS TWO,0.5628,0.1384,0.2988
CLUBS FIVE CLUBS TWO,0.5266,0.0674,0.406
CLUBS TEN CLUBS JACK,0.2922,0.013,0.6948
DIAMONDS FOUR DIAMONDS SIX,0.5524,0.1302,0.3174
CLUBS TEN CLUBS QUEEN,0.3006,0.0116,0.6878
DIAMONDS FOUR DIAMONDS SEVEN,0.5632,0.1448,0.292
CLUBS TEN CLUBS KING,0.3128,0.0074,0.6798
CLUBS TEN CLUBS ACE,0.3174,0.005,0.6776
CLUBS EIGHT CLUBS TWO,0.2586,0.4862,0.2552
DIAMONDS FIVE DIAMONDS FOUR,0.5408,0.1394,0.3198
CLUBS NINE CLUBS TWO,0.3728,0.0466,0.5806
DIAMONDS NINE DIAMONDS FOUR,0.2316,0.1016,0.6668
DIAMONDS EIGHT DIAMONDS FOUR,0.0192,0.91,0.0708
CLUBS THREE CLUBS TWO,0.5528,0.0666,0.3806
DIAMONDS NINE DIAMONDS FIVE,0.34,0.0418,0.6182
DIAMONDS TWO CLUBS JACK,0.394,0.0222,0.5838
DIAMONDS EIGHT DIAMONDS FIVE,0.1902,0.4512,0.3586
CLUBS TEN DIAMONDS TWO,0.407,0.0246,0.5684
DIAMONDS FIVE DIAMONDS SEVEN,0.4936,0.0598,0.4466
DIAMONDS FIVE DIAMONDS SIX,0.4798,0.066,0.4542
DIAMONDS TWO CLUBS ACE,0.387,0.0044,0.6086
DIAMONDS TWO CLUBS KING,0.4108,0.0106,0.5786
DIAMONDS TWO CLUBS QUEEN,0.4024,0.0146,0.583
DIAMONDS EIGHT DIAMONDS SIX,0.2002,0.3594,0.4404
DIAMONDS NINE DIAMONDS SIX,0.3304,0.0388,0.6308
HEARTS ACE SPADES THREE,0.3934,0.0048,0.6018
SPADES THREE HEARTS KING,0.4098,0.0098,0.5804
DIAMONDS SEVEN DIAMONDS SIX,0.4798,0.0584,0.4618
SPADES THREE HEARTS QUEEN,0.3984,0.0154,0.5862
SPADES THREE HEARTS JACK,0.4002,0.0172,0.5826
SPADES THREE HEARTS TEN,0.3984,0.032,0.5696
DIAMONDS EIGHT DIAMONDS SEVEN,0.21,0.2844,0.5056
DIAMONDS NINE DIAMONDS SEVEN,0.3116,0.0416,0.6468
DIAMONDS NINE DIAMONDS EIGHT,0.2164,0.0992,0.6844
DIAMONDS KING HEARTS TEN,0.3196,0.0082,0.6722
HEARTS THREE HEARTS TEN,0.3848,0.0276,0.5876
SPADES JACK CLUBS SIX,0.3674,0.0186,0.614
DIAMONDS KING HEARTS JACK,0.3304,0.0078,0.6618
HEARTS THREE HEARTS JACK,0.3846,0.0192,0.5962
SPADES TEN CLUBS SIX,0.3584,0.0278,0.6138
SPADES JACK SPADES FIVE,0.3466,0.0216,0.6318
SPADES TEN SPADES FIVE,0.3508,0.028,0.6212
DIAMONDS KING HEARTS ACE,0.333,0.0044,0.6626
HEARTS THREE HEARTS ACE,0.3764,0.0042,0.6194
SPADES ACE CLUBS SIX,0.357,0.0024,0.6406
DIAMONDS KING HEARTS QUEEN,0.3362,0.0092,0.6546
HEARTS THREE HEARTS QUEEN,0.3712,0.0146,0.6142
SPADES KING CLUBS SIX,0.3566,0.0072,0.6362
DIAMONDS KING HEARTS KING,0.1386,0.0158,0.8456
HEARTS THREE HEARTS KING,0.3794,0.0096,0.611
SPADES QUEEN CLUBS SIX,0.368,0.0088,0.6232
SPADES NINE HEARTS TEN,0.3106,0.0262,0.6632
SPADES NINE HEARTS JACK,0.3248,0.0184,0.6568
SPADES QUEEN SPADES FIVE,0.3456,0.0118,0.6426
SPADES KING SPADES FIVE,0.3468,0.0102,0.643
SPADES ACE SPADES FIVE,0.332,0.0052,0.6628
SPADES NINE HEARTS QUEEN,0.3286,0.012,0.6594
SPADES NINE HEARTS KING,0.3238,0.0078,0.6684
SPADES NINE HEARTS ACE,0.3318,0.0052,0.663
CLUBS TEN SPADES JACK,0.3126,0.0154,0.672
CLUBS TEN SPADES TEN,0.1494,0.045,0.8056
SPADES ACE CLUBS TEN,0.3534,0.0036,0.643
SPADES KING CLUBS TEN,0.3236,0.0092,0.6672
CLUBS TEN SPADES QUEEN,0.3286,0.0102,0.6612
SPADES FIVE HEARTS QUEEN,0.3436,0.0158,0.6406
SPADES FIVE HEARTS KING,0.3638,0.009,0.6272
HEARTS ACE SPADES FIVE,0.345,0.0046,0.6504
CLUBS EIGHT SPADES TEN,0.2318,0.0816,0.6866
HEARTS THREE SPADES JACK,0.3938,0.0194,0.5868
SPADES JACK DIAMONDS KING,0.3286,0.0062,0.6652
SPADES TEN DIAMONDS KING,0.3394,0.005,0.6556
HEARTS THREE SPADES TEN,0.3954,0.0306,0.574
SPADES JACK CLUBS EIGHT,0.2328,0.053,0.7142
CLUBS SIX HEARTS ACE,0.3598,0.0054,0.6348
SPADES ACE CLUBS EIGHT,0.2428,0.0312,0.726
HEARTS FIVE CLUBS JACK,0.372,0.0146,0.6134
CLUBS TEN HEARTS FIVE,0.3614,0.0306,0.608
CLUBS SIX HEARTS QUEEN,0.3578,0.0134,0.6288
SPADES QUEEN CLUBS EIGHT,0.2434,0.0486,0.708
CLUBS TEN SPADES THREE,0.3954,0.0278,0.5768
CLUBS SIX HEARTS KING,0.3654,0.0078,0.6268
SPADES KING CLUBS EIGHT,0.237,0.0374,0.7256
SPADES THREE CLUBS JACK,0.4072,0.0164,0.5764
DIAMONDS TWO HEARTS JACK,0.4002,0.0216,0.5782
SPADES THREE CLUBS QUEEN,0.4032,0.0138,0.583
DIAMONDS TWO HEARTS TEN,0.3998,0.0294,0.5708
SPADES THREE CLUBS KING,0.407,0.0108,0.5822
HEARTS FIVE CLUBS ACE,0.3606,0.0056,0.6338
SPADES FIVE HEARTS TEN,0.3638,0.0276,0.6086
SPADES THREE CLUBS ACE,0.4078,0.0046,0.5876
HEARTS FIVE CLUBS KING,0.3628,0.0096,0.6276
SPADES FIVE HEARTS JACK,0.3656,0.0196,0.6148
HEARTS FIVE CLUBS QUEEN,0.3734,0.0128,0.6138
HEARTS THREE CLUBS KING,0.4078,0.0064,0.5858
DIAMONDS KING CLUBS KING,0.1512,0.0144,0.8344
HEARTS THREE CLUBS QUEEN,0.393,0.0114,0.5956
DIAMONDS KING CLUBS QUEEN,0.334,0.0032,0.6628
HEARTS FIVE HEARTS JACK,0.341,0.0182,0.6408
HEARTS FIVE HEARTS TEN,0.3394,0.0308,0.6298
HEARTS THREE CLUBS ACE,0.3972,0.005,0.5978
DIAMONDS KING CLUBS ACE,0.3352,0.002,0.6628
SPADES ACE CLUBS QUEEN,0.3272,0.0042,0.6686
SPADES KING CLUBS QUEEN,0.3242,0.006,0.6698
HEARTS THREE CLUBS JACK,0.3976,0.0198,0.5826
DIAMONDS KING CLUBS JACK,0.3228,0.006,0.6712
SPADES QUEEN CLUBS QUEEN,0.1502,0.026,0.8238
CLUBS TEN HEARTS THREE,0.4144,0.0234,0.5622
CLUBS TEN DIAMONDS KING,0.3342,0.0078,0.658
SPADES JACK CLUBS QUEEN,0.3284,0.0084,0.6632
CLUBS SIX CLUBS QUEEN,0.3442,0.0116,0.6442
SPADES TEN CLUBS QUEEN,0.3232,0.0116,0.6652
CLUBS SIX CLUBS KING,0.3502,0.01,0.6398
CLUBS SIX CLUBS ACE,0.3418,0.0036,0.6546
HEARTS FIVE HEARTS KING,0.341,0.0094,0.6496
HEARTS FIVE HEARTS QUEEN,0.3562,0.0146,0.6292
CLUBS TEN CLUBS SIX,0.3462,0.0212,0.6326
HEARTS FIVE HEARTS ACE,0.3356,0.005,0.6594
CLUBS SIX CLUBS JACK,0.3592,0.0214,0.6194
SPADES SEVEN HEARTS JACK,0.3598,0.0194,0.6208
SPADES SEVEN HEARTS TEN,0.3418,0.0284,0.6298
DIAMONDS TWO CLUBS TWO,0.3578,0.1038,0.5384
DIAMONDS TWO CLUBS THREE,0.5932,0.0692,0.3376
HEARTS SIX DIAMONDS TWO,0.5886,0.0684,0.343
DIAMONDS TWO HEARTS QUEEN,0.4032,0.0154,0.5814
DIAMONDS TWO HEARTS SEVEN,0.6044,0.0682,0.3274
DIAMONDS TWO HEARTS KING,0.3918,0.0074,0.6008
DIAMONDS TWO HEARTS ACE,0.3816,0.0048,0.6136
DIAMONDS TWO HEARTS NINE,0.3952,0.0418,0.563
DIAMONDS TWO DIAMONDS QUEEN,0.3708,0.012,0.6172
DIAMONDS TWO HEARTS TWO,0.3758,0.1064,0.5178
DIAMONDS TWO DIAMONDS KING,0.3606,0.0066,0.6328
HEARTS THREE DIAMONDS TWO,0.5936,0.078,0.3284
DIAMONDS TWO DIAMONDS ACE,0.3748,0.0048,0.6204
HEARTS FOUR DIAMONDS TWO,0.604,0.1492,0.2468
DIAMONDS TWO HEARTS FIVE,0.5628,0.068,0.3692
SPADES SEVEN HEARTS ACE,0.3662,0.0056,0.6282
DIAMONDS TWO DIAMONDS TEN,0.382,0.0262,0.5918
SPADES SEVEN HEARTS KING,0.363,0.0064,0.6306
DIAMONDS TWO DIAMONDS JACK,0.3746,0.017,0.6084
SPADES SEVEN HEARTS QUEEN,0.3662,0.0106,0.6232
DIAMONDS TWO SPADES NINE,0.3958,0.0428,0.5614
DIAMONDS TWO SPADES EIGHT,0.267,0.5088,0.2242
DIAMONDS TWO SPADES SEVEN,0.5828,0.0714,0.3458
DIAMONDS TWO SPADES SIX,0.587,0.0666,0.3464
DIAMONDS TWO SPADES FIVE,0.5704,0.0692,0.3604
DIAMONDS TWO SPADES THREE,0.5964,0.072,0.3316
DIAMONDS TWO SPADES TWO,0.3758,0.0956,0.5286
CLUBS NINE DIAMONDS TWO,0.4006,0.042,0.5574
DIAMONDS TWO CLUBS EIGHT,0.2866,0.5062,0.2072
CLUBS SEVEN DIAMONDS TWO,0.5814,0.0746,0.344
DIAMONDS TWO CLUBS SIX,0.584,0.0636,0.3524
DIAMONDS TWO CLUBS FIVE,0.5688,0.0732,0.358
DIAMONDS TWO CLUBS FOUR,0.5998,0.1438,0.2564
CLUBS FOUR SPADES FIVE,0.575,0.149,0.276
CLUBS FOUR SPADES THREE,0.6008,0.1436,0.2556
CLUBS FOUR SPADES TWO,0.5968,0.1512,0.252
SPADES NINE CLUBS FOUR,0.249,0.1008,0.6502
SPADES EIGHT CLUBS FOUR,0.0104,0.9722,0.0174
SPADES SEVEN CLUBS FOUR,0.6096,0.1436,0.2468
CLUBS FOUR SPADES SIX,0.5902,0.1432,0.2666
SPADES ACE DIAMONDS SIX,0.3686,0.0064,0.625
SPADES QUEEN DIAMONDS SIX,0.3684,0.0114,0.6202
SPADES KING DIAMONDS SIX,0.3476,0.0082,0.6442
SPADES TEN DIAMONDS SIX,0.345,0.0284,0.6266
SPADES JACK DIAMONDS SIX,0.364,0.0194,0.6166
SPADES QUEEN SPADES TWO,0.3846,0.0136,0.6018
SPADES KING SPADES TWO,0.388,0.0092,0.6028
SPADES ACE SPADES TWO,0.364,0.0042,0.6318
DIAMONDS JACK CLUBS JACK,0.1642,0.0314,0.8044
CLUBS TEN DIAMONDS JACK,0.3306,0.015,0.6544
DIAMONDS JACK CLUBS KING,0.3398,0.0072,0.653
DIAMONDS JACK CLUBS QUEEN,0.336,0.0068,0.6572
DIAMONDS THREE DIAMONDS JACK,0.3828,0.0178,0.5994
DIAMONDS THREE DIAMONDS TEN,0.3678,0.0254,0.6068
DIAMONDS JACK CLUBS ACE,0.335,0.0044,0.6606
DIAMONDS THREE DIAMONDS KING,0.3854,0.0116,0.603
HEARTS THREE DIAMONDS THREE,0.3808,0.1042,0.515
DIAMONDS THREE DIAMONDS QUEEN,0.3768,0.0108,0.6124
DIAMONDS THREE HEARTS TWO,0.6002,0.0738,0.326
HEARTS FIVE DIAMONDS THREE,0.5568,0.0706,0.3726
DIAMONDS THREE DIAMONDS ACE,0.3626,0.004,0.6334
HEARTS FOUR DIAMONDS THREE,0.6046,0.1512,0.2442
DIAMONDS THREE HEARTS SEVEN,0.5946,0.0688,0.3366
SPADES TEN SPADES NINE,0.2962,0.0236,0.6802
HEARTS SIX DIAMONDS THREE,0.5726,0.0696,0.3578
SPADES JACK SPADES NINE,0.2988,0.0172,0.684
DIAMONDS THREE HEARTS NINE,0.389,0.0456,0.5654
HEARTS JACK DIAMONDS FOUR,0.2414,0.0598,0.6988
HEARTS ACE HEARTS KING,0.3218,0.006,0.6722
SPADES TEN SPADES TWO,0.3806,0.0272,0.5922
HEARTS TEN DIAMONDS FOUR,0.2464,0.0722,0.6814
SPADES JACK SPADES TWO,0.3752,0.0166,0.6082
HEARTS QUEEN DIAMONDS FOUR,0.2572,0.041,0.7018
HEARTS KING DIAMONDS FOUR,0.255,0.0264,0.7186
SPADES ACE SPADES NINE,0.327,0.0062,0.6668
HEARTS ACE DIAMONDS FOUR,0.2452,0.02,0.7348
SPADES KING SPADES NINE,0.305,0.0066,0.6884
SPADES QUEEN SPADES NINE,0.3128,0.0094,0.6778
DIAMONDS THREE SPADES NINE,0.397,0.0392,0.5638
DIAMONDS THREE SPADES EIGHT,0.2554,0.5236,0.221
DIAMONDS THREE SPADES SEVEN,0.5812,0.067,0.3518
DIAMONDS THREE SPADES SIX,0.5704,0.0624,0.3672
DIAMONDS THREE CLUBS SIX,0.5802,0.0642,0.3556
CLUBS FIVE CLUBS SIX,0.4792,0.0594,0.4614
CLUBS ACE DIAMONDS FOUR,0.2552,0.0182,0.7266
CLUBS SEVEN DIAMONDS THREE,0.5804,0.0648,0.3548
CLUBS SEVEN CLUBS FIVE,0.4932,0.0596,0.4472
DIAMONDS THREE CLUBS FOUR,0.6024,0.1446,0.253
DIAMONDS FOUR CLUBS QUEEN,0.2518,0.047,0.7012
DIAMONDS THREE CLUBS FIVE,0.562,0.0652,0.3728
CLUBS KING DIAMONDS FOUR,0.2494,0.0302,0.7204
DIAMONDS THREE CLUBS TWO,0.5944,0.0722,0.3334
CLUBS TEN DIAMONDS FOUR,0.2576,0.0692,0.6732
DIAMONDS THREE CLUBS THREE,0.3722,0.0994,0.5284
DIAMONDS FOUR CLUBS JACK,0.2632,0.0546,0.6822
DIAMONDS THREE SPADES FIVE,0.5506,0.0736,0.3758
DIAMONDS THREE SPADES TWO,0.5958,0.073,0.3312
DIAMONDS THREE SPADES THREE,0.3768,0.1,0.5232
CLUBS EIGHT DIAMONDS THREE,0.2712,0.5146,0.2142
CLUBS NINE DIAMONDS THREE,0.4016,0.048,0.5504
SPADES SEVEN CLUBS ACE,0.3536,0.0034,0.643
SPADES SEVEN CLUBS QUEEN,0.3734,0.0104,0.6162
SPADES SEVEN CLUBS KING,0.358,0.0082,0.6338
CLUBS FIVE SPADES SEVEN,0.5286,0.066,0.4054
CLUBS TEN SPADES SEVEN,0.3378,0.0302,0.632
CLUBS FIVE SPADES SIX,0.5226,0.0638,0.4136
SPADES SEVEN CLUBS JACK,0.3584,0.0204,0.6212
CLUBS FIVE SPADES NINE,0.3448,0.0494,0.6058
CLUBS FIVE SPADES EIGHT,0.2128,0.4626,0.3246
CLUBS FIVE SPADES THREE,0.5548,0.0732,0.372
CLUBS FIVE SPADES TWO,0.5672,0.0768,0.356
CLUBS FIVE SPADES FIVE,0.26,0.1026,0.6374
CLUBS NINE CLUBS FIVE,0.3212,0.0454,0.6334
CLUBS EIGHT CLUBS FIVE,0.2094,0.4232,0.3674
CLUBS ACE CLUBS QUEEN,0.3202,0.0046,0.6752
CLUBS KING CLUBS QUEEN,0.303,0.0054,0.6916
DIAMONDS TEN DIAMONDS FOUR,0.2418,0.0788,0.6794
CLUBS TEN DIAMONDS NINE,0.3138,0.024,0.6622
DIAMONDS JACK DIAMONDS FOUR,0.2452,0.0548,0.7
DIAMONDS NINE CLUBS JACK,0.3262,0.0142,0.6596
SPADES NINE CLUBS JACK,0.3318,0.0186,0.6496
CLUBS TEN SPADES NINE,0.3092,0.0244,0.6664
DIAMONDS ACE DIAMONDS FOUR,0.2458,0.0192,0.735
HEARTS FOUR DIAMONDS FOUR,0.285,0.0782,0.6368
DIAMONDS JACK HEARTS TEN,0.3094,0.0144,0.6762
SPADES NINE CLUBS KING,0.3288,0.0068,0.6644
DIAMONDS TWO SPADES TEN,0.3884,0.028,0.5836
DIAMONDS NINE CLUBS ACE,0.3366,0.0034,0.66
HEARTS FIVE DIAMONDS FOUR,0.5772,0.1574,0.2654
DIAMONDS JACK HEARTS JACK,0.1454,0.0378,0.8168
SPADES NINE CLUBS QUEEN,0.3368,0.0116,0.6516
DIAMONDS TWO SPADES JACK,0.3964,0.02,0.5836
DIAMONDS QUEEN DIAMONDS FOUR,0.2552,0.0404,0.7044
HEARTS TWO DIAMONDS FOUR,0.5964,0.1602,0.2434
DIAMONDS NINE CLUBS QUEEN,0.3312,0.0098,0.659
DIAMONDS KING DIAMONDS FOUR,0.2544,0.0332,0.7124
HEARTS THREE DIAMONDS FOUR,0.6054,0.1462,0.2484
SPADES NINE CLUBS ACE,0.3308,0.005,0.6642
DIAMONDS NINE CLUBS KING,0.329,0.0084,0.6626
HEARTS ACE DIAMONDS JACK,0.3244,0.0056,0.67
SPADES ACE DIAMONDS TWO,0.3838,0.0058,0.6104
HEARTS QUEEN DIAMONDS JACK,0.3332,0.0092,0.6576
SPADES QUEEN DIAMONDS TWO,0.408,0.0114,0.5806
DIAMONDS JACK HEARTS KING,0.3228,0.005,0.6722
SPADES KING DIAMONDS TWO,0.3912,0.0086,0.6002
SPADES JACK SPADES SEVEN,0.3326,0.0176,0.6498
SPADES TEN SPADES SEVEN,0.3246,0.0264,0.649
CLUBS SEVEN CLUBS THREE,0.536,0.062,0.402
CLUBS SIX CLUBS THREE,0.5448,0.0656,0.3896
CLUBS FIVE CLUBS THREE,0.5274,0.0678,0.4048
CLUBS THREE CLUBS FOUR,0.5624,0.1418,0.2958
CLUBS NINE CLUBS THREE,0.3886,0.0408,0.5706
CLUBS EIGHT CLUBS THREE,0.2676,0.4758,0.2566
CLUBS THREE SPADES FIVE,0.5522,0.0694,0.3784
CLUBS THREE SPADES THREE,0.3766,0.1,0.5234
CLUBS THREE SPADES TWO,0.594,0.07,0.336
CLUBS THREE SPADES SIX,0.5788,0.0684,0.3528
CLUBS THREE SPADES SEVEN,0.5896,0.0646,0.3458
SPADES EIGHT CLUBS THREE,0.2722,0.5178,0.21
SPADES NINE CLUBS THREE,0.3956,0.0456,0.5588
SPADES TWO DIAMONDS FOUR,0.6026,0.1484,0.249
SPADES THREE DIAMONDS FOUR,0.6074,0.1366,0.256
SPADES FIVE DIAMONDS FOUR,0.5564,0.1488,0.2948
SPADES SIX DIAMONDS FOUR,0.6006,0.1442,0.2552
SPADES SEVEN DIAMONDS FOUR,0.6006,0.143,0.2564
SPADES EIGHT DIAMONDS FOUR,0.0104,0.9698,0.0198
SPADES NINE DIAMONDS FOUR,0.2422,0.11,0.6478
CLUBS FIVE DIAMONDS FOUR,0.5766,0.1486,0.2748
CLUBS FOUR DIAMONDS FOUR,0.2792,0.0738,0.647
CLUBS SEVEN DIAMONDS FOUR,0.6074,0.1504,0.2422
CLUBS SIX DIAMONDS FOUR,0.5992,0.14,0.2608
CLUBS NINE DIAMONDS FOUR,0.2558,0.1022,0.642
CLUBS EIGHT DIAMONDS FOUR,0.0196,0.9548,0.0256
DIAMONDS FOUR HEARTS SEVEN,0.6186,0.1338,0.2476
HEARTS SIX DIAMONDS FOUR,0.5978,0.147,0.2552
DIAMONDS FOUR HEARTS NINE,0.2408,0.1066,0.6526
CLUBS THREE DIAMONDS FOUR,0.5946,0.1424,0.263
CLUBS TWO DIAMONDS FOUR,0.6044,0.1386,0.257
DIAMONDS TEN DIAMONDS FIVE,0.3438,0.027,0.6292
DIAMONDS JACK DIAMONDS FIVE,0.3378,0.019,0.6432
DIAMONDS NINE HEARTS QUEEN,0.329,0.01,0.661
DIAMONDS NINE HEARTS KING,0.3402,0.008,0.6518
HEARTS ACE DIAMONDS NINE,0.326,0.0054,0.6686
DIAMONDS NINE HEARTS TEN,0.3136,0.0264,0.66
DIAMONDS NINE HEARTS JACK,0.323,0.0168,0.6602
CLUBS KING DIAMONDS SIX,0.3858,0.0058,0.6084
CLUBS QUEEN DIAMONDS SIX,0.372,0.0112,0.6168
CLUBS ACE DIAMONDS SIX,0.3674,0.0028,0.6298
SPADES KING DIAMONDS FOUR,0.2406,0.0352,0.7242
SPADES ACE SPADES SEVEN,0.3278,0.0048,0.6674
SPADES QUEEN DIAMONDS FOUR,0.245,0.0402,0.7148
SPADES QUEEN SPADES SEVEN,0.3436,0.0132,0.6432
CLUBS JACK DIAMONDS SIX,0.374,0.0164,0.6096
SPADES KING SPADES SEVEN,0.3344,0.0086,0.657
SPADES ACE DIAMONDS FOUR,0.251,0.0182,0.7308
CLUBS TEN DIAMONDS SIX,0.3592,0.0254,0.6154
CLUBS NINE CLUBS FOUR,0.2466,0.105,0.6484
CLUBS EIGHT CLUBS FOUR,0.0218,0.903,0.0752
SPADES JACK DIAMONDS FOUR,0.2486,0.0576,0.6938
SPADES TEN DIAMONDS FOUR,0.2358,0.0734,0.6908
CLUBS FIVE CLUBS FOUR,0.5302,0.1388,0.331
CLUBS SEVEN CLUBS FOUR,0.5636,0.1332,0.3032
CLUBS SIX CLUBS FOUR,0.5724,0.1302,0.2974
CLUBS SEVEN SPADES EIGHT,0.215,0.3012,0.4838
CLUBS SEVEN SPADES NINE,0.3326,0.0382,0.6292
CLUBS SEVEN SPADES SIX,0.5126,0.0622,0.4252
CLUBS SEVEN SPADES SEVEN,0.2566,0.085,0.6584
CLUBS SEVEN SPADES FIVE,0.54,0.0712,0.3888
CLUBS SEVEN SPADES THREE,0.5922,0.064,0.3438
CLUBS SEVEN SPADES TWO,0.5958,0.0708,0.3334
CLUBS NINE CLUBS SEVEN,0.3036,0.0422,0.6542
CLUBS SEVEN CLUBS EIGHT,0.2106,0.2696,0.5198
HEARTS SIX DIAMONDS FIVE,0.533,0.0656,0.4014
DIAMONDS FIVE HEARTS SEVEN,0.5236,0.0678,0.4086
DIAMONDS FIVE HEARTS NINE,0.356,0.0416,0.6024
DIAMONDS QUEEN DIAMONDS FIVE,0.3386,0.0102,0.6512
HEARTS TWO DIAMONDS FIVE,0.5798,0.0648,0.3554
DIAMONDS KING DIAMONDS FIVE,0.343,0.0066,0.6504
HEARTS THREE DIAMONDS FIVE,0.5682,0.0684,0.3634
DIAMONDS ACE DIAMONDS FIVE,0.3326,0.006,0.6614
HEARTS FOUR DIAMONDS FIVE,0.5744,0.1514,0.2742
HEARTS FIVE DIAMONDS FIVE,0.2578,0.1124,0.6298
CLUBS FOUR DIAMONDS FIVE,0.5854,0.14,0.2746
CLUBS FIVE DIAMONDS FIVE,0.2648,0.1056,0.6296
CLUBS SIX DIAMONDS FIVE,0.526,0.067,0.407
CLUBS SEVEN DIAMONDS FIVE,0.5358,0.0646,0.3996
CLUBS TWO DIAMONDS FIVE,0.5656,0.0616,0.3728
CLUBS THREE DIAMONDS FIVE,0.5476,0.0688,0.3836
SPADES THREE DIAMONDS FIVE,0.5584,0.0692,0.3724
SPADES TWO DIAMONDS FIVE,0.5788,0.0726,0.3486
SPADES JACK DIAMONDS EIGHT,0.242,0.0594,0.6986
SPADES FIVE DIAMONDS FIVE,0.2542,0.102,0.6438
CLUBS TEN HEARTS JACK,0.3138,0.0132,0.673
SPADES TEN DIAMONDS EIGHT,0.2456,0.0764,0.678
HEARTS JACK CLUBS JACK,0.1422,0.0374,0.8204
HEARTS JACK CLUBS QUEEN,0.3174,0.009,0.6736
CLUBS NINE DIAMONDS FIVE,0.3658,0.0432,0.591
CLUBS KING HEARTS JACK,0.3248,0.0054,0.6698
CLUBS EIGHT DIAMONDS FIVE,0.2224,0.448,0.3296
CLUBS ACE HEARTS JACK,0.3366,0.0022,0.6612
SPADES SEVEN DIAMONDS FIVE,0.526,0.0628,0.4112
SPADES KING DIAMONDS EIGHT,0.236,0.0404,0.7236
SPADES QUEEN DIAMONDS EIGHT,0.2352,0.0422,0.7226
SPADES SIX DIAMONDS FIVE,0.509,0.0692,0.4218
SPADES NINE DIAMONDS FIVE,0.346,0.0446,0.6094
SPADES EIGHT DIAMONDS FIVE,0.2228,0.4574,0.3198
SPADES ACE DIAMONDS EIGHT,0.2294,0.0294,0.7412
DIAMONDS TEN DIAMONDS SIX,0.335,0.023,0.642
HEARTS ACE DIAMONDS SEVEN,0.355,0.0064,0.6386
DIAMONDS JACK DIAMONDS SIX,0.3398,0.016,0.6442
HEARTS QUEEN DIAMONDS SEVEN,0.361,0.0114,0.6276
HEARTS KING DIAMONDS SEVEN,0.35,0.0096,0.6404
DIAMONDS ACE DIAMONDS SIX,0.3434,0.0056,0.651
HEARTS FOUR DIAMONDS SIX,0.608,0.1416,0.2504
SPADES TWO HEARTS JACK,0.4036,0.0196,0.5768
HEARTS FIVE DIAMONDS SIX,0.524,0.0644,0.4116
SPADES TWO HEARTS TEN,0.4012,0.032,0.5668
DIAMONDS QUEEN DIAMONDS SIX,0.349,0.0132,0.6378
HEARTS TWO DIAMONDS SIX,0.6012,0.0704,0.3284
DIAMONDS KING DIAMONDS SIX,0.3506,0.005,0.6444
HEARTS THREE DIAMONDS SIX,0.584,0.0722,0.3438
HEARTS NINE DIAMONDS SIX,0.3402,0.0394,0.6204
HEARTS SIX DIAMONDS SIX,0.2598,0.0822,0.658
HEARTS SEVEN DIAMONDS SIX,0.5038,0.068,0.4282
HEARTS TEN DIAMONDS SEVEN,0.338,0.0238,0.6382
CLUBS TWO DIAMONDS SIX,0.5902,0.0674,0.3424
HEARTS JACK DIAMONDS SEVEN,0.3492,0.0158,0.635
CLUBS THREE DIAMONDS SIX,0.5758,0.0672,0.357
CLUBS SEVEN DIAMONDS SIX,0.5108,0.0624,0.4268
DIAMONDS EIGHT CLUBS JACK,0.2546,0.0642,0.6812
CLUBS SIX DIAMONDS SIX,0.2592,0.0828,0.658
CLUBS TEN DIAMONDS EIGHT,0.2502,0.081,0.6688
CLUBS FIVE DIAMONDS SIX,0.5188,0.0678,0.4134
CLUBS FOUR DIAMONDS SIX,0.588,0.146,0.266
HEARTS ACE HEARTS JACK,0.3208,0.0038,0.6754
DIAMONDS EIGHT CLUBS ACE,0.2356,0.0328,0.7316
HEARTS QUEEN HEARTS JACK,0.3106,0.012,0.6774
DIAMONDS EIGHT CLUBS KING,0.2476,0.0386,0.7138
CLUBS NINE DIAMONDS SIX,0.3494,0.0462,0.6044
HEARTS KING HEARTS JACK,0.324,0.005,0.671
DIAMONDS EIGHT CLUBS QUEEN,0.238,0.0426,0.7194
CLUBS EIGHT DIAMONDS SIX,0.2218,0.3624,0.4158
SPADES TEN HEARTS KING,0.3324,0.0078,0.6598
SPADES FIVE DIAMONDS SIX,0.5242,0.0646,0.4112
HEARTS ACE SPADES TWO,0.3918,0.0064,0.6018
SPADES JACK HEARTS KING,0.3332,0.0082,0.6586
SPADES THREE DIAMONDS SIX,0.5744,0.0702,0.3554
HEARTS QUEEN SPADES TWO,0.4004,0.0128,0.5868
SPADES ACE SPADES KING,0.322,0.0042,0.6738
SPADES TWO HEARTS KING,0.4088,0.0096,0.5816
SPADES TWO DIAMONDS SIX,0.591,0.0684,0.3406
SPADES NINE DIAMONDS SIX,0.3396,0.0424,0.618
SPADES EIGHT DIAMONDS SIX,0.2218,0.3594,0.4188
SPADES SEVEN DIAMONDS SIX,0.5126,0.0642,0.4232
SPADES SIX DIAMONDS SIX,0.2522,0.0914,0.6564
SPADES KING HEARTS KING,0.1358,0.0148,0.8494
SPADES QUEEN HEARTS KING,0.32,0.0084,0.6716
CLUBS ACE CLUBS KING,0.324,0.0044,0.6716
SPADES ACE HEARTS KING,0.3172,0.0058,0.677
SPADES ACE HEARTS JACK,0.3304,0.005,0.6646
SPADES QUEEN HEARTS JACK,0.3208,0.0112,0.668
SPADES KING HEARTS JACK,0.328,0.0064,0.6656
SPADES TEN DIAMONDS TEN,0.1456,0.0508,0.8036
SPADES JACK DIAMONDS TEN,0.3198,0.0148,0.6654
SPADES ACE DIAMONDS TEN,0.3084,0.004,0.6876
SPADES JACK HEARTS JACK,0.1366,0.0362,0.8272
SPADES TEN HEARTS JACK,0.3118,0.0144,0.6738
SPADES QUEEN DIAMONDS TEN,0.3216,0.0108,0.6676
SPADES KING DIAMONDS TEN,0.3216,0.0072,0.6712
SPADES NINE DIAMONDS SEVEN,0.3298,0.0372,0.633
SPADES EIGHT DIAMONDS SEVEN,0.2156,0.2922,0.4922
SPADES SEVEN DIAMONDS SEVEN,0.2556,0.0836,0.6608
SPADES SIX DIAMONDS SEVEN,0.5228,0.0626,0.4146
DIAMONDS KING DIAMONDS SEVEN,0.3428,0.0078,0.6494
HEARTS THREE DIAMONDS SEVEN,0.582,0.0728,0.3452
HEARTS KING DIAMONDS FIVE,0.3588,0.011,0.6302
DIAMONDS QUEEN DIAMONDS SEVEN,0.348,0.0136,0.6384
HEARTS TWO DIAMONDS SEVEN,0.6022,0.0678,0.33
HEARTS QUEEN DIAMONDS FIVE,0.3668,0.0132,0.62
HEARTS FIVE DIAMONDS SEVEN,0.5438,0.062,0.3942
DIAMONDS ACE DIAMONDS SEVEN,0.3404,0.0032,0.6564
HEARTS FOUR DIAMONDS SEVEN,0.607,0.141,0.252
HEARTS ACE DIAMONDS FIVE,0.3494,0.0044,0.6462
HEARTS SEVEN DIAMONDS SEVEN,0.2484,0.077,0.6746
HEARTS SIX DIAMONDS SEVEN,0.5138,0.0652,0.421
DIAMONDS SEVEN HEARTS NINE,0.3302,0.0406,0.6292
DIAMONDS JACK DIAMONDS SEVEN,0.3408,0.0188,0.6404
DIAMONDS FIVE HEARTS JACK,0.355,0.02,0.625
DIAMONDS TEN DIAMONDS SEVEN,0.3296,0.0234,0.647
HEARTS TEN DIAMONDS FIVE,0.3574,0.0282,0.6144
SPADES KING CLUBS TWO,0.3936,0.0094,0.597
HEARTS KING CLUBS KING,0.1368,0.017,0.8462
CLUBS EIGHT DIAMONDS SEVEN,0.2232,0.2856,0.4912
SPADES QUEEN CLUBS TWO,0.4006,0.0124,0.587
HEARTS KING CLUBS QUEEN,0.33,0.007,0.663
CLUBS NINE DIAMONDS SEVEN,0.3212,0.0378,0.641
SPADES TWO CLUBS JACK,0.4092,0.0224,0.5684
SPADES ACE CLUBS TWO,0.3898,0.0054,0.6048
CLUBS TEN SPADES TWO,0.4062,0.0294,0.5644
HEARTS KING CLUBS ACE,0.3278,0.0044,0.6678
CLUBS SEVEN CLUBS SIX,0.4792,0.063,0.4578
SPADES TWO CLUBS KING,0.4028,0.0078,0.5894
SPADES TWO DIAMONDS SEVEN,0.6046,0.069,0.3264
CLUBS EIGHT CLUBS SIX,0.2146,0.3482,0.4372
SPADES THREE DIAMONDS SEVEN,0.5904,0.0652,0.3444
SPADES TWO CLUBS QUEEN,0.4,0.0134,0.5866
CLUBS NINE CLUBS SIX,0.3246,0.0398,0.6356
HEARTS KING CLUBS JACK,0.3502,0.0076,0.6422
SPADES FIVE DIAMONDS SEVEN,0.528,0.0644,0.4076
SPADES TWO CLUBS ACE,0.3966,0.0062,0.5972
CLUBS TEN HEARTS KING,0.3192,0.0086,0.6722
CLUBS SIX SPADES TWO,0.587,0.0678,0.3452
CLUBS SIX SPADES THREE,0.5738,0.0684,0.3578
CLUBS TWO DIAMONDS SEVEN,0.5922,0.0634,0.3444
CLUBS THREE DIAMONDS SEVEN,0.5832,0.072,0.3448
CLUBS SIX SPADES FIVE,0.512,0.0672,0.4208
CLUBS FOUR DIAMONDS SEVEN,0.6014,0.1404,0.2582
CLUBS SIX SPADES SIX,0.2514,0.0926,0.656
CLUBS FIVE DIAMONDS SEVEN,0.5288,0.0666,0.4046
CLUBS SIX SPADES SEVEN,0.5142,0.0642,0.4216
CLUBS SIX DIAMONDS SEVEN,0.4998,0.0666,0.4336
CLUBS SIX SPADES EIGHT,0.2036,0.3876,0.4088
SPADES JACK CLUBS TWO,0.4002,0.0192,0.5806
CLUBS SEVEN DIAMONDS SEVEN,0.2566,0.0854,0.658
SPADES NINE CLUBS SIX,0.3454,0.0456,0.609
SPADES TEN CLUBS TWO,0.404,0.0262,0.5698
CLUBS TWO CLUBS QUEEN,0.3916,0.0104,0.598
CLUBS TWO CLUBS KING,0.3804,0.0092,0.6104
CLUBS THREE DIAMONDS EIGHT,0.2812,0.4894,0.2294
CLUBS TWO CLUBS ACE,0.3586,0.0058,0.6356
CLUBS TWO DIAMONDS EIGHT,0.288,0.4914,0.2206
DIAMONDS EIGHT HEARTS SEVEN,0.2204,0.2962,0.4834
HEARTS SIX DIAMONDS EIGHT,0.2154,0.38,0.4046
DIAMONDS EIGHT HEARTS NINE,0.2082,0.107,0.6848
CLUBS TEN CLUBS TWO,0.3786,0.027,0.5944
CLUBS TWO CLUBS JACK,0.3758,0.0164,0.6078
CLUBS NINE DIAMONDS EIGHT,0.2248,0.0998,0.6754
CLUBS EIGHT DIAMONDS EIGHT,0.0938,0.0848,0.8214
CLUBS FIVE DIAMONDS EIGHT,0.215,0.449,0.336
SPADES ACE SPADES THREE,0.3654,0.0052,0.6294
CLUBS FOUR DIAMONDS EIGHT,0.024,0.9538,0.0222
CLUBS SEVEN DIAMONDS EIGHT,0.2198,0.306,0.4742
SPADES QUEEN SPADES THREE,0.3888,0.0136,0.5976
CLUBS SIX DIAMONDS EIGHT,0.2378,0.363,0.3992
SPADES KING SPADES THREE,0.3862,0.0094,0.6044
DIAMONDS QUEEN DIAMONDS EIGHT,0.2452,0.0446,0.7102
HEARTS TWO DIAMONDS EIGHT,0.2776,0.5052,0.2172
DIAMONDS KING DIAMONDS EIGHT,0.2252,0.0366,0.7382
HEARTS THREE DIAMONDS EIGHT,0.2766,0.5154,0.208
DIAMONDS ACE DIAMONDS EIGHT,0.2218,0.0268,0.7514
HEARTS FOUR DIAMONDS EIGHT,0.0164,0.9752,0.0084
HEARTS FIVE DIAMONDS EIGHT,0.207,0.4688,0.3242
DIAMONDS EIGHT DIAMONDS TEN,0.2282,0.0762,0.6956
DIAMONDS EIGHT DIAMONDS JACK,0.226,0.0574,0.7166
SPADES JACK SPADES THREE,0.383,0.0186,0.5984
SPADES TEN SPADES THREE,0.3862,0.03,0.5838
CLUBS FOUR HEARTS ACE,0.2492,0.0194,0.7314
CLUBS FOUR HEARTS QUEEN,0.2506,0.0428,0.7066
CLUBS FOUR HEARTS KING,0.2528,0.0352,0.712
CLUBS SIX HEARTS TEN,0.3562,0.03,0.6138
CLUBS SIX HEARTS JACK,0.362,0.0188,0.6192
SPADES FIVE DIAMONDS EIGHT,0.213,0.4572,0.3298
DIAMONDS EIGHT SPADES TWO,0.2758,0.5112,0.213
DIAMONDS EIGHT SPADES THREE,0.2796,0.514,0.2064
CLUBS FOUR HEARTS JACK,0.239,0.0596,0.7014
SPADES EIGHT DIAMONDS EIGHT,0.0912,0.083,0.8258
SPADES TEN DIAMONDS QUEEN,0.327,0.0104,0.6626
SPADES TEN HEARTS TWO,0.3948,0.029,0.5762
CLUBS FOUR HEARTS TEN,0.2424,0.0764,0.6812
SPADES NINE DIAMONDS EIGHT,0.2138,0.0986,0.6876
SPADES JACK HEARTS TWO,0.4032,0.0216,0.5752
SPADES JACK DIAMONDS QUEEN,0.3226,0.0102,0.6672
SPADES SIX DIAMONDS EIGHT,0.2094,0.3776,0.413
SPADES SEVEN DIAMONDS EIGHT,0.2212,0.2936,0.4852
SPADES ACE HEARTS TWO,0.399,0.0062,0.5948
SPADES ACE DIAMONDS QUEEN,0.3426,0.006,0.6514
SPADES QUEEN HEARTS TWO,0.3942,0.0154,0.5904
SPADES QUEEN DIAMONDS QUEEN,0.1404,0.0266,0.833
SPADES KING DIAMONDS QUEEN,0.333,0.006,0.661
SPADES KING HEARTS TWO,0.3976,0.01,0.5924
CLUBS TWO HEARTS TEN,0.3978,0.0324,0.5698
CLUBS TWO HEARTS JACK,0.4012,0.0222,0.5766
SPADES SEVEN DIAMONDS NINE,0.3288,0.0426,0.6286
SPADES SIX DIAMONDS NINE,0.337,0.0434,0.6196
SPADES NINE DIAMONDS NINE,0.1476,0.0606,0.7918
SPADES EIGHT DIAMONDS NINE,0.2114,0.11,0.6786
SPADES TEN CLUBS KING,0.3128,0.0064,0.6808
DIAMONDS NINE SPADES THREE,0.3968,0.0388,0.5644
SPADES JACK CLUBS KING,0.3384,0.0054,0.6562
DIAMONDS NINE SPADES TWO,0.4052,0.0414,0.5534
DIAMONDS NINE SPADES FIVE,0.3516,0.0406,0.6078
CLUBS NINE DIAMONDS NINE,0.1552,0.054,0.7908
CLUBS EIGHT DIAMONDS NINE,0.226,0.097,0.677
CLUBS SIX DIAMONDS NINE,0.3386,0.0426,0.6188
SPADES JACK CLUBS FOUR,0.256,0.057,0.687
CLUBS SEVEN DIAMONDS NINE,0.3372,0.041,0.6218
SPADES TEN CLUBS FOUR,0.2402,0.0756,0.6842
CLUBS FOUR DIAMONDS NINE,0.2544,0.1034,0.6422
CLUBS FIVE DIAMONDS NINE,0.3432,0.0462,0.6106
DIAMONDS NINE CLUBS TWO,0.4036,0.0402,0.5562
CLUBS THREE DIAMONDS NINE,0.4036,0.0404,0.556
DIAMONDS NINE HEARTS NINE,0.1456,0.061,0.7934
HEARTS SIX DIAMONDS NINE,0.3424,0.0424,0.6152
DIAMONDS NINE HEARTS SEVEN,0.335,0.0376,0.6274
CLUBS NINE CLUBS EIGHT,0.2136,0.1028,0.6836
DIAMONDS ACE DIAMONDS NINE,0.3122,0.0028,0.685
HEARTS FOUR DIAMONDS NINE,0.2476,0.1052,0.6472
HEARTS FIVE DIAMONDS NINE,0.365,0.0458,0.5892
HEARTS ACE CLUBS TWO,0.395,0.0062,0.5988
SPADES ACE CLUBS FOUR,0.2668,0.0214,0.7118
DIAMONDS QUEEN DIAMONDS NINE,0.3156,0.0118,0.6726
HEARTS TWO DIAMONDS NINE,0.4056,0.0396,0.5548
CLUBS TWO HEARTS KING,0.397,0.0078,0.5952
SPADES KING CLUBS FOUR,0.2434,0.0364,0.7202
DIAMONDS KING DIAMONDS NINE,0.3082,0.0064,0.6854
HEARTS THREE DIAMONDS NINE,0.3892,0.0444,0.5664
CLUBS TWO HEARTS QUEEN,0.3848,0.0148,0.6004
SPADES QUEEN CLUBS FOUR,0.2518,0.048,0.7002
DIAMONDS NINE DIAMONDS JACK,0.283,0.0202,0.6968
CLUBS EIGHT SPADES NINE,0.2138,0.1092,0.677
DIAMONDS NINE DIAMONDS TEN,0.288,0.0208,0.6912
CLUBS EIGHT SPADES EIGHT,0.085,0.0844,0.8306
CLUBS EIGHT SPADES SEVEN,0.2206,0.2942,0.4852
CLUBS EIGHT SPADES SIX,0.2252,0.37,0.4048
CLUBS EIGHT SPADES FIVE,0.209,0.4562,0.3348
CLUBS EIGHT SPADES THREE,0.273,0.5066,0.2204
CLUBS EIGHT SPADES TWO,0.2742,0.517,0.2088
HEARTS SIX DIAMONDS TEN,0.3688,0.0254,0.6058
DIAMONDS TEN HEARTS SEVEN,0.3472,0.0294,0.6234
CLUBS FOUR CLUBS JACK,0.2364,0.0538,0.7098
DIAMONDS TEN HEARTS NINE,0.2948,0.0238,0.6814
CLUBS TEN CLUBS FOUR,0.2352,0.0664,0.6984
CLUBS FOUR CLUBS KING,0.2452,0.0308,0.724
CLUBS FOUR CLUBS QUEEN,0.238,0.0444,0.7176
CLUBS TWO DIAMONDS TEN,0.3952,0.03,0.5748
CLUBS THREE DIAMONDS TEN,0.3992,0.0288,0.572
CLUBS FOUR CLUBS ACE,0.2412,0.02,0.7388
DIAMONDS JACK DIAMONDS TEN,0.294,0.015,0.691
DIAMONDS QUEEN DIAMONDS TEN,0.3078,0.008,0.6842
HEARTS TWO DIAMONDS TEN,0.3926,0.0314,0.576
DIAMONDS KING DIAMONDS TEN,0.315,0.0052,0.6798
HEARTS THREE DIAMONDS TEN,0.4154,0.0276,0.557
DIAMONDS ACE DIAMONDS TEN,0.3104,0.0062,0.6834
HEARTS FOUR DIAMONDS TEN,0.2434,0.087,0.6696
CLUBS EIGHT HEARTS JACK,0.229,0.058,0.713
HEARTS FIVE DIAMONDS TEN,0.3678,0.0266,0.6056
CLUBS EIGHT HEARTS TEN,0.2322,0.0824,0.6854
CLUBS EIGHT HEARTS QUEEN,0.2324,0.0506,0.717
CLUBS EIGHT HEARTS KING,0.2442,0.04,0.7158
CLUBS EIGHT HEARTS ACE,0.2334,0.031,0.7356
CLUBS NINE SPADES THREE,0.4054,0.046,0.5486
CLUBS NINE SPADES TWO,0.3952,0.0414,0.5634
CLUBS NINE SPADES FIVE,0.3386,0.0464,0.615
CLUBS NINE SPADES SEVEN,0.3294,0.0408,0.6298
CLUBS NINE SPADES SIX,0.3414,0.0416,0.617
CLUBS NINE SPADES NINE,0.1448,0.0636,0.7916
CLUBS NINE SPADES EIGHT,0.215,0.1048,0.6802
SPADES KING CLUBS KING,0.143,0.0132,0.8438
SPADES QUEEN CLUBS KING,0.352,0.0054,0.6426
SPADES ACE CLUBS KING,0.3348,0.005,0.6602
DIAMONDS ACE HEARTS TEN,0.3348,0.0038,0.6614
HEARTS FOUR HEARTS TEN,0.2412,0.0786,0.6802
DIAMONDS ACE HEARTS JACK,0.3348,0.0054,0.6598
HEARTS FOUR HEARTS JACK,0.247,0.057,0.696
SPADES KING CLUBS FIVE,0.362,0.0084,0.6296
SPADES QUEEN CLUBS FIVE,0.3524,0.0126,0.635
SPADES ACE CLUBS FIVE,0.3418,0.0042,0.654
DIAMONDS JACK HEARTS SEVEN,0.3652,0.0188,0.616
HEARTS SIX DIAMONDS JACK,0.3524,0.0182,0.6294
DIAMONDS JACK HEARTS NINE,0.3188,0.0196,0.6616
DIAMONDS KING DIAMONDS JACK,0.309,0.0082,0.6828
HEARTS THREE DIAMONDS JACK,0.4032,0.0188,0.578
SPADES ACE SPADES SIX,0.3516,0.0058,0.6426
DIAMONDS QUEEN DIAMONDS JACK,0.2952,0.0086,0.6962
HEARTS TWO DIAMONDS JACK,0.4106,0.021,0.5684
HEARTS FIVE DIAMONDS JACK,0.3532,0.0192,0.6276
SPADES QUEEN SPADES SIX,0.334,0.0108,0.6552
DIAMONDS ACE DIAMONDS JACK,0.321,0.003,0.676
HEARTS FOUR DIAMONDS JACK,0.2582,0.058,0.6838
SPADES KING SPADES SIX,0.3446,0.008,0.6474
SPADES TEN SPADES SIX,0.346,0.0276,0.6264
SPADES JACK SPADES SIX,0.3438,0.0214,0.6348
SPADES FIVE DIAMONDS JACK,0.3596,0.02,0.6204
DIAMONDS JACK SPADES TWO,0.419,0.0186,0.5624
SPADES THREE DIAMONDS JACK,0.4018,0.0204,0.5778
SPADES ACE DIAMONDS THREE,0.3766,0.0058,0.6176
SPADES QUEEN DIAMONDS THREE,0.3906,0.016,0.5934
CLUBS EIGHT DIAMONDS JACK,0.2426,0.0546,0.7028
SPADES KING DIAMONDS THREE,0.4094,0.0084,0.5822
CLUBS NINE DIAMONDS JACK,0.326,0.0138,0.6602
CLUBS SIX DIAMONDS JACK,0.361,0.0178,0.6212
CLUBS SEVEN DIAMONDS JACK,0.3614,0.0156,0.623
CLUBS FOUR DIAMONDS JACK,0.2648,0.056,0.6792
CLUBS FIVE DIAMONDS JACK,0.3608,0.0152,0.624
CLUBS TWO DIAMONDS JACK,0.3986,0.0164,0.585
CLUBS THREE DIAMONDS JACK,0.4152,0.0178,0.567
SPADES TEN CLUBS FIVE,0.3544,0.0274,0.6182
HEARTS SIX SPADES JACK,0.3668,0.02,0.6132
HEARTS SIX SPADES TEN,0.3568,0.0288,0.6144
SPADES JACK CLUBS FIVE,0.3566,0.0196,0.6238
SPADES JACK DIAMONDS THREE,0.4122,0.02,0.5678
CLUBS SEVEN CLUBS ACE,0.3362,0.0036,0.6602
DIAMONDS THREE SPADES TEN,0.3954,0.0234,0.5812
CLUBS SEVEN CLUBS QUEEN,0.3436,0.0114,0.645
CLUBS SEVEN CLUBS KING,0.3336,0.007,0.6594
SPADES NINE DIAMONDS JACK,0.3186,0.0158,0.6656
CLUBS TEN CLUBS SEVEN,0.3356,0.0204,0.644
DIAMONDS ACE HEARTS ACE,0.1392,0.0028,0.858
HEARTS FOUR HEARTS ACE,0.236,0.0192,0.7448
SPADES EIGHT DIAMONDS JACK,0.2394,0.0612,0.6994
SPADES ACE HEARTS SIX,0.3594,0.005,0.6356
CLUBS SEVEN CLUBS JACK,0.3302,0.0152,0.6546
DIAMONDS ACE HEARTS KING,0.3288,0.0042,0.667
HEARTS FOUR HEARTS KING,0.2368,0.0288,0.7344
SPADES SEVEN DIAMONDS JACK,0.3504,0.0158,0.6338
SPADES KING HEARTS SIX,0.3658,0.0068,0.6274
DIAMONDS ACE HEARTS QUEEN,0.34,0.0038,0.6562
HEARTS FOUR HEARTS QUEEN,0.2486,0.0436,0.7078
SPADES QUEEN HEARTS SIX,0.3682,0.0128,0.619
SPADES SIX DIAMONDS JACK,0.358,0.0206,0.6214
SPADES TWO DIAMONDS TEN,0.3938,0.034,0.5722
SPADES THREE DIAMONDS TEN,0.4016,0.0334,0.565
SPADES FIVE DIAMONDS TEN,0.3514,0.0272,0.6214
SPADES SIX DIAMONDS TEN,0.351,0.0258,0.6232
SPADES SEVEN DIAMONDS TEN,0.348,0.0246,0.6274
SPADES EIGHT DIAMONDS TEN,0.2264,0.0812,0.6924
SPADES NINE DIAMONDS TEN,0.306,0.0264,0.6676
CLUBS FOUR DIAMONDS TEN,0.2628,0.0764,0.6608
CLUBS FIVE DIAMONDS TEN,0.3696,0.0276,0.6028
CLUBS SIX DIAMONDS TEN,0.36,0.031,0.609
CLUBS SEVEN DIAMONDS TEN,0.3618,0.0222,0.616
CLUBS EIGHT DIAMONDS TEN,0.2504,0.0736,0.676
CLUBS NINE DIAMONDS TEN,0.323,0.0228,0.6542
DIAMONDS THREE CLUBS JACK,0.397,0.0186,0.5844
CLUBS TEN DIAMONDS THREE,0.393,0.0304,0.5766
DIAMONDS THREE CLUBS KING,0.4032,0.0082,0.5886
DIAMONDS THREE CLUBS QUEEN,0.4068,0.0132,0.58
DIAMONDS THREE CLUBS ACE,0.3832,0.004,0.6128
SPADES FIVE SPADES TWO,0.531,0.0622,0.4068
SPADES THREE SPADES TWO,0.5616,0.0708,0.3676
SPADES NINE SPADES TWO,0.3708,0.0396,0.5896
SPADES EIGHT SPADES TWO,0.27,0.4862,0.2438
SPADES SEVEN SPADES TWO,0.5622,0.0664,0.3714
SPADES SIX SPADES TWO,0.5506,0.0634,0.386
DIAMONDS QUEEN CLUBS THREE,0.3994,0.0108,0.5898
CLUBS THREE HEARTS TWO,0.5942,0.0698,0.336
DIAMONDS QUEEN CLUBS TWO,0.4248,0.0134,0.5618
HEARTS TWO CLUBS TWO,0.378,0.105,0.517
DIAMONDS QUEEN HEARTS SEVEN,0.371,0.0112,0.6178
HEARTS TWO HEARTS SEVEN,0.5782,0.063,0.3588
HEARTS SIX DIAMONDS QUEEN,0.362,0.013,0.625
HEARTS SIX HEARTS TWO,0.5562,0.0616,0.3822
DIAMONDS QUEEN HEARTS NINE,0.3236,0.0122,0.6642
HEARTS TWO HEARTS NINE,0.3832,0.0392,0.5776
CLUBS NINE HEARTS TWO,0.4054,0.0438,0.5508
CLUBS NINE DIAMONDS QUEEN,0.3336,0.0106,0.6558
CLUBS EIGHT HEARTS TWO,0.2818,0.5062,0.212
CLUBS EIGHT DIAMONDS QUEEN,0.237,0.0438,0.7192
CLUBS FIVE DIAMONDS QUEEN,0.3758,0.0108,0.6134
CLUBS FIVE HEARTS TWO,0.5576,0.068,0.3744
SPADES EIGHT HEARTS ACE,0.2278,0.0314,0.7408
DIAMONDS QUEEN CLUBS FOUR,0.2608,0.0444,0.6948
HEARTS TWO CLUBS FOUR,0.6048,0.1472,0.248
CLUBS SEVEN DIAMONDS QUEEN,0.3688,0.0124,0.6188
CLUBS SEVEN HEARTS TWO,0.6096,0.065,0.3254
SPADES EIGHT HEARTS QUEEN,0.228,0.0522,0.7198
CLUBS SIX DIAMONDS QUEEN,0.3604,0.011,0.6286
CLUBS SIX HEARTS TWO,0.591,0.0674,0.3416
SPADES EIGHT HEARTS KING,0.2332,0.037,0.7298
HEARTS TWO SPADES SIX,0.5988,0.0696,0.3316
DIAMONDS QUEEN SPADES SIX,0.3692,0.0118,0.619
HEARTS FOUR CLUBS QUEEN,0.2586,0.0426,0.6988
DIAMONDS ACE CLUBS QUEEN,0.3392,0.0042,0.6566
DIAMONDS QUEEN SPADES SEVEN,0.3656,0.0118,0.6226
HEARTS TWO SPADES SEVEN,0.5884,0.072,0.3396
HEARTS FOUR CLUBS KING,0.2616,0.0288,0.7096
DIAMONDS ACE CLUBS KING,0.3306,0.0036,0.6658
DIAMONDS QUEEN SPADES EIGHT,0.2328,0.0536,0.7136
SPADES EIGHT HEARTS TWO,0.2764,0.5124,0.2112
HEARTS FOUR CLUBS ACE,0.2566,0.0198,0.7236
DIAMONDS ACE CLUBS ACE,0.1452,0.0026,0.8522
SPADES NINE DIAMONDS QUEEN,0.3122,0.012,0.6758
SPADES NINE HEARTS TWO,0.3836,0.0502,0.5662
HEARTS TWO SPADES TWO,0.3754,0.108,0.5166
DIAMONDS QUEEN SPADES TWO,0.4132,0.0112,0.5756
HEARTS TWO SPADES THREE,0.5832,0.0712,0.3456
DIAMONDS QUEEN SPADES THREE,0.404,0.0122,0.5838
HEARTS FOUR CLUBS TEN,0.2426,0.0788,0.6786
CLUBS TEN DIAMONDS ACE,0.3318,0.0038,0.6644
HEARTS TWO SPADES FIVE,0.5684,0.0716,0.36
DIAMONDS QUEEN SPADES FIVE,0.36,0.0128,0.6272
HEARTS FOUR CLUBS JACK,0.2496,0.0566,0.6938
DIAMONDS ACE CLUBS JACK,0.3298,0.0042,0.666
CLUBS FIVE CLUBS KING,0.348,0.0106,0.6414
CLUBS FIVE CLUBS QUEEN,0.3334,0.0128,0.6538
CLUBS FIVE CLUBS ACE,0.329,0.0046,0.6664
CLUBS FIVE CLUBS JACK,0.343,0.0186,0.6384
CLUBS TEN CLUBS FIVE,0.3342,0.0256,0.6402
SPADES KING CLUBS JACK,0.3232,0.0082,0.6686
SPADES QUEEN CLUBS JACK,0.3314,0.0106,0.658
SPADES ACE CLUBS JACK,0.3166,0.005,0.6784
SPADES SIX CLUBS KING,0.3628,0.0076,0.6296
SPADES SIX CLUBS QUEEN,0.3586,0.0126,0.6288
SPADES EIGHT HEARTS JACK,0.2246,0.0662,0.7092
SPADES SIX CLUBS ACE,0.3584,0.0038,0.6378
SPADES EIGHT HEARTS TEN,0.228,0.0792,0.6928
SPADES SIX CLUBS JACK,0.3698,0.0156,0.6146
CLUBS TEN SPADES SIX,0.3452,0.0288,0.626
SPADES TEN CLUBS JACK,0.3094,0.0114,0.6792
SPADES JACK CLUBS JACK,0.1512,0.0352,0.8136
SPADES QUEEN CLUBS SEVEN,0.3576,0.0136,0.6288
SPADES KING CLUBS SEVEN,0.3684,0.008,0.6236
SPADES ACE CLUBS SEVEN,0.3528,0.0032,0.644
SPADES SIX HEARTS TEN,0.3566,0.0306,0.6128
SPADES SIX HEARTS JACK,0.3686,0.018,0.6134
SPADES SIX HEARTS ACE,0.36,0.005,0.635
SPADES SIX HEARTS KING,0.361,0.0094,0.6296
SPADES SIX HEARTS QUEEN,0.3566,0.0106,0.6328
CLUBS SEVEN SPADES JACK,0.3458,0.0174,0.6368
CLUBS SEVEN SPADES TEN,0.3362,0.0288,0.635
CLUBS TEN HEARTS SIX,0.3574,0.0268,0.6158
HEARTS SIX CLUBS JACK,0.3682,0.0186,0.6132
CLUBS ACE CLUBS JACK,0.3116,0.0032,0.6852
HEARTS SIX CLUBS QUEEN,0.3798,0.0132,0.607
HEARTS SIX CLUBS KING,0.361,0.007,0.632
HEARTS SIX CLUBS ACE,0.3738,0.0056,0.6206
CLUBS QUEEN CLUBS JACK,0.3072,0.0102,0.6826
CLUBS KING CLUBS JACK,0.3084,0.0078,0.6838
DIAMONDS THREE HEARTS ACE,0.3848,0.0048,0.6104
DIAMONDS THREE HEARTS QUEEN,0.3942,0.0122,0.5936
DIAMONDS THREE HEARTS KING,0.4048,0.0108,0.5844
CLUBS FIVE HEARTS JACK,0.3578,0.0156,0.6266
SPADES TEN DIAMONDS ACE,0.3416,0.0042,0.6542
HEARTS FOUR SPADES TEN,0.2374,0.0852,0.6774
CLUBS FIVE HEARTS TEN,0.3622,0.0292,0.6086
HEARTS FOUR SPADES JACK,0.2526,0.057,0.6904
SPADES JACK DIAMONDS ACE,0.3442,0.003,0.6528
SPADES ACE HEARTS FOUR,0.2438,0.0198,0.7364
SPADES ACE DIAMONDS ACE,0.1384,0.0032,0.8584
CLUBS FIVE HEARTS ACE,0.351,0.0056,0.6434
CLUBS FIVE HEARTS KING,0.3682,0.0088,0.623
HEARTS FOUR SPADES QUEEN,0.249,0.0416,0.7094
SPADES QUEEN DIAMONDS ACE,0.337,0.0028,0.6602
CLUBS FIVE HEARTS QUEEN,0.354,0.0114,0.6346
SPADES KING DIAMONDS ACE,0.3342,0.0044,0.6614
HEARTS FOUR SPADES KING,0.2536,0.028,0.7184
DIAMONDS QUEEN DIAMONDS ACE,0.322,0.0038,0.6742
HEARTS TWO DIAMONDS ACE,0.393,0.0048,0.6022
HEARTS FOUR DIAMONDS QUEEN,0.258,0.0434,0.6986
HEARTS FOUR HEARTS TWO,0.564,0.1516,0.2844
DIAMONDS THREE HEARTS TEN,0.4014,0.0292,0.5694
HEARTS FIVE DIAMONDS QUEEN,0.368,0.014,0.618
HEARTS FIVE HEARTS TWO,0.5368,0.0722,0.391
DIAMONDS THREE HEARTS JACK,0.4028,0.0222,0.575
DIAMONDS QUEEN HEARTS TWO,0.4028,0.012,0.5852
DIAMONDS KING DIAMONDS QUEEN,0.3132,0.0066,0.6802
DIAMONDS KING HEARTS TWO,0.415,0.008,0.577
HEARTS THREE DIAMONDS QUEEN,0.4024,0.014,0.5836
HEARTS THREE HEARTS TWO,0.5618,0.0684,0.3698
HEARTS TWO CLUBS ACE,0.3964,0.005,0.5986
DIAMONDS QUEEN CLUBS ACE,0.347,0.003,0.65
HEARTS TWO CLUBS QUEEN,0.4216,0.0114,0.567
DIAMONDS QUEEN CLUBS QUEEN,0.1514,0.0252,0.8234
HEARTS TWO CLUBS KING,0.4028,0.009,0.5882
DIAMONDS QUEEN CLUBS KING,0.3426,0.0058,0.6516
SPADES EIGHT SPADES FIVE,0.209,0.4438,0.3472
CLUBS TEN HEARTS TWO,0.4104,0.0316,0.558
CLUBS TEN DIAMONDS QUEEN,0.3306,0.008,0.6614
SPADES NINE SPADES FIVE,0.3322,0.039,0.6288
HEARTS TWO CLUBS JACK,0.4104,0.0184,0.5712
DIAMONDS QUEEN CLUBS JACK,0.331,0.0116,0.6574
SPADES SIX SPADES FIVE,0.4994,0.065,0.4356
SPADES SEVEN SPADES FIVE,0.5162,0.065,0.4188
DIAMONDS FIVE CLUBS QUEEN,0.3704,0.013,0.6166
SPADES EIGHT CLUBS ACE,0.238,0.0272,0.7348
DIAMONDS FIVE CLUBS KING,0.3642,0.0074,0.6284
SPADES EIGHT CLUBS KING,0.2348,0.0384,0.7268
CLUBS ACE DIAMONDS FIVE,0.3502,0.0044,0.6454
SPADES EIGHT CLUBS QUEEN,0.25,0.0508,0.6992
SPADES EIGHT CLUBS JACK,0.2284,0.0596,0.712
CLUBS TEN SPADES EIGHT,0.2286,0.081,0.6904
CLUBS TEN DIAMONDS FIVE,0.3646,0.0292,0.6062
DIAMONDS FIVE CLUBS JACK,0.3582,0.018,0.6238
DIAMONDS TEN HEARTS JACK,0.3142,0.0114,0.6744
DIAMONDS TEN HEARTS TEN,0.1458,0.0532,0.801
SPADES ACE CLUBS NINE,0.3274,0.0054,0.6672
CLUBS NINE SPADES QUEEN,0.3372,0.0108,0.652
CLUBS NINE SPADES KING,0.3336,0.0068,0.6596
HEARTS SIX HEARTS KING,0.3546,0.0084,0.637
DIAMONDS KING SPADES SEVEN,0.3606,0.0088,0.6306
