opposingHand,winningChance,drawChance,lostChance
HEARTS SEVEN HEARTS JACK
DIAMONDS JACK DIAMONDS NINE,0.2618,0.152,0.5862
DIAMONDS TEN DIAMONDS SIX,0.6006,0.0158,0.3836
SPADES JACK HEARTS ACE,0.2792,0.0166,0.7042
CLUBS EIGHT DIAMONDS EIGHT,0.3388,0.0316,0.6296
SPADES EIGHT HEARTS QUEEN,0.4016,0.0122,0.5862
CLUBS TEN DIAMONDS NINE,0.5798,0.0154,0.4048
CLUBS TEN SPADES TWO,0.6598,0.0158,0.3244
SPADES SEVEN DIAMONDS FOUR,0.7014,0.0596,0.239
DIAMONDS TWO DIAMONDS EIGHT,0.6176,0.0202,0.3622
SPADES FIVE DIAMONDS FOUR,0.6312,0.0188,0.35
HEARTS TWO SPADES THREE,0.6516,0.0204,0.328
SPADES ACE CLUBS SIX,0.4522,0.0028,0.545
CLUBS SEVEN HEARTS TWO,0.7204,0.0604,0.2192
CLUBS NINE HEARTS QUEEN,0.3764,0.01,0.6136
DIAMONDS EIGHT DIAMONDS SEVEN,0.637,0.0548,0.3082
CLUBS KING DIAMONDS FIVE,0.4526,0.0058,0.5416
CLUBS JACK DIAMONDS JACK,0.1598,0.032,0.8082
SPADES SIX DIAMONDS NINE,0.626,0.0172,0.3568
SPADES KING SPADES QUEEN,0.3332,0.0068,0.66
HEARTS SIX CLUBS TWO,0.6766,0.0202,0.3032
CLUBS TEN DIAMONDS JACK,0.2778,0.1124,0.6098
DIAMONDS TWO DIAMONDS ACE,0.4208,0.005,0.5742
HEARTS NINE CLUBS QUEEN,0.3852,0.009,0.6058
SPADES SIX SPADES FIVE,0.5936,0.0162,0.3902
DIAMONDS QUEEN DIAMONDS EIGHT,0.374,0.0086,0.6174
SPADES KING SPADES FIVE,0.407,0.0066,0.5864
CLUBS SEVEN SPADES SIX,0.6852,0.0604,0.2544
CLUBS FOUR DIAMONDS FOUR,0.4628,0.0354,0.5018
SPADES ACE CLUBS QUEEN,0.382,0.0022,0.6158
CLUBS FIVE SPADES FOUR,0.6118,0.018,0.3702
DIAMONDS KING CLUBS FOUR,0.4484,0.0084,0.5432
DIAMONDS THREE HEARTS KING,0.4398,0.0076,0.5526
DIAMONDS KING CLUBS TWO,0.4506,0.0068,0.5426
HEARTS KING SPADES TWO,0.4402,0.0082,0.5516
HEARTS THREE CLUBS ACE,0.4354,0.0052,0.5594
HEARTS SIX CLUBS TEN,0.6366,0.02,0.3434
SPADES ACE DIAMONDS EIGHT,0.412,0.0028,0.5852
CLUBS EIGHT DIAMONDS TEN,0.5904,0.0138,0.3958
CLUBS SEVEN HEARTS EIGHT,0.6754,0.0524,0.2722
SPADES ACE HEARTS KING,0.3638,0.0046,0.6316
SPADES TEN HEARTS QUEEN,0.3516,0.01,0.6384
SPADES FOUR SPADES TWO,0.627,0.0196,0.3534
SPADES NINE DIAMONDS JACK,0.2748,0.1622,0.563
SPADES NINE CLUBS FOUR,0.666,0.0152,0.3188
DIAMONDS TEN HEARTS QUEEN,0.3688,0.0114,0.6198
CLUBS JACK DIAMONDS ACE,0.2744,0.0166,0.709
CLUBS JACK HEARTS KING,0.2794,0.0292,0.6914
DIAMONDS THREE DIAMONDS ACE,0.4242,0.0048,0.571
CLUBS TEN CLUBS QUEEN,0.36,0.0084,0.6316
HEARTS ACE DIAMONDS SIX,0.4288,0.0044,0.5668
CLUBS FIVE DIAMONDS EIGHT,0.635,0.018,0.347
CLUBS FOUR DIAMONDS NINE,0.6614,0.015,0.3236
DIAMONDS JACK DIAMONDS FIVE,0.4826,0.2616,0.2558
SPADES FIVE HEARTS NINE,0.6332,0.0196,0.3472
HEARTS FIVE CLUBS FIVE,0.4626,0.0352,0.5022
DIAMONDS JACK CLUBS ACE,0.2832,0.0192,0.6976
SPADES SEVEN DIAMONDS NINE,0.7042,0.0486,0.2472
CLUBS TWO SPADES FOUR,0.6624,0.0172,0.3204
SPADES THREE DIAMONDS FOUR,0.6464,0.0182,0.3354
SPADES KING DIAMONDS JACK,0.2874,0.0316,0.681
SPADES SEVEN HEARTS EIGHT,0.6806,0.0526,0.2668
CLUBS TWO HEARTS NINE,0.6542,0.0234,0.3224
CLUBS SEVEN SPADES THREE,0.7094,0.0586,0.232
DIAMONDS KING DIAMONDS SIX,0.4318,0.0056,0.5626
SPADES KING DIAMONDS SEVEN,0.2822,0.0336,0.6842
DIAMONDS JACK SPADES FOUR,0.4912,0.2826,0.2262
DIAMONDS JACK CLUBS KING,0.2904,0.0266,0.683
HEARTS TWO DIAMONDS JACK,0.4934,0.2868,0.2198
CLUBS TEN CLUBS SIX,0.6136,0.012,0.3744
HEARTS THREE DIAMONDS TEN,0.6462,0.0152,0.3386
HEARTS SIX DIAMONDS ACE,0.4276,0.0042,0.5682
CLUBS NINE SPADES THREE,0.66,0.0172,0.3228
DIAMONDS TEN SPADES THREE,0.6482,0.0172,0.3346
SPADES ACE SPADES THREE,0.4158,0.004,0.5802
HEARTS THREE SPADES THREE,0.4578,0.0428,0.4994
DIAMONDS ACE CLUBS KING,0.376,0.003,0.621
DIAMONDS TEN DIAMONDS SEVEN,0.6714,0.0522,0.2764
SPADES ACE SPADES QUEEN,0.3452,0.0054,0.6494
CLUBS JACK SPADES TEN,0.2724,0.1204,0.6072
DIAMONDS QUEEN SPADES THREE,0.45,0.0108,0.5392
DIAMONDS THREE CLUBS FIVE,0.6354,0.0172,0.3474
CLUBS FIVE CLUBS ACE,0.4126,0.004,0.5834
DIAMONDS THREE DIAMONDS TWO,0.621,0.0166,0.3624
CLUBS NINE CLUBS TWO,0.6134,0.0168,0.3698
CLUBS EIGHT DIAMONDS ACE,0.4168,0.0038,0.5794
CLUBS NINE DIAMONDS NINE,0.3292,0.0252,0.6456
SPADES TWO CLUBS ACE,0.4542,0.005,0.5408
CLUBS SEVEN DIAMONDS FIVE,0.6908,0.0574,0.2518
HEARTS THREE DIAMONDS FIVE,0.6486,0.0156,0.3358
SPADES ACE HEARTS QUEEN,0.3598,0.0034,0.6368
SPADES TWO HEARTS TEN,0.6494,0.0152,0.3354
CLUBS FIVE HEARTS EIGHT,0.6296,0.0168,0.3536
HEARTS KING DIAMONDS SIX,0.4304,0.0068,0.5628
DIAMONDS TWO HEARTS QUEEN,0.4402,0.0128,0.547
SPADES SIX DIAMONDS TEN,0.6442,0.0212,0.3346
CLUBS NINE SPADES FIVE,0.6414,0.0156,0.343
DIAMONDS TWO SPADES TWO,0.4656,0.0432,0.4912
CLUBS JACK DIAMONDS NINE,0.2776,0.1512,0.5712
SPADES SEVEN HEARTS KING,0.2778,0.0342,0.688
SPADES FIVE SPADES THREE,0.612,0.017,0.371
DIAMONDS THREE CLUBS SEVEN,0.7128,0.0562,0.231
SPADES NINE HEARTS EIGHT,0.5872,0.0136,0.3992
CLUBS JACK SPADES KING,0.294,0.0302,0.6758
HEARTS THREE HEARTS EIGHT,0.6504,0.0192,0.3304
HEARTS FOUR DIAMONDS ACE,0.42,0.0052,0.5748
HEARTS THREE DIAMONDS FOUR,0.63,0.021,0.349
DIAMONDS QUEEN DIAMONDS NINE,0.3588,0.0108,0.6304
SPADES THREE HEARTS EIGHT,0.669,0.0162,0.3148
HEARTS TWO SPADES SEVEN,0.7204,0.0606,0.219
CLUBS JACK DIAMONDS SIX,0.513,0.2706,0.2164
SPADES JACK CLUBS FOUR,0.5046,0.2746,0.2208
SPADES THREE DIAMONDS SEVEN,0.7052,0.0602,0.2346
SPADES ACE DIAMONDS THREE,0.4334,0.005,0.5616
HEARTS FOUR HEARTS ACE,0.3738,0.0052,0.621
HEARTS THREE DIAMONDS ACE,0.436,0.006,0.558
DIAMONDS QUEEN SPADES TWO,0.4456,0.0134,0.541
CLUBS THREE HEARTS QUEEN,0.4408,0.0108,0.5484
DIAMONDS TWO SPADES EIGHT,0.6538,0.0174,0.3288
CLUBS NINE CLUBS THREE,0.6066,0.0154,0.378
CLUBS FIVE HEARTS NINE,0.6328,0.0202,0.347
CLUBS SIX SPADES SEVEN,0.6824,0.0596,0.258
DIAMONDS TWO SPADES SIX,0.6644,0.0216,0.314
HEARTS THREE CLUBS QUEEN,0.4508,0.012,0.5372
DIAMONDS TWO SPADES SEVEN,0.7272,0.0612,0.2116
CLUBS SEVEN DIAMONDS NINE,0.6826,0.0536,0.2638
CLUBS SIX HEARTS QUEEN,0.427,0.0096,0.5634
CLUBS SEVEN SPADES FIVE,0.6872,0.0538,0.259
DIAMONDS TWO SPADES QUEEN,0.4548,0.0096,0.5356
HEARTS SIX CLUBS EIGHT,0.6268,0.0182,0.355
DIAMONDS TWO HEARTS TEN,0.6714,0.014,0.3146
CLUBS TEN HEARTS TEN,0.32,0.024,0.656
DIAMONDS TWO DIAMONDS QUEEN,0.4212,0.0124,0.5664
HEARTS FIVE CLUBS SIX,0.6394,0.0156,0.345
HEARTS FIVE DIAMONDS FIVE,0.4536,0.0394,0.507
DIAMONDS JACK DIAMONDS FOUR,0.4764,0.2606,0.263
HEARTS TWO CLUBS QUEEN,0.4446,0.008,0.5474
HEARTS FOUR DIAMONDS FIVE,0.6248,0.0212,0.354
SPADES QUEEN DIAMONDS FOUR,0.4394,0.0128,0.5478
CLUBS TWO HEARTS ACE,0.4346,0.0046,0.5608
SPADES FIVE CLUBS QUEEN,0.4348,0.0124,0.5528
SPADES TWO DIAMONDS SEVEN,0.732,0.0578,0.2102
CLUBS JACK DIAMONDS EIGHT,0.2642,0.218,0.5178
SPADES EIGHT CLUBS FIVE,0.6324,0.0164,0.3512
CLUBS SEVEN HEARTS KING,0.2702,0.031,0.6988
CLUBS THREE HEARTS KING,0.4432,0.008,0.5488
CLUBS TEN DIAMONDS FOUR,0.649,0.0168,0.3342
SPADES KING SPADES JACK,0.263,0.0266,0.7104
CLUBS NINE DIAMONDS EIGHT,0.5808,0.0132,0.406
SPADES ACE HEARTS NINE,0.416,0.0032,0.5808
CLUBS EIGHT DIAMONDS NINE,0.5836,0.0148,0.4016
CLUBS ACE CLUBS QUEEN,0.3534,0.0036,0.643
HEARTS TWO SPADES NINE,0.6548,0.0154,0.3298
CLUBS SEVEN DIAMONDS KING,0.3042,0.034,0.6618
HEARTS TWO CLUBS SIX,0.6728,0.019,0.3082
CLUBS JACK SPADES TWO,0.4992,0.2884,0.2124
CLUBS FIVE DIAMONDS SIX,0.6382,0.0204,0.3414
HEARTS FOUR HEARTS QUEEN,0.3872,0.0124,0.6004
DIAMONDS TWO SPADES JACK,0.5198,0.2706,0.2096
CLUBS SEVEN CLUBS QUEEN,0.286,0.0418,0.6722
SPADES NINE DIAMONDS FOUR,0.6522,0.0172,0.3306
SPADES SEVEN HEARTS TEN,0.7036,0.0522,0.2442
SPADES KING CLUBS FIVE,0.459,0.0052,0.5358
SPADES EIGHT CLUBS QUEEN,0.4104,0.0082,0.5814
DIAMONDS TEN SPADES TWO,0.6532,0.0184,0.3284
HEARTS SIX SPADES KING,0.4404,0.0062,0.5534
SPADES TEN DIAMONDS TEN,0.321,0.0248,0.6542
DIAMONDS ACE HEARTS QUEEN,0.3548,0.0062,0.639
DIAMONDS ACE DIAMONDS FIVE,0.4132,0.0062,0.5806
SPADES TEN CLUBS TWO,0.6614,0.0144,0.3242
DIAMONDS THREE CLUBS TWO,0.652,0.0184,0.3296
SPADES SIX CLUBS THREE,0.6484,0.0168,0.3348
HEARTS FOUR HEARTS EIGHT,0.652,0.0208,0.3272
DIAMONDS TEN HEARTS ACE,0.39,0.0036,0.6064
HEARTS SIX CLUBS SEVEN,0.6978,0.0614,0.2408
SPADES KING CLUBS TEN,0.3982,0.0066,0.5952
CLUBS EIGHT CLUBS SEVEN,0.639,0.05,0.311
SPADES QUEEN CLUBS NINE,0.3946,0.0104,0.595
CLUBS NINE DIAMONDS QUEEN,0.4072,0.0102,0.5826
CLUBS SIX DIAMONDS TEN,0.6428,0.018,0.3392
CLUBS EIGHT SPADES TEN,0.593,0.0144,0.3926
SPADES KING DIAMONDS FOUR,0.4502,0.0052,0.5446
SPADES EIGHT DIAMONDS SEVEN,0.6908,0.049,0.2602
SPADES KING SPADES FOUR,0.4194,0.0086,0.572
DIAMONDS THREE SPADES SEVEN,0.7166,0.0578,0.2256
CLUBS SEVEN DIAMONDS TEN,0.6972,0.0502,0.2526
SPADES TWO CLUBS KING,0.4528,0.006,0.5412
SPADES NINE DIAMONDS EIGHT,0.5808,0.0178,0.4014
DIAMONDS TWO HEARTS NINE,0.648,0.0194,0.3326
SPADES SEVEN DIAMONDS SIX,0.6908,0.0598,0.2494
SPADES FOUR HEARTS TEN,0.6458,0.0158,0.3384
DIAMONDS TWO HEARTS KING,0.4294,0.0104,0.5602
SPADES JACK CLUBS EIGHT,0.2736,0.216,0.5104
SPADES KING HEARTS FIVE,0.4382,0.0086,0.5532
SPADES NINE HEARTS ACE,0.387,0.0062,0.6068
DIAMONDS TWO DIAMONDS SIX,0.6358,0.0146,0.3496
SPADES NINE HEARTS NINE,0.3116,0.03,0.6584
SPADES EIGHT DIAMONDS NINE,0.5872,0.0198,0.393
CLUBS SIX HEARTS ACE,0.4306,0.0034,0.566
DIAMONDS KING HEARTS TEN,0.3784,0.0048,0.6168
HEARTS FIVE SPADES QUEEN,0.438,0.012,0.55
HEARTS QUEEN CLUBS ACE,0.3554,0.0046,0.64
HEARTS FIVE HEARTS TWO,0.6522,0.0186,0.3292
CLUBS TEN HEARTS FOUR,0.646,0.0164,0.3376
DIAMONDS THREE SPADES THREE,0.4628,0.0332,0.504
CLUBS FIVE SPADES SIX,0.6318,0.0178,0.3504
HEARTS THREE CLUBS FIVE,0.6414,0.0172,0.3414
CLUBS NINE SPADES NINE,0.3164,0.0268,0.6568
CLUBS TEN DIAMONDS SEVEN,0.6974,0.056,0.2466
HEARTS FIVE CLUBS SEVEN,0.6736,0.0612,0.2652
HEARTS SIX HEARTS THREE,0.6554,0.02,0.3246
DIAMONDS JACK DIAMONDS TEN,0.254,0.1056,0.6404
DIAMONDS THREE CLUBS TEN,0.6532,0.0158,0.331
CLUBS TEN CLUBS FOUR,0.6142,0.017,0.3688
DIAMONDS ACE DIAMONDS KING,0.359,0.0044,0.6366
SPADES QUEEN SPADES TWO,0.4348,0.0132,0.552
HEARTS FIVE DIAMONDS QUEEN,0.4298,0.011,0.5592
SPADES QUEEN CLUBS FIVE,0.434,0.0098,0.5562
CLUBS EIGHT HEARTS THREE,0.6564,0.0136,0.33
CLUBS TWO DIAMONDS FIVE,0.654,0.0198,0.3262
CLUBS TEN SPADES TEN,0.328,0.0212,0.6508
CLUBS NINE CLUBS FIVE,0.5984,0.0212,0.3804
SPADES THREE SPADES TWO,0.622,0.0176,0.3604
CLUBS THREE CLUBS ACE,0.4038,0.0046,0.5916
SPADES TEN SPADES EIGHT,0.5616,0.0176,0.4208
SPADES TEN CLUBS FOUR,0.6542,0.0196,0.3262
SPADES SIX DIAMONDS FIVE,0.636,0.02,0.344
CLUBS NINE HEARTS TWO,0.6354,0.0178,0.3468
HEARTS SIX HEARTS KING,0.3778,0.0074,0.6148
CLUBS NINE SPADES SEVEN,0.6874,0.0592,0.2534
CLUBS SIX DIAMONDS QUEEN,0.4378,0.0068,0.5554
HEARTS THREE DIAMONDS SEVEN,0.7034,0.0626,0.234
HEARTS SIX CLUBS FIVE,0.6264,0.0182,0.3554
DIAMONDS TWO SPADES FOUR,0.661,0.0162,0.3228
SPADES QUEEN HEARTS NINE,0.3766,0.0106,0.6128
CLUBS TEN DIAMONDS TWO,0.6578,0.016,0.3262
SPADES TWO DIAMONDS FIVE,0.6454,0.0208,0.3338
CLUBS FIVE HEARTS QUEEN,0.4404,0.0106,0.549
SPADES SEVEN DIAMONDS FIVE,0.6886,0.0548,0.2566
CLUBS THREE HEARTS NINE,0.6484,0.0188,0.3328
SPADES TEN DIAMONDS FIVE,0.6488,0.0166,0.3346
SPADES JACK DIAMONDS FIVE,0.5116,0.281,0.2074
DIAMONDS SEVEN CLUBS QUEEN,0.2844,0.0358,0.6798
DIAMONDS QUEEN HEARTS EIGHT,0.3884,0.0102,0.6014
SPADES FOUR DIAMONDS SIX,0.6584,0.0182,0.3234
CLUBS THREE HEARTS TEN,0.6444,0.0178,0.3378
HEARTS FIVE CLUBS TWO,0.6536,0.0164,0.33
DIAMONDS THREE SPADES TEN,0.6472,0.0168,0.336
HEARTS SIX HEARTS EIGHT,0.6234,0.016,0.3606
SPADES QUEEN HEARTS EIGHT,0.384,0.0104,0.6056
CLUBS FOUR DIAMONDS FIVE,0.614,0.0214,0.3646
HEARTS ACE HEARTS TEN,0.3462,0.0072,0.6466
CLUBS TEN CLUBS EIGHT,0.5596,0.014,0.4264
HEARTS THREE DIAMONDS QUEEN,0.4408,0.0094,0.5498
SPADES QUEEN DIAMONDS EIGHT,0.3914,0.01,0.5986
SPADES NINE CLUBS SIX,0.6316,0.0152,0.3532
CLUBS NINE HEARTS NINE,0.3312,0.028,0.6408
CLUBS NINE HEARTS EIGHT,0.5764,0.0184,0.4052
DIAMONDS THREE HEARTS FOUR,0.6448,0.0184,0.3368
CLUBS JACK CLUBS FIVE,0.4768,0.2616,0.2616
SPADES TEN SPADES THREE,0.6088,0.017,0.3742
DIAMONDS ACE DIAMONDS NINE,0.3866,0.0022,0.6112
CLUBS NINE CLUBS KING,0.3816,0.0068,0.6116
CLUBS SIX HEARTS EIGHT,0.6226,0.0196,0.3578
CLUBS SIX DIAMONDS SEVEN,0.7028,0.056,0.2412
DIAMONDS TWO CLUBS KING,0.4516,0.0074,0.541
DIAMONDS TWO CLUBS SEVEN,0.7308,0.0578,0.2114
HEARTS SIX HEARTS QUEEN,0.3856,0.0082,0.6062
CLUBS EIGHT SPADES SIX,0.6232,0.0188,0.358
CLUBS SIX CLUBS ACE,0.4218,0.0038,0.5744
SPADES KING DIAMONDS TWO,0.4606,0.0064,0.533
HEARTS FOUR CLUBS TWO,0.6536,0.0178,0.3286
SPADES QUEEN CLUBS QUEEN,0.202,0.0116,0.7864
HEARTS THREE DIAMONDS SIX,0.6546,0.0148,0.3306
DIAMONDS ACE SPADES EIGHT,0.4014,0.0046,0.594
SPADES FOUR HEARTS KING,0.4226,0.0068,0.5706
SPADES EIGHT DIAMONDS JACK,0.2718,0.2118,0.5164
CLUBS TEN HEARTS ACE,0.3922,0.0052,0.6026
DIAMONDS KING CLUBS ACE,0.3962,0.0032,0.6006
DIAMONDS TWO HEARTS EIGHT,0.6442,0.0168,0.339
SPADES KING HEARTS TEN,0.3892,0.0074,0.6034
DIAMONDS TWO SPADES NINE,0.6492,0.016,0.3348
DIAMONDS THREE CLUBS FOUR,0.651,0.0176,0.3314
HEARTS FIVE HEARTS TEN,0.6438,0.0166,0.3396
SPADES QUEEN DIAMONDS ACE,0.3822,0.003,0.6148
SPADES EIGHT DIAMONDS KING,0.4066,0.0066,0.5868
CLUBS SIX CLUBS THREE,0.6204,0.0186,0.361
HEARTS THREE SPADES FOUR,0.6432,0.023,0.3338
HEARTS SIX HEARTS TWO,0.6724,0.0202,0.3074
DIAMONDS SEVEN HEARTS EIGHT,0.669,0.0518,0.2792
SPADES FOUR HEARTS NINE,0.657,0.0164,0.3266
SPADES FIVE CLUBS TWO,0.6672,0.0178,0.315
DIAMONDS THREE HEARTS THREE,0.4524,0.0396,0.508
SPADES ACE HEARTS SIX,0.4438,0.003,0.5532
SPADES TEN CLUBS KING,0.389,0.0054,0.6056
HEARTS FIVE CLUBS NINE,0.6224,0.0174,0.3602
HEARTS FOUR CLUBS EIGHT,0.6486,0.0196,0.3318
CLUBS SEVEN CLUBS SIX,0.6464,0.0534,0.3002
SPADES EIGHT DIAMONDS QUEEN,0.4182,0.0092,0.5726
HEARTS ACE CLUBS QUEEN,0.3706,0.0044,0.625
SPADES JACK HEARTS KING,0.284,0.0314,0.6846
CLUBS SIX SPADES TWO,0.6748,0.0182,0.307
HEARTS FIVE DIAMONDS FOUR,0.6264,0.0146,0.359
SPADES TEN DIAMONDS QUEEN,0.374,0.0092,0.6168
DIAMONDS NINE CLUBS QUEEN,0.389,0.011,0.6
SPADES NINE CLUBS FIVE,0.6438,0.0138,0.3424
CLUBS FOUR HEARTS KING,0.4326,0.0056,0.5618
HEARTS FIVE CLUBS KING,0.4394,0.0078,0.5528
CLUBS SIX DIAMONDS SIX,0.452,0.0302,0.5178
DIAMONDS TWO CLUBS NINE,0.6532,0.0204,0.3264
SPADES TEN CLUBS SEVEN,0.6932,0.0544,0.2524
HEARTS FOUR SPADES SIX,0.6496,0.018,0.3324
CLUBS JACK SPADES THREE,0.506,0.2768,0.2172
DIAMONDS SIX CLUBS QUEEN,0.4384,0.0092,0.5524
SPADES ACE DIAMONDS SEVEN,0.2892,0.0232,0.6876
SPADES FIVE DIAMONDS NINE,0.653,0.016,0.331
HEARTS SIX CLUBS ACE,0.4386,0.004,0.5574
HEARTS FIVE HEARTS FOUR,0.627,0.0152,0.3578
SPADES SIX DIAMONDS FOUR,0.6574,0.0184,0.3242
SPADES SEVEN CLUBS THREE,0.7184,0.0558,0.2258
HEARTS FIVE DIAMONDS TWO,0.6436,0.0188,0.3376
SPADES NINE DIAMONDS QUEEN,0.3904,0.009,0.6006
HEARTS FOUR CLUBS ACE,0.4328,0.0044,0.5628
CLUBS EIGHT DIAMONDS FOUR,0.6446,0.0194,0.336
DIAMONDS KING HEARTS KING,0.1896,0.0078,0.8026
DIAMONDS THREE CLUBS EIGHT,0.6464,0.0184,0.3352
CLUBS THREE DIAMONDS FOUR,0.65,0.0192,0.3308
HEARTS SIX CLUBS QUEEN,0.4308,0.0082,0.561
CLUBS NINE DIAMONDS FOUR,0.6634,0.018,0.3186
CLUBS NINE DIAMONDS TEN,0.5822,0.0144,0.4034
HEARTS QUEEN HEARTS EIGHT,0.338,0.0104,0.6516
HEARTS THREE CLUBS SIX,0.6564,0.0226,0.321
DIAMONDS TEN HEARTS EIGHT,0.5928,0.0146,0.3926
SPADES NINE SPADES THREE,0.6218,0.018,0.3602
DIAMONDS ACE CLUBS ACE,0.183,0.0054,0.8116
DIAMONDS NINE DIAMONDS FOUR,0.6196,0.0164,0.364
CLUBS ACE HEARTS NINE,0.3992,0.0028,0.598
SPADES THREE DIAMONDS SIX,0.6602,0.0156,0.3242
DIAMONDS QUEEN HEARTS QUEEN,0.1946,0.01,0.7954
DIAMONDS QUEEN SPADES FIVE,0.4534,0.0104,0.5362
CLUBS EIGHT SPADES NINE,0.5904,0.0128,0.3968
SPADES EIGHT SPADES SIX,0.5802,0.0164,0.4034
HEARTS ACE CLUBS KING,0.3484,0.0044,0.6472
SPADES JACK SPADES EIGHT,0.2558,0.2006,0.5436
SPADES THREE HEARTS NINE,0.6524,0.0166,0.331
HEARTS THREE HEARTS TWO,0.6566,0.018,0.3254
SPADES EIGHT CLUBS ACE,0.4124,0.0032,0.5844
CLUBS FIVE SPADES THREE,0.6392,0.018,0.3428
DIAMONDS KING DIAMONDS FOUR,0.4162,0.0072,0.5766
DIAMONDS THREE SPADES JACK,0.5098,0.2724,0.2178
HEARTS THREE CLUBS TWO,0.6582,0.0218,0.32
CLUBS ACE HEARTS EIGHT,0.4044,0.0048,0.5908
DIAMONDS THREE DIAMONDS SIX,0.6244,0.0192,0.3564
DIAMONDS ACE HEARTS EIGHT,0.3944,0.0038,0.6018
HEARTS TWO DIAMONDS ACE,0.4288,0.004,0.5672
SPADES KING DIAMONDS TEN,0.3886,0.0062,0.6052
SPADES NINE SPADES SIX,0.6016,0.0174,0.381
SPADES FOUR DIAMONDS SEVEN,0.7034,0.0618,0.2348
DIAMONDS SEVEN HEARTS TEN,0.6958,0.0544,0.2498
HEARTS FIVE DIAMONDS SEVEN,0.6846,0.053,0.2624
SPADES JACK DIAMONDS ACE,0.2998,0.0184,0.6818
HEARTS SIX CLUBS SIX,0.453,0.037,0.51
CLUBS EIGHT SPADES EIGHT,0.3368,0.0304,0.6328
DIAMONDS KING CLUBS QUEEN,0.37,0.0068,0.6232
CLUBS JACK HEARTS QUEEN,0.2568,0.041,0.7022
SPADES QUEEN HEARTS KING,0.3552,0.006,0.6388
SPADES NINE SPADES SEVEN,0.6468,0.0564,0.2968
SPADES KING SPADES TWO,0.4258,0.0082,0.566
CLUBS EIGHT CLUBS SIX,0.6116,0.0142,0.3742
DIAMONDS JACK HEARTS ACE,0.251,0.0208,0.7282
HEARTS SIX CLUBS NINE,0.6234,0.018,0.3586
CLUBS TEN CLUBS KING,0.38,0.005,0.615
SPADES TWO HEARTS NINE,0.6536,0.0152,0.3312
CLUBS FOUR DIAMONDS QUEEN,0.4426,0.0126,0.5448
DIAMONDS TWO DIAMONDS KING,0.431,0.0038,0.5652
DIAMONDS THREE HEARTS TEN,0.6434,0.0164,0.3402
CLUBS FOUR CLUBS ACE,0.4068,0.0046,0.5886
DIAMONDS KING DIAMONDS FIVE,0.4208,0.0046,0.5746
SPADES NINE DIAMONDS NINE,0.3296,0.0256,0.6448
DIAMONDS TWO CLUBS ACE,0.434,0.0048,0.5612
SPADES KING DIAMONDS QUEEN,0.379,0.0072,0.6138
CLUBS TEN SPADES SIX,0.649,0.0194,0.3316
CLUBS FIVE HEARTS ACE,0.42,0.0046,0.5754
CLUBS TEN DIAMONDS FIVE,0.6446,0.0194,0.336
DIAMONDS TWO SPADES TEN,0.6582,0.0186,0.3232
DIAMONDS NINE SPADES THREE,0.642,0.0186,0.3394
SPADES JACK DIAMONDS NINE,0.2744,0.152,0.5736
CLUBS JACK CLUBS ACE,0.2816,0.0172,0.7012
CLUBS TEN SPADES FOUR,0.653,0.0138,0.3332
HEARTS FIVE SPADES JACK,0.5094,0.2764,0.2142
DIAMONDS QUEEN HEARTS NINE,0.3834,0.0092,0.6074
SPADES ACE CLUBS EIGHT,0.4018,0.0034,0.5948
CLUBS TEN DIAMONDS QUEEN,0.3786,0.0072,0.6142
CLUBS FIVE DIAMONDS FOUR,0.6328,0.017,0.3502
CLUBS SEVEN SPADES FOUR,0.7058,0.0552,0.239
SPADES TEN SPADES FOUR,0.6056,0.0154,0.379
DIAMONDS JACK SPADES FIVE,0.5074,0.2748,0.2178
SPADES TWO CLUBS QUEEN,0.448,0.0106,0.5414
CLUBS FIVE DIAMONDS KING,0.4492,0.0054,0.5454
CLUBS EIGHT DIAMONDS FIVE,0.6324,0.0198,0.3478
CLUBS ACE DIAMONDS FIVE,0.4462,0.0048,0.549
HEARTS FIVE CLUBS EIGHT,0.627,0.0188,0.3542
SPADES QUEEN CLUBS THREE,0.4526,0.0102,0.5372
CLUBS JACK DIAMONDS TEN,0.2774,0.115,0.6076
DIAMONDS TEN HEARTS KING,0.372,0.0084,0.6196
SPADES QUEEN CLUBS KING,0.37,0.0066,0.6234
HEARTS THREE HEARTS QUEEN,0.398,0.012,0.59
HEARTS ACE SPADES THREE,0.4234,0.0072,0.5694
SPADES FIVE SPADES TWO,0.614,0.0186,0.3674
HEARTS FIVE SPADES FOUR,0.624,0.0198,0.3562
HEARTS FOUR SPADES JACK,0.5028,0.2842,0.213
SPADES ACE HEARTS TWO,0.4446,0.0038,0.5516
DIAMONDS TWO CLUBS TWO,0.4682,0.0376,0.4942
CLUBS SEVEN CLUBS KING,0.2864,0.029,0.6846
SPADES ACE DIAMONDS JACK,0.289,0.016,0.695
SPADES ACE HEARTS EIGHT,0.3982,0.0048,0.597
DIAMONDS TWO CLUBS FOUR,0.656,0.014,0.33
HEARTS FIVE CLUBS QUEEN,0.433,0.0092,0.5578
CLUBS FIVE CLUBS FOUR,0.585,0.0208,0.3942
DIAMONDS ACE DIAMONDS TEN,0.3702,0.0054,0.6244
CLUBS TWO SPADES THREE,0.6702,0.0178,0.312
CLUBS KING DIAMONDS FOUR,0.4402,0.0074,0.5524
CLUBS NINE SPADES JACK,0.2708,0.1574,0.5718
SPADES ACE SPADES SIX,0.416,0.0024,0.5816
HEARTS TWO SPADES FOUR,0.6534,0.0174,0.3292
SPADES QUEEN SPADES THREE,0.41,0.0114,0.5786
DIAMONDS TWO HEARTS ACE,0.436,0.0078,0.5562
HEARTS FIVE DIAMONDS KING,0.4282,0.0084,0.5634
CLUBS SEVEN SPADES NINE,0.7,0.0518,0.2482
DIAMONDS TWO HEARTS FOUR,0.6644,0.0142,0.3214
HEARTS FOUR HEARTS TWO,0.6388,0.0208,0.3404
DIAMONDS TEN SPADES FOUR,0.6626,0.0156,0.3218
DIAMONDS KING SPADES FIVE,0.4454,0.0068,0.5478
HEARTS SIX HEARTS NINE,0.6408,0.018,0.3412
SPADES JACK SPADES SIX,0.4858,0.261,0.2532
HEARTS SIX SPADES NINE,0.6232,0.0158,0.361
CLUBS JACK HEARTS SIX,0.5078,0.2844,0.2078
SPADES ACE DIAMONDS ACE,0.1746,0.0038,0.8216
HEARTS ACE CLUBS ACE,0.169,0.0048,0.8262
HEARTS SIX SPADES TEN,0.6368,0.0152,0.348
CLUBS JACK CLUBS THREE,0.4766,0.2648,0.2586
DIAMONDS NINE HEARTS QUEEN,0.3844,0.0104,0.6052
DIAMONDS THREE DIAMONDS QUEEN,0.4194,0.0114,0.5692
SPADES JACK CLUBS ACE,0.2882,0.0158,0.696
SPADES EIGHT DIAMONDS TEN,0.597,0.0184,0.3846
DIAMONDS KING HEARTS NINE,0.3986,0.0092,0.5922
SPADES JACK SPADES THREE,0.481,0.2636,0.2554
CLUBS EIGHT CLUBS QUEEN,0.368,0.0112,0.6208
SPADES JACK CLUBS SIX,0.5074,0.281,0.2116
CLUBS THREE DIAMONDS FIVE,0.6332,0.0174,0.3494
CLUBS EIGHT SPADES FOUR,0.6416,0.0136,0.3448
CLUBS EIGHT DIAMONDS SEVEN,0.6714,0.0572,0.2714
SPADES ACE HEARTS FIVE,0.43,0.0072,0.5628
CLUBS THREE CLUBS QUEEN,0.421,0.013,0.566
SPADES SIX DIAMONDS EIGHT,0.628,0.0186,0.3534
DIAMONDS KING HEARTS QUEEN,0.3504,0.0066,0.643
DIAMONDS KING DIAMONDS QUEEN,0.3466,0.007,0.6464
SPADES ACE SPADES FIVE,0.414,0.0048,0.5812
CLUBS JACK SPADES EIGHT,0.2722,0.2168,0.511
CLUBS NINE CLUBS SIX,0.6016,0.0144,0.384
SPADES QUEEN DIAMONDS JACK,0.281,0.0366,0.6824
SPADES JACK CLUBS THREE,0.5114,0.2718,0.2168
CLUBS TEN DIAMONDS EIGHT,0.5934,0.015,0.3916
DIAMONDS NINE DIAMONDS FIVE,0.6012,0.018,0.3808
SPADES SEVEN SPADES THREE,0.6854,0.0516,0.263
SPADES SEVEN SPADES FIVE,0.648,0.0578,0.2942
CLUBS JACK DIAMONDS QUEEN,0.2712,0.0394,0.6894
HEARTS TWO HEARTS EIGHT,0.6442,0.0158,0.34
CLUBS EIGHT HEARTS ACE,0.3798,0.0052,0.615
CLUBS SEVEN CLUBS THREE,0.6786,0.0558,0.2656
CLUBS JACK CLUBS SEVEN,0.077,0.8486,0.0744
CLUBS TEN HEARTS NINE,0.5912,0.0134,0.3954
CLUBS FIVE DIAMONDS FIVE,0.4566,0.0356,0.5078
DIAMONDS TEN DIAMONDS EIGHT,0.563,0.0118,0.4252
HEARTS SIX SPADES EIGHT,0.6186,0.0212,0.3602
SPADES TEN SPADES FIVE,0.6176,0.0176,0.3648
HEARTS NINE DIAMONDS FIVE,0.6484,0.0172,0.3344
SPADES TEN SPADES SIX,0.6026,0.0142,0.3832
HEARTS QUEEN HEARTS TEN,0.3156,0.0118,0.6726
DIAMONDS TWO HEARTS TWO,0.4764,0.0376,0.486
SPADES FIVE DIAMONDS SEVEN,0.6788,0.0536,0.2676
DIAMONDS QUEEN CLUBS QUEEN,0.2004,0.0144,0.7852
DIAMONDS NINE SPADES TWO,0.6564,0.016,0.3276
DIAMONDS NINE CLUBS ACE,0.4078,0.0034,0.5888
HEARTS FOUR CLUBS KING,0.4324,0.0088,0.5588
CLUBS SIX DIAMONDS KING,0.4472,0.0054,0.5474
CLUBS FOUR DIAMONDS SEVEN,0.712,0.0568,0.2312
HEARTS SIX HEARTS TEN,0.6376,0.0214,0.341
SPADES ACE CLUBS TWO,0.4484,0.0048,0.5468
CLUBS TEN SPADES THREE,0.6514,0.017,0.3316
SPADES ACE CLUBS FOUR,0.4458,0.0028,0.5514
HEARTS THREE SPADES SIX,0.6392,0.02,0.3408
DIAMONDS ACE SPADES THREE,0.4524,0.005,0.5426
HEARTS TEN DIAMONDS FIVE,0.6468,0.0162,0.337
CLUBS FOUR SPADES FIVE,0.6236,0.0182,0.3582
CLUBS JACK CLUBS TWO,0.4778,0.2698,0.2524
HEARTS KING DIAMONDS EIGHT,0.3908,0.009,0.6002
SPADES ACE CLUBS KING,0.3748,0.004,0.6212
HEARTS FOUR SPADES FOUR,0.4546,0.0424,0.503
SPADES FIVE CLUBS ACE,0.457,0.004,0.539
SPADES EIGHT CLUBS KING,0.4068,0.006,0.5872
SPADES FIVE DIAMONDS FIVE,0.446,0.0332,0.5208
DIAMONDS TEN DIAMONDS FIVE,0.6036,0.0146,0.3818
CLUBS JACK DIAMONDS TWO,0.521,0.2722,0.2068
DIAMONDS THREE SPADES TWO,0.6632,0.0184,0.3184
SPADES QUEEN DIAMONDS QUEEN,0.198,0.0102,0.7918
CLUBS TWO DIAMONDS EIGHT,0.663,0.0138,0.3232
CLUBS TWO SPADES TWO,0.4594,0.0442,0.4964
SPADES KING SPADES SEVEN,0.2736,0.0338,0.6926
SPADES SEVEN SPADES TWO,0.679,0.0584,0.2626
DIAMONDS SEVEN DIAMONDS FIVE,0.6478,0.0552,0.297
CLUBS SIX CLUBS TWO,0.6314,0.0172,0.3514
HEARTS FOUR DIAMONDS TEN,0.6404,0.0168,0.3428
SPADES NINE SPADES EIGHT,0.5474,0.0146,0.438
SPADES NINE CLUBS ACE,0.4122,0.0026,0.5852
CLUBS JACK SPADES SEVEN,0.0644,0.9186,0.017
HEARTS SIX DIAMONDS SIX,0.4412,0.0366,0.5222
DIAMONDS EIGHT CLUBS ACE,0.4038,0.0038,0.5924
CLUBS FOUR HEARTS QUEEN,0.4294,0.0122,0.5584
HEARTS KING CLUBS QUEEN,0.3544,0.006,0.6396
DIAMONDS THREE HEARTS EIGHT,0.661,0.018,0.321
SPADES JACK CLUBS KING,0.2944,0.026,0.6796
CLUBS NINE SPADES TEN,0.5862,0.015,0.3988
SPADES ACE DIAMONDS KING,0.391,0.0028,0.6062
SPADES JACK HEARTS NINE,0.2514,0.1626,0.586
DIAMONDS NINE HEARTS KING,0.3824,0.0076,0.61
DIAMONDS KING SPADES THREE,0.4468,0.006,0.5472
SPADES KING SPADES THREE,0.417,0.007,0.576
SPADES TWO HEARTS QUEEN,0.4426,0.0126,0.5448
SPADES SEVEN SPADES SIX,0.6502,0.0566,0.2932
DIAMONDS FIVE HEARTS EIGHT,0.6378,0.0164,0.3458
DIAMONDS THREE SPADES EIGHT,0.6536,0.0146,0.3318
SPADES EIGHT DIAMONDS FIVE,0.639,0.0176,0.3434
DIAMONDS QUEEN SPADES FOUR,0.4502,0.0118,0.538
CLUBS FOUR SPADES THREE,0.647,0.0184,0.3346
SPADES KING DIAMONDS FIVE,0.444,0.0056,0.5504
DIAMONDS ACE DIAMONDS QUEEN,0.3438,0.0054,0.6508
CLUBS SEVEN DIAMONDS FOUR,0.6978,0.0582,0.244
SPADES SIX CLUBS KING,0.4318,0.0048,0.5634
HEARTS FOUR SPADES THREE,0.6386,0.0188,0.3426
HEARTS FIVE DIAMONDS JACK,0.514,0.2792,0.2068
DIAMONDS ACE HEARTS TEN,0.3886,0.0032,0.6082
HEARTS KING HEARTS TEN,0.344,0.0076,0.6484
DIAMONDS THREE HEARTS ACE,0.4264,0.0044,0.5692
SPADES TEN CLUBS THREE,0.6636,0.0176,0.3188
SPADES SEVEN CLUBS KING,0.2846,0.04,0.6754
CLUBS NINE CLUBS ACE,0.3886,0.004,0.6074
HEARTS FOUR CLUBS SIX,0.6358,0.0204,0.3438
HEARTS FIVE DIAMONDS SIX,0.6196,0.0184,0.362
SPADES EIGHT CLUBS TWO,0.666,0.0172,0.3168
SPADES SEVEN CLUBS FOUR,0.7026,0.058,0.2394
SPADES ACE CLUBS ACE,0.195,0.0028,0.8022
HEARTS TWO SPADES TWO,0.462,0.0378,0.5002
HEARTS ACE HEARTS EIGHT,0.36,0.0064,0.6336
SPADES SIX DIAMONDS SEVEN,0.688,0.0522,0.2598
HEARTS FIVE DIAMONDS NINE,0.6448,0.0192,0.336
DIAMONDS KING DIAMONDS NINE,0.3824,0.007,0.6106
SPADES JACK SPADES TEN,0.267,0.1178,0.6152
SPADES QUEEN CLUBS TWO,0.4506,0.012,0.5374
DIAMONDS EIGHT CLUBS KING,0.4092,0.0064,0.5844
CLUBS KING CLUBS QUEEN,0.3538,0.007,0.6392
CLUBS FIVE HEARTS KING,0.4282,0.0056,0.5662
SPADES KING DIAMONDS NINE,0.4128,0.0046,0.5826
DIAMONDS QUEEN DIAMONDS FOUR,0.421,0.0106,0.5684
CLUBS SEVEN CLUBS TWO,0.687,0.0598,0.2532
SPADES KING CLUBS NINE,0.398,0.0064,0.5956
CLUBS EIGHT HEARTS EIGHT,0.331,0.0314,0.6376
SPADES FOUR CLUBS KING,0.4394,0.0062,0.5544
SPADES ACE DIAMONDS TWO,0.446,0.005,0.549
SPADES FIVE DIAMONDS TEN,0.662,0.0148,0.3232
CLUBS NINE SPADES FOUR,0.655,0.0162,0.3288
DIAMONDS SEVEN CLUBS ACE,0.298,0.0228,0.6792
CLUBS TEN DIAMONDS ACE,0.3992,0.0036,0.5972
SPADES QUEEN SPADES NINE,0.3672,0.0092,0.6236
CLUBS THREE HEARTS EIGHT,0.6428,0.016,0.3412
DIAMONDS JACK HEARTS KING,0.2666,0.03,0.7034
HEARTS SIX DIAMONDS QUEEN,0.4366,0.0098,0.5536
SPADES KING SPADES EIGHT,0.3898,0.0086,0.6016
CLUBS THREE SPADES FOUR,0.6398,0.0176,0.3426
CLUBS TWO CLUBS ACE,0.4292,0.0036,0.5672
HEARTS FOUR DIAMONDS EIGHT,0.6272,0.018,0.3548
SPADES ACE SPADES KING,0.354,0.0044,0.6416
HEARTS TWO DIAMONDS SIX,0.6718,0.02,0.3082
SPADES FOUR HEARTS ACE,0.4204,0.0038,0.5758
DIAMONDS KING CLUBS KING,0.1886,0.0062,0.8052
CLUBS FIVE HEARTS TEN,0.6452,0.0178,0.337
HEARTS QUEEN DIAMONDS FIVE,0.4396,0.0124,0.548
CLUBS THREE SPADES THREE,0.4616,0.0408,0.4976
HEARTS ACE HEARTS QUEEN,0.313,0.006,0.681
DIAMONDS QUEEN DIAMONDS SIX,0.4116,0.0108,0.5776
DIAMONDS ACE SPADES FIVE,0.4454,0.0044,0.5502
CLUBS JACK HEARTS FIVE,0.5018,0.2666,0.2316
HEARTS FOUR DIAMONDS SEVEN,0.6942,0.057,0.2488
SPADES KING HEARTS NINE,0.3902,0.0066,0.6032
HEARTS QUEEN DIAMONDS SIX,0.4334,0.011,0.5556
DIAMONDS QUEEN CLUBS KING,0.3654,0.005,0.6296
CLUBS FOUR DIAMONDS EIGHT,0.6464,0.0172,0.3364
CLUBS THREE DIAMONDS SEVEN,0.712,0.0554,0.2326
DIAMONDS EIGHT HEARTS NINE,0.564,0.015,0.421
HEARTS THREE DIAMONDS KING,0.4486,0.0078,0.5436
HEARTS FIVE CLUBS THREE,0.6512,0.0214,0.3274
SPADES ACE HEARTS TEN,0.39,0.0044,0.6056
CLUBS TEN HEARTS THREE,0.6606,0.0178,0.3216
SPADES QUEEN SPADES FOUR,0.4222,0.009,0.5688
HEARTS KING HEARTS NINE,0.3676,0.0076,0.6248
HEARTS THREE HEARTS ACE,0.3822,0.006,0.6118
HEARTS FIVE SPADES NINE,0.63,0.0188,0.3512
HEARTS FIVE SPADES EIGHT,0.6266,0.0164,0.357
DIAMONDS SIX HEARTS NINE,0.6282,0.0186,0.3532
HEARTS QUEEN HEARTS NINE,0.336,0.0098,0.6542
SPADES THREE DIAMONDS FIVE,0.64,0.0166,0.3434
SPADES NINE DIAMONDS TEN,0.5814,0.0164,0.4022
CLUBS EIGHT SPADES SEVEN,0.6806,0.049,0.2704
CLUBS TEN HEARTS KING,0.3758,0.0054,0.6188
CLUBS FIVE CLUBS KING,0.4158,0.0074,0.5768
SPADES QUEEN DIAMONDS SEVEN,0.2878,0.043,0.6692
CLUBS JACK CLUBS NINE,0.2564,0.1542,0.5894
CLUBS FOUR DIAMONDS JACK,0.5046,0.2854,0.21
DIAMONDS QUEEN CLUBS THREE,0.4458,0.0114,0.5428
SPADES QUEEN CLUBS EIGHT,0.3962,0.0102,0.5936
HEARTS NINE HEARTS EIGHT,0.5868,0.0164,0.3968
SPADES KING DIAMONDS SIX,0.4426,0.0058,0.5516
CLUBS SEVEN DIAMONDS EIGHT,0.6798,0.0544,0.2658
SPADES QUEEN SPADES SIX,0.4122,0.0116,0.5762
SPADES KING DIAMONDS ACE,0.3744,0.004,0.6216
SPADES ACE SPADES EIGHT,0.385,0.0032,0.6118
CLUBS TWO DIAMONDS SIX,0.6728,0.0164,0.3108
SPADES QUEEN SPADES JACK,0.2568,0.0426,0.7006
HEARTS SIX HEARTS ACE,0.3882,0.0038,0.608
DIAMONDS ACE DIAMONDS JACK,0.273,0.015,0.712
CLUBS SIX SPADES FIVE,0.6364,0.0172,0.3464
SPADES TEN DIAMONDS FOUR,0.6488,0.0142,0.337
HEARTS THREE CLUBS THREE,0.4622,0.0426,0.4952
DIAMONDS TWO CLUBS THREE,0.6638,0.0198,0.3164
CLUBS KING HEARTS EIGHT,0.3892,0.0076,0.6032
HEARTS SIX DIAMONDS JACK,0.5008,0.274,0.2252
HEARTS FIVE HEARTS THREE,0.6342,0.0196,0.3462
DIAMONDS TWO SPADES FIVE,0.6566,0.019,0.3244
SPADES KING HEARTS THREE,0.4312,0.0074,0.5614
CLUBS EIGHT DIAMONDS QUEEN,0.3978,0.0112,0.591
CLUBS SEVEN HEARTS QUEEN,0.2732,0.0434,0.6834
HEARTS SIX DIAMONDS FOUR,0.646,0.0218,0.3322
SPADES FOUR HEARTS QUEEN,0.4264,0.0102,0.5634
HEARTS FIVE DIAMONDS EIGHT,0.622,0.0166,0.3614
CLUBS NINE DIAMONDS FIVE,0.6414,0.0166,0.342
CLUBS FIVE DIAMONDS TEN,0.6628,0.0168,0.3204
HEARTS THREE SPADES SEVEN,0.7068,0.0628,0.2304
DIAMONDS THREE SPADES SIX,0.6654,0.0174,0.3172
HEARTS FOUR SPADES NINE,0.655,0.0162,0.3288
CLUBS JACK SPADES QUEEN,0.2618,0.041,0.6972
DIAMONDS THREE HEARTS FIVE,0.637,0.0178,0.3452
CLUBS FOUR HEARTS EIGHT,0.6216,0.0188,0.3596
SPADES TEN HEARTS KING,0.3708,0.0046,0.6246
SPADES ACE DIAMONDS SIX,0.442,0.0024,0.5556
DIAMONDS NINE HEARTS NINE,0.3166,0.0238,0.6596
CLUBS FOUR CLUBS THREE,0.6024,0.0186,0.379
SPADES QUEEN DIAMONDS NINE,0.387,0.0072,0.6058
SPADES SEVEN DIAMONDS TEN,0.7074,0.0544,0.2382
CLUBS TWO DIAMONDS SEVEN,0.7228,0.0608,0.2164
HEARTS QUEEN DIAMONDS SEVEN,0.284,0.04,0.676
SPADES NINE CLUBS TWO,0.657,0.0176,0.3254
SPADES THREE DIAMONDS EIGHT,0.661,0.0176,0.3214
SPADES NINE CLUBS KING,0.3908,0.0048,0.6044
HEARTS SIX DIAMONDS TWO,0.6712,0.0202,0.3086
HEARTS SIX DIAMONDS TEN,0.6436,0.0164,0.34
CLUBS SIX HEARTS TEN,0.642,0.0182,0.3398
DIAMONDS TWO DIAMONDS FOUR,0.6208,0.017,0.3622
SPADES KING CLUBS FOUR,0.4272,0.0074,0.5654
CLUBS FIVE CLUBS QUEEN,0.4134,0.0094,0.5772
CLUBS JACK HEARTS TEN,0.2636,0.112,0.6244
SPADES EIGHT SPADES FIVE,0.5984,0.0206,0.381
HEARTS SIX DIAMONDS SEVEN,0.7016,0.0588,0.2396
SPADES KING DIAMONDS EIGHT,0.4204,0.003,0.5766
CLUBS FOUR DIAMONDS SIX,0.6496,0.0142,0.3362
DIAMONDS JACK CLUBS QUEEN,0.2746,0.0398,0.6856
DIAMONDS TWO SPADES THREE,0.6706,0.017,0.3124
SPADES JACK DIAMONDS JACK,0.1574,0.0352,0.8074
SPADES KING CLUBS KING,0.193,0.007,0.8
SPADES SEVEN CLUBS ACE,0.2968,0.0232,0.68
CLUBS FOUR CLUBS TWO,0.608,0.021,0.371
DIAMONDS TEN CLUBS KING,0.3922,0.006,0.6018
DIAMONDS ACE HEARTS ACE,0.1774,0.0024,0.8202
HEARTS KING CLUBS KING,0.1808,0.0066,0.8126
HEARTS THREE HEARTS TEN,0.6382,0.0194,0.3424
CLUBS SIX SPADES EIGHT,0.6262,0.0156,0.3582
DIAMONDS ACE CLUBS FOUR,0.4512,0.0036,0.5452
HEARTS SIX HEARTS FIVE,0.6182,0.021,0.3608
SPADES FIVE SPADES FOUR,0.59,0.0152,0.3948
HEARTS THREE SPADES NINE,0.643,0.0188,0.3382
SPADES FIVE HEARTS EIGHT,0.6282,0.0182,0.3536
CLUBS NINE CLUBS FOUR,0.6078,0.0182,0.374
DIAMONDS EIGHT SPADES TWO,0.6578,0.0194,0.3228
SPADES ACE DIAMONDS QUEEN,0.3864,0.0056,0.608
DIAMONDS SIX CLUBS KING,0.4352,0.0042,0.5606
SPADES TEN DIAMONDS NINE,0.5866,0.014,0.3994
SPADES NINE DIAMONDS SEVEN,0.6956,0.0498,0.2546
CLUBS NINE HEARTS THREE,0.6538,0.0154,0.3308
DIAMONDS TWO DIAMONDS TEN,0.6132,0.015,0.3718
HEARTS SIX DIAMONDS THREE,0.6544,0.021,0.3246
CLUBS TEN CLUBS TWO,0.6108,0.0138,0.3754
SPADES JACK HEARTS TWO,0.4974,0.2876,0.215
DIAMONDS THREE HEARTS NINE,0.6356,0.0202,0.3442
CLUBS EIGHT CLUBS ACE,0.3666,0.0046,0.6288
HEARTS TEN DIAMONDS FOUR,0.6446,0.017,0.3384
CLUBS FIVE CLUBS THREE,0.6134,0.0172,0.3694
CLUBS TEN DIAMONDS SIX,0.645,0.0128,0.3422
HEARTS TWO SPADES EIGHT,0.6492,0.0178,0.333
DIAMONDS JACK CLUBS TWO,0.5172,0.2744,0.2084
DIAMONDS THREE CLUBS KING,0.4396,0.0076,0.5528
SPADES NINE HEARTS TEN,0.5834,0.0132,0.4034
SPADES FOUR SPADES THREE,0.5888,0.0222,0.389
DIAMONDS THREE DIAMONDS TEN,0.6174,0.0166,0.366
DIAMONDS JACK DIAMONDS SEVEN,0.0644,0.862,0.0736
SPADES SEVEN DIAMONDS SEVEN,0.3258,0.0378,0.6364
DIAMONDS THREE CLUBS SIX,0.6588,0.018,0.3232
CLUBS JACK DIAMONDS SEVEN,0.0668,0.9112,0.022
DIAMONDS SIX DIAMONDS FIVE,0.5994,0.018,0.3826
CLUBS JACK DIAMONDS THREE,0.5022,0.2786,0.2192
HEARTS FOUR DIAMONDS SIX,0.6392,0.019,0.3418
CLUBS JACK HEARTS FOUR,0.495,0.2824,0.2226
HEARTS TWO HEARTS ACE,0.3922,0.0064,0.6014
HEARTS THREE DIAMONDS EIGHT,0.6566,0.0178,0.3256
SPADES TEN HEARTS ACE,0.3736,0.0056,0.6208
SPADES FIVE CLUBS KING,0.4428,0.0066,0.5506
DIAMONDS THREE DIAMONDS FIVE,0.5914,0.0152,0.3934
SPADES FOUR HEARTS EIGHT,0.6492,0.0216,0.3292
HEARTS FIVE SPADES TWO,0.6476,0.0198,0.3326
DIAMONDS TWO CLUBS QUEEN,0.4388,0.0114,0.5498
CLUBS SIX DIAMONDS NINE,0.6382,0.0166,0.3452
DIAMONDS THREE DIAMONDS FOUR,0.599,0.0202,0.3808
SPADES SEVEN HEARTS QUEEN,0.2796,0.0382,0.6822
CLUBS FOUR HEARTS TEN,0.6398,0.0186,0.3416
DIAMONDS ACE CLUBS FIVE,0.4374,0.0038,0.5588
SPADES FOUR CLUBS ACE,0.4488,0.0034,0.5478
HEARTS QUEEN CLUBS KING,0.3622,0.0096,0.6282
HEARTS THREE CLUBS FOUR,0.6386,0.0212,0.3402
DIAMONDS JACK HEARTS NINE,0.2624,0.1604,0.5772
SPADES SEVEN CLUBS TWO,0.722,0.0568,0.2212
CLUBS TWO CLUBS QUEEN,0.4308,0.0094,0.5598
DIAMONDS QUEEN HEARTS ACE,0.3604,0.0064,0.6332
CLUBS JACK SPADES FOUR,0.4962,0.2892,0.2146
CLUBS JACK CLUBS QUEEN,0.2594,0.0408,0.6998
DIAMONDS KING DIAMONDS JACK,0.269,0.0296,0.7014
DIAMONDS ACE CLUBS THREE,0.4432,0.0032,0.5536
CLUBS EIGHT DIAMONDS SIX,0.6186,0.0182,0.3632
SPADES ACE SPADES NINE,0.387,0.0038,0.6092
SPADES TEN DIAMONDS JACK,0.2754,0.112,0.6126
HEARTS FOUR SPADES TWO,0.6586,0.0182,0.3232
SPADES KING HEARTS FOUR,0.4292,0.008,0.5628
CLUBS TEN CLUBS NINE,0.547,0.0168,0.4362
CLUBS FOUR SPADES SIX,0.6452,0.0196,0.3352
SPADES ACE DIAMONDS FOUR,0.4474,0.0042,0.5484
CLUBS TEN SPADES SEVEN,0.7094,0.0538,0.2368
SPADES JACK DIAMONDS KING,0.2932,0.0272,0.6796
SPADES JACK HEARTS EIGHT,0.2538,0.207,0.5392
SPADES SIX CLUBS QUEEN,0.4404,0.0102,0.5494
DIAMONDS ACE HEARTS NINE,0.3872,0.0042,0.6086
HEARTS TWO HEARTS NINE,0.6454,0.0172,0.3374
HEARTS TWO DIAMONDS EIGHT,0.6488,0.018,0.3332
CLUBS TWO CLUBS KING,0.4188,0.0092,0.572
HEARTS SIX CLUBS THREE,0.6616,0.0196,0.3188
DIAMONDS NINE DIAMONDS SIX,0.5918,0.0134,0.3948
DIAMONDS EIGHT HEARTS TEN,0.5866,0.0134,0.4
CLUBS EIGHT CLUBS FOUR,0.607,0.015,0.378
DIAMONDS KING SPADES TWO,0.4438,0.0086,0.5476
HEARTS KING DIAMONDS FOUR,0.434,0.0084,0.5576
CLUBS ACE DIAMONDS SIX,0.4384,0.0034,0.5582
CLUBS NINE HEARTS TEN,0.5812,0.0158,0.403
SPADES SIX HEARTS EIGHT,0.6168,0.0194,0.3638
SPADES SEVEN CLUBS QUEEN,0.2926,0.0444,0.663
CLUBS JACK SPADES JACK,0.146,0.0368,0.8172
DIAMONDS EIGHT CLUBS QUEEN,0.3974,0.0102,0.5924
CLUBS FIVE SPADES SEVEN,0.6808,0.057,0.2622
SPADES KING DIAMONDS KING,0.1912,0.0058,0.803
SPADES SIX SPADES TWO,0.6284,0.0178,0.3538
CLUBS EIGHT SPADES FIVE,0.635,0.0164,0.3486
CLUBS SIX SPADES THREE,0.649,0.0172,0.3338
CLUBS THREE DIAMONDS NINE,0.6596,0.0178,0.3226
CLUBS SIX CLUBS QUEEN,0.4192,0.0088,0.572
SPADES NINE DIAMONDS ACE,0.4094,0.0036,0.587
HEARTS FOUR SPADES SEVEN,0.6816,0.066,0.2524
SPADES FOUR DIAMONDS NINE,0.6624,0.017,0.3206
HEARTS FOUR CLUBS QUEEN,0.4314,0.0114,0.5572
HEARTS ACE DIAMONDS FOUR,0.4204,0.0046,0.575
CLUBS JACK CLUBS KING,0.2648,0.0316,0.7036
HEARTS SIX SPADES FOUR,0.6338,0.0164,0.3498
CLUBS SEVEN SPADES SEVEN,0.331,0.0386,0.6304
SPADES SIX HEARTS TEN,0.647,0.0118,0.3412
CLUBS QUEEN DIAMONDS FOUR,0.4414,0.0112,0.5474
CLUBS JACK DIAMONDS KING,0.2854,0.0284,0.6862
HEARTS TEN CLUBS QUEEN,0.3668,0.0094,0.6238
SPADES JACK SPADES FIVE,0.4736,0.267,0.2594
CLUBS FOUR DIAMONDS TEN,0.6514,0.0148,0.3338
HEARTS FIVE DIAMONDS ACE,0.4194,0.0062,0.5744
SPADES KING HEARTS KING,0.176,0.006,0.818
HEARTS FOUR HEARTS NINE,0.6526,0.0184,0.329
CLUBS NINE DIAMONDS JACK,0.2638,0.1532,0.583
SPADES QUEEN DIAMONDS SIX,0.4388,0.012,0.5492
CLUBS JACK HEARTS NINE,0.2588,0.1626,0.5786
SPADES FIVE HEARTS ACE,0.423,0.0044,0.5726
CLUBS EIGHT HEARTS QUEEN,0.3834,0.0114,0.6052
SPADES EIGHT HEARTS KING,0.3976,0.0078,0.5946
HEARTS EIGHT DIAMONDS FOUR,0.6306,0.0176,0.3518
SPADES THREE CLUBS QUEEN,0.4572,0.0118,0.531
SPADES SIX HEARTS NINE,0.637,0.0172,0.3458
DIAMONDS TEN DIAMONDS FOUR,0.6046,0.0172,0.3782
CLUBS SEVEN SPADES EIGHT,0.6912,0.0454,0.2634
CLUBS EIGHT CLUBS FIVE,0.5826,0.0136,0.4038
SPADES ACE HEARTS FOUR,0.4268,0.0048,0.5684
CLUBS JACK SPADES SIX,0.4942,0.2844,0.2214
DIAMONDS FIVE CLUBS QUEEN,0.4336,0.0122,0.5542
CLUBS SEVEN CLUBS FOUR,0.6488,0.057,0.2942
SPADES TEN HEARTS TWO,0.6464,0.0146,0.339
CLUBS TEN SPADES QUEEN,0.3746,0.0096,0.6158
DIAMONDS JACK HEARTS EIGHT,0.2614,0.2194,0.5192
HEARTS FIVE SPADES SEVEN,0.6878,0.0592,0.253
SPADES THREE HEARTS KING,0.445,0.008,0.547
HEARTS KING DIAMONDS FIVE,0.4218,0.0076,0.5706
DIAMONDS EIGHT HEARTS EIGHT,0.3272,0.0322,0.6406
SPADES KING CLUBS ACE,0.377,0.0036,0.6194
CLUBS TEN SPADES NINE,0.603,0.0126,0.3844
CLUBS FIVE SPADES FIVE,0.4504,0.0342,0.5154
CLUBS EIGHT HEARTS TEN,0.5874,0.017,0.3956
SPADES ACE SPADES JACK,0.272,0.016,0.712
DIAMONDS TWO DIAMONDS JACK,0.4696,0.2736,0.2568
SPADES SIX HEARTS ACE,0.4318,0.004,0.5642
CLUBS TEN DIAMONDS KING,0.3902,0.0044,0.6054
CLUBS EIGHT HEARTS KING,0.3946,0.0092,0.5962
HEARTS SIX CLUBS FOUR,0.6404,0.0216,0.338
SPADES QUEEN SPADES FIVE,0.4214,0.0094,0.5692
DIAMONDS QUEEN HEARTS KING,0.3472,0.0058,0.647
HEARTS ACE DIAMONDS SEVEN,0.2852,0.0234,0.6914
DIAMONDS THREE DIAMONDS EIGHT,0.6178,0.0202,0.362
SPADES TEN CLUBS QUEEN,0.3824,0.0076,0.61
CLUBS TWO DIAMONDS FOUR,0.6536,0.0196,0.3268
HEARTS SIX SPADES SIX,0.445,0.0362,0.5188
SPADES FIVE HEARTS TEN,0.658,0.0174,0.3246
SPADES TEN CLUBS SIX,0.6528,0.0158,0.3314
DIAMONDS TEN CLUBS ACE,0.4,0.0042,0.5958
CLUBS SEVEN HEARTS NINE,0.692,0.0576,0.2504
DIAMONDS JACK SPADES TWO,0.5102,0.277,0.2128
SPADES KING SPADES NINE,0.3714,0.0052,0.6234
SPADES SEVEN HEARTS NINE,0.6818,0.0532,0.265
HEARTS TEN CLUBS KING,0.3712,0.007,0.6218
SPADES TEN CLUBS FIVE,0.653,0.0178,0.3292
CLUBS SEVEN SPADES TWO,0.7198,0.0622,0.218
CLUBS JACK HEARTS ACE,0.2664,0.0202,0.7134
HEARTS THREE SPADES TWO,0.669,0.0226,0.3084
SPADES JACK CLUBS QUEEN,0.274,0.034,0.692
SPADES ACE HEARTS THREE,0.427,0.0052,0.5678
SPADES KING CLUBS TWO,0.4672,0.0068,0.526
CLUBS SEVEN CLUBS FIVE,0.6416,0.0544,0.304
CLUBS FOUR CLUBS KING,0.4212,0.0064,0.5724
HEARTS FOUR CLUBS FOUR,0.4646,0.039,0.4964
SPADES JACK DIAMONDS TEN,0.2726,0.1144,0.613
CLUBS TEN HEARTS FIVE,0.6482,0.016,0.3358
HEARTS TWO CLUBS ACE,0.4354,0.0052,0.5594
CLUBS THREE DIAMONDS TEN,0.6574,0.017,0.3256
CLUBS FOUR CLUBS QUEEN,0.4248,0.0088,0.5664
SPADES TEN DIAMONDS KING,0.395,0.0056,0.5994
CLUBS FIVE DIAMONDS NINE,0.6482,0.0152,0.3366
CLUBS JACK SPADES NINE,0.2848,0.156,0.5592
SPADES EIGHT HEARTS ACE,0.3918,0.0038,0.6044
HEARTS FOUR SPADES TEN,0.6424,0.017,0.3406
SPADES QUEEN DIAMONDS TEN,0.3666,0.0078,0.6256
SPADES NINE DIAMONDS SIX,0.6466,0.0194,0.334
DIAMONDS NINE DIAMONDS EIGHT,0.555,0.0136,0.4314
CLUBS NINE CLUBS EIGHT,0.5474,0.0152,0.4374
HEARTS TWO DIAMONDS KING,0.431,0.007,0.562
SPADES EIGHT HEARTS EIGHT,0.3344,0.0296,0.636
SPADES EIGHT SPADES SEVEN,0.6422,0.0496,0.3082
CLUBS TEN CLUBS FIVE,0.6066,0.016,0.3774
SPADES ACE CLUBS FIVE,0.448,0.0048,0.5472
SPADES QUEEN CLUBS SIX,0.4424,0.0074,0.5502
CLUBS EIGHT SPADES THREE,0.6684,0.0164,0.3152
DIAMONDS KING SPADES SEVEN,0.295,0.031,0.674
HEARTS SIX DIAMONDS EIGHT,0.6196,0.0202,0.3602
DIAMONDS THREE SPADES NINE,0.6608,0.0152,0.324
CLUBS JACK CLUBS EIGHT,0.2594,0.2044,0.5362
SPADES QUEEN CLUBS SEVEN,0.2936,0.0446,0.6618
HEARTS FOUR DIAMONDS QUEEN,0.435,0.0098,0.5552
CLUBS SIX HEARTS KING,0.4342,0.008,0.5578
CLUBS TWO DIAMONDS TEN,0.6572,0.016,0.3268
HEARTS TEN DIAMONDS SIX,0.642,0.0194,0.3386
SPADES KING CLUBS QUEEN,0.3654,0.0072,0.6274
CLUBS THREE DIAMONDS JACK,0.5112,0.2774,0.2114
CLUBS EIGHT CLUBS TWO,0.6252,0.0162,0.3586
DIAMONDS ACE SPADES FOUR,0.445,0.0048,0.5502
CLUBS JACK HEARTS EIGHT,0.258,0.2192,0.5228
HEARTS SIX SPADES FIVE,0.627,0.0172,0.3558
SPADES TEN SPADES NINE,0.5338,0.0196,0.4466
DIAMONDS SEVEN CLUBS KING,0.2916,0.0342,0.6742
