opposingHand,winningChance,drawChance,lostChance
HEARTS SEVEN SPADES SEVEN
HEARTS FIVE SPADES TEN,0.6618,0.0498,0.2884
SPADES JACK HEARTS FIVE,0.6634,0.0392,0.2974
SPADES FIVE CLUBS JACK,0.6574,0.036,0.3066
CLUBS TEN SPADES FIVE,0.6682,0.0486,0.2832
CLUBS EIGHT CLUBS JACK,0.51,0.0296,0.4604
CLUBS TEN CLUBS EIGHT,0.5032,0.0396,0.4572
CLUBS EIGHT CLUBS KING,0.5322,0.009,0.4588
SPADES FIVE CLUBS ACE,0.6376,0.0024,0.36
CLUBS EIGHT CLUBS QUEEN,0.5314,0.0192,0.4494
SPADES FIVE CLUBS KING,0.6632,0.013,0.3238
SPADES FIVE CLUBS QUEEN,0.6582,0.025,0.3168
CLUBS EIGHT CLUBS ACE,0.5204,0.004,0.4756
DIAMONDS TWO DIAMONDS THREE,0.7112,0.1104,0.1784
DIAMONDS TWO DIAMONDS FIVE,0.707,0.0992,0.1938
SPADES KING HEARTS FIVE,0.6658,0.0154,0.3188
DIAMONDS TWO DIAMONDS FOUR,0.7048,0.1172,0.178
SPADES QUEEN HEARTS FIVE,0.654,0.0252,0.3208
DIAMONDS TWO DIAMONDS SEVEN,0.7848,0.0948,0.1204
DIAMONDS TWO DIAMONDS SIX,0.725,0.1026,0.1724
SPADES ACE HEARTS FIVE,0.6468,0.0064,0.3468
DIAMONDS TWO DIAMONDS NINE,0.6378,0.0616,0.3006
DIAMONDS TWO DIAMONDS EIGHT,0.6222,0.087,0.2908
DIAMONDS THREE DIAMONDS FOUR,0.693,0.1204,0.1866
SPADES FOUR CLUBS TWO,0.74,0.119,0.141
DIAMONDS THREE DIAMONDS FIVE,0.692,0.1046,0.2034
SPADES FIVE CLUBS TWO,0.7328,0.1186,0.1486
CLUBS TWO SPADES TWO,0.6016,0.224,0.1744
CLUBS TWO SPADES THREE,0.7472,0.1154,0.1374
DIAMONDS THREE DIAMONDS EIGHT,0.6334,0.082,0.2846
SPADES EIGHT CLUBS TWO,0.672,0.084,0.244
DIAMONDS THREE DIAMONDS NINE,0.6418,0.0618,0.2964
SPADES NINE CLUBS TWO,0.676,0.0634,0.2606
DIAMONDS THREE DIAMONDS SIX,0.7156,0.1034,0.181
SPADES SIX CLUBS TWO,0.7714,0.1046,0.124
DIAMONDS THREE DIAMONDS SEVEN,0.7722,0.0942,0.1336
CLUBS SIX CLUBS TWO,0.7302,0.0972,0.1726
CLUBS SEVEN CLUBS TWO,0.7774,0.1088,0.1138
CLUBS FOUR CLUBS TWO,0.7068,0.109,0.1842
CLUBS FIVE CLUBS TWO,0.6874,0.1144,0.1982
CLUBS TEN CLUBS JACK,0.482,0.0206,0.4974
DIAMONDS FOUR DIAMONDS SIX,0.6996,0.1032,0.1972
CLUBS TEN CLUBS QUEEN,0.4916,0.015,0.4934
DIAMONDS FOUR DIAMONDS SEVEN,0.7606,0.0918,0.1476
CLUBS TEN CLUBS KING,0.5078,0.007,0.4852
CLUBS TEN CLUBS ACE,0.495,0.0038,0.5012
CLUBS EIGHT CLUBS TWO,0.6348,0.0834,0.2818
DIAMONDS FIVE DIAMONDS FOUR,0.6868,0.1014,0.2118
CLUBS NINE CLUBS TWO,0.6326,0.0672,0.3002
DIAMONDS NINE DIAMONDS FOUR,0.6294,0.0688,0.3018
DIAMONDS EIGHT DIAMONDS FOUR,0.621,0.0806,0.2984
CLUBS THREE CLUBS TWO,0.7036,0.1128,0.1836
DIAMONDS NINE DIAMONDS FIVE,0.6292,0.0624,0.3084
DIAMONDS TWO CLUBS JACK,0.6628,0.0348,0.3024
DIAMONDS EIGHT DIAMONDS FIVE,0.6242,0.079,0.2968
CLUBS TEN DIAMONDS TWO,0.668,0.0482,0.2838
DIAMONDS FIVE DIAMONDS SEVEN,0.7434,0.0924,0.1642
DIAMONDS FIVE DIAMONDS SIX,0.7084,0.099,0.1926
DIAMONDS TWO CLUBS ACE,0.6506,0.003,0.3464
DIAMONDS TWO CLUBS KING,0.6602,0.0118,0.328
DIAMONDS TWO CLUBS QUEEN,0.6614,0.0236,0.315
DIAMONDS EIGHT DIAMONDS SIX,0.6132,0.0762,0.3106
DIAMONDS NINE DIAMONDS SIX,0.628,0.0664,0.3056
HEARTS ACE SPADES THREE,0.6378,0.006,0.3562
SPADES THREE HEARTS KING,0.6632,0.0134,0.3234
DIAMONDS SEVEN DIAMONDS SIX,0.734,0.0984,0.1676
SPADES THREE HEARTS QUEEN,0.6658,0.0266,0.3076
SPADES THREE HEARTS JACK,0.6592,0.0366,0.3042
SPADES THREE HEARTS TEN,0.6636,0.0516,0.2848
DIAMONDS EIGHT DIAMONDS SEVEN,0.5952,0.0708,0.334
DIAMONDS NINE DIAMONDS SEVEN,0.6014,0.0598,0.3388
DIAMONDS NINE DIAMONDS EIGHT,0.497,0.0518,0.4512
DIAMONDS KING HEARTS TEN,0.539,0.007,0.454
HEARTS THREE HEARTS TEN,0.6396,0.0498,0.3106
SPADES JACK CLUBS SIX,0.6582,0.0374,0.3044
DIAMONDS KING HEARTS JACK,0.528,0.007,0.465
HEARTS THREE HEARTS JACK,0.6318,0.0344,0.3338
SPADES TEN CLUBS SIX,0.6542,0.0572,0.2886
SPADES JACK SPADES FIVE,0.63,0.0366,0.3334
SPADES TEN SPADES FIVE,0.6362,0.0488,0.315
DIAMONDS KING HEARTS ACE,0.529,0.0048,0.4662
HEARTS THREE HEARTS ACE,0.6144,0.0058,0.3798
SPADES ACE CLUBS SIX,0.646,0.0046,0.3494
DIAMONDS KING HEARTS QUEEN,0.5344,0.0058,0.4598
HEARTS THREE HEARTS QUEEN,0.6306,0.025,0.3444
SPADES KING CLUBS SIX,0.6538,0.013,0.3332
DIAMONDS KING HEARTS KING,0.1982,0.0334,0.7684
HEARTS THREE HEARTS KING,0.6254,0.0146,0.36
SPADES QUEEN CLUBS SIX,0.6404,0.0232,0.3364
SPADES NINE HEARTS TEN,0.516,0.0386,0.4454
SPADES NINE HEARTS JACK,0.515,0.0306,0.4544
SPADES QUEEN SPADES FIVE,0.6178,0.029,0.3532
SPADES KING SPADES FIVE,0.6284,0.0132,0.3584
SPADES ACE SPADES FIVE,0.6212,0.0068,0.372
SPADES NINE HEARTS QUEEN,0.5194,0.0202,0.4604
SPADES NINE HEARTS KING,0.536,0.0142,0.4498
SPADES NINE HEARTS ACE,0.557,0.0038,0.4392
CLUBS TEN SPADES JACK,0.5102,0.025,0.4648
CLUBS TEN SPADES TEN,0.1838,0.1326,0.6836
SPADES ACE CLUBS TEN,0.5286,0.0034,0.468
SPADES KING CLUBS TEN,0.5254,0.0074,0.4672
CLUBS TEN SPADES QUEEN,0.51,0.0156,0.4744
SPADES FIVE HEARTS QUEEN,0.6566,0.026,0.3174
SPADES FIVE HEARTS KING,0.6464,0.0144,0.3392
SPADES FIVE HEARTS ACE,0.6408,0.0066,0.3526
CLUBS EIGHT SPADES TEN,0.5262,0.0458,0.428
HEARTS THREE SPADES JACK,0.66,0.0386,0.3014
SPADES JACK DIAMONDS KING,0.522,0.0066,0.4714
SPADES TEN DIAMONDS KING,0.533,0.0082,0.4588
HEARTS THREE SPADES TEN,0.6684,0.0532,0.2784
SPADES JACK CLUBS EIGHT,0.549,0.0336,0.4174
CLUBS SIX HEARTS ACE,0.643,0.003,0.354
SPADES ACE CLUBS EIGHT,0.556,0.0034,0.4406
HEARTS FIVE CLUBS JACK,0.6656,0.0366,0.2978
CLUBS TEN HEARTS FIVE,0.6762,0.0494,0.2744
CLUBS SIX HEARTS QUEEN,0.6544,0.0242,0.3214
SPADES QUEEN CLUBS EIGHT,0.5486,0.0222,0.4292
CLUBS TEN SPADES THREE,0.6604,0.0544,0.2852
CLUBS SIX HEARTS KING,0.658,0.0116,0.3304
SPADES KING CLUBS EIGHT,0.57,0.0102,0.4198
SPADES THREE CLUBS JACK,0.6586,0.0416,0.2998
DIAMONDS TWO HEARTS JACK,0.6634,0.0394,0.2972
SPADES THREE CLUBS QUEEN,0.653,0.0268,0.3202
DIAMONDS TWO HEARTS TEN,0.6644,0.0534,0.2822
SPADES THREE CLUBS KING,0.6562,0.017,0.3268
HEARTS FIVE CLUBS ACE,0.6372,0.0032,0.3596
SPADES FIVE HEARTS TEN,0.656,0.0514,0.2926
SPADES THREE CLUBS ACE,0.6374,0.004,0.3586
HEARTS FIVE CLUBS KING,0.6518,0.0138,0.3344
SPADES FIVE HEARTS JACK,0.6584,0.0404,0.3012
HEARTS FIVE CLUBS QUEEN,0.664,0.0272,0.3088
HEARTS THREE CLUBS KING,0.6588,0.0148,0.3264
DIAMONDS KING CLUBS KING,0.1944,0.033,0.7726
HEARTS THREE CLUBS QUEEN,0.6668,0.0242,0.309
DIAMONDS KING CLUBS QUEEN,0.5262,0.0044,0.4694
HEARTS FIVE HEARTS JACK,0.637,0.0382,0.3248
HEARTS FIVE HEARTS TEN,0.6282,0.0446,0.3272
HEARTS THREE CLUBS ACE,0.6554,0.0034,0.3412
DIAMONDS KING CLUBS ACE,0.5396,0.0022,0.4582
SPADES ACE CLUBS QUEEN,0.5164,0.002,0.4816
SPADES KING CLUBS QUEEN,0.5168,0.0056,0.4776
HEARTS THREE CLUBS JACK,0.676,0.0378,0.2862
DIAMONDS KING CLUBS JACK,0.5322,0.006,0.4618
SPADES QUEEN CLUBS QUEEN,0.1884,0.0558,0.7558
CLUBS TEN HEARTS THREE,0.6664,0.0502,0.2834
CLUBS TEN DIAMONDS KING,0.5228,0.0058,0.4714
SPADES JACK CLUBS QUEEN,0.5084,0.0142,0.4774
CLUBS SIX CLUBS QUEEN,0.6212,0.0258,0.353
SPADES TEN CLUBS QUEEN,0.5158,0.016,0.4682
CLUBS SIX CLUBS KING,0.6264,0.011,0.3626
CLUBS SIX CLUBS ACE,0.6074,0.0042,0.3884
HEARTS FIVE HEARTS KING,0.62,0.011,0.369
HEARTS FIVE HEARTS QUEEN,0.6208,0.0268,0.3524
CLUBS TEN CLUBS SIX,0.618,0.0542,0.3278
HEARTS FIVE HEARTS ACE,0.6018,0.0046,0.3936
CLUBS SIX CLUBS JACK,0.635,0.0326,0.3324
DIAMONDS TWO CLUBS TWO,0.604,0.2112,0.1848
DIAMONDS TWO CLUBS THREE,0.7412,0.1194,0.1394
HEARTS SIX DIAMONDS TWO,0.7674,0.1034,0.1292
DIAMONDS TWO HEARTS QUEEN,0.6638,0.0264,0.3098
DIAMONDS TWO HEARTS KING,0.659,0.0138,0.3272
DIAMONDS TWO HEARTS EIGHT,0.6606,0.0806,0.2588
DIAMONDS TWO HEARTS ACE,0.6368,0.0044,0.3588
DIAMONDS TWO HEARTS NINE,0.6716,0.0682,0.2602
DIAMONDS TWO DIAMONDS QUEEN,0.6408,0.0224,0.3368
DIAMONDS TWO HEARTS TWO,0.5996,0.2148,0.1856
DIAMONDS TWO DIAMONDS KING,0.6224,0.0124,0.3652
HEARTS THREE DIAMONDS TWO,0.7566,0.1202,0.1232
DIAMONDS TWO DIAMONDS ACE,0.6172,0.0036,0.3792
HEARTS FOUR DIAMONDS TWO,0.7412,0.123,0.1358
DIAMONDS TWO HEARTS FIVE,0.7352,0.114,0.1508
DIAMONDS TWO DIAMONDS TEN,0.6254,0.0536,0.321
DIAMONDS TWO DIAMONDS JACK,0.6206,0.0382,0.3412
DIAMONDS TWO SPADES NINE,0.6664,0.0646,0.269
DIAMONDS TWO SPADES EIGHT,0.6684,0.0858,0.2458
DIAMONDS TWO SPADES SIX,0.7546,0.1098,0.1356
DIAMONDS TWO SPADES FIVE,0.74,0.1128,0.1472
DIAMONDS TWO SPADES FOUR,0.742,0.1184,0.1396
DIAMONDS TWO SPADES THREE,0.7432,0.1218,0.135
DIAMONDS TWO SPADES TWO,0.6022,0.218,0.1798
CLUBS NINE DIAMONDS TWO,0.6606,0.0678,0.2716
DIAMONDS TWO CLUBS EIGHT,0.679,0.0794,0.2416
CLUBS SEVEN DIAMONDS TWO,0.8196,0.1142,0.0662
DIAMONDS TWO CLUBS SIX,0.764,0.1016,0.1344
DIAMONDS TWO CLUBS FIVE,0.7346,0.1134,0.152
DIAMONDS TWO CLUBS FOUR,0.7506,0.1104,0.139
CLUBS FOUR SPADES FIVE,0.7288,0.1032,0.168
CLUBS FOUR SPADES FOUR,0.6086,0.208,0.1834
CLUBS FOUR SPADES THREE,0.7318,0.1184,0.1498
CLUBS FOUR SPADES TWO,0.7474,0.111,0.1416
SPADES NINE CLUBS FOUR,0.6672,0.0646,0.2682
SPADES EIGHT CLUBS FOUR,0.6466,0.084,0.2694
SPADES SIX CLUBS FOUR,0.7492,0.1066,0.1442
SPADES ACE DIAMONDS SIX,0.643,0.0034,0.3536
SPADES QUEEN DIAMONDS SIX,0.6468,0.0208,0.3324
SPADES KING DIAMONDS SIX,0.658,0.0108,0.3312
SPADES TEN DIAMONDS SIX,0.6514,0.0536,0.295
SPADES JACK DIAMONDS SIX,0.6678,0.0348,0.2974
SPADES QUEEN SPADES TWO,0.6254,0.0266,0.348
SPADES KING SPADES TWO,0.6286,0.0138,0.3576
SPADES ACE SPADES TWO,0.6162,0.006,0.3778
DIAMONDS JACK CLUBS JACK,0.1948,0.0952,0.71
CLUBS TEN DIAMONDS JACK,0.5098,0.0212,0.469
DIAMONDS JACK CLUBS KING,0.516,0.0076,0.4764
DIAMONDS JACK CLUBS QUEEN,0.5138,0.0122,0.474
DIAMONDS THREE DIAMONDS JACK,0.6338,0.0352,0.331
DIAMONDS THREE DIAMONDS TEN,0.628,0.05,0.322
DIAMONDS JACK CLUBS ACE,0.5424,0.003,0.4546
DIAMONDS THREE DIAMONDS KING,0.6316,0.015,0.3534
HEARTS THREE DIAMONDS THREE,0.6104,0.2042,0.1854
DIAMONDS THREE DIAMONDS QUEEN,0.6102,0.0254,0.3644
DIAMONDS THREE HEARTS TWO,0.7542,0.1146,0.1312
HEARTS FIVE DIAMONDS THREE,0.7334,0.1134,0.1532
DIAMONDS THREE DIAMONDS ACE,0.6112,0.004,0.3848
HEARTS FOUR DIAMONDS THREE,0.741,0.112,0.147
SPADES TEN SPADES NINE,0.4988,0.0402,0.461
HEARTS SIX DIAMONDS THREE,0.7478,0.1068,0.1454
SPADES JACK SPADES NINE,0.5032,0.0268,0.47
DIAMONDS THREE HEARTS NINE,0.665,0.069,0.266
HEARTS JACK DIAMONDS FOUR,0.6594,0.0418,0.2988
HEARTS ACE HEARTS KING,0.5044,0.0046,0.491
SPADES TEN SPADES TWO,0.6278,0.0514,0.3208
DIAMONDS THREE HEARTS EIGHT,0.6722,0.0796,0.2482
HEARTS TEN DIAMONDS FOUR,0.6612,0.0562,0.2826
SPADES JACK SPADES TWO,0.643,0.0364,0.3206
HEARTS QUEEN DIAMONDS FOUR,0.6408,0.0246,0.3346
HEARTS KING DIAMONDS FOUR,0.6408,0.0144,0.3448
SPADES ACE SPADES NINE,0.5146,0.0046,0.4808
HEARTS ACE DIAMONDS FOUR,0.6398,0.0036,0.3566
SPADES KING SPADES NINE,0.5178,0.008,0.4742
SPADES QUEEN SPADES NINE,0.5106,0.0192,0.4702
DIAMONDS THREE SPADES NINE,0.668,0.0646,0.2674
DIAMONDS THREE SPADES EIGHT,0.6778,0.0836,0.2386
DIAMONDS THREE SPADES SIX,0.7542,0.1044,0.1414
DIAMONDS THREE CLUBS SIX,0.7502,0.096,0.1538
CLUBS FIVE CLUBS SIX,0.6982,0.1058,0.196
CLUBS ACE DIAMONDS FOUR,0.6348,0.0036,0.3616
CLUBS SEVEN DIAMONDS THREE,0.823,0.0986,0.0784
CLUBS SEVEN CLUBS FIVE,0.7436,0.096,0.1604
DIAMONDS THREE CLUBS FOUR,0.7336,0.1092,0.1572
DIAMONDS FOUR CLUBS QUEEN,0.6526,0.0236,0.3238
DIAMONDS THREE CLUBS FIVE,0.7202,0.1092,0.1706
CLUBS KING DIAMONDS FOUR,0.6582,0.0132,0.3286
DIAMONDS THREE CLUBS TWO,0.7346,0.1182,0.1472
CLUBS TEN DIAMONDS FOUR,0.6502,0.0508,0.299
DIAMONDS THREE CLUBS THREE,0.6002,0.2124,0.1874
DIAMONDS FOUR CLUBS JACK,0.6512,0.0376,0.3112
DIAMONDS THREE SPADES FOUR,0.7294,0.1186,0.152
DIAMONDS THREE SPADES FIVE,0.735,0.1096,0.1554
DIAMONDS THREE SPADES TWO,0.7506,0.1184,0.131
DIAMONDS THREE SPADES THREE,0.6026,0.206,0.1914
CLUBS EIGHT DIAMONDS THREE,0.668,0.0826,0.2494
CLUBS NINE DIAMONDS THREE,0.6686,0.0656,0.2658
CLUBS FIVE SPADES SIX,0.752,0.1014,0.1466
CLUBS FIVE SPADES NINE,0.6534,0.072,0.2746
CLUBS FIVE SPADES EIGHT,0.6524,0.08,0.2676
CLUBS FIVE SPADES THREE,0.7396,0.1034,0.157
CLUBS FIVE SPADES TWO,0.737,0.1094,0.1536
CLUBS FIVE SPADES FIVE,0.6126,0.2074,0.18
CLUBS FIVE SPADES FOUR,0.7412,0.108,0.1508
CLUBS NINE CLUBS FIVE,0.621,0.0636,0.3154
CLUBS EIGHT CLUBS FIVE,0.6188,0.0848,0.2964
CLUBS ACE CLUBS QUEEN,0.5066,0.004,0.4894
CLUBS KING CLUBS QUEEN,0.4912,0.006,0.5028
DIAMONDS TEN DIAMONDS FOUR,0.6216,0.0494,0.329
CLUBS TEN DIAMONDS NINE,0.5202,0.041,0.4388
DIAMONDS JACK DIAMONDS FOUR,0.613,0.0352,0.3518
DIAMONDS NINE CLUBS JACK,0.5494,0.0238,0.4268
SPADES NINE CLUBS JACK,0.5378,0.025,0.4372
CLUBS TEN SPADES NINE,0.5226,0.0342,0.4432
DIAMONDS ACE DIAMONDS FOUR,0.5874,0.0046,0.408
HEARTS FOUR DIAMONDS FOUR,0.6114,0.2152,0.1734
DIAMONDS JACK HEARTS TEN,0.5112,0.024,0.4648
SPADES NINE CLUBS KING,0.5376,0.0106,0.4518
DIAMONDS TWO SPADES TEN,0.669,0.0512,0.2798
DIAMONDS NINE CLUBS ACE,0.5474,0.0026,0.45
HEARTS FIVE DIAMONDS FOUR,0.7298,0.1102,0.16
DIAMONDS JACK HEARTS JACK,0.1886,0.0966,0.7148
SPADES NINE CLUBS QUEEN,0.519,0.019,0.462
DIAMONDS TWO SPADES JACK,0.6612,0.0386,0.3002
DIAMONDS QUEEN DIAMONDS FOUR,0.6328,0.024,0.3432
HEARTS TWO DIAMONDS FOUR,0.7492,0.1138,0.137
DIAMONDS NINE CLUBS QUEEN,0.5248,0.0178,0.4574
DIAMONDS KING DIAMONDS FOUR,0.6102,0.0144,0.3754
HEARTS THREE DIAMONDS FOUR,0.7382,0.1102,0.1516
SPADES NINE CLUBS ACE,0.5588,0.004,0.4372
DIAMONDS NINE CLUBS KING,0.5358,0.0088,0.4554
HEARTS ACE DIAMONDS JACK,0.54,0.0034,0.4566
SPADES ACE DIAMONDS TWO,0.6374,0.0052,0.3574
HEARTS QUEEN DIAMONDS JACK,0.5234,0.0146,0.462
SPADES QUEEN DIAMONDS TWO,0.6708,0.0274,0.3018
DIAMONDS JACK HEARTS KING,0.5256,0.007,0.4674
SPADES KING DIAMONDS TWO,0.6622,0.0146,0.3232
CLUBS SEVEN CLUBS THREE,0.775,0.089,0.136
CLUBS SIX CLUBS THREE,0.7176,0.0984,0.184
CLUBS FIVE CLUBS THREE,0.695,0.1044,0.2006
CLUBS THREE CLUBS FOUR,0.6978,0.1106,0.1916
CLUBS NINE CLUBS THREE,0.6266,0.0624,0.311
CLUBS EIGHT CLUBS THREE,0.6298,0.0864,0.2838
CLUBS THREE SPADES FIVE,0.7442,0.1088,0.147
CLUBS THREE SPADES FOUR,0.7324,0.12,0.1476
CLUBS THREE SPADES THREE,0.6176,0.2052,0.1772
CLUBS THREE SPADES TWO,0.7526,0.1192,0.1282
CLUBS THREE SPADES SIX,0.7412,0.1162,0.1426
SPADES EIGHT CLUBS THREE,0.6508,0.0906,0.2586
SPADES NINE CLUBS THREE,0.6416,0.0686,0.2898
SPADES TWO DIAMONDS FOUR,0.7504,0.114,0.1356
SPADES THREE DIAMONDS FOUR,0.7334,0.112,0.1546
SPADES FOUR DIAMONDS FOUR,0.5918,0.225,0.1832
SPADES FIVE DIAMONDS FOUR,0.7374,0.1056,0.157
SPADES SIX DIAMONDS FOUR,0.7454,0.1094,0.1452
SPADES EIGHT DIAMONDS FOUR,0.6566,0.0826,0.2608
SPADES NINE DIAMONDS FOUR,0.6738,0.0696,0.2566
CLUBS FIVE DIAMONDS FOUR,0.7292,0.1034,0.1674
CLUBS FOUR DIAMONDS FOUR,0.5918,0.2148,0.1934
CLUBS SEVEN DIAMONDS FOUR,0.7952,0.1022,0.1026
CLUBS SIX DIAMONDS FOUR,0.7462,0.1004,0.1534
CLUBS NINE DIAMONDS FOUR,0.666,0.0658,0.2682
CLUBS EIGHT DIAMONDS FOUR,0.653,0.0846,0.2624
HEARTS SIX DIAMONDS FOUR,0.7496,0.1022,0.1482
DIAMONDS FOUR HEARTS NINE,0.6702,0.0716,0.2582
DIAMONDS FOUR HEARTS EIGHT,0.6624,0.0836,0.254
CLUBS THREE DIAMONDS FOUR,0.7424,0.1152,0.1424
CLUBS TWO DIAMONDS FOUR,0.7434,0.1074,0.1492
DIAMONDS TEN DIAMONDS FIVE,0.6244,0.0518,0.3238
DIAMONDS JACK DIAMONDS FIVE,0.6184,0.0342,0.3474
DIAMONDS NINE HEARTS QUEEN,0.5366,0.0196,0.4438
DIAMONDS NINE HEARTS KING,0.544,0.0082,0.4478
HEARTS ACE DIAMONDS NINE,0.54,0.0022,0.4578
DIAMONDS NINE HEARTS TEN,0.5068,0.0404,0.4528
DIAMONDS NINE HEARTS JACK,0.5288,0.0264,0.4448
CLUBS KING DIAMONDS SIX,0.663,0.0134,0.3236
CLUBS QUEEN DIAMONDS SIX,0.6606,0.0252,0.3142
CLUBS ACE DIAMONDS SIX,0.6454,0.0034,0.3512
SPADES KING DIAMONDS FOUR,0.6604,0.0118,0.3278
SPADES QUEEN DIAMONDS FOUR,0.6468,0.0254,0.3278
CLUBS JACK DIAMONDS SIX,0.6652,0.039,0.2958
SPADES ACE DIAMONDS FOUR,0.6394,0.0042,0.3564
CLUBS TEN DIAMONDS SIX,0.6602,0.0458,0.294
CLUBS NINE CLUBS FOUR,0.6372,0.0648,0.298
CLUBS EIGHT CLUBS FOUR,0.636,0.0832,0.2808
SPADES JACK DIAMONDS FOUR,0.6598,0.0398,0.3004
SPADES TEN DIAMONDS FOUR,0.656,0.0526,0.2914
CLUBS FIVE CLUBS FOUR,0.6756,0.1136,0.2108
CLUBS SEVEN CLUBS FOUR,0.755,0.096,0.149
CLUBS SIX CLUBS FOUR,0.7092,0.0954,0.1954
CLUBS SEVEN SPADES EIGHT,0.625,0.0662,0.3088
CLUBS SEVEN SPADES NINE,0.6272,0.0628,0.31
CLUBS SEVEN SPADES SIX,0.7742,0.0984,0.1274
CLUBS SEVEN SPADES FIVE,0.7918,0.0954,0.1128
CLUBS SEVEN SPADES FOUR,0.8164,0.0976,0.086
CLUBS SEVEN SPADES THREE,0.8114,0.1072,0.0814
CLUBS SEVEN SPADES TWO,0.8416,0.1024,0.056
CLUBS NINE CLUBS SEVEN,0.5952,0.0536,0.3512
CLUBS SEVEN CLUBS EIGHT,0.5858,0.0672,0.347
HEARTS SIX DIAMONDS FIVE,0.7418,0.1038,0.1544
DIAMONDS FIVE HEARTS EIGHT,0.649,0.0788,0.2722
DIAMONDS FIVE HEARTS NINE,0.6558,0.0652,0.279
DIAMONDS QUEEN DIAMONDS FIVE,0.619,0.025,0.356
HEARTS TWO DIAMONDS FIVE,0.757,0.1052,0.1378
HEARTS KING HEARTS EIGHT,0.5422,0.0136,0.4442
DIAMONDS KING DIAMONDS FIVE,0.621,0.0142,0.3648
HEARTS THREE DIAMONDS FIVE,0.7348,0.122,0.1432
HEARTS QUEEN HEARTS EIGHT,0.5092,0.021,0.4698
DIAMONDS ACE DIAMONDS FIVE,0.6022,0.0038,0.394
HEARTS FOUR DIAMONDS FIVE,0.732,0.1066,0.1614
HEARTS FIVE DIAMONDS FIVE,0.6062,0.214,0.1798
HEARTS ACE HEARTS EIGHT,0.525,0.0054,0.4696
CLUBS FOUR DIAMONDS FIVE,0.712,0.116,0.172
CLUBS FIVE DIAMONDS FIVE,0.5958,0.2058,0.1984
CLUBS SIX DIAMONDS FIVE,0.74,0.0996,0.1604
CLUBS SEVEN DIAMONDS FIVE,0.7842,0.0976,0.1182
CLUBS TWO DIAMONDS FIVE,0.7294,0.1146,0.156
CLUBS THREE DIAMONDS FIVE,0.7292,0.1058,0.165
SPADES THREE DIAMONDS FIVE,0.7394,0.111,0.1496
SPADES TWO DIAMONDS FIVE,0.7392,0.1154,0.1454
SPADES JACK DIAMONDS EIGHT,0.5464,0.0328,0.4208
SPADES FIVE DIAMONDS FIVE,0.6188,0.2034,0.1778
CLUBS TEN HEARTS JACK,0.5124,0.0252,0.4624
SPADES TEN DIAMONDS EIGHT,0.539,0.0434,0.4176
SPADES FOUR DIAMONDS FIVE,0.7214,0.1146,0.164
HEARTS JACK CLUBS JACK,0.1912,0.0908,0.718
HEARTS JACK CLUBS QUEEN,0.5122,0.0126,0.4752
CLUBS NINE DIAMONDS FIVE,0.6656,0.0644,0.27
CLUBS KING HEARTS JACK,0.5188,0.0092,0.472
CLUBS EIGHT DIAMONDS FIVE,0.652,0.0832,0.2648
CLUBS ACE HEARTS JACK,0.5304,0.002,0.4676
SPADES KING DIAMONDS EIGHT,0.5584,0.011,0.4306
SPADES SIX DIAMONDS FIVE,0.7456,0.0962,0.1582
SPADES QUEEN DIAMONDS EIGHT,0.5496,0.0212,0.4292
SPADES NINE DIAMONDS FIVE,0.6498,0.0662,0.284
SPADES EIGHT DIAMONDS FIVE,0.6562,0.0806,0.2632
SPADES ACE DIAMONDS EIGHT,0.541,0.0036,0.4554
DIAMONDS TEN DIAMONDS SIX,0.626,0.0432,0.3308
HEARTS ACE DIAMONDS SEVEN,0.661,0.0242,0.3148
DIAMONDS JACK DIAMONDS SIX,0.628,0.0358,0.3362
HEARTS QUEEN DIAMONDS SEVEN,0.6674,0.0334,0.2992
HEARTS KING DIAMONDS SEVEN,0.6638,0.0352,0.301
DIAMONDS ACE DIAMONDS SIX,0.6248,0.0014,0.3738
HEARTS FOUR DIAMONDS SIX,0.7502,0.105,0.1448
SPADES TWO HEARTS JACK,0.651,0.0404,0.3086
HEARTS FIVE DIAMONDS SIX,0.7516,0.1038,0.1446
SPADES TWO HEARTS TEN,0.6696,0.0546,0.2758
DIAMONDS QUEEN DIAMONDS SIX,0.6278,0.0218,0.3504
HEARTS TWO DIAMONDS SIX,0.7688,0.1018,0.1294
DIAMONDS KING DIAMONDS SIX,0.6266,0.0114,0.362
HEARTS THREE DIAMONDS SIX,0.7584,0.1088,0.1328
HEARTS EIGHT DIAMONDS SIX,0.6496,0.0826,0.2678
HEARTS NINE DIAMONDS SIX,0.6528,0.0644,0.2828
HEARTS SIX DIAMONDS SIX,0.615,0.2124,0.1726
HEARTS TEN DIAMONDS SEVEN,0.6358,0.0516,0.3126
CLUBS TWO DIAMONDS SIX,0.7654,0.0944,0.1402
HEARTS JACK DIAMONDS SEVEN,0.6556,0.0388,0.3056
CLUBS THREE DIAMONDS SIX,0.7518,0.1028,0.1454
CLUBS SEVEN DIAMONDS SIX,0.7756,0.0872,0.1372
DIAMONDS EIGHT CLUBS JACK,0.5626,0.0318,0.4056
CLUBS SIX DIAMONDS SIX,0.5984,0.2234,0.1782
CLUBS TEN DIAMONDS EIGHT,0.5374,0.0446,0.418
CLUBS FIVE DIAMONDS SIX,0.7464,0.102,0.1516
CLUBS FOUR DIAMONDS SIX,0.749,0.1076,0.1434
HEARTS ACE HEARTS JACK,0.5162,0.0038,0.48
DIAMONDS EIGHT CLUBS ACE,0.5456,0.0034,0.451
HEARTS QUEEN HEARTS JACK,0.4982,0.0142,0.4876
DIAMONDS EIGHT CLUBS KING,0.5556,0.0102,0.4342
CLUBS NINE DIAMONDS SIX,0.6484,0.0658,0.2858
HEARTS KING HEARTS JACK,0.4946,0.008,0.4974
DIAMONDS EIGHT CLUBS QUEEN,0.549,0.0222,0.4288
CLUBS EIGHT DIAMONDS SIX,0.6516,0.0802,0.2682
SPADES TEN HEARTS KING,0.5104,0.0088,0.4808
SPADES FIVE DIAMONDS SIX,0.7318,0.1066,0.1616
HEARTS ACE SPADES TWO,0.64,0.0038,0.3562
SPADES JACK HEARTS KING,0.5276,0.0092,0.4632
SPADES FOUR DIAMONDS SIX,0.7368,0.1128,0.1504
SPADES THREE DIAMONDS SIX,0.7742,0.0978,0.128
HEARTS QUEEN SPADES TWO,0.661,0.0244,0.3146
SPADES ACE SPADES KING,0.4946,0.0048,0.5006
SPADES TWO HEARTS KING,0.6682,0.015,0.3168
SPADES TWO DIAMONDS SIX,0.7514,0.1126,0.136
HEARTS TEN HEARTS EIGHT,0.5038,0.0468,0.4494
SPADES NINE DIAMONDS SIX,0.6482,0.0656,0.2862
HEARTS JACK HEARTS EIGHT,0.5172,0.03,0.4528
SPADES EIGHT DIAMONDS SIX,0.648,0.0796,0.2724
SPADES SIX DIAMONDS SIX,0.6148,0.1972,0.188
SPADES KING HEARTS KING,0.1808,0.0388,0.7804
SPADES QUEEN HEARTS KING,0.5226,0.007,0.4704
CLUBS ACE CLUBS KING,0.5092,0.0038,0.487
SPADES ACE HEARTS KING,0.5322,0.004,0.4638
SPADES ACE HEARTS JACK,0.5212,0.0054,0.4734
SPADES QUEEN HEARTS JACK,0.5124,0.0162,0.4714
SPADES KING HEARTS JACK,0.5258,0.0066,0.4676
SPADES TEN DIAMONDS TEN,0.1844,0.1304,0.6852
SPADES JACK DIAMONDS TEN,0.5246,0.0246,0.4508
SPADES ACE DIAMONDS TEN,0.522,0.003,0.475
SPADES JACK HEARTS JACK,0.1824,0.093,0.7246
SPADES TEN HEARTS JACK,0.4944,0.0242,0.4814
SPADES QUEEN DIAMONDS TEN,0.5076,0.0162,0.4762
SPADES KING DIAMONDS TEN,0.5224,0.0084,0.4692
SPADES NINE DIAMONDS SEVEN,0.6256,0.064,0.3104
SPADES EIGHT DIAMONDS SEVEN,0.6246,0.0714,0.304
SPADES SIX DIAMONDS SEVEN,0.7724,0.099,0.1286
DIAMONDS KING DIAMONDS SEVEN,0.6308,0.0262,0.343
HEARTS THREE DIAMONDS SEVEN,0.8262,0.1036,0.0702
HEARTS KING DIAMONDS FIVE,0.6546,0.0158,0.3296
DIAMONDS QUEEN DIAMONDS SEVEN,0.635,0.0358,0.3292
HEARTS TWO DIAMONDS SEVEN,0.842,0.1002,0.0578
HEARTS QUEEN DIAMONDS FIVE,0.6524,0.0282,0.3194
HEARTS FIVE DIAMONDS SEVEN,0.7822,0.1018,0.116
DIAMONDS ACE DIAMONDS SEVEN,0.6224,0.0274,0.3502
HEARTS FOUR DIAMONDS SEVEN,0.8052,0.1014,0.0934
HEARTS ACE DIAMONDS FIVE,0.627,0.0052,0.3678
HEARTS SIX DIAMONDS SEVEN,0.7784,0.0974,0.1242
DIAMONDS SEVEN HEARTS NINE,0.6322,0.0574,0.3104
HEARTS EIGHT DIAMONDS SEVEN,0.606,0.0666,0.3274
DIAMONDS JACK DIAMONDS SEVEN,0.6074,0.0392,0.3534
DIAMONDS FIVE HEARTS JACK,0.664,0.0358,0.3002
DIAMONDS TEN DIAMONDS SEVEN,0.606,0.0474,0.3466
HEARTS TEN DIAMONDS FIVE,0.6542,0.0504,0.2954
SPADES KING CLUBS TWO,0.66,0.016,0.324
HEARTS KING CLUBS KING,0.1988,0.0316,0.7696
CLUBS EIGHT DIAMONDS SEVEN,0.607,0.0738,0.3192
SPADES QUEEN CLUBS TWO,0.6534,0.0218,0.3248
HEARTS KING CLUBS QUEEN,0.523,0.0058,0.4712
CLUBS NINE DIAMONDS SEVEN,0.632,0.0606,0.3074
SPADES TWO CLUBS JACK,0.6704,0.0368,0.2928
SPADES ACE CLUBS TWO,0.6356,0.0072,0.3572
CLUBS TEN SPADES TWO,0.6682,0.0526,0.2792
HEARTS KING CLUBS ACE,0.5322,0.0036,0.4642
CLUBS SEVEN CLUBS SIX,0.7302,0.0936,0.1762
SPADES TWO CLUBS KING,0.6636,0.0146,0.3218
SPADES TWO DIAMONDS SEVEN,0.841,0.102,0.057
CLUBS EIGHT CLUBS SIX,0.6136,0.0794,0.307
SPADES THREE DIAMONDS SEVEN,0.8302,0.0992,0.0706
SPADES TWO CLUBS QUEEN,0.6678,0.0258,0.3064
CLUBS NINE CLUBS SIX,0.6162,0.0712,0.3126
SPADES FOUR DIAMONDS SEVEN,0.8152,0.0984,0.0864
HEARTS KING CLUBS JACK,0.5358,0.0068,0.4574
SPADES FIVE DIAMONDS SEVEN,0.7904,0.0966,0.113
SPADES TWO CLUBS ACE,0.649,0.0038,0.3472
CLUBS TEN HEARTS KING,0.5168,0.0086,0.4746
CLUBS SIX SPADES TWO,0.7642,0.0984,0.1374
CLUBS SIX SPADES THREE,0.7546,0.1042,0.1412
CLUBS TWO DIAMONDS SEVEN,0.8342,0.0986,0.0672
CLUBS SIX SPADES FOUR,0.7454,0.1064,0.1482
CLUBS THREE DIAMONDS SEVEN,0.8188,0.0986,0.0826
CLUBS SIX SPADES FIVE,0.7526,0.0984,0.149
CLUBS FOUR DIAMONDS SEVEN,0.7996,0.1024,0.098
CLUBS SIX SPADES SIX,0.599,0.2196,0.1814
CLUBS FIVE DIAMONDS SEVEN,0.7758,0.1016,0.1226
CLUBS SIX DIAMONDS SEVEN,0.7666,0.0948,0.1386
CLUBS SIX SPADES EIGHT,0.6544,0.079,0.2666
SPADES JACK CLUBS TWO,0.6644,0.037,0.2986
CLUBS SEVEN DIAMONDS SEVEN,0.022,0.9574,0.0206
SPADES NINE CLUBS SIX,0.6666,0.0584,0.275
SPADES TEN CLUBS TWO,0.673,0.0536,0.2734
CLUBS TWO CLUBS QUEEN,0.6362,0.0252,0.3386
CLUBS TWO CLUBS KING,0.6404,0.0124,0.3472
CLUBS THREE DIAMONDS EIGHT,0.6664,0.0822,0.2514
CLUBS TWO CLUBS ACE,0.6096,0.0044,0.386
CLUBS TWO DIAMONDS EIGHT,0.6692,0.0784,0.2524
HEARTS SIX DIAMONDS EIGHT,0.663,0.0804,0.2566
DIAMONDS EIGHT HEARTS NINE,0.5302,0.0592,0.4106
CLUBS TEN CLUBS TWO,0.634,0.056,0.31
DIAMONDS EIGHT HEARTS EIGHT,0.1716,0.1994,0.629
CLUBS TWO CLUBS JACK,0.638,0.0412,0.3208
CLUBS NINE DIAMONDS EIGHT,0.531,0.0576,0.4114
CLUBS EIGHT DIAMONDS EIGHT,0.1812,0.181,0.6378
CLUBS FIVE DIAMONDS EIGHT,0.6404,0.0844,0.2752
SPADES ACE SPADES THREE,0.605,0.0044,0.3906
CLUBS FOUR DIAMONDS EIGHT,0.6624,0.0844,0.2532
CLUBS SEVEN DIAMONDS EIGHT,0.6308,0.0638,0.3054
SPADES QUEEN SPADES THREE,0.6278,0.0256,0.3466
CLUBS SIX DIAMONDS EIGHT,0.6522,0.0768,0.271
SPADES KING SPADES THREE,0.6136,0.0132,0.3732
DIAMONDS QUEEN DIAMONDS EIGHT,0.5226,0.0226,0.4548
HEARTS TWO DIAMONDS EIGHT,0.667,0.085,0.248
DIAMONDS KING DIAMONDS EIGHT,0.5246,0.0114,0.464
HEARTS THREE DIAMONDS EIGHT,0.676,0.0794,0.2446
DIAMONDS ACE DIAMONDS EIGHT,0.5184,0.0038,0.4778
HEARTS FOUR DIAMONDS EIGHT,0.6752,0.0782,0.2466
HEARTS FIVE DIAMONDS EIGHT,0.6542,0.0776,0.2682
DIAMONDS EIGHT DIAMONDS TEN,0.5082,0.046,0.4458
DIAMONDS EIGHT DIAMONDS JACK,0.5068,0.0326,0.4606
SPADES JACK SPADES THREE,0.631,0.0422,0.3268
SPADES TEN SPADES THREE,0.6232,0.0508,0.326
CLUBS FOUR HEARTS ACE,0.6252,0.0042,0.3706
CLUBS FOUR HEARTS QUEEN,0.6414,0.025,0.3336
CLUBS FOUR HEARTS KING,0.6596,0.0108,0.3296
CLUBS SIX HEARTS TEN,0.6546,0.0512,0.2942
CLUBS SIX HEARTS JACK,0.6564,0.0376,0.306
SPADES FOUR DIAMONDS EIGHT,0.6648,0.0864,0.2488
SPADES FIVE DIAMONDS EIGHT,0.6636,0.0844,0.252
DIAMONDS EIGHT SPADES TWO,0.6836,0.0848,0.2316
DIAMONDS EIGHT SPADES THREE,0.6676,0.0818,0.2506
CLUBS FOUR HEARTS JACK,0.6624,0.0378,0.2998
SPADES EIGHT DIAMONDS EIGHT,0.1754,0.1864,0.6382
SPADES TEN DIAMONDS QUEEN,0.5126,0.0146,0.4728
SPADES TEN HEARTS TWO,0.6666,0.0552,0.2782
SPADES JACK HEARTS EIGHT,0.548,0.0362,0.4158
CLUBS FOUR HEARTS TEN,0.6614,0.0536,0.285
SPADES NINE DIAMONDS EIGHT,0.5254,0.0644,0.4102
SPADES TEN HEARTS EIGHT,0.5364,0.0474,0.4162
SPADES JACK HEARTS TWO,0.6804,0.037,0.2826
SPADES JACK DIAMONDS QUEEN,0.5262,0.0102,0.4636
SPADES SIX DIAMONDS EIGHT,0.6538,0.0834,0.2628
SPADES ACE HEARTS TWO,0.6556,0.0038,0.3406
SPADES ACE DIAMONDS QUEEN,0.5286,0.0038,0.4676
SPADES ACE HEARTS EIGHT,0.5386,0.0038,0.4576
SPADES KING HEARTS EIGHT,0.5434,0.0126,0.444
SPADES QUEEN HEARTS TWO,0.6606,0.024,0.3154
SPADES QUEEN DIAMONDS QUEEN,0.1884,0.0712,0.7404
SPADES KING DIAMONDS QUEEN,0.529,0.0038,0.4672
SPADES KING HEARTS TWO,0.6668,0.014,0.3192
SPADES QUEEN HEARTS EIGHT,0.533,0.024,0.443
CLUBS TWO HEARTS TEN,0.67,0.055,0.275
CLUBS TWO HEARTS JACK,0.6572,0.043,0.2998
SPADES SIX DIAMONDS NINE,0.6622,0.0668,0.271
SPADES NINE DIAMONDS NINE,0.1826,0.1616,0.6558
SPADES EIGHT DIAMONDS NINE,0.532,0.0604,0.4076
SPADES TEN CLUBS KING,0.536,0.0082,0.4558
DIAMONDS NINE SPADES THREE,0.6748,0.0632,0.262
SPADES JACK CLUBS KING,0.526,0.0068,0.4672
DIAMONDS NINE SPADES TWO,0.6902,0.0614,0.2484
SPADES FIVE DIAMONDS NINE,0.6608,0.0662,0.273
DIAMONDS NINE SPADES FOUR,0.6812,0.0688,0.25
CLUBS NINE DIAMONDS NINE,0.1824,0.1622,0.6554
CLUBS EIGHT DIAMONDS NINE,0.527,0.0548,0.4182
CLUBS SIX DIAMONDS NINE,0.649,0.0648,0.2862
SPADES JACK CLUBS FOUR,0.6566,0.036,0.3074
CLUBS SEVEN DIAMONDS NINE,0.6286,0.0578,0.3136
SPADES TEN CLUBS FOUR,0.6628,0.0588,0.2784
CLUBS FOUR DIAMONDS NINE,0.6558,0.0642,0.28
CLUBS FIVE DIAMONDS NINE,0.6642,0.0584,0.2774
DIAMONDS NINE CLUBS TWO,0.6786,0.0664,0.255
CLUBS THREE DIAMONDS NINE,0.6638,0.07,0.2662
DIAMONDS NINE HEARTS EIGHT,0.5316,0.057,0.4114
DIAMONDS NINE HEARTS NINE,0.1814,0.1568,0.6618
HEARTS SIX DIAMONDS NINE,0.661,0.063,0.276
CLUBS NINE CLUBS EIGHT,0.4968,0.0586,0.4446
DIAMONDS ACE DIAMONDS NINE,0.5176,0.0034,0.479
HEARTS FOUR DIAMONDS NINE,0.674,0.0714,0.2546
HEARTS FIVE DIAMONDS NINE,0.67,0.068,0.262
HEARTS ACE CLUBS TWO,0.6466,0.0056,0.3478
SPADES ACE CLUBS FOUR,0.6252,0.0048,0.37
DIAMONDS QUEEN DIAMONDS NINE,0.4996,0.0184,0.482
HEARTS TWO DIAMONDS NINE,0.6876,0.0632,0.2492
CLUBS TWO HEARTS KING,0.6666,0.011,0.3224
SPADES KING CLUBS FOUR,0.6544,0.013,0.3326
DIAMONDS KING DIAMONDS NINE,0.5132,0.0068,0.48
HEARTS THREE DIAMONDS NINE,0.6634,0.0766,0.26
CLUBS TWO HEARTS QUEEN,0.6658,0.0244,0.3098
SPADES QUEEN CLUBS FOUR,0.6462,0.0282,0.3256
DIAMONDS NINE DIAMONDS JACK,0.5062,0.0266,0.4672
CLUBS EIGHT SPADES NINE,0.5284,0.0546,0.417
DIAMONDS NINE DIAMONDS TEN,0.4902,0.0366,0.4732
CLUBS EIGHT SPADES EIGHT,0.1752,0.1868,0.638
CLUBS EIGHT SPADES SIX,0.6558,0.0792,0.265
CLUBS EIGHT SPADES FIVE,0.6454,0.0898,0.2648
CLUBS EIGHT SPADES FOUR,0.6708,0.0798,0.2494
CLUBS EIGHT SPADES THREE,0.6734,0.0804,0.2462
CLUBS EIGHT SPADES TWO,0.6788,0.0824,0.2388
HEARTS SIX DIAMONDS TEN,0.6528,0.052,0.2952
DIAMONDS TEN HEARTS EIGHT,0.5408,0.0444,0.4148
CLUBS FOUR CLUBS JACK,0.6208,0.0386,0.3406
DIAMONDS TEN HEARTS NINE,0.5268,0.0446,0.4286
CLUBS TEN CLUBS FOUR,0.6262,0.05,0.3238
CLUBS FOUR CLUBS KING,0.6134,0.0128,0.3738
CLUBS FOUR CLUBS QUEEN,0.6112,0.0296,0.3592
CLUBS TWO DIAMONDS TEN,0.6732,0.0564,0.2704
CLUBS THREE DIAMONDS TEN,0.6602,0.053,0.2868
CLUBS FOUR CLUBS ACE,0.6008,0.005,0.3942
DIAMONDS JACK DIAMONDS TEN,0.4788,0.022,0.4992
DIAMONDS QUEEN DIAMONDS TEN,0.4934,0.0154,0.4912
HEARTS TWO DIAMONDS TEN,0.6646,0.052,0.2834
DIAMONDS KING DIAMONDS TEN,0.501,0.0086,0.4904
HEARTS THREE DIAMONDS TEN,0.6712,0.0538,0.275
DIAMONDS ACE DIAMONDS TEN,0.4958,0.0032,0.501
HEARTS FOUR DIAMONDS TEN,0.661,0.0566,0.2824
CLUBS EIGHT HEARTS JACK,0.5306,0.0332,0.4362
HEARTS FIVE DIAMONDS TEN,0.6656,0.0482,0.2862
CLUBS EIGHT HEARTS TEN,0.5156,0.045,0.4394
CLUBS EIGHT HEARTS QUEEN,0.5492,0.0218,0.429
CLUBS EIGHT HEARTS KING,0.5464,0.0122,0.4414
CLUBS EIGHT HEARTS ACE,0.5344,0.003,0.4626
CLUBS NINE SPADES THREE,0.6684,0.0754,0.2562
CLUBS NINE SPADES TWO,0.678,0.0704,0.2516
CLUBS NINE SPADES FIVE,0.6594,0.0678,0.2728
CLUBS NINE SPADES FOUR,0.6764,0.067,0.2566
CLUBS NINE SPADES SIX,0.6566,0.0686,0.2748
CLUBS NINE SPADES NINE,0.1852,0.148,0.6668
CLUBS TEN HEARTS EIGHT,0.5346,0.0434,0.422
CLUBS NINE SPADES EIGHT,0.5422,0.053,0.4048
HEARTS EIGHT CLUBS JACK,0.5422,0.0332,0.4246
CLUBS QUEEN HEARTS EIGHT,0.547,0.0206,0.4324
CLUBS KING HEARTS EIGHT,0.5568,0.0122,0.431
CLUBS ACE HEARTS EIGHT,0.5412,0.0022,0.4566
SPADES KING CLUBS KING,0.1956,0.0336,0.7708
SPADES QUEEN CLUBS KING,0.5234,0.0058,0.4708
SPADES ACE CLUBS KING,0.5274,0.0042,0.4684
DIAMONDS ACE HEARTS TEN,0.5308,0.0036,0.4656
HEARTS FOUR HEARTS TEN,0.6218,0.0498,0.3284
DIAMONDS ACE HEARTS JACK,0.5272,0.0044,0.4684
HEARTS FOUR HEARTS JACK,0.6146,0.0386,0.3468
SPADES KING CLUBS FIVE,0.649,0.015,0.336
SPADES QUEEN CLUBS FIVE,0.6584,0.0222,0.3194
SPADES ACE CLUBS FIVE,0.6268,0.0046,0.3686
HEARTS SIX DIAMONDS JACK,0.6636,0.0438,0.2926
DIAMONDS JACK HEARTS NINE,0.5276,0.026,0.4464
DIAMONDS JACK HEARTS EIGHT,0.5442,0.032,0.4238
DIAMONDS KING DIAMONDS JACK,0.4994,0.0054,0.4952
HEARTS THREE DIAMONDS JACK,0.6724,0.0426,0.285
SPADES ACE SPADES SIX,0.6162,0.004,0.3798
HEARTS ACE SPADES FOUR,0.6416,0.0048,0.3536
DIAMONDS QUEEN DIAMONDS JACK,0.4824,0.0138,0.5038
HEARTS TWO DIAMONDS JACK,0.6758,0.0364,0.2878
HEARTS FIVE DIAMONDS JACK,0.6652,0.0372,0.2976
SPADES QUEEN SPADES SIX,0.624,0.0282,0.3478
SPADES FOUR HEARTS QUEEN,0.6556,0.027,0.3174
DIAMONDS ACE DIAMONDS JACK,0.512,0.003,0.485
HEARTS FOUR DIAMONDS JACK,0.6644,0.0406,0.295
SPADES KING SPADES SIX,0.6334,0.012,0.3546
SPADES FOUR HEARTS KING,0.6498,0.0166,0.3336
SPADES TEN SPADES SIX,0.6256,0.0504,0.324
SPADES JACK SPADES SIX,0.6304,0.0358,0.3338
SPADES FOUR DIAMONDS JACK,0.6608,0.038,0.3012
SPADES FIVE DIAMONDS JACK,0.6604,0.0378,0.3018
DIAMONDS JACK SPADES TWO,0.659,0.0388,0.3022
SPADES THREE DIAMONDS JACK,0.6698,0.0392,0.291
SPADES ACE DIAMONDS THREE,0.6276,0.0036,0.3688
SPADES QUEEN DIAMONDS THREE,0.666,0.0276,0.3064
CLUBS EIGHT DIAMONDS JACK,0.5458,0.028,0.4262
SPADES KING DIAMONDS THREE,0.643,0.0154,0.3416
CLUBS NINE DIAMONDS JACK,0.5294,0.0274,0.4432
CLUBS SIX DIAMONDS JACK,0.6682,0.0366,0.2952
CLUBS SEVEN DIAMONDS JACK,0.6592,0.037,0.3038
CLUBS FOUR DIAMONDS JACK,0.6682,0.036,0.2958
CLUBS FIVE DIAMONDS JACK,0.6602,0.0352,0.3046
CLUBS TWO DIAMONDS JACK,0.6676,0.0358,0.2966
CLUBS THREE DIAMONDS JACK,0.6618,0.0298,0.3084
SPADES TEN CLUBS FIVE,0.6524,0.0482,0.2994
HEARTS SIX SPADES JACK,0.6536,0.0418,0.3046
HEARTS SIX SPADES TEN,0.6588,0.0494,0.2918
SPADES JACK CLUBS FIVE,0.655,0.0374,0.3076
SPADES JACK DIAMONDS THREE,0.6746,0.0364,0.289
CLUBS SEVEN CLUBS ACE,0.6262,0.0226,0.3512
DIAMONDS THREE SPADES TEN,0.6614,0.05,0.2886
CLUBS SEVEN CLUBS QUEEN,0.6336,0.0298,0.3366
CLUBS SEVEN CLUBS KING,0.6298,0.0312,0.339
SPADES NINE DIAMONDS JACK,0.5316,0.03,0.4384
CLUBS TEN CLUBS SEVEN,0.6202,0.0422,0.3376
DIAMONDS ACE HEARTS ACE,0.1916,0.0026,0.8058
HEARTS FOUR HEARTS ACE,0.5966,0.0046,0.3988
SPADES EIGHT DIAMONDS JACK,0.5426,0.0322,0.4252
SPADES ACE HEARTS SIX,0.6482,0.0038,0.348
CLUBS SEVEN CLUBS JACK,0.6156,0.0356,0.3488
DIAMONDS ACE HEARTS KING,0.5404,0.0022,0.4574
HEARTS FOUR HEARTS KING,0.6198,0.009,0.3712
SPADES KING HEARTS SIX,0.666,0.0124,0.3216
DIAMONDS ACE HEARTS QUEEN,0.522,0.0034,0.4746
HEARTS FOUR HEARTS QUEEN,0.6296,0.021,0.3494
SPADES SIX DIAMONDS JACK,0.6724,0.0376,0.29
SPADES QUEEN HEARTS SIX,0.6488,0.0304,0.3208
SPADES TWO DIAMONDS TEN,0.6768,0.051,0.2722
SPADES THREE DIAMONDS TEN,0.6612,0.056,0.2828
SPADES FOUR DIAMONDS TEN,0.6674,0.052,0.2806
SPADES FIVE DIAMONDS TEN,0.6728,0.0502,0.277
SPADES SIX DIAMONDS TEN,0.655,0.0532,0.2918
SPADES EIGHT DIAMONDS TEN,0.528,0.043,0.429
SPADES NINE DIAMONDS TEN,0.5194,0.0428,0.4378
CLUBS FOUR DIAMONDS TEN,0.6674,0.0472,0.2854
CLUBS FIVE DIAMONDS TEN,0.6484,0.0506,0.301
CLUBS SIX DIAMONDS TEN,0.6564,0.0492,0.2944
CLUBS SEVEN DIAMONDS TEN,0.647,0.0424,0.3106
CLUBS EIGHT DIAMONDS TEN,0.5368,0.0424,0.4208
CLUBS NINE DIAMONDS TEN,0.5258,0.0424,0.4318
DIAMONDS THREE CLUBS JACK,0.6566,0.037,0.3064
CLUBS TEN DIAMONDS THREE,0.671,0.0508,0.2782
DIAMONDS THREE CLUBS KING,0.6602,0.0116,0.3282
DIAMONDS THREE CLUBS QUEEN,0.6552,0.024,0.3208
DIAMONDS THREE CLUBS ACE,0.6396,0.0048,0.3556
SPADES FOUR HEARTS JACK,0.6522,0.0434,0.3044
SPADES FOUR HEARTS TEN,0.6674,0.0482,0.2844
SPADES FIVE SPADES TWO,0.7082,0.1166,0.1752
SPADES FOUR SPADES TWO,0.7066,0.1186,0.1748
SPADES THREE SPADES TWO,0.7124,0.1194,0.1682
SPADES NINE SPADES TWO,0.631,0.0702,0.2988
SPADES EIGHT SPADES TWO,0.646,0.0788,0.2752
SPADES SIX SPADES TWO,0.7472,0.0954,0.1574
DIAMONDS QUEEN CLUBS THREE,0.6632,0.025,0.3118
CLUBS THREE HEARTS TWO,0.7496,0.112,0.1384
DIAMONDS QUEEN CLUBS TWO,0.6644,0.0206,0.315
HEARTS TWO CLUBS TWO,0.6156,0.2054,0.179
HEARTS SIX DIAMONDS QUEEN,0.6572,0.0272,0.3156
HEARTS SIX HEARTS TWO,0.7476,0.0998,0.1526
DIAMONDS QUEEN HEARTS NINE,0.5306,0.0202,0.4492
HEARTS TWO HEARTS NINE,0.6464,0.0676,0.286
DIAMONDS QUEEN HEARTS EIGHT,0.5332,0.0212,0.4456
HEARTS TWO HEARTS EIGHT,0.6396,0.0844,0.276
CLUBS NINE HEARTS TWO,0.6614,0.0724,0.2662
CLUBS NINE DIAMONDS QUEEN,0.5364,0.018,0.4456
CLUBS EIGHT HEARTS TWO,0.6744,0.0794,0.2462
CLUBS EIGHT DIAMONDS QUEEN,0.5464,0.0214,0.4322
CLUBS FIVE DIAMONDS QUEEN,0.6586,0.026,0.3154
CLUBS FIVE HEARTS TWO,0.7474,0.1078,0.1448
SPADES EIGHT HEARTS ACE,0.5308,0.0034,0.4658
DIAMONDS QUEEN CLUBS FOUR,0.6532,0.024,0.3228
HEARTS TWO CLUBS FOUR,0.7468,0.1134,0.1398
CLUBS SEVEN DIAMONDS QUEEN,0.6642,0.0292,0.3066
CLUBS SEVEN HEARTS TWO,0.8426,0.1028,0.0546
SPADES EIGHT HEARTS QUEEN,0.5436,0.0184,0.438
CLUBS SIX DIAMONDS QUEEN,0.657,0.0242,0.3188
CLUBS SIX HEARTS TWO,0.7604,0.1042,0.1354
SPADES EIGHT HEARTS KING,0.5508,0.0114,0.4378
DIAMONDS QUEEN SPADES SIX,0.66,0.0252,0.3148
HEARTS TWO SPADES SIX,0.776,0.1036,0.1204
HEARTS FOUR CLUBS QUEEN,0.6566,0.0246,0.3188
DIAMONDS ACE CLUBS QUEEN,0.5306,0.003,0.4664
HEARTS FOUR CLUBS KING,0.6532,0.012,0.3348
DIAMONDS ACE CLUBS KING,0.5428,0.0024,0.4548
DIAMONDS QUEEN SPADES EIGHT,0.5308,0.0216,0.4476
SPADES EIGHT HEARTS TWO,0.6766,0.0806,0.2428
HEARTS FOUR CLUBS ACE,0.6396,0.0028,0.3576
DIAMONDS ACE CLUBS ACE,0.2074,0.004,0.7886
SPADES NINE DIAMONDS QUEEN,0.5424,0.0148,0.4428
SPADES NINE HEARTS TWO,0.6714,0.067,0.2616
HEARTS TWO SPADES TWO,0.6084,0.227,0.1646
DIAMONDS QUEEN SPADES TWO,0.6816,0.0254,0.293
HEARTS TWO SPADES THREE,0.7576,0.1176,0.1248
DIAMONDS QUEEN SPADES THREE,0.665,0.0242,0.3108
HEARTS TWO SPADES FOUR,0.7472,0.1178,0.135
DIAMONDS QUEEN SPADES FOUR,0.6632,0.0248,0.312
HEARTS FOUR CLUBS TEN,0.6632,0.057,0.2798
CLUBS TEN DIAMONDS ACE,0.53,0.0042,0.4658
HEARTS TWO SPADES FIVE,0.7512,0.1134,0.1354
DIAMONDS QUEEN SPADES FIVE,0.6584,0.0234,0.3182
HEARTS FOUR CLUBS JACK,0.6796,0.0322,0.2882
DIAMONDS ACE CLUBS JACK,0.526,0.0038,0.4702
CLUBS FIVE CLUBS KING,0.6082,0.0168,0.375
CLUBS FIVE CLUBS QUEEN,0.607,0.026,0.367
CLUBS FIVE CLUBS ACE,0.6036,0.0036,0.3928
CLUBS FIVE CLUBS JACK,0.6248,0.035,0.3402
CLUBS TEN CLUBS FIVE,0.6324,0.0458,0.3218
SPADES KING CLUBS JACK,0.516,0.007,0.477
SPADES QUEEN CLUBS JACK,0.515,0.0128,0.4722
SPADES ACE CLUBS JACK,0.5308,0.0018,0.4674
SPADES SIX CLUBS KING,0.6682,0.0132,0.3186
SPADES SIX CLUBS QUEEN,0.6662,0.0186,0.3152
SPADES EIGHT HEARTS JACK,0.5344,0.0388,0.4268
SPADES SIX CLUBS ACE,0.6482,0.0036,0.3482
SPADES EIGHT HEARTS TEN,0.5254,0.0414,0.4332
SPADES SIX CLUBS JACK,0.6744,0.0332,0.2924
CLUBS TEN SPADES SIX,0.6516,0.055,0.2934
SPADES TEN CLUBS JACK,0.4998,0.0262,0.474
SPADES JACK CLUBS JACK,0.188,0.0914,0.7206
SPADES QUEEN CLUBS SEVEN,0.6714,0.0354,0.2932
SPADES KING CLUBS SEVEN,0.67,0.0308,0.2992
SPADES ACE CLUBS SEVEN,0.644,0.0284,0.3276
SPADES SIX HEARTS TEN,0.6622,0.051,0.2868
SPADES SIX HEARTS JACK,0.661,0.0404,0.2986
SPADES SIX HEARTS ACE,0.6602,0.0058,0.334
SPADES SIX HEARTS KING,0.6542,0.0146,0.3312
SPADES SIX HEARTS QUEEN,0.6612,0.0252,0.3136
CLUBS SEVEN SPADES JACK,0.6694,0.0362,0.2944
CLUBS SEVEN SPADES TEN,0.6388,0.0426,0.3186
CLUBS TEN HEARTS SIX,0.6682,0.055,0.2768
HEARTS SIX CLUBS JACK,0.669,0.0334,0.2976
CLUBS ACE CLUBS JACK,0.5024,0.0034,0.4942
HEARTS SIX CLUBS QUEEN,0.6644,0.021,0.3146
HEARTS SIX CLUBS KING,0.6584,0.0128,0.3288
HEARTS SIX CLUBS ACE,0.6586,0.0044,0.337
CLUBS QUEEN CLUBS JACK,0.48,0.0114,0.5086
CLUBS KING CLUBS JACK,0.4954,0.0046,0.5
DIAMONDS THREE HEARTS ACE,0.6342,0.0052,0.3606
DIAMONDS THREE HEARTS QUEEN,0.6516,0.0254,0.323
DIAMONDS THREE HEARTS KING,0.6558,0.0122,0.332
CLUBS FIVE HEARTS JACK,0.6488,0.0368,0.3144
SPADES TEN DIAMONDS ACE,0.5354,0.004,0.4606
HEARTS FOUR SPADES TEN,0.6594,0.0544,0.2862
CLUBS FIVE HEARTS TEN,0.6636,0.0492,0.2872
HEARTS FOUR SPADES JACK,0.6528,0.0424,0.3048
SPADES JACK DIAMONDS ACE,0.5354,0.004,0.4606
SPADES ACE HEARTS FOUR,0.6354,0.0046,0.36
SPADES ACE DIAMONDS ACE,0.1964,0.0036,0.8
CLUBS FIVE HEARTS ACE,0.6402,0.0064,0.3534
CLUBS FIVE HEARTS KING,0.6612,0.0094,0.3294
HEARTS FOUR SPADES QUEEN,0.666,0.0254,0.3086
SPADES QUEEN DIAMONDS ACE,0.5274,0.0032,0.4694
SPADES FOUR CLUBS JACK,0.6722,0.0306,0.2972
CLUBS FIVE HEARTS QUEEN,0.6634,0.0236,0.313
SPADES KING DIAMONDS ACE,0.516,0.0038,0.4802
HEARTS FOUR SPADES KING,0.66,0.0162,0.3238
CLUBS TEN SPADES FOUR,0.6682,0.049,0.2828
DIAMONDS QUEEN DIAMONDS ACE,0.4914,0.002,0.5066
HEARTS TWO DIAMONDS ACE,0.6486,0.006,0.3454
HEARTS FOUR DIAMONDS QUEEN,0.6522,0.029,0.3188
HEARTS FOUR HEARTS TWO,0.7156,0.111,0.1734
DIAMONDS THREE HEARTS TEN,0.6534,0.0518,0.2948
SPADES FOUR CLUBS KING,0.6616,0.013,0.3254
HEARTS FIVE DIAMONDS QUEEN,0.6478,0.0258,0.3264
HEARTS FIVE HEARTS TWO,0.7146,0.1042,0.1812
DIAMONDS THREE HEARTS JACK,0.661,0.0382,0.3008
SPADES FOUR CLUBS QUEEN,0.6756,0.0156,0.3088
DIAMONDS QUEEN HEARTS TWO,0.6586,0.0278,0.3136
DIAMONDS KING DIAMONDS QUEEN,0.4912,0.006,0.5028
DIAMONDS KING HEARTS TWO,0.6692,0.0132,0.3176
HEARTS THREE DIAMONDS QUEEN,0.6554,0.0258,0.3188
HEARTS THREE HEARTS TWO,0.7036,0.1282,0.1682
SPADES FOUR CLUBS ACE,0.6444,0.0038,0.3518
HEARTS TWO CLUBS ACE,0.6502,0.006,0.3438
DIAMONDS QUEEN CLUBS ACE,0.5198,0.0032,0.477
HEARTS TWO CLUBS QUEEN,0.6604,0.023,0.3166
DIAMONDS QUEEN CLUBS QUEEN,0.2064,0.0652,0.7284
HEARTS TWO CLUBS KING,0.6686,0.0144,0.317
DIAMONDS QUEEN CLUBS KING,0.5202,0.0044,0.4754
SPADES EIGHT SPADES FIVE,0.635,0.0744,0.2906
CLUBS TEN HEARTS TWO,0.6658,0.0514,0.2828
CLUBS TEN DIAMONDS QUEEN,0.5104,0.0142,0.4754
SPADES NINE SPADES FIVE,0.6306,0.0666,0.3028
HEARTS TWO CLUBS JACK,0.6736,0.0366,0.2898
DIAMONDS QUEEN CLUBS JACK,0.5158,0.0144,0.4698
SPADES SIX SPADES FIVE,0.716,0.104,0.18
DIAMONDS FIVE CLUBS QUEEN,0.659,0.0222,0.3188
SPADES EIGHT CLUBS ACE,0.553,0.0038,0.4432
DIAMONDS FIVE CLUBS KING,0.6476,0.0126,0.3398
SPADES EIGHT CLUBS KING,0.5598,0.0128,0.4274
CLUBS ACE DIAMONDS FIVE,0.6368,0.0034,0.3598
SPADES EIGHT CLUBS QUEEN,0.5442,0.0194,0.4364
SPADES EIGHT CLUBS JACK,0.5406,0.0354,0.424
CLUBS TEN SPADES EIGHT,0.533,0.0498,0.4172
CLUBS TEN DIAMONDS FIVE,0.6578,0.0532,0.289
