opposingHand,winningChance,drawChance,lostChance
HEARTS THREE SPADES EIGHT
HEARTS FIVE SPADES TWO,0.5656,0.0712,0.3632
HEARTS TEN DIAMONDS FIVE,0.339,0.0268,0.6342
DIAMONDS KING DIAMONDS EIGHT,0.216,0.039,0.745
SPADES TEN CLUBS THREE,0.2358,0.0716,0.6926
CLUBS FIVE HEARTS TEN,0.349,0.0268,0.6242
SPADES JACK HEARTS FOUR,0.3454,0.0216,0.633
SPADES NINE CLUBS FOUR,0.3482,0.043,0.6088
HEARTS SIX SPADES NINE,0.3128,0.0428,0.6444
DIAMONDS TWO HEARTS FOUR,0.5528,0.0682,0.379
CLUBS SEVEN DIAMONDS FIVE,0.5068,0.067,0.4262
CLUBS FIVE HEARTS QUEEN,0.3528,0.012,0.6352
DIAMONDS THREE DIAMONDS FOUR,0.546,0.1346,0.3194
HEARTS FIVE SPADES NINE,0.3304,0.044,0.6256
SPADES KING HEARTS FOUR,0.3478,0.0082,0.644
CLUBS NINE CLUBS TWO,0.3518,0.043,0.6052
CLUBS FOUR CLUBS ACE,0.3186,0.0066,0.6748
CLUBS SIX DIAMONDS SEVEN,0.5052,0.0602,0.4346
SPADES THREE SPADES TWO,0.5804,0.1364,0.2832
DIAMONDS SEVEN CLUBS KING,0.3498,0.0082,0.642
CLUBS SEVEN HEARTS JACK,0.3402,0.0198,0.64
SPADES TEN SPADES FIVE,0.3298,0.0288,0.6414
HEARTS SIX SPADES TEN,0.3374,0.0292,0.6334
SPADES FOUR HEARTS KING,0.3418,0.0114,0.6468
DIAMONDS KING SPADES FOUR,0.3598,0.0106,0.6296
SPADES TEN CLUBS FOUR,0.3516,0.0252,0.6232
HEARTS SEVEN DIAMONDS ACE,0.3516,0.0044,0.644
HEARTS SEVEN DIAMONDS TEN,0.3274,0.0308,0.6418
HEARTS SIX DIAMONDS KING,0.3402,0.0076,0.6522
SPADES ACE SPADES FIVE,0.314,0.0072,0.6788
SPADES QUEEN CLUBS KING,0.3118,0.0086,0.6796
CLUBS SEVEN HEARTS NINE,0.3266,0.0406,0.6328
HEARTS TWO DIAMONDS FIVE,0.5626,0.07,0.3674
DIAMONDS THREE HEARTS EIGHT,0.0104,0.9712,0.0184
SPADES SIX CLUBS ACE,0.347,0.0036,0.6494
DIAMONDS KING SPADES TWO,0.3908,0.009,0.6002
CLUBS NINE DIAMONDS KING,0.3242,0.007,0.6688
CLUBS ACE DIAMONDS SIX,0.3644,0.0032,0.6324
HEARTS FIVE SPADES SIX,0.5002,0.074,0.4258
CLUBS FOUR SPADES TWO,0.557,0.0714,0.3716
SPADES NINE SPADES SEVEN,0.303,0.0432,0.6538
SPADES KING DIAMONDS EIGHT,0.221,0.0344,0.7446
SPADES SEVEN CLUBS ACE,0.3452,0.004,0.6508
SPADES SEVEN CLUBS TWO,0.596,0.0712,0.3328
DIAMONDS EIGHT CLUBS JACK,0.2304,0.0636,0.706
CLUBS SIX CLUBS KING,0.3246,0.0062,0.6692
SPADES FIVE SPADES FOUR,0.4744,0.0634,0.4622
HEARTS SEVEN DIAMONDS NINE,0.326,0.04,0.634
SPADES SEVEN SPADES SIX,0.4838,0.0622,0.454
SPADES TWO HEARTS QUEEN,0.4016,0.0114,0.587
SPADES TEN SPADES FOUR,0.3224,0.03,0.6476
DIAMONDS ACE DIAMONDS JACK,0.3028,0.0046,0.6926
CLUBS NINE SPADES NINE,0.1316,0.059,0.8094
DIAMONDS THREE SPADES TEN,0.2378,0.0724,0.6898
HEARTS SEVEN HEARTS EIGHT,0.2018,0.2816,0.5166
DIAMONDS TWO SPADES FIVE,0.5666,0.0712,0.3622
DIAMONDS TWO DIAMONDS SIX,0.5346,0.0618,0.4036
HEARTS SEVEN SPADES KING,0.3314,0.008,0.6606
CLUBS THREE DIAMONDS FOUR,0.577,0.1482,0.2748
DIAMONDS ACE SPADES THREE,0.2412,0.0182,0.7406
DIAMONDS KING DIAMONDS FIVE,0.3268,0.0078,0.6654
CLUBS EIGHT HEARTS JACK,0.2276,0.059,0.7134
DIAMONDS EIGHT HEARTS JACK,0.216,0.0636,0.7204
HEARTS SEVEN DIAMONDS KING,0.3486,0.006,0.6454
DIAMONDS THREE CLUBS SIX,0.5948,0.1398,0.2654
DIAMONDS ACE DIAMONDS KING,0.2944,0.0048,0.7008
SPADES JACK CLUBS ACE,0.3252,0.0034,0.6714
DIAMONDS JACK HEARTS KING,0.3124,0.0078,0.6798
DIAMONDS TWO SPADES SIX,0.5714,0.0734,0.3552
CLUBS JACK HEARTS EIGHT,0.2204,0.0614,0.7182
SPADES QUEEN CLUBS SEVEN,0.3568,0.0098,0.6334
SPADES JACK CLUBS FIVE,0.342,0.0188,0.6392
DIAMONDS TEN CLUBS QUEEN,0.302,0.0102,0.6878
SPADES JACK DIAMONDS NINE,0.3184,0.0152,0.6664
HEARTS SEVEN HEARTS FIVE,0.4792,0.068,0.4528
SPADES JACK DIAMONDS FIVE,0.3402,0.0198,0.64
HEARTS FIVE DIAMONDS SEVEN,0.518,0.0694,0.4126
SPADES KING HEARTS KING,0.1132,0.0168,0.87
DIAMONDS THREE SPADES KING,0.2432,0.0272,0.7296
SPADES NINE SPADES FIVE,0.3324,0.0378,0.6298
CLUBS FOUR DIAMONDS SIX,0.5054,0.0706,0.424
SPADES SIX DIAMONDS TEN,0.349,0.0244,0.6266
SPADES TWO DIAMONDS FIVE,0.5596,0.069,0.3714
SPADES ACE HEARTS QUEEN,0.312,0.0056,0.6824
CLUBS TEN SPADES SIX,0.3362,0.028,0.6358
CLUBS NINE DIAMONDS SIX,0.3336,0.0428,0.6236
DIAMONDS SIX CLUBS QUEEN,0.3552,0.0132,0.6316
SPADES QUEEN CLUBS THREE,0.2288,0.0436,0.7276
DIAMONDS FIVE CLUBS JACK,0.3434,0.0158,0.6408
SPADES KING CLUBS JACK,0.315,0.0078,0.6772
CLUBS TEN HEARTS EIGHT,0.2114,0.0848,0.7038
DIAMONDS THREE DIAMONDS SIX,0.5562,0.1256,0.3182
HEARTS QUEEN HEARTS TEN,0.307,0.0126,0.6804
SPADES KING SPADES THREE,0.2312,0.0334,0.7354
SPADES NINE HEARTS QUEEN,0.3146,0.0102,0.6752
HEARTS KING CLUBS ACE,0.3326,0.0036,0.6638
HEARTS ACE HEARTS JACK,0.305,0.0048,0.6902
SPADES TEN CLUBS QUEEN,0.3058,0.0118,0.6824
HEARTS TEN CLUBS JACK,0.3002,0.0116,0.6882
DIAMONDS ACE HEARTS NINE,0.3284,0.0034,0.6682
DIAMONDS QUEEN DIAMONDS SIX,0.3192,0.0144,0.6664
SPADES FOUR HEARTS EIGHT,0.2148,0.5174,0.2678
SPADES FIVE SPADES TWO,0.5344,0.0698,0.3958
DIAMONDS THREE SPADES SEVEN,0.609,0.1384,0.2526
SPADES FOUR HEARTS QUEEN,0.3472,0.0134,0.6394
CLUBS EIGHT CLUBS QUEEN,0.223,0.0476,0.7294
DIAMONDS KING CLUBS THREE,0.2386,0.0278,0.7336
CLUBS THREE CLUBS QUEEN,0.2328,0.0438,0.7234
SPADES QUEEN HEARTS FIVE,0.3474,0.0156,0.637
SPADES SEVEN HEARTS NINE,0.314,0.0454,0.6406
HEARTS FIVE SPADES THREE,0.5742,0.1452,0.2806
SPADES ACE SPADES JACK,0.3052,0.007,0.6878
CLUBS SIX DIAMONDS EIGHT,0.2162,0.3706,0.4132
SPADES SIX DIAMONDS SIX,0.251,0.0952,0.6538
SPADES THREE CLUBS JACK,0.2378,0.0492,0.713
SPADES ACE HEARTS FIVE,0.3398,0.0048,0.6554
DIAMONDS TWO CLUBS SIX,0.5634,0.0634,0.3732
DIAMONDS JACK SPADES THREE,0.23,0.0588,0.7112
DIAMONDS NINE CLUBS ACE,0.3264,0.0026,0.671
DIAMONDS TWO SPADES NINE,0.3738,0.0448,0.5814
SPADES ACE CLUBS EIGHT,0.22,0.034,0.746
HEARTS TWO DIAMONDS TEN,0.386,0.028,0.586
HEARTS SIX CLUBS QUEEN,0.346,0.0114,0.6426
SPADES ACE HEARTS JACK,0.3118,0.0068,0.6814
CLUBS THREE CLUBS ACE,0.233,0.0146,0.7524
CLUBS NINE DIAMONDS ACE,0.327,0.0036,0.6694
DIAMONDS JACK HEARTS ACE,0.3162,0.0054,0.6784
DIAMONDS KING DIAMONDS SEVEN,0.3382,0.0084,0.6534
SPADES FOUR HEARTS ACE,0.3446,0.004,0.6514
SPADES THREE DIAMONDS SIX,0.6166,0.14,0.2434
DIAMONDS NINE DIAMONDS SIX,0.3032,0.0436,0.6532
DIAMONDS EIGHT CLUBS QUEEN,0.235,0.0506,0.7144
SPADES ACE SPADES NINE,0.3162,0.0042,0.6796
SPADES TWO CLUBS QUEEN,0.397,0.0144,0.5886
DIAMONDS EIGHT HEARTS EIGHT,0.069,0.0968,0.8342
SPADES NINE CLUBS FIVE,0.3364,0.0492,0.6144
SPADES SIX HEARTS TEN,0.3446,0.0234,0.632
DIAMONDS QUEEN SPADES FOUR,0.3556,0.0172,0.6272
SPADES KING DIAMONDS KING,0.1278,0.0152,0.857
SPADES FIVE HEARTS KING,0.3368,0.0098,0.6534
HEARTS FIVE DIAMONDS NINE,0.3386,0.0424,0.619
CLUBS THREE DIAMONDS SIX,0.5998,0.1408,0.2594
SPADES ACE HEARTS SEVEN,0.341,0.0068,0.6522
SPADES FOUR DIAMONDS TEN,0.3508,0.0264,0.6228
DIAMONDS JACK HEARTS EIGHT,0.223,0.0598,0.7172
SPADES JACK HEARTS ACE,0.317,0.0056,0.6774
HEARTS FIVE HEARTS QUEEN,0.3354,0.0172,0.6474
SPADES KING CLUBS TWO,0.3916,0.0074,0.601
SPADES JACK DIAMONDS FOUR,0.3508,0.0206,0.6286
HEARTS TWO HEARTS KING,0.3778,0.01,0.6122
CLUBS TEN CLUBS NINE,0.2814,0.0204,0.6982
HEARTS SEVEN HEARTS JACK,0.3128,0.0188,0.6684
DIAMONDS TWO HEARTS NINE,0.3726,0.043,0.5844
SPADES ACE CLUBS TEN,0.3166,0.0042,0.6792
SPADES JACK DIAMONDS SIX,0.354,0.0172,0.6288
HEARTS FOUR SPADES SEVEN,0.5252,0.0662,0.4086
HEARTS TWO SPADES TWO,0.3522,0.1142,0.5336
HEARTS FOUR DIAMONDS TEN,0.354,0.0296,0.6164
HEARTS KING DIAMONDS FIVE,0.3528,0.007,0.6402
CLUBS TWO DIAMONDS SEVEN,0.5912,0.0686,0.3402
SPADES JACK SPADES TEN,0.287,0.0156,0.6974
SPADES NINE DIAMONDS FOUR,0.3474,0.0394,0.6132
SPADES ACE HEARTS EIGHT,0.2146,0.0318,0.7536
SPADES KING CLUBS FOUR,0.3464,0.012,0.6416
CLUBS FOUR CLUBS KING,0.3282,0.0092,0.6626
HEARTS TWO CLUBS FOUR,0.5576,0.0758,0.3666
CLUBS SIX DIAMONDS KING,0.3508,0.0094,0.6398
HEARTS SEVEN DIAMONDS SIX,0.4926,0.0646,0.4428
SPADES QUEEN HEARTS JACK,0.31,0.0102,0.6798
CLUBS TEN DIAMONDS TEN,0.144,0.0436,0.8124
HEARTS ACE DIAMONDS FIVE,0.336,0.006,0.658
CLUBS EIGHT DIAMONDS TEN,0.2204,0.0802,0.6994
HEARTS QUEEN HEARTS NINE,0.302,0.0118,0.6862
SPADES FOUR DIAMONDS EIGHT,0.2016,0.5204,0.278
CLUBS SIX HEARTS TWO,0.5794,0.0654,0.3552
CLUBS EIGHT SPADES FIVE,0.2112,0.4472,0.3416
CLUBS EIGHT SPADES THREE,0.0202,0.9704,0.0094
SPADES TWO CLUBS KING,0.384,0.0104,0.6056
HEARTS SIX CLUBS TWO,0.5694,0.0626,0.368
DIAMONDS TWO CLUBS FIVE,0.5538,0.0754,0.3708
HEARTS SEVEN HEARTS TWO,0.5474,0.068,0.3846
CLUBS KING CLUBS JACK,0.2834,0.0062,0.7104
DIAMONDS THREE CLUBS QUEEN,0.247,0.0406,0.7124
DIAMONDS TEN HEARTS NINE,0.2806,0.0248,0.6946
HEARTS TEN DIAMONDS FOUR,0.346,0.0264,0.6276
CLUBS THREE SPADES FIVE,0.576,0.147,0.277
HEARTS ACE HEARTS NINE,0.3072,0.0054,0.6874
SPADES NINE DIAMONDS QUEEN,0.3084,0.0122,0.6794
CLUBS FOUR CLUBS TWO,0.5052,0.073,0.4218
HEARTS SEVEN CLUBS JACK,0.3412,0.0174,0.6414
DIAMONDS THREE SPADES NINE,0.2296,0.1106,0.6598
HEARTS SIX HEARTS EIGHT,0.2066,0.3524,0.441
SPADES SEVEN HEARTS ACE,0.3512,0.005,0.6438
CLUBS FOUR HEARTS NINE,0.3568,0.0424,0.6008
SPADES SIX HEARTS KING,0.3454,0.0082,0.6464
CLUBS TWO HEARTS ACE,0.3712,0.0042,0.6246
CLUBS EIGHT DIAMONDS SIX,0.204,0.3768,0.4192
HEARTS FIVE DIAMONDS FIVE,0.2674,0.0948,0.6378
SPADES THREE DIAMONDS FOUR,0.5784,0.1424,0.2792
HEARTS SEVEN CLUBS EIGHT,0.21,0.2884,0.5016
DIAMONDS QUEEN HEARTS NINE,0.3152,0.0092,0.6756
HEARTS FIVE CLUBS SEVEN,0.5138,0.0722,0.414
HEARTS TWO DIAMONDS QUEEN,0.387,0.0136,0.5994
CLUBS FOUR HEARTS JACK,0.3504,0.0208,0.6288
SPADES TEN DIAMONDS JACK,0.3078,0.0146,0.6776
DIAMONDS QUEEN HEARTS TEN,0.3072,0.014,0.6788
CLUBS FIVE DIAMONDS FIVE,0.2646,0.0942,0.6412
HEARTS JACK DIAMONDS SEVEN,0.3422,0.0204,0.6374
CLUBS TEN HEARTS FIVE,0.3518,0.0274,0.6208
SPADES KING DIAMONDS TEN,0.32,0.0076,0.6724
CLUBS FIVE DIAMONDS KING,0.3604,0.0064,0.6332
SPADES ACE CLUBS SEVEN,0.331,0.0056,0.6634
HEARTS KING HEARTS NINE,0.3092,0.0102,0.6806
SPADES SIX SPADES FIVE,0.479,0.0616,0.4594
DIAMONDS QUEEN DIAMONDS NINE,0.2948,0.0094,0.6958
SPADES QUEEN SPADES TEN,0.2998,0.0116,0.6886
CLUBS TEN HEARTS SIX,0.3444,0.0252,0.6304
SPADES ACE CLUBS NINE,0.3126,0.0046,0.6828
DIAMONDS QUEEN DIAMONDS SEVEN,0.3334,0.0122,0.6544
DIAMONDS KING SPADES SIX,0.358,0.0074,0.6346
CLUBS SIX HEARTS JACK,0.3508,0.0194,0.6298
DIAMONDS EIGHT HEARTS NINE,0.2104,0.105,0.6846
SPADES SIX DIAMONDS JACK,0.3498,0.0134,0.6368
HEARTS FIVE CLUBS QUEEN,0.3524,0.0124,0.6352
CLUBS EIGHT DIAMONDS FIVE,0.2176,0.441,0.3414
HEARTS SIX DIAMONDS FOUR,0.4956,0.071,0.4334
SPADES QUEEN CLUBS ACE,0.329,0.0056,0.6654
SPADES SEVEN DIAMONDS QUEEN,0.3534,0.0124,0.6342
CLUBS ACE HEARTS TEN,0.3138,0.0038,0.6824
CLUBS FIVE SPADES FIVE,0.254,0.0962,0.6498
DIAMONDS THREE CLUBS FIVE,0.5772,0.1472,0.2756
HEARTS NINE HEARTS EIGHT,0.2138,0.1044,0.6818
DIAMONDS JACK CLUBS KING,0.3194,0.0062,0.6744
HEARTS QUEEN HEARTS EIGHT,0.2174,0.048,0.7346
HEARTS FIVE HEARTS NINE,0.3326,0.0434,0.624
SPADES TEN CLUBS FIVE,0.3458,0.029,0.6252
SPADES JACK CLUBS SEVEN,0.346,0.0164,0.6376
DIAMONDS THREE SPADES FOUR,0.5794,0.1458,0.2748
SPADES QUEEN DIAMONDS TEN,0.314,0.0096,0.6764
HEARTS FOUR DIAMONDS FIVE,0.4952,0.0666,0.4382
CLUBS ACE HEARTS NINE,0.315,0.0052,0.6798
SPADES JACK CLUBS TWO,0.3844,0.0198,0.5958
SPADES SIX HEARTS JACK,0.3558,0.0196,0.6246
CLUBS TEN HEARTS TEN,0.1278,0.0456,0.8266
HEARTS TWO DIAMONDS SEVEN,0.5888,0.0734,0.3378
CLUBS SIX SPADES FIVE,0.5154,0.0642,0.4204
SPADES NINE CLUBS QUEEN,0.3024,0.0142,0.6834
HEARTS FIVE HEARTS KING,0.3284,0.0082,0.6634
CLUBS EIGHT DIAMONDS QUEEN,0.2238,0.0494,0.7268
CLUBS TEN HEARTS JACK,0.3022,0.0148,0.683
CLUBS FOUR DIAMONDS FIVE,0.5084,0.0694,0.4222
SPADES ACE DIAMONDS SEVEN,0.3452,0.005,0.6498
HEARTS SIX SPADES JACK,0.3536,0.0178,0.6286
CLUBS TWO CLUBS QUEEN,0.3622,0.0132,0.6246
CLUBS FOUR HEARTS ACE,0.342,0.0056,0.6524
CLUBS THREE HEARTS EIGHT,0.0102,0.9744,0.0154
DIAMONDS THREE DIAMONDS SEVEN,0.5746,0.1368,0.2886
SPADES ACE CLUBS KING,0.3202,0.005,0.6748
SPADES QUEEN SPADES JACK,0.2956,0.008,0.6964
DIAMONDS TWO CLUBS QUEEN,0.3824,0.0132,0.6044
SPADES THREE CLUBS KING,0.2558,0.0278,0.7164
CLUBS EIGHT CLUBS THREE,0.022,0.905,0.073
SPADES KING SPADES SEVEN,0.3388,0.0096,0.6516
DIAMONDS TWO SPADES FOUR,0.5634,0.071,0.3656
CLUBS NINE CLUBS ACE,0.305,0.0058,0.6892
SPADES ACE DIAMONDS JACK,0.3252,0.0046,0.6702
HEARTS SEVEN SPADES NINE,0.3048,0.0416,0.6536
HEARTS FOUR SPADES FOUR,0.251,0.109,0.64
CLUBS TEN DIAMONDS SEVEN,0.3434,0.0262,0.6304
CLUBS SIX HEARTS NINE,0.3288,0.04,0.6312
HEARTS SEVEN DIAMONDS SEVEN,0.2442,0.0854,0.6704
DIAMONDS THREE HEARTS ACE,0.245,0.0174,0.7376
SPADES FIVE CLUBS TWO,0.5612,0.064,0.3748
HEARTS SEVEN DIAMONDS JACK,0.3482,0.016,0.6358
HEARTS TWO HEARTS NINE,0.351,0.044,0.605
SPADES ACE SPADES FOUR,0.3268,0.0056,0.6676
CLUBS SEVEN SPADES THREE,0.605,0.1354,0.2596
SPADES JACK DIAMONDS QUEEN,0.3242,0.0122,0.6636
DIAMONDS ACE DIAMONDS SEVEN,0.3224,0.0034,0.6742
DIAMONDS TWO DIAMONDS FOUR,0.5228,0.0644,0.4128
SPADES QUEEN CLUBS FIVE,0.3444,0.0142,0.6414
HEARTS TWO CLUBS JACK,0.3894,0.023,0.5876
SPADES KING HEARTS FIVE,0.3326,0.0096,0.6578
DIAMONDS QUEEN CLUBS ACE,0.323,0.0038,0.6732
HEARTS JACK DIAMONDS SIX,0.3496,0.0174,0.633
HEARTS SEVEN HEARTS TEN,0.3278,0.0238,0.6484
SPADES ACE CLUBS SIX,0.3446,0.0044,0.651
CLUBS EIGHT HEARTS TEN,0.2272,0.0842,0.6886
SPADES TWO HEARTS NINE,0.3944,0.0458,0.5598
CLUBS EIGHT HEARTS EIGHT,0.0626,0.0816,0.8558
SPADES FIVE CLUBS ACE,0.3508,0.0056,0.6436
CLUBS TEN DIAMONDS NINE,0.296,0.0242,0.6798
CLUBS EIGHT DIAMONDS ACE,0.2278,0.0284,0.7438
DIAMONDS THREE CLUBS THREE,0.2608,0.0692,0.67
DIAMONDS TEN HEARTS JACK,0.2918,0.0174,0.6908
DIAMONDS ACE DIAMONDS FIVE,0.3148,0.0056,0.6796
CLUBS FIVE CLUBS QUEEN,0.3268,0.011,0.6622
SPADES TWO HEARTS JACK,0.384,0.022,0.594
CLUBS NINE DIAMONDS TWO,0.382,0.0444,0.5736
DIAMONDS THREE CLUBS FOUR,0.5822,0.1438,0.274
CLUBS FIVE CLUBS TWO,0.5226,0.068,0.4094
HEARTS SIX DIAMONDS SIX,0.2504,0.0874,0.6622
CLUBS FIVE CLUBS KING,0.3264,0.0082,0.6654
DIAMONDS ACE DIAMONDS QUEEN,0.296,0.0046,0.6994
DIAMONDS KING DIAMONDS FOUR,0.3332,0.01,0.6568
SPADES SIX CLUBS JACK,0.3606,0.0184,0.621
DIAMONDS QUEEN DIAMONDS JACK,0.2994,0.013,0.6876
CLUBS SIX SPADES FOUR,0.5242,0.0708,0.405
CLUBS TEN CLUBS JACK,0.289,0.0132,0.6978
DIAMONDS THREE HEARTS JACK,0.2392,0.0552,0.7056
SPADES TEN CLUBS SIX,0.3414,0.0282,0.6304
CLUBS SIX HEARTS EIGHT,0.2004,0.3798,0.4198
HEARTS SIX SPADES SEVEN,0.4932,0.0656,0.4412
HEARTS SEVEN CLUBS THREE,0.5974,0.1466,0.256
CLUBS SEVEN SPADES SEVEN,0.2462,0.0854,0.6684
SPADES FIVE DIAMONDS EIGHT,0.2182,0.4322,0.3496
SPADES KING CLUBS QUEEN,0.3196,0.01,0.6704
SPADES JACK SPADES NINE,0.2912,0.0176,0.6912
CLUBS NINE DIAMONDS FOUR,0.35,0.039,0.611
DIAMONDS KING DIAMONDS SIX,0.3204,0.0078,0.6718
SPADES JACK CLUBS SIX,0.3494,0.014,0.6366
CLUBS TWO DIAMONDS JACK,0.3912,0.0202,0.5886
SPADES ACE DIAMONDS FIVE,0.3458,0.004,0.6502
SPADES QUEEN DIAMONDS SEVEN,0.3526,0.0102,0.6372
SPADES ACE CLUBS THREE,0.2414,0.016,0.7426
SPADES SEVEN DIAMONDS JACK,0.3556,0.0218,0.6226
DIAMONDS EIGHT CLUBS KING,0.229,0.0422,0.7288
CLUBS THREE CLUBS TWO,0.5604,0.1428,0.2968
DIAMONDS THREE DIAMONDS EIGHT,0.021,0.9118,0.0672
HEARTS SIX SPADES TWO,0.5684,0.0712,0.3604
DIAMONDS TEN CLUBS ACE,0.306,0.0028,0.6912
CLUBS NINE HEARTS FOUR,0.355,0.0454,0.5996
DIAMONDS TWO CLUBS ACE,0.3736,0.0042,0.6222
SPADES TEN DIAMONDS SEVEN,0.3216,0.0246,0.6538
CLUBS TEN HEARTS FOUR,0.3464,0.0294,0.6242
CLUBS TWO CLUBS ACE,0.3552,0.0052,0.6396
SPADES NINE DIAMONDS TEN,0.2984,0.0242,0.6774
HEARTS FIVE CLUBS KING,0.3544,0.0102,0.6354
HEARTS FOUR DIAMONDS KING,0.344,0.0082,0.6478
HEARTS SIX HEARTS KING,0.3396,0.0082,0.6522
HEARTS TWO SPADES NINE,0.3758,0.0458,0.5784
CLUBS FIVE CLUBS JACK,0.3258,0.0164,0.6578
SPADES THREE HEARTS KING,0.242,0.0284,0.7296
SPADES SEVEN HEARTS EIGHT,0.213,0.2976,0.4894
SPADES TEN HEARTS QUEEN,0.2908,0.0118,0.6974
CLUBS NINE HEARTS JACK,0.3004,0.0178,0.6818
HEARTS ACE DIAMONDS EIGHT,0.2096,0.0328,0.7576
DIAMONDS QUEEN DIAMONDS FIVE,0.3314,0.0132,0.6554
CLUBS SIX HEARTS ACE,0.3466,0.0034,0.65
SPADES FIVE HEARTS JACK,0.346,0.0216,0.6324
DIAMONDS NINE SPADES TWO,0.4018,0.0468,0.5514
DIAMONDS JACK DIAMONDS TEN,0.2776,0.0132,0.7092
CLUBS FOUR HEARTS TEN,0.3386,0.0292,0.6322
CLUBS NINE HEARTS TEN,0.2914,0.027,0.6816
DIAMONDS JACK HEARTS NINE,0.3112,0.018,0.6708
SPADES SEVEN DIAMONDS KING,0.3466,0.0096,0.6438
HEARTS FOUR DIAMONDS FOUR,0.268,0.1054,0.6266
CLUBS ACE DIAMONDS FIVE,0.3388,0.0038,0.6574
CLUBS TEN HEARTS SEVEN,0.3302,0.0258,0.644
CLUBS TWO SPADES THREE,0.611,0.1448,0.2442
HEARTS KING CLUBS KING,0.1216,0.0164,0.862
CLUBS TEN SPADES FIVE,0.3558,0.025,0.6192
DIAMONDS SIX HEARTS NINE,0.3254,0.0398,0.6348
DIAMONDS TWO HEARTS TEN,0.3852,0.0306,0.5842
DIAMONDS ACE DIAMONDS NINE,0.2954,0.004,0.7006
SPADES QUEEN HEARTS TEN,0.3088,0.0108,0.6804
CLUBS TEN DIAMONDS THREE,0.244,0.0716,0.6844
SPADES JACK HEARTS NINE,0.293,0.0164,0.6906
DIAMONDS THREE SPADES TWO,0.5942,0.15,0.2558
CLUBS SEVEN CLUBS THREE,0.5768,0.1338,0.2894
DIAMONDS SEVEN CLUBS QUEEN,0.3634,0.0108,0.6258
CLUBS NINE DIAMONDS EIGHT,0.2116,0.102,0.6864
CLUBS SEVEN HEARTS KING,0.3482,0.0068,0.645
SPADES THREE HEARTS NINE,0.2312,0.103,0.6658
HEARTS FOUR DIAMONDS QUEEN,0.3446,0.0132,0.6422
HEARTS JACK DIAMONDS FIVE,0.3434,0.0184,0.6382
CLUBS NINE DIAMONDS JACK,0.312,0.0194,0.6686
HEARTS QUEEN CLUBS QUEEN,0.1304,0.0264,0.8432
DIAMONDS NINE CLUBS QUEEN,0.325,0.0102,0.6648
CLUBS FIVE HEARTS KING,0.3468,0.0104,0.6428
CLUBS FOUR DIAMONDS QUEEN,0.3636,0.0106,0.6258
SPADES FIVE HEARTS TEN,0.3476,0.0284,0.624
SPADES TEN CLUBS KING,0.3174,0.0074,0.6752
HEARTS SIX SPADES THREE,0.602,0.1424,0.2556
DIAMONDS TWO CLUBS EIGHT,0.2602,0.5364,0.2034
DIAMONDS THREE DIAMONDS QUEEN,0.2282,0.0376,0.7342
DIAMONDS TEN DIAMONDS EIGHT,0.204,0.0796,0.7164
SPADES JACK SPADES FIVE,0.3484,0.0142,0.6374
SPADES JACK CLUBS THREE,0.224,0.055,0.721
CLUBS NINE SPADES SIX,0.3364,0.0418,0.6218
CLUBS SEVEN DIAMONDS NINE,0.3322,0.0382,0.6296
CLUBS EIGHT CLUBS SIX,0.1982,0.3588,0.443
HEARTS TWO DIAMONDS KING,0.394,0.0082,0.5978
DIAMONDS EIGHT DIAMONDS FOUR,0.2082,0.476,0.3158
SPADES NINE DIAMONDS KING,0.313,0.0082,0.6788
SPADES JACK DIAMONDS ACE,0.3114,0.0044,0.6842
CLUBS TEN HEARTS QUEEN,0.298,0.0112,0.6908
CLUBS SIX DIAMONDS SIX,0.2486,0.0892,0.6622
SPADES JACK HEARTS TWO,0.3814,0.0206,0.598
DIAMONDS SIX CLUBS JACK,0.3504,0.0172,0.6324
CLUBS EIGHT CLUBS SEVEN,0.1918,0.2834,0.5248
HEARTS FIVE CLUBS SIX,0.5022,0.0682,0.4296
HEARTS TWO HEARTS ACE,0.343,0.004,0.653
DIAMONDS SEVEN DIAMONDS FIVE,0.474,0.0642,0.4618
DIAMONDS KING DIAMONDS NINE,0.298,0.0084,0.6936
SPADES ACE DIAMONDS THREE,0.2416,0.016,0.7424
CLUBS QUEEN DIAMONDS FOUR,0.3498,0.012,0.6382
SPADES JACK DIAMONDS JACK,0.136,0.0374,0.8266
SPADES SIX CLUBS QUEEN,0.3642,0.0142,0.6216
DIAMONDS ACE CLUBS FOUR,0.346,0.0052,0.6488
DIAMONDS TWO HEARTS TWO,0.35,0.1076,0.5424
CLUBS THREE SPADES THREE,0.2712,0.0746,0.6542
DIAMONDS KING CLUBS JACK,0.3256,0.0078,0.6666
HEARTS TWO DIAMONDS FOUR,0.561,0.0718,0.3672
SPADES FIVE HEARTS ACE,0.3326,0.0036,0.6638
DIAMONDS NINE CLUBS JACK,0.3008,0.0156,0.6836
CLUBS NINE CLUBS EIGHT,0.2078,0.0984,0.6938
DIAMONDS TWO HEARTS JACK,0.3908,0.0194,0.5898
SPADES SEVEN HEARTS JACK,0.3468,0.0164,0.6368
HEARTS KING DIAMONDS FOUR,0.3438,0.0086,0.6476
HEARTS FIVE DIAMONDS TEN,0.3464,0.0266,0.627
DIAMONDS TWO SPADES QUEEN,0.3874,0.015,0.5976
SPADES NINE CLUBS JACK,0.3066,0.0186,0.6748
HEARTS FOUR CLUBS KING,0.3492,0.0086,0.6422
SPADES TEN DIAMONDS QUEEN,0.3098,0.0114,0.6788
HEARTS JACK HEARTS NINE,0.2882,0.0138,0.698
HEARTS TWO DIAMONDS NINE,0.3818,0.0394,0.5788
CLUBS NINE SPADES JACK,0.3034,0.0198,0.6768
HEARTS FIVE CLUBS FIVE,0.2458,0.0924,0.6618
CLUBS SIX SPADES SEVEN,0.5106,0.0586,0.4308
HEARTS TWO DIAMONDS JACK,0.3992,0.0206,0.5802
HEARTS ACE CLUBS ACE,0.1272,0.0036,0.8692
CLUBS FIVE CLUBS FOUR,0.4742,0.0566,0.4692
HEARTS SEVEN CLUBS NINE,0.3252,0.04,0.6348
SPADES KING DIAMONDS TWO,0.395,0.0102,0.5948
SPADES TEN DIAMONDS NINE,0.2986,0.0246,0.6768
CLUBS TWO HEARTS JACK,0.39,0.019,0.591
DIAMONDS QUEEN CLUBS TWO,0.3914,0.0134,0.5952
CLUBS TEN DIAMONDS JACK,0.301,0.015,0.684
CLUBS SEVEN HEARTS ACE,0.339,0.0052,0.6558
HEARTS SIX HEARTS ACE,0.3334,0.007,0.6596
SPADES ACE DIAMONDS SIX,0.3472,0.0056,0.6472
SPADES THREE HEARTS EIGHT,0.009,0.9838,0.0072
DIAMONDS ACE HEARTS EIGHT,0.209,0.0354,0.7556
HEARTS SEVEN HEARTS QUEEN,0.3262,0.0142,0.6596
SPADES FIVE DIAMONDS NINE,0.3316,0.0448,0.6236
HEARTS TWO CLUBS THREE,0.5968,0.1548,0.2484
DIAMONDS SEVEN DIAMONDS SIX,0.467,0.0608,0.4722
SPADES ACE DIAMONDS QUEEN,0.3268,0.0046,0.6686
HEARTS SEVEN CLUBS TWO,0.5786,0.069,0.3524
HEARTS ACE SPADES TWO,0.3676,0.0072,0.6252
CLUBS SIX CLUBS ACE,0.3294,0.0058,0.6648
CLUBS EIGHT CLUBS TWO,0.2372,0.4952,0.2676
DIAMONDS THREE HEARTS SIX,0.601,0.1352,0.2638
SPADES ACE DIAMONDS EIGHT,0.211,0.0354,0.7536
SPADES FOUR DIAMONDS FIVE,0.519,0.0668,0.4142
SPADES TEN SPADES SIX,0.3376,0.0288,0.6336
DIAMONDS ACE HEARTS KING,0.3368,0.0038,0.6594
DIAMONDS NINE DIAMONDS FIVE,0.311,0.0338,0.6552
HEARTS TEN DIAMONDS SIX,0.3402,0.0256,0.6342
CLUBS NINE DIAMONDS QUEEN,0.3146,0.012,0.6734
SPADES KING HEARTS TWO,0.376,0.0092,0.6148
DIAMONDS KING SPADES THREE,0.2522,0.0246,0.7232
DIAMONDS ACE DIAMONDS FOUR,0.3336,0.0036,0.6628
DIAMONDS SIX DIAMONDS FOUR,0.4946,0.0702,0.4352
CLUBS TEN SPADES NINE,0.2908,0.0232,0.686
CLUBS FIVE DIAMONDS EIGHT,0.2184,0.4402,0.3414
CLUBS SEVEN HEARTS EIGHT,0.2014,0.2964,0.5022
SPADES KING DIAMONDS NINE,0.3034,0.0088,0.6878
SPADES ACE HEARTS KING,0.3106,0.0062,0.6832
CLUBS SEVEN SPADES TEN,0.3496,0.0288,0.6216
HEARTS FOUR SPADES SIX,0.5182,0.0716,0.4102
DIAMONDS NINE HEARTS JACK,0.2988,0.0156,0.6856
CLUBS SEVEN CLUBS JACK,0.3344,0.0182,0.6474
DIAMONDS FIVE HEARTS EIGHT,0.1972,0.465,0.3378
SPADES ACE SPADES SEVEN,0.3316,0.0062,0.6622
SPADES FOUR DIAMONDS SEVEN,0.5356,0.0668,0.3976
HEARTS NINE DIAMONDS FOUR,0.336,0.0424,0.6216
SPADES SIX HEARTS QUEEN,0.3404,0.0152,0.6444
CLUBS QUEEN DIAMONDS FIVE,0.3544,0.0126,0.633
HEARTS JACK HEARTS TEN,0.2874,0.0166,0.696
CLUBS SIX SPADES NINE,0.3338,0.0446,0.6216
SPADES TWO CLUBS JACK,0.3912,0.0198,0.589
CLUBS TEN DIAMONDS KING,0.3218,0.0078,0.6704
CLUBS TWO DIAMONDS SIX,0.573,0.0702,0.3568
SPADES NINE CLUBS THREE,0.231,0.1086,0.6604
HEARTS SIX CLUBS ACE,0.3498,0.0052,0.645
HEARTS TWO DIAMONDS EIGHT,0.256,0.5312,0.2128
CLUBS THREE CLUBS JACK,0.2388,0.0514,0.7098
CLUBS THREE DIAMONDS EIGHT,0.0232,0.9542,0.0226
SPADES FIVE HEARTS NINE,0.333,0.0456,0.6214
HEARTS SIX DIAMONDS EIGHT,0.2112,0.3652,0.4236
SPADES SIX HEARTS ACE,0.3502,0.0052,0.6446
CLUBS EIGHT HEARTS NINE,0.2256,0.098,0.6764
SPADES SEVEN HEARTS TEN,0.3342,0.0268,0.639
CLUBS THREE HEARTS TEN,0.2274,0.071,0.7016
HEARTS JACK CLUBS QUEEN,0.311,0.0106,0.6784
SPADES SEVEN SPADES FIVE,0.4966,0.0586,0.4448
CLUBS FOUR HEARTS KING,0.3534,0.0078,0.6388
SPADES FOUR CLUBS JACK,0.3614,0.0178,0.6208
CLUBS NINE SPADES QUEEN,0.3114,0.0128,0.6758
DIAMONDS QUEEN DIAMONDS FOUR,0.336,0.015,0.649
HEARTS SIX SPADES QUEEN,0.3498,0.0122,0.638
CLUBS TEN SPADES THREE,0.2348,0.0778,0.6874
CLUBS SIX CLUBS QUEEN,0.3242,0.0108,0.665
SPADES FOUR DIAMONDS FOUR,0.2636,0.1044,0.632
DIAMONDS QUEEN CLUBS KING,0.3268,0.0068,0.6664
SPADES QUEEN SPADES SIX,0.3326,0.0118,0.6556
SPADES TEN SPADES SEVEN,0.3214,0.026,0.6526
DIAMONDS ACE CLUBS ACE,0.1298,0.0032,0.867
HEARTS EIGHT DIAMONDS FOUR,0.2094,0.515,0.2756
CLUBS NINE SPADES TEN,0.301,0.0272,0.6718
CLUBS TEN DIAMONDS ACE,0.3172,0.0028,0.68
SPADES FIVE HEARTS QUEEN,0.3576,0.0114,0.631
HEARTS ACE CLUBS QUEEN,0.3008,0.0032,0.696
HEARTS FOUR HEARTS TWO,0.5272,0.0684,0.4044
HEARTS QUEEN DIAMONDS FIVE,0.3476,0.0126,0.6398
CLUBS TWO DIAMONDS NINE,0.3822,0.0428,0.575
CLUBS KING DIAMONDS FIVE,0.3514,0.0078,0.6408
SPADES JACK CLUBS QUEEN,0.3122,0.0116,0.6762
SPADES SEVEN HEARTS KING,0.349,0.0096,0.6414
DIAMONDS THREE HEARTS FOUR,0.5814,0.1434,0.2752
SPADES ACE CLUBS ACE,0.1196,0.0036,0.8768
DIAMONDS THREE HEARTS TWO,0.5956,0.1564,0.248
SPADES NINE DIAMONDS EIGHT,0.2118,0.1062,0.682
HEARTS ACE HEARTS QUEEN,0.3018,0.0044,0.6938
CLUBS TEN DIAMONDS FIVE,0.3372,0.026,0.6368
DIAMONDS KING HEARTS KING,0.126,0.0168,0.8572
HEARTS SIX HEARTS FOUR,0.4924,0.0642,0.4434
HEARTS ACE HEARTS EIGHT,0.2068,0.0316,0.7616
HEARTS SIX HEARTS QUEEN,0.334,0.0122,0.6538
SPADES ACE SPADES THREE,0.2304,0.017,0.7526
SPADES QUEEN HEARTS FOUR,0.3394,0.0126,0.648
DIAMONDS TWO SPADES THREE,0.6002,0.1414,0.2584
CLUBS TWO SPADES FOUR,0.5578,0.0708,0.3714
SPADES SEVEN SPADES TWO,0.5482,0.0588,0.393
CLUBS EIGHT DIAMONDS SEVEN,0.2232,0.2996,0.4772
CLUBS TEN DIAMONDS FOUR,0.3552,0.029,0.6158
SPADES ACE SPADES TEN,0.3116,0.0058,0.6826
CLUBS SIX DIAMONDS FOUR,0.5252,0.0666,0.4082
DIAMONDS EIGHT DIAMONDS SIX,0.2004,0.3502,0.4494
CLUBS EIGHT SPADES SEVEN,0.2216,0.296,0.4824
CLUBS EIGHT CLUBS JACK,0.2104,0.0558,0.7338
HEARTS FIVE DIAMONDS JACK,0.3408,0.0192,0.64
CLUBS FOUR DIAMONDS TEN,0.3534,0.0282,0.6184
DIAMONDS QUEEN HEARTS KING,0.314,0.0062,0.6798
HEARTS FIVE SPADES JACK,0.3496,0.0164,0.634
HEARTS SIX CLUBS SEVEN,0.5106,0.0652,0.4242
HEARTS SIX HEARTS TEN,0.3426,0.0264,0.631
CLUBS EIGHT HEARTS KING,0.2292,0.0302,0.7406
DIAMONDS JACK DIAMONDS FIVE,0.3296,0.0168,0.6536
HEARTS SEVEN HEARTS ACE,0.3278,0.0056,0.6666
SPADES NINE CLUBS ACE,0.3034,0.0058,0.6908
HEARTS TWO SPADES SEVEN,0.5914,0.0676,0.341
HEARTS FOUR CLUBS TWO,0.5472,0.0718,0.381
HEARTS SIX DIAMONDS NINE,0.333,0.045,0.622
SPADES FIVE CLUBS QUEEN,0.3564,0.0114,0.6322
CLUBS FOUR SPADES SIX,0.5378,0.063,0.3992
DIAMONDS TWO SPADES TEN,0.3864,0.0308,0.5828
CLUBS THREE SPADES FOUR,0.5886,0.1428,0.2686
SPADES THREE HEARTS QUEEN,0.2468,0.045,0.7082
HEARTS FIVE DIAMONDS FOUR,0.5068,0.0734,0.4198
CLUBS THREE CLUBS KING,0.224,0.0248,0.7512
SPADES SIX CLUBS THREE,0.5884,0.1506,0.261
DIAMONDS TWO CLUBS SEVEN,0.5928,0.069,0.3382
CLUBS THREE DIAMONDS QUEEN,0.247,0.0394,0.7136
CLUBS FIVE DIAMONDS NINE,0.3434,0.04,0.6166
DIAMONDS NINE HEARTS NINE,0.1258,0.0584,0.8158
CLUBS THREE DIAMONDS JACK,0.2494,0.0578,0.6928
SPADES SEVEN CLUBS THREE,0.6106,0.136,0.2534
CLUBS SIX HEARTS TEN,0.3302,0.0232,0.6466
HEARTS SEVEN CLUBS SEVEN,0.2482,0.0846,0.6672
SPADES KING SPADES TWO,0.3738,0.0122,0.614
CLUBS NINE CLUBS SEVEN,0.3126,0.04,0.6474
HEARTS FOUR HEARTS KING,0.3392,0.0054,0.6554
CLUBS EIGHT SPADES SIX,0.2244,0.3654,0.4102
SPADES SEVEN DIAMONDS TEN,0.341,0.027,0.632
CLUBS SEVEN DIAMONDS FOUR,0.5274,0.0626,0.41
CLUBS QUEEN CLUBS JACK,0.2868,0.0102,0.703
SPADES QUEEN CLUBS SIX,0.3532,0.0106,0.6362
CLUBS FIVE CLUBS THREE,0.5524,0.1284,0.3192
CLUBS KING HEARTS TEN,0.3032,0.0066,0.6902
HEARTS FOUR HEARTS TEN,0.344,0.0264,0.6296
DIAMONDS THREE CLUBS TWO,0.6026,0.1406,0.2568
DIAMONDS THREE HEARTS QUEEN,0.246,0.0402,0.7138
CLUBS TEN CLUBS QUEEN,0.2928,0.0094,0.6978
DIAMONDS TEN HEARTS TEN,0.138,0.0488,0.8132
DIAMONDS JACK DIAMONDS FOUR,0.3336,0.0178,0.6486
SPADES QUEEN HEARTS KING,0.3182,0.0072,0.6746
SPADES FIVE DIAMONDS JACK,0.3554,0.0172,0.6274
HEARTS NINE CLUBS JACK,0.3056,0.0162,0.6782
CLUBS SIX CLUBS THREE,0.551,0.1272,0.3218
SPADES TEN CLUBS TWO,0.3812,0.0286,0.5902
SPADES TEN CLUBS JACK,0.2902,0.0148,0.695
HEARTS FOUR CLUBS FIVE,0.495,0.0642,0.4408
DIAMONDS THREE HEARTS KING,0.2378,0.031,0.7312
SPADES ACE CLUBS FIVE,0.3336,0.0042,0.6622
CLUBS FIVE HEARTS ACE,0.3302,0.0054,0.6644
HEARTS SEVEN DIAMONDS TWO,0.5858,0.0658,0.3484
SPADES KING SPADES SIX,0.3332,0.0082,0.6586
CLUBS EIGHT SPADES JACK,0.2282,0.062,0.7098
HEARTS TWO CLUBS FIVE,0.5538,0.081,0.3652
HEARTS FOUR HEARTS NINE,0.3338,0.0442,0.622
HEARTS SIX DIAMONDS TWO,0.573,0.0752,0.3518
CLUBS NINE SPADES SEVEN,0.322,0.0392,0.6388
SPADES KING DIAMONDS JACK,0.3112,0.0088,0.68
SPADES JACK HEARTS JACK,0.1176,0.039,0.8434
SPADES QUEEN CLUBS FOUR,0.3536,0.0146,0.6318
CLUBS FOUR DIAMONDS JACK,0.3516,0.0204,0.628
SPADES KING HEARTS TEN,0.32,0.0078,0.6722
SPADES SIX CLUBS KING,0.3338,0.0086,0.6576
DIAMONDS ACE SPADES SIX,0.3458,0.004,0.6502
HEARTS TWO HEARTS TEN,0.367,0.0306,0.6024
DIAMONDS NINE DIAMONDS EIGHT,0.2048,0.0962,0.699
DIAMONDS SIX DIAMONDS FIVE,0.4756,0.0598,0.4646
DIAMONDS KING HEARTS QUEEN,0.3194,0.008,0.6726
SPADES TWO HEARTS EIGHT,0.2552,0.5312,0.2136
CLUBS FOUR DIAMONDS KING,0.3486,0.006,0.6454
HEARTS FOUR CLUBS THREE,0.5644,0.1474,0.2882
DIAMONDS TWO DIAMONDS ACE,0.3552,0.0056,0.6392
SPADES FOUR SPADES TWO,0.5308,0.0652,0.404
HEARTS FOUR DIAMONDS NINE,0.3554,0.04,0.6046
CLUBS TEN DIAMONDS SIX,0.3528,0.0296,0.6176
CLUBS TEN HEARTS ACE,0.3128,0.0034,0.6838
SPADES KING HEARTS EIGHT,0.2056,0.0402,0.7542
SPADES KING CLUBS SIX,0.3468,0.0082,0.645
SPADES KING DIAMONDS ACE,0.3256,0.0036,0.6708
SPADES QUEEN DIAMONDS EIGHT,0.2222,0.05,0.7278
SPADES SEVEN CLUBS QUEEN,0.3608,0.0118,0.6274
HEARTS FIVE CLUBS JACK,0.3424,0.0168,0.6408
DIAMONDS TWO CLUBS TWO,0.3452,0.1068,0.548
DIAMONDS NINE CLUBS KING,0.3232,0.0072,0.6696
CLUBS SEVEN CLUBS SIX,0.4548,0.063,0.4822
HEARTS ACE DIAMONDS SIX,0.3594,0.0034,0.6372
SPADES QUEEN CLUBS QUEEN,0.1276,0.0316,0.8408
CLUBS NINE HEARTS FIVE,0.3422,0.043,0.6148
SPADES QUEEN DIAMONDS JACK,0.3048,0.0106,0.6846
SPADES FOUR CLUBS QUEEN,0.3552,0.0122,0.6326
SPADES ACE CLUBS JACK,0.3264,0.005,0.6686
DIAMONDS ACE SPADES SEVEN,0.3566,0.0042,0.6392
CLUBS KING DIAMONDS FOUR,0.3614,0.01,0.6286
SPADES KING SPADES JACK,0.316,0.007,0.677
CLUBS FOUR DIAMONDS SEVEN,0.5292,0.0626,0.4082
HEARTS KING HEARTS EIGHT,0.2242,0.0378,0.738
SPADES ACE CLUBS FOUR,0.3468,0.0066,0.6466
CLUBS ACE CLUBS JACK,0.3086,0.0056,0.6858
SPADES JACK CLUBS FOUR,0.3438,0.0206,0.6356
HEARTS QUEEN CLUBS ACE,0.3234,0.0044,0.6722
DIAMONDS ACE CLUBS THREE,0.2498,0.0138,0.7364
HEARTS SEVEN CLUBS ACE,0.3372,0.0046,0.6582
DIAMONDS THREE DIAMONDS TEN,0.2278,0.0646,0.7076
SPADES QUEEN HEARTS ACE,0.3062,0.0058,0.688
CLUBS KING CLUBS QUEEN,0.3016,0.0084,0.69
CLUBS THREE HEARTS NINE,0.237,0.1038,0.6592
SPADES NINE HEARTS ACE,0.318,0.0062,0.6758
DIAMONDS TWO CLUBS FOUR,0.5622,0.0752,0.3626
CLUBS EIGHT DIAMONDS JACK,0.2252,0.0626,0.7122
SPADES TEN SPADES TWO,0.3698,0.0338,0.5964
CLUBS SEVEN SPADES NINE,0.3222,0.0458,0.632
SPADES THREE DIAMONDS EIGHT,0.018,0.9688,0.0132
CLUBS ACE CLUBS QUEEN,0.2986,0.0024,0.699
CLUBS FIVE SPADES THREE,0.5832,0.1512,0.2656
HEARTS FIVE SPADES SEVEN,0.5054,0.0694,0.4252
CLUBS FOUR HEARTS EIGHT,0.1912,0.5264,0.2824
HEARTS ACE DIAMONDS NINE,0.3072,0.0034,0.6894
SPADES KING CLUBS NINE,0.3222,0.0082,0.6696
SPADES SIX SPADES FOUR,0.507,0.0668,0.4262
HEARTS SEVEN DIAMONDS FOUR,0.5196,0.0646,0.4158
HEARTS FOUR CLUBS QUEEN,0.3394,0.0148,0.6458
CLUBS EIGHT HEARTS FIVE,0.2042,0.4458,0.35
CLUBS EIGHT CLUBS ACE,0.2074,0.0266,0.766
CLUBS ACE DIAMONDS FOUR,0.3472,0.0042,0.6486
SPADES KING CLUBS THREE,0.2366,0.0284,0.735
CLUBS FIVE DIAMONDS SIX,0.5022,0.0676,0.4302
DIAMONDS KING HEARTS EIGHT,0.2166,0.0366,0.7468
HEARTS TEN HEARTS EIGHT,0.2082,0.0814,0.7104
CLUBS TEN HEARTS NINE,0.291,0.0238,0.6852
CLUBS FOUR SPADES THREE,0.5934,0.1426,0.264
HEARTS FOUR SPADES THREE,0.5828,0.1398,0.2774
CLUBS TWO HEARTS NINE,0.3874,0.0454,0.5672
HEARTS KING DIAMONDS EIGHT,0.2258,0.0406,0.7336
HEARTS FOUR DIAMONDS SIX,0.5314,0.0666,0.402
HEARTS SIX SPADES SIX,0.2332,0.0958,0.671
SPADES QUEEN HEARTS QUEEN,0.1214,0.0274,0.8512
DIAMONDS QUEEN SPADES THREE,0.2432,0.0372,0.7196
HEARTS FOUR HEARTS EIGHT,0.2126,0.4914,0.296
CLUBS FIVE SPADES FOUR,0.5108,0.0686,0.4206
HEARTS SIX DIAMONDS TEN,0.332,0.0312,0.6368
HEARTS FIVE HEARTS ACE,0.3154,0.0076,0.677
HEARTS SEVEN SPADES TWO,0.5774,0.0712,0.3514
CLUBS FIVE DIAMONDS ACE,0.3466,0.0036,0.6498
HEARTS NINE DIAMONDS FIVE,0.3288,0.044,0.6272
DIAMONDS JACK CLUBS JACK,0.1336,0.042,0.8244
CLUBS TWO DIAMONDS FIVE,0.559,0.0604,0.3806
CLUBS SEVEN DIAMONDS KING,0.3464,0.007,0.6466
SPADES FIVE DIAMONDS TEN,0.3574,0.027,0.6156
CLUBS NINE DIAMONDS NINE,0.1308,0.0608,0.8084
HEARTS FOUR DIAMONDS SEVEN,0.5266,0.0678,0.4056
HEARTS FOUR HEARTS QUEEN,0.3354,0.0138,0.6508
HEARTS TWO HEARTS QUEEN,0.381,0.013,0.606
SPADES KING SPADES QUEEN,0.3004,0.008,0.6916
CLUBS FOUR CLUBS QUEEN,0.333,0.0116,0.6554
CLUBS FIVE DIAMONDS SEVEN,0.5134,0.0654,0.4212
HEARTS FIVE SPADES TEN,0.3442,0.0242,0.6316
SPADES SIX SPADES THREE,0.5768,0.138,0.2852
SPADES TEN CLUBS ACE,0.3124,0.0046,0.683
SPADES FIVE DIAMONDS FIVE,0.2518,0.0962,0.652
CLUBS ACE HEARTS EIGHT,0.2172,0.028,0.7548
DIAMONDS TEN CLUBS JACK,0.3064,0.0162,0.6774
SPADES SEVEN DIAMONDS SIX,0.4992,0.0696,0.4312
CLUBS FIVE HEARTS EIGHT,0.1996,0.4528,0.3476
DIAMONDS THREE HEARTS NINE,0.2414,0.1072,0.6514
SPADES ACE DIAMONDS TEN,0.3262,0.0058,0.668
HEARTS ACE HEARTS KING,0.3036,0.0064,0.69
SPADES FIVE CLUBS JACK,0.3536,0.0184,0.628
HEARTS KING CLUBS QUEEN,0.3334,0.0062,0.6604
HEARTS FOUR SPADES NINE,0.3504,0.041,0.6086
DIAMONDS TEN SPADES THREE,0.237,0.0682,0.6948
CLUBS NINE HEARTS KING,0.325,0.0058,0.6692
SPADES THREE DIAMONDS FIVE,0.5704,0.1446,0.285
CLUBS NINE SPADES TWO,0.3816,0.0436,0.5748
SPADES SEVEN HEARTS QUEEN,0.3498,0.0112,0.639
CLUBS TWO HEARTS KING,0.386,0.0094,0.6046
CLUBS SIX CLUBS FOUR,0.493,0.0608,0.4462
HEARTS SEVEN DIAMONDS EIGHT,0.2028,0.2928,0.5044
SPADES TEN HEARTS KING,0.3104,0.008,0.6816
SPADES QUEEN SPADES FOUR,0.338,0.012,0.65
SPADES SIX CLUBS TWO,0.5744,0.063,0.3626
SPADES ACE DIAMONDS NINE,0.327,0.0048,0.6682
CLUBS TEN SPADES FOUR,0.3672,0.0294,0.6034
CLUBS FOUR DIAMONDS NINE,0.3534,0.0428,0.6038
DIAMONDS TEN DIAMONDS SIX,0.3198,0.0276,0.6526
SPADES NINE HEARTS TEN,0.2836,0.0272,0.6892
CLUBS NINE DIAMONDS TEN,0.294,0.0218,0.6842
HEARTS KING CLUBS JACK,0.3156,0.0088,0.6756
SPADES KING HEARTS QUEEN,0.3144,0.0084,0.6772
HEARTS FIVE DIAMONDS SIX,0.5084,0.0662,0.4254
HEARTS FIVE HEARTS TWO,0.5166,0.07,0.4134
HEARTS FIVE DIAMONDS ACE,0.33,0.0056,0.6644
CLUBS TWO DIAMONDS TEN,0.3776,0.0302,0.5922
CLUBS FOUR HEARTS QUEEN,0.347,0.013,0.64
SPADES NINE HEARTS EIGHT,0.2058,0.0954,0.6988
SPADES TWO DIAMONDS SIX,0.5698,0.0686,0.3616
CLUBS TEN SPADES KING,0.3118,0.008,0.6802
HEARTS FOUR CLUBS JACK,0.366,0.0188,0.6152
DIAMONDS ACE HEARTS ACE,0.126,0.002,0.872
SPADES NINE DIAMONDS JACK,0.3066,0.0176,0.6758
HEARTS QUEEN DIAMONDS FOUR,0.352,0.0118,0.6362
HEARTS SIX CLUBS KING,0.3544,0.0064,0.6392
SPADES TEN HEARTS ACE,0.2932,0.0052,0.7016
CLUBS FIVE DIAMONDS FOUR,0.5038,0.0718,0.4244
DIAMONDS KING DIAMONDS JACK,0.3094,0.006,0.6846
SPADES JACK SPADES TWO,0.371,0.0232,0.6058
DIAMONDS QUEEN HEARTS ACE,0.3114,0.0054,0.6832
HEARTS SIX HEARTS FIVE,0.482,0.067,0.451
SPADES TWO DIAMONDS EIGHT,0.2576,0.5326,0.2098
CLUBS TWO CLUBS JACK,0.3716,0.019,0.6094
CLUBS SIX HEARTS KING,0.3518,0.0078,0.6404
CLUBS EIGHT HEARTS ACE,0.2186,0.0298,0.7516
CLUBS TEN CLUBS FOUR,0.3276,0.0298,0.6426
DIAMONDS THREE CLUBS EIGHT,0.0184,0.9608,0.0208
CLUBS SEVEN CLUBS FOUR,0.4884,0.069,0.4426
DIAMONDS THREE SPADES SIX,0.6052,0.1432,0.2516
CLUBS FOUR DIAMONDS FOUR,0.262,0.1034,0.6346
SPADES THREE CLUBS QUEEN,0.2622,0.034,0.7038
HEARTS FOUR CLUBS SIX,0.5082,0.0586,0.4332
DIAMONDS QUEEN HEARTS QUEEN,0.1312,0.027,0.8418
DIAMONDS THREE HEARTS FIVE,0.5728,0.142,0.2852
HEARTS FOUR SPADES FIVE,0.501,0.0712,0.4278
SPADES FIVE CLUBS KING,0.3524,0.0088,0.6388
SPADES THREE DIAMONDS SEVEN,0.6014,0.1488,0.2498
HEARTS FIVE HEARTS FOUR,0.4752,0.0622,0.4626
CLUBS SIX DIAMONDS TEN,0.3432,0.0264,0.6304
DIAMONDS TEN CLUBS KING,0.3172,0.0064,0.6764
CLUBS SIX DIAMONDS JACK,0.3712,0.0166,0.6122
CLUBS TEN CLUBS SIX,0.3212,0.0288,0.65
CLUBS FOUR CLUBS THREE,0.5354,0.1376,0.327
CLUBS NINE SPADES FIVE,0.3532,0.0422,0.6046
SPADES ACE SPADES SIX,0.3292,0.0058,0.665
HEARTS JACK CLUBS JACK,0.128,0.0358,0.8362
SPADES ACE DIAMONDS FOUR,0.3342,0.0054,0.6604
SPADES JACK SPADES SIX,0.3446,0.0158,0.6396
SPADES SIX DIAMONDS NINE,0.329,0.0478,0.6232
CLUBS FOUR SPADES FOUR,0.2488,0.1004,0.6508
SPADES FOUR CLUBS ACE,0.351,0.0042,0.6448
DIAMONDS TWO HEARTS KING,0.3888,0.01,0.6012
HEARTS FIVE DIAMONDS KING,0.3376,0.0092,0.6532
CLUBS SEVEN DIAMONDS TEN,0.3444,0.0252,0.6304
CLUBS TEN CLUBS ACE,0.3026,0.0034,0.694
SPADES JACK DIAMONDS TEN,0.2826,0.0156,0.7018
DIAMONDS KING HEARTS NINE,0.3182,0.0096,0.6722
SPADES JACK HEARTS EIGHT,0.2174,0.0656,0.717
HEARTS SEVEN SPADES FOUR,0.539,0.0654,0.3956
SPADES SEVEN DIAMONDS FIVE,0.5046,0.0714,0.424
HEARTS SEVEN SPADES FIVE,0.5116,0.0732,0.4152
SPADES SEVEN SPADES THREE,0.593,0.1318,0.2752
SPADES KING SPADES FOUR,0.3358,0.009,0.6552
SPADES QUEEN HEARTS NINE,0.3146,0.0116,0.6738
HEARTS SEVEN DIAMONDS QUEEN,0.3478,0.0118,0.6404
SPADES NINE HEARTS KING,0.3186,0.0078,0.6736
HEARTS FIVE CLUBS TWO,0.5498,0.0752,0.375
DIAMONDS THREE CLUBS KING,0.2424,0.025,0.7326
CLUBS SIX HEARTS QUEEN,0.3546,0.0112,0.6342
SPADES TEN DIAMONDS ACE,0.3048,0.0032,0.692
CLUBS NINE CLUBS QUEEN,0.2984,0.0104,0.6912
CLUBS SIX DIAMONDS QUEEN,0.3534,0.0102,0.6364
DIAMONDS QUEEN DIAMONDS TEN,0.2974,0.011,0.6916
DIAMONDS TWO SPADES TWO,0.3676,0.113,0.5194
DIAMONDS TWO HEARTS QUEEN,0.3894,0.0124,0.5982
HEARTS SEVEN HEARTS KING,0.3302,0.0086,0.6612
DIAMONDS JACK HEARTS QUEEN,0.3082,0.0138,0.678
HEARTS SIX HEARTS TWO,0.5328,0.0684,0.3988
SPADES TEN SPADES THREE,0.216,0.0734,0.7106
CLUBS NINE SPADES FOUR,0.354,0.0464,0.5996
DIAMONDS JACK DIAMONDS SEVEN,0.327,0.016,0.657
SPADES JACK HEARTS TEN,0.2952,0.0178,0.687
SPADES ACE HEARTS FOUR,0.3348,0.0066,0.6586
CLUBS SIX SPADES TWO,0.5714,0.0736,0.355
SPADES NINE HEARTS NINE,0.1242,0.0642,0.8116
SPADES JACK DIAMONDS KING,0.3188,0.0062,0.675
DIAMONDS TWO DIAMONDS SEVEN,0.556,0.0618,0.3822
HEARTS FIVE CLUBS FOUR,0.5022,0.0682,0.4296
DIAMONDS ACE HEARTS QUEEN,0.324,0.0048,0.6712
SPADES KING CLUBS FIVE,0.3432,0.0102,0.6466
SPADES KING DIAMONDS QUEEN,0.3262,0.0082,0.6656
DIAMONDS THREE CLUBS ACE,0.2386,0.0146,0.7468
HEARTS ACE CLUBS KING,0.3194,0.0042,0.6764
DIAMONDS SEVEN HEARTS EIGHT,0.2052,0.3034,0.4914
SPADES KING DIAMONDS FOUR,0.3356,0.0096,0.6548
HEARTS SIX CLUBS JACK,0.3424,0.0184,0.6392
CLUBS FIVE HEARTS NINE,0.3326,0.0406,0.6268
CLUBS EIGHT CLUBS KING,0.215,0.038,0.747
CLUBS SEVEN DIAMONDS SIX,0.5078,0.0574,0.4348
CLUBS THREE HEARTS ACE,0.2484,0.0172,0.7344
CLUBS KING HEARTS EIGHT,0.2098,0.0412,0.749
DIAMONDS TWO DIAMONDS FIVE,0.505,0.07,0.425
SPADES KING SPADES TEN,0.2974,0.0082,0.6944
DIAMONDS SEVEN HEARTS TEN,0.3302,0.0296,0.6402
SPADES JACK CLUBS JACK,0.1252,0.04,0.8348
CLUBS TWO HEARTS TEN,0.3742,0.0312,0.5946
HEARTS KING HEARTS QUEEN,0.2978,0.0052,0.697
SPADES NINE CLUBS KING,0.3198,0.0078,0.6724
SPADES NINE CLUBS TWO,0.3782,0.0406,0.5812
CLUBS SEVEN SPADES FIVE,0.519,0.069,0.412
SPADES TEN DIAMONDS FOUR,0.3518,0.0312,0.617
CLUBS NINE CLUBS JACK,0.2774,0.015,0.7076
HEARTS TWO SPADES FOUR,0.5654,0.075,0.3596
HEARTS FIVE SPADES FIVE,0.2496,0.0998,0.6506
CLUBS TEN SPADES QUEEN,0.3034,0.011,0.6856
DIAMONDS TEN DIAMONDS SEVEN,0.3276,0.0214,0.651
CLUBS TEN CLUBS TWO,0.351,0.028,0.621
HEARTS QUEEN DIAMONDS SEVEN,0.3368,0.0138,0.6494
SPADES QUEEN HEARTS EIGHT,0.214,0.051,0.735
CLUBS SEVEN SPADES FOUR,0.5314,0.065,0.4036
DIAMONDS KING CLUBS QUEEN,0.33,0.0068,0.6632
CLUBS JACK DIAMONDS FOUR,0.3504,0.02,0.6296
HEARTS SEVEN CLUBS FOUR,0.5326,0.0648,0.4026
DIAMONDS TWO HEARTS EIGHT,0.2402,0.5336,0.2262
SPADES TWO CLUBS ACE,0.3744,0.007,0.6186
DIAMONDS ACE CLUBS QUEEN,0.3258,0.0046,0.6696
HEARTS ACE DIAMONDS TEN,0.307,0.0062,0.6868
CLUBS SEVEN SPADES TWO,0.5832,0.0704,0.3464
HEARTS FOUR DIAMONDS EIGHT,0.21,0.5202,0.2698
CLUBS SEVEN CLUBS QUEEN,0.3362,0.0136,0.6502
DIAMONDS THREE CLUBS JACK,0.2356,0.0544,0.71
HEARTS SEVEN SPADES QUEEN,0.3558,0.0114,0.6328
DIAMONDS TEN DIAMONDS FIVE,0.318,0.027,0.655
SPADES ACE SPADES KING,0.2984,0.005,0.6966
SPADES SEVEN SPADES FOUR,0.503,0.0668,0.4302
HEARTS KING SPADES TWO,0.3726,0.0104,0.617
HEARTS QUEEN HEARTS JACK,0.3044,0.0106,0.685
DIAMONDS TWO CLUBS KING,0.3936,0.0072,0.5992
HEARTS ACE HEARTS TEN,0.2908,0.0042,0.705
SPADES TEN HEARTS TEN,0.1202,0.0462,0.8336
CLUBS SIX DIAMONDS NINE,0.3238,0.0406,0.6356
SPADES KING CLUBS KING,0.1218,0.0174,0.8608
HEARTS FIVE DIAMONDS EIGHT,0.2022,0.446,0.3518
HEARTS SIX CLUBS THREE,0.6054,0.1388,0.2558
SPADES ACE HEARTS TWO,0.3718,0.0048,0.6234
HEARTS SEVEN CLUBS FIVE,0.519,0.0662,0.4148
DIAMONDS QUEEN HEARTS JACK,0.3228,0.0102,0.667
DIAMONDS THREE DIAMONDS TWO,0.5634,0.1412,0.2954
HEARTS SIX SPADES FOUR,0.5098,0.0718,0.4184
HEARTS QUEEN CLUBS KING,0.3282,0.007,0.6648
DIAMONDS THREE DIAMONDS JACK,0.2346,0.0494,0.716
SPADES QUEEN DIAMONDS KING,0.3152,0.0064,0.6784
CLUBS THREE DIAMONDS FIVE,0.59,0.1392,0.2708
SPADES FOUR SPADES THREE,0.5542,0.1436,0.3022
SPADES NINE HEARTS JACK,0.3072,0.0168,0.676
CLUBS SEVEN DIAMONDS SEVEN,0.2474,0.0818,0.6708
HEARTS FIVE CLUBS ACE,0.3324,0.0054,0.6622
HEARTS TWO SPADES THREE,0.6052,0.1514,0.2434
