opposingHand,winningChance,drawChance,lostChance
HEARTS EIGHT SPADES SEVEN
HEARTS FIVE SPADES TEN,0.4296,0.0296,0.5408
SPADES JACK HEARTS FIVE,0.4308,0.021,0.5482
SPADES FIVE CLUBS JACK,0.4234,0.0188,0.5578
CLUBS TEN SPADES FIVE,0.4334,0.0276,0.539
CLUBS EIGHT CLUBS JACK,0.2406,0.057,0.7024
CLUBS TEN CLUBS EIGHT,0.249,0.074,0.677
CLUBS EIGHT CLUBS KING,0.2816,0.0306,0.6878
SPADES FIVE CLUBS ACE,0.4256,0.003,0.5714
CLUBS EIGHT CLUBS QUEEN,0.2498,0.0424,0.7078
SPADES FIVE CLUBS KING,0.4264,0.0068,0.5668
SPADES FIVE CLUBS QUEEN,0.4352,0.0104,0.5544
CLUBS EIGHT CLUBS ACE,0.2674,0.0216,0.711
DIAMONDS TWO DIAMONDS THREE,0.5854,0.0606,0.354
DIAMONDS TWO DIAMONDS FIVE,0.5706,0.0568,0.3726
SPADES KING HEARTS FIVE,0.4186,0.0088,0.5726
DIAMONDS TWO DIAMONDS FOUR,0.5794,0.0516,0.369
SPADES QUEEN HEARTS FIVE,0.4232,0.0138,0.563
DIAMONDS TWO DIAMONDS SEVEN,0.588,0.1326,0.2794
DIAMONDS TWO DIAMONDS SIX,0.5978,0.0576,0.3446
SPADES ACE HEARTS FIVE,0.4212,0.0048,0.574
DIAMONDS TWO DIAMONDS NINE,0.4182,0.038,0.5438
DIAMONDS TWO DIAMONDS EIGHT,0.4514,0.2848,0.2638
DIAMONDS THREE DIAMONDS FOUR,0.5634,0.058,0.3786
SPADES FOUR CLUBS TWO,0.6158,0.0666,0.3176
DIAMONDS THREE DIAMONDS FIVE,0.5616,0.0556,0.3828
SPADES FIVE CLUBS TWO,0.6064,0.0616,0.332
CLUBS TWO SPADES TWO,0.4282,0.0868,0.485
CLUBS TWO SPADES THREE,0.6308,0.059,0.3102
DIAMONDS THREE DIAMONDS EIGHT,0.4642,0.2736,0.2622
SPADES EIGHT CLUBS TWO,0.4882,0.2894,0.2224
DIAMONDS THREE DIAMONDS NINE,0.4218,0.0362,0.542
SPADES NINE CLUBS TWO,0.4358,0.0418,0.5224
DIAMONDS THREE DIAMONDS SIX,0.579,0.0598,0.3612
SPADES SIX CLUBS TWO,0.64,0.0584,0.3016
DIAMONDS THREE DIAMONDS SEVEN,0.5916,0.1414,0.267
CLUBS SIX CLUBS TWO,0.5908,0.0564,0.3528
CLUBS SEVEN CLUBS TWO,0.607,0.1258,0.2672
CLUBS FOUR CLUBS TWO,0.5772,0.0598,0.363
CLUBS FIVE CLUBS TWO,0.574,0.0574,0.3686
CLUBS TEN CLUBS JACK,0.3372,0.0114,0.6514
DIAMONDS FOUR DIAMONDS SIX,0.5618,0.0578,0.3804
CLUBS TEN CLUBS QUEEN,0.3442,0.0102,0.6456
DIAMONDS FOUR DIAMONDS SEVEN,0.5826,0.1342,0.2832
CLUBS TEN CLUBS KING,0.345,0.0058,0.6492
CLUBS TEN CLUBS ACE,0.3426,0.0038,0.6536
CLUBS EIGHT CLUBS TWO,0.4712,0.2706,0.2582
DIAMONDS FIVE DIAMONDS FOUR,0.555,0.0572,0.3878
CLUBS NINE CLUBS TWO,0.4254,0.0408,0.5338
DIAMONDS NINE DIAMONDS FOUR,0.4284,0.0386,0.533
DIAMONDS EIGHT DIAMONDS FOUR,0.452,0.2842,0.2638
CLUBS THREE CLUBS TWO,0.5838,0.0554,0.3608
DIAMONDS NINE DIAMONDS FIVE,0.3888,0.042,0.5692
DIAMONDS TWO CLUBS JACK,0.4476,0.0158,0.5366
DIAMONDS EIGHT DIAMONDS FIVE,0.4422,0.277,0.2808
CLUBS TEN DIAMONDS TWO,0.4398,0.0232,0.537
DIAMONDS FIVE DIAMONDS SEVEN,0.5742,0.1376,0.2882
DIAMONDS FIVE DIAMONDS SIX,0.5602,0.0578,0.382
DIAMONDS TWO CLUBS ACE,0.4438,0.0032,0.553
DIAMONDS TWO CLUBS KING,0.4324,0.0072,0.5604
DIAMONDS TWO CLUBS QUEEN,0.4264,0.0144,0.5592
DIAMONDS EIGHT DIAMONDS SIX,0.4404,0.286,0.2736
DIAMONDS NINE DIAMONDS SIX,0.393,0.0386,0.5684
HEARTS ACE SPADES THREE,0.4406,0.006,0.5534
SPADES THREE HEARTS KING,0.447,0.0084,0.5446
DIAMONDS SEVEN DIAMONDS SIX,0.583,0.1372,0.2798
SPADES THREE HEARTS QUEEN,0.4424,0.0134,0.5442
SPADES THREE HEARTS JACK,0.4432,0.0168,0.54
SPADES THREE HEARTS TEN,0.4442,0.0242,0.5316
DIAMONDS EIGHT DIAMONDS SEVEN,0.0232,0.9044,0.0724
DIAMONDS NINE DIAMONDS SEVEN,0.2432,0.0966,0.6602
DIAMONDS NINE DIAMONDS EIGHT,0.2326,0.0964,0.671
DIAMONDS KING HEARTS TEN,0.367,0.007,0.626
HEARTS THREE HEARTS TEN,0.4258,0.0266,0.5476
SPADES JACK CLUBS SIX,0.4334,0.0146,0.552
DIAMONDS KING HEARTS JACK,0.3648,0.0046,0.6306
HEARTS THREE HEARTS JACK,0.4212,0.0192,0.5596
SPADES TEN CLUBS SIX,0.4134,0.0236,0.563
SPADES JACK SPADES FIVE,0.4098,0.015,0.5752
SPADES TEN SPADES FIVE,0.4118,0.0266,0.5616
DIAMONDS KING HEARTS ACE,0.3652,0.004,0.6308
HEARTS THREE HEARTS ACE,0.4122,0.0044,0.5834
SPADES ACE CLUBS SIX,0.4148,0.004,0.5812
DIAMONDS KING HEARTS QUEEN,0.3476,0.0042,0.6482
HEARTS THREE HEARTS QUEEN,0.4188,0.0102,0.571
SPADES KING CLUBS SIX,0.4246,0.0074,0.568
DIAMONDS KING HEARTS KING,0.183,0.014,0.803
HEARTS THREE HEARTS KING,0.42,0.0098,0.5702
SPADES QUEEN CLUBS SIX,0.415,0.0118,0.5732
SPADES NINE HEARTS TEN,0.3246,0.0254,0.65
SPADES NINE HEARTS JACK,0.337,0.0144,0.6486
SPADES QUEEN SPADES FIVE,0.4094,0.0116,0.579
SPADES KING SPADES FIVE,0.398,0.0074,0.5946
SPADES ACE SPADES FIVE,0.401,0.0074,0.5916
SPADES NINE HEARTS QUEEN,0.3502,0.0118,0.638
SPADES NINE HEARTS KING,0.3586,0.01,0.6314
SPADES NINE HEARTS ACE,0.38,0.004,0.616
CLUBS TEN SPADES JACK,0.3562,0.0146,0.6292
CLUBS TEN SPADES TEN,0.172,0.0476,0.7804
SPADES ACE CLUBS TEN,0.3668,0.0048,0.6284
SPADES KING CLUBS TEN,0.3568,0.0068,0.6364
CLUBS TEN SPADES QUEEN,0.3436,0.01,0.6464
SPADES FIVE HEARTS QUEEN,0.4132,0.013,0.5738
SPADES FIVE HEARTS KING,0.4292,0.008,0.5628
SPADES FIVE HEARTS ACE,0.4204,0.0052,0.5744
CLUBS EIGHT SPADES TEN,0.2488,0.0732,0.678
HEARTS THREE SPADES JACK,0.4386,0.017,0.5444
SPADES JACK DIAMONDS KING,0.362,0.0066,0.6314
SPADES TEN DIAMONDS KING,0.3636,0.0072,0.6292
HEARTS THREE SPADES TEN,0.4396,0.025,0.5354
SPADES JACK CLUBS EIGHT,0.2624,0.0584,0.6792
CLUBS SIX HEARTS ACE,0.416,0.0042,0.5798
SPADES ACE CLUBS EIGHT,0.2844,0.0282,0.6874
HEARTS FIVE CLUBS JACK,0.4294,0.0158,0.5548
CLUBS TEN HEARTS FIVE,0.4328,0.0232,0.544
CLUBS SIX HEARTS QUEEN,0.4226,0.0126,0.5648
SPADES QUEEN CLUBS EIGHT,0.2638,0.0402,0.696
CLUBS TEN SPADES THREE,0.464,0.028,0.508
CLUBS SIX HEARTS KING,0.4254,0.0076,0.567
SPADES KING CLUBS EIGHT,0.2794,0.0344,0.6862
SPADES THREE CLUBS JACK,0.4594,0.018,0.5226
DIAMONDS TWO HEARTS JACK,0.439,0.0172,0.5438
SPADES THREE CLUBS QUEEN,0.4544,0.013,0.5326
DIAMONDS TWO HEARTS TEN,0.4272,0.0312,0.5416
SPADES THREE CLUBS KING,0.4518,0.0098,0.5384
HEARTS FIVE CLUBS ACE,0.4164,0.0044,0.5792
SPADES FIVE HEARTS TEN,0.4284,0.0282,0.5434
SPADES THREE CLUBS ACE,0.4392,0.0038,0.557
HEARTS FIVE CLUBS KING,0.4342,0.0086,0.5572
SPADES FIVE HEARTS JACK,0.4378,0.0172,0.545
HEARTS FIVE CLUBS QUEEN,0.4284,0.0114,0.5602
HEARTS THREE CLUBS KING,0.4466,0.0084,0.545
DIAMONDS KING CLUBS KING,0.191,0.0114,0.7976
HEARTS THREE CLUBS QUEEN,0.4386,0.0138,0.5476
DIAMONDS KING CLUBS QUEEN,0.3694,0.0056,0.625
HEARTS FIVE HEARTS JACK,0.4126,0.0186,0.5688
HEARTS FIVE HEARTS TEN,0.4142,0.0262,0.5596
HEARTS THREE CLUBS ACE,0.4478,0.0036,0.5486
DIAMONDS KING CLUBS ACE,0.3744,0.0032,0.6224
SPADES ACE CLUBS QUEEN,0.3632,0.0038,0.633
SPADES KING CLUBS QUEEN,0.355,0.0058,0.6392
HEARTS THREE CLUBS JACK,0.4524,0.017,0.5306
DIAMONDS KING CLUBS JACK,0.3622,0.0056,0.6322
SPADES QUEEN CLUBS QUEEN,0.1864,0.0284,0.7852
CLUBS TEN HEARTS THREE,0.446,0.0252,0.5288
CLUBS TEN DIAMONDS KING,0.3778,0.005,0.6172
SPADES JACK CLUBS QUEEN,0.3614,0.0094,0.6292
CLUBS SIX CLUBS QUEEN,0.4008,0.0096,0.5896
SPADES TEN CLUBS QUEEN,0.3542,0.013,0.6328
CLUBS SIX CLUBS KING,0.3962,0.0068,0.597
CLUBS SIX CLUBS ACE,0.3962,0.0032,0.6006
HEARTS FIVE HEARTS KING,0.4166,0.007,0.5764
HEARTS FIVE HEARTS QUEEN,0.4068,0.0118,0.5814
CLUBS TEN CLUBS SIX,0.3822,0.0252,0.5926
HEARTS FIVE HEARTS ACE,0.3896,0.0058,0.6046
CLUBS SIX CLUBS JACK,0.4142,0.0154,0.5704
DIAMONDS TWO CLUBS TWO,0.4144,0.0872,0.4984
DIAMONDS TWO CLUBS THREE,0.6234,0.0586,0.318
HEARTS SIX DIAMONDS TWO,0.6346,0.0608,0.3046
DIAMONDS TWO HEARTS QUEEN,0.4414,0.0124,0.5462
DIAMONDS TWO HEARTS SEVEN,0.6394,0.1496,0.211
DIAMONDS TWO HEARTS KING,0.4406,0.0072,0.5522
DIAMONDS TWO HEARTS ACE,0.4374,0.0054,0.5572
DIAMONDS TWO HEARTS NINE,0.4376,0.0472,0.5152
DIAMONDS TWO DIAMONDS QUEEN,0.4086,0.0096,0.5818
DIAMONDS TWO HEARTS TWO,0.4292,0.0884,0.4824
DIAMONDS TWO DIAMONDS KING,0.4096,0.009,0.5814
HEARTS THREE DIAMONDS TWO,0.6172,0.0618,0.321
DIAMONDS TWO DIAMONDS ACE,0.413,0.005,0.582
HEARTS FOUR DIAMONDS TWO,0.6236,0.0586,0.3178
DIAMONDS TWO HEARTS FIVE,0.611,0.0628,0.3262
DIAMONDS TWO DIAMONDS TEN,0.4102,0.0242,0.5656
DIAMONDS TWO DIAMONDS JACK,0.4216,0.0192,0.5592
DIAMONDS TWO SPADES NINE,0.4466,0.043,0.5104
DIAMONDS TWO SPADES EIGHT,0.4744,0.3032,0.2224
DIAMONDS TWO SPADES SIX,0.6446,0.062,0.2934
DIAMONDS TWO SPADES FIVE,0.6122,0.063,0.3248
DIAMONDS TWO SPADES FOUR,0.6208,0.0606,0.3186
DIAMONDS TWO SPADES THREE,0.6488,0.06,0.2912
DIAMONDS TWO SPADES TWO,0.4202,0.0858,0.494
CLUBS NINE DIAMONDS TWO,0.4452,0.0438,0.511
DIAMONDS TWO CLUBS EIGHT,0.489,0.2942,0.2168
CLUBS SEVEN DIAMONDS TWO,0.632,0.1506,0.2174
DIAMONDS TWO CLUBS SIX,0.6304,0.058,0.3116
DIAMONDS TWO CLUBS FIVE,0.6138,0.0632,0.323
DIAMONDS TWO CLUBS FOUR,0.6096,0.0592,0.3312
CLUBS FOUR SPADES FIVE,0.5864,0.0638,0.3498
CLUBS FOUR SPADES FOUR,0.4194,0.0858,0.4948
CLUBS FOUR SPADES THREE,0.603,0.061,0.336
CLUBS FOUR SPADES TWO,0.606,0.07,0.324
SPADES NINE CLUBS FOUR,0.4376,0.0392,0.5232
SPADES EIGHT CLUBS FOUR,0.48,0.2928,0.2272
SPADES SIX CLUBS FOUR,0.6186,0.0604,0.321
SPADES ACE DIAMONDS SIX,0.4188,0.0026,0.5786
SPADES QUEEN DIAMONDS SIX,0.4078,0.0128,0.5794
SPADES KING DIAMONDS SIX,0.4198,0.007,0.5732
SPADES TEN DIAMONDS SIX,0.4246,0.0276,0.5478
SPADES JACK DIAMONDS SIX,0.425,0.0188,0.5562
SPADES QUEEN SPADES TWO,0.4158,0.013,0.5712
SPADES KING SPADES TWO,0.413,0.009,0.578
SPADES ACE SPADES TWO,0.4124,0.0044,0.5832
DIAMONDS JACK CLUBS JACK,0.1878,0.036,0.7762
CLUBS TEN DIAMONDS JACK,0.3522,0.0138,0.634
DIAMONDS JACK CLUBS KING,0.3692,0.0068,0.624
DIAMONDS JACK CLUBS QUEEN,0.3666,0.0102,0.6232
DIAMONDS THREE DIAMONDS JACK,0.4148,0.0202,0.565
DIAMONDS THREE DIAMONDS TEN,0.4226,0.0256,0.5518
DIAMONDS JACK CLUBS ACE,0.3698,0.0026,0.6276
DIAMONDS THREE DIAMONDS KING,0.4144,0.0088,0.5768
HEARTS THREE DIAMONDS THREE,0.4302,0.0892,0.4806
DIAMONDS THREE DIAMONDS QUEEN,0.413,0.0104,0.5766
DIAMONDS THREE HEARTS TWO,0.6292,0.062,0.3088
HEARTS FIVE DIAMONDS THREE,0.6084,0.0534,0.3382
DIAMONDS THREE DIAMONDS ACE,0.4048,0.0044,0.5908
HEARTS FOUR DIAMONDS THREE,0.6192,0.0596,0.3212
DIAMONDS THREE HEARTS SEVEN,0.6428,0.1424,0.2148
SPADES TEN SPADES NINE,0.3308,0.0226,0.6466
HEARTS SIX DIAMONDS THREE,0.624,0.06,0.316
SPADES JACK SPADES NINE,0.329,0.0176,0.6534
DIAMONDS THREE HEARTS NINE,0.4522,0.039,0.5088
HEARTS JACK DIAMONDS FOUR,0.4264,0.0174,0.5562
HEARTS ACE HEARTS KING,0.352,0.0054,0.6426
SPADES TEN SPADES TWO,0.4192,0.0268,0.554
HEARTS TEN DIAMONDS FOUR,0.4328,0.025,0.5422
SPADES JACK SPADES TWO,0.4274,0.0174,0.5552
HEARTS QUEEN DIAMONDS FOUR,0.427,0.014,0.559
HEARTS KING DIAMONDS FOUR,0.4224,0.0078,0.5698
SPADES ACE SPADES NINE,0.3634,0.0042,0.6324
HEARTS ACE DIAMONDS FOUR,0.423,0.0042,0.5728
SPADES KING SPADES NINE,0.3454,0.0058,0.6488
SPADES QUEEN SPADES NINE,0.3484,0.0136,0.638
DIAMONDS THREE SPADES NINE,0.4414,0.0424,0.5162
DIAMONDS THREE SPADES EIGHT,0.4862,0.2952,0.2186
DIAMONDS THREE SPADES SIX,0.635,0.0576,0.3074
DIAMONDS THREE CLUBS SIX,0.6226,0.0592,0.3182
CLUBS FIVE CLUBS SIX,0.5626,0.0558,0.3816
CLUBS ACE DIAMONDS FOUR,0.4404,0.0036,0.556
CLUBS SEVEN DIAMONDS THREE,0.6404,0.1382,0.2214
CLUBS SEVEN CLUBS FIVE,0.5606,0.1396,0.2998
DIAMONDS THREE CLUBS FOUR,0.6054,0.0588,0.3358
DIAMONDS FOUR CLUBS QUEEN,0.4302,0.0086,0.5612
DIAMONDS THREE CLUBS FIVE,0.606,0.0578,0.3362
CLUBS KING DIAMONDS FOUR,0.4426,0.0076,0.5498
DIAMONDS THREE CLUBS TWO,0.6336,0.0586,0.3078
CLUBS TEN DIAMONDS FOUR,0.4386,0.0208,0.5406
DIAMONDS THREE CLUBS THREE,0.415,0.0836,0.5014
DIAMONDS FOUR CLUBS JACK,0.4356,0.0156,0.5488
DIAMONDS THREE SPADES FOUR,0.6108,0.0622,0.327
DIAMONDS THREE SPADES FIVE,0.5984,0.064,0.3376
DIAMONDS THREE SPADES TWO,0.6278,0.0644,0.3078
DIAMONDS THREE SPADES THREE,0.4232,0.0808,0.496
CLUBS EIGHT DIAMONDS THREE,0.4858,0.2972,0.217
CLUBS NINE DIAMONDS THREE,0.4438,0.0354,0.5208
CLUBS FIVE SPADES SIX,0.6066,0.0664,0.327
CLUBS FIVE SPADES NINE,0.408,0.0402,0.5518
CLUBS FIVE SPADES EIGHT,0.4748,0.2984,0.2268
CLUBS FIVE SPADES THREE,0.6148,0.0534,0.3318
CLUBS FIVE SPADES TWO,0.623,0.0592,0.3178
CLUBS FIVE SPADES FIVE,0.404,0.0856,0.5104
CLUBS FIVE SPADES FOUR,0.593,0.0612,0.3458
CLUBS NINE CLUBS FIVE,0.4074,0.0402,0.5524
CLUBS EIGHT CLUBS FIVE,0.4394,0.2826,0.278
CLUBS ACE CLUBS QUEEN,0.3446,0.0044,0.651
CLUBS KING CLUBS QUEEN,0.3378,0.0062,0.656
DIAMONDS TEN DIAMONDS FOUR,0.3984,0.025,0.5766
CLUBS TEN DIAMONDS NINE,0.3452,0.021,0.6338
DIAMONDS JACK DIAMONDS FOUR,0.4074,0.0162,0.5764
DIAMONDS NINE CLUBS JACK,0.366,0.016,0.618
SPADES NINE CLUBS JACK,0.351,0.0162,0.6328
CLUBS TEN SPADES NINE,0.3402,0.0246,0.6352
DIAMONDS ACE DIAMONDS FOUR,0.4042,0.0032,0.5926
HEARTS FOUR DIAMONDS FOUR,0.4226,0.084,0.4934
DIAMONDS JACK HEARTS TEN,0.3452,0.013,0.6418
SPADES NINE CLUBS KING,0.3606,0.0064,0.633
DIAMONDS TWO SPADES TEN,0.4384,0.0282,0.5334
DIAMONDS NINE CLUBS ACE,0.3742,0.0048,0.621
HEARTS FIVE DIAMONDS FOUR,0.5898,0.0614,0.3488
DIAMONDS JACK HEARTS JACK,0.1834,0.0344,0.7822
SPADES NINE CLUBS QUEEN,0.3488,0.011,0.6402
DIAMONDS TWO SPADES JACK,0.4396,0.016,0.5444
DIAMONDS QUEEN DIAMONDS FOUR,0.4048,0.0148,0.5804
HEARTS TWO DIAMONDS FOUR,0.6106,0.0536,0.3358
DIAMONDS NINE CLUBS QUEEN,0.348,0.0084,0.6436
DIAMONDS KING DIAMONDS FOUR,0.4046,0.0082,0.5872
HEARTS THREE DIAMONDS FOUR,0.6038,0.0592,0.337
SPADES NINE CLUBS ACE,0.3722,0.0036,0.6242
DIAMONDS NINE CLUBS KING,0.367,0.0066,0.6264
HEARTS ACE DIAMONDS JACK,0.3646,0.0046,0.6308
SPADES ACE DIAMONDS TWO,0.4492,0.0052,0.5456
HEARTS QUEEN DIAMONDS JACK,0.3708,0.011,0.6182
SPADES QUEEN DIAMONDS TWO,0.4346,0.0136,0.5518
DIAMONDS JACK HEARTS KING,0.3504,0.0044,0.6452
SPADES KING DIAMONDS TWO,0.4252,0.0074,0.5674
CLUBS SEVEN CLUBS THREE,0.5898,0.141,0.2692
CLUBS SIX CLUBS THREE,0.575,0.0548,0.3702
CLUBS FIVE CLUBS THREE,0.5636,0.058,0.3784
CLUBS THREE CLUBS FOUR,0.5646,0.0568,0.3786
CLUBS NINE CLUBS THREE,0.412,0.0358,0.5522
CLUBS EIGHT CLUBS THREE,0.473,0.2748,0.2522
CLUBS THREE SPADES FIVE,0.5994,0.065,0.3356
CLUBS THREE SPADES FOUR,0.614,0.0654,0.3206
CLUBS THREE SPADES THREE,0.4424,0.0924,0.4652
CLUBS THREE SPADES TWO,0.6162,0.0618,0.322
CLUBS THREE SPADES SIX,0.6362,0.0606,0.3032
SPADES EIGHT CLUBS THREE,0.4818,0.304,0.2142
SPADES NINE CLUBS THREE,0.4398,0.0394,0.5208
SPADES TWO DIAMONDS FOUR,0.6302,0.0608,0.309
SPADES THREE DIAMONDS FOUR,0.6048,0.0632,0.332
SPADES FOUR DIAMONDS FOUR,0.4376,0.0822,0.4802
SPADES FIVE DIAMONDS FOUR,0.6142,0.0594,0.3264
SPADES SIX DIAMONDS FOUR,0.6102,0.0608,0.329
SPADES EIGHT DIAMONDS FOUR,0.4838,0.2934,0.2228
SPADES NINE DIAMONDS FOUR,0.4314,0.0386,0.53
CLUBS FIVE DIAMONDS FOUR,0.596,0.058,0.346
CLUBS FOUR DIAMONDS FOUR,0.4194,0.0832,0.4974
CLUBS SEVEN DIAMONDS FOUR,0.6226,0.1454,0.232
CLUBS SIX DIAMONDS FOUR,0.607,0.0612,0.3318
CLUBS NINE DIAMONDS FOUR,0.433,0.0338,0.5332
CLUBS EIGHT DIAMONDS FOUR,0.4828,0.2932,0.224
DIAMONDS FOUR HEARTS SEVEN,0.6298,0.1426,0.2276
HEARTS SIX DIAMONDS FOUR,0.6164,0.0654,0.3182
DIAMONDS FOUR HEARTS NINE,0.4316,0.039,0.5294
CLUBS THREE DIAMONDS FOUR,0.5966,0.0634,0.34
CLUBS TWO DIAMONDS FOUR,0.6072,0.065,0.3278
DIAMONDS TEN DIAMONDS FIVE,0.4026,0.0212,0.5762
DIAMONDS JACK DIAMONDS FIVE,0.3986,0.0184,0.583
DIAMONDS NINE HEARTS QUEEN,0.3528,0.0114,0.6358
DIAMONDS NINE HEARTS KING,0.3668,0.005,0.6282
HEARTS ACE DIAMONDS NINE,0.3746,0.0034,0.622
DIAMONDS NINE HEARTS TEN,0.345,0.0226,0.6324
DIAMONDS NINE HEARTS JACK,0.3444,0.0174,0.6382
CLUBS KING DIAMONDS SIX,0.4394,0.0062,0.5544
CLUBS QUEEN DIAMONDS SIX,0.4102,0.0092,0.5806
CLUBS ACE DIAMONDS SIX,0.441,0.0036,0.5554
SPADES KING DIAMONDS FOUR,0.4394,0.0064,0.5542
SPADES QUEEN DIAMONDS FOUR,0.427,0.012,0.561
CLUBS JACK DIAMONDS SIX,0.4184,0.0164,0.5652
SPADES ACE DIAMONDS FOUR,0.4256,0.0052,0.5692
CLUBS TEN DIAMONDS SIX,0.417,0.0238,0.5592
CLUBS NINE CLUBS FOUR,0.4272,0.037,0.5358
CLUBS EIGHT CLUBS FOUR,0.4584,0.277,0.2646
SPADES JACK DIAMONDS FOUR,0.4348,0.0188,0.5464
SPADES TEN DIAMONDS FOUR,0.415,0.0322,0.5528
CLUBS FIVE CLUBS FOUR,0.5518,0.0572,0.391
CLUBS SEVEN CLUBS FOUR,0.583,0.1326,0.2844
CLUBS SIX CLUBS FOUR,0.573,0.0572,0.3698
CLUBS SEVEN SPADES EIGHT,0.0094,0.9692,0.0214
CLUBS SEVEN SPADES NINE,0.2546,0.0982,0.6472
CLUBS SEVEN SPADES SIX,0.618,0.1512,0.2308
CLUBS SEVEN SPADES FIVE,0.6162,0.1438,0.24
CLUBS SEVEN SPADES FOUR,0.6356,0.1308,0.2336
CLUBS SEVEN SPADES THREE,0.6496,0.1456,0.2048
CLUBS SEVEN SPADES TWO,0.6498,0.1398,0.2104
CLUBS NINE CLUBS SEVEN,0.241,0.102,0.657
CLUBS SEVEN CLUBS EIGHT,0.0176,0.9046,0.0778
HEARTS SIX DIAMONDS FIVE,0.6012,0.0618,0.337
DIAMONDS FIVE HEARTS SEVEN,0.618,0.145,0.237
DIAMONDS FIVE HEARTS NINE,0.4128,0.0422,0.545
DIAMONDS QUEEN DIAMONDS FIVE,0.4004,0.0182,0.5814
HEARTS TWO DIAMONDS FIVE,0.6224,0.0558,0.3218
DIAMONDS KING DIAMONDS FIVE,0.4014,0.0068,0.5918
HEARTS THREE DIAMONDS FIVE,0.606,0.068,0.326
DIAMONDS ACE DIAMONDS FIVE,0.3924,0.0038,0.6038
HEARTS FOUR DIAMONDS FIVE,0.5836,0.0646,0.3518
HEARTS FIVE DIAMONDS FIVE,0.415,0.0788,0.5062
CLUBS FOUR DIAMONDS FIVE,0.5816,0.0622,0.3562
CLUBS FIVE DIAMONDS FIVE,0.3924,0.075,0.5326
CLUBS SIX DIAMONDS FIVE,0.5946,0.0584,0.347
CLUBS SEVEN DIAMONDS FIVE,0.6072,0.1402,0.2526
CLUBS TWO DIAMONDS FIVE,0.6156,0.0642,0.3202
CLUBS THREE DIAMONDS FIVE,0.61,0.0608,0.3292
SPADES THREE DIAMONDS FIVE,0.6206,0.0594,0.32
SPADES TWO DIAMONDS FIVE,0.6198,0.0626,0.3176
SPADES JACK DIAMONDS EIGHT,0.267,0.0614,0.6716
SPADES FIVE DIAMONDS FIVE,0.3974,0.0926,0.51
CLUBS TEN HEARTS JACK,0.342,0.0134,0.6446
SPADES TEN DIAMONDS EIGHT,0.259,0.0796,0.6614
SPADES FOUR DIAMONDS FIVE,0.5936,0.0592,0.3472
HEARTS JACK CLUBS JACK,0.186,0.0348,0.7792
HEARTS JACK CLUBS QUEEN,0.3494,0.009,0.6416
CLUBS NINE DIAMONDS FIVE,0.4184,0.0474,0.5342
CLUBS KING HEARTS JACK,0.373,0.0048,0.6222
CLUBS EIGHT DIAMONDS FIVE,0.4614,0.3076,0.231
CLUBS ACE HEARTS JACK,0.3774,0.0024,0.6202
SPADES KING DIAMONDS EIGHT,0.2704,0.0322,0.6974
SPADES SIX DIAMONDS FIVE,0.6032,0.058,0.3388
SPADES QUEEN DIAMONDS EIGHT,0.2594,0.0448,0.6958
SPADES NINE DIAMONDS FIVE,0.4112,0.0352,0.5536
SPADES EIGHT DIAMONDS FIVE,0.476,0.295,0.229
SPADES ACE DIAMONDS EIGHT,0.274,0.0264,0.6996
DIAMONDS TEN DIAMONDS SIX,0.3936,0.0234,0.583
HEARTS ACE DIAMONDS SEVEN,0.2816,0.0226,0.6958
DIAMONDS JACK DIAMONDS SIX,0.3974,0.0178,0.5848
HEARTS QUEEN DIAMONDS SEVEN,0.2836,0.0404,0.676
HEARTS KING DIAMONDS SEVEN,0.294,0.035,0.671
DIAMONDS ACE DIAMONDS SIX,0.4008,0.004,0.5952
HEARTS FOUR DIAMONDS SIX,0.6224,0.059,0.3186
SPADES TWO HEARTS JACK,0.453,0.0192,0.5278
HEARTS FIVE DIAMONDS SIX,0.5898,0.0628,0.3474
SPADES TWO HEARTS TEN,0.4468,0.0276,0.5256
DIAMONDS QUEEN DIAMONDS SIX,0.3998,0.009,0.5912
HEARTS TWO DIAMONDS SIX,0.6294,0.0648,0.3058
DIAMONDS KING DIAMONDS SIX,0.4,0.007,0.593
HEARTS THREE DIAMONDS SIX,0.6222,0.0628,0.315
HEARTS NINE DIAMONDS SIX,0.4154,0.0378,0.5468
HEARTS SIX DIAMONDS SIX,0.3944,0.0852,0.5204
HEARTS SEVEN DIAMONDS SIX,0.639,0.1262,0.2348
HEARTS TEN DIAMONDS SEVEN,0.2588,0.0808,0.6604
CLUBS TWO DIAMONDS SIX,0.6408,0.0602,0.299
HEARTS JACK DIAMONDS SEVEN,0.2728,0.0618,0.6654
CLUBS THREE DIAMONDS SIX,0.6142,0.0668,0.319
CLUBS SEVEN DIAMONDS SIX,0.6206,0.138,0.2414
DIAMONDS EIGHT CLUBS JACK,0.2846,0.052,0.6634
CLUBS SIX DIAMONDS SIX,0.394,0.0836,0.5224
CLUBS TEN DIAMONDS EIGHT,0.2602,0.0806,0.6592
CLUBS FIVE DIAMONDS SIX,0.5992,0.0594,0.3414
CLUBS FOUR DIAMONDS SIX,0.6052,0.062,0.3328
HEARTS ACE HEARTS JACK,0.352,0.0044,0.6436
DIAMONDS EIGHT CLUBS ACE,0.2804,0.0254,0.6942
HEARTS QUEEN HEARTS JACK,0.3514,0.01,0.6386
DIAMONDS EIGHT CLUBS KING,0.2858,0.0316,0.6826
CLUBS NINE DIAMONDS SIX,0.4094,0.036,0.5546
HEARTS KING HEARTS JACK,0.3448,0.006,0.6492
DIAMONDS EIGHT CLUBS QUEEN,0.282,0.0456,0.6724
CLUBS EIGHT DIAMONDS SIX,0.4704,0.3076,0.222
SPADES TEN HEARTS KING,0.3516,0.0072,0.6412
SPADES FIVE DIAMONDS SIX,0.6062,0.0616,0.3322
HEARTS ACE SPADES TWO,0.4424,0.0044,0.5532
SPADES JACK HEARTS KING,0.3616,0.007,0.6314
SPADES FOUR DIAMONDS SIX,0.6184,0.0628,0.3188
SPADES THREE DIAMONDS SIX,0.6276,0.063,0.3094
HEARTS QUEEN SPADES TWO,0.4458,0.0138,0.5404
SPADES ACE SPADES KING,0.353,0.0044,0.6426
SPADES TWO HEARTS KING,0.45,0.0072,0.5428
SPADES TWO DIAMONDS SIX,0.64,0.0664,0.2936
SPADES NINE DIAMONDS SIX,0.4058,0.0414,0.5528
SPADES EIGHT DIAMONDS SIX,0.4686,0.3022,0.2292
SPADES SIX DIAMONDS SIX,0.3858,0.0808,0.5334
SPADES KING HEARTS KING,0.1688,0.018,0.8132
SPADES QUEEN HEARTS KING,0.3448,0.0078,0.6474
CLUBS ACE CLUBS KING,0.3662,0.003,0.6308
SPADES ACE HEARTS KING,0.376,0.0048,0.6192
SPADES ACE HEARTS JACK,0.3694,0.004,0.6266
SPADES QUEEN HEARTS JACK,0.3456,0.0098,0.6446
SPADES KING HEARTS JACK,0.3516,0.0068,0.6416
SPADES TEN DIAMONDS TEN,0.1748,0.0534,0.7718
SPADES JACK DIAMONDS TEN,0.3456,0.0134,0.641
SPADES ACE DIAMONDS TEN,0.3716,0.0038,0.6246
SPADES JACK HEARTS JACK,0.1722,0.0354,0.7924
SPADES TEN HEARTS JACK,0.337,0.0154,0.6476
SPADES QUEEN DIAMONDS TEN,0.354,0.0098,0.6362
SPADES KING DIAMONDS TEN,0.3718,0.0052,0.623
SPADES NINE DIAMONDS SEVEN,0.2462,0.1092,0.6446
SPADES EIGHT DIAMONDS SEVEN,0.011,0.97,0.019
SPADES SIX DIAMONDS SEVEN,0.6166,0.1386,0.2448
DIAMONDS KING DIAMONDS SEVEN,0.2774,0.0296,0.693
HEARTS THREE DIAMONDS SEVEN,0.6466,0.143,0.2104
HEARTS KING DIAMONDS FIVE,0.4226,0.0084,0.569
DIAMONDS QUEEN DIAMONDS SEVEN,0.2764,0.0386,0.685
HEARTS TWO DIAMONDS SEVEN,0.6414,0.1484,0.2102
HEARTS QUEEN DIAMONDS FIVE,0.422,0.0122,0.5658
HEARTS FIVE DIAMONDS SEVEN,0.6106,0.1462,0.2432
DIAMONDS ACE DIAMONDS SEVEN,0.2692,0.0206,0.7102
HEARTS FOUR DIAMONDS SEVEN,0.6216,0.1486,0.2298
HEARTS ACE DIAMONDS FIVE,0.4116,0.0022,0.5862
HEARTS SEVEN DIAMONDS SEVEN,0.3238,0.0704,0.6058
HEARTS SIX DIAMONDS SEVEN,0.6188,0.1452,0.236
DIAMONDS SEVEN HEARTS NINE,0.2404,0.096,0.6636
DIAMONDS JACK DIAMONDS SEVEN,0.2634,0.0556,0.681
DIAMONDS FIVE HEARTS JACK,0.4214,0.019,0.5596
DIAMONDS TEN DIAMONDS SEVEN,0.2722,0.0658,0.662
HEARTS TEN DIAMONDS FIVE,0.4362,0.0286,0.5352
SPADES KING CLUBS TWO,0.4498,0.008,0.5422
HEARTS KING CLUBS KING,0.1808,0.0138,0.8054
CLUBS EIGHT DIAMONDS SEVEN,0.0232,0.9564,0.0204
SPADES QUEEN CLUBS TWO,0.433,0.0114,0.5556
HEARTS KING CLUBS QUEEN,0.3628,0.0038,0.6334
CLUBS NINE DIAMONDS SEVEN,0.2518,0.098,0.6502
SPADES TWO CLUBS JACK,0.445,0.0172,0.5378
SPADES ACE CLUBS TWO,0.4284,0.0054,0.5662
CLUBS TEN SPADES TWO,0.4578,0.0254,0.5168
HEARTS KING CLUBS ACE,0.3808,0.0014,0.6178
CLUBS SEVEN CLUBS SIX,0.5668,0.1446,0.2886
SPADES TWO CLUBS KING,0.4478,0.0094,0.5428
SPADES TWO DIAMONDS SEVEN,0.6366,0.1516,0.2118
CLUBS EIGHT CLUBS SIX,0.4458,0.2828,0.2714
SPADES THREE DIAMONDS SEVEN,0.646,0.1408,0.2132
SPADES TWO CLUBS QUEEN,0.4472,0.012,0.5408
CLUBS NINE CLUBS SIX,0.383,0.0372,0.5798
SPADES FOUR DIAMONDS SEVEN,0.6208,0.141,0.2382
HEARTS KING CLUBS JACK,0.3602,0.006,0.6338
SPADES FIVE DIAMONDS SEVEN,0.6082,0.1426,0.2492
SPADES TWO CLUBS ACE,0.4432,0.0036,0.5532
CLUBS TEN HEARTS KING,0.3646,0.0066,0.6288
CLUBS SIX SPADES TWO,0.6394,0.0624,0.2982
CLUBS SIX SPADES THREE,0.6356,0.056,0.3084
CLUBS TWO DIAMONDS SEVEN,0.6442,0.141,0.2148
CLUBS SIX SPADES FOUR,0.6028,0.062,0.3352
CLUBS THREE DIAMONDS SEVEN,0.6372,0.1488,0.214
CLUBS SIX SPADES FIVE,0.608,0.063,0.329
CLUBS FOUR DIAMONDS SEVEN,0.6202,0.1338,0.246
CLUBS SIX SPADES SIX,0.393,0.0794,0.5276
CLUBS FIVE DIAMONDS SEVEN,0.599,0.1438,0.2572
CLUBS SIX DIAMONDS SEVEN,0.6068,0.1334,0.2598
CLUBS SIX SPADES EIGHT,0.4784,0.3008,0.2208
SPADES JACK CLUBS TWO,0.447,0.0176,0.5354
CLUBS SEVEN DIAMONDS SEVEN,0.3124,0.0734,0.6142
SPADES NINE CLUBS SIX,0.4096,0.036,0.5544
SPADES TEN CLUBS TWO,0.4432,0.0278,0.529
CLUBS TWO CLUBS QUEEN,0.4132,0.0096,0.5772
CLUBS TWO CLUBS KING,0.4164,0.0078,0.5758
CLUBS THREE DIAMONDS EIGHT,0.4864,0.288,0.2256
CLUBS TWO CLUBS ACE,0.3962,0.0032,0.6006
CLUBS TWO DIAMONDS EIGHT,0.4848,0.2912,0.224
DIAMONDS EIGHT HEARTS SEVEN,0.0172,0.9734,0.0094
HEARTS SIX DIAMONDS EIGHT,0.4736,0.3056,0.2208
DIAMONDS EIGHT HEARTS NINE,0.2432,0.1062,0.6506
CLUBS TEN CLUBS TWO,0.4136,0.028,0.5584
CLUBS TWO CLUBS JACK,0.4114,0.0224,0.5662
CLUBS NINE DIAMONDS EIGHT,0.2378,0.1072,0.655
CLUBS EIGHT DIAMONDS EIGHT,0.137,0.0776,0.7854
CLUBS FIVE DIAMONDS EIGHT,0.4848,0.295,0.2202
SPADES ACE SPADES THREE,0.4068,0.0056,0.5876
CLUBS FOUR DIAMONDS EIGHT,0.489,0.294,0.217
CLUBS SEVEN DIAMONDS EIGHT,0.022,0.9592,0.0188
SPADES QUEEN SPADES THREE,0.415,0.0138,0.5712
CLUBS SIX DIAMONDS EIGHT,0.4732,0.3054,0.2214
SPADES KING SPADES THREE,0.4212,0.0076,0.5712
DIAMONDS QUEEN DIAMONDS EIGHT,0.2522,0.0476,0.7002
HEARTS TWO DIAMONDS EIGHT,0.488,0.31,0.202
DIAMONDS KING DIAMONDS EIGHT,0.2772,0.0328,0.69
HEARTS THREE DIAMONDS EIGHT,0.5014,0.29,0.2086
DIAMONDS ACE DIAMONDS EIGHT,0.266,0.0214,0.7126
HEARTS FOUR DIAMONDS EIGHT,0.4954,0.2962,0.2084
HEARTS FIVE DIAMONDS EIGHT,0.4846,0.2986,0.2168
DIAMONDS EIGHT DIAMONDS TEN,0.2542,0.0708,0.675
DIAMONDS EIGHT DIAMONDS JACK,0.2564,0.0558,0.6878
SPADES JACK SPADES THREE,0.4174,0.0148,0.5678
SPADES TEN SPADES THREE,0.407,0.0264,0.5666
CLUBS FOUR HEARTS ACE,0.4264,0.0052,0.5684
CLUBS FOUR HEARTS QUEEN,0.4334,0.0086,0.558
CLUBS FOUR HEARTS KING,0.4264,0.0082,0.5654
CLUBS SIX HEARTS TEN,0.4084,0.0248,0.5668
CLUBS SIX HEARTS JACK,0.4184,0.0162,0.5654
SPADES FOUR DIAMONDS EIGHT,0.5054,0.2818,0.2128
SPADES FIVE DIAMONDS EIGHT,0.488,0.2876,0.2244
DIAMONDS EIGHT SPADES TWO,0.4878,0.3016,0.2106
DIAMONDS EIGHT SPADES THREE,0.4946,0.3016,0.2038
CLUBS FOUR HEARTS JACK,0.431,0.0164,0.5526
SPADES EIGHT DIAMONDS EIGHT,0.1378,0.0766,0.7856
SPADES TEN DIAMONDS QUEEN,0.3372,0.0088,0.654
SPADES TEN HEARTS TWO,0.4436,0.0278,0.5286
CLUBS FOUR HEARTS TEN,0.4378,0.0258,0.5364
SPADES NINE DIAMONDS EIGHT,0.2296,0.1066,0.6638
SPADES JACK HEARTS TWO,0.4476,0.0192,0.5332
SPADES JACK DIAMONDS QUEEN,0.3502,0.0106,0.6392
SPADES SIX DIAMONDS EIGHT,0.483,0.3006,0.2164
SPADES ACE HEARTS TWO,0.4386,0.0048,0.5566
SPADES ACE DIAMONDS QUEEN,0.3678,0.0032,0.629
SPADES QUEEN HEARTS TWO,0.451,0.0116,0.5374
SPADES QUEEN DIAMONDS QUEEN,0.1808,0.0274,0.7918
SPADES KING DIAMONDS QUEEN,0.3528,0.0072,0.64
SPADES KING HEARTS TWO,0.4432,0.0086,0.5482
CLUBS TWO HEARTS TEN,0.4464,0.023,0.5306
CLUBS TWO HEARTS JACK,0.4538,0.0152,0.531
SPADES SIX DIAMONDS NINE,0.4074,0.04,0.5526
SPADES NINE DIAMONDS NINE,0.1508,0.0552,0.794
SPADES EIGHT DIAMONDS NINE,0.2412,0.1078,0.651
SPADES TEN CLUBS KING,0.3652,0.0048,0.63
DIAMONDS NINE SPADES THREE,0.446,0.0406,0.5134
SPADES JACK CLUBS KING,0.3608,0.0054,0.6338
DIAMONDS NINE SPADES TWO,0.4398,0.0412,0.519
SPADES FIVE DIAMONDS NINE,0.4294,0.0376,0.533
DIAMONDS NINE SPADES FOUR,0.442,0.0424,0.5156
CLUBS NINE DIAMONDS NINE,0.1696,0.0578,0.7726
CLUBS EIGHT DIAMONDS NINE,0.2602,0.1028,0.637
CLUBS SIX DIAMONDS NINE,0.4076,0.0376,0.5548
SPADES JACK CLUBS FOUR,0.4262,0.0156,0.5582
CLUBS SEVEN DIAMONDS NINE,0.2542,0.1094,0.6364
SPADES TEN CLUBS FOUR,0.4426,0.0282,0.5292
CLUBS FOUR DIAMONDS NINE,0.4336,0.0456,0.5208
CLUBS FIVE DIAMONDS NINE,0.4264,0.039,0.5346
DIAMONDS NINE CLUBS TWO,0.444,0.042,0.514
CLUBS THREE DIAMONDS NINE,0.451,0.042,0.507
DIAMONDS NINE HEARTS NINE,0.1638,0.0564,0.7798
HEARTS SIX DIAMONDS NINE,0.4052,0.045,0.5498
DIAMONDS NINE HEARTS SEVEN,0.2604,0.1014,0.6382
CLUBS NINE CLUBS EIGHT,0.2226,0.105,0.6724
DIAMONDS ACE DIAMONDS NINE,0.3474,0.0042,0.6484
HEARTS FOUR DIAMONDS NINE,0.445,0.04,0.515
HEARTS FIVE DIAMONDS NINE,0.4154,0.0404,0.5442
HEARTS ACE CLUBS TWO,0.4332,0.0048,0.562
SPADES ACE CLUBS FOUR,0.4264,0.0032,0.5704
DIAMONDS QUEEN DIAMONDS NINE,0.3348,0.0104,0.6548
HEARTS TWO DIAMONDS NINE,0.4372,0.0456,0.5172
CLUBS TWO HEARTS KING,0.4442,0.0092,0.5466
SPADES KING CLUBS FOUR,0.4376,0.0082,0.5542
DIAMONDS KING DIAMONDS NINE,0.3342,0.0086,0.6572
HEARTS THREE DIAMONDS NINE,0.4408,0.042,0.5172
CLUBS TWO HEARTS QUEEN,0.4396,0.0112,0.5492
SPADES QUEEN CLUBS FOUR,0.4398,0.0116,0.5486
DIAMONDS NINE DIAMONDS JACK,0.3278,0.0154,0.6568
CLUBS EIGHT SPADES NINE,0.235,0.107,0.658
DIAMONDS NINE DIAMONDS TEN,0.3302,0.0218,0.648
CLUBS EIGHT SPADES EIGHT,0.1358,0.0798,0.7844
CLUBS EIGHT SPADES SIX,0.4832,0.302,0.2148
CLUBS EIGHT SPADES FIVE,0.4818,0.3086,0.2096
CLUBS EIGHT SPADES FOUR,0.4774,0.3054,0.2172
CLUBS EIGHT SPADES THREE,0.4946,0.2888,0.2166
CLUBS EIGHT SPADES TWO,0.499,0.2992,0.2018
HEARTS SIX DIAMONDS TEN,0.4222,0.0276,0.5502
DIAMONDS TEN HEARTS SEVEN,0.2662,0.0838,0.65
CLUBS FOUR CLUBS JACK,0.401,0.0154,0.5836
DIAMONDS TEN HEARTS NINE,0.338,0.0234,0.6386
CLUBS TEN CLUBS FOUR,0.412,0.0246,0.5634
CLUBS FOUR CLUBS KING,0.4092,0.0082,0.5826
CLUBS FOUR CLUBS QUEEN,0.4134,0.0136,0.573
CLUBS TWO DIAMONDS TEN,0.4518,0.028,0.5202
CLUBS THREE DIAMONDS TEN,0.434,0.0234,0.5426
CLUBS FOUR CLUBS ACE,0.406,0.0038,0.5902
DIAMONDS JACK DIAMONDS TEN,0.3396,0.015,0.6454
DIAMONDS QUEEN DIAMONDS TEN,0.3398,0.0088,0.6514
HEARTS TWO DIAMONDS TEN,0.4452,0.0238,0.531
DIAMONDS KING DIAMONDS TEN,0.343,0.0048,0.6522
HEARTS THREE DIAMONDS TEN,0.4456,0.0302,0.5242
DIAMONDS ACE DIAMONDS TEN,0.3464,0.0036,0.65
HEARTS FOUR DIAMONDS TEN,0.4408,0.0258,0.5334
CLUBS EIGHT HEARTS JACK,0.279,0.0574,0.6636
HEARTS FIVE DIAMONDS TEN,0.4278,0.0284,0.5438
CLUBS EIGHT HEARTS TEN,0.2576,0.0784,0.664
CLUBS EIGHT HEARTS QUEEN,0.2702,0.0472,0.6826
CLUBS EIGHT HEARTS KING,0.2858,0.035,0.6792
CLUBS EIGHT HEARTS ACE,0.2846,0.028,0.6874
CLUBS NINE SPADES THREE,0.4398,0.0402,0.52
CLUBS NINE SPADES TWO,0.4404,0.0486,0.511
CLUBS NINE SPADES FIVE,0.427,0.0418,0.5312
CLUBS NINE SPADES FOUR,0.4422,0.0446,0.5132
CLUBS NINE SPADES SIX,0.4188,0.0432,0.538
CLUBS NINE SPADES NINE,0.1508,0.0588,0.7904
CLUBS NINE SPADES EIGHT,0.241,0.1136,0.6454
SPADES KING CLUBS KING,0.1822,0.0138,0.804
SPADES QUEEN CLUBS KING,0.356,0.0078,0.6362
SPADES ACE CLUBS KING,0.3648,0.004,0.6312
DIAMONDS ACE HEARTS TEN,0.3714,0.0044,0.6242
HEARTS FOUR HEARTS TEN,0.4156,0.0278,0.5566
DIAMONDS ACE HEARTS JACK,0.3736,0.003,0.6234
HEARTS FOUR HEARTS JACK,0.4118,0.0172,0.571
SPADES KING CLUBS FIVE,0.4246,0.0082,0.5672
SPADES QUEEN CLUBS FIVE,0.4318,0.0132,0.555
SPADES ACE CLUBS FIVE,0.3968,0.0044,0.5988
DIAMONDS JACK HEARTS SEVEN,0.2792,0.0566,0.6642
HEARTS SIX DIAMONDS JACK,0.432,0.018,0.55
DIAMONDS JACK HEARTS NINE,0.3524,0.0178,0.6298
DIAMONDS KING DIAMONDS JACK,0.3354,0.007,0.6576
HEARTS THREE DIAMONDS JACK,0.4528,0.0198,0.5274
SPADES ACE SPADES SIX,0.4106,0.0038,0.5856
HEARTS ACE SPADES FOUR,0.4336,0.0054,0.561
DIAMONDS QUEEN DIAMONDS JACK,0.3408,0.0102,0.649
HEARTS TWO DIAMONDS JACK,0.4532,0.0182,0.5286
HEARTS FIVE DIAMONDS JACK,0.4298,0.0164,0.5538
SPADES QUEEN SPADES SIX,0.4002,0.0134,0.5864
SPADES FOUR HEARTS QUEEN,0.4312,0.0154,0.5534
DIAMONDS ACE DIAMONDS JACK,0.3614,0.0038,0.6348
HEARTS FOUR DIAMONDS JACK,0.4268,0.0178,0.5554
SPADES KING SPADES SIX,0.4076,0.0082,0.5842
SPADES FOUR HEARTS KING,0.4324,0.0082,0.5594
SPADES TEN SPADES SIX,0.4104,0.0248,0.5648
SPADES JACK SPADES SIX,0.4026,0.0166,0.5808
SPADES FOUR DIAMONDS JACK,0.4408,0.0188,0.5404
SPADES FIVE DIAMONDS JACK,0.4434,0.0208,0.5358
DIAMONDS JACK SPADES TWO,0.455,0.0202,0.5248
SPADES THREE DIAMONDS JACK,0.457,0.0168,0.5262
SPADES ACE DIAMONDS THREE,0.4314,0.0052,0.5634
SPADES QUEEN DIAMONDS THREE,0.4394,0.013,0.5476
CLUBS EIGHT DIAMONDS JACK,0.2742,0.0584,0.6674
SPADES KING DIAMONDS THREE,0.4448,0.006,0.5492
CLUBS NINE DIAMONDS JACK,0.351,0.0176,0.6314
CLUBS SIX DIAMONDS JACK,0.4188,0.0176,0.5636
CLUBS SEVEN DIAMONDS JACK,0.2852,0.0528,0.662
CLUBS FOUR DIAMONDS JACK,0.4352,0.0174,0.5474
CLUBS FIVE DIAMONDS JACK,0.4216,0.0172,0.5612
CLUBS TWO DIAMONDS JACK,0.4478,0.014,0.5382
CLUBS THREE DIAMONDS JACK,0.4534,0.0178,0.5288
SPADES TEN CLUBS FIVE,0.429,0.028,0.543
HEARTS SIX SPADES JACK,0.4282,0.0194,0.5524
HEARTS SIX SPADES TEN,0.4286,0.0278,0.5436
SPADES JACK CLUBS FIVE,0.4294,0.0204,0.5502
SPADES JACK DIAMONDS THREE,0.4274,0.0192,0.5534
CLUBS SEVEN CLUBS ACE,0.2772,0.0204,0.7024
DIAMONDS THREE SPADES TEN,0.443,0.028,0.529
CLUBS SEVEN CLUBS QUEEN,0.2656,0.0402,0.6942
CLUBS SEVEN CLUBS KING,0.2794,0.0316,0.689
SPADES NINE DIAMONDS JACK,0.3556,0.014,0.6304
CLUBS TEN CLUBS SEVEN,0.262,0.0682,0.6698
DIAMONDS ACE HEARTS ACE,0.1844,0.0042,0.8114
HEARTS FOUR HEARTS ACE,0.4,0.0066,0.5934
SPADES EIGHT DIAMONDS JACK,0.2664,0.0614,0.6722
SPADES ACE HEARTS SIX,0.421,0.003,0.576
CLUBS SEVEN CLUBS JACK,0.258,0.0512,0.6908
DIAMONDS ACE HEARTS KING,0.3802,0.0036,0.6162
HEARTS FOUR HEARTS KING,0.4024,0.0098,0.5878
SPADES KING HEARTS SIX,0.4326,0.0076,0.5598
DIAMONDS ACE HEARTS QUEEN,0.3662,0.0034,0.6304
HEARTS FOUR HEARTS QUEEN,0.4214,0.0124,0.5662
SPADES SIX DIAMONDS JACK,0.4402,0.016,0.5438
SPADES QUEEN HEARTS SIX,0.4324,0.0096,0.558
SPADES TWO DIAMONDS TEN,0.4304,0.027,0.5426
SPADES THREE DIAMONDS TEN,0.4464,0.0304,0.5232
SPADES FOUR DIAMONDS TEN,0.4328,0.0234,0.5438
SPADES FIVE DIAMONDS TEN,0.4358,0.0244,0.5398
SPADES SIX DIAMONDS TEN,0.4126,0.0278,0.5596
SPADES EIGHT DIAMONDS TEN,0.2566,0.083,0.6604
SPADES NINE DIAMONDS TEN,0.337,0.0248,0.6382
CLUBS FOUR DIAMONDS TEN,0.4302,0.0262,0.5436
CLUBS FIVE DIAMONDS TEN,0.4318,0.0292,0.539
CLUBS SIX DIAMONDS TEN,0.418,0.0264,0.5556
CLUBS SEVEN DIAMONDS TEN,0.271,0.0654,0.6636
CLUBS EIGHT DIAMONDS TEN,0.2588,0.0738,0.6674
CLUBS NINE DIAMONDS TEN,0.3372,0.0216,0.6412
DIAMONDS THREE CLUBS JACK,0.446,0.0186,0.5354
CLUBS TEN DIAMONDS THREE,0.4518,0.0262,0.522
DIAMONDS THREE CLUBS KING,0.4414,0.0088,0.5498
DIAMONDS THREE CLUBS QUEEN,0.4502,0.012,0.5378
DIAMONDS THREE CLUBS ACE,0.434,0.0032,0.5628
SPADES FOUR HEARTS JACK,0.4232,0.0198,0.557
SPADES FOUR HEARTS TEN,0.4322,0.0272,0.5406
SPADES FIVE SPADES TWO,0.5788,0.0628,0.3584
SPADES FOUR SPADES TWO,0.586,0.0614,0.3526
SPADES THREE SPADES TWO,0.601,0.06,0.339
SPADES NINE SPADES TWO,0.4224,0.041,0.5366
SPADES EIGHT SPADES TWO,0.4732,0.2786,0.2482
SPADES SIX SPADES TWO,0.6134,0.0634,0.3232
DIAMONDS QUEEN CLUBS THREE,0.438,0.0096,0.5524
CLUBS THREE HEARTS TWO,0.6292,0.0644,0.3064
DIAMONDS QUEEN CLUBS TWO,0.4468,0.0112,0.542
HEARTS TWO CLUBS TWO,0.4352,0.0864,0.4784
DIAMONDS QUEEN HEARTS SEVEN,0.2914,0.0384,0.6702
HEARTS TWO HEARTS SEVEN,0.6076,0.148,0.2444
HEARTS SIX DIAMONDS QUEEN,0.4184,0.013,0.5686
HEARTS SIX HEARTS TWO,0.6068,0.0548,0.3384
DIAMONDS QUEEN HEARTS NINE,0.354,0.0094,0.6366
HEARTS TWO HEARTS NINE,0.4274,0.039,0.5336
CLUBS NINE HEARTS TWO,0.4472,0.0436,0.5092
CLUBS NINE DIAMONDS QUEEN,0.3614,0.01,0.6286
CLUBS EIGHT HEARTS TWO,0.494,0.291,0.215
CLUBS EIGHT DIAMONDS QUEEN,0.2674,0.0434,0.6892
CLUBS FIVE DIAMONDS QUEEN,0.4322,0.0096,0.5582
CLUBS FIVE HEARTS TWO,0.6182,0.0564,0.3254
SPADES EIGHT HEARTS ACE,0.2784,0.0282,0.6934
DIAMONDS QUEEN CLUBS FOUR,0.4354,0.012,0.5526
HEARTS TWO CLUBS FOUR,0.6106,0.0612,0.3282
CLUBS SEVEN DIAMONDS QUEEN,0.2836,0.0408,0.6756
CLUBS SEVEN HEARTS TWO,0.637,0.1422,0.2208
SPADES EIGHT HEARTS QUEEN,0.261,0.0474,0.6916
CLUBS SIX DIAMONDS QUEEN,0.4272,0.0118,0.561
CLUBS SIX HEARTS TWO,0.6308,0.0658,0.3034
SPADES EIGHT HEARTS KING,0.2778,0.0302,0.692
DIAMONDS QUEEN SPADES SIX,0.4272,0.0108,0.562
HEARTS TWO SPADES SIX,0.6474,0.0618,0.2908
HEARTS FOUR CLUBS QUEEN,0.4408,0.0114,0.5478
DIAMONDS ACE CLUBS QUEEN,0.3738,0.0016,0.6246
HEARTS FOUR CLUBS KING,0.4306,0.007,0.5624
DIAMONDS ACE CLUBS KING,0.3814,0.0028,0.6158
DIAMONDS QUEEN SPADES EIGHT,0.2648,0.0372,0.698
SPADES EIGHT HEARTS TWO,0.5002,0.2992,0.2006
HEARTS FOUR CLUBS ACE,0.4374,0.0038,0.5588
DIAMONDS ACE CLUBS ACE,0.1906,0.002,0.8074
SPADES NINE DIAMONDS QUEEN,0.3582,0.0132,0.6286
SPADES NINE HEARTS TWO,0.4508,0.0424,0.5068
HEARTS TWO SPADES TWO,0.4436,0.0872,0.4692
DIAMONDS QUEEN SPADES TWO,0.4444,0.0134,0.5422
HEARTS TWO SPADES THREE,0.6312,0.0604,0.3084
DIAMONDS QUEEN SPADES THREE,0.441,0.0126,0.5464
HEARTS TWO SPADES FOUR,0.633,0.0628,0.3042
DIAMONDS QUEEN SPADES FOUR,0.4318,0.0134,0.5548
HEARTS FOUR CLUBS TEN,0.4362,0.0282,0.5356
CLUBS TEN DIAMONDS ACE,0.3752,0.0026,0.6222
HEARTS TWO SPADES FIVE,0.6398,0.059,0.3012
DIAMONDS QUEEN SPADES FIVE,0.4346,0.01,0.5554
HEARTS FOUR CLUBS JACK,0.427,0.0222,0.5508
DIAMONDS ACE CLUBS JACK,0.375,0.003,0.622
CLUBS FIVE CLUBS KING,0.4192,0.0072,0.5736
CLUBS FIVE CLUBS QUEEN,0.3912,0.0112,0.5976
CLUBS FIVE CLUBS ACE,0.401,0.0028,0.5962
CLUBS FIVE CLUBS JACK,0.4006,0.0174,0.582
CLUBS TEN CLUBS FIVE,0.4006,0.0288,0.5706
SPADES KING CLUBS JACK,0.3638,0.0062,0.63
SPADES QUEEN CLUBS JACK,0.335,0.0074,0.6576
SPADES ACE CLUBS JACK,0.3616,0.0034,0.635
SPADES SIX CLUBS KING,0.4186,0.0078,0.5736
SPADES SIX CLUBS QUEEN,0.4322,0.0088,0.559
SPADES EIGHT HEARTS JACK,0.2574,0.0666,0.676
SPADES SIX CLUBS ACE,0.4244,0.0046,0.571
SPADES EIGHT HEARTS TEN,0.2496,0.0756,0.6748
SPADES SIX CLUBS JACK,0.4222,0.0208,0.557
CLUBS TEN SPADES SIX,0.4218,0.0266,0.5516
SPADES TEN CLUBS JACK,0.3618,0.0134,0.6248
SPADES JACK CLUBS JACK,0.1832,0.0404,0.7764
SPADES QUEEN CLUBS SEVEN,0.2936,0.0398,0.6666
SPADES KING CLUBS SEVEN,0.2896,0.0344,0.676
SPADES ACE CLUBS SEVEN,0.2846,0.0204,0.695
SPADES SIX HEARTS TEN,0.423,0.0258,0.5512
SPADES SIX HEARTS JACK,0.4366,0.0152,0.5482
SPADES SIX HEARTS ACE,0.422,0.0032,0.5748
SPADES SIX HEARTS KING,0.4204,0.0102,0.5694
SPADES SIX HEARTS QUEEN,0.426,0.011,0.563
CLUBS SEVEN SPADES JACK,0.28,0.0554,0.6646
CLUBS SEVEN SPADES TEN,0.2668,0.0792,0.654
CLUBS TEN HEARTS SIX,0.4262,0.0272,0.5466
HEARTS SIX CLUBS JACK,0.425,0.019,0.556
CLUBS ACE CLUBS JACK,0.3444,0.0044,0.6512
HEARTS SIX CLUBS QUEEN,0.4234,0.0124,0.5642
HEARTS SIX CLUBS KING,0.433,0.006,0.561
HEARTS SIX CLUBS ACE,0.4232,0.0038,0.573
CLUBS QUEEN CLUBS JACK,0.318,0.0104,0.6716
CLUBS KING CLUBS JACK,0.342,0.006,0.652
DIAMONDS THREE HEARTS ACE,0.4344,0.0054,0.5602
DIAMONDS THREE HEARTS QUEEN,0.4358,0.0122,0.552
DIAMONDS THREE HEARTS KING,0.4366,0.0084,0.555
CLUBS FIVE HEARTS JACK,0.4172,0.0174,0.5654
SPADES TEN DIAMONDS ACE,0.363,0.003,0.634
HEARTS FOUR SPADES TEN,0.4284,0.0336,0.538
CLUBS FIVE HEARTS TEN,0.4322,0.032,0.5358
HEARTS FOUR SPADES JACK,0.434,0.0158,0.5502
SPADES JACK DIAMONDS ACE,0.3688,0.0054,0.6258
SPADES ACE HEARTS FOUR,0.442,0.004,0.554
SPADES ACE DIAMONDS ACE,0.1812,0.0022,0.8166
CLUBS FIVE HEARTS ACE,0.4124,0.0048,0.5828
CLUBS FIVE HEARTS KING,0.4186,0.0074,0.574
HEARTS FOUR SPADES QUEEN,0.4302,0.0112,0.5586
SPADES QUEEN DIAMONDS ACE,0.3594,0.0038,0.6368
SPADES FOUR CLUBS JACK,0.4458,0.0194,0.5348
CLUBS FIVE HEARTS QUEEN,0.4326,0.0108,0.5566
SPADES KING DIAMONDS ACE,0.3674,0.0052,0.6274
HEARTS FOUR SPADES KING,0.4362,0.005,0.5588
CLUBS TEN SPADES FOUR,0.4336,0.028,0.5384
DIAMONDS QUEEN DIAMONDS ACE,0.3444,0.0024,0.6532
HEARTS TWO DIAMONDS ACE,0.4484,0.004,0.5476
HEARTS FOUR DIAMONDS QUEEN,0.436,0.0108,0.5532
HEARTS FOUR HEARTS TWO,0.5838,0.0634,0.3528
DIAMONDS THREE HEARTS TEN,0.4472,0.0258,0.527
SPADES FOUR CLUBS KING,0.4444,0.007,0.5486
HEARTS FIVE DIAMONDS QUEEN,0.425,0.0104,0.5646
HEARTS FIVE HEARTS TWO,0.5896,0.0568,0.3536
DIAMONDS THREE HEARTS JACK,0.4424,0.0182,0.5394
SPADES FOUR CLUBS QUEEN,0.4414,0.013,0.5456
DIAMONDS QUEEN HEARTS TWO,0.4506,0.0124,0.537
DIAMONDS KING DIAMONDS QUEEN,0.3398,0.0052,0.655
DIAMONDS KING HEARTS TWO,0.4472,0.0088,0.544
HEARTS THREE DIAMONDS QUEEN,0.4534,0.0106,0.536
HEARTS THREE HEARTS TWO,0.5888,0.061,0.3502
SPADES FOUR CLUBS ACE,0.4242,0.0034,0.5724
HEARTS TWO CLUBS ACE,0.4412,0.0056,0.5532
DIAMONDS QUEEN CLUBS ACE,0.373,0.0022,0.6248
HEARTS TWO CLUBS QUEEN,0.4528,0.011,0.5362
DIAMONDS QUEEN CLUBS QUEEN,0.1926,0.0238,0.7836
HEARTS TWO CLUBS KING,0.4558,0.005,0.5392
DIAMONDS QUEEN CLUBS KING,0.3658,0.0066,0.6276
SPADES EIGHT SPADES FIVE,0.4604,0.2768,0.2628
CLUBS TEN HEARTS TWO,0.4512,0.0228,0.526
CLUBS TEN DIAMONDS QUEEN,0.366,0.009,0.625
SPADES NINE SPADES FIVE,0.3926,0.039,0.5684
HEARTS TWO CLUBS JACK,0.4484,0.0184,0.5332
DIAMONDS QUEEN CLUBS JACK,0.3494,0.0084,0.6422
SPADES SIX SPADES FIVE,0.582,0.0594,0.3586
DIAMONDS FIVE CLUBS QUEEN,0.4202,0.0098,0.57
SPADES EIGHT CLUBS ACE,0.2868,0.0234,0.6898
DIAMONDS FIVE CLUBS KING,0.4302,0.0054,0.5644
SPADES EIGHT CLUBS KING,0.29,0.034,0.676
CLUBS ACE DIAMONDS FIVE,0.4168,0.0036,0.5796
SPADES EIGHT CLUBS QUEEN,0.2664,0.0462,0.6874
SPADES EIGHT CLUBS JACK,0.2636,0.0542,0.6822
CLUBS TEN SPADES EIGHT,0.2444,0.08,0.6756
CLUBS TEN DIAMONDS FIVE,0.4456,0.024,0.5304
DIAMONDS FIVE CLUBS JACK,0.4226,0.0156,0.5618
DIAMONDS TEN HEARTS JACK,0.3478,0.0142,0.638
DIAMONDS TEN HEARTS TEN,0.164,0.0444,0.7916
SPADES ACE CLUBS NINE,0.359,0.0042,0.6368
CLUBS NINE SPADES QUEEN,0.3632,0.0094,0.6274
CLUBS NINE SPADES KING,0.357,0.0064,0.6366
HEARTS SIX HEARTS KING,0.3996,0.0082,0.5922
SPADES KING DIAMONDS SEVEN,0.2848,0.0344,0.6808
HEARTS SIX HEARTS QUEEN,0.4116,0.0104,0.578
DIAMONDS KING SPADES SIX,0.4256,0.0082,0.5662
HEARTS THREE SPADES SIX,0.6438,0.0588,0.2974
SPADES QUEEN DIAMONDS SEVEN,0.2884,0.038,0.6736
DIAMONDS KING SPADES NINE,0.3642,0.007,0.6288
HEARTS THREE SPADES NINE,0.4396,0.0474,0.513
HEARTS SIX HEARTS ACE,0.4006,0.0046,0.5948
DIAMONDS KING SPADES EIGHT,0.2978,0.0294,0.6728
