opposingHand,winningChance,drawChance,lostChance
HEARTS EIGHT DIAMONDS JACK
SPADES ACE CLUBS ACE,0.1572,0.0028,0.84
HEARTS SEVEN DIAMONDS NINE,0.6284,0.0166,0.355
CLUBS THREE HEARTS TEN,0.6394,0.0168,0.3438
HEARTS THREE DIAMONDS TEN,0.6516,0.0174,0.331
DIAMONDS THREE SPADES EIGHT,0.715,0.065,0.22
SPADES SIX DIAMONDS FOUR,0.6346,0.0162,0.3492
DIAMONDS SEVEN CLUBS KING,0.4154,0.0078,0.5768
DIAMONDS KING DIAMONDS EIGHT,0.2622,0.0306,0.7072
HEARTS QUEEN CLUBS ACE,0.352,0.0046,0.6434
SPADES SIX HEARTS QUEEN,0.4188,0.0106,0.5706
SPADES EIGHT SPADES SIX,0.635,0.054,0.311
SPADES SIX HEARTS JACK,0.55,0.2188,0.2312
SPADES EIGHT HEARTS NINE,0.6854,0.0544,0.2602
CLUBS TEN SPADES QUEEN,0.3614,0.0088,0.6298
SPADES ACE DIAMONDS EIGHT,0.2588,0.0212,0.72
SPADES FIVE HEARTS JACK,0.5426,0.2276,0.2298
CLUBS EIGHT DIAMONDS FOUR,0.7036,0.0636,0.2328
HEARTS SEVEN CLUBS SIX,0.6284,0.0158,0.3558
HEARTS THREE CLUBS SIX,0.6444,0.0154,0.3402
CLUBS JACK CLUBS FIVE,0.5252,0.207,0.2678
HEARTS TWO HEARTS QUEEN,0.418,0.012,0.57
HEARTS THREE SPADES TWO,0.6488,0.0192,0.332
DIAMONDS EIGHT HEARTS TEN,0.6992,0.0528,0.248
DIAMONDS TEN DIAMONDS SIX,0.6064,0.0186,0.375
CLUBS SIX DIAMONDS FOUR,0.6158,0.022,0.3622
CLUBS SEVEN HEARTS TWO,0.6706,0.0188,0.3106
CLUBS SIX DIAMONDS SIX,0.4552,0.0356,0.5092
HEARTS FIVE SPADES TEN,0.6446,0.018,0.3374
CLUBS NINE DIAMONDS ACE,0.3888,0.0034,0.6078
DIAMONDS QUEEN DIAMONDS SIX,0.4002,0.0098,0.59
HEARTS JACK DIAMONDS FIVE,0.552,0.2262,0.2218
SPADES KING HEARTS JACK,0.2364,0.0316,0.732
CLUBS SEVEN SPADES SIX,0.615,0.0158,0.3692
CLUBS EIGHT CLUBS QUEEN,0.2496,0.0396,0.7108
DIAMONDS TWO CLUBS TWO,0.453,0.0328,0.5142
HEARTS FOUR HEARTS QUEEN,0.3974,0.0124,0.5902
CLUBS NINE CLUBS FIVE,0.5892,0.0118,0.399
HEARTS SIX CLUBS FOUR,0.6296,0.0184,0.352
DIAMONDS QUEEN CLUBS ACE,0.336,0.0038,0.6602
SPADES FOUR SPADES THREE,0.5908,0.0154,0.3938
HEARTS FIVE HEARTS KING,0.4026,0.008,0.5894
CLUBS JACK SPADES SIX,0.5572,0.2168,0.226
HEARTS FIVE CLUBS TWO,0.6448,0.0148,0.3404
HEARTS QUEEN DIAMONDS FIVE,0.4162,0.011,0.5728
HEARTS FOUR CLUBS QUEEN,0.4218,0.0096,0.5686
HEARTS QUEEN DIAMONDS SEVEN,0.417,0.0104,0.5726
SPADES KING HEARTS TEN,0.3566,0.0072,0.6362
DIAMONDS ACE CLUBS THREE,0.414,0.005,0.581
SPADES NINE DIAMONDS QUEEN,0.3614,0.009,0.6296
DIAMONDS THREE SPADES JACK,0.558,0.2248,0.2172
CLUBS TEN HEARTS NINE,0.5556,0.016,0.4284
SPADES KING SPADES EIGHT,0.2506,0.03,0.7194
SPADES SEVEN HEARTS JACK,0.5518,0.216,0.2322
SPADES KING CLUBS TEN,0.3494,0.004,0.6466
CLUBS NINE DIAMONDS TEN,0.5666,0.0176,0.4158
CLUBS FOUR HEARTS ACE,0.4142,0.003,0.5828
HEARTS TWO DIAMONDS SIX,0.6616,0.0184,0.32
SPADES ACE CLUBS JACK,0.2662,0.0152,0.7186
CLUBS TEN DIAMONDS SEVEN,0.6328,0.0162,0.351
SPADES QUEEN HEARTS TEN,0.35,0.0084,0.6416
SPADES JACK HEARTS NINE,0.221,0.1658,0.6132
DIAMONDS TWO HEARTS QUEEN,0.4242,0.0122,0.5636
SPADES TEN DIAMONDS ACE,0.3462,0.0036,0.6502
CLUBS NINE CLUBS QUEEN,0.3306,0.0092,0.6602
DIAMONDS TEN DIAMONDS NINE,0.5464,0.0214,0.4322
DIAMONDS ACE CLUBS QUEEN,0.3494,0.0038,0.6468
CLUBS NINE HEARTS FOUR,0.6552,0.0164,0.3284
HEARTS KING HEARTS NINE,0.3582,0.008,0.6338
CLUBS EIGHT HEARTS NINE,0.6624,0.056,0.2816
SPADES KING CLUBS SIX,0.4234,0.0062,0.5704
CLUBS SIX CLUBS KING,0.3846,0.0066,0.6088
CLUBS TWO HEARTS TEN,0.6466,0.0136,0.3398
SPADES QUEEN DIAMONDS KING,0.3226,0.0064,0.671
SPADES QUEEN SPADES TWO,0.3902,0.0098,0.6
CLUBS SIX DIAMONDS TEN,0.6318,0.017,0.3512
CLUBS SEVEN CLUBS KING,0.3748,0.0086,0.6166
HEARTS THREE DIAMONDS KING,0.437,0.0102,0.5528
SPADES ACE DIAMONDS QUEEN,0.3404,0.0042,0.6554
SPADES SEVEN DIAMONDS FOUR,0.6534,0.019,0.3276
SPADES TEN DIAMONDS FIVE,0.6466,0.014,0.3394
HEARTS SIX DIAMONDS EIGHT,0.7032,0.0576,0.2392
HEARTS SEVEN HEARTS SIX,0.5914,0.0154,0.3932
SPADES NINE DIAMONDS NINE,0.299,0.03,0.671
SPADES EIGHT CLUBS FOUR,0.6926,0.0598,0.2476
DIAMONDS THREE HEARTS QUEEN,0.43,0.0108,0.5592
CLUBS FOUR DIAMONDS NINE,0.6564,0.0188,0.3248
HEARTS TWO DIAMONDS TEN,0.6512,0.0154,0.3334
CLUBS ACE DIAMONDS FOUR,0.412,0.006,0.582
DIAMONDS SEVEN CLUBS ACE,0.4268,0.0042,0.569
CLUBS TWO CLUBS KING,0.405,0.0042,0.5908
CLUBS TEN CLUBS FOUR,0.6004,0.016,0.3836
CLUBS SIX HEARTS KING,0.4102,0.0062,0.5836
DIAMONDS FIVE CLUBS QUEEN,0.425,0.0102,0.5648
CLUBS JACK HEARTS TEN,0.236,0.1198,0.6442
CLUBS FIVE CLUBS THREE,0.5728,0.0184,0.4088
SPADES THREE SPADES TWO,0.595,0.0172,0.3878
DIAMONDS THREE HEARTS JACK,0.5524,0.2224,0.2252
SPADES KING DIAMONDS ACE,0.3436,0.0032,0.6532
SPADES ACE DIAMONDS SIX,0.4256,0.0036,0.5708
CLUBS ACE DIAMONDS FIVE,0.3976,0.0044,0.598
HEARTS FIVE CLUBS SEVEN,0.6158,0.017,0.3672
DIAMONDS THREE DIAMONDS NINE,0.6182,0.014,0.3678
DIAMONDS THREE SPADES KING,0.4264,0.0078,0.5658
DIAMONDS TEN HEARTS TEN,0.2906,0.022,0.6874
CLUBS NINE SPADES TWO,0.6412,0.0156,0.3432
HEARTS SIX CLUBS THREE,0.6372,0.0174,0.3454
HEARTS ACE CLUBS QUEEN,0.3518,0.0034,0.6448
CLUBS SIX CLUBS FOUR,0.5928,0.018,0.3892
SPADES SEVEN CLUBS KING,0.4098,0.005,0.5852
HEARTS FOUR SPADES SEVEN,0.6474,0.0178,0.3348
HEARTS FIVE DIAMONDS SIX,0.6288,0.019,0.3522
DIAMONDS THREE HEARTS FOUR,0.6288,0.0176,0.3536
SPADES QUEEN DIAMONDS TEN,0.3512,0.0094,0.6394
SPADES SIX SPADES FIVE,0.5802,0.0212,0.3986
SPADES QUEEN CLUBS SEVEN,0.4254,0.0072,0.5674
HEARTS FOUR SPADES TWO,0.6404,0.016,0.3436
CLUBS TWO CLUBS ACE,0.3822,0.003,0.6148
CLUBS THREE HEARTS KING,0.416,0.0096,0.5744
SPADES SEVEN DIAMONDS TEN,0.6284,0.0214,0.3502
HEARTS FIVE SPADES FOUR,0.6134,0.0216,0.365
HEARTS FOUR CLUBS THREE,0.6326,0.0162,0.3512
SPADES FIVE DIAMONDS SIX,0.616,0.0152,0.3688
DIAMONDS THREE CLUBS SIX,0.6374,0.0178,0.3448
CLUBS JACK SPADES SEVEN,0.5554,0.2196,0.225
CLUBS JACK SPADES FIVE,0.548,0.2166,0.2354
CLUBS FOUR DIAMONDS FIVE,0.6054,0.018,0.3766
CLUBS TWO DIAMONDS EIGHT,0.7136,0.0668,0.2196
CLUBS JACK HEARTS NINE,0.2348,0.1656,0.5996
CLUBS TEN DIAMONDS NINE,0.589,0.0142,0.3968
SPADES ACE SPADES TWO,0.3892,0.0034,0.6074
CLUBS EIGHT SPADES TEN,0.6918,0.0552,0.253
SPADES ACE SPADES SIX,0.3898,0.003,0.6072
SPADES QUEEN HEARTS KING,0.3324,0.0076,0.66
HEARTS SEVEN HEARTS ACE,0.3994,0.0044,0.5962
SPADES THREE DIAMONDS FIVE,0.6184,0.02,0.3616
CLUBS JACK CLUBS THREE,0.5158,0.2134,0.2708
SPADES NINE DIAMONDS KING,0.3622,0.008,0.6298
SPADES SEVEN CLUBS TWO,0.663,0.0144,0.3226
DIAMONDS ACE DIAMONDS KING,0.3216,0.0036,0.6748
SPADES SIX CLUBS THREE,0.6478,0.021,0.3312
HEARTS SEVEN CLUBS EIGHT,0.6788,0.064,0.2572
SPADES NINE DIAMONDS FOUR,0.6388,0.0162,0.345
DIAMONDS THREE DIAMONDS KING,0.4092,0.0076,0.5832
SPADES NINE HEARTS TWO,0.6464,0.0146,0.339
CLUBS TEN SPADES SIX,0.6318,0.0164,0.3518
CLUBS FIVE DIAMONDS EIGHT,0.6856,0.0576,0.2568
SPADES TWO CLUBS ACE,0.4134,0.0026,0.584
DIAMONDS THREE SPADES TWO,0.6582,0.019,0.3228
SPADES EIGHT CLUBS THREE,0.708,0.0584,0.2336
CLUBS SEVEN SPADES FIVE,0.6226,0.0188,0.3586
DIAMONDS TWO CLUBS FOUR,0.6436,0.0168,0.3396
HEARTS THREE DIAMONDS ACE,0.4228,0.0036,0.5736
DIAMONDS THREE HEARTS THREE,0.4572,0.039,0.5038
SPADES ACE CLUBS SIX,0.4176,0.0036,0.5788
HEARTS FOUR HEARTS JACK,0.523,0.2112,0.2658
CLUBS TWO DIAMONDS SEVEN,0.6782,0.0192,0.3026
DIAMONDS TEN HEARTS KING,0.3624,0.0086,0.629
SPADES TEN DIAMONDS SEVEN,0.6162,0.016,0.3678
CLUBS KING HEARTS TEN,0.3504,0.008,0.6416
DIAMONDS THREE HEARTS NINE,0.6474,0.0154,0.3372
SPADES THREE DIAMONDS FOUR,0.6296,0.0176,0.3528
CLUBS JACK DIAMONDS TWO,0.5606,0.2182,0.2212
SPADES SEVEN DIAMONDS FIVE,0.6212,0.0158,0.363
DIAMONDS TWO SPADES THREE,0.6444,0.0166,0.339
CLUBS EIGHT CLUBS FIVE,0.6512,0.0578,0.291
SPADES ACE SPADES FOUR,0.3886,0.0056,0.6058
SPADES SEVEN SPADES FIVE,0.5852,0.0144,0.4004
CLUBS TEN HEARTS KING,0.3508,0.0076,0.6416
DIAMONDS TWO HEARTS NINE,0.6538,0.0206,0.3256
CLUBS NINE CLUBS SEVEN,0.5872,0.0138,0.399
HEARTS SEVEN DIAMONDS TWO,0.6856,0.0162,0.2982
CLUBS JACK HEARTS JACK,0.109,0.0378,0.8532
CLUBS FOUR HEARTS KING,0.4124,0.0094,0.5782
DIAMONDS EIGHT HEARTS JACK,0.0088,0.9816,0.0096
SPADES ACE CLUBS TEN,0.3734,0.0038,0.6228
CLUBS SEVEN CLUBS THREE,0.6134,0.016,0.3706
HEARTS TWO DIAMONDS KING,0.4168,0.0078,0.5754
DIAMONDS SIX HEARTS TEN,0.624,0.0148,0.3612
SPADES ACE HEARTS TEN,0.3758,0.0044,0.6198
DIAMONDS QUEEN HEARTS TEN,0.3458,0.0086,0.6456
SPADES QUEEN DIAMONDS EIGHT,0.2524,0.038,0.7096
SPADES SEVEN DIAMONDS QUEEN,0.4136,0.01,0.5764
HEARTS ACE DIAMONDS FOUR,0.4104,0.0042,0.5854
SPADES FOUR DIAMONDS FIVE,0.6158,0.0182,0.366
SPADES TEN HEARTS KING,0.3574,0.0062,0.6364
CLUBS THREE HEARTS ACE,0.4272,0.005,0.5678
HEARTS SEVEN DIAMONDS THREE,0.6694,0.0154,0.3152
SPADES NINE CLUBS QUEEN,0.3604,0.0086,0.631
SPADES FOUR DIAMONDS SIX,0.6306,0.0172,0.3522
HEARTS FIVE CLUBS QUEEN,0.4118,0.0098,0.5784
CLUBS TEN CLUBS SIX,0.611,0.0134,0.3756
CLUBS SEVEN DIAMONDS KING,0.4034,0.0062,0.5904
SPADES TEN SPADES NINE,0.534,0.0166,0.4494
SPADES SEVEN DIAMONDS SEVEN,0.4336,0.0328,0.5336
HEARTS SEVEN HEARTS TEN,0.59,0.0184,0.3916
HEARTS THREE HEARTS TWO,0.6098,0.0194,0.3708
DIAMONDS KING SPADES FIVE,0.4032,0.0068,0.59
CLUBS FOUR SPADES SIX,0.625,0.0178,0.3572
SPADES JACK HEARTS TWO,0.5608,0.2226,0.2166
DIAMONDS ACE HEARTS ACE,0.1418,0.0042,0.854
DIAMONDS EIGHT DIAMONDS FIVE,0.6616,0.0564,0.282
CLUBS TEN DIAMONDS TWO,0.6516,0.0182,0.3302
SPADES ACE SPADES QUEEN,0.3142,0.0052,0.6806
HEARTS FOUR HEARTS KING,0.404,0.0094,0.5866
HEARTS FIVE SPADES NINE,0.6262,0.0192,0.3546
HEARTS SEVEN DIAMONDS ACE,0.4026,0.0044,0.593
DIAMONDS SEVEN DIAMONDS FOUR,0.5986,0.0206,0.3808
SPADES NINE HEARTS ACE,0.3846,0.003,0.6124
CLUBS JACK HEARTS FOUR,0.5644,0.2154,0.2202
HEARTS SEVEN DIAMONDS KING,0.4088,0.0066,0.5846
SPADES KING DIAMONDS KING,0.168,0.0082,0.8238
DIAMONDS FIVE HEARTS NINE,0.6362,0.018,0.3458
SPADES FOUR DIAMONDS SEVEN,0.641,0.021,0.338
SPADES ACE CLUBS FIVE,0.413,0.0032,0.5838
CLUBS JACK SPADES TEN,0.2274,0.1108,0.6618
CLUBS TEN CLUBS EIGHT,0.6406,0.0524,0.307
SPADES JACK SPADES FOUR,0.5256,0.1954,0.279
SPADES QUEEN CLUBS TWO,0.4352,0.011,0.5538
DIAMONDS KING SPADES THREE,0.4258,0.0086,0.5656
CLUBS EIGHT DIAMONDS SIX,0.6848,0.062,0.2532
SPADES TWO DIAMONDS SIX,0.6552,0.0174,0.3274
CLUBS FIVE CLUBS KING,0.3794,0.0062,0.6144
SPADES EIGHT CLUBS TWO,0.7112,0.0628,0.226
HEARTS THREE CLUBS KING,0.435,0.0052,0.5598
SPADES ACE DIAMONDS THREE,0.4168,0.0046,0.5786
SPADES QUEEN SPADES TEN,0.3248,0.0088,0.6664
HEARTS FIVE SPADES JACK,0.5512,0.2282,0.2206
HEARTS SEVEN SPADES TWO,0.6666,0.0196,0.3138
SPADES NINE DIAMONDS ACE,0.3768,0.0042,0.619
SPADES FIVE DIAMONDS NINE,0.6274,0.0144,0.3582
DIAMONDS TWO SPADES TWO,0.4582,0.0372,0.5046
SPADES FIVE DIAMONDS SEVEN,0.6236,0.0198,0.3566
CLUBS NINE HEARTS JACK,0.225,0.1676,0.6074
SPADES SIX HEARTS TEN,0.627,0.015,0.358
DIAMONDS TWO HEARTS KING,0.4224,0.0096,0.568
SPADES KING DIAMONDS FIVE,0.4228,0.0068,0.5704
SPADES NINE CLUBS ACE,0.3946,0.0032,0.6022
DIAMONDS TEN SPADES TWO,0.645,0.0158,0.3392
DIAMONDS TWO HEARTS FOUR,0.6504,0.0176,0.332
HEARTS SEVEN SPADES KING,0.4028,0.0062,0.591
DIAMONDS QUEEN DIAMONDS NINE,0.351,0.0086,0.6404
SPADES FIVE DIAMONDS TEN,0.6538,0.0152,0.331
DIAMONDS KING HEARTS JACK,0.229,0.03,0.741
HEARTS THREE SPADES SEVEN,0.6578,0.0156,0.3266
SPADES THREE HEARTS QUEEN,0.4228,0.0098,0.5674
HEARTS FOUR HEARTS THREE,0.5982,0.018,0.3838
CLUBS EIGHT CLUBS TWO,0.6604,0.0632,0.2764
HEARTS KING DIAMONDS EIGHT,0.2468,0.0336,0.7196
CLUBS JACK CLUBS KING,0.2248,0.0308,0.7444
CLUBS FOUR CLUBS THREE,0.582,0.017,0.401
SPADES TEN DIAMONDS EIGHT,0.7,0.0528,0.2472
HEARTS TWO SPADES THREE,0.6398,0.0178,0.3424
SPADES EIGHT DIAMONDS EIGHT,0.3072,0.0428,0.65
DIAMONDS EIGHT HEARTS QUEEN,0.2486,0.0434,0.708
SPADES TEN DIAMONDS QUEEN,0.3574,0.0102,0.6324
SPADES FIVE HEARTS NINE,0.6348,0.0148,0.3504
SPADES NINE SPADES FOUR,0.5976,0.017,0.3854
HEARTS THREE DIAMONDS NINE,0.6606,0.0218,0.3176
DIAMONDS QUEEN HEARTS KING,0.3226,0.006,0.6714
CLUBS FOUR HEARTS JACK,0.5476,0.2156,0.2368
SPADES ACE HEARTS KING,0.3496,0.0034,0.647
HEARTS FOUR CLUBS TWO,0.645,0.017,0.338
SPADES SIX DIAMONDS SIX,0.4394,0.0356,0.525
DIAMONDS THREE CLUBS TWO,0.6414,0.0146,0.344
SPADES NINE CLUBS THREE,0.6526,0.0176,0.3298
CLUBS FIVE SPADES TWO,0.6356,0.0196,0.3448
CLUBS SEVEN DIAMONDS SEVEN,0.438,0.0318,0.5302
SPADES FOUR CLUBS ACE,0.402,0.0046,0.5934
CLUBS FOUR DIAMONDS QUEEN,0.417,0.0124,0.5706
DIAMONDS TWO CLUBS THREE,0.6514,0.0198,0.3288
HEARTS SEVEN HEARTS QUEEN,0.391,0.0102,0.5988
HEARTS FIVE CLUBS FOUR,0.6214,0.0162,0.3624
DIAMONDS QUEEN CLUBS KING,0.3274,0.0074,0.6652
DIAMONDS QUEEN CLUBS TWO,0.4146,0.0098,0.5756
CLUBS EIGHT DIAMONDS SEVEN,0.683,0.057,0.26
SPADES ACE HEARTS FOUR,0.4208,0.0036,0.5756
DIAMONDS NINE SPADES TWO,0.6538,0.0164,0.3298
SPADES THREE DIAMONDS SEVEN,0.6588,0.0184,0.3228
HEARTS TWO HEARTS NINE,0.5996,0.0176,0.3828
HEARTS FIVE DIAMONDS TEN,0.642,0.017,0.341
HEARTS SEVEN DIAMONDS FOUR,0.6408,0.023,0.3362
CLUBS JACK SPADES TWO,0.5466,0.2274,0.226
HEARTS THREE HEARTS NINE,0.6108,0.0166,0.3726
CLUBS EIGHT HEARTS ACE,0.2622,0.0226,0.7152
HEARTS SEVEN SPADES SIX,0.626,0.015,0.359
HEARTS TWO CLUBS ACE,0.414,0.0066,0.5794
HEARTS SEVEN HEARTS FIVE,0.5956,0.017,0.3874
SPADES JACK CLUBS EIGHT,0.0218,0.9588,0.0194
CLUBS NINE HEARTS FIVE,0.6384,0.0144,0.3472
CLUBS FOUR DIAMONDS EIGHT,0.6972,0.062,0.2408
HEARTS ACE DIAMONDS SIX,0.423,0.0046,0.5724
CLUBS SIX CLUBS ACE,0.3986,0.004,0.5974
CLUBS NINE DIAMONDS SIX,0.629,0.0126,0.3584
DIAMONDS SEVEN DIAMONDS FIVE,0.6004,0.0166,0.383
SPADES SIX HEARTS KING,0.4118,0.005,0.5832
CLUBS SEVEN HEARTS ACE,0.3994,0.003,0.5976
HEARTS ACE DIAMONDS NINE,0.3564,0.0054,0.6382
CLUBS EIGHT HEARTS JACK,0.0098,0.9724,0.0178
SPADES FIVE SPADES THREE,0.5834,0.0172,0.3994
CLUBS FOUR CLUBS KING,0.3946,0.0064,0.599
HEARTS SIX HEARTS KING,0.4076,0.0072,0.5852
HEARTS ACE HEARTS KING,0.3182,0.0052,0.6766
DIAMONDS THREE SPADES NINE,0.6568,0.0148,0.3284
SPADES ACE SPADES TEN,0.3464,0.0042,0.6494
CLUBS THREE SPADES TWO,0.6448,0.0176,0.3376
DIAMONDS TWO CLUBS KING,0.4282,0.0086,0.5632
DIAMONDS THREE CLUBS FOUR,0.6202,0.0212,0.3586
DIAMONDS ACE DIAMONDS QUEEN,0.3236,0.0054,0.671
CLUBS SEVEN SPADES SEVEN,0.4222,0.0314,0.5464
CLUBS FOUR CLUBS QUEEN,0.3962,0.0132,0.5906
CLUBS NINE HEARTS ACE,0.3764,0.0032,0.6204
SPADES TWO DIAMONDS FOUR,0.6322,0.018,0.3498
HEARTS ACE CLUBS ACE,0.1554,0.0034,0.8412
CLUBS JACK DIAMONDS TEN,0.227,0.1176,0.6554
HEARTS FIVE SPADES SEVEN,0.6308,0.0168,0.3524
DIAMONDS KING HEARTS QUEEN,0.3214,0.0076,0.671
DIAMONDS NINE HEARTS JACK,0.2226,0.1826,0.5948
DIAMONDS KING CLUBS ACE,0.3466,0.0038,0.6496
DIAMONDS THREE SPADES SIX,0.643,0.0178,0.3392
DIAMONDS THREE SPADES SEVEN,0.6578,0.0188,0.3234
DIAMONDS EIGHT SPADES TWO,0.7134,0.0656,0.221
DIAMONDS THREE CLUBS QUEEN,0.4214,0.0112,0.5674
DIAMONDS TWO CLUBS NINE,0.6534,0.0192,0.3274
CLUBS TEN SPADES TEN,0.2922,0.0206,0.6872
CLUBS NINE DIAMONDS KING,0.3762,0.0056,0.6182
DIAMONDS KING HEARTS ACE,0.325,0.0048,0.6702
HEARTS TWO SPADES FIVE,0.6388,0.0172,0.344
SPADES QUEEN SPADES NINE,0.3336,0.0104,0.656
SPADES QUEEN CLUBS THREE,0.4304,0.0092,0.5604
SPADES TEN CLUBS QUEEN,0.3542,0.0096,0.6362
SPADES NINE CLUBS KING,0.3708,0.0056,0.6236
CLUBS FIVE CLUBS ACE,0.3884,0.0054,0.6062
CLUBS SIX SPADES EIGHT,0.6896,0.0564,0.254
CLUBS EIGHT HEARTS THREE,0.7234,0.058,0.2186
DIAMONDS THREE DIAMONDS QUEEN,0.41,0.0082,0.5818
CLUBS THREE CLUBS TWO,0.6084,0.02,0.3716
SPADES QUEEN HEARTS FIVE,0.4148,0.0114,0.5738
SPADES QUEEN DIAMONDS QUEEN,0.1512,0.0116,0.8372
CLUBS SEVEN CLUBS ACE,0.4028,0.0042,0.593
CLUBS SEVEN HEARTS KING,0.395,0.006,0.599
HEARTS FOUR HEARTS TWO,0.6112,0.0208,0.368
DIAMONDS QUEEN DIAMONDS SEVEN,0.3916,0.0118,0.5966
CLUBS EIGHT SPADES FIVE,0.683,0.0638,0.2532
SPADES KING HEARTS NINE,0.3604,0.0064,0.6332
CLUBS TWO HEARTS ACE,0.4236,0.0054,0.571
SPADES ACE DIAMONDS NINE,0.3794,0.0036,0.617
CLUBS SEVEN SPADES NINE,0.6144,0.0198,0.3658
SPADES SEVEN DIAMONDS NINE,0.6148,0.0174,0.3678
SPADES KING SPADES TEN,0.3388,0.0046,0.6566
SPADES QUEEN SPADES FIVE,0.3892,0.0102,0.6006
DIAMONDS THREE SPADES TEN,0.651,0.0164,0.3326
DIAMONDS THREE CLUBS SEVEN,0.6596,0.015,0.3254
CLUBS TEN CLUBS QUEEN,0.3286,0.009,0.6624
HEARTS FOUR DIAMONDS TEN,0.6462,0.016,0.3378
DIAMONDS THREE HEARTS TEN,0.6382,0.017,0.3448
SPADES ACE SPADES JACK,0.2344,0.0168,0.7488
SPADES EIGHT CLUBS ACE,0.2632,0.0228,0.714
SPADES JACK CLUBS THREE,0.5556,0.2208,0.2236
HEARTS THREE HEARTS ACE,0.4014,0.0042,0.5944
SPADES ACE HEARTS TWO,0.421,0.0038,0.5752
SPADES JACK SPADES FIVE,0.5264,0.198,0.2756
HEARTS SIX SPADES EIGHT,0.6902,0.0652,0.2446
HEARTS KING SPADES TWO,0.4372,0.0058,0.557
SPADES NINE DIAMONDS EIGHT,0.7018,0.0506,0.2476
CLUBS TEN CLUBS ACE,0.3402,0.0058,0.654
HEARTS SIX CLUBS EIGHT,0.6994,0.056,0.2446
CLUBS EIGHT DIAMONDS ACE,0.2606,0.0254,0.714
SPADES KING CLUBS SEVEN,0.3964,0.0048,0.5988
DIAMONDS THREE SPADES THREE,0.4364,0.04,0.5236
SPADES NINE CLUBS FOUR,0.644,0.0166,0.3394
SPADES QUEEN HEARTS ACE,0.3454,0.003,0.6516
DIAMONDS SEVEN DIAMONDS SIX,0.6044,0.0162,0.3794
HEARTS SIX HEARTS NINE,0.5874,0.0176,0.395
SPADES QUEEN CLUBS KING,0.3332,0.0056,0.6612
DIAMONDS ACE HEARTS NINE,0.37,0.0046,0.6254
HEARTS SIX SPADES TEN,0.6378,0.0164,0.3458
SPADES JACK SPADES TWO,0.5214,0.2112,0.2674
DIAMONDS KING HEARTS KING,0.147,0.0076,0.8454
CLUBS TWO SPADES FOUR,0.6378,0.0192,0.343
HEARTS ACE DIAMONDS SEVEN,0.4012,0.005,0.5938
SPADES ACE DIAMONDS FIVE,0.4126,0.0034,0.584
SPADES KING CLUBS EIGHT,0.269,0.0324,0.6986
CLUBS TEN DIAMONDS EIGHT,0.7004,0.0552,0.2444
DIAMONDS QUEEN CLUBS QUEEN,0.15,0.0094,0.8406
HEARTS SEVEN SPADES TEN,0.631,0.016,0.353
CLUBS TEN CLUBS KING,0.3344,0.0044,0.6612
SPADES SEVEN CLUBS ACE,0.4096,0.0038,0.5866
HEARTS TWO CLUBS FIVE,0.6464,0.0176,0.336
DIAMONDS TEN HEARTS ACE,0.3586,0.0042,0.6372
CLUBS SEVEN CLUBS QUEEN,0.3808,0.0072,0.612
CLUBS NINE DIAMONDS QUEEN,0.3542,0.012,0.6338
CLUBS THREE DIAMONDS TEN,0.6476,0.0178,0.3346
DIAMONDS TWO DIAMONDS KING,0.409,0.0072,0.5838
SPADES QUEEN SPADES JACK,0.2302,0.038,0.7318
HEARTS KING DIAMONDS FOUR,0.4188,0.008,0.5732
HEARTS FIVE DIAMONDS FIVE,0.4456,0.0368,0.5176
SPADES KING CLUBS FIVE,0.428,0.0056,0.5664
CLUBS JACK DIAMONDS ACE,0.2546,0.0154,0.73
SPADES EIGHT SPADES SEVEN,0.6348,0.0592,0.306
SPADES KING HEARTS KING,0.1654,0.0082,0.8264
SPADES TEN HEARTS ACE,0.353,0.0038,0.6432
CLUBS ACE HEARTS NINE,0.3856,0.0026,0.6118
SPADES SEVEN SPADES SIX,0.573,0.0212,0.4058
CLUBS JACK DIAMONDS EIGHT,0.0204,0.9678,0.0118
CLUBS TWO CLUBS QUEEN,0.3986,0.0084,0.593
DIAMONDS ACE SPADES THREE,0.4266,0.0038,0.5696
HEARTS SEVEN SPADES JACK,0.5308,0.2372,0.232
CLUBS ACE HEARTS TEN,0.3572,0.0038,0.639
CLUBS TWO HEARTS QUEEN,0.4152,0.0098,0.575
SPADES ACE CLUBS KING,0.3496,0.0032,0.6472
HEARTS SIX SPADES FOUR,0.6296,0.0146,0.3558
DIAMONDS KING SPADES TWO,0.416,0.0068,0.5772
SPADES ACE HEARTS FIVE,0.4158,0.0044,0.5798
CLUBS FIVE DIAMONDS TEN,0.654,0.016,0.33
SPADES FIVE CLUBS ACE,0.4212,0.0036,0.5752
HEARTS FOUR SPADES SIX,0.6354,0.0174,0.3472
HEARTS SEVEN CLUBS KING,0.4136,0.005,0.5814
CLUBS TEN DIAMONDS TEN,0.2892,0.023,0.6878
SPADES ACE DIAMONDS FOUR,0.413,0.0052,0.5818
SPADES QUEEN SPADES EIGHT,0.2472,0.0376,0.7152
HEARTS ACE HEARTS JACK,0.238,0.0192,0.7428
CLUBS FIVE CLUBS TWO,0.591,0.0178,0.3912
DIAMONDS TEN CLUBS ACE,0.379,0.0032,0.6178
HEARTS FIVE SPADES TWO,0.6484,0.0178,0.3338
CLUBS JACK HEARTS TWO,0.5508,0.2214,0.2278
DIAMONDS ACE HEARTS KING,0.335,0.004,0.661
HEARTS THREE HEARTS KING,0.4014,0.0092,0.5894
HEARTS ACE SPADES THREE,0.411,0.0024,0.5866
SPADES KING CLUBS ACE,0.3454,0.002,0.6526
HEARTS THREE CLUBS FOUR,0.6366,0.0166,0.3468
HEARTS SIX HEARTS ACE,0.405,0.0046,0.5904
CLUBS EIGHT DIAMONDS EIGHT,0.3176,0.0386,0.6438
CLUBS TWO DIAMONDS FIVE,0.6328,0.0212,0.346
SPADES QUEEN DIAMONDS ACE,0.3534,0.003,0.6436
SPADES FOUR DIAMONDS NINE,0.6436,0.0148,0.3416
SPADES TEN DIAMONDS TEN,0.2822,0.0212,0.6966
CLUBS JACK CLUBS TWO,0.5218,0.2082,0.27
HEARTS SIX HEARTS FOUR,0.599,0.0162,0.3848
CLUBS SEVEN CLUBS FOUR,0.5948,0.0202,0.385
SPADES FOUR CLUBS KING,0.4218,0.0052,0.573
HEARTS TWO DIAMONDS FIVE,0.6478,0.017,0.3352
CLUBS JACK CLUBS QUEEN,0.2376,0.039,0.7234
CLUBS SEVEN HEARTS NINE,0.6044,0.0174,0.3782
HEARTS FIVE SPADES EIGHT,0.6898,0.0582,0.252
HEARTS FOUR CLUBS ACE,0.4052,0.0058,0.589
HEARTS KING CLUBS ACE,0.3524,0.0046,0.643
HEARTS FOUR DIAMONDS EIGHT,0.7036,0.0586,0.2378
DIAMONDS EIGHT DIAMONDS FOUR,0.671,0.0606,0.2684
CLUBS SEVEN HEARTS QUEEN,0.4108,0.0108,0.5784
SPADES QUEEN CLUBS FIVE,0.4128,0.0096,0.5776
HEARTS TWO CLUBS QUEEN,0.4244,0.0116,0.564
CLUBS EIGHT HEARTS KING,0.2536,0.0346,0.7118
CLUBS EIGHT DIAMONDS TEN,0.6978,0.0532,0.249
CLUBS EIGHT SPADES SEVEN,0.6566,0.0578,0.2856
CLUBS FIVE HEARTS TEN,0.631,0.0166,0.3524
CLUBS FOUR HEARTS QUEEN,0.4254,0.01,0.5646
HEARTS SIX CLUBS TWO,0.666,0.0172,0.3168
SPADES KING DIAMONDS SIX,0.418,0.008,0.574
HEARTS SIX SPADES THREE,0.6658,0.0176,0.3166
HEARTS SEVEN CLUBS SEVEN,0.4228,0.0368,0.5404
SPADES NINE HEARTS QUEEN,0.3538,0.0104,0.6358
SPADES SEVEN SPADES FOUR,0.6016,0.0174,0.381
HEARTS THREE CLUBS TWO,0.6514,0.016,0.3326
HEARTS SEVEN DIAMONDS TEN,0.638,0.017,0.345
CLUBS JACK SPADES KING,0.2426,0.0304,0.727
SPADES TEN SPADES SEVEN,0.5722,0.017,0.4108
HEARTS TWO DIAMONDS ACE,0.4114,0.0062,0.5824
DIAMONDS ACE DIAMONDS EIGHT,0.2356,0.0234,0.741
HEARTS TWO HEARTS TEN,0.6132,0.0148,0.372
DIAMONDS ACE DIAMONDS FIVE,0.3938,0.0038,0.6024
SPADES NINE HEARTS TEN,0.58,0.0156,0.4044
DIAMONDS KING SPADES FOUR,0.4164,0.0054,0.5782
HEARTS QUEEN HEARTS TEN,0.3248,0.0088,0.6664
DIAMONDS KING HEARTS NINE,0.362,0.0078,0.6302
SPADES JACK DIAMONDS SEVEN,0.5482,0.2318,0.22
SPADES FOUR HEARTS ACE,0.4226,0.0034,0.574
DIAMONDS TWO DIAMONDS FIVE,0.6006,0.019,0.3804
DIAMONDS THREE DIAMONDS TEN,0.621,0.0188,0.3602
CLUBS FIVE HEARTS ACE,0.404,0.0034,0.5926
SPADES SEVEN HEARTS KING,0.3868,0.0068,0.6064
CLUBS FIVE HEARTS KING,0.4184,0.008,0.5736
HEARTS THREE DIAMONDS FIVE,0.635,0.0206,0.3444
DIAMONDS QUEEN SPADES FIVE,0.4148,0.0116,0.5736
HEARTS QUEEN DIAMONDS SIX,0.419,0.0088,0.5722
SPADES EIGHT HEARTS JACK,0.01,0.9718,0.0182
CLUBS EIGHT CLUBS THREE,0.6716,0.068,0.2604
SPADES SEVEN HEARTS TEN,0.6328,0.0156,0.3516
DIAMONDS KING CLUBS KING,0.1644,0.0058,0.8298
CLUBS TEN HEARTS FIVE,0.6466,0.0214,0.332
HEARTS JACK HEARTS NINE,0.2092,0.1636,0.6272
CLUBS SEVEN HEARTS TEN,0.6208,0.0174,0.3618
HEARTS FOUR DIAMONDS KING,0.425,0.0078,0.5672
SPADES KING SPADES FIVE,0.39,0.0068,0.6032
HEARTS THREE SPADES NINE,0.6422,0.0166,0.3412
DIAMONDS ACE CLUBS KING,0.339,0.0048,0.6562
HEARTS FIVE CLUBS ACE,0.424,0.0042,0.5718
HEARTS QUEEN CLUBS QUEEN,0.1632,0.0126,0.8242
SPADES ACE DIAMONDS TWO,0.422,0.0054,0.5726
SPADES KING DIAMONDS EIGHT,0.2696,0.033,0.6974
SPADES ACE CLUBS FOUR,0.417,0.0032,0.5798
CLUBS QUEEN HEARTS NINE,0.3478,0.012,0.6402
CLUBS FOUR SPADES THREE,0.6416,0.0198,0.3386
SPADES KING CLUBS KING,0.1638,0.0056,0.8306
HEARTS FOUR DIAMONDS NINE,0.6638,0.0176,0.3186
SPADES ACE HEARTS SIX,0.4282,0.005,0.5668
CLUBS TEN SPADES FOUR,0.6258,0.016,0.3582
CLUBS TEN HEARTS SIX,0.6382,0.0178,0.344
SPADES NINE SPADES SIX,0.5908,0.0152,0.394
DIAMONDS THREE DIAMONDS SEVEN,0.629,0.0194,0.3516
SPADES NINE HEARTS NINE,0.2886,0.0244,0.687
HEARTS THREE CLUBS QUEEN,0.4414,0.0114,0.5472
SPADES QUEEN CLUBS EIGHT,0.2562,0.043,0.7008
HEARTS SIX CLUBS SIX,0.4488,0.033,0.5182
DIAMONDS QUEEN HEARTS JACK,0.2278,0.0442,0.728
CLUBS SEVEN CLUBS SIX,0.5954,0.0126,0.392
SPADES KING DIAMONDS FOUR,0.4166,0.008,0.5754
SPADES TEN SPADES EIGHT,0.659,0.0486,0.2924
SPADES FOUR SPADES TWO,0.5994,0.017,0.3836
HEARTS THREE SPADES EIGHT,0.717,0.0624,0.2206
HEARTS FOUR CLUBS FOUR,0.445,0.035,0.52
SPADES QUEEN SPADES SEVEN,0.3892,0.0102,0.6006
CLUBS KING HEARTS NINE,0.3684,0.0082,0.6234
HEARTS SIX SPADES QUEEN,0.4144,0.0106,0.575
CLUBS SIX SPADES FIVE,0.6258,0.0186,0.3556
CLUBS JACK SPADES FOUR,0.5416,0.2278,0.2306
CLUBS THREE HEARTS NINE,0.6384,0.0148,0.3468
HEARTS SEVEN DIAMONDS FIVE,0.635,0.019,0.346
CLUBS JACK CLUBS FOUR,0.502,0.2174,0.2806
DIAMONDS KING DIAMONDS SIX,0.3934,0.0074,0.5992
SPADES KING CLUBS QUEEN,0.3352,0.0066,0.6582
CLUBS JACK DIAMONDS THREE,0.5516,0.223,0.2254
SPADES KING CLUBS TWO,0.4236,0.008,0.5684
HEARTS SEVEN HEARTS THREE,0.6224,0.0202,0.3574
HEARTS SIX DIAMONDS ACE,0.4148,0.0048,0.5804
CLUBS SIX HEARTS ACE,0.416,0.0022,0.5818
SPADES SEVEN HEARTS QUEEN,0.4,0.0082,0.5918
DIAMONDS TWO CLUBS QUEEN,0.4324,0.0104,0.5572
CLUBS FOUR DIAMONDS SEVEN,0.6418,0.0184,0.3398
DIAMONDS TWO SPADES NINE,0.6588,0.0172,0.324
HEARTS SEVEN DIAMONDS EIGHT,0.6864,0.0598,0.2538
SPADES TEN HEARTS QUEEN,0.3462,0.0086,0.6452
HEARTS SIX SPADES SIX,0.435,0.033,0.532
HEARTS SIX DIAMONDS FOUR,0.6418,0.018,0.3402
HEARTS FOUR SPADES THREE,0.6242,0.0174,0.3584
HEARTS SIX SPADES SEVEN,0.6254,0.0154,0.3592
SPADES TWO CLUBS KING,0.434,0.0076,0.5584
HEARTS FOUR SPADES TEN,0.6406,0.0146,0.3448
SPADES ACE DIAMONDS SEVEN,0.4128,0.0048,0.5824
HEARTS SEVEN SPADES EIGHT,0.6728,0.0624,0.2648
HEARTS SIX HEARTS JACK,0.5284,0.223,0.2486
HEARTS KING CLUBS QUEEN,0.3336,0.0064,0.66
CLUBS NINE DIAMONDS NINE,0.3076,0.026,0.6664
HEARTS ACE DIAMONDS FIVE,0.4126,0.0052,0.5822
DIAMONDS NINE DIAMONDS EIGHT,0.6426,0.0556,0.3018
SPADES TEN DIAMONDS NINE,0.574,0.0158,0.4102
CLUBS JACK SPADES JACK,0.121,0.0346,0.8444
CLUBS ACE CLUBS KING,0.336,0.0056,0.6584
SPADES JACK HEARTS FOUR,0.5554,0.221,0.2236
HEARTS FIVE DIAMONDS ACE,0.4102,0.0044,0.5854
HEARTS TWO HEARTS JACK,0.5214,0.2146,0.264
DIAMONDS TEN HEARTS QUEEN,0.3388,0.0082,0.653
DIAMONDS TWO DIAMONDS SIX,0.6316,0.0192,0.3492
DIAMONDS KING DIAMONDS SEVEN,0.3912,0.0078,0.601
DIAMONDS SEVEN CLUBS QUEEN,0.4086,0.013,0.5784
HEARTS SIX DIAMONDS SIX,0.4452,0.0392,0.5156
SPADES KING SPADES SEVEN,0.3776,0.008,0.6144
CLUBS TWO SPADES TWO,0.4542,0.0336,0.5122
CLUBS EIGHT DIAMONDS QUEEN,0.2514,0.039,0.7096
SPADES SEVEN CLUBS THREE,0.66,0.0154,0.3246
SPADES JACK CLUBS ACE,0.272,0.0174,0.7106
HEARTS SIX DIAMONDS QUEEN,0.416,0.0112,0.5728
DIAMONDS TWO DIAMONDS FOUR,0.6208,0.0218,0.3574
HEARTS SIX DIAMONDS TWO,0.6674,0.0214,0.3112
CLUBS TWO DIAMONDS TEN,0.6362,0.0188,0.345
CLUBS SIX SPADES FOUR,0.629,0.0174,0.3536
HEARTS SIX DIAMONDS NINE,0.6234,0.0224,0.3542
CLUBS TEN HEARTS TWO,0.649,0.0176,0.3334
CLUBS FOUR DIAMONDS SIX,0.6316,0.0162,0.3522
HEARTS TWO DIAMONDS FOUR,0.6452,0.022,0.3328
SPADES TWO HEARTS TEN,0.6454,0.0162,0.3384
SPADES ACE SPADES EIGHT,0.251,0.02,0.729
SPADES NINE SPADES SEVEN,0.5772,0.015,0.4078
CLUBS EIGHT SPADES SIX,0.6868,0.0578,0.2554
HEARTS FIVE DIAMONDS FOUR,0.6106,0.0168,0.3726
CLUBS TEN SPADES EIGHT,0.6882,0.0552,0.2566
CLUBS TWO DIAMONDS NINE,0.6424,0.0156,0.342
SPADES SEVEN CLUBS QUEEN,0.4198,0.011,0.5692
SPADES ACE CLUBS SEVEN,0.3968,0.0022,0.601
CLUBS FIVE DIAMONDS SEVEN,0.617,0.0194,0.3636
DIAMONDS THREE DIAMONDS SIX,0.6056,0.0176,0.3768
SPADES QUEEN SPADES SIX,0.3852,0.01,0.6048
SPADES JACK SPADES THREE,0.5204,0.2158,0.2638
DIAMONDS KING CLUBS TWO,0.4172,0.0066,0.5762
SPADES EIGHT SPADES FOUR,0.6572,0.0558,0.287
DIAMONDS SIX CLUBS KING,0.4216,0.0092,0.5692
DIAMONDS ACE CLUBS TWO,0.4132,0.0048,0.582
HEARTS FIVE HEARTS THREE,0.6082,0.0184,0.3734
HEARTS TWO SPADES SIX,0.6544,0.0146,0.331
HEARTS TWO SPADES TWO,0.4446,0.0368,0.5186
SPADES QUEEN HEARTS THREE,0.4276,0.0088,0.5636
CLUBS NINE DIAMONDS FOUR,0.6418,0.0174,0.3408
CLUBS SIX CLUBS FIVE,0.5722,0.0164,0.4114
DIAMONDS KING DIAMONDS FOUR,0.403,0.0066,0.5904
CLUBS SEVEN DIAMONDS TEN,0.6336,0.0156,0.3508
SPADES SEVEN DIAMONDS EIGHT,0.6752,0.058,0.2668
CLUBS THREE SPADES THREE,0.4464,0.0366,0.517
SPADES TEN CLUBS THREE,0.6358,0.0142,0.35
DIAMONDS FIVE DIAMONDS FOUR,0.5716,0.0166,0.4118
DIAMONDS THREE CLUBS TEN,0.646,0.018,0.336
DIAMONDS TEN SPADES FOUR,0.647,0.0122,0.3408
DIAMONDS EIGHT DIAMONDS SIX,0.6546,0.0606,0.2848
CLUBS SEVEN DIAMONDS FOUR,0.6452,0.018,0.3368
CLUBS FIVE DIAMONDS FIVE,0.4308,0.0368,0.5324
CLUBS SIX SPADES SIX,0.4396,0.0294,0.531
SPADES KING HEARTS THREE,0.4254,0.0072,0.5674
HEARTS FIVE SPADES FIVE,0.4512,0.035,0.5138
HEARTS SEVEN CLUBS NINE,0.6166,0.0146,0.3688
SPADES KING CLUBS THREE,0.4182,0.0076,0.5742
CLUBS TEN SPADES FIVE,0.6474,0.016,0.3366
DIAMONDS ACE SPADES TWO,0.423,0.0058,0.5712
CLUBS NINE SPADES FIVE,0.6186,0.0144,0.367
CLUBS EIGHT CLUBS SIX,0.6494,0.0522,0.2984
CLUBS KING DIAMONDS FOUR,0.419,0.0078,0.5732
HEARTS SIX DIAMONDS SEVEN,0.629,0.0152,0.3558
DIAMONDS THREE CLUBS NINE,0.6626,0.0158,0.3216
DIAMONDS TWO DIAMONDS SEVEN,0.634,0.0178,0.3482
HEARTS FOUR SPADES NINE,0.656,0.0154,0.3286
CLUBS FIVE DIAMONDS ACE,0.4108,0.004,0.5852
SPADES TEN HEARTS TEN,0.2816,0.0236,0.6948
SPADES EIGHT CLUBS QUEEN,0.2642,0.0356,0.7002
SPADES JACK CLUBS KING,0.2334,0.0306,0.736
HEARTS SIX DIAMONDS FIVE,0.618,0.0194,0.3626
CLUBS FOUR HEARTS TEN,0.6252,0.0182,0.3566
CLUBS NINE CLUBS EIGHT,0.6462,0.0512,0.3026
CLUBS FIVE DIAMONDS QUEEN,0.3988,0.008,0.5932
SPADES TWO CLUBS QUEEN,0.4232,0.01,0.5668
CLUBS JACK DIAMONDS QUEEN,0.2466,0.038,0.7154
CLUBS SIX HEARTS TWO,0.6706,0.018,0.3114
CLUBS EIGHT CLUBS SEVEN,0.6294,0.0534,0.3172
DIAMONDS ACE CLUBS FOUR,0.3988,0.0048,0.5964
CLUBS THREE DIAMONDS EIGHT,0.7262,0.066,0.2078
DIAMONDS TWO SPADES JACK,0.5612,0.216,0.2228
SPADES FIVE HEARTS QUEEN,0.418,0.0132,0.5688
CLUBS EIGHT CLUBS ACE,0.2436,0.0204,0.736
CLUBS JACK SPADES THREE,0.543,0.23,0.227
CLUBS SIX CLUBS TWO,0.6162,0.016,0.3678
HEARTS JACK DIAMONDS FOUR,0.5514,0.2248,0.2238
DIAMONDS TWO SPADES FOUR,0.644,0.0184,0.3376
CLUBS EIGHT CLUBS KING,0.258,0.0266,0.7154
DIAMONDS NINE SPADES THREE,0.6472,0.0148,0.338
SPADES THREE CLUBS ACE,0.4192,0.0034,0.5774
HEARTS SIX HEARTS TWO,0.622,0.0208,0.3572
SPADES QUEEN HEARTS JACK,0.2396,0.039,0.7214
DIAMONDS SEVEN HEARTS NINE,0.6096,0.017,0.3734
DIAMONDS SIX CLUBS QUEEN,0.4188,0.0082,0.573
SPADES ACE HEARTS SEVEN,0.4054,0.0044,0.5902
CLUBS SEVEN DIAMONDS FIVE,0.6274,0.0188,0.3538
DIAMONDS QUEEN HEARTS NINE,0.3508,0.0084,0.6408
SPADES FIVE HEARTS ACE,0.4134,0.0032,0.5834
HEARTS TWO DIAMONDS NINE,0.6474,0.0206,0.332
DIAMONDS KING DIAMONDS QUEEN,0.3166,0.0054,0.678
SPADES NINE DIAMONDS TEN,0.5774,0.0144,0.4082
SPADES EIGHT DIAMONDS TEN,0.6878,0.0538,0.2584
DIAMONDS NINE DIAMONDS SEVEN,0.5882,0.016,0.3958
SPADES JACK DIAMONDS FOUR,0.5642,0.2182,0.2176
SPADES JACK DIAMONDS ACE,0.2608,0.0168,0.7224
SPADES JACK HEARTS KING,0.2278,0.0278,0.7444
SPADES QUEEN DIAMONDS SIX,0.4278,0.0102,0.562
HEARTS TWO CLUBS FOUR,0.6532,0.0184,0.3284
HEARTS KING HEARTS QUEEN,0.3212,0.0054,0.6734
HEARTS TEN HEARTS NINE,0.5416,0.0138,0.4446
HEARTS TEN DIAMONDS FOUR,0.6412,0.0168,0.342
CLUBS EIGHT DIAMONDS KING,0.2594,0.0304,0.7102
CLUBS NINE SPADES THREE,0.6478,0.0148,0.3374
HEARTS TEN DIAMONDS FIVE,0.6454,0.017,0.3376
SPADES THREE DIAMONDS EIGHT,0.7122,0.0612,0.2266
CLUBS SIX DIAMONDS EIGHT,0.6866,0.0634,0.25
HEARTS THREE CLUBS ACE,0.425,0.0042,0.5708
HEARTS FIVE HEARTS JACK,0.5108,0.2234,0.2658
DIAMONDS THREE DIAMONDS FIVE,0.592,0.02,0.388
DIAMONDS TWO SPADES SEVEN,0.67,0.0156,0.3144
DIAMONDS TWO CLUBS FIVE,0.6414,0.021,0.3376
DIAMONDS EIGHT CLUBS ACE,0.2694,0.0238,0.7068
HEARTS TWO HEARTS ACE,0.3984,0.0044,0.5972
DIAMONDS TEN HEARTS JACK,0.2202,0.1168,0.663
SPADES SEVEN HEARTS NINE,0.6124,0.018,0.3696
HEARTS SIX SPADES NINE,0.6214,0.0142,0.3644
HEARTS FIVE DIAMONDS SEVEN,0.6416,0.0188,0.3396
SPADES JACK SPADES TEN,0.2198,0.118,0.6622
DIAMONDS TEN SPADES THREE,0.648,0.015,0.337
DIAMONDS TWO HEARTS FIVE,0.649,0.0192,0.3318
SPADES QUEEN DIAMONDS NINE,0.3526,0.0112,0.6362
HEARTS TWO HEARTS KING,0.4164,0.0058,0.5778
SPADES KING DIAMONDS QUEEN,0.3428,0.0058,0.6514
CLUBS NINE CLUBS KING,0.346,0.0072,0.6468
HEARTS SIX DIAMONDS KING,0.4254,0.0076,0.567
CLUBS NINE SPADES SEVEN,0.6042,0.015,0.3808
SPADES ACE DIAMONDS TEN,0.3804,0.0034,0.6162
HEARTS FOUR DIAMONDS FIVE,0.624,0.0172,0.3588
SPADES KING HEARTS ACE,0.3482,0.0038,0.648
SPADES ACE HEARTS JACK,0.2504,0.0198,0.7298
DIAMONDS NINE HEARTS QUEEN,0.364,0.0114,0.6246
CLUBS SEVEN HEARTS THREE,0.6632,0.0162,0.3206
CLUBS FOUR DIAMONDS FOUR,0.454,0.0348,0.5112
HEARTS TWO DIAMONDS QUEEN,0.422,0.0118,0.5662
DIAMONDS QUEEN DIAMONDS FIVE,0.399,0.0116,0.5894
HEARTS SEVEN CLUBS THREE,0.6548,0.0178,0.3274
HEARTS FIVE DIAMONDS QUEEN,0.4262,0.0116,0.5622
CLUBS NINE DIAMONDS FIVE,0.6514,0.0174,0.3312
SPADES QUEEN DIAMONDS FOUR,0.4352,0.0106,0.5542
CLUBS JACK HEARTS SEVEN,0.5506,0.2324,0.217
DIAMONDS TEN CLUBS QUEEN,0.3572,0.0112,0.6316
CLUBS SIX HEARTS JACK,0.5518,0.2112,0.237
HEARTS THREE DIAMONDS SEVEN,0.6576,0.022,0.3204
SPADES FIVE CLUBS TWO,0.63,0.0194,0.3506
DIAMONDS TEN DIAMONDS EIGHT,0.6676,0.0514,0.281
HEARTS SEVEN CLUBS QUEEN,0.414,0.0098,0.5762
HEARTS TWO CLUBS THREE,0.638,0.0172,0.3448
CLUBS THREE DIAMONDS FIVE,0.6364,0.0192,0.3444
DIAMONDS TWO HEARTS TEN,0.6344,0.017,0.3486
SPADES KING HEARTS FIVE,0.4142,0.0088,0.577
SPADES FOUR HEARTS JACK,0.539,0.2224,0.2386
SPADES TEN HEARTS NINE,0.5604,0.019,0.4206
HEARTS SIX HEARTS THREE,0.6124,0.0158,0.3718
SPADES SIX SPADES FOUR,0.5858,0.0186,0.3956
SPADES JACK CLUBS TWO,0.5526,0.221,0.2264
HEARTS ACE DIAMONDS EIGHT,0.262,0.0266,0.7114
DIAMONDS ACE CLUBS ACE,0.148,0.0028,0.8492
CLUBS TEN SPADES TWO,0.6394,0.0196,0.341
SPADES SIX DIAMONDS QUEEN,0.4054,0.0124,0.5822
HEARTS ACE HEARTS TEN,0.3428,0.0032,0.654
DIAMONDS SIX HEARTS NINE,0.6148,0.0186,0.3666
SPADES SIX HEARTS NINE,0.61,0.0184,0.3716
CLUBS TWO DIAMONDS SIX,0.6622,0.0142,0.3236
DIAMONDS THREE HEARTS SIX,0.6496,0.0152,0.3352
SPADES TEN CLUBS KING,0.3622,0.0062,0.6316
SPADES ACE SPADES NINE,0.357,0.0034,0.6396
HEARTS QUEEN HEARTS NINE,0.3418,0.0116,0.6466
CLUBS NINE SPADES NINE,0.2788,0.0294,0.6918
CLUBS ACE HEARTS JACK,0.2486,0.0208,0.7306
CLUBS SIX DIAMONDS KING,0.4136,0.0072,0.5792
SPADES EIGHT SPADES THREE,0.678,0.064,0.258
CLUBS TWO SPADES THREE,0.6384,0.0166,0.345
DIAMONDS TEN DIAMONDS FOUR,0.6044,0.0152,0.3804
CLUBS THREE SPADES FOUR,0.6286,0.0156,0.3558
CLUBS FIVE HEARTS NINE,0.6332,0.0166,0.3502
CLUBS TWO HEARTS JACK,0.5604,0.2242,0.2154
SPADES TEN CLUBS SEVEN,0.6248,0.0124,0.3628
SPADES FOUR HEARTS NINE,0.6458,0.0158,0.3384
SPADES JACK DIAMONDS KING,0.2356,0.0232,0.7412
SPADES JACK DIAMONDS TEN,0.2358,0.1118,0.6524
HEARTS SEVEN SPADES SEVEN,0.4244,0.0316,0.544
HEARTS SEVEN SPADES QUEEN,0.4182,0.0096,0.5722
HEARTS SIX SPADES JACK,0.5586,0.2204,0.221
SPADES THREE HEARTS TEN,0.6496,0.0162,0.3342
CLUBS SIX SPADES THREE,0.63,0.017,0.353
CLUBS NINE SPADES JACK,0.228,0.163,0.609
SPADES QUEEN SPADES FOUR,0.3926,0.0094,0.598
DIAMONDS TWO SPADES QUEEN,0.4248,0.011,0.5642
DIAMONDS THREE CLUBS ACE,0.4232,0.006,0.5708
SPADES SIX DIAMONDS FIVE,0.6104,0.017,0.3726
SPADES ACE SPADES THREE,0.3886,0.0044,0.607
HEARTS ACE HEARTS QUEEN,0.3278,0.006,0.6662
SPADES JACK CLUBS QUEEN,0.254,0.036,0.71
CLUBS SIX DIAMONDS QUEEN,0.4074,0.0092,0.5834
HEARTS FOUR DIAMONDS ACE,0.4228,0.0038,0.5734
SPADES FOUR HEARTS TEN,0.6424,0.018,0.3396
HEARTS JACK CLUBS KING,0.2316,0.0292,0.7392
DIAMONDS TWO CLUBS SIX,0.644,0.0212,0.3348
HEARTS KING DIAMONDS SIX,0.4106,0.0068,0.5826
CLUBS FIVE DIAMONDS NINE,0.6378,0.0164,0.3458
SPADES EIGHT DIAMONDS NINE,0.671,0.0556,0.2734
CLUBS FOUR DIAMONDS KING,0.4108,0.006,0.5832
SPADES KING SPADES THREE,0.3928,0.0072,0.6
SPADES JACK SPADES NINE,0.22,0.1588,0.6212
CLUBS NINE HEARTS KING,0.3764,0.0056,0.618
DIAMONDS NINE HEARTS TEN,0.5684,0.0172,0.4144
CLUBS NINE CLUBS THREE,0.603,0.0174,0.3796
CLUBS SIX DIAMONDS ACE,0.4238,0.003,0.5732
SPADES FIVE DIAMONDS FIVE,0.4282,0.034,0.5378
SPADES NINE CLUBS FIVE,0.6292,0.017,0.3538
CLUBS THREE CLUBS KING,0.4022,0.0092,0.5886
CLUBS TEN HEARTS QUEEN,0.3436,0.0122,0.6442
CLUBS SEVEN DIAMONDS NINE,0.6322,0.0152,0.3526
HEARTS SIX HEARTS QUEEN,0.4072,0.0132,0.5796
DIAMONDS THREE CLUBS EIGHT,0.7136,0.0636,0.2228
CLUBS JACK SPADES QUEEN,0.2368,0.0372,0.726
SPADES ACE HEARTS QUEEN,0.332,0.0036,0.6644
CLUBS KING DIAMONDS FIVE,0.4132,0.0078,0.579
CLUBS SIX HEARTS NINE,0.6192,0.0184,0.3624
SPADES EIGHT DIAMONDS ACE,0.2546,0.0242,0.7212
DIAMONDS NINE CLUBS ACE,0.3866,0.0044,0.609
CLUBS SIX SPADES SEVEN,0.6266,0.0174,0.356
CLUBS THREE HEARTS JACK,0.5494,0.2292,0.2214
CLUBS FOUR SPADES TWO,0.6252,0.0184,0.3564
CLUBS ACE DIAMONDS SIX,0.4208,0.003,0.5762
CLUBS FIVE DIAMONDS FOUR,0.6164,0.0236,0.36
CLUBS TEN SPADES NINE,0.5722,0.0184,0.4094
HEARTS SEVEN CLUBS FOUR,0.6416,0.021,0.3374
SPADES ACE CLUBS THREE,0.4254,0.0036,0.571
DIAMONDS TWO SPADES FIVE,0.6422,0.02,0.3378
CLUBS JACK HEARTS FIVE,0.5624,0.2182,0.2194
SPADES ACE HEARTS ACE,0.1612,0.0042,0.8346
CLUBS FOUR CLUBS ACE,0.3876,0.0034,0.609
CLUBS SIX CLUBS QUEEN,0.394,0.0092,0.5968
DIAMONDS NINE HEARTS KING,0.374,0.0098,0.6162
HEARTS FIVE HEARTS QUEEN,0.4014,0.013,0.5856
CLUBS SIX DIAMONDS SEVEN,0.6066,0.0154,0.378
CLUBS THREE CLUBS QUEEN,0.4008,0.0076,0.5916
SPADES KING HEARTS TWO,0.4326,0.0068,0.5606
SPADES FIVE CLUBS KING,0.4118,0.0068,0.5814
SPADES ACE HEARTS NINE,0.3834,0.0036,0.613
SPADES THREE CLUBS QUEEN,0.4198,0.0114,0.5688
HEARTS FIVE CLUBS SIX,0.6114,0.0196,0.369
SPADES SIX CLUBS ACE,0.4212,0.0026,0.5762
CLUBS FIVE SPADES THREE,0.6334,0.0172,0.3494
CLUBS ACE CLUBS QUEEN,0.3278,0.005,0.6672
CLUBS JACK CLUBS ACE,0.2384,0.0178,0.7438
DIAMONDS TWO CLUBS EIGHT,0.7152,0.064,0.2208
DIAMONDS EIGHT CLUBS KING,0.2842,0.0286,0.6872
CLUBS FIVE DIAMONDS SIX,0.6182,0.018,0.3638
DIAMONDS TEN CLUBS KING,0.3702,0.0072,0.6226
CLUBS TEN SPADES THREE,0.6508,0.013,0.3362
HEARTS SEVEN SPADES FIVE,0.6364,0.0176,0.346
CLUBS TEN DIAMONDS ACE,0.3614,0.0044,0.6342
HEARTS SEVEN DIAMONDS QUEEN,0.4212,0.0098,0.569
SPADES ACE SPADES FIVE,0.4052,0.0024,0.5924
CLUBS NINE CLUBS ACE,0.3502,0.0034,0.6464
CLUBS TEN DIAMONDS SIX,0.6412,0.0186,0.3402
HEARTS SIX CLUBS SEVEN,0.622,0.0138,0.3642
SPADES TEN CLUBS FOUR,0.64,0.0146,0.3454
SPADES SIX DIAMONDS NINE,0.6302,0.0184,0.3514
SPADES JACK HEARTS TEN,0.2302,0.118,0.6518
HEARTS JACK DIAMONDS SIX,0.5502,0.2262,0.2236
HEARTS FOUR CLUBS SIX,0.6394,0.018,0.3426
SPADES FOUR CLUBS QUEEN,0.4162,0.0138,0.57
HEARTS THREE HEARTS JACK,0.5356,0.205,0.2594
HEARTS SIX HEARTS TEN,0.6008,0.0186,0.3806
CLUBS EIGHT HEARTS TWO,0.7276,0.0582,0.2142
CLUBS FIVE DIAMONDS KING,0.4184,0.0056,0.576
DIAMONDS SIX DIAMONDS FOUR,0.6028,0.0154,0.3818
CLUBS SIX DIAMONDS FIVE,0.637,0.0142,0.3488
HEARTS FIVE CLUBS THREE,0.6258,0.0172,0.357
HEARTS TWO CLUBS TWO,0.4624,0.0364,0.5012
DIAMONDS ACE HEARTS TEN,0.353,0.0044,0.6426
SPADES EIGHT DIAMONDS KING,0.2538,0.03,0.7162
SPADES QUEEN HEARTS QUEEN,0.1552,0.0132,0.8316
SPADES SIX SPADES THREE,0.5968,0.0154,0.3878
HEARTS FIVE CLUBS FIVE,0.454,0.0356,0.5104
SPADES SIX CLUBS QUEEN,0.4164,0.0096,0.574
CLUBS SEVEN CLUBS FIVE,0.5988,0.0162,0.385
HEARTS FOUR HEARTS TEN,0.6036,0.0164,0.38
CLUBS NINE CLUBS SIX,0.5736,0.0154,0.411
DIAMONDS TWO HEARTS ACE,0.4122,0.005,0.5828
HEARTS QUEEN CLUBS KING,0.337,0.0058,0.6572
SPADES TWO DIAMONDS SEVEN,0.6724,0.0172,0.3104
CLUBS EIGHT SPADES THREE,0.7268,0.0544,0.2188
HEARTS SIX CLUBS NINE,0.6178,0.0194,0.3628
SPADES TEN DIAMONDS FOUR,0.6574,0.0134,0.3292
HEARTS FOUR CLUBS FIVE,0.6174,0.0174,0.3652
SPADES TEN SPADES SIX,0.587,0.0176,0.3954
HEARTS FIVE SPADES THREE,0.6364,0.0172,0.3464
CLUBS FIVE HEARTS JACK,0.5326,0.237,0.2304
DIAMONDS THREE DIAMONDS TWO,0.6166,0.0168,0.3666
DIAMONDS NINE DIAMONDS FOUR,0.6198,0.018,0.3622
CLUBS NINE SPADES SIX,0.629,0.0142,0.3568
HEARTS FOUR SPADES FIVE,0.611,0.0196,0.3694
DIAMONDS ACE SPADES FIVE,0.4008,0.0042,0.595
CLUBS SIX SPADES TWO,0.6488,0.0172,0.334
SPADES KING DIAMONDS TWO,0.4222,0.008,0.5698
DIAMONDS TWO HEARTS TWO,0.4486,0.0328,0.5186
CLUBS EIGHT DIAMONDS FIVE,0.6836,0.0592,0.2572
HEARTS SEVEN HEARTS TWO,0.6412,0.0196,0.3392
CLUBS NINE DIAMONDS EIGHT,0.6912,0.0508,0.258
SPADES KING SPADES JACK,0.223,0.0314,0.7456
SPADES KING HEARTS QUEEN,0.3374,0.0066,0.656
HEARTS FOUR SPADES EIGHT,0.7048,0.0584,0.2368
SPADES KING SPADES SIX,0.3944,0.0058,0.5998
SPADES EIGHT HEARTS TEN,0.691,0.055,0.254
HEARTS SIX SPADES FIVE,0.6198,0.0184,0.3618
HEARTS SEVEN CLUBS TWO,0.6716,0.0176,0.3108
HEARTS SIX CLUBS FIVE,0.619,0.0202,0.3608
SPADES NINE SPADES FIVE,0.5848,0.0146,0.4006
CLUBS SEVEN SPADES THREE,0.6504,0.0162,0.3334
CLUBS TWO HEARTS NINE,0.6492,0.0152,0.3356
SPADES QUEEN CLUBS ACE,0.3412,0.004,0.6548
CLUBS TEN CLUBS SEVEN,0.5824,0.0176,0.4
DIAMONDS THREE HEARTS FIVE,0.6384,0.019,0.3426
DIAMONDS ACE DIAMONDS TEN,0.3446,0.003,0.6524
SPADES EIGHT HEARTS ACE,0.2606,0.0238,0.7156
SPADES FIVE HEARTS TEN,0.6354,0.0166,0.348
HEARTS FIVE DIAMONDS KING,0.4148,0.008,0.5772
DIAMONDS QUEEN DIAMONDS TEN,0.336,0.0094,0.6546
SPADES JACK SPADES SEVEN,0.5142,0.216,0.2698
