opposingHand,winningChance,drawChance,lostChance
HEARTS TWO CLUBS FIVE
HEARTS FIVE SPADES TEN,0.2476,0.0852,0.6672
HEARTS FIVE SPADES JACK,0.2538,0.066,0.6802
CLUBS JACK SPADES FIVE,0.249,0.0618,0.6892
CLUBS TEN SPADES FIVE,0.2538,0.0794,0.6668
CLUBS JACK CLUBS EIGHT,0.3362,0.0182,0.6456
CLUBS TEN CLUBS EIGHT,0.3226,0.0282,0.6492
CLUBS EIGHT CLUBS KING,0.3414,0.008,0.6506
SPADES FIVE CLUBS ACE,0.2306,0.0314,0.738
CLUBS EIGHT CLUBS QUEEN,0.3302,0.01,0.6598
SPADES FIVE CLUBS KING,0.2512,0.0444,0.7044
SPADES FIVE CLUBS QUEEN,0.2608,0.0574,0.6818
CLUBS EIGHT CLUBS ACE,0.319,0.0046,0.6764
DIAMONDS TWO DIAMONDS THREE,0.374,0.3504,0.2756
DIAMONDS TWO DIAMONDS FIVE,0.0226,0.9092,0.0682
HEARTS FIVE SPADES KING,0.2402,0.0398,0.72
DIAMONDS TWO DIAMONDS FOUR,0.3752,0.3514,0.2734
HEARTS FIVE SPADES QUEEN,0.247,0.0562,0.6968
DIAMONDS TWO DIAMONDS SEVEN,0.2512,0.1812,0.5676
DIAMONDS TWO DIAMONDS SIX,0.2454,0.2476,0.507
SPADES ACE HEARTS FIVE,0.2272,0.0264,0.7464
DIAMONDS TWO DIAMONDS NINE,0.256,0.1052,0.6388
DIAMONDS TWO DIAMONDS EIGHT,0.2492,0.1284,0.6224
DIAMONDS THREE DIAMONDS FOUR,0.3494,0.2232,0.4274
CLUBS TWO SPADES FOUR,0.4122,0.3704,0.2174
DIAMONDS THREE DIAMONDS FIVE,0.1982,0.489,0.3128
SPADES FIVE CLUBS TWO,0.0172,0.9718,0.011
CLUBS TWO SPADES TWO,0.2474,0.1098,0.6428
CLUBS TWO SPADES THREE,0.4012,0.3796,0.2192
DIAMONDS THREE DIAMONDS EIGHT,0.3576,0.0658,0.5766
SPADES EIGHT CLUBS TWO,0.2604,0.1482,0.5914
DIAMONDS THREE DIAMONDS NINE,0.3614,0.0388,0.5998
SPADES NINE CLUBS TWO,0.2712,0.0946,0.6342
DIAMONDS THREE DIAMONDS SIX,0.3192,0.1436,0.5372
SPADES SIX CLUBS TWO,0.2474,0.2846,0.468
DIAMONDS THREE DIAMONDS SEVEN,0.3266,0.0998,0.5736
SPADES SEVEN CLUBS TWO,0.2668,0.1856,0.5476
CLUBS SIX CLUBS TWO,0.2354,0.2534,0.5112
CLUBS SEVEN CLUBS TWO,0.2438,0.1874,0.5688
CLUBS FOUR CLUBS TWO,0.3912,0.3526,0.2562
CLUBS TEN CLUBS JACK,0.3156,0.017,0.6674
DIAMONDS FOUR DIAMONDS SIX,0.3136,0.1506,0.5358
CLUBS TEN CLUBS QUEEN,0.3206,0.0138,0.6656
DIAMONDS FOUR DIAMONDS SEVEN,0.3342,0.093,0.5728
CLUBS TEN CLUBS KING,0.3318,0.0096,0.6586
CLUBS TEN CLUBS ACE,0.329,0.0052,0.6658
CLUBS EIGHT CLUBS TWO,0.262,0.1434,0.5946
DIAMONDS FIVE DIAMONDS FOUR,0.2064,0.46,0.3336
CLUBS NINE CLUBS TWO,0.2602,0.1,0.6398
DIAMONDS NINE DIAMONDS FOUR,0.3504,0.0442,0.6054
DIAMONDS EIGHT DIAMONDS FOUR,0.338,0.0654,0.5966
CLUBS THREE CLUBS TWO,0.3822,0.3744,0.2434
DIAMONDS NINE DIAMONDS FIVE,0.24,0.113,0.647
CLUBS JACK DIAMONDS TWO,0.2656,0.0512,0.6832
DIAMONDS EIGHT DIAMONDS FIVE,0.2416,0.1466,0.6118
CLUBS TEN DIAMONDS TWO,0.254,0.0708,0.6752
DIAMONDS FIVE DIAMONDS SEVEN,0.213,0.191,0.596
DIAMONDS FIVE DIAMONDS SIX,0.2132,0.254,0.5328
DIAMONDS TWO CLUBS ACE,0.2532,0.0164,0.7304
DIAMONDS TWO CLUBS KING,0.2596,0.0262,0.7142
DIAMONDS TWO CLUBS QUEEN,0.2686,0.0396,0.6918
DIAMONDS EIGHT DIAMONDS SIX,0.3054,0.062,0.6326
DIAMONDS NINE DIAMONDS SIX,0.3116,0.0448,0.6436
HEARTS ACE SPADES THREE,0.3588,0.0046,0.6366
SPADES THREE HEARTS KING,0.367,0.01,0.623
DIAMONDS SEVEN DIAMONDS SIX,0.3088,0.0872,0.604
HEARTS QUEEN SPADES THREE,0.3744,0.0158,0.6098
SPADES THREE HEARTS JACK,0.375,0.0222,0.6028
SPADES THREE HEARTS TEN,0.358,0.0332,0.6088
DIAMONDS EIGHT DIAMONDS SEVEN,0.2918,0.0622,0.646
DIAMONDS NINE DIAMONDS SEVEN,0.3202,0.0388,0.641
DIAMONDS NINE DIAMONDS EIGHT,0.3196,0.034,0.6464
DIAMONDS KING HEARTS TEN,0.3388,0.0088,0.6524
HEARTS THREE HEARTS TEN,0.3578,0.031,0.6112
SPADES JACK CLUBS SIX,0.3502,0.0188,0.631
DIAMONDS KING HEARTS JACK,0.3472,0.0064,0.6464
HEARTS THREE HEARTS JACK,0.3644,0.0258,0.6098
SPADES TEN CLUBS SIX,0.3344,0.0378,0.6278
SPADES JACK SPADES FIVE,0.2376,0.0708,0.6916
SPADES TEN SPADES FIVE,0.2356,0.08,0.6844
DIAMONDS KING HEARTS ACE,0.344,0.0052,0.6508
HEARTS THREE HEARTS ACE,0.347,0.006,0.647
SPADES ACE CLUBS SIX,0.3364,0.0062,0.6574
DIAMONDS KING HEARTS QUEEN,0.3472,0.0094,0.6434
HEARTS THREE HEARTS QUEEN,0.3672,0.016,0.6168
SPADES KING CLUBS SIX,0.3354,0.0102,0.6544
DIAMONDS KING HEARTS KING,0.1498,0.0172,0.833
HEARTS THREE HEARTS KING,0.3524,0.0096,0.638
SPADES QUEEN CLUBS SIX,0.3388,0.014,0.6472
SPADES NINE HEARTS TEN,0.3362,0.0246,0.6392
SPADES NINE HEARTS JACK,0.3254,0.0186,0.656
SPADES QUEEN SPADES FIVE,0.2352,0.0516,0.7132
SPADES KING SPADES FIVE,0.2328,0.0412,0.726
SPADES ACE SPADES FIVE,0.2196,0.026,0.7544
SPADES NINE HEARTS QUEEN,0.3514,0.0104,0.6382
SPADES NINE HEARTS KING,0.3436,0.0078,0.6486
SPADES NINE HEARTS ACE,0.3496,0.004,0.6464
CLUBS TEN SPADES JACK,0.3304,0.014,0.6556
CLUBS TEN SPADES TEN,0.1518,0.0586,0.7896
SPADES ACE CLUBS TEN,0.3272,0.0054,0.6674
CLUBS TEN SPADES KING,0.3356,0.0098,0.6546
CLUBS TEN SPADES QUEEN,0.3238,0.0138,0.6624
SPADES FIVE HEARTS QUEEN,0.2512,0.0478,0.701
SPADES FIVE HEARTS KING,0.2346,0.0422,0.7232
HEARTS ACE SPADES FIVE,0.242,0.0288,0.7292
CLUBS EIGHT SPADES TEN,0.3368,0.0258,0.6374
SPADES JACK HEARTS THREE,0.372,0.0194,0.6086
SPADES JACK DIAMONDS KING,0.3478,0.0048,0.6474
SPADES TEN DIAMONDS KING,0.3548,0.0076,0.6376
SPADES TEN HEARTS THREE,0.3674,0.0314,0.6012
CLUBS EIGHT SPADES JACK,0.3352,0.0166,0.6482
CLUBS SIX HEARTS ACE,0.3394,0.0054,0.6552
SPADES ACE CLUBS EIGHT,0.345,0.0054,0.6496
HEARTS FIVE CLUBS JACK,0.2464,0.0708,0.6828
CLUBS TEN HEARTS FIVE,0.2442,0.094,0.6618
CLUBS SIX HEARTS QUEEN,0.3258,0.0158,0.6584
SPADES QUEEN CLUBS EIGHT,0.3504,0.0134,0.6362
CLUBS TEN SPADES THREE,0.3734,0.0318,0.5948
CLUBS SIX HEARTS KING,0.3442,0.0092,0.6466
SPADES KING CLUBS EIGHT,0.3528,0.0074,0.6398
CLUBS JACK SPADES THREE,0.3746,0.0258,0.5996
DIAMONDS TWO HEARTS JACK,0.2734,0.0482,0.6784
SPADES THREE CLUBS QUEEN,0.377,0.0156,0.6074
DIAMONDS TWO HEARTS TEN,0.262,0.0754,0.6626
SPADES THREE CLUBS KING,0.3628,0.0098,0.6274
HEARTS FIVE CLUBS ACE,0.2278,0.0342,0.738
SPADES FIVE HEARTS TEN,0.2442,0.088,0.6678
SPADES THREE CLUBS ACE,0.3596,0.0058,0.6346
HEARTS FIVE CLUBS KING,0.2386,0.0436,0.7178
SPADES FIVE HEARTS JACK,0.262,0.071,0.667
HEARTS FIVE CLUBS QUEEN,0.2454,0.054,0.7006
HEARTS THREE CLUBS KING,0.3676,0.0114,0.621
DIAMONDS KING CLUBS KING,0.1476,0.0206,0.8318
HEARTS THREE CLUBS QUEEN,0.3742,0.0142,0.6116
DIAMONDS KING CLUBS QUEEN,0.3414,0.0092,0.6494
HEARTS FIVE HEARTS JACK,0.2292,0.0666,0.7042
HEARTS FIVE HEARTS TEN,0.2448,0.075,0.6802
HEARTS THREE CLUBS ACE,0.3546,0.005,0.6404
DIAMONDS KING CLUBS ACE,0.3476,0.0088,0.6436
SPADES ACE CLUBS QUEEN,0.3542,0.0046,0.6412
SPADES KING CLUBS QUEEN,0.3378,0.0072,0.655
CLUBS JACK HEARTS THREE,0.3706,0.0214,0.608
CLUBS JACK DIAMONDS KING,0.3454,0.0082,0.6464
SPADES QUEEN CLUBS QUEEN,0.1534,0.0354,0.8112
CLUBS TEN HEARTS THREE,0.357,0.033,0.61
CLUBS TEN DIAMONDS KING,0.3348,0.008,0.6572
SPADES JACK CLUBS QUEEN,0.3438,0.0128,0.6434
CLUBS SIX CLUBS QUEEN,0.3364,0.0144,0.6492
SPADES TEN CLUBS QUEEN,0.3362,0.0134,0.6504
CLUBS SIX CLUBS KING,0.3188,0.0114,0.6698
CLUBS SIX CLUBS ACE,0.3288,0.0056,0.6656
HEARTS FIVE HEARTS KING,0.2406,0.04,0.7194
HEARTS FIVE HEARTS QUEEN,0.2334,0.0518,0.7148
CLUBS TEN CLUBS SIX,0.32,0.0284,0.6516
HEARTS FIVE HEARTS ACE,0.2254,0.0292,0.7454
CLUBS JACK CLUBS SIX,0.3296,0.0196,0.6508
SPADES SEVEN HEARTS JACK,0.343,0.0184,0.6386
SPADES SEVEN HEARTS TEN,0.3342,0.0266,0.6392
DIAMONDS TWO CLUBS TWO,0.2638,0.1168,0.6194
DIAMONDS TWO CLUBS THREE,0.4052,0.3798,0.215
DIAMONDS TWO HEARTS SIX,0.2408,0.2708,0.4884
DIAMONDS TWO HEARTS QUEEN,0.2522,0.0418,0.706
HEARTS SEVEN DIAMONDS TWO,0.249,0.1904,0.5606
DIAMONDS TWO HEARTS KING,0.2638,0.032,0.7042
DIAMONDS TWO HEARTS EIGHT,0.2526,0.1446,0.6028
DIAMONDS TWO HEARTS ACE,0.2394,0.015,0.7456
DIAMONDS TWO HEARTS NINE,0.2552,0.104,0.6408
DIAMONDS TWO DIAMONDS QUEEN,0.2502,0.0346,0.7152
DIAMONDS TWO DIAMONDS KING,0.2514,0.029,0.7196
DIAMONDS TWO HEARTS THREE,0.404,0.3656,0.2304
DIAMONDS TWO DIAMONDS ACE,0.2292,0.0134,0.7574
HEARTS FOUR DIAMONDS TWO,0.403,0.3764,0.2206
HEARTS FIVE DIAMONDS TWO,0.0096,0.9712,0.0192
SPADES SEVEN HEARTS ACE,0.3424,0.0064,0.6512
DIAMONDS TWO DIAMONDS TEN,0.2622,0.0678,0.67
SPADES SEVEN HEARTS KING,0.3452,0.0112,0.6436
DIAMONDS TWO DIAMONDS JACK,0.259,0.0478,0.6932
SPADES SEVEN HEARTS QUEEN,0.358,0.0112,0.6308
DIAMONDS TWO SPADES NINE,0.2646,0.1104,0.625
DIAMONDS TWO SPADES EIGHT,0.2642,0.1414,0.5944
DIAMONDS TWO SPADES SEVEN,0.2718,0.1956,0.5326
DIAMONDS TWO SPADES SIX,0.2632,0.2614,0.4754
DIAMONDS TWO SPADES FIVE,0.0202,0.9568,0.023
DIAMONDS TWO SPADES FOUR,0.4164,0.362,0.2216
DIAMONDS TWO SPADES THREE,0.4068,0.372,0.2212
DIAMONDS TWO SPADES TWO,0.245,0.113,0.642
DIAMONDS TWO CLUBS NINE,0.2682,0.1038,0.628
CLUBS EIGHT DIAMONDS TWO,0.2686,0.1446,0.5868
DIAMONDS TWO CLUBS SEVEN,0.264,0.1926,0.5434
DIAMONDS TWO CLUBS SIX,0.2494,0.2732,0.4774
DIAMONDS TWO CLUBS FOUR,0.4088,0.3712,0.22
CLUBS FOUR SPADES FIVE,0.2198,0.5018,0.2784
CLUBS FOUR SPADES FOUR,0.222,0.1486,0.6294
CLUBS FOUR SPADES THREE,0.3734,0.2476,0.379
CLUBS FOUR SPADES TWO,0.4108,0.3782,0.211
SPADES NINE CLUBS FOUR,0.3764,0.0444,0.5792
SPADES EIGHT CLUBS FOUR,0.351,0.0698,0.5792
SPADES SEVEN CLUBS FOUR,0.3456,0.1058,0.5486
CLUBS FOUR SPADES SIX,0.3396,0.1754,0.485
SPADES ACE DIAMONDS SIX,0.3576,0.0052,0.6372
SPADES QUEEN DIAMONDS SIX,0.3468,0.0126,0.6406
SPADES KING DIAMONDS SIX,0.349,0.009,0.642
SPADES TEN DIAMONDS SIX,0.3424,0.0284,0.6292
SPADES JACK DIAMONDS SIX,0.3482,0.0182,0.6336
SPADES QUEEN SPADES TWO,0.2524,0.0388,0.7088
SPADES KING SPADES TWO,0.2582,0.0236,0.7182
SPADES ACE SPADES TWO,0.2392,0.014,0.7468
CLUBS JACK DIAMONDS JACK,0.1466,0.0472,0.8062
CLUBS TEN DIAMONDS JACK,0.333,0.016,0.651
DIAMONDS JACK CLUBS KING,0.3476,0.008,0.6444
DIAMONDS JACK CLUBS QUEEN,0.3402,0.0122,0.6476
DIAMONDS THREE DIAMONDS JACK,0.3512,0.0218,0.627
DIAMONDS THREE DIAMONDS TEN,0.3612,0.027,0.6118
DIAMONDS JACK CLUBS ACE,0.3424,0.006,0.6516
DIAMONDS THREE DIAMONDS KING,0.3516,0.0082,0.6402
DIAMONDS THREE HEARTS THREE,0.2154,0.1696,0.615
DIAMONDS THREE DIAMONDS QUEEN,0.3592,0.0152,0.6256
HEARTS FIVE DIAMONDS THREE,0.1968,0.5258,0.2774
DIAMONDS THREE DIAMONDS ACE,0.3522,0.0068,0.641
HEARTS FOUR DIAMONDS THREE,0.3638,0.2524,0.3838
HEARTS SEVEN DIAMONDS THREE,0.3604,0.1022,0.5374
SPADES TEN SPADES NINE,0.3228,0.024,0.6532
HEARTS SIX DIAMONDS THREE,0.3462,0.1686,0.4852
SPADES JACK SPADES NINE,0.327,0.0166,0.6564
DIAMONDS THREE HEARTS NINE,0.372,0.0494,0.5786
HEARTS JACK DIAMONDS FOUR,0.3656,0.0226,0.6118
HEARTS ACE HEARTS KING,0.3408,0.0054,0.6538
SPADES TEN SPADES TWO,0.2556,0.0716,0.6728
DIAMONDS THREE HEARTS EIGHT,0.3728,0.0694,0.5578
HEARTS TEN DIAMONDS FOUR,0.3536,0.0358,0.6106
SPADES JACK SPADES TWO,0.2534,0.0544,0.6922
HEARTS QUEEN DIAMONDS FOUR,0.3604,0.017,0.6226
HEARTS KING DIAMONDS FOUR,0.3748,0.009,0.6162
SPADES ACE SPADES NINE,0.324,0.0038,0.6722
HEARTS ACE DIAMONDS FOUR,0.3528,0.006,0.6412
SPADES KING SPADES NINE,0.3276,0.0096,0.6628
SPADES QUEEN SPADES NINE,0.3114,0.0108,0.6778
DIAMONDS THREE SPADES NINE,0.3812,0.0452,0.5736
DIAMONDS THREE SPADES EIGHT,0.3654,0.069,0.5656
DIAMONDS THREE SPADES SEVEN,0.3586,0.0994,0.542
DIAMONDS THREE SPADES SIX,0.3454,0.1586,0.496
DIAMONDS THREE CLUBS SIX,0.3492,0.1666,0.4842
CLUBS ACE DIAMONDS FOUR,0.3458,0.0062,0.648
DIAMONDS THREE CLUBS SEVEN,0.3614,0.108,0.5306
DIAMONDS THREE CLUBS FOUR,0.3576,0.2538,0.3886
DIAMONDS FOUR CLUBS QUEEN,0.3706,0.012,0.6174
DIAMONDS FOUR CLUBS KING,0.3604,0.0118,0.6278
DIAMONDS THREE CLUBS TWO,0.3884,0.3856,0.226
CLUBS TEN DIAMONDS FOUR,0.3806,0.0286,0.5908
DIAMONDS THREE CLUBS THREE,0.2216,0.1578,0.6206
CLUBS JACK DIAMONDS FOUR,0.3708,0.0218,0.6074
DIAMONDS THREE SPADES FOUR,0.3596,0.2472,0.3932
DIAMONDS THREE SPADES FIVE,0.2206,0.5132,0.2662
DIAMONDS THREE SPADES TWO,0.4172,0.3552,0.2276
DIAMONDS THREE SPADES THREE,0.22,0.1702,0.6098
CLUBS EIGHT DIAMONDS THREE,0.3832,0.065,0.5518
CLUBS NINE DIAMONDS THREE,0.3732,0.0452,0.5816
SPADES SEVEN CLUBS ACE,0.3368,0.006,0.6572
SPADES SEVEN CLUBS QUEEN,0.3302,0.0112,0.6586
SPADES SEVEN CLUBS KING,0.3414,0.0114,0.6472
CLUBS TEN SPADES SEVEN,0.3398,0.029,0.6312
CLUBS JACK SPADES SEVEN,0.337,0.0192,0.6438
CLUBS ACE CLUBS QUEEN,0.3262,0.0068,0.667
CLUBS KING CLUBS QUEEN,0.3264,0.0078,0.6658
DIAMONDS TEN DIAMONDS FOUR,0.3514,0.0286,0.62
CLUBS TEN DIAMONDS NINE,0.335,0.022,0.643
DIAMONDS JACK DIAMONDS FOUR,0.3434,0.0182,0.6384
CLUBS JACK DIAMONDS NINE,0.3326,0.0196,0.6478
CLUBS JACK SPADES NINE,0.3326,0.0182,0.6492
CLUBS TEN SPADES NINE,0.3268,0.0278,0.6454
DIAMONDS ACE DIAMONDS FOUR,0.3296,0.004,0.6664
HEARTS FOUR DIAMONDS FOUR,0.2152,0.1576,0.6272
DIAMONDS JACK HEARTS TEN,0.3264,0.0156,0.658
SPADES NINE CLUBS KING,0.3444,0.0076,0.648
DIAMONDS TWO SPADES TEN,0.2646,0.0822,0.6532
DIAMONDS NINE CLUBS ACE,0.3434,0.0048,0.6518
HEARTS FIVE DIAMONDS FOUR,0.1992,0.5122,0.2886
DIAMONDS JACK HEARTS JACK,0.1568,0.0518,0.7914
SPADES NINE CLUBS QUEEN,0.3528,0.0122,0.635
DIAMONDS TWO SPADES JACK,0.271,0.0516,0.6774
DIAMONDS QUEEN DIAMONDS FOUR,0.3524,0.013,0.6346
DIAMONDS NINE CLUBS QUEEN,0.343,0.0116,0.6454
DIAMONDS KING DIAMONDS FOUR,0.3526,0.01,0.6374
HEARTS THREE DIAMONDS FOUR,0.3612,0.2564,0.3824
SPADES NINE CLUBS ACE,0.3446,0.0066,0.6488
DIAMONDS NINE CLUBS KING,0.3366,0.008,0.6554
HEARTS ACE DIAMONDS JACK,0.3418,0.0056,0.6526
SPADES ACE DIAMONDS TWO,0.2558,0.0156,0.7286
HEARTS QUEEN DIAMONDS JACK,0.3332,0.0112,0.6556
SPADES QUEEN DIAMONDS TWO,0.2658,0.0396,0.6946
DIAMONDS JACK HEARTS KING,0.3368,0.0058,0.6574
SPADES KING DIAMONDS TWO,0.266,0.0244,0.7096
SPADES JACK SPADES SEVEN,0.3202,0.0162,0.6636
SPADES TEN SPADES SEVEN,0.3128,0.0284,0.6588
CLUBS SEVEN CLUBS THREE,0.346,0.1032,0.5508
CLUBS SIX CLUBS THREE,0.3418,0.1508,0.5074
CLUBS THREE CLUBS FOUR,0.3472,0.244,0.4088
CLUBS NINE CLUBS THREE,0.3614,0.0456,0.593
CLUBS EIGHT CLUBS THREE,0.3526,0.0652,0.5822
CLUBS THREE SPADES FIVE,0.2186,0.5098,0.2716
CLUBS THREE SPADES FOUR,0.364,0.2552,0.3808
CLUBS THREE SPADES THREE,0.219,0.1572,0.6238
CLUBS THREE SPADES TWO,0.4208,0.3646,0.2146
CLUBS THREE SPADES SIX,0.3582,0.167,0.4748
CLUBS THREE SPADES SEVEN,0.3614,0.1122,0.5264
SPADES EIGHT CLUBS THREE,0.3698,0.0708,0.5594
SPADES NINE CLUBS THREE,0.3694,0.0434,0.5872
SPADES TWO DIAMONDS FOUR,0.4052,0.3614,0.2334
SPADES THREE DIAMONDS FOUR,0.3644,0.2596,0.376
SPADES FOUR DIAMONDS FOUR,0.215,0.159,0.626
SPADES FIVE DIAMONDS FOUR,0.212,0.4938,0.2942
SPADES SIX DIAMONDS FOUR,0.3302,0.165,0.5048
SPADES SEVEN DIAMONDS FOUR,0.351,0.1112,0.5378
SPADES EIGHT DIAMONDS FOUR,0.3708,0.0638,0.5654
SPADES NINE DIAMONDS FOUR,0.3784,0.0424,0.5792
CLUBS FOUR DIAMONDS FOUR,0.2328,0.1522,0.615
CLUBS SEVEN DIAMONDS FOUR,0.3382,0.106,0.5558
CLUBS SIX DIAMONDS FOUR,0.3386,0.163,0.4984
CLUBS NINE DIAMONDS FOUR,0.3598,0.0482,0.592
CLUBS EIGHT DIAMONDS FOUR,0.3474,0.0748,0.5778
HEARTS SEVEN DIAMONDS FOUR,0.3504,0.0982,0.5514
HEARTS SIX DIAMONDS FOUR,0.332,0.1654,0.5026
DIAMONDS FOUR HEARTS NINE,0.375,0.0458,0.5792
DIAMONDS FOUR HEARTS EIGHT,0.3542,0.0688,0.577
CLUBS THREE DIAMONDS FOUR,0.3646,0.2554,0.38
CLUBS TWO DIAMONDS FOUR,0.4038,0.3706,0.2256
DIAMONDS TEN DIAMONDS FIVE,0.256,0.0752,0.6688
DIAMONDS JACK DIAMONDS FIVE,0.2518,0.0668,0.6814
DIAMONDS NINE HEARTS QUEEN,0.334,0.013,0.653
DIAMONDS NINE HEARTS KING,0.337,0.0068,0.6562
HEARTS ACE DIAMONDS NINE,0.3422,0.0044,0.6534
DIAMONDS NINE HEARTS TEN,0.3242,0.0252,0.6506
DIAMONDS NINE HEARTS JACK,0.338,0.0176,0.6444
CLUBS KING DIAMONDS SIX,0.3532,0.0136,0.6332
CLUBS QUEEN DIAMONDS SIX,0.3502,0.0132,0.6366
CLUBS ACE DIAMONDS SIX,0.3464,0.0066,0.647
SPADES KING DIAMONDS FOUR,0.3686,0.0086,0.6228
SPADES ACE SPADES SEVEN,0.3226,0.0048,0.6726
SPADES QUEEN DIAMONDS FOUR,0.3754,0.0142,0.6104
SPADES QUEEN SPADES SEVEN,0.3322,0.0132,0.6546
CLUBS JACK DIAMONDS SIX,0.347,0.019,0.634
SPADES KING SPADES SEVEN,0.3282,0.0082,0.6636
SPADES ACE DIAMONDS FOUR,0.361,0.0062,0.6328
CLUBS TEN DIAMONDS SIX,0.3364,0.0294,0.6342
CLUBS NINE CLUBS FOUR,0.3622,0.047,0.5908
CLUBS EIGHT CLUBS FOUR,0.3328,0.0734,0.5938
SPADES JACK DIAMONDS FOUR,0.3622,0.021,0.6168
SPADES TEN DIAMONDS FOUR,0.3784,0.0286,0.593
CLUBS SEVEN CLUBS FOUR,0.327,0.099,0.574
CLUBS SIX CLUBS FOUR,0.3188,0.1538,0.5274
CLUBS SEVEN SPADES EIGHT,0.3094,0.0652,0.6254
SPADES NINE CLUBS SEVEN,0.334,0.0416,0.6244
CLUBS SEVEN SPADES SIX,0.3008,0.1006,0.5986
CLUBS SEVEN SPADES SEVEN,0.1406,0.1074,0.752
CLUBS SEVEN SPADES FIVE,0.2276,0.21,0.5624
CLUBS SEVEN SPADES FOUR,0.3438,0.1126,0.5436
CLUBS SEVEN SPADES THREE,0.3598,0.097,0.5432
CLUBS SEVEN SPADES TWO,0.2516,0.2112,0.5372
CLUBS NINE CLUBS SEVEN,0.309,0.0474,0.6436
CLUBS EIGHT CLUBS SEVEN,0.3138,0.0586,0.6276
HEARTS SIX DIAMONDS FIVE,0.2306,0.2682,0.5012
HEARTS SEVEN DIAMONDS FIVE,0.2256,0.2018,0.5726
DIAMONDS FIVE HEARTS EIGHT,0.2472,0.1524,0.6004
DIAMONDS FIVE HEARTS NINE,0.2518,0.1206,0.6276
DIAMONDS QUEEN DIAMONDS FIVE,0.2468,0.0488,0.7044
HEARTS KING HEARTS EIGHT,0.344,0.006,0.65
DIAMONDS KING DIAMONDS FIVE,0.2402,0.036,0.7238
HEARTS THREE DIAMONDS FIVE,0.2148,0.5106,0.2746
HEARTS QUEEN HEARTS EIGHT,0.3206,0.0118,0.6676
DIAMONDS ACE DIAMONDS FIVE,0.213,0.0258,0.7612
HEARTS FOUR DIAMONDS FIVE,0.2014,0.5096,0.289
HEARTS FIVE DIAMONDS FIVE,0.0722,0.1368,0.791
HEARTS ACE HEARTS EIGHT,0.3236,0.004,0.6724
CLUBS FOUR DIAMONDS FIVE,0.211,0.5046,0.2844
CLUBS SIX DIAMONDS FIVE,0.2342,0.2652,0.5006
CLUBS SEVEN DIAMONDS FIVE,0.2188,0.213,0.5682
CLUBS TWO DIAMONDS FIVE,0.0186,0.9712,0.0102
CLUBS THREE DIAMONDS FIVE,0.2172,0.5162,0.2666
SPADES THREE DIAMONDS FIVE,0.2236,0.516,0.2604
SPADES TWO DIAMONDS FIVE,0.0202,0.9572,0.0226
SPADES JACK DIAMONDS EIGHT,0.3474,0.0164,0.6362
SPADES FIVE DIAMONDS FIVE,0.086,0.1318,0.7822
CLUBS TEN HEARTS JACK,0.3332,0.0168,0.65
SPADES TEN DIAMONDS EIGHT,0.3516,0.0246,0.6238
SPADES FOUR DIAMONDS FIVE,0.2188,0.4882,0.293
CLUBS JACK HEARTS JACK,0.1498,0.06,0.7902
HEARTS JACK CLUBS QUEEN,0.3382,0.011,0.6508
CLUBS NINE DIAMONDS FIVE,0.2482,0.1136,0.6382
CLUBS EIGHT DIAMONDS FIVE,0.2466,0.1542,0.5992
HEARTS JACK CLUBS KING,0.339,0.008,0.653
CLUBS ACE HEARTS JACK,0.3436,0.0082,0.6482
SPADES SEVEN DIAMONDS FIVE,0.2282,0.201,0.5708
SPADES KING DIAMONDS EIGHT,0.359,0.0088,0.6322
SPADES QUEEN DIAMONDS EIGHT,0.3438,0.0104,0.6458
SPADES SIX DIAMONDS FIVE,0.2492,0.267,0.4838
SPADES NINE DIAMONDS FIVE,0.2556,0.0976,0.6468
SPADES EIGHT DIAMONDS FIVE,0.2506,0.1598,0.5896
SPADES ACE DIAMONDS EIGHT,0.3432,0.0042,0.6526
DIAMONDS TEN DIAMONDS SIX,0.3346,0.0252,0.6402
HEARTS ACE DIAMONDS SEVEN,0.3452,0.005,0.6498
DIAMONDS JACK DIAMONDS SIX,0.3352,0.0214,0.6434
HEARTS QUEEN DIAMONDS SEVEN,0.3332,0.0136,0.6532
HEARTS KING DIAMONDS SEVEN,0.3474,0.0082,0.6444
DIAMONDS ACE DIAMONDS SIX,0.3306,0.0054,0.664
HEARTS FOUR DIAMONDS SIX,0.3472,0.1632,0.4896
SPADES TWO HEARTS JACK,0.2642,0.0608,0.675
HEARTS FIVE DIAMONDS SIX,0.245,0.2716,0.4834
SPADES TWO HEARTS TEN,0.2606,0.0698,0.6696
DIAMONDS QUEEN DIAMONDS SIX,0.325,0.0148,0.6602
DIAMONDS KING DIAMONDS SIX,0.3336,0.0072,0.6592
HEARTS THREE DIAMONDS SIX,0.3478,0.17,0.4822
HEARTS EIGHT DIAMONDS SIX,0.3246,0.0748,0.6006
HEARTS NINE DIAMONDS SIX,0.3338,0.0478,0.6184
HEARTS SIX DIAMONDS SIX,0.1352,0.1234,0.7414
HEARTS SEVEN DIAMONDS SIX,0.3118,0.1004,0.5878
HEARTS TEN DIAMONDS SEVEN,0.3482,0.0316,0.6202
CLUBS TWO DIAMONDS SIX,0.2442,0.2678,0.488
HEARTS JACK DIAMONDS SEVEN,0.3524,0.0202,0.6274
CLUBS THREE DIAMONDS SIX,0.3662,0.1632,0.4706
CLUBS SEVEN DIAMONDS SIX,0.3138,0.0972,0.589
CLUBS JACK DIAMONDS EIGHT,0.339,0.016,0.645
CLUBS SIX DIAMONDS SIX,0.1312,0.1234,0.7454
CLUBS TEN DIAMONDS EIGHT,0.3334,0.0266,0.64
CLUBS FOUR DIAMONDS SIX,0.3378,0.1586,0.5036
HEARTS ACE HEARTS JACK,0.3258,0.0052,0.669
DIAMONDS EIGHT CLUBS ACE,0.341,0.0056,0.6534
HEARTS QUEEN HEARTS JACK,0.3214,0.01,0.6686
DIAMONDS EIGHT CLUBS KING,0.3502,0.0084,0.6414
CLUBS NINE DIAMONDS SIX,0.327,0.0466,0.6264
HEARTS KING HEARTS JACK,0.3128,0.0098,0.6774
CLUBS EIGHT DIAMONDS SIX,0.3288,0.0588,0.6124
DIAMONDS EIGHT CLUBS QUEEN,0.3494,0.0116,0.639
SPADES TEN HEARTS KING,0.3464,0.0082,0.6454
SPADES FIVE DIAMONDS SIX,0.2474,0.2556,0.497
HEARTS ACE SPADES TWO,0.2462,0.014,0.7398
SPADES JACK HEARTS KING,0.33,0.009,0.661
SPADES FOUR DIAMONDS SIX,0.3394,0.1592,0.5014
SPADES THREE DIAMONDS SIX,0.3512,0.1654,0.4834
HEARTS QUEEN SPADES TWO,0.264,0.0398,0.6962
SPADES ACE SPADES KING,0.3378,0.007,0.6552
HEARTS KING SPADES TWO,0.253,0.0282,0.7188
SPADES TWO DIAMONDS SIX,0.2494,0.265,0.4856
HEARTS TEN HEARTS EIGHT,0.3152,0.0236,0.6612
SPADES NINE DIAMONDS SIX,0.3396,0.0428,0.6176
HEARTS JACK HEARTS EIGHT,0.3298,0.0202,0.65
SPADES EIGHT DIAMONDS SIX,0.3328,0.066,0.6012
SPADES SEVEN DIAMONDS SIX,0.3254,0.0984,0.5762
SPADES SIX DIAMONDS SIX,0.1402,0.1266,0.7332
SPADES KING HEARTS KING,0.151,0.0172,0.8318
SPADES QUEEN HEARTS KING,0.3388,0.007,0.6542
CLUBS ACE CLUBS KING,0.3334,0.0054,0.6612
SPADES ACE HEARTS KING,0.343,0.005,0.652
SPADES ACE HEARTS JACK,0.346,0.0044,0.6496
SPADES QUEEN HEARTS JACK,0.3562,0.0116,0.6322
SPADES KING HEARTS JACK,0.3446,0.0088,0.6466
SPADES TEN DIAMONDS TEN,0.1562,0.0676,0.7762
SPADES JACK DIAMONDS TEN,0.3496,0.0116,0.6388
SPADES ACE DIAMONDS TEN,0.3448,0.0054,0.6498
SPADES JACK HEARTS JACK,0.1458,0.0532,0.801
SPADES TEN HEARTS JACK,0.335,0.0194,0.6456
SPADES QUEEN DIAMONDS TEN,0.3438,0.01,0.6462
SPADES KING DIAMONDS TEN,0.3518,0.009,0.6392
SPADES NINE DIAMONDS SEVEN,0.3422,0.049,0.6088
SPADES EIGHT DIAMONDS SEVEN,0.3174,0.0626,0.62
SPADES SEVEN DIAMONDS SEVEN,0.1552,0.1042,0.7406
SPADES SIX DIAMONDS SEVEN,0.324,0.087,0.589
DIAMONDS KING DIAMONDS SEVEN,0.3182,0.0096,0.6722
HEARTS THREE DIAMONDS SEVEN,0.3618,0.1074,0.5308
HEARTS KING DIAMONDS FIVE,0.249,0.0376,0.7134
DIAMONDS QUEEN DIAMONDS SEVEN,0.324,0.0128,0.6632
HEARTS QUEEN DIAMONDS FIVE,0.2578,0.051,0.6912
HEARTS FIVE DIAMONDS SEVEN,0.2354,0.2078,0.5568
DIAMONDS ACE DIAMONDS SEVEN,0.321,0.0044,0.6746
HEARTS FOUR DIAMONDS SEVEN,0.3434,0.1104,0.5462
HEARTS ACE DIAMONDS FIVE,0.2306,0.0258,0.7436
HEARTS SEVEN DIAMONDS SEVEN,0.1418,0.1086,0.7496
HEARTS SIX DIAMONDS SEVEN,0.3154,0.0908,0.5938
DIAMONDS SEVEN HEARTS NINE,0.3226,0.0462,0.6312
HEARTS EIGHT DIAMONDS SEVEN,0.3184,0.0628,0.6188
DIAMONDS JACK DIAMONDS SEVEN,0.3138,0.0188,0.6674
DIAMONDS FIVE HEARTS JACK,0.253,0.0624,0.6846
DIAMONDS TEN DIAMONDS SEVEN,0.332,0.0272,0.6408
HEARTS TEN DIAMONDS FIVE,0.2574,0.0872,0.6554
CLUBS EIGHT DIAMONDS SEVEN,0.3188,0.0614,0.6198
SPADES KING CLUBS TWO,0.2646,0.0316,0.7038
HEARTS KING CLUBS KING,0.1378,0.021,0.8412
SPADES QUEEN CLUBS TWO,0.2602,0.0404,0.6994
HEARTS KING CLUBS QUEEN,0.3334,0.0092,0.6574
CLUBS NINE DIAMONDS SEVEN,0.3294,0.0408,0.6298
CLUBS JACK SPADES TWO,0.274,0.0512,0.6748
CLUBS SIX CLUBS SEVEN,0.3066,0.089,0.6044
SPADES ACE CLUBS TWO,0.2542,0.0168,0.729
CLUBS TEN SPADES TWO,0.2606,0.0778,0.6616
HEARTS KING CLUBS ACE,0.3444,0.0062,0.6494
SPADES TWO CLUBS KING,0.2636,0.029,0.7074
SPADES TWO DIAMONDS SEVEN,0.2634,0.193,0.5436
CLUBS EIGHT CLUBS SIX,0.3186,0.0604,0.621
SPADES THREE DIAMONDS SEVEN,0.3674,0.1018,0.5308
SPADES TWO CLUBS QUEEN,0.2632,0.043,0.6938
CLUBS NINE CLUBS SIX,0.336,0.0408,0.6232
SPADES FOUR DIAMONDS SEVEN,0.3524,0.1084,0.5392
CLUBS JACK HEARTS KING,0.3426,0.0076,0.6498
SPADES FIVE DIAMONDS SEVEN,0.2368,0.2026,0.5606
SPADES TWO CLUBS ACE,0.237,0.0182,0.7448
CLUBS TEN HEARTS KING,0.3316,0.0076,0.6608
CLUBS SIX SPADES TWO,0.2518,0.2642,0.484
CLUBS SIX SPADES THREE,0.3556,0.1582,0.4862
CLUBS TWO DIAMONDS SEVEN,0.267,0.202,0.531
CLUBS SIX SPADES FOUR,0.3224,0.169,0.5086
CLUBS THREE DIAMONDS SEVEN,0.359,0.1138,0.5272
CLUBS SIX SPADES FIVE,0.2378,0.2718,0.4904
CLUBS FOUR DIAMONDS SEVEN,0.35,0.1052,0.5448
CLUBS SIX SPADES SIX,0.1316,0.138,0.7304
CLUBS SIX SPADES SEVEN,0.3156,0.0954,0.589
CLUBS SIX DIAMONDS SEVEN,0.3152,0.1002,0.5846
CLUBS SIX SPADES EIGHT,0.3284,0.0612,0.6104
SPADES JACK CLUBS TWO,0.2738,0.0506,0.6756
CLUBS SEVEN DIAMONDS SEVEN,0.1442,0.1206,0.7352
CLUBS SIX SPADES NINE,0.3434,0.0422,0.6144
SPADES TEN CLUBS TWO,0.2854,0.074,0.6406
CLUBS TWO CLUBS QUEEN,0.2588,0.0412,0.7
CLUBS TWO CLUBS KING,0.2594,0.0262,0.7144
CLUBS THREE DIAMONDS EIGHT,0.3708,0.0674,0.5618
CLUBS TWO CLUBS ACE,0.2362,0.0164,0.7474
CLUBS TWO DIAMONDS EIGHT,0.2654,0.1412,0.5934
HEARTS SEVEN DIAMONDS EIGHT,0.3286,0.0606,0.6108
HEARTS SIX DIAMONDS EIGHT,0.3384,0.0644,0.5972
DIAMONDS EIGHT HEARTS NINE,0.3148,0.0418,0.6434
CLUBS TEN CLUBS TWO,0.2552,0.0724,0.6724
DIAMONDS EIGHT HEARTS EIGHT,0.1404,0.0988,0.7608
CLUBS JACK CLUBS TWO,0.2586,0.0486,0.6928
CLUBS NINE DIAMONDS EIGHT,0.322,0.0418,0.6362
CLUBS EIGHT DIAMONDS EIGHT,0.1562,0.0954,0.7484
SPADES ACE SPADES THREE,0.3404,0.0058,0.6538
CLUBS FOUR DIAMONDS EIGHT,0.3764,0.0686,0.555
CLUBS SEVEN DIAMONDS EIGHT,0.3268,0.068,0.6052
SPADES QUEEN SPADES THREE,0.3598,0.0176,0.6226
CLUBS SIX DIAMONDS EIGHT,0.3296,0.0718,0.5986
SPADES KING SPADES THREE,0.339,0.0104,0.6506
DIAMONDS QUEEN DIAMONDS EIGHT,0.3284,0.0122,0.6594
DIAMONDS KING DIAMONDS EIGHT,0.324,0.0058,0.6702
HEARTS THREE DIAMONDS EIGHT,0.367,0.072,0.561
DIAMONDS ACE DIAMONDS EIGHT,0.3266,0.0056,0.6678
HEARTS FOUR DIAMONDS EIGHT,0.3598,0.0664,0.5738
HEARTS FIVE DIAMONDS EIGHT,0.2338,0.1622,0.604
DIAMONDS EIGHT DIAMONDS TEN,0.3228,0.0262,0.651
DIAMONDS EIGHT DIAMONDS JACK,0.321,0.017,0.662
SPADES JACK SPADES THREE,0.3536,0.0224,0.624
SPADES TEN SPADES THREE,0.3382,0.0272,0.6346
CLUBS FOUR HEARTS ACE,0.3556,0.0058,0.6386
CLUBS FOUR HEARTS QUEEN,0.3726,0.014,0.6134
CLUBS FOUR HEARTS KING,0.3754,0.0092,0.6154
CLUBS SIX HEARTS TEN,0.3242,0.0298,0.646
CLUBS SIX HEARTS JACK,0.3426,0.0248,0.6326
DIAMONDS EIGHT SPADES FOUR,0.3626,0.07,0.5674
SPADES FIVE DIAMONDS EIGHT,0.2578,0.1518,0.5904
DIAMONDS EIGHT SPADES TWO,0.2666,0.1392,0.5942
DIAMONDS EIGHT SPADES THREE,0.3754,0.0702,0.5544
CLUBS FOUR HEARTS JACK,0.377,0.0228,0.6002
SPADES EIGHT DIAMONDS EIGHT,0.1508,0.0922,0.757
SPADES TEN DIAMONDS QUEEN,0.3312,0.0106,0.6582
SPADES JACK HEARTS EIGHT,0.328,0.0232,0.6488
CLUBS FOUR HEARTS TEN,0.362,0.0292,0.6088
SPADES NINE DIAMONDS EIGHT,0.325,0.0372,0.6378
SPADES TEN HEARTS EIGHT,0.34,0.024,0.636
SPADES JACK DIAMONDS QUEEN,0.3614,0.01,0.6286
SPADES SIX DIAMONDS EIGHT,0.3322,0.0622,0.6056
SPADES SEVEN DIAMONDS EIGHT,0.325,0.0638,0.6112
SPADES ACE DIAMONDS QUEEN,0.3548,0.0054,0.6398
SPADES ACE HEARTS EIGHT,0.3406,0.0054,0.654
SPADES KING HEARTS EIGHT,0.3498,0.0076,0.6426
SPADES QUEEN DIAMONDS QUEEN,0.1576,0.0358,0.8066
SPADES KING DIAMONDS QUEEN,0.3384,0.0118,0.6498
SPADES QUEEN HEARTS EIGHT,0.346,0.0124,0.6416
CLUBS TWO HEARTS TEN,0.2574,0.0772,0.6654
CLUBS TWO HEARTS JACK,0.2708,0.0542,0.675
SPADES SEVEN DIAMONDS NINE,0.3364,0.044,0.6196
SPADES SIX DIAMONDS NINE,0.333,0.0422,0.6248
SPADES NINE DIAMONDS NINE,0.1566,0.0844,0.759
SPADES EIGHT DIAMONDS NINE,0.3382,0.0396,0.6222
SPADES TEN CLUBS KING,0.3426,0.007,0.6504
DIAMONDS NINE SPADES THREE,0.3758,0.0478,0.5764
SPADES JACK CLUBS KING,0.3436,0.0082,0.6482
DIAMONDS NINE SPADES TWO,0.2544,0.1042,0.6414
DIAMONDS NINE SPADES FIVE,0.2552,0.1188,0.626
DIAMONDS NINE SPADES FOUR,0.3624,0.0466,0.591
CLUBS NINE DIAMONDS NINE,0.1488,0.0818,0.7694
CLUBS EIGHT DIAMONDS NINE,0.3282,0.0384,0.6334
CLUBS SIX DIAMONDS NINE,0.3342,0.0412,0.6246
SPADES JACK CLUBS FOUR,0.3768,0.022,0.6012
CLUBS SEVEN DIAMONDS NINE,0.3246,0.0508,0.6246
SPADES TEN CLUBS FOUR,0.3734,0.0294,0.5972
CLUBS FOUR DIAMONDS NINE,0.3682,0.0508,0.581
DIAMONDS NINE CLUBS TWO,0.269,0.101,0.63
CLUBS THREE DIAMONDS NINE,0.3828,0.0498,0.5674
DIAMONDS NINE HEARTS EIGHT,0.3342,0.0362,0.6296
DIAMONDS NINE HEARTS NINE,0.15,0.0812,0.7688
HEARTS SIX DIAMONDS NINE,0.3356,0.0502,0.6142
HEARTS SEVEN DIAMONDS NINE,0.3282,0.044,0.6278
CLUBS EIGHT CLUBS NINE,0.3178,0.0392,0.643
DIAMONDS ACE DIAMONDS NINE,0.3208,0.005,0.6742
HEARTS FOUR DIAMONDS NINE,0.3562,0.0446,0.5992
HEARTS FIVE DIAMONDS NINE,0.254,0.1062,0.6398
HEARTS ACE CLUBS TWO,0.2476,0.017,0.7354
SPADES ACE CLUBS FOUR,0.3732,0.0034,0.6234
DIAMONDS QUEEN DIAMONDS NINE,0.3302,0.0132,0.6566
CLUBS TWO HEARTS KING,0.2714,0.0326,0.696
SPADES KING CLUBS FOUR,0.377,0.0086,0.6144
DIAMONDS KING DIAMONDS NINE,0.3326,0.0078,0.6596
HEARTS THREE DIAMONDS NINE,0.3682,0.048,0.5838
CLUBS TWO HEARTS QUEEN,0.2716,0.0402,0.6882
SPADES QUEEN CLUBS FOUR,0.3788,0.0142,0.607
DIAMONDS NINE DIAMONDS JACK,0.3278,0.0178,0.6544
CLUBS EIGHT SPADES NINE,0.323,0.041,0.636
DIAMONDS NINE DIAMONDS TEN,0.312,0.0212,0.6668
CLUBS EIGHT SPADES EIGHT,0.1506,0.0972,0.7522
CLUBS EIGHT SPADES SEVEN,0.3126,0.0582,0.6292
CLUBS EIGHT SPADES SIX,0.3236,0.0698,0.6066
CLUBS EIGHT SPADES FIVE,0.2452,0.1504,0.6044
CLUBS EIGHT SPADES FOUR,0.3552,0.0708,0.574
CLUBS EIGHT SPADES THREE,0.375,0.0686,0.5564
CLUBS EIGHT SPADES TWO,0.2576,0.1382,0.6042
HEARTS SIX DIAMONDS TEN,0.3358,0.0264,0.6378
HEARTS SEVEN DIAMONDS TEN,0.3322,0.0254,0.6424
DIAMONDS TEN HEARTS EIGHT,0.341,0.0242,0.6348
CLUBS JACK CLUBS FOUR,0.3526,0.0198,0.6276
DIAMONDS TEN HEARTS NINE,0.3296,0.0242,0.6462
CLUBS TEN CLUBS FOUR,0.3538,0.0264,0.6198
CLUBS FOUR CLUBS KING,0.36,0.0104,0.6296
CLUBS FOUR CLUBS QUEEN,0.347,0.0144,0.6386
CLUBS TWO DIAMONDS TEN,0.2652,0.0752,0.6596
CLUBS THREE DIAMONDS TEN,0.3726,0.0292,0.5982
CLUBS FOUR CLUBS ACE,0.3444,0.006,0.6496
DIAMONDS JACK DIAMONDS TEN,0.3088,0.0156,0.6756
DIAMONDS QUEEN DIAMONDS TEN,0.3352,0.0094,0.6554
DIAMONDS KING DIAMONDS TEN,0.3176,0.0072,0.6752
HEARTS THREE DIAMONDS TEN,0.3786,0.0336,0.5878
DIAMONDS ACE DIAMONDS TEN,0.331,0.0056,0.6634
HEARTS FOUR DIAMONDS TEN,0.3648,0.0318,0.6034
CLUBS EIGHT HEARTS JACK,0.3324,0.0174,0.6502
HEARTS FIVE DIAMONDS TEN,0.2494,0.083,0.6676
CLUBS EIGHT HEARTS TEN,0.3354,0.0292,0.6354
CLUBS EIGHT HEARTS QUEEN,0.3378,0.0122,0.65
CLUBS EIGHT HEARTS KING,0.3448,0.0076,0.6476
CLUBS EIGHT HEARTS ACE,0.341,0.0076,0.6514
CLUBS NINE SPADES THREE,0.3704,0.048,0.5816
CLUBS NINE SPADES TWO,0.2662,0.1066,0.6272
CLUBS NINE SPADES FIVE,0.2682,0.1112,0.6206
CLUBS NINE SPADES FOUR,0.3662,0.048,0.5858
CLUBS NINE SPADES SEVEN,0.3234,0.0442,0.6324
CLUBS NINE SPADES SIX,0.3292,0.045,0.6258
CLUBS NINE SPADES NINE,0.1504,0.0892,0.7604
CLUBS TEN HEARTS EIGHT,0.3322,0.0278,0.64
CLUBS NINE SPADES EIGHT,0.328,0.04,0.632
CLUBS JACK HEARTS EIGHT,0.3324,0.019,0.6486
HEARTS EIGHT CLUBS QUEEN,0.3446,0.0144,0.641
CLUBS KING HEARTS EIGHT,0.3476,0.0086,0.6438
CLUBS ACE HEARTS EIGHT,0.3308,0.0044,0.6648
SPADES KING CLUBS KING,0.1502,0.0214,0.8284
SPADES QUEEN CLUBS KING,0.3392,0.0078,0.653
SPADES ACE CLUBS KING,0.3486,0.0058,0.6456
DIAMONDS ACE HEARTS TEN,0.352,0.0046,0.6434
HEARTS FOUR HEARTS TEN,0.3568,0.0286,0.6146
DIAMONDS ACE HEARTS JACK,0.3388,0.0032,0.658
HEARTS FOUR HEARTS JACK,0.3634,0.0202,0.6164
HEARTS SEVEN DIAMONDS JACK,0.3442,0.0202,0.6356
HEARTS SIX DIAMONDS JACK,0.3502,0.0216,0.6282
DIAMONDS JACK HEARTS NINE,0.3406,0.0178,0.6416
DIAMONDS JACK HEARTS EIGHT,0.3326,0.0194,0.648
DIAMONDS KING DIAMONDS JACK,0.3278,0.008,0.6642
HEARTS THREE DIAMONDS JACK,0.378,0.0208,0.6012
SPADES ACE SPADES SIX,0.3198,0.0052,0.675
HEARTS ACE SPADES FOUR,0.3678,0.0032,0.629
DIAMONDS QUEEN DIAMONDS JACK,0.319,0.0106,0.6704
HEARTS FIVE DIAMONDS JACK,0.2622,0.0714,0.6664
SPADES QUEEN SPADES SIX,0.3278,0.0128,0.6594
SPADES FOUR HEARTS QUEEN,0.3644,0.0156,0.62
DIAMONDS ACE DIAMONDS JACK,0.326,0.0056,0.6684
HEARTS FOUR DIAMONDS JACK,0.3752,0.0208,0.604
SPADES KING SPADES SIX,0.3218,0.0084,0.6698
SPADES FOUR HEARTS KING,0.3712,0.0096,0.6192
SPADES TEN SPADES SIX,0.3274,0.0304,0.6422
SPADES JACK SPADES SIX,0.3246,0.0218,0.6536
SPADES FOUR DIAMONDS JACK,0.3828,0.0238,0.5934
SPADES FIVE DIAMONDS JACK,0.2522,0.0638,0.684
DIAMONDS JACK SPADES TWO,0.2754,0.051,0.6736
DIAMONDS JACK SPADES THREE,0.3822,0.0184,0.5994
SPADES ACE DIAMONDS THREE,0.3766,0.0058,0.6176
CLUBS EIGHT DIAMONDS JACK,0.3528,0.0166,0.6306
SPADES QUEEN DIAMONDS THREE,0.3774,0.0148,0.6078
SPADES KING DIAMONDS THREE,0.3754,0.0096,0.615
CLUBS NINE DIAMONDS JACK,0.3302,0.0176,0.6522
CLUBS SIX DIAMONDS JACK,0.3396,0.021,0.6394
CLUBS SEVEN DIAMONDS JACK,0.3402,0.0182,0.6416
CLUBS FOUR DIAMONDS JACK,0.3726,0.0224,0.605
CLUBS TWO DIAMONDS JACK,0.2748,0.054,0.6712
CLUBS THREE DIAMONDS JACK,0.372,0.021,0.607
SPADES JACK HEARTS SIX,0.347,0.0252,0.6278
HEARTS SIX SPADES TEN,0.3402,0.0288,0.631
SPADES JACK DIAMONDS THREE,0.3808,0.0188,0.6004
CLUBS SEVEN CLUBS ACE,0.3164,0.005,0.6786
DIAMONDS THREE SPADES TEN,0.3826,0.0308,0.5866
CLUBS SEVEN CLUBS QUEEN,0.3298,0.0132,0.657
CLUBS SEVEN CLUBS KING,0.3272,0.0098,0.663
SPADES NINE DIAMONDS JACK,0.3392,0.017,0.6438
CLUBS TEN CLUBS SEVEN,0.3258,0.0276,0.6466
DIAMONDS ACE HEARTS ACE,0.1342,0.0058,0.86
HEARTS FOUR HEARTS ACE,0.3326,0.0062,0.6612
SPADES EIGHT DIAMONDS JACK,0.3402,0.0168,0.643
SPADES ACE HEARTS SIX,0.3492,0.0044,0.6464
CLUBS JACK CLUBS SEVEN,0.3344,0.0172,0.6484
DIAMONDS ACE HEARTS KING,0.336,0.0048,0.6592
HEARTS FOUR HEARTS KING,0.3446,0.01,0.6454
SPADES SEVEN DIAMONDS JACK,0.3472,0.0206,0.6322
SPADES KING HEARTS SIX,0.345,0.0084,0.6466
DIAMONDS ACE HEARTS QUEEN,0.34,0.0042,0.6558
HEARTS FOUR HEARTS QUEEN,0.3512,0.0152,0.6336
SPADES QUEEN HEARTS SIX,0.351,0.0136,0.6354
SPADES SIX DIAMONDS JACK,0.3424,0.0176,0.64
DIAMONDS TEN SPADES TWO,0.269,0.0696,0.6614
SPADES THREE DIAMONDS TEN,0.3732,0.0326,0.5942
SPADES FOUR DIAMONDS TEN,0.3594,0.031,0.6096
SPADES FIVE DIAMONDS TEN,0.2658,0.0802,0.654
SPADES SIX DIAMONDS TEN,0.3478,0.0258,0.6264
SPADES SEVEN DIAMONDS TEN,0.3446,0.0286,0.6268
SPADES EIGHT DIAMONDS TEN,0.341,0.0288,0.6302
SPADES NINE DIAMONDS TEN,0.3404,0.0264,0.6332
CLUBS FOUR DIAMONDS TEN,0.3816,0.0308,0.5876
CLUBS SIX DIAMONDS TEN,0.3348,0.0268,0.6384
CLUBS SEVEN DIAMONDS TEN,0.3336,0.0276,0.6388
CLUBS EIGHT DIAMONDS TEN,0.3418,0.028,0.6302
CLUBS NINE DIAMONDS TEN,0.3326,0.0238,0.6436
CLUBS JACK DIAMONDS THREE,0.3632,0.0218,0.615
CLUBS TEN DIAMONDS THREE,0.3674,0.0312,0.6014
DIAMONDS THREE CLUBS KING,0.3622,0.0084,0.6294
DIAMONDS THREE CLUBS QUEEN,0.3692,0.0132,0.6176
DIAMONDS THREE CLUBS ACE,0.3602,0.0054,0.6344
SPADES FOUR HEARTS JACK,0.3658,0.0274,0.6068
SPADES FOUR HEARTS TEN,0.371,0.026,0.603
SPADES FIVE SPADES TWO,0.023,0.9036,0.0734
SPADES FOUR SPADES TWO,0.3736,0.363,0.2634
SPADES THREE SPADES TWO,0.3754,0.3576,0.267
SPADES NINE SPADES TWO,0.2554,0.0942,0.6504
SPADES EIGHT SPADES TWO,0.2482,0.138,0.6138
SPADES SEVEN SPADES TWO,0.2388,0.1928,0.5684
SPADES SIX SPADES TWO,0.2356,0.259,0.5054
DIAMONDS QUEEN CLUBS THREE,0.38,0.0158,0.6042
DIAMONDS QUEEN CLUBS TWO,0.2712,0.0388,0.69
HEARTS SEVEN DIAMONDS QUEEN,0.3434,0.013,0.6436
HEARTS SIX DIAMONDS QUEEN,0.3422,0.0148,0.643
DIAMONDS QUEEN HEARTS NINE,0.3488,0.0106,0.6406
DIAMONDS QUEEN HEARTS EIGHT,0.3378,0.0122,0.65
CLUBS NINE DIAMONDS QUEEN,0.3364,0.0104,0.6532
CLUBS EIGHT DIAMONDS QUEEN,0.349,0.0136,0.6374
SPADES EIGHT HEARTS ACE,0.3456,0.007,0.6474
DIAMONDS QUEEN CLUBS FOUR,0.3714,0.0172,0.6114
CLUBS SEVEN DIAMONDS QUEEN,0.3504,0.011,0.6386
SPADES EIGHT HEARTS QUEEN,0.3484,0.0102,0.6414
CLUBS SIX DIAMONDS QUEEN,0.3566,0.0122,0.6312
SPADES EIGHT HEARTS KING,0.3492,0.0082,0.6426
DIAMONDS QUEEN SPADES SIX,0.3576,0.0112,0.6312
HEARTS FOUR CLUBS QUEEN,0.3714,0.0152,0.6134
DIAMONDS ACE CLUBS QUEEN,0.3398,0.0058,0.6544
DIAMONDS QUEEN SPADES SEVEN,0.3552,0.0128,0.632
HEARTS FOUR CLUBS KING,0.352,0.009,0.639
DIAMONDS ACE CLUBS KING,0.3564,0.005,0.6386
DIAMONDS QUEEN SPADES EIGHT,0.3488,0.0108,0.6404
HEARTS FOUR CLUBS ACE,0.3504,0.006,0.6436
DIAMONDS ACE CLUBS ACE,0.1338,0.0046,0.8616
SPADES NINE DIAMONDS QUEEN,0.3512,0.011,0.6378
DIAMONDS QUEEN SPADES TWO,0.2826,0.0366,0.6808
DIAMONDS QUEEN SPADES THREE,0.379,0.015,0.606
DIAMONDS QUEEN SPADES FOUR,0.3562,0.015,0.6288
CLUBS TEN HEARTS FOUR,0.3766,0.0284,0.595
CLUBS TEN DIAMONDS ACE,0.3478,0.0048,0.6474
DIAMONDS QUEEN SPADES FIVE,0.25,0.045,0.705
CLUBS JACK HEARTS FOUR,0.3728,0.022,0.6052
CLUBS JACK DIAMONDS ACE,0.3436,0.0064,0.65
SPADES KING CLUBS JACK,0.3496,0.0066,0.6438
CLUBS JACK SPADES QUEEN,0.3396,0.0122,0.6482
SPADES ACE CLUBS JACK,0.3456,0.0054,0.649
SPADES SIX CLUBS KING,0.3382,0.0086,0.6532
SPADES SIX CLUBS QUEEN,0.3446,0.011,0.6444
SPADES EIGHT HEARTS JACK,0.3332,0.018,0.6488
SPADES SIX CLUBS ACE,0.3462,0.0046,0.6492
SPADES EIGHT HEARTS TEN,0.3322,0.023,0.6448
CLUBS JACK SPADES SIX,0.3462,0.0234,0.6304
CLUBS TEN SPADES SIX,0.3396,0.0318,0.6286
CLUBS JACK SPADES TEN,0.3304,0.0148,0.6548
CLUBS JACK SPADES JACK,0.1468,0.052,0.8012
SPADES QUEEN CLUBS SEVEN,0.3302,0.017,0.6528
SPADES KING CLUBS SEVEN,0.3332,0.0092,0.6576
SPADES ACE CLUBS SEVEN,0.3502,0.006,0.6438
SPADES SIX HEARTS TEN,0.342,0.0228,0.6352
SPADES SIX HEARTS JACK,0.3468,0.0222,0.631
SPADES SIX HEARTS ACE,0.3248,0.0042,0.671
SPADES SIX HEARTS KING,0.3488,0.0084,0.6428
SPADES SIX HEARTS QUEEN,0.3454,0.013,0.6416
SPADES JACK CLUBS SEVEN,0.3398,0.0208,0.6394
SPADES TEN CLUBS SEVEN,0.3278,0.029,0.6432
CLUBS TEN HEARTS SIX,0.3304,0.0352,0.6344
CLUBS JACK HEARTS SIX,0.3308,0.0208,0.6484
CLUBS JACK CLUBS ACE,0.3392,0.0062,0.6546
HEARTS SIX CLUBS QUEEN,0.3324,0.0142,0.6534
HEARTS SIX CLUBS KING,0.3384,0.0112,0.6504
HEARTS SIX CLUBS ACE,0.3438,0.0054,0.6508
CLUBS JACK CLUBS QUEEN,0.3284,0.0136,0.658
CLUBS JACK CLUBS KING,0.3348,0.0092,0.656
DIAMONDS THREE HEARTS ACE,0.346,0.0062,0.6478
DIAMONDS THREE HEARTS QUEEN,0.3712,0.016,0.6128
DIAMONDS THREE HEARTS KING,0.3684,0.0108,0.6208
SPADES TEN DIAMONDS ACE,0.3446,0.0048,0.6506
HEARTS FOUR SPADES TEN,0.3814,0.033,0.5856
HEARTS FOUR SPADES JACK,0.3744,0.0184,0.6072
SPADES JACK DIAMONDS ACE,0.3498,0.0032,0.647
SPADES ACE HEARTS FOUR,0.358,0.0042,0.6378
SPADES ACE DIAMONDS ACE,0.147,0.0044,0.8486
HEARTS FOUR SPADES QUEEN,0.3568,0.0124,0.6308
SPADES QUEEN DIAMONDS ACE,0.3476,0.0036,0.6488
CLUBS JACK SPADES FOUR,0.3756,0.0224,0.602
SPADES KING DIAMONDS ACE,0.3486,0.0078,0.6436
SPADES KING HEARTS FOUR,0.3706,0.0112,0.6182
CLUBS TEN SPADES FOUR,0.3652,0.031,0.6038
DIAMONDS QUEEN DIAMONDS ACE,0.319,0.004,0.677
HEARTS FOUR DIAMONDS QUEEN,0.369,0.0154,0.6156
DIAMONDS THREE HEARTS TEN,0.3746,0.0312,0.5942
SPADES FOUR CLUBS KING,0.3682,0.0126,0.6192
HEARTS FIVE DIAMONDS QUEEN,0.2578,0.0516,0.6906
DIAMONDS THREE HEARTS JACK,0.3672,0.021,0.6118
SPADES FOUR CLUBS QUEEN,0.3778,0.0166,0.6056
DIAMONDS KING DIAMONDS QUEEN,0.3316,0.0096,0.6588
DIAMONDS QUEEN HEARTS THREE,0.3698,0.0158,0.6144
SPADES FOUR CLUBS ACE,0.3478,0.0042,0.648
DIAMONDS QUEEN CLUBS ACE,0.345,0.0046,0.6504
DIAMONDS QUEEN CLUBS QUEEN,0.148,0.0382,0.8138
DIAMONDS QUEEN CLUBS KING,0.346,0.0058,0.6482
SPADES EIGHT SPADES FIVE,0.2406,0.1418,0.6176
CLUBS TEN DIAMONDS QUEEN,0.3272,0.01,0.6628
SPADES NINE SPADES FIVE,0.2416,0.107,0.6514
CLUBS JACK DIAMONDS QUEEN,0.34,0.011,0.649
SPADES SIX SPADES FIVE,0.2162,0.2528,0.531
SPADES SEVEN SPADES FIVE,0.2166,0.195,0.5884
DIAMONDS FIVE CLUBS QUEEN,0.251,0.0516,0.6974
SPADES EIGHT CLUBS ACE,0.342,0.006,0.652
DIAMONDS FIVE CLUBS KING,0.2484,0.0444,0.7072
SPADES EIGHT CLUBS KING,0.3452,0.0084,0.6464
DIAMONDS FIVE CLUBS ACE,0.2356,0.0316,0.7328
SPADES EIGHT CLUBS QUEEN,0.3476,0.0118,0.6406
CLUBS JACK SPADES EIGHT,0.341,0.0164,0.6426
CLUBS TEN SPADES EIGHT,0.3388,0.0266,0.6346
CLUBS TEN DIAMONDS FIVE,0.2454,0.0904,0.6642
CLUBS JACK DIAMONDS FIVE,0.2502,0.0706,0.6792
DIAMONDS TEN HEARTS JACK,0.3316,0.0116,0.6568
DIAMONDS TEN HEARTS TEN,0.1414,0.0578,0.8008
SPADES ACE CLUBS NINE,0.349,0.0052,0.6458
SPADES QUEEN CLUBS NINE,0.3292,0.0126,0.6582
SPADES KING CLUBS NINE,0.3374,0.0086,0.654
HEARTS SIX HEARTS KING,0.3192,0.0102,0.6706
DIAMONDS KING SPADES SEVEN,0.3486,0.009,0.6424
HEARTS THREE SPADES SEVEN,0.3542,0.099,0.5468
SPADES KING DIAMONDS SEVEN,0.3538,0.0094,0.6368
HEARTS SIX HEARTS QUEEN,0.3256,0.015,0.6594
SPADES QUEEN DIAMONDS SEVEN,0.3424,0.0148,0.6428
HEARTS THREE SPADES SIX,0.3422,0.166,0.4918
DIAMONDS KING SPADES SIX,0.3512,0.0092,0.6396
DIAMONDS KING SPADES NINE,0.3458,0.008,0.6462
SPADES NINE HEARTS THREE,0.3722,0.0516,0.5762
HEARTS SIX HEARTS ACE,0.3296,0.006,0.6644
DIAMONDS KING SPADES EIGHT,0.3416,0.0052,0.6532
SPADES EIGHT HEARTS THREE,0.3722,0.0594,0.5684
SPADES ACE DIAMONDS SEVEN,0.3478,0.0044,0.6478
CLUBS NINE HEARTS THREE,0.368,0.045,0.587
CLUBS NINE DIAMONDS KING,0.3482,0.0072,0.6446
CLUBS EIGHT DIAMONDS KING,0.3512,0.0108,0.638
CLUBS EIGHT HEARTS THREE,0.3612,0.0734,0.5654
HEARTS THREE SPADES THREE,0.2226,0.1526,0.6248
DIAMONDS KING SPADES THREE,0.3744,0.01,0.6156
HEARTS THREE SPADES TWO,0.3922,0.3744,0.2334
DIAMONDS KING SPADES TWO,0.2732,0.0266,0.7002
HEARTS THREE SPADES FIVE,0.2202,0.5218,0.258
DIAMONDS KING SPADES FIVE,0.2498,0.0476,0.7026
HEARTS THREE SPADES FOUR,0.3588,0.2448,0.3964
DIAMONDS KING SPADES FOUR,0.374,0.012,0.614
DIAMONDS KING CLUBS TWO,0.2676,0.0276,0.7048
HEARTS THREE CLUBS TWO,0.4048,0.3788,0.2164
