opposingHand,winningChance,drawChance,lostChance
HEARTS THREE HEARTS KING
HEARTS FIVE SPADES TEN,0.5998,0.0062,0.394
HEARTS FIVE SPADES JACK,0.6232,0.0086,0.3682
CLUBS JACK SPADES FIVE,0.6216,0.0078,0.3706
CLUBS TEN SPADES FIVE,0.6154,0.008,0.3766
CLUBS JACK CLUBS EIGHT,0.5598,0.0066,0.4336
CLUBS TEN CLUBS EIGHT,0.5468,0.008,0.4452
CLUBS EIGHT CLUBS KING,0.2672,0.2002,0.5326
SPADES FIVE CLUBS ACE,0.3788,0.0058,0.6154
CLUBS EIGHT CLUBS QUEEN,0.5558,0.0064,0.4378
SPADES FIVE CLUBS KING,0.2738,0.4208,0.3054
SPADES FIVE CLUBS QUEEN,0.612,0.0072,0.3808
CLUBS EIGHT CLUBS ACE,0.3856,0.0056,0.6088
DIAMONDS TWO DIAMONDS THREE,0.6838,0.0322,0.284
DIAMONDS TWO DIAMONDS FIVE,0.5958,0.0084,0.3958
HEARTS FIVE SPADES KING,0.2526,0.4248,0.3226
DIAMONDS TWO DIAMONDS FOUR,0.6074,0.0108,0.3818
HEARTS FIVE SPADES QUEEN,0.6174,0.0086,0.374
DIAMONDS TWO DIAMONDS SEVEN,0.6134,0.0078,0.3788
DIAMONDS TWO DIAMONDS SIX,0.61,0.011,0.379
SPADES ACE HEARTS FIVE,0.376,0.0066,0.6174
DIAMONDS TWO DIAMONDS NINE,0.6158,0.0074,0.3768
DIAMONDS TWO DIAMONDS EIGHT,0.6158,0.0082,0.376
DIAMONDS THREE DIAMONDS FOUR,0.6652,0.0294,0.3054
CLUBS TWO SPADES FOUR,0.6532,0.008,0.3388
DIAMONDS THREE DIAMONDS FIVE,0.663,0.0288,0.3082
CLUBS TWO SPADES FIVE,0.639,0.0122,0.3488
CLUBS TWO SPADES TWO,0.4602,0.0198,0.52
CLUBS TWO SPADES THREE,0.7366,0.0306,0.2328
DIAMONDS THREE DIAMONDS EIGHT,0.7058,0.023,0.2712
SPADES EIGHT CLUBS TWO,0.6606,0.0068,0.3326
DIAMONDS THREE DIAMONDS NINE,0.6956,0.0328,0.2716
SPADES NINE CLUBS TWO,0.6592,0.0102,0.3306
DIAMONDS THREE DIAMONDS SIX,0.6828,0.0276,0.2896
SPADES SIX CLUBS TWO,0.6502,0.009,0.3408
DIAMONDS THREE DIAMONDS SEVEN,0.6876,0.023,0.2894
SPADES SEVEN CLUBS TWO,0.6434,0.009,0.3476
CLUBS SIX CLUBS TWO,0.6072,0.0074,0.3854
CLUBS SEVEN CLUBS TWO,0.619,0.0082,0.3728
CLUBS FOUR CLUBS TWO,0.6002,0.0112,0.3886
CLUBS FIVE CLUBS TWO,0.5946,0.01,0.3954
CLUBS TEN CLUBS JACK,0.5384,0.0062,0.4554
DIAMONDS FOUR DIAMONDS SIX,0.5598,0.0066,0.4336
CLUBS TEN CLUBS QUEEN,0.5504,0.0078,0.4418
DIAMONDS FOUR DIAMONDS SEVEN,0.5638,0.0082,0.428
CLUBS TEN CLUBS KING,0.2574,0.1036,0.639
CLUBS TEN CLUBS ACE,0.3542,0.0046,0.6412
CLUBS EIGHT CLUBS TWO,0.6092,0.0086,0.3822
DIAMONDS FIVE DIAMONDS FOUR,0.5516,0.0098,0.4386
CLUBS NINE CLUBS TWO,0.6186,0.0086,0.3728
DIAMONDS NINE DIAMONDS FOUR,0.5938,0.0102,0.396
DIAMONDS EIGHT DIAMONDS FOUR,0.5744,0.0082,0.4174
CLUBS TWO CLUBS THREE,0.6722,0.036,0.2918
DIAMONDS NINE DIAMONDS FIVE,0.5718,0.0068,0.4214
CLUBS JACK DIAMONDS TWO,0.6606,0.0092,0.3302
DIAMONDS EIGHT DIAMONDS FIVE,0.5636,0.01,0.4264
CLUBS TEN DIAMONDS TWO,0.6616,0.0104,0.328
DIAMONDS FIVE DIAMONDS SEVEN,0.5666,0.0074,0.426
DIAMONDS FIVE DIAMONDS SIX,0.5478,0.009,0.4432
DIAMONDS TWO CLUBS ACE,0.4194,0.0066,0.574
DIAMONDS TWO CLUBS KING,0.3018,0.4944,0.2038
DIAMONDS TWO CLUBS QUEEN,0.6558,0.0066,0.3376
DIAMONDS EIGHT DIAMONDS SIX,0.5588,0.006,0.4352
DIAMONDS NINE DIAMONDS SIX,0.5696,0.0094,0.421
SPADES THREE HEARTS ACE,0.256,0.0208,0.7232
DIAMONDS SEVEN DIAMONDS SIX,0.5418,0.0108,0.4474
HEARTS QUEEN SPADES THREE,0.7414,0.0324,0.2262
SPADES THREE HEARTS JACK,0.7414,0.033,0.2256
SPADES THREE HEARTS TEN,0.7356,0.0264,0.238
DIAMONDS EIGHT DIAMONDS SEVEN,0.5366,0.0086,0.4548
DIAMONDS NINE DIAMONDS SEVEN,0.5484,0.007,0.4446
DIAMONDS NINE DIAMONDS EIGHT,0.5324,0.0082,0.4594
DIAMONDS KING HEARTS TEN,0.27,0.1174,0.6126
SPADES JACK CLUBS SIX,0.6162,0.0068,0.377
DIAMONDS KING HEARTS JACK,0.2596,0.0886,0.6518
SPADES TEN CLUBS SIX,0.599,0.0058,0.3952
SPADES JACK SPADES FIVE,0.5932,0.0058,0.401
SPADES TEN SPADES FIVE,0.587,0.0078,0.4052
DIAMONDS KING HEARTS ACE,0.2566,0.016,0.7274
SPADES ACE CLUBS SIX,0.3992,0.0056,0.5952
DIAMONDS KING HEARTS QUEEN,0.2718,0.0644,0.6638
SPADES KING CLUBS SIX,0.2784,0.3458,0.3758
SPADES QUEEN CLUBS SIX,0.618,0.005,0.377
SPADES NINE HEARTS TEN,0.579,0.0086,0.4124
SPADES NINE HEARTS JACK,0.575,0.007,0.418
SPADES QUEEN SPADES FIVE,0.5816,0.0084,0.41
SPADES KING SPADES FIVE,0.2512,0.4092,0.3396
SPADES ACE SPADES FIVE,0.36,0.0052,0.6348
SPADES NINE HEARTS QUEEN,0.5942,0.0096,0.3962
SPADES NINE HEARTS ACE,0.3876,0.0062,0.6062
CLUBS TEN SPADES JACK,0.591,0.0074,0.4016
CLUBS TEN SPADES TEN,0.3416,0.0084,0.65
SPADES ACE CLUBS TEN,0.3938,0.0046,0.6016
CLUBS TEN SPADES KING,0.2814,0.108,0.6106
CLUBS TEN SPADES QUEEN,0.5722,0.006,0.4218
SPADES FIVE HEARTS QUEEN,0.6016,0.0098,0.3886
SPADES FIVE HEARTS ACE,0.381,0.0058,0.6132
CLUBS EIGHT SPADES TEN,0.5914,0.0076,0.401
SPADES JACK DIAMONDS KING,0.2724,0.084,0.6436
SPADES TEN DIAMONDS KING,0.2804,0.1054,0.6142
CLUBS EIGHT SPADES JACK,0.581,0.0072,0.4118
CLUBS SIX HEARTS ACE,0.3766,0.0046,0.6188
SPADES ACE CLUBS EIGHT,0.3956,0.0026,0.6018
HEARTS FIVE CLUBS JACK,0.619,0.0088,0.3722
CLUBS TEN HEARTS FIVE,0.6082,0.0086,0.3832
CLUBS SIX HEARTS QUEEN,0.6094,0.0072,0.3834
SPADES QUEEN CLUBS EIGHT,0.5932,0.009,0.3978
CLUBS TEN SPADES THREE,0.7502,0.032,0.2178
SPADES KING CLUBS EIGHT,0.2828,0.2096,0.5076
CLUBS JACK SPADES THREE,0.7478,0.0328,0.2194
DIAMONDS TWO HEARTS JACK,0.6546,0.01,0.3354
SPADES THREE CLUBS QUEEN,0.7432,0.0306,0.2262
DIAMONDS TWO HEARTS TEN,0.646,0.0092,0.3448
SPADES THREE CLUBS KING,0.0748,0.9008,0.0244
HEARTS FIVE CLUBS ACE,0.3722,0.0076,0.6202
SPADES FIVE HEARTS TEN,0.6098,0.0056,0.3846
SPADES THREE CLUBS ACE,0.2802,0.0206,0.6992
HEARTS FIVE CLUBS KING,0.264,0.4444,0.2916
SPADES FIVE HEARTS JACK,0.6182,0.0078,0.374
HEARTS FIVE CLUBS QUEEN,0.6242,0.007,0.3688
DIAMONDS KING CLUBS KING,0.121,0.0154,0.8636
DIAMONDS KING CLUBS QUEEN,0.28,0.0626,0.6574
HEARTS FIVE HEARTS JACK,0.6158,0.0096,0.3746
HEARTS FIVE HEARTS TEN,0.603,0.0088,0.3882
DIAMONDS KING CLUBS ACE,0.2732,0.0108,0.716
SPADES ACE CLUBS QUEEN,0.3722,0.005,0.6228
SPADES KING CLUBS QUEEN,0.2792,0.0682,0.6526
CLUBS JACK DIAMONDS KING,0.2786,0.0856,0.6358
SPADES QUEEN CLUBS QUEEN,0.304,0.004,0.692
CLUBS TEN DIAMONDS KING,0.274,0.108,0.618
SPADES JACK CLUBS QUEEN,0.5822,0.0076,0.4102
CLUBS SIX CLUBS QUEEN,0.577,0.0076,0.4154
SPADES TEN CLUBS QUEEN,0.5766,0.0072,0.4162
CLUBS SIX CLUBS KING,0.2624,0.3346,0.403
CLUBS SIX CLUBS ACE,0.3724,0.0052,0.6224
HEARTS FIVE HEARTS QUEEN,0.6214,0.0096,0.369
CLUBS TEN CLUBS SIX,0.5716,0.0082,0.4202
HEARTS FIVE HEARTS ACE,0.338,0.0058,0.6562
CLUBS JACK CLUBS SIX,0.5886,0.008,0.4034
SPADES SEVEN HEARTS JACK,0.6164,0.0088,0.3748
SPADES SEVEN HEARTS TEN,0.5906,0.0078,0.4016
DIAMONDS TWO CLUBS TWO,0.4668,0.0244,0.5088
DIAMONDS TWO CLUBS THREE,0.742,0.0292,0.2288
DIAMONDS TWO HEARTS SIX,0.6478,0.0086,0.3436
DIAMONDS TWO HEARTS QUEEN,0.643,0.0112,0.3458
HEARTS SEVEN DIAMONDS TWO,0.6542,0.0086,0.3372
DIAMONDS TWO HEARTS EIGHT,0.6522,0.009,0.3388
DIAMONDS TWO HEARTS ACE,0.4038,0.0052,0.591
DIAMONDS TWO HEARTS NINE,0.639,0.0104,0.3506
DIAMONDS TWO DIAMONDS QUEEN,0.6136,0.0088,0.3776
DIAMONDS TWO HEARTS TWO,0.463,0.0212,0.5158
DIAMONDS TWO DIAMONDS KING,0.2882,0.4544,0.2574
DIAMONDS TWO DIAMONDS ACE,0.387,0.0056,0.6074
HEARTS FOUR DIAMONDS TWO,0.6306,0.0102,0.3592
HEARTS FIVE DIAMONDS TWO,0.6384,0.0114,0.3502
SPADES SEVEN HEARTS ACE,0.388,0.0064,0.6056
DIAMONDS TWO DIAMONDS TEN,0.6218,0.0088,0.3694
DIAMONDS TWO DIAMONDS JACK,0.6196,0.0092,0.3712
SPADES SEVEN HEARTS QUEEN,0.6184,0.009,0.3726
DIAMONDS TWO SPADES NINE,0.66,0.0084,0.3316
DIAMONDS TWO SPADES EIGHT,0.645,0.0096,0.3454
DIAMONDS TWO SPADES SEVEN,0.6558,0.0072,0.337
DIAMONDS TWO SPADES SIX,0.6528,0.0096,0.3376
DIAMONDS TWO SPADES FIVE,0.6466,0.0092,0.3442
DIAMONDS TWO SPADES FOUR,0.6454,0.0084,0.3462
DIAMONDS TWO SPADES THREE,0.7316,0.031,0.2374
DIAMONDS TWO SPADES TWO,0.4546,0.0242,0.5212
DIAMONDS TWO CLUBS NINE,0.656,0.0098,0.3342
CLUBS EIGHT DIAMONDS TWO,0.6598,0.0078,0.3324
DIAMONDS TWO CLUBS SEVEN,0.6632,0.0104,0.3264
DIAMONDS TWO CLUBS SIX,0.651,0.011,0.338
DIAMONDS TWO CLUBS FIVE,0.6392,0.0114,0.3494
DIAMONDS TWO CLUBS FOUR,0.6396,0.0102,0.3502
CLUBS FOUR SPADES FIVE,0.584,0.0086,0.4074
CLUBS FOUR SPADES FOUR,0.3876,0.0162,0.5962
CLUBS FOUR SPADES THREE,0.7176,0.0292,0.2532
CLUBS FOUR SPADES TWO,0.645,0.009,0.346
SPADES NINE CLUBS FOUR,0.6302,0.0078,0.362
SPADES EIGHT CLUBS FOUR,0.617,0.0076,0.3754
CLUBS FOUR SPADES SEVEN,0.6058,0.0064,0.3878
CLUBS FOUR SPADES SIX,0.5974,0.0088,0.3938
SPADES ACE DIAMONDS SIX,0.3976,0.0034,0.599
SPADES QUEEN DIAMONDS SIX,0.625,0.0064,0.3686
SPADES KING DIAMONDS SIX,0.2638,0.36,0.3762
SPADES TEN DIAMONDS SIX,0.604,0.0072,0.3888
SPADES JACK DIAMONDS SIX,0.629,0.0074,0.3636
SPADES QUEEN SPADES TWO,0.6102,0.0084,0.3814
SPADES KING SPADES TWO,0.2982,0.4528,0.249
SPADES ACE SPADES TWO,0.3986,0.0064,0.595
CLUBS JACK DIAMONDS JACK,0.322,0.0066,0.6714
CLUBS TEN DIAMONDS JACK,0.5734,0.0072,0.4194
DIAMONDS JACK CLUBS KING,0.2738,0.0872,0.639
DIAMONDS JACK CLUBS QUEEN,0.5802,0.0082,0.4116
DIAMONDS THREE DIAMONDS JACK,0.7144,0.0262,0.2594
DIAMONDS THREE DIAMONDS TEN,0.6964,0.0296,0.274
DIAMONDS JACK CLUBS ACE,0.3958,0.0046,0.5996
DIAMONDS THREE DIAMONDS KING,0.0636,0.8642,0.0722
DIAMONDS THREE DIAMONDS QUEEN,0.703,0.035,0.262
DIAMONDS THREE HEARTS TWO,0.7292,0.0284,0.2424
HEARTS FIVE DIAMONDS THREE,0.6976,0.0284,0.274
DIAMONDS THREE DIAMONDS ACE,0.255,0.018,0.727
HEARTS FOUR DIAMONDS THREE,0.7002,0.0304,0.2694
HEARTS SEVEN DIAMONDS THREE,0.7218,0.0288,0.2494
SPADES TEN SPADES NINE,0.5476,0.0062,0.4462
HEARTS SIX DIAMONDS THREE,0.7294,0.0288,0.2418
SPADES JACK SPADES NINE,0.5528,0.0072,0.44
DIAMONDS THREE HEARTS NINE,0.7286,0.0304,0.241
HEARTS JACK DIAMONDS FOUR,0.6102,0.0102,0.3796
SPADES TEN SPADES TWO,0.6196,0.0104,0.37
DIAMONDS THREE HEARTS EIGHT,0.74,0.0276,0.2324
HEARTS TEN DIAMONDS FOUR,0.601,0.0102,0.3888
SPADES JACK SPADES TWO,0.6166,0.0082,0.3752
HEARTS QUEEN DIAMONDS FOUR,0.6122,0.0076,0.3802
SPADES ACE SPADES NINE,0.375,0.0056,0.6194
HEARTS ACE DIAMONDS FOUR,0.3692,0.0074,0.6234
SPADES KING SPADES NINE,0.2698,0.1522,0.578
SPADES QUEEN SPADES NINE,0.5606,0.0088,0.4306
DIAMONDS THREE SPADES NINE,0.7358,0.0298,0.2344
DIAMONDS THREE SPADES EIGHT,0.7436,0.0286,0.2278
DIAMONDS THREE SPADES SEVEN,0.73,0.0278,0.2422
DIAMONDS THREE SPADES SIX,0.7222,0.0262,0.2516
DIAMONDS THREE CLUBS SIX,0.7352,0.025,0.2398
CLUBS SIX CLUBS FIVE,0.5422,0.0068,0.451
CLUBS ACE DIAMONDS FOUR,0.3882,0.005,0.6068
DIAMONDS THREE CLUBS SEVEN,0.7316,0.0292,0.2392
CLUBS SEVEN CLUBS FIVE,0.5524,0.008,0.4396
DIAMONDS THREE CLUBS FOUR,0.7132,0.0308,0.256
DIAMONDS FOUR CLUBS QUEEN,0.6304,0.0074,0.3622
DIAMONDS THREE CLUBS FIVE,0.6972,0.0306,0.2722
DIAMONDS FOUR CLUBS KING,0.2618,0.4876,0.2506
DIAMONDS THREE CLUBS TWO,0.7274,0.0338,0.2388
CLUBS TEN DIAMONDS FOUR,0.6158,0.0094,0.3748
DIAMONDS THREE CLUBS THREE,0.3636,0.024,0.6124
CLUBS JACK DIAMONDS FOUR,0.6242,0.0064,0.3694
DIAMONDS THREE SPADES FOUR,0.7112,0.029,0.2598
DIAMONDS THREE SPADES FIVE,0.7034,0.0272,0.2694
DIAMONDS THREE SPADES TWO,0.7248,0.0334,0.2418
DIAMONDS THREE SPADES THREE,0.349,0.0244,0.6266
CLUBS EIGHT DIAMONDS THREE,0.7494,0.0256,0.225
CLUBS NINE DIAMONDS THREE,0.739,0.03,0.231
SPADES SEVEN CLUBS ACE,0.4092,0.0042,0.5866
SPADES SEVEN CLUBS QUEEN,0.6184,0.0078,0.3738
SPADES SEVEN CLUBS KING,0.274,0.275,0.451
SPADES SEVEN CLUBS FIVE,0.5936,0.0086,0.3978
CLUBS TEN SPADES SEVEN,0.602,0.0068,0.3912
CLUBS FIVE SPADES SIX,0.5844,0.01,0.4056
CLUBS JACK SPADES SEVEN,0.5986,0.0076,0.3938
SPADES NINE CLUBS FIVE,0.6094,0.0066,0.384
SPADES EIGHT CLUBS FIVE,0.5978,0.0094,0.3928
CLUBS FIVE SPADES THREE,0.7006,0.0284,0.271
CLUBS FIVE SPADES TWO,0.6364,0.0114,0.3522
CLUBS FIVE SPADES FIVE,0.357,0.0162,0.6268
CLUBS FIVE SPADES FOUR,0.5916,0.008,0.4004
CLUBS NINE CLUBS FIVE,0.5726,0.0092,0.4182
CLUBS EIGHT CLUBS FIVE,0.5624,0.0074,0.4302
CLUBS ACE CLUBS QUEEN,0.3696,0.0038,0.6266
CLUBS KING CLUBS QUEEN,0.261,0.057,0.682
DIAMONDS TEN DIAMONDS FOUR,0.5868,0.0074,0.4058
CLUBS TEN DIAMONDS NINE,0.577,0.0058,0.4172
DIAMONDS JACK DIAMONDS FOUR,0.5918,0.0082,0.4
CLUBS JACK DIAMONDS NINE,0.5802,0.0084,0.4114
CLUBS JACK SPADES NINE,0.5868,0.0076,0.4056
CLUBS TEN SPADES NINE,0.5766,0.0058,0.4176
DIAMONDS ACE DIAMONDS FOUR,0.3714,0.0048,0.6238
HEARTS FOUR DIAMONDS FOUR,0.3798,0.016,0.6042
DIAMONDS JACK HEARTS TEN,0.5564,0.005,0.4386
SPADES NINE CLUBS KING,0.269,0.1632,0.5678
DIAMONDS TWO SPADES TEN,0.654,0.0078,0.3382
DIAMONDS NINE CLUBS ACE,0.3994,0.005,0.5956
HEARTS FIVE DIAMONDS FOUR,0.5764,0.0126,0.411
DIAMONDS JACK HEARTS JACK,0.3246,0.005,0.6704
SPADES NINE CLUBS QUEEN,0.5924,0.0046,0.403
DIAMONDS TWO SPADES JACK,0.648,0.0086,0.3434
DIAMONDS QUEEN DIAMONDS FOUR,0.5874,0.0068,0.4058
HEARTS TWO DIAMONDS FOUR,0.6302,0.0108,0.359
DIAMONDS NINE CLUBS QUEEN,0.5892,0.0068,0.404
DIAMONDS KING DIAMONDS FOUR,0.2556,0.4568,0.2876
SPADES NINE CLUBS ACE,0.3982,0.0036,0.5982
DIAMONDS NINE CLUBS KING,0.27,0.1528,0.5772
DIAMONDS JACK HEARTS ACE,0.3656,0.0062,0.6282
SPADES ACE DIAMONDS TWO,0.4206,0.0046,0.5748
HEARTS QUEEN DIAMONDS JACK,0.56,0.0078,0.4322
SPADES QUEEN DIAMONDS TWO,0.6542,0.0074,0.3384
SPADES KING DIAMONDS TWO,0.3166,0.4816,0.2018
SPADES JACK SPADES SEVEN,0.592,0.0076,0.4004
SPADES TEN SPADES SEVEN,0.5578,0.008,0.4342
CLUBS SEVEN CLUBS THREE,0.6866,0.0262,0.2872
CLUBS SIX CLUBS THREE,0.686,0.025,0.289
CLUBS FIVE CLUBS THREE,0.6686,0.0282,0.3032
CLUBS FOUR CLUBS THREE,0.6684,0.0234,0.3082
CLUBS NINE CLUBS THREE,0.7042,0.0292,0.2666
CLUBS EIGHT CLUBS THREE,0.7088,0.0222,0.269
SPADES FIVE CLUBS THREE,0.7114,0.0284,0.2602
CLUBS THREE SPADES FOUR,0.7104,0.031,0.2586
CLUBS THREE SPADES THREE,0.3522,0.0186,0.6292
CLUBS THREE SPADES TWO,0.7254,0.0284,0.2462
SPADES SIX CLUBS THREE,0.7304,0.0258,0.2438
SPADES SEVEN CLUBS THREE,0.731,0.028,0.241
SPADES EIGHT CLUBS THREE,0.7522,0.0254,0.2224
SPADES NINE CLUBS THREE,0.7446,0.0316,0.2238
SPADES TWO DIAMONDS FOUR,0.6504,0.0098,0.3398
SPADES THREE DIAMONDS FOUR,0.7112,0.0348,0.254
SPADES FOUR DIAMONDS FOUR,0.3746,0.0186,0.6068
SPADES FIVE DIAMONDS FOUR,0.5886,0.011,0.4004
SPADES SIX DIAMONDS FOUR,0.6124,0.0092,0.3784
SPADES SEVEN DIAMONDS FOUR,0.6184,0.0094,0.3722
SPADES EIGHT DIAMONDS FOUR,0.6132,0.0076,0.3792
SPADES NINE DIAMONDS FOUR,0.6282,0.0072,0.3646
CLUBS FIVE DIAMONDS FOUR,0.6058,0.0082,0.386
CLUBS FOUR DIAMONDS FOUR,0.3824,0.0174,0.6002
CLUBS SEVEN DIAMONDS FOUR,0.6128,0.008,0.3792
CLUBS SIX DIAMONDS FOUR,0.6028,0.0086,0.3886
CLUBS NINE DIAMONDS FOUR,0.6174,0.009,0.3736
CLUBS EIGHT DIAMONDS FOUR,0.6236,0.0078,0.3686
HEARTS SEVEN DIAMONDS FOUR,0.5944,0.009,0.3966
HEARTS SIX DIAMONDS FOUR,0.596,0.0094,0.3946
DIAMONDS FOUR HEARTS NINE,0.6186,0.0106,0.3708
DIAMONDS FOUR HEARTS EIGHT,0.6112,0.0104,0.3784
CLUBS THREE DIAMONDS FOUR,0.7272,0.0266,0.2462
CLUBS TWO DIAMONDS FOUR,0.644,0.0102,0.3458
DIAMONDS TEN DIAMONDS FIVE,0.5798,0.008,0.4122
DIAMONDS JACK DIAMONDS FIVE,0.58,0.0082,0.4118
DIAMONDS NINE HEARTS QUEEN,0.5876,0.0066,0.4058
DIAMONDS NINE HEARTS ACE,0.3864,0.0054,0.6082
DIAMONDS NINE HEARTS TEN,0.5674,0.0076,0.425
DIAMONDS NINE HEARTS JACK,0.572,0.0096,0.4184
CLUBS KING DIAMONDS SIX,0.2704,0.356,0.3736
CLUBS QUEEN DIAMONDS SIX,0.627,0.007,0.366
CLUBS ACE DIAMONDS SIX,0.3928,0.0058,0.6014
SPADES KING DIAMONDS FOUR,0.2606,0.4904,0.249
SPADES ACE SPADES SEVEN,0.3818,0.004,0.6142
SPADES QUEEN DIAMONDS FOUR,0.6354,0.0076,0.357
SPADES QUEEN SPADES SEVEN,0.579,0.0104,0.4106
CLUBS JACK DIAMONDS SIX,0.6304,0.0076,0.362
SPADES KING SPADES SEVEN,0.2606,0.2674,0.472
SPADES ACE DIAMONDS FOUR,0.3934,0.0054,0.6012
CLUBS TEN DIAMONDS SIX,0.625,0.0068,0.3682
CLUBS NINE CLUBS FOUR,0.5814,0.0068,0.4118
CLUBS EIGHT CLUBS FOUR,0.5734,0.0102,0.4164
SPADES JACK DIAMONDS FOUR,0.6248,0.0076,0.3676
SPADES TEN DIAMONDS FOUR,0.6296,0.0084,0.362
CLUBS FOUR CLUBS FIVE,0.5578,0.0094,0.4328
CLUBS SEVEN CLUBS FOUR,0.578,0.0114,0.4106
CLUBS SIX CLUBS FOUR,0.564,0.0076,0.4284
CLUBS SEVEN SPADES EIGHT,0.5862,0.008,0.4058
SPADES NINE CLUBS SEVEN,0.589,0.006,0.405
CLUBS SEVEN SPADES SIX,0.5834,0.0062,0.4104
CLUBS SEVEN SPADES SEVEN,0.3586,0.0136,0.6278
CLUBS SEVEN SPADES FIVE,0.5958,0.0086,0.3956
CLUBS SEVEN SPADES FOUR,0.6166,0.0066,0.3768
CLUBS SEVEN SPADES THREE,0.7246,0.0288,0.2466
CLUBS SEVEN SPADES TWO,0.6598,0.01,0.3302
CLUBS NINE CLUBS SEVEN,0.5526,0.0074,0.44
CLUBS EIGHT CLUBS SEVEN,0.5394,0.0062,0.4544
HEARTS SIX DIAMONDS FIVE,0.5874,0.0106,0.402
HEARTS SEVEN DIAMONDS FIVE,0.588,0.0088,0.4032
DIAMONDS FIVE HEARTS EIGHT,0.6042,0.009,0.3868
DIAMONDS FIVE HEARTS NINE,0.6052,0.0096,0.3852
DIAMONDS QUEEN DIAMONDS FIVE,0.5836,0.0068,0.4096
HEARTS TWO DIAMONDS FIVE,0.6346,0.0102,0.3552
DIAMONDS KING DIAMONDS FIVE,0.2596,0.3994,0.341
HEARTS QUEEN HEARTS EIGHT,0.5898,0.009,0.4012
DIAMONDS ACE DIAMONDS FIVE,0.3574,0.0042,0.6384
HEARTS FOUR DIAMONDS FIVE,0.5934,0.0114,0.3952
HEARTS FIVE DIAMONDS FIVE,0.3678,0.0196,0.6126
HEARTS ACE HEARTS EIGHT,0.3302,0.0052,0.6646
CLUBS FOUR DIAMONDS FIVE,0.5884,0.0116,0.4
CLUBS FIVE DIAMONDS FIVE,0.3626,0.0154,0.622
CLUBS SIX DIAMONDS FIVE,0.5912,0.0102,0.3986
CLUBS SEVEN DIAMONDS FIVE,0.597,0.0096,0.3934
CLUBS TWO DIAMONDS FIVE,0.6304,0.0092,0.3604
CLUBS THREE DIAMONDS FIVE,0.7104,0.0288,0.2608
SPADES THREE DIAMONDS FIVE,0.7142,0.0298,0.256
SPADES TWO DIAMONDS FIVE,0.65,0.0076,0.3424
SPADES JACK DIAMONDS EIGHT,0.5776,0.0074,0.415
SPADES FIVE DIAMONDS FIVE,0.3794,0.015,0.6056
CLUBS TEN HEARTS JACK,0.561,0.0072,0.4318
SPADES TEN DIAMONDS EIGHT,0.578,0.0068,0.4152
SPADES FOUR DIAMONDS FIVE,0.6064,0.0078,0.3858
CLUBS JACK HEARTS JACK,0.3142,0.0072,0.6786
HEARTS JACK CLUBS QUEEN,0.5746,0.0072,0.4182
CLUBS NINE DIAMONDS FIVE,0.6112,0.0072,0.3816
CLUBS EIGHT DIAMONDS FIVE,0.5914,0.0084,0.4002
HEARTS JACK CLUBS KING,0.271,0.0938,0.6352
CLUBS ACE HEARTS JACK,0.3706,0.0058,0.6236
SPADES SEVEN DIAMONDS FIVE,0.6064,0.0054,0.3882
SPADES KING DIAMONDS EIGHT,0.262,0.2176,0.5204
SPADES QUEEN DIAMONDS EIGHT,0.5976,0.0078,0.3946
SPADES SIX DIAMONDS FIVE,0.6022,0.0064,0.3914
SPADES NINE DIAMONDS FIVE,0.618,0.0076,0.3744
SPADES EIGHT DIAMONDS FIVE,0.6036,0.0072,0.3892
SPADES ACE DIAMONDS EIGHT,0.4006,0.0038,0.5956
DIAMONDS TEN DIAMONDS SIX,0.5714,0.0082,0.4204
HEARTS ACE DIAMONDS SEVEN,0.3812,0.0082,0.6106
DIAMONDS JACK DIAMONDS SIX,0.5854,0.006,0.4086
HEARTS QUEEN DIAMONDS SEVEN,0.6188,0.0074,0.3738
DIAMONDS ACE DIAMONDS SIX,0.3706,0.0046,0.6248
HEARTS FOUR DIAMONDS SIX,0.5926,0.0102,0.3972
SPADES TWO HEARTS JACK,0.654,0.0118,0.3342
HEARTS FIVE DIAMONDS SIX,0.5816,0.0092,0.4092
SPADES TWO HEARTS TEN,0.6396,0.009,0.3514
DIAMONDS QUEEN DIAMONDS SIX,0.5832,0.0092,0.4076
HEARTS TWO DIAMONDS SIX,0.6366,0.008,0.3554
DIAMONDS KING DIAMONDS SIX,0.2512,0.3408,0.408
HEARTS EIGHT DIAMONDS SIX,0.5704,0.0086,0.421
HEARTS NINE DIAMONDS SIX,0.5954,0.01,0.3946
HEARTS SIX DIAMONDS SIX,0.3602,0.0166,0.6232
HEARTS SEVEN DIAMONDS SIX,0.5842,0.0076,0.4082
HEARTS TEN DIAMONDS SEVEN,0.5908,0.0072,0.402
CLUBS TWO DIAMONDS SIX,0.655,0.0104,0.3346
HEARTS JACK DIAMONDS SEVEN,0.608,0.0094,0.3826
CLUBS THREE DIAMONDS SIX,0.727,0.027,0.246
CLUBS SEVEN DIAMONDS SIX,0.5856,0.0084,0.406
CLUBS JACK DIAMONDS EIGHT,0.5948,0.0062,0.399
CLUBS SIX DIAMONDS SIX,0.37,0.0164,0.6136
CLUBS TEN DIAMONDS EIGHT,0.587,0.0052,0.4078
CLUBS FIVE DIAMONDS SIX,0.5972,0.0106,0.3922
CLUBS FOUR DIAMONDS SIX,0.5984,0.0096,0.392
HEARTS ACE HEARTS JACK,0.3342,0.007,0.6588
DIAMONDS EIGHT CLUBS ACE,0.3972,0.0048,0.598
HEARTS QUEEN HEARTS JACK,0.5618,0.0088,0.4294
DIAMONDS EIGHT CLUBS KING,0.2806,0.228,0.4914
CLUBS NINE DIAMONDS SIX,0.5986,0.007,0.3944
CLUBS EIGHT DIAMONDS SIX,0.6034,0.0064,0.3902
DIAMONDS EIGHT CLUBS QUEEN,0.6114,0.007,0.3816
SPADES FIVE DIAMONDS SIX,0.6008,0.0058,0.3934
HEARTS ACE SPADES TWO,0.394,0.0076,0.5984
SPADES FOUR DIAMONDS SIX,0.602,0.0094,0.3886
SPADES THREE DIAMONDS SIX,0.7332,0.0276,0.2392
HEARTS QUEEN SPADES TWO,0.6484,0.0066,0.345
SPADES ACE SPADES KING,0.2562,0.0122,0.7316
SPADES TWO DIAMONDS SIX,0.6418,0.0074,0.3508
HEARTS TEN HEARTS EIGHT,0.57,0.0088,0.4212
SPADES NINE DIAMONDS SIX,0.595,0.0054,0.3996
HEARTS JACK HEARTS EIGHT,0.5928,0.0088,0.3984
SPADES EIGHT DIAMONDS SIX,0.5896,0.007,0.4034
SPADES SEVEN DIAMONDS SIX,0.581,0.0102,0.4088
SPADES SIX DIAMONDS SIX,0.367,0.017,0.616
CLUBS ACE CLUBS KING,0.2554,0.0108,0.7338
SPADES ACE HEARTS JACK,0.3868,0.005,0.6082
SPADES QUEEN HEARTS JACK,0.5728,0.0072,0.42
SPADES KING HEARTS JACK,0.2624,0.087,0.6506
SPADES TEN DIAMONDS TEN,0.3358,0.0074,0.6568
SPADES JACK DIAMONDS TEN,0.5708,0.0076,0.4216
SPADES ACE DIAMONDS TEN,0.403,0.0036,0.5934
SPADES JACK HEARTS JACK,0.3196,0.0076,0.6728
SPADES TEN HEARTS JACK,0.5536,0.0074,0.439
SPADES QUEEN DIAMONDS TEN,0.5782,0.0066,0.4152
SPADES KING DIAMONDS TEN,0.2768,0.1122,0.611
SPADES NINE DIAMONDS SEVEN,0.592,0.0076,0.4004
SPADES EIGHT DIAMONDS SEVEN,0.5756,0.007,0.4174
SPADES SEVEN DIAMONDS SEVEN,0.3734,0.013,0.6136
SPADES SIX DIAMONDS SEVEN,0.5866,0.0088,0.4046
DIAMONDS KING DIAMONDS SEVEN,0.2634,0.2522,0.4844
DIAMONDS QUEEN DIAMONDS SEVEN,0.5714,0.0082,0.4204
HEARTS TWO DIAMONDS SEVEN,0.6526,0.0104,0.337
HEARTS QUEEN DIAMONDS FIVE,0.6094,0.0094,0.3812
HEARTS FIVE DIAMONDS SEVEN,0.586,0.0086,0.4054
DIAMONDS ACE DIAMONDS SEVEN,0.3736,0.0038,0.6226
HEARTS FOUR DIAMONDS SEVEN,0.608,0.009,0.383
HEARTS ACE DIAMONDS FIVE,0.37,0.0052,0.6248
HEARTS SEVEN DIAMONDS SEVEN,0.3592,0.0116,0.6292
HEARTS SIX DIAMONDS SEVEN,0.5806,0.0084,0.411
DIAMONDS SEVEN HEARTS NINE,0.585,0.011,0.404
HEARTS EIGHT DIAMONDS SEVEN,0.5766,0.0076,0.4158
DIAMONDS JACK DIAMONDS SEVEN,0.5644,0.007,0.4286
DIAMONDS FIVE HEARTS JACK,0.6102,0.0086,0.3812
DIAMONDS TEN DIAMONDS SEVEN,0.5622,0.009,0.4288
HEARTS TEN DIAMONDS FIVE,0.605,0.0086,0.3864
CLUBS EIGHT DIAMONDS SEVEN,0.5682,0.0086,0.4232
SPADES KING CLUBS TWO,0.3108,0.4866,0.2026
SPADES QUEEN CLUBS TWO,0.6516,0.0062,0.3422
CLUBS NINE DIAMONDS SEVEN,0.5778,0.0084,0.4138
CLUBS JACK SPADES TWO,0.6508,0.009,0.3402
CLUBS SIX CLUBS SEVEN,0.5656,0.0074,0.427
SPADES ACE CLUBS TWO,0.4044,0.0064,0.5892
CLUBS TEN SPADES TWO,0.6532,0.011,0.3358
SPADES TWO CLUBS KING,0.311,0.4856,0.2034
SPADES TWO DIAMONDS SEVEN,0.6526,0.0086,0.3388
CLUBS EIGHT CLUBS SIX,0.5632,0.011,0.4258
SPADES THREE DIAMONDS SEVEN,0.734,0.0226,0.2434
SPADES TWO CLUBS QUEEN,0.6722,0.0086,0.3192
CLUBS NINE CLUBS SIX,0.5596,0.0064,0.434
SPADES FOUR DIAMONDS SEVEN,0.5962,0.0086,0.3952
SPADES FIVE DIAMONDS SEVEN,0.599,0.008,0.393
SPADES TWO CLUBS ACE,0.4126,0.005,0.5824
CLUBS SIX SPADES TWO,0.6456,0.0074,0.347
CLUBS SIX SPADES THREE,0.7196,0.0254,0.255
CLUBS TWO DIAMONDS SEVEN,0.6616,0.0094,0.329
CLUBS SIX SPADES FOUR,0.6004,0.0088,0.3908
CLUBS THREE DIAMONDS SEVEN,0.728,0.0282,0.2438
CLUBS SIX SPADES FIVE,0.5894,0.0076,0.403
CLUBS FOUR DIAMONDS SEVEN,0.6136,0.0072,0.3792
CLUBS SIX SPADES SIX,0.3728,0.0156,0.6116
CLUBS FIVE DIAMONDS SEVEN,0.589,0.0082,0.4028
CLUBS SIX SPADES SEVEN,0.583,0.0094,0.4076
CLUBS SIX DIAMONDS SEVEN,0.5846,0.0088,0.4066
CLUBS SIX SPADES EIGHT,0.5826,0.0098,0.4076
SPADES JACK CLUBS TWO,0.6528,0.0072,0.34
CLUBS SEVEN DIAMONDS SEVEN,0.362,0.0114,0.6266
CLUBS SIX SPADES NINE,0.6006,0.0066,0.3928
SPADES TEN CLUBS TWO,0.6584,0.008,0.3336
CLUBS TWO CLUBS QUEEN,0.622,0.0098,0.3682
CLUBS TWO CLUBS KING,0.2816,0.4674,0.251
CLUBS THREE DIAMONDS EIGHT,0.7466,0.0274,0.226
CLUBS TWO CLUBS ACE,0.4044,0.0054,0.5902
CLUBS TWO DIAMONDS EIGHT,0.652,0.0094,0.3386
HEARTS SEVEN DIAMONDS EIGHT,0.575,0.0092,0.4158
HEARTS SIX DIAMONDS EIGHT,0.594,0.008,0.398
DIAMONDS EIGHT HEARTS NINE,0.5702,0.0044,0.4254
CLUBS TEN CLUBS TWO,0.6052,0.0098,0.385
DIAMONDS EIGHT HEARTS EIGHT,0.3496,0.0134,0.637
CLUBS JACK CLUBS TWO,0.6118,0.0072,0.381
CLUBS NINE DIAMONDS EIGHT,0.5704,0.009,0.4206
CLUBS EIGHT DIAMONDS EIGHT,0.3542,0.0108,0.635
CLUBS FIVE DIAMONDS EIGHT,0.601,0.0078,0.3912
SPADES ACE SPADES THREE,0.252,0.0224,0.7256
CLUBS FOUR DIAMONDS EIGHT,0.6202,0.0068,0.373
CLUBS SEVEN DIAMONDS EIGHT,0.5754,0.007,0.4176
SPADES QUEEN SPADES THREE,0.6998,0.0266,0.2736
CLUBS SIX DIAMONDS EIGHT,0.5946,0.008,0.3974
SPADES KING SPADES THREE,0.0728,0.8588,0.0684
DIAMONDS QUEEN DIAMONDS EIGHT,0.57,0.0094,0.4206
HEARTS TWO DIAMONDS EIGHT,0.6506,0.0106,0.3388
DIAMONDS KING DIAMONDS EIGHT,0.264,0.197,0.539
DIAMONDS ACE DIAMONDS EIGHT,0.3794,0.0044,0.6162
HEARTS FOUR DIAMONDS EIGHT,0.6142,0.0094,0.3764
HEARTS FIVE DIAMONDS EIGHT,0.5724,0.0098,0.4178
DIAMONDS EIGHT DIAMONDS TEN,0.55,0.008,0.442
DIAMONDS EIGHT DIAMONDS JACK,0.5616,0.0088,0.4296
SPADES JACK SPADES THREE,0.6992,0.03,0.2708
SPADES TEN SPADES THREE,0.6978,0.0326,0.2696
CLUBS FOUR HEARTS ACE,0.364,0.0038,0.6322
CLUBS FOUR HEARTS QUEEN,0.6244,0.0084,0.3672
CLUBS SIX HEARTS TEN,0.618,0.0076,0.3744
CLUBS SIX HEARTS JACK,0.614,0.0064,0.3796
DIAMONDS EIGHT SPADES FOUR,0.6052,0.0106,0.3842
SPADES FIVE DIAMONDS EIGHT,0.5918,0.0068,0.4014
DIAMONDS EIGHT SPADES TWO,0.6576,0.0116,0.3308
DIAMONDS EIGHT SPADES THREE,0.7518,0.0264,0.2218
CLUBS FOUR HEARTS JACK,0.6244,0.0078,0.3678
SPADES EIGHT DIAMONDS EIGHT,0.3498,0.0116,0.6386
SPADES TEN DIAMONDS QUEEN,0.5768,0.0078,0.4154
SPADES TEN HEARTS TWO,0.6486,0.0082,0.3432
SPADES JACK HEARTS EIGHT,0.5902,0.0102,0.3996
CLUBS FOUR HEARTS TEN,0.6172,0.008,0.3748
SPADES NINE DIAMONDS EIGHT,0.5792,0.0088,0.412
SPADES TEN HEARTS EIGHT,0.5862,0.0084,0.4054
SPADES JACK HEARTS TWO,0.6464,0.0086,0.345
SPADES JACK DIAMONDS QUEEN,0.578,0.0072,0.4148
SPADES SIX DIAMONDS EIGHT,0.587,0.008,0.405
SPADES SEVEN DIAMONDS EIGHT,0.5632,0.0114,0.4254
SPADES ACE HEARTS TWO,0.4152,0.0066,0.5782
SPADES ACE DIAMONDS QUEEN,0.396,0.0044,0.5996
SPADES ACE HEARTS EIGHT,0.384,0.0042,0.6118
SPADES KING HEARTS EIGHT,0.2616,0.2214,0.517
SPADES QUEEN HEARTS TWO,0.651,0.0096,0.3394
SPADES QUEEN DIAMONDS QUEEN,0.3102,0.0042,0.6856
SPADES KING DIAMONDS QUEEN,0.2818,0.0644,0.6538
SPADES KING HEARTS TWO,0.296,0.4976,0.2064
SPADES QUEEN HEARTS EIGHT,0.6006,0.0078,0.3916
CLUBS TWO HEARTS TEN,0.6482,0.0112,0.3406
CLUBS TWO HEARTS JACK,0.6486,0.0098,0.3416
SPADES SEVEN DIAMONDS NINE,0.5724,0.0088,0.4188
SPADES SIX DIAMONDS NINE,0.6024,0.0064,0.3912
SPADES NINE DIAMONDS NINE,0.3506,0.0092,0.6402
SPADES EIGHT DIAMONDS NINE,0.5852,0.0084,0.4064
SPADES TEN CLUBS KING,0.2798,0.1046,0.6156
DIAMONDS NINE SPADES THREE,0.7324,0.0344,0.2332
SPADES JACK CLUBS KING,0.2824,0.0846,0.633
DIAMONDS NINE SPADES TWO,0.6536,0.0088,0.3376
DIAMONDS NINE SPADES FIVE,0.6132,0.008,0.3788
DIAMONDS NINE SPADES FOUR,0.6256,0.0066,0.3678
CLUBS NINE DIAMONDS NINE,0.3406,0.0082,0.6512
CLUBS EIGHT DIAMONDS NINE,0.5696,0.0092,0.4212
CLUBS SIX DIAMONDS NINE,0.5972,0.007,0.3958
SPADES JACK CLUBS FOUR,0.6334,0.0082,0.3584
CLUBS SEVEN DIAMONDS NINE,0.597,0.0094,0.3936
SPADES TEN CLUBS FOUR,0.6102,0.0066,0.3832
CLUBS FOUR DIAMONDS NINE,0.6252,0.0086,0.3662
CLUBS FIVE DIAMONDS NINE,0.6016,0.0074,0.391
CLUBS TWO DIAMONDS NINE,0.6492,0.0072,0.3436
DIAMONDS NINE CLUBS THREE,0.7516,0.0332,0.2152
DIAMONDS NINE HEARTS EIGHT,0.563,0.0078,0.4292
DIAMONDS NINE HEARTS NINE,0.3502,0.011,0.6388
HEARTS SIX DIAMONDS NINE,0.595,0.0082,0.3968
HEARTS SEVEN DIAMONDS NINE,0.5656,0.009,0.4254
CLUBS EIGHT CLUBS NINE,0.5324,0.0046,0.463
DIAMONDS ACE DIAMONDS NINE,0.3758,0.0028,0.6214
HEARTS FOUR DIAMONDS NINE,0.6122,0.009,0.3788
HEARTS FIVE DIAMONDS NINE,0.6056,0.0092,0.3852
CLUBS TWO HEARTS ACE,0.4082,0.006,0.5858
SPADES ACE CLUBS FOUR,0.3972,0.0048,0.598
DIAMONDS QUEEN DIAMONDS NINE,0.5436,0.007,0.4494
HEARTS TWO DIAMONDS NINE,0.6362,0.0084,0.3554
SPADES KING CLUBS FOUR,0.2588,0.4856,0.2556
DIAMONDS KING DIAMONDS NINE,0.2492,0.1494,0.6014
CLUBS TWO HEARTS QUEEN,0.6438,0.007,0.3492
SPADES QUEEN CLUBS FOUR,0.639,0.005,0.356
DIAMONDS NINE DIAMONDS JACK,0.5502,0.007,0.4428
CLUBS EIGHT SPADES NINE,0.5848,0.0066,0.4086
DIAMONDS NINE DIAMONDS TEN,0.5548,0.0084,0.4368
CLUBS EIGHT SPADES EIGHT,0.3608,0.0104,0.6288
CLUBS EIGHT SPADES SEVEN,0.569,0.008,0.423
CLUBS EIGHT SPADES SIX,0.5726,0.0084,0.419
CLUBS EIGHT SPADES FIVE,0.6082,0.0084,0.3834
CLUBS EIGHT SPADES FOUR,0.62,0.008,0.372
CLUBS EIGHT SPADES THREE,0.7482,0.0262,0.2256
CLUBS EIGHT SPADES TWO,0.6554,0.0092,0.3354
HEARTS SIX DIAMONDS TEN,0.6094,0.006,0.3846
HEARTS SEVEN DIAMONDS TEN,0.5892,0.007,0.4038
DIAMONDS TEN HEARTS EIGHT,0.588,0.008,0.404
CLUBS JACK CLUBS FOUR,0.5884,0.006,0.4056
DIAMONDS TEN HEARTS NINE,0.566,0.0064,0.4276
CLUBS TEN CLUBS FOUR,0.576,0.0092,0.4148
CLUBS FOUR CLUBS KING,0.2514,0.4568,0.2918
CLUBS FOUR CLUBS QUEEN,0.5896,0.009,0.4014
CLUBS TWO DIAMONDS TEN,0.6566,0.0082,0.3352
CLUBS THREE DIAMONDS TEN,0.7376,0.0294,0.233
CLUBS FOUR CLUBS ACE,0.3752,0.0054,0.6194
DIAMONDS JACK DIAMONDS TEN,0.5254,0.0056,0.469
DIAMONDS QUEEN DIAMONDS TEN,0.5458,0.0058,0.4484
HEARTS TWO DIAMONDS TEN,0.6566,0.0088,0.3346
DIAMONDS KING DIAMONDS TEN,0.2702,0.1142,0.6156
DIAMONDS ACE DIAMONDS TEN,0.3644,0.0042,0.6314
HEARTS FOUR DIAMONDS TEN,0.6234,0.0088,0.3678
CLUBS EIGHT HEARTS JACK,0.5776,0.008,0.4144
HEARTS FIVE DIAMONDS TEN,0.6174,0.0062,0.3764
CLUBS EIGHT HEARTS TEN,0.57,0.0076,0.4224
CLUBS EIGHT HEARTS QUEEN,0.608,0.0076,0.3844
CLUBS EIGHT HEARTS ACE,0.385,0.0046,0.6104
CLUBS NINE SPADES THREE,0.7422,0.03,0.2278
CLUBS NINE SPADES TWO,0.6518,0.0086,0.3396
CLUBS NINE SPADES FIVE,0.6086,0.0084,0.383
CLUBS NINE SPADES FOUR,0.6362,0.006,0.3578
CLUBS NINE SPADES SEVEN,0.5932,0.0064,0.4004
CLUBS NINE SPADES SIX,0.5962,0.0082,0.3956
CLUBS NINE SPADES NINE,0.3538,0.0094,0.6368
CLUBS TEN HEARTS EIGHT,0.573,0.008,0.419
CLUBS NINE SPADES EIGHT,0.5688,0.0076,0.4236
CLUBS JACK HEARTS EIGHT,0.5842,0.0078,0.408
HEARTS EIGHT CLUBS QUEEN,0.5934,0.0064,0.4002
CLUBS KING HEARTS EIGHT,0.2608,0.2212,0.518
CLUBS ACE HEARTS EIGHT,0.3914,0.0062,0.6024
SPADES KING CLUBS KING,0.1202,0.0136,0.8662
SPADES QUEEN CLUBS KING,0.2886,0.0696,0.6418
SPADES ACE CLUBS KING,0.2772,0.0138,0.709
DIAMONDS ACE HEARTS TEN,0.3888,0.005,0.6062
HEARTS FOUR HEARTS TEN,0.6116,0.0068,0.3816
DIAMONDS ACE HEARTS JACK,0.3758,0.0056,0.6186
HEARTS FOUR HEARTS JACK,0.6234,0.008,0.3686
SPADES KING CLUBS FIVE,0.2748,0.4132,0.312
SPADES QUEEN CLUBS FIVE,0.6216,0.0092,0.3692
SPADES ACE CLUBS FIVE,0.3916,0.0028,0.6056
HEARTS SEVEN DIAMONDS JACK,0.6078,0.008,0.3842
HEARTS SIX DIAMONDS JACK,0.619,0.0074,0.3736
DIAMONDS JACK HEARTS NINE,0.5746,0.0104,0.415
DIAMONDS JACK HEARTS EIGHT,0.5856,0.009,0.4054
DIAMONDS KING DIAMONDS JACK,0.2616,0.085,0.6534
SPADES ACE SPADES SIX,0.384,0.005,0.611
SPADES FOUR HEARTS ACE,0.3636,0.005,0.6314
DIAMONDS QUEEN DIAMONDS JACK,0.5354,0.0066,0.458
HEARTS TWO DIAMONDS JACK,0.6478,0.0082,0.344
HEARTS FIVE DIAMONDS JACK,0.6212,0.0094,0.3694
SPADES QUEEN SPADES SIX,0.5872,0.0072,0.4056
SPADES FOUR HEARTS QUEEN,0.6226,0.009,0.3684
DIAMONDS ACE DIAMONDS JACK,0.3704,0.0058,0.6238
HEARTS FOUR DIAMONDS JACK,0.615,0.0076,0.3774
SPADES KING SPADES SIX,0.265,0.334,0.401
SPADES TEN SPADES SIX,0.5648,0.0086,0.4266
SPADES JACK SPADES SIX,0.5944,0.0078,0.3978
SPADES FOUR DIAMONDS JACK,0.6234,0.0076,0.369
SPADES FIVE DIAMONDS JACK,0.6152,0.0098,0.375
DIAMONDS JACK SPADES TWO,0.6536,0.0092,0.3372
DIAMONDS JACK SPADES THREE,0.7384,0.0322,0.2294
SPADES ACE DIAMONDS THREE,0.2816,0.0192,0.6992
CLUBS EIGHT DIAMONDS JACK,0.5996,0.0072,0.3932
SPADES QUEEN DIAMONDS THREE,0.7486,0.0284,0.223
SPADES KING DIAMONDS THREE,0.0718,0.9074,0.0208
CLUBS NINE DIAMONDS JACK,0.5794,0.01,0.4106
CLUBS SIX DIAMONDS JACK,0.6182,0.0076,0.3742
CLUBS SEVEN DIAMONDS JACK,0.6226,0.0068,0.3706
CLUBS FOUR DIAMONDS JACK,0.6212,0.006,0.3728
CLUBS FIVE DIAMONDS JACK,0.61,0.009,0.381
CLUBS TWO DIAMONDS JACK,0.6422,0.0116,0.3462
CLUBS THREE DIAMONDS JACK,0.7454,0.0296,0.225
SPADES TEN CLUBS FIVE,0.6152,0.0054,0.3794
SPADES JACK HEARTS SIX,0.6198,0.0084,0.3718
HEARTS SIX SPADES TEN,0.609,0.0076,0.3834
SPADES JACK CLUBS FIVE,0.613,0.008,0.379
SPADES JACK DIAMONDS THREE,0.7382,0.0304,0.2314
CLUBS SEVEN CLUBS ACE,0.3586,0.0026,0.6388
DIAMONDS THREE SPADES TEN,0.7356,0.0288,0.2356
CLUBS SEVEN CLUBS QUEEN,0.5772,0.0064,0.4164
CLUBS SEVEN CLUBS KING,0.2586,0.2602,0.4812
SPADES NINE DIAMONDS JACK,0.5858,0.0074,0.4068
CLUBS TEN CLUBS SEVEN,0.5454,0.0084,0.4462
DIAMONDS ACE HEARTS ACE,0.1426,0.0054,0.852
HEARTS FOUR HEARTS ACE,0.3328,0.005,0.6622
SPADES EIGHT DIAMONDS JACK,0.5958,0.006,0.3982
SPADES ACE HEARTS SIX,0.3954,0.007,0.5976
CLUBS JACK CLUBS SEVEN,0.5704,0.0068,0.4228
SPADES SEVEN DIAMONDS JACK,0.6058,0.0066,0.3876
SPADES KING HEARTS SIX,0.2596,0.3622,0.3782
DIAMONDS ACE HEARTS QUEEN,0.3696,0.0078,0.6226
HEARTS FOUR HEARTS QUEEN,0.6262,0.0082,0.3656
SPADES QUEEN HEARTS SIX,0.5996,0.0082,0.3922
SPADES SIX DIAMONDS JACK,0.6154,0.0078,0.3768
DIAMONDS TEN SPADES TWO,0.6596,0.0102,0.3302
SPADES THREE DIAMONDS TEN,0.749,0.0308,0.2202
SPADES FOUR DIAMONDS TEN,0.6232,0.0098,0.367
SPADES FIVE DIAMONDS TEN,0.6226,0.0084,0.369
SPADES SIX DIAMONDS TEN,0.619,0.0076,0.3734
SPADES SEVEN DIAMONDS TEN,0.596,0.006,0.398
SPADES EIGHT DIAMONDS TEN,0.5808,0.0054,0.4138
SPADES NINE DIAMONDS TEN,0.5766,0.0068,0.4166
CLUBS FOUR DIAMONDS TEN,0.6248,0.0066,0.3686
CLUBS FIVE DIAMONDS TEN,0.6164,0.009,0.3746
CLUBS SIX DIAMONDS TEN,0.6092,0.005,0.3858
CLUBS SEVEN DIAMONDS TEN,0.5954,0.0074,0.3972
CLUBS EIGHT DIAMONDS TEN,0.5896,0.007,0.4034
CLUBS NINE DIAMONDS TEN,0.5648,0.006,0.4292
CLUBS JACK DIAMONDS THREE,0.7366,0.0322,0.2312
CLUBS TEN DIAMONDS THREE,0.7504,0.03,0.2196
DIAMONDS THREE CLUBS KING,0.0682,0.9142,0.0176
DIAMONDS THREE CLUBS QUEEN,0.7486,0.0294,0.222
DIAMONDS THREE CLUBS ACE,0.2706,0.0176,0.7118
SPADES FOUR HEARTS JACK,0.6236,0.0064,0.37
SPADES FOUR HEARTS TEN,0.6232,0.009,0.3678
SPADES FIVE SPADES TWO,0.6016,0.0102,0.3882
SPADES FOUR SPADES TWO,0.5984,0.0108,0.3908
SPADES THREE SPADES TWO,0.6928,0.0278,0.2794
SPADES NINE SPADES TWO,0.6048,0.0064,0.3888
SPADES EIGHT SPADES TWO,0.6126,0.0072,0.3802
SPADES SEVEN SPADES TWO,0.608,0.0074,0.3846
SPADES SIX SPADES TWO,0.6114,0.011,0.3776
DIAMONDS QUEEN CLUBS THREE,0.7524,0.0318,0.2158
HEARTS TWO CLUBS THREE,0.7326,0.0314,0.236
DIAMONDS QUEEN CLUBS TWO,0.6632,0.0076,0.3292
HEARTS TWO CLUBS TWO,0.466,0.02,0.514
HEARTS SEVEN DIAMONDS QUEEN,0.6062,0.006,0.3878
HEARTS SEVEN HEARTS TWO,0.6512,0.009,0.3398
HEARTS SIX DIAMONDS QUEEN,0.6108,0.0086,0.3806
HEARTS SIX HEARTS TWO,0.6508,0.0098,0.3394
DIAMONDS QUEEN HEARTS NINE,0.5842,0.0078,0.408
HEARTS TWO HEARTS NINE,0.6542,0.0088,0.337
DIAMONDS QUEEN HEARTS EIGHT,0.5944,0.0078,0.3978
HEARTS TWO HEARTS EIGHT,0.6582,0.0078,0.334
CLUBS NINE HEARTS TWO,0.6452,0.009,0.3458
CLUBS NINE DIAMONDS QUEEN,0.5944,0.0068,0.3988
CLUBS EIGHT DIAMONDS QUEEN,0.603,0.0076,0.3894
CLUBS EIGHT HEARTS TWO,0.6502,0.0084,0.3414
DIAMONDS QUEEN CLUBS FIVE,0.6252,0.0088,0.366
HEARTS TWO CLUBS FIVE,0.6404,0.0092,0.3504
SPADES EIGHT HEARTS ACE,0.3864,0.0038,0.6098
DIAMONDS QUEEN CLUBS FOUR,0.6216,0.009,0.3694
CLUBS FOUR HEARTS TWO,0.6458,0.0076,0.3466
CLUBS SEVEN DIAMONDS QUEEN,0.6276,0.007,0.3654
CLUBS SEVEN HEARTS TWO,0.6598,0.0082,0.332
SPADES EIGHT HEARTS QUEEN,0.5946,0.0082,0.3972
CLUBS SIX DIAMONDS QUEEN,0.6212,0.0068,0.372
CLUBS SIX HEARTS TWO,0.6522,0.0082,0.3396
HEARTS TWO SPADES SIX,0.6586,0.0086,0.3328
DIAMONDS QUEEN SPADES SIX,0.6136,0.008,0.3784
HEARTS FOUR CLUBS QUEEN,0.6224,0.0092,0.3684
DIAMONDS ACE CLUBS QUEEN,0.3978,0.0044,0.5978
DIAMONDS QUEEN SPADES SEVEN,0.62,0.0074,0.3726
HEARTS TWO SPADES SEVEN,0.6442,0.0094,0.3464
HEARTS FOUR CLUBS KING,0.246,0.4948,0.2592
DIAMONDS ACE CLUBS KING,0.2752,0.0092,0.7156
DIAMONDS QUEEN SPADES EIGHT,0.5998,0.0072,0.393
SPADES EIGHT HEARTS TWO,0.6432,0.0114,0.3454
HEARTS FOUR CLUBS ACE,0.3908,0.0046,0.6046
DIAMONDS ACE CLUBS ACE,0.1626,0.0038,0.8336
SPADES NINE DIAMONDS QUEEN,0.5992,0.0054,0.3954
SPADES NINE HEARTS TWO,0.6406,0.008,0.3514
HEARTS TWO SPADES TWO,0.4654,0.0224,0.5122
DIAMONDS QUEEN SPADES TWO,0.6614,0.0064,0.3322
HEARTS TWO SPADES THREE,0.7204,0.0324,0.2472
DIAMONDS QUEEN SPADES THREE,0.7436,0.0276,0.2288
HEARTS TWO SPADES FOUR,0.6354,0.0108,0.3538
DIAMONDS QUEEN SPADES FOUR,0.633,0.0058,0.3612
CLUBS TEN HEARTS FOUR,0.613,0.0102,0.3768
CLUBS TEN DIAMONDS ACE,0.3924,0.0042,0.6034
HEARTS TWO SPADES FIVE,0.6406,0.0104,0.349
DIAMONDS QUEEN SPADES FIVE,0.621,0.007,0.372
CLUBS JACK HEARTS FOUR,0.6228,0.007,0.3702
CLUBS JACK DIAMONDS ACE,0.3846,0.0052,0.6102
CLUBS FIVE CLUBS KING,0.253,0.4076,0.3394
CLUBS FIVE CLUBS QUEEN,0.5758,0.0064,0.4178
CLUBS FIVE CLUBS ACE,0.3662,0.0074,0.6264
CLUBS JACK CLUBS FIVE,0.5808,0.007,0.4122
CLUBS TEN CLUBS FIVE,0.5884,0.006,0.4056
SPADES KING CLUBS JACK,0.2814,0.0852,0.6334
CLUBS JACK SPADES QUEEN,0.5756,0.007,0.4174
SPADES ACE CLUBS JACK,0.388,0.0056,0.6064
SPADES SIX CLUBS KING,0.2704,0.356,0.3736
SPADES SIX CLUBS QUEEN,0.621,0.0088,0.3702
SPADES EIGHT HEARTS JACK,0.5848,0.0076,0.4076
SPADES SIX CLUBS ACE,0.3922,0.0038,0.604
SPADES EIGHT HEARTS TEN,0.5596,0.0114,0.429
CLUBS JACK SPADES SIX,0.6184,0.006,0.3756
CLUBS TEN SPADES SIX,0.6066,0.007,0.3864
CLUBS JACK SPADES TEN,0.5596,0.0072,0.4332
CLUBS JACK SPADES JACK,0.3368,0.005,0.6582
SPADES QUEEN CLUBS SEVEN,0.6154,0.007,0.3776
SPADES KING CLUBS SEVEN,0.2602,0.281,0.4588
SPADES ACE CLUBS SEVEN,0.3924,0.0048,0.6028
SPADES SIX HEARTS TEN,0.6108,0.0088,0.3804
SPADES SIX HEARTS JACK,0.6084,0.0066,0.385
SPADES SIX HEARTS ACE,0.3852,0.0054,0.6094
SPADES SIX HEARTS QUEEN,0.6168,0.0064,0.3768
SPADES JACK CLUBS SEVEN,0.6046,0.0082,0.3872
SPADES TEN CLUBS SEVEN,0.5912,0.009,0.3998
CLUBS TEN HEARTS SIX,0.6106,0.0072,0.3822
CLUBS JACK HEARTS SIX,0.6066,0.0078,0.3856
CLUBS JACK CLUBS ACE,0.3682,0.0046,0.6272
HEARTS SIX CLUBS QUEEN,0.616,0.0076,0.3764
HEARTS SIX CLUBS KING,0.2622,0.352,0.3858
HEARTS SIX CLUBS ACE,0.4004,0.0042,0.5954
CLUBS JACK CLUBS QUEEN,0.5516,0.006,0.4424
CLUBS JACK CLUBS KING,0.2696,0.077,0.6534
DIAMONDS THREE HEARTS ACE,0.2668,0.0192,0.714
DIAMONDS THREE HEARTS QUEEN,0.7422,0.0328,0.225
CLUBS FIVE HEARTS JACK,0.614,0.009,0.377
SPADES TEN DIAMONDS ACE,0.4018,0.0042,0.594
HEARTS FOUR SPADES TEN,0.6094,0.0084,0.3822
CLUBS FIVE HEARTS TEN,0.6078,0.01,0.3822
HEARTS FOUR SPADES JACK,0.6238,0.009,0.3672
SPADES JACK DIAMONDS ACE,0.3864,0.0056,0.608
SPADES ACE HEARTS FOUR,0.385,0.0042,0.6108
SPADES ACE DIAMONDS ACE,0.1584,0.0032,0.8384
CLUBS FIVE HEARTS ACE,0.3832,0.0062,0.6106
HEARTS FOUR SPADES QUEEN,0.6216,0.0074,0.371
SPADES QUEEN DIAMONDS ACE,0.3974,0.0046,0.598
CLUBS JACK SPADES FOUR,0.6366,0.008,0.3554
CLUBS FIVE HEARTS QUEEN,0.6184,0.007,0.3746
SPADES KING DIAMONDS ACE,0.2706,0.0104,0.719
SPADES KING HEARTS FOUR,0.2474,0.4956,0.257
CLUBS TEN SPADES FOUR,0.6362,0.0082,0.3556
DIAMONDS QUEEN DIAMONDS ACE,0.3612,0.0054,0.6334
HEARTS TWO DIAMONDS ACE,0.4216,0.0044,0.574
HEARTS FOUR DIAMONDS QUEEN,0.6282,0.0062,0.3656
HEARTS FOUR HEARTS TWO,0.6346,0.0134,0.352
DIAMONDS THREE HEARTS TEN,0.7284,0.0312,0.2404
SPADES FOUR CLUBS KING,0.2558,0.488,0.2562
HEARTS FIVE DIAMONDS QUEEN,0.6194,0.0104,0.3702
HEARTS FIVE HEARTS TWO,0.6364,0.012,0.3516
DIAMONDS THREE HEARTS JACK,0.7472,0.0328,0.22
SPADES FOUR CLUBS QUEEN,0.6248,0.0084,0.3668
DIAMONDS QUEEN HEARTS TWO,0.6634,0.0122,0.3244
DIAMONDS KING DIAMONDS QUEEN,0.2638,0.0596,0.6766
DIAMONDS KING HEARTS TWO,0.2914,0.4906,0.218
SPADES FOUR CLUBS ACE,0.3858,0.005,0.6092
HEARTS TWO CLUBS ACE,0.4084,0.0072,0.5844
DIAMONDS QUEEN CLUBS ACE,0.3944,0.0048,0.6008
HEARTS TWO CLUBS QUEEN,0.65,0.0092,0.3408
DIAMONDS QUEEN CLUBS QUEEN,0.3242,0.003,0.6728
HEARTS TWO CLUBS KING,0.292,0.4958,0.2122
DIAMONDS QUEEN CLUBS KING,0.284,0.0614,0.6546
SPADES EIGHT SPADES FIVE,0.5704,0.007,0.4226
CLUBS TEN HEARTS TWO,0.6442,0.0096,0.3462
CLUBS TEN DIAMONDS QUEEN,0.585,0.0052,0.4098
SPADES NINE SPADES FIVE,0.5704,0.0086,0.421
CLUBS JACK HEARTS TWO,0.6426,0.0096,0.3478
CLUBS JACK DIAMONDS QUEEN,0.585,0.0068,0.4082
SPADES SIX SPADES FIVE,0.5478,0.0086,0.4436
SPADES SEVEN SPADES FIVE,0.5592,0.0082,0.4326
DIAMONDS FIVE CLUBS QUEEN,0.623,0.0098,0.3672
SPADES EIGHT CLUBS ACE,0.4166,0.004,0.5794
DIAMONDS FIVE CLUBS KING,0.2648,0.4362,0.299
SPADES EIGHT CLUBS KING,0.2772,0.2178,0.505
DIAMONDS FIVE CLUBS ACE,0.3862,0.0056,0.6082
SPADES EIGHT CLUBS QUEEN,0.6026,0.0098,0.3876
CLUBS JACK SPADES EIGHT,0.5946,0.0064,0.399
CLUBS TEN SPADES EIGHT,0.572,0.0064,0.4216
CLUBS TEN DIAMONDS FIVE,0.618,0.0068,0.3752
CLUBS JACK DIAMONDS FIVE,0.6206,0.0082,0.3712
DIAMONDS TEN HEARTS JACK,0.569,0.0074,0.4236
DIAMONDS TEN HEARTS TEN,0.3236,0.0084,0.668
SPADES ACE CLUBS NINE,0.4016,0.0052,0.5932
SPADES QUEEN CLUBS NINE,0.5928,0.0054,0.4018
SPADES KING CLUBS NINE,0.2796,0.1636,0.5568
DIAMONDS KING SPADES SEVEN,0.2772,0.2864,0.4364
SPADES KING DIAMONDS SEVEN,0.2742,0.292,0.4338
HEARTS SIX HEARTS QUEEN,0.6112,0.0074,0.3814
SPADES QUEEN DIAMONDS SEVEN,0.6302,0.0072,0.3626
DIAMONDS KING SPADES SIX,0.2686,0.3558,0.3756
DIAMONDS KING SPADES NINE,0.2804,0.1572,0.5624
