opposingHand,winningChance,drawChance,lostChance
HEARTS ACE DIAMONDS SIX
HEARTS FIVE SPADES TEN,0.6446,0.0036,0.3518
HEARTS FIVE SPADES JACK,0.6348,0.0052,0.36
CLUBS JACK SPADES FIVE,0.6252,0.0036,0.3712
CLUBS TEN SPADES FIVE,0.6426,0.0032,0.3542
CLUBS JACK CLUBS EIGHT,0.5402,0.0038,0.456
CLUBS TEN CLUBS EIGHT,0.537,0.003,0.46
CLUBS EIGHT CLUBS KING,0.5534,0.005,0.4416
SPADES FIVE CLUBS ACE,0.3754,0.3716,0.253
CLUBS EIGHT CLUBS QUEEN,0.5632,0.0032,0.4336
SPADES FIVE CLUBS KING,0.6274,0.0046,0.368
SPADES FIVE CLUBS QUEEN,0.6458,0.0032,0.351
CLUBS EIGHT CLUBS ACE,0.2178,0.2036,0.5786
DIAMONDS TWO DIAMONDS THREE,0.6288,0.0058,0.3654
DIAMONDS TWO DIAMONDS FIVE,0.616,0.0044,0.3796
HEARTS FIVE SPADES KING,0.6304,0.0036,0.366
DIAMONDS TWO DIAMONDS FOUR,0.6202,0.005,0.3748
HEARTS FIVE SPADES QUEEN,0.6366,0.0038,0.3596
DIAMONDS TWO DIAMONDS SEVEN,0.6172,0.0044,0.3784
SPADES ACE HEARTS FIVE,0.3872,0.386,0.2268
DIAMONDS TWO DIAMONDS NINE,0.6062,0.0046,0.3892
DIAMONDS TWO DIAMONDS EIGHT,0.5928,0.006,0.4012
DIAMONDS THREE DIAMONDS FOUR,0.6082,0.0038,0.388
CLUBS TWO SPADES FOUR,0.6566,0.004,0.3394
DIAMONDS THREE DIAMONDS FIVE,0.612,0.0048,0.3832
CLUBS TWO SPADES FIVE,0.6432,0.0046,0.3522
CLUBS TWO SPADES TWO,0.4532,0.0056,0.5412
CLUBS TWO SPADES THREE,0.6474,0.0052,0.3474
DIAMONDS THREE DIAMONDS EIGHT,0.6264,0.0056,0.368
SPADES EIGHT CLUBS TWO,0.6508,0.0038,0.3454
DIAMONDS THREE DIAMONDS NINE,0.6124,0.0048,0.3828
SPADES NINE CLUBS TWO,0.6388,0.0034,0.3578
SPADES SIX CLUBS TWO,0.7434,0.03,0.2266
DIAMONDS THREE DIAMONDS SEVEN,0.5994,0.0048,0.3958
SPADES SEVEN CLUBS TWO,0.6352,0.0042,0.3606
CLUBS SIX CLUBS TWO,0.6852,0.026,0.2888
CLUBS SEVEN CLUBS TWO,0.596,0.0046,0.3994
CLUBS FOUR CLUBS TWO,0.6112,0.0032,0.3856
CLUBS FIVE CLUBS TWO,0.6014,0.0044,0.3942
CLUBS TEN CLUBS JACK,0.5088,0.0048,0.4864
CLUBS TEN CLUBS QUEEN,0.5304,0.0042,0.4654
DIAMONDS FOUR DIAMONDS SEVEN,0.592,0.0062,0.4018
CLUBS TEN CLUBS KING,0.5166,0.0056,0.4778
CLUBS TEN CLUBS ACE,0.2242,0.1138,0.662
CLUBS EIGHT CLUBS TWO,0.599,0.0032,0.3978
DIAMONDS FIVE DIAMONDS FOUR,0.6008,0.006,0.3932
CLUBS NINE CLUBS TWO,0.6102,0.004,0.3858
DIAMONDS NINE DIAMONDS FOUR,0.6024,0.0048,0.3928
DIAMONDS FOUR DIAMONDS EIGHT,0.582,0.0048,0.4132
CLUBS TWO CLUBS THREE,0.603,0.0052,0.3918
DIAMONDS NINE DIAMONDS FIVE,0.6048,0.0058,0.3894
CLUBS JACK DIAMONDS TWO,0.6176,0.004,0.3784
DIAMONDS FIVE DIAMONDS EIGHT,0.578,0.0066,0.4154
CLUBS TEN DIAMONDS TWO,0.6352,0.0044,0.3604
DIAMONDS FIVE DIAMONDS SEVEN,0.574,0.0036,0.4224
DIAMONDS TWO CLUBS ACE,0.3778,0.3876,0.2346
DIAMONDS TWO CLUBS KING,0.644,0.0056,0.3504
DIAMONDS TWO CLUBS QUEEN,0.6432,0.0038,0.353
SPADES THREE HEARTS KING,0.6404,0.0072,0.3524
HEARTS QUEEN SPADES THREE,0.6388,0.0042,0.357
SPADES THREE HEARTS JACK,0.6178,0.0056,0.3766
SPADES THREE HEARTS TEN,0.6382,0.0048,0.357
DIAMONDS EIGHT DIAMONDS SEVEN,0.5394,0.0044,0.4562
DIAMONDS NINE DIAMONDS SEVEN,0.5538,0.0052,0.441
DIAMONDS NINE DIAMONDS EIGHT,0.5486,0.005,0.4464
DIAMONDS KING HEARTS TEN,0.5656,0.0054,0.429
HEARTS THREE HEARTS TEN,0.611,0.0056,0.3834
SPADES JACK CLUBS SIX,0.732,0.025,0.243
DIAMONDS KING HEARTS JACK,0.5778,0.004,0.4182
HEARTS THREE HEARTS JACK,0.6052,0.0048,0.39
SPADES TEN CLUBS SIX,0.7214,0.0248,0.2538
SPADES JACK SPADES FIVE,0.5922,0.005,0.4028
SPADES TEN SPADES FIVE,0.591,0.0044,0.4046
SPADES ACE CLUBS SIX,0.0196,0.9584,0.022
DIAMONDS KING HEARTS QUEEN,0.5754,0.0068,0.4178
HEARTS THREE HEARTS QUEEN,0.604,0.0042,0.3918
SPADES KING CLUBS SIX,0.7436,0.0268,0.2296
DIAMONDS KING HEARTS KING,0.2714,0.0048,0.7238
HEARTS THREE HEARTS KING,0.611,0.0062,0.3828
SPADES QUEEN CLUBS SIX,0.7344,0.029,0.2366
SPADES NINE HEARTS TEN,0.5664,0.0026,0.431
SPADES NINE HEARTS JACK,0.574,0.0024,0.4236
SPADES QUEEN SPADES FIVE,0.5896,0.0048,0.4056
SPADES KING SPADES FIVE,0.5976,0.0046,0.3978
SPADES ACE SPADES FIVE,0.3492,0.3622,0.2886
SPADES NINE HEARTS QUEEN,0.5878,0.0032,0.409
SPADES NINE HEARTS KING,0.6012,0.0048,0.394
CLUBS TEN SPADES JACK,0.5452,0.0034,0.4514
CLUBS TEN SPADES TEN,0.3228,0.003,0.6742
SPADES ACE CLUBS TEN,0.2392,0.1146,0.6462
CLUBS TEN SPADES KING,0.574,0.0036,0.4224
CLUBS TEN SPADES QUEEN,0.5618,0.0044,0.4338
SPADES FIVE HEARTS QUEEN,0.6376,0.0046,0.3578
SPADES FIVE HEARTS KING,0.6378,0.003,0.3592
CLUBS EIGHT SPADES TEN,0.5826,0.0026,0.4148
SPADES JACK HEARTS THREE,0.6338,0.005,0.3612
SPADES JACK DIAMONDS KING,0.5648,0.004,0.4312
SPADES TEN DIAMONDS KING,0.5596,0.0038,0.4366
SPADES TEN HEARTS THREE,0.6346,0.0032,0.3622
CLUBS EIGHT SPADES JACK,0.5772,0.0022,0.4206
SPADES ACE CLUBS EIGHT,0.2314,0.225,0.5436
HEARTS FIVE CLUBS JACK,0.6306,0.0034,0.366
CLUBS TEN HEARTS FIVE,0.6424,0.0038,0.3538
CLUBS SIX HEARTS QUEEN,0.7468,0.022,0.2312
SPADES QUEEN CLUBS EIGHT,0.6008,0.005,0.3942
CLUBS TEN SPADES THREE,0.6438,0.0034,0.3528
CLUBS SIX HEARTS KING,0.745,0.0272,0.2278
SPADES KING CLUBS EIGHT,0.6142,0.0042,0.3816
CLUBS JACK SPADES THREE,0.6416,0.0044,0.354
DIAMONDS TWO HEARTS JACK,0.6396,0.004,0.3564
SPADES THREE CLUBS QUEEN,0.623,0.0046,0.3724
DIAMONDS TWO HEARTS TEN,0.6396,0.0048,0.3556
SPADES THREE CLUBS KING,0.6406,0.0044,0.355
HEARTS FIVE CLUBS ACE,0.3674,0.3846,0.248
SPADES FIVE HEARTS TEN,0.626,0.0044,0.3696
SPADES THREE CLUBS ACE,0.3768,0.3804,0.2428
HEARTS FIVE CLUBS KING,0.6404,0.0048,0.3548
SPADES FIVE HEARTS JACK,0.645,0.0042,0.3508
HEARTS FIVE CLUBS QUEEN,0.6324,0.0054,0.3622
HEARTS THREE CLUBS KING,0.6524,0.004,0.3436
DIAMONDS KING CLUBS KING,0.2908,0.0038,0.7054
HEARTS THREE CLUBS QUEEN,0.6372,0.0036,0.3592
DIAMONDS KING CLUBS QUEEN,0.576,0.0044,0.4196
HEARTS FIVE HEARTS JACK,0.6074,0.0038,0.3888
HEARTS FIVE HEARTS TEN,0.6112,0.0044,0.3844
HEARTS THREE CLUBS ACE,0.3764,0.3732,0.2504
DIAMONDS KING CLUBS ACE,0.2326,0.0458,0.7216
SPADES ACE CLUBS QUEEN,0.244,0.062,0.694
SPADES KING CLUBS QUEEN,0.5562,0.0056,0.4382
CLUBS JACK HEARTS THREE,0.6522,0.0038,0.344
CLUBS JACK DIAMONDS KING,0.5608,0.0034,0.4358
SPADES QUEEN CLUBS QUEEN,0.3,0.002,0.698
CLUBS TEN HEARTS THREE,0.645,0.0036,0.3514
CLUBS TEN DIAMONDS KING,0.571,0.0036,0.4254
SPADES JACK CLUBS QUEEN,0.5496,0.003,0.4474
CLUBS SIX CLUBS QUEEN,0.6914,0.0314,0.2772
SPADES TEN CLUBS QUEEN,0.557,0.0044,0.4386
CLUBS SIX CLUBS KING,0.6982,0.0248,0.277
CLUBS SIX CLUBS ACE,0.0226,0.9056,0.0718
HEARTS FIVE HEARTS KING,0.5962,0.0048,0.399
HEARTS FIVE HEARTS QUEEN,0.6112,0.005,0.3838
CLUBS TEN CLUBS SIX,0.678,0.0252,0.2968
CLUBS JACK CLUBS SIX,0.6806,0.02,0.2994
SPADES SEVEN HEARTS JACK,0.5988,0.004,0.3972
SPADES SEVEN HEARTS TEN,0.5986,0.005,0.3964
DIAMONDS TWO CLUBS TWO,0.4654,0.0062,0.5284
DIAMONDS TWO CLUBS THREE,0.6612,0.0042,0.3346
DIAMONDS TWO HEARTS SIX,0.752,0.0296,0.2184
DIAMONDS TWO HEARTS QUEEN,0.6516,0.0052,0.3432
HEARTS SEVEN DIAMONDS TWO,0.6648,0.006,0.3292
DIAMONDS TWO HEARTS KING,0.6404,0.0052,0.3544
DIAMONDS TWO HEARTS EIGHT,0.6502,0.0076,0.3422
DIAMONDS TWO HEARTS NINE,0.6416,0.004,0.3544
DIAMONDS TWO DIAMONDS QUEEN,0.6054,0.0042,0.3904
DIAMONDS TWO HEARTS TWO,0.4664,0.0054,0.5282
DIAMONDS TWO DIAMONDS KING,0.6014,0.006,0.3926
DIAMONDS TWO HEARTS THREE,0.667,0.006,0.327
DIAMONDS TWO DIAMONDS ACE,0.3596,0.3644,0.276
HEARTS FOUR DIAMONDS TWO,0.6604,0.006,0.3336
HEARTS FIVE DIAMONDS TWO,0.6468,0.0046,0.3486
DIAMONDS TWO DIAMONDS TEN,0.6048,0.0046,0.3906
SPADES SEVEN HEARTS KING,0.6004,0.0034,0.3962
DIAMONDS TWO DIAMONDS JACK,0.599,0.0074,0.3936
SPADES SEVEN HEARTS QUEEN,0.598,0.0038,0.3982
DIAMONDS TWO SPADES NINE,0.6384,0.0062,0.3554
DIAMONDS TWO SPADES EIGHT,0.6526,0.0036,0.3438
DIAMONDS TWO SPADES SEVEN,0.646,0.0046,0.3494
DIAMONDS TWO SPADES SIX,0.7418,0.0308,0.2274
DIAMONDS TWO SPADES FIVE,0.6552,0.005,0.3398
DIAMONDS TWO SPADES FOUR,0.652,0.0046,0.3434
DIAMONDS TWO SPADES THREE,0.6504,0.006,0.3436
DIAMONDS TWO SPADES TWO,0.4724,0.0064,0.5212
DIAMONDS TWO CLUBS NINE,0.6418,0.0064,0.3518
CLUBS EIGHT DIAMONDS TWO,0.6492,0.0048,0.346
DIAMONDS TWO CLUBS SEVEN,0.636,0.0044,0.3596
DIAMONDS TWO CLUBS SIX,0.7454,0.032,0.2226
DIAMONDS TWO CLUBS FIVE,0.657,0.007,0.336
DIAMONDS TWO CLUBS FOUR,0.6524,0.0052,0.3424
CLUBS FOUR SPADES FIVE,0.6192,0.0032,0.3776
CLUBS FOUR SPADES FOUR,0.449,0.0042,0.5468
CLUBS FOUR SPADES THREE,0.6276,0.004,0.3684
CLUBS FOUR SPADES TWO,0.6398,0.0058,0.3544
SPADES NINE CLUBS FOUR,0.6468,0.0034,0.3498
SPADES EIGHT CLUBS FOUR,0.6328,0.0038,0.3634
CLUBS FOUR SPADES SEVEN,0.6256,0.0024,0.372
CLUBS FOUR SPADES SIX,0.712,0.0256,0.2624
SPADES QUEEN SPADES TWO,0.6006,0.0044,0.395
SPADES KING SPADES TWO,0.5922,0.0058,0.402
SPADES ACE SPADES TWO,0.3568,0.3514,0.2918
CLUBS JACK DIAMONDS JACK,0.2938,0.0034,0.7028
CLUBS TEN DIAMONDS JACK,0.5386,0.0032,0.4582
DIAMONDS JACK CLUBS KING,0.5634,0.005,0.4316
DIAMONDS JACK CLUBS QUEEN,0.5668,0.0044,0.4288
DIAMONDS THREE DIAMONDS JACK,0.6026,0.0042,0.3932
DIAMONDS THREE DIAMONDS TEN,0.5998,0.0062,0.394
DIAMONDS JACK CLUBS ACE,0.2298,0.0854,0.6848
DIAMONDS THREE DIAMONDS KING,0.6018,0.005,0.3932
DIAMONDS THREE HEARTS THREE,0.4568,0.0062,0.537
DIAMONDS THREE DIAMONDS QUEEN,0.6034,0.0048,0.3918
DIAMONDS THREE HEARTS TWO,0.6668,0.0048,0.3284
HEARTS FIVE DIAMONDS THREE,0.6416,0.0066,0.3518
DIAMONDS THREE DIAMONDS ACE,0.355,0.353,0.292
HEARTS FOUR DIAMONDS THREE,0.6332,0.0076,0.3592
HEARTS SEVEN DIAMONDS THREE,0.6336,0.0056,0.3608
SPADES TEN SPADES NINE,0.5102,0.0046,0.4852
HEARTS SIX DIAMONDS THREE,0.7318,0.0258,0.2424
SPADES JACK SPADES NINE,0.511,0.003,0.486
DIAMONDS THREE HEARTS NINE,0.6404,0.004,0.3556
HEARTS JACK DIAMONDS FOUR,0.6344,0.0046,0.361
SPADES TEN SPADES TWO,0.5884,0.0042,0.4074
DIAMONDS THREE HEARTS EIGHT,0.644,0.0068,0.3492
HEARTS TEN DIAMONDS FOUR,0.6474,0.0046,0.348
SPADES JACK SPADES TWO,0.6022,0.005,0.3928
HEARTS QUEEN DIAMONDS FOUR,0.6498,0.0062,0.344
HEARTS KING DIAMONDS FOUR,0.6546,0.0036,0.3418
SPADES ACE SPADES NINE,0.2114,0.1532,0.6354
SPADES KING SPADES NINE,0.5558,0.0042,0.44
SPADES QUEEN SPADES NINE,0.5348,0.0056,0.4596
DIAMONDS THREE SPADES NINE,0.6418,0.0052,0.353
DIAMONDS THREE SPADES EIGHT,0.651,0.0032,0.3458
DIAMONDS THREE SPADES SEVEN,0.65,0.0044,0.3456
DIAMONDS THREE SPADES SIX,0.7206,0.028,0.2514
DIAMONDS THREE CLUBS SIX,0.7218,0.0292,0.249
CLUBS SIX CLUBS FIVE,0.6472,0.0226,0.3302
CLUBS ACE DIAMONDS FOUR,0.3798,0.3832,0.237
DIAMONDS THREE CLUBS SEVEN,0.6494,0.0054,0.3452
CLUBS SEVEN CLUBS FIVE,0.5654,0.0048,0.4298
DIAMONDS THREE CLUBS FOUR,0.6408,0.0036,0.3556
DIAMONDS FOUR CLUBS QUEEN,0.6442,0.0028,0.353
DIAMONDS THREE CLUBS FIVE,0.6368,0.0054,0.3578
DIAMONDS FOUR CLUBS KING,0.6284,0.0026,0.369
DIAMONDS THREE CLUBS TWO,0.6464,0.0058,0.3478
CLUBS TEN DIAMONDS FOUR,0.635,0.0044,0.3606
DIAMONDS THREE CLUBS THREE,0.4608,0.006,0.5332
CLUBS JACK DIAMONDS FOUR,0.6306,0.004,0.3654
DIAMONDS THREE SPADES FOUR,0.642,0.0044,0.3536
DIAMONDS THREE SPADES FIVE,0.6338,0.0064,0.3598
DIAMONDS THREE SPADES TWO,0.6558,0.0058,0.3384
DIAMONDS THREE SPADES THREE,0.465,0.0066,0.5284
CLUBS EIGHT DIAMONDS THREE,0.6496,0.0038,0.3466
CLUBS NINE DIAMONDS THREE,0.6358,0.0046,0.3596
SPADES SEVEN CLUBS ACE,0.2242,0.2972,0.4786
SPADES SEVEN CLUBS QUEEN,0.5886,0.003,0.4084
SPADES SEVEN CLUBS KING,0.6034,0.003,0.3936
SPADES SEVEN CLUBS FIVE,0.5978,0.004,0.3982
CLUBS TEN SPADES SEVEN,0.5816,0.0026,0.4158
CLUBS FIVE SPADES SIX,0.679,0.0244,0.2966
CLUBS JACK SPADES SEVEN,0.6006,0.003,0.3964
SPADES NINE CLUBS FIVE,0.627,0.0022,0.3708
SPADES EIGHT CLUBS FIVE,0.6236,0.0046,0.3718
CLUBS FIVE SPADES THREE,0.6278,0.0048,0.3674
CLUBS FIVE SPADES TWO,0.644,0.0052,0.3508
CLUBS FIVE SPADES FIVE,0.43,0.0042,0.5658
CLUBS FIVE SPADES FOUR,0.6188,0.004,0.3772
CLUBS NINE CLUBS FIVE,0.5932,0.0028,0.404
CLUBS EIGHT CLUBS FIVE,0.5744,0.0026,0.423
CLUBS ACE CLUBS QUEEN,0.2198,0.0556,0.7246
CLUBS KING CLUBS QUEEN,0.5362,0.0028,0.461
DIAMONDS TEN DIAMONDS FOUR,0.5982,0.0056,0.3962
CLUBS TEN DIAMONDS NINE,0.5644,0.0024,0.4332
DIAMONDS JACK DIAMONDS FOUR,0.5954,0.0046,0.4
CLUBS JACK DIAMONDS NINE,0.5604,0.005,0.4346
CLUBS JACK SPADES NINE,0.5624,0.0032,0.4344
CLUBS TEN SPADES NINE,0.5638,0.0042,0.432
DIAMONDS ACE DIAMONDS FOUR,0.3598,0.3618,0.2784
HEARTS FOUR DIAMONDS FOUR,0.4678,0.005,0.5272
DIAMONDS JACK HEARTS TEN,0.5458,0.0046,0.4496
SPADES NINE CLUBS KING,0.5894,0.0046,0.406
DIAMONDS TWO SPADES TEN,0.6266,0.0046,0.3688
DIAMONDS NINE CLUBS ACE,0.2338,0.1644,0.6018
HEARTS FIVE DIAMONDS FOUR,0.6238,0.0042,0.372
DIAMONDS JACK HEARTS JACK,0.2996,0.0034,0.697
SPADES NINE CLUBS QUEEN,0.5888,0.0036,0.4076
DIAMONDS TWO SPADES JACK,0.6278,0.0036,0.3686
DIAMONDS QUEEN DIAMONDS FOUR,0.6086,0.0048,0.3866
HEARTS TWO DIAMONDS FOUR,0.6652,0.0054,0.3294
DIAMONDS NINE CLUBS QUEEN,0.575,0.0032,0.4218
DIAMONDS KING DIAMONDS FOUR,0.5998,0.0046,0.3956
HEARTS THREE DIAMONDS FOUR,0.644,0.0062,0.3498
SPADES NINE CLUBS ACE,0.2348,0.1618,0.6034
DIAMONDS NINE CLUBS KING,0.5888,0.0032,0.408
SPADES ACE DIAMONDS TWO,0.384,0.375,0.241
HEARTS QUEEN DIAMONDS JACK,0.5464,0.0054,0.4482
SPADES QUEEN DIAMONDS TWO,0.6452,0.0054,0.3494
HEARTS KING DIAMONDS JACK,0.5764,0.0062,0.4174
SPADES KING DIAMONDS TWO,0.6372,0.0046,0.3582
SPADES JACK SPADES SEVEN,0.5454,0.005,0.4496
SPADES TEN SPADES SEVEN,0.556,0.0046,0.4394
CLUBS SEVEN CLUBS THREE,0.5962,0.0034,0.4004
CLUBS SIX CLUBS THREE,0.6662,0.0272,0.3066
CLUBS FIVE CLUBS THREE,0.5864,0.004,0.4096
CLUBS FOUR CLUBS THREE,0.5966,0.0046,0.3988
CLUBS NINE CLUBS THREE,0.5996,0.004,0.3964
CLUBS EIGHT CLUBS THREE,0.6054,0.004,0.3906
SPADES FIVE CLUBS THREE,0.6318,0.0028,0.3654
CLUBS THREE SPADES FOUR,0.6414,0.0044,0.3542
CLUBS THREE SPADES THREE,0.454,0.0078,0.5382
CLUBS THREE SPADES TWO,0.6446,0.005,0.3504
SPADES SIX CLUBS THREE,0.7138,0.029,0.2572
SPADES SEVEN CLUBS THREE,0.6442,0.0066,0.3492
SPADES EIGHT CLUBS THREE,0.6354,0.0038,0.3608
SPADES NINE CLUBS THREE,0.6422,0.003,0.3548
SPADES TWO DIAMONDS FOUR,0.654,0.0034,0.3426
SPADES THREE DIAMONDS FOUR,0.6376,0.0074,0.355
SPADES FOUR DIAMONDS FOUR,0.4506,0.0034,0.546
SPADES FIVE DIAMONDS FOUR,0.634,0.0038,0.3622
SPADES SIX DIAMONDS FOUR,0.7152,0.0206,0.2642
SPADES SEVEN DIAMONDS FOUR,0.6144,0.0034,0.3822
SPADES EIGHT DIAMONDS FOUR,0.63,0.0042,0.3658
SPADES NINE DIAMONDS FOUR,0.6526,0.0038,0.3436
CLUBS FIVE DIAMONDS FOUR,0.6284,0.0054,0.3662
CLUBS FOUR DIAMONDS FOUR,0.4512,0.0066,0.5422
CLUBS SEVEN DIAMONDS FOUR,0.636,0.0038,0.3602
CLUBS SIX DIAMONDS FOUR,0.7044,0.027,0.2686
CLUBS NINE DIAMONDS FOUR,0.6432,0.0052,0.3516
CLUBS EIGHT DIAMONDS FOUR,0.6256,0.005,0.3694
HEARTS SEVEN DIAMONDS FOUR,0.6292,0.007,0.3638
HEARTS SIX DIAMONDS FOUR,0.7156,0.0272,0.2572
DIAMONDS FOUR HEARTS NINE,0.6546,0.0058,0.3396
DIAMONDS FOUR HEARTS EIGHT,0.647,0.0042,0.3488
CLUBS THREE DIAMONDS FOUR,0.6406,0.0052,0.3542
CLUBS TWO DIAMONDS FOUR,0.6492,0.0056,0.3452
DIAMONDS TEN DIAMONDS FIVE,0.6122,0.005,0.3828
DIAMONDS JACK DIAMONDS FIVE,0.597,0.0048,0.3982
DIAMONDS NINE HEARTS QUEEN,0.5844,0.0026,0.413
DIAMONDS NINE HEARTS KING,0.5966,0.004,0.3994
DIAMONDS NINE HEARTS TEN,0.5536,0.004,0.4424
DIAMONDS NINE HEARTS JACK,0.576,0.0022,0.4218
SPADES KING DIAMONDS FOUR,0.6366,0.0046,0.3588
SPADES ACE SPADES SEVEN,0.2214,0.2786,0.5
SPADES QUEEN DIAMONDS FOUR,0.643,0.0046,0.3524
SPADES QUEEN SPADES SEVEN,0.5846,0.004,0.4114
SPADES KING SPADES SEVEN,0.569,0.0036,0.4274
SPADES ACE DIAMONDS FOUR,0.361,0.3924,0.2466
CLUBS NINE CLUBS FOUR,0.6058,0.004,0.3902
CLUBS EIGHT CLUBS FOUR,0.5826,0.004,0.4134
SPADES JACK DIAMONDS FOUR,0.6398,0.0038,0.3564
SPADES TEN DIAMONDS FOUR,0.6384,0.0028,0.3588
CLUBS FOUR CLUBS FIVE,0.5826,0.0052,0.4122
CLUBS SEVEN CLUBS FOUR,0.586,0.005,0.409
CLUBS SIX CLUBS FOUR,0.6528,0.026,0.3212
CLUBS SEVEN SPADES EIGHT,0.5724,0.0014,0.4262
SPADES NINE CLUBS SEVEN,0.6014,0.0014,0.3972
CLUBS SEVEN SPADES SIX,0.6844,0.0218,0.2938
CLUBS SEVEN SPADES SEVEN,0.3454,0.0026,0.652
CLUBS SEVEN SPADES FIVE,0.6086,0.0036,0.3878
CLUBS SEVEN SPADES FOUR,0.6152,0.0052,0.3796
CLUBS SEVEN SPADES THREE,0.6364,0.004,0.3596
CLUBS SEVEN SPADES TWO,0.651,0.0026,0.3464
CLUBS NINE CLUBS SEVEN,0.5438,0.004,0.4522
CLUBS EIGHT CLUBS SEVEN,0.5392,0.002,0.4588
HEARTS SIX DIAMONDS FIVE,0.7076,0.0254,0.267
HEARTS SEVEN DIAMONDS FIVE,0.6184,0.0046,0.377
DIAMONDS FIVE HEARTS EIGHT,0.6226,0.0058,0.3716
DIAMONDS FIVE HEARTS NINE,0.645,0.003,0.352
DIAMONDS QUEEN DIAMONDS FIVE,0.6062,0.0042,0.3896
HEARTS TWO DIAMONDS FIVE,0.6578,0.007,0.3352
HEARTS KING HEARTS EIGHT,0.584,0.006,0.41
DIAMONDS KING DIAMONDS FIVE,0.6004,0.0052,0.3944
HEARTS THREE DIAMONDS FIVE,0.647,0.0052,0.3478
HEARTS QUEEN HEARTS EIGHT,0.5842,0.0042,0.4116
DIAMONDS ACE DIAMONDS FIVE,0.3552,0.3712,0.2736
HEARTS FOUR DIAMONDS FIVE,0.6154,0.0062,0.3784
HEARTS FIVE DIAMONDS FIVE,0.4584,0.0074,0.5342
CLUBS FOUR DIAMONDS FIVE,0.6372,0.005,0.3578
CLUBS FIVE DIAMONDS FIVE,0.4598,0.005,0.5352
CLUBS SIX DIAMONDS FIVE,0.6908,0.0266,0.2826
CLUBS SEVEN DIAMONDS FIVE,0.6068,0.0048,0.3884
CLUBS TWO DIAMONDS FIVE,0.656,0.005,0.339
CLUBS THREE DIAMONDS FIVE,0.6388,0.0054,0.3558
SPADES THREE DIAMONDS FIVE,0.645,0.0058,0.3492
SPADES TWO DIAMONDS FIVE,0.6526,0.0042,0.3432
SPADES JACK DIAMONDS EIGHT,0.571,0.0026,0.4264
SPADES FIVE DIAMONDS FIVE,0.4464,0.0028,0.5508
CLUBS TEN HEARTS JACK,0.5462,0.0048,0.449
SPADES TEN DIAMONDS EIGHT,0.5708,0.0032,0.426
SPADES FOUR DIAMONDS FIVE,0.6348,0.0034,0.3618
CLUBS JACK HEARTS JACK,0.306,0.0028,0.6912
HEARTS JACK CLUBS QUEEN,0.5636,0.004,0.4324
CLUBS NINE DIAMONDS FIVE,0.6392,0.0036,0.3572
CLUBS EIGHT DIAMONDS FIVE,0.6036,0.0034,0.393
HEARTS JACK CLUBS KING,0.5772,0.0054,0.4174
CLUBS ACE HEARTS JACK,0.238,0.0852,0.6768
SPADES SEVEN DIAMONDS FIVE,0.6086,0.0056,0.3858
SPADES KING DIAMONDS EIGHT,0.5852,0.0026,0.4122
SPADES QUEEN DIAMONDS EIGHT,0.5862,0.003,0.4108
SPADES SIX DIAMONDS FIVE,0.703,0.0294,0.2676
SPADES NINE DIAMONDS FIVE,0.6332,0.003,0.3638
SPADES EIGHT DIAMONDS FIVE,0.6226,0.0036,0.3738
SPADES ACE DIAMONDS EIGHT,0.2268,0.2236,0.5496
HEARTS QUEEN DIAMONDS SEVEN,0.6014,0.0058,0.3928
HEARTS KING DIAMONDS SEVEN,0.603,0.0046,0.3924
SPADES TWO HEARTS JACK,0.6446,0.0052,0.3502
SPADES TWO HEARTS TEN,0.6446,0.0054,0.35
HEARTS TEN DIAMONDS SEVEN,0.5818,0.0034,0.4148
HEARTS JACK DIAMONDS SEVEN,0.5974,0.0052,0.3974
CLUBS JACK DIAMONDS EIGHT,0.5766,0.006,0.4174
CLUBS TEN DIAMONDS EIGHT,0.561,0.0044,0.4346
CLUBS ACE DIAMONDS EIGHT,0.2244,0.2298,0.5458
HEARTS QUEEN HEARTS JACK,0.5294,0.0046,0.466
CLUBS KING DIAMONDS EIGHT,0.609,0.0048,0.3862
HEARTS KING HEARTS JACK,0.5424,0.004,0.4536
DIAMONDS EIGHT CLUBS QUEEN,0.5858,0.0032,0.411
SPADES TEN HEARTS KING,0.5746,0.0036,0.4218
SPADES JACK HEARTS KING,0.5724,0.004,0.4236
HEARTS QUEEN SPADES TWO,0.647,0.0052,0.3478
SPADES ACE SPADES KING,0.2368,0.0408,0.7224
HEARTS KING SPADES TWO,0.6372,0.004,0.3588
HEARTS TEN HEARTS EIGHT,0.5446,0.0056,0.4498
HEARTS JACK HEARTS EIGHT,0.5572,0.0038,0.439
SPADES KING HEARTS KING,0.2818,0.0032,0.715
SPADES QUEEN HEARTS KING,0.5722,0.0046,0.4232
CLUBS ACE CLUBS KING,0.2362,0.04,0.7238
SPADES ACE HEARTS KING,0.2462,0.0448,0.709
SPADES ACE HEARTS JACK,0.2294,0.0896,0.681
SPADES QUEEN HEARTS JACK,0.5602,0.0038,0.436
SPADES KING HEARTS JACK,0.5778,0.0048,0.4174
SPADES TEN DIAMONDS TEN,0.3042,0.0028,0.693
SPADES JACK DIAMONDS TEN,0.5342,0.003,0.4628
SPADES ACE DIAMONDS TEN,0.2292,0.118,0.6528
SPADES JACK HEARTS JACK,0.3018,0.004,0.6942
SPADES TEN HEARTS JACK,0.5486,0.004,0.4474
SPADES QUEEN DIAMONDS TEN,0.5552,0.0048,0.44
SPADES KING DIAMONDS TEN,0.5684,0.0034,0.4282
SPADES NINE DIAMONDS SEVEN,0.5872,0.0048,0.408
SPADES EIGHT DIAMONDS SEVEN,0.575,0.0042,0.4208
SPADES SEVEN DIAMONDS SEVEN,0.3444,0.004,0.6516
SPADES SIX DIAMONDS SEVEN,0.6856,0.0232,0.2912
DIAMONDS KING DIAMONDS SEVEN,0.5698,0.0058,0.4244
HEARTS THREE DIAMONDS SEVEN,0.6356,0.0078,0.3566
HEARTS KING DIAMONDS FIVE,0.6524,0.0054,0.3422
DIAMONDS QUEEN DIAMONDS SEVEN,0.5744,0.0028,0.4228
HEARTS TWO DIAMONDS SEVEN,0.6484,0.006,0.3456
HEARTS QUEEN DIAMONDS FIVE,0.6506,0.003,0.3464
HEARTS FIVE DIAMONDS SEVEN,0.6124,0.0048,0.3828
DIAMONDS ACE DIAMONDS SEVEN,0.217,0.2808,0.5022
HEARTS FOUR DIAMONDS SEVEN,0.6216,0.005,0.3734
HEARTS SEVEN DIAMONDS SEVEN,0.3348,0.005,0.6602
HEARTS SIX DIAMONDS SEVEN,0.6928,0.0222,0.285
HEARTS NINE DIAMONDS SEVEN,0.589,0.0038,0.4072
HEARTS EIGHT DIAMONDS SEVEN,0.5746,0.0034,0.422
DIAMONDS JACK DIAMONDS SEVEN,0.5566,0.0042,0.4392
DIAMONDS FIVE HEARTS JACK,0.6264,0.0052,0.3684
DIAMONDS TEN DIAMONDS SEVEN,0.5466,0.0044,0.449
HEARTS TEN DIAMONDS FIVE,0.6416,0.0046,0.3538
CLUBS EIGHT DIAMONDS SEVEN,0.575,0.003,0.422
SPADES KING CLUBS TWO,0.6366,0.005,0.3584
HEARTS KING CLUBS KING,0.2874,0.003,0.7096
SPADES QUEEN CLUBS TWO,0.6436,0.0038,0.3526
HEARTS KING CLUBS QUEEN,0.5794,0.0036,0.417
CLUBS NINE DIAMONDS SEVEN,0.582,0.0042,0.4138
CLUBS JACK SPADES TWO,0.635,0.0048,0.3602
CLUBS SIX CLUBS SEVEN,0.6552,0.0178,0.327
SPADES ACE CLUBS TWO,0.37,0.373,0.257
CLUBS TEN SPADES TWO,0.6388,0.0038,0.3574
HEARTS KING CLUBS ACE,0.2542,0.0404,0.7054
SPADES TWO CLUBS KING,0.6478,0.0032,0.349
SPADES TWO DIAMONDS SEVEN,0.6422,0.0044,0.3534
CLUBS EIGHT CLUBS SIX,0.6532,0.0226,0.3242
SPADES THREE DIAMONDS SEVEN,0.6344,0.0042,0.3614
SPADES TWO CLUBS QUEEN,0.6392,0.0036,0.3572
CLUBS NINE CLUBS SIX,0.6546,0.0248,0.3206
SPADES FOUR DIAMONDS SEVEN,0.632,0.0046,0.3634
CLUBS JACK HEARTS KING,0.5766,0.0034,0.42
SPADES FIVE DIAMONDS SEVEN,0.6074,0.0054,0.3872
SPADES TWO CLUBS ACE,0.3816,0.3806,0.2378
CLUBS TEN HEARTS KING,0.5722,0.004,0.4238
CLUBS SIX SPADES TWO,0.723,0.0314,0.2456
CLUBS SIX SPADES THREE,0.7276,0.0222,0.2502
CLUBS TWO DIAMONDS SEVEN,0.6434,0.0056,0.351
CLUBS SIX SPADES FOUR,0.7042,0.028,0.2678
CLUBS THREE DIAMONDS SEVEN,0.6344,0.0032,0.3624
CLUBS SIX SPADES FIVE,0.6822,0.0258,0.292
CLUBS FOUR DIAMONDS SEVEN,0.6218,0.0048,0.3734
CLUBS SIX SPADES SIX,0.3108,0.0302,0.659
CLUBS FIVE DIAMONDS SEVEN,0.6206,0.0036,0.3758
CLUBS SIX SPADES SEVEN,0.6936,0.0182,0.2882
CLUBS SIX DIAMONDS SEVEN,0.698,0.0184,0.2836
CLUBS SIX SPADES EIGHT,0.6998,0.0246,0.2756
SPADES JACK CLUBS TWO,0.628,0.0062,0.3658
CLUBS SEVEN DIAMONDS SEVEN,0.3572,0.0048,0.638
CLUBS SIX SPADES NINE,0.7132,0.0212,0.2656
SPADES TEN CLUBS TWO,0.636,0.0036,0.3604
CLUBS TWO CLUBS QUEEN,0.5986,0.0036,0.3978
CLUBS TWO CLUBS KING,0.6094,0.0052,0.3854
CLUBS THREE DIAMONDS EIGHT,0.6414,0.005,0.3536
CLUBS TWO CLUBS ACE,0.363,0.3436,0.2934
CLUBS TWO DIAMONDS EIGHT,0.635,0.0044,0.3606
HEARTS SEVEN DIAMONDS EIGHT,0.582,0.0032,0.4148
HEARTS SIX DIAMONDS EIGHT,0.7002,0.0252,0.2746
DIAMONDS EIGHT HEARTS NINE,0.5622,0.0042,0.4336
CLUBS TEN CLUBS TWO,0.5894,0.0038,0.4068
HEARTS EIGHT DIAMONDS EIGHT,0.3304,0.0054,0.6642
CLUBS JACK CLUBS TWO,0.6096,0.0032,0.3872
CLUBS NINE DIAMONDS EIGHT,0.5498,0.0024,0.4478
CLUBS EIGHT DIAMONDS EIGHT,0.3356,0.005,0.6594
CLUBS FIVE DIAMONDS EIGHT,0.6204,0.0026,0.377
SPADES ACE SPADES THREE,0.3662,0.3514,0.2824
CLUBS FOUR DIAMONDS EIGHT,0.6356,0.0054,0.359
CLUBS SEVEN DIAMONDS EIGHT,0.5606,0.0032,0.4362
SPADES QUEEN SPADES THREE,0.5922,0.0044,0.4034
CLUBS SIX DIAMONDS EIGHT,0.6964,0.0236,0.28
SPADES KING SPADES THREE,0.6034,0.0034,0.3932
DIAMONDS QUEEN DIAMONDS EIGHT,0.5618,0.0054,0.4328
HEARTS TWO DIAMONDS EIGHT,0.6368,0.0038,0.3594
DIAMONDS KING DIAMONDS EIGHT,0.5546,0.0046,0.4408
HEARTS THREE DIAMONDS EIGHT,0.64,0.0052,0.3548
DIAMONDS ACE DIAMONDS EIGHT,0.2208,0.214,0.5652
HEARTS FOUR DIAMONDS EIGHT,0.6286,0.004,0.3674
HEARTS FIVE DIAMONDS EIGHT,0.6298,0.0064,0.3638
DIAMONDS TEN DIAMONDS EIGHT,0.5338,0.0048,0.4614
DIAMONDS JACK DIAMONDS EIGHT,0.5482,0.0056,0.4462
SPADES JACK SPADES THREE,0.5814,0.0044,0.4142
SPADES TEN SPADES THREE,0.6024,0.0036,0.394
CLUBS FOUR HEARTS QUEEN,0.6344,0.0054,0.3602
CLUBS FOUR HEARTS KING,0.6372,0.0038,0.359
CLUBS SIX HEARTS TEN,0.7164,0.0232,0.2604
CLUBS SIX HEARTS JACK,0.7368,0.0262,0.237
SPADES FOUR DIAMONDS EIGHT,0.6278,0.0044,0.3678
SPADES FIVE DIAMONDS EIGHT,0.6098,0.0062,0.384
SPADES TWO DIAMONDS EIGHT,0.6518,0.0038,0.3444
SPADES THREE DIAMONDS EIGHT,0.6414,0.005,0.3536
CLUBS FOUR HEARTS JACK,0.6284,0.0054,0.3662
SPADES EIGHT DIAMONDS EIGHT,0.3196,0.003,0.6774
SPADES TEN DIAMONDS QUEEN,0.557,0.0042,0.4388
SPADES TEN HEARTS TWO,0.6454,0.004,0.3506
SPADES JACK HEARTS EIGHT,0.5756,0.0018,0.4226
CLUBS FOUR HEARTS TEN,0.6256,0.0034,0.371
SPADES NINE DIAMONDS EIGHT,0.5722,0.0034,0.4244
SPADES TEN HEARTS EIGHT,0.5734,0.0042,0.4224
SPADES JACK HEARTS TWO,0.6392,0.005,0.3558
SPADES JACK DIAMONDS QUEEN,0.553,0.005,0.442
SPADES SIX DIAMONDS EIGHT,0.7078,0.0214,0.2708
SPADES SEVEN DIAMONDS EIGHT,0.5508,0.0044,0.4448
SPADES ACE HEARTS TWO,0.386,0.3756,0.2384
SPADES ACE DIAMONDS QUEEN,0.2434,0.0572,0.6994
SPADES ACE HEARTS EIGHT,0.2312,0.2258,0.543
SPADES KING HEARTS EIGHT,0.613,0.004,0.383
SPADES QUEEN HEARTS TWO,0.6428,0.0066,0.3506
SPADES QUEEN DIAMONDS QUEEN,0.3042,0.0036,0.6922
SPADES KING DIAMONDS QUEEN,0.5804,0.0044,0.4152
SPADES KING HEARTS TWO,0.629,0.005,0.366
SPADES QUEEN HEARTS EIGHT,0.5884,0.0032,0.4084
CLUBS TWO HEARTS TEN,0.628,0.0052,0.3668
CLUBS TWO HEARTS JACK,0.6384,0.003,0.3586
SPADES SEVEN DIAMONDS NINE,0.5888,0.0032,0.408
SPADES SIX DIAMONDS NINE,0.7198,0.0242,0.256
SPADES NINE DIAMONDS NINE,0.3196,0.004,0.6764
SPADES EIGHT DIAMONDS NINE,0.5564,0.0042,0.4394
SPADES TEN CLUBS KING,0.574,0.0046,0.4214
DIAMONDS NINE SPADES THREE,0.6382,0.0044,0.3574
SPADES JACK CLUBS KING,0.5818,0.0022,0.416
DIAMONDS NINE SPADES TWO,0.6376,0.0046,0.3578
SPADES FIVE DIAMONDS NINE,0.6318,0.0044,0.3638
DIAMONDS NINE SPADES FOUR,0.6496,0.0048,0.3456
CLUBS NINE DIAMONDS NINE,0.33,0.0042,0.6658
CLUBS EIGHT DIAMONDS NINE,0.5722,0.0028,0.425
CLUBS SIX DIAMONDS NINE,0.7148,0.0216,0.2636
SPADES JACK CLUBS FOUR,0.6296,0.0044,0.366
CLUBS SEVEN DIAMONDS NINE,0.574,0.0026,0.4234
SPADES TEN CLUBS FOUR,0.6252,0.0048,0.37
CLUBS FOUR DIAMONDS NINE,0.6508,0.0046,0.3446
CLUBS FIVE DIAMONDS NINE,0.6326,0.0042,0.3632
CLUBS TWO DIAMONDS NINE,0.6242,0.004,0.3718
CLUBS THREE DIAMONDS NINE,0.645,0.0056,0.3494
DIAMONDS NINE HEARTS EIGHT,0.566,0.0046,0.4294
DIAMONDS NINE HEARTS NINE,0.3236,0.0044,0.672
HEARTS SIX DIAMONDS NINE,0.7106,0.0238,0.2656
HEARTS SEVEN DIAMONDS NINE,0.5848,0.0048,0.4104
CLUBS EIGHT CLUBS NINE,0.5304,0.0032,0.4664
DIAMONDS ACE DIAMONDS NINE,0.2202,0.1674,0.6124
HEARTS FOUR DIAMONDS NINE,0.6528,0.0036,0.3436
HEARTS FIVE DIAMONDS NINE,0.6302,0.0064,0.3634
SPADES ACE CLUBS FOUR,0.3856,0.363,0.2514
DIAMONDS NINE DIAMONDS QUEEN,0.5468,0.0038,0.4494
HEARTS TWO DIAMONDS NINE,0.6364,0.006,0.3576
CLUBS TWO HEARTS KING,0.6252,0.0066,0.3682
SPADES KING CLUBS FOUR,0.6386,0.003,0.3584
DIAMONDS KING DIAMONDS NINE,0.5562,0.0042,0.4396
HEARTS THREE DIAMONDS NINE,0.6494,0.0068,0.3438
CLUBS TWO HEARTS QUEEN,0.6394,0.0032,0.3574
SPADES QUEEN CLUBS FOUR,0.6396,0.005,0.3554
DIAMONDS NINE DIAMONDS JACK,0.5348,0.0036,0.4616
CLUBS EIGHT SPADES NINE,0.567,0.003,0.43
DIAMONDS TEN DIAMONDS NINE,0.525,0.0046,0.4704
CLUBS EIGHT SPADES EIGHT,0.3308,0.002,0.6672
CLUBS EIGHT SPADES SEVEN,0.581,0.003,0.416
CLUBS EIGHT SPADES SIX,0.691,0.0242,0.2848
CLUBS EIGHT SPADES FIVE,0.6096,0.0022,0.3882
CLUBS EIGHT SPADES FOUR,0.6406,0.0026,0.3568
CLUBS EIGHT SPADES THREE,0.6408,0.0054,0.3538
CLUBS EIGHT SPADES TWO,0.638,0.0048,0.3572
HEARTS SIX DIAMONDS TEN,0.734,0.0226,0.2434
HEARTS SEVEN DIAMONDS TEN,0.591,0.0044,0.4046
DIAMONDS TEN HEARTS EIGHT,0.5714,0.004,0.4246
CLUBS JACK CLUBS FOUR,0.5824,0.0048,0.4128
DIAMONDS TEN HEARTS NINE,0.5584,0.0046,0.437
CLUBS TEN CLUBS FOUR,0.5986,0.0044,0.397
CLUBS FOUR CLUBS KING,0.599,0.0046,0.3964
CLUBS FOUR CLUBS QUEEN,0.587,0.0064,0.4066
CLUBS TWO DIAMONDS TEN,0.6324,0.0036,0.364
DIAMONDS TEN CLUBS THREE,0.6266,0.004,0.3694
CLUBS FOUR CLUBS ACE,0.3504,0.3604,0.2892
DIAMONDS TEN DIAMONDS JACK,0.5126,0.004,0.4834
DIAMONDS TEN DIAMONDS QUEEN,0.5234,0.0068,0.4698
HEARTS TWO DIAMONDS TEN,0.641,0.0068,0.3522
DIAMONDS KING DIAMONDS TEN,0.5414,0.0056,0.453
HEARTS THREE DIAMONDS TEN,0.6444,0.0062,0.3494
DIAMONDS ACE DIAMONDS TEN,0.2264,0.118,0.6556
HEARTS FOUR DIAMONDS TEN,0.6332,0.0052,0.3616
CLUBS EIGHT HEARTS JACK,0.5838,0.003,0.4132
HEARTS FIVE DIAMONDS TEN,0.6384,0.0056,0.356
CLUBS EIGHT HEARTS TEN,0.5788,0.0042,0.417
CLUBS EIGHT HEARTS QUEEN,0.6028,0.002,0.3952
CLUBS EIGHT HEARTS KING,0.602,0.0044,0.3936
CLUBS NINE SPADES THREE,0.6248,0.0024,0.3728
CLUBS NINE SPADES TWO,0.6398,0.0042,0.356
CLUBS NINE SPADES FIVE,0.6286,0.0046,0.3668
CLUBS NINE SPADES FOUR,0.657,0.0028,0.3402
CLUBS NINE SPADES SEVEN,0.5864,0.003,0.4106
CLUBS NINE SPADES SIX,0.7162,0.0174,0.2664
CLUBS NINE SPADES NINE,0.3278,0.003,0.6692
CLUBS TEN HEARTS EIGHT,0.5756,0.0044,0.42
CLUBS NINE SPADES EIGHT,0.5732,0.0036,0.4232
CLUBS JACK HEARTS EIGHT,0.5774,0.003,0.4196
HEARTS EIGHT CLUBS QUEEN,0.588,0.0054,0.4066
CLUBS KING HEARTS EIGHT,0.6108,0.0046,0.3846
CLUBS ACE HEARTS EIGHT,0.2318,0.2278,0.5404
SPADES KING CLUBS KING,0.273,0.0032,0.7238
SPADES QUEEN CLUBS KING,0.5718,0.0032,0.425
SPADES ACE CLUBS KING,0.2504,0.048,0.7016
DIAMONDS ACE HEARTS TEN,0.2264,0.1166,0.657
HEARTS FOUR HEARTS TEN,0.6116,0.0034,0.385
DIAMONDS ACE HEARTS JACK,0.2358,0.0852,0.679
HEARTS FOUR HEARTS JACK,0.6162,0.0042,0.3796
SPADES KING CLUBS FIVE,0.6236,0.005,0.3714
SPADES QUEEN CLUBS FIVE,0.6328,0.0046,0.3626
SPADES ACE CLUBS FIVE,0.3694,0.3804,0.2502
HEARTS SEVEN DIAMONDS JACK,0.5878,0.0044,0.4078
HEARTS SIX DIAMONDS JACK,0.7448,0.0276,0.2276
DIAMONDS JACK HEARTS NINE,0.5668,0.004,0.4292
DIAMONDS JACK HEARTS EIGHT,0.575,0.0052,0.4198
DIAMONDS KING DIAMONDS JACK,0.5248,0.0056,0.4696
HEARTS THREE DIAMONDS JACK,0.6354,0.0046,0.36
SPADES ACE SPADES SIX,0.0216,0.9068,0.0716
DIAMONDS QUEEN DIAMONDS JACK,0.5264,0.0042,0.4694
HEARTS TWO DIAMONDS JACK,0.6316,0.006,0.3624
HEARTS FIVE DIAMONDS JACK,0.6376,0.0046,0.3578
SPADES QUEEN SPADES SIX,0.6982,0.0308,0.271
SPADES FOUR HEARTS QUEEN,0.6408,0.0036,0.3556
DIAMONDS ACE DIAMONDS JACK,0.2182,0.0816,0.7002
HEARTS FOUR DIAMONDS JACK,0.632,0.0056,0.3624
SPADES KING SPADES SIX,0.6814,0.0288,0.2898
SPADES FOUR HEARTS KING,0.6346,0.0044,0.361
SPADES TEN SPADES SIX,0.6916,0.024,0.2844
SPADES JACK SPADES SIX,0.6944,0.0246,0.281
SPADES FOUR DIAMONDS JACK,0.6404,0.0036,0.356
SPADES FIVE DIAMONDS JACK,0.6166,0.0046,0.3788
DIAMONDS JACK SPADES TWO,0.6258,0.004,0.3702
SPADES THREE DIAMONDS JACK,0.6234,0.0056,0.371
SPADES ACE DIAMONDS THREE,0.3772,0.3856,0.2372
CLUBS EIGHT DIAMONDS JACK,0.575,0.0042,0.4208
SPADES QUEEN DIAMONDS THREE,0.6528,0.0042,0.343
SPADES KING DIAMONDS THREE,0.6456,0.005,0.3494
CLUBS NINE DIAMONDS JACK,0.5576,0.0038,0.4386
CLUBS SIX DIAMONDS JACK,0.7296,0.0268,0.2436
CLUBS SEVEN DIAMONDS JACK,0.5912,0.0026,0.4062
CLUBS FOUR DIAMONDS JACK,0.6344,0.0054,0.3602
CLUBS FIVE DIAMONDS JACK,0.6272,0.004,0.3688
CLUBS TWO DIAMONDS JACK,0.6284,0.0048,0.3668
CLUBS THREE DIAMONDS JACK,0.611,0.007,0.382
SPADES TEN CLUBS FIVE,0.6344,0.004,0.3616
SPADES JACK HEARTS SIX,0.744,0.0256,0.2304
HEARTS SIX SPADES TEN,0.7272,0.0248,0.248
SPADES JACK CLUBS FIVE,0.6322,0.0034,0.3644
SPADES JACK DIAMONDS THREE,0.6414,0.0038,0.3548
CLUBS SEVEN CLUBS ACE,0.21,0.2682,0.5218
DIAMONDS THREE SPADES TEN,0.6404,0.0038,0.3558
CLUBS SEVEN CLUBS QUEEN,0.5796,0.0028,0.4176
CLUBS SEVEN CLUBS KING,0.5588,0.0028,0.4384
SPADES NINE DIAMONDS JACK,0.5502,0.0038,0.446
CLUBS TEN CLUBS SEVEN,0.5596,0.0038,0.4366
SPADES EIGHT DIAMONDS JACK,0.5712,0.004,0.4248
SPADES ACE HEARTS SIX,0.0206,0.968,0.0114
CLUBS JACK CLUBS SEVEN,0.5648,0.0044,0.4308
DIAMONDS ACE HEARTS KING,0.244,0.051,0.705
HEARTS FOUR HEARTS KING,0.6044,0.0058,0.3898
SPADES SEVEN DIAMONDS JACK,0.5896,0.003,0.4074
SPADES KING HEARTS SIX,0.745,0.0318,0.2232
DIAMONDS ACE HEARTS QUEEN,0.2338,0.0702,0.696
HEARTS FOUR HEARTS QUEEN,0.6032,0.006,0.3908
SPADES QUEEN HEARTS SIX,0.731,0.0302,0.2388
SPADES SIX DIAMONDS JACK,0.7218,0.0262,0.252
DIAMONDS TEN SPADES TWO,0.629,0.0054,0.3656
DIAMONDS TEN SPADES THREE,0.6388,0.0028,0.3584
DIAMONDS TEN SPADES FOUR,0.6284,0.0046,0.367
DIAMONDS TEN SPADES FIVE,0.63,0.0036,0.3664
SPADES SIX DIAMONDS TEN,0.713,0.027,0.26
SPADES SEVEN DIAMONDS TEN,0.5838,0.0056,0.4106
SPADES EIGHT DIAMONDS TEN,0.569,0.0042,0.4268
SPADES NINE DIAMONDS TEN,0.552,0.0058,0.4422
CLUBS FOUR DIAMONDS TEN,0.6262,0.005,0.3688
CLUBS FIVE DIAMONDS TEN,0.635,0.0056,0.3594
CLUBS SIX DIAMONDS TEN,0.7278,0.0208,0.2514
CLUBS SEVEN DIAMONDS TEN,0.5784,0.0032,0.4184
CLUBS EIGHT DIAMONDS TEN,0.5794,0.0032,0.4174
CLUBS NINE DIAMONDS TEN,0.5482,0.0032,0.4486
CLUBS JACK DIAMONDS THREE,0.6336,0.0048,0.3616
CLUBS TEN DIAMONDS THREE,0.6442,0.0054,0.3504
DIAMONDS THREE CLUBS KING,0.6362,0.0052,0.3586
DIAMONDS THREE CLUBS QUEEN,0.6456,0.0054,0.349
DIAMONDS THREE CLUBS ACE,0.3884,0.3786,0.233
SPADES FOUR HEARTS JACK,0.6278,0.0046,0.3676
SPADES FOUR HEARTS TEN,0.6348,0.0028,0.3624
SPADES FIVE SPADES TWO,0.5986,0.0042,0.3972
SPADES FOUR SPADES TWO,0.5988,0.0042,0.397
SPADES THREE SPADES TWO,0.6128,0.0072,0.38
SPADES NINE SPADES TWO,0.5942,0.005,0.4008
SPADES EIGHT SPADES TWO,0.5962,0.0036,0.4002
SPADES SEVEN SPADES TWO,0.6156,0.0042,0.3802
SPADES SIX SPADES TWO,0.6976,0.0262,0.2762
CLUBS THREE DIAMONDS QUEEN,0.6256,0.0056,0.3688
HEARTS TWO CLUBS THREE,0.661,0.0048,0.3342
CLUBS TWO DIAMONDS QUEEN,0.6364,0.004,0.3596
HEARTS TWO CLUBS TWO,0.4738,0.0054,0.5208
HEARTS SEVEN DIAMONDS QUEEN,0.6128,0.0024,0.3848
HEARTS SEVEN HEARTS TWO,0.604,0.007,0.389
HEARTS SIX DIAMONDS QUEEN,0.738,0.0352,0.2268
HEARTS SIX HEARTS TWO,0.711,0.0258,0.2632
DIAMONDS QUEEN HEARTS NINE,0.5778,0.004,0.4182
HEARTS TWO HEARTS NINE,0.6222,0.0058,0.372
DIAMONDS QUEEN HEARTS EIGHT,0.5846,0.0034,0.412
HEARTS TWO HEARTS EIGHT,0.6154,0.005,0.3796
CLUBS NINE HEARTS TWO,0.645,0.0024,0.3526
CLUBS NINE DIAMONDS QUEEN,0.568,0.004,0.428
CLUBS EIGHT DIAMONDS QUEEN,0.5888,0.004,0.4072
CLUBS EIGHT HEARTS TWO,0.6414,0.006,0.3526
CLUBS FIVE DIAMONDS QUEEN,0.6328,0.0044,0.3628
CLUBS FIVE HEARTS TWO,0.655,0.0056,0.3394
CLUBS FOUR DIAMONDS QUEEN,0.6296,0.0048,0.3656
CLUBS FOUR HEARTS TWO,0.6502,0.0068,0.343
CLUBS SEVEN DIAMONDS QUEEN,0.6,0.0036,0.3964
CLUBS SEVEN HEARTS TWO,0.651,0.0048,0.3442
SPADES EIGHT HEARTS QUEEN,0.5956,0.0064,0.398
CLUBS SIX DIAMONDS QUEEN,0.7372,0.0274,0.2354
CLUBS SIX HEARTS TWO,0.751,0.0264,0.2226
SPADES EIGHT HEARTS KING,0.5978,0.0058,0.3964
HEARTS TWO SPADES SIX,0.7462,0.0292,0.2246
SPADES SIX DIAMONDS QUEEN,0.7408,0.0336,0.2256
HEARTS FOUR CLUBS QUEEN,0.64,0.0038,0.3562
DIAMONDS ACE CLUBS QUEEN,0.2412,0.0604,0.6984
SPADES SEVEN DIAMONDS QUEEN,0.6018,0.0044,0.3938
SPADES SEVEN HEARTS TWO,0.6622,0.0038,0.334
HEARTS FOUR CLUBS KING,0.644,0.0044,0.3516
DIAMONDS ACE CLUBS KING,0.2514,0.0458,0.7028
SPADES EIGHT DIAMONDS QUEEN,0.587,0.003,0.41
SPADES EIGHT HEARTS TWO,0.6506,0.004,0.3454
HEARTS FOUR CLUBS ACE,0.3676,0.3734,0.259
DIAMONDS ACE CLUBS ACE,0.0516,0.009,0.9394
SPADES NINE DIAMONDS QUEEN,0.5868,0.0032,0.41
SPADES NINE HEARTS TWO,0.6364,0.006,0.3576
HEARTS TWO SPADES TWO,0.4636,0.0076,0.5288
DIAMONDS QUEEN SPADES TWO,0.6274,0.0044,0.3682
HEARTS TWO SPADES THREE,0.6506,0.0046,0.3448
DIAMONDS QUEEN SPADES THREE,0.6268,0.0068,0.3664
HEARTS TWO SPADES FOUR,0.6628,0.0034,0.3338
SPADES FOUR DIAMONDS QUEEN,0.636,0.0058,0.3582
CLUBS TEN HEARTS FOUR,0.6472,0.0048,0.348
CLUBS TEN DIAMONDS ACE,0.2416,0.1222,0.6362
HEARTS TWO SPADES FIVE,0.6486,0.0086,0.3428
SPADES FIVE DIAMONDS QUEEN,0.6274,0.004,0.3686
CLUBS JACK HEARTS FOUR,0.6344,0.0062,0.3594
CLUBS JACK DIAMONDS ACE,0.2362,0.0778,0.686
CLUBS FIVE CLUBS KING,0.5994,0.0042,0.3964
CLUBS FIVE CLUBS QUEEN,0.5998,0.004,0.3962
CLUBS FIVE CLUBS ACE,0.3528,0.3516,0.2956
CLUBS JACK CLUBS FIVE,0.5988,0.0046,0.3966
CLUBS TEN CLUBS FIVE,0.5878,0.0048,0.4074
SPADES KING CLUBS JACK,0.57,0.004,0.426
CLUBS JACK SPADES QUEEN,0.5622,0.003,0.4348
SPADES ACE CLUBS JACK,0.243,0.0894,0.6676
SPADES SIX CLUBS KING,0.7362,0.0328,0.231
SPADES SIX CLUBS QUEEN,0.7234,0.0348,0.2418
SPADES EIGHT HEARTS JACK,0.5842,0.0058,0.41
SPADES SIX CLUBS ACE,0.0188,0.9598,0.0214
SPADES EIGHT HEARTS TEN,0.5746,0.0036,0.4218
CLUBS JACK SPADES SIX,0.7384,0.0278,0.2338
CLUBS TEN SPADES SIX,0.7192,0.027,0.2538
CLUBS JACK SPADES TEN,0.5398,0.003,0.4572
CLUBS JACK SPADES JACK,0.308,0.0028,0.6892
SPADES QUEEN CLUBS SEVEN,0.5942,0.0026,0.4032
SPADES KING CLUBS SEVEN,0.6052,0.0044,0.3904
SPADES ACE CLUBS SEVEN,0.2294,0.2934,0.4772
SPADES SIX HEARTS TEN,0.7196,0.0244,0.256
SPADES SIX HEARTS JACK,0.7456,0.0242,0.2302
SPADES SIX HEARTS KING,0.7474,0.0316,0.221
SPADES SIX HEARTS QUEEN,0.736,0.0294,0.2346
SPADES JACK CLUBS SEVEN,0.5936,0.0034,0.403
SPADES TEN CLUBS SEVEN,0.5868,0.0028,0.4104
CLUBS TEN HEARTS SIX,0.7192,0.0206,0.2602
CLUBS JACK HEARTS SIX,0.744,0.0264,0.2296
CLUBS JACK CLUBS ACE,0.232,0.0808,0.6872
HEARTS SIX CLUBS QUEEN,0.7454,0.0308,0.2238
HEARTS SIX CLUBS KING,0.7414,0.032,0.2266
HEARTS SIX CLUBS ACE,0.0188,0.9696,0.0116
CLUBS JACK CLUBS QUEEN,0.5206,0.0032,0.4762
CLUBS JACK CLUBS KING,0.5312,0.003,0.4658
DIAMONDS THREE HEARTS QUEEN,0.6378,0.0062,0.356
DIAMONDS THREE HEARTS KING,0.6556,0.0044,0.34
CLUBS FIVE HEARTS JACK,0.637,0.0056,0.3574
SPADES TEN DIAMONDS ACE,0.2296,0.106,0.6644
HEARTS FOUR SPADES TEN,0.6406,0.0044,0.355
CLUBS FIVE HEARTS TEN,0.625,0.004,0.371
HEARTS FOUR SPADES JACK,0.6328,0.0034,0.3638
SPADES JACK DIAMONDS ACE,0.23,0.0858,0.6842
SPADES ACE HEARTS FOUR,0.377,0.3932,0.2298
SPADES ACE DIAMONDS ACE,0.0514,0.0098,0.9388
CLUBS FIVE HEARTS KING,0.6456,0.0046,0.3498
HEARTS FOUR SPADES QUEEN,0.6416,0.0048,0.3536
SPADES QUEEN DIAMONDS ACE,0.237,0.057,0.706
CLUBS JACK SPADES FOUR,0.623,0.0028,0.3742
CLUBS FIVE HEARTS QUEEN,0.6346,0.0036,0.3618
SPADES KING DIAMONDS ACE,0.243,0.048,0.709
SPADES KING HEARTS FOUR,0.6424,0.0036,0.354
CLUBS TEN SPADES FOUR,0.632,0.0046,0.3634
DIAMONDS ACE DIAMONDS QUEEN,0.2428,0.0572,0.7
DIAMONDS ACE HEARTS TWO,0.3694,0.3906,0.24
HEARTS FOUR DIAMONDS QUEEN,0.6342,0.006,0.3598
HEARTS FOUR HEARTS TWO,0.6154,0.0066,0.378
DIAMONDS THREE HEARTS TEN,0.6388,0.0044,0.3568
SPADES FOUR CLUBS KING,0.6368,0.0026,0.3606
HEARTS FIVE DIAMONDS QUEEN,0.62,0.0068,0.3732
HEARTS FIVE HEARTS TWO,0.6268,0.005,0.3682
DIAMONDS THREE HEARTS JACK,0.63,0.0048,0.3652
SPADES FOUR CLUBS QUEEN,0.6416,0.0042,0.3542
HEARTS TWO DIAMONDS QUEEN,0.6388,0.0058,0.3554
DIAMONDS KING DIAMONDS QUEEN,0.5374,0.007,0.4556
DIAMONDS KING HEARTS TWO,0.647,0.0058,0.3472
HEARTS THREE DIAMONDS QUEEN,0.6338,0.0046,0.3616
HEARTS THREE HEARTS TWO,0.6158,0.005,0.3792
SPADES FOUR CLUBS ACE,0.3944,0.3638,0.2418
HEARTS TWO CLUBS ACE,0.3844,0.3798,0.2358
DIAMONDS QUEEN CLUBS ACE,0.238,0.0604,0.7016
HEARTS TWO CLUBS QUEEN,0.6496,0.0054,0.345
DIAMONDS QUEEN CLUBS QUEEN,0.2868,0.0042,0.709
HEARTS TWO CLUBS KING,0.6432,0.0056,0.3512
DIAMONDS QUEEN CLUBS KING,0.5606,0.0034,0.436
SPADES EIGHT SPADES FIVE,0.5776,0.0036,0.4188
CLUBS TEN HEARTS TWO,0.6356,0.005,0.3594
CLUBS TEN DIAMONDS QUEEN,0.5468,0.005,0.4482
SPADES NINE SPADES FIVE,0.5902,0.0052,0.4046
CLUBS JACK HEARTS TWO,0.6408,0.0046,0.3546
CLUBS JACK DIAMONDS QUEEN,0.5506,0.0058,0.4436
SPADES SIX SPADES FIVE,0.6548,0.0244,0.3208
SPADES SEVEN SPADES FIVE,0.5666,0.005,0.4284
DIAMONDS FIVE CLUBS QUEEN,0.6414,0.0048,0.3538
SPADES EIGHT CLUBS ACE,0.2288,0.2172,0.554
DIAMONDS FIVE CLUBS KING,0.6308,0.0036,0.3656
SPADES EIGHT CLUBS KING,0.594,0.0036,0.4024
DIAMONDS FIVE CLUBS ACE,0.377,0.3908,0.2322
SPADES EIGHT CLUBS QUEEN,0.599,0.0024,0.3986
CLUBS JACK SPADES EIGHT,0.5736,0.004,0.4224
CLUBS TEN SPADES EIGHT,0.5768,0.0036,0.4196
CLUBS TEN DIAMONDS FIVE,0.6394,0.0036,0.357
CLUBS JACK DIAMONDS FIVE,0.6406,0.0038,0.3556
DIAMONDS TEN HEARTS JACK,0.5342,0.0044,0.4614
DIAMONDS TEN HEARTS TEN,0.3216,0.0046,0.6738
SPADES ACE CLUBS NINE,0.2342,0.1696,0.5962
SPADES QUEEN CLUBS NINE,0.5816,0.0028,0.4156
SPADES KING CLUBS NINE,0.592,0.0034,0.4046
HEARTS SIX HEARTS KING,0.7084,0.03,0.2616
DIAMONDS KING SPADES SEVEN,0.61,0.0032,0.3868
HEARTS THREE SPADES SEVEN,0.6468,0.0042,0.349
SPADES KING DIAMONDS SEVEN,0.5986,0.005,0.3964
HEARTS SIX HEARTS QUEEN,0.71,0.0314,0.2586
SPADES QUEEN DIAMONDS SEVEN,0.591,0.0036,0.4054
HEARTS THREE SPADES SIX,0.7354,0.028,0.2366
DIAMONDS KING SPADES SIX,0.73,0.0298,0.2402
SPADES NINE DIAMONDS KING,0.5882,0.0036,0.4082
SPADES NINE HEARTS THREE,0.6374,0.0042,0.3584
DIAMONDS KING SPADES EIGHT,0.6014,0.004,0.3946
SPADES EIGHT HEARTS THREE,0.654,0.0036,0.3424
SPADES ACE DIAMONDS SEVEN,0.2038,0.2992,0.497
CLUBS NINE HEARTS THREE,0.6392,0.005,0.3558
CLUBS NINE DIAMONDS KING,0.5824,0.004,0.4136
CLUBS EIGHT DIAMONDS KING,0.6064,0.006,0.3876
CLUBS EIGHT HEARTS THREE,0.652,0.0034,0.3446
HEARTS THREE SPADES THREE,0.457,0.005,0.538
DIAMONDS KING SPADES THREE,0.6336,0.005,0.3614
