opposingHand,winningChance,drawChance,lostChance
HEARTS FIVE HEARTS FOUR
HEARTS EIGHT HEARTS SEVEN,0.3356,0.059,0.6054
DIAMONDS SIX DIAMONDS FIVE,0.2822,0.2422,0.4756
HEARTS TEN HEARTS NINE,0.3412,0.0206,0.6382
CLUBS JACK HEARTS NINE,0.3736,0.0174,0.609
CLUBS SEVEN DIAMONDS EIGHT,0.3812,0.0638,0.555
CLUBS TWO DIAMONDS NINE,0.4648,0.04,0.4952
CLUBS SIX DIAMONDS QUEEN,0.4156,0.015,0.5694
SPADES SIX HEARTS ACE,0.4106,0.006,0.5834
CLUBS FIVE CLUBS FOUR,0.0678,0.8656,0.0666
SPADES KING DIAMONDS QUEEN,0.4108,0.0086,0.5806
SPADES TEN DIAMONDS EIGHT,0.39,0.024,0.586
DIAMONDS EIGHT DIAMONDS SIX,0.3706,0.0564,0.573
SPADES ACE DIAMONDS SIX,0.4238,0.0042,0.572
SPADES KING HEARTS THREE,0.456,0.0106,0.5334
DIAMONDS TEN CLUBS KING,0.4048,0.0068,0.5884
DIAMONDS TEN SPADES THREE,0.4586,0.0264,0.515
HEARTS THREE DIAMONDS EIGHT,0.4662,0.066,0.4678
CLUBS FOUR HEARTS QUEEN,0.325,0.0414,0.6336
CLUBS EIGHT SPADES TEN,0.3994,0.0224,0.5782
CLUBS SIX SPADES SEVEN,0.3818,0.093,0.5252
SPADES ACE SPADES FOUR,0.2994,0.0216,0.679
SPADES TWO CLUBS ACE,0.4562,0.0072,0.5366
HEARTS SEVEN DIAMONDS SEVEN,0.181,0.1028,0.7162
SPADES QUEEN CLUBS TWO,0.4666,0.0164,0.517
SPADES FOUR DIAMONDS NINE,0.3228,0.104,0.5732
DIAMONDS KING CLUBS THREE,0.4616,0.0072,0.5312
DIAMONDS KING DIAMONDS JACK,0.3922,0.008,0.5998
DIAMONDS QUEEN HEARTS JACK,0.4,0.0074,0.5926
CLUBS SIX HEARTS QUEEN,0.4116,0.0126,0.5758
DIAMONDS TWO CLUBS TWO,0.3876,0.1492,0.4632
SPADES TEN CLUBS THREE,0.4616,0.0278,0.5106
HEARTS SEVEN HEARTS QUEEN,0.3648,0.0146,0.6206
HEARTS SEVEN CLUBS SEVEN,0.1982,0.108,0.6938
DIAMONDS JACK SPADES THREE,0.461,0.0168,0.5222
CLUBS SEVEN DIAMONDS FOUR,0.3082,0.19,0.5018
CLUBS JACK HEARTS EIGHT,0.4026,0.0196,0.5778
CLUBS TEN CLUBS THREE,0.4342,0.0274,0.5384
SPADES TEN DIAMONDS SIX,0.4208,0.026,0.5532
HEARTS SIX DIAMONDS FOUR,0.2776,0.2612,0.4612
SPADES QUEEN DIAMONDS NINE,0.396,0.0106,0.5934
SPADES TEN DIAMONDS TEN,0.232,0.0636,0.7044
CLUBS KING DIAMONDS FIVE,0.3216,0.0394,0.639
HEARTS EIGHT CLUBS SIX,0.3786,0.0642,0.5572
SPADES THREE DIAMONDS EIGHT,0.4678,0.0676,0.4646
SPADES QUEEN HEARTS KING,0.4084,0.0094,0.5822
SPADES SIX DIAMONDS EIGHT,0.3882,0.0596,0.5522
CLUBS SEVEN DIAMONDS ACE,0.4344,0.0036,0.562
DIAMONDS ACE SPADES EIGHT,0.4068,0.0056,0.5876
DIAMONDS EIGHT CLUBS KING,0.426,0.0088,0.5652
HEARTS ACE DIAMONDS FIVE,0.2974,0.026,0.6766
CLUBS EIGHT CLUBS QUEEN,0.3912,0.0108,0.598
HEARTS THREE DIAMONDS ACE,0.443,0.008,0.549
HEARTS KING HEARTS NINE,0.352,0.01,0.638
CLUBS FOUR SPADES FIVE,0.0746,0.9046,0.0208
CLUBS NINE HEARTS THREE,0.4554,0.0458,0.4988
SPADES THREE DIAMONDS SIX,0.4412,0.1576,0.4012
CLUBS SIX DIAMONDS FOUR,0.2998,0.2538,0.4464
SPADES FIVE DIAMONDS FIVE,0.1662,0.1234,0.7104
SPADES KING HEARTS KING,0.2134,0.0218,0.7648
CLUBS NINE HEARTS NINE,0.2116,0.0794,0.709
HEARTS ACE DIAMONDS EIGHT,0.4012,0.0052,0.5936
CLUBS NINE DIAMONDS KING,0.4006,0.0068,0.5926
DIAMONDS ACE DIAMONDS KING,0.3864,0.0046,0.609
SPADES KING SPADES THREE,0.4348,0.009,0.5562
HEARTS SEVEN DIAMONDS JACK,0.391,0.0192,0.5898
DIAMONDS THREE SPADES JACK,0.4536,0.0206,0.5258
SPADES NINE CLUBS ACE,0.399,0.004,0.597
HEARTS JACK DIAMONDS SIX,0.412,0.0224,0.5656
HEARTS TWO SPADES FOUR,0.4424,0.3488,0.2088
DIAMONDS JACK SPADES FOUR,0.3272,0.0622,0.6106
SPADES SEVEN SPADES TWO,0.4374,0.0948,0.4678
DIAMONDS QUEEN CLUBS THREE,0.4546,0.0132,0.5322
HEARTS SIX CLUBS FIVE,0.2724,0.2646,0.463
SPADES KING CLUBS SEVEN,0.4164,0.012,0.5716
SPADES EIGHT DIAMONDS FIVE,0.306,0.1482,0.5458
CLUBS THREE DIAMONDS SIX,0.446,0.1462,0.4078
SPADES KING CLUBS QUEEN,0.423,0.008,0.569
HEARTS SIX CLUBS TWO,0.4392,0.1494,0.4114
CLUBS KING HEARTS NINE,0.3988,0.0078,0.5934
DIAMONDS ACE CLUBS THREE,0.4566,0.0072,0.5362
CLUBS SEVEN SPADES EIGHT,0.3942,0.0574,0.5484
HEARTS THREE CLUBS KING,0.45,0.0132,0.5368
DIAMONDS SEVEN HEARTS JACK,0.3988,0.0212,0.58
CLUBS JACK HEARTS TWO,0.4654,0.0232,0.5114
SPADES JACK DIAMONDS ACE,0.4064,0.0034,0.5902
HEARTS SIX SPADES EIGHT,0.3876,0.0628,0.5496
DIAMONDS QUEEN HEARTS KING,0.3962,0.0102,0.5936
HEARTS THREE SPADES FIVE,0.3012,0.489,0.2098
DIAMONDS NINE DIAMONDS FOUR,0.324,0.0922,0.5838
SPADES SEVEN HEARTS JACK,0.3898,0.02,0.5902
SPADES THREE HEARTS TEN,0.4406,0.0352,0.5242
SPADES JACK DIAMONDS SEVEN,0.4212,0.0186,0.5602
SPADES ACE DIAMONDS TEN,0.3908,0.0056,0.6036
SPADES TEN CLUBS TWO,0.4592,0.0298,0.511
HEARTS TWO SPADES SEVEN,0.4546,0.0942,0.4512
CLUBS TEN DIAMONDS TEN,0.2264,0.0646,0.709
HEARTS EIGHT DIAMONDS NINE,0.3834,0.0372,0.5794
SPADES JACK CLUBS KING,0.407,0.007,0.586
CLUBS TEN CLUBS FIVE,0.315,0.0694,0.6156
HEARTS KING CLUBS KING,0.224,0.0212,0.7548
SPADES TEN SPADES FIVE,0.3114,0.075,0.6136
SPADES EIGHT DIAMONDS KING,0.4296,0.0078,0.5626
DIAMONDS TEN SPADES TWO,0.4642,0.0262,0.5096
CLUBS JACK HEARTS JACK,0.2166,0.05,0.7334
SPADES SIX CLUBS KING,0.4114,0.0072,0.5814
CLUBS EIGHT DIAMONDS QUEEN,0.4154,0.0118,0.5728
SPADES TWO CLUBS QUEEN,0.4784,0.0134,0.5082
HEARTS JACK CLUBS KING,0.4022,0.0076,0.5902
DIAMONDS TWO CLUBS FIVE,0.324,0.466,0.21
SPADES NINE DIAMONDS JACK,0.4008,0.014,0.5852
SPADES QUEEN HEARTS JACK,0.3942,0.0114,0.5944
CLUBS JACK SPADES THREE,0.4596,0.0214,0.519
HEARTS TWO CLUBS THREE,0.4844,0.2276,0.288
DIAMONDS ACE DIAMONDS SIX,0.3866,0.006,0.6074
CLUBS ACE HEARTS JACK,0.403,0.0052,0.5918
HEARTS EIGHT CLUBS QUEEN,0.4018,0.0108,0.5874
CLUBS KING HEARTS TEN,0.4002,0.0092,0.5906
CLUBS THREE CLUBS QUEEN,0.431,0.0144,0.5546
HEARTS KING DIAMONDS SIX,0.4082,0.0108,0.581
CLUBS THREE SPADES FOUR,0.4426,0.3442,0.2132
CLUBS EIGHT SPADES SIX,0.3896,0.0618,0.5486
SPADES EIGHT CLUBS QUEEN,0.4052,0.0112,0.5836
DIAMONDS TEN DIAMONDS EIGHT,0.4,0.0222,0.5778
CLUBS TEN SPADES THREE,0.466,0.0282,0.5058
HEARTS SIX DIAMONDS NINE,0.3948,0.0434,0.5618
CLUBS SEVEN DIAMONDS SIX,0.3876,0.0846,0.5278
CLUBS SIX HEARTS ACE,0.404,0.0058,0.5902
CLUBS TEN SPADES FOUR,0.3394,0.0766,0.584
SPADES KING CLUBS THREE,0.463,0.008,0.529
CLUBS JACK CLUBS EIGHT,0.3822,0.0152,0.6026
SPADES SIX SPADES TWO,0.4292,0.1412,0.4296
CLUBS FOUR HEARTS ACE,0.3022,0.0204,0.6774
HEARTS ACE DIAMONDS SEVEN,0.3994,0.0048,0.5958
CLUBS EIGHT DIAMONDS FIVE,0.3076,0.143,0.5494
DIAMONDS THREE HEARTS ACE,0.4486,0.0062,0.5452
DIAMONDS TEN DIAMONDS FIVE,0.3076,0.0754,0.617
SPADES KING CLUBS ACE,0.4048,0.0056,0.5896
HEARTS SIX SPADES FOUR,0.2792,0.2626,0.4582
CLUBS TEN DIAMONDS NINE,0.3872,0.0232,0.5896
CLUBS TWO HEARTS JACK,0.4612,0.0238,0.515
CLUBS EIGHT DIAMONDS ACE,0.4188,0.0028,0.5784
CLUBS THREE HEARTS JACK,0.438,0.0212,0.5408
DIAMONDS SEVEN HEARTS TEN,0.3894,0.0258,0.5848
HEARTS TEN DIAMONDS FIVE,0.3218,0.0772,0.601
CLUBS THREE SPADES THREE,0.3884,0.139,0.4726
CLUBS SEVEN DIAMONDS KING,0.4138,0.0076,0.5786
DIAMONDS ACE SPADES FIVE,0.3272,0.026,0.6468
DIAMONDS THREE DIAMONDS FIVE,0.2976,0.4374,0.265
SPADES KING HEARTS JACK,0.4004,0.0106,0.589
HEARTS KING HEARTS QUEEN,0.3562,0.008,0.6358
HEARTS SEVEN CLUBS EIGHT,0.3792,0.053,0.5678
DIAMONDS TWO DIAMONDS SIX,0.4306,0.1406,0.4288
DIAMONDS ACE SPADES SEVEN,0.405,0.0036,0.5914
HEARTS SIX SPADES TWO,0.451,0.1486,0.4004
SPADES SEVEN HEARTS QUEEN,0.3986,0.0136,0.5878
HEARTS TWO HEARTS QUEEN,0.4112,0.0164,0.5724
SPADES KING HEARTS QUEEN,0.4052,0.0084,0.5864
CLUBS FIVE SPADES SIX,0.291,0.2584,0.4506
SPADES QUEEN DIAMONDS FIVE,0.325,0.0502,0.6248
SPADES SIX HEARTS NINE,0.3904,0.0474,0.5622
SPADES JACK HEARTS TWO,0.4752,0.0216,0.5032
DIAMONDS TWO CLUBS EIGHT,0.4624,0.0686,0.469
DIAMONDS EIGHT CLUBS QUEEN,0.4214,0.0108,0.5678
HEARTS SEVEN DIAMONDS ACE,0.3902,0.0054,0.6044
DIAMONDS TWO CLUBS FOUR,0.4536,0.35,0.1964
CLUBS EIGHT HEARTS NINE,0.3928,0.038,0.5692
CLUBS TWO DIAMONDS EIGHT,0.4562,0.0668,0.477
SPADES TEN SPADES FOUR,0.3172,0.0676,0.6152
DIAMONDS QUEEN DIAMONDS EIGHT,0.3896,0.0124,0.598
HEARTS ACE CLUBS QUEEN,0.3894,0.0052,0.6054
DIAMONDS QUEEN HEARTS QUEEN,0.2224,0.037,0.7406
SPADES ACE SPADES SEVEN,0.3876,0.0082,0.6042
CLUBS THREE SPADES TWO,0.5086,0.218,0.2734
CLUBS THREE HEARTS ACE,0.429,0.0056,0.5654
CLUBS TEN DIAMONDS SEVEN,0.3992,0.0238,0.577
DIAMONDS TWO CLUBS QUEEN,0.4688,0.0134,0.5178
HEARTS QUEEN DIAMONDS FOUR,0.311,0.0464,0.6426
HEARTS SEVEN DIAMONDS EIGHT,0.3776,0.0594,0.563
CLUBS NINE DIAMONDS NINE,0.2246,0.0774,0.698
HEARTS SIX SPADES THREE,0.4322,0.1482,0.4196
DIAMONDS FIVE CLUBS QUEEN,0.3314,0.0466,0.622
DIAMONDS NINE CLUBS ACE,0.4084,0.0046,0.587
SPADES THREE HEARTS NINE,0.4462,0.0462,0.5076
SPADES QUEEN HEARTS TWO,0.4578,0.0154,0.5268
SPADES JACK CLUBS FOUR,0.3406,0.057,0.6024
SPADES EIGHT DIAMONDS SEVEN,0.3932,0.0592,0.5476
CLUBS FOUR HEARTS JACK,0.3262,0.0562,0.6176
DIAMONDS KING CLUBS ACE,0.4192,0.0036,0.5772
SPADES SEVEN HEARTS NINE,0.3726,0.0402,0.5872
HEARTS ACE HEARTS NINE,0.3504,0.0072,0.6424
HEARTS THREE HEARTS TEN,0.41,0.0316,0.5584
SPADES ACE SPADES JACK,0.3934,0.0052,0.6014
HEARTS TWO DIAMONDS SEVEN,0.4568,0.1012,0.442
CLUBS NINE CLUBS SIX,0.3944,0.0374,0.5682
SPADES EIGHT DIAMONDS QUEEN,0.4284,0.013,0.5586
DIAMONDS FIVE HEARTS NINE,0.2984,0.108,0.5936
HEARTS QUEEN CLUBS ACE,0.3984,0.0066,0.595
DIAMONDS THREE SPADES TEN,0.4676,0.0306,0.5018
SPADES TEN SPADES THREE,0.4272,0.0268,0.546
HEARTS KING HEARTS TEN,0.3574,0.008,0.6346
DIAMONDS TEN CLUBS ACE,0.415,0.0044,0.5806
SPADES NINE CLUBS TWO,0.469,0.0402,0.4908
DIAMONDS TWO DIAMONDS FOUR,0.4314,0.3146,0.254
DIAMONDS JACK SPADES TWO,0.4648,0.0196,0.5156
CLUBS THREE HEARTS TEN,0.4528,0.0292,0.518
CLUBS TEN HEARTS TWO,0.4754,0.025,0.4996
DIAMONDS TWO SPADES NINE,0.459,0.0428,0.4982
CLUBS JACK DIAMONDS FIVE,0.3394,0.0614,0.5992
DIAMONDS THREE CLUBS SIX,0.4398,0.152,0.4082
CLUBS TWO HEARTS NINE,0.4456,0.0448,0.5096
SPADES ACE DIAMONDS KING,0.4158,0.0052,0.579
DIAMONDS THREE SPADES THREE,0.3866,0.1426,0.4708
CLUBS FIVE DIAMONDS TEN,0.3298,0.0874,0.5828
SPADES JACK SPADES SEVEN,0.3922,0.0202,0.5876
CLUBS TEN HEARTS THREE,0.446,0.0342,0.5198
SPADES JACK SPADES TEN,0.377,0.0138,0.6092
SPADES QUEEN SPADES TWO,0.452,0.0126,0.5354
DIAMONDS THREE HEARTS TWO,0.4874,0.2238,0.2888
HEARTS JACK HEARTS TEN,0.3584,0.0142,0.6274
CLUBS SIX CLUBS TWO,0.433,0.1432,0.4238
CLUBS JACK DIAMONDS EIGHT,0.412,0.0186,0.5694
CLUBS SEVEN DIAMONDS SEVEN,0.2082,0.1074,0.6844
SPADES SEVEN HEARTS ACE,0.3968,0.006,0.5972
HEARTS KING CLUBS QUEEN,0.3988,0.0062,0.595
HEARTS EIGHT DIAMONDS FOUR,0.319,0.1382,0.5428
DIAMONDS TWO SPADES QUEEN,0.47,0.0136,0.5164
CLUBS TWO SPADES FOUR,0.4568,0.3414,0.2018
HEARTS EIGHT CLUBS THREE,0.453,0.0646,0.4824
CLUBS SIX DIAMONDS SIX,0.1866,0.123,0.6904
HEARTS THREE HEARTS NINE,0.399,0.0446,0.5564
SPADES EIGHT SPADES THREE,0.4312,0.0678,0.501
DIAMONDS THREE DIAMONDS SIX,0.4104,0.1372,0.4524
CLUBS FIVE HEARTS TEN,0.309,0.083,0.608
CLUBS THREE HEARTS QUEEN,0.4464,0.0142,0.5394
HEARTS THREE DIAMONDS SIX,0.4306,0.1504,0.419
SPADES NINE CLUBS THREE,0.4548,0.043,0.5022
CLUBS KING DIAMONDS FOUR,0.3424,0.0338,0.6238
HEARTS THREE HEARTS ACE,0.3968,0.0054,0.5978
SPADES EIGHT CLUBS FIVE,0.3234,0.1424,0.5342
SPADES FOUR HEARTS KING,0.3178,0.0342,0.648
SPADES NINE SPADES FIVE,0.301,0.1,0.599
CLUBS TEN DIAMONDS QUEEN,0.4002,0.0098,0.59
CLUBS SIX DIAMONDS NINE,0.407,0.041,0.552
CLUBS FIVE CLUBS ACE,0.2858,0.0236,0.6906
CLUBS SEVEN DIAMONDS FIVE,0.3074,0.1942,0.4984
CLUBS NINE CLUBS ACE,0.397,0.0052,0.5978
HEARTS SEVEN HEARTS THREE,0.4058,0.1044,0.4898
SPADES FOUR HEARTS QUEEN,0.3184,0.0488,0.6328
CLUBS TWO CLUBS ACE,0.431,0.0048,0.5642
CLUBS SIX DIAMONDS TEN,0.4046,0.0322,0.5632
SPADES TEN CLUBS FOUR,0.3382,0.0804,0.5814
CLUBS TEN SPADES SEVEN,0.4182,0.0238,0.558
SPADES SEVEN HEARTS TEN,0.4024,0.0292,0.5684
CLUBS EIGHT SPADES FIVE,0.3068,0.145,0.5482
SPADES NINE HEARTS TEN,0.3734,0.0248,0.6018
CLUBS EIGHT DIAMONDS SIX,0.395,0.0648,0.5402
SPADES QUEEN SPADES FIVE,0.3126,0.0434,0.644
HEARTS SEVEN CLUBS NINE,0.39,0.0418,0.5682
DIAMONDS ACE HEARTS QUEEN,0.4096,0.005,0.5854
HEARTS SIX CLUBS ACE,0.3998,0.0038,0.5964
CLUBS TWO HEARTS QUEEN,0.4674,0.0132,0.5194
DIAMONDS KING HEARTS TEN,0.3992,0.0068,0.594
CLUBS TEN CLUBS KING,0.3842,0.008,0.6078
SPADES TEN DIAMONDS ACE,0.3996,0.0054,0.595
HEARTS THREE HEARTS KING,0.409,0.0104,0.5806
HEARTS SIX CLUBS SIX,0.179,0.1202,0.7008
SPADES EIGHT SPADES FIVE,0.2988,0.1434,0.5578
HEARTS THREE SPADES FOUR,0.4394,0.3464,0.2142
DIAMONDS THREE CLUBS EIGHT,0.4638,0.0654,0.4708
DIAMONDS JACK CLUBS ACE,0.4194,0.005,0.5756
SPADES ACE CLUBS NINE,0.4232,0.0036,0.5732
SPADES SEVEN DIAMONDS FOUR,0.306,0.1958,0.4982
SPADES QUEEN DIAMONDS JACK,0.4064,0.0098,0.5838
HEARTS EIGHT CLUBS NINE,0.379,0.0396,0.5814
HEARTS SIX SPADES TEN,0.3966,0.0292,0.5742
SPADES KING CLUBS TEN,0.4178,0.0072,0.575
HEARTS ACE SPADES TWO,0.4358,0.0086,0.5556
DIAMONDS NINE HEARTS TEN,0.3724,0.0224,0.6052
CLUBS NINE DIAMONDS FIVE,0.3154,0.111,0.5736
HEARTS EIGHT HEARTS SIX,0.3268,0.0666,0.6066
CLUBS NINE CLUBS THREE,0.4326,0.0402,0.5272
DIAMONDS KING HEARTS QUEEN,0.3996,0.0072,0.5932
HEARTS SEVEN DIAMONDS QUEEN,0.4056,0.0136,0.5808
SPADES SIX SPADES FOUR,0.2792,0.2454,0.4754
DIAMONDS QUEEN SPADES FOUR,0.336,0.0468,0.6172
DIAMONDS SEVEN DIAMONDS FOUR,0.2936,0.1864,0.52
SPADES ACE CLUBS TEN,0.4102,0.005,0.5848
SPADES NINE DIAMONDS EIGHT,0.3894,0.0326,0.578
CLUBS THREE SPADES FIVE,0.3056,0.4856,0.2088
DIAMONDS JACK CLUBS TWO,0.4678,0.0196,0.5126
DIAMONDS SEVEN DIAMONDS FIVE,0.2856,0.186,0.5284
SPADES ACE DIAMONDS FIVE,0.3062,0.0238,0.67
SPADES ACE SPADES NINE,0.3906,0.0058,0.6036
HEARTS THREE SPADES NINE,0.4462,0.0462,0.5076
HEARTS SEVEN SPADES THREE,0.442,0.0954,0.4626
HEARTS SEVEN CLUBS FOUR,0.2852,0.204,0.5108
DIAMONDS ACE HEARTS ACE,0.2042,0.0034,0.7924
SPADES KING SPADES NINE,0.385,0.0066,0.6084
SPADES TEN HEARTS NINE,0.3722,0.0248,0.603
CLUBS FIVE DIAMONDS FIVE,0.1692,0.1284,0.7024
CLUBS FIVE CLUBS KING,0.31,0.0378,0.6522
SPADES FOUR DIAMONDS EIGHT,0.3308,0.1378,0.5314
SPADES ACE HEARTS EIGHT,0.3922,0.0048,0.603
SPADES SEVEN DIAMONDS FIVE,0.3206,0.1838,0.4956
HEARTS THREE CLUBS FOUR,0.4436,0.342,0.2144
HEARTS KING CLUBS ACE,0.4022,0.0054,0.5924
HEARTS THREE HEARTS JACK,0.4114,0.0234,0.5652
SPADES TEN SPADES TWO,0.426,0.026,0.548
DIAMONDS THREE SPADES TWO,0.4876,0.2324,0.28
CLUBS NINE DIAMONDS EIGHT,0.3926,0.0366,0.5708
HEARTS EIGHT HEARTS KING,0.3608,0.0084,0.6308
DIAMONDS THREE DIAMONDS NINE,0.4378,0.0392,0.523
DIAMONDS THREE SPADES KING,0.4558,0.0074,0.5368
SPADES EIGHT SPADES SEVEN,0.3606,0.053,0.5864
SPADES QUEEN SPADES SEVEN,0.3962,0.0126,0.5912
SPADES QUEEN HEARTS ACE,0.4052,0.0036,0.5912
DIAMONDS TWO SPADES THREE,0.4928,0.229,0.2782
CLUBS SEVEN CLUBS FOUR,0.2896,0.1772,0.5332
HEARTS SEVEN SPADES FOUR,0.2998,0.1928,0.5074
SPADES ACE DIAMONDS NINE,0.413,0.0042,0.5828
DIAMONDS ACE HEARTS JACK,0.3998,0.0064,0.5938
HEARTS TWO CLUBS SIX,0.4412,0.1558,0.403
DIAMONDS KING SPADES SIX,0.4172,0.0086,0.5742
CLUBS SEVEN CLUBS FIVE,0.2822,0.1894,0.5284
HEARTS TWO DIAMONDS SIX,0.4468,0.1436,0.4096
SPADES QUEEN HEARTS NINE,0.3818,0.014,0.6042
CLUBS JACK SPADES FOUR,0.3248,0.0564,0.6188
CLUBS FOUR DIAMONDS QUEEN,0.324,0.0458,0.6302
HEARTS THREE DIAMONDS FIVE,0.295,0.4828,0.2222
SPADES TWO CLUBS KING,0.4738,0.0106,0.5156
SPADES SIX DIAMONDS FIVE,0.2884,0.2498,0.4618
SPADES TWO HEARTS TEN,0.449,0.032,0.519
SPADES EIGHT CLUBS FOUR,0.3278,0.1398,0.5324
CLUBS EIGHT HEARTS TWO,0.4596,0.0668,0.4736
DIAMONDS FIVE DIAMONDS FOUR,0.0692,0.861,0.0698
DIAMONDS TWO SPADES SEVEN,0.489,0.0884,0.4226
HEARTS QUEEN DIAMONDS SIX,0.4028,0.0126,0.5846
SPADES JACK DIAMONDS SIX,0.4082,0.0182,0.5736
SPADES EIGHT SPADES FOUR,0.3046,0.1342,0.5612
SPADES EIGHT HEARTS ACE,0.4184,0.0062,0.5754
CLUBS FIVE HEARTS QUEEN,0.3138,0.0496,0.6366
HEARTS EIGHT HEARTS TEN,0.3428,0.0264,0.6308
HEARTS EIGHT DIAMONDS QUEEN,0.4012,0.0104,0.5884
CLUBS TEN SPADES QUEEN,0.4084,0.0102,0.5814
CLUBS EIGHT HEARTS ACE,0.3932,0.0046,0.6022
DIAMONDS KING DIAMONDS SEVEN,0.4026,0.0088,0.5886
CLUBS FOUR DIAMONDS SEVEN,0.2948,0.1968,0.5084
HEARTS QUEEN HEARTS JACK,0.3598,0.0118,0.6284
HEARTS KING DIAMONDS FOUR,0.3182,0.031,0.6508
CLUBS NINE SPADES THREE,0.4436,0.048,0.5084
DIAMONDS THREE CLUBS QUEEN,0.4422,0.0178,0.54
HEARTS KING DIAMONDS SEVEN,0.4044,0.009,0.5866
SPADES KING DIAMONDS NINE,0.4156,0.0072,0.5772
CLUBS TWO CLUBS QUEEN,0.4366,0.017,0.5464
CLUBS SEVEN CLUBS KING,0.3938,0.0078,0.5984
SPADES QUEEN CLUBS NINE,0.418,0.011,0.571
CLUBS TEN CLUBS FOUR,0.3044,0.0684,0.6272
HEARTS SIX DIAMONDS FIVE,0.2688,0.2548,0.4764
DIAMONDS TEN DIAMONDS SEVEN,0.3812,0.022,0.5968
CLUBS FOUR HEARTS TEN,0.3232,0.0752,0.6016
CLUBS JACK CLUBS KING,0.3946,0.0084,0.597
CLUBS NINE HEARTS TWO,0.4542,0.0462,0.4996
CLUBS EIGHT SPADES FOUR,0.3204,0.1324,0.5472
CLUBS SIX CLUBS FOUR,0.2742,0.2432,0.4826
SPADES QUEEN DIAMONDS EIGHT,0.4192,0.0126,0.5682
DIAMONDS THREE SPADES FOUR,0.4528,0.3414,0.2058
SPADES ACE HEARTS NINE,0.3988,0.0052,0.596
CLUBS ACE CLUBS KING,0.3796,0.004,0.6164
DIAMONDS SEVEN CLUBS QUEEN,0.4124,0.01,0.5776
DIAMONDS ACE CLUBS TWO,0.444,0.0048,0.5512
SPADES TEN DIAMONDS KING,0.4012,0.007,0.5918
CLUBS EIGHT HEARTS KING,0.4018,0.0078,0.5904
SPADES TWO HEARTS JACK,0.456,0.0218,0.5222
SPADES KING DIAMONDS EIGHT,0.4328,0.0072,0.56
CLUBS SEVEN SPADES NINE,0.4018,0.0376,0.5606
CLUBS NINE SPADES SIX,0.4014,0.0442,0.5544
SPADES THREE HEARTS QUEEN,0.453,0.0148,0.5322
HEARTS EIGHT SPADES THREE,0.4518,0.0662,0.482
CLUBS NINE CLUBS KING,0.3912,0.0096,0.5992
SPADES KING DIAMONDS KING,0.2292,0.0218,0.749
SPADES FIVE SPADES TWO,0.316,0.4378,0.2462
SPADES QUEEN CLUBS SIX,0.4086,0.0156,0.5758
SPADES QUEEN HEARTS SIX,0.3988,0.0134,0.5878
CLUBS FOUR SPADES FOUR,0.322,0.1054,0.5726
DIAMONDS EIGHT DIAMONDS FIVE,0.31,0.1248,0.5652
DIAMONDS TEN CLUBS QUEEN,0.4238,0.0114,0.5648
SPADES JACK HEARTS ACE,0.398,0.0048,0.5972
SPADES EIGHT DIAMONDS JACK,0.4122,0.0142,0.5736
DIAMONDS JACK CLUBS KING,0.4178,0.0076,0.5746
SPADES QUEEN SPADES NINE,0.3788,0.0124,0.6088
DIAMONDS THREE DIAMONDS KING,0.4356,0.0124,0.552
SPADES FOUR DIAMONDS SEVEN,0.3014,0.1918,0.5068
CLUBS TWO SPADES THREE,0.4986,0.2184,0.283
HEARTS EIGHT DIAMONDS SIX,0.3714,0.0576,0.571
CLUBS EIGHT CLUBS THREE,0.4268,0.0618,0.5114
SPADES EIGHT SPADES SIX,0.3672,0.0586,0.5742
HEARTS EIGHT HEARTS NINE,0.3298,0.0406,0.6296
SPADES JACK DIAMONDS NINE,0.4102,0.0162,0.5736
SPADES QUEEN CLUBS QUEEN,0.225,0.0306,0.7444
DIAMONDS THREE SPADES FIVE,0.322,0.469,0.209
HEARTS SEVEN CLUBS ACE,0.4062,0.004,0.5898
SPADES JACK HEARTS NINE,0.395,0.016,0.589
CLUBS SIX HEARTS NINE,0.3958,0.039,0.5652
SPADES QUEEN DIAMONDS KING,0.416,0.006,0.578
HEARTS THREE SPADES SEVEN,0.448,0.1036,0.4484
CLUBS TWO HEARTS ACE,0.4356,0.0066,0.5578
CLUBS TEN SPADES FIVE,0.3284,0.0842,0.5874
DIAMONDS JACK CLUBS QUEEN,0.4074,0.0112,0.5814
CLUBS SEVEN SPADES SIX,0.3696,0.0908,0.5396
CLUBS JACK HEARTS SIX,0.3918,0.023,0.5852
SPADES NINE CLUBS SIX,0.3998,0.0402,0.56
HEARTS EIGHT CLUBS FOUR,0.2986,0.1424,0.559
HEARTS SIX CLUBS KING,0.4066,0.0058,0.5876
CLUBS NINE CLUBS FOUR,0.3242,0.0996,0.5762
CLUBS JACK DIAMONDS TWO,0.4514,0.0204,0.5282
CLUBS SEVEN CLUBS THREE,0.425,0.0964,0.4786
HEARTS KING DIAMONDS EIGHT,0.396,0.0086,0.5954
SPADES KING CLUBS FOUR,0.3334,0.0328,0.6338
SPADES QUEEN SPADES SIX,0.3894,0.0148,0.5958
DIAMONDS THREE DIAMONDS SEVEN,0.4304,0.0914,0.4782
HEARTS KING HEARTS JACK,0.3454,0.0086,0.646
HEARTS THREE CLUBS THREE,0.3798,0.1394,0.4808
SPADES KING SPADES JACK,0.3792,0.01,0.6108
SPADES FIVE SPADES FOUR,0.0786,0.8554,0.066
CLUBS JACK SPADES TWO,0.4698,0.0214,0.5088
CLUBS NINE DIAMONDS ACE,0.4222,0.0062,0.5716
DIAMONDS NINE CLUBS KING,0.424,0.0068,0.5692
SPADES TEN DIAMONDS NINE,0.3926,0.0212,0.5862
CLUBS NINE HEARTS ACE,0.4072,0.0058,0.587
SPADES JACK DIAMONDS TEN,0.3964,0.0132,0.5904
HEARTS EIGHT SPADES SIX,0.3768,0.0666,0.5566
DIAMONDS NINE CLUBS QUEEN,0.417,0.011,0.572
CLUBS SEVEN HEARTS TEN,0.4034,0.0246,0.572
CLUBS FOUR CLUBS QUEEN,0.3174,0.0404,0.6422
DIAMONDS TWO DIAMONDS KING,0.4426,0.0086,0.5488
SPADES QUEEN DIAMONDS TEN,0.411,0.0106,0.5784
DIAMONDS JACK DIAMONDS NINE,0.3712,0.0184,0.6104
HEARTS EIGHT SPADES TWO,0.4414,0.0654,0.4932
CLUBS JACK SPADES NINE,0.4054,0.0176,0.577
SPADES KING DIAMONDS TEN,0.4158,0.0074,0.5768
SPADES TWO HEARTS NINE,0.4466,0.0466,0.5068
SPADES QUEEN CLUBS ACE,0.4216,0.003,0.5754
DIAMONDS TWO HEARTS JACK,0.468,0.023,0.509
SPADES KING CLUBS SIX,0.4298,0.0068,0.5634
SPADES KING HEARTS TEN,0.3882,0.0092,0.6026
SPADES SEVEN CLUBS FOUR,0.2974,0.1936,0.509
HEARTS ACE DIAMONDS SIX,0.4088,0.0056,0.5856
HEARTS JACK DIAMONDS FOUR,0.328,0.0544,0.6176
DIAMONDS TEN HEARTS QUEEN,0.3908,0.0104,0.5988
DIAMONDS THREE CLUBS KING,0.4606,0.0132,0.5262
SPADES TEN HEARTS TEN,0.222,0.064,0.714
SPADES SIX DIAMONDS SEVEN,0.376,0.0882,0.5358
DIAMONDS THREE DIAMONDS EIGHT,0.4306,0.0606,0.5088
SPADES QUEEN CLUBS SEVEN,0.4174,0.0094,0.5732
CLUBS SIX SPADES THREE,0.4466,0.1548,0.3986
CLUBS JACK DIAMONDS THREE,0.4576,0.019,0.5234
SPADES NINE DIAMONDS NINE,0.2186,0.0684,0.713
CLUBS TEN SPADES TEN,0.2278,0.066,0.7062
CLUBS JACK HEARTS ACE,0.4018,0.0046,0.5936
HEARTS SEVEN CLUBS KING,0.4238,0.0082,0.568
DIAMONDS THREE HEARTS QUEEN,0.4594,0.0166,0.524
SPADES EIGHT HEARTS JACK,0.4002,0.0174,0.5824
CLUBS SEVEN HEARTS KING,0.414,0.008,0.578
CLUBS SEVEN DIAMONDS NINE,0.4018,0.0436,0.5546
DIAMONDS JACK HEARTS JACK,0.2204,0.0518,0.7278
SPADES TEN HEARTS QUEEN,0.3838,0.0124,0.6038
CLUBS FIVE SPADES SEVEN,0.3002,0.1928,0.507
HEARTS KING SPADES TWO,0.4472,0.0104,0.5424
HEARTS SEVEN HEARTS ACE,0.3644,0.0078,0.6278
SPADES TWO DIAMONDS SEVEN,0.4516,0.098,0.4504
SPADES QUEEN CLUBS FOUR,0.338,0.0458,0.6162
SPADES ACE CLUBS EIGHT,0.426,0.005,0.569
DIAMONDS THREE CLUBS TWO,0.5,0.2234,0.2766
HEARTS TWO HEARTS KING,0.4166,0.01,0.5734
SPADES FIVE HEARTS JACK,0.3206,0.0646,0.6148
DIAMONDS JACK DIAMONDS EIGHT,0.392,0.0178,0.5902
DIAMONDS TEN DIAMONDS NINE,0.3662,0.0176,0.6162
CLUBS SEVEN SPADES TWO,0.4788,0.094,0.4272
HEARTS THREE SPADES TEN,0.4414,0.0306,0.528
HEARTS SIX HEARTS TWO,0.4006,0.158,0.4414
SPADES KING DIAMONDS ACE,0.4264,0.003,0.5706
CLUBS SEVEN CLUBS QUEEN,0.3954,0.0144,0.5902
DIAMONDS THREE CLUBS FIVE,0.3158,0.486,0.1982
DIAMONDS QUEEN CLUBS QUEEN,0.2212,0.0378,0.741
CLUBS TWO HEARTS KING,0.45,0.011,0.539
HEARTS THREE CLUBS ACE,0.4354,0.0072,0.5574
CLUBS FIVE DIAMONDS EIGHT,0.3178,0.1468,0.5354
SPADES KING CLUBS FIVE,0.325,0.041,0.634
CLUBS TWO DIAMONDS FOUR,0.4542,0.3368,0.209
CLUBS FOUR SPADES TWO,0.4574,0.3386,0.204
HEARTS EIGHT CLUBS EIGHT,0.2096,0.0966,0.6938
HEARTS EIGHT HEARTS THREE,0.4062,0.0702,0.5236
SPADES JACK CLUBS FIVE,0.3166,0.065,0.6184
CLUBS NINE SPADES FIVE,0.3078,0.109,0.5832
HEARTS SIX DIAMONDS EIGHT,0.3688,0.0652,0.566
SPADES QUEEN DIAMONDS SEVEN,0.419,0.012,0.569
SPADES EIGHT CLUBS KING,0.424,0.0086,0.5674
SPADES QUEEN DIAMONDS QUEEN,0.2212,0.0394,0.7394
SPADES ACE CLUBS SIX,0.413,0.003,0.584
CLUBS NINE SPADES JACK,0.4006,0.016,0.5834
SPADES EIGHT SPADES TWO,0.432,0.0646,0.5034
SPADES ACE SPADES QUEEN,0.3826,0.0034,0.614
CLUBS FIVE DIAMONDS SEVEN,0.2998,0.1936,0.5066
DIAMONDS ACE DIAMONDS NINE,0.3956,0.006,0.5984
SPADES EIGHT HEARTS KING,0.4074,0.0082,0.5844
SPADES EIGHT HEARTS TEN,0.393,0.0256,0.5814
DIAMONDS QUEEN HEARTS NINE,0.3914,0.0116,0.597
SPADES THREE DIAMONDS FIVE,0.3144,0.4736,0.212
CLUBS NINE DIAMONDS QUEEN,0.4228,0.01,0.5672
HEARTS ACE DIAMONDS NINE,0.3966,0.0058,0.5976
SPADES NINE DIAMONDS KING,0.4068,0.0076,0.5856
SPADES ACE DIAMONDS QUEEN,0.4074,0.0044,0.5882
DIAMONDS ACE CLUBS FIVE,0.3144,0.0232,0.6624
CLUBS FIVE SPADES THREE,0.3114,0.4858,0.2028
SPADES SIX DIAMONDS JACK,0.4268,0.0176,0.5556
DIAMONDS THREE HEARTS SIX,0.4226,0.151,0.4264
SPADES KING SPADES QUEEN,0.3872,0.0064,0.6064
SPADES NINE DIAMONDS FOUR,0.3256,0.1012,0.5732
CLUBS FOUR HEARTS NINE,0.322,0.1018,0.5762
HEARTS THREE CLUBS TWO,0.4836,0.2278,0.2886
SPADES ACE SPADES THREE,0.4192,0.0052,0.5756
SPADES NINE DIAMONDS ACE,0.402,0.0056,0.5924
DIAMONDS NINE DIAMONDS EIGHT,0.3806,0.0338,0.5856
SPADES ACE DIAMONDS SEVEN,0.4236,0.004,0.5724
CLUBS THREE DIAMONDS NINE,0.459,0.0398,0.5012
HEARTS SEVEN HEARTS KING,0.3576,0.009,0.6334
SPADES FOUR DIAMONDS FIVE,0.071,0.9064,0.0226
DIAMONDS JACK DIAMONDS FOUR,0.3076,0.0614,0.631
SPADES JACK SPADES SIX,0.4012,0.0166,0.5822
SPADES FOUR DIAMONDS SIX,0.285,0.262,0.453
CLUBS TEN CLUBS EIGHT,0.3838,0.0222,0.594
HEARTS EIGHT CLUBS KING,0.3908,0.0096,0.5996
DIAMONDS TWO SPADES JACK,0.459,0.0196,0.5214
CLUBS FIVE SPADES FIVE,0.17,0.1234,0.7066
HEARTS EIGHT DIAMONDS ACE,0.3966,0.0052,0.5982
SPADES KING DIAMONDS TWO,0.4792,0.0098,0.511
SPADES JACK HEARTS KING,0.3926,0.0088,0.5986
CLUBS FOUR SPADES THREE,0.4372,0.3566,0.2062
SPADES JACK SPADES TWO,0.4472,0.019,0.5338
CLUBS JACK DIAMONDS QUEEN,0.4166,0.011,0.5724
HEARTS EIGHT DIAMONDS THREE,0.4422,0.069,0.4888
SPADES NINE SPADES FOUR,0.324,0.0932,0.5828
DIAMONDS ACE SPADES TWO,0.4582,0.0048,0.537
CLUBS EIGHT CLUBS FOUR,0.3038,0.1334,0.5628
DIAMONDS ACE DIAMONDS FIVE,0.2948,0.0266,0.6786
SPADES SEVEN CLUBS QUEEN,0.4186,0.0112,0.5702
SPADES JACK CLUBS SEVEN,0.4072,0.0168,0.576
CLUBS FOUR DIAMONDS TEN,0.339,0.072,0.589
HEARTS EIGHT SPADES FOUR,0.3134,0.1372,0.5494
DIAMONDS TWO DIAMONDS EIGHT,0.433,0.0598,0.5072
SPADES SEVEN CLUBS TWO,0.4674,0.0946,0.438
DIAMONDS THREE SPADES SIX,0.4408,0.1528,0.4064
SPADES FOUR HEARTS NINE,0.3174,0.1142,0.5684
DIAMONDS KING SPADES THREE,0.4564,0.0112,0.5324
DIAMONDS KING DIAMONDS QUEEN,0.39,0.005,0.605
SPADES FIVE DIAMONDS FOUR,0.0746,0.906,0.0194
CLUBS SIX CLUBS KING,0.3852,0.0084,0.6064
DIAMONDS KING DIAMONDS SIX,0.3882,0.0096,0.6022
SPADES FIVE CLUBS KING,0.3288,0.034,0.6372
HEARTS TWO HEARTS TEN,0.4182,0.0326,0.5492
DIAMONDS THREE DIAMONDS FOUR,0.426,0.3224,0.2516
CLUBS SIX DIAMONDS ACE,0.4008,0.0036,0.5956
CLUBS TEN CLUBS ACE,0.3876,0.0066,0.6058
HEARTS EIGHT CLUBS FIVE,0.3084,0.1414,0.5502
CLUBS FOUR CLUBS THREE,0.4284,0.324,0.2476
DIAMONDS ACE HEARTS NINE,0.394,0.0068,0.5992
SPADES THREE DIAMONDS SEVEN,0.46,0.0908,0.4492
HEARTS ACE CLUBS ACE,0.2028,0.0058,0.7914
DIAMONDS QUEEN DIAMONDS SEVEN,0.3982,0.0088,0.593
SPADES NINE CLUBS QUEEN,0.402,0.0104,0.5876
CLUBS SEVEN SPADES FOUR,0.309,0.185,0.506
CLUBS SEVEN DIAMONDS JACK,0.4178,0.0198,0.5624
DIAMONDS SEVEN CLUBS ACE,0.4186,0.0054,0.576
HEARTS EIGHT SPADES SEVEN,0.3936,0.062,0.5444
HEARTS ACE CLUBS KING,0.396,0.0058,0.5982
CLUBS SEVEN SPADES SEVEN,0.1988,0.1034,0.6978
CLUBS JACK CLUBS SEVEN,0.3962,0.0172,0.5866
SPADES SEVEN DIAMONDS EIGHT,0.4008,0.0596,0.5396
DIAMONDS TWO SPADES SIX,0.457,0.144,0.399
SPADES TWO DIAMONDS FIVE,0.333,0.4608,0.2062
SPADES KING CLUBS EIGHT,0.4194,0.007,0.5736
CLUBS THREE DIAMONDS SEVEN,0.4558,0.0982,0.446
SPADES KING DIAMONDS JACK,0.4208,0.0068,0.5724
SPADES NINE HEARTS QUEEN,0.3926,0.013,0.5944
HEARTS THREE DIAMONDS FOUR,0.4382,0.349,0.2128
SPADES JACK CLUBS EIGHT,0.4044,0.0178,0.5778
HEARTS SEVEN SPADES JACK,0.4078,0.0216,0.5706
HEARTS SEVEN DIAMONDS NINE,0.368,0.0412,0.5908
DIAMONDS THREE SPADES QUEEN,0.4582,0.0122,0.5296
DIAMONDS EIGHT HEARTS JACK,0.3984,0.016,0.5856
DIAMONDS TWO SPADES FIVE,0.336,0.4726,0.1914
SPADES ACE HEARTS SEVEN,0.399,0.0046,0.5964
CLUBS TEN SPADES EIGHT,0.4134,0.0256,0.561
SPADES JACK HEARTS TEN,0.3992,0.016,0.5848
SPADES TEN CLUBS FIVE,0.323,0.0772,0.5998
SPADES EIGHT CLUBS THREE,0.4622,0.0644,0.4734
DIAMONDS TWO HEARTS TEN,0.4558,0.0296,0.5146
HEARTS SEVEN DIAMONDS TEN,0.388,0.0286,0.5834
CLUBS JACK DIAMONDS JACK,0.2386,0.0436,0.7178
CLUBS SIX SPADES SIX,0.1876,0.1206,0.6918
SPADES ACE CLUBS KING,0.411,0.0056,0.5834
SPADES SEVEN DIAMONDS SIX,0.3908,0.0936,0.5156
CLUBS TEN HEARTS KING,0.4106,0.0066,0.5828
SPADES JACK DIAMONDS KING,0.4052,0.008,0.5868
CLUBS JACK CLUBS TEN,0.379,0.0154,0.6056
HEARTS THREE DIAMONDS SEVEN,0.4436,0.0956,0.4608
DIAMONDS TWO DIAMONDS ACE,0.4362,0.0058,0.558
SPADES SEVEN DIAMONDS SEVEN,0.2018,0.1016,0.6966
CLUBS TEN DIAMONDS ACE,0.4056,0.0034,0.591
CLUBS QUEEN DIAMONDS FOUR,0.3368,0.0414,0.6218
HEARTS EIGHT DIAMONDS KING,0.407,0.006,0.587
HEARTS TWO DIAMONDS NINE,0.4546,0.0472,0.4982
CLUBS NINE CLUBS EIGHT,0.3768,0.0336,0.5896
CLUBS NINE DIAMONDS FOUR,0.3308,0.1084,0.5608
HEARTS EIGHT SPADES TEN,0.3808,0.0298,0.5894
SPADES KING CLUBS TWO,0.4584,0.0084,0.5332
SPADES QUEEN SPADES FOUR,0.3224,0.0402,0.6374
DIAMONDS EIGHT HEARTS NINE,0.3768,0.0398,0.5834
CLUBS FOUR HEARTS KING,0.3124,0.0358,0.6518
SPADES ACE SPADES EIGHT,0.3914,0.0066,0.602
DIAMONDS ACE SPADES THREE,0.4492,0.0036,0.5472
DIAMONDS TWO SPADES TWO,0.386,0.1552,0.4588
CLUBS SIX CLUBS ACE,0.3896,0.004,0.6064
HEARTS SIX HEARTS TEN,0.364,0.0262,0.6098
HEARTS THREE HEARTS TWO,0.4872,0.2248,0.288
SPADES TEN SPADES SEVEN,0.38,0.0262,0.5938
SPADES TEN HEARTS JACK,0.3828,0.0148,0.6024
CLUBS FIVE DIAMONDS SIX,0.2824,0.2518,0.4658
DIAMONDS SEVEN DIAMONDS SIX,0.3552,0.0856,0.5592
SPADES SEVEN DIAMONDS JACK,0.4154,0.0164,0.5682
CLUBS TEN HEARTS ACE,0.39,0.0066,0.6034
SPADES TWO HEARTS QUEEN,0.4604,0.013,0.5266
HEARTS TWO CLUBS KING,0.4556,0.0118,0.5326
CLUBS JACK CLUBS FOUR,0.3164,0.0584,0.6252
SPADES THREE CLUBS ACE,0.4486,0.0054,0.546
CLUBS SEVEN SPADES FIVE,0.287,0.194,0.519
SPADES NINE SPADES SIX,0.3848,0.0384,0.5768
HEARTS EIGHT SPADES JACK,0.395,0.0174,0.5876
CLUBS FOUR DIAMONDS FOUR,0.3142,0.1162,0.5696
HEARTS SIX HEARTS QUEEN,0.3512,0.0154,0.6334
DIAMONDS ACE SPADES FOUR,0.3164,0.0214,0.6622
HEARTS SIX HEARTS JACK,0.355,0.0182,0.6268
HEARTS SEVEN DIAMONDS SIX,0.3588,0.1014,0.5398
CLUBS EIGHT SPADES NINE,0.3928,0.0382,0.569
DIAMONDS THREE HEARTS SEVEN,0.4324,0.0968,0.4708
CLUBS FIVE SPADES TWO,0.3408,0.4578,0.2014
DIAMONDS SIX HEARTS NINE,0.3954,0.0412,0.5634
SPADES NINE DIAMONDS SIX,0.3994,0.0432,0.5574
CLUBS TWO DIAMONDS SEVEN,0.4714,0.0978,0.4308
DIAMONDS TWO HEARTS KING,0.4536,0.0104,0.536
CLUBS JACK SPADES JACK,0.2368,0.0472,0.716
DIAMONDS TWO CLUBS ACE,0.45,0.0048,0.5452
CLUBS THREE DIAMONDS TEN,0.4492,0.0282,0.5226
CLUBS FIVE DIAMONDS NINE,0.3032,0.1036,0.5932
CLUBS JACK SPADES EIGHT,0.4124,0.0162,0.5714
HEARTS THREE CLUBS SEVEN,0.451,0.101,0.448
CLUBS FIVE CLUBS THREE,0.2954,0.4586,0.246
HEARTS TWO SPADES SIX,0.4368,0.154,0.4092
SPADES FOUR DIAMONDS FOUR,0.316,0.1132,0.5708
HEARTS SEVEN CLUBS SIX,0.3674,0.1014,0.5312
HEARTS TWO SPADES THREE,0.492,0.2242,0.2838
CLUBS EIGHT DIAMONDS KING,0.4196,0.0076,0.5728
CLUBS SEVEN HEARTS TWO,0.4758,0.1072,0.417
CLUBS THREE DIAMONDS JACK,0.4662,0.0224,0.5114
DIAMONDS SIX HEARTS TEN,0.4006,0.027,0.5724
DIAMONDS QUEEN DIAMONDS FIVE,0.319,0.045,0.636
SPADES JACK HEARTS QUEEN,0.3936,0.0108,0.5956
CLUBS NINE SPADES EIGHT,0.3842,0.0388,0.577
CLUBS TEN DIAMONDS JACK,0.4134,0.012,0.5746
DIAMONDS JACK HEARTS QUEEN,0.3908,0.0102,0.599
DIAMONDS TEN HEARTS NINE,0.3732,0.0246,0.6022
DIAMONDS ACE DIAMONDS TEN,0.379,0.0042,0.6168
HEARTS EIGHT HEARTS ACE,0.3684,0.0066,0.625
CLUBS FIVE SPADES FOUR,0.0754,0.8986,0.026
HEARTS SIX DIAMONDS QUEEN,0.412,0.0132,0.5748
SPADES NINE HEARTS ACE,0.3938,0.005,0.6012
HEARTS TWO CLUBS ACE,0.4424,0.0054,0.5522
SPADES JACK DIAMONDS FOUR,0.334,0.0584,0.6076
SPADES TEN CLUBS ACE,0.4128,0.0042,0.583
CLUBS TWO HEARTS TEN,0.4424,0.0362,0.5214
DIAMONDS TWO HEARTS SIX,0.4408,0.147,0.4122
DIAMONDS TWO HEARTS THREE,0.502,0.2212,0.2768
DIAMONDS KING HEARTS JACK,0.3976,0.01,0.5924
CLUBS TWO SPADES TWO,0.3906,0.144,0.4654
DIAMONDS THREE HEARTS THREE,0.384,0.1482,0.4678
SPADES FIVE DIAMONDS TEN,0.3332,0.0714,0.5954
HEARTS SEVEN SPADES SIX,0.3672,0.103,0.5298
SPADES JACK HEARTS JACK,0.218,0.0526,0.7294
DIAMONDS KING DIAMONDS FIVE,0.3048,0.0402,0.655
DIAMONDS SEVEN HEARTS NINE,0.3896,0.0428,0.5676
DIAMONDS THREE SPADES NINE,0.453,0.0448,0.5022
CLUBS THREE HEARTS NINE,0.4442,0.0434,0.5124
DIAMONDS THREE DIAMONDS ACE,0.4242,0.0068,0.569
SPADES SIX HEARTS QUEEN,0.4076,0.0158,0.5766
HEARTS ACE DIAMONDS FOUR,0.2956,0.0216,0.6828
SPADES FOUR CLUBS KING,0.3376,0.0328,0.6296
HEARTS TWO CLUBS FIVE,0.3196,0.4722,0.2082
SPADES SIX DIAMONDS FOUR,0.292,0.2562,0.4518
HEARTS EIGHT CLUBS TWO,0.4558,0.071,0.4732
SPADES JACK SPADES EIGHT,0.3858,0.015,0.5992
SPADES KING SPADES TEN,0.3884,0.01,0.6016
CLUBS SEVEN DIAMONDS QUEEN,0.414,0.0104,0.5756
DIAMONDS NINE SPADES TWO,0.4638,0.0418,0.4944
SPADES FOUR CLUBS QUEEN,0.3388,0.038,0.6232
SPADES TEN DIAMONDS QUEEN,0.4006,0.013,0.5864
CLUBS THREE CLUBS TWO,0.4726,0.2132,0.3142
CLUBS FIVE CLUBS TWO,0.3062,0.453,0.2408
CLUBS FOUR CLUBS ACE,0.3028,0.0206,0.6766
CLUBS EIGHT DIAMONDS FOUR,0.3232,0.1404,0.5364
DIAMONDS THREE HEARTS NINE,0.4532,0.0418,0.505
HEARTS SEVEN DIAMONDS KING,0.3972,0.0082,0.5946
HEARTS SIX CLUBS FOUR,0.2836,0.2594,0.457
SPADES NINE SPADES THREE,0.4426,0.038,0.5194
DIAMONDS TWO SPADES TEN,0.4624,0.0306,0.507
SPADES SEVEN DIAMONDS TEN,0.3998,0.0246,0.5756
HEARTS SEVEN CLUBS QUEEN,0.397,0.0132,0.5898
SPADES THREE CLUBS KING,0.4578,0.007,0.5352
SPADES TEN HEARTS KING,0.3916,0.0092,0.5992
HEARTS TWO CLUBS QUEEN,0.4506,0.0146,0.5348
CLUBS FOUR CLUBS TWO,0.4206,0.3218,0.2576
SPADES ACE SPADES KING,0.3892,0.0036,0.6072
DIAMONDS TWO DIAMONDS QUEEN,0.4336,0.0134,0.553
SPADES JACK CLUBS ACE,0.4108,0.0066,0.5826
CLUBS NINE HEARTS KING,0.4046,0.0062,0.5892
SPADES FIVE DIAMONDS SEVEN,0.3032,0.2002,0.4966
CLUBS JACK DIAMONDS NINE,0.4054,0.0126,0.582
CLUBS EIGHT DIAMONDS NINE,0.386,0.034,0.58
SPADES ACE DIAMONDS JACK,0.4144,0.0042,0.5814
SPADES EIGHT DIAMONDS TEN,0.403,0.026,0.571
CLUBS ACE CLUBS QUEEN,0.3842,0.0056,0.6102
CLUBS TWO CLUBS KING,0.4482,0.011,0.5408
SPADES ACE CLUBS QUEEN,0.4296,0.004,0.5664
HEARTS QUEEN HEARTS NINE,0.3608,0.0156,0.6236
CLUBS SEVEN DIAMONDS TEN,0.4034,0.0222,0.5744
HEARTS SIX SPADES FIVE,0.2626,0.2614,0.476
SPADES KING SPADES EIGHT,0.4022,0.0076,0.5902
SPADES JACK DIAMONDS FIVE,0.333,0.0588,0.6082
SPADES ACE DIAMONDS ACE,0.2128,0.0036,0.7836
DIAMONDS QUEEN CLUBS KING,0.399,0.008,0.593
SPADES ACE SPADES SIX,0.3962,0.004,0.5998
SPADES KING DIAMONDS FIVE,0.3164,0.0338,0.6498
HEARTS EIGHT DIAMONDS JACK,0.394,0.021,0.585
CLUBS NINE SPADES FOUR,0.3398,0.1008,0.5594
SPADES JACK HEARTS THREE,0.4586,0.0186,0.5228
SPADES TEN CLUBS SEVEN,0.4016,0.0276,0.5708
DIAMONDS KING HEARTS NINE,0.3928,0.0088,0.5984
SPADES THREE CLUBS QUEEN,0.4576,0.0126,0.5298
SPADES FIVE HEARTS QUEEN,0.3198,0.0514,0.6288
HEARTS EIGHT DIAMONDS FIVE,0.2952,0.1524,0.5524
CLUBS FIVE HEARTS KING,0.3134,0.043,0.6436
DIAMONDS ACE DIAMONDS QUEEN,0.397,0.0038,0.5992
HEARTS SEVEN SPADES TEN,0.3908,0.0266,0.5826
DIAMONDS EIGHT CLUBS ACE,0.4112,0.0042,0.5846
SPADES JACK SPADES THREE,0.4372,0.021,0.5418
DIAMONDS KING SPADES TWO,0.4726,0.0096,0.5178
HEARTS EIGHT CLUBS ACE,0.3956,0.0062,0.5982
SPADES TEN DIAMONDS FIVE,0.326,0.081,0.593
DIAMONDS ACE DIAMONDS EIGHT,0.3798,0.004,0.6162
DIAMONDS QUEEN DIAMONDS JACK,0.3838,0.01,0.6062
SPADES SEVEN CLUBS ACE,0.4106,0.0048,0.5846
SPADES SEVEN CLUBS THREE,0.4524,0.0912,0.4564
SPADES SEVEN CLUBS KING,0.4178,0.0078,0.5744
HEARTS QUEEN CLUBS KING,0.391,0.0072,0.6018
SPADES NINE CLUBS KING,0.4092,0.0056,0.5852
SPADES EIGHT DIAMONDS FOUR,0.3202,0.1396,0.5402
SPADES FIVE CLUBS TWO,0.3436,0.4564,0.2
SPADES QUEEN SPADES TEN,0.3814,0.0104,0.6082
CLUBS NINE HEARTS SIX,0.3878,0.0444,0.5678
DIAMONDS KING DIAMONDS FOUR,0.3094,0.0312,0.6594
DIAMONDS THREE DIAMONDS TWO,0.4714,0.211,0.3176
SPADES JACK CLUBS THREE,0.465,0.02,0.515
CLUBS NINE DIAMONDS SIX,0.4074,0.0428,0.5498
HEARTS SEVEN HEARTS TWO,0.4034,0.1036,0.493
HEARTS SEVEN CLUBS THREE,0.4326,0.103,0.4644
CLUBS FOUR DIAMONDS SIX,0.2952,0.2648,0.44
CLUBS JACK SPADES SIX,0.4142,0.0214,0.5644
CLUBS JACK DIAMONDS SEVEN,0.4194,0.0188,0.5618
SPADES SEVEN SPADES SIX,0.3532,0.0848,0.562
CLUBS EIGHT SPADES THREE,0.4588,0.065,0.4762
CLUBS EIGHT HEARTS JACK,0.404,0.0196,0.5764
HEARTS THREE SPADES SIX,0.4428,0.1512,0.406
HEARTS SEVEN HEARTS SIX,0.3152,0.097,0.5878
CLUBS TEN HEARTS SIX,0.403,0.0296,0.5674
DIAMONDS NINE HEARTS KING,0.4004,0.0096,0.59
HEARTS EIGHT DIAMONDS EIGHT,0.1964,0.0924,0.7112
SPADES EIGHT CLUBS TWO,0.473,0.0656,0.4614
SPADES FIVE SPADES THREE,0.2912,0.4492,0.2596
SPADES JACK SPADES NINE,0.3814,0.0156,0.603
SPADES SIX CLUBS QUEEN,0.4056,0.0124,0.582
HEARTS EIGHT DIAMONDS TWO,0.4454,0.0682,0.4864
SPADES FIVE CLUBS ACE,0.315,0.021,0.664
CLUBS TEN SPADES JACK,0.405,0.0118,0.5832
DIAMONDS TEN DIAMONDS SIX,0.3842,0.0254,0.5904
SPADES NINE HEARTS NINE,0.2088,0.078,0.7132
HEARTS EIGHT SPADES NINE,0.3872,0.0388,0.574
HEARTS EIGHT HEARTS JACK,0.3462,0.0204,0.6334
CLUBS THREE DIAMONDS FOUR,0.436,0.3502,0.2138
DIAMONDS JACK DIAMONDS FIVE,0.3112,0.0634,0.6254
CLUBS JACK HEARTS SEVEN,0.4112,0.0182,0.5706
DIAMONDS KING DIAMONDS EIGHT,0.3882,0.0084,0.6034
DIAMONDS TWO SPADES FOUR,0.4576,0.3486,0.1938
SPADES NINE DIAMONDS TEN,0.387,0.0226,0.5904
CLUBS SIX SPADES FOUR,0.2962,0.2518,0.452
CLUBS SEVEN HEARTS JACK,0.383,0.018,0.599
SPADES SEVEN HEARTS KING,0.385,0.009,0.606
HEARTS SEVEN CLUBS TWO,0.454,0.0962,0.4498
HEARTS TWO DIAMONDS EIGHT,0.4604,0.0634,0.4762
DIAMONDS TWO DIAMONDS JACK,0.4396,0.0208,0.5396
DIAMONDS KING HEARTS ACE,0.404,0.0054,0.5906
HEARTS KING DIAMONDS FIVE,0.3028,0.0366,0.6606
HEARTS QUEEN HEARTS TEN,0.3496,0.011,0.6394
DIAMONDS TWO DIAMONDS SEVEN,0.4248,0.0968,0.4784
DIAMONDS QUEEN SPADES TWO,0.46,0.0168,0.5232
CLUBS ACE HEARTS NINE,0.3864,0.007,0.6066
CLUBS NINE HEARTS JACK,0.391,0.0156,0.5934
CLUBS SIX SPADES TWO,0.4506,0.1508,0.3986
SPADES ACE SPADES TEN,0.3864,0.0038,0.6098
DIAMONDS TEN HEARTS ACE,0.3934,0.0044,0.6022
SPADES FOUR HEARTS JACK,0.3244,0.0542,0.6214
SPADES KING HEARTS ACE,0.4036,0.0052,0.5912
DIAMONDS THREE CLUBS ACE,0.4506,0.0066,0.5428
CLUBS JACK HEARTS KING,0.3928,0.0078,0.5994
HEARTS TWO SPADES NINE,0.455,0.0434,0.5016
HEARTS SIX HEARTS THREE,0.3844,0.151,0.4646
DIAMONDS JACK DIAMONDS TEN,0.3594,0.0148,0.6258
DIAMONDS TWO CLUBS SIX,0.4554,0.1494,0.3952
SPADES QUEEN CLUBS THREE,0.4488,0.0134,0.5378
HEARTS SIX SPADES JACK,0.4044,0.0198,0.5758
CLUBS NINE SPADES TWO,0.4612,0.0424,0.4964
CLUBS EIGHT CLUBS SEVEN,0.3654,0.0552,0.5794
SPADES TEN CLUBS QUEEN,0.4006,0.0126,0.5868
CLUBS NINE SPADES NINE,0.2216,0.078,0.7004
SPADES KING DIAMONDS FOUR,0.3378,0.0304,0.6318
CLUBS TEN SPADES SIX,0.4086,0.0286,0.5628
HEARTS SIX CLUBS THREE,0.4254,0.1516,0.423
SPADES TEN CLUBS KING,0.421,0.0086,0.5704
CLUBS JACK DIAMONDS SIX,0.4092,0.017,0.5738
SPADES TEN SPADES NINE,0.3486,0.0268,0.6246
SPADES SIX CLUBS TWO,0.4456,0.1548,0.3996
HEARTS SEVEN SPADES SEVEN,0.1918,0.1146,0.6936
DIAMONDS QUEEN CLUBS ACE,0.4194,0.0052,0.5754
CLUBS JACK SPADES TEN,0.4002,0.0124,0.5874
CLUBS JACK DIAMONDS TEN,0.4052,0.0132,0.5816
SPADES SIX SPADES THREE,0.4116,0.1446,0.4438
SPADES THREE HEARTS KING,0.447,0.0064,0.5466
SPADES FOUR CLUBS ACE,0.3168,0.0202,0.663
CLUBS NINE HEARTS TEN,0.3826,0.025,0.5924
DIAMONDS SEVEN CLUBS KING,0.4108,0.0064,0.5828
DIAMONDS NINE DIAMONDS FIVE,0.2928,0.1014,0.6058
CLUBS FIVE DIAMONDS FOUR,0.0706,0.908,0.0214
SPADES KING SPADES FOUR,0.3088,0.0324,0.6588
SPADES ACE HEARTS TEN,0.401,0.0044,0.5946
SPADES TEN SPADES EIGHT,0.3748,0.0264,0.5988
HEARTS TWO DIAMONDS QUEEN,0.4594,0.0146,0.526
CLUBS EIGHT CLUBS ACE,0.3824,0.0066,0.611
CLUBS THREE DIAMONDS FIVE,0.3118,0.4748,0.2134
SPADES FOUR HEARTS ACE,0.3,0.021,0.679
HEARTS EIGHT SPADES QUEEN,0.407,0.0118,0.5812
SPADES JACK CLUBS QUEEN,0.3958,0.01,0.5942
CLUBS FOUR DIAMONDS FIVE,0.0732,0.9058,0.021
DIAMONDS TWO CLUBS SEVEN,0.4592,0.0978,0.443
HEARTS SIX SPADES NINE,0.386,0.0454,0.5686
CLUBS JACK CLUBS NINE,0.3778,0.0168,0.6054
HEARTS SEVEN SPADES NINE,0.3768,0.0426,0.5806
HEARTS SIX CLUBS SEVEN,0.3614,0.0968,0.5418
SPADES KING SPADES SEVEN,0.3852,0.0092,0.6056
HEARTS EIGHT DIAMONDS TEN,0.389,0.026,0.585
CLUBS EIGHT HEARTS QUEEN,0.3866,0.012,0.6014
SPADES FIVE HEARTS ACE,0.2988,0.026,0.6752
CLUBS SIX DIAMONDS JACK,0.4264,0.0174,0.5562
HEARTS EIGHT SPADES KING,0.418,0.0086,0.5734
SPADES NINE DIAMONDS SEVEN,0.3936,0.041,0.5654
SPADES JACK DIAMONDS JACK,0.2282,0.0474,0.7244
CLUBS NINE CLUBS QUEEN,0.3742,0.011,0.6148
DIAMONDS QUEEN DIAMONDS TEN,0.382,0.0132,0.6048
HEARTS EIGHT CLUBS SEVEN,0.3684,0.0572,0.5744
SPADES FIVE HEARTS NINE,0.294,0.1082,0.5978
DIAMONDS THREE HEARTS JACK,0.4444,0.0178,0.5378
DIAMONDS KING DIAMONDS NINE,0.3916,0.0072,0.6012
SPADES NINE HEARTS JACK,0.3902,0.0166,0.5932
CLUBS FIVE DIAMONDS JACK,0.3262,0.0704,0.6034
HEARTS TWO SPADES TWO,0.3756,0.1436,0.4808
CLUBS SIX HEARTS JACK,0.3984,0.0168,0.5848
CLUBS THREE DIAMONDS EIGHT,0.463,0.0684,0.4686
DIAMONDS TEN HEARTS TEN,0.2116,0.0648,0.7236
DIAMONDS QUEEN DIAMONDS FOUR,0.3212,0.0422,0.6366
DIAMONDS EIGHT DIAMONDS SEVEN,0.38,0.0504,0.5696
SPADES ACE CLUBS FOUR,0.3186,0.0172,0.6642
CLUBS JACK HEARTS QUEEN,0.4042,0.0132,0.5826
