opposingHand,winningChance,drawChance,lostChance
HEARTS EIGHT SPADES THREE
HEARTS FIVE SPADES TEN,0.3496,0.0286,0.6218
SPADES JACK HEARTS FIVE,0.3452,0.021,0.6338
SPADES FIVE CLUBS JACK,0.3438,0.0182,0.638
CLUBS TEN SPADES FIVE,0.3452,0.028,0.6268
CLUBS EIGHT CLUBS JACK,0.2142,0.059,0.7268
CLUBS TEN CLUBS EIGHT,0.2134,0.0788,0.7078
CLUBS EIGHT CLUBS KING,0.2056,0.044,0.7504
SPADES FIVE CLUBS ACE,0.338,0.0046,0.6574
CLUBS EIGHT CLUBS QUEEN,0.2068,0.0502,0.743
SPADES FIVE CLUBS KING,0.3552,0.0082,0.6366
SPADES FIVE CLUBS QUEEN,0.3596,0.0118,0.6286
CLUBS EIGHT CLUBS ACE,0.2076,0.0284,0.764
DIAMONDS TWO DIAMONDS THREE,0.5624,0.1352,0.3024
DIAMONDS TWO DIAMONDS FIVE,0.5128,0.0694,0.4178
SPADES KING HEARTS FIVE,0.3478,0.0116,0.6406
DIAMONDS TWO DIAMONDS FOUR,0.5124,0.0664,0.4212
SPADES QUEEN HEARTS FIVE,0.3472,0.0114,0.6414
DIAMONDS TWO DIAMONDS SEVEN,0.5422,0.0676,0.3902
DIAMONDS TWO DIAMONDS SIX,0.541,0.062,0.397
SPADES ACE HEARTS FIVE,0.339,0.0054,0.6556
DIAMONDS TWO DIAMONDS NINE,0.3626,0.0394,0.598
DIAMONDS TWO DIAMONDS EIGHT,0.2378,0.4858,0.2764
DIAMONDS THREE DIAMONDS FOUR,0.5318,0.1394,0.3288
CLUBS TWO SPADES FOUR,0.5478,0.0724,0.3798
DIAMONDS THREE DIAMONDS FIVE,0.5416,0.1372,0.3212
SPADES FIVE CLUBS TWO,0.5564,0.0656,0.378
CLUBS TWO SPADES TWO,0.3534,0.1056,0.541
DIAMONDS THREE DIAMONDS EIGHT,0.022,0.9102,0.0678
SPADES EIGHT CLUBS TWO,0.2494,0.5336,0.217
DIAMONDS THREE DIAMONDS NINE,0.2286,0.0944,0.677
SPADES NINE CLUBS TWO,0.3666,0.0454,0.588
DIAMONDS THREE DIAMONDS SIX,0.5614,0.1334,0.3052
SPADES SIX CLUBS TWO,0.5696,0.066,0.3644
DIAMONDS THREE DIAMONDS SEVEN,0.5692,0.1414,0.2894
SPADES SEVEN CLUBS TWO,0.586,0.0706,0.3434
CLUBS SIX CLUBS TWO,0.5412,0.0656,0.3932
CLUBS SEVEN CLUBS TWO,0.5416,0.066,0.3924
CLUBS FOUR CLUBS TWO,0.5166,0.068,0.4154
CLUBS FIVE CLUBS TWO,0.5242,0.0624,0.4134
CLUBS TEN CLUBS JACK,0.2898,0.0138,0.6964
DIAMONDS FOUR DIAMONDS SIX,0.483,0.0688,0.4482
CLUBS TEN CLUBS QUEEN,0.2876,0.0112,0.7012
DIAMONDS FOUR DIAMONDS SEVEN,0.4994,0.06,0.4406
CLUBS TEN CLUBS KING,0.3018,0.0068,0.6914
CLUBS TEN CLUBS ACE,0.3068,0.0036,0.6896
CLUBS EIGHT CLUBS TWO,0.2392,0.4954,0.2654
DIAMONDS FIVE DIAMONDS FOUR,0.4782,0.0678,0.454
CLUBS NINE CLUBS TWO,0.3472,0.0386,0.6142
DIAMONDS NINE DIAMONDS FOUR,0.3304,0.0428,0.6268
DIAMONDS EIGHT DIAMONDS FOUR,0.2002,0.4786,0.3212
CLUBS THREE CLUBS TWO,0.559,0.1396,0.3014
DIAMONDS NINE DIAMONDS FIVE,0.3262,0.038,0.6358
DIAMONDS TWO CLUBS JACK,0.3874,0.0164,0.5962
DIAMONDS EIGHT DIAMONDS FIVE,0.2036,0.4092,0.3872
CLUBS TEN DIAMONDS TWO,0.386,0.0298,0.5842
DIAMONDS FIVE DIAMONDS SEVEN,0.4732,0.0656,0.4612
DIAMONDS FIVE DIAMONDS SIX,0.4796,0.0614,0.459
DIAMONDS TWO CLUBS ACE,0.3744,0.0038,0.6218
DIAMONDS TWO CLUBS KING,0.3896,0.0106,0.5998
DIAMONDS TWO CLUBS QUEEN,0.3994,0.0134,0.5872
DIAMONDS EIGHT DIAMONDS SIX,0.2092,0.3528,0.438
DIAMONDS NINE DIAMONDS SIX,0.3072,0.0414,0.6514
DIAMONDS SEVEN DIAMONDS SIX,0.469,0.0558,0.4752
DIAMONDS EIGHT DIAMONDS SEVEN,0.198,0.2768,0.5252
DIAMONDS NINE DIAMONDS SEVEN,0.3128,0.0362,0.651
DIAMONDS NINE DIAMONDS EIGHT,0.208,0.1062,0.6858
DIAMONDS KING HEARTS TEN,0.3146,0.0052,0.6802
HEARTS THREE HEARTS TEN,0.2224,0.072,0.7056
SPADES JACK CLUBS SIX,0.3628,0.0218,0.6154
DIAMONDS KING HEARTS JACK,0.311,0.0072,0.6818
HEARTS THREE HEARTS JACK,0.2382,0.0518,0.71
SPADES TEN CLUBS SIX,0.3422,0.0294,0.6284
SPADES JACK SPADES FIVE,0.3226,0.0194,0.658
SPADES TEN SPADES FIVE,0.3394,0.0306,0.63
DIAMONDS KING HEARTS ACE,0.3244,0.0042,0.6714
HEARTS THREE HEARTS ACE,0.222,0.0138,0.7642
SPADES ACE CLUBS SIX,0.3464,0.0046,0.649
DIAMONDS KING HEARTS QUEEN,0.3088,0.0066,0.6846
HEARTS THREE HEARTS QUEEN,0.2302,0.0406,0.7292
SPADES KING CLUBS SIX,0.3552,0.007,0.6378
DIAMONDS KING HEARTS KING,0.122,0.0156,0.8624
HEARTS THREE HEARTS KING,0.2308,0.0324,0.7368
SPADES QUEEN CLUBS SIX,0.3568,0.0112,0.632
SPADES NINE HEARTS TEN,0.2848,0.028,0.6872
SPADES NINE HEARTS JACK,0.2938,0.016,0.6902
SPADES QUEEN SPADES FIVE,0.3318,0.0144,0.6538
SPADES KING SPADES FIVE,0.3416,0.0086,0.6498
SPADES ACE SPADES FIVE,0.3172,0.0046,0.6782
SPADES NINE HEARTS QUEEN,0.3198,0.0136,0.6666
SPADES NINE HEARTS KING,0.305,0.0082,0.6868
SPADES NINE HEARTS ACE,0.3022,0.0042,0.6936
CLUBS TEN SPADES JACK,0.2954,0.014,0.6906
CLUBS TEN SPADES TEN,0.131,0.0512,0.8178
SPADES ACE CLUBS TEN,0.3228,0.0044,0.6728
SPADES KING CLUBS TEN,0.3178,0.0084,0.6738
CLUBS TEN SPADES QUEEN,0.3114,0.0104,0.6782
SPADES FIVE HEARTS QUEEN,0.341,0.0168,0.6422
SPADES FIVE HEARTS KING,0.34,0.0084,0.6516
HEARTS ACE SPADES FIVE,0.3334,0.0066,0.66
CLUBS EIGHT SPADES TEN,0.2222,0.082,0.6958
HEARTS THREE SPADES JACK,0.2372,0.0544,0.7084
SPADES JACK DIAMONDS KING,0.3198,0.0056,0.6746
SPADES TEN DIAMONDS KING,0.3162,0.008,0.6758
HEARTS THREE SPADES TEN,0.223,0.09,0.687
SPADES JACK CLUBS EIGHT,0.2168,0.0608,0.7224
CLUBS SIX HEARTS ACE,0.3462,0.0048,0.649
SPADES ACE CLUBS EIGHT,0.2186,0.0302,0.7512
HEARTS FIVE CLUBS JACK,0.3502,0.0188,0.631
CLUBS TEN HEARTS FIVE,0.3582,0.0286,0.6132
CLUBS SIX HEARTS QUEEN,0.3624,0.0138,0.6238
SPADES QUEEN CLUBS EIGHT,0.2156,0.0472,0.7372
CLUBS SIX HEARTS KING,0.3396,0.0064,0.654
SPADES KING CLUBS EIGHT,0.2224,0.0446,0.733
DIAMONDS TWO HEARTS JACK,0.3764,0.0214,0.6022
DIAMONDS TWO HEARTS TEN,0.401,0.0266,0.5724
HEARTS FIVE CLUBS ACE,0.351,0.007,0.642
SPADES FIVE HEARTS TEN,0.3478,0.029,0.6232
HEARTS FIVE CLUBS KING,0.3652,0.0068,0.628
SPADES FIVE HEARTS JACK,0.3394,0.0192,0.6414
HEARTS FIVE CLUBS QUEEN,0.3572,0.0144,0.6284
HEARTS THREE CLUBS KING,0.245,0.0282,0.7268
DIAMONDS KING CLUBS KING,0.1362,0.0124,0.8514
HEARTS THREE CLUBS QUEEN,0.2404,0.0436,0.716
DIAMONDS KING CLUBS QUEEN,0.3242,0.0072,0.6686
HEARTS FIVE HEARTS JACK,0.3352,0.0184,0.6464
HEARTS FIVE HEARTS TEN,0.3462,0.027,0.6268
HEARTS THREE CLUBS ACE,0.2282,0.0166,0.7552
DIAMONDS KING CLUBS ACE,0.3286,0.0058,0.6656
SPADES ACE CLUBS QUEEN,0.3184,0.0048,0.6768
SPADES KING CLUBS QUEEN,0.3192,0.007,0.6738
HEARTS THREE CLUBS JACK,0.2458,0.0526,0.7016
DIAMONDS KING CLUBS JACK,0.3286,0.0068,0.6646
SPADES QUEEN CLUBS QUEEN,0.134,0.0284,0.8376
CLUBS TEN HEARTS THREE,0.2464,0.074,0.6796
CLUBS TEN DIAMONDS KING,0.3112,0.006,0.6828
SPADES JACK CLUBS QUEEN,0.2994,0.009,0.6916
CLUBS SIX CLUBS QUEEN,0.3322,0.0122,0.6556
SPADES TEN CLUBS QUEEN,0.3058,0.0098,0.6844
CLUBS SIX CLUBS KING,0.3328,0.0076,0.6596
CLUBS SIX CLUBS ACE,0.3306,0.0048,0.6646
HEARTS FIVE HEARTS KING,0.336,0.0088,0.6552
HEARTS FIVE HEARTS QUEEN,0.3386,0.0128,0.6486
CLUBS TEN CLUBS SIX,0.3134,0.0298,0.6568
HEARTS FIVE HEARTS ACE,0.3288,0.0066,0.6646
CLUBS SIX CLUBS JACK,0.3302,0.0186,0.6512
SPADES SEVEN HEARTS JACK,0.3386,0.0218,0.6396
SPADES SEVEN HEARTS TEN,0.3298,0.0304,0.6398
DIAMONDS TWO CLUBS TWO,0.3576,0.1066,0.5358
DIAMONDS TWO CLUBS THREE,0.5868,0.142,0.2712
HEARTS SIX DIAMONDS TWO,0.5694,0.0686,0.362
DIAMONDS TWO HEARTS QUEEN,0.393,0.0146,0.5924
DIAMONDS TWO HEARTS SEVEN,0.5714,0.0744,0.3542
DIAMONDS TWO HEARTS KING,0.392,0.0076,0.6004
DIAMONDS TWO HEARTS ACE,0.3812,0.0068,0.612
DIAMONDS TWO HEARTS NINE,0.3788,0.0492,0.572
DIAMONDS TWO DIAMONDS QUEEN,0.369,0.0108,0.6202
DIAMONDS TWO HEARTS TWO,0.3554,0.1126,0.532
DIAMONDS TWO DIAMONDS KING,0.3714,0.0092,0.6194
HEARTS THREE DIAMONDS TWO,0.5876,0.1468,0.2656
DIAMONDS TWO DIAMONDS ACE,0.3566,0.0052,0.6382
HEARTS FOUR DIAMONDS TWO,0.5606,0.072,0.3674
DIAMONDS TWO HEARTS FIVE,0.5558,0.0718,0.3724
SPADES SEVEN HEARTS ACE,0.3324,0.0054,0.6622
DIAMONDS TWO DIAMONDS TEN,0.361,0.027,0.612
SPADES SEVEN HEARTS KING,0.339,0.01,0.651
DIAMONDS TWO DIAMONDS JACK,0.366,0.0212,0.6128
SPADES SEVEN HEARTS QUEEN,0.3416,0.0124,0.646
DIAMONDS TWO SPADES NINE,0.3686,0.0426,0.5888
DIAMONDS TWO SPADES EIGHT,0.2542,0.5284,0.2174
DIAMONDS TWO SPADES SEVEN,0.5816,0.0662,0.3522
DIAMONDS TWO SPADES SIX,0.5654,0.0682,0.3664
DIAMONDS TWO SPADES FIVE,0.5468,0.0746,0.3786
DIAMONDS TWO SPADES FOUR,0.5664,0.0674,0.3662
DIAMONDS TWO SPADES TWO,0.366,0.1176,0.5164
CLUBS NINE DIAMONDS TWO,0.386,0.0464,0.5676
DIAMONDS TWO CLUBS EIGHT,0.254,0.5258,0.2202
CLUBS SEVEN DIAMONDS TWO,0.5746,0.071,0.3544
DIAMONDS TWO CLUBS SIX,0.5676,0.071,0.3614
DIAMONDS TWO CLUBS FIVE,0.563,0.0696,0.3674
DIAMONDS TWO CLUBS FOUR,0.5574,0.0678,0.3748
CLUBS FOUR SPADES FIVE,0.5042,0.0644,0.4314
CLUBS FOUR SPADES FOUR,0.2488,0.0992,0.652
CLUBS FOUR SPADES TWO,0.5644,0.0654,0.3702
SPADES NINE CLUBS FOUR,0.342,0.0434,0.6146
SPADES EIGHT CLUBS FOUR,0.2148,0.514,0.2712
SPADES SEVEN CLUBS FOUR,0.5222,0.0648,0.413
CLUBS FOUR SPADES SIX,0.532,0.0628,0.4052
SPADES ACE DIAMONDS SIX,0.3406,0.005,0.6544
SPADES QUEEN DIAMONDS SIX,0.3474,0.0138,0.6388
SPADES KING DIAMONDS SIX,0.3502,0.0082,0.6416
SPADES TEN DIAMONDS SIX,0.33,0.031,0.639
SPADES JACK DIAMONDS SIX,0.3466,0.02,0.6334
SPADES QUEEN SPADES TWO,0.3772,0.0148,0.608
SPADES KING SPADES TWO,0.3744,0.0086,0.617
SPADES ACE SPADES TWO,0.3512,0.0054,0.6434
DIAMONDS JACK CLUBS JACK,0.1386,0.0376,0.8238
CLUBS TEN DIAMONDS JACK,0.304,0.0152,0.6808
DIAMONDS JACK CLUBS KING,0.3236,0.0076,0.6688
DIAMONDS JACK CLUBS QUEEN,0.3276,0.0092,0.6632
DIAMONDS THREE DIAMONDS JACK,0.2408,0.0582,0.701
DIAMONDS THREE DIAMONDS TEN,0.2296,0.0734,0.697
DIAMONDS JACK CLUBS ACE,0.309,0.0028,0.6882
DIAMONDS THREE DIAMONDS KING,0.2298,0.0282,0.742
HEARTS THREE DIAMONDS THREE,0.2666,0.0758,0.6576
DIAMONDS THREE DIAMONDS QUEEN,0.2324,0.0354,0.7322
DIAMONDS THREE HEARTS TWO,0.6046,0.1424,0.253
HEARTS FIVE DIAMONDS THREE,0.5922,0.1386,0.2692
DIAMONDS THREE DIAMONDS ACE,0.2314,0.0114,0.7572
HEARTS FOUR DIAMONDS THREE,0.5788,0.1496,0.2716
DIAMONDS THREE HEARTS SEVEN,0.6034,0.1464,0.2502
SPADES TEN SPADES NINE,0.2886,0.0244,0.687
HEARTS SIX DIAMONDS THREE,0.6042,0.1346,0.2612
SPADES JACK SPADES NINE,0.291,0.0224,0.6866
DIAMONDS THREE HEARTS NINE,0.2294,0.1112,0.6594
HEARTS JACK DIAMONDS FOUR,0.3444,0.024,0.6316
HEARTS ACE HEARTS KING,0.3122,0.0056,0.6822
SPADES TEN SPADES TWO,0.3642,0.0274,0.6084
HEARTS TEN DIAMONDS FOUR,0.3484,0.0294,0.6222
SPADES JACK SPADES TWO,0.363,0.018,0.619
HEARTS QUEEN DIAMONDS FOUR,0.3498,0.0126,0.6376
HEARTS KING DIAMONDS FOUR,0.3584,0.0088,0.6328
SPADES ACE SPADES NINE,0.3064,0.0052,0.6884
HEARTS ACE DIAMONDS FOUR,0.336,0.0044,0.6596
SPADES KING SPADES NINE,0.3086,0.0086,0.6828
SPADES QUEEN SPADES NINE,0.3,0.0126,0.6874
DIAMONDS THREE SPADES NINE,0.244,0.11,0.646
DIAMONDS THREE SPADES EIGHT,0.0124,0.9662,0.0214
DIAMONDS THREE SPADES SEVEN,0.6074,0.1374,0.2552
DIAMONDS THREE SPADES SIX,0.5928,0.1458,0.2614
DIAMONDS THREE CLUBS SIX,0.5974,0.1356,0.267
CLUBS FIVE CLUBS SIX,0.4796,0.0562,0.4642
CLUBS ACE DIAMONDS FOUR,0.3416,0.0032,0.6552
CLUBS SEVEN DIAMONDS THREE,0.603,0.1454,0.2516
CLUBS SEVEN CLUBS FIVE,0.4876,0.0586,0.4538
DIAMONDS THREE CLUBS FOUR,0.5758,0.147,0.2772
DIAMONDS FOUR CLUBS QUEEN,0.3598,0.0128,0.6274
DIAMONDS THREE CLUBS FIVE,0.5666,0.1462,0.2872
CLUBS KING DIAMONDS FOUR,0.3574,0.0084,0.6342
DIAMONDS THREE CLUBS TWO,0.599,0.1436,0.2574
CLUBS TEN DIAMONDS FOUR,0.3464,0.0286,0.625
DIAMONDS THREE CLUBS THREE,0.2554,0.0748,0.6698
DIAMONDS FOUR CLUBS JACK,0.3638,0.0164,0.6198
DIAMONDS THREE SPADES FOUR,0.5738,0.145,0.2812
DIAMONDS THREE SPADES FIVE,0.5944,0.1316,0.274
DIAMONDS THREE SPADES TWO,0.5944,0.1482,0.2574
CLUBS EIGHT DIAMONDS THREE,0.0226,0.9556,0.0218
CLUBS NINE DIAMONDS THREE,0.2318,0.1018,0.6664
SPADES SEVEN CLUBS ACE,0.3538,0.005,0.6412
SPADES SEVEN CLUBS QUEEN,0.3456,0.0118,0.6426
SPADES SEVEN CLUBS KING,0.3478,0.0066,0.6456
CLUBS FIVE SPADES SEVEN,0.503,0.0652,0.4318
CLUBS TEN SPADES SEVEN,0.3264,0.0284,0.6452
CLUBS FIVE SPADES SIX,0.4972,0.0698,0.433
SPADES SEVEN CLUBS JACK,0.3408,0.018,0.6412
CLUBS FIVE SPADES NINE,0.3402,0.0404,0.6194
CLUBS FIVE SPADES EIGHT,0.2054,0.4476,0.347
CLUBS FIVE SPADES TWO,0.5638,0.0686,0.3676
CLUBS FIVE SPADES FIVE,0.2356,0.099,0.6654
CLUBS FIVE SPADES FOUR,0.4942,0.0788,0.427
CLUBS NINE CLUBS FIVE,0.3198,0.042,0.6382
CLUBS EIGHT CLUBS FIVE,0.2044,0.4068,0.3888
CLUBS ACE CLUBS QUEEN,0.3004,0.005,0.6946
CLUBS KING CLUBS QUEEN,0.304,0.004,0.692
DIAMONDS TEN DIAMONDS FOUR,0.3302,0.0304,0.6394
CLUBS TEN DIAMONDS NINE,0.3088,0.0224,0.6688
DIAMONDS JACK DIAMONDS FOUR,0.324,0.0224,0.6536
DIAMONDS NINE CLUBS JACK,0.3076,0.0142,0.6782
SPADES NINE CLUBS JACK,0.3128,0.019,0.6682
CLUBS TEN SPADES NINE,0.2944,0.025,0.6806
DIAMONDS ACE DIAMONDS FOUR,0.3246,0.0028,0.6726
HEARTS FOUR DIAMONDS FOUR,0.257,0.101,0.642
DIAMONDS JACK HEARTS TEN,0.292,0.0192,0.6888
SPADES NINE CLUBS KING,0.3218,0.0084,0.6698
DIAMONDS TWO SPADES TEN,0.381,0.028,0.591
DIAMONDS NINE CLUBS ACE,0.3188,0.003,0.6782
HEARTS FIVE DIAMONDS FOUR,0.504,0.074,0.422
DIAMONDS JACK HEARTS JACK,0.129,0.0332,0.8378
SPADES NINE CLUBS QUEEN,0.313,0.0078,0.6792
DIAMONDS TWO SPADES JACK,0.3926,0.0174,0.59
DIAMONDS QUEEN DIAMONDS FOUR,0.337,0.0098,0.6532
HEARTS TWO DIAMONDS FOUR,0.5452,0.0708,0.384
DIAMONDS NINE CLUBS QUEEN,0.3188,0.0104,0.6708
DIAMONDS KING DIAMONDS FOUR,0.3288,0.007,0.6642
HEARTS THREE DIAMONDS FOUR,0.5824,0.1458,0.2718
SPADES NINE CLUBS ACE,0.325,0.0044,0.6706
DIAMONDS NINE CLUBS KING,0.3222,0.0088,0.669
HEARTS ACE DIAMONDS JACK,0.3162,0.0032,0.6806
SPADES ACE DIAMONDS TWO,0.3854,0.0064,0.6082
HEARTS QUEEN DIAMONDS JACK,0.3106,0.0096,0.6798
SPADES QUEEN DIAMONDS TWO,0.3718,0.0144,0.6138
DIAMONDS JACK HEARTS KING,0.3186,0.007,0.6744
SPADES KING DIAMONDS TWO,0.3942,0.0084,0.5974
SPADES JACK SPADES SEVEN,0.319,0.0196,0.6614
SPADES TEN SPADES SEVEN,0.3092,0.0282,0.6626
CLUBS SEVEN CLUBS THREE,0.571,0.132,0.297
CLUBS SIX CLUBS THREE,0.5594,0.1358,0.3048
CLUBS FIVE CLUBS THREE,0.544,0.1412,0.3148
CLUBS THREE CLUBS FOUR,0.5442,0.1376,0.3182
CLUBS NINE CLUBS THREE,0.2282,0.0984,0.6734
CLUBS EIGHT CLUBS THREE,0.0216,0.9004,0.078
CLUBS THREE SPADES FIVE,0.58,0.1482,0.2718
CLUBS THREE SPADES FOUR,0.5842,0.1502,0.2656
CLUBS THREE SPADES TWO,0.6096,0.1448,0.2456
CLUBS THREE SPADES SIX,0.6036,0.1434,0.253
CLUBS THREE SPADES SEVEN,0.6012,0.1434,0.2554
SPADES EIGHT CLUBS THREE,0.0096,0.9744,0.016
SPADES NINE CLUBS THREE,0.2396,0.1034,0.657
SPADES TWO DIAMONDS FOUR,0.5608,0.0714,0.3678
SPADES FOUR DIAMONDS FOUR,0.2628,0.105,0.6322
SPADES FIVE DIAMONDS FOUR,0.498,0.0708,0.4312
SPADES SIX DIAMONDS FOUR,0.5268,0.0644,0.4088
SPADES SEVEN DIAMONDS FOUR,0.5358,0.0686,0.3956
SPADES EIGHT DIAMONDS FOUR,0.2118,0.5148,0.2734
SPADES NINE DIAMONDS FOUR,0.3406,0.0448,0.6146
CLUBS FIVE DIAMONDS FOUR,0.5006,0.0708,0.4286
CLUBS FOUR DIAMONDS FOUR,0.272,0.108,0.62
CLUBS SEVEN DIAMONDS FOUR,0.5324,0.0666,0.401
CLUBS SIX DIAMONDS FOUR,0.5234,0.069,0.4076
CLUBS NINE DIAMONDS FOUR,0.3616,0.0396,0.5988
CLUBS EIGHT DIAMONDS FOUR,0.215,0.5116,0.2734
DIAMONDS FOUR HEARTS SEVEN,0.5366,0.065,0.3984
HEARTS SIX DIAMONDS FOUR,0.5226,0.0666,0.4108
DIAMONDS FOUR HEARTS NINE,0.356,0.0408,0.6032
CLUBS THREE DIAMONDS FOUR,0.5946,0.1388,0.2666
CLUBS TWO DIAMONDS FOUR,0.5598,0.0684,0.3718
DIAMONDS TEN DIAMONDS FIVE,0.3248,0.0278,0.6474
DIAMONDS JACK DIAMONDS FIVE,0.3298,0.0206,0.6496
DIAMONDS NINE HEARTS QUEEN,0.3108,0.0134,0.6758
DIAMONDS NINE HEARTS KING,0.3042,0.0076,0.6882
HEARTS ACE DIAMONDS NINE,0.314,0.005,0.681
DIAMONDS NINE HEARTS TEN,0.301,0.0226,0.6764
DIAMONDS NINE HEARTS JACK,0.3048,0.02,0.6752
CLUBS KING DIAMONDS SIX,0.3466,0.0058,0.6476
CLUBS QUEEN DIAMONDS SIX,0.3464,0.0112,0.6424
CLUBS ACE DIAMONDS SIX,0.3486,0.0042,0.6472
SPADES KING DIAMONDS FOUR,0.3534,0.0084,0.6382
SPADES ACE SPADES SEVEN,0.3332,0.0042,0.6626
SPADES QUEEN DIAMONDS FOUR,0.3418,0.0154,0.6428
SPADES QUEEN SPADES SEVEN,0.3412,0.0126,0.6462
CLUBS JACK DIAMONDS SIX,0.3566,0.0174,0.626
SPADES KING SPADES SEVEN,0.328,0.0092,0.6628
SPADES ACE DIAMONDS FOUR,0.3436,0.0064,0.65
CLUBS TEN DIAMONDS SIX,0.342,0.0268,0.6312
CLUBS NINE CLUBS FOUR,0.3338,0.0434,0.6228
CLUBS EIGHT CLUBS FOUR,0.2078,0.4792,0.313
SPADES JACK DIAMONDS FOUR,0.3484,0.0202,0.6314
SPADES TEN DIAMONDS FOUR,0.3572,0.0314,0.6114
CLUBS FIVE CLUBS FOUR,0.4758,0.0612,0.463
CLUBS SEVEN CLUBS FOUR,0.49,0.0598,0.4502
CLUBS SIX CLUBS FOUR,0.4966,0.0652,0.4382
CLUBS SEVEN SPADES EIGHT,0.2068,0.2982,0.495
CLUBS SEVEN SPADES NINE,0.3282,0.038,0.6338
CLUBS SEVEN SPADES SIX,0.4896,0.0674,0.443
CLUBS SEVEN SPADES SEVEN,0.2382,0.0808,0.681
CLUBS SEVEN SPADES FIVE,0.5132,0.0654,0.4214
CLUBS SEVEN SPADES FOUR,0.5276,0.0684,0.404
CLUBS SEVEN SPADES TWO,0.6022,0.0638,0.334
CLUBS NINE CLUBS SEVEN,0.311,0.0398,0.6492
CLUBS SEVEN CLUBS EIGHT,0.2038,0.2694,0.5268
HEARTS SIX DIAMONDS FIVE,0.5176,0.0624,0.42
DIAMONDS FIVE HEARTS SEVEN,0.5302,0.0694,0.4004
DIAMONDS FIVE HEARTS NINE,0.3302,0.0458,0.624
DIAMONDS QUEEN DIAMONDS FIVE,0.3346,0.012,0.6534
HEARTS TWO DIAMONDS FIVE,0.5578,0.0742,0.368
DIAMONDS KING DIAMONDS FIVE,0.3286,0.0074,0.664
HEARTS THREE DIAMONDS FIVE,0.5768,0.1454,0.2778
DIAMONDS ACE DIAMONDS FIVE,0.313,0.0042,0.6828
HEARTS FOUR DIAMONDS FIVE,0.5026,0.0694,0.428
HEARTS FIVE DIAMONDS FIVE,0.2642,0.0914,0.6444
CLUBS FOUR DIAMONDS FIVE,0.5094,0.063,0.4276
CLUBS FIVE DIAMONDS FIVE,0.2548,0.0972,0.648
CLUBS SIX DIAMONDS FIVE,0.5106,0.0622,0.4272
CLUBS SEVEN DIAMONDS FIVE,0.5106,0.07,0.4194
CLUBS TWO DIAMONDS FIVE,0.5378,0.0736,0.3886
CLUBS THREE DIAMONDS FIVE,0.5738,0.1364,0.2898
SPADES TWO DIAMONDS FIVE,0.5414,0.07,0.3886
SPADES JACK DIAMONDS EIGHT,0.2208,0.065,0.7142
SPADES FIVE DIAMONDS FIVE,0.2514,0.0942,0.6544
CLUBS TEN HEARTS JACK,0.3124,0.0148,0.6728
SPADES TEN DIAMONDS EIGHT,0.2224,0.084,0.6936
SPADES FOUR DIAMONDS FIVE,0.4986,0.0634,0.438
HEARTS JACK CLUBS JACK,0.1354,0.037,0.8276
HEARTS JACK CLUBS QUEEN,0.314,0.0108,0.6752
CLUBS NINE DIAMONDS FIVE,0.3342,0.0456,0.6202
CLUBS KING HEARTS JACK,0.3228,0.0072,0.67
CLUBS EIGHT DIAMONDS FIVE,0.2142,0.4444,0.3414
CLUBS ACE HEARTS JACK,0.314,0.0054,0.6806
SPADES SEVEN DIAMONDS FIVE,0.5202,0.0672,0.4126
SPADES KING DIAMONDS EIGHT,0.2224,0.035,0.7426
SPADES QUEEN DIAMONDS EIGHT,0.216,0.0494,0.7346
SPADES SIX DIAMONDS FIVE,0.5034,0.067,0.4296
SPADES NINE DIAMONDS FIVE,0.3294,0.0376,0.633
SPADES EIGHT DIAMONDS FIVE,0.2004,0.4552,0.3444
SPADES ACE DIAMONDS EIGHT,0.2212,0.0286,0.7502
DIAMONDS TEN DIAMONDS SIX,0.3128,0.0266,0.6606
HEARTS ACE DIAMONDS SEVEN,0.356,0.0038,0.6402
DIAMONDS JACK DIAMONDS SIX,0.33,0.0186,0.6514
HEARTS QUEEN DIAMONDS SEVEN,0.3574,0.0102,0.6324
HEARTS KING DIAMONDS SEVEN,0.338,0.009,0.653
DIAMONDS ACE DIAMONDS SIX,0.3308,0.0056,0.6636
HEARTS FOUR DIAMONDS SIX,0.5282,0.0668,0.405
SPADES TWO HEARTS JACK,0.374,0.021,0.605
HEARTS FIVE DIAMONDS SIX,0.5094,0.0684,0.4222
SPADES TWO HEARTS TEN,0.389,0.0296,0.5814
DIAMONDS QUEEN DIAMONDS SIX,0.3308,0.012,0.6572
HEARTS TWO DIAMONDS SIX,0.5764,0.071,0.3526
DIAMONDS KING DIAMONDS SIX,0.3246,0.0046,0.6708
HEARTS THREE DIAMONDS SIX,0.605,0.1404,0.2546
HEARTS NINE DIAMONDS SIX,0.322,0.0452,0.6328
HEARTS SIX DIAMONDS SIX,0.247,0.0824,0.6706
HEARTS SEVEN DIAMONDS SIX,0.5124,0.0616,0.426
HEARTS TEN DIAMONDS SEVEN,0.3274,0.0258,0.6468
CLUBS TWO DIAMONDS SIX,0.577,0.0668,0.3562
HEARTS JACK DIAMONDS SEVEN,0.3398,0.0182,0.642
CLUBS THREE DIAMONDS SIX,0.602,0.141,0.257
CLUBS SEVEN DIAMONDS SIX,0.4978,0.0658,0.4364
DIAMONDS EIGHT CLUBS JACK,0.2278,0.061,0.7112
CLUBS SIX DIAMONDS SIX,0.2496,0.0912,0.6592
CLUBS TEN DIAMONDS EIGHT,0.2254,0.0804,0.6942
CLUBS FIVE DIAMONDS SIX,0.503,0.0678,0.4292
CLUBS FOUR DIAMONDS SIX,0.5298,0.0654,0.4048
HEARTS ACE HEARTS JACK,0.3036,0.0052,0.6912
DIAMONDS EIGHT CLUBS ACE,0.2184,0.0292,0.7524
HEARTS QUEEN HEARTS JACK,0.3066,0.0096,0.6838
DIAMONDS EIGHT CLUBS KING,0.2276,0.0326,0.7398
CLUBS NINE DIAMONDS SIX,0.3318,0.041,0.6272
HEARTS KING HEARTS JACK,0.2974,0.008,0.6946
DIAMONDS EIGHT CLUBS QUEEN,0.2312,0.0488,0.72
CLUBS EIGHT DIAMONDS SIX,0.2214,0.3608,0.4178
SPADES TEN HEARTS KING,0.3336,0.0084,0.658
SPADES FIVE DIAMONDS SIX,0.492,0.072,0.436
HEARTS ACE SPADES TWO,0.3756,0.006,0.6184
SPADES JACK HEARTS KING,0.3074,0.01,0.6826
SPADES FOUR DIAMONDS SIX,0.525,0.0646,0.4104
HEARTS QUEEN SPADES TWO,0.3828,0.0154,0.6018
SPADES ACE SPADES KING,0.2944,0.0046,0.701
SPADES TWO HEARTS KING,0.3842,0.0092,0.6066
SPADES TWO DIAMONDS SIX,0.5572,0.0678,0.375
SPADES NINE DIAMONDS SIX,0.3314,0.0412,0.6274
SPADES EIGHT DIAMONDS SIX,0.2082,0.3752,0.4166
SPADES SEVEN DIAMONDS SIX,0.4872,0.0702,0.4426
SPADES SIX DIAMONDS SIX,0.2434,0.0948,0.6618
SPADES KING HEARTS KING,0.1112,0.0192,0.8696
SPADES QUEEN HEARTS KING,0.3106,0.008,0.6814
CLUBS ACE CLUBS KING,0.312,0.005,0.683
SPADES ACE HEARTS KING,0.3154,0.004,0.6806
SPADES ACE HEARTS JACK,0.3078,0.0062,0.686
SPADES QUEEN HEARTS JACK,0.3106,0.0112,0.6782
SPADES KING HEARTS JACK,0.323,0.0056,0.6714
SPADES TEN DIAMONDS TEN,0.1286,0.0478,0.8236
SPADES JACK DIAMONDS TEN,0.3038,0.0156,0.6806
SPADES ACE DIAMONDS TEN,0.317,0.0038,0.6792
SPADES JACK HEARTS JACK,0.1272,0.0378,0.835
SPADES TEN HEARTS JACK,0.3018,0.0168,0.6814
SPADES QUEEN DIAMONDS TEN,0.3058,0.0084,0.6858
SPADES KING DIAMONDS TEN,0.305,0.0056,0.6894
SPADES NINE DIAMONDS SEVEN,0.3174,0.0412,0.6414
SPADES EIGHT DIAMONDS SEVEN,0.2034,0.3066,0.49
SPADES SEVEN DIAMONDS SEVEN,0.239,0.0826,0.6784
SPADES SIX DIAMONDS SEVEN,0.5046,0.068,0.4274
DIAMONDS KING DIAMONDS SEVEN,0.3264,0.0082,0.6654
HEARTS THREE DIAMONDS SEVEN,0.6042,0.143,0.2528
HEARTS KING DIAMONDS FIVE,0.3454,0.0088,0.6458
DIAMONDS QUEEN DIAMONDS SEVEN,0.3204,0.0124,0.6672
HEARTS TWO DIAMONDS SEVEN,0.5908,0.0772,0.332
HEARTS QUEEN DIAMONDS FIVE,0.3376,0.0108,0.6516
HEARTS FIVE DIAMONDS SEVEN,0.5124,0.0678,0.4198
DIAMONDS ACE DIAMONDS SEVEN,0.3306,0.0056,0.6638
HEARTS FOUR DIAMONDS SEVEN,0.5344,0.0668,0.3988
HEARTS ACE DIAMONDS FIVE,0.341,0.006,0.653
HEARTS SEVEN DIAMONDS SEVEN,0.2508,0.083,0.6662
HEARTS SIX DIAMONDS SEVEN,0.51,0.0684,0.4216
DIAMONDS SEVEN HEARTS NINE,0.3234,0.0336,0.643
DIAMONDS JACK DIAMONDS SEVEN,0.3312,0.0172,0.6516
DIAMONDS FIVE HEARTS JACK,0.3436,0.0164,0.64
DIAMONDS TEN DIAMONDS SEVEN,0.3108,0.0248,0.6644
HEARTS TEN DIAMONDS FIVE,0.3516,0.0264,0.622
SPADES KING CLUBS TWO,0.3816,0.0084,0.61
HEARTS KING CLUBS KING,0.1188,0.0152,0.866
CLUBS EIGHT DIAMONDS SEVEN,0.2252,0.2768,0.498
SPADES QUEEN CLUBS TWO,0.3826,0.0134,0.604
HEARTS KING CLUBS QUEEN,0.3188,0.0076,0.6736
CLUBS NINE DIAMONDS SEVEN,0.326,0.047,0.627
SPADES TWO CLUBS JACK,0.3852,0.017,0.5978
SPADES ACE CLUBS TWO,0.3816,0.004,0.6144
CLUBS TEN SPADES TWO,0.3856,0.03,0.5844
HEARTS KING CLUBS ACE,0.3176,0.0048,0.6776
CLUBS SEVEN CLUBS SIX,0.454,0.0538,0.4922
SPADES TWO CLUBS KING,0.3964,0.0064,0.5972
SPADES TWO DIAMONDS SEVEN,0.5772,0.0708,0.352
CLUBS EIGHT CLUBS SIX,0.2002,0.3398,0.46
SPADES TWO CLUBS QUEEN,0.3864,0.0138,0.5998
CLUBS NINE CLUBS SIX,0.308,0.0408,0.6512
SPADES FOUR DIAMONDS SEVEN,0.525,0.0666,0.4084
HEARTS KING CLUBS JACK,0.3114,0.009,0.6796
SPADES FIVE DIAMONDS SEVEN,0.513,0.0686,0.4184
SPADES TWO CLUBS ACE,0.378,0.0046,0.6174
CLUBS TEN HEARTS KING,0.3116,0.0082,0.6802
CLUBS SIX SPADES TWO,0.5758,0.0676,0.3566
CLUBS TWO DIAMONDS SEVEN,0.5844,0.062,0.3536
CLUBS SIX SPADES FOUR,0.5132,0.0694,0.4174
CLUBS THREE DIAMONDS SEVEN,0.6044,0.1326,0.263
CLUBS SIX SPADES FIVE,0.5,0.0636,0.4364
CLUBS FOUR DIAMONDS SEVEN,0.5386,0.0686,0.3928
CLUBS SIX SPADES SIX,0.2508,0.092,0.6572
CLUBS FIVE DIAMONDS SEVEN,0.5202,0.0682,0.4116
CLUBS SIX SPADES SEVEN,0.4934,0.0702,0.4364
CLUBS SIX DIAMONDS SEVEN,0.5078,0.0648,0.4274
CLUBS SIX SPADES EIGHT,0.205,0.367,0.428
SPADES JACK CLUBS TWO,0.3848,0.0194,0.5958
CLUBS SEVEN DIAMONDS SEVEN,0.242,0.0832,0.6748
SPADES NINE CLUBS SIX,0.3324,0.0424,0.6252
SPADES TEN CLUBS TWO,0.3748,0.0302,0.595
CLUBS TWO CLUBS QUEEN,0.3662,0.012,0.6218
CLUBS TWO CLUBS KING,0.3602,0.0108,0.629
CLUBS THREE DIAMONDS EIGHT,0.0234,0.958,0.0186
CLUBS TWO CLUBS ACE,0.352,0.0044,0.6436
CLUBS TWO DIAMONDS EIGHT,0.2582,0.5224,0.2194
DIAMONDS EIGHT HEARTS SEVEN,0.2162,0.3002,0.4836
HEARTS SIX DIAMONDS EIGHT,0.2164,0.3676,0.416
DIAMONDS EIGHT HEARTS NINE,0.2108,0.1104,0.6788
CLUBS TEN CLUBS TWO,0.3602,0.0262,0.6136
CLUBS TWO CLUBS JACK,0.3638,0.0202,0.616
CLUBS NINE DIAMONDS EIGHT,0.2228,0.104,0.6732
CLUBS EIGHT DIAMONDS EIGHT,0.0732,0.086,0.8408
CLUBS FIVE DIAMONDS EIGHT,0.1988,0.4414,0.3598
CLUBS FOUR DIAMONDS EIGHT,0.2184,0.5152,0.2664
CLUBS SEVEN DIAMONDS EIGHT,0.2234,0.2828,0.4938
CLUBS SIX DIAMONDS EIGHT,0.2168,0.3684,0.4148
DIAMONDS QUEEN DIAMONDS EIGHT,0.2128,0.045,0.7422
HEARTS TWO DIAMONDS EIGHT,0.2518,0.5402,0.208
DIAMONDS KING DIAMONDS EIGHT,0.2118,0.0326,0.7556
HEARTS THREE DIAMONDS EIGHT,0.017,0.9724,0.0106
DIAMONDS ACE DIAMONDS EIGHT,0.2072,0.0322,0.7606
HEARTS FOUR DIAMONDS EIGHT,0.2016,0.5214,0.277
HEARTS FIVE DIAMONDS EIGHT,0.216,0.4384,0.3456
DIAMONDS EIGHT DIAMONDS TEN,0.2086,0.0826,0.7088
DIAMONDS EIGHT DIAMONDS JACK,0.2182,0.0584,0.7234
CLUBS FOUR HEARTS ACE,0.3448,0.0046,0.6506
CLUBS FOUR HEARTS QUEEN,0.3476,0.0128,0.6396
CLUBS FOUR HEARTS KING,0.3608,0.0098,0.6294
CLUBS SIX HEARTS TEN,0.3382,0.0256,0.6362
CLUBS SIX HEARTS JACK,0.3582,0.0162,0.6256
DIAMONDS EIGHT SPADES FOUR,0.214,0.51,0.276
SPADES FIVE DIAMONDS EIGHT,0.2056,0.4444,0.35
DIAMONDS EIGHT SPADES TWO,0.2614,0.5282,0.2104
CLUBS FOUR HEARTS JACK,0.345,0.019,0.636
SPADES EIGHT DIAMONDS EIGHT,0.0634,0.095,0.8416
SPADES TEN DIAMONDS QUEEN,0.3148,0.007,0.6782
SPADES TEN HEARTS TWO,0.3824,0.0312,0.5864
CLUBS FOUR HEARTS TEN,0.34,0.032,0.628
SPADES NINE DIAMONDS EIGHT,0.2124,0.0982,0.6894
SPADES JACK HEARTS TWO,0.3764,0.0184,0.6052
SPADES JACK DIAMONDS QUEEN,0.313,0.01,0.677
SPADES SIX DIAMONDS EIGHT,0.2126,0.371,0.4164
SPADES SEVEN DIAMONDS EIGHT,0.2086,0.3098,0.4816
SPADES ACE HEARTS TWO,0.377,0.0076,0.6154
SPADES ACE DIAMONDS QUEEN,0.331,0.0044,0.6646
SPADES QUEEN HEARTS TWO,0.388,0.0134,0.5986
SPADES QUEEN DIAMONDS QUEEN,0.1276,0.0286,0.8438
SPADES KING DIAMONDS QUEEN,0.3136,0.0044,0.682
SPADES KING HEARTS TWO,0.3732,0.0108,0.616
CLUBS TWO HEARTS TEN,0.376,0.03,0.594
CLUBS TWO HEARTS JACK,0.3854,0.0184,0.5962
SPADES SEVEN DIAMONDS NINE,0.3216,0.0416,0.6368
SPADES SIX DIAMONDS NINE,0.3308,0.0434,0.6258
SPADES NINE DIAMONDS NINE,0.127,0.06,0.813
SPADES EIGHT DIAMONDS NINE,0.2158,0.1084,0.6758
SPADES TEN CLUBS KING,0.3098,0.0068,0.6834
SPADES JACK CLUBS KING,0.3248,0.0084,0.6668
DIAMONDS NINE SPADES TWO,0.3768,0.042,0.5812
DIAMONDS NINE SPADES FIVE,0.3416,0.0398,0.6186
DIAMONDS NINE SPADES FOUR,0.343,0.0458,0.6112
CLUBS NINE DIAMONDS NINE,0.1254,0.0606,0.814
CLUBS EIGHT DIAMONDS NINE,0.2288,0.106,0.6652
CLUBS SIX DIAMONDS NINE,0.323,0.0408,0.6362
SPADES JACK CLUBS FOUR,0.3528,0.0212,0.626
CLUBS SEVEN DIAMONDS NINE,0.3096,0.0454,0.645
SPADES TEN CLUBS FOUR,0.3592,0.0282,0.6126
CLUBS FOUR DIAMONDS NINE,0.3546,0.0398,0.6056
CLUBS FIVE DIAMONDS NINE,0.331,0.0426,0.6264
DIAMONDS NINE CLUBS TWO,0.387,0.0434,0.5696
CLUBS THREE DIAMONDS NINE,0.2382,0.092,0.6698
DIAMONDS NINE HEARTS NINE,0.1332,0.0582,0.8086
HEARTS SIX DIAMONDS NINE,0.3444,0.0414,0.6142
DIAMONDS NINE HEARTS SEVEN,0.327,0.0458,0.6272
CLUBS NINE CLUBS EIGHT,0.2202,0.1016,0.6782
DIAMONDS ACE DIAMONDS NINE,0.2986,0.0038,0.6976
HEARTS FOUR DIAMONDS NINE,0.362,0.043,0.595
HEARTS FIVE DIAMONDS NINE,0.3284,0.0462,0.6254
HEARTS ACE CLUBS TWO,0.3688,0.0056,0.6256
SPADES ACE CLUBS FOUR,0.3418,0.0062,0.652
DIAMONDS QUEEN DIAMONDS NINE,0.2936,0.0112,0.6952
HEARTS TWO DIAMONDS NINE,0.3772,0.0406,0.5822
CLUBS TWO HEARTS KING,0.3832,0.0098,0.607
SPADES KING CLUBS FOUR,0.3436,0.0096,0.6468
DIAMONDS KING DIAMONDS NINE,0.2936,0.0086,0.6978
HEARTS THREE DIAMONDS NINE,0.2408,0.1052,0.654
CLUBS TWO HEARTS QUEEN,0.3816,0.013,0.6054
SPADES QUEEN CLUBS FOUR,0.3518,0.0126,0.6356
DIAMONDS NINE DIAMONDS JACK,0.2876,0.0172,0.6952
CLUBS EIGHT SPADES NINE,0.2222,0.103,0.6748
DIAMONDS NINE DIAMONDS TEN,0.278,0.0228,0.6992
CLUBS EIGHT SPADES EIGHT,0.0666,0.0834,0.85
CLUBS EIGHT SPADES SEVEN,0.2058,0.2974,0.4968
CLUBS EIGHT SPADES SIX,0.2132,0.3724,0.4144
CLUBS EIGHT SPADES FIVE,0.2106,0.4346,0.3548
CLUBS EIGHT SPADES FOUR,0.2118,0.515,0.2732
CLUBS EIGHT SPADES TWO,0.264,0.5306,0.2054
HEARTS SIX DIAMONDS TEN,0.3342,0.0266,0.6392
DIAMONDS TEN HEARTS SEVEN,0.3342,0.0246,0.6412
CLUBS FOUR CLUBS JACK,0.33,0.019,0.651
DIAMONDS TEN HEARTS NINE,0.2938,0.029,0.6772
CLUBS TEN CLUBS FOUR,0.3378,0.0312,0.631
CLUBS FOUR CLUBS KING,0.3416,0.0096,0.6488
CLUBS FOUR CLUBS QUEEN,0.3528,0.0118,0.6354
CLUBS TWO DIAMONDS TEN,0.3796,0.0302,0.5902
CLUBS THREE DIAMONDS TEN,0.2452,0.0778,0.677
CLUBS FOUR CLUBS ACE,0.3306,0.0046,0.6648
DIAMONDS JACK DIAMONDS TEN,0.286,0.0146,0.6994
DIAMONDS QUEEN DIAMONDS TEN,0.3006,0.0112,0.6882
HEARTS TWO DIAMONDS TEN,0.3866,0.0316,0.5818
DIAMONDS KING DIAMONDS TEN,0.3044,0.0064,0.6892
HEARTS THREE DIAMONDS TEN,0.2366,0.0788,0.6846
DIAMONDS ACE DIAMONDS TEN,0.297,0.003,0.7
HEARTS FOUR DIAMONDS TEN,0.3598,0.0288,0.6114
CLUBS EIGHT HEARTS JACK,0.2174,0.0692,0.7134
HEARTS FIVE DIAMONDS TEN,0.3564,0.0288,0.6148
CLUBS EIGHT HEARTS TEN,0.2052,0.0874,0.7074
CLUBS EIGHT HEARTS QUEEN,0.2222,0.0452,0.7326
CLUBS EIGHT HEARTS KING,0.2224,0.0368,0.7408
CLUBS EIGHT HEARTS ACE,0.2102,0.0354,0.7544
CLUBS NINE SPADES TWO,0.3896,0.04,0.5704
CLUBS NINE SPADES FIVE,0.344,0.037,0.619
CLUBS NINE SPADES FOUR,0.3454,0.0478,0.6068
CLUBS NINE SPADES SEVEN,0.326,0.0432,0.6308
CLUBS NINE SPADES SIX,0.3238,0.0438,0.6324
CLUBS NINE SPADES NINE,0.1398,0.0608,0.7994
CLUBS NINE SPADES EIGHT,0.2152,0.1032,0.6816
SPADES KING CLUBS KING,0.1302,0.0192,0.8506
SPADES QUEEN CLUBS KING,0.315,0.007,0.678
SPADES ACE CLUBS KING,0.3126,0.0036,0.6838
DIAMONDS ACE HEARTS TEN,0.3302,0.0034,0.6664
HEARTS FOUR HEARTS TEN,0.3308,0.0302,0.639
DIAMONDS ACE HEARTS JACK,0.317,0.0038,0.6792
HEARTS FOUR HEARTS JACK,0.3278,0.0188,0.6534
SPADES KING CLUBS FIVE,0.3424,0.0074,0.6502
SPADES QUEEN CLUBS FIVE,0.3606,0.0086,0.6308
SPADES ACE CLUBS FIVE,0.3328,0.005,0.6622
DIAMONDS JACK HEARTS SEVEN,0.3454,0.0186,0.636
HEARTS SIX DIAMONDS JACK,0.3568,0.0162,0.627
DIAMONDS JACK HEARTS NINE,0.308,0.017,0.675
DIAMONDS KING DIAMONDS JACK,0.2896,0.0082,0.7022
HEARTS THREE DIAMONDS JACK,0.2392,0.0518,0.709
SPADES ACE SPADES SIX,0.3344,0.0056,0.66
HEARTS ACE SPADES FOUR,0.3302,0.0054,0.6644
DIAMONDS QUEEN DIAMONDS JACK,0.3046,0.0094,0.686
HEARTS TWO DIAMONDS JACK,0.3822,0.0238,0.594
HEARTS FIVE DIAMONDS JACK,0.342,0.0212,0.6368
SPADES QUEEN SPADES SIX,0.3388,0.0112,0.65
SPADES FOUR HEARTS QUEEN,0.349,0.016,0.635
DIAMONDS ACE DIAMONDS JACK,0.3104,0.0056,0.684
HEARTS FOUR DIAMONDS JACK,0.353,0.0198,0.6272
SPADES KING SPADES SIX,0.3234,0.008,0.6686
SPADES FOUR HEARTS KING,0.3442,0.011,0.6448
SPADES TEN SPADES SIX,0.3274,0.03,0.6426
SPADES JACK SPADES SIX,0.3446,0.0156,0.6398
SPADES FOUR DIAMONDS JACK,0.3512,0.0192,0.6296
SPADES FIVE DIAMONDS JACK,0.3424,0.022,0.6356
DIAMONDS JACK SPADES TWO,0.3986,0.0214,0.58
SPADES ACE DIAMONDS THREE,0.2384,0.017,0.7446
SPADES QUEEN DIAMONDS THREE,0.2354,0.0422,0.7224
CLUBS EIGHT DIAMONDS JACK,0.2232,0.0608,0.716
SPADES KING DIAMONDS THREE,0.2378,0.032,0.7302
CLUBS NINE DIAMONDS JACK,0.3084,0.0168,0.6748
CLUBS SIX DIAMONDS JACK,0.3542,0.021,0.6248
CLUBS SEVEN DIAMONDS JACK,0.337,0.0198,0.6432
CLUBS FOUR DIAMONDS JACK,0.3548,0.0194,0.6258
CLUBS FIVE DIAMONDS JACK,0.3506,0.0138,0.6356
CLUBS TWO DIAMONDS JACK,0.3846,0.0178,0.5976
CLUBS THREE DIAMONDS JACK,0.2394,0.059,0.7016
SPADES TEN CLUBS FIVE,0.337,0.0286,0.6344
HEARTS SIX SPADES JACK,0.337,0.0218,0.6412
HEARTS SIX SPADES TEN,0.3376,0.0284,0.634
SPADES JACK CLUBS FIVE,0.3456,0.0178,0.6366
SPADES JACK DIAMONDS THREE,0.235,0.05,0.715
CLUBS SEVEN CLUBS ACE,0.3396,0.0036,0.6568
DIAMONDS THREE SPADES TEN,0.2318,0.0702,0.698
CLUBS SEVEN CLUBS QUEEN,0.3288,0.0116,0.6596
CLUBS SEVEN CLUBS KING,0.3368,0.0068,0.6564
SPADES NINE DIAMONDS JACK,0.3102,0.0212,0.6686
CLUBS TEN CLUBS SEVEN,0.3274,0.0236,0.649
DIAMONDS ACE HEARTS ACE,0.124,0.0038,0.8722
HEARTS FOUR HEARTS ACE,0.335,0.0052,0.6598
SPADES EIGHT DIAMONDS JACK,0.23,0.0614,0.7086
SPADES ACE HEARTS SIX,0.3552,0.0042,0.6406
CLUBS SEVEN CLUBS JACK,0.328,0.0184,0.6536
DIAMONDS ACE HEARTS KING,0.313,0.0068,0.6802
HEARTS FOUR HEARTS KING,0.3386,0.0118,0.6496
SPADES SEVEN DIAMONDS JACK,0.3404,0.0194,0.6402
SPADES KING HEARTS SIX,0.3508,0.0102,0.639
DIAMONDS ACE HEARTS QUEEN,0.3248,0.0038,0.6714
HEARTS FOUR HEARTS QUEEN,0.3532,0.0168,0.63
SPADES QUEEN HEARTS SIX,0.3516,0.0136,0.6348
SPADES SIX DIAMONDS JACK,0.3432,0.019,0.6378
SPADES TWO DIAMONDS TEN,0.3908,0.03,0.5792
SPADES FOUR DIAMONDS TEN,0.3518,0.034,0.6142
SPADES FIVE DIAMONDS TEN,0.3606,0.0296,0.6098
SPADES SIX DIAMONDS TEN,0.3418,0.0306,0.6276
SPADES SEVEN DIAMONDS TEN,0.3254,0.0266,0.648
SPADES EIGHT DIAMONDS TEN,0.2234,0.0828,0.6938
SPADES NINE DIAMONDS TEN,0.2824,0.0266,0.691
CLUBS FOUR DIAMONDS TEN,0.3518,0.0264,0.6218
CLUBS FIVE DIAMONDS TEN,0.3412,0.0296,0.6292
CLUBS SIX DIAMONDS TEN,0.3446,0.0264,0.629
CLUBS SEVEN DIAMONDS TEN,0.321,0.0266,0.6524
CLUBS EIGHT DIAMONDS TEN,0.2314,0.081,0.6876
CLUBS NINE DIAMONDS TEN,0.3054,0.0244,0.6702
DIAMONDS THREE CLUBS JACK,0.2306,0.0588,0.7106
CLUBS TEN DIAMONDS THREE,0.2418,0.0726,0.6856
DIAMONDS THREE CLUBS KING,0.246,0.0284,0.7256
DIAMONDS THREE CLUBS QUEEN,0.2444,0.045,0.7106
DIAMONDS THREE CLUBS ACE,0.2328,0.017,0.7502
SPADES FOUR HEARTS JACK,0.3516,0.022,0.6264
SPADES FOUR HEARTS TEN,0.3416,0.0276,0.6308
SPADES FIVE SPADES TWO,0.5292,0.0658,0.405
SPADES FOUR SPADES TWO,0.5154,0.073,0.4116
SPADES NINE SPADES TWO,0.3608,0.0456,0.5936
SPADES EIGHT SPADES TWO,0.2516,0.4922,0.2562
SPADES SEVEN SPADES TWO,0.5648,0.0668,0.3684
SPADES SIX SPADES TWO,0.5424,0.066,0.3916
DIAMONDS QUEEN CLUBS THREE,0.2466,0.0406,0.7128
CLUBS THREE HEARTS TWO,0.6034,0.1486,0.248
DIAMONDS QUEEN CLUBS TWO,0.391,0.0114,0.5976
HEARTS TWO CLUBS TWO,0.3612,0.1082,0.5306
DIAMONDS QUEEN HEARTS SEVEN,0.3592,0.0148,0.626
HEARTS TWO HEARTS SEVEN,0.5634,0.0716,0.365
HEARTS SIX DIAMONDS QUEEN,0.3526,0.0122,0.6352
HEARTS SIX HEARTS TWO,0.5494,0.065,0.3856
DIAMONDS QUEEN HEARTS NINE,0.3112,0.0102,0.6786
HEARTS TWO HEARTS NINE,0.3598,0.0464,0.5938
CLUBS NINE HEARTS TWO,0.3858,0.0468,0.5674
CLUBS NINE DIAMONDS QUEEN,0.3258,0.0118,0.6624
CLUBS EIGHT HEARTS TWO,0.2534,0.5278,0.2188
CLUBS EIGHT DIAMONDS QUEEN,0.2324,0.0478,0.7198
CLUBS FIVE DIAMONDS QUEEN,0.3656,0.0126,0.6218
CLUBS FIVE HEARTS TWO,0.5502,0.071,0.3788
SPADES EIGHT HEARTS ACE,0.219,0.0348,0.7462
DIAMONDS QUEEN CLUBS FOUR,0.3554,0.0128,0.6318
HEARTS TWO CLUBS FOUR,0.5688,0.0706,0.3606
CLUBS SEVEN DIAMONDS QUEEN,0.369,0.0108,0.6202
CLUBS SEVEN HEARTS TWO,0.5922,0.0684,0.3394
SPADES EIGHT HEARTS QUEEN,0.211,0.0464,0.7426
CLUBS SIX DIAMONDS QUEEN,0.3612,0.011,0.6278
CLUBS SIX HEARTS TWO,0.5656,0.0738,0.3606
SPADES EIGHT HEARTS KING,0.209,0.0404,0.7506
HEARTS TWO SPADES SIX,0.5846,0.068,0.3474
DIAMONDS QUEEN SPADES SIX,0.3502,0.0114,0.6384
HEARTS FOUR CLUBS QUEEN,0.3522,0.0138,0.634
DIAMONDS ACE CLUBS QUEEN,0.3274,0.0046,0.668
DIAMONDS QUEEN SPADES SEVEN,0.3478,0.0126,0.6396
HEARTS TWO SPADES SEVEN,0.5772,0.0666,0.3562
HEARTS FOUR CLUBS KING,0.3544,0.0084,0.6372
DIAMONDS ACE CLUBS KING,0.3348,0.004,0.6612
DIAMONDS QUEEN SPADES EIGHT,0.2232,0.0494,0.7274
SPADES EIGHT HEARTS TWO,0.2382,0.5468,0.215
HEARTS FOUR CLUBS ACE,0.3386,0.0054,0.656
DIAMONDS ACE CLUBS ACE,0.1248,0.0048,0.8704
SPADES NINE DIAMONDS QUEEN,0.3214,0.0122,0.6664
SPADES NINE HEARTS TWO,0.3876,0.0458,0.5666
HEARTS TWO SPADES TWO,0.3486,0.107,0.5444
DIAMONDS QUEEN SPADES TWO,0.3976,0.0144,0.588
HEARTS TWO SPADES FOUR,0.562,0.0688,0.3692
DIAMONDS QUEEN SPADES FOUR,0.3514,0.0136,0.635
HEARTS FOUR CLUBS TEN,0.372,0.031,0.597
CLUBS TEN DIAMONDS ACE,0.3178,0.0036,0.6786
HEARTS TWO SPADES FIVE,0.551,0.0746,0.3744
DIAMONDS QUEEN SPADES FIVE,0.3556,0.0104,0.634
HEARTS FOUR CLUBS JACK,0.3474,0.0202,0.6324
DIAMONDS ACE CLUBS JACK,0.3224,0.0024,0.6752
CLUBS FIVE CLUBS KING,0.3396,0.009,0.6514
CLUBS FIVE CLUBS QUEEN,0.331,0.011,0.658
CLUBS FIVE CLUBS ACE,0.329,0.0048,0.6662
CLUBS FIVE CLUBS JACK,0.3356,0.0178,0.6466
CLUBS TEN CLUBS FIVE,0.3424,0.0274,0.6302
SPADES KING CLUBS JACK,0.3108,0.0084,0.6808
SPADES QUEEN CLUBS JACK,0.2998,0.011,0.6892
SPADES ACE CLUBS JACK,0.314,0.0046,0.6814
SPADES SIX CLUBS KING,0.352,0.0062,0.6418
SPADES SIX CLUBS QUEEN,0.351,0.0116,0.6374
SPADES EIGHT HEARTS JACK,0.2182,0.0674,0.7144
SPADES SIX CLUBS ACE,0.3488,0.0046,0.6466
SPADES EIGHT HEARTS TEN,0.2082,0.0786,0.7132
SPADES SIX CLUBS JACK,0.3486,0.0224,0.629
CLUBS TEN SPADES SIX,0.353,0.024,0.623
SPADES TEN CLUBS JACK,0.3016,0.0146,0.6838
SPADES JACK CLUBS JACK,0.1268,0.0384,0.8348
SPADES QUEEN CLUBS SEVEN,0.3496,0.0136,0.6368
SPADES KING CLUBS SEVEN,0.3504,0.0076,0.642
SPADES ACE CLUBS SEVEN,0.3348,0.0042,0.661
SPADES SIX HEARTS TEN,0.3474,0.0268,0.6258
SPADES SIX HEARTS JACK,0.3476,0.0208,0.6316
SPADES SIX HEARTS ACE,0.3354,0.0042,0.6604
SPADES SIX HEARTS KING,0.3384,0.0106,0.651
SPADES SIX HEARTS QUEEN,0.3348,0.0116,0.6536
CLUBS SEVEN SPADES JACK,0.3516,0.0186,0.6298
CLUBS SEVEN SPADES TEN,0.3306,0.0258,0.6436
CLUBS TEN HEARTS SIX,0.3476,0.0274,0.625
HEARTS SIX CLUBS JACK,0.3482,0.0148,0.637
CLUBS ACE CLUBS JACK,0.306,0.0054,0.6886
HEARTS SIX CLUBS QUEEN,0.3524,0.0088,0.6388
HEARTS SIX CLUBS KING,0.3592,0.0098,0.631
HEARTS SIX CLUBS ACE,0.3526,0.004,0.6434
CLUBS QUEEN CLUBS JACK,0.2878,0.01,0.7022
CLUBS KING CLUBS JACK,0.3002,0.0084,0.6914
DIAMONDS THREE HEARTS ACE,0.2368,0.0152,0.748
DIAMONDS THREE HEARTS QUEEN,0.2404,0.0446,0.715
DIAMONDS THREE HEARTS KING,0.2286,0.0268,0.7446
CLUBS FIVE HEARTS JACK,0.3374,0.0186,0.644
SPADES TEN DIAMONDS ACE,0.3188,0.0036,0.6776
HEARTS FOUR SPADES TEN,0.3568,0.0246,0.6186
CLUBS FIVE HEARTS TEN,0.344,0.0302,0.6258
HEARTS FOUR SPADES JACK,0.3556,0.0208,0.6236
SPADES JACK DIAMONDS ACE,0.3272,0.0058,0.667
SPADES ACE HEARTS FOUR,0.3496,0.0036,0.6468
SPADES ACE DIAMONDS ACE,0.126,0.0038,0.8702
CLUBS FIVE HEARTS ACE,0.3356,0.007,0.6574
CLUBS FIVE HEARTS KING,0.3366,0.0102,0.6532
HEARTS FOUR SPADES QUEEN,0.3678,0.0122,0.62
SPADES QUEEN DIAMONDS ACE,0.3176,0.0032,0.6792
SPADES FOUR CLUBS JACK,0.3496,0.0208,0.6296
CLUBS FIVE HEARTS QUEEN,0.3392,0.012,0.6488
SPADES KING DIAMONDS ACE,0.3368,0.0048,0.6584
HEARTS FOUR SPADES KING,0.3506,0.0082,0.6412
CLUBS TEN SPADES FOUR,0.352,0.027,0.621
DIAMONDS QUEEN DIAMONDS ACE,0.308,0.0046,0.6874
HEARTS TWO DIAMONDS ACE,0.3798,0.0064,0.6138
HEARTS FOUR DIAMONDS QUEEN,0.3686,0.0094,0.622
HEARTS FOUR HEARTS TWO,0.529,0.0712,0.3998
DIAMONDS THREE HEARTS TEN,0.2368,0.0744,0.6888
SPADES FOUR CLUBS KING,0.3536,0.0088,0.6376
HEARTS FIVE DIAMONDS QUEEN,0.352,0.0146,0.6334
HEARTS FIVE HEARTS TWO,0.5332,0.0748,0.392
DIAMONDS THREE HEARTS JACK,0.2404,0.0536,0.706
SPADES FOUR CLUBS QUEEN,0.347,0.014,0.639
DIAMONDS QUEEN HEARTS TWO,0.3884,0.0154,0.5962
DIAMONDS KING DIAMONDS QUEEN,0.2974,0.0056,0.697
DIAMONDS KING HEARTS TWO,0.3882,0.0086,0.6032
HEARTS THREE DIAMONDS QUEEN,0.2486,0.042,0.7094
HEARTS THREE HEARTS TWO,0.577,0.1512,0.2718
SPADES FOUR CLUBS ACE,0.352,0.0046,0.6434
HEARTS TWO CLUBS ACE,0.3788,0.0038,0.6174
DIAMONDS QUEEN CLUBS ACE,0.3264,0.0032,0.6704
HEARTS TWO CLUBS QUEEN,0.3978,0.011,0.5912
DIAMONDS QUEEN CLUBS QUEEN,0.14,0.0266,0.8334
HEARTS TWO CLUBS KING,0.3812,0.0106,0.6082
DIAMONDS QUEEN CLUBS KING,0.3188,0.0064,0.6748
SPADES EIGHT SPADES FIVE,0.2044,0.432,0.3636
CLUBS TEN HEARTS TWO,0.395,0.0294,0.5756
CLUBS TEN DIAMONDS QUEEN,0.3146,0.01,0.6754
SPADES NINE SPADES FIVE,0.3284,0.045,0.6266
HEARTS TWO CLUBS JACK,0.3948,0.0194,0.5858
DIAMONDS QUEEN CLUBS JACK,0.3182,0.0088,0.673
SPADES SIX SPADES FIVE,0.4648,0.065,0.4702
SPADES SEVEN SPADES FIVE,0.4844,0.0676,0.448
DIAMONDS FIVE CLUBS QUEEN,0.357,0.0134,0.6296
SPADES EIGHT CLUBS ACE,0.2148,0.0252,0.76
DIAMONDS FIVE CLUBS KING,0.3462,0.0082,0.6456
SPADES EIGHT CLUBS KING,0.2256,0.0396,0.7348
CLUBS ACE DIAMONDS FIVE,0.3422,0.0034,0.6544
SPADES EIGHT CLUBS QUEEN,0.2122,0.0504,0.7374
SPADES EIGHT CLUBS JACK,0.2196,0.0578,0.7226
CLUBS TEN SPADES EIGHT,0.2264,0.0842,0.6894
CLUBS TEN DIAMONDS FIVE,0.35,0.0312,0.6188
DIAMONDS FIVE CLUBS JACK,0.3518,0.018,0.6302
DIAMONDS TEN HEARTS JACK,0.3128,0.0196,0.6676
DIAMONDS TEN HEARTS TEN,0.1292,0.0514,0.8194
SPADES ACE CLUBS NINE,0.3138,0.003,0.6832
CLUBS NINE SPADES QUEEN,0.3194,0.012,0.6686
CLUBS NINE SPADES KING,0.3088,0.0082,0.683
HEARTS SIX HEARTS KING,0.342,0.0058,0.6522
DIAMONDS KING SPADES SEVEN,0.3548,0.0094,0.6358
HEARTS THREE SPADES SEVEN,0.6008,0.15,0.2492
SPADES KING DIAMONDS SEVEN,0.3462,0.0084,0.6454
HEARTS SIX HEARTS QUEEN,0.3434,0.0118,0.6448
SPADES QUEEN DIAMONDS SEVEN,0.3576,0.0114,0.631
HEARTS THREE SPADES SIX,0.5998,0.1464,0.2538
DIAMONDS KING SPADES SIX,0.3344,0.0088,0.6568
DIAMONDS KING SPADES NINE,0.32,0.0058,0.6742
