opposingHand,winningChance,drawChance,lostChance
HEARTS EIGHT CLUBS NINE
HEARTS FIVE SPADES TEN,0.4514,0.027,0.5216
SPADES JACK HEARTS FIVE,0.4518,0.0174,0.5308
CLUBS JACK SPADES FIVE,0.4348,0.0176,0.5476
CLUBS TEN SPADES FIVE,0.4316,0.0238,0.5446
CLUBS JACK CLUBS EIGHT,0.2678,0.0476,0.6846
CLUBS TEN CLUBS EIGHT,0.2456,0.072,0.6824
CLUBS EIGHT CLUBS KING,0.2678,0.0322,0.7
SPADES FIVE CLUBS ACE,0.4288,0.0044,0.5668
CLUBS EIGHT CLUBS QUEEN,0.2694,0.0376,0.693
SPADES FIVE CLUBS KING,0.4346,0.0072,0.5582
SPADES FIVE CLUBS QUEEN,0.4322,0.0136,0.5542
CLUBS EIGHT CLUBS ACE,0.279,0.0196,0.7014
DIAMONDS TWO DIAMONDS THREE,0.5914,0.0404,0.3682
DIAMONDS TWO DIAMONDS FIVE,0.5896,0.0344,0.376
SPADES KING HEARTS FIVE,0.4304,0.0094,0.5602
DIAMONDS TWO DIAMONDS FOUR,0.5984,0.0348,0.3668
SPADES QUEEN HEARTS FIVE,0.4358,0.0144,0.5498
DIAMONDS TWO DIAMONDS SEVEN,0.625,0.0358,0.3392
DIAMONDS TWO DIAMONDS SIX,0.6018,0.0404,0.3578
SPADES ACE HEARTS FIVE,0.4308,0.0046,0.5646
DIAMONDS TWO DIAMONDS NINE,0.5252,0.2092,0.2656
DIAMONDS TWO DIAMONDS EIGHT,0.636,0.1008,0.2632
DIAMONDS THREE DIAMONDS FOUR,0.5864,0.0366,0.377
CLUBS TWO SPADES FOUR,0.6326,0.0338,0.3336
DIAMONDS THREE DIAMONDS FIVE,0.578,0.0384,0.3836
SPADES FIVE CLUBS TWO,0.6394,0.0372,0.3234
CLUBS TWO SPADES TWO,0.4526,0.0652,0.4822
CLUBS TWO SPADES THREE,0.6348,0.0402,0.325
DIAMONDS THREE DIAMONDS EIGHT,0.624,0.1028,0.2732
SPADES EIGHT CLUBS TWO,0.6816,0.101,0.2174
DIAMONDS THREE DIAMONDS NINE,0.5306,0.2102,0.2592
SPADES NINE CLUBS TWO,0.5588,0.224,0.2172
DIAMONDS THREE DIAMONDS SIX,0.5906,0.0386,0.3708
SPADES SIX CLUBS TWO,0.6696,0.0354,0.295
DIAMONDS THREE DIAMONDS SEVEN,0.6286,0.03,0.3414
SPADES SEVEN CLUBS TWO,0.6776,0.0388,0.2836
CLUBS SIX CLUBS TWO,0.6276,0.0368,0.3356
CLUBS SEVEN CLUBS TWO,0.6452,0.0354,0.3194
CLUBS FOUR CLUBS TWO,0.6026,0.0388,0.3586
CLUBS FIVE CLUBS TWO,0.5944,0.0338,0.3718
CLUBS TEN CLUBS JACK,0.319,0.015,0.666
DIAMONDS FOUR DIAMONDS SIX,0.5904,0.036,0.3736
CLUBS TEN CLUBS QUEEN,0.3444,0.0104,0.6452
DIAMONDS FOUR DIAMONDS SEVEN,0.6112,0.0338,0.355
CLUBS TEN CLUBS KING,0.343,0.0066,0.6504
CLUBS TEN CLUBS ACE,0.3546,0.0044,0.641
CLUBS EIGHT CLUBS TWO,0.6426,0.1004,0.257
DIAMONDS FIVE DIAMONDS FOUR,0.573,0.0372,0.3898
DIAMONDS NINE DIAMONDS FOUR,0.5154,0.213,0.2716
DIAMONDS EIGHT DIAMONDS FOUR,0.6274,0.0934,0.2792
CLUBS THREE CLUBS TWO,0.59,0.0348,0.3752
DIAMONDS NINE DIAMONDS FIVE,0.5164,0.2092,0.2744
CLUBS JACK DIAMONDS TWO,0.4382,0.015,0.5468
DIAMONDS EIGHT DIAMONDS FIVE,0.6048,0.1012,0.294
CLUBS TEN DIAMONDS TWO,0.445,0.025,0.53
DIAMONDS FIVE DIAMONDS SEVEN,0.5948,0.0354,0.3698
DIAMONDS FIVE DIAMONDS SIX,0.5718,0.033,0.3952
DIAMONDS TWO CLUBS ACE,0.4328,0.004,0.5632
DIAMONDS TWO CLUBS KING,0.4444,0.008,0.5476
DIAMONDS TWO CLUBS QUEEN,0.4322,0.0138,0.554
DIAMONDS EIGHT DIAMONDS SIX,0.6246,0.093,0.2824
DIAMONDS NINE DIAMONDS SIX,0.513,0.2126,0.2744
HEARTS ACE SPADES THREE,0.4374,0.0048,0.5578
SPADES THREE HEARTS KING,0.4358,0.0062,0.558
DIAMONDS SEVEN DIAMONDS SIX,0.5792,0.0418,0.379
HEARTS QUEEN SPADES THREE,0.4538,0.009,0.5372
SPADES THREE HEARTS JACK,0.4334,0.0148,0.5518
SPADES THREE HEARTS TEN,0.4424,0.029,0.5286
DIAMONDS EIGHT DIAMONDS SEVEN,0.616,0.0988,0.2852
DIAMONDS NINE DIAMONDS SEVEN,0.5274,0.206,0.2666
DIAMONDS NINE DIAMONDS EIGHT,0.0212,0.9104,0.0684
DIAMONDS KING HEARTS TEN,0.3448,0.0072,0.648
HEARTS THREE HEARTS TEN,0.4262,0.024,0.5498
SPADES JACK CLUBS SIX,0.4336,0.0142,0.5522
DIAMONDS KING HEARTS JACK,0.3536,0.006,0.6404
HEARTS THREE HEARTS JACK,0.4282,0.02,0.5518
SPADES TEN CLUBS SIX,0.4246,0.0264,0.549
SPADES JACK SPADES FIVE,0.404,0.0156,0.5804
SPADES TEN SPADES FIVE,0.4092,0.026,0.5648
DIAMONDS KING HEARTS ACE,0.353,0.004,0.643
HEARTS THREE HEARTS ACE,0.4196,0.0056,0.5748
SPADES ACE CLUBS SIX,0.4326,0.002,0.5654
DIAMONDS KING HEARTS QUEEN,0.3582,0.0072,0.6346
HEARTS THREE HEARTS QUEEN,0.4198,0.0106,0.5696
SPADES KING CLUBS SIX,0.4254,0.006,0.5686
DIAMONDS KING HEARTS KING,0.1816,0.0122,0.8062
HEARTS THREE HEARTS KING,0.4338,0.0072,0.559
SPADES QUEEN CLUBS SIX,0.4298,0.009,0.5612
SPADES NINE HEARTS TEN,0.2456,0.0684,0.686
SPADES NINE HEARTS JACK,0.2506,0.0572,0.6922
SPADES QUEEN SPADES FIVE,0.3998,0.0114,0.5888
SPADES KING SPADES FIVE,0.3996,0.0074,0.593
SPADES ACE SPADES FIVE,0.4066,0.0048,0.5886
SPADES NINE HEARTS QUEEN,0.266,0.042,0.692
SPADES NINE HEARTS KING,0.2696,0.0338,0.6966
SPADES NINE HEARTS ACE,0.285,0.0206,0.6944
CLUBS TEN SPADES JACK,0.3498,0.0144,0.6358
CLUBS TEN SPADES TEN,0.1596,0.0388,0.8016
SPADES ACE CLUBS TEN,0.369,0.0034,0.6276
CLUBS TEN SPADES KING,0.3722,0.0072,0.6206
CLUBS TEN SPADES QUEEN,0.344,0.0096,0.6464
SPADES FIVE HEARTS QUEEN,0.4298,0.01,0.5602
SPADES FIVE HEARTS KING,0.4282,0.0078,0.564
HEARTS ACE SPADES FIVE,0.427,0.0036,0.5694
CLUBS EIGHT SPADES TEN,0.2588,0.0694,0.6718
HEARTS THREE SPADES JACK,0.456,0.0184,0.5256
SPADES JACK DIAMONDS KING,0.3656,0.0046,0.6298
SPADES TEN DIAMONDS KING,0.3706,0.0064,0.623
HEARTS THREE SPADES TEN,0.4592,0.0266,0.5142
SPADES JACK CLUBS EIGHT,0.2756,0.0554,0.669
CLUBS SIX HEARTS ACE,0.432,0.0052,0.5628
SPADES ACE CLUBS EIGHT,0.2958,0.0204,0.6838
CLUBS JACK HEARTS FIVE,0.4356,0.0166,0.5478
CLUBS TEN HEARTS FIVE,0.4374,0.0272,0.5354
CLUBS SIX HEARTS QUEEN,0.4322,0.0108,0.557
SPADES QUEEN CLUBS EIGHT,0.2962,0.037,0.6668
CLUBS TEN SPADES THREE,0.4386,0.0238,0.5376
CLUBS SIX HEARTS KING,0.4372,0.0084,0.5544
SPADES KING CLUBS EIGHT,0.292,0.0306,0.6774
CLUBS JACK SPADES THREE,0.4492,0.0156,0.5352
DIAMONDS TWO HEARTS JACK,0.4364,0.014,0.5496
SPADES THREE CLUBS QUEEN,0.4428,0.0106,0.5466
DIAMONDS TWO HEARTS TEN,0.4266,0.023,0.5504
SPADES THREE CLUBS KING,0.4542,0.0092,0.5366
HEARTS FIVE CLUBS ACE,0.4308,0.0052,0.564
SPADES FIVE HEARTS TEN,0.4296,0.0256,0.5448
SPADES THREE CLUBS ACE,0.4418,0.004,0.5542
HEARTS FIVE CLUBS KING,0.4338,0.0074,0.5588
SPADES FIVE HEARTS JACK,0.4332,0.015,0.5518
HEARTS FIVE CLUBS QUEEN,0.4302,0.0128,0.557
HEARTS THREE CLUBS KING,0.4606,0.0082,0.5312
DIAMONDS KING CLUBS KING,0.1828,0.0126,0.8046
HEARTS THREE CLUBS QUEEN,0.441,0.0146,0.5444
DIAMONDS KING CLUBS QUEEN,0.3474,0.0076,0.645
HEARTS FIVE HEARTS JACK,0.4092,0.0166,0.5742
HEARTS FIVE HEARTS TEN,0.4158,0.0274,0.5568
HEARTS THREE CLUBS ACE,0.4398,0.005,0.5552
DIAMONDS KING CLUBS ACE,0.3588,0.0038,0.6374
SPADES ACE CLUBS QUEEN,0.3648,0.0034,0.6318
SPADES KING CLUBS QUEEN,0.3502,0.0068,0.643
CLUBS JACK HEARTS THREE,0.4392,0.0182,0.5426
CLUBS JACK DIAMONDS KING,0.3572,0.0068,0.636
SPADES QUEEN CLUBS QUEEN,0.1786,0.0202,0.8012
CLUBS TEN HEARTS THREE,0.445,0.0282,0.5268
CLUBS TEN DIAMONDS KING,0.3512,0.0066,0.6422
SPADES JACK CLUBS QUEEN,0.3488,0.0074,0.6438
CLUBS SIX CLUBS QUEEN,0.4098,0.0122,0.578
SPADES TEN CLUBS QUEEN,0.3512,0.0108,0.638
CLUBS SIX CLUBS KING,0.3996,0.008,0.5924
CLUBS SIX CLUBS ACE,0.409,0.0042,0.5868
HEARTS FIVE HEARTS KING,0.4116,0.0082,0.5802
HEARTS FIVE HEARTS QUEEN,0.4266,0.013,0.5604
CLUBS TEN CLUBS SIX,0.3928,0.0242,0.583
HEARTS FIVE HEARTS ACE,0.4188,0.0056,0.5756
CLUBS JACK CLUBS SIX,0.4144,0.0148,0.5708
SPADES SEVEN HEARTS JACK,0.4132,0.0174,0.5694
SPADES SEVEN HEARTS TEN,0.4092,0.0258,0.565
DIAMONDS TWO CLUBS TWO,0.4514,0.0672,0.4814
DIAMONDS TWO CLUBS THREE,0.6256,0.0436,0.3308
HEARTS SIX DIAMONDS TWO,0.66,0.0384,0.3016
DIAMONDS TWO HEARTS QUEEN,0.446,0.0124,0.5416
DIAMONDS TWO HEARTS SEVEN,0.661,0.038,0.301
DIAMONDS TWO HEARTS KING,0.4408,0.0064,0.5528
DIAMONDS TWO HEARTS ACE,0.4346,0.004,0.5614
DIAMONDS TWO HEARTS NINE,0.5502,0.232,0.2178
DIAMONDS TWO DIAMONDS QUEEN,0.409,0.009,0.582
DIAMONDS TWO HEARTS TWO,0.4452,0.0684,0.4864
DIAMONDS TWO DIAMONDS KING,0.4184,0.006,0.5756
HEARTS THREE DIAMONDS TWO,0.6328,0.0428,0.3244
DIAMONDS TWO DIAMONDS ACE,0.4078,0.0048,0.5874
HEARTS FOUR DIAMONDS TWO,0.635,0.0394,0.3256
DIAMONDS TWO HEARTS FIVE,0.6354,0.0424,0.3222
SPADES SEVEN HEARTS ACE,0.4086,0.0032,0.5882
DIAMONDS TWO DIAMONDS TEN,0.4234,0.0244,0.5522
SPADES SEVEN HEARTS KING,0.43,0.0078,0.5622
DIAMONDS TWO DIAMONDS JACK,0.4224,0.017,0.5606
SPADES SEVEN HEARTS QUEEN,0.4142,0.0094,0.5764
DIAMONDS TWO SPADES NINE,0.546,0.2288,0.2252
DIAMONDS TWO SPADES EIGHT,0.6718,0.0984,0.2298
DIAMONDS TWO SPADES SEVEN,0.6628,0.034,0.3032
DIAMONDS TWO SPADES SIX,0.6546,0.0382,0.3072
DIAMONDS TWO SPADES FIVE,0.6164,0.0382,0.3454
DIAMONDS TWO SPADES FOUR,0.6306,0.0364,0.333
DIAMONDS TWO SPADES THREE,0.6186,0.0392,0.3422
DIAMONDS TWO SPADES TWO,0.432,0.062,0.506
DIAMONDS TWO CLUBS EIGHT,0.6698,0.1094,0.2208
CLUBS SEVEN DIAMONDS TWO,0.6682,0.0356,0.2962
DIAMONDS TWO CLUBS SIX,0.65,0.0398,0.3102
DIAMONDS TWO CLUBS FIVE,0.6324,0.0376,0.33
DIAMONDS TWO CLUBS FOUR,0.6312,0.0362,0.3326
CLUBS FOUR SPADES FIVE,0.6212,0.0378,0.341
CLUBS FOUR SPADES FOUR,0.4492,0.0652,0.4856
CLUBS FOUR SPADES THREE,0.6386,0.039,0.3224
CLUBS FOUR SPADES TWO,0.6282,0.0362,0.3356
SPADES NINE CLUBS FOUR,0.5636,0.2282,0.2082
SPADES EIGHT CLUBS FOUR,0.674,0.1024,0.2236
SPADES SEVEN CLUBS FOUR,0.6434,0.0408,0.3158
CLUBS FOUR SPADES SIX,0.6236,0.0406,0.3358
SPADES ACE DIAMONDS SIX,0.4288,0.0024,0.5688
SPADES QUEEN DIAMONDS SIX,0.4374,0.0126,0.55
SPADES KING DIAMONDS SIX,0.4364,0.006,0.5576
SPADES TEN DIAMONDS SIX,0.4274,0.0232,0.5494
SPADES JACK DIAMONDS SIX,0.4228,0.0176,0.5596
SPADES QUEEN SPADES TWO,0.4208,0.0088,0.5704
SPADES KING SPADES TWO,0.4142,0.0056,0.5802
SPADES ACE SPADES TWO,0.412,0.0046,0.5834
CLUBS JACK DIAMONDS JACK,0.1722,0.0294,0.7984
CLUBS TEN DIAMONDS JACK,0.3386,0.0154,0.646
DIAMONDS JACK CLUBS KING,0.378,0.0072,0.6148
DIAMONDS JACK CLUBS QUEEN,0.35,0.01,0.64
DIAMONDS THREE DIAMONDS JACK,0.4118,0.0156,0.5726
DIAMONDS THREE DIAMONDS TEN,0.4172,0.0206,0.5622
DIAMONDS JACK CLUBS ACE,0.3712,0.003,0.6258
DIAMONDS THREE DIAMONDS KING,0.4188,0.0074,0.5738
HEARTS THREE DIAMONDS THREE,0.4498,0.0648,0.4854
DIAMONDS THREE DIAMONDS QUEEN,0.4296,0.0078,0.5626
DIAMONDS THREE HEARTS TWO,0.6374,0.038,0.3246
HEARTS FIVE DIAMONDS THREE,0.6144,0.0404,0.3452
DIAMONDS THREE DIAMONDS ACE,0.4074,0.0024,0.5902
HEARTS FOUR DIAMONDS THREE,0.6276,0.0378,0.3346
DIAMONDS THREE HEARTS SEVEN,0.652,0.0438,0.3042
SPADES TEN SPADES NINE,0.2374,0.072,0.6906
HEARTS SIX DIAMONDS THREE,0.637,0.0386,0.3244
SPADES JACK SPADES NINE,0.2468,0.0564,0.6968
DIAMONDS THREE HEARTS NINE,0.5578,0.2228,0.2194
HEARTS JACK DIAMONDS FOUR,0.4458,0.0174,0.5368
HEARTS ACE HEARTS KING,0.3604,0.0042,0.6354
SPADES TEN SPADES TWO,0.434,0.022,0.544
HEARTS TEN DIAMONDS FOUR,0.4658,0.0234,0.5108
SPADES JACK SPADES TWO,0.4304,0.0158,0.5538
HEARTS QUEEN DIAMONDS FOUR,0.4358,0.0104,0.5538
HEARTS KING DIAMONDS FOUR,0.43,0.007,0.563
SPADES ACE SPADES NINE,0.2742,0.02,0.7058
HEARTS ACE DIAMONDS FOUR,0.436,0.0036,0.5604
SPADES KING SPADES NINE,0.2428,0.031,0.7262
SPADES QUEEN SPADES NINE,0.2578,0.047,0.6952
DIAMONDS THREE SPADES NINE,0.551,0.2176,0.2314
DIAMONDS THREE SPADES EIGHT,0.672,0.1056,0.2224
DIAMONDS THREE SPADES SEVEN,0.6412,0.044,0.3148
DIAMONDS THREE SPADES SIX,0.6362,0.0434,0.3204
DIAMONDS THREE CLUBS SIX,0.6354,0.0392,0.3254
CLUBS FIVE CLUBS SIX,0.5864,0.037,0.3766
CLUBS ACE DIAMONDS FOUR,0.431,0.0062,0.5628
CLUBS SEVEN DIAMONDS THREE,0.6648,0.0446,0.2906
CLUBS SEVEN CLUBS FIVE,0.6066,0.034,0.3594
DIAMONDS THREE CLUBS FOUR,0.6254,0.0384,0.3362
DIAMONDS FOUR CLUBS QUEEN,0.4424,0.0108,0.5468
DIAMONDS THREE CLUBS FIVE,0.6198,0.0354,0.3448
DIAMONDS FOUR CLUBS KING,0.441,0.007,0.552
DIAMONDS THREE CLUBS TWO,0.6418,0.0358,0.3224
CLUBS TEN DIAMONDS FOUR,0.441,0.025,0.534
DIAMONDS THREE CLUBS THREE,0.4496,0.0606,0.4898
CLUBS JACK DIAMONDS FOUR,0.448,0.0194,0.5326
DIAMONDS THREE SPADES FOUR,0.6232,0.0366,0.3402
DIAMONDS THREE SPADES FIVE,0.6122,0.0338,0.354
DIAMONDS THREE SPADES TWO,0.6254,0.0398,0.3348
DIAMONDS THREE SPADES THREE,0.439,0.061,0.5
CLUBS EIGHT DIAMONDS THREE,0.673,0.1054,0.2216
SPADES SEVEN CLUBS ACE,0.4248,0.0058,0.5694
SPADES SEVEN CLUBS QUEEN,0.4262,0.0128,0.561
SPADES SEVEN CLUBS KING,0.4314,0.0058,0.5628
CLUBS FIVE SPADES SEVEN,0.6202,0.0434,0.3364
CLUBS TEN SPADES SEVEN,0.4164,0.0244,0.5592
CLUBS FIVE SPADES SIX,0.6096,0.0482,0.3422
CLUBS JACK SPADES SEVEN,0.4196,0.0182,0.5622
CLUBS FIVE SPADES NINE,0.5498,0.2344,0.2158
CLUBS FIVE SPADES EIGHT,0.6636,0.1036,0.2328
CLUBS FIVE SPADES THREE,0.6318,0.0392,0.329
CLUBS FIVE SPADES TWO,0.6394,0.0424,0.3182
CLUBS FIVE SPADES FIVE,0.4316,0.0636,0.5048
CLUBS FIVE SPADES FOUR,0.6296,0.041,0.3294
CLUBS EIGHT CLUBS FIVE,0.6182,0.1088,0.273
CLUBS ACE CLUBS QUEEN,0.3446,0.0038,0.6516
CLUBS KING CLUBS QUEEN,0.3338,0.0062,0.66
DIAMONDS TEN DIAMONDS FOUR,0.4316,0.0266,0.5418
CLUBS TEN DIAMONDS NINE,0.2442,0.0716,0.6842
DIAMONDS JACK DIAMONDS FOUR,0.426,0.015,0.559
CLUBS JACK DIAMONDS NINE,0.2596,0.056,0.6844
CLUBS JACK SPADES NINE,0.2528,0.059,0.6882
CLUBS TEN SPADES NINE,0.2478,0.066,0.6862
DIAMONDS ACE DIAMONDS FOUR,0.42,0.0032,0.5768
HEARTS FOUR DIAMONDS FOUR,0.453,0.0646,0.4824
DIAMONDS JACK HEARTS TEN,0.3414,0.015,0.6436
SPADES NINE CLUBS KING,0.2594,0.0284,0.7122
DIAMONDS TWO SPADES TEN,0.4532,0.023,0.5238
DIAMONDS NINE CLUBS ACE,0.2814,0.021,0.6976
HEARTS FIVE DIAMONDS FOUR,0.617,0.036,0.347
DIAMONDS JACK HEARTS JACK,0.1706,0.0348,0.7946
SPADES NINE CLUBS QUEEN,0.2578,0.0488,0.6934
DIAMONDS TWO SPADES JACK,0.4478,0.0158,0.5364
DIAMONDS QUEEN DIAMONDS FOUR,0.4224,0.0126,0.565
HEARTS TWO DIAMONDS FOUR,0.6356,0.0436,0.3208
DIAMONDS NINE CLUBS QUEEN,0.2698,0.0472,0.683
DIAMONDS KING DIAMONDS FOUR,0.4196,0.0084,0.572
HEARTS THREE DIAMONDS FOUR,0.646,0.0382,0.3158
SPADES NINE CLUBS ACE,0.2864,0.0188,0.6948
DIAMONDS NINE CLUBS KING,0.2586,0.0352,0.7062
HEARTS ACE DIAMONDS JACK,0.3708,0.0028,0.6264
SPADES ACE DIAMONDS TWO,0.4478,0.0052,0.547
HEARTS QUEEN DIAMONDS JACK,0.3468,0.0096,0.6436
SPADES QUEEN DIAMONDS TWO,0.4418,0.0118,0.5464
DIAMONDS JACK HEARTS KING,0.3588,0.0078,0.6334
SPADES KING DIAMONDS TWO,0.4336,0.008,0.5584
SPADES JACK SPADES SEVEN,0.4078,0.0146,0.5776
SPADES TEN SPADES SEVEN,0.3838,0.0282,0.588
CLUBS SEVEN CLUBS THREE,0.621,0.0378,0.3412
CLUBS SIX CLUBS THREE,0.6078,0.0404,0.3518
CLUBS FIVE CLUBS THREE,0.58,0.0402,0.3798
CLUBS THREE CLUBS FOUR,0.5912,0.039,0.3698
CLUBS EIGHT CLUBS THREE,0.6396,0.1064,0.254
CLUBS THREE SPADES FIVE,0.63,0.0322,0.3378
CLUBS THREE SPADES FOUR,0.6406,0.042,0.3174
CLUBS THREE SPADES THREE,0.445,0.0632,0.4918
CLUBS THREE SPADES TWO,0.6418,0.0402,0.318
CLUBS THREE SPADES SIX,0.6224,0.037,0.3406
CLUBS THREE SPADES SEVEN,0.6548,0.0346,0.3106
SPADES EIGHT CLUBS THREE,0.6806,0.1058,0.2136
SPADES NINE CLUBS THREE,0.5636,0.224,0.2124
SPADES TWO DIAMONDS FOUR,0.6376,0.0386,0.3238
SPADES THREE DIAMONDS FOUR,0.6308,0.0404,0.3288
SPADES FOUR DIAMONDS FOUR,0.4384,0.0594,0.5022
SPADES FIVE DIAMONDS FOUR,0.6272,0.0354,0.3374
SPADES SIX DIAMONDS FOUR,0.6266,0.035,0.3384
SPADES SEVEN DIAMONDS FOUR,0.6366,0.04,0.3234
SPADES EIGHT DIAMONDS FOUR,0.6644,0.1026,0.233
SPADES NINE DIAMONDS FOUR,0.5608,0.223,0.2162
CLUBS FIVE DIAMONDS FOUR,0.6032,0.04,0.3568
CLUBS FOUR DIAMONDS FOUR,0.4432,0.068,0.4888
CLUBS SEVEN DIAMONDS FOUR,0.6498,0.04,0.3102
CLUBS SIX DIAMONDS FOUR,0.6168,0.0354,0.3478
CLUBS EIGHT DIAMONDS FOUR,0.6788,0.1112,0.21
DIAMONDS FOUR HEARTS SEVEN,0.6396,0.0382,0.3222
HEARTS SIX DIAMONDS FOUR,0.6316,0.0352,0.3332
DIAMONDS FOUR HEARTS NINE,0.5592,0.2238,0.217
CLUBS THREE DIAMONDS FOUR,0.6366,0.0406,0.3228
CLUBS TWO DIAMONDS FOUR,0.6288,0.0392,0.332
DIAMONDS TEN DIAMONDS FIVE,0.3964,0.0264,0.5772
DIAMONDS JACK DIAMONDS FIVE,0.4116,0.0172,0.5712
DIAMONDS NINE HEARTS QUEEN,0.2634,0.0418,0.6948
DIAMONDS NINE HEARTS KING,0.2634,0.028,0.7086
HEARTS ACE DIAMONDS NINE,0.2878,0.0194,0.6928
DIAMONDS NINE HEARTS TEN,0.2356,0.0772,0.6872
DIAMONDS NINE HEARTS JACK,0.2454,0.0584,0.6962
CLUBS KING DIAMONDS SIX,0.417,0.0068,0.5762
CLUBS QUEEN DIAMONDS SIX,0.4274,0.0106,0.562
CLUBS ACE DIAMONDS SIX,0.42,0.0034,0.5766
SPADES KING DIAMONDS FOUR,0.4528,0.0064,0.5408
SPADES ACE SPADES SEVEN,0.4014,0.0032,0.5954
SPADES QUEEN DIAMONDS FOUR,0.4468,0.009,0.5442
SPADES QUEEN SPADES SEVEN,0.4036,0.0086,0.5878
CLUBS JACK DIAMONDS SIX,0.4422,0.017,0.5408
SPADES KING SPADES SEVEN,0.3872,0.008,0.6048
SPADES ACE DIAMONDS FOUR,0.439,0.0026,0.5584
CLUBS TEN DIAMONDS SIX,0.4186,0.0286,0.5528
CLUBS EIGHT CLUBS FOUR,0.642,0.1064,0.2516
SPADES JACK DIAMONDS FOUR,0.4558,0.0148,0.5294
SPADES TEN DIAMONDS FOUR,0.4438,0.0234,0.5328
CLUBS FIVE CLUBS FOUR,0.5916,0.0354,0.373
CLUBS SEVEN CLUBS FOUR,0.618,0.0378,0.3442
CLUBS SIX CLUBS FOUR,0.592,0.0408,0.3672
CLUBS SEVEN SPADES EIGHT,0.653,0.1088,0.2382
CLUBS SEVEN SPADES NINE,0.559,0.2252,0.2158
CLUBS SEVEN SPADES SIX,0.631,0.034,0.335
CLUBS SEVEN SPADES SEVEN,0.4146,0.0608,0.5246
CLUBS SEVEN SPADES FIVE,0.6248,0.0384,0.3368
CLUBS SEVEN SPADES FOUR,0.6538,0.0412,0.305
CLUBS SEVEN SPADES THREE,0.6602,0.0404,0.2994
CLUBS SEVEN SPADES TWO,0.6762,0.0384,0.2854
CLUBS SEVEN CLUBS EIGHT,0.6236,0.103,0.2734
HEARTS SIX DIAMONDS FIVE,0.604,0.0432,0.3528
DIAMONDS FIVE HEARTS SEVEN,0.6372,0.041,0.3218
DIAMONDS FIVE HEARTS NINE,0.5402,0.2344,0.2254
DIAMONDS QUEEN DIAMONDS FIVE,0.417,0.0114,0.5716
HEARTS TWO DIAMONDS FIVE,0.621,0.0386,0.3404
DIAMONDS KING DIAMONDS FIVE,0.4064,0.0052,0.5884
HEARTS THREE DIAMONDS FIVE,0.63,0.0334,0.3366
DIAMONDS ACE DIAMONDS FIVE,0.3994,0.0046,0.596
HEARTS FOUR DIAMONDS FIVE,0.619,0.0392,0.3418
HEARTS FIVE DIAMONDS FIVE,0.4266,0.065,0.5084
CLUBS FOUR DIAMONDS FIVE,0.6028,0.04,0.3572
CLUBS FIVE DIAMONDS FIVE,0.4318,0.064,0.5042
CLUBS SIX DIAMONDS FIVE,0.6338,0.0372,0.329
CLUBS SEVEN DIAMONDS FIVE,0.6348,0.0414,0.3238
CLUBS TWO DIAMONDS FIVE,0.635,0.0336,0.3314
CLUBS THREE DIAMONDS FIVE,0.6306,0.0402,0.3292
SPADES THREE DIAMONDS FIVE,0.6144,0.0364,0.3492
SPADES TWO DIAMONDS FIVE,0.6152,0.0462,0.3386
SPADES JACK DIAMONDS EIGHT,0.2658,0.0478,0.6864
SPADES FIVE DIAMONDS FIVE,0.4454,0.0604,0.4942
CLUBS TEN HEARTS JACK,0.3356,0.0144,0.65
SPADES TEN DIAMONDS EIGHT,0.264,0.0738,0.6622
SPADES FOUR DIAMONDS FIVE,0.6216,0.0366,0.3418
CLUBS JACK HEARTS JACK,0.1576,0.033,0.8094
HEARTS JACK CLUBS QUEEN,0.3504,0.0088,0.6408
HEARTS JACK CLUBS KING,0.3424,0.0084,0.6492
CLUBS EIGHT DIAMONDS FIVE,0.669,0.1032,0.2278
CLUBS ACE HEARTS JACK,0.3614,0.0058,0.6328
SPADES SEVEN DIAMONDS FIVE,0.6356,0.0344,0.33
SPADES KING DIAMONDS EIGHT,0.301,0.0248,0.6742
SPADES QUEEN DIAMONDS EIGHT,0.2884,0.04,0.6716
SPADES SIX DIAMONDS FIVE,0.6172,0.0338,0.349
SPADES NINE DIAMONDS FIVE,0.5542,0.2206,0.2252
SPADES EIGHT DIAMONDS FIVE,0.66,0.0976,0.2424
SPADES ACE DIAMONDS EIGHT,0.2878,0.0224,0.6898
DIAMONDS TEN DIAMONDS SIX,0.4038,0.0206,0.5756
HEARTS ACE DIAMONDS SEVEN,0.4188,0.0048,0.5764
DIAMONDS JACK DIAMONDS SIX,0.4138,0.0156,0.5706
HEARTS QUEEN DIAMONDS SEVEN,0.4168,0.0126,0.5706
HEARTS KING DIAMONDS SEVEN,0.426,0.008,0.566
DIAMONDS ACE DIAMONDS SIX,0.4026,0.0046,0.5928
HEARTS FOUR DIAMONDS SIX,0.6434,0.0388,0.3178
SPADES TWO HEARTS JACK,0.4492,0.0172,0.5336
HEARTS FIVE DIAMONDS SIX,0.6196,0.0342,0.3462
SPADES TWO HEARTS TEN,0.4286,0.026,0.5454
DIAMONDS QUEEN DIAMONDS SIX,0.4008,0.0106,0.5886
HEARTS TWO DIAMONDS SIX,0.6522,0.0376,0.3102
DIAMONDS KING DIAMONDS SIX,0.4078,0.0076,0.5846
HEARTS THREE DIAMONDS SIX,0.6356,0.045,0.3194
HEARTS NINE DIAMONDS SIX,0.557,0.2236,0.2194
HEARTS SIX DIAMONDS SIX,0.4204,0.0586,0.521
HEARTS SEVEN DIAMONDS SIX,0.6286,0.037,0.3344
HEARTS TEN DIAMONDS SEVEN,0.3988,0.0236,0.5776
CLUBS TWO DIAMONDS SIX,0.6442,0.0388,0.317
HEARTS JACK DIAMONDS SEVEN,0.4316,0.0128,0.5556
CLUBS THREE DIAMONDS SIX,0.6472,0.0402,0.3126
CLUBS SEVEN DIAMONDS SIX,0.6266,0.042,0.3314
CLUBS JACK DIAMONDS EIGHT,0.261,0.0528,0.6862
CLUBS SIX DIAMONDS SIX,0.4208,0.0664,0.5128
CLUBS TEN DIAMONDS EIGHT,0.2406,0.0754,0.684
CLUBS FIVE DIAMONDS SIX,0.6162,0.0398,0.344
CLUBS FOUR DIAMONDS SIX,0.637,0.0398,0.3232
HEARTS ACE HEARTS JACK,0.349,0.0058,0.6452
DIAMONDS EIGHT CLUBS ACE,0.2892,0.0212,0.6896
HEARTS QUEEN HEARTS JACK,0.3372,0.0098,0.653
DIAMONDS EIGHT CLUBS KING,0.283,0.0334,0.6836
HEARTS KING HEARTS JACK,0.341,0.007,0.652
DIAMONDS EIGHT CLUBS QUEEN,0.275,0.0404,0.6846
CLUBS EIGHT DIAMONDS SIX,0.6652,0.092,0.2428
SPADES TEN HEARTS KING,0.3524,0.0076,0.64
SPADES FIVE DIAMONDS SIX,0.6074,0.036,0.3566
HEARTS ACE SPADES TWO,0.436,0.0042,0.5598
SPADES JACK HEARTS KING,0.3716,0.0058,0.6226
SPADES FOUR DIAMONDS SIX,0.6152,0.0378,0.347
SPADES THREE DIAMONDS SIX,0.6194,0.0396,0.341
HEARTS QUEEN SPADES TWO,0.4428,0.0138,0.5434
SPADES ACE SPADES KING,0.3238,0.003,0.6732
HEARTS KING SPADES TWO,0.4366,0.0094,0.554
SPADES TWO DIAMONDS SIX,0.6452,0.0426,0.3122
SPADES NINE DIAMONDS SIX,0.548,0.212,0.24
SPADES EIGHT DIAMONDS SIX,0.6506,0.0966,0.2528
SPADES SEVEN DIAMONDS SIX,0.6084,0.0414,0.3502
SPADES SIX DIAMONDS SIX,0.4156,0.0592,0.5252
SPADES KING HEARTS KING,0.1928,0.015,0.7922
SPADES QUEEN HEARTS KING,0.3544,0.007,0.6386
CLUBS ACE CLUBS KING,0.352,0.0048,0.6432
SPADES ACE HEARTS KING,0.357,0.0044,0.6386
SPADES ACE HEARTS JACK,0.3638,0.0028,0.6334
SPADES QUEEN HEARTS JACK,0.3482,0.0098,0.642
SPADES KING HEARTS JACK,0.364,0.007,0.629
SPADES TEN DIAMONDS TEN,0.174,0.0348,0.7912
SPADES JACK DIAMONDS TEN,0.341,0.0134,0.6456
SPADES ACE DIAMONDS TEN,0.3624,0.003,0.6346
SPADES JACK HEARTS JACK,0.1676,0.0316,0.8008
SPADES TEN HEARTS JACK,0.3404,0.0124,0.6472
SPADES QUEEN DIAMONDS TEN,0.3614,0.0098,0.6288
SPADES KING DIAMONDS TEN,0.3554,0.0054,0.6392
SPADES NINE DIAMONDS SEVEN,0.5494,0.2226,0.228
SPADES EIGHT DIAMONDS SEVEN,0.6528,0.1036,0.2436
SPADES SEVEN DIAMONDS SEVEN,0.404,0.055,0.541
SPADES SIX DIAMONDS SEVEN,0.617,0.0342,0.3488
DIAMONDS KING DIAMONDS SEVEN,0.4004,0.0054,0.5942
HEARTS THREE DIAMONDS SEVEN,0.6568,0.0428,0.3004
HEARTS KING DIAMONDS FIVE,0.4166,0.0062,0.5772
DIAMONDS QUEEN DIAMONDS SEVEN,0.4074,0.0092,0.5834
HEARTS TWO DIAMONDS SEVEN,0.6604,0.0432,0.2964
HEARTS QUEEN DIAMONDS FIVE,0.4294,0.0096,0.561
HEARTS FIVE DIAMONDS SEVEN,0.632,0.0414,0.3266
DIAMONDS ACE DIAMONDS SEVEN,0.3904,0.0036,0.606
HEARTS FOUR DIAMONDS SEVEN,0.6482,0.0426,0.3092
HEARTS ACE DIAMONDS FIVE,0.4318,0.005,0.5632
HEARTS SEVEN DIAMONDS SEVEN,0.4164,0.0564,0.5272
HEARTS SIX DIAMONDS SEVEN,0.619,0.0426,0.3384
DIAMONDS SEVEN HEARTS NINE,0.5386,0.2312,0.2302
DIAMONDS JACK DIAMONDS SEVEN,0.39,0.0172,0.5928
DIAMONDS FIVE HEARTS JACK,0.4372,0.0164,0.5464
DIAMONDS TEN DIAMONDS SEVEN,0.3932,0.0202,0.5866
HEARTS TEN DIAMONDS FIVE,0.4304,0.0258,0.5438
SPADES KING CLUBS TWO,0.4422,0.0104,0.5474
HEARTS KING CLUBS KING,0.1806,0.0122,0.8072
CLUBS EIGHT DIAMONDS SEVEN,0.6676,0.1006,0.2318
SPADES QUEEN CLUBS TWO,0.4598,0.009,0.5312
HEARTS KING CLUBS QUEEN,0.351,0.0058,0.6432
CLUBS JACK SPADES TWO,0.4398,0.0186,0.5416
SPADES ACE CLUBS TWO,0.4374,0.0046,0.558
CLUBS TEN SPADES TWO,0.4378,0.0296,0.5326
HEARTS KING CLUBS ACE,0.3582,0.0054,0.6364
CLUBS SEVEN CLUBS SIX,0.6054,0.0362,0.3584
SPADES TWO CLUBS KING,0.4466,0.0076,0.5458
SPADES TWO DIAMONDS SEVEN,0.6768,0.0384,0.2848
CLUBS EIGHT CLUBS SIX,0.6214,0.1026,0.276
SPADES THREE DIAMONDS SEVEN,0.6556,0.0396,0.3048
SPADES TWO CLUBS QUEEN,0.4442,0.0132,0.5426
SPADES FOUR DIAMONDS SEVEN,0.6468,0.0342,0.319
CLUBS JACK HEARTS KING,0.3594,0.0054,0.6352
SPADES FIVE DIAMONDS SEVEN,0.6348,0.0382,0.327
SPADES TWO CLUBS ACE,0.4282,0.005,0.5668
CLUBS TEN HEARTS KING,0.3506,0.008,0.6414
CLUBS SIX SPADES TWO,0.65,0.0408,0.3092
CLUBS SIX SPADES THREE,0.65,0.0368,0.3132
CLUBS TWO DIAMONDS SEVEN,0.6828,0.0404,0.2768
CLUBS SIX SPADES FOUR,0.6328,0.04,0.3272
CLUBS THREE DIAMONDS SEVEN,0.668,0.0332,0.2988
CLUBS SIX SPADES FIVE,0.605,0.0414,0.3536
CLUBS FOUR DIAMONDS SEVEN,0.6448,0.0402,0.315
CLUBS SIX SPADES SIX,0.4306,0.0616,0.5078
CLUBS FIVE DIAMONDS SEVEN,0.62,0.0416,0.3384
CLUBS SIX SPADES SEVEN,0.6282,0.0366,0.3352
CLUBS SIX DIAMONDS SEVEN,0.6192,0.039,0.3418
CLUBS SIX SPADES EIGHT,0.6474,0.1086,0.244
SPADES JACK CLUBS TWO,0.4444,0.0192,0.5364
CLUBS SEVEN DIAMONDS SEVEN,0.4192,0.0592,0.5216
SPADES NINE CLUBS SIX,0.5508,0.2246,0.2246
SPADES TEN CLUBS TWO,0.4572,0.0268,0.516
CLUBS TWO CLUBS QUEEN,0.4108,0.0148,0.5744
CLUBS TWO CLUBS KING,0.4304,0.0066,0.563
CLUBS THREE DIAMONDS EIGHT,0.6854,0.1074,0.2072
CLUBS TWO CLUBS ACE,0.4186,0.0062,0.5752
CLUBS TWO DIAMONDS EIGHT,0.681,0.1028,0.2162
DIAMONDS EIGHT HEARTS SEVEN,0.6632,0.1008,0.236
HEARTS SIX DIAMONDS EIGHT,0.6516,0.0964,0.252
DIAMONDS EIGHT HEARTS NINE,0.0106,0.9692,0.0202
CLUBS TEN CLUBS TWO,0.4326,0.025,0.5424
CLUBS JACK CLUBS TWO,0.4302,0.0168,0.553
CLUBS EIGHT DIAMONDS EIGHT,0.3116,0.0582,0.6302
CLUBS FIVE DIAMONDS EIGHT,0.658,0.1118,0.2302
SPADES ACE SPADES THREE,0.405,0.0038,0.5912
CLUBS FOUR DIAMONDS EIGHT,0.6836,0.1018,0.2146
CLUBS SEVEN DIAMONDS EIGHT,0.6452,0.1102,0.2446
SPADES QUEEN SPADES THREE,0.4308,0.0088,0.5604
CLUBS SIX DIAMONDS EIGHT,0.658,0.1048,0.2372
SPADES KING SPADES THREE,0.4318,0.0086,0.5596
DIAMONDS QUEEN DIAMONDS EIGHT,0.2684,0.0352,0.6964
HEARTS TWO DIAMONDS EIGHT,0.6878,0.111,0.2012
DIAMONDS KING DIAMONDS EIGHT,0.2814,0.0254,0.6932
HEARTS THREE DIAMONDS EIGHT,0.6874,0.1022,0.2104
DIAMONDS ACE DIAMONDS EIGHT,0.2624,0.018,0.7196
HEARTS FOUR DIAMONDS EIGHT,0.6786,0.104,0.2174
HEARTS FIVE DIAMONDS EIGHT,0.6592,0.0988,0.242
DIAMONDS EIGHT DIAMONDS TEN,0.2352,0.0732,0.6916
DIAMONDS EIGHT DIAMONDS JACK,0.2618,0.0502,0.688
SPADES JACK SPADES THREE,0.4106,0.0124,0.577
SPADES TEN SPADES THREE,0.4232,0.0248,0.552
CLUBS FOUR HEARTS ACE,0.4322,0.0056,0.5622
CLUBS FOUR HEARTS QUEEN,0.4352,0.0122,0.5526
CLUBS FOUR HEARTS KING,0.4322,0.0076,0.5602
CLUBS SIX HEARTS TEN,0.423,0.0232,0.5538
CLUBS SIX HEARTS JACK,0.4376,0.0204,0.542
DIAMONDS EIGHT SPADES FOUR,0.6834,0.1002,0.2164
SPADES FIVE DIAMONDS EIGHT,0.6512,0.1054,0.2434
DIAMONDS EIGHT SPADES TWO,0.675,0.0954,0.2296
DIAMONDS EIGHT SPADES THREE,0.6754,0.0996,0.225
CLUBS FOUR HEARTS JACK,0.4352,0.0166,0.5482
SPADES EIGHT DIAMONDS EIGHT,0.3164,0.0564,0.6272
SPADES TEN DIAMONDS QUEEN,0.353,0.0106,0.6364
SPADES TEN HEARTS TWO,0.4424,0.0242,0.5334
CLUBS FOUR HEARTS TEN,0.4466,0.0226,0.5308
SPADES NINE DIAMONDS EIGHT,0.021,0.963,0.016
SPADES JACK HEARTS TWO,0.4594,0.0216,0.519
SPADES JACK DIAMONDS QUEEN,0.3614,0.006,0.6326
SPADES SIX DIAMONDS EIGHT,0.65,0.1018,0.2482
SPADES SEVEN DIAMONDS EIGHT,0.661,0.0904,0.2486
SPADES ACE HEARTS TWO,0.4418,0.0042,0.554
SPADES ACE DIAMONDS QUEEN,0.3716,0.0028,0.6256
SPADES QUEEN HEARTS TWO,0.4348,0.012,0.5532
SPADES QUEEN DIAMONDS QUEEN,0.185,0.0238,0.7912
SPADES KING DIAMONDS QUEEN,0.3598,0.0056,0.6346
SPADES KING HEARTS TWO,0.4476,0.0076,0.5448
CLUBS TWO HEARTS TEN,0.4522,0.0234,0.5244
CLUBS TWO HEARTS JACK,0.4384,0.0162,0.5454
SPADES SEVEN DIAMONDS NINE,0.5498,0.2308,0.2194
SPADES SIX DIAMONDS NINE,0.5514,0.2182,0.2304
SPADES NINE DIAMONDS NINE,0.1508,0.0624,0.7868
SPADES EIGHT DIAMONDS NINE,0.0232,0.956,0.0208
SPADES TEN CLUBS KING,0.3652,0.0058,0.629
DIAMONDS NINE SPADES THREE,0.5526,0.2298,0.2176
SPADES JACK CLUBS KING,0.356,0.0064,0.6376
DIAMONDS NINE SPADES TWO,0.5584,0.221,0.2206
DIAMONDS NINE SPADES FIVE,0.5436,0.2256,0.2308
DIAMONDS NINE SPADES FOUR,0.5498,0.2254,0.2248
CLUBS EIGHT DIAMONDS NINE,0.0168,0.9716,0.0116
CLUBS SIX DIAMONDS NINE,0.5518,0.222,0.2262
SPADES JACK CLUBS FOUR,0.444,0.0174,0.5386
CLUBS SEVEN DIAMONDS NINE,0.5484,0.2374,0.2142
SPADES TEN CLUBS FOUR,0.4404,0.0254,0.5342
CLUBS FOUR DIAMONDS NINE,0.562,0.222,0.216
CLUBS FIVE DIAMONDS NINE,0.5486,0.227,0.2244
DIAMONDS NINE CLUBS TWO,0.5574,0.2314,0.2112
CLUBS THREE DIAMONDS NINE,0.5576,0.2224,0.22
DIAMONDS NINE HEARTS NINE,0.146,0.0652,0.7888
HEARTS SIX DIAMONDS NINE,0.5566,0.225,0.2184
DIAMONDS NINE HEARTS SEVEN,0.546,0.2328,0.2212
DIAMONDS ACE DIAMONDS NINE,0.2722,0.0194,0.7084
HEARTS FOUR DIAMONDS NINE,0.5608,0.2182,0.221
HEARTS FIVE DIAMONDS NINE,0.5576,0.2266,0.2158
HEARTS ACE CLUBS TWO,0.4372,0.0054,0.5574
SPADES ACE CLUBS FOUR,0.4346,0.0046,0.5608
DIAMONDS QUEEN DIAMONDS NINE,0.2484,0.0444,0.7072
HEARTS TWO DIAMONDS NINE,0.5492,0.2408,0.21
CLUBS TWO HEARTS KING,0.4358,0.0074,0.5568
SPADES KING CLUBS FOUR,0.4418,0.0072,0.551
DIAMONDS KING DIAMONDS NINE,0.2544,0.0294,0.7162
HEARTS THREE DIAMONDS NINE,0.553,0.24,0.207
CLUBS TWO HEARTS QUEEN,0.4358,0.0124,0.5518
SPADES QUEEN CLUBS FOUR,0.4496,0.0128,0.5376
DIAMONDS NINE DIAMONDS JACK,0.2438,0.0582,0.698
CLUBS EIGHT SPADES NINE,0.0162,0.9732,0.0106
DIAMONDS NINE DIAMONDS TEN,0.2282,0.0742,0.6976
CLUBS EIGHT SPADES EIGHT,0.3186,0.0584,0.623
CLUBS EIGHT SPADES SEVEN,0.6478,0.107,0.2452
CLUBS EIGHT SPADES SIX,0.648,0.1088,0.2432
CLUBS EIGHT SPADES FIVE,0.6542,0.1072,0.2386
CLUBS EIGHT SPADES FOUR,0.6804,0.0982,0.2214
CLUBS EIGHT SPADES THREE,0.677,0.1082,0.2148
CLUBS EIGHT SPADES TWO,0.6836,0.0996,0.2168
HEARTS SIX DIAMONDS TEN,0.4318,0.0246,0.5436
DIAMONDS TEN HEARTS SEVEN,0.4132,0.023,0.5638
CLUBS JACK CLUBS FOUR,0.4254,0.0166,0.558
DIAMONDS TEN HEARTS NINE,0.2394,0.071,0.6896
CLUBS TEN CLUBS FOUR,0.4262,0.0252,0.5486
CLUBS FOUR CLUBS KING,0.434,0.009,0.557
CLUBS FOUR CLUBS QUEEN,0.4298,0.012,0.5582
CLUBS TWO DIAMONDS TEN,0.4476,0.0242,0.5282
CLUBS THREE DIAMONDS TEN,0.4508,0.0292,0.52
CLUBS FOUR CLUBS ACE,0.4286,0.0044,0.567
DIAMONDS JACK DIAMONDS TEN,0.3146,0.015,0.6704
DIAMONDS QUEEN DIAMONDS TEN,0.3246,0.009,0.6664
HEARTS TWO DIAMONDS TEN,0.4564,0.0216,0.522
DIAMONDS KING DIAMONDS TEN,0.3378,0.005,0.6572
HEARTS THREE DIAMONDS TEN,0.4542,0.026,0.5198
DIAMONDS ACE DIAMONDS TEN,0.364,0.0042,0.6318
HEARTS FOUR DIAMONDS TEN,0.4408,0.024,0.5352
CLUBS EIGHT HEARTS JACK,0.2608,0.059,0.6802
HEARTS FIVE DIAMONDS TEN,0.4448,0.0228,0.5324
CLUBS EIGHT HEARTS TEN,0.254,0.0722,0.6738
CLUBS EIGHT HEARTS QUEEN,0.2806,0.0432,0.6762
CLUBS EIGHT HEARTS KING,0.2944,0.0344,0.6712
CLUBS EIGHT HEARTS ACE,0.2864,0.0244,0.6892
SPADES KING CLUBS KING,0.18,0.014,0.806
SPADES QUEEN CLUBS KING,0.3488,0.0088,0.6424
SPADES ACE CLUBS KING,0.3588,0.0054,0.6358
DIAMONDS ACE HEARTS TEN,0.3668,0.0038,0.6294
HEARTS FOUR HEARTS TEN,0.4192,0.0246,0.5562
DIAMONDS ACE HEARTS JACK,0.3608,0.004,0.6352
HEARTS FOUR HEARTS JACK,0.4292,0.017,0.5538
SPADES KING CLUBS FIVE,0.4338,0.0058,0.5604
SPADES QUEEN CLUBS FIVE,0.4332,0.012,0.5548
SPADES ACE CLUBS FIVE,0.4478,0.0046,0.5476
DIAMONDS JACK HEARTS SEVEN,0.4234,0.0152,0.5614
HEARTS SIX DIAMONDS JACK,0.4404,0.0154,0.5442
DIAMONDS JACK HEARTS NINE,0.2544,0.0598,0.6858
DIAMONDS KING DIAMONDS JACK,0.3472,0.0048,0.648
HEARTS THREE DIAMONDS JACK,0.4568,0.017,0.5262
SPADES ACE SPADES SIX,0.3998,0.0048,0.5954
HEARTS ACE SPADES FOUR,0.4244,0.0032,0.5724
DIAMONDS QUEEN DIAMONDS JACK,0.3368,0.0098,0.6534
HEARTS TWO DIAMONDS JACK,0.4426,0.0156,0.5418
HEARTS FIVE DIAMONDS JACK,0.4488,0.0182,0.533
SPADES QUEEN SPADES SIX,0.4062,0.0098,0.584
SPADES FOUR HEARTS QUEEN,0.4594,0.011,0.5296
DIAMONDS ACE DIAMONDS JACK,0.3484,0.004,0.6476
HEARTS FOUR DIAMONDS JACK,0.4478,0.0184,0.5338
SPADES KING SPADES SIX,0.4008,0.0068,0.5924
SPADES FOUR HEARTS KING,0.4406,0.0074,0.552
SPADES TEN SPADES SIX,0.3984,0.0224,0.5792
SPADES JACK SPADES SIX,0.417,0.016,0.567
SPADES FOUR DIAMONDS JACK,0.46,0.0138,0.5262
SPADES FIVE DIAMONDS JACK,0.4218,0.0138,0.5644
DIAMONDS JACK SPADES TWO,0.4298,0.0186,0.5516
DIAMONDS JACK SPADES THREE,0.4472,0.0164,0.5364
SPADES ACE DIAMONDS THREE,0.4308,0.005,0.5642
SPADES QUEEN DIAMONDS THREE,0.4538,0.0118,0.5344
CLUBS EIGHT DIAMONDS JACK,0.2684,0.0526,0.679
SPADES KING DIAMONDS THREE,0.4346,0.0062,0.5592
CLUBS SIX DIAMONDS JACK,0.4374,0.0144,0.5482
CLUBS SEVEN DIAMONDS JACK,0.427,0.0184,0.5546
CLUBS FOUR DIAMONDS JACK,0.4512,0.019,0.5298
CLUBS FIVE DIAMONDS JACK,0.4444,0.0162,0.5394
CLUBS TWO DIAMONDS JACK,0.459,0.0186,0.5224
CLUBS THREE DIAMONDS JACK,0.4346,0.0146,0.5508
SPADES TEN CLUBS FIVE,0.4374,0.0282,0.5344
HEARTS SIX SPADES JACK,0.4372,0.0138,0.549
HEARTS SIX SPADES TEN,0.4402,0.025,0.5348
SPADES JACK CLUBS FIVE,0.4466,0.0166,0.5368
SPADES JACK DIAMONDS THREE,0.4524,0.017,0.5306
CLUBS SEVEN CLUBS ACE,0.3976,0.0058,0.5966
DIAMONDS THREE SPADES TEN,0.447,0.0246,0.5284
CLUBS SEVEN CLUBS QUEEN,0.4114,0.0112,0.5774
CLUBS SEVEN CLUBS KING,0.4182,0.0074,0.5744
SPADES NINE DIAMONDS JACK,0.2546,0.0568,0.6886
CLUBS TEN CLUBS SEVEN,0.3948,0.0218,0.5834
DIAMONDS ACE HEARTS ACE,0.1812,0.0036,0.8152
HEARTS FOUR HEARTS ACE,0.4182,0.0054,0.5764
SPADES EIGHT DIAMONDS JACK,0.269,0.0514,0.6796
SPADES ACE HEARTS SIX,0.4264,0.0042,0.5694
CLUBS JACK CLUBS SEVEN,0.4052,0.0196,0.5752
DIAMONDS ACE HEARTS KING,0.3604,0.0022,0.6374
HEARTS FOUR HEARTS KING,0.4118,0.0096,0.5786
SPADES SEVEN DIAMONDS JACK,0.42,0.0164,0.5636
SPADES KING HEARTS SIX,0.4338,0.0084,0.5578
DIAMONDS ACE HEARTS QUEEN,0.364,0.0022,0.6338
HEARTS FOUR HEARTS QUEEN,0.435,0.0092,0.5558
SPADES QUEEN HEARTS SIX,0.4358,0.0116,0.5526
SPADES SIX DIAMONDS JACK,0.4238,0.0138,0.5624
DIAMONDS TEN SPADES TWO,0.446,0.0252,0.5288
SPADES THREE DIAMONDS TEN,0.4402,0.0236,0.5362
SPADES FOUR DIAMONDS TEN,0.4506,0.0226,0.5268
SPADES FIVE DIAMONDS TEN,0.434,0.0266,0.5394
SPADES SIX DIAMONDS TEN,0.4182,0.0246,0.5572
SPADES SEVEN DIAMONDS TEN,0.4116,0.0244,0.564
SPADES EIGHT DIAMONDS TEN,0.2552,0.0742,0.6706
SPADES NINE DIAMONDS TEN,0.2534,0.0742,0.6724
CLUBS FOUR DIAMONDS TEN,0.4404,0.0232,0.5364
CLUBS FIVE DIAMONDS TEN,0.441,0.0272,0.5318
CLUBS SIX DIAMONDS TEN,0.419,0.0274,0.5536
CLUBS SEVEN DIAMONDS TEN,0.4106,0.0284,0.561
CLUBS EIGHT DIAMONDS TEN,0.2548,0.0762,0.669
CLUBS JACK DIAMONDS THREE,0.4454,0.0162,0.5384
CLUBS TEN DIAMONDS THREE,0.441,0.0272,0.5318
DIAMONDS THREE CLUBS KING,0.4418,0.0114,0.5468
DIAMONDS THREE CLUBS QUEEN,0.4542,0.0106,0.5352
DIAMONDS THREE CLUBS ACE,0.4258,0.005,0.5692
SPADES FOUR HEARTS JACK,0.4306,0.0172,0.5522
SPADES FOUR HEARTS TEN,0.4332,0.025,0.5418
SPADES FIVE SPADES TWO,0.5834,0.0358,0.3808
SPADES FOUR SPADES TWO,0.6038,0.035,0.3612
SPADES THREE SPADES TWO,0.5886,0.0402,0.3712
SPADES NINE SPADES TWO,0.532,0.2048,0.2632
SPADES EIGHT SPADES TWO,0.6474,0.0928,0.2598
SPADES SEVEN SPADES TWO,0.6348,0.0362,0.329
SPADES SIX SPADES TWO,0.6088,0.0358,0.3554
DIAMONDS QUEEN CLUBS THREE,0.4432,0.0104,0.5464
CLUBS THREE HEARTS TWO,0.6398,0.0438,0.3164
DIAMONDS QUEEN CLUBS TWO,0.4452,0.0084,0.5464
HEARTS TWO CLUBS TWO,0.4416,0.0634,0.495
DIAMONDS QUEEN HEARTS SEVEN,0.435,0.0098,0.5552
HEARTS TWO HEARTS SEVEN,0.6374,0.0342,0.3284
HEARTS SIX DIAMONDS QUEEN,0.4394,0.0104,0.5502
HEARTS SIX HEARTS TWO,0.6162,0.0374,0.3464
DIAMONDS QUEEN HEARTS NINE,0.2664,0.0368,0.6968
HEARTS TWO HEARTS NINE,0.5244,0.2186,0.257
CLUBS EIGHT HEARTS TWO,0.6916,0.106,0.2024
CLUBS EIGHT DIAMONDS QUEEN,0.2856,0.0374,0.677
CLUBS FIVE DIAMONDS QUEEN,0.438,0.012,0.55
CLUBS FIVE HEARTS TWO,0.6272,0.0404,0.3324
SPADES EIGHT HEARTS ACE,0.2858,0.021,0.6932
DIAMONDS QUEEN CLUBS FOUR,0.4656,0.011,0.5234
HEARTS TWO CLUBS FOUR,0.6366,0.0392,0.3242
CLUBS SEVEN DIAMONDS QUEEN,0.431,0.012,0.557
CLUBS SEVEN HEARTS TWO,0.6716,0.0418,0.2866
SPADES EIGHT HEARTS QUEEN,0.2802,0.0408,0.679
CLUBS SIX DIAMONDS QUEEN,0.4124,0.011,0.5766
CLUBS SIX HEARTS TWO,0.6582,0.0398,0.302
SPADES EIGHT HEARTS KING,0.295,0.0294,0.6756
HEARTS TWO SPADES SIX,0.6476,0.0398,0.3126
DIAMONDS QUEEN SPADES SIX,0.431,0.0096,0.5594
HEARTS FOUR CLUBS QUEEN,0.448,0.0108,0.5412
DIAMONDS ACE CLUBS QUEEN,0.3578,0.003,0.6392
DIAMONDS QUEEN SPADES SEVEN,0.4318,0.0108,0.5574
HEARTS TWO SPADES SEVEN,0.657,0.04,0.303
HEARTS FOUR CLUBS KING,0.4442,0.0058,0.55
DIAMONDS ACE CLUBS KING,0.3518,0.0042,0.644
DIAMONDS QUEEN SPADES EIGHT,0.283,0.0414,0.6756
SPADES EIGHT HEARTS TWO,0.6656,0.1108,0.2236
HEARTS FOUR CLUBS ACE,0.4294,0.005,0.5656
DIAMONDS ACE CLUBS ACE,0.1832,0.002,0.8148
SPADES NINE DIAMONDS QUEEN,0.267,0.0454,0.6876
SPADES NINE HEARTS TWO,0.5592,0.2288,0.212
HEARTS TWO SPADES TWO,0.4416,0.0654,0.493
DIAMONDS QUEEN SPADES TWO,0.4436,0.0116,0.5448
HEARTS TWO SPADES THREE,0.6342,0.0418,0.324
DIAMONDS QUEEN SPADES THREE,0.4426,0.0126,0.5448
HEARTS TWO SPADES FOUR,0.639,0.0428,0.3182
DIAMONDS QUEEN SPADES FOUR,0.4522,0.0102,0.5376
CLUBS TEN HEARTS FOUR,0.44,0.0262,0.5338
CLUBS TEN DIAMONDS ACE,0.3646,0.0032,0.6322
HEARTS TWO SPADES FIVE,0.6246,0.0354,0.34
DIAMONDS QUEEN SPADES FIVE,0.4252,0.0112,0.5636
HEARTS FOUR CLUBS JACK,0.4328,0.017,0.5502
CLUBS JACK DIAMONDS ACE,0.372,0.0036,0.6244
CLUBS FIVE CLUBS KING,0.4138,0.0082,0.578
CLUBS FIVE CLUBS QUEEN,0.4146,0.0104,0.575
CLUBS FIVE CLUBS ACE,0.3994,0.0042,0.5964
CLUBS JACK CLUBS FIVE,0.4254,0.018,0.5566
CLUBS TEN CLUBS FIVE,0.4228,0.0222,0.555
SPADES KING CLUBS JACK,0.3488,0.0068,0.6444
CLUBS JACK SPADES QUEEN,0.3438,0.0078,0.6484
SPADES ACE CLUBS JACK,0.3676,0.004,0.6284
SPADES SIX CLUBS KING,0.4296,0.008,0.5624
SPADES SIX CLUBS QUEEN,0.4292,0.0106,0.5602
SPADES EIGHT HEARTS JACK,0.2564,0.0606,0.683
SPADES SIX CLUBS ACE,0.4202,0.0036,0.5762
SPADES EIGHT HEARTS TEN,0.2484,0.074,0.6776
CLUBS JACK SPADES SIX,0.4394,0.0162,0.5444
CLUBS TEN SPADES SIX,0.4302,0.0238,0.546
CLUBS JACK SPADES TEN,0.3272,0.0148,0.658
CLUBS JACK SPADES JACK,0.17,0.031,0.799
SPADES QUEEN CLUBS SEVEN,0.431,0.0124,0.5566
SPADES KING CLUBS SEVEN,0.419,0.0076,0.5734
SPADES ACE CLUBS SEVEN,0.4304,0.0038,0.5658
SPADES SIX HEARTS TEN,0.4208,0.0256,0.5536
SPADES SIX HEARTS JACK,0.4266,0.0142,0.5592
SPADES SIX HEARTS ACE,0.4218,0.005,0.5732
SPADES SIX HEARTS KING,0.409,0.0058,0.5852
SPADES SIX HEARTS QUEEN,0.4272,0.0096,0.5632
CLUBS SEVEN SPADES JACK,0.4334,0.0162,0.5504
CLUBS SEVEN SPADES TEN,0.4102,0.0244,0.5654
CLUBS TEN HEARTS SIX,0.4284,0.0294,0.5422
CLUBS JACK HEARTS SIX,0.4452,0.017,0.5378
CLUBS JACK CLUBS ACE,0.3568,0.0056,0.6376
HEARTS SIX CLUBS QUEEN,0.444,0.012,0.544
HEARTS SIX CLUBS KING,0.427,0.0058,0.5672
HEARTS SIX CLUBS ACE,0.4392,0.004,0.5568
CLUBS JACK CLUBS QUEEN,0.3338,0.0092,0.657
CLUBS JACK CLUBS KING,0.3478,0.006,0.6462
DIAMONDS THREE HEARTS ACE,0.4354,0.0046,0.56
DIAMONDS THREE HEARTS QUEEN,0.4488,0.0104,0.5408
DIAMONDS THREE HEARTS KING,0.4412,0.0074,0.5514
CLUBS FIVE HEARTS JACK,0.441,0.0204,0.5386
SPADES TEN DIAMONDS ACE,0.3722,0.0024,0.6254
HEARTS FOUR SPADES TEN,0.4618,0.02,0.5182
CLUBS FIVE HEARTS TEN,0.4474,0.024,0.5286
HEARTS FOUR SPADES JACK,0.4576,0.0162,0.5262
SPADES JACK DIAMONDS ACE,0.3756,0.0034,0.621
SPADES ACE HEARTS FOUR,0.4416,0.0048,0.5536
SPADES ACE DIAMONDS ACE,0.1936,0.003,0.8034
CLUBS FIVE HEARTS ACE,0.431,0.0052,0.5638
CLUBS FIVE HEARTS KING,0.4274,0.0056,0.567
HEARTS FOUR SPADES QUEEN,0.4396,0.0096,0.5508
SPADES QUEEN DIAMONDS ACE,0.3634,0.004,0.6326
CLUBS JACK SPADES FOUR,0.4514,0.0158,0.5328
CLUBS FIVE HEARTS QUEEN,0.4262,0.0148,0.559
SPADES KING DIAMONDS ACE,0.3616,0.0038,0.6346
HEARTS FOUR SPADES KING,0.4404,0.0078,0.5518
CLUBS TEN SPADES FOUR,0.4368,0.027,0.5362
DIAMONDS QUEEN DIAMONDS ACE,0.3388,0.0038,0.6574
HEARTS TWO DIAMONDS ACE,0.4396,0.0054,0.555
HEARTS FOUR DIAMONDS QUEEN,0.4536,0.0116,0.5348
HEARTS FOUR HEARTS TWO,0.6092,0.0384,0.3524
DIAMONDS THREE HEARTS TEN,0.439,0.0268,0.5342
SPADES FOUR CLUBS KING,0.4454,0.0092,0.5454
HEARTS FIVE DIAMONDS QUEEN,0.4402,0.0104,0.5494
HEARTS FIVE HEARTS TWO,0.604,0.0314,0.3646
DIAMONDS THREE HEARTS JACK,0.4386,0.019,0.5424
SPADES FOUR CLUBS QUEEN,0.4344,0.0106,0.555
DIAMONDS QUEEN HEARTS TWO,0.449,0.0098,0.5412
DIAMONDS KING DIAMONDS QUEEN,0.3472,0.0046,0.6482
DIAMONDS KING HEARTS TWO,0.4566,0.008,0.5354
HEARTS THREE DIAMONDS QUEEN,0.4516,0.0142,0.5342
HEARTS THREE HEARTS TWO,0.602,0.036,0.362
SPADES FOUR CLUBS ACE,0.4394,0.004,0.5566
HEARTS TWO CLUBS ACE,0.4386,0.0046,0.5568
DIAMONDS QUEEN CLUBS ACE,0.3658,0.0048,0.6294
HEARTS TWO CLUBS QUEEN,0.4418,0.012,0.5462
DIAMONDS QUEEN CLUBS QUEEN,0.176,0.0222,0.8018
HEARTS TWO CLUBS KING,0.443,0.007,0.55
DIAMONDS QUEEN CLUBS KING,0.3716,0.0064,0.622
SPADES EIGHT SPADES FIVE,0.6054,0.0958,0.2988
CLUBS TEN HEARTS TWO,0.4416,0.0282,0.5302
CLUBS TEN DIAMONDS QUEEN,0.3354,0.0142,0.6504
SPADES NINE SPADES FIVE,0.51,0.21,0.28
CLUBS JACK HEARTS TWO,0.4568,0.014,0.5292
CLUBS JACK DIAMONDS QUEEN,0.3628,0.0108,0.6264
SPADES SIX SPADES FIVE,0.5594,0.0376,0.403
SPADES SEVEN SPADES FIVE,0.5842,0.0386,0.3772
DIAMONDS FIVE CLUBS QUEEN,0.4374,0.0102,0.5524
SPADES EIGHT CLUBS ACE,0.2794,0.0218,0.6988
DIAMONDS FIVE CLUBS KING,0.427,0.0084,0.5646
SPADES EIGHT CLUBS KING,0.2816,0.028,0.6904
DIAMONDS FIVE CLUBS ACE,0.4304,0.0032,0.5664
SPADES EIGHT CLUBS QUEEN,0.2784,0.0366,0.685
CLUBS JACK SPADES EIGHT,0.2676,0.0602,0.6722
CLUBS TEN SPADES EIGHT,0.2492,0.0766,0.6742
CLUBS TEN DIAMONDS FIVE,0.4334,0.0254,0.5412
CLUBS JACK DIAMONDS FIVE,0.426,0.017,0.557
DIAMONDS TEN HEARTS JACK,0.3342,0.012,0.6538
DIAMONDS TEN HEARTS TEN,0.158,0.0392,0.8028
HEARTS SIX HEARTS KING,0.412,0.0064,0.5816
DIAMONDS KING SPADES SEVEN,0.4292,0.0062,0.5646
