opposingHand,winningChance,drawChance,lostChance
HEARTS KING HEARTS JACK
HEARTS FIVE SPADES TEN,0.6844,0.0074,0.3082
SPADES JACK HEARTS FIVE,0.7486,0.0338,0.2176
CLUBS JACK SPADES FIVE,0.7452,0.028,0.2268
CLUBS TEN SPADES FIVE,0.7062,0.006,0.2878
CLUBS JACK CLUBS EIGHT,0.7064,0.0272,0.2664
CLUBS TEN CLUBS EIGHT,0.639,0.0068,0.3542
CLUBS EIGHT CLUBS KING,0.6568,0.0742,0.269
SPADES FIVE CLUBS ACE,0.4432,0.003,0.5538
CLUBS EIGHT CLUBS QUEEN,0.627,0.0056,0.3674
SPADES FIVE CLUBS KING,0.6788,0.0908,0.2304
SPADES FIVE CLUBS QUEEN,0.6662,0.0064,0.3274
CLUBS EIGHT CLUBS ACE,0.4296,0.0058,0.5646
DIAMONDS TWO DIAMONDS THREE,0.6378,0.007,0.3552
DIAMONDS TWO DIAMONDS FIVE,0.6268,0.0064,0.3668
SPADES KING HEARTS FIVE,0.6882,0.0852,0.2266
DIAMONDS TWO DIAMONDS FOUR,0.6336,0.0076,0.3588
SPADES QUEEN HEARTS FIVE,0.667,0.0068,0.3262
DIAMONDS TWO DIAMONDS SEVEN,0.6536,0.0064,0.34
DIAMONDS TWO DIAMONDS SIX,0.641,0.0092,0.3498
SPADES ACE HEARTS FIVE,0.4562,0.005,0.5388
DIAMONDS TWO DIAMONDS NINE,0.6624,0.0074,0.3302
DIAMONDS TWO DIAMONDS EIGHT,0.6452,0.007,0.3478
DIAMONDS THREE DIAMONDS FOUR,0.6112,0.0102,0.3786
CLUBS TWO SPADES FOUR,0.672,0.0092,0.3188
DIAMONDS THREE DIAMONDS FIVE,0.6206,0.007,0.3724
CLUBS TWO SPADES FIVE,0.6702,0.0114,0.3184
CLUBS TWO SPADES TWO,0.4952,0.0108,0.494
CLUBS TWO SPADES THREE,0.6748,0.0098,0.3154
DIAMONDS THREE DIAMONDS EIGHT,0.6498,0.008,0.3422
SPADES EIGHT CLUBS TWO,0.691,0.0076,0.3014
DIAMONDS THREE DIAMONDS NINE,0.6494,0.0072,0.3434
SPADES NINE CLUBS TWO,0.698,0.0092,0.2928
DIAMONDS THREE DIAMONDS SIX,0.6372,0.0086,0.3542
SPADES SIX CLUBS TWO,0.6828,0.0066,0.3106
DIAMONDS THREE DIAMONDS SEVEN,0.6376,0.0084,0.354
SPADES SEVEN CLUBS TWO,0.701,0.007,0.292
CLUBS SIX CLUBS TWO,0.6606,0.0054,0.334
CLUBS SEVEN CLUBS TWO,0.6574,0.0076,0.335
CLUBS FOUR CLUBS TWO,0.6288,0.007,0.3642
CLUBS FIVE CLUBS TWO,0.6178,0.0104,0.3718
CLUBS TEN CLUBS JACK,0.679,0.0274,0.2936
DIAMONDS FOUR DIAMONDS SIX,0.629,0.0078,0.3632
CLUBS TEN CLUBS QUEEN,0.599,0.0078,0.3932
DIAMONDS FOUR DIAMONDS SEVEN,0.6302,0.0072,0.3626
CLUBS TEN CLUBS KING,0.6618,0.0754,0.2628
CLUBS TEN CLUBS ACE,0.4268,0.0038,0.5694
CLUBS EIGHT CLUBS TWO,0.639,0.007,0.354
DIAMONDS FIVE DIAMONDS FOUR,0.6064,0.0052,0.3884
CLUBS NINE CLUBS TWO,0.65,0.0068,0.3432
DIAMONDS NINE DIAMONDS FOUR,0.6514,0.0072,0.3414
DIAMONDS EIGHT DIAMONDS FOUR,0.6412,0.0056,0.3532
CLUBS TWO CLUBS THREE,0.6258,0.008,0.3662
DIAMONDS NINE DIAMONDS FIVE,0.6422,0.0054,0.3524
CLUBS JACK DIAMONDS TWO,0.7412,0.0332,0.2256
DIAMONDS EIGHT DIAMONDS FIVE,0.6174,0.0068,0.3758
CLUBS TEN DIAMONDS TWO,0.6906,0.0064,0.303
DIAMONDS FIVE DIAMONDS SEVEN,0.6104,0.0066,0.383
DIAMONDS FIVE DIAMONDS SIX,0.6002,0.0082,0.3916
DIAMONDS TWO CLUBS ACE,0.4706,0.0056,0.5238
DIAMONDS TWO CLUBS KING,0.6998,0.0814,0.2188
DIAMONDS TWO CLUBS QUEEN,0.6804,0.0068,0.3128
DIAMONDS EIGHT DIAMONDS SIX,0.6186,0.0078,0.3736
DIAMONDS NINE DIAMONDS SIX,0.6206,0.006,0.3734
SPADES THREE HEARTS ACE,0.4414,0.0052,0.5534
DIAMONDS SEVEN DIAMONDS SIX,0.6062,0.0092,0.3846
HEARTS QUEEN SPADES THREE,0.6674,0.0076,0.325
SPADES THREE HEARTS TEN,0.7006,0.006,0.2934
DIAMONDS EIGHT DIAMONDS SEVEN,0.599,0.0066,0.3944
DIAMONDS NINE DIAMONDS SEVEN,0.634,0.0088,0.3572
DIAMONDS NINE DIAMONDS EIGHT,0.6174,0.0056,0.377
DIAMONDS KING HEARTS TEN,0.6926,0.0906,0.2168
HEARTS THREE HEARTS TEN,0.6986,0.0082,0.2932
SPADES JACK CLUBS SIX,0.7514,0.0288,0.2198
SPADES TEN CLUBS SIX,0.673,0.007,0.32
SPADES JACK SPADES FIVE,0.6982,0.028,0.2738
SPADES TEN SPADES FIVE,0.6634,0.007,0.3296
DIAMONDS KING HEARTS ACE,0.2734,0.0114,0.7152
HEARTS THREE HEARTS ACE,0.4024,0.0084,0.5892
SPADES ACE CLUBS SIX,0.4676,0.0036,0.5288
DIAMONDS KING HEARTS QUEEN,0.2738,0.0544,0.6718
HEARTS THREE HEARTS QUEEN,0.6742,0.0076,0.3182
SPADES KING CLUBS SIX,0.6896,0.0846,0.2258
SPADES QUEEN CLUBS SIX,0.679,0.0058,0.3152
SPADES NINE HEARTS TEN,0.657,0.0068,0.3362
SPADES QUEEN SPADES FIVE,0.6264,0.0068,0.3668
SPADES KING SPADES FIVE,0.6408,0.0738,0.2854
SPADES ACE SPADES FIVE,0.4242,0.0056,0.5702
SPADES NINE HEARTS QUEEN,0.6522,0.0074,0.3404
SPADES NINE HEARTS ACE,0.4344,0.0038,0.5618
CLUBS TEN SPADES JACK,0.7258,0.0284,0.2458
CLUBS TEN SPADES TEN,0.4674,0.006,0.5266
SPADES ACE CLUBS TEN,0.439,0.0032,0.5578
CLUBS TEN SPADES KING,0.684,0.0878,0.2282
CLUBS TEN SPADES QUEEN,0.6494,0.005,0.3456
SPADES FIVE HEARTS QUEEN,0.6662,0.0068,0.327
SPADES FIVE HEARTS ACE,0.4332,0.0062,0.5606
CLUBS EIGHT SPADES TEN,0.6726,0.0084,0.319
HEARTS THREE SPADES JACK,0.7534,0.0272,0.2194
SPADES JACK DIAMONDS KING,0.0716,0.91,0.0184
SPADES TEN DIAMONDS KING,0.6894,0.0864,0.2242
HEARTS THREE SPADES TEN,0.692,0.0088,0.2992
CLUBS EIGHT SPADES JACK,0.7532,0.0348,0.212
CLUBS SIX HEARTS ACE,0.4466,0.0044,0.549
SPADES ACE CLUBS EIGHT,0.4674,0.004,0.5286
CLUBS JACK HEARTS FIVE,0.7452,0.0322,0.2226
CLUBS TEN HEARTS FIVE,0.6968,0.008,0.2952
CLUBS SIX HEARTS QUEEN,0.6642,0.0068,0.329
SPADES QUEEN CLUBS EIGHT,0.6678,0.0066,0.3256
CLUBS TEN SPADES THREE,0.7012,0.0074,0.2914
SPADES KING CLUBS EIGHT,0.6846,0.0844,0.231
CLUBS JACK SPADES THREE,0.7466,0.029,0.2244
SPADES THREE CLUBS QUEEN,0.6686,0.008,0.3234
DIAMONDS TWO HEARTS TEN,0.696,0.011,0.293
SPADES THREE CLUBS KING,0.6912,0.0882,0.2206
HEARTS FIVE CLUBS ACE,0.4548,0.0062,0.539
SPADES FIVE HEARTS TEN,0.7032,0.0078,0.289
SPADES THREE CLUBS ACE,0.4534,0.0046,0.542
HEARTS FIVE CLUBS KING,0.6822,0.0854,0.2324
HEARTS FIVE CLUBS QUEEN,0.6714,0.0058,0.3228
HEARTS THREE CLUBS KING,0.6962,0.0858,0.218
DIAMONDS KING CLUBS KING,0.1482,0.0138,0.838
HEARTS THREE CLUBS QUEEN,0.6776,0.0064,0.316
DIAMONDS KING CLUBS QUEEN,0.288,0.0628,0.6492
HEARTS FIVE HEARTS TEN,0.696,0.008,0.296
HEARTS THREE CLUBS ACE,0.4364,0.0056,0.558
DIAMONDS KING CLUBS ACE,0.2862,0.0118,0.702
SPADES ACE CLUBS QUEEN,0.4072,0.0028,0.59
SPADES KING CLUBS QUEEN,0.2884,0.0552,0.6564
CLUBS JACK HEARTS THREE,0.7534,0.0294,0.2172
CLUBS JACK DIAMONDS KING,0.0692,0.9042,0.0266
SPADES QUEEN CLUBS QUEEN,0.3448,0.0036,0.6516
CLUBS TEN HEARTS THREE,0.6956,0.0088,0.2956
CLUBS TEN DIAMONDS KING,0.6924,0.0802,0.2274
SPADES JACK CLUBS QUEEN,0.733,0.026,0.241
CLUBS SIX CLUBS QUEEN,0.63,0.0062,0.3638
SPADES TEN CLUBS QUEEN,0.6512,0.0064,0.3424
CLUBS SIX CLUBS KING,0.6538,0.074,0.2722
CLUBS SIX CLUBS ACE,0.4284,0.0046,0.567
HEARTS FIVE HEARTS QUEEN,0.662,0.0082,0.3298
CLUBS TEN CLUBS SIX,0.645,0.0062,0.3488
HEARTS FIVE HEARTS ACE,0.4112,0.0064,0.5824
CLUBS JACK CLUBS SIX,0.7116,0.0314,0.257
SPADES SEVEN HEARTS TEN,0.6684,0.0078,0.3238
DIAMONDS TWO CLUBS TWO,0.5172,0.0088,0.474
DIAMONDS TWO CLUBS THREE,0.6804,0.0096,0.31
HEARTS SIX DIAMONDS TWO,0.6872,0.0084,0.3044
DIAMONDS TWO HEARTS QUEEN,0.6736,0.0078,0.3186
DIAMONDS TWO HEARTS SEVEN,0.6982,0.0086,0.2932
DIAMONDS TWO HEARTS EIGHT,0.687,0.0096,0.3034
DIAMONDS TWO HEARTS ACE,0.4484,0.0052,0.5464
DIAMONDS TWO HEARTS NINE,0.6906,0.0082,0.3012
DIAMONDS TWO DIAMONDS QUEEN,0.6326,0.0072,0.3602
DIAMONDS TWO HEARTS TWO,0.4946,0.0102,0.4952
DIAMONDS TWO DIAMONDS KING,0.653,0.0834,0.2636
HEARTS THREE DIAMONDS TWO,0.666,0.0098,0.3242
DIAMONDS TWO DIAMONDS ACE,0.4338,0.005,0.5612
HEARTS FOUR DIAMONDS TWO,0.6754,0.01,0.3146
DIAMONDS TWO HEARTS FIVE,0.6552,0.0074,0.3374
SPADES SEVEN HEARTS ACE,0.4494,0.0034,0.5472
DIAMONDS TWO DIAMONDS TEN,0.6548,0.006,0.3392
DIAMONDS TWO DIAMONDS JACK,0.7136,0.0306,0.2558
SPADES SEVEN HEARTS QUEEN,0.6654,0.007,0.3276
DIAMONDS TWO SPADES NINE,0.6954,0.01,0.2946
DIAMONDS TWO SPADES EIGHT,0.6828,0.0066,0.3106
DIAMONDS TWO SPADES SEVEN,0.6936,0.0064,0.3
DIAMONDS TWO SPADES SIX,0.676,0.0068,0.3172
DIAMONDS TWO SPADES FIVE,0.6712,0.0076,0.3212
DIAMONDS TWO SPADES FOUR,0.665,0.0052,0.3298
DIAMONDS TWO SPADES THREE,0.6704,0.0072,0.3224
DIAMONDS TWO SPADES TWO,0.5046,0.0092,0.4862
DIAMONDS TWO CLUBS NINE,0.6912,0.0058,0.303
CLUBS EIGHT DIAMONDS TWO,0.6914,0.0084,0.3002
DIAMONDS TWO CLUBS SEVEN,0.6868,0.005,0.3082
DIAMONDS TWO CLUBS SIX,0.6818,0.0078,0.3104
DIAMONDS TWO CLUBS FIVE,0.6814,0.0072,0.3114
DIAMONDS TWO CLUBS FOUR,0.6718,0.0086,0.3196
CLUBS FOUR SPADES FIVE,0.6578,0.0068,0.3354
CLUBS FOUR SPADES FOUR,0.4958,0.01,0.4942
CLUBS FOUR SPADES THREE,0.6606,0.0072,0.3322
CLUBS FOUR SPADES TWO,0.6628,0.0098,0.3274
SPADES NINE CLUBS FOUR,0.6864,0.0066,0.307
SPADES EIGHT CLUBS FOUR,0.6778,0.006,0.3162
CLUBS FOUR SPADES SEVEN,0.6728,0.007,0.3202
CLUBS FOUR SPADES SIX,0.6522,0.0064,0.3414
SPADES ACE DIAMONDS SIX,0.475,0.0048,0.5202
SPADES QUEEN DIAMONDS SIX,0.6666,0.0048,0.3286
SPADES KING DIAMONDS SIX,0.6862,0.086,0.2278
SPADES TEN DIAMONDS SIX,0.6936,0.006,0.3004
SPADES JACK DIAMONDS SIX,0.7592,0.0276,0.2132
SPADES QUEEN SPADES TWO,0.633,0.0088,0.3582
SPADES KING SPADES TWO,0.6638,0.0772,0.259
SPADES ACE SPADES TWO,0.4408,0.0026,0.5566
CLUBS JACK DIAMONDS JACK,0.3572,0.014,0.6288
CLUBS TEN DIAMONDS JACK,0.7174,0.0294,0.2532
DIAMONDS JACK CLUBS KING,0.0714,0.9096,0.019
DIAMONDS JACK CLUBS QUEEN,0.7494,0.022,0.2286
DIAMONDS THREE DIAMONDS JACK,0.7128,0.0312,0.256
DIAMONDS THREE DIAMONDS TEN,0.6438,0.0086,0.3476
DIAMONDS JACK CLUBS ACE,0.2868,0.0134,0.6998
DIAMONDS THREE DIAMONDS KING,0.6416,0.0806,0.2778
HEARTS THREE DIAMONDS THREE,0.5138,0.009,0.4772
DIAMONDS THREE DIAMONDS QUEEN,0.6338,0.0062,0.36
DIAMONDS THREE HEARTS TWO,0.675,0.0084,0.3166
HEARTS FIVE DIAMONDS THREE,0.6452,0.011,0.3438
DIAMONDS THREE DIAMONDS ACE,0.4404,0.0044,0.5552
HEARTS FOUR DIAMONDS THREE,0.6514,0.0072,0.3414
DIAMONDS THREE HEARTS SEVEN,0.675,0.007,0.318
SPADES TEN SPADES NINE,0.6208,0.0052,0.374
HEARTS SIX DIAMONDS THREE,0.6594,0.0084,0.3322
SPADES JACK SPADES NINE,0.684,0.027,0.289
DIAMONDS THREE HEARTS NINE,0.6848,0.007,0.3082
SPADES TEN SPADES TWO,0.6638,0.0082,0.328
DIAMONDS THREE HEARTS EIGHT,0.6964,0.0096,0.294
HEARTS TEN DIAMONDS FOUR,0.6932,0.007,0.2998
SPADES JACK SPADES TWO,0.7122,0.028,0.2598
HEARTS QUEEN DIAMONDS FOUR,0.6626,0.007,0.3304
SPADES ACE SPADES NINE,0.419,0.0052,0.5758
HEARTS ACE DIAMONDS FOUR,0.4514,0.005,0.5436
SPADES KING SPADES NINE,0.6432,0.0866,0.2702
SPADES QUEEN SPADES NINE,0.6206,0.0074,0.372
DIAMONDS THREE SPADES NINE,0.694,0.0078,0.2982
DIAMONDS THREE SPADES EIGHT,0.692,0.0058,0.3022
DIAMONDS THREE SPADES SEVEN,0.6768,0.0056,0.3176
DIAMONDS THREE SPADES SIX,0.6822,0.0052,0.3126
DIAMONDS THREE CLUBS SIX,0.661,0.0056,0.3334
CLUBS SIX CLUBS FIVE,0.603,0.0062,0.3908
CLUBS ACE DIAMONDS FOUR,0.4738,0.0056,0.5206
DIAMONDS THREE CLUBS SEVEN,0.6676,0.0088,0.3236
CLUBS SEVEN CLUBS FIVE,0.6156,0.0072,0.3772
DIAMONDS THREE CLUBS FOUR,0.6594,0.0084,0.3322
DIAMONDS FOUR CLUBS QUEEN,0.667,0.0058,0.3272
DIAMONDS THREE CLUBS FIVE,0.6646,0.0092,0.3262
DIAMONDS FOUR CLUBS KING,0.691,0.0814,0.2276
DIAMONDS THREE CLUBS TWO,0.6716,0.0072,0.3212
CLUBS TEN DIAMONDS FOUR,0.7052,0.0072,0.2876
DIAMONDS THREE CLUBS THREE,0.5036,0.009,0.4874
CLUBS JACK DIAMONDS FOUR,0.7494,0.0282,0.2224
DIAMONDS THREE SPADES FOUR,0.656,0.0072,0.3368
DIAMONDS THREE SPADES FIVE,0.6618,0.0066,0.3316
DIAMONDS THREE SPADES TWO,0.6568,0.0076,0.3356
DIAMONDS THREE SPADES THREE,0.4964,0.0088,0.4948
CLUBS EIGHT DIAMONDS THREE,0.6902,0.0074,0.3024
CLUBS NINE DIAMONDS THREE,0.688,0.0072,0.3048
SPADES SEVEN CLUBS ACE,0.4574,0.0056,0.537
SPADES SEVEN CLUBS QUEEN,0.6814,0.0052,0.3134
SPADES SEVEN CLUBS KING,0.6906,0.082,0.2274
SPADES SEVEN CLUBS FIVE,0.656,0.006,0.338
CLUBS TEN SPADES SEVEN,0.6758,0.0064,0.3178
CLUBS FIVE SPADES SIX,0.6364,0.0054,0.3582
CLUBS JACK SPADES SEVEN,0.7526,0.024,0.2234
SPADES NINE CLUBS FIVE,0.6842,0.0062,0.3096
SPADES EIGHT CLUBS FIVE,0.6636,0.0074,0.329
CLUBS FIVE SPADES THREE,0.663,0.0084,0.3286
CLUBS FIVE SPADES TWO,0.6656,0.008,0.3264
CLUBS FIVE SPADES FIVE,0.508,0.007,0.485
CLUBS FIVE SPADES FOUR,0.6432,0.0072,0.3496
CLUBS NINE CLUBS FIVE,0.6438,0.0062,0.35
CLUBS EIGHT CLUBS FIVE,0.6138,0.0066,0.3796
CLUBS ACE CLUBS QUEEN,0.3992,0.0038,0.597
CLUBS KING CLUBS QUEEN,0.2748,0.0532,0.672
DIAMONDS TEN DIAMONDS FOUR,0.679,0.0072,0.3138
CLUBS TEN DIAMONDS NINE,0.656,0.0076,0.3364
DIAMONDS JACK DIAMONDS FOUR,0.706,0.032,0.262
CLUBS JACK DIAMONDS NINE,0.7314,0.0276,0.241
CLUBS JACK SPADES NINE,0.7456,0.0306,0.2238
CLUBS TEN SPADES NINE,0.6574,0.0066,0.336
DIAMONDS ACE DIAMONDS FOUR,0.4352,0.0056,0.5592
HEARTS FOUR DIAMONDS FOUR,0.4962,0.0074,0.4964
DIAMONDS JACK HEARTS TEN,0.728,0.0286,0.2434
SPADES NINE CLUBS KING,0.6896,0.0792,0.2312
DIAMONDS TWO SPADES TEN,0.7028,0.0072,0.29
DIAMONDS NINE CLUBS ACE,0.4646,0.0044,0.531
HEARTS FIVE DIAMONDS FOUR,0.6426,0.0058,0.3516
SPADES NINE CLUBS QUEEN,0.6542,0.0064,0.3394
DIAMONDS TWO SPADES JACK,0.761,0.0278,0.2112
DIAMONDS QUEEN DIAMONDS FOUR,0.6472,0.0068,0.346
HEARTS TWO DIAMONDS FOUR,0.6656,0.0082,0.3262
DIAMONDS NINE CLUBS QUEEN,0.65,0.0068,0.3432
DIAMONDS KING DIAMONDS FOUR,0.6536,0.0784,0.268
HEARTS THREE DIAMONDS FOUR,0.6526,0.0112,0.3362
SPADES NINE CLUBS ACE,0.4624,0.003,0.5346
DIAMONDS NINE CLUBS KING,0.6874,0.077,0.2356
DIAMONDS JACK HEARTS ACE,0.2884,0.016,0.6956
SPADES ACE DIAMONDS TWO,0.4564,0.0052,0.5384
HEARTS QUEEN DIAMONDS JACK,0.723,0.0284,0.2486
SPADES QUEEN DIAMONDS TWO,0.6788,0.0078,0.3134
SPADES KING DIAMONDS TWO,0.7006,0.0798,0.2196
SPADES JACK SPADES SEVEN,0.6916,0.0258,0.2826
SPADES TEN SPADES SEVEN,0.639,0.0076,0.3534
CLUBS SEVEN CLUBS THREE,0.6406,0.007,0.3524
CLUBS SIX CLUBS THREE,0.629,0.0048,0.3662
CLUBS FIVE CLUBS THREE,0.622,0.0062,0.3718
CLUBS FOUR CLUBS THREE,0.6176,0.0088,0.3736
CLUBS NINE CLUBS THREE,0.6432,0.0074,0.3494
CLUBS EIGHT CLUBS THREE,0.6382,0.0068,0.355
SPADES FIVE CLUBS THREE,0.6652,0.0068,0.328
CLUBS THREE SPADES FOUR,0.6508,0.0086,0.3406
CLUBS THREE SPADES THREE,0.5034,0.01,0.4866
CLUBS THREE SPADES TWO,0.6758,0.0082,0.316
SPADES SIX CLUBS THREE,0.6726,0.0046,0.3228
SPADES SEVEN CLUBS THREE,0.6776,0.0078,0.3146
SPADES EIGHT CLUBS THREE,0.6828,0.0066,0.3106
SPADES NINE CLUBS THREE,0.6982,0.007,0.2948
SPADES TWO DIAMONDS FOUR,0.6666,0.0078,0.3256
SPADES THREE DIAMONDS FOUR,0.6586,0.007,0.3344
SPADES FOUR DIAMONDS FOUR,0.4974,0.0086,0.494
SPADES FIVE DIAMONDS FOUR,0.6448,0.0088,0.3464
SPADES SIX DIAMONDS FOUR,0.6548,0.0046,0.3406
SPADES SEVEN DIAMONDS FOUR,0.6614,0.0048,0.3338
SPADES EIGHT DIAMONDS FOUR,0.6838,0.008,0.3082
SPADES NINE DIAMONDS FOUR,0.6848,0.0064,0.3088
CLUBS FIVE DIAMONDS FOUR,0.6266,0.0064,0.367
CLUBS FOUR DIAMONDS FOUR,0.5058,0.01,0.4842
CLUBS SEVEN DIAMONDS FOUR,0.6698,0.0068,0.3234
CLUBS SIX DIAMONDS FOUR,0.6624,0.007,0.3306
CLUBS NINE DIAMONDS FOUR,0.703,0.0066,0.2904
CLUBS EIGHT DIAMONDS FOUR,0.6782,0.007,0.3148
DIAMONDS FOUR HEARTS SEVEN,0.6644,0.006,0.3296
HEARTS SIX DIAMONDS FOUR,0.66,0.0082,0.3318
HEARTS NINE DIAMONDS FOUR,0.6828,0.0078,0.3094
DIAMONDS FOUR HEARTS EIGHT,0.67,0.0098,0.3202
CLUBS THREE DIAMONDS FOUR,0.6534,0.0078,0.3388
CLUBS TWO DIAMONDS FOUR,0.6704,0.008,0.3216
DIAMONDS TEN DIAMONDS FIVE,0.6648,0.0068,0.3284
DIAMONDS JACK DIAMONDS FIVE,0.7112,0.0294,0.2594
DIAMONDS NINE HEARTS QUEEN,0.6412,0.0048,0.354
DIAMONDS NINE HEARTS ACE,0.4398,0.0054,0.5548
DIAMONDS NINE HEARTS TEN,0.6468,0.0086,0.3446
CLUBS KING DIAMONDS SIX,0.7042,0.0806,0.2152
CLUBS QUEEN DIAMONDS SIX,0.676,0.0094,0.3146
CLUBS ACE DIAMONDS SIX,0.4556,0.005,0.5394
SPADES KING DIAMONDS FOUR,0.6872,0.083,0.2298
SPADES ACE SPADES SEVEN,0.4342,0.0032,0.5626
SPADES QUEEN DIAMONDS FOUR,0.679,0.007,0.314
SPADES QUEEN SPADES SEVEN,0.624,0.0084,0.3676
CLUBS JACK DIAMONDS SIX,0.7502,0.0322,0.2176
SPADES KING SPADES SEVEN,0.6488,0.0768,0.2744
SPADES ACE DIAMONDS FOUR,0.4708,0.003,0.5262
CLUBS TEN DIAMONDS SIX,0.6936,0.0084,0.298
CLUBS NINE CLUBS FOUR,0.6542,0.0074,0.3384
CLUBS EIGHT CLUBS FOUR,0.6454,0.0084,0.3462
SPADES JACK DIAMONDS FOUR,0.761,0.0284,0.2106
SPADES TEN DIAMONDS FOUR,0.6964,0.0086,0.295
CLUBS FOUR CLUBS FIVE,0.6054,0.0072,0.3874
CLUBS SEVEN CLUBS FOUR,0.6352,0.007,0.3578
CLUBS SIX CLUBS FOUR,0.6202,0.0072,0.3726
CLUBS SEVEN SPADES EIGHT,0.6646,0.0066,0.3288
SPADES NINE CLUBS SEVEN,0.6642,0.0048,0.331
CLUBS SEVEN SPADES SIX,0.6424,0.0058,0.3518
CLUBS SEVEN SPADES SEVEN,0.496,0.005,0.499
CLUBS SEVEN SPADES FIVE,0.6686,0.0082,0.3232
CLUBS SEVEN SPADES FOUR,0.6756,0.0064,0.318
CLUBS SEVEN SPADES THREE,0.6814,0.009,0.3096
CLUBS SEVEN SPADES TWO,0.6808,0.008,0.3112
CLUBS NINE CLUBS SEVEN,0.6276,0.005,0.3674
CLUBS EIGHT CLUBS SEVEN,0.6084,0.0102,0.3814
HEARTS SIX DIAMONDS FIVE,0.6412,0.0056,0.3532
DIAMONDS FIVE HEARTS SEVEN,0.6478,0.0098,0.3424
DIAMONDS FIVE HEARTS EIGHT,0.669,0.0078,0.3232
HEARTS NINE DIAMONDS FIVE,0.6792,0.0088,0.312
DIAMONDS QUEEN DIAMONDS FIVE,0.6358,0.009,0.3552
HEARTS TWO DIAMONDS FIVE,0.6664,0.0074,0.3262
DIAMONDS KING DIAMONDS FIVE,0.64,0.0782,0.2818
HEARTS THREE DIAMONDS FIVE,0.6464,0.0084,0.3452
HEARTS QUEEN HEARTS EIGHT,0.6618,0.0088,0.3294
DIAMONDS ACE DIAMONDS FIVE,0.4344,0.0042,0.5614
HEARTS FOUR DIAMONDS FIVE,0.6428,0.0068,0.3504
HEARTS FIVE DIAMONDS FIVE,0.4948,0.0094,0.4958
HEARTS ACE HEARTS EIGHT,0.3986,0.0072,0.5942
CLUBS FOUR DIAMONDS FIVE,0.6364,0.0094,0.3542
CLUBS FIVE DIAMONDS FIVE,0.5108,0.0076,0.4816
CLUBS SIX DIAMONDS FIVE,0.6502,0.0074,0.3424
CLUBS SEVEN DIAMONDS FIVE,0.6518,0.0054,0.3428
CLUBS TWO DIAMONDS FIVE,0.6598,0.0102,0.33
CLUBS THREE DIAMONDS FIVE,0.6638,0.006,0.3302
SPADES THREE DIAMONDS FIVE,0.657,0.0072,0.3358
SPADES TWO DIAMONDS FIVE,0.6734,0.0076,0.319
SPADES JACK DIAMONDS EIGHT,0.7462,0.028,0.2258
SPADES FIVE DIAMONDS FIVE,0.4948,0.008,0.4972
SPADES TEN DIAMONDS EIGHT,0.6662,0.0064,0.3274
SPADES FOUR DIAMONDS FIVE,0.647,0.0046,0.3484
CLUBS NINE DIAMONDS FIVE,0.6812,0.0044,0.3144
CLUBS EIGHT DIAMONDS FIVE,0.6678,0.0068,0.3254
SPADES SEVEN DIAMONDS FIVE,0.655,0.0052,0.3398
SPADES KING DIAMONDS EIGHT,0.6922,0.0778,0.23
SPADES QUEEN DIAMONDS EIGHT,0.6708,0.0052,0.324
SPADES SIX DIAMONDS FIVE,0.643,0.0062,0.3508
SPADES NINE DIAMONDS FIVE,0.6784,0.004,0.3176
SPADES EIGHT DIAMONDS FIVE,0.6758,0.0046,0.3196
SPADES ACE DIAMONDS EIGHT,0.4524,0.0048,0.5428
DIAMONDS TEN DIAMONDS SIX,0.6348,0.007,0.3582
HEARTS ACE DIAMONDS SEVEN,0.4506,0.0052,0.5442
DIAMONDS JACK DIAMONDS SIX,0.7178,0.0252,0.257
HEARTS QUEEN DIAMONDS SEVEN,0.671,0.008,0.321
DIAMONDS ACE DIAMONDS SIX,0.445,0.0066,0.5484
HEARTS FOUR DIAMONDS SIX,0.649,0.0056,0.3454
HEARTS FIVE DIAMONDS SIX,0.6572,0.007,0.3358
SPADES TWO HEARTS TEN,0.7008,0.0074,0.2918
DIAMONDS QUEEN DIAMONDS SIX,0.6378,0.0072,0.355
HEARTS TWO DIAMONDS SIX,0.6848,0.0062,0.309
DIAMONDS KING DIAMONDS SIX,0.6546,0.0798,0.2656
HEARTS THREE DIAMONDS SIX,0.666,0.0068,0.3272
HEARTS EIGHT DIAMONDS SIX,0.6714,0.0082,0.3204
HEARTS NINE DIAMONDS SIX,0.6676,0.0076,0.3248
HEARTS SIX DIAMONDS SIX,0.493,0.0064,0.5006
HEARTS SEVEN DIAMONDS SIX,0.6586,0.0064,0.335
HEARTS TEN DIAMONDS SEVEN,0.6814,0.0056,0.313
CLUBS TWO DIAMONDS SIX,0.6886,0.0082,0.3032
CLUBS THREE DIAMONDS SIX,0.6834,0.0066,0.31
CLUBS SEVEN DIAMONDS SIX,0.6606,0.0054,0.334
CLUBS JACK DIAMONDS EIGHT,0.7354,0.0268,0.2378
CLUBS SIX DIAMONDS SIX,0.501,0.0092,0.4898
CLUBS TEN DIAMONDS EIGHT,0.6716,0.0054,0.323
CLUBS FIVE DIAMONDS SIX,0.6344,0.0068,0.3588
CLUBS FOUR DIAMONDS SIX,0.6822,0.0078,0.31
DIAMONDS EIGHT CLUBS ACE,0.4624,0.004,0.5336
DIAMONDS EIGHT CLUBS KING,0.6922,0.085,0.2228
CLUBS NINE DIAMONDS SIX,0.6812,0.0054,0.3134
CLUBS EIGHT DIAMONDS SIX,0.6644,0.005,0.3306
DIAMONDS EIGHT CLUBS QUEEN,0.67,0.0056,0.3244
SPADES FIVE DIAMONDS SIX,0.6408,0.0066,0.3526
HEARTS ACE SPADES TWO,0.4418,0.0054,0.5528
SPADES FOUR DIAMONDS SIX,0.649,0.007,0.344
SPADES THREE DIAMONDS SIX,0.6732,0.007,0.3198
HEARTS QUEEN SPADES TWO,0.6712,0.0076,0.3212
SPADES ACE SPADES KING,0.2772,0.0112,0.7116
SPADES TWO DIAMONDS SIX,0.6918,0.007,0.3012
HEARTS TEN HEARTS EIGHT,0.6536,0.007,0.3394
SPADES NINE DIAMONDS SIX,0.6712,0.0052,0.3236
SPADES EIGHT DIAMONDS SIX,0.669,0.005,0.326
SPADES SEVEN DIAMONDS SIX,0.6522,0.0046,0.3432
SPADES SIX DIAMONDS SIX,0.4874,0.007,0.5056
CLUBS ACE CLUBS KING,0.2748,0.0092,0.716
SPADES TEN DIAMONDS TEN,0.4682,0.0056,0.5262
SPADES JACK DIAMONDS TEN,0.7252,0.0286,0.2462
SPADES ACE DIAMONDS TEN,0.4368,0.0052,0.558
SPADES QUEEN DIAMONDS TEN,0.6314,0.0046,0.364
SPADES KING DIAMONDS TEN,0.6858,0.086,0.2282
SPADES NINE DIAMONDS SEVEN,0.6632,0.006,0.3308
SPADES EIGHT DIAMONDS SEVEN,0.6452,0.0056,0.3492
SPADES SEVEN DIAMONDS SEVEN,0.4918,0.0058,0.5024
SPADES SIX DIAMONDS SEVEN,0.6502,0.0054,0.3444
DIAMONDS KING DIAMONDS SEVEN,0.6466,0.0826,0.2708
HEARTS THREE DIAMONDS SEVEN,0.6764,0.0082,0.3154
DIAMONDS QUEEN DIAMONDS SEVEN,0.6376,0.0082,0.3542
HEARTS TWO DIAMONDS SEVEN,0.6844,0.0086,0.307
HEARTS QUEEN DIAMONDS FIVE,0.6624,0.0088,0.3288
HEARTS FIVE DIAMONDS SEVEN,0.6566,0.0062,0.3372
DIAMONDS ACE DIAMONDS SEVEN,0.4416,0.0046,0.5538
HEARTS FOUR DIAMONDS SEVEN,0.6674,0.0074,0.3252
HEARTS ACE DIAMONDS FIVE,0.4416,0.0064,0.552
HEARTS SEVEN DIAMONDS SEVEN,0.4902,0.0086,0.5012
HEARTS SIX DIAMONDS SEVEN,0.6452,0.0054,0.3494
HEARTS NINE DIAMONDS SEVEN,0.6578,0.008,0.3342
DIAMONDS SEVEN HEARTS EIGHT,0.6496,0.0068,0.3436
DIAMONDS JACK DIAMONDS SEVEN,0.6916,0.0296,0.2788
DIAMONDS TEN DIAMONDS SEVEN,0.629,0.009,0.362
DIAMONDS FIVE HEARTS TEN,0.6948,0.0074,0.2978
CLUBS EIGHT DIAMONDS SEVEN,0.6542,0.0066,0.3392
SPADES KING CLUBS TWO,0.696,0.085,0.219
SPADES QUEEN CLUBS TWO,0.667,0.0076,0.3254
CLUBS NINE DIAMONDS SEVEN,0.6586,0.0052,0.3362
CLUBS JACK SPADES TWO,0.7632,0.0298,0.207
CLUBS SIX CLUBS SEVEN,0.6026,0.0072,0.3902
SPADES ACE CLUBS TWO,0.4594,0.0054,0.5352
CLUBS TEN SPADES TWO,0.7042,0.0058,0.29
SPADES TWO CLUBS KING,0.6998,0.0842,0.216
SPADES TWO DIAMONDS SEVEN,0.6886,0.01,0.3014
CLUBS EIGHT CLUBS SIX,0.6206,0.0068,0.3726
SPADES THREE DIAMONDS SEVEN,0.692,0.0078,0.3002
SPADES TWO CLUBS QUEEN,0.673,0.0076,0.3194
CLUBS NINE CLUBS SIX,0.6318,0.0056,0.3626
SPADES FOUR DIAMONDS SEVEN,0.6662,0.0076,0.3262
SPADES FIVE DIAMONDS SEVEN,0.6472,0.0056,0.3472
SPADES TWO CLUBS ACE,0.465,0.0044,0.5306
CLUBS SIX SPADES TWO,0.6896,0.0092,0.3012
CLUBS SIX SPADES THREE,0.679,0.007,0.314
CLUBS TWO DIAMONDS SEVEN,0.7,0.0076,0.2924
CLUBS SIX SPADES FOUR,0.6642,0.0068,0.329
CLUBS THREE DIAMONDS SEVEN,0.6794,0.0064,0.3142
CLUBS SIX SPADES FIVE,0.6502,0.007,0.3428
CLUBS FOUR DIAMONDS SEVEN,0.6612,0.0074,0.3314
CLUBS SIX SPADES SIX,0.49,0.005,0.505
CLUBS FIVE DIAMONDS SEVEN,0.6492,0.0062,0.3446
CLUBS SIX SPADES SEVEN,0.6438,0.0072,0.349
CLUBS SIX DIAMONDS SEVEN,0.6384,0.0042,0.3574
CLUBS SIX SPADES EIGHT,0.6514,0.006,0.3426
SPADES JACK CLUBS TWO,0.7518,0.0322,0.216
CLUBS SEVEN DIAMONDS SEVEN,0.4986,0.0048,0.4966
CLUBS SIX SPADES NINE,0.6756,0.007,0.3174
SPADES TEN CLUBS TWO,0.7112,0.0098,0.279
CLUBS TWO CLUBS QUEEN,0.6346,0.0108,0.3546
CLUBS TWO CLUBS KING,0.6482,0.081,0.2708
CLUBS THREE DIAMONDS EIGHT,0.6994,0.0066,0.294
CLUBS TWO CLUBS ACE,0.4312,0.0044,0.5644
CLUBS TWO DIAMONDS EIGHT,0.6904,0.0068,0.3028
DIAMONDS EIGHT HEARTS SEVEN,0.6414,0.007,0.3516
HEARTS SIX DIAMONDS EIGHT,0.665,0.0046,0.3304
DIAMONDS EIGHT HEARTS NINE,0.646,0.0074,0.3466
CLUBS TEN CLUBS TWO,0.6604,0.006,0.3336
DIAMONDS EIGHT HEARTS EIGHT,0.4786,0.0072,0.5142
CLUBS JACK CLUBS TWO,0.7164,0.031,0.2526
CLUBS NINE DIAMONDS EIGHT,0.6654,0.0072,0.3274
CLUBS EIGHT DIAMONDS EIGHT,0.498,0.0056,0.4964
CLUBS FIVE DIAMONDS EIGHT,0.6758,0.0052,0.319
SPADES ACE SPADES THREE,0.4226,0.0042,0.5732
CLUBS FOUR DIAMONDS EIGHT,0.6862,0.0056,0.3082
CLUBS SEVEN DIAMONDS EIGHT,0.6564,0.0052,0.3384
SPADES QUEEN SPADES THREE,0.6378,0.0068,0.3554
CLUBS SIX DIAMONDS EIGHT,0.6564,0.0048,0.3388
SPADES KING SPADES THREE,0.6506,0.0792,0.2702
DIAMONDS QUEEN DIAMONDS EIGHT,0.6268,0.0076,0.3656
HEARTS TWO DIAMONDS EIGHT,0.6712,0.0062,0.3226
DIAMONDS KING DIAMONDS EIGHT,0.6592,0.075,0.2658
HEARTS THREE DIAMONDS EIGHT,0.6932,0.0072,0.2996
DIAMONDS ACE DIAMONDS EIGHT,0.4278,0.0062,0.566
HEARTS FOUR DIAMONDS EIGHT,0.6686,0.0074,0.324
HEARTS FIVE DIAMONDS EIGHT,0.664,0.0068,0.3292
DIAMONDS EIGHT DIAMONDS TEN,0.6224,0.0044,0.3732
DIAMONDS EIGHT DIAMONDS JACK,0.7186,0.0276,0.2538
SPADES JACK SPADES THREE,0.7178,0.0248,0.2574
SPADES TEN SPADES THREE,0.6574,0.0076,0.335
CLUBS FOUR HEARTS ACE,0.4484,0.0072,0.5444
CLUBS FOUR HEARTS QUEEN,0.671,0.0078,0.3212
CLUBS SIX HEARTS TEN,0.6812,0.0082,0.3106
DIAMONDS EIGHT SPADES FOUR,0.6838,0.0064,0.3098
SPADES FIVE DIAMONDS EIGHT,0.6668,0.0058,0.3274
DIAMONDS EIGHT SPADES TWO,0.6874,0.0074,0.3052
DIAMONDS EIGHT SPADES THREE,0.69,0.0072,0.3028
SPADES EIGHT DIAMONDS EIGHT,0.4882,0.009,0.5028
SPADES TEN DIAMONDS QUEEN,0.6336,0.0078,0.3586
SPADES TEN HEARTS TWO,0.7,0.0082,0.2918
SPADES JACK HEARTS EIGHT,0.7376,0.0292,0.2332
CLUBS FOUR HEARTS TEN,0.6912,0.0078,0.301
SPADES NINE DIAMONDS EIGHT,0.6446,0.007,0.3484
SPADES TEN HEARTS EIGHT,0.656,0.0072,0.3368
SPADES JACK HEARTS TWO,0.7588,0.0326,0.2086
SPADES JACK DIAMONDS QUEEN,0.727,0.0246,0.2484
SPADES SIX DIAMONDS EIGHT,0.6596,0.006,0.3344
SPADES SEVEN DIAMONDS EIGHT,0.6506,0.0056,0.3438
SPADES ACE HEARTS TWO,0.4686,0.0054,0.526
SPADES ACE DIAMONDS QUEEN,0.416,0.0044,0.5796
SPADES ACE HEARTS EIGHT,0.4622,0.0052,0.5326
SPADES KING HEARTS EIGHT,0.6822,0.082,0.2358
SPADES QUEEN HEARTS TWO,0.6742,0.0098,0.316
SPADES QUEEN DIAMONDS QUEEN,0.3234,0.0026,0.674
SPADES KING DIAMONDS QUEEN,0.285,0.0626,0.6524
SPADES KING HEARTS TWO,0.6872,0.0888,0.224
SPADES QUEEN HEARTS EIGHT,0.6674,0.006,0.3266
CLUBS TWO HEARTS TEN,0.6898,0.0088,0.3014
SPADES SEVEN DIAMONDS NINE,0.6562,0.0068,0.337
SPADES SIX DIAMONDS NINE,0.671,0.006,0.323
SPADES NINE DIAMONDS NINE,0.491,0.005,0.504
SPADES EIGHT DIAMONDS NINE,0.6522,0.0058,0.342
SPADES TEN CLUBS KING,0.6968,0.0852,0.218
DIAMONDS NINE SPADES THREE,0.6904,0.0086,0.301
SPADES JACK CLUBS KING,0.0696,0.91,0.0204
DIAMONDS NINE SPADES TWO,0.6864,0.0058,0.3078
DIAMONDS NINE SPADES FIVE,0.684,0.0058,0.3102
DIAMONDS NINE SPADES FOUR,0.6972,0.0062,0.2966
CLUBS NINE DIAMONDS NINE,0.4822,0.007,0.5108
CLUBS EIGHT DIAMONDS NINE,0.6384,0.0074,0.3542
CLUBS SIX DIAMONDS NINE,0.6774,0.0056,0.317
SPADES JACK CLUBS FOUR,0.7486,0.0288,0.2226
CLUBS SEVEN DIAMONDS NINE,0.6628,0.0054,0.3318
SPADES TEN CLUBS FOUR,0.6982,0.0062,0.2956
CLUBS FOUR DIAMONDS NINE,0.6922,0.0056,0.3022
CLUBS FIVE DIAMONDS NINE,0.6828,0.007,0.3102
CLUBS TWO DIAMONDS NINE,0.6952,0.0078,0.297
DIAMONDS NINE CLUBS THREE,0.6866,0.0066,0.3068
DIAMONDS NINE HEARTS EIGHT,0.6458,0.0058,0.3484
DIAMONDS NINE HEARTS NINE,0.481,0.0066,0.5124
HEARTS SIX DIAMONDS NINE,0.6676,0.005,0.3274
DIAMONDS NINE HEARTS SEVEN,0.6518,0.0086,0.3396
CLUBS EIGHT CLUBS NINE,0.6052,0.0054,0.3894
DIAMONDS ACE DIAMONDS NINE,0.4304,0.0048,0.5648
HEARTS FOUR DIAMONDS NINE,0.6912,0.0084,0.3004
HEARTS FIVE DIAMONDS NINE,0.6786,0.0076,0.3138
CLUBS TWO HEARTS ACE,0.4456,0.0062,0.5482
SPADES ACE CLUBS FOUR,0.475,0.0052,0.5198
DIAMONDS QUEEN DIAMONDS NINE,0.6096,0.0058,0.3846
HEARTS TWO DIAMONDS NINE,0.6912,0.0086,0.3002
SPADES KING CLUBS FOUR,0.6982,0.0862,0.2156
DIAMONDS KING DIAMONDS NINE,0.6496,0.0776,0.2728
HEARTS THREE DIAMONDS NINE,0.686,0.0096,0.3044
CLUBS TWO HEARTS QUEEN,0.6802,0.0076,0.3122
SPADES QUEEN CLUBS FOUR,0.6788,0.0068,0.3144
DIAMONDS NINE DIAMONDS JACK,0.683,0.0334,0.2836
CLUBS EIGHT SPADES NINE,0.644,0.0068,0.3492
DIAMONDS NINE DIAMONDS TEN,0.6182,0.006,0.3758
CLUBS EIGHT SPADES EIGHT,0.481,0.008,0.511
CLUBS EIGHT SPADES SEVEN,0.6422,0.0058,0.352
CLUBS EIGHT SPADES SIX,0.6656,0.0056,0.3288
CLUBS EIGHT SPADES FIVE,0.665,0.0064,0.3286
CLUBS EIGHT SPADES FOUR,0.6864,0.0064,0.3072
CLUBS EIGHT SPADES THREE,0.703,0.0048,0.2922
CLUBS EIGHT SPADES TWO,0.6718,0.0068,0.3214
HEARTS SIX DIAMONDS TEN,0.6836,0.0048,0.3116
DIAMONDS TEN HEARTS SEVEN,0.6728,0.0066,0.3206
DIAMONDS TEN HEARTS EIGHT,0.6678,0.0074,0.3248
CLUBS JACK CLUBS FOUR,0.6958,0.0294,0.2748
DIAMONDS TEN HEARTS NINE,0.65,0.0078,0.3422
CLUBS TEN CLUBS FOUR,0.663,0.0056,0.3314
CLUBS FOUR CLUBS KING,0.6506,0.0844,0.265
CLUBS FOUR CLUBS QUEEN,0.6306,0.0052,0.3642
CLUBS TWO DIAMONDS TEN,0.7052,0.0064,0.2884
CLUBS THREE DIAMONDS TEN,0.7042,0.0066,0.2892
CLUBS FOUR CLUBS ACE,0.4362,0.0038,0.56
DIAMONDS JACK DIAMONDS TEN,0.6732,0.0292,0.2976
DIAMONDS QUEEN DIAMONDS TEN,0.6064,0.0066,0.387
HEARTS TWO DIAMONDS TEN,0.692,0.0088,0.2992
DIAMONDS KING DIAMONDS TEN,0.6646,0.0782,0.2572
HEARTS THREE DIAMONDS TEN,0.6908,0.0094,0.2998
DIAMONDS ACE DIAMONDS TEN,0.4156,0.0048,0.5796
HEARTS FOUR DIAMONDS TEN,0.6918,0.0078,0.3004
HEARTS FIVE DIAMONDS TEN,0.6978,0.0068,0.2954
CLUBS EIGHT HEARTS TEN,0.672,0.0064,0.3216
CLUBS EIGHT HEARTS QUEEN,0.672,0.0066,0.3214
CLUBS EIGHT HEARTS ACE,0.4466,0.0054,0.548
CLUBS NINE SPADES THREE,0.678,0.0086,0.3134
CLUBS NINE SPADES TWO,0.6846,0.0086,0.3068
CLUBS NINE SPADES FIVE,0.6788,0.0064,0.3148
CLUBS NINE SPADES FOUR,0.6886,0.0068,0.3046
CLUBS NINE SPADES SEVEN,0.6584,0.0046,0.337
CLUBS NINE SPADES SIX,0.67,0.0064,0.3236
CLUBS NINE SPADES NINE,0.4696,0.0038,0.5266
CLUBS TEN HEARTS EIGHT,0.6644,0.0056,0.33
CLUBS NINE SPADES EIGHT,0.6462,0.0078,0.346
CLUBS JACK HEARTS EIGHT,0.7442,0.0308,0.225
CLUBS QUEEN HEARTS EIGHT,0.6706,0.005,0.3244
CLUBS KING HEARTS EIGHT,0.6822,0.0886,0.2292
CLUBS ACE HEARTS EIGHT,0.4484,0.0032,0.5484
SPADES KING CLUBS KING,0.1514,0.015,0.8336
SPADES QUEEN CLUBS KING,0.2804,0.0596,0.66
SPADES ACE CLUBS KING,0.2826,0.011,0.7064
DIAMONDS ACE HEARTS TEN,0.4342,0.0056,0.5602
HEARTS FOUR HEARTS TEN,0.6982,0.0066,0.2952
SPADES KING CLUBS FIVE,0.6942,0.0816,0.2242
SPADES QUEEN CLUBS FIVE,0.6708,0.0056,0.3236
SPADES ACE CLUBS FIVE,0.4524,0.004,0.5436
DIAMONDS JACK HEARTS SEVEN,0.7424,0.0284,0.2292
HEARTS SIX DIAMONDS JACK,0.7508,0.0266,0.2226
DIAMONDS JACK HEARTS NINE,0.7266,0.0242,0.2492
DIAMONDS JACK HEARTS EIGHT,0.7392,0.0312,0.2296
DIAMONDS KING DIAMONDS JACK,0.0704,0.8602,0.0694
HEARTS THREE DIAMONDS JACK,0.7482,0.034,0.2178
SPADES ACE SPADES SIX,0.4342,0.0038,0.562
SPADES FOUR HEARTS ACE,0.4394,0.005,0.5556
DIAMONDS QUEEN DIAMONDS JACK,0.6938,0.0252,0.281
HEARTS TWO DIAMONDS JACK,0.7568,0.0278,0.2154
HEARTS FIVE DIAMONDS JACK,0.7292,0.0314,0.2394
SPADES QUEEN SPADES SIX,0.63,0.0048,0.3652
SPADES FOUR HEARTS QUEEN,0.6708,0.0082,0.321
DIAMONDS ACE DIAMONDS JACK,0.2756,0.0146,0.7098
HEARTS FOUR DIAMONDS JACK,0.7396,0.0332,0.2272
SPADES KING SPADES SIX,0.6526,0.081,0.2664
SPADES TEN SPADES SIX,0.6446,0.0056,0.3498
SPADES JACK SPADES SIX,0.7012,0.0308,0.268
SPADES FOUR DIAMONDS JACK,0.7504,0.0278,0.2218
SPADES FIVE DIAMONDS JACK,0.7548,0.0306,0.2146
DIAMONDS JACK SPADES TWO,0.7606,0.0318,0.2076
DIAMONDS JACK SPADES THREE,0.7586,0.0322,0.2092
SPADES ACE DIAMONDS THREE,0.4532,0.0048,0.542
CLUBS EIGHT DIAMONDS JACK,0.7434,0.0268,0.2298
SPADES QUEEN DIAMONDS THREE,0.6756,0.0062,0.3182
SPADES KING DIAMONDS THREE,0.6894,0.0866,0.224
CLUBS NINE DIAMONDS JACK,0.7322,0.0224,0.2454
CLUBS SIX DIAMONDS JACK,0.757,0.0266,0.2164
CLUBS SEVEN DIAMONDS JACK,0.7312,0.0336,0.2352
CLUBS FOUR DIAMONDS JACK,0.7654,0.0296,0.205
CLUBS FIVE DIAMONDS JACK,0.7604,0.0308,0.2088
CLUBS TWO DIAMONDS JACK,0.7612,0.0282,0.2106
CLUBS THREE DIAMONDS JACK,0.7564,0.0302,0.2134
SPADES TEN CLUBS FIVE,0.695,0.004,0.301
HEARTS SIX SPADES JACK,0.7422,0.031,0.2268
HEARTS SIX SPADES TEN,0.6862,0.0046,0.3092
SPADES JACK CLUBS FIVE,0.7398,0.0294,0.2308
SPADES JACK DIAMONDS THREE,0.772,0.0284,0.1996
CLUBS SEVEN CLUBS ACE,0.4418,0.0038,0.5544
DIAMONDS THREE SPADES TEN,0.686,0.0078,0.3062
CLUBS SEVEN CLUBS QUEEN,0.621,0.011,0.368
CLUBS SEVEN CLUBS KING,0.643,0.0812,0.2758
SPADES NINE DIAMONDS JACK,0.7294,0.0262,0.2444
CLUBS TEN CLUBS SEVEN,0.632,0.0064,0.3616
DIAMONDS ACE HEARTS ACE,0.1644,0.0054,0.8302
HEARTS FOUR HEARTS ACE,0.404,0.0066,0.5894
SPADES EIGHT DIAMONDS JACK,0.746,0.0292,0.2248
SPADES ACE HEARTS SIX,0.4526,0.0034,0.544
CLUBS JACK CLUBS SEVEN,0.7026,0.0238,0.2736
SPADES SEVEN DIAMONDS JACK,0.7292,0.0282,0.2426
SPADES KING HEARTS SIX,0.692,0.0732,0.2348
DIAMONDS ACE HEARTS QUEEN,0.4076,0.0046,0.5878
HEARTS FOUR HEARTS QUEEN,0.663,0.0096,0.3274
SPADES QUEEN HEARTS SIX,0.6676,0.006,0.3264
SPADES SIX DIAMONDS JACK,0.7576,0.027,0.2154
DIAMONDS TEN SPADES TWO,0.7016,0.0078,0.2906
SPADES THREE DIAMONDS TEN,0.7014,0.0072,0.2914
SPADES FOUR DIAMONDS TEN,0.6894,0.0058,0.3048
SPADES FIVE DIAMONDS TEN,0.7044,0.0052,0.2904
SPADES SIX DIAMONDS TEN,0.708,0.0048,0.2872
SPADES SEVEN DIAMONDS TEN,0.6756,0.0062,0.3182
SPADES EIGHT DIAMONDS TEN,0.6616,0.0066,0.3318
SPADES NINE DIAMONDS TEN,0.6668,0.0058,0.3274
CLUBS FOUR DIAMONDS TEN,0.6952,0.0064,0.2984
CLUBS FIVE DIAMONDS TEN,0.6912,0.0058,0.303
CLUBS SIX DIAMONDS TEN,0.6884,0.007,0.3046
CLUBS SEVEN DIAMONDS TEN,0.6682,0.0062,0.3256
CLUBS EIGHT DIAMONDS TEN,0.651,0.0074,0.3416
CLUBS NINE DIAMONDS TEN,0.6486,0.0072,0.3442
CLUBS JACK DIAMONDS THREE,0.7586,0.0298,0.2116
CLUBS TEN DIAMONDS THREE,0.7026,0.0052,0.2922
DIAMONDS THREE CLUBS KING,0.6936,0.0848,0.2216
DIAMONDS THREE CLUBS QUEEN,0.6798,0.0088,0.3114
DIAMONDS THREE CLUBS ACE,0.4682,0.007,0.5248
SPADES FOUR HEARTS TEN,0.6992,0.0064,0.2944
SPADES FIVE SPADES TWO,0.6222,0.0076,0.3702
SPADES FOUR SPADES TWO,0.6388,0.0062,0.355
SPADES THREE SPADES TWO,0.6374,0.0088,0.3538
SPADES NINE SPADES TWO,0.6522,0.0084,0.3394
SPADES EIGHT SPADES TWO,0.6476,0.0074,0.345
SPADES SEVEN SPADES TWO,0.6486,0.0092,0.3422
SPADES SIX SPADES TWO,0.6468,0.0074,0.3458
DIAMONDS QUEEN CLUBS THREE,0.6778,0.0086,0.3136
HEARTS TWO CLUBS THREE,0.6626,0.0074,0.33
DIAMONDS QUEEN CLUBS TWO,0.678,0.0078,0.3142
HEARTS TWO CLUBS TWO,0.5094,0.0114,0.4792
DIAMONDS QUEEN HEARTS SEVEN,0.671,0.0068,0.3222
HEARTS TWO HEARTS SEVEN,0.683,0.0086,0.3084
HEARTS SIX DIAMONDS QUEEN,0.675,0.0076,0.3174
HEARTS SIX HEARTS TWO,0.6874,0.0084,0.3042
DIAMONDS QUEEN HEARTS NINE,0.654,0.0088,0.3372
HEARTS TWO HEARTS NINE,0.687,0.0094,0.3036
DIAMONDS QUEEN HEARTS EIGHT,0.6654,0.006,0.3286
HEARTS TWO HEARTS EIGHT,0.6866,0.0102,0.3032
CLUBS NINE HEARTS TWO,0.6922,0.0056,0.3022
CLUBS NINE DIAMONDS QUEEN,0.6562,0.006,0.3378
CLUBS EIGHT DIAMONDS QUEEN,0.6726,0.005,0.3224
CLUBS EIGHT HEARTS TWO,0.6736,0.0066,0.3198
DIAMONDS QUEEN CLUBS FIVE,0.6694,0.0072,0.3234
HEARTS TWO CLUBS FIVE,0.6586,0.0086,0.3328
SPADES EIGHT HEARTS ACE,0.4494,0.0052,0.5454
DIAMONDS QUEEN CLUBS FOUR,0.6604,0.0064,0.3332
CLUBS FOUR HEARTS TWO,0.6756,0.0052,0.3192
CLUBS SEVEN DIAMONDS QUEEN,0.663,0.0082,0.3288
CLUBS SEVEN HEARTS TWO,0.6894,0.007,0.3036
SPADES EIGHT HEARTS QUEEN,0.6646,0.0062,0.3292
CLUBS SIX DIAMONDS QUEEN,0.662,0.0056,0.3324
CLUBS SIX HEARTS TWO,0.674,0.0074,0.3186
HEARTS TWO SPADES SIX,0.6802,0.0072,0.3126
DIAMONDS QUEEN SPADES SIX,0.6768,0.007,0.3162
HEARTS FOUR CLUBS QUEEN,0.6692,0.0108,0.32
DIAMONDS ACE CLUBS QUEEN,0.4044,0.0046,0.591
DIAMONDS QUEEN SPADES SEVEN,0.6712,0.0054,0.3234
HEARTS TWO SPADES SEVEN,0.68,0.0076,0.3124
HEARTS FOUR CLUBS KING,0.6818,0.093,0.2252
DIAMONDS ACE CLUBS KING,0.2804,0.0116,0.708
DIAMONDS QUEEN SPADES EIGHT,0.6612,0.0048,0.334
SPADES EIGHT HEARTS TWO,0.6876,0.0086,0.3038
HEARTS FOUR CLUBS ACE,0.4526,0.0046,0.5428
DIAMONDS ACE CLUBS ACE,0.1806,0.0044,0.815
SPADES NINE DIAMONDS QUEEN,0.6538,0.0066,0.3396
SPADES NINE HEARTS TWO,0.6866,0.0094,0.304
HEARTS TWO SPADES TWO,0.5002,0.0084,0.4914
DIAMONDS QUEEN SPADES TWO,0.6734,0.0084,0.3182
HEARTS TWO SPADES THREE,0.6708,0.0104,0.3188
DIAMONDS QUEEN SPADES THREE,0.675,0.0096,0.3154
HEARTS TWO SPADES FOUR,0.6538,0.0094,0.3368
DIAMONDS QUEEN SPADES FOUR,0.6702,0.0086,0.3212
CLUBS TEN HEARTS FOUR,0.7092,0.0046,0.2862
CLUBS TEN DIAMONDS ACE,0.4306,0.0038,0.5656
HEARTS TWO SPADES FIVE,0.665,0.0058,0.3292
DIAMONDS QUEEN SPADES FIVE,0.6738,0.0064,0.3198
HEARTS FOUR CLUBS JACK,0.7418,0.0312,0.227
CLUBS JACK DIAMONDS ACE,0.2992,0.0118,0.689
CLUBS FIVE CLUBS KING,0.6418,0.0714,0.2868
CLUBS FIVE CLUBS QUEEN,0.6176,0.0062,0.3762
CLUBS FIVE CLUBS ACE,0.4306,0.0046,0.5648
CLUBS JACK CLUBS FIVE,0.7096,0.0326,0.2578
CLUBS TEN CLUBS FIVE,0.6582,0.006,0.3358
SPADES KING CLUBS JACK,0.0796,0.9026,0.0178
CLUBS JACK SPADES QUEEN,0.7434,0.0264,0.2302
SPADES ACE CLUBS JACK,0.2888,0.013,0.6982
SPADES SIX CLUBS KING,0.6846,0.0864,0.229
SPADES SIX CLUBS QUEEN,0.6622,0.0054,0.3324
SPADES SIX CLUBS ACE,0.4588,0.004,0.5372
SPADES EIGHT HEARTS TEN,0.675,0.0056,0.3194
CLUBS JACK SPADES SIX,0.7516,0.0302,0.2182
CLUBS TEN SPADES SIX,0.6914,0.0062,0.3024
CLUBS JACK SPADES TEN,0.726,0.0332,0.2408
CLUBS JACK SPADES JACK,0.3482,0.016,0.6358
SPADES QUEEN CLUBS SEVEN,0.6778,0.0062,0.316
SPADES KING CLUBS SEVEN,0.6932,0.0804,0.2264
SPADES ACE CLUBS SEVEN,0.453,0.0038,0.5432
SPADES SIX HEARTS TEN,0.6872,0.0064,0.3064
SPADES SIX HEARTS ACE,0.4564,0.006,0.5376
SPADES SIX HEARTS QUEEN,0.6654,0.0078,0.3268
SPADES JACK CLUBS SEVEN,0.7386,0.0342,0.2272
SPADES TEN CLUBS SEVEN,0.6828,0.007,0.3102
CLUBS TEN HEARTS SIX,0.6782,0.0082,0.3136
CLUBS JACK HEARTS SIX,0.7412,0.0304,0.2284
CLUBS JACK CLUBS ACE,0.2842,0.0148,0.701
HEARTS SIX CLUBS QUEEN,0.6766,0.007,0.3164
HEARTS SIX CLUBS KING,0.69,0.0842,0.2258
HEARTS SIX CLUBS ACE,0.4546,0.0056,0.5398
CLUBS JACK CLUBS QUEEN,0.6806,0.0254,0.294
CLUBS JACK CLUBS KING,0.0684,0.858,0.0736
DIAMONDS THREE HEARTS ACE,0.4396,0.0048,0.5556
DIAMONDS THREE HEARTS QUEEN,0.6594,0.0088,0.3318
SPADES TEN DIAMONDS ACE,0.4314,0.0046,0.564
HEARTS FOUR SPADES TEN,0.6842,0.0068,0.309
CLUBS FIVE HEARTS TEN,0.69,0.0088,0.3012
HEARTS FOUR SPADES JACK,0.7562,0.0306,0.2132
SPADES JACK DIAMONDS ACE,0.2868,0.0138,0.6994
SPADES ACE HEARTS FOUR,0.446,0.005,0.549
SPADES ACE DIAMONDS ACE,0.1752,0.0026,0.8222
CLUBS FIVE HEARTS ACE,0.4388,0.0048,0.5564
HEARTS FOUR SPADES QUEEN,0.6838,0.0062,0.31
SPADES QUEEN DIAMONDS ACE,0.3988,0.0058,0.5954
CLUBS JACK SPADES FOUR,0.7508,0.0298,0.2194
CLUBS FIVE HEARTS QUEEN,0.6572,0.0068,0.336
SPADES KING DIAMONDS ACE,0.2896,0.0072,0.7032
HEARTS FOUR SPADES KING,0.6806,0.0852,0.2342
CLUBS TEN SPADES FOUR,0.7046,0.006,0.2894
DIAMONDS QUEEN DIAMONDS ACE,0.3868,0.0044,0.6088
HEARTS TWO DIAMONDS ACE,0.443,0.005,0.552
HEARTS FOUR DIAMONDS QUEEN,0.6718,0.0074,0.3208
HEARTS FOUR HEARTS TWO,0.6624,0.0098,0.3278
DIAMONDS THREE HEARTS TEN,0.7104,0.0072,0.2824
SPADES FOUR CLUBS KING,0.6982,0.0804,0.2214
HEARTS FIVE DIAMONDS QUEEN,0.6572,0.0104,0.3324
HEARTS FIVE HEARTS TWO,0.6692,0.0078,0.323
SPADES FOUR CLUBS QUEEN,0.6672,0.0068,0.326
DIAMONDS QUEEN HEARTS TWO,0.6654,0.0072,0.3274
DIAMONDS KING DIAMONDS QUEEN,0.2602,0.0538,0.686
DIAMONDS KING HEARTS TWO,0.6828,0.085,0.2322
HEARTS THREE DIAMONDS QUEEN,0.6608,0.0088,0.3304
HEARTS THREE HEARTS TWO,0.6702,0.008,0.3218
SPADES FOUR CLUBS ACE,0.4494,0.0044,0.5462
HEARTS TWO CLUBS ACE,0.4568,0.0048,0.5384
DIAMONDS QUEEN CLUBS ACE,0.4002,0.004,0.5958
HEARTS TWO CLUBS QUEEN,0.6794,0.0082,0.3124
DIAMONDS QUEEN CLUBS QUEEN,0.322,0.0054,0.6726
HEARTS TWO CLUBS KING,0.689,0.0884,0.2226
DIAMONDS QUEEN CLUBS KING,0.2838,0.0568,0.6594
SPADES EIGHT SPADES FIVE,0.6318,0.0062,0.362
CLUBS TEN HEARTS TWO,0.703,0.0088,0.2882
CLUBS TEN DIAMONDS QUEEN,0.6348,0.0056,0.3596
SPADES NINE SPADES FIVE,0.6424,0.0068,0.3508
CLUBS JACK HEARTS TWO,0.7506,0.0332,0.2162
CLUBS JACK DIAMONDS QUEEN,0.7344,0.0218,0.2438
SPADES SIX SPADES FIVE,0.602,0.007,0.391
SPADES SEVEN SPADES FIVE,0.6174,0.0068,0.3758
DIAMONDS FIVE CLUBS QUEEN,0.6646,0.0052,0.3302
SPADES EIGHT CLUBS ACE,0.4502,0.0038,0.546
DIAMONDS FIVE CLUBS KING,0.6848,0.0854,0.2298
SPADES EIGHT CLUBS KING,0.6962,0.0818,0.222
DIAMONDS FIVE CLUBS ACE,0.4524,0.0038,0.5438
SPADES EIGHT CLUBS QUEEN,0.6588,0.0054,0.3358
CLUBS JACK SPADES EIGHT,0.7404,0.0296,0.23
CLUBS TEN SPADES EIGHT,0.6726,0.0074,0.32
CLUBS TEN DIAMONDS FIVE,0.6982,0.0072,0.2946
CLUBS JACK DIAMONDS FIVE,0.7444,0.0266,0.229
DIAMONDS TEN HEARTS TEN,0.4558,0.0056,0.5386
SPADES ACE CLUBS NINE,0.458,0.004,0.538
SPADES QUEEN CLUBS NINE,0.6548,0.005,0.3402
SPADES KING CLUBS NINE,0.693,0.081,0.226
DIAMONDS KING SPADES SEVEN,0.6958,0.0836,0.2206
HEARTS THREE SPADES SEVEN,0.6678,0.0036,0.3286
SPADES KING DIAMONDS SEVEN,0.684,0.0772,0.2388
HEARTS SIX HEARTS QUEEN,0.6682,0.0054,0.3264
SPADES QUEEN DIAMONDS SEVEN,0.6728,0.0044,0.3228
HEARTS THREE SPADES SIX,0.6594,0.0056,0.335
DIAMONDS KING SPADES SIX,0.696,0.0778,0.2262
DIAMONDS KING SPADES NINE,0.6966,0.0864,0.217
HEARTS THREE SPADES NINE,0.6886,0.0086,0.3028
HEARTS SIX HEARTS ACE,0.4102,0.0052,0.5846
DIAMONDS KING SPADES EIGHT,0.6962,0.0802,0.2236
HEARTS THREE SPADES EIGHT,0.6924,0.006,0.3016
SPADES ACE DIAMONDS SEVEN,0.466,0.0024,0.5316
HEARTS THREE CLUBS NINE,0.7006,0.009,0.2904
CLUBS NINE DIAMONDS KING,0.694,0.0804,0.2256
CLUBS EIGHT DIAMONDS KING,0.6864,0.0888,0.2248
HEARTS THREE CLUBS EIGHT,0.6878,0.0076,0.3046
HEARTS THREE SPADES THREE,0.5018,0.0096,0.4886
DIAMONDS KING SPADES THREE,0.6862,0.0886,0.2252
HEARTS THREE SPADES TWO,0.6718,0.0072,0.321
