opposingHand,winningChance,drawChance,lostChance
HEARTS TWO SPADES EIGHT
HEARTS FIVE SPADES TEN,0.3434,0.0298,0.6268
HEARTS FIVE SPADES JACK,0.3466,0.0176,0.6358
SPADES FIVE CLUBS JACK,0.3662,0.0202,0.6136
CLUBS TEN SPADES FIVE,0.3524,0.0254,0.6222
CLUBS EIGHT CLUBS JACK,0.2064,0.06,0.7336
CLUBS TEN CLUBS EIGHT,0.2074,0.0748,0.7178
CLUBS EIGHT CLUBS KING,0.208,0.0346,0.7574
SPADES FIVE CLUBS ACE,0.3346,0.005,0.6604
CLUBS EIGHT CLUBS QUEEN,0.215,0.047,0.738
SPADES FIVE CLUBS KING,0.3456,0.0088,0.6456
SPADES FIVE CLUBS QUEEN,0.3626,0.0096,0.6278
CLUBS EIGHT CLUBS ACE,0.204,0.0302,0.7658
DIAMONDS TWO DIAMONDS THREE,0.5542,0.1418,0.304
DIAMONDS TWO DIAMONDS FIVE,0.5544,0.1338,0.3118
HEARTS FIVE SPADES KING,0.3382,0.0072,0.6546
DIAMONDS TWO DIAMONDS FOUR,0.5676,0.1342,0.2982
HEARTS FIVE SPADES QUEEN,0.3446,0.0134,0.642
DIAMONDS TWO DIAMONDS SEVEN,0.5912,0.1278,0.281
DIAMONDS TWO DIAMONDS SIX,0.5656,0.1288,0.3056
SPADES ACE HEARTS FIVE,0.3258,0.004,0.6702
DIAMONDS TWO DIAMONDS NINE,0.2178,0.1022,0.68
DIAMONDS TWO DIAMONDS EIGHT,0.0204,0.9106,0.069
DIAMONDS THREE DIAMONDS FOUR,0.4788,0.0688,0.4524
SPADES FOUR CLUBS TWO,0.5936,0.1454,0.261
DIAMONDS THREE DIAMONDS FIVE,0.4924,0.0626,0.445
SPADES FIVE CLUBS TWO,0.5858,0.1468,0.2674
CLUBS TWO SPADES TWO,0.267,0.0776,0.6554
CLUBS TWO SPADES THREE,0.6064,0.1388,0.2548
DIAMONDS THREE DIAMONDS EIGHT,0.2062,0.4848,0.309
DIAMONDS THREE DIAMONDS NINE,0.3366,0.0418,0.6216
SPADES NINE CLUBS TWO,0.2294,0.0984,0.6722
DIAMONDS THREE DIAMONDS SIX,0.4932,0.0722,0.4346
SPADES SIX CLUBS TWO,0.6196,0.1342,0.2462
DIAMONDS THREE DIAMONDS SEVEN,0.5022,0.0676,0.4302
SPADES SEVEN CLUBS TWO,0.622,0.1412,0.2368
CLUBS SIX CLUBS TWO,0.5834,0.1244,0.2922
CLUBS SEVEN CLUBS TWO,0.5906,0.131,0.2784
CLUBS FOUR CLUBS TWO,0.5498,0.145,0.3052
CLUBS FIVE CLUBS TWO,0.5592,0.1504,0.2904
CLUBS TEN CLUBS JACK,0.293,0.0122,0.6948
DIAMONDS FOUR DIAMONDS SIX,0.4788,0.064,0.4572
CLUBS TEN CLUBS QUEEN,0.2972,0.011,0.6918
DIAMONDS FOUR DIAMONDS SEVEN,0.4864,0.0676,0.446
CLUBS TEN CLUBS KING,0.3006,0.0078,0.6916
CLUBS TEN CLUBS ACE,0.2946,0.0054,0.7
CLUBS EIGHT CLUBS TWO,0.0194,0.9112,0.0694
DIAMONDS FIVE DIAMONDS FOUR,0.4802,0.0704,0.4494
CLUBS NINE CLUBS TWO,0.228,0.105,0.667
DIAMONDS NINE DIAMONDS FOUR,0.336,0.039,0.625
DIAMONDS EIGHT DIAMONDS FOUR,0.211,0.4752,0.3138
CLUBS THREE CLUBS TWO,0.537,0.1408,0.3222
DIAMONDS NINE DIAMONDS FIVE,0.3182,0.0462,0.6356
DIAMONDS TWO CLUBS JACK,0.2574,0.0556,0.687
DIAMONDS EIGHT DIAMONDS FIVE,0.1972,0.4162,0.3866
CLUBS TEN DIAMONDS TWO,0.2412,0.0706,0.6882
DIAMONDS FIVE DIAMONDS SEVEN,0.4904,0.0578,0.4518
DIAMONDS FIVE DIAMONDS SIX,0.4702,0.0602,0.4696
DIAMONDS TWO CLUBS ACE,0.2396,0.0136,0.7468
DIAMONDS TWO CLUBS KING,0.244,0.0284,0.7276
DIAMONDS TWO CLUBS QUEEN,0.2468,0.039,0.7142
DIAMONDS EIGHT DIAMONDS SIX,0.2018,0.3476,0.4506
DIAMONDS NINE DIAMONDS SIX,0.312,0.043,0.645
HEARTS ACE SPADES THREE,0.35,0.007,0.643
SPADES THREE HEARTS KING,0.3644,0.0092,0.6264
DIAMONDS SEVEN DIAMONDS SIX,0.4652,0.0652,0.4696
SPADES THREE HEARTS QUEEN,0.3564,0.0162,0.6274
SPADES THREE HEARTS JACK,0.3642,0.0204,0.6154
SPADES THREE HEARTS TEN,0.3578,0.029,0.6132
DIAMONDS EIGHT DIAMONDS SEVEN,0.206,0.2724,0.5216
DIAMONDS NINE DIAMONDS SEVEN,0.3116,0.0382,0.6502
DIAMONDS NINE DIAMONDS EIGHT,0.2098,0.0964,0.6938
DIAMONDS KING HEARTS TEN,0.3192,0.0108,0.67
HEARTS THREE HEARTS TEN,0.3326,0.0316,0.6358
SPADES JACK CLUBS SIX,0.3602,0.0196,0.6202
DIAMONDS KING HEARTS JACK,0.3148,0.006,0.6792
HEARTS THREE HEARTS JACK,0.3456,0.0182,0.6362
SPADES TEN CLUBS SIX,0.3346,0.0274,0.638
SPADES JACK SPADES FIVE,0.3396,0.0224,0.638
SPADES TEN SPADES FIVE,0.3268,0.027,0.6462
DIAMONDS KING HEARTS ACE,0.3162,0.0058,0.678
HEARTS THREE HEARTS ACE,0.337,0.0036,0.6594
SPADES ACE CLUBS SIX,0.3542,0.0034,0.6424
DIAMONDS KING HEARTS QUEEN,0.315,0.0096,0.6754
HEARTS THREE HEARTS QUEEN,0.352,0.01,0.638
SPADES KING CLUBS SIX,0.349,0.0104,0.6406
DIAMONDS KING HEARTS KING,0.129,0.0156,0.8554
HEARTS THREE HEARTS KING,0.339,0.0094,0.6516
SPADES QUEEN CLUBS SIX,0.3436,0.0122,0.6442
SPADES NINE HEARTS TEN,0.2856,0.0198,0.6946
SPADES NINE HEARTS JACK,0.2942,0.0152,0.6906
SPADES QUEEN SPADES FIVE,0.3356,0.0136,0.6508
SPADES KING SPADES FIVE,0.328,0.0106,0.6614
SPADES ACE SPADES FIVE,0.3304,0.0052,0.6644
SPADES NINE HEARTS QUEEN,0.3026,0.013,0.6844
SPADES NINE HEARTS KING,0.308,0.0104,0.6816
SPADES NINE HEARTS ACE,0.3184,0.0044,0.6772
CLUBS TEN SPADES JACK,0.2986,0.0148,0.6866
CLUBS TEN SPADES TEN,0.1284,0.0502,0.8214
SPADES ACE CLUBS TEN,0.3178,0.0042,0.678
SPADES KING CLUBS TEN,0.3112,0.0092,0.6796
CLUBS TEN SPADES QUEEN,0.2998,0.0116,0.6886
SPADES FIVE HEARTS QUEEN,0.348,0.0136,0.6384
SPADES FIVE HEARTS KING,0.3524,0.0092,0.6384
SPADES FIVE HEARTS ACE,0.3266,0.0048,0.6686
CLUBS EIGHT SPADES TEN,0.2276,0.0794,0.693
SPADES JACK HEARTS THREE,0.3434,0.0222,0.6344
SPADES JACK DIAMONDS KING,0.3084,0.0062,0.6854
SPADES TEN DIAMONDS KING,0.3146,0.009,0.6764
SPADES TEN HEARTS THREE,0.3594,0.0308,0.6098
SPADES JACK CLUBS EIGHT,0.2172,0.0612,0.7216
CLUBS SIX HEARTS ACE,0.35,0.0038,0.6462
SPADES ACE CLUBS EIGHT,0.2132,0.0298,0.757
HEARTS FIVE CLUBS JACK,0.355,0.0166,0.6284
HEARTS FIVE CLUBS TEN,0.3446,0.0288,0.6266
CLUBS SIX HEARTS QUEEN,0.3526,0.014,0.6334
SPADES QUEEN CLUBS EIGHT,0.2276,0.0508,0.7216
CLUBS TEN SPADES THREE,0.3554,0.0326,0.612
CLUBS SIX HEARTS KING,0.3402,0.0074,0.6524
SPADES KING CLUBS EIGHT,0.225,0.038,0.737
SPADES THREE CLUBS JACK,0.3736,0.0164,0.61
DIAMONDS TWO HEARTS JACK,0.2348,0.0582,0.707
SPADES THREE CLUBS QUEEN,0.3586,0.0156,0.6258
DIAMONDS TWO HEARTS TEN,0.233,0.069,0.698
SPADES THREE CLUBS KING,0.3668,0.0086,0.6246
HEARTS FIVE CLUBS ACE,0.3194,0.0036,0.677
SPADES FIVE HEARTS TEN,0.352,0.0316,0.6164
SPADES THREE CLUBS ACE,0.359,0.0042,0.6368
HEARTS FIVE CLUBS KING,0.3434,0.0078,0.6488
SPADES FIVE HEARTS JACK,0.3274,0.0216,0.651
HEARTS FIVE CLUBS QUEEN,0.351,0.012,0.637
HEARTS THREE CLUBS KING,0.3586,0.0074,0.634
DIAMONDS KING CLUBS KING,0.1392,0.0138,0.847
HEARTS THREE CLUBS QUEEN,0.3674,0.0192,0.6134
DIAMONDS KING CLUBS QUEEN,0.3106,0.0068,0.6826
HEARTS FIVE HEARTS JACK,0.344,0.019,0.637
HEARTS FIVE HEARTS TEN,0.3384,0.0262,0.6354
HEARTS THREE CLUBS ACE,0.3338,0.0048,0.6614
DIAMONDS KING CLUBS ACE,0.3272,0.0038,0.669
SPADES ACE CLUBS QUEEN,0.314,0.0034,0.6826
SPADES KING CLUBS QUEEN,0.3296,0.0084,0.662
HEARTS THREE CLUBS JACK,0.361,0.018,0.621
DIAMONDS KING CLUBS JACK,0.3172,0.0066,0.6762
SPADES QUEEN CLUBS QUEEN,0.1358,0.0254,0.8388
CLUBS TEN HEARTS THREE,0.3584,0.0288,0.6128
CLUBS TEN DIAMONDS KING,0.3212,0.0074,0.6714
SPADES JACK CLUBS QUEEN,0.3058,0.0114,0.6828
CLUBS SIX CLUBS QUEEN,0.3342,0.0142,0.6516
SPADES TEN CLUBS QUEEN,0.3224,0.0106,0.667
CLUBS SIX CLUBS KING,0.3342,0.0068,0.659
CLUBS SIX CLUBS ACE,0.3206,0.0036,0.6758
HEARTS FIVE HEARTS KING,0.3374,0.0102,0.6524
HEARTS FIVE HEARTS QUEEN,0.3512,0.0124,0.6364
CLUBS TEN CLUBS SIX,0.3276,0.025,0.6474
HEARTS FIVE HEARTS ACE,0.3298,0.0064,0.6638
CLUBS SIX CLUBS JACK,0.3474,0.017,0.6356
SPADES SEVEN HEARTS JACK,0.3392,0.022,0.6388
SPADES SEVEN HEARTS TEN,0.3342,0.028,0.6378
DIAMONDS TWO CLUBS TWO,0.27,0.0672,0.6628
DIAMONDS TWO CLUBS THREE,0.5874,0.1444,0.2682
DIAMONDS TWO HEARTS SIX,0.6248,0.146,0.2292
DIAMONDS TWO HEARTS QUEEN,0.243,0.0422,0.7148
HEARTS SEVEN DIAMONDS TWO,0.626,0.1438,0.2302
DIAMONDS TWO HEARTS KING,0.2402,0.0282,0.7316
DIAMONDS TWO HEARTS EIGHT,0.0108,0.9736,0.0156
DIAMONDS TWO HEARTS ACE,0.242,0.016,0.742
DIAMONDS TWO HEARTS NINE,0.222,0.1168,0.6612
DIAMONDS TWO DIAMONDS QUEEN,0.2332,0.0432,0.7236
DIAMONDS TWO DIAMONDS KING,0.2374,0.0288,0.7338
DIAMONDS TWO HEARTS THREE,0.5912,0.1478,0.261
DIAMONDS TWO DIAMONDS ACE,0.2276,0.0158,0.7566
HEARTS FOUR DIAMONDS TWO,0.5954,0.1396,0.265
HEARTS FIVE DIAMONDS TWO,0.5874,0.1464,0.2662
SPADES SEVEN HEARTS ACE,0.336,0.0046,0.6594
DIAMONDS TWO DIAMONDS TEN,0.2322,0.075,0.6928
SPADES SEVEN HEARTS KING,0.3562,0.0094,0.6344
DIAMONDS TWO DIAMONDS JACK,0.2324,0.0542,0.7134
SPADES SEVEN HEARTS QUEEN,0.3638,0.0124,0.6238
DIAMONDS TWO SPADES NINE,0.226,0.1098,0.6642
DIAMONDS TWO SPADES SEVEN,0.6264,0.1476,0.226
DIAMONDS TWO SPADES SIX,0.6036,0.154,0.2424
DIAMONDS TWO SPADES FIVE,0.5958,0.1492,0.255
DIAMONDS TWO SPADES FOUR,0.5972,0.15,0.2528
DIAMONDS TWO SPADES THREE,0.5954,0.1514,0.2532
DIAMONDS TWO SPADES TWO,0.2664,0.0688,0.6648
CLUBS NINE DIAMONDS TWO,0.2324,0.1058,0.6618
DIAMONDS TWO CLUBS EIGHT,0.0214,0.9596,0.019
CLUBS SEVEN DIAMONDS TWO,0.5968,0.1602,0.243
DIAMONDS TWO CLUBS SIX,0.6062,0.1424,0.2514
DIAMONDS TWO CLUBS FIVE,0.5848,0.1346,0.2806
DIAMONDS TWO CLUBS FOUR,0.5934,0.1456,0.261
CLUBS FOUR SPADES FIVE,0.4972,0.0662,0.4366
CLUBS FOUR SPADES FOUR,0.2646,0.1042,0.6312
CLUBS FOUR SPADES THREE,0.5174,0.0672,0.4154
CLUBS FOUR SPADES TWO,0.6074,0.1414,0.2512
SPADES NINE CLUBS FOUR,0.35,0.0464,0.6036
SPADES SEVEN CLUBS FOUR,0.5154,0.0652,0.4194
SPADES SIX CLUBS FOUR,0.5236,0.0698,0.4066
SPADES ACE DIAMONDS SIX,0.3418,0.0046,0.6536
SPADES QUEEN DIAMONDS SIX,0.3502,0.012,0.6378
SPADES KING DIAMONDS SIX,0.3436,0.0088,0.6476
SPADES TEN DIAMONDS SIX,0.3402,0.0266,0.6332
SPADES JACK DIAMONDS SIX,0.3612,0.0186,0.6202
SPADES QUEEN SPADES TWO,0.238,0.039,0.723
SPADES KING SPADES TWO,0.2336,0.0296,0.7368
SPADES ACE SPADES TWO,0.238,0.0184,0.7436
DIAMONDS JACK CLUBS JACK,0.1314,0.04,0.8286
CLUBS TEN DIAMONDS JACK,0.3112,0.0154,0.6734
DIAMONDS JACK CLUBS KING,0.3224,0.0068,0.6708
DIAMONDS JACK CLUBS QUEEN,0.3114,0.0084,0.6802
DIAMONDS THREE DIAMONDS JACK,0.336,0.0198,0.6442
DIAMONDS THREE DIAMONDS TEN,0.3366,0.0286,0.6348
DIAMONDS JACK CLUBS ACE,0.3168,0.0048,0.6784
DIAMONDS THREE DIAMONDS KING,0.3372,0.008,0.6548
DIAMONDS THREE HEARTS THREE,0.2554,0.1118,0.6328
DIAMONDS THREE DIAMONDS QUEEN,0.3402,0.0114,0.6484
HEARTS FIVE DIAMONDS THREE,0.515,0.0762,0.4088
DIAMONDS THREE DIAMONDS ACE,0.3294,0.0062,0.6644
HEARTS FOUR DIAMONDS THREE,0.5176,0.0682,0.4142
HEARTS SEVEN DIAMONDS THREE,0.526,0.0682,0.4058
SPADES TEN SPADES NINE,0.2858,0.0274,0.6868
HEARTS SIX DIAMONDS THREE,0.5212,0.0686,0.4102
SPADES JACK SPADES NINE,0.2852,0.0194,0.6954
DIAMONDS THREE HEARTS NINE,0.349,0.0468,0.6042
HEARTS JACK DIAMONDS FOUR,0.3454,0.0236,0.631
HEARTS ACE HEARTS KING,0.3128,0.0046,0.6826
SPADES TEN SPADES TWO,0.2264,0.081,0.6926
DIAMONDS THREE HEARTS EIGHT,0.2128,0.53,0.2572
HEARTS TEN DIAMONDS FOUR,0.3496,0.034,0.6164
SPADES JACK SPADES TWO,0.2338,0.0546,0.7116
HEARTS QUEEN DIAMONDS FOUR,0.3654,0.0138,0.6208
HEARTS KING DIAMONDS FOUR,0.348,0.0068,0.6452
SPADES ACE SPADES NINE,0.302,0.0066,0.6914
HEARTS ACE DIAMONDS FOUR,0.3436,0.0056,0.6508
SPADES KING SPADES NINE,0.2902,0.0086,0.7012
SPADES QUEEN SPADES NINE,0.2924,0.0132,0.6944
DIAMONDS THREE SPADES NINE,0.3378,0.045,0.6172
DIAMONDS THREE SPADES SEVEN,0.5432,0.067,0.3898
DIAMONDS THREE SPADES SIX,0.5292,0.0682,0.4026
DIAMONDS THREE CLUBS SIX,0.5286,0.0698,0.4016
CLUBS FIVE CLUBS SIX,0.4782,0.0606,0.4612
CLUBS ACE DIAMONDS FOUR,0.3524,0.0036,0.644
CLUBS SEVEN DIAMONDS THREE,0.5396,0.0674,0.393
CLUBS SEVEN CLUBS FIVE,0.4766,0.0676,0.4558
DIAMONDS THREE CLUBS FOUR,0.5274,0.0762,0.3964
DIAMONDS FOUR CLUBS QUEEN,0.365,0.0144,0.6206
DIAMONDS THREE CLUBS FIVE,0.5316,0.0666,0.4018
CLUBS KING DIAMONDS FOUR,0.3568,0.0088,0.6344
DIAMONDS THREE CLUBS TWO,0.6032,0.1426,0.2542
CLUBS TEN DIAMONDS FOUR,0.3536,0.0288,0.6176
DIAMONDS THREE CLUBS THREE,0.2626,0.1082,0.6292
DIAMONDS FOUR CLUBS JACK,0.3602,0.0144,0.6254
DIAMONDS THREE SPADES FOUR,0.5208,0.0696,0.4096
DIAMONDS THREE SPADES FIVE,0.524,0.0716,0.4044
DIAMONDS THREE SPADES TWO,0.5954,0.1482,0.2564
DIAMONDS THREE SPADES THREE,0.2652,0.1058,0.629
CLUBS EIGHT DIAMONDS THREE,0.2166,0.52,0.2634
CLUBS NINE DIAMONDS THREE,0.3594,0.0452,0.5954
SPADES SEVEN CLUBS ACE,0.3558,0.006,0.6382
SPADES SEVEN CLUBS QUEEN,0.3584,0.0122,0.6294
SPADES SEVEN CLUBS KING,0.3616,0.008,0.6304
CLUBS FIVE SPADES SEVEN,0.5144,0.0682,0.4174
CLUBS TEN SPADES SEVEN,0.3386,0.0306,0.6308
CLUBS FIVE SPADES SIX,0.4982,0.069,0.4328
SPADES SEVEN CLUBS JACK,0.3444,0.019,0.6366
CLUBS FIVE SPADES NINE,0.3262,0.0388,0.635
CLUBS FIVE SPADES THREE,0.5254,0.0746,0.4
CLUBS FIVE SPADES TWO,0.5984,0.1398,0.2618
CLUBS FIVE SPADES FIVE,0.255,0.0922,0.6528
CLUBS FIVE SPADES FOUR,0.503,0.0716,0.4254
CLUBS NINE CLUBS FIVE,0.3108,0.039,0.6502
CLUBS EIGHT CLUBS FIVE,0.211,0.4144,0.3746
CLUBS ACE CLUBS QUEEN,0.3136,0.0044,0.682
CLUBS KING CLUBS QUEEN,0.297,0.0082,0.6948
DIAMONDS TEN DIAMONDS FOUR,0.3312,0.0276,0.6412
CLUBS TEN DIAMONDS NINE,0.2922,0.0266,0.6812
DIAMONDS JACK DIAMONDS FOUR,0.327,0.021,0.652
DIAMONDS NINE CLUBS JACK,0.2998,0.0146,0.6856
SPADES NINE CLUBS JACK,0.3064,0.0176,0.676
CLUBS TEN SPADES NINE,0.3002,0.021,0.6788
DIAMONDS ACE DIAMONDS FOUR,0.322,0.0058,0.6722
HEARTS FOUR DIAMONDS FOUR,0.2564,0.0966,0.647
DIAMONDS JACK HEARTS TEN,0.303,0.012,0.685
SPADES NINE CLUBS KING,0.3274,0.0096,0.663
DIAMONDS TWO SPADES TEN,0.2412,0.0704,0.6884
DIAMONDS NINE CLUBS ACE,0.315,0.0044,0.6806
HEARTS FIVE DIAMONDS FOUR,0.503,0.0718,0.4252
DIAMONDS JACK HEARTS JACK,0.1298,0.0344,0.8358
SPADES NINE CLUBS QUEEN,0.317,0.0122,0.6708
DIAMONDS TWO SPADES JACK,0.2378,0.0642,0.698
DIAMONDS QUEEN DIAMONDS FOUR,0.3438,0.0136,0.6426
DIAMONDS NINE CLUBS QUEEN,0.3112,0.0122,0.6766
DIAMONDS KING DIAMONDS FOUR,0.3318,0.0096,0.6586
HEARTS THREE DIAMONDS FOUR,0.504,0.0738,0.4222
SPADES NINE CLUBS ACE,0.3258,0.0048,0.6694
DIAMONDS NINE CLUBS KING,0.3132,0.0068,0.68
HEARTS ACE DIAMONDS JACK,0.3214,0.0042,0.6744
SPADES ACE DIAMONDS TWO,0.2322,0.0182,0.7496
HEARTS QUEEN DIAMONDS JACK,0.3128,0.0098,0.6774
SPADES QUEEN DIAMONDS TWO,0.2312,0.0428,0.726
DIAMONDS JACK HEARTS KING,0.3272,0.0058,0.667
SPADES KING DIAMONDS TWO,0.235,0.0294,0.7356
SPADES JACK SPADES SEVEN,0.3448,0.0198,0.6354
SPADES TEN SPADES SEVEN,0.3102,0.0226,0.6672
CLUBS SEVEN CLUBS THREE,0.4998,0.0596,0.4406
CLUBS SIX CLUBS THREE,0.5046,0.0598,0.4356
CLUBS FIVE CLUBS THREE,0.4892,0.0652,0.4456
CLUBS THREE CLUBS FOUR,0.4862,0.065,0.4488
CLUBS NINE CLUBS THREE,0.3278,0.0432,0.629
CLUBS EIGHT CLUBS THREE,0.2116,0.4866,0.3018
CLUBS THREE SPADES FIVE,0.5196,0.0692,0.4112
CLUBS THREE SPADES FOUR,0.523,0.0736,0.4034
CLUBS THREE SPADES THREE,0.271,0.1082,0.6208
CLUBS THREE SPADES TWO,0.6102,0.1458,0.244
CLUBS THREE SPADES SIX,0.5336,0.074,0.3924
SPADES SEVEN CLUBS THREE,0.541,0.0698,0.3892
SPADES NINE CLUBS THREE,0.3526,0.0478,0.5996
SPADES TWO DIAMONDS FOUR,0.5912,0.152,0.2568
SPADES THREE DIAMONDS FOUR,0.5236,0.074,0.4024
SPADES FOUR DIAMONDS FOUR,0.252,0.1088,0.6392
SPADES FIVE DIAMONDS FOUR,0.5064,0.0722,0.4214
SPADES SIX DIAMONDS FOUR,0.5062,0.0708,0.423
SPADES SEVEN DIAMONDS FOUR,0.5222,0.0696,0.4082
SPADES NINE DIAMONDS FOUR,0.3568,0.0414,0.6018
CLUBS FIVE DIAMONDS FOUR,0.4886,0.0754,0.436
CLUBS FOUR DIAMONDS FOUR,0.2612,0.0974,0.6414
CLUBS SEVEN DIAMONDS FOUR,0.5234,0.0662,0.4104
CLUBS SIX DIAMONDS FOUR,0.5078,0.0708,0.4214
CLUBS NINE DIAMONDS FOUR,0.358,0.0388,0.6032
CLUBS EIGHT DIAMONDS FOUR,0.2266,0.4976,0.2758
HEARTS SEVEN DIAMONDS FOUR,0.5238,0.0698,0.4064
HEARTS SIX DIAMONDS FOUR,0.5278,0.0694,0.4028
DIAMONDS FOUR HEARTS NINE,0.3538,0.0432,0.603
DIAMONDS FOUR HEARTS EIGHT,0.2104,0.5164,0.2732
CLUBS THREE DIAMONDS FOUR,0.5176,0.0776,0.4048
CLUBS TWO DIAMONDS FOUR,0.5974,0.1404,0.2622
DIAMONDS TEN DIAMONDS FIVE,0.3258,0.0308,0.6434
DIAMONDS JACK DIAMONDS FIVE,0.3302,0.0216,0.6482
DIAMONDS NINE HEARTS QUEEN,0.3236,0.011,0.6654
DIAMONDS NINE HEARTS KING,0.3158,0.0056,0.6786
HEARTS ACE DIAMONDS NINE,0.316,0.0032,0.6808
DIAMONDS NINE HEARTS TEN,0.2996,0.023,0.6774
DIAMONDS NINE HEARTS JACK,0.3056,0.0176,0.6768
CLUBS KING DIAMONDS SIX,0.354,0.0094,0.6366
CLUBS QUEEN DIAMONDS SIX,0.365,0.0126,0.6224
CLUBS ACE DIAMONDS SIX,0.369,0.0046,0.6264
SPADES KING DIAMONDS FOUR,0.356,0.0106,0.6334
SPADES ACE SPADES SEVEN,0.3366,0.005,0.6584
SPADES QUEEN DIAMONDS FOUR,0.3536,0.012,0.6344
SPADES QUEEN SPADES SEVEN,0.3338,0.015,0.6512
CLUBS JACK DIAMONDS SIX,0.3524,0.0206,0.627
SPADES KING SPADES SEVEN,0.3272,0.0086,0.6642
SPADES ACE DIAMONDS FOUR,0.344,0.005,0.651
CLUBS TEN DIAMONDS SIX,0.3452,0.028,0.6268
CLUBS NINE CLUBS FOUR,0.3424,0.0362,0.6214
CLUBS EIGHT CLUBS FOUR,0.2,0.4782,0.3218
SPADES JACK DIAMONDS FOUR,0.3728,0.0236,0.6036
SPADES TEN DIAMONDS FOUR,0.3416,0.0292,0.6292
CLUBS FIVE CLUBS FOUR,0.4742,0.0652,0.4606
CLUBS SEVEN CLUBS FOUR,0.4896,0.0666,0.4438
CLUBS SIX CLUBS FOUR,0.4836,0.0702,0.4462
CLUBS SEVEN SPADES NINE,0.3234,0.0426,0.634
CLUBS SEVEN SPADES SIX,0.5016,0.0626,0.4358
CLUBS SEVEN SPADES SEVEN,0.2456,0.0848,0.6696
CLUBS SEVEN SPADES FIVE,0.5122,0.0648,0.423
CLUBS SEVEN SPADES FOUR,0.5364,0.0734,0.3902
CLUBS SEVEN SPADES THREE,0.5386,0.074,0.3874
CLUBS SEVEN SPADES TWO,0.6324,0.1416,0.226
CLUBS NINE CLUBS SEVEN,0.3146,0.0384,0.647
CLUBS SEVEN CLUBS EIGHT,0.2034,0.2806,0.516
HEARTS SIX DIAMONDS FIVE,0.5056,0.0638,0.4306
HEARTS SEVEN DIAMONDS FIVE,0.5068,0.0666,0.4266
DIAMONDS FIVE HEARTS EIGHT,0.2096,0.4534,0.337
DIAMONDS FIVE HEARTS NINE,0.3346,0.0404,0.625
DIAMONDS QUEEN DIAMONDS FIVE,0.337,0.0114,0.6516
HEARTS KING HEARTS EIGHT,0.2274,0.0382,0.7344
DIAMONDS KING DIAMONDS FIVE,0.3342,0.0102,0.6556
HEARTS THREE DIAMONDS FIVE,0.5242,0.0666,0.4092
HEARTS QUEEN HEARTS EIGHT,0.2168,0.052,0.7312
DIAMONDS ACE DIAMONDS FIVE,0.3222,0.0048,0.673
HEARTS FOUR DIAMONDS FIVE,0.5032,0.0708,0.426
HEARTS FIVE DIAMONDS FIVE,0.2508,0.0994,0.6498
HEARTS ACE HEARTS EIGHT,0.2214,0.026,0.7526
CLUBS FOUR DIAMONDS FIVE,0.503,0.0646,0.4324
CLUBS FIVE DIAMONDS FIVE,0.2634,0.0916,0.645
CLUBS SIX DIAMONDS FIVE,0.5022,0.0598,0.438
CLUBS SEVEN DIAMONDS FIVE,0.5198,0.06,0.4202
CLUBS TWO DIAMONDS FIVE,0.588,0.1422,0.2698
CLUBS THREE DIAMONDS FIVE,0.527,0.0646,0.4084
SPADES THREE DIAMONDS FIVE,0.531,0.0716,0.3974
SPADES TWO DIAMONDS FIVE,0.599,0.144,0.257
SPADES JACK DIAMONDS EIGHT,0.2248,0.0658,0.7094
SPADES FIVE DIAMONDS FIVE,0.2468,0.1034,0.6498
CLUBS TEN HEARTS JACK,0.3154,0.015,0.6696
SPADES TEN DIAMONDS EIGHT,0.217,0.0806,0.7024
SPADES FOUR DIAMONDS FIVE,0.5022,0.0752,0.4226
HEARTS JACK CLUBS JACK,0.128,0.036,0.836
HEARTS JACK CLUBS QUEEN,0.3062,0.0088,0.685
CLUBS NINE DIAMONDS FIVE,0.3388,0.0484,0.6128
CLUBS KING HEARTS JACK,0.3154,0.0074,0.6772
CLUBS EIGHT DIAMONDS FIVE,0.2092,0.443,0.3478
CLUBS ACE HEARTS JACK,0.3258,0.005,0.6692
SPADES SEVEN DIAMONDS FIVE,0.522,0.0664,0.4116
SPADES KING DIAMONDS EIGHT,0.2228,0.0288,0.7484
SPADES SIX DIAMONDS FIVE,0.5042,0.0682,0.4276
SPADES QUEEN DIAMONDS EIGHT,0.2194,0.0436,0.737
SPADES NINE DIAMONDS FIVE,0.337,0.0412,0.6218
SPADES ACE DIAMONDS EIGHT,0.2134,0.0286,0.758
DIAMONDS TEN DIAMONDS SIX,0.3276,0.0284,0.644
HEARTS ACE DIAMONDS SEVEN,0.341,0.0032,0.6558
DIAMONDS JACK DIAMONDS SIX,0.3364,0.0178,0.6458
HEARTS QUEEN DIAMONDS SEVEN,0.3396,0.015,0.6454
HEARTS KING DIAMONDS SEVEN,0.3566,0.0084,0.635
DIAMONDS ACE DIAMONDS SIX,0.334,0.005,0.661
HEARTS FOUR DIAMONDS SIX,0.5194,0.0698,0.4108
SPADES TWO HEARTS JACK,0.2302,0.052,0.7178
HEARTS FIVE DIAMONDS SIX,0.4978,0.0714,0.4308
SPADES TWO HEARTS TEN,0.2344,0.0838,0.6818
DIAMONDS QUEEN DIAMONDS SIX,0.3384,0.0122,0.6494
DIAMONDS KING DIAMONDS SIX,0.3276,0.0076,0.6648
HEARTS THREE DIAMONDS SIX,0.5396,0.0668,0.3936
HEARTS EIGHT DIAMONDS SIX,0.2188,0.3664,0.4148
HEARTS NINE DIAMONDS SIX,0.3264,0.0436,0.63
HEARTS SIX DIAMONDS SIX,0.2432,0.0936,0.6632
HEARTS SEVEN DIAMONDS SIX,0.4974,0.0728,0.4298
HEARTS TEN DIAMONDS SEVEN,0.3294,0.026,0.6446
CLUBS TWO DIAMONDS SIX,0.6146,0.138,0.2474
HEARTS JACK DIAMONDS SEVEN,0.3436,0.018,0.6384
CLUBS THREE DIAMONDS SIX,0.5198,0.0682,0.412
CLUBS SEVEN DIAMONDS SIX,0.496,0.0616,0.4424
DIAMONDS EIGHT CLUBS JACK,0.2254,0.0574,0.7172
CLUBS SIX DIAMONDS SIX,0.249,0.0902,0.6608
CLUBS TEN DIAMONDS EIGHT,0.2296,0.0788,0.6916
CLUBS FIVE DIAMONDS SIX,0.5,0.0602,0.4398
CLUBS FOUR DIAMONDS SIX,0.52,0.0706,0.4094
HEARTS ACE HEARTS JACK,0.3122,0.0062,0.6816
DIAMONDS EIGHT CLUBS ACE,0.217,0.0352,0.7478
HEARTS QUEEN HEARTS JACK,0.2944,0.0132,0.6924
DIAMONDS EIGHT CLUBS KING,0.2282,0.0408,0.731
CLUBS NINE DIAMONDS SIX,0.3396,0.044,0.6164
HEARTS KING HEARTS JACK,0.2996,0.0054,0.695
DIAMONDS EIGHT CLUBS QUEEN,0.2306,0.0506,0.7188
CLUBS EIGHT DIAMONDS SIX,0.2176,0.36,0.4224
SPADES TEN HEARTS KING,0.3012,0.0076,0.6912
SPADES FIVE DIAMONDS SIX,0.5098,0.0672,0.423
HEARTS ACE SPADES TWO,0.2352,0.0146,0.7502
SPADES JACK HEARTS KING,0.3188,0.0074,0.6738
SPADES FOUR DIAMONDS SIX,0.5132,0.068,0.4188
SPADES THREE DIAMONDS SIX,0.5318,0.0746,0.3936
HEARTS QUEEN SPADES TWO,0.24,0.0384,0.7216
SPADES ACE SPADES KING,0.3086,0.0054,0.686
SPADES TWO HEARTS KING,0.2424,0.0258,0.7318
SPADES TWO DIAMONDS SIX,0.6194,0.1392,0.2414
HEARTS TEN HEARTS EIGHT,0.2132,0.0752,0.7116
SPADES NINE DIAMONDS SIX,0.325,0.0442,0.6308
HEARTS JACK HEARTS EIGHT,0.2142,0.0584,0.7274
SPADES SEVEN DIAMONDS SIX,0.5056,0.0668,0.4276
SPADES SIX DIAMONDS SIX,0.251,0.0946,0.6544
SPADES KING HEARTS KING,0.1164,0.0154,0.8682
SPADES QUEEN HEARTS KING,0.3168,0.0062,0.677
CLUBS ACE CLUBS KING,0.2898,0.0054,0.7048
SPADES ACE HEARTS KING,0.3222,0.0072,0.6706
SPADES ACE HEARTS JACK,0.3116,0.0044,0.684
SPADES QUEEN HEARTS JACK,0.3204,0.011,0.6686
SPADES KING HEARTS JACK,0.3178,0.0074,0.6748
SPADES TEN DIAMONDS TEN,0.1282,0.05,0.8218
SPADES JACK DIAMONDS TEN,0.2936,0.0176,0.6888
SPADES ACE DIAMONDS TEN,0.3036,0.0046,0.6918
SPADES JACK HEARTS JACK,0.1208,0.0356,0.8436
SPADES TEN HEARTS JACK,0.288,0.0166,0.6954
SPADES QUEEN DIAMONDS TEN,0.3012,0.0106,0.6882
SPADES KING DIAMONDS TEN,0.3238,0.0074,0.6688
SPADES NINE DIAMONDS SEVEN,0.305,0.04,0.655
SPADES SEVEN DIAMONDS SEVEN,0.2538,0.085,0.6612
SPADES SIX DIAMONDS SEVEN,0.5036,0.0668,0.4296
DIAMONDS KING DIAMONDS SEVEN,0.3304,0.0074,0.6622
HEARTS THREE DIAMONDS SEVEN,0.526,0.067,0.407
HEARTS KING DIAMONDS FIVE,0.3532,0.0116,0.6352
DIAMONDS QUEEN DIAMONDS SEVEN,0.33,0.0132,0.6568
HEARTS QUEEN DIAMONDS FIVE,0.3538,0.0106,0.6356
HEARTS FIVE DIAMONDS SEVEN,0.496,0.0686,0.4354
DIAMONDS ACE DIAMONDS SEVEN,0.3274,0.0056,0.667
HEARTS FOUR DIAMONDS SEVEN,0.518,0.0692,0.4128
HEARTS ACE DIAMONDS FIVE,0.34,0.0038,0.6562
HEARTS SEVEN DIAMONDS SEVEN,0.2366,0.0844,0.679
HEARTS SIX DIAMONDS SEVEN,0.5008,0.065,0.4342
DIAMONDS SEVEN HEARTS NINE,0.309,0.0394,0.6516
HEARTS EIGHT DIAMONDS SEVEN,0.1958,0.3016,0.5026
DIAMONDS JACK DIAMONDS SEVEN,0.3226,0.0162,0.6612
DIAMONDS FIVE HEARTS JACK,0.349,0.0226,0.6284
DIAMONDS TEN DIAMONDS SEVEN,0.3208,0.0302,0.649
HEARTS TEN DIAMONDS FIVE,0.349,0.0294,0.6216
SPADES KING CLUBS TWO,0.2374,0.03,0.7326
HEARTS KING CLUBS KING,0.1274,0.0148,0.8578
CLUBS EIGHT DIAMONDS SEVEN,0.211,0.2894,0.4996
SPADES QUEEN CLUBS TWO,0.2448,0.039,0.7162
HEARTS KING CLUBS QUEEN,0.3134,0.0078,0.6788
CLUBS NINE DIAMONDS SEVEN,0.3132,0.0416,0.6452
SPADES TWO CLUBS JACK,0.228,0.0512,0.7208
SPADES ACE CLUBS TWO,0.2296,0.0156,0.7548
CLUBS TEN SPADES TWO,0.2424,0.074,0.6836
HEARTS KING CLUBS ACE,0.3206,0.0044,0.675
CLUBS SEVEN CLUBS SIX,0.4614,0.0592,0.4794
SPADES TWO CLUBS KING,0.2546,0.0262,0.7192
SPADES TWO DIAMONDS SEVEN,0.62,0.1434,0.2366
CLUBS EIGHT CLUBS SIX,0.2002,0.341,0.4588
SPADES THREE DIAMONDS SEVEN,0.531,0.0774,0.3916
SPADES TWO CLUBS QUEEN,0.2438,0.0404,0.7158
CLUBS NINE CLUBS SIX,0.3164,0.0388,0.6448
SPADES FOUR DIAMONDS SEVEN,0.52,0.0734,0.4066
HEARTS KING CLUBS JACK,0.329,0.0074,0.6636
SPADES FIVE DIAMONDS SEVEN,0.5006,0.0628,0.4366
SPADES TWO CLUBS ACE,0.2536,0.0174,0.729
CLUBS TEN HEARTS KING,0.3088,0.0074,0.6838
CLUBS SIX SPADES TWO,0.6308,0.14,0.2292
CLUBS SIX SPADES THREE,0.5332,0.0678,0.399
CLUBS TWO DIAMONDS SEVEN,0.6188,0.146,0.2352
CLUBS SIX SPADES FOUR,0.5294,0.0694,0.4012
CLUBS THREE DIAMONDS SEVEN,0.5314,0.067,0.4016
CLUBS SIX SPADES FIVE,0.504,0.0666,0.4294
CLUBS FOUR DIAMONDS SEVEN,0.538,0.063,0.399
CLUBS SIX SPADES SIX,0.2402,0.1004,0.6594
CLUBS FIVE DIAMONDS SEVEN,0.5074,0.069,0.4236
CLUBS SIX SPADES SEVEN,0.4996,0.0652,0.4352
CLUBS SIX DIAMONDS SEVEN,0.4888,0.065,0.4462
SPADES JACK CLUBS TWO,0.2316,0.0578,0.7106
CLUBS SEVEN DIAMONDS SEVEN,0.2398,0.0816,0.6786
SPADES NINE CLUBS SIX,0.341,0.044,0.615
SPADES TEN CLUBS TWO,0.2304,0.0698,0.6998
CLUBS TWO CLUBS QUEEN,0.235,0.0364,0.7286
CLUBS TWO CLUBS KING,0.2168,0.0282,0.755
CLUBS THREE DIAMONDS EIGHT,0.2264,0.5238,0.2498
CLUBS TWO CLUBS ACE,0.2346,0.0148,0.7506
CLUBS TWO DIAMONDS EIGHT,0.0176,0.9616,0.0208
HEARTS SEVEN DIAMONDS EIGHT,0.2134,0.2954,0.4912
HEARTS SIX DIAMONDS EIGHT,0.211,0.3686,0.4204
DIAMONDS EIGHT HEARTS NINE,0.215,0.1054,0.6796
CLUBS TEN CLUBS TWO,0.2268,0.0704,0.7028
DIAMONDS EIGHT HEARTS EIGHT,0.0624,0.0934,0.8442
CLUBS TWO CLUBS JACK,0.2302,0.0528,0.717
CLUBS NINE DIAMONDS EIGHT,0.2196,0.1036,0.6768
CLUBS EIGHT DIAMONDS EIGHT,0.069,0.0864,0.8446
CLUBS FIVE DIAMONDS EIGHT,0.2084,0.4466,0.345
SPADES ACE SPADES THREE,0.3378,0.0058,0.6564
CLUBS FOUR DIAMONDS EIGHT,0.211,0.5212,0.2678
CLUBS SEVEN DIAMONDS EIGHT,0.2218,0.3018,0.4764
SPADES QUEEN SPADES THREE,0.3422,0.0132,0.6446
CLUBS SIX DIAMONDS EIGHT,0.2106,0.3798,0.4096
SPADES KING SPADES THREE,0.3348,0.0124,0.6528
DIAMONDS QUEEN DIAMONDS EIGHT,0.207,0.0482,0.7448
DIAMONDS KING DIAMONDS EIGHT,0.2102,0.0388,0.751
HEARTS THREE DIAMONDS EIGHT,0.2058,0.5306,0.2636
DIAMONDS ACE DIAMONDS EIGHT,0.2014,0.0278,0.7708
HEARTS FOUR DIAMONDS EIGHT,0.2028,0.5164,0.2808
HEARTS FIVE DIAMONDS EIGHT,0.206,0.4456,0.3484
DIAMONDS EIGHT DIAMONDS TEN,0.2106,0.077,0.7124
DIAMONDS EIGHT DIAMONDS JACK,0.2168,0.0632,0.72
SPADES JACK SPADES THREE,0.338,0.0222,0.6398
SPADES TEN SPADES THREE,0.3356,0.027,0.6374
CLUBS FOUR HEARTS ACE,0.3366,0.0064,0.657
CLUBS FOUR HEARTS QUEEN,0.3592,0.013,0.6278
CLUBS FOUR HEARTS KING,0.3552,0.0092,0.6356
CLUBS SIX HEARTS TEN,0.3348,0.031,0.6342
CLUBS SIX HEARTS JACK,0.3612,0.0172,0.6216
SPADES FOUR DIAMONDS EIGHT,0.2198,0.5046,0.2756
SPADES FIVE DIAMONDS EIGHT,0.217,0.4462,0.3368
DIAMONDS EIGHT SPADES TWO,0.0184,0.974,0.0076
DIAMONDS EIGHT SPADES THREE,0.2212,0.5296,0.2492
CLUBS FOUR HEARTS JACK,0.366,0.0174,0.6166
SPADES TEN DIAMONDS QUEEN,0.3046,0.0144,0.681
SPADES JACK HEARTS EIGHT,0.2126,0.065,0.7224
CLUBS FOUR HEARTS TEN,0.3614,0.0308,0.6078
SPADES NINE DIAMONDS EIGHT,0.212,0.1072,0.6808
SPADES TEN HEARTS EIGHT,0.209,0.0886,0.7024
SPADES JACK DIAMONDS QUEEN,0.3134,0.0108,0.6758
SPADES SIX DIAMONDS EIGHT,0.2082,0.3626,0.4292
SPADES SEVEN DIAMONDS EIGHT,0.21,0.309,0.481
SPADES ACE DIAMONDS QUEEN,0.3268,0.0032,0.67
SPADES ACE HEARTS EIGHT,0.2304,0.0292,0.7404
SPADES KING HEARTS EIGHT,0.225,0.0344,0.7406
SPADES QUEEN DIAMONDS QUEEN,0.1294,0.0318,0.8388
SPADES KING DIAMONDS QUEEN,0.314,0.007,0.679
SPADES QUEEN HEARTS EIGHT,0.2074,0.0488,0.7438
CLUBS TWO HEARTS TEN,0.2334,0.0728,0.6938
CLUBS TWO HEARTS JACK,0.2364,0.054,0.7096
SPADES SEVEN DIAMONDS NINE,0.3242,0.0454,0.6304
SPADES SIX DIAMONDS NINE,0.3466,0.0478,0.6056
SPADES NINE DIAMONDS NINE,0.1302,0.0594,0.8104
SPADES TEN CLUBS KING,0.307,0.0066,0.6864
DIAMONDS NINE SPADES THREE,0.3588,0.0474,0.5938
SPADES JACK CLUBS KING,0.3078,0.0074,0.6848
DIAMONDS NINE SPADES TWO,0.2342,0.1076,0.6582
SPADES FIVE DIAMONDS NINE,0.343,0.039,0.618
DIAMONDS NINE SPADES FOUR,0.3508,0.0414,0.6078
CLUBS NINE DIAMONDS NINE,0.1388,0.0556,0.8056
CLUBS EIGHT DIAMONDS NINE,0.219,0.107,0.674
CLUBS SIX DIAMONDS NINE,0.3268,0.0392,0.634
SPADES JACK CLUBS FOUR,0.3438,0.0214,0.6348
CLUBS SEVEN DIAMONDS NINE,0.3244,0.0422,0.6334
SPADES TEN CLUBS FOUR,0.3394,0.032,0.6286
CLUBS FOUR DIAMONDS NINE,0.3604,0.0492,0.5904
CLUBS FIVE DIAMONDS NINE,0.346,0.0368,0.6172
DIAMONDS NINE CLUBS TWO,0.244,0.1064,0.6496
CLUBS THREE DIAMONDS NINE,0.3576,0.0412,0.6012
DIAMONDS NINE HEARTS EIGHT,0.2162,0.0992,0.6846
DIAMONDS NINE HEARTS NINE,0.123,0.0604,0.8166
HEARTS SIX DIAMONDS NINE,0.3424,0.0402,0.6174
HEARTS SEVEN DIAMONDS NINE,0.321,0.0402,0.6388
CLUBS NINE CLUBS EIGHT,0.2104,0.1054,0.6842
DIAMONDS ACE DIAMONDS NINE,0.2942,0.0036,0.7022
HEARTS FOUR DIAMONDS NINE,0.3486,0.0422,0.6092
HEARTS FIVE DIAMONDS NINE,0.3286,0.045,0.6264
HEARTS ACE CLUBS TWO,0.2286,0.0154,0.756
SPADES ACE CLUBS FOUR,0.3562,0.006,0.6378
DIAMONDS QUEEN DIAMONDS NINE,0.3,0.0128,0.6872
CLUBS TWO HEARTS KING,0.2284,0.0342,0.7374
SPADES KING CLUBS FOUR,0.34,0.0096,0.6504
DIAMONDS KING DIAMONDS NINE,0.303,0.0078,0.6892
HEARTS THREE DIAMONDS NINE,0.3406,0.0476,0.6118
CLUBS TWO HEARTS QUEEN,0.2532,0.0394,0.7074
SPADES QUEEN CLUBS FOUR,0.3554,0.0154,0.6292
DIAMONDS NINE DIAMONDS JACK,0.2854,0.0134,0.7012
CLUBS EIGHT SPADES NINE,0.2144,0.1084,0.6772
DIAMONDS NINE DIAMONDS TEN,0.2734,0.0228,0.7038
CLUBS EIGHT SPADES SEVEN,0.2134,0.2958,0.4908
CLUBS EIGHT SPADES SIX,0.21,0.3806,0.4094
CLUBS EIGHT SPADES FIVE,0.223,0.4364,0.3406
CLUBS EIGHT SPADES FOUR,0.2198,0.514,0.2662
CLUBS EIGHT SPADES THREE,0.2192,0.5292,0.2516
CLUBS EIGHT SPADES TWO,0.018,0.9708,0.0112
HEARTS SIX DIAMONDS TEN,0.335,0.0288,0.6362
HEARTS SEVEN DIAMONDS TEN,0.3332,0.0238,0.643
DIAMONDS TEN HEARTS EIGHT,0.2136,0.0832,0.7032
CLUBS FOUR CLUBS JACK,0.3336,0.0194,0.647
DIAMONDS TEN HEARTS NINE,0.2962,0.0248,0.679
CLUBS TEN CLUBS FOUR,0.3268,0.0278,0.6454
CLUBS FOUR CLUBS KING,0.3326,0.0078,0.6596
CLUBS FOUR CLUBS QUEEN,0.3266,0.011,0.6624
CLUBS TWO DIAMONDS TEN,0.236,0.0714,0.6926
CLUBS THREE DIAMONDS TEN,0.3578,0.0304,0.6118
CLUBS FOUR CLUBS ACE,0.332,0.0062,0.6618
DIAMONDS JACK DIAMONDS TEN,0.2878,0.0144,0.6978
DIAMONDS QUEEN DIAMONDS TEN,0.2998,0.0114,0.6888
DIAMONDS KING DIAMONDS TEN,0.2994,0.0072,0.6934
HEARTS THREE DIAMONDS TEN,0.351,0.0296,0.6194
DIAMONDS ACE DIAMONDS TEN,0.3094,0.0036,0.687
HEARTS FOUR DIAMONDS TEN,0.34,0.0314,0.6286
CLUBS EIGHT HEARTS JACK,0.2108,0.0632,0.726
HEARTS FIVE DIAMONDS TEN,0.3662,0.0316,0.6022
CLUBS EIGHT HEARTS TEN,0.225,0.0768,0.6982
CLUBS EIGHT HEARTS QUEEN,0.2302,0.0482,0.7216
CLUBS EIGHT HEARTS KING,0.2222,0.0384,0.7394
CLUBS EIGHT HEARTS ACE,0.2146,0.0314,0.754
CLUBS NINE SPADES THREE,0.3672,0.0448,0.588
CLUBS NINE SPADES TWO,0.2508,0.1124,0.6368
CLUBS NINE SPADES FIVE,0.3448,0.0444,0.6108
CLUBS NINE SPADES FOUR,0.3592,0.0494,0.5914
CLUBS NINE SPADES SEVEN,0.3302,0.0384,0.6314
CLUBS NINE SPADES SIX,0.3286,0.0424,0.629
CLUBS NINE SPADES NINE,0.134,0.0614,0.8046
CLUBS TEN HEARTS EIGHT,0.2154,0.076,0.7086
HEARTS EIGHT CLUBS JACK,0.2168,0.0664,0.7168
CLUBS QUEEN HEARTS EIGHT,0.2166,0.0514,0.732
CLUBS KING HEARTS EIGHT,0.2208,0.0412,0.738
CLUBS ACE HEARTS EIGHT,0.2172,0.0328,0.75
SPADES KING CLUBS KING,0.1232,0.0172,0.8596
SPADES QUEEN CLUBS KING,0.3124,0.007,0.6806
SPADES ACE CLUBS KING,0.3318,0.0048,0.6634
DIAMONDS ACE HEARTS TEN,0.3072,0.004,0.6888
HEARTS FOUR HEARTS TEN,0.3412,0.025,0.6338
DIAMONDS ACE HEARTS JACK,0.3068,0.005,0.6882
HEARTS FOUR HEARTS JACK,0.3358,0.0186,0.6456
SPADES KING CLUBS FIVE,0.3508,0.009,0.6402
SPADES QUEEN CLUBS FIVE,0.348,0.0124,0.6396
SPADES ACE CLUBS FIVE,0.3472,0.0064,0.6464
HEARTS SEVEN DIAMONDS JACK,0.3506,0.0194,0.63
HEARTS SIX DIAMONDS JACK,0.3582,0.0208,0.621
DIAMONDS JACK HEARTS NINE,0.304,0.019,0.677
DIAMONDS JACK HEARTS EIGHT,0.2232,0.0624,0.7144
DIAMONDS KING DIAMONDS JACK,0.3004,0.0082,0.6914
HEARTS THREE DIAMONDS JACK,0.3622,0.0186,0.6192
SPADES ACE SPADES SIX,0.3324,0.0054,0.6622
HEARTS ACE SPADES FOUR,0.3556,0.0042,0.6402
DIAMONDS QUEEN DIAMONDS JACK,0.3012,0.0096,0.6892
HEARTS FIVE DIAMONDS JACK,0.3524,0.0188,0.6288
SPADES QUEEN SPADES SIX,0.3324,0.0128,0.6548
SPADES FOUR HEARTS QUEEN,0.3558,0.0126,0.6316
DIAMONDS ACE DIAMONDS JACK,0.3104,0.0034,0.6862
HEARTS FOUR DIAMONDS JACK,0.355,0.0216,0.6234
SPADES KING SPADES SIX,0.341,0.009,0.65
SPADES FOUR HEARTS KING,0.3528,0.0074,0.6398
SPADES TEN SPADES SIX,0.3188,0.0266,0.6546
SPADES JACK SPADES SIX,0.338,0.018,0.644
SPADES FOUR DIAMONDS JACK,0.3652,0.0216,0.6132
SPADES FIVE DIAMONDS JACK,0.3588,0.0178,0.6234
DIAMONDS JACK SPADES TWO,0.2362,0.0544,0.7094
SPADES THREE DIAMONDS JACK,0.3634,0.0208,0.6158
SPADES ACE DIAMONDS THREE,0.348,0.0062,0.6458
SPADES QUEEN DIAMONDS THREE,0.3582,0.017,0.6248
CLUBS EIGHT DIAMONDS JACK,0.2296,0.0664,0.704
SPADES KING DIAMONDS THREE,0.354,0.0098,0.6362
CLUBS NINE DIAMONDS JACK,0.318,0.0156,0.6664
CLUBS SIX DIAMONDS JACK,0.3542,0.0186,0.6272
CLUBS SEVEN DIAMONDS JACK,0.3508,0.0182,0.631
CLUBS FOUR DIAMONDS JACK,0.3588,0.0234,0.6178
CLUBS FIVE DIAMONDS JACK,0.359,0.019,0.622
CLUBS TWO DIAMONDS JACK,0.2414,0.0554,0.7032
CLUBS THREE DIAMONDS JACK,0.3614,0.0206,0.618
SPADES TEN CLUBS FIVE,0.3512,0.0334,0.6154
SPADES JACK HEARTS SIX,0.3496,0.0184,0.632
HEARTS SIX SPADES TEN,0.3378,0.0334,0.6288
SPADES JACK CLUBS FIVE,0.3632,0.0166,0.6202
SPADES JACK DIAMONDS THREE,0.3722,0.0224,0.6054
CLUBS SEVEN CLUBS ACE,0.317,0.0024,0.6806
DIAMONDS THREE SPADES TEN,0.3516,0.0306,0.6178
CLUBS SEVEN CLUBS QUEEN,0.3212,0.0108,0.668
CLUBS SEVEN CLUBS KING,0.331,0.0078,0.6612
SPADES NINE DIAMONDS JACK,0.3108,0.019,0.6702
CLUBS TEN CLUBS SEVEN,0.3138,0.0272,0.659
DIAMONDS ACE HEARTS ACE,0.1234,0.0046,0.872
HEARTS FOUR HEARTS ACE,0.3214,0.0056,0.673
SPADES ACE HEARTS SIX,0.3464,0.0064,0.6472
CLUBS SEVEN CLUBS JACK,0.3188,0.0214,0.6598
DIAMONDS ACE HEARTS KING,0.3322,0.0038,0.664
HEARTS FOUR HEARTS KING,0.3452,0.0074,0.6474
SPADES SEVEN DIAMONDS JACK,0.3534,0.0176,0.629
SPADES KING HEARTS SIX,0.3572,0.0076,0.6352
DIAMONDS ACE HEARTS QUEEN,0.3158,0.004,0.6802
HEARTS FOUR HEARTS QUEEN,0.3384,0.0104,0.6512
SPADES SIX DIAMONDS JACK,0.3602,0.0154,0.6244
SPADES QUEEN HEARTS SIX,0.3486,0.0136,0.6378
SPADES TWO DIAMONDS TEN,0.244,0.0742,0.6818
SPADES THREE DIAMONDS TEN,0.3572,0.0256,0.6172
SPADES FOUR DIAMONDS TEN,0.3506,0.0272,0.6222
SPADES FIVE DIAMONDS TEN,0.363,0.0332,0.6038
SPADES SIX DIAMONDS TEN,0.3516,0.0262,0.6222
SPADES SEVEN DIAMONDS TEN,0.3356,0.0302,0.6342
SPADES NINE DIAMONDS TEN,0.2994,0.0212,0.6794
CLUBS FOUR DIAMONDS TEN,0.3526,0.027,0.6204
CLUBS FIVE DIAMONDS TEN,0.3568,0.0276,0.6156
CLUBS SIX DIAMONDS TEN,0.3418,0.0228,0.6354
CLUBS SEVEN DIAMONDS TEN,0.3338,0.029,0.6372
CLUBS EIGHT DIAMONDS TEN,0.2372,0.0824,0.6804
CLUBS NINE DIAMONDS TEN,0.2924,0.0182,0.6894
DIAMONDS THREE CLUBS JACK,0.3624,0.0196,0.618
CLUBS TEN DIAMONDS THREE,0.3486,0.0274,0.624
DIAMONDS THREE CLUBS KING,0.3638,0.0114,0.6248
DIAMONDS THREE CLUBS QUEEN,0.3588,0.0134,0.6278
DIAMONDS THREE CLUBS ACE,0.3584,0.0052,0.6364
SPADES FOUR HEARTS JACK,0.3614,0.0162,0.6224
SPADES FOUR HEARTS TEN,0.3508,0.0304,0.6188
SPADES FIVE SPADES TWO,0.5646,0.1488,0.2866
SPADES FOUR SPADES TWO,0.5736,0.1358,0.2906
SPADES THREE SPADES TWO,0.5754,0.1414,0.2832
SPADES NINE SPADES TWO,0.2216,0.1004,0.678
SPADES SEVEN SPADES TWO,0.608,0.1404,0.2516
SPADES SIX SPADES TWO,0.5968,0.1334,0.2698
DIAMONDS QUEEN CLUBS THREE,0.3834,0.012,0.6046
DIAMONDS QUEEN CLUBS TWO,0.2474,0.0378,0.7148
HEARTS SEVEN DIAMONDS QUEEN,0.3502,0.0124,0.6374
HEARTS SIX DIAMONDS QUEEN,0.3634,0.0122,0.6244
DIAMONDS QUEEN HEARTS NINE,0.3152,0.0084,0.6764
DIAMONDS QUEEN HEARTS EIGHT,0.2232,0.0444,0.7324
CLUBS NINE DIAMONDS QUEEN,0.3184,0.0108,0.6708
CLUBS EIGHT DIAMONDS QUEEN,0.2256,0.0512,0.7232
CLUBS FIVE DIAMONDS QUEEN,0.3608,0.0116,0.6276
DIAMONDS QUEEN CLUBS FOUR,0.3528,0.0128,0.6344
CLUBS SEVEN DIAMONDS QUEEN,0.3584,0.0122,0.6294
CLUBS SIX DIAMONDS QUEEN,0.3582,0.0104,0.6314
DIAMONDS QUEEN SPADES SIX,0.3636,0.013,0.6234
HEARTS FOUR CLUBS QUEEN,0.3524,0.0126,0.635
DIAMONDS ACE CLUBS QUEEN,0.3244,0.0034,0.6722
DIAMONDS QUEEN SPADES SEVEN,0.3664,0.0114,0.6222
HEARTS FOUR CLUBS KING,0.3516,0.0098,0.6386
DIAMONDS ACE CLUBS KING,0.3276,0.0044,0.668
HEARTS FOUR CLUBS ACE,0.352,0.0056,0.6424
DIAMONDS ACE CLUBS ACE,0.128,0.0022,0.8698
SPADES NINE DIAMONDS QUEEN,0.3194,0.0128,0.6678
DIAMONDS QUEEN SPADES TWO,0.2576,0.0366,0.7058
DIAMONDS QUEEN SPADES THREE,0.3624,0.015,0.6226
DIAMONDS QUEEN SPADES FOUR,0.3656,0.013,0.6214
CLUBS TEN HEARTS FOUR,0.3424,0.0298,0.6278
CLUBS TEN DIAMONDS ACE,0.3176,0.0056,0.6768
DIAMONDS QUEEN SPADES FIVE,0.3582,0.0132,0.6286
HEARTS FOUR CLUBS JACK,0.3574,0.0196,0.623
DIAMONDS ACE CLUBS JACK,0.335,0.0036,0.6614
CLUBS FIVE CLUBS KING,0.3346,0.0072,0.6582
CLUBS FIVE CLUBS QUEEN,0.3346,0.011,0.6544
CLUBS FIVE CLUBS ACE,0.3222,0.0062,0.6716
CLUBS FIVE CLUBS JACK,0.3276,0.0216,0.6508
CLUBS TEN CLUBS FIVE,0.3346,0.0254,0.64
SPADES KING CLUBS JACK,0.3224,0.007,0.6706
SPADES QUEEN CLUBS JACK,0.3168,0.01,0.6732
SPADES ACE CLUBS JACK,0.3264,0.006,0.6676
SPADES SIX CLUBS KING,0.3574,0.0086,0.634
SPADES SIX CLUBS QUEEN,0.3434,0.0122,0.6444
SPADES SIX CLUBS ACE,0.3658,0.004,0.6302
SPADES SIX CLUBS JACK,0.3566,0.0202,0.6232
CLUBS TEN SPADES SIX,0.3492,0.027,0.6238
SPADES TEN CLUBS JACK,0.2986,0.0148,0.6866
SPADES JACK CLUBS JACK,0.1336,0.039,0.8274
SPADES QUEEN CLUBS SEVEN,0.349,0.0156,0.6354
SPADES KING CLUBS SEVEN,0.34,0.0074,0.6526
SPADES ACE CLUBS SEVEN,0.3434,0.0036,0.653
SPADES SIX HEARTS TEN,0.3358,0.0218,0.6424
SPADES SIX HEARTS JACK,0.3638,0.0206,0.6156
SPADES SIX HEARTS ACE,0.354,0.0044,0.6416
SPADES SIX HEARTS KING,0.3522,0.0092,0.6386
SPADES SIX HEARTS QUEEN,0.3516,0.0156,0.6328
CLUBS SEVEN SPADES JACK,0.354,0.0166,0.6294
CLUBS SEVEN SPADES TEN,0.3334,0.0286,0.638
CLUBS TEN HEARTS SIX,0.337,0.0262,0.6368
HEARTS SIX CLUBS JACK,0.3496,0.0148,0.6356
CLUBS ACE CLUBS JACK,0.2966,0.0044,0.699
HEARTS SIX CLUBS QUEEN,0.347,0.0122,0.6408
HEARTS SIX CLUBS KING,0.3576,0.0078,0.6346
HEARTS SIX CLUBS ACE,0.3578,0.005,0.6372
CLUBS QUEEN CLUBS JACK,0.2998,0.0078,0.6924
CLUBS KING CLUBS JACK,0.309,0.005,0.686
DIAMONDS THREE HEARTS ACE,0.3478,0.0044,0.6478
DIAMONDS THREE HEARTS QUEEN,0.3662,0.012,0.6218
DIAMONDS THREE HEARTS KING,0.3612,0.0084,0.6304
CLUBS FIVE HEARTS JACK,0.3412,0.024,0.6348
SPADES TEN DIAMONDS ACE,0.3122,0.0062,0.6816
HEARTS FOUR SPADES TEN,0.3584,0.0268,0.6148
CLUBS FIVE HEARTS TEN,0.3604,0.0276,0.612
HEARTS FOUR SPADES JACK,0.344,0.0176,0.6384
SPADES JACK DIAMONDS ACE,0.314,0.0052,0.6808
SPADES ACE HEARTS FOUR,0.3196,0.0076,0.6728
SPADES ACE DIAMONDS ACE,0.118,0.0046,0.8774
CLUBS FIVE HEARTS ACE,0.3332,0.0056,0.6612
CLUBS FIVE HEARTS KING,0.3524,0.0078,0.6398
HEARTS FOUR SPADES QUEEN,0.3532,0.0152,0.6316
SPADES QUEEN DIAMONDS ACE,0.3228,0.0056,0.6716
SPADES FOUR CLUBS JACK,0.361,0.0198,0.6192
CLUBS FIVE HEARTS QUEEN,0.3362,0.014,0.6498
SPADES KING DIAMONDS ACE,0.3242,0.0042,0.6716
SPADES KING HEARTS FOUR,0.342,0.009,0.649
CLUBS TEN SPADES FOUR,0.3568,0.0324,0.6108
DIAMONDS QUEEN DIAMONDS ACE,0.3112,0.0056,0.6832
HEARTS FOUR DIAMONDS QUEEN,0.3564,0.0102,0.6334
DIAMONDS THREE HEARTS TEN,0.3572,0.0286,0.6142
SPADES FOUR CLUBS KING,0.3558,0.0102,0.634
HEARTS FIVE DIAMONDS QUEEN,0.3582,0.0092,0.6326
DIAMONDS THREE HEARTS JACK,0.3714,0.0214,0.6072
SPADES FOUR CLUBS QUEEN,0.3718,0.0136,0.6146
DIAMONDS KING DIAMONDS QUEEN,0.3054,0.0044,0.6902
DIAMONDS QUEEN HEARTS THREE,0.3664,0.0156,0.618
SPADES FOUR CLUBS ACE,0.3508,0.004,0.6452
DIAMONDS QUEEN CLUBS ACE,0.3252,0.0028,0.672
DIAMONDS QUEEN CLUBS QUEEN,0.13,0.0222,0.8478
DIAMONDS QUEEN CLUBS KING,0.3142,0.0076,0.6782
CLUBS TEN DIAMONDS QUEEN,0.3166,0.011,0.6724
SPADES NINE SPADES FIVE,0.334,0.0416,0.6244
DIAMONDS QUEEN CLUBS JACK,0.3082,0.01,0.6818
SPADES SIX SPADES FIVE,0.4708,0.0596,0.4696
SPADES SEVEN SPADES FIVE,0.4888,0.0626,0.4486
DIAMONDS FIVE CLUBS QUEEN,0.3514,0.0118,0.6368
DIAMONDS FIVE CLUBS KING,0.3536,0.0058,0.6406
CLUBS ACE DIAMONDS FIVE,0.3516,0.003,0.6454
CLUBS TEN DIAMONDS FIVE,0.3568,0.0264,0.6168
DIAMONDS FIVE CLUBS JACK,0.3594,0.0166,0.624
DIAMONDS TEN HEARTS JACK,0.3056,0.013,0.6814
DIAMONDS TEN HEARTS TEN,0.1254,0.0562,0.8184
SPADES ACE CLUBS NINE,0.3246,0.0046,0.6708
CLUBS NINE SPADES QUEEN,0.3092,0.0132,0.6776
CLUBS NINE SPADES KING,0.3068,0.0078,0.6854
HEARTS SIX HEARTS KING,0.3328,0.0086,0.6586
DIAMONDS KING SPADES SEVEN,0.3558,0.0074,0.6368
SPADES SEVEN HEARTS THREE,0.544,0.0664,0.3896
SPADES KING DIAMONDS SEVEN,0.3352,0.009,0.6558
HEARTS SIX HEARTS QUEEN,0.3348,0.0116,0.6536
DIAMONDS KING SPADES SIX,0.3568,0.01,0.6332
HEARTS THREE SPADES SIX,0.528,0.0694,0.4026
SPADES QUEEN DIAMONDS SEVEN,0.3494,0.014,0.6366
DIAMONDS KING SPADES NINE,0.3194,0.0064,0.6742
SPADES NINE HEARTS THREE,0.3412,0.0494,0.6094
HEARTS SIX HEARTS ACE,0.343,0.003,0.654
SPADES ACE DIAMONDS SEVEN,0.3462,0.0054,0.6484
CLUBS NINE HEARTS THREE,0.3552,0.0488,0.596
CLUBS NINE DIAMONDS KING,0.3266,0.0072,0.6662
CLUBS EIGHT HEARTS THREE,0.2174,0.5308,0.2518
CLUBS EIGHT DIAMONDS KING,0.229,0.0406,0.7304
HEARTS THREE SPADES THREE,0.263,0.1146,0.6224
DIAMONDS KING SPADES THREE,0.367,0.0096,0.6234
HEARTS THREE SPADES TWO,0.6034,0.1508,0.2458
DIAMONDS KING SPADES TWO,0.2476,0.0276,0.7248
