opposingHand,winningChance,drawChance,lostChance
HEARTS EIGHT DIAMONDS ACE
HEARTS THREE SPADES THREE,0.475,0.004,0.521
DIAMONDS TEN HEARTS ACE,0.2182,0.118,0.6638
CLUBS FOUR DIAMONDS SIX,0.652,0.0044,0.3436
SPADES JACK HEARTS THREE,0.644,0.0026,0.3534
SPADES SIX DIAMONDS NINE,0.6304,0.0042,0.3654
SPADES KING DIAMONDS FIVE,0.6312,0.0046,0.3642
DIAMONDS FIVE DIAMONDS FOUR,0.5996,0.004,0.3964
SPADES ACE SPADES FOUR,0.4872,0.225,0.2878
SPADES ACE HEARTS ACE,0.0608,0.0154,0.9238
DIAMONDS TWO DIAMONDS SIX,0.6302,0.003,0.3668
CLUBS TEN DIAMONDS KING,0.5794,0.0038,0.4168
SPADES TEN DIAMONDS FIVE,0.6464,0.004,0.3496
SPADES SEVEN CLUBS FOUR,0.6462,0.0042,0.3496
SPADES FIVE DIAMONDS TEN,0.6372,0.0048,0.358
SPADES KING SPADES FIVE,0.604,0.0034,0.3926
CLUBS JACK CLUBS TWO,0.6078,0.0042,0.388
CLUBS EIGHT DIAMONDS TEN,0.7004,0.0248,0.2748
CLUBS JACK DIAMONDS KING,0.5828,0.0036,0.4136
SPADES JACK SPADES TEN,0.5274,0.0044,0.4682
CLUBS NINE SPADES SIX,0.6208,0.0018,0.3774
SPADES SEVEN SPADES FIVE,0.5898,0.0038,0.4064
CLUBS TWO DIAMONDS FIVE,0.6558,0.006,0.3382
HEARTS THREE DIAMONDS QUEEN,0.6424,0.0054,0.3522
SPADES QUEEN HEARTS FOUR,0.6338,0.0022,0.364
DIAMONDS THREE HEARTS TEN,0.6308,0.005,0.3642
CLUBS EIGHT SPADES TEN,0.702,0.0212,0.2768
HEARTS KING HEARTS NINE,0.556,0.0038,0.4402
SPADES ACE DIAMONDS FOUR,0.5272,0.228,0.2448
DIAMONDS QUEEN SPADES FIVE,0.6362,0.0042,0.3596
SPADES FIVE SPADES THREE,0.5908,0.005,0.4042
SPADES QUEEN CLUBS KING,0.5612,0.0034,0.4354
HEARTS FIVE CLUBS SEVEN,0.64,0.0044,0.3556
HEARTS SIX CLUBS SEVEN,0.633,0.0042,0.3628
CLUBS SIX CLUBS THREE,0.6176,0.0036,0.3788
CLUBS TWO HEARTS JACK,0.6224,0.005,0.3726
SPADES TEN HEARTS THREE,0.636,0.0066,0.3574
SPADES EIGHT SPADES FOUR,0.6946,0.0254,0.28
HEARTS KING DIAMONDS EIGHT,0.7432,0.0288,0.228
DIAMONDS KING DIAMONDS QUEEN,0.5404,0.005,0.4546
CLUBS TEN DIAMONDS TEN,0.323,0.0028,0.6742
SPADES JACK DIAMONDS JACK,0.314,0.0036,0.6824
CLUBS JACK SPADES FIVE,0.6414,0.0018,0.3568
DIAMONDS THREE HEARTS FIVE,0.6508,0.0054,0.3438
SPADES JACK HEARTS TEN,0.555,0.0042,0.4408
HEARTS TWO SPADES TWO,0.486,0.005,0.509
CLUBS TEN DIAMONDS TWO,0.639,0.0042,0.3568
SPADES JACK CLUBS ACE,0.2384,0.0902,0.6714
SPADES JACK DIAMONDS SEVEN,0.6274,0.0046,0.368
HEARTS FIVE DIAMONDS NINE,0.6354,0.0044,0.3602
SPADES SEVEN HEARTS TEN,0.606,0.0036,0.3904
CLUBS FIVE DIAMONDS JACK,0.638,0.004,0.358
SPADES NINE DIAMONDS EIGHT,0.6958,0.0176,0.2866
SPADES KING DIAMONDS JACK,0.5776,0.0044,0.418
CLUBS NINE HEARTS TWO,0.6448,0.0044,0.3508
DIAMONDS TWO DIAMONDS FIVE,0.625,0.0052,0.3698
CLUBS SEVEN DIAMONDS TEN,0.6214,0.0052,0.3734
DIAMONDS KING HEARTS TEN,0.5898,0.0046,0.4056
CLUBS JACK SPADES QUEEN,0.57,0.0036,0.4264
CLUBS FIVE CLUBS TWO,0.6094,0.006,0.3846
CLUBS TEN HEARTS FIVE,0.6532,0.0044,0.3424
SPADES KING DIAMONDS KING,0.2898,0.003,0.7072
CLUBS FOUR HEARTS NINE,0.6368,0.0044,0.3588
HEARTS ACE SPADES THREE,0.5346,0.2288,0.2366
DIAMONDS TWO HEARTS FOUR,0.6568,0.0058,0.3374
SPADES SEVEN CLUBS THREE,0.6722,0.0034,0.3244
CLUBS FOUR HEARTS QUEEN,0.6262,0.0034,0.3704
SPADES TEN HEARTS TEN,0.327,0.0042,0.6688
HEARTS SIX SPADES TEN,0.6408,0.0054,0.3538
HEARTS FIVE CLUBS THREE,0.6326,0.004,0.3634
CLUBS NINE SPADES FIVE,0.6354,0.004,0.3606
CLUBS FOUR DIAMONDS SEVEN,0.6474,0.0052,0.3474
SPADES JACK CLUBS KING,0.5766,0.0026,0.4208
HEARTS FIVE DIAMONDS QUEEN,0.6462,0.0068,0.347
SPADES FOUR HEARTS JACK,0.631,0.0034,0.3656
HEARTS SEVEN HEARTS SIX,0.5948,0.0042,0.401
SPADES ACE CLUBS NINE,0.2236,0.1774,0.599
CLUBS SEVEN DIAMONDS KING,0.6312,0.0044,0.3644
CLUBS FOUR SPADES FOUR,0.4616,0.0054,0.533
CLUBS FIVE DIAMONDS QUEEN,0.6306,0.0058,0.3636
SPADES EIGHT DIAMONDS FOUR,0.7334,0.0288,0.2378
DIAMONDS TWO SPADES FOUR,0.6586,0.006,0.3354
CLUBS SIX HEARTS KING,0.6374,0.0044,0.3582
SPADES EIGHT SPADES SIX,0.667,0.024,0.309
CLUBS SIX SPADES THREE,0.6534,0.0032,0.3434
CLUBS JACK HEARTS FOUR,0.6414,0.0054,0.3532
CLUBS JACK DIAMONDS NINE,0.5848,0.0034,0.4118
DIAMONDS JACK DIAMONDS FOUR,0.609,0.0052,0.3858
HEARTS FOUR SPADES FOUR,0.4608,0.0048,0.5344
HEARTS KING HEARTS TEN,0.553,0.0038,0.4432
CLUBS EIGHT CLUBS KING,0.694,0.0278,0.2782
SPADES SIX CLUBS KING,0.6404,0.003,0.3566
CLUBS SIX DIAMONDS TEN,0.641,0.0046,0.3544
SPADES SEVEN HEARTS JACK,0.6266,0.0034,0.37
CLUBS THREE HEARTS NINE,0.6364,0.0026,0.361
HEARTS ACE DIAMONDS FIVE,0.5222,0.2308,0.247
SPADES TEN CLUBS KING,0.577,0.003,0.42
HEARTS FIVE SPADES SEVEN,0.6428,0.0038,0.3534
HEARTS FIVE CLUBS ACE,0.5414,0.2202,0.2384
CLUBS SIX DIAMONDS FOUR,0.637,0.005,0.358
DIAMONDS TWO HEARTS ACE,0.5366,0.2314,0.232
CLUBS TEN CLUBS THREE,0.5974,0.0032,0.3994
DIAMONDS THREE SPADES EIGHT,0.7514,0.032,0.2166
CLUBS THREE SPADES THREE,0.4542,0.0048,0.541
HEARTS ACE HEARTS TEN,0.2176,0.113,0.6694
DIAMONDS JACK DIAMONDS EIGHT,0.6764,0.0234,0.3002
CLUBS EIGHT DIAMONDS SEVEN,0.6862,0.0286,0.2852
HEARTS SIX HEARTS TWO,0.6348,0.0042,0.361
CLUBS TEN CLUBS FIVE,0.5994,0.0034,0.3972
HEARTS ACE DIAMONDS NINE,0.2226,0.177,0.6004
HEARTS SIX CLUBS ACE,0.5626,0.2168,0.2206
SPADES FOUR DIAMONDS EIGHT,0.7382,0.0288,0.233
SPADES TEN CLUBS THREE,0.6432,0.0032,0.3536
HEARTS KING DIAMONDS FOUR,0.629,0.0058,0.3652
HEARTS TWO DIAMONDS FOUR,0.6648,0.0054,0.3298
HEARTS ACE DIAMONDS SEVEN,0.552,0.2338,0.2142
SPADES KING SPADES QUEEN,0.5348,0.0022,0.463
CLUBS EIGHT CLUBS TWO,0.7074,0.0276,0.265
DIAMONDS KING CLUBS KING,0.2772,0.0042,0.7186
DIAMONDS JACK SPADES THREE,0.6384,0.0032,0.3584
HEARTS SIX SPADES EIGHT,0.7134,0.0268,0.2598
DIAMONDS QUEEN HEARTS NINE,0.584,0.0046,0.4114
CLUBS KING CLUBS QUEEN,0.5404,0.004,0.4556
SPADES TEN DIAMONDS SEVEN,0.635,0.0044,0.3606
CLUBS FIVE CLUBS ACE,0.5022,0.2176,0.2802
SPADES KING HEARTS KING,0.28,0.0038,0.7162
DIAMONDS TWO CLUBS EIGHT,0.7554,0.033,0.2116
CLUBS TEN CLUBS TWO,0.5952,0.0034,0.4014
CLUBS TEN HEARTS FOUR,0.6456,0.0046,0.3498
CLUBS FOUR CLUBS THREE,0.607,0.0052,0.3878
DIAMONDS KING CLUBS THREE,0.6414,0.005,0.3536
CLUBS SIX HEARTS ACE,0.5476,0.2342,0.2182
DIAMONDS QUEEN DIAMONDS SIX,0.6102,0.0038,0.386
HEARTS SEVEN SPADES SIX,0.6384,0.0034,0.3582
SPADES FOUR DIAMONDS SEVEN,0.6426,0.0044,0.353
HEARTS TWO CLUBS KING,0.6378,0.005,0.3572
CLUBS TEN DIAMONDS JACK,0.56,0.0038,0.4362
SPADES FIVE HEARTS QUEEN,0.6398,0.0036,0.3566
HEARTS SIX CLUBS EIGHT,0.7094,0.0308,0.2598
SPADES SIX HEARTS KING,0.6422,0.0022,0.3556
CLUBS TEN HEARTS THREE,0.6462,0.0044,0.3494
CLUBS FOUR HEARTS ACE,0.528,0.225,0.247
CLUBS THREE DIAMONDS JACK,0.6494,0.0044,0.3462
DIAMONDS SEVEN DIAMONDS FOUR,0.6092,0.005,0.3858
SPADES KING SPADES FOUR,0.594,0.003,0.403
CLUBS JACK SPADES SIX,0.6402,0.006,0.3538
CLUBS TWO DIAMONDS EIGHT,0.751,0.0306,0.2184
DIAMONDS NINE HEARTS JACK,0.58,0.0044,0.4156
HEARTS FIVE SPADES FOUR,0.6254,0.0044,0.3702
DIAMONDS THREE SPADES TEN,0.656,0.0066,0.3374
SPADES THREE SPADES TWO,0.619,0.0052,0.3758
CLUBS TEN CLUBS NINE,0.5324,0.0032,0.4644
SPADES KING CLUBS FIVE,0.6274,0.0038,0.3688
SPADES FOUR HEARTS ACE,0.5264,0.2314,0.2422
DIAMONDS TWO HEARTS KING,0.6482,0.0044,0.3474
SPADES QUEEN DIAMONDS FIVE,0.6334,0.0034,0.3632
CLUBS THREE DIAMONDS SIX,0.6636,0.004,0.3324
HEARTS SIX HEARTS THREE,0.6158,0.0052,0.379
SPADES TEN HEARTS JACK,0.5582,0.0034,0.4384
CLUBS ACE CLUBS QUEEN,0.2374,0.0626,0.7
SPADES NINE CLUBS QUEEN,0.5948,0.0016,0.4036
SPADES ACE CLUBS FOUR,0.5252,0.2214,0.2534
CLUBS JACK HEARTS FIVE,0.6334,0.0034,0.3632
DIAMONDS EIGHT DIAMONDS SEVEN,0.6576,0.027,0.3154
HEARTS ACE DIAMONDS FOUR,0.5226,0.2298,0.2476
SPADES ACE DIAMONDS QUEEN,0.2544,0.061,0.6846
SPADES FIVE SPADES TWO,0.604,0.0042,0.3918
HEARTS FIVE HEARTS THREE,0.6192,0.0082,0.3726
SPADES SIX HEARTS QUEEN,0.6422,0.0032,0.3546
HEARTS SEVEN CLUBS FIVE,0.627,0.0046,0.3684
HEARTS FOUR DIAMONDS SIX,0.6332,0.0048,0.362
SPADES FOUR DIAMONDS FIVE,0.6234,0.0046,0.372
CLUBS TEN CLUBS EIGHT,0.6478,0.0222,0.33
DIAMONDS THREE HEARTS FOUR,0.6436,0.0056,0.3508
CLUBS JACK SPADES SEVEN,0.6214,0.0028,0.3758
CLUBS NINE CLUBS SEVEN,0.5764,0.0044,0.4192
SPADES FIVE DIAMONDS NINE,0.6378,0.005,0.3572
CLUBS THREE DIAMONDS TEN,0.6522,0.0044,0.3434
SPADES JACK CLUBS THREE,0.6462,0.0032,0.3506
SPADES TEN HEARTS KING,0.5748,0.0038,0.4214
CLUBS ACE HEARTS TEN,0.2356,0.1152,0.6492
CLUBS SEVEN DIAMONDS QUEEN,0.6408,0.0036,0.3556
SPADES SEVEN HEARTS KING,0.6356,0.0032,0.3612
HEARTS THREE CLUBS FOUR,0.6448,0.004,0.3512
CLUBS TEN DIAMONDS SIX,0.6384,0.004,0.3576
HEARTS FIVE CLUBS EIGHT,0.7204,0.0288,0.2508
CLUBS FIVE DIAMONDS SIX,0.6376,0.004,0.3584
SPADES QUEEN HEARTS TWO,0.6358,0.0066,0.3576
SPADES EIGHT HEARTS JACK,0.7112,0.0256,0.2632
CLUBS KING HEARTS NINE,0.584,0.0048,0.4112
SPADES KING SPADES SIX,0.595,0.0042,0.4008
DIAMONDS TWO SPADES TEN,0.6454,0.0058,0.3488
CLUBS ACE HEARTS JACK,0.2402,0.089,0.6708
SPADES KING HEARTS TWO,0.6484,0.0048,0.3468
DIAMONDS THREE HEARTS TWO,0.6654,0.0064,0.3282
DIAMONDS JACK DIAMONDS NINE,0.5622,0.004,0.4338
CLUBS SEVEN SPADES SEVEN,0.4322,0.003,0.5648
SPADES NINE CLUBS KING,0.5896,0.0022,0.4082
HEARTS JACK DIAMONDS FOUR,0.6482,0.0052,0.3466
DIAMONDS NINE HEARTS TEN,0.5612,0.0052,0.4336
HEARTS FIVE DIAMONDS FIVE,0.451,0.0052,0.5438
SPADES TEN SPADES SIX,0.5788,0.0054,0.4158
CLUBS JACK CLUBS QUEEN,0.5344,0.0034,0.4622
CLUBS SEVEN DIAMONDS JACK,0.6368,0.0042,0.359
CLUBS SIX DIAMONDS SIX,0.455,0.0034,0.5416
DIAMONDS JACK CLUBS ACE,0.2376,0.0848,0.6776
SPADES KING CLUBS ACE,0.254,0.0492,0.6968
HEARTS TEN HEARTS NINE,0.5412,0.0032,0.4556
SPADES TEN SPADES TWO,0.5938,0.004,0.4022
SPADES KING DIAMONDS FOUR,0.6324,0.004,0.3636
SPADES QUEEN CLUBS TWO,0.6364,0.0038,0.3598
CLUBS TEN HEARTS QUEEN,0.5594,0.0032,0.4374
SPADES FOUR SPADES TWO,0.596,0.0054,0.3986
SPADES FOUR HEARTS KING,0.6364,0.0046,0.359
CLUBS EIGHT HEARTS ACE,0.011,0.9684,0.0206
SPADES EIGHT DIAMONDS FIVE,0.7178,0.0272,0.255
CLUBS TWO SPADES THREE,0.654,0.004,0.342
CLUBS NINE DIAMONDS EIGHT,0.698,0.02,0.282
SPADES QUEEN SPADES SEVEN,0.6024,0.0036,0.394
DIAMONDS SIX CLUBS QUEEN,0.6364,0.0036,0.36
SPADES FOUR HEARTS QUEEN,0.6422,0.005,0.3528
SPADES FOUR SPADES THREE,0.6038,0.0046,0.3916
CLUBS SEVEN SPADES SIX,0.6258,0.003,0.3712
DIAMONDS QUEEN HEARTS QUEEN,0.2956,0.0026,0.7018
HEARTS TWO HEARTS TEN,0.6082,0.005,0.3868
HEARTS SEVEN SPADES TWO,0.6832,0.0044,0.3124
HEARTS JACK HEARTS TEN,0.5268,0.0046,0.4686
SPADES TEN CLUBS SEVEN,0.6154,0.004,0.3806
DIAMONDS THREE SPADES JACK,0.6456,0.0044,0.35
DIAMONDS TWO CLUBS THREE,0.666,0.005,0.329
CLUBS TWO DIAMONDS NINE,0.6496,0.0058,0.3446
SPADES QUEEN DIAMONDS TEN,0.573,0.0034,0.4236
HEARTS SIX SPADES TWO,0.6708,0.0028,0.3264
HEARTS SIX HEARTS FIVE,0.5846,0.005,0.4104
DIAMONDS QUEEN CLUBS ACE,0.2526,0.062,0.6854
CLUBS SIX HEARTS JACK,0.646,0.004,0.35
CLUBS TEN SPADES THREE,0.6512,0.0048,0.344
CLUBS JACK CLUBS FIVE,0.5962,0.0038,0.4
DIAMONDS THREE CLUBS EIGHT,0.7594,0.0316,0.209
DIAMONDS KING DIAMONDS FIVE,0.6012,0.0056,0.3932
CLUBS EIGHT CLUBS SEVEN,0.6436,0.0262,0.3302
HEARTS JACK DIAMONDS SIX,0.6482,0.0028,0.349
SPADES NINE DIAMONDS FIVE,0.6422,0.0038,0.354
SPADES THREE HEARTS JACK,0.6322,0.007,0.3608
CLUBS NINE DIAMONDS FOUR,0.6622,0.0044,0.3334
HEARTS NINE DIAMONDS FOUR,0.6454,0.0042,0.3504
SPADES NINE CLUBS ACE,0.2324,0.1714,0.5962
HEARTS SIX SPADES JACK,0.641,0.0024,0.3566
SPADES EIGHT CLUBS THREE,0.7512,0.0288,0.22
HEARTS FIVE CLUBS TWO,0.6584,0.005,0.3366
SPADES TWO DIAMONDS FOUR,0.645,0.0048,0.3502
DIAMONDS THREE DIAMONDS TEN,0.607,0.0058,0.3872
SPADES ACE CLUBS THREE,0.5256,0.2208,0.2536
SPADES NINE DIAMONDS QUEEN,0.591,0.0044,0.4046
HEARTS FIVE HEARTS TEN,0.5978,0.0032,0.399
HEARTS FOUR SPADES TEN,0.6524,0.0034,0.3442
SPADES NINE SPADES TWO,0.6086,0.0026,0.3888
HEARTS SEVEN HEARTS JACK,0.6116,0.005,0.3834
DIAMONDS TWO HEARTS THREE,0.6614,0.0072,0.3314
HEARTS TWO DIAMONDS KING,0.6552,0.007,0.3378
DIAMONDS THREE SPADES FOUR,0.6468,0.0066,0.3466
CLUBS SIX DIAMONDS KING,0.636,0.0052,0.3588
DIAMONDS NINE HEARTS KING,0.5996,0.006,0.3944
HEARTS TWO CLUBS QUEEN,0.6444,0.005,0.3506
DIAMONDS QUEEN SPADES TWO,0.636,0.004,0.36
CLUBS SEVEN DIAMONDS EIGHT,0.6992,0.0266,0.2742
DIAMONDS THREE DIAMONDS FIVE,0.6098,0.004,0.3862
DIAMONDS TWO DIAMONDS EIGHT,0.7116,0.0334,0.255
DIAMONDS KING SPADES FIVE,0.6372,0.0054,0.3574
CLUBS JACK HEARTS QUEEN,0.5766,0.0048,0.4186
SPADES SIX CLUBS THREE,0.653,0.0032,0.3438
SPADES TEN DIAMONDS JACK,0.5658,0.0038,0.4304
HEARTS SEVEN DIAMONDS NINE,0.6288,0.0072,0.364
SPADES ACE HEARTS KING,0.2434,0.0466,0.71
SPADES SEVEN HEARTS NINE,0.6126,0.0036,0.3838
DIAMONDS THREE CLUBS SIX,0.6506,0.0034,0.346
DIAMONDS TWO DIAMONDS JACK,0.604,0.0054,0.3906
CLUBS SIX SPADES FIVE,0.6292,0.0026,0.3682
CLUBS FIVE DIAMONDS KING,0.636,0.0028,0.3612
CLUBS NINE CLUBS ACE,0.2212,0.1702,0.6086
CLUBS JACK DIAMONDS THREE,0.6388,0.0034,0.3578
SPADES FIVE DIAMONDS FOUR,0.6256,0.005,0.3694
SPADES KING CLUBS NINE,0.596,0.0034,0.4006
HEARTS ACE SPADES TWO,0.517,0.2356,0.2474
CLUBS TEN HEARTS ACE,0.2298,0.1172,0.653
SPADES QUEEN HEARTS FIVE,0.6392,0.0018,0.359
CLUBS JACK SPADES NINE,0.5842,0.0018,0.414
CLUBS THREE HEARTS KING,0.6266,0.005,0.3684
DIAMONDS QUEEN DIAMONDS NINE,0.5632,0.005,0.4318
CLUBS JACK CLUBS THREE,0.6108,0.0038,0.3854
CLUBS THREE HEARTS JACK,0.6276,0.0076,0.3648
CLUBS JACK HEARTS SIX,0.6486,0.0042,0.3472
CLUBS TWO SPADES FOUR,0.6516,0.0042,0.3442
SPADES JACK HEARTS JACK,0.291,0.0028,0.7062
DIAMONDS QUEEN DIAMONDS TEN,0.5496,0.0056,0.4448
CLUBS FIVE CLUBS QUEEN,0.6046,0.003,0.3924
CLUBS FIVE DIAMONDS TEN,0.631,0.004,0.365
CLUBS ACE DIAMONDS FOUR,0.531,0.2372,0.2318
HEARTS FIVE DIAMONDS JACK,0.6366,0.0058,0.3576
SPADES KING HEARTS TEN,0.581,0.0064,0.4126
SPADES JACK HEARTS NINE,0.5822,0.003,0.4148
CLUBS SEVEN CLUBS KING,0.5988,0.0042,0.397
DIAMONDS QUEEN HEARTS TEN,0.569,0.0046,0.4264
CLUBS TEN DIAMONDS FIVE,0.6428,0.0038,0.3534
SPADES SEVEN CLUBS TWO,0.6884,0.0034,0.3082
SPADES NINE HEARTS NINE,0.315,0.0032,0.6818
SPADES TEN SPADES NINE,0.5216,0.0038,0.4746
SPADES FIVE CLUBS ACE,0.5184,0.2226,0.259
HEARTS FOUR CLUBS THREE,0.6446,0.0058,0.3496
SPADES ACE DIAMONDS EIGHT,0.0192,0.9682,0.0126
DIAMONDS KING DIAMONDS NINE,0.5608,0.0038,0.4354
CLUBS FIVE DIAMONDS FOUR,0.6358,0.0044,0.3598
CLUBS THREE CLUBS QUEEN,0.5972,0.0048,0.398
DIAMONDS THREE CLUBS SEVEN,0.6652,0.0064,0.3284
SPADES ACE SPADES TWO,0.4974,0.2178,0.2848
SPADES QUEEN CLUBS FIVE,0.634,0.0032,0.3628
CLUBS SIX SPADES EIGHT,0.701,0.0222,0.2768
CLUBS SIX CLUBS FIVE,0.5798,0.007,0.4132
DIAMONDS TEN HEARTS NINE,0.5608,0.0046,0.4346
CLUBS NINE HEARTS KING,0.5946,0.0034,0.402
DIAMONDS TWO SPADES SEVEN,0.6812,0.0052,0.3136
CLUBS FIVE SPADES FOUR,0.6226,0.0054,0.372
SPADES THREE DIAMONDS FOUR,0.634,0.0062,0.3598
HEARTS FIVE SPADES TEN,0.6446,0.0048,0.3506
SPADES KING DIAMONDS SIX,0.6556,0.004,0.3404
CLUBS ACE DIAMONDS FIVE,0.5218,0.2272,0.251
DIAMONDS TWO CLUBS KING,0.628,0.0054,0.3666
HEARTS SIX CLUBS TWO,0.67,0.0054,0.3246
CLUBS JACK SPADES FOUR,0.6262,0.0048,0.369
HEARTS QUEEN HEARTS TEN,0.5466,0.004,0.4494
HEARTS SIX SPADES SIX,0.4466,0.0052,0.5482
SPADES KING SPADES THREE,0.5918,0.0052,0.403
SPADES THREE HEARTS KING,0.6418,0.006,0.3522
DIAMONDS KING CLUBS ACE,0.253,0.0458,0.7012
CLUBS NINE HEARTS THREE,0.6522,0.0054,0.3424
SPADES FOUR CLUBS ACE,0.5078,0.2332,0.259
CLUBS TEN HEARTS NINE,0.5606,0.0032,0.4362
SPADES JACK SPADES SIX,0.5978,0.0052,0.397
SPADES QUEEN SPADES JACK,0.5256,0.0042,0.4702
SPADES SEVEN DIAMONDS FIVE,0.6256,0.0056,0.3688
SPADES NINE SPADES SEVEN,0.57,0.0034,0.4266
DIAMONDS SEVEN HEARTS TEN,0.6174,0.0042,0.3784
CLUBS FIVE CLUBS KING,0.6012,0.0046,0.3942
HEARTS FOUR SPADES FIVE,0.6238,0.0044,0.3718
HEARTS SIX SPADES SEVEN,0.6352,0.004,0.3608
DIAMONDS JACK CLUBS QUEEN,0.5812,0.0046,0.4142
SPADES TEN CLUBS QUEEN,0.5644,0.004,0.4316
CLUBS EIGHT SPADES SIX,0.6986,0.0258,0.2756
SPADES TWO DIAMONDS FIVE,0.6562,0.0056,0.3382
SPADES JACK SPADES NINE,0.5442,0.0038,0.452
HEARTS SEVEN CLUBS SEVEN,0.4592,0.003,0.5378
SPADES FIVE CLUBS TWO,0.6442,0.004,0.3518
HEARTS THREE HEARTS KING,0.609,0.005,0.386
SPADES SIX HEARTS ACE,0.546,0.2316,0.2224
CLUBS NINE CLUBS THREE,0.6024,0.0036,0.394
DIAMONDS KING HEARTS KING,0.2758,0.0046,0.7196
HEARTS SEVEN HEARTS KING,0.6078,0.0058,0.3864
SPADES KING HEARTS NINE,0.5814,0.0048,0.4138
HEARTS SEVEN HEARTS TWO,0.657,0.0082,0.3348
HEARTS FOUR DIAMONDS TEN,0.6536,0.0062,0.3402
CLUBS SEVEN HEARTS JACK,0.6164,0.0022,0.3814
CLUBS FIVE HEARTS KING,0.6256,0.0034,0.371
DIAMONDS TWO DIAMONDS SEVEN,0.6462,0.0046,0.3492
HEARTS ACE DIAMONDS SIX,0.546,0.225,0.229
SPADES JACK CLUBS TWO,0.6532,0.0048,0.342
HEARTS SIX HEARTS KING,0.5954,0.0054,0.3992
HEARTS SIX DIAMONDS EIGHT,0.716,0.0276,0.2564
SPADES ACE DIAMONDS KING,0.2534,0.0476,0.699
SPADES FOUR HEARTS NINE,0.6538,0.0054,0.3408
DIAMONDS THREE SPADES NINE,0.6448,0.0032,0.352
HEARTS SEVEN CLUBS ACE,0.5452,0.2374,0.2174
HEARTS SEVEN HEARTS ACE,0.508,0.2256,0.2664
HEARTS SEVEN DIAMONDS TEN,0.6134,0.0044,0.3822
DIAMONDS NINE HEARTS NINE,0.33,0.0036,0.6664
CLUBS FOUR SPADES FIVE,0.6256,0.0058,0.3686
CLUBS FOUR DIAMONDS FOUR,0.468,0.0046,0.5274
CLUBS SEVEN CLUBS FOUR,0.613,0.0042,0.3828
SPADES ACE DIAMONDS SIX,0.5484,0.2302,0.2214
HEARTS TWO SPADES SEVEN,0.692,0.0044,0.3036
DIAMONDS JACK HEARTS KING,0.5848,0.0054,0.4098
CLUBS JACK CLUBS NINE,0.5238,0.0036,0.4726
HEARTS TWO HEARTS NINE,0.6132,0.005,0.3818
SPADES SEVEN DIAMONDS EIGHT,0.6912,0.0304,0.2784
CLUBS JACK DIAMONDS TWO,0.6436,0.0048,0.3516
SPADES SIX SPADES FIVE,0.5838,0.0042,0.412
HEARTS KING DIAMONDS FIVE,0.6246,0.004,0.3714
HEARTS SEVEN SPADES EIGHT,0.6972,0.0264,0.2764
DIAMONDS TEN HEARTS JACK,0.551,0.0046,0.4444
DIAMONDS QUEEN HEARTS KING,0.5842,0.0048,0.411
SPADES KING CLUBS THREE,0.6366,0.0042,0.3592
SPADES JACK HEARTS TWO,0.6456,0.003,0.3514
HEARTS QUEEN CLUBS KING,0.5802,0.0044,0.4154
HEARTS SIX DIAMONDS TWO,0.668,0.0056,0.3264
HEARTS KING SPADES TWO,0.6314,0.006,0.3626
SPADES QUEEN DIAMONDS SEVEN,0.6462,0.0034,0.3504
SPADES ACE HEARTS FOUR,0.5248,0.2308,0.2444
CLUBS SEVEN DIAMONDS FIVE,0.6462,0.004,0.3498
CLUBS SEVEN DIAMONDS SEVEN,0.4538,0.003,0.5432
CLUBS FOUR DIAMONDS TEN,0.64,0.0034,0.3566
HEARTS TWO HEARTS QUEEN,0.6146,0.0056,0.3798
HEARTS SIX DIAMONDS FIVE,0.6318,0.003,0.3652
CLUBS NINE CLUBS TWO,0.5952,0.0044,0.4004
CLUBS SEVEN HEARTS ACE,0.5364,0.2302,0.2334
SPADES EIGHT CLUBS FIVE,0.7194,0.0256,0.255
SPADES SEVEN DIAMONDS TEN,0.6292,0.0024,0.3684
HEARTS SIX CLUBS FOUR,0.6424,0.0052,0.3524
SPADES TEN DIAMONDS SIX,0.6336,0.003,0.3634
DIAMONDS TEN DIAMONDS FIVE,0.614,0.0038,0.3822
SPADES KING CLUBS TWO,0.6464,0.0044,0.3492
DIAMONDS KING HEARTS ACE,0.243,0.0524,0.7046
DIAMONDS KING DIAMONDS EIGHT,0.71,0.026,0.264
HEARTS THREE CLUBS THREE,0.468,0.0064,0.5256
DIAMONDS KING DIAMONDS FOUR,0.6002,0.0044,0.3954
SPADES KING CLUBS EIGHT,0.7374,0.0262,0.2364
SPADES ACE SPADES SIX,0.5252,0.206,0.2688
SPADES SIX DIAMONDS FIVE,0.6356,0.0026,0.3618
CLUBS NINE HEARTS FOUR,0.6626,0.0024,0.335
DIAMONDS NINE DIAMONDS EIGHT,0.6532,0.02,0.3268
DIAMONDS KING CLUBS FOUR,0.633,0.0038,0.3632
DIAMONDS NINE DIAMONDS SEVEN,0.5922,0.0018,0.406
SPADES EIGHT SPADES SEVEN,0.6482,0.029,0.3228
CLUBS NINE HEARTS FIVE,0.6486,0.003,0.3484
CLUBS SIX HEARTS QUEEN,0.6462,0.0048,0.349
CLUBS ACE HEARTS NINE,0.2214,0.1862,0.5924
SPADES KING HEARTS JACK,0.5796,0.004,0.4164
SPADES FIVE HEARTS JACK,0.6208,0.0042,0.375
SPADES TWO CLUBS KING,0.6338,0.005,0.3612
HEARTS TWO CLUBS FIVE,0.6528,0.0058,0.3414
SPADES JACK SPADES THREE,0.6178,0.0046,0.3776
CLUBS TEN SPADES FOUR,0.627,0.003,0.37
DIAMONDS THREE HEARTS JACK,0.6374,0.005,0.3576
HEARTS SEVEN DIAMONDS FOUR,0.6622,0.0054,0.3324
HEARTS ACE CLUBS KING,0.243,0.0432,0.7138
SPADES KING SPADES TWO,0.5934,0.0054,0.4012
DIAMONDS QUEEN DIAMONDS SEVEN,0.6264,0.005,0.3686
DIAMONDS KING HEARTS NINE,0.6036,0.0042,0.3922
HEARTS FOUR DIAMONDS KING,0.6436,0.0058,0.3506
CLUBS SEVEN HEARTS QUEEN,0.6352,0.0038,0.361
CLUBS TWO HEARTS KING,0.6376,0.0044,0.358
SPADES QUEEN DIAMONDS KING,0.5708,0.0042,0.425
DIAMONDS FIVE CLUBS QUEEN,0.6236,0.0036,0.3728
CLUBS JACK DIAMONDS SEVEN,0.6266,0.004,0.3694
SPADES SIX DIAMONDS JACK,0.6454,0.0034,0.3512
DIAMONDS JACK HEARTS NINE,0.5768,0.0036,0.4196
DIAMONDS THREE SPADES QUEEN,0.6422,0.0036,0.3542
DIAMONDS THREE CLUBS THREE,0.477,0.0052,0.5178
DIAMONDS QUEEN HEARTS ACE,0.239,0.0662,0.6948
DIAMONDS TEN DIAMONDS SEVEN,0.6,0.0048,0.3952
CLUBS FIVE HEARTS QUEEN,0.6356,0.004,0.3604
HEARTS SIX DIAMONDS SIX,0.4546,0.0042,0.5412
SPADES FIVE HEARTS TEN,0.6268,0.0038,0.3694
CLUBS FOUR CLUBS KING,0.5996,0.0052,0.3952
DIAMONDS THREE SPADES THREE,0.4744,0.0044,0.5212
HEARTS FOUR DIAMONDS SEVEN,0.6468,0.0036,0.3496
CLUBS TWO CLUBS QUEEN,0.609,0.0042,0.3868
CLUBS NINE CLUBS EIGHT,0.6472,0.021,0.3318
CLUBS JACK CLUBS ACE,0.2188,0.081,0.7002
CLUBS JACK HEARTS THREE,0.6592,0.0042,0.3366
DIAMONDS TWO DIAMONDS TEN,0.6188,0.0058,0.3754
SPADES QUEEN SPADES TEN,0.532,0.0042,0.4638
HEARTS THREE DIAMONDS KING,0.6386,0.0046,0.3568
CLUBS FIVE SPADES TWO,0.648,0.0022,0.3498
CLUBS KING HEARTS TEN,0.5744,0.0048,0.4208
HEARTS THREE SPADES NINE,0.6478,0.004,0.3482
HEARTS SIX DIAMONDS FOUR,0.645,0.0058,0.3492
CLUBS JACK HEARTS TEN,0.5608,0.003,0.4362
CLUBS NINE CLUBS FOUR,0.6048,0.0046,0.3906
SPADES FIVE CLUBS QUEEN,0.6374,0.003,0.3596
HEARTS SIX DIAMONDS QUEEN,0.6524,0.0032,0.3444
CLUBS SEVEN SPADES NINE,0.6066,0.0038,0.3896
SPADES JACK CLUBS EIGHT,0.7122,0.0226,0.2652
SPADES THREE CLUBS QUEEN,0.6308,0.0042,0.365
SPADES QUEEN SPADES NINE,0.5546,0.0042,0.4412
SPADES JACK DIAMONDS TEN,0.5554,0.003,0.4416
SPADES TEN SPADES FOUR,0.6048,0.0034,0.3918
DIAMONDS THREE CLUBS KING,0.646,0.0038,0.3502
SPADES ACE HEARTS SEVEN,0.5404,0.2356,0.224
CLUBS JACK DIAMONDS TEN,0.556,0.003,0.441
HEARTS FIVE HEARTS TWO,0.6284,0.0046,0.367
SPADES TEN HEARTS QUEEN,0.568,0.005,0.427
SPADES EIGHT HEARTS KING,0.7374,0.0268,0.2358
CLUBS NINE HEARTS TEN,0.557,0.0062,0.4368
CLUBS EIGHT HEARTS KING,0.74,0.0256,0.2344
CLUBS TEN SPADES JACK,0.5624,0.004,0.4336
DIAMONDS TEN CLUBS ACE,0.2348,0.122,0.6432
CLUBS FOUR SPADES THREE,0.6372,0.0056,0.3572
SPADES TWO HEARTS TEN,0.6268,0.0052,0.368
HEARTS KING CLUBS KING,0.28,0.003,0.717
CLUBS SEVEN CLUBS THREE,0.621,0.0044,0.3746
CLUBS NINE DIAMONDS FIVE,0.6362,0.0034,0.3604
CLUBS THREE SPADES FIVE,0.6408,0.0032,0.356
DIAMONDS JACK DIAMONDS TEN,0.5386,0.0042,0.4572
SPADES SIX SPADES FOUR,0.6024,0.0046,0.393
SPADES TEN SPADES FIVE,0.6078,0.0034,0.3888
DIAMONDS THREE HEARTS SIX,0.666,0.0054,0.3286
HEARTS FIVE CLUBS SIX,0.631,0.0046,0.3644
SPADES JACK CLUBS SIX,0.63,0.0034,0.3666
HEARTS QUEEN DIAMONDS SIX,0.647,0.0032,0.3498
SPADES FIVE HEARTS NINE,0.6356,0.0026,0.3618
HEARTS FOUR SPADES SEVEN,0.663,0.002,0.335
DIAMONDS TWO SPADES TWO,0.4786,0.0054,0.516
SPADES KING DIAMONDS TEN,0.5698,0.0038,0.4264
SPADES NINE HEARTS TEN,0.5712,0.0028,0.426
CLUBS TEN SPADES EIGHT,0.6982,0.0194,0.2824
HEARTS QUEEN DIAMONDS FOUR,0.636,0.0058,0.3582
DIAMONDS THREE DIAMONDS SEVEN,0.6404,0.0064,0.3532
SPADES NINE SPADES FOUR,0.6,0.005,0.395
HEARTS SEVEN CLUBS THREE,0.6688,0.006,0.3252
DIAMONDS SIX DIAMONDS FIVE,0.6028,0.0056,0.3916
SPADES SEVEN SPADES FOUR,0.593,0.0052,0.4018
DIAMONDS EIGHT DIAMONDS FOUR,0.7006,0.026,0.2734
SPADES QUEEN DIAMONDS SIX,0.6572,0.003,0.3398
HEARTS THREE HEARTS NINE,0.6152,0.0042,0.3806
SPADES ACE DIAMONDS TEN,0.2376,0.1198,0.6426
DIAMONDS EIGHT HEARTS TEN,0.7056,0.0232,0.2712
DIAMONDS TWO DIAMONDS NINE,0.615,0.005,0.38
CLUBS EIGHT DIAMONDS FOUR,0.7348,0.0346,0.2306
SPADES EIGHT HEARTS QUEEN,0.7276,0.0214,0.251
CLUBS SIX HEARTS NINE,0.6244,0.0032,0.3724
HEARTS FIVE DIAMONDS KING,0.642,0.0044,0.3536
SPADES NINE SPADES FIVE,0.6018,0.005,0.3932
HEARTS SIX CLUBS QUEEN,0.6404,0.0034,0.3562
CLUBS THREE HEARTS ACE,0.528,0.2288,0.2432
SPADES QUEEN CLUBS ACE,0.2486,0.0684,0.683
HEARTS FOUR CLUBS SIX,0.6472,0.0054,0.3474
SPADES ACE CLUBS EIGHT,0.0208,0.9586,0.0206
SPADES EIGHT DIAMONDS QUEEN,0.7304,0.0216,0.248
CLUBS JACK SPADES EIGHT,0.7096,0.021,0.2694
SPADES EIGHT CLUBS FOUR,0.7122,0.034,0.2538
SPADES JACK SPADES FIVE,0.5958,0.0046,0.3996
HEARTS SEVEN CLUBS KING,0.6304,0.0046,0.365
SPADES TWO HEARTS NINE,0.6482,0.0056,0.3462
DIAMONDS JACK SPADES FIVE,0.6426,0.003,0.3544
DIAMONDS TWO HEARTS NINE,0.6508,0.0042,0.345
DIAMONDS TWO DIAMONDS QUEEN,0.6188,0.0052,0.376
DIAMONDS SIX HEARTS NINE,0.624,0.0018,0.3742
DIAMONDS TWO DIAMONDS FOUR,0.6264,0.0054,0.3682
SPADES JACK CLUBS FIVE,0.6208,0.0036,0.3756
CLUBS KING DIAMONDS FOUR,0.6294,0.0066,0.364
DIAMONDS QUEEN DIAMONDS FIVE,0.6056,0.0066,0.3878
DIAMONDS KING SPADES THREE,0.6492,0.0038,0.347
SPADES NINE SPADES SIX,0.5954,0.003,0.4016
SPADES SIX HEARTS TEN,0.6202,0.0032,0.3766
CLUBS NINE SPADES JACK,0.5714,0.0034,0.4252
DIAMONDS JACK HEARTS ACE,0.2366,0.087,0.6764
DIAMONDS THREE DIAMONDS SIX,0.6204,0.0034,0.3762
HEARTS FOUR DIAMONDS JACK,0.649,0.0048,0.3462
DIAMONDS EIGHT DIAMONDS FIVE,0.6932,0.0312,0.2756
HEARTS FIVE CLUBS FIVE,0.4542,0.0028,0.543
DIAMONDS EIGHT CLUBS QUEEN,0.7458,0.0246,0.2296
CLUBS EIGHT SPADES EIGHT,0.3218,0.0252,0.653
SPADES ACE HEARTS THREE,0.536,0.2308,0.2332
CLUBS FIVE SPADES FIVE,0.4562,0.0038,0.54
HEARTS SEVEN SPADES THREE,0.6692,0.0048,0.326
DIAMONDS TEN DIAMONDS SIX,0.6204,0.0054,0.3742
HEARTS TWO DIAMONDS SEVEN,0.68,0.0042,0.3158
SPADES KING DIAMONDS EIGHT,0.7416,0.029,0.2294
DIAMONDS TEN CLUBS QUEEN,0.5822,0.004,0.4138
HEARTS SEVEN SPADES SEVEN,0.4542,0.0026,0.5432
SPADES SIX SPADES THREE,0.6076,0.0054,0.387
SPADES NINE DIAMONDS KING,0.5832,0.005,0.4118
CLUBS JACK SPADES KING,0.5798,0.003,0.4172
CLUBS TEN CLUBS SEVEN,0.5788,0.003,0.4182
DIAMONDS SEVEN CLUBS QUEEN,0.6384,0.0044,0.3572
CLUBS FOUR DIAMONDS JACK,0.6382,0.004,0.3578
DIAMONDS JACK SPADES FOUR,0.6424,0.0048,0.3528
HEARTS FIVE DIAMONDS FOUR,0.6252,0.005,0.3698
HEARTS TWO SPADES SIX,0.6726,0.004,0.3234
CLUBS TEN SPADES NINE,0.5716,0.0024,0.426
HEARTS SEVEN CLUBS TEN,0.6232,0.003,0.3738
CLUBS TEN CLUBS FOUR,0.6014,0.0036,0.395
HEARTS QUEEN HEARTS NINE,0.5516,0.0028,0.4456
SPADES QUEEN SPADES FOUR,0.6012,0.0042,0.3946
HEARTS THREE HEARTS TEN,0.6122,0.0064,0.3814
SPADES THREE CLUBS ACE,0.5232,0.229,0.2478
HEARTS KING HEARTS QUEEN,0.5434,0.005,0.4516
HEARTS TWO DIAMONDS EIGHT,0.7606,0.0298,0.2096
CLUBS NINE CLUBS FIVE,0.602,0.0046,0.3934
DIAMONDS THREE CLUBS TWO,0.6748,0.005,0.3202
CLUBS NINE CLUBS QUEEN,0.5452,0.0048,0.45
CLUBS FIVE SPADES THREE,0.634,0.0052,0.3608
CLUBS SEVEN HEARTS THREE,0.6712,0.0046,0.3242
HEARTS KING CLUBS QUEEN,0.5622,0.0042,0.4336
SPADES TEN CLUBS FOUR,0.6394,0.0052,0.3554
CLUBS NINE DIAMONDS SEVEN,0.6214,0.0038,0.3748
HEARTS SEVEN HEARTS FIVE,0.6188,0.0048,0.3764
HEARTS ACE DIAMONDS EIGHT,0.0086,0.9852,0.0062
SPADES ACE SPADES THREE,0.4956,0.2152,0.2892
SPADES NINE HEARTS QUEEN,0.5906,0.0038,0.4056
SPADES EIGHT HEARTS ACE,0.0112,0.9736,0.0152
HEARTS SEVEN SPADES JACK,0.6344,0.0036,0.362
CLUBS JACK SPADES THREE,0.6348,0.0028,0.3624
CLUBS EIGHT CLUBS FOUR,0.6858,0.0264,0.2878
SPADES ACE SPADES JACK,0.228,0.0794,0.6926
HEARTS FIVE SPADES THREE,0.6484,0.006,0.3456
HEARTS SEVEN DIAMONDS JACK,0.6296,0.005,0.3654
SPADES NINE SPADES THREE,0.5992,0.0046,0.3962
SPADES SEVEN SPADES THREE,0.6114,0.0036,0.385
SPADES THREE HEARTS QUEEN,0.6424,0.005,0.3526
HEARTS SEVEN HEARTS QUEEN,0.6064,0.0056,0.388
HEARTS FIVE HEARTS NINE,0.597,0.006,0.397
DIAMONDS THREE DIAMONDS NINE,0.607,0.0052,0.3878
HEARTS FOUR CLUBS KING,0.6348,0.0036,0.3616
DIAMONDS EIGHT HEARTS NINE,0.7008,0.0214,0.2778
SPADES NINE CLUBS SIX,0.6162,0.0028,0.381
CLUBS THREE DIAMONDS FOUR,0.6432,0.0038,0.353
HEARTS FOUR SPADES TWO,0.6458,0.0076,0.3466
CLUBS TWO DIAMONDS TEN,0.654,0.0058,0.3402
CLUBS TWO DIAMONDS SIX,0.6732,0.0056,0.3212
DIAMONDS TWO CLUBS TWO,0.4712,0.006,0.5228
HEARTS SIX DIAMONDS NINE,0.633,0.0044,0.3626
HEARTS TWO DIAMONDS SIX,0.681,0.0042,0.3148
CLUBS SEVEN CLUBS TWO,0.6336,0.0042,0.3622
CLUBS SIX SPADES SEVEN,0.6332,0.0028,0.364
SPADES QUEEN CLUBS QUEEN,0.3072,0.0024,0.6904
SPADES ACE CLUBS JACK,0.2538,0.0848,0.6614
DIAMONDS NINE DIAMONDS SIX,0.6122,0.0052,0.3826
CLUBS NINE HEARTS ACE,0.217,0.1672,0.6158
HEARTS SIX SPADES NINE,0.622,0.0046,0.3734
CLUBS JACK CLUBS KING,0.539,0.0048,0.4562
CLUBS FOUR DIAMONDS EIGHT,0.7354,0.03,0.2346
HEARTS SIX DIAMONDS SEVEN,0.6306,0.0064,0.363
SPADES FIVE DIAMONDS EIGHT,0.7244,0.0262,0.2494
CLUBS FIVE DIAMONDS EIGHT,0.7272,0.027,0.2458
DIAMONDS THREE CLUBS FIVE,0.6474,0.0044,0.3482
CLUBS NINE SPADES TEN,0.5732,0.003,0.4238
DIAMONDS JACK CLUBS TWO,0.64,0.0038,0.3562
HEARTS QUEEN CLUBS QUEEN,0.301,0.002,0.697
HEARTS FOUR HEARTS QUEEN,0.6044,0.006,0.3896
DIAMONDS TWO SPADES JACK,0.6498,0.004,0.3462
DIAMONDS KING SPADES SIX,0.6422,0.0052,0.3526
HEARTS FIVE HEARTS ACE,0.4914,0.229,0.2796
CLUBS EIGHT CLUBS ACE,0.0226,0.9066,0.0708
CLUBS TWO DIAMONDS FOUR,0.6488,0.0042,0.347
HEARTS SIX DIAMONDS JACK,0.6552,0.0044,0.3404
DIAMONDS KING DIAMONDS JACK,0.55,0.0046,0.4454
HEARTS ACE HEARTS QUEEN,0.2288,0.0592,0.712
DIAMONDS SEVEN CLUBS KING,0.643,0.0036,0.3534
DIAMONDS TWO SPADES THREE,0.6694,0.0056,0.325
CLUBS SIX CLUBS ACE,0.517,0.2126,0.2704
DIAMONDS JACK DIAMONDS FIVE,0.6006,0.0034,0.396
SPADES TEN HEARTS NINE,0.5676,0.0022,0.4302
CLUBS TEN HEARTS SIX,0.629,0.0034,0.3676
SPADES SEVEN HEARTS ACE,0.5306,0.2348,0.2346
CLUBS NINE SPADES SEVEN,0.6196,0.0012,0.3792
SPADES ACE SPADES KING,0.235,0.0402,0.7248
HEARTS FIVE SPADES NINE,0.6208,0.005,0.3742
SPADES ACE DIAMONDS TWO,0.5376,0.2258,0.2366
HEARTS SEVEN CLUBS NINE,0.6128,0.0036,0.3836
SPADES NINE CLUBS TWO,0.649,0.0034,0.3476
HEARTS SEVEN CLUBS QUEEN,0.6348,0.0048,0.3604
DIAMONDS JACK HEARTS QUEEN,0.5576,0.0064,0.436
CLUBS ACE CLUBS KING,0.2314,0.0446,0.724
SPADES QUEEN CLUBS FOUR,0.6314,0.0044,0.3642
CLUBS JACK CLUBS SIX,0.606,0.0026,0.3914
HEARTS THREE DIAMONDS FIVE,0.6466,0.007,0.3464
CLUBS THREE CLUBS ACE,0.493,0.2104,0.2966
SPADES SEVEN SPADES TWO,0.6264,0.0032,0.3704
DIAMONDS JACK DIAMONDS SEVEN,0.604,0.0028,0.3932
SPADES SIX CLUBS ACE,0.5528,0.2186,0.2286
SPADES EIGHT SPADES FIVE,0.6692,0.0236,0.3072
CLUBS FIVE DIAMONDS NINE,0.6466,0.0032,0.3502
SPADES JACK DIAMONDS KING,0.567,0.0024,0.4306
HEARTS SIX SPADES QUEEN,0.6348,0.0022,0.363
HEARTS SEVEN CLUBS TWO,0.6822,0.0028,0.315
SPADES TEN CLUBS FIVE,0.6294,0.0036,0.367
HEARTS SIX CLUBS FIVE,0.6134,0.0044,0.3822
SPADES JACK HEARTS QUEEN,0.5768,0.0036,0.4196
HEARTS FOUR HEARTS JACK,0.5974,0.0054,0.3972
SPADES TEN DIAMONDS NINE,0.5704,0.0038,0.4258
CLUBS QUEEN HEARTS NINE,0.582,0.0056,0.4124
SPADES EIGHT CLUBS KING,0.7418,0.0242,0.234
DIAMONDS JACK SPADES TWO,0.6326,0.0056,0.3618
CLUBS SEVEN SPADES THREE,0.6532,0.0032,0.3436
CLUBS NINE DIAMONDS TEN,0.5658,0.004,0.4302
HEARTS SEVEN DIAMONDS THREE,0.665,0.0034,0.3316
SPADES NINE HEARTS TWO,0.641,0.0044,0.3546
CLUBS SEVEN CLUBS QUEEN,0.598,0.0036,0.3984
SPADES ACE SPADES SEVEN,0.5018,0.2202,0.278
CLUBS TWO DIAMONDS SEVEN,0.6886,0.0044,0.307
SPADES KING DIAMONDS QUEEN,0.5702,0.0038,0.426
HEARTS THREE SPADES FIVE,0.6406,0.0046,0.3548
CLUBS TWO CLUBS KING,0.6002,0.003,0.3968
HEARTS FIVE HEARTS QUEEN,0.6016,0.0046,0.3938
HEARTS ACE HEARTS NINE,0.2252,0.17,0.6048
CLUBS SIX HEARTS TEN,0.6206,0.0036,0.3758
HEARTS THREE CLUBS TWO,0.655,0.0058,0.3392
CLUBS FOUR HEARTS TEN,0.633,0.0048,0.3622
DIAMONDS QUEEN HEARTS JACK,0.5648,0.0064,0.4288
HEARTS FOUR HEARTS NINE,0.6148,0.0052,0.38
HEARTS KING CLUBS ACE,0.2494,0.0548,0.6958
DIAMONDS THREE CLUBS TEN,0.6408,0.0072,0.352
DIAMONDS THREE HEARTS QUEEN,0.6402,0.0056,0.3542
CLUBS TEN HEARTS TEN,0.3076,0.0034,0.689
CLUBS EIGHT DIAMONDS NINE,0.695,0.0202,0.2848
SPADES SEVEN CLUBS KING,0.6376,0.0028,0.3596
HEARTS TWO HEARTS JACK,0.5982,0.005,0.3968
HEARTS SEVEN CLUBS SIX,0.6304,0.0044,0.3652
HEARTS FOUR CLUBS TWO,0.6646,0.005,0.3304
CLUBS SEVEN SPADES FIVE,0.6296,0.0032,0.3672
SPADES TWO HEARTS JACK,0.6402,0.005,0.3548
DIAMONDS KING SPADES SEVEN,0.639,0.0062,0.3548
SPADES NINE HEARTS ACE,0.2244,0.1724,0.6032
HEARTS TWO SPADES FIVE,0.6592,0.0058,0.335
CLUBS SEVEN DIAMONDS SIX,0.6398,0.0026,0.3576
HEARTS JACK HEARTS NINE,0.5398,0.0048,0.4554
HEARTS FIVE DIAMONDS TEN,0.634,0.0046,0.3614
HEARTS FOUR DIAMONDS FOUR,0.4598,0.007,0.5332
DIAMONDS FIVE HEARTS NINE,0.6358,0.0068,0.3574
CLUBS TWO CLUBS ACE,0.499,0.2086,0.2924
HEARTS FOUR DIAMONDS NINE,0.6538,0.0034,0.3428
CLUBS JACK DIAMONDS FIVE,0.6368,0.0042,0.359
HEARTS FOUR CLUBS SEVEN,0.6424,0.0054,0.3522
HEARTS FIVE HEARTS FOUR,0.5912,0.0056,0.4032
SPADES THREE DIAMONDS SEVEN,0.6738,0.0036,0.3226
DIAMONDS NINE CLUBS KING,0.6024,0.0034,0.3942
HEARTS SEVEN HEARTS TEN,0.586,0.002,0.412
CLUBS TEN HEARTS TWO,0.653,0.0044,0.3426
HEARTS FIVE HEARTS JACK,0.597,0.0082,0.3948
DIAMONDS TWO SPADES SIX,0.6736,0.0036,0.3228
SPADES ACE CLUBS TWO,0.531,0.2218,0.2472
HEARTS FOUR DIAMONDS FIVE,0.625,0.0064,0.3686
HEARTS KING HEARTS JACK,0.5642,0.0062,0.4296
CLUBS EIGHT DIAMONDS FIVE,0.7218,0.028,0.2502
HEARTS TWO HEARTS ACE,0.4944,0.2322,0.2734
SPADES KING DIAMONDS NINE,0.6046,0.003,0.3924
DIAMONDS TWO HEARTS QUEEN,0.6436,0.0062,0.3502
SPADES KING CLUBS TEN,0.5886,0.0026,0.4088
CLUBS SEVEN DIAMONDS NINE,0.6184,0.0032,0.3784
DIAMONDS SEVEN DIAMONDS SIX,0.6046,0.0042,0.3912
SPADES TEN DIAMONDS TEN,0.3232,0.002,0.6748
CLUBS THREE CLUBS KING,0.5926,0.0034,0.404
SPADES SEVEN DIAMONDS FOUR,0.6612,0.0028,0.336
SPADES KING CLUBS KING,0.2994,0.003,0.6976
CLUBS TEN CLUBS KING,0.543,0.0036,0.4534
SPADES NINE DIAMONDS SEVEN,0.6164,0.0034,0.3802
DIAMONDS THREE CLUBS NINE,0.649,0.0036,0.3474
SPADES JACK DIAMONDS FOUR,0.6316,0.0042,0.3642
HEARTS THREE HEARTS TWO,0.636,0.0064,0.3576
CLUBS NINE DIAMONDS JACK,0.5884,0.0038,0.4078
CLUBS SIX DIAMONDS FIVE,0.6296,0.0046,0.3658
SPADES JACK DIAMONDS SIX,0.6456,0.0046,0.3498
SPADES KING SPADES JACK,0.5428,0.0044,0.4528
SPADES FIVE CLUBS KING,0.6328,0.0042,0.363
CLUBS SIX DIAMONDS NINE,0.6144,0.0042,0.3814
DIAMONDS KING SPADES FOUR,0.6422,0.0044,0.3534
HEARTS THREE HEARTS ACE,0.4976,0.2224,0.28
HEARTS THREE HEARTS QUEEN,0.608,0.0042,0.3878
SPADES FIVE HEARTS KING,0.6268,0.002,0.3712
SPADES FOUR CLUBS QUEEN,0.638,0.0036,0.3584
DIAMONDS THREE CLUBS FOUR,0.6488,0.0054,0.3458
DIAMONDS THREE SPADES SIX,0.6608,0.0036,0.3356
CLUBS FOUR HEARTS KING,0.6284,0.0044,0.3672
HEARTS QUEEN HEARTS JACK,0.5572,0.004,0.4388
SPADES QUEEN HEARTS TEN,0.5696,0.0028,0.4276
DIAMONDS KING DIAMONDS SEVEN,0.6198,0.0042,0.376
CLUBS EIGHT SPADES TWO,0.7456,0.0308,0.2236
CLUBS JACK CLUBS SEVEN,0.587,0.003,0.41
SPADES ACE HEARTS SIX,0.558,0.223,0.219
SPADES FIVE DIAMONDS SEVEN,0.6388,0.003,0.3582
DIAMONDS JACK HEARTS TEN,0.5532,0.0036,0.4432
CLUBS FOUR CLUBS ACE,0.4934,0.219,0.2876
DIAMONDS KING SPADES TWO,0.6434,0.0052,0.3514
DIAMONDS KING CLUBS QUEEN,0.5622,0.0036,0.4342
CLUBS EIGHT DIAMONDS SIX,0.6998,0.0282,0.272
HEARTS SEVEN CLUBS EIGHT,0.6936,0.0244,0.282
HEARTS FIVE SPADES EIGHT,0.7316,0.029,0.2394
HEARTS TWO CLUBS ACE,0.5404,0.2254,0.2342
CLUBS FOUR DIAMONDS QUEEN,0.6408,0.0036,0.3556
DIAMONDS QUEEN SPADES THREE,0.6412,0.0036,0.3552
CLUBS NINE CLUBS KING,0.5636,0.0028,0.4336
CLUBS THREE DIAMONDS NINE,0.664,0.0044,0.3316
HEARTS FIVE DIAMONDS SIX,0.6294,0.0072,0.3634
DIAMONDS TEN DIAMONDS FOUR,0.6166,0.0042,0.3792
DIAMONDS THREE SPADES SEVEN,0.666,0.0036,0.3304
CLUBS JACK DIAMONDS QUEEN,0.5712,0.0032,0.4256
HEARTS SIX CLUBS SIX,0.4584,0.0034,0.5382
HEARTS SIX CLUBS KING,0.6502,0.004,0.3458
SPADES THREE HEARTS NINE,0.636,0.004,0.36
DIAMONDS THREE HEARTS NINE,0.648,0.0052,0.3468
CLUBS SIX DIAMONDS JACK,0.639,0.0034,0.3576
CLUBS TEN HEARTS JACK,0.5568,0.0034,0.4398
DIAMONDS TEN HEARTS KING,0.564,0.0052,0.4308
HEARTS TEN DIAMONDS FOUR,0.6408,0.0046,0.3546
CLUBS FIVE SPADES SEVEN,0.6302,0.0034,0.3664
HEARTS JACK CLUBS KING,0.568,0.0038,0.4282
HEARTS TEN DIAMONDS FIVE,0.6234,0.0046,0.372
SPADES QUEEN HEARTS JACK,0.5662,0.0022,0.4316
DIAMONDS SEVEN CLUBS ACE,0.5492,0.2302,0.2206
HEARTS SEVEN SPADES FIVE,0.6398,0.0036,0.3566
CLUBS NINE SPADES THREE,0.636,0.005,0.359
SPADES SIX CLUBS QUEEN,0.64,0.002,0.358
SPADES EIGHT DIAMONDS KING,0.7476,0.0222,0.2302
DIAMONDS TWO SPADES EIGHT,0.7398,0.0316,0.2286
SPADES ACE CLUBS SEVEN,0.5354,0.2246,0.24
SPADES TEN SPADES SEVEN,0.571,0.0042,0.4248
HEARTS KING DIAMONDS SIX,0.6348,0.007,0.3582
HEARTS FIVE SPADES JACK,0.6312,0.0032,0.3656
CLUBS SEVEN HEARTS TEN,0.624,0.0038,0.3722
HEARTS FIVE HEARTS KING,0.5988,0.005,0.3962
HEARTS FOUR CLUBS FIVE,0.6218,0.005,0.3732
DIAMONDS THREE HEARTS KING,0.6372,0.0072,0.3556
CLUBS JACK SPADES JACK,0.318,0.0026,0.6794
CLUBS TEN DIAMONDS FOUR,0.6378,0.0044,0.3578
SPADES EIGHT SPADES THREE,0.7088,0.0304,0.2608
DIAMONDS NINE SPADES THREE,0.6452,0.0046,0.3502
CLUBS NINE SPADES FOUR,0.6402,0.0028,0.357
SPADES ACE HEARTS FIVE,0.5396,0.2286,0.2318
HEARTS TWO SPADES FOUR,0.6526,0.0054,0.342
CLUBS NINE HEARTS JACK,0.5842,0.006,0.4098
SPADES QUEEN DIAMONDS QUEEN,0.3004,0.0042,0.6954
CLUBS EIGHT HEARTS TWO,0.747,0.0326,0.2204
CLUBS FIVE CLUBS THREE,0.589,0.0044,0.4066
CLUBS SEVEN CLUBS ACE,0.4996,0.228,0.2724
HEARTS TWO HEARTS KING,0.6032,0.0066,0.3902
CLUBS SEVEN DIAMONDS FOUR,0.6564,0.004,0.3396
CLUBS JACK DIAMONDS SIX,0.6456,0.0032,0.3512
DIAMONDS TWO HEARTS TEN,0.6422,0.005,0.3528
CLUBS FIVE HEARTS TEN,0.6496,0.0046,0.3458
SPADES JACK DIAMONDS EIGHT,0.7158,0.0222,0.262
HEARTS SEVEN HEARTS THREE,0.6408,0.0044,0.3548
DIAMONDS THREE SPADES KING,0.6322,0.004,0.3638
CLUBS TEN SPADES SEVEN,0.6202,0.0032,0.3766
HEARTS FOUR SPADES THREE,0.6572,0.0038,0.339
DIAMONDS NINE DIAMONDS FIVE,0.5994,0.0042,0.3964
DIAMONDS SIX CLUBS KING,0.6348,0.0038,0.3614
DIAMONDS SEVEN DIAMONDS FIVE,0.6068,0.0068,0.3864
SPADES QUEEN CLUBS SIX,0.6268,0.0048,0.3684
HEARTS SEVEN SPADES QUEEN,0.6548,0.005,0.3402
CLUBS EIGHT SPADES NINE,0.6914,0.0196,0.289
HEARTS SEVEN SPADES NINE,0.6184,0.0028,0.3788
CLUBS JACK DIAMONDS EIGHT,0.7186,0.026,0.2554
SPADES TEN DIAMONDS QUEEN,0.5692,0.0052,0.4256
SPADES EIGHT DIAMONDS TEN,0.7016,0.0254,0.273
CLUBS TWO HEARTS TEN,0.638,0.0048,0.3572
DIAMONDS THREE DIAMONDS EIGHT,0.7232,0.0288,0.248
SPADES ACE DIAMONDS THREE,0.5304,0.2336,0.236
SPADES ACE CLUBS FIVE,0.5266,0.2252,0.2482
SPADES NINE DIAMONDS SIX,0.6264,0.0022,0.3714
DIAMONDS QUEEN CLUBS TWO,0.639,0.0054,0.3556
SPADES ACE DIAMONDS FIVE,0.531,0.2342,0.2348
SPADES JACK HEARTS FOUR,0.642,0.0044,0.3536
SPADES SEVEN DIAMONDS SEVEN,0.4502,0.003,0.5468
HEARTS FOUR CLUBS QUEEN,0.6352,0.0056,0.3592
SPADES ACE DIAMONDS JACK,0.248,0.0862,0.6658
SPADES QUEEN CLUBS NINE,0.5928,0.0042,0.403
SPADES NINE CLUBS FOUR,0.6406,0.0048,0.3546
CLUBS FIVE HEARTS ACE,0.5246,0.2254,0.25
CLUBS THREE CLUBS TWO,0.6144,0.0048,0.3808
HEARTS THREE DIAMONDS TEN,0.6538,0.0066,0.3396
SPADES QUEEN DIAMONDS EIGHT,0.7248,0.027,0.2482
SPADES QUEEN HEARTS QUEEN,0.3088,0.003,0.6882
DIAMONDS TEN HEARTS TEN,0.3068,0.0036,0.6896
SPADES QUEEN CLUBS THREE,0.6306,0.0044,0.365
CLUBS EIGHT HEARTS NINE,0.6916,0.0234,0.285
CLUBS SIX SPADES SIX,0.4454,0.0054,0.5492
SPADES ACE SPADES EIGHT,0.02,0.908,0.072
CLUBS SEVEN SPADES EIGHT,0.7028,0.0222,0.275
SPADES THREE CLUBS KING,0.6398,0.004,0.3562
DIAMONDS THREE CLUBS QUEEN,0.6424,0.0042,0.3534
HEARTS QUEEN DIAMONDS SEVEN,0.649,0.005,0.346
CLUBS TEN CLUBS ACE,0.2256,0.1112,0.6632
CLUBS EIGHT DIAMONDS EIGHT,0.313,0.0282,0.6588
HEARTS SEVEN DIAMONDS SEVEN,0.4604,0.004,0.5356
HEARTS FIVE SPADES TWO,0.6522,0.0044,0.3434
HEARTS SEVEN SPADES FOUR,0.6668,0.0042,0.329
DIAMONDS THREE DIAMONDS TWO,0.6354,0.0056,0.359
HEARTS ACE CLUBS ACE,0.0586,0.0154,0.926
DIAMONDS EIGHT CLUBS KING,0.7488,0.0242,0.227
CLUBS FOUR DIAMONDS NINE,0.6506,0.0044,0.345
SPADES QUEEN HEARTS ACE,0.2528,0.06,0.6872
HEARTS SIX HEARTS QUEEN,0.6056,0.0056,0.3888
HEARTS SIX HEARTS NINE,0.5882,0.0042,0.4076
SPADES ACE CLUBS SIX,0.558,0.216,0.226
DIAMONDS TWO SPADES NINE,0.6446,0.0056,0.3498
HEARTS SEVEN DIAMONDS KING,0.6404,0.003,0.3566
CLUBS FOUR CLUBS TWO,0.6118,0.004,0.3842
SPADES JACK DIAMONDS FIVE,0.6346,0.0038,0.3616
CLUBS SIX DIAMONDS QUEEN,0.6404,0.0032,0.3564
DIAMONDS THREE DIAMONDS FOUR,0.6064,0.0068,0.3868
HEARTS THREE DIAMONDS NINE,0.6566,0.0042,0.3392
CLUBS ACE DIAMONDS SIX,0.557,0.2192,0.2238
SPADES ACE CLUBS ACE,0.0736,0.0162,0.9102
SPADES JACK SPADES EIGHT,0.6792,0.0234,0.2974
CLUBS EIGHT CLUBS QUEEN,0.6768,0.0224,0.3008
CLUBS NINE DIAMONDS QUEEN,0.5962,0.0046,0.3992
SPADES JACK SPADES TWO,0.614,0.004,0.382
SPADES ACE HEARTS QUEEN,0.2432,0.0582,0.6986
DIAMONDS TWO CLUBS FIVE,0.6524,0.0058,0.3418
SPADES JACK CLUBS FOUR,0.6342,0.0036,0.3622
SPADES FIVE HEARTS ACE,0.5218,0.237,0.2412
DIAMONDS THREE SPADES TWO,0.6476,0.0044,0.348
HEARTS SEVEN SPADES KING,0.6406,0.0034,0.356
