opposingHand,winningChance,drawChance,lostChance
HEARTS FIVE SPADES NINE
SPADES FIVE CLUBS JACK,0.2578,0.0562,0.686
CLUBS TEN SPADES FIVE,0.2558,0.0814,0.6628
CLUBS EIGHT CLUBS JACK,0.3276,0.019,0.6534
CLUBS TEN CLUBS EIGHT,0.3218,0.0236,0.6546
CLUBS EIGHT CLUBS KING,0.3532,0.0078,0.639
SPADES FIVE CLUBS ACE,0.2582,0.022,0.7198
CLUBS EIGHT CLUBS QUEEN,0.355,0.009,0.636
SPADES FIVE CLUBS KING,0.2656,0.0332,0.7012
SPADES FIVE CLUBS QUEEN,0.2486,0.045,0.7064
CLUBS EIGHT CLUBS ACE,0.3368,0.0052,0.658
DIAMONDS TWO DIAMONDS THREE,0.5736,0.0428,0.3836
DIAMONDS TWO DIAMONDS FIVE,0.5988,0.1092,0.292
DIAMONDS TWO DIAMONDS FOUR,0.5784,0.046,0.3756
DIAMONDS TWO DIAMONDS SEVEN,0.5744,0.0432,0.3824
DIAMONDS TWO DIAMONDS SIX,0.5666,0.0438,0.3896
DIAMONDS TWO DIAMONDS NINE,0.318,0.4264,0.2556
DIAMONDS TWO DIAMONDS EIGHT,0.5828,0.0352,0.382
DIAMONDS THREE DIAMONDS FOUR,0.5576,0.041,0.4014
SPADES FOUR CLUBS TWO,0.6074,0.0452,0.3474
DIAMONDS THREE DIAMONDS FIVE,0.5714,0.1036,0.325
SPADES FIVE CLUBS TWO,0.643,0.103,0.254
CLUBS TWO SPADES TWO,0.4124,0.0772,0.5104
CLUBS TWO SPADES THREE,0.6112,0.046,0.3428
DIAMONDS THREE DIAMONDS EIGHT,0.5846,0.037,0.3784
SPADES EIGHT CLUBS TWO,0.6148,0.0438,0.3414
DIAMONDS THREE DIAMONDS NINE,0.3158,0.426,0.2582
DIAMONDS THREE DIAMONDS SIX,0.562,0.042,0.396
SPADES SIX CLUBS TWO,0.611,0.0466,0.3424
DIAMONDS THREE DIAMONDS SEVEN,0.5586,0.041,0.4004
SPADES SEVEN CLUBS TWO,0.6318,0.0474,0.3208
CLUBS SIX CLUBS TWO,0.5634,0.0422,0.3944
CLUBS SEVEN CLUBS TWO,0.5824,0.0408,0.3768
CLUBS FOUR CLUBS TWO,0.5802,0.0398,0.38
CLUBS FIVE CLUBS TWO,0.5894,0.1084,0.3022
CLUBS TEN CLUBS JACK,0.2906,0.0128,0.6966
DIAMONDS FOUR DIAMONDS SIX,0.553,0.042,0.405
CLUBS TEN CLUBS QUEEN,0.297,0.0088,0.6942
DIAMONDS FOUR DIAMONDS SEVEN,0.542,0.041,0.417
CLUBS TEN CLUBS KING,0.3096,0.0066,0.6838
CLUBS TEN CLUBS ACE,0.313,0.0046,0.6824
CLUBS EIGHT CLUBS TWO,0.554,0.0356,0.4104
DIAMONDS FIVE DIAMONDS FOUR,0.5756,0.113,0.3114
CLUBS NINE CLUBS TWO,0.2912,0.4424,0.2664
DIAMONDS NINE DIAMONDS FOUR,0.3084,0.4232,0.2684
DIAMONDS EIGHT DIAMONDS FOUR,0.5732,0.036,0.3908
CLUBS THREE CLUBS TWO,0.577,0.0474,0.3756
DIAMONDS NINE DIAMONDS FIVE,0.0256,0.9038,0.0706
DIAMONDS TWO CLUBS JACK,0.4038,0.0186,0.5776
DIAMONDS EIGHT DIAMONDS FIVE,0.5958,0.1054,0.2988
CLUBS TEN DIAMONDS TWO,0.396,0.027,0.577
DIAMONDS FIVE DIAMONDS SEVEN,0.592,0.0996,0.3084
DIAMONDS FIVE DIAMONDS SIX,0.5874,0.1022,0.3104
DIAMONDS TWO CLUBS ACE,0.3866,0.0038,0.6096
DIAMONDS TWO CLUBS KING,0.407,0.0092,0.5838
DIAMONDS TWO CLUBS QUEEN,0.4126,0.0126,0.5748
DIAMONDS EIGHT DIAMONDS SIX,0.5246,0.037,0.4384
DIAMONDS NINE DIAMONDS SIX,0.1962,0.35,0.4538
HEARTS ACE SPADES THREE,0.3902,0.0054,0.6044
SPADES THREE HEARTS KING,0.403,0.0094,0.5876
DIAMONDS SEVEN DIAMONDS SIX,0.516,0.0402,0.4438
SPADES THREE HEARTS QUEEN,0.3976,0.0138,0.5886
SPADES THREE HEARTS JACK,0.4028,0.0202,0.577
SPADES THREE HEARTS TEN,0.3976,0.0264,0.576
DIAMONDS EIGHT DIAMONDS SEVEN,0.495,0.0384,0.4666
DIAMONDS NINE DIAMONDS SEVEN,0.2164,0.279,0.5046
DIAMONDS NINE DIAMONDS EIGHT,0.2164,0.222,0.5616
DIAMONDS KING HEARTS TEN,0.3206,0.0064,0.673
HEARTS THREE HEARTS TEN,0.3744,0.0266,0.599
SPADES JACK CLUBS SIX,0.3638,0.0178,0.6184
DIAMONDS KING HEARTS JACK,0.3268,0.0068,0.6664
HEARTS THREE HEARTS JACK,0.3938,0.0156,0.5906
SPADES TEN CLUBS SIX,0.3692,0.0252,0.6056
SPADES JACK SPADES FIVE,0.2424,0.0594,0.6982
SPADES TEN SPADES FIVE,0.2518,0.0834,0.6648
DIAMONDS KING HEARTS ACE,0.34,0.0032,0.6568
HEARTS THREE HEARTS ACE,0.381,0.0044,0.6146
SPADES ACE CLUBS SIX,0.374,0.0048,0.6212
DIAMONDS KING HEARTS QUEEN,0.3364,0.0066,0.657
HEARTS THREE HEARTS QUEEN,0.3896,0.0138,0.5966
SPADES KING CLUBS SIX,0.3688,0.0062,0.625
DIAMONDS KING HEARTS KING,0.1422,0.0142,0.8436
HEARTS THREE HEARTS KING,0.383,0.0078,0.6092
SPADES QUEEN CLUBS SIX,0.3606,0.0132,0.6262
SPADES QUEEN SPADES FIVE,0.2414,0.0448,0.7138
SPADES KING SPADES FIVE,0.2332,0.0364,0.7304
SPADES ACE SPADES FIVE,0.2366,0.026,0.7374
CLUBS TEN SPADES JACK,0.3206,0.0106,0.6688
CLUBS TEN SPADES TEN,0.1502,0.0348,0.815
SPADES ACE CLUBS TEN,0.334,0.0046,0.6614
SPADES KING CLUBS TEN,0.327,0.0048,0.6682
CLUBS TEN SPADES QUEEN,0.319,0.0126,0.6684
SPADES FIVE HEARTS QUEEN,0.2492,0.046,0.7048
SPADES FIVE HEARTS KING,0.2418,0.0388,0.7194
SPADES FIVE HEARTS ACE,0.2414,0.0204,0.7382
CLUBS EIGHT SPADES TEN,0.3334,0.0208,0.6458
HEARTS THREE SPADES JACK,0.3962,0.0192,0.5846
SPADES JACK DIAMONDS KING,0.3294,0.0048,0.6658
SPADES TEN DIAMONDS KING,0.3236,0.0068,0.6696
HEARTS THREE SPADES TEN,0.39,0.0286,0.5814
SPADES JACK CLUBS EIGHT,0.3442,0.02,0.6358
CLUBS SIX HEARTS ACE,0.3722,0.0026,0.6252
SPADES ACE CLUBS EIGHT,0.3724,0.0036,0.624
CLUBS SIX HEARTS QUEEN,0.3618,0.01,0.6282
SPADES QUEEN CLUBS EIGHT,0.3534,0.0114,0.6352
CLUBS TEN SPADES THREE,0.4082,0.025,0.5668
CLUBS SIX HEARTS KING,0.3646,0.0064,0.629
SPADES KING CLUBS EIGHT,0.3704,0.0086,0.621
SPADES THREE CLUBS JACK,0.408,0.017,0.575
DIAMONDS TWO HEARTS JACK,0.4004,0.017,0.5826
SPADES THREE CLUBS QUEEN,0.3996,0.0124,0.588
DIAMONDS TWO HEARTS TEN,0.3898,0.0298,0.5804
SPADES THREE CLUBS KING,0.4016,0.0096,0.5888
SPADES FIVE HEARTS TEN,0.2454,0.082,0.6726
SPADES THREE CLUBS ACE,0.3886,0.0048,0.6066
SPADES FIVE HEARTS JACK,0.242,0.0614,0.6966
HEARTS THREE CLUBS KING,0.4028,0.0116,0.5856
DIAMONDS KING CLUBS KING,0.1596,0.0116,0.8288
HEARTS THREE CLUBS QUEEN,0.4092,0.0138,0.577
DIAMONDS KING CLUBS QUEEN,0.346,0.0062,0.6478
HEARTS THREE CLUBS ACE,0.3846,0.0044,0.611
DIAMONDS KING CLUBS ACE,0.3406,0.0038,0.6556
SPADES ACE CLUBS QUEEN,0.3416,0.0054,0.653
SPADES KING CLUBS QUEEN,0.3358,0.0064,0.6578
HEARTS THREE CLUBS JACK,0.4072,0.0162,0.5766
DIAMONDS KING CLUBS JACK,0.3436,0.0052,0.6512
SPADES QUEEN CLUBS QUEEN,0.1446,0.0208,0.8346
CLUBS TEN HEARTS THREE,0.387,0.0322,0.5808
CLUBS TEN DIAMONDS KING,0.344,0.0066,0.6494
SPADES JACK CLUBS QUEEN,0.3202,0.0108,0.669
CLUBS SIX CLUBS QUEEN,0.3476,0.0102,0.6422
SPADES TEN CLUBS QUEEN,0.3196,0.012,0.6684
CLUBS SIX CLUBS KING,0.342,0.0064,0.6516
CLUBS SIX CLUBS ACE,0.339,0.003,0.658
CLUBS TEN CLUBS SIX,0.3502,0.0242,0.6256
CLUBS SIX CLUBS JACK,0.3506,0.0212,0.6282
SPADES SEVEN HEARTS JACK,0.36,0.0176,0.6224
SPADES SEVEN HEARTS TEN,0.3384,0.03,0.6316
DIAMONDS TWO CLUBS TWO,0.3918,0.0814,0.5268
DIAMONDS TWO CLUBS THREE,0.6126,0.0428,0.3446
DIAMONDS TWO HEARTS SIX,0.6012,0.0486,0.3502
DIAMONDS TWO HEARTS QUEEN,0.4072,0.013,0.5798
HEARTS SEVEN DIAMONDS TWO,0.599,0.0468,0.3542
DIAMONDS TWO HEARTS KING,0.4096,0.01,0.5804
DIAMONDS TWO HEARTS EIGHT,0.6054,0.0448,0.3498
DIAMONDS TWO HEARTS ACE,0.3934,0.0046,0.602
DIAMONDS TWO HEARTS NINE,0.3282,0.4464,0.2254
DIAMONDS TWO DIAMONDS QUEEN,0.3796,0.0128,0.6076
DIAMONDS TWO HEARTS TWO,0.3912,0.0876,0.5212
DIAMONDS TWO DIAMONDS KING,0.384,0.0094,0.6066
HEARTS THREE DIAMONDS TWO,0.5998,0.0484,0.3518
DIAMONDS TWO DIAMONDS ACE,0.356,0.006,0.638
HEARTS FOUR DIAMONDS TWO,0.61,0.0428,0.3472
SPADES SEVEN HEARTS ACE,0.3618,0.0058,0.6324
DIAMONDS TWO DIAMONDS TEN,0.3786,0.0278,0.5936
SPADES SEVEN HEARTS KING,0.364,0.0078,0.6282
DIAMONDS TWO DIAMONDS JACK,0.3726,0.0192,0.6082
SPADES SEVEN HEARTS QUEEN,0.369,0.0122,0.6188
DIAMONDS TWO SPADES EIGHT,0.6214,0.0402,0.3384
DIAMONDS TWO SPADES SEVEN,0.6384,0.0406,0.321
DIAMONDS TWO SPADES SIX,0.6058,0.044,0.3502
DIAMONDS TWO SPADES FIVE,0.6368,0.1118,0.2514
DIAMONDS TWO SPADES FOUR,0.625,0.0442,0.3308
DIAMONDS TWO SPADES THREE,0.6222,0.0466,0.3312
DIAMONDS TWO SPADES TWO,0.3932,0.0894,0.5174
CLUBS NINE DIAMONDS TWO,0.3346,0.4472,0.2182
DIAMONDS TWO CLUBS EIGHT,0.6086,0.042,0.3494
CLUBS SEVEN DIAMONDS TWO,0.6194,0.0408,0.3398
DIAMONDS TWO CLUBS SIX,0.5996,0.041,0.3594
DIAMONDS TWO CLUBS FIVE,0.6298,0.1102,0.26
DIAMONDS TWO CLUBS FOUR,0.6112,0.0434,0.3454
CLUBS FOUR SPADES FIVE,0.6254,0.1122,0.2624
CLUBS FOUR SPADES FOUR,0.387,0.0834,0.5296
CLUBS FOUR SPADES THREE,0.6074,0.0394,0.3532
CLUBS FOUR SPADES TWO,0.6152,0.044,0.3408
SPADES EIGHT CLUBS FOUR,0.612,0.0456,0.3424
SPADES SEVEN CLUBS FOUR,0.5966,0.042,0.3614
SPADES SIX CLUBS FOUR,0.5896,0.0414,0.369
SPADES ACE DIAMONDS SIX,0.363,0.0038,0.6332
SPADES QUEEN DIAMONDS SIX,0.3642,0.0102,0.6256
SPADES KING DIAMONDS SIX,0.3614,0.009,0.6296
SPADES TEN DIAMONDS SIX,0.3602,0.0234,0.6164
SPADES JACK DIAMONDS SIX,0.3694,0.0186,0.612
SPADES QUEEN SPADES TWO,0.3842,0.0112,0.6046
SPADES KING SPADES TWO,0.3926,0.0086,0.5988
SPADES ACE SPADES TWO,0.38,0.0072,0.6128
DIAMONDS JACK CLUBS JACK,0.1582,0.029,0.8128
CLUBS TEN DIAMONDS JACK,0.3302,0.0144,0.6554
DIAMONDS JACK CLUBS KING,0.3332,0.0074,0.6594
DIAMONDS JACK CLUBS QUEEN,0.3292,0.011,0.6598
DIAMONDS THREE DIAMONDS JACK,0.3818,0.0184,0.5998
DIAMONDS THREE DIAMONDS TEN,0.3814,0.0256,0.593
DIAMONDS JACK CLUBS ACE,0.3356,0.0044,0.66
DIAMONDS THREE DIAMONDS KING,0.375,0.01,0.615
HEARTS THREE DIAMONDS THREE,0.3826,0.0768,0.5406
DIAMONDS THREE DIAMONDS QUEEN,0.37,0.0138,0.6162
DIAMONDS THREE HEARTS TWO,0.612,0.0484,0.3396
DIAMONDS THREE DIAMONDS ACE,0.3564,0.0064,0.6372
HEARTS FOUR DIAMONDS THREE,0.593,0.0486,0.3584
HEARTS SEVEN DIAMONDS THREE,0.6088,0.045,0.3462
HEARTS SIX DIAMONDS THREE,0.595,0.043,0.362
DIAMONDS THREE HEARTS NINE,0.321,0.4622,0.2168
HEARTS JACK DIAMONDS FOUR,0.404,0.021,0.575
HEARTS ACE HEARTS KING,0.3204,0.0058,0.6738
SPADES TEN SPADES TWO,0.3838,0.0282,0.588
DIAMONDS THREE HEARTS EIGHT,0.607,0.0486,0.3444
HEARTS TEN DIAMONDS FOUR,0.39,0.0294,0.5806
SPADES JACK SPADES TWO,0.3846,0.0144,0.601
HEARTS QUEEN DIAMONDS FOUR,0.3984,0.0094,0.5922
HEARTS KING DIAMONDS FOUR,0.396,0.009,0.595
HEARTS ACE DIAMONDS FOUR,0.3826,0.0052,0.6122
DIAMONDS THREE SPADES EIGHT,0.6188,0.047,0.3342
DIAMONDS THREE SPADES SEVEN,0.601,0.0438,0.3552
DIAMONDS THREE SPADES SIX,0.5948,0.0446,0.3606
DIAMONDS THREE CLUBS SIX,0.587,0.0432,0.3698
CLUBS FIVE CLUBS SIX,0.5844,0.1028,0.3128
CLUBS ACE DIAMONDS FOUR,0.379,0.0042,0.6168
CLUBS SEVEN DIAMONDS THREE,0.6022,0.048,0.3498
CLUBS SEVEN CLUBS FIVE,0.5946,0.096,0.3094
DIAMONDS THREE CLUBS FOUR,0.5992,0.041,0.3598
DIAMONDS FOUR CLUBS QUEEN,0.3948,0.0126,0.5926
DIAMONDS THREE CLUBS FIVE,0.619,0.108,0.273
CLUBS KING DIAMONDS FOUR,0.3942,0.008,0.5978
DIAMONDS THREE CLUBS TWO,0.6126,0.045,0.3424
CLUBS TEN DIAMONDS FOUR,0.3942,0.0272,0.5786
DIAMONDS THREE CLUBS THREE,0.3922,0.0796,0.5282
DIAMONDS FOUR CLUBS JACK,0.401,0.0168,0.5822
DIAMONDS THREE SPADES FOUR,0.6066,0.0454,0.348
DIAMONDS THREE SPADES FIVE,0.6278,0.1056,0.2666
DIAMONDS THREE SPADES TWO,0.62,0.049,0.331
DIAMONDS THREE SPADES THREE,0.3972,0.0834,0.5194
CLUBS EIGHT DIAMONDS THREE,0.609,0.043,0.348
CLUBS NINE DIAMONDS THREE,0.3288,0.445,0.2262
SPADES SEVEN CLUBS ACE,0.3696,0.0052,0.6252
SPADES SEVEN CLUBS QUEEN,0.374,0.0142,0.6118
SPADES SEVEN CLUBS KING,0.3784,0.008,0.6136
CLUBS FIVE SPADES SEVEN,0.6332,0.098,0.2688
CLUBS TEN SPADES SEVEN,0.3526,0.0244,0.623
CLUBS FIVE SPADES SIX,0.618,0.1166,0.2654
SPADES SEVEN CLUBS JACK,0.35,0.017,0.633
CLUBS FIVE SPADES EIGHT,0.6372,0.1058,0.257
CLUBS FIVE SPADES THREE,0.6208,0.1108,0.2684
CLUBS FIVE SPADES TWO,0.6304,0.1126,0.257
CLUBS FIVE SPADES FIVE,0.2696,0.0654,0.665
CLUBS FIVE SPADES FOUR,0.6248,0.1048,0.2704
CLUBS NINE CLUBS FIVE,0.0206,0.9078,0.0716
CLUBS EIGHT CLUBS FIVE,0.6164,0.1006,0.283
CLUBS ACE CLUBS QUEEN,0.3192,0.004,0.6768
CLUBS KING CLUBS QUEEN,0.3124,0.0054,0.6822
DIAMONDS TEN DIAMONDS FOUR,0.3724,0.0284,0.5992
CLUBS TEN DIAMONDS NINE,0.2214,0.0768,0.7018
DIAMONDS JACK DIAMONDS FOUR,0.3848,0.016,0.5992
DIAMONDS NINE CLUBS JACK,0.2386,0.057,0.7044
DIAMONDS ACE DIAMONDS FOUR,0.3644,0.0054,0.6302
HEARTS FOUR DIAMONDS FOUR,0.3986,0.0856,0.5158
DIAMONDS JACK HEARTS TEN,0.3076,0.0136,0.6788
DIAMONDS TWO SPADES TEN,0.4032,0.032,0.5648
DIAMONDS NINE CLUBS ACE,0.2398,0.0232,0.737
DIAMONDS JACK HEARTS JACK,0.1568,0.029,0.8142
DIAMONDS TWO SPADES JACK,0.3934,0.0174,0.5892
DIAMONDS QUEEN DIAMONDS FOUR,0.3794,0.013,0.6076
HEARTS TWO DIAMONDS FOUR,0.6324,0.0446,0.323
DIAMONDS NINE CLUBS QUEEN,0.253,0.0448,0.7022
DIAMONDS KING DIAMONDS FOUR,0.3796,0.0094,0.611
HEARTS THREE DIAMONDS FOUR,0.5954,0.0492,0.3554
DIAMONDS NINE CLUBS KING,0.2456,0.0344,0.72
HEARTS ACE DIAMONDS JACK,0.3336,0.0048,0.6616
SPADES ACE DIAMONDS TWO,0.3926,0.0046,0.6028
HEARTS QUEEN DIAMONDS JACK,0.3114,0.0082,0.6804
SPADES QUEEN DIAMONDS TWO,0.4138,0.0116,0.5746
DIAMONDS JACK HEARTS KING,0.3424,0.006,0.6516
SPADES KING DIAMONDS TWO,0.4006,0.0096,0.5898
SPADES JACK SPADES SEVEN,0.3434,0.0166,0.64
SPADES TEN SPADES SEVEN,0.3276,0.0266,0.6458
CLUBS SEVEN CLUBS THREE,0.5616,0.0424,0.396
CLUBS SIX CLUBS THREE,0.568,0.0412,0.3908
CLUBS FIVE CLUBS THREE,0.5646,0.1016,0.3338
CLUBS THREE CLUBS FOUR,0.561,0.0392,0.3998
CLUBS NINE CLUBS THREE,0.3078,0.4286,0.2636
CLUBS EIGHT CLUBS THREE,0.5732,0.0452,0.3816
CLUBS THREE SPADES FIVE,0.6168,0.1128,0.2704
CLUBS THREE SPADES FOUR,0.595,0.0456,0.3594
CLUBS THREE SPADES THREE,0.387,0.0844,0.5286
CLUBS THREE SPADES TWO,0.6244,0.0472,0.3284
CLUBS THREE SPADES SIX,0.6026,0.0414,0.356
SPADES SEVEN CLUBS THREE,0.63,0.04,0.33
SPADES EIGHT CLUBS THREE,0.6284,0.045,0.3266
SPADES TWO DIAMONDS FOUR,0.6152,0.043,0.3418
SPADES THREE DIAMONDS FOUR,0.5988,0.0438,0.3574
SPADES FOUR DIAMONDS FOUR,0.3776,0.086,0.5364
SPADES FIVE DIAMONDS FOUR,0.6194,0.1158,0.2648
SPADES SIX DIAMONDS FOUR,0.5942,0.046,0.3598
SPADES SEVEN DIAMONDS FOUR,0.5984,0.0436,0.358
SPADES EIGHT DIAMONDS FOUR,0.603,0.044,0.353
CLUBS FIVE DIAMONDS FOUR,0.6182,0.1064,0.2754
CLUBS FOUR DIAMONDS FOUR,0.374,0.083,0.543
CLUBS SEVEN DIAMONDS FOUR,0.5978,0.0426,0.3596
CLUBS SIX DIAMONDS FOUR,0.5762,0.0474,0.3764
CLUBS NINE DIAMONDS FOUR,0.3348,0.448,0.2172
CLUBS EIGHT DIAMONDS FOUR,0.6078,0.0432,0.349
HEARTS SEVEN DIAMONDS FOUR,0.5956,0.0452,0.3592
HEARTS SIX DIAMONDS FOUR,0.589,0.047,0.364
DIAMONDS FOUR HEARTS NINE,0.3196,0.46,0.2204
DIAMONDS FOUR HEARTS EIGHT,0.6014,0.0424,0.3562
CLUBS THREE DIAMONDS FOUR,0.5904,0.0474,0.3622
CLUBS TWO DIAMONDS FOUR,0.6176,0.0466,0.3358
DIAMONDS TEN DIAMONDS FIVE,0.235,0.0746,0.6904
DIAMONDS JACK DIAMONDS FIVE,0.2442,0.058,0.6978
DIAMONDS NINE HEARTS QUEEN,0.2464,0.0462,0.7074
DIAMONDS NINE HEARTS KING,0.2444,0.0362,0.7194
HEARTS ACE DIAMONDS NINE,0.2374,0.0278,0.7348
DIAMONDS NINE HEARTS TEN,0.2038,0.0798,0.7164
DIAMONDS NINE HEARTS JACK,0.2436,0.0616,0.6948
CLUBS KING DIAMONDS SIX,0.3584,0.0058,0.6358
CLUBS QUEEN DIAMONDS SIX,0.3676,0.0076,0.6248
CLUBS ACE DIAMONDS SIX,0.3692,0.003,0.6278
SPADES KING DIAMONDS FOUR,0.4014,0.0086,0.59
SPADES ACE SPADES SEVEN,0.3508,0.0056,0.6436
SPADES QUEEN DIAMONDS FOUR,0.3966,0.0174,0.586
SPADES QUEEN SPADES SEVEN,0.3668,0.0098,0.6234
CLUBS JACK DIAMONDS SIX,0.3646,0.017,0.6184
SPADES KING SPADES SEVEN,0.3474,0.0086,0.644
SPADES ACE DIAMONDS FOUR,0.4034,0.0046,0.592
CLUBS TEN DIAMONDS SIX,0.3644,0.0262,0.6094
CLUBS NINE CLUBS FOUR,0.3052,0.4298,0.265
CLUBS EIGHT CLUBS FOUR,0.5552,0.048,0.3968
SPADES JACK DIAMONDS FOUR,0.3918,0.0188,0.5894
SPADES TEN DIAMONDS FOUR,0.3978,0.0252,0.577
CLUBS FIVE CLUBS FOUR,0.5628,0.1048,0.3324
CLUBS SEVEN CLUBS FOUR,0.5624,0.0378,0.3998
CLUBS SIX CLUBS FOUR,0.5528,0.0432,0.404
CLUBS SEVEN SPADES EIGHT,0.5448,0.0396,0.4156
CLUBS SEVEN SPADES SIX,0.5312,0.0474,0.4214
CLUBS SEVEN SPADES SEVEN,0.28,0.0682,0.6518
CLUBS SEVEN SPADES FIVE,0.6412,0.1036,0.2552
CLUBS SEVEN SPADES FOUR,0.6036,0.0446,0.3518
CLUBS SEVEN SPADES THREE,0.6062,0.0418,0.352
CLUBS SEVEN SPADES TWO,0.632,0.0418,0.3262
CLUBS NINE CLUBS SEVEN,0.2032,0.2832,0.5136
CLUBS SEVEN CLUBS EIGHT,0.507,0.0392,0.4538
HEARTS SIX DIAMONDS FIVE,0.6244,0.1056,0.27
HEARTS SEVEN DIAMONDS FIVE,0.6188,0.1132,0.268
DIAMONDS FIVE HEARTS EIGHT,0.6412,0.1064,0.2524
DIAMONDS FIVE HEARTS NINE,0.0104,0.972,0.0176
DIAMONDS QUEEN DIAMONDS FIVE,0.2376,0.0468,0.7156
HEARTS TWO DIAMONDS FIVE,0.642,0.1118,0.2462
HEARTS KING HEARTS EIGHT,0.3622,0.0084,0.6294
DIAMONDS KING DIAMONDS FIVE,0.2374,0.0332,0.7294
HEARTS THREE DIAMONDS FIVE,0.6188,0.1052,0.276
HEARTS QUEEN HEARTS EIGHT,0.3524,0.0134,0.6342
DIAMONDS ACE DIAMONDS FIVE,0.2258,0.0222,0.752
HEARTS FOUR DIAMONDS FIVE,0.6236,0.1076,0.2688
HEARTS ACE HEARTS EIGHT,0.3506,0.0038,0.6456
CLUBS FOUR DIAMONDS FIVE,0.6064,0.1138,0.2798
CLUBS FIVE DIAMONDS FIVE,0.2664,0.0598,0.6738
CLUBS SIX DIAMONDS FIVE,0.6336,0.1034,0.263
CLUBS SEVEN DIAMONDS FIVE,0.6348,0.1064,0.2588
CLUBS TWO DIAMONDS FIVE,0.6276,0.1098,0.2626
CLUBS THREE DIAMONDS FIVE,0.5988,0.1128,0.2884
SPADES THREE DIAMONDS FIVE,0.624,0.1134,0.2626
SPADES TWO DIAMONDS FIVE,0.6296,0.1104,0.26
SPADES JACK DIAMONDS EIGHT,0.3532,0.0208,0.626
SPADES FIVE DIAMONDS FIVE,0.296,0.0648,0.6392
CLUBS TEN HEARTS JACK,0.3202,0.0146,0.6652
SPADES TEN DIAMONDS EIGHT,0.3292,0.023,0.6478
SPADES FOUR DIAMONDS FIVE,0.6176,0.1184,0.264
HEARTS JACK CLUBS JACK,0.1592,0.0316,0.8092
HEARTS JACK CLUBS QUEEN,0.329,0.0098,0.6612
CLUBS NINE DIAMONDS FIVE,0.0236,0.957,0.0194
CLUBS KING HEARTS JACK,0.332,0.0052,0.6628
CLUBS EIGHT DIAMONDS FIVE,0.6314,0.1124,0.2562
CLUBS ACE HEARTS JACK,0.3326,0.0034,0.664
SPADES SEVEN DIAMONDS FIVE,0.6342,0.1004,0.2654
SPADES KING DIAMONDS EIGHT,0.3794,0.006,0.6146
SPADES SIX DIAMONDS FIVE,0.6138,0.1162,0.27
SPADES QUEEN DIAMONDS EIGHT,0.367,0.0104,0.6226
SPADES EIGHT DIAMONDS FIVE,0.6438,0.1166,0.2396
SPADES ACE DIAMONDS EIGHT,0.3626,0.0052,0.6322
DIAMONDS TEN DIAMONDS SIX,0.3338,0.024,0.6422
HEARTS ACE DIAMONDS SEVEN,0.36,0.0058,0.6342
DIAMONDS JACK DIAMONDS SIX,0.3498,0.0168,0.6334
HEARTS QUEEN DIAMONDS SEVEN,0.3786,0.011,0.6104
HEARTS KING DIAMONDS SEVEN,0.3578,0.0086,0.6336
DIAMONDS ACE DIAMONDS SIX,0.3542,0.005,0.6408
HEARTS FOUR DIAMONDS SIX,0.5824,0.0434,0.3742
SPADES TWO HEARTS JACK,0.3968,0.023,0.5802
SPADES TWO HEARTS TEN,0.4082,0.0268,0.565
DIAMONDS QUEEN DIAMONDS SIX,0.3438,0.011,0.6452
HEARTS TWO DIAMONDS SIX,0.6006,0.0464,0.353
DIAMONDS KING DIAMONDS SIX,0.3476,0.0084,0.644
HEARTS THREE DIAMONDS SIX,0.5986,0.0412,0.3602
HEARTS EIGHT DIAMONDS SIX,0.558,0.045,0.397
HEARTS NINE DIAMONDS SIX,0.2144,0.3794,0.4062
HEARTS SIX DIAMONDS SIX,0.262,0.0754,0.6626
HEARTS SEVEN DIAMONDS SIX,0.5414,0.0382,0.4204
HEARTS TEN DIAMONDS SEVEN,0.3484,0.0264,0.6252
CLUBS TWO DIAMONDS SIX,0.5982,0.0394,0.3624
HEARTS JACK DIAMONDS SEVEN,0.3568,0.0206,0.6226
CLUBS THREE DIAMONDS SIX,0.5974,0.0436,0.359
CLUBS SEVEN DIAMONDS SIX,0.5322,0.0442,0.4236
DIAMONDS EIGHT CLUBS JACK,0.3478,0.0178,0.6344
CLUBS SIX DIAMONDS SIX,0.2862,0.0666,0.6472
CLUBS TEN DIAMONDS EIGHT,0.3354,0.0232,0.6414
CLUBS FIVE DIAMONDS SIX,0.6228,0.107,0.2702
CLUBS FOUR DIAMONDS SIX,0.5822,0.0448,0.373
HEARTS ACE HEARTS JACK,0.3258,0.0058,0.6684
DIAMONDS EIGHT CLUBS ACE,0.363,0.0038,0.6332
HEARTS QUEEN HEARTS JACK,0.3038,0.012,0.6842
DIAMONDS EIGHT CLUBS KING,0.3754,0.0062,0.6184
CLUBS NINE DIAMONDS SIX,0.2276,0.3674,0.405
HEARTS KING HEARTS JACK,0.3184,0.0082,0.6734
DIAMONDS EIGHT CLUBS QUEEN,0.3652,0.0114,0.6234
CLUBS EIGHT DIAMONDS SIX,0.5382,0.042,0.4198
SPADES TEN HEARTS KING,0.325,0.008,0.667
SPADES FIVE DIAMONDS SIX,0.6252,0.1066,0.2682
HEARTS ACE SPADES TWO,0.404,0.0048,0.5912
SPADES JACK HEARTS KING,0.3268,0.006,0.6672
SPADES FOUR DIAMONDS SIX,0.5822,0.0454,0.3724
SPADES THREE DIAMONDS SIX,0.5922,0.0446,0.3632
HEARTS QUEEN SPADES TWO,0.421,0.0136,0.5654
SPADES ACE SPADES KING,0.3304,0.0028,0.6668
SPADES TWO HEARTS KING,0.4208,0.008,0.5712
SPADES TWO DIAMONDS SIX,0.6104,0.0466,0.343
HEARTS TEN HEARTS EIGHT,0.3234,0.024,0.6526
HEARTS JACK HEARTS EIGHT,0.332,0.0164,0.6516
SPADES EIGHT DIAMONDS SIX,0.5574,0.0374,0.4052
SPADES SEVEN DIAMONDS SIX,0.532,0.04,0.428
SPADES SIX DIAMONDS SIX,0.2898,0.0758,0.6344
SPADES KING HEARTS KING,0.1442,0.015,0.8408
SPADES QUEEN HEARTS KING,0.315,0.01,0.675
CLUBS ACE CLUBS KING,0.3166,0.0046,0.6788
SPADES ACE HEARTS KING,0.334,0.002,0.664
SPADES ACE HEARTS JACK,0.3248,0.005,0.6702
SPADES QUEEN HEARTS JACK,0.318,0.0088,0.6732
SPADES KING HEARTS JACK,0.3196,0.0052,0.6752
SPADES TEN DIAMONDS TEN,0.152,0.0364,0.8116
SPADES JACK DIAMONDS TEN,0.312,0.0152,0.6728
SPADES ACE DIAMONDS TEN,0.337,0.0038,0.6592
SPADES JACK HEARTS JACK,0.1466,0.0302,0.8232
SPADES TEN HEARTS JACK,0.2964,0.0136,0.69
SPADES QUEEN DIAMONDS TEN,0.3108,0.0096,0.6796
SPADES KING DIAMONDS TEN,0.3248,0.0072,0.668
SPADES EIGHT DIAMONDS SEVEN,0.539,0.0398,0.4212
SPADES SEVEN DIAMONDS SEVEN,0.267,0.0626,0.6704
SPADES SIX DIAMONDS SEVEN,0.551,0.045,0.404
DIAMONDS KING DIAMONDS SEVEN,0.3496,0.0066,0.6438
HEARTS THREE DIAMONDS SEVEN,0.618,0.0398,0.3422
HEARTS KING DIAMONDS FIVE,0.2478,0.033,0.7192
DIAMONDS QUEEN DIAMONDS SEVEN,0.3456,0.0114,0.643
HEARTS TWO DIAMONDS SEVEN,0.6166,0.0438,0.3396
HEARTS QUEEN DIAMONDS FIVE,0.2472,0.043,0.7098
DIAMONDS ACE DIAMONDS SEVEN,0.3268,0.0034,0.6698
HEARTS FOUR DIAMONDS SEVEN,0.6066,0.046,0.3474
HEARTS ACE DIAMONDS FIVE,0.2442,0.023,0.7328
HEARTS SEVEN DIAMONDS SEVEN,0.276,0.0618,0.6622
HEARTS SIX DIAMONDS SEVEN,0.5376,0.0372,0.4252
DIAMONDS SEVEN HEARTS NINE,0.2254,0.2768,0.4978
HEARTS EIGHT DIAMONDS SEVEN,0.5404,0.0414,0.4182
DIAMONDS JACK DIAMONDS SEVEN,0.3376,0.017,0.6454
DIAMONDS FIVE HEARTS JACK,0.246,0.0636,0.6904
DIAMONDS TEN DIAMONDS SEVEN,0.332,0.023,0.645
HEARTS TEN DIAMONDS FIVE,0.2396,0.0862,0.6742
SPADES KING CLUBS TWO,0.4042,0.008,0.5878
HEARTS KING CLUBS KING,0.1398,0.0116,0.8486
CLUBS EIGHT DIAMONDS SEVEN,0.5562,0.0394,0.4044
SPADES QUEEN CLUBS TWO,0.4068,0.014,0.5792
HEARTS KING CLUBS QUEEN,0.3352,0.0058,0.659
CLUBS NINE DIAMONDS SEVEN,0.227,0.2938,0.4792
SPADES TWO CLUBS JACK,0.4004,0.0188,0.5808
SPADES ACE CLUBS TWO,0.388,0.0052,0.6068
CLUBS TEN SPADES TWO,0.4028,0.0254,0.5718
HEARTS KING CLUBS ACE,0.3336,0.005,0.6614
CLUBS SEVEN CLUBS SIX,0.5056,0.0438,0.4506
SPADES TWO CLUBS KING,0.4196,0.0082,0.5722
SPADES TWO DIAMONDS SEVEN,0.624,0.042,0.334
CLUBS EIGHT CLUBS SIX,0.51,0.0398,0.4502
SPADES THREE DIAMONDS SEVEN,0.6094,0.0424,0.3482
SPADES TWO CLUBS QUEEN,0.411,0.0108,0.5782
CLUBS NINE CLUBS SIX,0.2158,0.3606,0.4236
SPADES FOUR DIAMONDS SEVEN,0.6016,0.0472,0.3512
HEARTS KING CLUBS JACK,0.333,0.0096,0.6574
SPADES FIVE DIAMONDS SEVEN,0.6398,0.1044,0.2558
SPADES TWO CLUBS ACE,0.3936,0.004,0.6024
CLUBS TEN HEARTS KING,0.3222,0.0072,0.6706
CLUBS SIX SPADES TWO,0.6194,0.041,0.3396
CLUBS SIX SPADES THREE,0.5962,0.0438,0.36
CLUBS TWO DIAMONDS SEVEN,0.6196,0.0466,0.3338
CLUBS SIX SPADES FOUR,0.5852,0.0448,0.37
CLUBS THREE DIAMONDS SEVEN,0.597,0.0394,0.3636
CLUBS SIX SPADES FIVE,0.6132,0.1082,0.2786
CLUBS FOUR DIAMONDS SEVEN,0.584,0.0472,0.3688
CLUBS SIX SPADES SIX,0.2762,0.0722,0.6516
CLUBS FIVE DIAMONDS SEVEN,0.6282,0.105,0.2668
CLUBS SIX SPADES SEVEN,0.5272,0.0418,0.431
CLUBS SIX DIAMONDS SEVEN,0.5336,0.0402,0.4262
SPADES EIGHT CLUBS SIX,0.5512,0.0454,0.4034
SPADES JACK CLUBS TWO,0.4068,0.0148,0.5784
CLUBS SEVEN DIAMONDS SEVEN,0.2772,0.0652,0.6576
SPADES TEN CLUBS TWO,0.4066,0.0294,0.564
CLUBS TWO CLUBS QUEEN,0.3756,0.0126,0.6118
CLUBS TWO CLUBS KING,0.3804,0.0084,0.6112
CLUBS THREE DIAMONDS EIGHT,0.6132,0.0422,0.3446
CLUBS TWO CLUBS ACE,0.3666,0.0058,0.6276
CLUBS TWO DIAMONDS EIGHT,0.6078,0.0422,0.35
HEARTS SEVEN DIAMONDS EIGHT,0.5364,0.04,0.4236
HEARTS SIX DIAMONDS EIGHT,0.5518,0.041,0.4072
DIAMONDS EIGHT HEARTS NINE,0.2212,0.2202,0.5586
CLUBS TEN CLUBS TWO,0.375,0.0262,0.5988
DIAMONDS EIGHT HEARTS EIGHT,0.2552,0.0568,0.688
CLUBS TWO CLUBS JACK,0.3646,0.0206,0.6148
CLUBS NINE DIAMONDS EIGHT,0.2348,0.2244,0.5408
CLUBS EIGHT DIAMONDS EIGHT,0.2748,0.0548,0.6704
CLUBS FIVE DIAMONDS EIGHT,0.6384,0.1086,0.253
SPADES ACE SPADES THREE,0.3842,0.0048,0.611
CLUBS FOUR DIAMONDS EIGHT,0.6142,0.039,0.3468
CLUBS SEVEN DIAMONDS EIGHT,0.5428,0.042,0.4152
SPADES QUEEN SPADES THREE,0.3706,0.014,0.6154
CLUBS SIX DIAMONDS EIGHT,0.5434,0.0434,0.4132
SPADES KING SPADES THREE,0.3894,0.0086,0.602
DIAMONDS QUEEN DIAMONDS EIGHT,0.3354,0.0126,0.652
HEARTS TWO DIAMONDS EIGHT,0.6184,0.0422,0.3394
DIAMONDS KING DIAMONDS EIGHT,0.342,0.0056,0.6524
HEARTS THREE DIAMONDS EIGHT,0.6234,0.045,0.3316
DIAMONDS ACE DIAMONDS EIGHT,0.3516,0.004,0.6444
HEARTS FOUR DIAMONDS EIGHT,0.5888,0.0426,0.3686
DIAMONDS EIGHT DIAMONDS TEN,0.3162,0.027,0.6568
DIAMONDS EIGHT DIAMONDS JACK,0.3144,0.0182,0.6674
SPADES JACK SPADES THREE,0.3754,0.0222,0.6024
SPADES TEN SPADES THREE,0.3804,0.029,0.5906
CLUBS FOUR HEARTS ACE,0.3874,0.0054,0.6072
CLUBS FOUR HEARTS QUEEN,0.397,0.0134,0.5896
CLUBS FOUR HEARTS KING,0.3876,0.0084,0.604
CLUBS SIX HEARTS TEN,0.3496,0.031,0.6194
CLUBS SIX HEARTS JACK,0.362,0.0166,0.6214
SPADES FOUR DIAMONDS EIGHT,0.6076,0.0398,0.3526
SPADES FIVE DIAMONDS EIGHT,0.65,0.103,0.247
DIAMONDS EIGHT SPADES TWO,0.6124,0.0442,0.3434
DIAMONDS EIGHT SPADES THREE,0.641,0.0424,0.3166
CLUBS FOUR HEARTS JACK,0.3944,0.0206,0.585
SPADES EIGHT DIAMONDS EIGHT,0.2754,0.0582,0.6664
SPADES TEN DIAMONDS QUEEN,0.312,0.0088,0.6792
SPADES TEN HEARTS TWO,0.3958,0.028,0.5762
SPADES JACK HEARTS EIGHT,0.3356,0.017,0.6474
CLUBS FOUR HEARTS TEN,0.3928,0.0264,0.5808
SPADES TEN HEARTS EIGHT,0.332,0.0284,0.6396
SPADES JACK HEARTS TWO,0.4016,0.0206,0.5778
SPADES JACK DIAMONDS QUEEN,0.3142,0.012,0.6738
SPADES SIX DIAMONDS EIGHT,0.547,0.0398,0.4132
SPADES SEVEN DIAMONDS EIGHT,0.5594,0.0444,0.3962
SPADES ACE HEARTS TWO,0.387,0.0042,0.6088
SPADES ACE DIAMONDS QUEEN,0.333,0.0054,0.6616
SPADES ACE HEARTS EIGHT,0.3586,0.0064,0.635
SPADES KING HEARTS EIGHT,0.366,0.0086,0.6254
SPADES QUEEN HEARTS TWO,0.4052,0.014,0.5808
SPADES QUEEN DIAMONDS QUEEN,0.1386,0.024,0.8374
SPADES KING DIAMONDS QUEEN,0.3332,0.0062,0.6606
SPADES KING HEARTS TWO,0.393,0.0098,0.5972
SPADES QUEEN HEARTS EIGHT,0.3444,0.0086,0.647
CLUBS TWO HEARTS TEN,0.4064,0.0276,0.566
CLUBS TWO HEARTS JACK,0.4058,0.0196,0.5746
SPADES SEVEN DIAMONDS NINE,0.2282,0.2916,0.4802
SPADES SIX DIAMONDS NINE,0.2128,0.3868,0.4004
SPADES EIGHT DIAMONDS NINE,0.2336,0.2338,0.5326
SPADES TEN CLUBS KING,0.3332,0.0062,0.6606
DIAMONDS NINE SPADES THREE,0.3338,0.4596,0.2066
SPADES JACK CLUBS KING,0.3318,0.0066,0.6616
DIAMONDS NINE SPADES TWO,0.3458,0.4488,0.2054
SPADES FIVE DIAMONDS NINE,0.0144,0.974,0.0116
DIAMONDS NINE SPADES FOUR,0.32,0.4694,0.2106
CLUBS NINE DIAMONDS NINE,0.0994,0.0674,0.8332
CLUBS EIGHT DIAMONDS NINE,0.2214,0.2248,0.5538
CLUBS SIX DIAMONDS NINE,0.223,0.3688,0.4082
SPADES JACK CLUBS FOUR,0.3934,0.014,0.5926
CLUBS SEVEN DIAMONDS NINE,0.2254,0.3038,0.4708
SPADES TEN CLUBS FOUR,0.4012,0.0264,0.5724
CLUBS FOUR DIAMONDS NINE,0.3246,0.4522,0.2232
CLUBS FIVE DIAMONDS NINE,0.0208,0.9526,0.0266
DIAMONDS NINE CLUBS TWO,0.3294,0.447,0.2236
CLUBS THREE DIAMONDS NINE,0.3288,0.4524,0.2188
DIAMONDS NINE HEARTS EIGHT,0.226,0.2238,0.5502
DIAMONDS NINE HEARTS NINE,0.0878,0.0684,0.8438
HEARTS SIX DIAMONDS NINE,0.21,0.3844,0.4056
HEARTS SEVEN DIAMONDS NINE,0.2162,0.2892,0.4946
CLUBS NINE CLUBS EIGHT,0.201,0.216,0.583
DIAMONDS ACE DIAMONDS NINE,0.2346,0.025,0.7404
HEARTS FOUR DIAMONDS NINE,0.3308,0.4586,0.2106
HEARTS ACE CLUBS TWO,0.3894,0.0046,0.606
SPADES ACE CLUBS FOUR,0.3834,0.0048,0.6118
DIAMONDS QUEEN DIAMONDS NINE,0.2318,0.0474,0.7208
HEARTS TWO DIAMONDS NINE,0.3424,0.453,0.2046
CLUBS TWO HEARTS KING,0.402,0.0084,0.5896
SPADES KING CLUBS FOUR,0.4108,0.0094,0.5798
DIAMONDS KING DIAMONDS NINE,0.237,0.0334,0.7296
HEARTS THREE DIAMONDS NINE,0.3468,0.4408,0.2124
CLUBS TWO HEARTS QUEEN,0.4092,0.0136,0.5772
SPADES QUEEN CLUBS FOUR,0.3892,0.0136,0.5972
DIAMONDS NINE DIAMONDS JACK,0.2192,0.056,0.7248
DIAMONDS NINE DIAMONDS TEN,0.2138,0.0782,0.708
CLUBS EIGHT SPADES EIGHT,0.2824,0.0554,0.6622
CLUBS EIGHT SPADES SEVEN,0.5536,0.0426,0.4038
CLUBS EIGHT SPADES SIX,0.565,0.0436,0.3914
CLUBS EIGHT SPADES FIVE,0.6374,0.1062,0.2564
CLUBS EIGHT SPADES FOUR,0.6098,0.0408,0.3494
CLUBS EIGHT SPADES THREE,0.6216,0.0486,0.3298
CLUBS EIGHT SPADES TWO,0.6204,0.046,0.3336
HEARTS SIX DIAMONDS TEN,0.371,0.0248,0.6042
HEARTS SEVEN DIAMONDS TEN,0.3498,0.0246,0.6256
DIAMONDS TEN HEARTS EIGHT,0.338,0.0236,0.6384
CLUBS FOUR CLUBS JACK,0.375,0.0184,0.6066
DIAMONDS TEN HEARTS NINE,0.22,0.0682,0.7118
CLUBS TEN CLUBS FOUR,0.381,0.0254,0.5936
CLUBS FOUR CLUBS KING,0.377,0.0062,0.6168
CLUBS FOUR CLUBS QUEEN,0.3894,0.0114,0.5992
CLUBS TWO DIAMONDS TEN,0.404,0.0268,0.5692
CLUBS THREE DIAMONDS TEN,0.3976,0.0286,0.5738
CLUBS FOUR CLUBS ACE,0.3556,0.0048,0.6396
DIAMONDS JACK DIAMONDS TEN,0.298,0.0114,0.6906
DIAMONDS QUEEN DIAMONDS TEN,0.298,0.01,0.692
HEARTS TWO DIAMONDS TEN,0.407,0.0282,0.5648
DIAMONDS KING DIAMONDS TEN,0.3024,0.0066,0.691
HEARTS THREE DIAMONDS TEN,0.4122,0.025,0.5628
DIAMONDS ACE DIAMONDS TEN,0.304,0.0048,0.6912
HEARTS FOUR DIAMONDS TEN,0.396,0.0282,0.5758
CLUBS EIGHT HEARTS JACK,0.3512,0.0176,0.6312
CLUBS EIGHT HEARTS TEN,0.3312,0.0238,0.645
CLUBS EIGHT HEARTS QUEEN,0.3574,0.0116,0.631
CLUBS EIGHT HEARTS KING,0.3802,0.0074,0.6124
CLUBS EIGHT HEARTS ACE,0.3594,0.0038,0.6368
CLUBS NINE SPADES THREE,0.3424,0.446,0.2116
CLUBS NINE SPADES TWO,0.3338,0.4728,0.1934
CLUBS NINE SPADES FIVE,0.0166,0.9738,0.0096
CLUBS NINE SPADES FOUR,0.3282,0.4586,0.2132
CLUBS NINE SPADES SEVEN,0.2352,0.3018,0.463
CLUBS NINE SPADES SIX,0.2224,0.3794,0.3982
CLUBS TEN HEARTS EIGHT,0.3384,0.025,0.6366
CLUBS NINE SPADES EIGHT,0.222,0.237,0.541
HEARTS EIGHT CLUBS JACK,0.3676,0.0176,0.6148
CLUBS QUEEN HEARTS EIGHT,0.3664,0.0108,0.6228
CLUBS KING HEARTS EIGHT,0.364,0.0078,0.6282
CLUBS ACE HEARTS EIGHT,0.3634,0.005,0.6316
SPADES KING CLUBS KING,0.152,0.0144,0.8336
SPADES QUEEN CLUBS KING,0.3286,0.0068,0.6646
SPADES ACE CLUBS KING,0.3298,0.0038,0.6664
DIAMONDS ACE HEARTS TEN,0.322,0.0038,0.6742
HEARTS FOUR HEARTS TEN,0.3868,0.0314,0.5818
DIAMONDS ACE HEARTS JACK,0.3296,0.0048,0.6656
HEARTS FOUR HEARTS JACK,0.379,0.0156,0.6054
SPADES KING CLUBS FIVE,0.252,0.039,0.709
SPADES QUEEN CLUBS FIVE,0.2498,0.0488,0.7014
SPADES ACE CLUBS FIVE,0.2432,0.0242,0.7326
HEARTS SEVEN DIAMONDS JACK,0.3534,0.0158,0.6308
HEARTS SIX DIAMONDS JACK,0.3744,0.0156,0.61
DIAMONDS JACK HEARTS NINE,0.2326,0.0602,0.7072
DIAMONDS JACK HEARTS EIGHT,0.3448,0.0188,0.6364
DIAMONDS KING DIAMONDS JACK,0.3052,0.007,0.6878
HEARTS THREE DIAMONDS JACK,0.3956,0.0194,0.585
SPADES ACE SPADES SIX,0.348,0.0042,0.6478
HEARTS ACE SPADES FOUR,0.3894,0.0052,0.6054
DIAMONDS QUEEN DIAMONDS JACK,0.3128,0.009,0.6782
HEARTS TWO DIAMONDS JACK,0.426,0.021,0.553
SPADES QUEEN SPADES SIX,0.341,0.0092,0.6498
SPADES FOUR HEARTS QUEEN,0.4116,0.0126,0.5758
DIAMONDS ACE DIAMONDS JACK,0.3214,0.0048,0.6738
HEARTS FOUR DIAMONDS JACK,0.3944,0.0164,0.5892
SPADES KING SPADES SIX,0.3662,0.0096,0.6242
SPADES FOUR HEARTS KING,0.4134,0.0068,0.5798
SPADES TEN SPADES SIX,0.3442,0.0228,0.633
SPADES JACK SPADES SIX,0.3436,0.022,0.6344
SPADES FOUR DIAMONDS JACK,0.4062,0.0186,0.5752
SPADES FIVE DIAMONDS JACK,0.248,0.0608,0.6912
DIAMONDS JACK SPADES TWO,0.402,0.0162,0.5818
SPADES THREE DIAMONDS JACK,0.3952,0.0226,0.5822
SPADES ACE DIAMONDS THREE,0.3914,0.006,0.6026
SPADES QUEEN DIAMONDS THREE,0.4094,0.0114,0.5792
CLUBS EIGHT DIAMONDS JACK,0.3492,0.0144,0.6364
SPADES KING DIAMONDS THREE,0.394,0.0078,0.5982
CLUBS NINE DIAMONDS JACK,0.2398,0.051,0.7092
CLUBS SIX DIAMONDS JACK,0.3632,0.0202,0.6166
CLUBS SEVEN DIAMONDS JACK,0.3692,0.0174,0.6134
CLUBS FOUR DIAMONDS JACK,0.3956,0.0162,0.5882
CLUBS FIVE DIAMONDS JACK,0.2538,0.068,0.6782
CLUBS TWO DIAMONDS JACK,0.4124,0.0206,0.567
CLUBS THREE DIAMONDS JACK,0.4014,0.0172,0.5814
SPADES TEN CLUBS FIVE,0.2484,0.0768,0.6748
SPADES JACK HEARTS SIX,0.359,0.017,0.624
HEARTS SIX SPADES TEN,0.3554,0.0232,0.6214
SPADES JACK CLUBS FIVE,0.2404,0.0636,0.696
SPADES JACK DIAMONDS THREE,0.3868,0.0164,0.5968
CLUBS SEVEN CLUBS ACE,0.3386,0.0052,0.6562
DIAMONDS THREE SPADES TEN,0.3938,0.0312,0.575
CLUBS SEVEN CLUBS QUEEN,0.3514,0.0134,0.6352
CLUBS SEVEN CLUBS KING,0.344,0.0092,0.6468
CLUBS TEN CLUBS SEVEN,0.314,0.0242,0.6618
DIAMONDS ACE HEARTS ACE,0.1366,0.004,0.8594
HEARTS FOUR HEARTS ACE,0.3614,0.004,0.6346
SPADES EIGHT DIAMONDS JACK,0.3592,0.0172,0.6236
SPADES ACE HEARTS SIX,0.3568,0.0058,0.6374
CLUBS SEVEN CLUBS JACK,0.3448,0.014,0.6412
DIAMONDS ACE HEARTS KING,0.3344,0.0042,0.6614
HEARTS FOUR HEARTS KING,0.3966,0.0094,0.594
SPADES SEVEN DIAMONDS JACK,0.3704,0.0178,0.6118
SPADES KING HEARTS SIX,0.361,0.0076,0.6314
DIAMONDS ACE HEARTS QUEEN,0.3392,0.0044,0.6564
HEARTS FOUR HEARTS QUEEN,0.3806,0.0132,0.6062
SPADES SIX DIAMONDS JACK,0.3894,0.0186,0.592
SPADES QUEEN HEARTS SIX,0.3526,0.0126,0.6348
SPADES TWO DIAMONDS TEN,0.4146,0.0292,0.5562
SPADES THREE DIAMONDS TEN,0.4094,0.0278,0.5628
SPADES FOUR DIAMONDS TEN,0.3982,0.0286,0.5732
SPADES FIVE DIAMONDS TEN,0.2564,0.0754,0.6682
SPADES SIX DIAMONDS TEN,0.3642,0.025,0.6108
SPADES SEVEN DIAMONDS TEN,0.3624,0.0248,0.6128
SPADES EIGHT DIAMONDS TEN,0.34,0.027,0.633
CLUBS FOUR DIAMONDS TEN,0.3984,0.0272,0.5744
CLUBS FIVE DIAMONDS TEN,0.2608,0.0768,0.6624
CLUBS SIX DIAMONDS TEN,0.357,0.0262,0.6168
CLUBS SEVEN DIAMONDS TEN,0.3476,0.0272,0.6252
CLUBS EIGHT DIAMONDS TEN,0.3426,0.0272,0.6302
CLUBS NINE DIAMONDS TEN,0.2264,0.0832,0.6904
DIAMONDS THREE CLUBS JACK,0.3988,0.0168,0.5844
CLUBS TEN DIAMONDS THREE,0.3994,0.0238,0.5768
DIAMONDS THREE CLUBS KING,0.4124,0.0086,0.579
DIAMONDS THREE CLUBS QUEEN,0.4022,0.0108,0.587
DIAMONDS THREE CLUBS ACE,0.382,0.0046,0.6134
SPADES FOUR HEARTS JACK,0.3992,0.0186,0.5822
SPADES FOUR HEARTS TEN,0.3902,0.0352,0.5746
SPADES FIVE SPADES TWO,0.598,0.1184,0.2836
SPADES FOUR SPADES TWO,0.5888,0.0432,0.368
SPADES THREE SPADES TWO,0.578,0.047,0.375
SPADES EIGHT SPADES TWO,0.5908,0.0384,0.3708
SPADES SEVEN SPADES TWO,0.59,0.0424,0.3676
SPADES SIX SPADES TWO,0.589,0.0402,0.3708
DIAMONDS QUEEN CLUBS THREE,0.4142,0.0122,0.5736
CLUBS THREE HEARTS TWO,0.6196,0.0486,0.3318
DIAMONDS QUEEN CLUBS TWO,0.4058,0.0118,0.5824
HEARTS TWO CLUBS TWO,0.4036,0.0836,0.5128
HEARTS SEVEN DIAMONDS QUEEN,0.3668,0.0128,0.6204
HEARTS SEVEN HEARTS TWO,0.5922,0.04,0.3678
HEARTS SIX DIAMONDS QUEEN,0.3652,0.011,0.6238
HEARTS SIX HEARTS TWO,0.5734,0.0426,0.384
DIAMONDS QUEEN HEARTS NINE,0.2314,0.045,0.7236
HEARTS TWO HEARTS NINE,0.3088,0.446,0.2452
DIAMONDS QUEEN HEARTS EIGHT,0.3632,0.0106,0.6262
HEARTS TWO HEARTS EIGHT,0.5792,0.0402,0.3806
CLUBS NINE HEARTS TWO,0.3432,0.4418,0.215
CLUBS NINE DIAMONDS QUEEN,0.2318,0.048,0.7202
CLUBS EIGHT HEARTS TWO,0.6114,0.0438,0.3448
CLUBS EIGHT DIAMONDS QUEEN,0.3626,0.0098,0.6276
CLUBS FIVE DIAMONDS QUEEN,0.258,0.0478,0.6942
CLUBS FIVE HEARTS TWO,0.6502,0.1076,0.2422
SPADES EIGHT HEARTS ACE,0.3606,0.0036,0.6358
DIAMONDS QUEEN CLUBS FOUR,0.4046,0.0112,0.5842
HEARTS TWO CLUBS FOUR,0.6068,0.0448,0.3484
CLUBS SEVEN DIAMONDS QUEEN,0.3774,0.0114,0.6112
CLUBS SEVEN HEARTS TWO,0.6284,0.044,0.3276
SPADES EIGHT HEARTS QUEEN,0.3588,0.0124,0.6288
CLUBS SIX DIAMONDS QUEEN,0.3748,0.0118,0.6134
CLUBS SIX HEARTS TWO,0.6284,0.0426,0.329
SPADES EIGHT HEARTS KING,0.3728,0.0064,0.6208
DIAMONDS QUEEN SPADES SIX,0.3752,0.0118,0.613
HEARTS TWO SPADES SIX,0.6182,0.0466,0.3352
HEARTS FOUR CLUBS QUEEN,0.4062,0.0134,0.5804
DIAMONDS ACE CLUBS QUEEN,0.352,0.003,0.645
DIAMONDS QUEEN SPADES SEVEN,0.3762,0.0124,0.6114
SPADES SEVEN HEARTS TWO,0.6264,0.0498,0.3238
HEARTS FOUR CLUBS KING,0.3976,0.0064,0.596
DIAMONDS ACE CLUBS KING,0.331,0.004,0.665
SPADES EIGHT DIAMONDS QUEEN,0.3628,0.0124,0.6248
SPADES EIGHT HEARTS TWO,0.6318,0.0372,0.331
HEARTS FOUR CLUBS ACE,0.3834,0.0052,0.6114
DIAMONDS ACE CLUBS ACE,0.1436,0.0032,0.8532
HEARTS TWO SPADES TWO,0.3948,0.0848,0.5204
DIAMONDS QUEEN SPADES TWO,0.4102,0.0142,0.5756
HEARTS TWO SPADES THREE,0.6282,0.0464,0.3254
DIAMONDS QUEEN SPADES THREE,0.4078,0.0096,0.5826
HEARTS TWO SPADES FOUR,0.626,0.0478,0.3262
DIAMONDS QUEEN SPADES FOUR,0.406,0.0118,0.5822
HEARTS FOUR CLUBS TEN,0.4028,0.0292,0.568
CLUBS TEN DIAMONDS ACE,0.3416,0.0032,0.6552
HEARTS TWO SPADES FIVE,0.6446,0.1184,0.237
DIAMONDS QUEEN SPADES FIVE,0.2612,0.0406,0.6982
HEARTS FOUR CLUBS JACK,0.4164,0.0162,0.5674
DIAMONDS ACE CLUBS JACK,0.343,0.0032,0.6538
CLUBS FIVE CLUBS KING,0.2382,0.0372,0.7246
CLUBS FIVE CLUBS QUEEN,0.24,0.0458,0.7142
CLUBS FIVE CLUBS ACE,0.2408,0.0208,0.7384
CLUBS FIVE CLUBS JACK,0.2438,0.0632,0.693
CLUBS TEN CLUBS FIVE,0.246,0.0792,0.6748
SPADES KING CLUBS JACK,0.3122,0.008,0.6798
SPADES QUEEN CLUBS JACK,0.316,0.0098,0.6742
SPADES ACE CLUBS JACK,0.3408,0.0038,0.6554
SPADES SIX CLUBS KING,0.3628,0.008,0.6292
SPADES SIX CLUBS QUEEN,0.36,0.0136,0.6264
SPADES EIGHT HEARTS JACK,0.3554,0.0156,0.629
SPADES SIX CLUBS ACE,0.3678,0.0038,0.6284
SPADES EIGHT HEARTS TEN,0.3316,0.0256,0.6428
SPADES SIX CLUBS JACK,0.3736,0.0178,0.6086
CLUBS TEN SPADES SIX,0.3624,0.025,0.6126
SPADES TEN CLUBS JACK,0.3094,0.0128,0.6778
SPADES JACK CLUBS JACK,0.1578,0.0354,0.8068
SPADES QUEEN CLUBS SEVEN,0.3614,0.0102,0.6284
SPADES KING CLUBS SEVEN,0.363,0.0066,0.6304
SPADES ACE CLUBS SEVEN,0.3706,0.0054,0.624
SPADES SIX HEARTS TEN,0.3692,0.027,0.6038
SPADES SIX HEARTS JACK,0.3614,0.0192,0.6194
SPADES SIX HEARTS ACE,0.3612,0.0046,0.6342
SPADES SIX HEARTS KING,0.3696,0.0096,0.6208
SPADES SIX HEARTS QUEEN,0.3472,0.0104,0.6424
CLUBS SEVEN SPADES JACK,0.3586,0.0196,0.6218
CLUBS SEVEN SPADES TEN,0.3418,0.0266,0.6316
CLUBS TEN HEARTS SIX,0.3544,0.0262,0.6194
HEARTS SIX CLUBS JACK,0.3638,0.0174,0.6188
CLUBS ACE CLUBS JACK,0.3036,0.0032,0.6932
HEARTS SIX CLUBS QUEEN,0.3622,0.0096,0.6282
HEARTS SIX CLUBS KING,0.3692,0.008,0.6228
HEARTS SIX CLUBS ACE,0.3692,0.0046,0.6262
CLUBS QUEEN CLUBS JACK,0.3064,0.0082,0.6854
CLUBS KING CLUBS JACK,0.316,0.0052,0.6788
DIAMONDS THREE HEARTS ACE,0.3908,0.003,0.6062
DIAMONDS THREE HEARTS QUEEN,0.39,0.0112,0.5988
DIAMONDS THREE HEARTS KING,0.3996,0.0078,0.5926
CLUBS FIVE HEARTS JACK,0.25,0.0604,0.6896
SPADES TEN DIAMONDS ACE,0.332,0.0056,0.6624
HEARTS FOUR SPADES TEN,0.3902,0.0308,0.579
CLUBS FIVE HEARTS TEN,0.2436,0.0848,0.6716
HEARTS FOUR SPADES JACK,0.4082,0.02,0.5718
SPADES JACK DIAMONDS ACE,0.3228,0.0046,0.6726
SPADES ACE HEARTS FOUR,0.3878,0.002,0.6102
SPADES ACE DIAMONDS ACE,0.1392,0.0042,0.8566
CLUBS FIVE HEARTS ACE,0.2456,0.021,0.7334
CLUBS FIVE HEARTS KING,0.2458,0.0326,0.7216
HEARTS FOUR SPADES QUEEN,0.4032,0.0152,0.5816
SPADES QUEEN DIAMONDS ACE,0.3316,0.0048,0.6636
SPADES FOUR CLUBS JACK,0.41,0.0194,0.5706
CLUBS FIVE HEARTS QUEEN,0.2548,0.0504,0.6948
SPADES KING DIAMONDS ACE,0.3406,0.0042,0.6552
HEARTS FOUR SPADES KING,0.3992,0.0088,0.592
CLUBS TEN SPADES FOUR,0.394,0.0254,0.5806
DIAMONDS QUEEN DIAMONDS ACE,0.3214,0.005,0.6736
HEARTS TWO DIAMONDS ACE,0.3866,0.0044,0.609
HEARTS FOUR DIAMONDS QUEEN,0.407,0.0142,0.5788
HEARTS FOUR HEARTS TWO,0.5848,0.047,0.3682
DIAMONDS THREE HEARTS TEN,0.386,0.0306,0.5834
SPADES FOUR CLUBS KING,0.4102,0.007,0.5828
DIAMONDS THREE HEARTS JACK,0.403,0.0186,0.5784
SPADES FOUR CLUBS QUEEN,0.4028,0.0114,0.5858
DIAMONDS QUEEN HEARTS TWO,0.4138,0.0152,0.571
DIAMONDS KING DIAMONDS QUEEN,0.3198,0.0086,0.6716
DIAMONDS KING HEARTS TWO,0.413,0.0074,0.5796
HEARTS THREE DIAMONDS QUEEN,0.4076,0.0088,0.5836
HEARTS THREE HEARTS TWO,0.5932,0.0436,0.3632
SPADES FOUR CLUBS ACE,0.3788,0.005,0.6162
HEARTS TWO CLUBS ACE,0.4008,0.0058,0.5934
DIAMONDS QUEEN CLUBS ACE,0.3346,0.0032,0.6622
HEARTS TWO CLUBS QUEEN,0.4232,0.01,0.5668
DIAMONDS QUEEN CLUBS QUEEN,0.1556,0.02,0.8244
HEARTS TWO CLUBS KING,0.4084,0.0084,0.5832
DIAMONDS QUEEN CLUBS KING,0.3524,0.0054,0.6422
SPADES EIGHT SPADES FIVE,0.6034,0.1036,0.293
CLUBS TEN HEARTS TWO,0.3994,0.0274,0.5732
CLUBS TEN DIAMONDS QUEEN,0.3416,0.0096,0.6488
HEARTS TWO CLUBS JACK,0.404,0.0172,0.5788
DIAMONDS QUEEN CLUBS JACK,0.3122,0.0108,0.677
SPADES SIX SPADES FIVE,0.5954,0.103,0.3016
SPADES SEVEN SPADES FIVE,0.6034,0.103,0.2936
DIAMONDS FIVE CLUBS QUEEN,0.2514,0.0394,0.7092
SPADES EIGHT CLUBS ACE,0.3676,0.0038,0.6286
DIAMONDS FIVE CLUBS KING,0.2746,0.035,0.6904
SPADES EIGHT CLUBS KING,0.3786,0.0072,0.6142
CLUBS ACE DIAMONDS FIVE,0.264,0.0228,0.7132
SPADES EIGHT CLUBS QUEEN,0.3718,0.0096,0.6186
SPADES EIGHT CLUBS JACK,0.3546,0.0186,0.6268
CLUBS TEN SPADES EIGHT,0.3486,0.0276,0.6238
CLUBS TEN DIAMONDS FIVE,0.2558,0.0752,0.669
DIAMONDS FIVE CLUBS JACK,0.26,0.0586,0.6814
DIAMONDS TEN HEARTS JACK,0.3168,0.015,0.6682
DIAMONDS TEN HEARTS TEN,0.148,0.037,0.815
SPADES ACE CLUBS NINE,0.2394,0.0244,0.7362
CLUBS NINE SPADES QUEEN,0.2318,0.0468,0.7214
CLUBS NINE SPADES KING,0.2372,0.032,0.7308
HEARTS SIX HEARTS KING,0.3696,0.0072,0.6232
DIAMONDS KING SPADES SEVEN,0.3706,0.0062,0.6232
HEARTS THREE SPADES SEVEN,0.6094,0.047,0.3436
SPADES KING DIAMONDS SEVEN,0.3654,0.008,0.6266
HEARTS SIX HEARTS QUEEN,0.3444,0.0126,0.643
DIAMONDS KING SPADES SIX,0.3662,0.0102,0.6236
HEARTS THREE SPADES SIX,0.6052,0.0458,0.349
SPADES QUEEN DIAMONDS SEVEN,0.371,0.0096,0.6194
HEARTS SIX HEARTS ACE,0.3478,0.0052,0.647
