opposingHand,winningChance,drawChance,lostChance
HEARTS FOUR HEARTS ACE
HEARTS FIVE SPADES TEN,0.637,0.0058,0.3572
HEARTS FIVE SPADES JACK,0.6282,0.0054,0.3664
CLUBS JACK SPADES FIVE,0.6376,0.005,0.3574
CLUBS TEN SPADES FIVE,0.6326,0.0032,0.3642
CLUBS JACK CLUBS EIGHT,0.5622,0.0062,0.4316
CLUBS TEN CLUBS EIGHT,0.5592,0.0038,0.437
CLUBS EIGHT CLUBS KING,0.587,0.005,0.408
SPADES FIVE CLUBS ACE,0.2598,0.4402,0.3
CLUBS EIGHT CLUBS QUEEN,0.583,0.0046,0.4124
SPADES FIVE CLUBS KING,0.642,0.005,0.353
SPADES FIVE CLUBS QUEEN,0.6448,0.0032,0.352
CLUBS EIGHT CLUBS ACE,0.2676,0.217,0.5154
DIAMONDS TWO DIAMONDS THREE,0.64,0.005,0.355
DIAMONDS TWO DIAMONDS FIVE,0.6316,0.0054,0.363
HEARTS FIVE SPADES KING,0.634,0.0052,0.3608
DIAMONDS TWO DIAMONDS FOUR,0.7002,0.0228,0.277
HEARTS FIVE SPADES QUEEN,0.648,0.0058,0.3462
DIAMONDS TWO DIAMONDS SEVEN,0.6252,0.0068,0.368
DIAMONDS TWO DIAMONDS SIX,0.617,0.0054,0.3776
SPADES ACE HEARTS FIVE,0.242,0.439,0.319
DIAMONDS TWO DIAMONDS NINE,0.6368,0.0048,0.3584
DIAMONDS TWO DIAMONDS EIGHT,0.6264,0.0032,0.3704
DIAMONDS THREE DIAMONDS FOUR,0.6916,0.0248,0.2836
CLUBS TWO SPADES FOUR,0.7574,0.025,0.2176
DIAMONDS THREE DIAMONDS FIVE,0.61,0.005,0.385
CLUBS TWO SPADES FIVE,0.6526,0.0058,0.3416
CLUBS TWO SPADES TWO,0.4906,0.005,0.5044
CLUBS TWO SPADES THREE,0.6756,0.008,0.3164
DIAMONDS THREE DIAMONDS EIGHT,0.6338,0.0056,0.3606
SPADES EIGHT CLUBS TWO,0.6722,0.0052,0.3226
DIAMONDS THREE DIAMONDS NINE,0.6198,0.005,0.3752
SPADES NINE CLUBS TWO,0.666,0.0046,0.3294
DIAMONDS THREE DIAMONDS SIX,0.6288,0.0038,0.3674
SPADES SIX CLUBS TWO,0.676,0.0046,0.3194
DIAMONDS THREE DIAMONDS SEVEN,0.62,0.0052,0.3748
SPADES SEVEN CLUBS TWO,0.687,0.0062,0.3068
CLUBS SIX CLUBS TWO,0.627,0.0044,0.3686
CLUBS SEVEN CLUBS TWO,0.6356,0.0044,0.36
CLUBS FOUR CLUBS TWO,0.711,0.0236,0.2654
CLUBS FIVE CLUBS TWO,0.6126,0.0052,0.3822
CLUBS TEN CLUBS JACK,0.5324,0.0038,0.4638
DIAMONDS FOUR DIAMONDS SIX,0.7026,0.015,0.2824
CLUBS TEN CLUBS QUEEN,0.5466,0.005,0.4484
DIAMONDS FOUR DIAMONDS SEVEN,0.6954,0.0152,0.2894
CLUBS TEN CLUBS KING,0.5728,0.0042,0.423
CLUBS TEN CLUBS ACE,0.284,0.1102,0.6058
CLUBS EIGHT CLUBS TWO,0.623,0.0042,0.3728
DIAMONDS FIVE DIAMONDS FOUR,0.6646,0.021,0.3144
CLUBS NINE CLUBS TWO,0.6258,0.0056,0.3686
DIAMONDS NINE DIAMONDS FOUR,0.7136,0.0152,0.2712
DIAMONDS EIGHT DIAMONDS FOUR,0.6982,0.019,0.2828
CLUBS TWO CLUBS THREE,0.6408,0.0064,0.3528
DIAMONDS NINE DIAMONDS FIVE,0.5816,0.0064,0.412
CLUBS JACK DIAMONDS TWO,0.6668,0.0038,0.3294
DIAMONDS EIGHT DIAMONDS FIVE,0.581,0.0044,0.4146
CLUBS TEN DIAMONDS TWO,0.6572,0.004,0.3388
DIAMONDS FIVE DIAMONDS SEVEN,0.5794,0.0042,0.4164
DIAMONDS FIVE DIAMONDS SIX,0.558,0.0046,0.4374
DIAMONDS TWO CLUBS ACE,0.3172,0.4748,0.208
DIAMONDS TWO CLUBS KING,0.6836,0.0068,0.3096
DIAMONDS TWO CLUBS QUEEN,0.674,0.0046,0.3214
DIAMONDS EIGHT DIAMONDS SIX,0.5656,0.005,0.4294
DIAMONDS NINE DIAMONDS SIX,0.5788,0.0038,0.4174
SPADES THREE HEARTS KING,0.6744,0.0082,0.3174
DIAMONDS SEVEN DIAMONDS SIX,0.5614,0.0056,0.433
HEARTS QUEEN SPADES THREE,0.6654,0.0046,0.33
SPADES THREE HEARTS JACK,0.677,0.0054,0.3176
SPADES THREE HEARTS TEN,0.6642,0.0056,0.3302
DIAMONDS EIGHT DIAMONDS SEVEN,0.5508,0.0042,0.445
DIAMONDS NINE DIAMONDS SEVEN,0.5796,0.0044,0.416
DIAMONDS NINE DIAMONDS EIGHT,0.5494,0.004,0.4466
DIAMONDS KING HEARTS TEN,0.5976,0.006,0.3964
HEARTS THREE HEARTS TEN,0.6596,0.0062,0.3342
SPADES JACK CLUBS SIX,0.634,0.0046,0.3614
DIAMONDS KING HEARTS JACK,0.5826,0.006,0.4114
HEARTS THREE HEARTS JACK,0.663,0.0066,0.3304
SPADES TEN CLUBS SIX,0.6104,0.004,0.3856
SPADES JACK SPADES FIVE,0.6034,0.0034,0.3932
SPADES TEN SPADES FIVE,0.6132,0.0036,0.3832
SPADES ACE CLUBS SIX,0.3008,0.3474,0.3518
DIAMONDS KING HEARTS QUEEN,0.5992,0.0046,0.3962
HEARTS THREE HEARTS QUEEN,0.6612,0.0066,0.3322
SPADES KING CLUBS SIX,0.6314,0.0048,0.3638
DIAMONDS KING HEARTS KING,0.3186,0.0038,0.6776
HEARTS THREE HEARTS KING,0.6544,0.0074,0.3382
SPADES QUEEN CLUBS SIX,0.6248,0.0036,0.3716
SPADES NINE HEARTS TEN,0.5894,0.0036,0.407
SPADES NINE HEARTS JACK,0.5868,0.0048,0.4084
SPADES QUEEN SPADES FIVE,0.5986,0.005,0.3964
SPADES KING SPADES FIVE,0.61,0.0052,0.3848
SPADES ACE SPADES FIVE,0.245,0.4014,0.3536
SPADES NINE HEARTS QUEEN,0.6024,0.0076,0.39
SPADES NINE HEARTS KING,0.6108,0.0048,0.3844
CLUBS TEN SPADES JACK,0.5864,0.0038,0.4098
CLUBS TEN SPADES TEN,0.368,0.0028,0.6292
SPADES ACE CLUBS TEN,0.2956,0.1132,0.5912
CLUBS TEN SPADES KING,0.5986,0.006,0.3954
CLUBS TEN SPADES QUEEN,0.5964,0.0046,0.399
SPADES FIVE HEARTS QUEEN,0.6436,0.005,0.3514
SPADES FIVE HEARTS KING,0.6416,0.007,0.3514
CLUBS EIGHT SPADES TEN,0.597,0.0038,0.3992
HEARTS THREE SPADES JACK,0.6598,0.005,0.3352
SPADES JACK DIAMONDS KING,0.6008,0.0038,0.3954
SPADES TEN DIAMONDS KING,0.5838,0.0042,0.412
HEARTS THREE SPADES TEN,0.6618,0.0054,0.3328
CLUBS EIGHT SPADES JACK,0.6156,0.0034,0.381
SPADES ACE CLUBS EIGHT,0.2956,0.2018,0.5026
HEARTS FIVE CLUBS JACK,0.6476,0.004,0.3484
CLUBS TEN HEARTS FIVE,0.635,0.006,0.359
CLUBS SIX HEARTS QUEEN,0.624,0.0038,0.3722
SPADES QUEEN CLUBS EIGHT,0.6216,0.0042,0.3742
CLUBS TEN SPADES THREE,0.6762,0.0034,0.3204
CLUBS SIX HEARTS KING,0.6156,0.0054,0.379
SPADES KING CLUBS EIGHT,0.6318,0.0026,0.3656
CLUBS JACK SPADES THREE,0.6698,0.004,0.3262
DIAMONDS TWO HEARTS JACK,0.6662,0.006,0.3278
SPADES THREE CLUBS QUEEN,0.662,0.0042,0.3338
DIAMONDS TWO HEARTS TEN,0.6596,0.006,0.3344
SPADES THREE CLUBS KING,0.6694,0.0048,0.3258
HEARTS FIVE CLUBS ACE,0.2506,0.4402,0.3092
SPADES FIVE HEARTS TEN,0.6384,0.004,0.3576
SPADES THREE CLUBS ACE,0.3174,0.4716,0.211
HEARTS FIVE CLUBS KING,0.6344,0.006,0.3596
SPADES FIVE HEARTS JACK,0.644,0.0064,0.3496
HEARTS FIVE CLUBS QUEEN,0.64,0.005,0.355
HEARTS THREE CLUBS KING,0.6696,0.0052,0.3252
DIAMONDS KING CLUBS KING,0.3144,0.0044,0.6812
HEARTS THREE CLUBS QUEEN,0.6588,0.0056,0.3356
DIAMONDS KING CLUBS QUEEN,0.6082,0.0048,0.387
HEARTS FIVE HEARTS JACK,0.6306,0.0058,0.3636
HEARTS FIVE HEARTS TEN,0.634,0.007,0.359
HEARTS THREE CLUBS ACE,0.2944,0.5014,0.2042
DIAMONDS KING CLUBS ACE,0.3102,0.0466,0.6432
SPADES ACE CLUBS QUEEN,0.2956,0.0628,0.6416
SPADES KING CLUBS QUEEN,0.6122,0.003,0.3848
CLUBS JACK HEARTS THREE,0.6706,0.0052,0.3242
CLUBS JACK DIAMONDS KING,0.6104,0.005,0.3846
SPADES QUEEN CLUBS QUEEN,0.3478,0.004,0.6482
CLUBS TEN HEARTS THREE,0.6572,0.0064,0.3364
CLUBS TEN DIAMONDS KING,0.6008,0.006,0.3932
SPADES JACK CLUBS QUEEN,0.5882,0.0052,0.4066
CLUBS SIX CLUBS QUEEN,0.5972,0.005,0.3978
SPADES TEN CLUBS QUEEN,0.5886,0.0026,0.4088
CLUBS SIX CLUBS KING,0.6026,0.0044,0.393
CLUBS SIX CLUBS ACE,0.2834,0.3278,0.3888
HEARTS FIVE HEARTS KING,0.6254,0.0078,0.3668
HEARTS FIVE HEARTS QUEEN,0.6318,0.0054,0.3628
CLUBS TEN CLUBS SIX,0.5836,0.0046,0.4118
CLUBS JACK CLUBS SIX,0.6074,0.0032,0.3894
SPADES SEVEN HEARTS JACK,0.6076,0.0058,0.3866
SPADES SEVEN HEARTS TEN,0.6058,0.0026,0.3916
DIAMONDS TWO CLUBS TWO,0.4996,0.0072,0.4932
DIAMONDS TWO CLUBS THREE,0.6954,0.0068,0.2978
DIAMONDS TWO HEARTS SIX,0.6682,0.0048,0.327
DIAMONDS TWO HEARTS QUEEN,0.664,0.0052,0.3308
HEARTS SEVEN DIAMONDS TWO,0.6648,0.0064,0.3288
DIAMONDS TWO HEARTS KING,0.6652,0.0066,0.3282
DIAMONDS TWO HEARTS EIGHT,0.6532,0.0052,0.3416
DIAMONDS TWO HEARTS NINE,0.6666,0.0062,0.3272
DIAMONDS TWO DIAMONDS QUEEN,0.6176,0.0064,0.376
DIAMONDS TWO HEARTS TWO,0.4928,0.006,0.5012
DIAMONDS TWO DIAMONDS KING,0.6396,0.0054,0.355
HEARTS THREE DIAMONDS TWO,0.6772,0.007,0.3158
DIAMONDS TWO DIAMONDS ACE,0.2912,0.4534,0.2554
HEARTS FIVE DIAMONDS TWO,0.6602,0.0054,0.3344
DIAMONDS TWO DIAMONDS TEN,0.6144,0.006,0.3796
SPADES SEVEN HEARTS KING,0.618,0.0038,0.3782
DIAMONDS TWO DIAMONDS JACK,0.6172,0.0032,0.3796
SPADES SEVEN HEARTS QUEEN,0.6246,0.0046,0.3708
DIAMONDS TWO SPADES NINE,0.6612,0.005,0.3338
DIAMONDS TWO SPADES EIGHT,0.681,0.0038,0.3152
DIAMONDS TWO SPADES SEVEN,0.6778,0.0078,0.3144
DIAMONDS TWO SPADES SIX,0.6692,0.0052,0.3256
DIAMONDS TWO SPADES FIVE,0.6598,0.0042,0.336
DIAMONDS TWO SPADES FOUR,0.7492,0.0246,0.2262
DIAMONDS TWO SPADES THREE,0.6806,0.0068,0.3126
DIAMONDS TWO SPADES TWO,0.491,0.005,0.504
DIAMONDS TWO CLUBS NINE,0.6744,0.0046,0.321
CLUBS EIGHT DIAMONDS TWO,0.6646,0.0052,0.3302
DIAMONDS TWO CLUBS SEVEN,0.6744,0.0052,0.3204
DIAMONDS TWO CLUBS SIX,0.6824,0.0042,0.3134
DIAMONDS TWO CLUBS FIVE,0.6554,0.0082,0.3364
DIAMONDS TWO CLUBS FOUR,0.7514,0.0244,0.2242
CLUBS FOUR SPADES FIVE,0.7164,0.0194,0.2642
CLUBS FOUR SPADES FOUR,0.3656,0.023,0.6114
CLUBS FOUR SPADES THREE,0.7432,0.0194,0.2374
CLUBS FOUR SPADES TWO,0.755,0.0234,0.2216
SPADES NINE CLUBS FOUR,0.7648,0.0208,0.2144
SPADES EIGHT CLUBS FOUR,0.7506,0.0178,0.2316
CLUBS FOUR SPADES SEVEN,0.7318,0.0192,0.249
CLUBS FOUR SPADES SIX,0.7338,0.0182,0.248
SPADES ACE DIAMONDS SIX,0.3026,0.3482,0.3492
SPADES QUEEN DIAMONDS SIX,0.6204,0.0042,0.3754
SPADES KING DIAMONDS SIX,0.6402,0.0042,0.3556
SPADES TEN DIAMONDS SIX,0.6052,0.006,0.3888
SPADES JACK DIAMONDS SIX,0.6372,0.0028,0.36
SPADES QUEEN SPADES TWO,0.6246,0.004,0.3714
SPADES KING SPADES TWO,0.6276,0.006,0.3664
SPADES ACE SPADES TWO,0.292,0.4452,0.2628
CLUBS JACK DIAMONDS JACK,0.3624,0.003,0.6346
CLUBS TEN DIAMONDS JACK,0.5794,0.0028,0.4178
DIAMONDS JACK CLUBS KING,0.6064,0.0028,0.3908
DIAMONDS JACK CLUBS QUEEN,0.5894,0.0044,0.4062
DIAMONDS THREE DIAMONDS JACK,0.6338,0.0058,0.3604
DIAMONDS THREE DIAMONDS TEN,0.6334,0.0048,0.3618
DIAMONDS JACK CLUBS ACE,0.2984,0.0872,0.6144
DIAMONDS THREE DIAMONDS KING,0.6296,0.005,0.3654
HEARTS THREE DIAMONDS THREE,0.4918,0.0056,0.5026
DIAMONDS THREE DIAMONDS QUEEN,0.6228,0.0068,0.3704
DIAMONDS THREE HEARTS TWO,0.688,0.0074,0.3046
HEARTS FIVE DIAMONDS THREE,0.6324,0.008,0.3596
DIAMONDS THREE DIAMONDS ACE,0.2904,0.4416,0.268
HEARTS SEVEN DIAMONDS THREE,0.6634,0.0068,0.3298
SPADES TEN SPADES NINE,0.5406,0.0052,0.4542
HEARTS SIX DIAMONDS THREE,0.6354,0.0064,0.3582
SPADES JACK SPADES NINE,0.5546,0.005,0.4404
DIAMONDS THREE HEARTS NINE,0.6584,0.0056,0.336
HEARTS JACK DIAMONDS FOUR,0.7522,0.0256,0.2222
SPADES TEN SPADES TWO,0.6192,0.005,0.3758
DIAMONDS THREE HEARTS EIGHT,0.6702,0.0066,0.3232
HEARTS TEN DIAMONDS FOUR,0.743,0.0264,0.2306
SPADES JACK SPADES TWO,0.6254,0.005,0.3696
HEARTS QUEEN DIAMONDS FOUR,0.7544,0.024,0.2216
HEARTS KING DIAMONDS FOUR,0.7476,0.026,0.2264
SPADES ACE SPADES NINE,0.2678,0.1612,0.571
SPADES KING SPADES NINE,0.5732,0.0052,0.4216
SPADES QUEEN SPADES NINE,0.5666,0.0066,0.4268
DIAMONDS THREE SPADES NINE,0.6502,0.0044,0.3454
DIAMONDS THREE SPADES EIGHT,0.681,0.0036,0.3154
DIAMONDS THREE SPADES SEVEN,0.6522,0.0066,0.3412
DIAMONDS THREE SPADES SIX,0.6528,0.006,0.3412
DIAMONDS THREE CLUBS SIX,0.66,0.0052,0.3348
CLUBS SIX CLUBS FIVE,0.573,0.005,0.422
CLUBS ACE DIAMONDS FOUR,0.0676,0.9106,0.0218
DIAMONDS THREE CLUBS SEVEN,0.6718,0.0056,0.3226
CLUBS SEVEN CLUBS FIVE,0.5778,0.0046,0.4176
DIAMONDS THREE CLUBS FOUR,0.746,0.0246,0.2294
DIAMONDS FOUR CLUBS QUEEN,0.7652,0.0234,0.2114
DIAMONDS THREE CLUBS FIVE,0.65,0.0046,0.3454
DIAMONDS FOUR CLUBS KING,0.7528,0.027,0.2202
DIAMONDS THREE CLUBS TWO,0.6822,0.0048,0.313
CLUBS TEN DIAMONDS FOUR,0.749,0.0228,0.2282
DIAMONDS THREE CLUBS THREE,0.4982,0.0066,0.4952
CLUBS JACK DIAMONDS FOUR,0.7536,0.027,0.2194
DIAMONDS THREE SPADES FOUR,0.746,0.0232,0.2308
DIAMONDS THREE SPADES FIVE,0.6456,0.0052,0.3492
DIAMONDS THREE SPADES TWO,0.6872,0.0056,0.3072
DIAMONDS THREE SPADES THREE,0.4958,0.0036,0.5006
CLUBS EIGHT DIAMONDS THREE,0.6716,0.0048,0.3236
CLUBS NINE DIAMONDS THREE,0.6622,0.0058,0.332
SPADES SEVEN CLUBS ACE,0.2924,0.2758,0.4318
SPADES SEVEN CLUBS QUEEN,0.6344,0.006,0.3596
SPADES SEVEN CLUBS KING,0.6248,0.005,0.3702
SPADES SEVEN CLUBS FIVE,0.619,0.0042,0.3768
CLUBS TEN SPADES SEVEN,0.6044,0.0044,0.3912
CLUBS FIVE SPADES SIX,0.5988,0.004,0.3972
CLUBS JACK SPADES SEVEN,0.6292,0.004,0.3668
SPADES NINE CLUBS FIVE,0.637,0.0046,0.3584
SPADES EIGHT CLUBS FIVE,0.6278,0.0054,0.3668
CLUBS FIVE SPADES THREE,0.6516,0.0062,0.3422
CLUBS FIVE SPADES TWO,0.659,0.0046,0.3364
CLUBS FIVE SPADES FIVE,0.4002,0.004,0.5958
CLUBS FIVE SPADES FOUR,0.7374,0.0164,0.2462
CLUBS NINE CLUBS FIVE,0.583,0.006,0.411
CLUBS EIGHT CLUBS FIVE,0.5886,0.0038,0.4076
CLUBS ACE CLUBS QUEEN,0.2852,0.0612,0.6536
CLUBS KING CLUBS QUEEN,0.5552,0.0044,0.4404
DIAMONDS TEN DIAMONDS FOUR,0.7128,0.0214,0.2658
CLUBS TEN DIAMONDS NINE,0.5834,0.0032,0.4134
DIAMONDS JACK DIAMONDS FOUR,0.7086,0.022,0.2694
CLUBS JACK DIAMONDS NINE,0.5932,0.0058,0.401
CLUBS JACK SPADES NINE,0.5972,0.0022,0.4006
CLUBS TEN SPADES NINE,0.584,0.0034,0.4126
DIAMONDS ACE DIAMONDS FOUR,0.0698,0.8526,0.0776
DIAMONDS JACK HEARTS TEN,0.5604,0.0048,0.4348
SPADES NINE CLUBS KING,0.6186,0.0042,0.3772
DIAMONDS TWO SPADES TEN,0.6654,0.0042,0.3304
DIAMONDS NINE CLUBS ACE,0.2964,0.154,0.5496
HEARTS FIVE DIAMONDS FOUR,0.7274,0.0214,0.2512
DIAMONDS JACK HEARTS JACK,0.3512,0.006,0.6428
SPADES NINE CLUBS QUEEN,0.6038,0.0052,0.391
DIAMONDS TWO SPADES JACK,0.6704,0.0056,0.324
DIAMONDS QUEEN DIAMONDS FOUR,0.703,0.023,0.274
HEARTS TWO DIAMONDS FOUR,0.7586,0.0222,0.2192
DIAMONDS NINE CLUBS QUEEN,0.5984,0.004,0.3976
DIAMONDS KING DIAMONDS FOUR,0.7174,0.0222,0.2604
HEARTS THREE DIAMONDS FOUR,0.7302,0.027,0.2428
SPADES NINE CLUBS ACE,0.2888,0.1658,0.5454
DIAMONDS NINE CLUBS KING,0.6234,0.0028,0.3738
SPADES ACE DIAMONDS TWO,0.3234,0.4736,0.203
HEARTS QUEEN DIAMONDS JACK,0.5754,0.0062,0.4184
SPADES QUEEN DIAMONDS TWO,0.6824,0.0048,0.3128
DIAMONDS JACK HEARTS KING,0.5944,0.0046,0.401
SPADES KING DIAMONDS TWO,0.668,0.0048,0.3272
SPADES JACK SPADES SEVEN,0.5768,0.0064,0.4168
SPADES TEN SPADES SEVEN,0.5684,0.0058,0.4258
CLUBS SEVEN CLUBS THREE,0.6232,0.006,0.3708
CLUBS SIX CLUBS THREE,0.6262,0.0054,0.3684
CLUBS FIVE CLUBS THREE,0.6098,0.006,0.3842
CLUBS FOUR CLUBS THREE,0.7036,0.0186,0.2778
CLUBS NINE CLUBS THREE,0.6332,0.0034,0.3634
CLUBS EIGHT CLUBS THREE,0.6256,0.005,0.3694
SPADES FIVE CLUBS THREE,0.6402,0.0064,0.3534
CLUBS THREE SPADES FOUR,0.7432,0.026,0.2308
CLUBS THREE SPADES THREE,0.4924,0.0056,0.502
CLUBS THREE SPADES TWO,0.6868,0.005,0.3082
SPADES SIX CLUBS THREE,0.6666,0.0034,0.33
SPADES SEVEN CLUBS THREE,0.6792,0.0048,0.316
SPADES EIGHT CLUBS THREE,0.6786,0.0056,0.3158
SPADES NINE CLUBS THREE,0.6678,0.0048,0.3274
SPADES TWO DIAMONDS FOUR,0.7598,0.0218,0.2184
SPADES THREE DIAMONDS FOUR,0.7362,0.0246,0.2392
SPADES FOUR DIAMONDS FOUR,0.372,0.0224,0.6056
SPADES FIVE DIAMONDS FOUR,0.7114,0.02,0.2686
SPADES SIX DIAMONDS FOUR,0.7458,0.0168,0.2374
SPADES SEVEN DIAMONDS FOUR,0.7336,0.0176,0.2488
SPADES EIGHT DIAMONDS FOUR,0.7372,0.018,0.2448
SPADES NINE DIAMONDS FOUR,0.7616,0.0218,0.2166
CLUBS FIVE DIAMONDS FOUR,0.736,0.018,0.246
CLUBS FOUR DIAMONDS FOUR,0.3712,0.0208,0.608
CLUBS SEVEN DIAMONDS FOUR,0.735,0.0146,0.2504
CLUBS SIX DIAMONDS FOUR,0.742,0.019,0.239
CLUBS NINE DIAMONDS FOUR,0.7652,0.0178,0.217
CLUBS EIGHT DIAMONDS FOUR,0.7448,0.0172,0.238
HEARTS SEVEN DIAMONDS FOUR,0.7162,0.021,0.2628
HEARTS SIX DIAMONDS FOUR,0.7428,0.0208,0.2364
DIAMONDS FOUR HEARTS NINE,0.7546,0.021,0.2244
DIAMONDS FOUR HEARTS EIGHT,0.744,0.0188,0.2372
CLUBS THREE DIAMONDS FOUR,0.744,0.0214,0.2346
CLUBS TWO DIAMONDS FOUR,0.7604,0.0202,0.2194
DIAMONDS TEN DIAMONDS FIVE,0.5902,0.0068,0.403
DIAMONDS JACK DIAMONDS FIVE,0.5892,0.006,0.4048
DIAMONDS NINE HEARTS QUEEN,0.5882,0.0054,0.4064
DIAMONDS NINE HEARTS KING,0.6042,0.0054,0.3904
DIAMONDS NINE HEARTS TEN,0.5768,0.0032,0.42
DIAMONDS NINE HEARTS JACK,0.5854,0.004,0.4106
CLUBS KING DIAMONDS SIX,0.6282,0.0054,0.3664
CLUBS QUEEN DIAMONDS SIX,0.6358,0.0048,0.3594
CLUBS ACE DIAMONDS SIX,0.2848,0.3618,0.3534
SPADES KING DIAMONDS FOUR,0.7582,0.0226,0.2192
SPADES ACE SPADES SEVEN,0.2732,0.2734,0.4534
SPADES QUEEN DIAMONDS FOUR,0.7496,0.0246,0.2258
SPADES QUEEN SPADES SEVEN,0.5972,0.0042,0.3986
CLUBS JACK DIAMONDS SIX,0.6358,0.0044,0.3598
SPADES KING SPADES SEVEN,0.5894,0.0048,0.4058
SPADES ACE DIAMONDS FOUR,0.0744,0.905,0.0206
CLUBS TEN DIAMONDS SIX,0.6246,0.0052,0.3702
CLUBS NINE CLUBS FOUR,0.7124,0.019,0.2686
CLUBS EIGHT CLUBS FOUR,0.706,0.0194,0.2746
SPADES JACK DIAMONDS FOUR,0.7588,0.0224,0.2188
SPADES TEN DIAMONDS FOUR,0.7608,0.0248,0.2144
CLUBS FOUR CLUBS FIVE,0.6888,0.0192,0.292
CLUBS SEVEN CLUBS FOUR,0.6994,0.0162,0.2844
CLUBS SIX CLUBS FOUR,0.7036,0.02,0.2764
CLUBS SEVEN SPADES EIGHT,0.5838,0.0052,0.411
SPADES NINE CLUBS SEVEN,0.6062,0.0032,0.3906
CLUBS SEVEN SPADES SIX,0.6056,0.0044,0.39
CLUBS SEVEN SPADES SEVEN,0.3902,0.0046,0.6052
CLUBS SEVEN SPADES FIVE,0.6138,0.005,0.3812
CLUBS SEVEN SPADES FOUR,0.7234,0.0174,0.2592
CLUBS SEVEN SPADES THREE,0.6636,0.0046,0.3318
CLUBS SEVEN SPADES TWO,0.6636,0.006,0.3304
CLUBS NINE CLUBS SEVEN,0.5492,0.0046,0.4462
CLUBS EIGHT CLUBS SEVEN,0.5548,0.005,0.4402
HEARTS SIX DIAMONDS FIVE,0.5986,0.006,0.3954
HEARTS SEVEN DIAMONDS FIVE,0.6066,0.0058,0.3876
DIAMONDS FIVE HEARTS EIGHT,0.6152,0.0072,0.3776
DIAMONDS FIVE HEARTS NINE,0.6166,0.006,0.3774
DIAMONDS QUEEN DIAMONDS FIVE,0.6092,0.0056,0.3852
HEARTS TWO DIAMONDS FIVE,0.6532,0.006,0.3408
HEARTS KING HEARTS EIGHT,0.6052,0.0064,0.3884
DIAMONDS KING DIAMONDS FIVE,0.5942,0.0062,0.3996
HEARTS THREE DIAMONDS FIVE,0.6452,0.0056,0.3492
HEARTS QUEEN HEARTS EIGHT,0.6144,0.0052,0.3804
DIAMONDS ACE DIAMONDS FIVE,0.2552,0.4044,0.3404
HEARTS FIVE DIAMONDS FIVE,0.3922,0.0058,0.602
CLUBS FOUR DIAMONDS FIVE,0.7228,0.0198,0.2574
CLUBS FIVE DIAMONDS FIVE,0.4004,0.0044,0.5952
CLUBS SIX DIAMONDS FIVE,0.5998,0.0048,0.3954
CLUBS SEVEN DIAMONDS FIVE,0.616,0.0054,0.3786
CLUBS TWO DIAMONDS FIVE,0.657,0.005,0.338
CLUBS THREE DIAMONDS FIVE,0.6506,0.0062,0.3432
SPADES THREE DIAMONDS FIVE,0.6458,0.0036,0.3506
SPADES TWO DIAMONDS FIVE,0.6636,0.005,0.3314
SPADES JACK DIAMONDS EIGHT,0.6178,0.005,0.3772
SPADES FIVE DIAMONDS FIVE,0.3872,0.0052,0.6076
CLUBS TEN HEARTS JACK,0.564,0.0056,0.4304
SPADES TEN DIAMONDS EIGHT,0.59,0.0052,0.4048
SPADES FOUR DIAMONDS FIVE,0.7244,0.0242,0.2514
CLUBS JACK HEARTS JACK,0.352,0.0026,0.6454
HEARTS JACK CLUBS QUEEN,0.5744,0.0044,0.4212
CLUBS NINE DIAMONDS FIVE,0.639,0.0062,0.3548
CLUBS EIGHT DIAMONDS FIVE,0.624,0.0044,0.3716
HEARTS JACK CLUBS KING,0.5924,0.0068,0.4008
CLUBS ACE HEARTS JACK,0.2784,0.0838,0.6378
SPADES SEVEN DIAMONDS FIVE,0.6136,0.0028,0.3836
SPADES KING DIAMONDS EIGHT,0.6258,0.0066,0.3676
SPADES QUEEN DIAMONDS EIGHT,0.6114,0.0038,0.3848
SPADES SIX DIAMONDS FIVE,0.5974,0.0052,0.3974
SPADES NINE DIAMONDS FIVE,0.634,0.0032,0.3628
SPADES EIGHT DIAMONDS FIVE,0.6216,0.005,0.3734
SPADES ACE DIAMONDS EIGHT,0.293,0.2036,0.5034
DIAMONDS TEN DIAMONDS SIX,0.5832,0.004,0.4128
DIAMONDS JACK DIAMONDS SIX,0.5954,0.005,0.3996
HEARTS QUEEN DIAMONDS SEVEN,0.6192,0.0048,0.376
HEARTS KING DIAMONDS SEVEN,0.6256,0.0066,0.3678
DIAMONDS ACE DIAMONDS SIX,0.2576,0.3462,0.3962
SPADES TWO HEARTS JACK,0.6558,0.0054,0.3388
HEARTS FIVE DIAMONDS SIX,0.6176,0.0044,0.378
SPADES TWO HEARTS TEN,0.6604,0.0082,0.3314
DIAMONDS QUEEN DIAMONDS SIX,0.5712,0.0034,0.4254
HEARTS TWO DIAMONDS SIX,0.6578,0.005,0.3372
DIAMONDS KING DIAMONDS SIX,0.5944,0.0046,0.401
HEARTS THREE DIAMONDS SIX,0.664,0.0054,0.3306
HEARTS EIGHT DIAMONDS SIX,0.5908,0.0042,0.405
HEARTS NINE DIAMONDS SIX,0.5994,0.0064,0.3942
HEARTS SIX DIAMONDS SIX,0.3882,0.006,0.6058
HEARTS SEVEN DIAMONDS SIX,0.5868,0.0042,0.409
HEARTS TEN DIAMONDS SEVEN,0.5986,0.0056,0.3958
CLUBS TWO DIAMONDS SIX,0.6706,0.0048,0.3246
HEARTS JACK DIAMONDS SEVEN,0.599,0.0048,0.3962
CLUBS THREE DIAMONDS SIX,0.6584,0.0048,0.3368
CLUBS SEVEN DIAMONDS SIX,0.5984,0.0034,0.3982
CLUBS JACK DIAMONDS EIGHT,0.5984,0.0044,0.3972
CLUBS SIX DIAMONDS SIX,0.3988,0.0046,0.5966
CLUBS TEN DIAMONDS EIGHT,0.5934,0.0034,0.4032
CLUBS FIVE DIAMONDS SIX,0.6122,0.0064,0.3814
CLUBS FOUR DIAMONDS SIX,0.7382,0.0172,0.2446
DIAMONDS EIGHT CLUBS ACE,0.2792,0.2284,0.4924
HEARTS QUEEN HEARTS JACK,0.5894,0.0058,0.4048
DIAMONDS EIGHT CLUBS KING,0.6192,0.004,0.3768
CLUBS NINE DIAMONDS SIX,0.614,0.003,0.383
HEARTS KING HEARTS JACK,0.584,0.0056,0.4104
CLUBS EIGHT DIAMONDS SIX,0.6078,0.0044,0.3878
DIAMONDS EIGHT CLUBS QUEEN,0.6304,0.005,0.3646
SPADES TEN HEARTS KING,0.5998,0.0068,0.3934
SPADES FIVE DIAMONDS SIX,0.6116,0.005,0.3834
SPADES JACK HEARTS KING,0.5966,0.0046,0.3988
SPADES FOUR DIAMONDS SIX,0.7442,0.0182,0.2376
SPADES THREE DIAMONDS SIX,0.6576,0.006,0.3364
HEARTS QUEEN SPADES TWO,0.6634,0.0056,0.331
SPADES ACE SPADES KING,0.2844,0.0446,0.671
HEARTS KING SPADES TWO,0.659,0.0054,0.3356
SPADES TWO DIAMONDS SIX,0.6712,0.0062,0.3226
HEARTS TEN HEARTS EIGHT,0.5782,0.0056,0.4162
SPADES NINE DIAMONDS SIX,0.6086,0.005,0.3864
HEARTS JACK HEARTS EIGHT,0.581,0.0036,0.4154
SPADES EIGHT DIAMONDS SIX,0.601,0.0036,0.3954
SPADES SEVEN DIAMONDS SIX,0.604,0.0048,0.3912
SPADES SIX DIAMONDS SIX,0.4042,0.0034,0.5924
SPADES KING HEARTS KING,0.338,0.0036,0.6584
SPADES QUEEN HEARTS KING,0.5808,0.006,0.4132
CLUBS ACE CLUBS KING,0.297,0.0424,0.6606
SPADES ACE HEARTS KING,0.2904,0.0454,0.6642
SPADES ACE HEARTS JACK,0.2886,0.086,0.6254
SPADES QUEEN HEARTS JACK,0.5844,0.0056,0.41
SPADES KING HEARTS JACK,0.5944,0.0062,0.3994
SPADES TEN DIAMONDS TEN,0.3546,0.0042,0.6412
SPADES JACK DIAMONDS TEN,0.5798,0.0034,0.4168
SPADES ACE DIAMONDS TEN,0.2966,0.1108,0.5926
SPADES JACK HEARTS JACK,0.3494,0.005,0.6456
SPADES TEN HEARTS JACK,0.574,0.0054,0.4206
SPADES QUEEN DIAMONDS TEN,0.5926,0.0036,0.4038
SPADES KING DIAMONDS TEN,0.5974,0.0044,0.3982
SPADES NINE DIAMONDS SEVEN,0.6082,0.004,0.3878
SPADES EIGHT DIAMONDS SEVEN,0.5722,0.0024,0.4254
SPADES SEVEN DIAMONDS SEVEN,0.3924,0.0056,0.602
SPADES SIX DIAMONDS SEVEN,0.6122,0.006,0.3818
DIAMONDS KING DIAMONDS SEVEN,0.5754,0.0084,0.4162
HEARTS THREE DIAMONDS SEVEN,0.6566,0.006,0.3374
HEARTS KING DIAMONDS FIVE,0.641,0.0054,0.3536
DIAMONDS QUEEN DIAMONDS SEVEN,0.5816,0.005,0.4134
HEARTS TWO DIAMONDS SEVEN,0.682,0.006,0.312
HEARTS QUEEN DIAMONDS FIVE,0.6244,0.005,0.3706
HEARTS FIVE DIAMONDS SEVEN,0.6142,0.0044,0.3814
DIAMONDS ACE DIAMONDS SEVEN,0.2586,0.2714,0.47
HEARTS SEVEN DIAMONDS SEVEN,0.3804,0.0062,0.6134
HEARTS SIX DIAMONDS SEVEN,0.601,0.0074,0.3916
DIAMONDS SEVEN HEARTS NINE,0.5914,0.0054,0.4032
HEARTS EIGHT DIAMONDS SEVEN,0.5756,0.0046,0.4198
DIAMONDS JACK DIAMONDS SEVEN,0.5894,0.0046,0.406
DIAMONDS FIVE HEARTS JACK,0.627,0.006,0.367
DIAMONDS TEN DIAMONDS SEVEN,0.5734,0.0046,0.422
HEARTS TEN DIAMONDS FIVE,0.632,0.0054,0.3626
CLUBS EIGHT DIAMONDS SEVEN,0.5902,0.0048,0.405
SPADES KING CLUBS TWO,0.6762,0.005,0.3188
HEARTS KING CLUBS KING,0.3196,0.005,0.6754
SPADES QUEEN CLUBS TWO,0.6696,0.0052,0.3252
HEARTS KING CLUBS QUEEN,0.5966,0.0042,0.3992
CLUBS NINE DIAMONDS SEVEN,0.6118,0.0054,0.3828
CLUBS JACK SPADES TWO,0.675,0.0042,0.3208
CLUBS SIX CLUBS SEVEN,0.5628,0.005,0.4322
SPADES ACE CLUBS TWO,0.3096,0.4778,0.2126
CLUBS TEN SPADES TWO,0.6698,0.0038,0.3264
HEARTS KING CLUBS ACE,0.2938,0.044,0.6622
SPADES TWO CLUBS KING,0.6706,0.0048,0.3246
SPADES TWO DIAMONDS SEVEN,0.6648,0.0048,0.3304
CLUBS EIGHT CLUBS SIX,0.576,0.0036,0.4204
SPADES THREE DIAMONDS SEVEN,0.6618,0.005,0.3332
SPADES TWO CLUBS QUEEN,0.6652,0.0052,0.3296
CLUBS NINE CLUBS SIX,0.581,0.0064,0.4126
SPADES FOUR DIAMONDS SEVEN,0.7386,0.0214,0.24
CLUBS JACK HEARTS KING,0.6086,0.0052,0.3862
SPADES FIVE DIAMONDS SEVEN,0.6218,0.0056,0.3726
SPADES TWO CLUBS ACE,0.2998,0.4848,0.2154
CLUBS TEN HEARTS KING,0.5992,0.005,0.3958
CLUBS SIX SPADES TWO,0.68,0.005,0.315
CLUBS SIX SPADES THREE,0.6656,0.0044,0.33
CLUBS TWO DIAMONDS SEVEN,0.6922,0.0046,0.3032
CLUBS SIX SPADES FOUR,0.7372,0.0184,0.2444
CLUBS THREE DIAMONDS SEVEN,0.671,0.0048,0.3242
CLUBS SIX SPADES FIVE,0.612,0.0046,0.3834
CLUBS FOUR DIAMONDS SEVEN,0.7404,0.0188,0.2408
CLUBS SIX SPADES SIX,0.4012,0.0046,0.5942
CLUBS FIVE DIAMONDS SEVEN,0.6122,0.0034,0.3844
CLUBS SIX SPADES SEVEN,0.6006,0.0044,0.395
CLUBS SIX DIAMONDS SEVEN,0.6172,0.0042,0.3786
CLUBS SIX SPADES EIGHT,0.5936,0.0028,0.4036
SPADES JACK CLUBS TWO,0.6612,0.005,0.3338
CLUBS SEVEN DIAMONDS SEVEN,0.4094,0.0028,0.5878
CLUBS SIX SPADES NINE,0.6082,0.0036,0.3882
SPADES TEN CLUBS TWO,0.6744,0.0064,0.3192
CLUBS TWO CLUBS QUEEN,0.6286,0.0052,0.3662
CLUBS TWO CLUBS KING,0.6366,0.0056,0.3578
CLUBS THREE DIAMONDS EIGHT,0.6612,0.0048,0.334
CLUBS TWO CLUBS ACE,0.2978,0.4416,0.2606
CLUBS TWO DIAMONDS EIGHT,0.6658,0.006,0.3282
HEARTS SEVEN DIAMONDS EIGHT,0.5764,0.006,0.4176
HEARTS SIX DIAMONDS EIGHT,0.6002,0.0042,0.3956
DIAMONDS EIGHT HEARTS NINE,0.5754,0.0054,0.4192
CLUBS TEN CLUBS TWO,0.6288,0.004,0.3672
DIAMONDS EIGHT HEARTS EIGHT,0.378,0.0054,0.6166
CLUBS JACK CLUBS TWO,0.6248,0.0078,0.3674
CLUBS NINE DIAMONDS EIGHT,0.59,0.004,0.406
CLUBS EIGHT DIAMONDS EIGHT,0.3886,0.0032,0.6082
CLUBS FIVE DIAMONDS EIGHT,0.6362,0.0046,0.3592
SPADES ACE SPADES THREE,0.2906,0.46,0.2494
CLUBS FOUR DIAMONDS EIGHT,0.751,0.0152,0.2338
CLUBS SEVEN DIAMONDS EIGHT,0.5856,0.0046,0.4098
SPADES QUEEN SPADES THREE,0.6256,0.0078,0.3666
CLUBS SIX DIAMONDS EIGHT,0.6094,0.0032,0.3874
SPADES KING SPADES THREE,0.6232,0.0048,0.372
DIAMONDS QUEEN DIAMONDS EIGHT,0.5832,0.0048,0.412
HEARTS TWO DIAMONDS EIGHT,0.6584,0.0066,0.335
DIAMONDS KING DIAMONDS EIGHT,0.5906,0.0052,0.4042
HEARTS THREE DIAMONDS EIGHT,0.6738,0.0044,0.3218
DIAMONDS ACE DIAMONDS EIGHT,0.2686,0.203,0.5284
HEARTS FIVE DIAMONDS EIGHT,0.6274,0.0046,0.368
DIAMONDS EIGHT DIAMONDS TEN,0.563,0.0058,0.4312
DIAMONDS EIGHT DIAMONDS JACK,0.5698,0.0046,0.4256
SPADES JACK SPADES THREE,0.627,0.0042,0.3688
SPADES TEN SPADES THREE,0.623,0.0048,0.3722
CLUBS FOUR HEARTS QUEEN,0.7614,0.0258,0.2128
CLUBS FOUR HEARTS KING,0.7476,0.0254,0.227
CLUBS SIX HEARTS TEN,0.612,0.0042,0.3838
CLUBS SIX HEARTS JACK,0.6178,0.0062,0.376
DIAMONDS EIGHT SPADES FOUR,0.733,0.0176,0.2494
SPADES FIVE DIAMONDS EIGHT,0.6198,0.0064,0.3738
DIAMONDS EIGHT SPADES TWO,0.6706,0.0062,0.3232
DIAMONDS EIGHT SPADES THREE,0.6644,0.007,0.3286
CLUBS FOUR HEARTS JACK,0.7524,0.0242,0.2234
SPADES EIGHT DIAMONDS EIGHT,0.3896,0.0038,0.6066
SPADES TEN DIAMONDS QUEEN,0.5776,0.0034,0.419
SPADES TEN HEARTS TWO,0.6592,0.0054,0.3354
SPADES JACK HEARTS EIGHT,0.6158,0.0044,0.3798
CLUBS FOUR HEARTS TEN,0.7586,0.021,0.2204
SPADES NINE DIAMONDS EIGHT,0.5956,0.0042,0.4002
SPADES TEN HEARTS EIGHT,0.5892,0.0054,0.4054
SPADES JACK HEARTS TWO,0.6662,0.0058,0.328
SPADES JACK DIAMONDS QUEEN,0.5916,0.0046,0.4038
SPADES SIX DIAMONDS EIGHT,0.6124,0.0026,0.385
SPADES SEVEN DIAMONDS EIGHT,0.5948,0.0038,0.4014
SPADES ACE HEARTS TWO,0.3002,0.4872,0.2126
SPADES ACE DIAMONDS QUEEN,0.3122,0.0584,0.6294
SPADES ACE HEARTS EIGHT,0.2706,0.2282,0.5012
SPADES KING HEARTS EIGHT,0.6104,0.0064,0.3832
SPADES QUEEN HEARTS TWO,0.68,0.0066,0.3134
SPADES QUEEN DIAMONDS QUEEN,0.3348,0.005,0.6602
SPADES KING DIAMONDS QUEEN,0.5984,0.004,0.3976
SPADES KING HEARTS TWO,0.665,0.0058,0.3292
SPADES QUEEN HEARTS EIGHT,0.618,0.0036,0.3784
CLUBS TWO HEARTS TEN,0.664,0.0056,0.3304
CLUBS TWO HEARTS JACK,0.6428,0.0058,0.3514
SPADES SEVEN DIAMONDS NINE,0.5996,0.0028,0.3976
SPADES SIX DIAMONDS NINE,0.62,0.0036,0.3764
SPADES NINE DIAMONDS NINE,0.3592,0.0046,0.6362
SPADES EIGHT DIAMONDS NINE,0.5822,0.004,0.4138
SPADES TEN CLUBS KING,0.5892,0.0042,0.4066
DIAMONDS NINE SPADES THREE,0.6758,0.0054,0.3188
SPADES JACK CLUBS KING,0.607,0.0046,0.3884
DIAMONDS NINE SPADES TWO,0.6704,0.0044,0.3252
DIAMONDS NINE SPADES FIVE,0.6318,0.0042,0.364
DIAMONDS NINE SPADES FOUR,0.7544,0.0204,0.2252
CLUBS NINE DIAMONDS NINE,0.3698,0.0042,0.626
CLUBS EIGHT DIAMONDS NINE,0.5896,0.0046,0.4058
CLUBS SIX DIAMONDS NINE,0.6136,0.0038,0.3826
SPADES JACK CLUBS FOUR,0.7596,0.0242,0.2162
CLUBS SEVEN DIAMONDS NINE,0.5946,0.0022,0.4032
SPADES TEN CLUBS FOUR,0.747,0.024,0.229
CLUBS FOUR DIAMONDS NINE,0.7652,0.0196,0.2152
CLUBS FIVE DIAMONDS NINE,0.6148,0.004,0.3812
CLUBS TWO DIAMONDS NINE,0.6848,0.0046,0.3106
DIAMONDS NINE CLUBS THREE,0.6598,0.0048,0.3354
DIAMONDS NINE HEARTS EIGHT,0.569,0.0038,0.4272
DIAMONDS NINE HEARTS NINE,0.3842,0.004,0.6118
HEARTS SIX DIAMONDS NINE,0.6076,0.0058,0.3866
HEARTS SEVEN DIAMONDS NINE,0.594,0.004,0.402
CLUBS EIGHT CLUBS NINE,0.5328,0.0064,0.4608
DIAMONDS ACE DIAMONDS NINE,0.2826,0.1502,0.5672
HEARTS FIVE DIAMONDS NINE,0.6216,0.0082,0.3702
SPADES ACE CLUBS FOUR,0.0722,0.9084,0.0194
DIAMONDS QUEEN DIAMONDS NINE,0.5632,0.0046,0.4322
HEARTS TWO DIAMONDS NINE,0.6714,0.006,0.3226
CLUBS TWO HEARTS KING,0.6644,0.0066,0.329
SPADES KING CLUBS FOUR,0.7554,0.0212,0.2234
DIAMONDS KING DIAMONDS NINE,0.5714,0.0056,0.423
HEARTS THREE DIAMONDS NINE,0.6598,0.0044,0.3358
CLUBS TWO HEARTS QUEEN,0.6612,0.0082,0.3306
SPADES QUEEN CLUBS FOUR,0.7468,0.029,0.2242
DIAMONDS NINE DIAMONDS JACK,0.5498,0.0054,0.4448
CLUBS EIGHT SPADES NINE,0.5884,0.0034,0.4082
DIAMONDS NINE DIAMONDS TEN,0.5578,0.005,0.4372
CLUBS EIGHT SPADES EIGHT,0.3886,0.0046,0.6068
CLUBS EIGHT SPADES SEVEN,0.5948,0.0056,0.3996
CLUBS EIGHT SPADES SIX,0.5954,0.0038,0.4008
CLUBS EIGHT SPADES FIVE,0.6304,0.0048,0.3648
CLUBS EIGHT SPADES FOUR,0.7442,0.0208,0.235
CLUBS EIGHT SPADES THREE,0.6628,0.0054,0.3318
CLUBS EIGHT SPADES TWO,0.6612,0.0042,0.3346
HEARTS SIX DIAMONDS TEN,0.6182,0.0046,0.3772
HEARTS SEVEN DIAMONDS TEN,0.591,0.0048,0.4042
DIAMONDS TEN HEARTS EIGHT,0.575,0.0046,0.4204
CLUBS JACK CLUBS FOUR,0.7126,0.0236,0.2638
DIAMONDS TEN HEARTS NINE,0.5712,0.004,0.4248
CLUBS TEN CLUBS FOUR,0.7254,0.0196,0.255
CLUBS FOUR CLUBS KING,0.7014,0.0216,0.277
CLUBS FOUR CLUBS QUEEN,0.713,0.019,0.268
CLUBS TWO DIAMONDS TEN,0.6692,0.0046,0.3262
CLUBS THREE DIAMONDS TEN,0.6718,0.0046,0.3236
CLUBS FOUR CLUBS ACE,0.0732,0.8588,0.068
DIAMONDS JACK DIAMONDS TEN,0.5454,0.0048,0.4498
DIAMONDS QUEEN DIAMONDS TEN,0.5548,0.0042,0.441
HEARTS TWO DIAMONDS TEN,0.6668,0.0078,0.3254
DIAMONDS KING DIAMONDS TEN,0.5534,0.0062,0.4404
HEARTS THREE DIAMONDS TEN,0.6672,0.0054,0.3274
DIAMONDS ACE DIAMONDS TEN,0.2822,0.104,0.6138
CLUBS EIGHT HEARTS JACK,0.6062,0.0044,0.3894
HEARTS FIVE DIAMONDS TEN,0.6218,0.0056,0.3726
CLUBS EIGHT HEARTS TEN,0.5836,0.0042,0.4122
CLUBS EIGHT HEARTS QUEEN,0.6074,0.0034,0.3892
CLUBS EIGHT HEARTS KING,0.625,0.0052,0.3698
CLUBS NINE SPADES THREE,0.6706,0.006,0.3234
CLUBS NINE SPADES TWO,0.6728,0.005,0.3222
CLUBS NINE SPADES FIVE,0.6286,0.0056,0.3658
CLUBS NINE SPADES FOUR,0.7488,0.0236,0.2276
CLUBS NINE SPADES SEVEN,0.6054,0.0042,0.3904
CLUBS NINE SPADES SIX,0.6144,0.0046,0.381
CLUBS NINE SPADES NINE,0.3714,0.0026,0.626
CLUBS TEN HEARTS EIGHT,0.5896,0.0042,0.4062
CLUBS NINE SPADES EIGHT,0.5764,0.0054,0.4182
CLUBS JACK HEARTS EIGHT,0.5994,0.006,0.3946
HEARTS EIGHT CLUBS QUEEN,0.6084,0.004,0.3876
CLUBS KING HEARTS EIGHT,0.6294,0.0054,0.3652
CLUBS ACE HEARTS EIGHT,0.28,0.222,0.498
SPADES KING CLUBS KING,0.3376,0.0036,0.6588
SPADES QUEEN CLUBS KING,0.6004,0.005,0.3946
SPADES ACE CLUBS KING,0.3066,0.0502,0.6432
DIAMONDS ACE HEARTS TEN,0.2784,0.1102,0.6114
DIAMONDS ACE HEARTS JACK,0.3,0.0974,0.6026
SPADES KING CLUBS FIVE,0.6422,0.0034,0.3544
SPADES QUEEN CLUBS FIVE,0.6496,0.0044,0.346
SPADES ACE CLUBS FIVE,0.2586,0.4324,0.309
HEARTS SEVEN DIAMONDS JACK,0.6236,0.0046,0.3718
HEARTS SIX DIAMONDS JACK,0.6298,0.0048,0.3654
DIAMONDS JACK HEARTS NINE,0.5874,0.0048,0.4078
DIAMONDS JACK HEARTS EIGHT,0.5928,0.0066,0.4006
DIAMONDS KING DIAMONDS JACK,0.5654,0.0048,0.4298
HEARTS THREE DIAMONDS JACK,0.6578,0.0044,0.3378
SPADES ACE SPADES SIX,0.272,0.337,0.391
DIAMONDS QUEEN DIAMONDS JACK,0.5366,0.0046,0.4588
HEARTS TWO DIAMONDS JACK,0.6628,0.0062,0.331
HEARTS FIVE DIAMONDS JACK,0.6416,0.004,0.3544
SPADES QUEEN SPADES SIX,0.5936,0.0034,0.403
SPADES FOUR HEARTS QUEEN,0.7588,0.0224,0.2188
DIAMONDS ACE DIAMONDS JACK,0.2832,0.0824,0.6344
SPADES KING SPADES SIX,0.5916,0.0056,0.4028
SPADES FOUR HEARTS KING,0.7512,0.0254,0.2234
SPADES TEN SPADES SIX,0.5856,0.0058,0.4086
SPADES JACK SPADES SIX,0.5834,0.0052,0.4114
SPADES FOUR DIAMONDS JACK,0.7474,0.0206,0.232
SPADES FIVE DIAMONDS JACK,0.6332,0.0026,0.3642
DIAMONDS JACK SPADES TWO,0.6612,0.0068,0.332
DIAMONDS JACK SPADES THREE,0.6696,0.006,0.3244
SPADES ACE DIAMONDS THREE,0.3122,0.4856,0.2022
CLUBS EIGHT DIAMONDS JACK,0.5952,0.0058,0.399
SPADES QUEEN DIAMONDS THREE,0.6628,0.0044,0.3328
SPADES KING DIAMONDS THREE,0.6732,0.0044,0.3224
CLUBS NINE DIAMONDS JACK,0.6044,0.0042,0.3914
CLUBS SIX DIAMONDS JACK,0.634,0.003,0.363
CLUBS SEVEN DIAMONDS JACK,0.6212,0.0046,0.3742
CLUBS FOUR DIAMONDS JACK,0.7578,0.0228,0.2194
CLUBS FIVE DIAMONDS JACK,0.6402,0.0066,0.3532
CLUBS TWO DIAMONDS JACK,0.6666,0.0056,0.3278
CLUBS THREE DIAMONDS JACK,0.6646,0.0048,0.3306
SPADES TEN CLUBS FIVE,0.6434,0.004,0.3526
SPADES JACK HEARTS SIX,0.6154,0.0044,0.3802
HEARTS SIX SPADES TEN,0.6198,0.0048,0.3754
SPADES JACK CLUBS FIVE,0.6312,0.0028,0.366
SPADES JACK DIAMONDS THREE,0.6736,0.0042,0.3222
CLUBS SEVEN CLUBS ACE,0.2768,0.252,0.4712
DIAMONDS THREE SPADES TEN,0.6536,0.004,0.3424
CLUBS SEVEN CLUBS QUEEN,0.595,0.0052,0.3998
CLUBS SEVEN CLUBS KING,0.5924,0.0054,0.4022
SPADES NINE DIAMONDS JACK,0.5866,0.0046,0.4088
CLUBS TEN CLUBS SEVEN,0.573,0.0062,0.4208
SPADES EIGHT DIAMONDS JACK,0.609,0.0038,0.3872
SPADES ACE HEARTS SIX,0.2764,0.3576,0.366
CLUBS JACK CLUBS SEVEN,0.5748,0.0048,0.4204
DIAMONDS ACE HEARTS KING,0.2812,0.0508,0.668
SPADES SEVEN DIAMONDS JACK,0.6228,0.0044,0.3728
SPADES KING HEARTS SIX,0.6272,0.0072,0.3656
DIAMONDS ACE HEARTS QUEEN,0.2958,0.0644,0.6398
SPADES QUEEN HEARTS SIX,0.6304,0.007,0.3626
SPADES SIX DIAMONDS JACK,0.6256,0.0028,0.3716
DIAMONDS TEN SPADES TWO,0.6678,0.0048,0.3274
SPADES THREE DIAMONDS TEN,0.6682,0.0046,0.3272
SPADES FOUR DIAMONDS TEN,0.7718,0.0214,0.2068
SPADES FIVE DIAMONDS TEN,0.6374,0.0046,0.358
SPADES SIX DIAMONDS TEN,0.6278,0.0044,0.3678
SPADES SEVEN DIAMONDS TEN,0.6098,0.0036,0.3866
SPADES EIGHT DIAMONDS TEN,0.6076,0.0052,0.3872
SPADES NINE DIAMONDS TEN,0.5836,0.0052,0.4112
CLUBS FOUR DIAMONDS TEN,0.7582,0.0208,0.221
CLUBS FIVE DIAMONDS TEN,0.6398,0.0056,0.3546
CLUBS SIX DIAMONDS TEN,0.6216,0.0042,0.3742
CLUBS SEVEN DIAMONDS TEN,0.5918,0.0042,0.404
CLUBS EIGHT DIAMONDS TEN,0.586,0.0036,0.4104
CLUBS NINE DIAMONDS TEN,0.5854,0.004,0.4106
CLUBS JACK DIAMONDS THREE,0.6608,0.0052,0.334
CLUBS TEN DIAMONDS THREE,0.661,0.006,0.333
DIAMONDS THREE CLUBS KING,0.6794,0.0056,0.315
DIAMONDS THREE CLUBS QUEEN,0.677,0.006,0.317
DIAMONDS THREE CLUBS ACE,0.3044,0.4834,0.2122
SPADES FOUR HEARTS JACK,0.7538,0.0224,0.2238
SPADES FOUR HEARTS TEN,0.7452,0.025,0.2298
SPADES FIVE SPADES TWO,0.6314,0.005,0.3636
SPADES FOUR SPADES TWO,0.7156,0.0184,0.266
SPADES THREE SPADES TWO,0.6508,0.0054,0.3438
SPADES NINE SPADES TWO,0.6286,0.0056,0.3658
SPADES EIGHT SPADES TWO,0.6252,0.0042,0.3706
SPADES SEVEN SPADES TWO,0.6244,0.006,0.3696
SPADES SIX SPADES TWO,0.6394,0.0054,0.3552
DIAMONDS QUEEN CLUBS THREE,0.665,0.0052,0.3298
HEARTS TWO CLUBS THREE,0.6716,0.0064,0.322
DIAMONDS QUEEN CLUBS TWO,0.6702,0.0052,0.3246
HEARTS TWO CLUBS TWO,0.4776,0.009,0.5134
HEARTS SEVEN DIAMONDS QUEEN,0.629,0.004,0.367
HEARTS SEVEN HEARTS TWO,0.6714,0.0048,0.3238
HEARTS SIX DIAMONDS QUEEN,0.6162,0.0054,0.3784
HEARTS SIX HEARTS TWO,0.6662,0.0066,0.3272
DIAMONDS QUEEN HEARTS NINE,0.6012,0.0032,0.3956
HEARTS TWO HEARTS NINE,0.6516,0.0068,0.3416
DIAMONDS QUEEN HEARTS EIGHT,0.612,0.0046,0.3834
HEARTS TWO HEARTS EIGHT,0.6544,0.0078,0.3378
CLUBS NINE HEARTS TWO,0.6564,0.0056,0.338
CLUBS NINE DIAMONDS QUEEN,0.6102,0.003,0.3868
CLUBS EIGHT DIAMONDS QUEEN,0.622,0.004,0.374
CLUBS EIGHT HEARTS TWO,0.6748,0.0046,0.3206
DIAMONDS QUEEN CLUBS FIVE,0.6424,0.0042,0.3534
HEARTS TWO CLUBS FIVE,0.6516,0.0068,0.3416
DIAMONDS QUEEN CLUBS FOUR,0.7492,0.0264,0.2244
CLUBS FOUR HEARTS TWO,0.7488,0.0252,0.226
CLUBS SEVEN DIAMONDS QUEEN,0.6306,0.0042,0.3652
CLUBS SEVEN HEARTS TWO,0.6626,0.0038,0.3336
SPADES EIGHT HEARTS QUEEN,0.6166,0.0038,0.3796
CLUBS SIX DIAMONDS QUEEN,0.6448,0.0042,0.351
CLUBS SIX HEARTS TWO,0.6702,0.0042,0.3256
SPADES EIGHT HEARTS KING,0.6096,0.0064,0.384
HEARTS TWO SPADES SIX,0.6714,0.0064,0.3222
DIAMONDS QUEEN SPADES SIX,0.6398,0.0028,0.3574
DIAMONDS ACE CLUBS QUEEN,0.3068,0.0612,0.632
DIAMONDS QUEEN SPADES SEVEN,0.6242,0.0038,0.372
HEARTS TWO SPADES SEVEN,0.68,0.0044,0.3156
DIAMONDS ACE CLUBS KING,0.3066,0.0462,0.6472
DIAMONDS QUEEN SPADES EIGHT,0.6086,0.0026,0.3888
SPADES EIGHT HEARTS TWO,0.6662,0.0052,0.3286
DIAMONDS ACE CLUBS ACE,0.123,0.0118,0.8652
SPADES NINE DIAMONDS QUEEN,0.604,0.004,0.392
SPADES NINE HEARTS TWO,0.6768,0.0046,0.3186
HEARTS TWO SPADES TWO,0.4958,0.0058,0.4984
DIAMONDS QUEEN SPADES TWO,0.6594,0.004,0.3366
HEARTS TWO SPADES THREE,0.6836,0.0056,0.3108
DIAMONDS QUEEN SPADES THREE,0.6608,0.004,0.3352
HEARTS TWO SPADES FOUR,0.7568,0.0226,0.2206
DIAMONDS QUEEN SPADES FOUR,0.752,0.0232,0.2248
CLUBS TEN DIAMONDS ACE,0.302,0.106,0.592
HEARTS TWO SPADES FIVE,0.663,0.0052,0.3318
DIAMONDS QUEEN SPADES FIVE,0.6328,0.0046,0.3626
CLUBS JACK DIAMONDS ACE,0.3062,0.0812,0.6126
CLUBS FIVE CLUBS KING,0.599,0.006,0.395
CLUBS FIVE CLUBS QUEEN,0.6066,0.0026,0.3908
CLUBS FIVE CLUBS ACE,0.2496,0.4092,0.3412
CLUBS JACK CLUBS FIVE,0.605,0.0062,0.3888
CLUBS TEN CLUBS FIVE,0.6048,0.0028,0.3924
SPADES KING CLUBS JACK,0.6052,0.0036,0.3912
CLUBS JACK SPADES QUEEN,0.5884,0.0044,0.4072
SPADES ACE CLUBS JACK,0.306,0.0808,0.6132
SPADES SIX CLUBS KING,0.6318,0.0038,0.3644
SPADES SIX CLUBS QUEEN,0.6436,0.0044,0.352
SPADES EIGHT HEARTS JACK,0.6074,0.0054,0.3872
SPADES SIX CLUBS ACE,0.3,0.3494,0.3506
SPADES EIGHT HEARTS TEN,0.579,0.0032,0.4178
CLUBS JACK SPADES SIX,0.618,0.004,0.378
CLUBS TEN SPADES SIX,0.6256,0.0036,0.3708
CLUBS JACK SPADES TEN,0.5738,0.005,0.4212
CLUBS JACK SPADES JACK,0.351,0.0018,0.6472
SPADES QUEEN CLUBS SEVEN,0.638,0.0032,0.3588
SPADES KING CLUBS SEVEN,0.6272,0.004,0.3688
SPADES ACE CLUBS SEVEN,0.2954,0.2786,0.426
SPADES SIX HEARTS TEN,0.625,0.005,0.37
SPADES SIX HEARTS JACK,0.635,0.0048,0.3602
SPADES SIX HEARTS KING,0.628,0.0058,0.3662
SPADES SIX HEARTS QUEEN,0.6282,0.0064,0.3654
SPADES JACK CLUBS SEVEN,0.6172,0.0036,0.3792
SPADES TEN CLUBS SEVEN,0.6184,0.0062,0.3754
CLUBS TEN HEARTS SIX,0.6142,0.0042,0.3816
CLUBS JACK HEARTS SIX,0.6358,0.0046,0.3596
CLUBS JACK CLUBS ACE,0.2882,0.0786,0.6332
HEARTS SIX CLUBS QUEEN,0.6278,0.0042,0.368
HEARTS SIX CLUBS KING,0.6268,0.0034,0.3698
HEARTS SIX CLUBS ACE,0.2812,0.3582,0.3606
CLUBS JACK CLUBS QUEEN,0.5608,0.0048,0.4344
CLUBS JACK CLUBS KING,0.5604,0.0052,0.4344
DIAMONDS THREE HEARTS QUEEN,0.6608,0.0056,0.3336
DIAMONDS THREE HEARTS KING,0.6696,0.0066,0.3238
CLUBS FIVE HEARTS JACK,0.6274,0.0058,0.3668
SPADES TEN DIAMONDS ACE,0.2988,0.1174,0.5838
CLUBS FIVE HEARTS TEN,0.6396,0.0054,0.355
SPADES JACK DIAMONDS ACE,0.3108,0.0858,0.6034
SPADES ACE DIAMONDS ACE,0.1204,0.0126,0.867
CLUBS FIVE HEARTS KING,0.6428,0.0062,0.351
SPADES QUEEN DIAMONDS ACE,0.2966,0.063,0.6404
CLUBS JACK SPADES FOUR,0.7494,0.0228,0.2278
CLUBS FIVE HEARTS QUEEN,0.6314,0.0054,0.3632
SPADES KING DIAMONDS ACE,0.3106,0.0444,0.645
CLUBS TEN SPADES FOUR,0.7536,0.0244,0.222
DIAMONDS QUEEN DIAMONDS ACE,0.2868,0.0592,0.654
HEARTS TWO DIAMONDS ACE,0.3006,0.4882,0.2112
DIAMONDS THREE HEARTS TEN,0.6634,0.0056,0.331
SPADES FOUR CLUBS KING,0.7574,0.0218,0.2208
HEARTS FIVE DIAMONDS QUEEN,0.6348,0.0058,0.3594
HEARTS FIVE HEARTS TWO,0.6536,0.0062,0.3402
DIAMONDS THREE HEARTS JACK,0.6634,0.005,0.3316
SPADES FOUR CLUBS QUEEN,0.7704,0.0218,0.2078
DIAMONDS QUEEN HEARTS TWO,0.6644,0.005,0.3306
DIAMONDS KING DIAMONDS QUEEN,0.5594,0.005,0.4356
DIAMONDS KING HEARTS TWO,0.6738,0.006,0.3202
HEARTS THREE DIAMONDS QUEEN,0.6604,0.0066,0.333
HEARTS THREE HEARTS TWO,0.6884,0.0072,0.3044
SPADES FOUR CLUBS ACE,0.0732,0.9072,0.0196
HEARTS TWO CLUBS ACE,0.2982,0.485,0.2168
DIAMONDS QUEEN CLUBS ACE,0.2894,0.062,0.6486
HEARTS TWO CLUBS QUEEN,0.6572,0.0052,0.3376
DIAMONDS QUEEN CLUBS QUEEN,0.3424,0.0044,0.6532
HEARTS TWO CLUBS KING,0.6746,0.0058,0.3196
DIAMONDS QUEEN CLUBS KING,0.6066,0.0048,0.3886
SPADES EIGHT SPADES FIVE,0.5856,0.0038,0.4106
CLUBS TEN HEARTS TWO,0.665,0.0042,0.3308
CLUBS TEN DIAMONDS QUEEN,0.5948,0.0028,0.4024
SPADES NINE SPADES FIVE,0.5854,0.004,0.4106
CLUBS JACK HEARTS TWO,0.6644,0.0056,0.33
CLUBS JACK DIAMONDS QUEEN,0.5886,0.0044,0.407
SPADES SIX SPADES FIVE,0.5658,0.0056,0.4286
SPADES SEVEN SPADES FIVE,0.5834,0.0044,0.4122
DIAMONDS FIVE CLUBS QUEEN,0.6532,0.0044,0.3424
SPADES EIGHT CLUBS ACE,0.3002,0.2138,0.486
DIAMONDS FIVE CLUBS KING,0.6588,0.0032,0.338
SPADES EIGHT CLUBS KING,0.6264,0.004,0.3696
DIAMONDS FIVE CLUBS ACE,0.2606,0.4298,0.3096
SPADES EIGHT CLUBS QUEEN,0.609,0.0054,0.3856
CLUBS JACK SPADES EIGHT,0.6078,0.0036,0.3886
CLUBS TEN SPADES EIGHT,0.5978,0.0054,0.3968
CLUBS TEN DIAMONDS FIVE,0.6378,0.005,0.3572
CLUBS JACK DIAMONDS FIVE,0.6342,0.0062,0.3596
DIAMONDS TEN HEARTS JACK,0.571,0.0066,0.4224
DIAMONDS TEN HEARTS TEN,0.3538,0.0052,0.641
