opposingHand,winningChance,drawChance,lostChance
HEARTS FIVE SPADES EIGHT
SPADES FIVE CLUBS JACK,0.263,0.0652,0.6718
CLUBS TEN SPADES FIVE,0.2544,0.0794,0.6662
CLUBS EIGHT CLUBS JACK,0.2522,0.0602,0.6876
CLUBS TEN CLUBS EIGHT,0.2204,0.075,0.7046
CLUBS EIGHT CLUBS KING,0.2354,0.031,0.7336
SPADES FIVE CLUBS ACE,0.2722,0.0248,0.703
CLUBS EIGHT CLUBS QUEEN,0.25,0.0448,0.7052
SPADES FIVE CLUBS KING,0.2696,0.0406,0.6898
SPADES FIVE CLUBS QUEEN,0.2666,0.0444,0.689
CLUBS EIGHT CLUBS ACE,0.2336,0.0242,0.7422
DIAMONDS TWO DIAMONDS THREE,0.5524,0.0702,0.3774
DIAMONDS TWO DIAMONDS FIVE,0.5654,0.1404,0.2942
DIAMONDS TWO DIAMONDS FOUR,0.5708,0.0598,0.3694
DIAMONDS TWO DIAMONDS SEVEN,0.574,0.0586,0.3674
DIAMONDS TWO DIAMONDS SIX,0.5576,0.0682,0.3742
DIAMONDS TWO DIAMONDS NINE,0.3862,0.0386,0.5752
DIAMONDS TWO DIAMONDS EIGHT,0.3214,0.408,0.2706
DIAMONDS THREE DIAMONDS FOUR,0.5422,0.0664,0.3914
SPADES FOUR CLUBS TWO,0.5968,0.0654,0.3378
DIAMONDS THREE DIAMONDS FIVE,0.5518,0.1452,0.303
SPADES FIVE CLUBS TWO,0.6046,0.1522,0.2432
CLUBS TWO SPADES TWO,0.3944,0.0926,0.513
CLUBS TWO SPADES THREE,0.6048,0.0714,0.3238
DIAMONDS THREE DIAMONDS EIGHT,0.3226,0.4116,0.2658
DIAMONDS THREE DIAMONDS NINE,0.3968,0.04,0.5632
SPADES NINE CLUBS TWO,0.4036,0.04,0.5564
DIAMONDS THREE DIAMONDS SIX,0.554,0.0622,0.3838
SPADES SIX CLUBS TWO,0.6042,0.0654,0.3304
DIAMONDS THREE DIAMONDS SEVEN,0.581,0.0582,0.3608
SPADES SEVEN CLUBS TWO,0.6108,0.0666,0.3226
CLUBS SIX CLUBS TWO,0.5416,0.0664,0.392
CLUBS SEVEN CLUBS TWO,0.569,0.0626,0.3684
CLUBS FOUR CLUBS TWO,0.5608,0.0656,0.3736
CLUBS FIVE CLUBS TWO,0.5544,0.1482,0.2974
CLUBS TEN CLUBS JACK,0.3094,0.0132,0.6774
DIAMONDS FOUR DIAMONDS SIX,0.5432,0.0602,0.3966
CLUBS TEN CLUBS QUEEN,0.3104,0.0132,0.6764
DIAMONDS FOUR DIAMONDS SEVEN,0.5324,0.066,0.4016
CLUBS TEN CLUBS KING,0.3252,0.0062,0.6686
CLUBS TEN CLUBS ACE,0.3164,0.0036,0.68
CLUBS EIGHT CLUBS TWO,0.3254,0.4116,0.263
DIAMONDS FIVE DIAMONDS FOUR,0.5268,0.1472,0.326
CLUBS NINE CLUBS TWO,0.3926,0.0402,0.5672
DIAMONDS NINE DIAMONDS FOUR,0.383,0.0426,0.5744
DIAMONDS EIGHT DIAMONDS FOUR,0.306,0.4256,0.2684
CLUBS THREE CLUBS TWO,0.5512,0.071,0.3778
DIAMONDS NINE DIAMONDS FIVE,0.2294,0.0986,0.672
DIAMONDS TWO CLUBS JACK,0.4182,0.0178,0.564
DIAMONDS EIGHT DIAMONDS FIVE,0.019,0.9106,0.0704
CLUBS TEN DIAMONDS TWO,0.416,0.0302,0.5538
DIAMONDS FIVE DIAMONDS SEVEN,0.5652,0.1446,0.2902
DIAMONDS FIVE DIAMONDS SIX,0.558,0.1362,0.3058
DIAMONDS TWO CLUBS ACE,0.3978,0.004,0.5982
DIAMONDS TWO CLUBS KING,0.419,0.0072,0.5738
DIAMONDS TWO CLUBS QUEEN,0.4148,0.0146,0.5706
DIAMONDS EIGHT DIAMONDS SIX,0.2116,0.3552,0.4332
DIAMONDS NINE DIAMONDS SIX,0.3462,0.042,0.6118
HEARTS ACE SPADES THREE,0.4006,0.008,0.5914
SPADES THREE HEARTS KING,0.4116,0.0112,0.5772
DIAMONDS SEVEN DIAMONDS SIX,0.5002,0.0626,0.4372
SPADES THREE HEARTS QUEEN,0.4066,0.0114,0.582
SPADES THREE HEARTS JACK,0.4166,0.0218,0.5616
SPADES THREE HEARTS TEN,0.4084,0.0342,0.5574
DIAMONDS EIGHT DIAMONDS SEVEN,0.2228,0.2762,0.501
DIAMONDS NINE DIAMONDS SEVEN,0.3338,0.0374,0.6288
DIAMONDS NINE DIAMONDS EIGHT,0.2368,0.0968,0.6664
DIAMONDS KING HEARTS TEN,0.3486,0.0088,0.6426
HEARTS THREE HEARTS TEN,0.3892,0.0264,0.5844
SPADES JACK CLUBS SIX,0.3764,0.02,0.6036
DIAMONDS KING HEARTS JACK,0.3402,0.0066,0.6532
HEARTS THREE HEARTS JACK,0.3944,0.0172,0.5884
SPADES TEN CLUBS SIX,0.3674,0.0288,0.6038
SPADES JACK SPADES FIVE,0.2526,0.0576,0.6898
SPADES TEN SPADES FIVE,0.2556,0.0798,0.6646
DIAMONDS KING HEARTS ACE,0.3584,0.0038,0.6378
HEARTS THREE HEARTS ACE,0.3914,0.0058,0.6028
SPADES ACE CLUBS SIX,0.3742,0.0038,0.622
DIAMONDS KING HEARTS QUEEN,0.3484,0.0076,0.644
HEARTS THREE HEARTS QUEEN,0.392,0.0146,0.5934
SPADES KING CLUBS SIX,0.366,0.0074,0.6266
DIAMONDS KING HEARTS KING,0.1488,0.0176,0.8336
HEARTS THREE HEARTS KING,0.415,0.0088,0.5762
SPADES QUEEN CLUBS SIX,0.3808,0.0124,0.6068
SPADES NINE HEARTS TEN,0.3048,0.028,0.6672
SPADES NINE HEARTS JACK,0.3244,0.0166,0.659
SPADES QUEEN SPADES FIVE,0.2586,0.0496,0.6918
SPADES KING SPADES FIVE,0.2538,0.029,0.7172
SPADES ACE SPADES FIVE,0.2496,0.0238,0.7266
SPADES NINE HEARTS QUEEN,0.3394,0.0114,0.6492
SPADES NINE HEARTS KING,0.3452,0.0082,0.6466
SPADES NINE HEARTS ACE,0.3326,0.0048,0.6626
CLUBS TEN SPADES JACK,0.3338,0.0164,0.6498
CLUBS TEN SPADES TEN,0.1618,0.0486,0.7896
SPADES ACE CLUBS TEN,0.34,0.0044,0.6556
SPADES KING CLUBS TEN,0.3484,0.0064,0.6452
CLUBS TEN SPADES QUEEN,0.3414,0.0104,0.6482
SPADES FIVE HEARTS QUEEN,0.2612,0.0496,0.6892
SPADES FIVE HEARTS KING,0.2632,0.0336,0.7032
SPADES FIVE HEARTS ACE,0.2576,0.0284,0.714
CLUBS EIGHT SPADES TEN,0.2324,0.0828,0.6848
HEARTS THREE SPADES JACK,0.401,0.0232,0.5758
SPADES JACK DIAMONDS KING,0.344,0.0068,0.6492
SPADES TEN DIAMONDS KING,0.3452,0.0088,0.646
HEARTS THREE SPADES TEN,0.4222,0.0322,0.5456
SPADES JACK CLUBS EIGHT,0.2616,0.0562,0.6822
CLUBS SIX HEARTS ACE,0.3714,0.004,0.6246
SPADES ACE CLUBS EIGHT,0.2636,0.0268,0.7096
CLUBS SIX HEARTS QUEEN,0.3806,0.0142,0.6052
SPADES QUEEN CLUBS EIGHT,0.2638,0.049,0.6872
CLUBS TEN SPADES THREE,0.4134,0.0266,0.56
CLUBS SIX HEARTS KING,0.368,0.01,0.622
SPADES KING CLUBS EIGHT,0.2572,0.0366,0.7062
SPADES THREE CLUBS JACK,0.4248,0.0186,0.5566
DIAMONDS TWO HEARTS JACK,0.4004,0.0194,0.5802
SPADES THREE CLUBS QUEEN,0.4298,0.0108,0.5594
DIAMONDS TWO HEARTS TEN,0.4106,0.0318,0.5576
SPADES THREE CLUBS KING,0.4272,0.01,0.5628
SPADES FIVE HEARTS TEN,0.259,0.0798,0.6612
SPADES THREE CLUBS ACE,0.4004,0.0034,0.5962
SPADES FIVE HEARTS JACK,0.2668,0.0592,0.674
HEARTS THREE CLUBS KING,0.4202,0.0092,0.5706
DIAMONDS KING CLUBS KING,0.1706,0.014,0.8154
HEARTS THREE CLUBS QUEEN,0.426,0.0138,0.5602
DIAMONDS KING CLUBS QUEEN,0.3472,0.005,0.6478
HEARTS THREE CLUBS ACE,0.4088,0.0038,0.5874
DIAMONDS KING CLUBS ACE,0.3488,0.0046,0.6466
SPADES ACE CLUBS QUEEN,0.341,0.0054,0.6536
SPADES KING CLUBS QUEEN,0.343,0.0084,0.6486
HEARTS THREE CLUBS JACK,0.4242,0.0166,0.5592
DIAMONDS KING CLUBS JACK,0.3522,0.0056,0.6422
SPADES QUEEN CLUBS QUEEN,0.1656,0.0244,0.81
CLUBS TEN HEARTS THREE,0.4222,0.0324,0.5454
CLUBS TEN DIAMONDS KING,0.3392,0.0082,0.6526
SPADES JACK CLUBS QUEEN,0.3398,0.0098,0.6504
CLUBS SIX CLUBS QUEEN,0.36,0.013,0.627
SPADES TEN CLUBS QUEEN,0.3226,0.0102,0.6672
CLUBS SIX CLUBS KING,0.3602,0.007,0.6328
CLUBS SIX CLUBS ACE,0.356,0.0032,0.6408
CLUBS TEN CLUBS SIX,0.3592,0.0232,0.6176
CLUBS SIX CLUBS JACK,0.3708,0.0182,0.611
SPADES SEVEN HEARTS JACK,0.3746,0.0228,0.6026
SPADES SEVEN HEARTS TEN,0.3628,0.0304,0.6068
DIAMONDS TWO CLUBS TWO,0.3758,0.086,0.5382
DIAMONDS TWO CLUBS THREE,0.573,0.07,0.357
DIAMONDS TWO HEARTS SIX,0.5986,0.0644,0.337
DIAMONDS TWO HEARTS QUEEN,0.4082,0.013,0.5788
HEARTS SEVEN DIAMONDS TWO,0.6154,0.0596,0.325
DIAMONDS TWO HEARTS KING,0.4102,0.0102,0.5796
DIAMONDS TWO HEARTS EIGHT,0.3418,0.4506,0.2076
DIAMONDS TWO HEARTS ACE,0.3916,0.005,0.6034
DIAMONDS TWO HEARTS NINE,0.4104,0.042,0.5476
DIAMONDS TWO DIAMONDS QUEEN,0.382,0.0122,0.6058
DIAMONDS TWO HEARTS TWO,0.3872,0.092,0.5208
DIAMONDS TWO DIAMONDS KING,0.3866,0.0104,0.603
HEARTS THREE DIAMONDS TWO,0.6062,0.071,0.3228
DIAMONDS TWO DIAMONDS ACE,0.3784,0.005,0.6166
HEARTS FOUR DIAMONDS TWO,0.5896,0.0766,0.3338
SPADES SEVEN HEARTS ACE,0.3768,0.0044,0.6188
DIAMONDS TWO DIAMONDS TEN,0.4002,0.0222,0.5776
SPADES SEVEN HEARTS KING,0.3614,0.0088,0.6298
DIAMONDS TWO DIAMONDS JACK,0.389,0.0166,0.5944
SPADES SEVEN HEARTS QUEEN,0.3872,0.0134,0.5994
DIAMONDS TWO SPADES NINE,0.4126,0.0428,0.5446
DIAMONDS TWO SPADES SEVEN,0.623,0.0648,0.3122
DIAMONDS TWO SPADES SIX,0.5936,0.0728,0.3336
DIAMONDS TWO SPADES FIVE,0.6098,0.1514,0.2388
DIAMONDS TWO SPADES FOUR,0.5978,0.075,0.3272
DIAMONDS TWO SPADES THREE,0.602,0.0628,0.3352
DIAMONDS TWO SPADES TWO,0.3984,0.0908,0.5108
CLUBS NINE DIAMONDS TWO,0.41,0.046,0.544
DIAMONDS TWO CLUBS EIGHT,0.3508,0.4474,0.2018
CLUBS SEVEN DIAMONDS TWO,0.6078,0.0654,0.3268
DIAMONDS TWO CLUBS SIX,0.591,0.0714,0.3376
DIAMONDS TWO CLUBS FIVE,0.5864,0.152,0.2616
DIAMONDS TWO CLUBS FOUR,0.59,0.0688,0.3412
CLUBS FOUR SPADES FIVE,0.5748,0.1524,0.2728
CLUBS FOUR SPADES FOUR,0.3698,0.1042,0.526
CLUBS FOUR SPADES THREE,0.5972,0.0742,0.3286
CLUBS FOUR SPADES TWO,0.5978,0.0704,0.3318
SPADES NINE CLUBS FOUR,0.397,0.0406,0.5624
SPADES SEVEN CLUBS FOUR,0.5868,0.0688,0.3444
SPADES SIX CLUBS FOUR,0.5752,0.0666,0.3582
SPADES ACE DIAMONDS SIX,0.3658,0.0042,0.63
SPADES QUEEN DIAMONDS SIX,0.3704,0.0144,0.6152
SPADES KING DIAMONDS SIX,0.372,0.0072,0.6208
SPADES TEN DIAMONDS SIX,0.3538,0.023,0.6232
SPADES JACK DIAMONDS SIX,0.3696,0.0202,0.6102
SPADES QUEEN SPADES TWO,0.4038,0.0136,0.5826
SPADES KING SPADES TWO,0.3918,0.0094,0.5988
SPADES ACE SPADES TWO,0.391,0.006,0.603
DIAMONDS JACK CLUBS JACK,0.1718,0.0386,0.7896
CLUBS TEN DIAMONDS JACK,0.3454,0.0162,0.6384
DIAMONDS JACK CLUBS KING,0.3602,0.0068,0.633
DIAMONDS JACK CLUBS QUEEN,0.3388,0.011,0.6502
DIAMONDS THREE DIAMONDS JACK,0.39,0.0166,0.5934
DIAMONDS THREE DIAMONDS TEN,0.3856,0.0216,0.5928
DIAMONDS JACK CLUBS ACE,0.3424,0.0028,0.6548
DIAMONDS THREE DIAMONDS KING,0.3818,0.0086,0.6096
HEARTS THREE DIAMONDS THREE,0.3902,0.1088,0.501
DIAMONDS THREE DIAMONDS QUEEN,0.3892,0.0152,0.5956
DIAMONDS THREE HEARTS TWO,0.5898,0.0738,0.3364
DIAMONDS THREE DIAMONDS ACE,0.385,0.006,0.609
HEARTS FOUR DIAMONDS THREE,0.6034,0.0706,0.326
HEARTS SEVEN DIAMONDS THREE,0.595,0.0622,0.3428
SPADES TEN SPADES NINE,0.3074,0.0244,0.6682
HEARTS SIX DIAMONDS THREE,0.5716,0.0698,0.3586
SPADES JACK SPADES NINE,0.3048,0.0148,0.6804
DIAMONDS THREE HEARTS NINE,0.4132,0.041,0.5458
HEARTS JACK DIAMONDS FOUR,0.4012,0.0212,0.5776
HEARTS ACE HEARTS KING,0.3358,0.0052,0.659
SPADES TEN SPADES TWO,0.396,0.0272,0.5768
DIAMONDS THREE HEARTS EIGHT,0.3308,0.4456,0.2236
HEARTS TEN DIAMONDS FOUR,0.4046,0.0272,0.5682
SPADES JACK SPADES TWO,0.3892,0.0176,0.5932
HEARTS QUEEN DIAMONDS FOUR,0.4062,0.0094,0.5844
HEARTS KING DIAMONDS FOUR,0.4072,0.009,0.5838
SPADES ACE SPADES NINE,0.329,0.005,0.666
HEARTS ACE DIAMONDS FOUR,0.383,0.0056,0.6114
SPADES KING SPADES NINE,0.3322,0.0066,0.6612
SPADES QUEEN SPADES NINE,0.321,0.01,0.669
DIAMONDS THREE SPADES NINE,0.4008,0.044,0.5552
DIAMONDS THREE SPADES SEVEN,0.5986,0.0692,0.3322
DIAMONDS THREE SPADES SIX,0.5838,0.0738,0.3424
DIAMONDS THREE CLUBS SIX,0.591,0.063,0.346
CLUBS FIVE CLUBS SIX,0.5568,0.1346,0.3086
CLUBS ACE DIAMONDS FOUR,0.4012,0.0032,0.5956
CLUBS SEVEN DIAMONDS THREE,0.5884,0.062,0.3496
CLUBS SEVEN CLUBS FIVE,0.5648,0.1348,0.3004
DIAMONDS THREE CLUBS FOUR,0.6,0.0682,0.3318
DIAMONDS FOUR CLUBS QUEEN,0.4074,0.011,0.5816
DIAMONDS THREE CLUBS FIVE,0.602,0.1504,0.2476
CLUBS KING DIAMONDS FOUR,0.4066,0.0074,0.586
DIAMONDS THREE CLUBS TWO,0.6,0.0642,0.3358
CLUBS TEN DIAMONDS FOUR,0.4092,0.0252,0.5656
DIAMONDS THREE CLUBS THREE,0.3808,0.0932,0.526
DIAMONDS FOUR CLUBS JACK,0.3984,0.0206,0.581
DIAMONDS THREE SPADES FOUR,0.5898,0.068,0.3422
DIAMONDS THREE SPADES FIVE,0.6112,0.1578,0.231
DIAMONDS THREE SPADES TWO,0.586,0.0742,0.3398
DIAMONDS THREE SPADES THREE,0.3824,0.1012,0.5164
CLUBS EIGHT DIAMONDS THREE,0.3334,0.4502,0.2164
CLUBS NINE DIAMONDS THREE,0.415,0.0462,0.5388
SPADES SEVEN CLUBS ACE,0.3784,0.0048,0.6168
SPADES SEVEN CLUBS QUEEN,0.3906,0.0106,0.5988
SPADES SEVEN CLUBS KING,0.3986,0.008,0.5934
CLUBS FIVE SPADES SEVEN,0.6096,0.1412,0.2492
CLUBS TEN SPADES SEVEN,0.3672,0.0232,0.6096
CLUBS FIVE SPADES SIX,0.5842,0.154,0.2618
SPADES SEVEN CLUBS JACK,0.3798,0.019,0.6012
CLUBS FIVE SPADES NINE,0.2452,0.1006,0.6542
CLUBS FIVE SPADES THREE,0.6174,0.1484,0.2342
CLUBS FIVE SPADES TWO,0.6046,0.152,0.2434
CLUBS FIVE SPADES FIVE,0.29,0.0776,0.6324
CLUBS FIVE SPADES FOUR,0.5928,0.1344,0.2728
CLUBS NINE CLUBS FIVE,0.237,0.0998,0.6632
CLUBS EIGHT CLUBS FIVE,0.0232,0.9046,0.0722
CLUBS ACE CLUBS QUEEN,0.3336,0.0032,0.6632
CLUBS KING CLUBS QUEEN,0.3344,0.005,0.6606
DIAMONDS TEN DIAMONDS FOUR,0.3778,0.0264,0.5958
CLUBS TEN DIAMONDS NINE,0.3206,0.0224,0.657
DIAMONDS JACK DIAMONDS FOUR,0.3614,0.0192,0.6194
DIAMONDS NINE CLUBS JACK,0.3306,0.0162,0.6532
SPADES NINE CLUBS JACK,0.3282,0.0172,0.6546
CLUBS TEN SPADES NINE,0.318,0.0216,0.6604
DIAMONDS ACE DIAMONDS FOUR,0.3768,0.0042,0.619
HEARTS FOUR DIAMONDS FOUR,0.379,0.0902,0.5308
DIAMONDS JACK HEARTS TEN,0.3202,0.0152,0.6646
SPADES NINE CLUBS KING,0.3616,0.0072,0.6312
DIAMONDS TWO SPADES TEN,0.4054,0.0262,0.5684
DIAMONDS NINE CLUBS ACE,0.3604,0.0024,0.6372
DIAMONDS JACK HEARTS JACK,0.1694,0.032,0.7986
SPADES NINE CLUBS QUEEN,0.3374,0.0102,0.6524
DIAMONDS TWO SPADES JACK,0.4218,0.019,0.5592
DIAMONDS QUEEN DIAMONDS FOUR,0.3866,0.0128,0.6006
HEARTS TWO DIAMONDS FOUR,0.6032,0.0656,0.3312
DIAMONDS NINE CLUBS QUEEN,0.3454,0.0102,0.6444
DIAMONDS KING DIAMONDS FOUR,0.4,0.0064,0.5936
HEARTS THREE DIAMONDS FOUR,0.5946,0.0658,0.3396
SPADES NINE CLUBS ACE,0.3384,0.0028,0.6588
DIAMONDS NINE CLUBS KING,0.3542,0.0062,0.6396
HEARTS ACE DIAMONDS JACK,0.3478,0.003,0.6492
SPADES ACE DIAMONDS TWO,0.411,0.006,0.583
HEARTS QUEEN DIAMONDS JACK,0.357,0.0092,0.6338
SPADES QUEEN DIAMONDS TWO,0.404,0.0118,0.5842
DIAMONDS JACK HEARTS KING,0.332,0.0078,0.6602
SPADES KING DIAMONDS TWO,0.3986,0.0084,0.593
SPADES JACK SPADES SEVEN,0.3446,0.0178,0.6376
SPADES TEN SPADES SEVEN,0.33,0.0264,0.6436
CLUBS SEVEN CLUBS THREE,0.559,0.0594,0.3816
CLUBS SIX CLUBS THREE,0.5478,0.0614,0.3908
CLUBS FIVE CLUBS THREE,0.5624,0.1428,0.2948
CLUBS THREE CLUBS FOUR,0.5558,0.0648,0.3794
CLUBS NINE CLUBS THREE,0.386,0.044,0.57
CLUBS EIGHT CLUBS THREE,0.3238,0.4138,0.2624
CLUBS THREE SPADES FIVE,0.5918,0.1468,0.2614
CLUBS THREE SPADES FOUR,0.5838,0.0682,0.348
CLUBS THREE SPADES THREE,0.3992,0.0994,0.5014
CLUBS THREE SPADES TWO,0.602,0.0706,0.3274
CLUBS THREE SPADES SIX,0.5948,0.0652,0.34
SPADES SEVEN CLUBS THREE,0.5916,0.067,0.3414
SPADES NINE CLUBS THREE,0.4058,0.044,0.5502
SPADES TWO DIAMONDS FOUR,0.5932,0.07,0.3368
SPADES THREE DIAMONDS FOUR,0.594,0.069,0.337
SPADES FOUR DIAMONDS FOUR,0.3762,0.1034,0.5204
SPADES FIVE DIAMONDS FOUR,0.578,0.1482,0.2738
SPADES SIX DIAMONDS FOUR,0.567,0.07,0.363
SPADES SEVEN DIAMONDS FOUR,0.5822,0.0644,0.3534
SPADES NINE DIAMONDS FOUR,0.3984,0.0446,0.557
CLUBS FIVE DIAMONDS FOUR,0.5824,0.1522,0.2654
CLUBS FOUR DIAMONDS FOUR,0.3846,0.0908,0.5246
CLUBS SEVEN DIAMONDS FOUR,0.5748,0.0598,0.3654
CLUBS SIX DIAMONDS FOUR,0.5684,0.0694,0.3622
CLUBS NINE DIAMONDS FOUR,0.4008,0.0398,0.5594
CLUBS EIGHT DIAMONDS FOUR,0.3232,0.458,0.2188
HEARTS SEVEN DIAMONDS FOUR,0.5766,0.0712,0.3522
HEARTS SIX DIAMONDS FOUR,0.5666,0.0662,0.3672
DIAMONDS FOUR HEARTS NINE,0.4024,0.0448,0.5528
DIAMONDS FOUR HEARTS EIGHT,0.3226,0.4508,0.2266
CLUBS THREE DIAMONDS FOUR,0.5996,0.0686,0.3318
CLUBS TWO DIAMONDS FOUR,0.6058,0.066,0.3282
DIAMONDS TEN DIAMONDS FIVE,0.2636,0.0718,0.6646
DIAMONDS JACK DIAMONDS FIVE,0.2532,0.0556,0.6912
DIAMONDS NINE HEARTS QUEEN,0.3424,0.0104,0.6472
DIAMONDS NINE HEARTS KING,0.331,0.0076,0.6614
HEARTS ACE DIAMONDS NINE,0.3396,0.0042,0.6562
DIAMONDS NINE HEARTS TEN,0.3354,0.02,0.6446
DIAMONDS NINE HEARTS JACK,0.34,0.0132,0.6468
CLUBS KING DIAMONDS SIX,0.3732,0.0074,0.6194
CLUBS QUEEN DIAMONDS SIX,0.3766,0.0094,0.614
CLUBS ACE DIAMONDS SIX,0.3732,0.0028,0.624
SPADES KING DIAMONDS FOUR,0.4102,0.0092,0.5806
SPADES ACE SPADES SEVEN,0.3522,0.0058,0.642
SPADES QUEEN DIAMONDS FOUR,0.4022,0.0142,0.5836
SPADES QUEEN SPADES SEVEN,0.3718,0.0116,0.6166
CLUBS JACK DIAMONDS SIX,0.3866,0.018,0.5954
SPADES KING SPADES SEVEN,0.3562,0.0088,0.635
SPADES ACE DIAMONDS FOUR,0.397,0.006,0.597
CLUBS TEN DIAMONDS SIX,0.3564,0.0224,0.6212
CLUBS NINE CLUBS FOUR,0.383,0.0388,0.5782
CLUBS EIGHT CLUBS FOUR,0.3084,0.425,0.2666
SPADES JACK DIAMONDS FOUR,0.4004,0.0182,0.5814
SPADES TEN DIAMONDS FOUR,0.4048,0.0282,0.567
CLUBS FIVE CLUBS FOUR,0.5362,0.1414,0.3224
CLUBS SEVEN CLUBS FOUR,0.5478,0.0596,0.3926
CLUBS SIX CLUBS FOUR,0.5348,0.0658,0.3994
CLUBS SEVEN SPADES NINE,0.3384,0.0444,0.6172
CLUBS SEVEN SPADES SIX,0.5386,0.0654,0.396
CLUBS SEVEN SPADES SEVEN,0.2678,0.0856,0.6466
CLUBS SEVEN SPADES FIVE,0.6068,0.1464,0.2468
CLUBS SEVEN SPADES FOUR,0.5862,0.0644,0.3494
CLUBS SEVEN SPADES THREE,0.5998,0.0694,0.3308
CLUBS SEVEN SPADES TWO,0.6078,0.0686,0.3236
CLUBS NINE CLUBS SEVEN,0.3256,0.031,0.6434
CLUBS SEVEN CLUBS EIGHT,0.2176,0.2718,0.5106
HEARTS SIX DIAMONDS FIVE,0.5928,0.1444,0.2628
HEARTS SEVEN DIAMONDS FIVE,0.6002,0.1518,0.248
DIAMONDS FIVE HEARTS EIGHT,0.0108,0.971,0.0182
DIAMONDS FIVE HEARTS NINE,0.2458,0.1046,0.6496
DIAMONDS QUEEN DIAMONDS FIVE,0.2566,0.0442,0.6992
HEARTS TWO DIAMONDS FIVE,0.5986,0.156,0.2454
HEARTS KING HEARTS EIGHT,0.262,0.0394,0.6986
DIAMONDS KING DIAMONDS FIVE,0.246,0.0326,0.7214
HEARTS THREE DIAMONDS FIVE,0.601,0.151,0.248
HEARTS QUEEN HEARTS EIGHT,0.2382,0.0444,0.7174
DIAMONDS ACE DIAMONDS FIVE,0.2558,0.021,0.7232
HEARTS FOUR DIAMONDS FIVE,0.5736,0.1494,0.277
HEARTS ACE HEARTS EIGHT,0.2454,0.0278,0.7268
CLUBS FOUR DIAMONDS FIVE,0.5808,0.1448,0.2744
CLUBS FIVE DIAMONDS FIVE,0.285,0.0756,0.6394
CLUBS SIX DIAMONDS FIVE,0.5994,0.1388,0.2618
CLUBS SEVEN DIAMONDS FIVE,0.6018,0.1478,0.2504
CLUBS TWO DIAMONDS FIVE,0.6052,0.144,0.2508
CLUBS THREE DIAMONDS FIVE,0.5942,0.1572,0.2486
SPADES THREE DIAMONDS FIVE,0.6044,0.154,0.2416
SPADES TWO DIAMONDS FIVE,0.609,0.1506,0.2404
SPADES JACK DIAMONDS EIGHT,0.2528,0.0608,0.6864
SPADES FIVE DIAMONDS FIVE,0.293,0.0774,0.6296
CLUBS TEN HEARTS JACK,0.3344,0.013,0.6526
SPADES TEN DIAMONDS EIGHT,0.2486,0.08,0.6714
SPADES FOUR DIAMONDS FIVE,0.578,0.1548,0.2672
HEARTS JACK CLUBS JACK,0.1534,0.036,0.8106
HEARTS JACK CLUBS QUEEN,0.344,0.0108,0.6452
CLUBS NINE DIAMONDS FIVE,0.248,0.1044,0.6476
CLUBS KING HEARTS JACK,0.3514,0.0054,0.6432
CLUBS EIGHT DIAMONDS FIVE,0.0216,0.9554,0.023
CLUBS ACE HEARTS JACK,0.3342,0.0046,0.6612
SPADES SEVEN DIAMONDS FIVE,0.6156,0.1436,0.2408
SPADES KING DIAMONDS EIGHT,0.2574,0.0334,0.7092
SPADES SIX DIAMONDS FIVE,0.5802,0.1552,0.2646
SPADES QUEEN DIAMONDS EIGHT,0.261,0.0464,0.6926
SPADES NINE DIAMONDS FIVE,0.242,0.113,0.645
SPADES ACE DIAMONDS EIGHT,0.2522,0.0282,0.7196
DIAMONDS TEN DIAMONDS SIX,0.3542,0.0206,0.6252
HEARTS ACE DIAMONDS SEVEN,0.3708,0.005,0.6242
DIAMONDS JACK DIAMONDS SIX,0.3582,0.0172,0.6246
HEARTS QUEEN DIAMONDS SEVEN,0.368,0.0098,0.6222
HEARTS KING DIAMONDS SEVEN,0.3628,0.0068,0.6304
DIAMONDS ACE DIAMONDS SIX,0.361,0.0036,0.6354
HEARTS FOUR DIAMONDS SIX,0.5824,0.0662,0.3514
SPADES TWO HEARTS JACK,0.4166,0.0208,0.5626
SPADES TWO HEARTS TEN,0.4196,0.0266,0.5538
DIAMONDS QUEEN DIAMONDS SIX,0.3596,0.0114,0.629
HEARTS TWO DIAMONDS SIX,0.606,0.0636,0.3304
DIAMONDS KING DIAMONDS SIX,0.3504,0.0088,0.6408
HEARTS THREE DIAMONDS SIX,0.5844,0.0686,0.347
HEARTS EIGHT DIAMONDS SIX,0.2178,0.3848,0.3974
HEARTS NINE DIAMONDS SIX,0.3668,0.037,0.5962
HEARTS SIX DIAMONDS SIX,0.2734,0.0878,0.6388
HEARTS SEVEN DIAMONDS SIX,0.542,0.0658,0.3922
HEARTS TEN DIAMONDS SEVEN,0.3576,0.029,0.6134
CLUBS TWO DIAMONDS SIX,0.5852,0.0652,0.3496
HEARTS JACK DIAMONDS SEVEN,0.3622,0.0184,0.6194
CLUBS THREE DIAMONDS SIX,0.5834,0.0748,0.3418
CLUBS SEVEN DIAMONDS SIX,0.5298,0.0656,0.4046
DIAMONDS EIGHT CLUBS JACK,0.2678,0.0508,0.6814
CLUBS SIX DIAMONDS SIX,0.2708,0.0944,0.6348
CLUBS TEN DIAMONDS EIGHT,0.2484,0.083,0.6686
CLUBS FIVE DIAMONDS SIX,0.5922,0.1444,0.2634
CLUBS FOUR DIAMONDS SIX,0.5616,0.0648,0.3736
HEARTS ACE HEARTS JACK,0.3326,0.006,0.6614
DIAMONDS EIGHT CLUBS ACE,0.2526,0.0266,0.7208
HEARTS QUEEN HEARTS JACK,0.33,0.0134,0.6566
DIAMONDS EIGHT CLUBS KING,0.2656,0.0356,0.6988
CLUBS NINE DIAMONDS SIX,0.355,0.0452,0.5998
HEARTS KING HEARTS JACK,0.3422,0.0056,0.6522
DIAMONDS EIGHT CLUBS QUEEN,0.2742,0.0434,0.6824
CLUBS EIGHT DIAMONDS SIX,0.2204,0.384,0.3956
SPADES TEN HEARTS KING,0.3314,0.0088,0.6598
SPADES FIVE DIAMONDS SIX,0.603,0.1436,0.2534
HEARTS ACE SPADES TWO,0.399,0.006,0.595
SPADES JACK HEARTS KING,0.3342,0.0068,0.659
SPADES FOUR DIAMONDS SIX,0.5712,0.071,0.3578
SPADES THREE DIAMONDS SIX,0.5828,0.0714,0.3458
HEARTS QUEEN SPADES TWO,0.43,0.0124,0.5576
SPADES ACE SPADES KING,0.333,0.0052,0.6618
SPADES TWO HEARTS KING,0.4082,0.0078,0.584
SPADES TWO DIAMONDS SIX,0.6098,0.0646,0.3256
HEARTS TEN HEARTS EIGHT,0.2364,0.0806,0.683
SPADES NINE DIAMONDS SIX,0.3512,0.0416,0.6072
HEARTS JACK HEARTS EIGHT,0.249,0.0604,0.6906
SPADES SEVEN DIAMONDS SIX,0.5414,0.063,0.3956
SPADES SIX DIAMONDS SIX,0.266,0.091,0.643
SPADES KING HEARTS KING,0.157,0.0152,0.8278
SPADES QUEEN HEARTS KING,0.3452,0.0066,0.6482
CLUBS ACE CLUBS KING,0.3172,0.0036,0.6792
SPADES ACE HEARTS KING,0.3412,0.006,0.6528
SPADES ACE HEARTS JACK,0.3306,0.0038,0.6656
SPADES QUEEN HEARTS JACK,0.3346,0.0112,0.6542
SPADES KING HEARTS JACK,0.3322,0.0106,0.6572
SPADES TEN DIAMONDS TEN,0.163,0.0442,0.7928
SPADES JACK DIAMONDS TEN,0.3262,0.0136,0.6602
SPADES ACE DIAMONDS TEN,0.343,0.0044,0.6526
SPADES JACK HEARTS JACK,0.1498,0.0388,0.8114
SPADES TEN HEARTS JACK,0.3274,0.0164,0.6562
SPADES QUEEN DIAMONDS TEN,0.3354,0.009,0.6556
SPADES KING DIAMONDS TEN,0.3498,0.008,0.6422
SPADES NINE DIAMONDS SEVEN,0.3418,0.0376,0.6206
SPADES SEVEN DIAMONDS SEVEN,0.2618,0.0814,0.6568
SPADES SIX DIAMONDS SEVEN,0.532,0.0672,0.4008
DIAMONDS KING DIAMONDS SEVEN,0.3558,0.008,0.6362
HEARTS THREE DIAMONDS SEVEN,0.5866,0.0696,0.3438
HEARTS KING DIAMONDS FIVE,0.2622,0.0366,0.7012
DIAMONDS QUEEN DIAMONDS SEVEN,0.355,0.0098,0.6352
HEARTS TWO DIAMONDS SEVEN,0.6048,0.068,0.3272
HEARTS QUEEN DIAMONDS FIVE,0.2536,0.049,0.6974
DIAMONDS ACE DIAMONDS SEVEN,0.3454,0.0028,0.6518
HEARTS FOUR DIAMONDS SEVEN,0.5942,0.064,0.3418
HEARTS ACE DIAMONDS FIVE,0.2666,0.0222,0.7112
HEARTS SEVEN DIAMONDS SEVEN,0.2424,0.0808,0.6768
HEARTS SIX DIAMONDS SEVEN,0.5244,0.068,0.4076
DIAMONDS SEVEN HEARTS NINE,0.3392,0.0406,0.6202
HEARTS EIGHT DIAMONDS SEVEN,0.2248,0.295,0.4802
DIAMONDS JACK DIAMONDS SEVEN,0.3454,0.0176,0.637
DIAMONDS FIVE HEARTS JACK,0.2794,0.0608,0.6598
DIAMONDS TEN DIAMONDS SEVEN,0.3368,0.025,0.6382
HEARTS TEN DIAMONDS FIVE,0.2638,0.0766,0.6596
SPADES KING CLUBS TWO,0.4132,0.0116,0.5752
HEARTS KING CLUBS KING,0.1608,0.0132,0.826
CLUBS EIGHT DIAMONDS SEVEN,0.2284,0.2884,0.4832
SPADES QUEEN CLUBS TWO,0.4146,0.0132,0.5722
HEARTS KING CLUBS QUEEN,0.3474,0.0054,0.6472
CLUBS NINE DIAMONDS SEVEN,0.3618,0.0378,0.6004
SPADES TWO CLUBS JACK,0.4304,0.019,0.5506
SPADES ACE CLUBS TWO,0.3972,0.004,0.5988
CLUBS TEN SPADES TWO,0.4084,0.0332,0.5584
HEARTS KING CLUBS ACE,0.35,0.0048,0.6452
CLUBS SEVEN CLUBS SIX,0.4928,0.0638,0.4434
SPADES TWO CLUBS KING,0.4118,0.0084,0.5798
SPADES TWO DIAMONDS SEVEN,0.614,0.0592,0.3268
CLUBS EIGHT CLUBS SIX,0.2132,0.3564,0.4304
SPADES THREE DIAMONDS SEVEN,0.6068,0.061,0.3322
SPADES TWO CLUBS QUEEN,0.4234,0.012,0.5646
CLUBS NINE CLUBS SIX,0.3452,0.0372,0.6176
SPADES FOUR DIAMONDS SEVEN,0.5904,0.0626,0.347
HEARTS KING CLUBS JACK,0.34,0.0074,0.6526
SPADES FIVE DIAMONDS SEVEN,0.6064,0.1438,0.2498
SPADES TWO CLUBS ACE,0.4198,0.0028,0.5774
CLUBS TEN HEARTS KING,0.3428,0.0072,0.65
CLUBS SIX SPADES TWO,0.6144,0.0592,0.3264
CLUBS SIX SPADES THREE,0.5774,0.0698,0.3528
CLUBS TWO DIAMONDS SEVEN,0.6138,0.0644,0.3218
CLUBS SIX SPADES FOUR,0.5744,0.0674,0.3582
CLUBS THREE DIAMONDS SEVEN,0.5878,0.0726,0.3396
CLUBS SIX SPADES FIVE,0.5914,0.1418,0.2668
CLUBS FOUR DIAMONDS SEVEN,0.575,0.0634,0.3616
CLUBS SIX SPADES SIX,0.2636,0.0904,0.646
CLUBS FIVE DIAMONDS SEVEN,0.6084,0.1396,0.252
CLUBS SIX SPADES SEVEN,0.5404,0.066,0.3936
CLUBS SIX DIAMONDS SEVEN,0.527,0.0676,0.4054
SPADES JACK CLUBS TWO,0.4032,0.0188,0.578
CLUBS SEVEN DIAMONDS SEVEN,0.2678,0.0738,0.6584
SPADES NINE CLUBS SIX,0.3614,0.0414,0.5972
SPADES TEN CLUBS TWO,0.4068,0.03,0.5632
CLUBS TWO CLUBS QUEEN,0.3916,0.0122,0.5962
CLUBS TWO CLUBS KING,0.3928,0.0086,0.5986
CLUBS THREE DIAMONDS EIGHT,0.3448,0.4474,0.2078
CLUBS TWO CLUBS ACE,0.3758,0.0032,0.621
CLUBS TWO DIAMONDS EIGHT,0.359,0.4282,0.2128
HEARTS SEVEN DIAMONDS EIGHT,0.226,0.2916,0.4824
HEARTS SIX DIAMONDS EIGHT,0.2198,0.3782,0.402
DIAMONDS EIGHT HEARTS NINE,0.232,0.0986,0.6694
CLUBS TEN CLUBS TWO,0.383,0.0224,0.5946
DIAMONDS EIGHT HEARTS EIGHT,0.1048,0.0856,0.8096
CLUBS TWO CLUBS JACK,0.3826,0.0218,0.5956
CLUBS NINE DIAMONDS EIGHT,0.2484,0.0994,0.6522
CLUBS EIGHT DIAMONDS EIGHT,0.115,0.0804,0.8046
CLUBS FIVE DIAMONDS EIGHT,0.0204,0.9594,0.0202
SPADES ACE SPADES THREE,0.396,0.0048,0.5992
CLUBS FOUR DIAMONDS EIGHT,0.3298,0.451,0.2192
CLUBS SEVEN DIAMONDS EIGHT,0.2316,0.2922,0.4762
SPADES QUEEN SPADES THREE,0.3986,0.0116,0.5898
CLUBS SIX DIAMONDS EIGHT,0.2334,0.3674,0.3992
SPADES KING SPADES THREE,0.3874,0.0114,0.6012
DIAMONDS QUEEN DIAMONDS EIGHT,0.2474,0.045,0.7076
HEARTS TWO DIAMONDS EIGHT,0.34,0.4584,0.2016
DIAMONDS KING DIAMONDS EIGHT,0.2474,0.0312,0.7214
HEARTS THREE DIAMONDS EIGHT,0.339,0.458,0.203
DIAMONDS ACE DIAMONDS EIGHT,0.2522,0.0254,0.7224
HEARTS FOUR DIAMONDS EIGHT,0.3292,0.4538,0.217
DIAMONDS EIGHT DIAMONDS TEN,0.227,0.083,0.69
DIAMONDS EIGHT DIAMONDS JACK,0.2474,0.0572,0.6954
SPADES JACK SPADES THREE,0.3874,0.0208,0.5918
SPADES TEN SPADES THREE,0.3944,0.0234,0.5822
CLUBS FOUR HEARTS ACE,0.3978,0.004,0.5982
CLUBS FOUR HEARTS QUEEN,0.3956,0.014,0.5904
CLUBS FOUR HEARTS KING,0.396,0.008,0.596
CLUBS SIX HEARTS TEN,0.3732,0.0274,0.5994
CLUBS SIX HEARTS JACK,0.3716,0.0182,0.6102
SPADES FOUR DIAMONDS EIGHT,0.3218,0.46,0.2182
SPADES FIVE DIAMONDS EIGHT,0.0162,0.9698,0.014
DIAMONDS EIGHT SPADES TWO,0.345,0.4456,0.2094
DIAMONDS EIGHT SPADES THREE,0.336,0.4556,0.2084
CLUBS FOUR HEARTS JACK,0.405,0.0222,0.5728
SPADES TEN DIAMONDS QUEEN,0.3286,0.0092,0.6622
SPADES TEN HEARTS TWO,0.413,0.029,0.558
SPADES JACK HEARTS EIGHT,0.2466,0.0648,0.6886
CLUBS FOUR HEARTS TEN,0.3976,0.0292,0.5732
SPADES NINE DIAMONDS EIGHT,0.228,0.1058,0.6662
SPADES TEN HEARTS EIGHT,0.2292,0.0846,0.6862
SPADES JACK HEARTS TWO,0.4148,0.0196,0.5656
SPADES JACK DIAMONDS QUEEN,0.344,0.013,0.643
SPADES SIX DIAMONDS EIGHT,0.2216,0.3794,0.399
SPADES SEVEN DIAMONDS EIGHT,0.2362,0.2974,0.4664
SPADES ACE HEARTS TWO,0.3938,0.0058,0.6004
SPADES ACE DIAMONDS QUEEN,0.3486,0.005,0.6464
SPADES ACE HEARTS EIGHT,0.246,0.029,0.725
SPADES KING HEARTS EIGHT,0.249,0.04,0.711
SPADES QUEEN HEARTS TWO,0.4118,0.0132,0.575
SPADES QUEEN DIAMONDS QUEEN,0.1618,0.0274,0.8108
SPADES KING DIAMONDS QUEEN,0.3528,0.0052,0.642
SPADES KING HEARTS TWO,0.4188,0.01,0.5712
SPADES QUEEN HEARTS EIGHT,0.2436,0.0476,0.7088
CLUBS TWO HEARTS TEN,0.3996,0.0348,0.5656
CLUBS TWO HEARTS JACK,0.4236,0.0226,0.5538
SPADES SEVEN DIAMONDS NINE,0.3494,0.041,0.6096
SPADES SIX DIAMONDS NINE,0.3654,0.0402,0.5944
SPADES NINE DIAMONDS NINE,0.1522,0.0564,0.7914
SPADES TEN CLUBS KING,0.342,0.0046,0.6534
DIAMONDS NINE SPADES THREE,0.4076,0.0396,0.5528
SPADES JACK CLUBS KING,0.3484,0.0066,0.645
DIAMONDS NINE SPADES TWO,0.4226,0.0434,0.534
SPADES FIVE DIAMONDS NINE,0.2432,0.112,0.6448
DIAMONDS NINE SPADES FOUR,0.4074,0.0398,0.5528
CLUBS NINE DIAMONDS NINE,0.159,0.0566,0.7844
CLUBS EIGHT DIAMONDS NINE,0.2396,0.0996,0.6608
CLUBS SIX DIAMONDS NINE,0.3626,0.0386,0.5988
SPADES JACK CLUBS FOUR,0.4012,0.0152,0.5836
CLUBS SEVEN DIAMONDS NINE,0.3628,0.044,0.5932
SPADES TEN CLUBS FOUR,0.3978,0.032,0.5702
CLUBS FOUR DIAMONDS NINE,0.4076,0.0456,0.5468
CLUBS FIVE DIAMONDS NINE,0.2516,0.097,0.6514
DIAMONDS NINE CLUBS TWO,0.4138,0.0408,0.5454
CLUBS THREE DIAMONDS NINE,0.418,0.0456,0.5364
DIAMONDS NINE HEARTS EIGHT,0.239,0.1016,0.6594
DIAMONDS NINE HEARTS NINE,0.1512,0.0622,0.7866
HEARTS SIX DIAMONDS NINE,0.35,0.0356,0.6144
HEARTS SEVEN DIAMONDS NINE,0.3468,0.0418,0.6114
CLUBS NINE CLUBS EIGHT,0.2298,0.0966,0.6736
DIAMONDS ACE DIAMONDS NINE,0.3292,0.0036,0.6672
HEARTS FOUR DIAMONDS NINE,0.4048,0.0426,0.5526
HEARTS ACE CLUBS TWO,0.4074,0.0052,0.5874
SPADES ACE CLUBS FOUR,0.392,0.0046,0.6034
DIAMONDS QUEEN DIAMONDS NINE,0.3326,0.0102,0.6572
HEARTS TWO DIAMONDS NINE,0.4254,0.0404,0.5342
CLUBS TWO HEARTS KING,0.424,0.0074,0.5686
SPADES KING CLUBS FOUR,0.4102,0.0102,0.5796
DIAMONDS KING DIAMONDS NINE,0.3262,0.0072,0.6666
HEARTS THREE DIAMONDS NINE,0.4146,0.0446,0.5408
CLUBS TWO HEARTS QUEEN,0.4082,0.0144,0.5774
SPADES QUEEN CLUBS FOUR,0.4176,0.0142,0.5682
DIAMONDS NINE DIAMONDS JACK,0.3218,0.0166,0.6616
CLUBS EIGHT SPADES NINE,0.2386,0.1018,0.6596
DIAMONDS NINE DIAMONDS TEN,0.292,0.024,0.684
CLUBS EIGHT SPADES SEVEN,0.2288,0.2894,0.4818
CLUBS EIGHT SPADES SIX,0.2166,0.3844,0.399
CLUBS EIGHT SPADES FIVE,0.017,0.9702,0.0128
CLUBS EIGHT SPADES FOUR,0.3352,0.4666,0.1982
CLUBS EIGHT SPADES THREE,0.358,0.447,0.195
CLUBS EIGHT SPADES TWO,0.3454,0.4434,0.2112
HEARTS SIX DIAMONDS TEN,0.3744,0.0246,0.601
HEARTS SEVEN DIAMONDS TEN,0.3618,0.024,0.6142
DIAMONDS TEN HEARTS EIGHT,0.2314,0.0788,0.6898
CLUBS FOUR CLUBS JACK,0.3852,0.0196,0.5952
DIAMONDS TEN HEARTS NINE,0.3178,0.0238,0.6584
CLUBS TEN CLUBS FOUR,0.3772,0.0298,0.593
CLUBS FOUR CLUBS KING,0.3756,0.0082,0.6162
CLUBS FOUR CLUBS QUEEN,0.3848,0.014,0.6012
CLUBS TWO DIAMONDS TEN,0.4098,0.0294,0.5608
CLUBS THREE DIAMONDS TEN,0.4118,0.0278,0.5604
CLUBS FOUR CLUBS ACE,0.3784,0.0056,0.616
DIAMONDS JACK DIAMONDS TEN,0.317,0.0156,0.6674
DIAMONDS QUEEN DIAMONDS TEN,0.3096,0.0108,0.6796
HEARTS TWO DIAMONDS TEN,0.4188,0.0294,0.5518
DIAMONDS KING DIAMONDS TEN,0.3176,0.008,0.6744
HEARTS THREE DIAMONDS TEN,0.4198,0.0264,0.5538
DIAMONDS ACE DIAMONDS TEN,0.322,0.0054,0.6726
HEARTS FOUR DIAMONDS TEN,0.4068,0.025,0.5682
CLUBS EIGHT HEARTS JACK,0.2554,0.056,0.6886
CLUBS EIGHT HEARTS TEN,0.2274,0.0764,0.6962
CLUBS EIGHT HEARTS QUEEN,0.2546,0.0468,0.6986
CLUBS EIGHT HEARTS KING,0.2494,0.037,0.7136
CLUBS EIGHT HEARTS ACE,0.2536,0.0288,0.7176
CLUBS NINE SPADES THREE,0.4032,0.0494,0.5474
CLUBS NINE SPADES TWO,0.4104,0.0406,0.549
CLUBS NINE SPADES FIVE,0.24,0.108,0.652
CLUBS NINE SPADES FOUR,0.4142,0.0452,0.5406
CLUBS NINE SPADES SEVEN,0.3568,0.0356,0.6076
CLUBS NINE SPADES SIX,0.3548,0.0486,0.5966
CLUBS NINE SPADES NINE,0.149,0.0606,0.7904
CLUBS TEN HEARTS EIGHT,0.2334,0.0828,0.6838
HEARTS EIGHT CLUBS JACK,0.2396,0.0644,0.696
CLUBS QUEEN HEARTS EIGHT,0.263,0.0446,0.6924
CLUBS KING HEARTS EIGHT,0.2568,0.0368,0.7064
CLUBS ACE HEARTS EIGHT,0.2614,0.0268,0.7118
SPADES KING CLUBS KING,0.1648,0.0156,0.8196
SPADES QUEEN CLUBS KING,0.3344,0.009,0.6566
SPADES ACE CLUBS KING,0.359,0.0056,0.6354
DIAMONDS ACE HEARTS TEN,0.3584,0.005,0.6366
HEARTS FOUR HEARTS TEN,0.3914,0.0272,0.5814
DIAMONDS ACE HEARTS JACK,0.3468,0.0036,0.6496
HEARTS FOUR HEARTS JACK,0.38,0.0202,0.5998
SPADES KING CLUBS FIVE,0.261,0.0336,0.7054
SPADES QUEEN CLUBS FIVE,0.265,0.0416,0.6934
SPADES ACE CLUBS FIVE,0.2748,0.0178,0.7074
HEARTS SEVEN DIAMONDS JACK,0.3768,0.0198,0.6034
HEARTS SIX DIAMONDS JACK,0.3884,0.0198,0.5918
DIAMONDS JACK HEARTS NINE,0.3344,0.0186,0.647
DIAMONDS JACK HEARTS EIGHT,0.2482,0.0608,0.691
DIAMONDS KING DIAMONDS JACK,0.3218,0.0064,0.6718
HEARTS THREE DIAMONDS JACK,0.431,0.0198,0.5492
SPADES ACE SPADES SIX,0.3642,0.0056,0.6302
HEARTS ACE SPADES FOUR,0.394,0.005,0.601
DIAMONDS QUEEN DIAMONDS JACK,0.3144,0.0114,0.6742
HEARTS TWO DIAMONDS JACK,0.4182,0.017,0.5648
SPADES QUEEN SPADES SIX,0.364,0.012,0.624
SPADES FOUR HEARTS QUEEN,0.412,0.0108,0.5772
DIAMONDS ACE DIAMONDS JACK,0.3284,0.0048,0.6668
HEARTS FOUR DIAMONDS JACK,0.4154,0.019,0.5656
SPADES KING SPADES SIX,0.354,0.0098,0.6362
SPADES FOUR HEARTS KING,0.4064,0.0076,0.586
SPADES TEN SPADES SIX,0.3512,0.0314,0.6174
SPADES JACK SPADES SIX,0.3692,0.0192,0.6116
SPADES FOUR DIAMONDS JACK,0.4034,0.0188,0.5778
SPADES FIVE DIAMONDS JACK,0.2752,0.0658,0.659
DIAMONDS JACK SPADES TWO,0.4102,0.0174,0.5724
SPADES THREE DIAMONDS JACK,0.4126,0.02,0.5674
SPADES ACE DIAMONDS THREE,0.404,0.0048,0.5912
SPADES QUEEN DIAMONDS THREE,0.412,0.0126,0.5754
CLUBS EIGHT DIAMONDS JACK,0.2626,0.0548,0.6826
SPADES KING DIAMONDS THREE,0.4046,0.009,0.5864
CLUBS NINE DIAMONDS JACK,0.3324,0.0168,0.6508
CLUBS SIX DIAMONDS JACK,0.3788,0.0184,0.6028
CLUBS SEVEN DIAMONDS JACK,0.3702,0.0178,0.612
CLUBS FOUR DIAMONDS JACK,0.3996,0.0222,0.5782
CLUBS FIVE DIAMONDS JACK,0.2666,0.0618,0.6716
CLUBS TWO DIAMONDS JACK,0.405,0.0178,0.5772
CLUBS THREE DIAMONDS JACK,0.421,0.0212,0.5578
SPADES TEN CLUBS FIVE,0.2558,0.077,0.6672
SPADES JACK HEARTS SIX,0.3726,0.0216,0.6058
HEARTS SIX SPADES TEN,0.3534,0.028,0.6186
SPADES JACK CLUBS FIVE,0.2594,0.0662,0.6744
SPADES JACK DIAMONDS THREE,0.4174,0.0208,0.5618
CLUBS SEVEN CLUBS ACE,0.359,0.0042,0.6368
DIAMONDS THREE SPADES TEN,0.404,0.0324,0.5636
CLUBS SEVEN CLUBS QUEEN,0.356,0.0136,0.6304
CLUBS SEVEN CLUBS KING,0.3614,0.0082,0.6304
SPADES NINE DIAMONDS JACK,0.3242,0.0202,0.6556
CLUBS TEN CLUBS SEVEN,0.3318,0.028,0.6402
DIAMONDS ACE HEARTS ACE,0.1522,0.0036,0.8442
HEARTS FOUR HEARTS ACE,0.381,0.007,0.612
SPADES ACE HEARTS SIX,0.3576,0.0052,0.6372
CLUBS SEVEN CLUBS JACK,0.3546,0.0172,0.6282
DIAMONDS ACE HEARTS KING,0.3592,0.0046,0.6362
HEARTS FOUR HEARTS KING,0.3774,0.0098,0.6128
SPADES SEVEN DIAMONDS JACK,0.3766,0.0144,0.609
SPADES KING HEARTS SIX,0.3788,0.008,0.6132
DIAMONDS ACE HEARTS QUEEN,0.3632,0.0038,0.633
HEARTS FOUR HEARTS QUEEN,0.3906,0.0136,0.5958
SPADES SIX DIAMONDS JACK,0.387,0.0196,0.5934
SPADES QUEEN HEARTS SIX,0.3794,0.012,0.6086
SPADES TWO DIAMONDS TEN,0.4226,0.0262,0.5512
SPADES THREE DIAMONDS TEN,0.4198,0.0276,0.5526
SPADES FOUR DIAMONDS TEN,0.4026,0.0306,0.5668
SPADES FIVE DIAMONDS TEN,0.2624,0.0832,0.6544
SPADES SIX DIAMONDS TEN,0.376,0.0278,0.5962
SPADES SEVEN DIAMONDS TEN,0.3558,0.027,0.6172
SPADES NINE DIAMONDS TEN,0.3196,0.0196,0.6608
CLUBS FOUR DIAMONDS TEN,0.4022,0.0284,0.5694
CLUBS FIVE DIAMONDS TEN,0.2742,0.0758,0.65
CLUBS SIX DIAMONDS TEN,0.3678,0.0246,0.6076
CLUBS SEVEN DIAMONDS TEN,0.3614,0.0276,0.611
CLUBS EIGHT DIAMONDS TEN,0.2396,0.076,0.6844
CLUBS NINE DIAMONDS TEN,0.3364,0.0244,0.6392
DIAMONDS THREE CLUBS JACK,0.4076,0.0212,0.5712
CLUBS TEN DIAMONDS THREE,0.4186,0.0256,0.5558
DIAMONDS THREE CLUBS KING,0.4126,0.008,0.5794
DIAMONDS THREE CLUBS QUEEN,0.4112,0.0126,0.5762
DIAMONDS THREE CLUBS ACE,0.397,0.0058,0.5972
SPADES FOUR HEARTS JACK,0.402,0.021,0.577
SPADES FOUR HEARTS TEN,0.407,0.0248,0.5682
SPADES FIVE SPADES TWO,0.5722,0.145,0.2828
SPADES FOUR SPADES TWO,0.5814,0.0688,0.3498
SPADES THREE SPADES TWO,0.5652,0.0692,0.3656
SPADES NINE SPADES TWO,0.3974,0.0392,0.5634
SPADES SEVEN SPADES TWO,0.578,0.0686,0.3534
SPADES SIX SPADES TWO,0.578,0.0662,0.3558
DIAMONDS QUEEN CLUBS THREE,0.4108,0.0124,0.5768
CLUBS THREE HEARTS TWO,0.5948,0.0684,0.3368
DIAMONDS QUEEN CLUBS TWO,0.4214,0.014,0.5646
HEARTS TWO CLUBS TWO,0.3864,0.1012,0.5124
HEARTS SEVEN DIAMONDS QUEEN,0.3778,0.0128,0.6094
HEARTS SEVEN HEARTS TWO,0.5684,0.0706,0.361
HEARTS SIX DIAMONDS QUEEN,0.3792,0.0126,0.6082
HEARTS SIX HEARTS TWO,0.565,0.0628,0.3722
DIAMONDS QUEEN HEARTS NINE,0.3368,0.012,0.6512
HEARTS TWO HEARTS NINE,0.3998,0.0404,0.5598
DIAMONDS QUEEN HEARTS EIGHT,0.2552,0.0534,0.6914
HEARTS TWO HEARTS EIGHT,0.333,0.417,0.25
CLUBS NINE HEARTS TWO,0.4218,0.0388,0.5394
CLUBS NINE DIAMONDS QUEEN,0.3568,0.0102,0.633
CLUBS EIGHT HEARTS TWO,0.3504,0.4502,0.1994
CLUBS EIGHT DIAMONDS QUEEN,0.271,0.0476,0.6814
CLUBS FIVE DIAMONDS QUEEN,0.2702,0.048,0.6818
CLUBS FIVE HEARTS TWO,0.595,0.1522,0.2528
DIAMONDS QUEEN CLUBS FOUR,0.398,0.0118,0.5902
HEARTS TWO CLUBS FOUR,0.6048,0.0716,0.3236
CLUBS SEVEN DIAMONDS QUEEN,0.3786,0.007,0.6144
CLUBS SEVEN HEARTS TWO,0.6168,0.065,0.3182
CLUBS SIX DIAMONDS QUEEN,0.3864,0.0128,0.6008
CLUBS SIX HEARTS TWO,0.5978,0.0652,0.337
DIAMONDS QUEEN SPADES SIX,0.3852,0.012,0.6028
HEARTS TWO SPADES SIX,0.6108,0.062,0.3272
HEARTS FOUR CLUBS QUEEN,0.4164,0.0114,0.5722
DIAMONDS ACE CLUBS QUEEN,0.361,0.0032,0.6358
DIAMONDS QUEEN SPADES SEVEN,0.383,0.0116,0.6054
SPADES SEVEN HEARTS TWO,0.6126,0.0634,0.324
HEARTS FOUR CLUBS KING,0.394,0.008,0.598
DIAMONDS ACE CLUBS KING,0.362,0.0036,0.6344
HEARTS FOUR CLUBS ACE,0.4102,0.0062,0.5836
DIAMONDS ACE CLUBS ACE,0.1726,0.0024,0.825
SPADES NINE DIAMONDS QUEEN,0.3416,0.0112,0.6472
SPADES NINE HEARTS TWO,0.4114,0.0412,0.5474
HEARTS TWO SPADES TWO,0.384,0.0984,0.5176
DIAMONDS QUEEN SPADES TWO,0.435,0.0134,0.5516
HEARTS TWO SPADES THREE,0.6042,0.0732,0.3226
DIAMONDS QUEEN SPADES THREE,0.4274,0.0122,0.5604
HEARTS TWO SPADES FOUR,0.6104,0.0664,0.3232
DIAMONDS QUEEN SPADES FOUR,0.4206,0.0138,0.5656
HEARTS FOUR CLUBS TEN,0.4094,0.0282,0.5624
CLUBS TEN DIAMONDS ACE,0.3434,0.0036,0.653
HEARTS TWO SPADES FIVE,0.6026,0.1632,0.2342
DIAMONDS QUEEN SPADES FIVE,0.262,0.0492,0.6888
HEARTS FOUR CLUBS JACK,0.4176,0.0204,0.562
DIAMONDS ACE CLUBS JACK,0.3556,0.004,0.6404
CLUBS FIVE CLUBS KING,0.2514,0.0356,0.713
CLUBS FIVE CLUBS QUEEN,0.251,0.045,0.704
CLUBS FIVE CLUBS ACE,0.25,0.023,0.727
CLUBS FIVE CLUBS JACK,0.25,0.0568,0.6932
CLUBS TEN CLUBS FIVE,0.2614,0.0768,0.6618
SPADES KING CLUBS JACK,0.3464,0.0054,0.6482
SPADES QUEEN CLUBS JACK,0.3444,0.0094,0.6462
SPADES ACE CLUBS JACK,0.3532,0.0042,0.6426
SPADES SIX CLUBS KING,0.3802,0.0076,0.6122
SPADES SIX CLUBS QUEEN,0.3716,0.011,0.6174
SPADES SIX CLUBS ACE,0.3902,0.0056,0.6042
SPADES SIX CLUBS JACK,0.3836,0.0166,0.5998
CLUBS TEN SPADES SIX,0.3778,0.0228,0.5994
SPADES TEN CLUBS JACK,0.325,0.0142,0.6608
SPADES JACK CLUBS JACK,0.1622,0.0368,0.801
SPADES QUEEN CLUBS SEVEN,0.385,0.011,0.604
SPADES KING CLUBS SEVEN,0.3768,0.0056,0.6176
SPADES ACE CLUBS SEVEN,0.3696,0.0042,0.6262
SPADES SIX HEARTS TEN,0.3672,0.031,0.6018
SPADES SIX HEARTS JACK,0.3694,0.018,0.6126
SPADES SIX HEARTS ACE,0.3662,0.006,0.6278
SPADES SIX HEARTS KING,0.3658,0.0102,0.624
SPADES SIX HEARTS QUEEN,0.3756,0.01,0.6144
CLUBS SEVEN SPADES JACK,0.3732,0.0206,0.6062
CLUBS SEVEN SPADES TEN,0.3484,0.023,0.6286
CLUBS TEN HEARTS SIX,0.3686,0.025,0.6064
HEARTS SIX CLUBS JACK,0.3804,0.0168,0.6028
CLUBS ACE CLUBS JACK,0.329,0.0026,0.6684
HEARTS SIX CLUBS QUEEN,0.365,0.0108,0.6242
HEARTS SIX CLUBS KING,0.3772,0.0066,0.6162
HEARTS SIX CLUBS ACE,0.3824,0.0044,0.6132
CLUBS QUEEN CLUBS JACK,0.3182,0.0096,0.6722
CLUBS KING CLUBS JACK,0.3284,0.0062,0.6654
DIAMONDS THREE HEARTS ACE,0.3988,0.005,0.5962
DIAMONDS THREE HEARTS QUEEN,0.4098,0.0172,0.573
DIAMONDS THREE HEARTS KING,0.4192,0.0096,0.5712
CLUBS FIVE HEARTS JACK,0.2702,0.0588,0.671
SPADES TEN DIAMONDS ACE,0.342,0.0036,0.6544
HEARTS FOUR SPADES TEN,0.404,0.024,0.572
CLUBS FIVE HEARTS TEN,0.263,0.0774,0.6596
HEARTS FOUR SPADES JACK,0.4094,0.0198,0.5708
SPADES JACK DIAMONDS ACE,0.3468,0.0066,0.6466
SPADES ACE HEARTS FOUR,0.377,0.0048,0.6182
SPADES ACE DIAMONDS ACE,0.1584,0.0046,0.837
CLUBS FIVE HEARTS ACE,0.2622,0.0216,0.7162
CLUBS FIVE HEARTS KING,0.2634,0.0368,0.6998
HEARTS FOUR SPADES QUEEN,0.4006,0.0128,0.5866
SPADES QUEEN DIAMONDS ACE,0.364,0.0046,0.6314
SPADES FOUR CLUBS JACK,0.4064,0.017,0.5766
CLUBS FIVE HEARTS QUEEN,0.2542,0.0452,0.7006
SPADES KING DIAMONDS ACE,0.353,0.005,0.642
HEARTS FOUR SPADES KING,0.4124,0.008,0.5796
CLUBS TEN SPADES FOUR,0.4126,0.0244,0.563
DIAMONDS QUEEN DIAMONDS ACE,0.3424,0.0038,0.6538
HEARTS TWO DIAMONDS ACE,0.4118,0.0046,0.5836
HEARTS FOUR DIAMONDS QUEEN,0.4182,0.0126,0.5692
HEARTS FOUR HEARTS TWO,0.5738,0.0654,0.3608
DIAMONDS THREE HEARTS TEN,0.4074,0.0308,0.5618
SPADES FOUR CLUBS KING,0.416,0.0096,0.5744
DIAMONDS THREE HEARTS JACK,0.4018,0.0186,0.5796
SPADES FOUR CLUBS QUEEN,0.4076,0.0134,0.579
DIAMONDS QUEEN HEARTS TWO,0.4204,0.013,0.5666
DIAMONDS KING DIAMONDS QUEEN,0.337,0.0092,0.6538
DIAMONDS KING HEARTS TWO,0.414,0.009,0.577
HEARTS THREE DIAMONDS QUEEN,0.4186,0.0124,0.569
HEARTS THREE HEARTS TWO,0.57,0.067,0.363
SPADES FOUR CLUBS ACE,0.4072,0.0042,0.5886
HEARTS TWO CLUBS ACE,0.3954,0.0056,0.599
DIAMONDS QUEEN CLUBS ACE,0.361,0.005,0.634
HEARTS TWO CLUBS QUEEN,0.423,0.0128,0.5642
DIAMONDS QUEEN CLUBS QUEEN,0.1702,0.027,0.8028
HEARTS TWO CLUBS KING,0.426,0.0094,0.5646
DIAMONDS QUEEN CLUBS KING,0.3424,0.0066,0.651
CLUBS TEN HEARTS TWO,0.4136,0.024,0.5624
CLUBS TEN DIAMONDS QUEEN,0.3526,0.0094,0.638
SPADES NINE SPADES FIVE,0.2436,0.1108,0.6456
HEARTS TWO CLUBS JACK,0.4134,0.0214,0.5652
DIAMONDS QUEEN CLUBS JACK,0.3646,0.0074,0.628
SPADES SIX SPADES FIVE,0.5676,0.1362,0.2962
SPADES SEVEN SPADES FIVE,0.5792,0.143,0.2778
DIAMONDS FIVE CLUBS QUEEN,0.269,0.0492,0.6818
DIAMONDS FIVE CLUBS KING,0.2778,0.0324,0.6898
CLUBS ACE DIAMONDS FIVE,0.2698,0.022,0.7082
CLUBS TEN DIAMONDS FIVE,0.2814,0.0758,0.6428
DIAMONDS FIVE CLUBS JACK,0.2596,0.0574,0.683
DIAMONDS TEN HEARTS JACK,0.3188,0.015,0.6662
DIAMONDS TEN HEARTS TEN,0.1648,0.0496,0.7856
SPADES ACE CLUBS NINE,0.346,0.0052,0.6488
CLUBS NINE SPADES QUEEN,0.3372,0.0114,0.6514
CLUBS NINE SPADES KING,0.348,0.0084,0.6436
HEARTS SIX HEARTS KING,0.363,0.0056,0.6314
DIAMONDS KING SPADES SEVEN,0.3802,0.0072,0.6126
HEARTS THREE SPADES SEVEN,0.609,0.0672,0.3238
SPADES KING DIAMONDS SEVEN,0.3714,0.0078,0.6208
