opposingHand,winningChance,drawChance,lostChance
HEARTS EIGHT HEARTS SIX
CLUBS SIX HEARTS TEN,0.2998,0.0738,0.6264
CLUBS FOUR DIAMONDS SEVEN,0.6154,0.0626,0.322
SPADES NINE DIAMONDS EIGHT,0.2832,0.0952,0.6216
SPADES EIGHT CLUBS FIVE,0.4208,0.361,0.2182
SPADES FIVE DIAMONDS TEN,0.465,0.0246,0.5104
DIAMONDS JACK HEARTS ACE,0.3874,0.0052,0.6074
DIAMONDS NINE HEARTS JACK,0.3696,0.0198,0.6106
SPADES SEVEN HEARTS JACK,0.3944,0.0162,0.5894
SPADES TWO HEARTS NINE,0.4478,0.036,0.5162
SPADES QUEEN HEARTS NINE,0.3718,0.0108,0.6174
CLUBS FOUR SPADES TWO,0.6186,0.0582,0.3232
HEARTS FIVE CLUBS TWO,0.6218,0.0662,0.312
HEARTS SEVEN SPADES TWO,0.639,0.0594,0.3016
DIAMONDS THREE SPADES JACK,0.4746,0.0148,0.5106
CLUBS JACK CLUBS EIGHT,0.2766,0.0548,0.6686
SPADES EIGHT DIAMONDS FIVE,0.4228,0.3644,0.2128
CLUBS NINE SPADES FOUR,0.4536,0.04,0.5064
SPADES NINE CLUBS SIX,0.3006,0.1018,0.5976
HEARTS THREE DIAMONDS JACK,0.463,0.0186,0.5184
CLUBS FIVE CLUBS FOUR,0.5706,0.06,0.3694
HEARTS THREE DIAMONDS NINE,0.4514,0.0386,0.51
HEARTS FOUR CLUBS ACE,0.4486,0.0048,0.5466
SPADES QUEEN CLUBS QUEEN,0.2308,0.0188,0.7504
HEARTS FIVE CLUBS EIGHT,0.4304,0.363,0.2066
SPADES SIX SPADES THREE,0.605,0.1344,0.2606
HEARTS FIVE HEARTS KING,0.4136,0.009,0.5774
DIAMONDS TWO SPADES SEVEN,0.6356,0.059,0.3054
DIAMONDS JACK HEARTS KING,0.3754,0.008,0.6166
SPADES SEVEN DIAMONDS SIX,0.6346,0.134,0.2314
SPADES ACE HEARTS TWO,0.4466,0.006,0.5474
CLUBS NINE SPADES NINE,0.2048,0.0512,0.744
SPADES EIGHT DIAMONDS NINE,0.3018,0.0952,0.603
SPADES FIVE CLUBS KING,0.46,0.0054,0.5346
DIAMONDS TEN HEARTS NINE,0.3692,0.0206,0.6102
CLUBS JACK SPADES QUEEN,0.3958,0.0078,0.5964
SPADES TEN HEARTS NINE,0.3596,0.023,0.6174
CLUBS THREE SPADES THREE,0.4372,0.0904,0.4724
CLUBS SEVEN DIAMONDS EIGHT,0.2744,0.2856,0.44
DIAMONDS KING CLUBS THREE,0.4732,0.0078,0.519
CLUBS TEN DIAMONDS FIVE,0.4584,0.0306,0.511
SPADES NINE HEARTS JACK,0.3772,0.0164,0.6064
CLUBS THREE CLUBS TWO,0.5826,0.0622,0.3552
SPADES SIX HEARTS ACE,0.3132,0.0206,0.6662
DIAMONDS TWO CLUBS THREE,0.6394,0.0616,0.299
SPADES EIGHT HEARTS QUEEN,0.3114,0.0472,0.6414
DIAMONDS EIGHT CLUBS KING,0.32,0.0354,0.6446
CLUBS SEVEN CLUBS FOUR,0.5716,0.0616,0.3668
DIAMONDS ACE SPADES SIX,0.318,0.0198,0.6622
HEARTS FIVE CLUBS NINE,0.432,0.0388,0.5292
CLUBS EIGHT CLUBS FOUR,0.424,0.3284,0.2476
SPADES ACE HEARTS THREE,0.4466,0.0076,0.5458
HEARTS THREE DIAMONDS QUEEN,0.461,0.0134,0.5256
CLUBS FIVE CLUBS KING,0.4256,0.0084,0.566
DIAMONDS TWO CLUBS EIGHT,0.4398,0.3486,0.2116
CLUBS NINE DIAMONDS QUEEN,0.4016,0.0114,0.587
SPADES JACK DIAMONDS ACE,0.3928,0.003,0.6042
CLUBS EIGHT DIAMONDS EIGHT,0.1728,0.0762,0.751
DIAMONDS ACE DIAMONDS KING,0.3768,0.0036,0.6196
CLUBS EIGHT DIAMONDS ACE,0.313,0.0244,0.6626
CLUBS FOUR SPADES FIVE,0.613,0.06,0.327
CLUBS NINE DIAMONDS NINE,0.1958,0.057,0.7472
CLUBS TWO DIAMONDS FOUR,0.6192,0.0642,0.3166
SPADES SEVEN HEARTS TEN,0.3798,0.0254,0.5948
HEARTS THREE DIAMONDS ACE,0.4592,0.0062,0.5346
DIAMONDS EIGHT DIAMONDS FIVE,0.417,0.339,0.244
HEARTS THREE SPADES FIVE,0.608,0.0638,0.3282
DIAMONDS QUEEN DIAMONDS NINE,0.3702,0.0126,0.6172
HEARTS FIVE CLUBS FIVE,0.417,0.0884,0.4946
SPADES TEN SPADES THREE,0.4494,0.0242,0.5264
DIAMONDS ACE CLUBS KING,0.4202,0.003,0.5768
HEARTS FOUR HEARTS TWO,0.6202,0.0648,0.315
CLUBS JACK SPADES THREE,0.4686,0.0174,0.514
SPADES THREE DIAMONDS EIGHT,0.4408,0.3576,0.2016
CLUBS NINE CLUBS FOUR,0.4216,0.0358,0.5426
SPADES ACE HEARTS SEVEN,0.4182,0.004,0.5778
HEARTS FIVE DIAMONDS SIX,0.6044,0.1472,0.2484
SPADES KING DIAMONDS TWO,0.4728,0.0082,0.519
HEARTS FOUR HEARTS NINE,0.4104,0.0398,0.5498
CLUBS THREE CLUBS ACE,0.4376,0.005,0.5574
DIAMONDS KING HEARTS KING,0.2064,0.0178,0.7758
SPADES QUEEN DIAMONDS FIVE,0.4544,0.0108,0.5348
DIAMONDS QUEEN SPADES TWO,0.471,0.0122,0.5168
HEARTS SEVEN HEARTS TWO,0.6306,0.0632,0.3062
SPADES JACK HEARTS NINE,0.3624,0.015,0.6226
CLUBS ACE DIAMONDS SIX,0.3234,0.0252,0.6514
CLUBS KING DIAMONDS FOUR,0.4626,0.0084,0.529
CLUBS FIVE SPADES FOUR,0.6054,0.0586,0.336
HEARTS THREE SPADES FOUR,0.6044,0.062,0.3336
DIAMONDS ACE CLUBS FOUR,0.4398,0.0032,0.557
HEARTS TWO SPADES NINE,0.4742,0.0394,0.4864
SPADES KING CLUBS TEN,0.4022,0.005,0.5928
SPADES NINE SPADES FIVE,0.4246,0.0382,0.5372
SPADES ACE SPADES SIX,0.308,0.0196,0.6724
SPADES SIX DIAMONDS SIX,0.3366,0.0726,0.5908
DIAMONDS ACE SPADES FIVE,0.4456,0.0032,0.5512
DIAMONDS TWO SPADES FOUR,0.6186,0.0638,0.3176
HEARTS SEVEN SPADES QUEEN,0.41,0.0132,0.5768
SPADES EIGHT HEARTS KING,0.3064,0.0348,0.6588
CLUBS JACK HEARTS FOUR,0.4456,0.0214,0.533
SPADES FOUR HEARTS ACE,0.4316,0.0036,0.5648
HEARTS TWO CLUBS FOUR,0.6068,0.0642,0.329
DIAMONDS TEN HEARTS QUEEN,0.3784,0.0118,0.6098
CLUBS NINE DIAMONDS KING,0.3988,0.0058,0.5954
CLUBS JACK SPADES FIVE,0.4568,0.0148,0.5284
HEARTS FIVE HEARTS JACK,0.404,0.0198,0.5762
DIAMONDS THREE HEARTS FOUR,0.6202,0.055,0.3248
HEARTS SEVEN HEARTS ACE,0.37,0.0074,0.6226
CLUBS SIX DIAMONDS QUEEN,0.323,0.046,0.631
DIAMONDS TWO CLUBS FIVE,0.6242,0.0616,0.3142
HEARTS FIVE HEARTS NINE,0.3852,0.0442,0.5706
SPADES SIX DIAMONDS EIGHT,0.0674,0.9142,0.0184
HEARTS FOUR HEARTS JACK,0.4096,0.0182,0.5722
HEARTS SEVEN HEARTS FIVE,0.601,0.0548,0.3442
CLUBS TEN HEARTS TEN,0.2036,0.0454,0.751
CLUBS JACK SPADES TEN,0.3816,0.017,0.6014
HEARTS TEN CLUBS QUEEN,0.3734,0.0122,0.6144
DIAMONDS JACK HEARTS QUEEN,0.3738,0.0116,0.6146
CLUBS NINE HEARTS FOUR,0.448,0.0372,0.5148
SPADES FIVE SPADES FOUR,0.5616,0.0626,0.3758
CLUBS FIVE CLUBS THREE,0.5804,0.0558,0.3638
CLUBS SEVEN SPADES SEVEN,0.299,0.0784,0.6226
HEARTS FIVE HEARTS TEN,0.3998,0.027,0.5732
SPADES ACE DIAMONDS FOUR,0.455,0.0046,0.5404
SPADES KING HEARTS FOUR,0.4452,0.0096,0.5452
HEARTS FIVE SPADES QUEEN,0.4462,0.014,0.5398
CLUBS FOUR HEARTS TEN,0.4372,0.029,0.5338
SPADES KING CLUBS EIGHT,0.3072,0.0332,0.6596
HEARTS SEVEN SPADES TEN,0.4016,0.0244,0.574
CLUBS THREE CLUBS QUEEN,0.4388,0.0122,0.549
CLUBS FOUR HEARTS KING,0.4412,0.0096,0.5492
DIAMONDS THREE SPADES KING,0.4624,0.0096,0.528
HEARTS TWO DIAMONDS JACK,0.4602,0.0194,0.5204
SPADES FIVE SPADES TWO,0.5998,0.057,0.3432
SPADES FOUR HEARTS QUEEN,0.443,0.0154,0.5416
CLUBS SEVEN DIAMONDS NINE,0.3934,0.0366,0.57
CLUBS TEN SPADES NINE,0.3736,0.0238,0.6026
CLUBS NINE CLUBS KING,0.3758,0.0074,0.6168
SPADES JACK DIAMONDS SEVEN,0.4204,0.0178,0.5618
CLUBS JACK DIAMONDS SIX,0.324,0.0534,0.6226
CLUBS TEN SPADES QUEEN,0.3896,0.0084,0.602
SPADES NINE DIAMONDS JACK,0.3906,0.0144,0.595
CLUBS JACK DIAMONDS FOUR,0.4656,0.0186,0.5158
HEARTS SEVEN CLUBS EIGHT,0.2648,0.2896,0.4456
SPADES JACK HEARTS QUEEN,0.3786,0.0098,0.6116
SPADES NINE SPADES TWO,0.4368,0.035,0.5282
CLUBS TEN DIAMONDS JACK,0.3814,0.0136,0.605
SPADES FOUR CLUBS ACE,0.4566,0.006,0.5374
HEARTS TWO DIAMONDS ACE,0.4516,0.0054,0.543
DIAMONDS SEVEN DIAMONDS FOUR,0.5822,0.0606,0.3572
HEARTS FOUR HEARTS TEN,0.3992,0.0302,0.5706
DIAMONDS NINE CLUBS QUEEN,0.381,0.0086,0.6104
HEARTS THREE HEARTS ACE,0.401,0.007,0.592
CLUBS NINE DIAMONDS ACE,0.3964,0.0038,0.5998
CLUBS EIGHT HEARTS TEN,0.2788,0.0728,0.6484
HEARTS QUEEN HEARTS JACK,0.332,0.0126,0.6554
DIAMONDS KING DIAMONDS FOUR,0.4398,0.0084,0.5518
SPADES ACE HEARTS JACK,0.381,0.0042,0.6148
DIAMONDS JACK DIAMONDS FIVE,0.4272,0.017,0.5558
SPADES QUEEN CLUBS ACE,0.4168,0.004,0.5792
DIAMONDS ACE DIAMONDS SEVEN,0.3936,0.0062,0.6002
HEARTS QUEEN DIAMONDS FIVE,0.4388,0.0096,0.5516
CLUBS QUEEN HEARTS NINE,0.3838,0.011,0.6052
DIAMONDS ACE CLUBS QUEEN,0.407,0.0032,0.5898
DIAMONDS ACE CLUBS THREE,0.4522,0.0052,0.5426
DIAMONDS QUEEN DIAMONDS SIX,0.304,0.0458,0.6502
CLUBS TWO HEARTS TEN,0.4544,0.027,0.5186
SPADES ACE CLUBS JACK,0.3998,0.0024,0.5978
SPADES KING HEARTS THREE,0.4602,0.0082,0.5316
SPADES TEN SPADES SEVEN,0.3826,0.0274,0.59
HEARTS FOUR DIAMONDS SIX,0.615,0.1506,0.2344
CLUBS EIGHT SPADES SIX,0.0784,0.8994,0.0222
CLUBS NINE DIAMONDS JACK,0.3942,0.0174,0.5884
SPADES QUEEN SPADES TEN,0.3666,0.0106,0.6228
CLUBS JACK HEARTS JACK,0.2108,0.0378,0.7514
CLUBS TEN SPADES FIVE,0.4478,0.0266,0.5256
CLUBS JACK DIAMONDS QUEEN,0.399,0.008,0.593
SPADES NINE SPADES SEVEN,0.3756,0.037,0.5874
HEARTS FIVE HEARTS FOUR,0.5946,0.0604,0.345
HEARTS FOUR DIAMONDS EIGHT,0.4358,0.356,0.2082
HEARTS FIVE CLUBS SEVEN,0.61,0.0642,0.3258
SPADES SEVEN DIAMONDS EIGHT,0.2782,0.2822,0.4396
SPADES FIVE HEARTS QUEEN,0.4412,0.0102,0.5486
SPADES TEN CLUBS FIVE,0.4584,0.0276,0.514
CLUBS JACK CLUBS THREE,0.4426,0.0164,0.541
SPADES THREE DIAMONDS FIVE,0.6202,0.0618,0.318
SPADES JACK HEARTS THREE,0.4648,0.0188,0.5164
CLUBS NINE DIAMONDS SIX,0.3036,0.0944,0.602
CLUBS FIVE DIAMONDS JACK,0.454,0.0192,0.5268
DIAMONDS TWO CLUBS KING,0.4712,0.0068,0.522
SPADES EIGHT CLUBS THREE,0.4534,0.3476,0.199
SPADES SEVEN HEARTS KING,0.407,0.009,0.584
CLUBS SEVEN CLUBS TWO,0.605,0.0536,0.3414
CLUBS TEN DIAMONDS ACE,0.3908,0.0046,0.6046
DIAMONDS EIGHT HEARTS JACK,0.2918,0.0566,0.6516
CLUBS TEN HEARTS FOUR,0.4464,0.0254,0.5282
SPADES JACK CLUBS KING,0.3974,0.0042,0.5984
CLUBS SEVEN HEARTS NINE,0.384,0.037,0.579
DIAMONDS KING HEARTS QUEEN,0.39,0.0072,0.6028
SPADES SEVEN SPADES FOUR,0.594,0.0554,0.3506
CLUBS ACE CLUBS KING,0.3658,0.0046,0.6296
DIAMONDS KING HEARTS TEN,0.3912,0.0066,0.6022
CLUBS JACK SPADES SIX,0.3274,0.0532,0.6194
HEARTS SEVEN HEARTS FOUR,0.6116,0.0694,0.319
CLUBS EIGHT CLUBS THREE,0.4204,0.3268,0.2528
SPADES ACE SPADES TWO,0.4308,0.0028,0.5664
CLUBS EIGHT DIAMONDS TEN,0.293,0.0786,0.6284
CLUBS EIGHT CLUBS FIVE,0.413,0.3286,0.2584
DIAMONDS THREE SPADES QUEEN,0.4666,0.0112,0.5222
SPADES SEVEN SPADES THREE,0.5818,0.0588,0.3594
SPADES TWO CLUBS KING,0.4618,0.0072,0.531
DIAMONDS TEN CLUBS KING,0.4108,0.004,0.5852
CLUBS TEN CLUBS TWO,0.4236,0.0244,0.552
HEARTS SEVEN SPADES FOUR,0.6194,0.0588,0.3218
CLUBS ACE HEARTS NINE,0.3942,0.0052,0.6006
HEARTS SEVEN CLUBS NINE,0.393,0.038,0.569
DIAMONDS KING HEARTS NINE,0.3848,0.0074,0.6078
CLUBS NINE DIAMONDS FIVE,0.4456,0.041,0.5134
CLUBS QUEEN DIAMONDS FOUR,0.467,0.01,0.523
SPADES TEN DIAMONDS TEN,0.2118,0.0458,0.7424
HEARTS JACK DIAMONDS SIX,0.3102,0.051,0.6388
DIAMONDS KING CLUBS QUEEN,0.4066,0.0064,0.587
SPADES EIGHT SPADES SIX,0.0682,0.8608,0.071
HEARTS SEVEN HEARTS KING,0.3652,0.0092,0.6256
HEARTS FIVE HEARTS TWO,0.6178,0.0668,0.3154
HEARTS FOUR SPADES FOUR,0.432,0.0874,0.4806
SPADES NINE DIAMONDS FIVE,0.4438,0.04,0.5162
HEARTS TWO HEARTS TEN,0.412,0.029,0.559
CLUBS EIGHT DIAMONDS FOUR,0.4382,0.3542,0.2076
DIAMONDS THREE CLUBS FIVE,0.6164,0.0684,0.3152
SPADES JACK SPADES NINE,0.3598,0.0122,0.628
CLUBS FIVE DIAMONDS NINE,0.4226,0.0428,0.5346
HEARTS THREE HEARTS TWO,0.6172,0.0678,0.315
SPADES TWO CLUBS ACE,0.4522,0.0048,0.543
SPADES KING HEARTS FIVE,0.4546,0.0082,0.5372
SPADES TEN CLUBS KING,0.3952,0.007,0.5978
DIAMONDS THREE DIAMONDS JACK,0.442,0.0164,0.5416
HEARTS FIVE SPADES NINE,0.426,0.0404,0.5336
CLUBS SEVEN SPADES TWO,0.6318,0.0604,0.3078
SPADES QUEEN CLUBS FOUR,0.4622,0.0128,0.525
SPADES FIVE CLUBS TWO,0.633,0.0622,0.3048
SPADES KING DIAMONDS FIVE,0.4412,0.008,0.5508
CLUBS JACK HEARTS FIVE,0.4444,0.02,0.5356
DIAMONDS FIVE DIAMONDS FOUR,0.5638,0.0626,0.3736
CLUBS EIGHT HEARTS JACK,0.2866,0.0632,0.6502
CLUBS THREE DIAMONDS FOUR,0.6264,0.0624,0.3112
DIAMONDS JACK DIAMONDS FOUR,0.4364,0.018,0.5456
SPADES FOUR DIAMONDS SIX,0.6312,0.1328,0.236
CLUBS SEVEN DIAMONDS QUEEN,0.4278,0.0106,0.5616
SPADES KING SPADES FOUR,0.4302,0.0078,0.562
SPADES NINE HEARTS TEN,0.377,0.0222,0.6008
CLUBS JACK SPADES EIGHT,0.2964,0.061,0.6426
SPADES FIVE HEARTS ACE,0.4316,0.0054,0.563
CLUBS FOUR CLUBS TWO,0.5926,0.061,0.3464
CLUBS FIVE SPADES THREE,0.6072,0.0626,0.3302
CLUBS EIGHT HEARTS TWO,0.4252,0.359,0.2158
DIAMONDS JACK DIAMONDS NINE,0.364,0.0152,0.6208
CLUBS FIVE DIAMONDS FOUR,0.6068,0.0554,0.3378
CLUBS FOUR DIAMONDS EIGHT,0.4382,0.3576,0.2042
DIAMONDS TWO HEARTS THREE,0.619,0.062,0.319
DIAMONDS NINE CLUBS KING,0.3984,0.0048,0.5968
DIAMONDS QUEEN HEARTS JACK,0.3714,0.0084,0.6202
CLUBS EIGHT CLUBS SEVEN,0.2534,0.2666,0.48
SPADES FOUR HEARTS JACK,0.4338,0.0176,0.5486
CLUBS TWO CLUBS QUEEN,0.4338,0.0098,0.5564
SPADES TEN SPADES FIVE,0.4334,0.0276,0.539
HEARTS FOUR CLUBS EIGHT,0.4336,0.3596,0.2068
DIAMONDS JACK DIAMONDS TEN,0.3634,0.0134,0.6232
DIAMONDS TEN SPADES TWO,0.459,0.0282,0.5128
SPADES ACE CLUBS TEN,0.4002,0.0046,0.5952
SPADES KING SPADES FIVE,0.422,0.0084,0.5696
HEARTS ACE CLUBS QUEEN,0.3972,0.0032,0.5996
DIAMONDS ACE HEARTS QUEEN,0.3826,0.0034,0.614
DIAMONDS TWO SPADES THREE,0.6314,0.0654,0.3032
HEARTS SEVEN CLUBS QUEEN,0.4186,0.011,0.5704
HEARTS SEVEN SPADES NINE,0.3944,0.0406,0.565
HEARTS QUEEN CLUBS KING,0.385,0.0064,0.6086
HEARTS ACE HEARTS NINE,0.3436,0.0052,0.6512
HEARTS KING HEARTS QUEEN,0.342,0.0062,0.6518
SPADES THREE CLUBS QUEEN,0.4732,0.0112,0.5156
CLUBS EIGHT SPADES TWO,0.4496,0.3492,0.2012
SPADES ACE DIAMONDS TWO,0.4524,0.004,0.5436
SPADES SIX CLUBS QUEEN,0.3266,0.0394,0.634
CLUBS SEVEN HEARTS QUEEN,0.4062,0.0118,0.582
DIAMONDS QUEEN HEARTS NINE,0.381,0.0106,0.6084
SPADES SEVEN SPADES SIX,0.5852,0.131,0.2838
CLUBS SIX DIAMONDS ACE,0.3222,0.0184,0.6594
CLUBS TWO DIAMONDS NINE,0.4692,0.0388,0.492
CLUBS NINE HEARTS JACK,0.3758,0.0156,0.6086
DIAMONDS QUEEN HEARTS TEN,0.38,0.0096,0.6104
SPADES NINE CLUBS THREE,0.464,0.0396,0.4964
CLUBS JACK SPADES NINE,0.3836,0.0136,0.6028
DIAMONDS SEVEN HEARTS NINE,0.3792,0.0404,0.5804
SPADES TEN HEARTS ACE,0.3826,0.0048,0.6126
SPADES SIX CLUBS THREE,0.6354,0.1508,0.2138
CLUBS TWO CLUBS ACE,0.4256,0.005,0.5694
HEARTS JACK CLUBS KING,0.3892,0.0078,0.603
HEARTS JACK HEARTS TEN,0.3172,0.0168,0.666
HEARTS TWO DIAMONDS SIX,0.6344,0.1486,0.217
HEARTS TWO DIAMONDS EIGHT,0.436,0.3548,0.2092
SPADES FIVE CLUBS ACE,0.4544,0.0026,0.543
DIAMONDS ACE SPADES THREE,0.4522,0.004,0.5438
SPADES NINE HEARTS ACE,0.3864,0.0042,0.6094
SPADES SEVEN DIAMONDS TEN,0.41,0.0216,0.5684
CLUBS TWO HEARTS JACK,0.4524,0.0184,0.5292
SPADES FOUR HEARTS NINE,0.444,0.0374,0.5186
CLUBS TEN DIAMONDS SEVEN,0.418,0.0224,0.5596
CLUBS THREE HEARTS KING,0.4462,0.0102,0.5436
CLUBS ACE HEARTS JACK,0.3794,0.0042,0.6164
HEARTS QUEEN DIAMONDS SEVEN,0.4264,0.01,0.5636
CLUBS FOUR CLUBS ACE,0.4236,0.003,0.5734
DIAMONDS JACK CLUBS QUEEN,0.3846,0.0092,0.6062
SPADES NINE DIAMONDS TEN,0.385,0.0272,0.5878
HEARTS FIVE DIAMONDS EIGHT,0.4354,0.3548,0.2098
DIAMONDS THREE DIAMONDS ACE,0.4296,0.0036,0.5668
CLUBS TEN SPADES FOUR,0.4428,0.0256,0.5316
SPADES KING DIAMONDS NINE,0.3926,0.0076,0.5998
DIAMONDS TWO HEARTS KING,0.4528,0.0074,0.5398
SPADES EIGHT DIAMONDS FOUR,0.4498,0.3424,0.2078
SPADES ACE SPADES EIGHT,0.2762,0.0256,0.6982
SPADES ACE HEARTS FIVE,0.4476,0.005,0.5474
DIAMONDS THREE CLUBS TEN,0.4656,0.0284,0.506
HEARTS KING HEARTS JACK,0.3444,0.0092,0.6464
CLUBS NINE DIAMONDS TEN,0.3792,0.019,0.6018
SPADES QUEEN CLUBS TWO,0.475,0.0144,0.5106
DIAMONDS TWO SPADES TEN,0.4544,0.0278,0.5178
DIAMONDS JACK CLUBS KING,0.3988,0.005,0.5962
DIAMONDS THREE HEARTS FIVE,0.6128,0.0626,0.3246
CLUBS EIGHT SPADES THREE,0.4578,0.3442,0.198
SPADES QUEEN HEARTS THREE,0.4566,0.0114,0.532
CLUBS SIX SPADES SEVEN,0.6278,0.1262,0.246
HEARTS SEVEN HEARTS THREE,0.607,0.0682,0.3248
CLUBS THREE SPADES TWO,0.6144,0.059,0.3266
SPADES JACK SPADES EIGHT,0.284,0.0538,0.6622
HEARTS FOUR CLUBS QUEEN,0.4516,0.011,0.5374
DIAMONDS THREE HEARTS TWO,0.6228,0.0602,0.317
SPADES ACE DIAMONDS SEVEN,0.4114,0.004,0.5846
HEARTS SEVEN DIAMONDS NINE,0.377,0.0376,0.5854
SPADES THREE CLUBS ACE,0.4694,0.0036,0.527
HEARTS QUEEN HEARTS NINE,0.3404,0.0114,0.6482
CLUBS FIVE DIAMONDS EIGHT,0.4426,0.3466,0.2108
SPADES TEN HEARTS TWO,0.4446,0.0316,0.5238
HEARTS THREE CLUBS FOUR,0.6112,0.065,0.3238
SPADES SIX HEARTS JACK,0.3156,0.0512,0.6332
DIAMONDS KING SPADES TWO,0.4586,0.0078,0.5336
HEARTS FIVE CLUBS QUEEN,0.4478,0.0098,0.5424
DIAMONDS SIX HEARTS NINE,0.2696,0.1074,0.623
HEARTS THREE SPADES NINE,0.4644,0.0372,0.4984
CLUBS SIX DIAMONDS KING,0.3308,0.028,0.6412
CLUBS SEVEN HEARTS TEN,0.402,0.0278,0.5702
SPADES JACK DIAMONDS FOUR,0.4578,0.0162,0.526
SPADES TEN HEARTS KING,0.3832,0.0062,0.6106
CLUBS FOUR DIAMONDS QUEEN,0.458,0.011,0.531
DIAMONDS TWO SPADES JACK,0.4728,0.0182,0.509
SPADES SIX CLUBS TWO,0.6264,0.1416,0.232
SPADES THREE DIAMONDS FOUR,0.6242,0.0572,0.3186
SPADES QUEEN CLUBS EIGHT,0.3054,0.0428,0.6518
SPADES FOUR DIAMONDS FIVE,0.6026,0.0598,0.3376
HEARTS FIVE SPADES SEVEN,0.6104,0.0606,0.329
CLUBS EIGHT HEARTS NINE,0.2708,0.1006,0.6286
DIAMONDS KING HEARTS ACE,0.393,0.0044,0.6026
SPADES THREE CLUBS KING,0.4668,0.006,0.5272
SPADES QUEEN DIAMONDS FOUR,0.4482,0.0094,0.5424
SPADES TEN HEARTS QUEEN,0.3712,0.009,0.6198
DIAMONDS ACE DIAMONDS NINE,0.3668,0.0052,0.628
SPADES ACE DIAMONDS JACK,0.4002,0.0028,0.597
SPADES SEVEN CLUBS KING,0.4272,0.0066,0.5662
DIAMONDS KING CLUBS FOUR,0.4606,0.009,0.5304
CLUBS JACK HEARTS SEVEN,0.42,0.018,0.562
CLUBS FIVE DIAMONDS SIX,0.6,0.141,0.259
SPADES FOUR CLUBS KING,0.457,0.0076,0.5354
SPADES QUEEN DIAMONDS QUEEN,0.2222,0.0266,0.7512
HEARTS FOUR DIAMONDS SEVEN,0.6104,0.0618,0.3278
HEARTS TWO DIAMONDS FIVE,0.6184,0.0696,0.312
SPADES TWO DIAMONDS SIX,0.6398,0.1414,0.2188
CLUBS JACK DIAMONDS ACE,0.3954,0.0026,0.602
DIAMONDS THREE SPADES SEVEN,0.6282,0.061,0.3108
CLUBS EIGHT CLUBS SIX,0.0754,0.8538,0.0708
SPADES TEN DIAMONDS FOUR,0.4408,0.0284,0.5308
SPADES TEN DIAMONDS EIGHT,0.3004,0.0736,0.626
DIAMONDS THREE HEARTS ACE,0.4402,0.0052,0.5546
CLUBS EIGHT CLUBS QUEEN,0.3116,0.0422,0.6462
DIAMONDS EIGHT CLUBS QUEEN,0.3212,0.0434,0.6354
HEARTS TWO HEARTS KING,0.4026,0.0098,0.5876
SPADES THREE DIAMONDS SEVEN,0.6288,0.0642,0.307
CLUBS EIGHT HEARTS QUEEN,0.2986,0.0432,0.6582
SPADES JACK CLUBS FIVE,0.4524,0.016,0.5316
SPADES FOUR SPADES TWO,0.6044,0.0578,0.3378
HEARTS THREE DIAMONDS EIGHT,0.4538,0.3472,0.199
DIAMONDS TWO DIAMONDS EIGHT,0.4226,0.3198,0.2576
SPADES KING SPADES JACK,0.3708,0.0056,0.6236
HEARTS THREE SPADES EIGHT,0.4346,0.3554,0.21
HEARTS KING CLUBS ACE,0.3878,0.0038,0.6084
SPADES JACK DIAMONDS SIX,0.3294,0.0538,0.6168
SPADES NINE HEARTS KING,0.3878,0.0068,0.6054
CLUBS JACK SPADES SEVEN,0.4152,0.0142,0.5706
SPADES SEVEN SPADES FIVE,0.5678,0.0546,0.3776
DIAMONDS NINE SPADES THREE,0.4572,0.0376,0.5052
DIAMONDS KING DIAMONDS JACK,0.3664,0.0072,0.6264
SPADES TEN SPADES FOUR,0.4248,0.024,0.5512
CLUBS JACK CLUBS SIX,0.2976,0.0522,0.6502
CLUBS SEVEN CLUBS QUEEN,0.3984,0.0092,0.5924
SPADES JACK CLUBS FOUR,0.4584,0.0166,0.525
HEARTS SEVEN DIAMONDS TWO,0.6388,0.0644,0.2968
HEARTS SEVEN CLUBS SIX,0.6066,0.1482,0.2452
SPADES KING DIAMONDS ACE,0.3982,0.0034,0.5984
HEARTS FOUR SPADES FIVE,0.6138,0.0578,0.3284
CLUBS TEN SPADES THREE,0.4638,0.0258,0.5104
CLUBS JACK HEARTS NINE,0.3738,0.0148,0.6114
SPADES TEN DIAMONDS QUEEN,0.394,0.0078,0.5982
SPADES QUEEN DIAMONDS SIX,0.3252,0.0426,0.6322
SPADES FOUR HEARTS TEN,0.4376,0.031,0.5314
SPADES ACE CLUBS TWO,0.46,0.0062,0.5338
SPADES ACE HEARTS TEN,0.3792,0.004,0.6168
HEARTS TWO HEARTS JACK,0.4126,0.022,0.5654
CLUBS TWO HEARTS NINE,0.4392,0.0406,0.5202
DIAMONDS TWO DIAMONDS QUEEN,0.4292,0.0106,0.5602
HEARTS TWO DIAMONDS NINE,0.4518,0.0378,0.5104
DIAMONDS ACE CLUBS TWO,0.4638,0.005,0.5312
SPADES KING SPADES THREE,0.4322,0.0086,0.5592
SPADES NINE CLUBS ACE,0.4016,0.0036,0.5948
CLUBS NINE DIAMONDS FOUR,0.4506,0.0408,0.5086
SPADES SEVEN CLUBS QUEEN,0.4304,0.0114,0.5582
HEARTS SEVEN SPADES FIVE,0.5914,0.0684,0.3402
SPADES QUEEN CLUBS NINE,0.3964,0.0106,0.593
SPADES JACK HEARTS TEN,0.3778,0.015,0.6072
SPADES QUEEN HEARTS JACK,0.375,0.0094,0.6156
DIAMONDS THREE DIAMONDS SIX,0.601,0.134,0.265
HEARTS FIVE SPADES SIX,0.6004,0.1594,0.2402
CLUBS TEN HEARTS QUEEN,0.3732,0.0112,0.6156
SPADES THREE HEARTS KING,0.4512,0.0096,0.5392
DIAMONDS THREE DIAMONDS FOUR,0.5858,0.0572,0.357
CLUBS TEN DIAMONDS EIGHT,0.2926,0.0686,0.6388
CLUBS NINE HEARTS ACE,0.3912,0.0046,0.6042
DIAMONDS THREE CLUBS FOUR,0.6208,0.0562,0.323
DIAMONDS QUEEN DIAMONDS EIGHT,0.2984,0.0432,0.6584
SPADES SEVEN DIAMONDS NINE,0.3984,0.0372,0.5644
CLUBS EIGHT SPADES EIGHT,0.165,0.0744,0.7606
SPADES KING CLUBS KING,0.2126,0.0136,0.7738
HEARTS SEVEN CLUBS ACE,0.4214,0.0052,0.5734
CLUBS TEN SPADES EIGHT,0.2958,0.0748,0.6294
CLUBS TWO CLUBS KING,0.432,0.008,0.56
SPADES KING SPADES NINE,0.374,0.0076,0.6184
SPADES SIX DIAMONDS FOUR,0.6174,0.1434,0.2392
SPADES FIVE SPADES THREE,0.5998,0.0568,0.3434
CLUBS SEVEN SPADES EIGHT,0.2814,0.2856,0.433
CLUBS ACE HEARTS TEN,0.3762,0.0036,0.6202
HEARTS FOUR SPADES EIGHT,0.4426,0.352,0.2054
CLUBS KING CLUBS QUEEN,0.3718,0.0052,0.623
HEARTS SEVEN DIAMONDS THREE,0.6182,0.0646,0.3172
DIAMONDS ACE HEARTS JACK,0.366,0.006,0.628
DIAMONDS FIVE HEARTS NINE,0.4396,0.0384,0.522
SPADES KING DIAMONDS EIGHT,0.3176,0.0274,0.655
SPADES QUEEN SPADES SEVEN,0.4054,0.0124,0.5822
CLUBS TEN SPADES TWO,0.459,0.031,0.51
SPADES KING CLUBS THREE,0.4584,0.0074,0.5342
SPADES ACE CLUBS ACE,0.2126,0.0026,0.7848
HEARTS SEVEN CLUBS THREE,0.615,0.0732,0.3118
HEARTS KING DIAMONDS SEVEN,0.42,0.0054,0.5746
DIAMONDS TWO SPADES EIGHT,0.4562,0.3428,0.201
SPADES ACE DIAMONDS EIGHT,0.32,0.0236,0.6564
CLUBS SEVEN CLUBS SIX,0.598,0.1368,0.2652
CLUBS SEVEN DIAMONDS TEN,0.4086,0.0242,0.5672
SPADES SEVEN HEARTS ACE,0.4144,0.0044,0.5812
HEARTS TEN DIAMONDS FIVE,0.4326,0.0298,0.5376
CLUBS TEN SPADES JACK,0.3772,0.0146,0.6082
HEARTS THREE CLUBS QUEEN,0.4616,0.015,0.5234
SPADES QUEEN DIAMONDS ACE,0.3876,0.0042,0.6082
DIAMONDS ACE DIAMONDS FOUR,0.4312,0.0048,0.564
CLUBS EIGHT DIAMONDS FIVE,0.433,0.3542,0.2128
SPADES KING HEARTS ACE,0.3972,0.0044,0.5984
DIAMONDS THREE SPADES NINE,0.4626,0.0374,0.5
DIAMONDS JACK DIAMONDS SIX,0.307,0.049,0.644
DIAMONDS JACK HEARTS TEN,0.347,0.014,0.639
SPADES SIX DIAMONDS SEVEN,0.6236,0.1376,0.2388
SPADES SIX DIAMONDS FIVE,0.607,0.1408,0.2522
HEARTS THREE CLUBS TWO,0.6106,0.0644,0.325
SPADES QUEEN HEARTS TWO,0.4658,0.0124,0.5218
CLUBS FOUR DIAMONDS FIVE,0.5968,0.0636,0.3396
HEARTS FOUR HEARTS ACE,0.399,0.0076,0.5934
DIAMONDS TWO DIAMONDS KING,0.4404,0.0078,0.5518
SPADES KING CLUBS SIX,0.3126,0.0376,0.6498
CLUBS JACK HEARTS THREE,0.4548,0.0192,0.526
DIAMONDS EIGHT SPADES TWO,0.4578,0.3376,0.2046
HEARTS FIVE SPADES TEN,0.44,0.0276,0.5324
CLUBS TEN HEARTS THREE,0.462,0.0256,0.5124
CLUBS JACK DIAMONDS TEN,0.3694,0.015,0.6156
CLUBS FIVE HEARTS JACK,0.4356,0.0164,0.548
HEARTS JACK HEARTS NINE,0.3164,0.018,0.6656
HEARTS FOUR DIAMONDS FIVE,0.6042,0.06,0.3358
SPADES ACE SPADES FIVE,0.4268,0.0038,0.5694
CLUBS JACK SPADES TWO,0.4608,0.018,0.5212
SPADES KING CLUBS FOUR,0.4666,0.0064,0.527
CLUBS JACK DIAMONDS THREE,0.4722,0.019,0.5088
SPADES FOUR DIAMONDS FOUR,0.436,0.091,0.473
DIAMONDS THREE SPADES FOUR,0.6084,0.065,0.3266
CLUBS EIGHT DIAMONDS KING,0.3138,0.0334,0.6528
DIAMONDS EIGHT CLUBS ACE,0.3144,0.0264,0.6592
CLUBS TWO HEARTS QUEEN,0.4484,0.0136,0.538
CLUBS FOUR HEARTS QUEEN,0.4256,0.0124,0.562
DIAMONDS TWO SPADES FIVE,0.6198,0.058,0.3222
HEARTS SEVEN CLUBS FIVE,0.5828,0.0606,0.3566
DIAMONDS KING SPADES SIX,0.322,0.036,0.642
CLUBS THREE DIAMONDS JACK,0.464,0.0158,0.5202
DIAMONDS EIGHT DIAMONDS FOUR,0.4174,0.3322,0.2504
DIAMONDS TEN DIAMONDS SEVEN,0.3832,0.0262,0.5906
HEARTS SEVEN SPADES SIX,0.606,0.1488,0.2452
SPADES EIGHT HEARTS JACK,0.2876,0.0564,0.656
DIAMONDS EIGHT DIAMONDS SIX,0.0682,0.855,0.0768
HEARTS SEVEN HEARTS TEN,0.3556,0.0286,0.6158
SPADES KING CLUBS TWO,0.465,0.0074,0.5276
HEARTS QUEEN CLUBS QUEEN,0.1984,0.0256,0.776
DIAMONDS KING DIAMONDS SIX,0.3174,0.0314,0.6512
DIAMONDS TWO CLUBS QUEEN,0.4644,0.015,0.5206
HEARTS TWO CLUBS TWO,0.4424,0.0894,0.4682
HEARTS JACK DIAMONDS FOUR,0.4402,0.0206,0.5392
DIAMONDS QUEEN SPADES FOUR,0.4558,0.0112,0.533
HEARTS KING HEARTS NINE,0.3556,0.0076,0.6368
CLUBS SIX CLUBS TWO,0.6052,0.1312,0.2636
CLUBS EIGHT SPADES TEN,0.2994,0.074,0.6266
HEARTS ACE CLUBS KING,0.3868,0.0036,0.6096
SPADES NINE SPADES THREE,0.425,0.041,0.534
SPADES KING DIAMONDS SIX,0.3162,0.0306,0.6532
DIAMONDS SEVEN HEARTS JACK,0.4052,0.0186,0.5762
SPADES NINE CLUBS QUEEN,0.4004,0.0112,0.5884
SPADES EIGHT HEARTS TEN,0.2828,0.0702,0.647
CLUBS THREE SPADES FOUR,0.6128,0.0658,0.3214
DIAMONDS TEN HEARTS ACE,0.39,0.0044,0.6056
CLUBS NINE SPADES TEN,0.3664,0.0202,0.6134
CLUBS JACK SPADES FOUR,0.4492,0.013,0.5378
SPADES KING SPADES EIGHT,0.2992,0.0296,0.6712
SPADES QUEEN HEARTS ACE,0.3942,0.0052,0.6006
CLUBS SIX CLUBS QUEEN,0.3004,0.0392,0.6604
HEARTS ACE DIAMONDS FOUR,0.4316,0.006,0.5624
CLUBS EIGHT HEARTS ACE,0.292,0.024,0.684
CLUBS EIGHT SPADES NINE,0.3002,0.0982,0.6016
DIAMONDS TWO CLUBS ACE,0.453,0.0054,0.5416
SPADES ACE DIAMONDS TEN,0.3874,0.003,0.6096
DIAMONDS JACK HEARTS NINE,0.3684,0.0186,0.613
HEARTS TWO DIAMONDS KING,0.4626,0.0102,0.5272
SPADES ACE HEARTS ACE,0.2032,0.006,0.7908
SPADES QUEEN HEARTS KING,0.3832,0.007,0.6098
SPADES EIGHT DIAMONDS TEN,0.298,0.0748,0.6272
DIAMONDS THREE CLUBS THREE,0.4274,0.0958,0.4768
HEARTS THREE HEARTS NINE,0.418,0.0426,0.5394
DIAMONDS SEVEN HEARTS TEN,0.3922,0.0262,0.5816
SPADES KING DIAMONDS TEN,0.4008,0.007,0.5922
SPADES SIX SPADES TWO,0.606,0.138,0.256
HEARTS ACE CLUBS ACE,0.2116,0.0046,0.7838
CLUBS TEN HEARTS ACE,0.379,0.005,0.616
SPADES FOUR DIAMONDS NINE,0.4506,0.0412,0.5082
CLUBS TWO DIAMONDS SEVEN,0.6396,0.0632,0.2972
DIAMONDS TEN DIAMONDS FIVE,0.428,0.0244,0.5476
SPADES JACK CLUBS ACE,0.398,0.0024,0.5996
SPADES TEN DIAMONDS SEVEN,0.407,0.0256,0.5674
CLUBS NINE SPADES THREE,0.4618,0.042,0.4962
DIAMONDS TWO DIAMONDS ACE,0.4178,0.0046,0.5776
HEARTS SEVEN SPADES EIGHT,0.2528,0.2764,0.4708
SPADES THREE SPADES TWO,0.5848,0.0574,0.3578
SPADES NINE HEARTS QUEEN,0.3818,0.015,0.6032
HEARTS FIVE DIAMONDS FIVE,0.418,0.0902,0.4918
HEARTS FIVE DIAMONDS QUEEN,0.4506,0.012,0.5374
CLUBS NINE SPADES SIX,0.2896,0.1032,0.6072
SPADES NINE CLUBS FIVE,0.4466,0.0394,0.514
SPADES JACK SPADES TWO,0.4266,0.0196,0.5538
HEARTS FOUR SPADES SIX,0.611,0.1444,0.2446
HEARTS TWO HEARTS ACE,0.4072,0.0064,0.5864
CLUBS TEN SPADES SEVEN,0.3984,0.0262,0.5754
CLUBS JACK CLUBS SEVEN,0.3946,0.0124,0.593
DIAMONDS QUEEN CLUBS ACE,0.4042,0.0028,0.593
HEARTS FOUR SPADES TWO,0.6234,0.066,0.3106
SPADES SEVEN DIAMONDS FIVE,0.6068,0.0586,0.3346
SPADES SEVEN DIAMONDS QUEEN,0.4298,0.0098,0.5604
SPADES EIGHT DIAMONDS QUEEN,0.339,0.0372,0.6238
HEARTS SEVEN SPADES KING,0.4194,0.0086,0.572
HEARTS FIVE DIAMONDS TEN,0.4372,0.0274,0.5354
DIAMONDS ACE HEARTS TEN,0.3852,0.0044,0.6104
HEARTS FIVE DIAMONDS NINE,0.4294,0.0434,0.5272
DIAMONDS TWO DIAMONDS SEVEN,0.6066,0.0576,0.3358
CLUBS JACK CLUBS FIVE,0.4212,0.0162,0.5626
HEARTS FOUR CLUBS KING,0.4544,0.0088,0.5368
CLUBS SEVEN DIAMONDS SIX,0.624,0.135,0.241
CLUBS THREE HEARTS JACK,0.4418,0.0236,0.5346
HEARTS FIVE SPADES THREE,0.6164,0.0678,0.3158
SPADES EIGHT CLUBS KING,0.3214,0.0324,0.6462
CLUBS TWO SPADES THREE,0.6246,0.0574,0.318
SPADES SEVEN CLUBS THREE,0.618,0.062,0.32
CLUBS TEN DIAMONDS TEN,0.2216,0.0454,0.733
SPADES ACE HEARTS NINE,0.4042,0.0044,0.5914
CLUBS SIX CLUBS KING,0.3058,0.0294,0.6648
HEARTS KING HEARTS TEN,0.3422,0.0066,0.6512
SPADES ACE SPADES SEVEN,0.3894,0.0048,0.6058
HEARTS FIVE CLUBS THREE,0.6164,0.0676,0.316
CLUBS TEN HEARTS TWO,0.4558,0.0264,0.5178
SPADES KING DIAMONDS QUEEN,0.3892,0.006,0.6048
CLUBS SIX CLUBS ACE,0.302,0.0182,0.6798
SPADES ACE CLUBS SIX,0.3196,0.0226,0.6578
SPADES QUEEN SPADES NINE,0.375,0.0102,0.6148
CLUBS SIX HEARTS JACK,0.3022,0.0554,0.6424
DIAMONDS TEN HEARTS TEN,0.2006,0.0484,0.751
DIAMONDS KING SPADES FIVE,0.4474,0.0066,0.546
CLUBS TEN CLUBS KING,0.3664,0.0064,0.6272
DIAMONDS TWO HEARTS TWO,0.4318,0.0942,0.474
CLUBS FIVE CLUBS ACE,0.4218,0.0046,0.5736
CLUBS SEVEN SPADES THREE,0.6078,0.0598,0.3324
CLUBS SIX SPADES SIX,0.3386,0.0732,0.5882
SPADES ACE CLUBS NINE,0.3964,0.0034,0.6002
SPADES JACK DIAMONDS EIGHT,0.2894,0.0566,0.654
HEARTS FIVE SPADES FIVE,0.4154,0.0908,0.4938
DIAMONDS THREE CLUBS EIGHT,0.4502,0.3518,0.198
SPADES ACE CLUBS FIVE,0.4444,0.003,0.5526
HEARTS FOUR SPADES TEN,0.446,0.0242,0.5298
SPADES NINE DIAMONDS ACE,0.413,0.0036,0.5834
SPADES EIGHT SPADES FIVE,0.4112,0.3252,0.2636
SPADES ACE HEARTS KING,0.3852,0.0044,0.6104
DIAMONDS ACE SPADES SEVEN,0.4138,0.0038,0.5824
CLUBS FIVE DIAMONDS KING,0.4468,0.0094,0.5438
HEARTS FOUR CLUBS THREE,0.6046,0.0654,0.33
HEARTS QUEEN HEARTS TEN,0.3416,0.0116,0.6468
DIAMONDS QUEEN DIAMONDS SEVEN,0.4052,0.0106,0.5842
SPADES KING HEARTS QUEEN,0.3876,0.0052,0.6072
HEARTS THREE CLUBS KING,0.4604,0.0098,0.5298
DIAMONDS KING DIAMONDS FIVE,0.429,0.0068,0.5642
SPADES ACE CLUBS THREE,0.4554,0.0044,0.5402
CLUBS ACE DIAMONDS FIVE,0.4478,0.0044,0.5478
SPADES KING HEARTS TEN,0.3872,0.0096,0.6032
CLUBS TEN CLUBS FIVE,0.431,0.0256,0.5434
SPADES SIX SPADES FOUR,0.573,0.1302,0.2968
DIAMONDS THREE CLUBS KING,0.4638,0.0072,0.529
CLUBS TWO DIAMONDS EIGHT,0.449,0.3546,0.1964
SPADES SEVEN SPADES TWO,0.5996,0.058,0.3424
SPADES SEVEN CLUBS ACE,0.4296,0.0028,0.5676
CLUBS SEVEN CLUBS FIVE,0.561,0.0542,0.3848
HEARTS THREE DIAMONDS FOUR,0.6156,0.066,0.3184
SPADES JACK SPADES THREE,0.4406,0.0166,0.5428
HEARTS FIVE CLUBS ACE,0.442,0.0058,0.5522
DIAMONDS NINE DIAMONDS FOUR,0.4348,0.0386,0.5266
CLUBS FIVE DIAMONDS TEN,0.4534,0.022,0.5246
HEARTS THREE DIAMONDS FIVE,0.635,0.0546,0.3104
CLUBS JACK DIAMONDS NINE,0.3814,0.0142,0.6044
DIAMONDS QUEEN CLUBS THREE,0.475,0.013,0.512
DIAMONDS FIVE CLUBS QUEEN,0.4512,0.0116,0.5372
CLUBS EIGHT DIAMONDS NINE,0.2972,0.0932,0.6096
HEARTS SEVEN SPADES JACK,0.4026,0.0146,0.5828
DIAMONDS THREE HEARTS QUEEN,0.4402,0.015,0.5448
HEARTS TWO CLUBS ACE,0.4378,0.0042,0.558
DIAMONDS THREE CLUBS ACE,0.4538,0.0046,0.5416
DIAMONDS EIGHT HEARTS TEN,0.285,0.0784,0.6366
SPADES NINE SPADES FOUR,0.4428,0.039,0.5182
CLUBS EIGHT DIAMONDS SEVEN,0.2606,0.2838,0.4556
SPADES TEN CLUBS SIX,0.3104,0.0722,0.6174
SPADES FIVE HEARTS JACK,0.4432,0.0202,0.5366
CLUBS JACK CLUBS TWO,0.4222,0.0158,0.562
HEARTS SEVEN HEARTS JACK,0.36,0.0196,0.6204
SPADES ACE HEARTS QUEEN,0.3928,0.004,0.6032
CLUBS EIGHT SPADES FIVE,0.433,0.3554,0.2116
SPADES NINE HEARTS NINE,0.1888,0.0564,0.7548
CLUBS JACK SPADES KING,0.3916,0.0048,0.6036
HEARTS SEVEN DIAMONDS FIVE,0.6084,0.059,0.3326
CLUBS TEN DIAMONDS KING,0.402,0.0052,0.5928
HEARTS JACK DIAMONDS FIVE,0.4306,0.0208,0.5486
SPADES NINE DIAMONDS KING,0.4042,0.0056,0.5902
DIAMONDS ACE CLUBS ACE,0.2112,0.0038,0.785
HEARTS THREE CLUBS SIX,0.6396,0.1434,0.217
SPADES QUEEN DIAMONDS TEN,0.3894,0.0096,0.601
DIAMONDS JACK SPADES FIVE,0.4394,0.0182,0.5424
HEARTS THREE HEARTS QUEEN,0.4102,0.0118,0.578
SPADES ACE DIAMONDS QUEEN,0.4052,0.0036,0.5912
CLUBS JACK SPADES JACK,0.2174,0.0388,0.7438
CLUBS FIVE HEARTS TEN,0.447,0.031,0.522
CLUBS SIX DIAMONDS EIGHT,0.0628,0.9172,0.02
SPADES TWO DIAMONDS FIVE,0.6298,0.0632,0.307
CLUBS SIX HEARTS ACE,0.3044,0.0196,0.676
SPADES KING CLUBS SEVEN,0.4158,0.0072,0.577
CLUBS NINE CLUBS ACE,0.3818,0.0048,0.6134
SPADES SIX DIAMONDS JACK,0.3114,0.0536,0.635
SPADES EIGHT DIAMONDS JACK,0.3146,0.0524,0.633
DIAMONDS KING DIAMONDS SEVEN,0.4112,0.0062,0.5826
HEARTS FOUR CLUBS SIX,0.615,0.1468,0.2382
SPADES FIVE DIAMONDS SIX,0.6184,0.1336,0.248
HEARTS ACE DIAMONDS SEVEN,0.4054,0.0034,0.5912
DIAMONDS KING CLUBS TWO,0.4604,0.0082,0.5314
CLUBS KING DIAMONDS FIVE,0.4546,0.0076,0.5378
CLUBS EIGHT CLUBS TWO,0.407,0.3402,0.2528
CLUBS SIX DIAMONDS FOUR,0.6246,0.1422,0.2332
HEARTS KING DIAMONDS EIGHT,0.3028,0.0354,0.6618
CLUBS FIVE SPADES TWO,0.6382,0.0568,0.305
CLUBS NINE CLUBS QUEEN,0.3572,0.0136,0.6292
HEARTS ACE DIAMONDS FIVE,0.4312,0.0046,0.5642
HEARTS TEN HEARTS NINE,0.3156,0.0264,0.658
DIAMONDS THREE DIAMONDS SEVEN,0.588,0.0552,0.3568
HEARTS FIVE CLUBS FOUR,0.5994,0.0624,0.3382
CLUBS FOUR DIAMONDS TEN,0.4636,0.0264,0.51
CLUBS THREE DIAMONDS SIX,0.642,0.141,0.217
DIAMONDS TWO HEARTS TEN,0.4582,0.03,0.5118
SPADES JACK CLUBS SEVEN,0.4172,0.015,0.5678
HEARTS TWO CLUBS FIVE,0.6314,0.0658,0.3028
CLUBS TEN HEARTS FIVE,0.4568,0.029,0.5142
SPADES QUEEN HEARTS FOUR,0.4528,0.0114,0.5358
SPADES THREE HEARTS NINE,0.454,0.0448,0.5012
DIAMONDS THREE SPADES THREE,0.4418,0.091,0.4672
HEARTS FOUR CLUBS FIVE,0.6004,0.0578,0.3418
HEARTS SEVEN HEARTS NINE,0.3366,0.0396,0.6238
SPADES JACK DIAMONDS KING,0.3966,0.0064,0.597
SPADES FOUR SPADES THREE,0.5668,0.0638,0.3694
CLUBS NINE CLUBS TWO,0.4274,0.0352,0.5374
CLUBS ACE CLUBS QUEEN,0.3694,0.0036,0.627
CLUBS NINE HEARTS THREE,0.4512,0.0384,0.5104
SPADES JACK CLUBS EIGHT,0.3028,0.0588,0.6384
CLUBS NINE HEARTS TWO,0.4472,0.0448,0.508
DIAMONDS QUEEN DIAMONDS JACK,0.3632,0.0092,0.6276
SPADES KING SPADES QUEEN,0.3708,0.0062,0.623
DIAMONDS ACE HEARTS KING,0.394,0.0054,0.6006
DIAMONDS JACK CLUBS TWO,0.4726,0.0164,0.511
HEARTS ACE HEARTS JACK,0.3434,0.0044,0.6522
SPADES KING CLUBS ACE,0.398,0.0048,0.5972
SPADES JACK HEARTS KING,0.3822,0.0064,0.6114
CLUBS FOUR DIAMONDS NINE,0.463,0.0368,0.5002
HEARTS THREE DIAMONDS TEN,0.4552,0.0274,0.5174
DIAMONDS QUEEN DIAMONDS FIVE,0.4334,0.0124,0.5542
CLUBS NINE SPADES EIGHT,0.291,0.1076,0.6014
CLUBS EIGHT HEARTS THREE,0.453,0.3422,0.2048
DIAMONDS THREE SPADES SIX,0.6436,0.1456,0.2108
CLUBS EIGHT CLUBS KING,0.2892,0.0324,0.6784
DIAMONDS JACK SPADES THREE,0.4762,0.0162,0.5076
SPADES ACE CLUBS SEVEN,0.4234,0.0022,0.5744
DIAMONDS TWO SPADES QUEEN,0.4712,0.0118,0.517
DIAMONDS ACE SPADES FOUR,0.4438,0.0056,0.5506
DIAMONDS ACE SPADES TWO,0.4482,0.0068,0.545
SPADES KING DIAMONDS KING,0.207,0.0148,0.7782
CLUBS THREE HEARTS NINE,0.4566,0.0402,0.5032
CLUBS SIX SPADES EIGHT,0.0754,0.9042,0.0204
DIAMONDS NINE DIAMONDS SIX,0.2788,0.0942,0.627
DIAMONDS ACE DIAMONDS QUEEN,0.3764,0.0036,0.62
SPADES SIX DIAMONDS NINE,0.2964,0.0974,0.6062
CLUBS JACK CLUBS NINE,0.363,0.0126,0.6244
SPADES FOUR DIAMONDS SEVEN,0.6072,0.0658,0.327
HEARTS FOUR CLUBS FOUR,0.4208,0.0936,0.4856
SPADES ACE CLUBS FOUR,0.4444,0.0038,0.5518
CLUBS EIGHT HEARTS KING,0.3008,0.0366,0.6626
CLUBS JACK HEARTS QUEEN,0.3824,0.0086,0.609
SPADES EIGHT SPADES TWO,0.4252,0.3226,0.2522
DIAMONDS THREE SPADES EIGHT,0.4532,0.352,0.1948
DIAMONDS JACK HEARTS JACK,0.211,0.0362,0.7528
HEARTS TWO SPADES FOUR,0.6198,0.0642,0.316
DIAMONDS QUEEN CLUBS TWO,0.4614,0.0122,0.5264
SPADES FOUR DIAMONDS EIGHT,0.4606,0.3348,0.2046
CLUBS FOUR DIAMONDS JACK,0.4678,0.0188,0.5134
SPADES JACK DIAMONDS QUEEN,0.3858,0.0096,0.6046
CLUBS SEVEN CLUBS KING,0.3998,0.0072,0.593
DIAMONDS THREE SPADES TEN,0.4772,0.027,0.4958
CLUBS SEVEN DIAMONDS KING,0.4268,0.0058,0.5674
DIAMONDS EIGHT DIAMONDS SEVEN,0.2572,0.263,0.4798
CLUBS TEN SPADES SIX,0.318,0.0652,0.6168
SPADES SIX CLUBS ACE,0.327,0.0226,0.6504
CLUBS SEVEN HEARTS KING,0.4044,0.005,0.5906
CLUBS THREE HEARTS ACE,0.4484,0.005,0.5466
HEARTS TWO CLUBS KING,0.4618,0.0082,0.53
SPADES ACE SPADES TEN,0.3714,0.0038,0.6248
DIAMONDS ACE DIAMONDS EIGHT,0.298,0.0212,0.6808
SPADES SIX HEARTS QUEEN,0.304,0.0444,0.6516
HEARTS SEVEN DIAMONDS KING,0.4274,0.008,0.5646
SPADES TWO HEARTS QUEEN,0.4434,0.0136,0.543
CLUBS NINE DIAMONDS SEVEN,0.4038,0.0424,0.5538
DIAMONDS TWO SPADES SIX,0.634,0.1494,0.2166
CLUBS SIX CLUBS FIVE,0.565,0.142,0.293
SPADES EIGHT SPADES SEVEN,0.2584,0.2668,0.4748
HEARTS FIVE HEARTS QUEEN,0.4078,0.0114,0.5808
HEARTS SEVEN DIAMONDS QUEEN,0.4056,0.0126,0.5818
DIAMONDS KING DIAMONDS TEN,0.3718,0.0074,0.6208
CLUBS TEN CLUBS FOUR,0.4294,0.0222,0.5484
SPADES TEN CLUBS FOUR,0.4546,0.0246,0.5208
HEARTS FIVE SPADES FOUR,0.5956,0.0682,0.3362
CLUBS NINE CLUBS THREE,0.4388,0.043,0.5182
SPADES ACE SPADES QUEEN,0.3778,0.005,0.6172
CLUBS SEVEN CLUBS ACE,0.3994,0.0048,0.5958
SPADES JACK DIAMONDS FIVE,0.4346,0.018,0.5474
DIAMONDS TWO DIAMONDS JACK,0.4432,0.0188,0.538
HEARTS FOUR DIAMONDS QUEEN,0.4518,0.013,0.5352
CLUBS TEN SPADES TEN,0.2106,0.0422,0.7472
CLUBS TEN CLUBS QUEEN,0.37,0.0134,0.6166
CLUBS FIVE SPADES FIVE,0.4064,0.091,0.5026
DIAMONDS KING DIAMONDS EIGHT,0.2912,0.0328,0.676
CLUBS JACK DIAMONDS TWO,0.4606,0.0186,0.5208
CLUBS FOUR CLUBS THREE,0.5862,0.058,0.3558
HEARTS QUEEN CLUBS ACE,0.3742,0.0044,0.6214
DIAMONDS THREE CLUBS TWO,0.6334,0.0602,0.3064
SPADES TEN SPADES EIGHT,0.2856,0.0744,0.64
SPADES QUEEN CLUBS SIX,0.3184,0.0468,0.6348
CLUBS TWO SPADES FOUR,0.631,0.064,0.305
DIAMONDS SIX CLUBS QUEEN,0.323,0.0464,0.6306
HEARTS FIVE DIAMONDS TWO,0.6314,0.0632,0.3054
DIAMONDS THREE DIAMONDS FIVE,0.597,0.054,0.349
CLUBS SIX SPADES THREE,0.6468,0.1402,0.213
DIAMONDS JACK DIAMONDS SEVEN,0.4012,0.0154,0.5834
SPADES JACK SPADES TEN,0.3558,0.0134,0.6308
CLUBS NINE HEARTS NINE,0.1954,0.0598,0.7448
CLUBS EIGHT DIAMONDS QUEEN,0.3162,0.044,0.6398
SPADES KING CLUBS FIVE,0.454,0.0062,0.5398
DIAMONDS KING CLUBS ACE,0.4018,0.0028,0.5954
DIAMONDS ACE DIAMONDS FIVE,0.4204,0.0054,0.5742
CLUBS TEN CLUBS THREE,0.438,0.026,0.536
DIAMONDS THREE DIAMONDS NINE,0.4382,0.043,0.5188
SPADES EIGHT CLUBS QUEEN,0.3222,0.0424,0.6354
CLUBS FIVE DIAMONDS QUEEN,0.446,0.01,0.544
HEARTS TWO DIAMONDS TEN,0.4546,0.0274,0.518
HEARTS FIVE SPADES JACK,0.449,0.0176,0.5334
SPADES NINE CLUBS KING,0.4022,0.0088,0.589
HEARTS FOUR DIAMONDS JACK,0.451,0.0192,0.5298
CLUBS FIVE HEARTS KING,0.4356,0.0076,0.5568
CLUBS FOUR DIAMONDS FOUR,0.4366,0.0822,0.4812
DIAMONDS TWO DIAMONDS FIVE,0.5978,0.0588,0.3434
CLUBS FOUR SPADES FOUR,0.4248,0.0886,0.4866
CLUBS TEN HEARTS KING,0.3798,0.0046,0.6156
DIAMONDS THREE HEARTS NINE,0.4622,0.039,0.4988
HEARTS FIVE DIAMONDS SEVEN,0.5884,0.0664,0.3452
CLUBS JACK HEARTS TWO,0.4566,0.0188,0.5246
DIAMONDS EIGHT HEARTS NINE,0.2608,0.104,0.6352
SPADES ACE HEARTS FOUR,0.4482,0.0052,0.5466
DIAMONDS NINE CLUBS ACE,0.4094,0.004,0.5866
SPADES KING HEARTS NINE,0.389,0.006,0.605
SPADES TEN CLUBS QUEEN,0.3886,0.0092,0.6022
HEARTS SEVEN DIAMONDS SEVEN,0.294,0.077,0.629
CLUBS KING HEARTS TEN,0.3872,0.0098,0.603
SPADES KING SPADES TEN,0.3694,0.0066,0.624
SPADES KING DIAMONDS FOUR,0.4512,0.0074,0.5414
DIAMONDS NINE DIAMONDS FIVE,0.4276,0.0362,0.5362
HEARTS TWO CLUBS SIX,0.6274,0.1476,0.225
CLUBS FOUR DIAMONDS SIX,0.6332,0.1386,0.2282
DIAMONDS TWO DIAMONDS SIX,0.612,0.1368,0.2512
HEARTS TWO CLUBS QUEEN,0.4686,0.011,0.5204
SPADES SIX CLUBS KING,0.3204,0.0262,0.6534
CLUBS SEVEN SPADES FIVE,0.602,0.0624,0.3356
HEARTS FIVE CLUBS SIX,0.6088,0.1414,0.2498
HEARTS ACE HEARTS KING,0.3398,0.0082,0.652
CLUBS TWO HEARTS ACE,0.447,0.0046,0.5484
DIAMONDS TEN DIAMONDS EIGHT,0.2764,0.0756,0.648
CLUBS FOUR SPADES THREE,0.6158,0.0644,0.3198
SPADES EIGHT HEARTS ACE,0.2916,0.0244,0.684
HEARTS KING DIAMONDS SIX,0.3078,0.035,0.6572
SPADES EIGHT CLUBS FOUR,0.4528,0.3534,0.1938
HEARTS FOUR SPADES NINE,0.4466,0.04,0.5134
CLUBS TWO HEARTS KING,0.4452,0.0084,0.5464
CLUBS JACK CLUBS KING,0.3846,0.006,0.6094
DIAMONDS KING DIAMONDS QUEEN,0.3768,0.006,0.6172
CLUBS JACK DIAMONDS JACK,0.2316,0.0418,0.7266
CLUBS SIX SPADES FOUR,0.6282,0.1354,0.2364
HEARTS FOUR DIAMONDS FOUR,0.42,0.0918,0.4882
SPADES EIGHT DIAMONDS KING,0.3222,0.0312,0.6466
SPADES TEN SPADES TWO,0.4414,0.0272,0.5314
DIAMONDS JACK SPADES FOUR,0.4594,0.0196,0.521
SPADES ACE SPADES JACK,0.3662,0.0036,0.6302
SPADES NINE DIAMONDS FOUR,0.4682,0.0398,0.492
CLUBS JACK HEARTS KING,0.3876,0.0082,0.6042
CLUBS TEN DIAMONDS QUEEN,0.3804,0.0098,0.6098
SPADES TEN DIAMONDS JACK,0.383,0.0122,0.6048
SPADES EIGHT CLUBS TWO,0.451,0.3478,0.2012
HEARTS TWO HEARTS QUEEN,0.4256,0.0162,0.5582
SPADES TEN DIAMONDS KING,0.4036,0.0066,0.5898
CLUBS NINE SPADES FIVE,0.426,0.0382,0.5358
CLUBS JACK DIAMONDS SEVEN,0.4316,0.0154,0.553
DIAMONDS THREE CLUBS SEVEN,0.6254,0.0606,0.314
SPADES TWO DIAMONDS SEVEN,0.6318,0.0662,0.302
CLUBS FIVE DIAMONDS SEVEN,0.6008,0.056,0.3432
CLUBS FOUR HEARTS NINE,0.4428,0.0394,0.5178
CLUBS THREE DIAMONDS FIVE,0.6184,0.069,0.3126
CLUBS NINE SPADES JACK,0.3992,0.0146,0.5862
DIAMONDS TEN DIAMONDS SIX,0.3016,0.0714,0.627
HEARTS KING CLUBS QUEEN,0.3832,0.0082,0.6086
SPADES KING SPADES TWO,0.433,0.0074,0.5596
HEARTS THREE SPADES SEVEN,0.6122,0.0664,0.3214
HEARTS FIVE HEARTS ACE,0.399,0.0056,0.5954
DIAMONDS QUEEN SPADES SIX,0.3224,0.044,0.6336
CLUBS NINE CLUBS FIVE,0.4078,0.0426,0.5496
DIAMONDS QUEEN DIAMONDS TEN,0.3628,0.0112,0.626
CLUBS SIX CLUBS THREE,0.6092,0.1272,0.2636
CLUBS SEVEN DIAMONDS FIVE,0.6032,0.056,0.3408
SPADES EIGHT DIAMONDS EIGHT,0.1702,0.0868,0.743
SPADES KING CLUBS QUEEN,0.4062,0.0036,0.5902
SPADES QUEEN CLUBS KING,0.3986,0.0062,0.5952
DIAMONDS KING SPADES THREE,0.4628,0.0074,0.5298
HEARTS THREE HEARTS KING,0.4098,0.0092,0.581
SPADES FIVE DIAMONDS EIGHT,0.4244,0.3624,0.2132
DIAMONDS QUEEN HEARTS ACE,0.3848,0.0046,0.6106
DIAMONDS SEVEN DIAMONDS FIVE,0.5578,0.0624,0.3798
SPADES QUEEN DIAMONDS SEVEN,0.4256,0.0104,0.564
SPADES JACK HEARTS ACE,0.382,0.0052,0.6128
SPADES JACK SPADES FOUR,0.4366,0.0154,0.548
SPADES QUEEN SPADES EIGHT,0.312,0.0406,0.6474
CLUBS TWO DIAMONDS SIX,0.6414,0.1462,0.2124
DIAMONDS ACE CLUBS FIVE,0.4522,0.0038,0.544
