opposingHand,winningChance,drawChance,lostChance
HEARTS THREE CLUBS THREE
HEARTS FIVE SPADES TEN,0.5418,0.0648,0.3934
HEARTS FIVE SPADES JACK,0.5314,0.0498,0.4188
CLUBS JACK SPADES FIVE,0.5382,0.0472,0.4146
CLUBS TEN SPADES FIVE,0.537,0.062,0.401
CLUBS JACK CLUBS EIGHT,0.481,0.0316,0.4874
CLUBS TEN CLUBS EIGHT,0.4778,0.0504,0.4718
CLUBS EIGHT CLUBS KING,0.4892,0.0122,0.4986
SPADES FIVE CLUBS ACE,0.5176,0.0082,0.4742
CLUBS EIGHT CLUBS QUEEN,0.498,0.0212,0.4808
SPADES FIVE CLUBS KING,0.531,0.0176,0.4514
SPADES FIVE CLUBS QUEEN,0.542,0.0302,0.4278
CLUBS EIGHT CLUBS ACE,0.49,0.007,0.503
DIAMONDS TWO DIAMONDS THREE,0.7316,0.1306,0.1378
DIAMONDS TWO DIAMONDS FIVE,0.5772,0.1548,0.268
HEARTS FIVE SPADES KING,0.5376,0.0172,0.4452
DIAMONDS TWO DIAMONDS FOUR,0.5824,0.1596,0.258
HEARTS FIVE SPADES QUEEN,0.5294,0.0322,0.4384
DIAMONDS TWO DIAMONDS SEVEN,0.611,0.1196,0.2694
DIAMONDS TWO DIAMONDS SIX,0.5902,0.1354,0.2744
SPADES ACE HEARTS FIVE,0.5278,0.006,0.4662
DIAMONDS TWO DIAMONDS NINE,0.5926,0.0844,0.323
DIAMONDS TWO DIAMONDS EIGHT,0.582,0.1068,0.3112
DIAMONDS THREE DIAMONDS FOUR,0.5832,0.1254,0.2914
CLUBS TWO SPADES FOUR,0.6324,0.162,0.2056
DIAMONDS THREE DIAMONDS FIVE,0.5844,0.1116,0.304
SPADES FIVE CLUBS TWO,0.6162,0.1634,0.2204
CLUBS TWO SPADES TWO,0.4814,0.34,0.1786
CLUBS TWO SPADES THREE,0.7954,0.1362,0.0684
DIAMONDS THREE DIAMONDS EIGHT,0.6202,0.0696,0.3102
SPADES EIGHT CLUBS TWO,0.6262,0.1186,0.2552
DIAMONDS THREE DIAMONDS NINE,0.63,0.058,0.312
SPADES NINE CLUBS TWO,0.6196,0.0936,0.2868
DIAMONDS THREE DIAMONDS SIX,0.601,0.0972,0.3018
SPADES SIX CLUBS TWO,0.6386,0.1368,0.2246
DIAMONDS THREE DIAMONDS SEVEN,0.6024,0.0904,0.3072
SPADES SEVEN CLUBS TWO,0.6274,0.1276,0.245
CLUBS SIX CLUBS TWO,0.5782,0.1536,0.2682
CLUBS SEVEN CLUBS TWO,0.6006,0.1208,0.2786
CLUBS FOUR CLUBS TWO,0.585,0.1652,0.2498
CLUBS FIVE CLUBS TWO,0.5926,0.1568,0.2506
CLUBS TEN CLUBS JACK,0.4732,0.03,0.4968
DIAMONDS FOUR DIAMONDS SIX,0.486,0.13,0.384
CLUBS TEN CLUBS QUEEN,0.4712,0.0162,0.5126
DIAMONDS FOUR DIAMONDS SEVEN,0.4934,0.1198,0.3868
CLUBS TEN CLUBS KING,0.4892,0.0092,0.5016
CLUBS TEN CLUBS ACE,0.4942,0.0068,0.499
CLUBS EIGHT CLUBS TWO,0.5908,0.1078,0.3014
DIAMONDS FIVE DIAMONDS FOUR,0.479,0.143,0.378
CLUBS NINE CLUBS TWO,0.5898,0.093,0.3172
DIAMONDS NINE DIAMONDS FOUR,0.5276,0.0842,0.3882
DIAMONDS EIGHT DIAMONDS FOUR,0.4922,0.104,0.4038
DIAMONDS NINE DIAMONDS FIVE,0.5004,0.0788,0.4208
CLUBS JACK DIAMONDS TWO,0.6294,0.0496,0.321
DIAMONDS EIGHT DIAMONDS FIVE,0.4718,0.0974,0.4308
CLUBS TEN DIAMONDS TWO,0.6214,0.0698,0.3088
DIAMONDS FIVE DIAMONDS SEVEN,0.4864,0.113,0.4006
DIAMONDS FIVE DIAMONDS SIX,0.4754,0.1236,0.401
DIAMONDS TWO CLUBS ACE,0.6192,0.0054,0.3754
DIAMONDS TWO CLUBS KING,0.6368,0.0198,0.3434
DIAMONDS TWO CLUBS QUEEN,0.6366,0.0358,0.3276
DIAMONDS EIGHT DIAMONDS SIX,0.466,0.0952,0.4388
DIAMONDS NINE DIAMONDS SIX,0.4976,0.072,0.4304
HEARTS ACE SPADES THREE,0.651,0.0176,0.3314
SPADES THREE HEARTS KING,0.6558,0.0242,0.32
DIAMONDS SEVEN DIAMONDS SIX,0.4752,0.104,0.4208
HEARTS QUEEN SPADES THREE,0.674,0.0282,0.2978
SPADES THREE HEARTS JACK,0.6656,0.039,0.2954
SPADES THREE HEARTS TEN,0.6482,0.0548,0.297
DIAMONDS EIGHT DIAMONDS SEVEN,0.4748,0.0808,0.4444
DIAMONDS NINE DIAMONDS SEVEN,0.4776,0.0704,0.452
DIAMONDS NINE DIAMONDS EIGHT,0.4626,0.0602,0.4772
DIAMONDS KING HEARTS TEN,0.5132,0.0122,0.4746
SPADES JACK CLUBS SIX,0.5306,0.0426,0.4268
DIAMONDS KING HEARTS JACK,0.4994,0.0084,0.4922
SPADES TEN CLUBS SIX,0.5364,0.0556,0.408
SPADES JACK SPADES FIVE,0.5124,0.046,0.4416
SPADES TEN SPADES FIVE,0.5108,0.06,0.4292
DIAMONDS KING HEARTS ACE,0.5168,0.0054,0.4778
SPADES ACE CLUBS SIX,0.522,0.005,0.473
DIAMONDS KING HEARTS QUEEN,0.513,0.0084,0.4786
SPADES KING CLUBS SIX,0.5312,0.0174,0.4514
DIAMONDS KING HEARTS KING,0.188,0.0344,0.7776
SPADES QUEEN CLUBS SIX,0.538,0.028,0.434
SPADES NINE HEARTS TEN,0.4874,0.0404,0.4722
SPADES NINE HEARTS JACK,0.497,0.0334,0.4696
SPADES QUEEN SPADES FIVE,0.5052,0.0324,0.4624
SPADES KING SPADES FIVE,0.5118,0.0174,0.4708
SPADES ACE SPADES FIVE,0.497,0.0064,0.4966
SPADES NINE HEARTS QUEEN,0.5108,0.0194,0.4698
SPADES NINE HEARTS KING,0.5334,0.0104,0.4562
SPADES NINE HEARTS ACE,0.5318,0.0048,0.4634
CLUBS TEN SPADES JACK,0.5002,0.0316,0.4682
CLUBS TEN SPADES TEN,0.1868,0.1334,0.6798
SPADES ACE CLUBS TEN,0.5082,0.0034,0.4884
CLUBS TEN SPADES KING,0.5074,0.0116,0.481
CLUBS TEN SPADES QUEEN,0.4984,0.016,0.4856
SPADES FIVE HEARTS QUEEN,0.5272,0.0374,0.4354
SPADES FIVE HEARTS KING,0.5442,0.0184,0.4374
HEARTS ACE SPADES FIVE,0.529,0.003,0.468
CLUBS EIGHT SPADES TEN,0.4904,0.0524,0.4572
SPADES JACK DIAMONDS KING,0.5198,0.007,0.4732
SPADES TEN DIAMONDS KING,0.5218,0.0116,0.4666
CLUBS EIGHT SPADES JACK,0.5074,0.0404,0.4522
CLUBS SIX HEARTS ACE,0.5334,0.0058,0.4608
SPADES ACE CLUBS EIGHT,0.5232,0.0062,0.4706
HEARTS FIVE CLUBS JACK,0.5238,0.0512,0.425
CLUBS TEN HEARTS FIVE,0.5298,0.0628,0.4074
CLUBS SIX HEARTS QUEEN,0.5312,0.0274,0.4414
SPADES QUEEN CLUBS EIGHT,0.5146,0.024,0.4614
CLUBS TEN SPADES THREE,0.6582,0.0526,0.2892
CLUBS SIX HEARTS KING,0.5188,0.0156,0.4656
SPADES KING CLUBS EIGHT,0.525,0.0122,0.4628
CLUBS JACK SPADES THREE,0.6584,0.0406,0.301
DIAMONDS TWO HEARTS JACK,0.6268,0.059,0.3142
SPADES THREE CLUBS QUEEN,0.6684,0.0304,0.3012
DIAMONDS TWO HEARTS TEN,0.6284,0.0698,0.3018
SPADES THREE CLUBS KING,0.665,0.0242,0.3108
HEARTS FIVE CLUBS ACE,0.5304,0.0054,0.4642
SPADES FIVE HEARTS TEN,0.5466,0.064,0.3894
SPADES THREE CLUBS ACE,0.6374,0.0204,0.3422
HEARTS FIVE CLUBS KING,0.5332,0.0178,0.449
SPADES FIVE HEARTS JACK,0.5382,0.0436,0.4182
HEARTS FIVE CLUBS QUEEN,0.537,0.0334,0.4296
DIAMONDS KING CLUBS KING,0.1822,0.0344,0.7834
DIAMONDS KING CLUBS QUEEN,0.5146,0.0082,0.4772
HEARTS FIVE HEARTS JACK,0.5074,0.0468,0.4458
HEARTS FIVE HEARTS TEN,0.5206,0.0668,0.4126
DIAMONDS KING CLUBS ACE,0.5266,0.0036,0.4698
SPADES ACE CLUBS QUEEN,0.5162,0.0052,0.4786
SPADES KING CLUBS QUEEN,0.5108,0.0076,0.4816
CLUBS JACK DIAMONDS KING,0.5208,0.0078,0.4714
SPADES QUEEN CLUBS QUEEN,0.1886,0.065,0.7464
CLUBS TEN DIAMONDS KING,0.5018,0.0068,0.4914
SPADES JACK CLUBS QUEEN,0.4954,0.0172,0.4874
CLUBS SIX CLUBS QUEEN,0.507,0.0262,0.4668
SPADES TEN CLUBS QUEEN,0.4926,0.0198,0.4876
CLUBS SIX CLUBS KING,0.5192,0.0142,0.4666
CLUBS SIX CLUBS ACE,0.5052,0.0066,0.4882
HEARTS FIVE HEARTS KING,0.519,0.0164,0.4646
HEARTS FIVE HEARTS QUEEN,0.5168,0.0318,0.4514
CLUBS TEN CLUBS SIX,0.4986,0.0594,0.442
HEARTS FIVE HEARTS ACE,0.4902,0.0044,0.5054
CLUBS JACK CLUBS SIX,0.508,0.0466,0.4454
SPADES SEVEN HEARTS JACK,0.5248,0.047,0.4282
SPADES SEVEN HEARTS TEN,0.512,0.0516,0.4364
DIAMONDS TWO CLUBS TWO,0.4916,0.3438,0.1646
DIAMONDS TWO HEARTS SIX,0.6284,0.1468,0.2248
DIAMONDS TWO HEARTS QUEEN,0.6394,0.0378,0.3228
HEARTS SEVEN DIAMONDS TWO,0.6274,0.1242,0.2484
DIAMONDS TWO HEARTS KING,0.6374,0.0202,0.3424
DIAMONDS TWO HEARTS EIGHT,0.6158,0.108,0.2762
DIAMONDS TWO HEARTS ACE,0.6342,0.0068,0.359
DIAMONDS TWO HEARTS NINE,0.623,0.0908,0.2862
DIAMONDS TWO DIAMONDS QUEEN,0.5926,0.038,0.3694
DIAMONDS TWO HEARTS TWO,0.4788,0.353,0.1682
DIAMONDS TWO DIAMONDS KING,0.584,0.0202,0.3958
DIAMONDS TWO DIAMONDS ACE,0.586,0.007,0.407
HEARTS FOUR DIAMONDS TWO,0.6246,0.1604,0.215
HEARTS FIVE DIAMONDS TWO,0.6102,0.1666,0.2232
SPADES SEVEN HEARTS ACE,0.5272,0.0064,0.4664
DIAMONDS TWO DIAMONDS TEN,0.593,0.0746,0.3324
SPADES SEVEN HEARTS KING,0.5178,0.0126,0.4696
DIAMONDS TWO DIAMONDS JACK,0.603,0.0502,0.3468
SPADES SEVEN HEARTS QUEEN,0.5344,0.0292,0.4364
DIAMONDS TWO SPADES NINE,0.631,0.088,0.281
DIAMONDS TWO SPADES EIGHT,0.6148,0.1082,0.277
DIAMONDS TWO SPADES SEVEN,0.633,0.1264,0.2406
DIAMONDS TWO SPADES SIX,0.6272,0.1424,0.2304
DIAMONDS TWO SPADES FIVE,0.618,0.1584,0.2236
DIAMONDS TWO SPADES FOUR,0.6202,0.1678,0.212
DIAMONDS TWO SPADES THREE,0.7722,0.1414,0.0864
DIAMONDS TWO SPADES TWO,0.48,0.3386,0.1814
DIAMONDS TWO CLUBS NINE,0.6358,0.0958,0.2684
CLUBS EIGHT DIAMONDS TWO,0.6178,0.1132,0.269
DIAMONDS TWO CLUBS SEVEN,0.6266,0.1384,0.235
DIAMONDS TWO CLUBS SIX,0.635,0.1406,0.2244
DIAMONDS TWO CLUBS FIVE,0.6028,0.165,0.2322
DIAMONDS TWO CLUBS FOUR,0.615,0.1682,0.2168
CLUBS FOUR SPADES FIVE,0.511,0.1494,0.3396
CLUBS FOUR SPADES FOUR,0.1864,0.295,0.5186
CLUBS FOUR SPADES THREE,0.6216,0.1248,0.2536
CLUBS FOUR SPADES TWO,0.6274,0.171,0.2016
SPADES NINE CLUBS FOUR,0.5448,0.0848,0.3704
SPADES EIGHT CLUBS FOUR,0.517,0.1076,0.3754
CLUBS FOUR SPADES SEVEN,0.5154,0.127,0.3576
CLUBS FOUR SPADES SIX,0.5024,0.1396,0.358
SPADES ACE DIAMONDS SIX,0.5394,0.0064,0.4542
SPADES QUEEN DIAMONDS SIX,0.538,0.0298,0.4322
SPADES KING DIAMONDS SIX,0.5368,0.0144,0.4488
SPADES TEN DIAMONDS SIX,0.5416,0.0576,0.4008
SPADES JACK DIAMONDS SIX,0.5404,0.0454,0.4142
SPADES QUEEN SPADES TWO,0.5864,0.0392,0.3744
SPADES KING SPADES TWO,0.6042,0.0192,0.3766
SPADES ACE SPADES TWO,0.5784,0.0058,0.4158
CLUBS JACK DIAMONDS JACK,0.184,0.0874,0.7286
CLUBS TEN DIAMONDS JACK,0.4942,0.0296,0.4762
DIAMONDS JACK CLUBS KING,0.5104,0.0118,0.4778
DIAMONDS JACK CLUBS QUEEN,0.4956,0.0198,0.4846
DIAMONDS THREE DIAMONDS JACK,0.6236,0.0376,0.3388
DIAMONDS THREE DIAMONDS TEN,0.6346,0.0462,0.3192
DIAMONDS JACK CLUBS ACE,0.5192,0.0052,0.4756
DIAMONDS THREE DIAMONDS KING,0.628,0.0194,0.3526
DIAMONDS THREE DIAMONDS QUEEN,0.6172,0.0254,0.3574
DIAMONDS THREE HEARTS TWO,0.7742,0.1524,0.0734
HEARTS FIVE DIAMONDS THREE,0.6076,0.1228,0.2696
DIAMONDS THREE DIAMONDS ACE,0.6204,0.0174,0.3622
HEARTS FOUR DIAMONDS THREE,0.62,0.133,0.247
HEARTS SEVEN DIAMONDS THREE,0.6432,0.0878,0.269
SPADES TEN SPADES NINE,0.464,0.041,0.495
HEARTS SIX DIAMONDS THREE,0.6404,0.0978,0.2618
SPADES JACK SPADES NINE,0.4826,0.0324,0.485
DIAMONDS THREE HEARTS NINE,0.6578,0.0678,0.2744
HEARTS JACK DIAMONDS FOUR,0.5436,0.054,0.4024
HEARTS ACE HEARTS KING,0.4948,0.007,0.4982
SPADES TEN SPADES TWO,0.5852,0.069,0.3458
DIAMONDS THREE HEARTS EIGHT,0.6638,0.0724,0.2638
HEARTS TEN DIAMONDS FOUR,0.5338,0.0654,0.4008
SPADES JACK SPADES TWO,0.6104,0.0528,0.3368
HEARTS QUEEN DIAMONDS FOUR,0.5358,0.0366,0.4276
HEARTS KING DIAMONDS FOUR,0.5346,0.0176,0.4478
SPADES ACE SPADES NINE,0.5078,0.006,0.4862
HEARTS ACE DIAMONDS FOUR,0.5354,0.0058,0.4588
SPADES KING SPADES NINE,0.485,0.0126,0.5024
SPADES QUEEN SPADES NINE,0.4846,0.0234,0.492
DIAMONDS THREE SPADES NINE,0.6642,0.062,0.2738
DIAMONDS THREE SPADES EIGHT,0.6694,0.0708,0.2598
DIAMONDS THREE SPADES SEVEN,0.6484,0.0852,0.2664
DIAMONDS THREE SPADES SIX,0.636,0.107,0.257
DIAMONDS THREE CLUBS SIX,0.6386,0.1024,0.259
CLUBS SIX CLUBS FIVE,0.481,0.1192,0.3998
CLUBS ACE DIAMONDS FOUR,0.523,0.0058,0.4712
DIAMONDS THREE CLUBS SEVEN,0.6424,0.0886,0.269
CLUBS SEVEN CLUBS FIVE,0.4774,0.1204,0.4022
DIAMONDS THREE CLUBS FOUR,0.6176,0.1332,0.2492
DIAMONDS FOUR CLUBS QUEEN,0.5452,0.0392,0.4156
DIAMONDS THREE CLUBS FIVE,0.6156,0.1222,0.2622
DIAMONDS FOUR CLUBS KING,0.56,0.0178,0.4222
DIAMONDS THREE CLUBS TWO,0.7812,0.1456,0.0732
CLUBS TEN DIAMONDS FOUR,0.5392,0.066,0.3948
CLUBS JACK DIAMONDS FOUR,0.536,0.0436,0.4204
DIAMONDS THREE SPADES FOUR,0.6256,0.123,0.2514
DIAMONDS THREE SPADES FIVE,0.6126,0.1228,0.2646
DIAMONDS THREE SPADES TWO,0.7666,0.1526,0.0808
DIAMONDS THREE SPADES THREE,0.0186,0.9616,0.0198
CLUBS EIGHT DIAMONDS THREE,0.6614,0.078,0.2606
CLUBS NINE DIAMONDS THREE,0.6562,0.0634,0.2804
SPADES SEVEN CLUBS ACE,0.5076,0.0062,0.4862
SPADES SEVEN CLUBS QUEEN,0.5374,0.0246,0.438
SPADES SEVEN CLUBS KING,0.5168,0.013,0.4702
SPADES SEVEN CLUBS FIVE,0.5034,0.1136,0.383
CLUBS TEN SPADES SEVEN,0.51,0.051,0.439
CLUBS FIVE SPADES SIX,0.4996,0.1318,0.3686
CLUBS JACK SPADES SEVEN,0.5314,0.0404,0.4282
SPADES NINE CLUBS FIVE,0.5214,0.0838,0.3948
SPADES EIGHT CLUBS FIVE,0.5142,0.0964,0.3894
CLUBS FIVE SPADES THREE,0.613,0.12,0.267
CLUBS FIVE SPADES TWO,0.6014,0.163,0.2356
CLUBS FIVE SPADES FIVE,0.1734,0.276,0.5506
CLUBS FIVE SPADES FOUR,0.4964,0.1482,0.3554
CLUBS NINE CLUBS FIVE,0.4958,0.0818,0.4224
CLUBS EIGHT CLUBS FIVE,0.4876,0.0898,0.4226
CLUBS ACE CLUBS QUEEN,0.4986,0.0056,0.4958
CLUBS KING CLUBS QUEEN,0.4988,0.0078,0.4934
DIAMONDS TEN DIAMONDS FOUR,0.5076,0.0662,0.4262
CLUBS TEN DIAMONDS NINE,0.485,0.0478,0.4672
DIAMONDS JACK DIAMONDS FOUR,0.5176,0.0532,0.4292
CLUBS JACK DIAMONDS NINE,0.5084,0.0348,0.4568
CLUBS JACK SPADES NINE,0.4954,0.0346,0.47
CLUBS TEN SPADES NINE,0.4804,0.042,0.4776
DIAMONDS ACE DIAMONDS FOUR,0.494,0.0066,0.4994
HEARTS FOUR DIAMONDS FOUR,0.1734,0.308,0.5186
DIAMONDS JACK HEARTS TEN,0.4886,0.0278,0.4836
SPADES NINE CLUBS KING,0.5286,0.013,0.4584
DIAMONDS TWO SPADES TEN,0.6254,0.0714,0.3032
DIAMONDS NINE CLUBS ACE,0.5452,0.0062,0.4486
HEARTS FIVE DIAMONDS FOUR,0.503,0.1574,0.3396
DIAMONDS JACK HEARTS JACK,0.195,0.0838,0.7212
SPADES NINE CLUBS QUEEN,0.5156,0.0222,0.4622
DIAMONDS TWO SPADES JACK,0.638,0.0516,0.3104
DIAMONDS QUEEN DIAMONDS FOUR,0.5044,0.0338,0.4618
HEARTS TWO DIAMONDS FOUR,0.6206,0.1748,0.2046
DIAMONDS NINE CLUBS QUEEN,0.516,0.0222,0.4618
DIAMONDS KING DIAMONDS FOUR,0.5118,0.0164,0.4718
SPADES NINE CLUBS ACE,0.5234,0.0034,0.4732
DIAMONDS NINE CLUBS KING,0.5298,0.011,0.4592
HEARTS ACE DIAMONDS JACK,0.5146,0.0076,0.4778
SPADES ACE DIAMONDS TWO,0.6188,0.006,0.3752
HEARTS QUEEN DIAMONDS JACK,0.5098,0.0132,0.477
SPADES QUEEN DIAMONDS TWO,0.6334,0.0344,0.3322
DIAMONDS JACK HEARTS KING,0.5304,0.0084,0.4612
SPADES KING DIAMONDS TWO,0.6274,0.021,0.3516
SPADES JACK SPADES SEVEN,0.4962,0.0412,0.4626
SPADES TEN SPADES SEVEN,0.495,0.05,0.455
SPADES TWO DIAMONDS FOUR,0.6162,0.166,0.2178
SPADES THREE DIAMONDS FOUR,0.6188,0.1324,0.2488
SPADES FOUR DIAMONDS FOUR,0.1886,0.3024,0.509
SPADES FIVE DIAMONDS FOUR,0.501,0.1554,0.3436
SPADES SIX DIAMONDS FOUR,0.5226,0.1316,0.3458
SPADES SEVEN DIAMONDS FOUR,0.5092,0.125,0.3658
SPADES EIGHT DIAMONDS FOUR,0.513,0.1088,0.3782
SPADES NINE DIAMONDS FOUR,0.5472,0.0844,0.3684
CLUBS FIVE DIAMONDS FOUR,0.5088,0.1406,0.3506
CLUBS FOUR DIAMONDS FOUR,0.1876,0.3082,0.5042
CLUBS SEVEN DIAMONDS FOUR,0.5042,0.1226,0.3732
CLUBS SIX DIAMONDS FOUR,0.5018,0.1404,0.3578
CLUBS NINE DIAMONDS FOUR,0.5486,0.0834,0.368
CLUBS EIGHT DIAMONDS FOUR,0.5304,0.0954,0.3742
HEARTS SEVEN DIAMONDS FOUR,0.5146,0.1214,0.364
HEARTS SIX DIAMONDS FOUR,0.516,0.1372,0.3468
DIAMONDS FOUR HEARTS NINE,0.5472,0.0898,0.363
DIAMONDS FOUR HEARTS EIGHT,0.5306,0.1072,0.3622
CLUBS TWO DIAMONDS FOUR,0.6234,0.1604,0.2162
DIAMONDS TEN DIAMONDS FIVE,0.4886,0.0678,0.4436
DIAMONDS JACK DIAMONDS FIVE,0.511,0.0424,0.4466
DIAMONDS NINE HEARTS QUEEN,0.5136,0.0194,0.467
DIAMONDS NINE HEARTS KING,0.5158,0.0134,0.4708
HEARTS ACE DIAMONDS NINE,0.5204,0.0028,0.4768
DIAMONDS NINE HEARTS TEN,0.4944,0.0416,0.464
DIAMONDS NINE HEARTS JACK,0.5078,0.0314,0.4608
CLUBS KING DIAMONDS SIX,0.529,0.0164,0.4546
CLUBS QUEEN DIAMONDS SIX,0.5248,0.0298,0.4454
CLUBS ACE DIAMONDS SIX,0.5324,0.0074,0.4602
SPADES KING DIAMONDS FOUR,0.5384,0.0196,0.442
SPADES ACE SPADES SEVEN,0.4982,0.0064,0.4954
SPADES QUEEN DIAMONDS FOUR,0.5408,0.0334,0.4258
SPADES QUEEN SPADES SEVEN,0.497,0.0288,0.4742
CLUBS JACK DIAMONDS SIX,0.5336,0.042,0.4244
SPADES KING SPADES SEVEN,0.5062,0.011,0.4828
SPADES ACE DIAMONDS FOUR,0.526,0.0056,0.4684
CLUBS TEN DIAMONDS SIX,0.5256,0.0586,0.4158
CLUBS NINE CLUBS FOUR,0.505,0.0876,0.4074
CLUBS EIGHT CLUBS FOUR,0.5068,0.097,0.3962
SPADES JACK DIAMONDS FOUR,0.544,0.0526,0.4034
SPADES TEN DIAMONDS FOUR,0.5406,0.0644,0.395
CLUBS FOUR CLUBS FIVE,0.4888,0.1434,0.3678
CLUBS SEVEN CLUBS FOUR,0.5022,0.1124,0.3854
CLUBS SIX CLUBS FOUR,0.4834,0.1298,0.3868
CLUBS SEVEN SPADES EIGHT,0.4948,0.0828,0.4224
SPADES NINE CLUBS SEVEN,0.5094,0.0728,0.4178
CLUBS SEVEN SPADES SIX,0.508,0.1032,0.3888
CLUBS SEVEN SPADES SEVEN,0.1732,0.212,0.6148
CLUBS SEVEN SPADES FIVE,0.514,0.1084,0.3776
CLUBS SEVEN SPADES FOUR,0.5282,0.1162,0.3556
CLUBS SEVEN SPADES THREE,0.636,0.0882,0.2758
CLUBS SEVEN SPADES TWO,0.626,0.124,0.25
CLUBS NINE CLUBS SEVEN,0.4746,0.0688,0.4566
CLUBS EIGHT CLUBS SEVEN,0.4846,0.0832,0.4322
HEARTS SIX DIAMONDS FIVE,0.4978,0.1312,0.371
HEARTS SEVEN DIAMONDS FIVE,0.5216,0.1122,0.3662
DIAMONDS FIVE HEARTS EIGHT,0.5082,0.1024,0.3894
DIAMONDS FIVE HEARTS NINE,0.5392,0.0812,0.3796
DIAMONDS QUEEN DIAMONDS FIVE,0.4966,0.0322,0.4712
HEARTS TWO DIAMONDS FIVE,0.615,0.1598,0.2252
HEARTS KING HEARTS EIGHT,0.5224,0.013,0.4646
DIAMONDS KING DIAMONDS FIVE,0.5062,0.018,0.4758
HEARTS QUEEN HEARTS EIGHT,0.483,0.0238,0.4932
DIAMONDS ACE DIAMONDS FIVE,0.5,0.0048,0.4952
HEARTS FOUR DIAMONDS FIVE,0.5022,0.1528,0.345
HEARTS FIVE DIAMONDS FIVE,0.1718,0.2764,0.5518
HEARTS ACE HEARTS EIGHT,0.5052,0.0058,0.489
CLUBS FOUR DIAMONDS FIVE,0.497,0.1596,0.3434
CLUBS FIVE DIAMONDS FIVE,0.1718,0.2814,0.5468
CLUBS SIX DIAMONDS FIVE,0.5044,0.1298,0.3658
CLUBS SEVEN DIAMONDS FIVE,0.5098,0.1176,0.3726
CLUBS TWO DIAMONDS FIVE,0.629,0.1462,0.2248
SPADES THREE DIAMONDS FIVE,0.6134,0.1242,0.2624
SPADES TWO DIAMONDS FIVE,0.6164,0.1548,0.2288
SPADES JACK DIAMONDS EIGHT,0.505,0.037,0.458
SPADES FIVE DIAMONDS FIVE,0.189,0.2718,0.5392
CLUBS TEN HEARTS JACK,0.4796,0.03,0.4904
SPADES TEN DIAMONDS EIGHT,0.5034,0.0444,0.4522
SPADES FOUR DIAMONDS FIVE,0.5146,0.1418,0.3436
CLUBS JACK HEARTS JACK,0.1678,0.0954,0.7368
HEARTS JACK CLUBS QUEEN,0.4986,0.0158,0.4856
CLUBS NINE DIAMONDS FIVE,0.5292,0.0856,0.3852
CLUBS EIGHT DIAMONDS FIVE,0.5078,0.1066,0.3856
HEARTS JACK CLUBS KING,0.5014,0.011,0.4876
CLUBS ACE HEARTS JACK,0.506,0.0058,0.4882
SPADES SEVEN DIAMONDS FIVE,0.4982,0.1238,0.378
SPADES KING DIAMONDS EIGHT,0.5462,0.0128,0.441
SPADES QUEEN DIAMONDS EIGHT,0.5226,0.0228,0.4546
SPADES SIX DIAMONDS FIVE,0.5086,0.128,0.3634
SPADES NINE DIAMONDS FIVE,0.5296,0.086,0.3844
SPADES EIGHT DIAMONDS FIVE,0.515,0.0914,0.3936
SPADES ACE DIAMONDS EIGHT,0.5132,0.0064,0.4804
DIAMONDS TEN DIAMONDS SIX,0.5048,0.0616,0.4336
HEARTS ACE DIAMONDS SEVEN,0.5334,0.0044,0.4622
DIAMONDS JACK DIAMONDS SIX,0.5012,0.0476,0.4512
HEARTS QUEEN DIAMONDS SEVEN,0.5382,0.0246,0.4372
HEARTS KING DIAMONDS SEVEN,0.5262,0.014,0.4598
DIAMONDS ACE DIAMONDS SIX,0.4952,0.0054,0.4994
HEARTS FOUR DIAMONDS SIX,0.5082,0.1388,0.353
SPADES TWO HEARTS JACK,0.6296,0.0568,0.3136
HEARTS FIVE DIAMONDS SIX,0.505,0.124,0.371
SPADES TWO HEARTS TEN,0.6244,0.0732,0.3024
DIAMONDS QUEEN DIAMONDS SIX,0.5126,0.0304,0.457
HEARTS TWO DIAMONDS SIX,0.616,0.1504,0.2336
DIAMONDS KING DIAMONDS SIX,0.5126,0.012,0.4754
HEARTS EIGHT DIAMONDS SIX,0.5054,0.0922,0.4024
HEARTS NINE DIAMONDS SIX,0.5098,0.077,0.4132
HEARTS SIX DIAMONDS SIX,0.1822,0.2378,0.58
HEARTS SEVEN DIAMONDS SIX,0.4882,0.1128,0.399
HEARTS TEN DIAMONDS SEVEN,0.5192,0.0508,0.43
CLUBS TWO DIAMONDS SIX,0.6212,0.1484,0.2304
HEARTS JACK DIAMONDS SEVEN,0.5286,0.0404,0.431
CLUBS SEVEN DIAMONDS SIX,0.505,0.1094,0.3856
CLUBS JACK DIAMONDS EIGHT,0.5194,0.0326,0.448
CLUBS SIX DIAMONDS SIX,0.1802,0.231,0.5888
CLUBS TEN DIAMONDS EIGHT,0.5234,0.0428,0.4338
CLUBS FIVE DIAMONDS SIX,0.5008,0.1304,0.3688
CLUBS FOUR DIAMONDS SIX,0.5178,0.1372,0.345
HEARTS ACE HEARTS JACK,0.4866,0.0078,0.5056
DIAMONDS EIGHT CLUBS ACE,0.5228,0.006,0.4712
HEARTS QUEEN HEARTS JACK,0.4886,0.0166,0.4948
DIAMONDS EIGHT CLUBS KING,0.5326,0.0126,0.4548
CLUBS NINE DIAMONDS SIX,0.5224,0.0792,0.3984
HEARTS KING HEARTS JACK,0.4884,0.0102,0.5014
CLUBS EIGHT DIAMONDS SIX,0.497,0.0824,0.4206
DIAMONDS EIGHT CLUBS QUEEN,0.519,0.0218,0.4592
SPADES TEN HEARTS KING,0.4968,0.0128,0.4904
SPADES FIVE DIAMONDS SIX,0.515,0.1264,0.3586
HEARTS ACE SPADES TWO,0.6228,0.0048,0.3724
SPADES JACK HEARTS KING,0.5106,0.0094,0.48
SPADES FOUR DIAMONDS SIX,0.5176,0.1326,0.3498
SPADES THREE DIAMONDS SIX,0.6326,0.1036,0.2638
HEARTS QUEEN SPADES TWO,0.6336,0.0344,0.332
SPADES ACE SPADES KING,0.4954,0.0048,0.4998
HEARTS KING SPADES TWO,0.6242,0.0226,0.3532
SPADES TWO DIAMONDS SIX,0.6094,0.1464,0.2442
HEARTS TEN HEARTS EIGHT,0.4732,0.0506,0.4762
SPADES NINE DIAMONDS SIX,0.5202,0.0736,0.4062
HEARTS JACK HEARTS EIGHT,0.492,0.0334,0.4746
SPADES EIGHT DIAMONDS SIX,0.4992,0.089,0.4118
SPADES SEVEN DIAMONDS SIX,0.4972,0.1078,0.395
SPADES SIX DIAMONDS SIX,0.1964,0.2318,0.5718
SPADES KING HEARTS KING,0.1902,0.032,0.7778
SPADES QUEEN HEARTS KING,0.5028,0.0096,0.4876
CLUBS ACE CLUBS KING,0.5054,0.0042,0.4904
SPADES ACE HEARTS KING,0.5142,0.0058,0.48
SPADES ACE HEARTS JACK,0.5174,0.0044,0.4782
SPADES QUEEN HEARTS JACK,0.4952,0.0192,0.4856
SPADES KING HEARTS JACK,0.5158,0.0098,0.4744
SPADES TEN DIAMONDS TEN,0.1926,0.1198,0.6876
SPADES JACK DIAMONDS TEN,0.504,0.0246,0.4714
SPADES ACE DIAMONDS TEN,0.523,0.006,0.471
SPADES JACK HEARTS JACK,0.1824,0.0916,0.726
SPADES TEN HEARTS JACK,0.4922,0.0286,0.4792
SPADES QUEEN DIAMONDS TEN,0.508,0.0156,0.4764
SPADES KING DIAMONDS TEN,0.5114,0.0088,0.4798
SPADES NINE DIAMONDS SEVEN,0.511,0.0688,0.4202
SPADES EIGHT DIAMONDS SEVEN,0.4922,0.083,0.4248
SPADES SEVEN DIAMONDS SEVEN,0.1944,0.2054,0.6002
SPADES SIX DIAMONDS SEVEN,0.4948,0.1128,0.3924
DIAMONDS KING DIAMONDS SEVEN,0.5014,0.0154,0.4832
HEARTS KING DIAMONDS FIVE,0.5358,0.016,0.4482
DIAMONDS QUEEN DIAMONDS SEVEN,0.505,0.0256,0.4694
HEARTS TWO DIAMONDS SEVEN,0.6226,0.135,0.2424
HEARTS QUEEN DIAMONDS FIVE,0.5462,0.0286,0.4252
HEARTS FIVE DIAMONDS SEVEN,0.4998,0.1204,0.3798
DIAMONDS ACE DIAMONDS SEVEN,0.4954,0.0058,0.4988
HEARTS FOUR DIAMONDS SEVEN,0.5162,0.122,0.3618
HEARTS ACE DIAMONDS FIVE,0.5256,0.0066,0.4678
HEARTS SEVEN DIAMONDS SEVEN,0.1902,0.212,0.5978
HEARTS SIX DIAMONDS SEVEN,0.5032,0.107,0.3898
DIAMONDS SEVEN HEARTS NINE,0.5132,0.066,0.4208
HEARTS EIGHT DIAMONDS SEVEN,0.4926,0.089,0.4184
DIAMONDS JACK DIAMONDS SEVEN,0.5086,0.038,0.4534
DIAMONDS FIVE HEARTS JACK,0.5342,0.0442,0.4216
DIAMONDS TEN DIAMONDS SEVEN,0.48,0.0586,0.4614
HEARTS TEN DIAMONDS FIVE,0.5414,0.0596,0.399
CLUBS EIGHT DIAMONDS SEVEN,0.4994,0.0796,0.421
SPADES KING CLUBS TWO,0.633,0.022,0.345
HEARTS KING CLUBS KING,0.1758,0.0354,0.7888
SPADES QUEEN CLUBS TWO,0.6308,0.0396,0.3296
HEARTS KING CLUBS QUEEN,0.511,0.011,0.478
CLUBS NINE DIAMONDS SEVEN,0.4902,0.07,0.4398
CLUBS JACK SPADES TWO,0.6324,0.0592,0.3084
CLUBS SIX CLUBS SEVEN,0.4678,0.0978,0.4344
SPADES ACE CLUBS TWO,0.6236,0.0062,0.3702
CLUBS TEN SPADES TWO,0.6322,0.069,0.2988
HEARTS KING CLUBS ACE,0.5246,0.006,0.4694
SPADES TWO CLUBS KING,0.6272,0.0216,0.3512
SPADES TWO DIAMONDS SEVEN,0.6416,0.1214,0.237
CLUBS EIGHT CLUBS SIX,0.4802,0.0846,0.4352
SPADES THREE DIAMONDS SEVEN,0.6568,0.084,0.2592
SPADES TWO CLUBS QUEEN,0.6392,0.0354,0.3254
CLUBS NINE CLUBS SIX,0.4942,0.0754,0.4304
SPADES FOUR DIAMONDS SEVEN,0.5216,0.1138,0.3646
CLUBS JACK HEARTS KING,0.495,0.0108,0.4942
SPADES FIVE DIAMONDS SEVEN,0.52,0.1154,0.3646
SPADES TWO CLUBS ACE,0.6306,0.0066,0.3628
CLUBS TEN HEARTS KING,0.5158,0.0068,0.4774
CLUBS SIX SPADES TWO,0.6118,0.151,0.2372
CLUBS SIX SPADES THREE,0.6366,0.0974,0.266
CLUBS TWO DIAMONDS SEVEN,0.6396,0.1228,0.2376
CLUBS SIX SPADES FOUR,0.522,0.13,0.348
CLUBS SIX SPADES FIVE,0.499,0.1292,0.3718
CLUBS FOUR DIAMONDS SEVEN,0.529,0.1194,0.3516
CLUBS SIX SPADES SIX,0.1778,0.2528,0.5694
CLUBS FIVE DIAMONDS SEVEN,0.5008,0.1136,0.3856
CLUBS SIX SPADES SEVEN,0.489,0.114,0.397
CLUBS SIX DIAMONDS SEVEN,0.494,0.1082,0.3978
CLUBS SIX SPADES EIGHT,0.495,0.0836,0.4214
SPADES JACK CLUBS TWO,0.635,0.0566,0.3084
CLUBS SEVEN DIAMONDS SEVEN,0.1824,0.2098,0.6078
CLUBS SIX SPADES NINE,0.5068,0.0758,0.4174
SPADES TEN CLUBS TWO,0.6298,0.0748,0.2954
CLUBS TWO CLUBS QUEEN,0.5996,0.0386,0.3618
CLUBS TWO CLUBS KING,0.5896,0.0216,0.3888
CLUBS TWO CLUBS ACE,0.6036,0.0062,0.3902
CLUBS TWO DIAMONDS EIGHT,0.6322,0.1042,0.2636
HEARTS SEVEN DIAMONDS EIGHT,0.4782,0.0892,0.4326
HEARTS SIX DIAMONDS EIGHT,0.5046,0.0936,0.4018
DIAMONDS EIGHT HEARTS NINE,0.5002,0.0652,0.4346
CLUBS TEN CLUBS TWO,0.6014,0.0742,0.3244
DIAMONDS EIGHT HEARTS EIGHT,0.188,0.1824,0.6296
CLUBS JACK CLUBS TWO,0.5998,0.0584,0.3418
CLUBS NINE DIAMONDS EIGHT,0.4872,0.0646,0.4482
CLUBS EIGHT DIAMONDS EIGHT,0.1876,0.181,0.6314
CLUBS FIVE DIAMONDS EIGHT,0.5142,0.096,0.3898
SPADES ACE SPADES THREE,0.6086,0.0162,0.3752
CLUBS FOUR DIAMONDS EIGHT,0.5244,0.1018,0.3738
CLUBS SEVEN DIAMONDS EIGHT,0.4884,0.0832,0.4284
SPADES QUEEN SPADES THREE,0.628,0.0316,0.3404
CLUBS SIX DIAMONDS EIGHT,0.501,0.0948,0.4042
SPADES KING SPADES THREE,0.6174,0.0236,0.359
DIAMONDS QUEEN DIAMONDS EIGHT,0.5046,0.0216,0.4738
HEARTS TWO DIAMONDS EIGHT,0.6314,0.1106,0.258
DIAMONDS KING DIAMONDS EIGHT,0.5064,0.014,0.4796
DIAMONDS ACE DIAMONDS EIGHT,0.4838,0.0038,0.5124
HEARTS FOUR DIAMONDS EIGHT,0.5278,0.1024,0.3698
HEARTS FIVE DIAMONDS EIGHT,0.5134,0.0964,0.3902
DIAMONDS EIGHT DIAMONDS TEN,0.4762,0.0492,0.4746
DIAMONDS EIGHT DIAMONDS JACK,0.485,0.0406,0.4744
SPADES JACK SPADES THREE,0.6296,0.0404,0.33
SPADES TEN SPADES THREE,0.625,0.0444,0.3306
CLUBS FOUR HEARTS ACE,0.526,0.0054,0.4686
CLUBS FOUR HEARTS QUEEN,0.5376,0.0346,0.4278
CLUBS FOUR HEARTS KING,0.5428,0.0166,0.4406
CLUBS SIX HEARTS TEN,0.5204,0.0598,0.4198
CLUBS SIX HEARTS JACK,0.5256,0.0482,0.4262
DIAMONDS EIGHT SPADES FOUR,0.5438,0.0954,0.3608
SPADES FIVE DIAMONDS EIGHT,0.5198,0.0946,0.3856
DIAMONDS EIGHT SPADES TWO,0.6216,0.114,0.2644
DIAMONDS EIGHT SPADES THREE,0.6682,0.067,0.2648
CLUBS FOUR HEARTS JACK,0.5284,0.0532,0.4184
SPADES EIGHT DIAMONDS EIGHT,0.1884,0.1882,0.6234
SPADES TEN DIAMONDS QUEEN,0.4938,0.0174,0.4888
SPADES TEN HEARTS TWO,0.6404,0.0726,0.287
SPADES JACK HEARTS EIGHT,0.5146,0.0382,0.4472
CLUBS FOUR HEARTS TEN,0.5204,0.0756,0.404
SPADES NINE DIAMONDS EIGHT,0.498,0.0638,0.4382
SPADES TEN HEARTS EIGHT,0.5066,0.0508,0.4426
SPADES JACK HEARTS TWO,0.631,0.0558,0.3132
SPADES JACK DIAMONDS QUEEN,0.5104,0.0144,0.4752
SPADES SIX DIAMONDS EIGHT,0.5048,0.0938,0.4014
SPADES SEVEN DIAMONDS EIGHT,0.4974,0.0852,0.4174
SPADES ACE HEARTS TWO,0.6272,0.0068,0.366
SPADES ACE DIAMONDS QUEEN,0.5112,0.0054,0.4834
SPADES ACE HEARTS EIGHT,0.5196,0.0066,0.4738
SPADES KING HEARTS EIGHT,0.5246,0.01,0.4654
SPADES QUEEN HEARTS TWO,0.6412,0.0374,0.3214
SPADES QUEEN DIAMONDS QUEEN,0.2002,0.0644,0.7354
SPADES KING DIAMONDS QUEEN,0.526,0.0082,0.4658
SPADES KING HEARTS TWO,0.6416,0.0188,0.3396
SPADES QUEEN HEARTS EIGHT,0.5148,0.0248,0.4604
CLUBS TWO HEARTS TEN,0.6342,0.0726,0.2932
CLUBS TWO HEARTS JACK,0.6308,0.0588,0.3104
SPADES SEVEN DIAMONDS NINE,0.5054,0.0706,0.424
SPADES SIX DIAMONDS NINE,0.5234,0.0724,0.4042
SPADES NINE DIAMONDS NINE,0.1816,0.1596,0.6588
SPADES EIGHT DIAMONDS NINE,0.5028,0.068,0.4292
SPADES TEN CLUBS KING,0.514,0.009,0.477
DIAMONDS NINE SPADES THREE,0.66,0.0624,0.2776
SPADES JACK CLUBS KING,0.5052,0.0088,0.486
DIAMONDS NINE SPADES TWO,0.6234,0.0946,0.282
DIAMONDS NINE SPADES FIVE,0.5248,0.0916,0.3836
DIAMONDS NINE SPADES FOUR,0.5432,0.0932,0.3636
CLUBS NINE DIAMONDS NINE,0.1834,0.1578,0.6588
CLUBS EIGHT DIAMONDS NINE,0.4864,0.0662,0.4474
CLUBS SIX DIAMONDS NINE,0.514,0.0696,0.4164
SPADES JACK CLUBS FOUR,0.5434,0.0534,0.4032
CLUBS SEVEN DIAMONDS NINE,0.506,0.074,0.42
SPADES TEN CLUBS FOUR,0.5414,0.0646,0.394
CLUBS FOUR DIAMONDS NINE,0.5344,0.0854,0.3802
CLUBS FIVE DIAMONDS NINE,0.5242,0.0788,0.397
DIAMONDS NINE CLUBS TWO,0.618,0.1006,0.2814
DIAMONDS NINE HEARTS EIGHT,0.4918,0.0624,0.4458
DIAMONDS NINE HEARTS NINE,0.1722,0.1608,0.667
HEARTS SIX DIAMONDS NINE,0.506,0.0764,0.4176
HEARTS SEVEN DIAMONDS NINE,0.497,0.0686,0.4344
CLUBS EIGHT CLUBS NINE,0.477,0.0616,0.4614
DIAMONDS ACE DIAMONDS NINE,0.4866,0.0056,0.5078
HEARTS FOUR DIAMONDS NINE,0.5422,0.0826,0.3752
HEARTS FIVE DIAMONDS NINE,0.523,0.0862,0.3908
HEARTS ACE CLUBS TWO,0.6356,0.0084,0.356
SPADES ACE CLUBS FOUR,0.5338,0.0054,0.4608
DIAMONDS QUEEN DIAMONDS NINE,0.4796,0.0228,0.4976
HEARTS TWO DIAMONDS NINE,0.6424,0.089,0.2686
CLUBS TWO HEARTS KING,0.6262,0.0234,0.3504
SPADES KING CLUBS FOUR,0.5546,0.0194,0.426
DIAMONDS KING DIAMONDS NINE,0.5036,0.0122,0.4842
CLUBS TWO HEARTS QUEEN,0.6336,0.0376,0.3288
SPADES QUEEN CLUBS FOUR,0.5368,0.0402,0.423
DIAMONDS NINE DIAMONDS JACK,0.4844,0.0266,0.489
CLUBS EIGHT SPADES NINE,0.493,0.0672,0.4398
DIAMONDS NINE DIAMONDS TEN,0.4696,0.049,0.4814
CLUBS EIGHT SPADES EIGHT,0.1822,0.1796,0.6382
CLUBS EIGHT SPADES SEVEN,0.4936,0.0902,0.4162
CLUBS EIGHT SPADES SIX,0.5106,0.0908,0.3986
CLUBS EIGHT SPADES FIVE,0.4974,0.0992,0.4034
CLUBS EIGHT SPADES FOUR,0.516,0.1056,0.3784
CLUBS EIGHT SPADES THREE,0.6596,0.0708,0.2696
CLUBS EIGHT SPADES TWO,0.6194,0.114,0.2666
HEARTS SIX DIAMONDS TEN,0.5318,0.056,0.4122
HEARTS SEVEN DIAMONDS TEN,0.5094,0.0536,0.437
DIAMONDS TEN HEARTS EIGHT,0.4954,0.0588,0.4458
CLUBS JACK CLUBS FOUR,0.5178,0.0492,0.433
DIAMONDS TEN HEARTS NINE,0.4896,0.05,0.4604
CLUBS TEN CLUBS FOUR,0.5026,0.076,0.4214
CLUBS FOUR CLUBS KING,0.5162,0.021,0.4628
CLUBS FOUR CLUBS QUEEN,0.5222,0.033,0.4448
CLUBS TWO DIAMONDS TEN,0.6278,0.0702,0.302
CLUBS FOUR CLUBS ACE,0.4974,0.0072,0.4954
DIAMONDS JACK DIAMONDS TEN,0.4598,0.0266,0.5136
DIAMONDS QUEEN DIAMONDS TEN,0.4764,0.0146,0.509
HEARTS TWO DIAMONDS TEN,0.6284,0.0746,0.297
DIAMONDS KING DIAMONDS TEN,0.4842,0.0116,0.5042
DIAMONDS ACE DIAMONDS TEN,0.476,0.0042,0.5198
HEARTS FOUR DIAMONDS TEN,0.5436,0.0774,0.379
CLUBS EIGHT HEARTS JACK,0.5002,0.0406,0.4592
HEARTS FIVE DIAMONDS TEN,0.5242,0.0628,0.413
CLUBS EIGHT HEARTS TEN,0.4892,0.0502,0.4606
CLUBS EIGHT HEARTS QUEEN,0.5288,0.0242,0.447
CLUBS EIGHT HEARTS KING,0.53,0.014,0.456
CLUBS EIGHT HEARTS ACE,0.5126,0.0054,0.482
CLUBS NINE SPADES THREE,0.6568,0.0694,0.2738
CLUBS NINE SPADES TWO,0.6294,0.091,0.2796
CLUBS NINE SPADES FIVE,0.5278,0.083,0.3892
CLUBS NINE SPADES FOUR,0.537,0.0864,0.3766
CLUBS NINE SPADES SEVEN,0.51,0.0714,0.4186
CLUBS NINE SPADES SIX,0.5062,0.0702,0.4236
CLUBS NINE SPADES NINE,0.19,0.1524,0.6576
CLUBS TEN HEARTS EIGHT,0.4918,0.0508,0.4574
CLUBS NINE SPADES EIGHT,0.5016,0.065,0.4334
CLUBS JACK HEARTS EIGHT,0.4926,0.0406,0.4668
HEARTS EIGHT CLUBS QUEEN,0.5154,0.0222,0.4624
CLUBS KING HEARTS EIGHT,0.517,0.013,0.47
CLUBS ACE HEARTS EIGHT,0.5314,0.0058,0.4628
SPADES KING CLUBS KING,0.1934,0.0286,0.778
SPADES QUEEN CLUBS KING,0.5092,0.009,0.4818
SPADES ACE CLUBS KING,0.5276,0.0046,0.4678
DIAMONDS ACE HEARTS TEN,0.5072,0.0046,0.4882
HEARTS FOUR HEARTS TEN,0.5162,0.0672,0.4166
DIAMONDS ACE HEARTS JACK,0.522,0.004,0.474
HEARTS FOUR HEARTS JACK,0.5058,0.051,0.4432
SPADES KING CLUBS FIVE,0.5322,0.0152,0.4526
SPADES QUEEN CLUBS FIVE,0.544,0.0324,0.4236
SPADES ACE CLUBS FIVE,0.5294,0.005,0.4656
HEARTS SEVEN DIAMONDS JACK,0.5236,0.0386,0.4378
HEARTS SIX DIAMONDS JACK,0.5414,0.0404,0.4182
DIAMONDS JACK HEARTS NINE,0.4988,0.0272,0.474
DIAMONDS JACK HEARTS EIGHT,0.504,0.037,0.459
DIAMONDS KING DIAMONDS JACK,0.4926,0.011,0.4964
SPADES ACE SPADES SIX,0.494,0.005,0.501
HEARTS ACE SPADES FOUR,0.5444,0.004,0.4516
DIAMONDS QUEEN DIAMONDS JACK,0.4826,0.014,0.5034
HEARTS TWO DIAMONDS JACK,0.6386,0.0566,0.3048
HEARTS FIVE DIAMONDS JACK,0.5388,0.0466,0.4146
SPADES QUEEN SPADES SIX,0.51,0.0274,0.4626
SPADES FOUR HEARTS QUEEN,0.543,0.0326,0.4244
DIAMONDS ACE DIAMONDS JACK,0.493,0.0044,0.5026
HEARTS FOUR DIAMONDS JACK,0.5398,0.052,0.4082
SPADES KING SPADES SIX,0.5206,0.0148,0.4646
SPADES FOUR HEARTS KING,0.5354,0.0202,0.4444
SPADES TEN SPADES SIX,0.4854,0.0612,0.4534
SPADES JACK SPADES SIX,0.507,0.043,0.45
SPADES FOUR DIAMONDS JACK,0.543,0.0522,0.4048
SPADES FIVE DIAMONDS JACK,0.5314,0.05,0.4186
DIAMONDS JACK SPADES TWO,0.6264,0.0576,0.316
DIAMONDS JACK SPADES THREE,0.6646,0.0386,0.2968
SPADES ACE DIAMONDS THREE,0.6424,0.021,0.3366
CLUBS EIGHT DIAMONDS JACK,0.522,0.0392,0.4388
SPADES QUEEN DIAMONDS THREE,0.6674,0.0276,0.305
SPADES KING DIAMONDS THREE,0.6708,0.0266,0.3026
CLUBS NINE DIAMONDS JACK,0.513,0.0308,0.4562
CLUBS SIX DIAMONDS JACK,0.5414,0.0424,0.4162
CLUBS SEVEN DIAMONDS JACK,0.524,0.0396,0.4364
CLUBS FOUR DIAMONDS JACK,0.5406,0.0492,0.4102
CLUBS FIVE DIAMONDS JACK,0.5388,0.0486,0.4126
CLUBS TWO DIAMONDS JACK,0.6302,0.0606,0.3092
SPADES TEN CLUBS FIVE,0.5476,0.0598,0.3926
SPADES JACK HEARTS SIX,0.5528,0.0354,0.4118
HEARTS SIX SPADES TEN,0.5198,0.0564,0.4238
SPADES JACK CLUBS FIVE,0.5446,0.047,0.4084
SPADES JACK DIAMONDS THREE,0.6578,0.0388,0.3034
CLUBS SEVEN CLUBS ACE,0.504,0.0058,0.4902
DIAMONDS THREE SPADES TEN,0.6646,0.0472,0.2882
CLUBS SEVEN CLUBS QUEEN,0.5172,0.0258,0.457
CLUBS SEVEN CLUBS KING,0.5044,0.0152,0.4804
SPADES NINE DIAMONDS JACK,0.4944,0.0312,0.4744
CLUBS TEN CLUBS SEVEN,0.4934,0.057,0.4496
DIAMONDS ACE HEARTS ACE,0.1896,0.0048,0.8056
HEARTS FOUR HEARTS ACE,0.4978,0.0078,0.4944
SPADES EIGHT DIAMONDS JACK,0.5222,0.0336,0.4442
SPADES ACE HEARTS SIX,0.5374,0.0056,0.457
CLUBS JACK CLUBS SEVEN,0.5088,0.0372,0.454
DIAMONDS ACE HEARTS KING,0.5176,0.0056,0.4768
HEARTS FOUR HEARTS KING,0.5094,0.022,0.4686
SPADES SEVEN DIAMONDS JACK,0.5468,0.0358,0.4174
SPADES KING HEARTS SIX,0.5398,0.0152,0.445
DIAMONDS ACE HEARTS QUEEN,0.5082,0.0064,0.4854
HEARTS FOUR HEARTS QUEEN,0.4986,0.036,0.4654
SPADES QUEEN HEARTS SIX,0.5472,0.028,0.4248
SPADES SIX DIAMONDS JACK,0.5406,0.0378,0.4216
DIAMONDS TEN SPADES TWO,0.6298,0.0722,0.298
SPADES THREE DIAMONDS TEN,0.6584,0.0564,0.2852
SPADES FOUR DIAMONDS TEN,0.5386,0.0768,0.3846
SPADES FIVE DIAMONDS TEN,0.5326,0.0628,0.4046
SPADES SIX DIAMONDS TEN,0.5308,0.0566,0.4126
SPADES SEVEN DIAMONDS TEN,0.5116,0.0516,0.4368
SPADES EIGHT DIAMONDS TEN,0.503,0.0498,0.4472
SPADES NINE DIAMONDS TEN,0.5044,0.0442,0.4514
CLUBS FOUR DIAMONDS TEN,0.5224,0.0672,0.4104
CLUBS FIVE DIAMONDS TEN,0.5474,0.0648,0.3878
CLUBS SIX DIAMONDS TEN,0.5284,0.057,0.4146
CLUBS SEVEN DIAMONDS TEN,0.5142,0.0546,0.4312
CLUBS EIGHT DIAMONDS TEN,0.5086,0.046,0.4454
CLUBS NINE DIAMONDS TEN,0.4908,0.0416,0.4676
CLUBS JACK DIAMONDS THREE,0.6708,0.041,0.2882
CLUBS TEN DIAMONDS THREE,0.648,0.0536,0.2984
DIAMONDS THREE CLUBS KING,0.6584,0.0242,0.3174
DIAMONDS THREE CLUBS QUEEN,0.6584,0.031,0.3106
DIAMONDS THREE CLUBS ACE,0.6502,0.0194,0.3304
SPADES FOUR HEARTS JACK,0.548,0.053,0.399
SPADES FOUR HEARTS TEN,0.5456,0.067,0.3874
SPADES FIVE SPADES TWO,0.5864,0.1522,0.2614
SPADES FOUR SPADES TWO,0.591,0.1678,0.2412
SPADES THREE SPADES TWO,0.733,0.1412,0.1258
SPADES NINE SPADES TWO,0.5972,0.0906,0.3122
SPADES EIGHT SPADES TWO,0.6158,0.102,0.2822
SPADES SEVEN SPADES TWO,0.6068,0.1232,0.27
SPADES SIX SPADES TWO,0.594,0.1312,0.2748
DIAMONDS QUEEN CLUBS TWO,0.6262,0.0364,0.3374
HEARTS TWO CLUBS TWO,0.4912,0.3408,0.168
HEARTS SEVEN DIAMONDS QUEEN,0.536,0.0296,0.4344
HEARTS SEVEN HEARTS TWO,0.6012,0.118,0.2808
HEARTS SIX DIAMONDS QUEEN,0.5282,0.0298,0.442
HEARTS SIX HEARTS TWO,0.603,0.1382,0.2588
DIAMONDS QUEEN HEARTS NINE,0.5044,0.0222,0.4734
HEARTS TWO HEARTS NINE,0.5978,0.0888,0.3134
DIAMONDS QUEEN HEARTS EIGHT,0.5084,0.0232,0.4684
HEARTS TWO HEARTS EIGHT,0.6036,0.1078,0.2886
CLUBS NINE HEARTS TWO,0.6228,0.0904,0.2868
CLUBS NINE DIAMONDS QUEEN,0.5076,0.0262,0.4662
CLUBS EIGHT DIAMONDS QUEEN,0.514,0.0256,0.4604
CLUBS EIGHT HEARTS TWO,0.6168,0.1196,0.2636
DIAMONDS QUEEN CLUBS FIVE,0.547,0.0258,0.4272
HEARTS TWO CLUBS FIVE,0.633,0.1558,0.2112
SPADES EIGHT HEARTS ACE,0.5332,0.0048,0.462
DIAMONDS QUEEN CLUBS FOUR,0.5512,0.033,0.4158
CLUBS FOUR HEARTS TWO,0.6254,0.1724,0.2022
CLUBS SEVEN DIAMONDS QUEEN,0.5328,0.0274,0.4398
CLUBS SEVEN HEARTS TWO,0.6434,0.1272,0.2294
SPADES EIGHT HEARTS QUEEN,0.5196,0.0242,0.4562
CLUBS SIX DIAMONDS QUEEN,0.5294,0.0266,0.444
CLUBS SIX HEARTS TWO,0.6402,0.1388,0.221
SPADES EIGHT HEARTS KING,0.5298,0.0104,0.4598
HEARTS TWO SPADES SIX,0.6348,0.144,0.2212
DIAMONDS QUEEN SPADES SIX,0.5344,0.0286,0.437
HEARTS FOUR CLUBS QUEEN,0.5356,0.0368,0.4276
DIAMONDS ACE CLUBS QUEEN,0.5182,0.0072,0.4746
DIAMONDS QUEEN SPADES SEVEN,0.5462,0.0282,0.4256
HEARTS TWO SPADES SEVEN,0.6408,0.1216,0.2376
HEARTS FOUR CLUBS KING,0.5338,0.0222,0.444
DIAMONDS ACE CLUBS KING,0.5344,0.0046,0.461
DIAMONDS QUEEN SPADES EIGHT,0.5146,0.0244,0.461
SPADES EIGHT HEARTS TWO,0.6326,0.1098,0.2576
HEARTS FOUR CLUBS ACE,0.5174,0.007,0.4756
DIAMONDS ACE CLUBS ACE,0.1776,0.0036,0.8188
SPADES NINE DIAMONDS QUEEN,0.5292,0.0164,0.4544
SPADES NINE HEARTS TWO,0.632,0.0892,0.2788
HEARTS TWO SPADES TWO,0.4976,0.3296,0.1728
DIAMONDS QUEEN SPADES TWO,0.6342,0.0312,0.3346
HEARTS TWO SPADES THREE,0.786,0.14,0.074
DIAMONDS QUEEN SPADES THREE,0.6512,0.0326,0.3162
HEARTS TWO SPADES FOUR,0.6164,0.1776,0.206
DIAMONDS QUEEN SPADES FOUR,0.5342,0.0388,0.427
CLUBS TEN HEARTS FOUR,0.5336,0.0682,0.3982
CLUBS TEN DIAMONDS ACE,0.5106,0.0048,0.4846
HEARTS TWO SPADES FIVE,0.6204,0.1596,0.22
DIAMONDS QUEEN SPADES FIVE,0.5504,0.0318,0.4178
CLUBS JACK HEARTS FOUR,0.532,0.0508,0.4172
CLUBS JACK DIAMONDS ACE,0.5136,0.0062,0.4802
CLUBS FIVE CLUBS KING,0.5048,0.0186,0.4766
CLUBS FIVE CLUBS QUEEN,0.5086,0.0306,0.4608
CLUBS FIVE CLUBS ACE,0.479,0.0068,0.5142
CLUBS JACK CLUBS FIVE,0.5106,0.0472,0.4422
CLUBS TEN CLUBS FIVE,0.513,0.0618,0.4252
SPADES KING CLUBS JACK,0.5108,0.0102,0.479
CLUBS JACK SPADES QUEEN,0.4944,0.0146,0.491
SPADES ACE CLUBS JACK,0.5182,0.005,0.4768
SPADES SIX CLUBS KING,0.525,0.018,0.457
SPADES SIX CLUBS QUEEN,0.5346,0.028,0.4374
SPADES EIGHT HEARTS JACK,0.5136,0.0376,0.4488
SPADES SIX CLUBS ACE,0.538,0.006,0.456
SPADES EIGHT HEARTS TEN,0.4936,0.0498,0.4566
CLUBS JACK SPADES SIX,0.5474,0.0414,0.4112
CLUBS TEN SPADES SIX,0.5206,0.0686,0.4108
CLUBS JACK SPADES TEN,0.48,0.0274,0.4926
CLUBS JACK SPADES JACK,0.1888,0.0982,0.713
SPADES QUEEN CLUBS SEVEN,0.5348,0.0254,0.4398
SPADES KING CLUBS SEVEN,0.5276,0.0166,0.4558
SPADES ACE CLUBS SEVEN,0.5256,0.0064,0.468
SPADES SIX HEARTS TEN,0.5212,0.0698,0.409
SPADES SIX HEARTS JACK,0.5472,0.042,0.4108
SPADES SIX HEARTS ACE,0.5302,0.006,0.4638
SPADES SIX HEARTS KING,0.534,0.0182,0.4478
SPADES SIX HEARTS QUEEN,0.545,0.0242,0.4308
SPADES JACK CLUBS SEVEN,0.5348,0.045,0.4202
SPADES TEN CLUBS SEVEN,0.5112,0.051,0.4378
CLUBS TEN HEARTS SIX,0.5202,0.066,0.4138
CLUBS JACK HEARTS SIX,0.5302,0.0438,0.426
CLUBS JACK CLUBS ACE,0.5096,0.0048,0.4856
HEARTS SIX CLUBS QUEEN,0.5312,0.027,0.4418
HEARTS SIX CLUBS KING,0.5398,0.0158,0.4444
HEARTS SIX CLUBS ACE,0.539,0.0064,0.4546
CLUBS JACK CLUBS QUEEN,0.4838,0.0148,0.5014
CLUBS JACK CLUBS KING,0.5,0.0078,0.4922
DIAMONDS THREE HEARTS ACE,0.654,0.0186,0.3274
DIAMONDS THREE HEARTS QUEEN,0.6604,0.0308,0.3088
DIAMONDS THREE HEARTS KING,0.6664,0.0236,0.31
CLUBS FIVE HEARTS JACK,0.528,0.0476,0.4244
SPADES TEN DIAMONDS ACE,0.513,0.0034,0.4836
HEARTS FOUR SPADES TEN,0.5246,0.0718,0.4036
CLUBS FIVE HEARTS TEN,0.542,0.0654,0.3926
HEARTS FOUR SPADES JACK,0.538,0.0542,0.4078
SPADES JACK DIAMONDS ACE,0.532,0.0052,0.4628
SPADES ACE HEARTS FOUR,0.5216,0.0074,0.471
SPADES ACE DIAMONDS ACE,0.204,0.0044,0.7916
CLUBS FIVE HEARTS ACE,0.5244,0.0056,0.47
CLUBS FIVE HEARTS KING,0.5328,0.0206,0.4466
HEARTS FOUR SPADES QUEEN,0.5476,0.0322,0.4202
SPADES QUEEN DIAMONDS ACE,0.528,0.0052,0.4668
CLUBS JACK SPADES FOUR,0.534,0.0534,0.4126
CLUBS FIVE HEARTS QUEEN,0.531,0.0354,0.4336
SPADES KING DIAMONDS ACE,0.5252,0.0056,0.4692
SPADES KING HEARTS FOUR,0.5424,0.0192,0.4384
CLUBS TEN SPADES FOUR,0.5414,0.0684,0.3902
DIAMONDS QUEEN DIAMONDS ACE,0.4906,0.0066,0.5028
HEARTS TWO DIAMONDS ACE,0.6258,0.0052,0.369
HEARTS FOUR DIAMONDS QUEEN,0.5414,0.0328,0.4258
HEARTS FOUR HEARTS TWO,0.5956,0.168,0.2364
DIAMONDS THREE HEARTS TEN,0.6472,0.0534,0.2994
SPADES FOUR CLUBS KING,0.5394,0.0152,0.4454
HEARTS FIVE DIAMONDS QUEEN,0.538,0.0358,0.4262
HEARTS FIVE HEARTS TWO,0.5766,0.1592,0.2642
DIAMONDS THREE HEARTS JACK,0.6514,0.0364,0.3122
SPADES FOUR CLUBS QUEEN,0.5512,0.03,0.4188
DIAMONDS QUEEN HEARTS TWO,0.6368,0.039,0.3242
DIAMONDS KING DIAMONDS QUEEN,0.4824,0.0082,0.5094
DIAMONDS KING HEARTS TWO,0.6422,0.0236,0.3342
SPADES FOUR CLUBS ACE,0.5204,0.0058,0.4738
HEARTS TWO CLUBS ACE,0.6284,0.0062,0.3654
DIAMONDS QUEEN CLUBS ACE,0.5174,0.007,0.4756
HEARTS TWO CLUBS QUEEN,0.6414,0.0362,0.3224
DIAMONDS QUEEN CLUBS QUEEN,0.1968,0.0628,0.7404
HEARTS TWO CLUBS KING,0.6348,0.0206,0.3446
DIAMONDS QUEEN CLUBS KING,0.512,0.007,0.481
SPADES EIGHT SPADES FIVE,0.478,0.101,0.421
CLUBS TEN HEARTS TWO,0.6412,0.0808,0.278
CLUBS TEN DIAMONDS QUEEN,0.5028,0.0174,0.4798
SPADES NINE SPADES FIVE,0.5012,0.083,0.4158
CLUBS JACK HEARTS TWO,0.6408,0.055,0.3042
CLUBS JACK DIAMONDS QUEEN,0.5012,0.0162,0.4826
SPADES SIX SPADES FIVE,0.4822,0.123,0.3948
SPADES SEVEN SPADES FIVE,0.4854,0.1152,0.3994
DIAMONDS FIVE CLUBS QUEEN,0.5424,0.0286,0.429
SPADES EIGHT CLUBS ACE,0.521,0.0052,0.4738
DIAMONDS FIVE CLUBS KING,0.535,0.0164,0.4486
SPADES EIGHT CLUBS KING,0.5172,0.014,0.4688
DIAMONDS FIVE CLUBS ACE,0.5244,0.006,0.4696
SPADES EIGHT CLUBS QUEEN,0.521,0.0172,0.4618
CLUBS JACK SPADES EIGHT,0.515,0.033,0.452
CLUBS TEN SPADES EIGHT,0.4988,0.0492,0.452
CLUBS TEN DIAMONDS FIVE,0.546,0.0636,0.3904
CLUBS JACK DIAMONDS FIVE,0.5374,0.0484,0.4142
DIAMONDS TEN HEARTS JACK,0.4942,0.0306,0.4752
