opposingHand,winningChance,drawChance,lostChance
SPADES EIGHT DIAMONDS KING
HEARTS FIVE SPADES TEN,0.6194,0.0048,0.3758
HEARTS FIVE SPADES JACK,0.6264,0.0088,0.3648
SPADES FIVE CLUBS JACK,0.6338,0.0062,0.36
CLUBS TEN SPADES FIVE,0.633,0.008,0.359
CLUBS EIGHT CLUBS JACK,0.6584,0.0332,0.3084
CLUBS TEN CLUBS EIGHT,0.6554,0.0252,0.3194
CLUBS EIGHT CLUBS KING,0.0238,0.9106,0.0656
SPADES FIVE CLUBS ACE,0.3956,0.0048,0.5996
CLUBS EIGHT CLUBS QUEEN,0.6736,0.0304,0.296
SPADES FIVE CLUBS KING,0.5384,0.228,0.2336
SPADES FIVE CLUBS QUEEN,0.6266,0.0086,0.3648
CLUBS EIGHT CLUBS ACE,0.2166,0.0212,0.7622
DIAMONDS TWO DIAMONDS THREE,0.6218,0.0116,0.3666
DIAMONDS TWO DIAMONDS FIVE,0.6144,0.0084,0.3772
HEARTS FIVE SPADES KING,0.5432,0.2264,0.2304
DIAMONDS TWO DIAMONDS FOUR,0.6112,0.0088,0.38
HEARTS FIVE SPADES QUEEN,0.6298,0.0064,0.3638
DIAMONDS TWO DIAMONDS SEVEN,0.6422,0.0084,0.3494
DIAMONDS TWO DIAMONDS SIX,0.6458,0.0082,0.346
SPADES ACE HEARTS FIVE,0.3926,0.0044,0.603
DIAMONDS TWO DIAMONDS NINE,0.6164,0.0074,0.3762
DIAMONDS TWO DIAMONDS EIGHT,0.7068,0.0338,0.2594
DIAMONDS THREE DIAMONDS FOUR,0.598,0.0104,0.3916
SPADES FOUR CLUBS TWO,0.6458,0.0118,0.3424
DIAMONDS THREE DIAMONDS FIVE,0.6128,0.0082,0.379
SPADES FIVE CLUBS TWO,0.6404,0.0086,0.351
CLUBS TWO SPADES TWO,0.4586,0.0112,0.5302
CLUBS TWO SPADES THREE,0.653,0.0084,0.3386
DIAMONDS THREE DIAMONDS EIGHT,0.7024,0.0332,0.2644
DIAMONDS THREE DIAMONDS NINE,0.6056,0.0062,0.3882
SPADES NINE CLUBS TWO,0.6316,0.0078,0.3606
DIAMONDS THREE DIAMONDS SIX,0.6258,0.0088,0.3654
SPADES SIX CLUBS TWO,0.6646,0.0086,0.3268
DIAMONDS THREE DIAMONDS SEVEN,0.6172,0.0086,0.3742
SPADES SEVEN CLUBS TWO,0.668,0.01,0.322
CLUBS SIX CLUBS TWO,0.6136,0.0068,0.3796
CLUBS SEVEN CLUBS TWO,0.6228,0.006,0.3712
CLUBS FOUR CLUBS TWO,0.6032,0.0074,0.3894
CLUBS FIVE CLUBS TWO,0.5924,0.0072,0.4004
CLUBS TEN CLUBS JACK,0.5236,0.0092,0.4672
DIAMONDS FOUR DIAMONDS SIX,0.6068,0.0072,0.386
CLUBS TEN CLUBS QUEEN,0.5378,0.0046,0.4576
DIAMONDS FOUR DIAMONDS SEVEN,0.6054,0.01,0.3846
CLUBS TEN CLUBS KING,0.2144,0.108,0.6776
CLUBS TEN CLUBS ACE,0.3254,0.0048,0.6698
CLUBS EIGHT CLUBS TWO,0.6806,0.0372,0.2822
DIAMONDS FIVE DIAMONDS FOUR,0.5844,0.007,0.4086
CLUBS NINE CLUBS TWO,0.5992,0.0094,0.3914
DIAMONDS NINE DIAMONDS FOUR,0.5928,0.0086,0.3986
DIAMONDS EIGHT DIAMONDS FOUR,0.6796,0.0392,0.2812
CLUBS THREE CLUBS TWO,0.604,0.0056,0.3904
DIAMONDS NINE DIAMONDS FIVE,0.5846,0.0092,0.4062
DIAMONDS TWO CLUBS JACK,0.6406,0.0078,0.3516
DIAMONDS EIGHT DIAMONDS FIVE,0.6824,0.0378,0.2798
CLUBS TEN DIAMONDS TWO,0.6432,0.008,0.3488
DIAMONDS FIVE DIAMONDS SEVEN,0.6,0.0092,0.3908
DIAMONDS FIVE DIAMONDS SIX,0.599,0.0072,0.3938
DIAMONDS TWO CLUBS ACE,0.3922,0.0054,0.6024
DIAMONDS TWO CLUBS KING,0.5438,0.227,0.2292
DIAMONDS TWO CLUBS QUEEN,0.6394,0.0066,0.354
DIAMONDS EIGHT DIAMONDS SIX,0.6674,0.0342,0.2984
DIAMONDS NINE DIAMONDS SIX,0.5894,0.0062,0.4044
HEARTS ACE SPADES THREE,0.4016,0.005,0.5934
SPADES THREE HEARTS KING,0.5428,0.231,0.2262
DIAMONDS SEVEN DIAMONDS SIX,0.5824,0.0086,0.409
SPADES THREE HEARTS QUEEN,0.6224,0.0088,0.3688
SPADES THREE HEARTS JACK,0.6254,0.0084,0.3662
SPADES THREE HEARTS TEN,0.6286,0.0076,0.3638
DIAMONDS EIGHT DIAMONDS SEVEN,0.6642,0.0306,0.3052
DIAMONDS NINE DIAMONDS SEVEN,0.5778,0.0062,0.416
DIAMONDS NINE DIAMONDS EIGHT,0.6472,0.0348,0.318
HEARTS THREE HEARTS TEN,0.5896,0.007,0.4034
SPADES JACK CLUBS SIX,0.6222,0.007,0.3708
HEARTS THREE HEARTS JACK,0.5896,0.0072,0.4032
SPADES TEN CLUBS SIX,0.6138,0.0046,0.3816
SPADES JACK SPADES FIVE,0.6112,0.0082,0.3806
SPADES TEN SPADES FIVE,0.598,0.0074,0.3946
HEARTS THREE HEARTS ACE,0.3604,0.005,0.6346
SPADES ACE CLUBS SIX,0.3824,0.0038,0.6138
HEARTS THREE HEARTS QUEEN,0.5952,0.008,0.3968
SPADES KING CLUBS SIX,0.5434,0.2268,0.2298
HEARTS THREE HEARTS KING,0.4898,0.22,0.2902
SPADES QUEEN CLUBS SIX,0.619,0.0054,0.3756
SPADES NINE HEARTS TEN,0.57,0.0064,0.4236
SPADES NINE HEARTS JACK,0.5698,0.006,0.4242
SPADES QUEEN SPADES FIVE,0.607,0.0062,0.3868
SPADES KING SPADES FIVE,0.519,0.2224,0.2586
SPADES ACE SPADES FIVE,0.3758,0.0058,0.6184
SPADES NINE HEARTS QUEEN,0.5742,0.0084,0.4174
SPADES NINE HEARTS KING,0.2184,0.1696,0.612
SPADES NINE HEARTS ACE,0.3514,0.005,0.6436
CLUBS TEN SPADES JACK,0.5444,0.0058,0.4498
CLUBS TEN SPADES TEN,0.2904,0.0074,0.7022
SPADES ACE CLUBS TEN,0.3434,0.0044,0.6522
SPADES KING CLUBS TEN,0.2168,0.1118,0.6714
CLUBS TEN SPADES QUEEN,0.5426,0.0078,0.4496
SPADES FIVE HEARTS QUEEN,0.6324,0.006,0.3616
SPADES FIVE HEARTS KING,0.5336,0.232,0.2344
SPADES FIVE HEARTS ACE,0.3814,0.0036,0.615
CLUBS EIGHT SPADES TEN,0.677,0.0314,0.2916
SPADES JACK HEARTS THREE,0.634,0.0068,0.3592
SPADES TEN HEARTS THREE,0.6326,0.0076,0.3598
SPADES JACK CLUBS EIGHT,0.701,0.0302,0.2688
CLUBS SIX HEARTS ACE,0.3932,0.0028,0.604
SPADES ACE CLUBS EIGHT,0.225,0.0232,0.7518
HEARTS FIVE CLUBS JACK,0.6334,0.0062,0.3604
HEARTS FIVE CLUBS TEN,0.6282,0.008,0.3638
CLUBS SIX HEARTS QUEEN,0.6402,0.006,0.3538
SPADES QUEEN CLUBS EIGHT,0.714,0.0338,0.2522
CLUBS TEN SPADES THREE,0.6334,0.0072,0.3594
CLUBS SIX HEARTS KING,0.5474,0.2282,0.2244
SPADES KING CLUBS EIGHT,0.013,0.9656,0.0214
SPADES THREE CLUBS JACK,0.6284,0.009,0.3626
DIAMONDS TWO HEARTS JACK,0.631,0.0082,0.3608
SPADES THREE CLUBS QUEEN,0.6412,0.008,0.3508
DIAMONDS TWO HEARTS TEN,0.6262,0.0076,0.3662
SPADES THREE CLUBS KING,0.5444,0.2342,0.2214
HEARTS FIVE CLUBS ACE,0.3982,0.0026,0.5992
SPADES FIVE HEARTS TEN,0.6324,0.0058,0.3618
SPADES THREE CLUBS ACE,0.4062,0.0058,0.588
HEARTS FIVE CLUBS KING,0.5254,0.2278,0.2468
SPADES FIVE HEARTS JACK,0.6304,0.008,0.3616
HEARTS FIVE CLUBS QUEEN,0.6292,0.0064,0.3644
HEARTS THREE CLUBS KING,0.531,0.2358,0.2332
HEARTS THREE CLUBS QUEEN,0.621,0.0058,0.3732
HEARTS FIVE HEARTS JACK,0.5814,0.0056,0.413
HEARTS FIVE HEARTS TEN,0.6004,0.007,0.3926
HEARTS THREE CLUBS ACE,0.399,0.0056,0.5954
SPADES ACE CLUBS QUEEN,0.3462,0.0044,0.6494
SPADES KING CLUBS QUEEN,0.2362,0.0642,0.6996
HEARTS THREE CLUBS JACK,0.6334,0.0056,0.361
SPADES QUEEN CLUBS QUEEN,0.2782,0.004,0.7178
CLUBS TEN HEARTS THREE,0.6254,0.0064,0.3682
SPADES JACK CLUBS QUEEN,0.5562,0.0052,0.4386
CLUBS SIX CLUBS QUEEN,0.6004,0.0068,0.3928
SPADES TEN CLUBS QUEEN,0.5588,0.0092,0.432
CLUBS SIX CLUBS KING,0.507,0.2148,0.2782
CLUBS SIX CLUBS ACE,0.3568,0.0048,0.6384
HEARTS FIVE HEARTS KING,0.5024,0.2146,0.283
HEARTS FIVE HEARTS QUEEN,0.59,0.008,0.402
CLUBS TEN CLUBS SIX,0.5772,0.0042,0.4186
HEARTS FIVE HEARTS ACE,0.3598,0.0044,0.6358
CLUBS SIX CLUBS JACK,0.5912,0.0062,0.4026
SPADES SEVEN HEARTS JACK,0.6352,0.0082,0.3566
SPADES SEVEN HEARTS TEN,0.6166,0.006,0.3774
DIAMONDS TWO CLUBS TWO,0.4608,0.012,0.5272
DIAMONDS TWO CLUBS THREE,0.6554,0.0076,0.337
DIAMONDS TWO HEARTS SIX,0.6544,0.0074,0.3382
DIAMONDS TWO HEARTS QUEEN,0.637,0.0066,0.3564
HEARTS SEVEN DIAMONDS TWO,0.673,0.0056,0.3214
DIAMONDS TWO HEARTS KING,0.5382,0.2274,0.2344
DIAMONDS TWO HEARTS EIGHT,0.7334,0.0438,0.2228
DIAMONDS TWO HEARTS ACE,0.4044,0.0042,0.5914
DIAMONDS TWO HEARTS NINE,0.636,0.0086,0.3554
DIAMONDS TWO DIAMONDS QUEEN,0.5972,0.0078,0.395
DIAMONDS TWO HEARTS TWO,0.4556,0.0128,0.5316
DIAMONDS TWO HEARTS THREE,0.638,0.0088,0.3532
DIAMONDS TWO DIAMONDS ACE,0.386,0.0062,0.6078
HEARTS FOUR DIAMONDS TWO,0.6366,0.0088,0.3546
HEARTS FIVE DIAMONDS TWO,0.651,0.0094,0.3396
SPADES SEVEN HEARTS ACE,0.391,0.0044,0.6046
DIAMONDS TWO DIAMONDS TEN,0.6028,0.0096,0.3876
SPADES SEVEN HEARTS KING,0.5468,0.2304,0.2228
DIAMONDS TWO DIAMONDS JACK,0.6078,0.007,0.3852
SPADES SEVEN HEARTS QUEEN,0.643,0.0078,0.3492
DIAMONDS TWO SPADES NINE,0.636,0.0082,0.3558
DIAMONDS TWO SPADES SEVEN,0.6866,0.0078,0.3056
DIAMONDS TWO SPADES SIX,0.6728,0.0094,0.3178
DIAMONDS TWO SPADES FIVE,0.6534,0.0086,0.338
DIAMONDS TWO SPADES FOUR,0.6616,0.0106,0.3278
DIAMONDS TWO SPADES THREE,0.6582,0.0118,0.33
DIAMONDS TWO SPADES TWO,0.4594,0.0164,0.5242
CLUBS NINE DIAMONDS TWO,0.6332,0.008,0.3588
DIAMONDS TWO CLUBS EIGHT,0.7368,0.0444,0.2188
CLUBS SEVEN DIAMONDS TWO,0.685,0.0086,0.3064
DIAMONDS TWO CLUBS SIX,0.6606,0.0098,0.3296
DIAMONDS TWO CLUBS FIVE,0.6434,0.0086,0.348
DIAMONDS TWO CLUBS FOUR,0.6452,0.009,0.3458
CLUBS FOUR SPADES FIVE,0.6178,0.01,0.3722
CLUBS FOUR SPADES FOUR,0.4572,0.0126,0.5302
CLUBS FOUR SPADES THREE,0.6442,0.0068,0.349
CLUBS FOUR SPADES TWO,0.6542,0.0094,0.3364
SPADES NINE CLUBS FOUR,0.6318,0.0072,0.361
SPADES SEVEN CLUBS FOUR,0.6478,0.0064,0.3458
SPADES SIX CLUBS FOUR,0.6286,0.0086,0.3628
SPADES ACE DIAMONDS SIX,0.3802,0.005,0.6148
SPADES QUEEN DIAMONDS SIX,0.631,0.0072,0.3618
SPADES KING DIAMONDS SIX,0.5306,0.2396,0.2298
SPADES TEN DIAMONDS SIX,0.6276,0.0072,0.3652
SPADES JACK DIAMONDS SIX,0.633,0.0076,0.3594
SPADES QUEEN SPADES TWO,0.5934,0.006,0.4006
SPADES KING SPADES TWO,0.5258,0.2152,0.259
SPADES ACE SPADES TWO,0.3594,0.005,0.6356
DIAMONDS JACK CLUBS JACK,0.29,0.0078,0.7022
CLUBS TEN DIAMONDS JACK,0.554,0.0058,0.4402
DIAMONDS JACK CLUBS KING,0.2344,0.09,0.6756
DIAMONDS JACK CLUBS QUEEN,0.5678,0.0058,0.4264
DIAMONDS THREE DIAMONDS JACK,0.618,0.0068,0.3752
DIAMONDS THREE DIAMONDS TEN,0.6042,0.0086,0.3872
DIAMONDS JACK CLUBS ACE,0.3454,0.004,0.6506
DIAMONDS THREE HEARTS THREE,0.4576,0.0138,0.5286
DIAMONDS THREE DIAMONDS QUEEN,0.603,0.0082,0.3888
DIAMONDS THREE HEARTS TWO,0.6706,0.0074,0.322
HEARTS FIVE DIAMONDS THREE,0.628,0.0078,0.3642
DIAMONDS THREE DIAMONDS ACE,0.3762,0.0048,0.619
HEARTS FOUR DIAMONDS THREE,0.6146,0.0076,0.3778
HEARTS SEVEN DIAMONDS THREE,0.6616,0.0078,0.3306
SPADES TEN SPADES NINE,0.526,0.0072,0.4668
HEARTS SIX DIAMONDS THREE,0.6614,0.008,0.3306
SPADES JACK SPADES NINE,0.5336,0.007,0.4594
DIAMONDS THREE HEARTS NINE,0.6462,0.0062,0.3476
HEARTS JACK DIAMONDS FOUR,0.6286,0.0076,0.3638
HEARTS ACE HEARTS KING,0.2258,0.0108,0.7634
SPADES TEN SPADES TWO,0.6082,0.0078,0.384
DIAMONDS THREE HEARTS EIGHT,0.736,0.0398,0.2242
HEARTS TEN DIAMONDS FOUR,0.6248,0.0066,0.3686
SPADES JACK SPADES TWO,0.5984,0.009,0.3926
HEARTS QUEEN DIAMONDS FOUR,0.6356,0.006,0.3584
HEARTS KING DIAMONDS FOUR,0.5316,0.2338,0.2346
SPADES ACE SPADES NINE,0.3394,0.004,0.6566
HEARTS ACE DIAMONDS FOUR,0.387,0.0042,0.6088
SPADES KING SPADES NINE,0.2148,0.1568,0.6284
SPADES QUEEN SPADES NINE,0.5432,0.0086,0.4482
DIAMONDS THREE SPADES NINE,0.6334,0.0076,0.359
DIAMONDS THREE SPADES SEVEN,0.6624,0.0122,0.3254
DIAMONDS THREE SPADES SIX,0.6536,0.0062,0.3402
DIAMONDS THREE CLUBS SIX,0.6468,0.0088,0.3444
CLUBS FIVE CLUBS SIX,0.5734,0.0066,0.42
CLUBS ACE DIAMONDS FOUR,0.3918,0.0032,0.605
CLUBS SEVEN DIAMONDS THREE,0.662,0.0082,0.3298
CLUBS SEVEN CLUBS FIVE,0.58,0.0084,0.4116
DIAMONDS THREE CLUBS FOUR,0.6404,0.0082,0.3514
DIAMONDS FOUR CLUBS QUEEN,0.6306,0.0056,0.3638
DIAMONDS THREE CLUBS FIVE,0.6342,0.0084,0.3574
CLUBS KING DIAMONDS FOUR,0.547,0.231,0.222
DIAMONDS THREE CLUBS TWO,0.6436,0.0098,0.3466
CLUBS TEN DIAMONDS FOUR,0.6324,0.008,0.3596
DIAMONDS THREE CLUBS THREE,0.4576,0.0128,0.5296
DIAMONDS FOUR CLUBS JACK,0.6412,0.0056,0.3532
DIAMONDS THREE SPADES FOUR,0.6468,0.0108,0.3424
DIAMONDS THREE SPADES FIVE,0.627,0.0102,0.3628
DIAMONDS THREE SPADES TWO,0.6664,0.0084,0.3252
DIAMONDS THREE SPADES THREE,0.4642,0.0118,0.524
CLUBS EIGHT DIAMONDS THREE,0.7462,0.0372,0.2166
CLUBS NINE DIAMONDS THREE,0.6348,0.008,0.3572
SPADES SEVEN CLUBS ACE,0.3814,0.003,0.6156
SPADES SEVEN CLUBS QUEEN,0.641,0.0064,0.3526
SPADES SEVEN CLUBS KING,0.5454,0.239,0.2156
CLUBS FIVE SPADES SEVEN,0.6424,0.0074,0.3502
CLUBS TEN SPADES SEVEN,0.6236,0.0062,0.3702
CLUBS FIVE SPADES SIX,0.614,0.008,0.378
SPADES SEVEN CLUBS JACK,0.6218,0.0072,0.371
CLUBS FIVE SPADES NINE,0.6234,0.0056,0.371
CLUBS FIVE SPADES THREE,0.624,0.0076,0.3684
CLUBS FIVE SPADES TWO,0.642,0.007,0.351
CLUBS FIVE SPADES FIVE,0.44,0.0134,0.5466
CLUBS FIVE SPADES FOUR,0.609,0.0074,0.3836
CLUBS NINE CLUBS FIVE,0.5902,0.007,0.4028
CLUBS EIGHT CLUBS FIVE,0.6592,0.0322,0.3086
CLUBS ACE CLUBS QUEEN,0.3242,0.0026,0.6732
CLUBS KING CLUBS QUEEN,0.2276,0.0568,0.7156
DIAMONDS TEN DIAMONDS FOUR,0.6052,0.0086,0.3862
CLUBS TEN DIAMONDS NINE,0.571,0.0094,0.4196
DIAMONDS JACK DIAMONDS FOUR,0.5942,0.0064,0.3994
DIAMONDS NINE CLUBS JACK,0.5678,0.0092,0.423
SPADES NINE CLUBS JACK,0.5652,0.0088,0.426
CLUBS TEN SPADES NINE,0.5662,0.0052,0.4286
DIAMONDS ACE DIAMONDS FOUR,0.38,0.0038,0.6162
HEARTS FOUR DIAMONDS FOUR,0.4406,0.014,0.5454
DIAMONDS JACK HEARTS TEN,0.5648,0.0062,0.429
SPADES NINE CLUBS KING,0.2168,0.1622,0.621
DIAMONDS TWO SPADES TEN,0.6402,0.0074,0.3524
DIAMONDS NINE CLUBS ACE,0.351,0.0058,0.6432
HEARTS FIVE DIAMONDS FOUR,0.6168,0.0064,0.3768
DIAMONDS JACK HEARTS JACK,0.2874,0.0044,0.7082
SPADES NINE CLUBS QUEEN,0.5752,0.0072,0.4176
DIAMONDS TWO SPADES JACK,0.636,0.0066,0.3574
DIAMONDS QUEEN DIAMONDS FOUR,0.6068,0.0066,0.3866
HEARTS TWO DIAMONDS FOUR,0.6376,0.0074,0.355
DIAMONDS NINE CLUBS QUEEN,0.5876,0.0078,0.4046
HEARTS THREE DIAMONDS FOUR,0.6364,0.0066,0.357
SPADES NINE CLUBS ACE,0.3598,0.004,0.6362
DIAMONDS NINE CLUBS KING,0.2426,0.169,0.5884
HEARTS ACE DIAMONDS JACK,0.3608,0.0062,0.633
SPADES ACE DIAMONDS TWO,0.411,0.0042,0.5848
HEARTS QUEEN DIAMONDS JACK,0.57,0.0066,0.4234
SPADES QUEEN DIAMONDS TWO,0.6264,0.0082,0.3654
DIAMONDS JACK HEARTS KING,0.239,0.0884,0.6726
SPADES KING DIAMONDS TWO,0.5508,0.235,0.2142
SPADES JACK SPADES SEVEN,0.5884,0.0068,0.4048
SPADES TEN SPADES SEVEN,0.5758,0.0056,0.4186
CLUBS SEVEN CLUBS THREE,0.6224,0.007,0.3706
CLUBS SIX CLUBS THREE,0.602,0.0078,0.3902
CLUBS FIVE CLUBS THREE,0.5804,0.005,0.4146
CLUBS THREE CLUBS FOUR,0.5778,0.0088,0.4134
CLUBS NINE CLUBS THREE,0.606,0.008,0.386
CLUBS EIGHT CLUBS THREE,0.6936,0.031,0.2754
CLUBS THREE SPADES FIVE,0.6404,0.0106,0.349
CLUBS THREE SPADES FOUR,0.643,0.0088,0.3482
CLUBS THREE SPADES THREE,0.4584,0.0144,0.5272
CLUBS THREE SPADES TWO,0.6462,0.0088,0.345
CLUBS THREE SPADES SIX,0.6504,0.0062,0.3434
SPADES SEVEN CLUBS THREE,0.6598,0.0084,0.3318
SPADES NINE CLUBS THREE,0.624,0.0076,0.3684
SPADES TWO DIAMONDS FOUR,0.6552,0.0092,0.3356
SPADES THREE DIAMONDS FOUR,0.6298,0.0072,0.363
SPADES FOUR DIAMONDS FOUR,0.449,0.014,0.537
SPADES FIVE DIAMONDS FOUR,0.6262,0.0062,0.3676
SPADES SIX DIAMONDS FOUR,0.6522,0.0088,0.339
SPADES SEVEN DIAMONDS FOUR,0.6576,0.0084,0.334
SPADES NINE DIAMONDS FOUR,0.6412,0.0078,0.351
CLUBS FIVE DIAMONDS FOUR,0.6118,0.007,0.3812
CLUBS FOUR DIAMONDS FOUR,0.4514,0.0126,0.536
CLUBS SEVEN DIAMONDS FOUR,0.6454,0.0076,0.347
CLUBS SIX DIAMONDS FOUR,0.6294,0.0084,0.3622
CLUBS NINE DIAMONDS FOUR,0.6328,0.0058,0.3614
CLUBS EIGHT DIAMONDS FOUR,0.7324,0.0322,0.2354
HEARTS SEVEN DIAMONDS FOUR,0.6498,0.0064,0.3438
HEARTS SIX DIAMONDS FOUR,0.6224,0.0074,0.3702
DIAMONDS FOUR HEARTS NINE,0.638,0.0082,0.3538
DIAMONDS FOUR HEARTS EIGHT,0.7142,0.0376,0.2482
CLUBS THREE DIAMONDS FOUR,0.634,0.0094,0.3566
CLUBS TWO DIAMONDS FOUR,0.6438,0.0072,0.349
DIAMONDS TEN DIAMONDS FIVE,0.6094,0.0102,0.3804
DIAMONDS JACK DIAMONDS FIVE,0.6108,0.0082,0.381
DIAMONDS NINE HEARTS QUEEN,0.584,0.0058,0.4102
DIAMONDS NINE HEARTS KING,0.2216,0.1638,0.6146
HEARTS ACE DIAMONDS NINE,0.3602,0.0042,0.6356
DIAMONDS NINE HEARTS TEN,0.5656,0.0086,0.4258
DIAMONDS NINE HEARTS JACK,0.5884,0.008,0.4036
CLUBS KING DIAMONDS SIX,0.5434,0.2268,0.2298
CLUBS QUEEN DIAMONDS SIX,0.6312,0.0068,0.362
CLUBS ACE DIAMONDS SIX,0.3844,0.0032,0.6124
SPADES KING DIAMONDS FOUR,0.5376,0.2234,0.239
SPADES ACE SPADES SEVEN,0.375,0.0044,0.6206
SPADES QUEEN DIAMONDS FOUR,0.6318,0.0094,0.3588
SPADES QUEEN SPADES SEVEN,0.5968,0.0098,0.3934
CLUBS JACK DIAMONDS SIX,0.636,0.0072,0.3568
SPADES KING SPADES SEVEN,0.5102,0.2298,0.26
SPADES ACE DIAMONDS FOUR,0.385,0.0046,0.6104
CLUBS TEN DIAMONDS SIX,0.6284,0.0072,0.3644
CLUBS NINE CLUBS FOUR,0.597,0.0082,0.3948
CLUBS EIGHT CLUBS FOUR,0.677,0.0374,0.2856
SPADES JACK DIAMONDS FOUR,0.625,0.012,0.363
SPADES TEN DIAMONDS FOUR,0.6324,0.01,0.3576
CLUBS FIVE CLUBS FOUR,0.5772,0.0074,0.4154
CLUBS SEVEN CLUBS FOUR,0.6028,0.0078,0.3894
CLUBS SIX CLUBS FOUR,0.5876,0.008,0.4044
CLUBS SEVEN SPADES NINE,0.5972,0.0054,0.3974
CLUBS SEVEN SPADES SIX,0.6196,0.0062,0.3742
CLUBS SEVEN SPADES SEVEN,0.4208,0.0118,0.5674
CLUBS SEVEN SPADES FIVE,0.6258,0.0074,0.3668
CLUBS SEVEN SPADES FOUR,0.6522,0.0104,0.3374
CLUBS SEVEN SPADES THREE,0.6576,0.0062,0.3362
CLUBS SEVEN SPADES TWO,0.6598,0.0082,0.332
CLUBS NINE CLUBS SEVEN,0.5724,0.0078,0.4198
CLUBS SEVEN CLUBS EIGHT,0.6302,0.0312,0.3386
HEARTS SIX DIAMONDS FIVE,0.6274,0.007,0.3656
HEARTS SEVEN DIAMONDS FIVE,0.6348,0.008,0.3572
DIAMONDS FIVE HEARTS EIGHT,0.7022,0.037,0.2608
DIAMONDS FIVE HEARTS NINE,0.6364,0.0078,0.3558
DIAMONDS QUEEN DIAMONDS FIVE,0.6018,0.0058,0.3924
HEARTS TWO DIAMONDS FIVE,0.6538,0.0088,0.3374
HEARTS KING HEARTS EIGHT,0.0186,0.9086,0.0728
HEARTS THREE DIAMONDS FIVE,0.6264,0.008,0.3656
HEARTS QUEEN HEARTS EIGHT,0.67,0.0312,0.2988
DIAMONDS ACE DIAMONDS FIVE,0.3668,0.0034,0.6298
HEARTS FOUR DIAMONDS FIVE,0.6104,0.0076,0.382
HEARTS FIVE DIAMONDS FIVE,0.4568,0.012,0.5312
HEARTS ACE HEARTS EIGHT,0.223,0.0198,0.7572
CLUBS FOUR DIAMONDS FIVE,0.6236,0.0076,0.3688
CLUBS FIVE DIAMONDS FIVE,0.4346,0.0118,0.5536
CLUBS SIX DIAMONDS FIVE,0.622,0.0104,0.3676
CLUBS SEVEN DIAMONDS FIVE,0.6224,0.0072,0.3704
CLUBS TWO DIAMONDS FIVE,0.6504,0.0074,0.3422
CLUBS THREE DIAMONDS FIVE,0.6366,0.0104,0.353
SPADES THREE DIAMONDS FIVE,0.639,0.0084,0.3526
SPADES TWO DIAMONDS FIVE,0.6462,0.0092,0.3446
SPADES JACK DIAMONDS EIGHT,0.7044,0.035,0.2606
SPADES FIVE DIAMONDS FIVE,0.4486,0.0124,0.539
CLUBS TEN HEARTS JACK,0.56,0.0056,0.4344
SPADES TEN DIAMONDS EIGHT,0.6834,0.0322,0.2844
SPADES FOUR DIAMONDS FIVE,0.6272,0.0062,0.3666
HEARTS JACK CLUBS JACK,0.2824,0.0068,0.7108
HEARTS JACK CLUBS QUEEN,0.5588,0.0052,0.436
CLUBS NINE DIAMONDS FIVE,0.6268,0.0064,0.3668
CLUBS KING HEARTS JACK,0.2384,0.0796,0.682
CLUBS EIGHT DIAMONDS FIVE,0.7068,0.0346,0.2586
CLUBS ACE HEARTS JACK,0.3534,0.0036,0.643
SPADES SEVEN DIAMONDS FIVE,0.6376,0.0068,0.3556
SPADES KING DIAMONDS EIGHT,0.0078,0.9846,0.0076
SPADES SIX DIAMONDS FIVE,0.615,0.0084,0.3766
SPADES QUEEN DIAMONDS EIGHT,0.7206,0.0336,0.2458
SPADES NINE DIAMONDS FIVE,0.6142,0.0094,0.3764
SPADES ACE DIAMONDS EIGHT,0.2302,0.0266,0.7432
DIAMONDS TEN DIAMONDS SIX,0.5878,0.008,0.4042
HEARTS ACE DIAMONDS SEVEN,0.3874,0.0022,0.6104
DIAMONDS JACK DIAMONDS SIX,0.6078,0.0078,0.3844
HEARTS QUEEN DIAMONDS SEVEN,0.6464,0.0068,0.3468
HEARTS KING DIAMONDS SEVEN,0.5492,0.2304,0.2204
DIAMONDS ACE DIAMONDS SIX,0.3842,0.0034,0.6124
HEARTS FOUR DIAMONDS SIX,0.6252,0.0074,0.3674
SPADES TWO HEARTS JACK,0.6352,0.0084,0.3564
HEARTS FIVE DIAMONDS SIX,0.6212,0.0064,0.3724
SPADES TWO HEARTS TEN,0.6252,0.0082,0.3666
DIAMONDS QUEEN DIAMONDS SIX,0.6104,0.0084,0.3812
HEARTS TWO DIAMONDS SIX,0.674,0.0072,0.3188
HEARTS THREE DIAMONDS SIX,0.6462,0.0072,0.3466
HEARTS EIGHT DIAMONDS SIX,0.6864,0.0332,0.2804
HEARTS NINE DIAMONDS SIX,0.6168,0.0068,0.3764
HEARTS SIX DIAMONDS SIX,0.418,0.0128,0.5692
HEARTS SEVEN DIAMONDS SIX,0.6184,0.01,0.3716
HEARTS TEN DIAMONDS SEVEN,0.6162,0.0092,0.3746
CLUBS TWO DIAMONDS SIX,0.6584,0.009,0.3326
HEARTS JACK DIAMONDS SEVEN,0.6362,0.0066,0.3572
CLUBS THREE DIAMONDS SIX,0.6338,0.0094,0.3568
CLUBS SEVEN DIAMONDS SIX,0.6192,0.0058,0.375
DIAMONDS EIGHT CLUBS JACK,0.7034,0.032,0.2646
CLUBS SIX DIAMONDS SIX,0.4342,0.0098,0.556
CLUBS TEN DIAMONDS EIGHT,0.7046,0.0278,0.2676
CLUBS FIVE DIAMONDS SIX,0.608,0.0088,0.3832
CLUBS FOUR DIAMONDS SIX,0.6342,0.0072,0.3586
HEARTS ACE HEARTS JACK,0.3264,0.0032,0.6704
DIAMONDS EIGHT CLUBS ACE,0.2368,0.0234,0.7398
HEARTS QUEEN HEARTS JACK,0.5292,0.0044,0.4664
DIAMONDS EIGHT CLUBS KING,0.0196,0.9698,0.0106
CLUBS NINE DIAMONDS SIX,0.6144,0.0058,0.3798
HEARTS KING HEARTS JACK,0.2204,0.084,0.6956
DIAMONDS EIGHT CLUBS QUEEN,0.721,0.0334,0.2456
CLUBS EIGHT DIAMONDS SIX,0.7004,0.0328,0.2668
SPADES TEN HEARTS KING,0.229,0.1202,0.6508
SPADES FIVE DIAMONDS SIX,0.6248,0.0072,0.368
HEARTS ACE SPADES TWO,0.3986,0.0058,0.5956
SPADES JACK HEARTS KING,0.2412,0.0782,0.6806
SPADES FOUR DIAMONDS SIX,0.6534,0.007,0.3396
SPADES THREE DIAMONDS SIX,0.6532,0.0088,0.338
HEARTS QUEEN SPADES TWO,0.6252,0.0066,0.3682
SPADES ACE SPADES KING,0.2168,0.0136,0.7696
SPADES TWO HEARTS KING,0.5486,0.2276,0.2238
SPADES TWO DIAMONDS SIX,0.6642,0.0086,0.3272
HEARTS TEN HEARTS EIGHT,0.6436,0.0286,0.3278
SPADES NINE DIAMONDS SIX,0.6242,0.0084,0.3674
HEARTS JACK HEARTS EIGHT,0.6574,0.0318,0.3108
SPADES SEVEN DIAMONDS SIX,0.6266,0.008,0.3654
SPADES SIX DIAMONDS SIX,0.4438,0.0114,0.5448
SPADES KING HEARTS KING,0.0684,0.014,0.9176
SPADES QUEEN HEARTS KING,0.2314,0.0628,0.7058
CLUBS ACE CLUBS KING,0.2232,0.0124,0.7644
SPADES ACE HEARTS KING,0.2254,0.0132,0.7614
SPADES ACE HEARTS JACK,0.351,0.0036,0.6454
SPADES QUEEN HEARTS JACK,0.5516,0.0086,0.4398
SPADES KING HEARTS JACK,0.233,0.0876,0.6794
SPADES TEN DIAMONDS TEN,0.2952,0.01,0.6948
SPADES JACK DIAMONDS TEN,0.5688,0.0082,0.423
SPADES ACE DIAMONDS TEN,0.3466,0.0052,0.6482
SPADES JACK HEARTS JACK,0.2822,0.006,0.7118
SPADES TEN HEARTS JACK,0.5606,0.0078,0.4316
SPADES QUEEN DIAMONDS TEN,0.57,0.0068,0.4232
SPADES KING DIAMONDS TEN,0.2204,0.1154,0.6642
SPADES NINE DIAMONDS SEVEN,0.611,0.0074,0.3816
SPADES SEVEN DIAMONDS SEVEN,0.4576,0.008,0.5344
SPADES SIX DIAMONDS SEVEN,0.627,0.0074,0.3656
HEARTS THREE DIAMONDS SEVEN,0.6558,0.0086,0.3356
HEARTS KING DIAMONDS FIVE,0.5316,0.2406,0.2278
DIAMONDS QUEEN DIAMONDS SEVEN,0.6132,0.0092,0.3776
HEARTS TWO DIAMONDS SEVEN,0.6624,0.0072,0.3304
HEARTS QUEEN DIAMONDS FIVE,0.629,0.0064,0.3646
HEARTS FIVE DIAMONDS SEVEN,0.6408,0.0084,0.3508
DIAMONDS ACE DIAMONDS SEVEN,0.3706,0.0042,0.6252
HEARTS FOUR DIAMONDS SEVEN,0.6362,0.0082,0.3556
HEARTS ACE DIAMONDS FIVE,0.3818,0.0032,0.615
HEARTS SEVEN DIAMONDS SEVEN,0.4358,0.013,0.5512
HEARTS SIX DIAMONDS SEVEN,0.6208,0.0062,0.373
DIAMONDS SEVEN HEARTS NINE,0.6042,0.0076,0.3882
HEARTS EIGHT DIAMONDS SEVEN,0.6922,0.0336,0.2742
DIAMONDS JACK DIAMONDS SEVEN,0.6096,0.0094,0.381
DIAMONDS FIVE HEARTS JACK,0.6302,0.0084,0.3614
DIAMONDS TEN DIAMONDS SEVEN,0.5882,0.0072,0.4046
HEARTS TEN DIAMONDS FIVE,0.6316,0.009,0.3594
SPADES KING CLUBS TWO,0.539,0.2308,0.2302
HEARTS KING CLUBS KING,0.0862,0.0116,0.9022
CLUBS EIGHT DIAMONDS SEVEN,0.6782,0.0328,0.289
SPADES QUEEN CLUBS TWO,0.6302,0.0074,0.3624
HEARTS KING CLUBS QUEEN,0.2502,0.057,0.6928
CLUBS NINE DIAMONDS SEVEN,0.5958,0.0072,0.397
SPADES TWO CLUBS JACK,0.627,0.0058,0.3672
SPADES ACE CLUBS TWO,0.3972,0.003,0.5998
CLUBS TEN SPADES TWO,0.6308,0.0066,0.3626
HEARTS KING CLUBS ACE,0.245,0.0108,0.7442
CLUBS SEVEN CLUBS SIX,0.5894,0.0058,0.4048
SPADES TWO CLUBS KING,0.5354,0.2256,0.239
SPADES TWO DIAMONDS SEVEN,0.6778,0.0092,0.313
CLUBS EIGHT CLUBS SIX,0.6448,0.0296,0.3256
SPADES THREE DIAMONDS SEVEN,0.6696,0.008,0.3224
SPADES TWO CLUBS QUEEN,0.621,0.007,0.372
CLUBS NINE CLUBS SIX,0.5802,0.008,0.4118
SPADES FOUR DIAMONDS SEVEN,0.646,0.008,0.346
HEARTS KING CLUBS JACK,0.2416,0.0812,0.6772
SPADES FIVE DIAMONDS SEVEN,0.6442,0.0072,0.3486
SPADES TWO CLUBS ACE,0.3918,0.003,0.6052
CLUBS TEN HEARTS KING,0.2342,0.113,0.6528
CLUBS SIX SPADES TWO,0.6572,0.008,0.3348
CLUBS SIX SPADES THREE,0.6372,0.0066,0.3562
CLUBS TWO DIAMONDS SEVEN,0.675,0.0072,0.3178
CLUBS SIX SPADES FOUR,0.6376,0.0082,0.3542
CLUBS THREE DIAMONDS SEVEN,0.6538,0.0072,0.339
CLUBS SIX SPADES FIVE,0.618,0.0078,0.3742
CLUBS FOUR DIAMONDS SEVEN,0.6348,0.0078,0.3574
CLUBS SIX SPADES SIX,0.4318,0.0128,0.5554
CLUBS FIVE DIAMONDS SEVEN,0.6218,0.007,0.3712
CLUBS SIX SPADES SEVEN,0.6174,0.007,0.3756
CLUBS SIX DIAMONDS SEVEN,0.614,0.006,0.38
SPADES JACK CLUBS TWO,0.6268,0.0102,0.363
CLUBS SEVEN DIAMONDS SEVEN,0.434,0.0106,0.5554
SPADES NINE CLUBS SIX,0.6146,0.0064,0.379
SPADES TEN CLUBS TWO,0.6298,0.0084,0.3618
CLUBS TWO CLUBS QUEEN,0.6052,0.0076,0.3872
CLUBS TWO CLUBS KING,0.5076,0.2166,0.2758
CLUBS THREE DIAMONDS EIGHT,0.7346,0.0414,0.224
CLUBS TWO CLUBS ACE,0.3686,0.0052,0.6262
CLUBS TWO DIAMONDS EIGHT,0.751,0.0376,0.2114
HEARTS SEVEN DIAMONDS EIGHT,0.6866,0.0362,0.2772
HEARTS SIX DIAMONDS EIGHT,0.7006,0.034,0.2654
DIAMONDS EIGHT HEARTS NINE,0.6824,0.0284,0.2892
CLUBS TEN CLUBS TWO,0.5884,0.0088,0.4028
DIAMONDS EIGHT HEARTS EIGHT,0.2982,0.028,0.6738
CLUBS TWO CLUBS JACK,0.5926,0.0082,0.3992
CLUBS NINE DIAMONDS EIGHT,0.687,0.03,0.283
CLUBS EIGHT DIAMONDS EIGHT,0.2978,0.0272,0.675
CLUBS FIVE DIAMONDS EIGHT,0.7034,0.0356,0.261
SPADES ACE SPADES THREE,0.37,0.006,0.624
CLUBS FOUR DIAMONDS EIGHT,0.7168,0.0386,0.2446
CLUBS SEVEN DIAMONDS EIGHT,0.6856,0.034,0.2804
SPADES QUEEN SPADES THREE,0.6012,0.0088,0.39
CLUBS SIX DIAMONDS EIGHT,0.699,0.0336,0.2674
SPADES KING SPADES THREE,0.5104,0.22,0.2696
DIAMONDS QUEEN DIAMONDS EIGHT,0.6826,0.0344,0.283
HEARTS TWO DIAMONDS EIGHT,0.738,0.0358,0.2262
HEARTS THREE DIAMONDS EIGHT,0.7372,0.0428,0.22
DIAMONDS ACE DIAMONDS EIGHT,0.2114,0.0272,0.7614
HEARTS FOUR DIAMONDS EIGHT,0.7194,0.0336,0.247
HEARTS FIVE DIAMONDS EIGHT,0.6978,0.0388,0.2634
DIAMONDS EIGHT DIAMONDS TEN,0.655,0.0314,0.3136
DIAMONDS EIGHT DIAMONDS JACK,0.6728,0.03,0.2972
SPADES JACK SPADES THREE,0.6026,0.0098,0.3876
SPADES TEN SPADES THREE,0.5984,0.0068,0.3948
CLUBS FOUR HEARTS ACE,0.3884,0.005,0.6066
CLUBS FOUR HEARTS QUEEN,0.63,0.007,0.363
CLUBS FOUR HEARTS KING,0.53,0.2294,0.2406
CLUBS SIX HEARTS TEN,0.617,0.0068,0.3762
CLUBS SIX HEARTS JACK,0.6354,0.0066,0.358
SPADES FOUR DIAMONDS EIGHT,0.7216,0.0352,0.2432
SPADES FIVE DIAMONDS EIGHT,0.7186,0.035,0.2464
DIAMONDS EIGHT SPADES TWO,0.7472,0.0356,0.2172
DIAMONDS EIGHT SPADES THREE,0.743,0.0414,0.2156
CLUBS FOUR HEARTS JACK,0.6208,0.0068,0.3724
SPADES TEN DIAMONDS QUEEN,0.5498,0.007,0.4432
SPADES TEN HEARTS TWO,0.6224,0.0108,0.3668
SPADES JACK HEARTS EIGHT,0.6996,0.0298,0.2706
CLUBS FOUR HEARTS TEN,0.624,0.0074,0.3686
SPADES NINE DIAMONDS EIGHT,0.687,0.027,0.286
SPADES TEN HEARTS EIGHT,0.6856,0.0282,0.2862
SPADES JACK HEARTS TWO,0.629,0.0064,0.3646
SPADES JACK DIAMONDS QUEEN,0.56,0.0084,0.4316
SPADES SIX DIAMONDS EIGHT,0.7068,0.0334,0.2598
SPADES SEVEN DIAMONDS EIGHT,0.6818,0.039,0.2792
SPADES ACE HEARTS TWO,0.4026,0.0034,0.594
SPADES ACE DIAMONDS QUEEN,0.3526,0.0048,0.6426
SPADES ACE HEARTS EIGHT,0.2282,0.0258,0.746
SPADES KING HEARTS EIGHT,0.012,0.9686,0.0194
SPADES QUEEN HEARTS TWO,0.637,0.0054,0.3576
SPADES QUEEN DIAMONDS QUEEN,0.275,0.0048,0.7202
SPADES KING DIAMONDS QUEEN,0.2296,0.0668,0.7036
SPADES KING HEARTS TWO,0.5396,0.2286,0.2318
SPADES QUEEN HEARTS EIGHT,0.7116,0.0294,0.259
CLUBS TWO HEARTS TEN,0.6354,0.0092,0.3554
CLUBS TWO HEARTS JACK,0.6352,0.0062,0.3586
SPADES SEVEN DIAMONDS NINE,0.6086,0.0096,0.3818
SPADES SIX DIAMONDS NINE,0.6242,0.0068,0.369
SPADES NINE DIAMONDS NINE,0.3058,0.0096,0.6846
SPADES TEN CLUBS KING,0.232,0.1138,0.6542
DIAMONDS NINE SPADES THREE,0.6426,0.0098,0.3476
SPADES JACK CLUBS KING,0.2314,0.092,0.6766
DIAMONDS NINE SPADES TWO,0.6448,0.0088,0.3464
SPADES FIVE DIAMONDS NINE,0.632,0.0094,0.3586
DIAMONDS NINE SPADES FOUR,0.641,0.0082,0.3508
CLUBS NINE DIAMONDS NINE,0.3162,0.007,0.6768
CLUBS EIGHT DIAMONDS NINE,0.688,0.0314,0.2806
CLUBS SIX DIAMONDS NINE,0.6094,0.007,0.3836
SPADES JACK CLUBS FOUR,0.628,0.0086,0.3634
CLUBS SEVEN DIAMONDS NINE,0.6146,0.0064,0.379
SPADES TEN CLUBS FOUR,0.6182,0.0072,0.3746
CLUBS FOUR DIAMONDS NINE,0.6336,0.0066,0.3598
CLUBS FIVE DIAMONDS NINE,0.6276,0.0078,0.3646
DIAMONDS NINE CLUBS TWO,0.6456,0.0074,0.347
CLUBS THREE DIAMONDS NINE,0.6396,0.0078,0.3526
DIAMONDS NINE HEARTS EIGHT,0.6892,0.0306,0.2802
DIAMONDS NINE HEARTS NINE,0.31,0.0094,0.6806
HEARTS SIX DIAMONDS NINE,0.6116,0.0082,0.3802
HEARTS SEVEN DIAMONDS NINE,0.6074,0.0054,0.3872
CLUBS NINE CLUBS EIGHT,0.6406,0.0254,0.334
DIAMONDS ACE DIAMONDS NINE,0.3364,0.0056,0.658
HEARTS FOUR DIAMONDS NINE,0.6494,0.0078,0.3428
HEARTS FIVE DIAMONDS NINE,0.6326,0.0056,0.3618
HEARTS ACE CLUBS TWO,0.3886,0.0058,0.6056
SPADES ACE CLUBS FOUR,0.376,0.0056,0.6184
DIAMONDS QUEEN DIAMONDS NINE,0.5534,0.007,0.4396
HEARTS TWO DIAMONDS NINE,0.64,0.0074,0.3526
CLUBS TWO HEARTS KING,0.5424,0.2212,0.2364
SPADES KING CLUBS FOUR,0.5324,0.2386,0.229
HEARTS THREE DIAMONDS NINE,0.636,0.0062,0.3578
CLUBS TWO HEARTS QUEEN,0.635,0.0076,0.3574
SPADES QUEEN CLUBS FOUR,0.628,0.007,0.365
DIAMONDS NINE DIAMONDS JACK,0.5512,0.008,0.4408
CLUBS EIGHT SPADES NINE,0.6804,0.0274,0.2922
DIAMONDS NINE DIAMONDS TEN,0.5454,0.0072,0.4474
CLUBS EIGHT SPADES SEVEN,0.6834,0.0328,0.2838
CLUBS EIGHT SPADES SIX,0.6994,0.0352,0.2654
CLUBS EIGHT SPADES FIVE,0.704,0.0376,0.2584
CLUBS EIGHT SPADES FOUR,0.721,0.038,0.241
CLUBS EIGHT SPADES THREE,0.7346,0.041,0.2244
CLUBS EIGHT SPADES TWO,0.7412,0.0322,0.2266
HEARTS SIX DIAMONDS TEN,0.6208,0.0066,0.3726
HEARTS SEVEN DIAMONDS TEN,0.6188,0.009,0.3722
DIAMONDS TEN HEARTS EIGHT,0.6932,0.026,0.2808
CLUBS FOUR CLUBS JACK,0.594,0.008,0.398
DIAMONDS TEN HEARTS NINE,0.5606,0.009,0.4304
CLUBS TEN CLUBS FOUR,0.5966,0.0076,0.3958
CLUBS FOUR CLUBS KING,0.5078,0.2158,0.2764
CLUBS FOUR CLUBS QUEEN,0.588,0.0052,0.4068
CLUBS TWO DIAMONDS TEN,0.6284,0.0074,0.3642
CLUBS THREE DIAMONDS TEN,0.6276,0.0104,0.362
CLUBS FOUR CLUBS ACE,0.3556,0.006,0.6384
DIAMONDS JACK DIAMONDS TEN,0.5078,0.0088,0.4834
DIAMONDS QUEEN DIAMONDS TEN,0.5372,0.0058,0.457
HEARTS TWO DIAMONDS TEN,0.637,0.0072,0.3558
HEARTS THREE DIAMONDS TEN,0.6378,0.0098,0.3524
DIAMONDS ACE DIAMONDS TEN,0.327,0.0052,0.6678
HEARTS FOUR DIAMONDS TEN,0.6276,0.0072,0.3652
CLUBS EIGHT HEARTS JACK,0.7108,0.028,0.2612
HEARTS FIVE DIAMONDS TEN,0.635,0.0084,0.3566
CLUBS EIGHT HEARTS TEN,0.679,0.034,0.287
CLUBS EIGHT HEARTS QUEEN,0.7198,0.0304,0.2498
CLUBS EIGHT HEARTS KING,0.02,0.9554,0.0246
CLUBS EIGHT HEARTS ACE,0.235,0.0264,0.7386
CLUBS NINE SPADES THREE,0.6356,0.0074,0.357
CLUBS NINE SPADES TWO,0.64,0.0066,0.3534
CLUBS NINE SPADES FIVE,0.6278,0.0078,0.3644
CLUBS NINE SPADES FOUR,0.6412,0.0074,0.3514
CLUBS NINE SPADES SEVEN,0.596,0.0062,0.3978
CLUBS NINE SPADES SIX,0.617,0.007,0.376
CLUBS NINE SPADES NINE,0.3088,0.0114,0.6798
CLUBS TEN HEARTS EIGHT,0.6906,0.0276,0.2818
HEARTS EIGHT CLUBS JACK,0.7016,0.0302,0.2682
CLUBS QUEEN HEARTS EIGHT,0.72,0.0312,0.2488
CLUBS KING HEARTS EIGHT,0.0212,0.9556,0.0232
CLUBS ACE HEARTS EIGHT,0.2346,0.0242,0.7412
SPADES KING CLUBS KING,0.0622,0.016,0.9218
SPADES QUEEN CLUBS KING,0.2318,0.0646,0.7036
SPADES ACE CLUBS KING,0.231,0.01,0.759
DIAMONDS ACE HEARTS TEN,0.3424,0.0044,0.6532
HEARTS FOUR HEARTS TEN,0.5784,0.0054,0.4162
DIAMONDS ACE HEARTS JACK,0.3452,0.0044,0.6504
HEARTS FOUR HEARTS JACK,0.5926,0.0078,0.3996
SPADES KING CLUBS FIVE,0.5258,0.2388,0.2354
SPADES QUEEN CLUBS FIVE,0.6172,0.0086,0.3742
SPADES ACE CLUBS FIVE,0.3802,0.005,0.6148
HEARTS SEVEN DIAMONDS JACK,0.6272,0.0068,0.366
HEARTS SIX DIAMONDS JACK,0.6422,0.0076,0.3502
DIAMONDS JACK HEARTS NINE,0.5838,0.0074,0.4088
DIAMONDS JACK HEARTS EIGHT,0.7118,0.0348,0.2534
HEARTS THREE DIAMONDS JACK,0.6422,0.0084,0.3494
SPADES ACE SPADES SIX,0.3766,0.0044,0.619
HEARTS ACE SPADES FOUR,0.3934,0.0052,0.6014
DIAMONDS QUEEN DIAMONDS JACK,0.5314,0.0064,0.4622
HEARTS TWO DIAMONDS JACK,0.6302,0.0076,0.3622
HEARTS FIVE DIAMONDS JACK,0.6218,0.0098,0.3684
SPADES QUEEN SPADES SIX,0.5994,0.0072,0.3934
SPADES FOUR HEARTS QUEEN,0.625,0.0064,0.3686
DIAMONDS ACE DIAMONDS JACK,0.3304,0.006,0.6636
HEARTS FOUR DIAMONDS JACK,0.632,0.0084,0.3596
SPADES KING SPADES SIX,0.5116,0.2214,0.267
SPADES FOUR HEARTS KING,0.5502,0.2304,0.2194
SPADES TEN SPADES SIX,0.5906,0.008,0.4014
SPADES JACK SPADES SIX,0.601,0.007,0.392
SPADES FOUR DIAMONDS JACK,0.6278,0.0092,0.363
SPADES FIVE DIAMONDS JACK,0.6308,0.0066,0.3626
DIAMONDS JACK SPADES TWO,0.6354,0.0092,0.3554
SPADES THREE DIAMONDS JACK,0.6468,0.008,0.3452
SPADES ACE DIAMONDS THREE,0.3998,0.006,0.5942
SPADES QUEEN DIAMONDS THREE,0.6328,0.0078,0.3594
CLUBS EIGHT DIAMONDS JACK,0.7098,0.0312,0.259
SPADES KING DIAMONDS THREE,0.5504,0.2274,0.2222
CLUBS NINE DIAMONDS JACK,0.5702,0.0054,0.4244
CLUBS SIX DIAMONDS JACK,0.6424,0.0068,0.3508
CLUBS SEVEN DIAMONDS JACK,0.6332,0.0078,0.359
CLUBS FOUR DIAMONDS JACK,0.6334,0.0062,0.3604
CLUBS FIVE DIAMONDS JACK,0.6278,0.006,0.3662
CLUBS TWO DIAMONDS JACK,0.6296,0.008,0.3624
CLUBS THREE DIAMONDS JACK,0.6414,0.007,0.3516
SPADES TEN CLUBS FIVE,0.6368,0.0062,0.357
SPADES JACK HEARTS SIX,0.6128,0.0062,0.381
HEARTS SIX SPADES TEN,0.6238,0.007,0.3692
SPADES JACK CLUBS FIVE,0.617,0.0078,0.3752
SPADES JACK DIAMONDS THREE,0.6318,0.0076,0.3606
CLUBS SEVEN CLUBS ACE,0.3558,0.0022,0.642
DIAMONDS THREE SPADES TEN,0.6478,0.0066,0.3456
CLUBS SEVEN CLUBS QUEEN,0.5898,0.0054,0.4048
CLUBS SEVEN CLUBS KING,0.5104,0.2208,0.2688
SPADES NINE DIAMONDS JACK,0.5688,0.008,0.4232
CLUBS TEN CLUBS SEVEN,0.5766,0.0048,0.4186
DIAMONDS ACE HEARTS ACE,0.114,0.0032,0.8828
HEARTS FOUR HEARTS ACE,0.3704,0.0028,0.6268
SPADES ACE HEARTS SIX,0.3886,0.0042,0.6072
CLUBS SEVEN CLUBS JACK,0.5878,0.0074,0.4048
DIAMONDS ACE HEARTS KING,0.2304,0.0114,0.7582
HEARTS FOUR HEARTS KING,0.509,0.2126,0.2784
SPADES SEVEN DIAMONDS JACK,0.617,0.0072,0.3758
SPADES KING HEARTS SIX,0.5342,0.2306,0.2352
DIAMONDS ACE HEARTS QUEEN,0.3594,0.0042,0.6364
HEARTS FOUR HEARTS QUEEN,0.5826,0.0078,0.4096
SPADES SIX DIAMONDS JACK,0.6402,0.0072,0.3526
SPADES QUEEN HEARTS SIX,0.6206,0.0086,0.3708
SPADES TWO DIAMONDS TEN,0.6386,0.0076,0.3538
SPADES THREE DIAMONDS TEN,0.6394,0.008,0.3526
SPADES FOUR DIAMONDS TEN,0.6328,0.005,0.3622
SPADES FIVE DIAMONDS TEN,0.6472,0.0076,0.3452
SPADES SIX DIAMONDS TEN,0.6412,0.0066,0.3522
SPADES SEVEN DIAMONDS TEN,0.6178,0.0082,0.374
SPADES NINE DIAMONDS TEN,0.559,0.0068,0.4342
CLUBS FOUR DIAMONDS TEN,0.636,0.0056,0.3584
CLUBS FIVE DIAMONDS TEN,0.6346,0.0072,0.3582
CLUBS SIX DIAMONDS TEN,0.6306,0.0052,0.3642
CLUBS SEVEN DIAMONDS TEN,0.617,0.0066,0.3764
CLUBS EIGHT DIAMONDS TEN,0.6936,0.0316,0.2748
CLUBS NINE DIAMONDS TEN,0.566,0.0094,0.4246
DIAMONDS THREE CLUBS JACK,0.645,0.0076,0.3474
CLUBS TEN DIAMONDS THREE,0.6446,0.0056,0.3498
DIAMONDS THREE CLUBS KING,0.5548,0.2288,0.2164
DIAMONDS THREE CLUBS QUEEN,0.6446,0.0078,0.3476
DIAMONDS THREE CLUBS ACE,0.3944,0.0056,0.6
SPADES FOUR HEARTS JACK,0.6234,0.008,0.3686
SPADES FOUR HEARTS TEN,0.6312,0.0074,0.3614
SPADES FIVE SPADES TWO,0.6184,0.0084,0.3732
SPADES FOUR SPADES TWO,0.6184,0.006,0.3756
SPADES THREE SPADES TWO,0.621,0.0102,0.3688
SPADES NINE SPADES TWO,0.6104,0.0072,0.3824
SPADES SEVEN SPADES TWO,0.6308,0.0062,0.363
SPADES SIX SPADES TWO,0.6408,0.0088,0.3504
DIAMONDS QUEEN CLUBS THREE,0.6408,0.0078,0.3514
CLUBS THREE HEARTS TWO,0.6482,0.0088,0.343
DIAMONDS QUEEN CLUBS TWO,0.631,0.0078,0.3612
HEARTS TWO CLUBS TWO,0.4512,0.0166,0.5322
HEARTS SEVEN DIAMONDS QUEEN,0.6512,0.0058,0.343
HEARTS SEVEN HEARTS TWO,0.6256,0.0086,0.3658
HEARTS SIX DIAMONDS QUEEN,0.638,0.0074,0.3546
HEARTS SIX HEARTS TWO,0.6126,0.0058,0.3816
DIAMONDS QUEEN HEARTS NINE,0.5942,0.0068,0.399
HEARTS TWO HEARTS NINE,0.597,0.008,0.395
DIAMONDS QUEEN HEARTS EIGHT,0.7174,0.0322,0.2504
HEARTS TWO HEARTS EIGHT,0.6916,0.0356,0.2728
CLUBS NINE HEARTS TWO,0.641,0.0078,0.3512
CLUBS NINE DIAMONDS QUEEN,0.5772,0.004,0.4188
CLUBS EIGHT HEARTS TWO,0.734,0.037,0.229
CLUBS EIGHT DIAMONDS QUEEN,0.7146,0.0296,0.2558
CLUBS FIVE DIAMONDS QUEEN,0.6368,0.007,0.3562
CLUBS FIVE HEARTS TWO,0.6446,0.009,0.3464
DIAMONDS QUEEN CLUBS FOUR,0.6274,0.0058,0.3668
CLUBS FOUR HEARTS TWO,0.6442,0.0058,0.35
CLUBS SEVEN DIAMONDS QUEEN,0.6464,0.006,0.3476
CLUBS SEVEN HEARTS TWO,0.6752,0.007,0.3178
CLUBS SIX DIAMONDS QUEEN,0.6294,0.0066,0.364
CLUBS SIX HEARTS TWO,0.6674,0.008,0.3246
DIAMONDS QUEEN SPADES SIX,0.6282,0.0094,0.3624
SPADES SIX HEARTS TWO,0.657,0.0098,0.3332
HEARTS FOUR CLUBS QUEEN,0.6374,0.0058,0.3568
DIAMONDS ACE CLUBS QUEEN,0.3694,0.0038,0.6268
DIAMONDS QUEEN SPADES SEVEN,0.6408,0.0072,0.352
SPADES SEVEN HEARTS TWO,0.666,0.0098,0.3242
HEARTS FOUR CLUBS KING,0.5374,0.2206,0.242
DIAMONDS ACE CLUBS KING,0.2274,0.0132,0.7594
HEARTS FOUR CLUBS ACE,0.393,0.0042,0.6028
DIAMONDS ACE CLUBS ACE,0.1156,0.0018,0.8826
SPADES NINE DIAMONDS QUEEN,0.5748,0.0084,0.4168
SPADES NINE HEARTS TWO,0.6306,0.007,0.3624
HEARTS TWO SPADES TWO,0.452,0.014,0.534
DIAMONDS QUEEN SPADES TWO,0.6372,0.0082,0.3546
HEARTS TWO SPADES THREE,0.649,0.009,0.342
DIAMONDS QUEEN SPADES THREE,0.6438,0.0074,0.3488
HEARTS TWO SPADES FOUR,0.6426,0.008,0.3494
DIAMONDS QUEEN SPADES FOUR,0.6414,0.0086,0.35
CLUBS TEN HEARTS FOUR,0.6206,0.006,0.3734
CLUBS TEN DIAMONDS ACE,0.3416,0.005,0.6534
HEARTS TWO SPADES FIVE,0.6596,0.0078,0.3326
DIAMONDS QUEEN SPADES FIVE,0.638,0.0104,0.3516
HEARTS FOUR CLUBS JACK,0.6254,0.0076,0.367
DIAMONDS ACE CLUBS JACK,0.342,0.0044,0.6536
CLUBS FIVE CLUBS KING,0.5084,0.2192,0.2724
CLUBS FIVE CLUBS QUEEN,0.5918,0.0056,0.4026
CLUBS FIVE CLUBS ACE,0.3694,0.004,0.6266
CLUBS FIVE CLUBS JACK,0.5872,0.0062,0.4066
CLUBS TEN CLUBS FIVE,0.5832,0.0052,0.4116
SPADES KING CLUBS JACK,0.2274,0.0864,0.6862
SPADES QUEEN CLUBS JACK,0.555,0.0064,0.4386
SPADES ACE CLUBS JACK,0.3448,0.0028,0.6524
SPADES SIX CLUBS KING,0.5472,0.236,0.2168
SPADES SIX CLUBS QUEEN,0.6372,0.006,0.3568
SPADES SIX CLUBS ACE,0.4026,0.0046,0.5928
SPADES SIX CLUBS JACK,0.634,0.0064,0.3596
CLUBS TEN SPADES SIX,0.6176,0.0076,0.3748
SPADES TEN CLUBS JACK,0.5558,0.0072,0.437
SPADES JACK CLUBS JACK,0.276,0.0052,0.7188
SPADES QUEEN CLUBS SEVEN,0.6378,0.0072,0.355
SPADES KING CLUBS SEVEN,0.5438,0.2262,0.23
SPADES ACE CLUBS SEVEN,0.384,0.0058,0.6102
SPADES SIX HEARTS TEN,0.6248,0.0064,0.3688
SPADES SIX HEARTS JACK,0.643,0.0078,0.3492
SPADES SIX HEARTS ACE,0.3868,0.003,0.6102
SPADES SIX HEARTS KING,0.5392,0.2264,0.2344
SPADES SIX HEARTS QUEEN,0.6254,0.006,0.3686
CLUBS SEVEN SPADES JACK,0.6196,0.0078,0.3726
CLUBS SEVEN SPADES TEN,0.6054,0.0074,0.3872
CLUBS TEN HEARTS SIX,0.6112,0.0064,0.3824
HEARTS SIX CLUBS JACK,0.6348,0.0058,0.3594
CLUBS ACE CLUBS JACK,0.3156,0.0036,0.6808
HEARTS SIX CLUBS QUEEN,0.631,0.0044,0.3646
HEARTS SIX CLUBS KING,0.5436,0.2192,0.2372
HEARTS SIX CLUBS ACE,0.383,0.004,0.613
CLUBS QUEEN CLUBS JACK,0.5372,0.007,0.4558
CLUBS KING CLUBS JACK,0.217,0.079,0.704
DIAMONDS THREE HEARTS ACE,0.3958,0.0052,0.599
DIAMONDS THREE HEARTS QUEEN,0.6266,0.0072,0.3662
DIAMONDS THREE HEARTS KING,0.5468,0.2338,0.2194
CLUBS FIVE HEARTS JACK,0.6306,0.0066,0.3628
SPADES TEN DIAMONDS ACE,0.3408,0.0046,0.6546
HEARTS FOUR SPADES TEN,0.6318,0.0066,0.3616
CLUBS FIVE HEARTS TEN,0.6166,0.0078,0.3756
HEARTS FOUR SPADES JACK,0.6102,0.0078,0.382
SPADES JACK DIAMONDS ACE,0.354,0.0046,0.6414
SPADES ACE HEARTS FOUR,0.3896,0.0048,0.6056
SPADES ACE DIAMONDS ACE,0.108,0.004,0.888
CLUBS FIVE HEARTS ACE,0.3798,0.0032,0.617
CLUBS FIVE HEARTS KING,0.5428,0.2184,0.2388
HEARTS FOUR SPADES QUEEN,0.6112,0.007,0.3818
SPADES QUEEN DIAMONDS ACE,0.3334,0.0032,0.6634
SPADES FOUR CLUBS JACK,0.6316,0.0048,0.3636
CLUBS FIVE HEARTS QUEEN,0.6342,0.0058,0.36
SPADES KING DIAMONDS ACE,0.2284,0.0132,0.7584
SPADES KING HEARTS FOUR,0.532,0.233,0.235
CLUBS TEN SPADES FOUR,0.6348,0.009,0.3562
DIAMONDS ACE DIAMONDS QUEEN,0.3304,0.0042,0.6654
DIAMONDS ACE HEARTS TWO,0.3966,0.0052,0.5982
HEARTS FOUR DIAMONDS QUEEN,0.6212,0.007,0.3718
HEARTS FOUR HEARTS TWO,0.6066,0.0064,0.387
DIAMONDS THREE HEARTS TEN,0.6422,0.0062,0.3516
SPADES FOUR CLUBS KING,0.5574,0.223,0.2196
HEARTS FIVE DIAMONDS QUEEN,0.6334,0.0062,0.3604
HEARTS FIVE HEARTS TWO,0.5946,0.0074,0.398
DIAMONDS THREE HEARTS JACK,0.6378,0.006,0.3562
SPADES FOUR CLUBS QUEEN,0.641,0.0068,0.3522
DIAMONDS QUEEN HEARTS TWO,0.6382,0.0084,0.3534
DIAMONDS QUEEN HEARTS THREE,0.633,0.007,0.36
HEARTS THREE HEARTS TWO,0.6194,0.0054,0.3752
SPADES FOUR CLUBS ACE,0.4012,0.0032,0.5956
HEARTS TWO CLUBS ACE,0.3886,0.0036,0.6078
DIAMONDS QUEEN CLUBS ACE,0.346,0.003,0.651
HEARTS TWO CLUBS QUEEN,0.6286,0.0086,0.3628
DIAMONDS QUEEN CLUBS QUEEN,0.2896,0.0038,0.7066
HEARTS TWO CLUBS KING,0.5488,0.217,0.2342
DIAMONDS QUEEN CLUBS KING,0.2408,0.063,0.6962
CLUBS TEN HEARTS TWO,0.6342,0.0088,0.357
CLUBS TEN DIAMONDS QUEEN,0.571,0.0068,0.4222
SPADES NINE SPADES FIVE,0.5854,0.008,0.4066
HEARTS TWO CLUBS JACK,0.6252,0.006,0.3688
DIAMONDS QUEEN CLUBS JACK,0.5604,0.007,0.4326
SPADES SIX SPADES FIVE,0.6066,0.007,0.3864
SPADES SEVEN SPADES FIVE,0.605,0.0082,0.3868
DIAMONDS FIVE CLUBS QUEEN,0.6232,0.0058,0.371
DIAMONDS FIVE CLUBS KING,0.5386,0.2374,0.224
CLUBS ACE DIAMONDS FIVE,0.377,0.0056,0.6174
CLUBS TEN DIAMONDS FIVE,0.6282,0.0068,0.365
DIAMONDS FIVE CLUBS JACK,0.6342,0.0082,0.3576
DIAMONDS TEN HEARTS JACK,0.551,0.007,0.442
DIAMONDS TEN HEARTS TEN,0.3054,0.0068,0.6878
SPADES ACE CLUBS NINE,0.3612,0.0038,0.635
CLUBS NINE SPADES QUEEN,0.5808,0.0064,0.4128
CLUBS NINE SPADES KING,0.2262,0.1558,0.618
HEARTS SIX HEARTS KING,0.5012,0.221,0.2778
SPADES SEVEN HEARTS THREE,0.6596,0.008,0.3324
