opposingHand,winningChance,drawChance,lostChance
SPADES TEN DIAMONDS SEVEN
HEARTS FIVE SPADES JACK,0.4052,0.0158,0.579
SPADES FIVE CLUBS JACK,0.42,0.0158,0.5642
CLUBS TEN SPADES FIVE,0.4842,0.2924,0.2234
CLUBS EIGHT CLUBS JACK,0.342,0.0134,0.6446
CLUBS TEN CLUBS EIGHT,0.2236,0.2116,0.5648
CLUBS EIGHT CLUBS KING,0.3496,0.0062,0.6442
SPADES FIVE CLUBS ACE,0.4112,0.0048,0.584
CLUBS EIGHT CLUBS QUEEN,0.3488,0.0106,0.6406
SPADES FIVE CLUBS KING,0.4312,0.006,0.5628
SPADES FIVE CLUBS QUEEN,0.4146,0.0108,0.5746
CLUBS EIGHT CLUBS ACE,0.3464,0.0022,0.6514
DIAMONDS TWO DIAMONDS THREE,0.6116,0.0284,0.36
DIAMONDS TWO DIAMONDS FIVE,0.6082,0.0234,0.3684
HEARTS FIVE SPADES KING,0.4206,0.0072,0.5722
DIAMONDS TWO DIAMONDS FOUR,0.6112,0.0258,0.363
HEARTS FIVE SPADES QUEEN,0.4112,0.0128,0.576
DIAMONDS TWO DIAMONDS SIX,0.6208,0.028,0.3512
SPADES ACE HEARTS FIVE,0.403,0.0046,0.5924
DIAMONDS TWO DIAMONDS NINE,0.618,0.0316,0.3504
DIAMONDS TWO DIAMONDS EIGHT,0.62,0.027,0.353
DIAMONDS THREE DIAMONDS FOUR,0.595,0.0246,0.3804
SPADES FOUR CLUBS TWO,0.6338,0.0276,0.3386
DIAMONDS THREE DIAMONDS FIVE,0.5912,0.019,0.3898
SPADES FIVE CLUBS TWO,0.6312,0.0232,0.3456
CLUBS TWO SPADES TWO,0.4362,0.0522,0.5116
CLUBS TWO SPADES THREE,0.6434,0.026,0.3306
DIAMONDS THREE DIAMONDS EIGHT,0.6084,0.025,0.3666
SPADES EIGHT CLUBS TWO,0.6508,0.0248,0.3244
DIAMONDS THREE DIAMONDS NINE,0.5952,0.0274,0.3774
SPADES NINE CLUBS TWO,0.6466,0.0226,0.3308
DIAMONDS THREE DIAMONDS SIX,0.5946,0.0282,0.3772
SPADES SIX CLUBS TWO,0.657,0.0316,0.3114
SPADES SEVEN CLUBS TWO,0.7048,0.075,0.2202
CLUBS SIX CLUBS TWO,0.6092,0.0276,0.3632
CLUBS SEVEN CLUBS TWO,0.6406,0.081,0.2784
CLUBS FOUR CLUBS TWO,0.5898,0.0286,0.3816
CLUBS FIVE CLUBS TWO,0.5936,0.0238,0.3826
CLUBS TEN CLUBS JACK,0.2318,0.0492,0.719
DIAMONDS FOUR DIAMONDS SIX,0.6024,0.0266,0.371
CLUBS TEN CLUBS QUEEN,0.227,0.039,0.734
CLUBS TEN CLUBS KING,0.2434,0.0308,0.7258
CLUBS TEN CLUBS ACE,0.2394,0.0216,0.739
CLUBS EIGHT CLUBS TWO,0.6038,0.0238,0.3724
DIAMONDS FIVE DIAMONDS FOUR,0.5776,0.0244,0.398
CLUBS NINE CLUBS TWO,0.6062,0.0228,0.371
DIAMONDS NINE DIAMONDS FOUR,0.601,0.0278,0.3712
DIAMONDS FOUR DIAMONDS EIGHT,0.6038,0.0224,0.3738
CLUBS THREE CLUBS TWO,0.5992,0.0222,0.3786
DIAMONDS NINE DIAMONDS FIVE,0.582,0.0266,0.3914
DIAMONDS TWO CLUBS JACK,0.429,0.0166,0.5544
DIAMONDS FIVE DIAMONDS EIGHT,0.5736,0.0228,0.4036
CLUBS TEN DIAMONDS TWO,0.489,0.2976,0.2134
DIAMONDS FIVE DIAMONDS SIX,0.5922,0.0296,0.3782
DIAMONDS TWO CLUBS ACE,0.4252,0.0056,0.5692
DIAMONDS TWO CLUBS KING,0.4392,0.0068,0.554
DIAMONDS TWO CLUBS QUEEN,0.4202,0.0104,0.5694
DIAMONDS EIGHT DIAMONDS SIX,0.575,0.0282,0.3968
DIAMONDS NINE DIAMONDS SIX,0.5838,0.0232,0.393
HEARTS ACE SPADES THREE,0.42,0.0028,0.5772
SPADES THREE HEARTS KING,0.4246,0.008,0.5674
SPADES THREE HEARTS QUEEN,0.4308,0.012,0.5572
SPADES THREE HEARTS JACK,0.433,0.019,0.548
SPADES THREE HEARTS TEN,0.5016,0.285,0.2134
DIAMONDS NINE DIAMONDS EIGHT,0.5258,0.026,0.4482
DIAMONDS KING HEARTS TEN,0.254,0.0332,0.7128
HEARTS THREE HEARTS TEN,0.4466,0.2762,0.2772
SPADES JACK CLUBS SIX,0.3884,0.0178,0.5938
DIAMONDS KING HEARTS JACK,0.3338,0.0068,0.6594
HEARTS THREE HEARTS JACK,0.3918,0.0164,0.5918
SPADES JACK SPADES FIVE,0.3986,0.0142,0.5872
DIAMONDS KING HEARTS ACE,0.3472,0.004,0.6488
HEARTS THREE HEARTS ACE,0.3856,0.0036,0.6108
SPADES ACE CLUBS SIX,0.4132,0.0058,0.581
DIAMONDS KING HEARTS QUEEN,0.3396,0.0056,0.6548
HEARTS THREE HEARTS QUEEN,0.404,0.0102,0.5858
SPADES KING CLUBS SIX,0.4108,0.0098,0.5794
DIAMONDS KING HEARTS KING,0.155,0.0104,0.8346
HEARTS THREE HEARTS KING,0.4054,0.0066,0.588
SPADES QUEEN CLUBS SIX,0.406,0.012,0.582
SPADES NINE HEARTS TEN,0.239,0.1686,0.5924
SPADES NINE HEARTS JACK,0.3492,0.0162,0.6346
SPADES QUEEN SPADES FIVE,0.4028,0.0108,0.5864
SPADES KING SPADES FIVE,0.3996,0.0082,0.5922
SPADES ACE SPADES FIVE,0.3894,0.0046,0.606
SPADES NINE HEARTS QUEEN,0.3702,0.0102,0.6196
SPADES NINE HEARTS KING,0.375,0.007,0.618
SPADES NINE HEARTS ACE,0.3752,0.004,0.6208
CLUBS TEN SPADES JACK,0.2382,0.0524,0.7094
SPADES ACE CLUBS TEN,0.2578,0.0206,0.7216
SPADES KING CLUBS TEN,0.2502,0.035,0.7148
CLUBS TEN SPADES QUEEN,0.235,0.0458,0.7192
SPADES FIVE HEARTS QUEEN,0.421,0.0116,0.5674
SPADES FIVE HEARTS KING,0.4168,0.009,0.5742
SPADES FIVE HEARTS ACE,0.408,0.0042,0.5878
SPADES JACK HEARTS THREE,0.407,0.0192,0.5738
SPADES JACK DIAMONDS KING,0.3266,0.008,0.6654
SPADES JACK CLUBS EIGHT,0.3644,0.0164,0.6192
CLUBS SIX HEARTS ACE,0.4124,0.0036,0.584
SPADES ACE CLUBS EIGHT,0.3772,0.0056,0.6172
HEARTS FIVE CLUBS JACK,0.4266,0.014,0.5594
HEARTS FIVE CLUBS TEN,0.4886,0.2884,0.223
CLUBS SIX HEARTS QUEEN,0.4102,0.0096,0.5802
SPADES QUEEN CLUBS EIGHT,0.364,0.0104,0.6256
CLUBS TEN SPADES THREE,0.4882,0.2978,0.214
CLUBS SIX HEARTS KING,0.3996,0.006,0.5944
SPADES KING CLUBS EIGHT,0.3748,0.0058,0.6194
SPADES THREE CLUBS JACK,0.418,0.0176,0.5644
DIAMONDS TWO HEARTS JACK,0.431,0.0208,0.5482
SPADES THREE CLUBS QUEEN,0.4234,0.0088,0.5678
DIAMONDS TWO HEARTS TEN,0.5052,0.2906,0.2042
SPADES THREE CLUBS KING,0.4322,0.0088,0.559
HEARTS FIVE CLUBS ACE,0.4214,0.0022,0.5764
SPADES FIVE HEARTS TEN,0.464,0.313,0.223
SPADES THREE CLUBS ACE,0.4228,0.0054,0.5718
HEARTS FIVE CLUBS KING,0.4162,0.0054,0.5784
SPADES FIVE HEARTS JACK,0.4164,0.0194,0.5642
HEARTS FIVE CLUBS QUEEN,0.42,0.0124,0.5676
HEARTS THREE CLUBS KING,0.4246,0.0064,0.569
DIAMONDS KING CLUBS KING,0.1562,0.0094,0.8344
HEARTS THREE CLUBS QUEEN,0.4096,0.0108,0.5796
DIAMONDS KING CLUBS QUEEN,0.3422,0.0052,0.6526
HEARTS FIVE HEARTS JACK,0.3996,0.0152,0.5852
HEARTS FIVE HEARTS TEN,0.4612,0.2704,0.2684
HEARTS THREE CLUBS ACE,0.4182,0.003,0.5788
DIAMONDS KING CLUBS ACE,0.357,0.0032,0.6398
SPADES ACE CLUBS QUEEN,0.342,0.0042,0.6538
SPADES KING CLUBS QUEEN,0.3276,0.0072,0.6652
HEARTS THREE CLUBS JACK,0.415,0.0168,0.5682
DIAMONDS KING CLUBS JACK,0.341,0.0064,0.6526
SPADES QUEEN CLUBS QUEEN,0.1656,0.017,0.8174
CLUBS TEN HEARTS THREE,0.4924,0.2802,0.2274
CLUBS TEN DIAMONDS KING,0.2652,0.0284,0.7064
SPADES JACK CLUBS QUEEN,0.3228,0.0076,0.6696
CLUBS SIX CLUBS QUEEN,0.3808,0.0114,0.6078
CLUBS SIX CLUBS KING,0.3992,0.0072,0.5936
CLUBS SIX CLUBS ACE,0.3818,0.0032,0.615
HEARTS FIVE HEARTS KING,0.3866,0.0076,0.6058
HEARTS FIVE HEARTS QUEEN,0.396,0.0078,0.5962
CLUBS TEN CLUBS SIX,0.4498,0.2766,0.2736
HEARTS FIVE HEARTS ACE,0.3896,0.0054,0.605
CLUBS SIX CLUBS JACK,0.3744,0.0194,0.6062
SPADES SEVEN HEARTS JACK,0.2546,0.0534,0.692
SPADES SEVEN HEARTS TEN,0.018,0.9712,0.0108
DIAMONDS TWO CLUBS TWO,0.4388,0.0542,0.507
DIAMONDS TWO CLUBS THREE,0.6234,0.0298,0.3468
DIAMONDS TWO HEARTS SIX,0.6566,0.026,0.3174
DIAMONDS TWO HEARTS QUEEN,0.4274,0.0128,0.5598
HEARTS SEVEN DIAMONDS TWO,0.7028,0.085,0.2122
DIAMONDS TWO HEARTS KING,0.4252,0.0064,0.5684
DIAMONDS TWO HEARTS EIGHT,0.6548,0.025,0.3202
DIAMONDS TWO HEARTS ACE,0.427,0.0046,0.5684
DIAMONDS TWO HEARTS NINE,0.6444,0.023,0.3326
DIAMONDS TWO DIAMONDS QUEEN,0.4004,0.0128,0.5868
DIAMONDS TWO HEARTS TWO,0.4352,0.0598,0.505
DIAMONDS TWO DIAMONDS KING,0.4064,0.0084,0.5852
DIAMONDS TWO HEARTS THREE,0.6202,0.0288,0.351
DIAMONDS TWO DIAMONDS ACE,0.4104,0.0054,0.5842
HEARTS FOUR DIAMONDS TWO,0.6384,0.0266,0.335
HEARTS FIVE DIAMONDS TWO,0.6338,0.0274,0.3388
SPADES SEVEN HEARTS ACE,0.2756,0.0236,0.7008
DIAMONDS TWO DIAMONDS TEN,0.4582,0.2838,0.258
SPADES SEVEN HEARTS KING,0.2704,0.0334,0.6962
DIAMONDS TWO DIAMONDS JACK,0.404,0.0144,0.5816
SPADES SEVEN HEARTS QUEEN,0.273,0.045,0.682
DIAMONDS TWO SPADES NINE,0.6386,0.0256,0.3358
DIAMONDS TWO SPADES EIGHT,0.6544,0.029,0.3166
DIAMONDS TWO SPADES SEVEN,0.6946,0.0864,0.219
DIAMONDS TWO SPADES SIX,0.6682,0.0308,0.301
DIAMONDS TWO SPADES FIVE,0.6314,0.0268,0.3418
DIAMONDS TWO SPADES FOUR,0.6276,0.0294,0.343
DIAMONDS TWO SPADES THREE,0.6422,0.0276,0.3302
DIAMONDS TWO SPADES TWO,0.441,0.0562,0.5028
CLUBS NINE DIAMONDS TWO,0.6438,0.0262,0.33
DIAMONDS TWO CLUBS EIGHT,0.6446,0.0254,0.33
CLUBS SEVEN DIAMONDS TWO,0.7146,0.0834,0.202
DIAMONDS TWO CLUBS SIX,0.6554,0.0288,0.3158
DIAMONDS TWO CLUBS FIVE,0.6342,0.0274,0.3384
DIAMONDS TWO CLUBS FOUR,0.6238,0.0304,0.3458
CLUBS FOUR SPADES FIVE,0.6114,0.0276,0.361
CLUBS FOUR SPADES FOUR,0.4268,0.0556,0.5176
CLUBS FOUR SPADES THREE,0.6268,0.0266,0.3466
CLUBS FOUR SPADES TWO,0.6404,0.023,0.3366
SPADES NINE CLUBS FOUR,0.6488,0.0264,0.3248
SPADES EIGHT CLUBS FOUR,0.6352,0.0244,0.3404
SPADES SEVEN CLUBS FOUR,0.6778,0.0836,0.2386
SPADES SIX CLUBS FOUR,0.6256,0.0242,0.3502
SPADES ACE DIAMONDS SIX,0.408,0.0052,0.5868
SPADES QUEEN DIAMONDS SIX,0.4034,0.0152,0.5814
SPADES KING DIAMONDS SIX,0.4154,0.0084,0.5762
SPADES JACK DIAMONDS SIX,0.4128,0.0172,0.57
SPADES QUEEN SPADES TWO,0.392,0.0154,0.5926
SPADES KING SPADES TWO,0.4048,0.008,0.5872
SPADES ACE SPADES TWO,0.39,0.0078,0.6022
DIAMONDS JACK CLUBS JACK,0.169,0.024,0.807
CLUBS TEN DIAMONDS JACK,0.2392,0.0516,0.7092
DIAMONDS JACK CLUBS KING,0.339,0.0066,0.6544
DIAMONDS JACK CLUBS QUEEN,0.326,0.0094,0.6646
DIAMONDS THREE DIAMONDS JACK,0.3974,0.019,0.5836
DIAMONDS THREE DIAMONDS TEN,0.4742,0.2736,0.2522
DIAMONDS JACK CLUBS ACE,0.3396,0.0032,0.6572
DIAMONDS THREE DIAMONDS KING,0.4098,0.0076,0.5826
DIAMONDS THREE HEARTS THREE,0.4214,0.05,0.5286
DIAMONDS THREE DIAMONDS QUEEN,0.4002,0.0144,0.5854
DIAMONDS THREE HEARTS TWO,0.6346,0.0294,0.336
HEARTS FIVE DIAMONDS THREE,0.6118,0.0286,0.3596
DIAMONDS THREE DIAMONDS ACE,0.3994,0.0046,0.596
HEARTS FOUR DIAMONDS THREE,0.6162,0.027,0.3568
HEARTS SEVEN DIAMONDS THREE,0.6854,0.0812,0.2334
HEARTS SIX DIAMONDS THREE,0.6374,0.031,0.3316
SPADES JACK SPADES NINE,0.3232,0.0164,0.6604
DIAMONDS THREE HEARTS NINE,0.6502,0.0262,0.3236
HEARTS JACK DIAMONDS FOUR,0.4198,0.0174,0.5628
HEARTS ACE HEARTS KING,0.3264,0.0034,0.6702
DIAMONDS THREE HEARTS EIGHT,0.6322,0.0288,0.339
HEARTS TEN DIAMONDS FOUR,0.4634,0.3016,0.235
SPADES JACK SPADES TWO,0.4104,0.0178,0.5718
HEARTS QUEEN DIAMONDS FOUR,0.4316,0.0106,0.5578
HEARTS KING DIAMONDS FOUR,0.4244,0.0072,0.5684
SPADES ACE SPADES NINE,0.3658,0.0054,0.6288
HEARTS ACE DIAMONDS FOUR,0.4118,0.0026,0.5856
SPADES KING SPADES NINE,0.3524,0.0082,0.6394
SPADES QUEEN SPADES NINE,0.3438,0.0088,0.6474
DIAMONDS THREE SPADES NINE,0.6454,0.0286,0.326
DIAMONDS THREE SPADES EIGHT,0.6554,0.0302,0.3144
DIAMONDS THREE SPADES SEVEN,0.6966,0.0758,0.2276
DIAMONDS THREE SPADES SIX,0.64,0.0314,0.3286
DIAMONDS THREE CLUBS SIX,0.6426,0.0262,0.3312
CLUBS FIVE CLUBS SIX,0.5712,0.0222,0.4066
CLUBS ACE DIAMONDS FOUR,0.424,0.0032,0.5728
CLUBS SEVEN DIAMONDS THREE,0.6918,0.0756,0.2326
CLUBS SEVEN CLUBS FIVE,0.6246,0.0754,0.3
DIAMONDS THREE CLUBS FOUR,0.6214,0.0274,0.3512
DIAMONDS FOUR CLUBS QUEEN,0.4164,0.0132,0.5704
DIAMONDS THREE CLUBS FIVE,0.6214,0.0266,0.352
CLUBS KING DIAMONDS FOUR,0.4016,0.0058,0.5926
DIAMONDS THREE CLUBS TWO,0.6378,0.0258,0.3364
CLUBS TEN DIAMONDS FOUR,0.4858,0.294,0.2202
DIAMONDS THREE CLUBS THREE,0.4276,0.0496,0.5228
DIAMONDS FOUR CLUBS JACK,0.4318,0.0178,0.5504
DIAMONDS THREE SPADES FOUR,0.6228,0.0284,0.3488
DIAMONDS THREE SPADES FIVE,0.6294,0.0284,0.3422
DIAMONDS THREE SPADES TWO,0.6508,0.0302,0.319
DIAMONDS THREE SPADES THREE,0.4348,0.0594,0.5058
CLUBS EIGHT DIAMONDS THREE,0.6468,0.0246,0.3286
CLUBS NINE DIAMONDS THREE,0.6368,0.0266,0.3366
SPADES SEVEN CLUBS ACE,0.264,0.026,0.71
SPADES SEVEN CLUBS QUEEN,0.2696,0.0416,0.6888
SPADES SEVEN CLUBS KING,0.2694,0.0348,0.6958
CLUBS FIVE SPADES SEVEN,0.6576,0.0764,0.266
CLUBS TEN SPADES SEVEN,0.0164,0.9716,0.012
CLUBS FIVE SPADES SIX,0.6176,0.0238,0.3586
SPADES SEVEN CLUBS JACK,0.266,0.0534,0.6806
SPADES NINE CLUBS FIVE,0.6234,0.0282,0.3484
CLUBS FIVE SPADES EIGHT,0.6192,0.0298,0.351
CLUBS FIVE SPADES THREE,0.617,0.0284,0.3546
CLUBS FIVE SPADES TWO,0.6414,0.0284,0.3302
CLUBS FIVE SPADES FIVE,0.4356,0.0548,0.5096
CLUBS FIVE SPADES FOUR,0.5938,0.0296,0.3766
CLUBS NINE CLUBS FIVE,0.5876,0.0272,0.3852
CLUBS EIGHT CLUBS FIVE,0.5876,0.026,0.3864
CLUBS ACE CLUBS QUEEN,0.3264,0.004,0.6696
CLUBS KING CLUBS QUEEN,0.3136,0.0068,0.6796
DIAMONDS TEN DIAMONDS FOUR,0.4526,0.2866,0.2608
CLUBS TEN DIAMONDS NINE,0.2122,0.1636,0.6242
DIAMONDS JACK DIAMONDS FOUR,0.4012,0.0154,0.5834
DIAMONDS NINE CLUBS JACK,0.3466,0.0166,0.6368
SPADES NINE CLUBS JACK,0.3496,0.0172,0.6332
CLUBS TEN SPADES NINE,0.234,0.1648,0.6012
DIAMONDS ACE DIAMONDS FOUR,0.399,0.0072,0.5938
HEARTS FOUR DIAMONDS FOUR,0.4206,0.0556,0.5238
DIAMONDS JACK HEARTS TEN,0.2428,0.0576,0.6996
SPADES NINE CLUBS KING,0.384,0.0074,0.6086
DIAMONDS NINE CLUBS ACE,0.364,0.0056,0.6304
HEARTS FIVE DIAMONDS FOUR,0.6114,0.0278,0.3608
DIAMONDS JACK HEARTS JACK,0.1616,0.019,0.8194
SPADES NINE CLUBS QUEEN,0.363,0.0126,0.6244
DIAMONDS TWO SPADES JACK,0.4176,0.0176,0.5648
DIAMONDS QUEEN DIAMONDS FOUR,0.3988,0.0124,0.5888
HEARTS TWO DIAMONDS FOUR,0.6412,0.0294,0.3294
DIAMONDS NINE CLUBS QUEEN,0.3604,0.0084,0.6312
DIAMONDS KING DIAMONDS FOUR,0.3964,0.0074,0.5962
HEARTS THREE DIAMONDS FOUR,0.6204,0.0286,0.351
SPADES NINE CLUBS ACE,0.3758,0.0034,0.6208
DIAMONDS NINE CLUBS KING,0.3556,0.0082,0.6362
HEARTS ACE DIAMONDS JACK,0.3412,0.0032,0.6556
SPADES ACE DIAMONDS TWO,0.4228,0.004,0.5732
HEARTS QUEEN DIAMONDS JACK,0.3146,0.0104,0.675
SPADES QUEEN DIAMONDS TWO,0.422,0.0116,0.5664
HEARTS KING DIAMONDS JACK,0.3342,0.0066,0.6592
SPADES KING DIAMONDS TWO,0.4304,0.0084,0.5612
SPADES JACK SPADES SEVEN,0.234,0.0556,0.7104
CLUBS SEVEN CLUBS THREE,0.644,0.0778,0.2782
CLUBS SIX CLUBS THREE,0.6108,0.0218,0.3674
CLUBS FIVE CLUBS THREE,0.593,0.0246,0.3824
CLUBS THREE CLUBS FOUR,0.5894,0.0252,0.3854
CLUBS NINE CLUBS THREE,0.6026,0.0252,0.3722
CLUBS EIGHT CLUBS THREE,0.6056,0.0238,0.3706
CLUBS THREE SPADES FIVE,0.6198,0.03,0.3502
CLUBS THREE SPADES FOUR,0.6268,0.026,0.3472
CLUBS THREE SPADES THREE,0.438,0.0528,0.5092
CLUBS THREE SPADES TWO,0.6394,0.0264,0.3342
CLUBS THREE SPADES SIX,0.6456,0.025,0.3294
SPADES SEVEN CLUBS THREE,0.6908,0.0814,0.2278
SPADES EIGHT CLUBS THREE,0.647,0.0284,0.3246
SPADES NINE CLUBS THREE,0.6528,0.0204,0.3268
SPADES TWO DIAMONDS FOUR,0.641,0.0286,0.3304
SPADES THREE DIAMONDS FOUR,0.6226,0.0322,0.3452
SPADES FOUR DIAMONDS FOUR,0.4268,0.0528,0.5204
SPADES FIVE DIAMONDS FOUR,0.6126,0.0304,0.357
SPADES SIX DIAMONDS FOUR,0.621,0.0268,0.3522
SPADES SEVEN DIAMONDS FOUR,0.6722,0.0836,0.2442
SPADES EIGHT DIAMONDS FOUR,0.6274,0.029,0.3436
SPADES NINE DIAMONDS FOUR,0.6486,0.03,0.3214
CLUBS FIVE DIAMONDS FOUR,0.6078,0.0254,0.3668
CLUBS FOUR DIAMONDS FOUR,0.4296,0.0558,0.5146
CLUBS SEVEN DIAMONDS FOUR,0.6652,0.0834,0.2514
CLUBS SIX DIAMONDS FOUR,0.6246,0.0268,0.3486
CLUBS NINE DIAMONDS FOUR,0.6492,0.0268,0.324
CLUBS EIGHT DIAMONDS FOUR,0.6372,0.0234,0.3394
HEARTS SEVEN DIAMONDS FOUR,0.6726,0.0804,0.247
HEARTS SIX DIAMONDS FOUR,0.6302,0.0292,0.3406
DIAMONDS FOUR HEARTS NINE,0.6304,0.0254,0.3442
DIAMONDS FOUR HEARTS EIGHT,0.6272,0.0242,0.3486
CLUBS THREE DIAMONDS FOUR,0.6152,0.0252,0.3596
CLUBS TWO DIAMONDS FOUR,0.6384,0.0316,0.33
DIAMONDS TEN DIAMONDS FIVE,0.4662,0.2812,0.2526
DIAMONDS JACK DIAMONDS FIVE,0.4018,0.0146,0.5836
DIAMONDS NINE HEARTS QUEEN,0.3612,0.0108,0.628
DIAMONDS NINE HEARTS KING,0.3678,0.008,0.6242
HEARTS ACE DIAMONDS NINE,0.3762,0.0056,0.6182
DIAMONDS NINE HEARTS TEN,0.2236,0.177,0.5994
DIAMONDS NINE HEARTS JACK,0.3422,0.017,0.6408
CLUBS KING DIAMONDS SIX,0.4158,0.006,0.5782
CLUBS QUEEN DIAMONDS SIX,0.4096,0.012,0.5784
CLUBS ACE DIAMONDS SIX,0.4054,0.0034,0.5912
SPADES KING DIAMONDS FOUR,0.4272,0.0096,0.5632
SPADES ACE SPADES SEVEN,0.2558,0.025,0.7192
SPADES QUEEN DIAMONDS FOUR,0.4162,0.0092,0.5746
SPADES QUEEN SPADES SEVEN,0.2502,0.043,0.7068
CLUBS JACK DIAMONDS SIX,0.4108,0.0184,0.5708
SPADES KING SPADES SEVEN,0.2552,0.0368,0.708
SPADES ACE DIAMONDS FOUR,0.4002,0.005,0.5948
CLUBS TEN DIAMONDS SIX,0.477,0.2962,0.2268
CLUBS NINE CLUBS FOUR,0.5988,0.0224,0.3788
CLUBS EIGHT CLUBS FOUR,0.5872,0.0272,0.3856
SPADES JACK DIAMONDS FOUR,0.4154,0.0156,0.569
CLUBS FIVE CLUBS FOUR,0.5606,0.0256,0.4138
CLUBS SEVEN CLUBS FOUR,0.634,0.0722,0.2938
CLUBS SIX CLUBS FOUR,0.5828,0.0328,0.3844
CLUBS SEVEN SPADES EIGHT,0.6614,0.0764,0.2622
CLUBS SEVEN SPADES NINE,0.6738,0.0712,0.255
CLUBS SEVEN SPADES SIX,0.6538,0.0798,0.2664
CLUBS SEVEN SPADES SEVEN,0.316,0.0474,0.6366
CLUBS SEVEN SPADES FIVE,0.6744,0.0736,0.252
CLUBS SEVEN SPADES FOUR,0.6782,0.0762,0.2456
CLUBS SEVEN SPADES THREE,0.6798,0.0824,0.2378
CLUBS SEVEN SPADES TWO,0.6988,0.0778,0.2234
CLUBS NINE CLUBS SEVEN,0.6432,0.068,0.2888
CLUBS SEVEN CLUBS EIGHT,0.6118,0.0684,0.3198
HEARTS SIX DIAMONDS FIVE,0.6166,0.0308,0.3526
HEARTS SEVEN DIAMONDS FIVE,0.671,0.0776,0.2514
DIAMONDS FIVE HEARTS EIGHT,0.6214,0.0276,0.351
DIAMONDS FIVE HEARTS NINE,0.6276,0.0262,0.3462
DIAMONDS QUEEN DIAMONDS FIVE,0.4094,0.0092,0.5814
HEARTS TWO DIAMONDS FIVE,0.6372,0.0254,0.3374
HEARTS KING HEARTS EIGHT,0.3588,0.0064,0.6348
DIAMONDS KING DIAMONDS FIVE,0.4068,0.0054,0.5878
HEARTS THREE DIAMONDS FIVE,0.638,0.0274,0.3346
HEARTS QUEEN HEARTS EIGHT,0.3504,0.011,0.6386
DIAMONDS ACE DIAMONDS FIVE,0.385,0.0042,0.6108
HEARTS FOUR DIAMONDS FIVE,0.611,0.0232,0.3658
HEARTS FIVE DIAMONDS FIVE,0.4214,0.0538,0.5248
HEARTS ACE HEARTS EIGHT,0.3646,0.0032,0.6322
CLUBS FOUR DIAMONDS FIVE,0.5964,0.0296,0.374
CLUBS FIVE DIAMONDS FIVE,0.4292,0.0506,0.5202
CLUBS SIX DIAMONDS FIVE,0.616,0.0254,0.3586
CLUBS SEVEN DIAMONDS FIVE,0.6728,0.0808,0.2464
CLUBS TWO DIAMONDS FIVE,0.6344,0.0256,0.34
CLUBS THREE DIAMONDS FIVE,0.6248,0.025,0.3502
SPADES THREE DIAMONDS FIVE,0.6426,0.0294,0.328
SPADES TWO DIAMONDS FIVE,0.631,0.0316,0.3374
SPADES JACK DIAMONDS EIGHT,0.3536,0.0212,0.6252
SPADES FIVE DIAMONDS FIVE,0.4326,0.0568,0.5106
CLUBS TEN HEARTS JACK,0.2428,0.0562,0.701
SPADES FOUR DIAMONDS FIVE,0.6116,0.0278,0.3606
HEARTS JACK CLUBS JACK,0.1566,0.0224,0.821
HEARTS JACK CLUBS QUEEN,0.3264,0.0094,0.6642
CLUBS NINE DIAMONDS FIVE,0.6326,0.0252,0.3422
CLUBS KING HEARTS JACK,0.3358,0.006,0.6582
CLUBS EIGHT DIAMONDS FIVE,0.6134,0.0288,0.3578
CLUBS ACE HEARTS JACK,0.3406,0.0028,0.6566
SPADES SEVEN DIAMONDS FIVE,0.6658,0.0874,0.2468
SPADES KING DIAMONDS EIGHT,0.366,0.0088,0.6252
SPADES SIX DIAMONDS FIVE,0.6184,0.0322,0.3494
SPADES QUEEN DIAMONDS EIGHT,0.3614,0.0158,0.6228
SPADES NINE DIAMONDS FIVE,0.6498,0.0248,0.3254
SPADES EIGHT DIAMONDS FIVE,0.616,0.0284,0.3556
SPADES ACE DIAMONDS EIGHT,0.3772,0.0032,0.6196
DIAMONDS TEN DIAMONDS SIX,0.4616,0.284,0.2544
DIAMONDS JACK DIAMONDS SIX,0.391,0.0176,0.5914
DIAMONDS ACE DIAMONDS SIX,0.3908,0.004,0.6052
HEARTS FOUR DIAMONDS SIX,0.6234,0.0286,0.348
SPADES TWO HEARTS JACK,0.423,0.017,0.56
HEARTS FIVE DIAMONDS SIX,0.6172,0.03,0.3528
SPADES TWO HEARTS TEN,0.4904,0.2976,0.212
DIAMONDS QUEEN DIAMONDS SIX,0.3866,0.0104,0.603
HEARTS TWO DIAMONDS SIX,0.6568,0.0276,0.3156
DIAMONDS KING DIAMONDS SIX,0.3956,0.0072,0.5972
HEARTS THREE DIAMONDS SIX,0.6316,0.024,0.3444
HEARTS EIGHT DIAMONDS SIX,0.6052,0.0282,0.3666
HEARTS NINE DIAMONDS SIX,0.6166,0.0234,0.36
HEARTS SIX DIAMONDS SIX,0.4074,0.054,0.5386
HEARTS SEVEN DIAMONDS SIX,0.647,0.0862,0.2668
CLUBS TWO DIAMONDS SIX,0.651,0.028,0.321
CLUBS THREE DIAMONDS SIX,0.65,0.0284,0.3216
CLUBS SEVEN DIAMONDS SIX,0.646,0.0864,0.2676
DIAMONDS EIGHT CLUBS JACK,0.3546,0.015,0.6304
CLUBS SIX DIAMONDS SIX,0.4086,0.0528,0.5386
CLUBS TEN DIAMONDS EIGHT,0.2254,0.217,0.5576
CLUBS FIVE DIAMONDS SIX,0.6054,0.0256,0.369
CLUBS FOUR DIAMONDS SIX,0.623,0.0282,0.3488
HEARTS ACE HEARTS JACK,0.3222,0.005,0.6728
CLUBS ACE DIAMONDS EIGHT,0.3662,0.004,0.6298
HEARTS QUEEN HEARTS JACK,0.3106,0.0102,0.6792
CLUBS KING DIAMONDS EIGHT,0.3798,0.0074,0.6128
CLUBS NINE DIAMONDS SIX,0.6234,0.0264,0.3502
HEARTS KING HEARTS JACK,0.3144,0.0058,0.6798
CLUBS QUEEN DIAMONDS EIGHT,0.3694,0.009,0.6216
CLUBS EIGHT DIAMONDS SIX,0.6082,0.027,0.3648
SPADES FIVE DIAMONDS SIX,0.6214,0.026,0.3526
HEARTS ACE SPADES TWO,0.4208,0.0032,0.576
SPADES JACK HEARTS KING,0.3274,0.0074,0.6652
SPADES FOUR DIAMONDS SIX,0.6234,0.0258,0.3508
SPADES THREE DIAMONDS SIX,0.6558,0.028,0.3162
HEARTS QUEEN SPADES TWO,0.437,0.01,0.553
SPADES ACE SPADES KING,0.3374,0.0046,0.658
SPADES TWO HEARTS KING,0.4356,0.0082,0.5562
SPADES TWO DIAMONDS SIX,0.6512,0.0258,0.323
HEARTS TEN HEARTS EIGHT,0.1996,0.2246,0.5758
SPADES NINE DIAMONDS SIX,0.6222,0.0268,0.351
HEARTS JACK HEARTS EIGHT,0.3392,0.0152,0.6456
SPADES EIGHT DIAMONDS SIX,0.6086,0.027,0.3644
SPADES SEVEN DIAMONDS SIX,0.6582,0.0846,0.2572
SPADES SIX DIAMONDS SIX,0.4084,0.0566,0.535
SPADES KING HEARTS KING,0.1562,0.0066,0.8372
SPADES QUEEN HEARTS KING,0.3348,0.0054,0.6598
CLUBS ACE CLUBS KING,0.3348,0.0032,0.662
SPADES ACE HEARTS KING,0.3418,0.0032,0.655
SPADES ACE HEARTS JACK,0.3504,0.0036,0.646
SPADES QUEEN HEARTS JACK,0.3156,0.01,0.6744
SPADES KING HEARTS JACK,0.3286,0.0058,0.6656
SPADES JACK DIAMONDS TEN,0.2418,0.0562,0.702
SPADES ACE DIAMONDS TEN,0.2376,0.0228,0.7396
SPADES JACK HEARTS JACK,0.1666,0.0198,0.8136
SPADES QUEEN DIAMONDS TEN,0.2206,0.0464,0.733
SPADES KING DIAMONDS TEN,0.2448,0.033,0.7222
HEARTS KING DIAMONDS FIVE,0.4138,0.0058,0.5804
HEARTS QUEEN DIAMONDS FIVE,0.4216,0.0122,0.5662
HEARTS ACE DIAMONDS FIVE,0.4082,0.0054,0.5864
DIAMONDS FIVE HEARTS JACK,0.4146,0.018,0.5674
HEARTS TEN DIAMONDS FIVE,0.488,0.2996,0.2124
SPADES KING CLUBS TWO,0.4222,0.0068,0.571
HEARTS KING CLUBS KING,0.1812,0.0086,0.8102
SPADES QUEEN CLUBS TWO,0.4334,0.0102,0.5564
HEARTS KING CLUBS QUEEN,0.3452,0.005,0.6498
SPADES TWO CLUBS JACK,0.4246,0.019,0.5564
SPADES ACE CLUBS TWO,0.424,0.0052,0.5708
CLUBS TEN SPADES TWO,0.4912,0.2952,0.2136
HEARTS KING CLUBS ACE,0.3458,0.0034,0.6508
CLUBS SEVEN CLUBS SIX,0.6052,0.074,0.3208
SPADES TWO CLUBS KING,0.4402,0.007,0.5528
CLUBS EIGHT CLUBS SIX,0.5804,0.026,0.3936
SPADES TWO CLUBS QUEEN,0.4206,0.0094,0.57
CLUBS NINE CLUBS SIX,0.5738,0.0206,0.4056
HEARTS KING CLUBS JACK,0.3312,0.003,0.6658
SPADES TWO CLUBS ACE,0.408,0.0044,0.5876
CLUBS TEN HEARTS KING,0.2596,0.0296,0.7108
CLUBS SIX SPADES TWO,0.6528,0.0264,0.3208
CLUBS SIX SPADES THREE,0.6344,0.0252,0.3404
CLUBS SIX SPADES FOUR,0.6254,0.0266,0.348
CLUBS SIX SPADES FIVE,0.6062,0.0282,0.3656
CLUBS SIX SPADES SIX,0.4112,0.0546,0.5342
CLUBS SIX SPADES SEVEN,0.6654,0.0862,0.2484
SPADES EIGHT CLUBS SIX,0.6072,0.0306,0.3622
SPADES JACK CLUBS TWO,0.4112,0.0164,0.5724
SPADES NINE CLUBS SIX,0.6174,0.0258,0.3568
CLUBS TWO CLUBS QUEEN,0.3996,0.0108,0.5896
CLUBS TWO CLUBS KING,0.401,0.0068,0.5922
CLUBS THREE DIAMONDS EIGHT,0.628,0.0316,0.3404
CLUBS TWO CLUBS ACE,0.398,0.0036,0.5984
CLUBS TWO DIAMONDS EIGHT,0.6284,0.0276,0.344
HEARTS SEVEN DIAMONDS EIGHT,0.6574,0.0704,0.2722
HEARTS SIX DIAMONDS EIGHT,0.5906,0.0254,0.384
DIAMONDS EIGHT HEARTS NINE,0.5702,0.029,0.4008
CLUBS TEN CLUBS TWO,0.458,0.2842,0.2578
HEARTS EIGHT DIAMONDS EIGHT,0.284,0.0446,0.6714
CLUBS TWO CLUBS JACK,0.4032,0.016,0.5808
CLUBS NINE DIAMONDS EIGHT,0.5706,0.0282,0.4012
CLUBS EIGHT DIAMONDS EIGHT,0.2862,0.0414,0.6724
CLUBS FIVE DIAMONDS EIGHT,0.6172,0.0292,0.3536
SPADES ACE SPADES THREE,0.4076,0.0062,0.5862
CLUBS FOUR DIAMONDS EIGHT,0.6222,0.0232,0.3546
CLUBS SEVEN DIAMONDS EIGHT,0.658,0.0706,0.2714
SPADES QUEEN SPADES THREE,0.4102,0.0088,0.581
CLUBS SIX DIAMONDS EIGHT,0.6102,0.0206,0.3692
SPADES KING SPADES THREE,0.3936,0.009,0.5974
DIAMONDS QUEEN DIAMONDS EIGHT,0.351,0.0112,0.6378
HEARTS TWO DIAMONDS EIGHT,0.6442,0.0208,0.335
DIAMONDS KING DIAMONDS EIGHT,0.3626,0.006,0.6314
HEARTS THREE DIAMONDS EIGHT,0.639,0.0268,0.3342
DIAMONDS ACE DIAMONDS EIGHT,0.3582,0.0048,0.637
HEARTS FOUR DIAMONDS EIGHT,0.6208,0.0296,0.3496
HEARTS FIVE DIAMONDS EIGHT,0.6174,0.0254,0.3572
DIAMONDS TEN DIAMONDS EIGHT,0.2108,0.214,0.5752
DIAMONDS JACK DIAMONDS EIGHT,0.347,0.0146,0.6384
SPADES JACK SPADES THREE,0.413,0.0178,0.5692
CLUBS FOUR HEARTS ACE,0.4224,0.0032,0.5744
CLUBS FOUR HEARTS QUEEN,0.4128,0.0116,0.5756
CLUBS FOUR HEARTS KING,0.4098,0.0066,0.5836
CLUBS SIX HEARTS TEN,0.4816,0.289,0.2294
CLUBS SIX HEARTS JACK,0.4064,0.0166,0.577
SPADES FOUR DIAMONDS EIGHT,0.6208,0.029,0.3502
SPADES FIVE DIAMONDS EIGHT,0.6316,0.0232,0.3452
SPADES TWO DIAMONDS EIGHT,0.6538,0.0274,0.3188
SPADES THREE DIAMONDS EIGHT,0.6372,0.0272,0.3356
CLUBS FOUR HEARTS JACK,0.4254,0.0168,0.5578
SPADES EIGHT DIAMONDS EIGHT,0.291,0.0484,0.6606
SPADES JACK HEARTS EIGHT,0.3568,0.0158,0.6274
CLUBS FOUR HEARTS TEN,0.4942,0.2852,0.2206
SPADES NINE DIAMONDS EIGHT,0.5694,0.0234,0.4072
SPADES JACK HEARTS TWO,0.4044,0.0208,0.5748
SPADES JACK DIAMONDS QUEEN,0.311,0.0104,0.6786
SPADES SIX DIAMONDS EIGHT,0.6226,0.0256,0.3518
SPADES SEVEN DIAMONDS EIGHT,0.6734,0.07,0.2566
SPADES ACE HEARTS TWO,0.4096,0.0062,0.5842
SPADES ACE DIAMONDS QUEEN,0.3374,0.0038,0.6588
SPADES ACE HEARTS EIGHT,0.3772,0.0036,0.6192
SPADES KING HEARTS EIGHT,0.3732,0.0082,0.6186
SPADES QUEEN HEARTS TWO,0.4108,0.0116,0.5776
SPADES QUEEN DIAMONDS QUEEN,0.1558,0.013,0.8312
SPADES KING DIAMONDS QUEEN,0.3286,0.0102,0.6612
SPADES KING HEARTS TWO,0.4232,0.0058,0.571
SPADES QUEEN HEARTS EIGHT,0.3736,0.0098,0.6166
CLUBS TWO HEARTS TEN,0.4936,0.287,0.2194
CLUBS TWO HEARTS JACK,0.416,0.017,0.567
SPADES SEVEN DIAMONDS NINE,0.6832,0.084,0.2328
SPADES SIX DIAMONDS NINE,0.6158,0.0248,0.3594
SPADES NINE DIAMONDS NINE,0.2752,0.037,0.6878
SPADES EIGHT DIAMONDS NINE,0.5576,0.027,0.4154
DIAMONDS NINE SPADES THREE,0.6338,0.0254,0.3408
SPADES JACK CLUBS KING,0.3214,0.0052,0.6734
DIAMONDS NINE SPADES TWO,0.6356,0.0304,0.334
SPADES FIVE DIAMONDS NINE,0.6336,0.0266,0.3398
SPADES FOUR DIAMONDS NINE,0.6324,0.024,0.3436
CLUBS NINE DIAMONDS NINE,0.2802,0.043,0.6768
CLUBS EIGHT DIAMONDS NINE,0.5746,0.0236,0.4018
CLUBS SIX DIAMONDS NINE,0.6122,0.0306,0.3572
SPADES JACK CLUBS FOUR,0.4186,0.0174,0.564
CLUBS SEVEN DIAMONDS NINE,0.6808,0.071,0.2482
CLUBS FOUR DIAMONDS NINE,0.6258,0.026,0.3482
CLUBS FIVE DIAMONDS NINE,0.6244,0.025,0.3506
CLUBS TWO DIAMONDS NINE,0.6312,0.0316,0.3372
CLUBS THREE DIAMONDS NINE,0.6432,0.0244,0.3324
DIAMONDS NINE HEARTS EIGHT,0.5526,0.0296,0.4178
DIAMONDS NINE HEARTS NINE,0.2794,0.0412,0.6794
HEARTS SIX DIAMONDS NINE,0.6068,0.0248,0.3684
HEARTS SEVEN DIAMONDS NINE,0.675,0.0698,0.2552
CLUBS NINE CLUBS EIGHT,0.534,0.0212,0.4448
DIAMONDS ACE DIAMONDS NINE,0.3726,0.0036,0.6238
HEARTS FOUR DIAMONDS NINE,0.6482,0.028,0.3238
HEARTS FIVE DIAMONDS NINE,0.6358,0.0248,0.3394
HEARTS ACE CLUBS TWO,0.43,0.0052,0.5648
SPADES ACE CLUBS FOUR,0.4138,0.0034,0.5828
DIAMONDS NINE DIAMONDS QUEEN,0.346,0.011,0.643
HEARTS TWO DIAMONDS NINE,0.6366,0.0236,0.3398
CLUBS TWO HEARTS KING,0.4212,0.006,0.5728
SPADES KING CLUBS FOUR,0.4144,0.006,0.5796
DIAMONDS KING DIAMONDS NINE,0.3672,0.009,0.6238
HEARTS THREE DIAMONDS NINE,0.646,0.0244,0.3296
CLUBS TWO HEARTS QUEEN,0.4224,0.012,0.5656
SPADES QUEEN CLUBS FOUR,0.4154,0.0106,0.574
DIAMONDS NINE DIAMONDS JACK,0.3312,0.0184,0.6504
CLUBS EIGHT SPADES NINE,0.558,0.0274,0.4146
DIAMONDS TEN DIAMONDS NINE,0.2284,0.1582,0.6134
CLUBS EIGHT SPADES EIGHT,0.292,0.0476,0.6604
CLUBS EIGHT SPADES SEVEN,0.6654,0.0752,0.2594
CLUBS EIGHT SPADES SIX,0.6246,0.0244,0.351
CLUBS EIGHT SPADES FIVE,0.614,0.0258,0.3602
CLUBS EIGHT SPADES FOUR,0.6248,0.0222,0.353
CLUBS EIGHT SPADES THREE,0.6422,0.0244,0.3334
CLUBS EIGHT SPADES TWO,0.646,0.0266,0.3274
HEARTS SIX DIAMONDS TEN,0.479,0.303,0.218
HEARTS SEVEN DIAMONDS TEN,0.0106,0.9714,0.018
DIAMONDS TEN HEARTS EIGHT,0.216,0.231,0.553
CLUBS FOUR CLUBS JACK,0.3808,0.0174,0.6018
DIAMONDS TEN HEARTS NINE,0.2068,0.1682,0.625
CLUBS TEN CLUBS FOUR,0.4592,0.2806,0.2602
CLUBS FOUR CLUBS KING,0.4074,0.0066,0.586
CLUBS FOUR CLUBS QUEEN,0.3836,0.0132,0.6032
DIAMONDS TEN CLUBS TWO,0.499,0.29,0.211
CLUBS THREE DIAMONDS TEN,0.4874,0.2874,0.2252
CLUBS FOUR CLUBS ACE,0.3872,0.0024,0.6104
DIAMONDS TEN DIAMONDS JACK,0.2402,0.0526,0.7072
DIAMONDS TEN DIAMONDS QUEEN,0.226,0.0456,0.7284
HEARTS TWO DIAMONDS TEN,0.4978,0.297,0.2052
DIAMONDS KING DIAMONDS TEN,0.2482,0.0326,0.7192
HEARTS THREE DIAMONDS TEN,0.4748,0.3014,0.2238
DIAMONDS ACE DIAMONDS TEN,0.2476,0.0252,0.7272
HEARTS FOUR DIAMONDS TEN,0.4688,0.2956,0.2356
CLUBS EIGHT HEARTS JACK,0.3668,0.013,0.6202
HEARTS FIVE DIAMONDS TEN,0.4898,0.2906,0.2196
CLUBS EIGHT HEARTS TEN,0.2226,0.2172,0.5602
CLUBS EIGHT HEARTS QUEEN,0.3744,0.0106,0.615
CLUBS EIGHT HEARTS KING,0.3824,0.006,0.6116
CLUBS EIGHT HEARTS ACE,0.3818,0.0032,0.615
CLUBS NINE SPADES THREE,0.6456,0.026,0.3284
CLUBS NINE SPADES TWO,0.667,0.0224,0.3106
CLUBS NINE SPADES FIVE,0.6372,0.0274,0.3354
CLUBS NINE SPADES FOUR,0.6372,0.0258,0.337
CLUBS NINE SPADES SEVEN,0.6752,0.0734,0.2514
CLUBS NINE SPADES SIX,0.618,0.0244,0.3576
CLUBS NINE SPADES NINE,0.2946,0.0384,0.667
CLUBS TEN HEARTS EIGHT,0.2262,0.228,0.5458
CLUBS NINE SPADES EIGHT,0.5654,0.0302,0.4044
HEARTS EIGHT CLUBS JACK,0.362,0.0158,0.6222
CLUBS QUEEN HEARTS EIGHT,0.376,0.0088,0.6152
CLUBS KING HEARTS EIGHT,0.3884,0.0054,0.6062
CLUBS ACE HEARTS EIGHT,0.3586,0.0034,0.638
SPADES KING CLUBS KING,0.1534,0.008,0.8386
SPADES QUEEN CLUBS KING,0.3306,0.0074,0.662
SPADES ACE CLUBS KING,0.3522,0.0042,0.6436
DIAMONDS ACE HEARTS TEN,0.2432,0.0258,0.731
HEARTS FOUR HEARTS TEN,0.459,0.267,0.274
DIAMONDS ACE HEARTS JACK,0.3418,0.004,0.6542
HEARTS FOUR HEARTS JACK,0.4082,0.0142,0.5776
SPADES KING CLUBS FIVE,0.405,0.0076,0.5874
SPADES QUEEN CLUBS FIVE,0.4042,0.0136,0.5822
SPADES ACE CLUBS FIVE,0.4024,0.0054,0.5922
HEARTS SEVEN DIAMONDS JACK,0.2618,0.0532,0.685
HEARTS SIX DIAMONDS JACK,0.4118,0.0148,0.5734
DIAMONDS JACK HEARTS NINE,0.3498,0.0164,0.6338
DIAMONDS JACK HEARTS EIGHT,0.3462,0.0162,0.6376
DIAMONDS KING DIAMONDS JACK,0.3166,0.006,0.6774
HEARTS THREE DIAMONDS JACK,0.4192,0.0174,0.5634
SPADES ACE SPADES SIX,0.3974,0.0034,0.5992
HEARTS ACE SPADES FOUR,0.4098,0.0052,0.585
DIAMONDS QUEEN DIAMONDS JACK,0.3124,0.0082,0.6794
HEARTS TWO DIAMONDS JACK,0.4224,0.019,0.5586
HEARTS FIVE DIAMONDS JACK,0.4216,0.0164,0.562
SPADES QUEEN SPADES SIX,0.383,0.0106,0.6064
SPADES FOUR HEARTS QUEEN,0.4216,0.0116,0.5668
DIAMONDS ACE DIAMONDS JACK,0.328,0.007,0.665
HEARTS FOUR DIAMONDS JACK,0.3948,0.0186,0.5866
SPADES KING SPADES SIX,0.3966,0.0066,0.5968
SPADES FOUR HEARTS KING,0.4258,0.0078,0.5664
SPADES JACK SPADES SIX,0.39,0.0186,0.5914
SPADES FOUR DIAMONDS JACK,0.4142,0.0164,0.5694
SPADES FIVE DIAMONDS JACK,0.4254,0.0194,0.5552
SPADES TWO DIAMONDS JACK,0.4168,0.0166,0.5666
SPADES THREE DIAMONDS JACK,0.4218,0.0182,0.56
SPADES ACE DIAMONDS THREE,0.4124,0.0054,0.5822
SPADES QUEEN DIAMONDS THREE,0.4092,0.0118,0.579
CLUBS EIGHT DIAMONDS JACK,0.3652,0.017,0.6178
SPADES KING DIAMONDS THREE,0.416,0.0082,0.5758
CLUBS NINE DIAMONDS JACK,0.3478,0.0168,0.6354
CLUBS SIX DIAMONDS JACK,0.4046,0.0172,0.5782
CLUBS SEVEN DIAMONDS JACK,0.2466,0.061,0.6924
CLUBS FOUR DIAMONDS JACK,0.4054,0.0166,0.578
CLUBS FIVE DIAMONDS JACK,0.4152,0.0178,0.567
CLUBS TWO DIAMONDS JACK,0.4244,0.0186,0.557
CLUBS THREE DIAMONDS JACK,0.4146,0.0152,0.5702
SPADES JACK HEARTS SIX,0.4072,0.017,0.5758
SPADES JACK CLUBS FIVE,0.4088,0.0192,0.572
SPADES JACK DIAMONDS THREE,0.4128,0.0186,0.5686
CLUBS SEVEN CLUBS ACE,0.2446,0.0238,0.7316
CLUBS SEVEN CLUBS QUEEN,0.2504,0.042,0.7076
CLUBS SEVEN CLUBS KING,0.247,0.0382,0.7148
SPADES NINE DIAMONDS JACK,0.3394,0.0182,0.6424
CLUBS TEN CLUBS SEVEN,0.0232,0.9052,0.0716
DIAMONDS ACE HEARTS ACE,0.1606,0.0052,0.8342
HEARTS FOUR HEARTS ACE,0.388,0.0038,0.6082
SPADES EIGHT DIAMONDS JACK,0.3554,0.0178,0.6268
SPADES ACE HEARTS SIX,0.4126,0.0034,0.584
CLUBS SEVEN CLUBS JACK,0.2298,0.0652,0.705
DIAMONDS ACE HEARTS KING,0.3552,0.0056,0.6392
HEARTS FOUR HEARTS KING,0.4006,0.0054,0.594
SPADES SEVEN DIAMONDS JACK,0.247,0.049,0.704
SPADES KING HEARTS SIX,0.402,0.0048,0.5932
DIAMONDS ACE HEARTS QUEEN,0.3452,0.004,0.6508
HEARTS FOUR HEARTS QUEEN,0.3952,0.0138,0.591
SPADES SIX DIAMONDS JACK,0.4054,0.0184,0.5762
SPADES QUEEN HEARTS SIX,0.4062,0.0098,0.584
DIAMONDS TEN SPADES TWO,0.4872,0.2932,0.2196
DIAMONDS TEN SPADES THREE,0.4842,0.2992,0.2166
DIAMONDS TEN SPADES FOUR,0.4944,0.2962,0.2094
SPADES FIVE DIAMONDS TEN,0.4844,0.2988,0.2168
SPADES SIX DIAMONDS TEN,0.4876,0.2976,0.2148
SPADES SEVEN DIAMONDS TEN,0.008,0.9854,0.0066
SPADES EIGHT DIAMONDS TEN,0.2184,0.228,0.5536
SPADES NINE DIAMONDS TEN,0.2176,0.1768,0.6056
CLUBS FOUR DIAMONDS TEN,0.483,0.2964,0.2206
CLUBS FIVE DIAMONDS TEN,0.4854,0.2888,0.2258
CLUBS SIX DIAMONDS TEN,0.4678,0.2994,0.2328
CLUBS SEVEN DIAMONDS TEN,0.0074,0.9718,0.0208
CLUBS EIGHT DIAMONDS TEN,0.215,0.233,0.552
CLUBS NINE DIAMONDS TEN,0.2212,0.169,0.6098
DIAMONDS THREE CLUBS JACK,0.4122,0.0148,0.573
CLUBS TEN DIAMONDS THREE,0.479,0.2998,0.2212
DIAMONDS THREE CLUBS KING,0.4248,0.0054,0.5698
DIAMONDS THREE CLUBS QUEEN,0.4248,0.0124,0.5628
DIAMONDS THREE CLUBS ACE,0.4148,0.0044,0.5808
SPADES FOUR HEARTS JACK,0.4212,0.015,0.5638
SPADES FOUR HEARTS TEN,0.4972,0.2872,0.2156
SPADES FIVE SPADES TWO,0.5972,0.0274,0.3754
SPADES FOUR SPADES TWO,0.6032,0.0282,0.3686
SPADES THREE SPADES TWO,0.6046,0.0306,0.3648
SPADES NINE SPADES TWO,0.6084,0.0234,0.3682
SPADES EIGHT SPADES TWO,0.6124,0.0294,0.3582
SPADES SEVEN SPADES TWO,0.673,0.0794,0.2476
SPADES SIX SPADES TWO,0.616,0.026,0.358
CLUBS THREE DIAMONDS QUEEN,0.4156,0.0118,0.5726
CLUBS THREE HEARTS TWO,0.6448,0.0252,0.33
CLUBS TWO DIAMONDS QUEEN,0.4134,0.0112,0.5754
HEARTS TWO CLUBS TWO,0.4304,0.0528,0.5168
HEARTS SEVEN DIAMONDS QUEEN,0.2542,0.041,0.7048
HEARTS SEVEN HEARTS TWO,0.6552,0.0804,0.2644
HEARTS SIX DIAMONDS QUEEN,0.3956,0.0098,0.5946
HEARTS SIX HEARTS TWO,0.6052,0.0302,0.3646
DIAMONDS QUEEN HEARTS NINE,0.3542,0.0132,0.6326
HEARTS TWO HEARTS NINE,0.6018,0.0276,0.3706
DIAMONDS QUEEN HEARTS EIGHT,0.3712,0.0112,0.6176
HEARTS TWO HEARTS EIGHT,0.5894,0.0252,0.3854
CLUBS NINE HEARTS TWO,0.6412,0.0264,0.3324
CLUBS NINE DIAMONDS QUEEN,0.3648,0.0084,0.6268
CLUBS EIGHT HEARTS TWO,0.6262,0.0224,0.3514
CLUBS EIGHT DIAMONDS QUEEN,0.3702,0.0086,0.6212
CLUBS FIVE DIAMONDS QUEEN,0.4094,0.0126,0.578
CLUBS FIVE HEARTS TWO,0.625,0.0278,0.3472
SPADES EIGHT HEARTS ACE,0.3794,0.0026,0.618
CLUBS FOUR DIAMONDS QUEEN,0.426,0.0086,0.5654
CLUBS FOUR HEARTS TWO,0.648,0.028,0.324
CLUBS SEVEN DIAMONDS QUEEN,0.2544,0.0448,0.7008
CLUBS SEVEN HEARTS TWO,0.6946,0.0846,0.2208
SPADES EIGHT HEARTS QUEEN,0.376,0.0114,0.6126
CLUBS SIX DIAMONDS QUEEN,0.407,0.0082,0.5848
CLUBS SIX HEARTS TWO,0.6466,0.0288,0.3246
SPADES EIGHT HEARTS KING,0.392,0.006,0.602
SPADES SIX DIAMONDS QUEEN,0.4154,0.0108,0.5738
SPADES SIX HEARTS TWO,0.6578,0.0252,0.317
HEARTS FOUR CLUBS QUEEN,0.4222,0.0098,0.568
DIAMONDS ACE CLUBS QUEEN,0.3342,0.0038,0.662
SPADES SEVEN DIAMONDS QUEEN,0.2574,0.0414,0.7012
SPADES SEVEN HEARTS TWO,0.6844,0.0868,0.2288
HEARTS FOUR CLUBS KING,0.422,0.0066,0.5714
DIAMONDS ACE CLUBS KING,0.338,0.0046,0.6574
SPADES EIGHT DIAMONDS QUEEN,0.3728,0.0112,0.616
SPADES EIGHT HEARTS TWO,0.6604,0.0284,0.3112
HEARTS FOUR CLUBS ACE,0.409,0.0024,0.5886
DIAMONDS ACE CLUBS ACE,0.1582,0.0024,0.8394
SPADES NINE DIAMONDS QUEEN,0.3524,0.0116,0.636
SPADES NINE HEARTS TWO,0.634,0.0262,0.3398
HEARTS TWO SPADES TWO,0.448,0.055,0.497
DIAMONDS QUEEN SPADES TWO,0.4198,0.0122,0.568
HEARTS TWO SPADES THREE,0.6518,0.0268,0.3214
SPADES THREE DIAMONDS QUEEN,0.4112,0.012,0.5768
HEARTS TWO SPADES FOUR,0.628,0.0298,0.3422
SPADES FOUR DIAMONDS QUEEN,0.4136,0.01,0.5764
CLUBS TEN HEARTS FOUR,0.4916,0.2874,0.221
CLUBS TEN DIAMONDS ACE,0.2478,0.02,0.7322
HEARTS TWO SPADES FIVE,0.6378,0.0246,0.3376
SPADES FIVE DIAMONDS QUEEN,0.408,0.0136,0.5784
HEARTS FOUR CLUBS JACK,0.4106,0.0154,0.574
DIAMONDS ACE CLUBS JACK,0.348,0.0026,0.6494
CLUBS FIVE CLUBS KING,0.3942,0.008,0.5978
CLUBS FIVE CLUBS QUEEN,0.4008,0.012,0.5872
CLUBS FIVE CLUBS ACE,0.3932,0.0032,0.6036
CLUBS FIVE CLUBS JACK,0.39,0.0174,0.5926
CLUBS TEN CLUBS FIVE,0.4512,0.273,0.2758
SPADES KING CLUBS JACK,0.3374,0.008,0.6546
SPADES QUEEN CLUBS JACK,0.334,0.009,0.657
SPADES ACE CLUBS JACK,0.3334,0.004,0.6626
SPADES SIX CLUBS KING,0.4162,0.0056,0.5782
SPADES SIX CLUBS QUEEN,0.408,0.0116,0.5804
SPADES EIGHT HEARTS JACK,0.3578,0.0192,0.623
SPADES SIX CLUBS ACE,0.422,0.0034,0.5746
SPADES EIGHT HEARTS TEN,0.2252,0.2208,0.554
SPADES SIX CLUBS JACK,0.42,0.0178,0.5622
CLUBS TEN SPADES SIX,0.4836,0.2922,0.2242
SPADES JACK CLUBS JACK,0.1626,0.0244,0.813
SPADES QUEEN CLUBS SEVEN,0.278,0.0394,0.6826
SPADES KING CLUBS SEVEN,0.2674,0.0346,0.698
SPADES ACE CLUBS SEVEN,0.2578,0.0248,0.7174
SPADES SIX HEARTS TEN,0.4796,0.3056,0.2148
SPADES SIX HEARTS JACK,0.413,0.0164,0.5706
SPADES SIX HEARTS ACE,0.4194,0.0034,0.5772
SPADES SIX HEARTS KING,0.4034,0.0076,0.589
SPADES SIX HEARTS QUEEN,0.4226,0.0112,0.5662
CLUBS SEVEN SPADES JACK,0.2484,0.0552,0.6964
CLUBS TEN HEARTS SIX,0.4914,0.2892,0.2194
HEARTS SIX CLUBS JACK,0.3994,0.0188,0.5818
CLUBS ACE CLUBS JACK,0.3174,0.0064,0.6762
HEARTS SIX CLUBS QUEEN,0.4,0.0142,0.5858
HEARTS SIX CLUBS KING,0.4186,0.0044,0.577
HEARTS SIX CLUBS ACE,0.4098,0.0042,0.586
CLUBS QUEEN CLUBS JACK,0.2964,0.0086,0.695
CLUBS KING CLUBS JACK,0.3212,0.006,0.6728
DIAMONDS THREE HEARTS ACE,0.4256,0.0036,0.5708
DIAMONDS THREE HEARTS QUEEN,0.4332,0.0122,0.5546
DIAMONDS THREE HEARTS KING,0.4296,0.0076,0.5628
CLUBS FIVE HEARTS JACK,0.419,0.0156,0.5654
CLUBS FIVE HEARTS TEN,0.483,0.2874,0.2296
HEARTS FOUR SPADES JACK,0.4114,0.0152,0.5734
SPADES JACK DIAMONDS ACE,0.3378,0.005,0.6572
SPADES ACE HEARTS FOUR,0.4104,0.0064,0.5832
SPADES ACE DIAMONDS ACE,0.1376,0.0034,0.859
CLUBS FIVE HEARTS ACE,0.41,0.004,0.586
CLUBS FIVE HEARTS KING,0.4228,0.0072,0.57
HEARTS FOUR SPADES QUEEN,0.4086,0.0104,0.581
SPADES QUEEN DIAMONDS ACE,0.3388,0.006,0.6552
SPADES FOUR CLUBS JACK,0.4176,0.0176,0.5648
CLUBS FIVE HEARTS QUEEN,0.4122,0.0104,0.5774
SPADES KING DIAMONDS ACE,0.3346,0.004,0.6614
SPADES KING HEARTS FOUR,0.4114,0.0078,0.5808
CLUBS TEN SPADES FOUR,0.4814,0.2974,0.2212
DIAMONDS ACE DIAMONDS QUEEN,0.3358,0.0056,0.6586
DIAMONDS ACE HEARTS TWO,0.429,0.0048,0.5662
HEARTS FOUR DIAMONDS QUEEN,0.4204,0.0112,0.5684
HEARTS FOUR HEARTS TWO,0.5822,0.0254,0.3924
DIAMONDS THREE HEARTS TEN,0.4918,0.2944,0.2138
SPADES FOUR CLUBS KING,0.4164,0.0088,0.5748
HEARTS FIVE DIAMONDS QUEEN,0.4074,0.0138,0.5788
HEARTS FIVE HEARTS TWO,0.6012,0.0234,0.3754
DIAMONDS THREE HEARTS JACK,0.4256,0.0176,0.5568
SPADES FOUR CLUBS QUEEN,0.4288,0.0088,0.5624
HEARTS TWO DIAMONDS QUEEN,0.4164,0.0108,0.5728
DIAMONDS KING DIAMONDS QUEEN,0.3306,0.0072,0.6622
DIAMONDS KING HEARTS TWO,0.4256,0.009,0.5654
HEARTS THREE DIAMONDS QUEEN,0.4252,0.0122,0.5626
HEARTS THREE HEARTS TWO,0.5944,0.0264,0.3792
SPADES FOUR CLUBS ACE,0.4244,0.0034,0.5722
HEARTS TWO CLUBS ACE,0.4188,0.003,0.5782
DIAMONDS QUEEN CLUBS ACE,0.345,0.0038,0.6512
HEARTS TWO CLUBS QUEEN,0.4156,0.0114,0.573
DIAMONDS QUEEN CLUBS QUEEN,0.1662,0.0162,0.8176
HEARTS TWO CLUBS KING,0.4362,0.0078,0.556
DIAMONDS QUEEN CLUBS KING,0.3422,0.0074,0.6504
SPADES EIGHT SPADES FIVE,0.579,0.0242,0.3968
CLUBS TEN HEARTS TWO,0.4872,0.2962,0.2166
CLUBS TEN DIAMONDS QUEEN,0.2262,0.0428,0.731
SPADES NINE SPADES FIVE,0.5982,0.0262,0.3756
HEARTS TWO CLUBS JACK,0.4244,0.0204,0.5552
DIAMONDS QUEEN CLUBS JACK,0.326,0.009,0.665
SPADES SIX SPADES FIVE,0.5858,0.026,0.3882
SPADES SEVEN SPADES FIVE,0.647,0.0824,0.2706
DIAMONDS FIVE CLUBS QUEEN,0.41,0.0128,0.5772
SPADES EIGHT CLUBS ACE,0.3808,0.0024,0.6168
DIAMONDS FIVE CLUBS KING,0.418,0.0074,0.5746
SPADES EIGHT CLUBS KING,0.3786,0.007,0.6144
CLUBS ACE DIAMONDS FIVE,0.4196,0.0046,0.5758
SPADES EIGHT CLUBS QUEEN,0.3738,0.0102,0.616
SPADES EIGHT CLUBS JACK,0.367,0.0186,0.6144
CLUBS TEN SPADES EIGHT,0.2286,0.2252,0.5462
CLUBS TEN DIAMONDS FIVE,0.4882,0.2896,0.2222
DIAMONDS FIVE CLUBS JACK,0.4138,0.016,0.5702
DIAMONDS TEN HEARTS JACK,0.2308,0.0546,0.7146
DIAMONDS TEN HEARTS TEN,0.117,0.0554,0.8276
SPADES ACE CLUBS NINE,0.3754,0.0028,0.6218
CLUBS NINE SPADES QUEEN,0.3592,0.0092,0.6316
CLUBS NINE SPADES KING,0.3668,0.0078,0.6254
HEARTS SIX HEARTS KING,0.3922,0.0058,0.602
DIAMONDS KING SPADES SEVEN,0.2626,0.0332,0.7042
SPADES SEVEN HEARTS THREE,0.6806,0.088,0.2314
HEARTS SIX HEARTS QUEEN,0.3856,0.0096,0.6048
DIAMONDS KING SPADES SIX,0.4198,0.0096,0.5706
HEARTS THREE SPADES SIX,0.6304,0.0286,0.341
SPADES NINE DIAMONDS KING,0.3786,0.0084,0.613
SPADES NINE HEARTS THREE,0.6368,0.0246,0.3386
HEARTS SIX HEARTS ACE,0.3872,0.0032,0.6096
SPADES EIGHT DIAMONDS KING,0.3808,0.007,0.6122
SPADES EIGHT HEARTS THREE,0.6434,0.029,0.3276
CLUBS NINE HEARTS THREE,0.6338,0.0284,0.3378
CLUBS NINE DIAMONDS KING,0.3794,0.0052,0.6154
CLUBS EIGHT HEARTS THREE,0.641,0.028,0.331
CLUBS EIGHT DIAMONDS KING,0.3702,0.0072,0.6226
HEARTS THREE SPADES THREE,0.4362,0.0568,0.507
DIAMONDS KING SPADES THREE,0.4088,0.0088,0.5824
HEARTS THREE SPADES TWO,0.6434,0.026,0.3306
DIAMONDS KING SPADES TWO,0.4318,0.0092,0.559
