opposingHand,winningChance,drawChance,lostChance
SPADES QUEEN CLUBS NINE
SPADES TEN HEARTS FIVE,0.652,0.0094,0.3386
SPADES JACK HEARTS FIVE,0.6484,0.009,0.3426
SPADES FIVE CLUBS JACK,0.6428,0.0126,0.3446
CLUBS TEN SPADES FIVE,0.6406,0.0132,0.3462
CLUBS EIGHT CLUBS JACK,0.5976,0.0108,0.3916
CLUBS EIGHT CLUBS TEN,0.5896,0.0094,0.401
CLUBS EIGHT CLUBS KING,0.4016,0.0074,0.591
SPADES FIVE CLUBS ACE,0.4246,0.0058,0.5696
CLUBS EIGHT CLUBS QUEEN,0.576,0.1628,0.2612
SPADES FIVE CLUBS KING,0.4172,0.0084,0.5744
SPADES FIVE CLUBS QUEEN,0.6082,0.171,0.2208
CLUBS EIGHT CLUBS ACE,0.3936,0.004,0.6024
DIAMONDS TWO DIAMONDS THREE,0.6034,0.009,0.3876
DIAMONDS TWO DIAMONDS FIVE,0.5942,0.0132,0.3926
SPADES KING HEARTS FIVE,0.4164,0.0078,0.5758
DIAMONDS TWO DIAMONDS FOUR,0.6204,0.0118,0.3678
DIAMONDS TWO DIAMONDS SEVEN,0.6286,0.0116,0.3598
DIAMONDS TWO DIAMONDS SIX,0.6042,0.0126,0.3832
SPADES ACE HEARTS FIVE,0.4184,0.005,0.5766
DIAMONDS TWO DIAMONDS NINE,0.6788,0.0466,0.2746
DIAMONDS TWO DIAMONDS EIGHT,0.6276,0.0108,0.3616
DIAMONDS THREE DIAMONDS FOUR,0.5878,0.0094,0.4028
CLUBS TWO SPADES FOUR,0.6536,0.014,0.3324
DIAMONDS THREE DIAMONDS FIVE,0.5912,0.0118,0.397
CLUBS TWO SPADES FIVE,0.6514,0.0134,0.3352
CLUBS TWO SPADES TWO,0.4752,0.0234,0.5014
CLUBS TWO SPADES THREE,0.6466,0.0118,0.3416
DIAMONDS THREE DIAMONDS EIGHT,0.6346,0.0094,0.356
SPADES EIGHT CLUBS TWO,0.677,0.0138,0.3092
DIAMONDS THREE DIAMONDS NINE,0.6724,0.0478,0.2798
SPADES NINE CLUBS TWO,0.7424,0.0456,0.212
DIAMONDS THREE DIAMONDS SIX,0.6092,0.0128,0.378
CLUBS TWO SPADES SIX,0.6724,0.0148,0.3128
DIAMONDS THREE DIAMONDS SEVEN,0.6062,0.0126,0.3812
SPADES SEVEN CLUBS TWO,0.6696,0.014,0.3164
CLUBS SIX CLUBS TWO,0.622,0.011,0.367
CLUBS SEVEN CLUBS TWO,0.6468,0.0122,0.341
CLUBS FOUR CLUBS TWO,0.628,0.0106,0.3614
CLUBS FIVE CLUBS TWO,0.6108,0.0132,0.376
CLUBS TEN CLUBS JACK,0.5402,0.0114,0.4484
DIAMONDS FOUR DIAMONDS SIX,0.6084,0.011,0.3806
CLUBS TEN CLUBS QUEEN,0.2166,0.1198,0.6636
DIAMONDS FOUR DIAMONDS SEVEN,0.5908,0.0114,0.3978
CLUBS TEN CLUBS KING,0.346,0.0068,0.6472
CLUBS TEN CLUBS ACE,0.343,0.0044,0.6526
CLUBS EIGHT CLUBS TWO,0.6448,0.0108,0.3444
DIAMONDS FIVE DIAMONDS FOUR,0.5662,0.0112,0.4226
DIAMONDS NINE DIAMONDS FOUR,0.677,0.0412,0.2818
DIAMONDS EIGHT DIAMONDS FOUR,0.6188,0.0112,0.37
CLUBS TWO CLUBS THREE,0.6178,0.0114,0.3708
DIAMONDS NINE DIAMONDS FIVE,0.6648,0.0472,0.288
DIAMONDS TWO CLUBS JACK,0.638,0.0106,0.3514
DIAMONDS EIGHT DIAMONDS FIVE,0.603,0.0098,0.3872
CLUBS TEN DIAMONDS TWO,0.6504,0.0108,0.3388
DIAMONDS FIVE DIAMONDS SEVEN,0.5906,0.0108,0.3986
DIAMONDS FIVE DIAMONDS SIX,0.5754,0.0082,0.4164
DIAMONDS TWO CLUBS ACE,0.4246,0.0052,0.5702
DIAMONDS TWO CLUBS KING,0.4182,0.0088,0.573
DIAMONDS TWO CLUBS QUEEN,0.6054,0.1704,0.2242
DIAMONDS EIGHT DIAMONDS SIX,0.581,0.0112,0.4078
DIAMONDS NINE DIAMONDS SIX,0.659,0.0406,0.3004
HEARTS ACE SPADES THREE,0.427,0.0042,0.5688
HEARTS KING SPADES THREE,0.4254,0.007,0.5676
DIAMONDS SEVEN DIAMONDS SIX,0.5808,0.0116,0.4076
SPADES THREE HEARTS QUEEN,0.6186,0.1638,0.2176
SPADES THREE HEARTS JACK,0.6376,0.011,0.3514
SPADES THREE HEARTS TEN,0.6486,0.0102,0.3412
DIAMONDS EIGHT DIAMONDS SEVEN,0.5892,0.0118,0.399
DIAMONDS NINE DIAMONDS SEVEN,0.6612,0.0454,0.2934
DIAMONDS NINE DIAMONDS EIGHT,0.647,0.0404,0.3126
DIAMONDS KING HEARTS TEN,0.3588,0.006,0.6352
HEARTS THREE HEARTS TEN,0.6184,0.0122,0.3694
SPADES JACK CLUBS SIX,0.6504,0.0126,0.337
DIAMONDS KING HEARTS JACK,0.3598,0.007,0.6332
HEARTS THREE HEARTS JACK,0.6098,0.0112,0.379
CLUBS SIX SPADES TEN,0.6522,0.009,0.3388
SPADES JACK SPADES FIVE,0.615,0.0114,0.3736
SPADES TEN SPADES FIVE,0.6174,0.012,0.3706
DIAMONDS KING HEARTS ACE,0.3458,0.0044,0.6498
HEARTS THREE HEARTS ACE,0.385,0.0044,0.6106
SPADES ACE CLUBS SIX,0.4066,0.0056,0.5878
DIAMONDS KING HEARTS QUEEN,0.234,0.026,0.74
HEARTS THREE HEARTS QUEEN,0.5688,0.1534,0.2778
SPADES KING CLUBS SIX,0.4154,0.0062,0.5784
DIAMONDS KING HEARTS KING,0.1556,0.0022,0.8422
HEARTS THREE HEARTS KING,0.4112,0.0098,0.579
SPADES NINE HEARTS TEN,0.7014,0.0382,0.2604
SPADES NINE HEARTS JACK,0.7164,0.0404,0.2432
SPADES KING SPADES FIVE,0.3952,0.0082,0.5966
SPADES ACE SPADES FIVE,0.3874,0.0062,0.6064
SPADES NINE HEARTS QUEEN,0.0168,0.9724,0.0108
SPADES NINE HEARTS KING,0.253,0.0278,0.7192
SPADES NINE HEARTS ACE,0.2602,0.0214,0.7184
CLUBS TEN SPADES JACK,0.5654,0.0106,0.424
CLUBS TEN SPADES TEN,0.2792,0.0172,0.7036
SPADES ACE CLUBS TEN,0.3558,0.0062,0.638
SPADES KING CLUBS TEN,0.34,0.008,0.652
SPADES FIVE HEARTS QUEEN,0.6086,0.173,0.2184
SPADES FIVE HEARTS KING,0.431,0.0084,0.5606
SPADES FIVE HEARTS ACE,0.4118,0.0028,0.5854
HEARTS THREE SPADES JACK,0.6462,0.0122,0.3416
SPADES JACK DIAMONDS KING,0.3678,0.0066,0.6256
CLUBS EIGHT SPADES TEN,0.6302,0.0124,0.3574
CLUBS EIGHT SPADES JACK,0.6336,0.01,0.3564
HEARTS THREE SPADES TEN,0.6634,0.0116,0.325
SPADES TEN DIAMONDS KING,0.355,0.0078,0.6372
SPADES ACE CLUBS EIGHT,0.4058,0.0036,0.5906
HEARTS FIVE CLUBS JACK,0.6448,0.0098,0.3454
CLUBS SIX HEARTS ACE,0.4114,0.0048,0.5838
CLUBS TEN HEARTS FIVE,0.6482,0.0106,0.3412
CLUBS TEN SPADES THREE,0.6666,0.0104,0.323
CLUBS SIX HEARTS QUEEN,0.6136,0.161,0.2254
CLUBS EIGHT SPADES KING,0.4186,0.0064,0.575
SPADES THREE CLUBS JACK,0.6506,0.0142,0.3352
CLUBS SIX HEARTS KING,0.4314,0.0066,0.562
DIAMONDS TWO HEARTS JACK,0.6486,0.0108,0.3406
SPADES THREE CLUBS QUEEN,0.6088,0.165,0.2262
DIAMONDS TWO HEARTS TEN,0.6594,0.0096,0.331
SPADES THREE CLUBS KING,0.419,0.0062,0.5748
HEARTS FIVE CLUBS ACE,0.4166,0.004,0.5794
SPADES FIVE HEARTS TEN,0.6422,0.0128,0.345
SPADES THREE CLUBS ACE,0.4256,0.004,0.5704
HEARTS FIVE CLUBS KING,0.4138,0.008,0.5782
SPADES FIVE HEARTS JACK,0.6478,0.0096,0.3426
HEARTS FIVE CLUBS QUEEN,0.6096,0.1516,0.2388
HEARTS THREE CLUBS KING,0.4174,0.0086,0.574
DIAMONDS KING CLUBS KING,0.1396,0.0028,0.8576
HEARTS THREE CLUBS QUEEN,0.6174,0.1586,0.224
DIAMONDS KING CLUBS QUEEN,0.2444,0.0288,0.7268
HEARTS FIVE HEARTS JACK,0.606,0.0102,0.3838
HEARTS FIVE HEARTS TEN,0.625,0.0098,0.3652
HEARTS THREE CLUBS ACE,0.4272,0.0038,0.569
DIAMONDS KING CLUBS ACE,0.3372,0.0054,0.6574
SPADES ACE CLUBS QUEEN,0.2252,0.0162,0.7586
SPADES KING CLUBS QUEEN,0.23,0.03,0.74
HEARTS THREE CLUBS JACK,0.6468,0.0116,0.3416
DIAMONDS KING CLUBS JACK,0.3528,0.006,0.6412
CLUBS TEN HEARTS THREE,0.649,0.0102,0.3408
CLUBS TEN DIAMONDS KING,0.3448,0.0084,0.6468
SPADES JACK CLUBS QUEEN,0.2306,0.0836,0.6858
CLUBS SIX CLUBS QUEEN,0.5826,0.1608,0.2566
SPADES TEN CLUBS QUEEN,0.222,0.1248,0.6532
CLUBS SIX CLUBS KING,0.3854,0.008,0.6066
CLUBS SIX CLUBS ACE,0.394,0.004,0.602
HEARTS FIVE HEARTS KING,0.3892,0.0062,0.6046
HEARTS FIVE HEARTS QUEEN,0.5688,0.1536,0.2776
CLUBS TEN CLUBS SIX,0.6222,0.01,0.3678
HEARTS FIVE HEARTS ACE,0.3856,0.0036,0.6108
CLUBS SIX CLUBS JACK,0.6254,0.0088,0.3658
SPADES SEVEN HEARTS JACK,0.6466,0.0084,0.345
SPADES SEVEN HEARTS TEN,0.6304,0.0094,0.3602
DIAMONDS TWO CLUBS TWO,0.468,0.0224,0.5096
DIAMONDS TWO CLUBS THREE,0.6556,0.0126,0.3318
HEARTS SIX DIAMONDS TWO,0.659,0.011,0.33
DIAMONDS TWO HEARTS QUEEN,0.5956,0.1656,0.2388
DIAMONDS TWO HEARTS SEVEN,0.6692,0.011,0.3198
DIAMONDS TWO HEARTS KING,0.4148,0.0078,0.5774
DIAMONDS TWO HEARTS EIGHT,0.6722,0.0104,0.3174
DIAMONDS TWO HEARTS ACE,0.413,0.0054,0.5816
DIAMONDS TWO HEARTS NINE,0.7274,0.049,0.2236
DIAMONDS TWO DIAMONDS QUEEN,0.5652,0.1642,0.2706
DIAMONDS TWO HEARTS TWO,0.4586,0.019,0.5224
DIAMONDS TWO DIAMONDS KING,0.3812,0.0094,0.6094
HEARTS THREE DIAMONDS TWO,0.6508,0.0128,0.3364
DIAMONDS TWO DIAMONDS ACE,0.3866,0.004,0.6094
HEARTS FOUR DIAMONDS TWO,0.6412,0.0116,0.3472
DIAMONDS TWO HEARTS FIVE,0.6472,0.0116,0.3412
SPADES SEVEN HEARTS ACE,0.418,0.0032,0.5788
DIAMONDS TWO DIAMONDS TEN,0.6006,0.0114,0.388
SPADES SEVEN HEARTS KING,0.417,0.0072,0.5758
DIAMONDS TWO DIAMONDS JACK,0.6052,0.0102,0.3846
SPADES SEVEN HEARTS QUEEN,0.6258,0.154,0.2202
DIAMONDS TWO SPADES NINE,0.734,0.0486,0.2174
DIAMONDS TWO SPADES EIGHT,0.6776,0.0124,0.31
DIAMONDS TWO SPADES SEVEN,0.6752,0.0148,0.31
DIAMONDS TWO SPADES SIX,0.665,0.0094,0.3256
DIAMONDS TWO SPADES FIVE,0.6528,0.009,0.3382
DIAMONDS TWO SPADES FOUR,0.645,0.0108,0.3442
DIAMONDS TWO SPADES THREE,0.658,0.0142,0.3278
DIAMONDS TWO SPADES TWO,0.4588,0.021,0.5202
CLUBS EIGHT DIAMONDS TWO,0.6732,0.0116,0.3152
DIAMONDS TWO CLUBS SEVEN,0.6744,0.011,0.3146
CLUBS SIX DIAMONDS TWO,0.6704,0.0122,0.3174
DIAMONDS TWO CLUBS FIVE,0.6472,0.0124,0.3404
DIAMONDS TWO CLUBS FOUR,0.6526,0.0128,0.3346
CLUBS FOUR SPADES FIVE,0.6188,0.0104,0.3708
CLUBS FOUR SPADES FOUR,0.4676,0.0218,0.5106
CLUBS FOUR SPADES THREE,0.6464,0.0118,0.3418
CLUBS FOUR SPADES TWO,0.6518,0.0142,0.334
SPADES NINE CLUBS FOUR,0.742,0.0446,0.2134
CLUBS FOUR SPADES EIGHT,0.662,0.0164,0.3216
CLUBS FOUR SPADES SEVEN,0.6546,0.0122,0.3332
CLUBS FOUR SPADES SIX,0.641,0.012,0.347
SPADES ACE DIAMONDS SIX,0.4274,0.0032,0.5694
SPADES KING DIAMONDS SIX,0.411,0.0062,0.5828
SPADES TEN DIAMONDS SIX,0.6336,0.0104,0.356
SPADES JACK DIAMONDS SIX,0.6466,0.0092,0.3442
SPADES KING SPADES TWO,0.4052,0.007,0.5878
SPADES ACE SPADES TWO,0.4072,0.0048,0.588
DIAMONDS JACK CLUBS JACK,0.2692,0.0098,0.721
CLUBS TEN DIAMONDS JACK,0.5754,0.0086,0.416
DIAMONDS JACK CLUBS KING,0.3572,0.0052,0.6376
DIAMONDS JACK CLUBS QUEEN,0.234,0.0844,0.6816
DIAMONDS THREE DIAMONDS JACK,0.6068,0.0084,0.3848
DIAMONDS THREE DIAMONDS TEN,0.6174,0.0094,0.3732
DIAMONDS JACK CLUBS ACE,0.362,0.0036,0.6344
DIAMONDS THREE DIAMONDS KING,0.4002,0.0054,0.5944
HEARTS THREE DIAMONDS THREE,0.4642,0.0204,0.5154
DIAMONDS THREE DIAMONDS QUEEN,0.5656,0.1684,0.266
DIAMONDS THREE HEARTS TWO,0.6372,0.0102,0.3526
HEARTS FIVE DIAMONDS THREE,0.6358,0.0118,0.3524
DIAMONDS THREE DIAMONDS ACE,0.3928,0.0038,0.6034
HEARTS FOUR DIAMONDS THREE,0.6374,0.012,0.3506
DIAMONDS THREE HEARTS SEVEN,0.6412,0.0102,0.3486
SPADES TEN SPADES NINE,0.6616,0.0386,0.2998
HEARTS SIX DIAMONDS THREE,0.6458,0.009,0.3452
SPADES JACK SPADES NINE,0.675,0.0402,0.2848
DIAMONDS THREE HEARTS NINE,0.728,0.0496,0.2224
HEARTS JACK DIAMONDS FOUR,0.6578,0.009,0.3332
HEARTS KING HEARTS ACE,0.3236,0.0046,0.6718
SPADES TEN SPADES TWO,0.6326,0.0106,0.3568
DIAMONDS THREE HEARTS EIGHT,0.6678,0.0104,0.3218
HEARTS TEN DIAMONDS FOUR,0.6414,0.0098,0.3488
SPADES JACK SPADES TWO,0.6278,0.011,0.3612
HEARTS QUEEN DIAMONDS FOUR,0.5994,0.1698,0.2308
HEARTS KING DIAMONDS FOUR,0.426,0.0082,0.5658
SPADES ACE SPADES NINE,0.2668,0.0208,0.7124
HEARTS ACE DIAMONDS FOUR,0.4238,0.004,0.5722
SPADES KING SPADES NINE,0.2344,0.0306,0.735
DIAMONDS THREE SPADES NINE,0.7294,0.0476,0.223
DIAMONDS THREE SPADES EIGHT,0.6786,0.0158,0.3056
DIAMONDS THREE SPADES SEVEN,0.6752,0.0102,0.3146
DIAMONDS THREE SPADES SIX,0.6524,0.0102,0.3374
CLUBS SIX DIAMONDS THREE,0.6382,0.0112,0.3506
CLUBS ACE DIAMONDS FOUR,0.4054,0.0054,0.5892
CLUBS SIX CLUBS FIVE,0.59,0.012,0.398
CLUBS SEVEN CLUBS FIVE,0.6058,0.0098,0.3844
CLUBS SEVEN DIAMONDS THREE,0.653,0.0096,0.3374
DIAMONDS THREE CLUBS FOUR,0.6406,0.012,0.3474
DIAMONDS FOUR CLUBS QUEEN,0.6048,0.161,0.2342
DIAMONDS THREE CLUBS FIVE,0.638,0.0108,0.3512
CLUBS KING DIAMONDS FOUR,0.4112,0.0064,0.5824
DIAMONDS THREE CLUBS TWO,0.6578,0.0118,0.3304
CLUBS TEN DIAMONDS FOUR,0.6424,0.011,0.3466
DIAMONDS THREE CLUBS THREE,0.4528,0.0228,0.5244
DIAMONDS FOUR CLUBS JACK,0.6406,0.0112,0.3482
DIAMONDS THREE SPADES FOUR,0.6438,0.0106,0.3456
DIAMONDS THREE SPADES FIVE,0.6402,0.0112,0.3486
DIAMONDS THREE SPADES TWO,0.6582,0.0108,0.331
DIAMONDS THREE SPADES THREE,0.473,0.019,0.508
CLUBS EIGHT DIAMONDS THREE,0.6802,0.0108,0.309
SPADES SEVEN CLUBS ACE,0.4102,0.0044,0.5854
SPADES SEVEN CLUBS QUEEN,0.6022,0.1618,0.236
SPADES SEVEN CLUBS KING,0.4264,0.0064,0.5672
CLUBS FIVE SPADES SEVEN,0.6346,0.015,0.3504
CLUBS TEN SPADES SEVEN,0.624,0.0092,0.3668
CLUBS FIVE SPADES SIX,0.6276,0.01,0.3624
SPADES SEVEN CLUBS JACK,0.6352,0.011,0.3538
SPADES NINE CLUBS FIVE,0.714,0.0466,0.2394
SPADES EIGHT CLUBS FIVE,0.6524,0.0098,0.3378
CLUBS FIVE SPADES THREE,0.6474,0.012,0.3406
CLUBS FIVE SPADES TWO,0.6546,0.0124,0.333
CLUBS FIVE SPADES FIVE,0.4642,0.0208,0.515
CLUBS FIVE SPADES FOUR,0.6156,0.0132,0.3712
CLUBS EIGHT CLUBS FIVE,0.618,0.0132,0.3688
CLUBS ACE CLUBS QUEEN,0.2362,0.0176,0.7462
CLUBS KING CLUBS QUEEN,0.223,0.0276,0.7494
DIAMONDS TEN DIAMONDS FOUR,0.603,0.0092,0.3878
CLUBS TEN DIAMONDS NINE,0.6918,0.043,0.2652
DIAMONDS JACK DIAMONDS FOUR,0.6124,0.0104,0.3772
DIAMONDS NINE CLUBS JACK,0.6906,0.045,0.2644
SPADES NINE CLUBS JACK,0.7122,0.0448,0.243
CLUBS TEN SPADES NINE,0.6962,0.0414,0.2624
DIAMONDS ACE DIAMONDS FOUR,0.388,0.0042,0.6078
HEARTS FOUR DIAMONDS FOUR,0.4668,0.0194,0.5138
DIAMONDS JACK HEARTS TEN,0.5776,0.007,0.4154
SPADES NINE CLUBS KING,0.25,0.0302,0.7198
DIAMONDS TWO SPADES TEN,0.6582,0.012,0.3298
DIAMONDS NINE CLUBS ACE,0.2518,0.0208,0.7274
HEARTS FIVE DIAMONDS FOUR,0.6178,0.0118,0.3704
HEARTS JACK DIAMONDS JACK,0.29,0.0122,0.6978
SPADES NINE CLUBS QUEEN,0.008,0.9844,0.0076
SPADES JACK DIAMONDS TWO,0.6596,0.012,0.3284
DIAMONDS QUEEN DIAMONDS FOUR,0.5564,0.1568,0.2868
HEARTS TWO DIAMONDS FOUR,0.6368,0.0106,0.3526
DIAMONDS NINE CLUBS QUEEN,0.0112,0.9722,0.0166
DIAMONDS KING DIAMONDS FOUR,0.4038,0.0052,0.591
HEARTS THREE DIAMONDS FOUR,0.6358,0.0128,0.3514
SPADES NINE CLUBS ACE,0.2668,0.0274,0.7058
DIAMONDS NINE CLUBS KING,0.2444,0.0302,0.7254
HEARTS ACE DIAMONDS JACK,0.3724,0.0038,0.6238
SPADES ACE DIAMONDS TWO,0.4158,0.0034,0.5808
DIAMONDS JACK HEARTS QUEEN,0.2392,0.0844,0.6764
HEARTS KING DIAMONDS JACK,0.3708,0.0046,0.6246
SPADES KING DIAMONDS TWO,0.4156,0.0094,0.575
SPADES JACK SPADES SEVEN,0.6154,0.0114,0.3732
SPADES TEN SPADES SEVEN,0.6024,0.0108,0.3868
CLUBS SEVEN CLUBS THREE,0.6356,0.0116,0.3528
CLUBS SIX CLUBS THREE,0.6092,0.0118,0.379
CLUBS FIVE CLUBS THREE,0.6132,0.0114,0.3754
CLUBS FOUR CLUBS THREE,0.6084,0.0116,0.38
CLUBS EIGHT CLUBS THREE,0.6508,0.0094,0.3398
CLUBS THREE SPADES FIVE,0.6414,0.0094,0.3492
CLUBS THREE SPADES FOUR,0.6438,0.0126,0.3436
CLUBS THREE SPADES THREE,0.4682,0.0226,0.5092
CLUBS THREE SPADES TWO,0.6652,0.0136,0.3212
SPADES SIX CLUBS THREE,0.647,0.0126,0.3404
SPADES SEVEN CLUBS THREE,0.674,0.009,0.317
SPADES EIGHT CLUBS THREE,0.6908,0.0112,0.298
SPADES NINE CLUBS THREE,0.7498,0.047,0.2032
SPADES TWO DIAMONDS FOUR,0.6506,0.0136,0.3358
SPADES THREE DIAMONDS FOUR,0.638,0.0148,0.3472
SPADES FOUR DIAMONDS FOUR,0.463,0.0198,0.5172
SPADES FIVE DIAMONDS FOUR,0.6162,0.0122,0.3716
SPADES SIX DIAMONDS FOUR,0.639,0.0102,0.3508
SPADES SEVEN DIAMONDS FOUR,0.6488,0.011,0.3402
SPADES EIGHT DIAMONDS FOUR,0.668,0.011,0.321
SPADES NINE DIAMONDS FOUR,0.7412,0.0432,0.2156
CLUBS FIVE DIAMONDS FOUR,0.6392,0.0102,0.3506
CLUBS FOUR DIAMONDS FOUR,0.4738,0.021,0.5052
CLUBS SEVEN DIAMONDS FOUR,0.649,0.01,0.341
CLUBS SIX DIAMONDS FOUR,0.6372,0.0112,0.3516
CLUBS EIGHT DIAMONDS FOUR,0.665,0.015,0.32
DIAMONDS FOUR HEARTS SEVEN,0.6366,0.0128,0.3506
HEARTS SIX DIAMONDS FOUR,0.6296,0.0098,0.3606
HEARTS NINE DIAMONDS FOUR,0.7224,0.044,0.2336
DIAMONDS FOUR HEARTS EIGHT,0.6542,0.0112,0.3346
CLUBS THREE DIAMONDS FOUR,0.6274,0.011,0.3616
CLUBS TWO DIAMONDS FOUR,0.6486,0.0098,0.3416
DIAMONDS TEN DIAMONDS FIVE,0.6156,0.0082,0.3762
DIAMONDS JACK DIAMONDS FIVE,0.5998,0.0136,0.3866
DIAMONDS NINE HEARTS QUEEN,0.0238,0.9552,0.021
HEARTS KING DIAMONDS NINE,0.2586,0.0302,0.7112
DIAMONDS NINE HEARTS ACE,0.271,0.0164,0.7126
DIAMONDS NINE HEARTS TEN,0.6968,0.033,0.2702
DIAMONDS NINE HEARTS JACK,0.6912,0.043,0.2658
CLUBS KING DIAMONDS SIX,0.4122,0.0056,0.5822
CLUBS QUEEN DIAMONDS SIX,0.5986,0.1664,0.235
CLUBS ACE DIAMONDS SIX,0.4174,0.004,0.5786
SPADES KING DIAMONDS FOUR,0.43,0.0084,0.5616
SPADES ACE SPADES SEVEN,0.4,0.004,0.596
CLUBS JACK DIAMONDS SIX,0.6356,0.009,0.3554
SPADES KING SPADES SEVEN,0.4002,0.0082,0.5916
SPADES ACE DIAMONDS FOUR,0.4188,0.0048,0.5764
CLUBS TEN DIAMONDS SIX,0.6454,0.01,0.3446
CLUBS EIGHT CLUBS FOUR,0.6396,0.0118,0.3486
SPADES JACK DIAMONDS FOUR,0.654,0.0122,0.3338
SPADES TEN DIAMONDS FOUR,0.6466,0.0096,0.3438
CLUBS FOUR CLUBS FIVE,0.5988,0.0136,0.3876
CLUBS SEVEN CLUBS FOUR,0.6204,0.0114,0.3682
CLUBS SIX CLUBS FOUR,0.592,0.0102,0.3978
CLUBS SEVEN SPADES EIGHT,0.64,0.0136,0.3464
CLUBS SEVEN SPADES NINE,0.7196,0.0434,0.237
CLUBS SEVEN SPADES SIX,0.6234,0.0112,0.3654
CLUBS SEVEN SPADES SEVEN,0.4502,0.0182,0.5316
CLUBS SEVEN SPADES FIVE,0.6572,0.013,0.3298
CLUBS SEVEN SPADES FOUR,0.65,0.0098,0.3402
CLUBS SEVEN SPADES THREE,0.6606,0.0132,0.3262
CLUBS SEVEN SPADES TWO,0.6826,0.013,0.3044
CLUBS EIGHT CLUBS SEVEN,0.6048,0.0112,0.384
HEARTS SIX DIAMONDS FIVE,0.615,0.009,0.376
DIAMONDS FIVE HEARTS SEVEN,0.6444,0.0114,0.3442
DIAMONDS FIVE HEARTS EIGHT,0.6522,0.0102,0.3376
HEARTS NINE DIAMONDS FIVE,0.716,0.0434,0.2406
DIAMONDS QUEEN DIAMONDS FIVE,0.5636,0.1622,0.2742
HEARTS TWO DIAMONDS FIVE,0.655,0.0116,0.3334
HEARTS KING HEARTS EIGHT,0.3796,0.0064,0.614
DIAMONDS KING DIAMONDS FIVE,0.3926,0.01,0.5974
HEARTS THREE DIAMONDS FIVE,0.6208,0.0148,0.3644
HEARTS QUEEN HEARTS EIGHT,0.5676,0.1528,0.2796
DIAMONDS ACE DIAMONDS FIVE,0.3782,0.0028,0.619
HEARTS FOUR DIAMONDS FIVE,0.606,0.0126,0.3814
HEARTS FIVE DIAMONDS FIVE,0.4478,0.0214,0.5308
HEARTS ACE HEARTS EIGHT,0.378,0.0072,0.6148
CLUBS FOUR DIAMONDS FIVE,0.6196,0.0104,0.37
CLUBS FIVE DIAMONDS FIVE,0.447,0.0176,0.5354
CLUBS SIX DIAMONDS FIVE,0.623,0.0102,0.3668
CLUBS SEVEN DIAMONDS FIVE,0.6264,0.0104,0.3632
CLUBS TWO DIAMONDS FIVE,0.6516,0.0116,0.3368
CLUBS THREE DIAMONDS FIVE,0.6344,0.0108,0.3548
SPADES THREE DIAMONDS FIVE,0.6266,0.0086,0.3648
SPADES TWO DIAMONDS FIVE,0.6352,0.0134,0.3514
SPADES JACK DIAMONDS EIGHT,0.6308,0.012,0.3572
SPADES FIVE DIAMONDS FIVE,0.457,0.0218,0.5212
CLUBS TEN HEARTS JACK,0.5736,0.0116,0.4148
SPADES TEN DIAMONDS EIGHT,0.6142,0.0138,0.372
SPADES FOUR DIAMONDS FIVE,0.627,0.013,0.36
HEARTS JACK CLUBS JACK,0.284,0.01,0.706
HEARTS JACK CLUBS QUEEN,0.2366,0.0894,0.674
HEARTS JACK CLUBS KING,0.3572,0.0076,0.6352
CLUBS EIGHT DIAMONDS FIVE,0.6442,0.0102,0.3456
HEARTS JACK CLUBS ACE,0.3646,0.0044,0.631
SPADES SEVEN DIAMONDS FIVE,0.6236,0.012,0.3644
SPADES KING DIAMONDS EIGHT,0.4058,0.0076,0.5866
SPADES SIX DIAMONDS FIVE,0.6086,0.0108,0.3806
SPADES NINE DIAMONDS FIVE,0.7118,0.0468,0.2414
SPADES EIGHT DIAMONDS FIVE,0.6482,0.0098,0.342
SPADES ACE DIAMONDS EIGHT,0.4072,0.0048,0.588
DIAMONDS TEN DIAMONDS SIX,0.5952,0.011,0.3938
HEARTS ACE DIAMONDS SEVEN,0.4252,0.0036,0.5712
DIAMONDS JACK DIAMONDS SIX,0.611,0.0084,0.3806
HEARTS QUEEN DIAMONDS SEVEN,0.613,0.1614,0.2256
HEARTS KING DIAMONDS SEVEN,0.4292,0.0054,0.5654
DIAMONDS ACE DIAMONDS SIX,0.4012,0.005,0.5938
HEARTS FOUR DIAMONDS SIX,0.6236,0.0088,0.3676
HEARTS JACK SPADES TWO,0.6572,0.011,0.3318
HEARTS FIVE DIAMONDS SIX,0.6108,0.0116,0.3776
SPADES TWO HEARTS TEN,0.6446,0.0116,0.3438
DIAMONDS QUEEN DIAMONDS SIX,0.5666,0.1552,0.2782
HEARTS TWO DIAMONDS SIX,0.6624,0.0108,0.3268
DIAMONDS KING DIAMONDS SIX,0.3868,0.0064,0.6068
HEARTS THREE DIAMONDS SIX,0.6466,0.0118,0.3416
HEARTS EIGHT DIAMONDS SIX,0.6254,0.0102,0.3644
HEARTS NINE DIAMONDS SIX,0.6962,0.044,0.2598
HEARTS SIX DIAMONDS SIX,0.4502,0.0176,0.5322
HEARTS SEVEN DIAMONDS SIX,0.6188,0.0078,0.3734
HEARTS TEN DIAMONDS SEVEN,0.6278,0.0116,0.3606
CLUBS TWO DIAMONDS SIX,0.652,0.0116,0.3364
HEARTS JACK DIAMONDS SEVEN,0.6458,0.0096,0.3446
CLUBS THREE DIAMONDS SIX,0.6604,0.0124,0.3272
DIAMONDS EIGHT CLUBS JACK,0.6274,0.0088,0.3638
CLUBS SEVEN DIAMONDS SIX,0.6222,0.01,0.3678
CLUBS SIX DIAMONDS SIX,0.4436,0.0168,0.5396
CLUBS TEN DIAMONDS EIGHT,0.6196,0.0092,0.3712
CLUBS FIVE DIAMONDS SIX,0.6128,0.0156,0.3716
CLUBS FOUR DIAMONDS SIX,0.6378,0.0116,0.3506
HEARTS ACE HEARTS JACK,0.35,0.0046,0.6454
DIAMONDS EIGHT CLUBS ACE,0.4132,0.0048,0.582
HEARTS JACK HEARTS QUEEN,0.2262,0.088,0.6858
DIAMONDS EIGHT CLUBS KING,0.3948,0.0062,0.599
HEARTS KING HEARTS JACK,0.3412,0.0064,0.6524
DIAMONDS EIGHT CLUBS QUEEN,0.6052,0.172,0.2228
CLUBS EIGHT DIAMONDS SIX,0.6252,0.0126,0.3622
SPADES TEN HEARTS KING,0.3484,0.0064,0.6452
SPADES FIVE DIAMONDS SIX,0.6106,0.01,0.3794
HEARTS ACE SPADES TWO,0.419,0.0046,0.5764
SPADES JACK HEARTS KING,0.3618,0.006,0.6322
SPADES FOUR DIAMONDS SIX,0.6384,0.0134,0.3482
SPADES THREE DIAMONDS SIX,0.6498,0.0134,0.3368
SPADES TWO HEARTS QUEEN,0.6082,0.1638,0.228
SPADES ACE SPADES KING,0.3198,0.0046,0.6756
HEARTS KING SPADES TWO,0.4294,0.0076,0.563
SPADES TWO DIAMONDS SIX,0.6726,0.014,0.3134
HEARTS TEN HEARTS EIGHT,0.5712,0.0118,0.417
SPADES NINE DIAMONDS SIX,0.6938,0.045,0.2612
HEARTS JACK HEARTS EIGHT,0.6078,0.0086,0.3836
SPADES EIGHT DIAMONDS SIX,0.642,0.009,0.349
SPADES SEVEN DIAMONDS SIX,0.6276,0.0136,0.3588
SPADES SIX DIAMONDS SIX,0.4446,0.0184,0.537
SPADES KING HEARTS KING,0.1428,0.0028,0.8544
CLUBS ACE CLUBS KING,0.33,0.0038,0.6662
SPADES ACE HEARTS KING,0.3424,0.0046,0.653
SPADES ACE HEARTS JACK,0.3606,0.0026,0.6368
SPADES KING HEARTS JACK,0.3596,0.0056,0.6348
SPADES TEN DIAMONDS TEN,0.2962,0.017,0.6868
SPADES JACK DIAMONDS TEN,0.5766,0.0078,0.4156
SPADES ACE DIAMONDS TEN,0.3528,0.0052,0.642
SPADES JACK HEARTS JACK,0.2928,0.0102,0.697
SPADES TEN HEARTS JACK,0.5798,0.0092,0.411
SPADES KING DIAMONDS TEN,0.3402,0.007,0.6528
SPADES NINE DIAMONDS SEVEN,0.7106,0.0438,0.2456
SPADES EIGHT DIAMONDS SEVEN,0.641,0.0096,0.3494
SPADES SEVEN DIAMONDS SEVEN,0.4542,0.0204,0.5254
SPADES SIX DIAMONDS SEVEN,0.6344,0.0106,0.355
DIAMONDS KING DIAMONDS SEVEN,0.3968,0.008,0.5952
HEARTS THREE DIAMONDS SEVEN,0.6486,0.0106,0.3408
HEARTS KING DIAMONDS FIVE,0.417,0.0062,0.5768
DIAMONDS QUEEN DIAMONDS SEVEN,0.5832,0.1474,0.2694
HEARTS TWO DIAMONDS SEVEN,0.6722,0.011,0.3168
HEARTS QUEEN DIAMONDS FIVE,0.595,0.1576,0.2474
HEARTS FIVE DIAMONDS SEVEN,0.631,0.0118,0.3572
DIAMONDS ACE DIAMONDS SEVEN,0.38,0.0044,0.6156
HEARTS FOUR DIAMONDS SEVEN,0.634,0.0126,0.3534
HEARTS ACE DIAMONDS FIVE,0.4134,0.0026,0.584
HEARTS SEVEN DIAMONDS SEVEN,0.444,0.0188,0.5372
HEARTS SIX DIAMONDS SEVEN,0.6122,0.0088,0.379
HEARTS NINE DIAMONDS SEVEN,0.7044,0.0438,0.2518
DIAMONDS SEVEN HEARTS EIGHT,0.6298,0.0078,0.3624
DIAMONDS JACK DIAMONDS SEVEN,0.5926,0.0114,0.396
HEARTS JACK DIAMONDS FIVE,0.6382,0.009,0.3528
DIAMONDS TEN DIAMONDS SEVEN,0.5844,0.0086,0.407
DIAMONDS FIVE HEARTS TEN,0.6522,0.011,0.3368
SPADES KING CLUBS TWO,0.4196,0.008,0.5724
HEARTS KING CLUBS KING,0.1492,0.0056,0.8452
CLUBS EIGHT DIAMONDS SEVEN,0.629,0.013,0.358
HEARTS KING CLUBS QUEEN,0.2444,0.024,0.7316
SPADES TWO CLUBS JACK,0.6536,0.0104,0.336
SPADES ACE CLUBS TWO,0.4078,0.0042,0.588
CLUBS TEN SPADES TWO,0.6564,0.013,0.3306
HEARTS KING CLUBS ACE,0.3396,0.0044,0.656
CLUBS SIX CLUBS SEVEN,0.598,0.0112,0.3908
SPADES TWO CLUBS KING,0.4164,0.007,0.5766
SPADES TWO DIAMONDS SEVEN,0.6742,0.0154,0.3104
CLUBS EIGHT CLUBS SIX,0.5988,0.0094,0.3918
SPADES THREE DIAMONDS SEVEN,0.6508,0.0116,0.3376
SPADES TWO CLUBS QUEEN,0.6204,0.1598,0.2198
SPADES FOUR DIAMONDS SEVEN,0.6568,0.0116,0.3316
HEARTS KING CLUBS JACK,0.3536,0.0058,0.6406
SPADES FIVE DIAMONDS SEVEN,0.6288,0.0096,0.3616
SPADES TWO CLUBS ACE,0.4226,0.0062,0.5712
CLUBS TEN HEARTS KING,0.3494,0.0054,0.6452
CLUBS SIX SPADES TWO,0.6766,0.01,0.3134
CLUBS SIX SPADES THREE,0.6424,0.012,0.3456
CLUBS TWO DIAMONDS SEVEN,0.6764,0.0106,0.313
CLUBS SIX SPADES FOUR,0.6456,0.0106,0.3438
CLUBS THREE DIAMONDS SEVEN,0.663,0.009,0.328
CLUBS SIX SPADES FIVE,0.63,0.0104,0.3596
CLUBS FOUR DIAMONDS SEVEN,0.6432,0.0104,0.3464
CLUBS SIX SPADES SIX,0.4602,0.0248,0.515
CLUBS FIVE DIAMONDS SEVEN,0.6298,0.0094,0.3608
CLUBS SIX SPADES SEVEN,0.6366,0.0118,0.3516
CLUBS SIX DIAMONDS SEVEN,0.6228,0.0114,0.3658
CLUBS SIX SPADES EIGHT,0.6442,0.013,0.3428
SPADES JACK CLUBS TWO,0.6512,0.0104,0.3384
CLUBS SIX SPADES NINE,0.7026,0.0464,0.251
SPADES TEN CLUBS TWO,0.6572,0.0124,0.3304
CLUBS SEVEN DIAMONDS SEVEN,0.4674,0.0158,0.5168
CLUBS TWO CLUBS QUEEN,0.5852,0.1502,0.2646
CLUBS TWO CLUBS KING,0.3954,0.0078,0.5968
CLUBS THREE DIAMONDS EIGHT,0.678,0.011,0.311
CLUBS TWO CLUBS ACE,0.396,0.0036,0.6004
CLUBS TWO DIAMONDS EIGHT,0.6766,0.0114,0.312
DIAMONDS EIGHT HEARTS SEVEN,0.6276,0.0116,0.3608
HEARTS SIX DIAMONDS EIGHT,0.6234,0.0098,0.3668
DIAMONDS EIGHT HEARTS NINE,0.694,0.0424,0.2636
CLUBS TEN CLUBS TWO,0.6082,0.0108,0.381
DIAMONDS EIGHT HEARTS EIGHT,0.4388,0.0164,0.5448
CLUBS TWO CLUBS JACK,0.6204,0.011,0.3686
CLUBS EIGHT DIAMONDS EIGHT,0.4308,0.0188,0.5504
CLUBS FIVE DIAMONDS EIGHT,0.6442,0.011,0.3448
SPADES ACE SPADES THREE,0.4014,0.0058,0.5928
CLUBS FOUR DIAMONDS EIGHT,0.6604,0.008,0.3316
CLUBS SEVEN DIAMONDS EIGHT,0.6352,0.01,0.3548
CLUBS SIX DIAMONDS EIGHT,0.6418,0.0098,0.3484
SPADES KING SPADES THREE,0.4034,0.008,0.5886
DIAMONDS QUEEN DIAMONDS EIGHT,0.57,0.1618,0.2682
HEARTS TWO DIAMONDS EIGHT,0.6762,0.0102,0.3136
DIAMONDS KING DIAMONDS EIGHT,0.3838,0.0058,0.6104
HEARTS THREE DIAMONDS EIGHT,0.6716,0.0094,0.319
DIAMONDS ACE DIAMONDS EIGHT,0.387,0.0046,0.6084
HEARTS FOUR DIAMONDS EIGHT,0.654,0.0124,0.3336
HEARTS FIVE DIAMONDS EIGHT,0.6432,0.0102,0.3466
DIAMONDS EIGHT DIAMONDS TEN,0.5836,0.0096,0.4068
DIAMONDS EIGHT DIAMONDS JACK,0.5894,0.01,0.4006
SPADES JACK SPADES THREE,0.625,0.0132,0.3618
SPADES TEN SPADES THREE,0.6266,0.0098,0.3636
CLUBS FOUR HEARTS ACE,0.4248,0.005,0.5702
CLUBS FOUR HEARTS QUEEN,0.6176,0.1608,0.2216
CLUBS FOUR HEARTS KING,0.427,0.0056,0.5674
CLUBS SIX HEARTS TEN,0.6434,0.0104,0.3462
CLUBS SIX HEARTS JACK,0.6504,0.0104,0.3392
SPADES FOUR DIAMONDS EIGHT,0.6562,0.0136,0.3302
SPADES FIVE DIAMONDS EIGHT,0.6462,0.011,0.3428
DIAMONDS EIGHT SPADES TWO,0.6784,0.0124,0.3092
DIAMONDS EIGHT SPADES THREE,0.668,0.011,0.321
CLUBS FOUR HEARTS JACK,0.6592,0.0144,0.3264
SPADES EIGHT DIAMONDS EIGHT,0.439,0.0162,0.5448
SPADES JACK HEARTS EIGHT,0.6474,0.0082,0.3444
SPADES TEN HEARTS TWO,0.6542,0.0096,0.3362
SPADES TEN DIAMONDS QUEEN,0.222,0.1196,0.6584
CLUBS FOUR HEARTS TEN,0.6456,0.013,0.3414
SPADES NINE DIAMONDS EIGHT,0.702,0.0426,0.2554
SPADES JACK HEARTS TWO,0.6566,0.0118,0.3316
SPADES JACK DIAMONDS QUEEN,0.2378,0.0854,0.6768
SPADES TEN HEARTS EIGHT,0.6222,0.0112,0.3666
SPADES SIX DIAMONDS EIGHT,0.633,0.0092,0.3578
SPADES SEVEN DIAMONDS EIGHT,0.6372,0.0084,0.3544
SPADES ACE HEARTS TWO,0.4134,0.0048,0.5818
SPADES ACE DIAMONDS QUEEN,0.235,0.0158,0.7492
SPADES ACE HEARTS EIGHT,0.398,0.0054,0.5966
SPADES KING HEARTS EIGHT,0.3972,0.0074,0.5954
SPADES KING DIAMONDS QUEEN,0.2394,0.0258,0.7348
SPADES KING HEARTS TWO,0.4194,0.0084,0.5722
CLUBS TWO HEARTS TEN,0.6544,0.0116,0.334
CLUBS TWO HEARTS JACK,0.66,0.0112,0.3288
SPADES SEVEN DIAMONDS NINE,0.708,0.039,0.253
SPADES SIX DIAMONDS NINE,0.699,0.0414,0.2596
SPADES NINE DIAMONDS NINE,0.3138,0.028,0.6582
SPADES EIGHT DIAMONDS NINE,0.6802,0.0452,0.2746
SPADES TEN CLUBS KING,0.352,0.006,0.642
DIAMONDS NINE SPADES THREE,0.7312,0.0502,0.2186
SPADES JACK CLUBS KING,0.3622,0.0088,0.629
DIAMONDS NINE SPADES TWO,0.7338,0.0442,0.222
SPADES FIVE DIAMONDS NINE,0.7198,0.045,0.2352
DIAMONDS NINE SPADES FOUR,0.73,0.0482,0.2218
CLUBS EIGHT DIAMONDS NINE,0.6928,0.0442,0.263
CLUBS SIX DIAMONDS NINE,0.698,0.0438,0.2582
SPADES JACK CLUBS FOUR,0.664,0.0132,0.3228
SPADES TEN CLUBS FOUR,0.6566,0.0108,0.3326
CLUBS SEVEN DIAMONDS NINE,0.702,0.0512,0.2468
CLUBS FOUR DIAMONDS NINE,0.741,0.0476,0.2114
CLUBS FIVE DIAMONDS NINE,0.7058,0.0504,0.2438
CLUBS TWO DIAMONDS NINE,0.7372,0.039,0.2238
CLUBS THREE DIAMONDS NINE,0.7332,0.044,0.2228
DIAMONDS NINE HEARTS EIGHT,0.6844,0.04,0.2756
DIAMONDS NINE HEARTS NINE,0.3128,0.0258,0.6614
HEARTS SIX DIAMONDS NINE,0.6986,0.0434,0.258
DIAMONDS NINE HEARTS SEVEN,0.7022,0.047,0.2508
DIAMONDS ACE DIAMONDS NINE,0.2524,0.0192,0.7284
HEARTS FOUR DIAMONDS NINE,0.731,0.046,0.223
HEARTS FIVE DIAMONDS NINE,0.7032,0.0418,0.255
CLUBS TWO HEARTS ACE,0.4156,0.0044,0.58
SPADES ACE CLUBS FOUR,0.4182,0.0044,0.5774
DIAMONDS QUEEN DIAMONDS NINE,0.0208,0.911,0.0682
HEARTS TWO DIAMONDS NINE,0.73,0.0478,0.2222
CLUBS TWO HEARTS KING,0.4328,0.0044,0.5628
SPADES KING CLUBS FOUR,0.4228,0.0074,0.5698
DIAMONDS KING DIAMONDS NINE,0.2324,0.03,0.7376
HEARTS THREE DIAMONDS NINE,0.718,0.0446,0.2374
CLUBS TWO HEARTS QUEEN,0.6112,0.167,0.2218
DIAMONDS NINE DIAMONDS JACK,0.6674,0.0406,0.292
CLUBS EIGHT SPADES NINE,0.695,0.042,0.263
DIAMONDS NINE DIAMONDS TEN,0.6622,0.0358,0.302
CLUBS EIGHT SPADES EIGHT,0.4356,0.0188,0.5456
CLUBS EIGHT SPADES SEVEN,0.6306,0.0122,0.3572
CLUBS EIGHT SPADES SIX,0.6486,0.0118,0.3396
CLUBS EIGHT SPADES FIVE,0.6566,0.0116,0.3318
CLUBS EIGHT SPADES FOUR,0.6734,0.0096,0.317
CLUBS EIGHT SPADES THREE,0.6824,0.0116,0.306
CLUBS EIGHT SPADES TWO,0.6862,0.013,0.3008
HEARTS SIX DIAMONDS TEN,0.6466,0.0094,0.344
DIAMONDS TEN HEARTS SEVEN,0.6254,0.0068,0.3678
DIAMONDS TEN HEARTS EIGHT,0.6196,0.0094,0.371
CLUBS FOUR CLUBS JACK,0.6128,0.0112,0.376
DIAMONDS TEN HEARTS NINE,0.6802,0.0372,0.2826
CLUBS TEN CLUBS FOUR,0.6124,0.0114,0.3762
CLUBS FOUR CLUBS KING,0.4092,0.0086,0.5822
CLUBS FOUR CLUBS QUEEN,0.5868,0.1552,0.258
CLUBS TWO DIAMONDS TEN,0.6606,0.0096,0.3298
CLUBS THREE DIAMONDS TEN,0.6498,0.0116,0.3386
CLUBS FOUR CLUBS ACE,0.4086,0.0056,0.5858
DIAMONDS JACK DIAMONDS TEN,0.5332,0.0102,0.4566
DIAMONDS QUEEN DIAMONDS TEN,0.2148,0.1134,0.6718
HEARTS TWO DIAMONDS TEN,0.649,0.0106,0.3404
DIAMONDS KING DIAMONDS TEN,0.3398,0.0052,0.655
HEARTS THREE DIAMONDS TEN,0.638,0.0102,0.3518
DIAMONDS ACE DIAMONDS TEN,0.3556,0.0036,0.6408
HEARTS FOUR DIAMONDS TEN,0.634,0.0108,0.3552
CLUBS EIGHT HEARTS JACK,0.6358,0.0118,0.3524
HEARTS FIVE DIAMONDS TEN,0.6486,0.012,0.3394
CLUBS EIGHT HEARTS TEN,0.63,0.0118,0.3582
CLUBS EIGHT HEARTS QUEEN,0.6028,0.1726,0.2246
CLUBS EIGHT HEARTS KING,0.4228,0.0078,0.5694
CLUBS EIGHT HEARTS ACE,0.4196,0.0048,0.5756
CLUBS TEN HEARTS EIGHT,0.6192,0.0124,0.3684
CLUBS JACK HEARTS EIGHT,0.6334,0.008,0.3586
CLUBS QUEEN HEARTS EIGHT,0.6062,0.1644,0.2294
CLUBS KING HEARTS EIGHT,0.4034,0.007,0.5896
CLUBS ACE HEARTS EIGHT,0.3944,0.005,0.6006
SPADES KING CLUBS KING,0.145,0.0042,0.8508
SPADES ACE CLUBS KING,0.3514,0.004,0.6446
DIAMONDS ACE HEARTS TEN,0.367,0.0022,0.6308
HEARTS FOUR HEARTS TEN,0.5974,0.0112,0.3914
DIAMONDS ACE HEARTS JACK,0.374,0.0026,0.6234
HEARTS FOUR HEARTS JACK,0.6008,0.0114,0.3878
SPADES KING CLUBS FIVE,0.4212,0.0082,0.5706
SPADES ACE CLUBS FIVE,0.4214,0.0044,0.5742
DIAMONDS JACK HEARTS SEVEN,0.6486,0.0094,0.342
HEARTS SIX DIAMONDS JACK,0.6568,0.0094,0.3338
DIAMONDS JACK HEARTS NINE,0.71,0.0338,0.2562
DIAMONDS JACK HEARTS EIGHT,0.6258,0.0094,0.3648
DIAMONDS KING DIAMONDS JACK,0.3232,0.0082,0.6686
HEARTS THREE DIAMONDS JACK,0.6352,0.0124,0.3524
SPADES ACE SPADES SIX,0.4024,0.003,0.5946
SPADES FOUR HEARTS ACE,0.4202,0.0042,0.5756
DIAMONDS QUEEN DIAMONDS JACK,0.2328,0.0808,0.6864
HEARTS TWO DIAMONDS JACK,0.6472,0.0086,0.3442
HEARTS FIVE DIAMONDS JACK,0.632,0.009,0.359
SPADES FOUR HEARTS QUEEN,0.6102,0.1716,0.2182
DIAMONDS ACE DIAMONDS JACK,0.3456,0.0032,0.6512
HEARTS FOUR DIAMONDS JACK,0.6462,0.0098,0.344
SPADES KING SPADES SIX,0.3922,0.0074,0.6004
HEARTS KING SPADES FOUR,0.4216,0.008,0.5704
SPADES TEN SPADES SIX,0.5974,0.0122,0.3904
SPADES JACK SPADES SIX,0.6268,0.0102,0.363
SPADES FOUR DIAMONDS JACK,0.6516,0.007,0.3414
SPADES FIVE DIAMONDS JACK,0.651,0.0108,0.3382
DIAMONDS JACK SPADES TWO,0.6532,0.0108,0.336
SPADES THREE DIAMONDS JACK,0.6572,0.0114,0.3314
SPADES ACE DIAMONDS THREE,0.4224,0.0054,0.5722
CLUBS EIGHT DIAMONDS JACK,0.6394,0.0074,0.3532
SPADES KING DIAMONDS THREE,0.4162,0.006,0.5778
CLUBS SIX DIAMONDS JACK,0.6452,0.0086,0.3462
CLUBS SEVEN DIAMONDS JACK,0.6464,0.0114,0.3422
CLUBS FOUR DIAMONDS JACK,0.651,0.0098,0.3392
CLUBS FIVE DIAMONDS JACK,0.6628,0.009,0.3282
CLUBS TWO DIAMONDS JACK,0.6614,0.0116,0.327
CLUBS THREE DIAMONDS JACK,0.6494,0.012,0.3386
SPADES JACK HEARTS SIX,0.6574,0.0136,0.329
SPADES TEN CLUBS FIVE,0.6588,0.0098,0.3314
SPADES JACK CLUBS FIVE,0.647,0.0108,0.3422
HEARTS SIX SPADES TEN,0.6478,0.0102,0.342
SPADES JACK DIAMONDS THREE,0.6528,0.0108,0.3364
CLUBS SEVEN CLUBS ACE,0.388,0.0034,0.6086
SPADES TEN DIAMONDS THREE,0.6536,0.0096,0.3368
CLUBS SEVEN CLUBS QUEEN,0.589,0.157,0.254
CLUBS SEVEN CLUBS KING,0.4,0.0078,0.5922
SPADES NINE DIAMONDS JACK,0.7186,0.0418,0.2396
CLUBS TEN CLUBS SEVEN,0.6012,0.0116,0.3872
DIAMONDS ACE HEARTS ACE,0.1566,0.0022,0.8412
HEARTS FOUR HEARTS ACE,0.4058,0.0042,0.59
SPADES EIGHT DIAMONDS JACK,0.6202,0.0116,0.3682
SPADES ACE HEARTS SIX,0.4138,0.004,0.5822
CLUBS SEVEN CLUBS JACK,0.6046,0.013,0.3824
DIAMONDS ACE HEARTS KING,0.3398,0.0046,0.6556
HEARTS FOUR HEARTS KING,0.4018,0.0074,0.5908
SPADES SEVEN DIAMONDS JACK,0.6342,0.0108,0.355
SPADES KING HEARTS SIX,0.4152,0.0072,0.5776
DIAMONDS ACE HEARTS QUEEN,0.241,0.0162,0.7428
HEARTS FOUR HEARTS QUEEN,0.5742,0.147,0.2788
SPADES SIX DIAMONDS JACK,0.6524,0.0114,0.3362
SPADES TWO DIAMONDS TEN,0.6424,0.0104,0.3472
SPADES THREE DIAMONDS TEN,0.6584,0.0116,0.33
SPADES FOUR DIAMONDS TEN,0.6572,0.0094,0.3334
SPADES FIVE DIAMONDS TEN,0.6538,0.0106,0.3356
SPADES SIX DIAMONDS TEN,0.646,0.0096,0.3444
SPADES SEVEN DIAMONDS TEN,0.6296,0.0098,0.3606
SPADES EIGHT DIAMONDS TEN,0.6252,0.0112,0.3636
SPADES NINE DIAMONDS TEN,0.7014,0.0364,0.2622
CLUBS FOUR DIAMONDS TEN,0.6554,0.0112,0.3334
CLUBS FIVE DIAMONDS TEN,0.6508,0.0086,0.3406
CLUBS SIX DIAMONDS TEN,0.6352,0.0076,0.3572
CLUBS SEVEN DIAMONDS TEN,0.6336,0.012,0.3544
CLUBS EIGHT DIAMONDS TEN,0.6204,0.009,0.3706
DIAMONDS THREE CLUBS JACK,0.6558,0.012,0.3322
CLUBS TEN DIAMONDS THREE,0.6468,0.0098,0.3434
DIAMONDS THREE CLUBS KING,0.4228,0.0062,0.571
DIAMONDS THREE CLUBS QUEEN,0.5974,0.1752,0.2274
DIAMONDS THREE CLUBS ACE,0.4146,0.003,0.5824
SPADES FOUR HEARTS JACK,0.669,0.0094,0.3216
SPADES FOUR HEARTS TEN,0.6468,0.0092,0.344
SPADES FIVE SPADES TWO,0.6168,0.0108,0.3724
SPADES FOUR SPADES TWO,0.6256,0.0096,0.3648
SPADES THREE SPADES TWO,0.6242,0.0136,0.3622
SPADES NINE SPADES TWO,0.6926,0.0486,0.2588
SPADES EIGHT SPADES TWO,0.6506,0.0128,0.3366
SPADES SEVEN SPADES TWO,0.6426,0.011,0.3464
SPADES SIX SPADES TWO,0.6194,0.0126,0.368
DIAMONDS QUEEN CLUBS THREE,0.6094,0.1618,0.2288
HEARTS TWO CLUBS THREE,0.6436,0.0126,0.3438
DIAMONDS QUEEN CLUBS TWO,0.6208,0.1692,0.21
CLUBS TWO HEARTS TWO,0.4574,0.0228,0.5198
DIAMONDS QUEEN HEARTS SEVEN,0.6108,0.1628,0.2264
HEARTS TWO HEARTS SEVEN,0.623,0.0096,0.3674
HEARTS SIX DIAMONDS QUEEN,0.6008,0.1626,0.2366
HEARTS SIX HEARTS TWO,0.6222,0.012,0.3658
DIAMONDS QUEEN HEARTS NINE,0.022,0.9558,0.0222
HEARTS TWO HEARTS NINE,0.6838,0.0506,0.2656
DIAMONDS QUEEN HEARTS EIGHT,0.6008,0.1646,0.2346
HEARTS TWO HEARTS EIGHT,0.6258,0.0104,0.3638
CLUBS EIGHT HEARTS TWO,0.6806,0.0102,0.3092
CLUBS EIGHT DIAMONDS QUEEN,0.6114,0.163,0.2256
CLUBS FIVE DIAMONDS QUEEN,0.6054,0.161,0.2336
CLUBS FIVE HEARTS TWO,0.6502,0.0096,0.3402
SPADES EIGHT HEARTS ACE,0.4138,0.003,0.5832
CLUBS FOUR DIAMONDS QUEEN,0.6056,0.1678,0.2266
CLUBS FOUR HEARTS TWO,0.653,0.0138,0.3332
SPADES EIGHT HEARTS QUEEN,0.6098,0.1736,0.2166
CLUBS SEVEN HEARTS TWO,0.6838,0.0114,0.3048
CLUBS SEVEN DIAMONDS QUEEN,0.6066,0.1608,0.2326
CLUBS SIX DIAMONDS QUEEN,0.6092,0.1672,0.2236
CLUBS SIX HEARTS TWO,0.6696,0.0116,0.3188
SPADES EIGHT HEARTS KING,0.4166,0.0058,0.5776
DIAMONDS QUEEN SPADES SIX,0.6152,0.1648,0.22
HEARTS TWO SPADES SIX,0.6548,0.0118,0.3334
HEARTS FOUR CLUBS QUEEN,0.607,0.1538,0.2392
DIAMONDS ACE CLUBS QUEEN,0.2458,0.0134,0.7408
DIAMONDS QUEEN SPADES SEVEN,0.6058,0.164,0.2302
SPADES SEVEN HEARTS TWO,0.6758,0.0134,0.3108
HEARTS FOUR CLUBS KING,0.414,0.0084,0.5776
DIAMONDS ACE CLUBS KING,0.3414,0.0062,0.6524
SPADES EIGHT DIAMONDS QUEEN,0.6046,0.1758,0.2196
SPADES EIGHT HEARTS TWO,0.6794,0.0106,0.31
HEARTS FOUR CLUBS ACE,0.4146,0.0032,0.5822
DIAMONDS ACE CLUBS ACE,0.1456,0.0034,0.851
SPADES NINE DIAMONDS QUEEN,0.016,0.972,0.012
SPADES NINE HEARTS TWO,0.735,0.049,0.216
HEARTS TWO SPADES TWO,0.4624,0.0222,0.5154
DIAMONDS QUEEN SPADES TWO,0.6182,0.1658,0.216
HEARTS TWO SPADES THREE,0.659,0.0118,0.3292
DIAMONDS QUEEN SPADES THREE,0.6106,0.165,0.2244
HEARTS TWO SPADES FOUR,0.6458,0.0148,0.3394
DIAMONDS QUEEN SPADES FOUR,0.6028,0.1724,0.2248
HEARTS FOUR CLUBS TEN,0.6432,0.0112,0.3456
CLUBS TEN DIAMONDS ACE,0.3718,0.0046,0.6236
HEARTS TWO SPADES FIVE,0.64,0.0132,0.3468
DIAMONDS QUEEN SPADES FIVE,0.6096,0.1558,0.2346
HEARTS FOUR CLUBS JACK,0.647,0.0094,0.3436
DIAMONDS ACE CLUBS JACK,0.3682,0.0036,0.6282
CLUBS FIVE CLUBS KING,0.4128,0.0086,0.5786
CLUBS FIVE CLUBS QUEEN,0.5736,0.1556,0.2708
CLUBS FIVE CLUBS ACE,0.3924,0.0076,0.6
CLUBS FIVE CLUBS JACK,0.613,0.0114,0.3756
CLUBS TEN CLUBS FIVE,0.6154,0.0086,0.376
SPADES KING CLUBS JACK,0.3476,0.0092,0.6432
SPADES ACE CLUBS JACK,0.3506,0.0042,0.6452
SPADES SIX CLUBS KING,0.4234,0.0046,0.572
SPADES SIX CLUBS QUEEN,0.619,0.1584,0.2226
SPADES EIGHT HEARTS JACK,0.642,0.0094,0.3486
SPADES SIX CLUBS ACE,0.4218,0.0064,0.5718
SPADES EIGHT HEARTS TEN,0.6148,0.0096,0.3756
SPADES SIX CLUBS JACK,0.6356,0.0108,0.3536
CLUBS TEN SPADES SIX,0.6392,0.0104,0.3504
SPADES TEN CLUBS JACK,0.5786,0.0088,0.4126
SPADES JACK CLUBS JACK,0.2834,0.013,0.7036
SPADES KING CLUBS SEVEN,0.4136,0.0072,0.5792
SPADES ACE CLUBS SEVEN,0.4236,0.003,0.5734
SPADES SIX HEARTS TEN,0.644,0.0094,0.3466
SPADES SIX HEARTS JACK,0.6586,0.01,0.3314
SPADES SIX HEARTS ACE,0.4166,0.0034,0.58
SPADES SIX HEARTS KING,0.4178,0.007,0.5752
SPADES SIX HEARTS QUEEN,0.6,0.1656,0.2344
SPADES JACK CLUBS SEVEN,0.6444,0.0106,0.345
SPADES TEN CLUBS SEVEN,0.633,0.012,0.355
CLUBS TEN HEARTS SIX,0.633,0.0088,0.3582
HEARTS SIX CLUBS JACK,0.6554,0.0118,0.3328
CLUBS ACE CLUBS JACK,0.3548,0.0044,0.6408
HEARTS SIX CLUBS QUEEN,0.5924,0.1728,0.2348
HEARTS SIX CLUBS KING,0.4014,0.006,0.5926
HEARTS SIX CLUBS ACE,0.4132,0.005,0.5818
CLUBS QUEEN CLUBS JACK,0.2258,0.0876,0.6866
CLUBS KING CLUBS JACK,0.3372,0.007,0.6558
DIAMONDS THREE HEARTS ACE,0.4142,0.0044,0.5814
DIAMONDS THREE HEARTS QUEEN,0.61,0.1626,0.2274
DIAMONDS THREE HEARTS KING,0.4278,0.0046,0.5676
CLUBS FIVE HEARTS JACK,0.6424,0.0148,0.3428
HEARTS FOUR SPADES TEN,0.6442,0.0126,0.3432
SPADES TEN DIAMONDS ACE,0.3804,0.005,0.6146
CLUBS FIVE HEARTS TEN,0.6418,0.013,0.3452
HEARTS FOUR SPADES JACK,0.6506,0.013,0.3364
SPADES JACK DIAMONDS ACE,0.3784,0.0036,0.618
SPADES ACE HEARTS FOUR,0.4268,0.005,0.5682
SPADES ACE DIAMONDS ACE,0.1472,0.003,0.8498
CLUBS FIVE HEARTS ACE,0.4114,0.0052,0.5834
CLUBS FIVE HEARTS KING,0.4228,0.0072,0.57
SPADES FOUR CLUBS JACK,0.64,0.0086,0.3514
CLUBS FIVE HEARTS QUEEN,0.6058,0.1698,0.2244
SPADES KING DIAMONDS ACE,0.3466,0.0048,0.6486
HEARTS FOUR SPADES KING,0.4336,0.0074,0.559
CLUBS TEN SPADES FOUR,0.6512,0.0086,0.3402
DIAMONDS QUEEN DIAMONDS ACE,0.2296,0.0152,0.7552
HEARTS TWO DIAMONDS ACE,0.425,0.0026,0.5724
HEARTS FOUR DIAMONDS QUEEN,0.6002,0.1684,0.2314
HEARTS FOUR HEARTS TWO,0.5924,0.0116,0.396
DIAMONDS THREE HEARTS TEN,0.649,0.0122,0.3388
SPADES FOUR CLUBS KING,0.4242,0.0076,0.5682
HEARTS FIVE DIAMONDS QUEEN,0.5962,0.1662,0.2376
HEARTS FIVE HEARTS TWO,0.5942,0.0122,0.3936
DIAMONDS THREE HEARTS JACK,0.6482,0.0084,0.3434
SPADES FOUR CLUBS QUEEN,0.6166,0.1644,0.219
DIAMONDS QUEEN HEARTS TWO,0.611,0.1604,0.2286
DIAMONDS KING DIAMONDS QUEEN,0.245,0.0228,0.7322
DIAMONDS KING HEARTS TWO,0.4408,0.0066,0.5526
HEARTS THREE DIAMONDS QUEEN,0.6026,0.166,0.2314
HEARTS THREE HEARTS TWO,0.6074,0.011,0.3816
SPADES FOUR CLUBS ACE,0.4266,0.0072,0.5662
HEARTS TWO CLUBS ACE,0.4236,0.006,0.5704
DIAMONDS QUEEN CLUBS ACE,0.244,0.013,0.743
HEARTS TWO CLUBS QUEEN,0.6052,0.1684,0.2264
DIAMONDS QUEEN CLUBS QUEEN,0.1146,0.0244,0.861
HEARTS TWO CLUBS KING,0.4194,0.0082,0.5724
DIAMONDS QUEEN CLUBS KING,0.2412,0.0236,0.7352
SPADES EIGHT SPADES FIVE,0.6134,0.0092,0.3774
CLUBS TEN HEARTS TWO,0.6536,0.009,0.3374
CLUBS TEN DIAMONDS QUEEN,0.2174,0.1146,0.668
SPADES NINE SPADES FIVE,0.6882,0.0436,0.2682
HEARTS TWO CLUBS JACK,0.6564,0.0092,0.3344
DIAMONDS QUEEN CLUBS JACK,0.2272,0.0932,0.6796
SPADES SIX SPADES FIVE,0.5942,0.0146,0.3912
SPADES SEVEN SPADES FIVE,0.5974,0.0102,0.3924
DIAMONDS FIVE CLUBS QUEEN,0.5988,0.1716,0.2296
SPADES EIGHT CLUBS ACE,0.408,0.0056,0.5864
DIAMONDS FIVE CLUBS KING,0.4112,0.0076,0.5812
SPADES EIGHT CLUBS KING,0.4198,0.01,0.5702
CLUBS ACE DIAMONDS FIVE,0.3982,0.0046,0.5972
SPADES EIGHT CLUBS QUEEN,0.6072,0.1656,0.2272
SPADES EIGHT CLUBS JACK,0.646,0.0122,0.3418
CLUBS TEN SPADES EIGHT,0.6234,0.0104,0.3662
CLUBS TEN DIAMONDS FIVE,0.6442,0.0116,0.3442
DIAMONDS FIVE CLUBS JACK,0.6368,0.0068,0.3564
HEARTS JACK DIAMONDS TEN,0.561,0.0086,0.4304
DIAMONDS TEN HEARTS TEN,0.2924,0.0108,0.6968
HEARTS SIX HEARTS KING,0.3836,0.0072,0.6092
DIAMONDS KING SPADES SEVEN,0.4126,0.0072,0.5802
HEARTS THREE SPADES SEVEN,0.667,0.0128,0.3202
SPADES KING DIAMONDS SEVEN,0.4224,0.0044,0.5732
HEARTS SIX HEARTS QUEEN,0.5808,0.1568,0.2624
