opposingHand,winningChance,drawChance,lostChance
SPADES KING CLUBS TEN
HEARTS FOUR HEARTS EIGHT,0.6104,0.0064,0.3832
HEARTS FIVE DIAMONDS FIVE,0.4848,0.0088,0.5064
CLUBS QUEEN DIAMONDS FIVE,0.64,0.0072,0.3528
DIAMONDS TWO SPADES FIVE,0.6586,0.007,0.3344
CLUBS THREE DIAMONDS JACK,0.6488,0.007,0.3442
DIAMONDS THREE DIAMONDS QUEEN,0.606,0.0052,0.3888
CLUBS FIVE HEARTS ACE,0.4222,0.003,0.5748
DIAMONDS ACE DIAMONDS TEN,0.2302,0.016,0.7538
SPADES QUEEN CLUBS QUEEN,0.2924,0.0056,0.702
HEARTS QUEEN CLUBS ACE,0.369,0.0044,0.6266
SPADES JACK HEARTS EIGHT,0.6342,0.008,0.3578
CLUBS EIGHT SPADES FIVE,0.6548,0.0074,0.3378
CLUBS FOUR CLUBS KING,0.6062,0.1196,0.2742
CLUBS FIVE SPADES FOUR,0.6266,0.0086,0.3648
SPADES TEN SPADES SEVEN,0.6834,0.0324,0.2842
DIAMONDS JACK HEARTS QUEEN,0.5816,0.0062,0.4122
SPADES NINE DIAMONDS KING,0.6614,0.1098,0.2288
SPADES ACE HEARTS QUEEN,0.3646,0.0052,0.6302
SPADES QUEEN HEARTS EIGHT,0.6556,0.005,0.3394
SPADES SEVEN HEARTS SEVEN,0.4584,0.008,0.5336
SPADES SEVEN SPADES FIVE,0.6076,0.0102,0.3822
CLUBS FIVE HEARTS JACK,0.666,0.0066,0.3274
CLUBS FOUR DIAMONDS FIVE,0.614,0.0088,0.3772
HEARTS THREE HEARTS SEVEN,0.6224,0.0066,0.371
DIAMONDS THREE CLUBS SEVEN,0.6576,0.0076,0.3348
DIAMONDS THREE HEARTS EIGHT,0.6698,0.0066,0.3236
CLUBS NINE DIAMONDS SEVEN,0.6344,0.007,0.3586
SPADES QUEEN HEARTS SEVEN,0.6662,0.007,0.3268
CLUBS NINE HEARTS THREE,0.669,0.0094,0.3216
DIAMONDS TWO DIAMONDS TEN,0.692,0.0358,0.2722
DIAMONDS EIGHT HEARTS NINE,0.6398,0.0052,0.355
CLUBS FOUR HEARTS JACK,0.6594,0.0064,0.3342
DIAMONDS TWO HEARTS TWO,0.4822,0.0114,0.5064
SPADES EIGHT SPADES FIVE,0.628,0.007,0.365
SPADES SEVEN DIAMONDS NINE,0.6334,0.0064,0.3602
HEARTS TWO HEARTS EIGHT,0.626,0.0056,0.3684
CLUBS QUEEN CLUBS JACK,0.5554,0.0068,0.4378
SPADES FOUR DIAMONDS FIVE,0.615,0.0106,0.3744
CLUBS SEVEN DIAMONDS JACK,0.6444,0.0058,0.3498
SPADES FIVE DIAMONDS JACK,0.6624,0.0062,0.3314
HEARTS KING SPADES TWO,0.6646,0.1098,0.2256
HEARTS THREE CLUBS ACE,0.4194,0.0064,0.5742
CLUBS EIGHT SPADES TEN,0.728,0.0334,0.2386
SPADES EIGHT HEARTS ACE,0.4184,0.004,0.5776
DIAMONDS TWO DIAMONDS KING,0.6194,0.1136,0.267
HEARTS TWO CLUBS KING,0.6566,0.1198,0.2236
SPADES SIX DIAMONDS FOUR,0.6338,0.0066,0.3596
HEARTS FIVE DIAMONDS NINE,0.6558,0.008,0.3362
CLUBS TWO HEARTS KING,0.6602,0.114,0.2258
SPADES TEN CLUBS KING,0.0088,0.9842,0.007
SPADES ACE DIAMONDS FOUR,0.413,0.0032,0.5838
CLUBS TWO HEARTS JACK,0.6746,0.0054,0.32
HEARTS FOUR DIAMONDS NINE,0.6748,0.0062,0.319
SPADES ACE CLUBS SIX,0.417,0.0058,0.5772
SPADES QUEEN DIAMONDS NINE,0.6472,0.006,0.3468
CLUBS TWO DIAMONDS FOUR,0.658,0.0102,0.3318
SPADES JACK HEARTS JACK,0.3018,0.0062,0.692
DIAMONDS NINE DIAMONDS EIGHT,0.594,0.005,0.401
DIAMONDS TWO DIAMONDS QUEEN,0.629,0.0076,0.3634
HEARTS ACE DIAMONDS JACK,0.3846,0.0026,0.6128
SPADES EIGHT DIAMONDS FOUR,0.6738,0.0064,0.3198
SPADES EIGHT HEARTS NINE,0.632,0.01,0.358
CLUBS SEVEN DIAMONDS ACE,0.408,0.0044,0.5876
CLUBS FOUR DIAMONDS NINE,0.6692,0.0072,0.3236
CLUBS FOUR DIAMONDS QUEEN,0.6598,0.0076,0.3326
SPADES FOUR CLUBS JACK,0.6516,0.0066,0.3418
SPADES ACE CLUBS FIVE,0.413,0.006,0.581
HEARTS THREE CLUBS JACK,0.6538,0.0064,0.3398
CLUBS THREE HEARTS ACE,0.4122,0.0038,0.584
SPADES ACE DIAMONDS FIVE,0.4156,0.006,0.5784
CLUBS SEVEN DIAMONDS KING,0.6696,0.119,0.2114
DIAMONDS QUEEN HEARTS ACE,0.3792,0.0032,0.6176
HEARTS TEN DIAMONDS FOUR,0.7354,0.0336,0.231
DIAMONDS QUEEN HEARTS SEVEN,0.6576,0.0054,0.337
CLUBS EIGHT HEARTS THREE,0.6716,0.006,0.3224
DIAMONDS ACE HEARTS SEVEN,0.4212,0.0018,0.577
HEARTS FOUR DIAMONDS FIVE,0.6232,0.008,0.3688
HEARTS SIX HEARTS TWO,0.6198,0.006,0.3742
DIAMONDS THREE DIAMONDS KING,0.615,0.1112,0.2738
SPADES TWO CLUBS ACE,0.4252,0.0056,0.5692
HEARTS TWO DIAMONDS KING,0.664,0.119,0.217
SPADES SEVEN DIAMONDS JACK,0.6434,0.0072,0.3494
DIAMONDS THREE DIAMONDS ACE,0.4002,0.004,0.5958
HEARTS THREE CLUBS KING,0.6484,0.1152,0.2364
CLUBS FIVE DIAMONDS FOUR,0.6252,0.0088,0.366
DIAMONDS TWO HEARTS FOUR,0.6518,0.007,0.3412
DIAMONDS THREE DIAMONDS NINE,0.6262,0.005,0.3688
CLUBS FOUR SPADES FIVE,0.624,0.0054,0.3706
CLUBS EIGHT HEARTS ACE,0.4306,0.0046,0.5648
DIAMONDS JACK DIAMONDS TEN,0.6526,0.0302,0.3172
CLUBS NINE HEARTS SIX,0.6552,0.007,0.3378
CLUBS SEVEN HEARTS SEVEN,0.4634,0.008,0.5286
HEARTS THREE DIAMONDS ACE,0.4164,0.0034,0.5802
DIAMONDS THREE HEARTS SEVEN,0.6646,0.0048,0.3306
SPADES JACK SPADES FIVE,0.625,0.007,0.368
HEARTS THREE HEARTS QUEEN,0.614,0.0068,0.3792
SPADES JACK CLUBS JACK,0.2876,0.0084,0.704
DIAMONDS QUEEN CLUBS JACK,0.5978,0.0072,0.395
DIAMONDS THREE SPADES TWO,0.6572,0.0066,0.3362
HEARTS FOUR CLUBS FOUR,0.4756,0.011,0.5134
HEARTS SIX CLUBS QUEEN,0.657,0.0064,0.3366
DIAMONDS TWO DIAMONDS FOUR,0.6136,0.0074,0.379
CLUBS SEVEN SPADES EIGHT,0.632,0.0078,0.3602
HEARTS SIX CLUBS THREE,0.6576,0.0068,0.3356
SPADES FOUR HEARTS EIGHT,0.6572,0.0054,0.3374
HEARTS FIVE HEARTS NINE,0.6148,0.0062,0.379
CLUBS EIGHT CLUBS SIX,0.623,0.0078,0.3692
CLUBS ACE HEARTS SEVEN,0.4182,0.0044,0.5774
DIAMONDS ACE SPADES SEVEN,0.4234,0.0048,0.5718
SPADES TEN DIAMONDS KING,0.022,0.9686,0.0094
CLUBS EIGHT DIAMONDS TWO,0.6722,0.0082,0.3196
HEARTS SIX SPADES SEVEN,0.6362,0.0076,0.3562
HEARTS JACK CLUBS JACK,0.289,0.0072,0.7038
CLUBS SEVEN DIAMONDS FIVE,0.644,0.0082,0.3478
DIAMONDS KING HEARTS TEN,0.022,0.9554,0.0226
DIAMONDS KING HEARTS QUEEN,0.2414,0.0584,0.7002
HEARTS KING HEARTS NINE,0.6152,0.1146,0.2702
CLUBS THREE CLUBS ACE,0.3998,0.0054,0.5948
HEARTS SIX SPADES FOUR,0.6372,0.0072,0.3556
CLUBS SIX HEARTS SEVEN,0.6194,0.006,0.3746
CLUBS EIGHT HEARTS TWO,0.6832,0.008,0.3088
SPADES ACE HEARTS TEN,0.25,0.0194,0.7306
DIAMONDS ACE CLUBS TWO,0.4352,0.0046,0.5602
CLUBS FIVE SPADES EIGHT,0.663,0.008,0.329
SPADES SIX DIAMONDS EIGHT,0.6266,0.0062,0.3672
HEARTS FOUR CLUBS QUEEN,0.6494,0.0072,0.3434
CLUBS NINE HEARTS KING,0.6548,0.1158,0.2294
DIAMONDS NINE HEARTS TEN,0.6972,0.0312,0.2716
CLUBS SIX CLUBS QUEEN,0.626,0.0082,0.3658
CLUBS THREE SPADES FOUR,0.648,0.0082,0.3438
CLUBS TWO HEARTS EIGHT,0.6814,0.0066,0.312
SPADES QUEEN SPADES FOUR,0.6256,0.008,0.3664
HEARTS SIX SPADES TEN,0.722,0.0346,0.2434
HEARTS TWO CLUBS FOUR,0.655,0.0086,0.3364
SPADES JACK SPADES TEN,0.6764,0.0296,0.294
SPADES EIGHT HEARTS SEVEN,0.6346,0.0054,0.36
CLUBS SEVEN SPADES SEVEN,0.4588,0.0104,0.5308
HEARTS SIX HEARTS TEN,0.6742,0.032,0.2938
DIAMONDS TWO HEARTS EIGHT,0.6674,0.0072,0.3254
HEARTS SIX CLUBS TWO,0.6756,0.0068,0.3176
HEARTS ACE DIAMONDS NINE,0.4142,0.0018,0.584
HEARTS THREE SPADES EIGHT,0.6694,0.0076,0.323
DIAMONDS JACK DIAMONDS FIVE,0.6164,0.0068,0.3768
SPADES TWO DIAMONDS EIGHT,0.6878,0.0066,0.3056
CLUBS FIVE CLUBS THREE,0.6078,0.009,0.3832
SPADES QUEEN DIAMONDS QUEEN,0.309,0.0038,0.6872
SPADES JACK HEARTS NINE,0.6198,0.0086,0.3716
DIAMONDS SIX HEARTS EIGHT,0.6456,0.006,0.3484
SPADES SIX SPADES FIVE,0.5986,0.007,0.3944
SPADES NINE SPADES EIGHT,0.6114,0.007,0.3816
CLUBS SIX DIAMONDS NINE,0.652,0.0064,0.3416
CLUBS NINE DIAMONDS FOUR,0.6714,0.0088,0.3198
CLUBS THREE HEARTS KING,0.6498,0.1182,0.232
CLUBS EIGHT CLUBS JACK,0.6066,0.0068,0.3866
DIAMONDS TWO CLUBS TWO,0.475,0.0102,0.5148
DIAMONDS SEVEN HEARTS EIGHT,0.6258,0.0062,0.368
CLUBS NINE HEARTS EIGHT,0.6274,0.0092,0.3634
CLUBS SEVEN HEARTS KING,0.66,0.1122,0.2278
SPADES EIGHT SPADES FOUR,0.6396,0.0052,0.3552
DIAMONDS QUEEN CLUBS ACE,0.3802,0.003,0.6168
SPADES SEVEN DIAMONDS EIGHT,0.6194,0.0056,0.375
SPADES SEVEN DIAMONDS QUEEN,0.6624,0.0056,0.332
HEARTS SIX HEARTS KING,0.6028,0.1128,0.2844
CLUBS NINE CLUBS TWO,0.653,0.007,0.34
CLUBS EIGHT DIAMONDS FOUR,0.6642,0.0088,0.327
HEARTS FIVE CLUBS QUEEN,0.6396,0.0078,0.3526
DIAMONDS THREE CLUBS JACK,0.651,0.0086,0.3404
HEARTS ACE CLUBS JACK,0.374,0.0028,0.6232
DIAMONDS TWO HEARTS KING,0.6596,0.1076,0.2328
SPADES NINE CLUBS FOUR,0.693,0.007,0.3
HEARTS FIVE DIAMONDS ACE,0.4268,0.0044,0.5688
HEARTS SIX CLUBS SIX,0.467,0.01,0.523
HEARTS TWO SPADES EIGHT,0.692,0.0076,0.3004
SPADES FOUR HEARTS SEVEN,0.6416,0.0054,0.353
SPADES JACK HEARTS THREE,0.6512,0.0056,0.3432
DIAMONDS THREE SPADES THREE,0.48,0.013,0.507
SPADES NINE DIAMONDS SIX,0.6504,0.005,0.3446
SPADES SEVEN HEARTS QUEEN,0.654,0.0058,0.3402
SPADES THREE HEARTS NINE,0.673,0.008,0.319
DIAMONDS SIX DIAMONDS FOUR,0.5916,0.007,0.4014
HEARTS THREE CLUBS TWO,0.657,0.008,0.335
CLUBS SIX HEARTS QUEEN,0.6614,0.0096,0.329
DIAMONDS ACE CLUBS KING,0.2418,0.01,0.7482
HEARTS TWO CLUBS TWO,0.4818,0.0076,0.5106
HEARTS FIVE DIAMONDS SEVEN,0.6272,0.0082,0.3646
CLUBS EIGHT DIAMONDS FIVE,0.6504,0.0084,0.3412
HEARTS TWO DIAMONDS SIX,0.6632,0.0066,0.3302
HEARTS FIVE SPADES NINE,0.6618,0.0072,0.331
HEARTS FOUR CLUBS JACK,0.645,0.0076,0.3474
CLUBS EIGHT DIAMONDS SEVEN,0.6262,0.0054,0.3684
CLUBS EIGHT DIAMONDS SIX,0.639,0.0058,0.3552
SPADES ACE DIAMONDS KING,0.2488,0.0074,0.7438
DIAMONDS SEVEN CLUBS QUEEN,0.6498,0.0064,0.3438
DIAMONDS SEVEN CLUBS KING,0.6444,0.1126,0.243
SPADES TEN DIAMONDS ACE,0.2502,0.0196,0.7302
DIAMONDS TWO SPADES THREE,0.6602,0.0086,0.3312
SPADES NINE HEARTS EIGHT,0.64,0.0064,0.3536
HEARTS FOUR SPADES FIVE,0.6214,0.0092,0.3694
CLUBS FIVE CLUBS FOUR,0.5992,0.0086,0.3922
CLUBS FOUR DIAMONDS SIX,0.6342,0.0062,0.3596
DIAMONDS TWO HEARTS TEN,0.7392,0.035,0.2258
DIAMONDS THREE DIAMONDS FIVE,0.5948,0.0078,0.3974
SPADES NINE DIAMONDS FIVE,0.675,0.0066,0.3184
SPADES SEVEN SPADES TWO,0.638,0.008,0.354
SPADES TWO HEARTS TEN,0.748,0.0356,0.2164
DIAMONDS KING SPADES TWO,0.6528,0.119,0.2282
DIAMONDS TEN CLUBS JACK,0.7002,0.0264,0.2734
HEARTS THREE HEARTS EIGHT,0.6182,0.0064,0.3754
HEARTS TWO SPADES TWO,0.469,0.0106,0.5204
DIAMONDS KING DIAMONDS FOUR,0.6146,0.107,0.2784
CLUBS EIGHT CLUBS KING,0.612,0.1268,0.2612
CLUBS TWO DIAMONDS QUEEN,0.6688,0.008,0.3232
DIAMONDS NINE CLUBS QUEEN,0.6326,0.0054,0.362
DIAMONDS NINE HEARTS NINE,0.4278,0.0072,0.565
SPADES TEN HEARTS ACE,0.2416,0.02,0.7384
DIAMONDS EIGHT CLUBS KING,0.66,0.1098,0.2302
SPADES JACK CLUBS FOUR,0.6654,0.006,0.3286
HEARTS FIVE HEARTS JACK,0.599,0.0066,0.3944
SPADES SEVEN CLUBS KING,0.6574,0.1214,0.2212
CLUBS SEVEN CLUBS SIX,0.589,0.0084,0.4026
CLUBS TWO DIAMONDS SEVEN,0.6678,0.0084,0.3238
SPADES ACE HEARTS SEVEN,0.4216,0.0048,0.5736
CLUBS SEVEN CLUBS KING,0.6226,0.1132,0.2642
HEARTS SIX CLUBS EIGHT,0.6346,0.0078,0.3576
HEARTS ACE HEARTS KING,0.238,0.0128,0.7492
DIAMONDS QUEEN DIAMONDS SIX,0.606,0.0064,0.3876
SPADES JACK DIAMONDS QUEEN,0.588,0.0064,0.4056
DIAMONDS TWO HEARTS SEVEN,0.6674,0.008,0.3246
SPADES QUEEN CLUBS SIX,0.6626,0.007,0.3304
SPADES SEVEN CLUBS JACK,0.6394,0.0064,0.3542
CLUBS TWO DIAMONDS TEN,0.7512,0.0374,0.2114
SPADES ACE DIAMONDS THREE,0.4248,0.005,0.5702
CLUBS NINE DIAMONDS QUEEN,0.6388,0.006,0.3552
DIAMONDS TWO HEARTS ACE,0.435,0.0048,0.5602
DIAMONDS SEVEN CLUBS JACK,0.6568,0.006,0.3372
SPADES FIVE HEARTS NINE,0.667,0.007,0.326
DIAMONDS TWO CLUBS SIX,0.6742,0.0062,0.3196
DIAMONDS QUEEN DIAMONDS SEVEN,0.6182,0.0056,0.3762
CLUBS FIVE DIAMONDS SIX,0.6294,0.0048,0.3658
HEARTS NINE DIAMONDS FIVE,0.659,0.0062,0.3348
DIAMONDS KING DIAMONDS FIVE,0.6014,0.1178,0.2808
DIAMONDS KING SPADES SIX,0.653,0.1214,0.2256
DIAMONDS TWO SPADES SEVEN,0.6678,0.0098,0.3224
CLUBS SEVEN SPADES TWO,0.6896,0.011,0.2994
CLUBS FIVE CLUBS TWO,0.6136,0.0096,0.3768
CLUBS EIGHT DIAMONDS EIGHT,0.4672,0.009,0.5238
CLUBS SEVEN HEARTS EIGHT,0.64,0.0068,0.3532
DIAMONDS ACE DIAMONDS JACK,0.3342,0.0044,0.6614
SPADES ACE HEARTS EIGHT,0.412,0.0036,0.5844
SPADES QUEEN SPADES JACK,0.5702,0.008,0.4218
DIAMONDS QUEEN HEARTS KING,0.251,0.0572,0.6918
CLUBS EIGHT HEARTS NINE,0.6274,0.0064,0.3662
CLUBS FIVE HEARTS EIGHT,0.6534,0.0056,0.341
HEARTS FIVE SPADES FOUR,0.6304,0.0086,0.361
HEARTS JACK CLUBS ACE,0.3508,0.0048,0.6444
CLUBS FIVE HEARTS QUEEN,0.6526,0.0052,0.3422
CLUBS EIGHT DIAMONDS JACK,0.6242,0.0066,0.3692
CLUBS KING DIAMONDS SIX,0.6458,0.1176,0.2366
DIAMONDS KING CLUBS JACK,0.233,0.0854,0.6816
HEARTS KING DIAMONDS SIX,0.6458,0.115,0.2392
HEARTS TWO DIAMONDS EIGHT,0.6722,0.0076,0.3202
HEARTS FIVE DIAMONDS TEN,0.728,0.0362,0.2358
CLUBS KING CLUBS JACK,0.2298,0.0806,0.6896
HEARTS KING DIAMONDS EIGHT,0.6532,0.1102,0.2366
DIAMONDS THREE HEARTS TWO,0.6584,0.0074,0.3342
DIAMONDS QUEEN SPADES TWO,0.6686,0.0104,0.321
CLUBS QUEEN DIAMONDS FOUR,0.6554,0.0072,0.3374
CLUBS SIX DIAMONDS EIGHT,0.6438,0.0058,0.3504
CLUBS SIX CLUBS THREE,0.6122,0.0086,0.3792
CLUBS QUEEN HEARTS EIGHT,0.6414,0.0072,0.3514
CLUBS FOUR SPADES SEVEN,0.658,0.0082,0.3338
SPADES TEN SPADES THREE,0.714,0.0384,0.2476
HEARTS SIX CLUBS JACK,0.6462,0.007,0.3468
CLUBS FOUR CLUBS THREE,0.6006,0.0066,0.3928
DIAMONDS TEN HEARTS EIGHT,0.7224,0.0358,0.2418
SPADES QUEEN HEARTS TWO,0.6606,0.0072,0.3322
SPADES ACE DIAMONDS ACE,0.132,0.0034,0.8646
SPADES SEVEN SPADES THREE,0.6334,0.0078,0.3588
SPADES FOUR HEARTS QUEEN,0.6628,0.0068,0.3304
CLUBS THREE SPADES THREE,0.4866,0.0088,0.5046
SPADES NINE CLUBS TWO,0.6936,0.0076,0.2988
SPADES TEN SPADES NINE,0.676,0.035,0.289
SPADES TWO DIAMONDS SEVEN,0.6758,0.0078,0.3164
DIAMONDS NINE DIAMONDS FOUR,0.6246,0.0076,0.3678
DIAMONDS ACE HEARTS KING,0.2594,0.0108,0.7298
CLUBS THREE HEARTS NINE,0.6846,0.0054,0.31
HEARTS THREE DIAMONDS QUEEN,0.6592,0.005,0.3358
HEARTS FIVE SPADES FIVE,0.4758,0.0086,0.5156
HEARTS FIVE CLUBS FOUR,0.621,0.0066,0.3724
SPADES JACK SPADES TWO,0.6388,0.0074,0.3538
CLUBS THREE DIAMONDS NINE,0.6952,0.0048,0.3
SPADES TEN DIAMONDS EIGHT,0.7228,0.0392,0.238
SPADES FIVE HEARTS ACE,0.4218,0.0048,0.5734
SPADES NINE CLUBS KING,0.654,0.1252,0.2208
HEARTS THREE CLUBS FIVE,0.6416,0.008,0.3504
CLUBS SIX DIAMONDS FOUR,0.6378,0.0084,0.3538
SPADES EIGHT CLUBS FOUR,0.6666,0.0064,0.327
SPADES ACE DIAMONDS TEN,0.2366,0.0208,0.7426
HEARTS QUEEN HEARTS EIGHT,0.6058,0.0052,0.389
SPADES THREE HEARTS QUEEN,0.658,0.0066,0.3354
DIAMONDS THREE DIAMONDS JACK,0.6242,0.0062,0.3696
SPADES EIGHT CLUBS ACE,0.418,0.0054,0.5766
HEARTS ACE HEARTS SEVEN,0.3922,0.0042,0.6036
HEARTS FIVE DIAMONDS JACK,0.6478,0.0058,0.3464
SPADES EIGHT DIAMONDS NINE,0.6414,0.0064,0.3522
SPADES ACE CLUBS EIGHT,0.4136,0.004,0.5824
CLUBS KING CLUBS QUEEN,0.2314,0.0672,0.7014
CLUBS SEVEN HEARTS NINE,0.6458,0.0068,0.3474
CLUBS TWO DIAMONDS JACK,0.6658,0.0098,0.3244
HEARTS FOUR DIAMONDS EIGHT,0.6546,0.0074,0.338
SPADES FOUR DIAMONDS FOUR,0.48,0.0114,0.5086
CLUBS THREE DIAMONDS EIGHT,0.6744,0.007,0.3186
SPADES SIX DIAMONDS SEVEN,0.6142,0.0076,0.3782
HEARTS FOUR HEARTS JACK,0.608,0.007,0.385
DIAMONDS TWO SPADES TWO,0.4768,0.0122,0.511
HEARTS KING HEARTS JACK,0.222,0.0858,0.6922
CLUBS ACE DIAMONDS FOUR,0.4116,0.006,0.5824
HEARTS QUEEN HEARTS JACK,0.5418,0.0056,0.4526
CLUBS FOUR CLUBS QUEEN,0.6206,0.0078,0.3716
SPADES EIGHT HEARTS JACK,0.6446,0.0072,0.3482
DIAMONDS TWO CLUBS JACK,0.6554,0.0064,0.3382
SPADES NINE HEARTS ACE,0.4278,0.006,0.5662
DIAMONDS SIX CLUBS JACK,0.6482,0.0042,0.3476
DIAMONDS TWO SPADES TEN,0.74,0.0382,0.2218
CLUBS SEVEN CLUBS QUEEN,0.623,0.0062,0.3708
HEARTS JACK HEARTS TEN,0.656,0.0278,0.3162
HEARTS JACK HEARTS SEVEN,0.6064,0.0056,0.388
SPADES TEN DIAMONDS TEN,0.3222,0.0208,0.657
SPADES ACE SPADES FOUR,0.4074,0.0066,0.586
CLUBS EIGHT SPADES TWO,0.683,0.01,0.307
HEARTS FOUR DIAMONDS ACE,0.4314,0.0032,0.5654
HEARTS KING CLUBS KING,0.1062,0.014,0.8798
CLUBS EIGHT CLUBS QUEEN,0.6266,0.007,0.3664
CLUBS FIVE DIAMONDS TEN,0.7472,0.037,0.2158
DIAMONDS NINE HEARTS SEVEN,0.6456,0.0052,0.3492
CLUBS THREE SPADES SIX,0.6462,0.0086,0.3452
CLUBS FIVE CLUBS QUEEN,0.6298,0.006,0.3642
SPADES JACK DIAMONDS KING,0.2304,0.0902,0.6794
DIAMONDS THREE SPADES EIGHT,0.6786,0.0066,0.3148
SPADES FIVE SPADES THREE,0.6062,0.0092,0.3846
DIAMONDS TEN DIAMONDS NINE,0.6508,0.0332,0.316
SPADES TEN CLUBS FOUR,0.7438,0.04,0.2162
CLUBS ACE CLUBS QUEEN,0.3588,0.005,0.6362
SPADES QUEEN DIAMONDS ACE,0.3852,0.004,0.6108
DIAMONDS THREE CLUBS ACE,0.421,0.0046,0.5744
HEARTS FIVE HEARTS ACE,0.384,0.006,0.61
DIAMONDS TEN DIAMONDS FOUR,0.6924,0.0346,0.273
HEARTS SIX HEARTS JACK,0.6116,0.0062,0.3822
DIAMONDS SEVEN DIAMONDS SIX,0.5928,0.0046,0.4026
CLUBS SEVEN HEARTS QUEEN,0.6592,0.0086,0.3322
SPADES FIVE SPADES TWO,0.6286,0.009,0.3624
HEARTS TWO HEARTS JACK,0.62,0.0066,0.3734
DIAMONDS TWO CLUBS FIVE,0.6508,0.0098,0.3394
HEARTS ACE HEARTS TEN,0.234,0.0214,0.7446
HEARTS ACE HEARTS EIGHT,0.3914,0.0046,0.604
CLUBS SEVEN CLUBS FIVE,0.6078,0.0058,0.3864
HEARTS NINE DIAMONDS FOUR,0.6676,0.0068,0.3256
SPADES QUEEN SPADES NINE,0.5994,0.0078,0.3928
SPADES JACK HEARTS ACE,0.3644,0.0048,0.6308
DIAMONDS NINE CLUBS KING,0.6494,0.1184,0.2322
HEARTS SIX CLUBS FIVE,0.6334,0.0066,0.36
CLUBS KING HEARTS SEVEN,0.6488,0.1132,0.238
DIAMONDS ACE HEARTS NINE,0.4222,0.0044,0.5734
HEARTS SIX DIAMONDS ACE,0.423,0.0024,0.5746
DIAMONDS TWO CLUBS SEVEN,0.6734,0.006,0.3206
SPADES FIVE CLUBS JACK,0.6518,0.0078,0.3404
DIAMONDS THREE SPADES FOUR,0.6338,0.0084,0.3578
CLUBS FIVE HEARTS NINE,0.6688,0.0078,0.3234
CLUBS NINE CLUBS SEVEN,0.6158,0.0062,0.378
CLUBS SIX DIAMONDS TEN,0.734,0.0312,0.2348
SPADES NINE HEARTS TWO,0.6764,0.008,0.3156
SPADES JACK DIAMONDS EIGHT,0.6392,0.008,0.3528
CLUBS NINE SPADES JACK,0.642,0.0054,0.3526
CLUBS FIVE DIAMONDS NINE,0.6696,0.0054,0.325
DIAMONDS TWO CLUBS ACE,0.4216,0.005,0.5734
CLUBS THREE DIAMONDS TEN,0.7458,0.038,0.2162
SPADES QUEEN SPADES SIX,0.6254,0.008,0.3666
CLUBS FOUR CLUBS TWO,0.6192,0.0084,0.3724
CLUBS EIGHT SPADES EIGHT,0.4648,0.0092,0.526
HEARTS FOUR DIAMONDS FOUR,0.4784,0.0092,0.5124
DIAMONDS QUEEN HEARTS TEN,0.7196,0.0322,0.2482
DIAMONDS THREE HEARTS TEN,0.7382,0.0384,0.2234
SPADES NINE HEARTS KING,0.6552,0.121,0.2238
CLUBS FOUR CLUBS ACE,0.3922,0.005,0.6028
DIAMONDS SIX CLUBS QUEEN,0.651,0.0064,0.3426
DIAMONDS THREE DIAMONDS SIX,0.6148,0.0054,0.3798
SPADES EIGHT DIAMONDS SEVEN,0.6198,0.007,0.3732
DIAMONDS TWO DIAMONDS EIGHT,0.6426,0.0054,0.352
DIAMONDS ACE DIAMONDS QUEEN,0.3494,0.0046,0.646
SPADES TEN SPADES TWO,0.7154,0.0408,0.2438
HEARTS SIX DIAMONDS THREE,0.6556,0.0088,0.3356
DIAMONDS TWO DIAMONDS SEVEN,0.633,0.0062,0.3608
SPADES FOUR HEARTS JACK,0.657,0.0054,0.3376
SPADES FIVE HEARTS TEN,0.7382,0.0368,0.225
HEARTS SIX DIAMONDS TWO,0.6532,0.0076,0.3392
HEARTS FIVE HEARTS KING,0.6054,0.115,0.2796
CLUBS SIX HEARTS TEN,0.7232,0.0304,0.2464
SPADES EIGHT CLUBS TWO,0.685,0.0064,0.3086
CLUBS EIGHT DIAMONDS NINE,0.638,0.0074,0.3546
HEARTS SIX SPADES JACK,0.654,0.0064,0.3396
CLUBS FOUR DIAMONDS SEVEN,0.6358,0.007,0.3572
CLUBS NINE HEARTS FOUR,0.6802,0.0054,0.3144
HEARTS FOUR HEARTS NINE,0.6388,0.006,0.3552
HEARTS TWO DIAMONDS ACE,0.4238,0.0032,0.573
HEARTS SIX SPADES FIVE,0.6284,0.0078,0.3638
CLUBS SIX HEARTS JACK,0.669,0.0052,0.3258
DIAMONDS KING HEARTS ACE,0.2558,0.0128,0.7314
DIAMONDS ACE SPADES SIX,0.4258,0.0042,0.57
DIAMONDS TWO SPADES NINE,0.6698,0.009,0.3212
SPADES SEVEN SPADES FOUR,0.6218,0.0088,0.3694
HEARTS SEVEN DIAMONDS FOUR,0.6342,0.0058,0.36
HEARTS KING DIAMONDS NINE,0.6658,0.1056,0.2286
SPADES EIGHT SPADES THREE,0.6282,0.0096,0.3622
SPADES FIVE DIAMONDS FIVE,0.4708,0.0092,0.52
HEARTS EIGHT CLUBS JACK,0.6222,0.006,0.3718
DIAMONDS TWO DIAMONDS JACK,0.6272,0.0074,0.3654
CLUBS SEVEN DIAMONDS SEVEN,0.4578,0.0094,0.5328
SPADES EIGHT DIAMONDS QUEEN,0.6558,0.0076,0.3366
CLUBS FIVE CLUBS JACK,0.6254,0.0054,0.3692
SPADES FIVE SPADES FOUR,0.5976,0.0082,0.3942
DIAMONDS QUEEN CLUBS KING,0.2306,0.0634,0.706
CLUBS KING DIAMONDS FIVE,0.6486,0.1132,0.2382
HEARTS NINE CLUBS QUEEN,0.6306,0.0072,0.3622
CLUBS EIGHT DIAMONDS ACE,0.4294,0.0036,0.567
HEARTS QUEEN HEARTS SEVEN,0.6246,0.006,0.3694
SPADES NINE CLUBS FIVE,0.67,0.009,0.321
SPADES THREE DIAMONDS NINE,0.6796,0.0064,0.314
CLUBS SEVEN DIAMONDS EIGHT,0.622,0.0064,0.3716
HEARTS JACK DIAMONDS FOUR,0.6552,0.0062,0.3386
SPADES THREE DIAMONDS FOUR,0.644,0.0072,0.3488
SPADES JACK DIAMONDS SIX,0.6586,0.006,0.3354
HEARTS FIVE SPADES TWO,0.6588,0.009,0.3322
CLUBS NINE CLUBS JACK,0.5834,0.0068,0.4098
SPADES SIX DIAMONDS JACK,0.653,0.0064,0.3406
SPADES TWO HEARTS SEVEN,0.6856,0.0066,0.3078
HEARTS JACK CLUBS KING,0.2262,0.0872,0.6866
HEARTS SIX DIAMONDS FOUR,0.6412,0.0078,0.351
SPADES SEVEN HEARTS TEN,0.7112,0.0364,0.2524
HEARTS TWO HEARTS ACE,0.4144,0.0036,0.582
SPADES FIVE HEARTS EIGHT,0.6664,0.0068,0.3268
HEARTS THREE HEARTS TEN,0.6956,0.0334,0.271
SPADES QUEEN CLUBS JACK,0.5832,0.0046,0.4122
SPADES SEVEN CLUBS ACE,0.4216,0.0048,0.5736
DIAMONDS EIGHT HEARTS TEN,0.7128,0.03,0.2572
CLUBS SEVEN SPADES FIVE,0.6344,0.0084,0.3572
HEARTS SIX HEARTS QUEEN,0.612,0.0074,0.3806
SPADES JACK HEARTS FOUR,0.6636,0.0072,0.3292
HEARTS FOUR SPADES NINE,0.6644,0.0056,0.33
HEARTS FIVE CLUBS JACK,0.6498,0.0058,0.3444
CLUBS NINE DIAMONDS TEN,0.7054,0.0322,0.2624
DIAMONDS TWO HEARTS THREE,0.6414,0.0056,0.353
CLUBS FOUR SPADES FOUR,0.4754,0.0114,0.5132
SPADES TWO DIAMONDS FOUR,0.6392,0.0086,0.3522
SPADES TEN HEARTS SEVEN,0.7076,0.0368,0.2556
SPADES SIX CLUBS KING,0.6556,0.1136,0.2308
HEARTS JACK HEARTS EIGHT,0.59,0.0038,0.4062
SPADES TWO HEARTS NINE,0.6828,0.0092,0.308
HEARTS FOUR HEARTS THREE,0.5906,0.0072,0.4022
DIAMONDS JACK DIAMONDS NINE,0.5856,0.007,0.4074
HEARTS FIVE SPADES JACK,0.6502,0.0088,0.341
SPADES TEN SPADES FIVE,0.698,0.0382,0.2638
SPADES FIVE DIAMONDS SIX,0.6258,0.01,0.3642
HEARTS EIGHT DIAMONDS FOUR,0.6554,0.0058,0.3388
SPADES TWO DIAMONDS FIVE,0.6452,0.0074,0.3474
DIAMONDS TWO DIAMONDS NINE,0.6332,0.005,0.3618
SPADES SIX HEARTS KING,0.6462,0.1188,0.235
CLUBS NINE SPADES SEVEN,0.6486,0.0076,0.3438
HEARTS THREE HEARTS ACE,0.3814,0.0032,0.6154
HEARTS SIX CLUBS FOUR,0.6386,0.0084,0.353
SPADES NINE DIAMONDS NINE,0.4486,0.0086,0.5428
SPADES NINE CLUBS ACE,0.4134,0.0062,0.5804
SPADES TEN HEARTS JACK,0.7174,0.0308,0.2518
SPADES FIVE DIAMONDS FOUR,0.626,0.0074,0.3666
CLUBS SIX CLUBS JACK,0.6138,0.0096,0.3766
SPADES QUEEN HEARTS FIVE,0.6558,0.0068,0.3374
SPADES TEN HEARTS QUEEN,0.7282,0.0304,0.2414
CLUBS KING DIAMONDS FOUR,0.6456,0.1184,0.236
CLUBS QUEEN HEARTS SEVEN,0.6472,0.0066,0.3462
HEARTS FIVE SPADES EIGHT,0.649,0.0072,0.3438
SPADES FIVE DIAMONDS TEN,0.7306,0.0364,0.233
DIAMONDS ACE DIAMONDS KING,0.2398,0.008,0.7522
CLUBS NINE SPADES THREE,0.683,0.007,0.31
HEARTS SIX CLUBS ACE,0.414,0.0034,0.5826
DIAMONDS NINE DIAMONDS SEVEN,0.5888,0.0074,0.4038
SPADES QUEEN HEARTS KING,0.2388,0.0592,0.702
SPADES FIVE HEARTS SEVEN,0.625,0.006,0.369
CLUBS NINE DIAMONDS SIX,0.6628,0.0094,0.3278
HEARTS TWO DIAMONDS JACK,0.648,0.0062,0.3458
DIAMONDS NINE SPADES TWO,0.6818,0.0062,0.312
CLUBS SIX DIAMONDS QUEEN,0.6558,0.0058,0.3384
HEARTS KING HEARTS SEVEN,0.6152,0.1048,0.28
HEARTS KING CLUBS ACE,0.2422,0.0108,0.747
DIAMONDS ACE SPADES FIVE,0.4274,0.0042,0.5684
HEARTS FOUR SPADES FOUR,0.5008,0.008,0.4912
SPADES JACK HEARTS SEVEN,0.639,0.0076,0.3534
HEARTS KING HEARTS EIGHT,0.6208,0.1094,0.2698
DIAMONDS JACK CLUBS KING,0.2328,0.0928,0.6744
CLUBS FOUR DIAMONDS TEN,0.7336,0.0334,0.233
DIAMONDS THREE CLUBS SIX,0.6644,0.0054,0.3302
SPADES TEN CLUBS SIX,0.7372,0.0354,0.2274
SPADES NINE DIAMONDS SEVEN,0.6534,0.0056,0.341
CLUBS NINE CLUBS THREE,0.6532,0.0074,0.3394
DIAMONDS EIGHT HEARTS EIGHT,0.4578,0.0082,0.534
HEARTS FOUR HEARTS KING,0.6026,0.109,0.2884
HEARTS TWO DIAMONDS NINE,0.678,0.0106,0.3114
SPADES SEVEN CLUBS QUEEN,0.6576,0.0062,0.3362
SPADES SIX SPADES TWO,0.6274,0.0086,0.364
CLUBS SEVEN CLUBS TWO,0.6442,0.0106,0.3452
CLUBS ACE DIAMONDS SEVEN,0.4096,0.0036,0.5868
SPADES QUEEN DIAMONDS FIVE,0.6526,0.009,0.3384
SPADES TWO DIAMONDS SIX,0.6674,0.0052,0.3274
SPADES JACK HEARTS TWO,0.6636,0.0078,0.3286
HEARTS FOUR SPADES TEN,0.7384,0.0404,0.2212
CLUBS EIGHT SPADES NINE,0.6384,0.0054,0.3562
HEARTS TWO CLUBS JACK,0.6554,0.0074,0.3372
CLUBS NINE HEARTS JACK,0.6394,0.0062,0.3544
HEARTS FIVE HEARTS FOUR,0.5842,0.0072,0.4086
CLUBS SIX HEARTS EIGHT,0.634,0.0054,0.3606
SPADES ACE CLUBS ACE,0.128,0.0034,0.8686
SPADES JACK SPADES EIGHT,0.601,0.0076,0.3914
CLUBS SEVEN HEARTS ACE,0.4188,0.0016,0.5796
CLUBS SIX HEARTS KING,0.6494,0.1104,0.2402
HEARTS FIVE HEARTS SEVEN,0.591,0.0068,0.4022
HEARTS TWO SPADES FOUR,0.6454,0.008,0.3466
HEARTS SIX DIAMONDS JACK,0.6616,0.0054,0.333
CLUBS EIGHT SPADES SIX,0.6486,0.007,0.3444
SPADES ACE CLUBS JACK,0.3602,0.0072,0.6326
SPADES SIX HEARTS JACK,0.6706,0.0058,0.3236
SPADES ACE HEARTS JACK,0.3632,0.005,0.6318
CLUBS FOUR DIAMONDS ACE,0.4286,0.0044,0.567
CLUBS SEVEN DIAMONDS TEN,0.7148,0.0326,0.2526
CLUBS SEVEN CLUBS THREE,0.6288,0.0096,0.3616
CLUBS TWO CLUBS ACE,0.4096,0.006,0.5844
CLUBS SIX SPADES FIVE,0.628,0.0082,0.3638
SPADES EIGHT DIAMONDS ACE,0.4084,0.005,0.5866
DIAMONDS QUEEN SPADES FOUR,0.6518,0.0064,0.3418
CLUBS EIGHT CLUBS FOUR,0.6198,0.0068,0.3734
SPADES QUEEN DIAMONDS FOUR,0.6526,0.0084,0.339
CLUBS FOUR SPADES TWO,0.657,0.0074,0.3356
SPADES JACK DIAMONDS SEVEN,0.6398,0.007,0.3532
SPADES FOUR SPADES THREE,0.6158,0.0062,0.378
CLUBS SIX DIAMONDS KING,0.6508,0.1098,0.2394
CLUBS FOUR DIAMONDS JACK,0.6534,0.0056,0.341
CLUBS ACE CLUBS JACK,0.3578,0.0058,0.6364
DIAMONDS JACK SPADES THREE,0.658,0.006,0.336
DIAMONDS TEN DIAMONDS EIGHT,0.6808,0.0258,0.2934
HEARTS FIVE SPADES THREE,0.6352,0.0106,0.3542
HEARTS FIVE DIAMONDS SIX,0.6332,0.0086,0.3582
HEARTS KING SPADES THREE,0.6516,0.1148,0.2336
HEARTS EIGHT HEARTS SEVEN,0.5858,0.0054,0.4088
SPADES JACK HEARTS TEN,0.7002,0.0252,0.2746
DIAMONDS QUEEN DIAMONDS JACK,0.553,0.0056,0.4414
HEARTS FIVE CLUBS TWO,0.644,0.0098,0.3462
DIAMONDS ACE HEARTS TEN,0.2522,0.0194,0.7284
HEARTS THREE HEARTS KING,0.6018,0.1106,0.2876
DIAMONDS THREE HEARTS KING,0.6508,0.112,0.2372
DIAMONDS SEVEN HEARTS NINE,0.6416,0.0056,0.3528
SPADES NINE DIAMONDS QUEEN,0.6418,0.0072,0.351
HEARTS FOUR SPADES SIX,0.6446,0.0082,0.3472
DIAMONDS KING CLUBS QUEEN,0.2464,0.0604,0.6932
HEARTS FOUR SPADES SEVEN,0.6602,0.0076,0.3322
CLUBS SEVEN DIAMONDS NINE,0.6376,0.0072,0.3552
SPADES ACE DIAMONDS NINE,0.4282,0.0048,0.567
HEARTS THREE SPADES FOUR,0.639,0.0078,0.3532
SPADES NINE DIAMONDS JACK,0.6334,0.0076,0.359
SPADES SEVEN DIAMONDS SIX,0.621,0.0078,0.3712
DIAMONDS TEN SPADES TWO,0.7436,0.0354,0.221
SPADES ACE CLUBS SEVEN,0.426,0.0042,0.5698
CLUBS SIX HEARTS TWO,0.672,0.0098,0.3182
HEARTS SIX SPADES TWO,0.6792,0.0044,0.3164
HEARTS FIVE HEARTS TEN,0.6912,0.0316,0.2772
SPADES SIX DIAMONDS FIVE,0.6322,0.0074,0.3604
CLUBS FIVE HEARTS SEVEN,0.6356,0.0074,0.357
DIAMONDS THREE DIAMONDS TEN,0.6792,0.0364,0.2844
SPADES SIX DIAMONDS SIX,0.4856,0.0066,0.5078
HEARTS THREE SPADES TWO,0.6602,0.0088,0.331
HEARTS ACE HEARTS JACK,0.3432,0.003,0.6538
HEARTS SIX HEARTS FIVE,0.597,0.007,0.396
DIAMONDS THREE CLUBS THREE,0.4768,0.0082,0.515
HEARTS FIVE CLUBS SEVEN,0.6464,0.0084,0.3452
CLUBS THREE CLUBS JACK,0.6186,0.0072,0.3742
SPADES ACE HEARTS FIVE,0.4058,0.0046,0.5896
DIAMONDS TEN HEARTS NINE,0.708,0.0276,0.2644
HEARTS TWO SPADES SEVEN,0.674,0.0076,0.3184
CLUBS NINE CLUBS FOUR,0.6524,0.0096,0.338
SPADES TEN HEARTS TEN,0.3122,0.0218,0.666
CLUBS SEVEN CLUBS FOUR,0.6196,0.012,0.3684
HEARTS KING HEARTS QUEEN,0.2334,0.0654,0.7012
HEARTS THREE DIAMONDS KING,0.6482,0.1128,0.239
HEARTS SIX DIAMONDS TEN,0.7186,0.0364,0.245
CLUBS TWO DIAMONDS FIVE,0.641,0.0092,0.3498
SPADES ACE HEARTS SIX,0.418,0.0036,0.5784
SPADES NINE SPADES FOUR,0.6538,0.0056,0.3406
CLUBS NINE DIAMONDS TWO,0.6844,0.0058,0.3098
HEARTS ACE CLUBS ACE,0.1356,0.0046,0.8598
DIAMONDS THREE CLUBS FOUR,0.6442,0.0088,0.347
DIAMONDS THREE HEARTS FOUR,0.6252,0.0082,0.3666
SPADES SIX HEARTS TEN,0.7242,0.0324,0.2434
SPADES TWO HEARTS JACK,0.6568,0.0058,0.3374
DIAMONDS TWO CLUBS THREE,0.6678,0.0084,0.3238
SPADES EIGHT SPADES TWO,0.649,0.0098,0.3412
HEARTS TWO SPADES THREE,0.656,0.0112,0.3328
HEARTS SIX DIAMONDS NINE,0.649,0.0062,0.3448
DIAMONDS THREE DIAMONDS SEVEN,0.6026,0.007,0.3904
CLUBS SIX SPADES FOUR,0.6394,0.009,0.3516
HEARTS NINE CLUBS JACK,0.6214,0.006,0.3726
SPADES JACK DIAMONDS FOUR,0.6638,0.008,0.3282
DIAMONDS THREE CLUBS KING,0.6392,0.1178,0.243
SPADES TEN CLUBS THREE,0.7484,0.0392,0.2124
SPADES ACE HEARTS TWO,0.4238,0.0038,0.5724
HEARTS THREE SPADES NINE,0.6746,0.008,0.3174
SPADES SEVEN DIAMONDS KING,0.6578,0.1128,0.2294
SPADES TWO CLUBS QUEEN,0.652,0.01,0.338
DIAMONDS TEN HEARTS QUEEN,0.7166,0.0278,0.2556
CLUBS TWO CLUBS JACK,0.625,0.008,0.367
DIAMONDS QUEEN DIAMONDS NINE,0.6014,0.0064,0.3922
SPADES SEVEN CLUBS TWO,0.6878,0.0094,0.3028
DIAMONDS JACK CLUBS QUEEN,0.5896,0.0056,0.4048
CLUBS FIVE DIAMONDS KING,0.6504,0.1154,0.2342
DIAMONDS JACK CLUBS ACE,0.3656,0.0042,0.6302
DIAMONDS KING DIAMONDS NINE,0.6088,0.1124,0.2788
DIAMONDS THREE DIAMONDS TWO,0.5984,0.0092,0.3924
SPADES SEVEN HEARTS KING,0.6584,0.1122,0.2294
DIAMONDS KING CLUBS KING,0.1018,0.0138,0.8844
SPADES QUEEN HEARTS NINE,0.6442,0.0078,0.348
CLUBS ACE HEARTS NINE,0.4044,0.004,0.5916
HEARTS FOUR SPADES THREE,0.6384,0.0076,0.354
CLUBS SEVEN HEARTS JACK,0.6624,0.0058,0.3318
SPADES THREE HEARTS EIGHT,0.683,0.0092,0.3078
HEARTS JACK CLUBS QUEEN,0.5772,0.009,0.4138
CLUBS NINE CLUBS FIVE,0.64,0.0078,0.3522
HEARTS SIX DIAMONDS FIVE,0.6194,0.005,0.3756
DIAMONDS ACE HEARTS QUEEN,0.383,0.0042,0.6128
SPADES FOUR HEARTS TEN,0.7398,0.033,0.2272
DIAMONDS ACE CLUBS ACE,0.1406,0.004,0.8554
DIAMONDS THREE HEARTS NINE,0.6878,0.006,0.3062
HEARTS FIVE DIAMONDS QUEEN,0.6636,0.0062,0.3302
SPADES EIGHT HEARTS EIGHT,0.4554,0.0082,0.5364
DIAMONDS EIGHT DIAMONDS SEVEN,0.5968,0.0052,0.398
DIAMONDS KING CLUBS TWO,0.6584,0.1174,0.2242
DIAMONDS EIGHT DIAMONDS FOUR,0.6088,0.0072,0.384
CLUBS FIVE SPADES FIVE,0.4806,0.0102,0.5092
SPADES ACE CLUBS FOUR,0.4222,0.0034,0.5744
SPADES NINE DIAMONDS EIGHT,0.6372,0.0074,0.3554
SPADES SEVEN DIAMONDS SEVEN,0.4756,0.01,0.5144
HEARTS SIX HEARTS SEVEN,0.5672,0.0078,0.425
HEARTS SIX DIAMONDS EIGHT,0.63,0.0042,0.3658
HEARTS SIX SPADES QUEEN,0.6522,0.0044,0.3434
CLUBS NINE HEARTS SEVEN,0.6424,0.0062,0.3514
DIAMONDS KING DIAMONDS EIGHT,0.6184,0.1074,0.2742
SPADES FOUR CLUBS QUEEN,0.6396,0.0078,0.3526
DIAMONDS TEN DIAMONDS SIX,0.6904,0.0282,0.2814
CLUBS SEVEN HEARTS TEN,0.721,0.0304,0.2486
CLUBS FOUR HEARTS ACE,0.4192,0.0056,0.5752
DIAMONDS TWO SPADES EIGHT,0.6734,0.0098,0.3168
HEARTS THREE CLUBS FOUR,0.635,0.0074,0.3576
CLUBS TWO SPADES FOUR,0.6522,0.0112,0.3366
SPADES ACE SPADES QUEEN,0.3554,0.004,0.6406
SPADES TEN HEARTS TWO,0.7516,0.0364,0.212
SPADES FIVE HEARTS KING,0.6514,0.1164,0.2322
SPADES EIGHT DIAMONDS FIVE,0.6422,0.0074,0.3504
DIAMONDS FIVE CLUBS JACK,0.6432,0.0058,0.351
HEARTS FOUR CLUBS ACE,0.4196,0.005,0.5754
CLUBS EIGHT CLUBS FIVE,0.6358,0.007,0.3572
CLUBS EIGHT DIAMONDS QUEEN,0.648,0.0054,0.3466
HEARTS FIVE DIAMONDS FOUR,0.6088,0.0066,0.3846
HEARTS FOUR HEARTS ACE,0.3966,0.0044,0.599
DIAMONDS JACK HEARTS SEVEN,0.641,0.0046,0.3544
CLUBS NINE DIAMONDS THREE,0.6732,0.0072,0.3196
SPADES ACE SPADES TEN,0.2382,0.019,0.7428
DIAMONDS TWO DIAMONDS SIX,0.6152,0.0058,0.379
SPADES NINE DIAMONDS TEN,0.713,0.034,0.253
HEARTS THREE SPADES THREE,0.4852,0.0108,0.504
DIAMONDS TWO CLUBS KING,0.6442,0.12,0.2358
HEARTS ACE CLUBS KING,0.24,0.013,0.747
CLUBS EIGHT CLUBS THREE,0.6464,0.0096,0.344
DIAMONDS SEVEN HEARTS SEVEN,0.464,0.0084,0.5276
SPADES SIX HEARTS EIGHT,0.6424,0.0072,0.3504
HEARTS TEN DIAMONDS FIVE,0.7328,0.0322,0.235
HEARTS FOUR DIAMONDS SEVEN,0.6344,0.0048,0.3608
DIAMONDS KING DIAMONDS JACK,0.2316,0.0764,0.692
DIAMONDS TWO CLUBS QUEEN,0.6532,0.009,0.3378
SPADES TEN DIAMONDS SEVEN,0.7128,0.0328,0.2544
DIAMONDS KING SPADES THREE,0.6592,0.108,0.2328
CLUBS NINE CLUBS KING,0.6158,0.1084,0.2758
DIAMONDS TWO HEARTS QUEEN,0.66,0.0062,0.3338
SPADES SIX HEARTS NINE,0.6508,0.0074,0.3418
DIAMONDS KING SPADES FOUR,0.6522,0.1184,0.2294
HEARTS ACE SPADES THREE,0.4236,0.0054,0.571
HEARTS ACE DIAMONDS EIGHT,0.4174,0.004,0.5786
SPADES SEVEN CLUBS THREE,0.6704,0.0062,0.3234
SPADES SIX HEARTS SEVEN,0.63,0.006,0.364
DIAMONDS JACK DIAMONDS SEVEN,0.6006,0.006,0.3934
SPADES JACK DIAMONDS NINE,0.6248,0.0078,0.3674
DIAMONDS THREE CLUBS TWO,0.6622,0.0088,0.329
SPADES FIVE DIAMONDS EIGHT,0.6648,0.0062,0.329
HEARTS THREE SPADES SEVEN,0.6612,0.0066,0.3322
HEARTS TWO DIAMONDS SEVEN,0.665,0.0066,0.3284
HEARTS FOUR CLUBS TWO,0.6498,0.0084,0.3418
DIAMONDS TWO HEARTS JACK,0.6636,0.008,0.3284
SPADES QUEEN CLUBS THREE,0.6616,0.0086,0.3298
DIAMONDS TWO SPADES JACK,0.667,0.0052,0.3278
HEARTS SIX HEARTS EIGHT,0.6036,0.0058,0.3906
SPADES QUEEN SPADES TEN,0.6968,0.0284,0.2748
CLUBS JACK DIAMONDS FOUR,0.6548,0.0072,0.338
SPADES ACE CLUBS QUEEN,0.3566,0.0024,0.641
CLUBS EIGHT HEARTS EIGHT,0.469,0.0084,0.5226
SPADES NINE DIAMONDS FOUR,0.6848,0.006,0.3092
SPADES QUEEN DIAMONDS EIGHT,0.6562,0.0048,0.339
CLUBS FIVE DIAMONDS QUEEN,0.6466,0.0086,0.3448
SPADES FOUR HEARTS NINE,0.6904,0.0072,0.3024
DIAMONDS EIGHT CLUBS ACE,0.4222,0.0044,0.5734
DIAMONDS THREE CLUBS QUEEN,0.6552,0.0066,0.3382
CLUBS FOUR CLUBS JACK,0.6234,0.0078,0.3688
CLUBS TWO SPADES THREE,0.6674,0.008,0.3246
DIAMONDS QUEEN DIAMONDS EIGHT,0.599,0.0066,0.3944
HEARTS SIX HEARTS ACE,0.3988,0.0042,0.597
CLUBS NINE CLUBS ACE,0.396,0.0076,0.5964
HEARTS SIX HEARTS THREE,0.614,0.006,0.38
SPADES JACK CLUBS TWO,0.6662,0.0082,0.3256
HEARTS THREE CLUBS QUEEN,0.6546,0.0078,0.3376
SPADES TEN DIAMONDS SIX,0.7374,0.035,0.2276
SPADES ACE CLUBS TWO,0.405,0.0044,0.5906
HEARTS JACK DIAMONDS SIX,0.6536,0.0054,0.341
DIAMONDS ACE DIAMONDS NINE,0.4066,0.0036,0.5898
HEARTS TWO HEARTS TEN,0.7058,0.0316,0.2626
HEARTS THREE HEARTS TWO,0.6192,0.0066,0.3742
HEARTS FOUR CLUBS FIVE,0.6276,0.0096,0.3628
HEARTS EIGHT DIAMONDS FIVE,0.6516,0.006,0.3424
CLUBS SIX CLUBS KING,0.6216,0.1062,0.2722
CLUBS SIX DIAMONDS FIVE,0.6248,0.008,0.3672
SPADES JACK CLUBS QUEEN,0.6038,0.006,0.3902
SPADES EIGHT DIAMONDS SIX,0.6422,0.0076,0.3502
SPADES ACE SPADES EIGHT,0.4064,0.005,0.5886
HEARTS ACE HEARTS NINE,0.3796,0.005,0.6154
DIAMONDS TWO SPADES SIX,0.6536,0.0076,0.3388
HEARTS THREE CLUBS THREE,0.4942,0.0104,0.4954
SPADES QUEEN SPADES SEVEN,0.6202,0.0076,0.3722
HEARTS QUEEN DIAMONDS NINE,0.6484,0.0054,0.3462
CLUBS SEVEN HEARTS TWO,0.6928,0.0086,0.2986
HEARTS FOUR DIAMONDS QUEEN,0.6498,0.0052,0.345
SPADES NINE CLUBS JACK,0.6306,0.008,0.3614
CLUBS EIGHT SPADES SEVEN,0.6258,0.0066,0.3676
DIAMONDS NINE HEARTS JACK,0.6154,0.0056,0.379
HEARTS ACE SPADES TWO,0.4344,0.0046,0.561
SPADES SEVEN DIAMONDS FIVE,0.6314,0.0076,0.361
CLUBS THREE HEARTS EIGHT,0.6808,0.0058,0.3134
SPADES ACE CLUBS NINE,0.4254,0.0066,0.568
SPADES NINE HEARTS NINE,0.4444,0.0066,0.549
CLUBS NINE SPADES FIVE,0.6704,0.0058,0.3238
CLUBS NINE HEARTS QUEEN,0.6336,0.0086,0.3578
CLUBS TWO HEARTS QUEEN,0.6504,0.0078,0.3418
DIAMONDS ACE HEARTS ACE,0.1498,0.0036,0.8466
HEARTS FOUR HEARTS TEN,0.6818,0.0308,0.2874
HEARTS ACE DIAMONDS FOUR,0.4188,0.0032,0.578
SPADES FOUR CLUBS ACE,0.4178,0.0048,0.5774
CLUBS THREE HEARTS SEVEN,0.6568,0.0074,0.3358
CLUBS ACE HEARTS EIGHT,0.4112,0.0034,0.5854
DIAMONDS JACK SPADES TWO,0.6592,0.0072,0.3336
SPADES NINE HEARTS QUEEN,0.6424,0.0056,0.352
CLUBS EIGHT CLUBS TWO,0.6576,0.0062,0.3362
HEARTS TWO HEARTS SEVEN,0.6198,0.0068,0.3734
SPADES JACK CLUBS FIVE,0.6588,0.0088,0.3324
SPADES JACK HEARTS QUEEN,0.5956,0.0068,0.3976
HEARTS FIVE HEARTS EIGHT,0.6002,0.0074,0.3924
SPADES SIX CLUBS TWO,0.6762,0.0092,0.3146
HEARTS FIVE SPADES TEN,0.7358,0.0348,0.2294
SPADES NINE HEARTS TEN,0.6972,0.0334,0.2694
CLUBS ACE DIAMONDS FIVE,0.4284,0.005,0.5666
DIAMONDS NINE HEARTS EIGHT,0.6306,0.0058,0.3636
DIAMONDS THREE DIAMONDS FOUR,0.5864,0.0086,0.405
DIAMONDS KING DIAMONDS SIX,0.6126,0.1088,0.2786
DIAMONDS SEVEN DIAMONDS FIVE,0.5876,0.0056,0.4068
CLUBS SEVEN DIAMONDS SIX,0.627,0.0082,0.3648
DIAMONDS ACE DIAMONDS EIGHT,0.4018,0.004,0.5942
SPADES SEVEN HEARTS NINE,0.6452,0.0074,0.3474
CLUBS THREE HEARTS QUEEN,0.6606,0.0054,0.334
SPADES ACE HEARTS FOUR,0.4196,0.0036,0.5768
SPADES NINE HEARTS SEVEN,0.648,0.0062,0.3458
CLUBS FOUR HEARTS EIGHT,0.6658,0.0068,0.3274
CLUBS NINE DIAMONDS NINE,0.4534,0.009,0.5376
DIAMONDS THREE CLUBS EIGHT,0.6716,0.0072,0.3212
SPADES QUEEN CLUBS TWO,0.667,0.008,0.325
CLUBS SIX CLUBS FOUR,0.6122,0.0068,0.381
HEARTS TWO SPADES SIX,0.6652,0.0068,0.328
CLUBS ACE DIAMONDS SIX,0.419,0.003,0.578
SPADES ACE DIAMONDS EIGHT,0.4112,0.0052,0.5836
HEARTS FOUR CLUBS SIX,0.6426,0.009,0.3484
SPADES TEN SPADES SIX,0.6944,0.0384,0.2672
SPADES FIVE CLUBS QUEEN,0.6556,0.0086,0.3358
DIAMONDS TEN CLUBS KING,0.0106,0.966,0.0234
HEARTS FIVE HEARTS TWO,0.603,0.007,0.39
DIAMONDS QUEEN SPADES FIVE,0.6462,0.0058,0.348
DIAMONDS EIGHT DIAMONDS SIX,0.5938,0.007,0.3992
SPADES TEN DIAMONDS JACK,0.7158,0.0312,0.253
SPADES QUEEN DIAMONDS SIX,0.6608,0.0062,0.333
CLUBS SIX CLUBS ACE,0.398,0.0054,0.5966
CLUBS FOUR HEARTS KING,0.6378,0.1198,0.2424
CLUBS TWO HEARTS SEVEN,0.6832,0.0054,0.3114
HEARTS QUEEN CLUBS JACK,0.6106,0.008,0.3814
DIAMONDS TWO DIAMONDS FIVE,0.6106,0.0076,0.3818
SPADES QUEEN HEARTS TEN,0.7196,0.03,0.2504
SPADES JACK SPADES NINE,0.6036,0.0086,0.3878
CLUBS SEVEN SPADES SIX,0.6392,0.0094,0.3514
HEARTS THREE SPADES FIVE,0.6432,0.0116,0.3452
SPADES QUEEN SPADES THREE,0.6318,0.0074,0.3608
SPADES FIVE CLUBS KING,0.6534,0.1108,0.2358
CLUBS TWO CLUBS QUEEN,0.624,0.0082,0.3678
CLUBS FOUR HEARTS TEN,0.74,0.037,0.223
DIAMONDS THREE HEARTS FIVE,0.6256,0.0076,0.3668
HEARTS SIX DIAMONDS KING,0.6458,0.1208,0.2334
SPADES QUEEN CLUBS FOUR,0.658,0.0066,0.3354
CLUBS THREE SPADES TWO,0.6612,0.0074,0.3314
SPADES NINE SPADES TWO,0.6494,0.0076,0.343
CLUBS FOUR HEARTS NINE,0.6796,0.0082,0.3122
DIAMONDS KING HEARTS JACK,0.2252,0.09,0.6848
DIAMONDS ACE DIAMONDS FIVE,0.4066,0.0052,0.5882
HEARTS FOUR HEARTS QUEEN,0.6238,0.0062,0.37
HEARTS TEN HEARTS NINE,0.6668,0.0262,0.307
DIAMONDS TEN CLUBS QUEEN,0.7216,0.0234,0.255
SPADES TEN CLUBS TWO,0.7536,0.0352,0.2112
CLUBS EIGHT SPADES THREE,0.6878,0.007,0.3052
HEARTS NINE HEARTS EIGHT,0.5948,0.0044,0.4008
CLUBS EIGHT CLUBS ACE,0.4044,0.005,0.5906
HEARTS SIX SPADES SIX,0.4676,0.0064,0.526
SPADES EIGHT SPADES SIX,0.615,0.0072,0.3778
SPADES EIGHT HEARTS KING,0.6596,0.1174,0.223
HEARTS TWO CLUBS QUEEN,0.6476,0.0084,0.344
SPADES TEN CLUBS JACK,0.7014,0.0274,0.2712
HEARTS QUEEN DIAMONDS SIX,0.6492,0.0056,0.3452
DIAMONDS JACK DIAMONDS FOUR,0.6134,0.0064,0.3802
SPADES ACE HEARTS THREE,0.4068,0.006,0.5872
SPADES NINE CLUBS QUEEN,0.6484,0.0064,0.3452
SPADES EIGHT HEARTS QUEEN,0.6406,0.007,0.3524
SPADES ACE HEARTS KING,0.2504,0.0114,0.7382
SPADES EIGHT HEARTS TEN,0.7246,0.0306,0.2448
CLUBS FIVE DIAMONDS EIGHT,0.6492,0.0062,0.3446
DIAMONDS JACK HEARTS JACK,0.2944,0.005,0.7006
DIAMONDS THREE SPADES QUEEN,0.6658,0.0078,0.3264
DIAMONDS SIX HEARTS SEVEN,0.6138,0.0066,0.3796
SPADES JACK SPADES SIX,0.6272,0.007,0.3658
SPADES FIVE DIAMONDS SEVEN,0.6438,0.005,0.3512
HEARTS KING DIAMONDS FOUR,0.6518,0.113,0.2352
DIAMONDS THREE SPADES JACK,0.658,0.0074,0.3346
HEARTS TEN CLUBS QUEEN,0.7194,0.033,0.2476
SPADES NINE SPADES FIVE,0.6296,0.0082,0.3622
SPADES QUEEN SPADES FIVE,0.6286,0.0062,0.3652
CLUBS SIX SPADES SIX,0.4762,0.0088,0.515
SPADES QUEEN HEARTS ACE,0.3766,0.0056,0.6178
HEARTS QUEEN CLUBS QUEEN,0.2836,0.0032,0.7132
DIAMONDS QUEEN HEARTS EIGHT,0.6538,0.0062,0.34
CLUBS NINE DIAMONDS FIVE,0.6556,0.0068,0.3376
DIAMONDS THREE SPADES TEN,0.7412,0.035,0.2238
CLUBS FOUR SPADES THREE,0.6456,0.0094,0.345
CLUBS ACE CLUBS KING,0.241,0.0106,0.7484
CLUBS EIGHT HEARTS JACK,0.6356,0.0058,0.3586
HEARTS QUEEN DIAMONDS FOUR,0.6462,0.0048,0.349
HEARTS KING DIAMONDS TEN,0.0202,0.9604,0.0194
SPADES QUEEN SPADES EIGHT,0.616,0.0056,0.3784
CLUBS SIX DIAMONDS SIX,0.4796,0.0082,0.5122
CLUBS EIGHT DIAMONDS KING,0.6544,0.1208,0.2248
SPADES TEN HEARTS THREE,0.737,0.0384,0.2246
DIAMONDS ACE SPADES THREE,0.4302,0.0066,0.5632
CLUBS SIX DIAMONDS JACK,0.659,0.0064,0.3346
CLUBS TWO HEARTS NINE,0.6768,0.0064,0.3168
DIAMONDS KING HEARTS SEVEN,0.6476,0.1156,0.2368
SPADES SEVEN SPADES SIX,0.5936,0.0044,0.402
SPADES THREE CLUBS JACK,0.6584,0.0044,0.3372
CLUBS THREE DIAMONDS SIX,0.6508,0.007,0.3422
HEARTS TWO SPADES FIVE,0.6494,0.0058,0.3448
CLUBS SIX HEARTS NINE,0.6508,0.0036,0.3456
CLUBS EIGHT HEARTS TEN,0.7084,0.0368,0.2548
SPADES TEN DIAMONDS QUEEN,0.7164,0.0288,0.2548
HEARTS FOUR CLUBS THREE,0.6326,0.0092,0.3582
HEARTS KING CLUBS QUEEN,0.2408,0.0616,0.6976
CLUBS EIGHT HEARTS KING,0.6536,0.1184,0.228
DIAMONDS QUEEN HEARTS QUEEN,0.291,0.0038,0.7052
DIAMONDS ACE DIAMONDS FOUR,0.3994,0.005,0.5956
HEARTS THREE DIAMONDS SEVEN,0.6446,0.0068,0.3486
SPADES EIGHT SPADES SEVEN,0.6152,0.007,0.3778
HEARTS TWO HEARTS KING,0.6046,0.1138,0.2816
CLUBS EIGHT DIAMONDS TEN,0.718,0.0354,0.2466
DIAMONDS EIGHT CLUBS JACK,0.6298,0.0074,0.3628
CLUBS EIGHT HEARTS FIVE,0.6496,0.0066,0.3438
CLUBS FIVE CLUBS KING,0.6134,0.117,0.2696
CLUBS NINE SPADES TWO,0.6774,0.008,0.3146
HEARTS QUEEN HEARTS TEN,0.6766,0.0256,0.2978
SPADES JACK DIAMONDS TEN,0.7084,0.0294,0.2622
HEARTS THREE DIAMONDS JACK,0.649,0.0062,0.3448
