opposingHand,winningChance,drawChance,lostChance
SPADES KING SPADES EIGHT
SPADES TEN HEARTS FIVE,0.645,0.0078,0.3472
SPADES JACK HEARTS FIVE,0.6396,0.01,0.3504
SPADES FIVE CLUBS JACK,0.6484,0.0066,0.345
SPADES FIVE CLUBS TEN,0.6602,0.0072,0.3326
CLUBS EIGHT CLUBS JACK,0.678,0.0282,0.2938
CLUBS EIGHT CLUBS TEN,0.6658,0.0292,0.305
CLUBS EIGHT CLUBS KING,0.0736,0.8566,0.0698
SPADES FIVE CLUBS ACE,0.4128,0.004,0.5832
CLUBS EIGHT CLUBS QUEEN,0.6922,0.0306,0.2772
SPADES FIVE CLUBS KING,0.5604,0.2106,0.229
SPADES FIVE CLUBS QUEEN,0.646,0.0056,0.3484
CLUBS EIGHT CLUBS ACE,0.2616,0.0242,0.7142
DIAMONDS TWO DIAMONDS THREE,0.6268,0.0094,0.3638
DIAMONDS TWO DIAMONDS FIVE,0.6142,0.0096,0.3762
DIAMONDS TWO DIAMONDS FOUR,0.6322,0.0092,0.3586
SPADES QUEEN HEARTS FIVE,0.6316,0.0076,0.3608
DIAMONDS TWO DIAMONDS SEVEN,0.6448,0.0078,0.3474
DIAMONDS TWO DIAMONDS SIX,0.638,0.0074,0.3546
SPADES ACE HEARTS FIVE,0.4176,0.0046,0.5778
DIAMONDS TWO DIAMONDS NINE,0.6178,0.0076,0.3746
DIAMONDS TWO DIAMONDS EIGHT,0.702,0.0314,0.2666
DIAMONDS THREE DIAMONDS FOUR,0.6078,0.0092,0.383
CLUBS TWO SPADES FOUR,0.661,0.0104,0.3286
DIAMONDS THREE DIAMONDS FIVE,0.6156,0.0082,0.3762
CLUBS TWO SPADES FIVE,0.6646,0.0104,0.325
CLUBS TWO SPADES TWO,0.4912,0.014,0.4948
CLUBS TWO SPADES THREE,0.6558,0.0096,0.3346
DIAMONDS THREE DIAMONDS EIGHT,0.7022,0.0342,0.2636
DIAMONDS THREE DIAMONDS NINE,0.6236,0.005,0.3714
SPADES NINE CLUBS TWO,0.6566,0.0098,0.3336
DIAMONDS THREE DIAMONDS SIX,0.6226,0.0086,0.3688
SPADES SIX CLUBS TWO,0.6736,0.0076,0.3188
DIAMONDS THREE DIAMONDS SEVEN,0.6342,0.0088,0.357
SPADES SEVEN CLUBS TWO,0.6906,0.0076,0.3018
CLUBS SIX CLUBS TWO,0.6442,0.009,0.3468
CLUBS SEVEN CLUBS TWO,0.6432,0.0068,0.35
CLUBS FOUR CLUBS TWO,0.629,0.011,0.36
CLUBS FIVE CLUBS TWO,0.619,0.0064,0.3746
CLUBS JACK CLUBS TEN,0.5468,0.0104,0.4428
DIAMONDS FOUR DIAMONDS SIX,0.6166,0.0074,0.376
CLUBS QUEEN CLUBS TEN,0.5544,0.0066,0.439
DIAMONDS FOUR DIAMONDS SEVEN,0.6264,0.0088,0.3648
CLUBS KING CLUBS TEN,0.2668,0.101,0.6322
CLUBS ACE CLUBS TEN,0.375,0.0036,0.6214
CLUBS EIGHT CLUBS TWO,0.6922,0.0388,0.269
DIAMONDS FIVE DIAMONDS FOUR,0.587,0.01,0.403
CLUBS NINE CLUBS TWO,0.6148,0.0072,0.378
DIAMONDS NINE DIAMONDS FOUR,0.6238,0.0086,0.3676
DIAMONDS EIGHT DIAMONDS FOUR,0.6926,0.033,0.2744
CLUBS TWO CLUBS THREE,0.6322,0.0102,0.3576
DIAMONDS NINE DIAMONDS FIVE,0.5966,0.0072,0.3962
DIAMONDS TWO CLUBS JACK,0.662,0.0074,0.3306
DIAMONDS EIGHT DIAMONDS FIVE,0.688,0.0344,0.2776
DIAMONDS TWO CLUBS TEN,0.6562,0.0066,0.3372
DIAMONDS FIVE DIAMONDS SEVEN,0.6116,0.009,0.3794
DIAMONDS FIVE DIAMONDS SIX,0.5956,0.0086,0.3958
DIAMONDS TWO CLUBS ACE,0.435,0.0052,0.5598
DIAMONDS TWO CLUBS KING,0.5742,0.203,0.2228
DIAMONDS TWO CLUBS QUEEN,0.656,0.0052,0.3388
DIAMONDS EIGHT DIAMONDS SIX,0.658,0.0334,0.3086
DIAMONDS NINE DIAMONDS SIX,0.606,0.0078,0.3862
SPADES THREE HEARTS ACE,0.4292,0.0056,0.5652
HEARTS KING SPADES THREE,0.5598,0.2204,0.2198
DIAMONDS SEVEN DIAMONDS SIX,0.5948,0.0084,0.3968
SPADES THREE HEARTS QUEEN,0.6466,0.0074,0.346
SPADES THREE HEARTS JACK,0.646,0.007,0.347
SPADES THREE HEARTS TEN,0.6402,0.0072,0.3526
DIAMONDS EIGHT DIAMONDS SEVEN,0.6656,0.0348,0.2996
DIAMONDS NINE DIAMONDS SEVEN,0.5862,0.0086,0.4052
DIAMONDS NINE DIAMONDS EIGHT,0.659,0.0296,0.3114
DIAMONDS KING HEARTS TEN,0.2764,0.1102,0.6134
HEARTS THREE HEARTS TEN,0.621,0.0086,0.3704
SPADES JACK CLUBS SIX,0.6414,0.01,0.3486
DIAMONDS KING HEARTS JACK,0.2804,0.0814,0.6382
HEARTS THREE HEARTS JACK,0.6168,0.0066,0.3766
CLUBS SIX SPADES TEN,0.6456,0.0084,0.346
SPADES JACK SPADES FIVE,0.634,0.0074,0.3586
SPADES TEN SPADES FIVE,0.6352,0.0094,0.3554
DIAMONDS KING HEARTS ACE,0.2748,0.0126,0.7126
HEARTS THREE HEARTS ACE,0.408,0.006,0.586
SPADES ACE CLUBS SIX,0.4116,0.0064,0.582
DIAMONDS KING HEARTS QUEEN,0.2786,0.0628,0.6586
HEARTS THREE HEARTS QUEEN,0.6068,0.006,0.3872
DIAMONDS KING HEARTS KING,0.1214,0.0132,0.8654
HEARTS THREE HEARTS KING,0.5346,0.2062,0.2592
SPADES QUEEN CLUBS SIX,0.6468,0.0066,0.3466
SPADES NINE HEARTS TEN,0.5892,0.008,0.4028
SPADES NINE HEARTS JACK,0.5828,0.0082,0.409
SPADES QUEEN SPADES FIVE,0.6438,0.0064,0.3498
SPADES ACE SPADES FIVE,0.364,0.0086,0.6274
SPADES NINE HEARTS QUEEN,0.5848,0.0092,0.406
SPADES NINE HEARTS KING,0.2696,0.1588,0.5716
SPADES NINE HEARTS ACE,0.385,0.0038,0.6112
SPADES JACK CLUBS TEN,0.5662,0.007,0.4268
SPADES TEN CLUBS TEN,0.3346,0.0078,0.6576
SPADES ACE CLUBS TEN,0.3704,0.0046,0.625
SPADES QUEEN CLUBS TEN,0.5758,0.0084,0.4158
SPADES FIVE HEARTS QUEEN,0.6502,0.008,0.3418
SPADES FIVE HEARTS KING,0.5528,0.2238,0.2234
SPADES FIVE HEARTS ACE,0.41,0.0054,0.5846
HEARTS THREE SPADES JACK,0.6476,0.0078,0.3446
SPADES JACK DIAMONDS KING,0.284,0.079,0.637
CLUBS EIGHT SPADES TEN,0.6976,0.028,0.2744
CLUBS EIGHT SPADES JACK,0.7274,0.0254,0.2472
HEARTS THREE SPADES TEN,0.6552,0.0064,0.3384
SPADES TEN DIAMONDS KING,0.2618,0.1102,0.628
SPADES ACE CLUBS EIGHT,0.267,0.0248,0.7082
HEARTS FIVE CLUBS JACK,0.6438,0.0064,0.3498
CLUBS SIX HEARTS ACE,0.4418,0.0038,0.5544
HEARTS FIVE CLUBS TEN,0.648,0.007,0.345
CLUBS EIGHT SPADES QUEEN,0.732,0.0356,0.2324
SPADES THREE CLUBS TEN,0.6488,0.007,0.3442
CLUBS SIX HEARTS QUEEN,0.6558,0.0052,0.339
SPADES THREE CLUBS JACK,0.6458,0.0102,0.344
CLUBS SIX HEARTS KING,0.5638,0.2248,0.2114
DIAMONDS TWO HEARTS JACK,0.655,0.0068,0.3382
SPADES THREE CLUBS QUEEN,0.657,0.0064,0.3366
DIAMONDS TWO HEARTS TEN,0.6534,0.0096,0.337
SPADES THREE CLUBS KING,0.5536,0.231,0.2154
HEARTS FIVE CLUBS ACE,0.4254,0.0034,0.5712
SPADES FIVE HEARTS TEN,0.6444,0.0092,0.3464
SPADES THREE CLUBS ACE,0.435,0.0046,0.5604
HEARTS FIVE CLUBS KING,0.5626,0.2216,0.2158
SPADES FIVE HEARTS JACK,0.6432,0.0066,0.3502
HEARTS FIVE CLUBS QUEEN,0.6536,0.0062,0.3402
HEARTS THREE CLUBS KING,0.5674,0.217,0.2156
DIAMONDS KING CLUBS KING,0.1182,0.0146,0.8672
HEARTS THREE CLUBS QUEEN,0.6538,0.0074,0.3388
DIAMONDS KING CLUBS QUEEN,0.289,0.0544,0.6566
HEARTS FIVE HEARTS JACK,0.6046,0.0082,0.3872
HEARTS FIVE HEARTS TEN,0.62,0.0076,0.3724
HEARTS THREE CLUBS ACE,0.4412,0.0036,0.5552
DIAMONDS KING CLUBS ACE,0.2784,0.009,0.7126
SPADES ACE CLUBS QUEEN,0.3734,0.0072,0.6194
HEARTS THREE CLUBS JACK,0.6546,0.006,0.3394
DIAMONDS KING CLUBS JACK,0.2752,0.079,0.6458
SPADES QUEEN CLUBS QUEEN,0.3122,0.0036,0.6842
HEARTS THREE CLUBS TEN,0.6574,0.0086,0.334
DIAMONDS KING CLUBS TEN,0.2748,0.1034,0.6218
SPADES JACK CLUBS QUEEN,0.5886,0.0074,0.404
CLUBS SIX CLUBS QUEEN,0.6052,0.0068,0.388
SPADES TEN CLUBS QUEEN,0.5724,0.0086,0.419
CLUBS SIX CLUBS KING,0.5214,0.2072,0.2714
CLUBS SIX CLUBS ACE,0.4026,0.003,0.5944
HEARTS FIVE HEARTS KING,0.5176,0.2044,0.278
HEARTS FIVE HEARTS QUEEN,0.61,0.0076,0.3824
CLUBS SIX CLUBS TEN,0.6008,0.004,0.3952
HEARTS FIVE HEARTS ACE,0.3954,0.0062,0.5984
CLUBS SIX CLUBS JACK,0.618,0.0066,0.3754
SPADES SEVEN HEARTS JACK,0.6402,0.0094,0.3504
SPADES SEVEN HEARTS TEN,0.6344,0.0074,0.3582
DIAMONDS TWO CLUBS TWO,0.4774,0.0154,0.5072
DIAMONDS TWO CLUBS THREE,0.669,0.0064,0.3246
HEARTS SIX DIAMONDS TWO,0.6888,0.0076,0.3036
DIAMONDS TWO HEARTS QUEEN,0.6596,0.0084,0.332
DIAMONDS TWO HEARTS SEVEN,0.6822,0.01,0.3078
DIAMONDS TWO HEARTS KING,0.5694,0.2214,0.2092
DIAMONDS TWO HEARTS EIGHT,0.7516,0.0348,0.2136
DIAMONDS TWO HEARTS ACE,0.4294,0.0048,0.5658
DIAMONDS TWO HEARTS NINE,0.6496,0.0092,0.3412
DIAMONDS TWO DIAMONDS QUEEN,0.6142,0.0086,0.3772
DIAMONDS TWO HEARTS TWO,0.4784,0.0132,0.5084
DIAMONDS TWO DIAMONDS KING,0.5284,0.208,0.2636
HEARTS THREE DIAMONDS TWO,0.6522,0.007,0.3408
DIAMONDS TWO DIAMONDS ACE,0.4082,0.0068,0.585
HEARTS FOUR DIAMONDS TWO,0.6652,0.0086,0.3262
DIAMONDS TWO HEARTS FIVE,0.6594,0.0068,0.3338
SPADES SEVEN HEARTS ACE,0.428,0.0046,0.5674
DIAMONDS TWO DIAMONDS TEN,0.611,0.0066,0.3824
SPADES SEVEN HEARTS KING,0.5532,0.2218,0.225
DIAMONDS TWO DIAMONDS JACK,0.608,0.0074,0.3846
SPADES SEVEN HEARTS QUEEN,0.6588,0.0076,0.3336
DIAMONDS TWO SPADES NINE,0.641,0.0082,0.3508
DIAMONDS TWO SPADES SEVEN,0.6866,0.006,0.3074
DIAMONDS TWO SPADES SIX,0.6594,0.0072,0.3334
DIAMONDS TWO SPADES FIVE,0.656,0.0094,0.3346
DIAMONDS TWO SPADES FOUR,0.6574,0.0078,0.3348
DIAMONDS TWO SPADES THREE,0.6714,0.0088,0.3198
DIAMONDS TWO SPADES TWO,0.4834,0.0134,0.5032
CLUBS NINE DIAMONDS TWO,0.6654,0.0066,0.328
CLUBS EIGHT DIAMONDS TWO,0.744,0.041,0.215
DIAMONDS TWO CLUBS SEVEN,0.6934,0.0064,0.3002
CLUBS SIX DIAMONDS TWO,0.681,0.0064,0.3126
DIAMONDS TWO CLUBS FIVE,0.6654,0.0098,0.3248
DIAMONDS TWO CLUBS FOUR,0.6696,0.0092,0.3212
CLUBS FOUR SPADES FIVE,0.6222,0.0078,0.37
CLUBS FOUR SPADES FOUR,0.4678,0.015,0.5172
CLUBS FOUR SPADES THREE,0.6516,0.0092,0.3392
CLUBS FOUR SPADES TWO,0.6654,0.0094,0.3252
SPADES NINE CLUBS FOUR,0.6462,0.0088,0.345
CLUBS FOUR SPADES SEVEN,0.6698,0.0072,0.323
CLUBS FOUR SPADES SIX,0.6498,0.0088,0.3414
SPADES ACE DIAMONDS SIX,0.4278,0.0044,0.5678
SPADES QUEEN DIAMONDS SIX,0.644,0.0058,0.3502
SPADES TEN DIAMONDS SIX,0.6392,0.0094,0.3514
SPADES JACK DIAMONDS SIX,0.6514,0.0082,0.3404
SPADES QUEEN SPADES TWO,0.646,0.0118,0.3422
SPADES ACE SPADES TWO,0.3778,0.0048,0.6174
DIAMONDS JACK CLUBS JACK,0.321,0.0064,0.6726
DIAMONDS JACK CLUBS TEN,0.5778,0.0066,0.4156
DIAMONDS JACK CLUBS KING,0.278,0.0806,0.6414
DIAMONDS JACK CLUBS QUEEN,0.5876,0.0058,0.4066
DIAMONDS THREE DIAMONDS JACK,0.6072,0.0094,0.3834
DIAMONDS THREE DIAMONDS TEN,0.62,0.009,0.371
DIAMONDS JACK CLUBS ACE,0.3956,0.0054,0.599
DIAMONDS THREE DIAMONDS KING,0.531,0.216,0.253
HEARTS THREE DIAMONDS THREE,0.4912,0.0128,0.496
DIAMONDS THREE DIAMONDS QUEEN,0.6162,0.0066,0.3772
DIAMONDS THREE HEARTS TWO,0.6666,0.0082,0.3252
HEARTS FIVE DIAMONDS THREE,0.6606,0.0084,0.331
DIAMONDS THREE DIAMONDS ACE,0.4094,0.003,0.5876
HEARTS FOUR DIAMONDS THREE,0.654,0.0094,0.3366
DIAMONDS THREE HEARTS SEVEN,0.6898,0.0084,0.3018
SPADES TEN SPADES NINE,0.578,0.0078,0.4142
HEARTS SIX DIAMONDS THREE,0.6538,0.007,0.3392
SPADES JACK SPADES NINE,0.5762,0.0098,0.414
DIAMONDS THREE HEARTS NINE,0.6592,0.0066,0.3342
HEARTS JACK DIAMONDS FOUR,0.6484,0.0074,0.3442
HEARTS KING HEARTS ACE,0.2624,0.0116,0.726
SPADES TEN SPADES TWO,0.6496,0.0086,0.3418
DIAMONDS THREE HEARTS EIGHT,0.7484,0.0334,0.2182
HEARTS TEN DIAMONDS FOUR,0.652,0.0052,0.3428
SPADES JACK SPADES TWO,0.6514,0.009,0.3396
HEARTS QUEEN DIAMONDS FOUR,0.649,0.0062,0.3448
HEARTS KING DIAMONDS FOUR,0.5742,0.2128,0.213
SPADES ACE SPADES NINE,0.3596,0.006,0.6344
HEARTS ACE DIAMONDS FOUR,0.4398,0.004,0.5562
SPADES QUEEN SPADES NINE,0.6,0.0058,0.3942
DIAMONDS THREE SPADES NINE,0.6454,0.007,0.3476
DIAMONDS THREE SPADES SEVEN,0.6896,0.0088,0.3016
DIAMONDS THREE SPADES SIX,0.6618,0.0088,0.3294
CLUBS SIX DIAMONDS THREE,0.6708,0.0092,0.32
CLUBS ACE DIAMONDS FOUR,0.432,0.0038,0.5642
CLUBS SIX CLUBS FIVE,0.6092,0.0058,0.385
CLUBS SEVEN CLUBS FIVE,0.6132,0.0086,0.3782
CLUBS SEVEN DIAMONDS THREE,0.6858,0.0062,0.308
DIAMONDS THREE CLUBS FOUR,0.647,0.0088,0.3442
CLUBS QUEEN DIAMONDS FOUR,0.6574,0.0074,0.3352
DIAMONDS THREE CLUBS FIVE,0.6462,0.0084,0.3454
CLUBS KING DIAMONDS FOUR,0.5732,0.209,0.2178
DIAMONDS THREE CLUBS TWO,0.6682,0.0098,0.322
DIAMONDS FOUR CLUBS TEN,0.6456,0.0076,0.3468
DIAMONDS THREE CLUBS THREE,0.4736,0.0144,0.512
DIAMONDS FOUR CLUBS JACK,0.6518,0.0074,0.3408
DIAMONDS THREE SPADES FOUR,0.651,0.0072,0.3418
DIAMONDS THREE SPADES FIVE,0.6524,0.01,0.3376
DIAMONDS THREE SPADES TWO,0.6586,0.008,0.3334
DIAMONDS THREE SPADES THREE,0.4854,0.0138,0.5008
CLUBS EIGHT DIAMONDS THREE,0.7498,0.036,0.2142
CLUBS NINE DIAMONDS THREE,0.649,0.0064,0.3446
SPADES SEVEN CLUBS ACE,0.4146,0.0042,0.5812
SPADES SEVEN CLUBS QUEEN,0.6538,0.0066,0.3396
SPADES SEVEN CLUBS KING,0.56,0.2256,0.2144
SPADES SEVEN CLUBS FIVE,0.6382,0.0084,0.3534
SPADES SEVEN CLUBS TEN,0.6304,0.0086,0.361
CLUBS FIVE SPADES SIX,0.6366,0.0086,0.3548
SPADES SEVEN CLUBS JACK,0.6374,0.0064,0.3562
SPADES NINE CLUBS FIVE,0.6368,0.01,0.3532
CLUBS FIVE SPADES THREE,0.657,0.007,0.336
CLUBS FIVE SPADES TWO,0.658,0.0082,0.3338
CLUBS FIVE SPADES FIVE,0.4788,0.0134,0.5078
CLUBS FIVE SPADES FOUR,0.6462,0.007,0.3468
CLUBS NINE CLUBS FIVE,0.606,0.0076,0.3864
CLUBS EIGHT CLUBS FIVE,0.6904,0.0248,0.2848
CLUBS ACE CLUBS QUEEN,0.3646,0.0084,0.627
CLUBS KING CLUBS QUEEN,0.2668,0.0608,0.6724
DIAMONDS TEN DIAMONDS FOUR,0.6206,0.0074,0.372
DIAMONDS NINE CLUBS TEN,0.5854,0.0062,0.4084
DIAMONDS JACK DIAMONDS FOUR,0.606,0.0084,0.3856
DIAMONDS NINE CLUBS JACK,0.5954,0.0058,0.3988
SPADES NINE CLUBS JACK,0.5896,0.0084,0.402
SPADES NINE CLUBS TEN,0.574,0.0052,0.4208
DIAMONDS ACE DIAMONDS FOUR,0.402,0.0036,0.5944
HEARTS FOUR DIAMONDS FOUR,0.4788,0.0146,0.5066
DIAMONDS JACK HEARTS TEN,0.5858,0.0062,0.408
SPADES NINE CLUBS KING,0.2624,0.1512,0.5864
DIAMONDS TWO SPADES TEN,0.647,0.0082,0.3448
DIAMONDS NINE CLUBS ACE,0.4072,0.0038,0.589
HEARTS FIVE DIAMONDS FOUR,0.6336,0.0064,0.36
HEARTS JACK DIAMONDS JACK,0.3198,0.0054,0.6748
SPADES NINE CLUBS QUEEN,0.599,0.0076,0.3934
SPADES JACK DIAMONDS TWO,0.655,0.0072,0.3378
DIAMONDS QUEEN DIAMONDS FOUR,0.594,0.0078,0.3982
HEARTS TWO DIAMONDS FOUR,0.6614,0.008,0.3306
DIAMONDS NINE CLUBS QUEEN,0.6038,0.007,0.3892
DIAMONDS KING DIAMONDS FOUR,0.5288,0.1986,0.2726
HEARTS THREE DIAMONDS FOUR,0.6586,0.0058,0.3356
SPADES NINE CLUBS ACE,0.3904,0.005,0.6046
DIAMONDS NINE CLUBS KING,0.2728,0.1706,0.5566
HEARTS ACE DIAMONDS JACK,0.3946,0.0022,0.6032
SPADES ACE DIAMONDS TWO,0.4346,0.0078,0.5576
DIAMONDS JACK HEARTS QUEEN,0.586,0.0076,0.4064
SPADES QUEEN DIAMONDS TWO,0.633,0.0094,0.3576
HEARTS KING DIAMONDS JACK,0.29,0.0788,0.6312
SPADES JACK SPADES SEVEN,0.632,0.009,0.359
SPADES TEN SPADES SEVEN,0.6296,0.0084,0.362
CLUBS SEVEN CLUBS THREE,0.6402,0.0092,0.3506
CLUBS SIX CLUBS THREE,0.626,0.0088,0.3652
CLUBS FIVE CLUBS THREE,0.61,0.0072,0.3828
CLUBS FOUR CLUBS THREE,0.6204,0.0096,0.37
CLUBS NINE CLUBS THREE,0.633,0.0076,0.3594
CLUBS EIGHT CLUBS THREE,0.7228,0.0312,0.246
SPADES FIVE CLUBS THREE,0.6476,0.0098,0.3426
CLUBS THREE SPADES FOUR,0.6436,0.0082,0.3482
CLUBS THREE SPADES THREE,0.4748,0.0124,0.5128
CLUBS THREE SPADES TWO,0.6762,0.0068,0.317
SPADES SIX CLUBS THREE,0.6634,0.01,0.3266
SPADES SEVEN CLUBS THREE,0.678,0.0084,0.3136
SPADES NINE CLUBS THREE,0.661,0.0084,0.3306
SPADES TWO DIAMONDS FOUR,0.6576,0.0098,0.3326
SPADES THREE DIAMONDS FOUR,0.6396,0.0084,0.352
SPADES FOUR DIAMONDS FOUR,0.4718,0.014,0.5142
SPADES FIVE DIAMONDS FOUR,0.6346,0.0112,0.3542
SPADES SIX DIAMONDS FOUR,0.647,0.0066,0.3464
SPADES SEVEN DIAMONDS FOUR,0.6636,0.0082,0.3282
SPADES NINE DIAMONDS FOUR,0.6596,0.0048,0.3356
CLUBS FIVE DIAMONDS FOUR,0.6414,0.007,0.3516
CLUBS FOUR DIAMONDS FOUR,0.484,0.0124,0.5036
CLUBS SEVEN DIAMONDS FOUR,0.6692,0.0068,0.324
CLUBS SIX DIAMONDS FOUR,0.6508,0.005,0.3442
CLUBS NINE DIAMONDS FOUR,0.652,0.0068,0.3412
CLUBS EIGHT DIAMONDS FOUR,0.7354,0.0336,0.231
DIAMONDS FOUR HEARTS SEVEN,0.6666,0.0072,0.3262
HEARTS SIX DIAMONDS FOUR,0.6436,0.0056,0.3508
HEARTS NINE DIAMONDS FOUR,0.6512,0.0058,0.343
DIAMONDS FOUR HEARTS EIGHT,0.7306,0.0406,0.2288
CLUBS THREE DIAMONDS FOUR,0.661,0.006,0.333
CLUBS TWO DIAMONDS FOUR,0.6642,0.009,0.3268
DIAMONDS TEN DIAMONDS FIVE,0.6066,0.0058,0.3876
DIAMONDS JACK DIAMONDS FIVE,0.6042,0.0082,0.3876
DIAMONDS NINE HEARTS QUEEN,0.6132,0.0058,0.381
HEARTS KING DIAMONDS NINE,0.265,0.1558,0.5792
DIAMONDS NINE HEARTS ACE,0.4018,0.0036,0.5946
DIAMONDS NINE HEARTS TEN,0.604,0.0088,0.3872
DIAMONDS NINE HEARTS JACK,0.5918,0.0074,0.4008
CLUBS KING DIAMONDS SIX,0.569,0.2114,0.2196
CLUBS QUEEN DIAMONDS SIX,0.6458,0.006,0.3482
CLUBS ACE DIAMONDS SIX,0.4328,0.0042,0.563
SPADES ACE SPADES SEVEN,0.38,0.005,0.615
SPADES QUEEN DIAMONDS FOUR,0.649,0.008,0.343
SPADES QUEEN SPADES SEVEN,0.6508,0.0094,0.3398
CLUBS JACK DIAMONDS SIX,0.6568,0.007,0.3362
SPADES ACE DIAMONDS FOUR,0.4122,0.0058,0.582
CLUBS TEN DIAMONDS SIX,0.6456,0.0066,0.3478
CLUBS NINE CLUBS FOUR,0.615,0.005,0.38
CLUBS EIGHT CLUBS FOUR,0.6992,0.0372,0.2636
SPADES JACK DIAMONDS FOUR,0.6392,0.0082,0.3526
SPADES TEN DIAMONDS FOUR,0.6596,0.0062,0.3342
CLUBS FOUR CLUBS FIVE,0.597,0.0086,0.3944
CLUBS SEVEN CLUBS FOUR,0.6248,0.0088,0.3664
CLUBS SIX CLUBS FOUR,0.612,0.0078,0.3802
CLUBS SEVEN SPADES NINE,0.6306,0.0064,0.363
CLUBS SEVEN SPADES SIX,0.6252,0.0074,0.3674
CLUBS SEVEN SPADES SEVEN,0.4638,0.0108,0.5254
CLUBS SEVEN SPADES FIVE,0.6432,0.006,0.3508
CLUBS SEVEN SPADES FOUR,0.6606,0.0092,0.3302
CLUBS SEVEN SPADES THREE,0.6758,0.0088,0.3154
CLUBS SEVEN SPADES TWO,0.696,0.0094,0.2946
CLUBS NINE CLUBS SEVEN,0.6024,0.0084,0.3892
CLUBS EIGHT CLUBS SEVEN,0.6572,0.0304,0.3124
HEARTS SIX DIAMONDS FIVE,0.6364,0.0064,0.3572
DIAMONDS FIVE HEARTS SEVEN,0.6524,0.0074,0.3402
DIAMONDS FIVE HEARTS EIGHT,0.7176,0.0336,0.2488
HEARTS NINE DIAMONDS FIVE,0.6312,0.0088,0.36
DIAMONDS QUEEN DIAMONDS FIVE,0.6074,0.0108,0.3818
HEARTS TWO DIAMONDS FIVE,0.6734,0.0078,0.3188
HEARTS KING HEARTS EIGHT,0.0696,0.8586,0.0718
DIAMONDS KING DIAMONDS FIVE,0.5294,0.2014,0.2692
HEARTS THREE DIAMONDS FIVE,0.647,0.0082,0.3448
HEARTS QUEEN HEARTS EIGHT,0.6786,0.0324,0.289
DIAMONDS ACE DIAMONDS FIVE,0.403,0.0048,0.5922
HEARTS FOUR DIAMONDS FIVE,0.6332,0.009,0.3578
HEARTS FIVE DIAMONDS FIVE,0.4784,0.0116,0.51
HEARTS ACE HEARTS EIGHT,0.2764,0.0204,0.7032
CLUBS FOUR DIAMONDS FIVE,0.6412,0.0072,0.3516
CLUBS FIVE DIAMONDS FIVE,0.4726,0.0098,0.5176
CLUBS SIX DIAMONDS FIVE,0.6354,0.006,0.3586
CLUBS SEVEN DIAMONDS FIVE,0.6512,0.0072,0.3416
CLUBS TWO DIAMONDS FIVE,0.6542,0.0076,0.3382
CLUBS THREE DIAMONDS FIVE,0.6478,0.0066,0.3456
SPADES THREE DIAMONDS FIVE,0.6346,0.0076,0.3578
SPADES TWO DIAMONDS FIVE,0.668,0.0078,0.3242
SPADES FIVE DIAMONDS FIVE,0.4726,0.015,0.5124
SPADES JACK DIAMONDS EIGHT,0.7098,0.0284,0.2618
HEARTS JACK CLUBS TEN,0.5862,0.0058,0.408
SPADES TEN DIAMONDS EIGHT,0.7008,0.032,0.2672
SPADES FOUR DIAMONDS FIVE,0.6264,0.0106,0.363
HEARTS JACK CLUBS JACK,0.3234,0.0054,0.6712
HEARTS JACK CLUBS QUEEN,0.5968,0.0066,0.3966
CLUBS NINE DIAMONDS FIVE,0.6356,0.0082,0.3562
HEARTS JACK CLUBS KING,0.2898,0.0804,0.6298
CLUBS EIGHT DIAMONDS FIVE,0.714,0.0352,0.2508
HEARTS JACK CLUBS ACE,0.3916,0.0036,0.6048
SPADES SEVEN DIAMONDS FIVE,0.651,0.0084,0.3406
SPADES SIX DIAMONDS FIVE,0.623,0.0072,0.3698
SPADES QUEEN DIAMONDS EIGHT,0.734,0.0258,0.2402
SPADES NINE DIAMONDS FIVE,0.6352,0.0082,0.3566
SPADES ACE DIAMONDS EIGHT,0.2622,0.027,0.7108
DIAMONDS TEN DIAMONDS SIX,0.6166,0.0058,0.3776
HEARTS ACE DIAMONDS SEVEN,0.4378,0.0024,0.5598
DIAMONDS JACK DIAMONDS SIX,0.616,0.0066,0.3774
HEARTS QUEEN DIAMONDS SEVEN,0.6614,0.0064,0.3322
HEARTS KING DIAMONDS SEVEN,0.5604,0.2212,0.2184
DIAMONDS ACE DIAMONDS SIX,0.411,0.005,0.584
HEARTS FOUR DIAMONDS SIX,0.6578,0.0076,0.3346
SPADES TWO HEARTS JACK,0.6432,0.0064,0.3504
HEARTS FIVE DIAMONDS SIX,0.6416,0.0058,0.3526
SPADES TWO HEARTS TEN,0.6584,0.0076,0.334
DIAMONDS QUEEN DIAMONDS SIX,0.6122,0.0064,0.3814
HEARTS TWO DIAMONDS SIX,0.6822,0.0078,0.31
DIAMONDS KING DIAMONDS SIX,0.527,0.1992,0.2738
HEARTS THREE DIAMONDS SIX,0.6592,0.0084,0.3324
HEARTS EIGHT DIAMONDS SIX,0.715,0.0326,0.2524
HEARTS NINE DIAMONDS SIX,0.6338,0.0078,0.3584
HEARTS SIX DIAMONDS SIX,0.4614,0.01,0.5286
HEARTS SEVEN DIAMONDS SIX,0.6316,0.0068,0.3616
HEARTS TEN DIAMONDS SEVEN,0.6262,0.009,0.3648
CLUBS TWO DIAMONDS SIX,0.6738,0.0102,0.316
HEARTS JACK DIAMONDS SEVEN,0.6508,0.0066,0.3426
CLUBS THREE DIAMONDS SIX,0.6566,0.008,0.3354
DIAMONDS EIGHT CLUBS JACK,0.7198,0.0302,0.25
CLUBS SEVEN DIAMONDS SIX,0.645,0.0064,0.3486
CLUBS SIX DIAMONDS SIX,0.472,0.0086,0.5194
DIAMONDS EIGHT CLUBS TEN,0.6956,0.0284,0.276
CLUBS FIVE DIAMONDS SIX,0.6526,0.0078,0.3396
CLUBS FOUR DIAMONDS SIX,0.6474,0.0084,0.3442
HEARTS ACE HEARTS JACK,0.3556,0.0052,0.6392
DIAMONDS EIGHT CLUBS ACE,0.2754,0.0274,0.6972
HEARTS JACK HEARTS QUEEN,0.5544,0.009,0.4366
DIAMONDS EIGHT CLUBS KING,0.0768,0.9034,0.0198
CLUBS NINE DIAMONDS SIX,0.6442,0.0058,0.35
HEARTS KING HEARTS JACK,0.2808,0.0754,0.6438
DIAMONDS EIGHT CLUBS QUEEN,0.7264,0.0342,0.2394
CLUBS EIGHT DIAMONDS SIX,0.7188,0.0292,0.252
SPADES FIVE DIAMONDS SIX,0.635,0.0088,0.3562
SPADES TEN HEARTS KING,0.2656,0.1138,0.6206
HEARTS ACE SPADES TWO,0.4322,0.0054,0.5624
SPADES JACK HEARTS KING,0.2716,0.0874,0.641
SPADES FOUR DIAMONDS SIX,0.6546,0.0084,0.337
SPADES THREE DIAMONDS SIX,0.6688,0.0068,0.3244
SPADES TWO HEARTS QUEEN,0.6468,0.0094,0.3438
HEARTS KING SPADES TWO,0.5652,0.2062,0.2286
SPADES TWO DIAMONDS SIX,0.6836,0.0076,0.3088
HEARTS TEN HEARTS EIGHT,0.6602,0.0266,0.3132
SPADES NINE DIAMONDS SIX,0.6498,0.0058,0.3444
HEARTS JACK HEARTS EIGHT,0.6848,0.0294,0.2858
SPADES SEVEN DIAMONDS SIX,0.6224,0.0074,0.3702
SPADES SIX DIAMONDS SIX,0.4608,0.0128,0.5264
SPADES QUEEN HEARTS KING,0.2726,0.0566,0.6708
CLUBS ACE CLUBS KING,0.2778,0.0106,0.7116
SPADES ACE HEARTS KING,0.2532,0.0116,0.7352
SPADES ACE HEARTS JACK,0.3704,0.0036,0.626
SPADES QUEEN HEARTS JACK,0.578,0.0082,0.4138
SPADES TEN DIAMONDS TEN,0.3202,0.0074,0.6724
SPADES JACK DIAMONDS TEN,0.5614,0.007,0.4316
SPADES ACE DIAMONDS TEN,0.359,0.005,0.636
SPADES JACK HEARTS JACK,0.3102,0.0064,0.6834
SPADES TEN HEARTS JACK,0.5776,0.0052,0.4172
SPADES QUEEN DIAMONDS TEN,0.574,0.0062,0.4198
SPADES NINE DIAMONDS SEVEN,0.6156,0.0074,0.377
SPADES SEVEN DIAMONDS SEVEN,0.4644,0.0128,0.5228
SPADES SIX DIAMONDS SEVEN,0.626,0.0092,0.3648
DIAMONDS KING DIAMONDS SEVEN,0.5226,0.2102,0.2672
HEARTS THREE DIAMONDS SEVEN,0.6696,0.0068,0.3236
HEARTS KING DIAMONDS FIVE,0.5624,0.2192,0.2184
DIAMONDS QUEEN DIAMONDS SEVEN,0.6176,0.0078,0.3746
HEARTS TWO DIAMONDS SEVEN,0.6948,0.007,0.2982
HEARTS QUEEN DIAMONDS FIVE,0.6534,0.0068,0.3398
HEARTS FIVE DIAMONDS SEVEN,0.6498,0.006,0.3442
DIAMONDS ACE DIAMONDS SEVEN,0.4018,0.0032,0.595
HEARTS FOUR DIAMONDS SEVEN,0.6732,0.0046,0.3222
HEARTS ACE DIAMONDS FIVE,0.426,0.0034,0.5706
HEARTS SEVEN DIAMONDS SEVEN,0.4554,0.009,0.5356
HEARTS SIX DIAMONDS SEVEN,0.6472,0.007,0.3458
HEARTS NINE DIAMONDS SEVEN,0.6132,0.0084,0.3784
DIAMONDS SEVEN HEARTS EIGHT,0.6994,0.0316,0.269
DIAMONDS JACK DIAMONDS SEVEN,0.6118,0.0056,0.3826
HEARTS JACK DIAMONDS FIVE,0.6508,0.0078,0.3414
DIAMONDS TEN DIAMONDS SEVEN,0.604,0.0074,0.3886
DIAMONDS FIVE HEARTS TEN,0.6504,0.0066,0.343
HEARTS KING CLUBS KING,0.121,0.0124,0.8666
CLUBS EIGHT DIAMONDS SEVEN,0.6964,0.0334,0.2702
SPADES QUEEN CLUBS TWO,0.6464,0.0086,0.345
HEARTS KING CLUBS QUEEN,0.2746,0.0612,0.6642
CLUBS NINE DIAMONDS SEVEN,0.6236,0.0052,0.3712
SPADES TWO CLUBS JACK,0.648,0.006,0.346
SPADES ACE CLUBS TWO,0.4306,0.006,0.5634
SPADES TWO CLUBS TEN,0.656,0.0062,0.3378
HEARTS KING CLUBS ACE,0.2788,0.0112,0.71
CLUBS SIX CLUBS SEVEN,0.5944,0.0072,0.3984
SPADES TWO CLUBS KING,0.5668,0.2226,0.2106
SPADES TWO DIAMONDS SEVEN,0.6894,0.0058,0.3048
CLUBS EIGHT CLUBS SIX,0.663,0.0328,0.3042
SPADES THREE DIAMONDS SEVEN,0.6692,0.0082,0.3226
SPADES TWO CLUBS QUEEN,0.6518,0.006,0.3422
CLUBS NINE CLUBS SIX,0.5864,0.0096,0.404
SPADES FOUR DIAMONDS SEVEN,0.66,0.0086,0.3314
HEARTS KING CLUBS JACK,0.2804,0.0808,0.6388
SPADES FIVE DIAMONDS SEVEN,0.6564,0.009,0.3346
SPADES TWO CLUBS ACE,0.4336,0.0058,0.5606
HEARTS KING CLUBS TEN,0.2744,0.1032,0.6224
CLUBS SIX SPADES TWO,0.6684,0.0104,0.3212
CLUBS SIX SPADES THREE,0.6672,0.01,0.3228
CLUBS TWO DIAMONDS SEVEN,0.692,0.007,0.301
CLUBS SIX SPADES FOUR,0.645,0.0072,0.3478
CLUBS THREE DIAMONDS SEVEN,0.678,0.0092,0.3128
CLUBS SIX SPADES FIVE,0.6338,0.0068,0.3594
CLUBS FOUR DIAMONDS SEVEN,0.6616,0.0084,0.33
CLUBS SIX SPADES SIX,0.4646,0.0126,0.5228
CLUBS FIVE DIAMONDS SEVEN,0.644,0.007,0.349
CLUBS SIX SPADES SEVEN,0.6338,0.0076,0.3586
CLUBS SIX DIAMONDS SEVEN,0.6442,0.0072,0.3486
SPADES JACK CLUBS TWO,0.6344,0.0074,0.3582
CLUBS SIX SPADES NINE,0.6272,0.0078,0.365
SPADES TEN CLUBS TWO,0.6468,0.0094,0.3438
CLUBS SEVEN DIAMONDS SEVEN,0.4544,0.0098,0.5358
CLUBS TWO CLUBS QUEEN,0.5944,0.0064,0.3992
CLUBS TWO CLUBS KING,0.5404,0.1942,0.2654
CLUBS THREE DIAMONDS EIGHT,0.756,0.036,0.208
CLUBS TWO CLUBS ACE,0.4014,0.0044,0.5942
CLUBS TWO DIAMONDS EIGHT,0.753,0.0344,0.2126
DIAMONDS EIGHT HEARTS SEVEN,0.6972,0.0326,0.2702
HEARTS SIX DIAMONDS EIGHT,0.725,0.033,0.242
DIAMONDS EIGHT HEARTS NINE,0.702,0.0286,0.2694
CLUBS TWO CLUBS TEN,0.6216,0.0086,0.3698
DIAMONDS EIGHT HEARTS EIGHT,0.3452,0.0262,0.6286
CLUBS TWO CLUBS JACK,0.6066,0.007,0.3864
CLUBS NINE DIAMONDS EIGHT,0.6944,0.0264,0.2792
CLUBS EIGHT DIAMONDS EIGHT,0.3302,0.0254,0.6444
CLUBS FIVE DIAMONDS EIGHT,0.7216,0.0324,0.246
SPADES ACE SPADES THREE,0.3812,0.0074,0.6114
CLUBS FOUR DIAMONDS EIGHT,0.736,0.0346,0.2294
SPADES QUEEN SPADES THREE,0.6428,0.0102,0.347
CLUBS SEVEN DIAMONDS EIGHT,0.7032,0.0296,0.2672
CLUBS SIX DIAMONDS EIGHT,0.7142,0.0342,0.2516
DIAMONDS QUEEN DIAMONDS EIGHT,0.676,0.029,0.295
HEARTS TWO DIAMONDS EIGHT,0.7486,0.0378,0.2136
DIAMONDS KING DIAMONDS EIGHT,0.0712,0.8626,0.0662
HEARTS THREE DIAMONDS EIGHT,0.74,0.0338,0.2262
DIAMONDS ACE DIAMONDS EIGHT,0.2708,0.022,0.7072
HEARTS FOUR DIAMONDS EIGHT,0.7418,0.0328,0.2254
HEARTS FIVE DIAMONDS EIGHT,0.7204,0.0314,0.2482
DIAMONDS EIGHT DIAMONDS TEN,0.6528,0.0272,0.32
DIAMONDS EIGHT DIAMONDS JACK,0.6706,0.0346,0.2948
SPADES JACK SPADES THREE,0.6362,0.0106,0.3532
SPADES TEN SPADES THREE,0.6394,0.0064,0.3542
CLUBS FOUR HEARTS ACE,0.4368,0.0032,0.56
CLUBS FOUR HEARTS QUEEN,0.643,0.0076,0.3494
CLUBS FOUR HEARTS KING,0.5446,0.2312,0.2242
CLUBS SIX HEARTS TEN,0.6398,0.0064,0.3538
CLUBS SIX HEARTS JACK,0.6676,0.006,0.3264
SPADES FOUR DIAMONDS EIGHT,0.7344,0.0372,0.2284
SPADES FIVE DIAMONDS EIGHT,0.7104,0.0384,0.2512
DIAMONDS EIGHT SPADES TWO,0.7484,0.0358,0.2158
SPADES THREE DIAMONDS EIGHT,0.748,0.0384,0.2136
CLUBS FOUR HEARTS JACK,0.653,0.0064,0.3406
SPADES JACK HEARTS EIGHT,0.7082,0.0308,0.261
SPADES TEN HEARTS TWO,0.6434,0.0084,0.3482
SPADES TEN DIAMONDS QUEEN,0.5724,0.0056,0.422
CLUBS FOUR HEARTS TEN,0.6588,0.0072,0.334
SPADES NINE DIAMONDS EIGHT,0.6816,0.0292,0.2892
SPADES JACK HEARTS TWO,0.6624,0.008,0.3296
SPADES JACK DIAMONDS QUEEN,0.5748,0.008,0.4172
SPADES TEN HEARTS EIGHT,0.696,0.0306,0.2734
SPADES SIX DIAMONDS EIGHT,0.701,0.0342,0.2648
SPADES SEVEN DIAMONDS EIGHT,0.6972,0.0308,0.272
SPADES ACE HEARTS TWO,0.4326,0.0034,0.564
SPADES ACE DIAMONDS QUEEN,0.3726,0.0056,0.6218
SPADES ACE HEARTS EIGHT,0.2668,0.0296,0.7036
SPADES QUEEN DIAMONDS QUEEN,0.3256,0.0034,0.671
SPADES QUEEN HEARTS TWO,0.644,0.0078,0.3482
SPADES QUEEN HEARTS EIGHT,0.7234,0.0324,0.2442
CLUBS TWO HEARTS TEN,0.6444,0.0096,0.346
CLUBS TWO HEARTS JACK,0.6528,0.0068,0.3404
SPADES SEVEN DIAMONDS NINE,0.6308,0.0076,0.3616
SPADES SIX DIAMONDS NINE,0.6316,0.008,0.3604
SPADES NINE DIAMONDS NINE,0.3356,0.0082,0.6562
SPADES TEN CLUBS KING,0.269,0.1076,0.6234
DIAMONDS NINE SPADES THREE,0.6556,0.0078,0.3366
SPADES JACK CLUBS KING,0.2646,0.0908,0.6446
DIAMONDS NINE SPADES TWO,0.6606,0.0078,0.3316
SPADES FIVE DIAMONDS NINE,0.6386,0.0086,0.3528
SPADES FOUR DIAMONDS NINE,0.6662,0.0082,0.3256
CLUBS NINE DIAMONDS NINE,0.3492,0.0104,0.6404
CLUBS EIGHT DIAMONDS NINE,0.6956,0.025,0.2794
CLUBS SIX DIAMONDS NINE,0.637,0.0072,0.3558
SPADES JACK CLUBS FOUR,0.6588,0.007,0.3342
SPADES TEN CLUBS FOUR,0.6454,0.0086,0.346
CLUBS SEVEN DIAMONDS NINE,0.6226,0.0058,0.3716
CLUBS FOUR DIAMONDS NINE,0.6524,0.0056,0.342
CLUBS FIVE DIAMONDS NINE,0.6496,0.0072,0.3432
CLUBS TWO DIAMONDS NINE,0.6454,0.0072,0.3474
CLUBS THREE DIAMONDS NINE,0.6546,0.0066,0.3388
DIAMONDS NINE HEARTS EIGHT,0.6956,0.0292,0.2752
DIAMONDS NINE HEARTS NINE,0.341,0.0086,0.6504
HEARTS SIX DIAMONDS NINE,0.6262,0.007,0.3668
DIAMONDS NINE HEARTS SEVEN,0.6216,0.008,0.3704
CLUBS EIGHT CLUBS NINE,0.6514,0.0244,0.3242
DIAMONDS ACE DIAMONDS NINE,0.3618,0.006,0.6322
HEARTS FOUR DIAMONDS NINE,0.6482,0.0082,0.3436
HEARTS FIVE DIAMONDS NINE,0.643,0.0068,0.3502
CLUBS TWO HEARTS ACE,0.4324,0.005,0.5626
SPADES ACE CLUBS FOUR,0.4086,0.0062,0.5852
DIAMONDS QUEEN DIAMONDS NINE,0.5612,0.007,0.4318
HEARTS TWO DIAMONDS NINE,0.6512,0.007,0.3418
CLUBS TWO HEARTS KING,0.5598,0.2218,0.2184
DIAMONDS KING DIAMONDS NINE,0.259,0.144,0.597
HEARTS THREE DIAMONDS NINE,0.6598,0.0078,0.3324
CLUBS TWO HEARTS QUEEN,0.6516,0.0072,0.3412
SPADES QUEEN CLUBS FOUR,0.6412,0.0062,0.3526
DIAMONDS NINE DIAMONDS JACK,0.5518,0.0054,0.4428
CLUBS EIGHT SPADES NINE,0.6856,0.0314,0.283
DIAMONDS NINE DIAMONDS TEN,0.5558,0.007,0.4372
CLUBS EIGHT SPADES SEVEN,0.6924,0.0362,0.2714
CLUBS EIGHT SPADES SIX,0.713,0.0264,0.2606
CLUBS EIGHT SPADES FIVE,0.7042,0.0376,0.2582
CLUBS EIGHT SPADES FOUR,0.7312,0.034,0.2348
CLUBS EIGHT SPADES THREE,0.7426,0.0394,0.218
CLUBS EIGHT SPADES TWO,0.7542,0.0394,0.2064
HEARTS SIX DIAMONDS TEN,0.6494,0.005,0.3456
DIAMONDS TEN HEARTS SEVEN,0.633,0.0066,0.3604
DIAMONDS TEN HEARTS EIGHT,0.7032,0.029,0.2678
CLUBS FOUR CLUBS JACK,0.6152,0.0066,0.3782
DIAMONDS TEN HEARTS NINE,0.586,0.006,0.408
CLUBS FOUR CLUBS TEN,0.6074,0.0068,0.3858
CLUBS FOUR CLUBS KING,0.533,0.203,0.264
CLUBS FOUR CLUBS QUEEN,0.6176,0.0074,0.375
CLUBS TWO DIAMONDS TEN,0.657,0.0072,0.3358
CLUBS THREE DIAMONDS TEN,0.6638,0.0086,0.3276
CLUBS FOUR CLUBS ACE,0.4,0.0048,0.5952
DIAMONDS JACK DIAMONDS TEN,0.5468,0.008,0.4452
DIAMONDS QUEEN DIAMONDS TEN,0.5468,0.005,0.4482
HEARTS TWO DIAMONDS TEN,0.6506,0.0064,0.343
DIAMONDS KING DIAMONDS TEN,0.2634,0.1036,0.633
HEARTS THREE DIAMONDS TEN,0.641,0.0068,0.3522
DIAMONDS ACE DIAMONDS TEN,0.3622,0.0034,0.6344
HEARTS FOUR DIAMONDS TEN,0.655,0.0078,0.3372
CLUBS EIGHT HEARTS JACK,0.7192,0.0262,0.2546
HEARTS FIVE DIAMONDS TEN,0.654,0.0072,0.3388
CLUBS EIGHT HEARTS TEN,0.7096,0.0302,0.2602
CLUBS EIGHT HEARTS QUEEN,0.7278,0.0336,0.2386
CLUBS EIGHT HEARTS KING,0.0638,0.9126,0.0236
CLUBS EIGHT HEARTS ACE,0.2826,0.0232,0.6942
CLUBS NINE SPADES THREE,0.6462,0.0102,0.3436
CLUBS NINE SPADES TWO,0.6652,0.0082,0.3266
CLUBS NINE SPADES FIVE,0.6246,0.008,0.3674
CLUBS NINE SPADES FOUR,0.647,0.009,0.344
CLUBS NINE SPADES SEVEN,0.6238,0.0078,0.3684
CLUBS NINE SPADES SIX,0.6294,0.0062,0.3644
CLUBS NINE SPADES NINE,0.3436,0.0108,0.6456
CLUBS TEN HEARTS EIGHT,0.7104,0.0256,0.264
CLUBS JACK HEARTS EIGHT,0.7148,0.0266,0.2586
CLUBS QUEEN HEARTS EIGHT,0.7354,0.0302,0.2344
CLUBS KING HEARTS EIGHT,0.068,0.9142,0.0178
CLUBS ACE HEARTS EIGHT,0.2884,0.0272,0.6844
SPADES QUEEN CLUBS KING,0.265,0.0604,0.6746
SPADES ACE CLUBS KING,0.2634,0.0122,0.7244
DIAMONDS ACE HEARTS TEN,0.3848,0.0048,0.6104
HEARTS FOUR HEARTS TEN,0.6094,0.0086,0.382
DIAMONDS ACE HEARTS JACK,0.3866,0.0074,0.606
HEARTS FOUR HEARTS JACK,0.596,0.0074,0.3966
SPADES QUEEN CLUBS FIVE,0.632,0.006,0.362
SPADES ACE CLUBS FIVE,0.4086,0.0056,0.5858
DIAMONDS JACK HEARTS SEVEN,0.6432,0.004,0.3528
HEARTS SIX DIAMONDS JACK,0.6528,0.0064,0.3408
DIAMONDS JACK HEARTS NINE,0.5804,0.0064,0.4132
DIAMONDS JACK HEARTS EIGHT,0.7184,0.0346,0.247
DIAMONDS KING DIAMONDS JACK,0.2692,0.0814,0.6494
HEARTS THREE DIAMONDS JACK,0.6654,0.006,0.3286
SPADES FOUR HEARTS ACE,0.4204,0.0044,0.5752
SPADES ACE SPADES SIX,0.3842,0.004,0.6118
DIAMONDS QUEEN DIAMONDS JACK,0.5576,0.0052,0.4372
HEARTS TWO DIAMONDS JACK,0.6616,0.0054,0.333
HEARTS FIVE DIAMONDS JACK,0.6462,0.005,0.3488
SPADES FOUR HEARTS QUEEN,0.6412,0.007,0.3518
SPADES QUEEN SPADES SIX,0.6484,0.0068,0.3448
DIAMONDS ACE DIAMONDS JACK,0.3722,0.0042,0.6236
HEARTS FOUR DIAMONDS JACK,0.6524,0.007,0.3406
SPADES FOUR HEARTS KING,0.5466,0.2208,0.2326
SPADES TEN SPADES SIX,0.6246,0.0072,0.3682
SPADES JACK SPADES SIX,0.6558,0.0088,0.3354
SPADES FOUR DIAMONDS JACK,0.6386,0.0088,0.3526
SPADES FIVE DIAMONDS JACK,0.6512,0.0054,0.3434
SPADES TWO DIAMONDS JACK,0.6528,0.0072,0.34
SPADES THREE DIAMONDS JACK,0.6424,0.009,0.3486
SPADES ACE DIAMONDS THREE,0.421,0.0048,0.5742
SPADES QUEEN DIAMONDS THREE,0.6452,0.0094,0.3454
CLUBS EIGHT DIAMONDS JACK,0.7172,0.0288,0.254
CLUBS NINE DIAMONDS JACK,0.596,0.0048,0.3992
CLUBS SIX DIAMONDS JACK,0.6586,0.006,0.3354
CLUBS SEVEN DIAMONDS JACK,0.646,0.0072,0.3468
CLUBS FOUR DIAMONDS JACK,0.656,0.0066,0.3374
CLUBS FIVE DIAMONDS JACK,0.6554,0.0058,0.3388
CLUBS TWO DIAMONDS JACK,0.6564,0.0098,0.3338
CLUBS THREE DIAMONDS JACK,0.6534,0.007,0.3396
SPADES JACK HEARTS SIX,0.6354,0.0072,0.3574
SPADES TEN CLUBS FIVE,0.6442,0.0078,0.348
SPADES JACK CLUBS FIVE,0.6328,0.009,0.3582
HEARTS SIX SPADES TEN,0.641,0.0076,0.3514
SPADES JACK DIAMONDS THREE,0.6562,0.0092,0.3346
CLUBS SEVEN CLUBS ACE,0.4058,0.0046,0.5896
SPADES TEN DIAMONDS THREE,0.6476,0.0086,0.3438
CLUBS SEVEN CLUBS QUEEN,0.5988,0.0068,0.3944
CLUBS SEVEN CLUBS KING,0.5272,0.2178,0.255
SPADES NINE DIAMONDS JACK,0.588,0.0068,0.4052
CLUBS SEVEN CLUBS TEN,0.6038,0.007,0.3892
DIAMONDS ACE HEARTS ACE,0.162,0.0036,0.8344
HEARTS FOUR HEARTS ACE,0.404,0.0036,0.5924
SPADES ACE HEARTS SIX,0.4062,0.0044,0.5894
CLUBS SEVEN CLUBS JACK,0.6092,0.0074,0.3834
DIAMONDS ACE HEARTS KING,0.271,0.012,0.717
HEARTS FOUR HEARTS KING,0.5244,0.2054,0.2702
SPADES SEVEN DIAMONDS JACK,0.6468,0.0076,0.3456
DIAMONDS ACE HEARTS QUEEN,0.3918,0.0044,0.6038
HEARTS FOUR HEARTS QUEEN,0.604,0.0106,0.3854
SPADES SIX DIAMONDS JACK,0.6494,0.0098,0.3408
SPADES QUEEN HEARTS SIX,0.6564,0.0066,0.337
SPADES TWO DIAMONDS TEN,0.638,0.0084,0.3536
SPADES THREE DIAMONDS TEN,0.6408,0.009,0.3502
SPADES FOUR DIAMONDS TEN,0.6506,0.0078,0.3416
SPADES FIVE DIAMONDS TEN,0.648,0.0074,0.3446
SPADES SIX DIAMONDS TEN,0.6348,0.0096,0.3556
SPADES SEVEN DIAMONDS TEN,0.616,0.008,0.376
SPADES NINE DIAMONDS TEN,0.5694,0.0088,0.4218
CLUBS FOUR DIAMONDS TEN,0.6568,0.0076,0.3356
CLUBS FIVE DIAMONDS TEN,0.6542,0.0062,0.3396
CLUBS SIX DIAMONDS TEN,0.6426,0.006,0.3514
CLUBS SEVEN DIAMONDS TEN,0.6306,0.0068,0.3626
CLUBS EIGHT DIAMONDS TEN,0.7024,0.0304,0.2672
CLUBS NINE DIAMONDS TEN,0.593,0.0062,0.4008
DIAMONDS THREE CLUBS JACK,0.652,0.0092,0.3388
DIAMONDS THREE CLUBS TEN,0.6516,0.0086,0.3398
DIAMONDS THREE CLUBS KING,0.5566,0.2256,0.2178
DIAMONDS THREE CLUBS QUEEN,0.6588,0.0076,0.3336
DIAMONDS THREE CLUBS ACE,0.44,0.0046,0.5554
SPADES FOUR HEARTS JACK,0.642,0.0054,0.3526
SPADES FOUR HEARTS TEN,0.6482,0.007,0.3448
SPADES FIVE SPADES TWO,0.6576,0.0084,0.334
SPADES FOUR SPADES TWO,0.6686,0.0088,0.3226
SPADES THREE SPADES TWO,0.6642,0.0114,0.3244
SPADES NINE SPADES TWO,0.641,0.0092,0.3498
SPADES SEVEN SPADES TWO,0.679,0.0076,0.3134
SPADES SIX SPADES TWO,0.6786,0.0114,0.31
DIAMONDS QUEEN CLUBS THREE,0.654,0.0072,0.3388
HEARTS TWO CLUBS THREE,0.6634,0.0082,0.3284
DIAMONDS QUEEN CLUBS TWO,0.668,0.0076,0.3244
CLUBS TWO HEARTS TWO,0.4854,0.0162,0.4984
DIAMONDS QUEEN HEARTS SEVEN,0.6626,0.0068,0.3306
HEARTS TWO HEARTS SEVEN,0.6496,0.0096,0.3408
HEARTS SIX DIAMONDS QUEEN,0.6494,0.0068,0.3438
HEARTS SIX HEARTS TWO,0.6432,0.0064,0.3504
DIAMONDS QUEEN HEARTS NINE,0.611,0.0076,0.3814
HEARTS TWO HEARTS NINE,0.609,0.0066,0.3844
DIAMONDS QUEEN HEARTS EIGHT,0.7328,0.0298,0.2374
HEARTS TWO HEARTS EIGHT,0.7144,0.033,0.2526
CLUBS NINE HEARTS TWO,0.6412,0.01,0.3488
CLUBS NINE DIAMONDS QUEEN,0.5952,0.0076,0.3972
CLUBS EIGHT HEARTS TWO,0.7412,0.0428,0.216
CLUBS EIGHT DIAMONDS QUEEN,0.7264,0.0328,0.2408
CLUBS FIVE DIAMONDS QUEEN,0.6572,0.0068,0.336
CLUBS FIVE HEARTS TWO,0.6646,0.0086,0.3268
CLUBS FOUR DIAMONDS QUEEN,0.6496,0.0092,0.3412
CLUBS FOUR HEARTS TWO,0.6652,0.0086,0.3262
CLUBS SEVEN HEARTS TWO,0.6962,0.0064,0.2974
CLUBS SEVEN DIAMONDS QUEEN,0.6496,0.0072,0.3432
CLUBS SIX DIAMONDS QUEEN,0.6442,0.0074,0.3484
CLUBS SIX HEARTS TWO,0.6774,0.0094,0.3132
DIAMONDS QUEEN SPADES SIX,0.6574,0.007,0.3356
SPADES SIX HEARTS TWO,0.6702,0.0092,0.3206
HEARTS FOUR CLUBS QUEEN,0.651,0.0076,0.3414
DIAMONDS ACE CLUBS QUEEN,0.4032,0.0044,0.5924
SPADES SEVEN DIAMONDS QUEEN,0.6444,0.0062,0.3494
SPADES SEVEN HEARTS TWO,0.6852,0.0092,0.3056
HEARTS FOUR CLUBS KING,0.5666,0.2112,0.2222
DIAMONDS ACE CLUBS KING,0.2846,0.0114,0.704
HEARTS FOUR CLUBS ACE,0.4252,0.004,0.5708
DIAMONDS ACE CLUBS ACE,0.1724,0.0032,0.8244
SPADES NINE DIAMONDS QUEEN,0.5926,0.0082,0.3992
SPADES NINE HEARTS TWO,0.6528,0.0088,0.3384
HEARTS TWO SPADES TWO,0.4768,0.0154,0.5078
DIAMONDS QUEEN SPADES TWO,0.6482,0.0092,0.3426
HEARTS TWO SPADES THREE,0.661,0.0102,0.3288
DIAMONDS QUEEN SPADES THREE,0.6466,0.0082,0.3452
HEARTS TWO SPADES FOUR,0.6674,0.0084,0.3242
DIAMONDS QUEEN SPADES FOUR,0.6436,0.008,0.3484
HEARTS FOUR CLUBS TEN,0.6578,0.0086,0.3336
DIAMONDS ACE CLUBS TEN,0.3816,0.0038,0.6146
DIAMONDS QUEEN SPADES FIVE,0.6494,0.0108,0.3398
HEARTS TWO SPADES FIVE,0.662,0.0082,0.3298
HEARTS FOUR CLUBS JACK,0.6516,0.0088,0.3396
DIAMONDS ACE CLUBS JACK,0.3936,0.004,0.6024
CLUBS FIVE CLUBS KING,0.5218,0.208,0.2702
CLUBS FIVE CLUBS QUEEN,0.6168,0.0086,0.3746
CLUBS FIVE CLUBS ACE,0.4022,0.0056,0.5922
CLUBS FIVE CLUBS JACK,0.6176,0.007,0.3754
CLUBS FIVE CLUBS TEN,0.614,0.0068,0.3792
SPADES QUEEN CLUBS JACK,0.5736,0.0062,0.4202
SPADES ACE CLUBS JACK,0.39,0.004,0.606
SPADES SIX CLUBS KING,0.5624,0.2134,0.2242
SPADES SIX CLUBS QUEEN,0.6492,0.0072,0.3436
SPADES SIX CLUBS ACE,0.4258,0.0034,0.5708
SPADES SIX CLUBS JACK,0.653,0.007,0.34
SPADES SIX CLUBS TEN,0.6502,0.0078,0.342
SPADES TEN CLUBS JACK,0.58,0.0058,0.4142
SPADES JACK CLUBS JACK,0.3092,0.007,0.6838
SPADES QUEEN CLUBS SEVEN,0.6542,0.0074,0.3384
SPADES ACE CLUBS SEVEN,0.4122,0.0064,0.5814
SPADES SIX HEARTS TEN,0.6444,0.007,0.3486
SPADES SIX HEARTS JACK,0.6518,0.0078,0.3404
SPADES SIX HEARTS ACE,0.4312,0.0036,0.5652
SPADES SIX HEARTS KING,0.5596,0.221,0.2194
SPADES SIX HEARTS QUEEN,0.6386,0.006,0.3554
SPADES JACK CLUBS SEVEN,0.6412,0.0076,0.3512
SPADES TEN CLUBS SEVEN,0.6382,0.0066,0.3552
HEARTS SIX CLUBS TEN,0.6482,0.0074,0.3444
HEARTS SIX CLUBS JACK,0.6496,0.0088,0.3416
CLUBS ACE CLUBS JACK,0.3666,0.005,0.6284
HEARTS SIX CLUBS QUEEN,0.6538,0.0084,0.3378
HEARTS SIX CLUBS KING,0.5564,0.227,0.2166
HEARTS SIX CLUBS ACE,0.4162,0.0022,0.5816
CLUBS QUEEN CLUBS JACK,0.5516,0.0064,0.442
CLUBS KING CLUBS JACK,0.2768,0.0798,0.6434
DIAMONDS THREE HEARTS ACE,0.4262,0.0042,0.5696
DIAMONDS THREE HEARTS QUEEN,0.6588,0.0072,0.334
DIAMONDS THREE HEARTS KING,0.555,0.2238,0.2212
CLUBS FIVE HEARTS JACK,0.6484,0.0064,0.3452
HEARTS FOUR SPADES TEN,0.648,0.008,0.344
SPADES TEN DIAMONDS ACE,0.3672,0.0046,0.6282
CLUBS FIVE HEARTS TEN,0.6654,0.0066,0.328
HEARTS FOUR SPADES JACK,0.632,0.0088,0.3592
SPADES JACK DIAMONDS ACE,0.3784,0.0046,0.617
SPADES ACE HEARTS FOUR,0.4258,0.0052,0.569
SPADES ACE DIAMONDS ACE,0.1606,0.0026,0.8368
CLUBS FIVE HEARTS ACE,0.432,0.004,0.564
CLUBS FIVE HEARTS KING,0.565,0.2114,0.2236
SPADES FOUR CLUBS JACK,0.6342,0.0102,0.3556
SPADES QUEEN DIAMONDS ACE,0.3828,0.005,0.6122
HEARTS FOUR SPADES QUEEN,0.642,0.0054,0.3526
CLUBS FIVE HEARTS QUEEN,0.6502,0.007,0.3428
SPADES FOUR CLUBS TEN,0.6548,0.0082,0.337
DIAMONDS QUEEN DIAMONDS ACE,0.371,0.002,0.627
HEARTS TWO DIAMONDS ACE,0.4372,0.0044,0.5584
HEARTS FOUR DIAMONDS QUEEN,0.6568,0.0082,0.335
HEARTS FOUR HEARTS TWO,0.6174,0.0082,0.3744
DIAMONDS THREE HEARTS TEN,0.6618,0.009,0.3292
SPADES FOUR CLUBS KING,0.5512,0.2232,0.2256
HEARTS FIVE DIAMONDS QUEEN,0.6486,0.0074,0.344
HEARTS FIVE HEARTS TWO,0.6384,0.007,0.3546
DIAMONDS THREE HEARTS JACK,0.6562,0.0068,0.337
SPADES FOUR CLUBS QUEEN,0.6378,0.0092,0.353
DIAMONDS QUEEN HEARTS TWO,0.647,0.0072,0.3458
DIAMONDS KING DIAMONDS QUEEN,0.2714,0.0592,0.6694
DIAMONDS KING HEARTS TWO,0.5654,0.223,0.2116
HEARTS THREE DIAMONDS QUEEN,0.6498,0.0076,0.3426
HEARTS THREE HEARTS TWO,0.6312,0.0098,0.359
SPADES FOUR CLUBS ACE,0.4308,0.0042,0.565
HEARTS TWO CLUBS ACE,0.4456,0.0042,0.5502
DIAMONDS QUEEN CLUBS ACE,0.387,0.0056,0.6074
HEARTS TWO CLUBS QUEEN,0.6564,0.0066,0.337
DIAMONDS QUEEN CLUBS QUEEN,0.3124,0.0032,0.6844
HEARTS TWO CLUBS KING,0.5676,0.2192,0.2132
DIAMONDS QUEEN CLUBS KING,0.2866,0.0616,0.6518
HEARTS TWO CLUBS TEN,0.654,0.008,0.338
DIAMONDS QUEEN CLUBS TEN,0.5872,0.0068,0.406
SPADES NINE SPADES FIVE,0.637,0.0104,0.3526
HEARTS TWO CLUBS JACK,0.6398,0.0088,0.3514
DIAMONDS QUEEN CLUBS JACK,0.5928,0.0068,0.4004
SPADES SIX SPADES FIVE,0.639,0.0108,0.3502
SPADES SEVEN SPADES FIVE,0.6436,0.0104,0.346
DIAMONDS FIVE CLUBS QUEEN,0.6468,0.0062,0.347
CLUBS KING DIAMONDS FIVE,0.563,0.2158,0.2212
CLUBS ACE DIAMONDS FIVE,0.4332,0.0044,0.5624
DIAMONDS FIVE CLUBS TEN,0.6528,0.0058,0.3414
DIAMONDS FIVE CLUBS JACK,0.6426,0.006,0.3514
HEARTS JACK DIAMONDS TEN,0.5736,0.0064,0.42
DIAMONDS TEN HEARTS TEN,0.337,0.008,0.655
SPADES ACE CLUBS NINE,0.3786,0.0042,0.6172
SPADES QUEEN CLUBS NINE,0.6022,0.0068,0.391
HEARTS SIX HEARTS KING,0.5262,0.204,0.2698
DIAMONDS KING SPADES SEVEN,0.5464,0.2292,0.2244
HEARTS THREE SPADES SEVEN,0.684,0.008,0.308
HEARTS SIX HEARTS QUEEN,0.611,0.0054,0.3836
DIAMONDS KING SPADES SIX,0.5624,0.2252,0.2124
HEARTS THREE SPADES SIX,0.673,0.009,0.318
SPADES QUEEN DIAMONDS SEVEN,0.6562,0.0078,0.336
SPADES NINE DIAMONDS KING,0.2656,0.1666,0.5678
HEARTS THREE SPADES NINE,0.6628,0.0066,0.3306
HEARTS SIX HEARTS ACE,0.4028,0.005,0.5922
