opposingHand,winningChance,drawChance,lostChance
SPADES TEN DIAMONDS KING
HEARTS FIVE SPADES JACK,0.6434,0.0064,0.3502
SPADES FIVE CLUBS JACK,0.6642,0.0044,0.3314
CLUBS TEN SPADES FIVE,0.7296,0.0372,0.2332
CLUBS EIGHT CLUBS JACK,0.6038,0.006,0.3902
CLUBS TEN CLUBS EIGHT,0.6716,0.032,0.2964
CLUBS EIGHT CLUBS KING,0.6252,0.1078,0.267
SPADES FIVE CLUBS ACE,0.424,0.0052,0.5708
CLUBS EIGHT CLUBS QUEEN,0.6014,0.0074,0.3912
SPADES FIVE CLUBS KING,0.649,0.1136,0.2374
SPADES FIVE CLUBS QUEEN,0.653,0.0082,0.3388
CLUBS EIGHT CLUBS ACE,0.3844,0.0032,0.6124
DIAMONDS TWO DIAMONDS THREE,0.629,0.0068,0.3642
DIAMONDS TWO DIAMONDS FIVE,0.6222,0.0076,0.3702
HEARTS FIVE SPADES KING,0.6406,0.1176,0.2418
DIAMONDS TWO DIAMONDS FOUR,0.6214,0.0094,0.3692
HEARTS FIVE SPADES QUEEN,0.646,0.0068,0.3472
DIAMONDS TWO DIAMONDS SEVEN,0.6418,0.007,0.3512
DIAMONDS TWO DIAMONDS SIX,0.634,0.0088,0.3572
SPADES ACE HEARTS FIVE,0.414,0.004,0.582
DIAMONDS TWO DIAMONDS NINE,0.6458,0.008,0.3462
DIAMONDS TWO DIAMONDS EIGHT,0.6442,0.0076,0.3482
DIAMONDS THREE DIAMONDS FOUR,0.6172,0.0082,0.3746
SPADES FOUR CLUBS TWO,0.6428,0.0094,0.3478
DIAMONDS THREE DIAMONDS FIVE,0.5992,0.0102,0.3906
SPADES FIVE CLUBS TWO,0.6638,0.0076,0.3286
CLUBS TWO SPADES TWO,0.483,0.011,0.506
CLUBS TWO SPADES THREE,0.6418,0.0092,0.349
DIAMONDS THREE DIAMONDS EIGHT,0.652,0.0094,0.3386
SPADES EIGHT CLUBS TWO,0.6772,0.0074,0.3154
DIAMONDS THREE DIAMONDS NINE,0.6412,0.0084,0.3504
SPADES NINE CLUBS TWO,0.6894,0.0066,0.304
DIAMONDS THREE DIAMONDS SIX,0.6194,0.008,0.3726
SPADES SIX CLUBS TWO,0.6698,0.0068,0.3234
DIAMONDS THREE DIAMONDS SEVEN,0.6326,0.0066,0.3608
SPADES SEVEN CLUBS TWO,0.676,0.0084,0.3156
CLUBS SIX CLUBS TWO,0.6254,0.0078,0.3668
CLUBS SEVEN CLUBS TWO,0.6404,0.0044,0.3552
CLUBS FOUR CLUBS TWO,0.6186,0.0084,0.373
CLUBS FIVE CLUBS TWO,0.623,0.0092,0.3678
CLUBS TEN CLUBS JACK,0.6662,0.0248,0.309
DIAMONDS FOUR DIAMONDS SIX,0.6098,0.008,0.3822
CLUBS TEN CLUBS QUEEN,0.6632,0.0308,0.306
DIAMONDS FOUR DIAMONDS SEVEN,0.6278,0.0074,0.3648
CLUBS TEN CLUBS KING,0.0232,0.9026,0.0742
CLUBS TEN CLUBS ACE,0.248,0.0168,0.7352
CLUBS EIGHT CLUBS TWO,0.6292,0.0056,0.3652
DIAMONDS FIVE DIAMONDS FOUR,0.5952,0.0074,0.3974
CLUBS NINE CLUBS TWO,0.6342,0.0058,0.36
DIAMONDS NINE DIAMONDS FOUR,0.637,0.008,0.355
DIAMONDS EIGHT DIAMONDS FOUR,0.6324,0.01,0.3576
CLUBS THREE CLUBS TWO,0.6098,0.0088,0.3814
DIAMONDS NINE DIAMONDS FIVE,0.6284,0.0066,0.365
DIAMONDS TWO CLUBS JACK,0.6708,0.007,0.3222
DIAMONDS EIGHT DIAMONDS FIVE,0.6284,0.0062,0.3654
CLUBS TEN DIAMONDS TWO,0.751,0.0364,0.2126
DIAMONDS FIVE DIAMONDS SEVEN,0.608,0.008,0.384
DIAMONDS FIVE DIAMONDS SIX,0.6058,0.0084,0.3858
DIAMONDS TWO CLUBS ACE,0.4322,0.0032,0.5646
DIAMONDS TWO CLUBS KING,0.6576,0.1248,0.2176
DIAMONDS TWO CLUBS QUEEN,0.6598,0.007,0.3332
DIAMONDS EIGHT DIAMONDS SIX,0.6166,0.0062,0.3772
DIAMONDS NINE DIAMONDS SIX,0.6228,0.0096,0.3676
HEARTS ACE SPADES THREE,0.4352,0.004,0.5608
SPADES THREE HEARTS KING,0.6532,0.1146,0.2322
DIAMONDS SEVEN DIAMONDS SIX,0.6002,0.0066,0.3932
SPADES THREE HEARTS QUEEN,0.6618,0.009,0.3292
SPADES THREE HEARTS JACK,0.6592,0.0074,0.3334
SPADES THREE HEARTS TEN,0.7454,0.0366,0.218
DIAMONDS EIGHT DIAMONDS SEVEN,0.5924,0.0088,0.3988
DIAMONDS NINE DIAMONDS SEVEN,0.616,0.0068,0.3772
DIAMONDS NINE DIAMONDS EIGHT,0.5912,0.007,0.4018
HEARTS THREE HEARTS TEN,0.692,0.034,0.274
SPADES JACK CLUBS SIX,0.6498,0.0048,0.3454
HEARTS THREE HEARTS JACK,0.611,0.0062,0.3828
SPADES JACK SPADES FIVE,0.6088,0.007,0.3842
HEARTS THREE HEARTS ACE,0.4094,0.006,0.5846
SPADES ACE CLUBS SIX,0.4054,0.0048,0.5898
HEARTS THREE HEARTS QUEEN,0.6132,0.005,0.3818
SPADES KING CLUBS SIX,0.6378,0.1132,0.249
HEARTS THREE HEARTS KING,0.6102,0.1212,0.2686
SPADES QUEEN CLUBS SIX,0.6494,0.0048,0.3458
SPADES NINE HEARTS TEN,0.7038,0.0308,0.2654
SPADES NINE HEARTS JACK,0.6432,0.0064,0.3504
SPADES QUEEN SPADES FIVE,0.6214,0.0064,0.3722
SPADES KING SPADES FIVE,0.6284,0.109,0.2626
SPADES ACE SPADES FIVE,0.394,0.0058,0.6002
SPADES NINE HEARTS QUEEN,0.643,0.007,0.35
SPADES NINE HEARTS KING,0.6554,0.115,0.2296
SPADES NINE HEARTS ACE,0.4068,0.0046,0.5886
CLUBS TEN SPADES JACK,0.6998,0.0278,0.2724
SPADES ACE CLUBS TEN,0.2512,0.0188,0.73
SPADES KING CLUBS TEN,0.0118,0.9714,0.0168
CLUBS TEN SPADES QUEEN,0.717,0.0274,0.2556
SPADES FIVE HEARTS QUEEN,0.6648,0.0054,0.3298
SPADES FIVE HEARTS KING,0.6546,0.1172,0.2282
SPADES FIVE HEARTS ACE,0.411,0.0046,0.5844
SPADES JACK HEARTS THREE,0.6584,0.0082,0.3334
SPADES JACK CLUBS EIGHT,0.6388,0.007,0.3542
CLUBS SIX HEARTS ACE,0.433,0.0028,0.5642
SPADES ACE CLUBS EIGHT,0.4198,0.004,0.5762
HEARTS FIVE CLUBS JACK,0.6472,0.0062,0.3466
HEARTS FIVE CLUBS TEN,0.743,0.0354,0.2216
CLUBS SIX HEARTS QUEEN,0.651,0.0054,0.3436
SPADES QUEEN CLUBS EIGHT,0.6428,0.0088,0.3484
CLUBS TEN SPADES THREE,0.7378,0.0358,0.2264
CLUBS SIX HEARTS KING,0.6454,0.1114,0.2432
SPADES KING CLUBS EIGHT,0.6362,0.1224,0.2414
SPADES THREE CLUBS JACK,0.6536,0.0082,0.3382
DIAMONDS TWO HEARTS JACK,0.6598,0.0062,0.334
SPADES THREE CLUBS QUEEN,0.6534,0.0056,0.341
DIAMONDS TWO HEARTS TEN,0.7542,0.0368,0.209
SPADES THREE CLUBS KING,0.6606,0.1176,0.2218
HEARTS FIVE CLUBS ACE,0.4218,0.0048,0.5734
SPADES FIVE HEARTS TEN,0.7312,0.04,0.2288
SPADES THREE CLUBS ACE,0.4202,0.004,0.5758
HEARTS FIVE CLUBS KING,0.6326,0.1248,0.2426
SPADES FIVE HEARTS JACK,0.6576,0.0066,0.3358
HEARTS FIVE CLUBS QUEEN,0.657,0.0058,0.3372
HEARTS THREE CLUBS KING,0.6466,0.1252,0.2282
HEARTS THREE CLUBS QUEEN,0.65,0.0066,0.3434
HEARTS FIVE HEARTS JACK,0.6066,0.007,0.3864
HEARTS FIVE HEARTS TEN,0.7002,0.0332,0.2666
HEARTS THREE CLUBS ACE,0.4212,0.005,0.5738
SPADES ACE CLUBS QUEEN,0.3788,0.0028,0.6184
SPADES KING CLUBS QUEEN,0.245,0.0676,0.6874
HEARTS THREE CLUBS JACK,0.659,0.0058,0.3352
SPADES QUEEN CLUBS QUEEN,0.289,0.0036,0.7074
CLUBS TEN HEARTS THREE,0.7336,0.0404,0.226
SPADES JACK CLUBS QUEEN,0.5934,0.005,0.4016
CLUBS SIX CLUBS QUEEN,0.6074,0.006,0.3866
CLUBS SIX CLUBS KING,0.605,0.109,0.286
CLUBS SIX CLUBS ACE,0.4142,0.003,0.5828
HEARTS FIVE HEARTS KING,0.5932,0.1204,0.2864
HEARTS FIVE HEARTS QUEEN,0.6074,0.0044,0.3882
CLUBS TEN CLUBS SIX,0.6792,0.0366,0.2842
HEARTS FIVE HEARTS ACE,0.3998,0.0024,0.5978
CLUBS SIX CLUBS JACK,0.618,0.0066,0.3754
SPADES SEVEN HEARTS JACK,0.639,0.0048,0.3562
SPADES SEVEN HEARTS TEN,0.7206,0.0354,0.244
DIAMONDS TWO CLUBS TWO,0.483,0.0102,0.5068
DIAMONDS TWO CLUBS THREE,0.653,0.0062,0.3408
DIAMONDS TWO HEARTS SIX,0.6672,0.0076,0.3252
DIAMONDS TWO HEARTS QUEEN,0.6656,0.007,0.3274
HEARTS SEVEN DIAMONDS TWO,0.6782,0.0078,0.314
DIAMONDS TWO HEARTS KING,0.6512,0.1166,0.2322
DIAMONDS TWO HEARTS EIGHT,0.6764,0.0078,0.3158
DIAMONDS TWO HEARTS ACE,0.4352,0.0032,0.5616
DIAMONDS TWO HEARTS NINE,0.675,0.0074,0.3176
DIAMONDS TWO DIAMONDS QUEEN,0.6318,0.0068,0.3614
DIAMONDS TWO HEARTS TWO,0.484,0.009,0.507
DIAMONDS TWO HEARTS THREE,0.6598,0.0096,0.3306
DIAMONDS TWO DIAMONDS ACE,0.4112,0.0058,0.583
HEARTS FOUR DIAMONDS TWO,0.661,0.0094,0.3296
HEARTS FIVE DIAMONDS TWO,0.6528,0.0068,0.3404
SPADES SEVEN HEARTS ACE,0.4294,0.0044,0.5662
DIAMONDS TWO DIAMONDS TEN,0.7134,0.037,0.2496
SPADES SEVEN HEARTS KING,0.645,0.1218,0.2332
DIAMONDS TWO DIAMONDS JACK,0.6302,0.0062,0.3636
SPADES SEVEN HEARTS QUEEN,0.6522,0.0068,0.341
DIAMONDS TWO SPADES NINE,0.6884,0.006,0.3056
DIAMONDS TWO SPADES EIGHT,0.6848,0.0084,0.3068
DIAMONDS TWO SPADES SEVEN,0.6874,0.0072,0.3054
DIAMONDS TWO SPADES SIX,0.669,0.0074,0.3236
DIAMONDS TWO SPADES FIVE,0.6648,0.01,0.3252
DIAMONDS TWO SPADES FOUR,0.6584,0.0094,0.3322
DIAMONDS TWO SPADES THREE,0.6656,0.0124,0.322
DIAMONDS TWO SPADES TWO,0.4928,0.0118,0.4954
CLUBS NINE DIAMONDS TWO,0.681,0.0066,0.3124
DIAMONDS TWO CLUBS EIGHT,0.6616,0.0082,0.3302
CLUBS SEVEN DIAMONDS TWO,0.6838,0.0064,0.3098
DIAMONDS TWO CLUBS SIX,0.6614,0.0062,0.3324
DIAMONDS TWO CLUBS FIVE,0.6544,0.0084,0.3372
DIAMONDS TWO CLUBS FOUR,0.6538,0.0076,0.3386
CLUBS FOUR SPADES FIVE,0.6284,0.0092,0.3624
CLUBS FOUR SPADES FOUR,0.4778,0.0084,0.5138
CLUBS FOUR SPADES THREE,0.6348,0.008,0.3572
CLUBS FOUR SPADES TWO,0.6444,0.0068,0.3488
SPADES NINE CLUBS FOUR,0.6608,0.0096,0.3296
SPADES EIGHT CLUBS FOUR,0.654,0.0074,0.3386
SPADES SEVEN CLUBS FOUR,0.6552,0.0072,0.3376
SPADES SIX CLUBS FOUR,0.628,0.01,0.362
SPADES ACE DIAMONDS SIX,0.4034,0.0062,0.5904
SPADES QUEEN DIAMONDS SIX,0.6506,0.0078,0.3416
SPADES KING DIAMONDS SIX,0.6542,0.1152,0.2306
SPADES JACK DIAMONDS SIX,0.6686,0.008,0.3234
SPADES QUEEN SPADES TWO,0.6236,0.01,0.3664
SPADES KING SPADES TWO,0.635,0.103,0.262
SPADES ACE SPADES TWO,0.4146,0.0048,0.5806
DIAMONDS JACK CLUBS JACK,0.2958,0.0052,0.699
CLUBS TEN DIAMONDS JACK,0.7144,0.027,0.2586
DIAMONDS JACK CLUBS KING,0.2452,0.0882,0.6666
DIAMONDS JACK CLUBS QUEEN,0.5896,0.0058,0.4046
DIAMONDS THREE DIAMONDS JACK,0.6344,0.0064,0.3592
DIAMONDS THREE DIAMONDS TEN,0.7094,0.0402,0.2504
DIAMONDS JACK CLUBS ACE,0.3658,0.0052,0.629
DIAMONDS THREE HEARTS THREE,0.4776,0.0122,0.5102
DIAMONDS THREE DIAMONDS QUEEN,0.6172,0.007,0.3758
DIAMONDS THREE HEARTS TWO,0.6606,0.0096,0.3298
HEARTS FIVE DIAMONDS THREE,0.6492,0.0062,0.3446
DIAMONDS THREE DIAMONDS ACE,0.4016,0.004,0.5944
HEARTS FOUR DIAMONDS THREE,0.628,0.009,0.363
HEARTS SEVEN DIAMONDS THREE,0.6666,0.0072,0.3262
HEARTS SIX DIAMONDS THREE,0.6558,0.0072,0.337
SPADES JACK SPADES NINE,0.5864,0.0066,0.407
DIAMONDS THREE HEARTS NINE,0.6702,0.008,0.3218
HEARTS JACK DIAMONDS FOUR,0.656,0.0068,0.3372
HEARTS ACE HEARTS KING,0.2334,0.0116,0.755
DIAMONDS THREE HEARTS EIGHT,0.6772,0.0078,0.315
HEARTS TEN DIAMONDS FOUR,0.743,0.036,0.221
SPADES JACK SPADES TWO,0.6188,0.0066,0.3746
HEARTS QUEEN DIAMONDS FOUR,0.6502,0.0074,0.3424
HEARTS KING DIAMONDS FOUR,0.6508,0.1196,0.2296
SPADES ACE SPADES NINE,0.4042,0.0044,0.5914
HEARTS ACE DIAMONDS FOUR,0.4284,0.0038,0.5678
SPADES KING SPADES NINE,0.615,0.1158,0.2692
SPADES QUEEN SPADES NINE,0.5994,0.0064,0.3942
DIAMONDS THREE SPADES NINE,0.6932,0.0076,0.2992
DIAMONDS THREE SPADES EIGHT,0.6832,0.007,0.3098
DIAMONDS THREE SPADES SEVEN,0.671,0.0072,0.3218
DIAMONDS THREE SPADES SIX,0.6548,0.0078,0.3374
DIAMONDS THREE CLUBS SIX,0.6434,0.0074,0.3492
CLUBS FIVE CLUBS SIX,0.5914,0.0066,0.402
CLUBS ACE DIAMONDS FOUR,0.4362,0.005,0.5588
CLUBS SEVEN DIAMONDS THREE,0.6574,0.0058,0.3368
CLUBS SEVEN CLUBS FIVE,0.5928,0.0058,0.4014
DIAMONDS THREE CLUBS FOUR,0.6292,0.0086,0.3622
DIAMONDS FOUR CLUBS QUEEN,0.653,0.0046,0.3424
DIAMONDS THREE CLUBS FIVE,0.6476,0.007,0.3454
CLUBS KING DIAMONDS FOUR,0.6618,0.11,0.2282
DIAMONDS THREE CLUBS TWO,0.6502,0.008,0.3418
CLUBS TEN DIAMONDS FOUR,0.7458,0.0324,0.2218
DIAMONDS THREE CLUBS THREE,0.4758,0.0116,0.5126
DIAMONDS FOUR CLUBS JACK,0.655,0.007,0.338
DIAMONDS THREE SPADES FOUR,0.645,0.0096,0.3454
DIAMONDS THREE SPADES FIVE,0.6444,0.0082,0.3474
DIAMONDS THREE SPADES TWO,0.6568,0.0114,0.3318
DIAMONDS THREE SPADES THREE,0.4882,0.0112,0.5006
CLUBS EIGHT DIAMONDS THREE,0.6804,0.0076,0.312
CLUBS NINE DIAMONDS THREE,0.6894,0.0072,0.3034
SPADES SEVEN CLUBS ACE,0.4288,0.0046,0.5666
SPADES SEVEN CLUBS QUEEN,0.6654,0.0068,0.3278
SPADES SEVEN CLUBS KING,0.6574,0.1124,0.2302
CLUBS FIVE SPADES SEVEN,0.6462,0.0084,0.3454
CLUBS TEN SPADES SEVEN,0.7132,0.0338,0.253
CLUBS FIVE SPADES SIX,0.6386,0.008,0.3534
SPADES SEVEN CLUBS JACK,0.6494,0.0064,0.3442
SPADES NINE CLUBS FIVE,0.6728,0.0084,0.3188
CLUBS FIVE SPADES EIGHT,0.6454,0.0086,0.346
CLUBS FIVE SPADES THREE,0.641,0.0096,0.3494
CLUBS FIVE SPADES TWO,0.6558,0.0084,0.3358
CLUBS FIVE SPADES FIVE,0.4808,0.009,0.5102
CLUBS FIVE SPADES FOUR,0.615,0.0058,0.3792
CLUBS NINE CLUBS FIVE,0.6214,0.0088,0.3698
CLUBS EIGHT CLUBS FIVE,0.6042,0.0086,0.3872
CLUBS ACE CLUBS QUEEN,0.3524,0.0064,0.6412
CLUBS KING CLUBS QUEEN,0.22,0.0574,0.7226
DIAMONDS TEN DIAMONDS FOUR,0.7134,0.0374,0.2492
CLUBS TEN DIAMONDS NINE,0.6908,0.0362,0.273
DIAMONDS JACK DIAMONDS FOUR,0.6214,0.0084,0.3702
DIAMONDS NINE CLUBS JACK,0.637,0.0062,0.3568
SPADES NINE CLUBS JACK,0.6326,0.0074,0.36
CLUBS TEN SPADES NINE,0.698,0.0348,0.2672
DIAMONDS ACE DIAMONDS FOUR,0.4064,0.0044,0.5892
HEARTS FOUR DIAMONDS FOUR,0.4756,0.009,0.5154
DIAMONDS JACK HEARTS TEN,0.7082,0.0286,0.2632
SPADES NINE CLUBS KING,0.6556,0.123,0.2214
DIAMONDS NINE CLUBS ACE,0.4166,0.0046,0.5788
HEARTS FIVE DIAMONDS FOUR,0.6206,0.0098,0.3696
DIAMONDS JACK HEARTS JACK,0.2998,0.0088,0.6914
SPADES NINE CLUBS QUEEN,0.644,0.007,0.349
DIAMONDS TWO SPADES JACK,0.6588,0.0104,0.3308
DIAMONDS QUEEN DIAMONDS FOUR,0.6176,0.0096,0.3728
HEARTS TWO DIAMONDS FOUR,0.649,0.009,0.342
DIAMONDS NINE CLUBS QUEEN,0.6564,0.0064,0.3372
HEARTS THREE DIAMONDS FOUR,0.6284,0.009,0.3626
SPADES NINE CLUBS ACE,0.4162,0.004,0.5798
DIAMONDS NINE CLUBS KING,0.6596,0.1134,0.227
HEARTS ACE DIAMONDS JACK,0.37,0.0044,0.6256
SPADES ACE DIAMONDS TWO,0.4228,0.0058,0.5714
HEARTS QUEEN DIAMONDS JACK,0.5946,0.0078,0.3976
SPADES QUEEN DIAMONDS TWO,0.6634,0.0088,0.3278
DIAMONDS JACK HEARTS KING,0.228,0.088,0.684
SPADES KING DIAMONDS TWO,0.6676,0.1254,0.207
SPADES JACK SPADES SEVEN,0.609,0.0084,0.3826
CLUBS SEVEN CLUBS THREE,0.6128,0.0082,0.379
CLUBS SIX CLUBS THREE,0.6146,0.007,0.3784
CLUBS FIVE CLUBS THREE,0.6106,0.0088,0.3806
CLUBS THREE CLUBS FOUR,0.5842,0.0078,0.408
CLUBS NINE CLUBS THREE,0.625,0.0076,0.3674
CLUBS EIGHT CLUBS THREE,0.6248,0.0054,0.3698
CLUBS THREE SPADES FIVE,0.6372,0.0094,0.3534
CLUBS THREE SPADES FOUR,0.6488,0.0082,0.343
CLUBS THREE SPADES THREE,0.4918,0.0108,0.4974
CLUBS THREE SPADES TWO,0.6446,0.0086,0.3468
CLUBS THREE SPADES SIX,0.6584,0.0082,0.3334
SPADES SEVEN CLUBS THREE,0.661,0.008,0.331
SPADES EIGHT CLUBS THREE,0.6792,0.0072,0.3136
SPADES NINE CLUBS THREE,0.6856,0.0086,0.3058
SPADES TWO DIAMONDS FOUR,0.6594,0.0072,0.3334
SPADES THREE DIAMONDS FOUR,0.6466,0.0102,0.3432
SPADES FOUR DIAMONDS FOUR,0.4746,0.0132,0.5122
SPADES FIVE DIAMONDS FOUR,0.6214,0.008,0.3706
SPADES SIX DIAMONDS FOUR,0.6504,0.0078,0.3418
SPADES SEVEN DIAMONDS FOUR,0.6438,0.011,0.3452
SPADES EIGHT DIAMONDS FOUR,0.6732,0.007,0.3198
SPADES NINE DIAMONDS FOUR,0.6926,0.0094,0.298
CLUBS FIVE DIAMONDS FOUR,0.6186,0.0082,0.3732
CLUBS FOUR DIAMONDS FOUR,0.4638,0.0086,0.5276
CLUBS SEVEN DIAMONDS FOUR,0.6474,0.0054,0.3472
CLUBS SIX DIAMONDS FOUR,0.6502,0.0064,0.3434
CLUBS NINE DIAMONDS FOUR,0.6742,0.0072,0.3186
CLUBS EIGHT DIAMONDS FOUR,0.6732,0.0074,0.3194
HEARTS SEVEN DIAMONDS FOUR,0.6522,0.0046,0.3432
HEARTS SIX DIAMONDS FOUR,0.6264,0.0074,0.3662
DIAMONDS FOUR HEARTS NINE,0.6826,0.0074,0.31
DIAMONDS FOUR HEARTS EIGHT,0.6612,0.0078,0.331
CLUBS THREE DIAMONDS FOUR,0.636,0.0076,0.3564
CLUBS TWO DIAMONDS FOUR,0.6464,0.007,0.3466
DIAMONDS TEN DIAMONDS FIVE,0.7084,0.037,0.2546
DIAMONDS JACK DIAMONDS FIVE,0.614,0.0088,0.3772
DIAMONDS NINE HEARTS QUEEN,0.6338,0.0048,0.3614
DIAMONDS NINE HEARTS KING,0.6528,0.117,0.2302
HEARTS ACE DIAMONDS NINE,0.423,0.0058,0.5712
DIAMONDS NINE HEARTS TEN,0.6928,0.0312,0.276
DIAMONDS NINE HEARTS JACK,0.6412,0.0068,0.352
CLUBS KING DIAMONDS SIX,0.647,0.1222,0.2308
CLUBS QUEEN DIAMONDS SIX,0.659,0.006,0.335
CLUBS ACE DIAMONDS SIX,0.4334,0.004,0.5626
SPADES KING DIAMONDS FOUR,0.6528,0.1202,0.227
SPADES ACE SPADES SEVEN,0.401,0.0044,0.5946
SPADES QUEEN DIAMONDS FOUR,0.6638,0.0098,0.3264
SPADES QUEEN SPADES SEVEN,0.6236,0.0066,0.3698
CLUBS JACK DIAMONDS SIX,0.6612,0.0044,0.3344
SPADES KING SPADES SEVEN,0.6312,0.115,0.2538
SPADES ACE DIAMONDS FOUR,0.4178,0.0054,0.5768
CLUBS TEN DIAMONDS SIX,0.7292,0.0336,0.2372
CLUBS NINE CLUBS FOUR,0.6242,0.0054,0.3704
CLUBS EIGHT CLUBS FOUR,0.6174,0.008,0.3746
SPADES JACK DIAMONDS FOUR,0.6502,0.0056,0.3442
CLUBS FIVE CLUBS FOUR,0.5906,0.005,0.4044
CLUBS SEVEN CLUBS FOUR,0.6062,0.0078,0.386
CLUBS SIX CLUBS FOUR,0.607,0.0088,0.3842
CLUBS SEVEN SPADES EIGHT,0.6378,0.0054,0.3568
CLUBS SEVEN SPADES NINE,0.6494,0.0044,0.3462
CLUBS SEVEN SPADES SIX,0.6226,0.006,0.3714
CLUBS SEVEN SPADES SEVEN,0.4668,0.0084,0.5248
CLUBS SEVEN SPADES FIVE,0.6366,0.0098,0.3536
CLUBS SEVEN SPADES FOUR,0.658,0.0062,0.3358
CLUBS SEVEN SPADES THREE,0.6612,0.0084,0.3304
CLUBS SEVEN SPADES TWO,0.6724,0.0068,0.3208
CLUBS NINE CLUBS SEVEN,0.5946,0.0084,0.397
CLUBS SEVEN CLUBS EIGHT,0.5788,0.006,0.4152
HEARTS SIX DIAMONDS FIVE,0.6204,0.007,0.3726
HEARTS SEVEN DIAMONDS FIVE,0.6428,0.007,0.3502
DIAMONDS FIVE HEARTS EIGHT,0.6438,0.0066,0.3496
DIAMONDS FIVE HEARTS NINE,0.6622,0.0062,0.3316
DIAMONDS QUEEN DIAMONDS FIVE,0.6296,0.0062,0.3642
HEARTS TWO DIAMONDS FIVE,0.6512,0.0072,0.3416
HEARTS KING HEARTS EIGHT,0.6032,0.1102,0.2866
HEARTS THREE DIAMONDS FIVE,0.6284,0.0088,0.3628
HEARTS QUEEN HEARTS EIGHT,0.5894,0.0072,0.4034
DIAMONDS ACE DIAMONDS FIVE,0.3916,0.0056,0.6028
HEARTS FOUR DIAMONDS FIVE,0.6454,0.008,0.3466
HEARTS FIVE DIAMONDS FIVE,0.478,0.0082,0.5138
HEARTS ACE HEARTS EIGHT,0.3896,0.0044,0.606
CLUBS FOUR DIAMONDS FIVE,0.6396,0.0098,0.3506
CLUBS FIVE DIAMONDS FIVE,0.4788,0.0084,0.5128
CLUBS SIX DIAMONDS FIVE,0.6314,0.0084,0.3602
CLUBS SEVEN DIAMONDS FIVE,0.635,0.0064,0.3586
CLUBS TWO DIAMONDS FIVE,0.6484,0.0108,0.3408
CLUBS THREE DIAMONDS FIVE,0.6394,0.0086,0.352
SPADES THREE DIAMONDS FIVE,0.6422,0.0082,0.3496
SPADES TWO DIAMONDS FIVE,0.651,0.01,0.339
SPADES JACK DIAMONDS EIGHT,0.6216,0.01,0.3684
SPADES FIVE DIAMONDS FIVE,0.482,0.0132,0.5048
CLUBS TEN HEARTS JACK,0.6982,0.0268,0.275
SPADES FOUR DIAMONDS FIVE,0.6262,0.0078,0.366
HEARTS JACK CLUBS JACK,0.2906,0.0048,0.7046
HEARTS JACK CLUBS QUEEN,0.5852,0.0052,0.4096
CLUBS NINE DIAMONDS FIVE,0.6584,0.006,0.3356
CLUBS KING HEARTS JACK,0.243,0.0898,0.6672
CLUBS EIGHT DIAMONDS FIVE,0.6576,0.0058,0.3366
CLUBS ACE HEARTS JACK,0.3668,0.0036,0.6296
SPADES SEVEN DIAMONDS FIVE,0.6386,0.006,0.3554
SPADES KING DIAMONDS EIGHT,0.6584,0.1162,0.2254
SPADES SIX DIAMONDS FIVE,0.631,0.0086,0.3604
SPADES QUEEN DIAMONDS EIGHT,0.6532,0.0088,0.338
SPADES NINE DIAMONDS FIVE,0.6794,0.007,0.3136
SPADES EIGHT DIAMONDS FIVE,0.6562,0.0066,0.3372
SPADES ACE DIAMONDS EIGHT,0.4208,0.0034,0.5758
DIAMONDS TEN DIAMONDS SIX,0.6888,0.0406,0.2706
HEARTS ACE DIAMONDS SEVEN,0.4204,0.0052,0.5744
DIAMONDS JACK DIAMONDS SIX,0.6212,0.0084,0.3704
HEARTS QUEEN DIAMONDS SEVEN,0.662,0.0074,0.3306
HEARTS KING DIAMONDS SEVEN,0.6414,0.1196,0.239
DIAMONDS ACE DIAMONDS SIX,0.4048,0.0046,0.5906
HEARTS FOUR DIAMONDS SIX,0.64,0.009,0.351
SPADES TWO HEARTS JACK,0.6694,0.008,0.3226
HEARTS FIVE DIAMONDS SIX,0.6256,0.0058,0.3686
SPADES TWO HEARTS TEN,0.7554,0.0312,0.2134
DIAMONDS QUEEN DIAMONDS SIX,0.6266,0.0076,0.3658
HEARTS TWO DIAMONDS SIX,0.67,0.0078,0.3222
HEARTS THREE DIAMONDS SIX,0.6494,0.0078,0.3428
HEARTS EIGHT DIAMONDS SIX,0.6478,0.0066,0.3456
HEARTS NINE DIAMONDS SIX,0.6578,0.0064,0.3358
HEARTS SIX DIAMONDS SIX,0.4748,0.0098,0.5154
HEARTS SEVEN DIAMONDS SIX,0.6226,0.0054,0.372
HEARTS TEN DIAMONDS SEVEN,0.7042,0.0376,0.2582
CLUBS TWO DIAMONDS SIX,0.6658,0.0088,0.3254
HEARTS JACK DIAMONDS SEVEN,0.649,0.0052,0.3458
CLUBS THREE DIAMONDS SIX,0.6452,0.0092,0.3456
CLUBS SEVEN DIAMONDS SIX,0.6296,0.0062,0.3642
DIAMONDS EIGHT CLUBS JACK,0.6448,0.0076,0.3476
CLUBS SIX DIAMONDS SIX,0.4734,0.0088,0.5178
CLUBS TEN DIAMONDS EIGHT,0.7228,0.0318,0.2454
CLUBS FIVE DIAMONDS SIX,0.6262,0.006,0.3678
CLUBS FOUR DIAMONDS SIX,0.6266,0.0072,0.3662
HEARTS ACE HEARTS JACK,0.342,0.0038,0.6542
DIAMONDS EIGHT CLUBS ACE,0.4254,0.0042,0.5704
HEARTS QUEEN HEARTS JACK,0.56,0.0056,0.4344
DIAMONDS EIGHT CLUBS KING,0.674,0.116,0.21
CLUBS NINE DIAMONDS SIX,0.653,0.006,0.341
HEARTS KING HEARTS JACK,0.234,0.0872,0.6788
DIAMONDS EIGHT CLUBS QUEEN,0.6554,0.0074,0.3372
CLUBS EIGHT DIAMONDS SIX,0.6442,0.0058,0.35
SPADES FIVE DIAMONDS SIX,0.6446,0.01,0.3454
HEARTS ACE SPADES TWO,0.432,0.0048,0.5632
SPADES JACK HEARTS KING,0.2372,0.0838,0.679
SPADES FOUR DIAMONDS SIX,0.6368,0.0074,0.3558
SPADES THREE DIAMONDS SIX,0.6596,0.0058,0.3346
HEARTS QUEEN SPADES TWO,0.6624,0.0076,0.33
SPADES ACE SPADES KING,0.2442,0.01,0.7458
SPADES TWO HEARTS KING,0.6468,0.118,0.2352
SPADES TWO DIAMONDS SIX,0.6604,0.0058,0.3338
HEARTS TEN HEARTS EIGHT,0.6742,0.0318,0.294
SPADES NINE DIAMONDS SIX,0.645,0.0068,0.3482
HEARTS JACK HEARTS EIGHT,0.604,0.0054,0.3906
SPADES EIGHT DIAMONDS SIX,0.6418,0.0054,0.3528
SPADES SEVEN DIAMONDS SIX,0.6358,0.0052,0.359
SPADES SIX DIAMONDS SIX,0.4806,0.008,0.5114
SPADES KING HEARTS KING,0.1002,0.0122,0.8876
SPADES QUEEN HEARTS KING,0.228,0.0634,0.7086
CLUBS ACE CLUBS KING,0.2376,0.0102,0.7522
SPADES ACE HEARTS KING,0.243,0.0118,0.7452
SPADES ACE HEARTS JACK,0.3722,0.0068,0.621
SPADES QUEEN HEARTS JACK,0.5946,0.0078,0.3976
SPADES KING HEARTS JACK,0.2236,0.0902,0.6862
SPADES JACK DIAMONDS TEN,0.7092,0.025,0.2658
SPADES ACE DIAMONDS TEN,0.2508,0.0204,0.7288
SPADES JACK HEARTS JACK,0.292,0.0056,0.7024
SPADES QUEEN DIAMONDS TEN,0.7132,0.0298,0.257
SPADES KING DIAMONDS TEN,0.0074,0.986,0.0066
SPADES NINE DIAMONDS SEVEN,0.6542,0.0074,0.3384
SPADES EIGHT DIAMONDS SEVEN,0.6288,0.006,0.3652
SPADES SEVEN DIAMONDS SEVEN,0.4814,0.0088,0.5098
SPADES SIX DIAMONDS SEVEN,0.6382,0.0076,0.3542
HEARTS THREE DIAMONDS SEVEN,0.6514,0.0072,0.3414
HEARTS KING DIAMONDS FIVE,0.654,0.1156,0.2304
DIAMONDS QUEEN DIAMONDS SEVEN,0.617,0.0072,0.3758
HEARTS TWO DIAMONDS SEVEN,0.6696,0.0082,0.3222
HEARTS QUEEN DIAMONDS FIVE,0.6616,0.0068,0.3316
HEARTS FIVE DIAMONDS SEVEN,0.6488,0.0056,0.3456
DIAMONDS ACE DIAMONDS SEVEN,0.4114,0.0048,0.5838
HEARTS FOUR DIAMONDS SEVEN,0.658,0.008,0.334
HEARTS ACE DIAMONDS FIVE,0.4308,0.0038,0.5654
HEARTS SEVEN DIAMONDS SEVEN,0.4534,0.0098,0.5368
HEARTS SIX DIAMONDS SEVEN,0.6208,0.0078,0.3714
DIAMONDS SEVEN HEARTS NINE,0.6512,0.0074,0.3414
HEARTS EIGHT DIAMONDS SEVEN,0.632,0.0068,0.3612
DIAMONDS JACK DIAMONDS SEVEN,0.6268,0.0064,0.3668
DIAMONDS FIVE HEARTS JACK,0.6554,0.0078,0.3368
DIAMONDS TEN DIAMONDS SEVEN,0.6776,0.0358,0.2866
HEARTS TEN DIAMONDS FIVE,0.7398,0.0318,0.2284
SPADES KING CLUBS TWO,0.6442,0.1202,0.2356
HEARTS KING CLUBS KING,0.1112,0.0102,0.8786
CLUBS EIGHT DIAMONDS SEVEN,0.6274,0.0056,0.367
SPADES QUEEN CLUBS TWO,0.665,0.008,0.327
HEARTS KING CLUBS QUEEN,0.2592,0.0576,0.6832
CLUBS NINE DIAMONDS SEVEN,0.6324,0.007,0.3606
SPADES TWO CLUBS JACK,0.6652,0.0072,0.3276
SPADES ACE CLUBS TWO,0.4048,0.006,0.5892
CLUBS TEN SPADES TWO,0.748,0.0364,0.2156
HEARTS KING CLUBS ACE,0.2504,0.0108,0.7388
CLUBS SEVEN CLUBS SIX,0.5838,0.007,0.4092
SPADES TWO CLUBS KING,0.6618,0.1188,0.2194
SPADES TWO DIAMONDS SEVEN,0.677,0.0102,0.3128
CLUBS EIGHT CLUBS SIX,0.6014,0.0072,0.3914
SPADES THREE DIAMONDS SEVEN,0.6548,0.009,0.3362
SPADES TWO CLUBS QUEEN,0.6648,0.0064,0.3288
CLUBS NINE CLUBS SIX,0.608,0.005,0.387
SPADES FOUR DIAMONDS SEVEN,0.6434,0.0056,0.351
HEARTS KING CLUBS JACK,0.2338,0.0812,0.685
SPADES FIVE DIAMONDS SEVEN,0.6454,0.0066,0.348
SPADES TWO CLUBS ACE,0.4468,0.0046,0.5486
CLUBS TEN HEARTS KING,0.0204,0.9592,0.0204
CLUBS SIX SPADES TWO,0.6634,0.0072,0.3294
CLUBS SIX SPADES THREE,0.6502,0.0088,0.341
CLUBS TWO DIAMONDS SEVEN,0.6786,0.0086,0.3128
CLUBS SIX SPADES FOUR,0.6316,0.0064,0.362
CLUBS THREE DIAMONDS SEVEN,0.68,0.0072,0.3128
CLUBS SIX SPADES FIVE,0.6314,0.0064,0.3622
CLUBS FOUR DIAMONDS SEVEN,0.6576,0.005,0.3374
CLUBS SIX SPADES SIX,0.4778,0.007,0.5152
CLUBS FIVE DIAMONDS SEVEN,0.638,0.0068,0.3552
CLUBS SIX SPADES SEVEN,0.6266,0.007,0.3664
CLUBS SIX DIAMONDS SEVEN,0.635,0.0086,0.3564
SPADES EIGHT CLUBS SIX,0.6284,0.0078,0.3638
SPADES JACK CLUBS TWO,0.6508,0.007,0.3422
CLUBS SEVEN DIAMONDS SEVEN,0.4726,0.0076,0.5198
SPADES NINE CLUBS SIX,0.6566,0.0064,0.337
CLUBS TWO CLUBS QUEEN,0.6158,0.0066,0.3776
CLUBS TWO CLUBS KING,0.6096,0.1122,0.2782
CLUBS THREE DIAMONDS EIGHT,0.6818,0.0054,0.3128
CLUBS TWO CLUBS ACE,0.3946,0.005,0.6004
CLUBS TWO DIAMONDS EIGHT,0.668,0.0074,0.3246
HEARTS SEVEN DIAMONDS EIGHT,0.6216,0.0066,0.3718
HEARTS SIX DIAMONDS EIGHT,0.6392,0.0066,0.3542
DIAMONDS EIGHT HEARTS NINE,0.6338,0.0064,0.3598
CLUBS TEN CLUBS TWO,0.6956,0.0336,0.2708
DIAMONDS EIGHT HEARTS EIGHT,0.4444,0.0072,0.5484
CLUBS TWO CLUBS JACK,0.6212,0.0058,0.373
CLUBS NINE DIAMONDS EIGHT,0.6302,0.0066,0.3632
CLUBS EIGHT DIAMONDS EIGHT,0.4508,0.009,0.5402
CLUBS FIVE DIAMONDS EIGHT,0.6528,0.0088,0.3384
SPADES ACE SPADES THREE,0.4114,0.005,0.5836
CLUBS FOUR DIAMONDS EIGHT,0.6572,0.01,0.3328
CLUBS SEVEN DIAMONDS EIGHT,0.6388,0.0056,0.3556
SPADES QUEEN SPADES THREE,0.63,0.0068,0.3632
CLUBS SIX DIAMONDS EIGHT,0.6462,0.0072,0.3466
SPADES KING SPADES THREE,0.6162,0.1108,0.273
DIAMONDS QUEEN DIAMONDS EIGHT,0.617,0.0062,0.3768
HEARTS TWO DIAMONDS EIGHT,0.6708,0.005,0.3242
HEARTS THREE DIAMONDS EIGHT,0.681,0.008,0.311
DIAMONDS ACE DIAMONDS EIGHT,0.4066,0.0056,0.5878
HEARTS FOUR DIAMONDS EIGHT,0.66,0.0066,0.3334
HEARTS FIVE DIAMONDS EIGHT,0.6492,0.008,0.3428
DIAMONDS EIGHT DIAMONDS TEN,0.6842,0.0332,0.2826
DIAMONDS EIGHT DIAMONDS JACK,0.617,0.0096,0.3734
SPADES JACK SPADES THREE,0.6114,0.0076,0.381
CLUBS FOUR HEARTS ACE,0.4324,0.0052,0.5624
CLUBS FOUR HEARTS QUEEN,0.65,0.007,0.343
CLUBS FOUR HEARTS KING,0.646,0.1184,0.2356
CLUBS SIX HEARTS TEN,0.734,0.0324,0.2336
CLUBS SIX HEARTS JACK,0.67,0.0048,0.3252
SPADES FOUR DIAMONDS EIGHT,0.6798,0.0078,0.3124
SPADES FIVE DIAMONDS EIGHT,0.6546,0.007,0.3384
DIAMONDS EIGHT SPADES TWO,0.6864,0.0096,0.304
DIAMONDS EIGHT SPADES THREE,0.6728,0.0074,0.3198
CLUBS FOUR HEARTS JACK,0.6496,0.0076,0.3428
SPADES EIGHT DIAMONDS EIGHT,0.4638,0.01,0.5262
SPADES JACK HEARTS EIGHT,0.6392,0.006,0.3548
CLUBS FOUR HEARTS TEN,0.7266,0.036,0.2374
SPADES NINE DIAMONDS EIGHT,0.6386,0.0078,0.3536
SPADES JACK HEARTS TWO,0.652,0.0084,0.3396
SPADES JACK DIAMONDS QUEEN,0.5856,0.006,0.4084
SPADES SIX DIAMONDS EIGHT,0.6412,0.0076,0.3512
SPADES SEVEN DIAMONDS EIGHT,0.6352,0.008,0.3568
SPADES ACE HEARTS TWO,0.4118,0.0052,0.583
SPADES ACE DIAMONDS QUEEN,0.378,0.0054,0.6166
SPADES ACE HEARTS EIGHT,0.411,0.004,0.585
SPADES KING HEARTS EIGHT,0.6542,0.1174,0.2284
SPADES QUEEN HEARTS TWO,0.662,0.0074,0.3306
SPADES QUEEN DIAMONDS QUEEN,0.2732,0.0032,0.7236
SPADES KING DIAMONDS QUEEN,0.2366,0.0616,0.7018
SPADES KING HEARTS TWO,0.6534,0.1154,0.2312
SPADES QUEEN HEARTS EIGHT,0.6406,0.0046,0.3548
CLUBS TWO HEARTS TEN,0.737,0.0348,0.2282
CLUBS TWO HEARTS JACK,0.6612,0.0088,0.33
SPADES SEVEN DIAMONDS NINE,0.6434,0.0078,0.3488
SPADES SIX DIAMONDS NINE,0.6616,0.0056,0.3328
SPADES NINE DIAMONDS NINE,0.4578,0.0096,0.5326
SPADES EIGHT DIAMONDS NINE,0.6432,0.0078,0.349
DIAMONDS NINE SPADES THREE,0.674,0.01,0.316
SPADES JACK CLUBS KING,0.2362,0.091,0.6728
DIAMONDS NINE SPADES TWO,0.69,0.0078,0.3022
SPADES FIVE DIAMONDS NINE,0.6692,0.008,0.3228
DIAMONDS NINE SPADES FOUR,0.69,0.007,0.303
CLUBS NINE DIAMONDS NINE,0.4478,0.0084,0.5438
CLUBS EIGHT DIAMONDS NINE,0.637,0.0058,0.3572
CLUBS SIX DIAMONDS NINE,0.6566,0.008,0.3354
SPADES JACK CLUBS FOUR,0.6442,0.0066,0.3492
CLUBS SEVEN DIAMONDS NINE,0.643,0.0074,0.3496
CLUBS FOUR DIAMONDS NINE,0.675,0.0084,0.3166
CLUBS FIVE DIAMONDS NINE,0.663,0.0066,0.3304
DIAMONDS NINE CLUBS TWO,0.6854,0.0066,0.308
CLUBS THREE DIAMONDS NINE,0.6846,0.0092,0.3062
DIAMONDS NINE HEARTS EIGHT,0.628,0.0064,0.3656
DIAMONDS NINE HEARTS NINE,0.4494,0.0056,0.545
HEARTS SIX DIAMONDS NINE,0.6476,0.0068,0.3456
HEARTS SEVEN DIAMONDS NINE,0.6444,0.0076,0.348
CLUBS NINE CLUBS EIGHT,0.5954,0.0038,0.4008
DIAMONDS ACE DIAMONDS NINE,0.3944,0.0036,0.602
HEARTS FOUR DIAMONDS NINE,0.674,0.0074,0.3186
HEARTS FIVE DIAMONDS NINE,0.6588,0.0084,0.3328
HEARTS ACE CLUBS TWO,0.408,0.0056,0.5864
SPADES ACE CLUBS FOUR,0.4228,0.005,0.5722
DIAMONDS QUEEN DIAMONDS NINE,0.6168,0.008,0.3752
HEARTS TWO DIAMONDS NINE,0.689,0.007,0.304
CLUBS TWO HEARTS KING,0.6564,0.1174,0.2262
SPADES KING CLUBS FOUR,0.639,0.119,0.242
HEARTS THREE DIAMONDS NINE,0.6712,0.0092,0.3196
CLUBS TWO HEARTS QUEEN,0.6624,0.005,0.3326
SPADES QUEEN CLUBS FOUR,0.6528,0.0052,0.342
DIAMONDS NINE DIAMONDS JACK,0.5906,0.005,0.4044
CLUBS EIGHT SPADES NINE,0.6346,0.0044,0.361
DIAMONDS NINE DIAMONDS TEN,0.676,0.0338,0.2902
CLUBS EIGHT SPADES EIGHT,0.4706,0.0084,0.521
CLUBS EIGHT SPADES SEVEN,0.6328,0.0078,0.3594
CLUBS EIGHT SPADES SIX,0.6398,0.0078,0.3524
CLUBS EIGHT SPADES FIVE,0.6558,0.0056,0.3386
CLUBS EIGHT SPADES FOUR,0.658,0.0086,0.3334
CLUBS EIGHT SPADES THREE,0.6742,0.0066,0.3192
CLUBS EIGHT SPADES TWO,0.6822,0.0064,0.3114
HEARTS SIX DIAMONDS TEN,0.7322,0.0324,0.2354
HEARTS SEVEN DIAMONDS TEN,0.7126,0.037,0.2504
DIAMONDS TEN HEARTS EIGHT,0.717,0.0304,0.2526
CLUBS FOUR CLUBS JACK,0.6162,0.008,0.3758
DIAMONDS TEN HEARTS NINE,0.7066,0.0346,0.2588
CLUBS TEN CLUBS FOUR,0.6914,0.0318,0.2768
CLUBS FOUR CLUBS KING,0.5962,0.107,0.2968
CLUBS FOUR CLUBS QUEEN,0.6106,0.0074,0.382
CLUBS TWO DIAMONDS TEN,0.7428,0.0398,0.2174
CLUBS THREE DIAMONDS TEN,0.7332,0.0424,0.2244
CLUBS FOUR CLUBS ACE,0.4004,0.0044,0.5952
DIAMONDS JACK DIAMONDS TEN,0.6734,0.028,0.2986
DIAMONDS QUEEN DIAMONDS TEN,0.6902,0.0244,0.2854
HEARTS TWO DIAMONDS TEN,0.7456,0.0398,0.2146
HEARTS THREE DIAMONDS TEN,0.7436,0.0326,0.2238
DIAMONDS ACE DIAMONDS TEN,0.2448,0.0218,0.7334
HEARTS FOUR DIAMONDS TEN,0.7374,0.0362,0.2264
CLUBS EIGHT HEARTS JACK,0.6416,0.0072,0.3512
HEARTS FIVE DIAMONDS TEN,0.7362,0.036,0.2278
CLUBS EIGHT HEARTS TEN,0.7134,0.0358,0.2508
CLUBS EIGHT HEARTS QUEEN,0.6406,0.0078,0.3516
CLUBS EIGHT HEARTS KING,0.6434,0.1188,0.2378
CLUBS EIGHT HEARTS ACE,0.4268,0.0028,0.5704
CLUBS NINE SPADES THREE,0.6704,0.0082,0.3214
CLUBS NINE SPADES TWO,0.686,0.0092,0.3048
CLUBS NINE SPADES FIVE,0.6666,0.0064,0.327
CLUBS NINE SPADES FOUR,0.6788,0.0084,0.3128
CLUBS NINE SPADES SEVEN,0.6426,0.0062,0.3512
CLUBS NINE SPADES SIX,0.6616,0.0084,0.33
CLUBS NINE SPADES NINE,0.4472,0.008,0.5448
CLUBS TEN HEARTS EIGHT,0.72,0.032,0.248
CLUBS NINE SPADES EIGHT,0.6384,0.0068,0.3548
HEARTS EIGHT CLUBS JACK,0.6364,0.0056,0.358
CLUBS QUEEN HEARTS EIGHT,0.6434,0.0062,0.3504
CLUBS KING HEARTS EIGHT,0.664,0.1046,0.2314
CLUBS ACE HEARTS EIGHT,0.4216,0.0032,0.5752
SPADES KING CLUBS KING,0.097,0.014,0.889
SPADES QUEEN CLUBS KING,0.2358,0.054,0.7102
SPADES ACE CLUBS KING,0.24,0.0096,0.7504
DIAMONDS ACE HEARTS TEN,0.2286,0.0198,0.7516
HEARTS FOUR HEARTS TEN,0.6934,0.0314,0.2752
DIAMONDS ACE HEARTS JACK,0.3658,0.0044,0.6298
HEARTS FOUR HEARTS JACK,0.6244,0.006,0.3696
SPADES KING CLUBS FIVE,0.6492,0.118,0.2328
SPADES QUEEN CLUBS FIVE,0.6436,0.0088,0.3476
SPADES ACE CLUBS FIVE,0.4112,0.0048,0.584
HEARTS SEVEN DIAMONDS JACK,0.6646,0.0068,0.3286
HEARTS SIX DIAMONDS JACK,0.6516,0.0078,0.3406
DIAMONDS JACK HEARTS NINE,0.626,0.0074,0.3666
DIAMONDS JACK HEARTS EIGHT,0.6432,0.006,0.3508
HEARTS THREE DIAMONDS JACK,0.661,0.007,0.332
SPADES ACE SPADES SIX,0.3984,0.004,0.5976
HEARTS ACE SPADES FOUR,0.4338,0.0036,0.5626
DIAMONDS QUEEN DIAMONDS JACK,0.5594,0.007,0.4336
HEARTS TWO DIAMONDS JACK,0.673,0.008,0.319
HEARTS FIVE DIAMONDS JACK,0.6586,0.0056,0.3358
SPADES QUEEN SPADES SIX,0.6138,0.0062,0.38
SPADES FOUR HEARTS QUEEN,0.6456,0.0066,0.3478
DIAMONDS ACE DIAMONDS JACK,0.343,0.006,0.651
HEARTS FOUR DIAMONDS JACK,0.6512,0.0058,0.343
SPADES KING SPADES SIX,0.6222,0.112,0.2658
SPADES FOUR HEARTS KING,0.6466,0.1204,0.233
SPADES JACK SPADES SIX,0.625,0.0064,0.3686
SPADES FOUR DIAMONDS JACK,0.666,0.0074,0.3266
SPADES FIVE DIAMONDS JACK,0.661,0.0062,0.3328
DIAMONDS JACK SPADES TWO,0.6622,0.0086,0.3292
SPADES THREE DIAMONDS JACK,0.6742,0.0092,0.3166
SPADES ACE DIAMONDS THREE,0.4082,0.0042,0.5876
SPADES QUEEN DIAMONDS THREE,0.6552,0.0082,0.3366
CLUBS EIGHT DIAMONDS JACK,0.6462,0.0056,0.3482
SPADES KING DIAMONDS THREE,0.6686,0.1166,0.2148
CLUBS NINE DIAMONDS JACK,0.6384,0.0068,0.3548
CLUBS SIX DIAMONDS JACK,0.6538,0.0064,0.3398
CLUBS SEVEN DIAMONDS JACK,0.6408,0.0048,0.3544
CLUBS FOUR DIAMONDS JACK,0.6592,0.0064,0.3344
CLUBS FIVE DIAMONDS JACK,0.6536,0.0062,0.3402
CLUBS TWO DIAMONDS JACK,0.6752,0.0068,0.318
CLUBS THREE DIAMONDS JACK,0.672,0.0058,0.3222
SPADES JACK HEARTS SIX,0.659,0.0046,0.3364
SPADES JACK CLUBS FIVE,0.6446,0.0072,0.3482
SPADES JACK DIAMONDS THREE,0.6642,0.0072,0.3286
CLUBS SEVEN CLUBS ACE,0.4054,0.004,0.5906
CLUBS SEVEN CLUBS QUEEN,0.6102,0.0064,0.3834
CLUBS SEVEN CLUBS KING,0.6068,0.106,0.2872
SPADES NINE DIAMONDS JACK,0.639,0.0072,0.3538
CLUBS TEN CLUBS SEVEN,0.6672,0.031,0.3018
DIAMONDS ACE HEARTS ACE,0.1258,0.0038,0.8704
HEARTS FOUR HEARTS ACE,0.3966,0.004,0.5994
SPADES EIGHT DIAMONDS JACK,0.6312,0.0062,0.3626
SPADES ACE HEARTS SIX,0.4114,0.0064,0.5822
CLUBS SEVEN CLUBS JACK,0.5942,0.006,0.3998
DIAMONDS ACE HEARTS KING,0.2378,0.0112,0.751
HEARTS FOUR HEARTS KING,0.6196,0.1068,0.2736
SPADES SEVEN DIAMONDS JACK,0.6604,0.0072,0.3324
SPADES KING HEARTS SIX,0.658,0.1118,0.2302
DIAMONDS ACE HEARTS QUEEN,0.3724,0.0056,0.622
HEARTS FOUR HEARTS QUEEN,0.6128,0.006,0.3812
SPADES SIX DIAMONDS JACK,0.6672,0.0066,0.3262
SPADES QUEEN HEARTS SIX,0.6404,0.0076,0.352
SPADES TWO DIAMONDS TEN,0.755,0.038,0.207
SPADES THREE DIAMONDS TEN,0.751,0.0364,0.2126
SPADES FOUR DIAMONDS TEN,0.7386,0.0352,0.2262
SPADES FIVE DIAMONDS TEN,0.7426,0.0372,0.2202
SPADES SIX DIAMONDS TEN,0.7374,0.0356,0.227
SPADES SEVEN DIAMONDS TEN,0.7342,0.035,0.2308
SPADES EIGHT DIAMONDS TEN,0.7198,0.0364,0.2438
SPADES NINE DIAMONDS TEN,0.697,0.0336,0.2694
CLUBS FOUR DIAMONDS TEN,0.7338,0.0378,0.2284
CLUBS FIVE DIAMONDS TEN,0.7474,0.0386,0.214
CLUBS SIX DIAMONDS TEN,0.7194,0.0364,0.2442
CLUBS SEVEN DIAMONDS TEN,0.6982,0.0344,0.2674
CLUBS EIGHT DIAMONDS TEN,0.7186,0.0336,0.2478
CLUBS NINE DIAMONDS TEN,0.6978,0.0308,0.2714
DIAMONDS THREE CLUBS JACK,0.651,0.0076,0.3414
CLUBS TEN DIAMONDS THREE,0.744,0.0402,0.2158
DIAMONDS THREE CLUBS KING,0.653,0.1162,0.2308
DIAMONDS THREE CLUBS QUEEN,0.6726,0.0064,0.321
DIAMONDS THREE CLUBS ACE,0.4452,0.005,0.5498
SPADES FOUR HEARTS JACK,0.6596,0.0074,0.333
SPADES FOUR HEARTS TEN,0.7288,0.0382,0.233
SPADES FIVE SPADES TWO,0.6264,0.008,0.3656
SPADES FOUR SPADES TWO,0.618,0.0082,0.3738
SPADES THREE SPADES TWO,0.6188,0.0076,0.3736
SPADES NINE SPADES TWO,0.6426,0.0098,0.3476
SPADES EIGHT SPADES TWO,0.6606,0.0088,0.3306
SPADES SEVEN SPADES TWO,0.648,0.0074,0.3446
SPADES SIX SPADES TWO,0.637,0.008,0.355
DIAMONDS QUEEN CLUBS THREE,0.657,0.0084,0.3346
CLUBS THREE HEARTS TWO,0.651,0.0082,0.3408
DIAMONDS QUEEN CLUBS TWO,0.6656,0.0076,0.3268
HEARTS TWO CLUBS TWO,0.475,0.0108,0.5142
HEARTS SEVEN DIAMONDS QUEEN,0.6634,0.007,0.3296
HEARTS SEVEN HEARTS TWO,0.63,0.005,0.365
HEARTS SIX DIAMONDS QUEEN,0.6524,0.0056,0.342
HEARTS SIX HEARTS TWO,0.6294,0.006,0.3646
DIAMONDS QUEEN HEARTS NINE,0.64,0.0078,0.3522
HEARTS TWO HEARTS NINE,0.6272,0.008,0.3648
DIAMONDS QUEEN HEARTS EIGHT,0.6454,0.008,0.3466
HEARTS TWO HEARTS EIGHT,0.6256,0.0066,0.3678
CLUBS NINE HEARTS TWO,0.6758,0.0068,0.3174
CLUBS NINE DIAMONDS QUEEN,0.6358,0.008,0.3562
CLUBS EIGHT HEARTS TWO,0.6766,0.0064,0.317
CLUBS EIGHT DIAMONDS QUEEN,0.6534,0.0058,0.3408
CLUBS FIVE DIAMONDS QUEEN,0.6602,0.0074,0.3324
CLUBS FIVE HEARTS TWO,0.6486,0.0058,0.3456
SPADES EIGHT HEARTS ACE,0.4252,0.0056,0.5692
DIAMONDS QUEEN CLUBS FOUR,0.6682,0.0066,0.3252
CLUBS FOUR HEARTS TWO,0.6516,0.0092,0.3392
CLUBS SEVEN DIAMONDS QUEEN,0.6628,0.0072,0.33
CLUBS SEVEN HEARTS TWO,0.6742,0.006,0.3198
SPADES EIGHT HEARTS QUEEN,0.649,0.006,0.345
CLUBS SIX DIAMONDS QUEEN,0.6606,0.0062,0.3332
CLUBS SIX HEARTS TWO,0.6612,0.0082,0.3306
SPADES EIGHT HEARTS KING,0.6528,0.1186,0.2286
DIAMONDS QUEEN SPADES SIX,0.6594,0.0066,0.334
SPADES SIX HEARTS TWO,0.6642,0.0082,0.3276
HEARTS FOUR CLUBS QUEEN,0.6446,0.0064,0.349
DIAMONDS ACE CLUBS QUEEN,0.3662,0.004,0.6298
DIAMONDS QUEEN SPADES SEVEN,0.6586,0.0052,0.3362
SPADES SEVEN HEARTS TWO,0.6822,0.005,0.3128
HEARTS FOUR CLUBS KING,0.642,0.1168,0.2412
DIAMONDS ACE CLUBS KING,0.249,0.0112,0.7398
SPADES EIGHT DIAMONDS QUEEN,0.6466,0.0086,0.3448
SPADES EIGHT HEARTS TWO,0.6814,0.0102,0.3084
HEARTS FOUR CLUBS ACE,0.414,0.0036,0.5824
DIAMONDS ACE CLUBS ACE,0.1358,0.0032,0.861
SPADES NINE DIAMONDS QUEEN,0.6488,0.0064,0.3448
SPADES NINE HEARTS TWO,0.687,0.008,0.305
HEARTS TWO SPADES TWO,0.473,0.0124,0.5146
DIAMONDS QUEEN SPADES TWO,0.6712,0.0084,0.3204
HEARTS TWO SPADES THREE,0.6674,0.0084,0.3242
DIAMONDS QUEEN SPADES THREE,0.6586,0.0072,0.3342
HEARTS TWO SPADES FOUR,0.65,0.0074,0.3426
DIAMONDS QUEEN SPADES FOUR,0.652,0.0086,0.3394
CLUBS TEN HEARTS FOUR,0.7306,0.0392,0.2302
CLUBS TEN DIAMONDS ACE,0.25,0.02,0.73
HEARTS TWO SPADES FIVE,0.6524,0.0066,0.341
DIAMONDS QUEEN SPADES FIVE,0.6552,0.0098,0.335
HEARTS FOUR CLUBS JACK,0.651,0.0064,0.3426
DIAMONDS ACE CLUBS JACK,0.37,0.004,0.626
CLUBS FIVE CLUBS KING,0.61,0.1086,0.2814
CLUBS FIVE CLUBS QUEEN,0.616,0.007,0.377
CLUBS FIVE CLUBS ACE,0.3898,0.0032,0.607
CLUBS FIVE CLUBS JACK,0.607,0.0062,0.3868
CLUBS TEN CLUBS FIVE,0.6996,0.0336,0.2668
SPADES KING CLUBS JACK,0.2394,0.085,0.6756
SPADES QUEEN CLUBS JACK,0.5888,0.0068,0.4044
SPADES ACE CLUBS JACK,0.3662,0.0052,0.6286
SPADES SIX CLUBS KING,0.6488,0.1192,0.232
SPADES SIX CLUBS QUEEN,0.6602,0.0062,0.3336
SPADES EIGHT HEARTS JACK,0.6424,0.0062,0.3514
SPADES SIX CLUBS ACE,0.4394,0.0032,0.5574
SPADES EIGHT HEARTS TEN,0.7154,0.035,0.2496
SPADES SIX CLUBS JACK,0.668,0.0066,0.3254
CLUBS TEN SPADES SIX,0.7318,0.0326,0.2356
SPADES JACK CLUBS JACK,0.2974,0.0072,0.6954
SPADES QUEEN CLUBS SEVEN,0.6514,0.0064,0.3422
SPADES KING CLUBS SEVEN,0.6602,0.1144,0.2254
SPADES ACE CLUBS SEVEN,0.4138,0.0048,0.5814
SPADES SIX HEARTS TEN,0.7286,0.0358,0.2356
SPADES SIX HEARTS JACK,0.6534,0.006,0.3406
SPADES SIX HEARTS ACE,0.4282,0.005,0.5668
SPADES SIX HEARTS KING,0.6552,0.1146,0.2302
SPADES SIX HEARTS QUEEN,0.6504,0.0066,0.343
CLUBS SEVEN SPADES JACK,0.6462,0.0058,0.348
CLUBS TEN HEARTS SIX,0.7186,0.031,0.2504
HEARTS SIX CLUBS JACK,0.6488,0.006,0.3452
CLUBS ACE CLUBS JACK,0.35,0.0038,0.6462
HEARTS SIX CLUBS QUEEN,0.6486,0.0058,0.3456
HEARTS SIX CLUBS KING,0.6498,0.1194,0.2308
HEARTS SIX CLUBS ACE,0.4328,0.0028,0.5644
CLUBS QUEEN CLUBS JACK,0.5458,0.0056,0.4486
CLUBS KING CLUBS JACK,0.2234,0.0876,0.689
DIAMONDS THREE HEARTS ACE,0.4318,0.0042,0.564
DIAMONDS THREE HEARTS QUEEN,0.6528,0.0066,0.3406
DIAMONDS THREE HEARTS KING,0.6526,0.118,0.2294
CLUBS FIVE HEARTS JACK,0.6458,0.005,0.3492
CLUBS FIVE HEARTS TEN,0.7314,0.0356,0.233
HEARTS FOUR SPADES JACK,0.6542,0.0068,0.339
SPADES JACK DIAMONDS ACE,0.3662,0.005,0.6288
SPADES ACE HEARTS FOUR,0.4156,0.0062,0.5782
SPADES ACE DIAMONDS ACE,0.1324,0.0044,0.8632
CLUBS FIVE HEARTS ACE,0.4308,0.0032,0.566
CLUBS FIVE HEARTS KING,0.6486,0.1186,0.2328
HEARTS FOUR SPADES QUEEN,0.6562,0.0094,0.3344
SPADES QUEEN DIAMONDS ACE,0.3674,0.0072,0.6254
SPADES FOUR CLUBS JACK,0.6596,0.0066,0.3338
CLUBS FIVE HEARTS QUEEN,0.6494,0.0058,0.3448
SPADES KING DIAMONDS ACE,0.2206,0.0124,0.767
SPADES KING HEARTS FOUR,0.6452,0.117,0.2378
CLUBS TEN SPADES FOUR,0.734,0.0318,0.2342
DIAMONDS ACE DIAMONDS QUEEN,0.3564,0.0054,0.6382
DIAMONDS ACE HEARTS TWO,0.4126,0.0054,0.582
HEARTS FOUR DIAMONDS QUEEN,0.6752,0.005,0.3198
HEARTS FOUR HEARTS TWO,0.5898,0.0082,0.402
DIAMONDS THREE HEARTS TEN,0.7404,0.0342,0.2254
SPADES FOUR CLUBS KING,0.6586,0.1142,0.2272
HEARTS FIVE DIAMONDS QUEEN,0.651,0.0074,0.3416
HEARTS FIVE HEARTS TWO,0.5994,0.0084,0.3922
DIAMONDS THREE HEARTS JACK,0.6632,0.0066,0.3302
SPADES FOUR CLUBS QUEEN,0.6592,0.0074,0.3334
DIAMONDS QUEEN HEARTS TWO,0.6648,0.0068,0.3284
DIAMONDS QUEEN HEARTS THREE,0.6578,0.0088,0.3334
HEARTS THREE HEARTS TWO,0.6024,0.007,0.3906
SPADES FOUR CLUBS ACE,0.4302,0.004,0.5658
HEARTS TWO CLUBS ACE,0.4198,0.0052,0.575
DIAMONDS QUEEN CLUBS ACE,0.388,0.0056,0.6064
HEARTS TWO CLUBS QUEEN,0.6584,0.006,0.3356
DIAMONDS QUEEN CLUBS QUEEN,0.2914,0.0034,0.7052
HEARTS TWO CLUBS KING,0.6556,0.1206,0.2238
DIAMONDS QUEEN CLUBS KING,0.2472,0.0616,0.6912
SPADES EIGHT SPADES FIVE,0.6134,0.0074,0.3792
CLUBS TEN HEARTS TWO,0.7358,0.0398,0.2244
CLUBS TEN DIAMONDS QUEEN,0.7288,0.0286,0.2426
SPADES NINE SPADES FIVE,0.639,0.0082,0.3528
HEARTS TWO CLUBS JACK,0.6602,0.007,0.3328
DIAMONDS QUEEN CLUBS JACK,0.5946,0.0062,0.3992
SPADES SIX SPADES FIVE,0.6084,0.0092,0.3824
SPADES SEVEN SPADES FIVE,0.6042,0.0084,0.3874
DIAMONDS FIVE CLUBS QUEEN,0.6438,0.006,0.3502
SPADES EIGHT CLUBS ACE,0.428,0.0038,0.5682
DIAMONDS FIVE CLUBS KING,0.6506,0.1112,0.2382
SPADES EIGHT CLUBS KING,0.663,0.1162,0.2208
CLUBS ACE DIAMONDS FIVE,0.4326,0.0034,0.564
SPADES EIGHT CLUBS QUEEN,0.658,0.006,0.336
SPADES EIGHT CLUBS JACK,0.6408,0.0058,0.3534
CLUBS TEN SPADES EIGHT,0.7202,0.0352,0.2446
CLUBS TEN DIAMONDS FIVE,0.7422,0.038,0.2198
DIAMONDS FIVE CLUBS JACK,0.6564,0.007,0.3366
DIAMONDS TEN HEARTS JACK,0.7138,0.0272,0.259
DIAMONDS TEN HEARTS TEN,0.322,0.0216,0.6564
SPADES ACE CLUBS NINE,0.4154,0.0048,0.5798
CLUBS NINE SPADES QUEEN,0.6376,0.0076,0.3548
CLUBS NINE SPADES KING,0.6528,0.1172,0.23
HEARTS SIX HEARTS KING,0.605,0.115,0.28
