opposingHand,winningChance,drawChance,lostChance
SPADES THREE CLUBS QUEEN
HEARTS FIVE SPADES TEN,0.5932,0.0116,0.3952
SPADES JACK HEARTS FIVE,0.5988,0.0092,0.392
SPADES FIVE CLUBS JACK,0.596,0.0126,0.3914
SPADES FIVE CLUBS TEN,0.5908,0.0136,0.3956
CLUBS EIGHT CLUBS JACK,0.5284,0.0128,0.4588
CLUBS EIGHT CLUBS TEN,0.5424,0.0092,0.4484
CLUBS EIGHT CLUBS KING,0.334,0.0084,0.6576
SPADES FIVE CLUBS ACE,0.3378,0.007,0.6552
SPADES FIVE CLUBS KING,0.3502,0.0088,0.641
CLUBS EIGHT CLUBS ACE,0.343,0.0042,0.6528
DIAMONDS TWO DIAMONDS THREE,0.6642,0.0392,0.2966
DIAMONDS TWO DIAMONDS FIVE,0.5782,0.0118,0.41
SPADES KING HEARTS FIVE,0.3518,0.007,0.6412
DIAMONDS TWO DIAMONDS FOUR,0.5744,0.0134,0.4122
SPADES QUEEN HEARTS FIVE,0.2102,0.47,0.3198
DIAMONDS TWO DIAMONDS SEVEN,0.6038,0.0114,0.3848
DIAMONDS TWO DIAMONDS SIX,0.5822,0.0154,0.4024
SPADES ACE HEARTS FIVE,0.3516,0.0052,0.6432
DIAMONDS TWO DIAMONDS NINE,0.5824,0.0122,0.4054
DIAMONDS TWO DIAMONDS EIGHT,0.5904,0.0148,0.3948
DIAMONDS THREE DIAMONDS FOUR,0.6408,0.0404,0.3188
CLUBS TWO SPADES FOUR,0.6102,0.0136,0.3762
DIAMONDS THREE DIAMONDS FIVE,0.6314,0.0374,0.3312
CLUBS TWO SPADES FIVE,0.6082,0.0182,0.3736
CLUBS TWO SPADES TWO,0.4364,0.0344,0.5292
DIAMONDS THREE DIAMONDS EIGHT,0.6744,0.0368,0.2888
SPADES EIGHT CLUBS TWO,0.6302,0.015,0.3548
DIAMONDS THREE DIAMONDS NINE,0.6786,0.0396,0.2818
SPADES NINE CLUBS TWO,0.6294,0.0142,0.3564
DIAMONDS THREE DIAMONDS SIX,0.655,0.0424,0.3026
CLUBS TWO SPADES SIX,0.6286,0.0154,0.356
DIAMONDS THREE DIAMONDS SEVEN,0.6662,0.034,0.2998
CLUBS TWO SPADES SEVEN,0.647,0.0164,0.3366
CLUBS SIX CLUBS TWO,0.588,0.0136,0.3984
CLUBS SEVEN CLUBS TWO,0.6094,0.017,0.3736
CLUBS FOUR CLUBS TWO,0.5904,0.0164,0.3932
CLUBS FIVE CLUBS TWO,0.5788,0.0172,0.404
CLUBS JACK CLUBS TEN,0.5086,0.0116,0.4798
DIAMONDS FOUR DIAMONDS SIX,0.5382,0.013,0.4488
DIAMONDS FOUR DIAMONDS SEVEN,0.547,0.0122,0.4408
CLUBS KING CLUBS TEN,0.3316,0.0064,0.662
CLUBS ACE CLUBS TEN,0.329,0.0062,0.6648
CLUBS EIGHT CLUBS TWO,0.5876,0.0146,0.3978
DIAMONDS FIVE DIAMONDS FOUR,0.5214,0.0142,0.4644
CLUBS NINE CLUBS TWO,0.5972,0.016,0.3868
DIAMONDS NINE DIAMONDS FOUR,0.5626,0.0126,0.4248
DIAMONDS EIGHT DIAMONDS FOUR,0.5414,0.011,0.4476
CLUBS TWO CLUBS THREE,0.6746,0.0456,0.2798
DIAMONDS NINE DIAMONDS FIVE,0.5394,0.0118,0.4488
DIAMONDS TWO CLUBS JACK,0.6312,0.0142,0.3546
DIAMONDS EIGHT DIAMONDS FIVE,0.525,0.0116,0.4634
DIAMONDS TWO CLUBS TEN,0.6328,0.0128,0.3544
DIAMONDS FIVE DIAMONDS SEVEN,0.5248,0.014,0.4612
DIAMONDS FIVE DIAMONDS SIX,0.5292,0.0118,0.459
DIAMONDS TWO CLUBS ACE,0.368,0.0084,0.6236
DIAMONDS TWO CLUBS KING,0.3784,0.009,0.6126
DIAMONDS EIGHT DIAMONDS SIX,0.5168,0.012,0.4712
DIAMONDS NINE DIAMONDS SIX,0.5564,0.0104,0.4332
DIAMONDS SEVEN DIAMONDS SIX,0.5164,0.0096,0.474
DIAMONDS EIGHT DIAMONDS SEVEN,0.5152,0.0124,0.4724
DIAMONDS NINE DIAMONDS SEVEN,0.522,0.0106,0.4674
DIAMONDS NINE DIAMONDS EIGHT,0.5046,0.0118,0.4836
DIAMONDS KING HEARTS TEN,0.343,0.0064,0.6506
HEARTS THREE HEARTS TEN,0.6722,0.0462,0.2816
CLUBS SIX SPADES JACK,0.5854,0.0126,0.402
DIAMONDS KING HEARTS JACK,0.3402,0.0056,0.6542
HEARTS THREE HEARTS JACK,0.6812,0.0398,0.279
CLUBS SIX SPADES TEN,0.5908,0.0134,0.3958
SPADES JACK SPADES FIVE,0.5534,0.011,0.4356
SPADES TEN SPADES FIVE,0.5624,0.0144,0.4232
DIAMONDS KING HEARTS ACE,0.3084,0.0046,0.687
HEARTS THREE HEARTS ACE,0.2166,0.0194,0.764
SPADES ACE CLUBS SIX,0.3494,0.0056,0.645
DIAMONDS KING HEARTS QUEEN,0.2338,0.0262,0.74
HEARTS THREE HEARTS QUEEN,0.0206,0.9126,0.0668
SPADES KING CLUBS SIX,0.3626,0.0082,0.6292
DIAMONDS KING HEARTS KING,0.1342,0.0028,0.863
HEARTS THREE HEARTS KING,0.223,0.03,0.747
SPADES QUEEN CLUBS SIX,0.221,0.3876,0.3914
SPADES NINE HEARTS TEN,0.5414,0.0092,0.4494
SPADES NINE HEARTS JACK,0.5386,0.013,0.4484
SPADES QUEEN SPADES FIVE,0.2078,0.44,0.3522
SPADES KING SPADES FIVE,0.3374,0.0094,0.6532
SPADES ACE SPADES FIVE,0.3206,0.0042,0.6752
SPADES NINE HEARTS QUEEN,0.2324,0.161,0.6066
SPADES NINE HEARTS KING,0.348,0.0058,0.6462
SPADES NINE HEARTS ACE,0.3616,0.0046,0.6338
SPADES JACK CLUBS TEN,0.5432,0.0084,0.4484
SPADES TEN CLUBS TEN,0.279,0.016,0.705
SPADES ACE CLUBS TEN,0.3412,0.0044,0.6544
SPADES KING CLUBS TEN,0.3362,0.0068,0.657
SPADES QUEEN CLUBS TEN,0.2174,0.1226,0.66
SPADES FIVE HEARTS QUEEN,0.2084,0.4624,0.3292
HEARTS KING SPADES FIVE,0.3542,0.0082,0.6376
SPADES FIVE HEARTS ACE,0.343,0.0038,0.6532
CLUBS EIGHT SPADES TEN,0.5556,0.0118,0.4326
HEARTS THREE SPADES JACK,0.71,0.0432,0.2468
SPADES JACK DIAMONDS KING,0.3458,0.0064,0.6478
SPADES TEN DIAMONDS KING,0.3414,0.0074,0.6512
HEARTS THREE SPADES TEN,0.7246,0.044,0.2314
CLUBS EIGHT SPADES JACK,0.5648,0.012,0.4232
SPADES ACE CLUBS EIGHT,0.339,0.005,0.656
HEARTS FIVE CLUBS JACK,0.5924,0.012,0.3956
CLUBS SIX HEARTS ACE,0.361,0.0048,0.6342
HEARTS FIVE CLUBS TEN,0.6088,0.0082,0.383
CLUBS EIGHT SPADES QUEEN,0.2204,0.225,0.5546
CLUBS SIX HEARTS QUEEN,0.2114,0.3862,0.4024
CLUBS EIGHT SPADES KING,0.3484,0.0064,0.6452
CLUBS SIX HEARTS KING,0.3652,0.0074,0.6274
DIAMONDS TWO HEARTS JACK,0.6176,0.0124,0.37
DIAMONDS TWO HEARTS TEN,0.6264,0.0108,0.3628
HEARTS FIVE CLUBS ACE,0.3384,0.006,0.6556
SPADES FIVE HEARTS TEN,0.5998,0.0132,0.387
HEARTS FIVE CLUBS KING,0.3464,0.0082,0.6454
SPADES FIVE HEARTS JACK,0.5906,0.012,0.3974
HEARTS THREE CLUBS KING,0.2242,0.0338,0.742
DIAMONDS KING CLUBS KING,0.1278,0.0052,0.867
HEARTS FIVE HEARTS JACK,0.5548,0.0126,0.4326
HEARTS FIVE HEARTS TEN,0.5534,0.0138,0.4328
HEARTS THREE CLUBS ACE,0.2302,0.0202,0.7496
DIAMONDS KING CLUBS ACE,0.3152,0.0044,0.6804
HEARTS THREE CLUBS JACK,0.7326,0.0408,0.2266
DIAMONDS KING CLUBS JACK,0.3538,0.0072,0.639
HEARTS THREE CLUBS TEN,0.7192,0.0424,0.2384
DIAMONDS KING CLUBS TEN,0.3274,0.0078,0.6648
CLUBS SIX CLUBS KING,0.3362,0.0092,0.6546
CLUBS SIX CLUBS ACE,0.3338,0.0048,0.6614
HEARTS FIVE HEARTS KING,0.3322,0.0076,0.6602
HEARTS FIVE HEARTS QUEEN,0.1984,0.4346,0.367
CLUBS SIX CLUBS TEN,0.5582,0.0088,0.433
HEARTS FIVE HEARTS ACE,0.3192,0.0042,0.6766
CLUBS SIX CLUBS JACK,0.555,0.0096,0.4354
SPADES SEVEN HEARTS JACK,0.583,0.0108,0.4062
SPADES SEVEN HEARTS TEN,0.5694,0.01,0.4206
DIAMONDS TWO CLUBS TWO,0.4298,0.0406,0.5296
DIAMONDS TWO CLUBS THREE,0.7122,0.0454,0.2424
HEARTS SIX DIAMONDS TWO,0.6186,0.015,0.3664
DIAMONDS TWO HEARTS QUEEN,0.262,0.5176,0.2204
DIAMONDS TWO HEARTS SEVEN,0.6348,0.0146,0.3506
DIAMONDS TWO HEARTS KING,0.3954,0.0088,0.5958
DIAMONDS TWO HEARTS EIGHT,0.614,0.0114,0.3746
DIAMONDS TWO HEARTS ACE,0.3836,0.0046,0.6118
DIAMONDS TWO HEARTS NINE,0.624,0.0136,0.3624
DIAMONDS TWO DIAMONDS QUEEN,0.2402,0.4874,0.2724
DIAMONDS TWO HEARTS TWO,0.4194,0.038,0.5426
DIAMONDS TWO DIAMONDS KING,0.3676,0.009,0.6234
HEARTS THREE DIAMONDS TWO,0.6892,0.043,0.2678
DIAMONDS TWO DIAMONDS ACE,0.3484,0.0044,0.6472
HEARTS FOUR DIAMONDS TWO,0.6102,0.0188,0.371
DIAMONDS TWO HEARTS FIVE,0.6068,0.0128,0.3804
SPADES SEVEN HEARTS ACE,0.3574,0.005,0.6376
DIAMONDS TWO DIAMONDS TEN,0.5888,0.0126,0.3986
SPADES SEVEN HEARTS KING,0.3668,0.0074,0.6258
DIAMONDS TWO DIAMONDS JACK,0.5902,0.0118,0.398
SPADES SEVEN HEARTS QUEEN,0.2202,0.306,0.4738
DIAMONDS TWO SPADES NINE,0.6316,0.0164,0.352
DIAMONDS TWO SPADES EIGHT,0.6154,0.0126,0.372
DIAMONDS TWO SPADES SEVEN,0.62,0.0146,0.3654
DIAMONDS TWO SPADES SIX,0.611,0.0132,0.3758
DIAMONDS TWO SPADES FIVE,0.5872,0.016,0.3968
DIAMONDS TWO SPADES FOUR,0.6118,0.0148,0.3734
DIAMONDS TWO SPADES TWO,0.4248,0.0364,0.5388
CLUBS NINE DIAMONDS TWO,0.63,0.011,0.359
CLUBS EIGHT DIAMONDS TWO,0.6314,0.0148,0.3538
DIAMONDS TWO CLUBS SEVEN,0.6368,0.015,0.3482
CLUBS SIX DIAMONDS TWO,0.6368,0.0154,0.3478
DIAMONDS TWO CLUBS FIVE,0.6108,0.015,0.3742
DIAMONDS TWO CLUBS FOUR,0.6222,0.016,0.3618
CLUBS FOUR SPADES FIVE,0.5556,0.015,0.4294
CLUBS FOUR SPADES FOUR,0.3238,0.0332,0.643
CLUBS FOUR SPADES TWO,0.6138,0.015,0.3712
CLUBS FOUR SPADES NINE,0.6048,0.013,0.3822
CLUBS FOUR SPADES EIGHT,0.5852,0.0124,0.4024
CLUBS FOUR SPADES SEVEN,0.5782,0.0128,0.409
CLUBS FOUR SPADES SIX,0.5858,0.014,0.4002
SPADES ACE DIAMONDS SIX,0.3476,0.0048,0.6476
SPADES QUEEN DIAMONDS SIX,0.2254,0.372,0.4026
SPADES KING DIAMONDS SIX,0.3622,0.0074,0.6304
SPADES TEN DIAMONDS SIX,0.5842,0.0104,0.4054
SPADES JACK DIAMONDS SIX,0.5896,0.011,0.3994
SPADES QUEEN SPADES TWO,0.2528,0.4924,0.2548
SPADES KING SPADES TWO,0.3674,0.0066,0.626
SPADES ACE SPADES TWO,0.35,0.0062,0.6438
DIAMONDS JACK CLUBS JACK,0.285,0.0124,0.7026
DIAMONDS JACK CLUBS TEN,0.542,0.0074,0.4506
DIAMONDS JACK CLUBS KING,0.3306,0.0064,0.663
DIAMONDS THREE DIAMONDS JACK,0.6792,0.0414,0.2794
DIAMONDS THREE DIAMONDS TEN,0.6804,0.0364,0.2832
DIAMONDS JACK CLUBS ACE,0.346,0.0042,0.6498
DIAMONDS THREE DIAMONDS KING,0.2102,0.0294,0.7604
HEARTS THREE DIAMONDS THREE,0.3132,0.0294,0.6574
DIAMONDS THREE DIAMONDS QUEEN,0.0194,0.9138,0.0668
DIAMONDS THREE HEARTS TWO,0.6954,0.043,0.2616
HEARTS FIVE DIAMONDS THREE,0.6798,0.0394,0.2808
DIAMONDS THREE DIAMONDS ACE,0.2152,0.0214,0.7634
HEARTS FOUR DIAMONDS THREE,0.6756,0.0418,0.2826
DIAMONDS THREE HEARTS SEVEN,0.701,0.0382,0.2608
SPADES TEN SPADES NINE,0.5106,0.013,0.4764
HEARTS SIX DIAMONDS THREE,0.6828,0.0396,0.2776
SPADES JACK SPADES NINE,0.538,0.0134,0.4486
DIAMONDS THREE HEARTS NINE,0.7054,0.0474,0.2472
HEARTS JACK DIAMONDS FOUR,0.6014,0.0094,0.3892
HEARTS KING HEARTS ACE,0.2908,0.0054,0.7038
SPADES TEN SPADES TWO,0.5916,0.0124,0.396
DIAMONDS THREE HEARTS EIGHT,0.7106,0.0382,0.2512
HEARTS TEN DIAMONDS FOUR,0.592,0.0118,0.3962
SPADES JACK SPADES TWO,0.5952,0.0128,0.392
HEARTS QUEEN DIAMONDS FOUR,0.229,0.5174,0.2536
HEARTS KING DIAMONDS FOUR,0.3654,0.0102,0.6244
SPADES ACE SPADES NINE,0.3486,0.0048,0.6466
HEARTS ACE DIAMONDS FOUR,0.35,0.005,0.645
SPADES KING SPADES NINE,0.3348,0.0084,0.6568
SPADES QUEEN SPADES NINE,0.211,0.1614,0.6276
DIAMONDS THREE SPADES NINE,0.7096,0.0404,0.25
DIAMONDS THREE SPADES EIGHT,0.7076,0.038,0.2544
DIAMONDS THREE SPADES SEVEN,0.704,0.0386,0.2574
DIAMONDS THREE SPADES SIX,0.6934,0.0416,0.265
CLUBS SIX DIAMONDS THREE,0.7036,0.036,0.2604
CLUBS ACE DIAMONDS FOUR,0.3498,0.005,0.6452
CLUBS SIX CLUBS FIVE,0.5422,0.0138,0.444
CLUBS SEVEN CLUBS FIVE,0.5412,0.012,0.4468
CLUBS SEVEN DIAMONDS THREE,0.7146,0.0426,0.2428
DIAMONDS THREE CLUBS FOUR,0.685,0.048,0.267
DIAMONDS THREE CLUBS FIVE,0.671,0.044,0.285
CLUBS KING DIAMONDS FOUR,0.3462,0.009,0.6448
DIAMONDS THREE CLUBS TWO,0.6962,0.0466,0.2572
DIAMONDS FOUR CLUBS TEN,0.6118,0.0122,0.376
DIAMONDS THREE CLUBS THREE,0.3,0.0298,0.6702
DIAMONDS FOUR CLUBS JACK,0.6026,0.0134,0.384
DIAMONDS THREE SPADES FOUR,0.6762,0.0418,0.282
DIAMONDS THREE SPADES FIVE,0.6712,0.0418,0.287
DIAMONDS THREE SPADES TWO,0.7044,0.0434,0.2522
CLUBS EIGHT DIAMONDS THREE,0.726,0.0376,0.2364
CLUBS NINE DIAMONDS THREE,0.7288,0.0424,0.2288
SPADES SEVEN CLUBS ACE,0.3526,0.0056,0.6418
SPADES SEVEN CLUBS KING,0.3526,0.0086,0.6388
CLUBS FIVE SPADES SEVEN,0.5598,0.0122,0.428
SPADES SEVEN CLUBS TEN,0.5722,0.011,0.4168
CLUBS FIVE SPADES SIX,0.5576,0.0146,0.4278
SPADES SEVEN CLUBS JACK,0.581,0.0094,0.4096
SPADES NINE CLUBS FIVE,0.5892,0.0174,0.3934
CLUBS FIVE SPADES EIGHT,0.5532,0.0138,0.433
CLUBS FIVE SPADES TWO,0.6082,0.0172,0.3746
CLUBS FIVE SPADES FIVE,0.3348,0.0328,0.6324
CLUBS FIVE SPADES FOUR,0.557,0.0156,0.4274
CLUBS NINE CLUBS FIVE,0.555,0.013,0.432
CLUBS EIGHT CLUBS FIVE,0.5526,0.0118,0.4356
DIAMONDS TEN DIAMONDS FOUR,0.5536,0.0118,0.4346
DIAMONDS NINE CLUBS TEN,0.546,0.0096,0.4444
DIAMONDS JACK DIAMONDS FOUR,0.558,0.0136,0.4284
DIAMONDS NINE CLUBS JACK,0.5552,0.0096,0.4352
SPADES NINE CLUBS JACK,0.547,0.0106,0.4424
SPADES NINE CLUBS TEN,0.5398,0.0116,0.4486
DIAMONDS ACE DIAMONDS FOUR,0.311,0.0056,0.6834
HEARTS FOUR DIAMONDS FOUR,0.3386,0.033,0.6284
DIAMONDS JACK HEARTS TEN,0.5328,0.0108,0.4564
SPADES NINE CLUBS KING,0.3514,0.0076,0.641
DIAMONDS TWO SPADES TEN,0.6184,0.0118,0.3698
DIAMONDS NINE CLUBS ACE,0.346,0.008,0.646
HEARTS FIVE DIAMONDS FOUR,0.5708,0.0132,0.416
HEARTS JACK DIAMONDS JACK,0.2884,0.011,0.7006
DIAMONDS TWO SPADES JACK,0.6298,0.0134,0.3568
DIAMONDS QUEEN DIAMONDS FOUR,0.2116,0.4866,0.3018
HEARTS TWO DIAMONDS FOUR,0.6144,0.016,0.3696
DIAMONDS KING DIAMONDS FOUR,0.3458,0.0088,0.6454
HEARTS THREE DIAMONDS FOUR,0.6828,0.0434,0.2738
SPADES NINE CLUBS ACE,0.3422,0.0044,0.6534
DIAMONDS NINE CLUBS KING,0.3488,0.0084,0.6428
HEARTS ACE DIAMONDS JACK,0.3446,0.0046,0.6508
SPADES ACE DIAMONDS TWO,0.3646,0.0066,0.6288
DIAMONDS JACK HEARTS QUEEN,0.2372,0.0946,0.6682
SPADES QUEEN DIAMONDS TWO,0.2584,0.517,0.2246
HEARTS KING DIAMONDS JACK,0.3428,0.0052,0.652
SPADES KING DIAMONDS TWO,0.386,0.0098,0.6042
SPADES JACK SPADES SEVEN,0.5412,0.012,0.4468
SPADES TEN SPADES SEVEN,0.5392,0.011,0.4498
CLUBS SEVEN CLUBS THREE,0.6816,0.0402,0.2782
CLUBS SIX CLUBS THREE,0.6686,0.0376,0.2938
CLUBS FIVE CLUBS THREE,0.648,0.0418,0.3102
CLUBS FOUR CLUBS THREE,0.647,0.0392,0.3138
CLUBS NINE CLUBS THREE,0.6772,0.0482,0.2746
CLUBS EIGHT CLUBS THREE,0.6846,0.0444,0.271
CLUBS THREE SPADES FIVE,0.6792,0.044,0.2768
CLUBS THREE SPADES FOUR,0.684,0.0454,0.2706
CLUBS THREE SPADES TWO,0.7108,0.0488,0.2404
CLUBS THREE SPADES SIX,0.7082,0.0342,0.2576
SPADES SEVEN CLUBS THREE,0.7028,0.0402,0.257
SPADES EIGHT CLUBS THREE,0.7154,0.0372,0.2474
SPADES NINE CLUBS THREE,0.7328,0.0402,0.227
SPADES TWO DIAMONDS FOUR,0.6278,0.016,0.3562
SPADES FOUR DIAMONDS FOUR,0.3288,0.0292,0.642
SPADES FIVE DIAMONDS FOUR,0.5556,0.0134,0.431
SPADES SIX DIAMONDS FOUR,0.5674,0.0158,0.4168
SPADES SEVEN DIAMONDS FOUR,0.5778,0.0138,0.4084
SPADES EIGHT DIAMONDS FOUR,0.5712,0.014,0.4148
SPADES NINE DIAMONDS FOUR,0.607,0.011,0.382
CLUBS FIVE DIAMONDS FOUR,0.5638,0.0172,0.419
CLUBS FOUR DIAMONDS FOUR,0.3234,0.0374,0.6392
CLUBS SEVEN DIAMONDS FOUR,0.5792,0.0152,0.4056
CLUBS SIX DIAMONDS FOUR,0.591,0.0122,0.3968
CLUBS NINE DIAMONDS FOUR,0.5962,0.011,0.3928
CLUBS EIGHT DIAMONDS FOUR,0.5936,0.015,0.3914
DIAMONDS FOUR HEARTS SEVEN,0.5802,0.0122,0.4076
HEARTS SIX DIAMONDS FOUR,0.5804,0.01,0.4096
HEARTS NINE DIAMONDS FOUR,0.592,0.0112,0.3968
DIAMONDS FOUR HEARTS EIGHT,0.5942,0.012,0.3938
CLUBS THREE DIAMONDS FOUR,0.6964,0.0426,0.261
CLUBS TWO DIAMONDS FOUR,0.6062,0.0172,0.3766
DIAMONDS TEN DIAMONDS FIVE,0.5514,0.0166,0.432
DIAMONDS JACK DIAMONDS FIVE,0.5586,0.0096,0.4318
DIAMONDS NINE HEARTS QUEEN,0.2296,0.1602,0.6102
HEARTS KING DIAMONDS NINE,0.36,0.0068,0.6332
DIAMONDS NINE HEARTS ACE,0.3566,0.0046,0.6388
DIAMONDS NINE HEARTS TEN,0.5374,0.0084,0.4542
DIAMONDS NINE HEARTS JACK,0.5588,0.0058,0.4354
CLUBS KING DIAMONDS SIX,0.3492,0.0074,0.6434
CLUBS ACE DIAMONDS SIX,0.3584,0.0066,0.635
SPADES KING DIAMONDS FOUR,0.3608,0.0072,0.632
SPADES ACE SPADES SEVEN,0.3386,0.0054,0.656
SPADES QUEEN DIAMONDS FOUR,0.2128,0.52,0.2672
SPADES QUEEN SPADES SEVEN,0.2282,0.295,0.4768
CLUBS JACK DIAMONDS SIX,0.609,0.012,0.379
SPADES KING SPADES SEVEN,0.3482,0.007,0.6448
SPADES ACE DIAMONDS FOUR,0.3488,0.0052,0.646
CLUBS TEN DIAMONDS SIX,0.5938,0.0088,0.3974
CLUBS NINE CLUBS FOUR,0.569,0.0152,0.4158
CLUBS EIGHT CLUBS FOUR,0.5646,0.0136,0.4218
SPADES JACK DIAMONDS FOUR,0.5924,0.0118,0.3958
SPADES TEN DIAMONDS FOUR,0.5804,0.0164,0.4032
CLUBS FOUR CLUBS FIVE,0.5426,0.0158,0.4416
CLUBS SEVEN CLUBS FOUR,0.5468,0.0166,0.4366
CLUBS SIX CLUBS FOUR,0.545,0.0158,0.4392
CLUBS SEVEN SPADES EIGHT,0.5426,0.0114,0.446
CLUBS SEVEN SPADES NINE,0.5414,0.0126,0.446
CLUBS SEVEN SPADES SIX,0.5568,0.0122,0.431
CLUBS SEVEN SPADES SEVEN,0.3056,0.028,0.6664
CLUBS SEVEN SPADES FIVE,0.5674,0.0142,0.4184
CLUBS SEVEN SPADES FOUR,0.5904,0.0152,0.3944
CLUBS SEVEN SPADES TWO,0.6444,0.0178,0.3378
CLUBS NINE CLUBS SEVEN,0.5438,0.0126,0.4436
CLUBS EIGHT CLUBS SEVEN,0.5308,0.0112,0.458
HEARTS SIX DIAMONDS FIVE,0.563,0.011,0.426
DIAMONDS FIVE HEARTS SEVEN,0.5594,0.0106,0.43
DIAMONDS FIVE HEARTS EIGHT,0.5606,0.0136,0.4258
HEARTS NINE DIAMONDS FIVE,0.5852,0.0132,0.4016
DIAMONDS QUEEN DIAMONDS FIVE,0.1918,0.4494,0.3588
HEARTS TWO DIAMONDS FIVE,0.602,0.0168,0.3812
HEARTS KING HEARTS EIGHT,0.3476,0.0074,0.645
DIAMONDS KING DIAMONDS FIVE,0.3314,0.01,0.6586
HEARTS THREE DIAMONDS FIVE,0.6778,0.0478,0.2744
HEARTS QUEEN HEARTS EIGHT,0.2114,0.2086,0.58
DIAMONDS ACE DIAMONDS FIVE,0.3246,0.0024,0.673
HEARTS FOUR DIAMONDS FIVE,0.5556,0.0174,0.427
HEARTS FIVE DIAMONDS FIVE,0.3262,0.0306,0.6432
HEARTS ACE HEARTS EIGHT,0.3316,0.0058,0.6626
CLUBS FOUR DIAMONDS FIVE,0.5718,0.0164,0.4118
CLUBS FIVE DIAMONDS FIVE,0.3306,0.031,0.6384
CLUBS SIX DIAMONDS FIVE,0.5652,0.013,0.4218
CLUBS SEVEN DIAMONDS FIVE,0.571,0.0124,0.4166
CLUBS TWO DIAMONDS FIVE,0.6082,0.015,0.3768
CLUBS THREE DIAMONDS FIVE,0.6876,0.0438,0.2686
SPADES TWO DIAMONDS FIVE,0.6104,0.0184,0.3712
SPADES JACK DIAMONDS EIGHT,0.5556,0.0104,0.434
SPADES FIVE DIAMONDS FIVE,0.3138,0.033,0.6532
HEARTS JACK CLUBS TEN,0.5532,0.0084,0.4384
SPADES TEN DIAMONDS EIGHT,0.5566,0.0104,0.433
SPADES FOUR DIAMONDS FIVE,0.5554,0.013,0.4316
HEARTS JACK CLUBS JACK,0.2756,0.0114,0.713
CLUBS NINE DIAMONDS FIVE,0.5836,0.0124,0.404
HEARTS JACK CLUBS KING,0.3378,0.0082,0.654
CLUBS EIGHT DIAMONDS FIVE,0.575,0.0116,0.4134
HEARTS JACK CLUBS ACE,0.347,0.0048,0.6482
SPADES SEVEN DIAMONDS FIVE,0.573,0.0136,0.4134
SPADES KING DIAMONDS EIGHT,0.3674,0.0064,0.6262
SPADES QUEEN DIAMONDS EIGHT,0.2194,0.227,0.5536
SPADES SIX DIAMONDS FIVE,0.5644,0.0138,0.4218
SPADES NINE DIAMONDS FIVE,0.5758,0.014,0.4102
SPADES EIGHT DIAMONDS FIVE,0.5662,0.0136,0.4202
SPADES ACE DIAMONDS EIGHT,0.3502,0.004,0.6458
DIAMONDS TEN DIAMONDS SIX,0.5504,0.0124,0.4372
HEARTS ACE DIAMONDS SEVEN,0.351,0.0048,0.6442
DIAMONDS JACK DIAMONDS SIX,0.5576,0.0108,0.4316
HEARTS QUEEN DIAMONDS SEVEN,0.235,0.2928,0.4722
HEARTS KING DIAMONDS SEVEN,0.3626,0.009,0.6284
DIAMONDS ACE DIAMONDS SIX,0.3426,0.0048,0.6526
HEARTS FOUR DIAMONDS SIX,0.5754,0.014,0.4106
HEARTS JACK SPADES TWO,0.633,0.0132,0.3538
HEARTS FIVE DIAMONDS SIX,0.5528,0.0136,0.4336
SPADES TWO HEARTS TEN,0.6334,0.0134,0.3532
DIAMONDS QUEEN DIAMONDS SIX,0.2122,0.3602,0.4276
HEARTS TWO DIAMONDS SIX,0.6242,0.0144,0.3614
DIAMONDS KING DIAMONDS SIX,0.338,0.0064,0.6556
HEARTS THREE DIAMONDS SIX,0.7006,0.0348,0.2646
HEARTS EIGHT DIAMONDS SIX,0.5508,0.011,0.4382
HEARTS NINE DIAMONDS SIX,0.5678,0.0144,0.4178
HEARTS SIX DIAMONDS SIX,0.3202,0.0278,0.652
HEARTS SEVEN DIAMONDS SIX,0.5652,0.0122,0.4226
HEARTS TEN DIAMONDS SEVEN,0.5538,0.012,0.4342
CLUBS TWO DIAMONDS SIX,0.6334,0.0132,0.3534
HEARTS JACK DIAMONDS SEVEN,0.5902,0.013,0.3968
CLUBS THREE DIAMONDS SIX,0.7032,0.0386,0.2582
DIAMONDS EIGHT CLUBS JACK,0.5838,0.0128,0.4034
CLUBS SEVEN DIAMONDS SIX,0.5536,0.0116,0.4348
CLUBS SIX DIAMONDS SIX,0.3164,0.0294,0.6542
DIAMONDS EIGHT CLUBS TEN,0.5584,0.0088,0.4328
CLUBS FIVE DIAMONDS SIX,0.5548,0.012,0.4332
CLUBS FOUR DIAMONDS SIX,0.5736,0.0124,0.414
HEARTS ACE HEARTS JACK,0.3294,0.005,0.6656
DIAMONDS EIGHT CLUBS ACE,0.347,0.004,0.649
HEARTS JACK HEARTS QUEEN,0.2132,0.0854,0.7014
DIAMONDS EIGHT CLUBS KING,0.3666,0.0074,0.626
CLUBS NINE DIAMONDS SIX,0.5626,0.0168,0.4206
HEARTS KING HEARTS JACK,0.3116,0.006,0.6824
CLUBS EIGHT DIAMONDS SIX,0.5558,0.0128,0.4314
SPADES TEN HEARTS KING,0.3264,0.0072,0.6664
SPADES FIVE DIAMONDS SIX,0.568,0.0148,0.4172
HEARTS ACE SPADES TWO,0.3888,0.007,0.6042
SPADES JACK HEARTS KING,0.3272,0.0074,0.6654
SPADES FOUR DIAMONDS SIX,0.567,0.0124,0.4206
SPADES TWO HEARTS QUEEN,0.252,0.528,0.22
SPADES ACE SPADES KING,0.2958,0.0056,0.6986
HEARTS KING SPADES TWO,0.3938,0.0064,0.5998
SPADES TWO DIAMONDS SIX,0.633,0.0146,0.3524
HEARTS TEN HEARTS EIGHT,0.53,0.011,0.459
SPADES NINE DIAMONDS SIX,0.5636,0.01,0.4264
HEARTS JACK HEARTS EIGHT,0.5162,0.011,0.4728
SPADES EIGHT DIAMONDS SIX,0.5694,0.0126,0.418
SPADES SEVEN DIAMONDS SIX,0.5356,0.0124,0.452
SPADES SIX DIAMONDS SIX,0.323,0.0216,0.6554
SPADES KING HEARTS KING,0.125,0.0042,0.8708
SPADES QUEEN HEARTS KING,0.2252,0.0282,0.7466
CLUBS ACE CLUBS KING,0.298,0.0048,0.6972
SPADES ACE HEARTS KING,0.3146,0.0046,0.6808
SPADES ACE HEARTS JACK,0.3384,0.0062,0.6554
SPADES QUEEN HEARTS JACK,0.2274,0.096,0.6766
SPADES KING HEARTS JACK,0.3364,0.0092,0.6544
SPADES TEN DIAMONDS TEN,0.2832,0.011,0.7058
SPADES JACK DIAMONDS TEN,0.5318,0.0104,0.4578
SPADES ACE DIAMONDS TEN,0.3336,0.0042,0.6622
SPADES JACK HEARTS JACK,0.2682,0.0104,0.7214
SPADES TEN HEARTS JACK,0.5478,0.0094,0.4428
SPADES QUEEN DIAMONDS TEN,0.23,0.1086,0.6614
SPADES KING DIAMONDS TEN,0.347,0.0068,0.6462
SPADES NINE DIAMONDS SEVEN,0.556,0.0112,0.4328
SPADES EIGHT DIAMONDS SEVEN,0.5354,0.0114,0.4532
SPADES SEVEN DIAMONDS SEVEN,0.3024,0.0252,0.6724
SPADES SIX DIAMONDS SEVEN,0.553,0.0144,0.4326
DIAMONDS KING DIAMONDS SEVEN,0.3512,0.0068,0.642
HEARTS THREE DIAMONDS SEVEN,0.6994,0.041,0.2596
HEARTS KING DIAMONDS FIVE,0.3644,0.008,0.6276
DIAMONDS QUEEN DIAMONDS SEVEN,0.2088,0.2944,0.4968
HEARTS TWO DIAMONDS SEVEN,0.6428,0.0158,0.3414
HEARTS QUEEN DIAMONDS FIVE,0.2262,0.44,0.3338
HEARTS FIVE DIAMONDS SEVEN,0.571,0.013,0.416
DIAMONDS ACE DIAMONDS SEVEN,0.3372,0.0042,0.6586
HEARTS FOUR DIAMONDS SEVEN,0.576,0.0126,0.4114
HEARTS ACE DIAMONDS FIVE,0.3506,0.0056,0.6438
HEARTS SEVEN DIAMONDS SEVEN,0.3236,0.0256,0.6508
HEARTS SIX DIAMONDS SEVEN,0.5656,0.0122,0.4222
HEARTS NINE DIAMONDS SEVEN,0.5612,0.0104,0.4284
DIAMONDS SEVEN HEARTS EIGHT,0.5344,0.0124,0.4532
DIAMONDS JACK DIAMONDS SEVEN,0.5484,0.0128,0.4388
HEARTS JACK DIAMONDS FIVE,0.5974,0.0114,0.3912
DIAMONDS TEN DIAMONDS SEVEN,0.5316,0.0098,0.4586
DIAMONDS FIVE HEARTS TEN,0.5986,0.0124,0.389
SPADES KING CLUBS TWO,0.3778,0.008,0.6142
HEARTS KING CLUBS KING,0.1254,0.0046,0.87
CLUBS EIGHT DIAMONDS SEVEN,0.5616,0.0118,0.4266
SPADES QUEEN CLUBS TWO,0.2524,0.5352,0.2124
CLUBS NINE DIAMONDS SEVEN,0.5578,0.0136,0.4286
SPADES TWO CLUBS JACK,0.6466,0.0144,0.339
SPADES ACE CLUBS TWO,0.3778,0.0052,0.617
SPADES TWO CLUBS TEN,0.6358,0.015,0.3492
HEARTS KING CLUBS ACE,0.3072,0.005,0.6878
CLUBS SIX CLUBS SEVEN,0.523,0.016,0.461
SPADES TWO CLUBS KING,0.3866,0.0086,0.6048
SPADES TWO DIAMONDS SEVEN,0.6436,0.0142,0.3422
CLUBS EIGHT CLUBS SIX,0.5384,0.0118,0.4498
CLUBS NINE CLUBS SIX,0.5296,0.01,0.4604
SPADES FOUR DIAMONDS SEVEN,0.5768,0.014,0.4092
HEARTS KING CLUBS JACK,0.3426,0.0086,0.6488
SPADES FIVE DIAMONDS SEVEN,0.561,0.012,0.427
SPADES TWO CLUBS ACE,0.382,0.0066,0.6114
HEARTS KING CLUBS TEN,0.3282,0.0086,0.6632
CLUBS SIX SPADES TWO,0.6332,0.0166,0.3502
CLUBS TWO DIAMONDS SEVEN,0.6478,0.015,0.3372
CLUBS SIX SPADES FOUR,0.5722,0.0146,0.4132
CLUBS THREE DIAMONDS SEVEN,0.7188,0.0392,0.242
CLUBS SIX SPADES FIVE,0.5668,0.0106,0.4226
CLUBS FOUR DIAMONDS SEVEN,0.5784,0.0132,0.4084
CLUBS SIX SPADES SIX,0.3224,0.0282,0.6494
CLUBS FIVE DIAMONDS SEVEN,0.5736,0.0158,0.4106
CLUBS SIX SPADES SEVEN,0.5654,0.012,0.4226
CLUBS SIX DIAMONDS SEVEN,0.5552,0.0118,0.433
CLUBS SIX SPADES EIGHT,0.5598,0.0116,0.4286
SPADES JACK CLUBS TWO,0.6348,0.0132,0.352
CLUBS SIX SPADES NINE,0.5742,0.0126,0.4132
SPADES TEN CLUBS TWO,0.6308,0.0116,0.3576
CLUBS SEVEN DIAMONDS SEVEN,0.324,0.024,0.652
CLUBS TWO CLUBS KING,0.3726,0.0102,0.6172
CLUBS THREE DIAMONDS EIGHT,0.7264,0.0396,0.234
CLUBS TWO CLUBS ACE,0.3572,0.0058,0.637
CLUBS TWO DIAMONDS EIGHT,0.6274,0.0154,0.3572
DIAMONDS EIGHT HEARTS SEVEN,0.5434,0.0104,0.4462
HEARTS SIX DIAMONDS EIGHT,0.5522,0.012,0.4358
DIAMONDS EIGHT HEARTS NINE,0.54,0.0098,0.4502
CLUBS TWO CLUBS TEN,0.5974,0.0138,0.3888
DIAMONDS EIGHT HEARTS EIGHT,0.3046,0.022,0.6734
CLUBS TWO CLUBS JACK,0.6014,0.0144,0.3842
CLUBS NINE DIAMONDS EIGHT,0.5496,0.0106,0.4398
CLUBS EIGHT DIAMONDS EIGHT,0.3154,0.0202,0.6644
CLUBS FIVE DIAMONDS EIGHT,0.5754,0.0152,0.4094
CLUBS FOUR DIAMONDS EIGHT,0.5708,0.013,0.4162
CLUBS SEVEN DIAMONDS EIGHT,0.5424,0.0122,0.4454
CLUBS SIX DIAMONDS EIGHT,0.5632,0.0124,0.4244
DIAMONDS QUEEN DIAMONDS EIGHT,0.2176,0.203,0.5794
HEARTS TWO DIAMONDS EIGHT,0.64,0.011,0.349
DIAMONDS KING DIAMONDS EIGHT,0.3454,0.008,0.6466
HEARTS THREE DIAMONDS EIGHT,0.7068,0.0402,0.253
DIAMONDS ACE DIAMONDS EIGHT,0.3344,0.0062,0.6594
HEARTS FOUR DIAMONDS EIGHT,0.5906,0.0136,0.3958
HEARTS FIVE DIAMONDS EIGHT,0.5792,0.0122,0.4086
DIAMONDS EIGHT DIAMONDS TEN,0.5166,0.0114,0.472
DIAMONDS EIGHT DIAMONDS JACK,0.5212,0.011,0.4678
CLUBS FOUR HEARTS ACE,0.3452,0.0056,0.6492
CLUBS FOUR HEARTS QUEEN,0.2204,0.5248,0.2548
CLUBS FOUR HEARTS KING,0.3656,0.0068,0.6276
CLUBS SIX HEARTS TEN,0.5764,0.0124,0.4112
CLUBS SIX HEARTS JACK,0.5914,0.0148,0.3938
DIAMONDS EIGHT SPADES FOUR,0.5642,0.0148,0.421
SPADES FIVE DIAMONDS EIGHT,0.5644,0.0114,0.4242
DIAMONDS EIGHT SPADES TWO,0.6346,0.0134,0.352
CLUBS FOUR HEARTS JACK,0.5944,0.012,0.3936
SPADES EIGHT DIAMONDS EIGHT,0.3016,0.0232,0.6752
SPADES TEN DIAMONDS QUEEN,0.2246,0.1214,0.654
SPADES TEN HEARTS TWO,0.6284,0.0146,0.357
SPADES JACK HEARTS EIGHT,0.5556,0.0114,0.433
CLUBS FOUR HEARTS TEN,0.6046,0.0136,0.3818
SPADES NINE DIAMONDS EIGHT,0.5328,0.0112,0.456
SPADES TEN HEARTS EIGHT,0.5534,0.0118,0.4348
SPADES JACK HEARTS TWO,0.6228,0.017,0.3602
SPADES JACK DIAMONDS QUEEN,0.2232,0.0882,0.6886
SPADES SIX DIAMONDS EIGHT,0.548,0.0144,0.4376
SPADES SEVEN DIAMONDS EIGHT,0.5356,0.0128,0.4516
SPADES ACE HEARTS TWO,0.38,0.0046,0.6154
SPADES ACE DIAMONDS QUEEN,0.2286,0.0132,0.7582
SPADES ACE HEARTS EIGHT,0.3432,0.0046,0.6522
SPADES KING HEARTS EIGHT,0.352,0.0088,0.6392
SPADES QUEEN HEARTS TWO,0.2482,0.5262,0.2256
SPADES QUEEN DIAMONDS QUEEN,0.0728,0.026,0.9012
SPADES KING DIAMONDS QUEEN,0.2196,0.026,0.7544
SPADES KING HEARTS TWO,0.387,0.008,0.605
SPADES QUEEN HEARTS EIGHT,0.219,0.2296,0.5514
CLUBS TWO HEARTS TEN,0.6452,0.0164,0.3384
CLUBS TWO HEARTS JACK,0.6386,0.0132,0.3482
SPADES SEVEN DIAMONDS NINE,0.5544,0.01,0.4356
SPADES SIX DIAMONDS NINE,0.5666,0.0126,0.4208
SPADES NINE DIAMONDS NINE,0.2962,0.0188,0.685
SPADES EIGHT DIAMONDS NINE,0.5512,0.0154,0.4334
SPADES TEN CLUBS KING,0.3282,0.0076,0.6642
SPADES JACK CLUBS KING,0.336,0.0082,0.6558
DIAMONDS NINE SPADES TWO,0.6272,0.0128,0.36
DIAMONDS NINE SPADES FIVE,0.589,0.0118,0.3992
DIAMONDS NINE SPADES FOUR,0.596,0.0122,0.3918
CLUBS NINE DIAMONDS NINE,0.2926,0.0198,0.6876
CLUBS EIGHT DIAMONDS NINE,0.5504,0.0116,0.438
CLUBS SIX DIAMONDS NINE,0.5692,0.011,0.4198
SPADES JACK CLUBS FOUR,0.599,0.0154,0.3856
SPADES TEN CLUBS FOUR,0.593,0.0134,0.3936
CLUBS SEVEN DIAMONDS NINE,0.567,0.0088,0.4242
CLUBS FOUR DIAMONDS NINE,0.6096,0.0138,0.3766
CLUBS FIVE DIAMONDS NINE,0.5844,0.0132,0.4024
CLUBS TWO DIAMONDS NINE,0.634,0.0128,0.3532
CLUBS THREE DIAMONDS NINE,0.7144,0.0438,0.2418
DIAMONDS NINE HEARTS EIGHT,0.5444,0.008,0.4476
DIAMONDS NINE HEARTS NINE,0.3018,0.019,0.6792
HEARTS SIX DIAMONDS NINE,0.567,0.0118,0.4212
DIAMONDS NINE HEARTS SEVEN,0.567,0.0132,0.4198
CLUBS EIGHT CLUBS NINE,0.5144,0.0122,0.4734
DIAMONDS ACE DIAMONDS NINE,0.3372,0.0036,0.6592
HEARTS FOUR DIAMONDS NINE,0.6034,0.0138,0.3828
HEARTS FIVE DIAMONDS NINE,0.5928,0.0088,0.3984
CLUBS TWO HEARTS ACE,0.3826,0.0064,0.611
SPADES ACE CLUBS FOUR,0.3446,0.0048,0.6506
DIAMONDS QUEEN DIAMONDS NINE,0.2146,0.159,0.6264
HEARTS TWO DIAMONDS NINE,0.6234,0.0128,0.3638
CLUBS TWO HEARTS KING,0.3998,0.0082,0.592
SPADES KING CLUBS FOUR,0.3578,0.0092,0.633
DIAMONDS KING DIAMONDS NINE,0.3252,0.0102,0.6646
HEARTS THREE DIAMONDS NINE,0.7214,0.041,0.2376
CLUBS TWO HEARTS QUEEN,0.266,0.5232,0.2108
SPADES QUEEN CLUBS FOUR,0.2016,0.5318,0.2666
DIAMONDS NINE DIAMONDS JACK,0.51,0.0102,0.4798
CLUBS EIGHT SPADES NINE,0.5418,0.0128,0.4454
DIAMONDS NINE DIAMONDS TEN,0.5024,0.0104,0.4872
CLUBS EIGHT SPADES EIGHT,0.302,0.0226,0.6754
CLUBS EIGHT SPADES SEVEN,0.5462,0.012,0.4418
CLUBS EIGHT SPADES SIX,0.5494,0.015,0.4356
CLUBS EIGHT SPADES FIVE,0.558,0.0146,0.4274
CLUBS EIGHT SPADES FOUR,0.576,0.0158,0.4082
CLUBS EIGHT SPADES TWO,0.637,0.0148,0.3482
HEARTS SIX DIAMONDS TEN,0.584,0.0104,0.4056
DIAMONDS TEN HEARTS SEVEN,0.5772,0.0072,0.4156
DIAMONDS TEN HEARTS EIGHT,0.55,0.01,0.44
CLUBS FOUR CLUBS JACK,0.5596,0.0132,0.4272
DIAMONDS TEN HEARTS NINE,0.5438,0.0094,0.4468
CLUBS FOUR CLUBS TEN,0.5582,0.0122,0.4296
CLUBS FOUR CLUBS KING,0.329,0.009,0.662
CLUBS TWO DIAMONDS TEN,0.6322,0.0136,0.3542
CLUBS THREE DIAMONDS TEN,0.7272,0.0468,0.226
CLUBS FOUR CLUBS ACE,0.3242,0.005,0.6708
DIAMONDS JACK DIAMONDS TEN,0.4998,0.0116,0.4886
DIAMONDS QUEEN DIAMONDS TEN,0.2048,0.1146,0.6806
HEARTS TWO DIAMONDS TEN,0.6242,0.0136,0.3622
DIAMONDS KING DIAMONDS TEN,0.3118,0.0066,0.6816
HEARTS THREE DIAMONDS TEN,0.7194,0.043,0.2376
DIAMONDS ACE DIAMONDS TEN,0.3364,0.0056,0.658
HEARTS FOUR DIAMONDS TEN,0.6014,0.0138,0.3848
CLUBS EIGHT HEARTS JACK,0.5566,0.0104,0.433
HEARTS FIVE DIAMONDS TEN,0.6052,0.0114,0.3834
CLUBS EIGHT HEARTS TEN,0.5568,0.0094,0.4338
CLUBS EIGHT HEARTS QUEEN,0.2278,0.2248,0.5474
CLUBS EIGHT HEARTS KING,0.3694,0.0062,0.6244
CLUBS EIGHT HEARTS ACE,0.3568,0.0058,0.6374
CLUBS NINE SPADES TWO,0.635,0.0128,0.3522
CLUBS NINE SPADES FIVE,0.592,0.0128,0.3952
CLUBS NINE SPADES FOUR,0.5928,0.012,0.3952
CLUBS NINE SPADES SEVEN,0.543,0.0128,0.4442
CLUBS NINE SPADES SIX,0.563,0.012,0.425
CLUBS NINE SPADES NINE,0.3042,0.0202,0.6756
CLUBS TEN HEARTS EIGHT,0.5558,0.0122,0.432
CLUBS NINE SPADES EIGHT,0.55,0.012,0.438
CLUBS JACK HEARTS EIGHT,0.5592,0.0116,0.4292
CLUBS KING HEARTS EIGHT,0.355,0.0048,0.6402
CLUBS ACE HEARTS EIGHT,0.3532,0.0042,0.6426
SPADES KING CLUBS KING,0.1188,0.0058,0.8754
SPADES QUEEN CLUBS KING,0.2152,0.0302,0.7546
SPADES ACE CLUBS KING,0.3012,0.0056,0.6932
DIAMONDS ACE HEARTS TEN,0.3518,0.0046,0.6436
HEARTS FOUR HEARTS TEN,0.5404,0.0122,0.4474
DIAMONDS ACE HEARTS JACK,0.3548,0.0054,0.6398
HEARTS FOUR HEARTS JACK,0.5604,0.0126,0.427
SPADES KING CLUBS FIVE,0.3518,0.0092,0.639
SPADES QUEEN CLUBS FIVE,0.2184,0.4654,0.3162
SPADES ACE CLUBS FIVE,0.334,0.007,0.659
DIAMONDS JACK HEARTS SEVEN,0.5724,0.01,0.4176
HEARTS SIX DIAMONDS JACK,0.5896,0.0108,0.3996
DIAMONDS JACK HEARTS NINE,0.5574,0.009,0.4336
DIAMONDS JACK HEARTS EIGHT,0.5592,0.0086,0.4322
DIAMONDS KING DIAMONDS JACK,0.3144,0.009,0.6766
HEARTS THREE DIAMONDS JACK,0.7254,0.0376,0.237
SPADES ACE SPADES SIX,0.3444,0.004,0.6516
HEARTS ACE SPADES FOUR,0.34,0.005,0.655
DIAMONDS QUEEN DIAMONDS JACK,0.2186,0.0838,0.6976
HEARTS TWO DIAMONDS JACK,0.6298,0.014,0.3562
HEARTS FIVE DIAMONDS JACK,0.5896,0.0146,0.3958
SPADES QUEEN SPADES SIX,0.2132,0.3642,0.4226
SPADES FOUR HEARTS QUEEN,0.2108,0.5326,0.2566
DIAMONDS ACE DIAMONDS JACK,0.318,0.0056,0.6764
HEARTS FOUR DIAMONDS JACK,0.5868,0.0112,0.402
SPADES KING SPADES SIX,0.3506,0.0082,0.6412
HEARTS KING SPADES FOUR,0.354,0.0084,0.6376
SPADES TEN SPADES SIX,0.5438,0.0112,0.445
SPADES JACK SPADES SIX,0.5654,0.013,0.4216
SPADES FOUR DIAMONDS JACK,0.598,0.0122,0.3898
SPADES FIVE DIAMONDS JACK,0.5902,0.0122,0.3976
DIAMONDS JACK SPADES TWO,0.6282,0.0122,0.3596
SPADES ACE DIAMONDS THREE,0.2348,0.0208,0.7444
SPADES QUEEN DIAMONDS THREE,0.0112,0.9696,0.0192
CLUBS EIGHT DIAMONDS JACK,0.5702,0.0108,0.419
SPADES KING DIAMONDS THREE,0.2392,0.03,0.7308
CLUBS NINE DIAMONDS JACK,0.5616,0.0108,0.4276
CLUBS SIX DIAMONDS JACK,0.6046,0.013,0.3824
CLUBS SEVEN DIAMONDS JACK,0.5774,0.0106,0.412
CLUBS FOUR DIAMONDS JACK,0.6062,0.0104,0.3834
CLUBS FIVE DIAMONDS JACK,0.611,0.0094,0.3796
CLUBS TWO DIAMONDS JACK,0.6332,0.013,0.3538
CLUBS THREE DIAMONDS JACK,0.7236,0.043,0.2334
SPADES TEN CLUBS FIVE,0.592,0.009,0.399
HEARTS SIX SPADES JACK,0.589,0.0138,0.3972
HEARTS SIX SPADES TEN,0.5786,0.0114,0.41
SPADES JACK CLUBS FIVE,0.5986,0.0126,0.3888
SPADES JACK DIAMONDS THREE,0.716,0.0476,0.2364
CLUBS SEVEN CLUBS ACE,0.3428,0.0062,0.651
DIAMONDS THREE SPADES TEN,0.7168,0.0452,0.238
CLUBS SEVEN CLUBS KING,0.3422,0.0088,0.649
SPADES NINE DIAMONDS JACK,0.5462,0.0108,0.443
CLUBS SEVEN CLUBS TEN,0.5606,0.0096,0.4298
DIAMONDS ACE HEARTS ACE,0.1244,0.0046,0.871
HEARTS FOUR HEARTS ACE,0.326,0.0082,0.6658
SPADES EIGHT DIAMONDS JACK,0.5518,0.0102,0.438
SPADES ACE HEARTS SIX,0.3542,0.0044,0.6414
CLUBS SEVEN CLUBS JACK,0.557,0.0102,0.4328
DIAMONDS ACE HEARTS KING,0.3124,0.005,0.6826
HEARTS FOUR HEARTS KING,0.327,0.0068,0.6662
SPADES SEVEN DIAMONDS JACK,0.5804,0.0118,0.4078
SPADES KING HEARTS SIX,0.359,0.0068,0.6342
DIAMONDS ACE HEARTS QUEEN,0.2184,0.0168,0.7648
HEARTS FOUR HEARTS QUEEN,0.1996,0.484,0.3164
SPADES QUEEN HEARTS SIX,0.2176,0.3782,0.4042
SPADES SIX DIAMONDS JACK,0.5876,0.0134,0.399
SPADES TWO DIAMONDS TEN,0.6368,0.0124,0.3508
SPADES FOUR DIAMONDS TEN,0.5922,0.0124,0.3954
SPADES FIVE DIAMONDS TEN,0.5916,0.0134,0.395
SPADES SIX DIAMONDS TEN,0.57,0.012,0.418
SPADES SEVEN DIAMONDS TEN,0.5626,0.0134,0.424
SPADES EIGHT DIAMONDS TEN,0.5482,0.0128,0.439
SPADES NINE DIAMONDS TEN,0.5402,0.0116,0.4482
CLUBS FOUR DIAMONDS TEN,0.5908,0.0108,0.3984
CLUBS FIVE DIAMONDS TEN,0.603,0.015,0.382
CLUBS SIX DIAMONDS TEN,0.584,0.01,0.406
CLUBS SEVEN DIAMONDS TEN,0.5652,0.0122,0.4226
CLUBS EIGHT DIAMONDS TEN,0.5544,0.0124,0.4332
CLUBS NINE DIAMONDS TEN,0.5572,0.0098,0.433
DIAMONDS THREE CLUBS JACK,0.7334,0.0406,0.226
DIAMONDS THREE CLUBS TEN,0.7208,0.0504,0.2288
DIAMONDS THREE CLUBS KING,0.2354,0.0346,0.73
DIAMONDS THREE CLUBS ACE,0.2326,0.0218,0.7456
SPADES FOUR HEARTS JACK,0.5942,0.01,0.3958
SPADES FOUR HEARTS TEN,0.5856,0.0128,0.4016
SPADES FIVE SPADES TWO,0.5676,0.013,0.4194
SPADES FOUR SPADES TWO,0.5808,0.0178,0.4014
SPADES NINE SPADES TWO,0.599,0.0116,0.3894
SPADES EIGHT SPADES TWO,0.5794,0.0156,0.405
SPADES SEVEN SPADES TWO,0.6082,0.0144,0.3774
SPADES SIX SPADES TWO,0.5952,0.0156,0.3892
DIAMONDS QUEEN CLUBS THREE,0.0204,0.9686,0.011
HEARTS TWO CLUBS THREE,0.7018,0.0424,0.2558
DIAMONDS QUEEN CLUBS TWO,0.2654,0.5276,0.207
CLUBS TWO HEARTS TWO,0.4182,0.0396,0.5422
DIAMONDS QUEEN HEARTS SEVEN,0.224,0.2996,0.4764
HEARTS TWO HEARTS SEVEN,0.5884,0.0128,0.3988
HEARTS SIX DIAMONDS QUEEN,0.227,0.3746,0.3984
HEARTS SIX HEARTS TWO,0.5936,0.0164,0.39
DIAMONDS QUEEN HEARTS NINE,0.2258,0.1632,0.611
HEARTS TWO HEARTS NINE,0.5878,0.0118,0.4004
DIAMONDS QUEEN HEARTS EIGHT,0.2314,0.2268,0.5418
HEARTS TWO HEARTS EIGHT,0.5838,0.0112,0.405
CLUBS NINE HEARTS TWO,0.6308,0.0124,0.3568
CLUBS NINE DIAMONDS QUEEN,0.2224,0.1718,0.6058
CLUBS EIGHT HEARTS TWO,0.6296,0.0142,0.3562
CLUBS EIGHT DIAMONDS QUEEN,0.231,0.2168,0.5522
CLUBS FIVE DIAMONDS QUEEN,0.2184,0.4524,0.3292
CLUBS FIVE HEARTS TWO,0.6062,0.0158,0.378
SPADES EIGHT HEARTS ACE,0.3482,0.0048,0.647
CLUBS FOUR DIAMONDS QUEEN,0.2146,0.5262,0.2592
CLUBS FOUR HEARTS TWO,0.6072,0.0164,0.3764
SPADES EIGHT HEARTS QUEEN,0.2272,0.228,0.5448
CLUBS SEVEN HEARTS TWO,0.6342,0.0168,0.349
CLUBS SEVEN DIAMONDS QUEEN,0.2336,0.3,0.4664
CLUBS SIX DIAMONDS QUEEN,0.2276,0.3814,0.391
CLUBS SIX HEARTS TWO,0.6244,0.0156,0.36
SPADES EIGHT HEARTS KING,0.3576,0.0094,0.633
HEARTS TWO SPADES SIX,0.6052,0.0158,0.379
DIAMONDS QUEEN SPADES SIX,0.2124,0.3918,0.3958
DIAMONDS QUEEN SPADES SEVEN,0.2232,0.3102,0.4666
HEARTS TWO SPADES SEVEN,0.633,0.0142,0.3528
HEARTS FOUR CLUBS KING,0.3546,0.0078,0.6376
DIAMONDS ACE CLUBS KING,0.3228,0.0064,0.6708
DIAMONDS QUEEN SPADES EIGHT,0.2162,0.2388,0.545
SPADES EIGHT HEARTS TWO,0.6156,0.0144,0.37
HEARTS FOUR CLUBS ACE,0.3432,0.0054,0.6514
DIAMONDS ACE CLUBS ACE,0.1174,0.0042,0.8784
SPADES NINE DIAMONDS QUEEN,0.2276,0.1792,0.5932
SPADES NINE HEARTS TWO,0.6188,0.0148,0.3664
HEARTS TWO SPADES TWO,0.4234,0.0364,0.5402
DIAMONDS QUEEN SPADES TWO,0.259,0.5184,0.2226
HEARTS TWO SPADES FOUR,0.6054,0.0136,0.381
DIAMONDS QUEEN SPADES FOUR,0.2174,0.5112,0.2714
HEARTS FOUR CLUBS TEN,0.602,0.0122,0.3858
DIAMONDS ACE CLUBS TEN,0.3478,0.0042,0.648
HEARTS TWO SPADES FIVE,0.6144,0.013,0.3726
DIAMONDS QUEEN SPADES FIVE,0.205,0.4706,0.3244
HEARTS FOUR CLUBS JACK,0.6036,0.0118,0.3846
DIAMONDS ACE CLUBS JACK,0.349,0.005,0.646
CLUBS FIVE CLUBS KING,0.3304,0.0098,0.6598
CLUBS FIVE CLUBS ACE,0.3384,0.0052,0.6564
CLUBS FIVE CLUBS JACK,0.5582,0.0134,0.4284
CLUBS FIVE CLUBS TEN,0.5732,0.012,0.4148
SPADES KING CLUBS JACK,0.3334,0.008,0.6586
SPADES QUEEN CLUBS JACK,0.2466,0.0942,0.6592
SPADES ACE CLUBS JACK,0.3392,0.0058,0.655
SPADES SIX CLUBS KING,0.3446,0.008,0.6474
SPADES EIGHT HEARTS JACK,0.5486,0.0136,0.4378
SPADES SIX CLUBS ACE,0.3492,0.0056,0.6452
SPADES EIGHT HEARTS TEN,0.5508,0.0106,0.4386
SPADES SIX CLUBS JACK,0.6048,0.0112,0.384
SPADES SIX CLUBS TEN,0.5782,0.0116,0.4102
SPADES TEN CLUBS JACK,0.5324,0.0096,0.458
SPADES JACK CLUBS JACK,0.272,0.0124,0.7156
SPADES QUEEN CLUBS SEVEN,0.225,0.3032,0.4718
SPADES KING CLUBS SEVEN,0.3474,0.0118,0.6408
SPADES ACE CLUBS SEVEN,0.349,0.0046,0.6464
SPADES SIX HEARTS TEN,0.5702,0.0118,0.418
SPADES SIX HEARTS JACK,0.598,0.01,0.392
SPADES SIX HEARTS ACE,0.3594,0.0052,0.6354
SPADES SIX HEARTS KING,0.3524,0.0088,0.6388
SPADES SIX HEARTS QUEEN,0.2304,0.378,0.3916
SPADES JACK CLUBS SEVEN,0.5812,0.0142,0.4046
CLUBS SEVEN SPADES TEN,0.554,0.0134,0.4326
HEARTS SIX CLUBS TEN,0.5784,0.0104,0.4112
HEARTS SIX CLUBS JACK,0.5892,0.0124,0.3984
CLUBS ACE CLUBS JACK,0.3268,0.005,0.6682
HEARTS SIX CLUBS KING,0.3522,0.0078,0.64
HEARTS SIX CLUBS ACE,0.3552,0.0038,0.641
CLUBS KING CLUBS JACK,0.3212,0.007,0.6718
DIAMONDS THREE HEARTS ACE,0.2248,0.0212,0.754
DIAMONDS THREE HEARTS QUEEN,0.0236,0.9542,0.0222
DIAMONDS THREE HEARTS KING,0.2414,0.0316,0.727
CLUBS FIVE HEARTS JACK,0.5932,0.01,0.3968
SPADES TEN DIAMONDS ACE,0.3434,0.0038,0.6528
HEARTS FOUR SPADES TEN,0.585,0.0154,0.3996
CLUBS FIVE HEARTS TEN,0.5852,0.0122,0.4026
HEARTS FOUR SPADES JACK,0.6066,0.0118,0.3816
SPADES JACK DIAMONDS ACE,0.3394,0.004,0.6566
SPADES ACE HEARTS FOUR,0.3412,0.0064,0.6524
SPADES ACE DIAMONDS ACE,0.1104,0.0052,0.8844
CLUBS FIVE HEARTS ACE,0.3566,0.0056,0.6378
CLUBS FIVE HEARTS KING,0.3512,0.0078,0.641
HEARTS FOUR SPADES QUEEN,0.214,0.5234,0.2626
SPADES QUEEN DIAMONDS ACE,0.2198,0.0182,0.762
SPADES FOUR CLUBS JACK,0.6046,0.0142,0.3812
CLUBS FIVE HEARTS QUEEN,0.2212,0.4554,0.3234
SPADES KING DIAMONDS ACE,0.3144,0.0056,0.68
HEARTS FOUR SPADES KING,0.3394,0.0106,0.65
SPADES FOUR CLUBS TEN,0.5968,0.0144,0.3888
DIAMONDS QUEEN DIAMONDS ACE,0.209,0.0156,0.7754
HEARTS TWO DIAMONDS ACE,0.3884,0.0054,0.6062
HEARTS FOUR DIAMONDS QUEEN,0.2232,0.5048,0.272
HEARTS FOUR HEARTS TWO,0.5774,0.0168,0.4058
DIAMONDS THREE HEARTS TEN,0.7044,0.049,0.2466
SPADES FOUR CLUBS KING,0.3528,0.0098,0.6374
HEARTS FIVE DIAMONDS QUEEN,0.2228,0.451,0.3262
HEARTS FIVE HEARTS TWO,0.571,0.0156,0.4134
DIAMONDS THREE HEARTS JACK,0.7244,0.0454,0.2302
DIAMONDS QUEEN HEARTS TWO,0.262,0.5274,0.2106
DIAMONDS KING DIAMONDS QUEEN,0.2058,0.0254,0.7688
DIAMONDS KING HEARTS TWO,0.3956,0.0076,0.5968
HEARTS THREE DIAMONDS QUEEN,0.021,0.9582,0.0208
HEARTS THREE HEARTS TWO,0.6614,0.0414,0.2972
SPADES FOUR CLUBS ACE,0.3256,0.0082,0.6662
HEARTS TWO CLUBS ACE,0.3616,0.01,0.6284
DIAMONDS QUEEN CLUBS ACE,0.2206,0.0174,0.762
HEARTS TWO CLUBS KING,0.383,0.0096,0.6074
DIAMONDS QUEEN CLUBS KING,0.223,0.0324,0.7446
SPADES EIGHT SPADES FIVE,0.5318,0.012,0.4562
HEARTS TWO CLUBS TEN,0.6324,0.012,0.3556
DIAMONDS QUEEN CLUBS TEN,0.2324,0.1124,0.6552
SPADES NINE SPADES FIVE,0.5448,0.0112,0.444
HEARTS TWO CLUBS JACK,0.6194,0.0136,0.367
DIAMONDS QUEEN CLUBS JACK,0.2342,0.0868,0.679
SPADES SIX SPADES FIVE,0.5268,0.014,0.4592
SPADES SEVEN SPADES FIVE,0.5248,0.0118,0.4634
SPADES EIGHT CLUBS ACE,0.3378,0.0064,0.6558
DIAMONDS FIVE CLUBS KING,0.3538,0.0082,0.638
SPADES EIGHT CLUBS KING,0.3468,0.006,0.6472
CLUBS ACE DIAMONDS FIVE,0.3406,0.0058,0.6536
SPADES EIGHT CLUBS JACK,0.5596,0.012,0.4284
SPADES EIGHT CLUBS TEN,0.5456,0.0118,0.4426
DIAMONDS FIVE CLUBS TEN,0.5914,0.012,0.3966
DIAMONDS FIVE CLUBS JACK,0.5868,0.014,0.3992
HEARTS JACK DIAMONDS TEN,0.5516,0.0086,0.4398
DIAMONDS TEN HEARTS TEN,0.2958,0.013,0.6912
SPADES ACE CLUBS NINE,0.3566,0.006,0.6374
CLUBS NINE SPADES QUEEN,0.2186,0.1672,0.6142
SPADES KING CLUBS NINE,0.3476,0.0068,0.6456
HEARTS SIX HEARTS KING,0.3298,0.009,0.6612
DIAMONDS KING SPADES SEVEN,0.36,0.0076,0.6324
HEARTS THREE SPADES SEVEN,0.701,0.0466,0.2524
SPADES KING DIAMONDS SEVEN,0.355,0.0058,0.6392
HEARTS SIX HEARTS QUEEN,0.2068,0.3588,0.4344
SPADES QUEEN DIAMONDS SEVEN,0.2126,0.3078,0.4796
HEARTS THREE SPADES SIX,0.6896,0.0402,0.2702
DIAMONDS KING SPADES SIX,0.351,0.0074,0.6416
DIAMONDS KING SPADES NINE,0.35,0.0078,0.6422
HEARTS THREE SPADES NINE,0.7166,0.041,0.2424
HEARTS SIX HEARTS ACE,0.3332,0.0034,0.6634
DIAMONDS KING SPADES EIGHT,0.3642,0.007,0.6288
HEARTS THREE SPADES EIGHT,0.717,0.0416,0.2414
SPADES ACE DIAMONDS SEVEN,0.3664,0.0046,0.629
CLUBS NINE HEARTS THREE,0.7228,0.0402,0.237
CLUBS NINE DIAMONDS KING,0.3562,0.0078,0.636
CLUBS EIGHT HEARTS THREE,0.7304,0.0388,0.2308
CLUBS EIGHT DIAMONDS KING,0.3644,0.008,0.6276
HEARTS THREE SPADES TWO,0.7168,0.0376,0.2456
DIAMONDS KING SPADES TWO,0.39,0.01,0.6
HEARTS THREE SPADES FIVE,0.6678,0.0438,0.2884
DIAMONDS KING SPADES FIVE,0.3458,0.0072,0.647
