opposingHand,winningChance,drawChance,lostChance
SPADES JACK CLUBS FOUR
SPADES TEN HEARTS FIVE,0.592,0.0192,0.3888
SPADES FIVE CLUBS JACK,0.2084,0.4712,0.3204
CLUBS TEN SPADES FIVE,0.6002,0.0206,0.3792
CLUBS EIGHT CLUBS JACK,0.225,0.2034,0.5716
CLUBS TEN CLUBS EIGHT,0.5348,0.0176,0.4476
CLUBS EIGHT CLUBS KING,0.3486,0.0072,0.6442
SPADES FIVE CLUBS ACE,0.3394,0.004,0.6566
CLUBS EIGHT CLUBS QUEEN,0.3442,0.0098,0.646
SPADES FIVE CLUBS KING,0.3622,0.0084,0.6294
SPADES FIVE CLUBS QUEEN,0.357,0.0118,0.6312
CLUBS EIGHT CLUBS ACE,0.3324,0.0054,0.6622
DIAMONDS TWO DIAMONDS THREE,0.6024,0.0212,0.3764
DIAMONDS TWO DIAMONDS FIVE,0.5604,0.022,0.4176
SPADES KING HEARTS FIVE,0.3568,0.006,0.6372
DIAMONDS TWO DIAMONDS FOUR,0.6308,0.0612,0.308
SPADES QUEEN HEARTS FIVE,0.3582,0.0094,0.6324
DIAMONDS TWO DIAMONDS SEVEN,0.5884,0.0222,0.3894
DIAMONDS TWO DIAMONDS SIX,0.5858,0.0206,0.3936
SPADES ACE HEARTS FIVE,0.3436,0.0042,0.6522
DIAMONDS TWO DIAMONDS NINE,0.584,0.0176,0.3984
DIAMONDS TWO DIAMONDS EIGHT,0.5818,0.019,0.3992
DIAMONDS THREE DIAMONDS FOUR,0.6182,0.0634,0.3184
CLUBS TWO SPADES FOUR,0.6956,0.061,0.2434
DIAMONDS THREE DIAMONDS FIVE,0.5468,0.022,0.4312
CLUBS TWO SPADES FIVE,0.6166,0.0248,0.3586
CLUBS TWO SPADES TWO,0.4214,0.0522,0.5264
CLUBS TWO SPADES THREE,0.654,0.0228,0.3232
DIAMONDS THREE DIAMONDS EIGHT,0.5848,0.0194,0.3958
SPADES EIGHT CLUBS TWO,0.6306,0.02,0.3494
DIAMONDS THREE DIAMONDS NINE,0.5768,0.0214,0.4018
SPADES NINE CLUBS TWO,0.633,0.02,0.347
DIAMONDS THREE DIAMONDS SIX,0.5602,0.022,0.4178
CLUBS TWO SPADES SIX,0.6142,0.0204,0.3654
DIAMONDS THREE DIAMONDS SEVEN,0.5776,0.02,0.4024
SPADES SEVEN CLUBS TWO,0.6414,0.0204,0.3382
CLUBS SIX CLUBS TWO,0.5798,0.0208,0.3994
CLUBS SEVEN CLUBS TWO,0.6084,0.0192,0.3724
CLUBS FIVE CLUBS TWO,0.584,0.0218,0.3942
CLUBS TEN CLUBS JACK,0.2294,0.1178,0.6528
DIAMONDS FOUR DIAMONDS SIX,0.6268,0.057,0.3162
CLUBS TEN CLUBS QUEEN,0.3104,0.01,0.6796
DIAMONDS FOUR DIAMONDS SEVEN,0.6374,0.0554,0.3072
CLUBS TEN CLUBS KING,0.316,0.0084,0.6756
CLUBS TEN CLUBS ACE,0.3286,0.0052,0.6662
CLUBS EIGHT CLUBS TWO,0.5942,0.0192,0.3866
DIAMONDS FIVE DIAMONDS FOUR,0.609,0.0562,0.3348
CLUBS NINE CLUBS TWO,0.5882,0.0196,0.3922
DIAMONDS NINE DIAMONDS FOUR,0.6672,0.0528,0.28
DIAMONDS EIGHT DIAMONDS FOUR,0.6362,0.0596,0.3042
CLUBS TWO CLUBS THREE,0.6062,0.0244,0.3694
DIAMONDS NINE DIAMONDS FIVE,0.5348,0.0184,0.4468
DIAMONDS TWO CLUBS JACK,0.258,0.5356,0.2064
DIAMONDS EIGHT DIAMONDS FIVE,0.5382,0.0202,0.4416
CLUBS TEN DIAMONDS TWO,0.6104,0.0186,0.371
DIAMONDS FIVE DIAMONDS SEVEN,0.5322,0.0186,0.4492
DIAMONDS FIVE DIAMONDS SIX,0.5094,0.0222,0.4684
DIAMONDS TWO CLUBS ACE,0.3888,0.005,0.6062
DIAMONDS TWO CLUBS KING,0.3878,0.0082,0.604
DIAMONDS TWO CLUBS QUEEN,0.3928,0.014,0.5932
DIAMONDS EIGHT DIAMONDS SIX,0.5116,0.017,0.4714
DIAMONDS NINE DIAMONDS SIX,0.5352,0.0164,0.4484
HEARTS ACE SPADES THREE,0.3846,0.0056,0.6098
HEARTS KING SPADES THREE,0.3986,0.01,0.5914
DIAMONDS SEVEN DIAMONDS SIX,0.5148,0.0176,0.4676
SPADES THREE HEARTS QUEEN,0.3898,0.0142,0.596
SPADES THREE HEARTS JACK,0.2718,0.5138,0.2144
SPADES THREE HEARTS TEN,0.6278,0.0194,0.3528
DIAMONDS EIGHT DIAMONDS SEVEN,0.5166,0.016,0.4674
DIAMONDS NINE DIAMONDS SEVEN,0.5152,0.0158,0.469
DIAMONDS NINE DIAMONDS EIGHT,0.5088,0.0182,0.473
DIAMONDS KING HEARTS TEN,0.351,0.0072,0.6418
HEARTS THREE HEARTS TEN,0.5844,0.0192,0.3964
DIAMONDS KING HEARTS JACK,0.226,0.0294,0.7446
HEARTS THREE HEARTS JACK,0.2616,0.4814,0.257
SPADES TEN CLUBS SIX,0.5802,0.0192,0.4006
SPADES TEN SPADES FIVE,0.5686,0.023,0.4084
DIAMONDS KING HEARTS ACE,0.3312,0.004,0.6648
HEARTS THREE HEARTS ACE,0.3624,0.0052,0.6324
SPADES ACE CLUBS SIX,0.3406,0.0068,0.6526
DIAMONDS KING HEARTS QUEEN,0.3134,0.0054,0.6812
HEARTS THREE HEARTS QUEEN,0.3616,0.0116,0.6268
SPADES KING CLUBS SIX,0.3592,0.006,0.6348
DIAMONDS KING HEARTS KING,0.1428,0.0066,0.8506
HEARTS THREE HEARTS KING,0.3666,0.0072,0.6262
SPADES QUEEN CLUBS SIX,0.3666,0.0128,0.6206
SPADES NINE HEARTS TEN,0.5448,0.018,0.4372
SPADES NINE HEARTS JACK,0.2274,0.1658,0.6068
SPADES QUEEN SPADES FIVE,0.3358,0.0128,0.6514
SPADES KING SPADES FIVE,0.3442,0.0066,0.6492
SPADES ACE SPADES FIVE,0.3268,0.0054,0.6678
SPADES NINE HEARTS QUEEN,0.337,0.0112,0.6518
SPADES NINE HEARTS KING,0.351,0.008,0.641
SPADES NINE HEARTS ACE,0.369,0.0048,0.6262
CLUBS TEN SPADES TEN,0.2738,0.028,0.6982
SPADES ACE CLUBS TEN,0.3392,0.0064,0.6544
SPADES KING CLUBS TEN,0.3532,0.0054,0.6414
CLUBS TEN SPADES QUEEN,0.32,0.0106,0.6694
SPADES FIVE HEARTS QUEEN,0.3608,0.0128,0.6264
SPADES FIVE HEARTS KING,0.3694,0.008,0.6226
SPADES FIVE HEARTS ACE,0.3694,0.0038,0.6268
SPADES TEN CLUBS EIGHT,0.5592,0.0172,0.4236
HEARTS THREE SPADES TEN,0.617,0.0182,0.3648
SPADES TEN DIAMONDS KING,0.344,0.0068,0.6492
CLUBS SIX HEARTS ACE,0.3632,0.0054,0.6314
SPADES ACE CLUBS EIGHT,0.343,0.0056,0.6514
HEARTS FIVE CLUBS JACK,0.2124,0.4612,0.3264
CLUBS TEN HEARTS FIVE,0.5952,0.0168,0.388
CLUBS SIX HEARTS QUEEN,0.3558,0.016,0.6282
SPADES QUEEN CLUBS EIGHT,0.3606,0.0108,0.6286
CLUBS TEN SPADES THREE,0.6236,0.0234,0.353
CLUBS SIX HEARTS KING,0.354,0.0064,0.6396
SPADES KING CLUBS EIGHT,0.3506,0.007,0.6424
SPADES THREE CLUBS JACK,0.2528,0.534,0.2132
DIAMONDS TWO HEARTS JACK,0.2702,0.516,0.2138
SPADES THREE CLUBS QUEEN,0.3942,0.0124,0.5934
DIAMONDS TWO HEARTS TEN,0.6158,0.016,0.3682
SPADES THREE CLUBS KING,0.3926,0.0086,0.5988
HEARTS FIVE CLUBS ACE,0.342,0.0032,0.6548
SPADES FIVE HEARTS TEN,0.5948,0.0212,0.384
SPADES THREE CLUBS ACE,0.3924,0.0068,0.6008
HEARTS FIVE CLUBS KING,0.3502,0.0074,0.6424
SPADES FIVE HEARTS JACK,0.2258,0.4506,0.3236
HEARTS FIVE CLUBS QUEEN,0.3568,0.0088,0.6344
HEARTS THREE CLUBS KING,0.3936,0.0114,0.595
DIAMONDS KING CLUBS KING,0.1314,0.0046,0.864
HEARTS THREE CLUBS QUEEN,0.3796,0.015,0.6054
DIAMONDS KING CLUBS QUEEN,0.3216,0.0052,0.6732
HEARTS FIVE HEARTS JACK,0.2098,0.4382,0.352
HEARTS FIVE HEARTS TEN,0.5552,0.0144,0.4304
HEARTS THREE CLUBS ACE,0.3832,0.0044,0.6124
DIAMONDS KING CLUBS ACE,0.32,0.0056,0.6744
SPADES ACE CLUBS QUEEN,0.3112,0.0054,0.6834
SPADES KING CLUBS QUEEN,0.3,0.0076,0.6924
HEARTS THREE CLUBS JACK,0.2568,0.525,0.2182
DIAMONDS KING CLUBS JACK,0.2242,0.0316,0.7442
SPADES QUEEN CLUBS QUEEN,0.129,0.0112,0.8598
CLUBS TEN HEARTS THREE,0.6272,0.017,0.3558
CLUBS TEN DIAMONDS KING,0.346,0.006,0.648
CLUBS SIX CLUBS QUEEN,0.3496,0.012,0.6384
SPADES TEN CLUBS QUEEN,0.326,0.0126,0.6614
CLUBS SIX CLUBS KING,0.3466,0.0082,0.6452
CLUBS SIX CLUBS ACE,0.3504,0.0056,0.644
HEARTS FIVE HEARTS KING,0.3296,0.0078,0.6626
HEARTS FIVE HEARTS QUEEN,0.33,0.0122,0.6578
CLUBS TEN CLUBS SIX,0.547,0.0162,0.4368
HEARTS FIVE HEARTS ACE,0.3272,0.0056,0.6672
CLUBS SIX CLUBS JACK,0.2188,0.3624,0.4188
SPADES SEVEN HEARTS JACK,0.2232,0.2986,0.4782
SPADES SEVEN HEARTS TEN,0.5676,0.0198,0.4126
DIAMONDS TWO CLUBS TWO,0.4164,0.0478,0.5358
DIAMONDS TWO CLUBS THREE,0.6434,0.0228,0.3338
HEARTS SIX DIAMONDS TWO,0.6264,0.0212,0.3524
DIAMONDS TWO HEARTS QUEEN,0.3902,0.012,0.5978
DIAMONDS TWO HEARTS SEVEN,0.6168,0.0164,0.3668
DIAMONDS TWO HEARTS KING,0.392,0.0092,0.5988
DIAMONDS TWO HEARTS EIGHT,0.624,0.0184,0.3576
DIAMONDS TWO HEARTS ACE,0.3724,0.005,0.6226
DIAMONDS TWO HEARTS NINE,0.6108,0.0164,0.3728
DIAMONDS TWO DIAMONDS QUEEN,0.3742,0.013,0.6128
DIAMONDS TWO HEARTS TWO,0.4066,0.0468,0.5466
DIAMONDS TWO DIAMONDS KING,0.3744,0.007,0.6186
HEARTS THREE DIAMONDS TWO,0.633,0.0172,0.3498
DIAMONDS TWO DIAMONDS ACE,0.352,0.0052,0.6428
HEARTS FOUR DIAMONDS TWO,0.6742,0.0608,0.265
DIAMONDS TWO HEARTS FIVE,0.6026,0.0234,0.374
SPADES SEVEN HEARTS ACE,0.368,0.0034,0.6286
DIAMONDS TWO DIAMONDS TEN,0.5936,0.0198,0.3866
SPADES SEVEN HEARTS KING,0.37,0.008,0.622
DIAMONDS TWO DIAMONDS JACK,0.2408,0.4822,0.277
SPADES SEVEN HEARTS QUEEN,0.3708,0.0092,0.62
DIAMONDS TWO SPADES NINE,0.6142,0.0212,0.3646
DIAMONDS TWO SPADES EIGHT,0.6194,0.02,0.3606
DIAMONDS TWO SPADES SEVEN,0.6298,0.0202,0.35
DIAMONDS TWO SPADES SIX,0.628,0.0194,0.3526
DIAMONDS TWO SPADES FIVE,0.6074,0.0214,0.3712
DIAMONDS TWO SPADES FOUR,0.6812,0.0692,0.2496
DIAMONDS TWO SPADES THREE,0.6396,0.023,0.3374
DIAMONDS TWO SPADES TWO,0.4328,0.0512,0.516
CLUBS NINE DIAMONDS TWO,0.6208,0.0218,0.3574
DIAMONDS TWO CLUBS EIGHT,0.6242,0.0212,0.3546
CLUBS SEVEN DIAMONDS TWO,0.6202,0.0224,0.3574
DIAMONDS TWO CLUBS SIX,0.6256,0.021,0.3534
DIAMONDS TWO CLUBS FIVE,0.6072,0.0206,0.3722
SPADES ACE DIAMONDS SIX,0.3584,0.0048,0.6368
SPADES QUEEN DIAMONDS SIX,0.359,0.0108,0.6302
SPADES KING DIAMONDS SIX,0.3512,0.0088,0.64
SPADES TEN DIAMONDS SIX,0.5862,0.0196,0.3942
SPADES QUEEN SPADES TWO,0.3796,0.013,0.6074
SPADES KING SPADES TWO,0.3732,0.0074,0.6194
SPADES ACE SPADES TWO,0.3692,0.005,0.6258
DIAMONDS JACK CLUBS JACK,0.0838,0.0388,0.8774
CLUBS TEN DIAMONDS JACK,0.2316,0.1202,0.6482
DIAMONDS JACK CLUBS KING,0.2354,0.0328,0.7318
DIAMONDS JACK CLUBS QUEEN,0.223,0.0422,0.7348
DIAMONDS THREE DIAMONDS JACK,0.246,0.482,0.272
DIAMONDS THREE DIAMONDS TEN,0.5856,0.0174,0.397
DIAMONDS JACK CLUBS ACE,0.2186,0.0254,0.756
DIAMONDS THREE DIAMONDS KING,0.3656,0.0112,0.6232
HEARTS THREE DIAMONDS THREE,0.4196,0.0472,0.5332
DIAMONDS THREE DIAMONDS QUEEN,0.3634,0.0098,0.6268
DIAMONDS THREE HEARTS TWO,0.633,0.0226,0.3444
HEARTS FIVE DIAMONDS THREE,0.6038,0.0212,0.375
DIAMONDS THREE DIAMONDS ACE,0.3534,0.004,0.6426
HEARTS FOUR DIAMONDS THREE,0.6666,0.057,0.2764
DIAMONDS THREE HEARTS SEVEN,0.6204,0.0168,0.3628
SPADES TEN SPADES NINE,0.499,0.0152,0.4858
HEARTS SIX DIAMONDS THREE,0.6016,0.0192,0.3792
DIAMONDS THREE HEARTS NINE,0.6248,0.0142,0.361
HEARTS JACK DIAMONDS FOUR,0.02,0.9544,0.0256
HEARTS KING HEARTS ACE,0.2964,0.0046,0.699
SPADES TEN SPADES TWO,0.5908,0.02,0.3892
DIAMONDS THREE HEARTS EIGHT,0.6296,0.0202,0.3502
HEARTS TEN DIAMONDS FOUR,0.6784,0.0648,0.2568
HEARTS QUEEN DIAMONDS FOUR,0.2294,0.0438,0.7268
HEARTS KING DIAMONDS FOUR,0.247,0.0382,0.7148
SPADES ACE SPADES NINE,0.3508,0.0046,0.6446
HEARTS ACE DIAMONDS FOUR,0.2436,0.0216,0.7348
SPADES KING SPADES NINE,0.3338,0.0076,0.6586
SPADES QUEEN SPADES NINE,0.3342,0.0096,0.6562
DIAMONDS THREE SPADES NINE,0.6318,0.0204,0.3478
DIAMONDS THREE SPADES EIGHT,0.6312,0.02,0.3488
DIAMONDS THREE SPADES SEVEN,0.6256,0.0224,0.352
DIAMONDS THREE SPADES SIX,0.6018,0.0206,0.3776
DIAMONDS THREE CLUBS SIX,0.5922,0.0198,0.388
CLUBS FIVE CLUBS SIX,0.5238,0.0238,0.4524
CLUBS ACE DIAMONDS FOUR,0.2306,0.0254,0.744
CLUBS SEVEN DIAMONDS THREE,0.6124,0.0176,0.37
CLUBS SEVEN CLUBS FIVE,0.532,0.021,0.447
DIAMONDS FOUR CLUBS QUEEN,0.2208,0.049,0.7302
DIAMONDS THREE CLUBS FIVE,0.5922,0.0196,0.3882
CLUBS KING DIAMONDS FOUR,0.2278,0.0366,0.7356
DIAMONDS THREE CLUBS TWO,0.6372,0.02,0.3428
CLUBS TEN DIAMONDS FOUR,0.7028,0.0638,0.2334
DIAMONDS THREE CLUBS THREE,0.4122,0.05,0.5378
DIAMONDS FOUR CLUBS JACK,0.0102,0.9714,0.0184
DIAMONDS THREE SPADES FOUR,0.6692,0.0608,0.27
DIAMONDS THREE SPADES FIVE,0.5844,0.0214,0.3942
DIAMONDS THREE SPADES TWO,0.6354,0.0224,0.3422
DIAMONDS THREE SPADES THREE,0.4078,0.0508,0.5414
CLUBS EIGHT DIAMONDS THREE,0.6264,0.019,0.3546
CLUBS NINE DIAMONDS THREE,0.612,0.0186,0.3694
SPADES SEVEN CLUBS ACE,0.3656,0.0042,0.6302
SPADES SEVEN CLUBS QUEEN,0.3758,0.0106,0.6136
SPADES SEVEN CLUBS KING,0.3664,0.0074,0.6262
CLUBS FIVE SPADES SEVEN,0.5652,0.0232,0.4116
CLUBS TEN SPADES SEVEN,0.568,0.0166,0.4154
CLUBS FIVE SPADES SIX,0.5618,0.0212,0.417
SPADES SEVEN CLUBS JACK,0.2218,0.3038,0.4744
SPADES NINE CLUBS FIVE,0.5688,0.0192,0.412
CLUBS FIVE SPADES EIGHT,0.5664,0.019,0.4146
CLUBS FIVE SPADES THREE,0.5944,0.0224,0.3832
CLUBS FIVE SPADES TWO,0.6114,0.026,0.3626
CLUBS FIVE SPADES FIVE,0.309,0.0464,0.6446
CLUBS FIVE SPADES FOUR,0.6486,0.0648,0.2866
CLUBS NINE CLUBS FIVE,0.5442,0.019,0.4368
CLUBS EIGHT CLUBS FIVE,0.5394,0.0172,0.4434
CLUBS ACE CLUBS QUEEN,0.29,0.0054,0.7046
CLUBS KING CLUBS QUEEN,0.2942,0.0064,0.6994
DIAMONDS TEN DIAMONDS FOUR,0.653,0.0602,0.2868
CLUBS TEN DIAMONDS NINE,0.543,0.0152,0.4418
DIAMONDS JACK DIAMONDS FOUR,0.0232,0.9054,0.0714
DIAMONDS NINE CLUBS JACK,0.228,0.1634,0.6086
SPADES NINE CLUBS JACK,0.2366,0.1716,0.5918
CLUBS TEN SPADES NINE,0.5464,0.016,0.4376
DIAMONDS ACE DIAMONDS FOUR,0.2224,0.0208,0.7568
HEARTS FOUR DIAMONDS FOUR,0.2756,0.0474,0.677
DIAMONDS JACK HEARTS TEN,0.2364,0.1226,0.641
SPADES NINE CLUBS KING,0.3556,0.0066,0.6378
DIAMONDS TWO SPADES TEN,0.6254,0.0182,0.3564
DIAMONDS NINE CLUBS ACE,0.357,0.0046,0.6384
HEARTS FIVE DIAMONDS FOUR,0.642,0.0594,0.2986
HEARTS JACK DIAMONDS JACK,0.091,0.0408,0.8682
SPADES NINE CLUBS QUEEN,0.335,0.0124,0.6526
DIAMONDS QUEEN DIAMONDS FOUR,0.2174,0.0424,0.7402
HEARTS TWO DIAMONDS FOUR,0.6844,0.0578,0.2578
DIAMONDS NINE CLUBS QUEEN,0.342,0.0118,0.6462
DIAMONDS KING DIAMONDS FOUR,0.2274,0.0348,0.7378
HEARTS THREE DIAMONDS FOUR,0.6704,0.0622,0.2674
SPADES NINE CLUBS ACE,0.3428,0.0078,0.6494
DIAMONDS NINE CLUBS KING,0.3532,0.0094,0.6374
HEARTS ACE DIAMONDS JACK,0.238,0.0182,0.7438
SPADES ACE DIAMONDS TWO,0.3768,0.0058,0.6174
DIAMONDS JACK HEARTS QUEEN,0.2308,0.0396,0.7296
SPADES QUEEN DIAMONDS TWO,0.3828,0.0138,0.6034
HEARTS KING DIAMONDS JACK,0.2482,0.0322,0.7196
SPADES KING DIAMONDS TWO,0.4038,0.0054,0.5908
SPADES TEN SPADES SEVEN,0.5532,0.0172,0.4296
CLUBS SEVEN CLUBS THREE,0.5888,0.0244,0.3868
CLUBS SIX CLUBS THREE,0.5758,0.018,0.4062
CLUBS FIVE CLUBS THREE,0.5628,0.0206,0.4166
CLUBS NINE CLUBS THREE,0.5804,0.021,0.3986
CLUBS EIGHT CLUBS THREE,0.5882,0.019,0.3928
CLUBS THREE SPADES FIVE,0.604,0.0252,0.3708
CLUBS THREE SPADES FOUR,0.6872,0.062,0.2508
CLUBS THREE SPADES THREE,0.4152,0.051,0.5338
CLUBS THREE SPADES TWO,0.6358,0.0218,0.3424
SPADES SIX CLUBS THREE,0.6178,0.0174,0.3648
SPADES SEVEN CLUBS THREE,0.6224,0.02,0.3576
SPADES EIGHT CLUBS THREE,0.6286,0.022,0.3494
SPADES NINE CLUBS THREE,0.636,0.0188,0.3452
SPADES TWO DIAMONDS FOUR,0.6894,0.0578,0.2528
SPADES THREE DIAMONDS FOUR,0.672,0.0614,0.2666
SPADES FOUR DIAMONDS FOUR,0.2908,0.044,0.6652
SPADES FIVE DIAMONDS FOUR,0.6584,0.0592,0.2824
SPADES SIX DIAMONDS FOUR,0.6672,0.0584,0.2744
SPADES SEVEN DIAMONDS FOUR,0.6754,0.0568,0.2678
SPADES EIGHT DIAMONDS FOUR,0.6972,0.0534,0.2494
SPADES NINE DIAMONDS FOUR,0.7122,0.0588,0.229
CLUBS FIVE DIAMONDS FOUR,0.6364,0.0598,0.3038
CLUBS SEVEN DIAMONDS FOUR,0.6788,0.0652,0.256
CLUBS SIX DIAMONDS FOUR,0.6628,0.0616,0.2756
CLUBS NINE DIAMONDS FOUR,0.7006,0.0564,0.243
CLUBS EIGHT DIAMONDS FOUR,0.6854,0.0622,0.2524
DIAMONDS FOUR HEARTS SEVEN,0.6744,0.0628,0.2628
HEARTS SIX DIAMONDS FOUR,0.661,0.0566,0.2824
HEARTS NINE DIAMONDS FOUR,0.6988,0.055,0.2462
DIAMONDS FOUR HEARTS EIGHT,0.6864,0.0552,0.2584
CLUBS THREE DIAMONDS FOUR,0.675,0.0672,0.2578
CLUBS TWO DIAMONDS FOUR,0.6934,0.0656,0.241
DIAMONDS TEN DIAMONDS FIVE,0.5578,0.0196,0.4226
DIAMONDS JACK DIAMONDS FIVE,0.2066,0.433,0.3604
DIAMONDS NINE HEARTS QUEEN,0.3378,0.0096,0.6526
HEARTS KING DIAMONDS NINE,0.3524,0.0074,0.6402
DIAMONDS NINE HEARTS ACE,0.356,0.0058,0.6382
DIAMONDS NINE HEARTS TEN,0.5356,0.017,0.4474
DIAMONDS NINE HEARTS JACK,0.2304,0.171,0.5986
CLUBS KING DIAMONDS SIX,0.3472,0.006,0.6468
CLUBS QUEEN DIAMONDS SIX,0.3598,0.0114,0.6288
CLUBS ACE DIAMONDS SIX,0.3682,0.005,0.6268
SPADES KING DIAMONDS FOUR,0.2334,0.0444,0.7222
SPADES ACE SPADES SEVEN,0.331,0.003,0.666
SPADES QUEEN DIAMONDS FOUR,0.23,0.053,0.717
SPADES QUEEN SPADES SEVEN,0.3604,0.0112,0.6284
CLUBS JACK DIAMONDS SIX,0.2112,0.3946,0.3942
SPADES KING SPADES SEVEN,0.3466,0.007,0.6464
SPADES ACE DIAMONDS FOUR,0.2302,0.0272,0.7426
CLUBS TEN DIAMONDS SIX,0.5766,0.0198,0.4036
SPADES TEN DIAMONDS FOUR,0.7068,0.067,0.2262
CLUBS SEVEN SPADES EIGHT,0.5484,0.0168,0.4348
CLUBS SEVEN SPADES NINE,0.5592,0.0188,0.422
CLUBS SEVEN SPADES SIX,0.553,0.0204,0.4266
CLUBS SEVEN SPADES SEVEN,0.2906,0.0422,0.6672
CLUBS SEVEN SPADES FIVE,0.5714,0.0166,0.412
CLUBS SEVEN SPADES FOUR,0.6748,0.0574,0.2678
CLUBS SEVEN SPADES THREE,0.6254,0.0192,0.3554
CLUBS SEVEN SPADES TWO,0.6314,0.0204,0.3482
CLUBS NINE CLUBS SEVEN,0.5106,0.0154,0.474
CLUBS SEVEN CLUBS EIGHT,0.5172,0.0218,0.461
HEARTS SIX DIAMONDS FIVE,0.572,0.0208,0.4072
DIAMONDS FIVE HEARTS SEVEN,0.5598,0.017,0.4232
DIAMONDS FIVE HEARTS EIGHT,0.57,0.0156,0.4144
HEARTS NINE DIAMONDS FIVE,0.5806,0.016,0.4034
DIAMONDS QUEEN DIAMONDS FIVE,0.334,0.0144,0.6516
HEARTS TWO DIAMONDS FIVE,0.5996,0.0216,0.3788
HEARTS KING HEARTS EIGHT,0.3448,0.0052,0.65
DIAMONDS KING DIAMONDS FIVE,0.337,0.0076,0.6554
HEARTS THREE DIAMONDS FIVE,0.5868,0.0192,0.394
HEARTS QUEEN HEARTS EIGHT,0.329,0.0094,0.6616
DIAMONDS ACE DIAMONDS FIVE,0.3202,0.0044,0.6754
HEARTS FOUR DIAMONDS FIVE,0.6472,0.0526,0.3002
HEARTS FIVE DIAMONDS FIVE,0.3086,0.0476,0.6438
HEARTS ACE HEARTS EIGHT,0.3352,0.0062,0.6586
CLUBS FIVE DIAMONDS FIVE,0.3006,0.0478,0.6516
CLUBS SIX DIAMONDS FIVE,0.5486,0.0164,0.435
CLUBS SEVEN DIAMONDS FIVE,0.5594,0.0196,0.421
CLUBS TWO DIAMONDS FIVE,0.6066,0.0194,0.374
CLUBS THREE DIAMONDS FIVE,0.592,0.0202,0.3878
SPADES THREE DIAMONDS FIVE,0.5894,0.0192,0.3914
SPADES TWO DIAMONDS FIVE,0.6112,0.0236,0.3652
SPADES FIVE DIAMONDS FIVE,0.3112,0.0432,0.6456
CLUBS TEN HEARTS JACK,0.224,0.1216,0.6544
SPADES TEN DIAMONDS EIGHT,0.552,0.0184,0.4296
SPADES FOUR DIAMONDS FIVE,0.6502,0.0602,0.2896
HEARTS JACK CLUBS JACK,0.08,0.036,0.884
HEARTS JACK CLUBS QUEEN,0.229,0.0412,0.7298
CLUBS NINE DIAMONDS FIVE,0.5772,0.0196,0.4032
HEARTS JACK CLUBS KING,0.2226,0.0374,0.74
CLUBS EIGHT DIAMONDS FIVE,0.5732,0.0174,0.4094
HEARTS JACK CLUBS ACE,0.2278,0.021,0.7512
SPADES SEVEN DIAMONDS FIVE,0.5818,0.02,0.3982
SPADES KING DIAMONDS EIGHT,0.378,0.0098,0.6122
SPADES SIX DIAMONDS FIVE,0.5682,0.0208,0.411
SPADES QUEEN DIAMONDS EIGHT,0.364,0.01,0.626
SPADES NINE DIAMONDS FIVE,0.6002,0.018,0.3818
SPADES EIGHT DIAMONDS FIVE,0.5758,0.0178,0.4064
SPADES ACE DIAMONDS EIGHT,0.3692,0.0042,0.6266
DIAMONDS TEN DIAMONDS SIX,0.5478,0.0164,0.4358
HEARTS ACE DIAMONDS SEVEN,0.3708,0.0026,0.6266
DIAMONDS JACK DIAMONDS SIX,0.2142,0.3688,0.417
HEARTS QUEEN DIAMONDS SEVEN,0.3602,0.0094,0.6304
HEARTS KING DIAMONDS SEVEN,0.3596,0.008,0.6324
DIAMONDS ACE DIAMONDS SIX,0.339,0.0032,0.6578
HEARTS FOUR DIAMONDS SIX,0.679,0.0562,0.2648
HEARTS JACK SPADES TWO,0.277,0.5148,0.2082
HEARTS FIVE DIAMONDS SIX,0.5676,0.0178,0.4146
SPADES TWO HEARTS TEN,0.6218,0.018,0.3602
DIAMONDS QUEEN DIAMONDS SIX,0.3418,0.0118,0.6464
HEARTS TWO DIAMONDS SIX,0.6168,0.0208,0.3624
DIAMONDS KING DIAMONDS SIX,0.3362,0.0072,0.6566
HEARTS THREE DIAMONDS SIX,0.614,0.0192,0.3668
HEARTS EIGHT DIAMONDS SIX,0.5696,0.0156,0.4148
HEARTS NINE DIAMONDS SIX,0.5568,0.0204,0.4228
HEARTS SIX DIAMONDS SIX,0.3102,0.0436,0.6462
HEARTS SEVEN DIAMONDS SIX,0.5626,0.0182,0.4192
HEARTS TEN DIAMONDS SEVEN,0.5648,0.017,0.4182
CLUBS TWO DIAMONDS SIX,0.6326,0.019,0.3484
HEARTS JACK DIAMONDS SEVEN,0.2304,0.2888,0.4808
CLUBS THREE DIAMONDS SIX,0.6166,0.0198,0.3636
CLUBS SEVEN DIAMONDS SIX,0.548,0.0178,0.4342
DIAMONDS EIGHT CLUBS JACK,0.2326,0.2264,0.541
CLUBS SIX DIAMONDS SIX,0.3104,0.04,0.6496
CLUBS TEN DIAMONDS EIGHT,0.5622,0.0164,0.4214
CLUBS FIVE DIAMONDS SIX,0.5558,0.0188,0.4254
HEARTS ACE HEARTS JACK,0.21,0.0196,0.7704
DIAMONDS EIGHT CLUBS ACE,0.3608,0.0032,0.636
HEARTS JACK HEARTS QUEEN,0.229,0.0422,0.7288
DIAMONDS EIGHT CLUBS KING,0.3602,0.0064,0.6334
CLUBS NINE DIAMONDS SIX,0.5636,0.0156,0.4208
HEARTS KING HEARTS JACK,0.2132,0.0326,0.7542
DIAMONDS EIGHT CLUBS QUEEN,0.3502,0.0122,0.6376
CLUBS EIGHT DIAMONDS SIX,0.5546,0.0226,0.4228
SPADES TEN HEARTS KING,0.3662,0.0092,0.6246
SPADES FIVE DIAMONDS SIX,0.571,0.021,0.408
HEARTS ACE SPADES TWO,0.398,0.0052,0.5968
SPADES FOUR DIAMONDS SIX,0.6718,0.0578,0.2704
SPADES THREE DIAMONDS SIX,0.611,0.024,0.365
SPADES TWO HEARTS QUEEN,0.389,0.0156,0.5954
SPADES ACE SPADES KING,0.3094,0.0048,0.6858
HEARTS KING SPADES TWO,0.3928,0.0082,0.599
SPADES TWO DIAMONDS SIX,0.618,0.0198,0.3622
HEARTS TEN HEARTS EIGHT,0.5216,0.0164,0.462
SPADES NINE DIAMONDS SIX,0.5628,0.016,0.4212
HEARTS JACK HEARTS EIGHT,0.2034,0.2068,0.5898
SPADES EIGHT DIAMONDS SIX,0.5514,0.0176,0.431
SPADES SEVEN DIAMONDS SIX,0.5594,0.0198,0.4208
SPADES SIX DIAMONDS SIX,0.3074,0.0412,0.6514
SPADES KING HEARTS KING,0.1336,0.0074,0.859
SPADES QUEEN HEARTS KING,0.311,0.0068,0.6822
CLUBS ACE CLUBS KING,0.2992,0.004,0.6968
SPADES ACE HEARTS KING,0.3234,0.0028,0.6738
SPADES ACE HEARTS JACK,0.2206,0.0196,0.7598
SPADES QUEEN HEARTS JACK,0.2354,0.0396,0.725
SPADES KING HEARTS JACK,0.2254,0.0266,0.748
SPADES TEN DIAMONDS TEN,0.284,0.0208,0.6952
SPADES ACE DIAMONDS TEN,0.353,0.0036,0.6434
SPADES TEN HEARTS JACK,0.2262,0.1296,0.6442
SPADES QUEEN DIAMONDS TEN,0.3184,0.0112,0.6704
SPADES KING DIAMONDS TEN,0.3468,0.0072,0.646
SPADES NINE DIAMONDS SEVEN,0.5642,0.0156,0.4202
SPADES EIGHT DIAMONDS SEVEN,0.5494,0.0158,0.4348
SPADES SEVEN DIAMONDS SEVEN,0.303,0.033,0.664
SPADES SIX DIAMONDS SEVEN,0.5558,0.0174,0.4268
DIAMONDS KING DIAMONDS SEVEN,0.3446,0.0058,0.6496
HEARTS THREE DIAMONDS SEVEN,0.6106,0.0194,0.37
HEARTS KING DIAMONDS FIVE,0.3612,0.0074,0.6314
DIAMONDS QUEEN DIAMONDS SEVEN,0.332,0.013,0.655
HEARTS TWO DIAMONDS SEVEN,0.6416,0.0196,0.3388
HEARTS QUEEN DIAMONDS FIVE,0.3682,0.0114,0.6204
HEARTS FIVE DIAMONDS SEVEN,0.563,0.0164,0.4206
DIAMONDS ACE DIAMONDS SEVEN,0.3356,0.005,0.6594
HEARTS FOUR DIAMONDS SEVEN,0.6712,0.0606,0.2682
HEARTS ACE DIAMONDS FIVE,0.364,0.0052,0.6308
HEARTS SEVEN DIAMONDS SEVEN,0.2982,0.0362,0.6656
HEARTS SIX DIAMONDS SEVEN,0.5552,0.016,0.4288
HEARTS NINE DIAMONDS SEVEN,0.5526,0.017,0.4304
DIAMONDS SEVEN HEARTS EIGHT,0.5522,0.017,0.4308
DIAMONDS JACK DIAMONDS SEVEN,0.222,0.289,0.489
HEARTS JACK DIAMONDS FIVE,0.2142,0.4596,0.3262
DIAMONDS TEN DIAMONDS SEVEN,0.5294,0.0208,0.4498
DIAMONDS FIVE HEARTS TEN,0.5976,0.0156,0.3868
SPADES KING CLUBS TWO,0.3894,0.0104,0.6002
HEARTS KING CLUBS KING,0.1328,0.0062,0.861
CLUBS EIGHT DIAMONDS SEVEN,0.5566,0.0202,0.4232
SPADES QUEEN CLUBS TWO,0.396,0.015,0.589
HEARTS KING CLUBS QUEEN,0.3148,0.0072,0.678
CLUBS NINE DIAMONDS SEVEN,0.554,0.0168,0.4292
SPADES TWO CLUBS JACK,0.2696,0.5152,0.2152
SPADES ACE CLUBS TWO,0.3796,0.0058,0.6146
CLUBS TEN SPADES TWO,0.6254,0.0186,0.356
HEARTS KING CLUBS ACE,0.3224,0.0052,0.6724
CLUBS SEVEN CLUBS SIX,0.5242,0.0214,0.4544
SPADES TWO CLUBS KING,0.4,0.0096,0.5904
SPADES TWO DIAMONDS SEVEN,0.63,0.0208,0.3492
CLUBS EIGHT CLUBS SIX,0.5332,0.0172,0.4496
SPADES THREE DIAMONDS SEVEN,0.6318,0.0206,0.3476
SPADES TWO CLUBS QUEEN,0.3918,0.0136,0.5946
CLUBS NINE CLUBS SIX,0.5356,0.0176,0.4468
SPADES FOUR DIAMONDS SEVEN,0.6786,0.0574,0.264
HEARTS KING CLUBS JACK,0.223,0.0346,0.7424
SPADES FIVE DIAMONDS SEVEN,0.568,0.0192,0.4128
SPADES TWO CLUBS ACE,0.376,0.0062,0.6178
CLUBS TEN HEARTS KING,0.3294,0.008,0.6626
CLUBS SIX SPADES TWO,0.6232,0.0224,0.3544
CLUBS SIX SPADES THREE,0.6074,0.02,0.3726
CLUBS TWO DIAMONDS SEVEN,0.6312,0.0188,0.35
CLUBS SIX SPADES FOUR,0.6746,0.0572,0.2682
CLUBS THREE DIAMONDS SEVEN,0.6172,0.0178,0.365
CLUBS SIX SPADES FIVE,0.556,0.0184,0.4256
CLUBS SIX SPADES SIX,0.3,0.0444,0.6556
CLUBS FIVE DIAMONDS SEVEN,0.569,0.0222,0.4088
CLUBS SIX SPADES SEVEN,0.5688,0.0206,0.4106
CLUBS SIX DIAMONDS SEVEN,0.5616,0.0196,0.4188
SPADES EIGHT CLUBS SIX,0.5622,0.0222,0.4156
CLUBS SEVEN DIAMONDS SEVEN,0.283,0.037,0.68
SPADES NINE CLUBS SIX,0.5682,0.0168,0.415
SPADES TEN CLUBS TWO,0.6328,0.0222,0.345
CLUBS TWO CLUBS QUEEN,0.3766,0.013,0.6104
CLUBS TWO CLUBS KING,0.3668,0.0068,0.6264
CLUBS THREE DIAMONDS EIGHT,0.6294,0.0188,0.3518
CLUBS TWO CLUBS ACE,0.3664,0.0082,0.6254
CLUBS TWO DIAMONDS EIGHT,0.6372,0.0212,0.3416
DIAMONDS EIGHT HEARTS SEVEN,0.5542,0.0182,0.4276
HEARTS SIX DIAMONDS EIGHT,0.5684,0.0158,0.4158
DIAMONDS EIGHT HEARTS NINE,0.5458,0.016,0.4382
CLUBS TEN CLUBS TWO,0.586,0.0196,0.3944
DIAMONDS EIGHT HEARTS EIGHT,0.2954,0.0324,0.6722
CLUBS TWO CLUBS JACK,0.2556,0.4942,0.2502
CLUBS NINE DIAMONDS EIGHT,0.5158,0.0186,0.4656
CLUBS EIGHT DIAMONDS EIGHT,0.2812,0.0328,0.686
CLUBS FIVE DIAMONDS EIGHT,0.5562,0.0188,0.425
SPADES ACE SPADES THREE,0.3662,0.0054,0.6284
CLUBS SEVEN DIAMONDS EIGHT,0.5436,0.0162,0.4402
SPADES QUEEN SPADES THREE,0.3758,0.0144,0.6098
CLUBS SIX DIAMONDS EIGHT,0.5512,0.02,0.4288
SPADES KING SPADES THREE,0.379,0.0088,0.6122
DIAMONDS QUEEN DIAMONDS EIGHT,0.3448,0.0094,0.6458
HEARTS TWO DIAMONDS EIGHT,0.63,0.019,0.351
DIAMONDS KING DIAMONDS EIGHT,0.344,0.0054,0.6506
HEARTS THREE DIAMONDS EIGHT,0.6264,0.0186,0.355
DIAMONDS ACE DIAMONDS EIGHT,0.3336,0.0054,0.661
HEARTS FOUR DIAMONDS EIGHT,0.6816,0.0544,0.264
HEARTS FIVE DIAMONDS EIGHT,0.5766,0.0204,0.403
DIAMONDS EIGHT DIAMONDS TEN,0.5152,0.0186,0.4662
DIAMONDS EIGHT DIAMONDS JACK,0.2112,0.2122,0.5766
SPADES TEN SPADES THREE,0.5892,0.0174,0.3934
CLUBS SIX HEARTS TEN,0.5848,0.0132,0.402
CLUBS SIX HEARTS JACK,0.2092,0.3944,0.3964
SPADES FOUR DIAMONDS EIGHT,0.6908,0.0584,0.2508
SPADES FIVE DIAMONDS EIGHT,0.5706,0.0206,0.4088
DIAMONDS EIGHT SPADES TWO,0.628,0.0216,0.3504
DIAMONDS EIGHT SPADES THREE,0.6256,0.0204,0.354
SPADES EIGHT DIAMONDS EIGHT,0.303,0.0346,0.6624
SPADES TEN HEARTS TWO,0.6184,0.0202,0.3614
SPADES TEN DIAMONDS QUEEN,0.3264,0.0104,0.6632
SPADES NINE DIAMONDS EIGHT,0.541,0.0178,0.4412
SPADES TEN HEARTS EIGHT,0.5466,0.0196,0.4338
SPADES SIX DIAMONDS EIGHT,0.5562,0.0186,0.4252
SPADES SEVEN DIAMONDS EIGHT,0.5408,0.0202,0.439
SPADES ACE HEARTS TWO,0.3816,0.0058,0.6126
SPADES ACE DIAMONDS QUEEN,0.3238,0.0038,0.6724
SPADES ACE HEARTS EIGHT,0.3478,0.0038,0.6484
SPADES KING HEARTS EIGHT,0.365,0.0068,0.6282
SPADES QUEEN HEARTS TWO,0.3976,0.0132,0.5892
SPADES QUEEN DIAMONDS QUEEN,0.1428,0.0118,0.8454
SPADES KING DIAMONDS QUEEN,0.317,0.0068,0.6762
SPADES KING HEARTS TWO,0.3888,0.009,0.6022
SPADES QUEEN HEARTS EIGHT,0.3562,0.0108,0.633
CLUBS TWO HEARTS TEN,0.6304,0.024,0.3456
CLUBS TWO HEARTS JACK,0.2694,0.5138,0.2168
SPADES SEVEN DIAMONDS NINE,0.5486,0.017,0.4344
SPADES SIX DIAMONDS NINE,0.5672,0.0202,0.4126
SPADES NINE DIAMONDS NINE,0.282,0.0312,0.6868
SPADES EIGHT DIAMONDS NINE,0.5412,0.0208,0.438
SPADES TEN CLUBS KING,0.3478,0.0072,0.645
DIAMONDS NINE SPADES THREE,0.6332,0.0186,0.3482
DIAMONDS NINE SPADES TWO,0.6326,0.0186,0.3488
SPADES FIVE DIAMONDS NINE,0.5826,0.0194,0.398
DIAMONDS NINE SPADES FOUR,0.7054,0.0574,0.2372
CLUBS NINE DIAMONDS NINE,0.276,0.0278,0.6962
CLUBS EIGHT DIAMONDS NINE,0.5452,0.0146,0.4402
CLUBS SIX DIAMONDS NINE,0.5536,0.0182,0.4282
CLUBS SEVEN DIAMONDS NINE,0.5408,0.0148,0.4444
CLUBS FIVE DIAMONDS NINE,0.5822,0.0184,0.3994
CLUBS TWO DIAMONDS NINE,0.6244,0.017,0.3586
CLUBS THREE DIAMONDS NINE,0.6196,0.018,0.3624
DIAMONDS NINE HEARTS EIGHT,0.534,0.0176,0.4484
DIAMONDS NINE HEARTS NINE,0.288,0.0258,0.6862
HEARTS SIX DIAMONDS NINE,0.5678,0.0158,0.4164
DIAMONDS NINE HEARTS SEVEN,0.5614,0.017,0.4216
CLUBS NINE CLUBS EIGHT,0.5034,0.0176,0.479
DIAMONDS ACE DIAMONDS NINE,0.3342,0.0042,0.6616
HEARTS FOUR DIAMONDS NINE,0.6954,0.0574,0.2472
HEARTS FIVE DIAMONDS NINE,0.5844,0.0152,0.4004
CLUBS TWO HEARTS ACE,0.3872,0.0044,0.6084
DIAMONDS QUEEN DIAMONDS NINE,0.3256,0.0096,0.6648
HEARTS TWO DIAMONDS NINE,0.6128,0.0168,0.3704
CLUBS TWO HEARTS KING,0.3952,0.0074,0.5974
DIAMONDS KING DIAMONDS NINE,0.3308,0.006,0.6632
HEARTS THREE DIAMONDS NINE,0.6354,0.0188,0.3458
CLUBS TWO HEARTS QUEEN,0.394,0.0094,0.5966
DIAMONDS NINE DIAMONDS JACK,0.215,0.1628,0.6222
CLUBS EIGHT SPADES NINE,0.526,0.0186,0.4554
DIAMONDS NINE DIAMONDS TEN,0.5104,0.0172,0.4724
CLUBS EIGHT SPADES EIGHT,0.2832,0.0328,0.684
CLUBS EIGHT SPADES SEVEN,0.5412,0.0172,0.4416
CLUBS EIGHT SPADES SIX,0.5696,0.0162,0.4142
CLUBS EIGHT SPADES FIVE,0.584,0.0172,0.3988
CLUBS EIGHT SPADES FOUR,0.6766,0.0588,0.2646
CLUBS EIGHT SPADES THREE,0.6226,0.0232,0.3542
CLUBS EIGHT SPADES TWO,0.6342,0.0186,0.3472
HEARTS SIX DIAMONDS TEN,0.5894,0.0178,0.3928
DIAMONDS TEN HEARTS SEVEN,0.572,0.0148,0.4132
DIAMONDS TEN HEARTS EIGHT,0.5464,0.0178,0.4358
DIAMONDS TEN HEARTS NINE,0.532,0.0152,0.4528
CLUBS TWO DIAMONDS TEN,0.6158,0.017,0.3672
CLUBS THREE DIAMONDS TEN,0.6296,0.02,0.3504
DIAMONDS JACK DIAMONDS TEN,0.2168,0.1186,0.6646
DIAMONDS QUEEN DIAMONDS TEN,0.3052,0.0102,0.6846
HEARTS TWO DIAMONDS TEN,0.628,0.0172,0.3548
DIAMONDS KING DIAMONDS TEN,0.3224,0.0054,0.6722
HEARTS THREE DIAMONDS TEN,0.6358,0.0156,0.3486
DIAMONDS ACE DIAMONDS TEN,0.3224,0.0042,0.6734
HEARTS FOUR DIAMONDS TEN,0.6972,0.0666,0.2362
CLUBS EIGHT HEARTS JACK,0.2282,0.219,0.5528
HEARTS FIVE DIAMONDS TEN,0.5874,0.0182,0.3944
CLUBS EIGHT HEARTS TEN,0.5472,0.02,0.4328
CLUBS EIGHT HEARTS QUEEN,0.3396,0.0104,0.65
CLUBS EIGHT HEARTS KING,0.3696,0.007,0.6234
CLUBS EIGHT HEARTS ACE,0.3612,0.0046,0.6342
CLUBS NINE SPADES THREE,0.6254,0.022,0.3526
CLUBS NINE SPADES TWO,0.6204,0.0198,0.3598
CLUBS NINE SPADES FIVE,0.5786,0.0222,0.3992
CLUBS NINE SPADES FOUR,0.715,0.0532,0.2318
CLUBS NINE SPADES SEVEN,0.5518,0.017,0.4312
CLUBS NINE SPADES SIX,0.5656,0.0166,0.4178
CLUBS NINE SPADES NINE,0.2792,0.028,0.6928
CLUBS TEN HEARTS EIGHT,0.5554,0.017,0.4276
CLUBS NINE SPADES EIGHT,0.5352,0.0156,0.4492
CLUBS JACK HEARTS EIGHT,0.2242,0.2312,0.5446
CLUBS QUEEN HEARTS EIGHT,0.348,0.0154,0.6366
CLUBS KING HEARTS EIGHT,0.3622,0.0072,0.6306
CLUBS ACE HEARTS EIGHT,0.3584,0.0032,0.6384
SPADES KING CLUBS KING,0.1252,0.0068,0.868
SPADES QUEEN CLUBS KING,0.304,0.0072,0.6888
SPADES ACE CLUBS KING,0.3132,0.0048,0.682
DIAMONDS ACE HEARTS TEN,0.3428,0.0052,0.652
HEARTS FOUR HEARTS TEN,0.6598,0.0538,0.2864
DIAMONDS ACE HEARTS JACK,0.2328,0.0216,0.7456
HEARTS FOUR HEARTS JACK,0.022,0.9092,0.0688
SPADES KING CLUBS FIVE,0.3426,0.0082,0.6492
SPADES QUEEN CLUBS FIVE,0.3516,0.0128,0.6356
SPADES ACE CLUBS FIVE,0.3346,0.005,0.6604
DIAMONDS JACK HEARTS SEVEN,0.2332,0.2924,0.4744
HEARTS SIX DIAMONDS JACK,0.219,0.387,0.394
DIAMONDS JACK HEARTS NINE,0.232,0.1674,0.6006
DIAMONDS JACK HEARTS EIGHT,0.2238,0.2168,0.5594
DIAMONDS KING DIAMONDS JACK,0.2284,0.0298,0.7418
HEARTS THREE DIAMONDS JACK,0.2546,0.5268,0.2186
SPADES ACE SPADES SIX,0.35,0.0044,0.6456
SPADES FOUR HEARTS ACE,0.2354,0.0242,0.7404
DIAMONDS QUEEN DIAMONDS JACK,0.2156,0.042,0.7424
HEARTS TWO DIAMONDS JACK,0.2726,0.513,0.2144
HEARTS FIVE DIAMONDS JACK,0.2056,0.469,0.3254
SPADES QUEEN SPADES SIX,0.3368,0.0082,0.655
SPADES FOUR HEARTS QUEEN,0.2422,0.049,0.7088
DIAMONDS ACE DIAMONDS JACK,0.219,0.019,0.762
HEARTS FOUR DIAMONDS JACK,0.0208,0.9574,0.0218
SPADES KING SPADES SIX,0.3466,0.0092,0.6442
HEARTS KING SPADES FOUR,0.231,0.0386,0.7304
SPADES TEN SPADES SIX,0.5678,0.0192,0.413
SPADES FOUR DIAMONDS JACK,0.0182,0.9716,0.0102
SPADES FIVE DIAMONDS JACK,0.2236,0.4558,0.3206
DIAMONDS JACK SPADES TWO,0.2596,0.532,0.2084
SPADES THREE DIAMONDS JACK,0.2654,0.5144,0.2202
SPADES ACE DIAMONDS THREE,0.3766,0.0052,0.6182
SPADES QUEEN DIAMONDS THREE,0.3752,0.0126,0.6122
CLUBS EIGHT DIAMONDS JACK,0.228,0.2212,0.5508
SPADES KING DIAMONDS THREE,0.3824,0.0088,0.6088
CLUBS NINE DIAMONDS JACK,0.2222,0.1682,0.6096
CLUBS SIX DIAMONDS JACK,0.217,0.378,0.405
CLUBS SEVEN DIAMONDS JACK,0.2192,0.3132,0.4676
CLUBS FIVE DIAMONDS JACK,0.2094,0.4716,0.319
CLUBS TWO DIAMONDS JACK,0.2744,0.5226,0.203
CLUBS THREE DIAMONDS JACK,0.2572,0.5378,0.205
SPADES TEN CLUBS FIVE,0.5962,0.0188,0.385
HEARTS SIX SPADES TEN,0.5786,0.015,0.4064
CLUBS SEVEN CLUBS ACE,0.3352,0.0046,0.6602
SPADES TEN DIAMONDS THREE,0.6188,0.019,0.3622
CLUBS SEVEN CLUBS QUEEN,0.3502,0.0096,0.6402
CLUBS SEVEN CLUBS KING,0.3446,0.0078,0.6476
SPADES NINE DIAMONDS JACK,0.2318,0.1552,0.613
CLUBS TEN CLUBS SEVEN,0.5326,0.0176,0.4498
DIAMONDS ACE HEARTS ACE,0.1272,0.0042,0.8686
HEARTS FOUR HEARTS ACE,0.22,0.0258,0.7542
SPADES EIGHT DIAMONDS JACK,0.2248,0.2344,0.5408
SPADES ACE HEARTS SIX,0.3534,0.0042,0.6424
CLUBS SEVEN CLUBS JACK,0.2154,0.2812,0.5034
DIAMONDS ACE HEARTS KING,0.3332,0.0044,0.6624
HEARTS FOUR HEARTS KING,0.2274,0.0346,0.738
SPADES SEVEN DIAMONDS JACK,0.2284,0.2906,0.481
SPADES KING HEARTS SIX,0.362,0.0084,0.6296
DIAMONDS ACE HEARTS QUEEN,0.33,0.0036,0.6664
HEARTS FOUR HEARTS QUEEN,0.2256,0.049,0.7254
SPADES SIX DIAMONDS JACK,0.2344,0.3902,0.3754
SPADES QUEEN HEARTS SIX,0.3582,0.0112,0.6306
SPADES TWO DIAMONDS TEN,0.6374,0.0194,0.3432
SPADES THREE DIAMONDS TEN,0.6192,0.0142,0.3666
SPADES FOUR DIAMONDS TEN,0.7048,0.063,0.2322
SPADES FIVE DIAMONDS TEN,0.6056,0.014,0.3804
SPADES SIX DIAMONDS TEN,0.6008,0.0158,0.3834
SPADES SEVEN DIAMONDS TEN,0.5708,0.0196,0.4096
SPADES EIGHT DIAMONDS TEN,0.5612,0.0158,0.423
SPADES NINE DIAMONDS TEN,0.5306,0.0186,0.4508
CLUBS FIVE DIAMONDS TEN,0.5902,0.0152,0.3946
CLUBS SIX DIAMONDS TEN,0.5742,0.0196,0.4062
CLUBS SEVEN DIAMONDS TEN,0.5654,0.0176,0.417
CLUBS EIGHT DIAMONDS TEN,0.547,0.0148,0.4382
CLUBS NINE DIAMONDS TEN,0.5218,0.016,0.4622
DIAMONDS THREE CLUBS JACK,0.2718,0.5124,0.2158
CLUBS TEN DIAMONDS THREE,0.6256,0.0208,0.3536
DIAMONDS THREE CLUBS KING,0.3942,0.0094,0.5964
DIAMONDS THREE CLUBS QUEEN,0.3866,0.0128,0.6006
DIAMONDS THREE CLUBS ACE,0.3786,0.0072,0.6142
SPADES FOUR HEARTS JACK,0.016,0.9724,0.0116
SPADES FOUR HEARTS TEN,0.7148,0.0604,0.2248
SPADES FIVE SPADES TWO,0.5874,0.0204,0.3922
SPADES FOUR SPADES TWO,0.6462,0.0628,0.291
SPADES THREE SPADES TWO,0.5982,0.023,0.3788
SPADES NINE SPADES TWO,0.5834,0.0232,0.3934
SPADES EIGHT SPADES TWO,0.587,0.018,0.395
SPADES SEVEN SPADES TWO,0.5964,0.0204,0.3832
SPADES SIX SPADES TWO,0.5998,0.0192,0.381
DIAMONDS QUEEN CLUBS THREE,0.3892,0.0108,0.6
HEARTS TWO CLUBS THREE,0.639,0.0222,0.3388
DIAMONDS QUEEN CLUBS TWO,0.3966,0.0136,0.5898
CLUBS TWO HEARTS TWO,0.4172,0.0538,0.529
DIAMONDS QUEEN HEARTS SEVEN,0.375,0.0118,0.6132
HEARTS TWO HEARTS SEVEN,0.5736,0.0202,0.4062
HEARTS SIX DIAMONDS QUEEN,0.37,0.009,0.621
HEARTS SIX HEARTS TWO,0.5752,0.0166,0.4082
DIAMONDS QUEEN HEARTS NINE,0.3434,0.0094,0.6472
HEARTS TWO HEARTS NINE,0.5748,0.0168,0.4084
DIAMONDS QUEEN HEARTS EIGHT,0.3648,0.0106,0.6246
HEARTS TWO HEARTS EIGHT,0.5828,0.019,0.3982
CLUBS NINE HEARTS TWO,0.6184,0.0198,0.3618
CLUBS NINE DIAMONDS QUEEN,0.354,0.0094,0.6366
CLUBS EIGHT HEARTS TWO,0.6284,0.0168,0.3548
CLUBS EIGHT DIAMONDS QUEEN,0.3422,0.0104,0.6474
CLUBS FIVE DIAMONDS QUEEN,0.3592,0.0124,0.6284
CLUBS FIVE HEARTS TWO,0.5934,0.0206,0.386
SPADES EIGHT HEARTS ACE,0.3614,0.0044,0.6342
CLUBS SEVEN DIAMONDS QUEEN,0.3562,0.0116,0.6322
CLUBS SEVEN HEARTS TWO,0.6262,0.0226,0.3512
SPADES EIGHT HEARTS QUEEN,0.36,0.0118,0.6282
CLUBS SIX DIAMONDS QUEEN,0.3676,0.0116,0.6208
CLUBS SIX HEARTS TWO,0.6226,0.0206,0.3568
SPADES EIGHT HEARTS KING,0.3708,0.0064,0.6228
DIAMONDS QUEEN SPADES SIX,0.3714,0.0112,0.6174
HEARTS TWO SPADES SIX,0.6228,0.017,0.3602
HEARTS FOUR CLUBS QUEEN,0.2238,0.0486,0.7276
DIAMONDS ACE CLUBS QUEEN,0.317,0.0054,0.6776
DIAMONDS QUEEN SPADES SEVEN,0.36,0.0096,0.6304
SPADES SEVEN HEARTS TWO,0.6244,0.0202,0.3554
HEARTS FOUR CLUBS KING,0.229,0.0354,0.7356
DIAMONDS ACE CLUBS KING,0.3244,0.0058,0.6698
SPADES EIGHT DIAMONDS QUEEN,0.358,0.011,0.631
SPADES EIGHT HEARTS TWO,0.6386,0.0174,0.344
HEARTS FOUR CLUBS ACE,0.2386,0.0214,0.74
DIAMONDS ACE CLUBS ACE,0.1208,0.003,0.8762
SPADES NINE DIAMONDS QUEEN,0.3394,0.0102,0.6504
SPADES NINE HEARTS TWO,0.6246,0.02,0.3554
HEARTS TWO SPADES TWO,0.4196,0.0508,0.5296
DIAMONDS QUEEN SPADES TWO,0.3928,0.0122,0.595
HEARTS TWO SPADES THREE,0.6366,0.0202,0.3432
DIAMONDS QUEEN SPADES THREE,0.3888,0.0142,0.597
HEARTS TWO SPADES FOUR,0.6678,0.0684,0.2638
DIAMONDS QUEEN SPADES FOUR,0.2306,0.0522,0.7172
HEARTS FOUR CLUBS TEN,0.6958,0.0578,0.2464
CLUBS TEN DIAMONDS ACE,0.3486,0.0028,0.6486
HEARTS TWO SPADES FIVE,0.6124,0.0208,0.3668
DIAMONDS QUEEN SPADES FIVE,0.3642,0.013,0.6228
HEARTS FOUR CLUBS JACK,0.014,0.9644,0.0216
DIAMONDS ACE CLUBS JACK,0.2164,0.02,0.7636
CLUBS FIVE CLUBS KING,0.3428,0.0094,0.6478
CLUBS FIVE CLUBS QUEEN,0.3552,0.0114,0.6334
CLUBS FIVE CLUBS ACE,0.3216,0.0054,0.673
CLUBS FIVE CLUBS JACK,0.206,0.4448,0.3492
CLUBS TEN CLUBS FIVE,0.5632,0.0184,0.4184
SPADES KING CLUBS JACK,0.2232,0.0362,0.7406
SPADES QUEEN CLUBS JACK,0.2026,0.0398,0.7576
SPADES ACE CLUBS JACK,0.2114,0.0236,0.765
SPADES SIX CLUBS KING,0.3642,0.0086,0.6272
SPADES SIX CLUBS QUEEN,0.3598,0.0134,0.6268
SPADES EIGHT HEARTS JACK,0.2308,0.2276,0.5416
SPADES SIX CLUBS ACE,0.3642,0.0056,0.6302
SPADES EIGHT HEARTS TEN,0.5482,0.0182,0.4336
SPADES SIX CLUBS JACK,0.2156,0.3928,0.3916
CLUBS TEN SPADES SIX,0.5834,0.0152,0.4014
SPADES TEN CLUBS JACK,0.223,0.1232,0.6538
SPADES QUEEN CLUBS SEVEN,0.3466,0.0114,0.642
SPADES KING CLUBS SEVEN,0.3474,0.0078,0.6448
SPADES ACE CLUBS SEVEN,0.3508,0.0054,0.6438
SPADES SIX HEARTS TEN,0.59,0.0166,0.3934
SPADES SIX HEARTS JACK,0.2426,0.3694,0.388
SPADES SIX HEARTS ACE,0.3736,0.0054,0.621
SPADES SIX HEARTS KING,0.3646,0.0068,0.6286
SPADES SIX HEARTS QUEEN,0.3684,0.0108,0.6208
CLUBS SEVEN SPADES TEN,0.5638,0.0192,0.417
CLUBS TEN HEARTS SIX,0.5792,0.0172,0.4036
HEARTS SIX CLUBS JACK,0.2242,0.38,0.3958
CLUBS ACE CLUBS JACK,0.224,0.0204,0.7556
HEARTS SIX CLUBS QUEEN,0.3502,0.0088,0.641
HEARTS SIX CLUBS KING,0.3618,0.0076,0.6306
HEARTS SIX CLUBS ACE,0.349,0.0046,0.6464
CLUBS QUEEN CLUBS JACK,0.2168,0.0426,0.7406
CLUBS KING CLUBS JACK,0.2136,0.0294,0.757
DIAMONDS THREE HEARTS ACE,0.3682,0.0052,0.6266
DIAMONDS THREE HEARTS QUEEN,0.3962,0.013,0.5908
DIAMONDS THREE HEARTS KING,0.3878,0.007,0.6052
CLUBS FIVE HEARTS JACK,0.2068,0.4698,0.3234
HEARTS FOUR SPADES TEN,0.7096,0.0656,0.2248
SPADES TEN DIAMONDS ACE,0.3576,0.0038,0.6386
CLUBS FIVE HEARTS TEN,0.5938,0.02,0.3862
SPADES ACE HEARTS FOUR,0.231,0.0278,0.7412
SPADES ACE DIAMONDS ACE,0.1162,0.0044,0.8794
CLUBS FIVE HEARTS ACE,0.3434,0.0046,0.652
CLUBS FIVE HEARTS KING,0.37,0.008,0.622
HEARTS FOUR SPADES QUEEN,0.234,0.0476,0.7184
SPADES QUEEN DIAMONDS ACE,0.309,0.0042,0.6868
SPADES FOUR CLUBS JACK,0.0078,0.9848,0.0074
CLUBS FIVE HEARTS QUEEN,0.3574,0.0128,0.6298
SPADES KING DIAMONDS ACE,0.3234,0.0052,0.6714
HEARTS FOUR SPADES KING,0.2338,0.0416,0.7246
CLUBS TEN SPADES FOUR,0.701,0.066,0.233
DIAMONDS QUEEN DIAMONDS ACE,0.303,0.0046,0.6924
HEARTS TWO DIAMONDS ACE,0.3716,0.0048,0.6236
HEARTS FOUR DIAMONDS QUEEN,0.2324,0.0514,0.7162
HEARTS FOUR HEARTS TWO,0.644,0.0562,0.2998
DIAMONDS THREE HEARTS TEN,0.6126,0.019,0.3684
SPADES FOUR CLUBS KING,0.223,0.0386,0.7384
HEARTS FIVE DIAMONDS QUEEN,0.352,0.0104,0.6376
HEARTS FIVE HEARTS TWO,0.5618,0.0178,0.4204
DIAMONDS THREE HEARTS JACK,0.263,0.5242,0.2128
SPADES FOUR CLUBS QUEEN,0.2274,0.0508,0.7218
DIAMONDS QUEEN HEARTS TWO,0.3958,0.0134,0.5908
DIAMONDS KING DIAMONDS QUEEN,0.2918,0.0042,0.704
DIAMONDS KING HEARTS TWO,0.4036,0.0064,0.59
HEARTS THREE DIAMONDS QUEEN,0.3944,0.0108,0.5948
HEARTS THREE HEARTS TWO,0.582,0.0206,0.3974
SPADES FOUR CLUBS ACE,0.2404,0.0286,0.731
HEARTS TWO CLUBS ACE,0.3918,0.007,0.6012
DIAMONDS QUEEN CLUBS ACE,0.3248,0.0046,0.6706
HEARTS TWO CLUBS QUEEN,0.3842,0.0124,0.6034
DIAMONDS QUEEN CLUBS QUEEN,0.1352,0.0092,0.8556
HEARTS TWO CLUBS KING,0.3874,0.0084,0.6042
DIAMONDS QUEEN CLUBS KING,0.3118,0.0064,0.6818
SPADES EIGHT SPADES FIVE,0.5478,0.0184,0.4338
CLUBS TEN HEARTS TWO,0.6206,0.018,0.3614
CLUBS TEN DIAMONDS QUEEN,0.321,0.0072,0.6718
SPADES NINE SPADES FIVE,0.556,0.022,0.422
HEARTS TWO CLUBS JACK,0.2648,0.5212,0.214
DIAMONDS QUEEN CLUBS JACK,0.2206,0.0392,0.7402
SPADES SIX SPADES FIVE,0.5332,0.0228,0.444
SPADES SEVEN SPADES FIVE,0.5478,0.021,0.4312
DIAMONDS FIVE CLUBS QUEEN,0.3438,0.0128,0.6434
SPADES EIGHT CLUBS ACE,0.3584,0.0054,0.6362
DIAMONDS FIVE CLUBS KING,0.3518,0.007,0.6412
SPADES EIGHT CLUBS KING,0.3496,0.007,0.6434
CLUBS ACE DIAMONDS FIVE,0.3532,0.0048,0.642
SPADES EIGHT CLUBS QUEEN,0.353,0.0114,0.6356
SPADES EIGHT CLUBS JACK,0.2368,0.2156,0.5476
CLUBS TEN SPADES EIGHT,0.549,0.0158,0.4352
CLUBS TEN DIAMONDS FIVE,0.5956,0.0184,0.386
DIAMONDS FIVE CLUBS JACK,0.2222,0.4588,0.319
HEARTS JACK DIAMONDS TEN,0.24,0.1212,0.6388
DIAMONDS TEN HEARTS TEN,0.2706,0.021,0.7084
SPADES ACE CLUBS NINE,0.3522,0.0046,0.6432
CLUBS NINE SPADES QUEEN,0.3402,0.0126,0.6472
CLUBS NINE SPADES KING,0.345,0.009,0.646
HEARTS SIX HEARTS KING,0.3452,0.007,0.6478
DIAMONDS KING SPADES SEVEN,0.3778,0.0058,0.6164
HEARTS THREE SPADES SEVEN,0.6256,0.021,0.3534
SPADES KING DIAMONDS SEVEN,0.3494,0.0084,0.6422
HEARTS SIX HEARTS QUEEN,0.3404,0.0114,0.6482
DIAMONDS KING SPADES SIX,0.365,0.007,0.628
HEARTS THREE SPADES SIX,0.6068,0.0198,0.3734
SPADES QUEEN DIAMONDS SEVEN,0.3598,0.009,0.6312
SPADES NINE DIAMONDS KING,0.3624,0.0072,0.6304
HEARTS THREE SPADES NINE,0.6226,0.0198,0.3576
HEARTS SIX HEARTS ACE,0.3366,0.0032,0.6602
DIAMONDS KING SPADES EIGHT,0.369,0.0078,0.6232
HEARTS THREE SPADES EIGHT,0.6256,0.0188,0.3556
SPADES ACE DIAMONDS SEVEN,0.3674,0.0046,0.628
CLUBS NINE HEARTS THREE,0.6126,0.021,0.3664
CLUBS NINE DIAMONDS KING,0.3474,0.0096,0.643
HEARTS THREE CLUBS EIGHT,0.6178,0.0208,0.3614
