opposingHand,winningChance,drawChance,lostChance
SPADES KING DIAMONDS JACK
HEARTS FIVE SPADES TEN,0.6848,0.0066,0.3086
HEARTS FIVE SPADES JACK,0.7366,0.0344,0.229
SPADES FIVE CLUBS JACK,0.7292,0.0334,0.2374
CLUBS TEN SPADES FIVE,0.6822,0.0082,0.3096
CLUBS EIGHT CLUBS JACK,0.6906,0.0252,0.2842
CLUBS TEN CLUBS EIGHT,0.6062,0.0078,0.386
CLUBS EIGHT CLUBS KING,0.6418,0.0874,0.2708
SPADES FIVE CLUBS ACE,0.4194,0.0042,0.5764
CLUBS EIGHT CLUBS QUEEN,0.5974,0.009,0.3936
SPADES FIVE CLUBS KING,0.657,0.0868,0.2562
SPADES FIVE CLUBS QUEEN,0.656,0.0056,0.3384
CLUBS EIGHT CLUBS ACE,0.3896,0.0048,0.6056
DIAMONDS TWO DIAMONDS THREE,0.6264,0.0086,0.365
DIAMONDS TWO DIAMONDS FIVE,0.6322,0.008,0.3598
DIAMONDS TWO DIAMONDS FOUR,0.618,0.0096,0.3724
HEARTS FIVE SPADES QUEEN,0.6418,0.0046,0.3536
DIAMONDS TWO DIAMONDS SEVEN,0.6416,0.0072,0.3512
DIAMONDS TWO DIAMONDS SIX,0.6332,0.0076,0.3592
SPADES ACE HEARTS FIVE,0.4128,0.006,0.5812
DIAMONDS TWO DIAMONDS NINE,0.6404,0.0074,0.3522
DIAMONDS TWO DIAMONDS EIGHT,0.6294,0.0066,0.364
DIAMONDS THREE DIAMONDS FOUR,0.6,0.0082,0.3918
SPADES FOUR CLUBS TWO,0.6504,0.0086,0.341
DIAMONDS THREE DIAMONDS FIVE,0.6,0.009,0.391
SPADES FIVE CLUBS TWO,0.6562,0.0098,0.334
CLUBS TWO SPADES TWO,0.4776,0.0114,0.511
CLUBS TWO SPADES THREE,0.6622,0.009,0.3288
DIAMONDS THREE DIAMONDS EIGHT,0.6394,0.0068,0.3538
SPADES EIGHT CLUBS TWO,0.6668,0.0078,0.3254
DIAMONDS THREE DIAMONDS NINE,0.6472,0.0076,0.3452
SPADES NINE CLUBS TWO,0.6872,0.007,0.3058
DIAMONDS THREE DIAMONDS SIX,0.6238,0.0082,0.368
SPADES SIX CLUBS TWO,0.676,0.007,0.317
DIAMONDS THREE DIAMONDS SEVEN,0.6392,0.0068,0.354
SPADES SEVEN CLUBS TWO,0.6768,0.0086,0.3146
CLUBS SIX CLUBS TWO,0.6104,0.0058,0.3838
CLUBS SEVEN CLUBS TWO,0.626,0.0074,0.3666
CLUBS FOUR CLUBS TWO,0.6092,0.0082,0.3826
CLUBS FIVE CLUBS TWO,0.6066,0.0072,0.3862
CLUBS TEN CLUBS JACK,0.675,0.0282,0.2968
DIAMONDS FOUR DIAMONDS SIX,0.598,0.0076,0.3944
CLUBS TEN CLUBS QUEEN,0.579,0.005,0.416
DIAMONDS FOUR DIAMONDS SEVEN,0.6046,0.0076,0.3878
CLUBS TEN CLUBS KING,0.6206,0.0906,0.2888
CLUBS TEN CLUBS ACE,0.3776,0.0052,0.6172
CLUBS EIGHT CLUBS TWO,0.6266,0.0076,0.3658
DIAMONDS FIVE DIAMONDS FOUR,0.5898,0.0066,0.4036
CLUBS NINE CLUBS TWO,0.631,0.0072,0.3618
DIAMONDS NINE DIAMONDS FOUR,0.6438,0.0082,0.348
DIAMONDS EIGHT DIAMONDS FOUR,0.6294,0.0094,0.3612
CLUBS THREE CLUBS TWO,0.6232,0.0074,0.3694
DIAMONDS NINE DIAMONDS FIVE,0.6428,0.0104,0.3468
DIAMONDS TWO CLUBS JACK,0.7524,0.0312,0.2164
DIAMONDS EIGHT DIAMONDS FIVE,0.6186,0.0064,0.375
CLUBS TEN DIAMONDS TWO,0.697,0.006,0.297
DIAMONDS FIVE DIAMONDS SEVEN,0.5968,0.0076,0.3956
DIAMONDS FIVE DIAMONDS SIX,0.5868,0.0048,0.4084
DIAMONDS TWO CLUBS ACE,0.4262,0.0032,0.5706
DIAMONDS TWO CLUBS KING,0.678,0.0946,0.2274
DIAMONDS TWO CLUBS QUEEN,0.6452,0.0074,0.3474
DIAMONDS EIGHT DIAMONDS SIX,0.6334,0.0056,0.361
DIAMONDS NINE DIAMONDS SIX,0.6226,0.0062,0.3712
HEARTS ACE SPADES THREE,0.429,0.0054,0.5656
SPADES THREE HEARTS KING,0.6876,0.0846,0.2278
DIAMONDS SEVEN DIAMONDS SIX,0.6036,0.007,0.3894
SPADES THREE HEARTS QUEEN,0.6438,0.0074,0.3488
SPADES THREE HEARTS JACK,0.745,0.0312,0.2238
SPADES THREE HEARTS TEN,0.6808,0.0068,0.3124
DIAMONDS EIGHT DIAMONDS SEVEN,0.5926,0.0072,0.4002
DIAMONDS NINE DIAMONDS SEVEN,0.616,0.0064,0.3776
DIAMONDS NINE DIAMONDS EIGHT,0.6118,0.0072,0.381
DIAMONDS KING HEARTS TEN,0.6758,0.0918,0.2324
HEARTS THREE HEARTS TEN,0.6342,0.005,0.3608
SPADES JACK CLUBS SIX,0.7334,0.0324,0.2342
DIAMONDS KING HEARTS JACK,0.0098,0.9728,0.0174
HEARTS THREE HEARTS JACK,0.6888,0.0272,0.284
SPADES TEN CLUBS SIX,0.6686,0.0072,0.3242
SPADES JACK SPADES FIVE,0.71,0.0312,0.2588
SPADES TEN SPADES FIVE,0.6522,0.0068,0.341
DIAMONDS KING HEARTS ACE,0.2436,0.0108,0.7456
HEARTS THREE HEARTS ACE,0.3832,0.0052,0.6116
SPADES ACE CLUBS SIX,0.4064,0.006,0.5876
DIAMONDS KING HEARTS QUEEN,0.2432,0.0594,0.6974
HEARTS THREE HEARTS QUEEN,0.6106,0.0074,0.382
DIAMONDS KING HEARTS KING,0.098,0.0104,0.8916
HEARTS THREE HEARTS KING,0.6262,0.0886,0.2852
SPADES QUEEN CLUBS SIX,0.666,0.0074,0.3266
SPADES NINE HEARTS TEN,0.6466,0.0074,0.346
SPADES NINE HEARTS JACK,0.7104,0.0286,0.261
SPADES QUEEN SPADES FIVE,0.6234,0.0066,0.37
SPADES ACE SPADES FIVE,0.3968,0.0036,0.5996
SPADES NINE HEARTS QUEEN,0.634,0.0062,0.3598
SPADES NINE HEARTS KING,0.6832,0.086,0.2308
SPADES NINE HEARTS ACE,0.3972,0.007,0.5958
CLUBS TEN SPADES JACK,0.7134,0.032,0.2546
CLUBS TEN SPADES TEN,0.4424,0.0064,0.5512
SPADES ACE CLUBS TEN,0.3864,0.0044,0.6092
SPADES QUEEN CLUBS TEN,0.6292,0.0082,0.3626
SPADES FIVE HEARTS QUEEN,0.6558,0.0052,0.339
SPADES FIVE HEARTS KING,0.677,0.0842,0.2388
SPADES FIVE HEARTS ACE,0.4238,0.0046,0.5716
SPADES JACK HEARTS THREE,0.7382,0.0334,0.2284
SPADES JACK DIAMONDS KING,0.007,0.9856,0.0074
SPADES TEN CLUBS EIGHT,0.6608,0.0062,0.333
SPADES JACK CLUBS EIGHT,0.7294,0.0286,0.242
SPADES TEN HEARTS THREE,0.6882,0.01,0.3018
SPADES TEN DIAMONDS KING,0.6732,0.0948,0.232
CLUBS SIX HEARTS ACE,0.4262,0.0026,0.5712
SPADES ACE CLUBS EIGHT,0.4204,0.0044,0.5752
HEARTS FIVE CLUBS JACK,0.7336,0.0274,0.239
HEARTS FIVE CLUBS TEN,0.6692,0.0066,0.3242
CLUBS SIX HEARTS QUEEN,0.6462,0.0058,0.348
SPADES QUEEN CLUBS EIGHT,0.659,0.0076,0.3334
CLUBS TEN SPADES THREE,0.6862,0.0066,0.3072
CLUBS SIX HEARTS KING,0.67,0.0894,0.2406
SPADES THREE CLUBS JACK,0.7442,0.0298,0.226
DIAMONDS TWO HEARTS JACK,0.7458,0.0394,0.2148
SPADES THREE CLUBS QUEEN,0.6668,0.0086,0.3246
DIAMONDS TWO HEARTS TEN,0.6796,0.008,0.3124
SPADES THREE CLUBS KING,0.684,0.0932,0.2228
HEARTS FIVE CLUBS ACE,0.4296,0.0032,0.5672
SPADES FIVE HEARTS TEN,0.6858,0.0082,0.306
SPADES THREE CLUBS ACE,0.4214,0.0042,0.5744
HEARTS FIVE CLUBS KING,0.6772,0.0894,0.2334
SPADES FIVE HEARTS JACK,0.7356,0.0336,0.2308
HEARTS FIVE CLUBS QUEEN,0.6424,0.0064,0.3512
HEARTS THREE CLUBS KING,0.6774,0.0858,0.2368
DIAMONDS KING CLUBS KING,0.1004,0.0144,0.8852
HEARTS THREE CLUBS QUEEN,0.6538,0.006,0.3402
DIAMONDS KING CLUBS QUEEN,0.2314,0.0564,0.7122
HEARTS FIVE HEARTS JACK,0.6922,0.0284,0.2794
HEARTS FIVE HEARTS TEN,0.6474,0.0064,0.3462
HEARTS THREE CLUBS ACE,0.413,0.0038,0.5832
DIAMONDS KING CLUBS ACE,0.2296,0.0126,0.7578
SPADES ACE CLUBS QUEEN,0.3692,0.0046,0.6262
HEARTS THREE CLUBS JACK,0.739,0.034,0.227
DIAMONDS KING CLUBS JACK,0.0102,0.9694,0.0204
SPADES QUEEN CLUBS QUEEN,0.2988,0.0046,0.6966
CLUBS TEN HEARTS THREE,0.6812,0.0048,0.314
CLUBS TEN DIAMONDS KING,0.6748,0.0846,0.2406
SPADES JACK CLUBS QUEEN,0.7364,0.028,0.2356
CLUBS SIX CLUBS QUEEN,0.6126,0.0064,0.381
SPADES TEN CLUBS QUEEN,0.6212,0.007,0.3718
CLUBS SIX CLUBS KING,0.6302,0.0888,0.281
CLUBS SIX CLUBS ACE,0.3966,0.0028,0.6006
HEARTS FIVE HEARTS KING,0.6298,0.0816,0.2886
HEARTS FIVE HEARTS QUEEN,0.6114,0.006,0.3826
CLUBS TEN CLUBS SIX,0.635,0.0062,0.3588
HEARTS FIVE HEARTS ACE,0.403,0.0028,0.5942
CLUBS SIX CLUBS JACK,0.6966,0.0236,0.2798
SPADES SEVEN HEARTS JACK,0.7462,0.0284,0.2254
SPADES SEVEN HEARTS TEN,0.6544,0.0052,0.3404
DIAMONDS TWO CLUBS TWO,0.4746,0.0108,0.5146
DIAMONDS TWO CLUBS THREE,0.65,0.0088,0.3412
DIAMONDS TWO HEARTS SIX,0.6628,0.0076,0.3296
DIAMONDS TWO HEARTS QUEEN,0.66,0.0058,0.3342
HEARTS SEVEN DIAMONDS TWO,0.6858,0.0058,0.3084
DIAMONDS TWO HEARTS KING,0.6828,0.0922,0.225
DIAMONDS TWO HEARTS EIGHT,0.6782,0.0064,0.3154
DIAMONDS TWO HEARTS ACE,0.4198,0.0048,0.5754
DIAMONDS TWO HEARTS NINE,0.6836,0.006,0.3104
DIAMONDS TWO DIAMONDS QUEEN,0.6276,0.0078,0.3646
DIAMONDS TWO HEARTS TWO,0.4722,0.0092,0.5186
DIAMONDS TWO DIAMONDS KING,0.646,0.093,0.261
DIAMONDS TWO HEARTS THREE,0.651,0.0082,0.3408
DIAMONDS TWO DIAMONDS ACE,0.3994,0.007,0.5936
HEARTS FOUR DIAMONDS TWO,0.654,0.0086,0.3374
HEARTS FIVE DIAMONDS TWO,0.6458,0.0088,0.3454
SPADES SEVEN HEARTS ACE,0.4298,0.0032,0.567
DIAMONDS TWO DIAMONDS TEN,0.6662,0.01,0.3238
SPADES SEVEN HEARTS KING,0.686,0.0856,0.2284
SPADES SEVEN HEARTS QUEEN,0.6488,0.0072,0.344
DIAMONDS TWO SPADES NINE,0.684,0.0086,0.3074
DIAMONDS TWO SPADES EIGHT,0.6846,0.008,0.3074
DIAMONDS TWO SPADES SEVEN,0.6844,0.008,0.3076
DIAMONDS TWO SPADES SIX,0.674,0.0074,0.3186
DIAMONDS TWO SPADES FIVE,0.647,0.0088,0.3442
DIAMONDS TWO SPADES FOUR,0.6446,0.0084,0.347
DIAMONDS TWO SPADES THREE,0.6702,0.0114,0.3184
DIAMONDS TWO SPADES TWO,0.49,0.01,0.5
CLUBS NINE DIAMONDS TWO,0.679,0.0066,0.3144
DIAMONDS TWO CLUBS EIGHT,0.6566,0.0078,0.3356
CLUBS SEVEN DIAMONDS TWO,0.6748,0.0074,0.3178
DIAMONDS TWO CLUBS SIX,0.6582,0.0084,0.3334
DIAMONDS TWO CLUBS FIVE,0.6366,0.0098,0.3536
DIAMONDS TWO CLUBS FOUR,0.657,0.0064,0.3366
CLUBS FOUR SPADES FIVE,0.6182,0.0076,0.3742
CLUBS FOUR SPADES FOUR,0.4866,0.008,0.5054
CLUBS FOUR SPADES THREE,0.6342,0.008,0.3578
CLUBS FOUR SPADES TWO,0.6612,0.0076,0.3312
SPADES NINE CLUBS FOUR,0.6802,0.0058,0.314
SPADES EIGHT CLUBS FOUR,0.6622,0.0078,0.33
SPADES SEVEN CLUBS FOUR,0.6516,0.0074,0.341
SPADES SIX CLUBS FOUR,0.6358,0.0058,0.3584
SPADES ACE DIAMONDS SIX,0.4246,0.0038,0.5716
SPADES QUEEN DIAMONDS SIX,0.6612,0.0062,0.3326
SPADES TEN DIAMONDS SIX,0.673,0.0056,0.3214
SPADES JACK DIAMONDS SIX,0.7596,0.0322,0.2082
SPADES QUEEN SPADES TWO,0.6398,0.007,0.3532
SPADES ACE SPADES TWO,0.4014,0.0062,0.5924
DIAMONDS THREE DIAMONDS TEN,0.6584,0.0068,0.3348
DIAMONDS THREE DIAMONDS KING,0.6534,0.0826,0.264
DIAMONDS THREE HEARTS THREE,0.4814,0.0104,0.5082
DIAMONDS THREE DIAMONDS QUEEN,0.6092,0.0076,0.3832
DIAMONDS THREE HEARTS TWO,0.6568,0.0082,0.335
HEARTS FIVE DIAMONDS THREE,0.643,0.0082,0.3488
DIAMONDS THREE DIAMONDS ACE,0.4034,0.0052,0.5914
HEARTS FOUR DIAMONDS THREE,0.6448,0.0086,0.3466
HEARTS SEVEN DIAMONDS THREE,0.6688,0.0072,0.324
SPADES TEN SPADES NINE,0.6142,0.0082,0.3776
HEARTS SIX DIAMONDS THREE,0.6506,0.0092,0.3402
SPADES JACK SPADES NINE,0.6908,0.0276,0.2816
DIAMONDS THREE HEARTS NINE,0.6652,0.0072,0.3276
HEARTS JACK DIAMONDS FOUR,0.75,0.0274,0.2226
HEARTS ACE HEARTS KING,0.242,0.012,0.746
SPADES TEN SPADES TWO,0.6518,0.01,0.3382
DIAMONDS THREE HEARTS EIGHT,0.6598,0.009,0.3312
HEARTS TEN DIAMONDS FOUR,0.6854,0.0064,0.3082
SPADES JACK SPADES TWO,0.7108,0.034,0.2552
HEARTS QUEEN DIAMONDS FOUR,0.6472,0.0072,0.3456
HEARTS KING DIAMONDS FOUR,0.6856,0.0842,0.2302
SPADES ACE SPADES NINE,0.3898,0.0052,0.605
HEARTS ACE DIAMONDS FOUR,0.4258,0.0038,0.5704
SPADES QUEEN SPADES NINE,0.6052,0.0068,0.388
DIAMONDS THREE SPADES NINE,0.694,0.0052,0.3008
DIAMONDS THREE SPADES EIGHT,0.6878,0.0072,0.305
DIAMONDS THREE SPADES SEVEN,0.6716,0.0084,0.32
DIAMONDS THREE SPADES SIX,0.66,0.0078,0.3322
DIAMONDS THREE CLUBS SIX,0.6576,0.0072,0.3352
CLUBS FIVE CLUBS SIX,0.5962,0.0052,0.3986
CLUBS ACE DIAMONDS FOUR,0.4186,0.0046,0.5768
CLUBS SEVEN DIAMONDS THREE,0.646,0.0076,0.3464
CLUBS SEVEN CLUBS FIVE,0.6044,0.0054,0.3902
DIAMONDS THREE CLUBS FOUR,0.6382,0.0094,0.3524
DIAMONDS FOUR CLUBS QUEEN,0.6468,0.007,0.3462
DIAMONDS THREE CLUBS FIVE,0.635,0.0088,0.3562
CLUBS KING DIAMONDS FOUR,0.6734,0.0882,0.2384
DIAMONDS THREE CLUBS TWO,0.6498,0.0096,0.3406
CLUBS TEN DIAMONDS FOUR,0.6694,0.0072,0.3234
DIAMONDS THREE CLUBS THREE,0.4752,0.0088,0.516
DIAMONDS FOUR CLUBS JACK,0.7438,0.0274,0.2288
DIAMONDS THREE SPADES FOUR,0.6382,0.0066,0.3552
DIAMONDS THREE SPADES FIVE,0.628,0.0066,0.3654
DIAMONDS THREE SPADES TWO,0.6646,0.0084,0.327
DIAMONDS THREE SPADES THREE,0.4772,0.0098,0.513
CLUBS EIGHT DIAMONDS THREE,0.6706,0.0062,0.3232
CLUBS NINE DIAMONDS THREE,0.6898,0.0074,0.3028
SPADES SEVEN CLUBS ACE,0.436,0.003,0.561
SPADES SEVEN CLUBS QUEEN,0.6594,0.007,0.3336
SPADES SEVEN CLUBS KING,0.6858,0.087,0.2272
CLUBS FIVE SPADES SEVEN,0.6384,0.0056,0.356
CLUBS TEN SPADES SEVEN,0.6624,0.0064,0.3312
CLUBS FIVE SPADES SIX,0.6426,0.0062,0.3512
SPADES SEVEN CLUBS JACK,0.7276,0.0304,0.242
SPADES NINE CLUBS FIVE,0.6662,0.0072,0.3266
CLUBS FIVE SPADES EIGHT,0.644,0.0062,0.3498
CLUBS FIVE SPADES THREE,0.6274,0.008,0.3646
CLUBS FIVE SPADES TWO,0.6414,0.0082,0.3504
CLUBS FIVE SPADES FIVE,0.473,0.0088,0.5182
CLUBS FIVE SPADES FOUR,0.616,0.0068,0.3772
CLUBS NINE CLUBS FIVE,0.606,0.0064,0.3876
CLUBS EIGHT CLUBS FIVE,0.6092,0.0058,0.385
CLUBS ACE CLUBS QUEEN,0.345,0.0052,0.6498
CLUBS KING CLUBS QUEEN,0.2232,0.055,0.7218
DIAMONDS TEN DIAMONDS FOUR,0.6432,0.0088,0.348
CLUBS TEN DIAMONDS NINE,0.648,0.008,0.344
DIAMONDS NINE CLUBS JACK,0.7244,0.0286,0.247
SPADES NINE CLUBS JACK,0.7326,0.0298,0.2376
CLUBS TEN SPADES NINE,0.6368,0.0084,0.3548
DIAMONDS ACE DIAMONDS FOUR,0.3994,0.004,0.5966
HEARTS FOUR DIAMONDS FOUR,0.4634,0.01,0.5266
SPADES NINE CLUBS KING,0.6852,0.0868,0.228
DIAMONDS TWO SPADES TEN,0.693,0.0096,0.2974
DIAMONDS NINE CLUBS ACE,0.4246,0.004,0.5714
HEARTS FIVE DIAMONDS FOUR,0.6096,0.012,0.3784
SPADES NINE CLUBS QUEEN,0.6324,0.0056,0.362
SPADES JACK DIAMONDS TWO,0.7604,0.0334,0.2062
DIAMONDS QUEEN DIAMONDS FOUR,0.614,0.0072,0.3788
HEARTS TWO DIAMONDS FOUR,0.6384,0.0066,0.355
DIAMONDS NINE CLUBS QUEEN,0.6324,0.0082,0.3594
DIAMONDS KING DIAMONDS FOUR,0.6336,0.0892,0.2772
HEARTS THREE DIAMONDS FOUR,0.6298,0.0066,0.3636
SPADES NINE CLUBS ACE,0.4234,0.0054,0.5712
DIAMONDS NINE CLUBS KING,0.6846,0.0836,0.2318
SPADES ACE DIAMONDS TWO,0.4206,0.006,0.5734
SPADES QUEEN DIAMONDS TWO,0.6498,0.0098,0.3404
SPADES JACK SPADES SEVEN,0.688,0.0306,0.2814
SPADES TEN SPADES SEVEN,0.6384,0.005,0.3566
CLUBS SEVEN CLUBS THREE,0.6194,0.0052,0.3754
CLUBS SIX CLUBS THREE,0.6018,0.0066,0.3916
CLUBS FIVE CLUBS THREE,0.595,0.0072,0.3978
CLUBS THREE CLUBS FOUR,0.594,0.0076,0.3984
CLUBS NINE CLUBS THREE,0.6338,0.0086,0.3576
CLUBS EIGHT CLUBS THREE,0.6282,0.0088,0.363
CLUBS THREE SPADES FIVE,0.6302,0.0092,0.3606
CLUBS THREE SPADES FOUR,0.6332,0.0096,0.3572
CLUBS THREE SPADES THREE,0.478,0.0098,0.5122
CLUBS THREE SPADES TWO,0.6502,0.0078,0.342
CLUBS THREE SPADES SIX,0.6522,0.0072,0.3406
SPADES SEVEN CLUBS THREE,0.6568,0.0062,0.337
SPADES EIGHT CLUBS THREE,0.6744,0.0078,0.3178
SPADES NINE CLUBS THREE,0.685,0.007,0.308
SPADES TWO DIAMONDS FOUR,0.6612,0.0092,0.3296
SPADES THREE DIAMONDS FOUR,0.6442,0.0064,0.3494
SPADES FOUR DIAMONDS FOUR,0.473,0.01,0.517
SPADES FIVE DIAMONDS FOUR,0.6418,0.01,0.3482
SPADES SIX DIAMONDS FOUR,0.6308,0.0076,0.3616
SPADES SEVEN DIAMONDS FOUR,0.6416,0.01,0.3484
SPADES EIGHT DIAMONDS FOUR,0.6656,0.0096,0.3248
SPADES NINE DIAMONDS FOUR,0.6836,0.008,0.3084
CLUBS FIVE DIAMONDS FOUR,0.6196,0.0084,0.372
CLUBS FOUR DIAMONDS FOUR,0.4904,0.009,0.5006
CLUBS SEVEN DIAMONDS FOUR,0.651,0.004,0.345
CLUBS SIX DIAMONDS FOUR,0.6522,0.0082,0.3396
CLUBS NINE DIAMONDS FOUR,0.67,0.0078,0.3222
CLUBS EIGHT DIAMONDS FOUR,0.6634,0.0068,0.3298
HEARTS SEVEN DIAMONDS FOUR,0.6444,0.0056,0.35
HEARTS SIX DIAMONDS FOUR,0.651,0.0068,0.3422
DIAMONDS FOUR HEARTS NINE,0.6718,0.0056,0.3226
DIAMONDS FOUR HEARTS EIGHT,0.6622,0.008,0.3298
CLUBS THREE DIAMONDS FOUR,0.6346,0.008,0.3574
CLUBS TWO DIAMONDS FOUR,0.6506,0.01,0.3394
DIAMONDS TEN DIAMONDS FIVE,0.639,0.0078,0.3532
DIAMONDS NINE HEARTS QUEEN,0.6348,0.0074,0.3578
DIAMONDS NINE HEARTS KING,0.6826,0.08,0.2374
HEARTS ACE DIAMONDS NINE,0.4216,0.0052,0.5732
DIAMONDS NINE HEARTS TEN,0.6486,0.0064,0.345
DIAMONDS NINE HEARTS JACK,0.725,0.0262,0.2488
CLUBS KING DIAMONDS SIX,0.6816,0.0908,0.2276
CLUBS QUEEN DIAMONDS SIX,0.6524,0.0054,0.3422
CLUBS ACE DIAMONDS SIX,0.4178,0.0058,0.5764
SPADES ACE SPADES SEVEN,0.3996,0.005,0.5954
SPADES QUEEN DIAMONDS FOUR,0.6714,0.008,0.3206
SPADES QUEEN SPADES SEVEN,0.62,0.0076,0.3724
CLUBS JACK DIAMONDS SIX,0.7416,0.027,0.2314
SPADES ACE DIAMONDS FOUR,0.4138,0.0078,0.5784
CLUBS TEN DIAMONDS SIX,0.6708,0.0052,0.324
CLUBS NINE CLUBS FOUR,0.6288,0.0068,0.3644
CLUBS EIGHT CLUBS FOUR,0.6218,0.0056,0.3726
SPADES JACK DIAMONDS FOUR,0.7398,0.0372,0.223
SPADES TEN DIAMONDS FOUR,0.6876,0.0068,0.3056
CLUBS FIVE CLUBS FOUR,0.5664,0.0086,0.425
CLUBS SEVEN CLUBS FOUR,0.6038,0.008,0.3882
CLUBS SIX CLUBS FOUR,0.5934,0.0066,0.4
CLUBS SEVEN SPADES EIGHT,0.6318,0.007,0.3612
CLUBS SEVEN SPADES NINE,0.6376,0.0052,0.3572
CLUBS SEVEN SPADES SIX,0.6178,0.0084,0.3738
CLUBS SEVEN SPADES SEVEN,0.4658,0.0066,0.5276
CLUBS SEVEN SPADES FIVE,0.6346,0.0062,0.3592
CLUBS SEVEN SPADES FOUR,0.661,0.0064,0.3326
CLUBS SEVEN SPADES THREE,0.662,0.0086,0.3294
CLUBS SEVEN SPADES TWO,0.672,0.0084,0.3196
CLUBS NINE CLUBS SEVEN,0.6084,0.0068,0.3848
CLUBS SEVEN CLUBS EIGHT,0.591,0.0064,0.4026
HEARTS SIX DIAMONDS FIVE,0.6288,0.0078,0.3634
HEARTS SEVEN DIAMONDS FIVE,0.6298,0.0082,0.362
DIAMONDS FIVE HEARTS EIGHT,0.653,0.0058,0.3412
DIAMONDS FIVE HEARTS NINE,0.6658,0.0078,0.3264
DIAMONDS QUEEN DIAMONDS FIVE,0.6168,0.008,0.3752
HEARTS TWO DIAMONDS FIVE,0.652,0.0082,0.3398
HEARTS KING HEARTS EIGHT,0.6394,0.0798,0.2808
DIAMONDS KING DIAMONDS FIVE,0.6412,0.0894,0.2694
HEARTS THREE DIAMONDS FIVE,0.6416,0.0058,0.3526
HEARTS QUEEN HEARTS EIGHT,0.6054,0.0056,0.389
DIAMONDS ACE DIAMONDS FIVE,0.4094,0.0048,0.5858
HEARTS FOUR DIAMONDS FIVE,0.623,0.0078,0.3692
HEARTS FIVE DIAMONDS FIVE,0.4826,0.0082,0.5092
HEARTS ACE HEARTS EIGHT,0.4022,0.0044,0.5934
CLUBS FOUR DIAMONDS FIVE,0.622,0.0088,0.3692
CLUBS FIVE DIAMONDS FIVE,0.4764,0.0082,0.5154
CLUBS SIX DIAMONDS FIVE,0.6246,0.0068,0.3686
CLUBS SEVEN DIAMONDS FIVE,0.6308,0.005,0.3642
CLUBS TWO DIAMONDS FIVE,0.6518,0.0078,0.3404
CLUBS THREE DIAMONDS FIVE,0.6324,0.0086,0.359
SPADES THREE DIAMONDS FIVE,0.6402,0.0076,0.3522
SPADES TWO DIAMONDS FIVE,0.6464,0.0104,0.3432
SPADES JACK DIAMONDS EIGHT,0.7414,0.0314,0.2272
SPADES FIVE DIAMONDS FIVE,0.46,0.0088,0.5312
CLUBS TEN HEARTS JACK,0.71,0.0266,0.2634
SPADES TEN DIAMONDS EIGHT,0.6528,0.0068,0.3404
SPADES FOUR DIAMONDS FIVE,0.6198,0.0106,0.3696
HEARTS JACK CLUBS JACK,0.3096,0.0176,0.6728
HEARTS JACK CLUBS QUEEN,0.7166,0.0234,0.26
CLUBS NINE DIAMONDS FIVE,0.6554,0.007,0.3376
CLUBS KING HEARTS JACK,0.0208,0.9578,0.0214
CLUBS EIGHT DIAMONDS FIVE,0.6438,0.0078,0.3484
CLUBS ACE HEARTS JACK,0.252,0.0136,0.7344
SPADES SEVEN DIAMONDS FIVE,0.6422,0.0052,0.3526
SPADES SIX DIAMONDS FIVE,0.6364,0.0076,0.356
SPADES QUEEN DIAMONDS EIGHT,0.6524,0.0086,0.339
SPADES NINE DIAMONDS FIVE,0.6752,0.006,0.3188
SPADES EIGHT DIAMONDS FIVE,0.651,0.0098,0.3392
SPADES ACE DIAMONDS EIGHT,0.4068,0.0062,0.587
DIAMONDS TEN DIAMONDS SIX,0.6322,0.0066,0.3612
HEARTS ACE DIAMONDS SEVEN,0.4218,0.0028,0.5754
HEARTS QUEEN DIAMONDS SEVEN,0.6552,0.0058,0.339
HEARTS KING DIAMONDS SEVEN,0.683,0.08,0.237
DIAMONDS ACE DIAMONDS SIX,0.4036,0.0046,0.5918
HEARTS FOUR DIAMONDS SIX,0.6478,0.0068,0.3454
SPADES TWO HEARTS JACK,0.7466,0.0338,0.2196
HEARTS FIVE DIAMONDS SIX,0.6244,0.0064,0.3692
SPADES TWO HEARTS TEN,0.68,0.0062,0.3138
DIAMONDS QUEEN DIAMONDS SIX,0.6242,0.0054,0.3704
HEARTS TWO DIAMONDS SIX,0.6574,0.0094,0.3332
DIAMONDS KING DIAMONDS SIX,0.6374,0.087,0.2756
HEARTS THREE DIAMONDS SIX,0.65,0.0076,0.3424
HEARTS EIGHT DIAMONDS SIX,0.641,0.0064,0.3526
HEARTS NINE DIAMONDS SIX,0.6402,0.0086,0.3512
HEARTS SIX DIAMONDS SIX,0.4618,0.0076,0.5306
HEARTS SEVEN DIAMONDS SIX,0.6242,0.0098,0.366
HEARTS TEN DIAMONDS SEVEN,0.6574,0.006,0.3366
CLUBS TWO DIAMONDS SIX,0.6594,0.0078,0.3328
HEARTS JACK DIAMONDS SEVEN,0.727,0.03,0.243
CLUBS THREE DIAMONDS SIX,0.6502,0.0056,0.3442
CLUBS SEVEN DIAMONDS SIX,0.6366,0.0048,0.3586
DIAMONDS EIGHT CLUBS JACK,0.7318,0.0322,0.236
CLUBS SIX DIAMONDS SIX,0.4634,0.0068,0.5298
CLUBS TEN DIAMONDS EIGHT,0.6436,0.0066,0.3498
CLUBS FIVE DIAMONDS SIX,0.6204,0.0066,0.373
CLUBS FOUR DIAMONDS SIX,0.6438,0.0052,0.351
HEARTS ACE HEARTS JACK,0.2456,0.0118,0.7426
DIAMONDS EIGHT CLUBS ACE,0.4272,0.0044,0.5684
HEARTS QUEEN HEARTS JACK,0.6734,0.022,0.3046
DIAMONDS EIGHT CLUBS KING,0.6822,0.0868,0.231
CLUBS NINE DIAMONDS SIX,0.6622,0.0056,0.3322
HEARTS KING HEARTS JACK,0.0214,0.9056,0.073
DIAMONDS EIGHT CLUBS QUEEN,0.6494,0.0072,0.3434
CLUBS EIGHT DIAMONDS SIX,0.6366,0.0074,0.356
SPADES TEN HEARTS KING,0.6806,0.0928,0.2266
SPADES FIVE DIAMONDS SIX,0.6326,0.0064,0.361
HEARTS ACE SPADES TWO,0.4278,0.0068,0.5654
SPADES JACK HEARTS KING,0.0192,0.9694,0.0114
SPADES FOUR DIAMONDS SIX,0.6456,0.0078,0.3466
SPADES THREE DIAMONDS SIX,0.664,0.0084,0.3276
HEARTS QUEEN SPADES TWO,0.6524,0.008,0.3396
SPADES TWO HEARTS KING,0.6862,0.0876,0.2262
SPADES TWO DIAMONDS SIX,0.6648,0.0078,0.3274
HEARTS TEN HEARTS EIGHT,0.607,0.0058,0.3872
SPADES NINE DIAMONDS SIX,0.6654,0.0068,0.3278
HEARTS JACK HEARTS EIGHT,0.7032,0.0262,0.2706
SPADES EIGHT DIAMONDS SIX,0.6476,0.0082,0.3442
SPADES SEVEN DIAMONDS SIX,0.6318,0.0082,0.36
SPADES SIX DIAMONDS SIX,0.4754,0.0078,0.5168
SPADES QUEEN HEARTS KING,0.2348,0.0694,0.6958
CLUBS ACE CLUBS KING,0.2312,0.014,0.7548
SPADES ACE HEARTS KING,0.235,0.0122,0.7528
SPADES ACE HEARTS JACK,0.2486,0.0138,0.7376
SPADES QUEEN HEARTS JACK,0.7286,0.027,0.2444
SPADES TEN DIAMONDS TEN,0.4292,0.0054,0.5654
SPADES JACK DIAMONDS TEN,0.7196,0.03,0.2504
SPADES ACE DIAMONDS TEN,0.4008,0.0058,0.5934
SPADES JACK HEARTS JACK,0.316,0.015,0.669
SPADES TEN HEARTS JACK,0.721,0.0324,0.2466
SPADES QUEEN DIAMONDS TEN,0.6212,0.0088,0.37
SPADES NINE DIAMONDS SEVEN,0.6404,0.0066,0.353
SPADES EIGHT DIAMONDS SEVEN,0.6346,0.0086,0.3568
SPADES SEVEN DIAMONDS SEVEN,0.464,0.0092,0.5268
SPADES SIX DIAMONDS SEVEN,0.6334,0.009,0.3576
DIAMONDS KING DIAMONDS SEVEN,0.6434,0.0884,0.2682
HEARTS THREE DIAMONDS SEVEN,0.6674,0.007,0.3256
HEARTS KING DIAMONDS FIVE,0.6632,0.0988,0.238
DIAMONDS QUEEN DIAMONDS SEVEN,0.614,0.0044,0.3816
HEARTS TWO DIAMONDS SEVEN,0.6724,0.0076,0.32
HEARTS QUEEN DIAMONDS FIVE,0.6524,0.0076,0.34
HEARTS FIVE DIAMONDS SEVEN,0.6362,0.0044,0.3594
DIAMONDS ACE DIAMONDS SEVEN,0.3888,0.0056,0.6056
HEARTS FOUR DIAMONDS SEVEN,0.64,0.0094,0.3506
HEARTS ACE DIAMONDS FIVE,0.4248,0.0044,0.5708
HEARTS SEVEN DIAMONDS SEVEN,0.4668,0.0074,0.5258
HEARTS SIX DIAMONDS SEVEN,0.6324,0.006,0.3616
DIAMONDS SEVEN HEARTS NINE,0.6452,0.006,0.3488
HEARTS EIGHT DIAMONDS SEVEN,0.6252,0.0066,0.3682
DIAMONDS FIVE HEARTS JACK,0.7484,0.0286,0.223
DIAMONDS TEN DIAMONDS SEVEN,0.627,0.0072,0.3658
HEARTS TEN DIAMONDS FIVE,0.686,0.0076,0.3064
HEARTS KING CLUBS KING,0.1058,0.0124,0.8818
CLUBS EIGHT DIAMONDS SEVEN,0.6342,0.0082,0.3576
SPADES QUEEN CLUBS TWO,0.6634,0.0102,0.3264
HEARTS KING CLUBS QUEEN,0.2366,0.0616,0.7018
CLUBS NINE DIAMONDS SEVEN,0.641,0.0064,0.3526
SPADES TWO CLUBS JACK,0.7486,0.0326,0.2188
SPADES ACE CLUBS TWO,0.4224,0.0072,0.5704
CLUBS TEN SPADES TWO,0.6882,0.0078,0.304
HEARTS KING CLUBS ACE,0.2422,0.009,0.7488
CLUBS SEVEN CLUBS SIX,0.5892,0.0062,0.4046
SPADES TWO CLUBS KING,0.678,0.088,0.234
SPADES TWO DIAMONDS SEVEN,0.678,0.0082,0.3138
CLUBS EIGHT CLUBS SIX,0.6004,0.0054,0.3942
SPADES THREE DIAMONDS SEVEN,0.6606,0.0088,0.3306
SPADES TWO CLUBS QUEEN,0.6582,0.009,0.3328
CLUBS NINE CLUBS SIX,0.609,0.006,0.385
SPADES FOUR DIAMONDS SEVEN,0.6526,0.0062,0.3412
HEARTS KING CLUBS JACK,0.0244,0.9528,0.0228
SPADES FIVE DIAMONDS SEVEN,0.6338,0.0074,0.3588
SPADES TWO CLUBS ACE,0.4186,0.0062,0.5752
CLUBS TEN HEARTS KING,0.6794,0.0908,0.2298
CLUBS SIX SPADES TWO,0.6682,0.0082,0.3236
CLUBS SIX SPADES THREE,0.6602,0.0066,0.3332
CLUBS TWO DIAMONDS SEVEN,0.678,0.0074,0.3146
CLUBS SIX SPADES FOUR,0.6432,0.0076,0.3492
CLUBS THREE DIAMONDS SEVEN,0.6644,0.0066,0.329
CLUBS SIX SPADES FIVE,0.6302,0.0064,0.3634
CLUBS FOUR DIAMONDS SEVEN,0.6498,0.0058,0.3444
CLUBS SIX SPADES SIX,0.4768,0.0076,0.5156
CLUBS FIVE DIAMONDS SEVEN,0.6298,0.0066,0.3636
CLUBS SIX SPADES SEVEN,0.6344,0.0064,0.3592
CLUBS SIX DIAMONDS SEVEN,0.6328,0.0074,0.3598
SPADES EIGHT CLUBS SIX,0.6392,0.0072,0.3536
SPADES JACK CLUBS TWO,0.7552,0.0334,0.2114
CLUBS SEVEN DIAMONDS SEVEN,0.4772,0.0074,0.5154
SPADES NINE CLUBS SIX,0.6596,0.0068,0.3336
SPADES TEN CLUBS TWO,0.69,0.0094,0.3006
CLUBS TWO CLUBS QUEEN,0.6126,0.0064,0.381
CLUBS TWO CLUBS KING,0.6426,0.0854,0.272
CLUBS THREE DIAMONDS EIGHT,0.6784,0.0066,0.315
CLUBS TWO CLUBS ACE,0.3992,0.0044,0.5964
CLUBS TWO DIAMONDS EIGHT,0.6634,0.005,0.3316
HEARTS SEVEN DIAMONDS EIGHT,0.625,0.0054,0.3696
HEARTS SIX DIAMONDS EIGHT,0.6486,0.0048,0.3466
DIAMONDS EIGHT HEARTS NINE,0.6482,0.0056,0.3462
CLUBS TEN CLUBS TWO,0.6406,0.0066,0.3528
DIAMONDS EIGHT HEARTS EIGHT,0.473,0.0046,0.5224
CLUBS TWO CLUBS JACK,0.686,0.0352,0.2788
CLUBS NINE DIAMONDS EIGHT,0.642,0.0066,0.3514
CLUBS EIGHT DIAMONDS EIGHT,0.4672,0.006,0.5268
CLUBS FIVE DIAMONDS EIGHT,0.6564,0.008,0.3356
SPADES ACE SPADES THREE,0.3942,0.0052,0.6006
CLUBS FOUR DIAMONDS EIGHT,0.6588,0.0048,0.3364
CLUBS SEVEN DIAMONDS EIGHT,0.6248,0.006,0.3692
SPADES QUEEN SPADES THREE,0.6208,0.0074,0.3718
CLUBS SIX DIAMONDS EIGHT,0.664,0.0066,0.3294
DIAMONDS EIGHT DIAMONDS QUEEN,0.6092,0.0104,0.3804
HEARTS TWO DIAMONDS EIGHT,0.674,0.0084,0.3176
DIAMONDS KING DIAMONDS EIGHT,0.6504,0.0846,0.265
HEARTS THREE DIAMONDS EIGHT,0.6678,0.0078,0.3244
DIAMONDS ACE DIAMONDS EIGHT,0.3898,0.0052,0.605
HEARTS FOUR DIAMONDS EIGHT,0.6628,0.0068,0.3304
HEARTS FIVE DIAMONDS EIGHT,0.6464,0.008,0.3456
DIAMONDS EIGHT DIAMONDS TEN,0.6166,0.0076,0.3758
SPADES JACK SPADES THREE,0.7154,0.0372,0.2474
SPADES TEN SPADES THREE,0.644,0.005,0.351
CLUBS FOUR HEARTS ACE,0.4326,0.0032,0.5642
CLUBS FOUR HEARTS QUEEN,0.649,0.0066,0.3444
CLUBS FOUR HEARTS KING,0.68,0.0866,0.2334
CLUBS SIX HEARTS TEN,0.6616,0.005,0.3334
CLUBS SIX HEARTS JACK,0.7378,0.0292,0.233
SPADES FOUR DIAMONDS EIGHT,0.6622,0.009,0.3288
SPADES FIVE DIAMONDS EIGHT,0.6564,0.0084,0.3352
DIAMONDS EIGHT SPADES TWO,0.6866,0.0048,0.3086
DIAMONDS EIGHT SPADES THREE,0.6848,0.0072,0.308
CLUBS FOUR HEARTS JACK,0.7382,0.0314,0.2304
SPADES EIGHT DIAMONDS EIGHT,0.4608,0.0086,0.5306
SPADES JACK HEARTS EIGHT,0.742,0.0278,0.2302
SPADES TEN HEARTS TWO,0.6966,0.0082,0.2952
SPADES TEN DIAMONDS QUEEN,0.617,0.008,0.375
CLUBS FOUR HEARTS TEN,0.668,0.0064,0.3256
SPADES NINE DIAMONDS EIGHT,0.642,0.0092,0.3488
SPADES JACK HEARTS TWO,0.7474,0.038,0.2146
SPADES JACK DIAMONDS QUEEN,0.719,0.0286,0.2524
SPADES TEN HEARTS EIGHT,0.6468,0.0084,0.3448
SPADES SIX DIAMONDS EIGHT,0.6406,0.0066,0.3528
SPADES SEVEN DIAMONDS EIGHT,0.634,0.0062,0.3598
SPADES ACE HEARTS TWO,0.4104,0.0046,0.585
SPADES ACE DIAMONDS QUEEN,0.3714,0.005,0.6236
SPADES ACE HEARTS EIGHT,0.4162,0.004,0.5798
SPADES QUEEN DIAMONDS QUEEN,0.2878,0.0056,0.7066
SPADES QUEEN HEARTS TWO,0.6646,0.0074,0.328
SPADES QUEEN HEARTS EIGHT,0.647,0.0072,0.3458
CLUBS TWO HEARTS TEN,0.6886,0.0056,0.3058
CLUBS TWO HEARTS JACK,0.7472,0.028,0.2248
SPADES SEVEN DIAMONDS NINE,0.652,0.0088,0.3392
SPADES SIX DIAMONDS NINE,0.6564,0.006,0.3376
SPADES NINE DIAMONDS NINE,0.4462,0.0082,0.5456
SPADES EIGHT DIAMONDS NINE,0.6388,0.006,0.3552
SPADES TEN CLUBS KING,0.6768,0.0868,0.2364
DIAMONDS NINE SPADES THREE,0.6836,0.0076,0.3088
SPADES JACK CLUBS KING,0.0186,0.9692,0.0122
DIAMONDS NINE SPADES TWO,0.6924,0.0076,0.3
SPADES FIVE DIAMONDS NINE,0.6754,0.0064,0.3182
DIAMONDS NINE SPADES FOUR,0.6822,0.009,0.3088
CLUBS NINE DIAMONDS NINE,0.462,0.0056,0.5324
CLUBS EIGHT DIAMONDS NINE,0.6426,0.0058,0.3516
CLUBS SIX DIAMONDS NINE,0.6504,0.0084,0.3412
SPADES JACK CLUBS FOUR,0.7394,0.033,0.2276
CLUBS SEVEN DIAMONDS NINE,0.6406,0.0064,0.353
SPADES TEN CLUBS FOUR,0.679,0.0062,0.3148
CLUBS FOUR DIAMONDS NINE,0.678,0.007,0.315
CLUBS FIVE DIAMONDS NINE,0.6592,0.0078,0.333
DIAMONDS NINE CLUBS TWO,0.6756,0.007,0.3174
CLUBS THREE DIAMONDS NINE,0.6732,0.007,0.3198
DIAMONDS NINE HEARTS EIGHT,0.6234,0.005,0.3716
DIAMONDS NINE HEARTS NINE,0.4514,0.0076,0.541
HEARTS SIX DIAMONDS NINE,0.6516,0.0038,0.3446
HEARTS SEVEN DIAMONDS NINE,0.641,0.0058,0.3532
CLUBS NINE CLUBS EIGHT,0.597,0.0066,0.3964
DIAMONDS ACE DIAMONDS NINE,0.4018,0.0038,0.5944
HEARTS FOUR DIAMONDS NINE,0.6776,0.0062,0.3162
HEARTS FIVE DIAMONDS NINE,0.6572,0.0076,0.3352
HEARTS ACE CLUBS TWO,0.4248,0.0056,0.5696
SPADES ACE CLUBS FOUR,0.406,0.0046,0.5894
DIAMONDS NINE DIAMONDS QUEEN,0.601,0.0064,0.3926
HEARTS TWO DIAMONDS NINE,0.6844,0.0064,0.3092
CLUBS TWO HEARTS KING,0.685,0.0884,0.2266
DIAMONDS KING DIAMONDS NINE,0.6358,0.0882,0.276
HEARTS THREE DIAMONDS NINE,0.6816,0.0058,0.3126
CLUBS TWO HEARTS QUEEN,0.6414,0.0064,0.3522
SPADES QUEEN CLUBS FOUR,0.6524,0.0096,0.338
CLUBS EIGHT SPADES NINE,0.6348,0.0058,0.3594
DIAMONDS NINE DIAMONDS TEN,0.5998,0.0086,0.3916
CLUBS EIGHT SPADES EIGHT,0.4646,0.0056,0.5298
CLUBS EIGHT SPADES SEVEN,0.6366,0.0066,0.3568
CLUBS EIGHT SPADES SIX,0.6396,0.0074,0.353
CLUBS EIGHT SPADES FIVE,0.6464,0.0068,0.3468
CLUBS EIGHT SPADES FOUR,0.657,0.0054,0.3376
CLUBS EIGHT SPADES THREE,0.6642,0.0074,0.3284
CLUBS EIGHT SPADES TWO,0.6826,0.0064,0.311
HEARTS SIX DIAMONDS TEN,0.674,0.0062,0.3198
HEARTS SEVEN DIAMONDS TEN,0.6644,0.0066,0.329
DIAMONDS TEN HEARTS EIGHT,0.6458,0.0064,0.3478
CLUBS FOUR CLUBS JACK,0.6964,0.0302,0.2734
DIAMONDS TEN HEARTS NINE,0.6436,0.0044,0.352
CLUBS TEN CLUBS FOUR,0.6146,0.008,0.3774
CLUBS FOUR CLUBS KING,0.6264,0.0844,0.2892
CLUBS FOUR CLUBS QUEEN,0.6138,0.0072,0.379
CLUBS TWO DIAMONDS TEN,0.6948,0.0092,0.296
CLUBS THREE DIAMONDS TEN,0.6874,0.0064,0.3062
CLUBS FOUR CLUBS ACE,0.4024,0.0056,0.592
DIAMONDS QUEEN DIAMONDS TEN,0.5852,0.0088,0.406
HEARTS TWO DIAMONDS TEN,0.6936,0.0084,0.298
DIAMONDS KING DIAMONDS TEN,0.6456,0.083,0.2714
HEARTS THREE DIAMONDS TEN,0.6888,0.008,0.3032
DIAMONDS ACE DIAMONDS TEN,0.3896,0.0052,0.6052
HEARTS FOUR DIAMONDS TEN,0.6908,0.0074,0.3018
CLUBS EIGHT HEARTS JACK,0.726,0.0304,0.2436
HEARTS FIVE DIAMONDS TEN,0.684,0.006,0.31
CLUBS EIGHT HEARTS TEN,0.6342,0.0048,0.361
CLUBS EIGHT HEARTS QUEEN,0.644,0.005,0.351
CLUBS EIGHT HEARTS KING,0.6748,0.0864,0.2388
CLUBS EIGHT HEARTS ACE,0.41,0.0046,0.5854
CLUBS NINE SPADES THREE,0.6618,0.0076,0.3306
CLUBS NINE SPADES TWO,0.6798,0.0072,0.313
CLUBS NINE SPADES FIVE,0.6704,0.0048,0.3248
CLUBS NINE SPADES FOUR,0.676,0.0072,0.3168
CLUBS NINE SPADES SEVEN,0.6432,0.006,0.3508
CLUBS NINE SPADES SIX,0.6614,0.0058,0.3328
CLUBS NINE SPADES NINE,0.457,0.0056,0.5374
CLUBS TEN HEARTS EIGHT,0.64,0.005,0.355
CLUBS NINE SPADES EIGHT,0.6444,0.007,0.3486
HEARTS EIGHT CLUBS JACK,0.719,0.0304,0.2506
CLUBS QUEEN HEARTS EIGHT,0.6458,0.0056,0.3486
CLUBS KING HEARTS EIGHT,0.6842,0.0862,0.2296
CLUBS ACE HEARTS EIGHT,0.426,0.0046,0.5694
SPADES QUEEN CLUBS KING,0.2412,0.0584,0.7004
SPADES ACE CLUBS KING,0.246,0.0136,0.7404
DIAMONDS ACE HEARTS TEN,0.3962,0.0026,0.6012
HEARTS FOUR HEARTS TEN,0.641,0.007,0.352
DIAMONDS ACE HEARTS JACK,0.251,0.0194,0.7296
HEARTS FOUR HEARTS JACK,0.7026,0.0278,0.2696
SPADES QUEEN CLUBS FIVE,0.6612,0.0092,0.3296
SPADES ACE CLUBS FIVE,0.427,0.0046,0.5684
SPADES ACE SPADES SIX,0.406,0.0034,0.5906
HEARTS ACE SPADES FOUR,0.4298,0.004,0.5662
SPADES QUEEN SPADES SIX,0.6202,0.0062,0.3736
SPADES FOUR HEARTS QUEEN,0.6582,0.0076,0.3342
SPADES FOUR HEARTS KING,0.6746,0.0852,0.2402
SPADES TEN SPADES SIX,0.644,0.0072,0.3488
SPADES JACK SPADES SIX,0.7254,0.0282,0.2464
SPADES ACE DIAMONDS THREE,0.418,0.005,0.577
SPADES QUEEN DIAMONDS THREE,0.666,0.008,0.326
SPADES JACK HEARTS SIX,0.7574,0.0292,0.2134
SPADES TEN CLUBS FIVE,0.682,0.0064,0.3116
SPADES JACK CLUBS FIVE,0.7438,0.0342,0.222
SPADES TEN HEARTS SIX,0.6698,0.0042,0.326
SPADES JACK DIAMONDS THREE,0.7456,0.0324,0.222
CLUBS SEVEN CLUBS ACE,0.3936,0.0042,0.6022
SPADES TEN DIAMONDS THREE,0.6978,0.007,0.2952
CLUBS SEVEN CLUBS QUEEN,0.603,0.007,0.39
CLUBS SEVEN CLUBS KING,0.6384,0.0812,0.2804
CLUBS TEN CLUBS SEVEN,0.6102,0.0074,0.3824
DIAMONDS ACE HEARTS ACE,0.1388,0.004,0.8572
HEARTS FOUR HEARTS ACE,0.3982,0.0036,0.5982
SPADES ACE HEARTS SIX,0.4188,0.0046,0.5766
CLUBS SEVEN CLUBS JACK,0.678,0.0292,0.2928
DIAMONDS ACE HEARTS KING,0.2506,0.012,0.7374
HEARTS FOUR HEARTS KING,0.6232,0.081,0.2958
DIAMONDS ACE HEARTS QUEEN,0.367,0.0066,0.6264
HEARTS FOUR HEARTS QUEEN,0.606,0.0076,0.3864
SPADES QUEEN HEARTS SIX,0.6644,0.0066,0.329
SPADES TWO DIAMONDS TEN,0.6924,0.0076,0.3
SPADES THREE DIAMONDS TEN,0.6858,0.0068,0.3074
SPADES FOUR DIAMONDS TEN,0.685,0.0064,0.3086
SPADES FIVE DIAMONDS TEN,0.6914,0.0068,0.3018
SPADES SIX DIAMONDS TEN,0.6708,0.0084,0.3208
SPADES SEVEN DIAMONDS TEN,0.6652,0.007,0.3278
SPADES EIGHT DIAMONDS TEN,0.6562,0.0074,0.3364
SPADES NINE DIAMONDS TEN,0.6558,0.0074,0.3368
CLUBS FOUR DIAMONDS TEN,0.6816,0.0086,0.3098
CLUBS FIVE DIAMONDS TEN,0.6782,0.007,0.3148
CLUBS SIX DIAMONDS TEN,0.6668,0.007,0.3262
CLUBS SEVEN DIAMONDS TEN,0.6624,0.006,0.3316
CLUBS EIGHT DIAMONDS TEN,0.6458,0.0056,0.3486
CLUBS NINE DIAMONDS TEN,0.6442,0.0056,0.3502
DIAMONDS THREE CLUBS JACK,0.7466,0.0344,0.219
CLUBS TEN DIAMONDS THREE,0.6972,0.0058,0.297
DIAMONDS THREE CLUBS KING,0.6874,0.0882,0.2244
DIAMONDS THREE CLUBS QUEEN,0.655,0.0072,0.3378
DIAMONDS THREE CLUBS ACE,0.4156,0.0042,0.5802
SPADES FOUR HEARTS JACK,0.739,0.0272,0.2338
SPADES FOUR HEARTS TEN,0.6876,0.0078,0.3046
SPADES FIVE SPADES TWO,0.618,0.0062,0.3758
SPADES FOUR SPADES TWO,0.6254,0.0104,0.3642
SPADES THREE SPADES TWO,0.6148,0.01,0.3752
SPADES NINE SPADES TWO,0.6492,0.0078,0.343
SPADES EIGHT SPADES TWO,0.634,0.0096,0.3564
SPADES SEVEN SPADES TWO,0.6422,0.0086,0.3492
SPADES SIX SPADES TWO,0.6322,0.0096,0.3582
CLUBS THREE DIAMONDS QUEEN,0.6542,0.0068,0.339
CLUBS THREE HEARTS TWO,0.653,0.0074,0.3396
CLUBS TWO DIAMONDS QUEEN,0.662,0.0092,0.3288
HEARTS TWO CLUBS TWO,0.4834,0.0072,0.5094
HEARTS SEVEN DIAMONDS QUEEN,0.6556,0.0062,0.3382
HEARTS SEVEN HEARTS TWO,0.627,0.0062,0.3668
HEARTS SIX DIAMONDS QUEEN,0.6508,0.0058,0.3434
HEARTS SIX HEARTS TWO,0.6222,0.0074,0.3704
DIAMONDS QUEEN HEARTS NINE,0.6378,0.0062,0.356
HEARTS TWO HEARTS NINE,0.624,0.0062,0.3698
DIAMONDS QUEEN HEARTS EIGHT,0.6384,0.0084,0.3532
HEARTS TWO HEARTS EIGHT,0.648,0.004,0.348
CLUBS NINE HEARTS TWO,0.6644,0.0078,0.3278
CLUBS NINE DIAMONDS QUEEN,0.6308,0.0068,0.3624
CLUBS EIGHT HEARTS TWO,0.6564,0.0068,0.3368
CLUBS EIGHT DIAMONDS QUEEN,0.637,0.0078,0.3552
CLUBS FIVE DIAMONDS QUEEN,0.648,0.0066,0.3454
CLUBS FIVE HEARTS TWO,0.6514,0.0076,0.341
SPADES EIGHT HEARTS ACE,0.4224,0.004,0.5736
CLUBS FOUR DIAMONDS QUEEN,0.6494,0.0084,0.3422
CLUBS FOUR HEARTS TWO,0.6486,0.0088,0.3426
CLUBS SEVEN DIAMONDS QUEEN,0.6414,0.006,0.3526
CLUBS SEVEN HEARTS TWO,0.6724,0.0054,0.3222
SPADES EIGHT HEARTS QUEEN,0.6434,0.0056,0.351
CLUBS SIX DIAMONDS QUEEN,0.6566,0.0078,0.3356
CLUBS SIX HEARTS TWO,0.6596,0.0064,0.334
SPADES EIGHT HEARTS KING,0.6696,0.0942,0.2362
SPADES SIX DIAMONDS QUEEN,0.6466,0.008,0.3454
SPADES SIX HEARTS TWO,0.6762,0.0088,0.315
HEARTS FOUR CLUBS QUEEN,0.651,0.006,0.343
DIAMONDS ACE CLUBS QUEEN,0.3696,0.0048,0.6256
SPADES SEVEN DIAMONDS QUEEN,0.6552,0.0098,0.335
SPADES SEVEN HEARTS TWO,0.67,0.0074,0.3226
HEARTS FOUR CLUBS KING,0.6824,0.0806,0.237
DIAMONDS ACE CLUBS KING,0.2428,0.0092,0.748
SPADES EIGHT DIAMONDS QUEEN,0.6412,0.0076,0.3512
SPADES EIGHT HEARTS TWO,0.6762,0.0074,0.3164
HEARTS FOUR CLUBS ACE,0.4098,0.0038,0.5864
DIAMONDS ACE CLUBS ACE,0.1412,0.0044,0.8544
SPADES NINE DIAMONDS QUEEN,0.6408,0.0096,0.3496
SPADES NINE HEARTS TWO,0.6754,0.01,0.3146
HEARTS TWO SPADES TWO,0.4724,0.0098,0.5178
DIAMONDS QUEEN SPADES TWO,0.656,0.0068,0.3372
HEARTS TWO SPADES THREE,0.6738,0.0088,0.3174
SPADES THREE DIAMONDS QUEEN,0.646,0.0078,0.3462
HEARTS TWO SPADES FOUR,0.6462,0.0104,0.3434
SPADES FOUR DIAMONDS QUEEN,0.6638,0.007,0.3292
CLUBS TEN HEARTS FOUR,0.6774,0.0064,0.3162
CLUBS TEN DIAMONDS ACE,0.3992,0.0046,0.5962
HEARTS TWO SPADES FIVE,0.6392,0.008,0.3528
SPADES FIVE DIAMONDS QUEEN,0.6508,0.01,0.3392
HEARTS FOUR CLUBS JACK,0.7262,0.03,0.2438
DIAMONDS ACE CLUBS JACK,0.2498,0.0132,0.737
CLUBS FIVE CLUBS KING,0.628,0.0948,0.2772
CLUBS FIVE CLUBS QUEEN,0.6022,0.0074,0.3904
CLUBS FIVE CLUBS ACE,0.3938,0.0028,0.6034
CLUBS FIVE CLUBS JACK,0.6828,0.032,0.2852
CLUBS TEN CLUBS FIVE,0.6304,0.0074,0.3622
SPADES QUEEN CLUBS JACK,0.7316,0.0254,0.243
SPADES ACE CLUBS JACK,0.2498,0.0158,0.7344
SPADES SIX CLUBS KING,0.685,0.0876,0.2274
SPADES SIX CLUBS QUEEN,0.664,0.0046,0.3314
SPADES EIGHT HEARTS JACK,0.7384,0.0268,0.2348
SPADES SIX CLUBS ACE,0.4294,0.0036,0.567
SPADES EIGHT HEARTS TEN,0.6568,0.0098,0.3334
SPADES SIX CLUBS JACK,0.7422,0.0318,0.226
CLUBS TEN SPADES SIX,0.6612,0.0064,0.3324
SPADES TEN CLUBS JACK,0.7168,0.0298,0.2534
SPADES JACK CLUBS JACK,0.3182,0.0176,0.6642
SPADES QUEEN CLUBS SEVEN,0.6608,0.0064,0.3328
SPADES ACE CLUBS SEVEN,0.421,0.0034,0.5756
SPADES SIX HEARTS TEN,0.6788,0.005,0.3162
SPADES SIX HEARTS JACK,0.7386,0.0316,0.2298
SPADES SIX HEARTS ACE,0.4294,0.0042,0.5664
SPADES SIX HEARTS KING,0.6662,0.0898,0.244
SPADES SIX HEARTS QUEEN,0.6634,0.005,0.3316
SPADES JACK CLUBS SEVEN,0.7328,0.0314,0.2358
CLUBS SEVEN SPADES TEN,0.6724,0.0078,0.3198
CLUBS TEN HEARTS SIX,0.666,0.0072,0.3268
HEARTS SIX CLUBS JACK,0.727,0.0338,0.2392
CLUBS ACE CLUBS JACK,0.237,0.0178,0.7452
HEARTS SIX CLUBS QUEEN,0.6514,0.0074,0.3412
HEARTS SIX CLUBS KING,0.666,0.0938,0.2402
HEARTS SIX CLUBS ACE,0.424,0.0036,0.5724
CLUBS QUEEN CLUBS JACK,0.6776,0.026,0.2964
CLUBS KING CLUBS JACK,0.0234,0.9066,0.07
DIAMONDS THREE HEARTS ACE,0.4198,0.005,0.5752
DIAMONDS THREE HEARTS QUEEN,0.651,0.0084,0.3406
DIAMONDS THREE HEARTS KING,0.6726,0.0868,0.2406
CLUBS FIVE HEARTS JACK,0.726,0.033,0.241
HEARTS FOUR SPADES TEN,0.6838,0.0048,0.3114
SPADES TEN DIAMONDS ACE,0.3974,0.0054,0.5972
CLUBS FIVE HEARTS TEN,0.6774,0.007,0.3156
HEARTS FOUR SPADES JACK,0.7338,0.0376,0.2286
SPADES JACK DIAMONDS ACE,0.2658,0.0194,0.7148
SPADES ACE HEARTS FOUR,0.417,0.0036,0.5794
SPADES ACE DIAMONDS ACE,0.1236,0.0042,0.8722
CLUBS FIVE HEARTS ACE,0.412,0.0038,0.5842
CLUBS FIVE HEARTS KING,0.6748,0.0868,0.2384
SPADES QUEEN DIAMONDS ACE,0.3764,0.0056,0.618
SPADES QUEEN HEARTS FOUR,0.6544,0.0084,0.3372
SPADES FOUR CLUBS JACK,0.749,0.0314,0.2196
CLUBS FIVE HEARTS QUEEN,0.6452,0.0064,0.3484
CLUBS TEN SPADES FOUR,0.6772,0.0068,0.316
DIAMONDS ACE DIAMONDS QUEEN,0.3526,0.0048,0.6426
DIAMONDS ACE HEARTS TWO,0.4228,0.0052,0.572
HEARTS FOUR DIAMONDS QUEEN,0.6526,0.0078,0.3396
HEARTS FOUR HEARTS TWO,0.6136,0.0062,0.3802
DIAMONDS THREE HEARTS TEN,0.6812,0.007,0.3118
SPADES FOUR CLUBS KING,0.6938,0.0866,0.2196
HEARTS FIVE DIAMONDS QUEEN,0.6348,0.0074,0.3578
HEARTS FIVE HEARTS TWO,0.604,0.008,0.388
DIAMONDS THREE HEARTS JACK,0.7526,0.0298,0.2176
SPADES FOUR CLUBS QUEEN,0.645,0.0072,0.3478
HEARTS TWO DIAMONDS QUEEN,0.6474,0.0082,0.3444
DIAMONDS KING DIAMONDS QUEEN,0.2268,0.0558,0.7174
DIAMONDS KING HEARTS TWO,0.6844,0.0896,0.226
HEARTS THREE DIAMONDS QUEEN,0.6464,0.0076,0.346
HEARTS THREE HEARTS TWO,0.6096,0.0052,0.3852
SPADES FOUR CLUBS ACE,0.422,0.0046,0.5734
HEARTS TWO CLUBS ACE,0.4276,0.0058,0.5666
DIAMONDS QUEEN CLUBS ACE,0.3686,0.0038,0.6276
HEARTS TWO CLUBS QUEEN,0.658,0.0076,0.3344
DIAMONDS QUEEN CLUBS QUEEN,0.275,0.0028,0.7222
HEARTS TWO CLUBS KING,0.6706,0.0856,0.2438
DIAMONDS QUEEN CLUBS KING,0.2274,0.0628,0.7098
SPADES EIGHT SPADES FIVE,0.6032,0.0054,0.3914
CLUBS TEN HEARTS TWO,0.6846,0.008,0.3074
CLUBS TEN DIAMONDS QUEEN,0.6274,0.0056,0.367
SPADES NINE SPADES FIVE,0.6272,0.0066,0.3662
HEARTS TWO CLUBS JACK,0.7468,0.0256,0.2276
DIAMONDS QUEEN CLUBS JACK,0.7212,0.027,0.2518
SPADES SIX SPADES FIVE,0.5784,0.0082,0.4134
SPADES SEVEN SPADES FIVE,0.6052,0.0088,0.386
DIAMONDS FIVE CLUBS QUEEN,0.6474,0.0058,0.3468
SPADES EIGHT CLUBS ACE,0.4188,0.0052,0.576
DIAMONDS FIVE CLUBS KING,0.6682,0.0884,0.2434
SPADES EIGHT CLUBS KING,0.6878,0.0874,0.2248
CLUBS ACE DIAMONDS FIVE,0.427,0.0038,0.5692
SPADES EIGHT CLUBS QUEEN,0.6444,0.007,0.3486
SPADES EIGHT CLUBS JACK,0.736,0.0294,0.2346
CLUBS TEN SPADES EIGHT,0.6426,0.007,0.3504
CLUBS TEN DIAMONDS FIVE,0.6894,0.0062,0.3044
DIAMONDS FIVE CLUBS JACK,0.7542,0.0276,0.2182
DIAMONDS TEN HEARTS JACK,0.7124,0.029,0.2586
DIAMONDS TEN HEARTS TEN,0.4258,0.006,0.5682
SPADES ACE CLUBS NINE,0.4152,0.0046,0.5802
CLUBS NINE SPADES QUEEN,0.6378,0.0074,0.3548
HEARTS SIX HEARTS KING,0.6326,0.0836,0.2838
DIAMONDS KING SPADES SEVEN,0.6866,0.0832,0.2302
SPADES SEVEN HEARTS THREE,0.6648,0.009,0.3262
HEARTS SIX HEARTS QUEEN,0.6268,0.0056,0.3676
DIAMONDS KING SPADES SIX,0.6822,0.0954,0.2224
HEARTS THREE SPADES SIX,0.653,0.0078,0.3392
SPADES QUEEN DIAMONDS SEVEN,0.6788,0.0058,0.3154
SPADES NINE DIAMONDS KING,0.6796,0.086,0.2344
SPADES NINE HEARTS THREE,0.6892,0.0068,0.304
HEARTS SIX HEARTS ACE,0.397,0.0032,0.5998
SPADES EIGHT DIAMONDS KING,0.677,0.0804,0.2426
SPADES EIGHT HEARTS THREE,0.6674,0.0052,0.3274
SPADES ACE DIAMONDS SEVEN,0.4292,0.006,0.5648
CLUBS NINE HEARTS THREE,0.6674,0.0064,0.3262
CLUBS NINE DIAMONDS KING,0.6694,0.0852,0.2454
CLUBS EIGHT HEARTS THREE,0.6728,0.0058,0.3214
CLUBS EIGHT DIAMONDS KING,0.6654,0.0894,0.2452
HEARTS THREE SPADES THREE,0.4906,0.0098,0.4996
DIAMONDS KING SPADES THREE,0.676,0.0904,0.2336
HEARTS THREE SPADES TWO,0.651,0.008,0.341
DIAMONDS KING SPADES TWO,0.6794,0.0954,0.2252
HEARTS THREE SPADES FIVE,0.6444,0.0064,0.3492
DIAMONDS KING SPADES FIVE,0.6566,0.0944,0.249
HEARTS THREE SPADES FOUR,0.6502,0.0078,0.342
DIAMONDS KING SPADES FOUR,0.6774,0.0932,0.2294
