opposingHand,winningChance,drawChance,lostChance
SPADES JACK SPADES THREE
SPADES TEN HEARTS FIVE,0.6148,0.0168,0.3684
SPADES FIVE CLUBS JACK,0.2364,0.4608,0.3028
SPADES FIVE CLUBS TEN,0.6206,0.0178,0.3616
CLUBS EIGHT CLUBS JACK,0.2406,0.205,0.5544
CLUBS EIGHT CLUBS TEN,0.553,0.0176,0.4294
CLUBS EIGHT CLUBS KING,0.384,0.0088,0.6072
SPADES FIVE CLUBS ACE,0.3782,0.0056,0.6162
CLUBS EIGHT CLUBS QUEEN,0.3666,0.0124,0.621
SPADES FIVE CLUBS KING,0.3922,0.0054,0.6024
SPADES FIVE CLUBS QUEEN,0.3986,0.0082,0.5932
CLUBS EIGHT CLUBS ACE,0.3768,0.004,0.6192
DIAMONDS TWO DIAMONDS THREE,0.6436,0.0532,0.3032
DIAMONDS TWO DIAMONDS FIVE,0.594,0.0206,0.3854
SPADES KING HEARTS FIVE,0.377,0.0082,0.6148
DIAMONDS TWO DIAMONDS FOUR,0.5942,0.019,0.3868
SPADES QUEEN HEARTS FIVE,0.3728,0.011,0.6162
DIAMONDS TWO DIAMONDS SEVEN,0.5988,0.0208,0.3804
DIAMONDS TWO DIAMONDS SIX,0.611,0.018,0.371
SPADES ACE HEARTS FIVE,0.3868,0.005,0.6082
DIAMONDS TWO DIAMONDS NINE,0.5996,0.0196,0.3808
DIAMONDS TWO DIAMONDS EIGHT,0.5984,0.0208,0.3808
DIAMONDS THREE DIAMONDS FOUR,0.6594,0.0534,0.2872
CLUBS TWO SPADES FOUR,0.6164,0.0242,0.3594
DIAMONDS THREE DIAMONDS FIVE,0.6356,0.0544,0.31
CLUBS TWO SPADES FIVE,0.6128,0.0172,0.37
CLUBS TWO SPADES TWO,0.4432,0.0548,0.502
DIAMONDS THREE DIAMONDS EIGHT,0.6872,0.0508,0.262
SPADES EIGHT CLUBS TWO,0.6342,0.0208,0.345
DIAMONDS THREE DIAMONDS NINE,0.6842,0.0508,0.265
SPADES NINE CLUBS TWO,0.638,0.0214,0.3406
DIAMONDS THREE DIAMONDS SIX,0.664,0.0488,0.2872
CLUBS TWO SPADES SIX,0.643,0.023,0.334
DIAMONDS THREE DIAMONDS SEVEN,0.66,0.049,0.291
SPADES SEVEN CLUBS TWO,0.6368,0.0234,0.3398
CLUBS SIX CLUBS TWO,0.6066,0.0188,0.3746
CLUBS SEVEN CLUBS TWO,0.6154,0.0184,0.3662
CLUBS FOUR CLUBS TWO,0.5924,0.0206,0.387
CLUBS FIVE CLUBS TWO,0.5788,0.017,0.4042
CLUBS JACK CLUBS TEN,0.2558,0.1074,0.6368
DIAMONDS FOUR DIAMONDS SIX,0.5598,0.022,0.4182
CLUBS QUEEN CLUBS TEN,0.3542,0.0096,0.6362
DIAMONDS FOUR DIAMONDS SEVEN,0.5546,0.019,0.4264
CLUBS KING CLUBS TEN,0.3612,0.0056,0.6332
CLUBS ACE CLUBS TEN,0.3696,0.0062,0.6242
CLUBS EIGHT CLUBS TWO,0.5966,0.0198,0.3836
DIAMONDS FIVE DIAMONDS FOUR,0.5412,0.0216,0.4372
CLUBS NINE CLUBS TWO,0.6086,0.0168,0.3746
DIAMONDS NINE DIAMONDS FOUR,0.5788,0.0178,0.4034
DIAMONDS EIGHT DIAMONDS FOUR,0.5516,0.016,0.4324
CLUBS TWO CLUBS THREE,0.6674,0.0574,0.2752
DIAMONDS NINE DIAMONDS FIVE,0.5726,0.0176,0.4098
DIAMONDS TWO CLUBS JACK,0.3004,0.4984,0.2012
DIAMONDS EIGHT DIAMONDS FIVE,0.5604,0.0164,0.4232
DIAMONDS TWO CLUBS TEN,0.629,0.0196,0.3514
DIAMONDS FIVE DIAMONDS SEVEN,0.5498,0.0164,0.4338
DIAMONDS FIVE DIAMONDS SIX,0.552,0.0166,0.4314
DIAMONDS TWO CLUBS ACE,0.4158,0.0056,0.5786
DIAMONDS TWO CLUBS KING,0.4226,0.0086,0.5688
DIAMONDS TWO CLUBS QUEEN,0.4294,0.0116,0.559
DIAMONDS EIGHT DIAMONDS SIX,0.5522,0.0174,0.4304
DIAMONDS NINE DIAMONDS SIX,0.5636,0.0152,0.4212
DIAMONDS SEVEN DIAMONDS SIX,0.5612,0.0196,0.4192
DIAMONDS EIGHT DIAMONDS SEVEN,0.5234,0.0186,0.458
DIAMONDS NINE DIAMONDS SEVEN,0.5302,0.0186,0.4512
DIAMONDS NINE DIAMONDS EIGHT,0.5248,0.0168,0.4584
DIAMONDS KING HEARTS TEN,0.382,0.0062,0.6118
HEARTS THREE HEARTS TEN,0.6752,0.0562,0.2686
DIAMONDS KING HEARTS JACK,0.2672,0.0288,0.704
HEARTS THREE HEARTS JACK,0.0698,0.8518,0.0784
CLUBS SIX SPADES TEN,0.6004,0.0218,0.3778
SPADES TEN SPADES FIVE,0.5996,0.0208,0.3796
DIAMONDS KING HEARTS ACE,0.3594,0.005,0.6356
HEARTS THREE HEARTS ACE,0.2612,0.0188,0.72
SPADES ACE CLUBS SIX,0.3952,0.0058,0.599
DIAMONDS KING HEARTS QUEEN,0.3568,0.0066,0.6366
HEARTS THREE HEARTS QUEEN,0.2652,0.0374,0.6974
SPADES KING CLUBS SIX,0.3944,0.0064,0.5992
DIAMONDS KING HEARTS KING,0.1764,0.0078,0.8158
HEARTS THREE HEARTS KING,0.2728,0.0294,0.6978
SPADES QUEEN CLUBS SIX,0.3768,0.0138,0.6094
SPADES NINE HEARTS TEN,0.554,0.0166,0.4294
SPADES NINE HEARTS JACK,0.2616,0.156,0.5824
SPADES QUEEN SPADES FIVE,0.3338,0.011,0.6552
SPADES KING SPADES FIVE,0.3414,0.009,0.6496
SPADES ACE SPADES FIVE,0.3332,0.0072,0.6596
SPADES NINE HEARTS QUEEN,0.3734,0.01,0.6166
SPADES NINE HEARTS KING,0.3798,0.0078,0.6124
SPADES NINE HEARTS ACE,0.3836,0.006,0.6104
SPADES TEN CLUBS TEN,0.3128,0.0264,0.6608
SPADES ACE CLUBS TEN,0.3554,0.0034,0.6412
SPADES KING CLUBS TEN,0.3622,0.0072,0.6306
SPADES QUEEN CLUBS TEN,0.3596,0.0114,0.629
SPADES FIVE HEARTS QUEEN,0.3988,0.0102,0.591
SPADES FIVE HEARTS KING,0.3954,0.0066,0.598
SPADES FIVE HEARTS ACE,0.3868,0.0058,0.6074
CLUBS EIGHT SPADES TEN,0.561,0.015,0.424
HEARTS THREE SPADES TEN,0.7066,0.0602,0.2332
SPADES TEN DIAMONDS KING,0.371,0.0056,0.6234
SPADES ACE CLUBS EIGHT,0.3762,0.0054,0.6184
HEARTS FIVE CLUBS JACK,0.2578,0.4346,0.3076
CLUBS SIX HEARTS ACE,0.4054,0.0054,0.5892
HEARTS FIVE CLUBS TEN,0.6036,0.019,0.3774
CLUBS EIGHT SPADES QUEEN,0.3676,0.0144,0.618
CLUBS SIX HEARTS QUEEN,0.3952,0.0094,0.5954
CLUBS EIGHT SPADES KING,0.3924,0.0108,0.5968
CLUBS SIX HEARTS KING,0.4054,0.0052,0.5894
DIAMONDS TWO HEARTS JACK,0.3284,0.4736,0.198
DIAMONDS TWO HEARTS TEN,0.639,0.0192,0.3418
HEARTS FIVE CLUBS ACE,0.3984,0.0044,0.5972
SPADES FIVE HEARTS TEN,0.6052,0.0204,0.3744
HEARTS FIVE CLUBS KING,0.4082,0.0092,0.5826
SPADES FIVE HEARTS JACK,0.2486,0.4486,0.3028
HEARTS FIVE CLUBS QUEEN,0.3986,0.0114,0.59
HEARTS THREE CLUBS KING,0.2958,0.028,0.6762
DIAMONDS KING CLUBS KING,0.1842,0.005,0.8108
HEARTS THREE CLUBS QUEEN,0.2842,0.0476,0.6682
DIAMONDS KING CLUBS QUEEN,0.3516,0.009,0.6394
HEARTS FIVE HEARTS JACK,0.2416,0.4136,0.3448
HEARTS FIVE HEARTS TEN,0.5762,0.0156,0.4082
HEARTS THREE CLUBS ACE,0.2756,0.0208,0.7036
DIAMONDS KING CLUBS ACE,0.3584,0.0042,0.6374
SPADES ACE CLUBS QUEEN,0.3304,0.004,0.6656
SPADES KING CLUBS QUEEN,0.3322,0.0066,0.6612
HEARTS THREE CLUBS JACK,0.0666,0.916,0.0174
DIAMONDS KING CLUBS JACK,0.2648,0.0298,0.7054
SPADES QUEEN CLUBS QUEEN,0.171,0.0106,0.8184
HEARTS THREE CLUBS TEN,0.7114,0.0678,0.2208
DIAMONDS KING CLUBS TEN,0.3816,0.0054,0.613
CLUBS SIX CLUBS QUEEN,0.3736,0.0108,0.6156
SPADES TEN CLUBS QUEEN,0.3664,0.0114,0.6222
CLUBS SIX CLUBS KING,0.3784,0.0072,0.6144
CLUBS SIX CLUBS ACE,0.3746,0.0046,0.6208
HEARTS FIVE HEARTS KING,0.3682,0.006,0.6258
HEARTS FIVE HEARTS QUEEN,0.3774,0.0096,0.613
CLUBS SIX CLUBS TEN,0.5546,0.0178,0.4276
HEARTS FIVE HEARTS ACE,0.3726,0.0044,0.623
CLUBS SIX CLUBS JACK,0.257,0.341,0.402
SPADES SEVEN HEARTS JACK,0.2612,0.2866,0.4522
SPADES SEVEN HEARTS TEN,0.5816,0.0186,0.3998
DIAMONDS TWO CLUBS TWO,0.4338,0.052,0.5142
DIAMONDS TWO CLUBS THREE,0.7036,0.0538,0.2426
HEARTS SIX DIAMONDS TWO,0.6272,0.0218,0.351
DIAMONDS TWO HEARTS QUEEN,0.4254,0.0132,0.5614
DIAMONDS TWO HEARTS SEVEN,0.6588,0.0166,0.3246
DIAMONDS TWO HEARTS KING,0.4198,0.0074,0.5728
DIAMONDS TWO HEARTS EIGHT,0.6378,0.0192,0.343
DIAMONDS TWO HEARTS ACE,0.426,0.0052,0.5688
DIAMONDS TWO HEARTS NINE,0.6486,0.0156,0.3358
DIAMONDS TWO DIAMONDS QUEEN,0.3974,0.0134,0.5892
DIAMONDS TWO HEARTS TWO,0.448,0.0506,0.5014
DIAMONDS TWO DIAMONDS KING,0.4014,0.007,0.5916
HEARTS THREE DIAMONDS TWO,0.704,0.0552,0.2408
DIAMONDS TWO DIAMONDS ACE,0.3834,0.006,0.6106
HEARTS FOUR DIAMONDS TWO,0.6288,0.0222,0.349
DIAMONDS TWO HEARTS FIVE,0.6206,0.0232,0.3562
SPADES SEVEN HEARTS ACE,0.3858,0.0048,0.6094
DIAMONDS TWO DIAMONDS TEN,0.6058,0.0166,0.3776
SPADES SEVEN HEARTS KING,0.3904,0.007,0.6026
DIAMONDS TWO DIAMONDS JACK,0.2824,0.471,0.2466
SPADES SEVEN HEARTS QUEEN,0.4022,0.0116,0.5862
DIAMONDS TWO SPADES NINE,0.6338,0.0184,0.3478
DIAMONDS TWO SPADES EIGHT,0.6364,0.0192,0.3444
DIAMONDS TWO SPADES SEVEN,0.633,0.0216,0.3454
DIAMONDS TWO SPADES SIX,0.6368,0.0234,0.3398
DIAMONDS TWO SPADES FIVE,0.6186,0.0204,0.361
DIAMONDS TWO SPADES FOUR,0.6282,0.0228,0.349
DIAMONDS TWO SPADES TWO,0.4266,0.051,0.5224
CLUBS NINE DIAMONDS TWO,0.6476,0.0204,0.332
CLUBS EIGHT DIAMONDS TWO,0.6326,0.0186,0.3488
DIAMONDS TWO CLUBS SEVEN,0.655,0.0236,0.3214
CLUBS SIX DIAMONDS TWO,0.6422,0.018,0.3398
DIAMONDS TWO CLUBS FIVE,0.6132,0.0246,0.3622
DIAMONDS TWO CLUBS FOUR,0.6188,0.0236,0.3576
CLUBS FOUR SPADES FIVE,0.5722,0.026,0.4018
CLUBS FOUR SPADES FOUR,0.331,0.056,0.613
CLUBS FOUR SPADES TWO,0.6174,0.024,0.3586
SPADES NINE CLUBS FOUR,0.611,0.0208,0.3682
CLUBS FOUR SPADES EIGHT,0.6088,0.0182,0.373
CLUBS FOUR SPADES SEVEN,0.5904,0.0208,0.3888
CLUBS FOUR SPADES SIX,0.6028,0.0208,0.3764
SPADES ACE DIAMONDS SIX,0.3944,0.0048,0.6008
SPADES QUEEN DIAMONDS SIX,0.3946,0.0102,0.5952
SPADES KING DIAMONDS SIX,0.378,0.008,0.614
SPADES TEN DIAMONDS SIX,0.5982,0.015,0.3868
SPADES QUEEN SPADES TWO,0.3744,0.0142,0.6114
SPADES KING SPADES TWO,0.3724,0.0106,0.617
SPADES ACE SPADES TWO,0.3688,0.0082,0.623
DIAMONDS JACK CLUBS JACK,0.1406,0.0342,0.8252
DIAMONDS JACK CLUBS TEN,0.2644,0.1142,0.6214
DIAMONDS JACK CLUBS KING,0.2722,0.0296,0.6982
DIAMONDS JACK CLUBS QUEEN,0.2726,0.043,0.6844
DIAMONDS THREE DIAMONDS JACK,0.0738,0.852,0.0742
DIAMONDS THREE DIAMONDS TEN,0.6862,0.0538,0.26
DIAMONDS JACK CLUBS ACE,0.268,0.0228,0.7092
DIAMONDS THREE DIAMONDS KING,0.2734,0.0308,0.6958
HEARTS THREE DIAMONDS THREE,0.3366,0.0434,0.62
DIAMONDS THREE DIAMONDS QUEEN,0.2762,0.0402,0.6836
DIAMONDS THREE HEARTS TWO,0.7144,0.0504,0.2352
HEARTS FIVE DIAMONDS THREE,0.6804,0.0582,0.2614
DIAMONDS THREE DIAMONDS ACE,0.2594,0.0204,0.7202
HEARTS FOUR DIAMONDS THREE,0.6696,0.0588,0.2716
DIAMONDS THREE HEARTS SEVEN,0.7094,0.053,0.2376
SPADES TEN SPADES NINE,0.5396,0.017,0.4434
HEARTS SIX DIAMONDS THREE,0.7094,0.0486,0.242
DIAMONDS THREE HEARTS NINE,0.7176,0.0498,0.2326
HEARTS JACK DIAMONDS FOUR,0.2618,0.4808,0.2574
HEARTS KING HEARTS ACE,0.343,0.0054,0.6516
SPADES TEN SPADES TWO,0.6302,0.022,0.3478
DIAMONDS THREE HEARTS EIGHT,0.7276,0.0534,0.219
HEARTS TEN DIAMONDS FOUR,0.6094,0.0218,0.3688
HEARTS QUEEN DIAMONDS FOUR,0.3976,0.0124,0.59
HEARTS KING DIAMONDS FOUR,0.4024,0.0076,0.59
SPADES ACE SPADES NINE,0.3372,0.0056,0.6572
HEARTS ACE DIAMONDS FOUR,0.3814,0.0058,0.6128
SPADES KING SPADES NINE,0.3238,0.0098,0.6664
SPADES QUEEN SPADES NINE,0.3402,0.0098,0.65
DIAMONDS THREE SPADES NINE,0.711,0.0574,0.2316
DIAMONDS THREE SPADES EIGHT,0.7092,0.053,0.2378
DIAMONDS THREE SPADES SEVEN,0.6918,0.0552,0.253
DIAMONDS THREE SPADES SIX,0.6944,0.0582,0.2474
CLUBS SIX DIAMONDS THREE,0.7016,0.0526,0.2458
CLUBS ACE DIAMONDS FOUR,0.3874,0.0044,0.6082
CLUBS SIX CLUBS FIVE,0.5562,0.02,0.4238
CLUBS SEVEN CLUBS FIVE,0.5454,0.0198,0.4348
CLUBS SEVEN DIAMONDS THREE,0.7108,0.0522,0.237
DIAMONDS THREE CLUBS FOUR,0.6736,0.0538,0.2726
CLUBS QUEEN DIAMONDS FOUR,0.4016,0.0118,0.5866
DIAMONDS THREE CLUBS FIVE,0.6784,0.051,0.2706
CLUBS KING DIAMONDS FOUR,0.3972,0.0094,0.5934
DIAMONDS THREE CLUBS TWO,0.6936,0.053,0.2534
DIAMONDS FOUR CLUBS TEN,0.6072,0.0188,0.374
DIAMONDS THREE CLUBS THREE,0.3414,0.0346,0.624
DIAMONDS FOUR CLUBS JACK,0.2652,0.4848,0.25
DIAMONDS THREE SPADES FOUR,0.6816,0.0598,0.2586
DIAMONDS THREE SPADES FIVE,0.677,0.0606,0.2624
DIAMONDS THREE SPADES TWO,0.697,0.0566,0.2464
CLUBS EIGHT DIAMONDS THREE,0.714,0.0512,0.2348
CLUBS NINE DIAMONDS THREE,0.7086,0.06,0.2314
SPADES SEVEN CLUBS ACE,0.3946,0.0056,0.5998
SPADES SEVEN CLUBS QUEEN,0.4052,0.0134,0.5814
SPADES SEVEN CLUBS KING,0.3894,0.0076,0.603
CLUBS FIVE SPADES SEVEN,0.58,0.0222,0.3978
SPADES SEVEN CLUBS TEN,0.5756,0.0158,0.4086
CLUBS FIVE SPADES SIX,0.5742,0.0212,0.4046
SPADES SEVEN CLUBS JACK,0.2706,0.2884,0.441
SPADES NINE CLUBS FIVE,0.5886,0.0174,0.394
SPADES EIGHT CLUBS FIVE,0.5788,0.0216,0.3996
CLUBS FIVE SPADES TWO,0.635,0.0196,0.3454
CLUBS FIVE SPADES FIVE,0.3526,0.0506,0.5968
CLUBS FIVE SPADES FOUR,0.5738,0.0196,0.4066
CLUBS NINE CLUBS FIVE,0.563,0.0198,0.4172
CLUBS EIGHT CLUBS FIVE,0.554,0.017,0.429
CLUBS ACE CLUBS QUEEN,0.3446,0.0062,0.6492
CLUBS KING CLUBS QUEEN,0.3308,0.0056,0.6636
DIAMONDS TEN DIAMONDS FOUR,0.5748,0.0178,0.4074
DIAMONDS NINE CLUBS TEN,0.5768,0.013,0.4102
DIAMONDS JACK DIAMONDS FOUR,0.2428,0.4624,0.2948
DIAMONDS NINE CLUBS JACK,0.2762,0.1608,0.563
SPADES NINE CLUBS JACK,0.2594,0.159,0.5816
SPADES NINE CLUBS TEN,0.5472,0.0176,0.4352
DIAMONDS ACE DIAMONDS FOUR,0.375,0.0048,0.6202
HEARTS FOUR DIAMONDS FOUR,0.354,0.0524,0.5936
DIAMONDS JACK HEARTS TEN,0.2618,0.12,0.6182
SPADES NINE CLUBS KING,0.3804,0.0094,0.6102
DIAMONDS TWO SPADES TEN,0.6464,0.0182,0.3354
DIAMONDS NINE CLUBS ACE,0.4092,0.0048,0.586
HEARTS FIVE DIAMONDS FOUR,0.5774,0.016,0.4066
HEARTS JACK DIAMONDS JACK,0.13,0.0388,0.8312
SPADES NINE CLUBS QUEEN,0.382,0.0108,0.6072
DIAMONDS QUEEN DIAMONDS FOUR,0.3684,0.0122,0.6194
HEARTS TWO DIAMONDS FOUR,0.633,0.0168,0.3502
DIAMONDS NINE CLUBS QUEEN,0.3926,0.0096,0.5978
DIAMONDS KING DIAMONDS FOUR,0.375,0.0086,0.6164
HEARTS THREE DIAMONDS FOUR,0.6762,0.0606,0.2632
SPADES NINE CLUBS ACE,0.3874,0.005,0.6076
DIAMONDS NINE CLUBS KING,0.3968,0.0064,0.5968
HEARTS ACE DIAMONDS JACK,0.2796,0.0174,0.703
SPADES ACE DIAMONDS TWO,0.419,0.005,0.576
DIAMONDS JACK HEARTS QUEEN,0.2748,0.0426,0.6826
SPADES QUEEN DIAMONDS TWO,0.4228,0.0126,0.5646
HEARTS KING DIAMONDS JACK,0.2678,0.034,0.6982
SPADES KING DIAMONDS TWO,0.41,0.0082,0.5818
SPADES TEN SPADES SEVEN,0.5614,0.0166,0.422
CLUBS SEVEN CLUBS THREE,0.6722,0.056,0.2718
CLUBS SIX CLUBS THREE,0.6502,0.0532,0.2966
CLUBS FIVE CLUBS THREE,0.6422,0.0568,0.301
CLUBS FOUR CLUBS THREE,0.6534,0.0514,0.2952
CLUBS NINE CLUBS THREE,0.6632,0.0546,0.2822
CLUBS EIGHT CLUBS THREE,0.686,0.0528,0.2612
CLUBS THREE SPADES FIVE,0.6654,0.0558,0.2788
CLUBS THREE SPADES FOUR,0.6836,0.0568,0.2596
CLUBS THREE SPADES TWO,0.6994,0.059,0.2416
SPADES SIX CLUBS THREE,0.7032,0.0556,0.2412
SPADES SEVEN CLUBS THREE,0.6992,0.056,0.2448
SPADES EIGHT CLUBS THREE,0.7064,0.0548,0.2388
SPADES NINE CLUBS THREE,0.7074,0.0596,0.233
SPADES TWO DIAMONDS FOUR,0.6172,0.0208,0.362
SPADES FOUR DIAMONDS FOUR,0.3302,0.056,0.6138
SPADES FIVE DIAMONDS FOUR,0.5786,0.0236,0.3978
SPADES SIX DIAMONDS FOUR,0.5802,0.0202,0.3996
SPADES SEVEN DIAMONDS FOUR,0.584,0.021,0.395
SPADES EIGHT DIAMONDS FOUR,0.615,0.019,0.366
SPADES NINE DIAMONDS FOUR,0.6114,0.0218,0.3668
CLUBS FIVE DIAMONDS FOUR,0.5816,0.0186,0.3998
CLUBS FOUR DIAMONDS FOUR,0.3448,0.0452,0.61
CLUBS SEVEN DIAMONDS FOUR,0.5922,0.0194,0.3884
CLUBS SIX DIAMONDS FOUR,0.6026,0.0186,0.3788
CLUBS NINE DIAMONDS FOUR,0.6248,0.0168,0.3584
CLUBS EIGHT DIAMONDS FOUR,0.6004,0.0206,0.379
DIAMONDS FOUR HEARTS SEVEN,0.5952,0.021,0.3838
HEARTS SIX DIAMONDS FOUR,0.586,0.0196,0.3944
HEARTS NINE DIAMONDS FOUR,0.62,0.016,0.364
DIAMONDS FOUR HEARTS EIGHT,0.5976,0.017,0.3854
CLUBS THREE DIAMONDS FOUR,0.6786,0.0518,0.2696
CLUBS TWO DIAMONDS FOUR,0.631,0.0224,0.3466
DIAMONDS TEN DIAMONDS FIVE,0.5666,0.0154,0.418
DIAMONDS JACK DIAMONDS FIVE,0.2544,0.4044,0.3412
DIAMONDS NINE HEARTS QUEEN,0.3886,0.0122,0.5992
HEARTS KING DIAMONDS NINE,0.4072,0.0064,0.5864
DIAMONDS NINE HEARTS ACE,0.385,0.004,0.611
DIAMONDS NINE HEARTS TEN,0.5584,0.0152,0.4264
DIAMONDS NINE HEARTS JACK,0.282,0.1498,0.5682
CLUBS KING DIAMONDS SIX,0.415,0.0062,0.5788
CLUBS QUEEN DIAMONDS SIX,0.4104,0.0088,0.5808
CLUBS ACE DIAMONDS SIX,0.402,0.004,0.594
SPADES KING DIAMONDS FOUR,0.382,0.0078,0.6102
SPADES ACE SPADES SEVEN,0.3328,0.0046,0.6626
SPADES QUEEN DIAMONDS FOUR,0.3838,0.013,0.6032
SPADES QUEEN SPADES SEVEN,0.3512,0.0156,0.6332
CLUBS JACK DIAMONDS SIX,0.2784,0.3544,0.3672
SPADES KING SPADES SEVEN,0.3504,0.0094,0.6402
SPADES ACE DIAMONDS FOUR,0.3698,0.0058,0.6244
CLUBS TEN DIAMONDS SIX,0.6156,0.0168,0.3676
CLUBS NINE CLUBS FOUR,0.577,0.016,0.407
CLUBS EIGHT CLUBS FOUR,0.5724,0.0158,0.4118
SPADES TEN DIAMONDS FOUR,0.617,0.0182,0.3648
CLUBS FOUR CLUBS FIVE,0.5394,0.0198,0.4408
CLUBS SEVEN CLUBS FOUR,0.55,0.0186,0.4314
CLUBS SIX CLUBS FOUR,0.5526,0.0222,0.4252
CLUBS SEVEN SPADES EIGHT,0.5638,0.0174,0.4188
CLUBS SEVEN SPADES NINE,0.573,0.021,0.406
CLUBS SEVEN SPADES SIX,0.5738,0.0178,0.4084
CLUBS SEVEN SPADES SEVEN,0.327,0.0366,0.6364
CLUBS SEVEN SPADES FIVE,0.5778,0.0186,0.4036
CLUBS SEVEN SPADES FOUR,0.603,0.0192,0.3778
CLUBS SEVEN SPADES TWO,0.6322,0.0222,0.3456
CLUBS NINE CLUBS SEVEN,0.5436,0.0184,0.438
CLUBS EIGHT CLUBS SEVEN,0.5248,0.0184,0.4568
HEARTS SIX DIAMONDS FIVE,0.5852,0.0186,0.3962
DIAMONDS FIVE HEARTS SEVEN,0.5898,0.0158,0.3944
DIAMONDS FIVE HEARTS EIGHT,0.581,0.0182,0.4008
HEARTS NINE DIAMONDS FIVE,0.5992,0.0168,0.384
DIAMONDS QUEEN DIAMONDS FIVE,0.364,0.0136,0.6224
HEARTS TWO DIAMONDS FIVE,0.6204,0.0222,0.3574
HEARTS KING HEARTS EIGHT,0.3666,0.0094,0.624
DIAMONDS KING DIAMONDS FIVE,0.3762,0.008,0.6158
HEARTS THREE DIAMONDS FIVE,0.679,0.0494,0.2716
HEARTS QUEEN HEARTS EIGHT,0.3752,0.0122,0.6126
DIAMONDS ACE DIAMONDS FIVE,0.3684,0.005,0.6266
HEARTS FOUR DIAMONDS FIVE,0.5724,0.0214,0.4062
HEARTS FIVE DIAMONDS FIVE,0.3482,0.0464,0.6054
HEARTS ACE HEARTS EIGHT,0.3678,0.003,0.6292
CLUBS FOUR DIAMONDS FIVE,0.5856,0.021,0.3934
CLUBS FIVE DIAMONDS FIVE,0.3372,0.0462,0.6166
CLUBS SIX DIAMONDS FIVE,0.5738,0.0194,0.4068
CLUBS SEVEN DIAMONDS FIVE,0.5734,0.017,0.4096
CLUBS TWO DIAMONDS FIVE,0.6278,0.0196,0.3526
CLUBS THREE DIAMONDS FIVE,0.6798,0.049,0.2712
SPADES TWO DIAMONDS FIVE,0.6206,0.0236,0.3558
SPADES FIVE DIAMONDS FIVE,0.3454,0.0432,0.6114
HEARTS JACK CLUBS TEN,0.2756,0.1186,0.6058
SPADES TEN DIAMONDS EIGHT,0.5682,0.019,0.4128
SPADES FOUR DIAMONDS FIVE,0.5588,0.02,0.4212
HEARTS JACK CLUBS JACK,0.1414,0.0334,0.8252
HEARTS JACK CLUBS QUEEN,0.2764,0.0398,0.6838
CLUBS NINE DIAMONDS FIVE,0.6022,0.0164,0.3814
HEARTS JACK CLUBS KING,0.2622,0.0242,0.7136
CLUBS EIGHT DIAMONDS FIVE,0.5998,0.0172,0.383
HEARTS JACK CLUBS ACE,0.2614,0.0224,0.7162
SPADES SEVEN DIAMONDS FIVE,0.5754,0.0198,0.4048
SPADES KING DIAMONDS EIGHT,0.3898,0.0056,0.6046
SPADES SIX DIAMONDS FIVE,0.5846,0.0198,0.3956
SPADES QUEEN DIAMONDS EIGHT,0.372,0.012,0.616
SPADES NINE DIAMONDS FIVE,0.6086,0.0194,0.372
SPADES EIGHT DIAMONDS FIVE,0.6036,0.0156,0.3808
SPADES ACE DIAMONDS EIGHT,0.391,0.0074,0.6016
DIAMONDS TEN DIAMONDS SIX,0.5758,0.0174,0.4068
HEARTS ACE DIAMONDS SEVEN,0.3962,0.0048,0.599
DIAMONDS JACK DIAMONDS SIX,0.2596,0.3442,0.3962
HEARTS QUEEN DIAMONDS SEVEN,0.399,0.0102,0.5908
HEARTS KING DIAMONDS SEVEN,0.3974,0.008,0.5946
DIAMONDS ACE DIAMONDS SIX,0.3684,0.005,0.6266
HEARTS FOUR DIAMONDS SIX,0.5914,0.0202,0.3884
SPADES TWO HEARTS JACK,0.3008,0.4872,0.212
HEARTS FIVE DIAMONDS SIX,0.568,0.0228,0.4092
SPADES TWO HEARTS TEN,0.642,0.021,0.337
DIAMONDS QUEEN DIAMONDS SIX,0.3814,0.012,0.6066
HEARTS TWO DIAMONDS SIX,0.6276,0.0254,0.347
DIAMONDS KING DIAMONDS SIX,0.3852,0.0108,0.604
HEARTS THREE DIAMONDS SIX,0.7008,0.049,0.2502
HEARTS EIGHT DIAMONDS SIX,0.5776,0.0176,0.4048
HEARTS NINE DIAMONDS SIX,0.6032,0.0186,0.3782
HEARTS SIX DIAMONDS SIX,0.3452,0.04,0.6148
HEARTS SEVEN DIAMONDS SIX,0.5846,0.0182,0.3972
HEARTS TEN DIAMONDS SEVEN,0.583,0.0134,0.4036
CLUBS TWO DIAMONDS SIX,0.6472,0.0198,0.333
HEARTS JACK DIAMONDS SEVEN,0.2704,0.273,0.4566
CLUBS THREE DIAMONDS SIX,0.701,0.052,0.247
DIAMONDS EIGHT CLUBS JACK,0.269,0.2118,0.5192
CLUBS SEVEN DIAMONDS SIX,0.5754,0.0174,0.4072
CLUBS SIX DIAMONDS SIX,0.3364,0.0402,0.6234
DIAMONDS EIGHT CLUBS TEN,0.5714,0.0142,0.4144
CLUBS FIVE DIAMONDS SIX,0.5796,0.0188,0.4016
CLUBS FOUR DIAMONDS SIX,0.5958,0.0198,0.3844
HEARTS ACE HEARTS JACK,0.2544,0.0216,0.724
DIAMONDS EIGHT CLUBS ACE,0.3886,0.0032,0.6082
HEARTS JACK HEARTS QUEEN,0.268,0.0352,0.6968
DIAMONDS EIGHT CLUBS KING,0.396,0.0068,0.5972
CLUBS NINE DIAMONDS SIX,0.5986,0.0168,0.3846
HEARTS KING HEARTS JACK,0.253,0.0296,0.7174
DIAMONDS EIGHT CLUBS QUEEN,0.3856,0.0114,0.603
CLUBS EIGHT DIAMONDS SIX,0.5812,0.0198,0.399
SPADES TEN HEARTS KING,0.3662,0.007,0.6268
SPADES FIVE DIAMONDS SIX,0.5846,0.0202,0.3952
HEARTS ACE SPADES TWO,0.4182,0.0074,0.5744
SPADES FOUR DIAMONDS SIX,0.5866,0.0214,0.392
SPADES TWO HEARTS QUEEN,0.4228,0.0166,0.5606
SPADES ACE SPADES KING,0.3084,0.0068,0.6848
HEARTS KING SPADES TWO,0.4216,0.0088,0.5696
SPADES TWO DIAMONDS SIX,0.6298,0.02,0.3502
HEARTS TEN HEARTS EIGHT,0.5488,0.0134,0.4378
SPADES NINE DIAMONDS SIX,0.575,0.0182,0.4068
HEARTS JACK HEARTS EIGHT,0.2624,0.2048,0.5328
SPADES EIGHT DIAMONDS SIX,0.5754,0.0192,0.4054
SPADES SEVEN DIAMONDS SIX,0.573,0.0164,0.4106
SPADES SIX DIAMONDS SIX,0.3212,0.0432,0.6356
SPADES KING HEARTS KING,0.1676,0.0082,0.8242
SPADES QUEEN HEARTS KING,0.3456,0.0066,0.6478
CLUBS ACE CLUBS KING,0.3428,0.0054,0.6518
SPADES ACE HEARTS KING,0.3474,0.0054,0.6472
SPADES ACE HEARTS JACK,0.251,0.0216,0.7274
SPADES QUEEN HEARTS JACK,0.2482,0.0434,0.7084
SPADES KING HEARTS JACK,0.2628,0.028,0.7092
SPADES TEN DIAMONDS TEN,0.3046,0.0226,0.6728
SPADES ACE DIAMONDS TEN,0.368,0.0064,0.6256
SPADES TEN HEARTS JACK,0.2582,0.1114,0.6304
SPADES QUEEN DIAMONDS TEN,0.3584,0.0132,0.6284
SPADES KING DIAMONDS TEN,0.3752,0.0072,0.6176
SPADES NINE DIAMONDS SEVEN,0.5594,0.0154,0.4252
SPADES EIGHT DIAMONDS SEVEN,0.569,0.0196,0.4114
SPADES SEVEN DIAMONDS SEVEN,0.3392,0.0374,0.6234
SPADES SIX DIAMONDS SEVEN,0.5634,0.0204,0.4162
DIAMONDS KING DIAMONDS SEVEN,0.3744,0.0082,0.6174
HEARTS THREE DIAMONDS SEVEN,0.7064,0.0512,0.2424
HEARTS KING DIAMONDS FIVE,0.4028,0.0068,0.5904
DIAMONDS QUEEN DIAMONDS SEVEN,0.3812,0.011,0.6078
HEARTS TWO DIAMONDS SEVEN,0.6442,0.0154,0.3404
HEARTS QUEEN DIAMONDS FIVE,0.3996,0.0104,0.59
HEARTS FIVE DIAMONDS SEVEN,0.5812,0.0158,0.403
DIAMONDS ACE DIAMONDS SEVEN,0.368,0.0044,0.6276
HEARTS FOUR DIAMONDS SEVEN,0.5948,0.016,0.3892
HEARTS ACE DIAMONDS FIVE,0.3978,0.006,0.5962
HEARTS SEVEN DIAMONDS SEVEN,0.334,0.0394,0.6266
HEARTS SIX DIAMONDS SEVEN,0.5834,0.021,0.3956
HEARTS NINE DIAMONDS SEVEN,0.5944,0.0166,0.389
DIAMONDS SEVEN HEARTS EIGHT,0.5676,0.0182,0.4142
DIAMONDS JACK DIAMONDS SEVEN,0.2508,0.2714,0.4778
HEARTS JACK DIAMONDS FIVE,0.2638,0.4306,0.3056
DIAMONDS TEN DIAMONDS SEVEN,0.549,0.0194,0.4316
DIAMONDS FIVE HEARTS TEN,0.616,0.0148,0.3692
SPADES KING CLUBS TWO,0.4166,0.012,0.5714
HEARTS KING CLUBS KING,0.1758,0.0062,0.818
CLUBS EIGHT DIAMONDS SEVEN,0.571,0.0174,0.4116
SPADES QUEEN CLUBS TWO,0.4188,0.0144,0.5668
HEARTS KING CLUBS QUEEN,0.3514,0.0076,0.641
CLUBS NINE DIAMONDS SEVEN,0.575,0.0136,0.4114
SPADES TWO CLUBS JACK,0.2958,0.5004,0.2038
SPADES ACE CLUBS TWO,0.4148,0.006,0.5792
SPADES TWO CLUBS TEN,0.6464,0.0192,0.3344
HEARTS KING CLUBS ACE,0.3582,0.0052,0.6366
CLUBS SIX CLUBS SEVEN,0.5504,0.0198,0.4298
SPADES TWO CLUBS KING,0.4342,0.0082,0.5576
SPADES TWO DIAMONDS SEVEN,0.6432,0.021,0.3358
CLUBS EIGHT CLUBS SIX,0.5486,0.0172,0.4342
SPADES TWO CLUBS QUEEN,0.4128,0.0114,0.5758
CLUBS NINE CLUBS SIX,0.5558,0.0158,0.4284
SPADES FOUR DIAMONDS SEVEN,0.5934,0.0194,0.3872
HEARTS KING CLUBS JACK,0.2848,0.0302,0.685
SPADES FIVE DIAMONDS SEVEN,0.5844,0.0156,0.4
SPADES TWO CLUBS ACE,0.42,0.0082,0.5718
HEARTS KING CLUBS TEN,0.383,0.0052,0.6118
CLUBS SIX SPADES TWO,0.623,0.0228,0.3542
CLUBS TWO DIAMONDS SEVEN,0.6472,0.0186,0.3342
CLUBS SIX SPADES FOUR,0.5812,0.0212,0.3976
CLUBS THREE DIAMONDS SEVEN,0.6986,0.0524,0.249
CLUBS SIX SPADES FIVE,0.5758,0.019,0.4052
CLUBS FOUR DIAMONDS SEVEN,0.5968,0.0224,0.3808
CLUBS SIX SPADES SIX,0.3418,0.0454,0.6128
CLUBS FIVE DIAMONDS SEVEN,0.6038,0.0206,0.3756
CLUBS SIX SPADES SEVEN,0.5708,0.0178,0.4114
CLUBS SIX DIAMONDS SEVEN,0.5774,0.0198,0.4028
CLUBS SIX SPADES EIGHT,0.5656,0.0208,0.4136
CLUBS SIX SPADES NINE,0.5712,0.0178,0.411
SPADES TEN CLUBS TWO,0.6382,0.0216,0.3402
CLUBS SEVEN DIAMONDS SEVEN,0.3508,0.0326,0.6166
CLUBS TWO CLUBS QUEEN,0.4022,0.0118,0.586
CLUBS TWO CLUBS KING,0.4016,0.0096,0.5888
CLUBS THREE DIAMONDS EIGHT,0.7198,0.0536,0.2266
CLUBS TWO CLUBS ACE,0.3796,0.0054,0.615
CLUBS TWO DIAMONDS EIGHT,0.6374,0.021,0.3416
DIAMONDS EIGHT HEARTS SEVEN,0.573,0.0168,0.4102
HEARTS SIX DIAMONDS EIGHT,0.5716,0.018,0.4104
DIAMONDS EIGHT HEARTS NINE,0.5578,0.015,0.4272
CLUBS TWO CLUBS TEN,0.6046,0.016,0.3794
DIAMONDS EIGHT HEARTS EIGHT,0.3334,0.0304,0.6362
CLUBS TWO CLUBS JACK,0.2828,0.464,0.2532
CLUBS NINE DIAMONDS EIGHT,0.5608,0.0184,0.4208
CLUBS EIGHT DIAMONDS EIGHT,0.3354,0.0306,0.634
CLUBS FIVE DIAMONDS EIGHT,0.5912,0.0188,0.39
CLUBS FOUR DIAMONDS EIGHT,0.5982,0.0174,0.3844
CLUBS SEVEN DIAMONDS EIGHT,0.5474,0.0186,0.434
CLUBS SIX DIAMONDS EIGHT,0.5798,0.0184,0.4018
DIAMONDS QUEEN DIAMONDS EIGHT,0.361,0.0086,0.6304
HEARTS TWO DIAMONDS EIGHT,0.6468,0.0182,0.335
DIAMONDS KING DIAMONDS EIGHT,0.378,0.0064,0.6156
HEARTS THREE DIAMONDS EIGHT,0.714,0.0548,0.2312
DIAMONDS ACE DIAMONDS EIGHT,0.3728,0.0032,0.624
HEARTS FOUR DIAMONDS EIGHT,0.6022,0.0186,0.3792
HEARTS FIVE DIAMONDS EIGHT,0.5942,0.0158,0.39
DIAMONDS EIGHT DIAMONDS TEN,0.536,0.0186,0.4454
DIAMONDS EIGHT DIAMONDS JACK,0.2512,0.2022,0.5466
CLUBS FOUR HEARTS ACE,0.392,0.004,0.604
CLUBS FOUR HEARTS QUEEN,0.3952,0.0118,0.593
CLUBS FOUR HEARTS KING,0.4094,0.0082,0.5824
CLUBS SIX HEARTS TEN,0.599,0.0154,0.3856
CLUBS SIX HEARTS JACK,0.2708,0.3584,0.3708
SPADES FOUR DIAMONDS EIGHT,0.5962,0.021,0.3828
SPADES FIVE DIAMONDS EIGHT,0.574,0.019,0.407
DIAMONDS EIGHT SPADES TWO,0.638,0.0214,0.3406
CLUBS FOUR HEARTS JACK,0.257,0.485,0.258
SPADES EIGHT DIAMONDS EIGHT,0.3144,0.0362,0.6494
SPADES TEN HEARTS TWO,0.639,0.0182,0.3428
SPADES TEN DIAMONDS QUEEN,0.3564,0.0122,0.6314
CLUBS FOUR HEARTS TEN,0.6166,0.0156,0.3678
SPADES NINE DIAMONDS EIGHT,0.559,0.0176,0.4234
SPADES TEN HEARTS EIGHT,0.58,0.0166,0.4034
SPADES SIX DIAMONDS EIGHT,0.569,0.0176,0.4134
SPADES SEVEN DIAMONDS EIGHT,0.565,0.0192,0.4158
SPADES ACE HEARTS TWO,0.406,0.0052,0.5888
SPADES ACE DIAMONDS QUEEN,0.3414,0.006,0.6526
SPADES ACE HEARTS EIGHT,0.383,0.0036,0.6134
SPADES KING HEARTS EIGHT,0.3926,0.0062,0.6012
SPADES QUEEN HEARTS TWO,0.4158,0.0138,0.5704
SPADES QUEEN DIAMONDS QUEEN,0.1722,0.0094,0.8184
SPADES KING DIAMONDS QUEEN,0.3498,0.0068,0.6434
SPADES KING HEARTS TWO,0.4176,0.0074,0.575
SPADES QUEEN HEARTS EIGHT,0.377,0.0118,0.6112
CLUBS TWO HEARTS TEN,0.647,0.0146,0.3384
CLUBS TWO HEARTS JACK,0.306,0.4824,0.2116
SPADES SEVEN DIAMONDS NINE,0.5776,0.0164,0.406
SPADES SIX DIAMONDS NINE,0.5842,0.0194,0.3964
SPADES NINE DIAMONDS NINE,0.3184,0.0278,0.6538
SPADES EIGHT DIAMONDS NINE,0.5576,0.0188,0.4236
SPADES TEN CLUBS KING,0.3728,0.0086,0.6186
DIAMONDS NINE SPADES TWO,0.6402,0.0204,0.3394
SPADES FIVE DIAMONDS NINE,0.5932,0.02,0.3868
DIAMONDS NINE SPADES FOUR,0.6046,0.0194,0.376
CLUBS NINE DIAMONDS NINE,0.3144,0.0284,0.6572
CLUBS EIGHT DIAMONDS NINE,0.5678,0.0152,0.417
CLUBS SIX DIAMONDS NINE,0.5942,0.018,0.3878
SPADES TEN CLUBS FOUR,0.6028,0.0184,0.3788
CLUBS SEVEN DIAMONDS NINE,0.596,0.0162,0.3878
CLUBS FOUR DIAMONDS NINE,0.6144,0.018,0.3676
CLUBS FIVE DIAMONDS NINE,0.6026,0.0194,0.378
CLUBS TWO DIAMONDS NINE,0.6408,0.0188,0.3404
CLUBS THREE DIAMONDS NINE,0.7096,0.0606,0.2298
DIAMONDS NINE HEARTS EIGHT,0.5562,0.0148,0.429
DIAMONDS NINE HEARTS NINE,0.3196,0.027,0.6534
HEARTS SIX DIAMONDS NINE,0.5884,0.016,0.3956
DIAMONDS NINE HEARTS SEVEN,0.573,0.0164,0.4106
CLUBS EIGHT CLUBS NINE,0.5212,0.013,0.4658
DIAMONDS ACE DIAMONDS NINE,0.3676,0.0044,0.628
HEARTS FOUR DIAMONDS NINE,0.6214,0.0194,0.3592
HEARTS FIVE DIAMONDS NINE,0.609,0.0172,0.3738
CLUBS TWO HEARTS ACE,0.4144,0.0064,0.5792
SPADES ACE CLUBS FOUR,0.3948,0.0048,0.6004
DIAMONDS QUEEN DIAMONDS NINE,0.3508,0.0128,0.6364
HEARTS TWO DIAMONDS NINE,0.6444,0.0204,0.3352
CLUBS TWO HEARTS KING,0.4248,0.0092,0.566
SPADES KING CLUBS FOUR,0.3902,0.0074,0.6024
DIAMONDS KING DIAMONDS NINE,0.38,0.0058,0.6142
HEARTS THREE DIAMONDS NINE,0.7142,0.0534,0.2324
CLUBS TWO HEARTS QUEEN,0.4276,0.0136,0.5588
SPADES QUEEN CLUBS FOUR,0.3926,0.0118,0.5956
DIAMONDS NINE DIAMONDS JACK,0.26,0.1504,0.5896
CLUBS EIGHT SPADES NINE,0.5588,0.019,0.4222
DIAMONDS NINE DIAMONDS TEN,0.5376,0.0152,0.4472
CLUBS EIGHT SPADES EIGHT,0.3186,0.0294,0.652
CLUBS EIGHT SPADES SEVEN,0.5556,0.0176,0.4268
CLUBS EIGHT SPADES SIX,0.5818,0.0156,0.4026
CLUBS EIGHT SPADES FIVE,0.5866,0.0184,0.395
CLUBS EIGHT SPADES FOUR,0.6092,0.0202,0.3706
CLUBS EIGHT SPADES TWO,0.6236,0.0208,0.3556
HEARTS SIX DIAMONDS TEN,0.6034,0.0172,0.3794
DIAMONDS TEN HEARTS SEVEN,0.5952,0.0154,0.3894
DIAMONDS TEN HEARTS EIGHT,0.5698,0.0118,0.4184
CLUBS FOUR CLUBS JACK,0.2478,0.4602,0.292
DIAMONDS TEN HEARTS NINE,0.5488,0.0162,0.435
CLUBS FOUR CLUBS TEN,0.5756,0.0192,0.4052
CLUBS FOUR CLUBS KING,0.3728,0.0072,0.62
CLUBS FOUR CLUBS QUEEN,0.37,0.0112,0.6188
CLUBS TWO DIAMONDS TEN,0.6524,0.0234,0.3242
CLUBS THREE DIAMONDS TEN,0.7108,0.0514,0.2378
CLUBS FOUR CLUBS ACE,0.369,0.006,0.625
DIAMONDS JACK DIAMONDS TEN,0.2648,0.1122,0.623
DIAMONDS QUEEN DIAMONDS TEN,0.3336,0.0102,0.6562
HEARTS TWO DIAMONDS TEN,0.6414,0.0168,0.3418
DIAMONDS KING DIAMONDS TEN,0.357,0.008,0.635
HEARTS THREE DIAMONDS TEN,0.7182,0.054,0.2278
DIAMONDS ACE DIAMONDS TEN,0.3636,0.0046,0.6318
HEARTS FOUR DIAMONDS TEN,0.6134,0.018,0.3686
CLUBS EIGHT HEARTS JACK,0.2662,0.2098,0.524
HEARTS FIVE DIAMONDS TEN,0.6182,0.018,0.3638
CLUBS EIGHT HEARTS TEN,0.5786,0.0146,0.4068
CLUBS EIGHT HEARTS QUEEN,0.3916,0.0086,0.5998
CLUBS EIGHT HEARTS KING,0.4034,0.0072,0.5894
CLUBS EIGHT HEARTS ACE,0.3988,0.0026,0.5986
CLUBS NINE SPADES TWO,0.642,0.0198,0.3382
CLUBS NINE SPADES FIVE,0.6052,0.0216,0.3732
CLUBS NINE SPADES FOUR,0.615,0.0192,0.3658
CLUBS NINE SPADES SEVEN,0.575,0.0182,0.4068
CLUBS NINE SPADES SIX,0.5738,0.02,0.4062
CLUBS NINE SPADES NINE,0.3144,0.0294,0.6562
CLUBS TEN HEARTS EIGHT,0.581,0.018,0.401
CLUBS NINE SPADES EIGHT,0.5538,0.0172,0.429
CLUBS JACK HEARTS EIGHT,0.2752,0.2184,0.5064
CLUBS QUEEN HEARTS EIGHT,0.395,0.0098,0.5952
CLUBS KING HEARTS EIGHT,0.4046,0.0058,0.5896
CLUBS ACE HEARTS EIGHT,0.395,0.0038,0.6012
SPADES KING CLUBS KING,0.1628,0.0072,0.83
SPADES QUEEN CLUBS KING,0.3478,0.0068,0.6454
SPADES ACE CLUBS KING,0.3482,0.0046,0.6472
DIAMONDS ACE HEARTS TEN,0.3876,0.003,0.6094
HEARTS FOUR HEARTS TEN,0.5754,0.0178,0.4068
DIAMONDS ACE HEARTS JACK,0.2834,0.0206,0.696
HEARTS FOUR HEARTS JACK,0.2464,0.4734,0.2802
SPADES KING CLUBS FIVE,0.3862,0.0112,0.6026
SPADES QUEEN CLUBS FIVE,0.3878,0.0148,0.5974
SPADES ACE CLUBS FIVE,0.3706,0.0048,0.6246
DIAMONDS JACK HEARTS SEVEN,0.2624,0.2806,0.457
HEARTS SIX DIAMONDS JACK,0.2636,0.3568,0.3796
DIAMONDS JACK HEARTS NINE,0.2762,0.1574,0.5664
DIAMONDS JACK HEARTS EIGHT,0.2698,0.2136,0.5166
DIAMONDS KING DIAMONDS JACK,0.2634,0.0308,0.7058
HEARTS THREE DIAMONDS JACK,0.0652,0.9116,0.0232
SPADES ACE SPADES SIX,0.3486,0.005,0.6464
SPADES FOUR HEARTS ACE,0.3836,0.0066,0.6098
DIAMONDS QUEEN DIAMONDS JACK,0.2572,0.0422,0.7006
HEARTS TWO DIAMONDS JACK,0.3028,0.4884,0.2088
HEARTS FIVE DIAMONDS JACK,0.2654,0.4354,0.2992
SPADES QUEEN SPADES SIX,0.3424,0.0168,0.6408
SPADES FOUR HEARTS QUEEN,0.3926,0.0128,0.5946
DIAMONDS ACE DIAMONDS JACK,0.256,0.0194,0.7246
HEARTS FOUR DIAMONDS JACK,0.2516,0.4964,0.252
SPADES KING SPADES SIX,0.354,0.0068,0.6392
HEARTS KING SPADES FOUR,0.4,0.0066,0.5934
SPADES TEN SPADES SIX,0.5902,0.0176,0.3922
SPADES FOUR DIAMONDS JACK,0.2514,0.4894,0.2592
SPADES FIVE DIAMONDS JACK,0.2502,0.4494,0.3004
SPADES TWO DIAMONDS JACK,0.2986,0.495,0.2064
SPADES ACE DIAMONDS THREE,0.2638,0.0216,0.7146
SPADES QUEEN DIAMONDS THREE,0.2628,0.045,0.6922
CLUBS EIGHT DIAMONDS JACK,0.2734,0.2072,0.5194
SPADES KING DIAMONDS THREE,0.267,0.033,0.7
CLUBS NINE DIAMONDS JACK,0.2632,0.155,0.5818
CLUBS SIX DIAMONDS JACK,0.2652,0.361,0.3738
CLUBS SEVEN DIAMONDS JACK,0.2658,0.2818,0.4524
CLUBS FOUR DIAMONDS JACK,0.268,0.4882,0.2438
CLUBS FIVE DIAMONDS JACK,0.2562,0.4246,0.3192
CLUBS TWO DIAMONDS JACK,0.3024,0.4936,0.204
CLUBS THREE DIAMONDS JACK,0.0658,0.9136,0.0206
SPADES TEN CLUBS FIVE,0.6014,0.0202,0.3784
HEARTS SIX SPADES TEN,0.5998,0.0152,0.385
CLUBS SEVEN CLUBS ACE,0.3854,0.0052,0.6094
SPADES TEN DIAMONDS THREE,0.7144,0.0484,0.2372
CLUBS SEVEN CLUBS QUEEN,0.3762,0.0122,0.6116
CLUBS SEVEN CLUBS KING,0.3608,0.0076,0.6316
SPADES NINE DIAMONDS JACK,0.255,0.161,0.584
CLUBS SEVEN CLUBS TEN,0.5512,0.0182,0.4306
DIAMONDS ACE HEARTS ACE,0.1632,0.0042,0.8326
HEARTS FOUR HEARTS ACE,0.3596,0.0064,0.634
SPADES EIGHT DIAMONDS JACK,0.2678,0.211,0.5212
SPADES ACE HEARTS SIX,0.3926,0.0048,0.6026
CLUBS SEVEN CLUBS JACK,0.243,0.2676,0.4894
DIAMONDS ACE HEARTS KING,0.3502,0.0034,0.6464
HEARTS FOUR HEARTS KING,0.3662,0.0088,0.625
SPADES SEVEN DIAMONDS JACK,0.2588,0.2772,0.464
SPADES KING HEARTS SIX,0.4044,0.0072,0.5884
DIAMONDS ACE HEARTS QUEEN,0.361,0.0036,0.6354
HEARTS FOUR HEARTS QUEEN,0.3772,0.0126,0.6102
SPADES SIX DIAMONDS JACK,0.2602,0.3704,0.3694
SPADES QUEEN HEARTS SIX,0.3878,0.0126,0.5996
SPADES TWO DIAMONDS TEN,0.6438,0.022,0.3342
SPADES FOUR DIAMONDS TEN,0.6186,0.0178,0.3636
SPADES FIVE DIAMONDS TEN,0.612,0.0174,0.3706
SPADES SIX DIAMONDS TEN,0.5914,0.017,0.3916
SPADES SEVEN DIAMONDS TEN,0.5808,0.0152,0.404
SPADES EIGHT DIAMONDS TEN,0.566,0.0174,0.4166
SPADES NINE DIAMONDS TEN,0.562,0.0166,0.4214
CLUBS FOUR DIAMONDS TEN,0.6132,0.0192,0.3676
CLUBS FIVE DIAMONDS TEN,0.6236,0.0162,0.3602
CLUBS SIX DIAMONDS TEN,0.599,0.02,0.381
CLUBS SEVEN DIAMONDS TEN,0.5918,0.0158,0.3924
CLUBS EIGHT DIAMONDS TEN,0.5766,0.0144,0.409
CLUBS NINE DIAMONDS TEN,0.5682,0.0148,0.417
DIAMONDS THREE CLUBS JACK,0.0668,0.9124,0.0208
DIAMONDS THREE CLUBS TEN,0.7296,0.0568,0.2136
DIAMONDS THREE CLUBS KING,0.2812,0.0284,0.6904
DIAMONDS THREE CLUBS QUEEN,0.2884,0.0402,0.6714
DIAMONDS THREE CLUBS ACE,0.2846,0.0178,0.6976
SPADES FOUR HEARTS JACK,0.2574,0.4952,0.2474
SPADES FOUR HEARTS TEN,0.6014,0.0234,0.3752
SPADES FIVE SPADES TWO,0.6194,0.022,0.3586
SPADES FOUR SPADES TWO,0.6082,0.0228,0.369
SPADES NINE SPADES TWO,0.6468,0.0202,0.333
SPADES EIGHT SPADES TWO,0.617,0.0232,0.3598
SPADES SEVEN SPADES TWO,0.6518,0.024,0.3242
SPADES SIX SPADES TWO,0.6324,0.0184,0.3492
DIAMONDS QUEEN CLUBS THREE,0.2902,0.0462,0.6636
HEARTS TWO CLUBS THREE,0.6978,0.0624,0.2398
DIAMONDS QUEEN CLUBS TWO,0.4146,0.012,0.5734
CLUBS TWO HEARTS TWO,0.4358,0.056,0.5082
DIAMONDS QUEEN HEARTS SEVEN,0.3998,0.0128,0.5874
HEARTS TWO HEARTS SEVEN,0.6142,0.02,0.3658
HEARTS SIX DIAMONDS QUEEN,0.4088,0.0126,0.5786
HEARTS SIX HEARTS TWO,0.593,0.0184,0.3886
DIAMONDS QUEEN HEARTS NINE,0.3902,0.0118,0.598
HEARTS TWO HEARTS NINE,0.6108,0.0184,0.3708
DIAMONDS QUEEN HEARTS EIGHT,0.3844,0.0086,0.607
HEARTS TWO HEARTS EIGHT,0.6008,0.0174,0.3818
CLUBS NINE HEARTS TWO,0.6348,0.021,0.3442
CLUBS NINE DIAMONDS QUEEN,0.3998,0.0088,0.5914
CLUBS EIGHT HEARTS TWO,0.6424,0.0204,0.3372
CLUBS EIGHT DIAMONDS QUEEN,0.3906,0.0128,0.5966
CLUBS FIVE DIAMONDS QUEEN,0.4172,0.0118,0.571
CLUBS FIVE HEARTS TWO,0.628,0.0234,0.3486
SPADES EIGHT HEARTS ACE,0.4002,0.0034,0.5964
CLUBS FOUR DIAMONDS QUEEN,0.4122,0.0096,0.5782
CLUBS FOUR HEARTS TWO,0.636,0.0196,0.3444
SPADES EIGHT HEARTS QUEEN,0.384,0.0108,0.6052
CLUBS SEVEN HEARTS TWO,0.6396,0.0182,0.3422
CLUBS SEVEN DIAMONDS QUEEN,0.3966,0.0134,0.59
CLUBS SIX DIAMONDS QUEEN,0.4026,0.0108,0.5866
CLUBS SIX HEARTS TWO,0.6298,0.0254,0.3448
SPADES EIGHT HEARTS KING,0.3916,0.0076,0.6008
DIAMONDS QUEEN SPADES SIX,0.388,0.0126,0.5994
HEARTS TWO SPADES SIX,0.6316,0.0214,0.347
HEARTS FOUR CLUBS QUEEN,0.407,0.0146,0.5784
DIAMONDS ACE CLUBS QUEEN,0.354,0.004,0.642
DIAMONDS QUEEN SPADES SEVEN,0.4018,0.0094,0.5888
SPADES SEVEN HEARTS TWO,0.651,0.0226,0.3264
HEARTS FOUR CLUBS KING,0.4116,0.0096,0.5788
DIAMONDS ACE CLUBS KING,0.3642,0.0046,0.6312
SPADES EIGHT DIAMONDS QUEEN,0.3842,0.009,0.6068
SPADES EIGHT HEARTS TWO,0.6362,0.0226,0.3412
HEARTS FOUR CLUBS ACE,0.3994,0.0056,0.595
DIAMONDS ACE CLUBS ACE,0.1622,0.0018,0.836
SPADES NINE DIAMONDS QUEEN,0.3924,0.011,0.5966
SPADES NINE HEARTS TWO,0.6424,0.0194,0.3382
HEARTS TWO SPADES TWO,0.433,0.05,0.517
DIAMONDS QUEEN SPADES TWO,0.4156,0.0132,0.5712
HEARTS TWO SPADES FOUR,0.6226,0.0188,0.3586
DIAMONDS QUEEN SPADES FOUR,0.3788,0.013,0.6082
HEARTS FOUR CLUBS TEN,0.6134,0.018,0.3686
DIAMONDS ACE CLUBS TEN,0.3868,0.0024,0.6108
HEARTS TWO SPADES FIVE,0.6246,0.0222,0.3532
DIAMONDS QUEEN SPADES FIVE,0.3778,0.0098,0.6124
HEARTS FOUR CLUBS JACK,0.2668,0.4852,0.248
DIAMONDS ACE CLUBS JACK,0.269,0.0204,0.7106
CLUBS FIVE CLUBS KING,0.3658,0.009,0.6252
CLUBS FIVE CLUBS QUEEN,0.3702,0.0132,0.6166
CLUBS FIVE CLUBS ACE,0.3702,0.006,0.6238
CLUBS FIVE CLUBS JACK,0.2434,0.4114,0.3452
CLUBS FIVE CLUBS TEN,0.5746,0.0172,0.4082
SPADES KING CLUBS JACK,0.2552,0.0382,0.7066
SPADES QUEEN CLUBS JACK,0.2618,0.0456,0.6926
SPADES ACE CLUBS JACK,0.2386,0.0218,0.7396
SPADES SIX CLUBS KING,0.3992,0.0058,0.595
SPADES SIX CLUBS QUEEN,0.3852,0.0116,0.6032
SPADES EIGHT HEARTS JACK,0.2684,0.2154,0.5162
SPADES SIX CLUBS ACE,0.3962,0.005,0.5988
SPADES EIGHT HEARTS TEN,0.5648,0.018,0.4172
SPADES SIX CLUBS JACK,0.2618,0.3712,0.367
SPADES SIX CLUBS TEN,0.5998,0.0192,0.381
SPADES TEN CLUBS JACK,0.2594,0.1226,0.618
SPADES QUEEN CLUBS SEVEN,0.3992,0.0116,0.5892
SPADES KING CLUBS SEVEN,0.3958,0.0068,0.5974
SPADES ACE CLUBS SEVEN,0.3804,0.0054,0.6142
SPADES SIX HEARTS TEN,0.6094,0.0196,0.371
SPADES SIX HEARTS JACK,0.2566,0.3718,0.3716
SPADES SIX HEARTS ACE,0.3908,0.0046,0.6046
SPADES SIX HEARTS KING,0.3978,0.009,0.5932
SPADES SIX HEARTS QUEEN,0.4014,0.013,0.5856
SPADES TEN CLUBS SEVEN,0.5728,0.0174,0.4098
HEARTS SIX CLUBS TEN,0.5952,0.0162,0.3886
HEARTS SIX CLUBS JACK,0.2782,0.3586,0.3632
CLUBS ACE CLUBS JACK,0.242,0.0202,0.7378
HEARTS SIX CLUBS QUEEN,0.3976,0.012,0.5904
HEARTS SIX CLUBS KING,0.3978,0.0094,0.5928
HEARTS SIX CLUBS ACE,0.4024,0.005,0.5926
CLUBS QUEEN CLUBS JACK,0.26,0.041,0.699
CLUBS KING CLUBS JACK,0.2734,0.0288,0.6978
DIAMONDS THREE HEARTS ACE,0.2842,0.0182,0.6976
DIAMONDS THREE HEARTS QUEEN,0.292,0.039,0.669
DIAMONDS THREE HEARTS KING,0.2828,0.0342,0.683
CLUBS FIVE HEARTS JACK,0.2568,0.437,0.3062
HEARTS FOUR SPADES TEN,0.6074,0.0212,0.3714
SPADES TEN DIAMONDS ACE,0.3778,0.0042,0.618
CLUBS FIVE HEARTS TEN,0.613,0.0188,0.3682
SPADES ACE HEARTS FOUR,0.3784,0.005,0.6166
SPADES ACE DIAMONDS ACE,0.1592,0.0056,0.8352
CLUBS FIVE HEARTS ACE,0.38,0.0048,0.6152
CLUBS FIVE HEARTS KING,0.3982,0.0062,0.5956
HEARTS FOUR SPADES QUEEN,0.3886,0.0136,0.5978
SPADES QUEEN DIAMONDS ACE,0.339,0.0052,0.6558
SPADES FOUR CLUBS JACK,0.2534,0.4896,0.257
CLUBS FIVE HEARTS QUEEN,0.3862,0.0104,0.6034
SPADES KING DIAMONDS ACE,0.3482,0.0062,0.6456
HEARTS FOUR SPADES KING,0.3848,0.0078,0.6074
SPADES FOUR CLUBS TEN,0.6018,0.0176,0.3806
DIAMONDS QUEEN DIAMONDS ACE,0.3438,0.0038,0.6524
HEARTS TWO DIAMONDS ACE,0.413,0.0048,0.5822
HEARTS FOUR DIAMONDS QUEEN,0.3906,0.0124,0.597
HEARTS FOUR HEARTS TWO,0.5936,0.0214,0.385
DIAMONDS THREE HEARTS TEN,0.7184,0.0528,0.2288
SPADES FOUR CLUBS KING,0.3908,0.008,0.6012
HEARTS FIVE DIAMONDS QUEEN,0.3968,0.0104,0.5928
HEARTS FIVE HEARTS TWO,0.5834,0.0214,0.3952
DIAMONDS THREE HEARTS JACK,0.0674,0.9132,0.0194
SPADES FOUR CLUBS QUEEN,0.3946,0.0136,0.5918
DIAMONDS QUEEN HEARTS TWO,0.4346,0.0142,0.5512
DIAMONDS KING DIAMONDS QUEEN,0.3396,0.0064,0.654
DIAMONDS KING HEARTS TWO,0.418,0.008,0.574
HEARTS THREE DIAMONDS QUEEN,0.275,0.0416,0.6834
HEARTS THREE HEARTS TWO,0.6538,0.0624,0.2838
SPADES FOUR CLUBS ACE,0.376,0.0048,0.6192
HEARTS TWO CLUBS ACE,0.4232,0.004,0.5728
DIAMONDS QUEEN CLUBS ACE,0.3564,0.0038,0.6398
HEARTS TWO CLUBS QUEEN,0.4268,0.0128,0.5604
DIAMONDS QUEEN CLUBS QUEEN,0.1856,0.0078,0.8066
HEARTS TWO CLUBS KING,0.44,0.0104,0.5496
DIAMONDS QUEEN CLUBS KING,0.3642,0.008,0.6278
SPADES EIGHT SPADES FIVE,0.5826,0.0192,0.3982
HEARTS TWO CLUBS TEN,0.6466,0.019,0.3344
DIAMONDS QUEEN CLUBS TEN,0.3758,0.0106,0.6136
SPADES NINE SPADES FIVE,0.5836,0.018,0.3984
HEARTS TWO CLUBS JACK,0.3038,0.4884,0.2078
DIAMONDS QUEEN CLUBS JACK,0.2706,0.0422,0.6872
SPADES SIX SPADES FIVE,0.5616,0.0222,0.4162
SPADES SEVEN SPADES FIVE,0.5792,0.0254,0.3954
DIAMONDS FIVE CLUBS QUEEN,0.3938,0.0128,0.5934
SPADES EIGHT CLUBS ACE,0.3798,0.0058,0.6144
CLUBS KING DIAMONDS FIVE,0.4078,0.007,0.5852
SPADES EIGHT CLUBS KING,0.3826,0.0072,0.6102
CLUBS ACE DIAMONDS FIVE,0.3832,0.0038,0.613
SPADES EIGHT CLUBS QUEEN,0.3722,0.0108,0.617
SPADES EIGHT CLUBS JACK,0.2506,0.2034,0.546
SPADES EIGHT CLUBS TEN,0.5666,0.0172,0.4162
DIAMONDS FIVE CLUBS TEN,0.6108,0.018,0.3712
DIAMONDS FIVE CLUBS JACK,0.2716,0.426,0.3024
HEARTS JACK DIAMONDS TEN,0.2628,0.123,0.6142
DIAMONDS TEN HEARTS TEN,0.305,0.0238,0.6712
SPADES ACE CLUBS NINE,0.3818,0.006,0.6122
CLUBS NINE SPADES QUEEN,0.3702,0.0144,0.6154
SPADES KING CLUBS NINE,0.3886,0.0076,0.6038
HEARTS SIX HEARTS KING,0.377,0.0072,0.6158
DIAMONDS KING SPADES SEVEN,0.381,0.0064,0.6126
HEARTS THREE SPADES SEVEN,0.6882,0.0582,0.2536
SPADES KING DIAMONDS SEVEN,0.3852,0.0058,0.609
HEARTS SIX HEARTS QUEEN,0.3792,0.0102,0.6106
DIAMONDS KING SPADES SIX,0.3918,0.0094,0.5988
HEARTS THREE SPADES SIX,0.6962,0.0538,0.25
SPADES QUEEN DIAMONDS SEVEN,0.391,0.0118,0.5972
SPADES NINE DIAMONDS KING,0.3854,0.0094,0.6052
HEARTS THREE SPADES NINE,0.7124,0.0608,0.2268
HEARTS SIX HEARTS ACE,0.3902,0.005,0.6048
DIAMONDS KING SPADES EIGHT,0.3874,0.0096,0.603
