opposingHand,winningChance,drawChance,lostChance
SPADES TEN SPADES FOUR
SPADES JACK HEARTS FIVE,0.3772,0.0218,0.601
SPADES FIVE CLUBS JACK,0.3904,0.021,0.5886
SPADES FIVE CLUBS TEN,0.2516,0.444,0.3044
CLUBS EIGHT CLUBS JACK,0.3528,0.0162,0.631
CLUBS EIGHT CLUBS TEN,0.2614,0.1996,0.539
CLUBS EIGHT CLUBS KING,0.3892,0.0074,0.6034
SPADES FIVE CLUBS ACE,0.3908,0.0064,0.6028
CLUBS EIGHT CLUBS QUEEN,0.366,0.0092,0.6248
SPADES FIVE CLUBS KING,0.3788,0.0102,0.611
SPADES FIVE CLUBS QUEEN,0.3914,0.0154,0.5932
CLUBS EIGHT CLUBS ACE,0.3776,0.0054,0.617
DIAMONDS TWO DIAMONDS THREE,0.6012,0.0254,0.3734
DIAMONDS TWO DIAMONDS FIVE,0.5894,0.0224,0.3882
SPADES KING HEARTS FIVE,0.4022,0.0072,0.5906
DIAMONDS TWO DIAMONDS FOUR,0.6316,0.078,0.2904
SPADES QUEEN HEARTS FIVE,0.38,0.0126,0.6074
DIAMONDS TWO DIAMONDS SEVEN,0.5958,0.028,0.3762
DIAMONDS TWO DIAMONDS SIX,0.5922,0.0284,0.3794
SPADES ACE HEARTS FIVE,0.3904,0.004,0.6056
DIAMONDS TWO DIAMONDS NINE,0.5918,0.0278,0.3804
DIAMONDS TWO DIAMONDS EIGHT,0.6068,0.0232,0.37
DIAMONDS THREE DIAMONDS FOUR,0.6162,0.0768,0.307
DIAMONDS THREE DIAMONDS FIVE,0.579,0.0278,0.3932
CLUBS TWO SPADES FIVE,0.6052,0.031,0.3638
CLUBS TWO SPADES TWO,0.4216,0.0666,0.5118
CLUBS TWO SPADES THREE,0.6402,0.0346,0.3252
DIAMONDS THREE DIAMONDS EIGHT,0.6032,0.0256,0.3712
SPADES EIGHT CLUBS TWO,0.6416,0.0294,0.329
DIAMONDS THREE DIAMONDS NINE,0.6038,0.0268,0.3694
SPADES NINE CLUBS TWO,0.6412,0.028,0.3308
DIAMONDS THREE DIAMONDS SIX,0.5832,0.0238,0.393
CLUBS TWO SPADES SIX,0.6278,0.0302,0.342
DIAMONDS THREE DIAMONDS SEVEN,0.601,0.0262,0.3728
SPADES SEVEN CLUBS TWO,0.6472,0.0288,0.324
CLUBS SIX CLUBS TWO,0.586,0.028,0.386
CLUBS SEVEN CLUBS TWO,0.605,0.0262,0.3688
CLUBS FOUR CLUBS TWO,0.6238,0.0834,0.2928
CLUBS FIVE CLUBS TWO,0.5904,0.0254,0.3842
CLUBS JACK CLUBS TEN,0.2656,0.0492,0.6852
DIAMONDS FOUR DIAMONDS SIX,0.6142,0.07,0.3158
CLUBS QUEEN CLUBS TEN,0.2552,0.0402,0.7046
DIAMONDS FOUR DIAMONDS SEVEN,0.636,0.0716,0.2924
CLUBS KING CLUBS TEN,0.2716,0.0304,0.698
CLUBS ACE CLUBS TEN,0.2544,0.0234,0.7222
CLUBS EIGHT CLUBS TWO,0.599,0.0288,0.3722
DIAMONDS FIVE DIAMONDS FOUR,0.6048,0.079,0.3162
CLUBS NINE CLUBS TWO,0.5972,0.0284,0.3744
DIAMONDS NINE DIAMONDS FOUR,0.6634,0.0702,0.2664
DIAMONDS EIGHT DIAMONDS FOUR,0.6382,0.0768,0.285
CLUBS TWO CLUBS THREE,0.6036,0.0274,0.369
DIAMONDS NINE DIAMONDS FIVE,0.5638,0.0274,0.4088
DIAMONDS TWO CLUBS JACK,0.425,0.017,0.558
DIAMONDS EIGHT DIAMONDS FIVE,0.5664,0.0248,0.4088
DIAMONDS TWO CLUBS TEN,0.3258,0.4778,0.1964
DIAMONDS FIVE DIAMONDS SEVEN,0.5466,0.027,0.4264
DIAMONDS FIVE DIAMONDS SIX,0.5444,0.0236,0.432
DIAMONDS TWO CLUBS ACE,0.4352,0.0064,0.5584
DIAMONDS TWO CLUBS KING,0.4314,0.009,0.5596
DIAMONDS TWO CLUBS QUEEN,0.427,0.0142,0.5588
DIAMONDS EIGHT DIAMONDS SIX,0.5624,0.025,0.4126
DIAMONDS NINE DIAMONDS SIX,0.5452,0.0238,0.431
SPADES THREE HEARTS ACE,0.4264,0.0062,0.5674
HEARTS KING SPADES THREE,0.4306,0.0086,0.5608
DIAMONDS SEVEN DIAMONDS SIX,0.5272,0.0272,0.4456
SPADES THREE HEARTS QUEEN,0.4326,0.012,0.5554
SPADES THREE HEARTS JACK,0.415,0.0204,0.5646
SPADES THREE HEARTS TEN,0.3114,0.4828,0.2058
DIAMONDS EIGHT DIAMONDS SEVEN,0.5302,0.0238,0.446
DIAMONDS NINE DIAMONDS SEVEN,0.5246,0.0242,0.4512
DIAMONDS NINE DIAMONDS EIGHT,0.5154,0.0246,0.46
DIAMONDS KING HEARTS TEN,0.2748,0.0306,0.6946
HEARTS THREE HEARTS TEN,0.2966,0.4538,0.2496
CLUBS SIX SPADES JACK,0.3904,0.0164,0.5932
DIAMONDS KING HEARTS JACK,0.3502,0.0064,0.6434
HEARTS THREE HEARTS JACK,0.4024,0.0182,0.5794
SPADES JACK SPADES FIVE,0.3398,0.0188,0.6414
DIAMONDS KING HEARTS ACE,0.3628,0.0052,0.632
HEARTS THREE HEARTS ACE,0.3834,0.0058,0.6108
SPADES ACE CLUBS SIX,0.383,0.0052,0.6118
DIAMONDS KING HEARTS QUEEN,0.3676,0.0072,0.6252
HEARTS THREE HEARTS QUEEN,0.4094,0.011,0.5796
SPADES KING CLUBS SIX,0.3838,0.0088,0.6074
DIAMONDS KING HEARTS KING,0.186,0.0082,0.8058
HEARTS THREE HEARTS KING,0.4068,0.0082,0.585
SPADES QUEEN CLUBS SIX,0.3794,0.0088,0.6118
SPADES NINE HEARTS TEN,0.2594,0.1694,0.5712
SPADES NINE HEARTS JACK,0.3612,0.0144,0.6244
SPADES QUEEN SPADES FIVE,0.351,0.0138,0.6352
SPADES KING SPADES FIVE,0.3356,0.0076,0.6568
SPADES ACE SPADES FIVE,0.3342,0.0058,0.66
SPADES NINE HEARTS QUEEN,0.3782,0.014,0.6078
SPADES NINE HEARTS KING,0.3828,0.0072,0.61
SPADES NINE HEARTS ACE,0.3864,0.0042,0.6094
SPADES JACK CLUBS TEN,0.264,0.048,0.688
SPADES ACE CLUBS TEN,0.2518,0.023,0.7252
SPADES KING CLUBS TEN,0.255,0.0324,0.7126
SPADES QUEEN CLUBS TEN,0.2596,0.0504,0.69
SPADES FIVE HEARTS QUEEN,0.4022,0.0126,0.5852
SPADES FIVE HEARTS KING,0.3872,0.0074,0.6054
SPADES FIVE HEARTS ACE,0.3932,0.0054,0.6014
HEARTS THREE SPADES JACK,0.4054,0.018,0.5766
SPADES JACK DIAMONDS KING,0.352,0.0064,0.6416
CLUBS EIGHT SPADES JACK,0.3746,0.0154,0.61
SPADES ACE CLUBS EIGHT,0.3788,0.0042,0.617
HEARTS FIVE CLUBS JACK,0.3998,0.015,0.5852
CLUBS SIX HEARTS ACE,0.399,0.0026,0.5984
HEARTS FIVE CLUBS TEN,0.2794,0.4368,0.2838
CLUBS EIGHT SPADES QUEEN,0.3838,0.0088,0.6074
SPADES THREE CLUBS TEN,0.2998,0.4834,0.2168
CLUBS SIX HEARTS QUEEN,0.3886,0.0124,0.599
CLUBS EIGHT SPADES KING,0.402,0.0086,0.5894
SPADES THREE CLUBS JACK,0.4216,0.0162,0.5622
CLUBS SIX HEARTS KING,0.4052,0.0066,0.5882
DIAMONDS TWO HEARTS JACK,0.4406,0.0202,0.5392
SPADES THREE CLUBS QUEEN,0.4252,0.0138,0.561
DIAMONDS TWO HEARTS TEN,0.3198,0.4798,0.2004
SPADES THREE CLUBS KING,0.4278,0.0076,0.5646
HEARTS FIVE CLUBS ACE,0.398,0.0038,0.5982
SPADES FIVE HEARTS TEN,0.2646,0.4386,0.2968
SPADES THREE CLUBS ACE,0.4286,0.0058,0.5656
HEARTS FIVE CLUBS KING,0.3952,0.0078,0.597
SPADES FIVE HEARTS JACK,0.3922,0.0182,0.5896
HEARTS FIVE CLUBS QUEEN,0.4042,0.0126,0.5832
HEARTS THREE CLUBS KING,0.4286,0.0084,0.563
DIAMONDS KING CLUBS KING,0.1754,0.0084,0.8162
HEARTS THREE CLUBS QUEEN,0.4358,0.0092,0.555
DIAMONDS KING CLUBS QUEEN,0.3566,0.008,0.6354
HEARTS FIVE HEARTS JACK,0.3746,0.0162,0.6092
HEARTS FIVE HEARTS TEN,0.2548,0.4064,0.3388
HEARTS THREE CLUBS ACE,0.4252,0.0048,0.57
DIAMONDS KING CLUBS ACE,0.3922,0.0036,0.6042
SPADES ACE CLUBS QUEEN,0.3534,0.005,0.6416
SPADES KING CLUBS QUEEN,0.3432,0.0076,0.6492
HEARTS THREE CLUBS JACK,0.4276,0.0208,0.5516
DIAMONDS KING CLUBS JACK,0.3466,0.006,0.6474
SPADES QUEEN CLUBS QUEEN,0.1728,0.017,0.8102
HEARTS THREE CLUBS TEN,0.3044,0.491,0.2046
DIAMONDS KING CLUBS TEN,0.279,0.0342,0.6868
SPADES JACK CLUBS QUEEN,0.335,0.0118,0.6532
CLUBS SIX CLUBS QUEEN,0.372,0.0118,0.6162
CLUBS SIX CLUBS KING,0.3748,0.0098,0.6154
CLUBS SIX CLUBS ACE,0.376,0.0036,0.6204
HEARTS FIVE HEARTS KING,0.3838,0.0074,0.6088
HEARTS FIVE HEARTS QUEEN,0.3808,0.0104,0.6088
CLUBS SIX CLUBS TEN,0.247,0.3222,0.4308
HEARTS FIVE HEARTS ACE,0.3766,0.007,0.6164
CLUBS SIX CLUBS JACK,0.3916,0.017,0.5914
SPADES SEVEN HEARTS JACK,0.391,0.0182,0.5908
SPADES SEVEN HEARTS TEN,0.2488,0.2936,0.4576
DIAMONDS TWO CLUBS TWO,0.424,0.0672,0.5088
DIAMONDS TWO CLUBS THREE,0.635,0.0308,0.3342
HEARTS SIX DIAMONDS TWO,0.6354,0.0308,0.3338
DIAMONDS TWO HEARTS QUEEN,0.4254,0.011,0.5636
DIAMONDS TWO HEARTS SEVEN,0.6428,0.0252,0.332
DIAMONDS TWO HEARTS KING,0.4246,0.008,0.5674
DIAMONDS TWO HEARTS EIGHT,0.6364,0.0284,0.3352
DIAMONDS TWO HEARTS ACE,0.4242,0.0066,0.5692
DIAMONDS TWO HEARTS NINE,0.6398,0.029,0.3312
DIAMONDS TWO DIAMONDS QUEEN,0.3984,0.0134,0.5882
DIAMONDS TWO HEARTS TWO,0.4362,0.0722,0.4916
DIAMONDS TWO DIAMONDS KING,0.4144,0.012,0.5736
HEARTS THREE DIAMONDS TWO,0.6452,0.03,0.3248
DIAMONDS TWO DIAMONDS ACE,0.3952,0.0056,0.5992
HEARTS FOUR DIAMONDS TWO,0.6678,0.084,0.2482
DIAMONDS TWO HEARTS FIVE,0.6264,0.03,0.3436
SPADES SEVEN HEARTS ACE,0.381,0.0046,0.6144
DIAMONDS TWO DIAMONDS TEN,0.302,0.4484,0.2496
SPADES SEVEN HEARTS KING,0.3928,0.007,0.6002
DIAMONDS TWO DIAMONDS JACK,0.4028,0.0206,0.5766
SPADES SEVEN HEARTS QUEEN,0.3994,0.011,0.5896
DIAMONDS TWO SPADES NINE,0.6298,0.0324,0.3378
DIAMONDS TWO SPADES EIGHT,0.6424,0.0268,0.3308
DIAMONDS TWO SPADES SEVEN,0.6486,0.0294,0.322
DIAMONDS TWO SPADES SIX,0.6238,0.0312,0.345
DIAMONDS TWO SPADES FIVE,0.6236,0.031,0.3454
DIAMONDS TWO SPADES THREE,0.6504,0.0284,0.3212
DIAMONDS TWO SPADES TWO,0.429,0.0684,0.5026
CLUBS NINE DIAMONDS TWO,0.6432,0.0252,0.3316
CLUBS EIGHT DIAMONDS TWO,0.647,0.0252,0.3278
DIAMONDS TWO CLUBS SEVEN,0.6448,0.0242,0.331
CLUBS SIX DIAMONDS TWO,0.6344,0.0256,0.34
DIAMONDS TWO CLUBS FIVE,0.626,0.0352,0.3388
DIAMONDS TWO CLUBS FOUR,0.6856,0.0806,0.2338
CLUBS FOUR SPADES FIVE,0.6444,0.0828,0.2728
CLUBS FOUR SPADES THREE,0.6556,0.0806,0.2638
CLUBS FOUR SPADES TWO,0.675,0.0878,0.2372
SPADES NINE CLUBS FOUR,0.7008,0.0706,0.2286
CLUBS FOUR SPADES EIGHT,0.6764,0.0776,0.246
CLUBS FOUR SPADES SEVEN,0.6748,0.0706,0.2546
CLUBS FOUR SPADES SIX,0.6684,0.0742,0.2574
SPADES ACE DIAMONDS SIX,0.404,0.004,0.592
SPADES QUEEN DIAMONDS SIX,0.3848,0.0116,0.6036
SPADES KING DIAMONDS SIX,0.3926,0.0088,0.5986
SPADES JACK DIAMONDS SIX,0.3832,0.0216,0.5952
SPADES QUEEN SPADES TWO,0.3994,0.0122,0.5884
SPADES KING SPADES TWO,0.3874,0.0088,0.6038
SPADES ACE SPADES TWO,0.3714,0.0062,0.6224
DIAMONDS JACK CLUBS JACK,0.1896,0.02,0.7904
DIAMONDS JACK CLUBS TEN,0.271,0.0534,0.6756
DIAMONDS JACK CLUBS KING,0.3536,0.0058,0.6406
DIAMONDS JACK CLUBS QUEEN,0.3508,0.0074,0.6418
DIAMONDS THREE DIAMONDS JACK,0.4102,0.0182,0.5716
DIAMONDS THREE DIAMONDS TEN,0.2982,0.4506,0.2512
DIAMONDS JACK CLUBS ACE,0.3644,0.0042,0.6314
DIAMONDS THREE DIAMONDS KING,0.4062,0.0094,0.5844
HEARTS THREE DIAMONDS THREE,0.4266,0.0666,0.5068
DIAMONDS THREE DIAMONDS QUEEN,0.412,0.0106,0.5774
DIAMONDS THREE HEARTS TWO,0.6522,0.032,0.3158
HEARTS FIVE DIAMONDS THREE,0.617,0.025,0.358
DIAMONDS THREE DIAMONDS ACE,0.407,0.0046,0.5884
HEARTS FOUR DIAMONDS THREE,0.6644,0.0756,0.26
DIAMONDS THREE HEARTS SEVEN,0.6304,0.0296,0.34
HEARTS SIX DIAMONDS THREE,0.6218,0.0252,0.353
SPADES JACK SPADES NINE,0.32,0.0192,0.6608
DIAMONDS THREE HEARTS NINE,0.6386,0.0256,0.3358
HEARTS JACK DIAMONDS FOUR,0.2756,0.0622,0.6622
HEARTS KING HEARTS ACE,0.3508,0.005,0.6442
DIAMONDS THREE HEARTS EIGHT,0.6306,0.0284,0.341
HEARTS TEN DIAMONDS FOUR,0.0708,0.9086,0.0206
SPADES JACK SPADES TWO,0.381,0.0206,0.5984
HEARTS QUEEN DIAMONDS FOUR,0.29,0.04,0.67
HEARTS KING DIAMONDS FOUR,0.2802,0.0356,0.6842
SPADES ACE SPADES NINE,0.3478,0.005,0.6472
HEARTS ACE DIAMONDS FOUR,0.296,0.0244,0.6796
SPADES KING SPADES NINE,0.3382,0.0078,0.654
SPADES QUEEN SPADES NINE,0.32,0.0144,0.6656
DIAMONDS THREE SPADES NINE,0.634,0.0276,0.3384
DIAMONDS THREE SPADES EIGHT,0.634,0.0318,0.3342
DIAMONDS THREE SPADES SEVEN,0.6314,0.0292,0.3394
DIAMONDS THREE SPADES SIX,0.6134,0.0324,0.3542
CLUBS SIX DIAMONDS THREE,0.6056,0.033,0.3614
CLUBS ACE DIAMONDS FOUR,0.2806,0.0254,0.694
CLUBS SIX CLUBS FIVE,0.534,0.0294,0.4366
CLUBS SEVEN CLUBS FIVE,0.5634,0.0188,0.4178
CLUBS SEVEN DIAMONDS THREE,0.6326,0.0268,0.3406
DIAMONDS THREE CLUBS FOUR,0.671,0.0812,0.2478
CLUBS QUEEN DIAMONDS FOUR,0.284,0.0432,0.6728
DIAMONDS THREE CLUBS FIVE,0.6118,0.0348,0.3534
CLUBS KING DIAMONDS FOUR,0.2904,0.0316,0.678
DIAMONDS THREE CLUBS TWO,0.6466,0.0318,0.3216
DIAMONDS FOUR CLUBS TEN,0.063,0.9182,0.0188
DIAMONDS THREE CLUBS THREE,0.4294,0.0608,0.5098
DIAMONDS FOUR CLUBS JACK,0.2866,0.0584,0.655
DIAMONDS THREE SPADES FIVE,0.6022,0.0276,0.3702
DIAMONDS THREE SPADES TWO,0.638,0.0312,0.3308
DIAMONDS THREE SPADES THREE,0.4178,0.0672,0.515
CLUBS EIGHT DIAMONDS THREE,0.6414,0.0264,0.3322
CLUBS NINE DIAMONDS THREE,0.6374,0.0296,0.333
SPADES SEVEN CLUBS ACE,0.4048,0.0038,0.5914
SPADES SEVEN CLUBS QUEEN,0.3978,0.0116,0.5906
SPADES SEVEN CLUBS KING,0.3936,0.0066,0.5998
CLUBS FIVE SPADES SEVEN,0.5846,0.0236,0.3918
SPADES SEVEN CLUBS TEN,0.2514,0.282,0.4666
CLUBS FIVE SPADES SIX,0.5744,0.0302,0.3954
SPADES SEVEN CLUBS JACK,0.3766,0.0164,0.607
SPADES NINE CLUBS FIVE,0.5974,0.0268,0.3758
SPADES EIGHT CLUBS FIVE,0.5736,0.0312,0.3952
CLUBS FIVE SPADES THREE,0.5972,0.0306,0.3722
CLUBS FIVE SPADES TWO,0.61,0.0304,0.3596
CLUBS FIVE SPADES FIVE,0.3378,0.064,0.5982
CLUBS NINE CLUBS FIVE,0.559,0.027,0.414
CLUBS EIGHT CLUBS FIVE,0.5584,0.0262,0.4154
CLUBS ACE CLUBS QUEEN,0.344,0.008,0.648
CLUBS KING CLUBS QUEEN,0.3528,0.0064,0.6408
DIAMONDS TEN DIAMONDS FOUR,0.0658,0.8604,0.0738
DIAMONDS NINE CLUBS TEN,0.2622,0.1566,0.5812
DIAMONDS JACK DIAMONDS FOUR,0.274,0.0614,0.6646
DIAMONDS NINE CLUBS JACK,0.3868,0.0184,0.5948
SPADES NINE CLUBS JACK,0.3658,0.0172,0.617
SPADES NINE CLUBS TEN,0.2612,0.162,0.5768
DIAMONDS ACE DIAMONDS FOUR,0.2802,0.0198,0.7
HEARTS FOUR DIAMONDS FOUR,0.33,0.0498,0.6202
DIAMONDS JACK HEARTS TEN,0.2814,0.0532,0.6654
SPADES NINE CLUBS KING,0.3864,0.0074,0.6062
DIAMONDS NINE CLUBS ACE,0.3988,0.004,0.5972
HEARTS FIVE DIAMONDS FOUR,0.6482,0.0722,0.2796
HEARTS JACK DIAMONDS JACK,0.1936,0.0202,0.7862
SPADES NINE CLUBS QUEEN,0.381,0.0116,0.6074
DIAMONDS TWO SPADES JACK,0.413,0.0196,0.5674
DIAMONDS QUEEN DIAMONDS FOUR,0.2722,0.0434,0.6844
HEARTS TWO DIAMONDS FOUR,0.682,0.076,0.242
DIAMONDS NINE CLUBS QUEEN,0.3838,0.0118,0.6044
DIAMONDS KING DIAMONDS FOUR,0.2676,0.0372,0.6952
HEARTS THREE DIAMONDS FOUR,0.6548,0.0834,0.2618
SPADES NINE CLUBS ACE,0.391,0.0044,0.6046
DIAMONDS NINE CLUBS KING,0.4042,0.0086,0.5872
HEARTS ACE DIAMONDS JACK,0.36,0.004,0.636
SPADES ACE DIAMONDS TWO,0.4098,0.0056,0.5846
DIAMONDS JACK HEARTS QUEEN,0.3494,0.0104,0.6402
SPADES QUEEN DIAMONDS TWO,0.424,0.0156,0.5604
HEARTS KING DIAMONDS JACK,0.3562,0.0066,0.6372
SPADES KING DIAMONDS TWO,0.4282,0.0098,0.562
SPADES JACK SPADES SEVEN,0.3414,0.019,0.6396
CLUBS SEVEN CLUBS THREE,0.5932,0.0288,0.378
CLUBS SIX CLUBS THREE,0.6026,0.0234,0.374
CLUBS FIVE CLUBS THREE,0.5708,0.0282,0.401
CLUBS FOUR CLUBS THREE,0.6144,0.0768,0.3088
CLUBS NINE CLUBS THREE,0.5914,0.0236,0.385
CLUBS EIGHT CLUBS THREE,0.592,0.0288,0.3792
CLUBS THREE SPADES FIVE,0.6148,0.028,0.3572
CLUBS THREE SPADES THREE,0.421,0.0722,0.5068
CLUBS THREE SPADES TWO,0.6404,0.032,0.3276
SPADES SIX CLUBS THREE,0.6204,0.025,0.3546
SPADES SEVEN CLUBS THREE,0.626,0.031,0.343
SPADES EIGHT CLUBS THREE,0.641,0.0284,0.3306
SPADES NINE CLUBS THREE,0.6248,0.0268,0.3484
SPADES TWO DIAMONDS FOUR,0.6698,0.086,0.2442
SPADES THREE DIAMONDS FOUR,0.6582,0.083,0.2588
SPADES FIVE DIAMONDS FOUR,0.6376,0.0788,0.2836
SPADES SIX DIAMONDS FOUR,0.6568,0.0738,0.2694
SPADES SEVEN DIAMONDS FOUR,0.6694,0.0768,0.2538
SPADES EIGHT DIAMONDS FOUR,0.684,0.0816,0.2344
SPADES NINE DIAMONDS FOUR,0.6984,0.079,0.2226
CLUBS FIVE DIAMONDS FOUR,0.6448,0.0822,0.273
CLUBS FOUR DIAMONDS FOUR,0.3298,0.055,0.6152
CLUBS SEVEN DIAMONDS FOUR,0.67,0.0708,0.2592
CLUBS SIX DIAMONDS FOUR,0.6604,0.0712,0.2684
CLUBS NINE DIAMONDS FOUR,0.7144,0.0724,0.2132
CLUBS EIGHT DIAMONDS FOUR,0.6894,0.0752,0.2354
DIAMONDS FOUR HEARTS SEVEN,0.6852,0.0728,0.242
HEARTS SIX DIAMONDS FOUR,0.6582,0.0738,0.268
HEARTS NINE DIAMONDS FOUR,0.698,0.0752,0.2268
DIAMONDS FOUR HEARTS EIGHT,0.6874,0.0754,0.2372
CLUBS THREE DIAMONDS FOUR,0.6508,0.0754,0.2738
CLUBS TWO DIAMONDS FOUR,0.6864,0.0774,0.2362
DIAMONDS TEN DIAMONDS FIVE,0.2522,0.4134,0.3344
DIAMONDS JACK DIAMONDS FIVE,0.3868,0.0202,0.593
DIAMONDS NINE HEARTS QUEEN,0.3778,0.0094,0.6128
HEARTS KING DIAMONDS NINE,0.3958,0.0076,0.5966
DIAMONDS NINE HEARTS ACE,0.4078,0.0038,0.5884
DIAMONDS NINE HEARTS TEN,0.266,0.1654,0.5686
DIAMONDS NINE HEARTS JACK,0.3784,0.0152,0.6064
CLUBS KING DIAMONDS SIX,0.415,0.0094,0.5756
CLUBS QUEEN DIAMONDS SIX,0.4054,0.0134,0.5812
CLUBS ACE DIAMONDS SIX,0.4112,0.0036,0.5852
SPADES KING DIAMONDS FOUR,0.261,0.0366,0.7024
SPADES ACE SPADES SEVEN,0.3378,0.0062,0.656
SPADES QUEEN DIAMONDS FOUR,0.2648,0.0476,0.6876
SPADES QUEEN SPADES SEVEN,0.3554,0.0094,0.6352
CLUBS JACK DIAMONDS SIX,0.4092,0.0156,0.5752
SPADES KING SPADES SEVEN,0.3572,0.0074,0.6354
SPADES ACE DIAMONDS FOUR,0.2724,0.0254,0.7022
CLUBS TEN DIAMONDS SIX,0.2622,0.3474,0.3904
CLUBS NINE CLUBS FOUR,0.6646,0.0772,0.2582
CLUBS EIGHT CLUBS FOUR,0.643,0.0748,0.2822
SPADES JACK DIAMONDS FOUR,0.2668,0.0618,0.6714
CLUBS FOUR CLUBS FIVE,0.6102,0.076,0.3138
CLUBS SEVEN CLUBS FOUR,0.6454,0.0688,0.2858
CLUBS SIX CLUBS FOUR,0.6176,0.0766,0.3058
CLUBS SEVEN SPADES EIGHT,0.5694,0.024,0.4066
CLUBS SEVEN SPADES NINE,0.5666,0.026,0.4074
CLUBS SEVEN SPADES SIX,0.561,0.0302,0.4088
CLUBS SEVEN SPADES SEVEN,0.3182,0.0548,0.627
CLUBS SEVEN SPADES FIVE,0.5762,0.0314,0.3924
CLUBS SEVEN SPADES THREE,0.624,0.0266,0.3494
CLUBS SEVEN SPADES TWO,0.6326,0.0316,0.3358
CLUBS NINE CLUBS SEVEN,0.5216,0.0244,0.454
CLUBS EIGHT CLUBS SEVEN,0.519,0.0242,0.4568
HEARTS SIX DIAMONDS FIVE,0.5808,0.0268,0.3924
DIAMONDS FIVE HEARTS SEVEN,0.5888,0.026,0.3852
DIAMONDS FIVE HEARTS EIGHT,0.5888,0.0302,0.381
HEARTS NINE DIAMONDS FIVE,0.5974,0.0308,0.3718
DIAMONDS QUEEN DIAMONDS FIVE,0.3778,0.0116,0.6106
HEARTS TWO DIAMONDS FIVE,0.6166,0.0292,0.3542
HEARTS KING HEARTS EIGHT,0.3752,0.0092,0.6156
DIAMONDS KING DIAMONDS FIVE,0.3796,0.0082,0.6122
HEARTS THREE DIAMONDS FIVE,0.6212,0.0282,0.3506
HEARTS QUEEN HEARTS EIGHT,0.371,0.0134,0.6156
DIAMONDS ACE DIAMONDS FIVE,0.3598,0.0044,0.6358
HEARTS FOUR DIAMONDS FIVE,0.6522,0.0772,0.2706
HEARTS FIVE DIAMONDS FIVE,0.3362,0.0576,0.6062
HEARTS ACE HEARTS EIGHT,0.3692,0.0042,0.6266
CLUBS FOUR DIAMONDS FIVE,0.638,0.0732,0.2888
CLUBS FIVE DIAMONDS FIVE,0.3376,0.0574,0.605
CLUBS SIX DIAMONDS FIVE,0.5922,0.0276,0.3802
CLUBS SEVEN DIAMONDS FIVE,0.586,0.0256,0.3884
CLUBS TWO DIAMONDS FIVE,0.6312,0.028,0.3408
CLUBS THREE DIAMONDS FIVE,0.607,0.0266,0.3664
SPADES THREE DIAMONDS FIVE,0.6216,0.0276,0.3508
SPADES TWO DIAMONDS FIVE,0.6134,0.029,0.3576
SPADES JACK DIAMONDS EIGHT,0.374,0.016,0.61
SPADES FIVE DIAMONDS FIVE,0.3154,0.0662,0.6184
HEARTS JACK CLUBS TEN,0.28,0.0538,0.6662
HEARTS JACK CLUBS JACK,0.1912,0.0232,0.7856
HEARTS JACK CLUBS QUEEN,0.353,0.0078,0.6392
CLUBS NINE DIAMONDS FIVE,0.5964,0.026,0.3776
HEARTS JACK CLUBS KING,0.3644,0.0062,0.6294
CLUBS EIGHT DIAMONDS FIVE,0.589,0.0266,0.3844
HEARTS JACK CLUBS ACE,0.361,0.0046,0.6344
SPADES SEVEN DIAMONDS FIVE,0.5792,0.0272,0.3936
SPADES KING DIAMONDS EIGHT,0.3792,0.0084,0.6124
SPADES SIX DIAMONDS FIVE,0.5704,0.0278,0.4018
SPADES QUEEN DIAMONDS EIGHT,0.3674,0.0116,0.621
SPADES NINE DIAMONDS FIVE,0.5888,0.0262,0.385
SPADES EIGHT DIAMONDS FIVE,0.5782,0.0292,0.3926
SPADES ACE DIAMONDS EIGHT,0.385,0.0036,0.6114
DIAMONDS TEN DIAMONDS SIX,0.2534,0.3328,0.4138
HEARTS ACE DIAMONDS SEVEN,0.4132,0.0036,0.5832
DIAMONDS JACK DIAMONDS SIX,0.3886,0.0182,0.5932
HEARTS QUEEN DIAMONDS SEVEN,0.4148,0.0122,0.573
HEARTS KING DIAMONDS SEVEN,0.3948,0.008,0.5972
DIAMONDS ACE DIAMONDS SIX,0.3734,0.006,0.6206
HEARTS FOUR DIAMONDS SIX,0.663,0.0798,0.2572
SPADES TWO HEARTS JACK,0.4168,0.0176,0.5656
HEARTS FIVE DIAMONDS SIX,0.5914,0.0268,0.3818
SPADES TWO HEARTS TEN,0.299,0.4862,0.2148
DIAMONDS QUEEN DIAMONDS SIX,0.3804,0.01,0.6096
HEARTS TWO DIAMONDS SIX,0.6328,0.0312,0.336
DIAMONDS KING DIAMONDS SIX,0.388,0.0084,0.6036
HEARTS THREE DIAMONDS SIX,0.6274,0.0268,0.3458
HEARTS EIGHT DIAMONDS SIX,0.5828,0.024,0.3932
HEARTS NINE DIAMONDS SIX,0.584,0.0248,0.3912
HEARTS SIX DIAMONDS SIX,0.3274,0.0574,0.6152
HEARTS SEVEN DIAMONDS SIX,0.5534,0.024,0.4226
HEARTS TEN DIAMONDS SEVEN,0.2766,0.2714,0.452
CLUBS TWO DIAMONDS SIX,0.6236,0.0256,0.3508
HEARTS JACK DIAMONDS SEVEN,0.396,0.0164,0.5876
CLUBS THREE DIAMONDS SIX,0.6252,0.0228,0.352
DIAMONDS EIGHT CLUBS JACK,0.3808,0.0122,0.607
CLUBS SEVEN DIAMONDS SIX,0.5718,0.0278,0.4004
CLUBS SIX DIAMONDS SIX,0.3382,0.0586,0.6032
DIAMONDS EIGHT CLUBS TEN,0.2714,0.2052,0.5234
CLUBS FIVE DIAMONDS SIX,0.59,0.0296,0.3804
CLUBS FOUR DIAMONDS SIX,0.6736,0.0736,0.2528
HEARTS ACE HEARTS JACK,0.3364,0.0066,0.657
DIAMONDS EIGHT CLUBS ACE,0.401,0.005,0.594
HEARTS JACK HEARTS QUEEN,0.3414,0.0102,0.6484
DIAMONDS EIGHT CLUBS KING,0.3996,0.008,0.5924
CLUBS NINE DIAMONDS SIX,0.5824,0.0254,0.3922
HEARTS KING HEARTS JACK,0.34,0.007,0.653
DIAMONDS EIGHT CLUBS QUEEN,0.3932,0.0084,0.5984
CLUBS EIGHT DIAMONDS SIX,0.5862,0.0284,0.3854
SPADES FIVE DIAMONDS SIX,0.5736,0.0318,0.3946
HEARTS ACE SPADES TWO,0.4114,0.0054,0.5832
SPADES JACK HEARTS KING,0.3448,0.0068,0.6484
SPADES THREE DIAMONDS SIX,0.6038,0.0268,0.3694
SPADES TWO HEARTS QUEEN,0.4232,0.0138,0.563
SPADES ACE SPADES KING,0.3104,0.0052,0.6844
HEARTS KING SPADES TWO,0.425,0.006,0.569
SPADES TWO DIAMONDS SIX,0.6334,0.0262,0.3404
HEARTS TEN HEARTS EIGHT,0.2684,0.209,0.5226
SPADES NINE DIAMONDS SIX,0.5768,0.0254,0.3978
HEARTS JACK HEARTS EIGHT,0.364,0.0146,0.6214
SPADES EIGHT DIAMONDS SIX,0.5736,0.0266,0.3998
SPADES SEVEN DIAMONDS SIX,0.5584,0.0282,0.4134
SPADES SIX DIAMONDS SIX,0.3256,0.0566,0.6178
SPADES KING HEARTS KING,0.1712,0.0082,0.8206
SPADES QUEEN HEARTS KING,0.3386,0.0076,0.6538
CLUBS ACE CLUBS KING,0.3488,0.0052,0.646
SPADES ACE HEARTS KING,0.3512,0.0066,0.6422
SPADES ACE HEARTS JACK,0.3476,0.004,0.6484
SPADES QUEEN HEARTS JACK,0.3296,0.0094,0.661
SPADES KING HEARTS JACK,0.3262,0.0072,0.6666
SPADES JACK DIAMONDS TEN,0.2642,0.0562,0.6796
SPADES ACE DIAMONDS TEN,0.2686,0.0228,0.7086
SPADES JACK HEARTS JACK,0.1842,0.0278,0.788
SPADES QUEEN DIAMONDS TEN,0.2564,0.0492,0.6944
SPADES KING DIAMONDS TEN,0.2518,0.0368,0.7114
SPADES NINE DIAMONDS SEVEN,0.5612,0.027,0.4118
SPADES EIGHT DIAMONDS SEVEN,0.5626,0.0274,0.41
SPADES SEVEN DIAMONDS SEVEN,0.3242,0.053,0.6228
SPADES SIX DIAMONDS SEVEN,0.5718,0.0288,0.3994
DIAMONDS KING DIAMONDS SEVEN,0.374,0.007,0.619
HEARTS THREE DIAMONDS SEVEN,0.6258,0.0252,0.349
HEARTS KING DIAMONDS FIVE,0.4038,0.008,0.5882
DIAMONDS QUEEN DIAMONDS SEVEN,0.3848,0.011,0.6042
HEARTS TWO DIAMONDS SEVEN,0.6452,0.0288,0.326
HEARTS QUEEN DIAMONDS FIVE,0.4114,0.0102,0.5784
HEARTS FIVE DIAMONDS SEVEN,0.5864,0.0278,0.3858
DIAMONDS ACE DIAMONDS SEVEN,0.3894,0.0044,0.6062
HEARTS FOUR DIAMONDS SEVEN,0.678,0.0714,0.2506
HEARTS ACE DIAMONDS FIVE,0.3992,0.0046,0.5962
HEARTS SEVEN DIAMONDS SEVEN,0.3202,0.0548,0.625
HEARTS SIX DIAMONDS SEVEN,0.5744,0.0244,0.4012
HEARTS NINE DIAMONDS SEVEN,0.5734,0.0238,0.4028
DIAMONDS SEVEN HEARTS EIGHT,0.5618,0.0254,0.4128
DIAMONDS JACK DIAMONDS SEVEN,0.371,0.013,0.616
HEARTS JACK DIAMONDS FIVE,0.4016,0.0186,0.5798
DIAMONDS TEN DIAMONDS SEVEN,0.2478,0.2592,0.493
DIAMONDS FIVE HEARTS TEN,0.2666,0.4446,0.2888
SPADES KING CLUBS TWO,0.4182,0.0086,0.5732
HEARTS KING CLUBS KING,0.1826,0.0096,0.8078
CLUBS EIGHT DIAMONDS SEVEN,0.5724,0.0224,0.4052
SPADES QUEEN CLUBS TWO,0.4178,0.0136,0.5686
HEARTS KING CLUBS QUEEN,0.3632,0.0066,0.6302
CLUBS NINE DIAMONDS SEVEN,0.557,0.0254,0.4176
SPADES TWO CLUBS JACK,0.4178,0.0196,0.5626
SPADES ACE CLUBS TWO,0.4136,0.0066,0.5798
SPADES TWO CLUBS TEN,0.3038,0.4878,0.2084
HEARTS KING CLUBS ACE,0.371,0.0026,0.6264
CLUBS SIX CLUBS SEVEN,0.5318,0.0242,0.444
SPADES TWO CLUBS KING,0.4324,0.0084,0.5592
SPADES TWO DIAMONDS SEVEN,0.6336,0.0272,0.3392
CLUBS EIGHT CLUBS SIX,0.5394,0.026,0.4346
SPADES THREE DIAMONDS SEVEN,0.619,0.0302,0.3508
SPADES TWO CLUBS QUEEN,0.4224,0.0136,0.564
CLUBS NINE CLUBS SIX,0.55,0.0252,0.4248
HEARTS KING CLUBS JACK,0.365,0.0066,0.6284
SPADES FIVE DIAMONDS SEVEN,0.5902,0.0296,0.3802
SPADES TWO CLUBS ACE,0.408,0.0032,0.5888
HEARTS KING CLUBS TEN,0.276,0.0344,0.6896
CLUBS SIX SPADES TWO,0.6306,0.034,0.3354
CLUBS SIX SPADES THREE,0.6198,0.0278,0.3524
CLUBS TWO DIAMONDS SEVEN,0.6526,0.0262,0.3212
CLUBS THREE DIAMONDS SEVEN,0.6322,0.0278,0.34
CLUBS SIX SPADES FIVE,0.5748,0.028,0.3972
CLUBS FOUR DIAMONDS SEVEN,0.6794,0.0714,0.2492
CLUBS SIX SPADES SIX,0.3362,0.0596,0.6042
CLUBS FIVE DIAMONDS SEVEN,0.585,0.0246,0.3904
CLUBS SIX SPADES SEVEN,0.558,0.0264,0.4156
CLUBS SIX DIAMONDS SEVEN,0.5696,0.0268,0.4036
CLUBS SIX SPADES EIGHT,0.5706,0.0268,0.4026
SPADES JACK CLUBS TWO,0.412,0.0208,0.5672
CLUBS SIX SPADES NINE,0.5796,0.0262,0.3942
CLUBS SEVEN DIAMONDS SEVEN,0.329,0.051,0.62
CLUBS TWO CLUBS QUEEN,0.4054,0.0126,0.582
CLUBS TWO CLUBS KING,0.412,0.0066,0.5814
CLUBS THREE DIAMONDS EIGHT,0.6414,0.0264,0.3322
CLUBS TWO CLUBS ACE,0.3972,0.0048,0.598
CLUBS TWO DIAMONDS EIGHT,0.638,0.0286,0.3334
DIAMONDS EIGHT HEARTS SEVEN,0.5644,0.0214,0.4142
HEARTS SIX DIAMONDS EIGHT,0.5696,0.027,0.4034
DIAMONDS EIGHT HEARTS NINE,0.5488,0.0252,0.426
CLUBS TWO CLUBS TEN,0.2958,0.4634,0.2408
DIAMONDS EIGHT HEARTS EIGHT,0.3108,0.043,0.6462
CLUBS TWO CLUBS JACK,0.4148,0.0174,0.5678
CLUBS NINE DIAMONDS EIGHT,0.556,0.0222,0.4218
CLUBS EIGHT DIAMONDS EIGHT,0.319,0.044,0.637
CLUBS FIVE DIAMONDS EIGHT,0.5992,0.0262,0.3746
SPADES ACE SPADES THREE,0.3536,0.0082,0.6382
CLUBS FOUR DIAMONDS EIGHT,0.694,0.068,0.238
SPADES QUEEN SPADES THREE,0.3668,0.0136,0.6196
CLUBS SEVEN DIAMONDS EIGHT,0.5606,0.0202,0.4192
CLUBS SIX DIAMONDS EIGHT,0.5644,0.0252,0.4104
SPADES KING SPADES THREE,0.3866,0.0064,0.607
DIAMONDS QUEEN DIAMONDS EIGHT,0.3864,0.015,0.5986
HEARTS TWO DIAMONDS EIGHT,0.643,0.0264,0.3306
DIAMONDS KING DIAMONDS EIGHT,0.3756,0.0072,0.6172
HEARTS THREE DIAMONDS EIGHT,0.632,0.0304,0.3376
DIAMONDS ACE DIAMONDS EIGHT,0.3778,0.0036,0.6186
HEARTS FOUR DIAMONDS EIGHT,0.6816,0.0738,0.2446
HEARTS FIVE DIAMONDS EIGHT,0.6006,0.027,0.3724
DIAMONDS EIGHT DIAMONDS TEN,0.2584,0.202,0.5396
DIAMONDS EIGHT DIAMONDS JACK,0.3506,0.0164,0.633
SPADES JACK SPADES THREE,0.367,0.0236,0.6094
CLUBS FOUR HEARTS ACE,0.2808,0.0238,0.6954
CLUBS FOUR HEARTS QUEEN,0.2758,0.0418,0.6824
CLUBS FOUR HEARTS KING,0.2796,0.0354,0.685
CLUBS SIX HEARTS TEN,0.2658,0.367,0.3672
CLUBS SIX HEARTS JACK,0.4092,0.0152,0.5756
SPADES FIVE DIAMONDS EIGHT,0.5966,0.024,0.3794
DIAMONDS EIGHT SPADES TWO,0.6238,0.0286,0.3476
SPADES THREE DIAMONDS EIGHT,0.648,0.0282,0.3238
CLUBS FOUR HEARTS JACK,0.2848,0.0592,0.656
SPADES EIGHT DIAMONDS EIGHT,0.3022,0.0448,0.653
SPADES JACK HEARTS EIGHT,0.3634,0.0166,0.62
CLUBS FOUR HEARTS TEN,0.0756,0.9024,0.022
SPADES NINE DIAMONDS EIGHT,0.544,0.0226,0.4334
SPADES JACK HEARTS TWO,0.4198,0.0224,0.5578
SPADES JACK DIAMONDS QUEEN,0.338,0.0104,0.6516
SPADES SIX DIAMONDS EIGHT,0.571,0.025,0.404
SPADES SEVEN DIAMONDS EIGHT,0.5622,0.0224,0.4154
SPADES ACE HEARTS TWO,0.4222,0.0072,0.5706
SPADES ACE DIAMONDS QUEEN,0.3558,0.0028,0.6414
SPADES ACE HEARTS EIGHT,0.3894,0.006,0.6046
SPADES KING HEARTS EIGHT,0.3864,0.0076,0.606
SPADES QUEEN HEARTS TWO,0.422,0.0112,0.5668
SPADES QUEEN DIAMONDS QUEEN,0.1792,0.0156,0.8052
SPADES KING DIAMONDS QUEEN,0.3498,0.0058,0.6444
SPADES KING HEARTS TWO,0.4158,0.0108,0.5734
SPADES QUEEN HEARTS EIGHT,0.3894,0.0118,0.5988
CLUBS TWO HEARTS TEN,0.3274,0.4796,0.193
CLUBS TWO HEARTS JACK,0.442,0.018,0.54
SPADES SEVEN DIAMONDS NINE,0.5614,0.028,0.4106
SPADES SIX DIAMONDS NINE,0.568,0.0294,0.4026
SPADES NINE DIAMONDS NINE,0.2986,0.0366,0.6648
SPADES EIGHT DIAMONDS NINE,0.5506,0.024,0.4254
DIAMONDS NINE SPADES THREE,0.626,0.0344,0.3396
SPADES JACK CLUBS KING,0.3452,0.0084,0.6464
DIAMONDS NINE SPADES TWO,0.6184,0.0272,0.3544
SPADES FIVE DIAMONDS NINE,0.5868,0.0276,0.3856
CLUBS NINE DIAMONDS NINE,0.3134,0.0388,0.6478
CLUBS EIGHT DIAMONDS NINE,0.5638,0.0276,0.4086
CLUBS SIX DIAMONDS NINE,0.578,0.0258,0.3962
SPADES JACK CLUBS FOUR,0.2732,0.0656,0.6612
CLUBS SEVEN DIAMONDS NINE,0.5644,0.0264,0.4092
CLUBS FOUR DIAMONDS NINE,0.706,0.0714,0.2226
CLUBS FIVE DIAMONDS NINE,0.5958,0.025,0.3792
CLUBS TWO DIAMONDS NINE,0.6476,0.0264,0.326
CLUBS THREE DIAMONDS NINE,0.6278,0.0262,0.346
DIAMONDS NINE HEARTS EIGHT,0.566,0.0258,0.4082
DIAMONDS NINE HEARTS NINE,0.314,0.0388,0.6472
HEARTS SIX DIAMONDS NINE,0.592,0.0202,0.3878
DIAMONDS NINE HEARTS SEVEN,0.5714,0.024,0.4046
CLUBS EIGHT CLUBS NINE,0.5184,0.0244,0.4572
DIAMONDS ACE DIAMONDS NINE,0.3762,0.0042,0.6196
HEARTS FOUR DIAMONDS NINE,0.709,0.0692,0.2218
HEARTS FIVE DIAMONDS NINE,0.6058,0.0228,0.3714
CLUBS TWO HEARTS ACE,0.4346,0.0058,0.5596
SPADES ACE CLUBS FOUR,0.2632,0.0228,0.714
DIAMONDS QUEEN DIAMONDS NINE,0.3578,0.0096,0.6326
HEARTS TWO DIAMONDS NINE,0.6288,0.0246,0.3466
CLUBS TWO HEARTS KING,0.4448,0.0088,0.5464
SPADES KING CLUBS FOUR,0.269,0.0378,0.6932
DIAMONDS KING DIAMONDS NINE,0.3718,0.0072,0.621
HEARTS THREE DIAMONDS NINE,0.6462,0.028,0.3258
CLUBS TWO HEARTS QUEEN,0.4284,0.0136,0.558
SPADES QUEEN CLUBS FOUR,0.2524,0.0474,0.7002
DIAMONDS NINE DIAMONDS JACK,0.3414,0.0152,0.6434
CLUBS EIGHT SPADES NINE,0.5494,0.0252,0.4254
DIAMONDS NINE DIAMONDS TEN,0.2554,0.1586,0.586
CLUBS EIGHT SPADES EIGHT,0.3166,0.042,0.6414
CLUBS EIGHT SPADES SEVEN,0.556,0.0258,0.4182
CLUBS EIGHT SPADES SIX,0.5776,0.0258,0.3966
CLUBS EIGHT SPADES FIVE,0.5872,0.0268,0.386
CLUBS EIGHT SPADES THREE,0.644,0.028,0.328
CLUBS EIGHT SPADES TWO,0.6386,0.028,0.3334
HEARTS SIX DIAMONDS TEN,0.2756,0.3514,0.373
DIAMONDS TEN HEARTS SEVEN,0.2612,0.284,0.4548
DIAMONDS TEN HEARTS EIGHT,0.2758,0.2126,0.5116
CLUBS FOUR CLUBS JACK,0.2592,0.0592,0.6816
DIAMONDS TEN HEARTS NINE,0.269,0.1582,0.5728
CLUBS FOUR CLUBS TEN,0.0722,0.8554,0.0724
CLUBS FOUR CLUBS KING,0.2616,0.0304,0.708
CLUBS FOUR CLUBS QUEEN,0.2704,0.0506,0.679
CLUBS TWO DIAMONDS TEN,0.3094,0.4898,0.2008
CLUBS THREE DIAMONDS TEN,0.304,0.492,0.204
CLUBS FOUR CLUBS ACE,0.2688,0.022,0.7092
DIAMONDS JACK DIAMONDS TEN,0.245,0.0566,0.6984
DIAMONDS QUEEN DIAMONDS TEN,0.2586,0.0424,0.699
HEARTS TWO DIAMONDS TEN,0.3116,0.4818,0.2066
DIAMONDS KING DIAMONDS TEN,0.273,0.0336,0.6934
HEARTS THREE DIAMONDS TEN,0.305,0.4908,0.2042
DIAMONDS ACE DIAMONDS TEN,0.2664,0.0244,0.7092
HEARTS FOUR DIAMONDS TEN,0.0744,0.9036,0.022
CLUBS EIGHT HEARTS JACK,0.3798,0.0178,0.6024
HEARTS FIVE DIAMONDS TEN,0.264,0.4342,0.3018
CLUBS EIGHT HEARTS TEN,0.269,0.207,0.524
CLUBS EIGHT HEARTS QUEEN,0.3876,0.0082,0.6042
CLUBS EIGHT HEARTS KING,0.4134,0.0058,0.5808
CLUBS EIGHT HEARTS ACE,0.397,0.0034,0.5996
CLUBS NINE SPADES THREE,0.6336,0.029,0.3374
CLUBS NINE SPADES TWO,0.6278,0.0266,0.3456
CLUBS NINE SPADES FIVE,0.5866,0.0262,0.3872
CLUBS NINE SPADES SEVEN,0.5742,0.025,0.4008
CLUBS NINE SPADES SIX,0.58,0.027,0.393
CLUBS NINE SPADES NINE,0.3094,0.0398,0.6508
CLUBS TEN HEARTS EIGHT,0.2688,0.2086,0.5226
CLUBS NINE SPADES EIGHT,0.5462,0.0284,0.4254
CLUBS JACK HEARTS EIGHT,0.3914,0.0152,0.5934
CLUBS QUEEN HEARTS EIGHT,0.3972,0.009,0.5938
CLUBS KING HEARTS EIGHT,0.3954,0.0064,0.5982
CLUBS ACE HEARTS EIGHT,0.4066,0.0054,0.588
SPADES KING CLUBS KING,0.169,0.01,0.821
SPADES QUEEN CLUBS KING,0.3342,0.0082,0.6576
SPADES ACE CLUBS KING,0.3514,0.0046,0.644
DIAMONDS ACE HEARTS TEN,0.2676,0.0224,0.71
HEARTS FOUR HEARTS TEN,0.0746,0.8512,0.0742
DIAMONDS ACE HEARTS JACK,0.3786,0.0042,0.6172
HEARTS FOUR HEARTS JACK,0.274,0.0642,0.6618
SPADES KING CLUBS FIVE,0.399,0.009,0.592
SPADES QUEEN CLUBS FIVE,0.3814,0.016,0.6026
SPADES ACE CLUBS FIVE,0.3704,0.0042,0.6254
DIAMONDS JACK HEARTS SEVEN,0.3986,0.0172,0.5842
HEARTS SIX DIAMONDS JACK,0.4028,0.0184,0.5788
DIAMONDS JACK HEARTS NINE,0.374,0.0168,0.6092
DIAMONDS JACK HEARTS EIGHT,0.3772,0.0174,0.6054
DIAMONDS KING DIAMONDS JACK,0.34,0.0058,0.6542
HEARTS THREE DIAMONDS JACK,0.426,0.019,0.555
SPADES ACE SPADES SIX,0.3622,0.0072,0.6306
DIAMONDS QUEEN DIAMONDS JACK,0.3264,0.0094,0.6642
HEARTS TWO DIAMONDS JACK,0.4372,0.016,0.5468
HEARTS FIVE DIAMONDS JACK,0.4084,0.016,0.5756
SPADES QUEEN SPADES SIX,0.3404,0.0122,0.6474
DIAMONDS ACE DIAMONDS JACK,0.3494,0.0042,0.6464
HEARTS FOUR DIAMONDS JACK,0.2782,0.0556,0.6662
SPADES KING SPADES SIX,0.3578,0.01,0.6322
SPADES JACK SPADES SIX,0.3376,0.0184,0.644
SPADES FIVE DIAMONDS JACK,0.399,0.0162,0.5848
SPADES TWO DIAMONDS JACK,0.432,0.019,0.549
SPADES THREE DIAMONDS JACK,0.4174,0.0246,0.558
SPADES ACE DIAMONDS THREE,0.4176,0.0052,0.5772
SPADES QUEEN DIAMONDS THREE,0.4234,0.0158,0.5608
CLUBS EIGHT DIAMONDS JACK,0.3838,0.0138,0.6024
SPADES KING DIAMONDS THREE,0.422,0.0106,0.5674
CLUBS NINE DIAMONDS JACK,0.3704,0.017,0.6126
CLUBS SIX DIAMONDS JACK,0.4014,0.0164,0.5822
CLUBS SEVEN DIAMONDS JACK,0.3878,0.0164,0.5958
CLUBS FOUR DIAMONDS JACK,0.28,0.0636,0.6564
CLUBS FIVE DIAMONDS JACK,0.4078,0.0174,0.5748
CLUBS TWO DIAMONDS JACK,0.425,0.0166,0.5584
CLUBS THREE DIAMONDS JACK,0.4322,0.0172,0.5506
HEARTS SIX SPADES JACK,0.3934,0.016,0.5906
SPADES JACK CLUBS FIVE,0.391,0.0174,0.5916
SPADES JACK DIAMONDS THREE,0.4024,0.0212,0.5764
CLUBS SEVEN CLUBS ACE,0.3816,0.0046,0.6138
CLUBS SEVEN CLUBS QUEEN,0.3724,0.0106,0.617
CLUBS SEVEN CLUBS KING,0.3892,0.0058,0.605
SPADES NINE DIAMONDS JACK,0.3638,0.0152,0.621
CLUBS SEVEN CLUBS TEN,0.2702,0.262,0.4678
DIAMONDS ACE HEARTS ACE,0.1702,0.0024,0.8274
HEARTS FOUR HEARTS ACE,0.2572,0.021,0.7218
SPADES EIGHT DIAMONDS JACK,0.373,0.0152,0.6118
SPADES ACE HEARTS SIX,0.3834,0.0056,0.611
CLUBS SEVEN CLUBS JACK,0.377,0.016,0.607
DIAMONDS ACE HEARTS KING,0.3664,0.0064,0.6272
HEARTS FOUR HEARTS KING,0.2736,0.0298,0.6966
SPADES SEVEN DIAMONDS JACK,0.377,0.015,0.608
SPADES KING HEARTS SIX,0.3876,0.0074,0.605
DIAMONDS ACE HEARTS QUEEN,0.3834,0.0052,0.6114
HEARTS FOUR HEARTS QUEEN,0.2652,0.042,0.6928
SPADES SIX DIAMONDS JACK,0.3926,0.0166,0.5908
SPADES QUEEN HEARTS SIX,0.3926,0.0094,0.598
SPADES TWO DIAMONDS TEN,0.3062,0.4968,0.197
SPADES THREE DIAMONDS TEN,0.294,0.5012,0.2048
SPADES FIVE DIAMONDS TEN,0.2468,0.454,0.2992
SPADES SIX DIAMONDS TEN,0.2544,0.3544,0.3912
SPADES SEVEN DIAMONDS TEN,0.2416,0.2774,0.481
SPADES EIGHT DIAMONDS TEN,0.2596,0.2246,0.5158
SPADES NINE DIAMONDS TEN,0.252,0.172,0.576
CLUBS FOUR DIAMONDS TEN,0.0736,0.9064,0.02
CLUBS FIVE DIAMONDS TEN,0.2716,0.4364,0.292
CLUBS SIX DIAMONDS TEN,0.2656,0.3504,0.384
CLUBS SEVEN DIAMONDS TEN,0.2744,0.268,0.4576
CLUBS EIGHT DIAMONDS TEN,0.2704,0.2092,0.5204
CLUBS NINE DIAMONDS TEN,0.2714,0.1638,0.5648
DIAMONDS THREE CLUBS JACK,0.4408,0.0172,0.542
DIAMONDS THREE CLUBS TEN,0.3012,0.4926,0.2062
DIAMONDS THREE CLUBS KING,0.4302,0.0104,0.5594
DIAMONDS THREE CLUBS QUEEN,0.4276,0.0138,0.5586
DIAMONDS THREE CLUBS ACE,0.4312,0.005,0.5638
SPADES FIVE SPADES TWO,0.6142,0.0276,0.3582
SPADES THREE SPADES TWO,0.64,0.032,0.328
SPADES NINE SPADES TWO,0.6426,0.0264,0.331
SPADES EIGHT SPADES TWO,0.626,0.029,0.345
SPADES SEVEN SPADES TWO,0.6254,0.0296,0.345
SPADES SIX SPADES TWO,0.6342,0.0326,0.3332
DIAMONDS QUEEN CLUBS THREE,0.4308,0.011,0.5582
HEARTS TWO CLUBS THREE,0.6456,0.0344,0.32
DIAMONDS QUEEN CLUBS TWO,0.4492,0.0104,0.5404
CLUBS TWO HEARTS TWO,0.4352,0.0672,0.4976
DIAMONDS QUEEN HEARTS SEVEN,0.4036,0.0114,0.585
HEARTS TWO HEARTS SEVEN,0.604,0.0234,0.3726
HEARTS SIX DIAMONDS QUEEN,0.3926,0.0112,0.5962
HEARTS SIX HEARTS TWO,0.6038,0.025,0.3712
DIAMONDS QUEEN HEARTS NINE,0.38,0.01,0.61
HEARTS TWO HEARTS NINE,0.606,0.0266,0.3674
DIAMONDS QUEEN HEARTS EIGHT,0.391,0.0098,0.5992
HEARTS TWO HEARTS EIGHT,0.5994,0.0276,0.373
CLUBS NINE HEARTS TWO,0.6346,0.0294,0.336
CLUBS NINE DIAMONDS QUEEN,0.384,0.0104,0.6056
CLUBS EIGHT HEARTS TWO,0.6448,0.0286,0.3266
CLUBS EIGHT DIAMONDS QUEEN,0.3952,0.0096,0.5952
CLUBS FIVE DIAMONDS QUEEN,0.3994,0.0096,0.591
CLUBS FIVE HEARTS TWO,0.619,0.0258,0.3552
SPADES EIGHT HEARTS ACE,0.381,0.0038,0.6152
CLUBS FOUR DIAMONDS QUEEN,0.2828,0.041,0.6762
CLUBS FOUR HEARTS TWO,0.6722,0.0814,0.2464
SPADES EIGHT HEARTS QUEEN,0.3974,0.0094,0.5932
CLUBS SEVEN HEARTS TWO,0.6582,0.0302,0.3116
CLUBS SEVEN DIAMONDS QUEEN,0.3956,0.0092,0.5952
CLUBS SIX DIAMONDS QUEEN,0.408,0.0144,0.5776
CLUBS SIX HEARTS TWO,0.6362,0.0316,0.3322
SPADES EIGHT HEARTS KING,0.41,0.0064,0.5836
DIAMONDS QUEEN SPADES SIX,0.3886,0.0122,0.5992
HEARTS TWO SPADES SIX,0.6362,0.03,0.3338
HEARTS FOUR CLUBS QUEEN,0.2852,0.0448,0.67
DIAMONDS ACE CLUBS QUEEN,0.3604,0.004,0.6356
DIAMONDS QUEEN SPADES SEVEN,0.3912,0.0114,0.5974
SPADES SEVEN HEARTS TWO,0.6348,0.0332,0.332
HEARTS FOUR CLUBS KING,0.278,0.0328,0.6892
DIAMONDS ACE CLUBS KING,0.367,0.0034,0.6296
SPADES EIGHT DIAMONDS QUEEN,0.3884,0.0108,0.6008
SPADES EIGHT HEARTS TWO,0.6312,0.0292,0.3396
HEARTS FOUR CLUBS ACE,0.2904,0.0218,0.6878
DIAMONDS ACE CLUBS ACE,0.1708,0.0026,0.8266
SPADES NINE DIAMONDS QUEEN,0.3802,0.011,0.6088
SPADES NINE HEARTS TWO,0.6368,0.0288,0.3344
HEARTS TWO SPADES TWO,0.4168,0.0674,0.5158
DIAMONDS QUEEN SPADES TWO,0.4254,0.0116,0.563
HEARTS TWO SPADES THREE,0.657,0.0328,0.3102
DIAMONDS QUEEN SPADES THREE,0.428,0.0118,0.5602
HEARTS FOUR CLUBS TEN,0.0732,0.907,0.0198
DIAMONDS ACE CLUBS TEN,0.2786,0.0246,0.6968
HEARTS TWO SPADES FIVE,0.6192,0.0326,0.3482
DIAMONDS QUEEN SPADES FIVE,0.3954,0.0132,0.5914
HEARTS FOUR CLUBS JACK,0.2866,0.0548,0.6586
DIAMONDS ACE CLUBS JACK,0.3642,0.0046,0.6312
CLUBS FIVE CLUBS KING,0.3696,0.0092,0.6212
CLUBS FIVE CLUBS QUEEN,0.3884,0.0124,0.5992
CLUBS FIVE CLUBS ACE,0.3776,0.005,0.6174
CLUBS FIVE CLUBS JACK,0.3858,0.0178,0.5964
CLUBS FIVE CLUBS TEN,0.2506,0.4132,0.3362
SPADES KING CLUBS JACK,0.339,0.0062,0.6548
SPADES QUEEN CLUBS JACK,0.3366,0.0082,0.6552
SPADES ACE CLUBS JACK,0.3412,0.0056,0.6532
SPADES SIX CLUBS KING,0.4106,0.0104,0.579
SPADES SIX CLUBS QUEEN,0.3876,0.011,0.6014
SPADES EIGHT HEARTS JACK,0.376,0.0172,0.6068
SPADES SIX CLUBS ACE,0.393,0.007,0.6
SPADES EIGHT HEARTS TEN,0.2516,0.2122,0.5362
SPADES SIX CLUBS JACK,0.3952,0.0152,0.5896
SPADES SIX CLUBS TEN,0.255,0.3596,0.3854
SPADES JACK CLUBS JACK,0.1828,0.0212,0.796
SPADES QUEEN CLUBS SEVEN,0.392,0.0134,0.5946
SPADES KING CLUBS SEVEN,0.38,0.008,0.612
SPADES ACE CLUBS SEVEN,0.4008,0.0064,0.5928
SPADES SIX HEARTS TEN,0.2406,0.3652,0.3942
SPADES SIX HEARTS JACK,0.3856,0.0188,0.5956
SPADES SIX HEARTS ACE,0.3914,0.0052,0.6034
SPADES SIX HEARTS KING,0.3988,0.0092,0.592
SPADES SIX HEARTS QUEEN,0.4004,0.0132,0.5864
SPADES JACK CLUBS SEVEN,0.3828,0.0182,0.599
HEARTS SIX CLUBS TEN,0.268,0.3608,0.3712
HEARTS SIX CLUBS JACK,0.4068,0.0202,0.573
CLUBS ACE CLUBS JACK,0.3508,0.0042,0.645
HEARTS SIX CLUBS QUEEN,0.407,0.01,0.583
HEARTS SIX CLUBS KING,0.4156,0.0058,0.5786
HEARTS SIX CLUBS ACE,0.4038,0.006,0.5902
CLUBS QUEEN CLUBS JACK,0.3264,0.0114,0.6622
CLUBS KING CLUBS JACK,0.3346,0.0084,0.657
DIAMONDS THREE HEARTS ACE,0.4154,0.0026,0.582
DIAMONDS THREE HEARTS QUEEN,0.4356,0.013,0.5514
DIAMONDS THREE HEARTS KING,0.438,0.0094,0.5526
CLUBS FIVE HEARTS JACK,0.4068,0.0142,0.579
CLUBS FIVE HEARTS TEN,0.2762,0.4224,0.3014
HEARTS FOUR SPADES JACK,0.2644,0.0654,0.6702
SPADES JACK DIAMONDS ACE,0.3532,0.0042,0.6426
SPADES ACE HEARTS FOUR,0.2696,0.029,0.7014
SPADES ACE DIAMONDS ACE,0.1674,0.0028,0.8298
CLUBS FIVE HEARTS ACE,0.3866,0.004,0.6094
CLUBS FIVE HEARTS KING,0.3962,0.008,0.5958
HEARTS FOUR SPADES QUEEN,0.2596,0.0496,0.6908
SPADES QUEEN DIAMONDS ACE,0.3446,0.0054,0.65
CLUBS FIVE HEARTS QUEEN,0.3954,0.0156,0.589
SPADES KING DIAMONDS ACE,0.3516,0.0038,0.6446
HEARTS FOUR SPADES KING,0.274,0.0356,0.6904
DIAMONDS QUEEN DIAMONDS ACE,0.3404,0.0052,0.6544
HEARTS TWO DIAMONDS ACE,0.4226,0.0062,0.5712
HEARTS FOUR DIAMONDS QUEEN,0.294,0.048,0.658
HEARTS FOUR HEARTS TWO,0.6524,0.0778,0.2698
DIAMONDS THREE HEARTS TEN,0.3032,0.4858,0.211
HEARTS FIVE DIAMONDS QUEEN,0.4,0.0138,0.5862
HEARTS FIVE HEARTS TWO,0.5764,0.0276,0.396
DIAMONDS THREE HEARTS JACK,0.4264,0.0188,0.5548
DIAMONDS QUEEN HEARTS TWO,0.4384,0.0128,0.5488
DIAMONDS KING DIAMONDS QUEEN,0.3322,0.0078,0.66
DIAMONDS KING HEARTS TWO,0.4282,0.0094,0.5624
HEARTS THREE DIAMONDS QUEEN,0.4218,0.014,0.5642
HEARTS THREE HEARTS TWO,0.6098,0.0248,0.3654
HEARTS TWO CLUBS ACE,0.42,0.0054,0.5746
DIAMONDS QUEEN CLUBS ACE,0.3604,0.0064,0.6332
HEARTS TWO CLUBS QUEEN,0.4406,0.0142,0.5452
DIAMONDS QUEEN CLUBS QUEEN,0.1888,0.0156,0.7956
HEARTS TWO CLUBS KING,0.4374,0.0086,0.554
DIAMONDS QUEEN CLUBS KING,0.3744,0.0068,0.6188
SPADES EIGHT SPADES FIVE,0.5866,0.032,0.3814
HEARTS TWO CLUBS TEN,0.3108,0.4818,0.2074
DIAMONDS QUEEN CLUBS TEN,0.2808,0.0392,0.68
SPADES NINE SPADES FIVE,0.5906,0.0276,0.3818
HEARTS TWO CLUBS JACK,0.4478,0.0186,0.5336
DIAMONDS QUEEN CLUBS JACK,0.355,0.0104,0.6346
SPADES SIX SPADES FIVE,0.569,0.0252,0.4058
SPADES SEVEN SPADES FIVE,0.5696,0.032,0.3984
DIAMONDS FIVE CLUBS QUEEN,0.3962,0.01,0.5938
SPADES EIGHT CLUBS ACE,0.3956,0.0046,0.5998
CLUBS KING DIAMONDS FIVE,0.3988,0.0068,0.5944
SPADES EIGHT CLUBS KING,0.3868,0.0066,0.6066
CLUBS ACE DIAMONDS FIVE,0.3866,0.0046,0.6088
SPADES EIGHT CLUBS QUEEN,0.3822,0.0138,0.604
SPADES EIGHT CLUBS JACK,0.377,0.018,0.605
SPADES EIGHT CLUBS TEN,0.2612,0.22,0.5188
DIAMONDS FIVE CLUBS TEN,0.253,0.4494,0.2976
DIAMONDS FIVE CLUBS JACK,0.3938,0.0172,0.589
HEARTS JACK DIAMONDS TEN,0.275,0.0522,0.6728
DIAMONDS TEN HEARTS TEN,0.144,0.049,0.807
SPADES ACE CLUBS NINE,0.381,0.0046,0.6144
CLUBS NINE SPADES QUEEN,0.369,0.0114,0.6196
SPADES KING CLUBS NINE,0.39,0.0078,0.6022
HEARTS SIX HEARTS KING,0.3784,0.0078,0.6138
DIAMONDS KING SPADES SEVEN,0.3898,0.009,0.6012
HEARTS THREE SPADES SEVEN,0.6256,0.0244,0.35
SPADES KING DIAMONDS SEVEN,0.3806,0.0106,0.6088
HEARTS SIX HEARTS QUEEN,0.3864,0.0134,0.6002
DIAMONDS KING SPADES SIX,0.404,0.009,0.587
HEARTS THREE SPADES SIX,0.6132,0.0288,0.358
SPADES QUEEN DIAMONDS SEVEN,0.3986,0.0118,0.5896
