opposingHand,winningChance,drawChance,lostChance
SPADES QUEEN SPADES NINE
SPADES TEN HEARTS FIVE,0.6662,0.011,0.3228
SPADES JACK HEARTS FIVE,0.6712,0.0108,0.318
SPADES FIVE CLUBS JACK,0.6694,0.011,0.3196
SPADES FIVE CLUBS TEN,0.6702,0.0124,0.3174
CLUBS EIGHT CLUBS JACK,0.6212,0.0086,0.3702
CLUBS EIGHT CLUBS TEN,0.6116,0.0104,0.378
CLUBS EIGHT CLUBS KING,0.4364,0.0084,0.5552
SPADES FIVE CLUBS ACE,0.4424,0.0046,0.553
CLUBS EIGHT CLUBS QUEEN,0.5832,0.1548,0.262
SPADES FIVE CLUBS KING,0.4524,0.0088,0.5388
SPADES FIVE CLUBS QUEEN,0.6036,0.1648,0.2316
CLUBS EIGHT CLUBS ACE,0.4264,0.0046,0.569
DIAMONDS TWO DIAMONDS THREE,0.6306,0.0156,0.3538
DIAMONDS TWO DIAMONDS FIVE,0.622,0.0106,0.3674
SPADES KING HEARTS FIVE,0.4448,0.0058,0.5494
DIAMONDS TWO DIAMONDS FOUR,0.616,0.0126,0.3714
DIAMONDS TWO DIAMONDS SEVEN,0.6446,0.0122,0.3432
DIAMONDS TWO DIAMONDS SIX,0.6514,0.0092,0.3394
SPADES ACE HEARTS FIVE,0.44,0.0074,0.5526
DIAMONDS TWO DIAMONDS NINE,0.6922,0.047,0.2608
DIAMONDS TWO DIAMONDS EIGHT,0.6562,0.0122,0.3316
DIAMONDS THREE DIAMONDS FOUR,0.6222,0.0104,0.3674
CLUBS TWO SPADES FOUR,0.6576,0.0114,0.331
DIAMONDS THREE DIAMONDS FIVE,0.6144,0.0102,0.3754
CLUBS TWO SPADES FIVE,0.6536,0.0134,0.333
CLUBS TWO SPADES TWO,0.4836,0.024,0.4924
CLUBS TWO SPADES THREE,0.6602,0.0132,0.3266
DIAMONDS THREE DIAMONDS EIGHT,0.6406,0.0092,0.3502
SPADES EIGHT CLUBS TWO,0.6816,0.0098,0.3086
DIAMONDS THREE DIAMONDS NINE,0.6884,0.0438,0.2678
DIAMONDS THREE DIAMONDS SIX,0.631,0.0122,0.3568
SPADES SIX CLUBS TWO,0.6726,0.014,0.3134
DIAMONDS THREE DIAMONDS SEVEN,0.631,0.0116,0.3574
SPADES SEVEN CLUBS TWO,0.687,0.0144,0.2986
CLUBS SIX CLUBS TWO,0.6424,0.012,0.3456
CLUBS SEVEN CLUBS TWO,0.6392,0.0126,0.3482
CLUBS FOUR CLUBS TWO,0.6228,0.0114,0.3658
CLUBS FIVE CLUBS TWO,0.6258,0.0116,0.3626
CLUBS JACK CLUBS TEN,0.5508,0.0086,0.4406
DIAMONDS FOUR DIAMONDS SIX,0.6198,0.0088,0.3714
CLUBS QUEEN CLUBS TEN,0.2556,0.113,0.6314
DIAMONDS FOUR DIAMONDS SEVEN,0.628,0.0096,0.3624
CLUBS KING CLUBS TEN,0.3772,0.0056,0.6172
CLUBS ACE CLUBS TEN,0.389,0.006,0.605
CLUBS EIGHT CLUBS TWO,0.6608,0.011,0.3282
DIAMONDS FIVE DIAMONDS FOUR,0.6068,0.012,0.3812
CLUBS NINE CLUBS TWO,0.6986,0.0412,0.2602
DIAMONDS NINE DIAMONDS FOUR,0.691,0.0412,0.2678
DIAMONDS EIGHT DIAMONDS FOUR,0.6312,0.0112,0.3576
CLUBS TWO CLUBS THREE,0.6322,0.0114,0.3564
DIAMONDS NINE DIAMONDS FIVE,0.6822,0.0426,0.2752
DIAMONDS TWO CLUBS JACK,0.6784,0.0122,0.3094
DIAMONDS EIGHT DIAMONDS FIVE,0.6228,0.0112,0.366
DIAMONDS TWO CLUBS TEN,0.6712,0.011,0.3178
DIAMONDS FIVE DIAMONDS SEVEN,0.618,0.0118,0.3702
DIAMONDS FIVE DIAMONDS SIX,0.5928,0.013,0.3942
DIAMONDS TWO CLUBS ACE,0.4562,0.0046,0.5392
DIAMONDS TWO CLUBS KING,0.4676,0.0076,0.5248
DIAMONDS TWO CLUBS QUEEN,0.631,0.159,0.21
DIAMONDS EIGHT DIAMONDS SIX,0.613,0.0096,0.3774
DIAMONDS NINE DIAMONDS SIX,0.6788,0.0442,0.277
SPADES THREE HEARTS ACE,0.4486,0.006,0.5454
HEARTS KING SPADES THREE,0.4474,0.0058,0.5468
DIAMONDS SEVEN DIAMONDS SIX,0.6066,0.0094,0.384
SPADES THREE HEARTS QUEEN,0.629,0.1566,0.2144
SPADES THREE HEARTS JACK,0.6752,0.0126,0.3122
SPADES THREE HEARTS TEN,0.6536,0.011,0.3354
DIAMONDS EIGHT DIAMONDS SEVEN,0.6258,0.012,0.3622
DIAMONDS NINE DIAMONDS SEVEN,0.6748,0.041,0.2842
DIAMONDS NINE DIAMONDS EIGHT,0.6612,0.0418,0.297
DIAMONDS KING HEARTS TEN,0.408,0.0054,0.5866
HEARTS THREE HEARTS TEN,0.638,0.0118,0.3502
SPADES JACK CLUBS SIX,0.665,0.0086,0.3264
DIAMONDS KING HEARTS JACK,0.3974,0.0056,0.597
HEARTS THREE HEARTS JACK,0.6238,0.0122,0.364
CLUBS SIX SPADES TEN,0.6468,0.0134,0.3398
SPADES JACK SPADES FIVE,0.6616,0.0104,0.328
SPADES TEN SPADES FIVE,0.6604,0.0106,0.329
DIAMONDS KING HEARTS ACE,0.3848,0.0046,0.6106
HEARTS THREE HEARTS ACE,0.4184,0.0038,0.5778
SPADES ACE CLUBS SIX,0.4348,0.005,0.5602
DIAMONDS KING HEARTS QUEEN,0.2918,0.0262,0.682
HEARTS THREE HEARTS QUEEN,0.5954,0.1518,0.2528
SPADES KING CLUBS SIX,0.434,0.008,0.558
DIAMONDS KING HEARTS KING,0.1972,0.0022,0.8006
HEARTS THREE HEARTS KING,0.4216,0.0106,0.5678
SPADES KING SPADES FIVE,0.4066,0.0088,0.5846
SPADES ACE SPADES FIVE,0.3966,0.006,0.5974
SPADES JACK CLUBS TEN,0.5832,0.0096,0.4072
SPADES TEN CLUBS TEN,0.3218,0.0118,0.6664
SPADES ACE CLUBS TEN,0.4048,0.0036,0.5916
SPADES KING CLUBS TEN,0.3634,0.0066,0.63
SPADES FIVE HEARTS QUEEN,0.6238,0.1598,0.2164
SPADES FIVE HEARTS KING,0.4622,0.0076,0.5302
SPADES FIVE HEARTS ACE,0.444,0.0038,0.5522
HEARTS THREE SPADES JACK,0.66,0.0078,0.3322
SPADES JACK DIAMONDS KING,0.3884,0.0044,0.6072
CLUBS EIGHT SPADES TEN,0.6378,0.013,0.3492
CLUBS EIGHT SPADES JACK,0.6488,0.011,0.3402
HEARTS THREE SPADES TEN,0.6564,0.0124,0.3312
SPADES TEN DIAMONDS KING,0.3932,0.0072,0.5996
SPADES ACE CLUBS EIGHT,0.434,0.0046,0.5614
HEARTS FIVE CLUBS JACK,0.6672,0.011,0.3218
CLUBS SIX HEARTS ACE,0.4606,0.0036,0.5358
HEARTS FIVE CLUBS TEN,0.657,0.011,0.332
SPADES THREE CLUBS TEN,0.6684,0.0108,0.3208
CLUBS SIX HEARTS QUEEN,0.632,0.1482,0.2198
CLUBS EIGHT SPADES KING,0.4316,0.008,0.5604
SPADES THREE CLUBS JACK,0.6726,0.0064,0.321
CLUBS SIX HEARTS KING,0.4504,0.0068,0.5428
DIAMONDS TWO HEARTS JACK,0.6644,0.0094,0.3262
SPADES THREE CLUBS QUEEN,0.6204,0.1584,0.2212
DIAMONDS TWO HEARTS TEN,0.677,0.0098,0.3132
SPADES THREE CLUBS KING,0.4652,0.008,0.5268
HEARTS FIVE CLUBS ACE,0.4648,0.0036,0.5316
SPADES FIVE HEARTS TEN,0.6648,0.0106,0.3246
SPADES THREE CLUBS ACE,0.4484,0.005,0.5466
HEARTS FIVE CLUBS KING,0.454,0.007,0.539
SPADES FIVE HEARTS JACK,0.6546,0.009,0.3364
HEARTS FIVE CLUBS QUEEN,0.6216,0.1604,0.218
HEARTS THREE CLUBS KING,0.4606,0.0068,0.5326
DIAMONDS KING CLUBS KING,0.2062,0.0026,0.7912
HEARTS THREE CLUBS QUEEN,0.6194,0.1642,0.2164
DIAMONDS KING CLUBS QUEEN,0.2884,0.023,0.6886
HEARTS FIVE HEARTS JACK,0.6196,0.0098,0.3706
HEARTS FIVE HEARTS TEN,0.6,0.0124,0.3876
HEARTS THREE CLUBS ACE,0.4646,0.0044,0.531
DIAMONDS KING CLUBS ACE,0.3894,0.0042,0.6064
SPADES ACE CLUBS QUEEN,0.2614,0.0166,0.722
SPADES KING CLUBS QUEEN,0.2682,0.0252,0.7066
HEARTS THREE CLUBS JACK,0.6684,0.0124,0.3192
DIAMONDS KING CLUBS JACK,0.3924,0.0076,0.6
HEARTS THREE CLUBS TEN,0.6578,0.0138,0.3284
DIAMONDS KING CLUBS TEN,0.399,0.0064,0.5946
SPADES JACK CLUBS QUEEN,0.2678,0.092,0.6402
CLUBS SIX CLUBS QUEEN,0.5838,0.1436,0.2726
SPADES TEN CLUBS QUEEN,0.2592,0.1254,0.6154
CLUBS SIX CLUBS KING,0.4426,0.0078,0.5496
CLUBS SIX CLUBS ACE,0.4372,0.0054,0.5574
HEARTS FIVE HEARTS KING,0.4364,0.0056,0.558
HEARTS FIVE HEARTS QUEEN,0.5876,0.1482,0.2642
CLUBS SIX CLUBS TEN,0.6106,0.0106,0.3788
HEARTS FIVE HEARTS ACE,0.4418,0.0038,0.5544
CLUBS SIX CLUBS JACK,0.6318,0.0106,0.3576
SPADES SEVEN HEARTS JACK,0.6624,0.0088,0.3288
SPADES SEVEN HEARTS TEN,0.6456,0.0122,0.3422
DIAMONDS TWO CLUBS TWO,0.5004,0.0232,0.4764
DIAMONDS TWO CLUBS THREE,0.6594,0.0138,0.3268
HEARTS SIX DIAMONDS TWO,0.6888,0.0116,0.2996
DIAMONDS TWO HEARTS QUEEN,0.6282,0.1564,0.2154
DIAMONDS TWO HEARTS SEVEN,0.6862,0.0132,0.3006
DIAMONDS TWO HEARTS KING,0.4682,0.0072,0.5246
DIAMONDS TWO HEARTS EIGHT,0.6788,0.0104,0.3108
DIAMONDS TWO HEARTS ACE,0.4496,0.0046,0.5458
DIAMONDS TWO HEARTS NINE,0.735,0.047,0.218
DIAMONDS TWO DIAMONDS QUEEN,0.5956,0.1444,0.26
DIAMONDS TWO HEARTS TWO,0.4946,0.0232,0.4822
DIAMONDS TWO DIAMONDS KING,0.4336,0.0086,0.5578
HEARTS THREE DIAMONDS TWO,0.6616,0.0128,0.3256
DIAMONDS TWO DIAMONDS ACE,0.4386,0.006,0.5554
HEARTS FOUR DIAMONDS TWO,0.674,0.0122,0.3138
DIAMONDS TWO HEARTS FIVE,0.668,0.013,0.319
SPADES SEVEN HEARTS ACE,0.4606,0.0036,0.5358
DIAMONDS TWO DIAMONDS TEN,0.6242,0.0094,0.3664
SPADES SEVEN HEARTS KING,0.4412,0.0068,0.552
DIAMONDS TWO DIAMONDS JACK,0.6326,0.0102,0.3572
SPADES SEVEN HEARTS QUEEN,0.6202,0.1554,0.2244
DIAMONDS TWO SPADES EIGHT,0.7006,0.014,0.2854
DIAMONDS TWO SPADES SEVEN,0.685,0.0122,0.3028
DIAMONDS TWO SPADES SIX,0.6694,0.0134,0.3172
DIAMONDS TWO SPADES FIVE,0.6706,0.0132,0.3162
DIAMONDS TWO SPADES FOUR,0.6788,0.0116,0.3096
DIAMONDS TWO SPADES THREE,0.6556,0.0118,0.3326
DIAMONDS TWO SPADES TWO,0.4824,0.0192,0.4984
CLUBS NINE DIAMONDS TWO,0.7354,0.0484,0.2162
CLUBS EIGHT DIAMONDS TWO,0.696,0.0128,0.2912
DIAMONDS TWO CLUBS SEVEN,0.6884,0.0108,0.3008
CLUBS SIX DIAMONDS TWO,0.6796,0.0098,0.3106
DIAMONDS TWO CLUBS FIVE,0.6688,0.01,0.3212
DIAMONDS TWO CLUBS FOUR,0.6702,0.0116,0.3182
CLUBS FOUR SPADES FIVE,0.635,0.0108,0.3542
CLUBS FOUR SPADES FOUR,0.4964,0.0232,0.4804
CLUBS FOUR SPADES THREE,0.6396,0.0118,0.3486
CLUBS FOUR SPADES TWO,0.6574,0.0122,0.3304
SPADES EIGHT CLUBS FOUR,0.6864,0.0104,0.3032
CLUBS FOUR SPADES SEVEN,0.6654,0.0124,0.3222
CLUBS FOUR SPADES SIX,0.657,0.0116,0.3314
SPADES ACE DIAMONDS SIX,0.4364,0.0058,0.5578
SPADES KING DIAMONDS SIX,0.4502,0.008,0.5418
SPADES TEN DIAMONDS SIX,0.661,0.0106,0.3284
SPADES JACK DIAMONDS SIX,0.6638,0.0102,0.326
SPADES KING SPADES TWO,0.4176,0.0064,0.576
SPADES ACE SPADES TWO,0.4034,0.0062,0.5904
DIAMONDS JACK CLUBS JACK,0.33,0.0094,0.6606
DIAMONDS JACK CLUBS TEN,0.602,0.0082,0.3898
DIAMONDS JACK CLUBS KING,0.411,0.0064,0.5826
DIAMONDS JACK CLUBS QUEEN,0.2872,0.086,0.6268
DIAMONDS THREE DIAMONDS JACK,0.6204,0.0118,0.3678
DIAMONDS THREE DIAMONDS TEN,0.635,0.0084,0.3566
DIAMONDS JACK CLUBS ACE,0.4118,0.005,0.5832
DIAMONDS THREE DIAMONDS KING,0.4392,0.005,0.5558
HEARTS THREE DIAMONDS THREE,0.4972,0.0186,0.4842
DIAMONDS THREE DIAMONDS QUEEN,0.587,0.147,0.266
DIAMONDS THREE HEARTS TWO,0.6756,0.0124,0.312
HEARTS FIVE DIAMONDS THREE,0.6552,0.0128,0.332
DIAMONDS THREE DIAMONDS ACE,0.4278,0.0048,0.5674
HEARTS FOUR DIAMONDS THREE,0.6458,0.0124,0.3418
DIAMONDS THREE HEARTS SEVEN,0.6792,0.01,0.3108
HEARTS SIX DIAMONDS THREE,0.6704,0.0102,0.3194
DIAMONDS THREE HEARTS NINE,0.755,0.0426,0.2024
HEARTS JACK DIAMONDS FOUR,0.6736,0.0106,0.3158
HEARTS KING HEARTS ACE,0.3582,0.0046,0.6372
SPADES TEN SPADES TWO,0.6554,0.0098,0.3348
DIAMONDS THREE HEARTS EIGHT,0.7032,0.0106,0.2862
HEARTS TEN DIAMONDS FOUR,0.668,0.0086,0.3234
SPADES JACK SPADES TWO,0.6664,0.014,0.3196
HEARTS QUEEN DIAMONDS FOUR,0.6192,0.1602,0.2206
HEARTS KING DIAMONDS FOUR,0.4688,0.007,0.5242
HEARTS ACE DIAMONDS FOUR,0.4456,0.0058,0.5486
DIAMONDS THREE SPADES EIGHT,0.6848,0.0146,0.3006
DIAMONDS THREE SPADES SEVEN,0.683,0.0138,0.3032
DIAMONDS THREE SPADES SIX,0.671,0.014,0.315
CLUBS SIX DIAMONDS THREE,0.6664,0.0124,0.3212
CLUBS ACE DIAMONDS FOUR,0.4554,0.0044,0.5402
CLUBS SIX CLUBS FIVE,0.592,0.012,0.396
CLUBS SEVEN CLUBS FIVE,0.602,0.0108,0.3872
CLUBS SEVEN DIAMONDS THREE,0.6792,0.0096,0.3112
DIAMONDS THREE CLUBS FOUR,0.6604,0.0104,0.3292
CLUBS QUEEN DIAMONDS FOUR,0.62,0.1638,0.2162
DIAMONDS THREE CLUBS FIVE,0.643,0.0128,0.3442
CLUBS KING DIAMONDS FOUR,0.4568,0.008,0.5352
DIAMONDS THREE CLUBS TWO,0.6712,0.0094,0.3194
DIAMONDS FOUR CLUBS TEN,0.6628,0.0124,0.3248
DIAMONDS THREE CLUBS THREE,0.4928,0.0198,0.4874
DIAMONDS FOUR CLUBS JACK,0.653,0.0122,0.3348
DIAMONDS THREE SPADES FOUR,0.66,0.0118,0.3282
DIAMONDS THREE SPADES FIVE,0.638,0.0132,0.3488
DIAMONDS THREE SPADES TWO,0.6758,0.0132,0.311
DIAMONDS THREE SPADES THREE,0.48,0.019,0.501
CLUBS EIGHT DIAMONDS THREE,0.7026,0.0136,0.2838
CLUBS NINE DIAMONDS THREE,0.7424,0.0436,0.214
SPADES SEVEN CLUBS ACE,0.4514,0.0038,0.5448
SPADES SEVEN CLUBS QUEEN,0.6198,0.1526,0.2276
SPADES SEVEN CLUBS KING,0.4456,0.0098,0.5446
SPADES SEVEN CLUBS FIVE,0.6466,0.0128,0.3406
SPADES SEVEN CLUBS TEN,0.6388,0.0088,0.3524
CLUBS FIVE SPADES SIX,0.643,0.0114,0.3456
SPADES SEVEN CLUBS JACK,0.6574,0.0118,0.3308
SPADES EIGHT CLUBS FIVE,0.6588,0.014,0.3272
CLUBS FIVE SPADES THREE,0.6472,0.0152,0.3376
CLUBS FIVE SPADES TWO,0.6582,0.0124,0.3294
CLUBS FIVE SPADES FIVE,0.4728,0.021,0.5062
CLUBS FIVE SPADES FOUR,0.6458,0.0112,0.343
CLUBS NINE CLUBS FIVE,0.687,0.0414,0.2716
CLUBS EIGHT CLUBS FIVE,0.632,0.0102,0.3578
CLUBS ACE CLUBS QUEEN,0.2678,0.0144,0.7178
CLUBS KING CLUBS QUEEN,0.2712,0.0248,0.704
DIAMONDS TEN DIAMONDS FOUR,0.6348,0.0094,0.3558
DIAMONDS NINE CLUBS TEN,0.7114,0.0356,0.253
DIAMONDS JACK DIAMONDS FOUR,0.6372,0.0142,0.3486
DIAMONDS NINE CLUBS JACK,0.723,0.0344,0.2426
DIAMONDS ACE DIAMONDS FOUR,0.4266,0.006,0.5674
HEARTS FOUR DIAMONDS FOUR,0.481,0.02,0.499
DIAMONDS JACK HEARTS TEN,0.5966,0.0086,0.3948
DIAMONDS TWO SPADES TEN,0.671,0.0126,0.3164
DIAMONDS NINE CLUBS ACE,0.3208,0.0154,0.6638
HEARTS FIVE DIAMONDS FOUR,0.64,0.0116,0.3484
HEARTS JACK DIAMONDS JACK,0.3278,0.0098,0.6624
SPADES JACK DIAMONDS TWO,0.6678,0.0146,0.3176
DIAMONDS QUEEN DIAMONDS FOUR,0.5806,0.156,0.2634
HEARTS TWO DIAMONDS FOUR,0.6604,0.0122,0.3274
DIAMONDS NINE CLUBS QUEEN,0.0706,0.909,0.0204
DIAMONDS KING DIAMONDS FOUR,0.4422,0.0048,0.553
HEARTS THREE DIAMONDS FOUR,0.655,0.0102,0.3348
DIAMONDS NINE CLUBS KING,0.2868,0.0292,0.684
HEARTS ACE DIAMONDS JACK,0.4158,0.0036,0.5806
SPADES ACE DIAMONDS TWO,0.4398,0.0068,0.5534
DIAMONDS JACK HEARTS QUEEN,0.2798,0.0812,0.639
HEARTS KING DIAMONDS JACK,0.4076,0.0064,0.586
SPADES KING DIAMONDS TWO,0.453,0.0072,0.5398
SPADES JACK SPADES SEVEN,0.6438,0.011,0.3452
SPADES TEN SPADES SEVEN,0.644,0.012,0.344
CLUBS SEVEN CLUBS THREE,0.6506,0.0094,0.34
CLUBS SIX CLUBS THREE,0.6394,0.0092,0.3514
CLUBS FIVE CLUBS THREE,0.6058,0.0108,0.3834
CLUBS FOUR CLUBS THREE,0.6206,0.0102,0.3692
CLUBS NINE CLUBS THREE,0.7048,0.0378,0.2574
CLUBS EIGHT CLUBS THREE,0.65,0.0142,0.3358
SPADES FIVE CLUBS THREE,0.649,0.013,0.338
CLUBS THREE SPADES FOUR,0.6488,0.0108,0.3404
CLUBS THREE SPADES THREE,0.4784,0.0204,0.5012
CLUBS THREE SPADES TWO,0.6712,0.0132,0.3156
SPADES SIX CLUBS THREE,0.6536,0.0148,0.3316
SPADES SEVEN CLUBS THREE,0.6712,0.0136,0.3152
SPADES EIGHT CLUBS THREE,0.6764,0.0112,0.3124
SPADES TWO DIAMONDS FOUR,0.6704,0.0146,0.315
SPADES THREE DIAMONDS FOUR,0.6598,0.0128,0.3274
SPADES FOUR DIAMONDS FOUR,0.4902,0.0194,0.4904
SPADES FIVE DIAMONDS FOUR,0.6374,0.0142,0.3484
SPADES SIX DIAMONDS FOUR,0.6534,0.011,0.3356
SPADES SEVEN DIAMONDS FOUR,0.6592,0.0104,0.3304
SPADES EIGHT DIAMONDS FOUR,0.6742,0.012,0.3138
CLUBS FIVE DIAMONDS FOUR,0.6406,0.0098,0.3496
CLUBS FOUR DIAMONDS FOUR,0.493,0.0186,0.4884
CLUBS SEVEN DIAMONDS FOUR,0.6668,0.0092,0.324
CLUBS SIX DIAMONDS FOUR,0.6554,0.0096,0.335
CLUBS NINE DIAMONDS FOUR,0.729,0.0458,0.2252
CLUBS EIGHT DIAMONDS FOUR,0.6844,0.012,0.3036
DIAMONDS FOUR HEARTS SEVEN,0.6628,0.0116,0.3256
HEARTS SIX DIAMONDS FOUR,0.6502,0.011,0.3388
HEARTS NINE DIAMONDS FOUR,0.7482,0.0402,0.2116
DIAMONDS FOUR HEARTS EIGHT,0.671,0.0108,0.3182
CLUBS THREE DIAMONDS FOUR,0.6454,0.0132,0.3414
CLUBS TWO DIAMONDS FOUR,0.6648,0.0116,0.3236
DIAMONDS TEN DIAMONDS FIVE,0.6312,0.0132,0.3556
DIAMONDS JACK DIAMONDS FIVE,0.6278,0.0092,0.363
DIAMONDS NINE HEARTS QUEEN,0.0712,0.9102,0.0186
HEARTS KING DIAMONDS NINE,0.2972,0.0288,0.674
DIAMONDS NINE HEARTS ACE,0.3054,0.0188,0.6758
DIAMONDS NINE HEARTS TEN,0.7158,0.034,0.2502
DIAMONDS NINE HEARTS JACK,0.7246,0.0358,0.2396
CLUBS KING DIAMONDS SIX,0.457,0.0058,0.5372
CLUBS QUEEN DIAMONDS SIX,0.6318,0.154,0.2142
CLUBS ACE DIAMONDS SIX,0.4584,0.0028,0.5388
SPADES KING DIAMONDS FOUR,0.4494,0.01,0.5406
SPADES ACE SPADES SEVEN,0.3978,0.0038,0.5984
CLUBS JACK DIAMONDS SIX,0.6646,0.0084,0.327
SPADES KING SPADES SEVEN,0.4182,0.0084,0.5734
SPADES ACE DIAMONDS FOUR,0.4296,0.0044,0.566
CLUBS TEN DIAMONDS SIX,0.6632,0.0112,0.3256
CLUBS NINE CLUBS FOUR,0.6978,0.0434,0.2588
CLUBS EIGHT CLUBS FOUR,0.6412,0.0096,0.3492
SPADES JACK DIAMONDS FOUR,0.6732,0.0118,0.315
SPADES TEN DIAMONDS FOUR,0.6688,0.0114,0.3198
CLUBS FOUR CLUBS FIVE,0.6084,0.0112,0.3804
CLUBS SEVEN CLUBS FOUR,0.6276,0.0094,0.363
CLUBS SIX CLUBS FOUR,0.6152,0.0114,0.3734
CLUBS SEVEN SPADES EIGHT,0.6576,0.0086,0.3338
CLUBS SEVEN SPADES SIX,0.6468,0.01,0.3432
CLUBS SEVEN SPADES SEVEN,0.4718,0.0186,0.5096
CLUBS SEVEN SPADES FIVE,0.655,0.0112,0.3338
CLUBS SEVEN SPADES FOUR,0.66,0.0104,0.3296
CLUBS SEVEN SPADES THREE,0.6618,0.012,0.3262
CLUBS SEVEN SPADES TWO,0.6904,0.0114,0.2982
CLUBS NINE CLUBS SEVEN,0.679,0.0426,0.2784
CLUBS EIGHT CLUBS SEVEN,0.624,0.011,0.365
HEARTS SIX DIAMONDS FIVE,0.648,0.011,0.341
DIAMONDS FIVE HEARTS SEVEN,0.6492,0.011,0.3398
DIAMONDS FIVE HEARTS EIGHT,0.679,0.0094,0.3116
HEARTS NINE DIAMONDS FIVE,0.7222,0.045,0.2328
DIAMONDS QUEEN DIAMONDS FIVE,0.5926,0.1426,0.2648
HEARTS TWO DIAMONDS FIVE,0.664,0.0098,0.3262
HEARTS KING HEARTS EIGHT,0.4318,0.005,0.5632
DIAMONDS KING DIAMONDS FIVE,0.4214,0.0076,0.571
HEARTS THREE DIAMONDS FIVE,0.654,0.01,0.336
HEARTS QUEEN HEARTS EIGHT,0.5926,0.1476,0.2598
DIAMONDS ACE DIAMONDS FIVE,0.4232,0.005,0.5718
HEARTS FOUR DIAMONDS FIVE,0.6356,0.0132,0.3512
HEARTS FIVE DIAMONDS FIVE,0.4924,0.0218,0.4858
HEARTS ACE HEARTS EIGHT,0.4262,0.0054,0.5684
CLUBS FOUR DIAMONDS FIVE,0.6478,0.009,0.3432
CLUBS FIVE DIAMONDS FIVE,0.4814,0.02,0.4986
CLUBS SIX DIAMONDS FIVE,0.6534,0.0092,0.3374
CLUBS SEVEN DIAMONDS FIVE,0.6464,0.0112,0.3424
CLUBS TWO DIAMONDS FIVE,0.6594,0.0102,0.3304
CLUBS THREE DIAMONDS FIVE,0.6328,0.012,0.3552
SPADES THREE DIAMONDS FIVE,0.645,0.012,0.343
SPADES TWO DIAMONDS FIVE,0.6578,0.0142,0.328
SPADES FIVE DIAMONDS FIVE,0.4758,0.0198,0.5044
SPADES JACK DIAMONDS EIGHT,0.6376,0.0116,0.3508
HEARTS JACK CLUBS TEN,0.5928,0.0088,0.3984
SPADES TEN DIAMONDS EIGHT,0.6408,0.0114,0.3478
SPADES FOUR DIAMONDS FIVE,0.6488,0.0094,0.3418
HEARTS JACK CLUBS JACK,0.3334,0.0074,0.6592
HEARTS JACK CLUBS QUEEN,0.2842,0.0828,0.633
CLUBS NINE DIAMONDS FIVE,0.729,0.0476,0.2234
HEARTS JACK CLUBS KING,0.4,0.0056,0.5944
CLUBS EIGHT DIAMONDS FIVE,0.6628,0.011,0.3262
HEARTS JACK CLUBS ACE,0.4232,0.0036,0.5732
SPADES SEVEN DIAMONDS FIVE,0.6458,0.0102,0.344
SPADES KING DIAMONDS EIGHT,0.4332,0.0056,0.5612
SPADES SIX DIAMONDS FIVE,0.6306,0.0138,0.3556
SPADES EIGHT DIAMONDS FIVE,0.6598,0.0104,0.3298
SPADES ACE DIAMONDS EIGHT,0.4434,0.0028,0.5538
DIAMONDS TEN DIAMONDS SIX,0.6228,0.0094,0.3678
HEARTS ACE DIAMONDS SEVEN,0.4304,0.0038,0.5658
DIAMONDS JACK DIAMONDS SIX,0.6254,0.0078,0.3668
HEARTS QUEEN DIAMONDS SEVEN,0.6248,0.153,0.2222
HEARTS KING DIAMONDS SEVEN,0.457,0.0062,0.5368
DIAMONDS ACE DIAMONDS SIX,0.432,0.0038,0.5642
HEARTS FOUR DIAMONDS SIX,0.6424,0.0136,0.344
SPADES TWO HEARTS JACK,0.6752,0.0114,0.3134
HEARTS FIVE DIAMONDS SIX,0.6356,0.0118,0.3526
SPADES TWO HEARTS TEN,0.6636,0.0116,0.3248
DIAMONDS QUEEN DIAMONDS SIX,0.5858,0.1482,0.266
HEARTS TWO DIAMONDS SIX,0.6852,0.0112,0.3036
DIAMONDS KING DIAMONDS SIX,0.4448,0.0054,0.5498
HEARTS THREE DIAMONDS SIX,0.6654,0.011,0.3236
HEARTS EIGHT DIAMONDS SIX,0.6608,0.007,0.3322
HEARTS NINE DIAMONDS SIX,0.7286,0.0388,0.2326
HEARTS SIX DIAMONDS SIX,0.4804,0.021,0.4986
HEARTS SEVEN DIAMONDS SIX,0.6382,0.01,0.3518
HEARTS TEN DIAMONDS SEVEN,0.6432,0.009,0.3478
CLUBS TWO DIAMONDS SIX,0.6824,0.0108,0.3068
HEARTS JACK DIAMONDS SEVEN,0.6554,0.0092,0.3354
CLUBS THREE DIAMONDS SIX,0.6662,0.0112,0.3226
DIAMONDS EIGHT CLUBS JACK,0.6556,0.0098,0.3346
CLUBS SEVEN DIAMONDS SIX,0.6466,0.0112,0.3422
CLUBS SIX DIAMONDS SIX,0.4768,0.0178,0.5054
DIAMONDS EIGHT CLUBS TEN,0.65,0.0102,0.3398
CLUBS FIVE DIAMONDS SIX,0.6538,0.0066,0.3396
CLUBS FOUR DIAMONDS SIX,0.6534,0.0096,0.337
HEARTS ACE HEARTS JACK,0.3808,0.005,0.6142
DIAMONDS EIGHT CLUBS ACE,0.4576,0.0044,0.538
HEARTS JACK HEARTS QUEEN,0.2574,0.083,0.6596
DIAMONDS EIGHT CLUBS KING,0.4514,0.0058,0.5428
CLUBS NINE DIAMONDS SIX,0.711,0.0416,0.2474
HEARTS KING HEARTS JACK,0.3736,0.007,0.6194
DIAMONDS EIGHT CLUBS QUEEN,0.6452,0.1528,0.202
CLUBS EIGHT DIAMONDS SIX,0.6514,0.0104,0.3382
SPADES FIVE DIAMONDS SIX,0.6348,0.012,0.3532
SPADES TEN HEARTS KING,0.3826,0.008,0.6094
HEARTS ACE SPADES TWO,0.4344,0.0052,0.5604
SPADES JACK HEARTS KING,0.3928,0.0068,0.6004
SPADES FOUR DIAMONDS SIX,0.662,0.0084,0.3296
SPADES THREE DIAMONDS SIX,0.6554,0.0118,0.3328
SPADES TWO HEARTS QUEEN,0.6256,0.1598,0.2146
SPADES ACE SPADES KING,0.3328,0.007,0.6602
HEARTS KING SPADES TWO,0.4374,0.0094,0.5532
SPADES TWO DIAMONDS SIX,0.6824,0.0112,0.3064
HEARTS TEN HEARTS EIGHT,0.5968,0.0086,0.3946
HEARTS JACK HEARTS EIGHT,0.6054,0.0116,0.383
SPADES EIGHT DIAMONDS SIX,0.6476,0.0124,0.34
SPADES SEVEN DIAMONDS SIX,0.6334,0.0128,0.3538
SPADES SIX DIAMONDS SIX,0.4834,0.018,0.4986
SPADES KING HEARTS KING,0.1868,0.0058,0.8074
CLUBS ACE CLUBS KING,0.358,0.0046,0.6374
SPADES ACE HEARTS KING,0.3644,0.0054,0.6302
SPADES ACE HEARTS JACK,0.3932,0.0054,0.6014
SPADES KING HEARTS JACK,0.3894,0.0076,0.603
SPADES TEN DIAMONDS TEN,0.3288,0.016,0.6552
SPADES JACK DIAMONDS TEN,0.5936,0.0096,0.3968
SPADES ACE DIAMONDS TEN,0.39,0.0032,0.6068
SPADES JACK HEARTS JACK,0.3244,0.0098,0.6658
SPADES TEN HEARTS JACK,0.5866,0.011,0.4024
SPADES KING DIAMONDS TEN,0.3818,0.0066,0.6116
SPADES EIGHT DIAMONDS SEVEN,0.647,0.0118,0.3412
SPADES SEVEN DIAMONDS SEVEN,0.4758,0.0194,0.5048
SPADES SIX DIAMONDS SEVEN,0.6462,0.0122,0.3416
DIAMONDS KING DIAMONDS SEVEN,0.432,0.0076,0.5604
HEARTS THREE DIAMONDS SEVEN,0.6872,0.0084,0.3044
HEARTS KING DIAMONDS FIVE,0.4536,0.0078,0.5386
DIAMONDS QUEEN DIAMONDS SEVEN,0.5846,0.1548,0.2606
HEARTS TWO DIAMONDS SEVEN,0.6944,0.0142,0.2914
HEARTS QUEEN DIAMONDS FIVE,0.6138,0.1684,0.2178
HEARTS FIVE DIAMONDS SEVEN,0.6592,0.0112,0.3296
DIAMONDS ACE DIAMONDS SEVEN,0.4238,0.004,0.5722
HEARTS FOUR DIAMONDS SEVEN,0.6666,0.0114,0.322
HEARTS ACE DIAMONDS FIVE,0.4492,0.003,0.5478
HEARTS SEVEN DIAMONDS SEVEN,0.4802,0.0162,0.5036
HEARTS SIX DIAMONDS SEVEN,0.6418,0.0094,0.3488
HEARTS NINE DIAMONDS SEVEN,0.7042,0.042,0.2538
DIAMONDS SEVEN HEARTS EIGHT,0.6438,0.0114,0.3448
DIAMONDS JACK DIAMONDS SEVEN,0.6302,0.0096,0.3602
HEARTS JACK DIAMONDS FIVE,0.6724,0.0088,0.3188
DIAMONDS TEN DIAMONDS SEVEN,0.6162,0.0098,0.374
DIAMONDS FIVE HEARTS TEN,0.6686,0.0096,0.3218
SPADES KING CLUBS TWO,0.4566,0.006,0.5374
HEARTS KING CLUBS KING,0.1924,0.004,0.8036
CLUBS EIGHT DIAMONDS SEVEN,0.6396,0.0078,0.3526
HEARTS KING CLUBS QUEEN,0.3014,0.0222,0.6764
CLUBS NINE DIAMONDS SEVEN,0.7218,0.0426,0.2356
SPADES TWO CLUBS JACK,0.6836,0.0118,0.3046
SPADES ACE CLUBS TWO,0.4416,0.0046,0.5538
SPADES TWO CLUBS TEN,0.672,0.0086,0.3194
HEARTS KING CLUBS ACE,0.3734,0.003,0.6236
CLUBS SIX CLUBS SEVEN,0.6074,0.01,0.3826
SPADES TWO CLUBS KING,0.4552,0.0056,0.5392
SPADES TWO DIAMONDS SEVEN,0.6826,0.0104,0.307
CLUBS EIGHT CLUBS SIX,0.6158,0.012,0.3722
SPADES THREE DIAMONDS SEVEN,0.679,0.015,0.306
SPADES TWO CLUBS QUEEN,0.6274,0.1606,0.212
CLUBS NINE CLUBS SIX,0.6742,0.0432,0.2826
SPADES FOUR DIAMONDS SEVEN,0.661,0.0096,0.3294
HEARTS KING CLUBS JACK,0.4044,0.0064,0.5892
SPADES FIVE DIAMONDS SEVEN,0.649,0.0108,0.3402
SPADES TWO CLUBS ACE,0.447,0.006,0.547
HEARTS KING CLUBS TEN,0.404,0.0066,0.5894
CLUBS SIX SPADES TWO,0.6774,0.0094,0.3132
CLUBS SIX SPADES THREE,0.6666,0.012,0.3214
CLUBS TWO DIAMONDS SEVEN,0.6908,0.0108,0.2984
CLUBS SIX SPADES FOUR,0.6464,0.0106,0.343
CLUBS THREE DIAMONDS SEVEN,0.6832,0.0088,0.308
CLUBS SIX SPADES FIVE,0.6364,0.0094,0.3542
CLUBS FOUR DIAMONDS SEVEN,0.6718,0.0118,0.3164
CLUBS SIX SPADES SIX,0.4694,0.0156,0.515
CLUBS FIVE DIAMONDS SEVEN,0.663,0.0092,0.3278
CLUBS SIX SPADES SEVEN,0.6342,0.0104,0.3554
CLUBS SIX DIAMONDS SEVEN,0.6412,0.009,0.3498
CLUBS SIX SPADES EIGHT,0.6488,0.012,0.3392
SPADES JACK CLUBS TWO,0.6752,0.0098,0.315
SPADES TEN CLUBS TWO,0.6784,0.01,0.3116
CLUBS SEVEN DIAMONDS SEVEN,0.4786,0.0196,0.5018
CLUBS TWO CLUBS QUEEN,0.5956,0.1512,0.2532
CLUBS TWO CLUBS KING,0.426,0.0078,0.5662
CLUBS THREE DIAMONDS EIGHT,0.6872,0.0086,0.3042
CLUBS TWO CLUBS ACE,0.4316,0.0064,0.562
CLUBS TWO DIAMONDS EIGHT,0.6992,0.0122,0.2886
DIAMONDS EIGHT HEARTS SEVEN,0.651,0.0084,0.3406
HEARTS SIX DIAMONDS EIGHT,0.6506,0.0082,0.3412
DIAMONDS EIGHT HEARTS NINE,0.7102,0.0376,0.2522
CLUBS TWO CLUBS TEN,0.6214,0.0114,0.3672
DIAMONDS EIGHT HEARTS EIGHT,0.4684,0.0176,0.514
CLUBS TWO CLUBS JACK,0.6234,0.0106,0.366
CLUBS NINE DIAMONDS EIGHT,0.7058,0.0384,0.2558
CLUBS EIGHT DIAMONDS EIGHT,0.472,0.0148,0.5132
CLUBS FIVE DIAMONDS EIGHT,0.6648,0.0112,0.324
SPADES ACE SPADES THREE,0.4126,0.0054,0.582
CLUBS FOUR DIAMONDS EIGHT,0.6782,0.0092,0.3126
CLUBS SEVEN DIAMONDS EIGHT,0.6556,0.0098,0.3346
CLUBS SIX DIAMONDS EIGHT,0.6568,0.0084,0.3348
SPADES KING SPADES THREE,0.4164,0.0088,0.5748
DIAMONDS QUEEN DIAMONDS EIGHT,0.5842,0.1532,0.2626
HEARTS TWO DIAMONDS EIGHT,0.6926,0.0098,0.2976
DIAMONDS KING DIAMONDS EIGHT,0.4262,0.0074,0.5664
HEARTS THREE DIAMONDS EIGHT,0.6918,0.0096,0.2986
DIAMONDS ACE DIAMONDS EIGHT,0.4222,0.0048,0.573
HEARTS FOUR DIAMONDS EIGHT,0.6784,0.0092,0.3124
HEARTS FIVE DIAMONDS EIGHT,0.6672,0.0108,0.322
DIAMONDS EIGHT DIAMONDS TEN,0.6006,0.0094,0.39
DIAMONDS EIGHT DIAMONDS JACK,0.6098,0.0084,0.3818
SPADES JACK SPADES THREE,0.6632,0.011,0.3258
SPADES TEN SPADES THREE,0.6782,0.011,0.3108
CLUBS FOUR HEARTS ACE,0.4532,0.004,0.5428
CLUBS FOUR HEARTS QUEEN,0.6274,0.1652,0.2074
CLUBS FOUR HEARTS KING,0.4746,0.0076,0.5178
CLUBS SIX HEARTS TEN,0.6474,0.0106,0.342
CLUBS SIX HEARTS JACK,0.6764,0.0096,0.314
SPADES FOUR DIAMONDS EIGHT,0.6752,0.0112,0.3136
SPADES FIVE DIAMONDS EIGHT,0.6592,0.0114,0.3294
DIAMONDS EIGHT SPADES TWO,0.6966,0.0104,0.293
SPADES THREE DIAMONDS EIGHT,0.68,0.0118,0.3082
CLUBS FOUR HEARTS JACK,0.669,0.0106,0.3204
SPADES EIGHT DIAMONDS EIGHT,0.4658,0.021,0.5132
SPADES JACK HEARTS EIGHT,0.638,0.011,0.351
SPADES TEN HEARTS TWO,0.6648,0.0128,0.3224
SPADES TEN DIAMONDS QUEEN,0.261,0.1186,0.6204
CLUBS FOUR HEARTS TEN,0.6676,0.009,0.3234
SPADES JACK HEARTS TWO,0.6686,0.0118,0.3196
SPADES JACK DIAMONDS QUEEN,0.262,0.0836,0.6544
SPADES TEN HEARTS EIGHT,0.626,0.0108,0.3632
SPADES SIX DIAMONDS EIGHT,0.655,0.009,0.336
SPADES SEVEN DIAMONDS EIGHT,0.6496,0.0136,0.3368
SPADES ACE HEARTS TWO,0.4494,0.0044,0.5462
SPADES ACE DIAMONDS QUEEN,0.2662,0.0162,0.7176
SPADES ACE HEARTS EIGHT,0.433,0.0036,0.5634
SPADES KING HEARTS EIGHT,0.451,0.0064,0.5426
SPADES KING DIAMONDS QUEEN,0.2776,0.0272,0.6952
SPADES KING HEARTS TWO,0.4474,0.0076,0.545
CLUBS TWO HEARTS TEN,0.6726,0.0104,0.317
CLUBS TWO HEARTS JACK,0.6794,0.01,0.3106
SPADES SEVEN DIAMONDS NINE,0.7222,0.0386,0.2392
SPADES SIX DIAMONDS NINE,0.7142,0.046,0.2398
SPADES EIGHT DIAMONDS NINE,0.696,0.0456,0.2584
SPADES TEN CLUBS KING,0.3946,0.007,0.5984
DIAMONDS NINE SPADES THREE,0.7158,0.0488,0.2354
SPADES JACK CLUBS KING,0.393,0.0078,0.5992
DIAMONDS NINE SPADES TWO,0.7406,0.043,0.2164
SPADES FIVE DIAMONDS NINE,0.7142,0.0486,0.2372
SPADES FOUR DIAMONDS NINE,0.7388,0.0514,0.2098
CLUBS NINE DIAMONDS NINE,0.3464,0.0286,0.625
CLUBS EIGHT DIAMONDS NINE,0.7076,0.0422,0.2502
CLUBS SIX DIAMONDS NINE,0.7212,0.0406,0.2382
SPADES JACK CLUBS FOUR,0.6632,0.0124,0.3244
SPADES TEN CLUBS FOUR,0.6558,0.0136,0.3306
CLUBS SEVEN DIAMONDS NINE,0.715,0.04,0.245
CLUBS FOUR DIAMONDS NINE,0.7302,0.0462,0.2236
CLUBS FIVE DIAMONDS NINE,0.7212,0.0484,0.2304
CLUBS TWO DIAMONDS NINE,0.7388,0.048,0.2132
CLUBS THREE DIAMONDS NINE,0.7328,0.0474,0.2198
DIAMONDS NINE HEARTS EIGHT,0.7014,0.0446,0.254
DIAMONDS NINE HEARTS NINE,0.3506,0.026,0.6234
HEARTS SIX DIAMONDS NINE,0.7208,0.0446,0.2346
DIAMONDS NINE HEARTS SEVEN,0.7274,0.042,0.2306
CLUBS EIGHT CLUBS NINE,0.6674,0.0452,0.2874
DIAMONDS ACE DIAMONDS NINE,0.2904,0.0156,0.694
HEARTS FOUR DIAMONDS NINE,0.736,0.0456,0.2184
HEARTS FIVE DIAMONDS NINE,0.7304,0.0408,0.2288
CLUBS TWO HEARTS ACE,0.4624,0.005,0.5326
SPADES ACE CLUBS FOUR,0.4294,0.006,0.5646
DIAMONDS QUEEN DIAMONDS NINE,0.0714,0.8522,0.0764
HEARTS TWO DIAMONDS NINE,0.7436,0.046,0.2104
CLUBS TWO HEARTS KING,0.4742,0.0072,0.5186
SPADES KING CLUBS FOUR,0.4446,0.0066,0.5488
DIAMONDS KING DIAMONDS NINE,0.2794,0.034,0.6866
HEARTS THREE DIAMONDS NINE,0.7322,0.0492,0.2186
CLUBS TWO HEARTS QUEEN,0.6314,0.1648,0.2038
DIAMONDS NINE DIAMONDS JACK,0.6814,0.0372,0.2814
DIAMONDS NINE DIAMONDS TEN,0.6624,0.0344,0.3032
CLUBS EIGHT SPADES EIGHT,0.4608,0.017,0.5222
CLUBS EIGHT SPADES SEVEN,0.6412,0.0104,0.3484
CLUBS EIGHT SPADES SIX,0.6692,0.0076,0.3232
CLUBS EIGHT SPADES FIVE,0.6588,0.0098,0.3314
CLUBS EIGHT SPADES FOUR,0.6746,0.01,0.3154
CLUBS EIGHT SPADES THREE,0.6798,0.0136,0.3066
CLUBS EIGHT SPADES TWO,0.6912,0.0124,0.2964
HEARTS SIX DIAMONDS TEN,0.6574,0.0094,0.3332
DIAMONDS TEN HEARTS SEVEN,0.6514,0.0088,0.3398
DIAMONDS TEN HEARTS EIGHT,0.6444,0.0098,0.3458
CLUBS FOUR CLUBS JACK,0.6308,0.0138,0.3554
DIAMONDS TEN HEARTS NINE,0.7066,0.036,0.2574
CLUBS FOUR CLUBS TEN,0.6284,0.008,0.3636
CLUBS FOUR CLUBS KING,0.4302,0.0068,0.563
CLUBS FOUR CLUBS QUEEN,0.5946,0.1524,0.253
CLUBS TWO DIAMONDS TEN,0.6806,0.008,0.3114
CLUBS THREE DIAMONDS TEN,0.6678,0.0078,0.3244
CLUBS FOUR CLUBS ACE,0.4166,0.0052,0.5782
DIAMONDS JACK DIAMONDS TEN,0.573,0.0084,0.4186
DIAMONDS QUEEN DIAMONDS TEN,0.2552,0.1032,0.6416
HEARTS TWO DIAMONDS TEN,0.6674,0.014,0.3186
DIAMONDS KING DIAMONDS TEN,0.3754,0.0052,0.6194
HEARTS THREE DIAMONDS TEN,0.672,0.011,0.317
DIAMONDS ACE DIAMONDS TEN,0.3826,0.006,0.6114
HEARTS FOUR DIAMONDS TEN,0.67,0.0104,0.3196
CLUBS EIGHT HEARTS JACK,0.6542,0.0104,0.3354
HEARTS FIVE DIAMONDS TEN,0.6662,0.008,0.3258
CLUBS EIGHT HEARTS TEN,0.6432,0.0092,0.3476
CLUBS EIGHT HEARTS QUEEN,0.6278,0.154,0.2182
CLUBS EIGHT HEARTS KING,0.4534,0.006,0.5406
CLUBS EIGHT HEARTS ACE,0.4388,0.0032,0.558
CLUBS NINE SPADES THREE,0.7352,0.0458,0.219
CLUBS NINE SPADES TWO,0.7278,0.056,0.2162
CLUBS NINE SPADES FIVE,0.722,0.0444,0.2336
CLUBS NINE SPADES FOUR,0.7322,0.0472,0.2206
CLUBS NINE SPADES SEVEN,0.7112,0.0406,0.2482
CLUBS NINE SPADES SIX,0.7114,0.0418,0.2468
CLUBS TEN HEARTS EIGHT,0.6424,0.0094,0.3482
CLUBS NINE SPADES EIGHT,0.6984,0.05,0.2516
CLUBS JACK HEARTS EIGHT,0.6512,0.0102,0.3386
CLUBS QUEEN HEARTS EIGHT,0.6292,0.1646,0.2062
CLUBS KING HEARTS EIGHT,0.4364,0.0074,0.5562
CLUBS ACE HEARTS EIGHT,0.438,0.004,0.558
SPADES KING CLUBS KING,0.1758,0.004,0.8202
SPADES ACE CLUBS KING,0.3694,0.0044,0.6262
DIAMONDS ACE HEARTS TEN,0.4116,0.0042,0.5842
HEARTS FOUR HEARTS TEN,0.6388,0.01,0.3512
DIAMONDS ACE HEARTS JACK,0.413,0.005,0.582
HEARTS FOUR HEARTS JACK,0.6342,0.0096,0.3562
SPADES KING CLUBS FIVE,0.44,0.0072,0.5528
SPADES ACE CLUBS FIVE,0.4272,0.0046,0.5682
DIAMONDS JACK HEARTS SEVEN,0.6558,0.009,0.3352
HEARTS SIX DIAMONDS JACK,0.6808,0.009,0.3102
DIAMONDS JACK HEARTS NINE,0.7206,0.0358,0.2436
DIAMONDS JACK HEARTS EIGHT,0.6514,0.0086,0.34
DIAMONDS KING DIAMONDS JACK,0.3796,0.006,0.6144
HEARTS THREE DIAMONDS JACK,0.6712,0.0138,0.315
SPADES FOUR HEARTS ACE,0.4422,0.0046,0.5532
SPADES ACE SPADES SIX,0.3924,0.0048,0.6028
DIAMONDS QUEEN DIAMONDS JACK,0.277,0.0848,0.6382
HEARTS TWO DIAMONDS JACK,0.6728,0.0116,0.3156
HEARTS FIVE DIAMONDS JACK,0.6732,0.01,0.3168
SPADES FOUR HEARTS QUEEN,0.6196,0.158,0.2224
DIAMONDS ACE DIAMONDS JACK,0.383,0.0048,0.6122
HEARTS FOUR DIAMONDS JACK,0.673,0.0096,0.3174
SPADES FOUR HEARTS KING,0.458,0.0068,0.5352
SPADES KING SPADES SIX,0.4024,0.0086,0.589
SPADES TEN SPADES SIX,0.648,0.0118,0.3402
SPADES JACK SPADES SIX,0.6524,0.011,0.3366
SPADES FOUR DIAMONDS JACK,0.667,0.012,0.321
SPADES FIVE DIAMONDS JACK,0.6624,0.0132,0.3244
SPADES TWO DIAMONDS JACK,0.6574,0.0126,0.33
SPADES THREE DIAMONDS JACK,0.6752,0.0098,0.315
SPADES ACE DIAMONDS THREE,0.444,0.0052,0.5508
CLUBS EIGHT DIAMONDS JACK,0.6588,0.0112,0.33
SPADES KING DIAMONDS THREE,0.4452,0.0086,0.5462
CLUBS NINE DIAMONDS JACK,0.7202,0.0382,0.2416
CLUBS SIX DIAMONDS JACK,0.6786,0.0098,0.3116
CLUBS SEVEN DIAMONDS JACK,0.6574,0.01,0.3326
CLUBS FOUR DIAMONDS JACK,0.6722,0.009,0.3188
CLUBS FIVE DIAMONDS JACK,0.6676,0.0116,0.3208
CLUBS TWO DIAMONDS JACK,0.6714,0.008,0.3206
CLUBS THREE DIAMONDS JACK,0.6712,0.0114,0.3174
SPADES JACK HEARTS SIX,0.663,0.0104,0.3266
SPADES TEN CLUBS FIVE,0.6612,0.0088,0.33
SPADES JACK CLUBS FIVE,0.66,0.0106,0.3294
HEARTS SIX SPADES TEN,0.647,0.0088,0.3442
SPADES JACK DIAMONDS THREE,0.6668,0.012,0.3212
CLUBS SEVEN CLUBS ACE,0.4302,0.0034,0.5664
SPADES TEN DIAMONDS THREE,0.6804,0.0106,0.309
CLUBS SEVEN CLUBS QUEEN,0.5838,0.1486,0.2676
CLUBS SEVEN CLUBS KING,0.4332,0.0072,0.5596
CLUBS SEVEN CLUBS TEN,0.6038,0.0104,0.3858
DIAMONDS ACE HEARTS ACE,0.2004,0.0022,0.7974
HEARTS FOUR HEARTS ACE,0.4184,0.0066,0.575
SPADES EIGHT DIAMONDS JACK,0.6546,0.0116,0.3338
SPADES ACE HEARTS SIX,0.4378,0.0046,0.5576
CLUBS SEVEN CLUBS JACK,0.6266,0.0106,0.3628
DIAMONDS ACE HEARTS KING,0.3728,0.0042,0.623
HEARTS FOUR HEARTS KING,0.4318,0.0076,0.5606
SPADES SEVEN DIAMONDS JACK,0.6618,0.0114,0.3268
SPADES KING HEARTS SIX,0.4412,0.0078,0.551
DIAMONDS ACE HEARTS QUEEN,0.281,0.0144,0.7046
HEARTS FOUR HEARTS QUEEN,0.5884,0.1456,0.266
SPADES SIX DIAMONDS JACK,0.673,0.0086,0.3184
SPADES TWO DIAMONDS TEN,0.667,0.0106,0.3224
SPADES THREE DIAMONDS TEN,0.677,0.0088,0.3142
SPADES FOUR DIAMONDS TEN,0.668,0.0092,0.3228
SPADES FIVE DIAMONDS TEN,0.657,0.012,0.331
SPADES SIX DIAMONDS TEN,0.648,0.0098,0.3422
SPADES SEVEN DIAMONDS TEN,0.6488,0.0104,0.3408
SPADES EIGHT DIAMONDS TEN,0.6268,0.0102,0.363
CLUBS FOUR DIAMONDS TEN,0.6682,0.0132,0.3186
CLUBS FIVE DIAMONDS TEN,0.6682,0.0084,0.3234
CLUBS SIX DIAMONDS TEN,0.6574,0.0084,0.3342
CLUBS SEVEN DIAMONDS TEN,0.6474,0.0122,0.3404
CLUBS EIGHT DIAMONDS TEN,0.6304,0.0098,0.3598
CLUBS NINE DIAMONDS TEN,0.7114,0.0348,0.2538
DIAMONDS THREE CLUBS JACK,0.6668,0.0108,0.3224
DIAMONDS THREE CLUBS TEN,0.665,0.0104,0.3246
DIAMONDS THREE CLUBS KING,0.4714,0.0054,0.5232
DIAMONDS THREE CLUBS QUEEN,0.6268,0.1594,0.2138
DIAMONDS THREE CLUBS ACE,0.455,0.0042,0.5408
SPADES FOUR HEARTS JACK,0.6702,0.01,0.3198
SPADES FOUR HEARTS TEN,0.6694,0.0114,0.3192
SPADES FIVE SPADES TWO,0.6628,0.0132,0.324
SPADES FOUR SPADES TWO,0.661,0.0106,0.3284
SPADES THREE SPADES TWO,0.663,0.0118,0.3252
SPADES EIGHT SPADES TWO,0.6752,0.0134,0.3114
SPADES SEVEN SPADES TWO,0.6912,0.0122,0.2966
SPADES SIX SPADES TWO,0.6722,0.0102,0.3176
DIAMONDS QUEEN CLUBS THREE,0.6234,0.1584,0.2182
HEARTS TWO CLUBS THREE,0.662,0.014,0.324
DIAMONDS QUEEN CLUBS TWO,0.6152,0.1622,0.2226
CLUBS TWO HEARTS TWO,0.4926,0.0238,0.4836
DIAMONDS QUEEN HEARTS SEVEN,0.6246,0.1592,0.2162
HEARTS TWO HEARTS SEVEN,0.6484,0.0088,0.3428
HEARTS SIX DIAMONDS QUEEN,0.6276,0.1602,0.2122
HEARTS SIX HEARTS TWO,0.6322,0.0088,0.359
DIAMONDS QUEEN HEARTS NINE,0.0732,0.9042,0.0226
HEARTS TWO HEARTS NINE,0.7042,0.0426,0.2532
DIAMONDS QUEEN HEARTS EIGHT,0.6112,0.1638,0.225
HEARTS TWO HEARTS EIGHT,0.6568,0.0132,0.33
CLUBS NINE HEARTS TWO,0.735,0.054,0.211
CLUBS NINE DIAMONDS QUEEN,0.0718,0.907,0.0212
CLUBS EIGHT HEARTS TWO,0.6954,0.0124,0.2922
CLUBS EIGHT DIAMONDS QUEEN,0.626,0.1506,0.2234
CLUBS FIVE DIAMONDS QUEEN,0.612,0.1554,0.2326
CLUBS FIVE HEARTS TWO,0.6674,0.0122,0.3204
SPADES EIGHT HEARTS ACE,0.4428,0.0028,0.5544
CLUBS FOUR DIAMONDS QUEEN,0.626,0.1532,0.2208
CLUBS FOUR HEARTS TWO,0.6712,0.0106,0.3182
SPADES EIGHT HEARTS QUEEN,0.62,0.1654,0.2146
CLUBS SEVEN HEARTS TWO,0.688,0.0098,0.3022
CLUBS SEVEN DIAMONDS QUEEN,0.6204,0.1626,0.217
CLUBS SIX DIAMONDS QUEEN,0.6192,0.1564,0.2244
CLUBS SIX HEARTS TWO,0.6784,0.0128,0.3088
SPADES EIGHT HEARTS KING,0.4458,0.007,0.5472
DIAMONDS QUEEN SPADES SIX,0.6276,0.1556,0.2168
SPADES SIX HEARTS TWO,0.6658,0.0118,0.3224
HEARTS FOUR CLUBS QUEEN,0.6298,0.152,0.2182
DIAMONDS ACE CLUBS QUEEN,0.2944,0.0164,0.6892
SPADES SEVEN DIAMONDS QUEEN,0.6158,0.1644,0.2198
SPADES SEVEN HEARTS TWO,0.6838,0.0112,0.305
HEARTS FOUR CLUBS KING,0.4646,0.0066,0.5288
DIAMONDS ACE CLUBS KING,0.376,0.0056,0.6184
SPADES EIGHT DIAMONDS QUEEN,0.6138,0.1578,0.2284
SPADES EIGHT HEARTS TWO,0.6862,0.0102,0.3036
HEARTS FOUR CLUBS ACE,0.4492,0.005,0.5458
DIAMONDS ACE CLUBS ACE,0.2044,0.0032,0.7924
HEARTS TWO SPADES TWO,0.4848,0.0196,0.4956
DIAMONDS QUEEN SPADES TWO,0.6292,0.1542,0.2166
HEARTS TWO SPADES THREE,0.6682,0.0114,0.3204
DIAMONDS QUEEN SPADES THREE,0.6172,0.1606,0.2222
HEARTS TWO SPADES FOUR,0.6648,0.011,0.3242
DIAMONDS QUEEN SPADES FOUR,0.627,0.1572,0.2158
HEARTS FOUR CLUBS TEN,0.6638,0.0102,0.326
DIAMONDS ACE CLUBS TEN,0.3926,0.0022,0.6052
DIAMONDS QUEEN SPADES FIVE,0.6212,0.158,0.2208
HEARTS TWO SPADES FIVE,0.656,0.015,0.329
HEARTS FOUR CLUBS JACK,0.675,0.0108,0.3142
DIAMONDS ACE CLUBS JACK,0.4014,0.0054,0.5932
CLUBS FIVE CLUBS KING,0.4282,0.0076,0.5642
CLUBS FIVE CLUBS QUEEN,0.5802,0.1496,0.2702
CLUBS FIVE CLUBS ACE,0.4196,0.004,0.5764
CLUBS FIVE CLUBS JACK,0.6296,0.012,0.3584
CLUBS FIVE CLUBS TEN,0.6272,0.0094,0.3634
SPADES KING CLUBS JACK,0.386,0.0068,0.6072
SPADES ACE CLUBS JACK,0.4126,0.0046,0.5828
SPADES SIX CLUBS KING,0.4522,0.0074,0.5404
SPADES SIX CLUBS QUEEN,0.6088,0.1614,0.2298
SPADES EIGHT HEARTS JACK,0.6438,0.012,0.3442
SPADES SIX CLUBS ACE,0.443,0.0038,0.5532
SPADES EIGHT HEARTS TEN,0.628,0.0088,0.3632
SPADES SIX CLUBS JACK,0.6684,0.0074,0.3242
SPADES SIX CLUBS TEN,0.663,0.01,0.327
SPADES TEN CLUBS JACK,0.5832,0.0116,0.4052
SPADES JACK CLUBS JACK,0.328,0.0138,0.6582
SPADES KING CLUBS SEVEN,0.4368,0.0094,0.5538
SPADES ACE CLUBS SEVEN,0.4336,0.0036,0.5628
SPADES SIX HEARTS TEN,0.649,0.0116,0.3394
SPADES SIX HEARTS JACK,0.6668,0.0068,0.3264
SPADES SIX HEARTS ACE,0.4546,0.0044,0.541
SPADES SIX HEARTS KING,0.4566,0.0062,0.5372
SPADES SIX HEARTS QUEEN,0.6228,0.1578,0.2194
SPADES JACK CLUBS SEVEN,0.6484,0.0116,0.34
SPADES TEN CLUBS SEVEN,0.6494,0.0112,0.3394
HEARTS SIX CLUBS TEN,0.667,0.0066,0.3264
HEARTS SIX CLUBS JACK,0.666,0.0106,0.3234
CLUBS ACE CLUBS JACK,0.391,0.0038,0.6052
HEARTS SIX CLUBS QUEEN,0.6276,0.1524,0.22
HEARTS SIX CLUBS KING,0.4574,0.0072,0.5354
HEARTS SIX CLUBS ACE,0.4552,0.005,0.5398
CLUBS QUEEN CLUBS JACK,0.2694,0.083,0.6476
CLUBS KING CLUBS JACK,0.3756,0.0062,0.6182
DIAMONDS THREE HEARTS ACE,0.4492,0.0058,0.545
DIAMONDS THREE HEARTS QUEEN,0.6182,0.1576,0.2242
DIAMONDS THREE HEARTS KING,0.4604,0.008,0.5316
CLUBS FIVE HEARTS JACK,0.6694,0.0102,0.3204
HEARTS FOUR SPADES TEN,0.6656,0.0104,0.324
SPADES TEN DIAMONDS ACE,0.402,0.0048,0.5932
CLUBS FIVE HEARTS TEN,0.6654,0.0092,0.3254
HEARTS FOUR SPADES JACK,0.6598,0.0116,0.3286
SPADES JACK DIAMONDS ACE,0.3964,0.0056,0.598
SPADES ACE HEARTS FOUR,0.4346,0.0056,0.5598
SPADES ACE DIAMONDS ACE,0.177,0.0034,0.8196
CLUBS FIVE HEARTS ACE,0.451,0.0028,0.5462
CLUBS FIVE HEARTS KING,0.4596,0.0058,0.5346
SPADES FOUR CLUBS JACK,0.6728,0.0114,0.3158
CLUBS FIVE HEARTS QUEEN,0.6202,0.1594,0.2204
SPADES FOUR CLUBS TEN,0.666,0.0132,0.3208
SPADES KING DIAMONDS ACE,0.3692,0.0052,0.6256
HEARTS FOUR SPADES KING,0.4384,0.0066,0.555
DIAMONDS QUEEN DIAMONDS ACE,0.2756,0.0154,0.709
HEARTS TWO DIAMONDS ACE,0.4624,0.0078,0.5298
HEARTS FOUR DIAMONDS QUEEN,0.6302,0.1638,0.206
HEARTS FOUR HEARTS TWO,0.629,0.0104,0.3606
DIAMONDS THREE HEARTS TEN,0.6718,0.0098,0.3184
SPADES FOUR CLUBS KING,0.4562,0.0064,0.5374
HEARTS FIVE DIAMONDS QUEEN,0.6228,0.157,0.2202
HEARTS FIVE HEARTS TWO,0.6332,0.0092,0.3576
DIAMONDS THREE HEARTS JACK,0.6696,0.0084,0.322
SPADES FOUR CLUBS QUEEN,0.614,0.1644,0.2216
DIAMONDS QUEEN HEARTS TWO,0.6232,0.1664,0.2104
DIAMONDS KING DIAMONDS QUEEN,0.2782,0.0262,0.6956
DIAMONDS KING HEARTS TWO,0.466,0.0072,0.5268
HEARTS THREE DIAMONDS QUEEN,0.6384,0.1554,0.2062
HEARTS THREE HEARTS TWO,0.635,0.014,0.351
SPADES FOUR CLUBS ACE,0.4442,0.0042,0.5516
HEARTS TWO CLUBS ACE,0.4446,0.0036,0.5518
DIAMONDS QUEEN CLUBS ACE,0.2912,0.0146,0.6942
HEARTS TWO CLUBS QUEEN,0.6296,0.1584,0.212
DIAMONDS QUEEN CLUBS QUEEN,0.1536,0.0204,0.826
HEARTS TWO CLUBS KING,0.4676,0.0058,0.5266
DIAMONDS QUEEN CLUBS KING,0.2934,0.0218,0.6848
SPADES EIGHT SPADES FIVE,0.6568,0.0096,0.3336
HEARTS TWO CLUBS TEN,0.6658,0.0102,0.324
DIAMONDS QUEEN CLUBS TEN,0.2758,0.113,0.6112
HEARTS TWO CLUBS JACK,0.6842,0.0092,0.3066
DIAMONDS QUEEN CLUBS JACK,0.2774,0.0846,0.638
SPADES SIX SPADES FIVE,0.6324,0.0122,0.3554
SPADES SEVEN SPADES FIVE,0.6416,0.015,0.3434
DIAMONDS FIVE CLUBS QUEEN,0.6212,0.1576,0.2212
SPADES EIGHT CLUBS ACE,0.4398,0.0042,0.556
CLUBS KING DIAMONDS FIVE,0.4634,0.0068,0.5298
SPADES EIGHT CLUBS KING,0.4376,0.0054,0.557
CLUBS ACE DIAMONDS FIVE,0.4502,0.0048,0.545
SPADES EIGHT CLUBS QUEEN,0.6174,0.158,0.2246
SPADES EIGHT CLUBS JACK,0.6466,0.012,0.3414
SPADES EIGHT CLUBS TEN,0.632,0.0124,0.3556
DIAMONDS FIVE CLUBS TEN,0.6586,0.0146,0.3268
DIAMONDS FIVE CLUBS JACK,0.6618,0.0088,0.3294
HEARTS JACK DIAMONDS TEN,0.595,0.0082,0.3968
DIAMONDS TEN HEARTS TEN,0.331,0.0112,0.6578
SPADES ACE CLUBS NINE,0.2878,0.0202,0.692
SPADES KING CLUBS NINE,0.2762,0.0276,0.6962
HEARTS SIX HEARTS KING,0.4282,0.0074,0.5644
DIAMONDS KING SPADES SEVEN,0.4572,0.0076,0.5352
HEARTS THREE SPADES SEVEN,0.6752,0.0104,0.3144
SPADES KING DIAMONDS SEVEN,0.4384,0.0076,0.554
HEARTS SIX HEARTS QUEEN,0.5798,0.1526,0.2676
DIAMONDS KING SPADES SIX,0.455,0.007,0.538
HEARTS THREE SPADES SIX,0.665,0.0108,0.3242
HEARTS SIX HEARTS ACE,0.4306,0.0048,0.5646
SPADES EIGHT DIAMONDS KING,0.45,0.0072,0.5428
HEARTS THREE SPADES EIGHT,0.6832,0.0112,0.3056
SPADES ACE DIAMONDS SEVEN,0.441,0.0034,0.5556
CLUBS NINE HEARTS THREE,0.7606,0.0446,0.1948
