opposingHand,winningChance,drawChance,lostChance
SPADES SIX HEARTS KING
HEARTS FIVE SPADES TEN,0.635,0.0074,0.3576
SPADES JACK HEARTS FIVE,0.6256,0.0068,0.3676
SPADES FIVE CLUBS JACK,0.6382,0.006,0.3558
CLUBS TEN SPADES FIVE,0.635,0.0062,0.3588
CLUBS EIGHT CLUBS JACK,0.5434,0.0056,0.451
CLUBS TEN CLUBS EIGHT,0.53,0.0044,0.4656
CLUBS EIGHT CLUBS KING,0.2166,0.2126,0.5708
SPADES FIVE CLUBS ACE,0.377,0.0054,0.6176
CLUBS EIGHT CLUBS QUEEN,0.5542,0.0044,0.4414
SPADES FIVE CLUBS KING,0.3952,0.386,0.2188
SPADES FIVE CLUBS QUEEN,0.6312,0.0078,0.361
CLUBS EIGHT CLUBS ACE,0.336,0.005,0.659
DIAMONDS TWO DIAMONDS THREE,0.6082,0.0082,0.3836
DIAMONDS TWO DIAMONDS FIVE,0.6054,0.0082,0.3864
SPADES KING HEARTS FIVE,0.387,0.3888,0.2242
DIAMONDS TWO DIAMONDS FOUR,0.6014,0.0068,0.3918
SPADES QUEEN HEARTS FIVE,0.6204,0.0062,0.3734
DIAMONDS TWO DIAMONDS SEVEN,0.5844,0.0084,0.4072
DIAMONDS TWO DIAMONDS SIX,0.6858,0.0382,0.276
SPADES ACE HEARTS FIVE,0.3862,0.0042,0.6096
DIAMONDS TWO DIAMONDS NINE,0.5858,0.0078,0.4064
DIAMONDS TWO DIAMONDS EIGHT,0.6006,0.0072,0.3922
DIAMONDS THREE DIAMONDS FOUR,0.5786,0.0078,0.4136
SPADES FOUR CLUBS TWO,0.6432,0.0088,0.348
DIAMONDS THREE DIAMONDS FIVE,0.5912,0.0076,0.4012
SPADES FIVE CLUBS TWO,0.654,0.0114,0.3346
CLUBS TWO SPADES TWO,0.4632,0.0198,0.517
CLUBS TWO SPADES THREE,0.645,0.0104,0.3446
DIAMONDS THREE DIAMONDS EIGHT,0.5874,0.0076,0.405
SPADES EIGHT CLUBS TWO,0.6372,0.0116,0.3512
DIAMONDS THREE DIAMONDS NINE,0.5844,0.0084,0.4072
SPADES NINE CLUBS TWO,0.631,0.0056,0.3634
DIAMONDS THREE DIAMONDS SIX,0.66,0.0394,0.3006
DIAMONDS THREE DIAMONDS SEVEN,0.5888,0.0088,0.4024
SPADES SEVEN CLUBS TWO,0.6372,0.0084,0.3544
CLUBS SIX CLUBS TWO,0.6782,0.0418,0.28
CLUBS SEVEN CLUBS TWO,0.6018,0.008,0.3902
CLUBS FOUR CLUBS TWO,0.61,0.0074,0.3826
CLUBS FIVE CLUBS TWO,0.6042,0.0076,0.3882
CLUBS TEN CLUBS JACK,0.5202,0.0064,0.4734
DIAMONDS FOUR DIAMONDS SIX,0.6406,0.042,0.3174
CLUBS TEN CLUBS QUEEN,0.5314,0.0056,0.463
DIAMONDS FOUR DIAMONDS SEVEN,0.571,0.008,0.421
CLUBS TEN CLUBS KING,0.2222,0.1086,0.6692
CLUBS TEN CLUBS ACE,0.3266,0.0046,0.6688
CLUBS EIGHT CLUBS TWO,0.6032,0.0088,0.388
DIAMONDS FIVE DIAMONDS FOUR,0.591,0.0092,0.3998
CLUBS NINE CLUBS TWO,0.59,0.0062,0.4038
DIAMONDS NINE DIAMONDS FOUR,0.598,0.0074,0.3946
DIAMONDS EIGHT DIAMONDS FOUR,0.5936,0.0064,0.4
CLUBS THREE CLUBS TWO,0.6136,0.0096,0.3768
DIAMONDS NINE DIAMONDS FIVE,0.5938,0.0042,0.402
DIAMONDS TWO CLUBS JACK,0.636,0.0058,0.3582
DIAMONDS EIGHT DIAMONDS FIVE,0.5856,0.007,0.4074
CLUBS TEN DIAMONDS TWO,0.6356,0.0058,0.3586
DIAMONDS FIVE DIAMONDS SEVEN,0.581,0.0068,0.4122
DIAMONDS FIVE DIAMONDS SIX,0.6406,0.0396,0.3198
DIAMONDS TWO CLUBS ACE,0.3904,0.0044,0.6052
DIAMONDS TWO CLUBS KING,0.3962,0.3704,0.2334
DIAMONDS TWO CLUBS QUEEN,0.6348,0.0086,0.3566
DIAMONDS EIGHT DIAMONDS SIX,0.638,0.0332,0.3288
DIAMONDS NINE DIAMONDS SIX,0.66,0.0324,0.3076
HEARTS ACE SPADES THREE,0.3906,0.0046,0.6048
DIAMONDS SEVEN DIAMONDS SIX,0.6324,0.0344,0.3332
SPADES THREE HEARTS QUEEN,0.6494,0.0072,0.3434
SPADES THREE HEARTS JACK,0.6394,0.0098,0.3508
SPADES THREE HEARTS TEN,0.6384,0.007,0.3546
DIAMONDS EIGHT DIAMONDS SEVEN,0.5336,0.0062,0.4602
DIAMONDS NINE DIAMONDS SEVEN,0.542,0.0058,0.4522
DIAMONDS NINE DIAMONDS EIGHT,0.5168,0.0068,0.4764
DIAMONDS KING HEARTS TEN,0.24,0.1224,0.6376
HEARTS THREE HEARTS TEN,0.6064,0.0074,0.3862
SPADES JACK CLUBS SIX,0.73,0.0334,0.2366
DIAMONDS KING HEARTS JACK,0.2426,0.0854,0.672
HEARTS THREE HEARTS JACK,0.6032,0.0106,0.3862
SPADES TEN CLUBS SIX,0.7144,0.0392,0.2464
SPADES JACK SPADES FIVE,0.5768,0.0084,0.4148
SPADES TEN SPADES FIVE,0.6046,0.0068,0.3886
DIAMONDS KING HEARTS ACE,0.2256,0.0108,0.7636
HEARTS THREE HEARTS ACE,0.3584,0.0038,0.6378
SPADES ACE CLUBS SIX,0.2318,0.0338,0.7344
DIAMONDS KING HEARTS QUEEN,0.2526,0.0646,0.6828
HEARTS THREE HEARTS QUEEN,0.5982,0.0054,0.3964
SPADES KING CLUBS SIX,0.0128,0.97,0.0172
SPADES QUEEN CLUBS SIX,0.7202,0.0414,0.2384
SPADES NINE HEARTS TEN,0.556,0.0076,0.4364
SPADES NINE HEARTS JACK,0.5754,0.0104,0.4142
SPADES QUEEN SPADES FIVE,0.5788,0.0096,0.4116
SPADES KING SPADES FIVE,0.3834,0.3674,0.2492
SPADES ACE SPADES FIVE,0.365,0.004,0.631
SPADES NINE HEARTS QUEEN,0.5644,0.0084,0.4272
SPADES NINE HEARTS ACE,0.3466,0.0036,0.6498
CLUBS TEN SPADES JACK,0.5356,0.0052,0.4592
CLUBS TEN SPADES TEN,0.2996,0.0068,0.6936
SPADES ACE CLUBS TEN,0.348,0.0028,0.6492
SPADES KING CLUBS TEN,0.2354,0.1172,0.6474
CLUBS TEN SPADES QUEEN,0.5546,0.0056,0.4398
SPADES FIVE HEARTS QUEEN,0.637,0.007,0.356
SPADES FIVE HEARTS ACE,0.3756,0.0044,0.62
CLUBS EIGHT SPADES TEN,0.5762,0.0062,0.4176
HEARTS THREE SPADES JACK,0.6298,0.0068,0.3634
SPADES JACK DIAMONDS KING,0.2346,0.0888,0.6766
SPADES TEN DIAMONDS KING,0.2254,0.1198,0.6548
HEARTS THREE SPADES TEN,0.6338,0.0068,0.3594
SPADES JACK CLUBS EIGHT,0.5634,0.0078,0.4288
CLUBS SIX HEARTS ACE,0.2282,0.0292,0.7426
SPADES ACE CLUBS EIGHT,0.3574,0.0044,0.6382
HEARTS FIVE CLUBS JACK,0.6252,0.0066,0.3682
CLUBS TEN HEARTS FIVE,0.635,0.0082,0.3568
CLUBS SIX HEARTS QUEEN,0.7286,0.043,0.2284
SPADES QUEEN CLUBS EIGHT,0.5872,0.0062,0.4066
CLUBS TEN SPADES THREE,0.6322,0.0076,0.3602
SPADES KING CLUBS EIGHT,0.216,0.2234,0.5606
SPADES THREE CLUBS JACK,0.6308,0.008,0.3612
DIAMONDS TWO HEARTS JACK,0.6274,0.0072,0.3654
SPADES THREE CLUBS QUEEN,0.637,0.0068,0.3562
DIAMONDS TWO HEARTS TEN,0.6368,0.007,0.3562
SPADES THREE CLUBS KING,0.3914,0.3756,0.233
HEARTS FIVE CLUBS ACE,0.3756,0.003,0.6214
SPADES FIVE HEARTS TEN,0.6312,0.0066,0.3622
SPADES THREE CLUBS ACE,0.3894,0.0046,0.606
HEARTS FIVE CLUBS KING,0.4092,0.3872,0.2036
SPADES FIVE HEARTS JACK,0.6292,0.009,0.3618
HEARTS FIVE CLUBS QUEEN,0.6234,0.0078,0.3688
HEARTS THREE CLUBS KING,0.3942,0.3804,0.2254
DIAMONDS KING CLUBS KING,0.0812,0.016,0.9028
HEARTS THREE CLUBS QUEEN,0.6408,0.0082,0.351
DIAMONDS KING CLUBS QUEEN,0.2468,0.068,0.6852
HEARTS FIVE HEARTS JACK,0.5948,0.0056,0.3996
HEARTS FIVE HEARTS TEN,0.6098,0.0076,0.3826
HEARTS THREE CLUBS ACE,0.4034,0.0056,0.591
DIAMONDS KING CLUBS ACE,0.2316,0.01,0.7584
SPADES ACE CLUBS QUEEN,0.3506,0.0048,0.6446
SPADES KING CLUBS QUEEN,0.2416,0.0622,0.6962
HEARTS THREE CLUBS JACK,0.6394,0.007,0.3536
DIAMONDS KING CLUBS JACK,0.2366,0.0886,0.6748
SPADES QUEEN CLUBS QUEEN,0.2866,0.0034,0.71
CLUBS TEN HEARTS THREE,0.6416,0.005,0.3534
CLUBS TEN DIAMONDS KING,0.2318,0.1158,0.6524
SPADES JACK CLUBS QUEEN,0.5488,0.0052,0.446
CLUBS SIX CLUBS QUEEN,0.68,0.0334,0.2866
SPADES TEN CLUBS QUEEN,0.548,0.0062,0.4458
CLUBS SIX CLUBS KING,0.0218,0.9032,0.075
CLUBS SIX CLUBS ACE,0.21,0.0318,0.7582
HEARTS FIVE HEARTS QUEEN,0.6148,0.0064,0.3788
CLUBS TEN CLUBS SIX,0.67,0.0342,0.2958
HEARTS FIVE HEARTS ACE,0.3572,0.0074,0.6354
CLUBS SIX CLUBS JACK,0.685,0.0388,0.2762
SPADES SEVEN HEARTS JACK,0.5746,0.01,0.4154
SPADES SEVEN HEARTS TEN,0.5694,0.007,0.4236
DIAMONDS TWO CLUBS TWO,0.4502,0.0166,0.5332
DIAMONDS TWO CLUBS THREE,0.6416,0.0092,0.3492
HEARTS SIX DIAMONDS TWO,0.737,0.0442,0.2188
DIAMONDS TWO HEARTS QUEEN,0.6288,0.0082,0.363
DIAMONDS TWO HEARTS SEVEN,0.6414,0.007,0.3516
DIAMONDS TWO HEARTS EIGHT,0.643,0.0098,0.3472
DIAMONDS TWO HEARTS ACE,0.3796,0.0058,0.6146
DIAMONDS TWO HEARTS NINE,0.6464,0.0086,0.345
DIAMONDS TWO DIAMONDS QUEEN,0.5842,0.0102,0.4056
DIAMONDS TWO HEARTS TWO,0.4536,0.0132,0.5332
DIAMONDS TWO DIAMONDS KING,0.3734,0.3484,0.2782
HEARTS THREE DIAMONDS TWO,0.6474,0.009,0.3436
DIAMONDS TWO DIAMONDS ACE,0.3652,0.0044,0.6304
HEARTS FOUR DIAMONDS TWO,0.6478,0.01,0.3422
DIAMONDS TWO HEARTS FIVE,0.65,0.0098,0.3402
SPADES SEVEN HEARTS ACE,0.3522,0.0046,0.6432
DIAMONDS TWO DIAMONDS TEN,0.5966,0.0076,0.3958
DIAMONDS TWO DIAMONDS JACK,0.5842,0.008,0.4078
SPADES SEVEN HEARTS QUEEN,0.6064,0.0074,0.3862
DIAMONDS TWO SPADES NINE,0.6292,0.0074,0.3634
DIAMONDS TWO SPADES EIGHT,0.6436,0.007,0.3494
DIAMONDS TWO SPADES SEVEN,0.6352,0.0064,0.3584
DIAMONDS TWO SPADES FIVE,0.6456,0.0104,0.344
DIAMONDS TWO SPADES FOUR,0.636,0.0102,0.3538
DIAMONDS TWO SPADES THREE,0.6498,0.0088,0.3414
DIAMONDS TWO SPADES TWO,0.456,0.0172,0.5268
CLUBS NINE DIAMONDS TWO,0.6456,0.007,0.3474
DIAMONDS TWO CLUBS EIGHT,0.6426,0.0074,0.35
CLUBS SEVEN DIAMONDS TWO,0.6342,0.0086,0.3572
DIAMONDS TWO CLUBS SIX,0.7276,0.0402,0.2322
DIAMONDS TWO CLUBS FIVE,0.6466,0.0086,0.3448
DIAMONDS TWO CLUBS FOUR,0.6456,0.0078,0.3466
CLUBS FOUR SPADES FIVE,0.6126,0.0074,0.38
CLUBS FOUR SPADES FOUR,0.4488,0.013,0.5382
CLUBS FOUR SPADES THREE,0.6412,0.0084,0.3504
CLUBS FOUR SPADES TWO,0.64,0.0112,0.3488
SPADES NINE CLUBS FOUR,0.641,0.0094,0.3496
SPADES EIGHT CLUBS FOUR,0.621,0.008,0.371
SPADES SEVEN CLUBS FOUR,0.6118,0.006,0.3822
SPADES ACE DIAMONDS SIX,0.2338,0.0272,0.739
SPADES QUEEN DIAMONDS SIX,0.7232,0.0418,0.235
SPADES KING DIAMONDS SIX,0.0116,0.9694,0.019
SPADES TEN DIAMONDS SIX,0.7068,0.0334,0.2598
SPADES JACK DIAMONDS SIX,0.7206,0.039,0.2404
SPADES QUEEN SPADES TWO,0.6094,0.009,0.3816
SPADES KING SPADES TWO,0.379,0.3706,0.2504
SPADES ACE SPADES TWO,0.373,0.0046,0.6224
DIAMONDS JACK CLUBS JACK,0.2898,0.0036,0.7066
CLUBS TEN DIAMONDS JACK,0.5482,0.0058,0.446
DIAMONDS JACK CLUBS KING,0.2398,0.0858,0.6744
DIAMONDS JACK CLUBS QUEEN,0.5476,0.0038,0.4486
DIAMONDS THREE DIAMONDS JACK,0.5964,0.006,0.3976
DIAMONDS THREE DIAMONDS TEN,0.5898,0.006,0.4042
DIAMONDS JACK CLUBS ACE,0.358,0.004,0.638
DIAMONDS THREE DIAMONDS KING,0.372,0.362,0.266
HEARTS THREE DIAMONDS THREE,0.4532,0.0206,0.5262
DIAMONDS THREE DIAMONDS QUEEN,0.5986,0.0078,0.3936
DIAMONDS THREE HEARTS TWO,0.6552,0.0082,0.3366
HEARTS FIVE DIAMONDS THREE,0.623,0.0108,0.3662
DIAMONDS THREE DIAMONDS ACE,0.3584,0.0046,0.637
HEARTS FOUR DIAMONDS THREE,0.6372,0.0094,0.3534
DIAMONDS THREE HEARTS SEVEN,0.6328,0.0068,0.3604
SPADES TEN SPADES NINE,0.5338,0.007,0.4592
HEARTS SIX DIAMONDS THREE,0.715,0.0414,0.2436
SPADES JACK SPADES NINE,0.5196,0.0074,0.473
DIAMONDS THREE HEARTS NINE,0.647,0.0066,0.3464
HEARTS JACK DIAMONDS FOUR,0.6486,0.0072,0.3442
SPADES TEN SPADES TWO,0.6082,0.0066,0.3852
DIAMONDS THREE HEARTS EIGHT,0.6396,0.0062,0.3542
HEARTS TEN DIAMONDS FOUR,0.6446,0.0092,0.3462
SPADES JACK SPADES TWO,0.589,0.0106,0.4004
HEARTS QUEEN DIAMONDS FOUR,0.6354,0.0088,0.3558
SPADES ACE SPADES NINE,0.3282,0.0046,0.6672
HEARTS ACE DIAMONDS FOUR,0.3946,0.004,0.6014
SPADES KING SPADES NINE,0.2286,0.156,0.6154
SPADES QUEEN SPADES NINE,0.5476,0.007,0.4454
DIAMONDS THREE SPADES NINE,0.6108,0.0098,0.3794
DIAMONDS THREE SPADES EIGHT,0.6396,0.0086,0.3518
DIAMONDS THREE SPADES SEVEN,0.6272,0.009,0.3638
DIAMONDS THREE CLUBS SIX,0.6978,0.0398,0.2624
CLUBS FIVE CLUBS SIX,0.627,0.0366,0.3364
CLUBS ACE DIAMONDS FOUR,0.3806,0.0034,0.616
CLUBS SEVEN DIAMONDS THREE,0.6378,0.0068,0.3554
CLUBS SEVEN CLUBS FIVE,0.5798,0.0074,0.4128
DIAMONDS THREE CLUBS FOUR,0.6324,0.0078,0.3598
DIAMONDS FOUR CLUBS QUEEN,0.6308,0.005,0.3642
DIAMONDS THREE CLUBS FIVE,0.6334,0.0074,0.3592
CLUBS KING DIAMONDS FOUR,0.4026,0.3758,0.2216
DIAMONDS THREE CLUBS TWO,0.6422,0.0076,0.3502
CLUBS TEN DIAMONDS FOUR,0.6202,0.0086,0.3712
DIAMONDS THREE CLUBS THREE,0.442,0.016,0.542
DIAMONDS FOUR CLUBS JACK,0.63,0.007,0.363
DIAMONDS THREE SPADES FOUR,0.632,0.008,0.36
DIAMONDS THREE SPADES FIVE,0.6304,0.008,0.3616
DIAMONDS THREE SPADES TWO,0.6508,0.0084,0.3408
DIAMONDS THREE SPADES THREE,0.4558,0.0186,0.5256
CLUBS EIGHT DIAMONDS THREE,0.6362,0.008,0.3558
CLUBS NINE DIAMONDS THREE,0.645,0.0082,0.3468
SPADES SEVEN CLUBS ACE,0.3422,0.0052,0.6526
SPADES SEVEN CLUBS QUEEN,0.5968,0.0066,0.3966
SPADES SEVEN CLUBS KING,0.222,0.3028,0.4752
CLUBS FIVE SPADES SEVEN,0.601,0.0084,0.3906
CLUBS TEN SPADES SEVEN,0.5786,0.0068,0.4146
SPADES SEVEN CLUBS JACK,0.5778,0.0064,0.4158
CLUBS FIVE SPADES NINE,0.6248,0.0064,0.3688
CLUBS FIVE SPADES EIGHT,0.6182,0.0084,0.3734
CLUBS FIVE SPADES THREE,0.6404,0.0084,0.3512
CLUBS FIVE SPADES TWO,0.6478,0.0082,0.344
CLUBS FIVE SPADES FIVE,0.4342,0.016,0.5498
CLUBS FIVE SPADES FOUR,0.6166,0.0104,0.373
CLUBS NINE CLUBS FIVE,0.5718,0.0098,0.4184
CLUBS EIGHT CLUBS FIVE,0.571,0.0078,0.4212
CLUBS ACE CLUBS QUEEN,0.3296,0.003,0.6674
CLUBS KING CLUBS QUEEN,0.2254,0.0618,0.7128
DIAMONDS TEN DIAMONDS FOUR,0.583,0.0056,0.4114
CLUBS TEN DIAMONDS NINE,0.5644,0.0042,0.4314
DIAMONDS JACK DIAMONDS FOUR,0.5858,0.0064,0.4078
DIAMONDS NINE CLUBS JACK,0.563,0.0064,0.4306
SPADES NINE CLUBS JACK,0.5612,0.0058,0.433
CLUBS TEN SPADES NINE,0.5498,0.006,0.4442
DIAMONDS ACE DIAMONDS FOUR,0.3668,0.0034,0.6298
HEARTS FOUR DIAMONDS FOUR,0.4402,0.016,0.5438
DIAMONDS JACK HEARTS TEN,0.551,0.0064,0.4426
SPADES NINE CLUBS KING,0.223,0.1642,0.6128
DIAMONDS TWO SPADES TEN,0.6282,0.0092,0.3626
DIAMONDS NINE CLUBS ACE,0.3644,0.0042,0.6314
HEARTS FIVE DIAMONDS FOUR,0.6176,0.0074,0.375
HEARTS JACK DIAMONDS JACK,0.293,0.0086,0.6984
SPADES NINE CLUBS QUEEN,0.573,0.0058,0.4212
DIAMONDS TWO SPADES JACK,0.616,0.0084,0.3756
DIAMONDS QUEEN DIAMONDS FOUR,0.5904,0.0062,0.4034
HEARTS TWO DIAMONDS FOUR,0.6432,0.008,0.3488
DIAMONDS NINE CLUBS QUEEN,0.5644,0.006,0.4296
DIAMONDS KING DIAMONDS FOUR,0.3728,0.362,0.2652
HEARTS THREE DIAMONDS FOUR,0.6342,0.0104,0.3554
SPADES NINE CLUBS ACE,0.354,0.0052,0.6408
DIAMONDS NINE CLUBS KING,0.2406,0.1656,0.5938
HEARTS ACE DIAMONDS JACK,0.325,0.0048,0.6702
SPADES ACE DIAMONDS TWO,0.3804,0.0042,0.6154
DIAMONDS JACK HEARTS QUEEN,0.5598,0.0082,0.432
SPADES QUEEN DIAMONDS TWO,0.638,0.0082,0.3538
SPADES KING DIAMONDS TWO,0.3958,0.3792,0.225
SPADES JACK SPADES SEVEN,0.5682,0.0076,0.4242
SPADES TEN SPADES SEVEN,0.552,0.0104,0.4376
CLUBS SEVEN CLUBS THREE,0.5856,0.0068,0.4076
CLUBS SIX CLUBS THREE,0.6632,0.038,0.2988
CLUBS FIVE CLUBS THREE,0.5926,0.008,0.3994
CLUBS THREE CLUBS FOUR,0.5942,0.0072,0.3986
CLUBS NINE CLUBS THREE,0.5942,0.008,0.3978
CLUBS EIGHT CLUBS THREE,0.6096,0.006,0.3844
CLUBS THREE SPADES FIVE,0.6506,0.0076,0.3418
CLUBS THREE SPADES FOUR,0.6488,0.0084,0.3428
CLUBS THREE SPADES THREE,0.4452,0.0188,0.536
CLUBS THREE SPADES TWO,0.6564,0.0094,0.3342
CLUBS THREE SPADES SEVEN,0.62,0.0106,0.3694
SPADES EIGHT CLUBS THREE,0.6336,0.0084,0.358
SPADES NINE CLUBS THREE,0.6276,0.0088,0.3636
SPADES TWO DIAMONDS FOUR,0.6514,0.007,0.3416
SPADES THREE DIAMONDS FOUR,0.6384,0.009,0.3526
SPADES FOUR DIAMONDS FOUR,0.4466,0.014,0.5394
SPADES FIVE DIAMONDS FOUR,0.629,0.0066,0.3644
SPADES SEVEN DIAMONDS FOUR,0.6124,0.0094,0.3782
SPADES EIGHT DIAMONDS FOUR,0.6184,0.0094,0.3722
SPADES NINE DIAMONDS FOUR,0.6242,0.007,0.3688
CLUBS FIVE DIAMONDS FOUR,0.6248,0.0096,0.3656
CLUBS FOUR DIAMONDS FOUR,0.4388,0.0162,0.545
CLUBS SEVEN DIAMONDS FOUR,0.6112,0.0086,0.3802
CLUBS SIX DIAMONDS FOUR,0.6884,0.0386,0.273
CLUBS NINE DIAMONDS FOUR,0.6376,0.006,0.3564
CLUBS EIGHT DIAMONDS FOUR,0.6228,0.0084,0.3688
DIAMONDS FOUR HEARTS SEVEN,0.6064,0.0096,0.384
HEARTS SIX DIAMONDS FOUR,0.6932,0.0404,0.2664
HEARTS NINE DIAMONDS FOUR,0.6542,0.0072,0.3386
DIAMONDS FOUR HEARTS EIGHT,0.6212,0.006,0.3728
CLUBS THREE DIAMONDS FOUR,0.6244,0.008,0.3676
CLUBS TWO DIAMONDS FOUR,0.643,0.0102,0.3468
DIAMONDS TEN DIAMONDS FIVE,0.5934,0.0068,0.3998
DIAMONDS JACK DIAMONDS FIVE,0.5894,0.0046,0.406
DIAMONDS NINE HEARTS QUEEN,0.5806,0.0068,0.4126
HEARTS ACE DIAMONDS NINE,0.3596,0.0054,0.635
DIAMONDS NINE HEARTS TEN,0.5568,0.0082,0.435
DIAMONDS NINE HEARTS JACK,0.5548,0.0068,0.4384
CLUBS KING DIAMONDS SIX,0.022,0.9554,0.0226
CLUBS QUEEN DIAMONDS SIX,0.7192,0.0406,0.2402
CLUBS ACE DIAMONDS SIX,0.2434,0.0296,0.727
SPADES KING DIAMONDS FOUR,0.3898,0.3712,0.239
SPADES ACE SPADES SEVEN,0.3408,0.0054,0.6538
SPADES QUEEN DIAMONDS FOUR,0.6282,0.0046,0.3672
SPADES QUEEN SPADES SEVEN,0.5756,0.0076,0.4168
CLUBS JACK DIAMONDS SIX,0.7108,0.0328,0.2564
SPADES KING SPADES SEVEN,0.2168,0.2878,0.4954
SPADES ACE DIAMONDS FOUR,0.3788,0.005,0.6162
CLUBS TEN DIAMONDS SIX,0.7034,0.0376,0.259
CLUBS NINE CLUBS FOUR,0.5792,0.0062,0.4146
CLUBS EIGHT CLUBS FOUR,0.5878,0.0064,0.4058
SPADES JACK DIAMONDS FOUR,0.636,0.0068,0.3572
SPADES TEN DIAMONDS FOUR,0.6166,0.0086,0.3748
CLUBS FIVE CLUBS FOUR,0.5786,0.0086,0.4128
CLUBS SEVEN CLUBS FOUR,0.5884,0.007,0.4046
CLUBS SIX CLUBS FOUR,0.6556,0.0348,0.3096
CLUBS SEVEN SPADES EIGHT,0.573,0.0064,0.4206
CLUBS SEVEN SPADES NINE,0.5764,0.0066,0.417
CLUBS SEVEN SPADES SEVEN,0.3252,0.0116,0.6632
CLUBS SEVEN SPADES FIVE,0.6072,0.0072,0.3856
CLUBS SEVEN SPADES FOUR,0.614,0.008,0.378
CLUBS SEVEN SPADES THREE,0.6354,0.0072,0.3574
CLUBS SEVEN SPADES TWO,0.6442,0.0082,0.3476
CLUBS NINE CLUBS SEVEN,0.5282,0.007,0.4648
CLUBS SEVEN CLUBS EIGHT,0.5452,0.0066,0.4482
HEARTS SIX DIAMONDS FIVE,0.6736,0.0376,0.2888
DIAMONDS FIVE HEARTS SEVEN,0.6148,0.0074,0.3778
DIAMONDS FIVE HEARTS EIGHT,0.6286,0.0082,0.3632
HEARTS NINE DIAMONDS FIVE,0.6192,0.0076,0.3732
DIAMONDS QUEEN DIAMONDS FIVE,0.5964,0.008,0.3956
HEARTS TWO DIAMONDS FIVE,0.6418,0.0082,0.35
DIAMONDS KING DIAMONDS FIVE,0.3726,0.3616,0.2658
HEARTS THREE DIAMONDS FIVE,0.6264,0.0094,0.3642
HEARTS QUEEN HEARTS EIGHT,0.5656,0.0086,0.4258
DIAMONDS ACE DIAMONDS FIVE,0.3622,0.005,0.6328
HEARTS FOUR DIAMONDS FIVE,0.6228,0.0086,0.3686
HEARTS FIVE DIAMONDS FIVE,0.434,0.0182,0.5478
HEARTS ACE HEARTS EIGHT,0.3506,0.0024,0.647
CLUBS FOUR DIAMONDS FIVE,0.6222,0.009,0.3688
CLUBS FIVE DIAMONDS FIVE,0.4276,0.014,0.5584
CLUBS SIX DIAMONDS FIVE,0.671,0.043,0.286
CLUBS SEVEN DIAMONDS FIVE,0.6014,0.0066,0.392
CLUBS TWO DIAMONDS FIVE,0.6408,0.009,0.3502
CLUBS THREE DIAMONDS FIVE,0.6384,0.0086,0.353
SPADES THREE DIAMONDS FIVE,0.6294,0.007,0.3636
SPADES TWO DIAMONDS FIVE,0.6486,0.0088,0.3426
SPADES JACK DIAMONDS EIGHT,0.577,0.0074,0.4156
SPADES FIVE DIAMONDS FIVE,0.4474,0.0136,0.539
CLUBS TEN HEARTS JACK,0.5394,0.0066,0.454
SPADES TEN DIAMONDS EIGHT,0.5618,0.007,0.4312
SPADES FOUR DIAMONDS FIVE,0.6184,0.0074,0.3742
HEARTS JACK CLUBS JACK,0.288,0.0054,0.7066
HEARTS JACK CLUBS QUEEN,0.5592,0.007,0.4338
CLUBS NINE DIAMONDS FIVE,0.6284,0.0082,0.3634
HEARTS JACK CLUBS KING,0.2438,0.0864,0.6698
CLUBS EIGHT DIAMONDS FIVE,0.613,0.0072,0.3798
HEARTS JACK CLUBS ACE,0.3612,0.0038,0.635
SPADES SEVEN DIAMONDS FIVE,0.5948,0.007,0.3982
SPADES KING DIAMONDS EIGHT,0.22,0.2326,0.5474
SPADES QUEEN DIAMONDS EIGHT,0.5912,0.0052,0.4036
SPADES NINE DIAMONDS FIVE,0.613,0.0068,0.3802
SPADES EIGHT DIAMONDS FIVE,0.6222,0.0084,0.3694
SPADES ACE DIAMONDS EIGHT,0.3634,0.0042,0.6324
DIAMONDS TEN DIAMONDS SIX,0.6656,0.0366,0.2978
HEARTS ACE DIAMONDS SEVEN,0.3402,0.0038,0.656
DIAMONDS JACK DIAMONDS SIX,0.6894,0.0364,0.2742
HEARTS QUEEN DIAMONDS SEVEN,0.6112,0.006,0.3828
DIAMONDS ACE DIAMONDS SIX,0.22,0.03,0.75
HEARTS FOUR DIAMONDS SIX,0.6992,0.0408,0.26
HEARTS JACK SPADES TWO,0.6482,0.0078,0.344
HEARTS FIVE DIAMONDS SIX,0.6762,0.0358,0.288
SPADES TWO HEARTS TEN,0.6446,0.0058,0.3496
DIAMONDS QUEEN DIAMONDS SIX,0.6672,0.0378,0.295
HEARTS TWO DIAMONDS SIX,0.7334,0.0416,0.225
DIAMONDS KING DIAMONDS SIX,0.0252,0.905,0.0698
HEARTS THREE DIAMONDS SIX,0.7118,0.039,0.2492
HEARTS EIGHT DIAMONDS SIX,0.6858,0.0346,0.2796
HEARTS NINE DIAMONDS SIX,0.7036,0.0378,0.2586
HEARTS SIX DIAMONDS SIX,0.3004,0.0256,0.674
HEARTS SEVEN DIAMONDS SIX,0.6732,0.0356,0.2912
HEARTS TEN DIAMONDS SEVEN,0.5896,0.006,0.4044
CLUBS TWO DIAMONDS SIX,0.716,0.044,0.24
HEARTS JACK DIAMONDS SEVEN,0.612,0.0064,0.3816
CLUBS THREE DIAMONDS SIX,0.7032,0.0418,0.255
CLUBS SEVEN DIAMONDS SIX,0.6732,0.0342,0.2926
DIAMONDS EIGHT CLUBS JACK,0.5764,0.0058,0.4178
CLUBS SIX DIAMONDS SIX,0.3046,0.0322,0.6632
CLUBS TEN DIAMONDS EIGHT,0.5668,0.0048,0.4284
CLUBS FIVE DIAMONDS SIX,0.6828,0.0348,0.2824
CLUBS FOUR DIAMONDS SIX,0.678,0.0376,0.2844
HEARTS ACE HEARTS JACK,0.324,0.0066,0.6694
DIAMONDS EIGHT CLUBS ACE,0.3684,0.0028,0.6288
HEARTS JACK HEARTS QUEEN,0.5278,0.0068,0.4654
DIAMONDS EIGHT CLUBS KING,0.2396,0.225,0.5354
CLUBS NINE DIAMONDS SIX,0.6876,0.0356,0.2768
DIAMONDS EIGHT CLUBS QUEEN,0.5948,0.0056,0.3996
CLUBS EIGHT DIAMONDS SIX,0.6848,0.0352,0.28
SPADES FIVE DIAMONDS SIX,0.6884,0.0388,0.2728
HEARTS ACE SPADES TWO,0.3922,0.005,0.6028
SPADES FOUR DIAMONDS SIX,0.6838,0.0406,0.2756
SPADES THREE DIAMONDS SIX,0.7124,0.0376,0.25
SPADES TWO HEARTS QUEEN,0.6406,0.0098,0.3496
SPADES ACE SPADES KING,0.2178,0.0122,0.77
SPADES TWO DIAMONDS SIX,0.7288,0.0394,0.2318
HEARTS TEN HEARTS EIGHT,0.5442,0.008,0.4478
SPADES NINE DIAMONDS SIX,0.6888,0.041,0.2702
HEARTS JACK HEARTS EIGHT,0.5422,0.0062,0.4516
SPADES EIGHT DIAMONDS SIX,0.6858,0.0348,0.2794
SPADES SEVEN DIAMONDS SIX,0.6658,0.0346,0.2996
CLUBS ACE CLUBS KING,0.2134,0.0138,0.7728
SPADES ACE HEARTS JACK,0.3428,0.0052,0.652
SPADES QUEEN HEARTS JACK,0.5514,0.0078,0.4408
SPADES KING HEARTS JACK,0.2332,0.087,0.6798
SPADES TEN DIAMONDS TEN,0.2856,0.0098,0.7046
SPADES JACK DIAMONDS TEN,0.5394,0.0074,0.4532
SPADES ACE DIAMONDS TEN,0.341,0.0058,0.6532
SPADES JACK HEARTS JACK,0.2908,0.0054,0.7038
SPADES TEN HEARTS JACK,0.5314,0.0084,0.4602
SPADES QUEEN DIAMONDS TEN,0.5476,0.007,0.4454
SPADES KING DIAMONDS TEN,0.2346,0.1212,0.6442
SPADES NINE DIAMONDS SEVEN,0.5772,0.006,0.4168
SPADES EIGHT DIAMONDS SEVEN,0.5792,0.0094,0.4114
SPADES SEVEN DIAMONDS SEVEN,0.3274,0.0132,0.6594
DIAMONDS KING DIAMONDS SEVEN,0.2126,0.285,0.5024
HEARTS THREE DIAMONDS SEVEN,0.6308,0.0062,0.363
DIAMONDS QUEEN DIAMONDS SEVEN,0.5542,0.0082,0.4376
HEARTS TWO DIAMONDS SEVEN,0.647,0.0102,0.3428
HEARTS QUEEN DIAMONDS FIVE,0.6366,0.0054,0.358
HEARTS FIVE DIAMONDS SEVEN,0.6062,0.0088,0.385
DIAMONDS ACE DIAMONDS SEVEN,0.342,0.0032,0.6548
HEARTS FOUR DIAMONDS SEVEN,0.633,0.0064,0.3606
HEARTS ACE DIAMONDS FIVE,0.3758,0.005,0.6192
HEARTS SEVEN DIAMONDS SEVEN,0.3222,0.0104,0.6674
HEARTS SIX DIAMONDS SEVEN,0.6816,0.0372,0.2812
HEARTS NINE DIAMONDS SEVEN,0.5768,0.0062,0.417
DIAMONDS SEVEN HEARTS EIGHT,0.5668,0.0072,0.426
DIAMONDS JACK DIAMONDS SEVEN,0.548,0.0056,0.4464
HEARTS JACK DIAMONDS FIVE,0.625,0.0088,0.3662
DIAMONDS TEN DIAMONDS SEVEN,0.5416,0.0088,0.4496
DIAMONDS FIVE HEARTS TEN,0.6398,0.0068,0.3534
SPADES KING CLUBS TWO,0.3954,0.37,0.2346
CLUBS EIGHT DIAMONDS SEVEN,0.5702,0.0076,0.4222
SPADES QUEEN CLUBS TWO,0.6344,0.0078,0.3578
CLUBS NINE DIAMONDS SEVEN,0.5722,0.009,0.4188
SPADES TWO CLUBS JACK,0.6352,0.0082,0.3566
SPADES ACE CLUBS TWO,0.3888,0.007,0.6042
CLUBS TEN SPADES TWO,0.6358,0.0074,0.3568
CLUBS SEVEN CLUBS SIX,0.6352,0.0332,0.3316
SPADES TWO CLUBS KING,0.3942,0.3936,0.2122
SPADES TWO DIAMONDS SEVEN,0.6518,0.0072,0.341
CLUBS EIGHT CLUBS SIX,0.661,0.028,0.311
SPADES THREE DIAMONDS SEVEN,0.6344,0.0078,0.3578
SPADES TWO CLUBS QUEEN,0.6406,0.0052,0.3542
CLUBS NINE CLUBS SIX,0.6674,0.0312,0.3014
SPADES FOUR DIAMONDS SEVEN,0.6246,0.005,0.3704
SPADES FIVE DIAMONDS SEVEN,0.5986,0.0078,0.3936
SPADES TWO CLUBS ACE,0.3966,0.0058,0.5976
CLUBS SIX SPADES TWO,0.7386,0.0418,0.2196
CLUBS SIX SPADES THREE,0.7126,0.037,0.2504
CLUBS TWO DIAMONDS SEVEN,0.6326,0.0076,0.3598
CLUBS SIX SPADES FOUR,0.6996,0.0348,0.2656
CLUBS THREE DIAMONDS SEVEN,0.6206,0.0054,0.374
CLUBS SIX SPADES FIVE,0.6766,0.0372,0.2862
CLUBS FOUR DIAMONDS SEVEN,0.6176,0.005,0.3774
CLUBS FIVE DIAMONDS SEVEN,0.602,0.005,0.393
CLUBS SIX SPADES SEVEN,0.6776,0.034,0.2884
CLUBS SIX DIAMONDS SEVEN,0.6738,0.0314,0.2948
CLUBS SIX SPADES EIGHT,0.681,0.0304,0.2886
SPADES JACK CLUBS TWO,0.634,0.0086,0.3574
CLUBS SEVEN DIAMONDS SEVEN,0.3296,0.0094,0.661
SPADES NINE CLUBS SIX,0.695,0.036,0.269
SPADES TEN CLUBS TWO,0.6336,0.0088,0.3576
CLUBS TWO CLUBS QUEEN,0.5978,0.0074,0.3948
CLUBS TWO CLUBS KING,0.371,0.3564,0.2726
CLUBS THREE DIAMONDS EIGHT,0.6458,0.0062,0.348
CLUBS TWO CLUBS ACE,0.3794,0.004,0.6166
CLUBS TWO DIAMONDS EIGHT,0.6378,0.0064,0.3558
DIAMONDS EIGHT HEARTS SEVEN,0.5784,0.0062,0.4154
HEARTS SIX DIAMONDS EIGHT,0.6978,0.0356,0.2666
DIAMONDS EIGHT HEARTS NINE,0.5826,0.0052,0.4122
CLUBS TEN CLUBS TWO,0.5832,0.0052,0.4116
DIAMONDS EIGHT HEARTS EIGHT,0.3448,0.0132,0.642
CLUBS TWO CLUBS JACK,0.589,0.0078,0.4032
CLUBS NINE DIAMONDS EIGHT,0.556,0.0074,0.4366
CLUBS EIGHT DIAMONDS EIGHT,0.3232,0.0092,0.6676
CLUBS FIVE DIAMONDS EIGHT,0.6108,0.006,0.3832
SPADES ACE SPADES THREE,0.3878,0.005,0.6072
CLUBS FOUR DIAMONDS EIGHT,0.628,0.0046,0.3674
CLUBS SEVEN DIAMONDS EIGHT,0.5658,0.0062,0.428
SPADES QUEEN SPADES THREE,0.6002,0.0068,0.393
CLUBS SIX DIAMONDS EIGHT,0.6906,0.029,0.2804
SPADES KING SPADES THREE,0.3844,0.3562,0.2594
DIAMONDS QUEEN DIAMONDS EIGHT,0.5564,0.0066,0.437
HEARTS TWO DIAMONDS EIGHT,0.6462,0.0088,0.345
DIAMONDS KING DIAMONDS EIGHT,0.2212,0.2214,0.5574
HEARTS THREE DIAMONDS EIGHT,0.6308,0.0084,0.3608
DIAMONDS ACE DIAMONDS EIGHT,0.3294,0.0032,0.6674
HEARTS FOUR DIAMONDS EIGHT,0.629,0.0098,0.3612
HEARTS FIVE DIAMONDS EIGHT,0.6214,0.0072,0.3714
DIAMONDS EIGHT DIAMONDS TEN,0.526,0.0044,0.4696
DIAMONDS EIGHT DIAMONDS JACK,0.529,0.0072,0.4638
SPADES JACK SPADES THREE,0.591,0.007,0.402
SPADES TEN SPADES THREE,0.6102,0.008,0.3818
CLUBS FOUR HEARTS ACE,0.3786,0.0066,0.6148
CLUBS FOUR HEARTS QUEEN,0.6286,0.009,0.3624
CLUBS SIX HEARTS TEN,0.723,0.0328,0.2442
CLUBS SIX HEARTS JACK,0.726,0.0404,0.2336
SPADES FOUR DIAMONDS EIGHT,0.6356,0.008,0.3564
SPADES FIVE DIAMONDS EIGHT,0.624,0.0082,0.3678
DIAMONDS EIGHT SPADES TWO,0.6412,0.006,0.3528
DIAMONDS EIGHT SPADES THREE,0.6428,0.0086,0.3486
CLUBS FOUR HEARTS JACK,0.6348,0.0072,0.358
SPADES EIGHT DIAMONDS EIGHT,0.3212,0.01,0.6688
SPADES TEN DIAMONDS QUEEN,0.5682,0.0064,0.4254
SPADES TEN HEARTS TWO,0.6338,0.0078,0.3584
SPADES JACK HEARTS EIGHT,0.5722,0.0044,0.4234
CLUBS FOUR HEARTS TEN,0.6268,0.0084,0.3648
SPADES NINE DIAMONDS EIGHT,0.5544,0.009,0.4366
SPADES TEN HEARTS EIGHT,0.5652,0.005,0.4298
SPADES JACK HEARTS TWO,0.631,0.008,0.361
SPADES JACK DIAMONDS QUEEN,0.5508,0.006,0.4432
SPADES SEVEN DIAMONDS EIGHT,0.5586,0.0076,0.4338
SPADES ACE HEARTS TWO,0.3874,0.0046,0.608
SPADES ACE DIAMONDS QUEEN,0.3444,0.0024,0.6532
SPADES ACE HEARTS EIGHT,0.3578,0.0046,0.6376
SPADES KING HEARTS EIGHT,0.217,0.237,0.546
SPADES QUEEN HEARTS TWO,0.6402,0.0106,0.3492
SPADES QUEEN DIAMONDS QUEEN,0.2778,0.0032,0.719
SPADES KING DIAMONDS QUEEN,0.2416,0.0678,0.6906
SPADES KING HEARTS TWO,0.3924,0.3856,0.222
SPADES QUEEN HEARTS EIGHT,0.6008,0.0074,0.3918
CLUBS TWO HEARTS TEN,0.6368,0.0098,0.3534
CLUBS TWO HEARTS JACK,0.628,0.0092,0.3628
SPADES SEVEN DIAMONDS NINE,0.5708,0.0068,0.4224
SPADES NINE DIAMONDS NINE,0.3122,0.0098,0.678
SPADES EIGHT DIAMONDS NINE,0.5558,0.0064,0.4378
SPADES TEN CLUBS KING,0.2282,0.1256,0.6462
DIAMONDS NINE SPADES THREE,0.6364,0.0074,0.3562
SPADES JACK CLUBS KING,0.236,0.0934,0.6706
DIAMONDS NINE SPADES TWO,0.6256,0.0064,0.368
SPADES FIVE DIAMONDS NINE,0.623,0.0052,0.3718
DIAMONDS NINE SPADES FOUR,0.6406,0.007,0.3524
CLUBS NINE DIAMONDS NINE,0.315,0.0082,0.6768
CLUBS EIGHT DIAMONDS NINE,0.5636,0.0058,0.4306
CLUBS SIX DIAMONDS NINE,0.6974,0.0278,0.2748
SPADES JACK CLUBS FOUR,0.618,0.0082,0.3738
CLUBS SEVEN DIAMONDS NINE,0.5692,0.004,0.4268
SPADES TEN CLUBS FOUR,0.624,0.0094,0.3666
CLUBS FOUR DIAMONDS NINE,0.6234,0.0058,0.3708
CLUBS FIVE DIAMONDS NINE,0.6096,0.0066,0.3838
DIAMONDS NINE CLUBS TWO,0.6368,0.0078,0.3554
CLUBS THREE DIAMONDS NINE,0.6304,0.0054,0.3642
DIAMONDS NINE HEARTS EIGHT,0.575,0.0046,0.4204
DIAMONDS NINE HEARTS NINE,0.3238,0.011,0.6652
HEARTS SIX DIAMONDS NINE,0.7,0.0304,0.2696
DIAMONDS NINE HEARTS SEVEN,0.5868,0.007,0.4062
CLUBS NINE CLUBS EIGHT,0.5276,0.0024,0.47
DIAMONDS ACE DIAMONDS NINE,0.342,0.0026,0.6554
HEARTS FOUR DIAMONDS NINE,0.6312,0.0074,0.3614
HEARTS FIVE DIAMONDS NINE,0.6284,0.008,0.3636
HEARTS ACE CLUBS TWO,0.3882,0.0054,0.6064
SPADES ACE CLUBS FOUR,0.3692,0.0054,0.6254
DIAMONDS QUEEN DIAMONDS NINE,0.543,0.0052,0.4518
HEARTS TWO DIAMONDS NINE,0.649,0.0094,0.3416
SPADES KING CLUBS FOUR,0.3824,0.3888,0.2288
DIAMONDS KING DIAMONDS NINE,0.217,0.159,0.624
HEARTS THREE DIAMONDS NINE,0.639,0.0072,0.3538
CLUBS TWO HEARTS QUEEN,0.6356,0.009,0.3554
SPADES QUEEN CLUBS FOUR,0.6346,0.0046,0.3608
DIAMONDS NINE DIAMONDS JACK,0.5152,0.0054,0.4794
CLUBS EIGHT SPADES NINE,0.5614,0.0068,0.4318
DIAMONDS NINE DIAMONDS TEN,0.5162,0.006,0.4778
CLUBS EIGHT SPADES EIGHT,0.3228,0.0084,0.6688
CLUBS EIGHT SPADES SEVEN,0.5554,0.0078,0.4368
CLUBS EIGHT SPADES FIVE,0.6244,0.0074,0.3682
CLUBS EIGHT SPADES FOUR,0.6348,0.008,0.3572
CLUBS EIGHT SPADES THREE,0.6496,0.009,0.3414
CLUBS EIGHT SPADES TWO,0.6484,0.0088,0.3428
HEARTS SIX DIAMONDS TEN,0.7202,0.035,0.2448
DIAMONDS TEN HEARTS SEVEN,0.593,0.0054,0.4016
DIAMONDS TEN HEARTS EIGHT,0.5682,0.0072,0.4246
CLUBS FOUR CLUBS JACK,0.5908,0.0078,0.4014
DIAMONDS TEN HEARTS NINE,0.5646,0.0066,0.4288
CLUBS TEN CLUBS FOUR,0.5922,0.0054,0.4024
CLUBS FOUR CLUBS KING,0.3674,0.3648,0.2678
CLUBS FOUR CLUBS QUEEN,0.587,0.0086,0.4044
CLUBS TWO DIAMONDS TEN,0.6228,0.006,0.3712
CLUBS THREE DIAMONDS TEN,0.6364,0.0094,0.3542
CLUBS FOUR CLUBS ACE,0.3522,0.0056,0.6422
DIAMONDS JACK DIAMONDS TEN,0.5116,0.005,0.4834
DIAMONDS QUEEN DIAMONDS TEN,0.5146,0.0058,0.4796
HEARTS TWO DIAMONDS TEN,0.6398,0.0072,0.353
DIAMONDS KING DIAMONDS TEN,0.2212,0.1128,0.666
HEARTS THREE DIAMONDS TEN,0.633,0.0072,0.3598
DIAMONDS ACE DIAMONDS TEN,0.3312,0.0042,0.6646
HEARTS FOUR DIAMONDS TEN,0.647,0.0056,0.3474
CLUBS EIGHT HEARTS JACK,0.5706,0.0058,0.4236
HEARTS FIVE DIAMONDS TEN,0.6342,0.0078,0.358
CLUBS EIGHT HEARTS TEN,0.5566,0.0084,0.435
CLUBS EIGHT HEARTS QUEEN,0.597,0.0082,0.3948
CLUBS EIGHT HEARTS ACE,0.3662,0.0036,0.6302
CLUBS NINE SPADES THREE,0.6336,0.0074,0.359
CLUBS NINE SPADES TWO,0.6312,0.009,0.3598
CLUBS NINE SPADES FIVE,0.626,0.0048,0.3692
CLUBS NINE SPADES FOUR,0.6364,0.008,0.3556
CLUBS NINE SPADES SEVEN,0.5772,0.0058,0.417
CLUBS NINE SPADES NINE,0.3124,0.0106,0.677
CLUBS TEN HEARTS EIGHT,0.5648,0.0058,0.4294
CLUBS NINE SPADES EIGHT,0.557,0.0064,0.4366
CLUBS JACK HEARTS EIGHT,0.582,0.0036,0.4144
CLUBS QUEEN HEARTS EIGHT,0.5774,0.0084,0.4142
CLUBS KING HEARTS EIGHT,0.2312,0.23,0.5388
CLUBS ACE HEARTS EIGHT,0.3632,0.0052,0.6316
SPADES KING CLUBS KING,0.0708,0.0114,0.9178
SPADES QUEEN CLUBS KING,0.2458,0.0598,0.6944
SPADES ACE CLUBS KING,0.2304,0.0142,0.7554
DIAMONDS ACE HEARTS TEN,0.3534,0.0052,0.6414
HEARTS FOUR HEARTS TEN,0.6056,0.0094,0.385
DIAMONDS ACE HEARTS JACK,0.3508,0.0028,0.6464
HEARTS FOUR HEARTS JACK,0.6062,0.0078,0.386
SPADES KING CLUBS FIVE,0.386,0.3814,0.2326
SPADES QUEEN CLUBS FIVE,0.6264,0.0062,0.3674
SPADES ACE CLUBS FIVE,0.3806,0.0042,0.6152
DIAMONDS JACK HEARTS SEVEN,0.5996,0.0068,0.3936
HEARTS SIX DIAMONDS JACK,0.7234,0.0378,0.2388
DIAMONDS JACK HEARTS NINE,0.5726,0.0064,0.421
DIAMONDS JACK HEARTS EIGHT,0.5804,0.0066,0.413
DIAMONDS KING DIAMONDS JACK,0.2298,0.0876,0.6826
HEARTS THREE DIAMONDS JACK,0.6476,0.0074,0.345
HEARTS ACE SPADES FOUR,0.3922,0.006,0.6018
DIAMONDS QUEEN DIAMONDS JACK,0.5272,0.004,0.4688
HEARTS TWO DIAMONDS JACK,0.6354,0.0072,0.3574
HEARTS FIVE DIAMONDS JACK,0.6202,0.0086,0.3712
SPADES FOUR HEARTS QUEEN,0.6266,0.0092,0.3642
DIAMONDS ACE DIAMONDS JACK,0.3274,0.0052,0.6674
HEARTS FOUR DIAMONDS JACK,0.6334,0.0074,0.3592
SPADES FOUR DIAMONDS JACK,0.6316,0.0068,0.3616
SPADES FIVE DIAMONDS JACK,0.6402,0.0076,0.3522
DIAMONDS JACK SPADES TWO,0.6334,0.009,0.3576
SPADES THREE DIAMONDS JACK,0.6288,0.0078,0.3634
SPADES ACE DIAMONDS THREE,0.3832,0.0042,0.6126
SPADES QUEEN DIAMONDS THREE,0.6308,0.006,0.3632
CLUBS EIGHT DIAMONDS JACK,0.574,0.0064,0.4196
SPADES KING DIAMONDS THREE,0.3904,0.3846,0.225
CLUBS NINE DIAMONDS JACK,0.569,0.007,0.424
CLUBS SIX DIAMONDS JACK,0.7258,0.0382,0.236
CLUBS SEVEN DIAMONDS JACK,0.5902,0.0054,0.4044
CLUBS FOUR DIAMONDS JACK,0.6268,0.0048,0.3684
CLUBS FIVE DIAMONDS JACK,0.6126,0.0088,0.3786
CLUBS TWO DIAMONDS JACK,0.6246,0.007,0.3684
CLUBS THREE DIAMONDS JACK,0.6412,0.0076,0.3512
SPADES TEN CLUBS FIVE,0.6306,0.0076,0.3618
HEARTS SIX SPADES JACK,0.7312,0.0414,0.2274
HEARTS SIX SPADES TEN,0.7136,0.0364,0.25
SPADES JACK CLUBS FIVE,0.6306,0.0078,0.3616
SPADES JACK DIAMONDS THREE,0.6314,0.0068,0.3618
CLUBS SEVEN CLUBS ACE,0.337,0.004,0.659
DIAMONDS THREE SPADES TEN,0.6216,0.0066,0.3718
CLUBS SEVEN CLUBS QUEEN,0.575,0.0072,0.4178
CLUBS SEVEN CLUBS KING,0.2062,0.2782,0.5156
SPADES NINE DIAMONDS JACK,0.5634,0.0074,0.4292
CLUBS TEN CLUBS SEVEN,0.554,0.006,0.44
DIAMONDS ACE HEARTS ACE,0.1162,0.0036,0.8802
HEARTS FOUR HEARTS ACE,0.3636,0.0044,0.632
SPADES EIGHT DIAMONDS JACK,0.579,0.0048,0.4162
SPADES ACE HEARTS SIX,0.241,0.0282,0.7308
CLUBS SEVEN CLUBS JACK,0.548,0.007,0.445
SPADES SEVEN DIAMONDS JACK,0.5792,0.0066,0.4142
SPADES KING HEARTS SIX,0.0106,0.983,0.0064
DIAMONDS ACE HEARTS QUEEN,0.3522,0.0036,0.6442
HEARTS FOUR HEARTS QUEEN,0.5906,0.0102,0.3992
SPADES QUEEN HEARTS SIX,0.7228,0.0392,0.238
SPADES TWO DIAMONDS TEN,0.633,0.0074,0.3596
SPADES THREE DIAMONDS TEN,0.6352,0.0068,0.358
SPADES FOUR DIAMONDS TEN,0.6346,0.005,0.3604
SPADES FIVE DIAMONDS TEN,0.6362,0.0082,0.3556
SPADES SEVEN DIAMONDS TEN,0.579,0.0076,0.4134
SPADES EIGHT DIAMONDS TEN,0.5556,0.0072,0.4372
SPADES NINE DIAMONDS TEN,0.5574,0.007,0.4356
CLUBS FOUR DIAMONDS TEN,0.6364,0.0072,0.3564
CLUBS FIVE DIAMONDS TEN,0.6322,0.0058,0.362
CLUBS SIX DIAMONDS TEN,0.714,0.0354,0.2506
CLUBS SEVEN DIAMONDS TEN,0.5762,0.0054,0.4184
CLUBS EIGHT DIAMONDS TEN,0.5532,0.0064,0.4404
CLUBS NINE DIAMONDS TEN,0.5668,0.0042,0.429
DIAMONDS THREE CLUBS JACK,0.636,0.0054,0.3586
CLUBS TEN DIAMONDS THREE,0.6302,0.0092,0.3606
DIAMONDS THREE CLUBS KING,0.4012,0.3718,0.227
DIAMONDS THREE CLUBS QUEEN,0.628,0.0058,0.3662
DIAMONDS THREE CLUBS ACE,0.3966,0.0052,0.5982
SPADES FOUR HEARTS JACK,0.6368,0.0074,0.3558
SPADES FOUR HEARTS TEN,0.6312,0.008,0.3608
SPADES FIVE SPADES TWO,0.6254,0.0072,0.3674
SPADES FOUR SPADES TWO,0.618,0.0098,0.3722
SPADES THREE SPADES TWO,0.6156,0.0098,0.3746
SPADES NINE SPADES TWO,0.5962,0.0068,0.397
SPADES EIGHT SPADES TWO,0.6006,0.0092,0.3902
SPADES SEVEN SPADES TWO,0.6102,0.0072,0.3826
DIAMONDS QUEEN CLUBS THREE,0.647,0.0072,0.3458
CLUBS THREE HEARTS TWO,0.638,0.0074,0.3546
DIAMONDS QUEEN CLUBS TWO,0.6314,0.0064,0.3622
HEARTS TWO CLUBS TWO,0.4452,0.0172,0.5376
DIAMONDS QUEEN HEARTS SEVEN,0.6178,0.0066,0.3756
HEARTS TWO HEARTS SEVEN,0.6154,0.0078,0.3768
HEARTS SIX DIAMONDS QUEEN,0.7218,0.0432,0.235
HEARTS SIX HEARTS TWO,0.6866,0.0438,0.2696
DIAMONDS QUEEN HEARTS NINE,0.5698,0.0068,0.4234
HEARTS TWO HEARTS NINE,0.6026,0.0116,0.3858
DIAMONDS QUEEN HEARTS EIGHT,0.6026,0.0062,0.3912
HEARTS TWO HEARTS EIGHT,0.6218,0.01,0.3682
CLUBS NINE HEARTS TWO,0.6342,0.0072,0.3586
CLUBS NINE DIAMONDS QUEEN,0.5806,0.0064,0.413
CLUBS EIGHT HEARTS TWO,0.638,0.0096,0.3524
CLUBS EIGHT DIAMONDS QUEEN,0.5796,0.006,0.4144
CLUBS FIVE DIAMONDS QUEEN,0.6192,0.006,0.3748
CLUBS FIVE HEARTS TWO,0.654,0.0064,0.3396
SPADES EIGHT HEARTS ACE,0.358,0.0042,0.6378
DIAMONDS QUEEN CLUBS FOUR,0.6374,0.008,0.3546
HEARTS TWO CLUBS FOUR,0.6602,0.0098,0.33
CLUBS SEVEN DIAMONDS QUEEN,0.5976,0.0068,0.3956
CLUBS SEVEN HEARTS TWO,0.6524,0.0096,0.338
SPADES EIGHT HEARTS QUEEN,0.5924,0.006,0.4016
CLUBS SIX DIAMONDS QUEEN,0.7176,0.0412,0.2412
CLUBS SIX HEARTS TWO,0.7292,0.0392,0.2316
HEARTS FOUR CLUBS QUEEN,0.6362,0.0064,0.3574
DIAMONDS ACE CLUBS QUEEN,0.354,0.0028,0.6432
DIAMONDS QUEEN SPADES SEVEN,0.6004,0.0078,0.3918
HEARTS TWO SPADES SEVEN,0.651,0.0104,0.3386
HEARTS FOUR CLUBS KING,0.4068,0.374,0.2192
DIAMONDS ACE CLUBS KING,0.2384,0.0118,0.7498
DIAMONDS QUEEN SPADES EIGHT,0.5862,0.0068,0.407
SPADES EIGHT HEARTS TWO,0.6404,0.0086,0.351
HEARTS FOUR CLUBS ACE,0.3898,0.0066,0.6036
DIAMONDS ACE CLUBS ACE,0.1226,0.004,0.8734
SPADES NINE DIAMONDS QUEEN,0.5706,0.006,0.4234
SPADES NINE HEARTS TWO,0.64,0.009,0.351
HEARTS TWO SPADES TWO,0.4694,0.0174,0.5132
DIAMONDS QUEEN SPADES TWO,0.6288,0.0082,0.363
HEARTS TWO SPADES THREE,0.6698,0.0098,0.3204
DIAMONDS QUEEN SPADES THREE,0.6332,0.0066,0.3602
HEARTS TWO SPADES FOUR,0.6544,0.0092,0.3364
DIAMONDS QUEEN SPADES FOUR,0.639,0.0056,0.3554
HEARTS FOUR CLUBS TEN,0.6326,0.0092,0.3582
CLUBS TEN DIAMONDS ACE,0.3546,0.0028,0.6426
HEARTS TWO SPADES FIVE,0.6538,0.0088,0.3374
DIAMONDS QUEEN SPADES FIVE,0.6346,0.008,0.3574
HEARTS FOUR CLUBS JACK,0.6228,0.0052,0.372
DIAMONDS ACE CLUBS JACK,0.3484,0.0034,0.6482
CLUBS FIVE CLUBS KING,0.359,0.3584,0.2826
CLUBS FIVE CLUBS QUEEN,0.593,0.006,0.401
CLUBS FIVE CLUBS ACE,0.3562,0.005,0.6388
CLUBS FIVE CLUBS JACK,0.5836,0.0066,0.4098
CLUBS TEN CLUBS FIVE,0.5878,0.0062,0.406
SPADES KING CLUBS JACK,0.234,0.0858,0.6802
SPADES QUEEN CLUBS JACK,0.5602,0.0056,0.4342
SPADES ACE CLUBS JACK,0.3456,0.004,0.6504
SPADES EIGHT HEARTS JACK,0.5832,0.0076,0.4092
SPADES EIGHT HEARTS TEN,0.5646,0.0094,0.426
SPADES TEN CLUBS JACK,0.5388,0.0074,0.4538
SPADES JACK CLUBS JACK,0.2878,0.0066,0.7056
SPADES QUEEN CLUBS SEVEN,0.5974,0.0076,0.395
SPADES KING CLUBS SEVEN,0.2166,0.3046,0.4788
SPADES ACE CLUBS SEVEN,0.3498,0.0048,0.6454
CLUBS SEVEN SPADES JACK,0.5894,0.0078,0.4028
CLUBS SEVEN SPADES TEN,0.584,0.0072,0.4088
CLUBS TEN HEARTS SIX,0.728,0.0344,0.2376
HEARTS SIX CLUBS JACK,0.7324,0.0372,0.2304
CLUBS ACE CLUBS JACK,0.331,0.0054,0.6636
HEARTS SIX CLUBS QUEEN,0.731,0.0382,0.2308
HEARTS SIX CLUBS KING,0.0194,0.972,0.0086
HEARTS SIX CLUBS ACE,0.2404,0.0316,0.728
CLUBS QUEEN CLUBS JACK,0.518,0.0068,0.4752
CLUBS KING CLUBS JACK,0.2262,0.0852,0.6886
DIAMONDS THREE HEARTS ACE,0.3882,0.0054,0.6064
DIAMONDS THREE HEARTS QUEEN,0.6356,0.0068,0.3576
CLUBS FIVE HEARTS JACK,0.6352,0.008,0.3568
SPADES TEN DIAMONDS ACE,0.3494,0.0046,0.646
HEARTS FOUR SPADES TEN,0.6386,0.009,0.3524
CLUBS FIVE HEARTS TEN,0.64,0.009,0.351
HEARTS FOUR SPADES JACK,0.6106,0.0076,0.3818
SPADES JACK DIAMONDS ACE,0.3382,0.0046,0.6572
SPADES ACE HEARTS FOUR,0.3848,0.0052,0.61
SPADES ACE DIAMONDS ACE,0.1152,0.0028,0.882
CLUBS FIVE HEARTS ACE,0.3824,0.0054,0.6122
HEARTS FOUR SPADES QUEEN,0.6256,0.0082,0.3662
SPADES QUEEN DIAMONDS ACE,0.3416,0.0036,0.6548
SPADES FOUR CLUBS JACK,0.618,0.0072,0.3748
CLUBS FIVE HEARTS QUEEN,0.6244,0.0064,0.3692
SPADES KING DIAMONDS ACE,0.2258,0.0138,0.7604
HEARTS FOUR SPADES KING,0.3904,0.3842,0.2254
CLUBS TEN SPADES FOUR,0.6236,0.0092,0.3672
DIAMONDS QUEEN DIAMONDS ACE,0.3346,0.0038,0.6616
HEARTS TWO DIAMONDS ACE,0.4014,0.005,0.5936
HEARTS FOUR DIAMONDS QUEEN,0.6258,0.0066,0.3676
HEARTS FOUR HEARTS TWO,0.618,0.0082,0.3738
DIAMONDS THREE HEARTS TEN,0.6332,0.008,0.3588
SPADES FOUR CLUBS KING,0.3982,0.3828,0.219
HEARTS FIVE DIAMONDS QUEEN,0.6408,0.0064,0.3528
HEARTS FIVE HEARTS TWO,0.6028,0.0098,0.3874
DIAMONDS THREE HEARTS JACK,0.6472,0.0102,0.3426
SPADES FOUR CLUBS QUEEN,0.6426,0.0076,0.3498
DIAMONDS QUEEN HEARTS TWO,0.6414,0.006,0.3526
DIAMONDS KING DIAMONDS QUEEN,0.2366,0.0578,0.7056
DIAMONDS KING HEARTS TWO,0.3994,0.3854,0.2152
HEARTS THREE DIAMONDS QUEEN,0.6342,0.0078,0.358
HEARTS THREE HEARTS TWO,0.6144,0.0086,0.377
SPADES FOUR CLUBS ACE,0.3972,0.0032,0.5996
HEARTS TWO CLUBS ACE,0.3808,0.0058,0.6134
DIAMONDS QUEEN CLUBS ACE,0.3474,0.0034,0.6492
HEARTS TWO CLUBS QUEEN,0.6364,0.0074,0.3562
DIAMONDS QUEEN CLUBS QUEEN,0.2808,0.003,0.7162
HEARTS TWO CLUBS KING,0.3948,0.3898,0.2154
DIAMONDS QUEEN CLUBS KING,0.2452,0.06,0.6948
SPADES EIGHT SPADES FIVE,0.5838,0.0096,0.4066
CLUBS TEN HEARTS TWO,0.6236,0.0086,0.3678
CLUBS TEN DIAMONDS QUEEN,0.566,0.004,0.43
SPADES NINE SPADES FIVE,0.592,0.0098,0.3982
HEARTS TWO CLUBS JACK,0.6474,0.0086,0.344
DIAMONDS QUEEN CLUBS JACK,0.5552,0.0052,0.4396
SPADES SEVEN SPADES FIVE,0.5662,0.0092,0.4246
DIAMONDS FIVE CLUBS QUEEN,0.6284,0.0068,0.3648
SPADES EIGHT CLUBS ACE,0.3478,0.0036,0.6486
DIAMONDS FIVE CLUBS KING,0.3882,0.3882,0.2236
SPADES EIGHT CLUBS KING,0.2366,0.223,0.5404
CLUBS ACE DIAMONDS FIVE,0.3832,0.0044,0.6124
SPADES EIGHT CLUBS QUEEN,0.5902,0.0056,0.4042
SPADES EIGHT CLUBS JACK,0.5792,0.006,0.4148
CLUBS TEN SPADES EIGHT,0.571,0.0074,0.4216
CLUBS TEN DIAMONDS FIVE,0.6362,0.0066,0.3572
DIAMONDS FIVE CLUBS JACK,0.6368,0.0056,0.3576
HEARTS JACK DIAMONDS TEN,0.5478,0.0074,0.4448
DIAMONDS TEN HEARTS TEN,0.2972,0.0082,0.6946
SPADES ACE CLUBS NINE,0.3674,0.0054,0.6272
CLUBS NINE SPADES QUEEN,0.5614,0.0058,0.4328
CLUBS NINE SPADES KING,0.2342,0.1626,0.6032
DIAMONDS KING SPADES SEVEN,0.2044,0.3056,0.49
HEARTS THREE SPADES SEVEN,0.6268,0.0088,0.3644
SPADES KING DIAMONDS SEVEN,0.2124,0.3064,0.4812
HEARTS SIX HEARTS QUEEN,0.6782,0.0426,0.2792
SPADES QUEEN DIAMONDS SEVEN,0.601,0.0072,0.3918
DIAMONDS KING SPADES NINE,0.2154,0.1656,0.619
HEARTS THREE SPADES NINE,0.6392,0.008,0.3528
HEARTS SIX HEARTS ACE,0.2184,0.0264,0.7552
DIAMONDS KING SPADES EIGHT,0.229,0.2172,0.5538
HEARTS THREE SPADES EIGHT,0.6464,0.01,0.3436
SPADES ACE DIAMONDS SEVEN,0.3488,0.0034,0.6478
CLUBS NINE HEARTS THREE,0.638,0.0084,0.3536
CLUBS NINE DIAMONDS KING,0.22,0.1714,0.6086
HEARTS THREE CLUBS EIGHT,0.643,0.0088,0.3482
CLUBS EIGHT DIAMONDS KING,0.2376,0.2292,0.5332
HEARTS THREE SPADES THREE,0.4484,0.0212,0.5304
