opposingHand,winningChance,drawChance,lostChance
SPADES KING DIAMONDS FIVE
HEARTS FIVE SPADES TEN,0.7196,0.0362,0.2442
HEARTS FIVE SPADES JACK,0.7184,0.0412,0.2404
SPADES FIVE CLUBS JACK,0.7208,0.0412,0.238
CLUBS TEN SPADES FIVE,0.73,0.0348,0.2352
CLUBS EIGHT CLUBS JACK,0.5362,0.0056,0.4582
CLUBS TEN CLUBS EIGHT,0.5078,0.0074,0.4848
CLUBS EIGHT CLUBS KING,0.2228,0.213,0.5642
SPADES FIVE CLUBS ACE,0.2294,0.0312,0.7394
CLUBS EIGHT CLUBS QUEEN,0.5494,0.0072,0.4434
SPADES FIVE CLUBS KING,0.017,0.974,0.009
SPADES FIVE CLUBS QUEEN,0.7246,0.041,0.2344
CLUBS EIGHT CLUBS ACE,0.3348,0.005,0.6602
DIAMONDS TWO DIAMONDS THREE,0.6176,0.0098,0.3726
DIAMONDS TWO DIAMONDS FOUR,0.6262,0.0084,0.3654
HEARTS FIVE SPADES QUEEN,0.7302,0.0418,0.228
DIAMONDS TWO DIAMONDS SEVEN,0.6178,0.0098,0.3724
DIAMONDS TWO DIAMONDS SIX,0.5976,0.0088,0.3936
SPADES ACE HEARTS FIVE,0.2224,0.0262,0.7514
DIAMONDS TWO DIAMONDS NINE,0.5994,0.0068,0.3938
DIAMONDS TWO DIAMONDS EIGHT,0.5994,0.01,0.3906
DIAMONDS THREE DIAMONDS FOUR,0.5988,0.0098,0.3914
SPADES FOUR CLUBS TWO,0.6468,0.0118,0.3414
SPADES FIVE CLUBS TWO,0.7184,0.0364,0.2452
CLUBS TWO SPADES TWO,0.4674,0.018,0.5146
CLUBS TWO SPADES THREE,0.6458,0.0088,0.3454
DIAMONDS THREE DIAMONDS EIGHT,0.6132,0.0102,0.3766
SPADES EIGHT CLUBS TWO,0.647,0.0098,0.3432
DIAMONDS THREE DIAMONDS NINE,0.5918,0.009,0.3992
SPADES NINE CLUBS TWO,0.647,0.0074,0.3456
DIAMONDS THREE DIAMONDS SIX,0.587,0.0074,0.4056
SPADES SIX CLUBS TWO,0.6286,0.0102,0.3612
DIAMONDS THREE DIAMONDS SEVEN,0.588,0.01,0.402
SPADES SEVEN CLUBS TWO,0.6436,0.0094,0.347
CLUBS SIX CLUBS TWO,0.5974,0.0104,0.3922
CLUBS SEVEN CLUBS TWO,0.6024,0.0078,0.3898
CLUBS FOUR CLUBS TWO,0.604,0.009,0.387
CLUBS FIVE CLUBS TWO,0.668,0.0376,0.2944
CLUBS TEN CLUBS JACK,0.514,0.0076,0.4784
DIAMONDS SIX DIAMONDS FOUR,0.5724,0.009,0.4186
CLUBS TEN CLUBS QUEEN,0.5154,0.0064,0.4782
DIAMONDS FOUR DIAMONDS SEVEN,0.5758,0.0098,0.4144
CLUBS TEN CLUBS KING,0.2212,0.1188,0.66
CLUBS TEN CLUBS ACE,0.3252,0.0024,0.6724
CLUBS EIGHT CLUBS TWO,0.5982,0.0098,0.392
CLUBS NINE CLUBS TWO,0.5838,0.007,0.4092
DIAMONDS NINE DIAMONDS FOUR,0.622,0.0078,0.3702
DIAMONDS FOUR DIAMONDS EIGHT,0.5974,0.0096,0.393
CLUBS THREE CLUBS TWO,0.6128,0.0088,0.3784
DIAMONDS TWO CLUBS JACK,0.6398,0.009,0.3512
CLUBS TEN DIAMONDS TWO,0.6344,0.0066,0.359
DIAMONDS TWO CLUBS ACE,0.392,0.0048,0.6032
DIAMONDS TWO CLUBS KING,0.3142,0.4706,0.2152
DIAMONDS TWO CLUBS QUEEN,0.6384,0.0074,0.3542
DIAMONDS SIX DIAMONDS EIGHT,0.5518,0.0074,0.4408
DIAMONDS NINE DIAMONDS SIX,0.5516,0.009,0.4394
HEARTS ACE SPADES THREE,0.3782,0.0052,0.6166
SPADES THREE HEARTS KING,0.3242,0.4628,0.213
DIAMONDS SIX DIAMONDS SEVEN,0.551,0.0094,0.4396
SPADES THREE HEARTS QUEEN,0.6438,0.0098,0.3464
SPADES THREE HEARTS JACK,0.6342,0.0084,0.3574
SPADES THREE HEARTS TEN,0.6426,0.008,0.3494
DIAMONDS EIGHT DIAMONDS SEVEN,0.5306,0.0088,0.4606
DIAMONDS NINE DIAMONDS SEVEN,0.5312,0.0068,0.462
DIAMONDS NINE DIAMONDS EIGHT,0.5012,0.0072,0.4916
DIAMONDS KING HEARTS TEN,0.224,0.1152,0.6608
HEARTS THREE HEARTS TEN,0.6014,0.0086,0.39
SPADES JACK CLUBS SIX,0.608,0.0066,0.3854
DIAMONDS KING HEARTS JACK,0.2354,0.083,0.6816
HEARTS THREE HEARTS JACK,0.5908,0.0064,0.4028
SPADES TEN CLUBS SIX,0.6046,0.007,0.3884
SPADES JACK SPADES FIVE,0.6956,0.0424,0.262
SPADES TEN SPADES FIVE,0.6976,0.0356,0.2668
DIAMONDS KING HEARTS ACE,0.2226,0.0112,0.7662
HEARTS THREE HEARTS ACE,0.36,0.006,0.634
SPADES ACE CLUBS SIX,0.3602,0.0048,0.635
DIAMONDS KING HEARTS QUEEN,0.2408,0.0656,0.6936
HEARTS THREE HEARTS QUEEN,0.5912,0.0064,0.4024
DIAMONDS KING HEARTS KING,0.0712,0.0156,0.9132
HEARTS THREE HEARTS KING,0.3148,0.426,0.2592
SPADES QUEEN CLUBS SIX,0.6004,0.0074,0.3922
SPADES NINE HEARTS TEN,0.55,0.0102,0.4398
SPADES NINE HEARTS JACK,0.5616,0.006,0.4324
SPADES QUEEN SPADES FIVE,0.6912,0.0402,0.2686
SPADES ACE SPADES FIVE,0.2206,0.0318,0.7476
SPADES NINE HEARTS QUEEN,0.5678,0.0078,0.4244
SPADES NINE HEARTS KING,0.2372,0.1686,0.5942
SPADES NINE HEARTS ACE,0.3652,0.005,0.6298
CLUBS TEN SPADES JACK,0.544,0.006,0.45
CLUBS TEN SPADES TEN,0.3026,0.0082,0.6892
SPADES ACE CLUBS TEN,0.3286,0.0064,0.665
SPADES QUEEN CLUBS TEN,0.5674,0.0048,0.4278
SPADES FIVE HEARTS QUEEN,0.7352,0.047,0.2178
SPADES FIVE HEARTS KING,0.0176,0.9714,0.011
SPADES FIVE HEARTS ACE,0.2348,0.03,0.7352
SPADES JACK HEARTS THREE,0.6446,0.0092,0.3462
SPADES JACK DIAMONDS KING,0.2392,0.0904,0.6704
SPADES TEN CLUBS EIGHT,0.554,0.0076,0.4384
SPADES JACK CLUBS EIGHT,0.588,0.008,0.404
SPADES TEN HEARTS THREE,0.6416,0.0082,0.3502
SPADES TEN DIAMONDS KING,0.231,0.1252,0.6438
CLUBS SIX HEARTS ACE,0.368,0.0042,0.6278
SPADES ACE CLUBS EIGHT,0.3588,0.003,0.6382
HEARTS FIVE CLUBS JACK,0.7158,0.038,0.2462
HEARTS FIVE CLUBS TEN,0.7112,0.0396,0.2492
CLUBS SIX HEARTS QUEEN,0.6086,0.0084,0.383
SPADES QUEEN CLUBS EIGHT,0.5922,0.0076,0.4002
CLUBS TEN SPADES THREE,0.6388,0.0106,0.3506
CLUBS SIX HEARTS KING,0.2302,0.3846,0.3852
SPADES THREE CLUBS JACK,0.6348,0.0102,0.355
DIAMONDS TWO HEARTS JACK,0.6252,0.0056,0.3692
SPADES THREE CLUBS QUEEN,0.632,0.0092,0.3588
DIAMONDS TWO HEARTS TEN,0.634,0.0076,0.3584
SPADES THREE CLUBS KING,0.316,0.4704,0.2136
HEARTS FIVE CLUBS ACE,0.226,0.0266,0.7474
SPADES FIVE HEARTS TEN,0.7376,0.0386,0.2238
SPADES THREE CLUBS ACE,0.3792,0.005,0.6158
HEARTS FIVE CLUBS KING,0.0234,0.9576,0.019
SPADES FIVE HEARTS JACK,0.7248,0.0414,0.2338
HEARTS FIVE CLUBS QUEEN,0.7238,0.0328,0.2434
HEARTS THREE CLUBS KING,0.3236,0.4434,0.233
DIAMONDS KING CLUBS KING,0.0694,0.0172,0.9134
HEARTS THREE CLUBS QUEEN,0.6328,0.0082,0.359
DIAMONDS KING CLUBS QUEEN,0.2514,0.067,0.6816
HEARTS FIVE HEARTS JACK,0.6684,0.0386,0.293
HEARTS FIVE HEARTS TEN,0.6802,0.0326,0.2872
HEARTS THREE CLUBS ACE,0.3704,0.0062,0.6234
DIAMONDS KING CLUBS ACE,0.2172,0.0122,0.7706
SPADES ACE CLUBS QUEEN,0.351,0.0028,0.6462
HEARTS THREE CLUBS JACK,0.6292,0.0054,0.3654
DIAMONDS KING CLUBS JACK,0.251,0.0836,0.6654
SPADES QUEEN CLUBS QUEEN,0.2878,0.0046,0.7076
CLUBS TEN HEARTS THREE,0.6342,0.008,0.3578
CLUBS TEN DIAMONDS KING,0.232,0.1138,0.6542
SPADES JACK CLUBS QUEEN,0.5452,0.0068,0.448
CLUBS SIX CLUBS QUEEN,0.5596,0.0092,0.4312
SPADES TEN CLUBS QUEEN,0.5566,0.0088,0.4346
CLUBS SIX CLUBS KING,0.2026,0.3696,0.4278
CLUBS SIX CLUBS ACE,0.339,0.0044,0.6566
HEARTS FIVE HEARTS KING,0.022,0.9094,0.0686
HEARTS FIVE HEARTS QUEEN,0.6802,0.0362,0.2836
CLUBS TEN CLUBS SIX,0.5482,0.0068,0.445
HEARTS FIVE HEARTS ACE,0.2248,0.0268,0.7484
CLUBS SIX CLUBS JACK,0.5502,0.0066,0.4432
SPADES SEVEN HEARTS JACK,0.5888,0.0084,0.4028
SPADES SEVEN HEARTS TEN,0.586,0.0072,0.4068
DIAMONDS TWO CLUBS TWO,0.4464,0.019,0.5346
DIAMONDS TWO CLUBS THREE,0.6546,0.0098,0.3356
DIAMONDS TWO HEARTS SIX,0.6404,0.009,0.3506
DIAMONDS TWO HEARTS QUEEN,0.6324,0.009,0.3586
HEARTS SEVEN DIAMONDS TWO,0.6518,0.0068,0.3414
DIAMONDS TWO HEARTS KING,0.3282,0.465,0.2068
DIAMONDS TWO HEARTS EIGHT,0.6422,0.0082,0.3496
DIAMONDS TWO HEARTS ACE,0.3944,0.0068,0.5988
DIAMONDS TWO HEARTS NINE,0.6434,0.008,0.3486
DIAMONDS TWO DIAMONDS QUEEN,0.5974,0.0094,0.3932
DIAMONDS TWO HEARTS TWO,0.4436,0.0168,0.5396
DIAMONDS TWO DIAMONDS KING,0.3126,0.4362,0.2512
DIAMONDS TWO HEARTS THREE,0.6516,0.0104,0.338
DIAMONDS TWO DIAMONDS ACE,0.3618,0.0056,0.6326
HEARTS FOUR DIAMONDS TWO,0.6466,0.011,0.3424
HEARTS FIVE DIAMONDS TWO,0.7076,0.037,0.2554
SPADES SEVEN HEARTS ACE,0.3588,0.0056,0.6356
DIAMONDS TWO DIAMONDS TEN,0.595,0.011,0.394
SPADES SEVEN HEARTS KING,0.2374,0.307,0.4556
DIAMONDS TWO DIAMONDS JACK,0.5934,0.0068,0.3998
SPADES SEVEN HEARTS QUEEN,0.6036,0.0062,0.3902
DIAMONDS TWO SPADES NINE,0.638,0.0102,0.3518
DIAMONDS TWO SPADES EIGHT,0.654,0.0098,0.3362
DIAMONDS TWO SPADES SEVEN,0.6492,0.0092,0.3416
DIAMONDS TWO SPADES SIX,0.6494,0.0126,0.338
DIAMONDS TWO SPADES FIVE,0.7222,0.0418,0.236
DIAMONDS TWO SPADES FOUR,0.6652,0.01,0.3248
DIAMONDS TWO SPADES THREE,0.6604,0.011,0.3286
DIAMONDS TWO SPADES TWO,0.4446,0.0216,0.5338
CLUBS NINE DIAMONDS TWO,0.655,0.0086,0.3364
DIAMONDS TWO CLUBS EIGHT,0.651,0.007,0.342
CLUBS SEVEN DIAMONDS TWO,0.6436,0.0112,0.3452
DIAMONDS TWO CLUBS SIX,0.6394,0.0082,0.3524
DIAMONDS TWO CLUBS FIVE,0.7142,0.0396,0.2462
DIAMONDS TWO CLUBS FOUR,0.6602,0.0088,0.331
CLUBS FOUR SPADES FIVE,0.6768,0.0368,0.2864
CLUBS FOUR SPADES FOUR,0.4388,0.0182,0.543
CLUBS FOUR SPADES THREE,0.6304,0.0092,0.3604
CLUBS FOUR SPADES TWO,0.6592,0.0106,0.3302
SPADES NINE CLUBS FOUR,0.6534,0.0092,0.3374
SPADES EIGHT CLUBS FOUR,0.6304,0.008,0.3616
SPADES SEVEN CLUBS FOUR,0.6258,0.0084,0.3658
SPADES SIX CLUBS FOUR,0.6238,0.0094,0.3668
SPADES ACE DIAMONDS SIX,0.351,0.0064,0.6426
SPADES QUEEN DIAMONDS SIX,0.5998,0.0106,0.3896
SPADES TEN DIAMONDS SIX,0.5934,0.0092,0.3974
SPADES JACK DIAMONDS SIX,0.606,0.007,0.387
SPADES QUEEN SPADES TWO,0.6016,0.0092,0.3892
SPADES ACE SPADES TWO,0.379,0.0056,0.6154
DIAMONDS JACK CLUBS JACK,0.2946,0.006,0.6994
CLUBS TEN DIAMONDS JACK,0.5432,0.0072,0.4496
DIAMONDS JACK CLUBS KING,0.2392,0.0854,0.6754
DIAMONDS JACK CLUBS QUEEN,0.5516,0.0056,0.4428
DIAMONDS THREE DIAMONDS JACK,0.6,0.0102,0.3898
DIAMONDS THREE DIAMONDS TEN,0.602,0.0088,0.3892
DIAMONDS JACK CLUBS ACE,0.3526,0.0052,0.6422
DIAMONDS THREE DIAMONDS KING,0.319,0.4188,0.2622
DIAMONDS THREE HEARTS THREE,0.4428,0.0158,0.5414
DIAMONDS THREE DIAMONDS QUEEN,0.6196,0.0088,0.3716
DIAMONDS THREE HEARTS TWO,0.6552,0.0094,0.3354
HEARTS FIVE DIAMONDS THREE,0.6908,0.0388,0.2704
DIAMONDS THREE DIAMONDS ACE,0.3644,0.0066,0.629
HEARTS FOUR DIAMONDS THREE,0.6378,0.006,0.3562
HEARTS SEVEN DIAMONDS THREE,0.6386,0.006,0.3554
SPADES TEN SPADES NINE,0.5168,0.0094,0.4738
HEARTS SIX DIAMONDS THREE,0.6216,0.0082,0.3702
SPADES JACK SPADES NINE,0.5414,0.0068,0.4518
DIAMONDS THREE HEARTS NINE,0.643,0.0056,0.3514
HEARTS JACK DIAMONDS FOUR,0.639,0.0068,0.3542
HEARTS ACE HEARTS KING,0.2096,0.0124,0.778
SPADES TEN SPADES TWO,0.599,0.0088,0.3922
DIAMONDS THREE HEARTS EIGHT,0.6578,0.0078,0.3344
HEARTS TEN DIAMONDS FOUR,0.6462,0.0062,0.3476
SPADES JACK SPADES TWO,0.6038,0.008,0.3882
HEARTS QUEEN DIAMONDS FOUR,0.6296,0.0094,0.361
HEARTS KING DIAMONDS FOUR,0.3246,0.4656,0.2098
SPADES ACE SPADES NINE,0.348,0.005,0.647
HEARTS ACE DIAMONDS FOUR,0.3846,0.006,0.6094
SPADES QUEEN SPADES NINE,0.5588,0.0068,0.4344
DIAMONDS THREE SPADES NINE,0.6392,0.0108,0.35
DIAMONDS THREE SPADES EIGHT,0.6608,0.0102,0.329
DIAMONDS THREE SPADES SEVEN,0.6468,0.0092,0.344
DIAMONDS THREE SPADES SIX,0.629,0.0084,0.3626
DIAMONDS THREE CLUBS SIX,0.6348,0.0086,0.3566
CLUBS FIVE CLUBS SIX,0.6316,0.0364,0.332
CLUBS ACE DIAMONDS FOUR,0.3684,0.004,0.6276
CLUBS SEVEN DIAMONDS THREE,0.625,0.0094,0.3656
CLUBS SEVEN CLUBS FIVE,0.642,0.0322,0.3258
DIAMONDS THREE CLUBS FOUR,0.6296,0.0106,0.3598
DIAMONDS FOUR CLUBS QUEEN,0.6334,0.0084,0.3582
DIAMONDS THREE CLUBS FIVE,0.6834,0.0444,0.2722
CLUBS KING DIAMONDS FOUR,0.3206,0.4636,0.2158
DIAMONDS THREE CLUBS TWO,0.6516,0.009,0.3394
CLUBS TEN DIAMONDS FOUR,0.6276,0.0088,0.3636
DIAMONDS THREE CLUBS THREE,0.454,0.018,0.528
DIAMONDS FOUR CLUBS JACK,0.6402,0.008,0.3518
DIAMONDS THREE SPADES FOUR,0.6472,0.0094,0.3434
DIAMONDS THREE SPADES FIVE,0.702,0.0402,0.2578
DIAMONDS THREE SPADES TWO,0.655,0.0124,0.3326
DIAMONDS THREE SPADES THREE,0.4418,0.015,0.5432
CLUBS EIGHT DIAMONDS THREE,0.6406,0.008,0.3514
CLUBS NINE DIAMONDS THREE,0.6354,0.0078,0.3568
SPADES SEVEN CLUBS ACE,0.3664,0.0038,0.6298
SPADES SEVEN CLUBS QUEEN,0.6038,0.0074,0.3888
SPADES SEVEN CLUBS KING,0.233,0.2982,0.4688
CLUBS FIVE SPADES SEVEN,0.6986,0.0378,0.2636
CLUBS TEN SPADES SEVEN,0.5744,0.0082,0.4174
CLUBS FIVE SPADES SIX,0.6868,0.029,0.2842
SPADES SEVEN CLUBS JACK,0.6,0.0086,0.3914
SPADES NINE CLUBS FIVE,0.7122,0.039,0.2488
CLUBS FIVE SPADES EIGHT,0.694,0.0346,0.2714
CLUBS FIVE SPADES THREE,0.6884,0.0448,0.2668
CLUBS FIVE SPADES TWO,0.6986,0.0448,0.2566
CLUBS FIVE SPADES FIVE,0.3198,0.0282,0.652
CLUBS FIVE SPADES FOUR,0.6808,0.0364,0.2828
CLUBS NINE CLUBS FIVE,0.6688,0.0338,0.2974
CLUBS EIGHT CLUBS FIVE,0.6558,0.0326,0.3116
CLUBS ACE CLUBS QUEEN,0.3332,0.005,0.6618
CLUBS KING CLUBS QUEEN,0.2364,0.0646,0.699
DIAMONDS TEN DIAMONDS FOUR,0.589,0.008,0.403
CLUBS TEN DIAMONDS NINE,0.5456,0.0072,0.4472
DIAMONDS JACK DIAMONDS FOUR,0.5872,0.0082,0.4046
DIAMONDS NINE CLUBS JACK,0.5548,0.0066,0.4386
SPADES NINE CLUBS JACK,0.5742,0.0064,0.4194
CLUBS TEN SPADES NINE,0.5538,0.0068,0.4394
DIAMONDS ACE DIAMONDS FOUR,0.3672,0.0054,0.6274
HEARTS FOUR DIAMONDS FOUR,0.4348,0.0162,0.549
DIAMONDS JACK HEARTS TEN,0.5424,0.0068,0.4508
SPADES NINE CLUBS KING,0.2502,0.1692,0.5806
DIAMONDS TWO SPADES TEN,0.6414,0.0078,0.3508
DIAMONDS NINE CLUBS ACE,0.3664,0.0054,0.6282
HEARTS FIVE DIAMONDS FOUR,0.6846,0.033,0.2824
DIAMONDS JACK HEARTS JACK,0.3018,0.0088,0.6894
SPADES NINE CLUBS QUEEN,0.5702,0.0044,0.4254
SPADES JACK DIAMONDS TWO,0.6372,0.0096,0.3532
DIAMONDS QUEEN DIAMONDS FOUR,0.5994,0.0078,0.3928
HEARTS TWO DIAMONDS FOUR,0.6558,0.009,0.3352
DIAMONDS NINE CLUBS QUEEN,0.5698,0.0062,0.424
DIAMONDS KING DIAMONDS FOUR,0.3004,0.4438,0.2558
HEARTS THREE DIAMONDS FOUR,0.6314,0.011,0.3576
SPADES NINE CLUBS ACE,0.3644,0.0044,0.6312
DIAMONDS NINE CLUBS KING,0.2408,0.1698,0.5894
HEARTS ACE DIAMONDS JACK,0.3502,0.0036,0.6462
SPADES ACE DIAMONDS TWO,0.3722,0.0068,0.621
HEARTS QUEEN DIAMONDS JACK,0.5508,0.0064,0.4428
SPADES QUEEN DIAMONDS TWO,0.6402,0.008,0.3518
HEARTS KING DIAMONDS JACK,0.2416,0.0888,0.6696
SPADES JACK SPADES SEVEN,0.5676,0.0076,0.4248
SPADES TEN SPADES SEVEN,0.554,0.0066,0.4394
CLUBS SEVEN CLUBS THREE,0.5828,0.009,0.4082
CLUBS SIX CLUBS THREE,0.5752,0.0094,0.4154
CLUBS FIVE CLUBS THREE,0.6436,0.0346,0.3218
CLUBS THREE CLUBS FOUR,0.595,0.0074,0.3976
CLUBS NINE CLUBS THREE,0.6004,0.009,0.3906
CLUBS EIGHT CLUBS THREE,0.6024,0.008,0.3896
CLUBS THREE SPADES FIVE,0.69,0.0386,0.2714
CLUBS THREE SPADES FOUR,0.6382,0.0066,0.3552
CLUBS THREE SPADES THREE,0.4496,0.0182,0.5322
CLUBS THREE SPADES TWO,0.644,0.009,0.347
CLUBS THREE SPADES SIX,0.621,0.0082,0.3708
SPADES SEVEN CLUBS THREE,0.632,0.0096,0.3584
SPADES EIGHT CLUBS THREE,0.64,0.011,0.349
SPADES NINE CLUBS THREE,0.6318,0.0096,0.3586
SPADES TWO DIAMONDS FOUR,0.6664,0.0112,0.3224
SPADES THREE DIAMONDS FOUR,0.6382,0.0094,0.3524
SPADES FOUR DIAMONDS FOUR,0.4596,0.0168,0.5236
SPADES FIVE DIAMONDS FOUR,0.6828,0.0432,0.274
SPADES SIX DIAMONDS FOUR,0.6208,0.0096,0.3696
SPADES SEVEN DIAMONDS FOUR,0.621,0.008,0.371
SPADES EIGHT DIAMONDS FOUR,0.6486,0.0076,0.3438
SPADES NINE DIAMONDS FOUR,0.6504,0.0096,0.34
CLUBS FIVE DIAMONDS FOUR,0.6772,0.041,0.2818
CLUBS FOUR DIAMONDS FOUR,0.4474,0.0176,0.535
CLUBS SEVEN DIAMONDS FOUR,0.621,0.0078,0.3712
CLUBS SIX DIAMONDS FOUR,0.6206,0.0102,0.3692
CLUBS NINE DIAMONDS FOUR,0.6474,0.0086,0.344
CLUBS EIGHT DIAMONDS FOUR,0.626,0.0072,0.3668
HEARTS SEVEN DIAMONDS FOUR,0.6084,0.0098,0.3818
HEARTS SIX DIAMONDS FOUR,0.6184,0.0068,0.3748
DIAMONDS FOUR HEARTS NINE,0.6358,0.0092,0.355
DIAMONDS FOUR HEARTS EIGHT,0.629,0.0082,0.3628
CLUBS THREE DIAMONDS FOUR,0.6324,0.0106,0.357
CLUBS TWO DIAMONDS FOUR,0.6544,0.0104,0.3352
DIAMONDS NINE HEARTS QUEEN,0.58,0.0068,0.4132
DIAMONDS NINE HEARTS KING,0.2346,0.162,0.6034
HEARTS ACE DIAMONDS NINE,0.3686,0.0066,0.6248
DIAMONDS NINE HEARTS TEN,0.5424,0.0076,0.45
DIAMONDS NINE HEARTS JACK,0.5614,0.0056,0.433
DIAMONDS SIX CLUBS KING,0.2116,0.3904,0.398
DIAMONDS SIX CLUBS QUEEN,0.6034,0.007,0.3896
CLUBS ACE DIAMONDS SIX,0.3662,0.0032,0.6306
SPADES ACE SPADES SEVEN,0.3412,0.0048,0.654
SPADES QUEEN DIAMONDS FOUR,0.6412,0.0066,0.3522
SPADES QUEEN SPADES SEVEN,0.5604,0.0062,0.4334
DIAMONDS SIX CLUBS JACK,0.5974,0.0062,0.3964
SPADES ACE DIAMONDS FOUR,0.383,0.004,0.613
CLUBS TEN DIAMONDS SIX,0.5718,0.0078,0.4204
CLUBS NINE CLUBS FOUR,0.5882,0.006,0.4058
CLUBS EIGHT CLUBS FOUR,0.5882,0.007,0.4048
SPADES JACK DIAMONDS FOUR,0.6476,0.0094,0.343
SPADES TEN DIAMONDS FOUR,0.6242,0.0086,0.3672
CLUBS FIVE CLUBS FOUR,0.6328,0.0354,0.3318
CLUBS SEVEN CLUBS FOUR,0.5818,0.0066,0.4116
CLUBS SIX CLUBS FOUR,0.5762,0.0106,0.4132
CLUBS SEVEN SPADES EIGHT,0.561,0.0088,0.4302
CLUBS SEVEN SPADES NINE,0.5694,0.0082,0.4224
CLUBS SEVEN SPADES SIX,0.5822,0.009,0.4088
CLUBS SEVEN SPADES SEVEN,0.3466,0.0136,0.6398
CLUBS SEVEN SPADES FIVE,0.6844,0.0318,0.2838
CLUBS SEVEN SPADES FOUR,0.617,0.0078,0.3752
CLUBS SEVEN SPADES THREE,0.6414,0.0092,0.3494
CLUBS SEVEN SPADES TWO,0.648,0.0082,0.3438
CLUBS NINE CLUBS SEVEN,0.5306,0.0064,0.463
CLUBS SEVEN CLUBS EIGHT,0.527,0.0086,0.4644
HEARTS KING HEARTS EIGHT,0.2298,0.2244,0.5458
HEARTS QUEEN HEARTS EIGHT,0.5532,0.0058,0.441
HEARTS ACE HEARTS EIGHT,0.3362,0.003,0.6608
SPADES JACK DIAMONDS EIGHT,0.5738,0.007,0.4192
CLUBS TEN HEARTS JACK,0.54,0.004,0.456
SPADES TEN DIAMONDS EIGHT,0.5626,0.007,0.4304
HEARTS JACK CLUBS JACK,0.2914,0.0082,0.7004
HEARTS JACK CLUBS QUEEN,0.5636,0.0096,0.4268
CLUBS KING HEARTS JACK,0.2496,0.0842,0.6662
CLUBS ACE HEARTS JACK,0.3558,0.0032,0.641
SPADES QUEEN DIAMONDS EIGHT,0.6,0.0046,0.3954
SPADES ACE DIAMONDS EIGHT,0.3708,0.0048,0.6244
DIAMONDS TEN DIAMONDS SIX,0.5558,0.0066,0.4376
HEARTS ACE DIAMONDS SEVEN,0.3524,0.0052,0.6424
DIAMONDS JACK DIAMONDS SIX,0.5564,0.007,0.4366
HEARTS QUEEN DIAMONDS SEVEN,0.614,0.0052,0.3808
HEARTS KING DIAMONDS SEVEN,0.2284,0.2936,0.478
DIAMONDS ACE DIAMONDS SIX,0.3362,0.0066,0.6572
HEARTS FOUR DIAMONDS SIX,0.6118,0.0078,0.3804
SPADES TWO HEARTS JACK,0.6446,0.0098,0.3456
HEARTS FIVE DIAMONDS SIX,0.6788,0.0298,0.2914
SPADES TWO HEARTS TEN,0.654,0.0094,0.3366
DIAMONDS QUEEN DIAMONDS SIX,0.579,0.0058,0.4152
HEARTS TWO DIAMONDS SIX,0.631,0.0098,0.3592
DIAMONDS KING DIAMONDS SIX,0.2154,0.3772,0.4074
HEARTS THREE DIAMONDS SIX,0.613,0.0056,0.3814
DIAMONDS SIX HEARTS EIGHT,0.574,0.008,0.418
DIAMONDS SIX HEARTS NINE,0.5834,0.0072,0.4094
HEARTS SIX DIAMONDS SIX,0.3316,0.014,0.6544
HEARTS SEVEN DIAMONDS SIX,0.5736,0.0096,0.4168
HEARTS TEN DIAMONDS SEVEN,0.5596,0.009,0.4314
CLUBS TWO DIAMONDS SIX,0.628,0.0078,0.3642
HEARTS JACK DIAMONDS SEVEN,0.58,0.005,0.415
CLUBS THREE DIAMONDS SIX,0.6178,0.011,0.3712
CLUBS SEVEN DIAMONDS SIX,0.5512,0.007,0.4418
DIAMONDS EIGHT CLUBS JACK,0.568,0.0062,0.4258
CLUBS SIX DIAMONDS SIX,0.3362,0.0176,0.6462
CLUBS TEN DIAMONDS EIGHT,0.5358,0.0088,0.4554
CLUBS FIVE DIAMONDS SIX,0.675,0.0358,0.2892
CLUBS FOUR DIAMONDS SIX,0.6084,0.0086,0.383
HEARTS ACE HEARTS JACK,0.3404,0.0022,0.6574
CLUBS ACE DIAMONDS EIGHT,0.3594,0.004,0.6366
HEARTS QUEEN HEARTS JACK,0.532,0.0054,0.4626
CLUBS KING DIAMONDS EIGHT,0.2274,0.2272,0.5454
CLUBS NINE DIAMONDS SIX,0.5736,0.0098,0.4166
HEARTS KING HEARTS JACK,0.2316,0.0918,0.6766
CLUBS QUEEN DIAMONDS EIGHT,0.585,0.0094,0.4056
CLUBS EIGHT DIAMONDS SIX,0.5776,0.0066,0.4158
SPADES TEN HEARTS KING,0.2426,0.116,0.6414
SPADES FIVE DIAMONDS SIX,0.679,0.0294,0.2916
HEARTS ACE SPADES TWO,0.3858,0.0036,0.6106
SPADES JACK HEARTS KING,0.2426,0.0866,0.6708
SPADES FOUR DIAMONDS SIX,0.6,0.009,0.391
SPADES THREE DIAMONDS SIX,0.6308,0.0094,0.3598
HEARTS QUEEN SPADES TWO,0.6408,0.007,0.3522
SPADES TWO HEARTS KING,0.3272,0.4558,0.217
SPADES TWO DIAMONDS SIX,0.633,0.0108,0.3562
HEARTS TEN HEARTS EIGHT,0.5324,0.0082,0.4594
SPADES NINE DIAMONDS SIX,0.577,0.0092,0.4138
HEARTS JACK HEARTS EIGHT,0.5338,0.0082,0.458
SPADES EIGHT DIAMONDS SIX,0.5804,0.0096,0.41
SPADES SEVEN DIAMONDS SIX,0.5776,0.0082,0.4142
SPADES SIX DIAMONDS SIX,0.337,0.0172,0.6458
SPADES QUEEN HEARTS KING,0.239,0.0646,0.6964
CLUBS ACE CLUBS KING,0.2094,0.0142,0.7764
SPADES ACE HEARTS KING,0.2246,0.0102,0.7652
SPADES ACE HEARTS JACK,0.3404,0.005,0.6546
SPADES QUEEN HEARTS JACK,0.5622,0.0068,0.431
SPADES TEN DIAMONDS TEN,0.2962,0.011,0.6928
SPADES JACK DIAMONDS TEN,0.5298,0.0088,0.4614
SPADES ACE DIAMONDS TEN,0.34,0.0062,0.6538
SPADES JACK HEARTS JACK,0.3118,0.0066,0.6816
SPADES TEN HEARTS JACK,0.5454,0.008,0.4466
SPADES QUEEN DIAMONDS TEN,0.55,0.008,0.442
SPADES NINE DIAMONDS SEVEN,0.58,0.0082,0.4118
SPADES EIGHT DIAMONDS SEVEN,0.5768,0.0092,0.414
SPADES SEVEN DIAMONDS SEVEN,0.3258,0.0136,0.6606
SPADES SIX DIAMONDS SEVEN,0.5692,0.0086,0.4222
DIAMONDS KING DIAMONDS SEVEN,0.212,0.2884,0.4996
HEARTS THREE DIAMONDS SEVEN,0.6124,0.0078,0.3798
DIAMONDS QUEEN DIAMONDS SEVEN,0.574,0.0074,0.4186
HEARTS TWO DIAMONDS SEVEN,0.6402,0.0076,0.3522
HEARTS FIVE DIAMONDS SEVEN,0.6886,0.0374,0.274
DIAMONDS ACE DIAMONDS SEVEN,0.3478,0.0054,0.6468
HEARTS FOUR DIAMONDS SEVEN,0.6104,0.0082,0.3814
HEARTS SEVEN DIAMONDS SEVEN,0.3258,0.0114,0.6628
HEARTS SIX DIAMONDS SEVEN,0.5582,0.008,0.4338
HEARTS NINE DIAMONDS SEVEN,0.5712,0.008,0.4208
HEARTS EIGHT DIAMONDS SEVEN,0.5632,0.0068,0.43
DIAMONDS JACK DIAMONDS SEVEN,0.5598,0.0088,0.4314
DIAMONDS TEN DIAMONDS SEVEN,0.5502,0.0064,0.4434
HEARTS KING CLUBS KING,0.0828,0.0132,0.904
CLUBS EIGHT DIAMONDS SEVEN,0.5844,0.0058,0.4098
SPADES QUEEN CLUBS TWO,0.6448,0.0068,0.3484
HEARTS KING CLUBS QUEEN,0.2408,0.0608,0.6984
CLUBS NINE DIAMONDS SEVEN,0.5604,0.0106,0.429
SPADES TWO CLUBS JACK,0.645,0.0068,0.3482
SPADES ACE CLUBS TWO,0.3768,0.0064,0.6168
CLUBS TEN SPADES TWO,0.644,0.0092,0.3468
HEARTS KING CLUBS ACE,0.236,0.0082,0.7558
CLUBS SEVEN CLUBS SIX,0.5304,0.0088,0.4608
SPADES TWO CLUBS KING,0.3266,0.4626,0.2108
SPADES TWO DIAMONDS SEVEN,0.649,0.0114,0.3396
CLUBS EIGHT CLUBS SIX,0.5374,0.007,0.4556
SPADES THREE DIAMONDS SEVEN,0.6388,0.009,0.3522
SPADES TWO CLUBS QUEEN,0.6528,0.0082,0.339
CLUBS NINE CLUBS SIX,0.5558,0.0068,0.4374
SPADES FOUR DIAMONDS SEVEN,0.6244,0.0114,0.3642
HEARTS KING CLUBS JACK,0.2436,0.0812,0.6752
SPADES FIVE DIAMONDS SEVEN,0.6896,0.0336,0.2768
SPADES TWO CLUBS ACE,0.392,0.0066,0.6014
CLUBS TEN HEARTS KING,0.2374,0.1216,0.641
CLUBS SIX SPADES TWO,0.6498,0.0096,0.3406
CLUBS SIX SPADES THREE,0.627,0.0118,0.3612
CLUBS TWO DIAMONDS SEVEN,0.636,0.0076,0.3564
CLUBS SIX SPADES FOUR,0.6024,0.0088,0.3888
CLUBS THREE DIAMONDS SEVEN,0.6206,0.0102,0.3692
CLUBS SIX SPADES FIVE,0.6864,0.035,0.2786
CLUBS FOUR DIAMONDS SEVEN,0.61,0.007,0.383
CLUBS SIX SPADES SIX,0.3368,0.0176,0.6456
CLUBS FIVE DIAMONDS SEVEN,0.6778,0.0334,0.2888
CLUBS SIX SPADES SEVEN,0.5698,0.0064,0.4238
CLUBS SIX DIAMONDS SEVEN,0.5726,0.01,0.4174
SPADES EIGHT CLUBS SIX,0.5858,0.0078,0.4064
SPADES JACK CLUBS TWO,0.6434,0.0072,0.3494
CLUBS SEVEN DIAMONDS SEVEN,0.3232,0.0112,0.6656
SPADES NINE CLUBS SIX,0.5878,0.0066,0.4056
SPADES TEN CLUBS TWO,0.647,0.0104,0.3426
CLUBS TWO CLUBS QUEEN,0.6012,0.0052,0.3936
CLUBS TWO CLUBS KING,0.32,0.4172,0.2628
CLUBS THREE DIAMONDS EIGHT,0.637,0.0086,0.3544
CLUBS TWO CLUBS ACE,0.3638,0.004,0.6322
CLUBS TWO DIAMONDS EIGHT,0.6352,0.0076,0.3572
HEARTS SEVEN DIAMONDS EIGHT,0.559,0.008,0.433
HEARTS SIX DIAMONDS EIGHT,0.58,0.008,0.412
DIAMONDS EIGHT HEARTS NINE,0.561,0.0074,0.4316
CLUBS TEN CLUBS TWO,0.5908,0.0096,0.3996
HEARTS EIGHT DIAMONDS EIGHT,0.3334,0.0108,0.6558
CLUBS TWO CLUBS JACK,0.5874,0.0088,0.4038
CLUBS NINE DIAMONDS EIGHT,0.565,0.0076,0.4274
CLUBS EIGHT DIAMONDS EIGHT,0.325,0.012,0.663
CLUBS FIVE DIAMONDS EIGHT,0.6954,0.0364,0.2682
SPADES ACE SPADES THREE,0.359,0.007,0.634
CLUBS FOUR DIAMONDS EIGHT,0.6134,0.009,0.3776
CLUBS SEVEN DIAMONDS EIGHT,0.5626,0.0072,0.4302
SPADES QUEEN SPADES THREE,0.6064,0.0064,0.3872
CLUBS SIX DIAMONDS EIGHT,0.578,0.0076,0.4144
DIAMONDS QUEEN DIAMONDS EIGHT,0.5514,0.0106,0.438
HEARTS TWO DIAMONDS EIGHT,0.6498,0.0088,0.3414
DIAMONDS KING DIAMONDS EIGHT,0.2338,0.222,0.5442
HEARTS THREE DIAMONDS EIGHT,0.6428,0.009,0.3482
DIAMONDS ACE DIAMONDS EIGHT,0.352,0.0058,0.6422
HEARTS FOUR DIAMONDS EIGHT,0.613,0.0094,0.3776
HEARTS FIVE DIAMONDS EIGHT,0.7054,0.0324,0.2622
DIAMONDS TEN DIAMONDS EIGHT,0.5316,0.0068,0.4616
DIAMONDS JACK DIAMONDS EIGHT,0.5392,0.0074,0.4534
SPADES JACK SPADES THREE,0.6134,0.008,0.3786
SPADES TEN SPADES THREE,0.6008,0.0086,0.3906
CLUBS FOUR HEARTS ACE,0.3816,0.0038,0.6146
CLUBS FOUR HEARTS QUEEN,0.6244,0.0092,0.3664
CLUBS FOUR HEARTS KING,0.327,0.4604,0.2126
CLUBS SIX HEARTS TEN,0.5926,0.0076,0.3998
CLUBS SIX HEARTS JACK,0.6046,0.0066,0.3888
SPADES FOUR DIAMONDS EIGHT,0.6318,0.0098,0.3584
SPADES FIVE DIAMONDS EIGHT,0.7032,0.0364,0.2604
SPADES TWO DIAMONDS EIGHT,0.6378,0.0102,0.352
SPADES THREE DIAMONDS EIGHT,0.6454,0.0104,0.3442
CLUBS FOUR HEARTS JACK,0.6304,0.0056,0.364
SPADES EIGHT DIAMONDS EIGHT,0.3304,0.0118,0.6578
SPADES JACK HEARTS EIGHT,0.5758,0.0074,0.4168
SPADES TEN HEARTS TWO,0.6302,0.01,0.3598
SPADES TEN DIAMONDS QUEEN,0.5504,0.0086,0.441
CLUBS FOUR HEARTS TEN,0.618,0.0064,0.3756
SPADES NINE DIAMONDS EIGHT,0.5584,0.0082,0.4334
SPADES JACK HEARTS TWO,0.634,0.0106,0.3554
SPADES JACK DIAMONDS QUEEN,0.5654,0.0104,0.4242
SPADES TEN HEARTS EIGHT,0.5676,0.009,0.4234
SPADES SIX DIAMONDS EIGHT,0.5694,0.0078,0.4228
SPADES SEVEN DIAMONDS EIGHT,0.5638,0.01,0.4262
SPADES ACE HEARTS TWO,0.3796,0.0058,0.6146
SPADES ACE DIAMONDS QUEEN,0.3256,0.0078,0.6666
SPADES ACE HEARTS EIGHT,0.367,0.0046,0.6284
SPADES QUEEN DIAMONDS QUEEN,0.2826,0.0058,0.7116
SPADES QUEEN HEARTS TWO,0.641,0.0074,0.3516
SPADES QUEEN HEARTS EIGHT,0.5984,0.008,0.3936
CLUBS TWO HEARTS TEN,0.6316,0.007,0.3614
CLUBS TWO HEARTS JACK,0.6332,0.0084,0.3584
SPADES SEVEN DIAMONDS NINE,0.564,0.0066,0.4294
SPADES SIX DIAMONDS NINE,0.5888,0.0098,0.4014
SPADES NINE DIAMONDS NINE,0.3152,0.0106,0.6742
SPADES EIGHT DIAMONDS NINE,0.567,0.0066,0.4264
SPADES TEN CLUBS KING,0.226,0.112,0.662
DIAMONDS NINE SPADES THREE,0.647,0.0096,0.3434
SPADES JACK CLUBS KING,0.2462,0.084,0.6698
DIAMONDS NINE SPADES TWO,0.6332,0.0108,0.356
SPADES FIVE DIAMONDS NINE,0.718,0.0358,0.2462
SPADES FOUR DIAMONDS NINE,0.6376,0.0086,0.3538
CLUBS NINE DIAMONDS NINE,0.3092,0.0078,0.683
CLUBS EIGHT DIAMONDS NINE,0.5512,0.0086,0.4402
CLUBS SIX DIAMONDS NINE,0.5808,0.0066,0.4126
SPADES JACK CLUBS FOUR,0.6442,0.0066,0.3492
CLUBS SEVEN DIAMONDS NINE,0.5618,0.0064,0.4318
SPADES TEN CLUBS FOUR,0.6374,0.008,0.3546
CLUBS FOUR DIAMONDS NINE,0.6254,0.009,0.3656
CLUBS FIVE DIAMONDS NINE,0.7042,0.0394,0.2564
CLUBS TWO DIAMONDS NINE,0.6384,0.0096,0.352
CLUBS THREE DIAMONDS NINE,0.6344,0.0056,0.36
DIAMONDS NINE HEARTS EIGHT,0.5562,0.005,0.4388
DIAMONDS NINE HEARTS NINE,0.3182,0.0088,0.673
HEARTS SIX DIAMONDS NINE,0.5812,0.006,0.4128
HEARTS SEVEN DIAMONDS NINE,0.5718,0.0068,0.4214
CLUBS NINE CLUBS EIGHT,0.521,0.0086,0.4704
DIAMONDS ACE DIAMONDS NINE,0.3484,0.0042,0.6474
HEARTS FOUR DIAMONDS NINE,0.6318,0.0074,0.3608
HEARTS FIVE DIAMONDS NINE,0.7106,0.0324,0.257
HEARTS ACE CLUBS TWO,0.3826,0.0048,0.6126
SPADES ACE CLUBS FOUR,0.3712,0.0064,0.6224
DIAMONDS NINE DIAMONDS QUEEN,0.538,0.0082,0.4538
HEARTS TWO DIAMONDS NINE,0.6318,0.006,0.3622
CLUBS TWO HEARTS KING,0.3292,0.4544,0.2164
DIAMONDS KING DIAMONDS NINE,0.2378,0.1646,0.5976
HEARTS THREE DIAMONDS NINE,0.6208,0.0092,0.37
CLUBS TWO HEARTS QUEEN,0.626,0.008,0.366
SPADES QUEEN CLUBS FOUR,0.6392,0.0076,0.3532
DIAMONDS NINE DIAMONDS JACK,0.529,0.0074,0.4636
CLUBS EIGHT SPADES NINE,0.5618,0.009,0.4292
DIAMONDS TEN DIAMONDS NINE,0.5146,0.007,0.4784
CLUBS EIGHT SPADES EIGHT,0.32,0.0144,0.6656
CLUBS EIGHT SPADES SEVEN,0.5722,0.0058,0.422
CLUBS EIGHT SPADES SIX,0.5738,0.0088,0.4174
CLUBS EIGHT SPADES FIVE,0.7032,0.0396,0.2572
CLUBS EIGHT SPADES FOUR,0.6312,0.009,0.3598
CLUBS EIGHT SPADES THREE,0.6452,0.0082,0.3466
CLUBS EIGHT SPADES TWO,0.64,0.0062,0.3538
HEARTS SIX DIAMONDS TEN,0.5742,0.0092,0.4166
HEARTS SEVEN DIAMONDS TEN,0.5862,0.0068,0.407
DIAMONDS TEN HEARTS EIGHT,0.5588,0.0068,0.4344
CLUBS FOUR CLUBS JACK,0.593,0.0074,0.3996
DIAMONDS TEN HEARTS NINE,0.5476,0.0066,0.4458
CLUBS TEN CLUBS FOUR,0.6052,0.0082,0.3866
CLUBS FOUR CLUBS KING,0.3078,0.4232,0.269
CLUBS FOUR CLUBS QUEEN,0.5896,0.0068,0.4036
DIAMONDS TEN CLUBS TWO,0.622,0.0098,0.3682
CLUBS THREE DIAMONDS TEN,0.609,0.0078,0.3832
CLUBS FOUR CLUBS ACE,0.3358,0.0056,0.6586
DIAMONDS TEN DIAMONDS JACK,0.5194,0.0074,0.4732
DIAMONDS TEN DIAMONDS QUEEN,0.516,0.0086,0.4754
HEARTS TWO DIAMONDS TEN,0.6346,0.0102,0.3552
DIAMONDS KING DIAMONDS TEN,0.2302,0.108,0.6618
HEARTS THREE DIAMONDS TEN,0.615,0.0068,0.3782
DIAMONDS ACE DIAMONDS TEN,0.3328,0.0052,0.662
HEARTS FOUR DIAMONDS TEN,0.6198,0.0096,0.3706
CLUBS EIGHT HEARTS JACK,0.5706,0.0064,0.423
HEARTS FIVE DIAMONDS TEN,0.7322,0.0328,0.235
CLUBS EIGHT HEARTS TEN,0.5502,0.0056,0.4442
CLUBS EIGHT HEARTS QUEEN,0.5722,0.005,0.4228
CLUBS EIGHT HEARTS KING,0.2354,0.2298,0.5348
CLUBS EIGHT HEARTS ACE,0.3706,0.0052,0.6242
CLUBS NINE SPADES THREE,0.6386,0.008,0.3534
CLUBS NINE SPADES TWO,0.64,0.009,0.351
CLUBS NINE SPADES FIVE,0.7196,0.0372,0.2432
CLUBS NINE SPADES FOUR,0.644,0.0078,0.3482
CLUBS NINE SPADES SEVEN,0.5754,0.0072,0.4174
CLUBS NINE SPADES SIX,0.5922,0.0066,0.4012
CLUBS NINE SPADES NINE,0.3152,0.0122,0.6726
CLUBS TEN HEARTS EIGHT,0.5518,0.0066,0.4416
CLUBS NINE SPADES EIGHT,0.5656,0.0056,0.4288
HEARTS EIGHT CLUBS JACK,0.5728,0.007,0.4202
CLUBS QUEEN HEARTS EIGHT,0.5808,0.0058,0.4134
CLUBS KING HEARTS EIGHT,0.2322,0.228,0.5398
CLUBS ACE HEARTS EIGHT,0.3722,0.0038,0.624
SPADES QUEEN CLUBS KING,0.2352,0.0614,0.7034
SPADES ACE CLUBS KING,0.2196,0.0128,0.7676
DIAMONDS ACE HEARTS TEN,0.348,0.0054,0.6466
HEARTS FOUR HEARTS TEN,0.5924,0.0062,0.4014
DIAMONDS ACE HEARTS JACK,0.352,0.004,0.644
HEARTS FOUR HEARTS JACK,0.5986,0.0062,0.3952
SPADES QUEEN CLUBS FIVE,0.7278,0.0402,0.232
SPADES ACE CLUBS FIVE,0.2162,0.0306,0.7532
HEARTS SEVEN DIAMONDS JACK,0.5888,0.0084,0.4028
HEARTS SIX DIAMONDS JACK,0.597,0.009,0.394
DIAMONDS JACK HEARTS NINE,0.5606,0.0058,0.4336
DIAMONDS JACK HEARTS EIGHT,0.577,0.0054,0.4176
DIAMONDS KING DIAMONDS JACK,0.235,0.082,0.683
HEARTS THREE DIAMONDS JACK,0.6366,0.008,0.3554
SPADES ACE SPADES SIX,0.3442,0.0054,0.6504
HEARTS ACE SPADES FOUR,0.3808,0.0058,0.6134
DIAMONDS QUEEN DIAMONDS JACK,0.5296,0.0078,0.4626
HEARTS TWO DIAMONDS JACK,0.635,0.0078,0.3572
HEARTS FIVE DIAMONDS JACK,0.719,0.0442,0.2368
SPADES QUEEN SPADES SIX,0.574,0.0104,0.4156
SPADES FOUR HEARTS QUEEN,0.6282,0.0086,0.3632
DIAMONDS ACE DIAMONDS JACK,0.3456,0.0054,0.649
HEARTS FOUR DIAMONDS JACK,0.6308,0.0086,0.3606
SPADES FOUR HEARTS KING,0.327,0.4588,0.2142
SPADES TEN SPADES SIX,0.5618,0.0092,0.429
SPADES JACK SPADES SIX,0.5814,0.0086,0.41
SPADES FOUR DIAMONDS JACK,0.6246,0.0116,0.3638
SPADES FIVE DIAMONDS JACK,0.726,0.042,0.232
SPADES TWO DIAMONDS JACK,0.6278,0.0094,0.3628
SPADES THREE DIAMONDS JACK,0.637,0.0076,0.3554
SPADES ACE DIAMONDS THREE,0.3716,0.0048,0.6236
SPADES QUEEN DIAMONDS THREE,0.6444,0.0094,0.3462
CLUBS EIGHT DIAMONDS JACK,0.5788,0.0076,0.4136
CLUBS NINE DIAMONDS JACK,0.5634,0.0068,0.4298
CLUBS SIX DIAMONDS JACK,0.601,0.0076,0.3914
CLUBS SEVEN DIAMONDS JACK,0.5896,0.0086,0.4018
CLUBS FOUR DIAMONDS JACK,0.642,0.0074,0.3506
CLUBS FIVE DIAMONDS JACK,0.735,0.0414,0.2236
CLUBS TWO DIAMONDS JACK,0.6304,0.01,0.3596
CLUBS THREE DIAMONDS JACK,0.6298,0.0094,0.3608
SPADES JACK HEARTS SIX,0.6118,0.0062,0.382
SPADES TEN CLUBS FIVE,0.7252,0.0386,0.2362
SPADES JACK CLUBS FIVE,0.7188,0.0428,0.2384
SPADES TEN HEARTS SIX,0.5986,0.0064,0.395
SPADES JACK DIAMONDS THREE,0.639,0.0098,0.3512
CLUBS SEVEN CLUBS ACE,0.3358,0.0046,0.6596
SPADES TEN DIAMONDS THREE,0.6322,0.0092,0.3586
CLUBS SEVEN CLUBS QUEEN,0.5492,0.006,0.4448
CLUBS SEVEN CLUBS KING,0.2172,0.2786,0.5042
SPADES NINE DIAMONDS JACK,0.5576,0.0086,0.4338
CLUBS TEN CLUBS SEVEN,0.533,0.0082,0.4588
DIAMONDS ACE HEARTS ACE,0.1206,0.0044,0.875
HEARTS FOUR HEARTS ACE,0.3492,0.004,0.6468
SPADES EIGHT DIAMONDS JACK,0.5822,0.0074,0.4104
SPADES ACE HEARTS SIX,0.3662,0.004,0.6298
CLUBS SEVEN CLUBS JACK,0.5426,0.0072,0.4502
DIAMONDS ACE HEARTS KING,0.2214,0.0102,0.7684
HEARTS FOUR HEARTS KING,0.3054,0.4298,0.2648
SPADES SEVEN DIAMONDS JACK,0.5936,0.006,0.4004
DIAMONDS ACE HEARTS QUEEN,0.3554,0.005,0.6396
HEARTS FOUR HEARTS QUEEN,0.5992,0.0072,0.3936
SPADES SIX DIAMONDS JACK,0.6152,0.0086,0.3762
SPADES QUEEN HEARTS SIX,0.603,0.008,0.389
DIAMONDS TEN SPADES TWO,0.6264,0.008,0.3656
DIAMONDS TEN SPADES THREE,0.6368,0.0096,0.3536
DIAMONDS TEN SPADES FOUR,0.624,0.0106,0.3654
SPADES FIVE DIAMONDS TEN,0.72,0.0376,0.2424
SPADES SIX DIAMONDS TEN,0.5892,0.0062,0.4046
SPADES SEVEN DIAMONDS TEN,0.5772,0.0084,0.4144
SPADES EIGHT DIAMONDS TEN,0.5698,0.0106,0.4196
SPADES NINE DIAMONDS TEN,0.5544,0.0056,0.44
CLUBS FOUR DIAMONDS TEN,0.6236,0.0098,0.3666
CLUBS FIVE DIAMONDS TEN,0.7226,0.0368,0.2406
CLUBS SIX DIAMONDS TEN,0.5966,0.0064,0.397
CLUBS SEVEN DIAMONDS TEN,0.5766,0.0064,0.417
CLUBS EIGHT DIAMONDS TEN,0.5616,0.0064,0.432
CLUBS NINE DIAMONDS TEN,0.537,0.0082,0.4548
DIAMONDS THREE CLUBS JACK,0.6434,0.006,0.3506
CLUBS TEN DIAMONDS THREE,0.629,0.0068,0.3642
DIAMONDS THREE CLUBS KING,0.327,0.4566,0.2164
DIAMONDS THREE CLUBS QUEEN,0.636,0.0104,0.3536
DIAMONDS THREE CLUBS ACE,0.379,0.0046,0.6164
SPADES FOUR HEARTS JACK,0.6316,0.0068,0.3616
SPADES FOUR HEARTS TEN,0.6326,0.0082,0.3592
SPADES FIVE SPADES TWO,0.681,0.0376,0.2814
SPADES FOUR SPADES TWO,0.6282,0.0094,0.3624
SPADES THREE SPADES TWO,0.622,0.0104,0.3676
SPADES NINE SPADES TWO,0.6024,0.0084,0.3892
SPADES EIGHT SPADES TWO,0.6288,0.0082,0.363
SPADES SEVEN SPADES TWO,0.6088,0.0094,0.3818
SPADES SIX SPADES TWO,0.6032,0.01,0.3868
CLUBS THREE DIAMONDS QUEEN,0.6424,0.0068,0.3508
CLUBS THREE HEARTS TWO,0.6416,0.0106,0.3478
CLUBS TWO DIAMONDS QUEEN,0.627,0.0076,0.3654
HEARTS TWO CLUBS TWO,0.4412,0.018,0.5408
HEARTS SEVEN DIAMONDS QUEEN,0.598,0.0074,0.3946
HEARTS SEVEN HEARTS TWO,0.606,0.0084,0.3856
HEARTS SIX DIAMONDS QUEEN,0.5898,0.0052,0.405
HEARTS SIX HEARTS TWO,0.5962,0.0076,0.3962
DIAMONDS QUEEN HEARTS NINE,0.5758,0.0058,0.4184
HEARTS TWO HEARTS NINE,0.5918,0.008,0.4002
DIAMONDS QUEEN HEARTS EIGHT,0.586,0.007,0.407
HEARTS TWO HEARTS EIGHT,0.602,0.0094,0.3886
CLUBS NINE HEARTS TWO,0.6346,0.0098,0.3556
CLUBS NINE DIAMONDS QUEEN,0.5608,0.0088,0.4304
CLUBS EIGHT HEARTS TWO,0.6352,0.0068,0.358
CLUBS EIGHT DIAMONDS QUEEN,0.579,0.009,0.412
CLUBS FIVE DIAMONDS QUEEN,0.7306,0.0328,0.2366
CLUBS FIVE HEARTS TWO,0.6982,0.0346,0.2672
SPADES EIGHT HEARTS ACE,0.3602,0.0054,0.6344
CLUBS FOUR DIAMONDS QUEEN,0.6346,0.0096,0.3558
CLUBS FOUR HEARTS TWO,0.6474,0.0092,0.3434
CLUBS SEVEN DIAMONDS QUEEN,0.603,0.007,0.39
CLUBS SEVEN HEARTS TWO,0.6456,0.0084,0.346
SPADES EIGHT HEARTS QUEEN,0.5862,0.0066,0.4072
CLUBS SIX DIAMONDS QUEEN,0.6006,0.005,0.3944
CLUBS SIX HEARTS TWO,0.6304,0.0094,0.3602
SPADES EIGHT HEARTS KING,0.2392,0.2294,0.5314
SPADES SIX DIAMONDS QUEEN,0.5894,0.008,0.4026
SPADES SIX HEARTS TWO,0.6384,0.0102,0.3514
HEARTS FOUR CLUBS QUEEN,0.6372,0.0064,0.3564
DIAMONDS ACE CLUBS QUEEN,0.359,0.0052,0.6358
SPADES SEVEN DIAMONDS QUEEN,0.5994,0.0074,0.3932
SPADES SEVEN HEARTS TWO,0.6498,0.0074,0.3428
HEARTS FOUR CLUBS KING,0.33,0.4476,0.2224
DIAMONDS ACE CLUBS KING,0.232,0.013,0.755
SPADES EIGHT DIAMONDS QUEEN,0.5862,0.0086,0.4052
SPADES EIGHT HEARTS TWO,0.6392,0.009,0.3518
HEARTS FOUR CLUBS ACE,0.3772,0.004,0.6188
DIAMONDS ACE CLUBS ACE,0.12,0.0048,0.8752
SPADES NINE DIAMONDS QUEEN,0.5764,0.0088,0.4148
SPADES NINE HEARTS TWO,0.6426,0.0074,0.35
HEARTS TWO SPADES TWO,0.4548,0.0178,0.5274
DIAMONDS QUEEN SPADES TWO,0.6402,0.0108,0.349
HEARTS TWO SPADES THREE,0.6444,0.0084,0.3472
SPADES THREE DIAMONDS QUEEN,0.6274,0.011,0.3616
HEARTS TWO SPADES FOUR,0.6562,0.008,0.3358
SPADES FOUR DIAMONDS QUEEN,0.6346,0.008,0.3574
CLUBS TEN HEARTS FOUR,0.6324,0.0066,0.361
CLUBS TEN DIAMONDS ACE,0.3438,0.004,0.6522
HEARTS TWO SPADES FIVE,0.7044,0.0414,0.2542
SPADES FIVE DIAMONDS QUEEN,0.7268,0.047,0.2262
HEARTS FOUR CLUBS JACK,0.6292,0.0074,0.3634
DIAMONDS ACE CLUBS JACK,0.3478,0.0044,0.6478
CLUBS FIVE CLUBS KING,0.0198,0.9062,0.074
CLUBS FIVE CLUBS QUEEN,0.6882,0.042,0.2698
CLUBS FIVE CLUBS ACE,0.2278,0.0244,0.7478
CLUBS FIVE CLUBS JACK,0.6792,0.0332,0.2876
CLUBS TEN CLUBS FIVE,0.6774,0.0336,0.289
SPADES QUEEN CLUBS JACK,0.5612,0.0062,0.4326
SPADES ACE CLUBS JACK,0.3546,0.0052,0.6402
SPADES SIX CLUBS KING,0.23,0.3824,0.3876
SPADES SIX CLUBS QUEEN,0.614,0.007,0.379
SPADES EIGHT HEARTS JACK,0.5778,0.007,0.4152
SPADES SIX CLUBS ACE,0.3566,0.0042,0.6392
SPADES EIGHT HEARTS TEN,0.5722,0.007,0.4208
SPADES SIX CLUBS JACK,0.6086,0.0064,0.385
CLUBS TEN SPADES SIX,0.582,0.006,0.412
SPADES TEN CLUBS JACK,0.5464,0.0064,0.4472
SPADES JACK CLUBS JACK,0.2886,0.0068,0.7046
SPADES QUEEN CLUBS SEVEN,0.6092,0.0058,0.385
SPADES ACE CLUBS SEVEN,0.3464,0.005,0.6486
SPADES SIX HEARTS TEN,0.5908,0.0078,0.4014
SPADES SIX HEARTS JACK,0.6192,0.006,0.3748
SPADES SIX HEARTS ACE,0.3626,0.0034,0.634
SPADES SIX HEARTS KING,0.2226,0.3888,0.3886
SPADES SIX HEARTS QUEEN,0.5992,0.0066,0.3942
SPADES JACK CLUBS SEVEN,0.6046,0.0048,0.3906
CLUBS SEVEN SPADES TEN,0.5882,0.0058,0.406
CLUBS TEN HEARTS SIX,0.5966,0.0052,0.3982
HEARTS SIX CLUBS JACK,0.6022,0.0064,0.3914
CLUBS ACE CLUBS JACK,0.3312,0.0036,0.6652
HEARTS SIX CLUBS QUEEN,0.6078,0.0054,0.3868
HEARTS SIX CLUBS KING,0.2294,0.3668,0.4038
HEARTS SIX CLUBS ACE,0.3558,0.0036,0.6406
CLUBS QUEEN CLUBS JACK,0.5112,0.007,0.4818
CLUBS KING CLUBS JACK,0.2264,0.0858,0.6878
DIAMONDS THREE HEARTS ACE,0.3816,0.0044,0.614
DIAMONDS THREE HEARTS QUEEN,0.6466,0.0088,0.3446
DIAMONDS THREE HEARTS KING,0.3276,0.468,0.2044
CLUBS FIVE HEARTS JACK,0.7214,0.0392,0.2394
HEARTS FOUR SPADES TEN,0.636,0.0066,0.3574
SPADES TEN DIAMONDS ACE,0.3292,0.0038,0.667
CLUBS FIVE HEARTS TEN,0.7242,0.0352,0.2406
HEARTS FOUR SPADES JACK,0.631,0.0066,0.3624
SPADES JACK DIAMONDS ACE,0.3574,0.0064,0.6362
SPADES ACE HEARTS FOUR,0.378,0.005,0.617
SPADES ACE DIAMONDS ACE,0.1148,0.0026,0.8826
CLUBS FIVE HEARTS ACE,0.2298,0.0294,0.7408
CLUBS FIVE HEARTS KING,0.0226,0.9578,0.0196
SPADES QUEEN DIAMONDS ACE,0.3586,0.0058,0.6356
SPADES QUEEN HEARTS FOUR,0.6244,0.0098,0.3658
SPADES FOUR CLUBS JACK,0.6406,0.0066,0.3528
CLUBS FIVE HEARTS QUEEN,0.7192,0.045,0.2358
CLUBS TEN SPADES FOUR,0.634,0.0076,0.3584
DIAMONDS ACE DIAMONDS QUEEN,0.349,0.0042,0.6468
DIAMONDS ACE HEARTS TWO,0.3752,0.0076,0.6172
HEARTS FOUR DIAMONDS QUEEN,0.633,0.0084,0.3586
HEARTS FOUR HEARTS TWO,0.5962,0.0108,0.393
DIAMONDS THREE HEARTS TEN,0.6318,0.0074,0.3608
SPADES FOUR CLUBS KING,0.32,0.4588,0.2212
HEARTS FIVE DIAMONDS QUEEN,0.712,0.0396,0.2484
HEARTS FIVE HEARTS TWO,0.6732,0.0358,0.291
DIAMONDS THREE HEARTS JACK,0.6434,0.0066,0.35
SPADES FOUR CLUBS QUEEN,0.6348,0.0098,0.3554
HEARTS TWO DIAMONDS QUEEN,0.6354,0.008,0.3566
DIAMONDS KING DIAMONDS QUEEN,0.2338,0.0662,0.7
DIAMONDS KING HEARTS TWO,0.314,0.4716,0.2144
HEARTS THREE DIAMONDS QUEEN,0.6386,0.0084,0.353
HEARTS THREE HEARTS TWO,0.6048,0.0106,0.3846
SPADES FOUR CLUBS ACE,0.3722,0.0048,0.623
HEARTS TWO CLUBS ACE,0.3882,0.006,0.6058
DIAMONDS QUEEN CLUBS ACE,0.3434,0.0056,0.651
HEARTS TWO CLUBS QUEEN,0.629,0.0104,0.3606
DIAMONDS QUEEN CLUBS QUEEN,0.2732,0.0044,0.7224
HEARTS TWO CLUBS KING,0.3226,0.4612,0.2162
DIAMONDS QUEEN CLUBS KING,0.241,0.071,0.688
SPADES EIGHT SPADES FIVE,0.6776,0.035,0.2874
CLUBS TEN HEARTS TWO,0.6112,0.0072,0.3816
CLUBS TEN DIAMONDS QUEEN,0.5458,0.0082,0.446
SPADES NINE SPADES FIVE,0.684,0.0358,0.2802
HEARTS TWO CLUBS JACK,0.6462,0.0088,0.345
DIAMONDS QUEEN CLUBS JACK,0.553,0.0078,0.4392
SPADES SIX SPADES FIVE,0.647,0.032,0.321
SPADES SEVEN SPADES FIVE,0.652,0.0324,0.3156
SPADES EIGHT CLUBS ACE,0.3648,0.0044,0.6308
SPADES EIGHT CLUBS KING,0.2312,0.2318,0.537
SPADES EIGHT CLUBS QUEEN,0.5858,0.0082,0.406
SPADES EIGHT CLUBS JACK,0.5796,0.0062,0.4142
CLUBS TEN SPADES EIGHT,0.5678,0.008,0.4242
DIAMONDS TEN HEARTS JACK,0.5288,0.0078,0.4634
DIAMONDS TEN HEARTS TEN,0.2932,0.0054,0.7014
SPADES ACE CLUBS NINE,0.3676,0.0032,0.6292
CLUBS NINE SPADES QUEEN,0.5768,0.0056,0.4176
HEARTS SIX HEARTS KING,0.2176,0.3636,0.4188
DIAMONDS KING SPADES SEVEN,0.2254,0.299,0.4756
SPADES SEVEN HEARTS THREE,0.6398,0.0096,0.3506
HEARTS SIX HEARTS QUEEN,0.5608,0.007,0.4322
DIAMONDS KING SPADES SIX,0.2124,0.3974,0.3902
HEARTS THREE SPADES SIX,0.626,0.0104,0.3636
SPADES QUEEN DIAMONDS SEVEN,0.5948,0.0082,0.397
SPADES NINE DIAMONDS KING,0.2346,0.1658,0.5996
SPADES NINE HEARTS THREE,0.654,0.006,0.34
HEARTS SIX HEARTS ACE,0.3292,0.0024,0.6684
SPADES EIGHT DIAMONDS KING,0.2356,0.2268,0.5376
SPADES EIGHT HEARTS THREE,0.633,0.0096,0.3574
SPADES ACE DIAMONDS SEVEN,0.3508,0.004,0.6452
CLUBS NINE HEARTS THREE,0.6366,0.0054,0.358
CLUBS NINE DIAMONDS KING,0.2236,0.1734,0.603
CLUBS EIGHT HEARTS THREE,0.652,0.0082,0.3398
CLUBS EIGHT DIAMONDS KING,0.2176,0.2298,0.5526
HEARTS THREE SPADES THREE,0.4496,0.0164,0.534
DIAMONDS KING SPADES THREE,0.3274,0.4658,0.2068
HEARTS THREE SPADES TWO,0.659,0.0094,0.3316
DIAMONDS KING SPADES TWO,0.3166,0.4756,0.2078
HEARTS THREE SPADES FIVE,0.6932,0.0334,0.2734
DIAMONDS KING SPADES FIVE,0.007,0.9856,0.0074
HEARTS THREE SPADES FOUR,0.636,0.0098,0.3542
DIAMONDS KING SPADES FOUR,0.315,0.4672,0.2178
