opposingHand,winningChance,drawChance,lostChance
SPADES ACE DIAMONDS THREE
HEARTS FIVE SPADES TEN,0.6228,0.006,0.3712
HEARTS FIVE SPADES JACK,0.6152,0.0044,0.3804
SPADES FIVE CLUBS JACK,0.6168,0.0042,0.379
CLUBS TEN SPADES FIVE,0.619,0.0062,0.3748
CLUBS EIGHT CLUBS JACK,0.53,0.0036,0.4664
CLUBS TEN CLUBS EIGHT,0.523,0.004,0.473
CLUBS EIGHT CLUBS KING,0.556,0.0036,0.4404
SPADES FIVE CLUBS ACE,0.2166,0.4656,0.3178
CLUBS EIGHT CLUBS QUEEN,0.56,0.0044,0.4356
SPADES FIVE CLUBS KING,0.608,0.0052,0.3868
SPADES FIVE CLUBS QUEEN,0.6102,0.005,0.3848
CLUBS EIGHT CLUBS ACE,0.2138,0.215,0.5712
DIAMONDS TWO DIAMONDS FIVE,0.606,0.006,0.388
SPADES KING HEARTS FIVE,0.6272,0.0062,0.3666
DIAMONDS TWO DIAMONDS FOUR,0.6058,0.0056,0.3886
HEARTS FIVE SPADES QUEEN,0.6152,0.0052,0.3796
DIAMONDS TWO DIAMONDS SEVEN,0.63,0.0048,0.3652
DIAMONDS TWO DIAMONDS SIX,0.6184,0.0066,0.375
DIAMONDS TWO DIAMONDS NINE,0.6218,0.0036,0.3746
DIAMONDS TWO DIAMONDS EIGHT,0.6196,0.006,0.3744
SPADES FOUR CLUBS TWO,0.641,0.007,0.352
SPADES FIVE CLUBS TWO,0.6298,0.0044,0.3658
CLUBS TWO SPADES TWO,0.4652,0.0062,0.5286
CLUBS TWO SPADES THREE,0.7556,0.0198,0.2246
SPADES EIGHT CLUBS TWO,0.6464,0.005,0.3486
SPADES NINE CLUBS TWO,0.648,0.0052,0.3468
SPADES SIX CLUBS TWO,0.6538,0.0068,0.3394
SPADES SEVEN CLUBS TWO,0.6574,0.006,0.3366
CLUBS SIX CLUBS TWO,0.59,0.005,0.405
CLUBS SEVEN CLUBS TWO,0.6112,0.0046,0.3842
CLUBS FOUR CLUBS TWO,0.5974,0.0052,0.3974
CLUBS FIVE CLUBS TWO,0.5952,0.0056,0.3992
CLUBS TEN CLUBS JACK,0.5122,0.005,0.4828
DIAMONDS FOUR DIAMONDS SIX,0.5658,0.0048,0.4294
CLUBS TEN CLUBS QUEEN,0.5216,0.004,0.4744
DIAMONDS FOUR DIAMONDS SEVEN,0.5626,0.006,0.4314
CLUBS TEN CLUBS KING,0.5204,0.0038,0.4758
CLUBS TEN CLUBS ACE,0.238,0.1094,0.6526
CLUBS EIGHT CLUBS TWO,0.5848,0.0058,0.4094
DIAMONDS FOUR DIAMONDS FIVE,0.5598,0.005,0.4352
CLUBS NINE CLUBS TWO,0.6106,0.0054,0.384
DIAMONDS FOUR DIAMONDS NINE,0.5848,0.0046,0.4106
DIAMONDS FOUR DIAMONDS EIGHT,0.5684,0.0078,0.4238
CLUBS THREE CLUBS TWO,0.7002,0.0204,0.2794
DIAMONDS NINE DIAMONDS FIVE,0.5788,0.0056,0.4156
DIAMONDS TWO CLUBS JACK,0.6654,0.0052,0.3294
DIAMONDS FIVE DIAMONDS EIGHT,0.5532,0.0036,0.4432
CLUBS TEN DIAMONDS TWO,0.6504,0.0054,0.3442
DIAMONDS FIVE DIAMONDS SEVEN,0.56,0.007,0.433
DIAMONDS SIX DIAMONDS FIVE,0.5498,0.0066,0.4436
DIAMONDS TWO CLUBS ACE,0.2686,0.518,0.2134
DIAMONDS TWO CLUBS KING,0.6574,0.005,0.3376
DIAMONDS TWO CLUBS QUEEN,0.6478,0.007,0.3452
DIAMONDS SIX DIAMONDS EIGHT,0.5514,0.004,0.4446
DIAMONDS NINE DIAMONDS SIX,0.556,0.0064,0.4376
HEARTS ACE SPADES THREE,0.0192,0.9698,0.011
SPADES THREE HEARTS KING,0.764,0.0194,0.2166
DIAMONDS SIX DIAMONDS SEVEN,0.5338,0.0052,0.461
SPADES THREE HEARTS QUEEN,0.74,0.0224,0.2376
SPADES THREE HEARTS JACK,0.7482,0.0218,0.23
SPADES THREE HEARTS TEN,0.758,0.0204,0.2216
DIAMONDS EIGHT DIAMONDS SEVEN,0.5318,0.0044,0.4638
DIAMONDS NINE DIAMONDS SEVEN,0.5334,0.004,0.4626
DIAMONDS NINE DIAMONDS EIGHT,0.5224,0.004,0.4736
DIAMONDS KING HEARTS TEN,0.5564,0.0042,0.4394
HEARTS THREE HEARTS TEN,0.7032,0.0184,0.2784
SPADES JACK CLUBS SIX,0.6012,0.0036,0.3952
DIAMONDS KING HEARTS JACK,0.5646,0.0058,0.4296
HEARTS THREE HEARTS JACK,0.692,0.0186,0.2894
SPADES TEN CLUBS SIX,0.5992,0.0042,0.3966
SPADES JACK SPADES FIVE,0.58,0.0052,0.4148
SPADES TEN SPADES FIVE,0.5868,0.0068,0.4064
DIAMONDS KING HEARTS ACE,0.2422,0.0542,0.7036
HEARTS THREE HEARTS ACE,0.0216,0.9028,0.0756
DIAMONDS KING HEARTS QUEEN,0.5664,0.0038,0.4298
HEARTS THREE HEARTS QUEEN,0.706,0.0176,0.2764
SPADES KING CLUBS SIX,0.6122,0.0052,0.3826
DIAMONDS KING HEARTS KING,0.2906,0.0044,0.705
HEARTS THREE HEARTS KING,0.701,0.0216,0.2774
SPADES QUEEN CLUBS SIX,0.612,0.0052,0.3828
SPADES NINE HEARTS TEN,0.5596,0.0062,0.4342
SPADES NINE HEARTS JACK,0.5764,0.005,0.4186
SPADES QUEEN SPADES FIVE,0.5862,0.0044,0.4094
SPADES KING SPADES FIVE,0.5752,0.0062,0.4186
SPADES NINE HEARTS QUEEN,0.589,0.0046,0.4064
SPADES NINE HEARTS KING,0.5972,0.0034,0.3994
SPADES NINE HEARTS ACE,0.2448,0.1788,0.5764
CLUBS TEN SPADES JACK,0.557,0.0046,0.4384
CLUBS TEN SPADES TEN,0.3194,0.0046,0.676
SPADES KING CLUBS TEN,0.5764,0.0048,0.4188
SPADES QUEEN CLUBS TEN,0.5666,0.004,0.4294
SPADES FIVE HEARTS QUEEN,0.6182,0.005,0.3768
SPADES FIVE HEARTS KING,0.6148,0.0052,0.38
SPADES FIVE HEARTS ACE,0.2214,0.4566,0.322
SPADES JACK HEARTS THREE,0.7524,0.0186,0.229
SPADES JACK DIAMONDS KING,0.5732,0.0054,0.4214
SPADES TEN CLUBS EIGHT,0.5716,0.0046,0.4238
SPADES JACK CLUBS EIGHT,0.579,0.0046,0.4164
SPADES TEN HEARTS THREE,0.7462,0.0242,0.2296
SPADES TEN DIAMONDS KING,0.582,0.006,0.412
CLUBS SIX HEARTS ACE,0.2492,0.3656,0.3852
HEARTS FIVE CLUBS JACK,0.6114,0.0054,0.3832
HEARTS FIVE CLUBS TEN,0.6088,0.0042,0.387
CLUBS SIX HEARTS QUEEN,0.5978,0.0034,0.3988
SPADES QUEEN CLUBS EIGHT,0.5916,0.0036,0.4048
CLUBS TEN SPADES THREE,0.7504,0.019,0.2306
CLUBS SIX HEARTS KING,0.5952,0.0046,0.4002
SPADES KING CLUBS EIGHT,0.6068,0.004,0.3892
SPADES THREE CLUBS JACK,0.7348,0.0216,0.2436
DIAMONDS TWO HEARTS JACK,0.644,0.0062,0.3498
SPADES THREE CLUBS QUEEN,0.7572,0.0244,0.2184
DIAMONDS TWO HEARTS TEN,0.6428,0.0034,0.3538
SPADES THREE CLUBS KING,0.7444,0.0226,0.233
HEARTS FIVE CLUBS ACE,0.226,0.4534,0.3206
SPADES FIVE HEARTS TEN,0.6152,0.0048,0.38
SPADES THREE CLUBS ACE,0.0156,0.9738,0.0106
HEARTS FIVE CLUBS KING,0.611,0.0038,0.3852
SPADES FIVE HEARTS JACK,0.63,0.0052,0.3648
HEARTS FIVE CLUBS QUEEN,0.603,0.0056,0.3914
HEARTS THREE CLUBS KING,0.744,0.02,0.236
DIAMONDS KING CLUBS KING,0.2818,0.0054,0.7128
HEARTS THREE CLUBS QUEEN,0.7438,0.0184,0.2378
DIAMONDS KING CLUBS QUEEN,0.5778,0.0048,0.4174
HEARTS FIVE HEARTS JACK,0.5714,0.0062,0.4224
HEARTS FIVE HEARTS TEN,0.5812,0.0052,0.4136
HEARTS THREE CLUBS ACE,0.02,0.9602,0.0198
DIAMONDS KING CLUBS ACE,0.2526,0.0458,0.7016
SPADES KING CLUBS QUEEN,0.589,0.004,0.407
HEARTS THREE CLUBS JACK,0.737,0.0208,0.2422
DIAMONDS KING CLUBS JACK,0.5636,0.0046,0.4318
SPADES QUEEN CLUBS QUEEN,0.305,0.0034,0.6916
CLUBS TEN HEARTS THREE,0.7462,0.0178,0.236
CLUBS TEN DIAMONDS KING,0.5658,0.004,0.4302
SPADES JACK CLUBS QUEEN,0.5772,0.0052,0.4176
CLUBS SIX CLUBS QUEEN,0.5632,0.0042,0.4326
SPADES TEN CLUBS QUEEN,0.5574,0.0042,0.4384
CLUBS SIX CLUBS KING,0.5592,0.008,0.4328
CLUBS SIX CLUBS ACE,0.2288,0.3534,0.4178
HEARTS FIVE HEARTS KING,0.5834,0.0046,0.412
HEARTS FIVE HEARTS QUEEN,0.5692,0.004,0.4268
CLUBS TEN CLUBS SIX,0.5576,0.0056,0.4368
HEARTS FIVE HEARTS ACE,0.2136,0.4248,0.3616
CLUBS SIX CLUBS JACK,0.5612,0.0056,0.4332
SPADES SEVEN HEARTS JACK,0.581,0.0044,0.4146
SPADES SEVEN HEARTS TEN,0.5828,0.0048,0.4124
DIAMONDS TWO CLUBS TWO,0.4584,0.0076,0.534
DIAMONDS TWO CLUBS THREE,0.7534,0.023,0.2236
DIAMONDS TWO HEARTS SIX,0.6516,0.0048,0.3436
DIAMONDS TWO HEARTS QUEEN,0.6484,0.005,0.3466
HEARTS SEVEN DIAMONDS TWO,0.6396,0.0062,0.3542
DIAMONDS TWO HEARTS KING,0.6562,0.0074,0.3364
DIAMONDS TWO HEARTS EIGHT,0.6408,0.0056,0.3536
DIAMONDS TWO HEARTS ACE,0.2756,0.4998,0.2246
DIAMONDS TWO HEARTS NINE,0.6572,0.0052,0.3376
DIAMONDS TWO DIAMONDS QUEEN,0.6272,0.0062,0.3666
DIAMONDS TWO HEARTS TWO,0.468,0.0072,0.5248
DIAMONDS TWO DIAMONDS KING,0.6106,0.0054,0.384
DIAMONDS TWO HEARTS THREE,0.7462,0.0234,0.2304
DIAMONDS TWO DIAMONDS ACE,0.256,0.4894,0.2546
HEARTS FOUR DIAMONDS TWO,0.6406,0.008,0.3514
HEARTS FIVE DIAMONDS TWO,0.6302,0.0062,0.3636
SPADES SEVEN HEARTS ACE,0.2462,0.3102,0.4436
DIAMONDS TWO DIAMONDS TEN,0.6102,0.0056,0.3842
SPADES SEVEN HEARTS KING,0.5968,0.0042,0.399
DIAMONDS TWO DIAMONDS JACK,0.6252,0.0062,0.3686
SPADES SEVEN HEARTS QUEEN,0.6102,0.0044,0.3854
DIAMONDS TWO SPADES NINE,0.6462,0.0048,0.349
DIAMONDS TWO SPADES EIGHT,0.6404,0.0052,0.3544
DIAMONDS TWO SPADES SEVEN,0.6686,0.0068,0.3246
DIAMONDS TWO SPADES SIX,0.6512,0.0058,0.343
DIAMONDS TWO SPADES FIVE,0.6354,0.0056,0.359
DIAMONDS TWO SPADES FOUR,0.6494,0.006,0.3446
DIAMONDS TWO SPADES THREE,0.7578,0.0196,0.2226
DIAMONDS TWO SPADES TWO,0.4774,0.009,0.5136
CLUBS NINE DIAMONDS TWO,0.6492,0.0024,0.3484
DIAMONDS TWO CLUBS EIGHT,0.631,0.0042,0.3648
CLUBS SEVEN DIAMONDS TWO,0.656,0.0032,0.3408
DIAMONDS TWO CLUBS SIX,0.6452,0.0054,0.3494
DIAMONDS TWO CLUBS FIVE,0.64,0.0076,0.3524
DIAMONDS TWO CLUBS FOUR,0.6434,0.0066,0.35
CLUBS FOUR SPADES FIVE,0.5768,0.0056,0.4176
CLUBS FOUR SPADES FOUR,0.3668,0.0058,0.6274
CLUBS FOUR SPADES THREE,0.736,0.0214,0.2426
CLUBS FOUR SPADES TWO,0.649,0.0056,0.3454
SPADES NINE CLUBS FOUR,0.6194,0.0072,0.3734
SPADES EIGHT CLUBS FOUR,0.616,0.0038,0.3802
SPADES SEVEN CLUBS FOUR,0.6094,0.0044,0.3862
SPADES SIX CLUBS FOUR,0.6064,0.0062,0.3874
SPADES QUEEN DIAMONDS SIX,0.6034,0.005,0.3916
SPADES KING DIAMONDS SIX,0.6042,0.0056,0.3902
SPADES TEN DIAMONDS SIX,0.595,0.0054,0.3996
SPADES JACK DIAMONDS SIX,0.6066,0.0056,0.3878
SPADES QUEEN SPADES TWO,0.6104,0.0062,0.3834
SPADES KING SPADES TWO,0.625,0.0046,0.3704
DIAMONDS JACK CLUBS JACK,0.3216,0.0038,0.6746
CLUBS TEN DIAMONDS JACK,0.5432,0.0048,0.452
DIAMONDS JACK CLUBS KING,0.5794,0.0054,0.4152
DIAMONDS JACK CLUBS QUEEN,0.5684,0.004,0.4276
DIAMONDS JACK CLUBS ACE,0.2464,0.0872,0.6664
SPADES TEN SPADES NINE,0.5204,0.0028,0.4768
SPADES JACK SPADES NINE,0.5334,0.0042,0.4624
DIAMONDS FOUR HEARTS JACK,0.5974,0.004,0.3986
HEARTS ACE HEARTS KING,0.2506,0.05,0.6994
SPADES TEN SPADES TWO,0.619,0.0048,0.3762
DIAMONDS FOUR HEARTS TEN,0.6106,0.0066,0.3828
SPADES JACK SPADES TWO,0.6204,0.0066,0.373
DIAMONDS FOUR HEARTS QUEEN,0.6134,0.006,0.3806
DIAMONDS FOUR HEARTS KING,0.6086,0.0044,0.387
DIAMONDS FOUR HEARTS ACE,0.2218,0.5134,0.2648
SPADES KING SPADES NINE,0.5602,0.0046,0.4352
SPADES QUEEN SPADES NINE,0.5432,0.0064,0.4504
CLUBS FIVE CLUBS SIX,0.5426,0.0052,0.4522
DIAMONDS FOUR CLUBS ACE,0.204,0.5338,0.2622
CLUBS SEVEN CLUBS FIVE,0.5508,0.0044,0.4448
DIAMONDS FOUR CLUBS QUEEN,0.6162,0.0056,0.3782
DIAMONDS FOUR CLUBS KING,0.615,0.0048,0.3802
CLUBS TEN DIAMONDS FOUR,0.6074,0.0054,0.3872
DIAMONDS FOUR CLUBS JACK,0.6212,0.005,0.3738
SPADES SEVEN CLUBS ACE,0.25,0.3152,0.4348
SPADES SEVEN CLUBS QUEEN,0.6174,0.0036,0.379
SPADES SEVEN CLUBS KING,0.6,0.0052,0.3948
CLUBS FIVE SPADES SEVEN,0.5934,0.0058,0.4008
CLUBS TEN SPADES SEVEN,0.5804,0.0032,0.4164
CLUBS FIVE SPADES SIX,0.5864,0.0038,0.4098
SPADES SEVEN CLUBS JACK,0.5876,0.0036,0.4088
SPADES NINE CLUBS FIVE,0.6076,0.0038,0.3886
CLUBS FIVE SPADES EIGHT,0.5886,0.0052,0.4062
CLUBS FIVE SPADES THREE,0.7284,0.0182,0.2534
CLUBS FIVE SPADES TWO,0.6342,0.0058,0.36
CLUBS FIVE SPADES FIVE,0.3602,0.0036,0.6362
CLUBS FIVE SPADES FOUR,0.5756,0.0044,0.42
CLUBS NINE CLUBS FIVE,0.5684,0.0026,0.429
CLUBS EIGHT CLUBS FIVE,0.5504,0.0046,0.445
CLUBS ACE CLUBS QUEEN,0.229,0.0668,0.7042
CLUBS KING CLUBS QUEEN,0.5384,0.0048,0.4568
DIAMONDS FOUR DIAMONDS TEN,0.5906,0.005,0.4044
CLUBS TEN DIAMONDS NINE,0.5442,0.004,0.4518
DIAMONDS FOUR DIAMONDS JACK,0.5922,0.004,0.4038
DIAMONDS NINE CLUBS JACK,0.5642,0.005,0.4308
SPADES NINE CLUBS JACK,0.568,0.0038,0.4282
CLUBS TEN SPADES NINE,0.5552,0.0044,0.4404
DIAMONDS FOUR DIAMONDS ACE,0.2088,0.493,0.2982
HEARTS FOUR DIAMONDS FOUR,0.3584,0.0056,0.636
DIAMONDS JACK HEARTS TEN,0.5416,0.0042,0.4542
SPADES NINE CLUBS KING,0.5856,0.0042,0.4102
DIAMONDS TWO SPADES TEN,0.6644,0.007,0.3286
DIAMONDS NINE CLUBS ACE,0.2496,0.1766,0.5738
HEARTS FIVE DIAMONDS FOUR,0.5862,0.0048,0.409
DIAMONDS JACK HEARTS JACK,0.304,0.0034,0.6926
SPADES NINE CLUBS QUEEN,0.5796,0.0044,0.416
SPADES JACK DIAMONDS TWO,0.6554,0.0062,0.3384
DIAMONDS FOUR DIAMONDS QUEEN,0.5866,0.0052,0.4082
DIAMONDS FOUR HEARTS TWO,0.6358,0.0052,0.359
DIAMONDS NINE CLUBS QUEEN,0.577,0.0032,0.4198
DIAMONDS FOUR DIAMONDS KING,0.5854,0.0058,0.4088
DIAMONDS FOUR HEARTS THREE,0.716,0.0196,0.2644
SPADES NINE CLUBS ACE,0.252,0.1752,0.5728
DIAMONDS NINE CLUBS KING,0.5866,0.0042,0.4092
HEARTS ACE DIAMONDS JACK,0.232,0.0874,0.6806
HEARTS QUEEN DIAMONDS JACK,0.5612,0.0026,0.4362
SPADES QUEEN DIAMONDS TWO,0.6512,0.0062,0.3426
HEARTS KING DIAMONDS JACK,0.5714,0.0054,0.4232
SPADES KING DIAMONDS TWO,0.6636,0.0082,0.3282
SPADES JACK SPADES SEVEN,0.5566,0.006,0.4374
SPADES TEN SPADES SEVEN,0.5494,0.0068,0.4438
CLUBS SEVEN CLUBS THREE,0.6878,0.0156,0.2966
CLUBS SIX CLUBS THREE,0.7014,0.0176,0.281
CLUBS FIVE CLUBS THREE,0.6708,0.0198,0.3094
CLUBS THREE CLUBS FOUR,0.6822,0.0222,0.2956
CLUBS NINE CLUBS THREE,0.6972,0.023,0.2798
CLUBS EIGHT CLUBS THREE,0.7014,0.017,0.2816
CLUBS THREE SPADES FIVE,0.7328,0.0172,0.25
CLUBS THREE SPADES FOUR,0.7334,0.0194,0.2472
CLUBS THREE SPADES THREE,0.321,0.0164,0.6626
CLUBS THREE SPADES TWO,0.7584,0.0214,0.2202
CLUBS THREE SPADES SIX,0.737,0.019,0.244
SPADES SEVEN CLUBS THREE,0.737,0.0156,0.2474
SPADES EIGHT CLUBS THREE,0.7468,0.0168,0.2364
SPADES NINE CLUBS THREE,0.7566,0.0192,0.2242
DIAMONDS FOUR SPADES TWO,0.6498,0.0062,0.344
DIAMONDS FOUR SPADES THREE,0.7268,0.018,0.2552
DIAMONDS FOUR SPADES FOUR,0.3634,0.0076,0.629
DIAMONDS FOUR SPADES FIVE,0.5754,0.0066,0.418
DIAMONDS FOUR SPADES SIX,0.6036,0.008,0.3884
DIAMONDS FOUR SPADES SEVEN,0.5984,0.0042,0.3974
DIAMONDS FOUR SPADES EIGHT,0.5976,0.004,0.3984
DIAMONDS FOUR SPADES NINE,0.6214,0.0056,0.373
DIAMONDS FOUR CLUBS FIVE,0.5812,0.0046,0.4142
DIAMONDS FOUR CLUBS FOUR,0.358,0.0064,0.6356
CLUBS SEVEN DIAMONDS FOUR,0.6048,0.004,0.3912
DIAMONDS FOUR CLUBS SIX,0.602,0.0078,0.3902
CLUBS NINE DIAMONDS FOUR,0.6198,0.004,0.3762
CLUBS EIGHT DIAMONDS FOUR,0.598,0.0034,0.3986
HEARTS SEVEN DIAMONDS FOUR,0.5886,0.0046,0.4068
HEARTS SIX DIAMONDS FOUR,0.594,0.0052,0.4008
DIAMONDS FOUR HEARTS NINE,0.6224,0.0044,0.3732
DIAMONDS FOUR HEARTS EIGHT,0.6088,0.0044,0.3868
DIAMONDS FOUR CLUBS THREE,0.713,0.0156,0.2714
DIAMONDS FOUR CLUBS TWO,0.6342,0.0082,0.3576
DIAMONDS TEN DIAMONDS FIVE,0.5778,0.0054,0.4168
DIAMONDS JACK DIAMONDS FIVE,0.5792,0.005,0.4158
DIAMONDS NINE HEARTS QUEEN,0.5712,0.0042,0.4246
DIAMONDS NINE HEARTS KING,0.5732,0.0028,0.424
HEARTS ACE DIAMONDS NINE,0.233,0.1788,0.5882
DIAMONDS NINE HEARTS TEN,0.5558,0.0044,0.4398
DIAMONDS NINE HEARTS JACK,0.5686,0.0038,0.4276
DIAMONDS SIX CLUBS KING,0.5982,0.0064,0.3954
DIAMONDS SIX CLUBS QUEEN,0.5908,0.0056,0.4036
CLUBS ACE DIAMONDS SIX,0.239,0.3696,0.3914
SPADES KING DIAMONDS FOUR,0.635,0.0054,0.3596
SPADES QUEEN DIAMONDS FOUR,0.6004,0.007,0.3926
SPADES QUEEN SPADES SEVEN,0.5716,0.0048,0.4236
DIAMONDS SIX CLUBS JACK,0.5996,0.0058,0.3946
SPADES KING SPADES SEVEN,0.5714,0.0062,0.4224
CLUBS TEN DIAMONDS SIX,0.5776,0.0038,0.4186
CLUBS NINE CLUBS FOUR,0.5764,0.0046,0.419
CLUBS EIGHT CLUBS FOUR,0.5708,0.0046,0.4246
SPADES JACK DIAMONDS FOUR,0.6216,0.006,0.3724
SPADES TEN DIAMONDS FOUR,0.614,0.0052,0.3808
CLUBS FIVE CLUBS FOUR,0.5614,0.006,0.4326
CLUBS SEVEN CLUBS FOUR,0.565,0.0044,0.4306
CLUBS SIX CLUBS FOUR,0.561,0.0044,0.4346
CLUBS SEVEN SPADES EIGHT,0.5584,0.005,0.4366
CLUBS SEVEN SPADES NINE,0.5798,0.004,0.4162
CLUBS SEVEN SPADES SIX,0.5678,0.005,0.4272
CLUBS SEVEN SPADES SEVEN,0.3594,0.005,0.6356
CLUBS SEVEN SPADES FIVE,0.5956,0.004,0.4004
CLUBS SEVEN SPADES FOUR,0.6094,0.005,0.3856
CLUBS SEVEN SPADES THREE,0.7358,0.0156,0.2486
CLUBS SEVEN SPADES TWO,0.645,0.007,0.348
CLUBS NINE CLUBS SEVEN,0.5438,0.0046,0.4516
CLUBS SEVEN CLUBS EIGHT,0.5266,0.0042,0.4692
HEARTS SIX DIAMONDS FIVE,0.5766,0.004,0.4194
HEARTS SEVEN DIAMONDS FIVE,0.5836,0.0054,0.411
DIAMONDS FIVE HEARTS EIGHT,0.5888,0.0044,0.4068
DIAMONDS FIVE HEARTS NINE,0.6144,0.0044,0.3812
DIAMONDS QUEEN DIAMONDS FIVE,0.577,0.0056,0.4174
HEARTS TWO DIAMONDS FIVE,0.6326,0.0062,0.3612
HEARTS KING HEARTS EIGHT,0.568,0.006,0.426
DIAMONDS KING DIAMONDS FIVE,0.5752,0.0062,0.4186
HEARTS THREE DIAMONDS FIVE,0.7016,0.0186,0.2798
HEARTS QUEEN HEARTS EIGHT,0.5402,0.004,0.4558
DIAMONDS ACE DIAMONDS FIVE,0.2056,0.4408,0.3536
HEARTS FOUR DIAMONDS FIVE,0.5924,0.006,0.4016
HEARTS FIVE DIAMONDS FIVE,0.358,0.0064,0.6356
HEARTS ACE HEARTS EIGHT,0.2368,0.2112,0.552
CLUBS FOUR DIAMONDS FIVE,0.5744,0.0042,0.4214
CLUBS FIVE DIAMONDS FIVE,0.3544,0.0062,0.6394
CLUBS SIX DIAMONDS FIVE,0.5822,0.0054,0.4124
CLUBS SEVEN DIAMONDS FIVE,0.5714,0.0066,0.422
CLUBS TWO DIAMONDS FIVE,0.6408,0.007,0.3522
CLUBS THREE DIAMONDS FIVE,0.7152,0.0182,0.2666
SPADES THREE DIAMONDS FIVE,0.7174,0.023,0.2596
SPADES TWO DIAMONDS FIVE,0.6416,0.0062,0.3522
SPADES JACK DIAMONDS EIGHT,0.5782,0.007,0.4148
SPADES FIVE DIAMONDS FIVE,0.3558,0.005,0.6392
CLUBS TEN HEARTS JACK,0.543,0.0034,0.4536
SPADES TEN DIAMONDS EIGHT,0.5658,0.0042,0.43
SPADES FOUR DIAMONDS FIVE,0.581,0.0064,0.4126
HEARTS JACK CLUBS JACK,0.3212,0.004,0.6748
HEARTS JACK CLUBS QUEEN,0.5604,0.0048,0.4348
CLUBS NINE DIAMONDS FIVE,0.5938,0.0042,0.402
CLUBS KING HEARTS JACK,0.5776,0.0048,0.4176
CLUBS EIGHT DIAMONDS FIVE,0.579,0.0056,0.4154
CLUBS ACE HEARTS JACK,0.2606,0.0868,0.6526
SPADES SEVEN DIAMONDS FIVE,0.589,0.0068,0.4042
SPADES KING DIAMONDS EIGHT,0.5958,0.0064,0.3978
SPADES SIX DIAMONDS FIVE,0.5902,0.0062,0.4036
SPADES QUEEN DIAMONDS EIGHT,0.6,0.0064,0.3936
SPADES NINE DIAMONDS FIVE,0.6074,0.005,0.3876
SPADES EIGHT DIAMONDS FIVE,0.594,0.004,0.402
DIAMONDS TEN DIAMONDS SIX,0.5518,0.0052,0.443
HEARTS ACE DIAMONDS SEVEN,0.2358,0.3114,0.4528
DIAMONDS JACK DIAMONDS SIX,0.582,0.005,0.413
HEARTS QUEEN DIAMONDS SEVEN,0.5968,0.005,0.3982
HEARTS KING DIAMONDS SEVEN,0.6,0.0032,0.3968
DIAMONDS ACE DIAMONDS SIX,0.2318,0.3618,0.4064
HEARTS FOUR DIAMONDS SIX,0.582,0.0046,0.4134
SPADES TWO HEARTS JACK,0.6364,0.006,0.3576
HEARTS FIVE DIAMONDS SIX,0.5836,0.0048,0.4116
SPADES TWO HEARTS TEN,0.641,0.0034,0.3556
DIAMONDS QUEEN DIAMONDS SIX,0.5656,0.0044,0.43
HEARTS TWO DIAMONDS SIX,0.644,0.0072,0.3488
DIAMONDS KING DIAMONDS SIX,0.5742,0.0048,0.421
HEARTS THREE DIAMONDS SIX,0.7406,0.0176,0.2418
DIAMONDS SIX HEARTS EIGHT,0.5658,0.0064,0.4278
DIAMONDS SIX HEARTS NINE,0.5826,0.0046,0.4128
HEARTS SIX DIAMONDS SIX,0.3708,0.0054,0.6238
HEARTS SEVEN DIAMONDS SIX,0.582,0.0032,0.4148
HEARTS TEN DIAMONDS SEVEN,0.579,0.0042,0.4168
CLUBS TWO DIAMONDS SIX,0.6542,0.0054,0.3404
HEARTS JACK DIAMONDS SEVEN,0.5904,0.003,0.4066
CLUBS THREE DIAMONDS SIX,0.7396,0.017,0.2434
CLUBS SEVEN DIAMONDS SIX,0.5756,0.005,0.4194
DIAMONDS EIGHT CLUBS JACK,0.5774,0.0042,0.4184
CLUBS SIX DIAMONDS SIX,0.3768,0.0054,0.6178
CLUBS TEN DIAMONDS EIGHT,0.5574,0.0048,0.4378
CLUBS FIVE DIAMONDS SIX,0.577,0.004,0.419
CLUBS FOUR DIAMONDS SIX,0.5966,0.005,0.3984
HEARTS ACE HEARTS JACK,0.2206,0.0842,0.6952
CLUBS ACE DIAMONDS EIGHT,0.243,0.227,0.53
HEARTS QUEEN HEARTS JACK,0.519,0.0054,0.4756
CLUBS KING DIAMONDS EIGHT,0.5992,0.0038,0.397
CLUBS NINE DIAMONDS SIX,0.579,0.0026,0.4184
HEARTS KING HEARTS JACK,0.5352,0.005,0.4598
CLUBS QUEEN DIAMONDS EIGHT,0.5794,0.0042,0.4164
CLUBS EIGHT DIAMONDS SIX,0.5736,0.0058,0.4206
SPADES TEN HEARTS KING,0.5702,0.0034,0.4264
SPADES FIVE DIAMONDS SIX,0.5826,0.005,0.4124
HEARTS ACE SPADES TWO,0.2642,0.5274,0.2084
SPADES JACK HEARTS KING,0.5714,0.0046,0.424
SPADES FOUR DIAMONDS SIX,0.6066,0.004,0.3894
SPADES THREE DIAMONDS SIX,0.7456,0.0166,0.2378
HEARTS QUEEN SPADES TWO,0.6496,0.0048,0.3456
SPADES TWO HEARTS KING,0.6518,0.0054,0.3428
SPADES TWO DIAMONDS SIX,0.6528,0.0068,0.3404
HEARTS TEN HEARTS EIGHT,0.5264,0.005,0.4686
SPADES NINE DIAMONDS SIX,0.5692,0.0068,0.424
HEARTS JACK HEARTS EIGHT,0.5462,0.0044,0.4494
SPADES EIGHT DIAMONDS SIX,0.5718,0.0044,0.4238
SPADES SEVEN DIAMONDS SIX,0.5666,0.005,0.4284
SPADES SIX DIAMONDS SIX,0.359,0.0068,0.6342
SPADES KING HEARTS KING,0.2954,0.0036,0.701
SPADES QUEEN HEARTS KING,0.5828,0.004,0.4132
CLUBS ACE CLUBS KING,0.2444,0.0438,0.7118
SPADES QUEEN HEARTS JACK,0.5708,0.003,0.4262
SPADES KING HEARTS JACK,0.5768,0.005,0.4182
SPADES TEN DIAMONDS TEN,0.3188,0.0046,0.6766
SPADES JACK DIAMONDS TEN,0.5612,0.0038,0.435
SPADES JACK HEARTS JACK,0.3256,0.0058,0.6686
SPADES TEN HEARTS JACK,0.5524,0.0054,0.4422
SPADES QUEEN DIAMONDS TEN,0.5602,0.0044,0.4354
SPADES KING DIAMONDS TEN,0.572,0.0066,0.4214
SPADES NINE DIAMONDS SEVEN,0.5786,0.005,0.4164
SPADES EIGHT DIAMONDS SEVEN,0.5504,0.0046,0.445
SPADES SEVEN DIAMONDS SEVEN,0.353,0.0056,0.6414
SPADES SIX DIAMONDS SEVEN,0.586,0.0032,0.4108
DIAMONDS KING DIAMONDS SEVEN,0.576,0.0062,0.4178
HEARTS THREE DIAMONDS SEVEN,0.73,0.0166,0.2534
HEARTS KING DIAMONDS FIVE,0.6168,0.004,0.3792
DIAMONDS QUEEN DIAMONDS SEVEN,0.581,0.0062,0.4128
HEARTS TWO DIAMONDS SEVEN,0.6442,0.0052,0.3506
HEARTS QUEEN DIAMONDS FIVE,0.6072,0.0048,0.388
HEARTS FIVE DIAMONDS SEVEN,0.58,0.003,0.417
DIAMONDS ACE DIAMONDS SEVEN,0.2404,0.2906,0.469
HEARTS FOUR DIAMONDS SEVEN,0.6052,0.0068,0.388
HEARTS ACE DIAMONDS FIVE,0.2228,0.4692,0.308
HEARTS SEVEN DIAMONDS SEVEN,0.3444,0.0036,0.652
HEARTS SIX DIAMONDS SEVEN,0.564,0.0038,0.4322
HEARTS NINE DIAMONDS SEVEN,0.5752,0.0046,0.4202
HEARTS EIGHT DIAMONDS SEVEN,0.5476,0.0038,0.4486
DIAMONDS JACK DIAMONDS SEVEN,0.5648,0.0052,0.43
HEARTS JACK DIAMONDS FIVE,0.614,0.0054,0.3806
DIAMONDS TEN DIAMONDS SEVEN,0.5562,0.0044,0.4394
HEARTS TEN DIAMONDS FIVE,0.612,0.006,0.382
SPADES KING CLUBS TWO,0.6426,0.0058,0.3516
HEARTS KING CLUBS KING,0.2754,0.0036,0.721
CLUBS EIGHT DIAMONDS SEVEN,0.5448,0.0032,0.452
SPADES QUEEN CLUBS TWO,0.6508,0.0064,0.3428
HEARTS KING CLUBS QUEEN,0.5742,0.004,0.4218
CLUBS NINE DIAMONDS SEVEN,0.569,0.004,0.427
SPADES TWO CLUBS JACK,0.6502,0.0042,0.3456
CLUBS TEN SPADES TWO,0.6422,0.0044,0.3534
HEARTS KING CLUBS ACE,0.2484,0.0458,0.7058
CLUBS SEVEN CLUBS SIX,0.5324,0.0044,0.4632
SPADES TWO CLUBS KING,0.6596,0.0046,0.3358
SPADES TWO DIAMONDS SEVEN,0.6542,0.0048,0.341
CLUBS EIGHT CLUBS SIX,0.5366,0.0056,0.4578
SPADES THREE DIAMONDS SEVEN,0.7422,0.0162,0.2416
SPADES TWO CLUBS QUEEN,0.6598,0.0048,0.3354
CLUBS NINE CLUBS SIX,0.546,0.0048,0.4492
SPADES FOUR DIAMONDS SEVEN,0.6014,0.0046,0.394
HEARTS KING CLUBS JACK,0.57,0.0044,0.4256
SPADES FIVE DIAMONDS SEVEN,0.5804,0.0058,0.4138
SPADES TWO CLUBS ACE,0.2698,0.5206,0.2096
CLUBS TEN HEARTS KING,0.584,0.0032,0.4128
CLUBS SIX SPADES TWO,0.6466,0.0042,0.3492
CLUBS SIX SPADES THREE,0.7528,0.0152,0.232
CLUBS TWO DIAMONDS SEVEN,0.656,0.0048,0.3392
CLUBS SIX SPADES FOUR,0.5988,0.0034,0.3978
CLUBS THREE DIAMONDS SEVEN,0.736,0.013,0.251
CLUBS SIX SPADES FIVE,0.5772,0.0052,0.4176
CLUBS FOUR DIAMONDS SEVEN,0.5984,0.006,0.3956
CLUBS SIX SPADES SIX,0.3712,0.0042,0.6246
CLUBS FIVE DIAMONDS SEVEN,0.5914,0.0044,0.4042
CLUBS SIX SPADES SEVEN,0.5718,0.0044,0.4238
CLUBS SIX DIAMONDS SEVEN,0.574,0.0044,0.4216
SPADES EIGHT CLUBS SIX,0.566,0.0064,0.4276
SPADES JACK CLUBS TWO,0.6452,0.0062,0.3486
CLUBS SEVEN DIAMONDS SEVEN,0.3544,0.0058,0.6398
SPADES NINE CLUBS SIX,0.5782,0.0048,0.417
SPADES TEN CLUBS TWO,0.652,0.0064,0.3416
CLUBS TWO CLUBS QUEEN,0.6168,0.0066,0.3766
CLUBS TWO CLUBS KING,0.6022,0.0064,0.3914
CLUBS THREE DIAMONDS EIGHT,0.7472,0.0144,0.2384
CLUBS TWO CLUBS ACE,0.2484,0.4904,0.2612
CLUBS TWO DIAMONDS EIGHT,0.6438,0.0044,0.3518
HEARTS SEVEN DIAMONDS EIGHT,0.5574,0.0054,0.4372
HEARTS SIX DIAMONDS EIGHT,0.5676,0.0052,0.4272
DIAMONDS EIGHT HEARTS NINE,0.5652,0.0042,0.4306
CLUBS TEN CLUBS TWO,0.6026,0.006,0.3914
HEARTS EIGHT DIAMONDS EIGHT,0.3558,0.004,0.6402
CLUBS TWO CLUBS JACK,0.6054,0.0048,0.3898
CLUBS NINE DIAMONDS EIGHT,0.5612,0.0036,0.4352
CLUBS EIGHT DIAMONDS EIGHT,0.3538,0.0048,0.6414
CLUBS FIVE DIAMONDS EIGHT,0.5776,0.0056,0.4168
CLUBS FOUR DIAMONDS EIGHT,0.6032,0.006,0.3908
CLUBS SEVEN DIAMONDS EIGHT,0.5578,0.0044,0.4378
SPADES QUEEN SPADES THREE,0.7258,0.0248,0.2494
CLUBS SIX DIAMONDS EIGHT,0.5798,0.0052,0.415
SPADES KING SPADES THREE,0.7136,0.0192,0.2672
DIAMONDS QUEEN DIAMONDS EIGHT,0.5612,0.0036,0.4352
HEARTS TWO DIAMONDS EIGHT,0.639,0.0038,0.3572
DIAMONDS KING DIAMONDS EIGHT,0.562,0.0054,0.4326
HEARTS THREE DIAMONDS EIGHT,0.7458,0.0156,0.2386
DIAMONDS ACE DIAMONDS EIGHT,0.222,0.2278,0.5502
HEARTS FOUR DIAMONDS EIGHT,0.5876,0.0056,0.4068
HEARTS FIVE DIAMONDS EIGHT,0.5832,0.0052,0.4116
DIAMONDS TEN DIAMONDS EIGHT,0.5412,0.0042,0.4546
DIAMONDS JACK DIAMONDS EIGHT,0.5498,0.0044,0.4458
SPADES JACK SPADES THREE,0.7094,0.0212,0.2694
SPADES TEN SPADES THREE,0.706,0.0212,0.2728
CLUBS FOUR HEARTS ACE,0.2054,0.524,0.2706
CLUBS FOUR HEARTS QUEEN,0.6154,0.0044,0.3802
CLUBS FOUR HEARTS KING,0.614,0.0044,0.3816
CLUBS SIX HEARTS TEN,0.5906,0.003,0.4064
CLUBS SIX HEARTS JACK,0.6096,0.004,0.3864
SPADES FOUR DIAMONDS EIGHT,0.6022,0.0044,0.3934
SPADES FIVE DIAMONDS EIGHT,0.5806,0.0076,0.4118
SPADES TWO DIAMONDS EIGHT,0.6514,0.0056,0.343
SPADES THREE DIAMONDS EIGHT,0.74,0.0166,0.2434
CLUBS FOUR HEARTS JACK,0.6242,0.0054,0.3704
SPADES EIGHT DIAMONDS EIGHT,0.3314,0.0056,0.663
SPADES JACK HEARTS EIGHT,0.5716,0.004,0.4244
SPADES TEN HEARTS TWO,0.651,0.0054,0.3436
SPADES TEN DIAMONDS QUEEN,0.5646,0.0052,0.4302
CLUBS FOUR HEARTS TEN,0.6064,0.0034,0.3902
SPADES NINE DIAMONDS EIGHT,0.5672,0.0038,0.429
SPADES JACK HEARTS TWO,0.653,0.0052,0.3418
SPADES JACK DIAMONDS QUEEN,0.5784,0.004,0.4176
SPADES TEN HEARTS EIGHT,0.5616,0.0052,0.4332
SPADES SIX DIAMONDS EIGHT,0.5624,0.0056,0.432
SPADES SEVEN DIAMONDS EIGHT,0.5546,0.0056,0.4398
SPADES QUEEN DIAMONDS QUEEN,0.2868,0.0048,0.7084
SPADES QUEEN HEARTS TWO,0.6608,0.0076,0.3316
SPADES KING HEARTS EIGHT,0.6086,0.0044,0.387
SPADES QUEEN HEARTS EIGHT,0.5936,0.0054,0.401
SPADES KING HEARTS TWO,0.6566,0.0046,0.3388
SPADES KING DIAMONDS QUEEN,0.5752,0.0058,0.419
CLUBS TWO HEARTS TEN,0.6302,0.0038,0.366
CLUBS TWO HEARTS JACK,0.6482,0.0056,0.3462
SPADES SEVEN DIAMONDS NINE,0.562,0.0046,0.4334
SPADES SIX DIAMONDS NINE,0.5772,0.0046,0.4182
SPADES NINE DIAMONDS NINE,0.3436,0.0042,0.6522
SPADES EIGHT DIAMONDS NINE,0.562,0.0052,0.4328
SPADES TEN CLUBS KING,0.5764,0.0046,0.419
DIAMONDS NINE SPADES THREE,0.7426,0.0236,0.2338
SPADES JACK CLUBS KING,0.5758,0.006,0.4182
DIAMONDS NINE SPADES TWO,0.6592,0.0056,0.3352
SPADES FIVE DIAMONDS NINE,0.6054,0.0058,0.3888
SPADES FOUR DIAMONDS NINE,0.6188,0.005,0.3762
CLUBS NINE DIAMONDS NINE,0.3276,0.0034,0.669
CLUBS EIGHT DIAMONDS NINE,0.5472,0.0052,0.4476
CLUBS SIX DIAMONDS NINE,0.5728,0.004,0.4232
SPADES JACK CLUBS FOUR,0.6162,0.0038,0.38
CLUBS SEVEN DIAMONDS NINE,0.5652,0.0042,0.4306
SPADES TEN CLUBS FOUR,0.617,0.0052,0.3778
CLUBS FOUR DIAMONDS NINE,0.6146,0.0036,0.3818
CLUBS FIVE DIAMONDS NINE,0.607,0.0046,0.3884
CLUBS TWO DIAMONDS NINE,0.6438,0.006,0.3502
CLUBS THREE DIAMONDS NINE,0.7448,0.0174,0.2378
DIAMONDS NINE HEARTS EIGHT,0.5534,0.0054,0.4412
DIAMONDS NINE HEARTS NINE,0.3388,0.004,0.6572
HEARTS SIX DIAMONDS NINE,0.5848,0.0052,0.41
HEARTS SEVEN DIAMONDS NINE,0.5738,0.0032,0.423
CLUBS NINE CLUBS EIGHT,0.5168,0.0026,0.4806
DIAMONDS ACE DIAMONDS NINE,0.2374,0.164,0.5986
HEARTS FOUR DIAMONDS NINE,0.6122,0.005,0.3828
HEARTS FIVE DIAMONDS NINE,0.5934,0.0056,0.401
HEARTS ACE CLUBS TWO,0.2604,0.5206,0.219
DIAMONDS NINE DIAMONDS QUEEN,0.5406,0.0044,0.455
HEARTS TWO DIAMONDS NINE,0.6396,0.0054,0.355
CLUBS TWO HEARTS KING,0.6434,0.0046,0.352
SPADES KING CLUBS FOUR,0.6174,0.0058,0.3768
DIAMONDS KING DIAMONDS NINE,0.5566,0.0044,0.439
HEARTS THREE DIAMONDS NINE,0.7388,0.02,0.2412
CLUBS TWO HEARTS QUEEN,0.6442,0.006,0.3498
SPADES QUEEN CLUBS FOUR,0.629,0.006,0.365
DIAMONDS NINE DIAMONDS JACK,0.5446,0.0038,0.4516
CLUBS EIGHT SPADES NINE,0.5666,0.0048,0.4286
DIAMONDS TEN DIAMONDS NINE,0.529,0.0042,0.4668
CLUBS EIGHT SPADES EIGHT,0.3526,0.0056,0.6418
CLUBS EIGHT SPADES SEVEN,0.55,0.003,0.447
CLUBS EIGHT SPADES SIX,0.576,0.0056,0.4184
CLUBS EIGHT SPADES FIVE,0.6056,0.0052,0.3892
CLUBS EIGHT SPADES FOUR,0.604,0.0046,0.3914
CLUBS EIGHT SPADES THREE,0.7406,0.015,0.2444
CLUBS EIGHT SPADES TWO,0.6574,0.0056,0.337
HEARTS SIX DIAMONDS TEN,0.5966,0.0042,0.3992
HEARTS SEVEN DIAMONDS TEN,0.5774,0.0044,0.4182
DIAMONDS TEN HEARTS EIGHT,0.5536,0.0038,0.4426
CLUBS FOUR CLUBS JACK,0.5764,0.0054,0.4182
DIAMONDS TEN HEARTS NINE,0.5452,0.0042,0.4506
CLUBS TEN CLUBS FOUR,0.578,0.0046,0.4174
CLUBS FOUR CLUBS KING,0.5718,0.0068,0.4214
CLUBS FOUR CLUBS QUEEN,0.5822,0.0054,0.4124
DIAMONDS TEN CLUBS TWO,0.662,0.0054,0.3326
CLUBS THREE DIAMONDS TEN,0.7442,0.0176,0.2382
CLUBS FOUR CLUBS ACE,0.2054,0.4892,0.3054
DIAMONDS TEN DIAMONDS JACK,0.5164,0.0048,0.4788
DIAMONDS TEN DIAMONDS QUEEN,0.5336,0.0042,0.4622
HEARTS TWO DIAMONDS TEN,0.6372,0.005,0.3578
DIAMONDS KING DIAMONDS TEN,0.5416,0.0044,0.454
HEARTS THREE DIAMONDS TEN,0.7338,0.0224,0.2438
DIAMONDS ACE DIAMONDS TEN,0.2448,0.124,0.6312
HEARTS FOUR DIAMONDS TEN,0.611,0.0052,0.3838
CLUBS EIGHT HEARTS JACK,0.573,0.0052,0.4218
HEARTS FIVE DIAMONDS TEN,0.6002,0.0064,0.3934
CLUBS EIGHT HEARTS TEN,0.562,0.0052,0.4328
CLUBS EIGHT HEARTS QUEEN,0.5918,0.0056,0.4026
CLUBS EIGHT HEARTS KING,0.604,0.0032,0.3928
CLUBS EIGHT HEARTS ACE,0.241,0.2218,0.5372
CLUBS NINE SPADES THREE,0.745,0.0204,0.2346
CLUBS NINE SPADES TWO,0.6478,0.0052,0.347
CLUBS NINE SPADES FIVE,0.6082,0.003,0.3888
CLUBS NINE SPADES FOUR,0.6286,0.0044,0.367
CLUBS NINE SPADES SEVEN,0.5704,0.0058,0.4238
CLUBS NINE SPADES SIX,0.5888,0.0042,0.407
CLUBS NINE SPADES NINE,0.3424,0.0026,0.655
CLUBS TEN HEARTS EIGHT,0.5726,0.003,0.4244
CLUBS NINE SPADES EIGHT,0.5574,0.0046,0.438
HEARTS EIGHT CLUBS JACK,0.5732,0.004,0.4228
CLUBS QUEEN HEARTS EIGHT,0.5884,0.0038,0.4078
CLUBS KING HEARTS EIGHT,0.591,0.0038,0.4052
CLUBS ACE HEARTS EIGHT,0.2452,0.2224,0.5324
SPADES KING CLUBS KING,0.2916,0.0042,0.7042
SPADES QUEEN CLUBS KING,0.5726,0.006,0.4214
DIAMONDS ACE HEARTS TEN,0.238,0.125,0.637
HEARTS FOUR HEARTS TEN,0.5782,0.0044,0.4174
DIAMONDS ACE HEARTS JACK,0.2338,0.0922,0.674
HEARTS FOUR HEARTS JACK,0.573,0.0032,0.4238
SPADES KING CLUBS FIVE,0.6198,0.0054,0.3748
SPADES QUEEN CLUBS FIVE,0.6192,0.0044,0.3764
HEARTS SEVEN DIAMONDS JACK,0.5732,0.003,0.4238
HEARTS SIX DIAMONDS JACK,0.6096,0.0064,0.384
DIAMONDS JACK HEARTS NINE,0.5454,0.0048,0.4498
DIAMONDS JACK HEARTS EIGHT,0.5756,0.0056,0.4188
DIAMONDS KING DIAMONDS JACK,0.5564,0.0054,0.4382
HEARTS THREE DIAMONDS JACK,0.7452,0.021,0.2338
HEARTS ACE SPADES FOUR,0.2316,0.5106,0.2578
DIAMONDS QUEEN DIAMONDS JACK,0.544,0.006,0.45
HEARTS TWO DIAMONDS JACK,0.6388,0.0052,0.356
HEARTS FIVE DIAMONDS JACK,0.5954,0.004,0.4006
SPADES QUEEN SPADES SIX,0.5704,0.0044,0.4252
SPADES FOUR HEARTS QUEEN,0.6192,0.0044,0.3764
DIAMONDS ACE DIAMONDS JACK,0.239,0.0896,0.6714
HEARTS FOUR DIAMONDS JACK,0.6136,0.0036,0.3828
SPADES KING SPADES SIX,0.5804,0.0046,0.415
SPADES FOUR HEARTS KING,0.6326,0.0056,0.3618
SPADES TEN SPADES SIX,0.5794,0.006,0.4146
SPADES JACK SPADES SIX,0.571,0.0052,0.4238
SPADES FOUR DIAMONDS JACK,0.618,0.0064,0.3756
SPADES FIVE DIAMONDS JACK,0.6054,0.0054,0.3892
SPADES TWO DIAMONDS JACK,0.6516,0.0048,0.3436
SPADES THREE DIAMONDS JACK,0.7442,0.0222,0.2336
CLUBS EIGHT DIAMONDS JACK,0.582,0.0044,0.4136
CLUBS NINE DIAMONDS JACK,0.5586,0.0036,0.4378
CLUBS SIX DIAMONDS JACK,0.5976,0.004,0.3984
CLUBS SEVEN DIAMONDS JACK,0.5816,0.005,0.4134
CLUBS FOUR DIAMONDS JACK,0.618,0.0048,0.3772
CLUBS FIVE DIAMONDS JACK,0.6108,0.0054,0.3838
CLUBS TWO DIAMONDS JACK,0.6406,0.005,0.3544
CLUBS THREE DIAMONDS JACK,0.733,0.0244,0.2426
SPADES JACK HEARTS SIX,0.6114,0.0064,0.3822
SPADES TEN CLUBS FIVE,0.617,0.0048,0.3782
SPADES JACK CLUBS FIVE,0.6138,0.0048,0.3814
SPADES TEN HEARTS SIX,0.6006,0.004,0.3954
CLUBS SEVEN CLUBS ACE,0.2212,0.2798,0.499
CLUBS SEVEN CLUBS QUEEN,0.5734,0.004,0.4226
CLUBS SEVEN CLUBS KING,0.5582,0.0056,0.4362
SPADES NINE DIAMONDS JACK,0.5658,0.0058,0.4284
CLUBS TEN CLUBS SEVEN,0.538,0.004,0.458
DIAMONDS ACE HEARTS ACE,0.0656,0.0132,0.9212
HEARTS FOUR HEARTS ACE,0.2072,0.4954,0.2974
SPADES EIGHT DIAMONDS JACK,0.578,0.006,0.416
CLUBS SEVEN CLUBS JACK,0.5526,0.0038,0.4436
DIAMONDS ACE HEARTS KING,0.2512,0.0512,0.6976
HEARTS FOUR HEARTS KING,0.587,0.0036,0.4094
SPADES SEVEN DIAMONDS JACK,0.5862,0.0046,0.4092
SPADES KING HEARTS SIX,0.6028,0.0074,0.3898
DIAMONDS ACE HEARTS QUEEN,0.2516,0.0646,0.6838
HEARTS FOUR HEARTS QUEEN,0.577,0.004,0.419
SPADES SIX DIAMONDS JACK,0.6234,0.006,0.3706
SPADES QUEEN HEARTS SIX,0.6104,0.0044,0.3852
DIAMONDS TEN SPADES TWO,0.6362,0.0036,0.3602
DIAMONDS TEN SPADES THREE,0.75,0.0192,0.2308
DIAMONDS TEN SPADES FOUR,0.6116,0.0052,0.3832
SPADES FIVE DIAMONDS TEN,0.6072,0.0054,0.3874
SPADES SIX DIAMONDS TEN,0.5886,0.004,0.4074
SPADES SEVEN DIAMONDS TEN,0.5772,0.0056,0.4172
SPADES EIGHT DIAMONDS TEN,0.5682,0.0036,0.4282
SPADES NINE DIAMONDS TEN,0.5568,0.006,0.4372
CLUBS FOUR DIAMONDS TEN,0.5996,0.0056,0.3948
CLUBS FIVE DIAMONDS TEN,0.6032,0.0054,0.3914
CLUBS SIX DIAMONDS TEN,0.585,0.0038,0.4112
CLUBS SEVEN DIAMONDS TEN,0.5794,0.0036,0.417
CLUBS EIGHT DIAMONDS TEN,0.5658,0.0042,0.43
CLUBS NINE DIAMONDS TEN,0.559,0.0048,0.4362
SPADES FOUR HEARTS JACK,0.6178,0.0034,0.3788
SPADES FOUR HEARTS TEN,0.6114,0.0046,0.384
SPADES FIVE SPADES TWO,0.601,0.007,0.392
SPADES FOUR SPADES TWO,0.609,0.0056,0.3854
SPADES THREE SPADES TWO,0.7078,0.023,0.2692
SPADES NINE SPADES TWO,0.6122,0.005,0.3828
SPADES EIGHT SPADES TWO,0.6226,0.0056,0.3718
SPADES SEVEN SPADES TWO,0.6168,0.005,0.3782
SPADES SIX SPADES TWO,0.6296,0.0054,0.365
CLUBS THREE DIAMONDS QUEEN,0.7412,0.0198,0.239
CLUBS THREE HEARTS TWO,0.7512,0.0202,0.2286
CLUBS TWO DIAMONDS QUEEN,0.6406,0.0058,0.3536
HEARTS TWO CLUBS TWO,0.4556,0.0088,0.5356
HEARTS SEVEN DIAMONDS QUEEN,0.6008,0.0054,0.3938
HEARTS SEVEN HEARTS TWO,0.6034,0.0038,0.3928
HEARTS SIX DIAMONDS QUEEN,0.5966,0.006,0.3974
HEARTS SIX HEARTS TWO,0.6128,0.0052,0.382
DIAMONDS QUEEN HEARTS NINE,0.5728,0.0064,0.4208
HEARTS TWO HEARTS NINE,0.6068,0.0036,0.3896
DIAMONDS QUEEN HEARTS EIGHT,0.5854,0.0048,0.4098
HEARTS TWO HEARTS EIGHT,0.6116,0.0034,0.385
CLUBS NINE HEARTS TWO,0.6558,0.0046,0.3396
CLUBS NINE DIAMONDS QUEEN,0.5796,0.005,0.4154
CLUBS EIGHT HEARTS TWO,0.6424,0.0072,0.3504
CLUBS EIGHT DIAMONDS QUEEN,0.5834,0.006,0.4106
CLUBS FIVE DIAMONDS QUEEN,0.6214,0.0036,0.375
CLUBS FIVE HEARTS TWO,0.645,0.0048,0.3502
SPADES EIGHT HEARTS ACE,0.2382,0.233,0.5288
CLUBS FOUR DIAMONDS QUEEN,0.6168,0.0042,0.379
CLUBS FOUR HEARTS TWO,0.6442,0.0064,0.3494
CLUBS SEVEN DIAMONDS QUEEN,0.5954,0.0046,0.4
CLUBS SEVEN HEARTS TWO,0.6502,0.0048,0.345
SPADES EIGHT HEARTS QUEEN,0.5916,0.0038,0.4046
CLUBS SIX DIAMONDS QUEEN,0.5894,0.005,0.4056
CLUBS SIX HEARTS TWO,0.6428,0.0034,0.3538
SPADES EIGHT HEARTS KING,0.6056,0.008,0.3864
SPADES SIX DIAMONDS QUEEN,0.6064,0.0052,0.3884
SPADES SIX HEARTS TWO,0.6538,0.0054,0.3408
HEARTS FOUR CLUBS QUEEN,0.6156,0.004,0.3804
DIAMONDS ACE CLUBS QUEEN,0.2454,0.06,0.6946
SPADES SEVEN DIAMONDS QUEEN,0.6076,0.0054,0.387
SPADES SEVEN HEARTS TWO,0.651,0.0038,0.3452
HEARTS FOUR CLUBS KING,0.6098,0.004,0.3862
DIAMONDS ACE CLUBS KING,0.2558,0.0456,0.6986
SPADES EIGHT DIAMONDS QUEEN,0.5884,0.005,0.4066
SPADES EIGHT HEARTS TWO,0.6478,0.0052,0.347
HEARTS FOUR CLUBS ACE,0.2264,0.4984,0.2752
DIAMONDS ACE CLUBS ACE,0.0632,0.0108,0.926
SPADES NINE DIAMONDS QUEEN,0.5748,0.0048,0.4204
SPADES NINE HEARTS TWO,0.6506,0.0072,0.3422
HEARTS TWO SPADES TWO,0.4552,0.0078,0.537
DIAMONDS QUEEN SPADES TWO,0.6556,0.0062,0.3382
HEARTS TWO SPADES THREE,0.7628,0.021,0.2162
SPADES THREE DIAMONDS QUEEN,0.7586,0.0208,0.2206
HEARTS TWO SPADES FOUR,0.6452,0.0062,0.3486
SPADES FOUR DIAMONDS QUEEN,0.61,0.007,0.383
CLUBS TEN HEARTS FOUR,0.6146,0.004,0.3814
CLUBS TEN DIAMONDS ACE,0.2382,0.1204,0.6414
HEARTS TWO SPADES FIVE,0.6318,0.005,0.3632
SPADES FIVE DIAMONDS QUEEN,0.615,0.0054,0.3796
HEARTS FOUR CLUBS JACK,0.6122,0.0044,0.3834
DIAMONDS ACE CLUBS JACK,0.247,0.093,0.66
CLUBS FIVE CLUBS KING,0.5752,0.0042,0.4206
CLUBS FIVE CLUBS QUEEN,0.5776,0.0048,0.4176
CLUBS FIVE CLUBS ACE,0.2088,0.4284,0.3628
CLUBS FIVE CLUBS JACK,0.5678,0.0048,0.4274
CLUBS TEN CLUBS FIVE,0.576,0.0032,0.4208
SPADES KING CLUBS JACK,0.5654,0.0046,0.43
SPADES QUEEN CLUBS JACK,0.5562,0.0056,0.4382
SPADES SIX CLUBS KING,0.614,0.0064,0.3796
SPADES SIX CLUBS QUEEN,0.605,0.005,0.39
SPADES EIGHT HEARTS JACK,0.569,0.005,0.426
SPADES SIX CLUBS ACE,0.2382,0.375,0.3868
SPADES EIGHT HEARTS TEN,0.5708,0.0036,0.4256
SPADES SIX CLUBS JACK,0.6102,0.0044,0.3854
CLUBS TEN SPADES SIX,0.5996,0.0042,0.3962
SPADES TEN CLUBS JACK,0.545,0.0036,0.4514
SPADES JACK CLUBS JACK,0.3092,0.0056,0.6852
SPADES QUEEN CLUBS SEVEN,0.5996,0.0048,0.3956
SPADES KING CLUBS SEVEN,0.5998,0.0068,0.3934
SPADES SIX HEARTS TEN,0.592,0.0046,0.4034
SPADES SIX HEARTS JACK,0.613,0.0058,0.3812
SPADES SIX HEARTS ACE,0.2456,0.3786,0.3758
SPADES SIX HEARTS KING,0.6038,0.0056,0.3906
SPADES SIX HEARTS QUEEN,0.6176,0.0052,0.3772
SPADES JACK CLUBS SEVEN,0.584,0.0058,0.4102
CLUBS SEVEN SPADES TEN,0.5878,0.0048,0.4074
CLUBS TEN HEARTS SIX,0.6044,0.0032,0.3924
HEARTS SIX CLUBS JACK,0.6038,0.0052,0.391
CLUBS ACE CLUBS JACK,0.2246,0.0886,0.6868
HEARTS SIX CLUBS QUEEN,0.5928,0.0042,0.403
HEARTS SIX CLUBS KING,0.5944,0.0038,0.4018
HEARTS SIX CLUBS ACE,0.2518,0.3846,0.3636
CLUBS QUEEN CLUBS JACK,0.5384,0.0048,0.4568
CLUBS KING CLUBS JACK,0.5408,0.0034,0.4558
CLUBS FIVE HEARTS JACK,0.6142,0.0028,0.383
HEARTS FOUR SPADES TEN,0.6242,0.0066,0.3692
SPADES TEN DIAMONDS ACE,0.2388,0.1222,0.639
CLUBS FIVE HEARTS TEN,0.604,0.0048,0.3912
HEARTS FOUR SPADES JACK,0.6198,0.0052,0.375
SPADES JACK DIAMONDS ACE,0.246,0.0882,0.6658
CLUBS FIVE HEARTS ACE,0.2244,0.458,0.3176
CLUBS FIVE HEARTS KING,0.6152,0.0034,0.3814
SPADES QUEEN DIAMONDS ACE,0.2444,0.0624,0.6932
SPADES QUEEN HEARTS FOUR,0.621,0.0064,0.3726
SPADES FOUR CLUBS JACK,0.6178,0.0072,0.375
CLUBS FIVE HEARTS QUEEN,0.6154,0.0046,0.38
SPADES KING HEARTS FOUR,0.6188,0.0068,0.3744
SPADES KING DIAMONDS ACE,0.2582,0.0498,0.692
CLUBS TEN SPADES FOUR,0.6228,0.0062,0.371
DIAMONDS ACE DIAMONDS QUEEN,0.2394,0.0638,0.6968
DIAMONDS ACE HEARTS TWO,0.2488,0.5274,0.2238
HEARTS FOUR DIAMONDS QUEEN,0.6202,0.0044,0.3754
HEARTS FOUR HEARTS TWO,0.5988,0.0062,0.395
SPADES FOUR CLUBS KING,0.622,0.005,0.373
HEARTS FIVE DIAMONDS QUEEN,0.6124,0.0046,0.383
HEARTS FIVE HEARTS TWO,0.5998,0.0064,0.3938
SPADES FOUR CLUBS QUEEN,0.62,0.005,0.375
HEARTS TWO DIAMONDS QUEEN,0.6302,0.0072,0.3626
DIAMONDS KING DIAMONDS QUEEN,0.5428,0.0044,0.4528
DIAMONDS KING HEARTS TWO,0.6374,0.005,0.3576
HEARTS THREE DIAMONDS QUEEN,0.7422,0.022,0.2358
HEARTS THREE HEARTS TWO,0.7098,0.0202,0.27
SPADES FOUR CLUBS ACE,0.2182,0.5232,0.2586
HEARTS TWO CLUBS ACE,0.269,0.5198,0.2112
DIAMONDS QUEEN CLUBS ACE,0.2504,0.0602,0.6894
HEARTS TWO CLUBS QUEEN,0.6372,0.0056,0.3572
DIAMONDS QUEEN CLUBS QUEEN,0.3078,0.0052,0.687
HEARTS TWO CLUBS KING,0.6436,0.0066,0.3498
DIAMONDS QUEEN CLUBS KING,0.5668,0.0038,0.4294
SPADES EIGHT SPADES FIVE,0.5688,0.0036,0.4276
CLUBS TEN HEARTS TWO,0.6382,0.0044,0.3574
CLUBS TEN DIAMONDS QUEEN,0.547,0.0038,0.4492
SPADES NINE SPADES FIVE,0.5818,0.005,0.4132
HEARTS TWO CLUBS JACK,0.6424,0.0058,0.3518
DIAMONDS QUEEN CLUBS JACK,0.5606,0.0058,0.4336
SPADES SIX SPADES FIVE,0.5584,0.0078,0.4338
SPADES SEVEN SPADES FIVE,0.5696,0.0046,0.4258
DIAMONDS FIVE CLUBS QUEEN,0.6146,0.0066,0.3788
SPADES EIGHT CLUBS ACE,0.2456,0.2282,0.5262
CLUBS KING DIAMONDS FIVE,0.613,0.0054,0.3816
SPADES EIGHT CLUBS KING,0.5968,0.0038,0.3994
CLUBS ACE DIAMONDS FIVE,0.2182,0.4558,0.326
SPADES EIGHT CLUBS QUEEN,0.5988,0.0044,0.3968
SPADES EIGHT CLUBS JACK,0.5678,0.0056,0.4266
CLUBS TEN SPADES EIGHT,0.5614,0.005,0.4336
CLUBS TEN DIAMONDS FIVE,0.6016,0.0048,0.3936
DIAMONDS FIVE CLUBS JACK,0.597,0.0058,0.3972
DIAMONDS TEN HEARTS JACK,0.5552,0.004,0.4408
DIAMONDS TEN HEARTS TEN,0.3102,0.0044,0.6854
CLUBS NINE SPADES QUEEN,0.5798,0.006,0.4142
SPADES KING CLUBS NINE,0.5954,0.005,0.3996
HEARTS SIX HEARTS KING,0.567,0.0038,0.4292
DIAMONDS KING SPADES SEVEN,0.5916,0.0046,0.4038
SPADES SEVEN HEARTS THREE,0.7424,0.0142,0.2434
SPADES KING DIAMONDS SEVEN,0.5986,0.0088,0.3926
HEARTS SIX HEARTS QUEEN,0.554,0.0032,0.4428
DIAMONDS KING SPADES SIX,0.6062,0.0042,0.3896
HEARTS THREE SPADES SIX,0.7362,0.0152,0.2486
SPADES QUEEN DIAMONDS SEVEN,0.6124,0.005,0.3826
SPADES NINE DIAMONDS KING,0.5966,0.0048,0.3986
SPADES NINE HEARTS THREE,0.7438,0.0204,0.2358
HEARTS SIX HEARTS ACE,0.2264,0.3468,0.4268
SPADES EIGHT DIAMONDS KING,0.6116,0.006,0.3824
SPADES EIGHT HEARTS THREE,0.741,0.0166,0.2424
CLUBS NINE HEARTS THREE,0.7432,0.0212,0.2356
CLUBS NINE DIAMONDS KING,0.5926,0.0048,0.4026
CLUBS EIGHT HEARTS THREE,0.7398,0.0124,0.2478
CLUBS EIGHT DIAMONDS KING,0.5898,0.004,0.4062
HEARTS THREE SPADES THREE,0.3296,0.0216,0.6488
DIAMONDS KING SPADES THREE,0.7626,0.0194,0.218
HEARTS THREE SPADES TWO,0.745,0.0198,0.2352
DIAMONDS KING SPADES TWO,0.6568,0.0058,0.3374
HEARTS THREE SPADES FIVE,0.7214,0.02,0.2586
DIAMONDS KING SPADES FIVE,0.6106,0.0062,0.3832
HEARTS THREE SPADES FOUR,0.7264,0.0228,0.2508
DIAMONDS KING SPADES FOUR,0.6148,0.0052,0.38
DIAMONDS KING CLUBS TWO,0.6412,0.0052,0.3536
HEARTS THREE CLUBS TWO,0.7416,0.0214,0.237
DIAMONDS KING CLUBS THREE,0.7402,0.023,0.2368
CLUBS THREE HEARTS THREE,0.339,0.0184,0.6426
