opposingHand,winningChance,drawChance,lostChance
SPADES ACE CLUBS SIX
SPADES TEN HEARTS FIVE,0.6416,0.0052,0.3532
SPADES JACK HEARTS FIVE,0.6448,0.0034,0.3518
SPADES FIVE CLUBS JACK,0.6316,0.0042,0.3642
CLUBS TEN SPADES FIVE,0.6402,0.0052,0.3546
CLUBS EIGHT CLUBS JACK,0.549,0.0038,0.4472
CLUBS TEN CLUBS EIGHT,0.5496,0.0048,0.4456
CLUBS EIGHT CLUBS KING,0.5844,0.0048,0.4108
SPADES FIVE CLUBS ACE,0.3734,0.3888,0.2378
CLUBS EIGHT CLUBS QUEEN,0.5606,0.0048,0.4346
SPADES FIVE CLUBS KING,0.6338,0.0056,0.3606
SPADES FIVE CLUBS QUEEN,0.6342,0.007,0.3588
CLUBS EIGHT CLUBS ACE,0.2246,0.2188,0.5566
DIAMONDS TWO DIAMONDS THREE,0.616,0.0038,0.3802
DIAMONDS TWO DIAMONDS FIVE,0.6032,0.0038,0.393
SPADES KING HEARTS FIVE,0.6354,0.0036,0.361
DIAMONDS TWO DIAMONDS FOUR,0.6024,0.0056,0.392
SPADES QUEEN HEARTS FIVE,0.6338,0.0048,0.3614
DIAMONDS TWO DIAMONDS SEVEN,0.6128,0.006,0.3812
DIAMONDS TWO DIAMONDS SIX,0.6944,0.0266,0.279
DIAMONDS TWO DIAMONDS NINE,0.5958,0.0056,0.3986
DIAMONDS TWO DIAMONDS EIGHT,0.6158,0.0044,0.3798
DIAMONDS THREE DIAMONDS FOUR,0.5994,0.0064,0.3942
CLUBS TWO SPADES FOUR,0.6506,0.006,0.3434
DIAMONDS THREE DIAMONDS FIVE,0.5898,0.006,0.4042
CLUBS TWO SPADES FIVE,0.6532,0.0082,0.3386
CLUBS TWO SPADES TWO,0.4802,0.0064,0.5134
CLUBS TWO SPADES THREE,0.6492,0.007,0.3438
DIAMONDS THREE DIAMONDS EIGHT,0.5974,0.0046,0.398
SPADES EIGHT CLUBS TWO,0.6546,0.0066,0.3388
DIAMONDS THREE DIAMONDS NINE,0.5998,0.0046,0.3956
SPADES NINE CLUBS TWO,0.6562,0.004,0.3398
DIAMONDS THREE DIAMONDS SIX,0.6942,0.0224,0.2834
CLUBS TWO SPADES SIX,0.739,0.0344,0.2266
DIAMONDS THREE DIAMONDS SEVEN,0.6058,0.005,0.3892
SPADES SEVEN CLUBS TWO,0.6444,0.0056,0.35
CLUBS SEVEN CLUBS TWO,0.6158,0.004,0.3802
CLUBS FOUR CLUBS TWO,0.6182,0.0058,0.376
CLUBS FIVE CLUBS TWO,0.6192,0.0064,0.3744
CLUBS TEN CLUBS JACK,0.5192,0.0056,0.4752
DIAMONDS FOUR DIAMONDS SIX,0.6754,0.0238,0.3008
CLUBS TEN CLUBS QUEEN,0.5274,0.0038,0.4688
DIAMONDS FOUR DIAMONDS SEVEN,0.5916,0.0052,0.4032
CLUBS TEN CLUBS KING,0.5408,0.0054,0.4538
CLUBS TEN CLUBS ACE,0.23,0.1068,0.6632
CLUBS EIGHT CLUBS TWO,0.5952,0.0068,0.398
DIAMONDS FIVE DIAMONDS FOUR,0.589,0.0046,0.4064
CLUBS NINE CLUBS TWO,0.6048,0.0056,0.3896
DIAMONDS NINE DIAMONDS FOUR,0.6152,0.0052,0.3796
DIAMONDS EIGHT DIAMONDS FOUR,0.5842,0.0036,0.4122
CLUBS TWO CLUBS THREE,0.6146,0.0064,0.379
DIAMONDS NINE DIAMONDS FIVE,0.5834,0.0048,0.4118
DIAMONDS TWO CLUBS JACK,0.622,0.0048,0.3732
DIAMONDS EIGHT DIAMONDS FIVE,0.5822,0.0028,0.415
CLUBS TEN DIAMONDS TWO,0.6196,0.0032,0.3772
DIAMONDS FIVE DIAMONDS SEVEN,0.5882,0.0036,0.4082
DIAMONDS FIVE DIAMONDS SIX,0.6388,0.0248,0.3364
DIAMONDS TWO CLUBS ACE,0.3782,0.3868,0.235
DIAMONDS TWO CLUBS KING,0.6378,0.0048,0.3574
DIAMONDS TWO CLUBS QUEEN,0.64,0.0056,0.3544
DIAMONDS EIGHT DIAMONDS SIX,0.6544,0.023,0.3226
DIAMONDS NINE DIAMONDS SIX,0.6628,0.022,0.3152
HEARTS ACE SPADES THREE,0.3676,0.3834,0.249
HEARTS KING SPADES THREE,0.6338,0.0038,0.3624
DIAMONDS SEVEN DIAMONDS SIX,0.651,0.0224,0.3266
SPADES THREE HEARTS QUEEN,0.6454,0.0064,0.3482
SPADES THREE HEARTS JACK,0.6368,0.0026,0.3606
SPADES THREE HEARTS TEN,0.6328,0.005,0.3622
DIAMONDS EIGHT DIAMONDS SEVEN,0.5314,0.003,0.4656
DIAMONDS NINE DIAMONDS SEVEN,0.5418,0.0034,0.4548
DIAMONDS NINE DIAMONDS EIGHT,0.534,0.0052,0.4608
DIAMONDS KING HEARTS TEN,0.5864,0.0026,0.411
HEARTS THREE HEARTS TEN,0.5974,0.004,0.3986
DIAMONDS KING HEARTS JACK,0.5576,0.0036,0.4388
HEARTS THREE HEARTS JACK,0.5928,0.004,0.4032
SPADES JACK SPADES FIVE,0.604,0.0048,0.3912
SPADES TEN SPADES FIVE,0.6074,0.0042,0.3884
DIAMONDS KING HEARTS ACE,0.254,0.0428,0.7032
HEARTS THREE HEARTS ACE,0.3674,0.347,0.2856
DIAMONDS KING HEARTS QUEEN,0.575,0.0032,0.4218
HEARTS THREE HEARTS QUEEN,0.5928,0.005,0.4022
DIAMONDS KING HEARTS KING,0.2902,0.0034,0.7064
HEARTS THREE HEARTS KING,0.5908,0.0036,0.4056
SPADES NINE HEARTS TEN,0.5612,0.0028,0.436
SPADES NINE HEARTS JACK,0.5686,0.0032,0.4282
SPADES QUEEN SPADES FIVE,0.6082,0.0052,0.3866
SPADES KING SPADES FIVE,0.6004,0.006,0.3936
SPADES NINE HEARTS QUEEN,0.5764,0.0046,0.419
SPADES NINE HEARTS KING,0.5872,0.0046,0.4082
SPADES NINE HEARTS ACE,0.2266,0.1742,0.5992
CLUBS TEN SPADES JACK,0.5406,0.0048,0.4546
CLUBS TEN SPADES TEN,0.3158,0.0036,0.6806
SPADES KING CLUBS TEN,0.5648,0.0038,0.4314
SPADES QUEEN CLUBS TEN,0.5612,0.0044,0.4344
SPADES FIVE HEARTS QUEEN,0.6558,0.0036,0.3406
SPADES FIVE HEARTS KING,0.644,0.0046,0.3514
SPADES FIVE HEARTS ACE,0.3732,0.3912,0.2356
HEARTS THREE SPADES JACK,0.6462,0.0052,0.3486
SPADES JACK DIAMONDS KING,0.5724,0.0032,0.4244
SPADES TEN CLUBS EIGHT,0.5748,0.0042,0.421
SPADES JACK CLUBS EIGHT,0.5696,0.004,0.4264
HEARTS THREE SPADES TEN,0.6452,0.0046,0.3502
SPADES TEN DIAMONDS KING,0.5726,0.0032,0.4242
HEARTS FIVE CLUBS JACK,0.6412,0.0036,0.3552
CLUBS TEN HEARTS FIVE,0.6422,0.0032,0.3546
SPADES QUEEN CLUBS EIGHT,0.5886,0.0052,0.4062
CLUBS TEN SPADES THREE,0.636,0.0058,0.3582
SPADES KING CLUBS EIGHT,0.6144,0.0036,0.382
SPADES THREE CLUBS JACK,0.6192,0.0046,0.3762
DIAMONDS TWO HEARTS JACK,0.6256,0.0042,0.3702
SPADES THREE CLUBS QUEEN,0.6386,0.006,0.3554
DIAMONDS TWO HEARTS TEN,0.6222,0.0054,0.3724
SPADES THREE CLUBS KING,0.6442,0.0062,0.3496
HEARTS FIVE CLUBS ACE,0.3634,0.3856,0.251
SPADES FIVE HEARTS TEN,0.6212,0.0038,0.375
SPADES THREE CLUBS ACE,0.3836,0.382,0.2344
HEARTS FIVE CLUBS KING,0.6346,0.0042,0.3612
SPADES FIVE HEARTS JACK,0.6332,0.0032,0.3636
HEARTS FIVE CLUBS QUEEN,0.6178,0.0056,0.3766
HEARTS THREE CLUBS KING,0.6338,0.0066,0.3596
DIAMONDS KING CLUBS KING,0.27,0.0026,0.7274
HEARTS THREE CLUBS QUEEN,0.6302,0.0044,0.3654
DIAMONDS KING CLUBS QUEEN,0.5724,0.004,0.4236
HEARTS FIVE HEARTS JACK,0.595,0.0034,0.4016
HEARTS FIVE HEARTS TEN,0.6058,0.0018,0.3924
HEARTS THREE CLUBS ACE,0.3692,0.3928,0.238
DIAMONDS KING CLUBS ACE,0.2358,0.0466,0.7176
SPADES KING CLUBS QUEEN,0.5666,0.0054,0.428
HEARTS THREE CLUBS JACK,0.627,0.0052,0.3678
DIAMONDS KING CLUBS JACK,0.5624,0.0046,0.433
SPADES QUEEN CLUBS QUEEN,0.3006,0.0052,0.6942
CLUBS TEN HEARTS THREE,0.6368,0.005,0.3582
CLUBS TEN DIAMONDS KING,0.568,0.0054,0.4266
SPADES JACK CLUBS QUEEN,0.568,0.0034,0.4286
SPADES TEN CLUBS QUEEN,0.5514,0.0058,0.4428
HEARTS FIVE HEARTS KING,0.5926,0.004,0.4034
HEARTS FIVE HEARTS QUEEN,0.5984,0.004,0.3976
HEARTS FIVE HEARTS ACE,0.3456,0.3626,0.2918
SPADES SEVEN HEARTS JACK,0.5968,0.003,0.4002
SPADES SEVEN HEARTS TEN,0.59,0.0036,0.4064
DIAMONDS TWO CLUBS TWO,0.4594,0.0072,0.5334
DIAMONDS TWO CLUBS THREE,0.664,0.0036,0.3324
HEARTS SIX DIAMONDS TWO,0.738,0.0292,0.2328
DIAMONDS TWO HEARTS QUEEN,0.643,0.0042,0.3528
DIAMONDS TWO HEARTS SEVEN,0.6356,0.0026,0.3618
DIAMONDS TWO HEARTS KING,0.6354,0.0048,0.3598
DIAMONDS TWO HEARTS EIGHT,0.6376,0.0056,0.3568
DIAMONDS TWO HEARTS ACE,0.385,0.3736,0.2414
DIAMONDS TWO HEARTS NINE,0.6408,0.0026,0.3566
DIAMONDS TWO DIAMONDS QUEEN,0.588,0.0038,0.4082
DIAMONDS TWO HEARTS TWO,0.4736,0.0056,0.5208
DIAMONDS TWO DIAMONDS KING,0.5854,0.0036,0.411
HEARTS THREE DIAMONDS TWO,0.6496,0.0052,0.3452
DIAMONDS TWO DIAMONDS ACE,0.3566,0.3588,0.2846
HEARTS FOUR DIAMONDS TWO,0.6518,0.006,0.3422
DIAMONDS TWO HEARTS FIVE,0.6426,0.0064,0.351
SPADES SEVEN HEARTS ACE,0.2352,0.2974,0.4674
DIAMONDS TWO DIAMONDS TEN,0.5956,0.0038,0.4006
SPADES SEVEN HEARTS KING,0.6136,0.0048,0.3816
DIAMONDS TWO DIAMONDS JACK,0.6044,0.0034,0.3922
SPADES SEVEN HEARTS QUEEN,0.6162,0.0046,0.3792
DIAMONDS TWO SPADES NINE,0.6406,0.0038,0.3556
DIAMONDS TWO SPADES EIGHT,0.6308,0.0042,0.365
DIAMONDS TWO SPADES SEVEN,0.643,0.0032,0.3538
DIAMONDS TWO SPADES SIX,0.7462,0.0284,0.2254
DIAMONDS TWO SPADES FIVE,0.6576,0.005,0.3374
DIAMONDS TWO SPADES FOUR,0.6514,0.0068,0.3418
DIAMONDS TWO SPADES THREE,0.6566,0.006,0.3374
DIAMONDS TWO SPADES TWO,0.46,0.0046,0.5354
CLUBS NINE DIAMONDS TWO,0.6308,0.0044,0.3648
DIAMONDS TWO CLUBS EIGHT,0.641,0.0032,0.3558
CLUBS SEVEN DIAMONDS TWO,0.6382,0.006,0.3558
DIAMONDS TWO CLUBS FIVE,0.6514,0.0046,0.344
DIAMONDS TWO CLUBS FOUR,0.6516,0.006,0.3424
CLUBS FOUR SPADES FIVE,0.6192,0.0038,0.377
CLUBS FOUR SPADES FOUR,0.4528,0.007,0.5402
CLUBS FOUR SPADES THREE,0.642,0.004,0.354
CLUBS FOUR SPADES TWO,0.6586,0.0046,0.3368
SPADES NINE CLUBS FOUR,0.6516,0.0054,0.343
CLUBS FOUR SPADES EIGHT,0.6392,0.0062,0.3546
CLUBS FOUR SPADES SEVEN,0.6244,0.0046,0.371
CLUBS FOUR SPADES SIX,0.7276,0.0248,0.2476
SPADES QUEEN DIAMONDS SIX,0.7458,0.0308,0.2234
SPADES KING DIAMONDS SIX,0.7364,0.0296,0.234
SPADES TEN DIAMONDS SIX,0.7242,0.024,0.2518
SPADES JACK DIAMONDS SIX,0.7408,0.0198,0.2394
SPADES QUEEN SPADES TWO,0.5942,0.0044,0.4014
SPADES KING SPADES TWO,0.6108,0.0052,0.384
DIAMONDS JACK CLUBS JACK,0.2908,0.0042,0.705
CLUBS TEN DIAMONDS JACK,0.5466,0.0032,0.4502
DIAMONDS JACK CLUBS KING,0.5602,0.0046,0.4352
DIAMONDS JACK CLUBS QUEEN,0.5578,0.0036,0.4386
DIAMONDS THREE DIAMONDS JACK,0.587,0.0036,0.4094
DIAMONDS THREE DIAMONDS TEN,0.5918,0.004,0.4042
DIAMONDS JACK CLUBS ACE,0.2224,0.09,0.6876
DIAMONDS THREE DIAMONDS KING,0.599,0.0042,0.3968
HEARTS THREE DIAMONDS THREE,0.4496,0.0064,0.544
DIAMONDS THREE DIAMONDS QUEEN,0.5866,0.0032,0.4102
DIAMONDS THREE HEARTS TWO,0.6428,0.0064,0.3508
HEARTS FIVE DIAMONDS THREE,0.6396,0.005,0.3554
DIAMONDS THREE DIAMONDS ACE,0.3556,0.354,0.2904
HEARTS FOUR DIAMONDS THREE,0.6156,0.005,0.3794
DIAMONDS THREE HEARTS SEVEN,0.638,0.0036,0.3584
SPADES TEN SPADES NINE,0.5446,0.0038,0.4516
HEARTS SIX DIAMONDS THREE,0.721,0.0294,0.2496
SPADES JACK SPADES NINE,0.5256,0.0048,0.4696
DIAMONDS THREE HEARTS NINE,0.64,0.0018,0.3582
HEARTS JACK DIAMONDS FOUR,0.6268,0.0048,0.3684
HEARTS KING HEARTS ACE,0.236,0.0422,0.7218
SPADES TEN SPADES TWO,0.6134,0.0044,0.3822
DIAMONDS THREE HEARTS EIGHT,0.6476,0.0034,0.349
HEARTS TEN DIAMONDS FOUR,0.6302,0.0032,0.3666
SPADES JACK SPADES TWO,0.602,0.0052,0.3928
HEARTS QUEEN DIAMONDS FOUR,0.642,0.0036,0.3544
HEARTS KING DIAMONDS FOUR,0.6326,0.0042,0.3632
HEARTS ACE DIAMONDS FOUR,0.3656,0.3766,0.2578
SPADES KING SPADES NINE,0.567,0.0042,0.4288
SPADES QUEEN SPADES NINE,0.5566,0.0048,0.4386
DIAMONDS THREE SPADES NINE,0.6534,0.004,0.3426
DIAMONDS THREE SPADES EIGHT,0.6488,0.0042,0.347
DIAMONDS THREE SPADES SEVEN,0.6548,0.0058,0.3394
DIAMONDS THREE SPADES SIX,0.7306,0.0266,0.2428
CLUBS ACE DIAMONDS FOUR,0.3662,0.3808,0.253
CLUBS SEVEN DIAMONDS THREE,0.6364,0.0052,0.3584
CLUBS SEVEN CLUBS FIVE,0.589,0.004,0.407
DIAMONDS THREE CLUBS FOUR,0.6414,0.0034,0.3552
DIAMONDS FOUR CLUBS QUEEN,0.634,0.0046,0.3614
DIAMONDS THREE CLUBS FIVE,0.6382,0.0068,0.355
CLUBS KING DIAMONDS FOUR,0.6356,0.0054,0.359
DIAMONDS THREE CLUBS TWO,0.649,0.0058,0.3452
CLUBS TEN DIAMONDS FOUR,0.6374,0.004,0.3586
DIAMONDS THREE CLUBS THREE,0.4688,0.0064,0.5248
DIAMONDS FOUR CLUBS JACK,0.6298,0.0058,0.3644
DIAMONDS THREE SPADES FOUR,0.6374,0.0068,0.3558
DIAMONDS THREE SPADES FIVE,0.6296,0.0068,0.3636
DIAMONDS THREE SPADES TWO,0.6496,0.006,0.3444
DIAMONDS THREE SPADES THREE,0.4712,0.0034,0.5254
CLUBS EIGHT DIAMONDS THREE,0.636,0.0054,0.3586
CLUBS NINE DIAMONDS THREE,0.6468,0.0056,0.3476
SPADES SEVEN CLUBS ACE,0.2152,0.3014,0.4834
SPADES SEVEN CLUBS QUEEN,0.6012,0.0038,0.395
SPADES SEVEN CLUBS KING,0.6086,0.0044,0.387
CLUBS FIVE SPADES SEVEN,0.6242,0.0044,0.3714
CLUBS TEN SPADES SEVEN,0.5828,0.0046,0.4126
CLUBS FIVE SPADES SIX,0.6912,0.0242,0.2846
SPADES SEVEN CLUBS JACK,0.5908,0.0036,0.4056
SPADES NINE CLUBS FIVE,0.638,0.0032,0.3588
SPADES EIGHT CLUBS FIVE,0.6302,0.005,0.3648
CLUBS FIVE SPADES THREE,0.6408,0.0066,0.3526
CLUBS FIVE SPADES TWO,0.665,0.0046,0.3304
CLUBS FIVE SPADES FIVE,0.4484,0.0048,0.5468
CLUBS FIVE SPADES FOUR,0.6158,0.0064,0.3778
CLUBS NINE CLUBS FIVE,0.5948,0.0048,0.4004
CLUBS EIGHT CLUBS FIVE,0.5958,0.0056,0.3986
CLUBS ACE CLUBS QUEEN,0.2278,0.0604,0.7118
CLUBS KING CLUBS QUEEN,0.5284,0.0056,0.466
DIAMONDS TEN DIAMONDS FOUR,0.5894,0.0044,0.4062
CLUBS TEN DIAMONDS NINE,0.5576,0.0038,0.4386
DIAMONDS JACK DIAMONDS FOUR,0.5982,0.004,0.3978
DIAMONDS NINE CLUBS JACK,0.5584,0.004,0.4376
SPADES NINE CLUBS JACK,0.5566,0.0028,0.4406
CLUBS TEN SPADES NINE,0.5562,0.0032,0.4406
DIAMONDS ACE DIAMONDS FOUR,0.3606,0.3518,0.2876
HEARTS FOUR DIAMONDS FOUR,0.446,0.0048,0.5492
DIAMONDS JACK HEARTS TEN,0.5388,0.003,0.4582
SPADES NINE CLUBS KING,0.5798,0.006,0.4142
DIAMONDS TWO SPADES TEN,0.6394,0.0062,0.3544
DIAMONDS NINE CLUBS ACE,0.2238,0.1774,0.5988
HEARTS FIVE DIAMONDS FOUR,0.6316,0.0036,0.3648
HEARTS JACK DIAMONDS JACK,0.3002,0.0026,0.6972
SPADES NINE CLUBS QUEEN,0.586,0.0044,0.4096
SPADES JACK DIAMONDS TWO,0.6334,0.0062,0.3604
DIAMONDS QUEEN DIAMONDS FOUR,0.5932,0.0032,0.4036
HEARTS TWO DIAMONDS FOUR,0.6454,0.0034,0.3512
DIAMONDS NINE CLUBS QUEEN,0.578,0.005,0.417
DIAMONDS KING DIAMONDS FOUR,0.5868,0.0044,0.4088
HEARTS THREE DIAMONDS FOUR,0.6278,0.0044,0.3678
SPADES NINE CLUBS ACE,0.2196,0.1722,0.6082
DIAMONDS NINE CLUBS KING,0.5894,0.0036,0.407
HEARTS ACE DIAMONDS JACK,0.2386,0.0806,0.6808
DIAMONDS JACK HEARTS QUEEN,0.5662,0.0034,0.4304
SPADES QUEEN DIAMONDS TWO,0.6468,0.0042,0.349
HEARTS KING DIAMONDS JACK,0.5842,0.004,0.4118
SPADES KING DIAMONDS TWO,0.6452,0.0058,0.349
SPADES JACK SPADES SEVEN,0.586,0.0048,0.4092
SPADES TEN SPADES SEVEN,0.5784,0.0034,0.4182
CLUBS SEVEN CLUBS THREE,0.6004,0.0054,0.3942
CLUBS FIVE CLUBS THREE,0.6096,0.0036,0.3868
CLUBS FOUR CLUBS THREE,0.6248,0.0048,0.3704
CLUBS NINE CLUBS THREE,0.619,0.0048,0.3762
CLUBS EIGHT CLUBS THREE,0.6026,0.0036,0.3938
CLUBS THREE SPADES FIVE,0.6416,0.0056,0.3528
CLUBS THREE SPADES FOUR,0.6448,0.004,0.3512
CLUBS THREE SPADES THREE,0.4644,0.0082,0.5274
CLUBS THREE SPADES TWO,0.664,0.0066,0.3294
SPADES SIX CLUBS THREE,0.7218,0.0342,0.244
SPADES SEVEN CLUBS THREE,0.6442,0.0064,0.3494
SPADES EIGHT CLUBS THREE,0.6522,0.0034,0.3444
SPADES NINE CLUBS THREE,0.6456,0.0048,0.3496
SPADES TWO DIAMONDS FOUR,0.6568,0.0042,0.339
SPADES THREE DIAMONDS FOUR,0.6386,0.0048,0.3566
SPADES FOUR DIAMONDS FOUR,0.4552,0.003,0.5418
SPADES FIVE DIAMONDS FOUR,0.6236,0.006,0.3704
SPADES SIX DIAMONDS FOUR,0.7152,0.0286,0.2562
SPADES SEVEN DIAMONDS FOUR,0.6334,0.0042,0.3624
SPADES EIGHT DIAMONDS FOUR,0.6252,0.0032,0.3716
SPADES NINE DIAMONDS FOUR,0.657,0.0042,0.3388
CLUBS FIVE DIAMONDS FOUR,0.618,0.006,0.376
CLUBS FOUR DIAMONDS FOUR,0.4574,0.0064,0.5362
CLUBS SEVEN DIAMONDS FOUR,0.6192,0.0038,0.377
CLUBS NINE DIAMONDS FOUR,0.6438,0.0038,0.3524
CLUBS EIGHT DIAMONDS FOUR,0.6388,0.0042,0.357
DIAMONDS FOUR HEARTS SEVEN,0.6312,0.0026,0.3662
HEARTS SIX DIAMONDS FOUR,0.6976,0.0276,0.2748
HEARTS NINE DIAMONDS FOUR,0.6486,0.0042,0.3472
DIAMONDS FOUR HEARTS EIGHT,0.6382,0.0024,0.3594
CLUBS THREE DIAMONDS FOUR,0.6398,0.0054,0.3548
CLUBS TWO DIAMONDS FOUR,0.6554,0.0044,0.3402
DIAMONDS TEN DIAMONDS FIVE,0.5972,0.0026,0.4002
DIAMONDS JACK DIAMONDS FIVE,0.5862,0.0042,0.4096
DIAMONDS NINE HEARTS QUEEN,0.59,0.0028,0.4072
HEARTS KING DIAMONDS NINE,0.5816,0.0042,0.4142
DIAMONDS NINE HEARTS ACE,0.2264,0.1684,0.6052
DIAMONDS NINE HEARTS TEN,0.5486,0.0018,0.4496
DIAMONDS NINE HEARTS JACK,0.5586,0.0036,0.4378
CLUBS KING DIAMONDS SIX,0.7408,0.0302,0.229
CLUBS QUEEN DIAMONDS SIX,0.7428,0.0256,0.2316
CLUBS ACE DIAMONDS SIX,0.011,0.97,0.019
SPADES KING DIAMONDS FOUR,0.6458,0.0054,0.3488
SPADES QUEEN DIAMONDS FOUR,0.6382,0.0052,0.3566
SPADES QUEEN SPADES SEVEN,0.5976,0.005,0.3974
CLUBS JACK DIAMONDS SIX,0.7194,0.0268,0.2538
SPADES KING SPADES SEVEN,0.587,0.0056,0.4074
CLUBS TEN DIAMONDS SIX,0.7214,0.0224,0.2562
CLUBS NINE CLUBS FOUR,0.5968,0.0054,0.3978
CLUBS EIGHT CLUBS FOUR,0.5906,0.0044,0.405
SPADES JACK DIAMONDS FOUR,0.6318,0.0048,0.3634
SPADES TEN DIAMONDS FOUR,0.6392,0.0044,0.3564
CLUBS FOUR CLUBS FIVE,0.5842,0.0062,0.4096
CLUBS SEVEN CLUBS FOUR,0.5868,0.0066,0.4066
CLUBS SEVEN SPADES EIGHT,0.578,0.0062,0.4158
CLUBS SEVEN SPADES NINE,0.5808,0.003,0.4162
CLUBS SEVEN SPADES SIX,0.6832,0.025,0.2918
CLUBS SEVEN SPADES SEVEN,0.3292,0.0062,0.6646
CLUBS SEVEN SPADES FIVE,0.6246,0.0042,0.3712
CLUBS SEVEN SPADES FOUR,0.6294,0.0056,0.365
CLUBS SEVEN SPADES THREE,0.6454,0.0044,0.3502
CLUBS SEVEN SPADES TWO,0.6516,0.0048,0.3436
CLUBS NINE CLUBS SEVEN,0.5488,0.0038,0.4474
CLUBS SEVEN CLUBS EIGHT,0.5406,0.0042,0.4552
HEARTS SIX DIAMONDS FIVE,0.6822,0.0316,0.2862
DIAMONDS FIVE HEARTS SEVEN,0.6196,0.003,0.3774
DIAMONDS FIVE HEARTS EIGHT,0.6242,0.0032,0.3726
HEARTS NINE DIAMONDS FIVE,0.6268,0.0022,0.371
DIAMONDS QUEEN DIAMONDS FIVE,0.592,0.0042,0.4038
HEARTS TWO DIAMONDS FIVE,0.6476,0.0058,0.3466
HEARTS KING HEARTS EIGHT,0.5642,0.0038,0.432
DIAMONDS KING DIAMONDS FIVE,0.589,0.0042,0.4068
HEARTS THREE DIAMONDS FIVE,0.621,0.003,0.376
HEARTS QUEEN HEARTS EIGHT,0.5416,0.0022,0.4562
DIAMONDS ACE DIAMONDS FIVE,0.3608,0.3502,0.289
HEARTS FOUR DIAMONDS FIVE,0.611,0.0054,0.3836
HEARTS FIVE DIAMONDS FIVE,0.4658,0.0054,0.5288
HEARTS ACE HEARTS EIGHT,0.2046,0.2042,0.5912
CLUBS FOUR DIAMONDS FIVE,0.6216,0.0036,0.3748
CLUBS FIVE DIAMONDS FIVE,0.4586,0.0046,0.5368
CLUBS SEVEN DIAMONDS FIVE,0.5926,0.0052,0.4022
CLUBS TWO DIAMONDS FIVE,0.6526,0.0052,0.3422
CLUBS THREE DIAMONDS FIVE,0.6378,0.005,0.3572
SPADES THREE DIAMONDS FIVE,0.6422,0.006,0.3518
SPADES TWO DIAMONDS FIVE,0.6572,0.0056,0.3372
SPADES JACK DIAMONDS EIGHT,0.5836,0.004,0.4124
SPADES FIVE DIAMONDS FIVE,0.458,0.004,0.538
CLUBS TEN HEARTS JACK,0.5498,0.0058,0.4444
SPADES TEN DIAMONDS EIGHT,0.5654,0.0032,0.4314
SPADES FOUR DIAMONDS FIVE,0.6254,0.0054,0.3692
HEARTS JACK CLUBS JACK,0.2932,0.0034,0.7034
HEARTS JACK CLUBS QUEEN,0.5336,0.0046,0.4618
CLUBS NINE DIAMONDS FIVE,0.6344,0.006,0.3596
HEARTS JACK CLUBS KING,0.5662,0.005,0.4288
CLUBS EIGHT DIAMONDS FIVE,0.6224,0.004,0.3736
HEARTS JACK CLUBS ACE,0.2384,0.0858,0.6758
SPADES SEVEN DIAMONDS FIVE,0.6102,0.0042,0.3856
SPADES KING DIAMONDS EIGHT,0.6078,0.0028,0.3894
SPADES SIX DIAMONDS FIVE,0.6902,0.026,0.2838
SPADES QUEEN DIAMONDS EIGHT,0.5962,0.0034,0.4004
SPADES NINE DIAMONDS FIVE,0.633,0.0044,0.3626
SPADES EIGHT DIAMONDS FIVE,0.6312,0.0034,0.3654
DIAMONDS TEN DIAMONDS SIX,0.6724,0.0218,0.3058
HEARTS ACE DIAMONDS SEVEN,0.2296,0.2948,0.4756
DIAMONDS JACK DIAMONDS SIX,0.6804,0.0266,0.293
HEARTS QUEEN DIAMONDS SEVEN,0.6018,0.0056,0.3926
HEARTS KING DIAMONDS SEVEN,0.6134,0.0032,0.3834
DIAMONDS ACE DIAMONDS SIX,0.022,0.906,0.072
HEARTS FOUR DIAMONDS SIX,0.702,0.0306,0.2674
HEARTS JACK SPADES TWO,0.6446,0.0036,0.3518
HEARTS FIVE DIAMONDS SIX,0.685,0.0252,0.2898
SPADES TWO HEARTS TEN,0.6402,0.0038,0.356
DIAMONDS QUEEN DIAMONDS SIX,0.6928,0.028,0.2792
HEARTS TWO DIAMONDS SIX,0.7388,0.0294,0.2318
DIAMONDS KING DIAMONDS SIX,0.6852,0.0294,0.2854
HEARTS THREE DIAMONDS SIX,0.7156,0.0304,0.254
HEARTS EIGHT DIAMONDS SIX,0.696,0.0238,0.2802
HEARTS NINE DIAMONDS SIX,0.7094,0.0228,0.2678
HEARTS SIX DIAMONDS SIX,0.318,0.0262,0.6558
HEARTS SEVEN DIAMONDS SIX,0.6874,0.022,0.2906
HEARTS TEN DIAMONDS SEVEN,0.5778,0.0024,0.4198
CLUBS TWO DIAMONDS SIX,0.741,0.032,0.227
HEARTS JACK DIAMONDS SEVEN,0.6086,0.0014,0.39
CLUBS THREE DIAMONDS SIX,0.7262,0.0288,0.245
CLUBS SEVEN DIAMONDS SIX,0.6816,0.0208,0.2976
DIAMONDS EIGHT CLUBS JACK,0.5712,0.0044,0.4244
CLUBS TEN DIAMONDS EIGHT,0.5692,0.0044,0.4264
CLUBS FIVE DIAMONDS SIX,0.686,0.0238,0.2902
CLUBS FOUR DIAMONDS SIX,0.7064,0.027,0.2666
HEARTS ACE HEARTS JACK,0.227,0.0798,0.6932
DIAMONDS EIGHT CLUBS ACE,0.214,0.2244,0.5616
HEARTS JACK HEARTS QUEEN,0.5312,0.0032,0.4656
DIAMONDS EIGHT CLUBS KING,0.5872,0.003,0.4098
CLUBS NINE DIAMONDS SIX,0.7114,0.0222,0.2664
HEARTS KING HEARTS JACK,0.5348,0.0036,0.4616
DIAMONDS EIGHT CLUBS QUEEN,0.5828,0.0034,0.4138
CLUBS EIGHT DIAMONDS SIX,0.7006,0.0208,0.2786
SPADES TEN HEARTS KING,0.5746,0.005,0.4204
SPADES FIVE DIAMONDS SIX,0.7062,0.0298,0.264
HEARTS ACE SPADES TWO,0.3712,0.3852,0.2436
SPADES JACK HEARTS KING,0.5684,0.0026,0.429
SPADES FOUR DIAMONDS SIX,0.6998,0.032,0.2682
SPADES THREE DIAMONDS SIX,0.7268,0.029,0.2442
SPADES TWO HEARTS QUEEN,0.6462,0.0034,0.3504
HEARTS KING SPADES TWO,0.6326,0.0044,0.363
SPADES TWO DIAMONDS SIX,0.7326,0.0304,0.237
HEARTS TEN HEARTS EIGHT,0.5294,0.0024,0.4682
SPADES NINE DIAMONDS SIX,0.7128,0.023,0.2642
HEARTS JACK HEARTS EIGHT,0.5324,0.003,0.4646
SPADES EIGHT DIAMONDS SIX,0.7044,0.0212,0.2744
SPADES SEVEN DIAMONDS SIX,0.6948,0.0198,0.2854
SPADES SIX DIAMONDS SIX,0.3068,0.0246,0.6686
SPADES KING HEARTS KING,0.2836,0.0032,0.7132
SPADES QUEEN HEARTS KING,0.573,0.0036,0.4234
CLUBS ACE CLUBS KING,0.2496,0.0416,0.7088
SPADES QUEEN HEARTS JACK,0.5638,0.0052,0.431
SPADES KING HEARTS JACK,0.5734,0.0034,0.4232
SPADES TEN DIAMONDS TEN,0.3166,0.0036,0.6798
SPADES JACK DIAMONDS TEN,0.5534,0.003,0.4436
SPADES JACK HEARTS JACK,0.3178,0.004,0.6782
SPADES TEN HEARTS JACK,0.5492,0.0046,0.4462
SPADES QUEEN DIAMONDS TEN,0.5744,0.0038,0.4218
SPADES KING DIAMONDS TEN,0.5798,0.0046,0.4156
SPADES NINE DIAMONDS SEVEN,0.5936,0.0028,0.4036
SPADES EIGHT DIAMONDS SEVEN,0.5666,0.0022,0.4312
SPADES SEVEN DIAMONDS SEVEN,0.3552,0.0034,0.6414
SPADES SIX DIAMONDS SEVEN,0.692,0.0214,0.2866
DIAMONDS KING DIAMONDS SEVEN,0.5588,0.0034,0.4378
HEARTS THREE DIAMONDS SEVEN,0.6426,0.002,0.3554
HEARTS KING DIAMONDS FIVE,0.6324,0.0034,0.3642
DIAMONDS QUEEN DIAMONDS SEVEN,0.5614,0.0034,0.4352
HEARTS TWO DIAMONDS SEVEN,0.6528,0.0044,0.3428
HEARTS QUEEN DIAMONDS FIVE,0.639,0.0048,0.3562
HEARTS FIVE DIAMONDS SEVEN,0.6078,0.0018,0.3904
DIAMONDS ACE DIAMONDS SEVEN,0.2222,0.2776,0.5002
HEARTS FOUR DIAMONDS SEVEN,0.6278,0.0038,0.3684
HEARTS ACE DIAMONDS FIVE,0.3754,0.3842,0.2404
HEARTS SEVEN DIAMONDS SEVEN,0.3448,0.0032,0.652
HEARTS SIX DIAMONDS SEVEN,0.6748,0.0196,0.3056
HEARTS NINE DIAMONDS SEVEN,0.579,0.0034,0.4176
DIAMONDS SEVEN HEARTS EIGHT,0.5892,0.0034,0.4074
DIAMONDS JACK DIAMONDS SEVEN,0.566,0.0022,0.4318
HEARTS JACK DIAMONDS FIVE,0.6204,0.0036,0.376
DIAMONDS TEN DIAMONDS SEVEN,0.5538,0.0048,0.4414
DIAMONDS FIVE HEARTS TEN,0.6276,0.0036,0.3688
SPADES KING CLUBS TWO,0.6478,0.0048,0.3474
HEARTS KING CLUBS KING,0.273,0.003,0.724
CLUBS EIGHT DIAMONDS SEVEN,0.5594,0.0036,0.437
SPADES QUEEN CLUBS TWO,0.6514,0.0048,0.3438
HEARTS KING CLUBS QUEEN,0.5696,0.0048,0.4256
CLUBS NINE DIAMONDS SEVEN,0.584,0.0036,0.4124
SPADES TWO CLUBS JACK,0.6328,0.006,0.3612
CLUBS TEN SPADES TWO,0.6324,0.0042,0.3634
HEARTS KING CLUBS ACE,0.2398,0.0488,0.7114
SPADES TWO CLUBS KING,0.6402,0.0062,0.3536
SPADES TWO DIAMONDS SEVEN,0.662,0.0044,0.3336
SPADES THREE DIAMONDS SEVEN,0.6326,0.0078,0.3596
SPADES TWO CLUBS QUEEN,0.6342,0.0034,0.3624
SPADES FOUR DIAMONDS SEVEN,0.6252,0.0044,0.3704
HEARTS KING CLUBS JACK,0.562,0.0044,0.4336
SPADES FIVE DIAMONDS SEVEN,0.6214,0.004,0.3746
SPADES TWO CLUBS ACE,0.3786,0.3804,0.241
CLUBS TEN HEARTS KING,0.573,0.0036,0.4234
CLUBS TWO DIAMONDS SEVEN,0.6532,0.0038,0.343
CLUBS THREE DIAMONDS SEVEN,0.6466,0.0044,0.349
CLUBS FOUR DIAMONDS SEVEN,0.6038,0.0058,0.3904
CLUBS FIVE DIAMONDS SEVEN,0.621,0.0054,0.3736
SPADES JACK CLUBS TWO,0.653,0.0054,0.3416
CLUBS SEVEN DIAMONDS SEVEN,0.3332,0.0036,0.6632
SPADES TEN CLUBS TWO,0.6398,0.007,0.3532
CLUBS TWO CLUBS QUEEN,0.5992,0.0056,0.3952
CLUBS TWO CLUBS KING,0.596,0.0044,0.3996
CLUBS THREE DIAMONDS EIGHT,0.6426,0.007,0.3504
CLUBS TWO CLUBS ACE,0.3574,0.3684,0.2742
CLUBS TWO DIAMONDS EIGHT,0.6456,0.003,0.3514
DIAMONDS EIGHT HEARTS SEVEN,0.573,0.0016,0.4254
HEARTS SIX DIAMONDS EIGHT,0.6976,0.0176,0.2848
DIAMONDS EIGHT HEARTS NINE,0.5664,0.002,0.4316
CLUBS TEN CLUBS TWO,0.6014,0.0052,0.3934
DIAMONDS EIGHT HEARTS EIGHT,0.3358,0.0028,0.6614
CLUBS TWO CLUBS JACK,0.6056,0.0064,0.388
CLUBS NINE DIAMONDS EIGHT,0.5688,0.0048,0.4264
CLUBS EIGHT DIAMONDS EIGHT,0.3128,0.0042,0.683
CLUBS FIVE DIAMONDS EIGHT,0.6184,0.0036,0.378
CLUBS FOUR DIAMONDS EIGHT,0.6272,0.0052,0.3676
CLUBS SEVEN DIAMONDS EIGHT,0.5734,0.004,0.4226
SPADES QUEEN SPADES THREE,0.6102,0.0056,0.3842
SPADES KING SPADES THREE,0.6084,0.0048,0.3868
DIAMONDS QUEEN DIAMONDS EIGHT,0.5586,0.0038,0.4376
HEARTS TWO DIAMONDS EIGHT,0.628,0.0048,0.3672
DIAMONDS KING DIAMONDS EIGHT,0.5778,0.0044,0.4178
HEARTS THREE DIAMONDS EIGHT,0.6498,0.005,0.3452
DIAMONDS ACE DIAMONDS EIGHT,0.2098,0.211,0.5792
HEARTS FOUR DIAMONDS EIGHT,0.6224,0.0034,0.3742
HEARTS FIVE DIAMONDS EIGHT,0.6212,0.0032,0.3756
DIAMONDS EIGHT DIAMONDS TEN,0.5412,0.0038,0.455
DIAMONDS EIGHT DIAMONDS JACK,0.5398,0.0034,0.4568
SPADES JACK SPADES THREE,0.604,0.006,0.39
SPADES TEN SPADES THREE,0.6006,0.0048,0.3946
CLUBS FOUR HEARTS ACE,0.366,0.3844,0.2496
CLUBS FOUR HEARTS QUEEN,0.6458,0.0038,0.3504
CLUBS FOUR HEARTS KING,0.6434,0.0036,0.353
SPADES FOUR DIAMONDS EIGHT,0.6346,0.0068,0.3586
SPADES FIVE DIAMONDS EIGHT,0.6304,0.0056,0.364
DIAMONDS EIGHT SPADES TWO,0.6598,0.0036,0.3366
DIAMONDS EIGHT SPADES THREE,0.6404,0.0052,0.3544
CLUBS FOUR HEARTS JACK,0.6398,0.0042,0.356
SPADES EIGHT DIAMONDS EIGHT,0.3344,0.0036,0.662
SPADES JACK HEARTS EIGHT,0.5746,0.004,0.4214
SPADES TEN HEARTS TWO,0.641,0.0064,0.3526
SPADES TEN DIAMONDS QUEEN,0.5646,0.0038,0.4316
CLUBS FOUR HEARTS TEN,0.6418,0.0048,0.3534
SPADES NINE DIAMONDS EIGHT,0.5798,0.0038,0.4164
SPADES JACK HEARTS TWO,0.6442,0.0046,0.3512
SPADES JACK DIAMONDS QUEEN,0.5696,0.0038,0.4266
SPADES TEN HEARTS EIGHT,0.575,0.0034,0.4216
SPADES SIX DIAMONDS EIGHT,0.6962,0.0226,0.2812
SPADES SEVEN DIAMONDS EIGHT,0.5692,0.004,0.4268
SPADES QUEEN DIAMONDS QUEEN,0.2898,0.0034,0.7068
SPADES QUEEN HEARTS TWO,0.63,0.0036,0.3664
SPADES KING HEARTS EIGHT,0.6088,0.0042,0.387
SPADES QUEEN HEARTS EIGHT,0.595,0.0024,0.4026
SPADES KING HEARTS TWO,0.6474,0.0044,0.3482
SPADES KING DIAMONDS QUEEN,0.571,0.0044,0.4246
CLUBS TWO HEARTS TEN,0.6418,0.0056,0.3526
CLUBS TWO HEARTS JACK,0.6342,0.0034,0.3624
SPADES SEVEN DIAMONDS NINE,0.586,0.0044,0.4096
SPADES SIX DIAMONDS NINE,0.7238,0.0226,0.2536
SPADES NINE DIAMONDS NINE,0.3252,0.0034,0.6714
SPADES EIGHT DIAMONDS NINE,0.5662,0.0036,0.4302
SPADES TEN CLUBS KING,0.564,0.0038,0.4322
DIAMONDS NINE SPADES THREE,0.6352,0.0036,0.3612
SPADES JACK CLUBS KING,0.5722,0.0038,0.424
DIAMONDS NINE SPADES TWO,0.6338,0.004,0.3622
SPADES FIVE DIAMONDS NINE,0.6398,0.005,0.3552
DIAMONDS NINE SPADES FOUR,0.647,0.0034,0.3496
CLUBS NINE DIAMONDS NINE,0.3122,0.0042,0.6836
CLUBS EIGHT DIAMONDS NINE,0.5672,0.003,0.4298
SPADES JACK CLUBS FOUR,0.638,0.0054,0.3566
CLUBS SEVEN DIAMONDS NINE,0.5776,0.0038,0.4186
SPADES TEN CLUBS FOUR,0.6286,0.0066,0.3648
CLUBS FOUR DIAMONDS NINE,0.6472,0.0044,0.3484
CLUBS FIVE DIAMONDS NINE,0.6266,0.006,0.3674
CLUBS TWO DIAMONDS NINE,0.649,0.004,0.347
CLUBS THREE DIAMONDS NINE,0.6404,0.0042,0.3554
DIAMONDS NINE HEARTS EIGHT,0.5778,0.002,0.4202
DIAMONDS NINE HEARTS NINE,0.3248,0.0028,0.6724
HEARTS SIX DIAMONDS NINE,0.7092,0.0234,0.2674
DIAMONDS NINE HEARTS SEVEN,0.5816,0.0038,0.4146
CLUBS NINE CLUBS EIGHT,0.53,0.0042,0.4658
DIAMONDS ACE DIAMONDS NINE,0.2136,0.1614,0.625
HEARTS FOUR DIAMONDS NINE,0.6422,0.0034,0.3544
HEARTS FIVE DIAMONDS NINE,0.6324,0.0044,0.3632
CLUBS TWO HEARTS ACE,0.3816,0.3786,0.2398
DIAMONDS QUEEN DIAMONDS NINE,0.5488,0.0026,0.4486
HEARTS TWO DIAMONDS NINE,0.6376,0.0024,0.36
CLUBS TWO HEARTS KING,0.6366,0.0056,0.3578
SPADES KING CLUBS FOUR,0.648,0.0054,0.3466
DIAMONDS KING DIAMONDS NINE,0.546,0.0028,0.4512
HEARTS THREE DIAMONDS NINE,0.64,0.0046,0.3554
CLUBS TWO HEARTS QUEEN,0.6496,0.005,0.3454
SPADES QUEEN CLUBS FOUR,0.6458,0.0046,0.3496
DIAMONDS NINE DIAMONDS JACK,0.5268,0.0016,0.4716
CLUBS EIGHT SPADES NINE,0.5678,0.0034,0.4288
DIAMONDS NINE DIAMONDS TEN,0.5268,0.0028,0.4704
CLUBS EIGHT SPADES EIGHT,0.3416,0.004,0.6544
CLUBS EIGHT SPADES SEVEN,0.5558,0.0044,0.4398
CLUBS EIGHT SPADES SIX,0.6956,0.0248,0.2796
CLUBS EIGHT SPADES FIVE,0.6284,0.006,0.3656
CLUBS EIGHT SPADES FOUR,0.6256,0.0068,0.3676
CLUBS EIGHT SPADES THREE,0.6362,0.004,0.3598
CLUBS EIGHT SPADES TWO,0.6512,0.0064,0.3424
HEARTS SIX DIAMONDS TEN,0.7104,0.022,0.2676
DIAMONDS TEN HEARTS SEVEN,0.5852,0.0042,0.4106
DIAMONDS TEN HEARTS EIGHT,0.5644,0.0024,0.4332
CLUBS FOUR CLUBS JACK,0.599,0.0058,0.3952
DIAMONDS TEN HEARTS NINE,0.5532,0.0036,0.4432
CLUBS TEN CLUBS FOUR,0.6022,0.0054,0.3924
CLUBS FOUR CLUBS KING,0.6018,0.005,0.3932
CLUBS FOUR CLUBS QUEEN,0.6182,0.0036,0.3782
CLUBS TWO DIAMONDS TEN,0.643,0.0046,0.3524
CLUBS THREE DIAMONDS TEN,0.6402,0.005,0.3548
CLUBS FOUR CLUBS ACE,0.3714,0.3542,0.2744
DIAMONDS JACK DIAMONDS TEN,0.5088,0.003,0.4882
DIAMONDS QUEEN DIAMONDS TEN,0.5386,0.0044,0.457
HEARTS TWO DIAMONDS TEN,0.6348,0.0038,0.3614
DIAMONDS KING DIAMONDS TEN,0.5398,0.0046,0.4556
HEARTS THREE DIAMONDS TEN,0.6196,0.004,0.3764
DIAMONDS ACE DIAMONDS TEN,0.2158,0.1122,0.672
HEARTS FOUR DIAMONDS TEN,0.6306,0.0032,0.3662
CLUBS EIGHT HEARTS JACK,0.5742,0.0036,0.4222
HEARTS FIVE DIAMONDS TEN,0.6422,0.0042,0.3536
CLUBS EIGHT HEARTS TEN,0.5822,0.0032,0.4146
CLUBS EIGHT HEARTS QUEEN,0.5976,0.0044,0.398
CLUBS EIGHT HEARTS KING,0.5978,0.0026,0.3996
CLUBS EIGHT HEARTS ACE,0.2208,0.2336,0.5456
CLUBS NINE SPADES THREE,0.6336,0.0052,0.3612
CLUBS NINE SPADES TWO,0.6456,0.004,0.3504
CLUBS NINE SPADES FIVE,0.6246,0.0054,0.37
CLUBS NINE SPADES FOUR,0.6582,0.0054,0.3364
CLUBS NINE SPADES SEVEN,0.5848,0.0058,0.4094
CLUBS NINE SPADES SIX,0.7188,0.0274,0.2538
CLUBS NINE SPADES NINE,0.3242,0.0052,0.6706
CLUBS TEN HEARTS EIGHT,0.5636,0.004,0.4324
CLUBS NINE SPADES EIGHT,0.5652,0.0058,0.429
CLUBS JACK HEARTS EIGHT,0.5702,0.0036,0.4262
CLUBS QUEEN HEARTS EIGHT,0.5832,0.0028,0.414
CLUBS KING HEARTS EIGHT,0.6136,0.003,0.3834
CLUBS ACE HEARTS EIGHT,0.2234,0.215,0.5616
SPADES KING CLUBS KING,0.2764,0.004,0.7196
SPADES QUEEN CLUBS KING,0.572,0.0042,0.4238
DIAMONDS ACE HEARTS TEN,0.228,0.1046,0.6674
HEARTS FOUR HEARTS TEN,0.605,0.0046,0.3904
DIAMONDS ACE HEARTS JACK,0.2426,0.0846,0.6728
HEARTS FOUR HEARTS JACK,0.598,0.004,0.398
SPADES KING CLUBS FIVE,0.6496,0.0046,0.3458
SPADES QUEEN CLUBS FIVE,0.6332,0.0042,0.3626
DIAMONDS JACK HEARTS SEVEN,0.59,0.0036,0.4064
HEARTS SIX DIAMONDS JACK,0.7376,0.0242,0.2382
DIAMONDS JACK HEARTS NINE,0.5664,0.0046,0.429
DIAMONDS JACK HEARTS EIGHT,0.571,0.0038,0.4252
DIAMONDS KING DIAMONDS JACK,0.5466,0.0024,0.451
HEARTS THREE DIAMONDS JACK,0.6216,0.0052,0.3732
SPADES FOUR HEARTS ACE,0.3806,0.3726,0.2468
DIAMONDS QUEEN DIAMONDS JACK,0.5208,0.0026,0.4766
HEARTS TWO DIAMONDS JACK,0.6474,0.0044,0.3482
HEARTS FIVE DIAMONDS JACK,0.626,0.0038,0.3702
SPADES QUEEN SPADES SIX,0.7108,0.0304,0.2588
SPADES FOUR HEARTS QUEEN,0.6384,0.0044,0.3572
DIAMONDS ACE DIAMONDS JACK,0.236,0.0796,0.6844
HEARTS FOUR DIAMONDS JACK,0.626,0.0032,0.3708
SPADES KING SPADES SIX,0.701,0.0322,0.2668
HEARTS KING SPADES FOUR,0.6344,0.0034,0.3622
SPADES TEN SPADES SIX,0.7,0.022,0.278
SPADES JACK SPADES SIX,0.702,0.0294,0.2686
SPADES FOUR DIAMONDS JACK,0.6442,0.0056,0.3502
SPADES FIVE DIAMONDS JACK,0.63,0.005,0.365
DIAMONDS JACK SPADES TWO,0.6312,0.0042,0.3646
SPADES THREE DIAMONDS JACK,0.639,0.0042,0.3568
SPADES QUEEN DIAMONDS THREE,0.6416,0.007,0.3514
CLUBS EIGHT DIAMONDS JACK,0.5814,0.0042,0.4144
SPADES KING DIAMONDS THREE,0.6386,0.004,0.3574
CLUBS NINE DIAMONDS JACK,0.5582,0.0044,0.4374
CLUBS SEVEN DIAMONDS JACK,0.5814,0.0038,0.4148
CLUBS FOUR DIAMONDS JACK,0.64,0.0058,0.3542
CLUBS FIVE DIAMONDS JACK,0.6246,0.005,0.3704
CLUBS TWO DIAMONDS JACK,0.641,0.005,0.354
CLUBS THREE DIAMONDS JACK,0.6486,0.0034,0.348
SPADES JACK HEARTS SIX,0.736,0.0276,0.2364
SPADES TEN CLUBS FIVE,0.6364,0.004,0.3596
SPADES JACK CLUBS FIVE,0.6318,0.0054,0.3628
HEARTS SIX SPADES TEN,0.7264,0.0256,0.248
SPADES JACK DIAMONDS THREE,0.6336,0.0044,0.362
CLUBS SEVEN CLUBS ACE,0.2164,0.2826,0.501
SPADES TEN DIAMONDS THREE,0.6448,0.0048,0.3504
CLUBS SEVEN CLUBS QUEEN,0.5814,0.0042,0.4144
CLUBS SEVEN CLUBS KING,0.57,0.0054,0.4246
SPADES NINE DIAMONDS JACK,0.5716,0.0022,0.4262
CLUBS TEN CLUBS SEVEN,0.5662,0.0044,0.4294
DIAMONDS ACE HEARTS ACE,0.0626,0.0114,0.926
HEARTS FOUR HEARTS ACE,0.3512,0.3568,0.292
SPADES EIGHT DIAMONDS JACK,0.582,0.0036,0.4144
CLUBS SEVEN CLUBS JACK,0.5602,0.0044,0.4354
DIAMONDS ACE HEARTS KING,0.2574,0.0406,0.702
HEARTS FOUR HEARTS KING,0.5998,0.005,0.3952
SPADES SEVEN DIAMONDS JACK,0.5968,0.0032,0.4
SPADES KING HEARTS SIX,0.749,0.0244,0.2266
DIAMONDS ACE HEARTS QUEEN,0.2454,0.0558,0.6988
HEARTS FOUR HEARTS QUEEN,0.6006,0.004,0.3954
SPADES SIX DIAMONDS JACK,0.744,0.0216,0.2344
SPADES QUEEN HEARTS SIX,0.7454,0.0294,0.2252
SPADES TWO DIAMONDS TEN,0.6352,0.004,0.3608
SPADES THREE DIAMONDS TEN,0.6464,0.0046,0.349
SPADES FOUR DIAMONDS TEN,0.6468,0.0058,0.3474
SPADES FIVE DIAMONDS TEN,0.63,0.0062,0.3638
SPADES SIX DIAMONDS TEN,0.7204,0.0216,0.258
SPADES SEVEN DIAMONDS TEN,0.583,0.0032,0.4138
SPADES EIGHT DIAMONDS TEN,0.569,0.0042,0.4268
SPADES NINE DIAMONDS TEN,0.5658,0.0014,0.4328
CLUBS FOUR DIAMONDS TEN,0.6292,0.0048,0.366
CLUBS FIVE DIAMONDS TEN,0.6276,0.0068,0.3656
CLUBS SEVEN DIAMONDS TEN,0.5812,0.002,0.4168
CLUBS EIGHT DIAMONDS TEN,0.5662,0.0058,0.428
CLUBS NINE DIAMONDS TEN,0.5588,0.0056,0.4356
DIAMONDS THREE CLUBS JACK,0.6286,0.0042,0.3672
CLUBS TEN DIAMONDS THREE,0.6376,0.0048,0.3576
DIAMONDS THREE CLUBS KING,0.631,0.0062,0.3628
DIAMONDS THREE CLUBS QUEEN,0.636,0.0044,0.3596
DIAMONDS THREE CLUBS ACE,0.3724,0.3814,0.2462
SPADES FOUR HEARTS JACK,0.6298,0.0036,0.3666
SPADES FOUR HEARTS TEN,0.6246,0.0032,0.3722
SPADES FIVE SPADES TWO,0.6166,0.0052,0.3782
SPADES FOUR SPADES TWO,0.6248,0.007,0.3682
SPADES THREE SPADES TWO,0.6332,0.0054,0.3614
SPADES NINE SPADES TWO,0.6176,0.0048,0.3776
SPADES EIGHT SPADES TWO,0.6022,0.0048,0.393
SPADES SEVEN SPADES TWO,0.6224,0.0044,0.3732
SPADES SIX SPADES TWO,0.706,0.0372,0.2568
DIAMONDS QUEEN CLUBS THREE,0.6398,0.004,0.3562
HEARTS TWO CLUBS THREE,0.6464,0.0038,0.3498
DIAMONDS QUEEN CLUBS TWO,0.637,0.0028,0.3602
CLUBS TWO HEARTS TWO,0.4768,0.005,0.5182
DIAMONDS QUEEN HEARTS SEVEN,0.6182,0.0038,0.378
HEARTS TWO HEARTS SEVEN,0.601,0.0046,0.3944
HEARTS SIX DIAMONDS QUEEN,0.7276,0.028,0.2444
HEARTS SIX HEARTS TWO,0.6934,0.0288,0.2778
DIAMONDS QUEEN HEARTS NINE,0.5792,0.0024,0.4184
HEARTS TWO HEARTS NINE,0.5966,0.0026,0.4008
DIAMONDS QUEEN HEARTS EIGHT,0.591,0.0028,0.4062
HEARTS TWO HEARTS EIGHT,0.5992,0.0036,0.3972
CLUBS NINE HEARTS TWO,0.6314,0.0052,0.3634
CLUBS NINE DIAMONDS QUEEN,0.57,0.0044,0.4256
CLUBS EIGHT HEARTS TWO,0.6372,0.0038,0.359
CLUBS EIGHT DIAMONDS QUEEN,0.5996,0.0038,0.3966
CLUBS FIVE DIAMONDS QUEEN,0.6292,0.0044,0.3664
CLUBS FIVE HEARTS TWO,0.6484,0.0054,0.3462
SPADES EIGHT HEARTS ACE,0.249,0.2158,0.5352
CLUBS FOUR DIAMONDS QUEEN,0.6318,0.0046,0.3636
CLUBS FOUR HEARTS TWO,0.649,0.0064,0.3446
CLUBS SEVEN DIAMONDS QUEEN,0.5988,0.0048,0.3964
CLUBS SEVEN HEARTS TWO,0.6468,0.0064,0.3468
SPADES EIGHT HEARTS QUEEN,0.5942,0.0038,0.402
SPADES EIGHT HEARTS KING,0.6144,0.0036,0.382
DIAMONDS QUEEN SPADES SIX,0.7484,0.0308,0.2208
HEARTS TWO SPADES SIX,0.737,0.0308,0.2322
HEARTS FOUR CLUBS QUEEN,0.6306,0.0048,0.3646
DIAMONDS ACE CLUBS QUEEN,0.2314,0.0602,0.7084
DIAMONDS QUEEN SPADES SEVEN,0.6172,0.004,0.3788
SPADES SEVEN HEARTS TWO,0.6544,0.0038,0.3418
HEARTS FOUR CLUBS KING,0.6356,0.0044,0.36
DIAMONDS ACE CLUBS KING,0.2582,0.0454,0.6964
SPADES EIGHT DIAMONDS QUEEN,0.6014,0.0036,0.395
SPADES EIGHT HEARTS TWO,0.6456,0.0034,0.351
HEARTS FOUR CLUBS ACE,0.3698,0.3858,0.2444
DIAMONDS ACE CLUBS ACE,0.0524,0.009,0.9386
SPADES NINE DIAMONDS QUEEN,0.5736,0.0036,0.4228
SPADES NINE HEARTS TWO,0.643,0.0042,0.3528
HEARTS TWO SPADES TWO,0.4602,0.0078,0.532
DIAMONDS QUEEN SPADES TWO,0.641,0.0036,0.3554
HEARTS TWO SPADES THREE,0.6552,0.0068,0.338
DIAMONDS QUEEN SPADES THREE,0.6418,0.003,0.3552
HEARTS TWO SPADES FOUR,0.6522,0.0064,0.3414
DIAMONDS QUEEN SPADES FOUR,0.6406,0.0058,0.3536
HEARTS FOUR CLUBS TEN,0.6316,0.0036,0.3648
CLUBS TEN DIAMONDS ACE,0.2242,0.1126,0.6632
HEARTS TWO SPADES FIVE,0.6448,0.007,0.3482
DIAMONDS QUEEN SPADES FIVE,0.6378,0.004,0.3582
HEARTS FOUR CLUBS JACK,0.6218,0.0046,0.3736
DIAMONDS ACE CLUBS JACK,0.2308,0.0814,0.6878
CLUBS FIVE CLUBS KING,0.599,0.0056,0.3954
CLUBS FIVE CLUBS QUEEN,0.6082,0.0064,0.3854
CLUBS FIVE CLUBS ACE,0.352,0.3588,0.2892
CLUBS FIVE CLUBS JACK,0.593,0.0042,0.4028
CLUBS TEN CLUBS FIVE,0.6048,0.0044,0.3908
SPADES KING CLUBS JACK,0.566,0.005,0.429
SPADES QUEEN CLUBS JACK,0.561,0.0054,0.4336
SPADES SIX CLUBS KING,0.7446,0.028,0.2274
SPADES SIX CLUBS QUEEN,0.739,0.036,0.225
SPADES EIGHT HEARTS JACK,0.578,0.003,0.419
SPADES SIX CLUBS ACE,0.0072,0.9846,0.0082
SPADES EIGHT HEARTS TEN,0.5762,0.0032,0.4206
SPADES SIX CLUBS JACK,0.742,0.029,0.229
CLUBS TEN SPADES SIX,0.7432,0.0234,0.2334
SPADES TEN CLUBS JACK,0.5436,0.0058,0.4506
SPADES JACK CLUBS JACK,0.311,0.0034,0.6856
SPADES QUEEN CLUBS SEVEN,0.6018,0.005,0.3932
SPADES KING CLUBS SEVEN,0.5986,0.0042,0.3972
SPADES SIX HEARTS TEN,0.7232,0.0276,0.2492
SPADES SIX HEARTS JACK,0.7336,0.0258,0.2406
SPADES SIX HEARTS ACE,0.019,0.9698,0.0112
SPADES SIX HEARTS KING,0.7548,0.028,0.2172
SPADES SIX HEARTS QUEEN,0.744,0.031,0.225
SPADES JACK CLUBS SEVEN,0.5838,0.0048,0.4114
CLUBS SEVEN SPADES TEN,0.5756,0.0038,0.4206
CLUBS TEN HEARTS SIX,0.716,0.023,0.261
HEARTS SIX CLUBS JACK,0.7368,0.0232,0.24
CLUBS ACE CLUBS JACK,0.2338,0.082,0.6842
HEARTS SIX CLUBS QUEEN,0.7434,0.0272,0.2294
HEARTS SIX CLUBS KING,0.7374,0.0316,0.231
HEARTS SIX CLUBS ACE,0.009,0.9712,0.0198
CLUBS QUEEN CLUBS JACK,0.5354,0.0038,0.4608
CLUBS KING CLUBS JACK,0.5422,0.0058,0.452
DIAMONDS THREE HEARTS ACE,0.3846,0.3658,0.2496
DIAMONDS THREE HEARTS QUEEN,0.633,0.0042,0.3628
DIAMONDS THREE HEARTS KING,0.6404,0.0034,0.3562
CLUBS FIVE HEARTS JACK,0.632,0.0032,0.3648
HEARTS FOUR SPADES TEN,0.6466,0.0044,0.349
SPADES TEN DIAMONDS ACE,0.2422,0.1188,0.639
CLUBS FIVE HEARTS TEN,0.6446,0.004,0.3514
HEARTS FOUR SPADES JACK,0.6336,0.0048,0.3616
SPADES JACK DIAMONDS ACE,0.2406,0.0802,0.6792
CLUBS FIVE HEARTS ACE,0.3858,0.3866,0.2276
CLUBS FIVE HEARTS KING,0.6352,0.0046,0.3602
SPADES QUEEN DIAMONDS ACE,0.2476,0.0588,0.6936
HEARTS FOUR SPADES QUEEN,0.6396,0.0054,0.355
SPADES FOUR CLUBS JACK,0.6352,0.0064,0.3584
CLUBS FIVE HEARTS QUEEN,0.6402,0.0052,0.3546
SPADES KING HEARTS FOUR,0.6412,0.0056,0.3532
SPADES KING DIAMONDS ACE,0.2376,0.0496,0.7128
CLUBS TEN SPADES FOUR,0.6352,0.004,0.3608
DIAMONDS QUEEN DIAMONDS ACE,0.2296,0.0546,0.7158
HEARTS TWO DIAMONDS ACE,0.3794,0.3696,0.251
HEARTS FOUR DIAMONDS QUEEN,0.6324,0.003,0.3646
HEARTS FOUR HEARTS TWO,0.6064,0.0044,0.3892
DIAMONDS THREE HEARTS TEN,0.6382,0.0026,0.3592
SPADES FOUR CLUBS KING,0.633,0.0056,0.3614
HEARTS FIVE DIAMONDS QUEEN,0.6446,0.0038,0.3516
HEARTS FIVE HEARTS TWO,0.6108,0.0042,0.385
DIAMONDS THREE HEARTS JACK,0.6268,0.0026,0.3706
SPADES FOUR CLUBS QUEEN,0.6282,0.0046,0.3672
DIAMONDS QUEEN HEARTS TWO,0.635,0.0032,0.3618
DIAMONDS KING DIAMONDS QUEEN,0.5536,0.004,0.4424
DIAMONDS KING HEARTS TWO,0.6398,0.0032,0.357
HEARTS THREE DIAMONDS QUEEN,0.6484,0.0028,0.3488
HEARTS THREE HEARTS TWO,0.5984,0.0072,0.3944
SPADES FOUR CLUBS ACE,0.3832,0.3818,0.235
HEARTS TWO CLUBS ACE,0.372,0.3792,0.2488
DIAMONDS QUEEN CLUBS ACE,0.2392,0.055,0.7058
HEARTS TWO CLUBS QUEEN,0.6298,0.0058,0.3644
DIAMONDS QUEEN CLUBS QUEEN,0.292,0.0038,0.7042
HEARTS TWO CLUBS KING,0.6448,0.0062,0.349
DIAMONDS QUEEN CLUBS KING,0.568,0.0028,0.4292
SPADES EIGHT SPADES FIVE,0.58,0.0048,0.4152
CLUBS TEN HEARTS TWO,0.627,0.0048,0.3682
CLUBS TEN DIAMONDS QUEEN,0.564,0.0036,0.4324
SPADES NINE SPADES FIVE,0.6088,0.0042,0.387
HEARTS TWO CLUBS JACK,0.6318,0.0038,0.3644
DIAMONDS QUEEN CLUBS JACK,0.5598,0.0038,0.4364
SPADES SIX SPADES FIVE,0.6542,0.0242,0.3216
SPADES SEVEN SPADES FIVE,0.5884,0.0048,0.4068
DIAMONDS FIVE CLUBS QUEEN,0.6408,0.0068,0.3524
SPADES EIGHT CLUBS ACE,0.2244,0.229,0.5466
DIAMONDS FIVE CLUBS KING,0.6386,0.0052,0.3562
SPADES EIGHT CLUBS KING,0.598,0.0052,0.3968
CLUBS ACE DIAMONDS FIVE,0.3596,0.3916,0.2488
SPADES EIGHT CLUBS QUEEN,0.5906,0.0064,0.403
SPADES EIGHT CLUBS JACK,0.582,0.0042,0.4138
CLUBS TEN SPADES EIGHT,0.5578,0.005,0.4372
CLUBS TEN DIAMONDS FIVE,0.6218,0.0052,0.373
DIAMONDS FIVE CLUBS JACK,0.6318,0.0038,0.3644
HEARTS JACK DIAMONDS TEN,0.5394,0.0048,0.4558
DIAMONDS TEN HEARTS TEN,0.314,0.002,0.684
CLUBS NINE SPADES QUEEN,0.5848,0.005,0.4102
SPADES KING CLUBS NINE,0.5876,0.0042,0.4082
HEARTS SIX HEARTS KING,0.6982,0.0296,0.2722
DIAMONDS KING SPADES SEVEN,0.6002,0.0042,0.3956
HEARTS THREE SPADES SEVEN,0.651,0.0052,0.3438
SPADES KING DIAMONDS SEVEN,0.6148,0.0028,0.3824
HEARTS SIX HEARTS QUEEN,0.6884,0.0248,0.2868
DIAMONDS KING SPADES SIX,0.7328,0.0356,0.2316
HEARTS THREE SPADES SIX,0.7214,0.0278,0.2508
SPADES QUEEN DIAMONDS SEVEN,0.6096,0.0034,0.387
SPADES NINE DIAMONDS KING,0.5938,0.0044,0.4018
HEARTS THREE SPADES NINE,0.6522,0.0048,0.343
HEARTS SIX HEARTS ACE,0.0208,0.9092,0.07
DIAMONDS KING SPADES EIGHT,0.6214,0.004,0.3746
HEARTS THREE SPADES EIGHT,0.6332,0.0058,0.361
CLUBS NINE HEARTS THREE,0.6308,0.0044,0.3648
