opposingHand,winningChance,drawChance,lostChance
SPADES EIGHT CLUBS QUEEN
HEARTS FIVE SPADES TEN,0.6236,0.0106,0.3658
SPADES JACK HEARTS FIVE,0.6264,0.0086,0.365
SPADES FIVE CLUBS JACK,0.6396,0.0136,0.3468
SPADES FIVE CLUBS TEN,0.6518,0.0098,0.3384
CLUBS EIGHT CLUBS JACK,0.677,0.0368,0.2862
CLUBS EIGHT CLUBS TEN,0.6632,0.0428,0.294
CLUBS EIGHT CLUBS KING,0.2302,0.032,0.7378
SPADES FIVE CLUBS ACE,0.4026,0.004,0.5934
SPADES FIVE CLUBS KING,0.4096,0.01,0.5804
CLUBS EIGHT CLUBS ACE,0.2262,0.0246,0.7492
DIAMONDS TWO DIAMONDS THREE,0.597,0.0112,0.3918
DIAMONDS TWO DIAMONDS FIVE,0.6004,0.0106,0.389
SPADES KING HEARTS FIVE,0.3944,0.0078,0.5978
DIAMONDS TWO DIAMONDS FOUR,0.5976,0.0108,0.3916
SPADES QUEEN HEARTS FIVE,0.5364,0.2358,0.2278
DIAMONDS TWO DIAMONDS SEVEN,0.628,0.01,0.362
DIAMONDS TWO DIAMONDS SIX,0.6256,0.013,0.3614
SPADES ACE HEARTS FIVE,0.401,0.004,0.595
DIAMONDS TWO DIAMONDS NINE,0.5938,0.0108,0.3954
DIAMONDS TWO DIAMONDS EIGHT,0.688,0.0488,0.2632
DIAMONDS THREE DIAMONDS FOUR,0.5874,0.0136,0.399
CLUBS TWO SPADES FOUR,0.6482,0.0124,0.3394
DIAMONDS THREE DIAMONDS FIVE,0.5834,0.0124,0.4042
CLUBS TWO SPADES FIVE,0.644,0.0134,0.3426
CLUBS TWO SPADES TWO,0.4552,0.0286,0.5162
CLUBS TWO SPADES THREE,0.6616,0.0158,0.3226
DIAMONDS THREE DIAMONDS EIGHT,0.6896,0.0404,0.27
DIAMONDS THREE DIAMONDS NINE,0.6002,0.0114,0.3884
SPADES NINE CLUBS TWO,0.6494,0.0124,0.3382
DIAMONDS THREE DIAMONDS SIX,0.597,0.0134,0.3896
CLUBS TWO SPADES SIX,0.6666,0.0138,0.3196
DIAMONDS THREE DIAMONDS SEVEN,0.6138,0.012,0.3742
SPADES SEVEN CLUBS TWO,0.69,0.0114,0.2986
CLUBS SIX CLUBS TWO,0.6216,0.014,0.3644
CLUBS SEVEN CLUBS TWO,0.6362,0.011,0.3528
CLUBS FOUR CLUBS TWO,0.6084,0.0146,0.377
CLUBS FIVE CLUBS TWO,0.5976,0.0112,0.3912
CLUBS JACK CLUBS TEN,0.5358,0.0108,0.4534
DIAMONDS FOUR DIAMONDS SIX,0.586,0.0098,0.4042
DIAMONDS FOUR DIAMONDS SEVEN,0.5994,0.0116,0.389
CLUBS KING CLUBS TEN,0.34,0.0056,0.6544
CLUBS ACE CLUBS TEN,0.3446,0.0046,0.6508
CLUBS EIGHT CLUBS TWO,0.7008,0.0468,0.2524
DIAMONDS FIVE DIAMONDS FOUR,0.5754,0.012,0.4126
CLUBS NINE CLUBS TWO,0.611,0.0122,0.3768
DIAMONDS NINE DIAMONDS FOUR,0.601,0.0102,0.3888
DIAMONDS EIGHT DIAMONDS FOUR,0.6638,0.0496,0.2866
CLUBS TWO CLUBS THREE,0.618,0.0148,0.3672
DIAMONDS NINE DIAMONDS FIVE,0.5834,0.0108,0.4058
DIAMONDS TWO CLUBS JACK,0.6372,0.013,0.3498
DIAMONDS EIGHT DIAMONDS FIVE,0.6588,0.0414,0.2998
DIAMONDS TWO CLUBS TEN,0.6544,0.01,0.3356
DIAMONDS FIVE DIAMONDS SEVEN,0.5804,0.012,0.4076
DIAMONDS FIVE DIAMONDS SIX,0.5714,0.0152,0.4134
DIAMONDS TWO CLUBS ACE,0.4118,0.0062,0.582
DIAMONDS TWO CLUBS KING,0.3978,0.0062,0.596
DIAMONDS EIGHT DIAMONDS SIX,0.6456,0.0412,0.3132
DIAMONDS NINE DIAMONDS SIX,0.569,0.0112,0.4198
HEARTS ACE SPADES THREE,0.4166,0.004,0.5794
HEARTS KING SPADES THREE,0.4228,0.0052,0.572
DIAMONDS SEVEN DIAMONDS SIX,0.581,0.0126,0.4064
SPADES THREE HEARTS QUEEN,0.5516,0.2264,0.222
SPADES THREE HEARTS JACK,0.6412,0.0122,0.3466
SPADES THREE HEARTS TEN,0.6336,0.0106,0.3558
DIAMONDS EIGHT DIAMONDS SEVEN,0.6356,0.0434,0.321
DIAMONDS NINE DIAMONDS SEVEN,0.5778,0.0084,0.4138
DIAMONDS NINE DIAMONDS EIGHT,0.6306,0.0392,0.3302
DIAMONDS KING HEARTS TEN,0.3622,0.0054,0.6324
HEARTS THREE HEARTS TEN,0.5884,0.0106,0.401
CLUBS SIX SPADES JACK,0.6346,0.0098,0.3556
DIAMONDS KING HEARTS JACK,0.344,0.0058,0.6502
HEARTS THREE HEARTS JACK,0.5906,0.0096,0.3998
CLUBS SIX SPADES TEN,0.6156,0.0128,0.3716
SPADES JACK SPADES FIVE,0.6,0.0128,0.3872
SPADES TEN SPADES FIVE,0.6068,0.0092,0.384
DIAMONDS KING HEARTS ACE,0.3342,0.0034,0.6624
HEARTS THREE HEARTS ACE,0.385,0.0052,0.6098
SPADES ACE CLUBS SIX,0.4008,0.0048,0.5944
DIAMONDS KING HEARTS QUEEN,0.236,0.0258,0.7382
HEARTS THREE HEARTS QUEEN,0.5186,0.2112,0.2702
SPADES KING CLUBS SIX,0.404,0.006,0.59
DIAMONDS KING HEARTS KING,0.1482,0.0036,0.8482
HEARTS THREE HEARTS KING,0.3924,0.0064,0.6012
SPADES QUEEN CLUBS SIX,0.5524,0.2312,0.2164
SPADES NINE HEARTS TEN,0.5602,0.0126,0.4272
SPADES NINE HEARTS JACK,0.5668,0.0092,0.424
SPADES QUEEN SPADES FIVE,0.5058,0.2214,0.2728
SPADES KING SPADES FIVE,0.388,0.0078,0.6042
SPADES ACE SPADES FIVE,0.3866,0.0068,0.6066
SPADES NINE HEARTS QUEEN,0.2164,0.1706,0.613
SPADES NINE HEARTS KING,0.3618,0.0076,0.6306
SPADES NINE HEARTS ACE,0.3662,0.0028,0.631
SPADES JACK CLUBS TEN,0.553,0.011,0.436
SPADES TEN CLUBS TEN,0.288,0.0148,0.6972
SPADES ACE CLUBS TEN,0.3528,0.0072,0.64
SPADES KING CLUBS TEN,0.3386,0.0066,0.6548
SPADES QUEEN CLUBS TEN,0.2242,0.1246,0.6512
SPADES FIVE HEARTS QUEEN,0.5512,0.225,0.2238
SPADES FIVE HEARTS KING,0.4076,0.0056,0.5868
SPADES FIVE HEARTS ACE,0.3984,0.0036,0.598
CLUBS EIGHT SPADES TEN,0.6878,0.044,0.2682
HEARTS THREE SPADES JACK,0.6438,0.0106,0.3456
SPADES JACK DIAMONDS KING,0.353,0.0064,0.6406
SPADES TEN DIAMONDS KING,0.3394,0.0094,0.6512
HEARTS THREE SPADES TEN,0.6298,0.009,0.3612
CLUBS EIGHT SPADES JACK,0.7198,0.038,0.2422
SPADES ACE CLUBS EIGHT,0.237,0.0274,0.7356
HEARTS FIVE CLUBS JACK,0.64,0.0128,0.3472
CLUBS SIX HEARTS ACE,0.4048,0.0044,0.5908
HEARTS FIVE CLUBS TEN,0.642,0.0118,0.3462
CLUBS EIGHT SPADES QUEEN,0.008,0.982,0.01
SPADES THREE CLUBS TEN,0.6516,0.0128,0.3356
CLUBS SIX HEARTS QUEEN,0.5564,0.2242,0.2194
CLUBS EIGHT SPADES KING,0.2426,0.0348,0.7226
SPADES THREE CLUBS JACK,0.6422,0.0108,0.347
CLUBS SIX HEARTS KING,0.402,0.0088,0.5892
DIAMONDS TWO HEARTS JACK,0.6308,0.011,0.3582
DIAMONDS TWO HEARTS TEN,0.6292,0.0114,0.3594
SPADES THREE CLUBS KING,0.4144,0.0082,0.5774
HEARTS FIVE CLUBS ACE,0.4002,0.005,0.5948
SPADES FIVE HEARTS TEN,0.6456,0.0096,0.3448
SPADES THREE CLUBS ACE,0.4026,0.0074,0.59
HEARTS FIVE CLUBS KING,0.4078,0.0062,0.586
SPADES FIVE HEARTS JACK,0.629,0.0138,0.3572
HEARTS THREE CLUBS KING,0.4074,0.0074,0.5852
DIAMONDS KING CLUBS KING,0.1476,0.0016,0.8508
HEARTS FIVE HEARTS JACK,0.5944,0.0078,0.3978
HEARTS FIVE HEARTS TEN,0.6038,0.0122,0.384
HEARTS THREE CLUBS ACE,0.4114,0.0054,0.5832
DIAMONDS KING CLUBS ACE,0.339,0.004,0.657
HEARTS THREE CLUBS JACK,0.6492,0.0124,0.3384
DIAMONDS KING CLUBS JACK,0.3552,0.0064,0.6384
HEARTS THREE CLUBS TEN,0.64,0.009,0.351
DIAMONDS KING CLUBS TEN,0.353,0.0048,0.6422
CLUBS SIX CLUBS KING,0.3886,0.0072,0.6042
CLUBS SIX CLUBS ACE,0.3834,0.0048,0.6118
HEARTS FIVE HEARTS KING,0.3746,0.0062,0.6192
HEARTS FIVE HEARTS QUEEN,0.5046,0.2106,0.2848
CLUBS SIX CLUBS TEN,0.5952,0.0128,0.392
HEARTS FIVE HEARTS ACE,0.3792,0.005,0.6158
CLUBS SIX CLUBS JACK,0.6098,0.0098,0.3804
SPADES SEVEN HEARTS JACK,0.6348,0.0094,0.3558
SPADES SEVEN HEARTS TEN,0.6296,0.01,0.3604
DIAMONDS TWO CLUBS TWO,0.457,0.0208,0.5222
DIAMONDS TWO CLUBS THREE,0.6468,0.0132,0.34
HEARTS SIX DIAMONDS TWO,0.6482,0.0132,0.3386
DIAMONDS TWO HEARTS QUEEN,0.55,0.224,0.226
DIAMONDS TWO HEARTS SEVEN,0.6674,0.013,0.3196
DIAMONDS TWO HEARTS KING,0.4158,0.0078,0.5764
DIAMONDS TWO HEARTS EIGHT,0.7158,0.0542,0.23
DIAMONDS TWO HEARTS ACE,0.4202,0.0032,0.5766
DIAMONDS TWO HEARTS NINE,0.6416,0.0116,0.3468
DIAMONDS TWO DIAMONDS QUEEN,0.5198,0.2064,0.2738
DIAMONDS TWO HEARTS TWO,0.449,0.023,0.528
DIAMONDS TWO DIAMONDS KING,0.3828,0.0056,0.6116
HEARTS THREE DIAMONDS TWO,0.6452,0.0128,0.342
DIAMONDS TWO DIAMONDS ACE,0.391,0.0034,0.6056
HEARTS FOUR DIAMONDS TWO,0.6338,0.0128,0.3534
DIAMONDS TWO HEARTS FIVE,0.6288,0.0116,0.3596
SPADES SEVEN HEARTS ACE,0.4124,0.005,0.5826
DIAMONDS TWO DIAMONDS TEN,0.5964,0.0104,0.3932
SPADES SEVEN HEARTS KING,0.404,0.0062,0.5898
DIAMONDS TWO DIAMONDS JACK,0.5952,0.0114,0.3934
SPADES SEVEN HEARTS QUEEN,0.5498,0.2218,0.2284
DIAMONDS TWO SPADES NINE,0.6304,0.0126,0.357
DIAMONDS TWO SPADES SEVEN,0.6754,0.009,0.3156
DIAMONDS TWO SPADES SIX,0.6556,0.0084,0.336
DIAMONDS TWO SPADES FIVE,0.6476,0.0152,0.3372
DIAMONDS TWO SPADES FOUR,0.644,0.0134,0.3426
DIAMONDS TWO SPADES THREE,0.6506,0.012,0.3374
DIAMONDS TWO SPADES TWO,0.4622,0.0258,0.512
CLUBS NINE DIAMONDS TWO,0.6542,0.0128,0.333
CLUBS EIGHT DIAMONDS TWO,0.7288,0.0468,0.2244
DIAMONDS TWO CLUBS SEVEN,0.6672,0.0106,0.3222
CLUBS SIX DIAMONDS TWO,0.6608,0.0108,0.3284
DIAMONDS TWO CLUBS FIVE,0.6416,0.0112,0.3472
DIAMONDS TWO CLUBS FOUR,0.6456,0.0116,0.3428
CLUBS FOUR SPADES FIVE,0.6202,0.0114,0.3684
CLUBS FOUR SPADES FOUR,0.4584,0.0252,0.5164
CLUBS FOUR SPADES THREE,0.6402,0.01,0.3498
CLUBS FOUR SPADES TWO,0.6634,0.0118,0.3248
CLUBS FOUR SPADES NINE,0.6292,0.0102,0.3606
CLUBS FOUR SPADES SEVEN,0.6486,0.0128,0.3386
CLUBS FOUR SPADES SIX,0.6254,0.0136,0.361
SPADES ACE DIAMONDS SIX,0.3988,0.0028,0.5984
SPADES QUEEN DIAMONDS SIX,0.5418,0.2258,0.2324
SPADES KING DIAMONDS SIX,0.3988,0.0066,0.5946
SPADES TEN DIAMONDS SIX,0.625,0.0114,0.3636
SPADES JACK DIAMONDS SIX,0.6454,0.0094,0.3452
SPADES QUEEN SPADES TWO,0.5248,0.22,0.2552
SPADES KING SPADES TWO,0.3782,0.0098,0.612
SPADES ACE SPADES TWO,0.3838,0.0054,0.6108
DIAMONDS JACK CLUBS JACK,0.2848,0.0116,0.7036
DIAMONDS JACK CLUBS TEN,0.5564,0.0104,0.4332
DIAMONDS JACK CLUBS KING,0.3454,0.0082,0.6464
DIAMONDS THREE DIAMONDS JACK,0.5964,0.0098,0.3938
DIAMONDS THREE DIAMONDS TEN,0.5988,0.0114,0.3898
DIAMONDS JACK CLUBS ACE,0.3632,0.003,0.6338
DIAMONDS THREE DIAMONDS KING,0.3828,0.0066,0.6106
HEARTS THREE DIAMONDS THREE,0.44,0.0224,0.5376
DIAMONDS THREE DIAMONDS QUEEN,0.5146,0.205,0.2804
DIAMONDS THREE HEARTS TWO,0.6364,0.0108,0.3528
HEARTS FIVE DIAMONDS THREE,0.6204,0.0126,0.367
DIAMONDS THREE DIAMONDS ACE,0.3818,0.0032,0.615
HEARTS FOUR DIAMONDS THREE,0.6358,0.0138,0.3504
DIAMONDS THREE HEARTS SEVEN,0.6546,0.0122,0.3332
SPADES TEN SPADES NINE,0.5346,0.015,0.4504
HEARTS SIX DIAMONDS THREE,0.646,0.0098,0.3442
SPADES JACK SPADES NINE,0.5342,0.009,0.4568
DIAMONDS THREE HEARTS NINE,0.6342,0.0106,0.3552
HEARTS JACK DIAMONDS FOUR,0.6338,0.01,0.3562
HEARTS KING HEARTS ACE,0.3124,0.0056,0.682
SPADES TEN SPADES TWO,0.6176,0.0104,0.372
DIAMONDS THREE HEARTS EIGHT,0.7192,0.0482,0.2326
HEARTS TEN DIAMONDS FOUR,0.6426,0.0118,0.3456
SPADES JACK SPADES TWO,0.608,0.013,0.379
HEARTS QUEEN DIAMONDS FOUR,0.5352,0.23,0.2348
HEARTS KING DIAMONDS FOUR,0.414,0.0052,0.5808
SPADES ACE SPADES NINE,0.3454,0.0056,0.649
HEARTS ACE DIAMONDS FOUR,0.4024,0.0018,0.5958
SPADES KING SPADES NINE,0.3416,0.0082,0.6502
SPADES QUEEN SPADES NINE,0.2088,0.1588,0.6324
DIAMONDS THREE SPADES NINE,0.6326,0.0106,0.3568
DIAMONDS THREE SPADES SEVEN,0.6618,0.0134,0.3248
DIAMONDS THREE SPADES SIX,0.6474,0.0128,0.3398
CLUBS SIX DIAMONDS THREE,0.6354,0.0124,0.3522
CLUBS ACE DIAMONDS FOUR,0.408,0.0056,0.5864
CLUBS SIX CLUBS FIVE,0.5824,0.0132,0.4044
CLUBS SEVEN CLUBS FIVE,0.6074,0.0094,0.3832
CLUBS SEVEN DIAMONDS THREE,0.6656,0.0148,0.3196
DIAMONDS THREE CLUBS FOUR,0.6262,0.0128,0.361
DIAMONDS THREE CLUBS FIVE,0.6246,0.0122,0.3632
CLUBS KING DIAMONDS FOUR,0.3924,0.0082,0.5994
DIAMONDS THREE CLUBS TWO,0.6562,0.0118,0.332
DIAMONDS FOUR CLUBS TEN,0.6426,0.0124,0.345
DIAMONDS THREE CLUBS THREE,0.4488,0.0258,0.5254
DIAMONDS FOUR CLUBS JACK,0.643,0.0116,0.3454
DIAMONDS THREE SPADES FOUR,0.6322,0.0112,0.3566
DIAMONDS THREE SPADES FIVE,0.6272,0.0126,0.3602
DIAMONDS THREE SPADES TWO,0.6526,0.0102,0.3372
DIAMONDS THREE SPADES THREE,0.4626,0.0252,0.5122
CLUBS EIGHT DIAMONDS THREE,0.734,0.0514,0.2146
CLUBS NINE DIAMONDS THREE,0.644,0.012,0.344
SPADES SEVEN CLUBS ACE,0.4104,0.004,0.5856
SPADES SEVEN CLUBS KING,0.405,0.0076,0.5874
CLUBS FIVE SPADES SEVEN,0.628,0.0134,0.3586
SPADES SEVEN CLUBS TEN,0.6284,0.0116,0.36
CLUBS FIVE SPADES SIX,0.624,0.0126,0.3634
SPADES SEVEN CLUBS JACK,0.6356,0.0112,0.3532
SPADES NINE CLUBS FIVE,0.6234,0.0086,0.368
CLUBS FIVE SPADES THREE,0.6236,0.0108,0.3656
CLUBS FIVE SPADES TWO,0.6462,0.0132,0.3406
CLUBS FIVE SPADES FIVE,0.4456,0.0224,0.532
CLUBS FIVE SPADES FOUR,0.617,0.0134,0.3696
CLUBS NINE CLUBS FIVE,0.6074,0.0112,0.3814
CLUBS EIGHT CLUBS FIVE,0.664,0.042,0.294
DIAMONDS TEN DIAMONDS FOUR,0.6008,0.011,0.3882
DIAMONDS NINE CLUBS TEN,0.5714,0.0112,0.4174
DIAMONDS JACK DIAMONDS FOUR,0.5924,0.0088,0.3988
DIAMONDS NINE CLUBS JACK,0.5822,0.0082,0.4096
SPADES NINE CLUBS JACK,0.5704,0.0112,0.4184
SPADES NINE CLUBS TEN,0.5668,0.01,0.4232
DIAMONDS ACE DIAMONDS FOUR,0.377,0.0052,0.6178
HEARTS FOUR DIAMONDS FOUR,0.435,0.023,0.542
DIAMONDS JACK HEARTS TEN,0.5488,0.0092,0.442
SPADES NINE CLUBS KING,0.35,0.0076,0.6424
DIAMONDS TWO SPADES TEN,0.6466,0.0126,0.3408
DIAMONDS NINE CLUBS ACE,0.3584,0.0036,0.638
HEARTS FIVE DIAMONDS FOUR,0.6152,0.0094,0.3754
HEARTS JACK DIAMONDS JACK,0.2908,0.0088,0.7004
DIAMONDS TWO SPADES JACK,0.6364,0.0116,0.352
DIAMONDS QUEEN DIAMONDS FOUR,0.5202,0.203,0.2768
HEARTS TWO DIAMONDS FOUR,0.639,0.0106,0.3504
DIAMONDS KING DIAMONDS FOUR,0.3724,0.0076,0.62
HEARTS THREE DIAMONDS FOUR,0.6184,0.0126,0.369
SPADES NINE CLUBS ACE,0.3612,0.0046,0.6342
DIAMONDS NINE CLUBS KING,0.3562,0.0066,0.6372
HEARTS ACE DIAMONDS JACK,0.3598,0.0028,0.6374
SPADES ACE DIAMONDS TWO,0.419,0.0048,0.5762
DIAMONDS JACK HEARTS QUEEN,0.2442,0.0916,0.6642
SPADES QUEEN DIAMONDS TWO,0.5452,0.2296,0.2252
HEARTS KING DIAMONDS JACK,0.3544,0.0068,0.6388
SPADES KING DIAMONDS TWO,0.4086,0.0068,0.5846
SPADES JACK SPADES SEVEN,0.6064,0.01,0.3836
SPADES TEN SPADES SEVEN,0.5908,0.0108,0.3984
CLUBS SEVEN CLUBS THREE,0.6278,0.0136,0.3586
CLUBS SIX CLUBS THREE,0.6194,0.0116,0.369
CLUBS FIVE CLUBS THREE,0.5988,0.0126,0.3886
CLUBS FOUR CLUBS THREE,0.6042,0.0116,0.3842
CLUBS NINE CLUBS THREE,0.613,0.011,0.376
CLUBS EIGHT CLUBS THREE,0.7016,0.0482,0.2502
CLUBS THREE SPADES FIVE,0.6368,0.0138,0.3494
CLUBS THREE SPADES FOUR,0.6394,0.0146,0.346
CLUBS THREE SPADES THREE,0.46,0.026,0.514
CLUBS THREE SPADES TWO,0.6464,0.0146,0.339
SPADES SIX CLUBS THREE,0.6556,0.0138,0.3306
SPADES SEVEN CLUBS THREE,0.6592,0.013,0.3278
SPADES NINE CLUBS THREE,0.6456,0.0114,0.343
SPADES TWO DIAMONDS FOUR,0.6436,0.011,0.3454
SPADES THREE DIAMONDS FOUR,0.6462,0.0102,0.3436
SPADES FOUR DIAMONDS FOUR,0.4346,0.0262,0.5392
SPADES FIVE DIAMONDS FOUR,0.6172,0.0102,0.3726
SPADES SIX DIAMONDS FOUR,0.6286,0.0114,0.36
SPADES SEVEN DIAMONDS FOUR,0.6452,0.0138,0.341
SPADES NINE DIAMONDS FOUR,0.636,0.0124,0.3516
CLUBS FIVE DIAMONDS FOUR,0.626,0.013,0.361
CLUBS FOUR DIAMONDS FOUR,0.4628,0.023,0.5142
CLUBS SEVEN DIAMONDS FOUR,0.6398,0.0118,0.3484
CLUBS SIX DIAMONDS FOUR,0.6396,0.0146,0.3458
CLUBS NINE DIAMONDS FOUR,0.6448,0.0128,0.3424
CLUBS EIGHT DIAMONDS FOUR,0.6972,0.0446,0.2582
DIAMONDS FOUR HEARTS SEVEN,0.653,0.009,0.338
HEARTS SIX DIAMONDS FOUR,0.6308,0.0112,0.358
HEARTS NINE DIAMONDS FOUR,0.648,0.0112,0.3408
DIAMONDS FOUR HEARTS EIGHT,0.7078,0.0472,0.245
CLUBS THREE DIAMONDS FOUR,0.6322,0.0112,0.3566
CLUBS TWO DIAMONDS FOUR,0.6528,0.0102,0.337
DIAMONDS TEN DIAMONDS FIVE,0.607,0.0112,0.3818
DIAMONDS JACK DIAMONDS FIVE,0.597,0.0114,0.3916
DIAMONDS NINE HEARTS QUEEN,0.2246,0.1596,0.6158
HEARTS KING DIAMONDS NINE,0.3586,0.0064,0.635
DIAMONDS NINE HEARTS ACE,0.3678,0.004,0.6282
DIAMONDS NINE HEARTS TEN,0.571,0.0104,0.4186
DIAMONDS NINE HEARTS JACK,0.5784,0.0104,0.4112
CLUBS KING DIAMONDS SIX,0.3984,0.0062,0.5954
CLUBS ACE DIAMONDS SIX,0.3998,0.0032,0.597
SPADES KING DIAMONDS FOUR,0.4022,0.0082,0.5896
SPADES ACE SPADES SEVEN,0.3794,0.0046,0.616
SPADES QUEEN DIAMONDS FOUR,0.537,0.2246,0.2384
SPADES QUEEN SPADES SEVEN,0.5274,0.2122,0.2604
CLUBS JACK DIAMONDS SIX,0.634,0.0104,0.3556
SPADES KING SPADES SEVEN,0.3828,0.0076,0.6096
SPADES ACE DIAMONDS FOUR,0.3922,0.0042,0.6036
CLUBS TEN DIAMONDS SIX,0.633,0.012,0.355
CLUBS NINE CLUBS FOUR,0.6064,0.0128,0.3808
CLUBS EIGHT CLUBS FOUR,0.6844,0.0468,0.2688
SPADES JACK DIAMONDS FOUR,0.63,0.0094,0.3606
SPADES TEN DIAMONDS FOUR,0.627,0.0092,0.3638
CLUBS FOUR CLUBS FIVE,0.587,0.0126,0.4004
CLUBS SEVEN CLUBS FOUR,0.6222,0.0116,0.3662
CLUBS SIX CLUBS FOUR,0.5998,0.0126,0.3876
CLUBS SEVEN SPADES NINE,0.6078,0.0104,0.3818
CLUBS SEVEN SPADES SIX,0.6346,0.0116,0.3538
CLUBS SEVEN SPADES SEVEN,0.4386,0.0258,0.5356
CLUBS SEVEN SPADES FIVE,0.638,0.013,0.349
CLUBS SEVEN SPADES FOUR,0.6506,0.0142,0.3352
CLUBS SEVEN SPADES THREE,0.6708,0.0124,0.3168
CLUBS SEVEN SPADES TWO,0.677,0.0112,0.3118
CLUBS NINE CLUBS SEVEN,0.5838,0.0092,0.407
CLUBS EIGHT CLUBS SEVEN,0.659,0.0432,0.2978
HEARTS SIX DIAMONDS FIVE,0.6222,0.0086,0.3692
DIAMONDS FIVE HEARTS SEVEN,0.6266,0.0134,0.36
DIAMONDS FIVE HEARTS EIGHT,0.6912,0.0448,0.264
HEARTS NINE DIAMONDS FIVE,0.6226,0.0102,0.3672
DIAMONDS QUEEN DIAMONDS FIVE,0.5202,0.2058,0.274
HEARTS TWO DIAMONDS FIVE,0.6324,0.011,0.3566
HEARTS KING HEARTS EIGHT,0.2308,0.0306,0.7386
DIAMONDS KING DIAMONDS FIVE,0.372,0.0072,0.6208
HEARTS THREE DIAMONDS FIVE,0.6308,0.0102,0.359
HEARTS QUEEN HEARTS EIGHT,0.0232,0.9124,0.0644
DIAMONDS ACE DIAMONDS FIVE,0.3666,0.0034,0.63
HEARTS FOUR DIAMONDS FIVE,0.6162,0.0096,0.3742
HEARTS FIVE DIAMONDS FIVE,0.4354,0.0182,0.5464
HEARTS ACE HEARTS EIGHT,0.2362,0.02,0.7438
CLUBS FOUR DIAMONDS FIVE,0.6052,0.0088,0.386
CLUBS FIVE DIAMONDS FIVE,0.449,0.0242,0.5268
CLUBS SIX DIAMONDS FIVE,0.624,0.0118,0.3642
CLUBS SEVEN DIAMONDS FIVE,0.6236,0.0134,0.363
CLUBS TWO DIAMONDS FIVE,0.6432,0.0104,0.3464
CLUBS THREE DIAMONDS FIVE,0.6276,0.0114,0.361
SPADES THREE DIAMONDS FIVE,0.6216,0.0106,0.3678
SPADES TWO DIAMONDS FIVE,0.6358,0.0106,0.3536
SPADES JACK DIAMONDS EIGHT,0.7046,0.0384,0.257
SPADES FIVE DIAMONDS FIVE,0.4318,0.0272,0.541
HEARTS JACK CLUBS TEN,0.5618,0.0072,0.431
SPADES TEN DIAMONDS EIGHT,0.6896,0.0394,0.271
SPADES FOUR DIAMONDS FIVE,0.6006,0.0142,0.3852
HEARTS JACK CLUBS JACK,0.2874,0.0116,0.701
CLUBS NINE DIAMONDS FIVE,0.6276,0.011,0.3614
HEARTS JACK CLUBS KING,0.3354,0.0068,0.6578
CLUBS EIGHT DIAMONDS FIVE,0.697,0.0506,0.2524
HEARTS JACK CLUBS ACE,0.3534,0.0046,0.642
SPADES SEVEN DIAMONDS FIVE,0.628,0.0094,0.3626
SPADES KING DIAMONDS EIGHT,0.2428,0.0284,0.7288
SPADES SIX DIAMONDS FIVE,0.6158,0.016,0.3682
SPADES QUEEN DIAMONDS EIGHT,0.0114,0.9716,0.017
SPADES NINE DIAMONDS FIVE,0.6144,0.0138,0.3718
SPADES ACE DIAMONDS EIGHT,0.2574,0.0258,0.7168
DIAMONDS TEN DIAMONDS SIX,0.5946,0.0084,0.397
HEARTS ACE DIAMONDS SEVEN,0.3914,0.0026,0.606
DIAMONDS JACK DIAMONDS SIX,0.5882,0.0102,0.4016
HEARTS QUEEN DIAMONDS SEVEN,0.5522,0.2128,0.235
HEARTS KING DIAMONDS SEVEN,0.3966,0.0062,0.5972
DIAMONDS ACE DIAMONDS SIX,0.387,0.0034,0.6096
HEARTS FOUR DIAMONDS SIX,0.6224,0.0108,0.3668
HEARTS JACK SPADES TWO,0.6396,0.0092,0.3512
HEARTS FIVE DIAMONDS SIX,0.6104,0.012,0.3776
SPADES TWO HEARTS TEN,0.6506,0.0114,0.338
DIAMONDS QUEEN DIAMONDS SIX,0.5244,0.2142,0.2614
HEARTS TWO DIAMONDS SIX,0.6456,0.0108,0.3436
DIAMONDS KING DIAMONDS SIX,0.3836,0.0062,0.6102
HEARTS THREE DIAMONDS SIX,0.6472,0.0114,0.3414
HEARTS EIGHT DIAMONDS SIX,0.6778,0.0452,0.277
HEARTS NINE DIAMONDS SIX,0.6134,0.01,0.3766
HEARTS SIX DIAMONDS SIX,0.4264,0.0234,0.5502
HEARTS SEVEN DIAMONDS SIX,0.6098,0.0104,0.3798
HEARTS TEN DIAMONDS SEVEN,0.6094,0.0094,0.3812
CLUBS TWO DIAMONDS SIX,0.6544,0.0142,0.3314
HEARTS JACK DIAMONDS SEVEN,0.6376,0.0084,0.354
CLUBS THREE DIAMONDS SIX,0.6296,0.0102,0.3602
DIAMONDS EIGHT CLUBS JACK,0.7066,0.0406,0.2528
CLUBS SEVEN DIAMONDS SIX,0.6206,0.0112,0.3682
CLUBS SIX DIAMONDS SIX,0.457,0.0184,0.5246
DIAMONDS EIGHT CLUBS TEN,0.7022,0.0352,0.2626
CLUBS FIVE DIAMONDS SIX,0.5944,0.011,0.3946
CLUBS FOUR DIAMONDS SIX,0.633,0.013,0.354
HEARTS ACE HEARTS JACK,0.3384,0.0054,0.6562
DIAMONDS EIGHT CLUBS ACE,0.2512,0.023,0.7258
HEARTS JACK HEARTS QUEEN,0.224,0.0814,0.6946
DIAMONDS EIGHT CLUBS KING,0.236,0.0344,0.7296
CLUBS NINE DIAMONDS SIX,0.605,0.0126,0.3824
HEARTS KING HEARTS JACK,0.3106,0.0064,0.683
CLUBS EIGHT DIAMONDS SIX,0.6768,0.0444,0.2788
SPADES TEN HEARTS KING,0.3418,0.0054,0.6528
SPADES FIVE DIAMONDS SIX,0.6232,0.0136,0.3632
HEARTS ACE SPADES TWO,0.4046,0.0042,0.5912
SPADES JACK HEARTS KING,0.3354,0.0062,0.6584
SPADES FOUR DIAMONDS SIX,0.639,0.0116,0.3494
SPADES THREE DIAMONDS SIX,0.6524,0.0134,0.3342
SPADES TWO HEARTS QUEEN,0.5664,0.2192,0.2144
SPADES ACE SPADES KING,0.311,0.0074,0.6816
HEARTS KING SPADES TWO,0.4126,0.0078,0.5796
SPADES TWO DIAMONDS SIX,0.6602,0.0098,0.33
HEARTS TEN HEARTS EIGHT,0.6508,0.035,0.3142
SPADES NINE DIAMONDS SIX,0.6176,0.0132,0.3692
HEARTS JACK HEARTS EIGHT,0.663,0.0408,0.2962
SPADES SEVEN DIAMONDS SIX,0.615,0.0098,0.3752
SPADES SIX DIAMONDS SIX,0.4408,0.0226,0.5366
SPADES KING HEARTS KING,0.1416,0.0036,0.8548
SPADES QUEEN HEARTS KING,0.2306,0.0278,0.7416
CLUBS ACE CLUBS KING,0.3256,0.0036,0.6708
SPADES ACE HEARTS KING,0.3184,0.004,0.6776
SPADES ACE HEARTS JACK,0.3672,0.0036,0.6292
SPADES QUEEN HEARTS JACK,0.2228,0.087,0.6902
SPADES KING HEARTS JACK,0.3422,0.0066,0.6512
SPADES TEN DIAMONDS TEN,0.277,0.0142,0.7088
SPADES JACK DIAMONDS TEN,0.5554,0.0108,0.4338
SPADES ACE DIAMONDS TEN,0.337,0.0036,0.6594
SPADES JACK HEARTS JACK,0.2858,0.0108,0.7034
SPADES TEN HEARTS JACK,0.561,0.0108,0.4282
SPADES QUEEN DIAMONDS TEN,0.2258,0.1134,0.6608
SPADES KING DIAMONDS TEN,0.3434,0.0086,0.648
SPADES NINE DIAMONDS SEVEN,0.6094,0.0118,0.3788
SPADES SEVEN DIAMONDS SEVEN,0.4332,0.0226,0.5442
SPADES SIX DIAMONDS SEVEN,0.6236,0.0112,0.3652
DIAMONDS KING DIAMONDS SEVEN,0.3804,0.0064,0.6132
HEARTS THREE DIAMONDS SEVEN,0.6494,0.0142,0.3364
HEARTS KING DIAMONDS FIVE,0.4156,0.0062,0.5782
DIAMONDS QUEEN DIAMONDS SEVEN,0.5358,0.2036,0.2606
HEARTS TWO DIAMONDS SEVEN,0.6624,0.0126,0.325
HEARTS QUEEN DIAMONDS FIVE,0.5458,0.219,0.2352
HEARTS FIVE DIAMONDS SEVEN,0.6176,0.0094,0.373
DIAMONDS ACE DIAMONDS SEVEN,0.382,0.0042,0.6138
HEARTS FOUR DIAMONDS SEVEN,0.6322,0.011,0.3568
HEARTS ACE DIAMONDS FIVE,0.3846,0.0036,0.6118
HEARTS SEVEN DIAMONDS SEVEN,0.4296,0.023,0.5474
HEARTS SIX DIAMONDS SEVEN,0.6118,0.012,0.3762
HEARTS NINE DIAMONDS SEVEN,0.6114,0.0102,0.3784
DIAMONDS SEVEN HEARTS EIGHT,0.6778,0.0422,0.28
DIAMONDS JACK DIAMONDS SEVEN,0.5972,0.0094,0.3934
HEARTS JACK DIAMONDS FIVE,0.6316,0.0112,0.3572
DIAMONDS TEN DIAMONDS SEVEN,0.58,0.0122,0.4078
DIAMONDS FIVE HEARTS TEN,0.6408,0.014,0.3452
SPADES KING CLUBS TWO,0.4136,0.0102,0.5762
HEARTS KING CLUBS KING,0.1426,0.0044,0.853
CLUBS EIGHT DIAMONDS SEVEN,0.6882,0.0434,0.2684
SPADES QUEEN CLUBS TWO,0.5464,0.2312,0.2224
CLUBS NINE DIAMONDS SEVEN,0.602,0.0114,0.3866
SPADES TWO CLUBS JACK,0.6624,0.0084,0.3292
SPADES ACE CLUBS TWO,0.396,0.0046,0.5994
SPADES TWO CLUBS TEN,0.6422,0.012,0.3458
HEARTS KING CLUBS ACE,0.33,0.0058,0.6642
CLUBS SIX CLUBS SEVEN,0.5816,0.0128,0.4056
SPADES TWO CLUBS KING,0.4058,0.0088,0.5854
SPADES TWO DIAMONDS SEVEN,0.6734,0.0118,0.3148
CLUBS EIGHT CLUBS SIX,0.667,0.0454,0.2876
SPADES THREE DIAMONDS SEVEN,0.6736,0.0112,0.3152
CLUBS NINE CLUBS SIX,0.5958,0.0088,0.3954
SPADES FOUR DIAMONDS SEVEN,0.6484,0.0118,0.3398
HEARTS KING CLUBS JACK,0.3446,0.0072,0.6482
SPADES FIVE DIAMONDS SEVEN,0.6284,0.0158,0.3558
SPADES TWO CLUBS ACE,0.3938,0.0054,0.6008
HEARTS KING CLUBS TEN,0.3492,0.0068,0.644
CLUBS SIX SPADES TWO,0.6618,0.012,0.3262
CLUBS SIX SPADES THREE,0.6558,0.014,0.3302
CLUBS TWO DIAMONDS SEVEN,0.665,0.0132,0.3218
CLUBS SIX SPADES FOUR,0.6376,0.0122,0.3502
CLUBS THREE DIAMONDS SEVEN,0.672,0.0108,0.3172
CLUBS SIX SPADES FIVE,0.6272,0.0124,0.3604
CLUBS FOUR DIAMONDS SEVEN,0.642,0.0086,0.3494
CLUBS SIX SPADES SIX,0.4408,0.0262,0.533
CLUBS FIVE DIAMONDS SEVEN,0.6316,0.0102,0.3582
CLUBS SIX SPADES SEVEN,0.6222,0.0128,0.365
CLUBS SIX DIAMONDS SEVEN,0.6316,0.0108,0.3576
SPADES JACK CLUBS TWO,0.6354,0.0136,0.351
CLUBS SIX SPADES NINE,0.6312,0.0122,0.3566
SPADES TEN CLUBS TWO,0.6468,0.011,0.3422
CLUBS SEVEN DIAMONDS SEVEN,0.4418,0.019,0.5392
CLUBS TWO CLUBS KING,0.3862,0.0064,0.6074
CLUBS THREE DIAMONDS EIGHT,0.7268,0.0474,0.2258
CLUBS TWO CLUBS ACE,0.3932,0.006,0.6008
CLUBS TWO DIAMONDS EIGHT,0.7284,0.0516,0.22
DIAMONDS EIGHT HEARTS SEVEN,0.677,0.043,0.28
HEARTS SIX DIAMONDS EIGHT,0.6668,0.045,0.2882
DIAMONDS EIGHT HEARTS NINE,0.6758,0.0388,0.2854
CLUBS TWO CLUBS TEN,0.6034,0.012,0.3846
DIAMONDS EIGHT HEARTS EIGHT,0.3048,0.0284,0.6668
CLUBS TWO CLUBS JACK,0.6142,0.011,0.3748
CLUBS NINE DIAMONDS EIGHT,0.6806,0.0402,0.2792
CLUBS EIGHT DIAMONDS EIGHT,0.3082,0.0278,0.664
CLUBS FIVE DIAMONDS EIGHT,0.7014,0.0504,0.2482
SPADES ACE SPADES THREE,0.3818,0.0042,0.614
CLUBS FOUR DIAMONDS EIGHT,0.7118,0.0522,0.236
SPADES QUEEN SPADES THREE,0.524,0.2198,0.2562
CLUBS SEVEN DIAMONDS EIGHT,0.6832,0.0442,0.2726
CLUBS SIX DIAMONDS EIGHT,0.6804,0.0394,0.2802
SPADES KING SPADES THREE,0.3992,0.007,0.5938
DIAMONDS QUEEN DIAMONDS EIGHT,0.022,0.9016,0.0764
HEARTS TWO DIAMONDS EIGHT,0.7324,0.044,0.2236
DIAMONDS KING DIAMONDS EIGHT,0.2364,0.0334,0.7302
HEARTS THREE DIAMONDS EIGHT,0.727,0.0466,0.2264
DIAMONDS ACE DIAMONDS EIGHT,0.241,0.0276,0.7314
HEARTS FOUR DIAMONDS EIGHT,0.7128,0.042,0.2452
HEARTS FIVE DIAMONDS EIGHT,0.6936,0.0488,0.2576
DIAMONDS EIGHT DIAMONDS TEN,0.6378,0.0412,0.321
DIAMONDS EIGHT DIAMONDS JACK,0.6616,0.0412,0.2972
SPADES JACK SPADES THREE,0.6112,0.0108,0.378
SPADES TEN SPADES THREE,0.6092,0.0114,0.3794
CLUBS FOUR HEARTS ACE,0.4096,0.0042,0.5862
CLUBS FOUR HEARTS QUEEN,0.5432,0.2248,0.232
CLUBS FOUR HEARTS KING,0.4174,0.0056,0.577
CLUBS SIX HEARTS TEN,0.6308,0.013,0.3562
CLUBS SIX HEARTS JACK,0.6434,0.0102,0.3464
SPADES FOUR DIAMONDS EIGHT,0.7152,0.0484,0.2364
SPADES FIVE DIAMONDS EIGHT,0.6904,0.0434,0.2662
DIAMONDS EIGHT SPADES TWO,0.7228,0.051,0.2262
DIAMONDS EIGHT SPADES THREE,0.728,0.0524,0.2196
CLUBS FOUR HEARTS JACK,0.6406,0.0094,0.35
SPADES TEN DIAMONDS QUEEN,0.2218,0.108,0.6702
SPADES TEN HEARTS TWO,0.634,0.0122,0.3538
SPADES JACK HEARTS EIGHT,0.706,0.0416,0.2524
CLUBS FOUR HEARTS TEN,0.6304,0.011,0.3586
SPADES NINE DIAMONDS EIGHT,0.6828,0.039,0.2782
SPADES TEN HEARTS EIGHT,0.688,0.0422,0.2698
SPADES JACK HEARTS TWO,0.6266,0.0132,0.3602
SPADES JACK DIAMONDS QUEEN,0.2218,0.0896,0.6886
SPADES SIX DIAMONDS EIGHT,0.6972,0.0444,0.2584
SPADES SEVEN DIAMONDS EIGHT,0.6926,0.045,0.2624
SPADES ACE HEARTS TWO,0.3994,0.0064,0.5942
SPADES ACE DIAMONDS QUEEN,0.2388,0.014,0.7472
SPADES ACE HEARTS EIGHT,0.2436,0.025,0.7314
SPADES KING HEARTS EIGHT,0.2434,0.0342,0.7224
SPADES QUEEN HEARTS TWO,0.5516,0.232,0.2164
SPADES QUEEN DIAMONDS QUEEN,0.0964,0.0246,0.879
SPADES KING DIAMONDS QUEEN,0.2188,0.0242,0.757
SPADES KING HEARTS TWO,0.411,0.0076,0.5814
SPADES QUEEN HEARTS EIGHT,0.013,0.9662,0.0208
CLUBS TWO HEARTS TEN,0.6424,0.0108,0.3468
CLUBS TWO HEARTS JACK,0.6446,0.0126,0.3428
SPADES SEVEN DIAMONDS NINE,0.614,0.0084,0.3776
SPADES SIX DIAMONDS NINE,0.6364,0.0084,0.3552
SPADES NINE DIAMONDS NINE,0.2916,0.0188,0.6896
SPADES TEN CLUBS KING,0.3378,0.0052,0.657
DIAMONDS NINE SPADES THREE,0.653,0.0124,0.3346
SPADES JACK CLUBS KING,0.3422,0.005,0.6528
DIAMONDS NINE SPADES TWO,0.6476,0.011,0.3414
SPADES FIVE DIAMONDS NINE,0.6228,0.0116,0.3656
DIAMONDS NINE SPADES FOUR,0.6408,0.013,0.3462
CLUBS NINE DIAMONDS NINE,0.305,0.017,0.678
CLUBS EIGHT DIAMONDS NINE,0.678,0.0406,0.2814
CLUBS SIX DIAMONDS NINE,0.6106,0.0116,0.3778
SPADES JACK CLUBS FOUR,0.6422,0.0074,0.3504
SPADES TEN CLUBS FOUR,0.642,0.0118,0.3462
CLUBS SEVEN DIAMONDS NINE,0.6236,0.009,0.3674
CLUBS FOUR DIAMONDS NINE,0.649,0.01,0.341
CLUBS FIVE DIAMONDS NINE,0.6314,0.0116,0.357
CLUBS TWO DIAMONDS NINE,0.651,0.0102,0.3388
CLUBS THREE DIAMONDS NINE,0.6382,0.0132,0.3486
DIAMONDS NINE HEARTS EIGHT,0.6782,0.0352,0.2866
DIAMONDS NINE HEARTS NINE,0.3076,0.0126,0.6798
HEARTS SIX DIAMONDS NINE,0.606,0.0082,0.3858
DIAMONDS NINE HEARTS SEVEN,0.6022,0.01,0.3878
CLUBS EIGHT CLUBS NINE,0.6476,0.0406,0.3118
DIAMONDS ACE DIAMONDS NINE,0.3454,0.003,0.6516
HEARTS FOUR DIAMONDS NINE,0.6204,0.0076,0.372
HEARTS FIVE DIAMONDS NINE,0.6256,0.0098,0.3646
CLUBS TWO HEARTS ACE,0.4158,0.0052,0.579
SPADES ACE CLUBS FOUR,0.399,0.0054,0.5956
DIAMONDS QUEEN DIAMONDS NINE,0.2196,0.1464,0.634
HEARTS TWO DIAMONDS NINE,0.6454,0.01,0.3446
CLUBS TWO HEARTS KING,0.3986,0.0058,0.5956
SPADES KING CLUBS FOUR,0.411,0.0072,0.5818
DIAMONDS KING DIAMONDS NINE,0.3358,0.0078,0.6564
HEARTS THREE DIAMONDS NINE,0.63,0.0086,0.3614
CLUBS TWO HEARTS QUEEN,0.549,0.2266,0.2244
SPADES QUEEN CLUBS FOUR,0.5496,0.2262,0.2242
DIAMONDS NINE DIAMONDS JACK,0.557,0.0098,0.4332
CLUBS EIGHT SPADES NINE,0.6848,0.038,0.2772
DIAMONDS NINE DIAMONDS TEN,0.5348,0.01,0.4552
CLUBS EIGHT SPADES SEVEN,0.6912,0.0474,0.2614
CLUBS EIGHT SPADES SIX,0.6926,0.0456,0.2618
CLUBS EIGHT SPADES FIVE,0.7096,0.0436,0.2468
CLUBS EIGHT SPADES FOUR,0.719,0.0492,0.2318
CLUBS EIGHT SPADES THREE,0.7296,0.0514,0.219
CLUBS EIGHT SPADES TWO,0.7286,0.0498,0.2216
HEARTS SIX DIAMONDS TEN,0.6306,0.0102,0.3592
DIAMONDS TEN HEARTS SEVEN,0.6182,0.0114,0.3704
DIAMONDS TEN HEARTS EIGHT,0.6898,0.0418,0.2684
CLUBS FOUR CLUBS JACK,0.6036,0.0086,0.3878
DIAMONDS TEN HEARTS NINE,0.555,0.008,0.437
CLUBS FOUR CLUBS TEN,0.5974,0.0108,0.3918
CLUBS FOUR CLUBS KING,0.3856,0.0074,0.607
CLUBS TWO DIAMONDS TEN,0.6414,0.0136,0.345
CLUBS THREE DIAMONDS TEN,0.6436,0.0108,0.3456
CLUBS FOUR CLUBS ACE,0.3864,0.0062,0.6074
DIAMONDS JACK DIAMONDS TEN,0.5282,0.0088,0.463
DIAMONDS QUEEN DIAMONDS TEN,0.2244,0.1158,0.6598
HEARTS TWO DIAMONDS TEN,0.647,0.0106,0.3424
DIAMONDS KING DIAMONDS TEN,0.3246,0.006,0.6694
HEARTS THREE DIAMONDS TEN,0.6368,0.0134,0.3498
DIAMONDS ACE DIAMONDS TEN,0.3204,0.0022,0.6774
HEARTS FOUR DIAMONDS TEN,0.627,0.011,0.362
CLUBS EIGHT HEARTS JACK,0.719,0.0424,0.2386
HEARTS FIVE DIAMONDS TEN,0.6262,0.0104,0.3634
CLUBS EIGHT HEARTS TEN,0.6988,0.04,0.2612
CLUBS EIGHT HEARTS QUEEN,0.0188,0.9698,0.0114
CLUBS EIGHT HEARTS KING,0.2516,0.035,0.7134
CLUBS EIGHT HEARTS ACE,0.2548,0.0248,0.7204
CLUBS NINE SPADES THREE,0.644,0.0104,0.3456
CLUBS NINE SPADES TWO,0.6372,0.0126,0.3502
CLUBS NINE SPADES FIVE,0.6254,0.0096,0.365
CLUBS NINE SPADES FOUR,0.653,0.0124,0.3346
CLUBS NINE SPADES SEVEN,0.622,0.0104,0.3676
CLUBS NINE SPADES SIX,0.632,0.0116,0.3564
CLUBS NINE SPADES NINE,0.2904,0.019,0.6906
CLUBS TEN HEARTS EIGHT,0.705,0.0382,0.2568
CLUBS JACK HEARTS EIGHT,0.717,0.038,0.245
CLUBS KING HEARTS EIGHT,0.2432,0.033,0.7238
CLUBS ACE HEARTS EIGHT,0.2506,0.0238,0.7256
SPADES KING CLUBS KING,0.1366,0.0044,0.859
SPADES QUEEN CLUBS KING,0.2256,0.0294,0.745
SPADES ACE CLUBS KING,0.3352,0.0054,0.6594
DIAMONDS ACE HEARTS TEN,0.3544,0.0028,0.6428
HEARTS FOUR HEARTS TEN,0.5824,0.0112,0.4064
DIAMONDS ACE HEARTS JACK,0.367,0.0038,0.6292
HEARTS FOUR HEARTS JACK,0.5956,0.0098,0.3946
SPADES KING CLUBS FIVE,0.4078,0.0072,0.585
SPADES QUEEN CLUBS FIVE,0.5478,0.2258,0.2264
SPADES ACE CLUBS FIVE,0.4014,0.0056,0.593
DIAMONDS JACK HEARTS SEVEN,0.6338,0.0104,0.3558
HEARTS SIX DIAMONDS JACK,0.6444,0.0084,0.3472
DIAMONDS JACK HEARTS NINE,0.579,0.0108,0.4102
DIAMONDS JACK HEARTS EIGHT,0.7138,0.037,0.2492
DIAMONDS KING DIAMONDS JACK,0.3424,0.0056,0.652
HEARTS THREE DIAMONDS JACK,0.64,0.0102,0.3498
SPADES ACE SPADES SIX,0.4006,0.004,0.5954
SPADES FOUR HEARTS ACE,0.4072,0.0042,0.5886
DIAMONDS QUEEN DIAMONDS JACK,0.2312,0.0824,0.6864
HEARTS TWO DIAMONDS JACK,0.6308,0.0098,0.3594
HEARTS FIVE DIAMONDS JACK,0.6332,0.0128,0.354
SPADES QUEEN SPADES SIX,0.525,0.2116,0.2634
SPADES FOUR HEARTS QUEEN,0.5428,0.2284,0.2288
DIAMONDS ACE DIAMONDS JACK,0.345,0.003,0.652
HEARTS FOUR DIAMONDS JACK,0.6262,0.0108,0.363
SPADES KING SPADES SIX,0.3886,0.0088,0.6026
HEARTS KING SPADES FOUR,0.4008,0.0076,0.5916
SPADES TEN SPADES SIX,0.5898,0.0158,0.3944
SPADES JACK SPADES SIX,0.6054,0.0116,0.383
SPADES FOUR DIAMONDS JACK,0.64,0.0102,0.3498
SPADES FIVE DIAMONDS JACK,0.6382,0.011,0.3508
DIAMONDS JACK SPADES TWO,0.6412,0.0096,0.3492
SPADES THREE DIAMONDS JACK,0.6454,0.0112,0.3434
SPADES ACE DIAMONDS THREE,0.4028,0.005,0.5922
SPADES QUEEN DIAMONDS THREE,0.5556,0.2212,0.2232
CLUBS EIGHT DIAMONDS JACK,0.722,0.0426,0.2354
SPADES KING DIAMONDS THREE,0.4068,0.0084,0.5848
CLUBS NINE DIAMONDS JACK,0.5788,0.0072,0.414
CLUBS SIX DIAMONDS JACK,0.6498,0.0098,0.3404
CLUBS SEVEN DIAMONDS JACK,0.6344,0.0124,0.3532
CLUBS FOUR DIAMONDS JACK,0.6496,0.011,0.3394
CLUBS FIVE DIAMONDS JACK,0.6486,0.009,0.3424
CLUBS TWO DIAMONDS JACK,0.6322,0.0126,0.3552
CLUBS THREE DIAMONDS JACK,0.6422,0.0114,0.3464
SPADES TEN CLUBS FIVE,0.644,0.0154,0.3406
HEARTS SIX SPADES JACK,0.6366,0.0094,0.354
HEARTS SIX SPADES TEN,0.6286,0.012,0.3594
SPADES JACK CLUBS FIVE,0.6272,0.013,0.3598
SPADES JACK DIAMONDS THREE,0.6352,0.0134,0.3514
CLUBS SEVEN CLUBS ACE,0.3788,0.0042,0.617
DIAMONDS THREE SPADES TEN,0.6328,0.0094,0.3578
CLUBS SEVEN CLUBS KING,0.381,0.0074,0.6116
SPADES NINE DIAMONDS JACK,0.571,0.009,0.42
CLUBS SEVEN CLUBS TEN,0.5986,0.0132,0.3882
DIAMONDS ACE HEARTS ACE,0.142,0.0032,0.8548
HEARTS FOUR HEARTS ACE,0.373,0.0062,0.6208
SPADES ACE HEARTS SIX,0.3962,0.0044,0.5994
CLUBS SEVEN CLUBS JACK,0.6026,0.013,0.3844
DIAMONDS ACE HEARTS KING,0.3308,0.003,0.6662
HEARTS FOUR HEARTS KING,0.3862,0.0082,0.6056
SPADES SEVEN DIAMONDS JACK,0.6348,0.01,0.3552
SPADES KING HEARTS SIX,0.398,0.0052,0.5968
DIAMONDS ACE HEARTS QUEEN,0.2432,0.0142,0.7426
HEARTS FOUR HEARTS QUEEN,0.5064,0.2138,0.2798
SPADES SIX DIAMONDS JACK,0.6476,0.0136,0.3388
SPADES QUEEN HEARTS SIX,0.5464,0.219,0.2346
SPADES TWO DIAMONDS TEN,0.6382,0.0084,0.3534
SPADES THREE DIAMONDS TEN,0.6362,0.0088,0.355
SPADES FOUR DIAMONDS TEN,0.6462,0.0114,0.3424
SPADES FIVE DIAMONDS TEN,0.644,0.0104,0.3456
SPADES SIX DIAMONDS TEN,0.6364,0.0096,0.354
SPADES SEVEN DIAMONDS TEN,0.6308,0.0116,0.3576
SPADES NINE DIAMONDS TEN,0.558,0.0106,0.4314
CLUBS FOUR DIAMONDS TEN,0.635,0.0114,0.3536
CLUBS FIVE DIAMONDS TEN,0.6494,0.009,0.3416
CLUBS SIX DIAMONDS TEN,0.6286,0.0128,0.3586
CLUBS SEVEN DIAMONDS TEN,0.6258,0.0118,0.3624
CLUBS EIGHT DIAMONDS TEN,0.6954,0.0388,0.2658
CLUBS NINE DIAMONDS TEN,0.5644,0.0104,0.4252
DIAMONDS THREE CLUBS JACK,0.6406,0.0126,0.3468
DIAMONDS THREE CLUBS TEN,0.643,0.0112,0.3458
DIAMONDS THREE CLUBS KING,0.4182,0.009,0.5728
DIAMONDS THREE CLUBS ACE,0.4116,0.0054,0.583
SPADES FOUR HEARTS JACK,0.634,0.0102,0.3558
SPADES FOUR HEARTS TEN,0.6418,0.0102,0.348
SPADES FIVE SPADES TWO,0.615,0.0152,0.3698
SPADES FOUR SPADES TWO,0.6162,0.012,0.3718
SPADES THREE SPADES TWO,0.6172,0.0142,0.3686
SPADES NINE SPADES TWO,0.5922,0.0108,0.397
SPADES SEVEN SPADES TWO,0.636,0.013,0.351
SPADES SIX SPADES TWO,0.6444,0.0122,0.3434
DIAMONDS QUEEN CLUBS THREE,0.5592,0.225,0.2158
HEARTS TWO CLUBS THREE,0.6482,0.0126,0.3392
DIAMONDS QUEEN CLUBS TWO,0.5646,0.2192,0.2162
CLUBS TWO HEARTS TWO,0.4678,0.0252,0.507
DIAMONDS QUEEN HEARTS SEVEN,0.5492,0.223,0.2278
HEARTS TWO HEARTS SEVEN,0.61,0.0124,0.3776
HEARTS SIX DIAMONDS QUEEN,0.5554,0.2196,0.225
HEARTS SIX HEARTS TWO,0.6152,0.0096,0.3752
DIAMONDS QUEEN HEARTS NINE,0.235,0.1666,0.5984
HEARTS TWO HEARTS NINE,0.606,0.0094,0.3846
DIAMONDS QUEEN HEARTS EIGHT,0.0212,0.9538,0.025
HEARTS TWO HEARTS EIGHT,0.6976,0.0424,0.26
CLUBS NINE HEARTS TWO,0.6334,0.0118,0.3548
CLUBS NINE DIAMONDS QUEEN,0.23,0.1766,0.5934
CLUBS EIGHT HEARTS TWO,0.7326,0.0454,0.222
CLUBS EIGHT DIAMONDS QUEEN,0.0204,0.9684,0.0112
CLUBS FIVE DIAMONDS QUEEN,0.5518,0.2266,0.2216
CLUBS FIVE HEARTS TWO,0.6396,0.0128,0.3476
CLUBS FOUR DIAMONDS QUEEN,0.5332,0.232,0.2348
CLUBS FOUR HEARTS TWO,0.6556,0.013,0.3314
CLUBS SEVEN HEARTS TWO,0.669,0.0132,0.3178
CLUBS SEVEN DIAMONDS QUEEN,0.5518,0.233,0.2152
CLUBS SIX DIAMONDS QUEEN,0.5546,0.217,0.2284
CLUBS SIX HEARTS TWO,0.6602,0.011,0.3288
DIAMONDS QUEEN SPADES SIX,0.54,0.2344,0.2256
HEARTS TWO SPADES SIX,0.6714,0.0104,0.3182
DIAMONDS QUEEN SPADES SEVEN,0.563,0.2166,0.2204
SPADES SEVEN HEARTS TWO,0.6718,0.0122,0.316
HEARTS FOUR CLUBS KING,0.3998,0.0084,0.5918
DIAMONDS ACE CLUBS KING,0.3206,0.0052,0.6742
HEARTS FOUR CLUBS ACE,0.4056,0.0044,0.59
DIAMONDS ACE CLUBS ACE,0.1322,0.0034,0.8644
SPADES NINE DIAMONDS QUEEN,0.2288,0.1668,0.6044
SPADES NINE HEARTS TWO,0.6374,0.0082,0.3544
HEARTS TWO SPADES TWO,0.4586,0.0222,0.5192
DIAMONDS QUEEN SPADES TWO,0.5568,0.2234,0.2198
HEARTS TWO SPADES THREE,0.642,0.0148,0.3432
DIAMONDS QUEEN SPADES THREE,0.5694,0.218,0.2126
HEARTS TWO SPADES FOUR,0.6456,0.0134,0.341
DIAMONDS QUEEN SPADES FOUR,0.5616,0.2098,0.2286
HEARTS FOUR CLUBS TEN,0.6346,0.01,0.3554
DIAMONDS ACE CLUBS TEN,0.3572,0.0036,0.6392
HEARTS TWO SPADES FIVE,0.6444,0.0118,0.3438
DIAMONDS QUEEN SPADES FIVE,0.5504,0.2288,0.2208
HEARTS FOUR CLUBS JACK,0.6392,0.0116,0.3492
DIAMONDS ACE CLUBS JACK,0.3758,0.0044,0.6198
CLUBS FIVE CLUBS KING,0.389,0.0076,0.6034
CLUBS FIVE CLUBS ACE,0.3738,0.0056,0.6206
CLUBS FIVE CLUBS JACK,0.615,0.0112,0.3738
CLUBS FIVE CLUBS TEN,0.5982,0.0126,0.3892
SPADES KING CLUBS JACK,0.3502,0.007,0.6428
SPADES QUEEN CLUBS JACK,0.2278,0.0954,0.6768
SPADES ACE CLUBS JACK,0.3622,0.0062,0.6316
SPADES SIX CLUBS KING,0.4102,0.0068,0.583
SPADES SIX CLUBS ACE,0.399,0.0038,0.5972
SPADES SIX CLUBS JACK,0.6486,0.0128,0.3386
SPADES SIX CLUBS TEN,0.6404,0.0124,0.3472
SPADES TEN CLUBS JACK,0.5566,0.0114,0.432
SPADES JACK CLUBS JACK,0.2702,0.0112,0.7186
SPADES QUEEN CLUBS SEVEN,0.5596,0.2252,0.2152
SPADES KING CLUBS SEVEN,0.4114,0.008,0.5806
SPADES ACE CLUBS SEVEN,0.4014,0.0048,0.5938
SPADES SIX HEARTS TEN,0.638,0.013,0.349
SPADES SIX HEARTS JACK,0.6434,0.0102,0.3464
SPADES SIX HEARTS ACE,0.4084,0.0052,0.5864
SPADES SIX HEARTS KING,0.4,0.0074,0.5926
SPADES SIX HEARTS QUEEN,0.548,0.222,0.23
SPADES JACK CLUBS SEVEN,0.6222,0.0124,0.3654
CLUBS SEVEN SPADES TEN,0.6232,0.0138,0.363
HEARTS SIX CLUBS TEN,0.6362,0.0096,0.3542
HEARTS SIX CLUBS JACK,0.6404,0.0118,0.3478
CLUBS ACE CLUBS JACK,0.3472,0.0054,0.6474
HEARTS SIX CLUBS KING,0.3894,0.0072,0.6034
HEARTS SIX CLUBS ACE,0.4048,0.0044,0.5908
CLUBS KING CLUBS JACK,0.316,0.0064,0.6776
DIAMONDS THREE HEARTS ACE,0.4094,0.0034,0.5872
DIAMONDS THREE HEARTS QUEEN,0.548,0.2254,0.2266
DIAMONDS THREE HEARTS KING,0.4016,0.0078,0.5906
CLUBS FIVE HEARTS JACK,0.6272,0.01,0.3628
SPADES TEN DIAMONDS ACE,0.3512,0.0038,0.645
HEARTS FOUR SPADES TEN,0.6352,0.0086,0.3562
CLUBS FIVE HEARTS TEN,0.6408,0.0094,0.3498
HEARTS FOUR SPADES JACK,0.6334,0.012,0.3546
SPADES JACK DIAMONDS ACE,0.3494,0.0034,0.6472
SPADES ACE HEARTS FOUR,0.3936,0.004,0.6024
SPADES ACE DIAMONDS ACE,0.1372,0.0034,0.8594
CLUBS FIVE HEARTS ACE,0.403,0.0034,0.5936
CLUBS FIVE HEARTS KING,0.4056,0.0054,0.589
HEARTS FOUR SPADES QUEEN,0.5274,0.2342,0.2384
SPADES QUEEN DIAMONDS ACE,0.2492,0.0134,0.7374
SPADES FOUR CLUBS JACK,0.648,0.01,0.342
CLUBS FIVE HEARTS QUEEN,0.5554,0.2168,0.2278
SPADES KING DIAMONDS ACE,0.3258,0.0046,0.6696
HEARTS FOUR SPADES KING,0.3992,0.009,0.5918
SPADES FOUR CLUBS TEN,0.6514,0.012,0.3366
DIAMONDS QUEEN DIAMONDS ACE,0.23,0.014,0.756
HEARTS TWO DIAMONDS ACE,0.4062,0.0032,0.5906
HEARTS FOUR DIAMONDS QUEEN,0.5506,0.2064,0.243
HEARTS FOUR HEARTS TWO,0.6114,0.0108,0.3778
DIAMONDS THREE HEARTS TEN,0.6368,0.0132,0.35
SPADES FOUR CLUBS KING,0.4078,0.0074,0.5848
HEARTS FIVE DIAMONDS QUEEN,0.557,0.2228,0.2202
HEARTS FIVE HEARTS TWO,0.5976,0.0108,0.3916
DIAMONDS THREE HEARTS JACK,0.6416,0.0112,0.3472
DIAMONDS QUEEN HEARTS TWO,0.5536,0.2162,0.2302
DIAMONDS KING DIAMONDS QUEEN,0.2216,0.026,0.7524
DIAMONDS KING HEARTS TWO,0.4056,0.0078,0.5866
HEARTS THREE DIAMONDS QUEEN,0.5624,0.2134,0.2242
HEARTS THREE HEARTS TWO,0.612,0.012,0.376
SPADES FOUR CLUBS ACE,0.4178,0.0044,0.5778
HEARTS TWO CLUBS ACE,0.412,0.0058,0.5822
DIAMONDS QUEEN CLUBS ACE,0.2348,0.0144,0.7508
HEARTS TWO CLUBS KING,0.4042,0.009,0.5868
DIAMONDS QUEEN CLUBS KING,0.2118,0.0274,0.7608
HEARTS TWO CLUBS TEN,0.6412,0.0112,0.3476
DIAMONDS QUEEN CLUBS TEN,0.2288,0.1156,0.6556
SPADES NINE SPADES FIVE,0.609,0.0108,0.3802
HEARTS TWO CLUBS JACK,0.6424,0.0138,0.3438
DIAMONDS QUEEN CLUBS JACK,0.2356,0.096,0.6684
SPADES SIX SPADES FIVE,0.5888,0.0106,0.4006
SPADES SEVEN SPADES FIVE,0.5932,0.0132,0.3936
DIAMONDS FIVE CLUBS KING,0.3964,0.0074,0.5962
CLUBS ACE DIAMONDS FIVE,0.398,0.0048,0.5972
DIAMONDS FIVE CLUBS TEN,0.6322,0.0104,0.3574
DIAMONDS FIVE CLUBS JACK,0.6244,0.0114,0.3642
HEARTS JACK DIAMONDS TEN,0.5654,0.0086,0.426
DIAMONDS TEN HEARTS TEN,0.2886,0.0138,0.6976
SPADES ACE CLUBS NINE,0.351,0.0038,0.6452
CLUBS NINE SPADES QUEEN,0.2246,0.1754,0.6
SPADES KING CLUBS NINE,0.3522,0.0076,0.6402
HEARTS SIX HEARTS KING,0.378,0.006,0.616
DIAMONDS KING SPADES SEVEN,0.4186,0.0082,0.5732
HEARTS THREE SPADES SEVEN,0.657,0.0134,0.3296
SPADES KING DIAMONDS SEVEN,0.3902,0.0072,0.6026
HEARTS SIX HEARTS QUEEN,0.5184,0.2062,0.2754
DIAMONDS KING SPADES SIX,0.402,0.0088,0.5892
HEARTS THREE SPADES SIX,0.6528,0.01,0.3372
SPADES QUEEN DIAMONDS SEVEN,0.547,0.2292,0.2238
DIAMONDS KING SPADES NINE,0.364,0.0066,0.6294
HEARTS THREE SPADES NINE,0.6324,0.0094,0.3582
HEARTS SIX HEARTS ACE,0.375,0.0036,0.6214
SPADES ACE DIAMONDS SEVEN,0.4002,0.0032,0.5966
CLUBS NINE HEARTS THREE,0.6364,0.012,0.3516
CLUBS NINE DIAMONDS KING,0.363,0.0082,0.6288
CLUBS EIGHT HEARTS THREE,0.7302,0.0482,0.2216
CLUBS EIGHT DIAMONDS KING,0.2516,0.0362,0.7122
HEARTS THREE SPADES THREE,0.4622,0.0228,0.515
DIAMONDS KING SPADES THREE,0.4168,0.0072,0.576
