opposingHand,winningChance,drawChance,lostChance
SPADES NINE CLUBS QUEEN
HEARTS FIVE SPADES TEN,0.635,0.0138,0.3512
SPADES JACK HEARTS FIVE,0.6522,0.0088,0.339
SPADES FIVE CLUBS JACK,0.6472,0.0134,0.3394
SPADES FIVE CLUBS TEN,0.6618,0.0126,0.3256
CLUBS EIGHT CLUBS JACK,0.6074,0.0098,0.3828
CLUBS EIGHT CLUBS TEN,0.5962,0.0138,0.39
CLUBS EIGHT CLUBS KING,0.4118,0.0072,0.581
SPADES FIVE CLUBS ACE,0.4014,0.0034,0.5952
SPADES FIVE CLUBS KING,0.4132,0.008,0.5788
CLUBS EIGHT CLUBS ACE,0.3906,0.0052,0.6042
DIAMONDS TWO DIAMONDS THREE,0.604,0.01,0.386
DIAMONDS TWO DIAMONDS FIVE,0.5996,0.0106,0.3898
SPADES KING HEARTS FIVE,0.4144,0.0056,0.58
DIAMONDS TWO DIAMONDS FOUR,0.6024,0.0102,0.3874
SPADES QUEEN HEARTS FIVE,0.5928,0.1602,0.247
DIAMONDS TWO DIAMONDS SEVEN,0.6156,0.0102,0.3742
DIAMONDS TWO DIAMONDS SIX,0.6044,0.0108,0.3848
SPADES ACE HEARTS FIVE,0.4198,0.0028,0.5774
DIAMONDS TWO DIAMONDS NINE,0.6826,0.046,0.2714
DIAMONDS TWO DIAMONDS EIGHT,0.6268,0.009,0.3642
DIAMONDS THREE DIAMONDS FOUR,0.5802,0.0112,0.4086
CLUBS TWO SPADES FOUR,0.6424,0.0148,0.3428
DIAMONDS THREE DIAMONDS FIVE,0.5894,0.009,0.4016
CLUBS TWO SPADES FIVE,0.6638,0.011,0.3252
CLUBS TWO SPADES TWO,0.4676,0.0212,0.5112
CLUBS TWO SPADES THREE,0.639,0.0134,0.3476
DIAMONDS THREE DIAMONDS EIGHT,0.6274,0.0108,0.3618
SPADES EIGHT CLUBS TWO,0.672,0.015,0.313
DIAMONDS THREE DIAMONDS NINE,0.6754,0.0438,0.2808
DIAMONDS THREE DIAMONDS SIX,0.5932,0.0114,0.3954
CLUBS TWO SPADES SIX,0.6784,0.0112,0.3104
DIAMONDS THREE DIAMONDS SEVEN,0.6078,0.0108,0.3814
SPADES SEVEN CLUBS TWO,0.6824,0.0102,0.3074
CLUBS SIX CLUBS TWO,0.6302,0.0124,0.3574
CLUBS SEVEN CLUBS TWO,0.6536,0.0088,0.3376
CLUBS FOUR CLUBS TWO,0.6158,0.0128,0.3714
CLUBS FIVE CLUBS TWO,0.6086,0.0104,0.381
CLUBS JACK CLUBS TEN,0.5532,0.0106,0.4362
DIAMONDS FOUR DIAMONDS SIX,0.5858,0.0112,0.403
DIAMONDS FOUR DIAMONDS SEVEN,0.6054,0.0122,0.3824
CLUBS KING CLUBS TEN,0.345,0.0078,0.6472
CLUBS ACE CLUBS TEN,0.355,0.005,0.64
CLUBS EIGHT CLUBS TWO,0.6434,0.0108,0.3458
DIAMONDS FIVE DIAMONDS FOUR,0.5804,0.0108,0.4088
CLUBS NINE CLUBS TWO,0.7066,0.046,0.2474
DIAMONDS NINE DIAMONDS FOUR,0.6838,0.0406,0.2756
DIAMONDS EIGHT DIAMONDS FOUR,0.6184,0.013,0.3686
CLUBS TWO CLUBS THREE,0.6124,0.0124,0.3752
DIAMONDS NINE DIAMONDS FIVE,0.6616,0.0382,0.3002
DIAMONDS TWO CLUBS JACK,0.6576,0.0092,0.3332
DIAMONDS EIGHT DIAMONDS FIVE,0.6004,0.011,0.3886
DIAMONDS TWO CLUBS TEN,0.651,0.0112,0.3378
DIAMONDS FIVE DIAMONDS SEVEN,0.597,0.0114,0.3916
DIAMONDS FIVE DIAMONDS SIX,0.5756,0.0114,0.413
DIAMONDS TWO CLUBS ACE,0.4186,0.0048,0.5766
DIAMONDS TWO CLUBS KING,0.4162,0.0082,0.5756
DIAMONDS EIGHT DIAMONDS SIX,0.5914,0.0146,0.394
DIAMONDS NINE DIAMONDS SIX,0.6574,0.044,0.2986
HEARTS ACE SPADES THREE,0.4174,0.0034,0.5792
HEARTS KING SPADES THREE,0.4246,0.0068,0.5686
DIAMONDS SEVEN DIAMONDS SIX,0.5852,0.0086,0.4062
SPADES THREE HEARTS QUEEN,0.6098,0.172,0.2182
SPADES THREE HEARTS JACK,0.6554,0.0108,0.3338
SPADES THREE HEARTS TEN,0.6542,0.0094,0.3364
DIAMONDS EIGHT DIAMONDS SEVEN,0.5812,0.0098,0.409
DIAMONDS NINE DIAMONDS SEVEN,0.6666,0.0402,0.2932
DIAMONDS NINE DIAMONDS EIGHT,0.6496,0.0484,0.302
DIAMONDS KING HEARTS TEN,0.3582,0.006,0.6358
HEARTS THREE HEARTS TEN,0.6108,0.0098,0.3794
CLUBS SIX SPADES JACK,0.6566,0.0104,0.333
DIAMONDS KING HEARTS JACK,0.361,0.005,0.634
HEARTS THREE HEARTS JACK,0.61,0.0108,0.3792
CLUBS SIX SPADES TEN,0.6296,0.0112,0.3592
SPADES JACK SPADES FIVE,0.6188,0.0084,0.3728
SPADES TEN SPADES FIVE,0.6188,0.011,0.3702
DIAMONDS KING HEARTS ACE,0.3534,0.0038,0.6428
HEARTS THREE HEARTS ACE,0.3984,0.004,0.5976
SPADES ACE CLUBS SIX,0.4168,0.006,0.5772
DIAMONDS KING HEARTS QUEEN,0.2382,0.0246,0.7372
HEARTS THREE HEARTS QUEEN,0.568,0.1508,0.2812
SPADES KING CLUBS SIX,0.42,0.008,0.572
DIAMONDS KING HEARTS KING,0.1602,0.0032,0.8366
HEARTS THREE HEARTS KING,0.391,0.006,0.603
SPADES QUEEN CLUBS SIX,0.6188,0.1624,0.2188
SPADES QUEEN SPADES FIVE,0.5792,0.164,0.2568
SPADES KING SPADES FIVE,0.403,0.0082,0.5888
SPADES ACE SPADES FIVE,0.3854,0.005,0.6096
SPADES JACK CLUBS TEN,0.585,0.0092,0.4058
SPADES TEN CLUBS TEN,0.2894,0.014,0.6966
SPADES ACE CLUBS TEN,0.342,0.0044,0.6536
SPADES KING CLUBS TEN,0.3574,0.0064,0.6362
SPADES QUEEN CLUBS TEN,0.2282,0.1198,0.652
SPADES FIVE HEARTS QUEEN,0.5982,0.1646,0.2372
SPADES FIVE HEARTS KING,0.4208,0.006,0.5732
SPADES FIVE HEARTS ACE,0.4122,0.0046,0.5832
CLUBS EIGHT SPADES TEN,0.606,0.0094,0.3846
HEARTS THREE SPADES JACK,0.6488,0.0124,0.3388
SPADES JACK DIAMONDS KING,0.353,0.0046,0.6424
SPADES TEN DIAMONDS KING,0.3534,0.0094,0.6372
HEARTS THREE SPADES TEN,0.659,0.0088,0.3322
CLUBS EIGHT SPADES JACK,0.6336,0.0126,0.3538
SPADES ACE CLUBS EIGHT,0.4088,0.0036,0.5876
HEARTS FIVE CLUBS JACK,0.6436,0.011,0.3454
CLUBS SIX HEARTS ACE,0.4096,0.0036,0.5868
HEARTS FIVE CLUBS TEN,0.6412,0.0096,0.3492
CLUBS EIGHT SPADES QUEEN,0.6048,0.1856,0.2096
SPADES THREE CLUBS TEN,0.663,0.0108,0.3262
CLUBS SIX HEARTS QUEEN,0.6082,0.1644,0.2274
CLUBS EIGHT SPADES KING,0.4042,0.0072,0.5886
SPADES THREE CLUBS JACK,0.6614,0.0118,0.3268
CLUBS SIX HEARTS KING,0.4148,0.0074,0.5778
DIAMONDS TWO HEARTS JACK,0.6368,0.0128,0.3504
DIAMONDS TWO HEARTS TEN,0.6376,0.0108,0.3516
SPADES THREE CLUBS KING,0.4256,0.0082,0.5662
HEARTS FIVE CLUBS ACE,0.4022,0.0042,0.5936
SPADES FIVE HEARTS TEN,0.6432,0.0122,0.3446
SPADES THREE CLUBS ACE,0.4182,0.005,0.5768
HEARTS FIVE CLUBS KING,0.4082,0.0068,0.585
SPADES FIVE HEARTS JACK,0.6404,0.0116,0.348
HEARTS THREE CLUBS KING,0.423,0.0058,0.5712
DIAMONDS KING CLUBS KING,0.1556,0.0036,0.8408
HEARTS FIVE HEARTS JACK,0.5946,0.0112,0.3942
HEARTS FIVE HEARTS TEN,0.5954,0.0092,0.3954
HEARTS THREE CLUBS ACE,0.4254,0.0064,0.5682
DIAMONDS KING CLUBS ACE,0.3444,0.0038,0.6518
HEARTS THREE CLUBS JACK,0.6484,0.008,0.3436
DIAMONDS KING CLUBS JACK,0.364,0.0078,0.6282
HEARTS THREE CLUBS TEN,0.638,0.0124,0.3496
DIAMONDS KING CLUBS TEN,0.3608,0.0066,0.6326
CLUBS SIX CLUBS KING,0.3914,0.0074,0.6012
CLUBS SIX CLUBS ACE,0.3942,0.0058,0.6
HEARTS FIVE HEARTS KING,0.3922,0.0056,0.6022
HEARTS FIVE HEARTS QUEEN,0.567,0.1598,0.2732
CLUBS SIX CLUBS TEN,0.6156,0.0088,0.3756
HEARTS FIVE HEARTS ACE,0.391,0.0032,0.6058
CLUBS SIX CLUBS JACK,0.6256,0.0108,0.3636
SPADES SEVEN HEARTS JACK,0.641,0.0106,0.3484
SPADES SEVEN HEARTS TEN,0.6332,0.0084,0.3584
DIAMONDS TWO CLUBS TWO,0.4748,0.021,0.5042
DIAMONDS TWO CLUBS THREE,0.6478,0.012,0.3402
HEARTS SIX DIAMONDS TWO,0.6638,0.0084,0.3278
DIAMONDS TWO HEARTS QUEEN,0.5958,0.1642,0.24
DIAMONDS TWO HEARTS SEVEN,0.6702,0.0118,0.318
DIAMONDS TWO HEARTS KING,0.4376,0.0054,0.557
DIAMONDS TWO HEARTS EIGHT,0.675,0.01,0.315
DIAMONDS TWO HEARTS ACE,0.4222,0.004,0.5738
DIAMONDS TWO HEARTS NINE,0.724,0.0454,0.2306
DIAMONDS TWO DIAMONDS QUEEN,0.5658,0.159,0.2752
DIAMONDS TWO HEARTS TWO,0.4538,0.0174,0.5288
DIAMONDS TWO DIAMONDS KING,0.3834,0.0066,0.61
HEARTS THREE DIAMONDS TWO,0.6448,0.0148,0.3404
DIAMONDS TWO DIAMONDS ACE,0.3808,0.0052,0.614
HEARTS FOUR DIAMONDS TWO,0.6436,0.0112,0.3452
DIAMONDS TWO HEARTS FIVE,0.6448,0.012,0.3432
SPADES SEVEN HEARTS ACE,0.421,0.0044,0.5746
DIAMONDS TWO DIAMONDS TEN,0.6208,0.0096,0.3696
SPADES SEVEN HEARTS KING,0.4296,0.0042,0.5662
DIAMONDS TWO DIAMONDS JACK,0.6106,0.0124,0.377
SPADES SEVEN HEARTS QUEEN,0.6168,0.1632,0.22
DIAMONDS TWO SPADES EIGHT,0.6802,0.012,0.3078
DIAMONDS TWO SPADES SEVEN,0.6992,0.0106,0.2902
DIAMONDS TWO SPADES SIX,0.6602,0.0116,0.3282
DIAMONDS TWO SPADES FIVE,0.6444,0.0108,0.3448
DIAMONDS TWO SPADES FOUR,0.6536,0.0114,0.335
DIAMONDS TWO SPADES THREE,0.642,0.0138,0.3442
DIAMONDS TWO SPADES TWO,0.4708,0.0208,0.5084
CLUBS NINE DIAMONDS TWO,0.7314,0.046,0.2226
CLUBS EIGHT DIAMONDS TWO,0.6668,0.0114,0.3218
DIAMONDS TWO CLUBS SEVEN,0.6606,0.0088,0.3306
CLUBS SIX DIAMONDS TWO,0.6572,0.011,0.3318
DIAMONDS TWO CLUBS FIVE,0.6434,0.014,0.3426
DIAMONDS TWO CLUBS FOUR,0.6496,0.0108,0.3396
CLUBS FOUR SPADES FIVE,0.6302,0.0106,0.3592
CLUBS FOUR SPADES FOUR,0.4798,0.0198,0.5004
CLUBS FOUR SPADES THREE,0.6404,0.0116,0.348
CLUBS FOUR SPADES TWO,0.647,0.0094,0.3436
CLUBS FOUR SPADES EIGHT,0.662,0.0142,0.3238
CLUBS FOUR SPADES SEVEN,0.6594,0.0114,0.3292
CLUBS FOUR SPADES SIX,0.6458,0.0094,0.3448
SPADES ACE DIAMONDS SIX,0.4308,0.0042,0.565
SPADES QUEEN DIAMONDS SIX,0.6066,0.161,0.2324
SPADES KING DIAMONDS SIX,0.4038,0.0054,0.5908
SPADES TEN DIAMONDS SIX,0.6258,0.0124,0.3618
SPADES JACK DIAMONDS SIX,0.6512,0.0096,0.3392
SPADES QUEEN SPADES TWO,0.5856,0.1592,0.2552
SPADES KING SPADES TWO,0.4028,0.0074,0.5898
SPADES ACE SPADES TWO,0.3998,0.006,0.5942
DIAMONDS JACK CLUBS JACK,0.3008,0.0092,0.69
DIAMONDS JACK CLUBS TEN,0.5796,0.0094,0.411
DIAMONDS JACK CLUBS KING,0.3622,0.0072,0.6306
DIAMONDS THREE DIAMONDS JACK,0.6036,0.0114,0.385
DIAMONDS THREE DIAMONDS TEN,0.6076,0.011,0.3814
DIAMONDS JACK CLUBS ACE,0.3746,0.0034,0.622
DIAMONDS THREE DIAMONDS KING,0.395,0.0076,0.5974
HEARTS THREE DIAMONDS THREE,0.4612,0.0212,0.5176
DIAMONDS THREE DIAMONDS QUEEN,0.563,0.1506,0.2864
DIAMONDS THREE HEARTS TWO,0.645,0.0136,0.3414
HEARTS FIVE DIAMONDS THREE,0.6276,0.0102,0.3622
DIAMONDS THREE DIAMONDS ACE,0.3938,0.005,0.6012
HEARTS FOUR DIAMONDS THREE,0.6378,0.0092,0.353
DIAMONDS THREE HEARTS SEVEN,0.6416,0.0104,0.348
HEARTS SIX DIAMONDS THREE,0.648,0.0108,0.3412
DIAMONDS THREE HEARTS NINE,0.7154,0.048,0.2366
HEARTS JACK DIAMONDS FOUR,0.654,0.0092,0.3368
HEARTS KING HEARTS ACE,0.3244,0.0042,0.6714
SPADES TEN SPADES TWO,0.6152,0.011,0.3738
DIAMONDS THREE HEARTS EIGHT,0.667,0.012,0.321
HEARTS TEN DIAMONDS FOUR,0.648,0.0088,0.3432
SPADES JACK SPADES TWO,0.6012,0.0104,0.3884
HEARTS QUEEN DIAMONDS FOUR,0.5988,0.1682,0.233
HEARTS KING DIAMONDS FOUR,0.4294,0.007,0.5636
HEARTS ACE DIAMONDS FOUR,0.4192,0.0054,0.5754
DIAMONDS THREE SPADES EIGHT,0.669,0.0106,0.3204
DIAMONDS THREE SPADES SEVEN,0.664,0.0118,0.3242
DIAMONDS THREE SPADES SIX,0.6632,0.0094,0.3274
CLUBS SIX DIAMONDS THREE,0.6542,0.0082,0.3376
CLUBS ACE DIAMONDS FOUR,0.4218,0.0052,0.573
CLUBS SIX CLUBS FIVE,0.5918,0.0088,0.3994
CLUBS SEVEN CLUBS FIVE,0.5988,0.0148,0.3864
CLUBS SEVEN DIAMONDS THREE,0.6618,0.0124,0.3258
DIAMONDS THREE CLUBS FOUR,0.6478,0.0124,0.3398
DIAMONDS THREE CLUBS FIVE,0.629,0.0116,0.3594
CLUBS KING DIAMONDS FOUR,0.4204,0.0076,0.572
DIAMONDS THREE CLUBS TWO,0.6518,0.0106,0.3376
DIAMONDS FOUR CLUBS TEN,0.6486,0.0118,0.3396
DIAMONDS THREE CLUBS THREE,0.4748,0.0214,0.5038
DIAMONDS FOUR CLUBS JACK,0.6532,0.0096,0.3372
DIAMONDS THREE SPADES FOUR,0.6318,0.0114,0.3568
DIAMONDS THREE SPADES FIVE,0.6306,0.012,0.3574
DIAMONDS THREE SPADES TWO,0.652,0.01,0.338
DIAMONDS THREE SPADES THREE,0.4676,0.0198,0.5126
CLUBS EIGHT DIAMONDS THREE,0.671,0.0116,0.3174
CLUBS NINE DIAMONDS THREE,0.7238,0.0532,0.223
SPADES SEVEN CLUBS ACE,0.427,0.0032,0.5698
SPADES SEVEN CLUBS KING,0.4058,0.008,0.5862
CLUBS FIVE SPADES SEVEN,0.644,0.0112,0.3448
SPADES SEVEN CLUBS TEN,0.6372,0.0118,0.351
CLUBS FIVE SPADES SIX,0.6218,0.013,0.3652
SPADES SEVEN CLUBS JACK,0.6504,0.011,0.3386
SPADES EIGHT CLUBS FIVE,0.6542,0.0126,0.3332
CLUBS FIVE SPADES THREE,0.6412,0.0104,0.3484
CLUBS FIVE SPADES TWO,0.6668,0.0124,0.3208
CLUBS FIVE SPADES FIVE,0.4624,0.0222,0.5154
CLUBS FIVE SPADES FOUR,0.6236,0.0078,0.3686
CLUBS NINE CLUBS FIVE,0.6818,0.0462,0.272
CLUBS EIGHT CLUBS FIVE,0.6278,0.0128,0.3594
DIAMONDS TEN DIAMONDS FOUR,0.603,0.0108,0.3862
DIAMONDS NINE CLUBS TEN,0.6992,0.036,0.2648
DIAMONDS JACK DIAMONDS FOUR,0.6048,0.009,0.3862
DIAMONDS NINE CLUBS JACK,0.715,0.0366,0.2484
DIAMONDS ACE DIAMONDS FOUR,0.383,0.0046,0.6124
HEARTS FOUR DIAMONDS FOUR,0.463,0.0198,0.5172
DIAMONDS JACK HEARTS TEN,0.57,0.0106,0.4194
DIAMONDS TWO SPADES TEN,0.6454,0.0134,0.3412
DIAMONDS NINE CLUBS ACE,0.261,0.0186,0.7204
HEARTS FIVE DIAMONDS FOUR,0.6148,0.0094,0.3758
HEARTS JACK DIAMONDS JACK,0.2834,0.0096,0.707
DIAMONDS TWO SPADES JACK,0.6546,0.0114,0.334
DIAMONDS QUEEN DIAMONDS FOUR,0.5668,0.1558,0.2774
HEARTS TWO DIAMONDS FOUR,0.6452,0.0116,0.3432
DIAMONDS KING DIAMONDS FOUR,0.401,0.0082,0.5908
HEARTS THREE DIAMONDS FOUR,0.6276,0.009,0.3634
DIAMONDS NINE CLUBS KING,0.2442,0.0342,0.7216
HEARTS ACE DIAMONDS JACK,0.3706,0.0028,0.6266
SPADES ACE DIAMONDS TWO,0.411,0.0072,0.5818
DIAMONDS JACK HEARTS QUEEN,0.2344,0.0964,0.6692
SPADES QUEEN DIAMONDS TWO,0.5972,0.1752,0.2276
HEARTS KING DIAMONDS JACK,0.3584,0.0038,0.6378
SPADES KING DIAMONDS TWO,0.445,0.008,0.547
SPADES JACK SPADES SEVEN,0.6184,0.0104,0.3712
SPADES TEN SPADES SEVEN,0.5914,0.0106,0.398
CLUBS SEVEN CLUBS THREE,0.6274,0.0114,0.3612
CLUBS SIX CLUBS THREE,0.6112,0.0108,0.378
CLUBS FIVE CLUBS THREE,0.5962,0.012,0.3918
CLUBS FOUR CLUBS THREE,0.6064,0.01,0.3836
CLUBS NINE CLUBS THREE,0.6968,0.0486,0.2546
CLUBS EIGHT CLUBS THREE,0.6348,0.0108,0.3544
CLUBS THREE SPADES FIVE,0.634,0.013,0.353
CLUBS THREE SPADES FOUR,0.6528,0.012,0.3352
CLUBS THREE SPADES THREE,0.4738,0.021,0.5052
CLUBS THREE SPADES TWO,0.6656,0.0122,0.3222
SPADES SIX CLUBS THREE,0.651,0.0128,0.3362
SPADES SEVEN CLUBS THREE,0.6714,0.013,0.3156
SPADES EIGHT CLUBS THREE,0.6834,0.012,0.3046
SPADES TWO DIAMONDS FOUR,0.6586,0.0136,0.3278
SPADES THREE DIAMONDS FOUR,0.6396,0.0114,0.349
SPADES FOUR DIAMONDS FOUR,0.4634,0.0234,0.5132
SPADES FIVE DIAMONDS FOUR,0.631,0.011,0.358
SPADES SIX DIAMONDS FOUR,0.6308,0.0134,0.3558
SPADES SEVEN DIAMONDS FOUR,0.6558,0.0106,0.3336
SPADES EIGHT DIAMONDS FOUR,0.6628,0.0116,0.3256
CLUBS FIVE DIAMONDS FOUR,0.628,0.0124,0.3596
CLUBS FOUR DIAMONDS FOUR,0.4644,0.0174,0.5182
CLUBS SEVEN DIAMONDS FOUR,0.6494,0.0102,0.3404
CLUBS SIX DIAMONDS FOUR,0.639,0.0126,0.3484
CLUBS NINE DIAMONDS FOUR,0.7246,0.0464,0.229
CLUBS EIGHT DIAMONDS FOUR,0.6658,0.0126,0.3216
DIAMONDS FOUR HEARTS SEVEN,0.625,0.0094,0.3656
HEARTS SIX DIAMONDS FOUR,0.6316,0.0096,0.3588
HEARTS NINE DIAMONDS FOUR,0.7262,0.0442,0.2296
DIAMONDS FOUR HEARTS EIGHT,0.6574,0.0096,0.333
CLUBS THREE DIAMONDS FOUR,0.626,0.0106,0.3634
CLUBS TWO DIAMONDS FOUR,0.6422,0.0142,0.3436
DIAMONDS TEN DIAMONDS FIVE,0.606,0.0096,0.3844
DIAMONDS JACK DIAMONDS FIVE,0.6028,0.0146,0.3826
DIAMONDS NINE HEARTS QUEEN,0.024,0.9546,0.0214
HEARTS KING DIAMONDS NINE,0.2466,0.0304,0.723
DIAMONDS NINE HEARTS ACE,0.263,0.0152,0.7218
DIAMONDS NINE HEARTS TEN,0.6884,0.0408,0.2708
DIAMONDS NINE HEARTS JACK,0.7118,0.0376,0.2506
CLUBS KING DIAMONDS SIX,0.4174,0.0068,0.5758
CLUBS ACE DIAMONDS SIX,0.4086,0.004,0.5874
SPADES KING DIAMONDS FOUR,0.4252,0.0098,0.565
SPADES ACE SPADES SEVEN,0.3954,0.0046,0.6
SPADES QUEEN DIAMONDS FOUR,0.6088,0.1666,0.2246
SPADES QUEEN SPADES SEVEN,0.5842,0.1526,0.2632
CLUBS JACK DIAMONDS SIX,0.652,0.0122,0.3358
SPADES KING SPADES SEVEN,0.391,0.008,0.601
SPADES ACE DIAMONDS FOUR,0.4078,0.0034,0.5888
CLUBS TEN DIAMONDS SIX,0.6406,0.0078,0.3516
CLUBS NINE CLUBS FOUR,0.7014,0.0488,0.2498
CLUBS EIGHT CLUBS FOUR,0.631,0.0096,0.3594
SPADES JACK DIAMONDS FOUR,0.6454,0.0102,0.3444
SPADES TEN DIAMONDS FOUR,0.6424,0.0098,0.3478
CLUBS FOUR CLUBS FIVE,0.5856,0.0134,0.401
CLUBS SEVEN CLUBS FOUR,0.6258,0.0126,0.3616
CLUBS SIX CLUBS FOUR,0.6006,0.0116,0.3878
CLUBS SEVEN SPADES EIGHT,0.6288,0.0124,0.3588
CLUBS SEVEN SPADES SIX,0.6266,0.01,0.3634
CLUBS SEVEN SPADES SEVEN,0.4556,0.0204,0.524
CLUBS SEVEN SPADES FIVE,0.6264,0.0136,0.36
CLUBS SEVEN SPADES FOUR,0.6534,0.0132,0.3334
CLUBS SEVEN SPADES THREE,0.6706,0.0146,0.3148
CLUBS SEVEN SPADES TWO,0.6828,0.0108,0.3064
CLUBS NINE CLUBS SEVEN,0.6736,0.0436,0.2828
CLUBS EIGHT CLUBS SEVEN,0.5994,0.0114,0.3892
HEARTS SIX DIAMONDS FIVE,0.6162,0.0106,0.3732
DIAMONDS FIVE HEARTS SEVEN,0.6328,0.0116,0.3556
DIAMONDS FIVE HEARTS EIGHT,0.645,0.0094,0.3456
HEARTS NINE DIAMONDS FIVE,0.7088,0.0462,0.245
DIAMONDS QUEEN DIAMONDS FIVE,0.5666,0.1584,0.275
HEARTS TWO DIAMONDS FIVE,0.646,0.01,0.344
HEARTS KING HEARTS EIGHT,0.3966,0.0048,0.5986
DIAMONDS KING DIAMONDS FIVE,0.3896,0.0066,0.6038
HEARTS THREE DIAMONDS FIVE,0.6288,0.0118,0.3594
HEARTS QUEEN HEARTS EIGHT,0.5652,0.158,0.2768
DIAMONDS ACE DIAMONDS FIVE,0.3854,0.0046,0.61
HEARTS FOUR DIAMONDS FIVE,0.6154,0.0096,0.375
HEARTS FIVE DIAMONDS FIVE,0.4612,0.0248,0.514
HEARTS ACE HEARTS EIGHT,0.3806,0.0052,0.6142
CLUBS FOUR DIAMONDS FIVE,0.6112,0.0146,0.3742
CLUBS FIVE DIAMONDS FIVE,0.4614,0.0172,0.5214
CLUBS SIX DIAMONDS FIVE,0.631,0.0108,0.3582
CLUBS SEVEN DIAMONDS FIVE,0.6332,0.0102,0.3566
CLUBS TWO DIAMONDS FIVE,0.6364,0.0114,0.3522
CLUBS THREE DIAMONDS FIVE,0.6314,0.015,0.3536
SPADES THREE DIAMONDS FIVE,0.6358,0.0084,0.3558
SPADES TWO DIAMONDS FIVE,0.6278,0.012,0.3602
SPADES JACK DIAMONDS EIGHT,0.636,0.009,0.355
SPADES FIVE DIAMONDS FIVE,0.4518,0.021,0.5272
HEARTS JACK CLUBS TEN,0.584,0.0074,0.4086
SPADES TEN DIAMONDS EIGHT,0.6066,0.0102,0.3832
SPADES FOUR DIAMONDS FIVE,0.6282,0.011,0.3608
HEARTS JACK CLUBS JACK,0.2992,0.0112,0.6896
CLUBS NINE DIAMONDS FIVE,0.7098,0.045,0.2452
HEARTS JACK CLUBS KING,0.3582,0.0048,0.637
CLUBS EIGHT DIAMONDS FIVE,0.651,0.0136,0.3354
HEARTS JACK CLUBS ACE,0.3598,0.0066,0.6336
SPADES SEVEN DIAMONDS FIVE,0.6256,0.0142,0.3602
SPADES KING DIAMONDS EIGHT,0.4104,0.0068,0.5828
SPADES SIX DIAMONDS FIVE,0.6106,0.0114,0.378
SPADES QUEEN DIAMONDS EIGHT,0.6024,0.1782,0.2194
SPADES EIGHT DIAMONDS FIVE,0.652,0.0118,0.3362
SPADES ACE DIAMONDS EIGHT,0.4064,0.0036,0.59
DIAMONDS TEN DIAMONDS SIX,0.5946,0.0108,0.3946
HEARTS ACE DIAMONDS SEVEN,0.4216,0.0038,0.5746
DIAMONDS JACK DIAMONDS SIX,0.613,0.0088,0.3782
HEARTS QUEEN DIAMONDS SEVEN,0.6028,0.167,0.2302
HEARTS KING DIAMONDS SEVEN,0.4214,0.004,0.5746
DIAMONDS ACE DIAMONDS SIX,0.3938,0.0044,0.6018
HEARTS FOUR DIAMONDS SIX,0.6232,0.012,0.3648
HEARTS JACK SPADES TWO,0.6566,0.0124,0.331
HEARTS FIVE DIAMONDS SIX,0.6012,0.0098,0.389
SPADES TWO HEARTS TEN,0.6518,0.0102,0.338
DIAMONDS QUEEN DIAMONDS SIX,0.5658,0.151,0.2832
HEARTS TWO DIAMONDS SIX,0.6504,0.0124,0.3372
DIAMONDS KING DIAMONDS SIX,0.3926,0.006,0.6014
HEARTS THREE DIAMONDS SIX,0.645,0.0114,0.3436
HEARTS EIGHT DIAMONDS SIX,0.6302,0.0122,0.3576
HEARTS NINE DIAMONDS SIX,0.6994,0.0438,0.2568
HEARTS SIX DIAMONDS SIX,0.4496,0.0166,0.5338
HEARTS SEVEN DIAMONDS SIX,0.6288,0.0128,0.3584
HEARTS TEN DIAMONDS SEVEN,0.6276,0.01,0.3624
CLUBS TWO DIAMONDS SIX,0.6648,0.0126,0.3226
HEARTS JACK DIAMONDS SEVEN,0.6378,0.0088,0.3534
CLUBS THREE DIAMONDS SIX,0.651,0.0098,0.3392
DIAMONDS EIGHT CLUBS JACK,0.638,0.0098,0.3522
CLUBS SEVEN DIAMONDS SIX,0.6346,0.0106,0.3548
CLUBS SIX DIAMONDS SIX,0.4558,0.0206,0.5236
DIAMONDS EIGHT CLUBS TEN,0.6228,0.0106,0.3666
CLUBS FIVE DIAMONDS SIX,0.6158,0.0118,0.3724
CLUBS FOUR DIAMONDS SIX,0.6306,0.011,0.3584
HEARTS ACE HEARTS JACK,0.3492,0.0034,0.6474
DIAMONDS EIGHT CLUBS ACE,0.403,0.0048,0.5922
HEARTS JACK HEARTS QUEEN,0.2272,0.0782,0.6946
DIAMONDS EIGHT CLUBS KING,0.3992,0.0058,0.595
CLUBS NINE DIAMONDS SIX,0.7094,0.042,0.2486
HEARTS KING HEARTS JACK,0.3352,0.0052,0.6596
CLUBS EIGHT DIAMONDS SIX,0.641,0.012,0.347
SPADES TEN HEARTS KING,0.35,0.008,0.642
SPADES FIVE DIAMONDS SIX,0.6134,0.0096,0.377
HEARTS ACE SPADES TWO,0.4262,0.005,0.5688
SPADES JACK HEARTS KING,0.348,0.007,0.645
SPADES FOUR DIAMONDS SIX,0.6384,0.0104,0.3512
SPADES THREE DIAMONDS SIX,0.643,0.0092,0.3478
SPADES TWO HEARTS QUEEN,0.6184,0.1662,0.2154
SPADES ACE SPADES KING,0.3206,0.0042,0.6752
HEARTS KING SPADES TWO,0.4234,0.0068,0.5698
SPADES TWO DIAMONDS SIX,0.6542,0.011,0.3348
HEARTS TEN HEARTS EIGHT,0.5894,0.0092,0.4014
HEARTS JACK HEARTS EIGHT,0.5956,0.0094,0.395
SPADES EIGHT DIAMONDS SIX,0.6434,0.0108,0.3458
SPADES SEVEN DIAMONDS SIX,0.63,0.0112,0.3588
SPADES SIX DIAMONDS SIX,0.4666,0.0198,0.5136
SPADES KING HEARTS KING,0.1528,0.004,0.8432
SPADES QUEEN HEARTS KING,0.242,0.0222,0.7358
CLUBS ACE CLUBS KING,0.3218,0.0054,0.6728
SPADES ACE HEARTS KING,0.3386,0.0036,0.6578
SPADES ACE HEARTS JACK,0.3734,0.0034,0.6232
SPADES QUEEN HEARTS JACK,0.2326,0.087,0.6804
SPADES KING HEARTS JACK,0.359,0.0072,0.6338
SPADES TEN DIAMONDS TEN,0.2976,0.0158,0.6866
SPADES JACK DIAMONDS TEN,0.5584,0.013,0.4286
SPADES ACE DIAMONDS TEN,0.357,0.0036,0.6394
SPADES JACK HEARTS JACK,0.2906,0.0096,0.6998
SPADES TEN HEARTS JACK,0.5732,0.0142,0.4126
SPADES QUEEN DIAMONDS TEN,0.2256,0.117,0.6574
SPADES KING DIAMONDS TEN,0.3548,0.0068,0.6384
SPADES EIGHT DIAMONDS SEVEN,0.6382,0.0094,0.3524
SPADES SEVEN DIAMONDS SEVEN,0.4522,0.018,0.5298
SPADES SIX DIAMONDS SEVEN,0.6222,0.0102,0.3676
DIAMONDS KING DIAMONDS SEVEN,0.4014,0.0064,0.5922
HEARTS THREE DIAMONDS SEVEN,0.6494,0.0108,0.3398
HEARTS KING DIAMONDS FIVE,0.4088,0.007,0.5842
DIAMONDS QUEEN DIAMONDS SEVEN,0.584,0.154,0.262
HEARTS TWO DIAMONDS SEVEN,0.6654,0.0118,0.3228
HEARTS QUEEN DIAMONDS FIVE,0.5986,0.1608,0.2406
HEARTS FIVE DIAMONDS SEVEN,0.6222,0.0106,0.3672
DIAMONDS ACE DIAMONDS SEVEN,0.3848,0.0046,0.6106
HEARTS FOUR DIAMONDS SEVEN,0.646,0.008,0.346
HEARTS ACE DIAMONDS FIVE,0.4254,0.002,0.5726
HEARTS SEVEN DIAMONDS SEVEN,0.4476,0.0144,0.538
HEARTS SIX DIAMONDS SEVEN,0.6292,0.0098,0.361
HEARTS NINE DIAMONDS SEVEN,0.7098,0.043,0.2472
DIAMONDS SEVEN HEARTS EIGHT,0.618,0.0092,0.3728
DIAMONDS JACK DIAMONDS SEVEN,0.6112,0.0102,0.3786
HEARTS JACK DIAMONDS FIVE,0.6532,0.008,0.3388
DIAMONDS TEN DIAMONDS SEVEN,0.589,0.0096,0.4014
DIAMONDS FIVE HEARTS TEN,0.6534,0.0066,0.34
SPADES KING CLUBS TWO,0.4258,0.0088,0.5654
HEARTS KING CLUBS KING,0.1492,0.0034,0.8474
CLUBS EIGHT DIAMONDS SEVEN,0.6318,0.0112,0.357
SPADES QUEEN CLUBS TWO,0.6096,0.1636,0.2268
CLUBS NINE DIAMONDS SEVEN,0.6956,0.0464,0.258
SPADES TWO CLUBS JACK,0.6528,0.0118,0.3354
SPADES ACE CLUBS TWO,0.4092,0.0068,0.584
SPADES TWO CLUBS TEN,0.6508,0.0138,0.3354
HEARTS KING CLUBS ACE,0.3468,0.0022,0.651
CLUBS SIX CLUBS SEVEN,0.5984,0.0126,0.389
SPADES TWO CLUBS KING,0.4132,0.0066,0.5802
SPADES TWO DIAMONDS SEVEN,0.6798,0.0136,0.3066
CLUBS EIGHT CLUBS SIX,0.6144,0.0098,0.3758
SPADES THREE DIAMONDS SEVEN,0.6534,0.0108,0.3358
CLUBS NINE CLUBS SIX,0.6698,0.0464,0.2838
SPADES FOUR DIAMONDS SEVEN,0.6556,0.01,0.3344
HEARTS KING CLUBS JACK,0.3614,0.0086,0.63
SPADES FIVE DIAMONDS SEVEN,0.6152,0.0106,0.3742
SPADES TWO CLUBS ACE,0.4108,0.006,0.5832
HEARTS KING CLUBS TEN,0.3674,0.0046,0.628
CLUBS SIX SPADES TWO,0.6628,0.0104,0.3268
CLUBS SIX SPADES THREE,0.6572,0.0102,0.3326
CLUBS TWO DIAMONDS SEVEN,0.6732,0.011,0.3158
CLUBS SIX SPADES FOUR,0.6452,0.0122,0.3426
CLUBS THREE DIAMONDS SEVEN,0.6612,0.0094,0.3294
CLUBS SIX SPADES FIVE,0.6264,0.0146,0.359
CLUBS FOUR DIAMONDS SEVEN,0.6408,0.0118,0.3474
CLUBS SIX SPADES SIX,0.4454,0.02,0.5346
CLUBS FIVE DIAMONDS SEVEN,0.631,0.014,0.355
CLUBS SIX SPADES SEVEN,0.6332,0.0138,0.353
CLUBS SIX DIAMONDS SEVEN,0.636,0.0114,0.3526
CLUBS SIX SPADES EIGHT,0.6356,0.0126,0.3518
SPADES JACK CLUBS TWO,0.651,0.0122,0.3368
SPADES TEN CLUBS TWO,0.6454,0.0098,0.3448
CLUBS SEVEN DIAMONDS SEVEN,0.4614,0.0182,0.5204
CLUBS TWO CLUBS KING,0.428,0.0086,0.5634
CLUBS THREE DIAMONDS EIGHT,0.684,0.0104,0.3056
CLUBS TWO CLUBS ACE,0.4004,0.0062,0.5934
CLUBS TWO DIAMONDS EIGHT,0.685,0.0118,0.3032
DIAMONDS EIGHT HEARTS SEVEN,0.6214,0.0096,0.369
HEARTS SIX DIAMONDS EIGHT,0.6446,0.0084,0.347
DIAMONDS EIGHT HEARTS NINE,0.6884,0.0414,0.2702
CLUBS TWO CLUBS TEN,0.6324,0.009,0.3586
DIAMONDS EIGHT HEARTS EIGHT,0.4422,0.0164,0.5414
CLUBS TWO CLUBS JACK,0.619,0.0106,0.3704
CLUBS NINE DIAMONDS EIGHT,0.6938,0.0454,0.2608
CLUBS EIGHT DIAMONDS EIGHT,0.431,0.02,0.549
CLUBS FIVE DIAMONDS EIGHT,0.6368,0.0122,0.351
SPADES ACE SPADES THREE,0.4034,0.0054,0.5912
CLUBS FOUR DIAMONDS EIGHT,0.661,0.0106,0.3284
SPADES QUEEN SPADES THREE,0.581,0.1606,0.2584
CLUBS SEVEN DIAMONDS EIGHT,0.6292,0.009,0.3618
CLUBS SIX DIAMONDS EIGHT,0.6356,0.0122,0.3522
SPADES KING SPADES THREE,0.4072,0.0084,0.5844
DIAMONDS QUEEN DIAMONDS EIGHT,0.5646,0.1562,0.2792
HEARTS TWO DIAMONDS EIGHT,0.674,0.0108,0.3152
DIAMONDS KING DIAMONDS EIGHT,0.384,0.0082,0.6078
HEARTS THREE DIAMONDS EIGHT,0.6698,0.0104,0.3198
DIAMONDS ACE DIAMONDS EIGHT,0.381,0.0042,0.6148
HEARTS FOUR DIAMONDS EIGHT,0.6582,0.011,0.3308
HEARTS FIVE DIAMONDS EIGHT,0.6508,0.0098,0.3394
DIAMONDS EIGHT DIAMONDS TEN,0.5742,0.012,0.4138
DIAMONDS EIGHT DIAMONDS JACK,0.5954,0.0068,0.3978
SPADES JACK SPADES THREE,0.6022,0.0098,0.388
SPADES TEN SPADES THREE,0.6088,0.0118,0.3794
CLUBS FOUR HEARTS ACE,0.4352,0.007,0.5578
CLUBS FOUR HEARTS QUEEN,0.6076,0.1652,0.2272
CLUBS FOUR HEARTS KING,0.425,0.0068,0.5682
CLUBS SIX HEARTS TEN,0.645,0.0118,0.3432
CLUBS SIX HEARTS JACK,0.645,0.0098,0.3452
SPADES FOUR DIAMONDS EIGHT,0.6682,0.011,0.3208
SPADES FIVE DIAMONDS EIGHT,0.6444,0.0112,0.3444
DIAMONDS EIGHT SPADES TWO,0.678,0.0094,0.3126
DIAMONDS EIGHT SPADES THREE,0.6726,0.0112,0.3162
CLUBS FOUR HEARTS JACK,0.6518,0.0128,0.3354
SPADES EIGHT DIAMONDS EIGHT,0.4298,0.0188,0.5514
SPADES TEN DIAMONDS QUEEN,0.2228,0.1202,0.657
SPADES TEN HEARTS TWO,0.6512,0.0098,0.339
SPADES JACK HEARTS EIGHT,0.6214,0.0128,0.3658
CLUBS FOUR HEARTS TEN,0.6506,0.0106,0.3388
SPADES TEN HEARTS EIGHT,0.6042,0.0098,0.386
SPADES JACK HEARTS TWO,0.6484,0.0104,0.3412
SPADES JACK DIAMONDS QUEEN,0.2328,0.09,0.6772
SPADES SIX DIAMONDS EIGHT,0.6346,0.0108,0.3546
SPADES SEVEN DIAMONDS EIGHT,0.6372,0.0106,0.3522
SPADES ACE HEARTS TWO,0.4136,0.0052,0.5812
SPADES ACE DIAMONDS QUEEN,0.25,0.0162,0.7338
SPADES ACE HEARTS EIGHT,0.413,0.0034,0.5836
SPADES KING HEARTS EIGHT,0.3976,0.007,0.5954
SPADES QUEEN HEARTS TWO,0.612,0.1586,0.2294
SPADES QUEEN DIAMONDS QUEEN,0.1048,0.0244,0.8708
SPADES KING DIAMONDS QUEEN,0.2412,0.0284,0.7304
SPADES KING HEARTS TWO,0.42,0.0064,0.5736
SPADES QUEEN HEARTS EIGHT,0.6088,0.162,0.2292
CLUBS TWO HEARTS TEN,0.6436,0.0134,0.343
CLUBS TWO HEARTS JACK,0.6496,0.0084,0.342
SPADES SEVEN DIAMONDS NINE,0.7138,0.0482,0.238
SPADES SIX DIAMONDS NINE,0.6956,0.0468,0.2576
SPADES EIGHT DIAMONDS NINE,0.697,0.04,0.263
SPADES TEN CLUBS KING,0.3408,0.0082,0.651
DIAMONDS NINE SPADES THREE,0.7264,0.049,0.2246
SPADES JACK CLUBS KING,0.3414,0.008,0.6506
DIAMONDS NINE SPADES TWO,0.7378,0.0484,0.2138
SPADES FIVE DIAMONDS NINE,0.71,0.0494,0.2406
DIAMONDS NINE SPADES FOUR,0.7318,0.0482,0.22
CLUBS NINE DIAMONDS NINE,0.3064,0.023,0.6706
CLUBS EIGHT DIAMONDS NINE,0.691,0.041,0.268
CLUBS SIX DIAMONDS NINE,0.6968,0.0454,0.2578
SPADES JACK CLUBS FOUR,0.6386,0.0096,0.3518
SPADES TEN CLUBS FOUR,0.6498,0.0106,0.3396
CLUBS SEVEN DIAMONDS NINE,0.7116,0.0418,0.2466
CLUBS FOUR DIAMONDS NINE,0.7306,0.049,0.2204
CLUBS FIVE DIAMONDS NINE,0.7002,0.0452,0.2546
CLUBS TWO DIAMONDS NINE,0.7232,0.0514,0.2254
CLUBS THREE DIAMONDS NINE,0.7258,0.0436,0.2306
DIAMONDS NINE HEARTS EIGHT,0.6848,0.0388,0.2764
DIAMONDS NINE HEARTS NINE,0.3104,0.0268,0.6628
HEARTS SIX DIAMONDS NINE,0.7046,0.0412,0.2542
DIAMONDS NINE HEARTS SEVEN,0.6972,0.0456,0.2572
CLUBS EIGHT CLUBS NINE,0.665,0.0448,0.2902
DIAMONDS ACE DIAMONDS NINE,0.2432,0.0194,0.7374
HEARTS FOUR DIAMONDS NINE,0.7344,0.0382,0.2274
HEARTS FIVE DIAMONDS NINE,0.7134,0.0418,0.2448
CLUBS TWO HEARTS ACE,0.4082,0.0052,0.5866
SPADES ACE CLUBS FOUR,0.4122,0.004,0.5838
DIAMONDS QUEEN DIAMONDS NINE,0.022,0.91,0.068
HEARTS TWO DIAMONDS NINE,0.7328,0.0418,0.2254
CLUBS TWO HEARTS KING,0.425,0.009,0.566
SPADES KING CLUBS FOUR,0.4248,0.0074,0.5678
DIAMONDS KING DIAMONDS NINE,0.2362,0.0334,0.7304
HEARTS THREE DIAMONDS NINE,0.7264,0.0482,0.2254
CLUBS TWO HEARTS QUEEN,0.6246,0.1558,0.2196
SPADES QUEEN CLUBS FOUR,0.6056,0.1642,0.2302
DIAMONDS NINE DIAMONDS JACK,0.651,0.0414,0.3076
DIAMONDS NINE DIAMONDS TEN,0.6526,0.0342,0.3132
CLUBS EIGHT SPADES EIGHT,0.4404,0.0174,0.5422
CLUBS EIGHT SPADES SEVEN,0.6308,0.013,0.3562
CLUBS EIGHT SPADES SIX,0.6374,0.0122,0.3504
CLUBS EIGHT SPADES FIVE,0.6622,0.0106,0.3272
CLUBS EIGHT SPADES FOUR,0.6738,0.0102,0.316
CLUBS EIGHT SPADES THREE,0.686,0.0158,0.2982
CLUBS EIGHT SPADES TWO,0.6788,0.0104,0.3108
HEARTS SIX DIAMONDS TEN,0.64,0.0086,0.3514
DIAMONDS TEN HEARTS SEVEN,0.6326,0.0104,0.357
DIAMONDS TEN HEARTS EIGHT,0.6274,0.0084,0.3642
CLUBS FOUR CLUBS JACK,0.6342,0.0106,0.3552
DIAMONDS TEN HEARTS NINE,0.6922,0.0388,0.269
CLUBS FOUR CLUBS TEN,0.6152,0.0114,0.3734
CLUBS FOUR CLUBS KING,0.4038,0.0098,0.5864
CLUBS TWO DIAMONDS TEN,0.6592,0.0078,0.333
CLUBS THREE DIAMONDS TEN,0.6556,0.011,0.3334
CLUBS FOUR CLUBS ACE,0.3908,0.0058,0.6034
DIAMONDS JACK DIAMONDS TEN,0.532,0.0132,0.4548
DIAMONDS QUEEN DIAMONDS TEN,0.2214,0.1104,0.6682
HEARTS TWO DIAMONDS TEN,0.6562,0.0104,0.3334
DIAMONDS KING DIAMONDS TEN,0.3464,0.0056,0.648
HEARTS THREE DIAMONDS TEN,0.6524,0.0088,0.3388
DIAMONDS ACE DIAMONDS TEN,0.356,0.0034,0.6406
HEARTS FOUR DIAMONDS TEN,0.6436,0.0094,0.347
CLUBS EIGHT HEARTS JACK,0.6312,0.0106,0.3582
HEARTS FIVE DIAMONDS TEN,0.6478,0.0102,0.342
CLUBS EIGHT HEARTS TEN,0.6242,0.0104,0.3654
CLUBS EIGHT HEARTS QUEEN,0.6176,0.1624,0.22
CLUBS EIGHT HEARTS KING,0.4162,0.0062,0.5776
CLUBS EIGHT HEARTS ACE,0.4074,0.0038,0.5888
CLUBS NINE SPADES THREE,0.7436,0.0472,0.2092
CLUBS NINE SPADES TWO,0.7496,0.0472,0.2032
CLUBS NINE SPADES FIVE,0.7208,0.045,0.2342
CLUBS NINE SPADES FOUR,0.735,0.0474,0.2176
CLUBS NINE SPADES SEVEN,0.7202,0.0472,0.2326
CLUBS NINE SPADES SIX,0.7006,0.0526,0.2468
CLUBS TEN HEARTS EIGHT,0.6212,0.0106,0.3682
CLUBS NINE SPADES EIGHT,0.7048,0.0452,0.25
CLUBS JACK HEARTS EIGHT,0.6254,0.0116,0.363
CLUBS KING HEARTS EIGHT,0.4112,0.0038,0.585
CLUBS ACE HEARTS EIGHT,0.4004,0.0042,0.5954
SPADES KING CLUBS KING,0.1364,0.0044,0.8592
SPADES QUEEN CLUBS KING,0.2324,0.0286,0.739
SPADES ACE CLUBS KING,0.3434,0.0048,0.6518
DIAMONDS ACE HEARTS TEN,0.362,0.0032,0.6348
HEARTS FOUR HEARTS TEN,0.615,0.01,0.375
DIAMONDS ACE HEARTS JACK,0.3782,0.005,0.6168
HEARTS FOUR HEARTS JACK,0.6108,0.0112,0.378
SPADES KING CLUBS FIVE,0.4238,0.0068,0.5694
SPADES QUEEN CLUBS FIVE,0.6146,0.1676,0.2178
SPADES ACE CLUBS FIVE,0.4056,0.0034,0.591
DIAMONDS JACK HEARTS SEVEN,0.633,0.0078,0.3592
HEARTS SIX DIAMONDS JACK,0.6442,0.0084,0.3474
DIAMONDS JACK HEARTS NINE,0.7216,0.0346,0.2438
DIAMONDS JACK HEARTS EIGHT,0.621,0.0106,0.3684
DIAMONDS KING DIAMONDS JACK,0.3418,0.0056,0.6526
HEARTS THREE DIAMONDS JACK,0.6526,0.0112,0.3362
SPADES ACE SPADES SIX,0.4024,0.0046,0.593
SPADES FOUR HEARTS ACE,0.4216,0.0048,0.5736
DIAMONDS QUEEN DIAMONDS JACK,0.2244,0.089,0.6866
HEARTS TWO DIAMONDS JACK,0.6488,0.0108,0.3404
HEARTS FIVE DIAMONDS JACK,0.6418,0.0106,0.3476
SPADES QUEEN SPADES SIX,0.5776,0.1578,0.2646
SPADES FOUR HEARTS QUEEN,0.6106,0.1688,0.2206
DIAMONDS ACE DIAMONDS JACK,0.3516,0.0042,0.6442
HEARTS FOUR DIAMONDS JACK,0.6328,0.01,0.3572
SPADES KING SPADES SIX,0.4048,0.0062,0.589
HEARTS KING SPADES FOUR,0.4298,0.0072,0.563
SPADES TEN SPADES SIX,0.6018,0.0116,0.3866
SPADES JACK SPADES SIX,0.6198,0.0102,0.37
SPADES FOUR DIAMONDS JACK,0.6528,0.0122,0.335
SPADES FIVE DIAMONDS JACK,0.653,0.012,0.335
DIAMONDS JACK SPADES TWO,0.6538,0.0122,0.334
SPADES THREE DIAMONDS JACK,0.6404,0.0084,0.3512
SPADES ACE DIAMONDS THREE,0.4202,0.0046,0.5752
SPADES QUEEN DIAMONDS THREE,0.594,0.167,0.239
CLUBS EIGHT DIAMONDS JACK,0.6314,0.0092,0.3594
SPADES KING DIAMONDS THREE,0.4132,0.0072,0.5796
CLUBS NINE DIAMONDS JACK,0.7128,0.0398,0.2474
CLUBS SIX DIAMONDS JACK,0.6582,0.0112,0.3306
CLUBS SEVEN DIAMONDS JACK,0.6494,0.0082,0.3424
CLUBS FOUR DIAMONDS JACK,0.6396,0.0114,0.349
CLUBS FIVE DIAMONDS JACK,0.6482,0.0118,0.34
CLUBS TWO DIAMONDS JACK,0.6574,0.0114,0.3312
CLUBS THREE DIAMONDS JACK,0.6522,0.012,0.3358
SPADES TEN CLUBS FIVE,0.6516,0.012,0.3364
HEARTS SIX SPADES JACK,0.6374,0.01,0.3526
HEARTS SIX SPADES TEN,0.6336,0.008,0.3584
SPADES JACK CLUBS FIVE,0.6396,0.013,0.3474
SPADES JACK DIAMONDS THREE,0.6452,0.0118,0.343
CLUBS SEVEN CLUBS ACE,0.3988,0.0038,0.5974
DIAMONDS THREE SPADES TEN,0.6356,0.0098,0.3546
CLUBS SEVEN CLUBS KING,0.406,0.0072,0.5868
CLUBS SEVEN CLUBS TEN,0.6054,0.011,0.3836
DIAMONDS ACE HEARTS ACE,0.152,0.0032,0.8448
HEARTS FOUR HEARTS ACE,0.398,0.0046,0.5974
SPADES EIGHT DIAMONDS JACK,0.6392,0.0078,0.353
SPADES ACE HEARTS SIX,0.4182,0.0038,0.578
CLUBS SEVEN CLUBS JACK,0.6092,0.0116,0.3792
DIAMONDS ACE HEARTS KING,0.3456,0.0042,0.6502
HEARTS FOUR HEARTS KING,0.389,0.0066,0.6044
SPADES SEVEN DIAMONDS JACK,0.641,0.01,0.349
SPADES KING HEARTS SIX,0.4088,0.008,0.5832
DIAMONDS ACE HEARTS QUEEN,0.2478,0.0138,0.7384
HEARTS FOUR HEARTS QUEEN,0.5676,0.1572,0.2752
SPADES SIX DIAMONDS JACK,0.6506,0.0114,0.338
SPADES QUEEN HEARTS SIX,0.5982,0.1654,0.2364
SPADES TWO DIAMONDS TEN,0.648,0.0102,0.3418
SPADES THREE DIAMONDS TEN,0.653,0.009,0.338
SPADES FOUR DIAMONDS TEN,0.646,0.009,0.345
SPADES FIVE DIAMONDS TEN,0.6592,0.011,0.3298
SPADES SIX DIAMONDS TEN,0.6404,0.0098,0.3498
SPADES SEVEN DIAMONDS TEN,0.6424,0.0114,0.3462
SPADES EIGHT DIAMONDS TEN,0.621,0.0096,0.3694
CLUBS FOUR DIAMONDS TEN,0.6394,0.0104,0.3502
CLUBS FIVE DIAMONDS TEN,0.6464,0.0096,0.344
CLUBS SIX DIAMONDS TEN,0.6304,0.0108,0.3588
CLUBS SEVEN DIAMONDS TEN,0.631,0.0094,0.3596
CLUBS EIGHT DIAMONDS TEN,0.6246,0.0082,0.3672
CLUBS NINE DIAMONDS TEN,0.7016,0.0432,0.2552
DIAMONDS THREE CLUBS JACK,0.6574,0.0122,0.3304
DIAMONDS THREE CLUBS TEN,0.6524,0.0112,0.3364
DIAMONDS THREE CLUBS KING,0.4188,0.0064,0.5748
DIAMONDS THREE CLUBS ACE,0.4116,0.0044,0.584
SPADES FOUR HEARTS JACK,0.671,0.0118,0.3172
SPADES FOUR HEARTS TEN,0.633,0.0104,0.3566
SPADES FIVE SPADES TWO,0.6192,0.0108,0.37
SPADES FOUR SPADES TWO,0.6226,0.0144,0.363
SPADES THREE SPADES TWO,0.6156,0.0146,0.3698
SPADES EIGHT SPADES TWO,0.6474,0.0106,0.342
SPADES SEVEN SPADES TWO,0.6386,0.009,0.3524
SPADES SIX SPADES TWO,0.6336,0.012,0.3544
DIAMONDS QUEEN CLUBS THREE,0.6114,0.1594,0.2292
HEARTS TWO CLUBS THREE,0.6442,0.0112,0.3446
DIAMONDS QUEEN CLUBS TWO,0.6084,0.1628,0.2288
CLUBS TWO HEARTS TWO,0.4682,0.0234,0.5084
DIAMONDS QUEEN HEARTS SEVEN,0.6074,0.1758,0.2168
HEARTS TWO HEARTS SEVEN,0.6242,0.0104,0.3654
HEARTS SIX DIAMONDS QUEEN,0.6026,0.1698,0.2276
HEARTS SIX HEARTS TWO,0.6122,0.0104,0.3774
DIAMONDS QUEEN HEARTS NINE,0.0242,0.9548,0.021
HEARTS TWO HEARTS NINE,0.6858,0.046,0.2682
DIAMONDS QUEEN HEARTS EIGHT,0.6034,0.1686,0.228
HEARTS TWO HEARTS EIGHT,0.6298,0.0106,0.3596
CLUBS NINE HEARTS TWO,0.7204,0.0496,0.23
CLUBS NINE DIAMONDS QUEEN,0.0196,0.971,0.0094
CLUBS EIGHT HEARTS TWO,0.6724,0.0118,0.3158
CLUBS EIGHT DIAMONDS QUEEN,0.6112,0.163,0.2258
CLUBS FIVE DIAMONDS QUEEN,0.61,0.1634,0.2266
CLUBS FIVE HEARTS TWO,0.646,0.0098,0.3442
SPADES EIGHT HEARTS ACE,0.4204,0.0028,0.5768
CLUBS FOUR DIAMONDS QUEEN,0.6048,0.1736,0.2216
CLUBS FOUR HEARTS TWO,0.6462,0.0124,0.3414
SPADES EIGHT HEARTS QUEEN,0.6132,0.1674,0.2194
CLUBS SEVEN HEARTS TWO,0.6774,0.012,0.3106
CLUBS SEVEN DIAMONDS QUEEN,0.5976,0.1714,0.231
CLUBS SIX DIAMONDS QUEEN,0.6104,0.1712,0.2184
CLUBS SIX HEARTS TWO,0.655,0.0114,0.3336
SPADES EIGHT HEARTS KING,0.4162,0.007,0.5768
DIAMONDS QUEEN SPADES SIX,0.6146,0.1608,0.2246
HEARTS TWO SPADES SIX,0.6588,0.0116,0.3296
DIAMONDS QUEEN SPADES SEVEN,0.6048,0.1654,0.2298
SPADES SEVEN HEARTS TWO,0.683,0.0132,0.3038
HEARTS FOUR CLUBS KING,0.4236,0.0052,0.5712
DIAMONDS ACE CLUBS KING,0.3352,0.0066,0.6582
SPADES EIGHT DIAMONDS QUEEN,0.6084,0.1674,0.2242
SPADES EIGHT HEARTS TWO,0.6782,0.0134,0.3084
HEARTS FOUR CLUBS ACE,0.4214,0.0044,0.5742
DIAMONDS ACE CLUBS ACE,0.1484,0.0036,0.848
HEARTS TWO SPADES TWO,0.4702,0.0206,0.5092
DIAMONDS QUEEN SPADES TWO,0.6176,0.1608,0.2216
HEARTS TWO SPADES THREE,0.6502,0.0114,0.3384
DIAMONDS QUEEN SPADES THREE,0.6036,0.1682,0.2282
HEARTS TWO SPADES FOUR,0.6462,0.012,0.3418
DIAMONDS QUEEN SPADES FOUR,0.6248,0.1626,0.2126
HEARTS FOUR CLUBS TEN,0.656,0.0106,0.3334
DIAMONDS ACE CLUBS TEN,0.3748,0.0046,0.6206
HEARTS TWO SPADES FIVE,0.6378,0.0104,0.3518
DIAMONDS QUEEN SPADES FIVE,0.5964,0.1714,0.2322
HEARTS FOUR CLUBS JACK,0.6556,0.0098,0.3346
DIAMONDS ACE CLUBS JACK,0.3624,0.004,0.6336
CLUBS FIVE CLUBS KING,0.3968,0.0086,0.5946
CLUBS FIVE CLUBS ACE,0.385,0.0064,0.6086
CLUBS FIVE CLUBS JACK,0.6194,0.0092,0.3714
CLUBS FIVE CLUBS TEN,0.6302,0.0134,0.3564
SPADES KING CLUBS JACK,0.3564,0.0088,0.6348
SPADES QUEEN CLUBS JACK,0.2338,0.085,0.6812
SPADES ACE CLUBS JACK,0.3598,0.0058,0.6344
SPADES SIX CLUBS KING,0.4134,0.0078,0.5788
SPADES EIGHT HEARTS JACK,0.6326,0.011,0.3564
SPADES SIX CLUBS ACE,0.413,0.0056,0.5814
SPADES EIGHT HEARTS TEN,0.6242,0.009,0.3668
SPADES SIX CLUBS JACK,0.6596,0.0112,0.3292
SPADES SIX CLUBS TEN,0.6344,0.0128,0.3528
SPADES TEN CLUBS JACK,0.574,0.0116,0.4144
SPADES JACK CLUBS JACK,0.2928,0.0118,0.6954
SPADES QUEEN CLUBS SEVEN,0.611,0.1702,0.2188
SPADES KING CLUBS SEVEN,0.4154,0.0082,0.5764
SPADES ACE CLUBS SEVEN,0.4148,0.0044,0.5808
SPADES SIX HEARTS TEN,0.6508,0.0098,0.3394
SPADES SIX HEARTS JACK,0.6526,0.0098,0.3376
SPADES SIX HEARTS ACE,0.4162,0.0036,0.5802
SPADES SIX HEARTS KING,0.4226,0.0084,0.569
SPADES SIX HEARTS QUEEN,0.6112,0.1634,0.2254
SPADES JACK CLUBS SEVEN,0.6486,0.0114,0.34
CLUBS SEVEN SPADES TEN,0.646,0.0102,0.3438
HEARTS SIX CLUBS TEN,0.6372,0.01,0.3528
HEARTS SIX CLUBS JACK,0.6442,0.012,0.3438
CLUBS ACE CLUBS JACK,0.3458,0.0044,0.6498
HEARTS SIX CLUBS KING,0.4154,0.0068,0.5778
HEARTS SIX CLUBS ACE,0.4158,0.0052,0.579
CLUBS KING CLUBS JACK,0.345,0.0046,0.6504
DIAMONDS THREE HEARTS ACE,0.4212,0.0032,0.5756
DIAMONDS THREE HEARTS QUEEN,0.5962,0.1678,0.236
DIAMONDS THREE HEARTS KING,0.4202,0.0066,0.5732
CLUBS FIVE HEARTS JACK,0.6382,0.011,0.3508
SPADES TEN DIAMONDS ACE,0.3512,0.0042,0.6446
HEARTS FOUR SPADES TEN,0.6338,0.0118,0.3544
CLUBS FIVE HEARTS TEN,0.6476,0.0084,0.344
HEARTS FOUR SPADES JACK,0.6512,0.0098,0.339
SPADES JACK DIAMONDS ACE,0.353,0.0044,0.6426
SPADES ACE HEARTS FOUR,0.4088,0.005,0.5862
SPADES ACE DIAMONDS ACE,0.1396,0.0058,0.8546
CLUBS FIVE HEARTS ACE,0.4122,0.0034,0.5844
CLUBS FIVE HEARTS KING,0.4188,0.0058,0.5754
HEARTS FOUR SPADES QUEEN,0.5912,0.17,0.2388
SPADES QUEEN DIAMONDS ACE,0.2264,0.0138,0.7598
SPADES FOUR CLUBS JACK,0.6614,0.012,0.3266
CLUBS FIVE HEARTS QUEEN,0.6052,0.1664,0.2284
SPADES KING DIAMONDS ACE,0.3398,0.005,0.6552
HEARTS FOUR SPADES KING,0.432,0.0066,0.5614
SPADES FOUR CLUBS TEN,0.6604,0.0106,0.329
DIAMONDS QUEEN DIAMONDS ACE,0.2216,0.0146,0.7638
HEARTS TWO DIAMONDS ACE,0.4164,0.0048,0.5788
HEARTS FOUR DIAMONDS QUEEN,0.6132,0.1526,0.2342
HEARTS FOUR HEARTS TWO,0.6166,0.0108,0.3726
DIAMONDS THREE HEARTS TEN,0.6556,0.0114,0.333
SPADES FOUR CLUBS KING,0.4182,0.009,0.5728
HEARTS FIVE DIAMONDS QUEEN,0.6096,0.1554,0.235
HEARTS FIVE HEARTS TWO,0.6054,0.0114,0.3832
DIAMONDS THREE HEARTS JACK,0.6484,0.0094,0.3422
DIAMONDS QUEEN HEARTS TWO,0.6192,0.1578,0.223
DIAMONDS KING DIAMONDS QUEEN,0.2306,0.027,0.7424
DIAMONDS KING HEARTS TWO,0.4224,0.0086,0.569
HEARTS THREE DIAMONDS QUEEN,0.6108,0.1574,0.2318
HEARTS THREE HEARTS TWO,0.5958,0.011,0.3932
SPADES FOUR CLUBS ACE,0.4246,0.0038,0.5716
HEARTS TWO CLUBS ACE,0.3988,0.0068,0.5944
DIAMONDS QUEEN CLUBS ACE,0.236,0.0162,0.7478
HEARTS TWO CLUBS KING,0.4202,0.009,0.5708
DIAMONDS QUEEN CLUBS KING,0.2506,0.0228,0.7266
SPADES EIGHT SPADES FIVE,0.6188,0.0106,0.3706
HEARTS TWO CLUBS TEN,0.659,0.0096,0.3314
DIAMONDS QUEEN CLUBS TEN,0.2262,0.112,0.6618
HEARTS TWO CLUBS JACK,0.6478,0.012,0.3402
DIAMONDS QUEEN CLUBS JACK,0.237,0.079,0.684
SPADES SIX SPADES FIVE,0.6022,0.011,0.3868
SPADES SEVEN SPADES FIVE,0.6176,0.011,0.3714
SPADES EIGHT CLUBS ACE,0.4148,0.0056,0.5796
DIAMONDS FIVE CLUBS KING,0.4208,0.007,0.5722
SPADES EIGHT CLUBS KING,0.4108,0.0064,0.5828
CLUBS ACE DIAMONDS FIVE,0.409,0.0042,0.5868
SPADES EIGHT CLUBS JACK,0.6386,0.0124,0.349
SPADES EIGHT CLUBS TEN,0.6322,0.0118,0.356
DIAMONDS FIVE CLUBS TEN,0.6532,0.009,0.3378
DIAMONDS FIVE CLUBS JACK,0.663,0.0094,0.3276
HEARTS JACK DIAMONDS TEN,0.579,0.008,0.413
DIAMONDS TEN HEARTS TEN,0.2952,0.0116,0.6932
SPADES ACE CLUBS NINE,0.2646,0.0234,0.712
CLUBS NINE SPADES QUEEN,0.0068,0.9862,0.007
SPADES KING CLUBS NINE,0.2528,0.0276,0.7196
HEARTS SIX HEARTS KING,0.39,0.0042,0.6058
DIAMONDS KING SPADES SEVEN,0.4244,0.007,0.5686
HEARTS THREE SPADES SEVEN,0.672,0.0128,0.3152
SPADES KING DIAMONDS SEVEN,0.4114,0.0042,0.5844
HEARTS SIX HEARTS QUEEN,0.5726,0.1566,0.2708
DIAMONDS KING SPADES SIX,0.4172,0.0052,0.5776
HEARTS THREE SPADES SIX,0.6488,0.0108,0.3404
SPADES QUEEN DIAMONDS SEVEN,0.6048,0.1662,0.229
HEARTS SIX HEARTS ACE,0.3904,0.0046,0.605
DIAMONDS KING SPADES EIGHT,0.4258,0.0046,0.5696
HEARTS THREE SPADES EIGHT,0.6672,0.012,0.3208
SPADES ACE DIAMONDS SEVEN,0.3998,0.005,0.5952
CLUBS NINE HEARTS THREE,0.7254,0.046,0.2286
CLUBS NINE DIAMONDS KING,0.2526,0.0282,0.7192
CLUBS EIGHT HEARTS THREE,0.668,0.0122,0.3198
CLUBS EIGHT DIAMONDS KING,0.4182,0.0072,0.5746
HEARTS THREE SPADES THREE,0.4684,0.0208,0.5108
DIAMONDS KING SPADES THREE,0.4374,0.008,0.5546
HEARTS THREE SPADES TWO,0.6402,0.0136,0.3462
DIAMONDS KING SPADES TWO,0.4212,0.0066,0.5722
HEARTS THREE SPADES FIVE,0.6188,0.0126,0.3686
