opposingHand,winningChance,drawChance,lostChance
SPADES ACE HEARTS FIVE
SPADES FIVE CLUBS JACK,0.7258,0.0294,0.2448
CLUBS TEN SPADES FIVE,0.744,0.0242,0.2318
CLUBS EIGHT CLUBS JACK,0.5374,0.0042,0.4584
CLUBS TEN CLUBS EIGHT,0.5296,0.0042,0.4662
CLUBS EIGHT CLUBS KING,0.5584,0.0036,0.438
SPADES FIVE CLUBS ACE,0.0146,0.9744,0.011
CLUBS EIGHT CLUBS QUEEN,0.5606,0.0018,0.4376
SPADES FIVE CLUBS KING,0.7472,0.0304,0.2224
SPADES FIVE CLUBS QUEEN,0.7304,0.0252,0.2444
CLUBS EIGHT CLUBS ACE,0.2394,0.2156,0.545
DIAMONDS TWO DIAMONDS THREE,0.623,0.006,0.371
DIAMONDS TWO DIAMONDS FIVE,0.6872,0.0278,0.285
DIAMONDS TWO DIAMONDS FOUR,0.6212,0.0048,0.374
DIAMONDS TWO DIAMONDS SEVEN,0.6088,0.0036,0.3876
DIAMONDS TWO DIAMONDS SIX,0.6058,0.0044,0.3898
DIAMONDS TWO DIAMONDS NINE,0.5972,0.005,0.3978
DIAMONDS TWO DIAMONDS EIGHT,0.6058,0.0028,0.3914
DIAMONDS THREE DIAMONDS FOUR,0.6198,0.0048,0.3754
SPADES FOUR CLUBS TWO,0.673,0.0066,0.3204
DIAMONDS THREE DIAMONDS FIVE,0.673,0.026,0.301
SPADES FIVE CLUBS TWO,0.7348,0.0322,0.233
CLUBS TWO SPADES TWO,0.4776,0.0064,0.516
CLUBS TWO SPADES THREE,0.6764,0.0056,0.318
DIAMONDS THREE DIAMONDS EIGHT,0.614,0.005,0.381
SPADES EIGHT CLUBS TWO,0.6372,0.0058,0.357
DIAMONDS THREE DIAMONDS NINE,0.6118,0.0054,0.3828
SPADES NINE CLUBS TWO,0.6468,0.0054,0.3478
DIAMONDS THREE DIAMONDS SIX,0.6094,0.005,0.3856
SPADES SIX CLUBS TWO,0.6524,0.0068,0.3408
DIAMONDS THREE DIAMONDS SEVEN,0.5962,0.0048,0.399
SPADES SEVEN CLUBS TWO,0.6688,0.0032,0.328
CLUBS SIX CLUBS TWO,0.6042,0.0054,0.3904
CLUBS SEVEN CLUBS TWO,0.6198,0.0058,0.3744
CLUBS FOUR CLUBS TWO,0.6244,0.0044,0.3712
CLUBS FIVE CLUBS TWO,0.6952,0.0292,0.2756
CLUBS TEN CLUBS JACK,0.5164,0.0044,0.4792
DIAMONDS FOUR DIAMONDS SIX,0.6002,0.004,0.3958
CLUBS TEN CLUBS QUEEN,0.5092,0.0026,0.4882
DIAMONDS FOUR DIAMONDS SEVEN,0.5848,0.006,0.4092
CLUBS TEN CLUBS KING,0.521,0.0038,0.4752
CLUBS TEN CLUBS ACE,0.24,0.1144,0.6456
CLUBS EIGHT CLUBS TWO,0.6112,0.0066,0.3822
DIAMONDS FIVE DIAMONDS FOUR,0.6654,0.0234,0.3112
CLUBS NINE CLUBS TWO,0.602,0.0066,0.3914
DIAMONDS NINE DIAMONDS FOUR,0.6134,0.0044,0.3822
DIAMONDS EIGHT DIAMONDS FOUR,0.5964,0.0058,0.3978
CLUBS THREE CLUBS TWO,0.634,0.0036,0.3624
DIAMONDS NINE DIAMONDS FIVE,0.6862,0.0228,0.291
DIAMONDS TWO CLUBS JACK,0.6328,0.0046,0.3626
DIAMONDS EIGHT DIAMONDS FIVE,0.6742,0.0212,0.3046
CLUBS TEN DIAMONDS TWO,0.6446,0.0036,0.3518
DIAMONDS FIVE DIAMONDS SEVEN,0.6632,0.0244,0.3124
DIAMONDS FIVE DIAMONDS SIX,0.6788,0.0216,0.2996
DIAMONDS TWO CLUBS ACE,0.3174,0.4542,0.2284
DIAMONDS TWO CLUBS KING,0.6628,0.0056,0.3316
DIAMONDS TWO CLUBS QUEEN,0.6576,0.0044,0.338
DIAMONDS EIGHT DIAMONDS SIX,0.559,0.0026,0.4384
DIAMONDS NINE DIAMONDS SIX,0.5606,0.0046,0.4348
HEARTS ACE SPADES THREE,0.3082,0.478,0.2138
SPADES THREE HEARTS KING,0.6622,0.0068,0.331
DIAMONDS SEVEN DIAMONDS SIX,0.5328,0.003,0.4642
SPADES THREE HEARTS QUEEN,0.6584,0.0052,0.3364
SPADES THREE HEARTS JACK,0.6508,0.0054,0.3438
SPADES THREE HEARTS TEN,0.6384,0.0068,0.3548
DIAMONDS EIGHT DIAMONDS SEVEN,0.5494,0.0036,0.447
DIAMONDS NINE DIAMONDS SEVEN,0.5514,0.003,0.4456
DIAMONDS NINE DIAMONDS EIGHT,0.5296,0.0034,0.467
DIAMONDS KING HEARTS TEN,0.5656,0.005,0.4294
HEARTS THREE HEARTS TEN,0.612,0.0052,0.3828
SPADES JACK CLUBS SIX,0.6206,0.0046,0.3748
DIAMONDS KING HEARTS JACK,0.5598,0.0052,0.435
HEARTS THREE HEARTS JACK,0.6172,0.0054,0.3774
SPADES TEN CLUBS SIX,0.5962,0.0042,0.3996
SPADES JACK SPADES FIVE,0.7048,0.0294,0.2658
SPADES TEN SPADES FIVE,0.7118,0.0238,0.2644
DIAMONDS KING HEARTS ACE,0.2618,0.0492,0.689
HEARTS THREE HEARTS ACE,0.2984,0.4524,0.2492
DIAMONDS KING HEARTS QUEEN,0.5744,0.0036,0.422
HEARTS THREE HEARTS QUEEN,0.6146,0.0054,0.38
SPADES KING CLUBS SIX,0.616,0.0042,0.3798
DIAMONDS KING HEARTS KING,0.2992,0.006,0.6948
HEARTS THREE HEARTS KING,0.623,0.0044,0.3726
SPADES QUEEN CLUBS SIX,0.6116,0.0026,0.3858
SPADES NINE HEARTS TEN,0.5548,0.0056,0.4396
SPADES NINE HEARTS JACK,0.5708,0.0066,0.4226
SPADES QUEEN SPADES FIVE,0.7002,0.0282,0.2716
SPADES KING SPADES FIVE,0.7128,0.0284,0.2588
SPADES NINE HEARTS QUEEN,0.5834,0.0052,0.4114
SPADES NINE HEARTS KING,0.5954,0.0054,0.3992
SPADES NINE HEARTS ACE,0.2362,0.1758,0.588
CLUBS TEN SPADES JACK,0.5642,0.0046,0.4312
CLUBS TEN SPADES TEN,0.3354,0.0052,0.6594
SPADES KING CLUBS TEN,0.571,0.0034,0.4256
SPADES QUEEN CLUBS TEN,0.5706,0.0058,0.4236
SPADES FIVE HEARTS QUEEN,0.749,0.0254,0.2256
SPADES FIVE HEARTS KING,0.7452,0.0286,0.2262
SPADES FIVE HEARTS ACE,0.0056,0.9876,0.0068
HEARTS THREE SPADES JACK,0.663,0.0068,0.3302
SPADES JACK DIAMONDS KING,0.572,0.005,0.423
SPADES TEN CLUBS EIGHT,0.5734,0.0042,0.4224
SPADES JACK CLUBS EIGHT,0.5872,0.0052,0.4076
HEARTS THREE SPADES TEN,0.6486,0.0058,0.3456
SPADES TEN DIAMONDS KING,0.5692,0.0056,0.4252
CLUBS SIX HEARTS ACE,0.241,0.3872,0.3718
CLUBS SIX HEARTS QUEEN,0.6016,0.0046,0.3938
SPADES QUEEN CLUBS EIGHT,0.5886,0.004,0.4074
CLUBS TEN SPADES THREE,0.651,0.006,0.343
CLUBS SIX HEARTS KING,0.6128,0.0052,0.382
SPADES KING CLUBS EIGHT,0.6106,0.0046,0.3848
SPADES THREE CLUBS JACK,0.6546,0.005,0.3404
DIAMONDS TWO HEARTS JACK,0.6414,0.0046,0.354
SPADES THREE CLUBS QUEEN,0.6394,0.0042,0.3564
DIAMONDS TWO HEARTS TEN,0.6396,0.0056,0.3548
SPADES THREE CLUBS KING,0.6646,0.0054,0.33
SPADES FIVE HEARTS TEN,0.741,0.0316,0.2274
SPADES THREE CLUBS ACE,0.3204,0.4624,0.2172
SPADES FIVE HEARTS JACK,0.748,0.0316,0.2204
HEARTS THREE CLUBS KING,0.6586,0.0056,0.3358
DIAMONDS KING CLUBS KING,0.3012,0.002,0.6968
HEARTS THREE CLUBS QUEEN,0.6352,0.0058,0.359
DIAMONDS KING CLUBS QUEEN,0.5854,0.0048,0.4098
HEARTS THREE CLUBS ACE,0.3228,0.4738,0.2034
DIAMONDS KING CLUBS ACE,0.2644,0.0514,0.6842
SPADES KING CLUBS QUEEN,0.5844,0.0044,0.4112
HEARTS THREE CLUBS JACK,0.6652,0.0038,0.331
DIAMONDS KING CLUBS JACK,0.5634,0.0032,0.4334
SPADES QUEEN CLUBS QUEEN,0.3046,0.0038,0.6916
CLUBS TEN HEARTS THREE,0.6458,0.005,0.3492
CLUBS TEN DIAMONDS KING,0.5734,0.0056,0.421
SPADES JACK CLUBS QUEEN,0.5746,0.0024,0.423
CLUBS SIX CLUBS QUEEN,0.5758,0.0042,0.42
SPADES TEN CLUBS QUEEN,0.5624,0.004,0.4336
CLUBS SIX CLUBS KING,0.5628,0.0046,0.4326
CLUBS SIX CLUBS ACE,0.2348,0.357,0.4082
CLUBS TEN CLUBS SIX,0.5646,0.0038,0.4316
CLUBS SIX CLUBS JACK,0.5642,0.003,0.4328
SPADES SEVEN HEARTS JACK,0.6076,0.0058,0.3866
SPADES SEVEN HEARTS TEN,0.5864,0.004,0.4096
DIAMONDS TWO CLUBS TWO,0.4682,0.0056,0.5262
DIAMONDS TWO CLUBS THREE,0.6712,0.004,0.3248
DIAMONDS TWO HEARTS SIX,0.6504,0.0036,0.346
DIAMONDS TWO HEARTS QUEEN,0.6456,0.0056,0.3488
HEARTS SEVEN DIAMONDS TWO,0.6548,0.0052,0.34
DIAMONDS TWO HEARTS KING,0.652,0.0084,0.3396
DIAMONDS TWO HEARTS EIGHT,0.6388,0.005,0.3562
DIAMONDS TWO HEARTS ACE,0.317,0.4602,0.2228
DIAMONDS TWO HEARTS NINE,0.6378,0.0042,0.358
DIAMONDS TWO DIAMONDS QUEEN,0.6088,0.0042,0.387
DIAMONDS TWO HEARTS TWO,0.4708,0.0066,0.5226
DIAMONDS TWO DIAMONDS KING,0.606,0.004,0.39
HEARTS THREE DIAMONDS TWO,0.6764,0.0064,0.3172
DIAMONDS TWO DIAMONDS ACE,0.3018,0.4258,0.2724
HEARTS FOUR DIAMONDS TWO,0.6878,0.0068,0.3054
SPADES SEVEN HEARTS ACE,0.231,0.3046,0.4644
DIAMONDS TWO DIAMONDS TEN,0.5966,0.0036,0.3998
SPADES SEVEN HEARTS KING,0.6146,0.004,0.3814
DIAMONDS TWO DIAMONDS JACK,0.6106,0.006,0.3834
SPADES SEVEN HEARTS QUEEN,0.5984,0.0048,0.3968
DIAMONDS TWO SPADES NINE,0.6464,0.0046,0.349
DIAMONDS TWO SPADES EIGHT,0.6484,0.0064,0.3452
DIAMONDS TWO SPADES SEVEN,0.667,0.0044,0.3286
DIAMONDS TWO SPADES SIX,0.6474,0.0046,0.348
DIAMONDS TWO SPADES FIVE,0.7554,0.029,0.2156
DIAMONDS TWO SPADES FOUR,0.6708,0.0062,0.323
DIAMONDS TWO SPADES THREE,0.6786,0.0076,0.3138
DIAMONDS TWO SPADES TWO,0.4628,0.006,0.5312
CLUBS NINE DIAMONDS TWO,0.6472,0.0046,0.3482
DIAMONDS TWO CLUBS EIGHT,0.6376,0.0052,0.3572
CLUBS SEVEN DIAMONDS TWO,0.6606,0.006,0.3334
DIAMONDS TWO CLUBS SIX,0.658,0.004,0.338
DIAMONDS TWO CLUBS FIVE,0.728,0.031,0.241
DIAMONDS TWO CLUBS FOUR,0.6744,0.004,0.3216
CLUBS FOUR SPADES FIVE,0.7114,0.0276,0.261
CLUBS FOUR SPADES FOUR,0.4692,0.0052,0.5256
CLUBS FOUR SPADES THREE,0.6736,0.0068,0.3196
CLUBS FOUR SPADES TWO,0.665,0.0056,0.3294
SPADES NINE CLUBS FOUR,0.6642,0.0054,0.3304
SPADES EIGHT CLUBS FOUR,0.6458,0.0052,0.349
SPADES SEVEN CLUBS FOUR,0.6384,0.0032,0.3584
SPADES SIX CLUBS FOUR,0.6412,0.0038,0.355
SPADES QUEEN DIAMONDS SIX,0.6192,0.0048,0.376
SPADES KING DIAMONDS SIX,0.6268,0.0044,0.3688
SPADES TEN DIAMONDS SIX,0.6146,0.004,0.3814
SPADES JACK DIAMONDS SIX,0.6176,0.0054,0.377
SPADES QUEEN SPADES TWO,0.6206,0.0068,0.3726
SPADES KING SPADES TWO,0.6254,0.0046,0.37
DIAMONDS JACK CLUBS JACK,0.3322,0.0022,0.6656
CLUBS TEN DIAMONDS JACK,0.5578,0.0026,0.4396
DIAMONDS JACK CLUBS KING,0.5836,0.0032,0.4132
DIAMONDS JACK CLUBS QUEEN,0.5622,0.0032,0.4346
DIAMONDS THREE DIAMONDS JACK,0.6024,0.0052,0.3924
DIAMONDS THREE DIAMONDS TEN,0.6082,0.0052,0.3866
DIAMONDS JACK CLUBS ACE,0.2558,0.0854,0.6588
DIAMONDS THREE DIAMONDS KING,0.5992,0.0036,0.3972
HEARTS THREE DIAMONDS THREE,0.4626,0.0058,0.5316
DIAMONDS THREE DIAMONDS QUEEN,0.6076,0.0054,0.387
DIAMONDS THREE HEARTS TWO,0.6808,0.0078,0.3114
DIAMONDS THREE DIAMONDS ACE,0.3016,0.4294,0.269
HEARTS FOUR DIAMONDS THREE,0.6488,0.0068,0.3444
HEARTS SEVEN DIAMONDS THREE,0.6424,0.0064,0.3512
SPADES TEN SPADES NINE,0.528,0.004,0.468
HEARTS SIX DIAMONDS THREE,0.6376,0.0064,0.356
SPADES JACK SPADES NINE,0.5456,0.006,0.4484
DIAMONDS THREE HEARTS NINE,0.6484,0.0042,0.3474
HEARTS JACK DIAMONDS FOUR,0.6388,0.0036,0.3576
HEARTS ACE HEARTS KING,0.2562,0.0496,0.6942
SPADES TEN SPADES TWO,0.6316,0.0052,0.3632
DIAMONDS THREE HEARTS EIGHT,0.6538,0.0062,0.34
HEARTS TEN DIAMONDS FOUR,0.6452,0.004,0.3508
SPADES JACK SPADES TWO,0.6154,0.0062,0.3784
HEARTS QUEEN DIAMONDS FOUR,0.6546,0.0064,0.339
HEARTS KING DIAMONDS FOUR,0.6554,0.0058,0.3388
HEARTS ACE DIAMONDS FOUR,0.3164,0.4662,0.2174
SPADES KING SPADES NINE,0.5686,0.0058,0.4256
SPADES QUEEN SPADES NINE,0.5548,0.005,0.4402
DIAMONDS THREE SPADES NINE,0.6502,0.0064,0.3434
DIAMONDS THREE SPADES EIGHT,0.6588,0.0066,0.3346
DIAMONDS THREE SPADES SEVEN,0.6508,0.0048,0.3444
DIAMONDS THREE SPADES SIX,0.639,0.0038,0.3572
DIAMONDS THREE CLUBS SIX,0.6422,0.0044,0.3534
CLUBS FIVE CLUBS SIX,0.6828,0.0222,0.295
CLUBS ACE DIAMONDS FOUR,0.3156,0.4644,0.22
CLUBS SEVEN DIAMONDS THREE,0.6468,0.0042,0.349
CLUBS SEVEN CLUBS FIVE,0.6548,0.021,0.3242
DIAMONDS THREE CLUBS FOUR,0.6622,0.005,0.3328
DIAMONDS FOUR CLUBS QUEEN,0.643,0.0046,0.3524
DIAMONDS THREE CLUBS FIVE,0.7214,0.0254,0.2532
CLUBS KING DIAMONDS FOUR,0.6484,0.0024,0.3492
DIAMONDS THREE CLUBS TWO,0.6648,0.005,0.3302
CLUBS TEN DIAMONDS FOUR,0.6352,0.003,0.3618
DIAMONDS THREE CLUBS THREE,0.4702,0.0044,0.5254
DIAMONDS FOUR CLUBS JACK,0.6546,0.0024,0.343
DIAMONDS THREE SPADES FOUR,0.6646,0.0034,0.332
DIAMONDS THREE SPADES FIVE,0.7342,0.0274,0.2384
DIAMONDS THREE SPADES TWO,0.672,0.0056,0.3224
DIAMONDS THREE SPADES THREE,0.4748,0.0066,0.5186
CLUBS EIGHT DIAMONDS THREE,0.6532,0.0052,0.3416
CLUBS NINE DIAMONDS THREE,0.6534,0.0048,0.3418
SPADES SEVEN CLUBS ACE,0.2442,0.3058,0.45
SPADES SEVEN CLUBS QUEEN,0.6116,0.0046,0.3838
SPADES SEVEN CLUBS KING,0.6006,0.0036,0.3958
CLUBS FIVE SPADES SEVEN,0.7046,0.0208,0.2746
CLUBS TEN SPADES SEVEN,0.5884,0.0052,0.4064
CLUBS FIVE SPADES SIX,0.7182,0.0222,0.2596
SPADES SEVEN CLUBS JACK,0.5956,0.0046,0.3998
SPADES NINE CLUBS FIVE,0.7406,0.0234,0.236
CLUBS FIVE SPADES EIGHT,0.7224,0.0236,0.254
CLUBS FIVE SPADES THREE,0.7194,0.0256,0.255
CLUBS FIVE SPADES TWO,0.7318,0.0286,0.2396
CLUBS FIVE SPADES FIVE,0.3294,0.0272,0.6434
CLUBS FIVE SPADES FOUR,0.696,0.0276,0.2764
CLUBS NINE CLUBS FIVE,0.6896,0.0216,0.2888
CLUBS EIGHT CLUBS FIVE,0.6666,0.0206,0.3128
CLUBS ACE CLUBS QUEEN,0.2454,0.063,0.6916
CLUBS KING CLUBS QUEEN,0.5494,0.0036,0.447
DIAMONDS TEN DIAMONDS FOUR,0.6116,0.0058,0.3826
CLUBS TEN DIAMONDS NINE,0.561,0.0038,0.4352
DIAMONDS JACK DIAMONDS FOUR,0.6074,0.0058,0.3868
DIAMONDS NINE CLUBS JACK,0.5756,0.003,0.4214
SPADES NINE CLUBS JACK,0.571,0.0036,0.4254
CLUBS TEN SPADES NINE,0.5534,0.0046,0.442
DIAMONDS ACE DIAMONDS FOUR,0.3016,0.4384,0.26
HEARTS FOUR DIAMONDS FOUR,0.4774,0.0052,0.5174
DIAMONDS JACK HEARTS TEN,0.548,0.0034,0.4486
SPADES NINE CLUBS KING,0.6098,0.005,0.3852
DIAMONDS TWO SPADES TEN,0.641,0.0052,0.3538
DIAMONDS NINE CLUBS ACE,0.254,0.164,0.582
DIAMONDS JACK HEARTS JACK,0.3192,0.004,0.6768
SPADES NINE CLUBS QUEEN,0.5874,0.0052,0.4074
SPADES JACK DIAMONDS TWO,0.655,0.0042,0.3408
DIAMONDS QUEEN DIAMONDS FOUR,0.6052,0.0046,0.3902
HEARTS TWO DIAMONDS FOUR,0.6756,0.0058,0.3186
DIAMONDS NINE CLUBS QUEEN,0.583,0.0034,0.4136
DIAMONDS KING DIAMONDS FOUR,0.603,0.0058,0.3912
HEARTS THREE DIAMONDS FOUR,0.656,0.0038,0.3402
SPADES NINE CLUBS ACE,0.2586,0.171,0.5704
DIAMONDS NINE CLUBS KING,0.589,0.005,0.406
HEARTS ACE DIAMONDS JACK,0.257,0.0932,0.6498
HEARTS QUEEN DIAMONDS JACK,0.5668,0.0042,0.429
SPADES QUEEN DIAMONDS TWO,0.6594,0.0064,0.3342
DIAMONDS JACK HEARTS KING,0.5772,0.006,0.4168
SPADES KING DIAMONDS TWO,0.6596,0.0054,0.335
SPADES JACK SPADES SEVEN,0.5768,0.0058,0.4174
SPADES TEN SPADES SEVEN,0.5598,0.0056,0.4346
CLUBS SEVEN CLUBS THREE,0.6048,0.0048,0.3904
CLUBS SIX CLUBS THREE,0.5922,0.0044,0.4034
CLUBS FIVE CLUBS THREE,0.664,0.0252,0.3108
CLUBS THREE CLUBS FOUR,0.6084,0.0054,0.3862
CLUBS NINE CLUBS THREE,0.6172,0.006,0.3768
CLUBS EIGHT CLUBS THREE,0.607,0.0052,0.3878
CLUBS THREE SPADES FIVE,0.7352,0.0294,0.2354
CLUBS THREE SPADES FOUR,0.6562,0.005,0.3388
CLUBS THREE SPADES THREE,0.4584,0.008,0.5336
CLUBS THREE SPADES TWO,0.6744,0.0052,0.3204
CLUBS THREE SPADES SIX,0.6418,0.0064,0.3518
SPADES SEVEN CLUBS THREE,0.6332,0.0046,0.3622
SPADES EIGHT CLUBS THREE,0.6616,0.0038,0.3346
SPADES NINE CLUBS THREE,0.6472,0.0064,0.3464
SPADES TWO DIAMONDS FOUR,0.6844,0.007,0.3086
SPADES THREE DIAMONDS FOUR,0.6586,0.0062,0.3352
SPADES FOUR DIAMONDS FOUR,0.456,0.0038,0.5402
SPADES FIVE DIAMONDS FOUR,0.7156,0.0248,0.2596
SPADES SIX DIAMONDS FOUR,0.6344,0.0056,0.36
SPADES SEVEN DIAMONDS FOUR,0.6266,0.0044,0.369
SPADES EIGHT DIAMONDS FOUR,0.6582,0.0058,0.336
SPADES NINE DIAMONDS FOUR,0.6554,0.0046,0.34
CLUBS FIVE DIAMONDS FOUR,0.7038,0.0264,0.2698
CLUBS FOUR DIAMONDS FOUR,0.4494,0.005,0.5456
CLUBS SEVEN DIAMONDS FOUR,0.633,0.0038,0.3632
CLUBS SIX DIAMONDS FOUR,0.6422,0.0048,0.353
CLUBS NINE DIAMONDS FOUR,0.6472,0.0054,0.3474
CLUBS EIGHT DIAMONDS FOUR,0.635,0.0042,0.3608
HEARTS SEVEN DIAMONDS FOUR,0.623,0.0056,0.3714
HEARTS SIX DIAMONDS FOUR,0.6082,0.0058,0.386
DIAMONDS FOUR HEARTS NINE,0.6576,0.0022,0.3402
DIAMONDS FOUR HEARTS EIGHT,0.6476,0.005,0.3474
CLUBS THREE DIAMONDS FOUR,0.652,0.004,0.344
CLUBS TWO DIAMONDS FOUR,0.6684,0.0062,0.3254
DIAMONDS TEN DIAMONDS FIVE,0.6874,0.0222,0.2904
DIAMONDS JACK DIAMONDS FIVE,0.693,0.0258,0.2812
DIAMONDS NINE HEARTS QUEEN,0.5768,0.0052,0.418
DIAMONDS NINE HEARTS KING,0.5924,0.005,0.4026
HEARTS ACE DIAMONDS NINE,0.2482,0.1702,0.5816
DIAMONDS NINE HEARTS TEN,0.5582,0.0054,0.4364
DIAMONDS NINE HEARTS JACK,0.5644,0.0042,0.4314
CLUBS KING DIAMONDS SIX,0.6204,0.0034,0.3762
CLUBS QUEEN DIAMONDS SIX,0.6208,0.0036,0.3756
CLUBS ACE DIAMONDS SIX,0.2456,0.3754,0.379
SPADES KING DIAMONDS FOUR,0.6496,0.0032,0.3472
SPADES QUEEN DIAMONDS FOUR,0.6466,0.0054,0.348
SPADES QUEEN SPADES SEVEN,0.5888,0.0042,0.407
CLUBS JACK DIAMONDS SIX,0.6054,0.003,0.3916
SPADES KING SPADES SEVEN,0.5774,0.0056,0.417
CLUBS TEN DIAMONDS SIX,0.5972,0.0048,0.398
CLUBS NINE CLUBS FOUR,0.6128,0.0028,0.3844
CLUBS EIGHT CLUBS FOUR,0.6,0.0064,0.3936
SPADES JACK DIAMONDS FOUR,0.6438,0.0068,0.3494
SPADES TEN DIAMONDS FOUR,0.6392,0.0048,0.356
CLUBS FIVE CLUBS FOUR,0.6584,0.024,0.3176
CLUBS SEVEN CLUBS FOUR,0.5994,0.0042,0.3964
CLUBS SIX CLUBS FOUR,0.5898,0.0054,0.4048
CLUBS SEVEN SPADES EIGHT,0.577,0.0038,0.4192
CLUBS SEVEN SPADES NINE,0.5758,0.0046,0.4196
CLUBS SEVEN SPADES SIX,0.591,0.0046,0.4044
CLUBS SEVEN SPADES SEVEN,0.3584,0.0056,0.636
CLUBS SEVEN SPADES FIVE,0.715,0.025,0.26
CLUBS SEVEN SPADES FOUR,0.6352,0.0036,0.3612
CLUBS SEVEN SPADES THREE,0.6476,0.0046,0.3478
CLUBS SEVEN SPADES TWO,0.667,0.0042,0.3288
CLUBS NINE CLUBS SEVEN,0.5644,0.0038,0.4318
CLUBS SEVEN CLUBS EIGHT,0.5466,0.0034,0.45
HEARTS SIX DIAMONDS FIVE,0.7106,0.0242,0.2652
HEARTS SEVEN DIAMONDS FIVE,0.6964,0.0204,0.2832
DIAMONDS FIVE HEARTS EIGHT,0.7024,0.027,0.2706
DIAMONDS FIVE HEARTS NINE,0.7382,0.0234,0.2384
DIAMONDS QUEEN DIAMONDS FIVE,0.7002,0.0254,0.2744
HEARTS TWO DIAMONDS FIVE,0.7466,0.0258,0.2276
HEARTS KING HEARTS EIGHT,0.5874,0.0044,0.4082
DIAMONDS KING DIAMONDS FIVE,0.6966,0.0268,0.2766
HEARTS THREE DIAMONDS FIVE,0.7232,0.028,0.2488
HEARTS QUEEN HEARTS EIGHT,0.5742,0.0052,0.4206
DIAMONDS ACE DIAMONDS FIVE,0.0198,0.9092,0.071
HEARTS FOUR DIAMONDS FIVE,0.7198,0.0294,0.2508
HEARTS ACE HEARTS EIGHT,0.23,0.2194,0.5506
CLUBS FOUR DIAMONDS FIVE,0.7044,0.026,0.2696
CLUBS FIVE DIAMONDS FIVE,0.3302,0.023,0.6468
CLUBS SIX DIAMONDS FIVE,0.7154,0.0214,0.2632
CLUBS SEVEN DIAMONDS FIVE,0.7078,0.02,0.2722
CLUBS TWO DIAMONDS FIVE,0.731,0.0282,0.2408
CLUBS THREE DIAMONDS FIVE,0.7234,0.0244,0.2522
SPADES THREE DIAMONDS FIVE,0.7316,0.028,0.2404
SPADES TWO DIAMONDS FIVE,0.7434,0.0296,0.227
SPADES JACK DIAMONDS EIGHT,0.5798,0.004,0.4162
SPADES FIVE DIAMONDS FIVE,0.3348,0.029,0.6362
CLUBS TEN HEARTS JACK,0.5412,0.0046,0.4542
SPADES TEN DIAMONDS EIGHT,0.5662,0.006,0.4278
SPADES FOUR DIAMONDS FIVE,0.7064,0.0264,0.2672
HEARTS JACK CLUBS JACK,0.3164,0.004,0.6796
HEARTS JACK CLUBS QUEEN,0.554,0.0052,0.4408
CLUBS NINE DIAMONDS FIVE,0.7294,0.0228,0.2478
CLUBS KING HEARTS JACK,0.5836,0.005,0.4114
CLUBS EIGHT DIAMONDS FIVE,0.7174,0.0226,0.26
CLUBS ACE HEARTS JACK,0.2528,0.09,0.6572
SPADES SEVEN DIAMONDS FIVE,0.7,0.0208,0.2792
SPADES KING DIAMONDS EIGHT,0.6094,0.0032,0.3874
SPADES SIX DIAMONDS FIVE,0.7022,0.0246,0.2732
SPADES QUEEN DIAMONDS EIGHT,0.609,0.0062,0.3848
SPADES NINE DIAMONDS FIVE,0.7202,0.025,0.2548
SPADES EIGHT DIAMONDS FIVE,0.7238,0.026,0.2502
DIAMONDS TEN DIAMONDS SIX,0.5532,0.0052,0.4416
HEARTS ACE DIAMONDS SEVEN,0.2356,0.2976,0.4668
DIAMONDS JACK DIAMONDS SIX,0.578,0.0024,0.4196
HEARTS QUEEN DIAMONDS SEVEN,0.614,0.0024,0.3836
HEARTS KING DIAMONDS SEVEN,0.6172,0.0034,0.3794
DIAMONDS ACE DIAMONDS SIX,0.2322,0.3584,0.4094
HEARTS FOUR DIAMONDS SIX,0.6276,0.0066,0.3658
SPADES TWO HEARTS JACK,0.6564,0.005,0.3386
SPADES TWO HEARTS TEN,0.6544,0.0066,0.339
DIAMONDS QUEEN DIAMONDS SIX,0.5756,0.0028,0.4216
HEARTS TWO DIAMONDS SIX,0.658,0.004,0.338
DIAMONDS KING DIAMONDS SIX,0.5818,0.0036,0.4146
HEARTS THREE DIAMONDS SIX,0.6452,0.0056,0.3492
HEARTS EIGHT DIAMONDS SIX,0.5832,0.0048,0.412
HEARTS NINE DIAMONDS SIX,0.59,0.0044,0.4056
HEARTS SIX DIAMONDS SIX,0.3608,0.0036,0.6356
HEARTS SEVEN DIAMONDS SIX,0.5834,0.0046,0.412
HEARTS TEN DIAMONDS SEVEN,0.5908,0.0032,0.406
CLUBS TWO DIAMONDS SIX,0.6606,0.0038,0.3356
HEARTS JACK DIAMONDS SEVEN,0.5926,0.004,0.4034
CLUBS THREE DIAMONDS SIX,0.6474,0.0046,0.348
CLUBS SEVEN DIAMONDS SIX,0.5776,0.0054,0.417
DIAMONDS EIGHT CLUBS JACK,0.5738,0.0022,0.424
CLUBS SIX DIAMONDS SIX,0.3762,0.003,0.6208
CLUBS TEN DIAMONDS EIGHT,0.57,0.0018,0.4282
CLUBS FIVE DIAMONDS SIX,0.7102,0.0204,0.2694
CLUBS FOUR DIAMONDS SIX,0.6358,0.0042,0.36
HEARTS ACE HEARTS JACK,0.2494,0.0802,0.6704
DIAMONDS EIGHT CLUBS ACE,0.2474,0.228,0.5246
HEARTS QUEEN HEARTS JACK,0.5346,0.0038,0.4616
DIAMONDS EIGHT CLUBS KING,0.5996,0.0054,0.395
CLUBS NINE DIAMONDS SIX,0.5886,0.0036,0.4078
HEARTS KING HEARTS JACK,0.5444,0.003,0.4526
DIAMONDS EIGHT CLUBS QUEEN,0.5992,0.003,0.3978
CLUBS EIGHT DIAMONDS SIX,0.5908,0.003,0.4062
SPADES TEN HEARTS KING,0.5768,0.0064,0.4168
SPADES FIVE DIAMONDS SIX,0.7102,0.0202,0.2696
HEARTS ACE SPADES TWO,0.3194,0.466,0.2146
SPADES JACK HEARTS KING,0.5824,0.0062,0.4114
SPADES FOUR DIAMONDS SIX,0.6314,0.0046,0.364
SPADES THREE DIAMONDS SIX,0.639,0.006,0.355
HEARTS QUEEN SPADES TWO,0.6576,0.0064,0.336
SPADES TWO HEARTS KING,0.6646,0.0064,0.329
SPADES TWO DIAMONDS SIX,0.6578,0.0034,0.3388
HEARTS TEN HEARTS EIGHT,0.5364,0.0052,0.4584
SPADES NINE DIAMONDS SIX,0.6002,0.0052,0.3946
HEARTS JACK HEARTS EIGHT,0.5478,0.0034,0.4488
SPADES EIGHT DIAMONDS SIX,0.585,0.0056,0.4094
SPADES SEVEN DIAMONDS SIX,0.5788,0.0032,0.418
SPADES SIX DIAMONDS SIX,0.3712,0.005,0.6238
SPADES KING HEARTS KING,0.298,0.0034,0.6986
SPADES QUEEN HEARTS KING,0.5676,0.006,0.4264
CLUBS ACE CLUBS KING,0.2534,0.046,0.7006
SPADES QUEEN HEARTS JACK,0.5556,0.003,0.4414
SPADES KING HEARTS JACK,0.5664,0.0066,0.427
SPADES TEN DIAMONDS TEN,0.3346,0.0052,0.6602
SPADES JACK DIAMONDS TEN,0.5474,0.0052,0.4474
SPADES JACK HEARTS JACK,0.3222,0.006,0.6718
SPADES TEN HEARTS JACK,0.55,0.0064,0.4436
SPADES QUEEN DIAMONDS TEN,0.563,0.006,0.431
SPADES KING DIAMONDS TEN,0.585,0.0044,0.4106
SPADES NINE DIAMONDS SEVEN,0.5804,0.004,0.4156
SPADES EIGHT DIAMONDS SEVEN,0.5648,0.0054,0.4298
SPADES SEVEN DIAMONDS SEVEN,0.355,0.0042,0.6408
SPADES SIX DIAMONDS SEVEN,0.575,0.003,0.422
DIAMONDS KING DIAMONDS SEVEN,0.5542,0.0054,0.4404
HEARTS THREE DIAMONDS SEVEN,0.6512,0.004,0.3448
HEARTS KING DIAMONDS FIVE,0.7296,0.032,0.2384
DIAMONDS QUEEN DIAMONDS SEVEN,0.5708,0.004,0.4252
HEARTS TWO DIAMONDS SEVEN,0.6578,0.005,0.3372
HEARTS QUEEN DIAMONDS FIVE,0.7388,0.0286,0.2326
DIAMONDS ACE DIAMONDS SEVEN,0.2332,0.285,0.4818
HEARTS FOUR DIAMONDS SEVEN,0.6524,0.0038,0.3438
HEARTS ACE DIAMONDS FIVE,0.0128,0.9674,0.0198
HEARTS SEVEN DIAMONDS SEVEN,0.3672,0.0038,0.629
HEARTS SIX DIAMONDS SEVEN,0.5846,0.0036,0.4118
DIAMONDS SEVEN HEARTS NINE,0.5862,0.0054,0.4084
HEARTS EIGHT DIAMONDS SEVEN,0.5634,0.0038,0.4328
DIAMONDS JACK DIAMONDS SEVEN,0.5548,0.0028,0.4424
DIAMONDS FIVE HEARTS JACK,0.7292,0.0326,0.2382
DIAMONDS TEN DIAMONDS SEVEN,0.5474,0.0036,0.449
HEARTS TEN DIAMONDS FIVE,0.7438,0.0228,0.2334
SPADES KING CLUBS TWO,0.6462,0.004,0.3498
HEARTS KING CLUBS KING,0.2932,0.0042,0.7026
CLUBS EIGHT DIAMONDS SEVEN,0.5718,0.004,0.4242
SPADES QUEEN CLUBS TWO,0.6474,0.0066,0.346
HEARTS KING CLUBS QUEEN,0.5776,0.0048,0.4176
CLUBS NINE DIAMONDS SEVEN,0.5784,0.003,0.4186
SPADES TWO CLUBS JACK,0.6468,0.0034,0.3498
CLUBS TEN SPADES TWO,0.64,0.0044,0.3556
HEARTS KING CLUBS ACE,0.2696,0.0462,0.6842
CLUBS SEVEN CLUBS SIX,0.5442,0.003,0.4528
SPADES TWO CLUBS KING,0.651,0.0072,0.3418
SPADES TWO DIAMONDS SEVEN,0.672,0.0068,0.3212
CLUBS EIGHT CLUBS SIX,0.5516,0.0028,0.4456
SPADES THREE DIAMONDS SEVEN,0.6478,0.005,0.3472
SPADES TWO CLUBS QUEEN,0.6622,0.0048,0.333
CLUBS NINE CLUBS SIX,0.56,0.0044,0.4356
SPADES FOUR DIAMONDS SEVEN,0.6408,0.0026,0.3566
HEARTS KING CLUBS JACK,0.5932,0.0034,0.4034
SPADES FIVE DIAMONDS SEVEN,0.7034,0.0218,0.2748
SPADES TWO CLUBS ACE,0.3188,0.4654,0.2158
CLUBS TEN HEARTS KING,0.5712,0.0038,0.425
CLUBS SIX SPADES TWO,0.6516,0.0074,0.341
CLUBS SIX SPADES THREE,0.6432,0.0034,0.3534
CLUBS TWO DIAMONDS SEVEN,0.661,0.004,0.335
CLUBS SIX SPADES FOUR,0.634,0.0048,0.3612
CLUBS THREE DIAMONDS SEVEN,0.658,0.0052,0.3368
CLUBS SIX SPADES FIVE,0.7192,0.0264,0.2544
CLUBS FOUR DIAMONDS SEVEN,0.6394,0.0032,0.3574
CLUBS SIX SPADES SIX,0.3746,0.0042,0.6212
CLUBS FIVE DIAMONDS SEVEN,0.702,0.0186,0.2794
CLUBS SIX SPADES SEVEN,0.5784,0.0028,0.4188
CLUBS SIX DIAMONDS SEVEN,0.5734,0.0066,0.42
SPADES EIGHT CLUBS SIX,0.5896,0.005,0.4054
SPADES JACK CLUBS TWO,0.6578,0.0054,0.3368
CLUBS SEVEN DIAMONDS SEVEN,0.3474,0.004,0.6486
SPADES NINE CLUBS SIX,0.593,0.0026,0.4044
SPADES TEN CLUBS TWO,0.653,0.0046,0.3424
CLUBS TWO CLUBS QUEEN,0.6038,0.0046,0.3916
CLUBS TWO CLUBS KING,0.6022,0.005,0.3928
CLUBS THREE DIAMONDS EIGHT,0.6478,0.006,0.3462
CLUBS TWO CLUBS ACE,0.2948,0.4356,0.2696
CLUBS TWO DIAMONDS EIGHT,0.6526,0.0036,0.3438
HEARTS SEVEN DIAMONDS EIGHT,0.5734,0.0058,0.4208
HEARTS SIX DIAMONDS EIGHT,0.5786,0.0042,0.4172
DIAMONDS EIGHT HEARTS NINE,0.5652,0.0046,0.4302
CLUBS TEN CLUBS TWO,0.6128,0.0038,0.3834
DIAMONDS EIGHT HEARTS EIGHT,0.3572,0.0044,0.6384
CLUBS TWO CLUBS JACK,0.6214,0.0044,0.3742
CLUBS NINE DIAMONDS EIGHT,0.5662,0.004,0.4298
CLUBS EIGHT DIAMONDS EIGHT,0.354,0.0018,0.6442
CLUBS FIVE DIAMONDS EIGHT,0.6986,0.0202,0.2812
CLUBS FOUR DIAMONDS EIGHT,0.6416,0.0026,0.3558
CLUBS SEVEN DIAMONDS EIGHT,0.56,0.004,0.436
SPADES QUEEN SPADES THREE,0.616,0.0062,0.3778
CLUBS SIX DIAMONDS EIGHT,0.5848,0.0032,0.412
SPADES KING SPADES THREE,0.6368,0.0038,0.3594
DIAMONDS QUEEN DIAMONDS EIGHT,0.5454,0.0044,0.4502
HEARTS TWO DIAMONDS EIGHT,0.6644,0.0054,0.3302
DIAMONDS KING DIAMONDS EIGHT,0.5608,0.003,0.4362
HEARTS THREE DIAMONDS EIGHT,0.6512,0.005,0.3438
DIAMONDS ACE DIAMONDS EIGHT,0.2358,0.2128,0.5514
HEARTS FOUR DIAMONDS EIGHT,0.6386,0.006,0.3554
DIAMONDS EIGHT DIAMONDS TEN,0.5332,0.0034,0.4634
DIAMONDS EIGHT DIAMONDS JACK,0.5514,0.0058,0.4428
SPADES JACK SPADES THREE,0.618,0.0048,0.3772
SPADES TEN SPADES THREE,0.6236,0.0054,0.371
CLUBS FOUR HEARTS ACE,0.325,0.4584,0.2166
CLUBS FOUR HEARTS QUEEN,0.6484,0.0068,0.3448
CLUBS FOUR HEARTS KING,0.651,0.0046,0.3444
CLUBS SIX HEARTS TEN,0.586,0.004,0.41
CLUBS SIX HEARTS JACK,0.6002,0.0044,0.3954
SPADES FOUR DIAMONDS EIGHT,0.6368,0.0056,0.3576
SPADES FIVE DIAMONDS EIGHT,0.7126,0.0256,0.2618
DIAMONDS EIGHT SPADES TWO,0.666,0.0036,0.3304
DIAMONDS EIGHT SPADES THREE,0.645,0.0048,0.3502
CLUBS FOUR HEARTS JACK,0.6442,0.0034,0.3524
SPADES EIGHT DIAMONDS EIGHT,0.3628,0.0036,0.6336
SPADES JACK HEARTS EIGHT,0.593,0.0058,0.4012
SPADES TEN HEARTS TWO,0.6512,0.0054,0.3434
SPADES TEN DIAMONDS QUEEN,0.5666,0.003,0.4304
CLUBS FOUR HEARTS TEN,0.6432,0.0036,0.3532
SPADES NINE DIAMONDS EIGHT,0.5714,0.0022,0.4264
SPADES JACK HEARTS TWO,0.6454,0.0064,0.3482
SPADES JACK DIAMONDS QUEEN,0.576,0.0046,0.4194
SPADES TEN HEARTS EIGHT,0.562,0.0042,0.4338
SPADES SIX DIAMONDS EIGHT,0.6106,0.004,0.3854
SPADES SEVEN DIAMONDS EIGHT,0.5702,0.0038,0.426
SPADES QUEEN DIAMONDS QUEEN,0.31,0.004,0.686
SPADES QUEEN HEARTS TWO,0.6542,0.0058,0.34
SPADES KING HEARTS EIGHT,0.6088,0.0054,0.3858
SPADES QUEEN HEARTS EIGHT,0.5926,0.0048,0.4026
SPADES KING HEARTS TWO,0.662,0.0046,0.3334
SPADES KING DIAMONDS QUEEN,0.5936,0.0056,0.4008
CLUBS TWO HEARTS TEN,0.6304,0.0058,0.3638
CLUBS TWO HEARTS JACK,0.6522,0.0064,0.3414
SPADES SEVEN DIAMONDS NINE,0.5796,0.0042,0.4162
SPADES SIX DIAMONDS NINE,0.595,0.0048,0.4002
SPADES NINE DIAMONDS NINE,0.3496,0.0058,0.6446
SPADES EIGHT DIAMONDS NINE,0.58,0.005,0.415
SPADES TEN CLUBS KING,0.5748,0.0064,0.4188
DIAMONDS NINE SPADES THREE,0.651,0.005,0.344
SPADES JACK CLUBS KING,0.578,0.0052,0.4168
DIAMONDS NINE SPADES TWO,0.6678,0.005,0.3272
SPADES FIVE DIAMONDS NINE,0.746,0.022,0.232
DIAMONDS NINE SPADES FOUR,0.6556,0.006,0.3384
CLUBS NINE DIAMONDS NINE,0.348,0.0038,0.6482
CLUBS EIGHT DIAMONDS NINE,0.5582,0.003,0.4388
CLUBS SIX DIAMONDS NINE,0.5938,0.004,0.4022
SPADES JACK CLUBS FOUR,0.6504,0.0048,0.3448
CLUBS SEVEN DIAMONDS NINE,0.5822,0.0024,0.4154
SPADES TEN CLUBS FOUR,0.6374,0.0048,0.3578
CLUBS FOUR DIAMONDS NINE,0.656,0.0044,0.3396
CLUBS FIVE DIAMONDS NINE,0.7224,0.0236,0.254
DIAMONDS NINE CLUBS TWO,0.6656,0.0032,0.3312
CLUBS THREE DIAMONDS NINE,0.6576,0.003,0.3394
DIAMONDS NINE HEARTS EIGHT,0.5712,0.0034,0.4254
DIAMONDS NINE HEARTS NINE,0.3422,0.0036,0.6542
HEARTS SIX DIAMONDS NINE,0.5876,0.0044,0.408
HEARTS SEVEN DIAMONDS NINE,0.5862,0.0048,0.409
CLUBS NINE CLUBS EIGHT,0.5424,0.0042,0.4534
DIAMONDS ACE DIAMONDS NINE,0.2412,0.1686,0.5902
HEARTS FOUR DIAMONDS NINE,0.6448,0.0044,0.3508
HEARTS ACE CLUBS TWO,0.321,0.47,0.209
DIAMONDS QUEEN DIAMONDS NINE,0.5474,0.0036,0.449
HEARTS TWO DIAMONDS NINE,0.6588,0.003,0.3382
CLUBS TWO HEARTS KING,0.651,0.0064,0.3426
SPADES KING CLUBS FOUR,0.6686,0.0034,0.328
DIAMONDS KING DIAMONDS NINE,0.552,0.0044,0.4436
HEARTS THREE DIAMONDS NINE,0.6512,0.0042,0.3446
CLUBS TWO HEARTS QUEEN,0.639,0.0056,0.3554
SPADES QUEEN CLUBS FOUR,0.6436,0.0064,0.35
DIAMONDS NINE DIAMONDS JACK,0.5418,0.005,0.4532
CLUBS EIGHT SPADES NINE,0.5682,0.0036,0.4282
DIAMONDS NINE DIAMONDS TEN,0.518,0.0054,0.4766
CLUBS EIGHT SPADES EIGHT,0.364,0.0054,0.6306
CLUBS EIGHT SPADES SEVEN,0.5764,0.0048,0.4188
CLUBS EIGHT SPADES SIX,0.582,0.0038,0.4142
CLUBS EIGHT SPADES FIVE,0.7148,0.0254,0.2598
CLUBS EIGHT SPADES FOUR,0.6348,0.0056,0.3596
CLUBS EIGHT SPADES THREE,0.664,0.0052,0.3308
CLUBS EIGHT SPADES TWO,0.6506,0.005,0.3444
HEARTS SIX DIAMONDS TEN,0.5912,0.0046,0.4042
HEARTS SEVEN DIAMONDS TEN,0.58,0.0038,0.4162
DIAMONDS TEN HEARTS EIGHT,0.5674,0.0052,0.4274
CLUBS FOUR CLUBS JACK,0.6018,0.005,0.3932
DIAMONDS TEN HEARTS NINE,0.5618,0.0062,0.432
CLUBS TEN CLUBS FOUR,0.5988,0.0032,0.398
CLUBS FOUR CLUBS KING,0.6,0.0056,0.3944
CLUBS FOUR CLUBS QUEEN,0.6108,0.005,0.3842
CLUBS TWO DIAMONDS TEN,0.6562,0.0042,0.3396
CLUBS THREE DIAMONDS TEN,0.6376,0.004,0.3584
CLUBS FOUR CLUBS ACE,0.3002,0.4376,0.2622
DIAMONDS JACK DIAMONDS TEN,0.521,0.0036,0.4754
DIAMONDS QUEEN DIAMONDS TEN,0.5258,0.0034,0.4708
HEARTS TWO DIAMONDS TEN,0.641,0.0046,0.3544
DIAMONDS KING DIAMONDS TEN,0.5358,0.0032,0.461
HEARTS THREE DIAMONDS TEN,0.644,0.003,0.353
DIAMONDS ACE DIAMONDS TEN,0.2384,0.1138,0.6478
HEARTS FOUR DIAMONDS TEN,0.6634,0.0054,0.3312
CLUBS EIGHT HEARTS JACK,0.5902,0.0028,0.407
CLUBS EIGHT HEARTS TEN,0.5598,0.004,0.4362
CLUBS EIGHT HEARTS QUEEN,0.5976,0.0032,0.3992
CLUBS EIGHT HEARTS KING,0.594,0.005,0.401
CLUBS EIGHT HEARTS ACE,0.2392,0.226,0.5348
CLUBS NINE SPADES THREE,0.6566,0.0032,0.3402
CLUBS NINE SPADES TWO,0.673,0.0062,0.3208
CLUBS NINE SPADES FIVE,0.744,0.023,0.233
CLUBS NINE SPADES FOUR,0.6538,0.0048,0.3414
CLUBS NINE SPADES SEVEN,0.5816,0.0042,0.4142
CLUBS NINE SPADES SIX,0.601,0.003,0.396
CLUBS NINE SPADES NINE,0.3472,0.0038,0.649
CLUBS TEN HEARTS EIGHT,0.5678,0.0036,0.4286
CLUBS NINE SPADES EIGHT,0.5724,0.0046,0.423
HEARTS EIGHT CLUBS JACK,0.5836,0.0032,0.4132
CLUBS QUEEN HEARTS EIGHT,0.591,0.0036,0.4054
CLUBS KING HEARTS EIGHT,0.5882,0.0052,0.4066
CLUBS ACE HEARTS EIGHT,0.2382,0.2278,0.534
SPADES KING CLUBS KING,0.3096,0.0038,0.6866
SPADES QUEEN CLUBS KING,0.5976,0.0038,0.3986
DIAMONDS ACE HEARTS TEN,0.257,0.122,0.621
HEARTS FOUR HEARTS TEN,0.6088,0.0052,0.386
DIAMONDS ACE HEARTS JACK,0.258,0.0874,0.6546
HEARTS FOUR HEARTS JACK,0.6152,0.0054,0.3794
SPADES KING CLUBS FIVE,0.7462,0.0276,0.2262
SPADES QUEEN CLUBS FIVE,0.7484,0.0312,0.2204
HEARTS SEVEN DIAMONDS JACK,0.5954,0.0038,0.4008
HEARTS SIX DIAMONDS JACK,0.6024,0.0038,0.3938
DIAMONDS JACK HEARTS NINE,0.5696,0.0038,0.4266
DIAMONDS JACK HEARTS EIGHT,0.5816,0.0054,0.413
DIAMONDS KING DIAMONDS JACK,0.5334,0.0036,0.463
HEARTS THREE DIAMONDS JACK,0.649,0.0054,0.3456
HEARTS ACE SPADES FOUR,0.3104,0.4798,0.2098
DIAMONDS QUEEN DIAMONDS JACK,0.5284,0.0046,0.467
HEARTS TWO DIAMONDS JACK,0.6614,0.0024,0.3362
SPADES QUEEN SPADES SIX,0.5866,0.0052,0.4082
SPADES FOUR HEARTS QUEEN,0.6612,0.0054,0.3334
DIAMONDS ACE DIAMONDS JACK,0.2408,0.0866,0.6726
HEARTS FOUR DIAMONDS JACK,0.6536,0.004,0.3424
SPADES KING SPADES SIX,0.5848,0.0044,0.4108
SPADES FOUR HEARTS KING,0.6606,0.0034,0.336
SPADES TEN SPADES SIX,0.5628,0.0042,0.433
SPADES JACK SPADES SIX,0.585,0.0072,0.4078
SPADES FOUR DIAMONDS JACK,0.6428,0.0052,0.352
SPADES FIVE DIAMONDS JACK,0.7458,0.0278,0.2264
DIAMONDS JACK SPADES TWO,0.6568,0.0048,0.3384
SPADES THREE DIAMONDS JACK,0.6634,0.003,0.3336
SPADES QUEEN DIAMONDS THREE,0.6628,0.0046,0.3326
CLUBS EIGHT DIAMONDS JACK,0.5852,0.0044,0.4104
SPADES KING DIAMONDS THREE,0.6528,0.0046,0.3426
CLUBS NINE DIAMONDS JACK,0.561,0.004,0.435
CLUBS SIX DIAMONDS JACK,0.615,0.0034,0.3816
CLUBS SEVEN DIAMONDS JACK,0.6016,0.002,0.3964
CLUBS FOUR DIAMONDS JACK,0.6394,0.0032,0.3574
CLUBS FIVE DIAMONDS JACK,0.74,0.0294,0.2306
CLUBS TWO DIAMONDS JACK,0.6438,0.0064,0.3498
CLUBS THREE DIAMONDS JACK,0.649,0.0032,0.3478
SPADES JACK HEARTS SIX,0.6162,0.0032,0.3806
SPADES TEN CLUBS FIVE,0.7472,0.0244,0.2284
SPADES JACK CLUBS FIVE,0.734,0.0314,0.2346
SPADES TEN HEARTS SIX,0.5966,0.0052,0.3982
SPADES JACK DIAMONDS THREE,0.6478,0.0054,0.3468
CLUBS SEVEN CLUBS ACE,0.2226,0.2808,0.4966
SPADES TEN DIAMONDS THREE,0.6484,0.0054,0.3462
CLUBS SEVEN CLUBS QUEEN,0.5704,0.005,0.4246
CLUBS SEVEN CLUBS KING,0.5758,0.004,0.4202
SPADES NINE DIAMONDS JACK,0.5812,0.0046,0.4142
CLUBS TEN CLUBS SEVEN,0.539,0.004,0.457
DIAMONDS ACE HEARTS ACE,0.0722,0.015,0.9128
HEARTS FOUR HEARTS ACE,0.308,0.4402,0.2518
SPADES EIGHT DIAMONDS JACK,0.5978,0.0028,0.3994
CLUBS SEVEN CLUBS JACK,0.5658,0.0042,0.43
DIAMONDS ACE HEARTS KING,0.2662,0.0502,0.6836
HEARTS FOUR HEARTS KING,0.6088,0.006,0.3852
SPADES SEVEN DIAMONDS JACK,0.5986,0.0048,0.3966
SPADES KING HEARTS SIX,0.6126,0.0054,0.382
DIAMONDS ACE HEARTS QUEEN,0.252,0.0616,0.6864
HEARTS FOUR HEARTS QUEEN,0.6146,0.0062,0.3792
SPADES SIX DIAMONDS JACK,0.6182,0.0056,0.3762
SPADES QUEEN HEARTS SIX,0.6198,0.0078,0.3724
SPADES TWO DIAMONDS TEN,0.6456,0.0056,0.3488
SPADES THREE DIAMONDS TEN,0.6518,0.003,0.3452
SPADES FOUR DIAMONDS TEN,0.6524,0.0038,0.3438
SPADES FIVE DIAMONDS TEN,0.737,0.0272,0.2358
SPADES SIX DIAMONDS TEN,0.6106,0.0038,0.3856
SPADES SEVEN DIAMONDS TEN,0.5788,0.004,0.4172
SPADES EIGHT DIAMONDS TEN,0.586,0.0052,0.4088
SPADES NINE DIAMONDS TEN,0.5484,0.0044,0.4472
CLUBS FOUR DIAMONDS TEN,0.6404,0.004,0.3556
CLUBS FIVE DIAMONDS TEN,0.7374,0.0236,0.239
CLUBS SIX DIAMONDS TEN,0.5878,0.0032,0.409
CLUBS SEVEN DIAMONDS TEN,0.5854,0.003,0.4116
CLUBS EIGHT DIAMONDS TEN,0.5682,0.0034,0.4284
CLUBS NINE DIAMONDS TEN,0.5474,0.0026,0.45
DIAMONDS THREE CLUBS JACK,0.643,0.0028,0.3542
CLUBS TEN DIAMONDS THREE,0.6496,0.0062,0.3442
DIAMONDS THREE CLUBS KING,0.6488,0.0038,0.3474
DIAMONDS THREE CLUBS QUEEN,0.6466,0.0058,0.3476
DIAMONDS THREE CLUBS ACE,0.3332,0.4532,0.2136
SPADES FOUR HEARTS JACK,0.656,0.006,0.338
SPADES FOUR HEARTS TEN,0.639,0.005,0.356
SPADES FIVE SPADES TWO,0.7106,0.029,0.2604
SPADES FOUR SPADES TWO,0.6462,0.0062,0.3476
SPADES THREE SPADES TWO,0.6356,0.0076,0.3568
SPADES NINE SPADES TWO,0.6198,0.005,0.3752
SPADES EIGHT SPADES TWO,0.6096,0.0058,0.3846
SPADES SEVEN SPADES TWO,0.6402,0.0046,0.3552
SPADES SIX SPADES TWO,0.6234,0.0054,0.3712
DIAMONDS QUEEN CLUBS THREE,0.6528,0.0032,0.344
CLUBS THREE HEARTS TWO,0.6638,0.0064,0.3298
DIAMONDS QUEEN CLUBS TWO,0.6382,0.0052,0.3566
HEARTS TWO CLUBS TWO,0.4762,0.0058,0.518
HEARTS SEVEN DIAMONDS QUEEN,0.5952,0.004,0.4008
HEARTS SEVEN HEARTS TWO,0.618,0.0048,0.3772
HEARTS SIX DIAMONDS QUEEN,0.5976,0.0046,0.3978
HEARTS SIX HEARTS TWO,0.6188,0.0056,0.3756
DIAMONDS QUEEN HEARTS NINE,0.5716,0.0034,0.425
HEARTS TWO HEARTS NINE,0.6168,0.006,0.3772
DIAMONDS QUEEN HEARTS EIGHT,0.5886,0.0048,0.4066
HEARTS TWO HEARTS EIGHT,0.6256,0.0058,0.3686
CLUBS NINE HEARTS TWO,0.6544,0.0056,0.34
CLUBS NINE DIAMONDS QUEEN,0.5812,0.0032,0.4156
CLUBS EIGHT HEARTS TWO,0.6602,0.0054,0.3344
CLUBS EIGHT DIAMONDS QUEEN,0.5886,0.0044,0.407
CLUBS FIVE DIAMONDS QUEEN,0.7446,0.0284,0.227
CLUBS FIVE HEARTS TWO,0.7436,0.031,0.2254
SPADES EIGHT HEARTS ACE,0.2346,0.2352,0.5302
DIAMONDS QUEEN CLUBS FOUR,0.6596,0.0032,0.3372
HEARTS TWO CLUBS FOUR,0.6734,0.0034,0.3232
CLUBS SEVEN DIAMONDS QUEEN,0.601,0.0038,0.3952
CLUBS SEVEN HEARTS TWO,0.6508,0.0062,0.343
SPADES EIGHT HEARTS QUEEN,0.5882,0.006,0.4058
CLUBS SIX DIAMONDS QUEEN,0.6092,0.0044,0.3864
CLUBS SIX HEARTS TWO,0.642,0.0058,0.3522
SPADES EIGHT HEARTS KING,0.6104,0.0064,0.3832
DIAMONDS QUEEN SPADES SIX,0.6354,0.004,0.3606
HEARTS TWO SPADES SIX,0.6708,0.0032,0.326
HEARTS FOUR CLUBS QUEEN,0.6476,0.005,0.3474
DIAMONDS ACE CLUBS QUEEN,0.2584,0.0674,0.6742
DIAMONDS QUEEN SPADES SEVEN,0.6018,0.0042,0.394
SPADES SEVEN HEARTS TWO,0.6748,0.0044,0.3208
HEARTS FOUR CLUBS KING,0.6524,0.0054,0.3422
DIAMONDS ACE CLUBS KING,0.2608,0.0478,0.6914
SPADES EIGHT DIAMONDS QUEEN,0.6022,0.0046,0.3932
SPADES EIGHT HEARTS TWO,0.6568,0.0058,0.3374
HEARTS FOUR CLUBS ACE,0.3242,0.4622,0.2136
DIAMONDS ACE CLUBS ACE,0.0794,0.013,0.9076
SPADES NINE DIAMONDS QUEEN,0.5984,0.0038,0.3978
SPADES NINE HEARTS TWO,0.6554,0.0068,0.3378
HEARTS TWO SPADES TWO,0.4678,0.0074,0.5248
DIAMONDS QUEEN SPADES TWO,0.6504,0.0048,0.3448
HEARTS TWO SPADES THREE,0.6728,0.0062,0.321
DIAMONDS QUEEN SPADES THREE,0.6502,0.0056,0.3442
HEARTS TWO SPADES FOUR,0.673,0.0056,0.3214
DIAMONDS QUEEN SPADES FOUR,0.639,0.005,0.356
HEARTS FOUR CLUBS TEN,0.6436,0.0038,0.3526
CLUBS TEN DIAMONDS ACE,0.2512,0.1156,0.6332
HEARTS TWO SPADES FIVE,0.7514,0.0298,0.2188
DIAMONDS QUEEN SPADES FIVE,0.74,0.027,0.233
HEARTS FOUR CLUBS JACK,0.648,0.0038,0.3482
DIAMONDS ACE CLUBS JACK,0.2654,0.0854,0.6492
CLUBS FIVE CLUBS KING,0.6968,0.0268,0.2764
CLUBS FIVE CLUBS QUEEN,0.7046,0.028,0.2674
CLUBS FIVE CLUBS ACE,0.0214,0.9118,0.0668
CLUBS FIVE CLUBS JACK,0.682,0.0292,0.2888
CLUBS TEN CLUBS FIVE,0.6896,0.0214,0.289
SPADES KING CLUBS JACK,0.578,0.0032,0.4188
SPADES QUEEN CLUBS JACK,0.5648,0.0042,0.431
SPADES SIX CLUBS KING,0.618,0.0044,0.3776
SPADES SIX CLUBS QUEEN,0.608,0.0034,0.3886
SPADES EIGHT HEARTS JACK,0.5894,0.0034,0.4072
SPADES SIX CLUBS ACE,0.2446,0.3872,0.3682
SPADES EIGHT HEARTS TEN,0.566,0.004,0.43
SPADES SIX CLUBS JACK,0.6126,0.0022,0.3852
CLUBS TEN SPADES SIX,0.6016,0.0052,0.3932
SPADES TEN CLUBS JACK,0.5558,0.0052,0.439
SPADES JACK CLUBS JACK,0.3268,0.0036,0.6696
SPADES QUEEN CLUBS SEVEN,0.6164,0.0044,0.3792
SPADES KING CLUBS SEVEN,0.6082,0.0036,0.3882
SPADES SIX HEARTS TEN,0.5928,0.0062,0.401
SPADES SIX HEARTS JACK,0.6084,0.004,0.3876
SPADES SIX HEARTS ACE,0.2478,0.3904,0.3618
SPADES SIX HEARTS KING,0.61,0.0044,0.3856
SPADES SIX HEARTS QUEEN,0.6118,0.005,0.3832
SPADES JACK CLUBS SEVEN,0.5962,0.0046,0.3992
CLUBS SEVEN SPADES TEN,0.5832,0.0054,0.4114
CLUBS TEN HEARTS SIX,0.5872,0.0036,0.4092
HEARTS SIX CLUBS JACK,0.6136,0.0056,0.3808
CLUBS ACE CLUBS JACK,0.2516,0.079,0.6694
HEARTS SIX CLUBS QUEEN,0.599,0.0042,0.3968
HEARTS SIX CLUBS KING,0.6054,0.0042,0.3904
HEARTS SIX CLUBS ACE,0.2328,0.378,0.3892
CLUBS QUEEN CLUBS JACK,0.5186,0.0044,0.477
CLUBS KING CLUBS JACK,0.5362,0.0044,0.4594
DIAMONDS THREE HEARTS ACE,0.3088,0.4832,0.208
DIAMONDS THREE HEARTS QUEEN,0.6544,0.0052,0.3404
DIAMONDS THREE HEARTS KING,0.6514,0.005,0.3436
CLUBS FIVE HEARTS JACK,0.7398,0.0304,0.2298
HEARTS FOUR SPADES TEN,0.6486,0.005,0.3464
SPADES TEN DIAMONDS ACE,0.2504,0.1186,0.631
CLUBS FIVE HEARTS TEN,0.7344,0.024,0.2416
HEARTS FOUR SPADES JACK,0.6446,0.0068,0.3486
SPADES JACK DIAMONDS ACE,0.2618,0.092,0.6462
CLUBS FIVE HEARTS ACE,0.0144,0.9714,0.0142
CLUBS FIVE HEARTS KING,0.7398,0.0308,0.2294
SPADES QUEEN DIAMONDS ACE,0.273,0.0616,0.6654
HEARTS FOUR SPADES QUEEN,0.6496,0.006,0.3444
SPADES FOUR CLUBS JACK,0.6568,0.005,0.3382
CLUBS FIVE HEARTS QUEEN,0.7262,0.0322,0.2416
SPADES KING HEARTS FOUR,0.657,0.0042,0.3388
SPADES KING DIAMONDS ACE,0.2656,0.0506,0.6838
CLUBS TEN SPADES FOUR,0.6498,0.0028,0.3474
DIAMONDS QUEEN DIAMONDS ACE,0.2444,0.056,0.6996
HEARTS TWO DIAMONDS ACE,0.3096,0.4668,0.2236
HEARTS FOUR DIAMONDS QUEEN,0.6504,0.0036,0.346
HEARTS FOUR HEARTS TWO,0.6474,0.0056,0.347
DIAMONDS THREE HEARTS TEN,0.6478,0.0056,0.3466
SPADES FOUR CLUBS KING,0.656,0.0066,0.3374
DIAMONDS THREE HEARTS JACK,0.6526,0.0022,0.3452
SPADES FOUR CLUBS QUEEN,0.6626,0.0048,0.3326
DIAMONDS QUEEN HEARTS TWO,0.6614,0.0068,0.3318
DIAMONDS KING DIAMONDS QUEEN,0.5356,0.0034,0.461
DIAMONDS KING HEARTS TWO,0.6516,0.0034,0.345
HEARTS THREE DIAMONDS QUEEN,0.6524,0.0056,0.342
HEARTS THREE HEARTS TWO,0.6334,0.0054,0.3612
SPADES FOUR CLUBS ACE,0.3144,0.4716,0.214
HEARTS TWO CLUBS ACE,0.332,0.4546,0.2134
DIAMONDS QUEEN CLUBS ACE,0.2804,0.0626,0.657
HEARTS TWO CLUBS QUEEN,0.6512,0.0052,0.3436
DIAMONDS QUEEN CLUBS QUEEN,0.3148,0.0018,0.6834
HEARTS TWO CLUBS KING,0.6506,0.006,0.3434
DIAMONDS QUEEN CLUBS KING,0.5826,0.0052,0.4122
SPADES EIGHT SPADES FIVE,0.6892,0.0224,0.2884
CLUBS TEN HEARTS TWO,0.646,0.0058,0.3482
CLUBS TEN DIAMONDS QUEEN,0.5686,0.0044,0.427
SPADES NINE SPADES FIVE,0.7072,0.0204,0.2724
HEARTS TWO CLUBS JACK,0.6508,0.0054,0.3438
DIAMONDS QUEEN CLUBS JACK,0.5714,0.0038,0.4248
SPADES SIX SPADES FIVE,0.6812,0.0234,0.2954
SPADES SEVEN SPADES FIVE,0.6794,0.0212,0.2994
DIAMONDS FIVE CLUBS QUEEN,0.7356,0.0298,0.2346
SPADES EIGHT CLUBS ACE,0.2356,0.2286,0.5358
DIAMONDS FIVE CLUBS KING,0.7434,0.0328,0.2238
SPADES EIGHT CLUBS KING,0.6066,0.0042,0.3892
CLUBS ACE DIAMONDS FIVE,0.0226,0.9582,0.0192
SPADES EIGHT CLUBS QUEEN,0.5954,0.0052,0.3994
SPADES EIGHT CLUBS JACK,0.5896,0.0048,0.4056
CLUBS TEN SPADES EIGHT,0.5696,0.0038,0.4266
CLUBS TEN DIAMONDS FIVE,0.73,0.0264,0.2436
DIAMONDS FIVE CLUBS JACK,0.7324,0.0274,0.2402
DIAMONDS TEN HEARTS JACK,0.5752,0.003,0.4218
DIAMONDS TEN HEARTS TEN,0.3262,0.0038,0.67
CLUBS NINE SPADES QUEEN,0.5762,0.0042,0.4196
SPADES KING CLUBS NINE,0.6008,0.0036,0.3956
HEARTS SIX HEARTS KING,0.5804,0.0034,0.4162
DIAMONDS KING SPADES SEVEN,0.614,0.0024,0.3836
