opposingHand,winningChance,drawChance,lostChance
SPADES TEN HEARTS JACK
SPADES JACK HEARTS FIVE,0.6486,0.1252,0.2262
SPADES FIVE CLUBS JACK,0.6538,0.1214,0.2248
CLUBS TEN SPADES FIVE,0.7322,0.0512,0.2166
CLUBS EIGHT CLUBS JACK,0.6126,0.1078,0.2796
CLUBS TEN CLUBS EIGHT,0.66,0.0514,0.2886
CLUBS EIGHT CLUBS KING,0.4182,0.0054,0.5764
SPADES FIVE CLUBS ACE,0.453,0.0058,0.5412
CLUBS EIGHT CLUBS QUEEN,0.4004,0.0106,0.589
SPADES FIVE CLUBS KING,0.463,0.0056,0.5314
SPADES FIVE CLUBS QUEEN,0.4644,0.0082,0.5274
CLUBS EIGHT CLUBS ACE,0.418,0.0026,0.5794
DIAMONDS TWO DIAMONDS THREE,0.6142,0.0124,0.3734
DIAMONDS TWO DIAMONDS FIVE,0.6186,0.0164,0.365
SPADES KING HEARTS FIVE,0.4568,0.0088,0.5344
DIAMONDS TWO DIAMONDS FOUR,0.6134,0.0114,0.3752
SPADES QUEEN HEARTS FIVE,0.4566,0.0086,0.5348
DIAMONDS TWO DIAMONDS SEVEN,0.634,0.0144,0.3516
DIAMONDS TWO DIAMONDS SIX,0.6134,0.0134,0.3732
SPADES ACE HEARTS FIVE,0.4506,0.0068,0.5426
DIAMONDS TWO DIAMONDS NINE,0.6494,0.0092,0.3414
DIAMONDS TWO DIAMONDS EIGHT,0.647,0.0168,0.3362
DIAMONDS THREE DIAMONDS FOUR,0.6028,0.0142,0.383
SPADES FOUR CLUBS TWO,0.6556,0.016,0.3284
DIAMONDS THREE DIAMONDS FIVE,0.5992,0.0152,0.3856
SPADES FIVE CLUBS TWO,0.6456,0.0166,0.3378
CLUBS TWO SPADES TWO,0.4864,0.0308,0.4828
CLUBS TWO SPADES THREE,0.6576,0.0156,0.3268
DIAMONDS THREE DIAMONDS EIGHT,0.6422,0.0146,0.3432
SPADES EIGHT CLUBS TWO,0.6866,0.0148,0.2986
DIAMONDS THREE DIAMONDS NINE,0.6428,0.0132,0.344
SPADES NINE CLUBS TWO,0.6998,0.0138,0.2864
DIAMONDS THREE DIAMONDS SIX,0.6156,0.0132,0.3712
SPADES SIX CLUBS TWO,0.6784,0.0178,0.3038
DIAMONDS THREE DIAMONDS SEVEN,0.6092,0.0146,0.3762
SPADES SEVEN CLUBS TWO,0.6866,0.0136,0.2998
CLUBS SIX CLUBS TWO,0.6312,0.0124,0.3564
CLUBS SEVEN CLUBS TWO,0.6422,0.0138,0.344
CLUBS FOUR CLUBS TWO,0.6098,0.0162,0.374
CLUBS FIVE CLUBS TWO,0.597,0.0136,0.3894
CLUBS TEN CLUBS JACK,0.0196,0.905,0.0754
DIAMONDS FOUR DIAMONDS SIX,0.603,0.0144,0.3826
CLUBS TEN CLUBS QUEEN,0.2338,0.0366,0.7296
DIAMONDS FOUR DIAMONDS SEVEN,0.6188,0.0146,0.3666
CLUBS TEN CLUBS KING,0.2552,0.0292,0.7156
CLUBS TEN CLUBS ACE,0.267,0.0194,0.7136
CLUBS EIGHT CLUBS TWO,0.6238,0.0138,0.3624
DIAMONDS FIVE DIAMONDS FOUR,0.5746,0.013,0.4124
CLUBS NINE CLUBS TWO,0.648,0.0146,0.3374
DIAMONDS NINE DIAMONDS FOUR,0.6406,0.0126,0.3468
DIAMONDS EIGHT DIAMONDS FOUR,0.634,0.0158,0.3502
CLUBS THREE CLUBS TWO,0.6004,0.0144,0.3852
DIAMONDS NINE DIAMONDS FIVE,0.638,0.0144,0.3476
DIAMONDS TWO CLUBS JACK,0.6676,0.112,0.2204
DIAMONDS EIGHT DIAMONDS FIVE,0.6234,0.0138,0.3628
CLUBS TEN DIAMONDS TWO,0.7224,0.0556,0.222
DIAMONDS FIVE DIAMONDS SEVEN,0.606,0.0136,0.3804
DIAMONDS FIVE DIAMONDS SIX,0.599,0.0118,0.3892
DIAMONDS TWO CLUBS ACE,0.4404,0.0032,0.5564
DIAMONDS TWO CLUBS KING,0.4478,0.0092,0.543
DIAMONDS TWO CLUBS QUEEN,0.4548,0.0094,0.5358
DIAMONDS EIGHT DIAMONDS SIX,0.6056,0.0134,0.381
DIAMONDS NINE DIAMONDS SIX,0.6272,0.0144,0.3584
HEARTS ACE SPADES THREE,0.4388,0.006,0.5552
SPADES THREE HEARTS KING,0.4498,0.0084,0.5418
DIAMONDS SEVEN DIAMONDS SIX,0.5884,0.0134,0.3982
SPADES THREE HEARTS QUEEN,0.4508,0.0102,0.539
SPADES THREE HEARTS TEN,0.743,0.0562,0.2008
DIAMONDS EIGHT DIAMONDS SEVEN,0.6,0.0148,0.3852
DIAMONDS NINE DIAMONDS SEVEN,0.609,0.0102,0.3808
DIAMONDS NINE DIAMONDS EIGHT,0.5988,0.0136,0.3876
DIAMONDS KING HEARTS TEN,0.2698,0.0264,0.7038
HEARTS THREE HEARTS TEN,0.693,0.0564,0.2506
SPADES JACK CLUBS SIX,0.644,0.1274,0.2286
SPADES JACK SPADES FIVE,0.6108,0.1158,0.2734
DIAMONDS KING HEARTS ACE,0.3718,0.0042,0.624
HEARTS THREE HEARTS ACE,0.4302,0.0048,0.565
SPADES ACE CLUBS SIX,0.4422,0.004,0.5538
DIAMONDS KING HEARTS QUEEN,0.3576,0.008,0.6344
HEARTS THREE HEARTS QUEEN,0.4214,0.0114,0.5672
SPADES KING CLUBS SIX,0.456,0.0054,0.5386
DIAMONDS KING HEARTS KING,0.1696,0.0072,0.8232
HEARTS THREE HEARTS KING,0.4396,0.0072,0.5532
SPADES QUEEN CLUBS SIX,0.449,0.0096,0.5414
SPADES NINE HEARTS TEN,0.7108,0.0606,0.2286
SPADES QUEEN SPADES FIVE,0.4296,0.0078,0.5626
SPADES KING SPADES FIVE,0.429,0.0062,0.5648
SPADES ACE SPADES FIVE,0.4184,0.006,0.5756
SPADES NINE HEARTS QUEEN,0.4096,0.0108,0.5796
SPADES NINE HEARTS KING,0.4208,0.0084,0.5708
SPADES NINE HEARTS ACE,0.4354,0.0062,0.5584
CLUBS TEN SPADES JACK,0.0114,0.9696,0.019
SPADES ACE CLUBS TEN,0.288,0.0166,0.6954
SPADES KING CLUBS TEN,0.2564,0.0268,0.7168
CLUBS TEN SPADES QUEEN,0.2528,0.035,0.7122
SPADES FIVE HEARTS QUEEN,0.4462,0.0112,0.5426
SPADES FIVE HEARTS KING,0.4488,0.009,0.5422
SPADES FIVE HEARTS ACE,0.4416,0.0064,0.552
HEARTS THREE SPADES JACK,0.6552,0.1258,0.219
SPADES JACK DIAMONDS KING,0.2528,0.028,0.7192
SPADES JACK CLUBS EIGHT,0.648,0.1172,0.2348
CLUBS SIX HEARTS ACE,0.4584,0.0054,0.5362
SPADES ACE CLUBS EIGHT,0.4294,0.003,0.5676
HEARTS FIVE CLUBS JACK,0.654,0.118,0.228
CLUBS TEN HEARTS FIVE,0.7202,0.0562,0.2236
CLUBS SIX HEARTS QUEEN,0.4658,0.0088,0.5254
SPADES QUEEN CLUBS EIGHT,0.436,0.0094,0.5546
CLUBS TEN SPADES THREE,0.7204,0.0622,0.2174
CLUBS SIX HEARTS KING,0.4324,0.0086,0.559
SPADES KING CLUBS EIGHT,0.4466,0.0072,0.5462
SPADES THREE CLUBS JACK,0.6754,0.117,0.2076
SPADES THREE CLUBS QUEEN,0.4458,0.009,0.5452
DIAMONDS TWO HEARTS TEN,0.7282,0.0518,0.22
SPADES THREE CLUBS KING,0.4414,0.0068,0.5518
HEARTS FIVE CLUBS ACE,0.4606,0.0048,0.5346
SPADES FIVE HEARTS TEN,0.7148,0.0602,0.225
SPADES THREE CLUBS ACE,0.444,0.0052,0.5508
HEARTS FIVE CLUBS KING,0.4456,0.0086,0.5458
HEARTS FIVE CLUBS QUEEN,0.4664,0.0122,0.5214
HEARTS THREE CLUBS KING,0.459,0.0072,0.5338
DIAMONDS KING CLUBS KING,0.1754,0.006,0.8186
HEARTS THREE CLUBS QUEEN,0.4454,0.0096,0.545
DIAMONDS KING CLUBS QUEEN,0.3602,0.0056,0.6342
HEARTS FIVE HEARTS TEN,0.6874,0.0556,0.257
HEARTS THREE CLUBS ACE,0.444,0.0054,0.5506
DIAMONDS KING CLUBS ACE,0.3754,0.004,0.6206
SPADES ACE CLUBS QUEEN,0.3622,0.004,0.6338
SPADES KING CLUBS QUEEN,0.352,0.0076,0.6404
HEARTS THREE CLUBS JACK,0.6672,0.1206,0.2122
DIAMONDS KING CLUBS JACK,0.263,0.0234,0.7136
SPADES QUEEN CLUBS QUEEN,0.1576,0.0138,0.8286
CLUBS TEN HEARTS THREE,0.731,0.056,0.213
CLUBS TEN DIAMONDS KING,0.2688,0.0252,0.706
SPADES JACK CLUBS QUEEN,0.2372,0.0414,0.7214
CLUBS SIX CLUBS QUEEN,0.4168,0.0086,0.5746
CLUBS SIX CLUBS KING,0.4156,0.0064,0.578
CLUBS SIX CLUBS ACE,0.4266,0.0048,0.5686
HEARTS FIVE HEARTS KING,0.4356,0.0072,0.5572
HEARTS FIVE HEARTS QUEEN,0.4324,0.0096,0.558
CLUBS TEN CLUBS SIX,0.6744,0.055,0.2706
HEARTS FIVE HEARTS ACE,0.425,0.005,0.57
CLUBS SIX CLUBS JACK,0.6096,0.1172,0.2732
SPADES SEVEN HEARTS TEN,0.7152,0.056,0.2288
DIAMONDS TWO CLUBS TWO,0.4814,0.0274,0.4912
DIAMONDS TWO CLUBS THREE,0.6468,0.0136,0.3396
HEARTS SIX DIAMONDS TWO,0.6714,0.0156,0.313
DIAMONDS TWO HEARTS QUEEN,0.4466,0.01,0.5434
DIAMONDS TWO HEARTS SEVEN,0.6726,0.016,0.3114
DIAMONDS TWO HEARTS KING,0.454,0.0094,0.5366
DIAMONDS TWO HEARTS EIGHT,0.6884,0.0128,0.2988
DIAMONDS TWO HEARTS ACE,0.4444,0.0056,0.55
DIAMONDS TWO HEARTS NINE,0.6936,0.0158,0.2906
DIAMONDS TWO DIAMONDS QUEEN,0.428,0.0102,0.5618
DIAMONDS TWO HEARTS TWO,0.4792,0.0278,0.493
DIAMONDS TWO DIAMONDS KING,0.4312,0.0058,0.563
HEARTS THREE DIAMONDS TWO,0.6496,0.0186,0.3318
DIAMONDS TWO DIAMONDS ACE,0.416,0.0048,0.5792
HEARTS FOUR DIAMONDS TWO,0.645,0.0196,0.3354
DIAMONDS TWO HEARTS FIVE,0.651,0.0146,0.3344
SPADES SEVEN HEARTS ACE,0.4366,0.0046,0.5588
DIAMONDS TWO DIAMONDS TEN,0.6734,0.0484,0.2782
SPADES SEVEN HEARTS KING,0.4532,0.0092,0.5376
DIAMONDS TWO DIAMONDS JACK,0.6028,0.1204,0.2768
SPADES SEVEN HEARTS QUEEN,0.4436,0.0102,0.5462
DIAMONDS TWO SPADES NINE,0.706,0.0136,0.2804
DIAMONDS TWO SPADES EIGHT,0.693,0.0148,0.2922
DIAMONDS TWO SPADES SEVEN,0.6806,0.017,0.3024
DIAMONDS TWO SPADES SIX,0.6736,0.0164,0.31
DIAMONDS TWO SPADES FIVE,0.6586,0.0198,0.3216
DIAMONDS TWO SPADES FOUR,0.654,0.0176,0.3284
DIAMONDS TWO SPADES THREE,0.6538,0.0154,0.3308
DIAMONDS TWO SPADES TWO,0.4818,0.0238,0.4944
CLUBS NINE DIAMONDS TWO,0.6862,0.012,0.3018
DIAMONDS TWO CLUBS EIGHT,0.6926,0.0106,0.2968
CLUBS SEVEN DIAMONDS TWO,0.6696,0.0154,0.315
DIAMONDS TWO CLUBS SIX,0.6598,0.0118,0.3284
DIAMONDS TWO CLUBS FIVE,0.6444,0.0144,0.3412
DIAMONDS TWO CLUBS FOUR,0.6518,0.0172,0.331
CLUBS FOUR SPADES FIVE,0.6214,0.0132,0.3654
CLUBS FOUR SPADES FOUR,0.4634,0.0282,0.5084
CLUBS FOUR SPADES THREE,0.6424,0.014,0.3436
CLUBS FOUR SPADES TWO,0.6514,0.0182,0.3304
SPADES NINE CLUBS FOUR,0.6882,0.012,0.2998
SPADES EIGHT CLUBS FOUR,0.6534,0.0174,0.3292
SPADES SEVEN CLUBS FOUR,0.6628,0.016,0.3212
SPADES SIX CLUBS FOUR,0.637,0.0152,0.3478
SPADES ACE DIAMONDS SIX,0.453,0.0034,0.5436
SPADES QUEEN DIAMONDS SIX,0.4492,0.01,0.5408
SPADES KING DIAMONDS SIX,0.4664,0.0058,0.5278
SPADES JACK DIAMONDS SIX,0.6472,0.1234,0.2294
SPADES QUEEN SPADES TWO,0.4346,0.0084,0.557
SPADES KING SPADES TWO,0.4366,0.0086,0.5548
SPADES ACE SPADES TWO,0.4212,0.0048,0.574
DIAMONDS JACK CLUBS JACK,0.1544,0.03,0.8156
CLUBS TEN DIAMONDS JACK,0.0224,0.959,0.0186
DIAMONDS JACK CLUBS KING,0.2712,0.0238,0.705
DIAMONDS JACK CLUBS QUEEN,0.2486,0.037,0.7144
DIAMONDS THREE DIAMONDS JACK,0.6144,0.1122,0.2734
DIAMONDS THREE DIAMONDS TEN,0.676,0.0474,0.2766
DIAMONDS JACK CLUBS ACE,0.278,0.015,0.707
DIAMONDS THREE DIAMONDS KING,0.4174,0.0052,0.5774
HEARTS THREE DIAMONDS THREE,0.497,0.0274,0.4756
DIAMONDS THREE DIAMONDS QUEEN,0.4256,0.011,0.5634
DIAMONDS THREE HEARTS TWO,0.6506,0.0142,0.3352
HEARTS FIVE DIAMONDS THREE,0.6384,0.0124,0.3492
DIAMONDS THREE DIAMONDS ACE,0.4188,0.0042,0.577
HEARTS FOUR DIAMONDS THREE,0.6284,0.0148,0.3568
DIAMONDS THREE HEARTS SEVEN,0.6574,0.0156,0.327
HEARTS SIX DIAMONDS THREE,0.6416,0.0162,0.3422
SPADES JACK SPADES NINE,0.6306,0.1122,0.2572
DIAMONDS THREE HEARTS NINE,0.6884,0.0152,0.2964
HEARTS ACE HEARTS KING,0.352,0.0024,0.6456
DIAMONDS THREE HEARTS EIGHT,0.6866,0.0166,0.2968
HEARTS TEN DIAMONDS FOUR,0.7106,0.0586,0.2308
SPADES JACK SPADES TWO,0.6258,0.1274,0.2468
HEARTS QUEEN DIAMONDS FOUR,0.456,0.009,0.535
HEARTS KING DIAMONDS FOUR,0.4334,0.0074,0.5592
SPADES ACE SPADES NINE,0.4196,0.0052,0.5752
HEARTS ACE DIAMONDS FOUR,0.4312,0.0042,0.5646
SPADES KING SPADES NINE,0.403,0.0078,0.5892
SPADES QUEEN SPADES NINE,0.404,0.0118,0.5842
DIAMONDS THREE SPADES NINE,0.6942,0.0162,0.2896
DIAMONDS THREE SPADES EIGHT,0.6808,0.0154,0.3038
DIAMONDS THREE SPADES SEVEN,0.662,0.0158,0.3222
DIAMONDS THREE SPADES SIX,0.6594,0.016,0.3246
DIAMONDS THREE CLUBS SIX,0.6446,0.0144,0.341
CLUBS FIVE CLUBS SIX,0.594,0.0128,0.3932
CLUBS ACE DIAMONDS FOUR,0.4428,0.004,0.5532
CLUBS SEVEN DIAMONDS THREE,0.6554,0.0154,0.3292
CLUBS SEVEN CLUBS FIVE,0.598,0.0154,0.3866
DIAMONDS THREE CLUBS FOUR,0.6318,0.0138,0.3544
DIAMONDS FOUR CLUBS QUEEN,0.4446,0.0096,0.5458
DIAMONDS THREE CLUBS FIVE,0.6424,0.0126,0.345
CLUBS KING DIAMONDS FOUR,0.4518,0.009,0.5392
DIAMONDS THREE CLUBS TWO,0.6424,0.0146,0.343
CLUBS TEN DIAMONDS FOUR,0.722,0.0592,0.2188
DIAMONDS THREE CLUBS THREE,0.48,0.0278,0.4922
DIAMONDS FOUR CLUBS JACK,0.638,0.1224,0.2396
DIAMONDS THREE SPADES FOUR,0.6376,0.017,0.3454
DIAMONDS THREE SPADES FIVE,0.6438,0.0162,0.34
DIAMONDS THREE SPADES TWO,0.6476,0.0148,0.3376
DIAMONDS THREE SPADES THREE,0.4844,0.0274,0.4882
CLUBS EIGHT DIAMONDS THREE,0.6814,0.0144,0.3042
CLUBS NINE DIAMONDS THREE,0.6778,0.0124,0.3098
SPADES SEVEN CLUBS ACE,0.4344,0.0028,0.5628
SPADES SEVEN CLUBS QUEEN,0.4436,0.0096,0.5468
SPADES SEVEN CLUBS KING,0.4496,0.0072,0.5432
CLUBS FIVE SPADES SEVEN,0.645,0.0142,0.3408
CLUBS TEN SPADES SEVEN,0.7124,0.0548,0.2328
CLUBS FIVE SPADES SIX,0.6378,0.0144,0.3478
SPADES SEVEN CLUBS JACK,0.6578,0.1228,0.2194
SPADES NINE CLUBS FIVE,0.6792,0.0142,0.3066
CLUBS FIVE SPADES EIGHT,0.6476,0.0142,0.3382
CLUBS FIVE SPADES THREE,0.6308,0.0166,0.3526
CLUBS FIVE SPADES TWO,0.6472,0.0162,0.3366
CLUBS FIVE SPADES FIVE,0.4834,0.0248,0.4918
CLUBS FIVE SPADES FOUR,0.6314,0.0166,0.352
CLUBS NINE CLUBS FIVE,0.6226,0.0154,0.362
CLUBS EIGHT CLUBS FIVE,0.6078,0.016,0.3762
CLUBS ACE CLUBS QUEEN,0.354,0.004,0.642
CLUBS KING CLUBS QUEEN,0.3278,0.0064,0.6658
DIAMONDS TEN DIAMONDS FOUR,0.6706,0.0574,0.272
CLUBS TEN DIAMONDS NINE,0.7018,0.0514,0.2468
DIAMONDS JACK DIAMONDS FOUR,0.617,0.1152,0.2678
DIAMONDS NINE CLUBS JACK,0.6434,0.1264,0.2302
SPADES NINE CLUBS JACK,0.6564,0.1176,0.226
CLUBS TEN SPADES NINE,0.699,0.0578,0.2432
DIAMONDS ACE DIAMONDS FOUR,0.4182,0.003,0.5788
HEARTS FOUR DIAMONDS FOUR,0.4706,0.0298,0.4996
DIAMONDS JACK HEARTS TEN,0.0186,0.9698,0.0116
SPADES NINE CLUBS KING,0.4308,0.007,0.5622
DIAMONDS NINE CLUBS ACE,0.4464,0.0022,0.5514
HEARTS FIVE DIAMONDS FOUR,0.6296,0.014,0.3564
SPADES NINE CLUBS QUEEN,0.4254,0.0108,0.5638
DIAMONDS TWO SPADES JACK,0.645,0.1256,0.2294
DIAMONDS QUEEN DIAMONDS FOUR,0.4064,0.0104,0.5832
HEARTS TWO DIAMONDS FOUR,0.661,0.0142,0.3248
DIAMONDS NINE CLUBS QUEEN,0.4174,0.007,0.5756
DIAMONDS KING DIAMONDS FOUR,0.4258,0.0072,0.567
HEARTS THREE DIAMONDS FOUR,0.6254,0.0148,0.3598
SPADES NINE CLUBS ACE,0.4422,0.003,0.5548
DIAMONDS NINE CLUBS KING,0.424,0.0048,0.5712
HEARTS ACE DIAMONDS JACK,0.2742,0.0158,0.71
SPADES ACE DIAMONDS TWO,0.4576,0.005,0.5374
HEARTS QUEEN DIAMONDS JACK,0.239,0.0378,0.7232
SPADES QUEEN DIAMONDS TWO,0.4428,0.0112,0.546
DIAMONDS JACK HEARTS KING,0.2608,0.0294,0.7098
SPADES KING DIAMONDS TWO,0.4572,0.0084,0.5344
SPADES JACK SPADES SEVEN,0.6294,0.1148,0.2558
CLUBS SEVEN CLUBS THREE,0.6258,0.0152,0.359
CLUBS SIX CLUBS THREE,0.6154,0.012,0.3726
CLUBS FIVE CLUBS THREE,0.5812,0.0186,0.4002
CLUBS THREE CLUBS FOUR,0.5988,0.0122,0.389
CLUBS NINE CLUBS THREE,0.6386,0.0128,0.3486
CLUBS EIGHT CLUBS THREE,0.6484,0.0138,0.3378
CLUBS THREE SPADES FIVE,0.636,0.0148,0.3492
CLUBS THREE SPADES FOUR,0.638,0.017,0.345
CLUBS THREE SPADES THREE,0.4792,0.0296,0.4912
CLUBS THREE SPADES TWO,0.656,0.0164,0.3276
CLUBS THREE SPADES SIX,0.6548,0.0144,0.3308
SPADES SEVEN CLUBS THREE,0.656,0.0136,0.3304
SPADES EIGHT CLUBS THREE,0.6886,0.0124,0.299
SPADES NINE CLUBS THREE,0.6806,0.0154,0.304
SPADES TWO DIAMONDS FOUR,0.6524,0.018,0.3296
SPADES THREE DIAMONDS FOUR,0.633,0.0138,0.3532
SPADES FOUR DIAMONDS FOUR,0.4896,0.0278,0.4826
SPADES FIVE DIAMONDS FOUR,0.6206,0.0176,0.3618
SPADES SIX DIAMONDS FOUR,0.6368,0.0112,0.352
SPADES SEVEN DIAMONDS FOUR,0.6488,0.0128,0.3384
SPADES EIGHT DIAMONDS FOUR,0.6778,0.0128,0.3094
SPADES NINE DIAMONDS FOUR,0.6894,0.0132,0.2974
CLUBS FIVE DIAMONDS FOUR,0.6364,0.0134,0.3502
CLUBS FOUR DIAMONDS FOUR,0.4802,0.0248,0.495
CLUBS SEVEN DIAMONDS FOUR,0.6452,0.0158,0.339
CLUBS SIX DIAMONDS FOUR,0.6474,0.0128,0.3398
CLUBS NINE DIAMONDS FOUR,0.6862,0.0122,0.3016
CLUBS EIGHT DIAMONDS FOUR,0.668,0.0168,0.3152
DIAMONDS FOUR HEARTS SEVEN,0.6488,0.0156,0.3356
HEARTS SIX DIAMONDS FOUR,0.6486,0.0132,0.3382
HEARTS NINE DIAMONDS FOUR,0.6926,0.0102,0.2972
DIAMONDS FOUR HEARTS EIGHT,0.668,0.0118,0.3202
CLUBS THREE DIAMONDS FOUR,0.6318,0.0148,0.3534
CLUBS TWO DIAMONDS FOUR,0.6544,0.018,0.3276
DIAMONDS TEN DIAMONDS FIVE,0.669,0.0522,0.2788
DIAMONDS JACK DIAMONDS FIVE,0.5986,0.1186,0.2828
DIAMONDS NINE HEARTS QUEEN,0.4116,0.009,0.5794
DIAMONDS NINE HEARTS KING,0.4268,0.007,0.5662
HEARTS ACE DIAMONDS NINE,0.4256,0.0032,0.5712
DIAMONDS NINE HEARTS TEN,0.7042,0.0544,0.2414
CLUBS KING DIAMONDS SIX,0.4618,0.0048,0.5334
CLUBS QUEEN DIAMONDS SIX,0.4432,0.0082,0.5486
CLUBS ACE DIAMONDS SIX,0.4552,0.0028,0.542
SPADES KING DIAMONDS FOUR,0.4516,0.0072,0.5412
SPADES ACE SPADES SEVEN,0.4152,0.0046,0.5802
SPADES QUEEN DIAMONDS FOUR,0.4482,0.0114,0.5404
SPADES QUEEN SPADES SEVEN,0.4134,0.0112,0.5754
CLUBS JACK DIAMONDS SIX,0.6496,0.1166,0.2338
SPADES KING SPADES SEVEN,0.4168,0.006,0.5772
SPADES ACE DIAMONDS FOUR,0.4446,0.0048,0.5506
CLUBS TEN DIAMONDS SIX,0.7132,0.0584,0.2284
CLUBS NINE CLUBS FOUR,0.6436,0.0168,0.3396
CLUBS EIGHT CLUBS FOUR,0.6202,0.015,0.3648
SPADES JACK DIAMONDS FOUR,0.6466,0.1188,0.2346
CLUBS FIVE CLUBS FOUR,0.5846,0.0138,0.4016
CLUBS SEVEN CLUBS FOUR,0.5984,0.013,0.3886
CLUBS SIX CLUBS FOUR,0.6028,0.0106,0.3866
CLUBS SEVEN SPADES EIGHT,0.6496,0.0134,0.337
CLUBS SEVEN SPADES NINE,0.6674,0.012,0.3206
CLUBS SEVEN SPADES SIX,0.632,0.0168,0.3512
CLUBS SEVEN SPADES SEVEN,0.4668,0.0206,0.5126
CLUBS SEVEN SPADES FIVE,0.6412,0.0146,0.3442
CLUBS SEVEN SPADES FOUR,0.658,0.0154,0.3266
CLUBS SEVEN SPADES THREE,0.658,0.0174,0.3246
CLUBS SEVEN SPADES TWO,0.676,0.0142,0.3098
CLUBS NINE CLUBS SEVEN,0.6128,0.0132,0.374
CLUBS SEVEN CLUBS EIGHT,0.5922,0.0124,0.3954
HEARTS SIX DIAMONDS FIVE,0.6394,0.0158,0.3448
DIAMONDS FIVE HEARTS SEVEN,0.6438,0.0176,0.3386
DIAMONDS FIVE HEARTS EIGHT,0.6632,0.0118,0.325
HEARTS NINE DIAMONDS FIVE,0.6852,0.0138,0.301
DIAMONDS QUEEN DIAMONDS FIVE,0.4246,0.0102,0.5652
HEARTS TWO DIAMONDS FIVE,0.6476,0.0156,0.3368
HEARTS KING HEARTS EIGHT,0.4156,0.007,0.5774
DIAMONDS KING DIAMONDS FIVE,0.428,0.0056,0.5664
HEARTS THREE DIAMONDS FIVE,0.6426,0.0138,0.3436
HEARTS QUEEN HEARTS EIGHT,0.4056,0.009,0.5854
DIAMONDS ACE DIAMONDS FIVE,0.4104,0.005,0.5846
HEARTS FOUR DIAMONDS FIVE,0.6224,0.0138,0.3638
HEARTS FIVE DIAMONDS FIVE,0.4806,0.0238,0.4956
HEARTS ACE HEARTS EIGHT,0.4166,0.0044,0.579
CLUBS FOUR DIAMONDS FIVE,0.6288,0.011,0.3602
CLUBS FIVE DIAMONDS FIVE,0.477,0.026,0.497
CLUBS SIX DIAMONDS FIVE,0.6368,0.0152,0.348
CLUBS SEVEN DIAMONDS FIVE,0.6524,0.012,0.3356
CLUBS TWO DIAMONDS FIVE,0.6448,0.0188,0.3364
CLUBS THREE DIAMONDS FIVE,0.6362,0.0156,0.3482
SPADES THREE DIAMONDS FIVE,0.635,0.0154,0.3496
SPADES TWO DIAMONDS FIVE,0.6422,0.0162,0.3416
SPADES JACK DIAMONDS EIGHT,0.6454,0.1156,0.239
SPADES FIVE DIAMONDS FIVE,0.4784,0.0264,0.4952
SPADES FOUR DIAMONDS FIVE,0.6234,0.0148,0.3618
CLUBS NINE DIAMONDS FIVE,0.6698,0.015,0.3152
CLUBS EIGHT DIAMONDS FIVE,0.6618,0.013,0.3252
SPADES SEVEN DIAMONDS FIVE,0.6414,0.0158,0.3428
SPADES KING DIAMONDS EIGHT,0.4434,0.0064,0.5502
SPADES SIX DIAMONDS FIVE,0.653,0.0114,0.3356
SPADES QUEEN DIAMONDS EIGHT,0.417,0.0118,0.5712
SPADES NINE DIAMONDS FIVE,0.6774,0.017,0.3056
SPADES EIGHT DIAMONDS FIVE,0.6596,0.0148,0.3256
SPADES ACE DIAMONDS EIGHT,0.4276,0.0032,0.5692
DIAMONDS TEN DIAMONDS SIX,0.6696,0.0488,0.2816
HEARTS ACE DIAMONDS SEVEN,0.4246,0.0038,0.5716
DIAMONDS JACK DIAMONDS SIX,0.6248,0.1198,0.2554
HEARTS QUEEN DIAMONDS SEVEN,0.4362,0.0082,0.5556
HEARTS KING DIAMONDS SEVEN,0.4396,0.005,0.5554
DIAMONDS ACE DIAMONDS SIX,0.4032,0.0036,0.5932
HEARTS FOUR DIAMONDS SIX,0.6472,0.015,0.3378
HEARTS FIVE DIAMONDS SIX,0.6454,0.012,0.3426
SPADES TWO HEARTS TEN,0.7346,0.0624,0.203
DIAMONDS QUEEN DIAMONDS SIX,0.4258,0.0122,0.562
HEARTS TWO DIAMONDS SIX,0.6736,0.0142,0.3122
DIAMONDS KING DIAMONDS SIX,0.419,0.0072,0.5738
HEARTS THREE DIAMONDS SIX,0.6632,0.0148,0.322
HEARTS EIGHT DIAMONDS SIX,0.6464,0.0112,0.3424
HEARTS NINE DIAMONDS SIX,0.6762,0.0142,0.3096
HEARTS SIX DIAMONDS SIX,0.481,0.0236,0.4954
HEARTS SEVEN DIAMONDS SIX,0.6404,0.0154,0.3442
HEARTS TEN DIAMONDS SEVEN,0.7154,0.0538,0.2308
CLUBS TWO DIAMONDS SIX,0.6554,0.0128,0.3318
CLUBS THREE DIAMONDS SIX,0.6562,0.0158,0.328
CLUBS SEVEN DIAMONDS SIX,0.6372,0.0142,0.3486
DIAMONDS EIGHT CLUBS JACK,0.6448,0.1198,0.2354
CLUBS SIX DIAMONDS SIX,0.4818,0.0242,0.494
CLUBS TEN DIAMONDS EIGHT,0.6998,0.0506,0.2496
CLUBS FIVE DIAMONDS SIX,0.6354,0.015,0.3496
CLUBS FOUR DIAMONDS SIX,0.6444,0.0118,0.3438
DIAMONDS EIGHT CLUBS ACE,0.4314,0.0014,0.5672
DIAMONDS EIGHT CLUBS KING,0.4472,0.0058,0.547
CLUBS NINE DIAMONDS SIX,0.6634,0.0112,0.3254
DIAMONDS EIGHT CLUBS QUEEN,0.4236,0.0078,0.5686
CLUBS EIGHT DIAMONDS SIX,0.6486,0.0132,0.3382
SPADES FIVE DIAMONDS SIX,0.6598,0.0154,0.3248
HEARTS ACE SPADES TWO,0.4378,0.0054,0.5568
SPADES JACK HEARTS KING,0.2476,0.028,0.7244
SPADES FOUR DIAMONDS SIX,0.6386,0.0156,0.3458
SPADES THREE DIAMONDS SIX,0.666,0.0116,0.3224
HEARTS QUEEN SPADES TWO,0.4532,0.0094,0.5374
SPADES ACE SPADES KING,0.3602,0.006,0.6338
SPADES TWO HEARTS KING,0.4542,0.0088,0.537
SPADES TWO DIAMONDS SIX,0.676,0.0144,0.3096
HEARTS TEN HEARTS EIGHT,0.6806,0.053,0.2664
SPADES NINE DIAMONDS SIX,0.6808,0.0138,0.3054
SPADES EIGHT DIAMONDS SIX,0.6626,0.0136,0.3238
SPADES SEVEN DIAMONDS SIX,0.6304,0.015,0.3546
SPADES SIX DIAMONDS SIX,0.4846,0.0248,0.4906
SPADES KING HEARTS KING,0.1622,0.0082,0.8296
SPADES QUEEN HEARTS KING,0.3482,0.0062,0.6456
CLUBS ACE CLUBS KING,0.3468,0.0028,0.6504
SPADES ACE HEARTS KING,0.3704,0.005,0.6246
SPADES JACK DIAMONDS TEN,0.0108,0.9724,0.0168
SPADES ACE DIAMONDS TEN,0.2656,0.0168,0.7176
SPADES QUEEN DIAMONDS TEN,0.2608,0.0336,0.7056
SPADES KING DIAMONDS TEN,0.2718,0.0262,0.702
SPADES NINE DIAMONDS SEVEN,0.6542,0.016,0.3298
SPADES EIGHT DIAMONDS SEVEN,0.6426,0.0144,0.343
SPADES SEVEN DIAMONDS SEVEN,0.454,0.0214,0.5246
SPADES SIX DIAMONDS SEVEN,0.6346,0.015,0.3504
DIAMONDS KING DIAMONDS SEVEN,0.4154,0.006,0.5786
HEARTS THREE DIAMONDS SEVEN,0.674,0.0144,0.3116
HEARTS KING DIAMONDS FIVE,0.4412,0.0072,0.5516
DIAMONDS QUEEN DIAMONDS SEVEN,0.4158,0.0096,0.5746
HEARTS TWO DIAMONDS SEVEN,0.6804,0.0184,0.3012
HEARTS QUEEN DIAMONDS FIVE,0.4522,0.0078,0.54
HEARTS FIVE DIAMONDS SEVEN,0.6474,0.0138,0.3388
DIAMONDS ACE DIAMONDS SEVEN,0.417,0.0056,0.5774
HEARTS FOUR DIAMONDS SEVEN,0.657,0.0154,0.3276
HEARTS ACE DIAMONDS FIVE,0.4516,0.0048,0.5436
HEARTS SEVEN DIAMONDS SEVEN,0.4732,0.0264,0.5004
HEARTS SIX DIAMONDS SEVEN,0.6324,0.0144,0.3532
HEARTS NINE DIAMONDS SEVEN,0.6652,0.0122,0.3226
DIAMONDS SEVEN HEARTS EIGHT,0.6316,0.0142,0.3542
DIAMONDS JACK DIAMONDS SEVEN,0.5952,0.1184,0.2864
DIAMONDS TEN DIAMONDS SEVEN,0.6596,0.056,0.2844
DIAMONDS FIVE HEARTS TEN,0.7352,0.055,0.2098
SPADES KING CLUBS TWO,0.4518,0.0086,0.5396
HEARTS KING CLUBS KING,0.167,0.008,0.825
CLUBS EIGHT DIAMONDS SEVEN,0.6224,0.0128,0.3648
SPADES QUEEN CLUBS TWO,0.4438,0.0086,0.5476
HEARTS KING CLUBS QUEEN,0.3468,0.0054,0.6478
CLUBS NINE DIAMONDS SEVEN,0.6634,0.014,0.3226
SPADES TWO CLUBS JACK,0.6574,0.126,0.2166
SPADES ACE CLUBS TWO,0.4454,0.005,0.5496
CLUBS TEN SPADES TWO,0.7204,0.0598,0.2198
HEARTS KING CLUBS ACE,0.369,0.0052,0.6258
CLUBS SEVEN CLUBS SIX,0.5854,0.0144,0.4002
SPADES TWO CLUBS KING,0.4632,0.0056,0.5312
SPADES TWO DIAMONDS SEVEN,0.6864,0.0162,0.2974
CLUBS EIGHT CLUBS SIX,0.6156,0.0128,0.3716
SPADES THREE DIAMONDS SEVEN,0.6674,0.0126,0.32
SPADES TWO CLUBS QUEEN,0.4542,0.0094,0.5364
CLUBS NINE CLUBS SIX,0.6274,0.015,0.3576
SPADES FOUR DIAMONDS SEVEN,0.6598,0.0124,0.3278
HEARTS KING CLUBS JACK,0.2574,0.0308,0.7118
SPADES FIVE DIAMONDS SEVEN,0.6428,0.0148,0.3424
SPADES TWO CLUBS ACE,0.449,0.005,0.546
CLUBS TEN HEARTS KING,0.2626,0.0304,0.707
CLUBS SIX SPADES TWO,0.665,0.0146,0.3204
CLUBS SIX SPADES THREE,0.6504,0.0144,0.3352
CLUBS TWO DIAMONDS SEVEN,0.6764,0.0142,0.3094
CLUBS SIX SPADES FOUR,0.638,0.0134,0.3486
CLUBS THREE DIAMONDS SEVEN,0.6568,0.0134,0.3298
CLUBS SIX SPADES FIVE,0.648,0.014,0.338
CLUBS FOUR DIAMONDS SEVEN,0.6468,0.0098,0.3434
CLUBS SIX SPADES SIX,0.4742,0.0262,0.4996
CLUBS FIVE DIAMONDS SEVEN,0.6298,0.0164,0.3538
CLUBS SIX SPADES SEVEN,0.638,0.0152,0.3468
CLUBS SIX DIAMONDS SEVEN,0.633,0.017,0.35
SPADES EIGHT CLUBS SIX,0.6402,0.0108,0.349
SPADES JACK CLUBS TWO,0.6414,0.1322,0.2264
CLUBS SEVEN DIAMONDS SEVEN,0.4694,0.023,0.5076
SPADES NINE CLUBS SIX,0.663,0.0128,0.3242
CLUBS TWO CLUBS QUEEN,0.4198,0.0086,0.5716
CLUBS TWO CLUBS KING,0.4276,0.006,0.5664
CLUBS THREE DIAMONDS EIGHT,0.6832,0.0124,0.3044
CLUBS TWO CLUBS ACE,0.4152,0.004,0.5808
CLUBS TWO DIAMONDS EIGHT,0.6932,0.015,0.2918
DIAMONDS EIGHT HEARTS SEVEN,0.6362,0.0132,0.3506
HEARTS SIX DIAMONDS EIGHT,0.652,0.0146,0.3334
DIAMONDS EIGHT HEARTS NINE,0.657,0.0176,0.3254
CLUBS TEN CLUBS TWO,0.6762,0.0552,0.2686
DIAMONDS EIGHT HEARTS EIGHT,0.456,0.0236,0.5204
CLUBS TWO CLUBS JACK,0.6226,0.1092,0.2682
CLUBS NINE DIAMONDS EIGHT,0.65,0.0148,0.3352
CLUBS EIGHT DIAMONDS EIGHT,0.4588,0.021,0.5202
CLUBS FIVE DIAMONDS EIGHT,0.6524,0.0132,0.3344
SPADES ACE SPADES THREE,0.4232,0.0058,0.571
CLUBS FOUR DIAMONDS EIGHT,0.6754,0.0142,0.3104
CLUBS SEVEN DIAMONDS EIGHT,0.6492,0.0128,0.338
SPADES QUEEN SPADES THREE,0.434,0.0094,0.5566
CLUBS SIX DIAMONDS EIGHT,0.644,0.014,0.342
SPADES KING SPADES THREE,0.4372,0.008,0.5548
DIAMONDS QUEEN DIAMONDS EIGHT,0.4104,0.007,0.5826
HEARTS TWO DIAMONDS EIGHT,0.6802,0.017,0.3028
DIAMONDS KING DIAMONDS EIGHT,0.4082,0.0068,0.585
HEARTS THREE DIAMONDS EIGHT,0.6946,0.0148,0.2906
DIAMONDS ACE DIAMONDS EIGHT,0.4046,0.0046,0.5908
HEARTS FOUR DIAMONDS EIGHT,0.6614,0.016,0.3226
HEARTS FIVE DIAMONDS EIGHT,0.66,0.0164,0.3236
DIAMONDS EIGHT DIAMONDS TEN,0.6624,0.0522,0.2854
DIAMONDS EIGHT DIAMONDS JACK,0.6102,0.1178,0.272
SPADES JACK SPADES THREE,0.6274,0.1176,0.255
CLUBS FOUR HEARTS ACE,0.4452,0.0046,0.5502
CLUBS FOUR HEARTS QUEEN,0.4448,0.009,0.5462
CLUBS FOUR HEARTS KING,0.4458,0.0058,0.5484
CLUBS SIX HEARTS TEN,0.7268,0.0532,0.22
SPADES FOUR DIAMONDS EIGHT,0.6702,0.0168,0.313
SPADES FIVE DIAMONDS EIGHT,0.6694,0.0158,0.3148
DIAMONDS EIGHT SPADES TWO,0.6844,0.0128,0.3028
DIAMONDS EIGHT SPADES THREE,0.6834,0.012,0.3046
SPADES EIGHT DIAMONDS EIGHT,0.439,0.0244,0.5366
SPADES JACK HEARTS EIGHT,0.6476,0.119,0.2334
CLUBS FOUR HEARTS TEN,0.7334,0.0538,0.2128
SPADES NINE DIAMONDS EIGHT,0.6506,0.0122,0.3372
SPADES JACK HEARTS TWO,0.661,0.1212,0.2178
SPADES JACK DIAMONDS QUEEN,0.2466,0.041,0.7124
SPADES SIX DIAMONDS EIGHT,0.6606,0.0158,0.3236
SPADES SEVEN DIAMONDS EIGHT,0.6358,0.0172,0.347
SPADES ACE HEARTS TWO,0.4484,0.0058,0.5458
SPADES ACE DIAMONDS QUEEN,0.369,0.0036,0.6274
SPADES ACE HEARTS EIGHT,0.438,0.004,0.558
SPADES KING HEARTS EIGHT,0.439,0.0064,0.5546
SPADES QUEEN HEARTS TWO,0.4588,0.0104,0.5308
SPADES QUEEN DIAMONDS QUEEN,0.1682,0.011,0.8208
SPADES KING DIAMONDS QUEEN,0.348,0.007,0.645
SPADES KING HEARTS TWO,0.4674,0.0066,0.526
SPADES QUEEN HEARTS EIGHT,0.4338,0.0118,0.5544
CLUBS TWO HEARTS TEN,0.717,0.0618,0.2212
SPADES SEVEN DIAMONDS NINE,0.6578,0.0136,0.3286
SPADES SIX DIAMONDS NINE,0.6638,0.0126,0.3236
SPADES NINE DIAMONDS NINE,0.4314,0.0206,0.548
SPADES EIGHT DIAMONDS NINE,0.6386,0.0138,0.3476
DIAMONDS NINE SPADES THREE,0.686,0.0132,0.3008
SPADES JACK CLUBS KING,0.2544,0.0314,0.7142
DIAMONDS NINE SPADES TWO,0.69,0.0126,0.2974
SPADES FIVE DIAMONDS NINE,0.671,0.0156,0.3134
DIAMONDS NINE SPADES FOUR,0.6794,0.015,0.3056
CLUBS NINE DIAMONDS NINE,0.4362,0.0222,0.5416
CLUBS EIGHT DIAMONDS NINE,0.6514,0.0124,0.3362
CLUBS SIX DIAMONDS NINE,0.654,0.0146,0.3314
SPADES JACK CLUBS FOUR,0.6438,0.1276,0.2286
CLUBS SEVEN DIAMONDS NINE,0.6462,0.0136,0.3402
CLUBS FOUR DIAMONDS NINE,0.6828,0.0148,0.3024
CLUBS FIVE DIAMONDS NINE,0.6638,0.0128,0.3234
DIAMONDS NINE CLUBS TWO,0.6828,0.0132,0.304
CLUBS THREE DIAMONDS NINE,0.685,0.0158,0.2992
DIAMONDS NINE HEARTS EIGHT,0.654,0.0138,0.3322
DIAMONDS NINE HEARTS NINE,0.4422,0.0212,0.5366
HEARTS SIX DIAMONDS NINE,0.6572,0.0132,0.3296
DIAMONDS NINE HEARTS SEVEN,0.6618,0.0174,0.3208
CLUBS NINE CLUBS EIGHT,0.6054,0.0142,0.3804
DIAMONDS ACE DIAMONDS NINE,0.4112,0.005,0.5838
HEARTS FOUR DIAMONDS NINE,0.6916,0.013,0.2954
HEARTS FIVE DIAMONDS NINE,0.674,0.0132,0.3128
HEARTS ACE CLUBS TWO,0.4378,0.007,0.5552
SPADES ACE CLUBS FOUR,0.4328,0.0054,0.5618
DIAMONDS QUEEN DIAMONDS NINE,0.3928,0.0104,0.5968
HEARTS TWO DIAMONDS NINE,0.6888,0.0164,0.2948
CLUBS TWO HEARTS KING,0.4472,0.0086,0.5442
SPADES KING CLUBS FOUR,0.451,0.0076,0.5414
DIAMONDS KING DIAMONDS NINE,0.3992,0.0066,0.5942
HEARTS THREE DIAMONDS NINE,0.6808,0.0174,0.3018
CLUBS TWO HEARTS QUEEN,0.4454,0.0076,0.547
SPADES QUEEN CLUBS FOUR,0.4432,0.0092,0.5476
DIAMONDS NINE DIAMONDS JACK,0.6064,0.1192,0.2744
CLUBS EIGHT SPADES NINE,0.6334,0.0142,0.3524
DIAMONDS NINE DIAMONDS TEN,0.6666,0.0538,0.2796
CLUBS EIGHT SPADES EIGHT,0.4516,0.0218,0.5266
CLUBS EIGHT SPADES SEVEN,0.6398,0.0148,0.3454
CLUBS EIGHT SPADES SIX,0.6462,0.0154,0.3384
CLUBS EIGHT SPADES FIVE,0.6388,0.0122,0.349
CLUBS EIGHT SPADES FOUR,0.6666,0.0136,0.3198
CLUBS EIGHT SPADES THREE,0.6778,0.015,0.3072
CLUBS EIGHT SPADES TWO,0.6734,0.0154,0.3112
HEARTS SIX DIAMONDS TEN,0.7392,0.0554,0.2054
DIAMONDS TEN HEARTS SEVEN,0.71,0.0574,0.2326
DIAMONDS TEN HEARTS EIGHT,0.6918,0.0602,0.248
CLUBS FOUR CLUBS JACK,0.6066,0.1226,0.2708
DIAMONDS TEN HEARTS NINE,0.7006,0.057,0.2424
CLUBS TEN CLUBS FOUR,0.6766,0.0488,0.2746
CLUBS FOUR CLUBS KING,0.4326,0.0072,0.5602
CLUBS FOUR CLUBS QUEEN,0.4202,0.009,0.5708
CLUBS TWO DIAMONDS TEN,0.709,0.0592,0.2318
CLUBS THREE DIAMONDS TEN,0.7068,0.0544,0.2388
CLUBS FOUR CLUBS ACE,0.4016,0.0046,0.5938
DIAMONDS JACK DIAMONDS TEN,0.02,0.9088,0.0712
DIAMONDS QUEEN DIAMONDS TEN,0.2394,0.0416,0.719
HEARTS TWO DIAMONDS TEN,0.7264,0.058,0.2156
DIAMONDS KING DIAMONDS TEN,0.2584,0.0242,0.7174
HEARTS THREE DIAMONDS TEN,0.7268,0.055,0.2182
DIAMONDS ACE DIAMONDS TEN,0.264,0.0184,0.7176
HEARTS FOUR DIAMONDS TEN,0.7176,0.0574,0.225
HEARTS FIVE DIAMONDS TEN,0.7234,0.0518,0.2248
CLUBS EIGHT HEARTS TEN,0.7018,0.0504,0.2478
CLUBS EIGHT HEARTS QUEEN,0.4164,0.0094,0.5742
CLUBS EIGHT HEARTS KING,0.4412,0.0052,0.5536
CLUBS EIGHT HEARTS ACE,0.4366,0.0034,0.56
CLUBS NINE SPADES THREE,0.7114,0.0138,0.2748
CLUBS NINE SPADES TWO,0.6946,0.0158,0.2896
CLUBS NINE SPADES FIVE,0.6854,0.012,0.3026
CLUBS NINE SPADES FOUR,0.6892,0.016,0.2948
CLUBS NINE SPADES SEVEN,0.663,0.0162,0.3208
CLUBS NINE SPADES SIX,0.6686,0.0132,0.3182
CLUBS NINE SPADES NINE,0.4376,0.0216,0.5408
CLUBS TEN HEARTS EIGHT,0.7108,0.0542,0.235
CLUBS NINE SPADES EIGHT,0.6406,0.0126,0.3468
CLUBS JACK HEARTS EIGHT,0.6562,0.1172,0.2266
CLUBS QUEEN HEARTS EIGHT,0.4304,0.008,0.5616
CLUBS KING HEARTS EIGHT,0.4514,0.0066,0.542
CLUBS ACE HEARTS EIGHT,0.4476,0.0032,0.5492
SPADES KING CLUBS KING,0.1678,0.0076,0.8246
SPADES QUEEN CLUBS KING,0.3442,0.006,0.6498
SPADES ACE CLUBS KING,0.3718,0.0046,0.6236
DIAMONDS ACE HEARTS TEN,0.2746,0.0194,0.706
HEARTS FOUR HEARTS TEN,0.6832,0.0564,0.2604
SPADES KING CLUBS FIVE,0.4346,0.007,0.5584
SPADES QUEEN CLUBS FIVE,0.4408,0.0122,0.547
SPADES ACE CLUBS FIVE,0.436,0.0036,0.5604
DIAMONDS JACK HEARTS SEVEN,0.6652,0.1188,0.216
HEARTS SIX DIAMONDS JACK,0.6572,0.1194,0.2234
DIAMONDS JACK HEARTS NINE,0.6516,0.1246,0.2238
DIAMONDS JACK HEARTS EIGHT,0.651,0.1234,0.2256
DIAMONDS KING DIAMONDS JACK,0.2466,0.0312,0.7222
HEARTS THREE DIAMONDS JACK,0.6636,0.12,0.2164
SPADES ACE SPADES SIX,0.4298,0.0038,0.5664
HEARTS ACE SPADES FOUR,0.4394,0.005,0.5556
DIAMONDS QUEEN DIAMONDS JACK,0.2372,0.0394,0.7234
HEARTS TWO DIAMONDS JACK,0.6614,0.1194,0.2192
HEARTS FIVE DIAMONDS JACK,0.6504,0.1232,0.2264
SPADES QUEEN SPADES SIX,0.433,0.0104,0.5566
SPADES FOUR HEARTS QUEEN,0.4498,0.0092,0.541
DIAMONDS ACE DIAMONDS JACK,0.2614,0.0132,0.7254
HEARTS FOUR DIAMONDS JACK,0.6618,0.127,0.2112
SPADES KING SPADES SIX,0.421,0.0058,0.5732
SPADES FOUR HEARTS KING,0.4492,0.0074,0.5434
SPADES JACK SPADES SIX,0.623,0.1154,0.2616
SPADES FOUR DIAMONDS JACK,0.6514,0.119,0.2296
SPADES FIVE DIAMONDS JACK,0.6494,0.134,0.2166
DIAMONDS JACK SPADES TWO,0.6554,0.12,0.2246
SPADES THREE DIAMONDS JACK,0.6508,0.1282,0.221
SPADES ACE DIAMONDS THREE,0.4424,0.0046,0.553
SPADES QUEEN DIAMONDS THREE,0.4492,0.009,0.5418
CLUBS EIGHT DIAMONDS JACK,0.6544,0.1208,0.2248
SPADES KING DIAMONDS THREE,0.45,0.0054,0.5446
CLUBS NINE DIAMONDS JACK,0.6404,0.1174,0.2422
CLUBS SIX DIAMONDS JACK,0.6552,0.1124,0.2324
CLUBS SEVEN DIAMONDS JACK,0.6546,0.1152,0.2302
CLUBS FOUR DIAMONDS JACK,0.655,0.1178,0.2272
CLUBS FIVE DIAMONDS JACK,0.6408,0.1226,0.2366
CLUBS TWO DIAMONDS JACK,0.6702,0.113,0.2168
CLUBS THREE DIAMONDS JACK,0.6566,0.1258,0.2176
HEARTS SIX SPADES JACK,0.6698,0.1146,0.2156
SPADES JACK CLUBS FIVE,0.655,0.1242,0.2208
SPADES JACK DIAMONDS THREE,0.642,0.127,0.231
CLUBS SEVEN CLUBS ACE,0.412,0.0018,0.5862
CLUBS SEVEN CLUBS QUEEN,0.4202,0.0088,0.571
CLUBS SEVEN CLUBS KING,0.4094,0.0046,0.586
SPADES NINE DIAMONDS JACK,0.6562,0.126,0.2178
CLUBS TEN CLUBS SEVEN,0.6528,0.0558,0.2914
DIAMONDS ACE HEARTS ACE,0.1668,0.0032,0.83
HEARTS FOUR HEARTS ACE,0.435,0.005,0.56
SPADES EIGHT DIAMONDS JACK,0.6518,0.1228,0.2254
SPADES ACE HEARTS SIX,0.4476,0.0044,0.548
CLUBS SEVEN CLUBS JACK,0.6162,0.1104,0.2734
DIAMONDS ACE HEARTS KING,0.3776,0.0048,0.6176
HEARTS FOUR HEARTS KING,0.4316,0.0058,0.5626
SPADES SEVEN DIAMONDS JACK,0.6336,0.1274,0.239
SPADES KING HEARTS SIX,0.4388,0.006,0.5552
DIAMONDS ACE HEARTS QUEEN,0.3712,0.0032,0.6256
HEARTS FOUR HEARTS QUEEN,0.4284,0.0098,0.5618
SPADES SIX DIAMONDS JACK,0.6608,0.1146,0.2246
SPADES QUEEN HEARTS SIX,0.4504,0.01,0.5396
SPADES TWO DIAMONDS TEN,0.7286,0.0552,0.2162
SPADES THREE DIAMONDS TEN,0.722,0.061,0.217
SPADES FOUR DIAMONDS TEN,0.7202,0.0572,0.2226
SPADES FIVE DIAMONDS TEN,0.7296,0.0548,0.2156
SPADES SIX DIAMONDS TEN,0.7224,0.0574,0.2202
SPADES SEVEN DIAMONDS TEN,0.7138,0.0552,0.231
SPADES EIGHT DIAMONDS TEN,0.7062,0.0554,0.2384
SPADES NINE DIAMONDS TEN,0.7094,0.0478,0.2428
CLUBS FOUR DIAMONDS TEN,0.7134,0.055,0.2316
CLUBS FIVE DIAMONDS TEN,0.7144,0.0546,0.231
CLUBS SIX DIAMONDS TEN,0.7166,0.0588,0.2246
CLUBS SEVEN DIAMONDS TEN,0.7102,0.0548,0.235
CLUBS EIGHT DIAMONDS TEN,0.7058,0.0506,0.2436
CLUBS NINE DIAMONDS TEN,0.699,0.0514,0.2496
DIAMONDS THREE CLUBS JACK,0.6692,0.115,0.2158
CLUBS TEN DIAMONDS THREE,0.7124,0.056,0.2316
DIAMONDS THREE CLUBS KING,0.4534,0.0062,0.5404
DIAMONDS THREE CLUBS QUEEN,0.451,0.0114,0.5376
DIAMONDS THREE CLUBS ACE,0.4472,0.0042,0.5486
SPADES FOUR HEARTS TEN,0.7298,0.0562,0.214
SPADES FIVE SPADES TWO,0.6358,0.014,0.3502
SPADES FOUR SPADES TWO,0.62,0.0172,0.3628
SPADES THREE SPADES TWO,0.6256,0.0152,0.3592
SPADES NINE SPADES TWO,0.6688,0.0124,0.3188
SPADES EIGHT SPADES TWO,0.6504,0.0132,0.3364
SPADES SEVEN SPADES TWO,0.6484,0.0146,0.337
SPADES SIX SPADES TWO,0.6262,0.0152,0.3586
DIAMONDS QUEEN CLUBS THREE,0.4636,0.0072,0.5292
CLUBS THREE HEARTS TWO,0.6546,0.0154,0.33
DIAMONDS QUEEN CLUBS TWO,0.454,0.0102,0.5358
HEARTS TWO CLUBS TWO,0.48,0.0276,0.4924
DIAMONDS QUEEN HEARTS SEVEN,0.4442,0.0072,0.5486
HEARTS TWO HEARTS SEVEN,0.6502,0.0166,0.3332
HEARTS SIX DIAMONDS QUEEN,0.4704,0.0096,0.52
HEARTS SIX HEARTS TWO,0.633,0.0122,0.3548
DIAMONDS QUEEN HEARTS NINE,0.4298,0.0102,0.56
HEARTS TWO HEARTS NINE,0.6638,0.015,0.3212
DIAMONDS QUEEN HEARTS EIGHT,0.4344,0.0122,0.5534
HEARTS TWO HEARTS EIGHT,0.6532,0.0128,0.334
CLUBS NINE HEARTS TWO,0.7062,0.0136,0.2802
CLUBS NINE DIAMONDS QUEEN,0.4184,0.0082,0.5734
CLUBS EIGHT HEARTS TWO,0.6844,0.0132,0.3024
CLUBS EIGHT DIAMONDS QUEEN,0.442,0.0082,0.5498
CLUBS FIVE DIAMONDS QUEEN,0.451,0.01,0.539
CLUBS FIVE HEARTS TWO,0.6484,0.0154,0.3362
SPADES EIGHT HEARTS ACE,0.4372,0.0054,0.5574
DIAMONDS QUEEN CLUBS FOUR,0.467,0.0088,0.5242
HEARTS TWO CLUBS FOUR,0.6528,0.0156,0.3316
CLUBS SEVEN DIAMONDS QUEEN,0.4406,0.0092,0.5502
CLUBS SEVEN HEARTS TWO,0.6824,0.0158,0.3018
SPADES EIGHT HEARTS QUEEN,0.4276,0.0116,0.5608
CLUBS SIX DIAMONDS QUEEN,0.4706,0.008,0.5214
CLUBS SIX HEARTS TWO,0.6688,0.016,0.3152
SPADES EIGHT HEARTS KING,0.4394,0.0072,0.5534
DIAMONDS QUEEN SPADES SIX,0.4582,0.0106,0.5312
HEARTS TWO SPADES SIX,0.6846,0.0146,0.3008
HEARTS FOUR CLUBS QUEEN,0.4668,0.011,0.5222
DIAMONDS ACE CLUBS QUEEN,0.3726,0.0034,0.624
DIAMONDS QUEEN SPADES SEVEN,0.4514,0.0102,0.5384
SPADES SEVEN HEARTS TWO,0.692,0.0136,0.2944
HEARTS FOUR CLUBS KING,0.4498,0.0078,0.5424
DIAMONDS ACE CLUBS KING,0.3688,0.0036,0.6276
SPADES EIGHT DIAMONDS QUEEN,0.4362,0.007,0.5568
SPADES EIGHT HEARTS TWO,0.6962,0.0122,0.2916
HEARTS FOUR CLUBS ACE,0.4462,0.0044,0.5494
DIAMONDS ACE CLUBS ACE,0.1784,0.004,0.8176
SPADES NINE DIAMONDS QUEEN,0.4232,0.0114,0.5654
SPADES NINE HEARTS TWO,0.7038,0.0174,0.2788
HEARTS TWO SPADES TWO,0.5022,0.0268,0.471
DIAMONDS QUEEN SPADES TWO,0.448,0.0098,0.5422
HEARTS TWO SPADES THREE,0.6694,0.016,0.3146
DIAMONDS QUEEN SPADES THREE,0.461,0.0072,0.5318
HEARTS TWO SPADES FOUR,0.6538,0.0138,0.3324
DIAMONDS QUEEN SPADES FOUR,0.455,0.011,0.534
HEARTS FOUR CLUBS TEN,0.7188,0.0604,0.2208
CLUBS TEN DIAMONDS ACE,0.2902,0.018,0.6918
HEARTS TWO SPADES FIVE,0.6596,0.0152,0.3252
DIAMONDS QUEEN SPADES FIVE,0.4498,0.0116,0.5386
HEARTS FOUR CLUBS JACK,0.6588,0.129,0.2122
DIAMONDS ACE CLUBS JACK,0.295,0.0164,0.6886
CLUBS FIVE CLUBS KING,0.4264,0.0058,0.5678
CLUBS FIVE CLUBS QUEEN,0.4144,0.0106,0.575
CLUBS FIVE CLUBS ACE,0.4216,0.0032,0.5752
CLUBS FIVE CLUBS JACK,0.6024,0.1156,0.282
CLUBS TEN CLUBS FIVE,0.6724,0.056,0.2716
SPADES KING CLUBS JACK,0.2632,0.026,0.7108
SPADES QUEEN CLUBS JACK,0.2412,0.0464,0.7124
SPADES ACE CLUBS JACK,0.2636,0.018,0.7184
SPADES SIX CLUBS KING,0.4552,0.0072,0.5376
SPADES SIX CLUBS QUEEN,0.4642,0.0088,0.527
SPADES SIX CLUBS ACE,0.4504,0.0046,0.545
SPADES EIGHT HEARTS TEN,0.7156,0.0554,0.229
SPADES SIX CLUBS JACK,0.6614,0.1152,0.2234
CLUBS TEN SPADES SIX,0.729,0.0622,0.2088
SPADES JACK CLUBS JACK,0.1448,0.0364,0.8188
SPADES QUEEN CLUBS SEVEN,0.4366,0.0086,0.5548
SPADES KING CLUBS SEVEN,0.4474,0.006,0.5466
SPADES ACE CLUBS SEVEN,0.4382,0.0028,0.559
SPADES SIX HEARTS TEN,0.7316,0.058,0.2104
SPADES SIX HEARTS ACE,0.4656,0.0048,0.5296
SPADES SIX HEARTS KING,0.4644,0.0056,0.53
SPADES SIX HEARTS QUEEN,0.4526,0.009,0.5384
CLUBS SEVEN SPADES JACK,0.6492,0.1144,0.2364
CLUBS TEN HEARTS SIX,0.7432,0.0512,0.2056
HEARTS SIX CLUBS JACK,0.665,0.122,0.213
CLUBS ACE CLUBS JACK,0.2604,0.018,0.7216
HEARTS SIX CLUBS QUEEN,0.4462,0.0084,0.5454
HEARTS SIX CLUBS KING,0.4606,0.006,0.5334
HEARTS SIX CLUBS ACE,0.4568,0.0056,0.5376
CLUBS QUEEN CLUBS JACK,0.2294,0.0386,0.732
CLUBS KING CLUBS JACK,0.2448,0.0274,0.7278
DIAMONDS THREE HEARTS ACE,0.4492,0.0056,0.5452
DIAMONDS THREE HEARTS QUEEN,0.4516,0.0116,0.5368
DIAMONDS THREE HEARTS KING,0.4544,0.0064,0.5392
CLUBS FIVE HEARTS TEN,0.7236,0.0616,0.2148
HEARTS FOUR SPADES JACK,0.6536,0.1226,0.2238
SPADES JACK DIAMONDS ACE,0.2598,0.0166,0.7236
SPADES ACE HEARTS FOUR,0.4384,0.0048,0.5568
SPADES ACE DIAMONDS ACE,0.1686,0.0036,0.8278
CLUBS FIVE HEARTS ACE,0.4268,0.0038,0.5694
CLUBS FIVE HEARTS KING,0.452,0.0074,0.5406
HEARTS FOUR SPADES QUEEN,0.4538,0.0088,0.5374
SPADES QUEEN DIAMONDS ACE,0.3604,0.0034,0.6362
SPADES FOUR CLUBS JACK,0.645,0.1242,0.2308
CLUBS FIVE HEARTS QUEEN,0.454,0.0118,0.5342
SPADES KING DIAMONDS ACE,0.3594,0.004,0.6366
HEARTS FOUR SPADES KING,0.454,0.0068,0.5392
CLUBS TEN SPADES FOUR,0.7188,0.0564,0.2248
DIAMONDS QUEEN DIAMONDS ACE,0.3406,0.0042,0.6552
HEARTS TWO DIAMONDS ACE,0.4446,0.004,0.5514
HEARTS FOUR DIAMONDS QUEEN,0.4512,0.0084,0.5404
HEARTS FOUR HEARTS TWO,0.6236,0.0158,0.3606
DIAMONDS THREE HEARTS TEN,0.7254,0.0606,0.214
SPADES FOUR CLUBS KING,0.4628,0.0068,0.5304
HEARTS FIVE DIAMONDS QUEEN,0.4506,0.0088,0.5406
HEARTS FIVE HEARTS TWO,0.619,0.0172,0.3638
SPADES FOUR CLUBS QUEEN,0.4628,0.0102,0.527
DIAMONDS QUEEN HEARTS TWO,0.4504,0.0076,0.542
DIAMONDS KING DIAMONDS QUEEN,0.3348,0.0082,0.657
DIAMONDS KING HEARTS TWO,0.4598,0.0094,0.5308
HEARTS THREE DIAMONDS QUEEN,0.4528,0.011,0.5362
HEARTS THREE HEARTS TWO,0.6266,0.0156,0.3578
SPADES FOUR CLUBS ACE,0.4406,0.0042,0.5552
HEARTS TWO CLUBS ACE,0.4478,0.005,0.5472
DIAMONDS QUEEN CLUBS ACE,0.3666,0.0044,0.629
HEARTS TWO CLUBS QUEEN,0.457,0.0088,0.5342
DIAMONDS QUEEN CLUBS QUEEN,0.1638,0.0084,0.8278
HEARTS TWO CLUBS KING,0.4496,0.0054,0.545
DIAMONDS QUEEN CLUBS KING,0.3624,0.007,0.6306
SPADES EIGHT SPADES FIVE,0.628,0.0144,0.3576
CLUBS TEN HEARTS TWO,0.7336,0.0552,0.2112
CLUBS TEN DIAMONDS QUEEN,0.2544,0.038,0.7076
SPADES NINE SPADES FIVE,0.644,0.0142,0.3418
HEARTS TWO CLUBS JACK,0.6652,0.1328,0.202
DIAMONDS QUEEN CLUBS JACK,0.2418,0.0398,0.7184
SPADES SIX SPADES FIVE,0.6062,0.0138,0.38
SPADES SEVEN SPADES FIVE,0.608,0.0172,0.3748
DIAMONDS FIVE CLUBS QUEEN,0.452,0.0092,0.5388
SPADES EIGHT CLUBS ACE,0.4456,0.0038,0.5506
DIAMONDS FIVE CLUBS KING,0.4442,0.0074,0.5484
SPADES EIGHT CLUBS KING,0.445,0.0076,0.5474
CLUBS ACE DIAMONDS FIVE,0.4482,0.0038,0.548
SPADES EIGHT CLUBS QUEEN,0.441,0.0096,0.5494
SPADES EIGHT CLUBS JACK,0.6394,0.1254,0.2352
CLUBS TEN SPADES EIGHT,0.7002,0.0572,0.2426
CLUBS TEN DIAMONDS FIVE,0.7182,0.0544,0.2274
DIAMONDS FIVE CLUBS JACK,0.653,0.1182,0.2288
DIAMONDS TEN HEARTS TEN,0.3332,0.0336,0.6332
SPADES ACE CLUBS NINE,0.4334,0.003,0.5636
CLUBS NINE SPADES QUEEN,0.4078,0.0114,0.5808
CLUBS NINE SPADES KING,0.4266,0.0034,0.57
HEARTS SIX HEARTS KING,0.4336,0.0072,0.5592
DIAMONDS KING SPADES SEVEN,0.4534,0.0076,0.539
HEARTS THREE SPADES SEVEN,0.6752,0.0164,0.3084
SPADES KING DIAMONDS SEVEN,0.4472,0.0076,0.5452
HEARTS SIX HEARTS QUEEN,0.4294,0.0104,0.5602
DIAMONDS KING SPADES SIX,0.459,0.0062,0.5348
HEARTS THREE SPADES SIX,0.6722,0.014,0.3138
SPADES QUEEN DIAMONDS SEVEN,0.4474,0.01,0.5426
SPADES NINE DIAMONDS KING,0.4336,0.0084,0.558
HEARTS THREE SPADES NINE,0.7024,0.0148,0.2828
HEARTS SIX HEARTS ACE,0.4346,0.0044,0.561
DIAMONDS KING SPADES EIGHT,0.4452,0.0086,0.5462
HEARTS THREE SPADES EIGHT,0.693,0.0112,0.2958
SPADES ACE DIAMONDS SEVEN,0.4532,0.0032,0.5436
