opposingHand,winningChance,drawChance,lostChance
SPADES KING DIAMONDS SEVEN
HEARTS FIVE SPADES TEN,0.637,0.0082,0.3548
HEARTS FIVE SPADES JACK,0.6384,0.0074,0.3542
SPADES FIVE CLUBS JACK,0.6372,0.0074,0.3554
CLUBS TEN SPADES FIVE,0.6462,0.007,0.3468
CLUBS EIGHT CLUBS JACK,0.5338,0.0066,0.4596
CLUBS TEN CLUBS EIGHT,0.548,0.0054,0.4466
CLUBS EIGHT CLUBS KING,0.221,0.2194,0.5596
SPADES FIVE CLUBS ACE,0.3854,0.0044,0.6102
CLUBS EIGHT CLUBS QUEEN,0.546,0.0068,0.4472
SPADES FIVE CLUBS KING,0.4666,0.312,0.2214
SPADES FIVE CLUBS QUEEN,0.634,0.0074,0.3586
CLUBS EIGHT CLUBS ACE,0.3326,0.0046,0.6628
DIAMONDS TWO DIAMONDS THREE,0.6266,0.009,0.3644
DIAMONDS TWO DIAMONDS FIVE,0.6256,0.008,0.3664
DIAMONDS TWO DIAMONDS FOUR,0.6036,0.0086,0.3878
HEARTS FIVE SPADES QUEEN,0.639,0.0064,0.3546
DIAMONDS TWO DIAMONDS SIX,0.6362,0.007,0.3568
SPADES ACE HEARTS FIVE,0.3868,0.0032,0.61
DIAMONDS TWO DIAMONDS NINE,0.6132,0.0082,0.3786
DIAMONDS TWO DIAMONDS EIGHT,0.6094,0.0082,0.3824
DIAMONDS THREE DIAMONDS FOUR,0.5952,0.0102,0.3946
SPADES FOUR CLUBS TWO,0.642,0.0082,0.3498
DIAMONDS THREE DIAMONDS FIVE,0.6078,0.008,0.3842
SPADES FIVE CLUBS TWO,0.644,0.007,0.349
CLUBS TWO SPADES TWO,0.4616,0.0122,0.5262
CLUBS TWO SPADES THREE,0.6576,0.0092,0.3332
DIAMONDS THREE DIAMONDS EIGHT,0.631,0.008,0.361
SPADES EIGHT CLUBS TWO,0.6384,0.0074,0.3542
DIAMONDS THREE DIAMONDS NINE,0.5974,0.0094,0.3932
SPADES NINE CLUBS TWO,0.6448,0.0072,0.348
DIAMONDS THREE DIAMONDS SIX,0.6152,0.0086,0.3762
SPADES SIX CLUBS TWO,0.6614,0.0078,0.3308
SPADES SEVEN CLUBS TWO,0.7374,0.0406,0.222
CLUBS SIX CLUBS TWO,0.6328,0.0068,0.3604
CLUBS SEVEN CLUBS TWO,0.6918,0.0366,0.2716
CLUBS FOUR CLUBS TWO,0.6048,0.0068,0.3884
CLUBS FIVE CLUBS TWO,0.6036,0.0084,0.388
CLUBS TEN CLUBS JACK,0.5098,0.0058,0.4844
DIAMONDS FOUR DIAMONDS SIX,0.608,0.009,0.383
CLUBS TEN CLUBS QUEEN,0.5104,0.0068,0.4828
CLUBS TEN CLUBS KING,0.2186,0.1162,0.6652
CLUBS TEN CLUBS ACE,0.314,0.0044,0.6816
CLUBS EIGHT CLUBS TWO,0.6054,0.0074,0.3872
DIAMONDS FIVE DIAMONDS FOUR,0.5968,0.0092,0.394
CLUBS NINE CLUBS TWO,0.5894,0.0054,0.4052
DIAMONDS NINE DIAMONDS FOUR,0.6108,0.0056,0.3836
DIAMONDS FOUR DIAMONDS EIGHT,0.6096,0.008,0.3824
CLUBS THREE CLUBS TWO,0.6096,0.0078,0.3826
DIAMONDS NINE DIAMONDS FIVE,0.5906,0.0094,0.4
DIAMONDS TWO CLUBS JACK,0.646,0.008,0.346
DIAMONDS FIVE DIAMONDS EIGHT,0.597,0.009,0.394
CLUBS TEN DIAMONDS TWO,0.6454,0.0072,0.3474
DIAMONDS FIVE DIAMONDS SIX,0.6066,0.0094,0.384
DIAMONDS TWO CLUBS ACE,0.4046,0.0042,0.5912
DIAMONDS TWO CLUBS KING,0.4896,0.2982,0.2122
DIAMONDS TWO CLUBS QUEEN,0.633,0.0054,0.3616
DIAMONDS EIGHT DIAMONDS SIX,0.5912,0.0072,0.4016
DIAMONDS NINE DIAMONDS SIX,0.5764,0.0068,0.4168
HEARTS ACE SPADES THREE,0.4074,0.0054,0.5872
SPADES THREE HEARTS KING,0.4794,0.295,0.2256
SPADES THREE HEARTS QUEEN,0.6166,0.0066,0.3768
SPADES THREE HEARTS JACK,0.6296,0.0056,0.3648
SPADES THREE HEARTS TEN,0.6436,0.0078,0.3486
DIAMONDS NINE DIAMONDS EIGHT,0.5314,0.0096,0.459
DIAMONDS KING HEARTS TEN,0.2278,0.1092,0.663
HEARTS THREE HEARTS TEN,0.5806,0.0096,0.4098
SPADES JACK CLUBS SIX,0.6374,0.0072,0.3554
DIAMONDS KING HEARTS JACK,0.2354,0.0836,0.681
HEARTS THREE HEARTS JACK,0.5912,0.0074,0.4014
SPADES TEN CLUBS SIX,0.6174,0.007,0.3756
SPADES JACK SPADES FIVE,0.5932,0.007,0.3998
SPADES TEN SPADES FIVE,0.6026,0.007,0.3904
DIAMONDS KING HEARTS ACE,0.2342,0.0118,0.754
HEARTS THREE HEARTS ACE,0.3746,0.0032,0.6222
SPADES ACE CLUBS SIX,0.3942,0.0038,0.602
DIAMONDS KING HEARTS QUEEN,0.2412,0.065,0.6938
HEARTS THREE HEARTS QUEEN,0.5832,0.009,0.4078
DIAMONDS KING HEARTS KING,0.0734,0.0128,0.9138
HEARTS THREE HEARTS KING,0.4398,0.2794,0.2808
SPADES QUEEN CLUBS SIX,0.6424,0.008,0.3496
SPADES NINE HEARTS TEN,0.559,0.0052,0.4358
SPADES NINE HEARTS JACK,0.5756,0.0062,0.4182
SPADES QUEEN SPADES FIVE,0.6034,0.007,0.3896
SPADES ACE SPADES FIVE,0.363,0.0054,0.6316
SPADES NINE HEARTS QUEEN,0.5748,0.0056,0.4196
SPADES NINE HEARTS KING,0.224,0.1712,0.6048
SPADES NINE HEARTS ACE,0.3596,0.005,0.6354
CLUBS TEN SPADES JACK,0.5494,0.0056,0.445
CLUBS TEN SPADES TEN,0.3106,0.0072,0.6822
SPADES ACE CLUBS TEN,0.3484,0.0048,0.6468
SPADES QUEEN CLUBS TEN,0.5628,0.0074,0.4298
SPADES FIVE HEARTS QUEEN,0.6388,0.007,0.3542
SPADES FIVE HEARTS KING,0.4812,0.3018,0.217
SPADES FIVE HEARTS ACE,0.394,0.004,0.602
SPADES JACK HEARTS THREE,0.6426,0.0088,0.3486
SPADES JACK DIAMONDS KING,0.2376,0.0882,0.6742
SPADES TEN CLUBS EIGHT,0.5712,0.0046,0.4242
SPADES JACK CLUBS EIGHT,0.5784,0.0062,0.4154
SPADES TEN HEARTS THREE,0.6402,0.0102,0.3496
SPADES TEN DIAMONDS KING,0.2214,0.1236,0.655
CLUBS SIX HEARTS ACE,0.3872,0.0026,0.6102
SPADES ACE CLUBS EIGHT,0.3638,0.0038,0.6324
HEARTS FIVE CLUBS JACK,0.6252,0.008,0.3668
HEARTS FIVE CLUBS TEN,0.6324,0.0066,0.361
CLUBS SIX HEARTS QUEEN,0.6368,0.0056,0.3576
SPADES QUEEN CLUBS EIGHT,0.5984,0.0056,0.396
CLUBS TEN SPADES THREE,0.6222,0.0064,0.3714
CLUBS SIX HEARTS KING,0.4828,0.2922,0.225
SPADES THREE CLUBS JACK,0.6326,0.0062,0.3612
DIAMONDS TWO HEARTS JACK,0.6204,0.006,0.3736
SPADES THREE CLUBS QUEEN,0.6396,0.007,0.3534
DIAMONDS TWO HEARTS TEN,0.6342,0.0084,0.3574
SPADES THREE CLUBS KING,0.4792,0.2986,0.2222
HEARTS FIVE CLUBS ACE,0.3986,0.0046,0.5968
SPADES FIVE HEARTS TEN,0.6332,0.0054,0.3614
SPADES THREE CLUBS ACE,0.3922,0.0054,0.6024
HEARTS FIVE CLUBS KING,0.4834,0.291,0.2256
SPADES FIVE HEARTS JACK,0.63,0.0066,0.3634
HEARTS FIVE CLUBS QUEEN,0.6186,0.0074,0.374
HEARTS THREE CLUBS KING,0.481,0.2848,0.2342
DIAMONDS KING CLUBS KING,0.0702,0.0172,0.9126
HEARTS THREE CLUBS QUEEN,0.6366,0.0058,0.3576
DIAMONDS KING CLUBS QUEEN,0.2458,0.0594,0.6948
HEARTS FIVE HEARTS JACK,0.5888,0.0064,0.4048
HEARTS FIVE HEARTS TEN,0.5884,0.0072,0.4044
HEARTS THREE CLUBS ACE,0.3836,0.0064,0.61
DIAMONDS KING CLUBS ACE,0.2388,0.014,0.7472
SPADES ACE CLUBS QUEEN,0.3578,0.003,0.6392
HEARTS THREE CLUBS JACK,0.636,0.007,0.357
DIAMONDS KING CLUBS JACK,0.2368,0.0854,0.6778
SPADES QUEEN CLUBS QUEEN,0.2866,0.0044,0.709
CLUBS TEN HEARTS THREE,0.6378,0.0052,0.357
CLUBS TEN DIAMONDS KING,0.2276,0.1124,0.66
SPADES JACK CLUBS QUEEN,0.5674,0.0048,0.4278
CLUBS SIX CLUBS QUEEN,0.5932,0.007,0.3998
SPADES TEN CLUBS QUEEN,0.5688,0.0058,0.4254
CLUBS SIX CLUBS KING,0.4524,0.2854,0.2622
CLUBS SIX CLUBS ACE,0.3576,0.0046,0.6378
HEARTS FIVE HEARTS KING,0.4522,0.2798,0.268
HEARTS FIVE HEARTS QUEEN,0.5896,0.0076,0.4028
CLUBS TEN CLUBS SIX,0.5802,0.0062,0.4136
HEARTS FIVE HEARTS ACE,0.3678,0.0038,0.6284
CLUBS SIX CLUBS JACK,0.6076,0.008,0.3844
SPADES SEVEN HEARTS JACK,0.7192,0.0354,0.2454
SPADES SEVEN HEARTS TEN,0.6996,0.0358,0.2646
DIAMONDS TWO CLUBS TWO,0.4502,0.0134,0.5364
DIAMONDS TWO CLUBS THREE,0.6462,0.009,0.3448
DIAMONDS TWO HEARTS SIX,0.66,0.0088,0.3312
DIAMONDS TWO HEARTS QUEEN,0.6376,0.0042,0.3582
HEARTS SEVEN DIAMONDS TWO,0.7358,0.0442,0.22
DIAMONDS TWO HEARTS KING,0.4772,0.3018,0.221
DIAMONDS TWO HEARTS EIGHT,0.648,0.0072,0.3448
DIAMONDS TWO HEARTS ACE,0.3996,0.005,0.5954
DIAMONDS TWO HEARTS NINE,0.6424,0.0064,0.3512
DIAMONDS TWO DIAMONDS QUEEN,0.5972,0.0086,0.3942
DIAMONDS TWO HEARTS TWO,0.4588,0.0156,0.5256
DIAMONDS TWO DIAMONDS KING,0.4486,0.2954,0.256
DIAMONDS TWO HEARTS THREE,0.6634,0.0078,0.3288
DIAMONDS TWO DIAMONDS ACE,0.3794,0.0062,0.6144
HEARTS FOUR DIAMONDS TWO,0.6504,0.008,0.3416
HEARTS FIVE DIAMONDS TWO,0.6604,0.0096,0.33
SPADES SEVEN HEARTS ACE,0.2428,0.0334,0.7238
DIAMONDS TWO DIAMONDS TEN,0.599,0.0088,0.3922
SPADES SEVEN HEARTS KING,0.0178,0.9702,0.012
DIAMONDS TWO DIAMONDS JACK,0.6064,0.0066,0.387
SPADES SEVEN HEARTS QUEEN,0.7246,0.035,0.2404
DIAMONDS TWO SPADES NINE,0.6398,0.0086,0.3516
DIAMONDS TWO SPADES EIGHT,0.6422,0.0094,0.3484
DIAMONDS TWO SPADES SEVEN,0.7356,0.0448,0.2196
DIAMONDS TWO SPADES SIX,0.6668,0.0086,0.3246
DIAMONDS TWO SPADES FIVE,0.6594,0.009,0.3316
DIAMONDS TWO SPADES FOUR,0.6528,0.01,0.3372
DIAMONDS TWO SPADES THREE,0.6596,0.0106,0.3298
DIAMONDS TWO SPADES TWO,0.4684,0.0146,0.517
CLUBS NINE DIAMONDS TWO,0.648,0.0086,0.3434
DIAMONDS TWO CLUBS EIGHT,0.645,0.009,0.346
CLUBS SEVEN DIAMONDS TWO,0.7376,0.0398,0.2226
DIAMONDS TWO CLUBS SIX,0.6744,0.0094,0.3162
DIAMONDS TWO CLUBS FIVE,0.6534,0.0102,0.3364
DIAMONDS TWO CLUBS FOUR,0.6428,0.0074,0.3498
CLUBS FOUR SPADES FIVE,0.6126,0.0086,0.3788
CLUBS FOUR SPADES FOUR,0.4606,0.0142,0.5252
CLUBS FOUR SPADES THREE,0.6418,0.0108,0.3474
CLUBS FOUR SPADES TWO,0.6512,0.0078,0.341
SPADES NINE CLUBS FOUR,0.645,0.0074,0.3476
SPADES EIGHT CLUBS FOUR,0.6326,0.0062,0.3612
SPADES SEVEN CLUBS FOUR,0.6988,0.048,0.2532
SPADES SIX CLUBS FOUR,0.6368,0.0068,0.3564
SPADES ACE DIAMONDS SIX,0.3942,0.0034,0.6024
SPADES QUEEN DIAMONDS SIX,0.6412,0.0076,0.3512
SPADES TEN DIAMONDS SIX,0.645,0.0084,0.3466
SPADES JACK DIAMONDS SIX,0.63,0.0066,0.3634
SPADES QUEEN SPADES TWO,0.5964,0.0094,0.3942
SPADES ACE SPADES TWO,0.3772,0.0054,0.6174
DIAMONDS JACK CLUBS JACK,0.2946,0.0054,0.7
CLUBS TEN DIAMONDS JACK,0.5486,0.008,0.4434
DIAMONDS JACK CLUBS KING,0.2318,0.0922,0.676
DIAMONDS JACK CLUBS QUEEN,0.5582,0.008,0.4338
DIAMONDS THREE DIAMONDS JACK,0.599,0.0082,0.3928
DIAMONDS THREE DIAMONDS TEN,0.5918,0.0084,0.3998
DIAMONDS JACK CLUBS ACE,0.343,0.003,0.654
DIAMONDS THREE DIAMONDS KING,0.4498,0.2874,0.2628
DIAMONDS THREE HEARTS THREE,0.4516,0.0134,0.535
DIAMONDS THREE DIAMONDS QUEEN,0.6102,0.0096,0.3802
DIAMONDS THREE HEARTS TWO,0.6662,0.006,0.3278
HEARTS FIVE DIAMONDS THREE,0.6258,0.0084,0.3658
DIAMONDS THREE DIAMONDS ACE,0.369,0.005,0.626
HEARTS FOUR DIAMONDS THREE,0.6348,0.0102,0.355
HEARTS SEVEN DIAMONDS THREE,0.725,0.0382,0.2368
SPADES TEN SPADES NINE,0.5376,0.0064,0.456
HEARTS SIX DIAMONDS THREE,0.6504,0.0082,0.3414
SPADES JACK SPADES NINE,0.5388,0.0052,0.456
DIAMONDS THREE HEARTS NINE,0.6396,0.0068,0.3536
HEARTS JACK DIAMONDS FOUR,0.6326,0.0064,0.361
HEARTS ACE HEARTS KING,0.2256,0.0094,0.765
SPADES TEN SPADES TWO,0.6218,0.007,0.3712
DIAMONDS THREE HEARTS EIGHT,0.6468,0.011,0.3422
HEARTS TEN DIAMONDS FOUR,0.6204,0.0106,0.369
SPADES JACK SPADES TWO,0.6114,0.0102,0.3784
HEARTS QUEEN DIAMONDS FOUR,0.64,0.0072,0.3528
HEARTS KING DIAMONDS FOUR,0.483,0.2982,0.2188
SPADES ACE SPADES NINE,0.343,0.0052,0.6518
HEARTS ACE DIAMONDS FOUR,0.3978,0.0036,0.5986
SPADES QUEEN SPADES NINE,0.5546,0.0066,0.4388
DIAMONDS THREE SPADES NINE,0.6494,0.0058,0.3448
DIAMONDS THREE SPADES EIGHT,0.6544,0.009,0.3366
DIAMONDS THREE SPADES SEVEN,0.7358,0.0442,0.22
DIAMONDS THREE SPADES SIX,0.6532,0.0076,0.3392
DIAMONDS THREE CLUBS SIX,0.6406,0.0106,0.3488
CLUBS FIVE CLUBS SIX,0.5808,0.0086,0.4106
CLUBS ACE DIAMONDS FOUR,0.3858,0.004,0.6102
CLUBS SEVEN DIAMONDS THREE,0.7268,0.0412,0.232
CLUBS SEVEN CLUBS FIVE,0.6462,0.04,0.3138
DIAMONDS THREE CLUBS FOUR,0.6292,0.0078,0.363
DIAMONDS FOUR CLUBS QUEEN,0.64,0.0074,0.3526
DIAMONDS THREE CLUBS FIVE,0.6374,0.008,0.3546
CLUBS KING DIAMONDS FOUR,0.474,0.2972,0.2288
DIAMONDS THREE CLUBS TWO,0.6578,0.0058,0.3364
CLUBS TEN DIAMONDS FOUR,0.6468,0.0074,0.3458
DIAMONDS THREE CLUBS THREE,0.462,0.014,0.524
DIAMONDS FOUR CLUBS JACK,0.629,0.0076,0.3634
DIAMONDS THREE SPADES FOUR,0.6314,0.0102,0.3584
DIAMONDS THREE SPADES FIVE,0.6284,0.0118,0.3598
DIAMONDS THREE SPADES TWO,0.67,0.009,0.321
DIAMONDS THREE SPADES THREE,0.4554,0.0158,0.5288
CLUBS EIGHT DIAMONDS THREE,0.6554,0.0086,0.336
CLUBS NINE DIAMONDS THREE,0.6344,0.0068,0.3588
SPADES SEVEN CLUBS ACE,0.2334,0.0344,0.7322
SPADES SEVEN CLUBS QUEEN,0.746,0.0352,0.2188
SPADES SEVEN CLUBS KING,0.0158,0.972,0.0122
CLUBS FIVE SPADES SEVEN,0.6892,0.0412,0.2696
CLUBS TEN SPADES SEVEN,0.7146,0.0366,0.2488
CLUBS FIVE SPADES SIX,0.6132,0.0066,0.3802
SPADES SEVEN CLUBS JACK,0.7256,0.0378,0.2366
SPADES NINE CLUBS FIVE,0.617,0.0088,0.3742
CLUBS FIVE SPADES EIGHT,0.6224,0.0088,0.3688
CLUBS FIVE SPADES THREE,0.6346,0.0072,0.3582
CLUBS FIVE SPADES TWO,0.6392,0.0064,0.3544
CLUBS FIVE SPADES FIVE,0.4384,0.0132,0.5484
CLUBS FIVE SPADES FOUR,0.6068,0.0082,0.385
CLUBS NINE CLUBS FIVE,0.5942,0.008,0.3978
CLUBS EIGHT CLUBS FIVE,0.5664,0.0064,0.4272
CLUBS ACE CLUBS QUEEN,0.3328,0.004,0.6632
CLUBS KING CLUBS QUEEN,0.2368,0.061,0.7022
DIAMONDS TEN DIAMONDS FOUR,0.5878,0.006,0.4062
CLUBS TEN DIAMONDS NINE,0.5584,0.0088,0.4328
DIAMONDS JACK DIAMONDS FOUR,0.5972,0.0078,0.395
DIAMONDS NINE CLUBS JACK,0.5724,0.0084,0.4192
SPADES NINE CLUBS JACK,0.5756,0.0038,0.4206
CLUBS TEN SPADES NINE,0.5688,0.0068,0.4244
DIAMONDS ACE DIAMONDS FOUR,0.3658,0.0056,0.6286
HEARTS FOUR DIAMONDS FOUR,0.4512,0.0126,0.5362
DIAMONDS JACK HEARTS TEN,0.5462,0.0072,0.4466
SPADES NINE CLUBS KING,0.2302,0.17,0.5998
DIAMONDS TWO SPADES TEN,0.6522,0.0084,0.3394
DIAMONDS NINE CLUBS ACE,0.3568,0.0034,0.6398
HEARTS FIVE DIAMONDS FOUR,0.6392,0.0102,0.3506
DIAMONDS JACK HEARTS JACK,0.2898,0.0056,0.7046
SPADES NINE CLUBS QUEEN,0.5752,0.006,0.4188
SPADES JACK DIAMONDS TWO,0.6436,0.0076,0.3488
DIAMONDS QUEEN DIAMONDS FOUR,0.596,0.0074,0.3966
HEARTS TWO DIAMONDS FOUR,0.657,0.0076,0.3354
DIAMONDS NINE CLUBS QUEEN,0.5652,0.0046,0.4302
DIAMONDS KING DIAMONDS FOUR,0.4424,0.2822,0.2754
HEARTS THREE DIAMONDS FOUR,0.6292,0.0092,0.3616
SPADES NINE CLUBS ACE,0.376,0.0034,0.6206
DIAMONDS NINE CLUBS KING,0.2288,0.1678,0.6034
HEARTS ACE DIAMONDS JACK,0.3558,0.0064,0.6378
SPADES ACE DIAMONDS TWO,0.4076,0.0052,0.5872
HEARTS QUEEN DIAMONDS JACK,0.5436,0.0074,0.449
SPADES QUEEN DIAMONDS TWO,0.6358,0.008,0.3562
HEARTS KING DIAMONDS JACK,0.2318,0.0904,0.6778
SPADES JACK SPADES SEVEN,0.6836,0.0336,0.2828
SPADES TEN SPADES SEVEN,0.6862,0.0304,0.2834
CLUBS SEVEN CLUBS THREE,0.6774,0.037,0.2856
CLUBS SIX CLUBS THREE,0.6056,0.007,0.3874
CLUBS FIVE CLUBS THREE,0.5818,0.007,0.4112
CLUBS THREE CLUBS FOUR,0.5968,0.0084,0.3948
CLUBS NINE CLUBS THREE,0.58,0.0078,0.4122
CLUBS EIGHT CLUBS THREE,0.6024,0.007,0.3906
CLUBS THREE SPADES FIVE,0.6238,0.011,0.3652
CLUBS THREE SPADES FOUR,0.641,0.0074,0.3516
CLUBS THREE SPADES THREE,0.4482,0.0176,0.5342
CLUBS THREE SPADES TWO,0.6556,0.0082,0.3362
CLUBS THREE SPADES SIX,0.6438,0.009,0.3472
SPADES SEVEN CLUBS THREE,0.7386,0.0388,0.2226
SPADES EIGHT CLUBS THREE,0.6396,0.0092,0.3512
SPADES NINE CLUBS THREE,0.6354,0.0072,0.3574
SPADES TWO DIAMONDS FOUR,0.6542,0.0082,0.3376
SPADES THREE DIAMONDS FOUR,0.6308,0.0122,0.357
SPADES FOUR DIAMONDS FOUR,0.4652,0.0148,0.52
SPADES FIVE DIAMONDS FOUR,0.6084,0.0106,0.381
SPADES SIX DIAMONDS FOUR,0.6448,0.0096,0.3456
SPADES SEVEN DIAMONDS FOUR,0.7154,0.035,0.2496
SPADES EIGHT DIAMONDS FOUR,0.6352,0.006,0.3588
SPADES NINE DIAMONDS FOUR,0.649,0.009,0.342
CLUBS FIVE DIAMONDS FOUR,0.6258,0.0056,0.3686
CLUBS FOUR DIAMONDS FOUR,0.449,0.0136,0.5374
CLUBS SEVEN DIAMONDS FOUR,0.7122,0.0406,0.2472
CLUBS SIX DIAMONDS FOUR,0.6248,0.008,0.3672
CLUBS NINE DIAMONDS FOUR,0.6356,0.0086,0.3558
CLUBS EIGHT DIAMONDS FOUR,0.6406,0.0052,0.3542
HEARTS SEVEN DIAMONDS FOUR,0.7078,0.0338,0.2584
HEARTS SIX DIAMONDS FOUR,0.6408,0.0092,0.35
DIAMONDS FOUR HEARTS NINE,0.6304,0.0078,0.3618
DIAMONDS FOUR HEARTS EIGHT,0.6344,0.0094,0.3562
CLUBS THREE DIAMONDS FOUR,0.6318,0.0078,0.3604
CLUBS TWO DIAMONDS FOUR,0.6528,0.0078,0.3394
DIAMONDS TEN DIAMONDS FIVE,0.6116,0.009,0.3794
DIAMONDS JACK DIAMONDS FIVE,0.591,0.0088,0.4002
DIAMONDS NINE HEARTS QUEEN,0.5794,0.0064,0.4142
DIAMONDS NINE HEARTS KING,0.2374,0.1632,0.5994
HEARTS ACE DIAMONDS NINE,0.3564,0.0054,0.6382
DIAMONDS NINE HEARTS TEN,0.5592,0.0074,0.4334
DIAMONDS NINE HEARTS JACK,0.5642,0.006,0.4298
CLUBS KING DIAMONDS SIX,0.4844,0.2948,0.2208
CLUBS QUEEN DIAMONDS SIX,0.6334,0.007,0.3596
CLUBS ACE DIAMONDS SIX,0.4036,0.0034,0.593
SPADES ACE SPADES SEVEN,0.2348,0.0298,0.7354
SPADES QUEEN DIAMONDS FOUR,0.6364,0.0086,0.355
SPADES QUEEN SPADES SEVEN,0.7034,0.0304,0.2662
CLUBS JACK DIAMONDS SIX,0.6334,0.0064,0.3602
SPADES ACE DIAMONDS FOUR,0.3854,0.007,0.6076
CLUBS TEN DIAMONDS SIX,0.6276,0.007,0.3654
CLUBS NINE CLUBS FOUR,0.595,0.0062,0.3988
CLUBS EIGHT CLUBS FOUR,0.5798,0.0078,0.4124
SPADES JACK DIAMONDS FOUR,0.6372,0.0086,0.3542
SPADES TEN DIAMONDS FOUR,0.6374,0.009,0.3536
CLUBS FIVE CLUBS FOUR,0.588,0.006,0.406
CLUBS SEVEN CLUBS FOUR,0.6632,0.0368,0.3
CLUBS SIX CLUBS FOUR,0.6052,0.0068,0.388
CLUBS SEVEN SPADES EIGHT,0.6846,0.03,0.2854
CLUBS SEVEN SPADES NINE,0.6906,0.0296,0.2798
CLUBS SEVEN SPADES SIX,0.677,0.034,0.289
CLUBS SEVEN SPADES SEVEN,0.3042,0.0256,0.6702
CLUBS SEVEN SPADES FIVE,0.6982,0.0424,0.2594
CLUBS SEVEN SPADES FOUR,0.7114,0.039,0.2496
CLUBS SEVEN SPADES THREE,0.73,0.0408,0.2292
CLUBS SEVEN SPADES TWO,0.7416,0.0388,0.2196
CLUBS NINE CLUBS SEVEN,0.6476,0.026,0.3264
CLUBS SEVEN CLUBS EIGHT,0.6304,0.0302,0.3394
HEARTS SIX DIAMONDS FIVE,0.6238,0.0074,0.3688
HEARTS SEVEN DIAMONDS FIVE,0.6842,0.0396,0.2762
DIAMONDS FIVE HEARTS EIGHT,0.6212,0.008,0.3708
DIAMONDS FIVE HEARTS NINE,0.6298,0.0092,0.361
DIAMONDS QUEEN DIAMONDS FIVE,0.5984,0.0062,0.3954
HEARTS TWO DIAMONDS FIVE,0.6442,0.0104,0.3454
HEARTS KING HEARTS EIGHT,0.2098,0.2212,0.569
DIAMONDS KING DIAMONDS FIVE,0.451,0.285,0.264
HEARTS THREE DIAMONDS FIVE,0.629,0.0076,0.3634
HEARTS QUEEN HEARTS EIGHT,0.5488,0.007,0.4442
DIAMONDS ACE DIAMONDS FIVE,0.3678,0.0056,0.6266
HEARTS FOUR DIAMONDS FIVE,0.6048,0.012,0.3832
HEARTS FIVE DIAMONDS FIVE,0.4384,0.0176,0.544
HEARTS ACE HEARTS EIGHT,0.3436,0.0044,0.652
CLUBS FOUR DIAMONDS FIVE,0.6298,0.0078,0.3624
CLUBS FIVE DIAMONDS FIVE,0.4426,0.0138,0.5436
CLUBS SIX DIAMONDS FIVE,0.6144,0.0068,0.3788
CLUBS SEVEN DIAMONDS FIVE,0.6806,0.042,0.2774
CLUBS TWO DIAMONDS FIVE,0.6502,0.005,0.3448
CLUBS THREE DIAMONDS FIVE,0.6446,0.0088,0.3466
SPADES THREE DIAMONDS FIVE,0.6318,0.0106,0.3576
SPADES TWO DIAMONDS FIVE,0.6566,0.009,0.3344
SPADES JACK DIAMONDS EIGHT,0.5862,0.007,0.4068
SPADES FIVE DIAMONDS FIVE,0.4372,0.0156,0.5472
CLUBS TEN HEARTS JACK,0.546,0.0044,0.4496
SPADES TEN DIAMONDS EIGHT,0.5784,0.0078,0.4138
SPADES FOUR DIAMONDS FIVE,0.6234,0.0064,0.3702
HEARTS JACK CLUBS JACK,0.3034,0.0046,0.692
HEARTS JACK CLUBS QUEEN,0.5534,0.0042,0.4424
CLUBS NINE DIAMONDS FIVE,0.6226,0.0082,0.3692
CLUBS KING HEARTS JACK,0.2348,0.0902,0.675
CLUBS EIGHT DIAMONDS FIVE,0.6202,0.0096,0.3702
CLUBS ACE HEARTS JACK,0.3592,0.0018,0.639
SPADES SEVEN DIAMONDS FIVE,0.6856,0.0422,0.2722
SPADES SIX DIAMONDS FIVE,0.6206,0.0094,0.37
SPADES QUEEN DIAMONDS EIGHT,0.5898,0.0074,0.4028
SPADES NINE DIAMONDS FIVE,0.6416,0.0066,0.3518
SPADES EIGHT DIAMONDS FIVE,0.6202,0.012,0.3678
SPADES ACE DIAMONDS EIGHT,0.3532,0.0034,0.6434
DIAMONDS TEN DIAMONDS SIX,0.5886,0.011,0.4004
DIAMONDS JACK DIAMONDS SIX,0.603,0.0074,0.3896
DIAMONDS ACE DIAMONDS SIX,0.371,0.0058,0.6232
HEARTS FOUR DIAMONDS SIX,0.6248,0.0056,0.3696
SPADES TWO HEARTS JACK,0.6354,0.0102,0.3544
HEARTS FIVE DIAMONDS SIX,0.6264,0.0066,0.367
SPADES TWO HEARTS TEN,0.65,0.0064,0.3436
DIAMONDS QUEEN DIAMONDS SIX,0.5976,0.0058,0.3966
HEARTS TWO DIAMONDS SIX,0.6678,0.0096,0.3226
DIAMONDS KING DIAMONDS SIX,0.4558,0.2822,0.262
HEARTS THREE DIAMONDS SIX,0.6482,0.0084,0.3434
HEARTS EIGHT DIAMONDS SIX,0.6044,0.0072,0.3884
HEARTS NINE DIAMONDS SIX,0.619,0.0062,0.3748
HEARTS SIX DIAMONDS SIX,0.4374,0.0126,0.55
HEARTS SEVEN DIAMONDS SIX,0.6814,0.0384,0.2802
CLUBS TWO DIAMONDS SIX,0.6686,0.0088,0.3226
CLUBS THREE DIAMONDS SIX,0.656,0.0082,0.3358
CLUBS SEVEN DIAMONDS SIX,0.6774,0.0334,0.2892
DIAMONDS EIGHT CLUBS JACK,0.5702,0.0068,0.423
CLUBS SIX DIAMONDS SIX,0.4372,0.0158,0.547
CLUBS TEN DIAMONDS EIGHT,0.5656,0.0074,0.427
CLUBS FIVE DIAMONDS SIX,0.6278,0.006,0.3662
CLUBS FOUR DIAMONDS SIX,0.6342,0.0088,0.357
HEARTS ACE HEARTS JACK,0.3256,0.0034,0.671
CLUBS ACE DIAMONDS EIGHT,0.3546,0.0052,0.6402
HEARTS QUEEN HEARTS JACK,0.5302,0.006,0.4638
CLUBS KING DIAMONDS EIGHT,0.2162,0.2414,0.5424
CLUBS NINE DIAMONDS SIX,0.6212,0.006,0.3728
HEARTS KING HEARTS JACK,0.2292,0.086,0.6848
CLUBS QUEEN DIAMONDS EIGHT,0.5778,0.0056,0.4166
CLUBS EIGHT DIAMONDS SIX,0.602,0.0074,0.3906
SPADES TEN HEARTS KING,0.2426,0.1196,0.6378
SPADES FIVE DIAMONDS SIX,0.6266,0.0076,0.3658
HEARTS ACE SPADES TWO,0.4068,0.0048,0.5884
SPADES JACK HEARTS KING,0.236,0.0906,0.6734
SPADES FOUR DIAMONDS SIX,0.6374,0.0074,0.3552
SPADES THREE DIAMONDS SIX,0.6726,0.0076,0.3198
HEARTS QUEEN SPADES TWO,0.6266,0.008,0.3654
SPADES TWO HEARTS KING,0.4824,0.3006,0.217
SPADES TWO DIAMONDS SIX,0.6708,0.0068,0.3224
HEARTS TEN HEARTS EIGHT,0.5428,0.0072,0.45
SPADES NINE DIAMONDS SIX,0.6332,0.007,0.3598
HEARTS JACK HEARTS EIGHT,0.5492,0.006,0.4448
SPADES EIGHT DIAMONDS SIX,0.608,0.0054,0.3866
SPADES SEVEN DIAMONDS SIX,0.684,0.0418,0.2742
SPADES SIX DIAMONDS SIX,0.4442,0.0138,0.542
SPADES QUEEN HEARTS KING,0.2362,0.0616,0.7022
CLUBS ACE CLUBS KING,0.2198,0.0116,0.7686
SPADES ACE HEARTS KING,0.2314,0.0124,0.7562
SPADES ACE HEARTS JACK,0.3476,0.0044,0.648
SPADES QUEEN HEARTS JACK,0.5626,0.0072,0.4302
SPADES TEN DIAMONDS TEN,0.2868,0.0078,0.7054
SPADES JACK DIAMONDS TEN,0.5632,0.0062,0.4306
SPADES ACE DIAMONDS TEN,0.347,0.0054,0.6476
SPADES JACK HEARTS JACK,0.3074,0.0062,0.6864
SPADES TEN HEARTS JACK,0.552,0.0068,0.4412
SPADES QUEEN DIAMONDS TEN,0.5488,0.008,0.4432
HEARTS KING DIAMONDS FIVE,0.4748,0.2982,0.227
HEARTS QUEEN DIAMONDS FIVE,0.6264,0.0064,0.3672
HEARTS ACE DIAMONDS FIVE,0.3814,0.004,0.6146
DIAMONDS FIVE HEARTS JACK,0.6368,0.008,0.3552
HEARTS TEN DIAMONDS FIVE,0.6288,0.0064,0.3648
HEARTS KING CLUBS KING,0.0766,0.015,0.9084
SPADES QUEEN CLUBS TWO,0.6456,0.0056,0.3488
HEARTS KING CLUBS QUEEN,0.2416,0.0664,0.692
SPADES TWO CLUBS JACK,0.6414,0.0078,0.3508
SPADES ACE CLUBS TWO,0.392,0.0056,0.6024
CLUBS TEN SPADES TWO,0.642,0.0072,0.3508
HEARTS KING CLUBS ACE,0.2482,0.011,0.7408
CLUBS SEVEN CLUBS SIX,0.6336,0.0356,0.3308
SPADES TWO CLUBS KING,0.5006,0.2946,0.2048
CLUBS EIGHT CLUBS SIX,0.5638,0.007,0.4292
SPADES TWO CLUBS QUEEN,0.6294,0.0084,0.3622
CLUBS NINE CLUBS SIX,0.594,0.0064,0.3996
HEARTS KING CLUBS JACK,0.2344,0.0856,0.68
SPADES TWO CLUBS ACE,0.4038,0.0058,0.5904
CLUBS TEN HEARTS KING,0.2354,0.1164,0.6482
CLUBS SIX SPADES TWO,0.6632,0.0086,0.3282
CLUBS SIX SPADES THREE,0.6482,0.011,0.3408
CLUBS SIX SPADES FOUR,0.6318,0.0102,0.358
CLUBS SIX SPADES FIVE,0.6138,0.0112,0.375
CLUBS SIX SPADES SIX,0.443,0.013,0.544
CLUBS SIX SPADES SEVEN,0.675,0.037,0.288
SPADES EIGHT CLUBS SIX,0.6108,0.0066,0.3826
SPADES JACK CLUBS TWO,0.6386,0.0058,0.3556
SPADES NINE CLUBS SIX,0.6102,0.0038,0.386
SPADES TEN CLUBS TWO,0.6286,0.0074,0.364
CLUBS TWO CLUBS QUEEN,0.5888,0.007,0.4042
CLUBS TWO CLUBS KING,0.4454,0.2758,0.2788
CLUBS THREE DIAMONDS EIGHT,0.6494,0.0078,0.3428
CLUBS TWO CLUBS ACE,0.372,0.0036,0.6244
CLUBS TWO DIAMONDS EIGHT,0.6412,0.0082,0.3506
HEARTS SEVEN DIAMONDS EIGHT,0.6744,0.03,0.2956
HEARTS SIX DIAMONDS EIGHT,0.602,0.007,0.391
DIAMONDS EIGHT HEARTS NINE,0.5722,0.0076,0.4202
CLUBS TEN CLUBS TWO,0.598,0.0056,0.3964
HEARTS EIGHT DIAMONDS EIGHT,0.3176,0.012,0.6704
CLUBS TWO CLUBS JACK,0.5874,0.0072,0.4054
CLUBS NINE DIAMONDS EIGHT,0.561,0.0078,0.4312
CLUBS EIGHT DIAMONDS EIGHT,0.313,0.013,0.674
CLUBS FIVE DIAMONDS EIGHT,0.616,0.0088,0.3752
SPADES ACE SPADES THREE,0.3736,0.0072,0.6192
CLUBS FOUR DIAMONDS EIGHT,0.6116,0.006,0.3824
CLUBS SEVEN DIAMONDS EIGHT,0.678,0.0364,0.2856
SPADES QUEEN SPADES THREE,0.6024,0.0078,0.3898
CLUBS SIX DIAMONDS EIGHT,0.6054,0.005,0.3896
DIAMONDS QUEEN DIAMONDS EIGHT,0.5524,0.0064,0.4412
HEARTS TWO DIAMONDS EIGHT,0.64,0.0104,0.3496
DIAMONDS KING DIAMONDS EIGHT,0.2128,0.2202,0.567
HEARTS THREE DIAMONDS EIGHT,0.6524,0.0082,0.3394
DIAMONDS ACE DIAMONDS EIGHT,0.3426,0.0046,0.6528
HEARTS FOUR DIAMONDS EIGHT,0.6222,0.0074,0.3704
HEARTS FIVE DIAMONDS EIGHT,0.6206,0.0052,0.3742
DIAMONDS TEN DIAMONDS EIGHT,0.5414,0.0086,0.45
DIAMONDS JACK DIAMONDS EIGHT,0.5474,0.006,0.4466
SPADES JACK SPADES THREE,0.6134,0.0064,0.3802
SPADES TEN SPADES THREE,0.6052,0.0086,0.3862
CLUBS FOUR HEARTS ACE,0.386,0.0024,0.6116
CLUBS FOUR HEARTS QUEEN,0.6302,0.0062,0.3636
CLUBS FOUR HEARTS KING,0.4676,0.305,0.2274
CLUBS SIX HEARTS TEN,0.6236,0.005,0.3714
CLUBS SIX HEARTS JACK,0.6406,0.0036,0.3558
SPADES FOUR DIAMONDS EIGHT,0.6344,0.0058,0.3598
SPADES FIVE DIAMONDS EIGHT,0.6192,0.0074,0.3734
SPADES TWO DIAMONDS EIGHT,0.6446,0.0106,0.3448
SPADES THREE DIAMONDS EIGHT,0.6388,0.0082,0.353
CLUBS FOUR HEARTS JACK,0.6296,0.0046,0.3658
SPADES EIGHT DIAMONDS EIGHT,0.3228,0.012,0.6652
SPADES JACK HEARTS EIGHT,0.5918,0.0078,0.4004
SPADES TEN HEARTS TWO,0.639,0.0076,0.3534
SPADES TEN DIAMONDS QUEEN,0.5656,0.0084,0.426
CLUBS FOUR HEARTS TEN,0.6196,0.0076,0.3728
SPADES NINE DIAMONDS EIGHT,0.5784,0.0088,0.4128
SPADES JACK HEARTS TWO,0.6486,0.0074,0.344
SPADES JACK DIAMONDS QUEEN,0.5524,0.0066,0.441
SPADES TEN HEARTS EIGHT,0.5792,0.0078,0.413
SPADES SIX DIAMONDS EIGHT,0.6082,0.0072,0.3846
SPADES SEVEN DIAMONDS EIGHT,0.6654,0.04,0.2946
SPADES ACE HEARTS TWO,0.395,0.0058,0.5992
SPADES ACE DIAMONDS QUEEN,0.35,0.0054,0.6446
SPADES ACE HEARTS EIGHT,0.3524,0.0026,0.645
SPADES QUEEN DIAMONDS QUEEN,0.2774,0.0034,0.7192
SPADES QUEEN HEARTS TWO,0.6372,0.0086,0.3542
SPADES QUEEN HEARTS EIGHT,0.5906,0.0056,0.4038
CLUBS TWO HEARTS TEN,0.636,0.0094,0.3546
CLUBS TWO HEARTS JACK,0.6332,0.008,0.3588
SPADES SEVEN DIAMONDS NINE,0.7002,0.0394,0.2604
SPADES SIX DIAMONDS NINE,0.6156,0.0056,0.3788
SPADES NINE DIAMONDS NINE,0.3132,0.0122,0.6746
SPADES EIGHT DIAMONDS NINE,0.5672,0.0082,0.4246
SPADES TEN CLUBS KING,0.2392,0.1156,0.6452
DIAMONDS NINE SPADES THREE,0.6402,0.007,0.3528
SPADES JACK CLUBS KING,0.2422,0.086,0.6718
DIAMONDS NINE SPADES TWO,0.6424,0.0092,0.3484
SPADES FIVE DIAMONDS NINE,0.6172,0.0084,0.3744
SPADES FOUR DIAMONDS NINE,0.6414,0.007,0.3516
CLUBS NINE DIAMONDS NINE,0.3128,0.0066,0.6806
CLUBS EIGHT DIAMONDS NINE,0.5654,0.0052,0.4294
CLUBS SIX DIAMONDS NINE,0.6138,0.0054,0.3808
SPADES JACK CLUBS FOUR,0.6458,0.0088,0.3454
CLUBS SEVEN DIAMONDS NINE,0.6862,0.0302,0.2836
SPADES TEN CLUBS FOUR,0.6486,0.008,0.3434
CLUBS FOUR DIAMONDS NINE,0.6298,0.0078,0.3624
CLUBS FIVE DIAMONDS NINE,0.6216,0.0064,0.372
CLUBS TWO DIAMONDS NINE,0.639,0.0058,0.3552
CLUBS THREE DIAMONDS NINE,0.6184,0.0072,0.3744
DIAMONDS NINE HEARTS EIGHT,0.5622,0.0058,0.432
DIAMONDS NINE HEARTS NINE,0.3038,0.0092,0.687
HEARTS SIX DIAMONDS NINE,0.6094,0.0066,0.384
HEARTS SEVEN DIAMONDS NINE,0.6818,0.0328,0.2854
CLUBS NINE CLUBS EIGHT,0.5366,0.0054,0.458
DIAMONDS ACE DIAMONDS NINE,0.3456,0.0054,0.649
HEARTS FOUR DIAMONDS NINE,0.6406,0.0082,0.3512
HEARTS FIVE DIAMONDS NINE,0.6328,0.0078,0.3594
HEARTS ACE CLUBS TWO,0.4056,0.005,0.5894
SPADES ACE CLUBS FOUR,0.3916,0.0052,0.6032
DIAMONDS NINE DIAMONDS QUEEN,0.545,0.0064,0.4486
HEARTS TWO DIAMONDS NINE,0.6364,0.0104,0.3532
CLUBS TWO HEARTS KING,0.4756,0.2984,0.226
DIAMONDS KING DIAMONDS NINE,0.2248,0.1666,0.6086
HEARTS THREE DIAMONDS NINE,0.6422,0.008,0.3498
CLUBS TWO HEARTS QUEEN,0.6386,0.0058,0.3556
SPADES QUEEN CLUBS FOUR,0.6386,0.0056,0.3558
DIAMONDS NINE DIAMONDS JACK,0.5352,0.0076,0.4572
CLUBS EIGHT SPADES NINE,0.5618,0.0088,0.4294
DIAMONDS TEN DIAMONDS NINE,0.5234,0.0066,0.47
CLUBS EIGHT SPADES EIGHT,0.3344,0.011,0.6546
CLUBS EIGHT SPADES SEVEN,0.6826,0.033,0.2844
CLUBS EIGHT SPADES SIX,0.6068,0.008,0.3852
CLUBS EIGHT SPADES FIVE,0.6238,0.0078,0.3684
CLUBS EIGHT SPADES FOUR,0.6416,0.0106,0.3478
CLUBS EIGHT SPADES THREE,0.642,0.0076,0.3504
CLUBS EIGHT SPADES TWO,0.6468,0.0076,0.3456
HEARTS SIX DIAMONDS TEN,0.6208,0.0078,0.3714
HEARTS SEVEN DIAMONDS TEN,0.7004,0.0356,0.264
DIAMONDS TEN HEARTS EIGHT,0.5752,0.0074,0.4174
CLUBS FOUR CLUBS JACK,0.5942,0.0068,0.399
DIAMONDS TEN HEARTS NINE,0.5524,0.0078,0.4398
CLUBS TEN CLUBS FOUR,0.5932,0.0062,0.4006
CLUBS FOUR CLUBS KING,0.4348,0.2766,0.2886
CLUBS FOUR CLUBS QUEEN,0.5912,0.008,0.4008
DIAMONDS TEN CLUBS TWO,0.6464,0.0046,0.349
CLUBS THREE DIAMONDS TEN,0.6344,0.0082,0.3574
CLUBS FOUR CLUBS ACE,0.3662,0.0046,0.6292
DIAMONDS TEN DIAMONDS JACK,0.5178,0.0082,0.474
DIAMONDS TEN DIAMONDS QUEEN,0.5328,0.007,0.4602
HEARTS TWO DIAMONDS TEN,0.6396,0.0068,0.3536
DIAMONDS KING DIAMONDS TEN,0.23,0.1144,0.6556
HEARTS THREE DIAMONDS TEN,0.6306,0.0054,0.364
DIAMONDS ACE DIAMONDS TEN,0.3442,0.0052,0.6506
HEARTS FOUR DIAMONDS TEN,0.6438,0.0062,0.35
CLUBS EIGHT HEARTS JACK,0.5952,0.0056,0.3992
HEARTS FIVE DIAMONDS TEN,0.6336,0.0064,0.36
CLUBS EIGHT HEARTS TEN,0.5804,0.0068,0.4128
CLUBS EIGHT HEARTS QUEEN,0.5836,0.0062,0.4102
CLUBS EIGHT HEARTS KING,0.2408,0.2216,0.5376
CLUBS EIGHT HEARTS ACE,0.365,0.0032,0.6318
CLUBS NINE SPADES THREE,0.632,0.0074,0.3606
CLUBS NINE SPADES TWO,0.6416,0.0072,0.3512
CLUBS NINE SPADES FIVE,0.6374,0.0082,0.3544
CLUBS NINE SPADES FOUR,0.653,0.0086,0.3384
CLUBS NINE SPADES SEVEN,0.689,0.0324,0.2786
CLUBS NINE SPADES SIX,0.6196,0.0088,0.3716
CLUBS NINE SPADES NINE,0.313,0.0098,0.6772
CLUBS TEN HEARTS EIGHT,0.5798,0.0066,0.4136
CLUBS NINE SPADES EIGHT,0.5646,0.0074,0.428
HEARTS EIGHT CLUBS JACK,0.5916,0.0078,0.4006
CLUBS QUEEN HEARTS EIGHT,0.5982,0.0064,0.3954
CLUBS KING HEARTS EIGHT,0.2336,0.2316,0.5348
CLUBS ACE HEARTS EIGHT,0.3648,0.004,0.6312
SPADES QUEEN CLUBS KING,0.2486,0.0686,0.6828
SPADES ACE CLUBS KING,0.2322,0.0102,0.7576
DIAMONDS ACE HEARTS TEN,0.3476,0.0028,0.6496
HEARTS FOUR HEARTS TEN,0.5972,0.0072,0.3956
DIAMONDS ACE HEARTS JACK,0.3546,0.0048,0.6406
HEARTS FOUR HEARTS JACK,0.5864,0.0066,0.407
SPADES QUEEN CLUBS FIVE,0.628,0.0082,0.3638
SPADES ACE CLUBS FIVE,0.383,0.0042,0.6128
HEARTS SEVEN DIAMONDS JACK,0.704,0.0376,0.2584
HEARTS SIX DIAMONDS JACK,0.613,0.0074,0.3796
DIAMONDS JACK HEARTS NINE,0.5788,0.0076,0.4136
DIAMONDS JACK HEARTS EIGHT,0.5904,0.0078,0.4018
DIAMONDS KING DIAMONDS JACK,0.2298,0.0824,0.6878
HEARTS THREE DIAMONDS JACK,0.6136,0.0096,0.3768
SPADES ACE SPADES SIX,0.3668,0.0034,0.6298
HEARTS ACE SPADES FOUR,0.3962,0.005,0.5988
DIAMONDS QUEEN DIAMONDS JACK,0.5314,0.0076,0.461
HEARTS TWO DIAMONDS JACK,0.6322,0.0102,0.3576
HEARTS FIVE DIAMONDS JACK,0.6176,0.006,0.3764
SPADES QUEEN SPADES SIX,0.6162,0.0052,0.3786
SPADES FOUR HEARTS QUEEN,0.6352,0.0064,0.3584
DIAMONDS ACE DIAMONDS JACK,0.3242,0.0048,0.671
HEARTS FOUR DIAMONDS JACK,0.622,0.0078,0.3702
SPADES FOUR HEARTS KING,0.4746,0.2972,0.2282
SPADES TEN SPADES SIX,0.617,0.0072,0.3758
SPADES JACK SPADES SIX,0.6024,0.0074,0.3902
SPADES FOUR DIAMONDS JACK,0.6268,0.0098,0.3634
SPADES FIVE DIAMONDS JACK,0.628,0.008,0.364
SPADES TWO DIAMONDS JACK,0.6344,0.006,0.3596
SPADES THREE DIAMONDS JACK,0.6296,0.0104,0.36
SPADES ACE DIAMONDS THREE,0.3982,0.0072,0.5946
SPADES QUEEN DIAMONDS THREE,0.6388,0.0096,0.3516
CLUBS EIGHT DIAMONDS JACK,0.5832,0.0064,0.4104
CLUBS NINE DIAMONDS JACK,0.5654,0.0054,0.4292
CLUBS SIX DIAMONDS JACK,0.631,0.0062,0.3628
CLUBS SEVEN DIAMONDS JACK,0.7206,0.0344,0.245
CLUBS FOUR DIAMONDS JACK,0.627,0.0082,0.3648
CLUBS FIVE DIAMONDS JACK,0.6212,0.0084,0.3704
CLUBS TWO DIAMONDS JACK,0.6286,0.01,0.3614
CLUBS THREE DIAMONDS JACK,0.6266,0.0076,0.3658
SPADES JACK HEARTS SIX,0.6422,0.008,0.3498
SPADES TEN CLUBS FIVE,0.6456,0.006,0.3484
SPADES JACK CLUBS FIVE,0.6436,0.009,0.3474
SPADES TEN HEARTS SIX,0.6256,0.0076,0.3668
SPADES JACK DIAMONDS THREE,0.64,0.0068,0.3532
CLUBS SEVEN CLUBS ACE,0.2198,0.0262,0.754
SPADES TEN DIAMONDS THREE,0.647,0.0086,0.3444
CLUBS SEVEN CLUBS QUEEN,0.6954,0.029,0.2756
CLUBS SEVEN CLUBS KING,0.023,0.9082,0.0688
SPADES NINE DIAMONDS JACK,0.5764,0.0074,0.4162
CLUBS TEN CLUBS SEVEN,0.6524,0.0318,0.3158
DIAMONDS ACE HEARTS ACE,0.1228,0.0048,0.8724
HEARTS FOUR HEARTS ACE,0.3732,0.0042,0.6226
SPADES EIGHT DIAMONDS JACK,0.5746,0.008,0.4174
SPADES ACE HEARTS SIX,0.3942,0.003,0.6028
CLUBS SEVEN CLUBS JACK,0.673,0.0332,0.2938
DIAMONDS ACE HEARTS KING,0.2386,0.0128,0.7486
HEARTS FOUR HEARTS KING,0.4398,0.2796,0.2806
SPADES SEVEN DIAMONDS JACK,0.7276,0.0344,0.238
DIAMONDS ACE HEARTS QUEEN,0.3518,0.005,0.6432
HEARTS FOUR HEARTS QUEEN,0.5898,0.0066,0.4036
SPADES SIX DIAMONDS JACK,0.6326,0.0062,0.3612
SPADES QUEEN HEARTS SIX,0.6334,0.0064,0.3602
DIAMONDS TEN SPADES TWO,0.641,0.0062,0.3528
DIAMONDS TEN SPADES THREE,0.6344,0.0076,0.358
DIAMONDS TEN SPADES FOUR,0.6272,0.0078,0.365
SPADES FIVE DIAMONDS TEN,0.6408,0.008,0.3512
SPADES SIX DIAMONDS TEN,0.6148,0.0086,0.3766
SPADES SEVEN DIAMONDS TEN,0.6994,0.0366,0.264
SPADES EIGHT DIAMONDS TEN,0.5812,0.0072,0.4116
SPADES NINE DIAMONDS TEN,0.5626,0.0078,0.4296
CLUBS FOUR DIAMONDS TEN,0.6232,0.0062,0.3706
CLUBS FIVE DIAMONDS TEN,0.6384,0.0078,0.3538
CLUBS SIX DIAMONDS TEN,0.6264,0.0066,0.367
CLUBS SEVEN DIAMONDS TEN,0.694,0.0364,0.2696
CLUBS EIGHT DIAMONDS TEN,0.5716,0.0082,0.4202
CLUBS NINE DIAMONDS TEN,0.5358,0.0054,0.4588
DIAMONDS THREE CLUBS JACK,0.6438,0.0068,0.3494
CLUBS TEN DIAMONDS THREE,0.6472,0.0096,0.3432
DIAMONDS THREE CLUBS KING,0.4808,0.294,0.2252
DIAMONDS THREE CLUBS QUEEN,0.631,0.0068,0.3622
DIAMONDS THREE CLUBS ACE,0.41,0.004,0.586
SPADES FOUR HEARTS JACK,0.6316,0.0068,0.3616
SPADES FOUR HEARTS TEN,0.631,0.0062,0.3628
SPADES FIVE SPADES TWO,0.6116,0.0084,0.38
SPADES FOUR SPADES TWO,0.6192,0.0088,0.372
SPADES THREE SPADES TWO,0.632,0.0086,0.3594
SPADES NINE SPADES TWO,0.6074,0.0092,0.3834
SPADES EIGHT SPADES TWO,0.6252,0.0074,0.3674
SPADES SEVEN SPADES TWO,0.7096,0.0388,0.2516
SPADES SIX SPADES TWO,0.6344,0.0086,0.357
CLUBS THREE DIAMONDS QUEEN,0.6194,0.0094,0.3712
CLUBS THREE HEARTS TWO,0.6434,0.0078,0.3488
CLUBS TWO DIAMONDS QUEEN,0.64,0.008,0.352
HEARTS TWO CLUBS TWO,0.467,0.0134,0.5196
HEARTS SEVEN DIAMONDS QUEEN,0.7434,0.036,0.2206
HEARTS SEVEN HEARTS TWO,0.6898,0.0386,0.2716
HEARTS SIX DIAMONDS QUEEN,0.6438,0.0066,0.3496
HEARTS SIX HEARTS TWO,0.621,0.0062,0.3728
DIAMONDS QUEEN HEARTS NINE,0.5794,0.0072,0.4134
HEARTS TWO HEARTS NINE,0.5912,0.0078,0.401
DIAMONDS QUEEN HEARTS EIGHT,0.5898,0.0074,0.4028
HEARTS TWO HEARTS EIGHT,0.5976,0.0078,0.3946
CLUBS NINE HEARTS TWO,0.6318,0.0072,0.361
CLUBS NINE DIAMONDS QUEEN,0.5816,0.0058,0.4126
CLUBS EIGHT HEARTS TWO,0.6452,0.006,0.3488
CLUBS EIGHT DIAMONDS QUEEN,0.6034,0.0072,0.3894
CLUBS FIVE DIAMONDS QUEEN,0.6324,0.0082,0.3594
CLUBS FIVE HEARTS TWO,0.643,0.0064,0.3506
SPADES EIGHT HEARTS ACE,0.3564,0.0038,0.6398
CLUBS FOUR DIAMONDS QUEEN,0.631,0.009,0.36
CLUBS FOUR HEARTS TWO,0.6486,0.0054,0.346
CLUBS SEVEN DIAMONDS QUEEN,0.7334,0.0368,0.2298
CLUBS SEVEN HEARTS TWO,0.7272,0.0418,0.231
SPADES EIGHT HEARTS QUEEN,0.5966,0.0084,0.395
CLUBS SIX DIAMONDS QUEEN,0.6278,0.0098,0.3624
CLUBS SIX HEARTS TWO,0.6514,0.0086,0.34
SPADES EIGHT HEARTS KING,0.2298,0.2362,0.534
SPADES SIX DIAMONDS QUEEN,0.6402,0.0088,0.351
SPADES SIX HEARTS TWO,0.652,0.0094,0.3386
HEARTS FOUR CLUBS QUEEN,0.6204,0.011,0.3686
DIAMONDS ACE CLUBS QUEEN,0.3492,0.0048,0.646
SPADES SEVEN DIAMONDS QUEEN,0.7368,0.0384,0.2248
SPADES SEVEN HEARTS TWO,0.7428,0.043,0.2142
HEARTS FOUR CLUBS KING,0.4762,0.299,0.2248
DIAMONDS ACE CLUBS KING,0.2364,0.013,0.7506
SPADES EIGHT DIAMONDS QUEEN,0.591,0.0078,0.4012
SPADES EIGHT HEARTS TWO,0.6568,0.007,0.3362
HEARTS FOUR CLUBS ACE,0.3848,0.0032,0.612
DIAMONDS ACE CLUBS ACE,0.1244,0.0034,0.8722
SPADES NINE DIAMONDS QUEEN,0.5762,0.0082,0.4156
SPADES NINE HEARTS TWO,0.6442,0.009,0.3468
HEARTS TWO SPADES TWO,0.46,0.0138,0.5262
DIAMONDS QUEEN SPADES TWO,0.645,0.0064,0.3486
HEARTS TWO SPADES THREE,0.6628,0.0086,0.3286
SPADES THREE DIAMONDS QUEEN,0.6358,0.0074,0.3568
HEARTS TWO SPADES FOUR,0.6444,0.0096,0.346
SPADES FOUR DIAMONDS QUEEN,0.6336,0.007,0.3594
CLUBS TEN HEARTS FOUR,0.6412,0.0068,0.352
CLUBS TEN DIAMONDS ACE,0.3452,0.0038,0.651
HEARTS TWO SPADES FIVE,0.6466,0.0074,0.346
SPADES FIVE DIAMONDS QUEEN,0.6278,0.007,0.3652
HEARTS FOUR CLUBS JACK,0.6466,0.0054,0.348
DIAMONDS ACE CLUBS JACK,0.3474,0.003,0.6496
CLUBS FIVE CLUBS KING,0.445,0.2728,0.2822
CLUBS FIVE CLUBS QUEEN,0.5932,0.0074,0.3994
CLUBS FIVE CLUBS ACE,0.3612,0.0032,0.6356
CLUBS FIVE CLUBS JACK,0.5862,0.0072,0.4066
CLUBS TEN CLUBS FIVE,0.5892,0.0072,0.4036
SPADES QUEEN CLUBS JACK,0.5592,0.0058,0.435
SPADES ACE CLUBS JACK,0.3456,0.0034,0.651
SPADES SIX CLUBS KING,0.481,0.3142,0.2048
SPADES SIX CLUBS QUEEN,0.6308,0.005,0.3642
SPADES EIGHT HEARTS JACK,0.5716,0.0076,0.4208
SPADES SIX CLUBS ACE,0.3914,0.0032,0.6054
SPADES EIGHT HEARTS TEN,0.579,0.0062,0.4148
SPADES SIX CLUBS JACK,0.6392,0.0054,0.3554
CLUBS TEN SPADES SIX,0.6402,0.0088,0.351
SPADES TEN CLUBS JACK,0.5624,0.0072,0.4304
SPADES JACK CLUBS JACK,0.2986,0.0052,0.6962
SPADES QUEEN CLUBS SEVEN,0.721,0.0392,0.2398
SPADES ACE CLUBS SEVEN,0.2348,0.0324,0.7328
SPADES SIX HEARTS TEN,0.6398,0.0052,0.355
SPADES SIX HEARTS JACK,0.646,0.0062,0.3478
SPADES SIX HEARTS ACE,0.3912,0.0042,0.6046
SPADES SIX HEARTS KING,0.4778,0.3074,0.2148
SPADES SIX HEARTS QUEEN,0.627,0.0072,0.3658
SPADES JACK CLUBS SEVEN,0.7176,0.0354,0.247
CLUBS SEVEN SPADES TEN,0.707,0.0386,0.2544
CLUBS TEN HEARTS SIX,0.644,0.006,0.35
HEARTS SIX CLUBS JACK,0.6316,0.0086,0.3598
CLUBS ACE CLUBS JACK,0.3228,0.0042,0.673
HEARTS SIX CLUBS QUEEN,0.6304,0.0058,0.3638
HEARTS SIX CLUBS KING,0.4696,0.3064,0.224
HEARTS SIX CLUBS ACE,0.4018,0.0042,0.594
CLUBS QUEEN CLUBS JACK,0.5174,0.007,0.4756
CLUBS KING CLUBS JACK,0.2362,0.0786,0.6852
DIAMONDS THREE HEARTS ACE,0.401,0.0054,0.5936
DIAMONDS THREE HEARTS QUEEN,0.6222,0.0088,0.369
DIAMONDS THREE HEARTS KING,0.4726,0.306,0.2214
CLUBS FIVE HEARTS JACK,0.6252,0.0068,0.368
HEARTS FOUR SPADES TEN,0.6254,0.008,0.3666
SPADES TEN DIAMONDS ACE,0.3608,0.0046,0.6346
CLUBS FIVE HEARTS TEN,0.6326,0.006,0.3614
HEARTS FOUR SPADES JACK,0.6358,0.0066,0.3576
SPADES JACK DIAMONDS ACE,0.3508,0.0062,0.643
SPADES ACE HEARTS FOUR,0.3852,0.0056,0.6092
SPADES ACE DIAMONDS ACE,0.105,0.004,0.891
CLUBS FIVE HEARTS ACE,0.3942,0.0038,0.602
CLUBS FIVE HEARTS KING,0.4674,0.2928,0.2398
SPADES QUEEN DIAMONDS ACE,0.3502,0.0058,0.644
SPADES QUEEN HEARTS FOUR,0.6258,0.0088,0.3654
SPADES FOUR CLUBS JACK,0.6258,0.0068,0.3674
CLUBS FIVE HEARTS QUEEN,0.6308,0.0054,0.3638
CLUBS TEN SPADES FOUR,0.6382,0.0076,0.3542
DIAMONDS ACE DIAMONDS QUEEN,0.335,0.006,0.659
DIAMONDS ACE HEARTS TWO,0.3922,0.0062,0.6016
HEARTS FOUR DIAMONDS QUEEN,0.6302,0.0078,0.362
HEARTS FOUR HEARTS TWO,0.59,0.0102,0.3998
DIAMONDS THREE HEARTS TEN,0.63,0.0062,0.3638
SPADES FOUR CLUBS KING,0.468,0.3056,0.2264
HEARTS FIVE DIAMONDS QUEEN,0.622,0.0074,0.3706
HEARTS FIVE HEARTS TWO,0.6138,0.006,0.3802
DIAMONDS THREE HEARTS JACK,0.6392,0.007,0.3538
SPADES FOUR CLUBS QUEEN,0.6296,0.0074,0.363
HEARTS TWO DIAMONDS QUEEN,0.623,0.0074,0.3696
DIAMONDS KING DIAMONDS QUEEN,0.2236,0.0598,0.7166
DIAMONDS KING HEARTS TWO,0.472,0.297,0.231
HEARTS THREE DIAMONDS QUEEN,0.6258,0.0092,0.365
HEARTS THREE HEARTS TWO,0.6072,0.0062,0.3866
SPADES FOUR CLUBS ACE,0.392,0.0046,0.6034
HEARTS TWO CLUBS ACE,0.4024,0.0048,0.5928
DIAMONDS QUEEN CLUBS ACE,0.3452,0.0042,0.6506
HEARTS TWO CLUBS QUEEN,0.637,0.006,0.357
DIAMONDS QUEEN CLUBS QUEEN,0.2836,0.0026,0.7138
HEARTS TWO CLUBS KING,0.4628,0.3074,0.2298
DIAMONDS QUEEN CLUBS KING,0.2414,0.0686,0.69
SPADES EIGHT SPADES FIVE,0.5826,0.0074,0.41
CLUBS TEN HEARTS TWO,0.642,0.007,0.351
CLUBS TEN DIAMONDS QUEEN,0.5442,0.0076,0.4482
SPADES NINE SPADES FIVE,0.601,0.0072,0.3918
HEARTS TWO CLUBS JACK,0.6352,0.009,0.3558
DIAMONDS QUEEN CLUBS JACK,0.5562,0.0052,0.4386
SPADES SIX SPADES FIVE,0.5826,0.0104,0.407
SPADES SEVEN SPADES FIVE,0.6592,0.0342,0.3066
DIAMONDS FIVE CLUBS QUEEN,0.6354,0.0074,0.3572
SPADES EIGHT CLUBS ACE,0.3594,0.004,0.6366
DIAMONDS FIVE CLUBS KING,0.481,0.2976,0.2214
SPADES EIGHT CLUBS KING,0.2238,0.2294,0.5468
CLUBS ACE DIAMONDS FIVE,0.3866,0.0068,0.6066
SPADES EIGHT CLUBS QUEEN,0.604,0.0052,0.3908
SPADES EIGHT CLUBS JACK,0.5942,0.0076,0.3982
CLUBS TEN SPADES EIGHT,0.575,0.0064,0.4186
CLUBS TEN DIAMONDS FIVE,0.6224,0.0086,0.369
DIAMONDS FIVE CLUBS JACK,0.63,0.0048,0.3652
DIAMONDS TEN HEARTS JACK,0.555,0.0048,0.4402
DIAMONDS TEN HEARTS TEN,0.3038,0.0072,0.689
SPADES ACE CLUBS NINE,0.3544,0.0054,0.6402
CLUBS NINE SPADES QUEEN,0.5718,0.0054,0.4228
HEARTS SIX HEARTS KING,0.4558,0.2714,0.2728
DIAMONDS KING SPADES SEVEN,0.0084,0.9822,0.0094
SPADES SEVEN HEARTS THREE,0.7212,0.0432,0.2356
HEARTS SIX HEARTS QUEEN,0.5868,0.007,0.4062
DIAMONDS KING SPADES SIX,0.47,0.3138,0.2162
HEARTS THREE SPADES SIX,0.6448,0.0096,0.3456
SPADES NINE DIAMONDS KING,0.2204,0.1674,0.6122
SPADES NINE HEARTS THREE,0.6436,0.0068,0.3496
HEARTS SIX HEARTS ACE,0.371,0.0048,0.6242
SPADES EIGHT DIAMONDS KING,0.2212,0.2294,0.5494
SPADES EIGHT HEARTS THREE,0.6472,0.01,0.3428
CLUBS NINE HEARTS THREE,0.6394,0.0072,0.3534
CLUBS NINE DIAMONDS KING,0.2316,0.167,0.6014
CLUBS EIGHT HEARTS THREE,0.6396,0.0096,0.3508
CLUBS EIGHT DIAMONDS KING,0.2252,0.2376,0.5372
HEARTS THREE SPADES THREE,0.4602,0.0132,0.5266
DIAMONDS KING SPADES THREE,0.4834,0.2984,0.2182
HEARTS THREE SPADES TWO,0.6392,0.0086,0.3522
DIAMONDS KING SPADES TWO,0.477,0.306,0.217
HEARTS THREE SPADES FIVE,0.6336,0.0088,0.3576
