opposingHand,winningChance,drawChance,lostChance
SPADES ACE SPADES SIX
SPADES TEN HEARTS FIVE,0.6462,0.005,0.3488
SPADES JACK HEARTS FIVE,0.647,0.0046,0.3484
SPADES FIVE CLUBS JACK,0.6432,0.0042,0.3526
SPADES FIVE CLUBS TEN,0.6576,0.005,0.3374
CLUBS EIGHT CLUBS JACK,0.5694,0.004,0.4266
CLUBS EIGHT CLUBS TEN,0.5742,0.0048,0.421
CLUBS EIGHT CLUBS KING,0.5932,0.0046,0.4022
SPADES FIVE CLUBS ACE,0.4118,0.3516,0.2366
CLUBS EIGHT CLUBS QUEEN,0.5796,0.0046,0.4158
SPADES FIVE CLUBS KING,0.6452,0.004,0.3508
SPADES FIVE CLUBS QUEEN,0.6468,0.0046,0.3486
CLUBS EIGHT CLUBS ACE,0.2492,0.2048,0.546
DIAMONDS TWO DIAMONDS THREE,0.636,0.006,0.358
DIAMONDS TWO DIAMONDS FIVE,0.6388,0.0048,0.3564
SPADES KING HEARTS FIVE,0.6568,0.0052,0.338
DIAMONDS TWO DIAMONDS FOUR,0.628,0.006,0.366
SPADES QUEEN HEARTS FIVE,0.6574,0.0046,0.338
DIAMONDS TWO DIAMONDS SEVEN,0.616,0.0058,0.3782
DIAMONDS TWO DIAMONDS SIX,0.7068,0.0288,0.2644
DIAMONDS TWO DIAMONDS NINE,0.6124,0.0058,0.3818
DIAMONDS TWO DIAMONDS EIGHT,0.6244,0.004,0.3716
DIAMONDS THREE DIAMONDS FOUR,0.6216,0.0046,0.3738
CLUBS TWO SPADES FOUR,0.663,0.006,0.331
DIAMONDS THREE DIAMONDS FIVE,0.6222,0.0036,0.3742
CLUBS TWO SPADES FIVE,0.6718,0.0068,0.3214
CLUBS TWO SPADES TWO,0.4858,0.0062,0.508
CLUBS TWO SPADES THREE,0.6604,0.0072,0.3324
DIAMONDS THREE DIAMONDS EIGHT,0.63,0.0052,0.3648
SPADES EIGHT CLUBS TWO,0.6628,0.0058,0.3314
DIAMONDS THREE DIAMONDS NINE,0.622,0.0042,0.3738
SPADES NINE CLUBS TWO,0.6576,0.0064,0.336
DIAMONDS THREE DIAMONDS SIX,0.7044,0.0266,0.269
DIAMONDS THREE DIAMONDS SEVEN,0.6184,0.0054,0.3762
SPADES SEVEN CLUBS TWO,0.6622,0.0068,0.331
CLUBS SIX CLUBS TWO,0.7108,0.0288,0.2604
CLUBS SEVEN CLUBS TWO,0.6294,0.0048,0.3658
CLUBS FOUR CLUBS TWO,0.632,0.0046,0.3634
CLUBS FIVE CLUBS TWO,0.6344,0.0056,0.36
CLUBS JACK CLUBS TEN,0.5302,0.0044,0.4654
DIAMONDS FOUR DIAMONDS SIX,0.6958,0.022,0.2822
CLUBS QUEEN CLUBS TEN,0.5518,0.003,0.4452
DIAMONDS FOUR DIAMONDS SEVEN,0.5976,0.006,0.3964
CLUBS KING CLUBS TEN,0.56,0.0056,0.4344
CLUBS ACE CLUBS TEN,0.264,0.1068,0.6292
CLUBS EIGHT CLUBS TWO,0.6318,0.0044,0.3638
DIAMONDS FIVE DIAMONDS FOUR,0.6148,0.0048,0.3804
CLUBS NINE CLUBS TWO,0.6334,0.0056,0.361
DIAMONDS NINE DIAMONDS FOUR,0.6254,0.0044,0.3702
DIAMONDS EIGHT DIAMONDS FOUR,0.6092,0.0064,0.3844
CLUBS TWO CLUBS THREE,0.6298,0.0058,0.3644
DIAMONDS NINE DIAMONDS FIVE,0.6084,0.005,0.3866
DIAMONDS TWO CLUBS JACK,0.6462,0.0048,0.349
DIAMONDS EIGHT DIAMONDS FIVE,0.6104,0.005,0.3846
DIAMONDS TWO CLUBS TEN,0.6598,0.0042,0.336
DIAMONDS FIVE DIAMONDS SEVEN,0.5906,0.005,0.4044
DIAMONDS FIVE DIAMONDS SIX,0.6626,0.0278,0.3096
DIAMONDS TWO CLUBS ACE,0.4024,0.359,0.2386
DIAMONDS TWO CLUBS KING,0.666,0.006,0.328
DIAMONDS TWO CLUBS QUEEN,0.655,0.0044,0.3406
DIAMONDS EIGHT DIAMONDS SIX,0.678,0.02,0.302
DIAMONDS NINE DIAMONDS SIX,0.6812,0.0186,0.3002
SPADES THREE HEARTS ACE,0.3992,0.3716,0.2292
HEARTS KING SPADES THREE,0.6548,0.0056,0.3396
DIAMONDS SEVEN DIAMONDS SIX,0.6614,0.02,0.3186
SPADES THREE HEARTS QUEEN,0.641,0.0044,0.3546
SPADES THREE HEARTS JACK,0.6514,0.0056,0.343
SPADES THREE HEARTS TEN,0.6462,0.0034,0.3504
DIAMONDS EIGHT DIAMONDS SEVEN,0.5584,0.0046,0.437
DIAMONDS NINE DIAMONDS SEVEN,0.5656,0.005,0.4294
DIAMONDS NINE DIAMONDS EIGHT,0.558,0.0024,0.4396
DIAMONDS KING HEARTS TEN,0.5994,0.0044,0.3962
HEARTS THREE HEARTS TEN,0.6138,0.0044,0.3818
SPADES JACK CLUBS SIX,0.7494,0.0256,0.225
DIAMONDS KING HEARTS JACK,0.5948,0.0048,0.4004
HEARTS THREE HEARTS JACK,0.6088,0.0038,0.3874
CLUBS SIX SPADES TEN,0.7356,0.0262,0.2382
SPADES JACK SPADES FIVE,0.6512,0.0078,0.341
SPADES TEN SPADES FIVE,0.6412,0.005,0.3538
DIAMONDS KING HEARTS ACE,0.303,0.0466,0.6504
HEARTS THREE HEARTS ACE,0.3952,0.336,0.2688
DIAMONDS KING HEARTS QUEEN,0.598,0.0058,0.3962
HEARTS THREE HEARTS QUEEN,0.6286,0.005,0.3664
SPADES KING CLUBS SIX,0.7538,0.0304,0.2158
DIAMONDS KING HEARTS KING,0.3366,0.003,0.6604
HEARTS THREE HEARTS KING,0.629,0.0066,0.3644
SPADES QUEEN CLUBS SIX,0.7464,0.0278,0.2258
SPADES NINE HEARTS TEN,0.577,0.0052,0.4178
SPADES NINE HEARTS JACK,0.587,0.0034,0.4096
SPADES QUEEN SPADES FIVE,0.6454,0.0074,0.3472
SPADES KING SPADES FIVE,0.6438,0.006,0.3502
SPADES NINE HEARTS QUEEN,0.5976,0.005,0.3974
SPADES NINE HEARTS KING,0.6192,0.0034,0.3774
SPADES NINE HEARTS ACE,0.2666,0.1552,0.5782
SPADES JACK CLUBS TEN,0.5658,0.0052,0.429
SPADES TEN CLUBS TEN,0.3506,0.0042,0.6452
SPADES KING CLUBS TEN,0.606,0.0046,0.3894
SPADES QUEEN CLUBS TEN,0.5862,0.0044,0.4094
SPADES FIVE HEARTS QUEEN,0.6684,0.004,0.3276
SPADES FIVE HEARTS KING,0.664,0.0064,0.3296
SPADES FIVE HEARTS ACE,0.3992,0.3724,0.2284
HEARTS THREE SPADES JACK,0.6524,0.0034,0.3442
SPADES JACK DIAMONDS KING,0.5914,0.0044,0.4042
CLUBS EIGHT SPADES TEN,0.592,0.0052,0.4028
CLUBS EIGHT SPADES JACK,0.6016,0.005,0.3934
HEARTS THREE SPADES TEN,0.6496,0.0066,0.3438
SPADES TEN DIAMONDS KING,0.6028,0.0046,0.3926
HEARTS FIVE CLUBS JACK,0.6616,0.005,0.3334
CLUBS SIX HEARTS ACE,0.0714,0.907,0.0216
HEARTS FIVE CLUBS TEN,0.6534,0.004,0.3426
CLUBS EIGHT SPADES QUEEN,0.6182,0.0028,0.379
SPADES THREE CLUBS TEN,0.6546,0.0058,0.3396
CLUBS SIX HEARTS QUEEN,0.7514,0.0256,0.223
SPADES KING CLUBS EIGHT,0.6104,0.0054,0.3842
SPADES THREE CLUBS JACK,0.641,0.0048,0.3542
CLUBS SIX HEARTS KING,0.7424,0.0258,0.2318
DIAMONDS TWO HEARTS JACK,0.6482,0.0036,0.3482
SPADES THREE CLUBS QUEEN,0.6456,0.0064,0.348
DIAMONDS TWO HEARTS TEN,0.6536,0.0048,0.3416
SPADES THREE CLUBS KING,0.6628,0.0062,0.331
HEARTS FIVE CLUBS ACE,0.394,0.3704,0.2356
SPADES FIVE HEARTS TEN,0.6574,0.0026,0.34
SPADES THREE CLUBS ACE,0.3994,0.3598,0.2408
HEARTS FIVE CLUBS KING,0.6552,0.0044,0.3404
SPADES FIVE HEARTS JACK,0.6608,0.0044,0.3348
HEARTS FIVE CLUBS QUEEN,0.6596,0.003,0.3374
HEARTS THREE CLUBS KING,0.6546,0.0044,0.341
DIAMONDS KING CLUBS KING,0.3162,0.0052,0.6786
HEARTS THREE CLUBS QUEEN,0.656,0.0044,0.3396
DIAMONDS KING CLUBS QUEEN,0.592,0.0042,0.4038
HEARTS FIVE HEARTS JACK,0.6202,0.0036,0.3762
HEARTS FIVE HEARTS TEN,0.6116,0.0032,0.3852
HEARTS THREE CLUBS ACE,0.412,0.3574,0.2306
DIAMONDS KING CLUBS ACE,0.2946,0.039,0.6664
SPADES KING CLUBS QUEEN,0.5966,0.005,0.3984
HEARTS THREE CLUBS JACK,0.6644,0.005,0.3306
DIAMONDS KING CLUBS JACK,0.5978,0.0054,0.3968
SPADES QUEEN CLUBS QUEEN,0.3296,0.0032,0.6672
HEARTS THREE CLUBS TEN,0.645,0.004,0.351
DIAMONDS KING CLUBS TEN,0.5986,0.0032,0.3982
SPADES JACK CLUBS QUEEN,0.59,0.004,0.406
CLUBS SIX CLUBS QUEEN,0.7028,0.027,0.2702
SPADES TEN CLUBS QUEEN,0.5766,0.0052,0.4182
CLUBS SIX CLUBS KING,0.7098,0.0292,0.261
CLUBS SIX CLUBS ACE,0.0696,0.8594,0.071
HEARTS FIVE HEARTS KING,0.6198,0.003,0.3772
HEARTS FIVE HEARTS QUEEN,0.6138,0.0064,0.3798
CLUBS SIX CLUBS TEN,0.6904,0.0208,0.2888
HEARTS FIVE HEARTS ACE,0.3856,0.3366,0.2778
CLUBS SIX CLUBS JACK,0.7184,0.0212,0.2604
SPADES SEVEN HEARTS JACK,0.6074,0.005,0.3876
SPADES SEVEN HEARTS TEN,0.6102,0.004,0.3858
DIAMONDS TWO CLUBS TWO,0.4992,0.0044,0.4964
DIAMONDS TWO CLUBS THREE,0.6696,0.0044,0.326
HEARTS SIX DIAMONDS TWO,0.7596,0.0308,0.2096
DIAMONDS TWO HEARTS QUEEN,0.6564,0.0046,0.339
DIAMONDS TWO HEARTS SEVEN,0.676,0.0046,0.3194
DIAMONDS TWO HEARTS KING,0.66,0.0038,0.3362
DIAMONDS TWO HEARTS EIGHT,0.6652,0.003,0.3318
DIAMONDS TWO HEARTS ACE,0.4236,0.3482,0.2282
DIAMONDS TWO HEARTS NINE,0.674,0.0044,0.3216
DIAMONDS TWO DIAMONDS QUEEN,0.6264,0.0058,0.3678
DIAMONDS TWO HEARTS TWO,0.4974,0.0064,0.4962
DIAMONDS TWO DIAMONDS KING,0.6232,0.0042,0.3726
HEARTS THREE DIAMONDS TWO,0.6724,0.006,0.3216
DIAMONDS TWO DIAMONDS ACE,0.3948,0.3334,0.2718
HEARTS FOUR DIAMONDS TWO,0.6674,0.005,0.3276
DIAMONDS TWO HEARTS FIVE,0.6608,0.004,0.3352
SPADES SEVEN HEARTS ACE,0.2634,0.2834,0.4532
DIAMONDS TWO DIAMONDS TEN,0.6128,0.0044,0.3828
SPADES SEVEN HEARTS KING,0.6088,0.0052,0.386
DIAMONDS TWO DIAMONDS JACK,0.6132,0.0054,0.3814
SPADES SEVEN HEARTS QUEEN,0.6302,0.0058,0.364
DIAMONDS TWO SPADES NINE,0.653,0.0054,0.3416
DIAMONDS TWO SPADES EIGHT,0.6576,0.0058,0.3366
DIAMONDS TWO SPADES SEVEN,0.6648,0.006,0.3292
DIAMONDS TWO SPADES FIVE,0.6582,0.0044,0.3374
DIAMONDS TWO SPADES FOUR,0.672,0.0056,0.3224
DIAMONDS TWO SPADES THREE,0.6698,0.0058,0.3244
DIAMONDS TWO SPADES TWO,0.5008,0.0078,0.4914
CLUBS NINE DIAMONDS TWO,0.6674,0.0046,0.328
CLUBS EIGHT DIAMONDS TWO,0.675,0.005,0.32
DIAMONDS TWO CLUBS SEVEN,0.654,0.0046,0.3414
CLUBS SIX DIAMONDS TWO,0.7532,0.0288,0.218
DIAMONDS TWO CLUBS FIVE,0.6638,0.005,0.3312
DIAMONDS TWO CLUBS FOUR,0.6858,0.0072,0.307
CLUBS FOUR SPADES FIVE,0.6388,0.0066,0.3546
CLUBS FOUR SPADES FOUR,0.4888,0.0056,0.5056
CLUBS FOUR SPADES THREE,0.6506,0.0054,0.344
CLUBS FOUR SPADES TWO,0.6728,0.0048,0.3224
SPADES NINE CLUBS FOUR,0.6534,0.005,0.3416
CLUBS FOUR SPADES EIGHT,0.6416,0.0066,0.3518
CLUBS FOUR SPADES SEVEN,0.6406,0.005,0.3544
SPADES QUEEN DIAMONDS SIX,0.7394,0.0336,0.227
SPADES KING DIAMONDS SIX,0.7652,0.0248,0.21
SPADES TEN DIAMONDS SIX,0.7332,0.0292,0.2376
SPADES JACK DIAMONDS SIX,0.744,0.0228,0.2332
SPADES QUEEN SPADES TWO,0.6578,0.0072,0.335
SPADES KING SPADES TWO,0.6454,0.0056,0.349
DIAMONDS JACK CLUBS JACK,0.333,0.0034,0.6636
DIAMONDS JACK CLUBS TEN,0.5638,0.0052,0.431
DIAMONDS JACK CLUBS KING,0.5876,0.0026,0.4098
DIAMONDS JACK CLUBS QUEEN,0.5894,0.0024,0.4082
DIAMONDS THREE DIAMONDS JACK,0.6082,0.0044,0.3874
DIAMONDS THREE DIAMONDS TEN,0.622,0.0056,0.3724
DIAMONDS JACK CLUBS ACE,0.2772,0.0888,0.634
DIAMONDS THREE DIAMONDS KING,0.619,0.0042,0.3768
HEARTS THREE DIAMONDS THREE,0.4818,0.006,0.5122
DIAMONDS THREE DIAMONDS QUEEN,0.6254,0.0032,0.3714
DIAMONDS THREE HEARTS TWO,0.6724,0.0062,0.3214
HEARTS FIVE DIAMONDS THREE,0.6484,0.0032,0.3484
DIAMONDS THREE DIAMONDS ACE,0.3938,0.3326,0.2736
HEARTS FOUR DIAMONDS THREE,0.6562,0.0048,0.339
DIAMONDS THREE HEARTS SEVEN,0.6604,0.0022,0.3374
SPADES TEN SPADES NINE,0.5574,0.0056,0.437
HEARTS SIX DIAMONDS THREE,0.752,0.0266,0.2214
SPADES JACK SPADES NINE,0.5758,0.0054,0.4188
DIAMONDS THREE HEARTS NINE,0.6586,0.0038,0.3376
HEARTS JACK DIAMONDS FOUR,0.6552,0.0054,0.3394
HEARTS KING HEARTS ACE,0.2842,0.0412,0.6746
SPADES TEN SPADES TWO,0.642,0.008,0.35
DIAMONDS THREE HEARTS EIGHT,0.6516,0.0052,0.3432
HEARTS TEN DIAMONDS FOUR,0.6596,0.0038,0.3366
SPADES JACK SPADES TWO,0.6514,0.0064,0.3422
HEARTS QUEEN DIAMONDS FOUR,0.6516,0.0048,0.3436
HEARTS KING DIAMONDS FOUR,0.6616,0.005,0.3334
HEARTS ACE DIAMONDS FOUR,0.4102,0.3488,0.241
SPADES KING SPADES NINE,0.6,0.0052,0.3948
SPADES QUEEN SPADES NINE,0.58,0.0066,0.4134
DIAMONDS THREE SPADES NINE,0.664,0.0042,0.3318
DIAMONDS THREE SPADES EIGHT,0.6662,0.004,0.3298
DIAMONDS THREE SPADES SEVEN,0.656,0.0052,0.3388
CLUBS SIX DIAMONDS THREE,0.7402,0.0296,0.2302
CLUBS ACE DIAMONDS FOUR,0.4068,0.3506,0.2426
CLUBS SIX CLUBS FIVE,0.6712,0.0248,0.304
CLUBS SEVEN CLUBS FIVE,0.5984,0.0054,0.3962
CLUBS SEVEN DIAMONDS THREE,0.6624,0.0044,0.3332
DIAMONDS THREE CLUBS FOUR,0.6524,0.0056,0.342
CLUBS QUEEN DIAMONDS FOUR,0.6694,0.0044,0.3262
DIAMONDS THREE CLUBS FIVE,0.6518,0.005,0.3432
CLUBS KING DIAMONDS FOUR,0.6718,0.0056,0.3226
DIAMONDS THREE CLUBS TWO,0.6716,0.004,0.3244
DIAMONDS FOUR CLUBS TEN,0.6494,0.004,0.3466
DIAMONDS THREE CLUBS THREE,0.4914,0.0062,0.5024
DIAMONDS FOUR CLUBS JACK,0.6568,0.005,0.3382
DIAMONDS THREE SPADES FOUR,0.6472,0.0072,0.3456
DIAMONDS THREE SPADES FIVE,0.658,0.0036,0.3384
DIAMONDS THREE SPADES TWO,0.6714,0.0076,0.321
DIAMONDS THREE SPADES THREE,0.4836,0.006,0.5104
CLUBS EIGHT DIAMONDS THREE,0.657,0.004,0.339
CLUBS NINE DIAMONDS THREE,0.6666,0.0058,0.3276
SPADES SEVEN CLUBS ACE,0.259,0.2892,0.4518
SPADES SEVEN CLUBS QUEEN,0.6244,0.0038,0.3718
SPADES SEVEN CLUBS KING,0.6204,0.004,0.3756
CLUBS FIVE SPADES SEVEN,0.6236,0.006,0.3704
SPADES SEVEN CLUBS TEN,0.6066,0.0048,0.3886
SPADES SEVEN CLUBS JACK,0.6192,0.0042,0.3766
SPADES NINE CLUBS FIVE,0.6426,0.0042,0.3532
SPADES EIGHT CLUBS FIVE,0.6386,0.0046,0.3568
CLUBS FIVE SPADES THREE,0.6542,0.0046,0.3412
CLUBS FIVE SPADES TWO,0.6658,0.0066,0.3276
CLUBS FIVE SPADES FIVE,0.4766,0.0054,0.518
CLUBS FIVE SPADES FOUR,0.6446,0.0054,0.35
CLUBS NINE CLUBS FIVE,0.6034,0.0034,0.3932
CLUBS EIGHT CLUBS FIVE,0.613,0.0044,0.3826
CLUBS ACE CLUBS QUEEN,0.2798,0.0562,0.664
CLUBS KING CLUBS QUEEN,0.556,0.0052,0.4388
DIAMONDS TEN DIAMONDS FOUR,0.6124,0.0056,0.382
DIAMONDS NINE CLUBS TEN,0.5952,0.0034,0.4014
DIAMONDS JACK DIAMONDS FOUR,0.6114,0.0042,0.3844
DIAMONDS NINE CLUBS JACK,0.5932,0.003,0.4038
SPADES NINE CLUBS JACK,0.5788,0.0054,0.4158
SPADES NINE CLUBS TEN,0.5726,0.0032,0.4242
DIAMONDS ACE DIAMONDS FOUR,0.39,0.3404,0.2696
HEARTS FOUR DIAMONDS FOUR,0.477,0.005,0.518
DIAMONDS JACK HEARTS TEN,0.5746,0.003,0.4224
SPADES NINE CLUBS KING,0.6228,0.005,0.3722
DIAMONDS TWO SPADES TEN,0.6552,0.0054,0.3394
DIAMONDS NINE CLUBS ACE,0.28,0.1546,0.5654
HEARTS FIVE DIAMONDS FOUR,0.6556,0.0042,0.3402
HEARTS JACK DIAMONDS JACK,0.3342,0.0026,0.6632
SPADES NINE CLUBS QUEEN,0.5886,0.0044,0.407
SPADES JACK DIAMONDS TWO,0.658,0.0066,0.3354
DIAMONDS QUEEN DIAMONDS FOUR,0.6024,0.0048,0.3928
HEARTS TWO DIAMONDS FOUR,0.6838,0.006,0.3102
DIAMONDS NINE CLUBS QUEEN,0.6072,0.0036,0.3892
DIAMONDS KING DIAMONDS FOUR,0.6256,0.0054,0.369
HEARTS THREE DIAMONDS FOUR,0.6534,0.0044,0.3422
SPADES NINE CLUBS ACE,0.2594,0.1644,0.5762
DIAMONDS NINE CLUBS KING,0.6206,0.0024,0.377
HEARTS ACE DIAMONDS JACK,0.2816,0.076,0.6424
DIAMONDS JACK HEARTS QUEEN,0.5746,0.0034,0.422
SPADES QUEEN DIAMONDS TWO,0.6564,0.0062,0.3374
HEARTS KING DIAMONDS JACK,0.581,0.0046,0.4144
SPADES KING DIAMONDS TWO,0.6578,0.0074,0.3348
SPADES JACK SPADES SEVEN,0.6034,0.004,0.3926
SPADES TEN SPADES SEVEN,0.5978,0.0062,0.396
CLUBS SEVEN CLUBS THREE,0.6196,0.0044,0.376
CLUBS SIX CLUBS THREE,0.698,0.0264,0.2756
CLUBS FIVE CLUBS THREE,0.6154,0.0054,0.3792
CLUBS FOUR CLUBS THREE,0.626,0.004,0.37
CLUBS NINE CLUBS THREE,0.6144,0.0038,0.3818
CLUBS EIGHT CLUBS THREE,0.615,0.0048,0.3802
SPADES FIVE CLUBS THREE,0.6512,0.006,0.3428
CLUBS THREE SPADES FOUR,0.6512,0.0058,0.343
CLUBS THREE SPADES THREE,0.486,0.0076,0.5064
CLUBS THREE SPADES TWO,0.6708,0.0062,0.323
SPADES SEVEN CLUBS THREE,0.6442,0.004,0.3518
SPADES EIGHT CLUBS THREE,0.659,0.0062,0.3348
SPADES NINE CLUBS THREE,0.6634,0.0052,0.3314
SPADES TWO DIAMONDS FOUR,0.6608,0.0048,0.3344
SPADES THREE DIAMONDS FOUR,0.6562,0.0064,0.3374
SPADES FOUR DIAMONDS FOUR,0.4728,0.007,0.5202
SPADES FIVE DIAMONDS FOUR,0.632,0.006,0.362
SPADES SEVEN DIAMONDS FOUR,0.6366,0.0036,0.3598
SPADES EIGHT DIAMONDS FOUR,0.6632,0.0038,0.333
SPADES NINE DIAMONDS FOUR,0.6532,0.0052,0.3416
CLUBS FIVE DIAMONDS FOUR,0.6458,0.0024,0.3518
CLUBS FOUR DIAMONDS FOUR,0.4762,0.0038,0.52
CLUBS SEVEN DIAMONDS FOUR,0.6616,0.0036,0.3348
CLUBS SIX DIAMONDS FOUR,0.714,0.0274,0.2586
CLUBS NINE DIAMONDS FOUR,0.6664,0.0042,0.3294
CLUBS EIGHT DIAMONDS FOUR,0.654,0.0052,0.3408
DIAMONDS FOUR HEARTS SEVEN,0.6536,0.0046,0.3418
HEARTS SIX DIAMONDS FOUR,0.7282,0.0274,0.2444
HEARTS NINE DIAMONDS FOUR,0.6576,0.0032,0.3392
DIAMONDS FOUR HEARTS EIGHT,0.65,0.0044,0.3456
CLUBS THREE DIAMONDS FOUR,0.6574,0.0056,0.337
CLUBS TWO DIAMONDS FOUR,0.6714,0.0064,0.3222
DIAMONDS TEN DIAMONDS FIVE,0.6212,0.004,0.3748
DIAMONDS JACK DIAMONDS FIVE,0.611,0.0032,0.3858
DIAMONDS NINE HEARTS QUEEN,0.6102,0.0048,0.385
HEARTS KING DIAMONDS NINE,0.6194,0.0038,0.3768
DIAMONDS NINE HEARTS ACE,0.2652,0.156,0.5788
DIAMONDS NINE HEARTS TEN,0.578,0.0046,0.4174
DIAMONDS NINE HEARTS JACK,0.5884,0.0036,0.408
CLUBS KING DIAMONDS SIX,0.749,0.028,0.223
CLUBS QUEEN DIAMONDS SIX,0.7516,0.0284,0.22
CLUBS ACE DIAMONDS SIX,0.0732,0.906,0.0208
SPADES KING DIAMONDS FOUR,0.6504,0.0056,0.344
SPADES QUEEN DIAMONDS FOUR,0.643,0.0074,0.3496
SPADES QUEEN SPADES SEVEN,0.6196,0.0058,0.3746
CLUBS JACK DIAMONDS SIX,0.7548,0.0274,0.2178
SPADES KING SPADES SEVEN,0.6188,0.0048,0.3764
CLUBS TEN DIAMONDS SIX,0.7438,0.0218,0.2344
CLUBS NINE CLUBS FOUR,0.6228,0.0058,0.3714
CLUBS EIGHT CLUBS FOUR,0.6234,0.0044,0.3722
SPADES JACK DIAMONDS FOUR,0.6512,0.0044,0.3444
SPADES TEN DIAMONDS FOUR,0.643,0.006,0.351
CLUBS FOUR CLUBS FIVE,0.6012,0.0066,0.3922
CLUBS SEVEN CLUBS FOUR,0.609,0.0068,0.3842
CLUBS SIX CLUBS FOUR,0.6842,0.0262,0.2896
CLUBS SEVEN SPADES EIGHT,0.5806,0.0034,0.416
CLUBS SEVEN SPADES NINE,0.5902,0.0052,0.4046
CLUBS SEVEN SPADES SEVEN,0.3758,0.0036,0.6206
CLUBS SEVEN SPADES FIVE,0.6266,0.0044,0.369
CLUBS SEVEN SPADES FOUR,0.6414,0.0056,0.353
CLUBS SEVEN SPADES THREE,0.6454,0.0046,0.35
CLUBS SEVEN SPADES TWO,0.658,0.0044,0.3376
CLUBS NINE CLUBS SEVEN,0.5672,0.0042,0.4286
CLUBS EIGHT CLUBS SEVEN,0.5582,0.0034,0.4384
HEARTS SIX DIAMONDS FIVE,0.704,0.0252,0.2708
DIAMONDS FIVE HEARTS SEVEN,0.6308,0.0046,0.3646
DIAMONDS FIVE HEARTS EIGHT,0.6524,0.0054,0.3422
HEARTS NINE DIAMONDS FIVE,0.6462,0.0032,0.3506
DIAMONDS QUEEN DIAMONDS FIVE,0.6256,0.004,0.3704
HEARTS TWO DIAMONDS FIVE,0.6786,0.005,0.3164
HEARTS KING HEARTS EIGHT,0.5934,0.0046,0.402
DIAMONDS KING DIAMONDS FIVE,0.6114,0.0054,0.3832
HEARTS THREE DIAMONDS FIVE,0.661,0.004,0.335
HEARTS QUEEN HEARTS EIGHT,0.5676,0.005,0.4274
DIAMONDS ACE DIAMONDS FIVE,0.394,0.3254,0.2806
HEARTS FOUR DIAMONDS FIVE,0.647,0.0064,0.3466
HEARTS FIVE DIAMONDS FIVE,0.4862,0.0046,0.5092
HEARTS ACE HEARTS EIGHT,0.2594,0.2048,0.5358
CLUBS FOUR DIAMONDS FIVE,0.6482,0.0042,0.3476
CLUBS FIVE DIAMONDS FIVE,0.4832,0.0044,0.5124
CLUBS SIX DIAMONDS FIVE,0.709,0.0214,0.2696
CLUBS SEVEN DIAMONDS FIVE,0.6246,0.0036,0.3718
CLUBS TWO DIAMONDS FIVE,0.6628,0.0056,0.3316
CLUBS THREE DIAMONDS FIVE,0.6524,0.0054,0.3422
SPADES THREE DIAMONDS FIVE,0.6506,0.0054,0.344
SPADES TWO DIAMONDS FIVE,0.6738,0.0054,0.3208
SPADES FIVE DIAMONDS FIVE,0.4708,0.006,0.5232
SPADES JACK DIAMONDS EIGHT,0.6104,0.005,0.3846
HEARTS JACK CLUBS TEN,0.5814,0.0024,0.4162
SPADES TEN DIAMONDS EIGHT,0.5868,0.0038,0.4094
SPADES FOUR DIAMONDS FIVE,0.6322,0.0056,0.3622
HEARTS JACK CLUBS JACK,0.3474,0.0036,0.649
HEARTS JACK CLUBS QUEEN,0.5818,0.0038,0.4144
CLUBS NINE DIAMONDS FIVE,0.6606,0.0034,0.336
HEARTS JACK CLUBS KING,0.5872,0.0044,0.4084
CLUBS EIGHT DIAMONDS FIVE,0.6506,0.0044,0.345
HEARTS JACK CLUBS ACE,0.2952,0.076,0.6288
SPADES SEVEN DIAMONDS FIVE,0.6262,0.0052,0.3686
SPADES KING DIAMONDS EIGHT,0.6204,0.0056,0.374
SPADES QUEEN DIAMONDS EIGHT,0.6136,0.0028,0.3836
SPADES NINE DIAMONDS FIVE,0.6496,0.0058,0.3446
SPADES EIGHT DIAMONDS FIVE,0.6336,0.0052,0.3612
DIAMONDS TEN DIAMONDS SIX,0.6978,0.0216,0.2806
HEARTS ACE DIAMONDS SEVEN,0.2672,0.284,0.4488
DIAMONDS JACK DIAMONDS SIX,0.7048,0.026,0.2692
HEARTS QUEEN DIAMONDS SEVEN,0.6406,0.004,0.3554
HEARTS KING DIAMONDS SEVEN,0.6284,0.0044,0.3672
DIAMONDS ACE DIAMONDS SIX,0.0736,0.8576,0.0688
HEARTS FOUR DIAMONDS SIX,0.7202,0.0296,0.2502
SPADES TWO HEARTS JACK,0.6598,0.007,0.3332
HEARTS FIVE DIAMONDS SIX,0.7004,0.0246,0.275
SPADES TWO HEARTS TEN,0.655,0.0058,0.3392
DIAMONDS QUEEN DIAMONDS SIX,0.7114,0.0288,0.2598
HEARTS TWO DIAMONDS SIX,0.744,0.0278,0.2282
DIAMONDS KING DIAMONDS SIX,0.7152,0.0258,0.259
HEARTS THREE DIAMONDS SIX,0.7414,0.0266,0.232
HEARTS EIGHT DIAMONDS SIX,0.7218,0.0212,0.257
HEARTS NINE DIAMONDS SIX,0.7328,0.023,0.2442
HEARTS SIX DIAMONDS SIX,0.3522,0.0272,0.6206
HEARTS SEVEN DIAMONDS SIX,0.7052,0.0178,0.277
HEARTS TEN DIAMONDS SEVEN,0.6154,0.0042,0.3804
CLUBS TWO DIAMONDS SIX,0.7462,0.0298,0.224
HEARTS JACK DIAMONDS SEVEN,0.6148,0.0034,0.3818
CLUBS THREE DIAMONDS SIX,0.7388,0.0282,0.233
DIAMONDS EIGHT CLUBS JACK,0.6052,0.0036,0.3912
CLUBS SEVEN DIAMONDS SIX,0.6936,0.021,0.2854
CLUBS SIX DIAMONDS SIX,0.3402,0.0244,0.6354
DIAMONDS EIGHT CLUBS TEN,0.6028,0.0038,0.3934
CLUBS FIVE DIAMONDS SIX,0.702,0.024,0.274
CLUBS FOUR DIAMONDS SIX,0.716,0.0284,0.2556
HEARTS ACE HEARTS JACK,0.2592,0.0784,0.6624
DIAMONDS EIGHT CLUBS ACE,0.2664,0.2132,0.5204
HEARTS JACK HEARTS QUEEN,0.5534,0.0052,0.4414
DIAMONDS EIGHT CLUBS KING,0.6282,0.003,0.3688
CLUBS NINE DIAMONDS SIX,0.7236,0.0208,0.2556
HEARTS KING HEARTS JACK,0.559,0.0048,0.4362
DIAMONDS EIGHT CLUBS QUEEN,0.6162,0.004,0.3798
CLUBS EIGHT DIAMONDS SIX,0.712,0.024,0.264
SPADES FIVE DIAMONDS SIX,0.699,0.026,0.275
SPADES TEN HEARTS KING,0.5906,0.0052,0.4042
HEARTS ACE SPADES TWO,0.398,0.3644,0.2376
SPADES JACK HEARTS KING,0.5876,0.005,0.4074
SPADES FOUR DIAMONDS SIX,0.7198,0.0252,0.255
SPADES THREE DIAMONDS SIX,0.7332,0.0292,0.2376
SPADES TWO HEARTS QUEEN,0.6582,0.0064,0.3354
HEARTS KING SPADES TWO,0.6666,0.004,0.3294
SPADES TWO DIAMONDS SIX,0.7408,0.031,0.2282
HEARTS TEN HEARTS EIGHT,0.5644,0.0056,0.43
SPADES NINE DIAMONDS SIX,0.7198,0.024,0.2562
HEARTS JACK HEARTS EIGHT,0.5684,0.0032,0.4284
SPADES EIGHT DIAMONDS SIX,0.7146,0.0188,0.2666
SPADES SEVEN DIAMONDS SIX,0.7028,0.0234,0.2738
SPADES KING HEARTS KING,0.3138,0.0038,0.6824
SPADES QUEEN HEARTS KING,0.5868,0.0052,0.408
CLUBS ACE CLUBS KING,0.2858,0.044,0.6702
SPADES QUEEN HEARTS JACK,0.5734,0.0046,0.422
SPADES KING HEARTS JACK,0.573,0.004,0.423
SPADES TEN DIAMONDS TEN,0.3386,0.0052,0.6562
SPADES JACK DIAMONDS TEN,0.5538,0.0048,0.4414
SPADES JACK HEARTS JACK,0.324,0.004,0.672
SPADES TEN HEARTS JACK,0.5694,0.003,0.4276
SPADES QUEEN DIAMONDS TEN,0.5782,0.0046,0.4172
SPADES KING DIAMONDS TEN,0.5966,0.0044,0.399
SPADES NINE DIAMONDS SEVEN,0.5972,0.004,0.3988
SPADES EIGHT DIAMONDS SEVEN,0.5878,0.0056,0.4066
SPADES SEVEN DIAMONDS SEVEN,0.3726,0.0048,0.6226
DIAMONDS KING DIAMONDS SEVEN,0.5842,0.004,0.4118
HEARTS THREE DIAMONDS SEVEN,0.6674,0.0048,0.3278
HEARTS KING DIAMONDS FIVE,0.6502,0.0048,0.345
DIAMONDS QUEEN DIAMONDS SEVEN,0.5946,0.0036,0.4018
HEARTS TWO DIAMONDS SEVEN,0.669,0.0046,0.3264
HEARTS QUEEN DIAMONDS FIVE,0.6624,0.0034,0.3342
HEARTS FIVE DIAMONDS SEVEN,0.642,0.0046,0.3534
DIAMONDS ACE DIAMONDS SEVEN,0.2478,0.274,0.4782
HEARTS FOUR DIAMONDS SEVEN,0.6356,0.0038,0.3606
HEARTS ACE DIAMONDS FIVE,0.3948,0.3676,0.2376
HEARTS SEVEN DIAMONDS SEVEN,0.3822,0.0042,0.6136
HEARTS SIX DIAMONDS SEVEN,0.7036,0.0192,0.2772
HEARTS NINE DIAMONDS SEVEN,0.6074,0.0036,0.389
DIAMONDS SEVEN HEARTS EIGHT,0.5904,0.0038,0.4058
DIAMONDS JACK DIAMONDS SEVEN,0.5778,0.003,0.4192
HEARTS JACK DIAMONDS FIVE,0.655,0.0048,0.3402
DIAMONDS TEN DIAMONDS SEVEN,0.5836,0.005,0.4114
DIAMONDS FIVE HEARTS TEN,0.6506,0.006,0.3434
SPADES KING CLUBS TWO,0.6662,0.006,0.3278
HEARTS KING CLUBS KING,0.3248,0.0036,0.6716
CLUBS EIGHT DIAMONDS SEVEN,0.601,0.003,0.396
SPADES QUEEN CLUBS TWO,0.6546,0.0054,0.34
HEARTS KING CLUBS QUEEN,0.6028,0.003,0.3942
CLUBS NINE DIAMONDS SEVEN,0.6136,0.0046,0.3818
SPADES TWO CLUBS JACK,0.6392,0.004,0.3568
SPADES TWO CLUBS TEN,0.6596,0.0052,0.3352
HEARTS KING CLUBS ACE,0.2874,0.0424,0.6702
CLUBS SIX CLUBS SEVEN,0.6688,0.0158,0.3154
SPADES TWO CLUBS KING,0.647,0.0054,0.3476
SPADES TWO DIAMONDS SEVEN,0.6666,0.0036,0.3298
CLUBS EIGHT CLUBS SIX,0.6774,0.0186,0.304
SPADES THREE DIAMONDS SEVEN,0.6594,0.0072,0.3334
SPADES TWO CLUBS QUEEN,0.6452,0.0054,0.3494
CLUBS NINE CLUBS SIX,0.6848,0.0188,0.2964
SPADES FOUR DIAMONDS SEVEN,0.6416,0.0044,0.354
HEARTS KING CLUBS JACK,0.5928,0.0038,0.4034
SPADES FIVE DIAMONDS SEVEN,0.6274,0.0032,0.3694
SPADES TWO CLUBS ACE,0.4054,0.3602,0.2344
HEARTS KING CLUBS TEN,0.6016,0.0032,0.3952
CLUBS SIX SPADES TWO,0.738,0.0286,0.2334
CLUBS SIX SPADES THREE,0.7348,0.0282,0.237
CLUBS TWO DIAMONDS SEVEN,0.6726,0.0056,0.3218
CLUBS SIX SPADES FOUR,0.713,0.0266,0.2604
CLUBS THREE DIAMONDS SEVEN,0.6464,0.005,0.3486
CLUBS SIX SPADES FIVE,0.6996,0.0264,0.274
CLUBS FOUR DIAMONDS SEVEN,0.6394,0.004,0.3566
CLUBS FIVE DIAMONDS SEVEN,0.6354,0.0046,0.36
CLUBS SIX SPADES SEVEN,0.6988,0.0212,0.28
CLUBS SIX DIAMONDS SEVEN,0.7042,0.0198,0.276
CLUBS SIX SPADES EIGHT,0.7084,0.0212,0.2704
SPADES JACK CLUBS TWO,0.6574,0.0052,0.3374
CLUBS SIX SPADES NINE,0.7156,0.0274,0.257
SPADES TEN CLUBS TWO,0.6494,0.0064,0.3442
CLUBS SEVEN DIAMONDS SEVEN,0.3678,0.0028,0.6294
CLUBS TWO CLUBS QUEEN,0.6198,0.0042,0.376
CLUBS TWO CLUBS KING,0.614,0.0044,0.3816
CLUBS THREE DIAMONDS EIGHT,0.6652,0.0038,0.331
CLUBS TWO CLUBS ACE,0.383,0.3444,0.2726
CLUBS TWO DIAMONDS EIGHT,0.6534,0.005,0.3416
DIAMONDS EIGHT HEARTS SEVEN,0.607,0.003,0.39
HEARTS SIX DIAMONDS EIGHT,0.7246,0.0202,0.2552
DIAMONDS EIGHT HEARTS NINE,0.5988,0.0028,0.3984
CLUBS TWO CLUBS TEN,0.6236,0.0048,0.3716
DIAMONDS EIGHT HEARTS EIGHT,0.371,0.0046,0.6244
CLUBS TWO CLUBS JACK,0.607,0.0052,0.3878
CLUBS NINE DIAMONDS EIGHT,0.5916,0.0048,0.4036
CLUBS EIGHT DIAMONDS EIGHT,0.374,0.0028,0.6232
CLUBS FIVE DIAMONDS EIGHT,0.6508,0.0034,0.3458
CLUBS FOUR DIAMONDS EIGHT,0.6376,0.006,0.3564
SPADES QUEEN SPADES THREE,0.656,0.0062,0.3378
CLUBS SEVEN DIAMONDS EIGHT,0.6016,0.0026,0.3958
CLUBS SIX DIAMONDS EIGHT,0.7152,0.0214,0.2634
SPADES KING SPADES THREE,0.6404,0.008,0.3516
DIAMONDS QUEEN DIAMONDS EIGHT,0.5746,0.0038,0.4216
HEARTS TWO DIAMONDS EIGHT,0.6536,0.0062,0.3402
DIAMONDS KING DIAMONDS EIGHT,0.5886,0.0052,0.4062
HEARTS THREE DIAMONDS EIGHT,0.6654,0.0046,0.33
DIAMONDS ACE DIAMONDS EIGHT,0.2474,0.2076,0.545
HEARTS FOUR DIAMONDS EIGHT,0.6678,0.0032,0.329
HEARTS FIVE DIAMONDS EIGHT,0.6318,0.0052,0.363
DIAMONDS EIGHT DIAMONDS TEN,0.5666,0.006,0.4274
DIAMONDS EIGHT DIAMONDS JACK,0.563,0.0042,0.4328
SPADES JACK SPADES THREE,0.6438,0.0066,0.3496
SPADES TEN SPADES THREE,0.646,0.0052,0.3488
CLUBS FOUR HEARTS ACE,0.4092,0.355,0.2358
CLUBS FOUR HEARTS QUEEN,0.6476,0.0052,0.3472
CLUBS FOUR HEARTS KING,0.6634,0.0036,0.333
CLUBS SIX HEARTS TEN,0.7382,0.0218,0.24
CLUBS SIX HEARTS JACK,0.7456,0.027,0.2274
SPADES FOUR DIAMONDS EIGHT,0.6518,0.0066,0.3416
SPADES FIVE DIAMONDS EIGHT,0.6464,0.0032,0.3504
DIAMONDS EIGHT SPADES TWO,0.6534,0.0054,0.3412
SPADES THREE DIAMONDS EIGHT,0.656,0.0048,0.3392
CLUBS FOUR HEARTS JACK,0.6526,0.0038,0.3436
SPADES EIGHT DIAMONDS EIGHT,0.3664,0.0046,0.629
SPADES JACK HEARTS EIGHT,0.5966,0.004,0.3994
SPADES TEN HEARTS TWO,0.655,0.0042,0.3408
SPADES TEN DIAMONDS QUEEN,0.5818,0.0052,0.413
CLUBS FOUR HEARTS TEN,0.6538,0.0038,0.3424
SPADES NINE DIAMONDS EIGHT,0.5716,0.005,0.4234
SPADES JACK HEARTS TWO,0.652,0.0034,0.3446
SPADES JACK DIAMONDS QUEEN,0.5706,0.0054,0.424
SPADES TEN HEARTS EIGHT,0.5832,0.0028,0.414
SPADES SEVEN DIAMONDS EIGHT,0.5888,0.0036,0.4076
SPADES QUEEN DIAMONDS QUEEN,0.3286,0.0034,0.668
SPADES QUEEN HEARTS TWO,0.651,0.0074,0.3416
SPADES KING HEARTS EIGHT,0.622,0.0046,0.3734
SPADES QUEEN HEARTS EIGHT,0.6154,0.004,0.3806
SPADES KING HEARTS TWO,0.6494,0.0068,0.3438
SPADES KING DIAMONDS QUEEN,0.5834,0.0056,0.411
CLUBS TWO HEARTS TEN,0.6618,0.005,0.3332
CLUBS TWO HEARTS JACK,0.6616,0.0054,0.333
SPADES SEVEN DIAMONDS NINE,0.5964,0.0042,0.3994
SPADES NINE DIAMONDS NINE,0.3558,0.0044,0.6398
SPADES EIGHT DIAMONDS NINE,0.598,0.0036,0.3984
SPADES TEN CLUBS KING,0.592,0.0044,0.4036
DIAMONDS NINE SPADES THREE,0.6464,0.007,0.3466
SPADES JACK CLUBS KING,0.5874,0.0048,0.4078
DIAMONDS NINE SPADES TWO,0.6578,0.005,0.3372
SPADES FIVE DIAMONDS NINE,0.6422,0.0046,0.3532
SPADES FOUR DIAMONDS NINE,0.6516,0.0048,0.3436
CLUBS NINE DIAMONDS NINE,0.3714,0.004,0.6246
CLUBS EIGHT DIAMONDS NINE,0.5864,0.0042,0.4094
CLUBS SIX DIAMONDS NINE,0.726,0.0198,0.2542
SPADES JACK CLUBS FOUR,0.6418,0.004,0.3542
SPADES TEN CLUBS FOUR,0.6616,0.0046,0.3338
CLUBS SEVEN DIAMONDS NINE,0.592,0.004,0.404
CLUBS FOUR DIAMONDS NINE,0.6736,0.0046,0.3218
CLUBS FIVE DIAMONDS NINE,0.6516,0.0058,0.3426
CLUBS TWO DIAMONDS NINE,0.657,0.0056,0.3374
CLUBS THREE DIAMONDS NINE,0.6702,0.003,0.3268
DIAMONDS NINE HEARTS EIGHT,0.6054,0.004,0.3906
DIAMONDS NINE HEARTS NINE,0.3726,0.0048,0.6226
HEARTS SIX DIAMONDS NINE,0.7318,0.021,0.2472
DIAMONDS NINE HEARTS SEVEN,0.6108,0.003,0.3862
CLUBS EIGHT CLUBS NINE,0.5494,0.0036,0.447
DIAMONDS ACE DIAMONDS NINE,0.257,0.1504,0.5926
HEARTS FOUR DIAMONDS NINE,0.6728,0.0048,0.3224
HEARTS FIVE DIAMONDS NINE,0.6462,0.0036,0.3502
CLUBS TWO HEARTS ACE,0.4122,0.3618,0.226
DIAMONDS QUEEN DIAMONDS NINE,0.5696,0.004,0.4264
HEARTS TWO DIAMONDS NINE,0.6602,0.0062,0.3336
CLUBS TWO HEARTS KING,0.665,0.0048,0.3302
SPADES KING CLUBS FOUR,0.645,0.0048,0.3502
DIAMONDS KING DIAMONDS NINE,0.5708,0.0046,0.4246
HEARTS THREE DIAMONDS NINE,0.6566,0.005,0.3384
CLUBS TWO HEARTS QUEEN,0.651,0.0052,0.3438
SPADES QUEEN CLUBS FOUR,0.6572,0.0062,0.3366
DIAMONDS NINE DIAMONDS JACK,0.549,0.0046,0.4464
CLUBS EIGHT SPADES NINE,0.5886,0.0042,0.4072
DIAMONDS NINE DIAMONDS TEN,0.5526,0.0052,0.4422
CLUBS EIGHT SPADES EIGHT,0.3786,0.004,0.6174
CLUBS EIGHT SPADES SEVEN,0.5804,0.0054,0.4142
CLUBS EIGHT SPADES FIVE,0.6498,0.005,0.3452
CLUBS EIGHT SPADES FOUR,0.6412,0.0054,0.3534
CLUBS EIGHT SPADES THREE,0.6586,0.0054,0.336
CLUBS EIGHT SPADES TWO,0.6494,0.0066,0.344
HEARTS SIX DIAMONDS TEN,0.7378,0.0212,0.241
DIAMONDS TEN HEARTS SEVEN,0.6102,0.004,0.3858
DIAMONDS TEN HEARTS EIGHT,0.6024,0.0034,0.3942
CLUBS FOUR CLUBS JACK,0.611,0.005,0.384
DIAMONDS TEN HEARTS NINE,0.588,0.006,0.406
CLUBS FOUR CLUBS TEN,0.6226,0.0042,0.3732
CLUBS FOUR CLUBS KING,0.6222,0.0048,0.373
CLUBS FOUR CLUBS QUEEN,0.6188,0.0038,0.3774
CLUBS TWO DIAMONDS TEN,0.6546,0.0048,0.3406
CLUBS THREE DIAMONDS TEN,0.654,0.0044,0.3416
CLUBS FOUR CLUBS ACE,0.3922,0.3298,0.278
DIAMONDS JACK DIAMONDS TEN,0.5418,0.0032,0.455
DIAMONDS QUEEN DIAMONDS TEN,0.5622,0.0036,0.4342
HEARTS TWO DIAMONDS TEN,0.658,0.0048,0.3372
DIAMONDS KING DIAMONDS TEN,0.5586,0.005,0.4364
HEARTS THREE DIAMONDS TEN,0.6476,0.0066,0.3458
DIAMONDS ACE DIAMONDS TEN,0.26,0.1112,0.6288
HEARTS FOUR DIAMONDS TEN,0.6528,0.0054,0.3418
CLUBS EIGHT HEARTS JACK,0.6098,0.0026,0.3876
HEARTS FIVE DIAMONDS TEN,0.6674,0.005,0.3276
CLUBS EIGHT HEARTS TEN,0.5926,0.004,0.4034
CLUBS EIGHT HEARTS QUEEN,0.6204,0.0044,0.3752
CLUBS EIGHT HEARTS KING,0.6298,0.0016,0.3686
CLUBS EIGHT HEARTS ACE,0.2698,0.2092,0.521
CLUBS NINE SPADES THREE,0.6706,0.0036,0.3258
CLUBS NINE SPADES TWO,0.6508,0.0054,0.3438
CLUBS NINE SPADES FIVE,0.655,0.0056,0.3394
CLUBS NINE SPADES FOUR,0.6632,0.0038,0.333
CLUBS NINE SPADES SEVEN,0.6,0.0046,0.3954
CLUBS NINE SPADES NINE,0.3646,0.0036,0.6318
CLUBS TEN HEARTS EIGHT,0.5924,0.0036,0.404
CLUBS NINE SPADES EIGHT,0.5676,0.005,0.4274
CLUBS JACK HEARTS EIGHT,0.6048,0.0036,0.3916
CLUBS QUEEN HEARTS EIGHT,0.6118,0.003,0.3852
CLUBS KING HEARTS EIGHT,0.634,0.003,0.363
CLUBS ACE HEARTS EIGHT,0.2804,0.209,0.5106
SPADES KING CLUBS KING,0.3148,0.0064,0.6788
SPADES QUEEN CLUBS KING,0.5822,0.0042,0.4136
DIAMONDS ACE HEARTS TEN,0.2812,0.1116,0.6072
HEARTS FOUR HEARTS TEN,0.6206,0.0048,0.3746
DIAMONDS ACE HEARTS JACK,0.2856,0.0788,0.6356
HEARTS FOUR HEARTS JACK,0.622,0.0046,0.3734
SPADES KING CLUBS FIVE,0.6466,0.0054,0.348
SPADES QUEEN CLUBS FIVE,0.6556,0.0044,0.34
DIAMONDS JACK HEARTS SEVEN,0.6172,0.0042,0.3786
HEARTS SIX DIAMONDS JACK,0.7508,0.0246,0.2246
DIAMONDS JACK HEARTS NINE,0.599,0.0026,0.3984
DIAMONDS JACK HEARTS EIGHT,0.601,0.0042,0.3948
DIAMONDS KING DIAMONDS JACK,0.5604,0.0048,0.4348
HEARTS THREE DIAMONDS JACK,0.6582,0.0054,0.3364
SPADES FOUR HEARTS ACE,0.3934,0.3628,0.2438
DIAMONDS QUEEN DIAMONDS JACK,0.563,0.0032,0.4338
HEARTS TWO DIAMONDS JACK,0.6504,0.005,0.3446
HEARTS FIVE DIAMONDS JACK,0.6464,0.0048,0.3488
SPADES FOUR HEARTS QUEEN,0.649,0.0054,0.3456
DIAMONDS ACE DIAMONDS JACK,0.2648,0.076,0.6592
HEARTS FOUR DIAMONDS JACK,0.6548,0.0046,0.3406
SPADES FOUR HEARTS KING,0.6448,0.0052,0.35
SPADES FOUR DIAMONDS JACK,0.6566,0.0072,0.3362
SPADES FIVE DIAMONDS JACK,0.6442,0.0066,0.3492
SPADES TWO DIAMONDS JACK,0.6632,0.0038,0.333
SPADES THREE DIAMONDS JACK,0.6562,0.0046,0.3392
SPADES QUEEN DIAMONDS THREE,0.6388,0.0062,0.355
CLUBS EIGHT DIAMONDS JACK,0.5974,0.0044,0.3982
SPADES KING DIAMONDS THREE,0.6502,0.0062,0.3436
CLUBS NINE DIAMONDS JACK,0.5858,0.0042,0.41
CLUBS SIX DIAMONDS JACK,0.755,0.025,0.22
CLUBS SEVEN DIAMONDS JACK,0.6116,0.0022,0.3862
CLUBS FOUR DIAMONDS JACK,0.6626,0.0036,0.3338
CLUBS FIVE DIAMONDS JACK,0.645,0.0054,0.3496
CLUBS TWO DIAMONDS JACK,0.6598,0.0046,0.3356
CLUBS THREE DIAMONDS JACK,0.642,0.0048,0.3532
SPADES JACK HEARTS SIX,0.742,0.025,0.233
SPADES TEN CLUBS FIVE,0.6518,0.0052,0.343
SPADES JACK CLUBS FIVE,0.6352,0.0048,0.36
HEARTS SIX SPADES TEN,0.7246,0.0272,0.2482
SPADES JACK DIAMONDS THREE,0.6474,0.005,0.3476
CLUBS SEVEN CLUBS ACE,0.2446,0.273,0.4824
SPADES TEN DIAMONDS THREE,0.6496,0.0052,0.3452
CLUBS SEVEN CLUBS QUEEN,0.5758,0.006,0.4182
CLUBS SEVEN CLUBS KING,0.5936,0.006,0.4004
SPADES NINE DIAMONDS JACK,0.5828,0.0046,0.4126
CLUBS SEVEN CLUBS TEN,0.584,0.005,0.411
DIAMONDS ACE HEARTS ACE,0.102,0.0088,0.8892
HEARTS FOUR HEARTS ACE,0.386,0.3362,0.2778
SPADES EIGHT DIAMONDS JACK,0.6056,0.0048,0.3896
CLUBS SEVEN CLUBS JACK,0.567,0.005,0.428
DIAMONDS ACE HEARTS KING,0.2928,0.0428,0.6644
HEARTS FOUR HEARTS KING,0.6254,0.0056,0.369
SPADES SEVEN DIAMONDS JACK,0.608,0.0038,0.3882
SPADES KING HEARTS SIX,0.745,0.0254,0.2296
DIAMONDS ACE HEARTS QUEEN,0.2982,0.0576,0.6442
HEARTS FOUR HEARTS QUEEN,0.6274,0.005,0.3676
SPADES QUEEN HEARTS SIX,0.7472,0.0264,0.2264
SPADES TWO DIAMONDS TEN,0.6414,0.0058,0.3528
SPADES THREE DIAMONDS TEN,0.6606,0.0034,0.336
SPADES FOUR DIAMONDS TEN,0.6574,0.0042,0.3384
SPADES FIVE DIAMONDS TEN,0.6568,0.0046,0.3386
SPADES SEVEN DIAMONDS TEN,0.6012,0.0058,0.393
SPADES EIGHT DIAMONDS TEN,0.5986,0.0042,0.3972
SPADES NINE DIAMONDS TEN,0.5808,0.0036,0.4156
CLUBS FOUR DIAMONDS TEN,0.6542,0.0064,0.3394
CLUBS FIVE DIAMONDS TEN,0.6582,0.0038,0.338
CLUBS SIX DIAMONDS TEN,0.7306,0.021,0.2484
CLUBS SEVEN DIAMONDS TEN,0.6036,0.0036,0.3928
CLUBS EIGHT DIAMONDS TEN,0.5814,0.0034,0.4152
CLUBS NINE DIAMONDS TEN,0.5828,0.0038,0.4134
DIAMONDS THREE CLUBS JACK,0.6504,0.0036,0.346
DIAMONDS THREE CLUBS TEN,0.6558,0.0032,0.341
DIAMONDS THREE CLUBS KING,0.6672,0.0052,0.3276
DIAMONDS THREE CLUBS QUEEN,0.648,0.0058,0.3462
DIAMONDS THREE CLUBS ACE,0.4004,0.3576,0.242
SPADES FOUR HEARTS JACK,0.6448,0.0068,0.3484
SPADES FOUR HEARTS TEN,0.6606,0.0048,0.3346
SPADES FIVE SPADES TWO,0.6644,0.0052,0.3304
SPADES FOUR SPADES TWO,0.6612,0.0082,0.3306
SPADES THREE SPADES TWO,0.6752,0.0044,0.3204
SPADES NINE SPADES TWO,0.6456,0.0054,0.349
SPADES EIGHT SPADES TWO,0.6546,0.0048,0.3406
SPADES SEVEN SPADES TWO,0.6712,0.0084,0.3204
DIAMONDS QUEEN CLUBS THREE,0.6632,0.0042,0.3326
HEARTS TWO CLUBS THREE,0.676,0.0066,0.3174
DIAMONDS QUEEN CLUBS TWO,0.6636,0.0052,0.3312
CLUBS TWO HEARTS TWO,0.4994,0.0056,0.495
DIAMONDS QUEEN HEARTS SEVEN,0.619,0.0042,0.3768
HEARTS TWO HEARTS SEVEN,0.6358,0.0044,0.3598
HEARTS SIX DIAMONDS QUEEN,0.752,0.0298,0.2182
HEARTS SIX HEARTS TWO,0.7056,0.0278,0.2666
DIAMONDS QUEEN HEARTS NINE,0.5916,0.003,0.4054
HEARTS TWO HEARTS NINE,0.6306,0.0044,0.365
DIAMONDS QUEEN HEARTS EIGHT,0.613,0.004,0.383
HEARTS TWO HEARTS EIGHT,0.6208,0.0038,0.3754
CLUBS NINE HEARTS TWO,0.6716,0.0052,0.3232
CLUBS NINE DIAMONDS QUEEN,0.6016,0.006,0.3924
CLUBS EIGHT HEARTS TWO,0.6644,0.0052,0.3304
CLUBS EIGHT DIAMONDS QUEEN,0.6164,0.0032,0.3804
CLUBS FIVE DIAMONDS QUEEN,0.6584,0.0048,0.3368
CLUBS FIVE HEARTS TWO,0.6694,0.0046,0.326
SPADES EIGHT HEARTS ACE,0.2606,0.2264,0.513
CLUBS FOUR DIAMONDS QUEEN,0.6556,0.0044,0.34
CLUBS FOUR HEARTS TWO,0.6762,0.0046,0.3192
SPADES EIGHT HEARTS QUEEN,0.6152,0.005,0.3798
CLUBS SEVEN HEARTS TWO,0.6818,0.0066,0.3116
CLUBS SEVEN DIAMONDS QUEEN,0.6286,0.0018,0.3696
CLUBS SIX DIAMONDS QUEEN,0.748,0.0284,0.2236
CLUBS SIX HEARTS TWO,0.7486,0.0278,0.2236
SPADES EIGHT HEARTS KING,0.6116,0.0048,0.3836
HEARTS FOUR CLUBS QUEEN,0.6544,0.0048,0.3408
DIAMONDS ACE CLUBS QUEEN,0.285,0.0604,0.6546
DIAMONDS QUEEN SPADES SEVEN,0.6218,0.0044,0.3738
SPADES SEVEN HEARTS TWO,0.664,0.0052,0.3308
HEARTS FOUR CLUBS KING,0.6528,0.0058,0.3414
DIAMONDS ACE CLUBS KING,0.3036,0.0428,0.6536
SPADES EIGHT DIAMONDS QUEEN,0.6106,0.0044,0.385
SPADES EIGHT HEARTS TWO,0.6704,0.0048,0.3248
HEARTS FOUR CLUBS ACE,0.4106,0.3416,0.2478
DIAMONDS ACE CLUBS ACE,0.1054,0.0104,0.8842
SPADES NINE DIAMONDS QUEEN,0.5958,0.0046,0.3996
SPADES NINE HEARTS TWO,0.6554,0.0052,0.3394
HEARTS TWO SPADES TWO,0.4894,0.0084,0.5022
DIAMONDS QUEEN SPADES TWO,0.644,0.0052,0.3508
HEARTS TWO SPADES THREE,0.6744,0.0068,0.3188
DIAMONDS QUEEN SPADES THREE,0.6426,0.0028,0.3546
HEARTS TWO SPADES FOUR,0.6578,0.0044,0.3378
DIAMONDS QUEEN SPADES FOUR,0.6588,0.0038,0.3374
HEARTS FOUR CLUBS TEN,0.6608,0.0044,0.3348
DIAMONDS ACE CLUBS TEN,0.2786,0.1076,0.6138
DIAMONDS QUEEN SPADES FIVE,0.643,0.0044,0.3526
HEARTS TWO SPADES FIVE,0.6568,0.007,0.3362
HEARTS FOUR CLUBS JACK,0.6618,0.0034,0.3348
DIAMONDS ACE CLUBS JACK,0.2806,0.0818,0.6376
CLUBS FIVE CLUBS KING,0.6364,0.0038,0.3598
CLUBS FIVE CLUBS QUEEN,0.6124,0.004,0.3836
CLUBS FIVE CLUBS ACE,0.4024,0.3232,0.2744
CLUBS FIVE CLUBS JACK,0.6092,0.0036,0.3872
CLUBS FIVE CLUBS TEN,0.6224,0.005,0.3726
SPADES KING CLUBS JACK,0.5952,0.0034,0.4014
SPADES QUEEN CLUBS JACK,0.562,0.004,0.434
SPADES EIGHT HEARTS JACK,0.6006,0.005,0.3944
SPADES EIGHT HEARTS TEN,0.5866,0.0034,0.41
SPADES TEN CLUBS JACK,0.5644,0.004,0.4316
SPADES JACK CLUBS JACK,0.336,0.0028,0.6612
SPADES QUEEN CLUBS SEVEN,0.6192,0.0044,0.3764
SPADES KING CLUBS SEVEN,0.6166,0.003,0.3804
SPADES JACK CLUBS SEVEN,0.5976,0.006,0.3964
SPADES TEN CLUBS SEVEN,0.598,0.0042,0.3978
HEARTS SIX CLUBS TEN,0.7482,0.0234,0.2284
HEARTS SIX CLUBS JACK,0.7502,0.0238,0.226
CLUBS ACE CLUBS JACK,0.2724,0.0794,0.6482
HEARTS SIX CLUBS QUEEN,0.741,0.0242,0.2348
HEARTS SIX CLUBS KING,0.753,0.0286,0.2184
HEARTS SIX CLUBS ACE,0.0682,0.911,0.0208
CLUBS QUEEN CLUBS JACK,0.5358,0.0054,0.4588
CLUBS KING CLUBS JACK,0.566,0.005,0.429
DIAMONDS THREE HEARTS ACE,0.4168,0.3686,0.2146
DIAMONDS THREE HEARTS QUEEN,0.6516,0.0054,0.343
DIAMONDS THREE HEARTS KING,0.6608,0.0042,0.335
CLUBS FIVE HEARTS JACK,0.6642,0.0056,0.3302
HEARTS FOUR SPADES TEN,0.6506,0.0052,0.3442
SPADES TEN DIAMONDS ACE,0.2648,0.121,0.6142
CLUBS FIVE HEARTS TEN,0.6586,0.0038,0.3376
HEARTS FOUR SPADES JACK,0.6524,0.005,0.3426
SPADES JACK DIAMONDS ACE,0.2598,0.0862,0.654
CLUBS FIVE HEARTS ACE,0.411,0.3512,0.2378
CLUBS FIVE HEARTS KING,0.6508,0.0056,0.3436
SPADES FOUR CLUBS JACK,0.6562,0.0054,0.3384
SPADES QUEEN DIAMONDS ACE,0.2756,0.0576,0.6668
HEARTS FOUR SPADES QUEEN,0.6546,0.0048,0.3406
CLUBS FIVE HEARTS QUEEN,0.6412,0.0042,0.3546
SPADES FOUR CLUBS TEN,0.656,0.0046,0.3394
SPADES KING HEARTS FOUR,0.6472,0.0056,0.3472
SPADES KING DIAMONDS ACE,0.292,0.0448,0.6632
DIAMONDS QUEEN DIAMONDS ACE,0.275,0.0576,0.6674
HEARTS TWO DIAMONDS ACE,0.4222,0.3546,0.2232
HEARTS FOUR DIAMONDS QUEEN,0.6658,0.0038,0.3304
HEARTS FOUR HEARTS TWO,0.6256,0.0052,0.3692
DIAMONDS THREE HEARTS TEN,0.6566,0.0052,0.3382
SPADES FOUR CLUBS KING,0.6672,0.0058,0.327
HEARTS FIVE DIAMONDS QUEEN,0.649,0.0034,0.3476
HEARTS FIVE HEARTS TWO,0.648,0.0044,0.3476
DIAMONDS THREE HEARTS JACK,0.6546,0.0054,0.34
SPADES FOUR CLUBS QUEEN,0.6496,0.004,0.3464
DIAMONDS QUEEN HEARTS TWO,0.6502,0.006,0.3438
DIAMONDS KING DIAMONDS QUEEN,0.5598,0.0038,0.4364
DIAMONDS KING HEARTS TWO,0.655,0.0046,0.3404
HEARTS THREE DIAMONDS QUEEN,0.668,0.0038,0.3282
HEARTS THREE HEARTS TWO,0.6258,0.0052,0.369
SPADES FOUR CLUBS ACE,0.412,0.3568,0.2312
HEARTS TWO CLUBS ACE,0.4134,0.3504,0.2362
DIAMONDS QUEEN CLUBS ACE,0.2892,0.0574,0.6534
HEARTS TWO CLUBS QUEEN,0.6534,0.0038,0.3428
DIAMONDS QUEEN CLUBS QUEEN,0.3334,0.0016,0.665
HEARTS TWO CLUBS KING,0.6744,0.0032,0.3224
DIAMONDS QUEEN CLUBS KING,0.6016,0.0012,0.3972
SPADES EIGHT SPADES FIVE,0.633,0.0044,0.3626
HEARTS TWO CLUBS TEN,0.6566,0.0042,0.3392
DIAMONDS QUEEN CLUBS TEN,0.5868,0.0022,0.411
SPADES NINE SPADES FIVE,0.644,0.0074,0.3486
HEARTS TWO CLUBS JACK,0.662,0.0038,0.3342
DIAMONDS QUEEN CLUBS JACK,0.5884,0.003,0.4086
SPADES SEVEN SPADES FIVE,0.6136,0.004,0.3824
DIAMONDS FIVE CLUBS QUEEN,0.6536,0.0064,0.34
SPADES EIGHT CLUBS ACE,0.2544,0.2124,0.5332
CLUBS KING DIAMONDS FIVE,0.6516,0.0036,0.3448
SPADES EIGHT CLUBS KING,0.6226,0.0032,0.3742
CLUBS ACE DIAMONDS FIVE,0.4108,0.351,0.2382
SPADES EIGHT CLUBS QUEEN,0.609,0.004,0.387
SPADES EIGHT CLUBS JACK,0.5984,0.0048,0.3968
SPADES EIGHT CLUBS TEN,0.5918,0.0042,0.404
DIAMONDS FIVE CLUBS TEN,0.6534,0.0046,0.342
DIAMONDS FIVE CLUBS JACK,0.6576,0.003,0.3394
HEARTS JACK DIAMONDS TEN,0.58,0.0046,0.4154
DIAMONDS TEN HEARTS TEN,0.3526,0.0026,0.6448
SPADES QUEEN CLUBS NINE,0.6036,0.0044,0.392
SPADES KING CLUBS NINE,0.614,0.0058,0.3802
HEARTS SIX HEARTS KING,0.7076,0.0272,0.2652
DIAMONDS KING SPADES SEVEN,0.6212,0.0028,0.376
HEARTS THREE SPADES SEVEN,0.6542,0.0076,0.3382
SPADES KING DIAMONDS SEVEN,0.6236,0.005,0.3714
HEARTS SIX HEARTS QUEEN,0.7166,0.0234,0.26
SPADES QUEEN DIAMONDS SEVEN,0.626,0.0036,0.3704
SPADES NINE DIAMONDS KING,0.6188,0.0034,0.3778
HEARTS THREE SPADES NINE,0.6518,0.0054,0.3428
HEARTS SIX HEARTS ACE,0.0728,0.857,0.0702
DIAMONDS KING SPADES EIGHT,0.627,0.0046,0.3684
HEARTS THREE SPADES EIGHT,0.6556,0.0052,0.3392
CLUBS NINE HEARTS THREE,0.662,0.006,0.332
