opposingHand,winningChance,drawChance,lostChance
SPADES SIX SPADES THREE
HEARTS FIVE SPADES TEN,0.3956,0.03,0.5744
SPADES JACK HEARTS FIVE,0.4048,0.021,0.5742
SPADES FIVE CLUBS JACK,0.3888,0.0224,0.5888
SPADES FIVE CLUBS TEN,0.3966,0.0302,0.5732
CLUBS EIGHT CLUBS JACK,0.3578,0.0182,0.624
CLUBS EIGHT CLUBS TEN,0.3534,0.0254,0.6212
CLUBS EIGHT CLUBS KING,0.3666,0.0094,0.624
SPADES FIVE CLUBS ACE,0.386,0.0046,0.6094
CLUBS EIGHT CLUBS QUEEN,0.3586,0.0126,0.6288
SPADES FIVE CLUBS KING,0.3942,0.0068,0.599
SPADES FIVE CLUBS QUEEN,0.4044,0.0116,0.584
CLUBS EIGHT CLUBS ACE,0.3602,0.0056,0.6342
DIAMONDS TWO DIAMONDS THREE,0.4866,0.2444,0.269
DIAMONDS TWO DIAMONDS FIVE,0.487,0.139,0.374
SPADES KING HEARTS FIVE,0.3902,0.0106,0.5992
DIAMONDS TWO DIAMONDS FOUR,0.4972,0.1334,0.3694
SPADES QUEEN HEARTS FIVE,0.3924,0.0138,0.5938
DIAMONDS TWO DIAMONDS SEVEN,0.4262,0.0846,0.4892
DIAMONDS TWO DIAMONDS SIX,0.2976,0.4506,0.2518
SPADES ACE HEARTS FIVE,0.381,0.0048,0.6142
DIAMONDS TWO DIAMONDS NINE,0.4166,0.0448,0.5386
DIAMONDS TWO DIAMONDS EIGHT,0.4096,0.0588,0.5316
DIAMONDS THREE DIAMONDS FOUR,0.4824,0.2454,0.2722
CLUBS TWO SPADES FOUR,0.5196,0.153,0.3274
DIAMONDS THREE DIAMONDS FIVE,0.468,0.2484,0.2836
CLUBS TWO SPADES FIVE,0.5218,0.1502,0.328
CLUBS TWO SPADES TWO,0.3654,0.145,0.4896
DIAMONDS THREE DIAMONDS EIGHT,0.2854,0.1202,0.5944
SPADES EIGHT CLUBS TWO,0.4298,0.0532,0.517
DIAMONDS THREE DIAMONDS NINE,0.2754,0.0902,0.6344
SPADES NINE CLUBS TWO,0.4238,0.0406,0.5356
DIAMONDS THREE DIAMONDS SIX,0.0748,0.8524,0.0728
DIAMONDS THREE DIAMONDS SEVEN,0.2732,0.1722,0.5546
CLUBS TWO SPADES SEVEN,0.4302,0.1026,0.4672
CLUBS SIX CLUBS TWO,0.2938,0.4578,0.2484
CLUBS SEVEN CLUBS TWO,0.4128,0.0978,0.4894
CLUBS FOUR CLUBS TWO,0.4894,0.1528,0.3578
CLUBS FIVE CLUBS TWO,0.498,0.141,0.361
CLUBS JACK CLUBS TEN,0.3462,0.0124,0.6414
DIAMONDS FOUR DIAMONDS SIX,0.249,0.454,0.297
CLUBS QUEEN CLUBS TEN,0.3458,0.0092,0.645
DIAMONDS FOUR DIAMONDS SEVEN,0.3616,0.0914,0.547
CLUBS KING CLUBS TEN,0.3724,0.0056,0.622
CLUBS ACE CLUBS TEN,0.3548,0.0054,0.6398
CLUBS EIGHT CLUBS TWO,0.4238,0.0554,0.5208
DIAMONDS FIVE DIAMONDS FOUR,0.4386,0.1444,0.417
CLUBS NINE CLUBS TWO,0.416,0.044,0.54
DIAMONDS NINE DIAMONDS FOUR,0.3872,0.0432,0.5696
DIAMONDS EIGHT DIAMONDS FOUR,0.3778,0.0648,0.5574
CLUBS TWO CLUBS THREE,0.4874,0.2416,0.271
DIAMONDS NINE DIAMONDS FIVE,0.381,0.0412,0.5778
DIAMONDS TWO CLUBS JACK,0.4424,0.0226,0.535
DIAMONDS EIGHT DIAMONDS FIVE,0.3612,0.0598,0.579
DIAMONDS TWO CLUBS TEN,0.4438,0.0282,0.528
DIAMONDS FIVE DIAMONDS SEVEN,0.358,0.0968,0.5452
DIAMONDS FIVE DIAMONDS SIX,0.2408,0.3958,0.3634
DIAMONDS TWO CLUBS ACE,0.4292,0.0072,0.5636
DIAMONDS TWO CLUBS KING,0.4442,0.0084,0.5474
DIAMONDS TWO CLUBS QUEEN,0.448,0.011,0.541
DIAMONDS EIGHT DIAMONDS SIX,0.2738,0.136,0.5902
DIAMONDS NINE DIAMONDS SIX,0.2682,0.1026,0.6292
DIAMONDS SEVEN DIAMONDS SIX,0.2618,0.1756,0.5626
DIAMONDS EIGHT DIAMONDS SEVEN,0.3466,0.0558,0.5976
DIAMONDS NINE DIAMONDS SEVEN,0.343,0.04,0.617
DIAMONDS NINE DIAMONDS EIGHT,0.347,0.036,0.617
DIAMONDS KING HEARTS TEN,0.3898,0.0058,0.6044
HEARTS THREE HEARTS TEN,0.2966,0.0638,0.6396
CLUBS SIX SPADES JACK,0.2834,0.061,0.6556
DIAMONDS KING HEARTS JACK,0.3834,0.006,0.6106
HEARTS THREE HEARTS JACK,0.283,0.0506,0.6664
CLUBS SIX SPADES TEN,0.2852,0.0928,0.622
SPADES JACK SPADES FIVE,0.3622,0.0218,0.616
SPADES TEN SPADES FIVE,0.3646,0.0248,0.6106
DIAMONDS KING HEARTS ACE,0.3946,0.005,0.6004
HEARTS THREE HEARTS ACE,0.274,0.015,0.711
SPADES ACE CLUBS SIX,0.2838,0.029,0.6872
DIAMONDS KING HEARTS QUEEN,0.382,0.0078,0.6102
HEARTS THREE HEARTS QUEEN,0.2948,0.0342,0.671
SPADES KING CLUBS SIX,0.2788,0.0386,0.6826
DIAMONDS KING HEARTS KING,0.1926,0.0172,0.7902
HEARTS THREE HEARTS KING,0.2944,0.025,0.6806
SPADES QUEEN CLUBS SIX,0.283,0.0448,0.6722
SPADES NINE HEARTS TEN,0.3524,0.0272,0.6204
SPADES NINE HEARTS JACK,0.3714,0.0202,0.6084
SPADES QUEEN SPADES FIVE,0.3574,0.0156,0.627
SPADES KING SPADES FIVE,0.3568,0.009,0.6342
SPADES ACE SPADES FIVE,0.3438,0.006,0.6502
SPADES NINE HEARTS QUEEN,0.377,0.013,0.61
SPADES NINE HEARTS KING,0.3728,0.0076,0.6196
SPADES NINE HEARTS ACE,0.3858,0.0062,0.608
SPADES JACK CLUBS TEN,0.364,0.0176,0.6184
SPADES TEN CLUBS TEN,0.1824,0.0594,0.7582
SPADES ACE CLUBS TEN,0.3608,0.0054,0.6338
SPADES KING CLUBS TEN,0.3742,0.0076,0.6182
SPADES QUEEN CLUBS TEN,0.3676,0.0094,0.623
SPADES FIVE HEARTS QUEEN,0.4006,0.0152,0.5842
SPADES FIVE HEARTS KING,0.4002,0.0094,0.5904
SPADES FIVE HEARTS ACE,0.3772,0.005,0.6178
CLUBS EIGHT SPADES TEN,0.361,0.0244,0.6146
HEARTS THREE SPADES JACK,0.2938,0.0544,0.6518
SPADES JACK DIAMONDS KING,0.3752,0.007,0.6178
SPADES TEN DIAMONDS KING,0.3812,0.0084,0.6104
HEARTS THREE SPADES TEN,0.2892,0.0736,0.6372
CLUBS EIGHT SPADES JACK,0.3652,0.017,0.6178
SPADES ACE CLUBS EIGHT,0.3572,0.004,0.6388
HEARTS FIVE CLUBS JACK,0.4048,0.0202,0.575
CLUBS SIX HEARTS ACE,0.3056,0.0272,0.6672
HEARTS FIVE CLUBS TEN,0.4114,0.0252,0.5634
CLUBS EIGHT SPADES QUEEN,0.3794,0.0114,0.6092
CLUBS SIX HEARTS QUEEN,0.2818,0.0564,0.6618
CLUBS EIGHT SPADES KING,0.3792,0.007,0.6138
CLUBS SIX HEARTS KING,0.3006,0.0404,0.659
DIAMONDS TWO HEARTS JACK,0.4374,0.017,0.5456
DIAMONDS TWO HEARTS TEN,0.4388,0.0364,0.5248
HEARTS FIVE CLUBS ACE,0.3792,0.0024,0.6184
SPADES FIVE HEARTS TEN,0.4156,0.0254,0.559
HEARTS FIVE CLUBS KING,0.4148,0.008,0.5772
SPADES FIVE HEARTS JACK,0.4046,0.0198,0.5756
HEARTS FIVE CLUBS QUEEN,0.4156,0.0124,0.572
HEARTS THREE CLUBS KING,0.3074,0.029,0.6636
DIAMONDS KING CLUBS KING,0.198,0.0192,0.7828
HEARTS THREE CLUBS QUEEN,0.3066,0.0344,0.659
DIAMONDS KING CLUBS QUEEN,0.3822,0.0048,0.613
HEARTS FIVE HEARTS JACK,0.3878,0.0182,0.594
HEARTS FIVE HEARTS TEN,0.3852,0.03,0.5848
HEARTS THREE CLUBS ACE,0.2806,0.019,0.7004
DIAMONDS KING CLUBS ACE,0.4042,0.0054,0.5904
SPADES ACE CLUBS QUEEN,0.3886,0.006,0.6054
SPADES KING CLUBS QUEEN,0.376,0.0078,0.6162
HEARTS THREE CLUBS JACK,0.3034,0.0512,0.6454
DIAMONDS KING CLUBS JACK,0.391,0.0068,0.6022
SPADES QUEEN CLUBS QUEEN,0.193,0.0312,0.7758
HEARTS THREE CLUBS TEN,0.3144,0.0742,0.6114
DIAMONDS KING CLUBS TEN,0.3834,0.0082,0.6084
SPADES JACK CLUBS QUEEN,0.358,0.0084,0.6336
CLUBS SIX CLUBS QUEEN,0.2708,0.0476,0.6816
SPADES TEN CLUBS QUEEN,0.3726,0.0102,0.6172
CLUBS SIX CLUBS KING,0.2798,0.0388,0.6814
CLUBS SIX CLUBS ACE,0.2696,0.0246,0.7058
HEARTS FIVE HEARTS KING,0.392,0.008,0.6
HEARTS FIVE HEARTS QUEEN,0.3842,0.0124,0.6034
CLUBS SIX CLUBS TEN,0.2838,0.0764,0.6398
HEARTS FIVE HEARTS ACE,0.3556,0.008,0.6364
CLUBS SIX CLUBS JACK,0.2852,0.0562,0.6586
SPADES SEVEN HEARTS JACK,0.3752,0.0194,0.6054
SPADES SEVEN HEARTS TEN,0.368,0.0346,0.5974
DIAMONDS TWO CLUBS TWO,0.3602,0.1352,0.5046
DIAMONDS TWO CLUBS THREE,0.5162,0.2606,0.2232
HEARTS SIX DIAMONDS TWO,0.309,0.4872,0.2038
DIAMONDS TWO HEARTS QUEEN,0.433,0.0166,0.5504
DIAMONDS TWO HEARTS SEVEN,0.4258,0.0998,0.4744
DIAMONDS TWO HEARTS KING,0.4466,0.0106,0.5428
DIAMONDS TWO HEARTS EIGHT,0.4492,0.0678,0.483
DIAMONDS TWO HEARTS ACE,0.4336,0.0056,0.5608
DIAMONDS TWO HEARTS NINE,0.4424,0.044,0.5136
DIAMONDS TWO DIAMONDS QUEEN,0.4206,0.0168,0.5626
DIAMONDS TWO HEARTS TWO,0.374,0.1372,0.4888
DIAMONDS TWO DIAMONDS KING,0.4302,0.0084,0.5614
HEARTS THREE DIAMONDS TWO,0.5212,0.253,0.2258
DIAMONDS TWO DIAMONDS ACE,0.4074,0.006,0.5866
HEARTS FOUR DIAMONDS TWO,0.5118,0.1574,0.3308
DIAMONDS TWO HEARTS FIVE,0.5238,0.1504,0.3258
SPADES SEVEN HEARTS ACE,0.3674,0.0054,0.6272
DIAMONDS TWO DIAMONDS TEN,0.4186,0.0294,0.552
SPADES SEVEN HEARTS KING,0.372,0.0092,0.6188
DIAMONDS TWO DIAMONDS JACK,0.4094,0.0202,0.5704
SPADES SEVEN HEARTS QUEEN,0.3828,0.0122,0.605
DIAMONDS TWO SPADES NINE,0.4292,0.0426,0.5282
DIAMONDS TWO SPADES EIGHT,0.4224,0.0626,0.515
DIAMONDS TWO SPADES SEVEN,0.4228,0.1014,0.4758
DIAMONDS TWO SPADES FIVE,0.5156,0.1558,0.3286
DIAMONDS TWO SPADES FOUR,0.5162,0.1486,0.3352
DIAMONDS TWO SPADES TWO,0.3686,0.145,0.4864
CLUBS NINE DIAMONDS TWO,0.4526,0.0446,0.5028
CLUBS EIGHT DIAMONDS TWO,0.4398,0.0596,0.5006
DIAMONDS TWO CLUBS SEVEN,0.4356,0.1008,0.4636
CLUBS SIX DIAMONDS TWO,0.3232,0.469,0.2078
DIAMONDS TWO CLUBS FIVE,0.5136,0.1554,0.331
DIAMONDS TWO CLUBS FOUR,0.5216,0.153,0.3254
CLUBS FOUR SPADES FIVE,0.4558,0.1492,0.395
CLUBS FOUR SPADES FOUR,0.272,0.13,0.598
CLUBS FOUR SPADES TWO,0.5258,0.1474,0.3268
CLUBS FOUR SPADES NINE,0.4006,0.045,0.5544
CLUBS FOUR SPADES EIGHT,0.3832,0.0642,0.5526
CLUBS FOUR SPADES SEVEN,0.3868,0.098,0.5152
SPADES ACE DIAMONDS SIX,0.2734,0.0262,0.7004
SPADES QUEEN DIAMONDS SIX,0.2776,0.0482,0.6742
SPADES KING DIAMONDS SIX,0.2766,0.0416,0.6818
SPADES TEN DIAMONDS SIX,0.2862,0.0766,0.6372
SPADES JACK DIAMONDS SIX,0.275,0.062,0.663
SPADES QUEEN SPADES TWO,0.4004,0.016,0.5836
SPADES KING SPADES TWO,0.3896,0.0088,0.6016
SPADES ACE SPADES TWO,0.3776,0.0054,0.617
DIAMONDS JACK CLUBS JACK,0.1944,0.046,0.7596
DIAMONDS JACK CLUBS TEN,0.3822,0.0118,0.606
DIAMONDS JACK CLUBS KING,0.3808,0.0068,0.6124
DIAMONDS JACK CLUBS QUEEN,0.3758,0.01,0.6142
DIAMONDS THREE DIAMONDS JACK,0.2976,0.0472,0.6552
DIAMONDS THREE DIAMONDS TEN,0.2978,0.0672,0.635
DIAMONDS JACK CLUBS ACE,0.3818,0.005,0.6132
DIAMONDS THREE DIAMONDS KING,0.285,0.025,0.69
HEARTS THREE DIAMONDS THREE,0.2994,0.1094,0.5912
DIAMONDS THREE DIAMONDS QUEEN,0.2912,0.0316,0.6772
DIAMONDS THREE HEARTS TWO,0.5176,0.2584,0.224
HEARTS FIVE DIAMONDS THREE,0.5028,0.2552,0.242
DIAMONDS THREE DIAMONDS ACE,0.2654,0.0154,0.7192
HEARTS FOUR DIAMONDS THREE,0.5148,0.2478,0.2374
DIAMONDS THREE HEARTS SEVEN,0.2902,0.189,0.5208
SPADES TEN SPADES NINE,0.3084,0.0256,0.666
HEARTS SIX DIAMONDS THREE,0.07,0.9028,0.0272
SPADES JACK SPADES NINE,0.3272,0.017,0.6558
DIAMONDS THREE HEARTS NINE,0.3068,0.1,0.5932
HEARTS JACK DIAMONDS FOUR,0.4102,0.0202,0.5696
HEARTS KING HEARTS ACE,0.3664,0.0044,0.6292
SPADES TEN SPADES TWO,0.3978,0.0284,0.5738
DIAMONDS THREE HEARTS EIGHT,0.305,0.1356,0.5594
HEARTS TEN DIAMONDS FOUR,0.413,0.0262,0.5608
SPADES JACK SPADES TWO,0.3954,0.0218,0.5828
HEARTS QUEEN DIAMONDS FOUR,0.428,0.0082,0.5638
HEARTS KING DIAMONDS FOUR,0.4224,0.0084,0.5692
SPADES ACE SPADES NINE,0.3344,0.0054,0.6602
HEARTS ACE DIAMONDS FOUR,0.4014,0.0048,0.5938
SPADES KING SPADES NINE,0.3334,0.0068,0.6598
SPADES QUEEN SPADES NINE,0.3268,0.0144,0.6588
DIAMONDS THREE SPADES NINE,0.284,0.1078,0.6082
DIAMONDS THREE SPADES EIGHT,0.2898,0.1376,0.5726
DIAMONDS THREE SPADES SEVEN,0.2702,0.1938,0.536
CLUBS SIX DIAMONDS THREE,0.0772,0.898,0.0248
CLUBS ACE DIAMONDS FOUR,0.3976,0.0052,0.5972
CLUBS SIX CLUBS FIVE,0.2478,0.3928,0.3594
CLUBS SEVEN CLUBS FIVE,0.361,0.0878,0.5512
CLUBS SEVEN DIAMONDS THREE,0.291,0.188,0.521
DIAMONDS THREE CLUBS FOUR,0.506,0.2528,0.2412
CLUBS QUEEN DIAMONDS FOUR,0.4196,0.0148,0.5656
DIAMONDS THREE CLUBS FIVE,0.5032,0.26,0.2368
CLUBS KING DIAMONDS FOUR,0.4114,0.0058,0.5828
DIAMONDS THREE CLUBS TWO,0.5216,0.253,0.2254
DIAMONDS FOUR CLUBS TEN,0.4084,0.0268,0.5648
DIAMONDS THREE CLUBS THREE,0.3006,0.0906,0.6088
DIAMONDS FOUR CLUBS JACK,0.4102,0.0192,0.5706
DIAMONDS THREE SPADES FOUR,0.4856,0.2694,0.245
DIAMONDS THREE SPADES FIVE,0.4898,0.268,0.2422
DIAMONDS THREE SPADES TWO,0.5002,0.2578,0.242
CLUBS EIGHT DIAMONDS THREE,0.2954,0.1292,0.5754
CLUBS NINE DIAMONDS THREE,0.3136,0.103,0.5834
SPADES SEVEN CLUBS ACE,0.3544,0.0046,0.641
SPADES SEVEN CLUBS QUEEN,0.3708,0.0118,0.6174
SPADES SEVEN CLUBS KING,0.3788,0.007,0.6142
CLUBS FIVE SPADES SEVEN,0.3642,0.0948,0.541
SPADES SEVEN CLUBS TEN,0.3574,0.0256,0.617
SPADES SEVEN CLUBS JACK,0.3674,0.0206,0.612
SPADES NINE CLUBS FIVE,0.3808,0.044,0.5752
CLUBS FIVE SPADES EIGHT,0.3742,0.0694,0.5564
CLUBS FIVE SPADES TWO,0.5124,0.149,0.3386
CLUBS FIVE SPADES FIVE,0.2532,0.1274,0.6194
CLUBS FIVE SPADES FOUR,0.457,0.149,0.394
CLUBS NINE CLUBS FIVE,0.3782,0.0402,0.5816
CLUBS EIGHT CLUBS FIVE,0.3622,0.061,0.5768
CLUBS ACE CLUBS QUEEN,0.3678,0.0046,0.6276
CLUBS KING CLUBS QUEEN,0.3658,0.006,0.6282
DIAMONDS TEN DIAMONDS FOUR,0.3786,0.024,0.5974
DIAMONDS NINE CLUBS TEN,0.3624,0.021,0.6166
DIAMONDS JACK DIAMONDS FOUR,0.3904,0.0212,0.5884
DIAMONDS NINE CLUBS JACK,0.3714,0.0214,0.6072
SPADES NINE CLUBS JACK,0.3588,0.0176,0.6236
SPADES NINE CLUBS TEN,0.3718,0.0224,0.6058
DIAMONDS ACE DIAMONDS FOUR,0.3724,0.004,0.6236
HEARTS FOUR DIAMONDS FOUR,0.2734,0.1382,0.5884
DIAMONDS JACK HEARTS TEN,0.379,0.0136,0.6074
SPADES NINE CLUBS KING,0.3722,0.0056,0.6222
DIAMONDS TWO SPADES TEN,0.4286,0.0292,0.5422
DIAMONDS NINE CLUBS ACE,0.388,0.0044,0.6076
HEARTS FIVE DIAMONDS FOUR,0.4662,0.1516,0.3822
HEARTS JACK DIAMONDS JACK,0.1972,0.0424,0.7604
SPADES NINE CLUBS QUEEN,0.385,0.0106,0.6044
DIAMONDS TWO SPADES JACK,0.421,0.0192,0.5598
DIAMONDS QUEEN DIAMONDS FOUR,0.403,0.0136,0.5834
HEARTS TWO DIAMONDS FOUR,0.5258,0.152,0.3222
DIAMONDS NINE CLUBS QUEEN,0.3826,0.0114,0.606
DIAMONDS KING DIAMONDS FOUR,0.3826,0.0098,0.6076
HEARTS THREE DIAMONDS FOUR,0.5006,0.2652,0.2342
SPADES NINE CLUBS ACE,0.3736,0.0056,0.6208
DIAMONDS NINE CLUBS KING,0.3736,0.0072,0.6192
HEARTS ACE DIAMONDS JACK,0.3878,0.0048,0.6074
SPADES ACE DIAMONDS TWO,0.4166,0.0068,0.5766
DIAMONDS JACK HEARTS QUEEN,0.3888,0.0126,0.5986
SPADES QUEEN DIAMONDS TWO,0.4214,0.0146,0.564
HEARTS KING DIAMONDS JACK,0.3842,0.0078,0.608
SPADES KING DIAMONDS TWO,0.4294,0.01,0.5606
SPADES JACK SPADES SEVEN,0.3306,0.018,0.6514
SPADES TEN SPADES SEVEN,0.3336,0.0232,0.6432
CLUBS SEVEN CLUBS THREE,0.2738,0.1748,0.5514
CLUBS SIX CLUBS THREE,0.0666,0.8598,0.0736
CLUBS FIVE CLUBS THREE,0.471,0.2544,0.2746
CLUBS FOUR CLUBS THREE,0.4706,0.2476,0.2818
CLUBS NINE CLUBS THREE,0.2962,0.0962,0.6076
CLUBS EIGHT CLUBS THREE,0.2722,0.1338,0.594
CLUBS THREE SPADES FIVE,0.4956,0.2666,0.2378
CLUBS THREE SPADES FOUR,0.4874,0.2738,0.2388
CLUBS THREE SPADES TWO,0.491,0.2678,0.2412
SPADES SEVEN CLUBS THREE,0.2712,0.1814,0.5474
SPADES EIGHT CLUBS THREE,0.2884,0.1386,0.573
SPADES NINE CLUBS THREE,0.281,0.1022,0.6168
SPADES TWO DIAMONDS FOUR,0.5096,0.1572,0.3332
SPADES FOUR DIAMONDS FOUR,0.2774,0.1288,0.5938
SPADES FIVE DIAMONDS FOUR,0.4654,0.1694,0.3652
SPADES SEVEN DIAMONDS FOUR,0.3744,0.0982,0.5274
SPADES EIGHT DIAMONDS FOUR,0.3818,0.067,0.5512
SPADES NINE DIAMONDS FOUR,0.3906,0.0428,0.5666
CLUBS FIVE DIAMONDS FOUR,0.4758,0.1548,0.3694
CLUBS FOUR DIAMONDS FOUR,0.282,0.1402,0.5778
CLUBS SEVEN DIAMONDS FOUR,0.3794,0.1052,0.5154
CLUBS SIX DIAMONDS FOUR,0.263,0.4732,0.2638
CLUBS NINE DIAMONDS FOUR,0.4078,0.0402,0.552
CLUBS EIGHT DIAMONDS FOUR,0.4048,0.0752,0.52
DIAMONDS FOUR HEARTS SEVEN,0.392,0.0922,0.5158
HEARTS SIX DIAMONDS FOUR,0.2606,0.4864,0.253
HEARTS NINE DIAMONDS FOUR,0.4152,0.0492,0.5356
DIAMONDS FOUR HEARTS EIGHT,0.398,0.0634,0.5386
CLUBS THREE DIAMONDS FOUR,0.5028,0.2572,0.24
CLUBS TWO DIAMONDS FOUR,0.5324,0.1408,0.3268
DIAMONDS TEN DIAMONDS FIVE,0.3986,0.0286,0.5728
DIAMONDS JACK DIAMONDS FIVE,0.3846,0.0212,0.5942
DIAMONDS NINE HEARTS QUEEN,0.3834,0.0104,0.6062
HEARTS KING DIAMONDS NINE,0.3898,0.0072,0.603
DIAMONDS NINE HEARTS ACE,0.391,0.0028,0.6062
DIAMONDS NINE HEARTS TEN,0.379,0.0222,0.5988
DIAMONDS NINE HEARTS JACK,0.3712,0.0166,0.6122
CLUBS KING DIAMONDS SIX,0.303,0.0402,0.6568
CLUBS QUEEN DIAMONDS SIX,0.3074,0.0506,0.642
CLUBS ACE DIAMONDS SIX,0.2956,0.0248,0.6796
SPADES KING DIAMONDS FOUR,0.3948,0.0082,0.597
SPADES ACE SPADES SEVEN,0.3294,0.0038,0.6668
SPADES QUEEN DIAMONDS FOUR,0.3924,0.0156,0.592
SPADES QUEEN SPADES SEVEN,0.329,0.0122,0.6588
CLUBS JACK DIAMONDS SIX,0.2976,0.0574,0.645
SPADES KING SPADES SEVEN,0.334,0.0068,0.6592
SPADES ACE DIAMONDS FOUR,0.3764,0.005,0.6186
CLUBS TEN DIAMONDS SIX,0.3006,0.0774,0.622
CLUBS NINE CLUBS FOUR,0.3898,0.0474,0.5628
CLUBS EIGHT CLUBS FOUR,0.373,0.0598,0.5672
SPADES JACK DIAMONDS FOUR,0.3914,0.02,0.5886
SPADES TEN DIAMONDS FOUR,0.404,0.0296,0.5664
CLUBS FOUR CLUBS FIVE,0.4494,0.1384,0.4122
CLUBS SEVEN CLUBS FOUR,0.3624,0.0896,0.548
CLUBS SIX CLUBS FOUR,0.2402,0.4552,0.3046
CLUBS SEVEN SPADES EIGHT,0.3506,0.0588,0.5906
CLUBS SEVEN SPADES NINE,0.3618,0.0418,0.5964
CLUBS SEVEN SPADES SEVEN,0.1806,0.1054,0.714
CLUBS SEVEN SPADES FIVE,0.367,0.0924,0.5406
CLUBS SEVEN SPADES FOUR,0.3756,0.1004,0.524
CLUBS SEVEN SPADES TWO,0.4392,0.098,0.4628
CLUBS NINE CLUBS SEVEN,0.3448,0.0394,0.6158
CLUBS EIGHT CLUBS SEVEN,0.332,0.0546,0.6134
HEARTS SIX DIAMONDS FIVE,0.2618,0.4104,0.3278
DIAMONDS FIVE HEARTS SEVEN,0.3804,0.0976,0.522
DIAMONDS FIVE HEARTS EIGHT,0.388,0.0612,0.5508
HEARTS NINE DIAMONDS FIVE,0.3874,0.041,0.5716
DIAMONDS QUEEN DIAMONDS FIVE,0.3874,0.0128,0.5998
HEARTS TWO DIAMONDS FIVE,0.5346,0.1512,0.3142
HEARTS KING HEARTS EIGHT,0.3732,0.0064,0.6204
DIAMONDS KING DIAMONDS FIVE,0.394,0.008,0.598
HEARTS THREE DIAMONDS FIVE,0.5022,0.256,0.2418
HEARTS QUEEN HEARTS EIGHT,0.3716,0.0118,0.6166
DIAMONDS ACE DIAMONDS FIVE,0.3794,0.0046,0.616
HEARTS FOUR DIAMONDS FIVE,0.4722,0.1516,0.3762
HEARTS FIVE DIAMONDS FIVE,0.2706,0.125,0.6044
HEARTS ACE HEARTS EIGHT,0.3666,0.0046,0.6288
CLUBS FOUR DIAMONDS FIVE,0.4606,0.1562,0.3832
CLUBS FIVE DIAMONDS FIVE,0.269,0.1212,0.6098
CLUBS SIX DIAMONDS FIVE,0.2504,0.4264,0.3232
CLUBS SEVEN DIAMONDS FIVE,0.3916,0.0934,0.515
CLUBS TWO DIAMONDS FIVE,0.5134,0.1514,0.3352
CLUBS THREE DIAMONDS FIVE,0.5048,0.2584,0.2368
SPADES TWO DIAMONDS FIVE,0.5174,0.1522,0.3304
SPADES JACK DIAMONDS EIGHT,0.36,0.0182,0.6218
SPADES FIVE DIAMONDS FIVE,0.263,0.1224,0.6146
HEARTS JACK CLUBS TEN,0.374,0.0124,0.6136
SPADES TEN DIAMONDS EIGHT,0.357,0.0272,0.6158
SPADES FOUR DIAMONDS FIVE,0.4618,0.1538,0.3844
HEARTS JACK CLUBS JACK,0.1966,0.049,0.7544
HEARTS JACK CLUBS QUEEN,0.3734,0.0094,0.6172
CLUBS NINE DIAMONDS FIVE,0.404,0.0392,0.5568
HEARTS JACK CLUBS KING,0.3874,0.0076,0.605
CLUBS EIGHT DIAMONDS FIVE,0.3934,0.0608,0.5458
HEARTS JACK CLUBS ACE,0.3866,0.0052,0.6082
SPADES SEVEN DIAMONDS FIVE,0.3616,0.0976,0.5408
SPADES KING DIAMONDS EIGHT,0.3742,0.008,0.6178
SPADES QUEEN DIAMONDS EIGHT,0.3742,0.0118,0.614
SPADES NINE DIAMONDS FIVE,0.3872,0.042,0.5708
SPADES EIGHT DIAMONDS FIVE,0.365,0.0722,0.5628
SPADES ACE DIAMONDS EIGHT,0.3586,0.005,0.6364
DIAMONDS TEN DIAMONDS SIX,0.2818,0.0768,0.6414
HEARTS ACE DIAMONDS SEVEN,0.3936,0.0058,0.6006
DIAMONDS JACK DIAMONDS SIX,0.2646,0.0596,0.6758
HEARTS QUEEN DIAMONDS SEVEN,0.3834,0.0114,0.6052
HEARTS KING DIAMONDS SEVEN,0.372,0.0078,0.6202
DIAMONDS ACE DIAMONDS SIX,0.2758,0.0268,0.6974
HEARTS FOUR DIAMONDS SIX,0.2692,0.4708,0.26
SPADES TWO HEARTS JACK,0.441,0.0168,0.5422
HEARTS FIVE DIAMONDS SIX,0.2572,0.425,0.3178
SPADES TWO HEARTS TEN,0.4346,0.0334,0.532
DIAMONDS QUEEN DIAMONDS SIX,0.2796,0.0468,0.6736
HEARTS TWO DIAMONDS SIX,0.312,0.4732,0.2148
DIAMONDS KING DIAMONDS SIX,0.2784,0.0346,0.687
HEARTS THREE DIAMONDS SIX,0.0812,0.8986,0.0202
HEARTS EIGHT DIAMONDS SIX,0.2786,0.1402,0.5812
HEARTS NINE DIAMONDS SIX,0.292,0.1052,0.6028
HEARTS SIX DIAMONDS SIX,0.145,0.1144,0.7406
HEARTS SEVEN DIAMONDS SIX,0.2758,0.1798,0.5444
HEARTS TEN DIAMONDS SEVEN,0.3794,0.026,0.5946
CLUBS TWO DIAMONDS SIX,0.3076,0.4826,0.2098
HEARTS JACK DIAMONDS SEVEN,0.385,0.0168,0.5982
CLUBS THREE DIAMONDS SIX,0.0722,0.9036,0.0242
DIAMONDS EIGHT CLUBS JACK,0.3734,0.0154,0.6112
CLUBS SEVEN DIAMONDS SIX,0.2806,0.1808,0.5386
CLUBS SIX DIAMONDS SIX,0.1358,0.1164,0.7478
DIAMONDS EIGHT CLUBS TEN,0.3762,0.0266,0.5972
CLUBS FIVE DIAMONDS SIX,0.2482,0.4252,0.3266
CLUBS FOUR DIAMONDS SIX,0.2704,0.4662,0.2634
HEARTS ACE HEARTS JACK,0.359,0.0054,0.6356
DIAMONDS EIGHT CLUBS ACE,0.3892,0.0044,0.6064
HEARTS JACK HEARTS QUEEN,0.3674,0.01,0.6226
DIAMONDS EIGHT CLUBS KING,0.3866,0.0098,0.6036
CLUBS NINE DIAMONDS SIX,0.2806,0.1146,0.6048
HEARTS KING HEARTS JACK,0.3622,0.0076,0.6302
DIAMONDS EIGHT CLUBS QUEEN,0.3834,0.0108,0.6058
CLUBS EIGHT DIAMONDS SIX,0.2758,0.1442,0.58
SPADES TEN HEARTS KING,0.363,0.008,0.629
SPADES FIVE DIAMONDS SIX,0.2544,0.419,0.3266
HEARTS ACE SPADES TWO,0.4164,0.0062,0.5774
SPADES JACK HEARTS KING,0.3668,0.0076,0.6256
SPADES FOUR DIAMONDS SIX,0.256,0.473,0.271
SPADES TWO HEARTS QUEEN,0.4418,0.0146,0.5436
SPADES ACE SPADES KING,0.3274,0.0058,0.6668
HEARTS KING SPADES TWO,0.436,0.0102,0.5538
SPADES TWO DIAMONDS SIX,0.3098,0.4844,0.2058
HEARTS TEN HEARTS EIGHT,0.3584,0.0252,0.6164
SPADES NINE DIAMONDS SIX,0.2846,0.1106,0.6048
HEARTS JACK HEARTS EIGHT,0.3522,0.0178,0.63
SPADES EIGHT DIAMONDS SIX,0.256,0.1474,0.5966
SPADES SEVEN DIAMONDS SIX,0.2644,0.1914,0.5442
SPADES KING HEARTS KING,0.1856,0.0188,0.7956
SPADES QUEEN HEARTS KING,0.3758,0.007,0.6172
CLUBS ACE CLUBS KING,0.3622,0.0056,0.6322
SPADES ACE HEARTS KING,0.3542,0.005,0.6408
SPADES ACE HEARTS JACK,0.3702,0.0032,0.6266
SPADES QUEEN HEARTS JACK,0.359,0.0106,0.6304
SPADES KING HEARTS JACK,0.3572,0.0062,0.6366
SPADES TEN DIAMONDS TEN,0.1954,0.0566,0.748
SPADES JACK DIAMONDS TEN,0.351,0.0138,0.6352
SPADES ACE DIAMONDS TEN,0.3802,0.004,0.6158
SPADES JACK HEARTS JACK,0.1804,0.0472,0.7724
SPADES TEN HEARTS JACK,0.3532,0.0162,0.6306
SPADES QUEEN DIAMONDS TEN,0.3712,0.0118,0.617
SPADES KING DIAMONDS TEN,0.356,0.0088,0.6352
SPADES NINE DIAMONDS SEVEN,0.3516,0.042,0.6064
SPADES EIGHT DIAMONDS SEVEN,0.3484,0.0604,0.5912
SPADES SEVEN DIAMONDS SEVEN,0.1704,0.1088,0.7208
DIAMONDS KING DIAMONDS SEVEN,0.3686,0.0062,0.6252
HEARTS THREE DIAMONDS SEVEN,0.293,0.1798,0.5272
HEARTS KING DIAMONDS FIVE,0.4126,0.007,0.5804
DIAMONDS QUEEN DIAMONDS SEVEN,0.363,0.0144,0.6226
HEARTS TWO DIAMONDS SEVEN,0.436,0.0996,0.4644
HEARTS QUEEN DIAMONDS FIVE,0.4054,0.0126,0.582
HEARTS FIVE DIAMONDS SEVEN,0.373,0.0984,0.5286
DIAMONDS ACE DIAMONDS SEVEN,0.351,0.0028,0.6462
HEARTS FOUR DIAMONDS SEVEN,0.3834,0.0938,0.5228
HEARTS ACE DIAMONDS FIVE,0.3828,0.0052,0.612
HEARTS SEVEN DIAMONDS SEVEN,0.1854,0.0924,0.7222
HEARTS SIX DIAMONDS SEVEN,0.2834,0.1792,0.5374
HEARTS NINE DIAMONDS SEVEN,0.3594,0.038,0.6026
DIAMONDS SEVEN HEARTS EIGHT,0.3548,0.0566,0.5886
DIAMONDS JACK DIAMONDS SEVEN,0.3676,0.0178,0.6146
HEARTS JACK DIAMONDS FIVE,0.403,0.0178,0.5792
DIAMONDS TEN DIAMONDS SEVEN,0.3632,0.0296,0.6072
DIAMONDS FIVE HEARTS TEN,0.4044,0.0276,0.568
SPADES KING CLUBS TWO,0.4264,0.0094,0.5642
HEARTS KING CLUBS KING,0.2036,0.0168,0.7796
CLUBS EIGHT DIAMONDS SEVEN,0.3722,0.057,0.5708
SPADES QUEEN CLUBS TWO,0.4478,0.0156,0.5366
HEARTS KING CLUBS QUEEN,0.3948,0.0072,0.598
CLUBS NINE DIAMONDS SEVEN,0.3664,0.0438,0.5898
SPADES TWO CLUBS JACK,0.4326,0.022,0.5454
SPADES ACE CLUBS TWO,0.4146,0.0062,0.5792
SPADES TWO CLUBS TEN,0.4546,0.0248,0.5206
HEARTS KING CLUBS ACE,0.3952,0.004,0.6008
CLUBS SIX CLUBS SEVEN,0.2674,0.1786,0.554
SPADES TWO CLUBS KING,0.4546,0.011,0.5344
SPADES TWO DIAMONDS SEVEN,0.4366,0.1028,0.4606
CLUBS EIGHT CLUBS SIX,0.267,0.1374,0.5956
SPADES TWO CLUBS QUEEN,0.442,0.0132,0.5448
CLUBS NINE CLUBS SIX,0.2854,0.0976,0.617
SPADES FOUR DIAMONDS SEVEN,0.377,0.0898,0.5332
HEARTS KING CLUBS JACK,0.3904,0.0062,0.6034
SPADES FIVE DIAMONDS SEVEN,0.3716,0.088,0.5404
SPADES TWO CLUBS ACE,0.421,0.007,0.572
HEARTS KING CLUBS TEN,0.372,0.0064,0.6216
CLUBS SIX SPADES TWO,0.3182,0.4816,0.2002
CLUBS TWO DIAMONDS SEVEN,0.4406,0.0962,0.4632
CLUBS SIX SPADES FOUR,0.256,0.4834,0.2606
CLUBS THREE DIAMONDS SEVEN,0.2888,0.1854,0.5258
CLUBS SIX SPADES FIVE,0.2424,0.432,0.3256
CLUBS FOUR DIAMONDS SEVEN,0.3862,0.107,0.5068
CLUBS FIVE DIAMONDS SEVEN,0.3772,0.0942,0.5286
CLUBS SIX SPADES SEVEN,0.2494,0.1994,0.5512
CLUBS SIX DIAMONDS SEVEN,0.2846,0.1866,0.5288
CLUBS SIX SPADES EIGHT,0.26,0.1514,0.5886
SPADES JACK CLUBS TWO,0.4352,0.0186,0.5462
CLUBS SIX SPADES NINE,0.2802,0.1076,0.6122
SPADES TEN CLUBS TWO,0.4298,0.0352,0.535
CLUBS SEVEN DIAMONDS SEVEN,0.1804,0.1014,0.7182
CLUBS TWO CLUBS QUEEN,0.4122,0.0134,0.5744
CLUBS TWO CLUBS KING,0.4312,0.0066,0.5622
CLUBS THREE DIAMONDS EIGHT,0.303,0.1302,0.5668
CLUBS TWO CLUBS ACE,0.4064,0.0062,0.5874
CLUBS TWO DIAMONDS EIGHT,0.4336,0.0628,0.5036
DIAMONDS EIGHT HEARTS SEVEN,0.358,0.056,0.586
HEARTS SIX DIAMONDS EIGHT,0.2772,0.14,0.5828
DIAMONDS EIGHT HEARTS NINE,0.3736,0.0306,0.5958
CLUBS TWO CLUBS TEN,0.4136,0.0282,0.5582
DIAMONDS EIGHT HEARTS EIGHT,0.1922,0.0876,0.7202
CLUBS TWO CLUBS JACK,0.4172,0.0192,0.5636
CLUBS NINE DIAMONDS EIGHT,0.369,0.0364,0.5946
CLUBS EIGHT DIAMONDS EIGHT,0.1946,0.093,0.7124
CLUBS FIVE DIAMONDS EIGHT,0.3918,0.056,0.5522
CLUBS FOUR DIAMONDS EIGHT,0.3978,0.0684,0.5338
CLUBS SEVEN DIAMONDS EIGHT,0.3434,0.0576,0.599
CLUBS SIX DIAMONDS EIGHT,0.2772,0.1446,0.5782
DIAMONDS QUEEN DIAMONDS EIGHT,0.3672,0.0098,0.623
HEARTS TWO DIAMONDS EIGHT,0.4306,0.068,0.5014
DIAMONDS KING DIAMONDS EIGHT,0.3586,0.0068,0.6346
HEARTS THREE DIAMONDS EIGHT,0.2934,0.1306,0.576
DIAMONDS ACE DIAMONDS EIGHT,0.3646,0.0038,0.6316
HEARTS FOUR DIAMONDS EIGHT,0.405,0.0636,0.5314
HEARTS FIVE DIAMONDS EIGHT,0.3838,0.0638,0.5524
DIAMONDS EIGHT DIAMONDS TEN,0.3506,0.0228,0.6266
DIAMONDS EIGHT DIAMONDS JACK,0.367,0.0158,0.6172
CLUBS FOUR HEARTS ACE,0.396,0.0046,0.5994
CLUBS FOUR HEARTS QUEEN,0.411,0.0118,0.5772
CLUBS FOUR HEARTS KING,0.4042,0.0082,0.5876
CLUBS SIX HEARTS TEN,0.3012,0.082,0.6168
CLUBS SIX HEARTS JACK,0.3074,0.0642,0.6284
SPADES FOUR DIAMONDS EIGHT,0.393,0.0642,0.5428
SPADES FIVE DIAMONDS EIGHT,0.364,0.0644,0.5716
DIAMONDS EIGHT SPADES TWO,0.4264,0.067,0.5066
CLUBS FOUR HEARTS JACK,0.419,0.017,0.564
SPADES EIGHT DIAMONDS EIGHT,0.187,0.0832,0.7298
SPADES TEN DIAMONDS QUEEN,0.3612,0.0106,0.6282
SPADES TEN HEARTS TWO,0.4264,0.0278,0.5458
SPADES JACK HEARTS EIGHT,0.364,0.0186,0.6174
CLUBS FOUR HEARTS TEN,0.4124,0.0278,0.5598
SPADES NINE DIAMONDS EIGHT,0.357,0.039,0.604
SPADES TEN HEARTS EIGHT,0.3592,0.0274,0.6134
SPADES JACK HEARTS TWO,0.434,0.0186,0.5474
SPADES JACK DIAMONDS QUEEN,0.3588,0.012,0.6292
SPADES SEVEN DIAMONDS EIGHT,0.3392,0.0564,0.6044
SPADES ACE HEARTS TWO,0.4226,0.0062,0.5712
SPADES ACE DIAMONDS QUEEN,0.3584,0.006,0.6356
SPADES ACE HEARTS EIGHT,0.3698,0.004,0.6262
SPADES KING HEARTS EIGHT,0.3728,0.0088,0.6184
SPADES QUEEN HEARTS TWO,0.436,0.0146,0.5494
SPADES QUEEN DIAMONDS QUEEN,0.1842,0.0326,0.7832
SPADES KING DIAMONDS QUEEN,0.3724,0.0096,0.618
SPADES KING HEARTS TWO,0.4238,0.009,0.5672
SPADES QUEEN HEARTS EIGHT,0.3754,0.0122,0.6124
CLUBS TWO HEARTS TEN,0.4478,0.0282,0.524
CLUBS TWO HEARTS JACK,0.4518,0.0194,0.5288
SPADES SEVEN DIAMONDS NINE,0.3512,0.046,0.6028
SPADES NINE DIAMONDS NINE,0.1786,0.0772,0.7442
SPADES EIGHT DIAMONDS NINE,0.356,0.0388,0.6052
SPADES TEN CLUBS KING,0.3702,0.007,0.6228
SPADES JACK CLUBS KING,0.3838,0.0092,0.607
DIAMONDS NINE SPADES TWO,0.436,0.0492,0.5148
SPADES FIVE DIAMONDS NINE,0.4004,0.0372,0.5624
DIAMONDS NINE SPADES FOUR,0.3988,0.0428,0.5584
CLUBS NINE DIAMONDS NINE,0.2002,0.0788,0.721
CLUBS EIGHT DIAMONDS NINE,0.3594,0.0358,0.6048
CLUBS SIX DIAMONDS NINE,0.293,0.1042,0.6028
SPADES JACK CLUBS FOUR,0.4018,0.023,0.5752
SPADES TEN CLUBS FOUR,0.3966,0.0256,0.5778
CLUBS SEVEN DIAMONDS NINE,0.3728,0.0392,0.588
CLUBS FOUR DIAMONDS NINE,0.4168,0.0418,0.5414
CLUBS FIVE DIAMONDS NINE,0.3906,0.0454,0.564
CLUBS TWO DIAMONDS NINE,0.4358,0.042,0.5222
CLUBS THREE DIAMONDS NINE,0.3092,0.0924,0.5984
DIAMONDS NINE HEARTS EIGHT,0.3686,0.0356,0.5958
DIAMONDS NINE HEARTS NINE,0.1946,0.072,0.7334
HEARTS SIX DIAMONDS NINE,0.2892,0.1034,0.6074
DIAMONDS NINE HEARTS SEVEN,0.3614,0.042,0.5966
CLUBS EIGHT CLUBS NINE,0.3554,0.036,0.6086
DIAMONDS ACE DIAMONDS NINE,0.367,0.0056,0.6274
HEARTS FOUR DIAMONDS NINE,0.4062,0.0434,0.5504
HEARTS FIVE DIAMONDS NINE,0.3864,0.041,0.5726
CLUBS TWO HEARTS ACE,0.4268,0.0078,0.5654
SPADES ACE CLUBS FOUR,0.383,0.0068,0.6102
DIAMONDS QUEEN DIAMONDS NINE,0.3568,0.0096,0.6336
HEARTS TWO DIAMONDS NINE,0.4296,0.044,0.5264
CLUBS TWO HEARTS KING,0.4458,0.0104,0.5438
SPADES KING CLUBS FOUR,0.3908,0.01,0.5992
DIAMONDS KING DIAMONDS NINE,0.3664,0.0074,0.6262
HEARTS THREE DIAMONDS NINE,0.3112,0.0994,0.5894
CLUBS TWO HEARTS QUEEN,0.4458,0.012,0.5422
SPADES QUEEN CLUBS FOUR,0.3876,0.0134,0.599
DIAMONDS NINE DIAMONDS JACK,0.3682,0.0168,0.615
CLUBS EIGHT SPADES NINE,0.3534,0.0324,0.6142
DIAMONDS NINE DIAMONDS TEN,0.3582,0.0268,0.615
CLUBS EIGHT SPADES EIGHT,0.1812,0.0928,0.726
CLUBS EIGHT SPADES SEVEN,0.3494,0.0572,0.5934
CLUBS EIGHT SPADES FIVE,0.367,0.0712,0.5618
CLUBS EIGHT SPADES FOUR,0.3988,0.064,0.5372
CLUBS EIGHT SPADES TWO,0.4138,0.0688,0.5174
HEARTS SIX DIAMONDS TEN,0.2962,0.0736,0.6302
DIAMONDS TEN HEARTS SEVEN,0.379,0.0276,0.5934
DIAMONDS TEN HEARTS EIGHT,0.3804,0.0232,0.5964
CLUBS FOUR CLUBS JACK,0.3914,0.0176,0.591
DIAMONDS TEN HEARTS NINE,0.3874,0.0234,0.5892
CLUBS FOUR CLUBS TEN,0.3888,0.0238,0.5874
CLUBS FOUR CLUBS KING,0.3978,0.0058,0.5964
CLUBS FOUR CLUBS QUEEN,0.3952,0.0162,0.5886
CLUBS TWO DIAMONDS TEN,0.4414,0.0292,0.5294
CLUBS THREE DIAMONDS TEN,0.2996,0.0706,0.6298
CLUBS FOUR CLUBS ACE,0.3758,0.0064,0.6178
DIAMONDS JACK DIAMONDS TEN,0.3552,0.0148,0.63
DIAMONDS QUEEN DIAMONDS TEN,0.3648,0.0066,0.6286
HEARTS TWO DIAMONDS TEN,0.4434,0.0308,0.5258
DIAMONDS KING DIAMONDS TEN,0.3626,0.0086,0.6288
HEARTS THREE DIAMONDS TEN,0.3014,0.0648,0.6338
DIAMONDS ACE DIAMONDS TEN,0.3574,0.005,0.6376
HEARTS FOUR DIAMONDS TEN,0.4114,0.0236,0.565
CLUBS EIGHT HEARTS JACK,0.3904,0.0194,0.5902
HEARTS FIVE DIAMONDS TEN,0.4152,0.0246,0.5602
CLUBS EIGHT HEARTS TEN,0.3866,0.0254,0.588
CLUBS EIGHT HEARTS QUEEN,0.3968,0.011,0.5922
CLUBS EIGHT HEARTS KING,0.3936,0.0068,0.5996
CLUBS EIGHT HEARTS ACE,0.3906,0.0042,0.6052
CLUBS NINE SPADES TWO,0.4274,0.0482,0.5244
CLUBS NINE SPADES FIVE,0.3888,0.0448,0.5664
CLUBS NINE SPADES FOUR,0.4032,0.0506,0.5462
CLUBS NINE SPADES SEVEN,0.359,0.0408,0.6002
CLUBS NINE SPADES NINE,0.1924,0.08,0.7276
CLUBS TEN HEARTS EIGHT,0.3816,0.0284,0.59
CLUBS NINE SPADES EIGHT,0.3554,0.0394,0.6052
CLUBS JACK HEARTS EIGHT,0.3868,0.018,0.5952
CLUBS QUEEN HEARTS EIGHT,0.3788,0.012,0.6092
CLUBS KING HEARTS EIGHT,0.3832,0.0076,0.6092
CLUBS ACE HEARTS EIGHT,0.376,0.0038,0.6202
SPADES KING CLUBS KING,0.1884,0.0194,0.7922
SPADES QUEEN CLUBS KING,0.3678,0.0062,0.626
SPADES ACE CLUBS KING,0.381,0.0036,0.6154
DIAMONDS ACE HEARTS TEN,0.3902,0.0062,0.6036
HEARTS FOUR HEARTS TEN,0.3876,0.0256,0.5868
DIAMONDS ACE HEARTS JACK,0.3824,0.0032,0.6144
HEARTS FOUR HEARTS JACK,0.397,0.0164,0.5866
SPADES KING CLUBS FIVE,0.4066,0.0098,0.5836
SPADES QUEEN CLUBS FIVE,0.399,0.0152,0.5858
SPADES ACE CLUBS FIVE,0.3616,0.0058,0.6326
DIAMONDS JACK HEARTS SEVEN,0.3852,0.0166,0.5982
HEARTS SIX DIAMONDS JACK,0.3014,0.0642,0.6344
DIAMONDS JACK HEARTS NINE,0.3842,0.0134,0.6024
DIAMONDS JACK HEARTS EIGHT,0.3888,0.0184,0.5928
DIAMONDS KING DIAMONDS JACK,0.3528,0.0064,0.6408
HEARTS THREE DIAMONDS JACK,0.2952,0.0612,0.6436
SPADES FOUR HEARTS ACE,0.3852,0.0064,0.6084
DIAMONDS QUEEN DIAMONDS JACK,0.357,0.0116,0.6314
HEARTS TWO DIAMONDS JACK,0.4492,0.0184,0.5324
HEARTS FIVE DIAMONDS JACK,0.3926,0.0222,0.5852
SPADES FOUR HEARTS QUEEN,0.409,0.015,0.576
DIAMONDS ACE DIAMONDS JACK,0.3674,0.0038,0.6288
HEARTS FOUR DIAMONDS JACK,0.4084,0.0194,0.5722
HEARTS KING SPADES FOUR,0.3978,0.0098,0.5924
SPADES FOUR DIAMONDS JACK,0.4072,0.0174,0.5754
SPADES FIVE DIAMONDS JACK,0.3912,0.0178,0.591
SPADES TWO DIAMONDS JACK,0.422,0.0198,0.5582
SPADES ACE DIAMONDS THREE,0.27,0.0138,0.7162
SPADES QUEEN DIAMONDS THREE,0.2904,0.0378,0.6718
CLUBS EIGHT DIAMONDS JACK,0.3864,0.0166,0.597
SPADES KING DIAMONDS THREE,0.2952,0.027,0.6778
CLUBS NINE DIAMONDS JACK,0.39,0.017,0.593
CLUBS SIX DIAMONDS JACK,0.2964,0.0632,0.6404
CLUBS SEVEN DIAMONDS JACK,0.3834,0.017,0.5996
CLUBS FOUR DIAMONDS JACK,0.4134,0.019,0.5676
CLUBS FIVE DIAMONDS JACK,0.4058,0.0148,0.5794
CLUBS TWO DIAMONDS JACK,0.4434,0.0228,0.5338
CLUBS THREE DIAMONDS JACK,0.3006,0.0514,0.648
SPADES TEN CLUBS FIVE,0.395,0.0318,0.5732
HEARTS SIX SPADES JACK,0.278,0.0592,0.6628
HEARTS SIX SPADES TEN,0.2814,0.0818,0.6368
SPADES JACK CLUBS FIVE,0.3854,0.0214,0.5932
SPADES JACK DIAMONDS THREE,0.2864,0.0532,0.6604
CLUBS SEVEN CLUBS ACE,0.3566,0.006,0.6374
DIAMONDS THREE SPADES TEN,0.2918,0.0746,0.6336
CLUBS SEVEN CLUBS QUEEN,0.3464,0.0132,0.6404
CLUBS SEVEN CLUBS KING,0.3574,0.0082,0.6344
SPADES NINE DIAMONDS JACK,0.3644,0.0136,0.622
CLUBS SEVEN CLUBS TEN,0.36,0.024,0.616
DIAMONDS ACE HEARTS ACE,0.1888,0.0034,0.8078
HEARTS FOUR HEARTS ACE,0.3736,0.0062,0.6202
SPADES EIGHT DIAMONDS JACK,0.3546,0.0176,0.6278
SPADES ACE HEARTS SIX,0.2864,0.0258,0.6878
CLUBS SEVEN CLUBS JACK,0.3578,0.0218,0.6204
DIAMONDS ACE HEARTS KING,0.3838,0.0046,0.6116
HEARTS FOUR HEARTS KING,0.3816,0.0096,0.6088
SPADES SEVEN DIAMONDS JACK,0.3608,0.0188,0.6204
SPADES KING HEARTS SIX,0.2844,0.0412,0.6744
DIAMONDS ACE HEARTS QUEEN,0.392,0.0036,0.6044
HEARTS FOUR HEARTS QUEEN,0.3924,0.0136,0.594
SPADES QUEEN HEARTS SIX,0.2708,0.0484,0.6808
SPADES TWO DIAMONDS TEN,0.4444,0.0296,0.526
SPADES FOUR DIAMONDS TEN,0.4072,0.0306,0.5622
SPADES FIVE DIAMONDS TEN,0.3926,0.029,0.5784
SPADES SEVEN DIAMONDS TEN,0.3554,0.0288,0.6158
SPADES EIGHT DIAMONDS TEN,0.3688,0.0236,0.6076
SPADES NINE DIAMONDS TEN,0.3516,0.0244,0.624
CLUBS FOUR DIAMONDS TEN,0.4016,0.0286,0.5698
CLUBS FIVE DIAMONDS TEN,0.4,0.0256,0.5744
CLUBS SIX DIAMONDS TEN,0.309,0.079,0.612
CLUBS SEVEN DIAMONDS TEN,0.389,0.0256,0.5854
CLUBS EIGHT DIAMONDS TEN,0.3706,0.0256,0.6038
CLUBS NINE DIAMONDS TEN,0.369,0.0238,0.6072
DIAMONDS THREE CLUBS JACK,0.3138,0.0478,0.6384
DIAMONDS THREE CLUBS TEN,0.3116,0.0702,0.6182
DIAMONDS THREE CLUBS KING,0.325,0.0292,0.6458
DIAMONDS THREE CLUBS QUEEN,0.3022,0.0386,0.6592
DIAMONDS THREE CLUBS ACE,0.2934,0.016,0.6906
SPADES FOUR HEARTS JACK,0.4172,0.0216,0.5612
SPADES FOUR HEARTS TEN,0.4148,0.0304,0.5548
SPADES FIVE SPADES TWO,0.5008,0.1566,0.3426
SPADES FOUR SPADES TWO,0.4974,0.1574,0.3452
SPADES NINE SPADES TWO,0.376,0.049,0.575
SPADES EIGHT SPADES TWO,0.3826,0.0662,0.5512
SPADES SEVEN SPADES TWO,0.3958,0.107,0.4972
DIAMONDS QUEEN CLUBS THREE,0.319,0.0332,0.6478
HEARTS TWO CLUBS THREE,0.4966,0.2692,0.2342
DIAMONDS QUEEN CLUBS TWO,0.4428,0.0152,0.542
CLUBS TWO HEARTS TWO,0.3798,0.134,0.4862
DIAMONDS QUEEN HEARTS SEVEN,0.3918,0.01,0.5982
HEARTS TWO HEARTS SEVEN,0.408,0.0988,0.4932
HEARTS SIX DIAMONDS QUEEN,0.2902,0.0458,0.664
HEARTS SIX HEARTS TWO,0.2944,0.4566,0.249
DIAMONDS QUEEN HEARTS NINE,0.387,0.0122,0.6008
HEARTS TWO HEARTS NINE,0.4166,0.0426,0.5408
DIAMONDS QUEEN HEARTS EIGHT,0.3858,0.0136,0.6006
HEARTS TWO HEARTS EIGHT,0.411,0.055,0.534
CLUBS NINE HEARTS TWO,0.4394,0.0442,0.5164
CLUBS NINE DIAMONDS QUEEN,0.388,0.0124,0.5996
CLUBS EIGHT HEARTS TWO,0.4462,0.0644,0.4894
CLUBS EIGHT DIAMONDS QUEEN,0.3774,0.0096,0.613
CLUBS FIVE DIAMONDS QUEEN,0.4102,0.0114,0.5784
CLUBS FIVE HEARTS TWO,0.5222,0.1524,0.3254
SPADES EIGHT HEARTS ACE,0.3754,0.0042,0.6204
CLUBS FOUR DIAMONDS QUEEN,0.4122,0.0124,0.5754
CLUBS FOUR HEARTS TWO,0.5218,0.1472,0.331
SPADES EIGHT HEARTS QUEEN,0.3652,0.0104,0.6244
CLUBS SEVEN HEARTS TWO,0.4462,0.0954,0.4584
CLUBS SEVEN DIAMONDS QUEEN,0.3904,0.013,0.5966
CLUBS SIX DIAMONDS QUEEN,0.3036,0.0532,0.6432
CLUBS SIX HEARTS TWO,0.3252,0.4712,0.2036
SPADES EIGHT HEARTS KING,0.366,0.0072,0.6268
HEARTS FOUR CLUBS QUEEN,0.4104,0.0128,0.5768
DIAMONDS ACE CLUBS QUEEN,0.3812,0.003,0.6158
DIAMONDS QUEEN SPADES SEVEN,0.373,0.013,0.614
HEARTS TWO SPADES SEVEN,0.419,0.105,0.476
HEARTS FOUR CLUBS KING,0.4124,0.0078,0.5798
DIAMONDS ACE CLUBS KING,0.3854,0.0036,0.611
DIAMONDS QUEEN SPADES EIGHT,0.3788,0.0122,0.609
SPADES EIGHT HEARTS TWO,0.4176,0.069,0.5134
HEARTS FOUR CLUBS ACE,0.391,0.0062,0.6028
DIAMONDS ACE CLUBS ACE,0.1938,0.0048,0.8014
SPADES NINE DIAMONDS QUEEN,0.3784,0.0096,0.612
SPADES NINE HEARTS TWO,0.4392,0.0508,0.51
HEARTS TWO SPADES TWO,0.37,0.1376,0.4924
DIAMONDS QUEEN SPADES TWO,0.4362,0.0174,0.5464
HEARTS TWO SPADES FOUR,0.5006,0.164,0.3354
DIAMONDS QUEEN SPADES FOUR,0.3956,0.0146,0.5898
HEARTS FOUR CLUBS TEN,0.4082,0.029,0.5628
DIAMONDS ACE CLUBS TEN,0.388,0.0032,0.6088
HEARTS TWO SPADES FIVE,0.5136,0.1466,0.3398
DIAMONDS QUEEN SPADES FIVE,0.3894,0.0148,0.5958
HEARTS FOUR CLUBS JACK,0.4164,0.0218,0.5618
DIAMONDS ACE CLUBS JACK,0.3994,0.0056,0.595
CLUBS FIVE CLUBS KING,0.3804,0.0102,0.6094
CLUBS FIVE CLUBS QUEEN,0.3816,0.0128,0.6056
CLUBS FIVE CLUBS ACE,0.3684,0.004,0.6276
CLUBS FIVE CLUBS JACK,0.387,0.0184,0.5946
CLUBS FIVE CLUBS TEN,0.3894,0.0276,0.583
SPADES KING CLUBS JACK,0.3796,0.0062,0.6142
SPADES QUEEN CLUBS JACK,0.3726,0.0102,0.6172
SPADES ACE CLUBS JACK,0.366,0.0044,0.6296
SPADES EIGHT HEARTS JACK,0.37,0.0194,0.6106
SPADES EIGHT HEARTS TEN,0.3546,0.0248,0.6206
SPADES TEN CLUBS JACK,0.36,0.0154,0.6246
SPADES JACK CLUBS JACK,0.1854,0.0422,0.7724
SPADES QUEEN CLUBS SEVEN,0.3698,0.0144,0.6158
SPADES KING CLUBS SEVEN,0.3714,0.0076,0.621
SPADES ACE CLUBS SEVEN,0.367,0.0056,0.6274
SPADES JACK CLUBS SEVEN,0.3858,0.0182,0.596
CLUBS SEVEN SPADES TEN,0.3642,0.0276,0.6082
HEARTS SIX CLUBS TEN,0.2934,0.082,0.6246
HEARTS SIX CLUBS JACK,0.2934,0.0618,0.6448
CLUBS ACE CLUBS JACK,0.3576,0.0032,0.6392
HEARTS SIX CLUBS QUEEN,0.3104,0.0496,0.64
HEARTS SIX CLUBS KING,0.3078,0.0382,0.654
HEARTS SIX CLUBS ACE,0.2862,0.0262,0.6876
CLUBS QUEEN CLUBS JACK,0.354,0.01,0.636
CLUBS KING CLUBS JACK,0.3616,0.0062,0.6322
DIAMONDS THREE HEARTS ACE,0.2818,0.0172,0.701
DIAMONDS THREE HEARTS QUEEN,0.3122,0.0408,0.647
DIAMONDS THREE HEARTS KING,0.3102,0.0322,0.6576
CLUBS FIVE HEARTS JACK,0.4112,0.0182,0.5706
SPADES TEN DIAMONDS ACE,0.364,0.004,0.632
HEARTS FOUR SPADES TEN,0.3988,0.0302,0.571
CLUBS FIVE HEARTS TEN,0.4076,0.0304,0.562
HEARTS FOUR SPADES JACK,0.3838,0.0172,0.599
SPADES JACK DIAMONDS ACE,0.3688,0.004,0.6272
SPADES ACE HEARTS FOUR,0.3894,0.0054,0.6052
SPADES ACE DIAMONDS ACE,0.1724,0.0056,0.822
CLUBS FIVE HEARTS ACE,0.3862,0.0044,0.6094
CLUBS FIVE HEARTS KING,0.409,0.0058,0.5852
HEARTS FOUR SPADES QUEEN,0.3924,0.013,0.5946
SPADES QUEEN DIAMONDS ACE,0.3794,0.0034,0.6172
SPADES FOUR CLUBS JACK,0.4102,0.0186,0.5712
CLUBS FIVE HEARTS QUEEN,0.4126,0.0128,0.5746
SPADES KING DIAMONDS ACE,0.3692,0.0048,0.626
HEARTS FOUR SPADES KING,0.3932,0.009,0.5978
SPADES FOUR CLUBS TEN,0.4086,0.0284,0.563
DIAMONDS QUEEN DIAMONDS ACE,0.3498,0.0058,0.6444
HEARTS TWO DIAMONDS ACE,0.427,0.0066,0.5664
HEARTS FOUR DIAMONDS QUEEN,0.418,0.0112,0.5708
HEARTS FOUR HEARTS TWO,0.4832,0.1438,0.373
DIAMONDS THREE HEARTS TEN,0.3074,0.0774,0.6152
SPADES FOUR CLUBS KING,0.4008,0.0096,0.5896
HEARTS FIVE DIAMONDS QUEEN,0.4168,0.012,0.5712
HEARTS FIVE HEARTS TWO,0.4922,0.1382,0.3696
DIAMONDS THREE HEARTS JACK,0.311,0.0494,0.6396
SPADES FOUR CLUBS QUEEN,0.4054,0.0142,0.5804
DIAMONDS QUEEN HEARTS TWO,0.451,0.0124,0.5366
DIAMONDS KING DIAMONDS QUEEN,0.3642,0.0052,0.6306
DIAMONDS KING HEARTS TWO,0.4592,0.0092,0.5316
HEARTS THREE DIAMONDS QUEEN,0.3008,0.0362,0.663
HEARTS THREE HEARTS TWO,0.4868,0.241,0.2722
SPADES FOUR CLUBS ACE,0.3942,0.0048,0.601
HEARTS TWO CLUBS ACE,0.4296,0.0058,0.5646
DIAMONDS QUEEN CLUBS ACE,0.3874,0.0034,0.6092
HEARTS TWO CLUBS QUEEN,0.4464,0.0138,0.5398
DIAMONDS QUEEN CLUBS QUEEN,0.209,0.0306,0.7604
HEARTS TWO CLUBS KING,0.4378,0.0078,0.5544
DIAMONDS QUEEN CLUBS KING,0.3914,0.005,0.6036
SPADES EIGHT SPADES FIVE,0.3248,0.0654,0.6098
HEARTS TWO CLUBS TEN,0.4522,0.029,0.5188
DIAMONDS QUEEN CLUBS TEN,0.3806,0.0128,0.6066
SPADES NINE SPADES FIVE,0.3502,0.0442,0.6056
HEARTS TWO CLUBS JACK,0.4442,0.0186,0.5372
DIAMONDS QUEEN CLUBS JACK,0.3834,0.007,0.6096
SPADES SEVEN SPADES FIVE,0.3214,0.0998,0.5788
DIAMONDS FIVE CLUBS QUEEN,0.4052,0.0132,0.5816
SPADES EIGHT CLUBS ACE,0.3638,0.0052,0.631
CLUBS KING DIAMONDS FIVE,0.4066,0.01,0.5834
SPADES EIGHT CLUBS KING,0.3666,0.0096,0.6238
CLUBS ACE DIAMONDS FIVE,0.3956,0.0036,0.6008
SPADES EIGHT CLUBS QUEEN,0.3754,0.0108,0.6138
SPADES EIGHT CLUBS JACK,0.3666,0.023,0.6104
SPADES EIGHT CLUBS TEN,0.3652,0.0256,0.6092
DIAMONDS FIVE CLUBS TEN,0.416,0.0246,0.5594
DIAMONDS FIVE CLUBS JACK,0.3996,0.0218,0.5786
HEARTS JACK DIAMONDS TEN,0.3762,0.015,0.6088
DIAMONDS TEN HEARTS TEN,0.1958,0.0592,0.745
SPADES ACE CLUBS NINE,0.3816,0.003,0.6154
CLUBS NINE SPADES QUEEN,0.3732,0.0072,0.6196
SPADES KING CLUBS NINE,0.372,0.0082,0.6198
HEARTS SIX HEARTS KING,0.2808,0.036,0.6832
DIAMONDS KING SPADES SEVEN,0.3636,0.0076,0.6288
HEARTS THREE SPADES SEVEN,0.2682,0.1966,0.5352
SPADES KING DIAMONDS SEVEN,0.3758,0.0082,0.616
HEARTS SIX HEARTS QUEEN,0.2786,0.0516,0.6698
SPADES QUEEN DIAMONDS SEVEN,0.3642,0.0146,0.6212
DIAMONDS KING SPADES NINE,0.3796,0.0056,0.6148
HEARTS THREE SPADES NINE,0.2802,0.1046,0.6152
HEARTS SIX HEARTS ACE,0.2818,0.0246,0.6936
DIAMONDS KING SPADES EIGHT,0.3764,0.0096,0.614
HEARTS THREE SPADES EIGHT,0.2944,0.1372,0.5684
SPADES ACE DIAMONDS SEVEN,0.3554,0.0058,0.6388
CLUBS NINE HEARTS THREE,0.3136,0.1006,0.5858
CLUBS NINE DIAMONDS KING,0.3966,0.0062,0.5972
CLUBS EIGHT HEARTS THREE,0.313,0.138,0.549
CLUBS EIGHT DIAMONDS KING,0.396,0.0072,0.5968
