opposingHand,winningChance,drawChance,lostChance
SPADES FOUR CLUBS KING
HEARTS FIVE SPADES TEN,0.5942,0.008,0.3978
SPADES JACK HEARTS FIVE,0.5972,0.0056,0.3972
SPADES FIVE CLUBS JACK,0.6204,0.0076,0.372
SPADES FIVE CLUBS TEN,0.6016,0.0084,0.39
CLUBS EIGHT CLUBS JACK,0.5486,0.007,0.4444
CLUBS EIGHT CLUBS TEN,0.5334,0.0048,0.4618
SPADES FIVE CLUBS ACE,0.3416,0.0048,0.6536
CLUBS EIGHT CLUBS QUEEN,0.5654,0.0066,0.428
SPADES FIVE CLUBS QUEEN,0.5836,0.0098,0.4066
CLUBS EIGHT CLUBS ACE,0.3496,0.0064,0.644
DIAMONDS TWO DIAMONDS THREE,0.6056,0.0106,0.3838
DIAMONDS TWO DIAMONDS FIVE,0.5764,0.0086,0.415
SPADES KING HEARTS FIVE,0.2156,0.4556,0.3288
DIAMONDS TWO DIAMONDS FOUR,0.6624,0.0392,0.2984
SPADES QUEEN HEARTS FIVE,0.6028,0.007,0.3902
DIAMONDS TWO DIAMONDS SEVEN,0.5862,0.0104,0.4034
DIAMONDS TWO DIAMONDS SIX,0.5838,0.011,0.4052
SPADES ACE HEARTS FIVE,0.3402,0.0046,0.6552
DIAMONDS TWO DIAMONDS NINE,0.5834,0.0074,0.4092
DIAMONDS TWO DIAMONDS EIGHT,0.6008,0.0086,0.3906
DIAMONDS THREE DIAMONDS FOUR,0.6578,0.0326,0.3096
DIAMONDS THREE DIAMONDS FIVE,0.5686,0.0086,0.4228
CLUBS TWO SPADES FIVE,0.6292,0.0094,0.3614
CLUBS TWO SPADES TWO,0.4502,0.021,0.5288
CLUBS TWO SPADES THREE,0.6574,0.0108,0.3318
DIAMONDS THREE DIAMONDS EIGHT,0.5924,0.0092,0.3984
SPADES EIGHT CLUBS TWO,0.6326,0.009,0.3584
DIAMONDS THREE DIAMONDS NINE,0.6034,0.0094,0.3872
SPADES NINE CLUBS TWO,0.6232,0.0088,0.368
DIAMONDS THREE DIAMONDS SIX,0.5732,0.009,0.4178
CLUBS TWO SPADES SIX,0.6342,0.0106,0.3552
DIAMONDS THREE DIAMONDS SEVEN,0.5852,0.0066,0.4082
CLUBS TWO SPADES SEVEN,0.6458,0.0118,0.3424
CLUBS SIX CLUBS TWO,0.6012,0.0112,0.3876
CLUBS SEVEN CLUBS TWO,0.6106,0.0086,0.3808
CLUBS FOUR CLUBS TWO,0.6818,0.0358,0.2824
CLUBS FIVE CLUBS TWO,0.606,0.0106,0.3834
CLUBS JACK CLUBS TEN,0.5212,0.0072,0.4716
DIAMONDS FOUR DIAMONDS SIX,0.6596,0.0334,0.307
CLUBS QUEEN CLUBS TEN,0.5292,0.0084,0.4624
DIAMONDS FOUR DIAMONDS SEVEN,0.6512,0.0322,0.3166
CLUBS ACE CLUBS TEN,0.341,0.0052,0.6538
CLUBS EIGHT CLUBS TWO,0.5932,0.0096,0.3972
DIAMONDS FIVE DIAMONDS FOUR,0.635,0.0312,0.3338
CLUBS NINE CLUBS TWO,0.599,0.0114,0.3896
DIAMONDS NINE DIAMONDS FOUR,0.671,0.0348,0.2942
DIAMONDS EIGHT DIAMONDS FOUR,0.6644,0.0306,0.305
CLUBS TWO CLUBS THREE,0.6118,0.0092,0.379
DIAMONDS NINE DIAMONDS FIVE,0.5526,0.0086,0.4388
DIAMONDS TWO CLUBS JACK,0.642,0.0082,0.3498
DIAMONDS EIGHT DIAMONDS FIVE,0.5452,0.0064,0.4484
DIAMONDS TWO CLUBS TEN,0.6324,0.0106,0.357
DIAMONDS FIVE DIAMONDS SEVEN,0.5422,0.008,0.4498
DIAMONDS FIVE DIAMONDS SIX,0.5326,0.0078,0.4596
DIAMONDS TWO CLUBS ACE,0.38,0.0052,0.6148
DIAMONDS TWO CLUBS QUEEN,0.6446,0.0086,0.3468
DIAMONDS EIGHT DIAMONDS SIX,0.5424,0.006,0.4516
DIAMONDS NINE DIAMONDS SIX,0.5294,0.0082,0.4624
HEARTS ACE SPADES THREE,0.367,0.0058,0.6272
HEARTS KING SPADES THREE,0.2658,0.5186,0.2156
DIAMONDS SEVEN DIAMONDS SIX,0.5182,0.0076,0.4742
SPADES THREE HEARTS QUEEN,0.6376,0.01,0.3524
SPADES THREE HEARTS JACK,0.637,0.0084,0.3546
SPADES THREE HEARTS TEN,0.6442,0.0074,0.3484
DIAMONDS EIGHT DIAMONDS SEVEN,0.5166,0.007,0.4764
DIAMONDS NINE DIAMONDS SEVEN,0.5182,0.0088,0.473
DIAMONDS NINE DIAMONDS EIGHT,0.5156,0.0064,0.478
DIAMONDS KING HEARTS TEN,0.2478,0.1142,0.638
HEARTS THREE HEARTS TEN,0.5916,0.0076,0.4008
CLUBS SIX SPADES JACK,0.6052,0.0078,0.387
DIAMONDS KING HEARTS JACK,0.2422,0.0856,0.6722
HEARTS THREE HEARTS JACK,0.584,0.0086,0.4074
CLUBS SIX SPADES TEN,0.5902,0.0076,0.4022
SPADES JACK SPADES FIVE,0.5824,0.008,0.4096
SPADES TEN SPADES FIVE,0.5738,0.008,0.4182
DIAMONDS KING HEARTS ACE,0.2332,0.0112,0.7556
HEARTS THREE HEARTS ACE,0.349,0.0044,0.6466
SPADES ACE CLUBS SIX,0.3536,0.0056,0.6408
DIAMONDS KING HEARTS QUEEN,0.2428,0.0562,0.701
HEARTS THREE HEARTS QUEEN,0.5888,0.009,0.4022
SPADES KING CLUBS SIX,0.2138,0.3864,0.3998
DIAMONDS KING HEARTS KING,0.0768,0.012,0.9112
HEARTS THREE HEARTS KING,0.2482,0.4894,0.2624
SPADES QUEEN CLUBS SIX,0.6058,0.0094,0.3848
SPADES NINE HEARTS TEN,0.548,0.0062,0.4458
SPADES NINE HEARTS JACK,0.5566,0.0062,0.4372
SPADES QUEEN SPADES FIVE,0.5756,0.0092,0.4152
SPADES KING SPADES FIVE,0.2026,0.4478,0.3496
SPADES ACE SPADES FIVE,0.3298,0.005,0.6652
SPADES NINE HEARTS QUEEN,0.5598,0.0056,0.4346
SPADES NINE HEARTS KING,0.2164,0.1718,0.6118
SPADES NINE HEARTS ACE,0.3488,0.0042,0.647
SPADES JACK CLUBS TEN,0.5316,0.0074,0.461
SPADES TEN CLUBS TEN,0.2918,0.0094,0.6988
SPADES ACE CLUBS TEN,0.3538,0.0042,0.642
SPADES KING CLUBS TEN,0.2382,0.1138,0.648
SPADES QUEEN CLUBS TEN,0.5436,0.0078,0.4486
SPADES FIVE HEARTS QUEEN,0.5978,0.0084,0.3938
HEARTS KING SPADES FIVE,0.2082,0.4668,0.325
SPADES FIVE HEARTS ACE,0.3458,0.005,0.6492
CLUBS EIGHT SPADES TEN,0.5652,0.0064,0.4284
HEARTS THREE SPADES JACK,0.6282,0.0074,0.3644
SPADES JACK DIAMONDS KING,0.2386,0.0878,0.6736
SPADES TEN DIAMONDS KING,0.2298,0.1232,0.647
HEARTS THREE SPADES TEN,0.6334,0.0082,0.3584
CLUBS EIGHT SPADES JACK,0.5716,0.0062,0.4222
SPADES ACE CLUBS EIGHT,0.3684,0.0062,0.6254
HEARTS FIVE CLUBS JACK,0.5976,0.0072,0.3952
CLUBS SIX HEARTS ACE,0.357,0.0042,0.6388
HEARTS FIVE CLUBS TEN,0.6098,0.0086,0.3816
CLUBS EIGHT SPADES QUEEN,0.58,0.0088,0.4112
SPADES THREE CLUBS TEN,0.639,0.01,0.351
CLUBS SIX HEARTS QUEEN,0.6018,0.0076,0.3906
CLUBS EIGHT SPADES KING,0.2266,0.2316,0.5418
SPADES THREE CLUBS JACK,0.6494,0.0078,0.3428
CLUBS SIX HEARTS KING,0.2324,0.387,0.3806
DIAMONDS TWO HEARTS JACK,0.6302,0.008,0.3618
SPADES THREE CLUBS QUEEN,0.6356,0.0088,0.3556
DIAMONDS TWO HEARTS TEN,0.635,0.0084,0.3566
HEARTS FIVE CLUBS ACE,0.3328,0.0078,0.6594
SPADES FIVE HEARTS TEN,0.5948,0.0072,0.398
SPADES THREE CLUBS ACE,0.3884,0.0078,0.6038
SPADES FIVE HEARTS JACK,0.5944,0.0078,0.3978
HEARTS FIVE CLUBS QUEEN,0.6026,0.0062,0.3912
HEARTS THREE CLUBS QUEEN,0.638,0.0098,0.3522
DIAMONDS KING CLUBS QUEEN,0.2422,0.067,0.6908
HEARTS FIVE HEARTS JACK,0.5664,0.0074,0.4262
HEARTS FIVE HEARTS TEN,0.5566,0.0068,0.4366
HEARTS THREE CLUBS ACE,0.3736,0.006,0.6204
DIAMONDS KING CLUBS ACE,0.219,0.012,0.769
SPADES ACE CLUBS QUEEN,0.3396,0.007,0.6534
SPADES KING CLUBS QUEEN,0.2398,0.0646,0.6956
HEARTS THREE CLUBS JACK,0.6334,0.0096,0.357
DIAMONDS KING CLUBS JACK,0.2234,0.0816,0.695
SPADES QUEEN CLUBS QUEEN,0.2732,0.0044,0.7224
HEARTS THREE CLUBS TEN,0.629,0.0088,0.3622
DIAMONDS KING CLUBS TEN,0.2434,0.109,0.6476
SPADES JACK CLUBS QUEEN,0.5618,0.01,0.4282
CLUBS SIX CLUBS QUEEN,0.5802,0.0074,0.4124
SPADES TEN CLUBS QUEEN,0.553,0.0066,0.4404
CLUBS SIX CLUBS ACE,0.3478,0.0048,0.6474
HEARTS FIVE HEARTS KING,0.2036,0.4312,0.3652
HEARTS FIVE HEARTS QUEEN,0.5672,0.008,0.4248
CLUBS SIX CLUBS TEN,0.5578,0.0096,0.4326
HEARTS FIVE HEARTS ACE,0.3286,0.005,0.6664
CLUBS SIX CLUBS JACK,0.566,0.0096,0.4244
SPADES SEVEN HEARTS JACK,0.5902,0.0062,0.4036
SPADES SEVEN HEARTS TEN,0.564,0.0056,0.4304
DIAMONDS TWO CLUBS TWO,0.4426,0.0202,0.5372
DIAMONDS TWO CLUBS THREE,0.6476,0.0078,0.3446
HEARTS SIX DIAMONDS TWO,0.6348,0.0082,0.357
DIAMONDS TWO HEARTS QUEEN,0.6242,0.0074,0.3684
DIAMONDS TWO HEARTS SEVEN,0.6482,0.0078,0.344
DIAMONDS TWO HEARTS KING,0.276,0.5064,0.2176
DIAMONDS TWO HEARTS EIGHT,0.6384,0.0072,0.3544
DIAMONDS TWO HEARTS ACE,0.382,0.0052,0.6128
DIAMONDS TWO HEARTS NINE,0.6324,0.009,0.3586
DIAMONDS TWO DIAMONDS QUEEN,0.5874,0.0078,0.4048
DIAMONDS TWO HEARTS TWO,0.4414,0.0174,0.5412
DIAMONDS TWO DIAMONDS KING,0.2578,0.4796,0.2626
HEARTS THREE DIAMONDS TWO,0.6554,0.011,0.3336
DIAMONDS TWO DIAMONDS ACE,0.3568,0.003,0.6402
HEARTS FOUR DIAMONDS TWO,0.7074,0.031,0.2616
DIAMONDS TWO HEARTS FIVE,0.6188,0.0126,0.3686
SPADES SEVEN HEARTS ACE,0.3598,0.0032,0.637
DIAMONDS TWO DIAMONDS TEN,0.5972,0.0086,0.3942
SPADES SEVEN HEARTS KING,0.224,0.2878,0.4882
DIAMONDS TWO DIAMONDS JACK,0.5972,0.0078,0.395
SPADES SEVEN HEARTS QUEEN,0.5926,0.0074,0.4
DIAMONDS TWO SPADES NINE,0.6328,0.01,0.3572
DIAMONDS TWO SPADES EIGHT,0.6354,0.0076,0.357
DIAMONDS TWO SPADES SEVEN,0.63,0.0066,0.3634
DIAMONDS TWO SPADES SIX,0.6252,0.0114,0.3634
DIAMONDS TWO SPADES FIVE,0.6152,0.0108,0.374
DIAMONDS TWO SPADES THREE,0.654,0.0096,0.3364
DIAMONDS TWO SPADES TWO,0.4378,0.0188,0.5434
CLUBS NINE DIAMONDS TWO,0.638,0.0078,0.3542
CLUBS EIGHT DIAMONDS TWO,0.6452,0.0102,0.3446
DIAMONDS TWO CLUBS SEVEN,0.635,0.0092,0.3558
CLUBS SIX DIAMONDS TWO,0.6328,0.0082,0.359
DIAMONDS TWO CLUBS FIVE,0.6152,0.0098,0.375
DIAMONDS TWO CLUBS FOUR,0.708,0.038,0.254
CLUBS FOUR SPADES FIVE,0.6698,0.0366,0.2936
CLUBS FOUR SPADES THREE,0.6968,0.0358,0.2674
CLUBS FOUR SPADES TWO,0.719,0.0346,0.2464
CLUBS FOUR SPADES NINE,0.731,0.0284,0.2406
CLUBS FOUR SPADES EIGHT,0.7134,0.032,0.2546
CLUBS FOUR SPADES SEVEN,0.7038,0.0342,0.262
CLUBS FOUR SPADES SIX,0.6892,0.0322,0.2786
SPADES ACE DIAMONDS SIX,0.3422,0.0048,0.653
SPADES QUEEN DIAMONDS SIX,0.589,0.0066,0.4044
SPADES KING DIAMONDS SIX,0.2198,0.3898,0.3904
SPADES TEN DIAMONDS SIX,0.5806,0.0086,0.4108
SPADES JACK DIAMONDS SIX,0.6086,0.0054,0.386
SPADES QUEEN SPADES TWO,0.5868,0.011,0.4022
SPADES KING SPADES TWO,0.2532,0.4972,0.2496
SPADES ACE SPADES TWO,0.3458,0.0068,0.6474
DIAMONDS JACK CLUBS JACK,0.2848,0.0056,0.7096
DIAMONDS JACK CLUBS TEN,0.5446,0.0068,0.4486
DIAMONDS JACK CLUBS QUEEN,0.5742,0.0098,0.416
DIAMONDS THREE DIAMONDS JACK,0.6032,0.0074,0.3894
DIAMONDS THREE DIAMONDS TEN,0.5828,0.0076,0.4096
DIAMONDS JACK CLUBS ACE,0.346,0.0052,0.6488
DIAMONDS THREE DIAMONDS KING,0.252,0.4864,0.2616
HEARTS THREE DIAMONDS THREE,0.4368,0.016,0.5472
DIAMONDS THREE DIAMONDS QUEEN,0.5892,0.007,0.4038
DIAMONDS THREE HEARTS TWO,0.6366,0.011,0.3524
HEARTS FIVE DIAMONDS THREE,0.6034,0.01,0.3866
DIAMONDS THREE DIAMONDS ACE,0.3564,0.0058,0.6378
HEARTS FOUR DIAMONDS THREE,0.6888,0.0386,0.2726
DIAMONDS THREE HEARTS SEVEN,0.624,0.009,0.367
SPADES TEN SPADES NINE,0.5056,0.01,0.4844
HEARTS SIX DIAMONDS THREE,0.6106,0.009,0.3804
SPADES JACK SPADES NINE,0.532,0.0076,0.4604
DIAMONDS THREE HEARTS NINE,0.6216,0.0078,0.3706
HEARTS JACK DIAMONDS FOUR,0.7238,0.0374,0.2388
HEARTS KING HEARTS ACE,0.2184,0.0112,0.7704
SPADES TEN SPADES TWO,0.5916,0.012,0.3964
DIAMONDS THREE HEARTS EIGHT,0.6414,0.0086,0.35
HEARTS TEN DIAMONDS FOUR,0.7214,0.0328,0.2458
SPADES JACK SPADES TWO,0.6048,0.009,0.3862
HEARTS QUEEN DIAMONDS FOUR,0.7232,0.0364,0.2404
HEARTS KING DIAMONDS FOUR,0.0204,0.9548,0.0248
SPADES ACE SPADES NINE,0.3328,0.0058,0.6614
HEARTS ACE DIAMONDS FOUR,0.2372,0.0268,0.736
SPADES KING SPADES NINE,0.2234,0.1574,0.6192
SPADES QUEEN SPADES NINE,0.5316,0.0094,0.459
DIAMONDS THREE SPADES NINE,0.6264,0.0094,0.3642
DIAMONDS THREE SPADES EIGHT,0.628,0.0086,0.3634
DIAMONDS THREE SPADES SEVEN,0.6226,0.007,0.3704
DIAMONDS THREE SPADES SIX,0.613,0.0078,0.3792
CLUBS SIX DIAMONDS THREE,0.6178,0.0102,0.372
CLUBS ACE DIAMONDS FOUR,0.2156,0.0288,0.7556
CLUBS SIX CLUBS FIVE,0.5398,0.0086,0.4516
CLUBS SEVEN CLUBS FIVE,0.5544,0.0094,0.4362
CLUBS SEVEN DIAMONDS THREE,0.617,0.0078,0.3752
DIAMONDS THREE CLUBS FOUR,0.7028,0.0326,0.2646
CLUBS QUEEN DIAMONDS FOUR,0.7294,0.039,0.2316
DIAMONDS THREE CLUBS FIVE,0.611,0.0102,0.3788
DIAMONDS THREE CLUBS TWO,0.6644,0.0104,0.3252
DIAMONDS FOUR CLUBS TEN,0.7246,0.0402,0.2352
DIAMONDS THREE CLUBS THREE,0.4486,0.0198,0.5316
DIAMONDS FOUR CLUBS JACK,0.7328,0.0368,0.2304
DIAMONDS THREE SPADES FIVE,0.6152,0.0102,0.3746
DIAMONDS THREE SPADES TWO,0.6554,0.0098,0.3348
DIAMONDS THREE SPADES THREE,0.4508,0.0208,0.5284
CLUBS EIGHT DIAMONDS THREE,0.6348,0.0094,0.3558
CLUBS NINE DIAMONDS THREE,0.6278,0.0068,0.3654
SPADES SEVEN CLUBS ACE,0.3504,0.0044,0.6452
SPADES SEVEN CLUBS QUEEN,0.5942,0.01,0.3958
CLUBS FIVE SPADES SEVEN,0.5734,0.0108,0.4158
SPADES SEVEN CLUBS TEN,0.5738,0.0072,0.419
CLUBS FIVE SPADES SIX,0.574,0.0092,0.4168
SPADES SEVEN CLUBS JACK,0.5854,0.0052,0.4094
SPADES NINE CLUBS FIVE,0.5816,0.0076,0.4108
CLUBS FIVE SPADES EIGHT,0.5894,0.0086,0.402
CLUBS FIVE SPADES THREE,0.6122,0.0104,0.3774
CLUBS FIVE SPADES TWO,0.627,0.0084,0.3646
CLUBS FIVE SPADES FIVE,0.341,0.017,0.642
CLUBS NINE CLUBS FIVE,0.5826,0.0072,0.4102
CLUBS EIGHT CLUBS FIVE,0.5602,0.008,0.4318
CLUBS ACE CLUBS QUEEN,0.316,0.0046,0.6794
DIAMONDS TEN DIAMONDS FOUR,0.6854,0.0376,0.277
DIAMONDS NINE CLUBS TEN,0.5452,0.0082,0.4466
DIAMONDS JACK DIAMONDS FOUR,0.6688,0.0346,0.2966
DIAMONDS NINE CLUBS JACK,0.5596,0.0072,0.4332
SPADES NINE CLUBS JACK,0.5536,0.0068,0.4396
SPADES NINE CLUBS TEN,0.5382,0.0068,0.455
DIAMONDS ACE DIAMONDS FOUR,0.2242,0.024,0.7518
HEARTS FOUR DIAMONDS FOUR,0.3128,0.0294,0.6578
DIAMONDS JACK HEARTS TEN,0.546,0.0054,0.4486
DIAMONDS TWO SPADES TEN,0.6362,0.0098,0.354
DIAMONDS NINE CLUBS ACE,0.353,0.004,0.643
HEARTS FIVE DIAMONDS FOUR,0.6652,0.0324,0.3024
HEARTS JACK DIAMONDS JACK,0.299,0.0048,0.6962
SPADES NINE CLUBS QUEEN,0.5842,0.007,0.4088
DIAMONDS TWO SPADES JACK,0.6268,0.0092,0.364
DIAMONDS QUEEN DIAMONDS FOUR,0.6824,0.0374,0.2802
HEARTS TWO DIAMONDS FOUR,0.709,0.0378,0.2532
DIAMONDS NINE CLUBS QUEEN,0.5752,0.0068,0.418
DIAMONDS KING DIAMONDS FOUR,0.0234,0.9012,0.0754
HEARTS THREE DIAMONDS FOUR,0.6862,0.034,0.2798
SPADES NINE CLUBS ACE,0.3528,0.0052,0.642
HEARTS ACE DIAMONDS JACK,0.3492,0.0038,0.647
SPADES ACE DIAMONDS TWO,0.3894,0.0066,0.604
DIAMONDS JACK HEARTS QUEEN,0.549,0.0056,0.4454
SPADES QUEEN DIAMONDS TWO,0.6382,0.0098,0.352
HEARTS KING DIAMONDS JACK,0.2318,0.0966,0.6716
SPADES KING DIAMONDS TWO,0.2546,0.5294,0.216
SPADES JACK SPADES SEVEN,0.5592,0.0076,0.4332
SPADES TEN SPADES SEVEN,0.5452,0.0088,0.446
CLUBS SEVEN CLUBS THREE,0.6206,0.0076,0.3718
CLUBS SIX CLUBS THREE,0.59,0.0094,0.4006
CLUBS FIVE CLUBS THREE,0.5792,0.0102,0.4106
CLUBS FOUR CLUBS THREE,0.6658,0.0356,0.2986
CLUBS NINE CLUBS THREE,0.5982,0.0072,0.3946
CLUBS EIGHT CLUBS THREE,0.6026,0.0092,0.3882
CLUBS THREE SPADES FIVE,0.6096,0.008,0.3824
CLUBS THREE SPADES THREE,0.447,0.0174,0.5356
CLUBS THREE SPADES TWO,0.653,0.0102,0.3368
CLUBS THREE SPADES SIX,0.6204,0.0076,0.372
SPADES SEVEN CLUBS THREE,0.6224,0.007,0.3706
SPADES EIGHT CLUBS THREE,0.6392,0.009,0.3518
SPADES NINE CLUBS THREE,0.6246,0.0086,0.3668
SPADES TWO DIAMONDS FOUR,0.7294,0.033,0.2376
SPADES THREE DIAMONDS FOUR,0.7018,0.0338,0.2644
SPADES FIVE DIAMONDS FOUR,0.656,0.0364,0.3076
SPADES SIX DIAMONDS FOUR,0.696,0.0306,0.2734
SPADES SEVEN DIAMONDS FOUR,0.6926,0.031,0.2764
SPADES EIGHT DIAMONDS FOUR,0.7196,0.0294,0.251
SPADES NINE DIAMONDS FOUR,0.7198,0.0332,0.247
CLUBS FIVE DIAMONDS FOUR,0.6714,0.0372,0.2914
CLUBS FOUR DIAMONDS FOUR,0.3024,0.026,0.6716
CLUBS SEVEN DIAMONDS FOUR,0.7042,0.0288,0.267
CLUBS SIX DIAMONDS FOUR,0.7072,0.0308,0.262
CLUBS NINE DIAMONDS FOUR,0.73,0.0384,0.2316
CLUBS EIGHT DIAMONDS FOUR,0.7078,0.0344,0.2578
DIAMONDS FOUR HEARTS SEVEN,0.6986,0.0292,0.2722
HEARTS SIX DIAMONDS FOUR,0.6794,0.0296,0.291
HEARTS NINE DIAMONDS FOUR,0.7366,0.032,0.2314
DIAMONDS FOUR HEARTS EIGHT,0.7058,0.0308,0.2634
CLUBS THREE DIAMONDS FOUR,0.6912,0.036,0.2728
CLUBS TWO DIAMONDS FOUR,0.721,0.0412,0.2378
DIAMONDS TEN DIAMONDS FIVE,0.5576,0.0086,0.4338
DIAMONDS JACK DIAMONDS FIVE,0.55,0.0094,0.4406
DIAMONDS NINE HEARTS QUEEN,0.5726,0.0054,0.422
HEARTS KING DIAMONDS NINE,0.2328,0.1644,0.6028
DIAMONDS NINE HEARTS ACE,0.3672,0.0044,0.6284
DIAMONDS NINE HEARTS TEN,0.5452,0.007,0.4478
DIAMONDS NINE HEARTS JACK,0.557,0.007,0.436
CLUBS QUEEN DIAMONDS SIX,0.5936,0.0076,0.3988
CLUBS ACE DIAMONDS SIX,0.354,0.004,0.642
SPADES KING DIAMONDS FOUR,0.0134,0.9692,0.0174
SPADES ACE SPADES SEVEN,0.3288,0.008,0.6632
SPADES QUEEN DIAMONDS FOUR,0.7344,0.0326,0.233
SPADES QUEEN SPADES SEVEN,0.5588,0.0062,0.435
CLUBS JACK DIAMONDS SIX,0.6126,0.0078,0.3796
SPADES KING SPADES SEVEN,0.2146,0.2848,0.5006
SPADES ACE DIAMONDS FOUR,0.23,0.0264,0.7436
CLUBS TEN DIAMONDS SIX,0.5984,0.0072,0.3944
CLUBS NINE CLUBS FOUR,0.6966,0.034,0.2694
CLUBS EIGHT CLUBS FOUR,0.691,0.0298,0.2792
SPADES JACK DIAMONDS FOUR,0.7238,0.0366,0.2396
SPADES TEN DIAMONDS FOUR,0.7196,0.0406,0.2398
CLUBS FOUR CLUBS FIVE,0.6436,0.0304,0.326
CLUBS SEVEN CLUBS FOUR,0.6776,0.0282,0.2942
CLUBS SIX CLUBS FOUR,0.6638,0.0282,0.308
CLUBS SEVEN SPADES EIGHT,0.5558,0.0064,0.4378
CLUBS SEVEN SPADES NINE,0.5462,0.0062,0.4476
CLUBS SEVEN SPADES SIX,0.575,0.009,0.416
CLUBS SEVEN SPADES SEVEN,0.3394,0.0132,0.6474
CLUBS SEVEN SPADES FIVE,0.573,0.0094,0.4176
CLUBS SEVEN SPADES THREE,0.6308,0.0084,0.3608
CLUBS SEVEN SPADES TWO,0.6522,0.01,0.3378
CLUBS NINE CLUBS SEVEN,0.546,0.0074,0.4466
CLUBS EIGHT CLUBS SEVEN,0.5298,0.0092,0.461
HEARTS SIX DIAMONDS FIVE,0.58,0.009,0.411
DIAMONDS FIVE HEARTS SEVEN,0.5786,0.0084,0.413
DIAMONDS FIVE HEARTS EIGHT,0.5946,0.008,0.3974
HEARTS NINE DIAMONDS FIVE,0.5796,0.009,0.4114
DIAMONDS QUEEN DIAMONDS FIVE,0.562,0.0084,0.4296
HEARTS TWO DIAMONDS FIVE,0.6342,0.0086,0.3572
HEARTS KING HEARTS EIGHT,0.2156,0.218,0.5664
DIAMONDS KING DIAMONDS FIVE,0.2146,0.44,0.3454
HEARTS THREE DIAMONDS FIVE,0.6092,0.0096,0.3812
HEARTS QUEEN HEARTS EIGHT,0.5364,0.0084,0.4552
DIAMONDS ACE DIAMONDS FIVE,0.3238,0.003,0.6732
HEARTS FOUR DIAMONDS FIVE,0.686,0.0312,0.2828
HEARTS FIVE DIAMONDS FIVE,0.3356,0.0178,0.6466
HEARTS ACE HEARTS EIGHT,0.3346,0.005,0.6604
CLUBS FOUR DIAMONDS FIVE,0.6844,0.035,0.2806
CLUBS FIVE DIAMONDS FIVE,0.3418,0.0168,0.6414
CLUBS SIX DIAMONDS FIVE,0.5664,0.0102,0.4234
CLUBS SEVEN DIAMONDS FIVE,0.5784,0.0064,0.4152
CLUBS TWO DIAMONDS FIVE,0.6306,0.011,0.3584
CLUBS THREE DIAMONDS FIVE,0.6208,0.0084,0.3708
SPADES THREE DIAMONDS FIVE,0.5962,0.0104,0.3934
SPADES TWO DIAMONDS FIVE,0.6186,0.0114,0.37
SPADES JACK DIAMONDS EIGHT,0.5594,0.0094,0.4312
SPADES FIVE DIAMONDS FIVE,0.3468,0.021,0.6322
HEARTS JACK CLUBS TEN,0.5476,0.0074,0.445
SPADES TEN DIAMONDS EIGHT,0.5668,0.0076,0.4256
HEARTS JACK CLUBS JACK,0.2968,0.0064,0.6968
HEARTS JACK CLUBS QUEEN,0.56,0.0078,0.4322
CLUBS NINE DIAMONDS FIVE,0.5884,0.0084,0.4032
CLUBS EIGHT DIAMONDS FIVE,0.5936,0.0074,0.399
HEARTS JACK CLUBS ACE,0.352,0.0044,0.6436
SPADES SEVEN DIAMONDS FIVE,0.5708,0.0102,0.419
SPADES KING DIAMONDS EIGHT,0.2238,0.2272,0.549
SPADES QUEEN DIAMONDS EIGHT,0.577,0.0086,0.4144
SPADES SIX DIAMONDS FIVE,0.5532,0.0088,0.438
SPADES NINE DIAMONDS FIVE,0.5828,0.0104,0.4068
SPADES EIGHT DIAMONDS FIVE,0.5774,0.007,0.4156
SPADES ACE DIAMONDS EIGHT,0.3656,0.0034,0.631
DIAMONDS TEN DIAMONDS SIX,0.555,0.0038,0.4412
HEARTS ACE DIAMONDS SEVEN,0.3622,0.0034,0.6344
DIAMONDS JACK DIAMONDS SIX,0.5558,0.0054,0.4388
HEARTS QUEEN DIAMONDS SEVEN,0.603,0.0056,0.3914
HEARTS KING DIAMONDS SEVEN,0.223,0.2986,0.4784
DIAMONDS ACE DIAMONDS SIX,0.3434,0.0046,0.652
HEARTS FOUR DIAMONDS SIX,0.693,0.0274,0.2796
HEARTS JACK SPADES TWO,0.6344,0.0078,0.3578
HEARTS FIVE DIAMONDS SIX,0.5564,0.0076,0.436
SPADES TWO HEARTS TEN,0.627,0.0062,0.3668
DIAMONDS QUEEN DIAMONDS SIX,0.5514,0.008,0.4406
HEARTS TWO DIAMONDS SIX,0.6308,0.0072,0.362
DIAMONDS KING DIAMONDS SIX,0.2112,0.3552,0.4336
HEARTS THREE DIAMONDS SIX,0.6096,0.0108,0.3796
HEARTS EIGHT DIAMONDS SIX,0.5652,0.008,0.4268
HEARTS NINE DIAMONDS SIX,0.5816,0.006,0.4124
HEARTS SIX DIAMONDS SIX,0.336,0.0144,0.6496
HEARTS SEVEN DIAMONDS SIX,0.5632,0.0072,0.4296
HEARTS TEN DIAMONDS SEVEN,0.5772,0.0068,0.416
CLUBS TWO DIAMONDS SIX,0.6474,0.0092,0.3434
HEARTS JACK DIAMONDS SEVEN,0.5944,0.0062,0.3994
CLUBS THREE DIAMONDS SIX,0.6166,0.0092,0.3742
DIAMONDS EIGHT CLUBS JACK,0.5722,0.008,0.4198
CLUBS SEVEN DIAMONDS SIX,0.5748,0.009,0.4162
CLUBS SIX DIAMONDS SIX,0.3428,0.0186,0.6386
DIAMONDS EIGHT CLUBS TEN,0.5576,0.0098,0.4326
CLUBS FIVE DIAMONDS SIX,0.5562,0.0082,0.4356
CLUBS FOUR DIAMONDS SIX,0.69,0.0298,0.2802
HEARTS ACE HEARTS JACK,0.3256,0.0064,0.668
DIAMONDS EIGHT CLUBS ACE,0.349,0.0042,0.6468
HEARTS JACK HEARTS QUEEN,0.528,0.0046,0.4674
CLUBS NINE DIAMONDS SIX,0.5852,0.0056,0.4092
HEARTS KING HEARTS JACK,0.218,0.0856,0.6964
DIAMONDS EIGHT CLUBS QUEEN,0.5848,0.0082,0.407
CLUBS EIGHT DIAMONDS SIX,0.5822,0.0098,0.408
SPADES TEN HEARTS KING,0.229,0.1234,0.6476
SPADES FIVE DIAMONDS SIX,0.559,0.009,0.432
HEARTS ACE SPADES TWO,0.3776,0.005,0.6174
SPADES JACK HEARTS KING,0.2148,0.0896,0.6956
SPADES THREE DIAMONDS SIX,0.6178,0.008,0.3742
SPADES TWO HEARTS QUEEN,0.6388,0.009,0.3522
SPADES ACE SPADES KING,0.2186,0.0142,0.7672
HEARTS KING SPADES TWO,0.268,0.5126,0.2194
SPADES TWO DIAMONDS SIX,0.6384,0.0086,0.353
HEARTS TEN HEARTS EIGHT,0.5324,0.0056,0.462
SPADES NINE DIAMONDS SIX,0.573,0.008,0.419
HEARTS JACK HEARTS EIGHT,0.5336,0.0046,0.4618
SPADES EIGHT DIAMONDS SIX,0.5714,0.0072,0.4214
SPADES SEVEN DIAMONDS SIX,0.5652,0.0088,0.426
SPADES SIX DIAMONDS SIX,0.3388,0.0158,0.6454
SPADES KING HEARTS KING,0.0758,0.0158,0.9084
SPADES QUEEN HEARTS KING,0.2364,0.0642,0.6994
SPADES ACE HEARTS KING,0.2226,0.0128,0.7646
SPADES ACE HEARTS JACK,0.3548,0.0052,0.64
SPADES QUEEN HEARTS JACK,0.5428,0.0058,0.4514
SPADES KING HEARTS JACK,0.2332,0.0918,0.675
SPADES TEN DIAMONDS TEN,0.3008,0.0088,0.6904
SPADES JACK DIAMONDS TEN,0.5508,0.0072,0.442
SPADES ACE DIAMONDS TEN,0.3302,0.0052,0.6646
SPADES JACK HEARTS JACK,0.2922,0.0082,0.6996
SPADES TEN HEARTS JACK,0.5398,0.0086,0.4516
SPADES QUEEN DIAMONDS TEN,0.5494,0.0074,0.4432
SPADES KING DIAMONDS TEN,0.2384,0.1194,0.6422
SPADES NINE DIAMONDS SEVEN,0.5432,0.0088,0.448
SPADES EIGHT DIAMONDS SEVEN,0.5482,0.007,0.4448
SPADES SEVEN DIAMONDS SEVEN,0.3322,0.0124,0.6554
SPADES SIX DIAMONDS SEVEN,0.5642,0.008,0.4278
DIAMONDS KING DIAMONDS SEVEN,0.208,0.2794,0.5126
HEARTS THREE DIAMONDS SEVEN,0.6256,0.0064,0.368
HEARTS KING DIAMONDS FIVE,0.2144,0.4556,0.33
DIAMONDS QUEEN DIAMONDS SEVEN,0.5576,0.01,0.4324
HEARTS TWO DIAMONDS SEVEN,0.6328,0.0098,0.3574
HEARTS QUEEN DIAMONDS FIVE,0.5994,0.0064,0.3942
HEARTS FIVE DIAMONDS SEVEN,0.5648,0.0074,0.4278
DIAMONDS ACE DIAMONDS SEVEN,0.337,0.0052,0.6578
HEARTS FOUR DIAMONDS SEVEN,0.6998,0.0306,0.2696
HEARTS ACE DIAMONDS FIVE,0.3578,0.0038,0.6384
HEARTS SEVEN DIAMONDS SEVEN,0.3318,0.0116,0.6566
HEARTS SIX DIAMONDS SEVEN,0.57,0.0068,0.4232
HEARTS NINE DIAMONDS SEVEN,0.56,0.0094,0.4306
DIAMONDS SEVEN HEARTS EIGHT,0.5682,0.0064,0.4254
DIAMONDS JACK DIAMONDS SEVEN,0.55,0.0056,0.4444
HEARTS JACK DIAMONDS FIVE,0.6148,0.0078,0.3774
DIAMONDS TEN DIAMONDS SEVEN,0.535,0.0058,0.4592
DIAMONDS FIVE HEARTS TEN,0.604,0.0066,0.3894
SPADES KING CLUBS TWO,0.2506,0.537,0.2124
CLUBS EIGHT DIAMONDS SEVEN,0.5594,0.0092,0.4314
SPADES QUEEN CLUBS TWO,0.6496,0.0086,0.3418
HEARTS KING CLUBS QUEEN,0.2366,0.0648,0.6986
CLUBS NINE DIAMONDS SEVEN,0.5704,0.0076,0.422
SPADES TWO CLUBS JACK,0.648,0.0076,0.3444
SPADES ACE CLUBS TWO,0.3848,0.0056,0.6096
SPADES TWO CLUBS TEN,0.6416,0.0098,0.3486
HEARTS KING CLUBS ACE,0.2286,0.011,0.7604
CLUBS SIX CLUBS SEVEN,0.5376,0.0076,0.4548
SPADES TWO DIAMONDS SEVEN,0.6452,0.0084,0.3464
CLUBS EIGHT CLUBS SIX,0.5458,0.0086,0.4456
SPADES THREE DIAMONDS SEVEN,0.6424,0.0086,0.349
SPADES TWO CLUBS QUEEN,0.6462,0.0072,0.3466
CLUBS NINE CLUBS SIX,0.5528,0.0062,0.441
HEARTS KING CLUBS JACK,0.2444,0.087,0.6686
SPADES FIVE DIAMONDS SEVEN,0.5708,0.0108,0.4184
SPADES TWO CLUBS ACE,0.3698,0.0046,0.6256
HEARTS KING CLUBS TEN,0.2312,0.1144,0.6544
CLUBS SIX SPADES TWO,0.645,0.007,0.348
CLUBS SIX SPADES THREE,0.6294,0.0098,0.3608
CLUBS TWO DIAMONDS SEVEN,0.6432,0.008,0.3488
CLUBS THREE DIAMONDS SEVEN,0.6338,0.0058,0.3604
CLUBS SIX SPADES FIVE,0.5716,0.0088,0.4196
CLUBS FOUR DIAMONDS SEVEN,0.6994,0.0334,0.2672
CLUBS SIX SPADES SIX,0.332,0.0166,0.6514
CLUBS FIVE DIAMONDS SEVEN,0.5674,0.0074,0.4252
CLUBS SIX SPADES SEVEN,0.5496,0.0108,0.4396
CLUBS SIX DIAMONDS SEVEN,0.563,0.0066,0.4304
CLUBS SIX SPADES EIGHT,0.5792,0.0082,0.4126
SPADES JACK CLUBS TWO,0.639,0.0074,0.3536
CLUBS SIX SPADES NINE,0.5784,0.0062,0.4154
SPADES TEN CLUBS TWO,0.6354,0.0074,0.3572
CLUBS SEVEN DIAMONDS SEVEN,0.3318,0.0146,0.6536
CLUBS TWO CLUBS QUEEN,0.6088,0.0106,0.3806
CLUBS THREE DIAMONDS EIGHT,0.6426,0.0078,0.3496
CLUBS TWO CLUBS ACE,0.3602,0.0076,0.6322
CLUBS TWO DIAMONDS EIGHT,0.6432,0.0076,0.3492
DIAMONDS EIGHT HEARTS SEVEN,0.5572,0.0062,0.4366
HEARTS SIX DIAMONDS EIGHT,0.583,0.0072,0.4098
DIAMONDS EIGHT HEARTS NINE,0.5514,0.0074,0.4412
CLUBS TWO CLUBS TEN,0.6142,0.008,0.3778
DIAMONDS EIGHT HEARTS EIGHT,0.3296,0.0096,0.6608
CLUBS TWO CLUBS JACK,0.611,0.0082,0.3808
CLUBS NINE DIAMONDS EIGHT,0.5594,0.007,0.4336
CLUBS EIGHT DIAMONDS EIGHT,0.3194,0.0106,0.67
CLUBS FIVE DIAMONDS EIGHT,0.5848,0.0098,0.4054
SPADES ACE SPADES THREE,0.35,0.0064,0.6436
CLUBS FOUR DIAMONDS EIGHT,0.707,0.037,0.256
SPADES QUEEN SPADES THREE,0.6004,0.0102,0.3894
CLUBS SEVEN DIAMONDS EIGHT,0.5488,0.0102,0.441
CLUBS SIX DIAMONDS EIGHT,0.588,0.0086,0.4034
SPADES KING SPADES THREE,0.2752,0.4824,0.2424
DIAMONDS QUEEN DIAMONDS EIGHT,0.5522,0.0072,0.4406
HEARTS TWO DIAMONDS EIGHT,0.63,0.0084,0.3616
DIAMONDS KING DIAMONDS EIGHT,0.208,0.2266,0.5654
HEARTS THREE DIAMONDS EIGHT,0.6398,0.008,0.3522
DIAMONDS ACE DIAMONDS EIGHT,0.3358,0.0056,0.6586
HEARTS FOUR DIAMONDS EIGHT,0.706,0.0342,0.2598
HEARTS FIVE DIAMONDS EIGHT,0.5796,0.0082,0.4122
DIAMONDS EIGHT DIAMONDS TEN,0.5226,0.0094,0.468
DIAMONDS EIGHT DIAMONDS JACK,0.5296,0.0062,0.4642
SPADES JACK SPADES THREE,0.595,0.006,0.399
SPADES TEN SPADES THREE,0.61,0.007,0.383
CLUBS FOUR HEARTS ACE,0.2316,0.023,0.7454
CLUBS FOUR HEARTS QUEEN,0.729,0.0368,0.2342
CLUBS FOUR HEARTS KING,0.0182,0.9702,0.0116
CLUBS SIX HEARTS TEN,0.5932,0.0112,0.3956
CLUBS SIX HEARTS JACK,0.6018,0.005,0.3932
SPADES FIVE DIAMONDS EIGHT,0.5812,0.0082,0.4106
DIAMONDS EIGHT SPADES TWO,0.6468,0.0094,0.3438
DIAMONDS EIGHT SPADES THREE,0.628,0.0096,0.3624
CLUBS FOUR HEARTS JACK,0.7326,0.0392,0.2282
SPADES EIGHT DIAMONDS EIGHT,0.3258,0.0106,0.6636
SPADES TEN DIAMONDS QUEEN,0.5332,0.011,0.4558
SPADES TEN HEARTS TWO,0.6254,0.0076,0.367
SPADES JACK HEARTS EIGHT,0.5724,0.0078,0.4198
CLUBS FOUR HEARTS TEN,0.7278,0.0376,0.2346
SPADES NINE DIAMONDS EIGHT,0.542,0.0078,0.4502
SPADES TEN HEARTS EIGHT,0.5514,0.0074,0.4412
SPADES JACK HEARTS TWO,0.6202,0.0076,0.3722
SPADES JACK DIAMONDS QUEEN,0.5442,0.012,0.4438
SPADES SIX DIAMONDS EIGHT,0.573,0.0094,0.4176
SPADES SEVEN DIAMONDS EIGHT,0.5606,0.0068,0.4326
SPADES ACE HEARTS TWO,0.3712,0.0052,0.6236
SPADES ACE DIAMONDS QUEEN,0.3516,0.0052,0.6432
SPADES ACE HEARTS EIGHT,0.3426,0.0046,0.6528
SPADES KING HEARTS EIGHT,0.225,0.2324,0.5426
SPADES QUEEN HEARTS TWO,0.6494,0.0104,0.3402
SPADES QUEEN DIAMONDS QUEEN,0.2772,0.0046,0.7182
SPADES KING DIAMONDS QUEEN,0.2278,0.0602,0.712
SPADES KING HEARTS TWO,0.2554,0.5238,0.2208
SPADES QUEEN HEARTS EIGHT,0.574,0.007,0.419
CLUBS TWO HEARTS TEN,0.636,0.0088,0.3552
CLUBS TWO HEARTS JACK,0.6352,0.007,0.3578
SPADES SEVEN DIAMONDS NINE,0.5556,0.007,0.4374
SPADES SIX DIAMONDS NINE,0.5656,0.0072,0.4272
SPADES NINE DIAMONDS NINE,0.301,0.0106,0.6884
SPADES EIGHT DIAMONDS NINE,0.5476,0.0072,0.4452
DIAMONDS NINE SPADES THREE,0.6392,0.0074,0.3534
DIAMONDS NINE SPADES TWO,0.6284,0.007,0.3646
DIAMONDS NINE SPADES FIVE,0.5848,0.0068,0.4084
CLUBS NINE DIAMONDS NINE,0.3114,0.0108,0.6778
CLUBS EIGHT DIAMONDS NINE,0.5474,0.0076,0.445
CLUBS SIX DIAMONDS NINE,0.5804,0.0074,0.4122
SPADES JACK CLUBS FOUR,0.7218,0.0366,0.2416
SPADES TEN CLUBS FOUR,0.7234,0.0402,0.2364
CLUBS SEVEN DIAMONDS NINE,0.5552,0.0068,0.438
CLUBS FOUR DIAMONDS NINE,0.7264,0.038,0.2356
CLUBS FIVE DIAMONDS NINE,0.5938,0.0088,0.3974
CLUBS TWO DIAMONDS NINE,0.6348,0.0096,0.3556
CLUBS THREE DIAMONDS NINE,0.6422,0.0088,0.349
DIAMONDS NINE HEARTS EIGHT,0.55,0.0056,0.4444
DIAMONDS NINE HEARTS NINE,0.3158,0.0104,0.6738
HEARTS SIX DIAMONDS NINE,0.573,0.006,0.421
DIAMONDS NINE HEARTS SEVEN,0.5498,0.0084,0.4418
CLUBS EIGHT CLUBS NINE,0.5262,0.0088,0.465
DIAMONDS ACE DIAMONDS NINE,0.3366,0.0036,0.6598
HEARTS FOUR DIAMONDS NINE,0.7236,0.0334,0.243
HEARTS FIVE DIAMONDS NINE,0.5846,0.0054,0.41
CLUBS TWO HEARTS ACE,0.3852,0.0036,0.6112
SPADES ACE CLUBS FOUR,0.2306,0.0252,0.7442
DIAMONDS QUEEN DIAMONDS NINE,0.53,0.0076,0.4624
HEARTS TWO DIAMONDS NINE,0.6352,0.0088,0.356
CLUBS TWO HEARTS KING,0.2724,0.5148,0.2128
SPADES KING CLUBS FOUR,0.009,0.9824,0.0086
DIAMONDS KING DIAMONDS NINE,0.2096,0.1574,0.633
HEARTS THREE DIAMONDS NINE,0.6228,0.007,0.3702
CLUBS TWO HEARTS QUEEN,0.6352,0.008,0.3568
SPADES QUEEN CLUBS FOUR,0.7332,0.0408,0.226
DIAMONDS NINE DIAMONDS JACK,0.5178,0.006,0.4762
CLUBS EIGHT SPADES NINE,0.5536,0.0054,0.441
DIAMONDS NINE DIAMONDS TEN,0.5074,0.0076,0.485
CLUBS EIGHT SPADES EIGHT,0.3292,0.0102,0.6606
CLUBS EIGHT SPADES SEVEN,0.555,0.0062,0.4388
CLUBS EIGHT SPADES SIX,0.5762,0.0074,0.4164
CLUBS EIGHT SPADES FIVE,0.5868,0.0088,0.4044
CLUBS EIGHT SPADES THREE,0.631,0.0082,0.3608
CLUBS EIGHT SPADES TWO,0.6424,0.0096,0.348
HEARTS SIX DIAMONDS TEN,0.5958,0.008,0.3962
DIAMONDS TEN HEARTS SEVEN,0.5684,0.0052,0.4264
DIAMONDS TEN HEARTS EIGHT,0.551,0.005,0.444
CLUBS FOUR CLUBS JACK,0.691,0.0372,0.2718
DIAMONDS TEN HEARTS NINE,0.5426,0.0066,0.4508
CLUBS FOUR CLUBS TEN,0.7108,0.0342,0.255
CLUBS FOUR CLUBS QUEEN,0.7058,0.0338,0.2604
CLUBS TWO DIAMONDS TEN,0.6332,0.0092,0.3576
CLUBS THREE DIAMONDS TEN,0.6372,0.009,0.3538
CLUBS FOUR CLUBS ACE,0.226,0.0288,0.7452
DIAMONDS JACK DIAMONDS TEN,0.5036,0.0064,0.49
DIAMONDS QUEEN DIAMONDS TEN,0.5192,0.0068,0.474
HEARTS TWO DIAMONDS TEN,0.6182,0.0104,0.3714
DIAMONDS KING DIAMONDS TEN,0.2134,0.1194,0.6672
HEARTS THREE DIAMONDS TEN,0.626,0.0084,0.3656
DIAMONDS ACE DIAMONDS TEN,0.3252,0.0038,0.671
HEARTS FOUR DIAMONDS TEN,0.7184,0.0434,0.2382
CLUBS EIGHT HEARTS JACK,0.5682,0.0062,0.4256
HEARTS FIVE DIAMONDS TEN,0.601,0.007,0.392
CLUBS EIGHT HEARTS TEN,0.5568,0.0074,0.4358
CLUBS EIGHT HEARTS QUEEN,0.5806,0.007,0.4124
CLUBS EIGHT HEARTS KING,0.243,0.2376,0.5194
CLUBS EIGHT HEARTS ACE,0.3572,0.0052,0.6376
CLUBS NINE SPADES THREE,0.6348,0.0108,0.3544
CLUBS NINE SPADES TWO,0.6494,0.0112,0.3394
CLUBS NINE SPADES FIVE,0.5846,0.0084,0.407
CLUBS NINE SPADES SEVEN,0.5622,0.0072,0.4306
CLUBS NINE SPADES SIX,0.5734,0.0088,0.4178
CLUBS NINE SPADES NINE,0.3132,0.0096,0.6772
CLUBS TEN HEARTS EIGHT,0.5612,0.0102,0.4286
CLUBS NINE SPADES EIGHT,0.5408,0.0082,0.451
CLUBS JACK HEARTS EIGHT,0.5842,0.0056,0.4102
CLUBS QUEEN HEARTS EIGHT,0.5866,0.0076,0.4058
CLUBS ACE HEARTS EIGHT,0.3518,0.0064,0.6418
DIAMONDS ACE HEARTS TEN,0.3492,0.0038,0.647
HEARTS FOUR HEARTS TEN,0.68,0.036,0.284
DIAMONDS ACE HEARTS JACK,0.36,0.0024,0.6376
HEARTS FOUR HEARTS JACK,0.6758,0.0372,0.287
SPADES KING CLUBS FIVE,0.2136,0.4668,0.3196
SPADES QUEEN CLUBS FIVE,0.5912,0.0064,0.4024
SPADES ACE CLUBS FIVE,0.335,0.0076,0.6574
DIAMONDS JACK HEARTS SEVEN,0.581,0.0068,0.4122
HEARTS SIX DIAMONDS JACK,0.5922,0.0066,0.4012
DIAMONDS JACK HEARTS NINE,0.5488,0.008,0.4432
DIAMONDS JACK HEARTS EIGHT,0.5698,0.0076,0.4226
DIAMONDS KING DIAMONDS JACK,0.2156,0.078,0.7064
HEARTS THREE DIAMONDS JACK,0.6274,0.0076,0.365
SPADES ACE SPADES SIX,0.34,0.0056,0.6544
DIAMONDS QUEEN DIAMONDS JACK,0.5232,0.0046,0.4722
HEARTS TWO DIAMONDS JACK,0.629,0.0092,0.3618
HEARTS FIVE DIAMONDS JACK,0.603,0.0082,0.3888
SPADES QUEEN SPADES SIX,0.5612,0.0106,0.4282
DIAMONDS ACE DIAMONDS JACK,0.3274,0.0058,0.6668
HEARTS FOUR DIAMONDS JACK,0.728,0.0366,0.2354
SPADES KING SPADES SIX,0.2206,0.3624,0.417
SPADES TEN SPADES SIX,0.5662,0.0078,0.426
SPADES JACK SPADES SIX,0.5676,0.0054,0.427
SPADES FIVE DIAMONDS JACK,0.5888,0.0074,0.4038
DIAMONDS JACK SPADES TWO,0.628,0.0086,0.3634
SPADES THREE DIAMONDS JACK,0.6448,0.007,0.3482
SPADES ACE DIAMONDS THREE,0.3692,0.0062,0.6246
SPADES QUEEN DIAMONDS THREE,0.628,0.0092,0.3628
CLUBS EIGHT DIAMONDS JACK,0.574,0.0058,0.4202
SPADES KING DIAMONDS THREE,0.2642,0.5178,0.218
CLUBS NINE DIAMONDS JACK,0.5622,0.0064,0.4314
CLUBS SIX DIAMONDS JACK,0.6074,0.0068,0.3858
CLUBS SEVEN DIAMONDS JACK,0.5958,0.007,0.3972
CLUBS FOUR DIAMONDS JACK,0.7302,0.04,0.2298
CLUBS FIVE DIAMONDS JACK,0.606,0.0058,0.3882
CLUBS TWO DIAMONDS JACK,0.6448,0.0094,0.3458
CLUBS THREE DIAMONDS JACK,0.6462,0.0078,0.346
SPADES TEN CLUBS FIVE,0.605,0.009,0.386
HEARTS SIX SPADES JACK,0.5872,0.0066,0.4062
HEARTS SIX SPADES TEN,0.5916,0.0098,0.3986
SPADES JACK CLUBS FIVE,0.6052,0.0092,0.3856
SPADES JACK DIAMONDS THREE,0.6428,0.0062,0.351
CLUBS SEVEN CLUBS ACE,0.3482,0.005,0.6468
DIAMONDS THREE SPADES TEN,0.6326,0.009,0.3584
CLUBS SEVEN CLUBS QUEEN,0.5762,0.0076,0.4162
SPADES NINE DIAMONDS JACK,0.555,0.0092,0.4358
CLUBS SEVEN CLUBS TEN,0.551,0.0088,0.4402
DIAMONDS ACE HEARTS ACE,0.1248,0.0032,0.872
HEARTS FOUR HEARTS ACE,0.2182,0.0284,0.7534
SPADES EIGHT DIAMONDS JACK,0.5756,0.0072,0.4172
SPADES ACE HEARTS SIX,0.3666,0.0038,0.6296
CLUBS SEVEN CLUBS JACK,0.5628,0.0056,0.4316
DIAMONDS ACE HEARTS KING,0.2342,0.0132,0.7526
HEARTS FOUR HEARTS KING,0.021,0.9152,0.0638
SPADES SEVEN DIAMONDS JACK,0.583,0.0076,0.4094
SPADES KING HEARTS SIX,0.2154,0.3854,0.3992
DIAMONDS ACE HEARTS QUEEN,0.356,0.0052,0.6388
HEARTS FOUR HEARTS QUEEN,0.6908,0.032,0.2772
SPADES QUEEN HEARTS SIX,0.5968,0.008,0.3952
SPADES SIX DIAMONDS JACK,0.5878,0.0064,0.4058
SPADES TWO DIAMONDS TEN,0.6338,0.009,0.3572
SPADES THREE DIAMONDS TEN,0.6248,0.0084,0.3668
SPADES FIVE DIAMONDS TEN,0.6022,0.0082,0.3896
SPADES SIX DIAMONDS TEN,0.5808,0.0042,0.415
SPADES SEVEN DIAMONDS TEN,0.571,0.006,0.423
SPADES EIGHT DIAMONDS TEN,0.5646,0.0068,0.4286
SPADES NINE DIAMONDS TEN,0.5304,0.0072,0.4624
CLUBS FOUR DIAMONDS TEN,0.7268,0.037,0.2362
CLUBS FIVE DIAMONDS TEN,0.6012,0.0086,0.3902
CLUBS SIX DIAMONDS TEN,0.5922,0.0068,0.401
CLUBS SEVEN DIAMONDS TEN,0.5786,0.0088,0.4126
CLUBS EIGHT DIAMONDS TEN,0.5654,0.0056,0.429
CLUBS NINE DIAMONDS TEN,0.542,0.0076,0.4504
DIAMONDS THREE CLUBS JACK,0.6402,0.0088,0.351
DIAMONDS THREE CLUBS TEN,0.6428,0.0066,0.3506
DIAMONDS THREE CLUBS QUEEN,0.6436,0.008,0.3484
DIAMONDS THREE CLUBS ACE,0.38,0.005,0.615
SPADES FIVE SPADES TWO,0.5898,0.0092,0.401
SPADES THREE SPADES TWO,0.628,0.0086,0.3634
SPADES NINE SPADES TWO,0.5946,0.0074,0.398
SPADES EIGHT SPADES TWO,0.6056,0.0082,0.3862
SPADES SEVEN SPADES TWO,0.598,0.0098,0.3922
SPADES SIX SPADES TWO,0.5964,0.0086,0.395
DIAMONDS QUEEN CLUBS THREE,0.6442,0.0086,0.3472
HEARTS TWO CLUBS THREE,0.6624,0.0112,0.3264
DIAMONDS QUEEN CLUBS TWO,0.651,0.007,0.342
CLUBS TWO HEARTS TWO,0.4428,0.0188,0.5384
DIAMONDS QUEEN HEARTS SEVEN,0.5934,0.0068,0.3998
HEARTS TWO HEARTS SEVEN,0.6068,0.008,0.3852
HEARTS SIX DIAMONDS QUEEN,0.5978,0.0052,0.397
HEARTS SIX HEARTS TWO,0.5926,0.0082,0.3992
DIAMONDS QUEEN HEARTS NINE,0.5694,0.008,0.4226
HEARTS TWO HEARTS NINE,0.5838,0.0084,0.4078
DIAMONDS QUEEN HEARTS EIGHT,0.5794,0.007,0.4136
HEARTS TWO HEARTS EIGHT,0.6062,0.0072,0.3866
CLUBS NINE HEARTS TWO,0.6374,0.0078,0.3548
CLUBS NINE DIAMONDS QUEEN,0.5856,0.0066,0.4078
CLUBS EIGHT HEARTS TWO,0.6514,0.01,0.3386
CLUBS EIGHT DIAMONDS QUEEN,0.5928,0.008,0.3992
CLUBS FIVE DIAMONDS QUEEN,0.6068,0.0098,0.3834
CLUBS FIVE HEARTS TWO,0.6148,0.009,0.3762
SPADES EIGHT HEARTS ACE,0.352,0.0044,0.6436
CLUBS FOUR DIAMONDS QUEEN,0.7416,0.0386,0.2198
CLUBS FOUR HEARTS TWO,0.7114,0.0366,0.252
SPADES EIGHT HEARTS QUEEN,0.5834,0.007,0.4096
CLUBS SEVEN HEARTS TWO,0.654,0.0104,0.3356
CLUBS SEVEN DIAMONDS QUEEN,0.608,0.0072,0.3848
CLUBS SIX DIAMONDS QUEEN,0.5952,0.0084,0.3964
CLUBS SIX HEARTS TWO,0.6252,0.008,0.3668
SPADES EIGHT HEARTS KING,0.2248,0.236,0.5392
HEARTS TWO SPADES SIX,0.6216,0.0096,0.3688
DIAMONDS QUEEN SPADES SIX,0.5962,0.0066,0.3972
HEARTS FOUR CLUBS QUEEN,0.7348,0.032,0.2332
DIAMONDS ACE CLUBS QUEEN,0.3442,0.0042,0.6516
DIAMONDS QUEEN SPADES SEVEN,0.5824,0.0072,0.4104
HEARTS TWO SPADES SEVEN,0.6278,0.01,0.3622
DIAMONDS QUEEN SPADES EIGHT,0.5812,0.0072,0.4116
SPADES EIGHT HEARTS TWO,0.6292,0.0078,0.363
HEARTS FOUR CLUBS ACE,0.2278,0.0266,0.7456
DIAMONDS ACE CLUBS ACE,0.1196,0.004,0.8764
SPADES NINE DIAMONDS QUEEN,0.5584,0.0082,0.4334
SPADES NINE HEARTS TWO,0.6196,0.0062,0.3742
HEARTS TWO SPADES TWO,0.4506,0.0204,0.529
DIAMONDS QUEEN SPADES TWO,0.6362,0.0072,0.3566
HEARTS TWO SPADES THREE,0.6512,0.0086,0.3402
DIAMONDS QUEEN SPADES THREE,0.6382,0.008,0.3538
HEARTS FOUR CLUBS TEN,0.7254,0.0368,0.2378
DIAMONDS ACE CLUBS TEN,0.3676,0.0066,0.6258
HEARTS TWO SPADES FIVE,0.6152,0.01,0.3748
DIAMONDS QUEEN SPADES FIVE,0.6088,0.0062,0.385
HEARTS FOUR CLUBS JACK,0.7288,0.036,0.2352
DIAMONDS ACE CLUBS JACK,0.3488,0.0064,0.6448
CLUBS FIVE CLUBS QUEEN,0.5782,0.0092,0.4126
CLUBS FIVE CLUBS ACE,0.3248,0.0058,0.6694
CLUBS FIVE CLUBS JACK,0.5764,0.009,0.4146
CLUBS FIVE CLUBS TEN,0.5856,0.0058,0.4086
SPADES KING CLUBS JACK,0.2356,0.0916,0.6728
SPADES QUEEN CLUBS JACK,0.5574,0.0068,0.4358
SPADES ACE CLUBS JACK,0.346,0.0056,0.6484
SPADES SIX CLUBS QUEEN,0.6158,0.009,0.3752
SPADES EIGHT HEARTS JACK,0.5616,0.0054,0.433
SPADES SIX CLUBS ACE,0.3582,0.0036,0.6382
SPADES EIGHT HEARTS TEN,0.5484,0.0056,0.446
SPADES SIX CLUBS JACK,0.605,0.0084,0.3866
SPADES SIX CLUBS TEN,0.5952,0.0062,0.3986
SPADES TEN CLUBS JACK,0.5252,0.0078,0.467
SPADES JACK CLUBS JACK,0.2808,0.0078,0.7114
SPADES QUEEN CLUBS SEVEN,0.5968,0.0064,0.3968
SPADES KING CLUBS SEVEN,0.2204,0.2948,0.4848
SPADES ACE CLUBS SEVEN,0.3498,0.0042,0.646
SPADES SIX HEARTS TEN,0.586,0.0086,0.4054
SPADES SIX HEARTS JACK,0.5976,0.0076,0.3948
SPADES SIX HEARTS ACE,0.3622,0.0048,0.633
SPADES SIX HEARTS KING,0.2158,0.3918,0.3924
SPADES SIX HEARTS QUEEN,0.5964,0.0082,0.3954
SPADES JACK CLUBS SEVEN,0.581,0.0068,0.4122
CLUBS SEVEN SPADES TEN,0.575,0.0076,0.4174
HEARTS SIX CLUBS TEN,0.5916,0.0072,0.4012
HEARTS SIX CLUBS JACK,0.6018,0.0062,0.392
CLUBS ACE CLUBS JACK,0.3358,0.0074,0.6568
HEARTS SIX CLUBS QUEEN,0.607,0.0056,0.3874
HEARTS SIX CLUBS ACE,0.361,0.0052,0.6338
CLUBS QUEEN CLUBS JACK,0.5348,0.009,0.4562
DIAMONDS THREE HEARTS ACE,0.397,0.004,0.599
DIAMONDS THREE HEARTS QUEEN,0.6312,0.0066,0.3622
DIAMONDS THREE HEARTS KING,0.2648,0.5164,0.2188
CLUBS FIVE HEARTS JACK,0.6108,0.0084,0.3808
SPADES TEN DIAMONDS ACE,0.3566,0.0052,0.6382
HEARTS FOUR SPADES TEN,0.7156,0.0364,0.248
CLUBS FIVE HEARTS TEN,0.6068,0.0094,0.3838
HEARTS FOUR SPADES JACK,0.728,0.0322,0.2398
SPADES JACK DIAMONDS ACE,0.3416,0.0034,0.655
SPADES ACE HEARTS FOUR,0.2244,0.0282,0.7474
SPADES ACE DIAMONDS ACE,0.1196,0.0034,0.877
CLUBS FIVE HEARTS ACE,0.3482,0.0038,0.648
CLUBS FIVE HEARTS KING,0.22,0.4664,0.3136
HEARTS FOUR SPADES QUEEN,0.7186,0.0418,0.2396
SPADES QUEEN DIAMONDS ACE,0.358,0.0056,0.6364
CLUBS FIVE HEARTS QUEEN,0.6016,0.0092,0.3892
SPADES KING DIAMONDS ACE,0.223,0.0134,0.7636
HEARTS FOUR SPADES KING,0.0098,0.9696,0.0206
DIAMONDS QUEEN DIAMONDS ACE,0.3268,0.0062,0.667
HEARTS TWO DIAMONDS ACE,0.3688,0.0046,0.6266
HEARTS FOUR DIAMONDS QUEEN,0.7188,0.0358,0.2454
HEARTS FOUR HEARTS TWO,0.6664,0.0336,0.3
DIAMONDS THREE HEARTS TEN,0.6316,0.0078,0.3606
HEARTS FIVE DIAMONDS QUEEN,0.6084,0.0068,0.3848
HEARTS FIVE HEARTS TWO,0.5824,0.0088,0.4088
DIAMONDS THREE HEARTS JACK,0.6246,0.0084,0.367
DIAMONDS QUEEN HEARTS TWO,0.6302,0.0074,0.3624
DIAMONDS KING DIAMONDS QUEEN,0.2256,0.0654,0.709
DIAMONDS KING HEARTS TWO,0.2572,0.5102,0.2326
HEARTS THREE DIAMONDS QUEEN,0.6366,0.0082,0.3552
HEARTS THREE HEARTS TWO,0.6148,0.0086,0.3766
HEARTS TWO CLUBS ACE,0.3796,0.0054,0.615
DIAMONDS QUEEN CLUBS ACE,0.3316,0.0066,0.6618
HEARTS TWO CLUBS QUEEN,0.6414,0.0076,0.351
DIAMONDS QUEEN CLUBS QUEEN,0.2848,0.0068,0.7084
SPADES EIGHT SPADES FIVE,0.5538,0.0112,0.435
HEARTS TWO CLUBS TEN,0.6336,0.0092,0.3572
DIAMONDS QUEEN CLUBS TEN,0.551,0.007,0.442
SPADES NINE SPADES FIVE,0.5606,0.0104,0.429
HEARTS TWO CLUBS JACK,0.6374,0.0058,0.3568
DIAMONDS QUEEN CLUBS JACK,0.5574,0.0054,0.4372
SPADES SIX SPADES FIVE,0.5442,0.0096,0.4462
SPADES SEVEN SPADES FIVE,0.55,0.008,0.442
DIAMONDS FIVE CLUBS QUEEN,0.604,0.006,0.39
SPADES EIGHT CLUBS ACE,0.3474,0.006,0.6466
CLUBS ACE DIAMONDS FIVE,0.3338,0.006,0.6602
SPADES EIGHT CLUBS QUEEN,0.5836,0.006,0.4104
SPADES EIGHT CLUBS JACK,0.5648,0.0086,0.4266
SPADES EIGHT CLUBS TEN,0.5598,0.0058,0.4344
DIAMONDS FIVE CLUBS TEN,0.6168,0.0084,0.3748
DIAMONDS FIVE CLUBS JACK,0.5972,0.0092,0.3936
HEARTS JACK DIAMONDS TEN,0.5536,0.0058,0.4406
DIAMONDS TEN HEARTS TEN,0.301,0.0068,0.6922
SPADES ACE CLUBS NINE,0.3576,0.0054,0.637
CLUBS NINE SPADES QUEEN,0.5706,0.0064,0.423
SPADES KING CLUBS NINE,0.22,0.1582,0.6218
HEARTS SIX HEARTS KING,0.216,0.3484,0.4356
DIAMONDS KING SPADES SEVEN,0.2158,0.3052,0.479
HEARTS THREE SPADES SEVEN,0.6302,0.01,0.3598
SPADES KING DIAMONDS SEVEN,0.2252,0.3056,0.4692
HEARTS SIX HEARTS QUEEN,0.5544,0.0084,0.4372
SPADES QUEEN DIAMONDS SEVEN,0.5866,0.0064,0.407
HEARTS THREE SPADES SIX,0.6094,0.0076,0.383
DIAMONDS KING SPADES SIX,0.223,0.3776,0.3994
DIAMONDS KING SPADES NINE,0.2204,0.1556,0.624
HEARTS THREE SPADES NINE,0.627,0.0108,0.3622
HEARTS SIX HEARTS ACE,0.3436,0.0042,0.6522
DIAMONDS KING SPADES EIGHT,0.222,0.2278,0.5502
HEARTS THREE SPADES EIGHT,0.6348,0.0098,0.3554
SPADES ACE DIAMONDS SEVEN,0.3578,0.0048,0.6374
CLUBS NINE HEARTS THREE,0.636,0.0078,0.3562
