opposingHand,winningChance,drawChance,lostChance
SPADES SEVEN DIAMONDS KING
HEARTS FIVE SPADES TEN,0.6214,0.0074,0.3712
HEARTS FIVE SPADES JACK,0.633,0.0082,0.3588
SPADES FIVE CLUBS JACK,0.639,0.0066,0.3544
CLUBS TEN SPADES FIVE,0.6336,0.008,0.3584
CLUBS EIGHT CLUBS JACK,0.5544,0.0078,0.4378
CLUBS TEN CLUBS EIGHT,0.5278,0.007,0.4652
CLUBS EIGHT CLUBS KING,0.2148,0.2256,0.5596
SPADES FIVE CLUBS ACE,0.389,0.0046,0.6064
CLUBS EIGHT CLUBS QUEEN,0.539,0.0082,0.4528
SPADES FIVE CLUBS KING,0.4786,0.3004,0.221
SPADES FIVE CLUBS QUEEN,0.6346,0.0062,0.3592
CLUBS EIGHT CLUBS ACE,0.3458,0.004,0.6502
DIAMONDS TWO DIAMONDS THREE,0.6174,0.0092,0.3734
DIAMONDS TWO DIAMONDS FIVE,0.6212,0.0056,0.3732
HEARTS FIVE SPADES KING,0.4474,0.3142,0.2384
DIAMONDS TWO DIAMONDS FOUR,0.611,0.01,0.379
HEARTS FIVE SPADES QUEEN,0.6202,0.0072,0.3726
DIAMONDS TWO DIAMONDS SEVEN,0.6968,0.0442,0.259
DIAMONDS TWO DIAMONDS SIX,0.6376,0.009,0.3534
SPADES ACE HEARTS FIVE,0.3758,0.004,0.6202
DIAMONDS TWO DIAMONDS NINE,0.615,0.008,0.377
DIAMONDS TWO DIAMONDS EIGHT,0.6162,0.007,0.3768
DIAMONDS THREE DIAMONDS FOUR,0.6122,0.0072,0.3806
SPADES FOUR CLUBS TWO,0.6522,0.0088,0.339
DIAMONDS THREE DIAMONDS FIVE,0.5956,0.011,0.3934
SPADES FIVE CLUBS TWO,0.648,0.008,0.344
CLUBS TWO SPADES TWO,0.4682,0.0162,0.5156
CLUBS TWO SPADES THREE,0.6508,0.0088,0.3404
DIAMONDS THREE DIAMONDS EIGHT,0.6116,0.0092,0.3792
SPADES EIGHT CLUBS TWO,0.6284,0.0092,0.3624
DIAMONDS THREE DIAMONDS NINE,0.6112,0.007,0.3818
SPADES NINE CLUBS TWO,0.6536,0.0068,0.3396
DIAMONDS THREE DIAMONDS SIX,0.616,0.009,0.375
SPADES SIX CLUBS TWO,0.6622,0.0068,0.331
DIAMONDS THREE DIAMONDS SEVEN,0.694,0.0422,0.2638
CLUBS SIX CLUBS TWO,0.6142,0.0094,0.3764
CLUBS SEVEN CLUBS TWO,0.6888,0.0412,0.27
CLUBS FOUR CLUBS TWO,0.5996,0.006,0.3944
CLUBS FIVE CLUBS TWO,0.6022,0.008,0.3898
CLUBS TEN CLUBS JACK,0.5172,0.006,0.4768
DIAMONDS FOUR DIAMONDS SIX,0.6132,0.0058,0.381
CLUBS TEN CLUBS QUEEN,0.5238,0.0062,0.47
DIAMONDS FOUR DIAMONDS SEVEN,0.6886,0.0408,0.2706
CLUBS TEN CLUBS KING,0.222,0.1206,0.6574
CLUBS TEN CLUBS ACE,0.3322,0.0038,0.664
CLUBS EIGHT CLUBS TWO,0.6006,0.0074,0.392
DIAMONDS FIVE DIAMONDS FOUR,0.5822,0.0088,0.409
CLUBS NINE CLUBS TWO,0.5904,0.008,0.4016
DIAMONDS NINE DIAMONDS FOUR,0.6076,0.0062,0.3862
DIAMONDS EIGHT DIAMONDS FOUR,0.6096,0.0102,0.3802
CLUBS THREE CLUBS TWO,0.6166,0.008,0.3754
DIAMONDS NINE DIAMONDS FIVE,0.5816,0.0092,0.4092
DIAMONDS TWO CLUBS JACK,0.6452,0.008,0.3468
DIAMONDS EIGHT DIAMONDS FIVE,0.5938,0.0088,0.3974
CLUBS TEN DIAMONDS TWO,0.6326,0.0086,0.3588
DIAMONDS FIVE DIAMONDS SEVEN,0.665,0.0392,0.2958
DIAMONDS FIVE DIAMONDS SIX,0.6044,0.0074,0.3882
DIAMONDS TWO CLUBS ACE,0.4046,0.0048,0.5906
DIAMONDS TWO CLUBS KING,0.4942,0.283,0.2228
DIAMONDS TWO CLUBS QUEEN,0.6414,0.0078,0.3508
DIAMONDS EIGHT DIAMONDS SIX,0.5812,0.007,0.4118
DIAMONDS NINE DIAMONDS SIX,0.582,0.0068,0.4112
HEARTS ACE SPADES THREE,0.4,0.0054,0.5946
SPADES THREE HEARTS KING,0.471,0.2958,0.2332
DIAMONDS SEVEN DIAMONDS SIX,0.6494,0.04,0.3106
SPADES THREE HEARTS QUEEN,0.6326,0.0084,0.359
SPADES THREE HEARTS JACK,0.6378,0.0052,0.357
SPADES THREE HEARTS TEN,0.6232,0.0094,0.3674
DIAMONDS EIGHT DIAMONDS SEVEN,0.6388,0.0368,0.3244
DIAMONDS NINE DIAMONDS SEVEN,0.6694,0.032,0.2986
DIAMONDS NINE DIAMONDS EIGHT,0.5504,0.007,0.4426
HEARTS THREE HEARTS TEN,0.5844,0.0076,0.408
SPADES JACK CLUBS SIX,0.622,0.0078,0.3702
HEARTS THREE HEARTS JACK,0.5926,0.0072,0.4002
SPADES TEN CLUBS SIX,0.6338,0.008,0.3582
SPADES JACK SPADES FIVE,0.588,0.0084,0.4036
SPADES TEN SPADES FIVE,0.5954,0.0074,0.3972
HEARTS THREE HEARTS ACE,0.369,0.0048,0.6262
SPADES ACE CLUBS SIX,0.3782,0.0036,0.6182
HEARTS THREE HEARTS QUEEN,0.5906,0.0062,0.4032
SPADES KING CLUBS SIX,0.4572,0.302,0.2408
HEARTS THREE HEARTS KING,0.4434,0.3026,0.254
SPADES QUEEN CLUBS SIX,0.6234,0.0062,0.3704
SPADES NINE HEARTS TEN,0.563,0.0078,0.4292
SPADES NINE HEARTS JACK,0.577,0.007,0.416
SPADES QUEEN SPADES FIVE,0.6134,0.0072,0.3794
SPADES KING SPADES FIVE,0.4488,0.2846,0.2666
SPADES ACE SPADES FIVE,0.3604,0.0064,0.6332
SPADES NINE HEARTS QUEEN,0.5676,0.0074,0.425
SPADES NINE HEARTS KING,0.2222,0.1552,0.6226
SPADES NINE HEARTS ACE,0.3626,0.0056,0.6318
CLUBS TEN SPADES JACK,0.5412,0.0084,0.4504
CLUBS TEN SPADES TEN,0.3032,0.0074,0.6894
SPADES ACE CLUBS TEN,0.3464,0.003,0.6506
SPADES KING CLUBS TEN,0.224,0.1166,0.6594
CLUBS TEN SPADES QUEEN,0.5544,0.0048,0.4408
SPADES FIVE HEARTS QUEEN,0.6388,0.0064,0.3548
SPADES FIVE HEARTS KING,0.4794,0.2942,0.2264
SPADES FIVE HEARTS ACE,0.3996,0.0028,0.5976
CLUBS EIGHT SPADES TEN,0.5686,0.0066,0.4248
SPADES JACK HEARTS THREE,0.6398,0.0078,0.3524
SPADES TEN HEARTS THREE,0.6378,0.0066,0.3556
SPADES JACK CLUBS EIGHT,0.5776,0.0058,0.4166
CLUBS SIX HEARTS ACE,0.3934,0.0026,0.604
SPADES ACE CLUBS EIGHT,0.3586,0.0024,0.639
HEARTS FIVE CLUBS JACK,0.6192,0.0068,0.374
HEARTS FIVE CLUBS TEN,0.6372,0.0044,0.3584
CLUBS SIX HEARTS QUEEN,0.6272,0.0066,0.3662
SPADES QUEEN CLUBS EIGHT,0.5664,0.007,0.4266
CLUBS TEN SPADES THREE,0.632,0.0084,0.3596
CLUBS SIX HEARTS KING,0.4742,0.3014,0.2244
SPADES KING CLUBS EIGHT,0.2226,0.239,0.5384
SPADES THREE CLUBS JACK,0.6394,0.0054,0.3552
DIAMONDS TWO HEARTS JACK,0.6264,0.0084,0.3652
SPADES THREE CLUBS QUEEN,0.644,0.0062,0.3498
DIAMONDS TWO HEARTS TEN,0.6392,0.0076,0.3532
SPADES THREE CLUBS KING,0.4658,0.296,0.2382
HEARTS FIVE CLUBS ACE,0.3956,0.0024,0.602
SPADES FIVE HEARTS TEN,0.6354,0.007,0.3576
SPADES THREE CLUBS ACE,0.4022,0.0056,0.5922
HEARTS FIVE CLUBS KING,0.4736,0.2944,0.232
SPADES FIVE HEARTS JACK,0.6292,0.0062,0.3646
HEARTS FIVE CLUBS QUEEN,0.6354,0.0054,0.3592
HEARTS THREE CLUBS KING,0.4674,0.3018,0.2308
HEARTS THREE CLUBS QUEEN,0.6292,0.0048,0.366
HEARTS FIVE HEARTS JACK,0.5912,0.0056,0.4032
HEARTS FIVE HEARTS TEN,0.5882,0.0078,0.404
HEARTS THREE CLUBS ACE,0.3868,0.0034,0.6098
SPADES ACE CLUBS QUEEN,0.353,0.0046,0.6424
SPADES KING CLUBS QUEEN,0.2304,0.0572,0.7124
HEARTS THREE CLUBS JACK,0.6382,0.008,0.3538
SPADES QUEEN CLUBS QUEEN,0.2844,0.0032,0.7124
CLUBS TEN HEARTS THREE,0.6216,0.0048,0.3736
SPADES JACK CLUBS QUEEN,0.5536,0.0084,0.438
CLUBS SIX CLUBS QUEEN,0.5902,0.0064,0.4034
SPADES TEN CLUBS QUEEN,0.5532,0.0082,0.4386
CLUBS SIX CLUBS KING,0.4446,0.293,0.2624
CLUBS SIX CLUBS ACE,0.3652,0.0046,0.6302
HEARTS FIVE HEARTS KING,0.4426,0.284,0.2734
HEARTS FIVE HEARTS QUEEN,0.5876,0.0074,0.405
CLUBS TEN CLUBS SIX,0.5834,0.0062,0.4104
HEARTS FIVE HEARTS ACE,0.3626,0.0038,0.6336
CLUBS SIX CLUBS JACK,0.6022,0.007,0.3908
DIAMONDS TWO CLUBS TWO,0.4722,0.015,0.5128
DIAMONDS TWO CLUBS THREE,0.66,0.0078,0.3322
DIAMONDS TWO HEARTS SIX,0.6582,0.0092,0.3326
DIAMONDS TWO HEARTS QUEEN,0.6324,0.0078,0.3598
HEARTS SEVEN DIAMONDS TWO,0.74,0.037,0.223
DIAMONDS TWO HEARTS KING,0.4802,0.2926,0.2272
DIAMONDS TWO HEARTS EIGHT,0.6502,0.0064,0.3434
DIAMONDS TWO HEARTS ACE,0.406,0.004,0.59
DIAMONDS TWO HEARTS NINE,0.6434,0.0058,0.3508
DIAMONDS TWO DIAMONDS QUEEN,0.6042,0.0076,0.3882
DIAMONDS TWO HEARTS TWO,0.4688,0.0138,0.5174
DIAMONDS TWO HEARTS THREE,0.6598,0.009,0.3312
DIAMONDS TWO DIAMONDS ACE,0.3788,0.0044,0.6168
HEARTS FOUR DIAMONDS TWO,0.658,0.006,0.336
HEARTS FIVE DIAMONDS TWO,0.6446,0.0086,0.3468
DIAMONDS TWO DIAMONDS TEN,0.6028,0.0078,0.3894
DIAMONDS TWO DIAMONDS JACK,0.6072,0.0064,0.3864
DIAMONDS TWO SPADES NINE,0.6568,0.0088,0.3344
DIAMONDS TWO SPADES EIGHT,0.6432,0.01,0.3468
DIAMONDS TWO SPADES SIX,0.6728,0.0098,0.3174
DIAMONDS TWO SPADES FIVE,0.6472,0.0084,0.3444
DIAMONDS TWO SPADES FOUR,0.6484,0.0092,0.3424
DIAMONDS TWO SPADES THREE,0.6714,0.0094,0.3192
DIAMONDS TWO SPADES TWO,0.4734,0.0136,0.513
CLUBS NINE DIAMONDS TWO,0.644,0.0064,0.3496
DIAMONDS TWO CLUBS EIGHT,0.6442,0.008,0.3478
CLUBS SEVEN DIAMONDS TWO,0.7478,0.0416,0.2106
DIAMONDS TWO CLUBS SIX,0.662,0.0078,0.3302
DIAMONDS TWO CLUBS FIVE,0.6372,0.0086,0.3542
DIAMONDS TWO CLUBS FOUR,0.657,0.009,0.334
CLUBS FOUR SPADES FIVE,0.6184,0.0088,0.3728
CLUBS FOUR SPADES FOUR,0.4568,0.0148,0.5284
CLUBS FOUR SPADES THREE,0.6328,0.0088,0.3584
CLUBS FOUR SPADES TWO,0.6422,0.009,0.3488
SPADES NINE CLUBS FOUR,0.6334,0.009,0.3576
SPADES EIGHT CLUBS FOUR,0.6154,0.0072,0.3774
SPADES SIX CLUBS FOUR,0.6438,0.008,0.3482
SPADES ACE DIAMONDS SIX,0.3902,0.006,0.6038
SPADES QUEEN DIAMONDS SIX,0.6342,0.0068,0.359
SPADES KING DIAMONDS SIX,0.461,0.3198,0.2192
SPADES TEN DIAMONDS SIX,0.6404,0.0092,0.3504
SPADES JACK DIAMONDS SIX,0.6214,0.0054,0.3732
SPADES QUEEN SPADES TWO,0.6114,0.0078,0.3808
SPADES KING SPADES TWO,0.4556,0.2898,0.2546
SPADES ACE SPADES TWO,0.3836,0.0064,0.61
DIAMONDS JACK CLUBS JACK,0.296,0.0046,0.6994
CLUBS TEN DIAMONDS JACK,0.5506,0.0058,0.4436
DIAMONDS JACK CLUBS KING,0.2504,0.0854,0.6642
DIAMONDS JACK CLUBS QUEEN,0.5616,0.0062,0.4322
DIAMONDS THREE DIAMONDS JACK,0.6016,0.0064,0.392
DIAMONDS THREE DIAMONDS TEN,0.6132,0.0058,0.381
DIAMONDS JACK CLUBS ACE,0.3548,0.003,0.6422
DIAMONDS THREE HEARTS THREE,0.4578,0.0148,0.5274
DIAMONDS THREE DIAMONDS QUEEN,0.5928,0.0082,0.399
DIAMONDS THREE HEARTS TWO,0.6464,0.0074,0.3462
HEARTS FIVE DIAMONDS THREE,0.6392,0.0082,0.3526
DIAMONDS THREE DIAMONDS ACE,0.3824,0.0058,0.6118
HEARTS FOUR DIAMONDS THREE,0.6424,0.0062,0.3514
HEARTS SEVEN DIAMONDS THREE,0.7242,0.0396,0.2362
SPADES TEN SPADES NINE,0.5226,0.0088,0.4686
HEARTS SIX DIAMONDS THREE,0.661,0.0086,0.3304
SPADES JACK SPADES NINE,0.5542,0.007,0.4388
DIAMONDS THREE HEARTS NINE,0.6394,0.0068,0.3538
HEARTS JACK DIAMONDS FOUR,0.6276,0.008,0.3644
HEARTS ACE HEARTS KING,0.2258,0.0116,0.7626
SPADES TEN SPADES TWO,0.6006,0.0074,0.392
DIAMONDS THREE HEARTS EIGHT,0.6536,0.008,0.3384
HEARTS TEN DIAMONDS FOUR,0.6174,0.0068,0.3758
SPADES JACK SPADES TWO,0.602,0.0072,0.3908
HEARTS QUEEN DIAMONDS FOUR,0.6276,0.006,0.3664
HEARTS KING DIAMONDS FOUR,0.4904,0.286,0.2236
SPADES ACE SPADES NINE,0.3398,0.0054,0.6548
HEARTS ACE DIAMONDS FOUR,0.388,0.004,0.608
SPADES KING SPADES NINE,0.2128,0.1582,0.629
SPADES QUEEN SPADES NINE,0.547,0.0082,0.4448
DIAMONDS THREE SPADES NINE,0.6204,0.0078,0.3718
DIAMONDS THREE SPADES EIGHT,0.6486,0.0116,0.3398
DIAMONDS THREE SPADES SIX,0.6628,0.01,0.3272
DIAMONDS THREE CLUBS SIX,0.6496,0.0082,0.3422
CLUBS FIVE CLUBS SIX,0.5878,0.007,0.4052
CLUBS ACE DIAMONDS FOUR,0.384,0.003,0.613
CLUBS SEVEN DIAMONDS THREE,0.7344,0.038,0.2276
CLUBS SEVEN CLUBS FIVE,0.654,0.039,0.307
DIAMONDS THREE CLUBS FOUR,0.6374,0.0076,0.355
DIAMONDS FOUR CLUBS QUEEN,0.635,0.0052,0.3598
DIAMONDS THREE CLUBS FIVE,0.6358,0.0068,0.3574
CLUBS KING DIAMONDS FOUR,0.4938,0.2916,0.2146
DIAMONDS THREE CLUBS TWO,0.6562,0.01,0.3338
CLUBS TEN DIAMONDS FOUR,0.6322,0.0062,0.3616
DIAMONDS THREE CLUBS THREE,0.468,0.0156,0.5164
DIAMONDS FOUR CLUBS JACK,0.6318,0.0064,0.3618
DIAMONDS THREE SPADES FOUR,0.6366,0.0084,0.355
DIAMONDS THREE SPADES FIVE,0.6366,0.0116,0.3518
DIAMONDS THREE SPADES TWO,0.6674,0.0092,0.3234
DIAMONDS THREE SPADES THREE,0.4658,0.0166,0.5176
CLUBS EIGHT DIAMONDS THREE,0.638,0.009,0.353
CLUBS NINE DIAMONDS THREE,0.6404,0.0068,0.3528
CLUBS FIVE SPADES SIX,0.618,0.0094,0.3726
CLUBS FIVE SPADES NINE,0.611,0.007,0.382
CLUBS FIVE SPADES EIGHT,0.6128,0.0082,0.379
CLUBS FIVE SPADES THREE,0.6338,0.0086,0.3576
CLUBS FIVE SPADES TWO,0.635,0.008,0.357
CLUBS FIVE SPADES FIVE,0.4422,0.0136,0.5442
CLUBS FIVE SPADES FOUR,0.629,0.0064,0.3646
CLUBS NINE CLUBS FIVE,0.5742,0.0066,0.4192
CLUBS EIGHT CLUBS FIVE,0.5846,0.007,0.4084
CLUBS ACE CLUBS QUEEN,0.3314,0.0042,0.6644
CLUBS KING CLUBS QUEEN,0.228,0.0646,0.7074
DIAMONDS TEN DIAMONDS FOUR,0.602,0.0084,0.3896
CLUBS TEN DIAMONDS NINE,0.5638,0.0054,0.4308
DIAMONDS JACK DIAMONDS FOUR,0.6076,0.0082,0.3842
DIAMONDS NINE CLUBS JACK,0.574,0.007,0.419
SPADES NINE CLUBS JACK,0.5758,0.007,0.4172
CLUBS TEN SPADES NINE,0.5612,0.0056,0.4332
DIAMONDS ACE DIAMONDS FOUR,0.38,0.0056,0.6144
HEARTS FOUR DIAMONDS FOUR,0.446,0.0154,0.5386
DIAMONDS JACK HEARTS TEN,0.569,0.0064,0.4246
SPADES NINE CLUBS KING,0.2268,0.17,0.6032
DIAMONDS TWO SPADES TEN,0.638,0.007,0.355
DIAMONDS NINE CLUBS ACE,0.3692,0.0034,0.6274
HEARTS FIVE DIAMONDS FOUR,0.6168,0.0072,0.376
DIAMONDS JACK HEARTS JACK,0.289,0.0062,0.7048
SPADES NINE CLUBS QUEEN,0.5696,0.006,0.4244
DIAMONDS TWO SPADES JACK,0.6358,0.0074,0.3568
DIAMONDS QUEEN DIAMONDS FOUR,0.5918,0.0066,0.4016
HEARTS TWO DIAMONDS FOUR,0.6452,0.0078,0.347
DIAMONDS NINE CLUBS QUEEN,0.583,0.0072,0.4098
HEARTS THREE DIAMONDS FOUR,0.627,0.0076,0.3654
SPADES NINE CLUBS ACE,0.3594,0.0028,0.6378
DIAMONDS NINE CLUBS KING,0.2334,0.1592,0.6074
HEARTS ACE DIAMONDS JACK,0.349,0.0034,0.6476
SPADES ACE DIAMONDS TWO,0.4012,0.005,0.5938
HEARTS QUEEN DIAMONDS JACK,0.5624,0.0076,0.43
SPADES QUEEN DIAMONDS TWO,0.6316,0.0088,0.3596
DIAMONDS JACK HEARTS KING,0.2482,0.0862,0.6656
SPADES KING DIAMONDS TWO,0.4696,0.3088,0.2216
CLUBS SEVEN CLUBS THREE,0.6796,0.0382,0.2822
CLUBS SIX CLUBS THREE,0.6068,0.0074,0.3858
CLUBS FIVE CLUBS THREE,0.592,0.0074,0.4006
CLUBS THREE CLUBS FOUR,0.5986,0.0086,0.3928
CLUBS NINE CLUBS THREE,0.5838,0.0066,0.4096
CLUBS EIGHT CLUBS THREE,0.5826,0.011,0.4064
CLUBS THREE SPADES FIVE,0.6304,0.0078,0.3618
CLUBS THREE SPADES FOUR,0.6314,0.0092,0.3594
CLUBS THREE SPADES THREE,0.4598,0.0134,0.5268
CLUBS THREE SPADES TWO,0.652,0.0096,0.3384
CLUBS THREE SPADES SIX,0.6448,0.008,0.3472
SPADES EIGHT CLUBS THREE,0.6368,0.0062,0.357
SPADES NINE CLUBS THREE,0.6266,0.0066,0.3668
SPADES TWO DIAMONDS FOUR,0.6566,0.007,0.3364
SPADES THREE DIAMONDS FOUR,0.6382,0.0094,0.3524
SPADES FOUR DIAMONDS FOUR,0.4524,0.0158,0.5318
SPADES FIVE DIAMONDS FOUR,0.6154,0.011,0.3736
SPADES SIX DIAMONDS FOUR,0.6366,0.0094,0.354
SPADES EIGHT DIAMONDS FOUR,0.6242,0.0072,0.3686
SPADES NINE DIAMONDS FOUR,0.6406,0.0074,0.352
CLUBS FIVE DIAMONDS FOUR,0.612,0.0098,0.3782
CLUBS FOUR DIAMONDS FOUR,0.4552,0.012,0.5328
CLUBS SEVEN DIAMONDS FOUR,0.7086,0.0392,0.2522
CLUBS SIX DIAMONDS FOUR,0.6366,0.0064,0.357
CLUBS NINE DIAMONDS FOUR,0.6274,0.006,0.3666
CLUBS EIGHT DIAMONDS FOUR,0.6302,0.0064,0.3634
HEARTS SEVEN DIAMONDS FOUR,0.7122,0.0406,0.2472
HEARTS SIX DIAMONDS FOUR,0.6382,0.008,0.3538
DIAMONDS FOUR HEARTS NINE,0.6398,0.0064,0.3538
DIAMONDS FOUR HEARTS EIGHT,0.6364,0.0058,0.3578
CLUBS THREE DIAMONDS FOUR,0.6338,0.009,0.3572
CLUBS TWO DIAMONDS FOUR,0.647,0.0082,0.3448
DIAMONDS TEN DIAMONDS FIVE,0.592,0.0088,0.3992
DIAMONDS JACK DIAMONDS FIVE,0.6018,0.0072,0.391
DIAMONDS NINE HEARTS QUEEN,0.5762,0.007,0.4168
DIAMONDS NINE HEARTS KING,0.2412,0.1638,0.595
HEARTS ACE DIAMONDS NINE,0.3724,0.004,0.6236
DIAMONDS NINE HEARTS TEN,0.5664,0.006,0.4276
DIAMONDS NINE HEARTS JACK,0.5734,0.0076,0.419
CLUBS KING DIAMONDS SIX,0.4696,0.3108,0.2196
CLUBS QUEEN DIAMONDS SIX,0.643,0.0058,0.3512
CLUBS ACE DIAMONDS SIX,0.4002,0.0044,0.5954
SPADES KING DIAMONDS FOUR,0.4682,0.3068,0.225
SPADES QUEEN DIAMONDS FOUR,0.6204,0.0078,0.3718
CLUBS JACK DIAMONDS SIX,0.6462,0.0062,0.3476
SPADES ACE DIAMONDS FOUR,0.414,0.0046,0.5814
CLUBS TEN DIAMONDS SIX,0.6292,0.0078,0.363
CLUBS NINE CLUBS FOUR,0.593,0.0072,0.3998
CLUBS EIGHT CLUBS FOUR,0.5846,0.0068,0.4086
SPADES JACK DIAMONDS FOUR,0.644,0.0098,0.3462
SPADES TEN DIAMONDS FOUR,0.6334,0.0084,0.3582
CLUBS FIVE CLUBS FOUR,0.579,0.0088,0.4122
CLUBS SEVEN CLUBS FOUR,0.666,0.0374,0.2966
CLUBS SIX CLUBS FOUR,0.597,0.0074,0.3956
CLUBS SEVEN SPADES EIGHT,0.669,0.0358,0.2952
CLUBS SEVEN SPADES NINE,0.688,0.0328,0.2792
CLUBS SEVEN SPADES SIX,0.6844,0.0342,0.2814
CLUBS SEVEN SPADES FIVE,0.6914,0.0332,0.2754
CLUBS SEVEN SPADES FOUR,0.6994,0.04,0.2606
CLUBS SEVEN SPADES THREE,0.722,0.0386,0.2394
CLUBS SEVEN SPADES TWO,0.7428,0.045,0.2122
CLUBS NINE CLUBS SEVEN,0.6448,0.0332,0.322
CLUBS SEVEN CLUBS EIGHT,0.6396,0.0304,0.33
HEARTS SIX DIAMONDS FIVE,0.623,0.009,0.368
HEARTS SEVEN DIAMONDS FIVE,0.6814,0.0418,0.2768
DIAMONDS FIVE HEARTS EIGHT,0.6042,0.0074,0.3884
DIAMONDS FIVE HEARTS NINE,0.6246,0.0084,0.367
DIAMONDS QUEEN DIAMONDS FIVE,0.59,0.0088,0.4012
HEARTS TWO DIAMONDS FIVE,0.6434,0.007,0.3496
HEARTS KING HEARTS EIGHT,0.2104,0.2222,0.5674
HEARTS THREE DIAMONDS FIVE,0.6238,0.0068,0.3694
HEARTS QUEEN HEARTS EIGHT,0.553,0.0066,0.4404
DIAMONDS ACE DIAMONDS FIVE,0.3754,0.005,0.6196
HEARTS FOUR DIAMONDS FIVE,0.6242,0.0082,0.3676
HEARTS FIVE DIAMONDS FIVE,0.4484,0.0126,0.539
HEARTS ACE HEARTS EIGHT,0.3398,0.004,0.6562
CLUBS FOUR DIAMONDS FIVE,0.622,0.0074,0.3706
CLUBS FIVE DIAMONDS FIVE,0.4506,0.0136,0.5358
CLUBS SIX DIAMONDS FIVE,0.6096,0.0072,0.3832
CLUBS SEVEN DIAMONDS FIVE,0.6822,0.0428,0.275
CLUBS TWO DIAMONDS FIVE,0.6462,0.0106,0.3432
CLUBS THREE DIAMONDS FIVE,0.634,0.0086,0.3574
SPADES THREE DIAMONDS FIVE,0.6532,0.0074,0.3394
SPADES TWO DIAMONDS FIVE,0.6464,0.0092,0.3444
SPADES JACK DIAMONDS EIGHT,0.573,0.0082,0.4188
SPADES FIVE DIAMONDS FIVE,0.4388,0.0138,0.5474
CLUBS TEN HEARTS JACK,0.551,0.0064,0.4426
SPADES TEN DIAMONDS EIGHT,0.5658,0.008,0.4262
SPADES FOUR DIAMONDS FIVE,0.6368,0.0082,0.355
HEARTS JACK CLUBS JACK,0.2988,0.0032,0.698
HEARTS JACK CLUBS QUEEN,0.5442,0.0064,0.4494
CLUBS NINE DIAMONDS FIVE,0.6352,0.0058,0.359
CLUBS KING HEARTS JACK,0.2286,0.0896,0.6818
CLUBS EIGHT DIAMONDS FIVE,0.624,0.0076,0.3684
CLUBS ACE HEARTS JACK,0.342,0.0032,0.6548
SPADES KING DIAMONDS EIGHT,0.2148,0.2418,0.5434
SPADES SIX DIAMONDS FIVE,0.6204,0.0078,0.3718
SPADES QUEEN DIAMONDS EIGHT,0.5938,0.0074,0.3988
SPADES NINE DIAMONDS FIVE,0.6174,0.0066,0.376
SPADES EIGHT DIAMONDS FIVE,0.6278,0.008,0.3642
SPADES ACE DIAMONDS EIGHT,0.3658,0.0038,0.6304
DIAMONDS TEN DIAMONDS SIX,0.5872,0.0074,0.4054
HEARTS ACE DIAMONDS SEVEN,0.2358,0.0312,0.733
DIAMONDS JACK DIAMONDS SIX,0.6088,0.0082,0.383
HEARTS QUEEN DIAMONDS SEVEN,0.7272,0.033,0.2398
HEARTS KING DIAMONDS SEVEN,0.0196,0.9692,0.0112
DIAMONDS ACE DIAMONDS SIX,0.3718,0.0046,0.6236
HEARTS FOUR DIAMONDS SIX,0.6342,0.0076,0.3582
SPADES TWO HEARTS JACK,0.6464,0.0062,0.3474
HEARTS FIVE DIAMONDS SIX,0.622,0.0086,0.3694
SPADES TWO HEARTS TEN,0.6326,0.0072,0.3602
DIAMONDS QUEEN DIAMONDS SIX,0.598,0.0074,0.3946
HEARTS TWO DIAMONDS SIX,0.6638,0.0094,0.3268
HEARTS THREE DIAMONDS SIX,0.6566,0.0088,0.3346
HEARTS EIGHT DIAMONDS SIX,0.6166,0.0076,0.3758
HEARTS NINE DIAMONDS SIX,0.613,0.0064,0.3806
HEARTS SIX DIAMONDS SIX,0.444,0.0142,0.5418
HEARTS SEVEN DIAMONDS SIX,0.6794,0.0406,0.28
HEARTS TEN DIAMONDS SEVEN,0.7172,0.0324,0.2504
CLUBS TWO DIAMONDS SIX,0.6644,0.0072,0.3284
HEARTS JACK DIAMONDS SEVEN,0.7134,0.0382,0.2484
CLUBS THREE DIAMONDS SIX,0.646,0.0084,0.3456
CLUBS SEVEN DIAMONDS SIX,0.683,0.039,0.278
DIAMONDS EIGHT CLUBS JACK,0.579,0.0072,0.4138
CLUBS SIX DIAMONDS SIX,0.4392,0.0144,0.5464
CLUBS TEN DIAMONDS EIGHT,0.5798,0.0092,0.411
CLUBS FIVE DIAMONDS SIX,0.6174,0.006,0.3766
CLUBS FOUR DIAMONDS SIX,0.6374,0.0072,0.3554
HEARTS ACE HEARTS JACK,0.3248,0.0062,0.669
DIAMONDS EIGHT CLUBS ACE,0.3598,0.004,0.6362
HEARTS QUEEN HEARTS JACK,0.5182,0.0058,0.476
DIAMONDS EIGHT CLUBS KING,0.231,0.225,0.544
CLUBS NINE DIAMONDS SIX,0.614,0.008,0.378
HEARTS KING HEARTS JACK,0.2296,0.0812,0.6892
DIAMONDS EIGHT CLUBS QUEEN,0.5948,0.0074,0.3978
CLUBS EIGHT DIAMONDS SIX,0.6058,0.007,0.3872
SPADES TEN HEARTS KING,0.2308,0.1046,0.6646
SPADES FIVE DIAMONDS SIX,0.6216,0.0078,0.3706
HEARTS ACE SPADES TWO,0.4036,0.0046,0.5918
SPADES JACK HEARTS KING,0.2324,0.0884,0.6792
SPADES FOUR DIAMONDS SIX,0.6386,0.0114,0.35
SPADES THREE DIAMONDS SIX,0.6512,0.0082,0.3406
HEARTS QUEEN SPADES TWO,0.649,0.0064,0.3446
SPADES ACE SPADES KING,0.2234,0.0114,0.7652
SPADES TWO HEARTS KING,0.4844,0.2968,0.2188
SPADES TWO DIAMONDS SIX,0.6614,0.0068,0.3318
HEARTS TEN HEARTS EIGHT,0.5404,0.006,0.4536
SPADES NINE DIAMONDS SIX,0.6208,0.0074,0.3718
HEARTS JACK HEARTS EIGHT,0.5446,0.0058,0.4496
SPADES EIGHT DIAMONDS SIX,0.606,0.0096,0.3844
SPADES SIX DIAMONDS SIX,0.4456,0.0154,0.539
SPADES KING HEARTS KING,0.0736,0.0122,0.9142
SPADES QUEEN HEARTS KING,0.2394,0.0684,0.6922
CLUBS ACE CLUBS KING,0.233,0.0134,0.7536
SPADES ACE HEARTS KING,0.2284,0.01,0.7616
SPADES ACE HEARTS JACK,0.3504,0.0052,0.6444
SPADES QUEEN HEARTS JACK,0.5436,0.0062,0.4502
SPADES KING HEARTS JACK,0.2416,0.0874,0.671
SPADES TEN DIAMONDS TEN,0.2872,0.0076,0.7052
SPADES JACK DIAMONDS TEN,0.545,0.0094,0.4456
SPADES ACE DIAMONDS TEN,0.3566,0.0052,0.6382
SPADES JACK HEARTS JACK,0.2832,0.0062,0.7106
SPADES TEN HEARTS JACK,0.531,0.0076,0.4614
SPADES QUEEN DIAMONDS TEN,0.5598,0.0046,0.4356
SPADES KING DIAMONDS TEN,0.239,0.1052,0.6558
SPADES NINE DIAMONDS SEVEN,0.6806,0.0352,0.2842
SPADES EIGHT DIAMONDS SEVEN,0.6732,0.0346,0.2922
SPADES SIX DIAMONDS SEVEN,0.6918,0.0388,0.2694
HEARTS THREE DIAMONDS SEVEN,0.7164,0.0446,0.239
HEARTS KING DIAMONDS FIVE,0.4782,0.298,0.2238
DIAMONDS QUEEN DIAMONDS SEVEN,0.7,0.0382,0.2618
HEARTS TWO DIAMONDS SEVEN,0.7344,0.0456,0.22
HEARTS QUEEN DIAMONDS FIVE,0.6292,0.0074,0.3634
HEARTS FIVE DIAMONDS SEVEN,0.681,0.0414,0.2776
DIAMONDS ACE DIAMONDS SEVEN,0.2244,0.0292,0.7464
HEARTS FOUR DIAMONDS SEVEN,0.7008,0.0406,0.2586
HEARTS ACE DIAMONDS FIVE,0.3922,0.004,0.6038
HEARTS SEVEN DIAMONDS SEVEN,0.3046,0.03,0.6654
HEARTS SIX DIAMONDS SEVEN,0.683,0.0358,0.2812
DIAMONDS SEVEN HEARTS NINE,0.7024,0.0308,0.2668
HEARTS EIGHT DIAMONDS SEVEN,0.6752,0.0346,0.2902
DIAMONDS JACK DIAMONDS SEVEN,0.6924,0.0328,0.2748
DIAMONDS FIVE HEARTS JACK,0.6346,0.0074,0.358
DIAMONDS TEN DIAMONDS SEVEN,0.683,0.0316,0.2854
HEARTS TEN DIAMONDS FIVE,0.6402,0.0092,0.3506
SPADES KING CLUBS TWO,0.481,0.2912,0.2278
HEARTS KING CLUBS KING,0.0812,0.013,0.9058
CLUBS EIGHT DIAMONDS SEVEN,0.6686,0.0336,0.2978
SPADES QUEEN CLUBS TWO,0.632,0.0078,0.3602
HEARTS KING CLUBS QUEEN,0.2444,0.061,0.6946
CLUBS NINE DIAMONDS SEVEN,0.6866,0.0336,0.2798
SPADES TWO CLUBS JACK,0.646,0.0078,0.3462
SPADES ACE CLUBS TWO,0.3946,0.0038,0.6016
CLUBS TEN SPADES TWO,0.6376,0.0048,0.3576
HEARTS KING CLUBS ACE,0.2422,0.0112,0.7466
CLUBS SEVEN CLUBS SIX,0.628,0.0336,0.3384
SPADES TWO CLUBS KING,0.4896,0.3066,0.2038
SPADES TWO DIAMONDS SEVEN,0.7444,0.038,0.2176
CLUBS EIGHT CLUBS SIX,0.5724,0.0078,0.4198
SPADES THREE DIAMONDS SEVEN,0.7414,0.042,0.2166
SPADES TWO CLUBS QUEEN,0.653,0.0064,0.3406
CLUBS NINE CLUBS SIX,0.5738,0.0076,0.4186
SPADES FOUR DIAMONDS SEVEN,0.7194,0.0424,0.2382
HEARTS KING CLUBS JACK,0.2366,0.0872,0.6762
SPADES FIVE DIAMONDS SEVEN,0.688,0.0464,0.2656
SPADES TWO CLUBS ACE,0.3918,0.0028,0.6054
CLUBS TEN HEARTS KING,0.2316,0.1182,0.6502
CLUBS SIX SPADES TWO,0.6612,0.0078,0.331
CLUBS SIX SPADES THREE,0.6436,0.0102,0.3462
CLUBS TWO DIAMONDS SEVEN,0.743,0.039,0.218
CLUBS SIX SPADES FOUR,0.6442,0.0078,0.348
CLUBS THREE DIAMONDS SEVEN,0.715,0.0444,0.2406
CLUBS SIX SPADES FIVE,0.6106,0.0078,0.3816
CLUBS FOUR DIAMONDS SEVEN,0.708,0.042,0.25
CLUBS SIX SPADES SIX,0.4354,0.0124,0.5522
CLUBS FIVE DIAMONDS SEVEN,0.6874,0.0386,0.274
CLUBS SIX DIAMONDS SEVEN,0.6636,0.0364,0.3
CLUBS SIX SPADES EIGHT,0.6102,0.0054,0.3844
SPADES JACK CLUBS TWO,0.6288,0.0068,0.3644
CLUBS SEVEN DIAMONDS SEVEN,0.2982,0.029,0.6728
SPADES NINE CLUBS SIX,0.617,0.0094,0.3736
SPADES TEN CLUBS TWO,0.6296,0.0072,0.3632
CLUBS TWO CLUBS QUEEN,0.6012,0.0064,0.3924
CLUBS TWO CLUBS KING,0.4488,0.2828,0.2684
CLUBS THREE DIAMONDS EIGHT,0.6474,0.0064,0.3462
CLUBS TWO CLUBS ACE,0.3686,0.0038,0.6276
CLUBS TWO DIAMONDS EIGHT,0.6484,0.0082,0.3434
HEARTS SEVEN DIAMONDS EIGHT,0.6834,0.0358,0.2808
HEARTS SIX DIAMONDS EIGHT,0.602,0.0076,0.3904
DIAMONDS EIGHT HEARTS NINE,0.5738,0.0054,0.4208
CLUBS TEN CLUBS TWO,0.5938,0.0078,0.3984
DIAMONDS EIGHT HEARTS EIGHT,0.3314,0.0102,0.6584
CLUBS TWO CLUBS JACK,0.5826,0.0072,0.4102
CLUBS NINE DIAMONDS EIGHT,0.5626,0.0084,0.429
CLUBS EIGHT DIAMONDS EIGHT,0.3144,0.0108,0.6748
CLUBS FIVE DIAMONDS EIGHT,0.6162,0.006,0.3778
SPADES ACE SPADES THREE,0.3656,0.005,0.6294
CLUBS FOUR DIAMONDS EIGHT,0.6354,0.0106,0.354
CLUBS SEVEN DIAMONDS EIGHT,0.6804,0.034,0.2856
SPADES QUEEN SPADES THREE,0.6,0.0068,0.3932
CLUBS SIX DIAMONDS EIGHT,0.6122,0.0054,0.3824
SPADES KING SPADES THREE,0.4622,0.2818,0.256
DIAMONDS QUEEN DIAMONDS EIGHT,0.5708,0.0056,0.4236
HEARTS TWO DIAMONDS EIGHT,0.6506,0.0082,0.3412
HEARTS THREE DIAMONDS EIGHT,0.6528,0.0086,0.3386
DIAMONDS ACE DIAMONDS EIGHT,0.352,0.0044,0.6436
HEARTS FOUR DIAMONDS EIGHT,0.628,0.0086,0.3634
HEARTS FIVE DIAMONDS EIGHT,0.6256,0.008,0.3664
DIAMONDS EIGHT DIAMONDS TEN,0.5604,0.008,0.4316
DIAMONDS EIGHT DIAMONDS JACK,0.5548,0.0062,0.439
SPADES JACK SPADES THREE,0.607,0.0094,0.3836
SPADES TEN SPADES THREE,0.608,0.007,0.385
CLUBS FOUR HEARTS ACE,0.3802,0.004,0.6158
CLUBS FOUR HEARTS QUEEN,0.6186,0.0058,0.3756
CLUBS FOUR HEARTS KING,0.4688,0.293,0.2382
CLUBS SIX HEARTS TEN,0.6162,0.0066,0.3772
CLUBS SIX HEARTS JACK,0.6274,0.0064,0.3662
SPADES FOUR DIAMONDS EIGHT,0.6432,0.0086,0.3482
SPADES FIVE DIAMONDS EIGHT,0.6326,0.0086,0.3588
DIAMONDS EIGHT SPADES TWO,0.6492,0.0068,0.344
DIAMONDS EIGHT SPADES THREE,0.6596,0.008,0.3324
CLUBS FOUR HEARTS JACK,0.629,0.0046,0.3664
SPADES EIGHT DIAMONDS EIGHT,0.3208,0.0132,0.666
SPADES TEN DIAMONDS QUEEN,0.5526,0.0078,0.4396
SPADES TEN HEARTS TWO,0.625,0.0088,0.3662
SPADES JACK HEARTS EIGHT,0.5886,0.0052,0.4062
CLUBS FOUR HEARTS TEN,0.6222,0.0064,0.3714
SPADES NINE DIAMONDS EIGHT,0.5758,0.011,0.4132
SPADES TEN HEARTS EIGHT,0.5648,0.0052,0.43
SPADES JACK HEARTS TWO,0.6398,0.008,0.3522
SPADES JACK DIAMONDS QUEEN,0.5492,0.0094,0.4414
SPADES SIX DIAMONDS EIGHT,0.6174,0.007,0.3756
SPADES ACE HEARTS TWO,0.3984,0.004,0.5976
SPADES ACE DIAMONDS QUEEN,0.3632,0.0054,0.6314
SPADES ACE HEARTS EIGHT,0.3532,0.0034,0.6434
SPADES KING HEARTS EIGHT,0.2206,0.2362,0.5432
SPADES QUEEN HEARTS TWO,0.6312,0.0078,0.361
SPADES QUEEN DIAMONDS QUEEN,0.2772,0.0046,0.7182
SPADES KING DIAMONDS QUEEN,0.2352,0.0674,0.6974
SPADES KING HEARTS TWO,0.4726,0.3014,0.226
SPADES QUEEN HEARTS EIGHT,0.5926,0.0076,0.3998
CLUBS TWO HEARTS TEN,0.6222,0.0088,0.369
CLUBS TWO HEARTS JACK,0.6338,0.007,0.3592
SPADES SIX DIAMONDS NINE,0.6288,0.0092,0.362
SPADES NINE DIAMONDS NINE,0.3166,0.0094,0.674
SPADES EIGHT DIAMONDS NINE,0.5724,0.0094,0.4182
SPADES TEN CLUBS KING,0.2254,0.116,0.6586
DIAMONDS NINE SPADES THREE,0.646,0.0106,0.3434
SPADES JACK CLUBS KING,0.2378,0.0846,0.6776
DIAMONDS NINE SPADES TWO,0.6446,0.0092,0.3462
SPADES FIVE DIAMONDS NINE,0.6194,0.0092,0.3714
DIAMONDS NINE SPADES FOUR,0.64,0.0086,0.3514
CLUBS NINE DIAMONDS NINE,0.3074,0.01,0.6826
CLUBS EIGHT DIAMONDS NINE,0.5776,0.0088,0.4136
CLUBS SIX DIAMONDS NINE,0.626,0.0064,0.3676
SPADES JACK CLUBS FOUR,0.6228,0.0082,0.369
CLUBS SEVEN DIAMONDS NINE,0.6886,0.0356,0.2758
SPADES TEN CLUBS FOUR,0.6334,0.0046,0.362
CLUBS FOUR DIAMONDS NINE,0.638,0.0088,0.3532
CLUBS FIVE DIAMONDS NINE,0.6374,0.0074,0.3552
DIAMONDS NINE CLUBS TWO,0.6402,0.0058,0.354
CLUBS THREE DIAMONDS NINE,0.645,0.0092,0.3458
DIAMONDS NINE HEARTS EIGHT,0.5586,0.0072,0.4342
DIAMONDS NINE HEARTS NINE,0.3148,0.0088,0.6764
HEARTS SIX DIAMONDS NINE,0.6256,0.0084,0.366
HEARTS SEVEN DIAMONDS NINE,0.6814,0.0344,0.2842
CLUBS NINE CLUBS EIGHT,0.5274,0.009,0.4636
DIAMONDS ACE DIAMONDS NINE,0.3382,0.0056,0.6562
HEARTS FOUR DIAMONDS NINE,0.644,0.0046,0.3514
HEARTS FIVE DIAMONDS NINE,0.6292,0.0072,0.3636
HEARTS ACE CLUBS TWO,0.4066,0.0042,0.5892
SPADES ACE CLUBS FOUR,0.4012,0.0036,0.5952
DIAMONDS QUEEN DIAMONDS NINE,0.5432,0.007,0.4498
HEARTS TWO DIAMONDS NINE,0.6336,0.0082,0.3582
CLUBS TWO HEARTS KING,0.4786,0.301,0.2204
SPADES KING CLUBS FOUR,0.4704,0.294,0.2356
HEARTS THREE DIAMONDS NINE,0.6326,0.0068,0.3606
CLUBS TWO HEARTS QUEEN,0.641,0.006,0.353
SPADES QUEEN CLUBS FOUR,0.623,0.0064,0.3706
DIAMONDS NINE DIAMONDS JACK,0.5376,0.008,0.4544
CLUBS EIGHT SPADES NINE,0.5718,0.006,0.4222
DIAMONDS NINE DIAMONDS TEN,0.5322,0.0076,0.4602
CLUBS EIGHT SPADES EIGHT,0.3214,0.0114,0.6672
CLUBS EIGHT SPADES SIX,0.6106,0.0058,0.3836
CLUBS EIGHT SPADES FIVE,0.6118,0.0078,0.3804
CLUBS EIGHT SPADES FOUR,0.6382,0.0078,0.354
CLUBS EIGHT SPADES THREE,0.6644,0.0072,0.3284
CLUBS EIGHT SPADES TWO,0.646,0.0084,0.3456
HEARTS SIX DIAMONDS TEN,0.6324,0.0094,0.3582
HEARTS SEVEN DIAMONDS TEN,0.7054,0.0338,0.2608
DIAMONDS TEN HEARTS EIGHT,0.5758,0.0076,0.4166
CLUBS FOUR CLUBS JACK,0.5876,0.0064,0.406
DIAMONDS TEN HEARTS NINE,0.5658,0.0066,0.4276
CLUBS TEN CLUBS FOUR,0.5964,0.0076,0.396
CLUBS FOUR CLUBS KING,0.4392,0.2864,0.2744
CLUBS FOUR CLUBS QUEEN,0.5756,0.0066,0.4178
CLUBS TWO DIAMONDS TEN,0.6452,0.0116,0.3432
CLUBS THREE DIAMONDS TEN,0.6346,0.0084,0.357
CLUBS FOUR CLUBS ACE,0.355,0.0038,0.6412
DIAMONDS JACK DIAMONDS TEN,0.5234,0.0054,0.4712
DIAMONDS QUEEN DIAMONDS TEN,0.5428,0.007,0.4502
HEARTS TWO DIAMONDS TEN,0.6362,0.0048,0.359
HEARTS THREE DIAMONDS TEN,0.6294,0.0088,0.3618
DIAMONDS ACE DIAMONDS TEN,0.3418,0.0048,0.6534
HEARTS FOUR DIAMONDS TEN,0.62,0.0084,0.3716
CLUBS EIGHT HEARTS JACK,0.5788,0.0062,0.415
HEARTS FIVE DIAMONDS TEN,0.6484,0.0068,0.3448
CLUBS EIGHT HEARTS TEN,0.5674,0.005,0.4276
CLUBS EIGHT HEARTS QUEEN,0.592,0.0062,0.4018
CLUBS EIGHT HEARTS KING,0.2304,0.232,0.5376
CLUBS EIGHT HEARTS ACE,0.36,0.0038,0.6362
CLUBS NINE SPADES THREE,0.6296,0.0064,0.364
CLUBS NINE SPADES TWO,0.6402,0.0092,0.3506
CLUBS NINE SPADES FIVE,0.6166,0.0072,0.3762
CLUBS NINE SPADES FOUR,0.6478,0.0082,0.344
CLUBS NINE SPADES SIX,0.6242,0.0068,0.369
CLUBS NINE SPADES NINE,0.3016,0.0072,0.6912
CLUBS TEN HEARTS EIGHT,0.5714,0.0062,0.4224
CLUBS NINE SPADES EIGHT,0.5724,0.0098,0.4178
HEARTS EIGHT CLUBS JACK,0.586,0.0062,0.4078
CLUBS QUEEN HEARTS EIGHT,0.5874,0.005,0.4076
CLUBS KING HEARTS EIGHT,0.2262,0.2344,0.5394
CLUBS ACE HEARTS EIGHT,0.3642,0.002,0.6338
SPADES KING CLUBS KING,0.0738,0.0178,0.9084
SPADES QUEEN CLUBS KING,0.2358,0.066,0.6982
SPADES ACE CLUBS KING,0.2412,0.013,0.7458
DIAMONDS ACE HEARTS TEN,0.3494,0.006,0.6446
HEARTS FOUR HEARTS TEN,0.593,0.0048,0.4022
DIAMONDS ACE HEARTS JACK,0.3508,0.0052,0.644
HEARTS FOUR HEARTS JACK,0.5794,0.0072,0.4134
SPADES KING CLUBS FIVE,0.4698,0.2982,0.232
SPADES QUEEN CLUBS FIVE,0.6246,0.0058,0.3696
SPADES ACE CLUBS FIVE,0.3856,0.0046,0.6098
HEARTS SEVEN DIAMONDS JACK,0.717,0.0342,0.2488
HEARTS SIX DIAMONDS JACK,0.643,0.0074,0.3496
DIAMONDS JACK HEARTS NINE,0.561,0.0072,0.4318
DIAMONDS JACK HEARTS EIGHT,0.5862,0.0052,0.4086
HEARTS THREE DIAMONDS JACK,0.6486,0.0072,0.3442
SPADES ACE SPADES SIX,0.3752,0.0042,0.6206
HEARTS ACE SPADES FOUR,0.391,0.0054,0.6036
DIAMONDS QUEEN DIAMONDS JACK,0.5196,0.0066,0.4738
HEARTS TWO DIAMONDS JACK,0.6396,0.0084,0.352
HEARTS FIVE DIAMONDS JACK,0.6316,0.0078,0.3606
SPADES QUEEN SPADES SIX,0.5886,0.0072,0.4042
SPADES FOUR HEARTS QUEEN,0.6458,0.0068,0.3474
DIAMONDS ACE DIAMONDS JACK,0.3392,0.0064,0.6544
HEARTS FOUR DIAMONDS JACK,0.6436,0.0064,0.35
SPADES KING SPADES SIX,0.449,0.2828,0.2682
SPADES FOUR HEARTS KING,0.4696,0.3056,0.2248
SPADES TEN SPADES SIX,0.5874,0.0082,0.4044
SPADES JACK SPADES SIX,0.5878,0.0074,0.4048
SPADES FOUR DIAMONDS JACK,0.6298,0.008,0.3622
SPADES FIVE DIAMONDS JACK,0.6378,0.0068,0.3554
DIAMONDS JACK SPADES TWO,0.6428,0.0062,0.351
SPADES THREE DIAMONDS JACK,0.6358,0.0076,0.3566
SPADES ACE DIAMONDS THREE,0.3892,0.0034,0.6074
SPADES QUEEN DIAMONDS THREE,0.633,0.0076,0.3594
CLUBS EIGHT DIAMONDS JACK,0.5864,0.0064,0.4072
SPADES KING DIAMONDS THREE,0.483,0.2932,0.2238
CLUBS NINE DIAMONDS JACK,0.5708,0.0064,0.4228
CLUBS SIX DIAMONDS JACK,0.6384,0.0076,0.354
CLUBS SEVEN DIAMONDS JACK,0.7176,0.0316,0.2508
CLUBS FOUR DIAMONDS JACK,0.6298,0.0086,0.3616
CLUBS FIVE DIAMONDS JACK,0.6266,0.0056,0.3678
CLUBS TWO DIAMONDS JACK,0.6412,0.0082,0.3506
CLUBS THREE DIAMONDS JACK,0.6432,0.008,0.3488
SPADES TEN CLUBS FIVE,0.624,0.0076,0.3684
SPADES JACK HEARTS SIX,0.6294,0.0056,0.365
HEARTS SIX SPADES TEN,0.6214,0.0088,0.3698
SPADES JACK CLUBS FIVE,0.6274,0.0084,0.3642
SPADES JACK DIAMONDS THREE,0.6314,0.0104,0.3582
CLUBS SEVEN CLUBS ACE,0.219,0.0308,0.7502
DIAMONDS THREE SPADES TEN,0.6396,0.0066,0.3538
CLUBS SEVEN CLUBS QUEEN,0.6802,0.0336,0.2862
CLUBS SEVEN CLUBS KING,0.0234,0.9026,0.074
SPADES NINE DIAMONDS JACK,0.5626,0.0064,0.431
CLUBS TEN CLUBS SEVEN,0.6588,0.0346,0.3066
DIAMONDS ACE HEARTS ACE,0.1274,0.0056,0.867
HEARTS FOUR HEARTS ACE,0.3632,0.005,0.6318
SPADES EIGHT DIAMONDS JACK,0.5918,0.008,0.4002
SPADES ACE HEARTS SIX,0.3672,0.0032,0.6296
CLUBS SEVEN CLUBS JACK,0.6748,0.0316,0.2936
DIAMONDS ACE HEARTS KING,0.2378,0.0122,0.75
HEARTS FOUR HEARTS KING,0.439,0.277,0.284
SPADES KING HEARTS SIX,0.4736,0.2962,0.2302
DIAMONDS ACE HEARTS QUEEN,0.3436,0.0044,0.652
HEARTS FOUR HEARTS QUEEN,0.5922,0.0076,0.4002
SPADES SIX DIAMONDS JACK,0.6464,0.0066,0.347
SPADES QUEEN HEARTS SIX,0.6304,0.005,0.3646
SPADES TWO DIAMONDS TEN,0.6434,0.009,0.3476
SPADES THREE DIAMONDS TEN,0.6464,0.0082,0.3454
SPADES FOUR DIAMONDS TEN,0.6486,0.0096,0.3418
SPADES FIVE DIAMONDS TEN,0.6414,0.008,0.3506
SPADES SIX DIAMONDS TEN,0.6404,0.0082,0.3514
SPADES EIGHT DIAMONDS TEN,0.575,0.0048,0.4202
SPADES NINE DIAMONDS TEN,0.565,0.01,0.425
CLUBS FOUR DIAMONDS TEN,0.6334,0.0066,0.36
CLUBS FIVE DIAMONDS TEN,0.6364,0.0068,0.3568
CLUBS SIX DIAMONDS TEN,0.6228,0.007,0.3702
CLUBS SEVEN DIAMONDS TEN,0.6894,0.0426,0.268
CLUBS EIGHT DIAMONDS TEN,0.5758,0.0084,0.4158
CLUBS NINE DIAMONDS TEN,0.5646,0.0058,0.4296
DIAMONDS THREE CLUBS JACK,0.6316,0.0054,0.363
CLUBS TEN DIAMONDS THREE,0.6274,0.0048,0.3678
DIAMONDS THREE CLUBS KING,0.475,0.2992,0.2258
DIAMONDS THREE CLUBS QUEEN,0.6322,0.0078,0.36
DIAMONDS THREE CLUBS ACE,0.4038,0.0046,0.5916
SPADES FOUR HEARTS JACK,0.6302,0.0068,0.363
SPADES FOUR HEARTS TEN,0.6372,0.0072,0.3556
SPADES FIVE SPADES TWO,0.6082,0.0102,0.3816
SPADES FOUR SPADES TWO,0.6228,0.0084,0.3688
SPADES THREE SPADES TWO,0.6274,0.0112,0.3614
SPADES NINE SPADES TWO,0.5878,0.0086,0.4036
SPADES EIGHT SPADES TWO,0.5986,0.0094,0.392
SPADES SIX SPADES TWO,0.6306,0.0074,0.362
DIAMONDS QUEEN CLUBS THREE,0.6202,0.009,0.3708
CLUBS THREE HEARTS TWO,0.6522,0.0078,0.34
DIAMONDS QUEEN CLUBS TWO,0.6432,0.0096,0.3472
HEARTS TWO CLUBS TWO,0.4634,0.0136,0.523
HEARTS SEVEN DIAMONDS QUEEN,0.7352,0.0372,0.2276
HEARTS SEVEN HEARTS TWO,0.6952,0.043,0.2618
HEARTS SIX DIAMONDS QUEEN,0.6252,0.0068,0.368
HEARTS SIX HEARTS TWO,0.6182,0.0072,0.3746
DIAMONDS QUEEN HEARTS NINE,0.5848,0.0056,0.4096
HEARTS TWO HEARTS NINE,0.601,0.0076,0.3914
DIAMONDS QUEEN HEARTS EIGHT,0.5894,0.0068,0.4038
HEARTS TWO HEARTS EIGHT,0.6138,0.0092,0.377
CLUBS NINE HEARTS TWO,0.6312,0.0082,0.3606
CLUBS NINE DIAMONDS QUEEN,0.5736,0.0064,0.42
CLUBS EIGHT HEARTS TWO,0.6332,0.0078,0.359
CLUBS EIGHT DIAMONDS QUEEN,0.599,0.0072,0.3938
CLUBS FIVE DIAMONDS QUEEN,0.6264,0.007,0.3666
CLUBS FIVE HEARTS TWO,0.6402,0.0086,0.3512
SPADES EIGHT HEARTS ACE,0.3586,0.0042,0.6372
DIAMONDS QUEEN CLUBS FOUR,0.629,0.0088,0.3622
CLUBS FOUR HEARTS TWO,0.635,0.0064,0.3586
CLUBS SEVEN DIAMONDS QUEEN,0.7342,0.0348,0.231
CLUBS SEVEN HEARTS TWO,0.7346,0.0428,0.2226
SPADES EIGHT HEARTS QUEEN,0.5748,0.008,0.4172
CLUBS SIX DIAMONDS QUEEN,0.6434,0.0068,0.3498
CLUBS SIX HEARTS TWO,0.6568,0.0076,0.3356
SPADES EIGHT HEARTS KING,0.2314,0.2284,0.5402
DIAMONDS QUEEN SPADES SIX,0.6364,0.0074,0.3562
SPADES SIX HEARTS TWO,0.6542,0.0078,0.338
HEARTS FOUR CLUBS QUEEN,0.6262,0.0054,0.3684
DIAMONDS ACE CLUBS QUEEN,0.3662,0.0036,0.6302
HEARTS FOUR CLUBS KING,0.4816,0.2938,0.2246
DIAMONDS ACE CLUBS KING,0.2322,0.0126,0.7552
DIAMONDS QUEEN SPADES EIGHT,0.5896,0.0056,0.4048
SPADES EIGHT HEARTS TWO,0.6344,0.0064,0.3592
HEARTS FOUR CLUBS ACE,0.3932,0.0036,0.6032
DIAMONDS ACE CLUBS ACE,0.119,0.0042,0.8768
SPADES NINE DIAMONDS QUEEN,0.5842,0.0074,0.4084
SPADES NINE HEARTS TWO,0.6336,0.0096,0.3568
HEARTS TWO SPADES TWO,0.4486,0.0168,0.5346
DIAMONDS QUEEN SPADES TWO,0.6356,0.0084,0.356
HEARTS TWO SPADES THREE,0.662,0.0094,0.3286
DIAMONDS QUEEN SPADES THREE,0.6422,0.0092,0.3486
HEARTS TWO SPADES FOUR,0.6554,0.0078,0.3368
DIAMONDS QUEEN SPADES FOUR,0.6474,0.0072,0.3454
CLUBS TEN HEARTS FOUR,0.6378,0.007,0.3552
CLUBS TEN DIAMONDS ACE,0.3474,0.003,0.6496
HEARTS TWO SPADES FIVE,0.6592,0.0072,0.3336
DIAMONDS QUEEN SPADES FIVE,0.641,0.0092,0.3498
HEARTS FOUR CLUBS JACK,0.6312,0.004,0.3648
DIAMONDS ACE CLUBS JACK,0.346,0.0038,0.6502
CLUBS FIVE CLUBS KING,0.4462,0.2798,0.274
CLUBS FIVE CLUBS QUEEN,0.5856,0.0076,0.4068
CLUBS FIVE CLUBS ACE,0.3612,0.0026,0.6362
CLUBS FIVE CLUBS JACK,0.583,0.007,0.41
CLUBS TEN CLUBS FIVE,0.5946,0.0092,0.3962
SPADES KING CLUBS JACK,0.2264,0.0888,0.6848
SPADES QUEEN CLUBS JACK,0.5674,0.006,0.4266
SPADES ACE CLUBS JACK,0.354,0.0062,0.6398
SPADES SIX CLUBS KING,0.4656,0.308,0.2264
SPADES SIX CLUBS QUEEN,0.6382,0.0078,0.354
SPADES EIGHT HEARTS JACK,0.5752,0.0072,0.4176
SPADES SIX CLUBS ACE,0.3802,0.0028,0.617
SPADES EIGHT HEARTS TEN,0.5694,0.007,0.4236
SPADES SIX CLUBS JACK,0.634,0.006,0.36
CLUBS TEN SPADES SIX,0.6342,0.0058,0.36
SPADES TEN CLUBS JACK,0.5516,0.0072,0.4412
SPADES JACK CLUBS JACK,0.2912,0.0044,0.7044
SPADES QUEEN CLUBS SEVEN,0.7378,0.0322,0.23
SPADES KING CLUBS SEVEN,0.0112,0.9704,0.0184
SPADES ACE CLUBS SEVEN,0.2236,0.0278,0.7486
SPADES SIX HEARTS TEN,0.6206,0.006,0.3734
SPADES SIX HEARTS JACK,0.642,0.0072,0.3508
SPADES SIX HEARTS ACE,0.3972,0.0024,0.6004
SPADES SIX HEARTS KING,0.4942,0.2958,0.21
SPADES SIX HEARTS QUEEN,0.6338,0.0078,0.3584
CLUBS SEVEN SPADES JACK,0.7108,0.0368,0.2524
CLUBS SEVEN SPADES TEN,0.699,0.0316,0.2694
CLUBS TEN HEARTS SIX,0.6254,0.0062,0.3684
HEARTS SIX CLUBS JACK,0.6422,0.0054,0.3524
CLUBS ACE CLUBS JACK,0.328,0.0044,0.6676
HEARTS SIX CLUBS QUEEN,0.6252,0.0054,0.3694
HEARTS SIX CLUBS KING,0.4734,0.2958,0.2308
HEARTS SIX CLUBS ACE,0.412,0.0024,0.5856
CLUBS QUEEN CLUBS JACK,0.5242,0.0054,0.4704
CLUBS KING CLUBS JACK,0.226,0.0816,0.6924
DIAMONDS THREE HEARTS ACE,0.413,0.005,0.582
DIAMONDS THREE HEARTS QUEEN,0.6246,0.008,0.3674
DIAMONDS THREE HEARTS KING,0.469,0.3082,0.2228
CLUBS FIVE HEARTS JACK,0.623,0.0098,0.3672
SPADES TEN DIAMONDS ACE,0.3406,0.0052,0.6542
HEARTS FOUR SPADES TEN,0.6294,0.0074,0.3632
CLUBS FIVE HEARTS TEN,0.645,0.0046,0.3504
HEARTS FOUR SPADES JACK,0.6324,0.0066,0.361
SPADES JACK DIAMONDS ACE,0.35,0.0056,0.6444
SPADES ACE HEARTS FOUR,0.393,0.0042,0.6028
SPADES ACE DIAMONDS ACE,0.1102,0.0042,0.8856
CLUBS FIVE HEARTS ACE,0.3922,0.0028,0.605
CLUBS FIVE HEARTS KING,0.4662,0.311,0.2228
HEARTS FOUR SPADES QUEEN,0.631,0.0104,0.3586
SPADES QUEEN DIAMONDS ACE,0.351,0.0068,0.6422
SPADES FOUR CLUBS JACK,0.631,0.0056,0.3634
CLUBS FIVE HEARTS QUEEN,0.6292,0.0058,0.365
SPADES KING DIAMONDS ACE,0.227,0.0148,0.7582
SPADES KING HEARTS FOUR,0.4806,0.2962,0.2232
CLUBS TEN SPADES FOUR,0.6392,0.005,0.3558
DIAMONDS ACE DIAMONDS QUEEN,0.3326,0.0056,0.6618
DIAMONDS ACE HEARTS TWO,0.4042,0.004,0.5918
HEARTS FOUR DIAMONDS QUEEN,0.637,0.006,0.357
HEARTS FOUR HEARTS TWO,0.6032,0.009,0.3878
DIAMONDS THREE HEARTS TEN,0.6332,0.008,0.3588
SPADES FOUR CLUBS KING,0.4604,0.3116,0.228
HEARTS FIVE DIAMONDS QUEEN,0.6286,0.0088,0.3626
HEARTS FIVE HEARTS TWO,0.6026,0.009,0.3884
DIAMONDS THREE HEARTS JACK,0.6274,0.0074,0.3652
SPADES FOUR CLUBS QUEEN,0.6306,0.006,0.3634
DIAMONDS QUEEN HEARTS TWO,0.646,0.007,0.347
DIAMONDS QUEEN HEARTS THREE,0.6314,0.0074,0.3612
HEARTS THREE HEARTS TWO,0.6174,0.01,0.3726
SPADES FOUR CLUBS ACE,0.3766,0.0056,0.6178
HEARTS TWO CLUBS ACE,0.4008,0.005,0.5942
DIAMONDS QUEEN CLUBS ACE,0.3642,0.0036,0.6322
HEARTS TWO CLUBS QUEEN,0.6294,0.0076,0.363
DIAMONDS QUEEN CLUBS QUEEN,0.284,0.0034,0.7126
HEARTS TWO CLUBS KING,0.4746,0.3032,0.2222
DIAMONDS QUEEN CLUBS KING,0.2526,0.062,0.6854
SPADES EIGHT SPADES FIVE,0.592,0.0078,0.4002
CLUBS TEN HEARTS TWO,0.6348,0.0068,0.3584
CLUBS TEN DIAMONDS QUEEN,0.5682,0.0046,0.4272
SPADES NINE SPADES FIVE,0.5894,0.0072,0.4034
HEARTS TWO CLUBS JACK,0.637,0.0086,0.3544
DIAMONDS QUEEN CLUBS JACK,0.5714,0.0056,0.423
SPADES SIX SPADES FIVE,0.5978,0.0072,0.395
DIAMONDS FIVE CLUBS QUEEN,0.6206,0.008,0.3714
SPADES EIGHT CLUBS ACE,0.357,0.0042,0.6388
DIAMONDS FIVE CLUBS KING,0.469,0.308,0.223
SPADES EIGHT CLUBS KING,0.2168,0.2352,0.548
CLUBS ACE DIAMONDS FIVE,0.3882,0.0042,0.6076
SPADES EIGHT CLUBS QUEEN,0.5758,0.0072,0.417
SPADES EIGHT CLUBS JACK,0.5726,0.0074,0.42
CLUBS TEN SPADES EIGHT,0.5706,0.0064,0.423
CLUBS TEN DIAMONDS FIVE,0.6422,0.0086,0.3492
DIAMONDS FIVE CLUBS JACK,0.6408,0.0052,0.354
DIAMONDS TEN HEARTS JACK,0.5534,0.0078,0.4388
DIAMONDS TEN HEARTS TEN,0.3136,0.0054,0.681
SPADES ACE CLUBS NINE,0.3488,0.005,0.6462
CLUBS NINE SPADES QUEEN,0.5652,0.0076,0.4272
CLUBS NINE SPADES KING,0.2194,0.1612,0.6194
HEARTS SIX HEARTS KING,0.448,0.2802,0.2718
SPADES KING DIAMONDS SEVEN,0.0092,0.9818,0.009
HEARTS SIX HEARTS QUEEN,0.5938,0.0052,0.401
HEARTS THREE SPADES SIX,0.6502,0.0074,0.3424
SPADES QUEEN DIAMONDS SEVEN,0.739,0.038,0.223
SPADES NINE HEARTS THREE,0.6156,0.0082,0.3762
HEARTS SIX HEARTS ACE,0.3742,0.0044,0.6214
