opposingHand,winningChance,drawChance,lostChance
SPADES FOUR DIAMONDS QUEEN
HEARTS FIVE SPADES TEN,0.5882,0.009,0.4028
HEARTS FIVE SPADES JACK,0.5852,0.0096,0.4052
SPADES FIVE CLUBS JACK,0.5912,0.0098,0.399
CLUBS TEN SPADES FIVE,0.5948,0.0152,0.39
CLUBS EIGHT CLUBS JACK,0.5364,0.009,0.4546
CLUBS TEN CLUBS EIGHT,0.537,0.0108,0.4522
CLUBS EIGHT CLUBS KING,0.3508,0.0076,0.6416
SPADES FIVE CLUBS ACE,0.3364,0.005,0.6586
CLUBS EIGHT CLUBS QUEEN,0.2198,0.216,0.5642
SPADES FIVE CLUBS KING,0.3638,0.009,0.6272
SPADES FIVE CLUBS QUEEN,0.225,0.4712,0.3038
CLUBS EIGHT CLUBS ACE,0.3438,0.0036,0.6526
DIAMONDS TWO DIAMONDS THREE,0.6156,0.0156,0.3688
DIAMONDS TWO DIAMONDS FIVE,0.5756,0.0162,0.4082
HEARTS FIVE SPADES KING,0.3494,0.0084,0.6422
DIAMONDS TWO DIAMONDS FOUR,0.6758,0.0462,0.278
HEARTS FIVE SPADES QUEEN,0.2048,0.4618,0.3334
DIAMONDS TWO DIAMONDS SEVEN,0.6002,0.0154,0.3844
DIAMONDS TWO DIAMONDS SIX,0.5994,0.014,0.3866
SPADES ACE HEARTS FIVE,0.34,0.0048,0.6552
DIAMONDS TWO DIAMONDS NINE,0.6212,0.0096,0.3692
DIAMONDS TWO DIAMONDS EIGHT,0.5944,0.0138,0.3918
DIAMONDS THREE DIAMONDS FOUR,0.6628,0.0484,0.2888
DIAMONDS THREE DIAMONDS FIVE,0.5752,0.0132,0.4116
SPADES FIVE CLUBS TWO,0.607,0.013,0.38
CLUBS TWO SPADES TWO,0.4276,0.0356,0.5368
CLUBS TWO SPADES THREE,0.6498,0.017,0.3332
DIAMONDS THREE DIAMONDS EIGHT,0.5974,0.0134,0.3892
SPADES EIGHT CLUBS TWO,0.628,0.0112,0.3608
DIAMONDS THREE DIAMONDS NINE,0.5944,0.0132,0.3924
SPADES NINE CLUBS TWO,0.6236,0.0118,0.3646
DIAMONDS THREE DIAMONDS SIX,0.5766,0.0138,0.4096
SPADES SIX CLUBS TWO,0.6236,0.0138,0.3626
DIAMONDS THREE DIAMONDS SEVEN,0.5974,0.0126,0.39
SPADES SEVEN CLUBS TWO,0.627,0.0132,0.3598
CLUBS SIX CLUBS TWO,0.5804,0.0128,0.4068
CLUBS SEVEN CLUBS TWO,0.5978,0.0124,0.3898
CLUBS FOUR CLUBS TWO,0.6564,0.0486,0.295
CLUBS FIVE CLUBS TWO,0.5718,0.0136,0.4146
CLUBS TEN CLUBS JACK,0.4956,0.0104,0.494
DIAMONDS FOUR DIAMONDS SIX,0.6616,0.0424,0.296
CLUBS TEN CLUBS QUEEN,0.215,0.1164,0.6686
DIAMONDS FOUR DIAMONDS SEVEN,0.6702,0.041,0.2888
CLUBS TEN CLUBS KING,0.3296,0.0064,0.664
CLUBS TEN CLUBS ACE,0.3238,0.0046,0.6716
CLUBS EIGHT CLUBS TWO,0.582,0.0138,0.4042
DIAMONDS FIVE DIAMONDS FOUR,0.6264,0.0456,0.328
CLUBS NINE CLUBS TWO,0.5786,0.0144,0.407
DIAMONDS NINE DIAMONDS FOUR,0.692,0.0442,0.2638
DIAMONDS EIGHT DIAMONDS FOUR,0.6744,0.0446,0.281
CLUBS THREE CLUBS TWO,0.6068,0.0174,0.3758
DIAMONDS NINE DIAMONDS FIVE,0.5538,0.0158,0.4304
DIAMONDS TWO CLUBS JACK,0.6362,0.013,0.3508
DIAMONDS EIGHT DIAMONDS FIVE,0.546,0.0114,0.4426
CLUBS TEN DIAMONDS TWO,0.6272,0.0132,0.3596
DIAMONDS FIVE DIAMONDS SEVEN,0.551,0.0132,0.4358
DIAMONDS FIVE DIAMONDS SIX,0.536,0.0132,0.4508
DIAMONDS TWO CLUBS ACE,0.389,0.0046,0.6064
DIAMONDS TWO CLUBS KING,0.3946,0.0074,0.598
DIAMONDS TWO CLUBS QUEEN,0.2638,0.5184,0.2178
DIAMONDS EIGHT DIAMONDS SIX,0.5364,0.0102,0.4534
DIAMONDS NINE DIAMONDS SIX,0.5472,0.0108,0.442
HEARTS ACE SPADES THREE,0.3844,0.005,0.6106
SPADES THREE HEARTS KING,0.391,0.0076,0.6014
DIAMONDS SEVEN DIAMONDS SIX,0.5372,0.0098,0.453
SPADES THREE HEARTS QUEEN,0.2666,0.5184,0.215
SPADES THREE HEARTS JACK,0.6236,0.0096,0.3668
SPADES THREE HEARTS TEN,0.638,0.0132,0.3488
DIAMONDS EIGHT DIAMONDS SEVEN,0.5248,0.011,0.4642
DIAMONDS NINE DIAMONDS SEVEN,0.5286,0.0098,0.4616
DIAMONDS NINE DIAMONDS EIGHT,0.5128,0.011,0.4762
DIAMONDS KING HEARTS TEN,0.3326,0.0068,0.6606
HEARTS THREE HEARTS TEN,0.5896,0.0116,0.3988
SPADES JACK CLUBS SIX,0.5974,0.0108,0.3918
DIAMONDS KING HEARTS JACK,0.3384,0.0084,0.6532
HEARTS THREE HEARTS JACK,0.5968,0.0114,0.3918
SPADES TEN CLUBS SIX,0.577,0.012,0.411
SPADES JACK SPADES FIVE,0.5602,0.0132,0.4266
SPADES TEN SPADES FIVE,0.5716,0.011,0.4174
DIAMONDS KING HEARTS ACE,0.3048,0.0046,0.6906
HEARTS THREE HEARTS ACE,0.3494,0.0046,0.646
SPADES ACE CLUBS SIX,0.3586,0.0048,0.6366
DIAMONDS KING HEARTS QUEEN,0.2226,0.026,0.7514
HEARTS THREE HEARTS QUEEN,0.2476,0.4786,0.2738
SPADES KING CLUBS SIX,0.3554,0.0076,0.637
DIAMONDS KING HEARTS KING,0.134,0.0046,0.8614
HEARTS THREE HEARTS KING,0.3628,0.008,0.6292
SPADES QUEEN CLUBS SIX,0.2276,0.3842,0.3882
SPADES NINE HEARTS TEN,0.5376,0.0114,0.451
SPADES NINE HEARTS JACK,0.5492,0.0096,0.4412
SPADES QUEEN SPADES FIVE,0.2108,0.4406,0.3486
SPADES KING SPADES FIVE,0.3382,0.0078,0.654
SPADES ACE SPADES FIVE,0.33,0.0048,0.6652
SPADES NINE HEARTS QUEEN,0.2234,0.166,0.6106
SPADES NINE HEARTS KING,0.3502,0.0078,0.642
SPADES NINE HEARTS ACE,0.3652,0.0042,0.6306
CLUBS TEN SPADES JACK,0.53,0.0112,0.4588
CLUBS TEN SPADES TEN,0.2884,0.015,0.6966
SPADES ACE CLUBS TEN,0.3356,0.006,0.6584
SPADES KING CLUBS TEN,0.3408,0.0084,0.6508
CLUBS TEN SPADES QUEEN,0.2202,0.1286,0.6512
SPADES FIVE HEARTS QUEEN,0.2106,0.472,0.3174
SPADES FIVE HEARTS KING,0.353,0.0074,0.6396
HEARTS ACE SPADES FIVE,0.34,0.0062,0.6538
CLUBS EIGHT SPADES TEN,0.5546,0.0104,0.435
SPADES JACK HEARTS THREE,0.6124,0.011,0.3766
SPADES JACK DIAMONDS KING,0.3282,0.0096,0.6622
SPADES TEN DIAMONDS KING,0.3324,0.0068,0.6608
SPADES TEN HEARTS THREE,0.6342,0.0114,0.3544
SPADES JACK CLUBS EIGHT,0.5696,0.0114,0.419
CLUBS SIX HEARTS ACE,0.3548,0.0038,0.6414
SPADES ACE CLUBS EIGHT,0.358,0.0036,0.6384
HEARTS FIVE CLUBS JACK,0.5832,0.0098,0.407
HEARTS FIVE CLUBS TEN,0.5944,0.0134,0.3922
CLUBS SIX HEARTS QUEEN,0.2312,0.3658,0.403
SPADES QUEEN CLUBS EIGHT,0.2318,0.223,0.5452
CLUBS TEN SPADES THREE,0.639,0.014,0.347
CLUBS SIX HEARTS KING,0.364,0.006,0.63
SPADES KING CLUBS EIGHT,0.361,0.0066,0.6324
SPADES THREE CLUBS JACK,0.6246,0.014,0.3614
DIAMONDS TWO HEARTS JACK,0.649,0.0106,0.3404
SPADES THREE CLUBS QUEEN,0.2798,0.515,0.2052
DIAMONDS TWO HEARTS TEN,0.6352,0.015,0.3498
SPADES THREE CLUBS KING,0.3998,0.0066,0.5936
HEARTS FIVE CLUBS ACE,0.3428,0.0028,0.6544
SPADES FIVE HEARTS TEN,0.595,0.0126,0.3924
SPADES THREE CLUBS ACE,0.3744,0.005,0.6206
HEARTS FIVE CLUBS KING,0.3554,0.005,0.6396
SPADES FIVE HEARTS JACK,0.5922,0.0118,0.396
HEARTS FIVE CLUBS QUEEN,0.2202,0.4562,0.3236
HEARTS THREE CLUBS KING,0.3874,0.0076,0.605
DIAMONDS KING CLUBS KING,0.133,0.0062,0.8608
HEARTS THREE CLUBS QUEEN,0.2662,0.5136,0.2202
DIAMONDS KING CLUBS QUEEN,0.2362,0.0308,0.733
HEARTS FIVE HEARTS JACK,0.5644,0.0116,0.424
HEARTS FIVE HEARTS TEN,0.5522,0.0112,0.4366
HEARTS THREE CLUBS ACE,0.3788,0.0034,0.6178
DIAMONDS KING CLUBS ACE,0.3134,0.0042,0.6824
SPADES ACE CLUBS QUEEN,0.229,0.0162,0.7548
SPADES KING CLUBS QUEEN,0.2234,0.0292,0.7474
HEARTS THREE CLUBS JACK,0.623,0.0132,0.3638
DIAMONDS KING CLUBS JACK,0.3294,0.0064,0.6642
SPADES QUEEN CLUBS QUEEN,0.0802,0.0226,0.8972
CLUBS TEN HEARTS THREE,0.6232,0.0118,0.365
CLUBS TEN DIAMONDS KING,0.3394,0.0066,0.654
SPADES JACK CLUBS QUEEN,0.235,0.0892,0.6758
CLUBS SIX CLUBS QUEEN,0.2068,0.3432,0.45
SPADES TEN CLUBS QUEEN,0.2256,0.131,0.6434
CLUBS SIX CLUBS KING,0.343,0.007,0.65
CLUBS SIX CLUBS ACE,0.3358,0.0054,0.6588
HEARTS FIVE HEARTS KING,0.325,0.007,0.668
HEARTS FIVE HEARTS QUEEN,0.2046,0.4388,0.3566
CLUBS TEN CLUBS SIX,0.552,0.0084,0.4396
HEARTS FIVE HEARTS ACE,0.3298,0.005,0.6652
CLUBS SIX CLUBS JACK,0.5526,0.0098,0.4376
SPADES SEVEN HEARTS JACK,0.5848,0.0128,0.4024
SPADES SEVEN HEARTS TEN,0.5698,0.0104,0.4198
DIAMONDS TWO CLUBS TWO,0.4246,0.0336,0.5418
DIAMONDS TWO CLUBS THREE,0.6416,0.0124,0.346
DIAMONDS TWO HEARTS SIX,0.6358,0.0164,0.3478
DIAMONDS TWO HEARTS QUEEN,0.264,0.5152,0.2208
HEARTS SEVEN DIAMONDS TWO,0.6532,0.0142,0.3326
DIAMONDS TWO HEARTS KING,0.3984,0.0088,0.5928
DIAMONDS TWO HEARTS EIGHT,0.6304,0.013,0.3566
DIAMONDS TWO HEARTS ACE,0.383,0.0044,0.6126
DIAMONDS TWO HEARTS NINE,0.6266,0.012,0.3614
DIAMONDS TWO HEARTS TWO,0.4188,0.0348,0.5464
DIAMONDS TWO DIAMONDS KING,0.363,0.0074,0.6296
DIAMONDS TWO HEARTS THREE,0.6434,0.0144,0.3422
DIAMONDS TWO DIAMONDS ACE,0.3634,0.0046,0.632
HEARTS FOUR DIAMONDS TWO,0.697,0.0488,0.2542
HEARTS FIVE DIAMONDS TWO,0.6102,0.016,0.3738
SPADES SEVEN HEARTS ACE,0.3536,0.0056,0.6408
DIAMONDS TWO DIAMONDS TEN,0.597,0.0138,0.3892
SPADES SEVEN HEARTS KING,0.3558,0.009,0.6352
DIAMONDS TWO DIAMONDS JACK,0.6046,0.0118,0.3836
SPADES SEVEN HEARTS QUEEN,0.2172,0.2954,0.4874
DIAMONDS TWO SPADES NINE,0.6274,0.0124,0.3602
DIAMONDS TWO SPADES EIGHT,0.6294,0.0158,0.3548
DIAMONDS TWO SPADES SEVEN,0.6306,0.0142,0.3552
DIAMONDS TWO SPADES SIX,0.619,0.0112,0.3698
DIAMONDS TWO SPADES FIVE,0.6088,0.0172,0.374
DIAMONDS TWO SPADES THREE,0.6478,0.0162,0.336
DIAMONDS TWO SPADES TWO,0.4298,0.0382,0.532
CLUBS NINE DIAMONDS TWO,0.633,0.0142,0.3528
DIAMONDS TWO CLUBS EIGHT,0.624,0.015,0.361
CLUBS SEVEN DIAMONDS TWO,0.6434,0.014,0.3426
DIAMONDS TWO CLUBS SIX,0.6218,0.0138,0.3644
DIAMONDS TWO CLUBS FIVE,0.6284,0.0146,0.357
DIAMONDS TWO CLUBS FOUR,0.7002,0.0502,0.2496
CLUBS FOUR SPADES FIVE,0.6582,0.0442,0.2976
CLUBS FOUR SPADES THREE,0.6898,0.046,0.2642
CLUBS FOUR SPADES TWO,0.7006,0.0464,0.253
SPADES NINE CLUBS FOUR,0.7074,0.0424,0.2502
SPADES EIGHT CLUBS FOUR,0.706,0.044,0.25
SPADES SEVEN CLUBS FOUR,0.6824,0.0456,0.272
CLUBS FOUR SPADES SIX,0.6624,0.0438,0.2938
SPADES ACE DIAMONDS SIX,0.365,0.0064,0.6286
SPADES QUEEN DIAMONDS SIX,0.2106,0.39,0.3994
SPADES KING DIAMONDS SIX,0.3558,0.0078,0.6364
SPADES TEN DIAMONDS SIX,0.5964,0.012,0.3916
SPADES JACK DIAMONDS SIX,0.5966,0.013,0.3904
SPADES QUEEN SPADES TWO,0.258,0.4886,0.2534
SPADES KING SPADES TWO,0.3748,0.0086,0.6166
SPADES ACE SPADES TWO,0.3672,0.0062,0.6266
DIAMONDS JACK CLUBS JACK,0.2898,0.0084,0.7018
CLUBS TEN DIAMONDS JACK,0.544,0.0078,0.4482
DIAMONDS JACK CLUBS KING,0.3504,0.0076,0.642
DIAMONDS JACK CLUBS QUEEN,0.2364,0.0918,0.6718
DIAMONDS THREE DIAMONDS JACK,0.6096,0.0134,0.377
DIAMONDS THREE DIAMONDS TEN,0.6018,0.0124,0.3858
DIAMONDS JACK CLUBS ACE,0.3532,0.0054,0.6414
DIAMONDS THREE DIAMONDS KING,0.3684,0.0076,0.624
DIAMONDS THREE HEARTS THREE,0.4226,0.035,0.5424
DIAMONDS THREE HEARTS TWO,0.6446,0.018,0.3374
HEARTS FIVE DIAMONDS THREE,0.6052,0.0136,0.3812
DIAMONDS THREE DIAMONDS ACE,0.3638,0.0056,0.6306
HEARTS FOUR DIAMONDS THREE,0.6882,0.0458,0.266
HEARTS SEVEN DIAMONDS THREE,0.637,0.0118,0.3512
SPADES TEN SPADES NINE,0.5182,0.0116,0.4702
HEARTS SIX DIAMONDS THREE,0.6272,0.0146,0.3582
SPADES JACK SPADES NINE,0.5212,0.013,0.4658
DIAMONDS THREE HEARTS NINE,0.6392,0.015,0.3458
HEARTS JACK DIAMONDS FOUR,0.7196,0.0514,0.229
HEARTS ACE HEARTS KING,0.2992,0.0044,0.6964
SPADES TEN SPADES TWO,0.5866,0.0116,0.4018
DIAMONDS THREE HEARTS EIGHT,0.6246,0.0128,0.3626
HEARTS TEN DIAMONDS FOUR,0.7094,0.0454,0.2452
SPADES JACK SPADES TWO,0.6032,0.013,0.3838
HEARTS QUEEN DIAMONDS FOUR,0.0192,0.9704,0.0104
HEARTS KING DIAMONDS FOUR,0.2324,0.0382,0.7294
SPADES ACE SPADES NINE,0.3294,0.007,0.6636
HEARTS ACE DIAMONDS FOUR,0.2354,0.0266,0.738
SPADES KING SPADES NINE,0.328,0.0066,0.6654
SPADES QUEEN SPADES NINE,0.2212,0.1558,0.623
DIAMONDS THREE SPADES NINE,0.6292,0.012,0.3588
DIAMONDS THREE SPADES EIGHT,0.6214,0.0182,0.3604
DIAMONDS THREE SPADES SEVEN,0.6226,0.013,0.3644
DIAMONDS THREE SPADES SIX,0.625,0.0152,0.3598
DIAMONDS THREE CLUBS SIX,0.635,0.014,0.351
CLUBS FIVE CLUBS SIX,0.5272,0.0124,0.4604
CLUBS ACE DIAMONDS FOUR,0.2378,0.0246,0.7376
CLUBS SEVEN DIAMONDS THREE,0.6294,0.012,0.3586
CLUBS SEVEN CLUBS FIVE,0.5366,0.0112,0.4522
DIAMONDS THREE CLUBS FOUR,0.6938,0.05,0.2562
DIAMONDS FOUR CLUBS QUEEN,0.0164,0.9744,0.0092
DIAMONDS THREE CLUBS FIVE,0.6186,0.0146,0.3668
CLUBS KING DIAMONDS FOUR,0.2308,0.0364,0.7328
DIAMONDS THREE CLUBS TWO,0.6386,0.0154,0.346
CLUBS TEN DIAMONDS FOUR,0.725,0.0484,0.2266
DIAMONDS THREE CLUBS THREE,0.4112,0.0402,0.5486
DIAMONDS FOUR CLUBS JACK,0.731,0.0486,0.2204
DIAMONDS THREE SPADES FIVE,0.601,0.0168,0.3822
DIAMONDS THREE SPADES TWO,0.6552,0.0176,0.3272
DIAMONDS THREE SPADES THREE,0.4302,0.037,0.5328
CLUBS EIGHT DIAMONDS THREE,0.6254,0.013,0.3616
CLUBS NINE DIAMONDS THREE,0.6286,0.0162,0.3552
SPADES SEVEN CLUBS ACE,0.356,0.0052,0.6388
SPADES SEVEN CLUBS QUEEN,0.2322,0.2954,0.4724
SPADES SEVEN CLUBS KING,0.355,0.0068,0.6382
CLUBS FIVE SPADES SEVEN,0.563,0.0116,0.4254
CLUBS TEN SPADES SEVEN,0.5752,0.0112,0.4136
CLUBS FIVE SPADES SIX,0.5662,0.0114,0.4224
SPADES SEVEN CLUBS JACK,0.5812,0.012,0.4068
CLUBS FIVE SPADES NINE,0.5714,0.0146,0.414
CLUBS FIVE SPADES EIGHT,0.5828,0.0116,0.4056
CLUBS FIVE SPADES THREE,0.6038,0.015,0.3812
CLUBS FIVE SPADES TWO,0.615,0.0172,0.3678
CLUBS FIVE SPADES FIVE,0.3204,0.0276,0.652
CLUBS NINE CLUBS FIVE,0.5562,0.0136,0.4302
CLUBS EIGHT CLUBS FIVE,0.5344,0.0142,0.4514
CLUBS ACE CLUBS QUEEN,0.2196,0.0158,0.7646
CLUBS KING CLUBS QUEEN,0.2168,0.0242,0.759
DIAMONDS TEN DIAMONDS FOUR,0.691,0.0514,0.2576
CLUBS TEN DIAMONDS NINE,0.534,0.015,0.451
DIAMONDS JACK DIAMONDS FOUR,0.6856,0.0506,0.2638
DIAMONDS NINE CLUBS JACK,0.5658,0.011,0.4232
SPADES NINE CLUBS JACK,0.5528,0.0116,0.4356
CLUBS TEN SPADES NINE,0.5342,0.0126,0.4532
DIAMONDS ACE DIAMONDS FOUR,0.218,0.0234,0.7586
HEARTS FOUR DIAMONDS FOUR,0.2944,0.0346,0.671
DIAMONDS JACK HEARTS TEN,0.5412,0.0104,0.4484
SPADES NINE CLUBS KING,0.348,0.006,0.646
DIAMONDS TWO SPADES TEN,0.633,0.0146,0.3524
DIAMONDS NINE CLUBS ACE,0.3628,0.0054,0.6318
HEARTS FIVE DIAMONDS FOUR,0.6738,0.0434,0.2828
DIAMONDS JACK HEARTS JACK,0.2786,0.0108,0.7106
SPADES NINE CLUBS QUEEN,0.2196,0.1666,0.6138
DIAMONDS TWO SPADES JACK,0.6392,0.0154,0.3454
HEARTS TWO DIAMONDS FOUR,0.6998,0.044,0.2562
DIAMONDS NINE CLUBS QUEEN,0.2346,0.1658,0.5996
DIAMONDS KING DIAMONDS FOUR,0.211,0.032,0.757
HEARTS THREE DIAMONDS FOUR,0.6914,0.0474,0.2612
SPADES NINE CLUBS ACE,0.3544,0.0038,0.6418
DIAMONDS NINE CLUBS KING,0.3584,0.0066,0.635
HEARTS ACE DIAMONDS JACK,0.3644,0.005,0.6306
SPADES ACE DIAMONDS TWO,0.3854,0.0068,0.6078
HEARTS QUEEN DIAMONDS JACK,0.2392,0.0992,0.6616
SPADES QUEEN DIAMONDS TWO,0.2732,0.53,0.1968
DIAMONDS JACK HEARTS KING,0.3444,0.0068,0.6488
SPADES KING DIAMONDS TWO,0.392,0.0124,0.5956
SPADES JACK SPADES SEVEN,0.534,0.0138,0.4522
SPADES TEN SPADES SEVEN,0.5462,0.0114,0.4424
CLUBS SEVEN CLUBS THREE,0.5988,0.0128,0.3884
CLUBS SIX CLUBS THREE,0.5628,0.0136,0.4236
CLUBS FIVE CLUBS THREE,0.5454,0.0146,0.44
CLUBS THREE CLUBS FOUR,0.6492,0.0452,0.3056
CLUBS NINE CLUBS THREE,0.5904,0.0098,0.3998
CLUBS EIGHT CLUBS THREE,0.5836,0.0128,0.4036
CLUBS THREE SPADES FIVE,0.6044,0.0134,0.3822
CLUBS THREE SPADES THREE,0.4236,0.0332,0.5432
CLUBS THREE SPADES TWO,0.6446,0.0158,0.3396
CLUBS THREE SPADES SIX,0.6142,0.0142,0.3716
CLUBS THREE SPADES SEVEN,0.6334,0.013,0.3536
SPADES EIGHT CLUBS THREE,0.6342,0.0134,0.3524
SPADES NINE CLUBS THREE,0.6366,0.0142,0.3492
SPADES TWO DIAMONDS FOUR,0.717,0.0538,0.2292
SPADES THREE DIAMONDS FOUR,0.6974,0.0494,0.2532
SPADES FIVE DIAMONDS FOUR,0.6652,0.0434,0.2914
SPADES SIX DIAMONDS FOUR,0.6768,0.04,0.2832
SPADES SEVEN DIAMONDS FOUR,0.6946,0.0382,0.2672
SPADES EIGHT DIAMONDS FOUR,0.7072,0.0422,0.2506
SPADES NINE DIAMONDS FOUR,0.7116,0.0494,0.239
CLUBS FIVE DIAMONDS FOUR,0.6692,0.0434,0.2874
CLUBS FOUR DIAMONDS FOUR,0.305,0.0314,0.6636
CLUBS SEVEN DIAMONDS FOUR,0.6956,0.0424,0.262
CLUBS SIX DIAMONDS FOUR,0.6938,0.0396,0.2666
CLUBS NINE DIAMONDS FOUR,0.715,0.0494,0.2356
CLUBS EIGHT DIAMONDS FOUR,0.7118,0.0412,0.247
HEARTS SEVEN DIAMONDS FOUR,0.7022,0.044,0.2538
HEARTS SIX DIAMONDS FOUR,0.6824,0.0386,0.279
DIAMONDS FOUR HEARTS NINE,0.7162,0.0432,0.2406
DIAMONDS FOUR HEARTS EIGHT,0.7046,0.0434,0.252
CLUBS THREE DIAMONDS FOUR,0.6938,0.0438,0.2624
CLUBS TWO DIAMONDS FOUR,0.706,0.0486,0.2454
DIAMONDS TEN DIAMONDS FIVE,0.5706,0.0128,0.4166
DIAMONDS JACK DIAMONDS FIVE,0.5758,0.0124,0.4118
DIAMONDS NINE HEARTS QUEEN,0.2312,0.163,0.6058
DIAMONDS NINE HEARTS KING,0.344,0.0074,0.6486
HEARTS ACE DIAMONDS NINE,0.3696,0.005,0.6254
DIAMONDS NINE HEARTS TEN,0.546,0.0098,0.4442
DIAMONDS NINE HEARTS JACK,0.551,0.0138,0.4352
CLUBS KING DIAMONDS SIX,0.3632,0.007,0.6298
CLUBS QUEEN DIAMONDS SIX,0.231,0.3892,0.3798
CLUBS ACE DIAMONDS SIX,0.3612,0.0064,0.6324
SPADES KING DIAMONDS FOUR,0.2226,0.0426,0.7348
SPADES ACE SPADES SEVEN,0.3302,0.0062,0.6636
SPADES QUEEN DIAMONDS FOUR,0.0068,0.9838,0.0094
SPADES QUEEN SPADES SEVEN,0.222,0.2914,0.4866
CLUBS JACK DIAMONDS SIX,0.5882,0.0104,0.4014
SPADES KING SPADES SEVEN,0.3328,0.0068,0.6604
SPADES ACE DIAMONDS FOUR,0.2324,0.0234,0.7442
CLUBS TEN DIAMONDS SIX,0.5786,0.0142,0.4072
CLUBS NINE CLUBS FOUR,0.6686,0.0424,0.289
CLUBS EIGHT CLUBS FOUR,0.66,0.0388,0.3012
SPADES JACK DIAMONDS FOUR,0.7254,0.0466,0.228
SPADES TEN DIAMONDS FOUR,0.7126,0.0476,0.2398
CLUBS FIVE CLUBS FOUR,0.6362,0.044,0.3198
CLUBS SEVEN CLUBS FOUR,0.6508,0.0384,0.3108
CLUBS SIX CLUBS FOUR,0.6338,0.038,0.3282
CLUBS SEVEN SPADES EIGHT,0.5464,0.0128,0.4408
CLUBS SEVEN SPADES NINE,0.5526,0.0122,0.4352
CLUBS SEVEN SPADES SIX,0.5614,0.0112,0.4274
CLUBS SEVEN SPADES SEVEN,0.3262,0.0228,0.651
CLUBS SEVEN SPADES FIVE,0.5724,0.0118,0.4158
CLUBS SEVEN SPADES THREE,0.6316,0.0126,0.3558
CLUBS SEVEN SPADES TWO,0.6454,0.0142,0.3404
CLUBS NINE CLUBS SEVEN,0.5308,0.0096,0.4596
CLUBS SEVEN CLUBS EIGHT,0.5138,0.0116,0.4746
HEARTS SIX DIAMONDS FIVE,0.5696,0.0142,0.4162
HEARTS SEVEN DIAMONDS FIVE,0.575,0.011,0.414
DIAMONDS FIVE HEARTS EIGHT,0.5722,0.0128,0.415
DIAMONDS FIVE HEARTS NINE,0.589,0.012,0.399
HEARTS TWO DIAMONDS FIVE,0.6228,0.0128,0.3644
HEARTS KING HEARTS EIGHT,0.3528,0.0092,0.638
DIAMONDS KING DIAMONDS FIVE,0.3392,0.0078,0.653
HEARTS THREE DIAMONDS FIVE,0.6084,0.0116,0.38
HEARTS QUEEN HEARTS EIGHT,0.2214,0.209,0.5696
DIAMONDS ACE DIAMONDS FIVE,0.3284,0.006,0.6656
HEARTS FOUR DIAMONDS FIVE,0.6712,0.044,0.2848
HEARTS FIVE DIAMONDS FIVE,0.3238,0.0314,0.6448
HEARTS ACE HEARTS EIGHT,0.337,0.0048,0.6582
CLUBS FOUR DIAMONDS FIVE,0.6678,0.0492,0.283
CLUBS FIVE DIAMONDS FIVE,0.3184,0.028,0.6536
CLUBS SIX DIAMONDS FIVE,0.563,0.015,0.422
CLUBS SEVEN DIAMONDS FIVE,0.5698,0.0134,0.4168
CLUBS TWO DIAMONDS FIVE,0.624,0.013,0.363
CLUBS THREE DIAMONDS FIVE,0.6134,0.0148,0.3718
SPADES THREE DIAMONDS FIVE,0.6076,0.0148,0.3776
SPADES TWO DIAMONDS FIVE,0.6274,0.0156,0.357
SPADES JACK DIAMONDS EIGHT,0.5768,0.0126,0.4106
SPADES FIVE DIAMONDS FIVE,0.3256,0.0318,0.6426
CLUBS TEN HEARTS JACK,0.5258,0.01,0.4642
SPADES TEN DIAMONDS EIGHT,0.5668,0.0156,0.4176
HEARTS JACK CLUBS JACK,0.2698,0.0102,0.72
HEARTS JACK CLUBS QUEEN,0.2436,0.0924,0.664
CLUBS NINE DIAMONDS FIVE,0.5982,0.012,0.3898
CLUBS KING HEARTS JACK,0.3476,0.0084,0.644
CLUBS EIGHT DIAMONDS FIVE,0.5824,0.0118,0.4058
CLUBS ACE HEARTS JACK,0.3488,0.004,0.6472
SPADES SEVEN DIAMONDS FIVE,0.5806,0.0154,0.404
SPADES KING DIAMONDS EIGHT,0.3524,0.008,0.6396
SPADES QUEEN DIAMONDS EIGHT,0.2292,0.2298,0.541
SPADES SIX DIAMONDS FIVE,0.566,0.0128,0.4212
SPADES NINE DIAMONDS FIVE,0.586,0.0162,0.3978
SPADES EIGHT DIAMONDS FIVE,0.5906,0.0154,0.394
SPADES ACE DIAMONDS EIGHT,0.3564,0.0042,0.6394
DIAMONDS TEN DIAMONDS SIX,0.558,0.0132,0.4288
HEARTS ACE DIAMONDS SEVEN,0.3778,0.0044,0.6178
DIAMONDS JACK DIAMONDS SIX,0.5756,0.011,0.4134
HEARTS QUEEN DIAMONDS SEVEN,0.2318,0.3036,0.4646
HEARTS KING DIAMONDS SEVEN,0.3774,0.005,0.6176
DIAMONDS ACE DIAMONDS SIX,0.3478,0.0048,0.6474
HEARTS FOUR DIAMONDS SIX,0.6788,0.0448,0.2764
SPADES TWO HEARTS JACK,0.6278,0.0146,0.3576
HEARTS FIVE DIAMONDS SIX,0.56,0.012,0.428
SPADES TWO HEARTS TEN,0.6326,0.0134,0.354
HEARTS TWO DIAMONDS SIX,0.628,0.0116,0.3604
DIAMONDS KING DIAMONDS SIX,0.3388,0.0084,0.6528
HEARTS THREE DIAMONDS SIX,0.6162,0.0128,0.371
HEARTS EIGHT DIAMONDS SIX,0.5656,0.0124,0.422
HEARTS NINE DIAMONDS SIX,0.5702,0.012,0.4178
HEARTS SIX DIAMONDS SIX,0.3298,0.0272,0.643
HEARTS SEVEN DIAMONDS SIX,0.5676,0.0126,0.4198
HEARTS TEN DIAMONDS SEVEN,0.583,0.012,0.405
CLUBS TWO DIAMONDS SIX,0.6246,0.0144,0.361
HEARTS JACK DIAMONDS SEVEN,0.5936,0.009,0.3974
CLUBS THREE DIAMONDS SIX,0.6198,0.0154,0.3648
CLUBS SEVEN DIAMONDS SIX,0.5638,0.0092,0.427
DIAMONDS EIGHT CLUBS JACK,0.572,0.0096,0.4184
CLUBS SIX DIAMONDS SIX,0.3256,0.0268,0.6476
CLUBS TEN DIAMONDS EIGHT,0.5534,0.011,0.4356
CLUBS FIVE DIAMONDS SIX,0.578,0.013,0.409
CLUBS FOUR DIAMONDS SIX,0.679,0.0426,0.2784
HEARTS ACE HEARTS JACK,0.3308,0.0032,0.666
DIAMONDS EIGHT CLUBS ACE,0.371,0.0052,0.6238
HEARTS QUEEN HEARTS JACK,0.224,0.0904,0.6856
DIAMONDS EIGHT CLUBS KING,0.3726,0.0072,0.6202
CLUBS NINE DIAMONDS SIX,0.5756,0.013,0.4114
HEARTS KING HEARTS JACK,0.322,0.0074,0.6706
DIAMONDS EIGHT CLUBS QUEEN,0.238,0.22,0.542
CLUBS EIGHT DIAMONDS SIX,0.5642,0.013,0.4228
SPADES TEN HEARTS KING,0.331,0.009,0.66
SPADES FIVE DIAMONDS SIX,0.567,0.0124,0.4206
HEARTS ACE SPADES TWO,0.3776,0.004,0.6184
SPADES JACK HEARTS KING,0.3306,0.0046,0.6648
SPADES THREE DIAMONDS SIX,0.6182,0.013,0.3688
HEARTS QUEEN SPADES TWO,0.268,0.5196,0.2124
SPADES ACE SPADES KING,0.3086,0.0044,0.687
SPADES TWO HEARTS KING,0.3988,0.0084,0.5928
SPADES TWO DIAMONDS SIX,0.6372,0.0162,0.3466
HEARTS TEN HEARTS EIGHT,0.5298,0.013,0.4572
SPADES NINE DIAMONDS SIX,0.5812,0.0122,0.4066
HEARTS JACK HEARTS EIGHT,0.5394,0.0098,0.4508
SPADES EIGHT DIAMONDS SIX,0.5848,0.0106,0.4046
SPADES SEVEN DIAMONDS SIX,0.5748,0.011,0.4142
SPADES SIX DIAMONDS SIX,0.3184,0.029,0.6526
SPADES KING HEARTS KING,0.124,0.0036,0.8724
SPADES QUEEN HEARTS KING,0.229,0.0276,0.7434
CLUBS ACE CLUBS KING,0.2964,0.0064,0.6972
SPADES ACE HEARTS KING,0.3138,0.0044,0.6818
SPADES ACE HEARTS JACK,0.338,0.0054,0.6566
SPADES QUEEN HEARTS JACK,0.2386,0.0868,0.6746
SPADES KING HEARTS JACK,0.3458,0.0066,0.6476
SPADES TEN DIAMONDS TEN,0.2786,0.0164,0.705
SPADES JACK DIAMONDS TEN,0.5354,0.0098,0.4548
SPADES ACE DIAMONDS TEN,0.345,0.0058,0.6492
SPADES JACK HEARTS JACK,0.265,0.011,0.724
SPADES TEN HEARTS JACK,0.5374,0.0102,0.4524
SPADES QUEEN DIAMONDS TEN,0.226,0.1206,0.6534
SPADES KING DIAMONDS TEN,0.3442,0.0102,0.6456
SPADES NINE DIAMONDS SEVEN,0.5534,0.0146,0.432
SPADES EIGHT DIAMONDS SEVEN,0.5506,0.0128,0.4366
SPADES SEVEN DIAMONDS SEVEN,0.3174,0.0264,0.6562
SPADES SIX DIAMONDS SEVEN,0.559,0.0116,0.4294
DIAMONDS KING DIAMONDS SEVEN,0.3514,0.0068,0.6418
HEARTS THREE DIAMONDS SEVEN,0.6288,0.0106,0.3606
HEARTS KING DIAMONDS FIVE,0.3638,0.0058,0.6304
HEARTS TWO DIAMONDS SEVEN,0.6402,0.0144,0.3454
HEARTS QUEEN DIAMONDS FIVE,0.2128,0.4688,0.3184
HEARTS FIVE DIAMONDS SEVEN,0.5846,0.0136,0.4018
DIAMONDS ACE DIAMONDS SEVEN,0.345,0.0042,0.6508
HEARTS FOUR DIAMONDS SEVEN,0.6918,0.0476,0.2606
HEARTS ACE DIAMONDS FIVE,0.3504,0.007,0.6426
HEARTS SEVEN DIAMONDS SEVEN,0.3176,0.027,0.6554
HEARTS SIX DIAMONDS SEVEN,0.5642,0.0104,0.4254
DIAMONDS SEVEN HEARTS NINE,0.5558,0.0138,0.4304
HEARTS EIGHT DIAMONDS SEVEN,0.5544,0.0114,0.4342
DIAMONDS JACK DIAMONDS SEVEN,0.551,0.011,0.438
DIAMONDS FIVE HEARTS JACK,0.6018,0.0088,0.3894
DIAMONDS TEN DIAMONDS SEVEN,0.5358,0.0126,0.4516
HEARTS TEN DIAMONDS FIVE,0.6034,0.0128,0.3838
SPADES KING CLUBS TWO,0.3844,0.0088,0.6068
HEARTS KING CLUBS KING,0.1398,0.004,0.8562
CLUBS EIGHT DIAMONDS SEVEN,0.558,0.0092,0.4328
SPADES QUEEN CLUBS TWO,0.2638,0.5168,0.2194
HEARTS KING CLUBS QUEEN,0.2342,0.0258,0.74
CLUBS NINE DIAMONDS SEVEN,0.565,0.0118,0.4232
SPADES TWO CLUBS JACK,0.6364,0.0114,0.3522
SPADES ACE CLUBS TWO,0.3664,0.0064,0.6272
CLUBS TEN SPADES TWO,0.6298,0.0124,0.3578
HEARTS KING CLUBS ACE,0.3144,0.0026,0.683
CLUBS SEVEN CLUBS SIX,0.5198,0.011,0.4692
SPADES TWO CLUBS KING,0.3922,0.0078,0.6
SPADES TWO DIAMONDS SEVEN,0.645,0.0136,0.3414
CLUBS EIGHT CLUBS SIX,0.5282,0.017,0.4548
SPADES THREE DIAMONDS SEVEN,0.6304,0.0148,0.3548
SPADES TWO CLUBS QUEEN,0.2714,0.522,0.2066
CLUBS NINE CLUBS SIX,0.5388,0.0098,0.4514
HEARTS KING CLUBS JACK,0.3406,0.008,0.6514
SPADES FIVE DIAMONDS SEVEN,0.5762,0.0146,0.4092
SPADES TWO CLUBS ACE,0.3848,0.0082,0.607
CLUBS TEN HEARTS KING,0.3352,0.0082,0.6566
CLUBS SIX SPADES TWO,0.6246,0.0108,0.3646
CLUBS SIX SPADES THREE,0.6136,0.015,0.3714
CLUBS TWO DIAMONDS SEVEN,0.6454,0.0154,0.3392
CLUBS THREE DIAMONDS SEVEN,0.6206,0.015,0.3644
CLUBS SIX SPADES FIVE,0.5624,0.0152,0.4224
CLUBS FOUR DIAMONDS SEVEN,0.6926,0.0434,0.264
CLUBS SIX SPADES SIX,0.3182,0.0324,0.6494
CLUBS FIVE DIAMONDS SEVEN,0.5806,0.0112,0.4082
CLUBS SIX SPADES SEVEN,0.5542,0.0126,0.4332
CLUBS SIX DIAMONDS SEVEN,0.5722,0.0128,0.415
CLUBS SIX SPADES EIGHT,0.5674,0.0122,0.4204
SPADES JACK CLUBS TWO,0.637,0.0124,0.3506
CLUBS SEVEN DIAMONDS SEVEN,0.3204,0.0258,0.6538
SPADES NINE CLUBS SIX,0.5672,0.0106,0.4222
SPADES TEN CLUBS TWO,0.629,0.0122,0.3588
CLUBS TWO CLUBS QUEEN,0.2538,0.4796,0.2666
CLUBS TWO CLUBS KING,0.368,0.008,0.624
CLUBS THREE DIAMONDS EIGHT,0.6322,0.014,0.3538
CLUBS TWO CLUBS ACE,0.3614,0.0054,0.6332
CLUBS TWO DIAMONDS EIGHT,0.6356,0.0124,0.352
HEARTS SEVEN DIAMONDS EIGHT,0.5546,0.0138,0.4316
HEARTS SIX DIAMONDS EIGHT,0.5666,0.0128,0.4206
DIAMONDS EIGHT HEARTS NINE,0.5622,0.0078,0.43
CLUBS TEN CLUBS TWO,0.5896,0.0152,0.3952
DIAMONDS EIGHT HEARTS EIGHT,0.312,0.0208,0.6672
CLUBS TWO CLUBS JACK,0.5992,0.0102,0.3906
CLUBS NINE DIAMONDS EIGHT,0.5534,0.0128,0.4338
CLUBS EIGHT DIAMONDS EIGHT,0.3178,0.0206,0.6616
CLUBS FIVE DIAMONDS EIGHT,0.5832,0.012,0.4048
SPADES ACE SPADES THREE,0.3552,0.006,0.6388
CLUBS FOUR DIAMONDS EIGHT,0.7056,0.0404,0.254
CLUBS SEVEN DIAMONDS EIGHT,0.5548,0.0112,0.434
SPADES QUEEN SPADES THREE,0.2512,0.4946,0.2542
CLUBS SIX DIAMONDS EIGHT,0.5744,0.0104,0.4152
SPADES KING SPADES THREE,0.3624,0.0066,0.631
HEARTS TWO DIAMONDS EIGHT,0.6366,0.0154,0.348
DIAMONDS KING DIAMONDS EIGHT,0.3458,0.0092,0.645
HEARTS THREE DIAMONDS EIGHT,0.6372,0.0144,0.3484
DIAMONDS ACE DIAMONDS EIGHT,0.3354,0.006,0.6586
HEARTS FOUR DIAMONDS EIGHT,0.7008,0.0464,0.2528
HEARTS FIVE DIAMONDS EIGHT,0.5894,0.0156,0.395
DIAMONDS EIGHT DIAMONDS TEN,0.5364,0.0116,0.452
DIAMONDS EIGHT DIAMONDS JACK,0.5418,0.011,0.4472
SPADES JACK SPADES THREE,0.6006,0.0108,0.3886
SPADES TEN SPADES THREE,0.593,0.0126,0.3944
CLUBS FOUR HEARTS ACE,0.2336,0.0256,0.7408
CLUBS FOUR HEARTS QUEEN,0.0242,0.9546,0.0212
CLUBS FOUR HEARTS KING,0.2236,0.0378,0.7386
CLUBS SIX HEARTS TEN,0.5838,0.0112,0.405
CLUBS SIX HEARTS JACK,0.6054,0.0128,0.3818
SPADES FIVE DIAMONDS EIGHT,0.6006,0.015,0.3844
DIAMONDS EIGHT SPADES TWO,0.6412,0.014,0.3448
DIAMONDS EIGHT SPADES THREE,0.6426,0.0134,0.344
CLUBS FOUR HEARTS JACK,0.717,0.047,0.236
SPADES EIGHT DIAMONDS EIGHT,0.3006,0.0248,0.6746
SPADES TEN HEARTS TWO,0.6176,0.0126,0.3698
SPADES JACK HEARTS EIGHT,0.5624,0.01,0.4276
CLUBS FOUR HEARTS TEN,0.708,0.047,0.245
SPADES NINE DIAMONDS EIGHT,0.5382,0.012,0.4498
SPADES TEN HEARTS EIGHT,0.553,0.013,0.434
SPADES JACK HEARTS TWO,0.6272,0.012,0.3608
SPADES SIX DIAMONDS EIGHT,0.559,0.0148,0.4262
SPADES SEVEN DIAMONDS EIGHT,0.551,0.0144,0.4346
SPADES ACE HEARTS TWO,0.3684,0.0062,0.6254
SPADES ACE HEARTS EIGHT,0.3626,0.0044,0.633
SPADES KING HEARTS EIGHT,0.3578,0.0074,0.6348
SPADES QUEEN HEARTS TWO,0.257,0.527,0.216
SPADES KING HEARTS TWO,0.3894,0.0072,0.6034
SPADES QUEEN HEARTS EIGHT,0.2292,0.2266,0.5442
CLUBS TWO HEARTS TEN,0.6242,0.0132,0.3626
CLUBS TWO HEARTS JACK,0.6332,0.0152,0.3516
SPADES SEVEN DIAMONDS NINE,0.566,0.0112,0.4228
SPADES SIX DIAMONDS NINE,0.5798,0.0128,0.4074
SPADES NINE DIAMONDS NINE,0.2926,0.0176,0.6898
SPADES EIGHT DIAMONDS NINE,0.5356,0.0114,0.453
SPADES TEN CLUBS KING,0.3348,0.0066,0.6586
DIAMONDS NINE SPADES THREE,0.6322,0.0152,0.3526
SPADES JACK CLUBS KING,0.3484,0.007,0.6446
DIAMONDS NINE SPADES TWO,0.6406,0.016,0.3434
DIAMONDS NINE SPADES FIVE,0.583,0.011,0.406
CLUBS NINE DIAMONDS NINE,0.2946,0.0162,0.6892
CLUBS EIGHT DIAMONDS NINE,0.5516,0.0098,0.4386
CLUBS SIX DIAMONDS NINE,0.5838,0.0134,0.4028
SPADES JACK CLUBS FOUR,0.7118,0.0526,0.2356
CLUBS SEVEN DIAMONDS NINE,0.5626,0.0108,0.4266
SPADES TEN CLUBS FOUR,0.711,0.0482,0.2408
CLUBS FOUR DIAMONDS NINE,0.7276,0.0394,0.233
CLUBS FIVE DIAMONDS NINE,0.5904,0.0108,0.3988
DIAMONDS NINE CLUBS TWO,0.632,0.0164,0.3516
CLUBS THREE DIAMONDS NINE,0.6382,0.0126,0.3492
DIAMONDS NINE HEARTS EIGHT,0.5442,0.0118,0.444
DIAMONDS NINE HEARTS NINE,0.2952,0.0176,0.6872
HEARTS SIX DIAMONDS NINE,0.5778,0.0108,0.4114
HEARTS SEVEN DIAMONDS NINE,0.5458,0.013,0.4412
CLUBS NINE CLUBS EIGHT,0.5072,0.012,0.4808
DIAMONDS ACE DIAMONDS NINE,0.3506,0.0036,0.6458
HEARTS FOUR DIAMONDS NINE,0.7226,0.0438,0.2336
HEARTS FIVE DIAMONDS NINE,0.5902,0.013,0.3968
HEARTS ACE CLUBS TWO,0.376,0.0048,0.6192
SPADES ACE CLUBS FOUR,0.2338,0.0208,0.7454
HEARTS TWO DIAMONDS NINE,0.624,0.0132,0.3628
CLUBS TWO HEARTS KING,0.3998,0.0082,0.592
SPADES KING CLUBS FOUR,0.2386,0.037,0.7244
DIAMONDS KING DIAMONDS NINE,0.3246,0.0072,0.6682
HEARTS THREE DIAMONDS NINE,0.6264,0.0124,0.3612
CLUBS TWO HEARTS QUEEN,0.2714,0.5044,0.2242
SPADES QUEEN CLUBS FOUR,0.0094,0.975,0.0156
DIAMONDS NINE DIAMONDS JACK,0.524,0.0104,0.4656
CLUBS EIGHT SPADES NINE,0.5336,0.009,0.4574
DIAMONDS NINE DIAMONDS TEN,0.5238,0.0126,0.4636
CLUBS EIGHT SPADES EIGHT,0.2942,0.0234,0.6824
CLUBS EIGHT SPADES SEVEN,0.5528,0.0118,0.4354
CLUBS EIGHT SPADES SIX,0.5626,0.0106,0.4268
CLUBS EIGHT SPADES FIVE,0.5844,0.0148,0.4008
CLUBS EIGHT SPADES THREE,0.6176,0.0162,0.3662
CLUBS EIGHT SPADES TWO,0.6342,0.0136,0.3522
HEARTS SIX DIAMONDS TEN,0.587,0.0122,0.4008
HEARTS SEVEN DIAMONDS TEN,0.583,0.0112,0.4058
DIAMONDS TEN HEARTS EIGHT,0.575,0.0096,0.4154
CLUBS FOUR CLUBS JACK,0.68,0.046,0.274
DIAMONDS TEN HEARTS NINE,0.5562,0.0126,0.4312
CLUBS TEN CLUBS FOUR,0.68,0.0474,0.2726
CLUBS FOUR CLUBS KING,0.2216,0.0348,0.7436
CLUBS FOUR CLUBS QUEEN,0.0216,0.9112,0.0672
CLUBS TWO DIAMONDS TEN,0.6422,0.0136,0.3442
CLUBS THREE DIAMONDS TEN,0.6344,0.0118,0.3538
CLUBS FOUR CLUBS ACE,0.2272,0.0258,0.747
DIAMONDS JACK DIAMONDS TEN,0.5112,0.0118,0.477
HEARTS TWO DIAMONDS TEN,0.6398,0.0114,0.3488
DIAMONDS KING DIAMONDS TEN,0.3262,0.0038,0.67
HEARTS THREE DIAMONDS TEN,0.631,0.0148,0.3542
DIAMONDS ACE DIAMONDS TEN,0.3292,0.0056,0.6652
HEARTS FOUR DIAMONDS TEN,0.7072,0.049,0.2438
CLUBS EIGHT HEARTS JACK,0.5708,0.0088,0.4204
HEARTS FIVE DIAMONDS TEN,0.6108,0.0132,0.376
CLUBS EIGHT HEARTS TEN,0.5578,0.0092,0.433
CLUBS EIGHT HEARTS QUEEN,0.2338,0.218,0.5482
CLUBS EIGHT HEARTS KING,0.3762,0.007,0.6168
CLUBS EIGHT HEARTS ACE,0.3576,0.004,0.6384
CLUBS NINE SPADES THREE,0.6306,0.011,0.3584
CLUBS NINE SPADES TWO,0.6274,0.013,0.3596
CLUBS NINE SPADES FIVE,0.5894,0.0112,0.3994
CLUBS NINE SPADES SEVEN,0.5432,0.0132,0.4436
CLUBS NINE SPADES SIX,0.5716,0.0136,0.4148
CLUBS NINE SPADES NINE,0.294,0.0166,0.6894
CLUBS TEN HEARTS EIGHT,0.5628,0.009,0.4282
CLUBS NINE SPADES EIGHT,0.5528,0.013,0.4342
HEARTS EIGHT CLUBS JACK,0.5646,0.0098,0.4256
CLUBS QUEEN HEARTS EIGHT,0.2312,0.2274,0.5414
CLUBS KING HEARTS EIGHT,0.3666,0.0076,0.6258
CLUBS ACE HEARTS EIGHT,0.3708,0.0042,0.625
SPADES KING CLUBS KING,0.1394,0.0046,0.856
SPADES QUEEN CLUBS KING,0.2274,0.0314,0.7412
SPADES ACE CLUBS KING,0.3154,0.0038,0.6808
DIAMONDS ACE HEARTS TEN,0.3306,0.0042,0.6652
HEARTS FOUR HEARTS TEN,0.6734,0.0454,0.2812
DIAMONDS ACE HEARTS JACK,0.3524,0.005,0.6426
HEARTS FOUR HEARTS JACK,0.6718,0.0448,0.2834
SPADES KING CLUBS FIVE,0.3624,0.0082,0.6294
SPADES QUEEN CLUBS FIVE,0.2076,0.4678,0.3246
SPADES ACE CLUBS FIVE,0.3324,0.0072,0.6604
HEARTS SEVEN DIAMONDS JACK,0.59,0.0136,0.3964
HEARTS SIX DIAMONDS JACK,0.598,0.012,0.39
DIAMONDS JACK HEARTS NINE,0.5512,0.0128,0.436
DIAMONDS JACK HEARTS EIGHT,0.5682,0.0102,0.4216
DIAMONDS KING DIAMONDS JACK,0.3172,0.0094,0.6734
HEARTS THREE DIAMONDS JACK,0.6464,0.0126,0.341
SPADES ACE SPADES SIX,0.3372,0.0054,0.6574
HEARTS TWO DIAMONDS JACK,0.6344,0.0128,0.3528
HEARTS FIVE DIAMONDS JACK,0.5968,0.0134,0.3898
SPADES QUEEN SPADES SIX,0.2118,0.3666,0.4216
DIAMONDS ACE DIAMONDS JACK,0.3298,0.0078,0.6624
HEARTS FOUR DIAMONDS JACK,0.7222,0.0424,0.2354
SPADES KING SPADES SIX,0.3418,0.0064,0.6518
SPADES TEN SPADES SIX,0.5542,0.0134,0.4324
SPADES JACK SPADES SIX,0.5716,0.013,0.4154
SPADES FIVE DIAMONDS JACK,0.6002,0.0104,0.3894
DIAMONDS JACK SPADES TWO,0.6484,0.0116,0.34
SPADES THREE DIAMONDS JACK,0.64,0.0144,0.3456
SPADES ACE DIAMONDS THREE,0.375,0.0072,0.6178
SPADES QUEEN DIAMONDS THREE,0.2494,0.5392,0.2114
CLUBS EIGHT DIAMONDS JACK,0.569,0.0072,0.4238
SPADES KING DIAMONDS THREE,0.3932,0.0078,0.599
CLUBS NINE DIAMONDS JACK,0.5554,0.0136,0.431
CLUBS SIX DIAMONDS JACK,0.5978,0.0112,0.391
CLUBS SEVEN DIAMONDS JACK,0.5946,0.013,0.3924
CLUBS FOUR DIAMONDS JACK,0.7294,0.049,0.2216
CLUBS FIVE DIAMONDS JACK,0.5998,0.0126,0.3876
CLUBS TWO DIAMONDS JACK,0.6418,0.0126,0.3456
CLUBS THREE DIAMONDS JACK,0.6332,0.0098,0.357
SPADES TEN CLUBS FIVE,0.6022,0.0096,0.3882
SPADES JACK HEARTS SIX,0.5952,0.008,0.3968
HEARTS SIX SPADES TEN,0.5818,0.0116,0.4066
SPADES JACK CLUBS FIVE,0.613,0.0118,0.3752
SPADES JACK DIAMONDS THREE,0.6326,0.0134,0.354
CLUBS SEVEN CLUBS ACE,0.336,0.0042,0.6598
DIAMONDS THREE SPADES TEN,0.6444,0.0128,0.3428
CLUBS SEVEN CLUBS QUEEN,0.2222,0.275,0.5028
CLUBS SEVEN CLUBS KING,0.3392,0.0064,0.6544
SPADES NINE DIAMONDS JACK,0.5468,0.0114,0.4418
CLUBS TEN CLUBS SEVEN,0.5334,0.0106,0.456
DIAMONDS ACE HEARTS ACE,0.119,0.0032,0.8778
HEARTS FOUR HEARTS ACE,0.2174,0.0216,0.761
SPADES EIGHT DIAMONDS JACK,0.5632,0.0128,0.424
SPADES ACE HEARTS SIX,0.354,0.0048,0.6412
CLUBS SEVEN CLUBS JACK,0.5538,0.0114,0.4348
DIAMONDS ACE HEARTS KING,0.308,0.005,0.687
HEARTS FOUR HEARTS KING,0.2154,0.036,0.7486
SPADES SEVEN DIAMONDS JACK,0.584,0.0112,0.4048
SPADES KING HEARTS SIX,0.3586,0.0084,0.633
DIAMONDS ACE HEARTS QUEEN,0.2192,0.0156,0.7652
HEARTS FOUR HEARTS QUEEN,0.0222,0.912,0.0658
SPADES QUEEN HEARTS SIX,0.2214,0.3708,0.4078
SPADES SIX DIAMONDS JACK,0.6038,0.013,0.3832
SPADES TWO DIAMONDS TEN,0.6388,0.013,0.3482
SPADES THREE DIAMONDS TEN,0.6398,0.0128,0.3474
SPADES FIVE DIAMONDS TEN,0.6158,0.0126,0.3716
SPADES SIX DIAMONDS TEN,0.5978,0.0094,0.3928
SPADES SEVEN DIAMONDS TEN,0.5776,0.0096,0.4128
SPADES EIGHT DIAMONDS TEN,0.5586,0.0116,0.4298
SPADES NINE DIAMONDS TEN,0.5476,0.0128,0.4396
CLUBS FOUR DIAMONDS TEN,0.7164,0.048,0.2356
CLUBS FIVE DIAMONDS TEN,0.6058,0.0092,0.385
CLUBS SIX DIAMONDS TEN,0.5804,0.012,0.4076
CLUBS SEVEN DIAMONDS TEN,0.5822,0.0106,0.4072
CLUBS EIGHT DIAMONDS TEN,0.5514,0.011,0.4376
CLUBS NINE DIAMONDS TEN,0.562,0.0088,0.4292
DIAMONDS THREE CLUBS JACK,0.6386,0.0124,0.349
CLUBS TEN DIAMONDS THREE,0.6314,0.0142,0.3544
DIAMONDS THREE CLUBS KING,0.3884,0.0082,0.6034
DIAMONDS THREE CLUBS QUEEN,0.276,0.5134,0.2106
DIAMONDS THREE CLUBS ACE,0.3892,0.0042,0.6066
SPADES FIVE SPADES TWO,0.5696,0.0166,0.4138
SPADES THREE SPADES TWO,0.6216,0.0136,0.3648
SPADES NINE SPADES TWO,0.5936,0.0118,0.3946
SPADES EIGHT SPADES TWO,0.5988,0.0144,0.3868
SPADES SEVEN SPADES TWO,0.6098,0.014,0.3762
SPADES SIX SPADES TWO,0.5932,0.0116,0.3952
CLUBS THREE HEARTS TWO,0.629,0.0144,0.3566
HEARTS TWO CLUBS TWO,0.4278,0.0338,0.5384
HEARTS SEVEN HEARTS TWO,0.5946,0.0124,0.393
HEARTS SIX HEARTS TWO,0.5798,0.0138,0.4064
HEARTS TWO HEARTS NINE,0.586,0.012,0.402
HEARTS TWO HEARTS EIGHT,0.5866,0.0132,0.4002
CLUBS NINE HEARTS TWO,0.6184,0.013,0.3686
CLUBS EIGHT HEARTS TWO,0.6362,0.0132,0.3506
CLUBS FIVE HEARTS TWO,0.6106,0.0134,0.376
SPADES EIGHT HEARTS ACE,0.3432,0.0038,0.653
CLUBS FOUR HEARTS TWO,0.6866,0.047,0.2664
CLUBS SEVEN HEARTS TWO,0.6462,0.0128,0.341
SPADES EIGHT HEARTS QUEEN,0.2292,0.2246,0.5462
CLUBS SIX HEARTS TWO,0.6308,0.0152,0.354
SPADES EIGHT HEARTS KING,0.3568,0.0062,0.637
HEARTS TWO SPADES SIX,0.625,0.0146,0.3604
HEARTS FOUR CLUBS QUEEN,0.0206,0.9568,0.0226
DIAMONDS ACE CLUBS QUEEN,0.2352,0.0144,0.7504
SPADES SEVEN HEARTS TWO,0.6062,0.0158,0.378
HEARTS FOUR CLUBS KING,0.242,0.0354,0.7226
DIAMONDS ACE CLUBS KING,0.3142,0.0054,0.6804
SPADES EIGHT HEARTS TWO,0.6306,0.0124,0.357
HEARTS FOUR CLUBS ACE,0.236,0.0258,0.7382
DIAMONDS ACE CLUBS ACE,0.1194,0.0036,0.877
SPADES NINE HEARTS TWO,0.6302,0.0104,0.3594
HEARTS TWO SPADES TWO,0.4168,0.037,0.5462
HEARTS TWO SPADES THREE,0.6412,0.0174,0.3414
CLUBS TEN HEARTS FOUR,0.7122,0.046,0.2418
CLUBS TEN DIAMONDS ACE,0.3372,0.0046,0.6582
HEARTS TWO SPADES FIVE,0.6114,0.0142,0.3744
HEARTS FOUR CLUBS JACK,0.7112,0.0518,0.237
DIAMONDS ACE CLUBS JACK,0.34,0.0054,0.6546
CLUBS FIVE CLUBS KING,0.3296,0.0056,0.6648
CLUBS FIVE CLUBS QUEEN,0.2106,0.4276,0.3618
CLUBS FIVE CLUBS ACE,0.3184,0.005,0.6766
CLUBS FIVE CLUBS JACK,0.564,0.0122,0.4238
CLUBS TEN CLUBS FIVE,0.56,0.0118,0.4282
SPADES KING CLUBS JACK,0.338,0.007,0.655
SPADES QUEEN CLUBS JACK,0.2392,0.083,0.6778
SPADES ACE CLUBS JACK,0.3442,0.0044,0.6514
SPADES SIX CLUBS KING,0.356,0.007,0.637
SPADES SIX CLUBS QUEEN,0.2184,0.3888,0.3928
SPADES EIGHT HEARTS JACK,0.574,0.0128,0.4132
SPADES SIX CLUBS ACE,0.3534,0.0028,0.6438
SPADES EIGHT HEARTS TEN,0.5588,0.0098,0.4314
SPADES SIX CLUBS JACK,0.6018,0.0074,0.3908
CLUBS TEN SPADES SIX,0.5818,0.009,0.4092
SPADES TEN CLUBS JACK,0.53,0.01,0.46
SPADES JACK CLUBS JACK,0.2832,0.01,0.7068
SPADES QUEEN CLUBS SEVEN,0.2262,0.3128,0.461
SPADES KING CLUBS SEVEN,0.367,0.0068,0.6262
SPADES ACE CLUBS SEVEN,0.3512,0.0048,0.644
SPADES SIX HEARTS TEN,0.5944,0.0102,0.3954
SPADES SIX HEARTS JACK,0.59,0.01,0.4
SPADES SIX HEARTS ACE,0.3602,0.005,0.6348
SPADES SIX HEARTS KING,0.3544,0.0072,0.6384
SPADES SIX HEARTS QUEEN,0.2184,0.3802,0.4014
CLUBS SEVEN SPADES JACK,0.5864,0.0092,0.4044
CLUBS SEVEN SPADES TEN,0.572,0.0136,0.4144
CLUBS TEN HEARTS SIX,0.591,0.0124,0.3966
HEARTS SIX CLUBS JACK,0.5898,0.0086,0.4016
CLUBS ACE CLUBS JACK,0.3268,0.0048,0.6684
HEARTS SIX CLUBS QUEEN,0.23,0.3644,0.4056
HEARTS SIX CLUBS KING,0.3614,0.0056,0.633
HEARTS SIX CLUBS ACE,0.358,0.0038,0.6382
CLUBS QUEEN CLUBS JACK,0.217,0.0806,0.7024
CLUBS KING CLUBS JACK,0.3198,0.0064,0.6738
DIAMONDS THREE HEARTS ACE,0.38,0.0052,0.6148
DIAMONDS THREE HEARTS QUEEN,0.2704,0.5162,0.2134
DIAMONDS THREE HEARTS KING,0.405,0.0062,0.5888
CLUBS FIVE HEARTS JACK,0.591,0.0128,0.3962
SPADES TEN DIAMONDS ACE,0.3438,0.0046,0.6516
HEARTS FOUR SPADES TEN,0.7142,0.0476,0.2382
CLUBS FIVE HEARTS TEN,0.6042,0.0142,0.3816
HEARTS FOUR SPADES JACK,0.7146,0.0498,0.2356
SPADES JACK DIAMONDS ACE,0.338,0.0058,0.6562
SPADES ACE HEARTS FOUR,0.226,0.0256,0.7484
SPADES ACE DIAMONDS ACE,0.106,0.007,0.887
CLUBS FIVE HEARTS ACE,0.3514,0.0042,0.6444
CLUBS FIVE HEARTS KING,0.3618,0.0076,0.6306
HEARTS FOUR SPADES QUEEN,0.0106,0.968,0.0214
SPADES QUEEN DIAMONDS ACE,0.2082,0.0168,0.775
CLUBS FIVE HEARTS QUEEN,0.2208,0.454,0.3252
SPADES KING DIAMONDS ACE,0.2912,0.0064,0.7024
SPADES KING HEARTS FOUR,0.2364,0.0332,0.7304
DIAMONDS ACE HEARTS TWO,0.387,0.0042,0.6088
HEARTS FOUR HEARTS TWO,0.6566,0.0466,0.2968
DIAMONDS THREE HEARTS TEN,0.629,0.0154,0.3556
HEARTS FIVE HEARTS TWO,0.5826,0.0102,0.4072
DIAMONDS THREE HEARTS JACK,0.622,0.0114,0.3666
DIAMONDS KING HEARTS TWO,0.3922,0.0088,0.599
HEARTS THREE HEARTS TWO,0.607,0.0148,0.3782
HEARTS TWO CLUBS ACE,0.382,0.0032,0.6148
HEARTS TWO CLUBS QUEEN,0.262,0.5068,0.2312
HEARTS TWO CLUBS KING,0.3924,0.0084,0.5992
SPADES EIGHT SPADES FIVE,0.5434,0.0136,0.443
CLUBS TEN HEARTS TWO,0.64,0.0128,0.3472
SPADES NINE SPADES FIVE,0.5496,0.0118,0.4386
HEARTS TWO CLUBS JACK,0.635,0.0122,0.3528
SPADES SIX SPADES FIVE,0.5394,0.0144,0.4462
SPADES SEVEN SPADES FIVE,0.5466,0.012,0.4414
DIAMONDS FIVE CLUBS QUEEN,0.229,0.4624,0.3086
SPADES EIGHT CLUBS ACE,0.3644,0.0044,0.6312
DIAMONDS FIVE CLUBS KING,0.361,0.0092,0.6298
SPADES EIGHT CLUBS KING,0.3724,0.0076,0.62
CLUBS ACE DIAMONDS FIVE,0.3398,0.0056,0.6546
SPADES EIGHT CLUBS QUEEN,0.2264,0.2176,0.556
SPADES EIGHT CLUBS JACK,0.5586,0.0148,0.4266
CLUBS TEN SPADES EIGHT,0.5506,0.011,0.4384
CLUBS TEN DIAMONDS FIVE,0.6128,0.011,0.3762
DIAMONDS FIVE CLUBS JACK,0.5952,0.009,0.3958
DIAMONDS TEN HEARTS JACK,0.5298,0.0068,0.4634
DIAMONDS TEN HEARTS TEN,0.2894,0.0144,0.6962
SPADES ACE CLUBS NINE,0.3464,0.0032,0.6504
CLUBS NINE SPADES QUEEN,0.2212,0.1704,0.6084
CLUBS NINE SPADES KING,0.347,0.0062,0.6468
HEARTS SIX HEARTS KING,0.335,0.0058,0.6592
DIAMONDS KING SPADES SEVEN,0.3476,0.0062,0.6462
HEARTS THREE SPADES SEVEN,0.621,0.0152,0.3638
SPADES KING DIAMONDS SEVEN,0.358,0.0068,0.6352
HEARTS SIX HEARTS QUEEN,0.2212,0.359,0.4198
SPADES QUEEN DIAMONDS SEVEN,0.2218,0.3036,0.4746
HEARTS THREE SPADES SIX,0.6056,0.0138,0.3806
DIAMONDS KING SPADES SIX,0.3544,0.0066,0.639
SPADES NINE DIAMONDS KING,0.3388,0.0082,0.653
SPADES NINE HEARTS THREE,0.6262,0.0138,0.36
HEARTS SIX HEARTS ACE,0.3496,0.0036,0.6468
DIAMONDS KING SPADES EIGHT,0.3488,0.0086,0.6426
SPADES EIGHT HEARTS THREE,0.6352,0.0142,0.3506
SPADES ACE DIAMONDS SEVEN,0.3706,0.0046,0.6248
CLUBS NINE HEARTS THREE,0.6294,0.0108,0.3598
CLUBS NINE DIAMONDS KING,0.3446,0.0094,0.646
CLUBS EIGHT HEARTS THREE,0.6304,0.0128,0.3568
CLUBS EIGHT DIAMONDS KING,0.3682,0.0048,0.627
HEARTS THREE SPADES THREE,0.4284,0.0348,0.5368
DIAMONDS KING SPADES THREE,0.3924,0.0094,0.5982
HEARTS THREE SPADES TWO,0.6518,0.014,0.3342
DIAMONDS KING SPADES TWO,0.3926,0.0088,0.5986
HEARTS THREE SPADES FIVE,0.6088,0.0112,0.38
