opposingHand,winningChance,drawChance,lostChance
SPADES FIVE DIAMONDS NINE
HEARTS FIVE SPADES TEN,0.2462,0.0742,0.6796
HEARTS FIVE SPADES JACK,0.2518,0.0648,0.6834
CLUBS EIGHT CLUBS JACK,0.3244,0.0186,0.657
CLUBS TEN CLUBS EIGHT,0.3252,0.0252,0.6496
CLUBS EIGHT CLUBS KING,0.3482,0.0084,0.6434
CLUBS EIGHT CLUBS QUEEN,0.3446,0.0124,0.643
CLUBS EIGHT CLUBS ACE,0.3362,0.0052,0.6586
DIAMONDS TWO DIAMONDS THREE,0.5844,0.043,0.3726
DIAMONDS TWO DIAMONDS FIVE,0.612,0.1102,0.2778
HEARTS FIVE SPADES KING,0.2482,0.0372,0.7146
DIAMONDS TWO DIAMONDS FOUR,0.5896,0.0424,0.368
HEARTS FIVE SPADES QUEEN,0.2556,0.0436,0.7008
DIAMONDS TWO DIAMONDS SEVEN,0.6038,0.0398,0.3564
DIAMONDS TWO DIAMONDS SIX,0.5936,0.0442,0.3622
SPADES ACE HEARTS FIVE,0.245,0.0224,0.7326
DIAMONDS TWO DIAMONDS EIGHT,0.5822,0.0412,0.3766
DIAMONDS THREE DIAMONDS FOUR,0.5748,0.0452,0.38
SPADES FOUR CLUBS TWO,0.6224,0.0488,0.3288
DIAMONDS THREE DIAMONDS FIVE,0.5914,0.1076,0.301
CLUBS TWO SPADES TWO,0.3996,0.0878,0.5126
CLUBS TWO SPADES THREE,0.623,0.0482,0.3288
DIAMONDS THREE DIAMONDS EIGHT,0.5924,0.039,0.3686
SPADES EIGHT CLUBS TWO,0.6034,0.0448,0.3518
SPADES NINE CLUBS TWO,0.3256,0.46,0.2144
DIAMONDS THREE DIAMONDS SIX,0.5636,0.0424,0.394
SPADES SIX CLUBS TWO,0.6016,0.048,0.3504
DIAMONDS THREE DIAMONDS SEVEN,0.5804,0.0432,0.3764
SPADES SEVEN CLUBS TWO,0.6158,0.0468,0.3374
CLUBS SIX CLUBS TWO,0.5646,0.039,0.3964
CLUBS SEVEN CLUBS TWO,0.5762,0.0418,0.382
CLUBS FOUR CLUBS TWO,0.5814,0.0392,0.3794
CLUBS FIVE CLUBS TWO,0.6032,0.1128,0.284
CLUBS TEN CLUBS JACK,0.3002,0.0136,0.6862
DIAMONDS FOUR DIAMONDS SIX,0.5622,0.0422,0.3956
CLUBS TEN CLUBS QUEEN,0.299,0.0084,0.6926
DIAMONDS FOUR DIAMONDS SEVEN,0.5786,0.0336,0.3878
CLUBS TEN CLUBS KING,0.3192,0.0056,0.6752
CLUBS TEN CLUBS ACE,0.3116,0.0026,0.6858
CLUBS EIGHT CLUBS TWO,0.574,0.0398,0.3862
DIAMONDS FIVE DIAMONDS FOUR,0.5902,0.1068,0.303
CLUBS NINE CLUBS TWO,0.3026,0.4364,0.261
DIAMONDS EIGHT DIAMONDS FOUR,0.5768,0.0462,0.377
CLUBS THREE CLUBS TWO,0.5666,0.0538,0.3796
DIAMONDS TWO CLUBS JACK,0.4006,0.0188,0.5806
DIAMONDS EIGHT DIAMONDS FIVE,0.611,0.1014,0.2876
CLUBS TEN DIAMONDS TWO,0.409,0.0302,0.5608
DIAMONDS FIVE DIAMONDS SEVEN,0.6094,0.1048,0.2858
DIAMONDS FIVE DIAMONDS SIX,0.594,0.113,0.293
DIAMONDS TWO CLUBS ACE,0.3932,0.0058,0.601
DIAMONDS TWO CLUBS KING,0.4052,0.0094,0.5854
DIAMONDS TWO CLUBS QUEEN,0.3994,0.0112,0.5894
DIAMONDS EIGHT DIAMONDS SIX,0.522,0.0414,0.4366
HEARTS ACE SPADES THREE,0.4002,0.0042,0.5956
SPADES THREE HEARTS KING,0.4084,0.0088,0.5828
DIAMONDS SEVEN DIAMONDS SIX,0.5272,0.0394,0.4334
SPADES THREE HEARTS QUEEN,0.3968,0.0128,0.5904
SPADES THREE HEARTS JACK,0.413,0.0168,0.5702
SPADES THREE HEARTS TEN,0.3842,0.03,0.5858
DIAMONDS EIGHT DIAMONDS SEVEN,0.5122,0.04,0.4478
DIAMONDS KING HEARTS TEN,0.327,0.0062,0.6668
HEARTS THREE HEARTS TEN,0.38,0.0252,0.5948
SPADES JACK CLUBS SIX,0.3664,0.0156,0.618
DIAMONDS KING HEARTS JACK,0.3426,0.005,0.6524
HEARTS THREE HEARTS JACK,0.381,0.0186,0.6004
SPADES TEN CLUBS SIX,0.351,0.0276,0.6214
DIAMONDS KING HEARTS ACE,0.33,0.0038,0.6662
HEARTS THREE HEARTS ACE,0.3574,0.0038,0.6388
SPADES ACE CLUBS SIX,0.3744,0.0042,0.6214
DIAMONDS KING HEARTS QUEEN,0.3374,0.0064,0.6562
HEARTS THREE HEARTS QUEEN,0.3754,0.0114,0.6132
SPADES KING CLUBS SIX,0.375,0.0096,0.6154
DIAMONDS KING HEARTS KING,0.1516,0.0122,0.8362
HEARTS THREE HEARTS KING,0.3774,0.0092,0.6134
SPADES QUEEN CLUBS SIX,0.3732,0.0134,0.6134
SPADES NINE HEARTS TEN,0.225,0.0776,0.6974
SPADES NINE HEARTS JACK,0.241,0.0602,0.6988
SPADES NINE HEARTS QUEEN,0.2404,0.0456,0.714
SPADES NINE HEARTS KING,0.2314,0.0378,0.7308
SPADES NINE HEARTS ACE,0.2356,0.0272,0.7372
CLUBS TEN SPADES JACK,0.307,0.0142,0.6788
CLUBS TEN SPADES TEN,0.146,0.0444,0.8096
SPADES ACE CLUBS TEN,0.3334,0.0032,0.6634
SPADES KING CLUBS TEN,0.323,0.0086,0.6684
CLUBS TEN SPADES QUEEN,0.3272,0.0114,0.6614
CLUBS EIGHT SPADES TEN,0.33,0.0316,0.6384
SPADES JACK HEARTS THREE,0.3962,0.0206,0.5832
SPADES JACK DIAMONDS KING,0.3238,0.0078,0.6684
SPADES TEN DIAMONDS KING,0.321,0.007,0.672
SPADES TEN HEARTS THREE,0.391,0.0294,0.5796
SPADES JACK CLUBS EIGHT,0.3378,0.0182,0.644
CLUBS SIX HEARTS ACE,0.3804,0.0054,0.6142
SPADES ACE CLUBS EIGHT,0.365,0.0042,0.6308
HEARTS FIVE CLUBS JACK,0.25,0.0554,0.6946
HEARTS FIVE CLUBS TEN,0.2542,0.0808,0.665
CLUBS SIX HEARTS QUEEN,0.364,0.0086,0.6274
SPADES QUEEN CLUBS EIGHT,0.3674,0.0116,0.621
CLUBS TEN SPADES THREE,0.3918,0.0268,0.5814
CLUBS SIX HEARTS KING,0.3606,0.0056,0.6338
SPADES KING CLUBS EIGHT,0.3632,0.0088,0.628
SPADES THREE CLUBS JACK,0.4168,0.0204,0.5628
DIAMONDS TWO HEARTS JACK,0.4058,0.02,0.5742
SPADES THREE CLUBS QUEEN,0.4078,0.0122,0.58
DIAMONDS TWO HEARTS TEN,0.4058,0.0232,0.571
SPADES THREE CLUBS KING,0.408,0.0114,0.5806
HEARTS FIVE CLUBS ACE,0.2412,0.0196,0.7392
SPADES THREE CLUBS ACE,0.394,0.0046,0.6014
HEARTS FIVE CLUBS KING,0.255,0.034,0.711
HEARTS FIVE CLUBS QUEEN,0.2612,0.0462,0.6926
HEARTS THREE CLUBS KING,0.4004,0.0066,0.593
DIAMONDS KING CLUBS KING,0.1506,0.013,0.8364
HEARTS THREE CLUBS QUEEN,0.4042,0.015,0.5808
DIAMONDS KING CLUBS QUEEN,0.3308,0.006,0.6632
HEARTS FIVE HEARTS JACK,0.2406,0.0604,0.699
HEARTS FIVE HEARTS TEN,0.2384,0.0736,0.688
HEARTS THREE CLUBS ACE,0.398,0.0032,0.5988
DIAMONDS KING CLUBS ACE,0.3364,0.0032,0.6604
SPADES ACE CLUBS QUEEN,0.3404,0.0044,0.6552
SPADES KING CLUBS QUEEN,0.3374,0.0062,0.6564
HEARTS THREE CLUBS JACK,0.408,0.017,0.575
DIAMONDS KING CLUBS JACK,0.325,0.007,0.668
SPADES QUEEN CLUBS QUEEN,0.1544,0.0194,0.8262
CLUBS TEN HEARTS THREE,0.3886,0.0284,0.583
CLUBS TEN DIAMONDS KING,0.3266,0.0052,0.6682
SPADES JACK CLUBS QUEEN,0.3202,0.01,0.6698
CLUBS SIX CLUBS QUEEN,0.3414,0.0086,0.65
SPADES TEN CLUBS QUEEN,0.3198,0.0116,0.6686
CLUBS SIX CLUBS KING,0.3518,0.0096,0.6386
CLUBS SIX CLUBS ACE,0.331,0.0038,0.6652
HEARTS FIVE HEARTS KING,0.2448,0.0334,0.7218
HEARTS FIVE HEARTS QUEEN,0.2342,0.0444,0.7214
CLUBS TEN CLUBS SIX,0.3368,0.0214,0.6418
HEARTS FIVE HEARTS ACE,0.2378,0.0236,0.7386
CLUBS SIX CLUBS JACK,0.3474,0.014,0.6386
SPADES SEVEN HEARTS JACK,0.3548,0.0184,0.6268
SPADES SEVEN HEARTS TEN,0.3402,0.0224,0.6374
DIAMONDS TWO CLUBS TWO,0.394,0.0828,0.5232
DIAMONDS TWO CLUBS THREE,0.6152,0.0482,0.3366
DIAMONDS TWO HEARTS SIX,0.6126,0.0398,0.3476
DIAMONDS TWO HEARTS QUEEN,0.4136,0.0102,0.5762
HEARTS SEVEN DIAMONDS TWO,0.6106,0.048,0.3414
DIAMONDS TWO HEARTS KING,0.4118,0.005,0.5832
DIAMONDS TWO HEARTS EIGHT,0.6238,0.0414,0.3348
DIAMONDS TWO HEARTS ACE,0.397,0.0044,0.5986
DIAMONDS TWO HEARTS NINE,0.3292,0.461,0.2098
DIAMONDS TWO DIAMONDS QUEEN,0.3938,0.0112,0.595
DIAMONDS TWO HEARTS TWO,0.3944,0.0828,0.5228
DIAMONDS TWO DIAMONDS KING,0.3874,0.0094,0.6032
DIAMONDS TWO HEARTS THREE,0.62,0.0424,0.3376
DIAMONDS TWO DIAMONDS ACE,0.3662,0.0058,0.628
HEARTS FOUR DIAMONDS TWO,0.6314,0.0466,0.322
HEARTS FIVE DIAMONDS TWO,0.629,0.1174,0.2536
SPADES SEVEN HEARTS ACE,0.3444,0.0048,0.6508
DIAMONDS TWO DIAMONDS TEN,0.3828,0.0266,0.5906
SPADES SEVEN HEARTS KING,0.3696,0.01,0.6204
DIAMONDS TWO DIAMONDS JACK,0.3894,0.0188,0.5918
SPADES SEVEN HEARTS QUEEN,0.3664,0.0082,0.6254
DIAMONDS TWO SPADES NINE,0.328,0.4662,0.2058
DIAMONDS TWO SPADES EIGHT,0.6108,0.0474,0.3418
DIAMONDS TWO SPADES SEVEN,0.6026,0.0458,0.3516
DIAMONDS TWO SPADES SIX,0.6114,0.043,0.3456
DIAMONDS TWO SPADES FOUR,0.6216,0.0478,0.3306
DIAMONDS TWO SPADES THREE,0.6182,0.0488,0.333
DIAMONDS TWO SPADES TWO,0.4056,0.0818,0.5126
CLUBS NINE DIAMONDS TWO,0.325,0.4574,0.2176
DIAMONDS TWO CLUBS EIGHT,0.61,0.0432,0.3468
CLUBS SEVEN DIAMONDS TWO,0.628,0.0424,0.3296
DIAMONDS TWO CLUBS SIX,0.6122,0.0398,0.348
DIAMONDS TWO CLUBS FIVE,0.6416,0.117,0.2414
DIAMONDS TWO CLUBS FOUR,0.6204,0.04,0.3396
CLUBS FOUR SPADES FOUR,0.3934,0.0774,0.5292
CLUBS FOUR SPADES THREE,0.6072,0.053,0.3398
CLUBS FOUR SPADES TWO,0.6244,0.0468,0.3288
SPADES NINE CLUBS FOUR,0.327,0.4562,0.2168
SPADES EIGHT CLUBS FOUR,0.5962,0.0468,0.357
SPADES SEVEN CLUBS FOUR,0.5908,0.0502,0.359
CLUBS FOUR SPADES SIX,0.5786,0.0478,0.3736
SPADES ACE DIAMONDS SIX,0.3634,0.0056,0.631
SPADES QUEEN DIAMONDS SIX,0.3738,0.0122,0.614
SPADES KING DIAMONDS SIX,0.373,0.0092,0.6178
SPADES TEN DIAMONDS SIX,0.3542,0.0332,0.6126
SPADES JACK DIAMONDS SIX,0.363,0.0192,0.6178
SPADES QUEEN SPADES TWO,0.3874,0.0112,0.6014
SPADES KING SPADES TWO,0.3924,0.008,0.5996
SPADES ACE SPADES TWO,0.3914,0.0036,0.605
DIAMONDS JACK CLUBS JACK,0.1576,0.031,0.8114
CLUBS TEN DIAMONDS JACK,0.3012,0.0156,0.6832
DIAMONDS JACK CLUBS KING,0.3334,0.0096,0.657
DIAMONDS JACK CLUBS QUEEN,0.3244,0.0112,0.6644
DIAMONDS THREE DIAMONDS JACK,0.379,0.02,0.601
DIAMONDS THREE DIAMONDS TEN,0.3746,0.0242,0.6012
DIAMONDS JACK CLUBS ACE,0.3252,0.0038,0.671
DIAMONDS THREE DIAMONDS KING,0.3814,0.0076,0.611
DIAMONDS THREE HEARTS THREE,0.3868,0.074,0.5392
DIAMONDS THREE DIAMONDS QUEEN,0.3758,0.0134,0.6108
DIAMONDS THREE HEARTS TWO,0.6112,0.0462,0.3426
HEARTS FIVE DIAMONDS THREE,0.6088,0.1194,0.2718
DIAMONDS THREE DIAMONDS ACE,0.3722,0.0066,0.6212
HEARTS FOUR DIAMONDS THREE,0.5834,0.0482,0.3684
HEARTS SEVEN DIAMONDS THREE,0.6086,0.0462,0.3452
SPADES TEN SPADES NINE,0.2202,0.0734,0.7064
HEARTS SIX DIAMONDS THREE,0.5988,0.047,0.3542
SPADES JACK SPADES NINE,0.2346,0.0598,0.7056
DIAMONDS THREE HEARTS NINE,0.3364,0.4572,0.2064
HEARTS JACK DIAMONDS FOUR,0.396,0.0176,0.5864
HEARTS ACE HEARTS KING,0.3196,0.0074,0.673
SPADES TEN SPADES TWO,0.3868,0.03,0.5832
DIAMONDS THREE HEARTS EIGHT,0.6174,0.0424,0.3402
HEARTS TEN DIAMONDS FOUR,0.3958,0.0316,0.5726
SPADES JACK SPADES TWO,0.3736,0.0192,0.6072
HEARTS QUEEN DIAMONDS FOUR,0.4066,0.0118,0.5816
HEARTS KING DIAMONDS FOUR,0.4084,0.0088,0.5828
SPADES ACE SPADES NINE,0.226,0.0272,0.7468
HEARTS ACE DIAMONDS FOUR,0.4066,0.0046,0.5888
SPADES KING SPADES NINE,0.2312,0.033,0.7358
SPADES QUEEN SPADES NINE,0.2384,0.047,0.7146
DIAMONDS THREE SPADES NINE,0.3272,0.4586,0.2142
DIAMONDS THREE SPADES EIGHT,0.6248,0.0398,0.3354
DIAMONDS THREE SPADES SEVEN,0.6098,0.0434,0.3468
DIAMONDS THREE SPADES SIX,0.5876,0.0482,0.3642
DIAMONDS THREE CLUBS SIX,0.5984,0.042,0.3596
CLUBS FIVE CLUBS SIX,0.5876,0.095,0.3174
CLUBS ACE DIAMONDS FOUR,0.4066,0.0036,0.5898
CLUBS SEVEN DIAMONDS THREE,0.6116,0.0472,0.3412
CLUBS SEVEN CLUBS FIVE,0.596,0.0914,0.3126
DIAMONDS THREE CLUBS FOUR,0.6038,0.0482,0.348
DIAMONDS FOUR CLUBS QUEEN,0.4026,0.014,0.5834
DIAMONDS THREE CLUBS FIVE,0.6348,0.1118,0.2534
CLUBS KING DIAMONDS FOUR,0.4026,0.0108,0.5866
DIAMONDS THREE CLUBS TWO,0.632,0.0484,0.3196
CLUBS TEN DIAMONDS FOUR,0.3988,0.0262,0.575
DIAMONDS THREE CLUBS THREE,0.3908,0.0814,0.5278
DIAMONDS FOUR CLUBS JACK,0.3998,0.0186,0.5816
DIAMONDS THREE SPADES FOUR,0.6128,0.048,0.3392
DIAMONDS THREE SPADES TWO,0.6298,0.0484,0.3218
DIAMONDS THREE SPADES THREE,0.3846,0.0832,0.5322
CLUBS EIGHT DIAMONDS THREE,0.6188,0.0426,0.3386
CLUBS NINE DIAMONDS THREE,0.34,0.4542,0.2058
SPADES SEVEN CLUBS ACE,0.3642,0.004,0.6318
SPADES SEVEN CLUBS QUEEN,0.3712,0.0098,0.619
SPADES SEVEN CLUBS KING,0.37,0.0064,0.6236
CLUBS FIVE SPADES SEVEN,0.614,0.1086,0.2774
CLUBS TEN SPADES SEVEN,0.345,0.0246,0.6304
CLUBS FIVE SPADES SIX,0.6264,0.1082,0.2654
SPADES SEVEN CLUBS JACK,0.363,0.0186,0.6184
CLUBS FIVE SPADES NINE,0.0092,0.9732,0.0176
CLUBS FIVE SPADES EIGHT,0.6332,0.1116,0.2552
CLUBS FIVE SPADES THREE,0.6234,0.1158,0.2608
CLUBS FIVE SPADES TWO,0.6448,0.1056,0.2496
CLUBS FIVE SPADES FOUR,0.6244,0.1174,0.2582
CLUBS NINE CLUBS FIVE,0.0238,0.9058,0.0704
CLUBS EIGHT CLUBS FIVE,0.6034,0.095,0.3016
CLUBS ACE CLUBS QUEEN,0.3128,0.006,0.6812
CLUBS KING CLUBS QUEEN,0.3142,0.0082,0.6776
DIAMONDS TEN DIAMONDS FOUR,0.378,0.0254,0.5966
DIAMONDS JACK DIAMONDS FOUR,0.3796,0.0194,0.601
SPADES NINE CLUBS JACK,0.238,0.0582,0.7038
CLUBS TEN SPADES NINE,0.2268,0.0656,0.7076
DIAMONDS ACE DIAMONDS FOUR,0.368,0.005,0.627
HEARTS FOUR DIAMONDS FOUR,0.3926,0.0786,0.5288
DIAMONDS JACK HEARTS TEN,0.3156,0.0166,0.6678
SPADES NINE CLUBS KING,0.2422,0.0334,0.7244
DIAMONDS TWO SPADES TEN,0.3918,0.0254,0.5828
HEARTS FIVE DIAMONDS FOUR,0.6168,0.116,0.2672
DIAMONDS JACK HEARTS JACK,0.1516,0.0324,0.816
SPADES NINE CLUBS QUEEN,0.242,0.0472,0.7108
DIAMONDS TWO SPADES JACK,0.401,0.0198,0.5792
DIAMONDS QUEEN DIAMONDS FOUR,0.3926,0.0116,0.5958
HEARTS TWO DIAMONDS FOUR,0.6264,0.0428,0.3308
DIAMONDS KING DIAMONDS FOUR,0.3876,0.0076,0.6048
HEARTS THREE DIAMONDS FOUR,0.6046,0.0482,0.3472
SPADES NINE CLUBS ACE,0.2392,0.0232,0.7376
HEARTS ACE DIAMONDS JACK,0.3446,0.0042,0.6512
SPADES ACE DIAMONDS TWO,0.3842,0.0076,0.6082
HEARTS QUEEN DIAMONDS JACK,0.3234,0.0104,0.6662
SPADES QUEEN DIAMONDS TWO,0.4126,0.012,0.5754
HEARTS KING DIAMONDS JACK,0.3352,0.0058,0.659
SPADES KING DIAMONDS TWO,0.4096,0.0086,0.5818
SPADES JACK SPADES SEVEN,0.3488,0.0172,0.634
SPADES TEN SPADES SEVEN,0.331,0.025,0.644
CLUBS SEVEN CLUBS THREE,0.5784,0.0434,0.3782
CLUBS SIX CLUBS THREE,0.5594,0.0426,0.398
CLUBS FIVE CLUBS THREE,0.5834,0.1068,0.3098
CLUBS THREE CLUBS FOUR,0.5648,0.0388,0.3964
CLUBS NINE CLUBS THREE,0.3086,0.4324,0.259
CLUBS EIGHT CLUBS THREE,0.5846,0.0418,0.3736
CLUBS THREE SPADES FOUR,0.5896,0.0462,0.3642
CLUBS THREE SPADES THREE,0.3864,0.0852,0.5284
CLUBS THREE SPADES TWO,0.6256,0.0438,0.3306
CLUBS THREE SPADES SIX,0.5914,0.0482,0.3604
CLUBS THREE SPADES SEVEN,0.6002,0.046,0.3538
SPADES EIGHT CLUBS THREE,0.6126,0.0422,0.3452
SPADES NINE CLUBS THREE,0.3318,0.4426,0.2256
SPADES TWO DIAMONDS FOUR,0.632,0.0476,0.3204
SPADES THREE DIAMONDS FOUR,0.61,0.0444,0.3456
SPADES FOUR DIAMONDS FOUR,0.3972,0.0856,0.5172
SPADES SIX DIAMONDS FOUR,0.5748,0.0478,0.3774
SPADES SEVEN DIAMONDS FOUR,0.592,0.0436,0.3644
SPADES EIGHT DIAMONDS FOUR,0.6022,0.044,0.3538
SPADES NINE DIAMONDS FOUR,0.3354,0.4606,0.204
CLUBS FIVE DIAMONDS FOUR,0.625,0.1136,0.2614
CLUBS FOUR DIAMONDS FOUR,0.3934,0.079,0.5276
CLUBS SEVEN DIAMONDS FOUR,0.6012,0.0396,0.3592
CLUBS SIX DIAMONDS FOUR,0.5944,0.0422,0.3634
CLUBS NINE DIAMONDS FOUR,0.3248,0.4608,0.2144
CLUBS EIGHT DIAMONDS FOUR,0.607,0.0456,0.3474
HEARTS SEVEN DIAMONDS FOUR,0.602,0.0466,0.3514
HEARTS SIX DIAMONDS FOUR,0.584,0.0388,0.3772
DIAMONDS FOUR HEARTS NINE,0.3432,0.455,0.2018
DIAMONDS FOUR HEARTS EIGHT,0.6086,0.045,0.3464
CLUBS THREE DIAMONDS FOUR,0.5952,0.0458,0.359
CLUBS TWO DIAMONDS FOUR,0.612,0.0486,0.3394
DIAMONDS TEN DIAMONDS FIVE,0.2382,0.0818,0.68
DIAMONDS JACK DIAMONDS FIVE,0.238,0.0594,0.7026
CLUBS KING DIAMONDS SIX,0.3684,0.009,0.6226
CLUBS QUEEN DIAMONDS SIX,0.3678,0.0118,0.6204
CLUBS ACE DIAMONDS SIX,0.3686,0.0046,0.6268
SPADES KING DIAMONDS FOUR,0.401,0.0086,0.5904
SPADES ACE SPADES SEVEN,0.341,0.0054,0.6536
SPADES QUEEN DIAMONDS FOUR,0.3992,0.0132,0.5876
SPADES QUEEN SPADES SEVEN,0.3448,0.0128,0.6424
CLUBS JACK DIAMONDS SIX,0.3664,0.0188,0.6148
SPADES KING SPADES SEVEN,0.3288,0.0082,0.663
SPADES ACE DIAMONDS FOUR,0.3928,0.0044,0.6028
CLUBS TEN DIAMONDS SIX,0.3508,0.0278,0.6214
CLUBS NINE CLUBS FOUR,0.303,0.438,0.259
CLUBS EIGHT CLUBS FOUR,0.5732,0.0422,0.3846
SPADES JACK DIAMONDS FOUR,0.408,0.0206,0.5714
SPADES TEN DIAMONDS FOUR,0.403,0.0276,0.5694
CLUBS FIVE CLUBS FOUR,0.573,0.1122,0.3148
CLUBS SEVEN CLUBS FOUR,0.563,0.043,0.394
CLUBS SIX CLUBS FOUR,0.5504,0.0394,0.4102
CLUBS SEVEN SPADES EIGHT,0.5314,0.0404,0.4282
CLUBS SEVEN SPADES NINE,0.2252,0.2882,0.4866
CLUBS SEVEN SPADES SIX,0.5564,0.0446,0.399
CLUBS SEVEN SPADES SEVEN,0.2716,0.0614,0.667
CLUBS SEVEN SPADES FOUR,0.5906,0.0446,0.3648
CLUBS SEVEN SPADES THREE,0.61,0.0438,0.3462
CLUBS SEVEN SPADES TWO,0.6208,0.0432,0.336
CLUBS NINE CLUBS SEVEN,0.2188,0.269,0.5122
CLUBS SEVEN CLUBS EIGHT,0.5056,0.0394,0.455
HEARTS SIX DIAMONDS FIVE,0.6164,0.1048,0.2788
HEARTS SEVEN DIAMONDS FIVE,0.6424,0.1052,0.2524
DIAMONDS FIVE HEARTS EIGHT,0.6446,0.1066,0.2488
DIAMONDS FIVE HEARTS NINE,0.0204,0.9688,0.0108
DIAMONDS QUEEN DIAMONDS FIVE,0.237,0.0502,0.7128
HEARTS TWO DIAMONDS FIVE,0.639,0.1196,0.2414
HEARTS KING HEARTS EIGHT,0.3452,0.007,0.6478
DIAMONDS KING DIAMONDS FIVE,0.2336,0.0342,0.7322
HEARTS THREE DIAMONDS FIVE,0.6118,0.1192,0.269
HEARTS QUEEN HEARTS EIGHT,0.3378,0.0114,0.6508
DIAMONDS ACE DIAMONDS FIVE,0.2372,0.0228,0.74
HEARTS FOUR DIAMONDS FIVE,0.6228,0.1156,0.2616
HEARTS FIVE DIAMONDS FIVE,0.2846,0.0552,0.6602
HEARTS ACE HEARTS EIGHT,0.3314,0.0052,0.6634
CLUBS FOUR DIAMONDS FIVE,0.6248,0.1074,0.2678
CLUBS FIVE DIAMONDS FIVE,0.2894,0.0628,0.6478
CLUBS SIX DIAMONDS FIVE,0.622,0.1044,0.2736
CLUBS SEVEN DIAMONDS FIVE,0.6238,0.1142,0.262
CLUBS TWO DIAMONDS FIVE,0.6414,0.1118,0.2468
CLUBS THREE DIAMONDS FIVE,0.6258,0.1114,0.2628
SPADES THREE DIAMONDS FIVE,0.6304,0.107,0.2626
SPADES TWO DIAMONDS FIVE,0.643,0.1136,0.2434
SPADES JACK DIAMONDS EIGHT,0.3536,0.0182,0.6282
CLUBS TEN HEARTS JACK,0.3244,0.0122,0.6634
SPADES TEN DIAMONDS EIGHT,0.3434,0.023,0.6336
SPADES FOUR DIAMONDS FIVE,0.6308,0.1116,0.2576
HEARTS JACK CLUBS JACK,0.159,0.032,0.809
HEARTS JACK CLUBS QUEEN,0.342,0.0084,0.6496
CLUBS NINE DIAMONDS FIVE,0.017,0.9736,0.0094
CLUBS KING HEARTS JACK,0.3408,0.0064,0.6528
CLUBS EIGHT DIAMONDS FIVE,0.651,0.1012,0.2478
CLUBS ACE HEARTS JACK,0.3286,0.004,0.6674
SPADES SEVEN DIAMONDS FIVE,0.6366,0.1072,0.2562
SPADES KING DIAMONDS EIGHT,0.361,0.01,0.629
SPADES QUEEN DIAMONDS EIGHT,0.371,0.0108,0.6182
SPADES SIX DIAMONDS FIVE,0.6138,0.11,0.2762
SPADES NINE DIAMONDS FIVE,0.0082,0.9854,0.0064
SPADES EIGHT DIAMONDS FIVE,0.6478,0.1102,0.242
SPADES ACE DIAMONDS EIGHT,0.3538,0.004,0.6422
DIAMONDS TEN DIAMONDS SIX,0.3402,0.0228,0.637
HEARTS ACE DIAMONDS SEVEN,0.367,0.0038,0.6292
DIAMONDS JACK DIAMONDS SIX,0.3556,0.0148,0.6296
HEARTS QUEEN DIAMONDS SEVEN,0.3744,0.0098,0.6158
HEARTS KING DIAMONDS SEVEN,0.3634,0.0086,0.628
DIAMONDS ACE DIAMONDS SIX,0.3568,0.0038,0.6394
HEARTS FOUR DIAMONDS SIX,0.5754,0.0422,0.3824
SPADES TWO HEARTS JACK,0.406,0.0202,0.5738
HEARTS FIVE DIAMONDS SIX,0.6228,0.1054,0.2718
SPADES TWO HEARTS TEN,0.393,0.0272,0.5798
DIAMONDS QUEEN DIAMONDS SIX,0.3562,0.0092,0.6346
HEARTS TWO DIAMONDS SIX,0.6014,0.044,0.3546
DIAMONDS KING DIAMONDS SIX,0.3572,0.01,0.6328
HEARTS THREE DIAMONDS SIX,0.6124,0.0398,0.3478
HEARTS EIGHT DIAMONDS SIX,0.5568,0.0422,0.401
HEARTS NINE DIAMONDS SIX,0.2242,0.3674,0.4084
HEARTS SIX DIAMONDS SIX,0.282,0.0714,0.6466
HEARTS SEVEN DIAMONDS SIX,0.5466,0.045,0.4084
HEARTS TEN DIAMONDS SEVEN,0.3624,0.0248,0.6128
CLUBS TWO DIAMONDS SIX,0.6066,0.0448,0.3486
HEARTS JACK DIAMONDS SEVEN,0.3788,0.019,0.6022
CLUBS THREE DIAMONDS SIX,0.5958,0.0452,0.359
CLUBS SEVEN DIAMONDS SIX,0.5432,0.0402,0.4166
DIAMONDS EIGHT CLUBS JACK,0.3596,0.0174,0.623
CLUBS SIX DIAMONDS SIX,0.2818,0.0728,0.6454
CLUBS TEN DIAMONDS EIGHT,0.3374,0.0274,0.6352
CLUBS FIVE DIAMONDS SIX,0.6186,0.1022,0.2792
CLUBS FOUR DIAMONDS SIX,0.5898,0.043,0.3672
HEARTS ACE HEARTS JACK,0.3226,0.0054,0.672
DIAMONDS EIGHT CLUBS ACE,0.3682,0.0034,0.6284
HEARTS QUEEN HEARTS JACK,0.3094,0.0108,0.6798
DIAMONDS EIGHT CLUBS KING,0.3676,0.0066,0.6258
CLUBS NINE DIAMONDS SIX,0.2262,0.3826,0.3912
HEARTS KING HEARTS JACK,0.323,0.0056,0.6714
DIAMONDS EIGHT CLUBS QUEEN,0.364,0.012,0.624
CLUBS EIGHT DIAMONDS SIX,0.5568,0.043,0.4002
SPADES TEN HEARTS KING,0.33,0.007,0.663
HEARTS ACE SPADES TWO,0.3914,0.0052,0.6034
SPADES JACK HEARTS KING,0.332,0.0044,0.6636
SPADES FOUR DIAMONDS SIX,0.5954,0.0446,0.36
SPADES THREE DIAMONDS SIX,0.6058,0.0494,0.3448
HEARTS QUEEN SPADES TWO,0.4016,0.0146,0.5838
SPADES ACE SPADES KING,0.3158,0.0054,0.6788
SPADES TWO HEARTS KING,0.4126,0.0064,0.581
SPADES TWO DIAMONDS SIX,0.6068,0.0474,0.3458
HEARTS TEN HEARTS EIGHT,0.3112,0.0212,0.6676
SPADES NINE DIAMONDS SIX,0.217,0.3772,0.4058
HEARTS JACK HEARTS EIGHT,0.339,0.0166,0.6444
SPADES EIGHT DIAMONDS SIX,0.5576,0.0506,0.3918
SPADES SEVEN DIAMONDS SIX,0.5278,0.0432,0.429
SPADES SIX DIAMONDS SIX,0.2772,0.0696,0.6532
SPADES KING HEARTS KING,0.1456,0.0098,0.8446
SPADES QUEEN HEARTS KING,0.3368,0.0102,0.653
CLUBS ACE CLUBS KING,0.3136,0.0044,0.682
SPADES ACE HEARTS KING,0.3286,0.0036,0.6678
SPADES ACE HEARTS JACK,0.3318,0.0042,0.664
SPADES QUEEN HEARTS JACK,0.3224,0.0092,0.6684
SPADES KING HEARTS JACK,0.3316,0.0078,0.6606
SPADES TEN DIAMONDS TEN,0.1476,0.0392,0.8132
SPADES JACK DIAMONDS TEN,0.3146,0.017,0.6684
SPADES ACE DIAMONDS TEN,0.3322,0.0038,0.664
SPADES JACK HEARTS JACK,0.1562,0.0312,0.8126
SPADES TEN HEARTS JACK,0.3098,0.0156,0.6746
SPADES QUEEN DIAMONDS TEN,0.3112,0.0112,0.6776
SPADES KING DIAMONDS TEN,0.3208,0.0072,0.672
SPADES NINE DIAMONDS SEVEN,0.2122,0.3062,0.4816
SPADES EIGHT DIAMONDS SEVEN,0.5434,0.0446,0.412
SPADES SEVEN DIAMONDS SEVEN,0.2644,0.0682,0.6674
SPADES SIX DIAMONDS SEVEN,0.5402,0.0448,0.415
DIAMONDS KING DIAMONDS SEVEN,0.3476,0.007,0.6454
HEARTS THREE DIAMONDS SEVEN,0.6038,0.0432,0.353
HEARTS KING DIAMONDS FIVE,0.2598,0.0308,0.7094
DIAMONDS QUEEN DIAMONDS SEVEN,0.3502,0.016,0.6338
HEARTS TWO DIAMONDS SEVEN,0.628,0.044,0.328
HEARTS QUEEN DIAMONDS FIVE,0.2642,0.0452,0.6906
HEARTS FIVE DIAMONDS SEVEN,0.6398,0.1056,0.2546
DIAMONDS ACE DIAMONDS SEVEN,0.3376,0.0056,0.6568
HEARTS FOUR DIAMONDS SEVEN,0.6044,0.0406,0.355
HEARTS ACE DIAMONDS FIVE,0.2626,0.0188,0.7186
HEARTS SEVEN DIAMONDS SEVEN,0.2714,0.0618,0.6668
HEARTS SIX DIAMONDS SEVEN,0.561,0.0422,0.3968
DIAMONDS SEVEN HEARTS NINE,0.2294,0.2934,0.4772
HEARTS EIGHT DIAMONDS SEVEN,0.5366,0.0374,0.426
DIAMONDS JACK DIAMONDS SEVEN,0.3468,0.0148,0.6384
DIAMONDS FIVE HEARTS JACK,0.2644,0.0618,0.6738
DIAMONDS TEN DIAMONDS SEVEN,0.3326,0.0252,0.6422
HEARTS TEN DIAMONDS FIVE,0.2568,0.0804,0.6628
SPADES KING CLUBS TWO,0.399,0.0086,0.5924
HEARTS KING CLUBS KING,0.1594,0.0098,0.8308
CLUBS EIGHT DIAMONDS SEVEN,0.5506,0.0426,0.4068
SPADES QUEEN CLUBS TWO,0.41,0.0122,0.5778
HEARTS KING CLUBS QUEEN,0.3464,0.0056,0.648
CLUBS NINE DIAMONDS SEVEN,0.2256,0.2958,0.4786
SPADES TWO CLUBS JACK,0.3976,0.0168,0.5856
SPADES ACE CLUBS TWO,0.3918,0.0072,0.601
CLUBS TEN SPADES TWO,0.4164,0.0292,0.5544
HEARTS KING CLUBS ACE,0.3284,0.0036,0.668
CLUBS SEVEN CLUBS SIX,0.501,0.0452,0.4538
SPADES TWO CLUBS KING,0.4186,0.0074,0.574
SPADES TWO DIAMONDS SEVEN,0.629,0.0464,0.3246
CLUBS EIGHT CLUBS SIX,0.5316,0.0404,0.428
SPADES THREE DIAMONDS SEVEN,0.622,0.0472,0.3308
SPADES TWO CLUBS QUEEN,0.4212,0.012,0.5668
CLUBS NINE CLUBS SIX,0.2144,0.3682,0.4174
SPADES FOUR DIAMONDS SEVEN,0.6086,0.045,0.3464
HEARTS KING CLUBS JACK,0.3372,0.0058,0.657
SPADES TWO CLUBS ACE,0.3928,0.0056,0.6016
CLUBS TEN HEARTS KING,0.3376,0.0064,0.656
CLUBS SIX SPADES TWO,0.6252,0.0424,0.3324
CLUBS SIX SPADES THREE,0.5932,0.0436,0.3632
CLUBS TWO DIAMONDS SEVEN,0.6272,0.0436,0.3292
CLUBS SIX SPADES FOUR,0.5928,0.0448,0.3624
CLUBS THREE DIAMONDS SEVEN,0.6204,0.0408,0.3388
CLUBS FOUR DIAMONDS SEVEN,0.592,0.047,0.361
CLUBS SIX SPADES SIX,0.2764,0.0776,0.646
CLUBS FIVE DIAMONDS SEVEN,0.624,0.1078,0.2682
CLUBS SIX SPADES SEVEN,0.5338,0.042,0.4242
CLUBS SIX DIAMONDS SEVEN,0.548,0.0412,0.4108
CLUBS SIX SPADES EIGHT,0.5542,0.0426,0.4032
SPADES JACK CLUBS TWO,0.3958,0.0224,0.5818
CLUBS SEVEN DIAMONDS SEVEN,0.265,0.0664,0.6686
SPADES NINE CLUBS SIX,0.2218,0.3834,0.3948
SPADES TEN CLUBS TWO,0.397,0.0284,0.5746
CLUBS TWO CLUBS QUEEN,0.3838,0.0114,0.6048
CLUBS TWO CLUBS KING,0.3986,0.0086,0.5928
CLUBS THREE DIAMONDS EIGHT,0.6282,0.0376,0.3342
CLUBS TWO CLUBS ACE,0.3632,0.0054,0.6314
CLUBS TWO DIAMONDS EIGHT,0.6208,0.0444,0.3348
HEARTS SEVEN DIAMONDS EIGHT,0.552,0.0424,0.4056
HEARTS SIX DIAMONDS EIGHT,0.5556,0.0434,0.401
DIAMONDS EIGHT HEARTS NINE,0.2376,0.2196,0.5428
CLUBS TEN CLUBS TWO,0.3818,0.0256,0.5926
DIAMONDS EIGHT HEARTS EIGHT,0.2852,0.0568,0.658
CLUBS TWO CLUBS JACK,0.3784,0.0182,0.6034
CLUBS NINE DIAMONDS EIGHT,0.2318,0.2292,0.539
CLUBS EIGHT DIAMONDS EIGHT,0.28,0.0546,0.6654
CLUBS FIVE DIAMONDS EIGHT,0.645,0.1082,0.2468
SPADES ACE SPADES THREE,0.3768,0.0066,0.6166
CLUBS FOUR DIAMONDS EIGHT,0.608,0.044,0.348
CLUBS SEVEN DIAMONDS EIGHT,0.5376,0.041,0.4214
SPADES QUEEN SPADES THREE,0.3946,0.0128,0.5926
CLUBS SIX DIAMONDS EIGHT,0.574,0.0434,0.3826
SPADES KING SPADES THREE,0.38,0.0092,0.6108
DIAMONDS EIGHT DIAMONDS QUEEN,0.3498,0.0124,0.6378
HEARTS TWO DIAMONDS EIGHT,0.6176,0.0476,0.3348
DIAMONDS KING DIAMONDS EIGHT,0.3554,0.0062,0.6384
HEARTS THREE DIAMONDS EIGHT,0.6128,0.049,0.3382
DIAMONDS ACE DIAMONDS EIGHT,0.3486,0.0038,0.6476
HEARTS FOUR DIAMONDS EIGHT,0.6148,0.0422,0.343
HEARTS FIVE DIAMONDS EIGHT,0.6476,0.1096,0.2428
DIAMONDS TEN DIAMONDS EIGHT,0.326,0.0236,0.6504
DIAMONDS EIGHT DIAMONDS JACK,0.3294,0.0178,0.6528
SPADES JACK SPADES THREE,0.3792,0.0214,0.5994
SPADES TEN SPADES THREE,0.3832,0.0278,0.589
CLUBS FOUR HEARTS ACE,0.3828,0.0048,0.6124
CLUBS FOUR HEARTS QUEEN,0.396,0.0096,0.5944
CLUBS FOUR HEARTS KING,0.4068,0.0096,0.5836
CLUBS SIX HEARTS TEN,0.3678,0.024,0.6082
CLUBS SIX HEARTS JACK,0.366,0.0166,0.6174
SPADES FOUR DIAMONDS EIGHT,0.609,0.0418,0.3492
DIAMONDS EIGHT SPADES TWO,0.6236,0.0482,0.3282
DIAMONDS EIGHT SPADES THREE,0.6164,0.0428,0.3408
CLUBS FOUR HEARTS JACK,0.399,0.0208,0.5802
SPADES EIGHT DIAMONDS EIGHT,0.2628,0.0596,0.6776
SPADES TEN DIAMONDS QUEEN,0.3102,0.0116,0.6782
SPADES TEN HEARTS TWO,0.4084,0.0284,0.5632
SPADES JACK HEARTS EIGHT,0.3398,0.017,0.6432
CLUBS FOUR HEARTS TEN,0.3906,0.0304,0.579
SPADES NINE DIAMONDS EIGHT,0.2256,0.2308,0.5436
SPADES TEN HEARTS EIGHT,0.34,0.0216,0.6384
SPADES JACK HEARTS TWO,0.3956,0.0214,0.583
SPADES JACK DIAMONDS QUEEN,0.321,0.0088,0.6702
SPADES SIX DIAMONDS EIGHT,0.5496,0.0416,0.4088
SPADES SEVEN DIAMONDS EIGHT,0.5456,0.0434,0.411
SPADES ACE HEARTS TWO,0.3964,0.0054,0.5982
SPADES ACE DIAMONDS QUEEN,0.3246,0.0054,0.67
SPADES ACE HEARTS EIGHT,0.354,0.0044,0.6416
SPADES KING HEARTS EIGHT,0.3688,0.0058,0.6254
SPADES QUEEN HEARTS TWO,0.4014,0.0124,0.5862
SPADES QUEEN DIAMONDS QUEEN,0.1362,0.0264,0.8374
SPADES KING DIAMONDS QUEEN,0.3184,0.0088,0.6728
SPADES KING HEARTS TWO,0.406,0.0064,0.5876
SPADES QUEEN HEARTS EIGHT,0.3578,0.011,0.6312
CLUBS TWO HEARTS TEN,0.4058,0.0288,0.5654
CLUBS TWO HEARTS JACK,0.406,0.0202,0.5738
SPADES TEN CLUBS KING,0.333,0.007,0.66
SPADES JACK CLUBS KING,0.3286,0.006,0.6654
SPADES JACK CLUBS FOUR,0.3994,0.0188,0.5818
SPADES TEN CLUBS FOUR,0.3922,0.0322,0.5756
CLUBS NINE CLUBS EIGHT,0.2238,0.213,0.5632
HEARTS ACE CLUBS TWO,0.4046,0.0044,0.591
SPADES ACE CLUBS FOUR,0.3844,0.0048,0.6108
CLUBS TWO HEARTS KING,0.4136,0.0084,0.578
SPADES KING CLUBS FOUR,0.4024,0.0076,0.59
CLUBS TWO HEARTS QUEEN,0.415,0.0096,0.5754
SPADES QUEEN CLUBS FOUR,0.4052,0.0128,0.582
CLUBS EIGHT SPADES NINE,0.221,0.2238,0.5552
CLUBS EIGHT SPADES EIGHT,0.2558,0.0616,0.6826
CLUBS EIGHT SPADES SEVEN,0.5258,0.0384,0.4358
CLUBS EIGHT SPADES SIX,0.5566,0.039,0.4044
CLUBS EIGHT SPADES FOUR,0.6066,0.0446,0.3488
CLUBS EIGHT SPADES THREE,0.6262,0.042,0.3318
CLUBS EIGHT SPADES TWO,0.6052,0.0456,0.3492
HEARTS SIX DIAMONDS TEN,0.353,0.028,0.619
HEARTS SEVEN DIAMONDS TEN,0.3466,0.026,0.6274
DIAMONDS TEN HEARTS EIGHT,0.3276,0.0246,0.6478
CLUBS FOUR CLUBS JACK,0.3772,0.0188,0.604
DIAMONDS TEN HEARTS NINE,0.2168,0.0838,0.6994
CLUBS TEN CLUBS FOUR,0.376,0.0302,0.5938
CLUBS FOUR CLUBS KING,0.376,0.009,0.615
CLUBS FOUR CLUBS QUEEN,0.3766,0.0136,0.6098
DIAMONDS TEN CLUBS TWO,0.4018,0.0304,0.5678
CLUBS THREE DIAMONDS TEN,0.3912,0.0304,0.5784
CLUBS FOUR CLUBS ACE,0.365,0.0038,0.6312
DIAMONDS TEN DIAMONDS JACK,0.286,0.017,0.697
DIAMONDS TEN DIAMONDS QUEEN,0.2994,0.0118,0.6888
HEARTS TWO DIAMONDS TEN,0.3958,0.0274,0.5768
DIAMONDS KING DIAMONDS TEN,0.3216,0.008,0.6704
HEARTS THREE DIAMONDS TEN,0.3948,0.0294,0.5758
DIAMONDS ACE DIAMONDS TEN,0.3058,0.0046,0.6896
HEARTS FOUR DIAMONDS TEN,0.4028,0.0252,0.572
CLUBS EIGHT HEARTS JACK,0.3496,0.0148,0.6356
HEARTS FIVE DIAMONDS TEN,0.2416,0.0826,0.6758
CLUBS EIGHT HEARTS TEN,0.3524,0.0304,0.6172
CLUBS EIGHT HEARTS QUEEN,0.367,0.0104,0.6226
CLUBS EIGHT HEARTS KING,0.3686,0.0068,0.6246
CLUBS EIGHT HEARTS ACE,0.3612,0.0046,0.6342
CLUBS NINE SPADES THREE,0.338,0.456,0.206
CLUBS NINE SPADES TWO,0.3388,0.453,0.2082
CLUBS NINE SPADES FOUR,0.3296,0.4672,0.2032
CLUBS NINE SPADES SEVEN,0.2244,0.2944,0.4812
CLUBS NINE SPADES SIX,0.2184,0.387,0.3946
CLUBS NINE SPADES NINE,0.0908,0.0642,0.845
CLUBS TEN HEARTS EIGHT,0.349,0.0248,0.6262
CLUBS NINE SPADES EIGHT,0.2104,0.2306,0.559
HEARTS EIGHT CLUBS JACK,0.3466,0.0214,0.632
CLUBS QUEEN HEARTS EIGHT,0.3718,0.0122,0.616
CLUBS KING HEARTS EIGHT,0.3788,0.0054,0.6158
CLUBS ACE HEARTS EIGHT,0.3642,0.0056,0.6302
SPADES KING CLUBS KING,0.1416,0.013,0.8454
SPADES QUEEN CLUBS KING,0.331,0.0072,0.6618
SPADES ACE CLUBS KING,0.3436,0.0068,0.6496
DIAMONDS ACE HEARTS TEN,0.3324,0.003,0.6646
HEARTS FOUR HEARTS TEN,0.3722,0.0274,0.6004
DIAMONDS ACE HEARTS JACK,0.3378,0.0048,0.6574
HEARTS FOUR HEARTS JACK,0.3716,0.019,0.6094
SPADES KING CLUBS FIVE,0.253,0.0378,0.7092
SPADES QUEEN CLUBS FIVE,0.247,0.0474,0.7056
SPADES ACE CLUBS FIVE,0.247,0.0262,0.7268
HEARTS SEVEN DIAMONDS JACK,0.3638,0.0166,0.6196
HEARTS SIX DIAMONDS JACK,0.358,0.0228,0.6192
DIAMONDS JACK HEARTS NINE,0.2472,0.0544,0.6984
DIAMONDS JACK HEARTS EIGHT,0.3512,0.018,0.6308
DIAMONDS KING DIAMONDS JACK,0.3258,0.0078,0.6664
HEARTS THREE DIAMONDS JACK,0.4038,0.0226,0.5736
SPADES ACE SPADES SIX,0.3506,0.0048,0.6446
HEARTS ACE SPADES FOUR,0.3832,0.0046,0.6122
DIAMONDS QUEEN DIAMONDS JACK,0.2954,0.0116,0.693
HEARTS TWO DIAMONDS JACK,0.3946,0.0176,0.5878
HEARTS FIVE DIAMONDS JACK,0.2554,0.0726,0.672
SPADES QUEEN SPADES SIX,0.3416,0.0138,0.6446
SPADES FOUR HEARTS QUEEN,0.3966,0.0126,0.5908
DIAMONDS ACE DIAMONDS JACK,0.317,0.0036,0.6794
HEARTS FOUR DIAMONDS JACK,0.3948,0.0182,0.587
SPADES KING SPADES SIX,0.3568,0.0076,0.6356
SPADES FOUR HEARTS KING,0.4056,0.01,0.5844
SPADES TEN SPADES SIX,0.3472,0.0242,0.6286
SPADES JACK SPADES SIX,0.369,0.0142,0.6168
SPADES FOUR DIAMONDS JACK,0.4028,0.0208,0.5764
SPADES TWO DIAMONDS JACK,0.4012,0.0188,0.58
SPADES THREE DIAMONDS JACK,0.4034,0.0172,0.5794
SPADES ACE DIAMONDS THREE,0.3786,0.005,0.6164
SPADES QUEEN DIAMONDS THREE,0.3984,0.014,0.5876
CLUBS EIGHT DIAMONDS JACK,0.3512,0.02,0.6288
SPADES KING DIAMONDS THREE,0.3982,0.011,0.5908
CLUBS NINE DIAMONDS JACK,0.2382,0.0632,0.6986
CLUBS SIX DIAMONDS JACK,0.3642,0.0164,0.6194
CLUBS SEVEN DIAMONDS JACK,0.3578,0.0194,0.6228
CLUBS FOUR DIAMONDS JACK,0.4008,0.0164,0.5828
CLUBS FIVE DIAMONDS JACK,0.2444,0.0618,0.6938
CLUBS TWO DIAMONDS JACK,0.4106,0.0198,0.5696
CLUBS THREE DIAMONDS JACK,0.3998,0.0166,0.5836
SPADES TEN CLUBS FIVE,0.2454,0.0788,0.6758
SPADES JACK HEARTS SIX,0.3902,0.0168,0.593
HEARTS SIX SPADES TEN,0.3466,0.031,0.6224
SPADES JACK CLUBS FIVE,0.2454,0.0624,0.6922
SPADES JACK DIAMONDS THREE,0.4048,0.0168,0.5784
CLUBS SEVEN CLUBS ACE,0.3384,0.0048,0.6568
DIAMONDS THREE SPADES TEN,0.3958,0.0318,0.5724
CLUBS SEVEN CLUBS QUEEN,0.3482,0.0102,0.6416
CLUBS SEVEN CLUBS KING,0.3414,0.0072,0.6514
SPADES NINE DIAMONDS JACK,0.2344,0.0622,0.7034
CLUBS TEN CLUBS SEVEN,0.3304,0.0292,0.6404
DIAMONDS ACE HEARTS ACE,0.1324,0.0036,0.864
HEARTS FOUR HEARTS ACE,0.372,0.0044,0.6236
SPADES EIGHT DIAMONDS JACK,0.3478,0.015,0.6372
SPADES ACE HEARTS SIX,0.3774,0.0052,0.6174
CLUBS SEVEN CLUBS JACK,0.3316,0.0166,0.6518
DIAMONDS ACE HEARTS KING,0.3394,0.004,0.6566
HEARTS FOUR HEARTS KING,0.3832,0.0094,0.6074
SPADES SEVEN DIAMONDS JACK,0.3472,0.02,0.6328
SPADES KING HEARTS SIX,0.352,0.0068,0.6412
DIAMONDS ACE HEARTS QUEEN,0.3376,0.0048,0.6576
HEARTS FOUR HEARTS QUEEN,0.3834,0.0126,0.604
SPADES QUEEN HEARTS SIX,0.371,0.0118,0.6172
SPADES SIX DIAMONDS JACK,0.3468,0.0208,0.6324
DIAMONDS TEN SPADES TWO,0.4032,0.028,0.5688
DIAMONDS TEN SPADES THREE,0.403,0.0282,0.5688
DIAMONDS TEN SPADES FOUR,0.3954,0.028,0.5766
SPADES SIX DIAMONDS TEN,0.345,0.0286,0.6264
SPADES SEVEN DIAMONDS TEN,0.3538,0.0256,0.6206
SPADES EIGHT DIAMONDS TEN,0.3162,0.0254,0.6584
SPADES NINE DIAMONDS TEN,0.2118,0.0782,0.71
CLUBS FOUR DIAMONDS TEN,0.4026,0.0304,0.567
CLUBS FIVE DIAMONDS TEN,0.2478,0.08,0.6722
CLUBS SIX DIAMONDS TEN,0.35,0.0274,0.6226
CLUBS SEVEN DIAMONDS TEN,0.349,0.0302,0.6208
CLUBS EIGHT DIAMONDS TEN,0.333,0.0274,0.6396
CLUBS NINE DIAMONDS TEN,0.2224,0.0754,0.7022
DIAMONDS THREE CLUBS JACK,0.4054,0.02,0.5746
CLUBS TEN DIAMONDS THREE,0.3874,0.03,0.5826
DIAMONDS THREE CLUBS KING,0.4076,0.009,0.5834
DIAMONDS THREE CLUBS QUEEN,0.3938,0.0104,0.5958
DIAMONDS THREE CLUBS ACE,0.3996,0.0052,0.5952
SPADES FOUR HEARTS JACK,0.4046,0.0148,0.5806
SPADES FOUR HEARTS TEN,0.408,0.027,0.565
SPADES FOUR SPADES TWO,0.585,0.043,0.372
SPADES THREE SPADES TWO,0.5706,0.0448,0.3846
SPADES NINE SPADES TWO,0.3222,0.4296,0.2482
SPADES EIGHT SPADES TWO,0.5678,0.0478,0.3844
SPADES SEVEN SPADES TWO,0.5826,0.0412,0.3762
SPADES SIX SPADES TWO,0.5838,0.0458,0.3704
CLUBS THREE DIAMONDS QUEEN,0.3982,0.0144,0.5874
CLUBS THREE HEARTS TWO,0.6112,0.0446,0.3442
CLUBS TWO DIAMONDS QUEEN,0.401,0.0118,0.5872
HEARTS TWO CLUBS TWO,0.3876,0.081,0.5314
HEARTS SEVEN DIAMONDS QUEEN,0.3562,0.0132,0.6306
HEARTS SEVEN HEARTS TWO,0.5762,0.0386,0.3852
HEARTS SIX DIAMONDS QUEEN,0.3736,0.013,0.6134
HEARTS SIX HEARTS TWO,0.5646,0.045,0.3904
DIAMONDS QUEEN HEARTS NINE,0.2418,0.0456,0.7126
HEARTS TWO HEARTS NINE,0.3148,0.4256,0.2596
DIAMONDS QUEEN HEARTS EIGHT,0.3696,0.0098,0.6206
HEARTS TWO HEARTS EIGHT,0.579,0.0404,0.3806
CLUBS NINE HEARTS TWO,0.331,0.452,0.217
CLUBS NINE DIAMONDS QUEEN,0.236,0.0498,0.7142
CLUBS EIGHT HEARTS TWO,0.6158,0.0428,0.3414
CLUBS EIGHT DIAMONDS QUEEN,0.3518,0.0108,0.6374
CLUBS FIVE DIAMONDS QUEEN,0.245,0.044,0.711
CLUBS FIVE HEARTS TWO,0.6272,0.1112,0.2616
SPADES EIGHT HEARTS ACE,0.3548,0.0034,0.6418
CLUBS FOUR DIAMONDS QUEEN,0.405,0.0092,0.5858
CLUBS FOUR HEARTS TWO,0.6158,0.045,0.3392
CLUBS SEVEN DIAMONDS QUEEN,0.3804,0.011,0.6086
CLUBS SEVEN HEARTS TWO,0.6174,0.0458,0.3368
SPADES EIGHT HEARTS QUEEN,0.3618,0.0096,0.6286
CLUBS SIX DIAMONDS QUEEN,0.3632,0.01,0.6268
CLUBS SIX HEARTS TWO,0.6064,0.0438,0.3498
SPADES EIGHT HEARTS KING,0.369,0.0076,0.6234
HEARTS TWO SPADES SIX,0.5976,0.043,0.3594
SPADES SIX DIAMONDS QUEEN,0.3566,0.0144,0.629
HEARTS FOUR CLUBS QUEEN,0.4002,0.0108,0.589
DIAMONDS ACE CLUBS QUEEN,0.3346,0.004,0.6614
SPADES SEVEN DIAMONDS QUEEN,0.3666,0.0108,0.6226
SPADES SEVEN HEARTS TWO,0.6146,0.043,0.3424
HEARTS FOUR CLUBS KING,0.41,0.0074,0.5826
DIAMONDS ACE CLUBS KING,0.3276,0.0048,0.6676
SPADES EIGHT DIAMONDS QUEEN,0.3618,0.0108,0.6274
SPADES EIGHT HEARTS TWO,0.6138,0.0392,0.347
HEARTS FOUR CLUBS ACE,0.3948,0.0032,0.602
DIAMONDS ACE CLUBS ACE,0.1434,0.0024,0.8542
SPADES NINE DIAMONDS QUEEN,0.2254,0.0524,0.7222
SPADES NINE HEARTS TWO,0.3198,0.4636,0.2166
HEARTS TWO SPADES TWO,0.4104,0.077,0.5126
DIAMONDS QUEEN SPADES TWO,0.4048,0.0174,0.5778
HEARTS TWO SPADES THREE,0.6204,0.047,0.3326
SPADES THREE DIAMONDS QUEEN,0.3984,0.0126,0.589
HEARTS TWO SPADES FOUR,0.6166,0.0522,0.3312
SPADES FOUR DIAMONDS QUEEN,0.4104,0.0156,0.574
CLUBS TEN HEARTS FOUR,0.4052,0.025,0.5698
CLUBS TEN DIAMONDS ACE,0.3258,0.0052,0.669
HEARTS FOUR CLUBS JACK,0.3958,0.0196,0.5846
DIAMONDS ACE CLUBS JACK,0.3486,0.0042,0.6472
CLUBS FIVE CLUBS KING,0.2398,0.0352,0.725
CLUBS FIVE CLUBS QUEEN,0.2316,0.0376,0.7308
CLUBS FIVE CLUBS ACE,0.24,0.0222,0.7378
CLUBS FIVE CLUBS JACK,0.2356,0.0602,0.7042
CLUBS TEN CLUBS FIVE,0.255,0.077,0.668
SPADES KING CLUBS JACK,0.3202,0.0078,0.672
SPADES QUEEN CLUBS JACK,0.3278,0.0094,0.6628
SPADES ACE CLUBS JACK,0.3388,0.0054,0.6558
SPADES SIX CLUBS KING,0.365,0.0078,0.6272
SPADES SIX CLUBS QUEEN,0.365,0.0128,0.6222
SPADES EIGHT HEARTS JACK,0.341,0.0172,0.6418
SPADES SIX CLUBS ACE,0.3708,0.002,0.6272
SPADES EIGHT HEARTS TEN,0.3342,0.028,0.6378
SPADES SIX CLUBS JACK,0.3682,0.0208,0.611
CLUBS TEN SPADES SIX,0.353,0.028,0.619
SPADES TEN CLUBS JACK,0.312,0.013,0.675
SPADES JACK CLUBS JACK,0.1612,0.0294,0.8094
SPADES QUEEN CLUBS SEVEN,0.36,0.0118,0.6282
SPADES KING CLUBS SEVEN,0.3658,0.0068,0.6274
SPADES ACE CLUBS SEVEN,0.3682,0.003,0.6288
SPADES SIX HEARTS TEN,0.3486,0.0236,0.6278
SPADES SIX HEARTS JACK,0.3726,0.0158,0.6116
SPADES SIX HEARTS ACE,0.3658,0.0048,0.6294
SPADES SIX HEARTS KING,0.376,0.0086,0.6154
SPADES SIX HEARTS QUEEN,0.361,0.013,0.626
CLUBS SEVEN SPADES JACK,0.3724,0.017,0.6106
CLUBS SEVEN SPADES TEN,0.3494,0.0276,0.623
CLUBS TEN HEARTS SIX,0.37,0.0294,0.6006
HEARTS SIX CLUBS JACK,0.3808,0.0152,0.604
CLUBS ACE CLUBS JACK,0.3098,0.004,0.6862
HEARTS SIX CLUBS QUEEN,0.3686,0.0096,0.6218
HEARTS SIX CLUBS KING,0.363,0.0068,0.6302
HEARTS SIX CLUBS ACE,0.3708,0.0036,0.6256
CLUBS QUEEN CLUBS JACK,0.301,0.0088,0.6902
CLUBS KING CLUBS JACK,0.3124,0.0042,0.6834
DIAMONDS THREE HEARTS ACE,0.3806,0.0032,0.6162
DIAMONDS THREE HEARTS QUEEN,0.4034,0.013,0.5836
DIAMONDS THREE HEARTS KING,0.3976,0.0084,0.594
CLUBS FIVE HEARTS JACK,0.256,0.0544,0.6896
SPADES TEN DIAMONDS ACE,0.3166,0.0044,0.679
HEARTS FOUR SPADES TEN,0.3834,0.031,0.5856
CLUBS FIVE HEARTS TEN,0.2582,0.0716,0.6702
HEARTS FOUR SPADES JACK,0.3906,0.0156,0.5938
SPADES JACK DIAMONDS ACE,0.3384,0.0052,0.6564
SPADES ACE HEARTS FOUR,0.3932,0.0036,0.6032
SPADES ACE DIAMONDS ACE,0.133,0.0052,0.8618
CLUBS FIVE HEARTS ACE,0.242,0.023,0.735
CLUBS FIVE HEARTS KING,0.2514,0.0392,0.7094
HEARTS FOUR SPADES QUEEN,0.3924,0.0108,0.5968
SPADES QUEEN DIAMONDS ACE,0.3368,0.0054,0.6578
SPADES FOUR CLUBS JACK,0.4034,0.0174,0.5792
CLUBS FIVE HEARTS QUEEN,0.2564,0.0452,0.6984
SPADES KING DIAMONDS ACE,0.3376,0.005,0.6574
SPADES KING HEARTS FOUR,0.4002,0.0078,0.592
CLUBS TEN SPADES FOUR,0.3924,0.0274,0.5802
DIAMONDS ACE DIAMONDS QUEEN,0.3214,0.0042,0.6744
DIAMONDS ACE HEARTS TWO,0.3804,0.007,0.6126
HEARTS FOUR DIAMONDS QUEEN,0.3946,0.009,0.5964
HEARTS FOUR HEARTS TWO,0.5776,0.0452,0.3772
DIAMONDS THREE HEARTS TEN,0.3978,0.0282,0.574
SPADES FOUR CLUBS KING,0.403,0.0068,0.5902
HEARTS FIVE DIAMONDS QUEEN,0.2488,0.0488,0.7024
HEARTS FIVE HEARTS TWO,0.591,0.1092,0.2998
DIAMONDS THREE HEARTS JACK,0.3978,0.021,0.5812
SPADES FOUR CLUBS QUEEN,0.4098,0.0102,0.58
HEARTS TWO DIAMONDS QUEEN,0.396,0.0116,0.5924
DIAMONDS KING DIAMONDS QUEEN,0.3178,0.0072,0.675
DIAMONDS KING HEARTS TWO,0.408,0.0066,0.5854
HEARTS THREE DIAMONDS QUEEN,0.3954,0.0122,0.5924
HEARTS THREE HEARTS TWO,0.5798,0.0412,0.379
SPADES FOUR CLUBS ACE,0.393,0.0068,0.6002
HEARTS TWO CLUBS ACE,0.3882,0.0052,0.6066
DIAMONDS QUEEN CLUBS ACE,0.3228,0.0042,0.673
HEARTS TWO CLUBS QUEEN,0.4072,0.0142,0.5786
DIAMONDS QUEEN CLUBS QUEEN,0.1484,0.0242,0.8274
HEARTS TWO CLUBS KING,0.4116,0.0078,0.5806
DIAMONDS QUEEN CLUBS KING,0.3396,0.0064,0.654
CLUBS TEN HEARTS TWO,0.4064,0.0258,0.5678
CLUBS TEN DIAMONDS QUEEN,0.3188,0.0118,0.6694
HEARTS TWO CLUBS JACK,0.416,0.018,0.566
DIAMONDS QUEEN CLUBS JACK,0.3234,0.0106,0.666
DIAMONDS FIVE CLUBS QUEEN,0.2566,0.0452,0.6982
SPADES EIGHT CLUBS ACE,0.3482,0.0048,0.647
DIAMONDS FIVE CLUBS KING,0.248,0.037,0.715
SPADES EIGHT CLUBS KING,0.3772,0.0082,0.6146
CLUBS ACE DIAMONDS FIVE,0.2546,0.0236,0.7218
SPADES EIGHT CLUBS QUEEN,0.3604,0.0112,0.6284
SPADES EIGHT CLUBS JACK,0.3526,0.015,0.6324
CLUBS TEN SPADES EIGHT,0.3298,0.0246,0.6456
CLUBS TEN DIAMONDS FIVE,0.2578,0.0802,0.662
DIAMONDS FIVE CLUBS JACK,0.2488,0.0596,0.6916
DIAMONDS TEN HEARTS JACK,0.3096,0.0158,0.6746
DIAMONDS TEN HEARTS TEN,0.158,0.0368,0.8052
SPADES ACE CLUBS NINE,0.2416,0.0246,0.7338
CLUBS NINE SPADES QUEEN,0.2432,0.0422,0.7146
CLUBS NINE SPADES KING,0.2436,0.0382,0.7182
HEARTS SIX HEARTS KING,0.3438,0.0056,0.6506
DIAMONDS KING SPADES SEVEN,0.3656,0.0072,0.6272
HEARTS THREE SPADES SEVEN,0.6014,0.0398,0.3588
SPADES KING DIAMONDS SEVEN,0.368,0.0094,0.6226
HEARTS SIX HEARTS QUEEN,0.3382,0.0094,0.6524
SPADES QUEEN DIAMONDS SEVEN,0.3702,0.013,0.6168
HEARTS THREE SPADES SIX,0.5896,0.0474,0.363
DIAMONDS KING SPADES SIX,0.3702,0.0088,0.621
SPADES NINE DIAMONDS KING,0.2302,0.038,0.7318
SPADES NINE HEARTS THREE,0.3318,0.4512,0.217
HEARTS SIX HEARTS ACE,0.3378,0.0046,0.6576
DIAMONDS KING SPADES EIGHT,0.3692,0.0072,0.6236
SPADES EIGHT HEARTS THREE,0.608,0.046,0.346
SPADES ACE DIAMONDS SEVEN,0.374,0.0056,0.6204
CLUBS NINE HEARTS THREE,0.3216,0.455,0.2234
CLUBS NINE DIAMONDS KING,0.2356,0.0384,0.726
CLUBS EIGHT HEARTS THREE,0.6112,0.046,0.3428
CLUBS EIGHT DIAMONDS KING,0.366,0.0064,0.6276
HEARTS THREE SPADES THREE,0.397,0.0822,0.5208
DIAMONDS KING SPADES THREE,0.3966,0.0082,0.5952
HEARTS THREE SPADES TWO,0.6194,0.0438,0.3368
DIAMONDS KING SPADES TWO,0.406,0.0082,0.5858
HEARTS THREE SPADES FOUR,0.6014,0.0448,0.3538
DIAMONDS KING SPADES FOUR,0.3986,0.009,0.5924
DIAMONDS KING CLUBS TWO,0.3982,0.0074,0.5944
HEARTS THREE CLUBS TWO,0.611,0.046,0.343
DIAMONDS KING CLUBS THREE,0.3956,0.007,0.5974
CLUBS THREE HEARTS THREE,0.395,0.0774,0.5276
DIAMONDS KING CLUBS FOUR,0.4042,0.0076,0.5882
HEARTS THREE CLUBS FOUR,0.6132,0.0442,0.3426
