opposingHand,winningChance,drawChance,lostChance
SPADES QUEEN HEARTS SEVEN
SPADES TEN HEARTS FIVE,0.6476,0.014,0.3384
SPADES JACK HEARTS FIVE,0.6436,0.0096,0.3468
SPADES FIVE CLUBS JACK,0.621,0.0102,0.3688
CLUBS TEN SPADES FIVE,0.6304,0.0148,0.3548
CLUBS EIGHT CLUBS JACK,0.5414,0.0092,0.4494
CLUBS TEN CLUBS EIGHT,0.5412,0.0084,0.4504
CLUBS EIGHT CLUBS KING,0.3526,0.0076,0.6398
SPADES FIVE CLUBS ACE,0.394,0.003,0.603
CLUBS EIGHT CLUBS QUEEN,0.211,0.2116,0.5774
SPADES FIVE CLUBS KING,0.3988,0.0064,0.5948
SPADES FIVE CLUBS QUEEN,0.4642,0.3024,0.2334
CLUBS EIGHT CLUBS ACE,0.3328,0.0038,0.6634
DIAMONDS TWO DIAMONDS THREE,0.6052,0.0104,0.3844
DIAMONDS TWO DIAMONDS FIVE,0.5876,0.0142,0.3982
SPADES KING HEARTS FIVE,0.387,0.007,0.606
DIAMONDS TWO DIAMONDS FOUR,0.5988,0.0138,0.3874
DIAMONDS TWO DIAMONDS SEVEN,0.6768,0.0464,0.2768
DIAMONDS TWO DIAMONDS SIX,0.6232,0.012,0.3648
SPADES ACE HEARTS FIVE,0.3876,0.0072,0.6052
DIAMONDS TWO DIAMONDS NINE,0.5944,0.0112,0.3944
DIAMONDS TWO DIAMONDS EIGHT,0.593,0.0084,0.3986
DIAMONDS THREE DIAMONDS FOUR,0.5898,0.0124,0.3978
SPADES FOUR CLUBS TWO,0.639,0.0132,0.3478
DIAMONDS THREE DIAMONDS FIVE,0.581,0.0116,0.4074
SPADES FIVE CLUBS TWO,0.6496,0.0138,0.3366
CLUBS TWO SPADES TWO,0.4318,0.0244,0.5438
CLUBS TWO SPADES THREE,0.6482,0.0122,0.3396
DIAMONDS THREE DIAMONDS EIGHT,0.5942,0.01,0.3958
SPADES EIGHT CLUBS TWO,0.651,0.012,0.337
DIAMONDS THREE DIAMONDS NINE,0.5812,0.0122,0.4066
SPADES NINE CLUBS TWO,0.6344,0.0124,0.3532
DIAMONDS THREE DIAMONDS SIX,0.6084,0.0118,0.3798
SPADES SIX CLUBS TWO,0.651,0.013,0.336
DIAMONDS THREE DIAMONDS SEVEN,0.6686,0.0496,0.2818
SPADES SEVEN CLUBS TWO,0.7248,0.0512,0.224
CLUBS SIX CLUBS TWO,0.6186,0.0102,0.3712
CLUBS SEVEN CLUBS TWO,0.6754,0.0528,0.2718
CLUBS FOUR CLUBS TWO,0.5946,0.0134,0.392
CLUBS FIVE CLUBS TWO,0.5968,0.0108,0.3924
CLUBS TEN CLUBS JACK,0.4996,0.0102,0.4902
DIAMONDS FOUR DIAMONDS SIX,0.5824,0.0136,0.404
CLUBS TEN CLUBS QUEEN,0.2082,0.1204,0.6714
DIAMONDS FOUR DIAMONDS SEVEN,0.6444,0.0512,0.3044
CLUBS TEN CLUBS KING,0.319,0.0056,0.6754
CLUBS TEN CLUBS ACE,0.3194,0.0028,0.6778
CLUBS EIGHT CLUBS TWO,0.5916,0.012,0.3964
DIAMONDS FIVE DIAMONDS FOUR,0.5772,0.0124,0.4104
CLUBS NINE CLUBS TWO,0.5934,0.0122,0.3944
DIAMONDS NINE DIAMONDS FOUR,0.5884,0.0104,0.4012
DIAMONDS EIGHT DIAMONDS FOUR,0.5624,0.0104,0.4272
CLUBS THREE CLUBS TWO,0.5998,0.0124,0.3878
DIAMONDS NINE DIAMONDS FIVE,0.5778,0.0098,0.4124
DIAMONDS TWO CLUBS JACK,0.6186,0.0104,0.371
DIAMONDS EIGHT DIAMONDS FIVE,0.5706,0.0116,0.4178
CLUBS TEN DIAMONDS TWO,0.6232,0.0122,0.3646
DIAMONDS FIVE DIAMONDS SEVEN,0.639,0.0402,0.3208
DIAMONDS FIVE DIAMONDS SIX,0.578,0.0144,0.4076
DIAMONDS TWO CLUBS ACE,0.387,0.0034,0.6096
DIAMONDS TWO CLUBS KING,0.4094,0.006,0.5846
DIAMONDS TWO CLUBS QUEEN,0.4746,0.293,0.2324
DIAMONDS EIGHT DIAMONDS SIX,0.5566,0.0104,0.433
DIAMONDS NINE DIAMONDS SIX,0.5726,0.0104,0.417
HEARTS ACE SPADES THREE,0.386,0.0034,0.6106
SPADES THREE HEARTS KING,0.3906,0.0064,0.603
DIAMONDS SEVEN DIAMONDS SIX,0.6274,0.0432,0.3294
SPADES THREE HEARTS QUEEN,0.4706,0.306,0.2234
SPADES THREE HEARTS JACK,0.6362,0.0136,0.3502
SPADES THREE HEARTS TEN,0.6218,0.0138,0.3644
DIAMONDS EIGHT DIAMONDS SEVEN,0.6282,0.0434,0.3284
DIAMONDS NINE DIAMONDS SEVEN,0.6282,0.0434,0.3284
DIAMONDS NINE DIAMONDS EIGHT,0.5304,0.013,0.4566
DIAMONDS KING HEARTS TEN,0.3318,0.0062,0.662
HEARTS THREE HEARTS TEN,0.5922,0.0138,0.394
SPADES JACK CLUBS SIX,0.6392,0.0112,0.3496
DIAMONDS KING HEARTS JACK,0.3434,0.004,0.6526
HEARTS THREE HEARTS JACK,0.6012,0.0094,0.3894
SPADES TEN CLUBS SIX,0.6278,0.01,0.3622
SPADES JACK SPADES FIVE,0.597,0.0118,0.3912
SPADES TEN SPADES FIVE,0.5894,0.0108,0.3998
DIAMONDS KING HEARTS ACE,0.3164,0.0026,0.681
HEARTS THREE HEARTS ACE,0.382,0.0048,0.6132
SPADES ACE CLUBS SIX,0.385,0.0052,0.6098
DIAMONDS KING HEARTS QUEEN,0.2236,0.0274,0.749
HEARTS THREE HEARTS QUEEN,0.4544,0.2792,0.2664
SPADES KING CLUBS SIX,0.3806,0.0064,0.613
DIAMONDS KING HEARTS KING,0.1238,0.0034,0.8728
HEARTS THREE HEARTS KING,0.381,0.0124,0.6066
SPADES NINE HEARTS TEN,0.552,0.0106,0.4374
SPADES NINE HEARTS JACK,0.5636,0.0138,0.4226
SPADES KING SPADES FIVE,0.379,0.0096,0.6114
SPADES ACE SPADES FIVE,0.3648,0.0048,0.6304
SPADES NINE HEARTS QUEEN,0.217,0.1628,0.6202
SPADES NINE HEARTS KING,0.3492,0.0068,0.644
SPADES NINE HEARTS ACE,0.358,0.0034,0.6386
CLUBS TEN SPADES JACK,0.5462,0.0104,0.4434
CLUBS TEN SPADES TEN,0.2868,0.015,0.6982
SPADES ACE CLUBS TEN,0.3336,0.004,0.6624
SPADES KING CLUBS TEN,0.3338,0.0062,0.66
SPADES FIVE HEARTS QUEEN,0.4714,0.305,0.2236
SPADES FIVE HEARTS KING,0.4032,0.0074,0.5894
SPADES FIVE HEARTS ACE,0.3844,0.0048,0.6108
HEARTS THREE SPADES JACK,0.6382,0.0128,0.349
SPADES JACK DIAMONDS KING,0.3326,0.0062,0.6612
SPADES TEN CLUBS EIGHT,0.571,0.0096,0.4194
SPADES JACK CLUBS EIGHT,0.5808,0.0094,0.4098
HEARTS THREE SPADES TEN,0.6446,0.012,0.3434
SPADES TEN DIAMONDS KING,0.3398,0.0062,0.654
CLUBS SIX HEARTS ACE,0.3858,0.0032,0.611
SPADES ACE CLUBS EIGHT,0.3584,0.0038,0.6378
HEARTS FIVE CLUBS JACK,0.6256,0.011,0.3634
CLUBS TEN HEARTS FIVE,0.641,0.0124,0.3466
CLUBS SIX HEARTS QUEEN,0.4576,0.3098,0.2326
CLUBS TEN SPADES THREE,0.633,0.0102,0.3568
CLUBS SIX HEARTS KING,0.3786,0.0058,0.6156
SPADES KING CLUBS EIGHT,0.3682,0.0058,0.626
SPADES THREE CLUBS JACK,0.6278,0.0094,0.3628
DIAMONDS TWO HEARTS JACK,0.6212,0.0146,0.3642
SPADES THREE CLUBS QUEEN,0.4666,0.3062,0.2272
DIAMONDS TWO HEARTS TEN,0.6342,0.0134,0.3524
SPADES THREE CLUBS KING,0.3934,0.0086,0.598
HEARTS FIVE CLUBS ACE,0.3972,0.0034,0.5994
SPADES FIVE HEARTS TEN,0.6278,0.0128,0.3594
SPADES THREE CLUBS ACE,0.3988,0.004,0.5972
HEARTS FIVE CLUBS KING,0.397,0.0086,0.5944
SPADES FIVE HEARTS JACK,0.628,0.0112,0.3608
HEARTS FIVE CLUBS QUEEN,0.4778,0.2948,0.2274
HEARTS THREE CLUBS KING,0.3936,0.0066,0.5998
DIAMONDS KING CLUBS KING,0.1308,0.0054,0.8638
HEARTS THREE CLUBS QUEEN,0.4708,0.2998,0.2294
DIAMONDS KING CLUBS QUEEN,0.231,0.0264,0.7426
HEARTS FIVE HEARTS JACK,0.5906,0.0118,0.3976
HEARTS FIVE HEARTS TEN,0.5908,0.0126,0.3966
HEARTS THREE CLUBS ACE,0.4076,0.0056,0.5868
DIAMONDS KING CLUBS ACE,0.3342,0.004,0.6618
SPADES ACE CLUBS QUEEN,0.2234,0.0124,0.7642
SPADES KING CLUBS QUEEN,0.231,0.0254,0.7436
HEARTS THREE CLUBS JACK,0.6224,0.0122,0.3654
DIAMONDS KING CLUBS JACK,0.3452,0.007,0.6478
CLUBS TEN HEARTS THREE,0.6304,0.0148,0.3548
CLUBS TEN DIAMONDS KING,0.3424,0.0036,0.654
SPADES JACK CLUBS QUEEN,0.239,0.0916,0.6694
CLUBS SIX CLUBS QUEEN,0.4378,0.2886,0.2736
SPADES TEN CLUBS QUEEN,0.236,0.1206,0.6434
CLUBS SIX CLUBS KING,0.3672,0.0072,0.6256
CLUBS SIX CLUBS ACE,0.3688,0.0026,0.6286
HEARTS FIVE HEARTS KING,0.3708,0.007,0.6222
HEARTS FIVE HEARTS QUEEN,0.4478,0.2932,0.259
CLUBS TEN CLUBS SIX,0.5708,0.0108,0.4184
HEARTS FIVE HEARTS ACE,0.3698,0.0046,0.6256
CLUBS SIX CLUBS JACK,0.5988,0.0106,0.3906
SPADES SEVEN HEARTS JACK,0.7074,0.0446,0.248
SPADES SEVEN HEARTS TEN,0.6946,0.042,0.2634
DIAMONDS TWO CLUBS TWO,0.4342,0.0256,0.5402
DIAMONDS TWO CLUBS THREE,0.646,0.013,0.341
HEARTS SIX DIAMONDS TWO,0.6582,0.0138,0.328
DIAMONDS TWO HEARTS QUEEN,0.4738,0.2966,0.2296
DIAMONDS TWO HEARTS KING,0.3982,0.0088,0.593
DIAMONDS TWO HEARTS EIGHT,0.6292,0.0118,0.359
DIAMONDS TWO HEARTS ACE,0.3946,0.0044,0.601
DIAMONDS TWO HEARTS NINE,0.6254,0.011,0.3636
DIAMONDS TWO DIAMONDS QUEEN,0.4354,0.2826,0.282
DIAMONDS TWO HEARTS TWO,0.4418,0.0262,0.532
DIAMONDS TWO DIAMONDS KING,0.37,0.009,0.621
HEARTS THREE DIAMONDS TWO,0.6508,0.0124,0.3368
DIAMONDS TWO DIAMONDS ACE,0.38,0.004,0.616
HEARTS FOUR DIAMONDS TWO,0.6428,0.0144,0.3428
DIAMONDS TWO HEARTS FIVE,0.636,0.012,0.352
SPADES SEVEN HEARTS ACE,0.2244,0.0268,0.7488
DIAMONDS TWO DIAMONDS TEN,0.5678,0.0112,0.421
SPADES SEVEN HEARTS KING,0.2356,0.0386,0.7258
DIAMONDS TWO DIAMONDS JACK,0.5886,0.0102,0.4012
SPADES SEVEN HEARTS QUEEN,0.0084,0.984,0.0076
DIAMONDS TWO SPADES NINE,0.6328,0.0118,0.3554
DIAMONDS TWO SPADES EIGHT,0.6392,0.0118,0.349
DIAMONDS TWO SPADES SEVEN,0.7348,0.0498,0.2154
DIAMONDS TWO SPADES SIX,0.6608,0.014,0.3252
DIAMONDS TWO SPADES FIVE,0.6358,0.0154,0.3488
DIAMONDS TWO SPADES FOUR,0.6388,0.0136,0.3476
DIAMONDS TWO SPADES THREE,0.6528,0.0106,0.3366
DIAMONDS TWO SPADES TWO,0.449,0.0236,0.5274
CLUBS NINE DIAMONDS TWO,0.6318,0.0114,0.3568
DIAMONDS TWO CLUBS EIGHT,0.6386,0.0114,0.35
CLUBS SEVEN DIAMONDS TWO,0.712,0.0538,0.2342
DIAMONDS TWO CLUBS SIX,0.641,0.0122,0.3468
DIAMONDS TWO CLUBS FIVE,0.6408,0.0126,0.3466
DIAMONDS TWO CLUBS FOUR,0.6292,0.012,0.3588
CLUBS FOUR SPADES FIVE,0.6126,0.0096,0.3778
CLUBS FOUR SPADES FOUR,0.4286,0.0264,0.545
CLUBS FOUR SPADES THREE,0.6302,0.0146,0.3552
CLUBS FOUR SPADES TWO,0.6402,0.0128,0.347
SPADES NINE CLUBS FOUR,0.6338,0.0106,0.3556
SPADES EIGHT CLUBS FOUR,0.625,0.0118,0.3632
SPADES SEVEN CLUBS FOUR,0.696,0.044,0.26
SPADES SIX CLUBS FOUR,0.624,0.0106,0.3654
SPADES ACE DIAMONDS SIX,0.391,0.0036,0.6054
SPADES KING DIAMONDS SIX,0.3902,0.0048,0.605
SPADES TEN DIAMONDS SIX,0.6256,0.0118,0.3626
SPADES JACK DIAMONDS SIX,0.6402,0.0132,0.3466
SPADES KING SPADES TWO,0.3912,0.009,0.5998
SPADES ACE SPADES TWO,0.3716,0.0072,0.6212
DIAMONDS JACK CLUBS JACK,0.2796,0.0074,0.713
CLUBS TEN DIAMONDS JACK,0.5476,0.0072,0.4452
DIAMONDS JACK CLUBS KING,0.3482,0.0052,0.6466
DIAMONDS JACK CLUBS QUEEN,0.2408,0.0862,0.673
DIAMONDS THREE DIAMONDS JACK,0.5902,0.01,0.3998
DIAMONDS THREE DIAMONDS TEN,0.5872,0.012,0.4008
DIAMONDS JACK CLUBS ACE,0.3516,0.0036,0.6448
DIAMONDS THREE DIAMONDS KING,0.3786,0.0072,0.6142
HEARTS THREE DIAMONDS THREE,0.451,0.0238,0.5252
DIAMONDS THREE DIAMONDS QUEEN,0.4404,0.2846,0.275
DIAMONDS THREE HEARTS TWO,0.6402,0.0142,0.3456
HEARTS FIVE DIAMONDS THREE,0.629,0.0144,0.3566
DIAMONDS THREE DIAMONDS ACE,0.3686,0.0036,0.6278
HEARTS FOUR DIAMONDS THREE,0.6238,0.0146,0.3616
SPADES TEN SPADES NINE,0.5374,0.0094,0.4532
HEARTS SIX DIAMONDS THREE,0.6428,0.0136,0.3436
SPADES JACK SPADES NINE,0.54,0.011,0.449
DIAMONDS THREE HEARTS NINE,0.6252,0.0118,0.363
HEARTS JACK DIAMONDS FOUR,0.6204,0.0084,0.3712
HEARTS ACE HEARTS KING,0.319,0.0066,0.6744
SPADES TEN SPADES TWO,0.6002,0.014,0.3858
DIAMONDS THREE HEARTS EIGHT,0.6388,0.011,0.3502
HEARTS TEN DIAMONDS FOUR,0.628,0.0104,0.3616
SPADES JACK SPADES TWO,0.6108,0.0118,0.3774
HEARTS QUEEN DIAMONDS FOUR,0.4582,0.3056,0.2362
HEARTS KING DIAMONDS FOUR,0.402,0.009,0.589
SPADES ACE SPADES NINE,0.3444,0.0056,0.65
HEARTS ACE DIAMONDS FOUR,0.3802,0.003,0.6168
SPADES KING SPADES NINE,0.3382,0.0058,0.656
DIAMONDS THREE SPADES NINE,0.6202,0.0116,0.3682
DIAMONDS THREE SPADES EIGHT,0.6398,0.013,0.3472
DIAMONDS THREE SPADES SEVEN,0.7114,0.0494,0.2392
DIAMONDS THREE SPADES SIX,0.6468,0.0148,0.3384
DIAMONDS THREE CLUBS SIX,0.6394,0.012,0.3486
CLUBS FIVE CLUBS SIX,0.573,0.0094,0.4176
CLUBS ACE DIAMONDS FOUR,0.3788,0.0042,0.617
CLUBS SEVEN DIAMONDS THREE,0.6974,0.048,0.2546
CLUBS SEVEN CLUBS FIVE,0.6406,0.0426,0.3168
DIAMONDS THREE CLUBS FOUR,0.6264,0.0116,0.362
DIAMONDS FOUR CLUBS QUEEN,0.4694,0.3082,0.2224
DIAMONDS THREE CLUBS FIVE,0.618,0.0112,0.3708
CLUBS KING DIAMONDS FOUR,0.3834,0.0092,0.6074
DIAMONDS THREE CLUBS TWO,0.6432,0.0126,0.3442
CLUBS TEN DIAMONDS FOUR,0.622,0.0112,0.3668
DIAMONDS THREE CLUBS THREE,0.4428,0.0278,0.5294
DIAMONDS FOUR CLUBS JACK,0.6256,0.0104,0.364
DIAMONDS THREE SPADES FOUR,0.632,0.0116,0.3564
DIAMONDS THREE SPADES FIVE,0.6112,0.016,0.3728
DIAMONDS THREE SPADES TWO,0.6466,0.0116,0.3418
DIAMONDS THREE SPADES THREE,0.4304,0.0338,0.5358
CLUBS EIGHT DIAMONDS THREE,0.6334,0.0122,0.3544
CLUBS NINE DIAMONDS THREE,0.6204,0.0098,0.3698
SPADES SEVEN CLUBS ACE,0.232,0.0276,0.7404
SPADES SEVEN CLUBS QUEEN,0.0146,0.9746,0.0108
SPADES SEVEN CLUBS KING,0.2376,0.0342,0.7282
CLUBS FIVE SPADES SEVEN,0.6776,0.047,0.2754
CLUBS TEN SPADES SEVEN,0.6834,0.04,0.2766
CLUBS FIVE SPADES SIX,0.6214,0.0134,0.3652
SPADES SEVEN CLUBS JACK,0.7108,0.0426,0.2466
SPADES NINE CLUBS FIVE,0.612,0.0104,0.3776
CLUBS FIVE SPADES EIGHT,0.6066,0.0124,0.381
CLUBS FIVE SPADES THREE,0.6252,0.013,0.3618
CLUBS FIVE SPADES TWO,0.6358,0.0128,0.3514
CLUBS FIVE SPADES FIVE,0.4294,0.0272,0.5434
CLUBS FIVE SPADES FOUR,0.6082,0.0122,0.3796
CLUBS NINE CLUBS FIVE,0.5708,0.0116,0.4176
CLUBS EIGHT CLUBS FIVE,0.5684,0.0106,0.421
CLUBS ACE CLUBS QUEEN,0.2128,0.0152,0.772
CLUBS KING CLUBS QUEEN,0.225,0.0286,0.7464
DIAMONDS TEN DIAMONDS FOUR,0.5812,0.0104,0.4084
CLUBS TEN DIAMONDS NINE,0.5414,0.0098,0.4488
DIAMONDS JACK DIAMONDS FOUR,0.5844,0.0096,0.406
DIAMONDS NINE CLUBS JACK,0.5658,0.0112,0.423
SPADES NINE CLUBS JACK,0.5558,0.0116,0.4326
CLUBS TEN SPADES NINE,0.5422,0.0074,0.4504
DIAMONDS ACE DIAMONDS FOUR,0.3672,0.0036,0.6292
HEARTS FOUR DIAMONDS FOUR,0.4434,0.0216,0.535
DIAMONDS JACK HEARTS TEN,0.5418,0.01,0.4482
SPADES NINE CLUBS KING,0.3564,0.004,0.6396
DIAMONDS TWO SPADES TEN,0.6348,0.0104,0.3548
DIAMONDS NINE CLUBS ACE,0.3644,0.0022,0.6334
HEARTS FIVE DIAMONDS FOUR,0.6056,0.0118,0.3826
DIAMONDS JACK HEARTS JACK,0.2938,0.0098,0.6964
SPADES NINE CLUBS QUEEN,0.2288,0.1742,0.597
SPADES JACK DIAMONDS TWO,0.6366,0.0126,0.3508
DIAMONDS QUEEN DIAMONDS FOUR,0.453,0.2824,0.2646
HEARTS TWO DIAMONDS FOUR,0.6462,0.0104,0.3434
DIAMONDS NINE CLUBS QUEEN,0.2258,0.1596,0.6146
DIAMONDS KING DIAMONDS FOUR,0.37,0.006,0.624
HEARTS THREE DIAMONDS FOUR,0.6242,0.0104,0.3654
SPADES NINE CLUBS ACE,0.368,0.004,0.628
DIAMONDS NINE CLUBS KING,0.3604,0.0058,0.6338
HEARTS ACE DIAMONDS JACK,0.3476,0.004,0.6484
SPADES ACE DIAMONDS TWO,0.391,0.005,0.604
HEARTS QUEEN DIAMONDS JACK,0.2168,0.0882,0.695
DIAMONDS JACK HEARTS KING,0.341,0.0034,0.6556
SPADES KING DIAMONDS TWO,0.4088,0.0072,0.584
SPADES JACK SPADES SEVEN,0.677,0.0442,0.2788
SPADES TEN SPADES SEVEN,0.6638,0.0392,0.297
CLUBS SEVEN CLUBS THREE,0.652,0.051,0.297
CLUBS SIX CLUBS THREE,0.593,0.0118,0.3952
CLUBS FIVE CLUBS THREE,0.583,0.0106,0.4064
CLUBS THREE CLUBS FOUR,0.582,0.0146,0.4034
CLUBS NINE CLUBS THREE,0.58,0.0116,0.4084
CLUBS EIGHT CLUBS THREE,0.5932,0.0122,0.3946
CLUBS THREE SPADES FIVE,0.6332,0.0106,0.3562
CLUBS THREE SPADES FOUR,0.6206,0.0154,0.364
CLUBS THREE SPADES THREE,0.4442,0.0298,0.526
CLUBS THREE SPADES TWO,0.6432,0.0156,0.3412
CLUBS THREE SPADES SIX,0.6338,0.0148,0.3514
SPADES SEVEN CLUBS THREE,0.6984,0.0492,0.2524
SPADES EIGHT CLUBS THREE,0.6254,0.0108,0.3638
SPADES NINE CLUBS THREE,0.629,0.0124,0.3586
SPADES TWO DIAMONDS FOUR,0.6398,0.0098,0.3504
SPADES THREE DIAMONDS FOUR,0.633,0.013,0.354
SPADES FOUR DIAMONDS FOUR,0.4334,0.0316,0.535
SPADES FIVE DIAMONDS FOUR,0.6086,0.0138,0.3776
SPADES SIX DIAMONDS FOUR,0.6272,0.0122,0.3606
SPADES SEVEN DIAMONDS FOUR,0.7046,0.049,0.2464
SPADES EIGHT DIAMONDS FOUR,0.611,0.0148,0.3742
SPADES NINE DIAMONDS FOUR,0.6202,0.0144,0.3654
CLUBS FIVE DIAMONDS FOUR,0.6082,0.0118,0.38
CLUBS FOUR DIAMONDS FOUR,0.4278,0.03,0.5422
CLUBS SEVEN DIAMONDS FOUR,0.6804,0.048,0.2716
CLUBS SIX DIAMONDS FOUR,0.6298,0.013,0.3572
CLUBS NINE DIAMONDS FOUR,0.6426,0.0088,0.3486
CLUBS EIGHT DIAMONDS FOUR,0.6274,0.0082,0.3644
HEARTS SIX DIAMONDS FOUR,0.6368,0.0142,0.349
DIAMONDS FOUR HEARTS NINE,0.6224,0.0134,0.3642
DIAMONDS FOUR HEARTS EIGHT,0.6034,0.0104,0.3862
CLUBS THREE DIAMONDS FOUR,0.6156,0.0108,0.3736
CLUBS TWO DIAMONDS FOUR,0.6334,0.011,0.3556
DIAMONDS TEN DIAMONDS FIVE,0.587,0.009,0.404
DIAMONDS JACK DIAMONDS FIVE,0.5942,0.0108,0.395
DIAMONDS NINE HEARTS QUEEN,0.2312,0.1684,0.6004
DIAMONDS NINE HEARTS KING,0.3518,0.0088,0.6394
HEARTS ACE DIAMONDS NINE,0.3582,0.0046,0.6372
DIAMONDS NINE HEARTS TEN,0.559,0.009,0.432
DIAMONDS NINE HEARTS JACK,0.5568,0.009,0.4342
CLUBS KING DIAMONDS SIX,0.394,0.0038,0.6022
CLUBS QUEEN DIAMONDS SIX,0.4722,0.3032,0.2246
CLUBS ACE DIAMONDS SIX,0.4032,0.0034,0.5934
SPADES KING DIAMONDS FOUR,0.3908,0.0076,0.6016
SPADES ACE SPADES SEVEN,0.2316,0.0234,0.745
CLUBS JACK DIAMONDS SIX,0.6276,0.0108,0.3616
SPADES KING SPADES SEVEN,0.2194,0.0376,0.743
SPADES ACE DIAMONDS FOUR,0.381,0.0044,0.6146
CLUBS TEN DIAMONDS SIX,0.6176,0.0104,0.372
CLUBS NINE CLUBS FOUR,0.5886,0.0098,0.4016
CLUBS EIGHT CLUBS FOUR,0.5726,0.0106,0.4168
SPADES JACK DIAMONDS FOUR,0.6312,0.0124,0.3564
SPADES TEN DIAMONDS FOUR,0.6308,0.0106,0.3586
CLUBS FIVE CLUBS FOUR,0.5758,0.0114,0.4128
CLUBS SEVEN CLUBS FOUR,0.6516,0.0484,0.3
CLUBS SIX CLUBS FOUR,0.5814,0.0138,0.4048
CLUBS SEVEN SPADES EIGHT,0.6682,0.0396,0.2922
CLUBS SEVEN SPADES NINE,0.6762,0.0446,0.2792
CLUBS SEVEN SPADES SIX,0.6668,0.0472,0.286
CLUBS SEVEN SPADES SEVEN,0.2862,0.033,0.6808
CLUBS SEVEN SPADES FIVE,0.69,0.044,0.266
CLUBS SEVEN SPADES FOUR,0.6992,0.0498,0.251
CLUBS SEVEN SPADES THREE,0.724,0.048,0.228
CLUBS SEVEN SPADES TWO,0.7324,0.0426,0.225
CLUBS NINE CLUBS SEVEN,0.637,0.0354,0.3276
CLUBS SEVEN CLUBS EIGHT,0.6242,0.0416,0.3342
HEARTS SIX DIAMONDS FIVE,0.626,0.0128,0.3612
DIAMONDS FIVE HEARTS EIGHT,0.5998,0.0144,0.3858
DIAMONDS FIVE HEARTS NINE,0.618,0.011,0.371
DIAMONDS QUEEN DIAMONDS FIVE,0.433,0.295,0.272
HEARTS TWO DIAMONDS FIVE,0.6372,0.014,0.3488
HEARTS KING HEARTS EIGHT,0.3408,0.0068,0.6524
DIAMONDS KING DIAMONDS FIVE,0.3598,0.0062,0.634
HEARTS THREE DIAMONDS FIVE,0.6306,0.013,0.3564
HEARTS QUEEN HEARTS EIGHT,0.2134,0.212,0.5746
DIAMONDS ACE DIAMONDS FIVE,0.3742,0.0036,0.6222
HEARTS FOUR DIAMONDS FIVE,0.6022,0.015,0.3828
HEARTS FIVE DIAMONDS FIVE,0.442,0.0236,0.5344
HEARTS ACE HEARTS EIGHT,0.3396,0.0038,0.6566
CLUBS FOUR DIAMONDS FIVE,0.606,0.0116,0.3824
CLUBS FIVE DIAMONDS FIVE,0.4182,0.0262,0.5556
CLUBS SIX DIAMONDS FIVE,0.609,0.0134,0.3776
CLUBS SEVEN DIAMONDS FIVE,0.6754,0.0424,0.2822
CLUBS TWO DIAMONDS FIVE,0.6328,0.0146,0.3526
CLUBS THREE DIAMONDS FIVE,0.6338,0.0098,0.3564
SPADES THREE DIAMONDS FIVE,0.6304,0.0116,0.358
SPADES TWO DIAMONDS FIVE,0.6382,0.0102,0.3516
SPADES JACK DIAMONDS EIGHT,0.5816,0.0132,0.4052
SPADES FIVE DIAMONDS FIVE,0.4354,0.0242,0.5404
CLUBS TEN HEARTS JACK,0.5392,0.0116,0.4492
SPADES TEN DIAMONDS EIGHT,0.57,0.012,0.418
SPADES FOUR DIAMONDS FIVE,0.6182,0.0118,0.37
HEARTS JACK CLUBS JACK,0.2792,0.0114,0.7094
HEARTS JACK CLUBS QUEEN,0.2408,0.0856,0.6736
CLUBS NINE DIAMONDS FIVE,0.6314,0.011,0.3576
CLUBS KING HEARTS JACK,0.3386,0.0064,0.655
CLUBS EIGHT DIAMONDS FIVE,0.5938,0.014,0.3922
CLUBS ACE HEARTS JACK,0.3522,0.0038,0.644
SPADES SEVEN DIAMONDS FIVE,0.683,0.0478,0.2692
SPADES KING DIAMONDS EIGHT,0.3604,0.007,0.6326
SPADES SIX DIAMONDS FIVE,0.6036,0.013,0.3834
SPADES NINE DIAMONDS FIVE,0.6124,0.0146,0.373
SPADES EIGHT DIAMONDS FIVE,0.6102,0.0126,0.3772
SPADES ACE DIAMONDS EIGHT,0.3496,0.0028,0.6476
DIAMONDS TEN DIAMONDS SIX,0.5696,0.0096,0.4208
HEARTS ACE DIAMONDS SEVEN,0.2228,0.0266,0.7506
DIAMONDS JACK DIAMONDS SIX,0.5806,0.0116,0.4078
HEARTS QUEEN DIAMONDS SEVEN,0.0084,0.9728,0.0188
HEARTS KING DIAMONDS SEVEN,0.243,0.0394,0.7176
DIAMONDS ACE DIAMONDS SIX,0.3794,0.0032,0.6174
HEARTS FOUR DIAMONDS SIX,0.6328,0.0134,0.3538
SPADES TWO HEARTS JACK,0.6324,0.01,0.3576
HEARTS FIVE DIAMONDS SIX,0.6176,0.0136,0.3688
SPADES TWO HEARTS TEN,0.6322,0.014,0.3538
DIAMONDS QUEEN DIAMONDS SIX,0.4342,0.2914,0.2744
HEARTS TWO DIAMONDS SIX,0.6704,0.0118,0.3178
DIAMONDS KING DIAMONDS SIX,0.3712,0.0054,0.6234
HEARTS THREE DIAMONDS SIX,0.6658,0.0102,0.324
HEARTS EIGHT DIAMONDS SIX,0.5934,0.0118,0.3948
HEARTS NINE DIAMONDS SIX,0.5996,0.0098,0.3906
HEARTS SIX DIAMONDS SIX,0.4388,0.0236,0.5376
HEARTS TEN DIAMONDS SEVEN,0.6992,0.0412,0.2596
CLUBS TWO DIAMONDS SIX,0.656,0.011,0.333
HEARTS JACK DIAMONDS SEVEN,0.7022,0.0444,0.2534
CLUBS THREE DIAMONDS SIX,0.643,0.0112,0.3458
CLUBS SEVEN DIAMONDS SIX,0.6668,0.044,0.2892
DIAMONDS EIGHT CLUBS JACK,0.5804,0.0092,0.4104
CLUBS SIX DIAMONDS SIX,0.42,0.0226,0.5574
CLUBS TEN DIAMONDS EIGHT,0.5732,0.0078,0.419
CLUBS FIVE DIAMONDS SIX,0.62,0.0136,0.3664
CLUBS FOUR DIAMONDS SIX,0.617,0.0094,0.3736
HEARTS ACE HEARTS JACK,0.3442,0.0058,0.65
DIAMONDS EIGHT CLUBS ACE,0.3464,0.0028,0.6508
HEARTS QUEEN HEARTS JACK,0.2156,0.091,0.6934
DIAMONDS EIGHT CLUBS KING,0.3578,0.008,0.6342
CLUBS NINE DIAMONDS SIX,0.6126,0.0116,0.3758
HEARTS KING HEARTS JACK,0.335,0.0056,0.6594
DIAMONDS EIGHT CLUBS QUEEN,0.2266,0.2284,0.545
CLUBS EIGHT DIAMONDS SIX,0.6122,0.009,0.3788
SPADES TEN HEARTS KING,0.335,0.0076,0.6574
SPADES FIVE DIAMONDS SIX,0.6188,0.0114,0.3698
HEARTS ACE SPADES TWO,0.3866,0.006,0.6074
SPADES JACK HEARTS KING,0.3298,0.0082,0.662
SPADES FOUR DIAMONDS SIX,0.6258,0.0106,0.3636
SPADES THREE DIAMONDS SIX,0.6428,0.014,0.3432
HEARTS QUEEN SPADES TWO,0.4664,0.3156,0.218
SPADES ACE SPADES KING,0.3152,0.0036,0.6812
SPADES TWO HEARTS KING,0.4032,0.0088,0.588
SPADES TWO DIAMONDS SIX,0.664,0.0128,0.3232
HEARTS TEN HEARTS EIGHT,0.5368,0.0098,0.4534
SPADES NINE DIAMONDS SIX,0.6112,0.0124,0.3764
HEARTS JACK HEARTS EIGHT,0.5374,0.012,0.4506
SPADES EIGHT DIAMONDS SIX,0.5922,0.011,0.3968
SPADES SEVEN DIAMONDS SIX,0.6782,0.0446,0.2772
SPADES SIX DIAMONDS SIX,0.4198,0.0258,0.5544
SPADES KING HEARTS KING,0.1222,0.0042,0.8736
CLUBS ACE CLUBS KING,0.3018,0.003,0.6952
SPADES ACE HEARTS KING,0.3038,0.0046,0.6916
SPADES ACE HEARTS JACK,0.3454,0.0038,0.6508
SPADES KING HEARTS JACK,0.3212,0.007,0.6718
SPADES TEN DIAMONDS TEN,0.2898,0.0134,0.6968
SPADES JACK DIAMONDS TEN,0.53,0.0106,0.4594
SPADES ACE DIAMONDS TEN,0.3454,0.003,0.6516
SPADES JACK HEARTS JACK,0.2862,0.0094,0.7044
SPADES TEN HEARTS JACK,0.5458,0.0132,0.441
SPADES KING DIAMONDS TEN,0.3356,0.0074,0.657
SPADES NINE DIAMONDS SEVEN,0.681,0.037,0.282
SPADES EIGHT DIAMONDS SEVEN,0.6704,0.0382,0.2914
SPADES SEVEN DIAMONDS SEVEN,0.296,0.0338,0.6702
SPADES SIX DIAMONDS SEVEN,0.6742,0.0434,0.2824
DIAMONDS KING DIAMONDS SEVEN,0.221,0.0338,0.7452
HEARTS THREE DIAMONDS SEVEN,0.7074,0.048,0.2446
HEARTS KING DIAMONDS FIVE,0.395,0.008,0.597
DIAMONDS QUEEN DIAMONDS SEVEN,0.0222,0.9036,0.0742
HEARTS TWO DIAMONDS SEVEN,0.7224,0.0516,0.226
HEARTS QUEEN DIAMONDS FIVE,0.4414,0.3208,0.2378
HEARTS FIVE DIAMONDS SEVEN,0.6764,0.052,0.2716
DIAMONDS ACE DIAMONDS SEVEN,0.218,0.0268,0.7552
HEARTS FOUR DIAMONDS SEVEN,0.7046,0.0496,0.2458
HEARTS ACE DIAMONDS FIVE,0.3814,0.0048,0.6138
HEARTS SIX DIAMONDS SEVEN,0.6766,0.042,0.2814
DIAMONDS SEVEN HEARTS NINE,0.6752,0.0422,0.2826
HEARTS EIGHT DIAMONDS SEVEN,0.6582,0.0396,0.3022
DIAMONDS JACK DIAMONDS SEVEN,0.6542,0.0402,0.3056
DIAMONDS FIVE HEARTS JACK,0.6178,0.0114,0.3708
DIAMONDS TEN DIAMONDS SEVEN,0.6588,0.0382,0.303
HEARTS TEN DIAMONDS FIVE,0.6272,0.0104,0.3624
SPADES KING CLUBS TWO,0.3912,0.0082,0.6006
HEARTS KING CLUBS KING,0.1336,0.0046,0.8618
CLUBS EIGHT DIAMONDS SEVEN,0.684,0.0382,0.2778
HEARTS KING CLUBS QUEEN,0.2236,0.0266,0.7498
CLUBS NINE DIAMONDS SEVEN,0.683,0.0402,0.2768
SPADES TWO CLUBS JACK,0.6246,0.0124,0.363
SPADES ACE CLUBS TWO,0.3916,0.0048,0.6036
CLUBS TEN SPADES TWO,0.6388,0.0126,0.3486
HEARTS KING CLUBS ACE,0.3226,0.0028,0.6746
CLUBS SEVEN CLUBS SIX,0.6206,0.0442,0.3352
SPADES TWO CLUBS KING,0.4152,0.007,0.5778
SPADES TWO DIAMONDS SEVEN,0.731,0.0486,0.2204
CLUBS EIGHT CLUBS SIX,0.5594,0.0106,0.43
SPADES THREE DIAMONDS SEVEN,0.7216,0.0446,0.2338
SPADES TWO CLUBS QUEEN,0.468,0.3144,0.2176
CLUBS NINE CLUBS SIX,0.5668,0.0106,0.4226
SPADES FOUR DIAMONDS SEVEN,0.6988,0.0532,0.248
HEARTS KING CLUBS JACK,0.3304,0.0062,0.6634
SPADES FIVE DIAMONDS SEVEN,0.6904,0.0426,0.267
SPADES TWO CLUBS ACE,0.4052,0.0062,0.5886
CLUBS TEN HEARTS KING,0.3378,0.006,0.6562
CLUBS SIX SPADES TWO,0.6568,0.0118,0.3314
CLUBS SIX SPADES THREE,0.6542,0.014,0.3318
CLUBS TWO DIAMONDS SEVEN,0.7336,0.0434,0.223
CLUBS SIX SPADES FOUR,0.6232,0.0112,0.3656
CLUBS THREE DIAMONDS SEVEN,0.7128,0.0438,0.2434
CLUBS SIX SPADES FIVE,0.5948,0.015,0.3902
CLUBS FOUR DIAMONDS SEVEN,0.692,0.042,0.266
CLUBS SIX SPADES SIX,0.4166,0.0236,0.5598
CLUBS FIVE DIAMONDS SEVEN,0.6826,0.0436,0.2738
CLUBS SIX SPADES SEVEN,0.6722,0.0516,0.2762
CLUBS SIX DIAMONDS SEVEN,0.6718,0.0406,0.2876
SPADES EIGHT CLUBS SIX,0.6148,0.0132,0.372
SPADES JACK CLUBS TWO,0.6394,0.011,0.3496
CLUBS SEVEN DIAMONDS SEVEN,0.2882,0.0314,0.6804
SPADES NINE CLUBS SIX,0.6114,0.01,0.3786
SPADES TEN CLUBS TWO,0.639,0.011,0.35
CLUBS TWO CLUBS QUEEN,0.447,0.2886,0.2644
CLUBS TWO CLUBS KING,0.3704,0.0078,0.6218
CLUBS THREE DIAMONDS EIGHT,0.6276,0.0128,0.3596
CLUBS TWO CLUBS ACE,0.3702,0.0042,0.6256
CLUBS TWO DIAMONDS EIGHT,0.6396,0.011,0.3494
HEARTS SIX DIAMONDS EIGHT,0.613,0.0116,0.3754
DIAMONDS EIGHT HEARTS NINE,0.5534,0.011,0.4356
CLUBS TEN CLUBS TWO,0.5792,0.0104,0.4104
DIAMONDS EIGHT HEARTS EIGHT,0.3042,0.0226,0.6732
CLUBS TWO CLUBS JACK,0.5832,0.0108,0.406
CLUBS NINE DIAMONDS EIGHT,0.5542,0.0088,0.437
CLUBS EIGHT DIAMONDS EIGHT,0.3044,0.022,0.6736
CLUBS FIVE DIAMONDS EIGHT,0.6122,0.009,0.3788
SPADES ACE SPADES THREE,0.3712,0.0046,0.6242
CLUBS FOUR DIAMONDS EIGHT,0.6132,0.0098,0.377
CLUBS SEVEN DIAMONDS EIGHT,0.6652,0.0402,0.2946
CLUBS SIX DIAMONDS EIGHT,0.597,0.0126,0.3904
SPADES KING SPADES THREE,0.3856,0.0084,0.606
DIAMONDS QUEEN DIAMONDS EIGHT,0.2214,0.2142,0.5644
HEARTS TWO DIAMONDS EIGHT,0.6418,0.0116,0.3466
DIAMONDS KING DIAMONDS EIGHT,0.342,0.0044,0.6536
HEARTS THREE DIAMONDS EIGHT,0.6408,0.009,0.3502
DIAMONDS ACE DIAMONDS EIGHT,0.34,0.0038,0.6562
HEARTS FOUR DIAMONDS EIGHT,0.6036,0.009,0.3874
HEARTS FIVE DIAMONDS EIGHT,0.6104,0.0122,0.3774
DIAMONDS EIGHT DIAMONDS TEN,0.5286,0.0114,0.46
DIAMONDS EIGHT DIAMONDS JACK,0.5466,0.0088,0.4446
SPADES JACK SPADES THREE,0.6016,0.0114,0.387
SPADES TEN SPADES THREE,0.6066,0.0102,0.3832
CLUBS FOUR HEARTS ACE,0.3864,0.004,0.6096
CLUBS FOUR HEARTS QUEEN,0.4666,0.3044,0.229
CLUBS FOUR HEARTS KING,0.3846,0.0072,0.6082
CLUBS SIX HEARTS TEN,0.6194,0.0134,0.3672
CLUBS SIX HEARTS JACK,0.627,0.0124,0.3606
SPADES FOUR DIAMONDS EIGHT,0.6282,0.0106,0.3612
SPADES FIVE DIAMONDS EIGHT,0.6206,0.0128,0.3666
DIAMONDS EIGHT SPADES TWO,0.6374,0.011,0.3516
DIAMONDS EIGHT SPADES THREE,0.6414,0.01,0.3486
CLUBS FOUR HEARTS JACK,0.6206,0.0106,0.3688
SPADES EIGHT DIAMONDS EIGHT,0.3076,0.0196,0.6728
SPADES JACK HEARTS EIGHT,0.566,0.0088,0.4252
SPADES TEN HEARTS TWO,0.6296,0.0108,0.3596
SPADES TEN DIAMONDS QUEEN,0.2272,0.1226,0.6502
CLUBS FOUR HEARTS TEN,0.612,0.012,0.376
SPADES NINE DIAMONDS EIGHT,0.5648,0.009,0.4262
SPADES JACK HEARTS TWO,0.641,0.011,0.348
SPADES JACK DIAMONDS QUEEN,0.23,0.095,0.675
SPADES TEN HEARTS EIGHT,0.5726,0.0112,0.4162
SPADES SIX DIAMONDS EIGHT,0.6084,0.014,0.3776
SPADES SEVEN DIAMONDS EIGHT,0.6688,0.0396,0.2916
SPADES ACE HEARTS TWO,0.3882,0.0048,0.607
SPADES ACE DIAMONDS QUEEN,0.2318,0.0144,0.7538
SPADES ACE HEARTS EIGHT,0.3614,0.0042,0.6344
SPADES KING HEARTS EIGHT,0.3402,0.0062,0.6536
SPADES KING DIAMONDS QUEEN,0.2324,0.0236,0.744
SPADES KING HEARTS TWO,0.4096,0.0102,0.5802
CLUBS TWO HEARTS TEN,0.6208,0.0106,0.3686
CLUBS TWO HEARTS JACK,0.6326,0.01,0.3574
SPADES SEVEN DIAMONDS NINE,0.6766,0.0416,0.2818
SPADES SIX DIAMONDS NINE,0.6118,0.0126,0.3756
SPADES NINE DIAMONDS NINE,0.297,0.0204,0.6826
SPADES EIGHT DIAMONDS NINE,0.5512,0.011,0.4378
SPADES TEN CLUBS KING,0.3408,0.0062,0.653
DIAMONDS NINE SPADES THREE,0.6168,0.0138,0.3694
SPADES JACK CLUBS KING,0.3384,0.0074,0.6542
DIAMONDS NINE SPADES TWO,0.6348,0.0126,0.3526
SPADES FIVE DIAMONDS NINE,0.6152,0.01,0.3748
DIAMONDS NINE SPADES FOUR,0.6216,0.0122,0.3662
CLUBS NINE DIAMONDS NINE,0.3108,0.0158,0.6734
CLUBS EIGHT DIAMONDS NINE,0.5674,0.0108,0.4218
CLUBS SIX DIAMONDS NINE,0.6078,0.0104,0.3818
SPADES JACK CLUBS FOUR,0.6338,0.0118,0.3544
CLUBS SEVEN DIAMONDS NINE,0.6818,0.0436,0.2746
SPADES TEN CLUBS FOUR,0.6368,0.011,0.3522
CLUBS FOUR DIAMONDS NINE,0.6382,0.01,0.3518
CLUBS FIVE DIAMONDS NINE,0.618,0.0104,0.3716
DIAMONDS NINE CLUBS TWO,0.634,0.011,0.355
CLUBS THREE DIAMONDS NINE,0.6392,0.0096,0.3512
DIAMONDS NINE HEARTS EIGHT,0.557,0.0104,0.4326
DIAMONDS NINE HEARTS NINE,0.293,0.016,0.691
HEARTS SIX DIAMONDS NINE,0.619,0.01,0.371
CLUBS NINE CLUBS EIGHT,0.5098,0.0122,0.478
DIAMONDS ACE DIAMONDS NINE,0.3396,0.0046,0.6558
HEARTS FOUR DIAMONDS NINE,0.6332,0.0108,0.356
HEARTS FIVE DIAMONDS NINE,0.616,0.0128,0.3712
HEARTS ACE CLUBS TWO,0.402,0.0048,0.5932
SPADES ACE CLUBS FOUR,0.384,0.0048,0.6112
DIAMONDS QUEEN DIAMONDS NINE,0.216,0.1616,0.6224
HEARTS TWO DIAMONDS NINE,0.6228,0.0126,0.3646
CLUBS TWO HEARTS KING,0.401,0.0084,0.5906
SPADES KING CLUBS FOUR,0.399,0.008,0.593
DIAMONDS KING DIAMONDS NINE,0.3416,0.006,0.6524
HEARTS THREE DIAMONDS NINE,0.6412,0.0106,0.3482
CLUBS TWO HEARTS QUEEN,0.461,0.3138,0.2252
DIAMONDS NINE DIAMONDS JACK,0.52,0.0102,0.4698
CLUBS EIGHT SPADES NINE,0.5686,0.012,0.4194
DIAMONDS NINE DIAMONDS TEN,0.5086,0.0106,0.4808
CLUBS EIGHT SPADES EIGHT,0.3112,0.0236,0.6652
CLUBS EIGHT SPADES SEVEN,0.6644,0.0418,0.2938
CLUBS EIGHT SPADES SIX,0.6114,0.01,0.3786
CLUBS EIGHT SPADES FIVE,0.6122,0.0118,0.376
CLUBS EIGHT SPADES FOUR,0.618,0.0108,0.3712
CLUBS EIGHT SPADES THREE,0.6342,0.0124,0.3534
CLUBS EIGHT SPADES TWO,0.6416,0.0102,0.3482
HEARTS SIX DIAMONDS TEN,0.63,0.01,0.36
DIAMONDS TEN HEARTS EIGHT,0.5706,0.0114,0.418
CLUBS FOUR CLUBS JACK,0.5838,0.0102,0.406
DIAMONDS TEN HEARTS NINE,0.5578,0.0084,0.4338
CLUBS TEN CLUBS FOUR,0.579,0.011,0.41
CLUBS FOUR CLUBS KING,0.3736,0.0044,0.622
CLUBS FOUR CLUBS QUEEN,0.4378,0.288,0.2742
CLUBS TWO DIAMONDS TEN,0.6256,0.0118,0.3626
CLUBS THREE DIAMONDS TEN,0.6238,0.01,0.3662
CLUBS FOUR CLUBS ACE,0.3694,0.0024,0.6282
DIAMONDS JACK DIAMONDS TEN,0.5066,0.0094,0.484
DIAMONDS QUEEN DIAMONDS TEN,0.2108,0.1142,0.675
HEARTS TWO DIAMONDS TEN,0.641,0.0104,0.3486
DIAMONDS KING DIAMONDS TEN,0.3272,0.0046,0.6682
HEARTS THREE DIAMONDS TEN,0.625,0.0142,0.3608
DIAMONDS ACE DIAMONDS TEN,0.3208,0.0036,0.6756
HEARTS FOUR DIAMONDS TEN,0.633,0.01,0.357
CLUBS EIGHT HEARTS JACK,0.5764,0.0088,0.4148
HEARTS FIVE DIAMONDS TEN,0.6282,0.0114,0.3604
CLUBS EIGHT HEARTS TEN,0.5642,0.0098,0.426
CLUBS EIGHT HEARTS QUEEN,0.2228,0.2244,0.5528
CLUBS EIGHT HEARTS KING,0.367,0.0052,0.6278
CLUBS EIGHT HEARTS ACE,0.3484,0.0052,0.6464
CLUBS NINE SPADES THREE,0.6284,0.0122,0.3594
CLUBS NINE SPADES TWO,0.6448,0.0108,0.3444
CLUBS NINE SPADES FIVE,0.6366,0.0126,0.3508
CLUBS NINE SPADES FOUR,0.6356,0.0116,0.3528
CLUBS NINE SPADES SEVEN,0.6812,0.0462,0.2726
CLUBS NINE SPADES SIX,0.6234,0.0088,0.3678
CLUBS NINE SPADES NINE,0.3098,0.0172,0.673
CLUBS TEN HEARTS EIGHT,0.5734,0.0116,0.415
CLUBS NINE SPADES EIGHT,0.5688,0.0102,0.421
HEARTS EIGHT CLUBS JACK,0.58,0.0106,0.4094
CLUBS QUEEN HEARTS EIGHT,0.2066,0.217,0.5764
CLUBS KING HEARTS EIGHT,0.355,0.0062,0.6388
CLUBS ACE HEARTS EIGHT,0.3474,0.004,0.6486
SPADES KING CLUBS KING,0.1316,0.003,0.8654
SPADES ACE CLUBS KING,0.3188,0.0036,0.6776
DIAMONDS ACE HEARTS TEN,0.3448,0.0048,0.6504
HEARTS FOUR HEARTS TEN,0.5976,0.0094,0.393
DIAMONDS ACE HEARTS JACK,0.3398,0.0026,0.6576
HEARTS FOUR HEARTS JACK,0.6004,0.014,0.3856
SPADES KING CLUBS FIVE,0.3906,0.0084,0.601
SPADES ACE CLUBS FIVE,0.3822,0.004,0.6138
HEARTS SIX DIAMONDS JACK,0.6324,0.0098,0.3578
DIAMONDS JACK HEARTS NINE,0.5576,0.0076,0.4348
DIAMONDS JACK HEARTS EIGHT,0.5662,0.0124,0.4214
DIAMONDS KING DIAMONDS JACK,0.314,0.0066,0.6794
HEARTS THREE DIAMONDS JACK,0.631,0.0104,0.3586
SPADES ACE SPADES SIX,0.3674,0.004,0.6286
HEARTS ACE SPADES FOUR,0.3954,0.0044,0.6002
DIAMONDS QUEEN DIAMONDS JACK,0.2172,0.0886,0.6942
HEARTS TWO DIAMONDS JACK,0.6236,0.0082,0.3682
HEARTS FIVE DIAMONDS JACK,0.6166,0.0114,0.372
SPADES FOUR HEARTS QUEEN,0.4662,0.3078,0.226
DIAMONDS ACE DIAMONDS JACK,0.329,0.0048,0.6662
HEARTS FOUR DIAMONDS JACK,0.6302,0.0132,0.3566
SPADES KING SPADES SIX,0.374,0.007,0.619
SPADES FOUR HEARTS KING,0.3918,0.0064,0.6018
SPADES TEN SPADES SIX,0.5926,0.0104,0.397
SPADES JACK SPADES SIX,0.5954,0.0116,0.393
SPADES FOUR DIAMONDS JACK,0.6368,0.0096,0.3536
SPADES FIVE DIAMONDS JACK,0.6244,0.0078,0.3678
DIAMONDS JACK SPADES TWO,0.6244,0.0104,0.3652
SPADES THREE DIAMONDS JACK,0.6418,0.0104,0.3478
SPADES ACE DIAMONDS THREE,0.3886,0.004,0.6074
CLUBS EIGHT DIAMONDS JACK,0.58,0.0078,0.4122
SPADES KING DIAMONDS THREE,0.385,0.0076,0.6074
CLUBS NINE DIAMONDS JACK,0.5626,0.0086,0.4288
CLUBS SIX DIAMONDS JACK,0.6192,0.0102,0.3706
CLUBS SEVEN DIAMONDS JACK,0.7058,0.0412,0.253
CLUBS FOUR DIAMONDS JACK,0.6232,0.0112,0.3656
CLUBS FIVE DIAMONDS JACK,0.6206,0.0118,0.3676
CLUBS TWO DIAMONDS JACK,0.6244,0.013,0.3626
CLUBS THREE DIAMONDS JACK,0.6174,0.0148,0.3678
SPADES JACK HEARTS SIX,0.6462,0.0102,0.3436
SPADES TEN CLUBS FIVE,0.633,0.0108,0.3562
SPADES JACK CLUBS FIVE,0.6254,0.0124,0.3622
HEARTS SIX SPADES TEN,0.6374,0.0104,0.3522
SPADES JACK DIAMONDS THREE,0.625,0.012,0.363
CLUBS SEVEN CLUBS ACE,0.2208,0.0244,0.7548
SPADES TEN DIAMONDS THREE,0.6278,0.0112,0.361
CLUBS SEVEN CLUBS QUEEN,0.025,0.9036,0.0714
CLUBS SEVEN CLUBS KING,0.217,0.0362,0.7468
SPADES NINE DIAMONDS JACK,0.559,0.0106,0.4304
CLUBS TEN CLUBS SEVEN,0.658,0.0406,0.3014
DIAMONDS ACE HEARTS ACE,0.1228,0.0032,0.874
HEARTS FOUR HEARTS ACE,0.3776,0.0052,0.6172
SPADES EIGHT DIAMONDS JACK,0.6008,0.009,0.3902
SPADES ACE HEARTS SIX,0.3984,0.003,0.5986
CLUBS SEVEN CLUBS JACK,0.667,0.0406,0.2924
DIAMONDS ACE HEARTS KING,0.3266,0.0044,0.669
HEARTS FOUR HEARTS KING,0.382,0.0082,0.6098
SPADES SEVEN DIAMONDS JACK,0.7106,0.0464,0.243
SPADES KING HEARTS SIX,0.3868,0.0076,0.6056
DIAMONDS ACE HEARTS QUEEN,0.234,0.0112,0.7548
HEARTS FOUR HEARTS QUEEN,0.4476,0.2938,0.2586
SPADES SIX DIAMONDS JACK,0.6354,0.0104,0.3542
SPADES TWO DIAMONDS TEN,0.6376,0.0116,0.3508
SPADES THREE DIAMONDS TEN,0.6224,0.0112,0.3664
SPADES FOUR DIAMONDS TEN,0.6174,0.0128,0.3698
SPADES FIVE DIAMONDS TEN,0.6218,0.014,0.3642
SPADES SIX DIAMONDS TEN,0.6314,0.0106,0.358
SPADES SEVEN DIAMONDS TEN,0.6934,0.0442,0.2624
SPADES EIGHT DIAMONDS TEN,0.5812,0.0106,0.4082
SPADES NINE DIAMONDS TEN,0.5586,0.0118,0.4296
CLUBS FOUR DIAMONDS TEN,0.6302,0.0122,0.3576
CLUBS FIVE DIAMONDS TEN,0.638,0.0108,0.3512
CLUBS SIX DIAMONDS TEN,0.6142,0.0118,0.374
CLUBS SEVEN DIAMONDS TEN,0.6904,0.0414,0.2682
CLUBS EIGHT DIAMONDS TEN,0.5588,0.0112,0.43
CLUBS NINE DIAMONDS TEN,0.5576,0.0076,0.4348
DIAMONDS THREE CLUBS JACK,0.613,0.0134,0.3736
CLUBS TEN DIAMONDS THREE,0.6262,0.0118,0.362
DIAMONDS THREE CLUBS KING,0.3922,0.007,0.6008
DIAMONDS THREE CLUBS QUEEN,0.4642,0.309,0.2268
DIAMONDS THREE CLUBS ACE,0.3996,0.0036,0.5968
SPADES FOUR HEARTS JACK,0.6246,0.0112,0.3642
SPADES FOUR HEARTS TEN,0.624,0.0144,0.3616
SPADES FIVE SPADES TWO,0.613,0.0102,0.3768
SPADES FOUR SPADES TWO,0.611,0.0136,0.3754
SPADES THREE SPADES TWO,0.6228,0.0136,0.3636
SPADES NINE SPADES TWO,0.6028,0.0128,0.3844
SPADES EIGHT SPADES TWO,0.6048,0.0144,0.3808
SPADES SEVEN SPADES TWO,0.6942,0.0522,0.2536
SPADES SIX SPADES TWO,0.6202,0.0084,0.3714
DIAMONDS QUEEN CLUBS THREE,0.4646,0.3146,0.2208
CLUBS THREE HEARTS TWO,0.6326,0.015,0.3524
DIAMONDS QUEEN CLUBS TWO,0.4628,0.3044,0.2328
HEARTS TWO CLUBS TWO,0.44,0.0232,0.5368
HEARTS SIX DIAMONDS QUEEN,0.4684,0.3128,0.2188
HEARTS SIX HEARTS TWO,0.6244,0.0128,0.3628
DIAMONDS QUEEN HEARTS NINE,0.2212,0.1636,0.6152
HEARTS TWO HEARTS NINE,0.5986,0.0112,0.3902
DIAMONDS QUEEN HEARTS EIGHT,0.2142,0.223,0.5628
HEARTS TWO HEARTS EIGHT,0.617,0.013,0.37
CLUBS NINE HEARTS TWO,0.6336,0.0128,0.3536
CLUBS NINE DIAMONDS QUEEN,0.22,0.1524,0.6276
CLUBS EIGHT HEARTS TWO,0.634,0.0136,0.3524
CLUBS EIGHT DIAMONDS QUEEN,0.2308,0.2282,0.541
CLUBS FIVE DIAMONDS QUEEN,0.4626,0.3076,0.2298
CLUBS FIVE HEARTS TWO,0.649,0.013,0.338
SPADES EIGHT HEARTS ACE,0.3614,0.0034,0.6352
DIAMONDS QUEEN CLUBS FOUR,0.4724,0.301,0.2266
HEARTS TWO CLUBS FOUR,0.6346,0.0116,0.3538
CLUBS SEVEN DIAMONDS QUEEN,0.0228,0.9548,0.0224
CLUBS SEVEN HEARTS TWO,0.7198,0.0516,0.2286
SPADES EIGHT HEARTS QUEEN,0.2114,0.2318,0.5568
CLUBS SIX DIAMONDS QUEEN,0.4726,0.3116,0.2158
CLUBS SIX HEARTS TWO,0.6512,0.0124,0.3364
SPADES EIGHT HEARTS KING,0.3634,0.0078,0.6288
DIAMONDS QUEEN SPADES SIX,0.488,0.2942,0.2178
HEARTS TWO SPADES SIX,0.6668,0.0114,0.3218
HEARTS FOUR CLUBS QUEEN,0.474,0.2972,0.2288
DIAMONDS ACE CLUBS QUEEN,0.229,0.014,0.757
DIAMONDS QUEEN SPADES SEVEN,0.0166,0.9736,0.0098
SPADES SEVEN HEARTS TWO,0.7324,0.0498,0.2178
HEARTS FOUR CLUBS KING,0.3986,0.007,0.5944
DIAMONDS ACE CLUBS KING,0.32,0.0042,0.6758
SPADES EIGHT DIAMONDS QUEEN,0.2196,0.2264,0.554
SPADES EIGHT HEARTS TWO,0.64,0.0116,0.3484
HEARTS FOUR CLUBS ACE,0.393,0.006,0.601
DIAMONDS ACE CLUBS ACE,0.133,0.0018,0.8652
SPADES NINE DIAMONDS QUEEN,0.228,0.1652,0.6068
SPADES NINE HEARTS TWO,0.6372,0.0122,0.3506
HEARTS TWO SPADES TWO,0.4384,0.026,0.5356
DIAMONDS QUEEN SPADES TWO,0.4722,0.3066,0.2212
HEARTS TWO SPADES THREE,0.6468,0.0128,0.3404
DIAMONDS QUEEN SPADES THREE,0.4778,0.3014,0.2208
HEARTS TWO SPADES FOUR,0.6416,0.0152,0.3432
DIAMONDS QUEEN SPADES FOUR,0.4626,0.315,0.2224
HEARTS FOUR CLUBS TEN,0.6278,0.0134,0.3588
CLUBS TEN DIAMONDS ACE,0.345,0.0046,0.6504
HEARTS TWO SPADES FIVE,0.6482,0.0172,0.3346
DIAMONDS QUEEN SPADES FIVE,0.472,0.305,0.223
HEARTS FOUR CLUBS JACK,0.6426,0.0102,0.3472
DIAMONDS ACE CLUBS JACK,0.3606,0.0042,0.6352
CLUBS FIVE CLUBS KING,0.3756,0.0062,0.6182
CLUBS FIVE CLUBS QUEEN,0.4294,0.2896,0.281
CLUBS FIVE CLUBS ACE,0.3638,0.0036,0.6326
CLUBS FIVE CLUBS JACK,0.574,0.0114,0.4146
CLUBS TEN CLUBS FIVE,0.5836,0.0114,0.405
SPADES KING CLUBS JACK,0.3352,0.0058,0.659
SPADES ACE CLUBS JACK,0.344,0.0052,0.6508
SPADES SIX CLUBS KING,0.3806,0.0068,0.6126
SPADES SIX CLUBS QUEEN,0.4752,0.3122,0.2126
SPADES EIGHT HEARTS JACK,0.5764,0.0126,0.411
SPADES SIX CLUBS ACE,0.3998,0.0034,0.5968
SPADES EIGHT HEARTS TEN,0.572,0.0126,0.4154
SPADES SIX CLUBS JACK,0.633,0.0086,0.3584
CLUBS TEN SPADES SIX,0.6214,0.0128,0.3658
SPADES TEN CLUBS JACK,0.5528,0.0086,0.4386
SPADES JACK CLUBS JACK,0.2906,0.0116,0.6978
SPADES KING CLUBS SEVEN,0.2258,0.0384,0.7358
SPADES ACE CLUBS SEVEN,0.232,0.0234,0.7446
SPADES SIX HEARTS TEN,0.623,0.01,0.367
SPADES SIX HEARTS JACK,0.6236,0.0098,0.3666
SPADES SIX HEARTS ACE,0.3916,0.006,0.6024
SPADES SIX HEARTS KING,0.379,0.0072,0.6138
SPADES SIX HEARTS QUEEN,0.471,0.3092,0.2198
SPADES JACK CLUBS SEVEN,0.7138,0.045,0.2412
CLUBS SEVEN SPADES TEN,0.6948,0.0442,0.261
CLUBS TEN HEARTS SIX,0.6268,0.011,0.3622
HEARTS SIX CLUBS JACK,0.6374,0.0096,0.353
CLUBS ACE CLUBS JACK,0.3308,0.0038,0.6654
HEARTS SIX CLUBS QUEEN,0.4758,0.3106,0.2136
HEARTS SIX CLUBS KING,0.3876,0.008,0.6044
HEARTS SIX CLUBS ACE,0.3946,0.0042,0.6012
CLUBS QUEEN CLUBS JACK,0.2186,0.083,0.6984
CLUBS KING CLUBS JACK,0.3136,0.0064,0.68
DIAMONDS THREE HEARTS ACE,0.4024,0.003,0.5946
DIAMONDS THREE HEARTS QUEEN,0.478,0.3062,0.2158
DIAMONDS THREE HEARTS KING,0.3842,0.009,0.6068
CLUBS FIVE HEARTS JACK,0.608,0.0118,0.3802
HEARTS FOUR SPADES TEN,0.634,0.0128,0.3532
SPADES TEN DIAMONDS ACE,0.3542,0.0034,0.6424
CLUBS FIVE HEARTS TEN,0.6246,0.0112,0.3642
HEARTS FOUR SPADES JACK,0.638,0.0108,0.3512
SPADES JACK DIAMONDS ACE,0.359,0.0054,0.6356
SPADES ACE HEARTS FOUR,0.3888,0.0052,0.606
SPADES ACE DIAMONDS ACE,0.1232,0.0044,0.8724
CLUBS FIVE HEARTS ACE,0.3802,0.0064,0.6134
CLUBS FIVE HEARTS KING,0.3832,0.0064,0.6104
SPADES FOUR CLUBS JACK,0.6258,0.0096,0.3646
CLUBS FIVE HEARTS QUEEN,0.467,0.2946,0.2384
SPADES KING DIAMONDS ACE,0.319,0.0036,0.6774
HEARTS FOUR SPADES KING,0.384,0.0084,0.6076
CLUBS TEN SPADES FOUR,0.6374,0.0108,0.3518
DIAMONDS QUEEN DIAMONDS ACE,0.2142,0.0148,0.771
HEARTS TWO DIAMONDS ACE,0.411,0.0066,0.5824
HEARTS FOUR DIAMONDS QUEEN,0.475,0.308,0.217
HEARTS FOUR HEARTS TWO,0.6136,0.0098,0.3766
DIAMONDS THREE HEARTS TEN,0.6154,0.0122,0.3724
SPADES FOUR CLUBS KING,0.4156,0.0066,0.5778
HEARTS FIVE DIAMONDS QUEEN,0.4624,0.3002,0.2374
HEARTS FIVE HEARTS TWO,0.6008,0.0116,0.3876
DIAMONDS THREE HEARTS JACK,0.6108,0.0142,0.375
SPADES FOUR CLUBS QUEEN,0.4666,0.3028,0.2306
DIAMONDS QUEEN HEARTS TWO,0.4956,0.2996,0.2048
DIAMONDS KING DIAMONDS QUEEN,0.2178,0.0218,0.7604
DIAMONDS KING HEARTS TWO,0.4082,0.0088,0.583
HEARTS THREE DIAMONDS QUEEN,0.475,0.3006,0.2244
HEARTS THREE HEARTS TWO,0.6186,0.0144,0.367
SPADES FOUR CLUBS ACE,0.4066,0.0036,0.5898
HEARTS TWO CLUBS ACE,0.3984,0.0042,0.5974
DIAMONDS QUEEN CLUBS ACE,0.2374,0.0152,0.7474
HEARTS TWO CLUBS QUEEN,0.4876,0.2922,0.2202
DIAMONDS QUEEN CLUBS QUEEN,0.083,0.0218,0.8952
HEARTS TWO CLUBS KING,0.4136,0.0078,0.5786
DIAMONDS QUEEN CLUBS KING,0.2296,0.029,0.7414
SPADES EIGHT SPADES FIVE,0.5802,0.0114,0.4084
CLUBS TEN HEARTS TWO,0.6354,0.0122,0.3524
CLUBS TEN DIAMONDS QUEEN,0.23,0.1136,0.6564
SPADES NINE SPADES FIVE,0.5792,0.0106,0.4102
HEARTS TWO CLUBS JACK,0.638,0.0114,0.3506
DIAMONDS QUEEN CLUBS JACK,0.228,0.0904,0.6816
SPADES SIX SPADES FIVE,0.5836,0.0136,0.4028
SPADES SEVEN SPADES FIVE,0.6476,0.0434,0.309
DIAMONDS FIVE CLUBS QUEEN,0.4662,0.3072,0.2266
SPADES EIGHT CLUBS ACE,0.3676,0.0026,0.6298
DIAMONDS FIVE CLUBS KING,0.3962,0.0068,0.597
SPADES EIGHT CLUBS KING,0.3626,0.0064,0.631
