opposingHand,winningChance,drawChance,lostChance
SPADES QUEEN DIAMONDS SIX
HEARTS FIVE SPADES TEN,0.6284,0.0122,0.3594
HEARTS FIVE SPADES JACK,0.6402,0.0108,0.349
SPADES FIVE CLUBS JACK,0.6234,0.0138,0.3628
CLUBS TEN SPADES FIVE,0.6246,0.013,0.3624
CLUBS EIGHT CLUBS JACK,0.5344,0.0072,0.4584
CLUBS TEN CLUBS EIGHT,0.5276,0.0088,0.4636
CLUBS EIGHT CLUBS KING,0.347,0.0064,0.6466
SPADES FIVE CLUBS ACE,0.3928,0.0044,0.6028
CLUBS EIGHT CLUBS QUEEN,0.2154,0.2146,0.57
SPADES FIVE CLUBS KING,0.3944,0.008,0.5976
SPADES FIVE CLUBS QUEEN,0.3916,0.3884,0.22
CLUBS EIGHT CLUBS ACE,0.348,0.0028,0.6492
DIAMONDS TWO DIAMONDS THREE,0.617,0.0116,0.3714
DIAMONDS TWO DIAMONDS FIVE,0.6022,0.014,0.3838
HEARTS FIVE SPADES KING,0.3802,0.0072,0.6126
DIAMONDS TWO DIAMONDS FOUR,0.6142,0.0156,0.3702
DIAMONDS TWO DIAMONDS SEVEN,0.6092,0.0152,0.3756
SPADES ACE HEARTS FIVE,0.3754,0.0044,0.6202
DIAMONDS TWO DIAMONDS NINE,0.5966,0.0122,0.3912
DIAMONDS TWO DIAMONDS EIGHT,0.5912,0.008,0.4008
DIAMONDS THREE DIAMONDS FOUR,0.608,0.0122,0.3798
SPADES FOUR CLUBS TWO,0.6462,0.012,0.3418
DIAMONDS THREE DIAMONDS FIVE,0.597,0.0126,0.3904
SPADES FIVE CLUBS TWO,0.6446,0.0162,0.3392
CLUBS TWO SPADES TWO,0.4364,0.0294,0.5342
CLUBS TWO SPADES THREE,0.6354,0.0148,0.3498
DIAMONDS THREE DIAMONDS EIGHT,0.6136,0.009,0.3774
SPADES EIGHT CLUBS TWO,0.6326,0.012,0.3554
DIAMONDS THREE DIAMONDS NINE,0.5958,0.0116,0.3926
SPADES NINE CLUBS TWO,0.6318,0.0118,0.3564
SPADES SIX CLUBS TWO,0.7158,0.0514,0.2328
DIAMONDS THREE DIAMONDS SEVEN,0.591,0.0122,0.3968
SPADES SEVEN CLUBS TWO,0.6352,0.0124,0.3524
CLUBS SIX CLUBS TWO,0.661,0.0526,0.2864
CLUBS SEVEN CLUBS TWO,0.6022,0.011,0.3868
CLUBS FOUR CLUBS TWO,0.5958,0.012,0.3922
CLUBS FIVE CLUBS TWO,0.6012,0.0134,0.3854
CLUBS TEN CLUBS JACK,0.496,0.0092,0.4948
CLUBS TEN CLUBS QUEEN,0.2198,0.1104,0.6698
DIAMONDS FOUR DIAMONDS SEVEN,0.5914,0.0118,0.3968
CLUBS TEN CLUBS KING,0.323,0.004,0.673
CLUBS TEN CLUBS ACE,0.3218,0.004,0.6742
CLUBS EIGHT CLUBS TWO,0.5878,0.015,0.3972
DIAMONDS FIVE DIAMONDS FOUR,0.5858,0.0154,0.3988
CLUBS NINE CLUBS TWO,0.5866,0.0108,0.4026
DIAMONDS NINE DIAMONDS FOUR,0.591,0.013,0.396
DIAMONDS FOUR DIAMONDS EIGHT,0.5888,0.0108,0.4004
CLUBS THREE CLUBS TWO,0.6072,0.0114,0.3814
DIAMONDS NINE DIAMONDS FIVE,0.5828,0.0132,0.404
DIAMONDS TWO CLUBS JACK,0.6244,0.015,0.3606
DIAMONDS FIVE DIAMONDS EIGHT,0.5818,0.01,0.4082
CLUBS TEN DIAMONDS TWO,0.626,0.012,0.362
DIAMONDS FIVE DIAMONDS SEVEN,0.5688,0.0136,0.4176
DIAMONDS TWO CLUBS ACE,0.3926,0.0048,0.6026
DIAMONDS TWO CLUBS KING,0.4122,0.0092,0.5786
DIAMONDS TWO CLUBS QUEEN,0.3942,0.3832,0.2226
HEARTS ACE SPADES THREE,0.381,0.0052,0.6138
SPADES THREE HEARTS KING,0.4002,0.0074,0.5924
SPADES THREE HEARTS QUEEN,0.4002,0.3772,0.2226
SPADES THREE HEARTS JACK,0.6268,0.0108,0.3624
SPADES THREE HEARTS TEN,0.6332,0.0126,0.3542
DIAMONDS EIGHT DIAMONDS SEVEN,0.5346,0.0126,0.4528
DIAMONDS NINE DIAMONDS SEVEN,0.5504,0.0098,0.4398
DIAMONDS NINE DIAMONDS EIGHT,0.5462,0.0108,0.443
DIAMONDS KING HEARTS TEN,0.3484,0.0052,0.6464
HEARTS THREE HEARTS TEN,0.5886,0.0096,0.4018
SPADES JACK CLUBS SIX,0.7222,0.0428,0.235
DIAMONDS KING HEARTS JACK,0.3406,0.0056,0.6538
HEARTS THREE HEARTS JACK,0.5732,0.0088,0.418
SPADES TEN CLUBS SIX,0.7204,0.0478,0.2318
SPADES JACK SPADES FIVE,0.5906,0.01,0.3994
SPADES TEN SPADES FIVE,0.6072,0.0108,0.382
DIAMONDS KING HEARTS ACE,0.3266,0.0038,0.6696
HEARTS THREE HEARTS ACE,0.373,0.004,0.623
SPADES ACE CLUBS SIX,0.226,0.0306,0.7434
DIAMONDS KING HEARTS QUEEN,0.2168,0.0266,0.7566
HEARTS THREE HEARTS QUEEN,0.3788,0.3592,0.262
SPADES KING CLUBS SIX,0.2212,0.0398,0.739
DIAMONDS KING HEARTS KING,0.1352,0.0036,0.8612
HEARTS THREE HEARTS KING,0.3716,0.008,0.6204
SPADES NINE HEARTS TEN,0.5472,0.008,0.4448
SPADES NINE HEARTS JACK,0.5482,0.0084,0.4434
SPADES KING SPADES FIVE,0.3786,0.0074,0.614
SPADES ACE SPADES FIVE,0.3574,0.0066,0.636
SPADES NINE HEARTS QUEEN,0.2368,0.1626,0.6006
SPADES NINE HEARTS KING,0.3628,0.005,0.6322
SPADES NINE HEARTS ACE,0.3538,0.0028,0.6434
CLUBS TEN SPADES JACK,0.55,0.0088,0.4412
CLUBS TEN SPADES TEN,0.3034,0.0144,0.6822
SPADES ACE CLUBS TEN,0.342,0.0038,0.6542
SPADES KING CLUBS TEN,0.3398,0.0056,0.6546
SPADES FIVE HEARTS QUEEN,0.3956,0.377,0.2274
SPADES FIVE HEARTS KING,0.3914,0.0056,0.603
SPADES FIVE HEARTS ACE,0.3808,0.0046,0.6146
SPADES JACK HEARTS THREE,0.6164,0.013,0.3706
SPADES JACK DIAMONDS KING,0.3464,0.007,0.6466
SPADES TEN CLUBS EIGHT,0.5842,0.0108,0.405
SPADES JACK CLUBS EIGHT,0.572,0.01,0.418
SPADES TEN HEARTS THREE,0.6364,0.0118,0.3518
SPADES TEN DIAMONDS KING,0.3422,0.0086,0.6492
CLUBS SIX HEARTS ACE,0.2304,0.0272,0.7424
SPADES ACE CLUBS EIGHT,0.3552,0.003,0.6418
HEARTS FIVE CLUBS JACK,0.6146,0.0106,0.3748
HEARTS FIVE CLUBS TEN,0.6294,0.011,0.3596
CLUBS SIX HEARTS QUEEN,0.0182,0.9584,0.0234
CLUBS TEN SPADES THREE,0.637,0.0108,0.3522
CLUBS SIX HEARTS KING,0.2346,0.0416,0.7238
SPADES KING CLUBS EIGHT,0.3636,0.005,0.6314
SPADES THREE CLUBS JACK,0.6422,0.0082,0.3496
DIAMONDS TWO HEARTS JACK,0.6362,0.0082,0.3556
SPADES THREE CLUBS QUEEN,0.4004,0.3668,0.2328
DIAMONDS TWO HEARTS TEN,0.6232,0.0112,0.3656
SPADES THREE CLUBS KING,0.402,0.0082,0.5898
HEARTS FIVE CLUBS ACE,0.3758,0.0038,0.6204
SPADES FIVE HEARTS TEN,0.628,0.0134,0.3586
SPADES THREE CLUBS ACE,0.3962,0.0034,0.6004
HEARTS FIVE CLUBS KING,0.3832,0.0056,0.6112
SPADES FIVE HEARTS JACK,0.6298,0.0092,0.361
HEARTS FIVE CLUBS QUEEN,0.3912,0.3824,0.2264
HEARTS THREE CLUBS KING,0.4014,0.0066,0.592
DIAMONDS KING CLUBS KING,0.1388,0.0022,0.859
HEARTS THREE CLUBS QUEEN,0.3978,0.3752,0.227
DIAMONDS KING CLUBS QUEEN,0.2196,0.026,0.7544
HEARTS FIVE HEARTS JACK,0.5926,0.0098,0.3976
HEARTS FIVE HEARTS TEN,0.5776,0.0116,0.4108
HEARTS THREE CLUBS ACE,0.3796,0.0042,0.6162
DIAMONDS KING CLUBS ACE,0.3204,0.0028,0.6768
SPADES ACE CLUBS QUEEN,0.2248,0.0138,0.7614
SPADES KING CLUBS QUEEN,0.2256,0.026,0.7484
HEARTS THREE CLUBS JACK,0.6202,0.0102,0.3696
DIAMONDS KING CLUBS JACK,0.3372,0.0082,0.6546
CLUBS TEN HEARTS THREE,0.6308,0.0096,0.3596
CLUBS TEN DIAMONDS KING,0.3382,0.006,0.6558
SPADES JACK CLUBS QUEEN,0.2244,0.086,0.6896
CLUBS SIX CLUBS QUEEN,0.0216,0.91,0.0684
SPADES TEN CLUBS QUEEN,0.2372,0.1156,0.6472
CLUBS SIX CLUBS KING,0.2178,0.0356,0.7466
CLUBS SIX CLUBS ACE,0.2234,0.0274,0.7492
HEARTS FIVE HEARTS KING,0.3598,0.0072,0.633
HEARTS FIVE HEARTS QUEEN,0.371,0.3648,0.2642
CLUBS TEN CLUBS SIX,0.6612,0.04,0.2988
HEARTS FIVE HEARTS ACE,0.3496,0.003,0.6474
CLUBS SIX CLUBS JACK,0.6744,0.0442,0.2814
SPADES SEVEN HEARTS JACK,0.583,0.0104,0.4066
SPADES SEVEN HEARTS TEN,0.5824,0.0116,0.406
DIAMONDS TWO CLUBS TWO,0.4498,0.0304,0.5198
DIAMONDS TWO CLUBS THREE,0.6538,0.013,0.3332
DIAMONDS TWO HEARTS SIX,0.7122,0.0484,0.2394
DIAMONDS TWO HEARTS QUEEN,0.404,0.3774,0.2186
HEARTS SEVEN DIAMONDS TWO,0.6458,0.0126,0.3416
DIAMONDS TWO HEARTS KING,0.414,0.0062,0.5798
DIAMONDS TWO HEARTS EIGHT,0.6444,0.0094,0.3462
DIAMONDS TWO HEARTS ACE,0.3986,0.0036,0.5978
DIAMONDS TWO HEARTS NINE,0.64,0.009,0.351
DIAMONDS TWO DIAMONDS QUEEN,0.3704,0.379,0.2506
DIAMONDS TWO HEARTS TWO,0.439,0.0324,0.5286
DIAMONDS TWO DIAMONDS KING,0.3714,0.0056,0.623
DIAMONDS TWO HEARTS THREE,0.639,0.0136,0.3474
DIAMONDS TWO DIAMONDS ACE,0.3806,0.0046,0.6148
HEARTS FOUR DIAMONDS TWO,0.6512,0.0122,0.3366
HEARTS FIVE DIAMONDS TWO,0.64,0.015,0.345
SPADES SEVEN HEARTS ACE,0.356,0.0058,0.6382
DIAMONDS TWO DIAMONDS TEN,0.6032,0.012,0.3848
SPADES SEVEN HEARTS KING,0.3612,0.007,0.6318
DIAMONDS TWO DIAMONDS JACK,0.5942,0.011,0.3948
SPADES SEVEN HEARTS QUEEN,0.2264,0.3052,0.4684
DIAMONDS TWO SPADES NINE,0.6406,0.0116,0.3478
DIAMONDS TWO SPADES EIGHT,0.6342,0.0126,0.3532
DIAMONDS TWO SPADES SEVEN,0.6458,0.0118,0.3424
DIAMONDS TWO SPADES SIX,0.7154,0.0598,0.2248
DIAMONDS TWO SPADES FIVE,0.6438,0.0152,0.341
DIAMONDS TWO SPADES FOUR,0.649,0.014,0.337
DIAMONDS TWO SPADES THREE,0.6548,0.0126,0.3326
DIAMONDS TWO SPADES TWO,0.4434,0.0316,0.525
CLUBS NINE DIAMONDS TWO,0.6368,0.0162,0.347
DIAMONDS TWO CLUBS EIGHT,0.644,0.0144,0.3416
CLUBS SEVEN DIAMONDS TWO,0.6422,0.0112,0.3466
DIAMONDS TWO CLUBS SIX,0.711,0.0506,0.2384
DIAMONDS TWO CLUBS FIVE,0.6336,0.0118,0.3546
DIAMONDS TWO CLUBS FOUR,0.64,0.012,0.348
CLUBS FOUR SPADES FIVE,0.6096,0.0146,0.3758
CLUBS FOUR SPADES FOUR,0.4276,0.0304,0.542
CLUBS FOUR SPADES THREE,0.6344,0.0114,0.3542
CLUBS FOUR SPADES TWO,0.6494,0.0124,0.3382
SPADES NINE CLUBS FOUR,0.6402,0.0124,0.3474
SPADES EIGHT CLUBS FOUR,0.6272,0.013,0.3598
SPADES SEVEN CLUBS FOUR,0.625,0.0136,0.3614
SPADES SIX CLUBS FOUR,0.6764,0.053,0.2706
SPADES KING SPADES TWO,0.382,0.0066,0.6114
SPADES ACE SPADES TWO,0.3708,0.0068,0.6224
DIAMONDS JACK CLUBS JACK,0.285,0.0114,0.7036
CLUBS TEN DIAMONDS JACK,0.533,0.0086,0.4584
DIAMONDS JACK CLUBS KING,0.3408,0.0062,0.653
DIAMONDS JACK CLUBS QUEEN,0.2344,0.09,0.6756
DIAMONDS THREE DIAMONDS JACK,0.5968,0.0104,0.3928
DIAMONDS THREE DIAMONDS TEN,0.5918,0.0124,0.3958
DIAMONDS JACK CLUBS ACE,0.3536,0.0042,0.6422
DIAMONDS THREE DIAMONDS KING,0.3752,0.0076,0.6172
DIAMONDS THREE HEARTS THREE,0.4372,0.0292,0.5336
DIAMONDS THREE DIAMONDS QUEEN,0.3786,0.3622,0.2592
DIAMONDS THREE HEARTS TWO,0.643,0.012,0.345
HEARTS FIVE DIAMONDS THREE,0.6302,0.0108,0.359
DIAMONDS THREE DIAMONDS ACE,0.3748,0.005,0.6202
HEARTS FOUR DIAMONDS THREE,0.6376,0.015,0.3474
HEARTS SEVEN DIAMONDS THREE,0.6398,0.0122,0.348
SPADES TEN SPADES NINE,0.5264,0.0116,0.462
HEARTS SIX DIAMONDS THREE,0.6946,0.0522,0.2532
SPADES JACK SPADES NINE,0.5368,0.0094,0.4538
DIAMONDS THREE HEARTS NINE,0.639,0.0132,0.3478
HEARTS JACK DIAMONDS FOUR,0.6228,0.0134,0.3638
HEARTS ACE HEARTS KING,0.292,0.005,0.703
SPADES TEN SPADES TWO,0.604,0.0094,0.3866
DIAMONDS THREE HEARTS EIGHT,0.6364,0.0124,0.3512
HEARTS TEN DIAMONDS FOUR,0.6272,0.011,0.3618
SPADES JACK SPADES TWO,0.5954,0.0098,0.3948
HEARTS QUEEN DIAMONDS FOUR,0.3964,0.377,0.2266
HEARTS KING DIAMONDS FOUR,0.3866,0.0062,0.6072
SPADES ACE SPADES NINE,0.3308,0.0038,0.6654
HEARTS ACE DIAMONDS FOUR,0.3918,0.0032,0.605
SPADES KING SPADES NINE,0.3352,0.0084,0.6564
DIAMONDS THREE SPADES NINE,0.6366,0.0126,0.3508
DIAMONDS THREE SPADES EIGHT,0.645,0.0114,0.3436
DIAMONDS THREE SPADES SEVEN,0.6516,0.012,0.3364
DIAMONDS THREE SPADES SIX,0.7006,0.0522,0.2472
DIAMONDS THREE CLUBS SIX,0.6882,0.0544,0.2574
CLUBS FIVE CLUBS SIX,0.6156,0.0496,0.3348
CLUBS ACE DIAMONDS FOUR,0.3874,0.004,0.6086
CLUBS SEVEN DIAMONDS THREE,0.6402,0.0128,0.347
CLUBS SEVEN CLUBS FIVE,0.552,0.012,0.436
DIAMONDS THREE CLUBS FOUR,0.6236,0.0146,0.3618
DIAMONDS FOUR CLUBS QUEEN,0.3814,0.3856,0.233
DIAMONDS THREE CLUBS FIVE,0.6238,0.0126,0.3636
CLUBS KING DIAMONDS FOUR,0.3884,0.0078,0.6038
DIAMONDS THREE CLUBS TWO,0.639,0.0162,0.3448
CLUBS TEN DIAMONDS FOUR,0.6224,0.0096,0.368
DIAMONDS THREE CLUBS THREE,0.4372,0.0278,0.535
DIAMONDS FOUR CLUBS JACK,0.62,0.0114,0.3686
DIAMONDS THREE SPADES FOUR,0.6294,0.015,0.3556
DIAMONDS THREE SPADES FIVE,0.6248,0.0142,0.361
DIAMONDS THREE SPADES TWO,0.6554,0.0148,0.3298
DIAMONDS THREE SPADES THREE,0.431,0.0304,0.5386
CLUBS EIGHT DIAMONDS THREE,0.6424,0.0106,0.347
CLUBS NINE DIAMONDS THREE,0.6282,0.0112,0.3606
SPADES SEVEN CLUBS ACE,0.3616,0.0048,0.6336
SPADES SEVEN CLUBS QUEEN,0.221,0.3108,0.4682
SPADES SEVEN CLUBS KING,0.3688,0.0072,0.624
CLUBS FIVE SPADES SEVEN,0.6164,0.014,0.3696
CLUBS TEN SPADES SEVEN,0.5902,0.0094,0.4004
CLUBS FIVE SPADES SIX,0.6634,0.0536,0.283
SPADES SEVEN CLUBS JACK,0.5886,0.0096,0.4018
SPADES NINE CLUBS FIVE,0.6298,0.011,0.3592
CLUBS FIVE SPADES EIGHT,0.6136,0.013,0.3734
CLUBS FIVE SPADES THREE,0.6224,0.0124,0.3652
CLUBS FIVE SPADES TWO,0.6422,0.0146,0.3432
CLUBS FIVE SPADES FIVE,0.4338,0.029,0.5372
CLUBS FIVE SPADES FOUR,0.6222,0.0118,0.366
CLUBS NINE CLUBS FIVE,0.5742,0.0104,0.4154
CLUBS EIGHT CLUBS FIVE,0.566,0.0128,0.4212
CLUBS ACE CLUBS QUEEN,0.2182,0.015,0.7668
CLUBS KING CLUBS QUEEN,0.2176,0.0246,0.7578
DIAMONDS TEN DIAMONDS FOUR,0.5828,0.012,0.4052
CLUBS TEN DIAMONDS NINE,0.553,0.0106,0.4364
DIAMONDS JACK DIAMONDS FOUR,0.5878,0.0118,0.4004
DIAMONDS NINE CLUBS JACK,0.5558,0.011,0.4332
SPADES NINE CLUBS JACK,0.5564,0.0102,0.4334
CLUBS TEN SPADES NINE,0.5496,0.0096,0.4408
DIAMONDS ACE DIAMONDS FOUR,0.3788,0.0048,0.6164
HEARTS FOUR DIAMONDS FOUR,0.4344,0.0252,0.5404
DIAMONDS JACK HEARTS TEN,0.5384,0.0096,0.452
SPADES NINE CLUBS KING,0.3678,0.006,0.6262
DIAMONDS TWO SPADES TEN,0.6338,0.0114,0.3548
DIAMONDS NINE CLUBS ACE,0.3544,0.0042,0.6414
HEARTS FIVE DIAMONDS FOUR,0.6126,0.0134,0.374
DIAMONDS JACK HEARTS JACK,0.2718,0.0082,0.72
SPADES NINE CLUBS QUEEN,0.228,0.1616,0.6104
SPADES JACK DIAMONDS TWO,0.6308,0.0122,0.357
DIAMONDS QUEEN DIAMONDS FOUR,0.391,0.351,0.258
HEARTS TWO DIAMONDS FOUR,0.6468,0.012,0.3412
DIAMONDS NINE CLUBS QUEEN,0.2274,0.1676,0.605
DIAMONDS KING DIAMONDS FOUR,0.367,0.0082,0.6248
HEARTS THREE DIAMONDS FOUR,0.6308,0.0122,0.357
SPADES NINE CLUBS ACE,0.3634,0.0044,0.6322
DIAMONDS NINE CLUBS KING,0.3582,0.0062,0.6356
HEARTS ACE DIAMONDS JACK,0.3404,0.0036,0.656
SPADES ACE DIAMONDS TWO,0.3876,0.0048,0.6076
HEARTS QUEEN DIAMONDS JACK,0.2406,0.087,0.6724
HEARTS KING DIAMONDS JACK,0.3326,0.0076,0.6598
SPADES KING DIAMONDS TWO,0.4066,0.0086,0.5848
SPADES JACK SPADES SEVEN,0.5684,0.01,0.4216
SPADES TEN SPADES SEVEN,0.5498,0.0128,0.4374
CLUBS SEVEN CLUBS THREE,0.5844,0.0124,0.4032
CLUBS SIX CLUBS THREE,0.6532,0.0478,0.299
CLUBS FIVE CLUBS THREE,0.5868,0.0124,0.4008
CLUBS THREE CLUBS FOUR,0.5956,0.0134,0.391
CLUBS NINE CLUBS THREE,0.5852,0.0112,0.4036
CLUBS EIGHT CLUBS THREE,0.5984,0.0122,0.3894
CLUBS THREE SPADES FIVE,0.6324,0.0144,0.3532
CLUBS THREE SPADES FOUR,0.6234,0.0128,0.3638
CLUBS THREE SPADES THREE,0.4262,0.031,0.5428
CLUBS THREE SPADES TWO,0.642,0.014,0.344
CLUBS THREE SPADES SIX,0.7002,0.0574,0.2424
SPADES SEVEN CLUBS THREE,0.6308,0.0126,0.3566
SPADES EIGHT CLUBS THREE,0.6484,0.0116,0.34
SPADES NINE CLUBS THREE,0.6388,0.0136,0.3476
SPADES TWO DIAMONDS FOUR,0.639,0.0134,0.3476
SPADES THREE DIAMONDS FOUR,0.6288,0.0156,0.3556
SPADES FOUR DIAMONDS FOUR,0.423,0.0312,0.5458
SPADES FIVE DIAMONDS FOUR,0.616,0.0136,0.3704
SPADES SIX DIAMONDS FOUR,0.681,0.0576,0.2614
SPADES SEVEN DIAMONDS FOUR,0.6174,0.0134,0.3692
SPADES EIGHT DIAMONDS FOUR,0.6306,0.0138,0.3556
SPADES NINE DIAMONDS FOUR,0.6304,0.0124,0.3572
CLUBS FIVE DIAMONDS FOUR,0.6112,0.0148,0.374
CLUBS FOUR DIAMONDS FOUR,0.439,0.027,0.534
CLUBS SEVEN DIAMONDS FOUR,0.6136,0.0104,0.376
CLUBS SIX DIAMONDS FOUR,0.692,0.0504,0.2576
CLUBS NINE DIAMONDS FOUR,0.643,0.0138,0.3432
CLUBS EIGHT DIAMONDS FOUR,0.6092,0.0136,0.3772
HEARTS SEVEN DIAMONDS FOUR,0.62,0.0122,0.3678
HEARTS SIX DIAMONDS FOUR,0.686,0.0478,0.2662
DIAMONDS FOUR HEARTS NINE,0.619,0.0122,0.3688
DIAMONDS FOUR HEARTS EIGHT,0.6334,0.0114,0.3552
CLUBS THREE DIAMONDS FOUR,0.6234,0.0142,0.3624
CLUBS TWO DIAMONDS FOUR,0.6442,0.0156,0.3402
DIAMONDS TEN DIAMONDS FIVE,0.5956,0.011,0.3934
DIAMONDS JACK DIAMONDS FIVE,0.6014,0.0116,0.387
DIAMONDS NINE HEARTS QUEEN,0.2194,0.1632,0.6174
DIAMONDS NINE HEARTS KING,0.3532,0.0076,0.6392
HEARTS ACE DIAMONDS NINE,0.3588,0.003,0.6382
DIAMONDS NINE HEARTS TEN,0.5428,0.0094,0.4478
DIAMONDS NINE HEARTS JACK,0.5508,0.0118,0.4374
SPADES KING DIAMONDS FOUR,0.4116,0.0096,0.5788
SPADES ACE SPADES SEVEN,0.338,0.0052,0.6568
SPADES KING SPADES SEVEN,0.339,0.0082,0.6528
SPADES ACE DIAMONDS FOUR,0.3902,0.0046,0.6052
CLUBS NINE CLUBS FOUR,0.6018,0.0112,0.387
CLUBS EIGHT CLUBS FOUR,0.5798,0.0122,0.408
SPADES JACK DIAMONDS FOUR,0.6342,0.0142,0.3516
SPADES TEN DIAMONDS FOUR,0.6286,0.0108,0.3606
CLUBS FIVE CLUBS FOUR,0.5578,0.0126,0.4296
CLUBS SEVEN CLUBS FOUR,0.5736,0.0094,0.417
CLUBS SIX CLUBS FOUR,0.6334,0.048,0.3186
CLUBS SEVEN SPADES EIGHT,0.5734,0.0096,0.417
CLUBS SEVEN SPADES NINE,0.5692,0.0084,0.4224
CLUBS SEVEN SPADES SIX,0.6612,0.0434,0.2954
CLUBS SEVEN SPADES SEVEN,0.3218,0.0252,0.653
CLUBS SEVEN SPADES FIVE,0.609,0.0104,0.3806
CLUBS SEVEN SPADES FOUR,0.616,0.0138,0.3702
CLUBS SEVEN SPADES THREE,0.6186,0.0112,0.3702
CLUBS SEVEN SPADES TWO,0.6272,0.0098,0.363
CLUBS NINE CLUBS SEVEN,0.525,0.012,0.463
CLUBS SEVEN CLUBS EIGHT,0.5306,0.012,0.4574
HEARTS SIX DIAMONDS FIVE,0.6634,0.051,0.2856
HEARTS SEVEN DIAMONDS FIVE,0.6138,0.0132,0.373
DIAMONDS FIVE HEARTS EIGHT,0.6078,0.013,0.3792
DIAMONDS FIVE HEARTS NINE,0.6202,0.0114,0.3684
DIAMONDS QUEEN DIAMONDS FIVE,0.3844,0.3646,0.251
HEARTS TWO DIAMONDS FIVE,0.6402,0.0154,0.3444
HEARTS KING HEARTS EIGHT,0.3464,0.0068,0.6468
DIAMONDS KING DIAMONDS FIVE,0.367,0.0084,0.6246
HEARTS THREE DIAMONDS FIVE,0.6208,0.0122,0.367
HEARTS QUEEN HEARTS EIGHT,0.2128,0.213,0.5742
DIAMONDS ACE DIAMONDS FIVE,0.3604,0.0044,0.6352
HEARTS FOUR DIAMONDS FIVE,0.6168,0.0128,0.3704
HEARTS FIVE DIAMONDS FIVE,0.4206,0.025,0.5544
HEARTS ACE HEARTS EIGHT,0.333,0.004,0.663
CLUBS FOUR DIAMONDS FIVE,0.612,0.012,0.376
CLUBS FIVE DIAMONDS FIVE,0.426,0.0258,0.5482
CLUBS SIX DIAMONDS FIVE,0.6668,0.0486,0.2846
CLUBS SEVEN DIAMONDS FIVE,0.6062,0.0106,0.3832
CLUBS TWO DIAMONDS FIVE,0.6612,0.01,0.3288
CLUBS THREE DIAMONDS FIVE,0.6316,0.014,0.3544
SPADES THREE DIAMONDS FIVE,0.6324,0.0172,0.3504
SPADES TWO DIAMONDS FIVE,0.6522,0.0118,0.336
SPADES JACK DIAMONDS EIGHT,0.57,0.0146,0.4154
SPADES FIVE DIAMONDS FIVE,0.4224,0.0266,0.551
CLUBS TEN HEARTS JACK,0.5332,0.0098,0.457
SPADES TEN DIAMONDS EIGHT,0.5524,0.0108,0.4368
SPADES FOUR DIAMONDS FIVE,0.6254,0.0136,0.361
HEARTS JACK CLUBS JACK,0.2906,0.0094,0.7
HEARTS JACK CLUBS QUEEN,0.2274,0.0862,0.6864
CLUBS NINE DIAMONDS FIVE,0.6334,0.0086,0.358
CLUBS KING HEARTS JACK,0.338,0.0054,0.6566
CLUBS EIGHT DIAMONDS FIVE,0.6114,0.0102,0.3784
CLUBS ACE HEARTS JACK,0.3446,0.0034,0.652
SPADES SEVEN DIAMONDS FIVE,0.6102,0.0176,0.3722
SPADES KING DIAMONDS EIGHT,0.356,0.0092,0.6348
SPADES SIX DIAMONDS FIVE,0.6656,0.0506,0.2838
SPADES NINE DIAMONDS FIVE,0.6396,0.0122,0.3482
SPADES EIGHT DIAMONDS FIVE,0.6114,0.012,0.3766
SPADES ACE DIAMONDS EIGHT,0.3512,0.0046,0.6442
HEARTS ACE DIAMONDS SEVEN,0.3648,0.004,0.6312
HEARTS QUEEN DIAMONDS SEVEN,0.2174,0.3142,0.4684
HEARTS KING DIAMONDS SEVEN,0.3506,0.0068,0.6426
SPADES TWO HEARTS JACK,0.6218,0.015,0.3632
SPADES TWO HEARTS TEN,0.628,0.0116,0.3604
HEARTS TEN DIAMONDS SEVEN,0.5858,0.0126,0.4016
HEARTS JACK DIAMONDS SEVEN,0.5936,0.01,0.3964
DIAMONDS EIGHT CLUBS JACK,0.5696,0.0088,0.4216
CLUBS TEN DIAMONDS EIGHT,0.5542,0.0106,0.4352
HEARTS ACE HEARTS JACK,0.32,0.0052,0.6748
CLUBS ACE DIAMONDS EIGHT,0.3624,0.0036,0.634
HEARTS QUEEN HEARTS JACK,0.2278,0.0872,0.685
CLUBS KING DIAMONDS EIGHT,0.362,0.0064,0.6316
HEARTS KING HEARTS JACK,0.3134,0.0058,0.6808
CLUBS QUEEN DIAMONDS EIGHT,0.2254,0.2302,0.5444
SPADES TEN HEARTS KING,0.3404,0.0072,0.6524
HEARTS ACE SPADES TWO,0.3998,0.004,0.5962
SPADES JACK HEARTS KING,0.351,0.0072,0.6418
HEARTS QUEEN SPADES TWO,0.4064,0.3764,0.2172
SPADES ACE SPADES KING,0.3046,0.0058,0.6896
SPADES TWO HEARTS KING,0.4096,0.006,0.5844
HEARTS TEN HEARTS EIGHT,0.5256,0.0118,0.4626
HEARTS JACK HEARTS EIGHT,0.5258,0.0114,0.4628
SPADES KING HEARTS KING,0.1316,0.0038,0.8646
CLUBS ACE CLUBS KING,0.3074,0.0048,0.6878
SPADES ACE HEARTS KING,0.3048,0.0032,0.692
SPADES ACE HEARTS JACK,0.3474,0.0036,0.649
SPADES KING HEARTS JACK,0.347,0.0086,0.6444
SPADES TEN DIAMONDS TEN,0.2924,0.0132,0.6944
SPADES JACK DIAMONDS TEN,0.5422,0.0126,0.4452
SPADES ACE DIAMONDS TEN,0.331,0.0046,0.6644
SPADES JACK HEARTS JACK,0.2824,0.0096,0.708
SPADES TEN HEARTS JACK,0.5356,0.0082,0.4562
SPADES KING DIAMONDS TEN,0.3184,0.005,0.6766
SPADES NINE DIAMONDS SEVEN,0.5708,0.0112,0.418
SPADES EIGHT DIAMONDS SEVEN,0.5756,0.014,0.4104
SPADES SEVEN DIAMONDS SEVEN,0.3296,0.0204,0.65
SPADES SIX DIAMONDS SEVEN,0.6754,0.0448,0.2798
DIAMONDS KING DIAMONDS SEVEN,0.3522,0.0082,0.6396
HEARTS THREE DIAMONDS SEVEN,0.6344,0.0114,0.3542
HEARTS KING DIAMONDS FIVE,0.3918,0.0094,0.5988
DIAMONDS QUEEN DIAMONDS SEVEN,0.2204,0.2982,0.4814
HEARTS TWO DIAMONDS SEVEN,0.6304,0.0146,0.355
HEARTS QUEEN DIAMONDS FIVE,0.3974,0.3872,0.2154
HEARTS FIVE DIAMONDS SEVEN,0.5998,0.0126,0.3876
DIAMONDS ACE DIAMONDS SEVEN,0.3316,0.0036,0.6648
HEARTS FOUR DIAMONDS SEVEN,0.604,0.0116,0.3844
HEARTS ACE DIAMONDS FIVE,0.3884,0.004,0.6076
HEARTS SEVEN DIAMONDS SEVEN,0.323,0.0236,0.6534
HEARTS SIX DIAMONDS SEVEN,0.6608,0.0464,0.2928
HEARTS NINE DIAMONDS SEVEN,0.5702,0.0106,0.4192
HEARTS EIGHT DIAMONDS SEVEN,0.5816,0.0106,0.4078
DIAMONDS JACK DIAMONDS SEVEN,0.5526,0.0092,0.4382
DIAMONDS FIVE HEARTS JACK,0.6302,0.0134,0.3564
DIAMONDS TEN DIAMONDS SEVEN,0.553,0.0102,0.4368
HEARTS TEN DIAMONDS FIVE,0.6358,0.0108,0.3534
SPADES KING CLUBS TWO,0.398,0.0066,0.5954
HEARTS KING CLUBS KING,0.1444,0.0034,0.8522
CLUBS EIGHT DIAMONDS SEVEN,0.5564,0.0138,0.4298
HEARTS KING CLUBS QUEEN,0.2358,0.0288,0.7354
CLUBS NINE DIAMONDS SEVEN,0.5738,0.011,0.4152
SPADES TWO CLUBS JACK,0.6352,0.0088,0.356
SPADES ACE CLUBS TWO,0.3842,0.0064,0.6094
CLUBS TEN SPADES TWO,0.6412,0.01,0.3488
HEARTS KING CLUBS ACE,0.3198,0.0034,0.6768
CLUBS SEVEN CLUBS SIX,0.6222,0.0452,0.3326
SPADES TWO CLUBS KING,0.3912,0.0076,0.6012
SPADES TWO DIAMONDS SEVEN,0.6312,0.012,0.3568
CLUBS EIGHT CLUBS SIX,0.6352,0.0428,0.322
SPADES THREE DIAMONDS SEVEN,0.6398,0.0128,0.3474
SPADES TWO CLUBS QUEEN,0.4066,0.3796,0.2138
CLUBS NINE CLUBS SIX,0.6416,0.0442,0.3142
SPADES FOUR DIAMONDS SEVEN,0.6196,0.016,0.3644
HEARTS KING CLUBS JACK,0.3496,0.0058,0.6446
SPADES FIVE DIAMONDS SEVEN,0.61,0.011,0.379
SPADES TWO CLUBS ACE,0.3832,0.0038,0.613
CLUBS TEN HEARTS KING,0.3438,0.0052,0.651
CLUBS SIX SPADES TWO,0.7114,0.0546,0.234
CLUBS SIX SPADES THREE,0.6994,0.0526,0.248
CLUBS TWO DIAMONDS SEVEN,0.6314,0.0124,0.3562
CLUBS SIX SPADES FOUR,0.6718,0.0516,0.2766
CLUBS THREE DIAMONDS SEVEN,0.6244,0.0122,0.3634
CLUBS SIX SPADES FIVE,0.669,0.0518,0.2792
CLUBS FOUR DIAMONDS SEVEN,0.6078,0.0114,0.3808
CLUBS SIX SPADES SIX,0.29,0.0392,0.6708
CLUBS FIVE DIAMONDS SEVEN,0.6038,0.0124,0.3838
CLUBS SIX SPADES SEVEN,0.6616,0.045,0.2934
CLUBS SIX DIAMONDS SEVEN,0.6694,0.0426,0.288
SPADES EIGHT CLUBS SIX,0.6646,0.0478,0.2876
SPADES JACK CLUBS TWO,0.6352,0.01,0.3548
CLUBS SEVEN DIAMONDS SEVEN,0.3102,0.0212,0.6686
SPADES NINE CLUBS SIX,0.6868,0.0452,0.268
SPADES TEN CLUBS TWO,0.6366,0.0102,0.3532
CLUBS TWO CLUBS QUEEN,0.3764,0.3522,0.2714
CLUBS TWO CLUBS KING,0.3796,0.0068,0.6136
CLUBS THREE DIAMONDS EIGHT,0.6386,0.0116,0.3498
CLUBS TWO CLUBS ACE,0.3606,0.0038,0.6356
CLUBS TWO DIAMONDS EIGHT,0.6274,0.0124,0.3602
HEARTS SEVEN DIAMONDS EIGHT,0.569,0.01,0.421
HEARTS SIX DIAMONDS EIGHT,0.6762,0.044,0.2798
DIAMONDS EIGHT HEARTS NINE,0.5476,0.0116,0.4408
CLUBS TEN CLUBS TWO,0.5938,0.0114,0.3948
HEARTS EIGHT DIAMONDS EIGHT,0.3142,0.0214,0.6644
CLUBS TWO CLUBS JACK,0.5952,0.0104,0.3944
CLUBS NINE DIAMONDS EIGHT,0.5524,0.013,0.4346
CLUBS EIGHT DIAMONDS EIGHT,0.3086,0.0242,0.6672
CLUBS FIVE DIAMONDS EIGHT,0.614,0.0108,0.3752
SPADES ACE SPADES THREE,0.3706,0.0066,0.6228
CLUBS FOUR DIAMONDS EIGHT,0.6292,0.0098,0.361
CLUBS SEVEN DIAMONDS EIGHT,0.5572,0.0108,0.432
CLUBS SIX DIAMONDS EIGHT,0.6808,0.0486,0.2706
SPADES KING SPADES THREE,0.384,0.0092,0.6068
DIAMONDS QUEEN DIAMONDS EIGHT,0.218,0.225,0.557
HEARTS TWO DIAMONDS EIGHT,0.6324,0.0144,0.3532
DIAMONDS KING DIAMONDS EIGHT,0.3512,0.0098,0.639
HEARTS THREE DIAMONDS EIGHT,0.6206,0.0116,0.3678
DIAMONDS ACE DIAMONDS EIGHT,0.33,0.0036,0.6664
HEARTS FOUR DIAMONDS EIGHT,0.611,0.0132,0.3758
HEARTS FIVE DIAMONDS EIGHT,0.599,0.0118,0.3892
DIAMONDS TEN DIAMONDS EIGHT,0.5324,0.0062,0.4614
DIAMONDS JACK DIAMONDS EIGHT,0.5422,0.0098,0.448
SPADES JACK SPADES THREE,0.6116,0.0114,0.377
SPADES TEN SPADES THREE,0.5972,0.0128,0.39
CLUBS FOUR HEARTS ACE,0.382,0.0036,0.6144
CLUBS FOUR HEARTS QUEEN,0.3868,0.3758,0.2374
CLUBS FOUR HEARTS KING,0.4006,0.0052,0.5942
CLUBS SIX HEARTS TEN,0.7032,0.0442,0.2526
CLUBS SIX HEARTS JACK,0.7208,0.0466,0.2326
SPADES FOUR DIAMONDS EIGHT,0.6192,0.0126,0.3682
SPADES FIVE DIAMONDS EIGHT,0.613,0.0108,0.3762
SPADES TWO DIAMONDS EIGHT,0.6504,0.0108,0.3388
SPADES THREE DIAMONDS EIGHT,0.637,0.0106,0.3524
CLUBS FOUR HEARTS JACK,0.6206,0.0118,0.3676
SPADES EIGHT DIAMONDS EIGHT,0.306,0.024,0.67
SPADES JACK HEARTS EIGHT,0.5724,0.0116,0.416
SPADES TEN HEARTS TWO,0.647,0.0122,0.3408
SPADES TEN DIAMONDS QUEEN,0.227,0.1186,0.6544
CLUBS FOUR HEARTS TEN,0.6198,0.0102,0.37
SPADES NINE DIAMONDS EIGHT,0.558,0.0118,0.4302
SPADES JACK HEARTS TWO,0.6272,0.011,0.3618
SPADES JACK DIAMONDS QUEEN,0.2272,0.091,0.6818
SPADES TEN HEARTS EIGHT,0.5638,0.0112,0.425
SPADES SIX DIAMONDS EIGHT,0.676,0.0444,0.2796
SPADES SEVEN DIAMONDS EIGHT,0.563,0.012,0.425
SPADES ACE HEARTS TWO,0.3822,0.0036,0.6142
SPADES ACE DIAMONDS QUEEN,0.2086,0.0176,0.7738
SPADES ACE HEARTS EIGHT,0.344,0.0054,0.6506
SPADES KING HEARTS EIGHT,0.3648,0.0078,0.6274
SPADES KING DIAMONDS QUEEN,0.2224,0.0276,0.75
SPADES KING HEARTS TWO,0.3974,0.0084,0.5942
CLUBS TWO HEARTS TEN,0.6304,0.01,0.3596
CLUBS TWO HEARTS JACK,0.619,0.0116,0.3694
SPADES SEVEN DIAMONDS NINE,0.5778,0.0096,0.4126
SPADES SIX DIAMONDS NINE,0.6958,0.0444,0.2598
SPADES NINE DIAMONDS NINE,0.3052,0.0166,0.6782
SPADES EIGHT DIAMONDS NINE,0.5492,0.0118,0.439
SPADES TEN CLUBS KING,0.336,0.0052,0.6588
DIAMONDS NINE SPADES THREE,0.6292,0.012,0.3588
SPADES JACK CLUBS KING,0.3406,0.0064,0.653
DIAMONDS NINE SPADES TWO,0.6236,0.0146,0.3618
SPADES FIVE DIAMONDS NINE,0.6222,0.0116,0.3662
SPADES FOUR DIAMONDS NINE,0.6358,0.0136,0.3506
CLUBS NINE DIAMONDS NINE,0.2978,0.0148,0.6874
CLUBS EIGHT DIAMONDS NINE,0.5492,0.0074,0.4434
CLUBS SIX DIAMONDS NINE,0.681,0.0454,0.2736
SPADES JACK CLUBS FOUR,0.6342,0.0104,0.3554
CLUBS SEVEN DIAMONDS NINE,0.5742,0.0122,0.4136
SPADES TEN CLUBS FOUR,0.633,0.0114,0.3556
CLUBS FOUR DIAMONDS NINE,0.6306,0.0128,0.3566
CLUBS FIVE DIAMONDS NINE,0.612,0.0126,0.3754
CLUBS TWO DIAMONDS NINE,0.6348,0.0124,0.3528
CLUBS THREE DIAMONDS NINE,0.6254,0.0128,0.3618
DIAMONDS NINE HEARTS EIGHT,0.5438,0.0102,0.446
DIAMONDS NINE HEARTS NINE,0.2958,0.018,0.6862
HEARTS SIX DIAMONDS NINE,0.6822,0.0538,0.264
HEARTS SEVEN DIAMONDS NINE,0.5736,0.0112,0.4152
CLUBS NINE CLUBS EIGHT,0.5146,0.0112,0.4742
DIAMONDS ACE DIAMONDS NINE,0.3388,0.0056,0.6556
HEARTS FOUR DIAMONDS NINE,0.6244,0.014,0.3616
HEARTS FIVE DIAMONDS NINE,0.623,0.011,0.366
HEARTS ACE CLUBS TWO,0.3958,0.0032,0.601
SPADES ACE CLUBS FOUR,0.3872,0.0048,0.608
DIAMONDS NINE DIAMONDS QUEEN,0.2226,0.1612,0.6162
HEARTS TWO DIAMONDS NINE,0.63,0.011,0.359
CLUBS TWO HEARTS KING,0.4086,0.0058,0.5856
SPADES KING CLUBS FOUR,0.383,0.006,0.611
DIAMONDS KING DIAMONDS NINE,0.3336,0.0058,0.6606
HEARTS THREE DIAMONDS NINE,0.6246,0.0116,0.3638
CLUBS TWO HEARTS QUEEN,0.4024,0.3788,0.2188
DIAMONDS NINE DIAMONDS JACK,0.5296,0.0106,0.4598
CLUBS EIGHT SPADES NINE,0.5544,0.0108,0.4348
DIAMONDS TEN DIAMONDS NINE,0.5244,0.0098,0.4658
CLUBS EIGHT SPADES EIGHT,0.3232,0.0188,0.658
CLUBS EIGHT SPADES SEVEN,0.5622,0.0138,0.424
CLUBS EIGHT SPADES SIX,0.6814,0.044,0.2746
CLUBS EIGHT SPADES FIVE,0.6114,0.0122,0.3764
CLUBS EIGHT SPADES FOUR,0.6184,0.009,0.3726
CLUBS EIGHT SPADES THREE,0.6438,0.0124,0.3438
CLUBS EIGHT SPADES TWO,0.6226,0.0136,0.3638
HEARTS SIX DIAMONDS TEN,0.7078,0.0404,0.2518
HEARTS SEVEN DIAMONDS TEN,0.5774,0.0096,0.413
DIAMONDS TEN HEARTS EIGHT,0.5502,0.0126,0.4372
CLUBS FOUR CLUBS JACK,0.5878,0.0116,0.4006
DIAMONDS TEN HEARTS NINE,0.5546,0.0094,0.436
CLUBS TEN CLUBS FOUR,0.5734,0.0122,0.4144
CLUBS FOUR CLUBS KING,0.3666,0.0076,0.6258
CLUBS FOUR CLUBS QUEEN,0.3704,0.365,0.2646
DIAMONDS TEN CLUBS TWO,0.6146,0.01,0.3754
CLUBS THREE DIAMONDS TEN,0.6206,0.0118,0.3676
CLUBS FOUR CLUBS ACE,0.3688,0.0038,0.6274
DIAMONDS TEN DIAMONDS JACK,0.5174,0.0092,0.4734
DIAMONDS TEN DIAMONDS QUEEN,0.2184,0.117,0.6646
HEARTS TWO DIAMONDS TEN,0.6162,0.0114,0.3724
DIAMONDS KING DIAMONDS TEN,0.3276,0.008,0.6644
HEARTS THREE DIAMONDS TEN,0.6184,0.0114,0.3702
DIAMONDS ACE DIAMONDS TEN,0.3306,0.004,0.6654
HEARTS FOUR DIAMONDS TEN,0.6126,0.0126,0.3748
CLUBS EIGHT HEARTS JACK,0.5772,0.0114,0.4114
HEARTS FIVE DIAMONDS TEN,0.6222,0.01,0.3678
CLUBS EIGHT HEARTS TEN,0.5794,0.0102,0.4104
CLUBS EIGHT HEARTS QUEEN,0.23,0.2316,0.5384
CLUBS EIGHT HEARTS KING,0.367,0.0068,0.6262
CLUBS EIGHT HEARTS ACE,0.362,0.0042,0.6338
CLUBS NINE SPADES THREE,0.64,0.0112,0.3488
CLUBS NINE SPADES TWO,0.6308,0.0104,0.3588
CLUBS NINE SPADES FIVE,0.6182,0.0132,0.3686
CLUBS NINE SPADES FOUR,0.6456,0.0112,0.3432
CLUBS NINE SPADES SEVEN,0.584,0.0124,0.4036
CLUBS NINE SPADES SIX,0.684,0.0392,0.2768
CLUBS NINE SPADES NINE,0.304,0.0156,0.6804
CLUBS TEN HEARTS EIGHT,0.5646,0.0092,0.4262
CLUBS NINE SPADES EIGHT,0.5568,0.0118,0.4314
HEARTS EIGHT CLUBS JACK,0.5822,0.008,0.4098
CLUBS QUEEN HEARTS EIGHT,0.2248,0.2186,0.5566
CLUBS KING HEARTS EIGHT,0.3694,0.0054,0.6252
CLUBS ACE HEARTS EIGHT,0.36,0.002,0.638
SPADES KING CLUBS KING,0.1364,0.0054,0.8582
SPADES ACE CLUBS KING,0.3054,0.0054,0.6892
DIAMONDS ACE HEARTS TEN,0.3426,0.004,0.6534
HEARTS FOUR HEARTS TEN,0.5952,0.0102,0.3946
DIAMONDS ACE HEARTS JACK,0.3462,0.0032,0.6506
HEARTS FOUR HEARTS JACK,0.5906,0.0134,0.396
SPADES KING CLUBS FIVE,0.3942,0.008,0.5978
SPADES ACE CLUBS FIVE,0.396,0.0052,0.5988
HEARTS SEVEN DIAMONDS JACK,0.5756,0.0114,0.413
HEARTS SIX DIAMONDS JACK,0.712,0.0456,0.2424
DIAMONDS JACK HEARTS NINE,0.5492,0.0098,0.441
DIAMONDS JACK HEARTS EIGHT,0.571,0.008,0.421
DIAMONDS KING DIAMONDS JACK,0.323,0.005,0.672
HEARTS THREE DIAMONDS JACK,0.6284,0.011,0.3606
SPADES ACE SPADES SIX,0.2294,0.0284,0.7422
HEARTS ACE SPADES FOUR,0.4,0.004,0.596
DIAMONDS QUEEN DIAMONDS JACK,0.2314,0.0844,0.6842
HEARTS TWO DIAMONDS JACK,0.6166,0.0132,0.3702
HEARTS FIVE DIAMONDS JACK,0.6312,0.0094,0.3594
SPADES FOUR HEARTS QUEEN,0.3942,0.384,0.2218
DIAMONDS ACE DIAMONDS JACK,0.3254,0.0046,0.67
HEARTS FOUR DIAMONDS JACK,0.6158,0.011,0.3732
SPADES KING SPADES SIX,0.2308,0.0402,0.729
SPADES FOUR HEARTS KING,0.3988,0.0084,0.5928
SPADES TEN SPADES SIX,0.6826,0.0444,0.273
SPADES JACK SPADES SIX,0.6948,0.0482,0.257
SPADES FOUR DIAMONDS JACK,0.6314,0.0134,0.3552
SPADES FIVE DIAMONDS JACK,0.6316,0.016,0.3524
SPADES TWO DIAMONDS JACK,0.6182,0.0144,0.3674
SPADES THREE DIAMONDS JACK,0.6318,0.0138,0.3544
SPADES ACE DIAMONDS THREE,0.379,0.004,0.617
CLUBS EIGHT DIAMONDS JACK,0.5716,0.0122,0.4162
SPADES KING DIAMONDS THREE,0.3904,0.0092,0.6004
CLUBS NINE DIAMONDS JACK,0.5602,0.011,0.4288
CLUBS SIX DIAMONDS JACK,0.7236,0.0448,0.2316
CLUBS SEVEN DIAMONDS JACK,0.594,0.0132,0.3928
CLUBS FOUR DIAMONDS JACK,0.6304,0.0112,0.3584
CLUBS FIVE DIAMONDS JACK,0.6304,0.0098,0.3598
CLUBS TWO DIAMONDS JACK,0.6288,0.013,0.3582
CLUBS THREE DIAMONDS JACK,0.6144,0.0134,0.3722
SPADES JACK HEARTS SIX,0.7104,0.0458,0.2438
SPADES TEN CLUBS FIVE,0.6266,0.0136,0.3598
SPADES JACK CLUBS FIVE,0.6084,0.0128,0.3788
SPADES TEN HEARTS SIX,0.7112,0.0436,0.2452
SPADES JACK DIAMONDS THREE,0.6372,0.0136,0.3492
CLUBS SEVEN CLUBS ACE,0.3424,0.002,0.6556
SPADES TEN DIAMONDS THREE,0.6346,0.0106,0.3548
CLUBS SEVEN CLUBS QUEEN,0.2148,0.278,0.5072
CLUBS SEVEN CLUBS KING,0.347,0.0076,0.6454
SPADES NINE DIAMONDS JACK,0.5528,0.0118,0.4354
CLUBS TEN CLUBS SEVEN,0.5478,0.0108,0.4414
DIAMONDS ACE HEARTS ACE,0.1168,0.0052,0.878
HEARTS FOUR HEARTS ACE,0.3632,0.0046,0.6322
SPADES EIGHT DIAMONDS JACK,0.5704,0.0096,0.42
SPADES ACE HEARTS SIX,0.2308,0.0306,0.7386
CLUBS SEVEN CLUBS JACK,0.548,0.0126,0.4394
DIAMONDS ACE HEARTS KING,0.33,0.0034,0.6666
HEARTS FOUR HEARTS KING,0.372,0.005,0.623
SPADES SEVEN DIAMONDS JACK,0.5846,0.0096,0.4058
SPADES KING HEARTS SIX,0.2208,0.0424,0.7368
DIAMONDS ACE HEARTS QUEEN,0.2274,0.0174,0.7552
HEARTS FOUR HEARTS QUEEN,0.3638,0.3658,0.2704
SPADES SIX DIAMONDS JACK,0.722,0.0454,0.2326
DIAMONDS TEN SPADES TWO,0.6334,0.0134,0.3532
DIAMONDS TEN SPADES THREE,0.6324,0.0102,0.3574
DIAMONDS TEN SPADES FOUR,0.626,0.0132,0.3608
SPADES FIVE DIAMONDS TEN,0.6336,0.0136,0.3528
SPADES SIX DIAMONDS TEN,0.7196,0.049,0.2314
SPADES SEVEN DIAMONDS TEN,0.5908,0.0112,0.398
SPADES EIGHT DIAMONDS TEN,0.5562,0.0132,0.4306
SPADES NINE DIAMONDS TEN,0.5542,0.013,0.4328
CLUBS FOUR DIAMONDS TEN,0.6216,0.0106,0.3678
CLUBS FIVE DIAMONDS TEN,0.6184,0.0136,0.368
CLUBS SIX DIAMONDS TEN,0.6976,0.0472,0.2552
CLUBS SEVEN DIAMONDS TEN,0.577,0.0128,0.4102
CLUBS EIGHT DIAMONDS TEN,0.5626,0.0118,0.4256
CLUBS NINE DIAMONDS TEN,0.544,0.0104,0.4456
DIAMONDS THREE CLUBS JACK,0.6144,0.0106,0.375
CLUBS TEN DIAMONDS THREE,0.6452,0.0114,0.3434
DIAMONDS THREE CLUBS KING,0.4092,0.0084,0.5824
DIAMONDS THREE CLUBS QUEEN,0.3894,0.383,0.2276
DIAMONDS THREE CLUBS ACE,0.3746,0.0046,0.6208
SPADES FOUR HEARTS JACK,0.6362,0.0106,0.3532
SPADES FOUR HEARTS TEN,0.634,0.01,0.356
SPADES FIVE SPADES TWO,0.6064,0.0106,0.383
SPADES FOUR SPADES TWO,0.6216,0.012,0.3664
SPADES THREE SPADES TWO,0.6248,0.0132,0.362
SPADES NINE SPADES TWO,0.6066,0.0112,0.3822
SPADES EIGHT SPADES TWO,0.5962,0.0116,0.3922
SPADES SEVEN SPADES TWO,0.6152,0.011,0.3738
SPADES SIX SPADES TWO,0.6828,0.054,0.2632
CLUBS THREE DIAMONDS QUEEN,0.3918,0.3832,0.225
CLUBS THREE HEARTS TWO,0.6392,0.0122,0.3486
CLUBS TWO DIAMONDS QUEEN,0.3862,0.3884,0.2254
HEARTS TWO CLUBS TWO,0.434,0.0282,0.5378
HEARTS SEVEN DIAMONDS QUEEN,0.2168,0.3162,0.467
HEARTS SEVEN HEARTS TWO,0.6062,0.0102,0.3836
HEARTS SIX DIAMONDS QUEEN,0.0104,0.9724,0.0172
HEARTS SIX HEARTS TWO,0.6602,0.0554,0.2844
DIAMONDS QUEEN HEARTS NINE,0.2284,0.1666,0.605
HEARTS TWO HEARTS NINE,0.605,0.0092,0.3858
DIAMONDS QUEEN HEARTS EIGHT,0.2316,0.2228,0.5456
HEARTS TWO HEARTS EIGHT,0.5896,0.0128,0.3976
CLUBS NINE HEARTS TWO,0.6316,0.0138,0.3546
CLUBS NINE DIAMONDS QUEEN,0.2292,0.1538,0.617
CLUBS EIGHT HEARTS TWO,0.626,0.0118,0.3622
CLUBS EIGHT DIAMONDS QUEEN,0.2304,0.221,0.5486
CLUBS FIVE DIAMONDS QUEEN,0.3786,0.3874,0.234
CLUBS FIVE HEARTS TWO,0.6444,0.0162,0.3394
SPADES EIGHT HEARTS ACE,0.3602,0.0044,0.6354
CLUBS FOUR DIAMONDS QUEEN,0.3888,0.3762,0.235
CLUBS FOUR HEARTS TWO,0.6368,0.0144,0.3488
CLUBS SEVEN DIAMONDS QUEEN,0.2238,0.2986,0.4776
CLUBS SEVEN HEARTS TWO,0.6434,0.0122,0.3444
SPADES EIGHT HEARTS QUEEN,0.231,0.2338,0.5352
CLUBS SIX DIAMONDS QUEEN,0.0106,0.9712,0.0182
CLUBS SIX HEARTS TWO,0.696,0.0546,0.2494
SPADES EIGHT HEARTS KING,0.37,0.0058,0.6242
SPADES SIX DIAMONDS QUEEN,0.007,0.9848,0.0082
SPADES SIX HEARTS TWO,0.7046,0.0592,0.2362
HEARTS FOUR CLUBS QUEEN,0.3918,0.3752,0.233
DIAMONDS ACE CLUBS QUEEN,0.2284,0.0152,0.7564
SPADES SEVEN DIAMONDS QUEEN,0.2176,0.3088,0.4736
SPADES SEVEN HEARTS TWO,0.6426,0.015,0.3424
HEARTS FOUR CLUBS KING,0.4028,0.0068,0.5904
DIAMONDS ACE CLUBS KING,0.3196,0.0042,0.6762
SPADES EIGHT DIAMONDS QUEEN,0.2184,0.2306,0.551
SPADES EIGHT HEARTS TWO,0.6196,0.011,0.3694
HEARTS FOUR CLUBS ACE,0.3966,0.0034,0.6
DIAMONDS ACE CLUBS ACE,0.1232,0.0056,0.8712
SPADES NINE DIAMONDS QUEEN,0.237,0.1628,0.6002
SPADES NINE HEARTS TWO,0.6424,0.012,0.3456
HEARTS TWO SPADES TWO,0.44,0.029,0.531
DIAMONDS QUEEN SPADES TWO,0.379,0.3914,0.2296
HEARTS TWO SPADES THREE,0.6456,0.0154,0.339
SPADES THREE DIAMONDS QUEEN,0.3954,0.3852,0.2194
HEARTS TWO SPADES FOUR,0.6508,0.0146,0.3346
SPADES FOUR DIAMONDS QUEEN,0.394,0.3852,0.2208
CLUBS TEN HEARTS FOUR,0.6138,0.0118,0.3744
CLUBS TEN DIAMONDS ACE,0.35,0.0038,0.6462
HEARTS TWO SPADES FIVE,0.6388,0.0142,0.347
SPADES FIVE DIAMONDS QUEEN,0.3846,0.3846,0.2308
HEARTS FOUR CLUBS JACK,0.6268,0.0106,0.3626
DIAMONDS ACE CLUBS JACK,0.3336,0.0054,0.661
CLUBS FIVE CLUBS KING,0.361,0.0088,0.6302
CLUBS FIVE CLUBS QUEEN,0.3714,0.3698,0.2588
CLUBS FIVE CLUBS ACE,0.3582,0.0042,0.6376
CLUBS FIVE CLUBS JACK,0.5812,0.0128,0.406
CLUBS TEN CLUBS FIVE,0.5876,0.0108,0.4016
SPADES KING CLUBS JACK,0.343,0.008,0.649
SPADES ACE CLUBS JACK,0.3494,0.0032,0.6474
SPADES SIX CLUBS KING,0.2312,0.0476,0.7212
SPADES SIX CLUBS QUEEN,0.0168,0.9698,0.0134
SPADES EIGHT HEARTS JACK,0.591,0.0088,0.4002
SPADES SIX CLUBS ACE,0.2308,0.0306,0.7386
SPADES EIGHT HEARTS TEN,0.5696,0.0106,0.4198
SPADES SIX CLUBS JACK,0.7214,0.0474,0.2312
CLUBS TEN SPADES SIX,0.717,0.043,0.24
SPADES TEN CLUBS JACK,0.5412,0.0076,0.4512
SPADES JACK CLUBS JACK,0.2832,0.0098,0.707
SPADES KING CLUBS SEVEN,0.3546,0.0064,0.639
SPADES ACE CLUBS SEVEN,0.3616,0.0028,0.6356
SPADES SIX HEARTS TEN,0.7078,0.0454,0.2468
SPADES SIX HEARTS JACK,0.7302,0.0454,0.2244
SPADES SIX HEARTS ACE,0.2452,0.0304,0.7244
SPADES SIX HEARTS KING,0.2304,0.0388,0.7308
SPADES SIX HEARTS QUEEN,0.0154,0.9736,0.011
SPADES JACK CLUBS SEVEN,0.592,0.0106,0.3974
CLUBS SEVEN SPADES TEN,0.5924,0.0106,0.397
CLUBS TEN HEARTS SIX,0.6978,0.0454,0.2568
HEARTS SIX CLUBS JACK,0.7146,0.0496,0.2358
CLUBS ACE CLUBS JACK,0.3216,0.0046,0.6738
HEARTS SIX CLUBS QUEEN,0.0274,0.9488,0.0238
HEARTS SIX CLUBS KING,0.2398,0.04,0.7202
HEARTS SIX CLUBS ACE,0.2372,0.0292,0.7336
CLUBS QUEEN CLUBS JACK,0.2154,0.0902,0.6944
CLUBS KING CLUBS JACK,0.3324,0.0046,0.663
DIAMONDS THREE HEARTS ACE,0.4034,0.005,0.5916
DIAMONDS THREE HEARTS QUEEN,0.3962,0.3878,0.216
DIAMONDS THREE HEARTS KING,0.4058,0.008,0.5862
CLUBS FIVE HEARTS JACK,0.622,0.0104,0.3676
HEARTS FOUR SPADES TEN,0.6386,0.0086,0.3528
SPADES TEN DIAMONDS ACE,0.3362,0.0042,0.6596
CLUBS FIVE HEARTS TEN,0.6314,0.0084,0.3602
HEARTS FOUR SPADES JACK,0.6268,0.0116,0.3616
SPADES JACK DIAMONDS ACE,0.341,0.006,0.653
SPADES ACE HEARTS FOUR,0.3822,0.0046,0.6132
SPADES ACE DIAMONDS ACE,0.1142,0.0044,0.8814
CLUBS FIVE HEARTS ACE,0.387,0.003,0.61
CLUBS FIVE HEARTS KING,0.372,0.007,0.621
SPADES FOUR CLUBS JACK,0.6218,0.0088,0.3694
CLUBS FIVE HEARTS QUEEN,0.4004,0.3684,0.2312
SPADES KING DIAMONDS ACE,0.3168,0.004,0.6792
SPADES KING HEARTS FOUR,0.4002,0.0064,0.5934
CLUBS TEN SPADES FOUR,0.6146,0.0106,0.3748
DIAMONDS ACE DIAMONDS QUEEN,0.2236,0.016,0.7604
DIAMONDS ACE HEARTS TWO,0.397,0.005,0.598
HEARTS FOUR DIAMONDS QUEEN,0.3806,0.3896,0.2298
HEARTS FOUR HEARTS TWO,0.596,0.0134,0.3906
DIAMONDS THREE HEARTS TEN,0.6264,0.0122,0.3614
SPADES FOUR CLUBS KING,0.3846,0.0076,0.6078
HEARTS FIVE DIAMONDS QUEEN,0.382,0.391,0.227
HEARTS FIVE HEARTS TWO,0.5932,0.0132,0.3936
DIAMONDS THREE HEARTS JACK,0.6294,0.0112,0.3594
SPADES FOUR CLUBS QUEEN,0.3832,0.3802,0.2366
HEARTS TWO DIAMONDS QUEEN,0.3912,0.3938,0.215
DIAMONDS KING DIAMONDS QUEEN,0.2128,0.0262,0.761
DIAMONDS KING HEARTS TWO,0.4004,0.0096,0.59
HEARTS THREE DIAMONDS QUEEN,0.3976,0.3826,0.2198
HEARTS THREE HEARTS TWO,0.596,0.0138,0.3902
SPADES FOUR CLUBS ACE,0.3976,0.0038,0.5986
HEARTS TWO CLUBS ACE,0.3916,0.0052,0.6032
DIAMONDS QUEEN CLUBS ACE,0.2246,0.012,0.7634
HEARTS TWO CLUBS QUEEN,0.4052,0.3698,0.225
DIAMONDS QUEEN CLUBS QUEEN,0.085,0.0212,0.8938
HEARTS TWO CLUBS KING,0.4002,0.0078,0.592
DIAMONDS QUEEN CLUBS KING,0.2296,0.0258,0.7446
SPADES EIGHT SPADES FIVE,0.5776,0.0118,0.4106
CLUBS TEN HEARTS TWO,0.6302,0.0114,0.3584
CLUBS TEN DIAMONDS QUEEN,0.2312,0.1194,0.6494
SPADES NINE SPADES FIVE,0.593,0.0132,0.3938
HEARTS TWO CLUBS JACK,0.6264,0.0126,0.361
DIAMONDS QUEEN CLUBS JACK,0.226,0.0938,0.6802
SPADES SIX SPADES FIVE,0.6222,0.048,0.3298
SPADES SEVEN SPADES FIVE,0.5744,0.0138,0.4118
DIAMONDS FIVE CLUBS QUEEN,0.3892,0.3924,0.2184
SPADES EIGHT CLUBS ACE,0.3682,0.0038,0.628
DIAMONDS FIVE CLUBS KING,0.3936,0.009,0.5974
SPADES EIGHT CLUBS KING,0.364,0.0078,0.6282
CLUBS ACE DIAMONDS FIVE,0.3888,0.0036,0.6076
SPADES EIGHT CLUBS QUEEN,0.2292,0.2238,0.547
SPADES EIGHT CLUBS JACK,0.5748,0.0104,0.4148
CLUBS TEN SPADES EIGHT,0.5764,0.009,0.4146
CLUBS TEN DIAMONDS FIVE,0.6376,0.0114,0.351
DIAMONDS FIVE CLUBS JACK,0.6304,0.0118,0.3578
DIAMONDS TEN HEARTS JACK,0.5236,0.0104,0.466
DIAMONDS TEN HEARTS TEN,0.2754,0.013,0.7116
SPADES ACE CLUBS NINE,0.3582,0.0044,0.6374
CLUBS NINE SPADES KING,0.348,0.0062,0.6458
HEARTS SIX HEARTS KING,0.2224,0.0382,0.7394
DIAMONDS KING SPADES SEVEN,0.3612,0.0064,0.6324
SPADES SEVEN HEARTS THREE,0.627,0.012,0.361
SPADES KING DIAMONDS SEVEN,0.3678,0.0076,0.6246
HEARTS SIX HEARTS QUEEN,0.0228,0.9068,0.0704
DIAMONDS KING SPADES SIX,0.2326,0.0392,0.7282
HEARTS THREE SPADES SIX,0.6988,0.0568,0.2444
SPADES NINE DIAMONDS KING,0.355,0.0074,0.6376
SPADES NINE HEARTS THREE,0.628,0.0118,0.3602
HEARTS SIX HEARTS ACE,0.2332,0.0294,0.7374
SPADES EIGHT DIAMONDS KING,0.3514,0.0074,0.6412
SPADES EIGHT HEARTS THREE,0.6298,0.013,0.3572
SPADES ACE DIAMONDS SEVEN,0.3552,0.005,0.6398
CLUBS NINE HEARTS THREE,0.6266,0.0128,0.3606
CLUBS NINE DIAMONDS KING,0.3508,0.0078,0.6414
CLUBS EIGHT HEARTS THREE,0.6292,0.0134,0.3574
CLUBS EIGHT DIAMONDS KING,0.3658,0.0054,0.6288
HEARTS THREE SPADES THREE,0.441,0.0286,0.5304
DIAMONDS KING SPADES THREE,0.3904,0.0072,0.6024
HEARTS THREE SPADES TWO,0.6432,0.014,0.3428
DIAMONDS KING SPADES TWO,0.3994,0.0072,0.5934
HEARTS THREE SPADES FIVE,0.6306,0.0112,0.3582
