opposingHand,winningChance,drawChance,lostChance
SPADES SEVEN SPADES SIX
HEARTS FIVE SPADES TEN,0.4486,0.0266,0.5248
SPADES JACK HEARTS FIVE,0.4478,0.021,0.5312
SPADES FIVE CLUBS JACK,0.4646,0.0168,0.5186
SPADES FIVE CLUBS TEN,0.4728,0.0236,0.5036
CLUBS EIGHT CLUBS JACK,0.3814,0.0154,0.6032
CLUBS EIGHT CLUBS TEN,0.3558,0.0254,0.6188
CLUBS EIGHT CLUBS KING,0.3876,0.0082,0.6042
SPADES FIVE CLUBS ACE,0.4414,0.0046,0.554
CLUBS EIGHT CLUBS QUEEN,0.3936,0.0076,0.5988
SPADES FIVE CLUBS KING,0.4596,0.0098,0.5306
SPADES FIVE CLUBS QUEEN,0.4546,0.0122,0.5332
CLUBS EIGHT CLUBS ACE,0.3866,0.0056,0.6078
DIAMONDS TWO DIAMONDS THREE,0.5486,0.0954,0.356
DIAMONDS TWO DIAMONDS FIVE,0.5762,0.0886,0.3352
SPADES KING HEARTS FIVE,0.4446,0.0084,0.547
DIAMONDS TWO DIAMONDS FOUR,0.5776,0.0844,0.338
SPADES QUEEN HEARTS FIVE,0.4446,0.0128,0.5426
DIAMONDS TWO DIAMONDS SEVEN,0.4198,0.3316,0.2486
DIAMONDS TWO DIAMONDS SIX,0.5688,0.1728,0.2584
SPADES ACE HEARTS FIVE,0.4394,0.0042,0.5564
DIAMONDS TWO DIAMONDS NINE,0.4452,0.0366,0.5182
DIAMONDS TWO DIAMONDS EIGHT,0.4382,0.0588,0.503
DIAMONDS THREE DIAMONDS FOUR,0.5588,0.0806,0.3606
CLUBS TWO SPADES FOUR,0.6086,0.0888,0.3026
DIAMONDS THREE DIAMONDS FIVE,0.562,0.0852,0.3528
CLUBS TWO SPADES FIVE,0.6128,0.0964,0.2908
CLUBS TWO SPADES TWO,0.4306,0.1038,0.4656
CLUBS TWO SPADES THREE,0.5968,0.0958,0.3074
DIAMONDS THREE DIAMONDS EIGHT,0.4476,0.0554,0.497
SPADES EIGHT CLUBS TWO,0.4718,0.0608,0.4674
DIAMONDS THREE DIAMONDS NINE,0.4402,0.0436,0.5162
SPADES NINE CLUBS TWO,0.4676,0.0408,0.4916
DIAMONDS THREE DIAMONDS SIX,0.5664,0.1758,0.2578
DIAMONDS THREE DIAMONDS SEVEN,0.4152,0.3358,0.249
CLUBS SIX CLUBS TWO,0.5636,0.1856,0.2508
CLUBS SEVEN CLUBS TWO,0.4178,0.332,0.2502
CLUBS FOUR CLUBS TWO,0.5776,0.0916,0.3308
CLUBS FIVE CLUBS TWO,0.5844,0.0892,0.3264
CLUBS JACK CLUBS TEN,0.366,0.0126,0.6214
DIAMONDS FOUR DIAMONDS SIX,0.5468,0.1768,0.2764
CLUBS QUEEN CLUBS TEN,0.3672,0.0082,0.6246
DIAMONDS FOUR DIAMONDS SEVEN,0.419,0.3344,0.2466
CLUBS KING CLUBS TEN,0.3834,0.0086,0.608
CLUBS ACE CLUBS TEN,0.3994,0.0028,0.5978
CLUBS EIGHT CLUBS TWO,0.4604,0.0478,0.4918
DIAMONDS FIVE DIAMONDS FOUR,0.5602,0.0806,0.3592
CLUBS NINE CLUBS TWO,0.4502,0.0386,0.5112
DIAMONDS NINE DIAMONDS FOUR,0.4366,0.036,0.5274
DIAMONDS EIGHT DIAMONDS FOUR,0.4414,0.0522,0.5064
CLUBS TWO CLUBS THREE,0.5758,0.0828,0.3414
DIAMONDS NINE DIAMONDS FIVE,0.4318,0.0398,0.5284
DIAMONDS TWO CLUBS JACK,0.458,0.0166,0.5254
DIAMONDS EIGHT DIAMONDS FIVE,0.4118,0.0546,0.5336
DIAMONDS TWO CLUBS TEN,0.4678,0.0286,0.5036
DIAMONDS FIVE DIAMONDS SEVEN,0.398,0.3424,0.2596
DIAMONDS FIVE DIAMONDS SIX,0.5456,0.1714,0.283
DIAMONDS TWO CLUBS ACE,0.4616,0.0042,0.5342
DIAMONDS TWO CLUBS KING,0.4732,0.0056,0.5212
DIAMONDS TWO CLUBS QUEEN,0.4816,0.0144,0.504
DIAMONDS EIGHT DIAMONDS SIX,0.2734,0.129,0.5976
DIAMONDS NINE DIAMONDS SIX,0.296,0.092,0.612
SPADES THREE HEARTS ACE,0.4566,0.0038,0.5396
HEARTS KING SPADES THREE,0.4552,0.0076,0.5372
DIAMONDS SEVEN DIAMONDS SIX,0.066,0.8616,0.0724
SPADES THREE HEARTS QUEEN,0.4718,0.0158,0.5124
SPADES THREE HEARTS JACK,0.457,0.0202,0.5228
SPADES THREE HEARTS TEN,0.4732,0.0276,0.4992
DIAMONDS EIGHT DIAMONDS SEVEN,0.2664,0.1344,0.5992
DIAMONDS NINE DIAMONDS SEVEN,0.295,0.0992,0.6058
DIAMONDS NINE DIAMONDS EIGHT,0.372,0.0374,0.5906
DIAMONDS KING HEARTS TEN,0.4118,0.0068,0.5814
HEARTS THREE HEARTS TEN,0.4454,0.0284,0.5262
CLUBS SIX SPADES JACK,0.319,0.0556,0.6254
DIAMONDS KING HEARTS JACK,0.4024,0.007,0.5906
HEARTS THREE HEARTS JACK,0.4488,0.0176,0.5336
CLUBS SIX SPADES TEN,0.3052,0.0768,0.618
SPADES JACK SPADES FIVE,0.4102,0.0188,0.571
SPADES TEN SPADES FIVE,0.4138,0.0308,0.5554
DIAMONDS KING HEARTS ACE,0.4044,0.0042,0.5914
HEARTS THREE HEARTS ACE,0.4338,0.0032,0.563
SPADES ACE CLUBS SIX,0.3234,0.0188,0.6578
DIAMONDS KING HEARTS QUEEN,0.4108,0.0062,0.583
HEARTS THREE HEARTS QUEEN,0.4438,0.01,0.5462
SPADES KING CLUBS SIX,0.321,0.036,0.643
DIAMONDS KING HEARTS KING,0.2292,0.0166,0.7542
HEARTS THREE HEARTS KING,0.449,0.0108,0.5402
SPADES QUEEN CLUBS SIX,0.3236,0.0406,0.6358
SPADES NINE HEARTS TEN,0.366,0.023,0.611
SPADES NINE HEARTS JACK,0.391,0.0148,0.5942
SPADES QUEEN SPADES FIVE,0.4052,0.0134,0.5814
SPADES KING SPADES FIVE,0.4194,0.0078,0.5728
SPADES ACE SPADES FIVE,0.3986,0.0072,0.5942
SPADES NINE HEARTS QUEEN,0.409,0.0108,0.5802
SPADES NINE HEARTS KING,0.4162,0.007,0.5768
SPADES NINE HEARTS ACE,0.409,0.0052,0.5858
SPADES JACK CLUBS TEN,0.3872,0.0124,0.6004
SPADES TEN CLUBS TEN,0.2132,0.0598,0.727
SPADES ACE CLUBS TEN,0.3904,0.0054,0.6042
SPADES KING CLUBS TEN,0.399,0.0084,0.5926
SPADES QUEEN CLUBS TEN,0.377,0.0094,0.6136
SPADES FIVE HEARTS QUEEN,0.4548,0.0148,0.5304
SPADES FIVE HEARTS KING,0.4594,0.008,0.5326
SPADES FIVE HEARTS ACE,0.444,0.005,0.551
CLUBS EIGHT SPADES TEN,0.3834,0.0252,0.5914
HEARTS THREE SPADES JACK,0.46,0.02,0.52
SPADES JACK DIAMONDS KING,0.3974,0.0068,0.5958
SPADES TEN DIAMONDS KING,0.3964,0.0054,0.5982
HEARTS THREE SPADES TEN,0.4538,0.0268,0.5194
CLUBS EIGHT SPADES JACK,0.391,0.0196,0.5894
SPADES ACE CLUBS EIGHT,0.3986,0.0032,0.5982
HEARTS FIVE CLUBS JACK,0.4684,0.0156,0.516
CLUBS SIX HEARTS ACE,0.3306,0.021,0.6484
HEARTS FIVE CLUBS TEN,0.474,0.0252,0.5008
CLUBS EIGHT SPADES QUEEN,0.3872,0.0136,0.5992
SPADES THREE CLUBS TEN,0.4558,0.0246,0.5196
CLUBS SIX HEARTS QUEEN,0.3382,0.0386,0.6232
CLUBS EIGHT SPADES KING,0.4082,0.0048,0.587
SPADES THREE CLUBS JACK,0.453,0.0182,0.5288
CLUBS SIX HEARTS KING,0.3372,0.0336,0.6292
DIAMONDS TWO HEARTS JACK,0.4762,0.0188,0.505
SPADES THREE CLUBS QUEEN,0.4582,0.0112,0.5306
DIAMONDS TWO HEARTS TEN,0.4614,0.024,0.5146
SPADES THREE CLUBS KING,0.462,0.0076,0.5304
HEARTS FIVE CLUBS ACE,0.4476,0.005,0.5474
SPADES FIVE HEARTS TEN,0.4624,0.0268,0.5108
SPADES THREE CLUBS ACE,0.4524,0.004,0.5436
HEARTS FIVE CLUBS KING,0.4594,0.0064,0.5342
SPADES FIVE HEARTS JACK,0.4506,0.0182,0.5312
HEARTS FIVE CLUBS QUEEN,0.4564,0.0116,0.532
HEARTS THREE CLUBS KING,0.4752,0.0084,0.5164
DIAMONDS KING CLUBS KING,0.2224,0.0144,0.7632
HEARTS THREE CLUBS QUEEN,0.4722,0.0138,0.514
DIAMONDS KING CLUBS QUEEN,0.4076,0.0066,0.5858
HEARTS FIVE HEARTS JACK,0.4264,0.0174,0.5562
HEARTS FIVE HEARTS TEN,0.4328,0.026,0.5412
HEARTS THREE CLUBS ACE,0.4774,0.0048,0.5178
DIAMONDS KING CLUBS ACE,0.4128,0.0036,0.5836
SPADES ACE CLUBS QUEEN,0.3928,0.0036,0.6036
SPADES KING CLUBS QUEEN,0.4002,0.0048,0.595
HEARTS THREE CLUBS JACK,0.4662,0.016,0.5178
DIAMONDS KING CLUBS JACK,0.4054,0.0062,0.5884
SPADES QUEEN CLUBS QUEEN,0.2234,0.0298,0.7468
HEARTS THREE CLUBS TEN,0.4626,0.0274,0.51
DIAMONDS KING CLUBS TEN,0.4102,0.0058,0.584
SPADES JACK CLUBS QUEEN,0.3898,0.008,0.6022
CLUBS SIX CLUBS QUEEN,0.311,0.0432,0.6458
SPADES TEN CLUBS QUEEN,0.3828,0.009,0.6082
CLUBS SIX CLUBS KING,0.3226,0.0284,0.649
CLUBS SIX CLUBS ACE,0.3266,0.0204,0.653
HEARTS FIVE HEARTS KING,0.4422,0.0086,0.5492
HEARTS FIVE HEARTS QUEEN,0.431,0.0128,0.5562
CLUBS SIX CLUBS TEN,0.3148,0.0676,0.6176
HEARTS FIVE HEARTS ACE,0.428,0.0046,0.5674
CLUBS SIX CLUBS JACK,0.3156,0.0494,0.635
DIAMONDS TWO CLUBS TWO,0.4322,0.1016,0.4662
DIAMONDS TWO CLUBS THREE,0.6132,0.098,0.2888
HEARTS SIX DIAMONDS TWO,0.608,0.175,0.217
DIAMONDS TWO HEARTS QUEEN,0.4818,0.0112,0.507
DIAMONDS TWO HEARTS SEVEN,0.4422,0.3574,0.2004
DIAMONDS TWO HEARTS KING,0.4732,0.0096,0.5172
DIAMONDS TWO HEARTS EIGHT,0.4762,0.0628,0.461
DIAMONDS TWO HEARTS ACE,0.4588,0.0046,0.5366
DIAMONDS TWO HEARTS NINE,0.4796,0.0424,0.478
DIAMONDS TWO DIAMONDS QUEEN,0.4436,0.0104,0.546
DIAMONDS TWO HEARTS TWO,0.4374,0.1068,0.4558
DIAMONDS TWO DIAMONDS KING,0.4532,0.0072,0.5396
HEARTS THREE DIAMONDS TWO,0.6062,0.093,0.3008
DIAMONDS TWO DIAMONDS ACE,0.4216,0.0034,0.575
HEARTS FOUR DIAMONDS TWO,0.604,0.0912,0.3048
DIAMONDS TWO HEARTS FIVE,0.6174,0.0914,0.2912
DIAMONDS TWO DIAMONDS TEN,0.4544,0.0264,0.5192
DIAMONDS TWO DIAMONDS JACK,0.451,0.0156,0.5334
DIAMONDS TWO SPADES NINE,0.4526,0.0448,0.5026
DIAMONDS TWO SPADES EIGHT,0.4524,0.0648,0.4828
DIAMONDS TWO SPADES FIVE,0.5968,0.101,0.3022
DIAMONDS TWO SPADES FOUR,0.6064,0.0984,0.2952
DIAMONDS TWO SPADES THREE,0.6058,0.094,0.3002
DIAMONDS TWO SPADES TWO,0.4338,0.1038,0.4624
CLUBS NINE DIAMONDS TWO,0.4722,0.0408,0.487
CLUBS EIGHT DIAMONDS TWO,0.4762,0.058,0.4658
DIAMONDS TWO CLUBS SEVEN,0.4468,0.3496,0.2036
CLUBS SIX DIAMONDS TWO,0.6146,0.186,0.1994
DIAMONDS TWO CLUBS FIVE,0.6126,0.0854,0.302
DIAMONDS TWO CLUBS FOUR,0.601,0.0994,0.2996
CLUBS FOUR SPADES FIVE,0.5796,0.0902,0.3302
CLUBS FOUR SPADES FOUR,0.4204,0.1032,0.4764
CLUBS FOUR SPADES THREE,0.586,0.0904,0.3236
CLUBS FOUR SPADES TWO,0.6026,0.0936,0.3038
CLUBS FOUR SPADES NINE,0.4496,0.0388,0.5116
CLUBS FOUR SPADES EIGHT,0.4358,0.0582,0.506
SPADES ACE DIAMONDS SIX,0.3148,0.0178,0.6674
SPADES QUEEN DIAMONDS SIX,0.3136,0.0426,0.6438
SPADES KING DIAMONDS SIX,0.3178,0.0328,0.6494
SPADES TEN DIAMONDS SIX,0.3028,0.0766,0.6206
SPADES JACK DIAMONDS SIX,0.3268,0.0564,0.6168
SPADES QUEEN SPADES TWO,0.4264,0.0164,0.5572
SPADES KING SPADES TWO,0.42,0.0112,0.5688
SPADES ACE SPADES TWO,0.4052,0.0066,0.5882
DIAMONDS JACK CLUBS JACK,0.2242,0.0368,0.739
DIAMONDS JACK CLUBS TEN,0.384,0.0142,0.6018
DIAMONDS JACK CLUBS KING,0.3986,0.0064,0.595
DIAMONDS JACK CLUBS QUEEN,0.4132,0.0078,0.579
DIAMONDS THREE DIAMONDS JACK,0.4372,0.0172,0.5456
DIAMONDS THREE DIAMONDS TEN,0.4606,0.0262,0.5132
DIAMONDS JACK CLUBS ACE,0.4106,0.0032,0.5862
DIAMONDS THREE DIAMONDS KING,0.435,0.0092,0.5558
HEARTS THREE DIAMONDS THREE,0.4224,0.1036,0.474
DIAMONDS THREE DIAMONDS QUEEN,0.4438,0.0112,0.545
DIAMONDS THREE HEARTS TWO,0.6046,0.0908,0.3046
HEARTS FIVE DIAMONDS THREE,0.6006,0.0868,0.3126
DIAMONDS THREE DIAMONDS ACE,0.4402,0.0048,0.555
HEARTS FOUR DIAMONDS THREE,0.5948,0.0928,0.3124
DIAMONDS THREE HEARTS SEVEN,0.4434,0.354,0.2026
SPADES TEN SPADES NINE,0.338,0.0212,0.6408
HEARTS SIX DIAMONDS THREE,0.5942,0.1846,0.2212
SPADES JACK SPADES NINE,0.3384,0.0174,0.6442
DIAMONDS THREE HEARTS NINE,0.4778,0.0438,0.4784
HEARTS JACK DIAMONDS FOUR,0.4528,0.0176,0.5296
HEARTS KING HEARTS ACE,0.383,0.0048,0.6122
SPADES TEN SPADES TWO,0.4288,0.0306,0.5406
DIAMONDS THREE HEARTS EIGHT,0.4752,0.0574,0.4674
HEARTS TEN DIAMONDS FOUR,0.463,0.0266,0.5104
SPADES JACK SPADES TWO,0.4252,0.0164,0.5584
HEARTS QUEEN DIAMONDS FOUR,0.4596,0.0166,0.5238
HEARTS KING DIAMONDS FOUR,0.4662,0.0078,0.526
SPADES ACE SPADES NINE,0.3532,0.0046,0.6422
HEARTS ACE DIAMONDS FOUR,0.4564,0.0058,0.5378
SPADES KING SPADES NINE,0.3706,0.0082,0.6212
SPADES QUEEN SPADES NINE,0.3492,0.013,0.6378
DIAMONDS THREE SPADES NINE,0.4488,0.048,0.5032
DIAMONDS THREE SPADES EIGHT,0.4526,0.0618,0.4856
CLUBS SIX DIAMONDS THREE,0.6062,0.1832,0.2106
CLUBS ACE DIAMONDS FOUR,0.464,0.003,0.533
CLUBS SIX CLUBS FIVE,0.5578,0.17,0.2722
CLUBS SEVEN CLUBS FIVE,0.3986,0.3348,0.2666
CLUBS SEVEN DIAMONDS THREE,0.4468,0.349,0.2042
DIAMONDS THREE CLUBS FOUR,0.593,0.0902,0.3168
CLUBS QUEEN DIAMONDS FOUR,0.4556,0.0096,0.5348
DIAMONDS THREE CLUBS FIVE,0.5962,0.101,0.3028
CLUBS KING DIAMONDS FOUR,0.4642,0.0076,0.5282
DIAMONDS THREE CLUBS TWO,0.6098,0.0948,0.2954
DIAMONDS FOUR CLUBS TEN,0.4596,0.0272,0.5132
DIAMONDS THREE CLUBS THREE,0.4308,0.1054,0.4638
DIAMONDS FOUR CLUBS JACK,0.4498,0.0176,0.5326
DIAMONDS THREE SPADES FOUR,0.5962,0.0964,0.3074
DIAMONDS THREE SPADES FIVE,0.5886,0.0956,0.3158
DIAMONDS THREE SPADES TWO,0.5866,0.0964,0.317
DIAMONDS THREE SPADES THREE,0.4176,0.0982,0.4842
CLUBS EIGHT DIAMONDS THREE,0.4578,0.0586,0.4836
CLUBS NINE DIAMONDS THREE,0.4642,0.0414,0.4944
SPADES NINE CLUBS FIVE,0.4298,0.0424,0.5278
CLUBS FIVE SPADES EIGHT,0.4414,0.0622,0.4964
CLUBS FIVE SPADES THREE,0.5908,0.0952,0.314
CLUBS FIVE SPADES TWO,0.5978,0.0962,0.306
CLUBS FIVE SPADES FIVE,0.4116,0.1014,0.487
CLUBS FIVE SPADES FOUR,0.5932,0.0988,0.308
CLUBS NINE CLUBS FIVE,0.4188,0.0424,0.5388
CLUBS EIGHT CLUBS FIVE,0.427,0.055,0.518
CLUBS ACE CLUBS QUEEN,0.3732,0.0042,0.6226
CLUBS KING CLUBS QUEEN,0.3914,0.006,0.6026
DIAMONDS TEN DIAMONDS FOUR,0.4438,0.0288,0.5274
DIAMONDS NINE CLUBS TEN,0.3802,0.02,0.5998
DIAMONDS JACK DIAMONDS FOUR,0.4244,0.0178,0.5578
DIAMONDS NINE CLUBS JACK,0.4046,0.0158,0.5796
SPADES NINE CLUBS JACK,0.3946,0.0148,0.5906
SPADES NINE CLUBS TEN,0.3774,0.0258,0.5968
DIAMONDS ACE DIAMONDS FOUR,0.4166,0.0042,0.5792
HEARTS FOUR DIAMONDS FOUR,0.407,0.0988,0.4942
DIAMONDS JACK HEARTS TEN,0.3872,0.0134,0.5994
SPADES NINE CLUBS KING,0.3862,0.0078,0.606
DIAMONDS TWO SPADES TEN,0.4628,0.0264,0.5108
DIAMONDS NINE CLUBS ACE,0.4116,0.0042,0.5842
HEARTS FIVE DIAMONDS FOUR,0.5818,0.0914,0.3268
HEARTS JACK DIAMONDS JACK,0.2336,0.0428,0.7236
SPADES NINE CLUBS QUEEN,0.3926,0.0118,0.5956
DIAMONDS TWO SPADES JACK,0.4612,0.0188,0.52
DIAMONDS QUEEN DIAMONDS FOUR,0.447,0.0114,0.5416
HEARTS TWO DIAMONDS FOUR,0.6116,0.089,0.2994
DIAMONDS NINE CLUBS QUEEN,0.4056,0.012,0.5824
DIAMONDS KING DIAMONDS FOUR,0.4486,0.0076,0.5438
HEARTS THREE DIAMONDS FOUR,0.5882,0.0976,0.3142
SPADES NINE CLUBS ACE,0.3934,0.0038,0.6028
DIAMONDS NINE CLUBS KING,0.4112,0.0062,0.5826
HEARTS ACE DIAMONDS JACK,0.4092,0.0036,0.5872
SPADES ACE DIAMONDS TWO,0.4374,0.0052,0.5574
DIAMONDS JACK HEARTS QUEEN,0.3918,0.0094,0.5988
SPADES QUEEN DIAMONDS TWO,0.4652,0.013,0.5218
HEARTS KING DIAMONDS JACK,0.4026,0.0066,0.5908
SPADES KING DIAMONDS TWO,0.4634,0.0104,0.5262
CLUBS SEVEN CLUBS THREE,0.4272,0.324,0.2488
CLUBS SIX CLUBS THREE,0.5646,0.176,0.2594
CLUBS FIVE CLUBS THREE,0.5626,0.088,0.3494
CLUBS FOUR CLUBS THREE,0.5668,0.0844,0.3488
CLUBS NINE CLUBS THREE,0.4394,0.0368,0.5238
CLUBS EIGHT CLUBS THREE,0.4402,0.0572,0.5026
SPADES FIVE CLUBS THREE,0.6076,0.0844,0.308
CLUBS THREE SPADES FOUR,0.5926,0.0922,0.3152
CLUBS THREE SPADES THREE,0.4332,0.1058,0.461
CLUBS THREE SPADES TWO,0.602,0.096,0.302
SPADES EIGHT CLUBS THREE,0.457,0.0656,0.4774
SPADES NINE CLUBS THREE,0.4642,0.0414,0.4944
SPADES TWO DIAMONDS FOUR,0.5884,0.09,0.3216
SPADES THREE DIAMONDS FOUR,0.5952,0.0938,0.311
SPADES FOUR DIAMONDS FOUR,0.4006,0.0964,0.503
SPADES FIVE DIAMONDS FOUR,0.5944,0.091,0.3146
SPADES EIGHT DIAMONDS FOUR,0.4386,0.0622,0.4992
SPADES NINE DIAMONDS FOUR,0.4624,0.0432,0.4944
CLUBS FIVE DIAMONDS FOUR,0.6058,0.0814,0.3128
CLUBS FOUR DIAMONDS FOUR,0.4112,0.1036,0.4852
CLUBS SEVEN DIAMONDS FOUR,0.4352,0.3614,0.2034
CLUBS SIX DIAMONDS FOUR,0.5838,0.1846,0.2316
CLUBS NINE DIAMONDS FOUR,0.4718,0.039,0.4892
CLUBS EIGHT DIAMONDS FOUR,0.4476,0.0602,0.4922
DIAMONDS FOUR HEARTS SEVEN,0.4428,0.3482,0.209
HEARTS SIX DIAMONDS FOUR,0.5826,0.1874,0.23
HEARTS NINE DIAMONDS FOUR,0.4574,0.0444,0.4982
DIAMONDS FOUR HEARTS EIGHT,0.4642,0.0596,0.4762
CLUBS THREE DIAMONDS FOUR,0.61,0.0906,0.2994
CLUBS TWO DIAMONDS FOUR,0.605,0.0884,0.3066
DIAMONDS TEN DIAMONDS FIVE,0.429,0.0262,0.5448
DIAMONDS JACK DIAMONDS FIVE,0.4278,0.0184,0.5538
DIAMONDS NINE HEARTS QUEEN,0.419,0.0082,0.5728
HEARTS KING DIAMONDS NINE,0.415,0.0092,0.5758
DIAMONDS NINE HEARTS ACE,0.4124,0.0048,0.5828
DIAMONDS NINE HEARTS TEN,0.4026,0.017,0.5804
DIAMONDS NINE HEARTS JACK,0.3888,0.0158,0.5954
CLUBS KING DIAMONDS SIX,0.3384,0.0344,0.6272
CLUBS QUEEN DIAMONDS SIX,0.3392,0.0398,0.621
CLUBS ACE DIAMONDS SIX,0.3364,0.0218,0.6418
SPADES KING DIAMONDS FOUR,0.4614,0.0088,0.5298
SPADES QUEEN DIAMONDS FOUR,0.4536,0.0106,0.5358
CLUBS JACK DIAMONDS SIX,0.3386,0.0544,0.607
SPADES ACE DIAMONDS FOUR,0.4496,0.0046,0.5458
CLUBS TEN DIAMONDS SIX,0.3188,0.0768,0.6044
CLUBS NINE CLUBS FOUR,0.4322,0.0388,0.529
CLUBS EIGHT CLUBS FOUR,0.4326,0.054,0.5134
SPADES JACK DIAMONDS FOUR,0.4494,0.0188,0.5318
SPADES TEN DIAMONDS FOUR,0.4514,0.026,0.5226
CLUBS FOUR CLUBS FIVE,0.549,0.0858,0.3652
CLUBS SEVEN CLUBS FOUR,0.4092,0.3462,0.2446
CLUBS SIX CLUBS FOUR,0.5564,0.165,0.2786
CLUBS SEVEN SPADES EIGHT,0.2668,0.138,0.5952
CLUBS SEVEN SPADES NINE,0.2736,0.1118,0.6146
CLUBS SEVEN SPADES FIVE,0.4294,0.3574,0.2132
CLUBS SEVEN SPADES FOUR,0.434,0.3768,0.1892
CLUBS SEVEN SPADES THREE,0.4422,0.3486,0.2092
CLUBS SEVEN SPADES TWO,0.4404,0.3592,0.2004
CLUBS NINE CLUBS SEVEN,0.2906,0.099,0.6104
CLUBS EIGHT CLUBS SEVEN,0.288,0.1296,0.5824
HEARTS SIX DIAMONDS FIVE,0.5742,0.179,0.2468
DIAMONDS FIVE HEARTS SEVEN,0.4292,0.371,0.1998
DIAMONDS FIVE HEARTS EIGHT,0.4408,0.0574,0.5018
HEARTS NINE DIAMONDS FIVE,0.4486,0.0424,0.509
DIAMONDS QUEEN DIAMONDS FIVE,0.4352,0.0124,0.5524
HEARTS TWO DIAMONDS FIVE,0.6066,0.0958,0.2976
HEARTS KING HEARTS EIGHT,0.3862,0.0064,0.6074
DIAMONDS KING DIAMONDS FIVE,0.4206,0.007,0.5724
HEARTS THREE DIAMONDS FIVE,0.5928,0.096,0.3112
HEARTS QUEEN HEARTS EIGHT,0.3998,0.0106,0.5896
DIAMONDS ACE DIAMONDS FIVE,0.4256,0.0054,0.569
HEARTS FOUR DIAMONDS FIVE,0.5886,0.0906,0.3208
HEARTS FIVE DIAMONDS FIVE,0.401,0.1028,0.4962
HEARTS ACE HEARTS EIGHT,0.3974,0.0028,0.5998
CLUBS FOUR DIAMONDS FIVE,0.5796,0.0858,0.3346
CLUBS FIVE DIAMONDS FIVE,0.4226,0.1028,0.4746
CLUBS SIX DIAMONDS FIVE,0.5888,0.192,0.2192
CLUBS SEVEN DIAMONDS FIVE,0.4266,0.363,0.2104
CLUBS TWO DIAMONDS FIVE,0.6168,0.0838,0.2994
CLUBS THREE DIAMONDS FIVE,0.5892,0.0954,0.3154
SPADES THREE DIAMONDS FIVE,0.595,0.0982,0.3068
SPADES TWO DIAMONDS FIVE,0.6132,0.0954,0.2914
SPADES FIVE DIAMONDS FIVE,0.3926,0.1074,0.5
SPADES JACK DIAMONDS EIGHT,0.4022,0.0152,0.5826
HEARTS JACK CLUBS TEN,0.3954,0.0122,0.5924
SPADES TEN DIAMONDS EIGHT,0.3814,0.0236,0.595
SPADES FOUR DIAMONDS FIVE,0.5834,0.0954,0.3212
HEARTS JACK CLUBS JACK,0.2254,0.0416,0.733
HEARTS JACK CLUBS QUEEN,0.3918,0.008,0.6002
CLUBS NINE DIAMONDS FIVE,0.45,0.0348,0.5152
HEARTS JACK CLUBS KING,0.4206,0.0042,0.5752
CLUBS EIGHT DIAMONDS FIVE,0.4428,0.0598,0.4974
HEARTS JACK CLUBS ACE,0.41,0.004,0.586
SPADES KING DIAMONDS EIGHT,0.4064,0.0096,0.584
SPADES QUEEN DIAMONDS EIGHT,0.3996,0.0104,0.59
SPADES NINE DIAMONDS FIVE,0.4558,0.0394,0.5048
SPADES EIGHT DIAMONDS FIVE,0.4274,0.0618,0.5108
SPADES ACE DIAMONDS EIGHT,0.3936,0.0052,0.6012
DIAMONDS TEN DIAMONDS SIX,0.3124,0.075,0.6126
HEARTS ACE DIAMONDS SEVEN,0.3174,0.0246,0.658
DIAMONDS JACK DIAMONDS SIX,0.3094,0.0524,0.6382
HEARTS QUEEN DIAMONDS SEVEN,0.3186,0.0498,0.6316
HEARTS KING DIAMONDS SEVEN,0.33,0.031,0.639
DIAMONDS ACE DIAMONDS SIX,0.315,0.0206,0.6644
HEARTS FOUR DIAMONDS SIX,0.5862,0.1842,0.2296
SPADES TWO HEARTS JACK,0.4722,0.0164,0.5114
HEARTS FIVE DIAMONDS SIX,0.572,0.1942,0.2338
SPADES TWO HEARTS TEN,0.4636,0.0298,0.5066
DIAMONDS QUEEN DIAMONDS SIX,0.3164,0.0454,0.6382
HEARTS TWO DIAMONDS SIX,0.6104,0.195,0.1946
DIAMONDS KING DIAMONDS SIX,0.3158,0.0282,0.656
HEARTS THREE DIAMONDS SIX,0.5864,0.1936,0.22
HEARTS EIGHT DIAMONDS SIX,0.293,0.1402,0.5668
HEARTS NINE DIAMONDS SIX,0.3098,0.091,0.5992
HEARTS SIX DIAMONDS SIX,0.3288,0.0806,0.5906
HEARTS SEVEN DIAMONDS SIX,0.0646,0.9134,0.022
HEARTS TEN DIAMONDS SEVEN,0.3226,0.0754,0.602
CLUBS TWO DIAMONDS SIX,0.6006,0.1892,0.2102
HEARTS JACK DIAMONDS SEVEN,0.3132,0.0568,0.63
CLUBS THREE DIAMONDS SIX,0.6062,0.1824,0.2114
DIAMONDS EIGHT CLUBS JACK,0.3966,0.015,0.5884
CLUBS SEVEN DIAMONDS SIX,0.0756,0.9052,0.0192
CLUBS SIX DIAMONDS SIX,0.3366,0.0846,0.5788
DIAMONDS EIGHT CLUBS TEN,0.3868,0.0238,0.5894
CLUBS FIVE DIAMONDS SIX,0.5752,0.1916,0.2332
CLUBS FOUR DIAMONDS SIX,0.5904,0.1856,0.224
HEARTS ACE HEARTS JACK,0.375,0.0044,0.6206
DIAMONDS EIGHT CLUBS ACE,0.4062,0.0028,0.591
HEARTS JACK HEARTS QUEEN,0.3664,0.009,0.6246
DIAMONDS EIGHT CLUBS KING,0.42,0.007,0.573
CLUBS NINE DIAMONDS SIX,0.3026,0.1048,0.5926
HEARTS KING HEARTS JACK,0.374,0.007,0.619
DIAMONDS EIGHT CLUBS QUEEN,0.4096,0.0108,0.5796
CLUBS EIGHT DIAMONDS SIX,0.2988,0.1296,0.5716
SPADES FIVE DIAMONDS SIX,0.5734,0.1948,0.2318
SPADES TEN HEARTS KING,0.396,0.007,0.597
HEARTS ACE SPADES TWO,0.4584,0.0058,0.5358
SPADES JACK HEARTS KING,0.393,0.008,0.599
SPADES FOUR DIAMONDS SIX,0.5806,0.186,0.2334
SPADES THREE DIAMONDS SIX,0.5948,0.1878,0.2174
SPADES TWO HEARTS QUEEN,0.4628,0.0112,0.526
SPADES ACE SPADES KING,0.3504,0.005,0.6446
HEARTS KING SPADES TWO,0.4722,0.0094,0.5184
SPADES TWO DIAMONDS SIX,0.6118,0.1916,0.1966
HEARTS TEN HEARTS EIGHT,0.378,0.0268,0.5952
SPADES NINE DIAMONDS SIX,0.2992,0.0994,0.6014
HEARTS JACK HEARTS EIGHT,0.3646,0.0162,0.6192
SPADES EIGHT DIAMONDS SIX,0.2804,0.1282,0.5914
SPADES KING HEARTS KING,0.2248,0.0174,0.7578
SPADES QUEEN HEARTS KING,0.3948,0.0068,0.5984
CLUBS ACE CLUBS KING,0.3922,0.0036,0.6042
SPADES ACE HEARTS KING,0.407,0.005,0.588
SPADES ACE HEARTS JACK,0.3928,0.0044,0.6028
SPADES QUEEN HEARTS JACK,0.3948,0.0104,0.5948
SPADES KING HEARTS JACK,0.3916,0.0074,0.601
SPADES TEN DIAMONDS TEN,0.211,0.0512,0.7378
SPADES JACK DIAMONDS TEN,0.3756,0.0138,0.6106
SPADES ACE DIAMONDS TEN,0.3868,0.004,0.6092
SPADES JACK HEARTS JACK,0.2276,0.0458,0.7266
SPADES TEN HEARTS JACK,0.3782,0.0146,0.6072
SPADES QUEEN DIAMONDS TEN,0.3852,0.0138,0.601
SPADES KING DIAMONDS TEN,0.4026,0.0074,0.59
SPADES NINE DIAMONDS SEVEN,0.2826,0.1074,0.61
SPADES EIGHT DIAMONDS SEVEN,0.2694,0.1442,0.5864
DIAMONDS KING DIAMONDS SEVEN,0.3018,0.0314,0.6668
HEARTS THREE DIAMONDS SEVEN,0.4532,0.347,0.1998
HEARTS KING DIAMONDS FIVE,0.4614,0.0074,0.5312
DIAMONDS QUEEN DIAMONDS SEVEN,0.318,0.0438,0.6382
HEARTS TWO DIAMONDS SEVEN,0.445,0.3446,0.2104
HEARTS QUEEN DIAMONDS FIVE,0.4478,0.0136,0.5386
HEARTS FIVE DIAMONDS SEVEN,0.4272,0.359,0.2138
DIAMONDS ACE DIAMONDS SEVEN,0.2962,0.0224,0.6814
HEARTS FOUR DIAMONDS SEVEN,0.4298,0.3638,0.2064
HEARTS ACE DIAMONDS FIVE,0.443,0.0046,0.5524
HEARTS SEVEN DIAMONDS SEVEN,0.1738,0.0962,0.73
HEARTS SIX DIAMONDS SEVEN,0.0718,0.905,0.0232
HEARTS NINE DIAMONDS SEVEN,0.3106,0.1016,0.5878
DIAMONDS SEVEN HEARTS EIGHT,0.289,0.1346,0.5764
DIAMONDS JACK DIAMONDS SEVEN,0.2844,0.0632,0.6524
HEARTS JACK DIAMONDS FIVE,0.459,0.0174,0.5236
DIAMONDS TEN DIAMONDS SEVEN,0.2956,0.0758,0.6286
DIAMONDS FIVE HEARTS TEN,0.4754,0.025,0.4996
SPADES KING CLUBS TWO,0.4574,0.011,0.5316
HEARTS KING CLUBS KING,0.2214,0.0152,0.7634
CLUBS EIGHT DIAMONDS SEVEN,0.2882,0.146,0.5658
SPADES QUEEN CLUBS TWO,0.4558,0.0104,0.5338
HEARTS KING CLUBS QUEEN,0.4136,0.0052,0.5812
CLUBS NINE DIAMONDS SEVEN,0.2968,0.1056,0.5976
SPADES TWO CLUBS JACK,0.4604,0.016,0.5236
SPADES ACE CLUBS TWO,0.4322,0.0052,0.5626
SPADES TWO CLUBS TEN,0.4582,0.0282,0.5136
HEARTS KING CLUBS ACE,0.418,0.0038,0.5782
CLUBS SIX CLUBS SEVEN,0.0738,0.8556,0.0706
SPADES TWO CLUBS KING,0.4844,0.0084,0.5072
SPADES TWO DIAMONDS SEVEN,0.4412,0.3592,0.1996
CLUBS EIGHT CLUBS SIX,0.298,0.1292,0.5728
SPADES THREE DIAMONDS SEVEN,0.4414,0.3586,0.2
SPADES TWO CLUBS QUEEN,0.4698,0.0132,0.517
CLUBS NINE CLUBS SIX,0.2956,0.0984,0.606
SPADES FOUR DIAMONDS SEVEN,0.438,0.366,0.196
HEARTS KING CLUBS JACK,0.418,0.0072,0.5748
SPADES FIVE DIAMONDS SEVEN,0.4158,0.3644,0.2198
SPADES TWO CLUBS ACE,0.434,0.0046,0.5614
HEARTS KING CLUBS TEN,0.4096,0.006,0.5844
CLUBS SIX SPADES TWO,0.6118,0.1896,0.1986
CLUBS SIX SPADES THREE,0.578,0.1952,0.2268
CLUBS TWO DIAMONDS SEVEN,0.4556,0.3468,0.1976
CLUBS SIX SPADES FOUR,0.5854,0.1824,0.2322
CLUBS THREE DIAMONDS SEVEN,0.446,0.3506,0.2034
CLUBS SIX SPADES FIVE,0.5662,0.1912,0.2426
CLUBS FOUR DIAMONDS SEVEN,0.4396,0.3536,0.2068
CLUBS FIVE DIAMONDS SEVEN,0.4408,0.3554,0.2038
CLUBS SIX DIAMONDS SEVEN,0.067,0.9112,0.0218
CLUBS SIX SPADES EIGHT,0.2878,0.1374,0.5748
SPADES JACK CLUBS TWO,0.4474,0.0154,0.5372
CLUBS SIX SPADES NINE,0.2886,0.099,0.6124
SPADES TEN CLUBS TWO,0.4636,0.025,0.5114
CLUBS SEVEN DIAMONDS SEVEN,0.183,0.0924,0.7246
CLUBS TWO CLUBS QUEEN,0.451,0.0106,0.5384
CLUBS TWO CLUBS KING,0.439,0.0092,0.5518
CLUBS THREE DIAMONDS EIGHT,0.4716,0.0618,0.4666
CLUBS TWO CLUBS ACE,0.4338,0.0044,0.5618
CLUBS TWO DIAMONDS EIGHT,0.458,0.0606,0.4814
DIAMONDS EIGHT HEARTS SEVEN,0.2812,0.1376,0.5812
HEARTS SIX DIAMONDS EIGHT,0.2926,0.1358,0.5716
DIAMONDS EIGHT HEARTS NINE,0.3952,0.0348,0.57
CLUBS TWO CLUBS TEN,0.4502,0.0286,0.5212
DIAMONDS EIGHT HEARTS EIGHT,0.1928,0.0792,0.728
CLUBS TWO CLUBS JACK,0.4484,0.0186,0.533
CLUBS NINE DIAMONDS EIGHT,0.3892,0.0362,0.5746
CLUBS EIGHT DIAMONDS EIGHT,0.1892,0.0848,0.726
CLUBS FIVE DIAMONDS EIGHT,0.4408,0.0594,0.4998
SPADES ACE SPADES THREE,0.4074,0.005,0.5876
CLUBS FOUR DIAMONDS EIGHT,0.455,0.0626,0.4824
SPADES QUEEN SPADES THREE,0.4148,0.0138,0.5714
CLUBS SEVEN DIAMONDS EIGHT,0.2854,0.1282,0.5864
CLUBS SIX DIAMONDS EIGHT,0.3044,0.1394,0.5562
SPADES KING SPADES THREE,0.4204,0.008,0.5716
DIAMONDS QUEEN DIAMONDS EIGHT,0.3904,0.0128,0.5968
HEARTS TWO DIAMONDS EIGHT,0.4674,0.0596,0.473
DIAMONDS KING DIAMONDS EIGHT,0.394,0.0068,0.5992
HEARTS THREE DIAMONDS EIGHT,0.4748,0.0608,0.4644
DIAMONDS ACE DIAMONDS EIGHT,0.3972,0.0046,0.5982
HEARTS FOUR DIAMONDS EIGHT,0.454,0.0528,0.4932
HEARTS FIVE DIAMONDS EIGHT,0.4372,0.0608,0.502
DIAMONDS EIGHT DIAMONDS TEN,0.3766,0.0222,0.6012
DIAMONDS EIGHT DIAMONDS JACK,0.3814,0.0176,0.601
SPADES JACK SPADES THREE,0.4196,0.0174,0.563
SPADES TEN SPADES THREE,0.4246,0.031,0.5444
CLUBS FOUR HEARTS ACE,0.4644,0.0044,0.5312
CLUBS FOUR HEARTS QUEEN,0.4686,0.014,0.5174
CLUBS FOUR HEARTS KING,0.4684,0.007,0.5246
CLUBS SIX HEARTS TEN,0.3302,0.0776,0.5922
CLUBS SIX HEARTS JACK,0.3332,0.0502,0.6166
SPADES FOUR DIAMONDS EIGHT,0.4494,0.0644,0.4862
SPADES FIVE DIAMONDS EIGHT,0.4326,0.0606,0.5068
DIAMONDS EIGHT SPADES TWO,0.4606,0.0566,0.4828
SPADES THREE DIAMONDS EIGHT,0.4556,0.0668,0.4776
CLUBS FOUR HEARTS JACK,0.4738,0.02,0.5062
SPADES EIGHT DIAMONDS EIGHT,0.1944,0.0756,0.73
SPADES TEN DIAMONDS QUEEN,0.3898,0.009,0.6012
SPADES TEN HEARTS TWO,0.4638,0.0276,0.5086
SPADES JACK HEARTS EIGHT,0.3782,0.0164,0.6054
CLUBS FOUR HEARTS TEN,0.4694,0.0282,0.5024
SPADES NINE DIAMONDS EIGHT,0.3798,0.0358,0.5844
SPADES TEN HEARTS EIGHT,0.3728,0.0232,0.604
SPADES JACK HEARTS TWO,0.4596,0.0186,0.5218
SPADES JACK DIAMONDS QUEEN,0.3708,0.0104,0.6188
SPADES ACE HEARTS TWO,0.4418,0.0062,0.552
SPADES ACE DIAMONDS QUEEN,0.3964,0.0046,0.599
SPADES ACE HEARTS EIGHT,0.3962,0.0046,0.5992
SPADES KING HEARTS EIGHT,0.4104,0.0074,0.5822
SPADES QUEEN HEARTS TWO,0.4596,0.0136,0.5268
SPADES QUEEN DIAMONDS QUEEN,0.2206,0.0316,0.7478
SPADES KING DIAMONDS QUEEN,0.399,0.009,0.592
SPADES KING HEARTS TWO,0.467,0.0074,0.5256
SPADES QUEEN HEARTS EIGHT,0.3876,0.0136,0.5988
CLUBS TWO HEARTS TEN,0.4688,0.0224,0.5088
CLUBS TWO HEARTS JACK,0.4612,0.02,0.5188
SPADES NINE DIAMONDS NINE,0.2014,0.0736,0.725
SPADES EIGHT DIAMONDS NINE,0.3646,0.036,0.5994
SPADES TEN CLUBS KING,0.3918,0.0064,0.6018
DIAMONDS NINE SPADES THREE,0.463,0.0438,0.4932
SPADES JACK CLUBS KING,0.3922,0.0064,0.6014
DIAMONDS NINE SPADES TWO,0.4608,0.041,0.4982
SPADES FIVE DIAMONDS NINE,0.4436,0.039,0.5174
SPADES FOUR DIAMONDS NINE,0.4572,0.038,0.5048
CLUBS NINE DIAMONDS NINE,0.208,0.0712,0.7208
CLUBS EIGHT DIAMONDS NINE,0.374,0.0336,0.5924
CLUBS SIX DIAMONDS NINE,0.3176,0.0936,0.5888
SPADES JACK CLUBS FOUR,0.453,0.0164,0.5306
SPADES TEN CLUBS FOUR,0.4434,0.0258,0.5308
CLUBS SEVEN DIAMONDS NINE,0.296,0.104,0.6
CLUBS FOUR DIAMONDS NINE,0.4576,0.043,0.4994
CLUBS FIVE DIAMONDS NINE,0.4464,0.0376,0.516
CLUBS TWO DIAMONDS NINE,0.4738,0.041,0.4852
CLUBS THREE DIAMONDS NINE,0.4732,0.039,0.4878
DIAMONDS NINE HEARTS EIGHT,0.3866,0.031,0.5824
DIAMONDS NINE HEARTS NINE,0.2128,0.0696,0.7176
HEARTS SIX DIAMONDS NINE,0.3032,0.1062,0.5906
DIAMONDS NINE HEARTS SEVEN,0.3042,0.0984,0.5974
CLUBS EIGHT CLUBS NINE,0.3688,0.0332,0.598
DIAMONDS ACE DIAMONDS NINE,0.3868,0.0046,0.6086
HEARTS FOUR DIAMONDS NINE,0.4556,0.0396,0.5048
HEARTS FIVE DIAMONDS NINE,0.4446,0.0422,0.5132
CLUBS TWO HEARTS ACE,0.4448,0.0046,0.5506
SPADES ACE CLUBS FOUR,0.4468,0.0042,0.549
DIAMONDS QUEEN DIAMONDS NINE,0.3796,0.0108,0.6096
HEARTS TWO DIAMONDS NINE,0.4712,0.0478,0.481
CLUBS TWO HEARTS KING,0.477,0.0094,0.5136
SPADES KING CLUBS FOUR,0.4452,0.008,0.5468
DIAMONDS KING DIAMONDS NINE,0.3902,0.0066,0.6032
HEARTS THREE DIAMONDS NINE,0.4778,0.0378,0.4844
CLUBS TWO HEARTS QUEEN,0.4608,0.0128,0.5264
SPADES QUEEN CLUBS FOUR,0.4576,0.0108,0.5316
DIAMONDS NINE DIAMONDS JACK,0.381,0.0186,0.6004
CLUBS EIGHT SPADES NINE,0.3662,0.0358,0.598
DIAMONDS NINE DIAMONDS TEN,0.3576,0.0204,0.622
CLUBS EIGHT SPADES EIGHT,0.187,0.082,0.731
CLUBS EIGHT SPADES FIVE,0.4456,0.0594,0.495
CLUBS EIGHT SPADES FOUR,0.4578,0.0578,0.4844
CLUBS EIGHT SPADES THREE,0.4666,0.0614,0.472
CLUBS EIGHT SPADES TWO,0.4766,0.065,0.4584
HEARTS SIX DIAMONDS TEN,0.3134,0.0698,0.6168
DIAMONDS TEN HEARTS SEVEN,0.3114,0.0804,0.6082
DIAMONDS TEN HEARTS EIGHT,0.3954,0.022,0.5826
CLUBS FOUR CLUBS JACK,0.4344,0.0156,0.55
DIAMONDS TEN HEARTS NINE,0.3916,0.0202,0.5882
CLUBS FOUR CLUBS TEN,0.4346,0.0254,0.54
CLUBS FOUR CLUBS KING,0.446,0.0074,0.5466
CLUBS FOUR CLUBS QUEEN,0.4252,0.0134,0.5614
CLUBS TWO DIAMONDS TEN,0.4638,0.0264,0.5098
CLUBS THREE DIAMONDS TEN,0.471,0.0278,0.5012
CLUBS FOUR CLUBS ACE,0.4446,0.0072,0.5482
DIAMONDS JACK DIAMONDS TEN,0.3704,0.0184,0.6112
DIAMONDS QUEEN DIAMONDS TEN,0.3768,0.01,0.6132
HEARTS TWO DIAMONDS TEN,0.491,0.0302,0.4788
DIAMONDS KING DIAMONDS TEN,0.4026,0.0064,0.591
HEARTS THREE DIAMONDS TEN,0.4964,0.0242,0.4794
DIAMONDS ACE DIAMONDS TEN,0.3866,0.006,0.6074
HEARTS FOUR DIAMONDS TEN,0.4572,0.0294,0.5134
CLUBS EIGHT HEARTS JACK,0.4002,0.0156,0.5842
HEARTS FIVE DIAMONDS TEN,0.459,0.0216,0.5194
CLUBS EIGHT HEARTS TEN,0.3892,0.0214,0.5894
CLUBS EIGHT HEARTS QUEEN,0.4064,0.0104,0.5832
CLUBS EIGHT HEARTS KING,0.4238,0.009,0.5672
CLUBS EIGHT HEARTS ACE,0.414,0.0036,0.5824
CLUBS NINE SPADES THREE,0.4642,0.0462,0.4896
CLUBS NINE SPADES TWO,0.4636,0.0364,0.5
CLUBS NINE SPADES FIVE,0.4514,0.0402,0.5084
CLUBS NINE SPADES FOUR,0.4572,0.0412,0.5016
CLUBS NINE SPADES NINE,0.2036,0.0616,0.7348
CLUBS TEN HEARTS EIGHT,0.3914,0.0258,0.5828
CLUBS NINE SPADES EIGHT,0.3636,0.039,0.5974
CLUBS JACK HEARTS EIGHT,0.4032,0.017,0.5798
CLUBS QUEEN HEARTS EIGHT,0.412,0.011,0.577
CLUBS KING HEARTS EIGHT,0.4164,0.0062,0.5774
CLUBS ACE HEARTS EIGHT,0.4178,0.0042,0.578
SPADES KING CLUBS KING,0.2166,0.0176,0.7658
SPADES QUEEN CLUBS KING,0.3834,0.008,0.6086
SPADES ACE CLUBS KING,0.3848,0.0058,0.6094
DIAMONDS ACE HEARTS TEN,0.3998,0.0024,0.5978
HEARTS FOUR HEARTS TEN,0.4412,0.0254,0.5334
DIAMONDS ACE HEARTS JACK,0.398,0.0034,0.5986
HEARTS FOUR HEARTS JACK,0.425,0.017,0.558
SPADES KING CLUBS FIVE,0.4542,0.008,0.5378
SPADES QUEEN CLUBS FIVE,0.4472,0.0134,0.5394
SPADES ACE CLUBS FIVE,0.4538,0.005,0.5412
DIAMONDS JACK HEARTS SEVEN,0.3098,0.0576,0.6326
HEARTS SIX DIAMONDS JACK,0.3318,0.051,0.6172
DIAMONDS JACK HEARTS NINE,0.4006,0.0172,0.5822
DIAMONDS JACK HEARTS EIGHT,0.3896,0.0164,0.594
DIAMONDS KING DIAMONDS JACK,0.378,0.007,0.615
HEARTS THREE DIAMONDS JACK,0.476,0.0194,0.5046
SPADES FOUR HEARTS ACE,0.4476,0.006,0.5464
DIAMONDS QUEEN DIAMONDS JACK,0.3722,0.008,0.6198
HEARTS TWO DIAMONDS JACK,0.4712,0.0152,0.5136
HEARTS FIVE DIAMONDS JACK,0.4554,0.013,0.5316
SPADES FOUR HEARTS QUEEN,0.459,0.014,0.527
DIAMONDS ACE DIAMONDS JACK,0.3778,0.003,0.6192
HEARTS FOUR DIAMONDS JACK,0.4638,0.0156,0.5206
SPADES FOUR HEARTS KING,0.4614,0.0064,0.5322
SPADES FOUR DIAMONDS JACK,0.4514,0.022,0.5266
SPADES FIVE DIAMONDS JACK,0.4508,0.0194,0.5298
SPADES TWO DIAMONDS JACK,0.4618,0.0176,0.5206
SPADES THREE DIAMONDS JACK,0.4556,0.0174,0.527
SPADES ACE DIAMONDS THREE,0.4438,0.0066,0.5496
SPADES QUEEN DIAMONDS THREE,0.4482,0.0136,0.5382
CLUBS EIGHT DIAMONDS JACK,0.3952,0.0166,0.5882
SPADES KING DIAMONDS THREE,0.458,0.0048,0.5372
CLUBS NINE DIAMONDS JACK,0.4028,0.0166,0.5806
CLUBS SIX DIAMONDS JACK,0.3402,0.047,0.6128
CLUBS SEVEN DIAMONDS JACK,0.3248,0.052,0.6232
CLUBS FOUR DIAMONDS JACK,0.4594,0.0218,0.5188
CLUBS FIVE DIAMONDS JACK,0.4512,0.0198,0.529
CLUBS TWO DIAMONDS JACK,0.4754,0.0194,0.5052
CLUBS THREE DIAMONDS JACK,0.4776,0.0168,0.5056
SPADES TEN CLUBS FIVE,0.449,0.0264,0.5246
HEARTS SIX SPADES JACK,0.3212,0.0578,0.621
HEARTS SIX SPADES TEN,0.2822,0.0724,0.6454
SPADES JACK CLUBS FIVE,0.444,0.0178,0.5382
SPADES JACK DIAMONDS THREE,0.4586,0.019,0.5224
CLUBS SEVEN CLUBS ACE,0.3122,0.0204,0.6674
DIAMONDS THREE SPADES TEN,0.433,0.0322,0.5348
CLUBS SEVEN CLUBS QUEEN,0.3134,0.0426,0.644
CLUBS SEVEN CLUBS KING,0.3264,0.0324,0.6412
SPADES NINE DIAMONDS JACK,0.3946,0.0156,0.5898
CLUBS SEVEN CLUBS TEN,0.3014,0.0768,0.6218
DIAMONDS ACE HEARTS ACE,0.222,0.0034,0.7746
HEARTS FOUR HEARTS ACE,0.4308,0.0056,0.5636
SPADES EIGHT DIAMONDS JACK,0.3862,0.0182,0.5956
SPADES ACE HEARTS SIX,0.3282,0.0194,0.6524
CLUBS SEVEN CLUBS JACK,0.2938,0.0548,0.6514
DIAMONDS ACE HEARTS KING,0.4082,0.0034,0.5884
HEARTS FOUR HEARTS KING,0.4394,0.0098,0.5508
SPADES KING HEARTS SIX,0.3136,0.0312,0.6552
DIAMONDS ACE HEARTS QUEEN,0.4046,0.0028,0.5926
HEARTS FOUR HEARTS QUEEN,0.433,0.0148,0.5522
SPADES QUEEN HEARTS SIX,0.3194,0.0416,0.639
SPADES TWO DIAMONDS TEN,0.4556,0.0318,0.5126
SPADES THREE DIAMONDS TEN,0.4676,0.027,0.5054
SPADES FOUR DIAMONDS TEN,0.458,0.0266,0.5154
SPADES FIVE DIAMONDS TEN,0.4514,0.0278,0.5208
SPADES EIGHT DIAMONDS TEN,0.3826,0.025,0.5924
SPADES NINE DIAMONDS TEN,0.3668,0.0242,0.609
CLUBS FOUR DIAMONDS TEN,0.4664,0.0258,0.5078
CLUBS FIVE DIAMONDS TEN,0.4758,0.0258,0.4984
CLUBS SIX DIAMONDS TEN,0.3282,0.0742,0.5976
CLUBS SEVEN DIAMONDS TEN,0.3062,0.0812,0.6126
CLUBS EIGHT DIAMONDS TEN,0.3958,0.0236,0.5806
CLUBS NINE DIAMONDS TEN,0.3958,0.0234,0.5808
DIAMONDS THREE CLUBS JACK,0.4656,0.0184,0.516
DIAMONDS THREE CLUBS TEN,0.4668,0.0262,0.507
DIAMONDS THREE CLUBS KING,0.4594,0.0088,0.5318
DIAMONDS THREE CLUBS QUEEN,0.4702,0.0128,0.517
DIAMONDS THREE CLUBS ACE,0.4562,0.0054,0.5384
SPADES FOUR HEARTS JACK,0.4572,0.0168,0.526
SPADES FOUR HEARTS TEN,0.4708,0.0266,0.5026
SPADES FIVE SPADES TWO,0.6132,0.0898,0.297
SPADES FOUR SPADES TWO,0.616,0.09,0.294
SPADES THREE SPADES TWO,0.5954,0.0972,0.3074
SPADES NINE SPADES TWO,0.4336,0.046,0.5204
SPADES EIGHT SPADES TWO,0.4256,0.0636,0.5108
DIAMONDS QUEEN CLUBS THREE,0.4652,0.0126,0.5222
HEARTS TWO CLUBS THREE,0.5852,0.0956,0.3192
DIAMONDS QUEEN CLUBS TWO,0.479,0.0094,0.5116
CLUBS TWO HEARTS TWO,0.4286,0.1036,0.4678
DIAMONDS QUEEN HEARTS SEVEN,0.3378,0.0416,0.6206
HEARTS TWO HEARTS SEVEN,0.4234,0.3226,0.254
HEARTS SIX DIAMONDS QUEEN,0.331,0.0468,0.6222
HEARTS SIX HEARTS TWO,0.5746,0.1806,0.2448
DIAMONDS QUEEN HEARTS NINE,0.4092,0.0098,0.581
HEARTS TWO HEARTS NINE,0.4326,0.0404,0.527
DIAMONDS QUEEN HEARTS EIGHT,0.4138,0.0104,0.5758
HEARTS TWO HEARTS EIGHT,0.446,0.0596,0.4944
CLUBS NINE HEARTS TWO,0.4882,0.0416,0.4702
CLUBS NINE DIAMONDS QUEEN,0.4052,0.0098,0.585
CLUBS EIGHT HEARTS TWO,0.4794,0.06,0.4606
CLUBS EIGHT DIAMONDS QUEEN,0.4088,0.0106,0.5806
CLUBS FIVE DIAMONDS QUEEN,0.4602,0.0138,0.526
CLUBS FIVE HEARTS TWO,0.6074,0.0884,0.3042
SPADES EIGHT HEARTS ACE,0.408,0.0046,0.5874
CLUBS FOUR DIAMONDS QUEEN,0.4572,0.01,0.5328
CLUBS FOUR HEARTS TWO,0.6,0.0898,0.3102
SPADES EIGHT HEARTS QUEEN,0.3906,0.0116,0.5978
CLUBS SEVEN HEARTS TWO,0.4602,0.3406,0.1992
CLUBS SEVEN DIAMONDS QUEEN,0.3304,0.04,0.6296
CLUBS SIX DIAMONDS QUEEN,0.3296,0.0432,0.6272
CLUBS SIX HEARTS TWO,0.6132,0.1906,0.1962
SPADES EIGHT HEARTS KING,0.4028,0.0054,0.5918
HEARTS FOUR CLUBS QUEEN,0.4606,0.0102,0.5292
DIAMONDS ACE CLUBS QUEEN,0.4096,0.0058,0.5846
HEARTS FOUR CLUBS KING,0.4542,0.0088,0.537
DIAMONDS ACE CLUBS KING,0.4168,0.0042,0.579
DIAMONDS QUEEN SPADES EIGHT,0.4034,0.0114,0.5852
SPADES EIGHT HEARTS TWO,0.4528,0.0672,0.48
HEARTS FOUR CLUBS ACE,0.4626,0.0036,0.5338
DIAMONDS ACE CLUBS ACE,0.2218,0.0032,0.775
SPADES NINE DIAMONDS QUEEN,0.3992,0.0122,0.5886
SPADES NINE HEARTS TWO,0.4572,0.0398,0.503
HEARTS TWO SPADES TWO,0.4398,0.0942,0.466
DIAMONDS QUEEN SPADES TWO,0.4632,0.0138,0.523
HEARTS TWO SPADES THREE,0.6064,0.0892,0.3044
DIAMONDS QUEEN SPADES THREE,0.451,0.01,0.539
HEARTS TWO SPADES FOUR,0.6038,0.096,0.3002
DIAMONDS QUEEN SPADES FOUR,0.4494,0.0156,0.535
HEARTS FOUR CLUBS TEN,0.4588,0.0272,0.514
DIAMONDS ACE CLUBS TEN,0.4038,0.0038,0.5924
DIAMONDS QUEEN SPADES FIVE,0.4598,0.0142,0.526
HEARTS TWO SPADES FIVE,0.5978,0.094,0.3082
HEARTS FOUR CLUBS JACK,0.461,0.0164,0.5226
DIAMONDS ACE CLUBS JACK,0.4,0.0038,0.5962
CLUBS FIVE CLUBS KING,0.4378,0.0082,0.554
CLUBS FIVE CLUBS QUEEN,0.4186,0.0094,0.572
CLUBS FIVE CLUBS ACE,0.426,0.0052,0.5688
CLUBS FIVE CLUBS JACK,0.4344,0.0182,0.5474
CLUBS FIVE CLUBS TEN,0.4454,0.0232,0.5314
SPADES KING CLUBS JACK,0.3828,0.0074,0.6098
SPADES QUEEN CLUBS JACK,0.3768,0.0118,0.6114
SPADES ACE CLUBS JACK,0.3834,0.0054,0.6112
SPADES EIGHT HEARTS JACK,0.3886,0.0146,0.5968
SPADES EIGHT HEARTS TEN,0.3822,0.0244,0.5934
SPADES TEN CLUBS JACK,0.3792,0.0138,0.607
SPADES JACK CLUBS JACK,0.2106,0.044,0.7454
SPADES QUEEN CLUBS SEVEN,0.3168,0.0454,0.6378
SPADES KING CLUBS SEVEN,0.3136,0.0346,0.6518
SPADES ACE CLUBS SEVEN,0.2996,0.0254,0.675
SPADES JACK CLUBS SEVEN,0.2998,0.0644,0.6358
CLUBS SEVEN SPADES TEN,0.292,0.0712,0.6368
HEARTS SIX CLUBS TEN,0.3172,0.0734,0.6094
HEARTS SIX CLUBS JACK,0.3262,0.053,0.6208
CLUBS ACE CLUBS JACK,0.3742,0.0046,0.6212
HEARTS SIX CLUBS QUEEN,0.3332,0.0372,0.6296
HEARTS SIX CLUBS KING,0.344,0.0288,0.6272
HEARTS SIX CLUBS ACE,0.3346,0.0212,0.6442
CLUBS QUEEN CLUBS JACK,0.3684,0.007,0.6246
CLUBS KING CLUBS JACK,0.3836,0.0076,0.6088
DIAMONDS THREE HEARTS ACE,0.4648,0.0042,0.531
DIAMONDS THREE HEARTS QUEEN,0.469,0.0122,0.5188
DIAMONDS THREE HEARTS KING,0.4636,0.0066,0.5298
CLUBS FIVE HEARTS JACK,0.451,0.019,0.53
SPADES TEN DIAMONDS ACE,0.391,0.0036,0.6054
HEARTS FOUR SPADES TEN,0.4658,0.0268,0.5074
CLUBS FIVE HEARTS TEN,0.4626,0.0272,0.5102
HEARTS FOUR SPADES JACK,0.4294,0.0206,0.55
SPADES JACK DIAMONDS ACE,0.3768,0.0062,0.617
SPADES ACE HEARTS FOUR,0.4424,0.005,0.5526
SPADES ACE DIAMONDS ACE,0.2006,0.0044,0.795
CLUBS FIVE HEARTS ACE,0.4462,0.005,0.5488
CLUBS FIVE HEARTS KING,0.4582,0.0078,0.534
SPADES FOUR CLUBS JACK,0.4562,0.0172,0.5266
HEARTS FOUR SPADES QUEEN,0.4492,0.013,0.5378
SPADES QUEEN DIAMONDS ACE,0.399,0.0056,0.5954
CLUBS FIVE HEARTS QUEEN,0.452,0.012,0.536
SPADES FOUR CLUBS TEN,0.4518,0.0266,0.5216
SPADES KING DIAMONDS ACE,0.3948,0.0056,0.5996
HEARTS FOUR SPADES KING,0.4538,0.009,0.5372
DIAMONDS QUEEN DIAMONDS ACE,0.3938,0.0056,0.6006
HEARTS TWO DIAMONDS ACE,0.461,0.004,0.535
HEARTS FOUR DIAMONDS QUEEN,0.4548,0.01,0.5352
HEARTS FOUR HEARTS TWO,0.592,0.0756,0.3324
DIAMONDS THREE HEARTS TEN,0.4682,0.0278,0.504
SPADES FOUR CLUBS KING,0.4618,0.0094,0.5288
HEARTS FIVE DIAMONDS QUEEN,0.4604,0.0142,0.5254
HEARTS FIVE HEARTS TWO,0.573,0.0808,0.3462
DIAMONDS THREE HEARTS JACK,0.4674,0.0174,0.5152
SPADES FOUR CLUBS QUEEN,0.462,0.0122,0.5258
DIAMONDS QUEEN HEARTS TWO,0.4736,0.0084,0.518
DIAMONDS KING DIAMONDS QUEEN,0.3806,0.0058,0.6136
DIAMONDS KING HEARTS TWO,0.4692,0.0086,0.5222
HEARTS THREE DIAMONDS QUEEN,0.4658,0.0096,0.5246
HEARTS THREE HEARTS TWO,0.5636,0.0936,0.3428
SPADES FOUR CLUBS ACE,0.4406,0.0058,0.5536
HEARTS TWO CLUBS ACE,0.458,0.006,0.536
DIAMONDS QUEEN CLUBS ACE,0.4094,0.0026,0.588
HEARTS TWO CLUBS QUEEN,0.489,0.0124,0.4986
DIAMONDS QUEEN CLUBS QUEEN,0.2268,0.0282,0.745
HEARTS TWO CLUBS KING,0.4752,0.0076,0.5172
DIAMONDS QUEEN CLUBS KING,0.412,0.0062,0.5818
SPADES EIGHT SPADES FIVE,0.3848,0.0588,0.5564
HEARTS TWO CLUBS TEN,0.4708,0.0226,0.5066
DIAMONDS QUEEN CLUBS TEN,0.3978,0.0084,0.5938
SPADES NINE SPADES FIVE,0.3998,0.0448,0.5554
HEARTS TWO CLUBS JACK,0.4788,0.0198,0.5014
DIAMONDS QUEEN CLUBS JACK,0.3988,0.0082,0.593
DIAMONDS FIVE CLUBS QUEEN,0.4624,0.0116,0.526
SPADES EIGHT CLUBS ACE,0.3918,0.004,0.6042
CLUBS KING DIAMONDS FIVE,0.4718,0.0076,0.5206
SPADES EIGHT CLUBS KING,0.4122,0.0076,0.5802
CLUBS ACE DIAMONDS FIVE,0.4514,0.0048,0.5438
SPADES EIGHT CLUBS QUEEN,0.3986,0.0118,0.5896
SPADES EIGHT CLUBS JACK,0.3768,0.0182,0.605
SPADES EIGHT CLUBS TEN,0.3696,0.0252,0.6052
DIAMONDS FIVE CLUBS TEN,0.4518,0.0296,0.5186
DIAMONDS FIVE CLUBS JACK,0.4546,0.0182,0.5272
HEARTS JACK DIAMONDS TEN,0.3904,0.0126,0.597
DIAMONDS TEN HEARTS TEN,0.2182,0.0578,0.724
SPADES ACE CLUBS NINE,0.3952,0.0048,0.6
CLUBS NINE SPADES QUEEN,0.4048,0.0112,0.584
SPADES KING CLUBS NINE,0.4016,0.0062,0.5922
HEARTS SIX HEARTS KING,0.3104,0.03,0.6596
SPADES KING DIAMONDS SEVEN,0.333,0.0362,0.6308
HEARTS SIX HEARTS QUEEN,0.3008,0.0438,0.6554
SPADES QUEEN DIAMONDS SEVEN,0.3136,0.0382,0.6482
DIAMONDS KING SPADES NINE,0.3836,0.0076,0.6088
HEARTS THREE SPADES NINE,0.4416,0.0466,0.5118
HEARTS SIX HEARTS ACE,0.3252,0.0196,0.6552
DIAMONDS KING SPADES EIGHT,0.4128,0.0074,0.5798
HEARTS THREE SPADES EIGHT,0.4596,0.0628,0.4776
SPADES ACE DIAMONDS SEVEN,0.3132,0.024,0.6628
CLUBS NINE HEARTS THREE,0.4906,0.0436,0.4658
CLUBS NINE DIAMONDS KING,0.4076,0.005,0.5874
CLUBS EIGHT HEARTS THREE,0.4654,0.0588,0.4758
CLUBS EIGHT DIAMONDS KING,0.4018,0.0054,0.5928
HEARTS THREE SPADES THREE,0.4136,0.1116,0.4748
DIAMONDS KING SPADES THREE,0.4666,0.009,0.5244
HEARTS THREE SPADES TWO,0.5918,0.0972,0.311
