opposingHand,winningChance,drawChance,lostChance
SPADES JACK CLUBS TWO
SPADES TEN HEARTS FIVE,0.589,0.0182,0.3928
SPADES FIVE CLUBS JACK,0.207,0.4758,0.3172
CLUBS TEN SPADES FIVE,0.5926,0.019,0.3884
CLUBS EIGHT CLUBS JACK,0.2072,0.2186,0.5742
CLUBS TEN CLUBS EIGHT,0.5276,0.015,0.4574
CLUBS EIGHT CLUBS KING,0.347,0.0058,0.6472
SPADES FIVE CLUBS ACE,0.341,0.0062,0.6528
CLUBS EIGHT CLUBS QUEEN,0.3338,0.012,0.6542
SPADES FIVE CLUBS KING,0.361,0.0066,0.6324
SPADES FIVE CLUBS QUEEN,0.3704,0.0132,0.6164
CLUBS EIGHT CLUBS ACE,0.3314,0.0066,0.662
DIAMONDS TWO DIAMONDS THREE,0.6518,0.0538,0.2944
DIAMONDS TWO DIAMONDS FIVE,0.6364,0.047,0.3166
SPADES KING HEARTS FIVE,0.3424,0.0088,0.6488
DIAMONDS TWO DIAMONDS FOUR,0.6422,0.0538,0.304
SPADES QUEEN HEARTS FIVE,0.3464,0.0142,0.6394
DIAMONDS TWO DIAMONDS SEVEN,0.657,0.0516,0.2914
DIAMONDS TWO DIAMONDS SIX,0.6488,0.0494,0.3018
SPADES ACE HEARTS FIVE,0.3474,0.0046,0.648
DIAMONDS TWO DIAMONDS NINE,0.6636,0.0556,0.2808
DIAMONDS TWO DIAMONDS EIGHT,0.6638,0.0526,0.2836
DIAMONDS THREE DIAMONDS FOUR,0.5278,0.0222,0.45
DIAMONDS THREE DIAMONDS FIVE,0.5308,0.02,0.4492
DIAMONDS THREE DIAMONDS EIGHT,0.5538,0.0198,0.4264
DIAMONDS THREE DIAMONDS NINE,0.5556,0.017,0.4274
DIAMONDS THREE DIAMONDS SIX,0.5594,0.0172,0.4234
DIAMONDS THREE DIAMONDS SEVEN,0.5464,0.0186,0.435
CLUBS TEN CLUBS JACK,0.2036,0.1252,0.6712
DIAMONDS FOUR DIAMONDS SIX,0.5196,0.0198,0.4606
CLUBS TEN CLUBS QUEEN,0.3044,0.0094,0.6862
DIAMONDS FOUR DIAMONDS SEVEN,0.521,0.0226,0.4564
CLUBS TEN CLUBS KING,0.3248,0.0066,0.6686
CLUBS TEN CLUBS ACE,0.331,0.0052,0.6638
DIAMONDS FIVE DIAMONDS FOUR,0.5112,0.02,0.4688
DIAMONDS NINE DIAMONDS FOUR,0.5424,0.0194,0.4382
DIAMONDS EIGHT DIAMONDS FOUR,0.537,0.0176,0.4454
DIAMONDS NINE DIAMONDS FIVE,0.5386,0.0166,0.4448
DIAMONDS TWO CLUBS JACK,0.0138,0.9702,0.016
DIAMONDS EIGHT DIAMONDS FIVE,0.5172,0.0148,0.468
CLUBS TEN DIAMONDS TWO,0.7064,0.0506,0.243
DIAMONDS FIVE DIAMONDS SEVEN,0.5162,0.0184,0.4654
DIAMONDS FIVE DIAMONDS SIX,0.5076,0.0192,0.4732
DIAMONDS TWO CLUBS ACE,0.2394,0.0172,0.7434
DIAMONDS TWO CLUBS KING,0.2366,0.028,0.7354
DIAMONDS TWO CLUBS QUEEN,0.2354,0.044,0.7206
DIAMONDS EIGHT DIAMONDS SIX,0.5138,0.018,0.4682
DIAMONDS NINE DIAMONDS SIX,0.5378,0.0146,0.4476
HEARTS ACE SPADES THREE,0.3584,0.0058,0.6358
HEARTS KING SPADES THREE,0.3556,0.0084,0.636
DIAMONDS SEVEN DIAMONDS SIX,0.5002,0.0148,0.485
SPADES THREE HEARTS QUEEN,0.3542,0.0134,0.6324
SPADES THREE HEARTS JACK,0.2262,0.5262,0.2476
SPADES THREE HEARTS TEN,0.5908,0.019,0.3902
DIAMONDS EIGHT DIAMONDS SEVEN,0.4934,0.0184,0.4882
DIAMONDS NINE DIAMONDS SEVEN,0.5094,0.017,0.4736
DIAMONDS NINE DIAMONDS EIGHT,0.5064,0.0168,0.4768
DIAMONDS KING HEARTS TEN,0.3452,0.0064,0.6484
HEARTS THREE HEARTS TEN,0.553,0.02,0.427
DIAMONDS KING HEARTS JACK,0.2182,0.0292,0.7526
HEARTS THREE HEARTS JACK,0.1976,0.4912,0.3112
SPADES TEN CLUBS SIX,0.5858,0.0176,0.3966
SPADES TEN SPADES FIVE,0.5714,0.0144,0.4142
DIAMONDS KING HEARTS ACE,0.3112,0.0046,0.6842
HEARTS THREE HEARTS ACE,0.316,0.0046,0.6794
SPADES ACE CLUBS SIX,0.3564,0.0052,0.6384
DIAMONDS KING HEARTS QUEEN,0.3038,0.0046,0.6916
HEARTS THREE HEARTS QUEEN,0.337,0.0092,0.6538
SPADES KING CLUBS SIX,0.3618,0.0078,0.6304
DIAMONDS KING HEARTS KING,0.1386,0.0088,0.8526
HEARTS THREE HEARTS KING,0.3374,0.0094,0.6532
SPADES QUEEN CLUBS SIX,0.3528,0.0136,0.6336
SPADES NINE HEARTS TEN,0.5448,0.0166,0.4386
SPADES NINE HEARTS JACK,0.229,0.1654,0.6056
SPADES QUEEN SPADES FIVE,0.3412,0.0128,0.646
SPADES KING SPADES FIVE,0.3368,0.0068,0.6564
SPADES ACE SPADES FIVE,0.3262,0.0048,0.669
SPADES NINE HEARTS QUEEN,0.3382,0.0114,0.6504
SPADES NINE HEARTS KING,0.3596,0.006,0.6344
SPADES NINE HEARTS ACE,0.356,0.0058,0.6382
CLUBS TEN SPADES TEN,0.2796,0.0202,0.7002
SPADES ACE CLUBS TEN,0.3322,0.0062,0.6616
SPADES KING CLUBS TEN,0.3322,0.0082,0.6596
CLUBS TEN SPADES QUEEN,0.3116,0.0112,0.6772
SPADES FIVE HEARTS QUEEN,0.3572,0.0116,0.6312
SPADES FIVE HEARTS KING,0.3634,0.0094,0.6272
SPADES FIVE HEARTS ACE,0.3514,0.0062,0.6424
SPADES TEN CLUBS EIGHT,0.5466,0.0214,0.432
HEARTS THREE SPADES TEN,0.5956,0.0212,0.3832
SPADES TEN DIAMONDS KING,0.3404,0.0086,0.651
CLUBS SIX HEARTS ACE,0.3506,0.005,0.6444
SPADES ACE CLUBS EIGHT,0.3456,0.0054,0.649
HEARTS FIVE CLUBS JACK,0.2116,0.465,0.3234
CLUBS TEN HEARTS FIVE,0.5878,0.0194,0.3928
CLUBS SIX HEARTS QUEEN,0.3586,0.009,0.6324
SPADES QUEEN CLUBS EIGHT,0.3492,0.012,0.6388
CLUBS TEN SPADES THREE,0.5944,0.0186,0.387
CLUBS SIX HEARTS KING,0.3596,0.0062,0.6342
SPADES KING CLUBS EIGHT,0.3474,0.0084,0.6442
SPADES THREE CLUBS JACK,0.2028,0.5358,0.2614
DIAMONDS TWO HEARTS JACK,0.0226,0.9542,0.0232
SPADES THREE CLUBS QUEEN,0.3594,0.0144,0.6262
DIAMONDS TWO HEARTS TEN,0.6928,0.057,0.2502
SPADES THREE CLUBS KING,0.3566,0.0082,0.6352
HEARTS FIVE CLUBS ACE,0.3434,0.0058,0.6508
SPADES FIVE HEARTS TEN,0.5876,0.0204,0.392
SPADES THREE CLUBS ACE,0.3366,0.0056,0.6578
HEARTS FIVE CLUBS KING,0.3474,0.0062,0.6464
SPADES FIVE HEARTS JACK,0.2328,0.4646,0.3026
HEARTS FIVE CLUBS QUEEN,0.3614,0.0118,0.6268
HEARTS THREE CLUBS KING,0.3526,0.0108,0.6366
DIAMONDS KING CLUBS KING,0.1266,0.0088,0.8646
HEARTS THREE CLUBS QUEEN,0.3498,0.0132,0.637
DIAMONDS KING CLUBS QUEEN,0.3068,0.009,0.6842
HEARTS FIVE HEARTS JACK,0.205,0.4218,0.3732
HEARTS FIVE HEARTS TEN,0.559,0.0176,0.4234
HEARTS THREE CLUBS ACE,0.3472,0.0054,0.6474
DIAMONDS KING CLUBS ACE,0.3102,0.0052,0.6846
SPADES ACE CLUBS QUEEN,0.2944,0.0056,0.7
SPADES KING CLUBS QUEEN,0.3002,0.0084,0.6914
HEARTS THREE CLUBS JACK,0.2142,0.527,0.2588
DIAMONDS KING CLUBS JACK,0.2146,0.0286,0.7568
SPADES QUEEN CLUBS QUEEN,0.117,0.0144,0.8686
CLUBS TEN HEARTS THREE,0.5858,0.0154,0.3988
CLUBS TEN DIAMONDS KING,0.3338,0.0062,0.66
CLUBS SIX CLUBS QUEEN,0.3444,0.0112,0.6444
SPADES TEN CLUBS QUEEN,0.325,0.0122,0.6628
CLUBS SIX CLUBS KING,0.345,0.007,0.648
CLUBS SIX CLUBS ACE,0.3426,0.0064,0.651
HEARTS FIVE HEARTS KING,0.3368,0.0074,0.6558
HEARTS FIVE HEARTS QUEEN,0.3396,0.0088,0.6516
CLUBS TEN CLUBS SIX,0.5438,0.0166,0.4396
HEARTS FIVE HEARTS ACE,0.3236,0.0048,0.6716
CLUBS SIX CLUBS JACK,0.21,0.3708,0.4192
SPADES SEVEN HEARTS JACK,0.2152,0.3052,0.4796
SPADES SEVEN HEARTS TEN,0.5526,0.0132,0.4342
DIAMONDS TWO CLUBS THREE,0.6946,0.0532,0.2522
HEARTS SIX DIAMONDS TWO,0.6928,0.0502,0.257
DIAMONDS TWO HEARTS QUEEN,0.2306,0.0384,0.731
DIAMONDS TWO HEARTS SEVEN,0.7022,0.0508,0.247
DIAMONDS TWO HEARTS KING,0.2464,0.0246,0.729
DIAMONDS TWO HEARTS EIGHT,0.6918,0.0598,0.2484
DIAMONDS TWO HEARTS ACE,0.2454,0.0168,0.7378
DIAMONDS TWO HEARTS NINE,0.7094,0.0506,0.24
DIAMONDS TWO DIAMONDS QUEEN,0.2202,0.0394,0.7404
DIAMONDS TWO HEARTS TWO,0.296,0.0364,0.6676
DIAMONDS TWO DIAMONDS KING,0.2316,0.025,0.7434
HEARTS THREE DIAMONDS TWO,0.683,0.0486,0.2684
DIAMONDS TWO DIAMONDS ACE,0.2132,0.0158,0.771
HEARTS FOUR DIAMONDS TWO,0.6716,0.0572,0.2712
DIAMONDS TWO HEARTS FIVE,0.6724,0.061,0.2666
SPADES SEVEN HEARTS ACE,0.3582,0.0044,0.6374
DIAMONDS TWO DIAMONDS TEN,0.6552,0.055,0.2898
SPADES SEVEN HEARTS KING,0.3564,0.011,0.6326
DIAMONDS TWO DIAMONDS JACK,0.0204,0.9088,0.0708
SPADES SEVEN HEARTS QUEEN,0.3592,0.0082,0.6326
DIAMONDS TWO SPADES NINE,0.7188,0.0574,0.2238
DIAMONDS TWO SPADES EIGHT,0.7128,0.0542,0.233
DIAMONDS TWO SPADES SEVEN,0.714,0.0502,0.2358
DIAMONDS TWO SPADES SIX,0.6938,0.054,0.2522
DIAMONDS TWO SPADES FIVE,0.6876,0.0604,0.252
DIAMONDS TWO SPADES FOUR,0.674,0.0566,0.2694
DIAMONDS TWO SPADES THREE,0.6896,0.0576,0.2528
DIAMONDS TWO SPADES TWO,0.295,0.0368,0.6682
CLUBS NINE DIAMONDS TWO,0.7092,0.0512,0.2396
DIAMONDS TWO CLUBS EIGHT,0.7046,0.0564,0.239
CLUBS SEVEN DIAMONDS TWO,0.7108,0.0472,0.242
DIAMONDS TWO CLUBS SIX,0.697,0.0546,0.2484
DIAMONDS TWO CLUBS FIVE,0.6704,0.0494,0.2802
DIAMONDS TWO CLUBS FOUR,0.6734,0.058,0.2686
CLUBS FOUR SPADES FIVE,0.5562,0.0178,0.426
CLUBS FOUR SPADES FOUR,0.3086,0.0462,0.6452
CLUBS FOUR SPADES THREE,0.5678,0.0226,0.4096
CLUBS FOUR SPADES TWO,0.6818,0.0572,0.261
SPADES NINE CLUBS FOUR,0.5824,0.0234,0.3942
SPADES EIGHT CLUBS FOUR,0.5696,0.0218,0.4086
SPADES SEVEN CLUBS FOUR,0.561,0.0236,0.4154
SPADES SIX CLUBS FOUR,0.563,0.0202,0.4168
SPADES ACE DIAMONDS SIX,0.3484,0.0062,0.6454
SPADES QUEEN DIAMONDS SIX,0.3508,0.0122,0.637
SPADES KING DIAMONDS SIX,0.3544,0.0082,0.6374
SPADES TEN DIAMONDS SIX,0.5706,0.0162,0.4132
SPADES QUEEN SPADES TWO,0.2182,0.045,0.7368
SPADES KING SPADES TWO,0.2238,0.0278,0.7484
SPADES ACE SPADES TWO,0.2308,0.0166,0.7526
DIAMONDS JACK CLUBS JACK,0.0744,0.0392,0.8864
CLUBS TEN DIAMONDS JACK,0.2114,0.122,0.6666
DIAMONDS JACK CLUBS KING,0.2174,0.0264,0.7562
DIAMONDS JACK CLUBS QUEEN,0.225,0.0422,0.7328
DIAMONDS THREE DIAMONDS JACK,0.202,0.4928,0.3052
DIAMONDS THREE DIAMONDS TEN,0.5476,0.018,0.4344
DIAMONDS JACK CLUBS ACE,0.21,0.0224,0.7676
DIAMONDS THREE DIAMONDS KING,0.3406,0.009,0.6504
HEARTS THREE DIAMONDS THREE,0.3212,0.0504,0.6284
DIAMONDS THREE DIAMONDS QUEEN,0.3284,0.0132,0.6584
DIAMONDS THREE HEARTS TWO,0.689,0.0522,0.2588
HEARTS FIVE DIAMONDS THREE,0.563,0.0196,0.4174
DIAMONDS THREE DIAMONDS ACE,0.3158,0.0072,0.677
HEARTS FOUR DIAMONDS THREE,0.5486,0.0206,0.4308
DIAMONDS THREE HEARTS SEVEN,0.587,0.0204,0.3926
SPADES TEN SPADES NINE,0.5094,0.0152,0.4754
HEARTS SIX DIAMONDS THREE,0.5736,0.0192,0.4072
DIAMONDS THREE HEARTS NINE,0.5906,0.02,0.3894
HEARTS JACK DIAMONDS FOUR,0.2162,0.5136,0.2702
HEARTS KING HEARTS ACE,0.2886,0.0044,0.707
SPADES TEN SPADES TWO,0.6804,0.051,0.2686
DIAMONDS THREE HEARTS EIGHT,0.581,0.0214,0.3976
HEARTS TEN DIAMONDS FOUR,0.5838,0.0198,0.3964
HEARTS QUEEN DIAMONDS FOUR,0.3482,0.009,0.6428
HEARTS KING DIAMONDS FOUR,0.3598,0.0078,0.6324
SPADES ACE SPADES NINE,0.343,0.005,0.652
HEARTS ACE DIAMONDS FOUR,0.341,0.0064,0.6526
SPADES KING SPADES NINE,0.3424,0.0086,0.649
SPADES QUEEN SPADES NINE,0.3252,0.0126,0.6622
DIAMONDS THREE SPADES NINE,0.596,0.0206,0.3834
DIAMONDS THREE SPADES EIGHT,0.5838,0.0212,0.395
DIAMONDS THREE SPADES SEVEN,0.5836,0.0198,0.3966
DIAMONDS THREE SPADES SIX,0.5754,0.0212,0.4034
DIAMONDS THREE CLUBS SIX,0.585,0.0234,0.3916
CLUBS FIVE CLUBS SIX,0.5264,0.0204,0.4532
CLUBS ACE DIAMONDS FOUR,0.3536,0.0048,0.6416
CLUBS SEVEN DIAMONDS THREE,0.584,0.0198,0.3962
CLUBS SEVEN CLUBS FIVE,0.5216,0.0168,0.4616
DIAMONDS THREE CLUBS FOUR,0.5588,0.0244,0.4168
DIAMONDS FOUR CLUBS QUEEN,0.3528,0.013,0.6342
DIAMONDS THREE CLUBS FIVE,0.5622,0.022,0.4158
CLUBS KING DIAMONDS FOUR,0.3552,0.0086,0.6362
CLUBS TEN DIAMONDS FOUR,0.5886,0.0184,0.393
DIAMONDS THREE CLUBS THREE,0.309,0.057,0.634
DIAMONDS FOUR CLUBS JACK,0.2128,0.512,0.2752
DIAMONDS THREE SPADES FOUR,0.5802,0.023,0.3968
DIAMONDS THREE SPADES FIVE,0.5612,0.0236,0.4152
DIAMONDS THREE SPADES TWO,0.6814,0.0578,0.2608
DIAMONDS THREE SPADES THREE,0.3152,0.0538,0.631
CLUBS EIGHT DIAMONDS THREE,0.586,0.0202,0.3938
CLUBS NINE DIAMONDS THREE,0.5942,0.019,0.3868
SPADES SEVEN CLUBS ACE,0.3562,0.0046,0.6392
SPADES SEVEN CLUBS QUEEN,0.3532,0.0128,0.634
SPADES SEVEN CLUBS KING,0.3552,0.0076,0.6372
CLUBS FIVE SPADES SEVEN,0.5464,0.0204,0.4332
CLUBS TEN SPADES SEVEN,0.5458,0.0192,0.435
CLUBS FIVE SPADES SIX,0.5422,0.021,0.4368
SPADES SEVEN CLUBS JACK,0.2214,0.2982,0.4804
SPADES NINE CLUBS FIVE,0.5756,0.0172,0.4072
CLUBS FIVE SPADES EIGHT,0.5588,0.0168,0.4244
CLUBS FIVE SPADES THREE,0.5674,0.0274,0.4052
CLUBS FIVE SPADES TWO,0.6842,0.0546,0.2612
CLUBS FIVE SPADES FIVE,0.3018,0.0498,0.6484
CLUBS FIVE SPADES FOUR,0.5496,0.0262,0.4242
CLUBS NINE CLUBS FIVE,0.548,0.0182,0.4338
CLUBS EIGHT CLUBS FIVE,0.5434,0.0192,0.4374
CLUBS ACE CLUBS QUEEN,0.2902,0.0042,0.7056
CLUBS KING CLUBS QUEEN,0.2986,0.006,0.6954
DIAMONDS TEN DIAMONDS FOUR,0.566,0.0186,0.4154
CLUBS TEN DIAMONDS NINE,0.5374,0.0162,0.4464
DIAMONDS JACK DIAMONDS FOUR,0.2008,0.4838,0.3154
DIAMONDS NINE CLUBS JACK,0.2154,0.1706,0.614
SPADES NINE CLUBS JACK,0.2216,0.1722,0.6062
CLUBS TEN SPADES NINE,0.5414,0.0196,0.439
DIAMONDS ACE DIAMONDS FOUR,0.3312,0.0048,0.664
HEARTS FOUR DIAMONDS FOUR,0.305,0.0434,0.6516
DIAMONDS JACK HEARTS TEN,0.2212,0.1314,0.6474
SPADES NINE CLUBS KING,0.3466,0.0086,0.6448
DIAMONDS TWO SPADES TEN,0.7152,0.0552,0.2296
DIAMONDS NINE CLUBS ACE,0.3466,0.006,0.6474
HEARTS FIVE DIAMONDS FOUR,0.5526,0.017,0.4304
HEARTS JACK DIAMONDS JACK,0.0848,0.0328,0.8824
SPADES NINE CLUBS QUEEN,0.3454,0.0126,0.642
DIAMONDS QUEEN DIAMONDS FOUR,0.339,0.0144,0.6466
HEARTS TWO DIAMONDS FOUR,0.6748,0.0604,0.2648
DIAMONDS NINE CLUBS QUEEN,0.3354,0.011,0.6536
DIAMONDS KING DIAMONDS FOUR,0.3354,0.008,0.6566
HEARTS THREE DIAMONDS FOUR,0.5742,0.024,0.4018
SPADES NINE CLUBS ACE,0.3482,0.0048,0.647
DIAMONDS NINE CLUBS KING,0.343,0.0062,0.6508
HEARTS ACE DIAMONDS JACK,0.2228,0.0226,0.7546
SPADES ACE DIAMONDS TWO,0.2274,0.0178,0.7548
DIAMONDS JACK HEARTS QUEEN,0.2206,0.0396,0.7398
SPADES QUEEN DIAMONDS TWO,0.233,0.04,0.727
HEARTS KING DIAMONDS JACK,0.238,0.0338,0.7282
SPADES KING DIAMONDS TWO,0.2386,0.0302,0.7312
SPADES TEN SPADES SEVEN,0.5326,0.0178,0.4496
CLUBS SEVEN CLUBS THREE,0.5476,0.017,0.4354
CLUBS SIX CLUBS THREE,0.5522,0.0172,0.4306
CLUBS FIVE CLUBS THREE,0.53,0.0244,0.4456
CLUBS THREE CLUBS FOUR,0.525,0.0206,0.4544
CLUBS NINE CLUBS THREE,0.556,0.018,0.426
CLUBS EIGHT CLUBS THREE,0.5604,0.0194,0.4202
CLUBS THREE SPADES FIVE,0.5682,0.0224,0.4094
CLUBS THREE SPADES FOUR,0.5688,0.0194,0.4118
CLUBS THREE SPADES THREE,0.3152,0.051,0.6338
CLUBS THREE SPADES TWO,0.6998,0.0532,0.247
CLUBS THREE SPADES SIX,0.567,0.0264,0.4066
SPADES SEVEN CLUBS THREE,0.586,0.0194,0.3946
SPADES EIGHT CLUBS THREE,0.5928,0.021,0.3862
SPADES NINE CLUBS THREE,0.5934,0.019,0.3876
SPADES TWO DIAMONDS FOUR,0.6934,0.0568,0.2498
SPADES THREE DIAMONDS FOUR,0.5694,0.0186,0.412
SPADES FOUR DIAMONDS FOUR,0.3158,0.052,0.6322
SPADES FIVE DIAMONDS FOUR,0.547,0.0202,0.4328
SPADES SIX DIAMONDS FOUR,0.5684,0.02,0.4116
SPADES SEVEN DIAMONDS FOUR,0.5652,0.0196,0.4152
SPADES EIGHT DIAMONDS FOUR,0.5798,0.0212,0.399
SPADES NINE DIAMONDS FOUR,0.5914,0.0174,0.3912
CLUBS FIVE DIAMONDS FOUR,0.5512,0.0234,0.4254
CLUBS FOUR DIAMONDS FOUR,0.307,0.0506,0.6424
CLUBS SEVEN DIAMONDS FOUR,0.5578,0.021,0.4212
CLUBS SIX DIAMONDS FOUR,0.5506,0.0194,0.43
CLUBS NINE DIAMONDS FOUR,0.581,0.0222,0.3968
CLUBS EIGHT DIAMONDS FOUR,0.5848,0.0218,0.3934
DIAMONDS FOUR HEARTS SEVEN,0.5608,0.0212,0.418
HEARTS SIX DIAMONDS FOUR,0.5638,0.0178,0.4184
HEARTS NINE DIAMONDS FOUR,0.5948,0.0156,0.3896
DIAMONDS FOUR HEARTS EIGHT,0.5836,0.0152,0.4012
CLUBS THREE DIAMONDS FOUR,0.5534,0.0242,0.4224
DIAMONDS TEN DIAMONDS FIVE,0.5478,0.0194,0.4328
DIAMONDS JACK DIAMONDS FIVE,0.1966,0.4328,0.3706
DIAMONDS NINE HEARTS QUEEN,0.3426,0.0106,0.6468
HEARTS KING DIAMONDS NINE,0.347,0.004,0.649
DIAMONDS NINE HEARTS ACE,0.3552,0.0038,0.641
DIAMONDS NINE HEARTS TEN,0.533,0.014,0.453
DIAMONDS NINE HEARTS JACK,0.2286,0.1668,0.6046
CLUBS KING DIAMONDS SIX,0.3596,0.0088,0.6316
CLUBS QUEEN DIAMONDS SIX,0.3416,0.0088,0.6496
CLUBS ACE DIAMONDS SIX,0.35,0.0042,0.6458
SPADES KING DIAMONDS FOUR,0.3518,0.0082,0.64
SPADES ACE SPADES SEVEN,0.338,0.0066,0.6554
SPADES QUEEN DIAMONDS FOUR,0.34,0.0118,0.6482
SPADES QUEEN SPADES SEVEN,0.3426,0.0146,0.6428
CLUBS JACK DIAMONDS SIX,0.2088,0.3946,0.3966
SPADES KING SPADES SEVEN,0.3452,0.0076,0.6472
SPADES ACE DIAMONDS FOUR,0.3434,0.0054,0.6512
CLUBS TEN DIAMONDS SIX,0.5726,0.017,0.4104
CLUBS NINE CLUBS FOUR,0.5522,0.0178,0.43
CLUBS EIGHT CLUBS FOUR,0.5448,0.018,0.4372
SPADES TEN DIAMONDS FOUR,0.5774,0.0216,0.401
CLUBS FIVE CLUBS FOUR,0.5188,0.019,0.4622
CLUBS SEVEN CLUBS FOUR,0.5354,0.0196,0.445
CLUBS SIX CLUBS FOUR,0.5254,0.018,0.4566
CLUBS SEVEN SPADES EIGHT,0.5382,0.017,0.4448
CLUBS SEVEN SPADES NINE,0.55,0.019,0.431
CLUBS SEVEN SPADES SIX,0.5456,0.02,0.4344
CLUBS SEVEN SPADES SEVEN,0.292,0.0404,0.6676
CLUBS SEVEN SPADES FIVE,0.5546,0.0206,0.4248
CLUBS SEVEN SPADES FOUR,0.5636,0.0206,0.4158
CLUBS SEVEN SPADES THREE,0.5808,0.023,0.3962
CLUBS SEVEN SPADES TWO,0.7058,0.0492,0.245
CLUBS NINE CLUBS SEVEN,0.5248,0.0162,0.459
CLUBS SEVEN CLUBS EIGHT,0.5188,0.0168,0.4644
HEARTS SIX DIAMONDS FIVE,0.5528,0.0252,0.422
DIAMONDS FIVE HEARTS SEVEN,0.5508,0.0172,0.432
DIAMONDS FIVE HEARTS EIGHT,0.5552,0.0162,0.4286
HEARTS NINE DIAMONDS FIVE,0.5746,0.019,0.4064
DIAMONDS QUEEN DIAMONDS FIVE,0.3434,0.0124,0.6442
HEARTS TWO DIAMONDS FIVE,0.6694,0.058,0.2726
HEARTS KING HEARTS EIGHT,0.348,0.0084,0.6436
DIAMONDS KING DIAMONDS FIVE,0.3498,0.0074,0.6428
HEARTS THREE DIAMONDS FIVE,0.5728,0.0196,0.4076
HEARTS QUEEN HEARTS EIGHT,0.3274,0.0106,0.662
DIAMONDS ACE DIAMONDS FIVE,0.3218,0.0048,0.6734
HEARTS FOUR DIAMONDS FIVE,0.55,0.0214,0.4286
HEARTS FIVE DIAMONDS FIVE,0.3126,0.041,0.6464
HEARTS ACE HEARTS EIGHT,0.3386,0.0042,0.6572
CLUBS FOUR DIAMONDS FIVE,0.5474,0.0216,0.431
CLUBS FIVE DIAMONDS FIVE,0.296,0.0512,0.6528
CLUBS SIX DIAMONDS FIVE,0.5468,0.0208,0.4324
CLUBS SEVEN DIAMONDS FIVE,0.5504,0.0172,0.4324
CLUBS THREE DIAMONDS FIVE,0.568,0.0186,0.4134
SPADES THREE DIAMONDS FIVE,0.5612,0.0206,0.4182
SPADES TWO DIAMONDS FIVE,0.6842,0.0522,0.2636
SPADES FIVE DIAMONDS FIVE,0.3248,0.043,0.6322
CLUBS TEN HEARTS JACK,0.2236,0.1196,0.6568
SPADES TEN DIAMONDS EIGHT,0.5506,0.016,0.4334
SPADES FOUR DIAMONDS FIVE,0.5522,0.0218,0.426
HEARTS JACK CLUBS JACK,0.0774,0.0378,0.8848
HEARTS JACK CLUBS QUEEN,0.2144,0.0414,0.7442
CLUBS NINE DIAMONDS FIVE,0.5828,0.0166,0.4006
HEARTS JACK CLUBS KING,0.2162,0.0284,0.7554
CLUBS EIGHT DIAMONDS FIVE,0.561,0.0192,0.4198
HEARTS JACK CLUBS ACE,0.2182,0.0204,0.7614
SPADES SEVEN DIAMONDS FIVE,0.5438,0.0216,0.4346
SPADES KING DIAMONDS EIGHT,0.3546,0.0058,0.6396
SPADES SIX DIAMONDS FIVE,0.5464,0.023,0.4306
SPADES QUEEN DIAMONDS EIGHT,0.3478,0.0106,0.6416
SPADES NINE DIAMONDS FIVE,0.5912,0.0194,0.3894
SPADES EIGHT DIAMONDS FIVE,0.5568,0.0208,0.4224
SPADES ACE DIAMONDS EIGHT,0.3506,0.0056,0.6438
DIAMONDS TEN DIAMONDS SIX,0.537,0.0174,0.4456
HEARTS ACE DIAMONDS SEVEN,0.3498,0.0046,0.6456
DIAMONDS JACK DIAMONDS SIX,0.21,0.3618,0.4282
HEARTS QUEEN DIAMONDS SEVEN,0.3694,0.009,0.6216
HEARTS KING DIAMONDS SEVEN,0.3574,0.009,0.6336
DIAMONDS ACE DIAMONDS SIX,0.3358,0.0032,0.661
HEARTS FOUR DIAMONDS SIX,0.5716,0.0198,0.4086
HEARTS JACK SPADES TWO,0.0174,0.9712,0.0114
HEARTS FIVE DIAMONDS SIX,0.54,0.021,0.439
SPADES TWO HEARTS TEN,0.7022,0.0592,0.2386
DIAMONDS QUEEN DIAMONDS SIX,0.3428,0.011,0.6462
HEARTS TWO DIAMONDS SIX,0.6938,0.0468,0.2594
DIAMONDS KING DIAMONDS SIX,0.3392,0.007,0.6538
HEARTS THREE DIAMONDS SIX,0.5658,0.0194,0.4148
HEARTS EIGHT DIAMONDS SIX,0.5518,0.0174,0.4308
HEARTS NINE DIAMONDS SIX,0.5678,0.0172,0.415
HEARTS SIX DIAMONDS SIX,0.2982,0.044,0.6578
HEARTS SEVEN DIAMONDS SIX,0.5472,0.0162,0.4366
HEARTS TEN DIAMONDS SEVEN,0.559,0.0152,0.4258
HEARTS JACK DIAMONDS SEVEN,0.23,0.285,0.485
CLUBS THREE DIAMONDS SIX,0.56,0.0224,0.4176
CLUBS SEVEN DIAMONDS SIX,0.5368,0.0194,0.4438
DIAMONDS EIGHT CLUBS JACK,0.2242,0.2192,0.5566
CLUBS SIX DIAMONDS SIX,0.2996,0.044,0.6564
CLUBS TEN DIAMONDS EIGHT,0.5524,0.0172,0.4304
CLUBS FIVE DIAMONDS SIX,0.5566,0.0182,0.4252
CLUBS FOUR DIAMONDS SIX,0.5582,0.0218,0.42
HEARTS ACE HEARTS JACK,0.2132,0.0202,0.7666
DIAMONDS EIGHT CLUBS ACE,0.3558,0.0032,0.641
HEARTS JACK HEARTS QUEEN,0.2072,0.0382,0.7546
DIAMONDS EIGHT CLUBS KING,0.3594,0.0064,0.6342
CLUBS NINE DIAMONDS SIX,0.55,0.0214,0.4286
HEARTS KING HEARTS JACK,0.2066,0.0326,0.7608
DIAMONDS EIGHT CLUBS QUEEN,0.3416,0.0116,0.6468
CLUBS EIGHT DIAMONDS SIX,0.5604,0.0196,0.42
SPADES TEN HEARTS KING,0.3402,0.0054,0.6544
SPADES FIVE DIAMONDS SIX,0.5588,0.0162,0.425
HEARTS ACE SPADES TWO,0.2398,0.016,0.7442
SPADES FOUR DIAMONDS SIX,0.5638,0.0226,0.4136
SPADES THREE DIAMONDS SIX,0.5782,0.02,0.4018
SPADES TWO HEARTS QUEEN,0.2408,0.0406,0.7186
SPADES ACE SPADES KING,0.3014,0.0036,0.695
HEARTS KING SPADES TWO,0.246,0.0266,0.7274
SPADES TWO DIAMONDS SIX,0.7024,0.0494,0.2482
HEARTS TEN HEARTS EIGHT,0.513,0.016,0.471
SPADES NINE DIAMONDS SIX,0.577,0.0172,0.4058
HEARTS JACK HEARTS EIGHT,0.2098,0.213,0.5772
SPADES EIGHT DIAMONDS SIX,0.5556,0.0178,0.4266
SPADES SEVEN DIAMONDS SIX,0.561,0.0188,0.4202
SPADES SIX DIAMONDS SIX,0.2992,0.0354,0.6654
SPADES KING HEARTS KING,0.1204,0.0084,0.8712
SPADES QUEEN HEARTS KING,0.3026,0.0062,0.6912
CLUBS ACE CLUBS KING,0.2872,0.0076,0.7052
SPADES ACE HEARTS KING,0.3236,0.0066,0.6698
SPADES ACE HEARTS JACK,0.2106,0.0204,0.769
SPADES QUEEN HEARTS JACK,0.2186,0.0408,0.7406
SPADES KING HEARTS JACK,0.226,0.0332,0.7408
SPADES TEN DIAMONDS TEN,0.261,0.024,0.715
SPADES ACE DIAMONDS TEN,0.3374,0.0066,0.656
SPADES TEN HEARTS JACK,0.2198,0.1208,0.6594
SPADES QUEEN DIAMONDS TEN,0.3236,0.0112,0.6652
SPADES KING DIAMONDS TEN,0.3192,0.006,0.6748
SPADES NINE DIAMONDS SEVEN,0.5374,0.0172,0.4454
SPADES EIGHT DIAMONDS SEVEN,0.5408,0.02,0.4392
SPADES SEVEN DIAMONDS SEVEN,0.2998,0.0356,0.6646
SPADES SIX DIAMONDS SEVEN,0.537,0.0222,0.4408
DIAMONDS KING DIAMONDS SEVEN,0.3436,0.0086,0.6478
HEARTS THREE DIAMONDS SEVEN,0.5928,0.018,0.3892
HEARTS KING DIAMONDS FIVE,0.3548,0.0076,0.6376
DIAMONDS QUEEN DIAMONDS SEVEN,0.3362,0.0104,0.6534
HEARTS TWO DIAMONDS SEVEN,0.713,0.0486,0.2384
HEARTS QUEEN DIAMONDS FIVE,0.3632,0.0112,0.6256
HEARTS FIVE DIAMONDS SEVEN,0.5464,0.0194,0.4342
DIAMONDS ACE DIAMONDS SEVEN,0.3442,0.0032,0.6526
HEARTS FOUR DIAMONDS SEVEN,0.5558,0.019,0.4252
HEARTS ACE DIAMONDS FIVE,0.3424,0.004,0.6536
HEARTS SEVEN DIAMONDS SEVEN,0.297,0.0412,0.6618
HEARTS SIX DIAMONDS SEVEN,0.5472,0.0248,0.428
HEARTS NINE DIAMONDS SEVEN,0.5568,0.0176,0.4256
DIAMONDS SEVEN HEARTS EIGHT,0.546,0.0146,0.4394
DIAMONDS JACK DIAMONDS SEVEN,0.2036,0.2856,0.5108
HEARTS JACK DIAMONDS FIVE,0.2216,0.454,0.3244
DIAMONDS TEN DIAMONDS SEVEN,0.5152,0.02,0.4648
DIAMONDS FIVE HEARTS TEN,0.5908,0.02,0.3892
HEARTS KING CLUBS KING,0.1182,0.0088,0.873
CLUBS EIGHT DIAMONDS SEVEN,0.5278,0.0162,0.456
HEARTS KING CLUBS QUEEN,0.3146,0.009,0.6764
CLUBS NINE DIAMONDS SEVEN,0.5452,0.0158,0.439
SPADES TWO CLUBS JACK,0.0078,0.9854,0.0068
CLUBS TEN SPADES TWO,0.7112,0.0566,0.2322
HEARTS KING CLUBS ACE,0.3154,0.0052,0.6794
CLUBS SEVEN CLUBS SIX,0.515,0.0188,0.4662
SPADES TWO CLUBS KING,0.2386,0.03,0.7314
SPADES TWO DIAMONDS SEVEN,0.7146,0.0546,0.2308
CLUBS EIGHT CLUBS SIX,0.5248,0.019,0.4562
SPADES THREE DIAMONDS SEVEN,0.5816,0.0186,0.3998
SPADES TWO CLUBS QUEEN,0.2282,0.0374,0.7344
CLUBS NINE CLUBS SIX,0.5246,0.0196,0.4558
SPADES FOUR DIAMONDS SEVEN,0.5768,0.0196,0.4036
HEARTS KING CLUBS JACK,0.2044,0.032,0.7636
SPADES FIVE DIAMONDS SEVEN,0.5596,0.0198,0.4206
SPADES TWO CLUBS ACE,0.249,0.0126,0.7384
CLUBS TEN HEARTS KING,0.3198,0.0064,0.6738
CLUBS SIX SPADES TWO,0.7084,0.0488,0.2428
CLUBS SIX SPADES THREE,0.5748,0.0216,0.4036
CLUBS SIX SPADES FOUR,0.5584,0.022,0.4196
CLUBS THREE DIAMONDS SEVEN,0.5892,0.0202,0.3906
CLUBS SIX SPADES FIVE,0.5402,0.0248,0.435
CLUBS FOUR DIAMONDS SEVEN,0.563,0.0188,0.4182
CLUBS SIX SPADES SIX,0.2924,0.0476,0.66
CLUBS FIVE DIAMONDS SEVEN,0.5438,0.02,0.4362
CLUBS SIX SPADES SEVEN,0.5416,0.0202,0.4382
CLUBS SIX DIAMONDS SEVEN,0.5416,0.02,0.4384
SPADES EIGHT CLUBS SIX,0.5442,0.0216,0.4342
CLUBS SEVEN DIAMONDS SEVEN,0.2876,0.04,0.6724
SPADES NINE CLUBS SIX,0.5628,0.0182,0.419
CLUBS THREE DIAMONDS EIGHT,0.5948,0.022,0.3832
DIAMONDS EIGHT HEARTS SEVEN,0.5472,0.0146,0.4382
HEARTS SIX DIAMONDS EIGHT,0.5562,0.019,0.4248
DIAMONDS EIGHT HEARTS NINE,0.534,0.0192,0.4468
DIAMONDS EIGHT HEARTS EIGHT,0.285,0.034,0.681
CLUBS NINE DIAMONDS EIGHT,0.5352,0.0202,0.4446
CLUBS EIGHT DIAMONDS EIGHT,0.2764,0.0372,0.6864
CLUBS FIVE DIAMONDS EIGHT,0.5654,0.0182,0.4164
SPADES ACE SPADES THREE,0.3346,0.0064,0.659
CLUBS FOUR DIAMONDS EIGHT,0.5764,0.0168,0.4068
CLUBS SEVEN DIAMONDS EIGHT,0.5348,0.017,0.4482
SPADES QUEEN SPADES THREE,0.3326,0.0134,0.654
CLUBS SIX DIAMONDS EIGHT,0.554,0.019,0.427
SPADES KING SPADES THREE,0.3444,0.0076,0.648
DIAMONDS QUEEN DIAMONDS EIGHT,0.3268,0.0124,0.6608
HEARTS TWO DIAMONDS EIGHT,0.6984,0.0506,0.251
DIAMONDS KING DIAMONDS EIGHT,0.3326,0.0082,0.6592
HEARTS THREE DIAMONDS EIGHT,0.583,0.0206,0.3964
DIAMONDS ACE DIAMONDS EIGHT,0.3384,0.0064,0.6552
HEARTS FOUR DIAMONDS EIGHT,0.5616,0.021,0.4174
HEARTS FIVE DIAMONDS EIGHT,0.5744,0.0184,0.4072
DIAMONDS EIGHT DIAMONDS TEN,0.5044,0.0196,0.476
DIAMONDS EIGHT DIAMONDS JACK,0.21,0.2176,0.5724
SPADES TEN SPADES THREE,0.5664,0.0176,0.416
CLUBS FOUR HEARTS ACE,0.3452,0.0058,0.649
CLUBS FOUR HEARTS QUEEN,0.35,0.0106,0.6394
CLUBS FOUR HEARTS KING,0.3544,0.0102,0.6354
CLUBS SIX HEARTS TEN,0.5824,0.0214,0.3962
CLUBS SIX HEARTS JACK,0.2134,0.3968,0.3898
SPADES FOUR DIAMONDS EIGHT,0.5792,0.0212,0.3996
SPADES FIVE DIAMONDS EIGHT,0.576,0.0238,0.4002
DIAMONDS EIGHT SPADES TWO,0.7184,0.0498,0.2318
DIAMONDS EIGHT SPADES THREE,0.5918,0.0208,0.3874
CLUBS FOUR HEARTS JACK,0.2162,0.5158,0.268
SPADES EIGHT DIAMONDS EIGHT,0.2872,0.0304,0.6824
SPADES TEN HEARTS TWO,0.7108,0.0576,0.2316
SPADES TEN DIAMONDS QUEEN,0.3344,0.0124,0.6532
CLUBS FOUR HEARTS TEN,0.5924,0.0194,0.3882
SPADES NINE DIAMONDS EIGHT,0.5548,0.018,0.4272
SPADES TEN HEARTS EIGHT,0.5586,0.015,0.4264
SPADES SIX DIAMONDS EIGHT,0.5552,0.0206,0.4242
SPADES SEVEN DIAMONDS EIGHT,0.5548,0.017,0.4282
SPADES ACE HEARTS TWO,0.2356,0.0166,0.7478
SPADES ACE DIAMONDS QUEEN,0.319,0.0044,0.6766
SPADES ACE HEARTS EIGHT,0.3564,0.0046,0.639
SPADES KING HEARTS EIGHT,0.3608,0.0074,0.6318
SPADES QUEEN HEARTS TWO,0.2388,0.042,0.7192
SPADES QUEEN DIAMONDS QUEEN,0.1342,0.0104,0.8554
SPADES KING DIAMONDS QUEEN,0.3068,0.009,0.6842
SPADES KING HEARTS TWO,0.2332,0.0284,0.7384
SPADES QUEEN HEARTS EIGHT,0.347,0.013,0.64
SPADES SEVEN DIAMONDS NINE,0.5504,0.0166,0.433
SPADES SIX DIAMONDS NINE,0.566,0.0178,0.4162
SPADES NINE DIAMONDS NINE,0.2892,0.0246,0.6862
SPADES EIGHT DIAMONDS NINE,0.544,0.0198,0.4362
SPADES TEN CLUBS KING,0.3272,0.0058,0.667
DIAMONDS NINE SPADES THREE,0.5916,0.0174,0.391
DIAMONDS NINE SPADES TWO,0.7064,0.055,0.2386
SPADES FIVE DIAMONDS NINE,0.5704,0.019,0.4106
DIAMONDS NINE SPADES FOUR,0.5958,0.0176,0.3866
CLUBS NINE DIAMONDS NINE,0.2834,0.0278,0.6888
CLUBS EIGHT DIAMONDS NINE,0.5386,0.015,0.4464
CLUBS SIX DIAMONDS NINE,0.5492,0.0156,0.4352
CLUBS SEVEN DIAMONDS NINE,0.5514,0.0192,0.4294
SPADES TEN CLUBS FOUR,0.6062,0.0176,0.3762
CLUBS FOUR DIAMONDS NINE,0.578,0.0198,0.4022
CLUBS FIVE DIAMONDS NINE,0.5658,0.0212,0.413
CLUBS THREE DIAMONDS NINE,0.5858,0.0194,0.3948
DIAMONDS NINE HEARTS EIGHT,0.528,0.0184,0.4536
DIAMONDS NINE HEARTS NINE,0.2826,0.032,0.6854
HEARTS SIX DIAMONDS NINE,0.564,0.0148,0.4212
DIAMONDS NINE HEARTS SEVEN,0.5582,0.0126,0.4292
CLUBS NINE CLUBS EIGHT,0.5042,0.016,0.4798
DIAMONDS ACE DIAMONDS NINE,0.3368,0.0034,0.6598
HEARTS FOUR DIAMONDS NINE,0.5972,0.0186,0.3842
HEARTS FIVE DIAMONDS NINE,0.5748,0.0198,0.4054
SPADES ACE CLUBS FOUR,0.352,0.0056,0.6424
DIAMONDS QUEEN DIAMONDS NINE,0.3022,0.0122,0.6856
HEARTS TWO DIAMONDS NINE,0.7068,0.0542,0.239
SPADES KING CLUBS FOUR,0.3486,0.011,0.6404
DIAMONDS KING DIAMONDS NINE,0.3254,0.0072,0.6674
HEARTS THREE DIAMONDS NINE,0.5832,0.0218,0.395
SPADES QUEEN CLUBS FOUR,0.3384,0.0134,0.6482
DIAMONDS NINE DIAMONDS JACK,0.2096,0.1576,0.6328
CLUBS EIGHT SPADES NINE,0.5306,0.019,0.4504
DIAMONDS NINE DIAMONDS TEN,0.4958,0.016,0.4882
CLUBS EIGHT SPADES EIGHT,0.2886,0.0328,0.6786
CLUBS EIGHT SPADES SEVEN,0.5404,0.0184,0.4412
CLUBS EIGHT SPADES SIX,0.5558,0.0196,0.4246
CLUBS EIGHT SPADES FIVE,0.5716,0.0168,0.4116
CLUBS EIGHT SPADES FOUR,0.5882,0.0174,0.3944
CLUBS EIGHT SPADES THREE,0.601,0.022,0.377
CLUBS EIGHT SPADES TWO,0.6958,0.0552,0.249
HEARTS SIX DIAMONDS TEN,0.5836,0.0194,0.397
DIAMONDS TEN HEARTS SEVEN,0.5682,0.0188,0.413
DIAMONDS TEN HEARTS EIGHT,0.5474,0.0166,0.436
CLUBS FOUR CLUBS JACK,0.1972,0.4922,0.3106
DIAMONDS TEN HEARTS NINE,0.5444,0.016,0.4396
CLUBS TEN CLUBS FOUR,0.5606,0.0204,0.419
CLUBS FOUR CLUBS KING,0.3436,0.0098,0.6466
CLUBS FOUR CLUBS QUEEN,0.3298,0.0126,0.6576
CLUBS THREE DIAMONDS TEN,0.577,0.0198,0.4032
CLUBS FOUR CLUBS ACE,0.3286,0.0042,0.6672
DIAMONDS JACK DIAMONDS TEN,0.2034,0.1228,0.6738
DIAMONDS QUEEN DIAMONDS TEN,0.297,0.0096,0.6934
HEARTS TWO DIAMONDS TEN,0.6942,0.0556,0.2502
DIAMONDS KING DIAMONDS TEN,0.3208,0.0046,0.6746
HEARTS THREE DIAMONDS TEN,0.5864,0.021,0.3926
DIAMONDS ACE DIAMONDS TEN,0.3254,0.0044,0.6702
HEARTS FOUR DIAMONDS TEN,0.5816,0.0188,0.3996
CLUBS EIGHT HEARTS JACK,0.2228,0.2288,0.5484
HEARTS FIVE DIAMONDS TEN,0.5874,0.0196,0.393
CLUBS EIGHT HEARTS TEN,0.538,0.0148,0.4472
CLUBS EIGHT HEARTS QUEEN,0.3462,0.0098,0.644
CLUBS EIGHT HEARTS KING,0.3576,0.0084,0.634
CLUBS EIGHT HEARTS ACE,0.3516,0.0038,0.6446
CLUBS NINE SPADES THREE,0.596,0.0196,0.3844
CLUBS NINE SPADES TWO,0.714,0.0578,0.2282
CLUBS NINE SPADES FIVE,0.5806,0.0202,0.3992
CLUBS NINE SPADES FOUR,0.5994,0.0186,0.382
CLUBS NINE SPADES SEVEN,0.5526,0.02,0.4274
CLUBS NINE SPADES SIX,0.5614,0.0206,0.418
CLUBS NINE SPADES NINE,0.2838,0.028,0.6882
CLUBS TEN HEARTS EIGHT,0.5512,0.0164,0.4324
CLUBS NINE SPADES EIGHT,0.5416,0.0186,0.4398
CLUBS JACK HEARTS EIGHT,0.227,0.2168,0.5562
CLUBS QUEEN HEARTS EIGHT,0.341,0.011,0.648
CLUBS KING HEARTS EIGHT,0.3598,0.0068,0.6334
CLUBS ACE HEARTS EIGHT,0.3596,0.0044,0.636
SPADES KING CLUBS KING,0.123,0.0094,0.8676
SPADES QUEEN CLUBS KING,0.3052,0.0082,0.6866
SPADES ACE CLUBS KING,0.302,0.006,0.692
DIAMONDS ACE HEARTS TEN,0.3434,0.0036,0.653
HEARTS FOUR HEARTS TEN,0.5514,0.0186,0.43
DIAMONDS ACE HEARTS JACK,0.2174,0.019,0.7636
HEARTS FOUR HEARTS JACK,0.2068,0.4726,0.3206
SPADES KING CLUBS FIVE,0.3434,0.0092,0.6474
SPADES QUEEN CLUBS FIVE,0.337,0.0148,0.6482
SPADES ACE CLUBS FIVE,0.3434,0.0056,0.651
DIAMONDS JACK HEARTS SEVEN,0.224,0.2964,0.4796
HEARTS SIX DIAMONDS JACK,0.2172,0.3816,0.4012
DIAMONDS JACK HEARTS NINE,0.2184,0.1746,0.607
DIAMONDS JACK HEARTS EIGHT,0.2248,0.2302,0.545
DIAMONDS KING DIAMONDS JACK,0.2116,0.0298,0.7586
HEARTS THREE DIAMONDS JACK,0.221,0.5176,0.2614
SPADES ACE SPADES SIX,0.3496,0.0064,0.644
SPADES FOUR HEARTS ACE,0.3402,0.0068,0.653
DIAMONDS QUEEN DIAMONDS JACK,0.2086,0.0374,0.754
HEARTS TWO DIAMONDS JACK,0.0224,0.9566,0.021
HEARTS FIVE DIAMONDS JACK,0.2246,0.4422,0.3332
SPADES QUEEN SPADES SIX,0.3344,0.013,0.6526
SPADES FOUR HEARTS QUEEN,0.3582,0.0132,0.6286
DIAMONDS ACE DIAMONDS JACK,0.1986,0.021,0.7804
HEARTS FOUR DIAMONDS JACK,0.219,0.5162,0.2648
SPADES KING SPADES SIX,0.3414,0.0076,0.651
HEARTS KING SPADES FOUR,0.362,0.009,0.629
SPADES TEN SPADES SIX,0.5704,0.0148,0.4148
SPADES FOUR DIAMONDS JACK,0.2262,0.515,0.2588
SPADES FIVE DIAMONDS JACK,0.2188,0.4582,0.323
DIAMONDS JACK SPADES TWO,0.0166,0.9738,0.0096
SPADES THREE DIAMONDS JACK,0.229,0.5184,0.2526
SPADES ACE DIAMONDS THREE,0.3464,0.0062,0.6474
SPADES QUEEN DIAMONDS THREE,0.3438,0.0132,0.643
CLUBS EIGHT DIAMONDS JACK,0.2342,0.2242,0.5416
SPADES KING DIAMONDS THREE,0.3504,0.008,0.6416
CLUBS NINE DIAMONDS JACK,0.231,0.168,0.601
CLUBS SIX DIAMONDS JACK,0.227,0.3832,0.3898
CLUBS SEVEN DIAMONDS JACK,0.2134,0.2992,0.4874
CLUBS FOUR DIAMONDS JACK,0.2038,0.5118,0.2844
CLUBS FIVE DIAMONDS JACK,0.2128,0.4666,0.3206
CLUBS THREE DIAMONDS JACK,0.2086,0.5178,0.2736
SPADES TEN CLUBS FIVE,0.5884,0.0196,0.392
HEARTS SIX SPADES TEN,0.5788,0.0196,0.4016
CLUBS SEVEN CLUBS ACE,0.3348,0.0066,0.6586
SPADES TEN DIAMONDS THREE,0.6106,0.0166,0.3728
CLUBS SEVEN CLUBS QUEEN,0.339,0.0096,0.6514
CLUBS SEVEN CLUBS KING,0.3458,0.0096,0.6446
SPADES NINE DIAMONDS JACK,0.2232,0.166,0.6108
CLUBS TEN CLUBS SEVEN,0.5314,0.0176,0.451
DIAMONDS ACE HEARTS ACE,0.1274,0.0042,0.8684
HEARTS FOUR HEARTS ACE,0.3254,0.0058,0.6688
SPADES EIGHT DIAMONDS JACK,0.2216,0.2342,0.5442
SPADES ACE HEARTS SIX,0.3628,0.0044,0.6328
CLUBS SEVEN CLUBS JACK,0.2126,0.2894,0.498
DIAMONDS ACE HEARTS KING,0.3214,0.003,0.6756
HEARTS FOUR HEARTS KING,0.3364,0.0074,0.6562
SPADES SEVEN DIAMONDS JACK,0.233,0.3026,0.4644
SPADES KING HEARTS SIX,0.356,0.0068,0.6372
DIAMONDS ACE HEARTS QUEEN,0.3138,0.005,0.6812
HEARTS FOUR HEARTS QUEEN,0.3392,0.0118,0.649
SPADES SIX DIAMONDS JACK,0.2186,0.3884,0.393
SPADES QUEEN HEARTS SIX,0.3594,0.0146,0.626
SPADES TWO DIAMONDS TEN,0.7024,0.0558,0.2418
SPADES THREE DIAMONDS TEN,0.597,0.0216,0.3814
SPADES FOUR DIAMONDS TEN,0.599,0.0162,0.3848
SPADES FIVE DIAMONDS TEN,0.5858,0.02,0.3942
SPADES SIX DIAMONDS TEN,0.5876,0.0154,0.397
SPADES SEVEN DIAMONDS TEN,0.5564,0.0178,0.4258
SPADES EIGHT DIAMONDS TEN,0.552,0.0176,0.4304
SPADES NINE DIAMONDS TEN,0.5296,0.016,0.4544
CLUBS FOUR DIAMONDS TEN,0.5848,0.0168,0.3984
CLUBS FIVE DIAMONDS TEN,0.5974,0.019,0.3836
CLUBS SIX DIAMONDS TEN,0.5678,0.0188,0.4134
CLUBS SEVEN DIAMONDS TEN,0.5528,0.017,0.4302
CLUBS EIGHT DIAMONDS TEN,0.5408,0.0144,0.4448
CLUBS NINE DIAMONDS TEN,0.5344,0.018,0.4476
DIAMONDS THREE CLUBS JACK,0.2284,0.5056,0.266
CLUBS TEN DIAMONDS THREE,0.5988,0.0234,0.3778
DIAMONDS THREE CLUBS KING,0.3588,0.0084,0.6328
DIAMONDS THREE CLUBS QUEEN,0.3552,0.0138,0.631
DIAMONDS THREE CLUBS ACE,0.3306,0.005,0.6644
SPADES FOUR HEARTS JACK,0.2266,0.518,0.2554
SPADES FOUR HEARTS TEN,0.595,0.0198,0.3852
SPADES FIVE SPADES TWO,0.6428,0.0624,0.2948
SPADES FOUR SPADES TWO,0.647,0.0562,0.2968
SPADES THREE SPADES TWO,0.6614,0.0568,0.2818
SPADES NINE SPADES TWO,0.6878,0.051,0.2612
SPADES EIGHT SPADES TWO,0.6914,0.054,0.2546
SPADES SEVEN SPADES TWO,0.674,0.0518,0.2742
SPADES SIX SPADES TWO,0.6782,0.049,0.2728
DIAMONDS QUEEN CLUBS THREE,0.3458,0.012,0.6422
CLUBS THREE HEARTS TWO,0.6814,0.0566,0.262
DIAMONDS QUEEN HEARTS SEVEN,0.352,0.01,0.638
HEARTS TWO HEARTS SEVEN,0.6568,0.0516,0.2916
HEARTS SIX DIAMONDS QUEEN,0.3588,0.0106,0.6306
HEARTS SIX HEARTS TWO,0.6482,0.0534,0.2984
DIAMONDS QUEEN HEARTS NINE,0.3478,0.0076,0.6446
HEARTS TWO HEARTS NINE,0.6568,0.0504,0.2928
DIAMONDS QUEEN HEARTS EIGHT,0.3558,0.0094,0.6348
HEARTS TWO HEARTS EIGHT,0.6472,0.0514,0.3014
CLUBS NINE HEARTS TWO,0.7082,0.0574,0.2344
CLUBS NINE DIAMONDS QUEEN,0.3394,0.0126,0.648
CLUBS EIGHT HEARTS TWO,0.714,0.054,0.232
CLUBS EIGHT DIAMONDS QUEEN,0.3438,0.0134,0.6428
CLUBS FIVE DIAMONDS QUEEN,0.3576,0.009,0.6334
CLUBS FIVE HEARTS TWO,0.674,0.0556,0.2704
SPADES EIGHT HEARTS ACE,0.3458,0.0056,0.6486
DIAMONDS QUEEN CLUBS FOUR,0.3586,0.0132,0.6282
HEARTS TWO CLUBS FOUR,0.6794,0.0548,0.2658
CLUBS SEVEN DIAMONDS QUEEN,0.3472,0.0096,0.6432
CLUBS SEVEN HEARTS TWO,0.7054,0.0492,0.2454
SPADES EIGHT HEARTS QUEEN,0.3492,0.01,0.6408
CLUBS SIX DIAMONDS QUEEN,0.35,0.0094,0.6406
CLUBS SIX HEARTS TWO,0.6856,0.0526,0.2618
SPADES EIGHT HEARTS KING,0.3674,0.0046,0.628
DIAMONDS QUEEN SPADES SIX,0.3558,0.0092,0.635
HEARTS TWO SPADES SIX,0.7106,0.0508,0.2386
HEARTS FOUR CLUBS QUEEN,0.3482,0.0138,0.638
DIAMONDS ACE CLUBS QUEEN,0.3082,0.0068,0.685
DIAMONDS QUEEN SPADES SEVEN,0.365,0.0084,0.6266
SPADES SEVEN HEARTS TWO,0.704,0.051,0.245
HEARTS FOUR CLUBS KING,0.3452,0.0096,0.6452
DIAMONDS ACE CLUBS KING,0.3184,0.0052,0.6764
SPADES EIGHT DIAMONDS QUEEN,0.3654,0.0108,0.6238
SPADES EIGHT HEARTS TWO,0.7038,0.058,0.2382
HEARTS FOUR CLUBS ACE,0.3616,0.0034,0.635
DIAMONDS ACE CLUBS ACE,0.1172,0.0046,0.8782
SPADES NINE DIAMONDS QUEEN,0.338,0.0114,0.6506
SPADES NINE HEARTS TWO,0.7032,0.0584,0.2384
HEARTS TWO SPADES TWO,0.2926,0.038,0.6694
DIAMONDS QUEEN SPADES TWO,0.231,0.0416,0.7274
HEARTS TWO SPADES THREE,0.6942,0.0524,0.2534
DIAMONDS QUEEN SPADES THREE,0.374,0.0112,0.6148
HEARTS TWO SPADES FOUR,0.6834,0.048,0.2686
DIAMONDS QUEEN SPADES FOUR,0.3452,0.0118,0.643
HEARTS FOUR CLUBS TEN,0.5728,0.02,0.4072
CLUBS TEN DIAMONDS ACE,0.327,0.006,0.667
HEARTS TWO SPADES FIVE,0.6824,0.0552,0.2624
DIAMONDS QUEEN SPADES FIVE,0.3534,0.01,0.6366
HEARTS FOUR CLUBS JACK,0.21,0.519,0.271
DIAMONDS ACE CLUBS JACK,0.2192,0.0204,0.7604
CLUBS FIVE CLUBS KING,0.3344,0.0086,0.657
CLUBS FIVE CLUBS QUEEN,0.338,0.0124,0.6496
CLUBS FIVE CLUBS ACE,0.3318,0.0052,0.663
CLUBS FIVE CLUBS JACK,0.2108,0.4362,0.353
CLUBS TEN CLUBS FIVE,0.565,0.018,0.417
SPADES KING CLUBS JACK,0.198,0.0334,0.7686
SPADES QUEEN CLUBS JACK,0.2002,0.0422,0.7576
SPADES ACE CLUBS JACK,0.2036,0.0196,0.7768
SPADES SIX CLUBS KING,0.3568,0.006,0.6372
SPADES SIX CLUBS QUEEN,0.3488,0.0124,0.6388
SPADES EIGHT HEARTS JACK,0.2266,0.2252,0.5482
SPADES SIX CLUBS ACE,0.3566,0.0054,0.638
SPADES EIGHT HEARTS TEN,0.5346,0.0198,0.4456
SPADES SIX CLUBS JACK,0.222,0.3986,0.3794
CLUBS TEN SPADES SIX,0.5716,0.0216,0.4068
SPADES TEN CLUBS JACK,0.22,0.119,0.661
SPADES QUEEN CLUBS SEVEN,0.3436,0.0126,0.6438
SPADES KING CLUBS SEVEN,0.347,0.0074,0.6456
SPADES ACE CLUBS SEVEN,0.3324,0.0074,0.6602
SPADES SIX HEARTS TEN,0.5856,0.0184,0.396
SPADES SIX HEARTS JACK,0.2226,0.3892,0.3882
SPADES SIX HEARTS ACE,0.3698,0.0052,0.625
SPADES SIX HEARTS KING,0.3546,0.0086,0.6368
SPADES SIX HEARTS QUEEN,0.3662,0.0126,0.6212
CLUBS SEVEN SPADES TEN,0.5618,0.0224,0.4158
CLUBS TEN HEARTS SIX,0.5778,0.0168,0.4054
HEARTS SIX CLUBS JACK,0.216,0.3916,0.3924
CLUBS ACE CLUBS JACK,0.2082,0.02,0.7718
HEARTS SIX CLUBS QUEEN,0.3588,0.0106,0.6306
HEARTS SIX CLUBS KING,0.3684,0.008,0.6236
HEARTS SIX CLUBS ACE,0.3486,0.0054,0.646
CLUBS QUEEN CLUBS JACK,0.2156,0.0404,0.744
CLUBS KING CLUBS JACK,0.2084,0.032,0.7596
DIAMONDS THREE HEARTS ACE,0.3556,0.005,0.6394
DIAMONDS THREE HEARTS QUEEN,0.3628,0.0124,0.6248
DIAMONDS THREE HEARTS KING,0.3532,0.01,0.6368
CLUBS FIVE HEARTS JACK,0.2186,0.4696,0.3118
HEARTS FOUR SPADES TEN,0.5934,0.0206,0.386
SPADES TEN DIAMONDS ACE,0.3502,0.006,0.6438
CLUBS FIVE HEARTS TEN,0.5726,0.0128,0.4146
SPADES ACE HEARTS FOUR,0.3502,0.0054,0.6444
SPADES ACE DIAMONDS ACE,0.1062,0.004,0.8898
CLUBS FIVE HEARTS ACE,0.3462,0.0038,0.65
CLUBS FIVE HEARTS KING,0.3494,0.0082,0.6424
HEARTS FOUR SPADES QUEEN,0.3642,0.0128,0.623
SPADES QUEEN DIAMONDS ACE,0.3112,0.0052,0.6836
SPADES FOUR CLUBS JACK,0.2068,0.5196,0.2736
CLUBS FIVE HEARTS QUEEN,0.351,0.0122,0.6368
SPADES KING DIAMONDS ACE,0.3188,0.0044,0.6768
HEARTS FOUR SPADES KING,0.3598,0.0086,0.6316
CLUBS TEN SPADES FOUR,0.599,0.0222,0.3788
DIAMONDS QUEEN DIAMONDS ACE,0.2856,0.006,0.7084
HEARTS TWO DIAMONDS ACE,0.2358,0.0132,0.751
HEARTS FOUR DIAMONDS QUEEN,0.3462,0.012,0.6418
HEARTS FOUR HEARTS TWO,0.6406,0.0514,0.308
DIAMONDS THREE HEARTS TEN,0.5898,0.0208,0.3894
SPADES FOUR CLUBS KING,0.3584,0.0072,0.6344
HEARTS FIVE DIAMONDS QUEEN,0.356,0.0108,0.6332
HEARTS FIVE HEARTS TWO,0.6328,0.0542,0.313
DIAMONDS THREE HEARTS JACK,0.2232,0.5136,0.2632
SPADES FOUR CLUBS QUEEN,0.3518,0.0116,0.6366
DIAMONDS QUEEN HEARTS TWO,0.2424,0.043,0.7146
DIAMONDS KING DIAMONDS QUEEN,0.2912,0.0086,0.7002
DIAMONDS KING HEARTS TWO,0.2316,0.0258,0.7426
HEARTS THREE DIAMONDS QUEEN,0.3526,0.0116,0.6358
HEARTS THREE HEARTS TWO,0.629,0.0606,0.3104
SPADES FOUR CLUBS ACE,0.3416,0.0058,0.6526
HEARTS TWO CLUBS ACE,0.2384,0.0146,0.747
DIAMONDS QUEEN CLUBS ACE,0.3182,0.0044,0.6774
HEARTS TWO CLUBS QUEEN,0.2278,0.0376,0.7346
DIAMONDS QUEEN CLUBS QUEEN,0.1316,0.0094,0.859
HEARTS TWO CLUBS KING,0.2274,0.028,0.7446
DIAMONDS QUEEN CLUBS KING,0.2966,0.0084,0.695
SPADES EIGHT SPADES FIVE,0.5424,0.0252,0.4324
CLUBS TEN HEARTS TWO,0.7024,0.0546,0.243
CLUBS TEN DIAMONDS QUEEN,0.3112,0.0092,0.6796
SPADES NINE SPADES FIVE,0.5518,0.0182,0.43
HEARTS TWO CLUBS JACK,0.0106,0.97,0.0194
DIAMONDS QUEEN CLUBS JACK,0.2076,0.0452,0.7472
SPADES SIX SPADES FIVE,0.5176,0.023,0.4594
SPADES SEVEN SPADES FIVE,0.5222,0.0204,0.4574
DIAMONDS FIVE CLUBS QUEEN,0.3542,0.0108,0.635
SPADES EIGHT CLUBS ACE,0.3528,0.0052,0.642
DIAMONDS FIVE CLUBS KING,0.3468,0.01,0.6432
SPADES EIGHT CLUBS KING,0.3612,0.0088,0.63
CLUBS ACE DIAMONDS FIVE,0.3472,0.0044,0.6484
SPADES EIGHT CLUBS QUEEN,0.3408,0.0092,0.65
SPADES EIGHT CLUBS JACK,0.2198,0.2296,0.5506
CLUBS TEN SPADES EIGHT,0.549,0.0188,0.4322
CLUBS TEN DIAMONDS FIVE,0.5808,0.0204,0.3988
DIAMONDS FIVE CLUBS JACK,0.215,0.471,0.314
HEARTS JACK DIAMONDS TEN,0.2166,0.122,0.6614
DIAMONDS TEN HEARTS TEN,0.2744,0.0216,0.704
SPADES ACE CLUBS NINE,0.3552,0.005,0.6398
CLUBS NINE SPADES QUEEN,0.3314,0.0104,0.6582
CLUBS NINE SPADES KING,0.332,0.0078,0.6602
HEARTS SIX HEARTS KING,0.342,0.0066,0.6514
DIAMONDS KING SPADES SEVEN,0.3638,0.0064,0.6298
HEARTS THREE SPADES SEVEN,0.5734,0.0204,0.4062
SPADES KING DIAMONDS SEVEN,0.3416,0.0084,0.65
HEARTS SIX HEARTS QUEEN,0.335,0.0122,0.6528
DIAMONDS KING SPADES SIX,0.3658,0.0076,0.6266
HEARTS THREE SPADES SIX,0.5742,0.0248,0.401
SPADES QUEEN DIAMONDS SEVEN,0.3644,0.0108,0.6248
SPADES NINE DIAMONDS KING,0.3474,0.0096,0.643
HEARTS THREE SPADES NINE,0.591,0.0212,0.3878
HEARTS SIX HEARTS ACE,0.336,0.0064,0.6576
DIAMONDS KING SPADES EIGHT,0.3468,0.009,0.6442
HEARTS THREE SPADES EIGHT,0.5904,0.018,0.3916
SPADES ACE DIAMONDS SEVEN,0.3508,0.004,0.6452
CLUBS NINE HEARTS THREE,0.588,0.0222,0.3898
CLUBS NINE DIAMONDS KING,0.343,0.0058,0.6512
