opposingHand,winningChance,drawChance,lostChance
SPADES JACK SPADES SIX
SPADES TEN HEARTS FIVE,0.6398,0.0172,0.343
SPADES FIVE CLUBS JACK,0.4196,0.3678,0.2126
SPADES FIVE CLUBS TEN,0.6384,0.0202,0.3414
CLUBS EIGHT CLUBS JACK,0.244,0.2056,0.5504
CLUBS EIGHT CLUBS TEN,0.5582,0.016,0.4258
CLUBS EIGHT CLUBS KING,0.3698,0.0078,0.6224
SPADES FIVE CLUBS ACE,0.417,0.0066,0.5764
CLUBS EIGHT CLUBS QUEEN,0.3554,0.0088,0.6358
SPADES FIVE CLUBS KING,0.4372,0.007,0.5558
SPADES FIVE CLUBS QUEEN,0.4196,0.0116,0.5688
CLUBS EIGHT CLUBS ACE,0.376,0.0048,0.6192
DIAMONDS TWO DIAMONDS THREE,0.6186,0.0174,0.364
DIAMONDS TWO DIAMONDS FIVE,0.62,0.0196,0.3604
SPADES KING HEARTS FIVE,0.4192,0.0092,0.5716
DIAMONDS TWO DIAMONDS FOUR,0.609,0.02,0.371
SPADES QUEEN HEARTS FIVE,0.4036,0.0122,0.5842
DIAMONDS TWO DIAMONDS SEVEN,0.6066,0.0196,0.3738
DIAMONDS TWO DIAMONDS SIX,0.6732,0.059,0.2678
SPADES ACE HEARTS FIVE,0.4098,0.0056,0.5846
DIAMONDS TWO DIAMONDS NINE,0.6066,0.019,0.3744
DIAMONDS TWO DIAMONDS EIGHT,0.6116,0.0164,0.372
DIAMONDS THREE DIAMONDS FOUR,0.6076,0.018,0.3744
CLUBS TWO SPADES FOUR,0.644,0.0234,0.3326
DIAMONDS THREE DIAMONDS FIVE,0.594,0.018,0.388
CLUBS TWO SPADES FIVE,0.6388,0.0182,0.343
CLUBS TWO SPADES TWO,0.4458,0.0394,0.5148
CLUBS TWO SPADES THREE,0.6582,0.0232,0.3186
DIAMONDS THREE DIAMONDS EIGHT,0.6012,0.0186,0.3802
SPADES EIGHT CLUBS TWO,0.6508,0.0212,0.328
DIAMONDS THREE DIAMONDS NINE,0.6054,0.0176,0.377
SPADES NINE CLUBS TWO,0.6386,0.018,0.3434
DIAMONDS THREE DIAMONDS SIX,0.6536,0.0616,0.2848
DIAMONDS THREE DIAMONDS SEVEN,0.6054,0.0178,0.3768
SPADES SEVEN CLUBS TWO,0.663,0.0174,0.3196
CLUBS SIX CLUBS TWO,0.6656,0.0558,0.2786
CLUBS SEVEN CLUBS TWO,0.613,0.0174,0.3696
CLUBS FOUR CLUBS TWO,0.6128,0.0188,0.3684
CLUBS FIVE CLUBS TWO,0.6156,0.0186,0.3658
CLUBS JACK CLUBS TEN,0.2534,0.1074,0.6392
DIAMONDS FOUR DIAMONDS SIX,0.641,0.06,0.299
CLUBS QUEEN CLUBS TEN,0.3464,0.0078,0.6458
DIAMONDS FOUR DIAMONDS SEVEN,0.5892,0.0168,0.394
CLUBS KING CLUBS TEN,0.3632,0.0066,0.6302
CLUBS ACE CLUBS TEN,0.3602,0.0046,0.6352
CLUBS EIGHT CLUBS TWO,0.5996,0.0206,0.3798
DIAMONDS FIVE DIAMONDS FOUR,0.588,0.017,0.395
CLUBS NINE CLUBS TWO,0.606,0.0162,0.3778
DIAMONDS NINE DIAMONDS FOUR,0.6092,0.0182,0.3726
DIAMONDS EIGHT DIAMONDS FOUR,0.5982,0.0174,0.3844
CLUBS TWO CLUBS THREE,0.6146,0.0182,0.3672
DIAMONDS NINE DIAMONDS FIVE,0.606,0.0196,0.3744
DIAMONDS TWO CLUBS JACK,0.4326,0.3616,0.2058
DIAMONDS EIGHT DIAMONDS FIVE,0.5734,0.018,0.4086
DIAMONDS TWO CLUBS TEN,0.6266,0.0178,0.3556
DIAMONDS FIVE DIAMONDS SEVEN,0.5688,0.0182,0.413
DIAMONDS FIVE DIAMONDS SIX,0.6264,0.0544,0.3192
DIAMONDS TWO CLUBS ACE,0.4376,0.0062,0.5562
DIAMONDS TWO CLUBS KING,0.4502,0.0074,0.5424
DIAMONDS TWO CLUBS QUEEN,0.4466,0.0092,0.5442
DIAMONDS EIGHT DIAMONDS SIX,0.636,0.0464,0.3176
DIAMONDS NINE DIAMONDS SIX,0.6512,0.055,0.2938
SPADES THREE HEARTS ACE,0.4222,0.004,0.5738
HEARTS KING SPADES THREE,0.4324,0.0064,0.5612
DIAMONDS SEVEN DIAMONDS SIX,0.6232,0.0548,0.322
SPADES THREE HEARTS QUEEN,0.4106,0.0126,0.5768
SPADES THREE HEARTS JACK,0.423,0.3668,0.2102
SPADES THREE HEARTS TEN,0.6288,0.0204,0.3508
DIAMONDS EIGHT DIAMONDS SEVEN,0.5504,0.0142,0.4354
DIAMONDS NINE DIAMONDS SEVEN,0.5498,0.0174,0.4328
DIAMONDS NINE DIAMONDS EIGHT,0.5484,0.0134,0.4382
DIAMONDS KING HEARTS TEN,0.3828,0.007,0.6102
HEARTS THREE HEARTS TEN,0.5984,0.0202,0.3814
DIAMONDS KING HEARTS JACK,0.2792,0.0308,0.69
HEARTS THREE HEARTS JACK,0.4036,0.3494,0.247
CLUBS SIX SPADES TEN,0.691,0.0648,0.2442
SPADES TEN SPADES FIVE,0.6368,0.0212,0.342
DIAMONDS KING HEARTS ACE,0.3676,0.0024,0.63
HEARTS THREE HEARTS ACE,0.3982,0.0058,0.596
SPADES ACE CLUBS SIX,0.2658,0.0244,0.7098
DIAMONDS KING HEARTS QUEEN,0.3536,0.005,0.6414
HEARTS THREE HEARTS QUEEN,0.4106,0.0126,0.5768
SPADES KING CLUBS SIX,0.2548,0.031,0.7142
DIAMONDS KING HEARTS KING,0.1836,0.0074,0.809
HEARTS THREE HEARTS KING,0.4214,0.0044,0.5742
SPADES QUEEN CLUBS SIX,0.2638,0.0482,0.688
SPADES NINE HEARTS TEN,0.5614,0.016,0.4226
SPADES NINE HEARTS JACK,0.2654,0.1626,0.572
SPADES QUEEN SPADES FIVE,0.376,0.011,0.613
SPADES KING SPADES FIVE,0.3704,0.0118,0.6178
SPADES ACE SPADES FIVE,0.3692,0.0072,0.6236
SPADES NINE HEARTS QUEEN,0.3672,0.011,0.6218
SPADES NINE HEARTS KING,0.3938,0.0062,0.6
SPADES NINE HEARTS ACE,0.3912,0.004,0.6048
SPADES TEN CLUBS TEN,0.299,0.0242,0.6768
SPADES ACE CLUBS TEN,0.3648,0.005,0.6302
SPADES KING CLUBS TEN,0.367,0.0076,0.6254
SPADES QUEEN CLUBS TEN,0.3594,0.0088,0.6318
SPADES FIVE HEARTS QUEEN,0.42,0.0108,0.5692
SPADES FIVE HEARTS KING,0.425,0.0072,0.5678
SPADES FIVE HEARTS ACE,0.4124,0.0064,0.5812
CLUBS EIGHT SPADES TEN,0.5728,0.016,0.4112
HEARTS THREE SPADES TEN,0.628,0.019,0.353
SPADES TEN DIAMONDS KING,0.3632,0.007,0.6298
SPADES ACE CLUBS EIGHT,0.389,0.0056,0.6054
HEARTS FIVE CLUBS JACK,0.4314,0.35,0.2186
CLUBS SIX HEARTS ACE,0.2892,0.0232,0.6876
HEARTS FIVE CLUBS TEN,0.6376,0.0162,0.3462
CLUBS EIGHT SPADES QUEEN,0.3716,0.011,0.6174
SPADES THREE CLUBS TEN,0.6318,0.0192,0.349
CLUBS SIX HEARTS QUEEN,0.2866,0.0452,0.6682
CLUBS EIGHT SPADES KING,0.3922,0.0068,0.601
SPADES THREE CLUBS JACK,0.408,0.3662,0.2258
CLUBS SIX HEARTS KING,0.2888,0.0354,0.6758
DIAMONDS TWO HEARTS JACK,0.4308,0.3642,0.205
SPADES THREE CLUBS QUEEN,0.4274,0.0118,0.5608
DIAMONDS TWO HEARTS TEN,0.65,0.0174,0.3326
SPADES THREE CLUBS KING,0.4392,0.0052,0.5556
HEARTS FIVE CLUBS ACE,0.4266,0.0052,0.5682
SPADES FIVE HEARTS TEN,0.6302,0.0184,0.3514
SPADES THREE CLUBS ACE,0.4264,0.004,0.5696
HEARTS FIVE CLUBS KING,0.4264,0.0078,0.5658
SPADES FIVE HEARTS JACK,0.425,0.3662,0.2088
HEARTS FIVE CLUBS QUEEN,0.4204,0.0126,0.567
HEARTS THREE CLUBS KING,0.4342,0.0072,0.5586
DIAMONDS KING CLUBS KING,0.1784,0.0078,0.8138
HEARTS THREE CLUBS QUEEN,0.436,0.0114,0.5526
DIAMONDS KING CLUBS QUEEN,0.3598,0.0066,0.6336
HEARTS FIVE HEARTS JACK,0.4028,0.3426,0.2546
HEARTS FIVE HEARTS TEN,0.6112,0.0176,0.3712
HEARTS THREE CLUBS ACE,0.4244,0.0046,0.571
DIAMONDS KING CLUBS ACE,0.3596,0.0042,0.6362
SPADES ACE CLUBS QUEEN,0.3414,0.005,0.6536
SPADES KING CLUBS QUEEN,0.3406,0.0082,0.6512
HEARTS THREE CLUBS JACK,0.4186,0.3718,0.2096
DIAMONDS KING CLUBS JACK,0.2782,0.0268,0.695
SPADES QUEEN CLUBS QUEEN,0.1746,0.0122,0.8132
HEARTS THREE CLUBS TEN,0.6378,0.022,0.3402
DIAMONDS KING CLUBS TEN,0.3682,0.0052,0.6266
CLUBS SIX CLUBS QUEEN,0.2852,0.0432,0.6716
SPADES TEN CLUBS QUEEN,0.357,0.009,0.634
CLUBS SIX CLUBS KING,0.271,0.0362,0.6928
CLUBS SIX CLUBS ACE,0.2638,0.0216,0.7146
HEARTS FIVE HEARTS KING,0.4038,0.0074,0.5888
HEARTS FIVE HEARTS QUEEN,0.4026,0.0106,0.5868
CLUBS SIX CLUBS TEN,0.6634,0.0554,0.2812
HEARTS FIVE HEARTS ACE,0.4098,0.004,0.5862
CLUBS SIX CLUBS JACK,0.0726,0.855,0.0724
SPADES SEVEN HEARTS JACK,0.2588,0.2762,0.465
SPADES SEVEN HEARTS TEN,0.5902,0.018,0.3918
DIAMONDS TWO CLUBS TWO,0.4534,0.0472,0.4994
DIAMONDS TWO CLUBS THREE,0.6476,0.0248,0.3276
HEARTS SIX DIAMONDS TWO,0.7132,0.0572,0.2296
DIAMONDS TWO HEARTS QUEEN,0.4354,0.0094,0.5552
DIAMONDS TWO HEARTS SEVEN,0.6512,0.0202,0.3286
DIAMONDS TWO HEARTS KING,0.4464,0.0072,0.5464
DIAMONDS TWO HEARTS EIGHT,0.634,0.0196,0.3464
DIAMONDS TWO HEARTS ACE,0.4336,0.0034,0.563
DIAMONDS TWO HEARTS NINE,0.6548,0.0142,0.331
DIAMONDS TWO DIAMONDS QUEEN,0.4198,0.0106,0.5696
DIAMONDS TWO HEARTS TWO,0.4516,0.0432,0.5052
DIAMONDS TWO DIAMONDS KING,0.4126,0.0052,0.5822
HEARTS THREE DIAMONDS TWO,0.6438,0.0202,0.336
DIAMONDS TWO DIAMONDS ACE,0.4094,0.0044,0.5862
HEARTS FOUR DIAMONDS TWO,0.6524,0.0216,0.326
DIAMONDS TWO HEARTS FIVE,0.6674,0.0152,0.3174
SPADES SEVEN HEARTS ACE,0.3936,0.0046,0.6018
DIAMONDS TWO DIAMONDS TEN,0.5932,0.016,0.3908
SPADES SEVEN HEARTS KING,0.4016,0.0064,0.592
DIAMONDS TWO DIAMONDS JACK,0.4088,0.345,0.2462
SPADES SEVEN HEARTS QUEEN,0.3894,0.0084,0.6022
DIAMONDS TWO SPADES NINE,0.6422,0.0164,0.3414
DIAMONDS TWO SPADES EIGHT,0.6332,0.021,0.3458
DIAMONDS TWO SPADES SEVEN,0.6538,0.0182,0.328
DIAMONDS TWO SPADES FIVE,0.644,0.0206,0.3354
DIAMONDS TWO SPADES FOUR,0.6402,0.0186,0.3412
DIAMONDS TWO SPADES THREE,0.6368,0.0202,0.343
DIAMONDS TWO SPADES TWO,0.4542,0.0424,0.5034
CLUBS NINE DIAMONDS TWO,0.649,0.016,0.335
CLUBS EIGHT DIAMONDS TWO,0.6512,0.0142,0.3346
DIAMONDS TWO CLUBS SEVEN,0.6502,0.0188,0.331
CLUBS SIX DIAMONDS TWO,0.7234,0.0592,0.2174
DIAMONDS TWO CLUBS FIVE,0.6464,0.0184,0.3352
DIAMONDS TWO CLUBS FOUR,0.6656,0.0174,0.317
CLUBS FOUR SPADES FIVE,0.6292,0.0198,0.351
CLUBS FOUR SPADES FOUR,0.4442,0.042,0.5138
CLUBS FOUR SPADES THREE,0.6166,0.02,0.3634
CLUBS FOUR SPADES TWO,0.6458,0.0228,0.3314
SPADES NINE CLUBS FOUR,0.6332,0.0138,0.353
CLUBS FOUR SPADES EIGHT,0.6284,0.0202,0.3514
CLUBS FOUR SPADES SEVEN,0.6164,0.0204,0.3632
SPADES ACE DIAMONDS SIX,0.2696,0.0294,0.701
SPADES QUEEN DIAMONDS SIX,0.2686,0.0454,0.686
SPADES KING DIAMONDS SIX,0.2658,0.0352,0.699
SPADES TEN DIAMONDS SIX,0.7032,0.0594,0.2374
SPADES QUEEN SPADES TWO,0.3828,0.0134,0.6038
SPADES KING SPADES TWO,0.4012,0.0076,0.5912
SPADES ACE SPADES TWO,0.3658,0.0072,0.627
DIAMONDS JACK CLUBS JACK,0.1346,0.036,0.8294
DIAMONDS JACK CLUBS TEN,0.2692,0.1156,0.6152
DIAMONDS JACK CLUBS KING,0.2862,0.0304,0.6834
DIAMONDS JACK CLUBS QUEEN,0.2686,0.0434,0.688
DIAMONDS THREE DIAMONDS JACK,0.3968,0.3478,0.2554
DIAMONDS THREE DIAMONDS TEN,0.6032,0.0174,0.3794
DIAMONDS JACK CLUBS ACE,0.276,0.019,0.705
DIAMONDS THREE DIAMONDS KING,0.4076,0.0092,0.5832
HEARTS THREE DIAMONDS THREE,0.4534,0.043,0.5036
DIAMONDS THREE DIAMONDS QUEEN,0.4066,0.0094,0.584
DIAMONDS THREE HEARTS TWO,0.6366,0.0224,0.341
HEARTS FIVE DIAMONDS THREE,0.6436,0.016,0.3404
DIAMONDS THREE DIAMONDS ACE,0.4152,0.004,0.5808
HEARTS FOUR DIAMONDS THREE,0.6344,0.0188,0.3468
DIAMONDS THREE HEARTS SEVEN,0.639,0.0182,0.3428
SPADES TEN SPADES NINE,0.5696,0.0162,0.4142
HEARTS SIX DIAMONDS THREE,0.7088,0.0626,0.2286
DIAMONDS THREE HEARTS NINE,0.6424,0.0178,0.3398
HEARTS JACK DIAMONDS FOUR,0.428,0.3554,0.2166
HEARTS KING HEARTS ACE,0.3552,0.0036,0.6412
SPADES TEN SPADES TWO,0.6292,0.0208,0.35
DIAMONDS THREE HEARTS EIGHT,0.6464,0.0162,0.3374
HEARTS TEN DIAMONDS FOUR,0.6422,0.0172,0.3406
HEARTS QUEEN DIAMONDS FOUR,0.436,0.0072,0.5568
HEARTS KING DIAMONDS FOUR,0.434,0.0084,0.5576
SPADES ACE SPADES NINE,0.3378,0.005,0.6572
HEARTS ACE DIAMONDS FOUR,0.419,0.0056,0.5754
SPADES KING SPADES NINE,0.349,0.0074,0.6436
SPADES QUEEN SPADES NINE,0.325,0.0114,0.6636
DIAMONDS THREE SPADES NINE,0.6364,0.0178,0.3458
DIAMONDS THREE SPADES EIGHT,0.6314,0.0172,0.3514
DIAMONDS THREE SPADES SEVEN,0.6284,0.0212,0.3504
CLUBS SIX DIAMONDS THREE,0.7076,0.0582,0.2342
CLUBS ACE DIAMONDS FOUR,0.4374,0.0042,0.5584
CLUBS SIX CLUBS FIVE,0.6366,0.0534,0.31
CLUBS SEVEN CLUBS FIVE,0.561,0.0176,0.4214
CLUBS SEVEN DIAMONDS THREE,0.6348,0.0158,0.3494
DIAMONDS THREE CLUBS FOUR,0.644,0.0204,0.3356
CLUBS QUEEN DIAMONDS FOUR,0.4296,0.0126,0.5578
DIAMONDS THREE CLUBS FIVE,0.6316,0.018,0.3504
CLUBS KING DIAMONDS FOUR,0.4186,0.0086,0.5728
DIAMONDS THREE CLUBS TWO,0.6454,0.0218,0.3328
DIAMONDS FOUR CLUBS TEN,0.6424,0.0154,0.3422
DIAMONDS THREE CLUBS THREE,0.4506,0.0402,0.5092
DIAMONDS FOUR CLUBS JACK,0.4292,0.3656,0.2052
DIAMONDS THREE SPADES FOUR,0.6374,0.0196,0.343
DIAMONDS THREE SPADES FIVE,0.6322,0.0158,0.352
DIAMONDS THREE SPADES TWO,0.6424,0.0184,0.3392
DIAMONDS THREE SPADES THREE,0.4428,0.0438,0.5134
CLUBS EIGHT DIAMONDS THREE,0.6466,0.0176,0.3358
CLUBS NINE DIAMONDS THREE,0.6402,0.016,0.3438
SPADES SEVEN CLUBS ACE,0.374,0.0054,0.6206
SPADES SEVEN CLUBS QUEEN,0.3852,0.0104,0.6044
SPADES SEVEN CLUBS KING,0.3832,0.0076,0.6092
CLUBS FIVE SPADES SEVEN,0.613,0.0208,0.3662
SPADES SEVEN CLUBS TEN,0.6,0.0184,0.3816
SPADES SEVEN CLUBS JACK,0.266,0.2872,0.4468
SPADES NINE CLUBS FIVE,0.6428,0.0172,0.34
SPADES EIGHT CLUBS FIVE,0.6194,0.0178,0.3628
CLUBS FIVE SPADES THREE,0.6438,0.0192,0.337
CLUBS FIVE SPADES TWO,0.6464,0.0224,0.3312
CLUBS FIVE SPADES FIVE,0.4252,0.0416,0.5332
CLUBS FIVE SPADES FOUR,0.6252,0.0182,0.3566
CLUBS NINE CLUBS FIVE,0.6024,0.0174,0.3802
CLUBS EIGHT CLUBS FIVE,0.5976,0.0174,0.385
CLUBS ACE CLUBS QUEEN,0.355,0.0046,0.6404
CLUBS KING CLUBS QUEEN,0.3332,0.006,0.6608
DIAMONDS TEN DIAMONDS FOUR,0.5966,0.016,0.3874
DIAMONDS NINE CLUBS TEN,0.5694,0.0158,0.4148
DIAMONDS JACK DIAMONDS FOUR,0.4002,0.3426,0.2572
DIAMONDS NINE CLUBS JACK,0.2784,0.1602,0.5614
SPADES NINE CLUBS JACK,0.2596,0.1604,0.58
SPADES NINE CLUBS TEN,0.564,0.014,0.422
DIAMONDS ACE DIAMONDS FOUR,0.3962,0.0044,0.5994
HEARTS FOUR DIAMONDS FOUR,0.4492,0.041,0.5098
DIAMONDS JACK HEARTS TEN,0.2808,0.1118,0.6074
SPADES NINE CLUBS KING,0.3924,0.0078,0.5998
DIAMONDS TWO SPADES TEN,0.6334,0.0166,0.35
DIAMONDS NINE CLUBS ACE,0.396,0.0038,0.6002
HEARTS FIVE DIAMONDS FOUR,0.6358,0.0212,0.343
HEARTS JACK DIAMONDS JACK,0.1442,0.0394,0.8164
SPADES NINE CLUBS QUEEN,0.3774,0.0088,0.6138
DIAMONDS QUEEN DIAMONDS FOUR,0.4142,0.0124,0.5734
HEARTS TWO DIAMONDS FOUR,0.6466,0.0212,0.3322
DIAMONDS NINE CLUBS QUEEN,0.3806,0.0102,0.6092
DIAMONDS KING DIAMONDS FOUR,0.4028,0.0058,0.5914
HEARTS THREE DIAMONDS FOUR,0.6378,0.0218,0.3404
SPADES NINE CLUBS ACE,0.3854,0.0042,0.6104
DIAMONDS NINE CLUBS KING,0.385,0.0072,0.6078
HEARTS ACE DIAMONDS JACK,0.2696,0.0212,0.7092
SPADES ACE DIAMONDS TWO,0.4298,0.005,0.5652
DIAMONDS JACK HEARTS QUEEN,0.2794,0.0372,0.6834
SPADES QUEEN DIAMONDS TWO,0.4166,0.0144,0.569
HEARTS KING DIAMONDS JACK,0.296,0.0298,0.6742
SPADES KING DIAMONDS TWO,0.4304,0.0078,0.5618
SPADES TEN SPADES SEVEN,0.5884,0.0186,0.393
CLUBS SEVEN CLUBS THREE,0.6022,0.018,0.3798
CLUBS SIX CLUBS THREE,0.6584,0.06,0.2816
CLUBS FIVE CLUBS THREE,0.5976,0.018,0.3844
CLUBS FOUR CLUBS THREE,0.5886,0.0172,0.3942
CLUBS NINE CLUBS THREE,0.6062,0.0154,0.3784
CLUBS EIGHT CLUBS THREE,0.626,0.0164,0.3576
SPADES FIVE CLUBS THREE,0.6428,0.0184,0.3388
CLUBS THREE SPADES FOUR,0.642,0.0164,0.3416
CLUBS THREE SPADES THREE,0.4412,0.0448,0.514
CLUBS THREE SPADES TWO,0.6568,0.0182,0.325
SPADES SEVEN CLUBS THREE,0.6364,0.0194,0.3442
SPADES EIGHT CLUBS THREE,0.649,0.0186,0.3324
SPADES NINE CLUBS THREE,0.6364,0.021,0.3426
SPADES TWO DIAMONDS FOUR,0.6508,0.0204,0.3288
SPADES THREE DIAMONDS FOUR,0.6446,0.0204,0.335
SPADES FOUR DIAMONDS FOUR,0.4478,0.0414,0.5108
SPADES FIVE DIAMONDS FOUR,0.6226,0.016,0.3614
SPADES SEVEN DIAMONDS FOUR,0.6328,0.0178,0.3494
SPADES EIGHT DIAMONDS FOUR,0.6228,0.019,0.3582
SPADES NINE DIAMONDS FOUR,0.6416,0.0176,0.3408
CLUBS FIVE DIAMONDS FOUR,0.6292,0.0146,0.3562
CLUBS FOUR DIAMONDS FOUR,0.453,0.038,0.509
CLUBS SEVEN DIAMONDS FOUR,0.628,0.0202,0.3518
CLUBS SIX DIAMONDS FOUR,0.6796,0.0624,0.258
CLUBS NINE DIAMONDS FOUR,0.6436,0.0202,0.3362
CLUBS EIGHT DIAMONDS FOUR,0.6278,0.0188,0.3534
DIAMONDS FOUR HEARTS SEVEN,0.6206,0.017,0.3624
HEARTS SIX DIAMONDS FOUR,0.6812,0.0594,0.2594
HEARTS NINE DIAMONDS FOUR,0.6434,0.0188,0.3378
DIAMONDS FOUR HEARTS EIGHT,0.6298,0.0226,0.3476
CLUBS THREE DIAMONDS FOUR,0.6476,0.0184,0.334
CLUBS TWO DIAMONDS FOUR,0.6482,0.019,0.3328
DIAMONDS TEN DIAMONDS FIVE,0.6118,0.0146,0.3736
DIAMONDS JACK DIAMONDS FIVE,0.3978,0.3414,0.2608
DIAMONDS NINE HEARTS QUEEN,0.3948,0.0072,0.598
HEARTS KING DIAMONDS NINE,0.389,0.0068,0.6042
DIAMONDS NINE HEARTS ACE,0.3944,0.004,0.6016
DIAMONDS NINE HEARTS TEN,0.5658,0.015,0.4192
DIAMONDS NINE HEARTS JACK,0.2722,0.1504,0.5774
CLUBS KING DIAMONDS SIX,0.2756,0.0434,0.681
CLUBS QUEEN DIAMONDS SIX,0.283,0.0446,0.6724
CLUBS ACE DIAMONDS SIX,0.2858,0.0238,0.6904
SPADES KING DIAMONDS FOUR,0.4222,0.009,0.5688
SPADES ACE SPADES SEVEN,0.328,0.0054,0.6666
SPADES QUEEN DIAMONDS FOUR,0.414,0.0096,0.5764
SPADES QUEEN SPADES SEVEN,0.3432,0.0112,0.6456
CLUBS JACK DIAMONDS SIX,0.0734,0.901,0.0256
SPADES KING SPADES SEVEN,0.3516,0.0074,0.641
SPADES ACE DIAMONDS FOUR,0.4172,0.007,0.5758
CLUBS TEN DIAMONDS SIX,0.6978,0.0544,0.2478
CLUBS NINE CLUBS FOUR,0.6108,0.0148,0.3744
CLUBS EIGHT CLUBS FOUR,0.5884,0.0172,0.3944
SPADES TEN DIAMONDS FOUR,0.6306,0.0164,0.353
CLUBS FOUR CLUBS FIVE,0.5848,0.0176,0.3976
CLUBS SEVEN CLUBS FOUR,0.5874,0.0188,0.3938
CLUBS SIX CLUBS FOUR,0.646,0.0584,0.2956
CLUBS SEVEN SPADES EIGHT,0.5736,0.0168,0.4096
CLUBS SEVEN SPADES NINE,0.5826,0.0174,0.4
CLUBS SEVEN SPADES SEVEN,0.3216,0.042,0.6364
CLUBS SEVEN SPADES FIVE,0.5916,0.0172,0.3912
CLUBS SEVEN SPADES FOUR,0.6254,0.0172,0.3574
CLUBS SEVEN SPADES THREE,0.646,0.0172,0.3368
CLUBS SEVEN SPADES TWO,0.6526,0.0196,0.3278
CLUBS NINE CLUBS SEVEN,0.5424,0.0146,0.443
CLUBS EIGHT CLUBS SEVEN,0.5416,0.0176,0.4408
HEARTS SIX DIAMONDS FIVE,0.667,0.0596,0.2734
DIAMONDS FIVE HEARTS SEVEN,0.627,0.0204,0.3526
DIAMONDS FIVE HEARTS EIGHT,0.6186,0.0184,0.363
HEARTS NINE DIAMONDS FIVE,0.635,0.018,0.347
DIAMONDS QUEEN DIAMONDS FIVE,0.3992,0.0104,0.5904
HEARTS TWO DIAMONDS FIVE,0.6488,0.0196,0.3316
HEARTS KING HEARTS EIGHT,0.3728,0.0074,0.6198
DIAMONDS KING DIAMONDS FIVE,0.4036,0.0074,0.589
HEARTS THREE DIAMONDS FIVE,0.6444,0.0198,0.3358
HEARTS QUEEN HEARTS EIGHT,0.3594,0.0084,0.6322
DIAMONDS ACE DIAMONDS FIVE,0.3942,0.0042,0.6016
HEARTS FOUR DIAMONDS FIVE,0.6268,0.017,0.3562
HEARTS FIVE DIAMONDS FIVE,0.4376,0.047,0.5154
HEARTS ACE HEARTS EIGHT,0.3716,0.0042,0.6242
CLUBS FOUR DIAMONDS FIVE,0.631,0.0176,0.3514
CLUBS FIVE DIAMONDS FIVE,0.4262,0.0404,0.5334
CLUBS SIX DIAMONDS FIVE,0.6866,0.0532,0.2602
CLUBS SEVEN DIAMONDS FIVE,0.622,0.0162,0.3618
CLUBS TWO DIAMONDS FIVE,0.6452,0.0208,0.334
CLUBS THREE DIAMONDS FIVE,0.647,0.0218,0.3312
SPADES THREE DIAMONDS FIVE,0.6264,0.016,0.3576
SPADES TWO DIAMONDS FIVE,0.6542,0.0188,0.327
SPADES FIVE DIAMONDS FIVE,0.4452,0.0384,0.5164
HEARTS JACK CLUBS TEN,0.2604,0.1116,0.628
SPADES TEN DIAMONDS EIGHT,0.5714,0.016,0.4126
SPADES FOUR DIAMONDS FIVE,0.6158,0.0228,0.3614
HEARTS JACK CLUBS JACK,0.1426,0.0322,0.8252
HEARTS JACK CLUBS QUEEN,0.275,0.0382,0.6868
CLUBS NINE DIAMONDS FIVE,0.64,0.0168,0.3432
HEARTS JACK CLUBS KING,0.2758,0.0256,0.6986
CLUBS EIGHT DIAMONDS FIVE,0.6172,0.0152,0.3676
HEARTS JACK CLUBS ACE,0.2798,0.0182,0.702
SPADES SEVEN DIAMONDS FIVE,0.6152,0.0186,0.3662
SPADES KING DIAMONDS EIGHT,0.3758,0.0094,0.6148
SPADES QUEEN DIAMONDS EIGHT,0.3814,0.0114,0.6072
SPADES NINE DIAMONDS FIVE,0.633,0.0168,0.3502
SPADES EIGHT DIAMONDS FIVE,0.6136,0.0174,0.369
SPADES ACE DIAMONDS EIGHT,0.3796,0.0046,0.6158
DIAMONDS TEN DIAMONDS SIX,0.6668,0.0534,0.2798
HEARTS ACE DIAMONDS SEVEN,0.3928,0.0024,0.6048
DIAMONDS JACK DIAMONDS SIX,0.0726,0.8506,0.0768
HEARTS QUEEN DIAMONDS SEVEN,0.3928,0.011,0.5962
HEARTS KING DIAMONDS SEVEN,0.3972,0.0076,0.5952
DIAMONDS ACE DIAMONDS SIX,0.277,0.0202,0.7028
HEARTS FOUR DIAMONDS SIX,0.6906,0.0586,0.2508
SPADES TWO HEARTS JACK,0.413,0.3666,0.2204
HEARTS FIVE DIAMONDS SIX,0.6746,0.0564,0.269
SPADES TWO HEARTS TEN,0.6392,0.0132,0.3476
DIAMONDS QUEEN DIAMONDS SIX,0.2554,0.047,0.6976
HEARTS TWO DIAMONDS SIX,0.7204,0.065,0.2146
DIAMONDS KING DIAMONDS SIX,0.2716,0.0312,0.6972
HEARTS THREE DIAMONDS SIX,0.696,0.0604,0.2436
HEARTS EIGHT DIAMONDS SIX,0.6802,0.0548,0.265
HEARTS NINE DIAMONDS SIX,0.6866,0.0532,0.2602
HEARTS SIX DIAMONDS SIX,0.3292,0.036,0.6348
HEARTS SEVEN DIAMONDS SIX,0.6668,0.0486,0.2846
HEARTS TEN DIAMONDS SEVEN,0.601,0.0174,0.3816
CLUBS TWO DIAMONDS SIX,0.6986,0.0686,0.2328
HEARTS JACK DIAMONDS SEVEN,0.2776,0.2736,0.4488
CLUBS THREE DIAMONDS SIX,0.705,0.0614,0.2336
DIAMONDS EIGHT CLUBS JACK,0.2688,0.2124,0.5188
CLUBS SEVEN DIAMONDS SIX,0.6762,0.0512,0.2726
CLUBS SIX DIAMONDS SIX,0.3376,0.039,0.6234
DIAMONDS EIGHT CLUBS TEN,0.6,0.017,0.383
CLUBS FIVE DIAMONDS SIX,0.6642,0.0572,0.2786
CLUBS FOUR DIAMONDS SIX,0.6792,0.0608,0.26
HEARTS ACE HEARTS JACK,0.254,0.0188,0.7272
DIAMONDS EIGHT CLUBS ACE,0.392,0.0024,0.6056
HEARTS JACK HEARTS QUEEN,0.253,0.0392,0.7078
DIAMONDS EIGHT CLUBS KING,0.406,0.0054,0.5886
CLUBS NINE DIAMONDS SIX,0.6978,0.0554,0.2468
HEARTS KING HEARTS JACK,0.2636,0.0278,0.7086
DIAMONDS EIGHT CLUBS QUEEN,0.3826,0.0076,0.6098
CLUBS EIGHT DIAMONDS SIX,0.685,0.0478,0.2672
SPADES FIVE DIAMONDS SIX,0.6462,0.0628,0.291
SPADES TEN HEARTS KING,0.3752,0.0064,0.6184
HEARTS ACE SPADES TWO,0.4172,0.0046,0.5782
SPADES FOUR DIAMONDS SIX,0.674,0.063,0.263
SPADES THREE DIAMONDS SIX,0.7004,0.0598,0.2398
SPADES TWO HEARTS QUEEN,0.4358,0.013,0.5512
SPADES ACE SPADES KING,0.3014,0.006,0.6926
HEARTS KING SPADES TWO,0.4352,0.0078,0.557
SPADES TWO DIAMONDS SIX,0.7064,0.0624,0.2312
HEARTS TEN HEARTS EIGHT,0.5478,0.013,0.4392
SPADES NINE DIAMONDS SIX,0.6884,0.0562,0.2554
HEARTS JACK HEARTS EIGHT,0.2548,0.1932,0.552
SPADES EIGHT DIAMONDS SIX,0.6786,0.059,0.2624
SPADES SEVEN DIAMONDS SIX,0.6624,0.058,0.2796
SPADES KING HEARTS KING,0.1644,0.0062,0.8294
SPADES QUEEN HEARTS KING,0.346,0.0066,0.6474
CLUBS ACE CLUBS KING,0.34,0.0036,0.6564
SPADES ACE HEARTS KING,0.3556,0.0068,0.6376
SPADES ACE HEARTS JACK,0.25,0.0198,0.7302
SPADES QUEEN HEARTS JACK,0.2446,0.044,0.7114
SPADES KING HEARTS JACK,0.2568,0.0296,0.7136
SPADES TEN DIAMONDS TEN,0.2914,0.0268,0.6818
SPADES ACE DIAMONDS TEN,0.378,0.0044,0.6176
SPADES TEN HEARTS JACK,0.2528,0.1166,0.6306
SPADES QUEEN DIAMONDS TEN,0.3626,0.0096,0.6278
SPADES KING DIAMONDS TEN,0.3726,0.007,0.6204
SPADES NINE DIAMONDS SEVEN,0.5804,0.0172,0.4024
SPADES EIGHT DIAMONDS SEVEN,0.5804,0.0174,0.4022
SPADES SEVEN DIAMONDS SEVEN,0.3324,0.04,0.6276
DIAMONDS KING DIAMONDS SEVEN,0.3798,0.008,0.6122
HEARTS THREE DIAMONDS SEVEN,0.6384,0.0176,0.344
HEARTS KING DIAMONDS FIVE,0.435,0.008,0.557
DIAMONDS QUEEN DIAMONDS SEVEN,0.3816,0.0112,0.6072
HEARTS TWO DIAMONDS SEVEN,0.6556,0.0172,0.3272
HEARTS QUEEN DIAMONDS FIVE,0.4208,0.0116,0.5676
HEARTS FIVE DIAMONDS SEVEN,0.6072,0.018,0.3748
DIAMONDS ACE DIAMONDS SEVEN,0.3716,0.0044,0.624
HEARTS FOUR DIAMONDS SEVEN,0.6226,0.0204,0.357
HEARTS ACE DIAMONDS FIVE,0.4266,0.0046,0.5688
HEARTS SEVEN DIAMONDS SEVEN,0.3296,0.0366,0.6338
HEARTS SIX DIAMONDS SEVEN,0.6724,0.0542,0.2734
HEARTS NINE DIAMONDS SEVEN,0.5882,0.0112,0.4006
DIAMONDS SEVEN HEARTS EIGHT,0.5896,0.0152,0.3952
DIAMONDS JACK DIAMONDS SEVEN,0.2592,0.2678,0.473
HEARTS JACK DIAMONDS FIVE,0.434,0.358,0.208
DIAMONDS TEN DIAMONDS SEVEN,0.5638,0.0128,0.4234
DIAMONDS FIVE HEARTS TEN,0.6422,0.0168,0.341
SPADES KING CLUBS TWO,0.4344,0.0098,0.5558
HEARTS KING CLUBS KING,0.1766,0.0068,0.8166
CLUBS EIGHT DIAMONDS SEVEN,0.5896,0.0154,0.395
SPADES QUEEN CLUBS TWO,0.4224,0.0112,0.5664
HEARTS KING CLUBS QUEEN,0.3496,0.0072,0.6432
CLUBS NINE DIAMONDS SEVEN,0.594,0.0184,0.3876
SPADES TWO CLUBS JACK,0.4228,0.3642,0.213
SPADES ACE CLUBS TWO,0.4156,0.0054,0.579
SPADES TWO CLUBS TEN,0.6492,0.0146,0.3362
HEARTS KING CLUBS ACE,0.3682,0.002,0.6298
CLUBS SIX CLUBS SEVEN,0.636,0.0526,0.3114
SPADES TWO CLUBS KING,0.4244,0.0102,0.5654
SPADES TWO DIAMONDS SEVEN,0.6432,0.0208,0.336
CLUBS EIGHT CLUBS SIX,0.6356,0.0532,0.3112
SPADES THREE DIAMONDS SEVEN,0.6294,0.0238,0.3468
SPADES TWO CLUBS QUEEN,0.424,0.0114,0.5646
CLUBS NINE CLUBS SIX,0.6586,0.052,0.2894
SPADES FOUR DIAMONDS SEVEN,0.6244,0.0182,0.3574
HEARTS KING CLUBS JACK,0.2904,0.029,0.6806
SPADES FIVE DIAMONDS SEVEN,0.6068,0.0206,0.3726
SPADES TWO CLUBS ACE,0.4084,0.0046,0.587
HEARTS KING CLUBS TEN,0.3848,0.0066,0.6086
CLUBS SIX SPADES TWO,0.709,0.0662,0.2248
CLUBS SIX SPADES THREE,0.7052,0.061,0.2338
CLUBS TWO DIAMONDS SEVEN,0.6606,0.0196,0.3198
CLUBS SIX SPADES FOUR,0.6776,0.0576,0.2648
CLUBS THREE DIAMONDS SEVEN,0.6376,0.019,0.3434
CLUBS SIX SPADES FIVE,0.6656,0.0576,0.2768
CLUBS FOUR DIAMONDS SEVEN,0.607,0.0192,0.3738
CLUBS FIVE DIAMONDS SEVEN,0.6152,0.0164,0.3684
CLUBS SIX SPADES SEVEN,0.6672,0.0596,0.2732
CLUBS SIX DIAMONDS SEVEN,0.667,0.0496,0.2834
CLUBS SIX SPADES EIGHT,0.6888,0.0566,0.2546
CLUBS SIX SPADES NINE,0.6952,0.0518,0.253
SPADES TEN CLUBS TWO,0.6344,0.0218,0.3438
CLUBS SEVEN DIAMONDS SEVEN,0.3282,0.04,0.6318
CLUBS TWO CLUBS QUEEN,0.424,0.0106,0.5654
CLUBS TWO CLUBS KING,0.425,0.0076,0.5674
CLUBS THREE DIAMONDS EIGHT,0.6406,0.0162,0.3432
CLUBS TWO CLUBS ACE,0.4044,0.004,0.5916
CLUBS TWO DIAMONDS EIGHT,0.6546,0.016,0.3294
DIAMONDS EIGHT HEARTS SEVEN,0.577,0.0184,0.4046
HEARTS SIX DIAMONDS EIGHT,0.6862,0.0512,0.2626
DIAMONDS EIGHT HEARTS NINE,0.5736,0.0154,0.411
CLUBS TWO CLUBS TEN,0.6092,0.0172,0.3736
DIAMONDS EIGHT HEARTS EIGHT,0.3244,0.0308,0.6448
CLUBS TWO CLUBS JACK,0.4094,0.343,0.2476
CLUBS NINE DIAMONDS EIGHT,0.583,0.0162,0.4008
CLUBS EIGHT DIAMONDS EIGHT,0.3282,0.0292,0.6426
CLUBS FIVE DIAMONDS EIGHT,0.6262,0.0172,0.3566
SPADES ACE SPADES THREE,0.366,0.006,0.628
CLUBS FOUR DIAMONDS EIGHT,0.6402,0.0178,0.342
SPADES QUEEN SPADES THREE,0.3848,0.0154,0.5998
CLUBS SEVEN DIAMONDS EIGHT,0.5856,0.0166,0.3978
CLUBS SIX DIAMONDS EIGHT,0.6818,0.0504,0.2678
SPADES KING SPADES THREE,0.375,0.0104,0.6146
DIAMONDS QUEEN DIAMONDS EIGHT,0.3686,0.0116,0.6198
HEARTS TWO DIAMONDS EIGHT,0.641,0.0198,0.3392
DIAMONDS KING DIAMONDS EIGHT,0.3806,0.005,0.6144
HEARTS THREE DIAMONDS EIGHT,0.6418,0.0172,0.341
DIAMONDS ACE DIAMONDS EIGHT,0.3694,0.0036,0.627
HEARTS FOUR DIAMONDS EIGHT,0.636,0.0176,0.3464
HEARTS FIVE DIAMONDS EIGHT,0.6248,0.0164,0.3588
DIAMONDS EIGHT DIAMONDS TEN,0.5456,0.017,0.4374
DIAMONDS EIGHT DIAMONDS JACK,0.2564,0.196,0.5476
SPADES TEN SPADES THREE,0.64,0.0182,0.3418
CLUBS FOUR HEARTS ACE,0.4316,0.0038,0.5646
CLUBS FOUR HEARTS QUEEN,0.425,0.012,0.563
CLUBS FOUR HEARTS KING,0.436,0.0052,0.5588
CLUBS SIX HEARTS TEN,0.7092,0.0564,0.2344
CLUBS SIX HEARTS JACK,0.0744,0.9044,0.0212
SPADES FOUR DIAMONDS EIGHT,0.6342,0.0146,0.3512
SPADES FIVE DIAMONDS EIGHT,0.6134,0.0212,0.3654
DIAMONDS EIGHT SPADES TWO,0.631,0.0204,0.3486
SPADES THREE DIAMONDS EIGHT,0.6476,0.0172,0.3352
CLUBS FOUR HEARTS JACK,0.4172,0.365,0.2178
SPADES EIGHT DIAMONDS EIGHT,0.3154,0.0368,0.6478
SPADES TEN HEARTS TWO,0.6432,0.0168,0.34
SPADES TEN DIAMONDS QUEEN,0.3552,0.0086,0.6362
CLUBS FOUR HEARTS TEN,0.6284,0.0164,0.3552
SPADES NINE DIAMONDS EIGHT,0.5744,0.0164,0.4092
SPADES TEN HEARTS EIGHT,0.5722,0.018,0.4098
SPADES SEVEN DIAMONDS EIGHT,0.579,0.0166,0.4044
SPADES ACE HEARTS TWO,0.4126,0.007,0.5804
SPADES ACE DIAMONDS QUEEN,0.3504,0.0054,0.6442
SPADES ACE HEARTS EIGHT,0.3886,0.0038,0.6076
SPADES KING HEARTS EIGHT,0.3868,0.008,0.6052
SPADES QUEEN HEARTS TWO,0.4234,0.0124,0.5642
SPADES QUEEN DIAMONDS QUEEN,0.1704,0.0094,0.8202
SPADES KING DIAMONDS QUEEN,0.3534,0.0074,0.6392
SPADES KING HEARTS TWO,0.4208,0.01,0.5692
SPADES QUEEN HEARTS EIGHT,0.3616,0.012,0.6264
CLUBS TWO HEARTS TEN,0.6422,0.0138,0.344
CLUBS TWO HEARTS JACK,0.4368,0.3486,0.2146
SPADES SEVEN DIAMONDS NINE,0.5832,0.0182,0.3986
SPADES NINE DIAMONDS NINE,0.3114,0.024,0.6646
SPADES EIGHT DIAMONDS NINE,0.5638,0.0178,0.4184
SPADES TEN CLUBS KING,0.3662,0.0084,0.6254
DIAMONDS NINE SPADES THREE,0.6484,0.0168,0.3348
DIAMONDS NINE SPADES TWO,0.6546,0.019,0.3264
SPADES FIVE DIAMONDS NINE,0.6336,0.0152,0.3512
SPADES FOUR DIAMONDS NINE,0.6454,0.0136,0.341
CLUBS NINE DIAMONDS NINE,0.3146,0.0268,0.6586
CLUBS EIGHT DIAMONDS NINE,0.5742,0.0186,0.4072
CLUBS SIX DIAMONDS NINE,0.6954,0.0492,0.2554
SPADES TEN CLUBS FOUR,0.6328,0.0206,0.3466
CLUBS SEVEN DIAMONDS NINE,0.5898,0.0138,0.3964
CLUBS FOUR DIAMONDS NINE,0.64,0.0164,0.3436
CLUBS FIVE DIAMONDS NINE,0.63,0.0112,0.3588
CLUBS TWO DIAMONDS NINE,0.6604,0.0156,0.324
CLUBS THREE DIAMONDS NINE,0.6334,0.0184,0.3482
DIAMONDS NINE HEARTS EIGHT,0.5768,0.0156,0.4076
DIAMONDS NINE HEARTS NINE,0.3348,0.0218,0.6434
HEARTS SIX DIAMONDS NINE,0.7012,0.0524,0.2464
DIAMONDS NINE HEARTS SEVEN,0.5794,0.0158,0.4048
CLUBS EIGHT CLUBS NINE,0.5464,0.0156,0.438
DIAMONDS ACE DIAMONDS NINE,0.3656,0.0066,0.6278
HEARTS FOUR DIAMONDS NINE,0.6504,0.02,0.3296
HEARTS FIVE DIAMONDS NINE,0.631,0.015,0.354
CLUBS TWO HEARTS ACE,0.439,0.0038,0.5572
SPADES ACE CLUBS FOUR,0.4134,0.0038,0.5828
DIAMONDS QUEEN DIAMONDS NINE,0.363,0.0094,0.6276
HEARTS TWO DIAMONDS NINE,0.6422,0.0182,0.3396
CLUBS TWO HEARTS KING,0.4436,0.0068,0.5496
SPADES KING CLUBS FOUR,0.413,0.01,0.577
DIAMONDS KING DIAMONDS NINE,0.3784,0.0064,0.6152
HEARTS THREE DIAMONDS NINE,0.6492,0.014,0.3368
CLUBS TWO HEARTS QUEEN,0.4292,0.01,0.5608
SPADES QUEEN CLUBS FOUR,0.4184,0.0138,0.5678
DIAMONDS NINE DIAMONDS JACK,0.2654,0.1484,0.5862
CLUBS EIGHT SPADES NINE,0.5696,0.0134,0.417
DIAMONDS NINE DIAMONDS TEN,0.5474,0.0134,0.4392
CLUBS EIGHT SPADES EIGHT,0.3152,0.0304,0.6544
CLUBS EIGHT SPADES SEVEN,0.574,0.0184,0.4076
CLUBS EIGHT SPADES FIVE,0.6218,0.0156,0.3626
CLUBS EIGHT SPADES FOUR,0.6322,0.0168,0.351
CLUBS EIGHT SPADES THREE,0.6412,0.0176,0.3412
CLUBS EIGHT SPADES TWO,0.6376,0.017,0.3454
HEARTS SIX DIAMONDS TEN,0.708,0.0564,0.2356
DIAMONDS TEN HEARTS SEVEN,0.5874,0.0174,0.3952
DIAMONDS TEN HEARTS EIGHT,0.5882,0.0172,0.3946
CLUBS FOUR CLUBS JACK,0.3908,0.3532,0.256
DIAMONDS TEN HEARTS NINE,0.5726,0.0164,0.411
CLUBS FOUR CLUBS TEN,0.6156,0.0192,0.3652
CLUBS FOUR CLUBS KING,0.4208,0.0076,0.5716
CLUBS FOUR CLUBS QUEEN,0.4036,0.0108,0.5856
CLUBS TWO DIAMONDS TEN,0.6356,0.017,0.3474
CLUBS THREE DIAMONDS TEN,0.648,0.015,0.337
CLUBS FOUR CLUBS ACE,0.4088,0.0056,0.5856
DIAMONDS JACK DIAMONDS TEN,0.2568,0.107,0.6362
DIAMONDS QUEEN DIAMONDS TEN,0.3438,0.0068,0.6494
HEARTS TWO DIAMONDS TEN,0.6408,0.0188,0.3404
DIAMONDS KING DIAMONDS TEN,0.3512,0.0084,0.6404
HEARTS THREE DIAMONDS TEN,0.6378,0.0194,0.3428
DIAMONDS ACE DIAMONDS TEN,0.3612,0.004,0.6348
HEARTS FOUR DIAMONDS TEN,0.6342,0.0162,0.3496
CLUBS EIGHT HEARTS JACK,0.2712,0.2048,0.524
HEARTS FIVE DIAMONDS TEN,0.657,0.0146,0.3284
CLUBS EIGHT HEARTS TEN,0.574,0.0196,0.4064
CLUBS EIGHT HEARTS QUEEN,0.3952,0.0084,0.5964
CLUBS EIGHT HEARTS KING,0.396,0.0054,0.5986
CLUBS EIGHT HEARTS ACE,0.403,0.005,0.592
CLUBS NINE SPADES THREE,0.6338,0.0208,0.3454
CLUBS NINE SPADES TWO,0.643,0.0196,0.3374
CLUBS NINE SPADES FIVE,0.623,0.0194,0.3576
CLUBS NINE SPADES FOUR,0.6276,0.0182,0.3542
CLUBS NINE SPADES SEVEN,0.5932,0.0174,0.3894
CLUBS NINE SPADES NINE,0.3064,0.032,0.6616
CLUBS TEN HEARTS EIGHT,0.582,0.0176,0.4004
CLUBS NINE SPADES EIGHT,0.5832,0.0156,0.4012
CLUBS JACK HEARTS EIGHT,0.278,0.2044,0.5176
CLUBS QUEEN HEARTS EIGHT,0.3986,0.0072,0.5942
CLUBS KING HEARTS EIGHT,0.4102,0.0052,0.5846
CLUBS ACE HEARTS EIGHT,0.387,0.0044,0.6086
SPADES KING CLUBS KING,0.1758,0.0066,0.8176
SPADES QUEEN CLUBS KING,0.3414,0.0066,0.652
SPADES ACE CLUBS KING,0.3538,0.0066,0.6396
DIAMONDS ACE HEARTS TEN,0.391,0.0034,0.6056
HEARTS FOUR HEARTS TEN,0.608,0.0166,0.3754
DIAMONDS ACE HEARTS JACK,0.2626,0.0186,0.7188
HEARTS FOUR HEARTS JACK,0.3996,0.3458,0.2546
SPADES KING CLUBS FIVE,0.4152,0.007,0.5778
SPADES QUEEN CLUBS FIVE,0.4026,0.0132,0.5842
SPADES ACE CLUBS FIVE,0.4044,0.007,0.5886
DIAMONDS JACK HEARTS SEVEN,0.2784,0.2722,0.4494
HEARTS SIX DIAMONDS JACK,0.0756,0.9036,0.0208
DIAMONDS JACK HEARTS NINE,0.2846,0.1552,0.5602
DIAMONDS JACK HEARTS EIGHT,0.2678,0.2094,0.5228
DIAMONDS KING DIAMONDS JACK,0.2488,0.027,0.7242
HEARTS THREE DIAMONDS JACK,0.4256,0.3652,0.2092
SPADES FOUR HEARTS ACE,0.4122,0.0054,0.5824
DIAMONDS QUEEN DIAMONDS JACK,0.2578,0.0376,0.7046
HEARTS TWO DIAMONDS JACK,0.4212,0.3714,0.2074
HEARTS FIVE DIAMONDS JACK,0.4186,0.3734,0.208
SPADES FOUR HEARTS QUEEN,0.4126,0.0096,0.5778
DIAMONDS ACE DIAMONDS JACK,0.2626,0.0178,0.7196
HEARTS FOUR DIAMONDS JACK,0.4332,0.3516,0.2152
SPADES FOUR HEARTS KING,0.4328,0.0084,0.5588
SPADES FOUR DIAMONDS JACK,0.4154,0.364,0.2206
SPADES FIVE DIAMONDS JACK,0.4162,0.3574,0.2264
SPADES TWO DIAMONDS JACK,0.4112,0.3776,0.2112
SPADES THREE DIAMONDS JACK,0.413,0.3608,0.2262
SPADES ACE DIAMONDS THREE,0.4206,0.0068,0.5726
SPADES QUEEN DIAMONDS THREE,0.4166,0.0112,0.5722
CLUBS EIGHT DIAMONDS JACK,0.2828,0.2054,0.5118
SPADES KING DIAMONDS THREE,0.4122,0.0122,0.5756
CLUBS NINE DIAMONDS JACK,0.2732,0.1544,0.5724
CLUBS SIX DIAMONDS JACK,0.0648,0.9136,0.0216
CLUBS SEVEN DIAMONDS JACK,0.2622,0.2774,0.4604
CLUBS FOUR DIAMONDS JACK,0.4326,0.3556,0.2118
CLUBS FIVE DIAMONDS JACK,0.4156,0.3608,0.2236
CLUBS TWO DIAMONDS JACK,0.4312,0.361,0.2078
CLUBS THREE DIAMONDS JACK,0.412,0.3706,0.2174
SPADES TEN CLUBS FIVE,0.6356,0.0176,0.3468
HEARTS SIX SPADES TEN,0.7066,0.0562,0.2372
CLUBS SEVEN CLUBS ACE,0.371,0.0054,0.6236
SPADES TEN DIAMONDS THREE,0.6486,0.017,0.3344
CLUBS SEVEN CLUBS QUEEN,0.378,0.0088,0.6132
CLUBS SEVEN CLUBS KING,0.3712,0.0092,0.6196
SPADES NINE DIAMONDS JACK,0.2626,0.162,0.5754
CLUBS SEVEN CLUBS TEN,0.5608,0.0156,0.4236
DIAMONDS ACE HEARTS ACE,0.1544,0.0038,0.8418
HEARTS FOUR HEARTS ACE,0.4064,0.003,0.5906
SPADES EIGHT DIAMONDS JACK,0.2556,0.2086,0.5358
SPADES ACE HEARTS SIX,0.275,0.0248,0.7002
CLUBS SEVEN CLUBS JACK,0.2562,0.2758,0.468
DIAMONDS ACE HEARTS KING,0.368,0.004,0.628
HEARTS FOUR HEARTS KING,0.4104,0.0088,0.5808
SPADES SEVEN DIAMONDS JACK,0.2568,0.2848,0.4584
SPADES KING HEARTS SIX,0.2684,0.0386,0.693
DIAMONDS ACE HEARTS QUEEN,0.3548,0.0042,0.641
HEARTS FOUR HEARTS QUEEN,0.4006,0.01,0.5894
SPADES QUEEN HEARTS SIX,0.2596,0.0442,0.6962
SPADES TWO DIAMONDS TEN,0.6512,0.0188,0.33
SPADES THREE DIAMONDS TEN,0.6302,0.0194,0.3504
SPADES FOUR DIAMONDS TEN,0.6478,0.0162,0.336
SPADES FIVE DIAMONDS TEN,0.6334,0.0176,0.349
SPADES SEVEN DIAMONDS TEN,0.5936,0.0212,0.3852
SPADES EIGHT DIAMONDS TEN,0.5776,0.0168,0.4056
SPADES NINE DIAMONDS TEN,0.5602,0.016,0.4238
CLUBS FOUR DIAMONDS TEN,0.6336,0.0162,0.3502
CLUBS FIVE DIAMONDS TEN,0.6468,0.0166,0.3366
CLUBS SIX DIAMONDS TEN,0.7084,0.0592,0.2324
CLUBS SEVEN DIAMONDS TEN,0.5926,0.0146,0.3928
CLUBS EIGHT DIAMONDS TEN,0.58,0.0162,0.4038
CLUBS NINE DIAMONDS TEN,0.558,0.0136,0.4284
DIAMONDS THREE CLUBS JACK,0.4392,0.3548,0.206
DIAMONDS THREE CLUBS TEN,0.6374,0.0192,0.3434
DIAMONDS THREE CLUBS KING,0.4332,0.0066,0.5602
DIAMONDS THREE CLUBS QUEEN,0.4496,0.0106,0.5398
DIAMONDS THREE CLUBS ACE,0.437,0.004,0.559
SPADES FOUR HEARTS JACK,0.4196,0.3648,0.2156
SPADES FOUR HEARTS TEN,0.6336,0.0174,0.349
SPADES FIVE SPADES TWO,0.6382,0.0218,0.34
SPADES FOUR SPADES TWO,0.633,0.024,0.343
SPADES THREE SPADES TWO,0.6502,0.021,0.3288
SPADES NINE SPADES TWO,0.635,0.0168,0.3482
SPADES EIGHT SPADES TWO,0.6466,0.0174,0.336
SPADES SEVEN SPADES TWO,0.6496,0.0168,0.3336
DIAMONDS QUEEN CLUBS THREE,0.4354,0.0112,0.5534
HEARTS TWO CLUBS THREE,0.6602,0.0208,0.319
DIAMONDS QUEEN CLUBS TWO,0.439,0.01,0.551
CLUBS TWO HEARTS TWO,0.4522,0.0404,0.5074
DIAMONDS QUEEN HEARTS SEVEN,0.4014,0.012,0.5866
HEARTS TWO HEARTS SEVEN,0.6098,0.0172,0.373
HEARTS SIX DIAMONDS QUEEN,0.2826,0.0422,0.6752
HEARTS SIX HEARTS TWO,0.6654,0.0592,0.2754
DIAMONDS QUEEN HEARTS NINE,0.3694,0.0072,0.6234
HEARTS TWO HEARTS NINE,0.6022,0.0166,0.3812
DIAMONDS QUEEN HEARTS EIGHT,0.3876,0.011,0.6014
HEARTS TWO HEARTS EIGHT,0.5982,0.0148,0.387
CLUBS NINE HEARTS TWO,0.6324,0.0136,0.354
CLUBS NINE DIAMONDS QUEEN,0.387,0.0084,0.6046
CLUBS EIGHT HEARTS TWO,0.6458,0.019,0.3352
CLUBS EIGHT DIAMONDS QUEEN,0.3876,0.012,0.6004
CLUBS FIVE DIAMONDS QUEEN,0.4146,0.0112,0.5742
CLUBS FIVE HEARTS TWO,0.6546,0.0154,0.33
SPADES EIGHT HEARTS ACE,0.384,0.004,0.612
CLUBS FOUR DIAMONDS QUEEN,0.4162,0.0116,0.5722
CLUBS FOUR HEARTS TWO,0.6558,0.0208,0.3234
SPADES EIGHT HEARTS QUEEN,0.387,0.009,0.604
CLUBS SEVEN HEARTS TWO,0.6504,0.019,0.3306
CLUBS SEVEN DIAMONDS QUEEN,0.3986,0.0066,0.5948
CLUBS SIX DIAMONDS QUEEN,0.2844,0.0464,0.6692
CLUBS SIX HEARTS TWO,0.7164,0.0612,0.2224
SPADES EIGHT HEARTS KING,0.3914,0.0074,0.6012
HEARTS FOUR CLUBS QUEEN,0.4326,0.0108,0.5566
DIAMONDS ACE CLUBS QUEEN,0.3594,0.0052,0.6354
DIAMONDS QUEEN SPADES SEVEN,0.4044,0.0098,0.5858
SPADES SEVEN HEARTS TWO,0.6336,0.0182,0.3482
HEARTS FOUR CLUBS KING,0.4238,0.0082,0.568
DIAMONDS ACE CLUBS KING,0.3588,0.0048,0.6364
SPADES EIGHT DIAMONDS QUEEN,0.3892,0.0112,0.5996
SPADES EIGHT HEARTS TWO,0.639,0.02,0.341
HEARTS FOUR CLUBS ACE,0.4296,0.0034,0.567
DIAMONDS ACE CLUBS ACE,0.1648,0.0026,0.8326
SPADES NINE DIAMONDS QUEEN,0.3656,0.0106,0.6238
SPADES NINE HEARTS TWO,0.6352,0.0164,0.3484
HEARTS TWO SPADES TWO,0.4406,0.0434,0.516
DIAMONDS QUEEN SPADES TWO,0.434,0.0122,0.5538
HEARTS TWO SPADES THREE,0.6516,0.025,0.3234
DIAMONDS QUEEN SPADES THREE,0.4256,0.0098,0.5646
HEARTS TWO SPADES FOUR,0.6468,0.0224,0.3308
DIAMONDS QUEEN SPADES FOUR,0.4258,0.0136,0.5606
HEARTS FOUR CLUBS TEN,0.6514,0.0152,0.3334
DIAMONDS ACE CLUBS TEN,0.375,0.0044,0.6206
DIAMONDS QUEEN SPADES FIVE,0.431,0.0128,0.5562
HEARTS TWO SPADES FIVE,0.6458,0.0232,0.331
HEARTS FOUR CLUBS JACK,0.4224,0.369,0.2086
DIAMONDS ACE CLUBS JACK,0.2742,0.024,0.7018
CLUBS FIVE CLUBS KING,0.4054,0.0072,0.5874
CLUBS FIVE CLUBS QUEEN,0.411,0.01,0.579
CLUBS FIVE CLUBS ACE,0.4016,0.004,0.5944
CLUBS FIVE CLUBS JACK,0.397,0.3354,0.2676
CLUBS FIVE CLUBS TEN,0.6046,0.0176,0.3778
SPADES KING CLUBS JACK,0.2568,0.0314,0.7118
SPADES QUEEN CLUBS JACK,0.2608,0.0418,0.6974
SPADES ACE CLUBS JACK,0.25,0.0198,0.7302
SPADES EIGHT HEARTS JACK,0.2468,0.2114,0.5418
SPADES EIGHT HEARTS TEN,0.5662,0.0158,0.418
SPADES TEN CLUBS JACK,0.2666,0.1158,0.6176
SPADES QUEEN CLUBS SEVEN,0.3836,0.0128,0.6036
SPADES KING CLUBS SEVEN,0.3876,0.0084,0.604
SPADES ACE CLUBS SEVEN,0.3864,0.0036,0.61
SPADES TEN CLUBS SEVEN,0.5888,0.0182,0.393
HEARTS SIX CLUBS TEN,0.695,0.0572,0.2478
HEARTS SIX CLUBS JACK,0.0714,0.9062,0.0224
CLUBS ACE CLUBS JACK,0.269,0.0198,0.7112
HEARTS SIX CLUBS QUEEN,0.2798,0.0436,0.6766
HEARTS SIX CLUBS KING,0.2906,0.0356,0.6738
HEARTS SIX CLUBS ACE,0.2812,0.0226,0.6962
CLUBS QUEEN CLUBS JACK,0.258,0.0352,0.7068
CLUBS KING CLUBS JACK,0.262,0.0272,0.7108
DIAMONDS THREE HEARTS ACE,0.4366,0.0058,0.5576
DIAMONDS THREE HEARTS QUEEN,0.437,0.0112,0.5518
DIAMONDS THREE HEARTS KING,0.448,0.0084,0.5436
CLUBS FIVE HEARTS JACK,0.4192,0.3752,0.2056
HEARTS FOUR SPADES TEN,0.633,0.0162,0.3508
SPADES TEN DIAMONDS ACE,0.3848,0.0044,0.6108
CLUBS FIVE HEARTS TEN,0.6402,0.0154,0.3444
SPADES ACE HEARTS FOUR,0.4028,0.0054,0.5918
SPADES ACE DIAMONDS ACE,0.1536,0.0058,0.8406
CLUBS FIVE HEARTS ACE,0.4212,0.0062,0.5726
CLUBS FIVE HEARTS KING,0.4356,0.007,0.5574
SPADES FOUR CLUBS JACK,0.416,0.3682,0.2158
HEARTS FOUR SPADES QUEEN,0.4184,0.0104,0.5712
SPADES QUEEN DIAMONDS ACE,0.3462,0.0034,0.6504
CLUBS FIVE HEARTS QUEEN,0.427,0.0078,0.5652
SPADES FOUR CLUBS TEN,0.6294,0.02,0.3506
SPADES KING DIAMONDS ACE,0.334,0.004,0.662
HEARTS FOUR SPADES KING,0.4162,0.0076,0.5762
DIAMONDS QUEEN DIAMONDS ACE,0.345,0.0054,0.6496
HEARTS TWO DIAMONDS ACE,0.4268,0.0044,0.5688
HEARTS FOUR DIAMONDS QUEEN,0.4326,0.009,0.5584
HEARTS FOUR HEARTS TWO,0.6158,0.0214,0.3628
DIAMONDS THREE HEARTS TEN,0.6456,0.0148,0.3396
SPADES FOUR CLUBS KING,0.4232,0.006,0.5708
HEARTS FIVE DIAMONDS QUEEN,0.417,0.0084,0.5746
HEARTS FIVE HEARTS TWO,0.6186,0.0168,0.3646
DIAMONDS THREE HEARTS JACK,0.4262,0.3576,0.2162
SPADES FOUR CLUBS QUEEN,0.4342,0.0124,0.5534
DIAMONDS QUEEN HEARTS TWO,0.4312,0.0112,0.5576
DIAMONDS KING DIAMONDS QUEEN,0.3408,0.0064,0.6528
DIAMONDS KING HEARTS TWO,0.4348,0.0064,0.5588
HEARTS THREE DIAMONDS QUEEN,0.437,0.0086,0.5544
HEARTS THREE HEARTS TWO,0.6144,0.0192,0.3664
SPADES FOUR CLUBS ACE,0.408,0.0056,0.5864
HEARTS TWO CLUBS ACE,0.4354,0.0048,0.5598
DIAMONDS QUEEN CLUBS ACE,0.3538,0.0038,0.6424
HEARTS TWO CLUBS QUEEN,0.4262,0.0142,0.5596
DIAMONDS QUEEN CLUBS QUEEN,0.185,0.0104,0.8046
HEARTS TWO CLUBS KING,0.4426,0.0048,0.5526
DIAMONDS QUEEN CLUBS KING,0.3546,0.0044,0.641
SPADES EIGHT SPADES FIVE,0.6146,0.0188,0.3666
HEARTS TWO CLUBS TEN,0.636,0.02,0.344
DIAMONDS QUEEN CLUBS TEN,0.3718,0.0084,0.6198
SPADES NINE SPADES FIVE,0.6254,0.0168,0.3578
HEARTS TWO CLUBS JACK,0.4264,0.361,0.2126
DIAMONDS QUEEN CLUBS JACK,0.2848,0.0394,0.6758
SPADES SEVEN SPADES FIVE,0.6064,0.0176,0.376
DIAMONDS FIVE CLUBS QUEEN,0.4274,0.0104,0.5622
SPADES EIGHT CLUBS ACE,0.3768,0.0036,0.6196
CLUBS KING DIAMONDS FIVE,0.4294,0.0054,0.5652
SPADES EIGHT CLUBS KING,0.3996,0.0062,0.5942
CLUBS ACE DIAMONDS FIVE,0.4184,0.0032,0.5784
SPADES EIGHT CLUBS QUEEN,0.3698,0.0106,0.6196
SPADES EIGHT CLUBS JACK,0.256,0.215,0.529
SPADES EIGHT CLUBS TEN,0.5934,0.0148,0.3918
DIAMONDS FIVE CLUBS TEN,0.6502,0.0178,0.332
DIAMONDS FIVE CLUBS JACK,0.4132,0.3646,0.2222
HEARTS JACK DIAMONDS TEN,0.273,0.1056,0.6214
DIAMONDS TEN HEARTS TEN,0.3062,0.0224,0.6714
SPADES ACE CLUBS NINE,0.3798,0.0054,0.6148
CLUBS NINE SPADES QUEEN,0.3652,0.0088,0.626
SPADES KING CLUBS NINE,0.3662,0.0086,0.6252
HEARTS SIX HEARTS KING,0.2812,0.0304,0.6884
DIAMONDS KING SPADES SEVEN,0.389,0.0082,0.6028
HEARTS THREE SPADES SEVEN,0.6128,0.021,0.3662
SPADES KING DIAMONDS SEVEN,0.38,0.008,0.612
HEARTS SIX HEARTS QUEEN,0.262,0.0422,0.6958
SPADES QUEEN DIAMONDS SEVEN,0.3852,0.0114,0.6034
SPADES NINE DIAMONDS KING,0.3832,0.0086,0.6082
HEARTS THREE SPADES NINE,0.6302,0.0176,0.3522
HEARTS SIX HEARTS ACE,0.2724,0.0268,0.7008
DIAMONDS KING SPADES EIGHT,0.3746,0.0092,0.6162
HEARTS THREE SPADES EIGHT,0.6446,0.0198,0.3356
