opposingHand,winningChance,drawChance,lostChance
SPADES NINE CLUBS TWO
HEARTS FIVE SPADES TEN,0.3522,0.0296,0.6182
SPADES JACK HEARTS FIVE,0.3402,0.016,0.6438
SPADES FIVE CLUBS JACK,0.365,0.0232,0.6118
CLUBS TEN SPADES FIVE,0.3652,0.0294,0.6054
CLUBS EIGHT CLUBS JACK,0.3276,0.0172,0.6552
CLUBS TEN CLUBS EIGHT,0.3222,0.0212,0.6566
CLUBS EIGHT CLUBS KING,0.3336,0.0086,0.6578
SPADES FIVE CLUBS ACE,0.3276,0.0058,0.6666
CLUBS EIGHT CLUBS QUEEN,0.3278,0.013,0.6592
SPADES FIVE CLUBS KING,0.3556,0.0082,0.6362
SPADES FIVE CLUBS QUEEN,0.3424,0.0116,0.646
CLUBS EIGHT CLUBS ACE,0.3278,0.0056,0.6666
DIAMONDS TWO DIAMONDS THREE,0.599,0.0938,0.3072
DIAMONDS TWO DIAMONDS FIVE,0.5978,0.1028,0.2994
SPADES KING HEARTS FIVE,0.355,0.0094,0.6356
DIAMONDS TWO DIAMONDS FOUR,0.5986,0.1074,0.294
SPADES QUEEN HEARTS FIVE,0.3448,0.0136,0.6416
DIAMONDS TWO DIAMONDS SEVEN,0.629,0.093,0.278
DIAMONDS TWO DIAMONDS SIX,0.6096,0.0936,0.2968
SPADES ACE HEARTS FIVE,0.334,0.0042,0.6618
DIAMONDS TWO DIAMONDS NINE,0.0246,0.9046,0.0708
DIAMONDS TWO DIAMONDS EIGHT,0.6126,0.1024,0.285
DIAMONDS THREE DIAMONDS FOUR,0.504,0.0438,0.4522
DIAMONDS THREE DIAMONDS FIVE,0.5094,0.0506,0.44
DIAMONDS THREE DIAMONDS EIGHT,0.533,0.0398,0.4272
DIAMONDS THREE DIAMONDS NINE,0.2048,0.4984,0.2968
DIAMONDS THREE DIAMONDS SIX,0.5172,0.0446,0.4382
DIAMONDS THREE DIAMONDS SEVEN,0.5162,0.0422,0.4416
CLUBS TEN CLUBS JACK,0.2928,0.0132,0.694
DIAMONDS FOUR DIAMONDS SIX,0.5026,0.043,0.4544
CLUBS TEN CLUBS QUEEN,0.2842,0.009,0.7068
DIAMONDS FOUR DIAMONDS SEVEN,0.5074,0.0442,0.4484
CLUBS TEN CLUBS KING,0.2892,0.0078,0.703
CLUBS TEN CLUBS ACE,0.3,0.0046,0.6954
DIAMONDS FIVE DIAMONDS FOUR,0.4884,0.045,0.4666
DIAMONDS NINE DIAMONDS FOUR,0.1922,0.494,0.3138
DIAMONDS EIGHT DIAMONDS FOUR,0.518,0.0414,0.4406
DIAMONDS NINE DIAMONDS FIVE,0.2154,0.4174,0.3672
DIAMONDS TWO CLUBS JACK,0.2266,0.0578,0.7156
DIAMONDS EIGHT DIAMONDS FIVE,0.497,0.0408,0.4622
CLUBS TEN DIAMONDS TWO,0.232,0.0708,0.6972
DIAMONDS FIVE DIAMONDS SEVEN,0.4974,0.042,0.4606
DIAMONDS FIVE DIAMONDS SIX,0.4902,0.0414,0.4684
DIAMONDS TWO CLUBS ACE,0.2326,0.0174,0.75
DIAMONDS TWO CLUBS KING,0.2434,0.0284,0.7282
DIAMONDS TWO CLUBS QUEEN,0.2354,0.0406,0.724
DIAMONDS EIGHT DIAMONDS SIX,0.4828,0.042,0.4752
DIAMONDS NINE DIAMONDS SIX,0.1964,0.3492,0.4544
HEARTS ACE SPADES THREE,0.3526,0.0034,0.644
HEARTS KING SPADES THREE,0.3628,0.0086,0.6286
DIAMONDS SEVEN DIAMONDS SIX,0.4852,0.0418,0.473
SPADES THREE HEARTS QUEEN,0.3708,0.0118,0.6174
SPADES THREE HEARTS JACK,0.3562,0.0196,0.6242
SPADES THREE HEARTS TEN,0.3638,0.0276,0.6086
DIAMONDS EIGHT DIAMONDS SEVEN,0.478,0.0398,0.4822
DIAMONDS NINE DIAMONDS SEVEN,0.2102,0.2782,0.5116
DIAMONDS NINE DIAMONDS EIGHT,0.2002,0.2054,0.5944
DIAMONDS KING HEARTS TEN,0.314,0.0068,0.6792
HEARTS THREE HEARTS TEN,0.3306,0.031,0.6384
SPADES JACK CLUBS SIX,0.3572,0.0178,0.625
DIAMONDS KING HEARTS JACK,0.3226,0.0078,0.6696
HEARTS THREE HEARTS JACK,0.3216,0.0174,0.661
SPADES TEN CLUBS SIX,0.338,0.0308,0.6312
SPADES JACK SPADES FIVE,0.3376,0.0194,0.643
SPADES TEN SPADES FIVE,0.3418,0.0268,0.6314
DIAMONDS KING HEARTS ACE,0.3152,0.0048,0.68
HEARTS THREE HEARTS ACE,0.33,0.0036,0.6664
SPADES ACE CLUBS SIX,0.3424,0.0064,0.6512
DIAMONDS KING HEARTS QUEEN,0.3372,0.006,0.6568
HEARTS THREE HEARTS QUEEN,0.3438,0.0114,0.6448
SPADES KING CLUBS SIX,0.3506,0.0074,0.642
DIAMONDS KING HEARTS KING,0.1288,0.0088,0.8624
HEARTS THREE HEARTS KING,0.322,0.009,0.669
SPADES QUEEN CLUBS SIX,0.3424,0.0138,0.6438
SPADES QUEEN SPADES FIVE,0.343,0.015,0.642
SPADES KING SPADES FIVE,0.3496,0.0088,0.6416
SPADES ACE SPADES FIVE,0.3278,0.008,0.6642
CLUBS TEN SPADES JACK,0.2852,0.0162,0.6986
CLUBS TEN SPADES TEN,0.118,0.0414,0.8406
SPADES ACE CLUBS TEN,0.3072,0.007,0.6858
SPADES KING CLUBS TEN,0.318,0.0056,0.6764
CLUBS TEN SPADES QUEEN,0.3022,0.0096,0.6882
SPADES FIVE HEARTS QUEEN,0.3594,0.011,0.6296
SPADES FIVE HEARTS KING,0.3622,0.0096,0.6282
SPADES FIVE HEARTS ACE,0.3494,0.0046,0.646
CLUBS EIGHT SPADES TEN,0.323,0.028,0.649
HEARTS THREE SPADES JACK,0.3594,0.0214,0.6192
SPADES JACK DIAMONDS KING,0.3186,0.0078,0.6736
SPADES TEN DIAMONDS KING,0.3112,0.0082,0.6806
HEARTS THREE SPADES TEN,0.3436,0.0274,0.629
SPADES JACK CLUBS EIGHT,0.3326,0.0198,0.6476
CLUBS SIX HEARTS ACE,0.3646,0.0056,0.6298
SPADES ACE CLUBS EIGHT,0.3398,0.0038,0.6564
HEARTS FIVE CLUBS JACK,0.3578,0.016,0.6262
CLUBS TEN HEARTS FIVE,0.3494,0.0252,0.6254
CLUBS SIX HEARTS QUEEN,0.353,0.0138,0.6332
SPADES QUEEN CLUBS EIGHT,0.3264,0.0144,0.6592
CLUBS TEN SPADES THREE,0.3614,0.0294,0.6092
CLUBS SIX HEARTS KING,0.3578,0.0098,0.6324
SPADES KING CLUBS EIGHT,0.3492,0.0058,0.645
SPADES THREE CLUBS JACK,0.3522,0.0242,0.6236
DIAMONDS TWO HEARTS JACK,0.2456,0.0534,0.701
SPADES THREE CLUBS QUEEN,0.363,0.0104,0.6266
DIAMONDS TWO HEARTS TEN,0.241,0.0736,0.6854
SPADES THREE CLUBS KING,0.3586,0.0086,0.6328
HEARTS FIVE CLUBS ACE,0.332,0.0054,0.6626
SPADES FIVE HEARTS TEN,0.3554,0.0264,0.6182
SPADES THREE CLUBS ACE,0.3466,0.004,0.6494
HEARTS FIVE CLUBS KING,0.3522,0.0088,0.639
SPADES FIVE HEARTS JACK,0.3598,0.0178,0.6224
HEARTS FIVE CLUBS QUEEN,0.3538,0.013,0.6332
HEARTS THREE CLUBS KING,0.3602,0.0066,0.6332
DIAMONDS KING CLUBS KING,0.1324,0.0138,0.8538
HEARTS THREE CLUBS QUEEN,0.3648,0.0112,0.624
DIAMONDS KING CLUBS QUEEN,0.3222,0.008,0.6698
HEARTS FIVE HEARTS JACK,0.3238,0.0202,0.656
HEARTS FIVE HEARTS TEN,0.3348,0.022,0.6432
HEARTS THREE CLUBS ACE,0.3558,0.0044,0.6398
DIAMONDS KING CLUBS ACE,0.3192,0.0042,0.6766
SPADES ACE CLUBS QUEEN,0.3156,0.0054,0.679
SPADES KING CLUBS QUEEN,0.3112,0.0088,0.68
HEARTS THREE CLUBS JACK,0.3404,0.0208,0.6388
DIAMONDS KING CLUBS JACK,0.3082,0.0064,0.6854
SPADES QUEEN CLUBS QUEEN,0.114,0.0208,0.8652
CLUBS TEN HEARTS THREE,0.3428,0.027,0.6302
CLUBS TEN DIAMONDS KING,0.306,0.0062,0.6878
SPADES JACK CLUBS QUEEN,0.3092,0.014,0.6768
CLUBS SIX CLUBS QUEEN,0.3352,0.0118,0.653
SPADES TEN CLUBS QUEEN,0.2964,0.0114,0.6922
CLUBS SIX CLUBS KING,0.3454,0.008,0.6466
CLUBS SIX CLUBS ACE,0.3392,0.0054,0.6554
HEARTS FIVE HEARTS KING,0.3424,0.007,0.6506
HEARTS FIVE HEARTS QUEEN,0.3324,0.014,0.6536
CLUBS TEN CLUBS SIX,0.329,0.028,0.643
HEARTS FIVE HEARTS ACE,0.3184,0.0052,0.6764
CLUBS SIX CLUBS JACK,0.3488,0.019,0.6322
SPADES SEVEN HEARTS JACK,0.3392,0.021,0.6398
SPADES SEVEN HEARTS TEN,0.3324,0.028,0.6396
DIAMONDS TWO CLUBS THREE,0.6336,0.1,0.2664
HEARTS SIX DIAMONDS TWO,0.6526,0.0938,0.2536
DIAMONDS TWO HEARTS QUEEN,0.24,0.0442,0.7158
DIAMONDS TWO HEARTS SEVEN,0.6736,0.0948,0.2316
DIAMONDS TWO HEARTS KING,0.2498,0.0264,0.7238
DIAMONDS TWO HEARTS EIGHT,0.6534,0.0976,0.249
DIAMONDS TWO HEARTS ACE,0.251,0.0152,0.7338
DIAMONDS TWO HEARTS NINE,0.0202,0.9586,0.0212
DIAMONDS TWO DIAMONDS QUEEN,0.223,0.0408,0.7362
DIAMONDS TWO HEARTS TWO,0.2738,0.0648,0.6614
DIAMONDS TWO DIAMONDS KING,0.235,0.029,0.736
HEARTS THREE DIAMONDS TWO,0.634,0.1118,0.2542
DIAMONDS TWO DIAMONDS ACE,0.234,0.0164,0.7496
HEARTS FOUR DIAMONDS TWO,0.6448,0.0976,0.2576
DIAMONDS TWO HEARTS FIVE,0.6362,0.1004,0.2634
SPADES SEVEN HEARTS ACE,0.347,0.0054,0.6476
DIAMONDS TWO DIAMONDS TEN,0.2268,0.0714,0.7018
SPADES SEVEN HEARTS KING,0.3678,0.0078,0.6244
DIAMONDS TWO DIAMONDS JACK,0.2246,0.0508,0.7246
SPADES SEVEN HEARTS QUEEN,0.354,0.0126,0.6334
DIAMONDS TWO SPADES EIGHT,0.6638,0.1062,0.23
DIAMONDS TWO SPADES SEVEN,0.6578,0.1052,0.237
DIAMONDS TWO SPADES SIX,0.6678,0.1036,0.2286
DIAMONDS TWO SPADES FIVE,0.646,0.1018,0.2522
DIAMONDS TWO SPADES FOUR,0.647,0.1086,0.2444
DIAMONDS TWO SPADES THREE,0.6288,0.114,0.2572
DIAMONDS TWO SPADES TWO,0.275,0.0602,0.6648
CLUBS NINE DIAMONDS TWO,0.0102,0.975,0.0148
DIAMONDS TWO CLUBS EIGHT,0.6648,0.1054,0.2298
CLUBS SEVEN DIAMONDS TWO,0.6706,0.0964,0.233
DIAMONDS TWO CLUBS SIX,0.6574,0.1034,0.2392
DIAMONDS TWO CLUBS FIVE,0.6248,0.0996,0.2756
DIAMONDS TWO CLUBS FOUR,0.6324,0.1044,0.2632
CLUBS FOUR SPADES FIVE,0.5282,0.0508,0.421
CLUBS FOUR SPADES FOUR,0.2656,0.094,0.6404
CLUBS FOUR SPADES THREE,0.543,0.0448,0.4122
CLUBS FOUR SPADES TWO,0.6342,0.1078,0.258
SPADES EIGHT CLUBS FOUR,0.556,0.0504,0.3936
SPADES SEVEN CLUBS FOUR,0.544,0.045,0.411
SPADES SIX CLUBS FOUR,0.5372,0.0494,0.4134
SPADES ACE DIAMONDS SIX,0.3374,0.0054,0.6572
SPADES QUEEN DIAMONDS SIX,0.3574,0.0126,0.63
SPADES KING DIAMONDS SIX,0.3598,0.0102,0.63
SPADES TEN DIAMONDS SIX,0.3356,0.027,0.6374
SPADES JACK DIAMONDS SIX,0.3596,0.0184,0.622
SPADES QUEEN SPADES TWO,0.2338,0.0376,0.7286
SPADES KING SPADES TWO,0.2374,0.0262,0.7364
SPADES ACE SPADES TWO,0.2272,0.0188,0.754
DIAMONDS JACK CLUBS JACK,0.1302,0.0326,0.8372
CLUBS TEN DIAMONDS JACK,0.2976,0.0156,0.6868
DIAMONDS JACK CLUBS KING,0.31,0.0098,0.6802
DIAMONDS JACK CLUBS QUEEN,0.3076,0.0104,0.682
DIAMONDS THREE DIAMONDS JACK,0.333,0.0182,0.6488
DIAMONDS THREE DIAMONDS TEN,0.3228,0.0266,0.6506
DIAMONDS JACK CLUBS ACE,0.3168,0.005,0.6782
DIAMONDS THREE DIAMONDS KING,0.3488,0.0078,0.6434
HEARTS THREE DIAMONDS THREE,0.2974,0.0866,0.616
DIAMONDS THREE DIAMONDS QUEEN,0.3326,0.0098,0.6576
DIAMONDS THREE HEARTS TWO,0.6388,0.107,0.2542
HEARTS FIVE DIAMONDS THREE,0.5556,0.0458,0.3986
DIAMONDS THREE DIAMONDS ACE,0.3322,0.0052,0.6626
HEARTS FOUR DIAMONDS THREE,0.5464,0.0482,0.4054
DIAMONDS THREE HEARTS SEVEN,0.5516,0.0438,0.4046
HEARTS SIX DIAMONDS THREE,0.5494,0.0416,0.409
DIAMONDS THREE HEARTS NINE,0.218,0.521,0.261
HEARTS JACK DIAMONDS FOUR,0.3544,0.0172,0.6284
HEARTS KING HEARTS ACE,0.3046,0.0044,0.691
SPADES TEN SPADES TWO,0.2248,0.0724,0.7028
DIAMONDS THREE HEARTS EIGHT,0.579,0.043,0.378
HEARTS TEN DIAMONDS FOUR,0.3554,0.029,0.6156
SPADES JACK SPADES TWO,0.2276,0.0548,0.7176
HEARTS QUEEN DIAMONDS FOUR,0.3644,0.0106,0.625
HEARTS KING DIAMONDS FOUR,0.3634,0.0092,0.6274
HEARTS ACE DIAMONDS FOUR,0.3538,0.0034,0.6428
DIAMONDS THREE SPADES EIGHT,0.5706,0.0444,0.385
DIAMONDS THREE SPADES SEVEN,0.5564,0.0444,0.3992
DIAMONDS THREE SPADES SIX,0.559,0.0418,0.3992
DIAMONDS THREE CLUBS SIX,0.5626,0.043,0.3944
CLUBS FIVE CLUBS SIX,0.4984,0.0472,0.4544
CLUBS ACE DIAMONDS FOUR,0.3458,0.0036,0.6506
CLUBS SEVEN DIAMONDS THREE,0.5526,0.044,0.4034
CLUBS SEVEN CLUBS FIVE,0.5104,0.0388,0.4508
DIAMONDS THREE CLUBS FOUR,0.5438,0.0454,0.4108
DIAMONDS FOUR CLUBS QUEEN,0.3554,0.0132,0.6314
DIAMONDS THREE CLUBS FIVE,0.5318,0.0464,0.4218
CLUBS KING DIAMONDS FOUR,0.3634,0.0088,0.6278
CLUBS TEN DIAMONDS FOUR,0.3584,0.0258,0.6158
DIAMONDS THREE CLUBS THREE,0.2748,0.0962,0.629
DIAMONDS FOUR CLUBS JACK,0.3572,0.0192,0.6236
DIAMONDS THREE SPADES FOUR,0.5432,0.0488,0.408
DIAMONDS THREE SPADES FIVE,0.5412,0.0506,0.4082
DIAMONDS THREE SPADES TWO,0.6564,0.0948,0.2488
DIAMONDS THREE SPADES THREE,0.2762,0.088,0.6358
CLUBS EIGHT DIAMONDS THREE,0.5582,0.0454,0.3964
CLUBS NINE DIAMONDS THREE,0.217,0.522,0.261
SPADES SEVEN CLUBS ACE,0.3372,0.0056,0.6572
SPADES SEVEN CLUBS QUEEN,0.3526,0.0138,0.6336
SPADES SEVEN CLUBS KING,0.3578,0.0072,0.635
CLUBS FIVE SPADES SEVEN,0.5332,0.0412,0.4256
CLUBS TEN SPADES SEVEN,0.3352,0.028,0.6368
CLUBS FIVE SPADES SIX,0.5186,0.0466,0.4348
SPADES SEVEN CLUBS JACK,0.3436,0.0198,0.6366
CLUBS FIVE SPADES EIGHT,0.5396,0.0408,0.4196
CLUBS FIVE SPADES THREE,0.539,0.0464,0.4146
CLUBS FIVE SPADES TWO,0.6364,0.1058,0.2578
CLUBS FIVE SPADES FIVE,0.2806,0.0792,0.6402
CLUBS FIVE SPADES FOUR,0.5202,0.0502,0.4296
CLUBS NINE CLUBS FIVE,0.2024,0.444,0.3536
CLUBS EIGHT CLUBS FIVE,0.5232,0.0434,0.4334
CLUBS ACE CLUBS QUEEN,0.2946,0.0068,0.6986
CLUBS KING CLUBS QUEEN,0.2982,0.0062,0.6956
DIAMONDS TEN DIAMONDS FOUR,0.3348,0.0272,0.638
CLUBS TEN DIAMONDS NINE,0.2114,0.0772,0.7114
DIAMONDS JACK DIAMONDS FOUR,0.3418,0.0192,0.639
DIAMONDS NINE CLUBS JACK,0.2108,0.065,0.7242
DIAMONDS ACE DIAMONDS FOUR,0.3202,0.0048,0.675
HEARTS FOUR DIAMONDS FOUR,0.2886,0.084,0.6274
DIAMONDS JACK HEARTS TEN,0.3004,0.0136,0.686
DIAMONDS TWO SPADES TEN,0.2272,0.074,0.6988
DIAMONDS NINE CLUBS ACE,0.2118,0.0272,0.761
HEARTS FIVE DIAMONDS FOUR,0.5206,0.0434,0.436
HEARTS JACK DIAMONDS JACK,0.1398,0.0268,0.8334
DIAMONDS TWO SPADES JACK,0.2228,0.0622,0.715
DIAMONDS QUEEN DIAMONDS FOUR,0.3396,0.013,0.6474
HEARTS TWO DIAMONDS FOUR,0.6338,0.1052,0.261
DIAMONDS NINE CLUBS QUEEN,0.2138,0.046,0.7402
DIAMONDS KING DIAMONDS FOUR,0.3398,0.0088,0.6514
HEARTS THREE DIAMONDS FOUR,0.5442,0.0522,0.4036
DIAMONDS NINE CLUBS KING,0.2234,0.0396,0.737
HEARTS ACE DIAMONDS JACK,0.3174,0.005,0.6776
SPADES ACE DIAMONDS TWO,0.242,0.0182,0.7398
DIAMONDS JACK HEARTS QUEEN,0.3068,0.0096,0.6836
SPADES QUEEN DIAMONDS TWO,0.2298,0.0434,0.7268
HEARTS KING DIAMONDS JACK,0.3096,0.0048,0.6856
SPADES KING DIAMONDS TWO,0.2298,0.0286,0.7416
SPADES JACK SPADES SEVEN,0.3418,0.0178,0.6404
SPADES TEN SPADES SEVEN,0.3258,0.0254,0.6488
CLUBS SEVEN CLUBS THREE,0.537,0.0434,0.4196
CLUBS SIX CLUBS THREE,0.5372,0.0488,0.414
CLUBS FIVE CLUBS THREE,0.5068,0.0442,0.449
CLUBS THREE CLUBS FOUR,0.517,0.0506,0.4324
CLUBS NINE CLUBS THREE,0.1984,0.4982,0.3034
CLUBS EIGHT CLUBS THREE,0.538,0.0428,0.4192
CLUBS THREE SPADES FIVE,0.5328,0.05,0.4172
CLUBS THREE SPADES FOUR,0.5354,0.0564,0.4082
CLUBS THREE SPADES THREE,0.2802,0.0936,0.6262
CLUBS THREE SPADES TWO,0.6262,0.1188,0.255
CLUBS THREE SPADES SIX,0.563,0.0506,0.3864
SPADES SEVEN CLUBS THREE,0.5618,0.042,0.3962
SPADES EIGHT CLUBS THREE,0.5794,0.0438,0.3768
SPADES TWO DIAMONDS FOUR,0.639,0.1048,0.2562
SPADES THREE DIAMONDS FOUR,0.5562,0.0434,0.4004
SPADES FOUR DIAMONDS FOUR,0.2794,0.0828,0.6378
SPADES FIVE DIAMONDS FOUR,0.5266,0.0444,0.429
SPADES SIX DIAMONDS FOUR,0.5434,0.0466,0.41
SPADES SEVEN DIAMONDS FOUR,0.5472,0.0444,0.4084
SPADES EIGHT DIAMONDS FOUR,0.567,0.042,0.391
CLUBS FIVE DIAMONDS FOUR,0.5352,0.0416,0.4232
CLUBS FOUR DIAMONDS FOUR,0.2706,0.083,0.6464
CLUBS SEVEN DIAMONDS FOUR,0.5404,0.044,0.4156
CLUBS SIX DIAMONDS FOUR,0.547,0.0412,0.4118
CLUBS NINE DIAMONDS FOUR,0.2112,0.5238,0.265
CLUBS EIGHT DIAMONDS FOUR,0.5596,0.05,0.3904
DIAMONDS FOUR HEARTS SEVEN,0.5442,0.0392,0.4166
HEARTS SIX DIAMONDS FOUR,0.534,0.045,0.421
HEARTS NINE DIAMONDS FOUR,0.2226,0.5106,0.2668
DIAMONDS FOUR HEARTS EIGHT,0.557,0.0434,0.3996
CLUBS THREE DIAMONDS FOUR,0.5376,0.0474,0.415
DIAMONDS TEN DIAMONDS FIVE,0.3418,0.0272,0.631
DIAMONDS JACK DIAMONDS FIVE,0.3388,0.02,0.6412
DIAMONDS NINE HEARTS QUEEN,0.231,0.051,0.718
HEARTS KING DIAMONDS NINE,0.2298,0.0352,0.735
DIAMONDS NINE HEARTS ACE,0.2156,0.0272,0.7572
DIAMONDS NINE HEARTS TEN,0.2312,0.0706,0.6982
DIAMONDS NINE HEARTS JACK,0.226,0.0584,0.7156
CLUBS KING DIAMONDS SIX,0.3526,0.009,0.6384
CLUBS QUEEN DIAMONDS SIX,0.3536,0.0086,0.6378
CLUBS ACE DIAMONDS SIX,0.3432,0.0054,0.6514
SPADES KING DIAMONDS FOUR,0.3622,0.0078,0.63
SPADES ACE SPADES SEVEN,0.3252,0.0044,0.6704
SPADES QUEEN DIAMONDS FOUR,0.353,0.0128,0.6342
SPADES QUEEN SPADES SEVEN,0.3406,0.012,0.6474
CLUBS JACK DIAMONDS SIX,0.3534,0.0206,0.626
SPADES KING SPADES SEVEN,0.3286,0.0106,0.6608
SPADES ACE DIAMONDS FOUR,0.3436,0.0054,0.651
CLUBS TEN DIAMONDS SIX,0.352,0.0272,0.6208
CLUBS NINE CLUBS FOUR,0.2098,0.4868,0.3034
CLUBS EIGHT CLUBS FOUR,0.54,0.0436,0.4164
SPADES JACK DIAMONDS FOUR,0.3696,0.0186,0.6118
SPADES TEN DIAMONDS FOUR,0.3562,0.03,0.6138
CLUBS FIVE CLUBS FOUR,0.502,0.0414,0.4566
CLUBS SEVEN CLUBS FOUR,0.5126,0.0428,0.4446
CLUBS SIX CLUBS FOUR,0.5024,0.0472,0.4504
CLUBS SEVEN SPADES EIGHT,0.51,0.0424,0.4476
CLUBS SEVEN SPADES SIX,0.5192,0.0436,0.4372
CLUBS SEVEN SPADES SEVEN,0.2532,0.0684,0.6784
CLUBS SEVEN SPADES FIVE,0.527,0.0436,0.4294
CLUBS SEVEN SPADES FOUR,0.5312,0.0478,0.421
CLUBS SEVEN SPADES THREE,0.5508,0.0462,0.403
CLUBS SEVEN SPADES TWO,0.659,0.0992,0.2418
CLUBS NINE CLUBS SEVEN,0.2016,0.2796,0.5188
CLUBS SEVEN CLUBS EIGHT,0.4896,0.0376,0.4728
HEARTS SIX DIAMONDS FIVE,0.5124,0.0436,0.444
DIAMONDS FIVE HEARTS SEVEN,0.5218,0.044,0.4342
DIAMONDS FIVE HEARTS EIGHT,0.548,0.0434,0.4086
HEARTS NINE DIAMONDS FIVE,0.2182,0.4486,0.3332
DIAMONDS QUEEN DIAMONDS FIVE,0.3488,0.0108,0.6404
HEARTS TWO DIAMONDS FIVE,0.6228,0.104,0.2732
HEARTS KING HEARTS EIGHT,0.3424,0.0084,0.6492
DIAMONDS KING DIAMONDS FIVE,0.3298,0.0072,0.663
HEARTS THREE DIAMONDS FIVE,0.5426,0.0454,0.412
HEARTS QUEEN HEARTS EIGHT,0.337,0.0096,0.6534
DIAMONDS ACE DIAMONDS FIVE,0.3246,0.006,0.6694
HEARTS FOUR DIAMONDS FIVE,0.5264,0.0492,0.4244
HEARTS FIVE DIAMONDS FIVE,0.275,0.0744,0.6506
HEARTS ACE HEARTS EIGHT,0.3296,0.0048,0.6656
CLUBS FOUR DIAMONDS FIVE,0.5332,0.0398,0.427
CLUBS FIVE DIAMONDS FIVE,0.2772,0.0824,0.6404
CLUBS SIX DIAMONDS FIVE,0.5244,0.0434,0.4322
CLUBS SEVEN DIAMONDS FIVE,0.5292,0.0426,0.4282
CLUBS THREE DIAMONDS FIVE,0.5398,0.0428,0.4174
SPADES THREE DIAMONDS FIVE,0.5354,0.0464,0.4182
SPADES TWO DIAMONDS FIVE,0.6224,0.1052,0.2724
SPADES JACK DIAMONDS EIGHT,0.3332,0.019,0.6478
SPADES FIVE DIAMONDS FIVE,0.2742,0.082,0.6438
CLUBS TEN HEARTS JACK,0.2856,0.0154,0.699
SPADES TEN DIAMONDS EIGHT,0.326,0.0248,0.6492
SPADES FOUR DIAMONDS FIVE,0.5336,0.0534,0.413
HEARTS JACK CLUBS JACK,0.1278,0.0348,0.8374
HEARTS JACK CLUBS QUEEN,0.3052,0.0092,0.6856
CLUBS NINE DIAMONDS FIVE,0.2128,0.4562,0.331
HEARTS JACK CLUBS KING,0.3288,0.0052,0.666
CLUBS EIGHT DIAMONDS FIVE,0.5334,0.0472,0.4194
HEARTS JACK CLUBS ACE,0.3092,0.0032,0.6876
SPADES SEVEN DIAMONDS FIVE,0.5232,0.0458,0.431
SPADES KING DIAMONDS EIGHT,0.3508,0.0068,0.6424
SPADES SIX DIAMONDS FIVE,0.5194,0.0476,0.433
SPADES QUEEN DIAMONDS EIGHT,0.3544,0.0108,0.6348
SPADES EIGHT DIAMONDS FIVE,0.5412,0.0434,0.4154
SPADES ACE DIAMONDS EIGHT,0.3454,0.0044,0.6502
DIAMONDS TEN DIAMONDS SIX,0.332,0.023,0.645
HEARTS ACE DIAMONDS SEVEN,0.3568,0.0034,0.6398
DIAMONDS JACK DIAMONDS SIX,0.3354,0.0154,0.6492
HEARTS QUEEN DIAMONDS SEVEN,0.3562,0.011,0.6328
HEARTS KING DIAMONDS SEVEN,0.3518,0.0052,0.643
DIAMONDS ACE DIAMONDS SIX,0.3268,0.0054,0.6678
HEARTS FOUR DIAMONDS SIX,0.543,0.0498,0.4072
HEARTS JACK SPADES TWO,0.2414,0.0554,0.7032
HEARTS FIVE DIAMONDS SIX,0.516,0.0436,0.4404
SPADES TWO HEARTS TEN,0.23,0.078,0.692
DIAMONDS QUEEN DIAMONDS SIX,0.3354,0.0104,0.6542
HEARTS TWO DIAMONDS SIX,0.6532,0.0976,0.2492
DIAMONDS KING DIAMONDS SIX,0.3488,0.0088,0.6424
HEARTS THREE DIAMONDS SIX,0.5556,0.044,0.4004
HEARTS EIGHT DIAMONDS SIX,0.5338,0.0398,0.4264
HEARTS NINE DIAMONDS SIX,0.2282,0.3554,0.4164
HEARTS SIX DIAMONDS SIX,0.268,0.0752,0.6568
HEARTS SEVEN DIAMONDS SIX,0.5154,0.0426,0.442
HEARTS TEN DIAMONDS SEVEN,0.3366,0.0252,0.6382
HEARTS JACK DIAMONDS SEVEN,0.3456,0.0182,0.6362
CLUBS THREE DIAMONDS SIX,0.5408,0.0492,0.41
CLUBS SEVEN DIAMONDS SIX,0.5016,0.044,0.4544
DIAMONDS EIGHT CLUBS JACK,0.318,0.0176,0.6644
CLUBS SIX DIAMONDS SIX,0.2658,0.0786,0.6556
CLUBS TEN DIAMONDS EIGHT,0.3278,0.021,0.6512
CLUBS FIVE DIAMONDS SIX,0.5256,0.039,0.4354
CLUBS FOUR DIAMONDS SIX,0.5542,0.0502,0.3956
HEARTS ACE HEARTS JACK,0.2982,0.005,0.6968
DIAMONDS EIGHT CLUBS ACE,0.337,0.0038,0.6592
HEARTS JACK HEARTS QUEEN,0.2984,0.0094,0.6922
DIAMONDS EIGHT CLUBS KING,0.346,0.0066,0.6474
CLUBS NINE DIAMONDS SIX,0.2136,0.3804,0.406
HEARTS KING HEARTS JACK,0.3018,0.0056,0.6926
DIAMONDS EIGHT CLUBS QUEEN,0.3458,0.0154,0.6388
CLUBS EIGHT DIAMONDS SIX,0.518,0.0454,0.4366
SPADES TEN HEARTS KING,0.3114,0.0076,0.681
SPADES FIVE DIAMONDS SIX,0.5194,0.0476,0.433
HEARTS ACE SPADES TWO,0.2378,0.0192,0.743
SPADES JACK HEARTS KING,0.327,0.008,0.665
SPADES FOUR DIAMONDS SIX,0.5584,0.0438,0.3978
SPADES THREE DIAMONDS SIX,0.553,0.045,0.402
SPADES TWO HEARTS QUEEN,0.2408,0.04,0.7192
SPADES ACE SPADES KING,0.3002,0.0058,0.694
HEARTS KING SPADES TWO,0.2428,0.032,0.7252
SPADES TWO DIAMONDS SIX,0.655,0.0958,0.2492
HEARTS TEN HEARTS EIGHT,0.3098,0.0274,0.6628
HEARTS JACK HEARTS EIGHT,0.3138,0.0178,0.6684
SPADES EIGHT DIAMONDS SIX,0.5274,0.043,0.4296
SPADES SEVEN DIAMONDS SIX,0.5114,0.0446,0.444
SPADES SIX DIAMONDS SIX,0.2706,0.0706,0.6588
SPADES KING HEARTS KING,0.1186,0.0182,0.8632
SPADES QUEEN HEARTS KING,0.3212,0.0086,0.6702
CLUBS ACE CLUBS KING,0.3064,0.0058,0.6878
SPADES ACE HEARTS KING,0.3128,0.0058,0.6814
SPADES ACE HEARTS JACK,0.3236,0.0054,0.671
SPADES QUEEN HEARTS JACK,0.2976,0.0112,0.6912
SPADES KING HEARTS JACK,0.3094,0.0064,0.6842
SPADES TEN DIAMONDS TEN,0.1272,0.0418,0.831
SPADES JACK DIAMONDS TEN,0.2862,0.0154,0.6984
SPADES ACE DIAMONDS TEN,0.3008,0.0054,0.6938
SPADES JACK HEARTS JACK,0.1384,0.0294,0.8322
SPADES TEN HEARTS JACK,0.2962,0.0158,0.688
SPADES QUEEN DIAMONDS TEN,0.3084,0.0134,0.6782
SPADES KING DIAMONDS TEN,0.303,0.0086,0.6884
SPADES EIGHT DIAMONDS SEVEN,0.5188,0.0426,0.4386
SPADES SEVEN DIAMONDS SEVEN,0.2674,0.075,0.6576
SPADES SIX DIAMONDS SEVEN,0.5296,0.0426,0.4278
DIAMONDS KING DIAMONDS SEVEN,0.3324,0.0084,0.6592
HEARTS THREE DIAMONDS SEVEN,0.5542,0.042,0.4038
HEARTS KING DIAMONDS FIVE,0.361,0.0078,0.6312
DIAMONDS QUEEN DIAMONDS SEVEN,0.3278,0.0114,0.6608
HEARTS TWO DIAMONDS SEVEN,0.644,0.105,0.251
HEARTS QUEEN DIAMONDS FIVE,0.3606,0.0102,0.6292
HEARTS FIVE DIAMONDS SEVEN,0.5342,0.0408,0.425
DIAMONDS ACE DIAMONDS SEVEN,0.3288,0.0052,0.666
HEARTS FOUR DIAMONDS SEVEN,0.5294,0.0398,0.4308
HEARTS ACE DIAMONDS FIVE,0.3536,0.0048,0.6416
HEARTS SEVEN DIAMONDS SEVEN,0.2696,0.0738,0.6566
HEARTS SIX DIAMONDS SEVEN,0.5162,0.0412,0.4426
HEARTS NINE DIAMONDS SEVEN,0.219,0.2878,0.4932
DIAMONDS SEVEN HEARTS EIGHT,0.5194,0.0406,0.44
DIAMONDS JACK DIAMONDS SEVEN,0.3162,0.0192,0.6646
HEARTS JACK DIAMONDS FIVE,0.36,0.016,0.624
DIAMONDS TEN DIAMONDS SEVEN,0.3152,0.0258,0.659
DIAMONDS FIVE HEARTS TEN,0.3552,0.0266,0.6182
HEARTS KING CLUBS KING,0.12,0.0144,0.8656
CLUBS EIGHT DIAMONDS SEVEN,0.5092,0.042,0.4488
HEARTS KING CLUBS QUEEN,0.3174,0.0064,0.6762
CLUBS NINE DIAMONDS SEVEN,0.213,0.2974,0.4896
SPADES TWO CLUBS JACK,0.2492,0.0544,0.6964
CLUBS TEN SPADES TWO,0.233,0.0748,0.6922
HEARTS KING CLUBS ACE,0.3072,0.0064,0.6864
CLUBS SEVEN CLUBS SIX,0.4842,0.039,0.4768
SPADES TWO CLUBS KING,0.2414,0.033,0.7256
SPADES TWO DIAMONDS SEVEN,0.6708,0.0942,0.235
CLUBS EIGHT CLUBS SIX,0.5024,0.0392,0.4584
SPADES THREE DIAMONDS SEVEN,0.5528,0.05,0.3972
SPADES TWO CLUBS QUEEN,0.236,0.0426,0.7214
CLUBS NINE CLUBS SIX,0.2068,0.351,0.4422
SPADES FOUR DIAMONDS SEVEN,0.5386,0.0444,0.417
HEARTS KING CLUBS JACK,0.3126,0.007,0.6804
SPADES FIVE DIAMONDS SEVEN,0.5362,0.046,0.4178
SPADES TWO CLUBS ACE,0.2296,0.0158,0.7546
CLUBS TEN HEARTS KING,0.3122,0.005,0.6828
CLUBS SIX SPADES TWO,0.6492,0.1116,0.2392
CLUBS SIX SPADES THREE,0.552,0.0498,0.3982
CLUBS SIX SPADES FOUR,0.5404,0.0466,0.413
CLUBS THREE DIAMONDS SEVEN,0.5526,0.041,0.4064
CLUBS SIX SPADES FIVE,0.5254,0.0476,0.427
CLUBS FOUR DIAMONDS SEVEN,0.547,0.0456,0.4074
CLUBS SIX SPADES SIX,0.2758,0.0734,0.6508
CLUBS FIVE DIAMONDS SEVEN,0.5242,0.044,0.4318
CLUBS SIX SPADES SEVEN,0.514,0.0388,0.4472
CLUBS SIX DIAMONDS SEVEN,0.5214,0.046,0.4326
SPADES EIGHT CLUBS SIX,0.5278,0.0436,0.4286
CLUBS SEVEN DIAMONDS SEVEN,0.2642,0.0698,0.666
CLUBS THREE DIAMONDS EIGHT,0.5688,0.0422,0.389
DIAMONDS EIGHT HEARTS SEVEN,0.5204,0.0396,0.44
HEARTS SIX DIAMONDS EIGHT,0.5334,0.0406,0.426
DIAMONDS EIGHT HEARTS NINE,0.217,0.2284,0.5546
DIAMONDS EIGHT HEARTS EIGHT,0.2606,0.0622,0.6772
CLUBS NINE DIAMONDS EIGHT,0.2142,0.2226,0.5632
CLUBS EIGHT DIAMONDS EIGHT,0.2426,0.0572,0.7002
CLUBS FIVE DIAMONDS EIGHT,0.5406,0.0398,0.4196
SPADES ACE SPADES THREE,0.327,0.0064,0.6666
CLUBS FOUR DIAMONDS EIGHT,0.552,0.0524,0.3956
CLUBS SEVEN DIAMONDS EIGHT,0.5134,0.0424,0.4442
SPADES QUEEN SPADES THREE,0.3384,0.0136,0.648
CLUBS SIX DIAMONDS EIGHT,0.532,0.042,0.426
SPADES KING SPADES THREE,0.3452,0.01,0.6448
DIAMONDS QUEEN DIAMONDS EIGHT,0.3238,0.0098,0.6664
HEARTS TWO DIAMONDS EIGHT,0.6504,0.1146,0.235
DIAMONDS KING DIAMONDS EIGHT,0.3344,0.009,0.6566
HEARTS THREE DIAMONDS EIGHT,0.5698,0.0474,0.3828
DIAMONDS ACE DIAMONDS EIGHT,0.3302,0.0052,0.6646
HEARTS FOUR DIAMONDS EIGHT,0.56,0.043,0.397
HEARTS FIVE DIAMONDS EIGHT,0.527,0.0416,0.4314
DIAMONDS EIGHT DIAMONDS TEN,0.3026,0.0254,0.672
DIAMONDS EIGHT DIAMONDS JACK,0.3196,0.0178,0.6626
SPADES JACK SPADES THREE,0.3352,0.0176,0.6472
SPADES TEN SPADES THREE,0.3406,0.0284,0.631
CLUBS FOUR HEARTS ACE,0.3514,0.0034,0.6452
CLUBS FOUR HEARTS QUEEN,0.3566,0.0132,0.6302
CLUBS FOUR HEARTS KING,0.3496,0.0084,0.642
CLUBS SIX HEARTS TEN,0.3462,0.0282,0.6256
CLUBS SIX HEARTS JACK,0.3678,0.0158,0.6164
SPADES FOUR DIAMONDS EIGHT,0.564,0.048,0.388
SPADES FIVE DIAMONDS EIGHT,0.5392,0.045,0.4158
DIAMONDS EIGHT SPADES TWO,0.6536,0.114,0.2324
DIAMONDS EIGHT SPADES THREE,0.5712,0.042,0.3868
CLUBS FOUR HEARTS JACK,0.3482,0.0168,0.635
SPADES EIGHT DIAMONDS EIGHT,0.2584,0.0626,0.679
SPADES TEN DIAMONDS QUEEN,0.2984,0.0134,0.6882
SPADES TEN HEARTS TWO,0.233,0.0808,0.6862
SPADES JACK HEARTS EIGHT,0.3352,0.0166,0.6482
CLUBS FOUR HEARTS TEN,0.3544,0.0296,0.616
SPADES TEN HEARTS EIGHT,0.3178,0.0224,0.6598
SPADES JACK HEARTS TWO,0.2398,0.0554,0.7048
SPADES JACK DIAMONDS QUEEN,0.3142,0.0112,0.6746
SPADES SIX DIAMONDS EIGHT,0.5338,0.0434,0.4228
SPADES SEVEN DIAMONDS EIGHT,0.5284,0.04,0.4316
SPADES ACE HEARTS TWO,0.2328,0.0198,0.7474
SPADES ACE DIAMONDS QUEEN,0.3092,0.007,0.6838
SPADES ACE HEARTS EIGHT,0.33,0.0052,0.6648
SPADES KING HEARTS EIGHT,0.3626,0.0092,0.6282
SPADES QUEEN HEARTS TWO,0.2386,0.0424,0.719
SPADES QUEEN DIAMONDS QUEEN,0.13,0.023,0.847
SPADES KING DIAMONDS QUEEN,0.31,0.0056,0.6844
SPADES KING HEARTS TWO,0.243,0.027,0.73
SPADES QUEEN HEARTS EIGHT,0.3358,0.0096,0.6546
SPADES SEVEN DIAMONDS NINE,0.219,0.2816,0.4994
SPADES SIX DIAMONDS NINE,0.22,0.372,0.408
SPADES EIGHT DIAMONDS NINE,0.216,0.2316,0.5524
SPADES TEN CLUBS KING,0.3118,0.0092,0.679
DIAMONDS NINE SPADES THREE,0.225,0.5204,0.2546
SPADES JACK CLUBS KING,0.3018,0.0048,0.6934
DIAMONDS NINE SPADES TWO,0.0142,0.976,0.0098
SPADES FIVE DIAMONDS NINE,0.2094,0.4466,0.344
DIAMONDS NINE SPADES FOUR,0.223,0.5208,0.2562
CLUBS NINE DIAMONDS NINE,0.0658,0.0692,0.865
CLUBS EIGHT DIAMONDS NINE,0.2104,0.232,0.5576
CLUBS SIX DIAMONDS NINE,0.2228,0.3606,0.4166
SPADES JACK CLUBS FOUR,0.3448,0.0196,0.6356
CLUBS SEVEN DIAMONDS NINE,0.2028,0.2976,0.4996
SPADES TEN CLUBS FOUR,0.3542,0.032,0.6138
CLUBS FOUR DIAMONDS NINE,0.2092,0.5354,0.2554
CLUBS FIVE DIAMONDS NINE,0.206,0.4542,0.3398
CLUBS THREE DIAMONDS NINE,0.2056,0.5296,0.2648
DIAMONDS NINE HEARTS EIGHT,0.2182,0.2302,0.5516
DIAMONDS NINE HEARTS NINE,0.0796,0.0696,0.8508
HEARTS SIX DIAMONDS NINE,0.2232,0.3646,0.4122
DIAMONDS NINE HEARTS SEVEN,0.224,0.2926,0.4834
CLUBS NINE CLUBS EIGHT,0.1992,0.2232,0.5776
DIAMONDS ACE DIAMONDS NINE,0.203,0.0262,0.7708
HEARTS FOUR DIAMONDS NINE,0.223,0.5152,0.2618
HEARTS FIVE DIAMONDS NINE,0.2126,0.4604,0.327
SPADES ACE CLUBS FOUR,0.3348,0.005,0.6602
DIAMONDS QUEEN DIAMONDS NINE,0.2206,0.046,0.7334
HEARTS TWO DIAMONDS NINE,0.0208,0.9592,0.02
SPADES KING CLUBS FOUR,0.3624,0.0092,0.6284
DIAMONDS KING DIAMONDS NINE,0.2134,0.037,0.7496
HEARTS THREE DIAMONDS NINE,0.228,0.5078,0.2642
SPADES QUEEN CLUBS FOUR,0.3472,0.0138,0.639
DIAMONDS NINE DIAMONDS JACK,0.2046,0.0594,0.736
DIAMONDS NINE DIAMONDS TEN,0.2088,0.0762,0.715
CLUBS EIGHT SPADES EIGHT,0.2534,0.0574,0.6892
CLUBS EIGHT SPADES SEVEN,0.5208,0.0394,0.4398
CLUBS EIGHT SPADES SIX,0.5338,0.0408,0.4254
CLUBS EIGHT SPADES FIVE,0.5412,0.0428,0.416
CLUBS EIGHT SPADES FOUR,0.5506,0.0488,0.4006
CLUBS EIGHT SPADES THREE,0.5684,0.0492,0.3824
CLUBS EIGHT SPADES TWO,0.6534,0.1124,0.2342
HEARTS SIX DIAMONDS TEN,0.3366,0.0268,0.6366
DIAMONDS TEN HEARTS SEVEN,0.33,0.0246,0.6454
DIAMONDS TEN HEARTS EIGHT,0.3322,0.0214,0.6464
CLUBS FOUR CLUBS JACK,0.333,0.0178,0.6492
DIAMONDS TEN HEARTS NINE,0.2242,0.0686,0.7072
CLUBS TEN CLUBS FOUR,0.3444,0.0276,0.628
CLUBS FOUR CLUBS KING,0.3378,0.0104,0.6518
CLUBS FOUR CLUBS QUEEN,0.3406,0.012,0.6474
CLUBS THREE DIAMONDS TEN,0.3582,0.029,0.6128
CLUBS FOUR CLUBS ACE,0.3396,0.0046,0.6558
DIAMONDS JACK DIAMONDS TEN,0.2792,0.014,0.7068
DIAMONDS QUEEN DIAMONDS TEN,0.284,0.0098,0.7062
HEARTS TWO DIAMONDS TEN,0.2426,0.0734,0.684
DIAMONDS KING DIAMONDS TEN,0.2892,0.0076,0.7032
HEARTS THREE DIAMONDS TEN,0.3608,0.0278,0.6114
DIAMONDS ACE DIAMONDS TEN,0.295,0.0054,0.6996
HEARTS FOUR DIAMONDS TEN,0.348,0.0298,0.6222
CLUBS EIGHT HEARTS JACK,0.346,0.0154,0.6386
HEARTS FIVE DIAMONDS TEN,0.3564,0.0268,0.6168
CLUBS EIGHT HEARTS TEN,0.3294,0.0256,0.645
CLUBS EIGHT HEARTS QUEEN,0.3562,0.0094,0.6344
CLUBS EIGHT HEARTS KING,0.3458,0.0048,0.6494
CLUBS EIGHT HEARTS ACE,0.355,0.003,0.642
CLUBS NINE SPADES THREE,0.2064,0.532,0.2616
CLUBS NINE SPADES TWO,0.0086,0.9832,0.0082
CLUBS NINE SPADES FIVE,0.2052,0.47,0.3248
CLUBS NINE SPADES FOUR,0.2244,0.5186,0.257
CLUBS NINE SPADES SEVEN,0.216,0.3058,0.4782
CLUBS NINE SPADES SIX,0.1982,0.3794,0.4224
CLUBS TEN HEARTS EIGHT,0.3244,0.0268,0.6488
CLUBS NINE SPADES EIGHT,0.206,0.234,0.56
CLUBS JACK HEARTS EIGHT,0.3266,0.0154,0.658
CLUBS QUEEN HEARTS EIGHT,0.3476,0.0086,0.6438
CLUBS KING HEARTS EIGHT,0.3588,0.0082,0.633
CLUBS ACE HEARTS EIGHT,0.3482,0.0044,0.6474
SPADES KING CLUBS KING,0.119,0.013,0.868
SPADES QUEEN CLUBS KING,0.3174,0.0074,0.6752
SPADES ACE CLUBS KING,0.3146,0.0044,0.681
DIAMONDS ACE HEARTS TEN,0.3162,0.0028,0.681
HEARTS FOUR HEARTS TEN,0.3446,0.029,0.6264
DIAMONDS ACE HEARTS JACK,0.3122,0.004,0.6838
HEARTS FOUR HEARTS JACK,0.3464,0.016,0.6376
SPADES KING CLUBS FIVE,0.3642,0.0096,0.6262
SPADES QUEEN CLUBS FIVE,0.3414,0.0124,0.6462
SPADES ACE CLUBS FIVE,0.3356,0.007,0.6574
DIAMONDS JACK HEARTS SEVEN,0.337,0.0182,0.6448
HEARTS SIX DIAMONDS JACK,0.363,0.0166,0.6204
DIAMONDS JACK HEARTS NINE,0.2244,0.0632,0.7124
DIAMONDS JACK HEARTS EIGHT,0.3406,0.0178,0.6416
DIAMONDS KING DIAMONDS JACK,0.2944,0.0074,0.6982
HEARTS THREE DIAMONDS JACK,0.355,0.0178,0.6272
SPADES ACE SPADES SIX,0.3304,0.0058,0.6638
SPADES FOUR HEARTS ACE,0.3428,0.004,0.6532
DIAMONDS QUEEN DIAMONDS JACK,0.296,0.012,0.692
HEARTS TWO DIAMONDS JACK,0.2364,0.0538,0.7098
HEARTS FIVE DIAMONDS JACK,0.3556,0.016,0.6284
SPADES QUEEN SPADES SIX,0.3338,0.014,0.6522
SPADES FOUR HEARTS QUEEN,0.3702,0.0116,0.6182
DIAMONDS ACE DIAMONDS JACK,0.2932,0.006,0.7008
HEARTS FOUR DIAMONDS JACK,0.354,0.021,0.625
SPADES KING SPADES SIX,0.352,0.0084,0.6396
HEARTS KING SPADES FOUR,0.3688,0.009,0.6222
SPADES TEN SPADES SIX,0.3252,0.0288,0.646
SPADES JACK SPADES SIX,0.341,0.016,0.643
SPADES FOUR DIAMONDS JACK,0.36,0.0218,0.6182
SPADES FIVE DIAMONDS JACK,0.3358,0.021,0.6432
DIAMONDS JACK SPADES TWO,0.2424,0.0526,0.705
SPADES THREE DIAMONDS JACK,0.3642,0.0204,0.6154
SPADES ACE DIAMONDS THREE,0.3452,0.0042,0.6506
SPADES QUEEN DIAMONDS THREE,0.3616,0.0146,0.6238
CLUBS EIGHT DIAMONDS JACK,0.339,0.0172,0.6438
SPADES KING DIAMONDS THREE,0.3542,0.011,0.6348
CLUBS NINE DIAMONDS JACK,0.2048,0.0612,0.734
CLUBS SIX DIAMONDS JACK,0.3494,0.0144,0.6362
CLUBS SEVEN DIAMONDS JACK,0.3428,0.0194,0.6378
CLUBS FOUR DIAMONDS JACK,0.3522,0.019,0.6288
CLUBS FIVE DIAMONDS JACK,0.3428,0.019,0.6382
CLUBS THREE DIAMONDS JACK,0.3522,0.0216,0.6262
SPADES TEN CLUBS FIVE,0.342,0.0262,0.6318
HEARTS SIX SPADES JACK,0.3484,0.02,0.6316
HEARTS SIX SPADES TEN,0.3374,0.032,0.6306
SPADES JACK CLUBS FIVE,0.3426,0.0184,0.639
SPADES JACK DIAMONDS THREE,0.3612,0.0198,0.619
CLUBS SEVEN CLUBS ACE,0.3374,0.0046,0.658
DIAMONDS THREE SPADES TEN,0.357,0.0322,0.6108
CLUBS SEVEN CLUBS QUEEN,0.332,0.0126,0.6554
CLUBS SEVEN CLUBS KING,0.342,0.0074,0.6506
CLUBS TEN CLUBS SEVEN,0.3178,0.025,0.6572
DIAMONDS ACE HEARTS ACE,0.124,0.0026,0.8734
HEARTS FOUR HEARTS ACE,0.3376,0.0036,0.6588
SPADES EIGHT DIAMONDS JACK,0.342,0.0162,0.6418
SPADES ACE HEARTS SIX,0.3442,0.005,0.6508
CLUBS SEVEN CLUBS JACK,0.3224,0.0168,0.6608
DIAMONDS ACE HEARTS KING,0.3302,0.0052,0.6646
HEARTS FOUR HEARTS KING,0.3406,0.0092,0.6502
SPADES SEVEN DIAMONDS JACK,0.3466,0.016,0.6374
SPADES KING HEARTS SIX,0.3574,0.0098,0.6328
DIAMONDS ACE HEARTS QUEEN,0.3134,0.0062,0.6804
HEARTS FOUR HEARTS QUEEN,0.3308,0.014,0.6552
SPADES SIX DIAMONDS JACK,0.363,0.0204,0.6166
SPADES QUEEN HEARTS SIX,0.3648,0.0122,0.623
SPADES TWO DIAMONDS TEN,0.2504,0.0758,0.6738
SPADES THREE DIAMONDS TEN,0.355,0.0304,0.6146
SPADES FOUR DIAMONDS TEN,0.3546,0.0294,0.616
SPADES FIVE DIAMONDS TEN,0.357,0.0304,0.6126
SPADES SIX DIAMONDS TEN,0.3522,0.0266,0.6212
SPADES SEVEN DIAMONDS TEN,0.3436,0.025,0.6314
SPADES EIGHT DIAMONDS TEN,0.3208,0.0224,0.6568
CLUBS FOUR DIAMONDS TEN,0.3496,0.027,0.6234
CLUBS FIVE DIAMONDS TEN,0.3682,0.0256,0.6062
CLUBS SIX DIAMONDS TEN,0.3458,0.02,0.6342
CLUBS SEVEN DIAMONDS TEN,0.3322,0.0246,0.6432
CLUBS EIGHT DIAMONDS TEN,0.3256,0.0254,0.649
CLUBS NINE DIAMONDS TEN,0.2184,0.0772,0.7044
DIAMONDS THREE CLUBS JACK,0.365,0.0196,0.6154
CLUBS TEN DIAMONDS THREE,0.3626,0.0278,0.6096
DIAMONDS THREE CLUBS KING,0.3538,0.0076,0.6386
DIAMONDS THREE CLUBS QUEEN,0.3646,0.0132,0.6222
DIAMONDS THREE CLUBS ACE,0.3466,0.0044,0.649
SPADES FOUR HEARTS JACK,0.3686,0.016,0.6154
SPADES FOUR HEARTS TEN,0.3612,0.0292,0.6096
SPADES FIVE SPADES TWO,0.6128,0.0964,0.2908
SPADES FOUR SPADES TWO,0.6156,0.0988,0.2856
SPADES THREE SPADES TWO,0.6128,0.1086,0.2786
SPADES EIGHT SPADES TWO,0.6336,0.1084,0.258
SPADES SEVEN SPADES TWO,0.6394,0.09,0.2706
SPADES SIX SPADES TWO,0.6304,0.0978,0.2718
DIAMONDS QUEEN CLUBS THREE,0.3586,0.0106,0.6308
CLUBS THREE HEARTS TWO,0.6386,0.1068,0.2546
DIAMONDS QUEEN HEARTS SEVEN,0.3616,0.009,0.6294
HEARTS TWO HEARTS SEVEN,0.6112,0.099,0.2898
HEARTS SIX DIAMONDS QUEEN,0.3622,0.012,0.6258
HEARTS SIX HEARTS TWO,0.6162,0.0908,0.293
DIAMONDS QUEEN HEARTS NINE,0.223,0.053,0.724
HEARTS TWO HEARTS NINE,0.0234,0.9092,0.0674
DIAMONDS QUEEN HEARTS EIGHT,0.3534,0.0114,0.6352
HEARTS TWO HEARTS EIGHT,0.6084,0.1066,0.285
CLUBS NINE HEARTS TWO,0.0108,0.9708,0.0184
CLUBS NINE DIAMONDS QUEEN,0.2274,0.0476,0.725
CLUBS EIGHT HEARTS TWO,0.67,0.1028,0.2272
CLUBS EIGHT DIAMONDS QUEEN,0.345,0.0104,0.6446
CLUBS FIVE DIAMONDS QUEEN,0.3488,0.0148,0.6364
CLUBS FIVE HEARTS TWO,0.645,0.1018,0.2532
SPADES EIGHT HEARTS ACE,0.3608,0.0058,0.6334
DIAMONDS QUEEN CLUBS FOUR,0.3562,0.0152,0.6286
HEARTS TWO CLUBS FOUR,0.6288,0.1068,0.2644
CLUBS SEVEN DIAMONDS QUEEN,0.3502,0.0106,0.6392
CLUBS SEVEN HEARTS TWO,0.6526,0.1056,0.2418
SPADES EIGHT HEARTS QUEEN,0.3344,0.013,0.6526
CLUBS SIX DIAMONDS QUEEN,0.349,0.0104,0.6406
CLUBS SIX HEARTS TWO,0.6494,0.0944,0.2562
SPADES EIGHT HEARTS KING,0.3682,0.0072,0.6246
DIAMONDS QUEEN SPADES SIX,0.3648,0.0156,0.6196
HEARTS TWO SPADES SIX,0.6614,0.092,0.2466
HEARTS FOUR CLUBS QUEEN,0.3542,0.0108,0.635
DIAMONDS ACE CLUBS QUEEN,0.308,0.0052,0.6868
DIAMONDS QUEEN SPADES SEVEN,0.3646,0.012,0.6234
SPADES SEVEN HEARTS TWO,0.6698,0.0944,0.2358
HEARTS FOUR CLUBS KING,0.3656,0.0092,0.6252
DIAMONDS ACE CLUBS KING,0.3168,0.0038,0.6794
SPADES EIGHT DIAMONDS QUEEN,0.3496,0.0136,0.6368
SPADES EIGHT HEARTS TWO,0.663,0.1038,0.2332
HEARTS FOUR CLUBS ACE,0.3444,0.004,0.6516
DIAMONDS ACE CLUBS ACE,0.1176,0.0034,0.879
HEARTS TWO SPADES TWO,0.2746,0.0604,0.665
DIAMONDS QUEEN SPADES TWO,0.2426,0.0382,0.7192
HEARTS TWO SPADES THREE,0.6376,0.115,0.2474
DIAMONDS QUEEN SPADES THREE,0.3572,0.0124,0.6304
HEARTS TWO SPADES FOUR,0.6472,0.0966,0.2562
DIAMONDS QUEEN SPADES FOUR,0.374,0.0122,0.6138
HEARTS FOUR CLUBS TEN,0.3574,0.0254,0.6172
CLUBS TEN DIAMONDS ACE,0.3026,0.004,0.6934
HEARTS TWO SPADES FIVE,0.634,0.1046,0.2614
DIAMONDS QUEEN SPADES FIVE,0.3476,0.0134,0.639
HEARTS FOUR CLUBS JACK,0.3528,0.0184,0.6288
DIAMONDS ACE CLUBS JACK,0.312,0.0042,0.6838
CLUBS FIVE CLUBS KING,0.3406,0.0102,0.6492
CLUBS FIVE CLUBS QUEEN,0.343,0.0124,0.6446
CLUBS FIVE CLUBS ACE,0.336,0.0048,0.6592
CLUBS FIVE CLUBS JACK,0.3462,0.0192,0.6346
CLUBS TEN CLUBS FIVE,0.3358,0.0266,0.6376
SPADES KING CLUBS JACK,0.3162,0.0072,0.6766
SPADES QUEEN CLUBS JACK,0.3008,0.013,0.6862
SPADES ACE CLUBS JACK,0.3056,0.007,0.6874
SPADES SIX CLUBS KING,0.369,0.0092,0.6218
SPADES SIX CLUBS QUEEN,0.3676,0.0104,0.622
SPADES EIGHT HEARTS JACK,0.3382,0.0162,0.6456
SPADES SIX CLUBS ACE,0.3412,0.0054,0.6534
SPADES EIGHT HEARTS TEN,0.3208,0.025,0.6542
SPADES SIX CLUBS JACK,0.3608,0.0174,0.6218
CLUBS TEN SPADES SIX,0.3412,0.0234,0.6354
SPADES TEN CLUBS JACK,0.2714,0.0194,0.7092
SPADES JACK CLUBS JACK,0.1232,0.0298,0.847
SPADES QUEEN CLUBS SEVEN,0.3494,0.0118,0.6388
SPADES KING CLUBS SEVEN,0.3556,0.0092,0.6352
SPADES ACE CLUBS SEVEN,0.3442,0.0054,0.6504
SPADES SIX HEARTS TEN,0.3402,0.0266,0.6332
SPADES SIX HEARTS JACK,0.3462,0.0182,0.6356
SPADES SIX HEARTS ACE,0.3612,0.005,0.6338
SPADES SIX HEARTS KING,0.3566,0.0084,0.635
SPADES SIX HEARTS QUEEN,0.3658,0.0136,0.6206
CLUBS SEVEN SPADES JACK,0.34,0.02,0.64
CLUBS SEVEN SPADES TEN,0.3166,0.0266,0.6568
CLUBS TEN HEARTS SIX,0.3496,0.024,0.6264
HEARTS SIX CLUBS JACK,0.3604,0.02,0.6196
CLUBS ACE CLUBS JACK,0.3034,0.0062,0.6904
HEARTS SIX CLUBS QUEEN,0.3466,0.0104,0.643
HEARTS SIX CLUBS KING,0.342,0.0044,0.6536
HEARTS SIX CLUBS ACE,0.3552,0.0034,0.6414
CLUBS QUEEN CLUBS JACK,0.3016,0.01,0.6884
CLUBS KING CLUBS JACK,0.309,0.008,0.683
DIAMONDS THREE HEARTS ACE,0.3548,0.004,0.6412
DIAMONDS THREE HEARTS QUEEN,0.36,0.0112,0.6288
DIAMONDS THREE HEARTS KING,0.358,0.0086,0.6334
CLUBS FIVE HEARTS JACK,0.3626,0.0176,0.6198
SPADES TEN DIAMONDS ACE,0.318,0.0038,0.6782
HEARTS FOUR SPADES TEN,0.3608,0.0282,0.611
CLUBS FIVE HEARTS TEN,0.3548,0.0244,0.6208
HEARTS FOUR SPADES JACK,0.3568,0.019,0.6242
SPADES JACK DIAMONDS ACE,0.324,0.0066,0.6694
SPADES ACE HEARTS FOUR,0.3472,0.0082,0.6446
SPADES ACE DIAMONDS ACE,0.1196,0.0056,0.8748
CLUBS FIVE HEARTS ACE,0.3442,0.0058,0.65
CLUBS FIVE HEARTS KING,0.3518,0.0096,0.6386
HEARTS FOUR SPADES QUEEN,0.3632,0.0136,0.6232
SPADES QUEEN DIAMONDS ACE,0.314,0.0062,0.6798
SPADES FOUR CLUBS JACK,0.36,0.0172,0.6228
CLUBS FIVE HEARTS QUEEN,0.3614,0.0128,0.6258
SPADES KING DIAMONDS ACE,0.3308,0.0054,0.6638
HEARTS FOUR SPADES KING,0.363,0.0088,0.6282
CLUBS TEN SPADES FOUR,0.3528,0.0312,0.616
DIAMONDS QUEEN DIAMONDS ACE,0.2984,0.003,0.6986
HEARTS TWO DIAMONDS ACE,0.2378,0.0162,0.746
HEARTS FOUR DIAMONDS QUEEN,0.371,0.0142,0.6148
HEARTS FOUR HEARTS TWO,0.5838,0.1102,0.306
DIAMONDS THREE HEARTS TEN,0.3602,0.0286,0.6112
SPADES FOUR CLUBS KING,0.3498,0.0104,0.6398
HEARTS FIVE DIAMONDS QUEEN,0.3478,0.0142,0.638
HEARTS FIVE HEARTS TWO,0.594,0.1002,0.3058
DIAMONDS THREE HEARTS JACK,0.3714,0.0192,0.6094
SPADES FOUR CLUBS QUEEN,0.3594,0.0146,0.626
DIAMONDS QUEEN HEARTS TWO,0.2444,0.039,0.7166
DIAMONDS KING DIAMONDS QUEEN,0.2974,0.0084,0.6942
DIAMONDS KING HEARTS TWO,0.2452,0.0252,0.7296
HEARTS THREE DIAMONDS QUEEN,0.3672,0.0146,0.6182
HEARTS THREE HEARTS TWO,0.5942,0.106,0.2998
SPADES FOUR CLUBS ACE,0.3548,0.006,0.6392
HEARTS TWO CLUBS ACE,0.2274,0.0178,0.7548
DIAMONDS QUEEN CLUBS ACE,0.311,0.0042,0.6848
HEARTS TWO CLUBS QUEEN,0.2418,0.0402,0.718
DIAMONDS QUEEN CLUBS QUEEN,0.1362,0.0212,0.8426
HEARTS TWO CLUBS KING,0.2392,0.0288,0.732
DIAMONDS QUEEN CLUBS KING,0.3158,0.0078,0.6764
SPADES EIGHT SPADES FIVE,0.528,0.0474,0.4246
CLUBS TEN HEARTS TWO,0.2202,0.0762,0.7036
CLUBS TEN DIAMONDS QUEEN,0.299,0.0104,0.6906
HEARTS TWO CLUBS JACK,0.2286,0.0502,0.7212
DIAMONDS QUEEN CLUBS JACK,0.3026,0.0096,0.6878
SPADES SIX SPADES FIVE,0.5076,0.048,0.4444
SPADES SEVEN SPADES FIVE,0.5118,0.0448,0.4434
DIAMONDS FIVE CLUBS QUEEN,0.369,0.011,0.62
SPADES EIGHT CLUBS ACE,0.3522,0.0072,0.6406
DIAMONDS FIVE CLUBS KING,0.3586,0.01,0.6314
SPADES EIGHT CLUBS KING,0.3616,0.0092,0.6292
CLUBS ACE DIAMONDS FIVE,0.3446,0.0038,0.6516
SPADES EIGHT CLUBS QUEEN,0.343,0.011,0.646
SPADES EIGHT CLUBS JACK,0.3422,0.0174,0.6404
CLUBS TEN SPADES EIGHT,0.3186,0.029,0.6524
CLUBS TEN DIAMONDS FIVE,0.3492,0.0288,0.622
DIAMONDS FIVE CLUBS JACK,0.3512,0.0162,0.6326
HEARTS JACK DIAMONDS TEN,0.2968,0.016,0.6872
DIAMONDS TEN HEARTS TEN,0.141,0.0364,0.8226
SPADES ACE CLUBS NINE,0.2094,0.0228,0.7678
CLUBS NINE SPADES QUEEN,0.21,0.0482,0.7418
CLUBS NINE SPADES KING,0.2198,0.0354,0.7448
HEARTS SIX HEARTS KING,0.3288,0.0088,0.6624
DIAMONDS KING SPADES SEVEN,0.3544,0.0072,0.6384
HEARTS THREE SPADES SEVEN,0.5486,0.0468,0.4046
SPADES KING DIAMONDS SEVEN,0.3572,0.0062,0.6366
HEARTS SIX HEARTS QUEEN,0.3366,0.0118,0.6516
DIAMONDS KING SPADES SIX,0.3582,0.0066,0.6352
HEARTS THREE SPADES SIX,0.5624,0.045,0.3926
SPADES QUEEN DIAMONDS SEVEN,0.3484,0.0128,0.6388
HEARTS SIX HEARTS ACE,0.3338,0.0038,0.6624
DIAMONDS KING SPADES EIGHT,0.3632,0.0056,0.6312
HEARTS THREE SPADES EIGHT,0.5754,0.0478,0.3768
SPADES ACE DIAMONDS SEVEN,0.341,0.0056,0.6534
CLUBS NINE HEARTS THREE,0.2058,0.5294,0.2648
CLUBS NINE DIAMONDS KING,0.224,0.0384,0.7376
HEARTS THREE CLUBS EIGHT,0.5682,0.0462,0.3856
CLUBS EIGHT DIAMONDS KING,0.3538,0.0102,0.636
HEARTS THREE SPADES THREE,0.2774,0.0898,0.6328
DIAMONDS KING SPADES THREE,0.3682,0.0068,0.625
HEARTS THREE SPADES TWO,0.636,0.1052,0.2588
DIAMONDS KING SPADES TWO,0.2294,0.0304,0.7402
HEARTS THREE SPADES FIVE,0.545,0.0474,0.4076
