opposingHand,winningChance,drawChance,lostChance
SPADES KING DIAMONDS NINE
HEARTS FIVE SPADES TEN,0.6484,0.0062,0.3454
HEARTS FIVE SPADES JACK,0.636,0.0066,0.3574
SPADES FIVE CLUBS JACK,0.6432,0.0048,0.352
CLUBS TEN SPADES FIVE,0.6376,0.0064,0.356
CLUBS EIGHT CLUBS JACK,0.5816,0.0058,0.4126
CLUBS TEN CLUBS EIGHT,0.5726,0.008,0.4194
CLUBS EIGHT CLUBS KING,0.5712,0.1494,0.2794
SPADES FIVE CLUBS ACE,0.4122,0.004,0.5838
CLUBS EIGHT CLUBS QUEEN,0.6026,0.0076,0.3898
SPADES FIVE CLUBS KING,0.6026,0.165,0.2324
SPADES FIVE CLUBS QUEEN,0.6328,0.008,0.3592
CLUBS EIGHT CLUBS ACE,0.3676,0.0044,0.628
DIAMONDS TWO DIAMONDS THREE,0.6324,0.0082,0.3594
DIAMONDS TWO DIAMONDS FIVE,0.6136,0.0084,0.378
DIAMONDS TWO DIAMONDS FOUR,0.6296,0.0088,0.3616
HEARTS FIVE SPADES QUEEN,0.6434,0.0074,0.3492
DIAMONDS TWO DIAMONDS SEVEN,0.6478,0.012,0.3402
DIAMONDS TWO DIAMONDS SIX,0.6314,0.0092,0.3594
SPADES ACE HEARTS FIVE,0.4018,0.005,0.5932
DIAMONDS TWO DIAMONDS EIGHT,0.6414,0.0106,0.348
DIAMONDS THREE DIAMONDS FOUR,0.6032,0.0082,0.3886
SPADES FOUR CLUBS TWO,0.6518,0.0074,0.3408
DIAMONDS THREE DIAMONDS FIVE,0.6106,0.0088,0.3806
SPADES FIVE CLUBS TWO,0.6528,0.0074,0.3398
CLUBS TWO SPADES TWO,0.4602,0.0136,0.5262
CLUBS TWO SPADES THREE,0.6438,0.0092,0.347
DIAMONDS THREE DIAMONDS EIGHT,0.6452,0.0084,0.3464
SPADES EIGHT CLUBS TWO,0.6764,0.009,0.3146
SPADES NINE CLUBS TWO,0.7416,0.0374,0.221
DIAMONDS THREE DIAMONDS SIX,0.614,0.0084,0.3776
SPADES SIX CLUBS TWO,0.6598,0.0068,0.3334
DIAMONDS THREE DIAMONDS SEVEN,0.6204,0.0094,0.3702
SPADES SEVEN CLUBS TWO,0.6734,0.0088,0.3178
CLUBS SIX CLUBS TWO,0.616,0.0054,0.3786
CLUBS SEVEN CLUBS TWO,0.6186,0.0074,0.374
CLUBS FOUR CLUBS TWO,0.6058,0.0076,0.3866
CLUBS FIVE CLUBS TWO,0.6074,0.009,0.3836
CLUBS TEN CLUBS JACK,0.527,0.007,0.466
DIAMONDS FOUR DIAMONDS SIX,0.6126,0.0064,0.381
CLUBS TEN CLUBS QUEEN,0.5368,0.0074,0.4558
DIAMONDS FOUR DIAMONDS SEVEN,0.6258,0.0074,0.3668
CLUBS TEN CLUBS KING,0.2124,0.1148,0.6728
CLUBS TEN CLUBS ACE,0.3302,0.0042,0.6656
CLUBS EIGHT CLUBS TWO,0.6202,0.0068,0.373
DIAMONDS FIVE DIAMONDS FOUR,0.5898,0.007,0.4032
CLUBS NINE CLUBS TWO,0.6936,0.0374,0.269
DIAMONDS EIGHT DIAMONDS FOUR,0.6216,0.0076,0.3708
CLUBS THREE CLUBS TWO,0.61,0.008,0.382
DIAMONDS TWO CLUBS JACK,0.6452,0.0082,0.3466
DIAMONDS EIGHT DIAMONDS FIVE,0.6252,0.005,0.3698
CLUBS TEN DIAMONDS TWO,0.6378,0.0054,0.3568
DIAMONDS FIVE DIAMONDS SEVEN,0.6154,0.0066,0.378
DIAMONDS FIVE DIAMONDS SIX,0.5818,0.0084,0.4098
DIAMONDS TWO CLUBS ACE,0.4104,0.0038,0.5858
DIAMONDS TWO CLUBS KING,0.604,0.1674,0.2286
DIAMONDS TWO CLUBS QUEEN,0.6486,0.0072,0.3442
DIAMONDS EIGHT DIAMONDS SIX,0.6156,0.0078,0.3766
HEARTS ACE SPADES THREE,0.3982,0.0044,0.5974
SPADES THREE HEARTS KING,0.61,0.1676,0.2224
DIAMONDS SEVEN DIAMONDS SIX,0.5924,0.0068,0.4008
SPADES THREE HEARTS QUEEN,0.6466,0.0076,0.3458
SPADES THREE HEARTS JACK,0.6482,0.0076,0.3442
SPADES THREE HEARTS TEN,0.643,0.009,0.348
DIAMONDS EIGHT DIAMONDS SEVEN,0.5804,0.0086,0.411
DIAMONDS KING HEARTS TEN,0.2274,0.1126,0.66
HEARTS THREE HEARTS TEN,0.5992,0.0056,0.3952
SPADES JACK CLUBS SIX,0.6538,0.0062,0.34
DIAMONDS KING HEARTS JACK,0.2246,0.09,0.6854
HEARTS THREE HEARTS JACK,0.6006,0.0046,0.3948
SPADES TEN CLUBS SIX,0.6376,0.0068,0.3556
SPADES JACK SPADES FIVE,0.6114,0.0072,0.3814
SPADES TEN SPADES FIVE,0.6174,0.007,0.3756
DIAMONDS KING HEARTS ACE,0.2238,0.0132,0.763
HEARTS THREE HEARTS ACE,0.3924,0.004,0.6036
SPADES ACE CLUBS SIX,0.404,0.0046,0.5914
DIAMONDS KING HEARTS QUEEN,0.2202,0.0606,0.7192
HEARTS THREE HEARTS QUEEN,0.6106,0.0082,0.3812
DIAMONDS KING HEARTS KING,0.0818,0.0136,0.9046
HEARTS THREE HEARTS KING,0.5656,0.158,0.2764
SPADES QUEEN CLUBS SIX,0.6346,0.0046,0.3608
SPADES NINE HEARTS TEN,0.6802,0.0252,0.2946
SPADES NINE HEARTS JACK,0.708,0.0292,0.2628
SPADES QUEEN SPADES FIVE,0.6058,0.0076,0.3866
SPADES ACE SPADES FIVE,0.3804,0.0044,0.6152
SPADES NINE HEARTS QUEEN,0.725,0.03,0.245
SPADES NINE HEARTS KING,0.019,0.9724,0.0086
SPADES NINE HEARTS ACE,0.2514,0.0212,0.7274
CLUBS TEN SPADES JACK,0.572,0.0068,0.4212
CLUBS TEN SPADES TEN,0.3138,0.0056,0.6806
SPADES ACE CLUBS TEN,0.3462,0.0044,0.6494
SPADES QUEEN CLUBS TEN,0.578,0.007,0.415
SPADES FIVE HEARTS QUEEN,0.6338,0.0074,0.3588
SPADES FIVE HEARTS KING,0.6086,0.1664,0.225
SPADES FIVE HEARTS ACE,0.405,0.0044,0.5906
SPADES JACK HEARTS THREE,0.6486,0.0064,0.345
SPADES JACK DIAMONDS KING,0.2278,0.0838,0.6884
SPADES TEN CLUBS EIGHT,0.618,0.0068,0.3752
SPADES JACK CLUBS EIGHT,0.6288,0.0068,0.3644
SPADES TEN HEARTS THREE,0.6372,0.0052,0.3576
SPADES TEN DIAMONDS KING,0.2302,0.109,0.6608
CLUBS SIX HEARTS ACE,0.4058,0.003,0.5912
SPADES ACE CLUBS EIGHT,0.3978,0.0042,0.598
HEARTS FIVE CLUBS JACK,0.6402,0.0062,0.3536
HEARTS FIVE CLUBS TEN,0.6338,0.0058,0.3604
CLUBS SIX HEARTS QUEEN,0.6356,0.0056,0.3588
SPADES QUEEN CLUBS EIGHT,0.6448,0.0096,0.3456
CLUBS TEN SPADES THREE,0.6468,0.0072,0.346
CLUBS SIX HEARTS KING,0.5928,0.1638,0.2434
SPADES THREE CLUBS JACK,0.6378,0.0088,0.3534
DIAMONDS TWO HEARTS JACK,0.6588,0.0094,0.3318
SPADES THREE CLUBS QUEEN,0.6492,0.0062,0.3446
DIAMONDS TWO HEARTS TEN,0.648,0.0088,0.3432
SPADES THREE CLUBS KING,0.5998,0.1706,0.2296
HEARTS FIVE CLUBS ACE,0.3954,0.003,0.6016
SPADES FIVE HEARTS TEN,0.6354,0.0076,0.357
SPADES THREE CLUBS ACE,0.4222,0.0052,0.5726
HEARTS FIVE CLUBS KING,0.598,0.1624,0.2396
SPADES FIVE HEARTS JACK,0.6408,0.0064,0.3528
HEARTS FIVE CLUBS QUEEN,0.6214,0.0084,0.3702
HEARTS THREE CLUBS KING,0.59,0.167,0.243
DIAMONDS KING CLUBS KING,0.0818,0.0126,0.9056
HEARTS THREE CLUBS QUEEN,0.6462,0.0058,0.348
DIAMONDS KING CLUBS QUEEN,0.2328,0.0646,0.7026
HEARTS FIVE HEARTS JACK,0.6042,0.0068,0.389
HEARTS FIVE HEARTS TEN,0.5918,0.0066,0.4016
HEARTS THREE CLUBS ACE,0.413,0.0026,0.5844
DIAMONDS KING CLUBS ACE,0.2256,0.0148,0.7596
SPADES ACE CLUBS QUEEN,0.353,0.003,0.644
HEARTS THREE CLUBS JACK,0.6348,0.0058,0.3594
DIAMONDS KING CLUBS JACK,0.2366,0.0806,0.6828
SPADES QUEEN CLUBS QUEEN,0.2942,0.0034,0.7024
CLUBS TEN HEARTS THREE,0.6328,0.006,0.3612
CLUBS TEN DIAMONDS KING,0.2314,0.1162,0.6524
SPADES JACK CLUBS QUEEN,0.5782,0.0058,0.416
CLUBS SIX CLUBS QUEEN,0.6,0.006,0.394
SPADES TEN CLUBS QUEEN,0.5802,0.0066,0.4132
CLUBS SIX CLUBS KING,0.5628,0.1562,0.281
CLUBS SIX CLUBS ACE,0.3928,0.0052,0.602
HEARTS FIVE HEARTS KING,0.5672,0.1524,0.2804
HEARTS FIVE HEARTS QUEEN,0.5948,0.008,0.3972
CLUBS TEN CLUBS SIX,0.5956,0.0052,0.3992
HEARTS FIVE HEARTS ACE,0.3696,0.0052,0.6252
CLUBS SIX CLUBS JACK,0.6032,0.0064,0.3904
SPADES SEVEN HEARTS JACK,0.6372,0.007,0.3558
SPADES SEVEN HEARTS TEN,0.6256,0.0066,0.3678
DIAMONDS TWO CLUBS TWO,0.4706,0.012,0.5174
DIAMONDS TWO CLUBS THREE,0.6572,0.0096,0.3332
DIAMONDS TWO HEARTS SIX,0.657,0.008,0.335
DIAMONDS TWO HEARTS QUEEN,0.6496,0.0064,0.344
HEARTS SEVEN DIAMONDS TWO,0.6748,0.0094,0.3158
DIAMONDS TWO HEARTS KING,0.6128,0.1596,0.2276
DIAMONDS TWO HEARTS EIGHT,0.673,0.0098,0.3172
DIAMONDS TWO HEARTS ACE,0.4052,0.005,0.5898
DIAMONDS TWO HEARTS NINE,0.749,0.0344,0.2166
DIAMONDS TWO DIAMONDS QUEEN,0.6122,0.0072,0.3806
DIAMONDS TWO HEARTS TWO,0.4736,0.011,0.5154
DIAMONDS TWO DIAMONDS KING,0.5874,0.1542,0.2584
DIAMONDS TWO HEARTS THREE,0.6452,0.008,0.3468
DIAMONDS TWO DIAMONDS ACE,0.388,0.0044,0.6076
HEARTS FOUR DIAMONDS TWO,0.662,0.0068,0.3312
HEARTS FIVE DIAMONDS TWO,0.6524,0.0074,0.3402
SPADES SEVEN HEARTS ACE,0.4086,0.0028,0.5886
DIAMONDS TWO DIAMONDS TEN,0.6072,0.006,0.3868
SPADES SEVEN HEARTS KING,0.6076,0.1722,0.2202
DIAMONDS TWO DIAMONDS JACK,0.6236,0.0048,0.3716
SPADES SEVEN HEARTS QUEEN,0.6518,0.0064,0.3418
DIAMONDS TWO SPADES NINE,0.75,0.0398,0.2102
DIAMONDS TWO SPADES EIGHT,0.6794,0.0082,0.3124
DIAMONDS TWO SPADES SEVEN,0.6786,0.0086,0.3128
DIAMONDS TWO SPADES SIX,0.6658,0.009,0.3252
DIAMONDS TWO SPADES FIVE,0.654,0.0116,0.3344
DIAMONDS TWO SPADES FOUR,0.6588,0.0094,0.3318
DIAMONDS TWO SPADES THREE,0.6454,0.009,0.3456
DIAMONDS TWO SPADES TWO,0.4626,0.0118,0.5256
CLUBS NINE DIAMONDS TWO,0.747,0.0398,0.2132
DIAMONDS TWO CLUBS EIGHT,0.6786,0.008,0.3134
CLUBS SEVEN DIAMONDS TWO,0.6776,0.0072,0.3152
DIAMONDS TWO CLUBS SIX,0.6612,0.0084,0.3304
DIAMONDS TWO CLUBS FIVE,0.649,0.007,0.344
DIAMONDS TWO CLUBS FOUR,0.654,0.0098,0.3362
CLUBS FOUR SPADES FIVE,0.634,0.0078,0.3582
CLUBS FOUR SPADES FOUR,0.4624,0.0114,0.5262
CLUBS FOUR SPADES THREE,0.6414,0.0082,0.3504
CLUBS FOUR SPADES TWO,0.654,0.0062,0.3398
SPADES NINE CLUBS FOUR,0.7448,0.0344,0.2208
SPADES EIGHT CLUBS FOUR,0.651,0.0082,0.3408
SPADES SEVEN CLUBS FOUR,0.6388,0.0072,0.354
SPADES SIX CLUBS FOUR,0.63,0.0064,0.3636
SPADES ACE DIAMONDS SIX,0.4,0.003,0.597
SPADES QUEEN DIAMONDS SIX,0.6364,0.009,0.3546
SPADES TEN DIAMONDS SIX,0.6512,0.007,0.3418
SPADES JACK DIAMONDS SIX,0.6632,0.007,0.3298
SPADES QUEEN SPADES TWO,0.612,0.0074,0.3806
SPADES ACE SPADES TWO,0.394,0.0038,0.6022
DIAMONDS JACK CLUBS JACK,0.2952,0.0062,0.6986
CLUBS TEN DIAMONDS JACK,0.564,0.0058,0.4302
DIAMONDS JACK CLUBS KING,0.2286,0.0866,0.6848
DIAMONDS JACK CLUBS QUEEN,0.5608,0.0076,0.4316
DIAMONDS THREE DIAMONDS JACK,0.6056,0.0082,0.3862
DIAMONDS THREE DIAMONDS TEN,0.6042,0.0094,0.3864
DIAMONDS JACK CLUBS ACE,0.3486,0.004,0.6474
DIAMONDS THREE DIAMONDS KING,0.5724,0.1604,0.2672
DIAMONDS THREE HEARTS THREE,0.464,0.0132,0.5228
DIAMONDS THREE DIAMONDS QUEEN,0.6222,0.008,0.3698
DIAMONDS THREE HEARTS TWO,0.6432,0.0088,0.348
HEARTS FIVE DIAMONDS THREE,0.621,0.0088,0.3702
DIAMONDS THREE DIAMONDS ACE,0.395,0.0042,0.6008
HEARTS FOUR DIAMONDS THREE,0.6348,0.0054,0.3598
HEARTS SEVEN DIAMONDS THREE,0.6646,0.0072,0.3282
SPADES TEN SPADES NINE,0.658,0.029,0.313
HEARTS SIX DIAMONDS THREE,0.6384,0.007,0.3546
SPADES JACK SPADES NINE,0.6796,0.0264,0.294
DIAMONDS THREE HEARTS NINE,0.7382,0.0346,0.2272
HEARTS JACK DIAMONDS FOUR,0.6458,0.0064,0.3478
HEARTS ACE HEARTS KING,0.209,0.0132,0.7778
SPADES TEN SPADES TWO,0.6102,0.0086,0.3812
DIAMONDS THREE HEARTS EIGHT,0.6792,0.007,0.3138
HEARTS TEN DIAMONDS FOUR,0.633,0.008,0.359
SPADES JACK SPADES TWO,0.615,0.006,0.379
HEARTS QUEEN DIAMONDS FOUR,0.6364,0.0076,0.356
HEARTS KING DIAMONDS FOUR,0.6276,0.1552,0.2172
SPADES ACE SPADES NINE,0.2318,0.0228,0.7454
HEARTS ACE DIAMONDS FOUR,0.404,0.005,0.591
SPADES QUEEN SPADES NINE,0.691,0.0296,0.2794
DIAMONDS THREE SPADES NINE,0.7344,0.0374,0.2282
DIAMONDS THREE SPADES EIGHT,0.6866,0.0092,0.3042
DIAMONDS THREE SPADES SEVEN,0.6576,0.0094,0.333
DIAMONDS THREE SPADES SIX,0.6566,0.009,0.3344
DIAMONDS THREE CLUBS SIX,0.634,0.0056,0.3604
CLUBS FIVE CLUBS SIX,0.599,0.0062,0.3948
CLUBS ACE DIAMONDS FOUR,0.4008,0.004,0.5952
CLUBS SEVEN DIAMONDS THREE,0.6608,0.0064,0.3328
CLUBS SEVEN CLUBS FIVE,0.5758,0.0078,0.4164
DIAMONDS THREE CLUBS FOUR,0.644,0.0098,0.3462
DIAMONDS FOUR CLUBS QUEEN,0.6428,0.0066,0.3506
DIAMONDS THREE CLUBS FIVE,0.644,0.007,0.349
CLUBS KING DIAMONDS FOUR,0.6002,0.1714,0.2284
DIAMONDS THREE CLUBS TWO,0.6494,0.0088,0.3418
CLUBS TEN DIAMONDS FOUR,0.6582,0.0078,0.334
DIAMONDS THREE CLUBS THREE,0.466,0.0116,0.5224
DIAMONDS FOUR CLUBS JACK,0.6438,0.0062,0.35
DIAMONDS THREE SPADES FOUR,0.6424,0.009,0.3486
DIAMONDS THREE SPADES FIVE,0.6422,0.0076,0.3502
DIAMONDS THREE SPADES TWO,0.653,0.0068,0.3402
DIAMONDS THREE SPADES THREE,0.4588,0.0148,0.5264
CLUBS EIGHT DIAMONDS THREE,0.6756,0.0054,0.319
CLUBS NINE DIAMONDS THREE,0.7462,0.0346,0.2192
SPADES SEVEN CLUBS ACE,0.4008,0.0032,0.596
SPADES SEVEN CLUBS QUEEN,0.6532,0.0054,0.3414
SPADES SEVEN CLUBS KING,0.6108,0.1656,0.2236
CLUBS FIVE SPADES SEVEN,0.6434,0.0076,0.349
CLUBS TEN SPADES SEVEN,0.6252,0.008,0.3668
CLUBS FIVE SPADES SIX,0.6192,0.0068,0.374
SPADES SEVEN CLUBS JACK,0.6344,0.008,0.3576
SPADES NINE CLUBS FIVE,0.7248,0.0384,0.2368
CLUBS FIVE SPADES EIGHT,0.651,0.0072,0.3418
CLUBS FIVE SPADES THREE,0.6416,0.0052,0.3532
CLUBS FIVE SPADES TWO,0.658,0.0062,0.3358
CLUBS FIVE SPADES FIVE,0.4694,0.0094,0.5212
CLUBS FIVE SPADES FOUR,0.6278,0.0074,0.3648
CLUBS NINE CLUBS FIVE,0.6748,0.036,0.2892
CLUBS EIGHT CLUBS FIVE,0.5944,0.006,0.3996
CLUBS ACE CLUBS QUEEN,0.3388,0.0046,0.6566
CLUBS KING CLUBS QUEEN,0.227,0.0588,0.7142
DIAMONDS TEN DIAMONDS FOUR,0.6132,0.0062,0.3806
DIAMONDS JACK DIAMONDS FOUR,0.6096,0.005,0.3854
SPADES NINE CLUBS JACK,0.7102,0.0268,0.263
CLUBS TEN SPADES NINE,0.6842,0.0306,0.2852
DIAMONDS ACE DIAMONDS FOUR,0.387,0.0046,0.6084
HEARTS FOUR DIAMONDS FOUR,0.4644,0.013,0.5226
DIAMONDS JACK HEARTS TEN,0.5758,0.0048,0.4194
SPADES NINE CLUBS KING,0.02,0.9672,0.0128
DIAMONDS TWO SPADES TEN,0.6492,0.0096,0.3412
HEARTS FIVE DIAMONDS FOUR,0.6286,0.0078,0.3636
DIAMONDS JACK HEARTS JACK,0.2908,0.007,0.7022
SPADES NINE CLUBS QUEEN,0.7198,0.03,0.2502
SPADES JACK DIAMONDS TWO,0.6524,0.0074,0.3402
DIAMONDS QUEEN DIAMONDS FOUR,0.614,0.0084,0.3776
HEARTS TWO DIAMONDS FOUR,0.6502,0.0062,0.3436
DIAMONDS KING DIAMONDS FOUR,0.5852,0.16,0.2548
HEARTS THREE DIAMONDS FOUR,0.6302,0.0094,0.3604
SPADES NINE CLUBS ACE,0.2476,0.0212,0.7312
HEARTS ACE DIAMONDS JACK,0.3502,0.0058,0.644
SPADES ACE DIAMONDS TWO,0.4002,0.004,0.5958
HEARTS QUEEN DIAMONDS JACK,0.5702,0.0086,0.4212
SPADES QUEEN DIAMONDS TWO,0.6608,0.0056,0.3336
HEARTS KING DIAMONDS JACK,0.2368,0.0854,0.6778
SPADES JACK SPADES SEVEN,0.62,0.007,0.373
SPADES TEN SPADES SEVEN,0.5898,0.0052,0.405
CLUBS SEVEN CLUBS THREE,0.6132,0.006,0.3808
CLUBS SIX CLUBS THREE,0.6038,0.0072,0.389
CLUBS FIVE CLUBS THREE,0.587,0.0072,0.4058
CLUBS THREE CLUBS FOUR,0.584,0.0078,0.4082
CLUBS NINE CLUBS THREE,0.6858,0.0374,0.2768
CLUBS EIGHT CLUBS THREE,0.636,0.0064,0.3576
CLUBS THREE SPADES FIVE,0.6372,0.007,0.3558
CLUBS THREE SPADES FOUR,0.6434,0.01,0.3466
CLUBS THREE SPADES THREE,0.4826,0.0108,0.5066
CLUBS THREE SPADES TWO,0.6476,0.0078,0.3446
CLUBS THREE SPADES SIX,0.6538,0.0072,0.339
SPADES SEVEN CLUBS THREE,0.6566,0.0082,0.3352
SPADES EIGHT CLUBS THREE,0.6776,0.0068,0.3156
SPADES NINE CLUBS THREE,0.7422,0.0362,0.2216
SPADES TWO DIAMONDS FOUR,0.6432,0.0108,0.346
SPADES THREE DIAMONDS FOUR,0.6442,0.0092,0.3466
SPADES FOUR DIAMONDS FOUR,0.4748,0.0126,0.5126
SPADES FIVE DIAMONDS FOUR,0.627,0.0068,0.3662
SPADES SIX DIAMONDS FOUR,0.6416,0.0066,0.3518
SPADES SEVEN DIAMONDS FOUR,0.663,0.0068,0.3302
SPADES EIGHT DIAMONDS FOUR,0.67,0.0086,0.3214
SPADES NINE DIAMONDS FOUR,0.743,0.039,0.218
CLUBS FIVE DIAMONDS FOUR,0.6188,0.009,0.3722
CLUBS FOUR DIAMONDS FOUR,0.4674,0.0106,0.522
CLUBS SEVEN DIAMONDS FOUR,0.6422,0.0072,0.3506
CLUBS SIX DIAMONDS FOUR,0.6332,0.0072,0.3596
CLUBS NINE DIAMONDS FOUR,0.7388,0.0384,0.2228
CLUBS EIGHT DIAMONDS FOUR,0.6632,0.0088,0.328
HEARTS SEVEN DIAMONDS FOUR,0.647,0.0064,0.3466
HEARTS SIX DIAMONDS FOUR,0.6394,0.0074,0.3532
DIAMONDS FOUR HEARTS NINE,0.732,0.0396,0.2284
DIAMONDS FOUR HEARTS EIGHT,0.6734,0.008,0.3186
CLUBS THREE DIAMONDS FOUR,0.6258,0.0068,0.3674
CLUBS TWO DIAMONDS FOUR,0.6482,0.0096,0.3422
DIAMONDS TEN DIAMONDS FIVE,0.6108,0.0082,0.381
DIAMONDS JACK DIAMONDS FIVE,0.6116,0.007,0.3814
CLUBS KING DIAMONDS SIX,0.597,0.164,0.239
CLUBS QUEEN DIAMONDS SIX,0.633,0.005,0.362
CLUBS ACE DIAMONDS SIX,0.4004,0.0042,0.5954
SPADES ACE SPADES SEVEN,0.3758,0.0038,0.6204
SPADES QUEEN DIAMONDS FOUR,0.6512,0.0066,0.3422
SPADES QUEEN SPADES SEVEN,0.623,0.006,0.371
CLUBS JACK DIAMONDS SIX,0.646,0.0058,0.3482
SPADES ACE DIAMONDS FOUR,0.408,0.0064,0.5856
CLUBS TEN DIAMONDS SIX,0.642,0.0046,0.3534
CLUBS NINE CLUBS FOUR,0.6868,0.0324,0.2808
CLUBS EIGHT CLUBS FOUR,0.6202,0.0078,0.372
SPADES JACK DIAMONDS FOUR,0.6494,0.0078,0.3428
SPADES TEN DIAMONDS FOUR,0.6416,0.0068,0.3516
CLUBS FIVE CLUBS FOUR,0.5814,0.009,0.4096
CLUBS SEVEN CLUBS FOUR,0.5998,0.0074,0.3928
CLUBS SIX CLUBS FOUR,0.5912,0.007,0.4018
CLUBS SEVEN SPADES EIGHT,0.6272,0.0062,0.3666
CLUBS SEVEN SPADES NINE,0.6886,0.0376,0.2738
CLUBS SEVEN SPADES SIX,0.6246,0.0064,0.369
CLUBS SEVEN SPADES SEVEN,0.444,0.01,0.546
CLUBS SEVEN SPADES FIVE,0.6268,0.0076,0.3656
CLUBS SEVEN SPADES FOUR,0.6344,0.0072,0.3584
CLUBS SEVEN SPADES THREE,0.655,0.0096,0.3354
CLUBS SEVEN SPADES TWO,0.685,0.0084,0.3066
CLUBS NINE CLUBS SEVEN,0.6524,0.0332,0.3144
CLUBS SEVEN CLUBS EIGHT,0.5812,0.0066,0.4122
HEARTS SIX DIAMONDS FIVE,0.623,0.0058,0.3712
HEARTS SEVEN DIAMONDS FIVE,0.6302,0.0082,0.3616
DIAMONDS FIVE HEARTS EIGHT,0.6428,0.0084,0.3488
DIAMONDS FIVE HEARTS NINE,0.7294,0.0332,0.2374
DIAMONDS QUEEN DIAMONDS FIVE,0.5948,0.008,0.3972
HEARTS TWO DIAMONDS FIVE,0.6458,0.0096,0.3446
HEARTS KING HEARTS EIGHT,0.5864,0.1538,0.2598
DIAMONDS KING DIAMONDS FIVE,0.568,0.16,0.272
HEARTS THREE DIAMONDS FIVE,0.6288,0.009,0.3622
HEARTS QUEEN HEARTS EIGHT,0.597,0.0054,0.3976
DIAMONDS ACE DIAMONDS FIVE,0.3888,0.0038,0.6074
HEARTS FOUR DIAMONDS FIVE,0.6302,0.0084,0.3614
HEARTS FIVE DIAMONDS FIVE,0.462,0.0126,0.5254
HEARTS ACE HEARTS EIGHT,0.3808,0.0046,0.6146
CLUBS FOUR DIAMONDS FIVE,0.621,0.0072,0.3718
CLUBS FIVE DIAMONDS FIVE,0.469,0.0086,0.5224
CLUBS SIX DIAMONDS FIVE,0.623,0.0076,0.3694
CLUBS SEVEN DIAMONDS FIVE,0.6278,0.0076,0.3646
CLUBS TWO DIAMONDS FIVE,0.653,0.0078,0.3392
CLUBS THREE DIAMONDS FIVE,0.6418,0.0078,0.3504
SPADES THREE DIAMONDS FIVE,0.6274,0.008,0.3646
SPADES TWO DIAMONDS FIVE,0.6468,0.011,0.3422
SPADES JACK DIAMONDS EIGHT,0.6352,0.0064,0.3584
SPADES FIVE DIAMONDS FIVE,0.4632,0.015,0.5218
CLUBS TEN HEARTS JACK,0.5714,0.006,0.4226
SPADES TEN DIAMONDS EIGHT,0.6248,0.0106,0.3646
SPADES FOUR DIAMONDS FIVE,0.6346,0.0084,0.357
HEARTS JACK CLUBS JACK,0.3042,0.0036,0.6922
HEARTS JACK CLUBS QUEEN,0.5692,0.0062,0.4246
CLUBS NINE DIAMONDS FIVE,0.7146,0.038,0.2474
CLUBS KING HEARTS JACK,0.2322,0.083,0.6848
CLUBS EIGHT DIAMONDS FIVE,0.6432,0.0084,0.3484
CLUBS ACE HEARTS JACK,0.3488,0.0044,0.6468
SPADES SEVEN DIAMONDS FIVE,0.6432,0.009,0.3478
SPADES SIX DIAMONDS FIVE,0.6314,0.0094,0.3592
SPADES QUEEN DIAMONDS EIGHT,0.652,0.0054,0.3426
SPADES NINE DIAMONDS FIVE,0.7228,0.035,0.2422
SPADES EIGHT DIAMONDS FIVE,0.6404,0.0082,0.3514
SPADES ACE DIAMONDS EIGHT,0.4146,0.0052,0.5802
DIAMONDS TEN DIAMONDS SIX,0.5956,0.0086,0.3958
HEARTS ACE DIAMONDS SEVEN,0.3956,0.0046,0.5998
DIAMONDS JACK DIAMONDS SIX,0.6102,0.01,0.3798
HEARTS QUEEN DIAMONDS SEVEN,0.6504,0.007,0.3426
HEARTS KING DIAMONDS SEVEN,0.5946,0.174,0.2314
DIAMONDS ACE DIAMONDS SIX,0.3928,0.0054,0.6018
HEARTS FOUR DIAMONDS SIX,0.6436,0.0074,0.349
SPADES TWO HEARTS JACK,0.6462,0.0074,0.3464
HEARTS FIVE DIAMONDS SIX,0.6156,0.0072,0.3772
SPADES TWO HEARTS TEN,0.6544,0.0078,0.3378
DIAMONDS QUEEN DIAMONDS SIX,0.6082,0.0078,0.384
HEARTS TWO DIAMONDS SIX,0.6616,0.008,0.3304
DIAMONDS KING DIAMONDS SIX,0.581,0.157,0.262
HEARTS THREE DIAMONDS SIX,0.6492,0.0062,0.3446
HEARTS EIGHT DIAMONDS SIX,0.6428,0.0062,0.351
HEARTS NINE DIAMONDS SIX,0.7178,0.0344,0.2478
HEARTS SIX DIAMONDS SIX,0.4522,0.009,0.5388
HEARTS SEVEN DIAMONDS SIX,0.615,0.0104,0.3746
HEARTS TEN DIAMONDS SEVEN,0.619,0.007,0.374
CLUBS TWO DIAMONDS SIX,0.6698,0.0086,0.3216
HEARTS JACK DIAMONDS SEVEN,0.6394,0.0038,0.3568
CLUBS THREE DIAMONDS SIX,0.647,0.01,0.343
CLUBS SEVEN DIAMONDS SIX,0.626,0.0058,0.3682
DIAMONDS EIGHT CLUBS JACK,0.6336,0.0068,0.3596
CLUBS SIX DIAMONDS SIX,0.4512,0.01,0.5388
CLUBS TEN DIAMONDS EIGHT,0.6196,0.0078,0.3726
CLUBS FIVE DIAMONDS SIX,0.6244,0.0086,0.367
CLUBS FOUR DIAMONDS SIX,0.6146,0.0066,0.3788
HEARTS ACE HEARTS JACK,0.3292,0.005,0.6658
DIAMONDS EIGHT CLUBS ACE,0.4126,0.0022,0.5852
HEARTS QUEEN HEARTS JACK,0.5308,0.006,0.4632
DIAMONDS EIGHT CLUBS KING,0.6162,0.1672,0.2166
CLUBS NINE DIAMONDS SIX,0.7128,0.0338,0.2534
HEARTS KING HEARTS JACK,0.2178,0.0808,0.7014
DIAMONDS EIGHT CLUBS QUEEN,0.625,0.0066,0.3684
CLUBS EIGHT DIAMONDS SIX,0.6332,0.0072,0.3596
SPADES TEN HEARTS KING,0.241,0.1152,0.6438
SPADES FIVE DIAMONDS SIX,0.6218,0.0084,0.3698
HEARTS ACE SPADES TWO,0.4028,0.005,0.5922
SPADES JACK HEARTS KING,0.2308,0.0882,0.681
SPADES FOUR DIAMONDS SIX,0.6362,0.009,0.3548
SPADES THREE DIAMONDS SIX,0.663,0.0098,0.3272
HEARTS QUEEN SPADES TWO,0.6518,0.0084,0.3398
SPADES TWO HEARTS KING,0.6094,0.168,0.2226
SPADES TWO DIAMONDS SIX,0.6692,0.006,0.3248
HEARTS TEN HEARTS EIGHT,0.5762,0.0062,0.4176
SPADES NINE DIAMONDS SIX,0.7146,0.0306,0.2548
HEARTS JACK HEARTS EIGHT,0.5708,0.0068,0.4224
SPADES EIGHT DIAMONDS SIX,0.648,0.0088,0.3432
SPADES SEVEN DIAMONDS SIX,0.6394,0.008,0.3526
SPADES SIX DIAMONDS SIX,0.4654,0.0116,0.523
SPADES QUEEN HEARTS KING,0.2404,0.0646,0.695
CLUBS ACE CLUBS KING,0.219,0.014,0.767
SPADES ACE HEARTS KING,0.2174,0.0142,0.7684
SPADES ACE HEARTS JACK,0.3552,0.004,0.6408
SPADES QUEEN HEARTS JACK,0.583,0.0082,0.4088
SPADES TEN DIAMONDS TEN,0.3008,0.0076,0.6916
SPADES JACK DIAMONDS TEN,0.5736,0.0068,0.4196
SPADES ACE DIAMONDS TEN,0.3484,0.005,0.6466
SPADES JACK HEARTS JACK,0.3046,0.0064,0.689
SPADES TEN HEARTS JACK,0.5774,0.006,0.4166
SPADES QUEEN DIAMONDS TEN,0.5848,0.0076,0.4076
SPADES NINE DIAMONDS SEVEN,0.714,0.0314,0.2546
SPADES EIGHT DIAMONDS SEVEN,0.6172,0.008,0.3748
SPADES SEVEN DIAMONDS SEVEN,0.454,0.0094,0.5366
SPADES SIX DIAMONDS SEVEN,0.6214,0.0076,0.371
DIAMONDS KING DIAMONDS SEVEN,0.5924,0.161,0.2466
HEARTS THREE DIAMONDS SEVEN,0.657,0.0076,0.3354
HEARTS KING DIAMONDS FIVE,0.609,0.1576,0.2334
DIAMONDS QUEEN DIAMONDS SEVEN,0.6108,0.0068,0.3824
HEARTS TWO DIAMONDS SEVEN,0.6764,0.009,0.3146
HEARTS QUEEN DIAMONDS FIVE,0.6376,0.0056,0.3568
HEARTS FIVE DIAMONDS SEVEN,0.641,0.0092,0.3498
DIAMONDS ACE DIAMONDS SEVEN,0.377,0.0042,0.6188
HEARTS FOUR DIAMONDS SEVEN,0.65,0.01,0.34
HEARTS ACE DIAMONDS FIVE,0.4042,0.0034,0.5924
HEARTS SEVEN DIAMONDS SEVEN,0.4422,0.0106,0.5472
HEARTS SIX DIAMONDS SEVEN,0.623,0.007,0.37
DIAMONDS SEVEN HEARTS NINE,0.7024,0.027,0.2706
HEARTS EIGHT DIAMONDS SEVEN,0.6264,0.007,0.3666
DIAMONDS JACK DIAMONDS SEVEN,0.6026,0.006,0.3914
DIAMONDS FIVE HEARTS JACK,0.6482,0.0072,0.3446
DIAMONDS TEN DIAMONDS SEVEN,0.5764,0.008,0.4156
HEARTS TEN DIAMONDS FIVE,0.6464,0.0064,0.3472
HEARTS KING CLUBS KING,0.0988,0.014,0.8872
CLUBS EIGHT DIAMONDS SEVEN,0.6324,0.0066,0.361
SPADES QUEEN CLUBS TWO,0.6486,0.0092,0.3422
HEARTS KING CLUBS QUEEN,0.2476,0.062,0.6904
CLUBS NINE DIAMONDS SEVEN,0.7018,0.0346,0.2636
SPADES TWO CLUBS JACK,0.635,0.007,0.358
SPADES ACE CLUBS TWO,0.413,0.005,0.582
CLUBS TEN SPADES TWO,0.6602,0.0076,0.3322
HEARTS KING CLUBS ACE,0.217,0.0114,0.7716
CLUBS SEVEN CLUBS SIX,0.5772,0.0066,0.4162
SPADES TWO CLUBS KING,0.6164,0.1628,0.2208
SPADES TWO DIAMONDS SEVEN,0.6934,0.0058,0.3008
CLUBS EIGHT CLUBS SIX,0.592,0.0074,0.4006
SPADES THREE DIAMONDS SEVEN,0.6616,0.0096,0.3288
SPADES TWO CLUBS QUEEN,0.645,0.0074,0.3476
CLUBS NINE CLUBS SIX,0.672,0.0334,0.2946
SPADES FOUR DIAMONDS SEVEN,0.65,0.008,0.342
HEARTS KING CLUBS JACK,0.2452,0.0796,0.6752
SPADES FIVE DIAMONDS SEVEN,0.6356,0.0074,0.357
SPADES TWO CLUBS ACE,0.4028,0.0042,0.593
CLUBS TEN HEARTS KING,0.2388,0.1132,0.648
CLUBS SIX SPADES TWO,0.6522,0.008,0.3398
CLUBS SIX SPADES THREE,0.6548,0.006,0.3392
CLUBS TWO DIAMONDS SEVEN,0.6688,0.0076,0.3236
CLUBS SIX SPADES FOUR,0.6352,0.0066,0.3582
CLUBS THREE DIAMONDS SEVEN,0.6638,0.0092,0.327
CLUBS SIX SPADES FIVE,0.6218,0.0064,0.3718
CLUBS FOUR DIAMONDS SEVEN,0.6538,0.006,0.3402
CLUBS SIX SPADES SIX,0.4436,0.0092,0.5472
CLUBS FIVE DIAMONDS SEVEN,0.6374,0.005,0.3576
CLUBS SIX SPADES SEVEN,0.6236,0.0102,0.3662
CLUBS SIX DIAMONDS SEVEN,0.6218,0.0054,0.3728
SPADES EIGHT CLUBS SIX,0.6414,0.005,0.3536
SPADES JACK CLUBS TWO,0.6424,0.0064,0.3512
CLUBS SEVEN DIAMONDS SEVEN,0.4402,0.0094,0.5504
SPADES NINE CLUBS SIX,0.7122,0.038,0.2498
SPADES TEN CLUBS TWO,0.6416,0.0064,0.352
CLUBS TWO CLUBS QUEEN,0.606,0.0086,0.3854
CLUBS TWO CLUBS KING,0.5642,0.1588,0.277
CLUBS THREE DIAMONDS EIGHT,0.6774,0.0072,0.3154
CLUBS TWO CLUBS ACE,0.3902,0.004,0.6058
CLUBS TWO DIAMONDS EIGHT,0.6842,0.0078,0.308
HEARTS SEVEN DIAMONDS EIGHT,0.6118,0.0068,0.3814
HEARTS SIX DIAMONDS EIGHT,0.636,0.0074,0.3566
DIAMONDS EIGHT HEARTS NINE,0.7006,0.0348,0.2646
CLUBS TEN CLUBS TWO,0.6022,0.0066,0.3912
DIAMONDS EIGHT HEARTS EIGHT,0.4354,0.0064,0.5582
CLUBS TWO CLUBS JACK,0.5924,0.0064,0.4012
CLUBS NINE DIAMONDS EIGHT,0.711,0.0314,0.2576
CLUBS EIGHT DIAMONDS EIGHT,0.4596,0.0082,0.5322
CLUBS FIVE DIAMONDS EIGHT,0.6456,0.0056,0.3488
SPADES ACE SPADES THREE,0.3844,0.0032,0.6124
CLUBS FOUR DIAMONDS EIGHT,0.6676,0.0056,0.3268
CLUBS SEVEN DIAMONDS EIGHT,0.6276,0.0072,0.3652
SPADES QUEEN SPADES THREE,0.6216,0.0052,0.3732
CLUBS SIX DIAMONDS EIGHT,0.6324,0.0066,0.361
DIAMONDS EIGHT DIAMONDS QUEEN,0.5982,0.0082,0.3936
HEARTS TWO DIAMONDS EIGHT,0.6776,0.0076,0.3148
DIAMONDS KING DIAMONDS EIGHT,0.5854,0.159,0.2556
HEARTS THREE DIAMONDS EIGHT,0.6872,0.0116,0.3012
DIAMONDS ACE DIAMONDS EIGHT,0.3804,0.005,0.6146
HEARTS FOUR DIAMONDS EIGHT,0.6664,0.0074,0.3262
HEARTS FIVE DIAMONDS EIGHT,0.6472,0.0068,0.346
DIAMONDS TEN DIAMONDS EIGHT,0.5652,0.0088,0.426
DIAMONDS EIGHT DIAMONDS JACK,0.595,0.0084,0.3966
SPADES JACK SPADES THREE,0.6128,0.0078,0.3794
SPADES TEN SPADES THREE,0.6138,0.0102,0.376
CLUBS FOUR HEARTS ACE,0.4066,0.0034,0.59
CLUBS FOUR HEARTS QUEEN,0.6292,0.0056,0.3652
CLUBS FOUR HEARTS KING,0.6056,0.1768,0.2176
CLUBS SIX HEARTS TEN,0.6388,0.0064,0.3548
CLUBS SIX HEARTS JACK,0.6458,0.0078,0.3464
SPADES FOUR DIAMONDS EIGHT,0.6678,0.0084,0.3238
SPADES FIVE DIAMONDS EIGHT,0.6618,0.0082,0.33
DIAMONDS EIGHT SPADES TWO,0.6894,0.0076,0.303
DIAMONDS EIGHT SPADES THREE,0.6798,0.01,0.3102
CLUBS FOUR HEARTS JACK,0.6408,0.0066,0.3526
SPADES EIGHT DIAMONDS EIGHT,0.4458,0.0088,0.5454
SPADES JACK HEARTS EIGHT,0.6128,0.0074,0.3798
SPADES TEN HEARTS TWO,0.6426,0.0086,0.3488
SPADES TEN DIAMONDS QUEEN,0.586,0.0066,0.4074
CLUBS FOUR HEARTS TEN,0.6328,0.0056,0.3616
SPADES NINE DIAMONDS EIGHT,0.7004,0.0354,0.2642
SPADES JACK HEARTS TWO,0.6346,0.0078,0.3576
SPADES JACK DIAMONDS QUEEN,0.5854,0.0074,0.4072
SPADES TEN HEARTS EIGHT,0.6096,0.0058,0.3846
SPADES SIX DIAMONDS EIGHT,0.6416,0.007,0.3514
SPADES SEVEN DIAMONDS EIGHT,0.6214,0.0072,0.3714
SPADES ACE HEARTS TWO,0.405,0.006,0.589
SPADES ACE DIAMONDS QUEEN,0.3558,0.0064,0.6378
SPADES ACE HEARTS EIGHT,0.4102,0.005,0.5848
SPADES QUEEN DIAMONDS QUEEN,0.2796,0.004,0.7164
SPADES QUEEN HEARTS TWO,0.6566,0.0082,0.3352
SPADES QUEEN HEARTS EIGHT,0.6258,0.0064,0.3678
CLUBS TWO HEARTS TEN,0.6352,0.0058,0.359
CLUBS TWO HEARTS JACK,0.6304,0.0082,0.3614
SPADES TEN CLUBS KING,0.2222,0.1206,0.6572
SPADES JACK CLUBS KING,0.2362,0.0852,0.6786
SPADES JACK CLUBS FOUR,0.66,0.005,0.335
SPADES TEN CLUBS FOUR,0.651,0.007,0.342
CLUBS NINE CLUBS EIGHT,0.6592,0.0322,0.3086
HEARTS ACE CLUBS TWO,0.4082,0.0044,0.5874
SPADES ACE CLUBS FOUR,0.4058,0.0042,0.59
CLUBS TWO HEARTS KING,0.6154,0.166,0.2186
CLUBS TWO HEARTS QUEEN,0.6464,0.005,0.3486
SPADES QUEEN CLUBS FOUR,0.646,0.0078,0.3462
CLUBS EIGHT SPADES NINE,0.6928,0.0346,0.2726
CLUBS EIGHT SPADES EIGHT,0.4512,0.0092,0.5396
CLUBS EIGHT SPADES SEVEN,0.6352,0.0064,0.3584
CLUBS EIGHT SPADES SIX,0.6312,0.0056,0.3632
CLUBS EIGHT SPADES FIVE,0.6586,0.0074,0.334
CLUBS EIGHT SPADES FOUR,0.6588,0.0068,0.3344
CLUBS EIGHT SPADES THREE,0.6744,0.0066,0.319
CLUBS EIGHT SPADES TWO,0.6718,0.009,0.3192
HEARTS SIX DIAMONDS TEN,0.6226,0.0052,0.3722
HEARTS SEVEN DIAMONDS TEN,0.609,0.0086,0.3824
DIAMONDS TEN HEARTS EIGHT,0.6054,0.0078,0.3868
CLUBS FOUR CLUBS JACK,0.59,0.0076,0.4024
DIAMONDS TEN HEARTS NINE,0.683,0.0286,0.2884
CLUBS TEN CLUBS FOUR,0.6054,0.0044,0.3902
CLUBS FOUR CLUBS KING,0.566,0.1604,0.2736
CLUBS FOUR CLUBS QUEEN,0.5892,0.0064,0.4044
DIAMONDS TEN CLUBS TWO,0.6378,0.0084,0.3538
CLUBS THREE DIAMONDS TEN,0.645,0.0076,0.3474
CLUBS FOUR CLUBS ACE,0.3838,0.0036,0.6126
DIAMONDS TEN DIAMONDS JACK,0.54,0.0062,0.4538
DIAMONDS TEN DIAMONDS QUEEN,0.5404,0.0056,0.454
HEARTS TWO DIAMONDS TEN,0.6352,0.0072,0.3576
DIAMONDS KING DIAMONDS TEN,0.218,0.114,0.668
HEARTS THREE DIAMONDS TEN,0.6258,0.0072,0.367
DIAMONDS ACE DIAMONDS TEN,0.3384,0.0062,0.6554
HEARTS FOUR DIAMONDS TEN,0.637,0.0084,0.3546
CLUBS EIGHT HEARTS JACK,0.6152,0.0066,0.3782
HEARTS FIVE DIAMONDS TEN,0.6408,0.0068,0.3524
CLUBS EIGHT HEARTS TEN,0.6174,0.0062,0.3764
CLUBS EIGHT HEARTS QUEEN,0.6244,0.0082,0.3674
CLUBS EIGHT HEARTS KING,0.5976,0.1698,0.2326
CLUBS EIGHT HEARTS ACE,0.4018,0.0022,0.596
CLUBS NINE SPADES THREE,0.7356,0.0388,0.2256
CLUBS NINE SPADES TWO,0.7432,0.033,0.2238
CLUBS NINE SPADES FIVE,0.7276,0.037,0.2354
CLUBS NINE SPADES FOUR,0.7452,0.0336,0.2212
CLUBS NINE SPADES SEVEN,0.6948,0.0312,0.274
CLUBS NINE SPADES SIX,0.7086,0.0358,0.2556
CLUBS NINE SPADES NINE,0.3142,0.0216,0.6642
CLUBS TEN HEARTS EIGHT,0.622,0.0068,0.3712
CLUBS NINE SPADES EIGHT,0.7034,0.0334,0.2632
HEARTS EIGHT CLUBS JACK,0.6274,0.0068,0.3658
CLUBS QUEEN HEARTS EIGHT,0.6354,0.005,0.3596
CLUBS KING HEARTS EIGHT,0.6046,0.1626,0.2328
CLUBS ACE HEARTS EIGHT,0.4044,0.002,0.5936
SPADES QUEEN CLUBS KING,0.247,0.0652,0.6878
SPADES ACE CLUBS KING,0.2208,0.0142,0.765
DIAMONDS ACE HEARTS TEN,0.3482,0.0042,0.6476
HEARTS FOUR HEARTS TEN,0.6022,0.0082,0.3896
DIAMONDS ACE HEARTS JACK,0.349,0.0042,0.6468
HEARTS FOUR HEARTS JACK,0.6052,0.006,0.3888
SPADES QUEEN CLUBS FIVE,0.6276,0.0062,0.3662
SPADES ACE CLUBS FIVE,0.3942,0.004,0.6018
HEARTS SEVEN DIAMONDS JACK,0.6278,0.0068,0.3654
HEARTS SIX DIAMONDS JACK,0.6362,0.0072,0.3566
DIAMONDS JACK HEARTS NINE,0.7044,0.0322,0.2634
DIAMONDS JACK HEARTS EIGHT,0.6182,0.0094,0.3724
DIAMONDS KING DIAMONDS JACK,0.2272,0.0824,0.6904
HEARTS THREE DIAMONDS JACK,0.6348,0.008,0.3572
SPADES ACE SPADES SIX,0.3816,0.0048,0.6136
HEARTS ACE SPADES FOUR,0.4066,0.0058,0.5876
DIAMONDS QUEEN DIAMONDS JACK,0.5438,0.0066,0.4496
HEARTS TWO DIAMONDS JACK,0.6478,0.0086,0.3436
HEARTS FIVE DIAMONDS JACK,0.6244,0.0076,0.368
SPADES QUEEN SPADES SIX,0.6066,0.0076,0.3858
SPADES FOUR HEARTS QUEEN,0.6436,0.0094,0.347
DIAMONDS ACE DIAMONDS JACK,0.3376,0.0058,0.6566
HEARTS FOUR DIAMONDS JACK,0.6502,0.0082,0.3416
SPADES FOUR HEARTS KING,0.6098,0.1668,0.2234
SPADES TEN SPADES SIX,0.6168,0.0062,0.377
SPADES JACK SPADES SIX,0.6156,0.0072,0.3772
SPADES FOUR DIAMONDS JACK,0.6408,0.0072,0.352
SPADES FIVE DIAMONDS JACK,0.6424,0.005,0.3526
SPADES TWO DIAMONDS JACK,0.643,0.0074,0.3496
SPADES THREE DIAMONDS JACK,0.6462,0.0086,0.3452
SPADES ACE DIAMONDS THREE,0.3996,0.0066,0.5938
SPADES QUEEN DIAMONDS THREE,0.6456,0.007,0.3474
CLUBS EIGHT DIAMONDS JACK,0.6158,0.0078,0.3764
CLUBS NINE DIAMONDS JACK,0.697,0.0324,0.2706
CLUBS SIX DIAMONDS JACK,0.6442,0.0088,0.347
CLUBS SEVEN DIAMONDS JACK,0.6286,0.0048,0.3666
CLUBS FOUR DIAMONDS JACK,0.6396,0.0082,0.3522
CLUBS FIVE DIAMONDS JACK,0.6288,0.0076,0.3636
CLUBS TWO DIAMONDS JACK,0.6436,0.0094,0.347
CLUBS THREE DIAMONDS JACK,0.6356,0.0072,0.3572
SPADES JACK HEARTS SIX,0.6516,0.0064,0.342
SPADES TEN CLUBS FIVE,0.6326,0.0084,0.359
SPADES JACK CLUBS FIVE,0.6422,0.0086,0.3492
SPADES TEN HEARTS SIX,0.6356,0.0086,0.3558
SPADES JACK DIAMONDS THREE,0.6514,0.0092,0.3394
CLUBS SEVEN CLUBS ACE,0.379,0.004,0.617
SPADES TEN DIAMONDS THREE,0.6438,0.0104,0.3458
CLUBS SEVEN CLUBS QUEEN,0.603,0.0068,0.3902
CLUBS SEVEN CLUBS KING,0.5688,0.159,0.2722
SPADES NINE DIAMONDS JACK,0.7054,0.0346,0.26
CLUBS TEN CLUBS SEVEN,0.5816,0.0046,0.4138
DIAMONDS ACE HEARTS ACE,0.1298,0.0038,0.8664
HEARTS FOUR HEARTS ACE,0.3846,0.0038,0.6116
SPADES EIGHT DIAMONDS JACK,0.6244,0.0076,0.368
SPADES ACE HEARTS SIX,0.4044,0.003,0.5926
CLUBS SEVEN CLUBS JACK,0.5948,0.007,0.3982
DIAMONDS ACE HEARTS KING,0.2196,0.0138,0.7666
HEARTS FOUR HEARTS KING,0.5658,0.1528,0.2814
SPADES SEVEN DIAMONDS JACK,0.6402,0.0066,0.3532
DIAMONDS ACE HEARTS QUEEN,0.3604,0.0044,0.6352
HEARTS FOUR HEARTS QUEEN,0.589,0.006,0.405
SPADES SIX DIAMONDS JACK,0.6482,0.0062,0.3456
SPADES QUEEN HEARTS SIX,0.6408,0.0046,0.3546
DIAMONDS TEN SPADES TWO,0.6534,0.0084,0.3382
DIAMONDS TEN SPADES THREE,0.6394,0.0062,0.3544
DIAMONDS TEN SPADES FOUR,0.646,0.0054,0.3486
SPADES FIVE DIAMONDS TEN,0.6332,0.0092,0.3576
SPADES SIX DIAMONDS TEN,0.6298,0.0074,0.3628
SPADES SEVEN DIAMONDS TEN,0.6244,0.0062,0.3694
SPADES EIGHT DIAMONDS TEN,0.6082,0.007,0.3848
SPADES NINE DIAMONDS TEN,0.6868,0.0282,0.285
CLUBS FOUR DIAMONDS TEN,0.6428,0.0078,0.3494
CLUBS FIVE DIAMONDS TEN,0.6402,0.0082,0.3516
CLUBS SIX DIAMONDS TEN,0.6304,0.006,0.3636
CLUBS SEVEN DIAMONDS TEN,0.614,0.0056,0.3804
CLUBS EIGHT DIAMONDS TEN,0.6126,0.0052,0.3822
CLUBS NINE DIAMONDS TEN,0.694,0.0244,0.2816
DIAMONDS THREE CLUBS JACK,0.642,0.0064,0.3516
CLUBS TEN DIAMONDS THREE,0.6456,0.005,0.3494
DIAMONDS THREE CLUBS KING,0.598,0.1642,0.2378
DIAMONDS THREE CLUBS QUEEN,0.6462,0.0066,0.3472
DIAMONDS THREE CLUBS ACE,0.4108,0.003,0.5862
SPADES FOUR HEARTS JACK,0.6298,0.0062,0.364
SPADES FOUR HEARTS TEN,0.647,0.0072,0.3458
SPADES FIVE SPADES TWO,0.6094,0.0062,0.3844
SPADES FOUR SPADES TWO,0.6188,0.0092,0.372
SPADES THREE SPADES TWO,0.6326,0.0112,0.3562
SPADES NINE SPADES TWO,0.7022,0.0368,0.261
SPADES EIGHT SPADES TWO,0.6494,0.0068,0.3438
SPADES SEVEN SPADES TWO,0.651,0.007,0.342
SPADES SIX SPADES TWO,0.6196,0.009,0.3714
CLUBS THREE DIAMONDS QUEEN,0.6446,0.0074,0.348
CLUBS THREE HEARTS TWO,0.65,0.009,0.341
CLUBS TWO DIAMONDS QUEEN,0.6356,0.0064,0.358
HEARTS TWO CLUBS TWO,0.4694,0.011,0.5196
HEARTS SEVEN DIAMONDS QUEEN,0.6422,0.0076,0.3502
HEARTS SEVEN HEARTS TWO,0.6272,0.0066,0.3662
HEARTS SIX DIAMONDS QUEEN,0.6326,0.0066,0.3608
HEARTS SIX HEARTS TWO,0.61,0.0084,0.3816
DIAMONDS QUEEN HEARTS NINE,0.7182,0.0308,0.251
HEARTS TWO HEARTS NINE,0.6884,0.033,0.2786
DIAMONDS QUEEN HEARTS EIGHT,0.6392,0.0064,0.3544
HEARTS TWO HEARTS EIGHT,0.6298,0.0074,0.3628
CLUBS NINE HEARTS TWO,0.7482,0.0322,0.2196
CLUBS NINE DIAMONDS QUEEN,0.7106,0.0292,0.2602
CLUBS EIGHT HEARTS TWO,0.664,0.0086,0.3274
CLUBS EIGHT DIAMONDS QUEEN,0.607,0.0052,0.3878
CLUBS FIVE DIAMONDS QUEEN,0.634,0.0078,0.3582
CLUBS FIVE HEARTS TWO,0.6398,0.0074,0.3528
SPADES EIGHT HEARTS ACE,0.4078,0.0054,0.5868
CLUBS FOUR DIAMONDS QUEEN,0.6336,0.0092,0.3572
CLUBS FOUR HEARTS TWO,0.6514,0.0086,0.34
CLUBS SEVEN DIAMONDS QUEEN,0.6484,0.0052,0.3464
CLUBS SEVEN HEARTS TWO,0.6624,0.0068,0.3308
SPADES EIGHT HEARTS QUEEN,0.6412,0.0074,0.3514
CLUBS SIX DIAMONDS QUEEN,0.6228,0.0058,0.3714
CLUBS SIX HEARTS TWO,0.6666,0.0054,0.328
SPADES EIGHT HEARTS KING,0.6048,0.1772,0.218
SPADES SIX DIAMONDS QUEEN,0.6276,0.0064,0.366
SPADES SIX HEARTS TWO,0.6648,0.01,0.3252
HEARTS FOUR CLUBS QUEEN,0.6332,0.0068,0.36
DIAMONDS ACE CLUBS QUEEN,0.3552,0.0046,0.6402
SPADES SEVEN DIAMONDS QUEEN,0.6488,0.008,0.3432
SPADES SEVEN HEARTS TWO,0.6764,0.006,0.3176
HEARTS FOUR CLUBS KING,0.598,0.16,0.242
DIAMONDS ACE CLUBS KING,0.2294,0.0108,0.7598
SPADES EIGHT DIAMONDS QUEEN,0.6364,0.0076,0.356
SPADES EIGHT HEARTS TWO,0.676,0.0074,0.3166
HEARTS FOUR CLUBS ACE,0.407,0.0034,0.5896
DIAMONDS ACE CLUBS ACE,0.131,0.0026,0.8664
SPADES NINE DIAMONDS QUEEN,0.7178,0.0294,0.2528
SPADES NINE HEARTS TWO,0.7424,0.0362,0.2214
HEARTS TWO SPADES TWO,0.4662,0.0142,0.5196
DIAMONDS QUEEN SPADES TWO,0.653,0.0068,0.3402
HEARTS TWO SPADES THREE,0.6552,0.0092,0.3356
SPADES THREE DIAMONDS QUEEN,0.6448,0.0056,0.3496
HEARTS TWO SPADES FOUR,0.6438,0.0066,0.3496
SPADES FOUR DIAMONDS QUEEN,0.6374,0.0072,0.3554
CLUBS TEN HEARTS FOUR,0.6358,0.0062,0.358
CLUBS TEN DIAMONDS ACE,0.3464,0.0026,0.651
HEARTS TWO SPADES FIVE,0.6558,0.0098,0.3344
SPADES FIVE DIAMONDS QUEEN,0.6338,0.0074,0.3588
HEARTS FOUR CLUBS JACK,0.6512,0.0066,0.3422
DIAMONDS ACE CLUBS JACK,0.3614,0.0036,0.635
CLUBS FIVE CLUBS KING,0.5648,0.1588,0.2764
CLUBS FIVE CLUBS QUEEN,0.5914,0.005,0.4036
CLUBS FIVE CLUBS ACE,0.3614,0.0028,0.6358
CLUBS FIVE CLUBS JACK,0.5964,0.0056,0.398
CLUBS TEN CLUBS FIVE,0.5944,0.0076,0.398
SPADES QUEEN CLUBS JACK,0.584,0.0076,0.4084
SPADES ACE CLUBS JACK,0.3484,0.0042,0.6474
SPADES SIX CLUBS KING,0.597,0.1654,0.2376
SPADES SIX CLUBS QUEEN,0.64,0.0084,0.3516
SPADES EIGHT HEARTS JACK,0.633,0.009,0.358
SPADES SIX CLUBS ACE,0.401,0.0042,0.5948
SPADES EIGHT HEARTS TEN,0.6136,0.008,0.3784
SPADES SIX CLUBS JACK,0.642,0.006,0.352
CLUBS TEN SPADES SIX,0.6342,0.008,0.3578
SPADES TEN CLUBS JACK,0.5668,0.0072,0.426
SPADES JACK CLUBS JACK,0.3064,0.0046,0.689
SPADES QUEEN CLUBS SEVEN,0.6472,0.0072,0.3456
SPADES ACE CLUBS SEVEN,0.3914,0.0026,0.606
SPADES SIX HEARTS TEN,0.6368,0.0056,0.3576
SPADES SIX HEARTS JACK,0.6356,0.0072,0.3572
SPADES SIX HEARTS ACE,0.4126,0.0042,0.5832
SPADES SIX HEARTS KING,0.6022,0.16,0.2378
SPADES SIX HEARTS QUEEN,0.6492,0.007,0.3438
SPADES JACK CLUBS SEVEN,0.6364,0.0074,0.3562
CLUBS SEVEN SPADES TEN,0.6222,0.0044,0.3734
CLUBS TEN HEARTS SIX,0.6204,0.0046,0.375
HEARTS SIX CLUBS JACK,0.6538,0.006,0.3402
CLUBS ACE CLUBS JACK,0.3226,0.005,0.6724
HEARTS SIX CLUBS QUEEN,0.646,0.004,0.35
HEARTS SIX CLUBS KING,0.6006,0.1638,0.2356
HEARTS SIX CLUBS ACE,0.404,0.0032,0.5928
CLUBS QUEEN CLUBS JACK,0.5344,0.006,0.4596
CLUBS KING CLUBS JACK,0.225,0.0712,0.7038
DIAMONDS THREE HEARTS ACE,0.4192,0.0026,0.5782
DIAMONDS THREE HEARTS QUEEN,0.6388,0.0096,0.3516
DIAMONDS THREE HEARTS KING,0.6162,0.1646,0.2192
CLUBS FIVE HEARTS JACK,0.6364,0.0044,0.3592
HEARTS FOUR SPADES TEN,0.6394,0.0064,0.3542
SPADES TEN DIAMONDS ACE,0.359,0.0044,0.6366
CLUBS FIVE HEARTS TEN,0.6378,0.0084,0.3538
HEARTS FOUR SPADES JACK,0.6498,0.0064,0.3438
SPADES JACK DIAMONDS ACE,0.3438,0.0062,0.65
SPADES ACE HEARTS FOUR,0.403,0.0066,0.5904
SPADES ACE DIAMONDS ACE,0.1248,0.0052,0.87
CLUBS FIVE HEARTS ACE,0.4084,0.0044,0.5872
CLUBS FIVE HEARTS KING,0.596,0.1636,0.2404
SPADES QUEEN DIAMONDS ACE,0.3564,0.0058,0.6378
SPADES QUEEN HEARTS FOUR,0.647,0.007,0.346
SPADES FOUR CLUBS JACK,0.6302,0.007,0.3628
CLUBS FIVE HEARTS QUEEN,0.6446,0.007,0.3484
CLUBS TEN SPADES FOUR,0.635,0.0082,0.3568
DIAMONDS ACE DIAMONDS QUEEN,0.342,0.0042,0.6538
DIAMONDS ACE HEARTS TWO,0.398,0.0066,0.5954
HEARTS FOUR DIAMONDS QUEEN,0.6372,0.0078,0.355
HEARTS FOUR HEARTS TWO,0.6172,0.0068,0.376
DIAMONDS THREE HEARTS TEN,0.6446,0.0066,0.3488
SPADES FOUR CLUBS KING,0.6014,0.1662,0.2324
HEARTS FIVE DIAMONDS QUEEN,0.6276,0.0094,0.363
HEARTS FIVE HEARTS TWO,0.605,0.0066,0.3884
DIAMONDS THREE HEARTS JACK,0.6424,0.0062,0.3514
SPADES FOUR CLUBS QUEEN,0.6366,0.0072,0.3562
HEARTS TWO DIAMONDS QUEEN,0.6408,0.0058,0.3534
DIAMONDS KING DIAMONDS QUEEN,0.229,0.0682,0.7028
DIAMONDS KING HEARTS TWO,0.6076,0.1722,0.2202
HEARTS THREE DIAMONDS QUEEN,0.6404,0.0052,0.3544
HEARTS THREE HEARTS TWO,0.6024,0.0096,0.388
SPADES FOUR CLUBS ACE,0.4094,0.0054,0.5852
HEARTS TWO CLUBS ACE,0.3992,0.007,0.5938
DIAMONDS QUEEN CLUBS ACE,0.3472,0.0032,0.6496
HEARTS TWO CLUBS QUEEN,0.6362,0.0046,0.3592
DIAMONDS QUEEN CLUBS QUEEN,0.2848,0.0056,0.7096
HEARTS TWO CLUBS KING,0.6034,0.1638,0.2328
DIAMONDS QUEEN CLUBS KING,0.2406,0.062,0.6974
SPADES EIGHT SPADES FIVE,0.6142,0.0082,0.3776
CLUBS TEN HEARTS TWO,0.6512,0.0064,0.3424
CLUBS TEN DIAMONDS QUEEN,0.5702,0.009,0.4208
SPADES NINE SPADES FIVE,0.6798,0.0412,0.279
HEARTS TWO CLUBS JACK,0.6566,0.0072,0.3362
DIAMONDS QUEEN CLUBS JACK,0.5852,0.0088,0.406
SPADES SIX SPADES FIVE,0.5908,0.0084,0.4008
SPADES SEVEN SPADES FIVE,0.597,0.0078,0.3952
DIAMONDS FIVE CLUBS QUEEN,0.6444,0.0058,0.3498
SPADES EIGHT CLUBS ACE,0.412,0.0034,0.5846
DIAMONDS FIVE CLUBS KING,0.6016,0.169,0.2294
SPADES EIGHT CLUBS KING,0.6236,0.1644,0.212
CLUBS ACE DIAMONDS FIVE,0.4054,0.0032,0.5914
SPADES EIGHT CLUBS QUEEN,0.639,0.009,0.352
SPADES EIGHT CLUBS JACK,0.6292,0.0068,0.364
CLUBS TEN SPADES EIGHT,0.6172,0.007,0.3758
CLUBS TEN DIAMONDS FIVE,0.646,0.0056,0.3484
DIAMONDS FIVE CLUBS JACK,0.6478,0.0056,0.3466
DIAMONDS TEN HEARTS JACK,0.5578,0.0062,0.436
DIAMONDS TEN HEARTS TEN,0.298,0.0076,0.6944
SPADES ACE CLUBS NINE,0.2498,0.0202,0.73
CLUBS NINE SPADES QUEEN,0.7278,0.0282,0.244
HEARTS SIX HEARTS KING,0.5576,0.1548,0.2876
DIAMONDS KING SPADES SEVEN,0.6046,0.1576,0.2378
SPADES SEVEN HEARTS THREE,0.6728,0.0084,0.3188
HEARTS SIX HEARTS QUEEN,0.5904,0.0062,0.4034
DIAMONDS KING SPADES SIX,0.601,0.1738,0.2252
HEARTS THREE SPADES SIX,0.6596,0.006,0.3344
SPADES QUEEN DIAMONDS SEVEN,0.6502,0.007,0.3428
SPADES NINE DIAMONDS KING,0.0048,0.987,0.0082
SPADES NINE HEARTS THREE,0.7376,0.038,0.2244
HEARTS SIX HEARTS ACE,0.3774,0.0036,0.619
SPADES EIGHT DIAMONDS KING,0.6172,0.1604,0.2224
SPADES EIGHT HEARTS THREE,0.6754,0.0084,0.3162
SPADES ACE DIAMONDS SEVEN,0.4016,0.0052,0.5932
CLUBS NINE HEARTS THREE,0.722,0.0362,0.2418
CLUBS NINE DIAMONDS KING,0.013,0.9644,0.0226
CLUBS EIGHT HEARTS THREE,0.6622,0.0098,0.328
CLUBS EIGHT DIAMONDS KING,0.6146,0.1658,0.2196
HEARTS THREE SPADES THREE,0.4678,0.0138,0.5184
DIAMONDS KING SPADES THREE,0.605,0.168,0.227
HEARTS THREE SPADES TWO,0.6576,0.0054,0.337
DIAMONDS KING SPADES TWO,0.6104,0.1636,0.226
HEARTS THREE SPADES FIVE,0.6348,0.0076,0.3576
DIAMONDS KING SPADES FIVE,0.5996,0.165,0.2354
HEARTS THREE SPADES FOUR,0.6316,0.0092,0.3592
DIAMONDS KING SPADES FOUR,0.6034,0.1764,0.2202
