opposingHand,winningChance,drawChance,lostChance
SPADES TEN CLUBS SEVEN
SPADES JACK HEARTS FIVE,0.4026,0.016,0.5814
SPADES FIVE CLUBS JACK,0.4214,0.0194,0.5592
CLUBS TEN SPADES FIVE,0.4758,0.3018,0.2224
CLUBS EIGHT CLUBS JACK,0.342,0.0122,0.6458
CLUBS TEN CLUBS EIGHT,0.1984,0.224,0.5776
CLUBS EIGHT CLUBS KING,0.3628,0.0058,0.6314
SPADES FIVE CLUBS ACE,0.4066,0.0054,0.588
CLUBS EIGHT CLUBS QUEEN,0.3482,0.0086,0.6432
SPADES FIVE CLUBS KING,0.421,0.0084,0.5706
SPADES FIVE CLUBS QUEEN,0.4074,0.0106,0.582
CLUBS EIGHT CLUBS ACE,0.3578,0.0054,0.6368
DIAMONDS TWO DIAMONDS THREE,0.5994,0.029,0.3716
DIAMONDS TWO DIAMONDS FIVE,0.5954,0.0242,0.3804
SPADES KING HEARTS FIVE,0.4098,0.0074,0.5828
DIAMONDS TWO DIAMONDS FOUR,0.5834,0.0288,0.3878
SPADES QUEEN HEARTS FIVE,0.4058,0.0136,0.5806
DIAMONDS TWO DIAMONDS SEVEN,0.6562,0.0762,0.2676
DIAMONDS TWO DIAMONDS SIX,0.6034,0.0322,0.3644
SPADES ACE HEARTS FIVE,0.4118,0.0042,0.584
DIAMONDS TWO DIAMONDS NINE,0.604,0.0262,0.3698
DIAMONDS TWO DIAMONDS EIGHT,0.594,0.0286,0.3774
DIAMONDS THREE DIAMONDS FOUR,0.5794,0.0268,0.3938
CLUBS TWO SPADES FOUR,0.6302,0.0274,0.3424
DIAMONDS THREE DIAMONDS FIVE,0.5634,0.028,0.4086
CLUBS TWO SPADES FIVE,0.6356,0.0292,0.3352
CLUBS TWO SPADES TWO,0.4396,0.0588,0.5016
CLUBS TWO SPADES THREE,0.645,0.0284,0.3266
DIAMONDS THREE DIAMONDS EIGHT,0.6118,0.0232,0.365
SPADES EIGHT CLUBS TWO,0.657,0.024,0.319
DIAMONDS THREE DIAMONDS NINE,0.5924,0.0278,0.3798
SPADES NINE CLUBS TWO,0.6454,0.0248,0.3298
DIAMONDS THREE DIAMONDS SIX,0.6088,0.0276,0.3636
CLUBS TWO SPADES SIX,0.6566,0.028,0.3154
DIAMONDS THREE DIAMONDS SEVEN,0.6382,0.0816,0.2802
SPADES SEVEN CLUBS TWO,0.7156,0.0856,0.1988
CLUBS SIX CLUBS TWO,0.6224,0.0284,0.3492
CLUBS FOUR CLUBS TWO,0.6044,0.0256,0.37
CLUBS FIVE CLUBS TWO,0.6048,0.0276,0.3676
CLUBS TEN CLUBS JACK,0.2284,0.0526,0.719
DIAMONDS FOUR DIAMONDS SIX,0.5786,0.0278,0.3936
CLUBS TEN CLUBS QUEEN,0.228,0.0446,0.7274
DIAMONDS FOUR DIAMONDS SEVEN,0.6246,0.0782,0.2972
CLUBS TEN CLUBS KING,0.2542,0.036,0.7098
CLUBS TEN CLUBS ACE,0.2448,0.0244,0.7308
CLUBS EIGHT CLUBS TWO,0.6072,0.0284,0.3644
DIAMONDS FIVE DIAMONDS FOUR,0.5716,0.0294,0.399
CLUBS NINE CLUBS TWO,0.5964,0.0254,0.3782
DIAMONDS NINE DIAMONDS FOUR,0.6014,0.025,0.3736
DIAMONDS EIGHT DIAMONDS FOUR,0.5794,0.0272,0.3934
CLUBS TWO CLUBS THREE,0.6048,0.0272,0.368
DIAMONDS NINE DIAMONDS FIVE,0.5948,0.0262,0.379
DIAMONDS TWO CLUBS JACK,0.4262,0.0186,0.5552
DIAMONDS EIGHT DIAMONDS FIVE,0.5708,0.024,0.4052
CLUBS TEN DIAMONDS TWO,0.478,0.3008,0.2212
DIAMONDS FIVE DIAMONDS SEVEN,0.6212,0.0788,0.3
DIAMONDS FIVE DIAMONDS SIX,0.5684,0.0278,0.4038
DIAMONDS TWO CLUBS ACE,0.4198,0.0058,0.5744
DIAMONDS TWO CLUBS KING,0.4116,0.0076,0.5808
DIAMONDS TWO CLUBS QUEEN,0.425,0.0096,0.5654
DIAMONDS EIGHT DIAMONDS SIX,0.5564,0.0202,0.4234
DIAMONDS NINE DIAMONDS SIX,0.563,0.0204,0.4166
HEARTS ACE SPADES THREE,0.4218,0.0042,0.574
HEARTS KING SPADES THREE,0.4278,0.0066,0.5656
DIAMONDS SEVEN DIAMONDS SIX,0.6036,0.0786,0.3178
SPADES THREE HEARTS QUEEN,0.425,0.011,0.564
SPADES THREE HEARTS JACK,0.4188,0.0176,0.5636
SPADES THREE HEARTS TEN,0.4946,0.291,0.2144
DIAMONDS EIGHT DIAMONDS SEVEN,0.6236,0.0684,0.308
DIAMONDS NINE DIAMONDS SEVEN,0.631,0.0766,0.2924
DIAMONDS NINE DIAMONDS EIGHT,0.5222,0.0238,0.454
DIAMONDS KING HEARTS TEN,0.26,0.0322,0.7078
HEARTS THREE HEARTS TEN,0.4492,0.2748,0.276
CLUBS SIX SPADES JACK,0.418,0.0196,0.5624
DIAMONDS KING HEARTS JACK,0.3416,0.0074,0.651
HEARTS THREE HEARTS JACK,0.404,0.0172,0.5788
SPADES JACK SPADES FIVE,0.3914,0.0166,0.592
DIAMONDS KING HEARTS ACE,0.3598,0.0034,0.6368
HEARTS THREE HEARTS ACE,0.3856,0.0044,0.61
SPADES ACE CLUBS SIX,0.399,0.0052,0.5958
DIAMONDS KING HEARTS QUEEN,0.338,0.0044,0.6576
HEARTS THREE HEARTS QUEEN,0.388,0.0116,0.6004
SPADES KING CLUBS SIX,0.4056,0.0068,0.5876
DIAMONDS KING HEARTS KING,0.1628,0.009,0.8282
HEARTS THREE HEARTS KING,0.3926,0.0068,0.6006
SPADES QUEEN CLUBS SIX,0.404,0.011,0.585
SPADES NINE HEARTS TEN,0.2272,0.1712,0.6016
SPADES NINE HEARTS JACK,0.36,0.016,0.624
SPADES QUEEN SPADES FIVE,0.4044,0.01,0.5856
SPADES KING SPADES FIVE,0.4004,0.0062,0.5934
SPADES ACE SPADES FIVE,0.3966,0.0036,0.5998
SPADES NINE HEARTS QUEEN,0.3584,0.0096,0.632
SPADES NINE HEARTS KING,0.372,0.0076,0.6204
SPADES NINE HEARTS ACE,0.3788,0.0032,0.618
CLUBS TEN SPADES JACK,0.2228,0.0588,0.7184
SPADES ACE CLUBS TEN,0.2428,0.0256,0.7316
SPADES KING CLUBS TEN,0.2414,0.0356,0.723
CLUBS TEN SPADES QUEEN,0.2252,0.0456,0.7292
SPADES FIVE HEARTS QUEEN,0.4236,0.0148,0.5616
SPADES FIVE HEARTS KING,0.4038,0.006,0.5902
SPADES FIVE HEARTS ACE,0.4144,0.0016,0.584
HEARTS THREE SPADES JACK,0.415,0.019,0.566
SPADES JACK DIAMONDS KING,0.3278,0.0066,0.6656
SPADES JACK CLUBS EIGHT,0.3486,0.0208,0.6306
SPADES ACE CLUBS EIGHT,0.359,0.0036,0.6374
HEARTS FIVE CLUBS JACK,0.4156,0.0166,0.5678
CLUBS SIX HEARTS ACE,0.4094,0.0026,0.588
CLUBS TEN HEARTS FIVE,0.4656,0.3054,0.229
SPADES QUEEN CLUBS EIGHT,0.362,0.0118,0.6262
CLUBS TEN SPADES THREE,0.4774,0.3048,0.2178
CLUBS SIX HEARTS QUEEN,0.4124,0.0108,0.5768
SPADES KING CLUBS EIGHT,0.3706,0.0068,0.6226
SPADES THREE CLUBS JACK,0.4194,0.0176,0.563
CLUBS SIX HEARTS KING,0.4198,0.0064,0.5738
DIAMONDS TWO HEARTS JACK,0.4292,0.0142,0.5566
SPADES THREE CLUBS QUEEN,0.4242,0.0112,0.5646
DIAMONDS TWO HEARTS TEN,0.4978,0.279,0.2232
SPADES THREE CLUBS KING,0.426,0.0084,0.5656
HEARTS FIVE CLUBS ACE,0.409,0.0052,0.5858
SPADES FIVE HEARTS TEN,0.4874,0.288,0.2246
SPADES THREE CLUBS ACE,0.4132,0.003,0.5838
HEARTS FIVE CLUBS KING,0.4232,0.0054,0.5714
SPADES FIVE HEARTS JACK,0.422,0.019,0.559
HEARTS FIVE CLUBS QUEEN,0.4082,0.0114,0.5804
HEARTS THREE CLUBS KING,0.4214,0.009,0.5696
DIAMONDS KING CLUBS KING,0.1576,0.012,0.8304
HEARTS THREE CLUBS QUEEN,0.4142,0.0116,0.5742
DIAMONDS KING CLUBS QUEEN,0.3348,0.004,0.6612
HEARTS FIVE HEARTS JACK,0.403,0.0152,0.5818
HEARTS FIVE HEARTS TEN,0.4578,0.284,0.2582
HEARTS THREE CLUBS ACE,0.4208,0.0038,0.5754
DIAMONDS KING CLUBS ACE,0.3568,0.0042,0.639
SPADES ACE CLUBS QUEEN,0.3304,0.0056,0.664
SPADES KING CLUBS QUEEN,0.3256,0.0082,0.6662
HEARTS THREE CLUBS JACK,0.4124,0.0174,0.5702
DIAMONDS KING CLUBS JACK,0.3372,0.0064,0.6564
SPADES QUEEN CLUBS QUEEN,0.1548,0.0162,0.829
CLUBS TEN HEARTS THREE,0.4834,0.2934,0.2232
CLUBS TEN DIAMONDS KING,0.2486,0.0402,0.7112
SPADES JACK CLUBS QUEEN,0.33,0.0108,0.6592
CLUBS SIX CLUBS QUEEN,0.4026,0.0112,0.5862
CLUBS SIX CLUBS KING,0.3838,0.0074,0.6088
CLUBS SIX CLUBS ACE,0.4106,0.0054,0.584
HEARTS FIVE HEARTS KING,0.393,0.0058,0.6012
HEARTS FIVE HEARTS QUEEN,0.3908,0.011,0.5982
CLUBS TEN CLUBS SIX,0.4638,0.2788,0.2574
HEARTS FIVE HEARTS ACE,0.3874,0.0036,0.609
CLUBS SIX CLUBS JACK,0.3952,0.0124,0.5924
SPADES SEVEN HEARTS JACK,0.2406,0.054,0.7054
SPADES SEVEN HEARTS TEN,0.0196,0.972,0.0084
DIAMONDS TWO CLUBS TWO,0.4404,0.0572,0.5024
DIAMONDS TWO CLUBS THREE,0.6322,0.0312,0.3366
HEARTS SIX DIAMONDS TWO,0.6484,0.0278,0.3238
DIAMONDS TWO HEARTS QUEEN,0.4196,0.0116,0.5688
DIAMONDS TWO HEARTS SEVEN,0.6888,0.0844,0.2268
DIAMONDS TWO HEARTS KING,0.43,0.0074,0.5626
DIAMONDS TWO HEARTS EIGHT,0.642,0.029,0.329
DIAMONDS TWO HEARTS ACE,0.4204,0.0042,0.5754
DIAMONDS TWO HEARTS NINE,0.6512,0.0246,0.3242
DIAMONDS TWO DIAMONDS QUEEN,0.3988,0.011,0.5902
DIAMONDS TWO HEARTS TWO,0.43,0.05,0.52
DIAMONDS TWO DIAMONDS KING,0.4076,0.0096,0.5828
HEARTS THREE DIAMONDS TWO,0.6348,0.0284,0.3368
DIAMONDS TWO DIAMONDS ACE,0.386,0.0044,0.6096
HEARTS FOUR DIAMONDS TWO,0.6326,0.0288,0.3386
DIAMONDS TWO HEARTS FIVE,0.6358,0.0316,0.3326
SPADES SEVEN HEARTS ACE,0.268,0.025,0.707
DIAMONDS TWO DIAMONDS TEN,0.4622,0.2746,0.2632
SPADES SEVEN HEARTS KING,0.2578,0.0374,0.7048
DIAMONDS TWO DIAMONDS JACK,0.3986,0.0178,0.5836
SPADES SEVEN HEARTS QUEEN,0.2768,0.0426,0.6806
DIAMONDS TWO SPADES NINE,0.6386,0.0298,0.3316
DIAMONDS TWO SPADES EIGHT,0.641,0.0286,0.3304
DIAMONDS TWO SPADES SEVEN,0.714,0.0824,0.2036
DIAMONDS TWO SPADES SIX,0.6552,0.0302,0.3146
DIAMONDS TWO SPADES FIVE,0.645,0.028,0.327
DIAMONDS TWO SPADES FOUR,0.6304,0.0286,0.341
DIAMONDS TWO SPADES THREE,0.6432,0.0292,0.3276
DIAMONDS TWO SPADES TWO,0.4388,0.0518,0.5094
CLUBS NINE DIAMONDS TWO,0.6276,0.0282,0.3442
DIAMONDS TWO CLUBS EIGHT,0.6298,0.0296,0.3406
CLUBS SIX DIAMONDS TWO,0.6516,0.0298,0.3186
DIAMONDS TWO CLUBS FIVE,0.6306,0.0296,0.3398
DIAMONDS TWO CLUBS FOUR,0.6366,0.0296,0.3338
CLUBS FOUR SPADES FIVE,0.6076,0.0286,0.3638
CLUBS FOUR SPADES FOUR,0.427,0.0564,0.5166
CLUBS FOUR SPADES THREE,0.6306,0.0286,0.3408
CLUBS FOUR SPADES TWO,0.6316,0.0338,0.3346
SPADES NINE CLUBS FOUR,0.648,0.0276,0.3244
CLUBS FOUR SPADES EIGHT,0.6316,0.0276,0.3408
CLUBS FOUR SPADES SEVEN,0.6638,0.0792,0.257
CLUBS FOUR SPADES SIX,0.6362,0.0322,0.3316
SPADES ACE DIAMONDS SIX,0.3976,0.0036,0.5988
SPADES QUEEN DIAMONDS SIX,0.407,0.0128,0.5802
SPADES KING DIAMONDS SIX,0.4096,0.0078,0.5826
SPADES JACK DIAMONDS SIX,0.4132,0.0196,0.5672
SPADES QUEEN SPADES TWO,0.409,0.0124,0.5786
SPADES KING SPADES TWO,0.41,0.0074,0.5826
SPADES ACE SPADES TWO,0.3918,0.0058,0.6024
DIAMONDS JACK CLUBS JACK,0.1588,0.0208,0.8204
CLUBS TEN DIAMONDS JACK,0.2338,0.0522,0.714
DIAMONDS JACK CLUBS KING,0.3368,0.0078,0.6554
DIAMONDS JACK CLUBS QUEEN,0.3296,0.01,0.6604
DIAMONDS THREE DIAMONDS JACK,0.3848,0.0184,0.5968
DIAMONDS THREE DIAMONDS TEN,0.4584,0.2844,0.2572
DIAMONDS JACK CLUBS ACE,0.3458,0.0042,0.65
DIAMONDS THREE DIAMONDS KING,0.408,0.006,0.586
HEARTS THREE DIAMONDS THREE,0.433,0.0578,0.5092
DIAMONDS THREE DIAMONDS QUEEN,0.3978,0.0094,0.5928
DIAMONDS THREE HEARTS TWO,0.6374,0.0304,0.3322
HEARTS FIVE DIAMONDS THREE,0.618,0.0254,0.3566
DIAMONDS THREE DIAMONDS ACE,0.3942,0.0032,0.6026
HEARTS FOUR DIAMONDS THREE,0.6182,0.025,0.3568
DIAMONDS THREE HEARTS SEVEN,0.679,0.0826,0.2384
HEARTS SIX DIAMONDS THREE,0.6384,0.0264,0.3352
SPADES JACK SPADES NINE,0.3338,0.0124,0.6538
DIAMONDS THREE HEARTS NINE,0.6352,0.0228,0.342
HEARTS JACK DIAMONDS FOUR,0.4076,0.017,0.5754
HEARTS KING HEARTS ACE,0.326,0.0024,0.6716
DIAMONDS THREE HEARTS EIGHT,0.6342,0.0256,0.3402
HEARTS TEN DIAMONDS FOUR,0.485,0.2808,0.2342
SPADES JACK SPADES TWO,0.4074,0.0142,0.5784
HEARTS QUEEN DIAMONDS FOUR,0.4226,0.0098,0.5676
HEARTS KING DIAMONDS FOUR,0.4248,0.0074,0.5678
SPADES ACE SPADES NINE,0.3614,0.0056,0.633
HEARTS ACE DIAMONDS FOUR,0.413,0.0036,0.5834
SPADES KING SPADES NINE,0.349,0.0094,0.6416
SPADES QUEEN SPADES NINE,0.3288,0.0144,0.6568
DIAMONDS THREE SPADES NINE,0.645,0.0276,0.3274
DIAMONDS THREE SPADES EIGHT,0.6422,0.0302,0.3276
DIAMONDS THREE SPADES SEVEN,0.6938,0.0764,0.2298
DIAMONDS THREE SPADES SIX,0.636,0.024,0.34
CLUBS SIX DIAMONDS THREE,0.639,0.0254,0.3356
CLUBS ACE DIAMONDS FOUR,0.4134,0.0038,0.5828
CLUBS SIX CLUBS FIVE,0.5772,0.0324,0.3904
DIAMONDS THREE CLUBS FOUR,0.6252,0.0276,0.3472
DIAMONDS FOUR CLUBS QUEEN,0.4072,0.0096,0.5832
DIAMONDS THREE CLUBS FIVE,0.6286,0.0288,0.3426
CLUBS KING DIAMONDS FOUR,0.4168,0.0066,0.5766
DIAMONDS THREE CLUBS TWO,0.6528,0.0308,0.3164
CLUBS TEN DIAMONDS FOUR,0.4742,0.2978,0.228
DIAMONDS THREE CLUBS THREE,0.4254,0.0516,0.523
DIAMONDS FOUR CLUBS JACK,0.41,0.0196,0.5704
DIAMONDS THREE SPADES FOUR,0.6194,0.0272,0.3534
DIAMONDS THREE SPADES FIVE,0.616,0.031,0.353
DIAMONDS THREE SPADES TWO,0.651,0.0312,0.3178
DIAMONDS THREE SPADES THREE,0.424,0.0564,0.5196
CLUBS EIGHT DIAMONDS THREE,0.6398,0.0238,0.3364
CLUBS NINE DIAMONDS THREE,0.6364,0.0272,0.3364
SPADES SEVEN CLUBS ACE,0.2644,0.0278,0.7078
SPADES SEVEN CLUBS QUEEN,0.2652,0.0454,0.6894
SPADES SEVEN CLUBS KING,0.2546,0.0394,0.706
CLUBS FIVE SPADES SEVEN,0.6794,0.0848,0.2358
CLUBS TEN SPADES SEVEN,0.0056,0.9888,0.0056
CLUBS FIVE SPADES SIX,0.6252,0.031,0.3438
SPADES SEVEN CLUBS JACK,0.2542,0.057,0.6888
SPADES NINE CLUBS FIVE,0.6368,0.0272,0.336
SPADES EIGHT CLUBS FIVE,0.6252,0.0288,0.346
CLUBS FIVE SPADES THREE,0.6276,0.03,0.3424
CLUBS FIVE SPADES TWO,0.6356,0.0298,0.3346
CLUBS FIVE SPADES FIVE,0.4276,0.06,0.5124
CLUBS FIVE SPADES FOUR,0.612,0.0272,0.3608
CLUBS NINE CLUBS FIVE,0.5896,0.0264,0.384
CLUBS EIGHT CLUBS FIVE,0.5826,0.0274,0.39
CLUBS ACE CLUBS QUEEN,0.3202,0.0046,0.6752
CLUBS KING CLUBS QUEEN,0.3128,0.0072,0.68
DIAMONDS TEN DIAMONDS FOUR,0.4572,0.2704,0.2724
CLUBS TEN DIAMONDS NINE,0.2258,0.1788,0.5954
DIAMONDS JACK DIAMONDS FOUR,0.3924,0.0162,0.5914
DIAMONDS NINE CLUBS JACK,0.3456,0.0128,0.6416
SPADES NINE CLUBS JACK,0.3554,0.015,0.6296
CLUBS TEN SPADES NINE,0.2198,0.1658,0.6144
DIAMONDS ACE DIAMONDS FOUR,0.3774,0.004,0.6186
HEARTS FOUR DIAMONDS FOUR,0.4162,0.0552,0.5286
DIAMONDS JACK HEARTS TEN,0.2446,0.0544,0.701
SPADES NINE CLUBS KING,0.364,0.0074,0.6286
DIAMONDS NINE CLUBS ACE,0.375,0.0032,0.6218
HEARTS FIVE DIAMONDS FOUR,0.605,0.0242,0.3708
HEARTS JACK DIAMONDS JACK,0.1608,0.0222,0.817
SPADES NINE CLUBS QUEEN,0.3704,0.0084,0.6212
DIAMONDS TWO SPADES JACK,0.4164,0.0162,0.5674
DIAMONDS QUEEN DIAMONDS FOUR,0.3888,0.0086,0.6026
HEARTS TWO DIAMONDS FOUR,0.6338,0.0264,0.3398
DIAMONDS NINE CLUBS QUEEN,0.357,0.0086,0.6344
DIAMONDS KING DIAMONDS FOUR,0.398,0.0084,0.5936
HEARTS THREE DIAMONDS FOUR,0.6182,0.0298,0.352
SPADES NINE CLUBS ACE,0.3672,0.0038,0.629
DIAMONDS NINE CLUBS KING,0.3696,0.0084,0.622
HEARTS ACE DIAMONDS JACK,0.346,0.0034,0.6506
SPADES ACE DIAMONDS TWO,0.4196,0.0042,0.5762
DIAMONDS JACK HEARTS QUEEN,0.327,0.0088,0.6642
SPADES QUEEN DIAMONDS TWO,0.4188,0.0124,0.5688
HEARTS KING DIAMONDS JACK,0.3354,0.0074,0.6572
SPADES KING DIAMONDS TWO,0.4248,0.0074,0.5678
SPADES JACK SPADES SEVEN,0.238,0.0564,0.7056
CLUBS SIX CLUBS THREE,0.6048,0.0272,0.368
CLUBS FIVE CLUBS THREE,0.5988,0.0264,0.3748
CLUBS FOUR CLUBS THREE,0.5852,0.0288,0.386
CLUBS NINE CLUBS THREE,0.5904,0.0306,0.379
CLUBS EIGHT CLUBS THREE,0.608,0.0282,0.3638
CLUBS THREE SPADES FIVE,0.6188,0.033,0.3482
CLUBS THREE SPADES FOUR,0.6208,0.0274,0.3518
CLUBS THREE SPADES THREE,0.4328,0.063,0.5042
CLUBS THREE SPADES TWO,0.6382,0.027,0.3348
SPADES SIX CLUBS THREE,0.6346,0.0306,0.3348
SPADES SEVEN CLUBS THREE,0.6828,0.0802,0.237
SPADES EIGHT CLUBS THREE,0.6446,0.0262,0.3292
SPADES NINE CLUBS THREE,0.6316,0.0306,0.3378
SPADES TWO DIAMONDS FOUR,0.635,0.0278,0.3372
SPADES THREE DIAMONDS FOUR,0.624,0.0324,0.3436
SPADES FOUR DIAMONDS FOUR,0.4208,0.0548,0.5244
SPADES FIVE DIAMONDS FOUR,0.6026,0.0258,0.3716
SPADES SIX DIAMONDS FOUR,0.6294,0.0282,0.3424
SPADES SEVEN DIAMONDS FOUR,0.6656,0.0842,0.2502
SPADES EIGHT DIAMONDS FOUR,0.6254,0.0326,0.342
SPADES NINE DIAMONDS FOUR,0.6542,0.028,0.3178
CLUBS FIVE DIAMONDS FOUR,0.6096,0.0314,0.359
CLUBS FOUR DIAMONDS FOUR,0.4266,0.051,0.5224
CLUBS SIX DIAMONDS FOUR,0.6148,0.0294,0.3558
CLUBS NINE DIAMONDS FOUR,0.6416,0.0238,0.3346
CLUBS EIGHT DIAMONDS FOUR,0.6152,0.026,0.3588
DIAMONDS FOUR HEARTS SEVEN,0.6596,0.0836,0.2568
HEARTS SIX DIAMONDS FOUR,0.6256,0.0244,0.35
HEARTS NINE DIAMONDS FOUR,0.6422,0.0248,0.333
DIAMONDS FOUR HEARTS EIGHT,0.6236,0.0252,0.3512
CLUBS THREE DIAMONDS FOUR,0.6162,0.03,0.3538
CLUBS TWO DIAMONDS FOUR,0.6406,0.0278,0.3316
DIAMONDS TEN DIAMONDS FIVE,0.4604,0.2646,0.275
DIAMONDS JACK DIAMONDS FIVE,0.3836,0.0166,0.5998
DIAMONDS NINE HEARTS QUEEN,0.3562,0.0116,0.6322
HEARTS KING DIAMONDS NINE,0.3664,0.0074,0.6262
DIAMONDS NINE HEARTS ACE,0.3712,0.0028,0.626
DIAMONDS NINE HEARTS TEN,0.235,0.1708,0.5942
DIAMONDS NINE HEARTS JACK,0.3636,0.0138,0.6226
CLUBS KING DIAMONDS SIX,0.396,0.006,0.598
CLUBS QUEEN DIAMONDS SIX,0.4038,0.0102,0.586
CLUBS ACE DIAMONDS SIX,0.4088,0.0036,0.5876
SPADES KING DIAMONDS FOUR,0.4158,0.0086,0.5756
SPADES ACE SPADES SEVEN,0.2566,0.024,0.7194
SPADES QUEEN DIAMONDS FOUR,0.4148,0.012,0.5732
SPADES QUEEN SPADES SEVEN,0.2402,0.0438,0.716
CLUBS JACK DIAMONDS SIX,0.4084,0.016,0.5756
SPADES KING SPADES SEVEN,0.249,0.0384,0.7126
SPADES ACE DIAMONDS FOUR,0.426,0.0046,0.5694
CLUBS TEN DIAMONDS SIX,0.4778,0.2964,0.2258
CLUBS NINE CLUBS FOUR,0.618,0.0248,0.3572
CLUBS EIGHT CLUBS FOUR,0.5916,0.0258,0.3826
SPADES JACK DIAMONDS FOUR,0.4076,0.0184,0.574
CLUBS FOUR CLUBS FIVE,0.5896,0.0272,0.3832
CLUBS SIX CLUBS FOUR,0.608,0.026,0.366
HEARTS SIX DIAMONDS FIVE,0.6084,0.0302,0.3614
DIAMONDS FIVE HEARTS SEVEN,0.6702,0.0788,0.251
DIAMONDS FIVE HEARTS EIGHT,0.6012,0.0276,0.3712
HEARTS NINE DIAMONDS FIVE,0.6212,0.025,0.3538
DIAMONDS QUEEN DIAMONDS FIVE,0.3906,0.0112,0.5982
HEARTS TWO DIAMONDS FIVE,0.626,0.029,0.345
HEARTS KING HEARTS EIGHT,0.357,0.0068,0.6362
DIAMONDS KING DIAMONDS FIVE,0.3902,0.0056,0.6042
HEARTS THREE DIAMONDS FIVE,0.6168,0.0288,0.3544
HEARTS QUEEN HEARTS EIGHT,0.35,0.0094,0.6406
DIAMONDS ACE DIAMONDS FIVE,0.3908,0.0034,0.6058
HEARTS FOUR DIAMONDS FIVE,0.5992,0.0272,0.3736
HEARTS FIVE DIAMONDS FIVE,0.4346,0.0552,0.5102
HEARTS ACE HEARTS EIGHT,0.3638,0.0026,0.6336
CLUBS FOUR DIAMONDS FIVE,0.611,0.0272,0.3618
CLUBS FIVE DIAMONDS FIVE,0.4326,0.0496,0.5178
CLUBS SIX DIAMONDS FIVE,0.6144,0.026,0.3596
CLUBS TWO DIAMONDS FIVE,0.6422,0.0272,0.3306
CLUBS THREE DIAMONDS FIVE,0.6278,0.0288,0.3434
SPADES THREE DIAMONDS FIVE,0.6258,0.027,0.3472
SPADES TWO DIAMONDS FIVE,0.621,0.0244,0.3546
SPADES JACK DIAMONDS EIGHT,0.3558,0.016,0.6282
SPADES FIVE DIAMONDS FIVE,0.4192,0.053,0.5278
CLUBS TEN HEARTS JACK,0.2332,0.051,0.7158
SPADES FOUR DIAMONDS FIVE,0.6084,0.0286,0.363
HEARTS JACK CLUBS JACK,0.158,0.0226,0.8194
HEARTS JACK CLUBS QUEEN,0.3198,0.0094,0.6708
CLUBS NINE DIAMONDS FIVE,0.6202,0.0246,0.3552
HEARTS JACK CLUBS KING,0.3396,0.0068,0.6536
CLUBS EIGHT DIAMONDS FIVE,0.6044,0.0304,0.3652
HEARTS JACK CLUBS ACE,0.3322,0.0038,0.664
SPADES SEVEN DIAMONDS FIVE,0.6678,0.075,0.2572
SPADES KING DIAMONDS EIGHT,0.3756,0.0084,0.616
SPADES SIX DIAMONDS FIVE,0.6122,0.0256,0.3622
SPADES QUEEN DIAMONDS EIGHT,0.3714,0.0102,0.6184
SPADES NINE DIAMONDS FIVE,0.6348,0.026,0.3392
SPADES EIGHT DIAMONDS FIVE,0.6242,0.0286,0.3472
SPADES ACE DIAMONDS EIGHT,0.383,0.0024,0.6146
DIAMONDS TEN DIAMONDS SIX,0.4486,0.2852,0.2662
HEARTS ACE DIAMONDS SEVEN,0.2578,0.0204,0.7218
DIAMONDS JACK DIAMONDS SIX,0.3744,0.0162,0.6094
HEARTS QUEEN DIAMONDS SEVEN,0.2656,0.0408,0.6936
HEARTS KING DIAMONDS SEVEN,0.2588,0.0352,0.706
DIAMONDS ACE DIAMONDS SIX,0.3946,0.0036,0.6018
HEARTS FOUR DIAMONDS SIX,0.617,0.0256,0.3574
HEARTS JACK SPADES TWO,0.4342,0.0176,0.5482
HEARTS FIVE DIAMONDS SIX,0.6218,0.0244,0.3538
SPADES TWO HEARTS TEN,0.5094,0.28,0.2106
DIAMONDS QUEEN DIAMONDS SIX,0.409,0.0102,0.5808
HEARTS TWO DIAMONDS SIX,0.6474,0.022,0.3306
DIAMONDS KING DIAMONDS SIX,0.3878,0.0082,0.604
HEARTS THREE DIAMONDS SIX,0.6474,0.0246,0.328
HEARTS EIGHT DIAMONDS SIX,0.6054,0.022,0.3726
HEARTS NINE DIAMONDS SIX,0.6174,0.0232,0.3594
HEARTS SIX DIAMONDS SIX,0.4046,0.0502,0.5452
HEARTS SEVEN DIAMONDS SIX,0.6436,0.0752,0.2812
HEARTS TEN DIAMONDS SEVEN,0.0182,0.9648,0.017
CLUBS TWO DIAMONDS SIX,0.6556,0.0286,0.3158
HEARTS JACK DIAMONDS SEVEN,0.2488,0.054,0.6972
CLUBS THREE DIAMONDS SIX,0.6448,0.028,0.3272
DIAMONDS EIGHT CLUBS JACK,0.3582,0.019,0.6228
CLUBS SIX DIAMONDS SIX,0.4098,0.0564,0.5338
CLUBS TEN DIAMONDS EIGHT,0.222,0.2258,0.5522
CLUBS FIVE DIAMONDS SIX,0.612,0.0326,0.3554
CLUBS FOUR DIAMONDS SIX,0.6272,0.0284,0.3444
HEARTS ACE HEARTS JACK,0.3222,0.0042,0.6736
DIAMONDS EIGHT CLUBS ACE,0.377,0.0026,0.6204
HEARTS JACK HEARTS QUEEN,0.303,0.0074,0.6896
DIAMONDS EIGHT CLUBS KING,0.3714,0.0086,0.62
CLUBS NINE DIAMONDS SIX,0.6108,0.0276,0.3616
HEARTS KING HEARTS JACK,0.3286,0.0068,0.6646
DIAMONDS EIGHT CLUBS QUEEN,0.372,0.0108,0.6172
CLUBS EIGHT DIAMONDS SIX,0.6054,0.0272,0.3674
SPADES FIVE DIAMONDS SIX,0.6022,0.0318,0.366
HEARTS ACE SPADES TWO,0.427,0.0042,0.5688
SPADES JACK HEARTS KING,0.346,0.0076,0.6464
SPADES FOUR DIAMONDS SIX,0.628,0.0238,0.3482
SPADES THREE DIAMONDS SIX,0.641,0.0274,0.3316
SPADES TWO HEARTS QUEEN,0.429,0.0112,0.5598
SPADES ACE SPADES KING,0.324,0.0052,0.6708
HEARTS KING SPADES TWO,0.431,0.0076,0.5614
SPADES TWO DIAMONDS SIX,0.653,0.0314,0.3156
HEARTS TEN HEARTS EIGHT,0.2148,0.214,0.5712
SPADES NINE DIAMONDS SIX,0.6108,0.0274,0.3618
HEARTS JACK HEARTS EIGHT,0.339,0.017,0.644
SPADES EIGHT DIAMONDS SIX,0.601,0.0262,0.3728
SPADES SEVEN DIAMONDS SIX,0.651,0.0856,0.2634
SPADES SIX DIAMONDS SIX,0.3998,0.0526,0.5476
SPADES KING HEARTS KING,0.1566,0.0096,0.8338
SPADES QUEEN HEARTS KING,0.3382,0.0072,0.6546
CLUBS ACE CLUBS KING,0.3322,0.0036,0.6642
SPADES ACE HEARTS KING,0.3328,0.0038,0.6634
SPADES ACE HEARTS JACK,0.3306,0.003,0.6664
SPADES QUEEN HEARTS JACK,0.3186,0.0122,0.6692
SPADES KING HEARTS JACK,0.3292,0.0066,0.6642
SPADES JACK DIAMONDS TEN,0.2342,0.0554,0.7104
SPADES ACE DIAMONDS TEN,0.2496,0.0236,0.7268
SPADES JACK HEARTS JACK,0.1654,0.0242,0.8104
SPADES QUEEN DIAMONDS TEN,0.2432,0.0422,0.7146
SPADES KING DIAMONDS TEN,0.2528,0.0354,0.7118
SPADES NINE DIAMONDS SEVEN,0.6728,0.0716,0.2556
SPADES EIGHT DIAMONDS SEVEN,0.6558,0.071,0.2732
SPADES SEVEN DIAMONDS SEVEN,0.313,0.0448,0.6422
SPADES SIX DIAMONDS SEVEN,0.6518,0.0836,0.2646
DIAMONDS KING DIAMONDS SEVEN,0.2526,0.0296,0.7178
HEARTS THREE DIAMONDS SEVEN,0.666,0.0856,0.2484
HEARTS KING DIAMONDS FIVE,0.4142,0.0046,0.5812
DIAMONDS QUEEN DIAMONDS SEVEN,0.2554,0.0454,0.6992
HEARTS TWO DIAMONDS SEVEN,0.699,0.0784,0.2226
HEARTS QUEEN DIAMONDS FIVE,0.417,0.0114,0.5716
HEARTS FIVE DIAMONDS SEVEN,0.6644,0.0804,0.2552
DIAMONDS ACE DIAMONDS SEVEN,0.2486,0.0236,0.7278
HEARTS FOUR DIAMONDS SEVEN,0.6638,0.08,0.2562
HEARTS ACE DIAMONDS FIVE,0.407,0.0032,0.5898
HEARTS SEVEN DIAMONDS SEVEN,0.3114,0.0498,0.6388
HEARTS SIX DIAMONDS SEVEN,0.6542,0.0702,0.2756
HEARTS NINE DIAMONDS SEVEN,0.6802,0.073,0.2468
DIAMONDS SEVEN HEARTS EIGHT,0.6532,0.0728,0.274
DIAMONDS JACK DIAMONDS SEVEN,0.2384,0.0568,0.7048
HEARTS JACK DIAMONDS FIVE,0.418,0.0154,0.5666
DIAMONDS TEN DIAMONDS SEVEN,0.023,0.9124,0.0646
DIAMONDS FIVE HEARTS TEN,0.477,0.2902,0.2328
SPADES KING CLUBS TWO,0.4152,0.0078,0.577
HEARTS KING CLUBS KING,0.1588,0.0124,0.8288
CLUBS EIGHT DIAMONDS SEVEN,0.6558,0.0708,0.2734
SPADES QUEEN CLUBS TWO,0.4122,0.0136,0.5742
HEARTS KING CLUBS QUEEN,0.3328,0.009,0.6582
CLUBS NINE DIAMONDS SEVEN,0.6786,0.0668,0.2546
SPADES TWO CLUBS JACK,0.4216,0.0156,0.5628
SPADES ACE CLUBS TWO,0.4162,0.0064,0.5774
CLUBS TEN SPADES TWO,0.492,0.3042,0.2038
HEARTS KING CLUBS ACE,0.365,0.0018,0.6332
SPADES TWO CLUBS KING,0.4238,0.009,0.5672
SPADES TWO DIAMONDS SEVEN,0.7012,0.0802,0.2186
CLUBS SIX CLUBS EIGHT,0.5704,0.0268,0.4028
SPADES THREE DIAMONDS SEVEN,0.6912,0.0806,0.2282
SPADES TWO CLUBS QUEEN,0.4182,0.0122,0.5696
CLUBS NINE CLUBS SIX,0.5746,0.0302,0.3952
SPADES FOUR DIAMONDS SEVEN,0.669,0.0832,0.2478
HEARTS KING CLUBS JACK,0.3326,0.0084,0.659
SPADES FIVE DIAMONDS SEVEN,0.6676,0.0802,0.2522
SPADES TWO CLUBS ACE,0.4152,0.0062,0.5786
CLUBS TEN HEARTS KING,0.2456,0.0332,0.7212
CLUBS SIX SPADES TWO,0.6566,0.0306,0.3128
CLUBS SIX SPADES THREE,0.6364,0.0314,0.3322
CLUBS TWO DIAMONDS SEVEN,0.7088,0.086,0.2052
CLUBS SIX SPADES FOUR,0.6394,0.0296,0.331
CLUBS THREE DIAMONDS SEVEN,0.6918,0.0766,0.2316
CLUBS SIX SPADES FIVE,0.6234,0.0248,0.3518
CLUBS FOUR DIAMONDS SEVEN,0.6708,0.0848,0.2444
CLUBS SIX SPADES SIX,0.4178,0.0572,0.525
CLUBS FIVE DIAMONDS SEVEN,0.6714,0.0832,0.2454
CLUBS SIX SPADES SEVEN,0.6634,0.0782,0.2584
CLUBS SIX DIAMONDS SEVEN,0.6412,0.0822,0.2766
CLUBS SIX SPADES EIGHT,0.6042,0.029,0.3668
SPADES JACK CLUBS TWO,0.416,0.0182,0.5658
CLUBS SIX SPADES NINE,0.6308,0.0276,0.3416
CLUBS TWO CLUBS QUEEN,0.4116,0.0104,0.578
CLUBS TWO CLUBS KING,0.4186,0.0106,0.5708
CLUBS THREE DIAMONDS EIGHT,0.6434,0.0284,0.3282
CLUBS TWO CLUBS ACE,0.395,0.006,0.599
CLUBS TWO DIAMONDS EIGHT,0.6314,0.0302,0.3384
DIAMONDS EIGHT HEARTS SEVEN,0.6582,0.0692,0.2726
HEARTS SIX DIAMONDS EIGHT,0.602,0.023,0.375
DIAMONDS EIGHT HEARTS NINE,0.5564,0.0274,0.4162
CLUBS TEN CLUBS TWO,0.4672,0.2874,0.2454
DIAMONDS EIGHT HEARTS EIGHT,0.2902,0.0434,0.6664
CLUBS TWO CLUBS JACK,0.4146,0.019,0.5664
CLUBS NINE DIAMONDS EIGHT,0.5778,0.0244,0.3978
CLUBS EIGHT DIAMONDS EIGHT,0.2824,0.0436,0.674
CLUBS FIVE DIAMONDS EIGHT,0.614,0.0236,0.3624
SPADES ACE SPADES THREE,0.3968,0.0048,0.5984
CLUBS FOUR DIAMONDS EIGHT,0.633,0.0232,0.3438
SPADES QUEEN SPADES THREE,0.4,0.012,0.588
CLUBS SIX DIAMONDS EIGHT,0.6136,0.0286,0.3578
SPADES KING SPADES THREE,0.3904,0.0088,0.6008
DIAMONDS QUEEN DIAMONDS EIGHT,0.3402,0.0098,0.65
HEARTS TWO DIAMONDS EIGHT,0.6394,0.0288,0.3318
DIAMONDS KING DIAMONDS EIGHT,0.3544,0.0068,0.6388
HEARTS THREE DIAMONDS EIGHT,0.6426,0.0238,0.3336
DIAMONDS ACE DIAMONDS EIGHT,0.3596,0.0022,0.6382
HEARTS FOUR DIAMONDS EIGHT,0.6264,0.0224,0.3512
HEARTS FIVE DIAMONDS EIGHT,0.6162,0.0264,0.3574
DIAMONDS EIGHT DIAMONDS TEN,0.228,0.209,0.563
DIAMONDS EIGHT DIAMONDS JACK,0.3418,0.0146,0.6436
SPADES JACK SPADES THREE,0.4034,0.0206,0.576
CLUBS FOUR HEARTS ACE,0.417,0.0038,0.5792
CLUBS FOUR HEARTS QUEEN,0.4116,0.0092,0.5792
CLUBS FOUR HEARTS KING,0.4166,0.0072,0.5762
CLUBS SIX HEARTS TEN,0.48,0.3032,0.2168
CLUBS SIX HEARTS JACK,0.405,0.0158,0.5792
SPADES FOUR DIAMONDS EIGHT,0.6394,0.0254,0.3352
SPADES FIVE DIAMONDS EIGHT,0.6238,0.025,0.3512
DIAMONDS EIGHT SPADES TWO,0.6432,0.0234,0.3334
DIAMONDS EIGHT SPADES THREE,0.6578,0.0278,0.3144
CLUBS FOUR HEARTS JACK,0.415,0.0192,0.5658
SPADES EIGHT DIAMONDS EIGHT,0.298,0.05,0.652
SPADES JACK HEARTS EIGHT,0.3466,0.0158,0.6376
CLUBS FOUR HEARTS TEN,0.4912,0.2964,0.2124
SPADES NINE DIAMONDS EIGHT,0.5766,0.0234,0.4
SPADES JACK HEARTS TWO,0.4134,0.0192,0.5674
SPADES JACK DIAMONDS QUEEN,0.3288,0.009,0.6622
SPADES SIX DIAMONDS EIGHT,0.6036,0.0218,0.3746
SPADES SEVEN DIAMONDS EIGHT,0.677,0.073,0.25
SPADES ACE HEARTS TWO,0.4196,0.0062,0.5742
SPADES ACE DIAMONDS QUEEN,0.3366,0.0024,0.661
SPADES ACE HEARTS EIGHT,0.388,0.0032,0.6088
SPADES KING HEARTS EIGHT,0.368,0.006,0.626
SPADES QUEEN HEARTS TWO,0.4114,0.0106,0.578
SPADES QUEEN DIAMONDS QUEEN,0.162,0.0172,0.8208
SPADES KING DIAMONDS QUEEN,0.3328,0.0062,0.661
SPADES KING HEARTS TWO,0.417,0.0086,0.5744
SPADES QUEEN HEARTS EIGHT,0.3666,0.013,0.6204
CLUBS TWO HEARTS TEN,0.4724,0.3082,0.2194
CLUBS TWO HEARTS JACK,0.4234,0.0168,0.5598
SPADES SEVEN DIAMONDS NINE,0.6838,0.0732,0.243
SPADES SIX DIAMONDS NINE,0.6224,0.029,0.3486
SPADES NINE DIAMONDS NINE,0.2892,0.0388,0.672
SPADES EIGHT DIAMONDS NINE,0.574,0.0248,0.4012
DIAMONDS NINE SPADES THREE,0.6364,0.029,0.3346
SPADES JACK CLUBS KING,0.3218,0.0072,0.671
DIAMONDS NINE SPADES TWO,0.641,0.0272,0.3318
SPADES FIVE DIAMONDS NINE,0.6254,0.0314,0.3432
DIAMONDS NINE SPADES FOUR,0.6364,0.0274,0.3362
CLUBS NINE DIAMONDS NINE,0.275,0.0352,0.6898
CLUBS EIGHT DIAMONDS NINE,0.567,0.0282,0.4048
CLUBS SIX DIAMONDS NINE,0.6128,0.0264,0.3608
SPADES JACK CLUBS FOUR,0.4344,0.0156,0.55
CLUBS FOUR DIAMONDS NINE,0.6438,0.026,0.3302
CLUBS FIVE DIAMONDS NINE,0.6272,0.0276,0.3452
CLUBS TWO DIAMONDS NINE,0.646,0.0272,0.3268
CLUBS THREE DIAMONDS NINE,0.6338,0.0264,0.3398
DIAMONDS NINE HEARTS EIGHT,0.5706,0.0218,0.4076
DIAMONDS NINE HEARTS NINE,0.289,0.0376,0.6734
HEARTS SIX DIAMONDS NINE,0.6122,0.0246,0.3632
DIAMONDS NINE HEARTS SEVEN,0.6612,0.0806,0.2582
CLUBS NINE CLUBS EIGHT,0.5344,0.0212,0.4444
DIAMONDS ACE DIAMONDS NINE,0.3658,0.0042,0.63
HEARTS FOUR DIAMONDS NINE,0.6354,0.0276,0.337
HEARTS FIVE DIAMONDS NINE,0.624,0.0268,0.3492
CLUBS TWO HEARTS ACE,0.437,0.0028,0.5602
SPADES ACE CLUBS FOUR,0.4158,0.0054,0.5788
DIAMONDS QUEEN DIAMONDS NINE,0.327,0.0116,0.6614
HEARTS TWO DIAMONDS NINE,0.637,0.0286,0.3344
CLUBS TWO HEARTS KING,0.4388,0.008,0.5532
SPADES KING CLUBS FOUR,0.4194,0.0088,0.5718
DIAMONDS KING DIAMONDS NINE,0.3498,0.0056,0.6446
HEARTS THREE DIAMONDS NINE,0.644,0.0284,0.3276
CLUBS TWO HEARTS QUEEN,0.4384,0.012,0.5496
SPADES QUEEN CLUBS FOUR,0.4248,0.012,0.5632
DIAMONDS NINE DIAMONDS JACK,0.326,0.0124,0.6616
CLUBS EIGHT SPADES NINE,0.5716,0.0282,0.4002
DIAMONDS NINE DIAMONDS TEN,0.2154,0.1586,0.626
CLUBS EIGHT SPADES EIGHT,0.3008,0.0448,0.6544
CLUBS EIGHT SPADES SEVEN,0.6578,0.0764,0.2658
CLUBS EIGHT SPADES SIX,0.6048,0.0292,0.366
CLUBS EIGHT SPADES FIVE,0.6272,0.0248,0.348
CLUBS EIGHT SPADES FOUR,0.6256,0.0246,0.3498
CLUBS EIGHT SPADES THREE,0.6394,0.026,0.3346
CLUBS EIGHT SPADES TWO,0.641,0.0266,0.3324
HEARTS SIX DIAMONDS TEN,0.4828,0.3002,0.217
DIAMONDS TEN HEARTS SEVEN,0.0244,0.9558,0.0198
DIAMONDS TEN HEARTS EIGHT,0.2334,0.2144,0.5522
CLUBS FOUR CLUBS JACK,0.402,0.016,0.582
DIAMONDS TEN HEARTS NINE,0.234,0.1646,0.6014
CLUBS TEN CLUBS FOUR,0.4802,0.27,0.2498
CLUBS FOUR CLUBS KING,0.3878,0.01,0.6022
CLUBS FOUR CLUBS QUEEN,0.3996,0.0118,0.5886
CLUBS TWO DIAMONDS TEN,0.5024,0.2902,0.2074
CLUBS THREE DIAMONDS TEN,0.4884,0.2888,0.2228
CLUBS FOUR CLUBS ACE,0.398,0.0046,0.5974
DIAMONDS JACK DIAMONDS TEN,0.2178,0.0516,0.7306
DIAMONDS QUEEN DIAMONDS TEN,0.2298,0.0434,0.7268
HEARTS TWO DIAMONDS TEN,0.4876,0.2844,0.228
DIAMONDS KING DIAMONDS TEN,0.2468,0.0278,0.7254
HEARTS THREE DIAMONDS TEN,0.4868,0.2886,0.2246
DIAMONDS ACE DIAMONDS TEN,0.2536,0.0194,0.727
HEARTS FOUR DIAMONDS TEN,0.4816,0.2824,0.236
CLUBS EIGHT HEARTS JACK,0.3518,0.0194,0.6288
HEARTS FIVE DIAMONDS TEN,0.4738,0.2976,0.2286
CLUBS EIGHT HEARTS TEN,0.2188,0.237,0.5442
CLUBS EIGHT HEARTS QUEEN,0.3752,0.0086,0.6162
CLUBS EIGHT HEARTS KING,0.3684,0.0072,0.6244
CLUBS EIGHT HEARTS ACE,0.3784,0.004,0.6176
CLUBS NINE SPADES THREE,0.6352,0.0298,0.335
CLUBS NINE SPADES TWO,0.6484,0.026,0.3256
CLUBS NINE SPADES FIVE,0.6266,0.0288,0.3446
CLUBS NINE SPADES FOUR,0.6434,0.0298,0.3268
CLUBS NINE SPADES SEVEN,0.6822,0.0738,0.244
CLUBS NINE SPADES SIX,0.6302,0.0254,0.3444
CLUBS NINE SPADES NINE,0.294,0.0374,0.6686
CLUBS TEN HEARTS EIGHT,0.2172,0.227,0.5558
CLUBS NINE SPADES EIGHT,0.5626,0.0224,0.415
CLUBS JACK HEARTS EIGHT,0.3584,0.0156,0.626
CLUBS QUEEN HEARTS EIGHT,0.3636,0.0116,0.6248
CLUBS KING HEARTS EIGHT,0.376,0.0072,0.6168
CLUBS ACE HEARTS EIGHT,0.3784,0.004,0.6176
SPADES KING CLUBS KING,0.152,0.0102,0.8378
SPADES QUEEN CLUBS KING,0.3358,0.0056,0.6586
SPADES ACE CLUBS KING,0.3428,0.0048,0.6524
DIAMONDS ACE HEARTS TEN,0.2568,0.0238,0.7194
HEARTS FOUR HEARTS TEN,0.4566,0.2652,0.2782
DIAMONDS ACE HEARTS JACK,0.347,0.0036,0.6494
HEARTS FOUR HEARTS JACK,0.3868,0.0132,0.6
SPADES KING CLUBS FIVE,0.408,0.0094,0.5826
SPADES QUEEN CLUBS FIVE,0.42,0.0116,0.5684
SPADES ACE CLUBS FIVE,0.4206,0.0056,0.5738
DIAMONDS JACK HEARTS SEVEN,0.2536,0.0524,0.694
HEARTS SIX DIAMONDS JACK,0.4048,0.0158,0.5794
DIAMONDS JACK HEARTS NINE,0.3608,0.0142,0.625
DIAMONDS JACK HEARTS EIGHT,0.3628,0.0162,0.621
DIAMONDS KING DIAMONDS JACK,0.3406,0.0042,0.6552
HEARTS THREE DIAMONDS JACK,0.4276,0.0166,0.5558
SPADES ACE SPADES SIX,0.3958,0.0026,0.6016
SPADES FOUR HEARTS ACE,0.4064,0.0038,0.5898
DIAMONDS QUEEN DIAMONDS JACK,0.3014,0.0098,0.6888
HEARTS TWO DIAMONDS JACK,0.4336,0.0152,0.5512
HEARTS FIVE DIAMONDS JACK,0.426,0.018,0.556
SPADES QUEEN SPADES SIX,0.382,0.0116,0.6064
SPADES FOUR HEARTS QUEEN,0.425,0.011,0.564
DIAMONDS ACE DIAMONDS JACK,0.31,0.0018,0.6882
HEARTS FOUR DIAMONDS JACK,0.4168,0.0154,0.5678
SPADES KING SPADES SIX,0.379,0.009,0.612
HEARTS KING SPADES FOUR,0.4166,0.0074,0.576
SPADES JACK SPADES SIX,0.3844,0.0146,0.601
SPADES FOUR DIAMONDS JACK,0.4226,0.0166,0.5608
SPADES FIVE DIAMONDS JACK,0.4062,0.017,0.5768
DIAMONDS JACK SPADES TWO,0.4168,0.0206,0.5626
SPADES THREE DIAMONDS JACK,0.4222,0.0202,0.5576
SPADES ACE DIAMONDS THREE,0.418,0.0032,0.5788
SPADES QUEEN DIAMONDS THREE,0.405,0.012,0.583
CLUBS EIGHT DIAMONDS JACK,0.3584,0.0194,0.6222
SPADES KING DIAMONDS THREE,0.4124,0.0062,0.5814
CLUBS NINE DIAMONDS JACK,0.345,0.016,0.639
CLUBS SIX DIAMONDS JACK,0.4188,0.019,0.5622
CLUBS FOUR DIAMONDS JACK,0.425,0.0214,0.5536
CLUBS FIVE DIAMONDS JACK,0.4282,0.0168,0.555
CLUBS TWO DIAMONDS JACK,0.427,0.0194,0.5536
CLUBS THREE DIAMONDS JACK,0.4248,0.0204,0.5548
HEARTS SIX SPADES JACK,0.4048,0.0134,0.5818
SPADES JACK CLUBS FIVE,0.4148,0.016,0.5692
SPADES JACK DIAMONDS THREE,0.4192,0.0154,0.5654
SPADES NINE DIAMONDS JACK,0.3654,0.016,0.6186
DIAMONDS ACE HEARTS ACE,0.1662,0.0022,0.8316
HEARTS FOUR HEARTS ACE,0.386,0.0018,0.6122
SPADES EIGHT DIAMONDS JACK,0.3544,0.0192,0.6264
SPADES ACE HEARTS SIX,0.4042,0.0028,0.593
DIAMONDS ACE HEARTS KING,0.3502,0.002,0.6478
HEARTS FOUR HEARTS KING,0.398,0.0066,0.5954
SPADES SEVEN DIAMONDS JACK,0.2494,0.0602,0.6904
SPADES KING HEARTS SIX,0.4094,0.0062,0.5844
DIAMONDS ACE HEARTS QUEEN,0.3538,0.0042,0.642
HEARTS FOUR HEARTS QUEEN,0.4094,0.0134,0.5772
SPADES SIX DIAMONDS JACK,0.4256,0.017,0.5574
SPADES QUEEN HEARTS SIX,0.4088,0.0128,0.5784
SPADES TWO DIAMONDS TEN,0.4798,0.3008,0.2194
SPADES THREE DIAMONDS TEN,0.4764,0.3022,0.2214
SPADES FOUR DIAMONDS TEN,0.4796,0.293,0.2274
SPADES FIVE DIAMONDS TEN,0.4834,0.2946,0.222
SPADES SIX DIAMONDS TEN,0.4856,0.2944,0.22
SPADES SEVEN DIAMONDS TEN,0.018,0.971,0.011
SPADES EIGHT DIAMONDS TEN,0.221,0.2302,0.5488
SPADES NINE DIAMONDS TEN,0.2278,0.1704,0.6018
CLUBS FOUR DIAMONDS TEN,0.4918,0.2992,0.209
CLUBS FIVE DIAMONDS TEN,0.4884,0.2914,0.2202
CLUBS SIX DIAMONDS TEN,0.478,0.303,0.219
CLUBS EIGHT DIAMONDS TEN,0.2228,0.232,0.5452
CLUBS NINE DIAMONDS TEN,0.2218,0.1684,0.6098
DIAMONDS THREE CLUBS JACK,0.403,0.0216,0.5754
CLUBS TEN DIAMONDS THREE,0.48,0.2968,0.2232
DIAMONDS THREE CLUBS KING,0.4254,0.0078,0.5668
DIAMONDS THREE CLUBS QUEEN,0.4224,0.0092,0.5684
DIAMONDS THREE CLUBS ACE,0.4176,0.005,0.5774
SPADES FOUR HEARTS JACK,0.4194,0.0164,0.5642
SPADES FOUR HEARTS TEN,0.4832,0.296,0.2208
SPADES FIVE SPADES TWO,0.5994,0.0302,0.3704
SPADES FOUR SPADES TWO,0.6136,0.031,0.3554
SPADES THREE SPADES TWO,0.5976,0.0278,0.3746
SPADES NINE SPADES TWO,0.6054,0.024,0.3706
SPADES EIGHT SPADES TWO,0.6196,0.026,0.3544
SPADES SEVEN SPADES TWO,0.6642,0.0796,0.2562
SPADES SIX SPADES TWO,0.6206,0.03,0.3494
DIAMONDS QUEEN CLUBS THREE,0.422,0.0132,0.5648
HEARTS TWO CLUBS THREE,0.6446,0.0286,0.3268
DIAMONDS QUEEN CLUBS TWO,0.4322,0.0108,0.557
CLUBS TWO HEARTS TWO,0.4428,0.0556,0.5016
DIAMONDS QUEEN HEARTS SEVEN,0.2818,0.0384,0.6798
HEARTS TWO HEARTS SEVEN,0.6524,0.0774,0.2702
HEARTS SIX DIAMONDS QUEEN,0.4064,0.011,0.5826
HEARTS SIX HEARTS TWO,0.6126,0.0268,0.3606
DIAMONDS QUEEN HEARTS NINE,0.3582,0.0086,0.6332
HEARTS TWO HEARTS NINE,0.5956,0.0214,0.383
DIAMONDS QUEEN HEARTS EIGHT,0.3744,0.0092,0.6164
HEARTS TWO HEARTS EIGHT,0.5984,0.0218,0.3798
CLUBS NINE HEARTS TWO,0.6266,0.028,0.3454
CLUBS NINE DIAMONDS QUEEN,0.3596,0.0076,0.6328
CLUBS EIGHT HEARTS TWO,0.6386,0.0252,0.3362
CLUBS EIGHT DIAMONDS QUEEN,0.3772,0.0102,0.6126
CLUBS FIVE DIAMONDS QUEEN,0.419,0.0102,0.5708
CLUBS FIVE HEARTS TWO,0.6468,0.0258,0.3274
SPADES EIGHT HEARTS ACE,0.3922,0.0032,0.6046
CLUBS FOUR DIAMONDS QUEEN,0.4008,0.0138,0.5854
CLUBS FOUR HEARTS TWO,0.6312,0.0294,0.3394
SPADES EIGHT HEARTS QUEEN,0.3688,0.0112,0.62
CLUBS SIX DIAMONDS QUEEN,0.4142,0.0132,0.5726
CLUBS SIX HEARTS TWO,0.6624,0.0256,0.312
SPADES EIGHT HEARTS KING,0.3842,0.0066,0.6092
DIAMONDS QUEEN SPADES SIX,0.3978,0.0132,0.589
HEARTS TWO SPADES SIX,0.6632,0.0294,0.3074
HEARTS FOUR CLUBS QUEEN,0.4218,0.0084,0.5698
DIAMONDS ACE CLUBS QUEEN,0.356,0.003,0.641
DIAMONDS QUEEN SPADES SEVEN,0.2656,0.0454,0.689
SPADES SEVEN HEARTS TWO,0.6986,0.078,0.2234
HEARTS FOUR CLUBS KING,0.4128,0.0074,0.5798
DIAMONDS ACE CLUBS KING,0.3444,0.0046,0.651
SPADES EIGHT DIAMONDS QUEEN,0.3666,0.012,0.6214
SPADES EIGHT HEARTS TWO,0.646,0.0274,0.3266
HEARTS FOUR CLUBS ACE,0.4206,0.0054,0.574
DIAMONDS ACE CLUBS ACE,0.163,0.0024,0.8346
SPADES NINE DIAMONDS QUEEN,0.3784,0.0078,0.6138
SPADES NINE HEARTS TWO,0.647,0.0262,0.3268
HEARTS TWO SPADES TWO,0.4346,0.0536,0.5118
DIAMONDS QUEEN SPADES TWO,0.4292,0.012,0.5588
HEARTS TWO SPADES THREE,0.6382,0.0272,0.3346
DIAMONDS QUEEN SPADES THREE,0.4204,0.0138,0.5658
HEARTS TWO SPADES FOUR,0.6318,0.032,0.3362
DIAMONDS QUEEN SPADES FOUR,0.4262,0.011,0.5628
HEARTS FOUR CLUBS TEN,0.4888,0.2862,0.225
CLUBS TEN DIAMONDS ACE,0.249,0.0212,0.7298
HEARTS TWO SPADES FIVE,0.6376,0.0258,0.3366
DIAMONDS QUEEN SPADES FIVE,0.4384,0.0108,0.5508
HEARTS FOUR CLUBS JACK,0.4248,0.0194,0.5558
DIAMONDS ACE CLUBS JACK,0.3434,0.0038,0.6528
CLUBS FIVE CLUBS KING,0.3876,0.0038,0.6086
CLUBS FIVE CLUBS QUEEN,0.3964,0.0108,0.5928
CLUBS FIVE CLUBS ACE,0.382,0.005,0.613
CLUBS FIVE CLUBS JACK,0.3982,0.0158,0.586
CLUBS TEN CLUBS FIVE,0.4646,0.28,0.2554
SPADES KING CLUBS JACK,0.3288,0.0044,0.6668
SPADES QUEEN CLUBS JACK,0.3184,0.0128,0.6688
SPADES ACE CLUBS JACK,0.3272,0.0052,0.6676
SPADES SIX CLUBS KING,0.4142,0.0078,0.578
SPADES SIX CLUBS QUEEN,0.4002,0.0116,0.5882
SPADES EIGHT HEARTS JACK,0.3624,0.0172,0.6204
SPADES SIX CLUBS ACE,0.4164,0.0054,0.5782
SPADES EIGHT HEARTS TEN,0.2334,0.221,0.5456
SPADES SIX CLUBS JACK,0.4032,0.0162,0.5806
CLUBS TEN SPADES SIX,0.4786,0.296,0.2254
SPADES JACK CLUBS JACK,0.1554,0.0238,0.8208
SPADES SIX HEARTS TEN,0.502,0.2914,0.2066
SPADES SIX HEARTS JACK,0.4064,0.017,0.5766
SPADES SIX HEARTS ACE,0.419,0.0032,0.5778
SPADES SIX HEARTS KING,0.4196,0.0058,0.5746
SPADES SIX HEARTS QUEEN,0.4096,0.0114,0.579
CLUBS TEN HEARTS SIX,0.4782,0.3036,0.2182
HEARTS SIX CLUBS JACK,0.4076,0.0182,0.5742
CLUBS ACE CLUBS JACK,0.3326,0.006,0.6614
HEARTS SIX CLUBS QUEEN,0.403,0.0118,0.5852
HEARTS SIX CLUBS KING,0.42,0.0068,0.5732
HEARTS SIX CLUBS ACE,0.4066,0.0046,0.5888
CLUBS QUEEN CLUBS JACK,0.3052,0.009,0.6858
CLUBS KING CLUBS JACK,0.3196,0.007,0.6734
DIAMONDS THREE HEARTS ACE,0.4136,0.0038,0.5826
DIAMONDS THREE HEARTS QUEEN,0.4112,0.009,0.5798
DIAMONDS THREE HEARTS KING,0.416,0.0068,0.5772
CLUBS FIVE HEARTS JACK,0.4274,0.0164,0.5562
CLUBS FIVE HEARTS TEN,0.4848,0.2892,0.226
HEARTS FOUR SPADES JACK,0.4166,0.0192,0.5642
SPADES JACK DIAMONDS ACE,0.3466,0.0032,0.6502
SPADES ACE HEARTS FOUR,0.403,0.0038,0.5932
SPADES ACE DIAMONDS ACE,0.1568,0.003,0.8402
CLUBS FIVE HEARTS ACE,0.431,0.0028,0.5662
CLUBS FIVE HEARTS KING,0.4174,0.0084,0.5742
HEARTS FOUR SPADES QUEEN,0.402,0.011,0.587
SPADES QUEEN DIAMONDS ACE,0.3312,0.0062,0.6626
SPADES FOUR CLUBS JACK,0.4078,0.0156,0.5766
CLUBS FIVE HEARTS QUEEN,0.4108,0.0094,0.5798
SPADES KING DIAMONDS ACE,0.3536,0.0028,0.6436
HEARTS FOUR SPADES KING,0.4018,0.01,0.5882
CLUBS TEN SPADES FOUR,0.4786,0.299,0.2224
DIAMONDS QUEEN DIAMONDS ACE,0.327,0.0038,0.6692
HEARTS TWO DIAMONDS ACE,0.4204,0.0034,0.5762
HEARTS FOUR DIAMONDS QUEEN,0.4164,0.009,0.5746
HEARTS FOUR HEARTS TWO,0.5988,0.026,0.3752
DIAMONDS THREE HEARTS TEN,0.5014,0.2762,0.2224
SPADES FOUR CLUBS KING,0.4126,0.0072,0.5802
HEARTS FIVE DIAMONDS QUEEN,0.4246,0.011,0.5644
HEARTS FIVE HEARTS TWO,0.595,0.0226,0.3824
DIAMONDS THREE HEARTS JACK,0.4158,0.0184,0.5658
SPADES FOUR CLUBS QUEEN,0.4184,0.013,0.5686
DIAMONDS QUEEN HEARTS TWO,0.4106,0.0112,0.5782
DIAMONDS KING DIAMONDS QUEEN,0.3154,0.0068,0.6778
DIAMONDS KING HEARTS TWO,0.431,0.0064,0.5626
HEARTS THREE DIAMONDS QUEEN,0.4266,0.0112,0.5622
HEARTS THREE HEARTS TWO,0.599,0.0232,0.3778
SPADES FOUR CLUBS ACE,0.4056,0.0044,0.59
HEARTS TWO CLUBS ACE,0.4244,0.0046,0.571
DIAMONDS QUEEN CLUBS ACE,0.3456,0.0026,0.6518
HEARTS TWO CLUBS QUEEN,0.4238,0.0122,0.564
DIAMONDS QUEEN CLUBS QUEEN,0.1714,0.0144,0.8142
HEARTS TWO CLUBS KING,0.4262,0.0084,0.5654
DIAMONDS QUEEN CLUBS KING,0.3506,0.0058,0.6436
SPADES EIGHT SPADES FIVE,0.5848,0.027,0.3882
CLUBS TEN HEARTS TWO,0.4878,0.3016,0.2106
CLUBS TEN DIAMONDS QUEEN,0.2286,0.0426,0.7288
SPADES NINE SPADES FIVE,0.6004,0.024,0.3756
HEARTS TWO CLUBS JACK,0.422,0.0176,0.5604
DIAMONDS QUEEN CLUBS JACK,0.3198,0.0084,0.6718
SPADES SIX SPADES FIVE,0.5936,0.0272,0.3792
SPADES SEVEN SPADES FIVE,0.6348,0.0776,0.2876
DIAMONDS FIVE CLUBS QUEEN,0.4116,0.0112,0.5772
SPADES EIGHT CLUBS ACE,0.369,0.006,0.625
DIAMONDS FIVE CLUBS KING,0.398,0.0088,0.5932
SPADES EIGHT CLUBS KING,0.389,0.0068,0.6042
CLUBS ACE DIAMONDS FIVE,0.4098,0.0066,0.5836
SPADES EIGHT CLUBS QUEEN,0.3726,0.0106,0.6168
SPADES EIGHT CLUBS JACK,0.3484,0.0176,0.634
CLUBS TEN SPADES EIGHT,0.2228,0.2266,0.5506
CLUBS TEN DIAMONDS FIVE,0.477,0.295,0.228
DIAMONDS FIVE CLUBS JACK,0.4044,0.0164,0.5792
HEARTS JACK DIAMONDS TEN,0.2336,0.053,0.7134
DIAMONDS TEN HEARTS TEN,0.1216,0.05,0.8284
SPADES ACE CLUBS NINE,0.3778,0.0048,0.6174
CLUBS NINE SPADES QUEEN,0.3468,0.0128,0.6404
CLUBS NINE SPADES KING,0.358,0.007,0.635
HEARTS SIX HEARTS KING,0.3862,0.0046,0.6092
DIAMONDS KING SPADES SEVEN,0.2642,0.0332,0.7026
HEARTS THREE SPADES SEVEN,0.684,0.0842,0.2318
SPADES KING DIAMONDS SEVEN,0.2582,0.0334,0.7084
HEARTS SIX HEARTS QUEEN,0.3814,0.009,0.6096
DIAMONDS KING SPADES SIX,0.4132,0.0088,0.578
HEARTS THREE SPADES SIX,0.643,0.0292,0.3278
SPADES QUEEN DIAMONDS SEVEN,0.2626,0.0386,0.6988
SPADES NINE DIAMONDS KING,0.3822,0.0076,0.6102
HEARTS THREE SPADES NINE,0.6408,0.0314,0.3278
HEARTS SIX HEARTS ACE,0.3854,0.0022,0.6124
DIAMONDS KING SPADES EIGHT,0.3818,0.009,0.6092
