opposingHand,winningChance,drawChance,lostChance
SPADES KING HEARTS KING
SPADES TEN HEARTS FIVE,0.8586,0.0114,0.13
SPADES JACK HEARTS FIVE,0.8598,0.0084,0.1318
SPADES FIVE CLUBS JACK,0.8554,0.0066,0.138
CLUBS TEN SPADES FIVE,0.8564,0.0096,0.134
CLUBS EIGHT CLUBS JACK,0.7982,0.007,0.1948
CLUBS TEN CLUBS EIGHT,0.7776,0.0086,0.2138
CLUBS EIGHT CLUBS KING,0.865,0.0144,0.1206
SPADES FIVE CLUBS ACE,0.7152,0.004,0.2808
CLUBS EIGHT CLUBS QUEEN,0.8038,0.004,0.1922
SPADES FIVE CLUBS KING,0.91,0.0156,0.0744
SPADES FIVE CLUBS QUEEN,0.8568,0.0046,0.1386
CLUBS EIGHT CLUBS ACE,0.6708,0.0042,0.325
DIAMONDS TWO DIAMONDS THREE,0.7886,0.0168,0.1946
DIAMONDS TWO DIAMONDS FIVE,0.7876,0.0198,0.1926
DIAMONDS TWO DIAMONDS FOUR,0.7854,0.016,0.1986
SPADES QUEEN HEARTS FIVE,0.8812,0.0048,0.114
DIAMONDS TWO DIAMONDS SEVEN,0.8168,0.015,0.1682
DIAMONDS TWO DIAMONDS SIX,0.8046,0.0172,0.1782
SPADES ACE HEARTS FIVE,0.6928,0.0036,0.3036
DIAMONDS TWO DIAMONDS NINE,0.8116,0.009,0.1794
DIAMONDS TWO DIAMONDS EIGHT,0.8124,0.0132,0.1744
DIAMONDS THREE DIAMONDS FOUR,0.7714,0.0164,0.2122
SPADES FOUR CLUBS TWO,0.829,0.0204,0.1506
DIAMONDS THREE DIAMONDS FIVE,0.767,0.02,0.213
SPADES FIVE CLUBS TWO,0.8338,0.0208,0.1454
CLUBS TWO SPADES TWO,0.7768,0.034,0.1892
CLUBS TWO SPADES THREE,0.8438,0.021,0.1352
DIAMONDS THREE DIAMONDS EIGHT,0.8054,0.017,0.1776
SPADES EIGHT CLUBS TWO,0.8558,0.0134,0.1308
DIAMONDS THREE DIAMONDS NINE,0.8058,0.0126,0.1816
SPADES NINE CLUBS TWO,0.8632,0.0136,0.1232
DIAMONDS THREE DIAMONDS SIX,0.7832,0.017,0.1998
SPADES SIX CLUBS TWO,0.8428,0.0196,0.1376
DIAMONDS THREE DIAMONDS SEVEN,0.7998,0.0158,0.1844
SPADES SEVEN CLUBS TWO,0.8588,0.0184,0.1228
CLUBS SIX CLUBS TWO,0.8022,0.0206,0.1772
CLUBS SEVEN CLUBS TWO,0.8164,0.0134,0.1702
CLUBS FOUR CLUBS TWO,0.7912,0.0146,0.1942
CLUBS FIVE CLUBS TWO,0.7786,0.0204,0.201
CLUBS TEN CLUBS JACK,0.7844,0.0058,0.2098
DIAMONDS FOUR DIAMONDS SIX,0.772,0.0186,0.2094
CLUBS TEN CLUBS QUEEN,0.8018,0.004,0.1942
DIAMONDS FOUR DIAMONDS SEVEN,0.7814,0.0164,0.2022
CLUBS TEN CLUBS KING,0.836,0.0106,0.1534
CLUBS TEN CLUBS ACE,0.652,0.0056,0.3424
CLUBS EIGHT CLUBS TWO,0.8214,0.0122,0.1664
DIAMONDS FIVE DIAMONDS FOUR,0.7594,0.0182,0.2224
CLUBS NINE CLUBS TWO,0.8116,0.011,0.1774
DIAMONDS NINE DIAMONDS FOUR,0.8092,0.0136,0.1772
DIAMONDS EIGHT DIAMONDS FOUR,0.7996,0.0156,0.1848
CLUBS THREE CLUBS TWO,0.7902,0.0204,0.1894
DIAMONDS NINE DIAMONDS FIVE,0.793,0.0124,0.1946
DIAMONDS TWO CLUBS JACK,0.8632,0.0072,0.1296
DIAMONDS EIGHT DIAMONDS FIVE,0.7884,0.0118,0.1998
CLUBS TEN DIAMONDS TWO,0.8526,0.0114,0.136
DIAMONDS FIVE DIAMONDS SEVEN,0.7598,0.0172,0.223
DIAMONDS FIVE DIAMONDS SIX,0.7588,0.0164,0.2248
DIAMONDS TWO CLUBS ACE,0.705,0.005,0.29
DIAMONDS TWO CLUBS KING,0.9152,0.0148,0.07
DIAMONDS TWO CLUBS QUEEN,0.8576,0.0028,0.1396
DIAMONDS EIGHT DIAMONDS SIX,0.7642,0.0162,0.2196
DIAMONDS NINE DIAMONDS SIX,0.7898,0.0114,0.1988
HEARTS ACE SPADES THREE,0.7148,0.0056,0.2796
DIAMONDS SEVEN DIAMONDS SIX,0.7602,0.015,0.2248
SPADES THREE HEARTS QUEEN,0.8804,0.0062,0.1134
SPADES THREE HEARTS JACK,0.875,0.0076,0.1174
SPADES THREE HEARTS TEN,0.8684,0.011,0.1206
DIAMONDS EIGHT DIAMONDS SEVEN,0.755,0.016,0.229
DIAMONDS NINE DIAMONDS SEVEN,0.774,0.011,0.215
DIAMONDS NINE DIAMONDS EIGHT,0.7588,0.013,0.2282
DIAMONDS KING HEARTS TEN,0.8852,0.0128,0.102
HEARTS THREE HEARTS TEN,0.8284,0.0088,0.1628
SPADES JACK CLUBS SIX,0.8664,0.005,0.1286
DIAMONDS KING HEARTS JACK,0.8908,0.0148,0.0944
HEARTS THREE HEARTS JACK,0.8218,0.0092,0.169
SPADES TEN CLUBS SIX,0.8418,0.0062,0.152
SPADES JACK SPADES FIVE,0.8102,0.0104,0.1794
SPADES TEN SPADES FIVE,0.8164,0.0114,0.1722
DIAMONDS KING HEARTS ACE,0.6916,0.0094,0.299
HEARTS THREE HEARTS ACE,0.6742,0.0042,0.3216
SPADES ACE CLUBS SIX,0.7,0.004,0.296
DIAMONDS KING HEARTS QUEEN,0.8942,0.013,0.0928
HEARTS THREE HEARTS QUEEN,0.842,0.0038,0.1542
SPADES QUEEN CLUBS SIX,0.859,0.0032,0.1378
SPADES NINE HEARTS TEN,0.8258,0.0122,0.162
SPADES NINE HEARTS JACK,0.8378,0.0058,0.1564
SPADES QUEEN SPADES FIVE,0.826,0.005,0.169
SPADES ACE SPADES FIVE,0.6714,0.0046,0.324
SPADES NINE HEARTS QUEEN,0.8524,0.005,0.1426
SPADES NINE HEARTS ACE,0.723,0.0046,0.2724
CLUBS TEN SPADES JACK,0.82,0.0076,0.1724
CLUBS TEN SPADES TEN,0.7786,0.0362,0.1852
SPADES ACE CLUBS TEN,0.7042,0.003,0.2928
SPADES QUEEN CLUBS TEN,0.8466,0.0046,0.1488
SPADES FIVE HEARTS QUEEN,0.8656,0.0052,0.1292
SPADES FIVE HEARTS ACE,0.6902,0.0064,0.3034
HEARTS THREE SPADES JACK,0.8676,0.0084,0.124
SPADES JACK DIAMONDS KING,0.893,0.0104,0.0966
SPADES TEN CLUBS EIGHT,0.819,0.0104,0.1706
SPADES JACK CLUBS EIGHT,0.8424,0.0072,0.1504
HEARTS THREE SPADES TEN,0.868,0.0112,0.1208
SPADES TEN DIAMONDS KING,0.8874,0.0102,0.1024
CLUBS SIX HEARTS ACE,0.7128,0.0036,0.2836
SPADES ACE CLUBS EIGHT,0.7122,0.0024,0.2854
HEARTS FIVE CLUBS JACK,0.8632,0.0072,0.1296
CLUBS TEN HEARTS FIVE,0.8462,0.0098,0.144
CLUBS SIX HEARTS QUEEN,0.8658,0.0048,0.1294
SPADES QUEEN CLUBS EIGHT,0.8516,0.0034,0.145
CLUBS TEN SPADES THREE,0.8578,0.011,0.1312
SPADES THREE CLUBS JACK,0.862,0.0094,0.1286
DIAMONDS TWO HEARTS JACK,0.8576,0.0122,0.1302
SPADES THREE CLUBS QUEEN,0.8752,0.0032,0.1216
DIAMONDS TWO HEARTS TEN,0.8724,0.0126,0.115
SPADES THREE CLUBS KING,0.9196,0.0182,0.0622
HEARTS FIVE CLUBS ACE,0.6986,0.0024,0.299
SPADES FIVE HEARTS TEN,0.8604,0.0098,0.1298
SPADES THREE CLUBS ACE,0.707,0.0066,0.2864
HEARTS FIVE CLUBS KING,0.9198,0.0136,0.0666
SPADES FIVE HEARTS JACK,0.8598,0.0082,0.132
HEARTS FIVE CLUBS QUEEN,0.8556,0.004,0.1404
HEARTS THREE CLUBS KING,0.9236,0.0136,0.0628
DIAMONDS KING CLUBS KING,0.0214,0.9568,0.0218
HEARTS THREE CLUBS QUEEN,0.8642,0.0036,0.1322
DIAMONDS KING CLUBS QUEEN,0.8856,0.0134,0.101
HEARTS FIVE HEARTS JACK,0.8274,0.006,0.1666
HEARTS FIVE HEARTS TEN,0.8136,0.01,0.1764
HEARTS THREE CLUBS ACE,0.7158,0.0036,0.2806
DIAMONDS KING CLUBS ACE,0.6928,0.0058,0.3014
SPADES ACE CLUBS QUEEN,0.7126,0.003,0.2844
HEARTS THREE CLUBS JACK,0.8722,0.0074,0.1204
DIAMONDS KING CLUBS JACK,0.8862,0.0108,0.103
SPADES QUEEN CLUBS QUEEN,0.7944,0.037,0.1686
CLUBS TEN HEARTS THREE,0.8554,0.0104,0.1342
CLUBS TEN DIAMONDS KING,0.8736,0.0118,0.1146
SPADES JACK CLUBS QUEEN,0.8528,0.005,0.1422
CLUBS SIX CLUBS QUEEN,0.81,0.0036,0.1864
SPADES TEN CLUBS QUEEN,0.8514,0.0034,0.1452
CLUBS SIX CLUBS KING,0.8592,0.0126,0.1282
CLUBS SIX CLUBS ACE,0.667,0.0026,0.3304
HEARTS FIVE HEARTS QUEEN,0.8258,0.0036,0.1706
CLUBS TEN CLUBS SIX,0.8022,0.0086,0.1892
HEARTS FIVE HEARTS ACE,0.6648,0.0058,0.3294
CLUBS SIX CLUBS JACK,0.8154,0.0074,0.1772
SPADES SEVEN HEARTS JACK,0.853,0.0068,0.1402
SPADES SEVEN HEARTS TEN,0.8328,0.0112,0.156
DIAMONDS TWO CLUBS TWO,0.7694,0.034,0.1966
DIAMONDS TWO CLUBS THREE,0.833,0.0194,0.1476
HEARTS SIX DIAMONDS TWO,0.8476,0.019,0.1334
DIAMONDS TWO HEARTS QUEEN,0.8752,0.005,0.1198
DIAMONDS TWO HEARTS SEVEN,0.8618,0.0166,0.1216
DIAMONDS TWO HEARTS EIGHT,0.854,0.0164,0.1296
DIAMONDS TWO HEARTS ACE,0.707,0.0048,0.2882
DIAMONDS TWO HEARTS NINE,0.8658,0.0152,0.119
DIAMONDS TWO DIAMONDS QUEEN,0.821,0.0028,0.1762
DIAMONDS TWO HEARTS TWO,0.788,0.0332,0.1788
DIAMONDS TWO DIAMONDS KING,0.8628,0.0122,0.125
HEARTS THREE DIAMONDS TWO,0.8418,0.0202,0.138
DIAMONDS TWO DIAMONDS ACE,0.6706,0.006,0.3234
HEARTS FOUR DIAMONDS TWO,0.838,0.0198,0.1422
DIAMONDS TWO HEARTS FIVE,0.8218,0.0184,0.1598
SPADES SEVEN HEARTS ACE,0.7088,0.0046,0.2866
DIAMONDS TWO DIAMONDS TEN,0.8198,0.01,0.1702
DIAMONDS TWO DIAMONDS JACK,0.8238,0.006,0.1702
SPADES SEVEN HEARTS QUEEN,0.876,0.004,0.12
DIAMONDS TWO SPADES NINE,0.855,0.012,0.133
DIAMONDS TWO SPADES EIGHT,0.869,0.015,0.116
DIAMONDS TWO SPADES SEVEN,0.8628,0.018,0.1192
DIAMONDS TWO SPADES SIX,0.8508,0.0208,0.1284
DIAMONDS TWO SPADES FIVE,0.84,0.0204,0.1396
DIAMONDS TWO SPADES FOUR,0.8326,0.0194,0.148
DIAMONDS TWO SPADES THREE,0.839,0.0204,0.1406
DIAMONDS TWO SPADES TWO,0.7904,0.0366,0.173
CLUBS NINE DIAMONDS TWO,0.8512,0.0132,0.1356
DIAMONDS TWO CLUBS EIGHT,0.8508,0.0128,0.1364
CLUBS SEVEN DIAMONDS TWO,0.8584,0.0166,0.125
DIAMONDS TWO CLUBS SIX,0.8328,0.0174,0.1498
DIAMONDS TWO CLUBS FIVE,0.8162,0.0216,0.1622
DIAMONDS TWO CLUBS FOUR,0.8356,0.015,0.1494
CLUBS FOUR SPADES FIVE,0.7896,0.0204,0.19
CLUBS FOUR SPADES FOUR,0.7628,0.033,0.2042
CLUBS FOUR SPADES THREE,0.8252,0.0216,0.1532
CLUBS FOUR SPADES TWO,0.8362,0.02,0.1438
SPADES NINE CLUBS FOUR,0.8522,0.0148,0.133
SPADES EIGHT CLUBS FOUR,0.8346,0.0174,0.148
SPADES SEVEN CLUBS FOUR,0.8428,0.0166,0.1406
SPADES SIX CLUBS FOUR,0.8198,0.0218,0.1584
SPADES ACE DIAMONDS SIX,0.7068,0.0046,0.2886
SPADES QUEEN DIAMONDS SIX,0.8612,0.0038,0.135
SPADES TEN DIAMONDS SIX,0.8444,0.0082,0.1474
SPADES JACK DIAMONDS SIX,0.8664,0.0068,0.1268
SPADES QUEEN SPADES TWO,0.8354,0.0046,0.16
SPADES ACE SPADES TWO,0.6696,0.0054,0.325
DIAMONDS JACK CLUBS JACK,0.7658,0.039,0.1952
CLUBS TEN DIAMONDS JACK,0.8174,0.007,0.1756
DIAMONDS JACK CLUBS KING,0.887,0.0116,0.1014
DIAMONDS JACK CLUBS QUEEN,0.8538,0.0042,0.142
DIAMONDS THREE DIAMONDS JACK,0.8116,0.0084,0.18
DIAMONDS THREE DIAMONDS TEN,0.8042,0.0094,0.1864
DIAMONDS JACK CLUBS ACE,0.7012,0.003,0.2958
DIAMONDS THREE DIAMONDS KING,0.8626,0.015,0.1224
HEARTS THREE DIAMONDS THREE,0.767,0.035,0.198
DIAMONDS THREE DIAMONDS QUEEN,0.8278,0.0052,0.167
DIAMONDS THREE HEARTS TWO,0.832,0.0206,0.1474
HEARTS FIVE DIAMONDS THREE,0.8142,0.0202,0.1656
DIAMONDS THREE DIAMONDS ACE,0.6684,0.0054,0.3262
HEARTS FOUR DIAMONDS THREE,0.8142,0.0218,0.164
DIAMONDS THREE HEARTS SEVEN,0.8346,0.018,0.1474
SPADES TEN SPADES NINE,0.7912,0.0116,0.1972
HEARTS SIX DIAMONDS THREE,0.8284,0.0176,0.154
SPADES JACK SPADES NINE,0.8042,0.0068,0.189
DIAMONDS THREE HEARTS NINE,0.8666,0.0138,0.1196
HEARTS JACK DIAMONDS FOUR,0.8606,0.0052,0.1342
SPADES TEN SPADES TWO,0.8278,0.0122,0.16
DIAMONDS THREE HEARTS EIGHT,0.86,0.016,0.124
HEARTS TEN DIAMONDS FOUR,0.858,0.0132,0.1288
SPADES JACK SPADES TWO,0.8316,0.0086,0.1598
HEARTS QUEEN DIAMONDS FOUR,0.8574,0.0058,0.1368
SPADES ACE SPADES NINE,0.683,0.0046,0.3124
HEARTS ACE DIAMONDS FOUR,0.6888,0.0056,0.3056
SPADES QUEEN SPADES NINE,0.8154,0.0036,0.181
DIAMONDS THREE SPADES NINE,0.8546,0.0134,0.132
DIAMONDS THREE SPADES EIGHT,0.863,0.0174,0.1196
DIAMONDS THREE SPADES SEVEN,0.8406,0.0148,0.1446
DIAMONDS THREE SPADES SIX,0.8338,0.0196,0.1466
DIAMONDS THREE CLUBS SIX,0.8172,0.018,0.1648
CLUBS FIVE CLUBS SIX,0.747,0.0186,0.2344
CLUBS ACE DIAMONDS FOUR,0.6984,0.003,0.2986
CLUBS SEVEN DIAMONDS THREE,0.8332,0.014,0.1528
CLUBS SEVEN CLUBS FIVE,0.7686,0.017,0.2144
DIAMONDS THREE CLUBS FOUR,0.8114,0.0176,0.171
DIAMONDS FOUR CLUBS QUEEN,0.8572,0.005,0.1378
DIAMONDS THREE CLUBS FIVE,0.7916,0.0192,0.1892
CLUBS KING DIAMONDS FOUR,0.9094,0.0142,0.0764
DIAMONDS THREE CLUBS TWO,0.8376,0.0168,0.1456
CLUBS TEN DIAMONDS FOUR,0.8426,0.0102,0.1472
DIAMONDS THREE CLUBS THREE,0.776,0.0342,0.1898
DIAMONDS FOUR CLUBS JACK,0.8542,0.0054,0.1404
DIAMONDS THREE SPADES FOUR,0.8024,0.023,0.1746
DIAMONDS THREE SPADES FIVE,0.8038,0.023,0.1732
DIAMONDS THREE SPADES TWO,0.8328,0.02,0.1472
DIAMONDS THREE SPADES THREE,0.7804,0.038,0.1816
CLUBS EIGHT DIAMONDS THREE,0.8588,0.0158,0.1254
CLUBS NINE DIAMONDS THREE,0.844,0.0118,0.1442
SPADES SEVEN CLUBS ACE,0.711,0.0034,0.2856
SPADES SEVEN CLUBS QUEEN,0.8624,0.0048,0.1328
SPADES SEVEN CLUBS KING,0.9084,0.0146,0.077
CLUBS FIVE SPADES SEVEN,0.811,0.0202,0.1688
CLUBS TEN SPADES SEVEN,0.8238,0.0066,0.1696
CLUBS FIVE SPADES SIX,0.7834,0.0204,0.1962
SPADES SEVEN CLUBS JACK,0.8402,0.0064,0.1534
SPADES NINE CLUBS FIVE,0.8382,0.0108,0.151
CLUBS FIVE SPADES EIGHT,0.8286,0.0154,0.156
CLUBS FIVE SPADES THREE,0.8186,0.0174,0.164
CLUBS FIVE SPADES TWO,0.8332,0.018,0.1488
CLUBS FIVE SPADES FIVE,0.7694,0.0344,0.1962
CLUBS FIVE SPADES FOUR,0.7982,0.0198,0.182
CLUBS NINE CLUBS FIVE,0.7812,0.0136,0.2052
CLUBS EIGHT CLUBS FIVE,0.7756,0.0158,0.2086
CLUBS ACE CLUBS QUEEN,0.6796,0.0036,0.3168
CLUBS KING CLUBS QUEEN,0.8454,0.01,0.1446
DIAMONDS TEN DIAMONDS FOUR,0.8128,0.0092,0.178
CLUBS TEN DIAMONDS NINE,0.8038,0.0102,0.186
DIAMONDS JACK DIAMONDS FOUR,0.8142,0.0066,0.1792
DIAMONDS NINE CLUBS JACK,0.8158,0.0062,0.178
SPADES NINE CLUBS JACK,0.8254,0.0078,0.1668
CLUBS TEN SPADES NINE,0.8212,0.0118,0.167
DIAMONDS ACE DIAMONDS FOUR,0.6704,0.004,0.3256
HEARTS FOUR DIAMONDS FOUR,0.7748,0.0372,0.188
DIAMONDS JACK HEARTS TEN,0.8144,0.0068,0.1788
SPADES NINE CLUBS KING,0.8992,0.0132,0.0876
DIAMONDS TWO SPADES TEN,0.8632,0.0116,0.1252
DIAMONDS NINE CLUBS ACE,0.7096,0.0032,0.2872
HEARTS FIVE DIAMONDS FOUR,0.79,0.022,0.188
HEARTS JACK DIAMONDS JACK,0.7768,0.0382,0.185
SPADES NINE CLUBS QUEEN,0.8452,0.0044,0.1504
SPADES JACK DIAMONDS TWO,0.8634,0.0086,0.128
DIAMONDS QUEEN DIAMONDS FOUR,0.816,0.0034,0.1806
HEARTS TWO DIAMONDS FOUR,0.8232,0.0204,0.1564
DIAMONDS NINE CLUBS QUEEN,0.835,0.0026,0.1624
DIAMONDS KING DIAMONDS FOUR,0.8634,0.0094,0.1272
HEARTS THREE DIAMONDS FOUR,0.8152,0.0218,0.163
SPADES NINE CLUBS ACE,0.7106,0.0044,0.285
DIAMONDS NINE CLUBS KING,0.9002,0.0122,0.0876
HEARTS ACE DIAMONDS JACK,0.7034,0.004,0.2926
SPADES ACE DIAMONDS TWO,0.715,0.0036,0.2814
DIAMONDS JACK HEARTS QUEEN,0.8588,0.0022,0.139
SPADES QUEEN DIAMONDS TWO,0.8754,0.0048,0.1198
SPADES JACK SPADES SEVEN,0.8112,0.0044,0.1844
SPADES TEN SPADES SEVEN,0.7976,0.0118,0.1906
CLUBS SEVEN CLUBS THREE,0.7956,0.0178,0.1866
CLUBS SIX CLUBS THREE,0.784,0.019,0.197
CLUBS FIVE CLUBS THREE,0.7712,0.0188,0.21
CLUBS THREE CLUBS FOUR,0.7674,0.0206,0.212
CLUBS NINE CLUBS THREE,0.807,0.0102,0.1828
CLUBS EIGHT CLUBS THREE,0.8092,0.0142,0.1766
CLUBS THREE SPADES FIVE,0.8084,0.0242,0.1674
CLUBS THREE SPADES FOUR,0.8154,0.0172,0.1674
CLUBS THREE SPADES THREE,0.7764,0.036,0.1876
CLUBS THREE SPADES TWO,0.8354,0.0186,0.146
CLUBS THREE SPADES SIX,0.8256,0.0234,0.151
SPADES SEVEN CLUBS THREE,0.844,0.017,0.139
SPADES EIGHT CLUBS THREE,0.8616,0.0142,0.1242
SPADES NINE CLUBS THREE,0.8572,0.0116,0.1312
SPADES TWO DIAMONDS FOUR,0.837,0.0224,0.1406
SPADES THREE DIAMONDS FOUR,0.8126,0.0186,0.1688
SPADES FOUR DIAMONDS FOUR,0.7722,0.0342,0.1936
SPADES FIVE DIAMONDS FOUR,0.7904,0.0196,0.19
SPADES SIX DIAMONDS FOUR,0.8152,0.0204,0.1644
SPADES SEVEN DIAMONDS FOUR,0.8248,0.0176,0.1576
SPADES EIGHT DIAMONDS FOUR,0.8474,0.0138,0.1388
SPADES NINE DIAMONDS FOUR,0.854,0.0148,0.1312
CLUBS FIVE DIAMONDS FOUR,0.7928,0.0182,0.189
CLUBS FOUR DIAMONDS FOUR,0.763,0.0358,0.2012
CLUBS SEVEN DIAMONDS FOUR,0.8168,0.0156,0.1676
CLUBS SIX DIAMONDS FOUR,0.8134,0.0192,0.1674
CLUBS NINE DIAMONDS FOUR,0.8522,0.0098,0.138
CLUBS EIGHT DIAMONDS FOUR,0.8362,0.0162,0.1476
DIAMONDS FOUR HEARTS SEVEN,0.8256,0.0198,0.1546
HEARTS SIX DIAMONDS FOUR,0.8152,0.0172,0.1676
HEARTS NINE DIAMONDS FOUR,0.8574,0.0134,0.1292
DIAMONDS FOUR HEARTS EIGHT,0.8564,0.0112,0.1324
CLUBS THREE DIAMONDS FOUR,0.7992,0.0206,0.1802
CLUBS TWO DIAMONDS FOUR,0.8258,0.0204,0.1538
DIAMONDS TEN DIAMONDS FIVE,0.8038,0.0112,0.185
DIAMONDS JACK DIAMONDS FIVE,0.8064,0.0086,0.185
DIAMONDS NINE HEARTS QUEEN,0.8494,0.0048,0.1458
HEARTS ACE DIAMONDS NINE,0.7114,0.004,0.2846
DIAMONDS NINE HEARTS TEN,0.8166,0.011,0.1724
DIAMONDS NINE HEARTS JACK,0.8294,0.0072,0.1634
CLUBS KING DIAMONDS SIX,0.9014,0.0128,0.0858
CLUBS QUEEN DIAMONDS SIX,0.8574,0.0028,0.1398
CLUBS ACE DIAMONDS SIX,0.7126,0.0032,0.2842
SPADES ACE SPADES SEVEN,0.6854,0.0046,0.31
SPADES QUEEN DIAMONDS FOUR,0.8558,0.0044,0.1398
SPADES QUEEN SPADES SEVEN,0.828,0.0058,0.1662
CLUBS JACK DIAMONDS SIX,0.8436,0.008,0.1484
SPADES ACE DIAMONDS FOUR,0.6918,0.0048,0.3034
CLUBS TEN DIAMONDS SIX,0.8336,0.0106,0.1558
CLUBS NINE CLUBS FOUR,0.8036,0.0124,0.184
CLUBS EIGHT CLUBS FOUR,0.794,0.0152,0.1908
SPADES JACK DIAMONDS FOUR,0.8628,0.0096,0.1276
SPADES TEN DIAMONDS FOUR,0.8484,0.0094,0.1422
CLUBS FIVE CLUBS FOUR,0.7472,0.0192,0.2336
CLUBS SEVEN CLUBS FOUR,0.7778,0.0148,0.2074
CLUBS SIX CLUBS FOUR,0.7658,0.021,0.2132
CLUBS SEVEN SPADES EIGHT,0.806,0.0138,0.1802
CLUBS SEVEN SPADES NINE,0.8156,0.014,0.1704
CLUBS SEVEN SPADES SIX,0.792,0.0154,0.1926
CLUBS SEVEN SPADES SEVEN,0.7736,0.0324,0.194
CLUBS SEVEN SPADES FIVE,0.8048,0.0188,0.1764
CLUBS SEVEN SPADES FOUR,0.8302,0.0172,0.1526
CLUBS SEVEN SPADES THREE,0.8302,0.0162,0.1536
CLUBS SEVEN SPADES TWO,0.8608,0.016,0.1232
CLUBS NINE CLUBS SEVEN,0.7718,0.0104,0.2178
CLUBS SEVEN CLUBS EIGHT,0.7492,0.0138,0.237
HEARTS SIX DIAMONDS FIVE,0.8044,0.0166,0.179
DIAMONDS FIVE HEARTS SEVEN,0.82,0.0152,0.1648
DIAMONDS FIVE HEARTS EIGHT,0.8258,0.0162,0.158
HEARTS NINE DIAMONDS FIVE,0.833,0.0142,0.1528
DIAMONDS QUEEN DIAMONDS FIVE,0.805,0.0042,0.1908
HEARTS TWO DIAMONDS FIVE,0.8342,0.0186,0.1472
DIAMONDS KING DIAMONDS FIVE,0.8586,0.0142,0.1272
HEARTS THREE DIAMONDS FIVE,0.8088,0.02,0.1712
HEARTS QUEEN HEARTS EIGHT,0.8208,0.0074,0.1718
DIAMONDS ACE DIAMONDS FIVE,0.6528,0.0034,0.3438
HEARTS FOUR DIAMONDS FIVE,0.7926,0.0164,0.191
HEARTS FIVE DIAMONDS FIVE,0.781,0.0312,0.1878
HEARTS ACE HEARTS EIGHT,0.6816,0.0056,0.3128
CLUBS FOUR DIAMONDS FIVE,0.788,0.021,0.191
CLUBS FIVE DIAMONDS FIVE,0.777,0.033,0.19
CLUBS SIX DIAMONDS FIVE,0.7914,0.0162,0.1924
CLUBS SEVEN DIAMONDS FIVE,0.803,0.0146,0.1824
CLUBS TWO DIAMONDS FIVE,0.8322,0.0198,0.148
CLUBS THREE DIAMONDS FIVE,0.81,0.0204,0.1696
SPADES THREE DIAMONDS FIVE,0.8032,0.0182,0.1786
SPADES TWO DIAMONDS FIVE,0.8206,0.0188,0.1606
SPADES JACK DIAMONDS EIGHT,0.8236,0.0072,0.1692
SPADES FIVE DIAMONDS FIVE,0.7642,0.0398,0.196
CLUBS TEN HEARTS JACK,0.8226,0.0076,0.1698
SPADES TEN DIAMONDS EIGHT,0.8214,0.0106,0.168
SPADES FOUR DIAMONDS FIVE,0.7956,0.018,0.1864
HEARTS JACK CLUBS JACK,0.7796,0.0324,0.188
HEARTS JACK CLUBS QUEEN,0.8504,0.0022,0.1474
CLUBS NINE DIAMONDS FIVE,0.8294,0.014,0.1566
HEARTS JACK CLUBS KING,0.8908,0.0118,0.0974
CLUBS EIGHT DIAMONDS FIVE,0.8274,0.0136,0.159
HEARTS JACK CLUBS ACE,0.7144,0.0048,0.2808
SPADES SEVEN DIAMONDS FIVE,0.8032,0.0182,0.1786
SPADES SIX DIAMONDS FIVE,0.8072,0.016,0.1768
SPADES QUEEN DIAMONDS EIGHT,0.8532,0.0042,0.1426
SPADES NINE DIAMONDS FIVE,0.8432,0.0106,0.1462
SPADES EIGHT DIAMONDS FIVE,0.827,0.0142,0.1588
SPADES ACE DIAMONDS EIGHT,0.709,0.0042,0.2868
DIAMONDS TEN DIAMONDS SIX,0.7984,0.007,0.1946
HEARTS ACE DIAMONDS SEVEN,0.7126,0.0036,0.2838
DIAMONDS JACK DIAMONDS SIX,0.8146,0.0094,0.176
HEARTS QUEEN DIAMONDS SEVEN,0.866,0.0036,0.1304
DIAMONDS ACE DIAMONDS SIX,0.6858,0.0028,0.3114
HEARTS FOUR DIAMONDS SIX,0.813,0.0166,0.1704
HEARTS JACK SPADES TWO,0.8774,0.0092,0.1134
HEARTS FIVE DIAMONDS SIX,0.796,0.019,0.185
SPADES TWO HEARTS TEN,0.8682,0.0114,0.1204
DIAMONDS QUEEN DIAMONDS SIX,0.805,0.0042,0.1908
HEARTS TWO DIAMONDS SIX,0.842,0.0224,0.1356
DIAMONDS KING DIAMONDS SIX,0.8524,0.0138,0.1338
HEARTS THREE DIAMONDS SIX,0.8256,0.0174,0.157
HEARTS EIGHT DIAMONDS SIX,0.8116,0.0148,0.1736
HEARTS NINE DIAMONDS SIX,0.835,0.0106,0.1544
HEARTS SIX DIAMONDS SIX,0.7754,0.0306,0.194
HEARTS SEVEN DIAMONDS SIX,0.7978,0.0182,0.184
HEARTS TEN DIAMONDS SEVEN,0.8332,0.0096,0.1572
CLUBS TWO DIAMONDS SIX,0.839,0.0186,0.1424
HEARTS JACK DIAMONDS SEVEN,0.8376,0.0084,0.154
CLUBS THREE DIAMONDS SIX,0.8268,0.0182,0.155
CLUBS SEVEN DIAMONDS SIX,0.785,0.014,0.201
DIAMONDS EIGHT CLUBS JACK,0.8266,0.0064,0.167
CLUBS SIX DIAMONDS SIX,0.766,0.0342,0.1998
CLUBS TEN DIAMONDS EIGHT,0.8096,0.008,0.1824
CLUBS FIVE DIAMONDS SIX,0.7852,0.0208,0.194
CLUBS FOUR DIAMONDS SIX,0.807,0.0206,0.1724
HEARTS ACE HEARTS JACK,0.6706,0.0054,0.324
DIAMONDS EIGHT CLUBS ACE,0.7084,0.0034,0.2882
HEARTS JACK HEARTS QUEEN,0.8146,0.0062,0.1792
DIAMONDS EIGHT CLUBS KING,0.9146,0.0132,0.0722
CLUBS NINE DIAMONDS SIX,0.8204,0.0114,0.1682
DIAMONDS EIGHT CLUBS QUEEN,0.8432,0.0044,0.1524
CLUBS EIGHT DIAMONDS SIX,0.7994,0.0142,0.1864
SPADES FIVE DIAMONDS SIX,0.7926,0.0184,0.189
HEARTS ACE SPADES TWO,0.7062,0.0064,0.2874
SPADES FOUR DIAMONDS SIX,0.822,0.017,0.161
SPADES THREE DIAMONDS SIX,0.836,0.0188,0.1452
SPADES TWO HEARTS QUEEN,0.8776,0.0052,0.1172
SPADES TWO DIAMONDS SIX,0.8416,0.0212,0.1372
HEARTS TEN HEARTS EIGHT,0.783,0.0118,0.2052
SPADES NINE DIAMONDS SIX,0.8272,0.0104,0.1624
HEARTS JACK HEARTS EIGHT,0.8054,0.0066,0.188
SPADES EIGHT DIAMONDS SIX,0.8192,0.0134,0.1674
SPADES SEVEN DIAMONDS SIX,0.799,0.0158,0.1852
SPADES SIX DIAMONDS SIX,0.7718,0.0358,0.1924
CLUBS ACE CLUBS KING,0.6522,0.0084,0.3394
SPADES ACE HEARTS JACK,0.709,0.0044,0.2866
SPADES QUEEN HEARTS JACK,0.8526,0.0046,0.1428
SPADES TEN DIAMONDS TEN,0.7796,0.0344,0.186
SPADES JACK DIAMONDS TEN,0.822,0.0058,0.1722
SPADES ACE DIAMONDS TEN,0.719,0.0022,0.2788
SPADES JACK HEARTS JACK,0.7976,0.0336,0.1688
SPADES TEN HEARTS JACK,0.833,0.0096,0.1574
SPADES QUEEN DIAMONDS TEN,0.8402,0.0042,0.1556
SPADES NINE DIAMONDS SEVEN,0.8106,0.012,0.1774
SPADES EIGHT DIAMONDS SEVEN,0.8078,0.0136,0.1786
SPADES SEVEN DIAMONDS SEVEN,0.7728,0.0366,0.1906
SPADES SIX DIAMONDS SEVEN,0.7982,0.0148,0.187
DIAMONDS KING DIAMONDS SEVEN,0.8516,0.012,0.1364
HEARTS THREE DIAMONDS SEVEN,0.8336,0.0184,0.148
DIAMONDS QUEEN DIAMONDS SEVEN,0.8186,0.004,0.1774
HEARTS TWO DIAMONDS SEVEN,0.8618,0.0152,0.123
HEARTS QUEEN DIAMONDS FIVE,0.8566,0.0044,0.139
HEARTS FIVE DIAMONDS SEVEN,0.8044,0.0198,0.1758
DIAMONDS ACE DIAMONDS SEVEN,0.685,0.0038,0.3112
HEARTS FOUR DIAMONDS SEVEN,0.8094,0.0202,0.1704
HEARTS ACE DIAMONDS FIVE,0.702,0.0044,0.2936
HEARTS SEVEN DIAMONDS SEVEN,0.7744,0.0338,0.1918
HEARTS SIX DIAMONDS SEVEN,0.7996,0.0142,0.1862
HEARTS NINE DIAMONDS SEVEN,0.809,0.0132,0.1778
DIAMONDS SEVEN HEARTS EIGHT,0.8004,0.0122,0.1874
DIAMONDS JACK DIAMONDS SEVEN,0.798,0.0076,0.1944
HEARTS JACK DIAMONDS FIVE,0.8584,0.0048,0.1368
DIAMONDS TEN DIAMONDS SEVEN,0.7836,0.0096,0.2068
DIAMONDS FIVE HEARTS TEN,0.8588,0.0078,0.1334
CLUBS EIGHT DIAMONDS SEVEN,0.8064,0.0154,0.1782
SPADES QUEEN CLUBS TWO,0.8782,0.0032,0.1186
CLUBS NINE DIAMONDS SEVEN,0.8024,0.0108,0.1868
SPADES TWO CLUBS JACK,0.862,0.0086,0.1294
SPADES ACE CLUBS TWO,0.7044,0.0046,0.291
CLUBS TEN SPADES TWO,0.8612,0.0108,0.128
CLUBS SEVEN CLUBS SIX,0.7504,0.0162,0.2334
SPADES TWO CLUBS KING,0.9238,0.0162,0.06
SPADES TWO DIAMONDS SEVEN,0.8564,0.016,0.1276
CLUBS EIGHT CLUBS SIX,0.774,0.0122,0.2138
SPADES THREE DIAMONDS SEVEN,0.8408,0.0156,0.1436
SPADES TWO CLUBS QUEEN,0.8788,0.0052,0.116
CLUBS NINE CLUBS SIX,0.787,0.0096,0.2034
SPADES FOUR DIAMONDS SEVEN,0.8184,0.0154,0.1662
SPADES FIVE DIAMONDS SEVEN,0.8014,0.0184,0.1802
SPADES TWO CLUBS ACE,0.7168,0.007,0.2762
CLUBS SIX SPADES TWO,0.852,0.0178,0.1302
CLUBS SIX SPADES THREE,0.8274,0.0158,0.1568
CLUBS TWO DIAMONDS SEVEN,0.8566,0.0162,0.1272
CLUBS SIX SPADES FOUR,0.8128,0.0194,0.1678
CLUBS THREE DIAMONDS SEVEN,0.8342,0.0168,0.149
CLUBS SIX SPADES FIVE,0.8004,0.0204,0.1792
CLUBS FOUR DIAMONDS SEVEN,0.8328,0.015,0.1522
CLUBS SIX SPADES SIX,0.781,0.036,0.183
CLUBS FIVE DIAMONDS SEVEN,0.8082,0.018,0.1738
CLUBS SIX SPADES SEVEN,0.7956,0.0194,0.185
CLUBS SIX DIAMONDS SEVEN,0.7884,0.0174,0.1942
SPADES EIGHT CLUBS SIX,0.8072,0.016,0.1768
SPADES JACK CLUBS TWO,0.867,0.0066,0.1264
CLUBS SEVEN DIAMONDS SEVEN,0.7758,0.0322,0.192
SPADES NINE CLUBS SIX,0.827,0.0138,0.1592
SPADES TEN CLUBS TWO,0.8558,0.0102,0.134
CLUBS TWO CLUBS QUEEN,0.8226,0.0038,0.1736
CLUBS TWO CLUBS KING,0.8652,0.0168,0.118
CLUBS THREE DIAMONDS EIGHT,0.843,0.0134,0.1436
CLUBS TWO CLUBS ACE,0.667,0.0042,0.3288
CLUBS TWO DIAMONDS EIGHT,0.8574,0.011,0.1316
DIAMONDS EIGHT HEARTS SEVEN,0.7998,0.0148,0.1854
HEARTS SIX DIAMONDS EIGHT,0.8132,0.0176,0.1692
DIAMONDS EIGHT HEARTS NINE,0.803,0.0108,0.1862
CLUBS TEN CLUBS TWO,0.8116,0.0064,0.182
DIAMONDS EIGHT HEARTS EIGHT,0.7718,0.0342,0.194
CLUBS TWO CLUBS JACK,0.8252,0.0082,0.1666
CLUBS NINE DIAMONDS EIGHT,0.7998,0.0104,0.1898
CLUBS EIGHT DIAMONDS EIGHT,0.7738,0.0358,0.1904
CLUBS FIVE DIAMONDS EIGHT,0.8212,0.012,0.1668
SPADES ACE SPADES THREE,0.6788,0.0066,0.3146
CLUBS FOUR DIAMONDS EIGHT,0.8384,0.0144,0.1472
CLUBS SEVEN DIAMONDS EIGHT,0.7914,0.0148,0.1938
SPADES QUEEN SPADES THREE,0.8326,0.0046,0.1628
CLUBS SIX DIAMONDS EIGHT,0.798,0.0116,0.1904
DIAMONDS QUEEN DIAMONDS EIGHT,0.7982,0.003,0.1988
HEARTS TWO DIAMONDS EIGHT,0.8642,0.014,0.1218
DIAMONDS KING DIAMONDS EIGHT,0.8532,0.0116,0.1352
HEARTS THREE DIAMONDS EIGHT,0.865,0.0172,0.1178
DIAMONDS ACE DIAMONDS EIGHT,0.676,0.0042,0.3198
HEARTS FOUR DIAMONDS EIGHT,0.84,0.015,0.145
HEARTS FIVE DIAMONDS EIGHT,0.8294,0.0164,0.1542
DIAMONDS EIGHT DIAMONDS TEN,0.7716,0.0092,0.2192
DIAMONDS EIGHT DIAMONDS JACK,0.7904,0.0068,0.2028
SPADES JACK SPADES THREE,0.8338,0.0076,0.1586
SPADES TEN SPADES THREE,0.827,0.0094,0.1636
CLUBS FOUR HEARTS ACE,0.6914,0.0042,0.3044
CLUBS FOUR HEARTS QUEEN,0.8694,0.0036,0.127
CLUBS SIX HEARTS TEN,0.8424,0.0088,0.1488
CLUBS SIX HEARTS JACK,0.8618,0.0074,0.1308
SPADES FOUR DIAMONDS EIGHT,0.847,0.0146,0.1384
SPADES FIVE DIAMONDS EIGHT,0.83,0.018,0.152
DIAMONDS EIGHT SPADES TWO,0.8558,0.0142,0.13
DIAMONDS EIGHT SPADES THREE,0.8588,0.0166,0.1246
CLUBS FOUR HEARTS JACK,0.8586,0.0082,0.1332
SPADES EIGHT DIAMONDS EIGHT,0.7724,0.0342,0.1934
SPADES JACK HEARTS EIGHT,0.8426,0.007,0.1504
SPADES TEN HEARTS TWO,0.8732,0.0126,0.1142
SPADES TEN DIAMONDS QUEEN,0.8378,0.0046,0.1576
CLUBS FOUR HEARTS TEN,0.8594,0.0124,0.1282
SPADES NINE DIAMONDS EIGHT,0.7996,0.0132,0.1872
SPADES JACK HEARTS TWO,0.8758,0.0084,0.1158
SPADES JACK DIAMONDS QUEEN,0.8512,0.0028,0.146
SPADES TEN HEARTS EIGHT,0.825,0.0114,0.1636
SPADES SIX DIAMONDS EIGHT,0.8164,0.016,0.1676
SPADES SEVEN DIAMONDS EIGHT,0.8058,0.0156,0.1786
SPADES ACE HEARTS TWO,0.721,0.0048,0.2742
SPADES ACE DIAMONDS QUEEN,0.7142,0.0028,0.283
SPADES ACE HEARTS EIGHT,0.7192,0.0048,0.276
SPADES QUEEN DIAMONDS QUEEN,0.7874,0.0392,0.1734
SPADES QUEEN HEARTS TWO,0.8796,0.007,0.1134
SPADES QUEEN HEARTS EIGHT,0.8514,0.0046,0.144
CLUBS TWO HEARTS TEN,0.8624,0.0096,0.128
CLUBS TWO HEARTS JACK,0.8768,0.0074,0.1158
SPADES SEVEN DIAMONDS NINE,0.8172,0.014,0.1688
SPADES SIX DIAMONDS NINE,0.8286,0.0132,0.1582
SPADES NINE DIAMONDS NINE,0.7732,0.0374,0.1894
SPADES EIGHT DIAMONDS NINE,0.8048,0.0136,0.1816
SPADES TEN CLUBS KING,0.8946,0.0106,0.0948
DIAMONDS NINE SPADES THREE,0.854,0.0118,0.1342
SPADES JACK CLUBS KING,0.89,0.0142,0.0958
DIAMONDS NINE SPADES TWO,0.862,0.0144,0.1236
SPADES FIVE DIAMONDS NINE,0.8296,0.0138,0.1566
DIAMONDS NINE SPADES FOUR,0.8516,0.0124,0.136
CLUBS NINE DIAMONDS NINE,0.761,0.0362,0.2028
CLUBS EIGHT DIAMONDS NINE,0.7958,0.0106,0.1936
CLUBS SIX DIAMONDS NINE,0.8178,0.01,0.1722
SPADES JACK CLUBS FOUR,0.8734,0.0054,0.1212
CLUBS SEVEN DIAMONDS NINE,0.811,0.0142,0.1748
SPADES TEN CLUBS FOUR,0.8504,0.0128,0.1368
CLUBS FOUR DIAMONDS NINE,0.8466,0.0148,0.1386
CLUBS FIVE DIAMONDS NINE,0.836,0.0106,0.1534
DIAMONDS NINE CLUBS TWO,0.851,0.0122,0.1368
CLUBS THREE DIAMONDS NINE,0.8466,0.0148,0.1386
DIAMONDS NINE HEARTS EIGHT,0.807,0.0118,0.1812
DIAMONDS NINE HEARTS NINE,0.7762,0.0326,0.1912
HEARTS SIX DIAMONDS NINE,0.8354,0.0116,0.153
DIAMONDS NINE HEARTS SEVEN,0.8158,0.0104,0.1738
CLUBS NINE CLUBS EIGHT,0.7726,0.0108,0.2166
DIAMONDS ACE DIAMONDS NINE,0.679,0.0024,0.3186
HEARTS FOUR DIAMONDS NINE,0.8608,0.0134,0.1258
HEARTS FIVE DIAMONDS NINE,0.8368,0.0164,0.1468
HEARTS ACE CLUBS TWO,0.6974,0.0044,0.2982
SPADES ACE CLUBS FOUR,0.6976,0.0032,0.2992
DIAMONDS QUEEN DIAMONDS NINE,0.8014,0.0038,0.1948
HEARTS TWO DIAMONDS NINE,0.865,0.0158,0.1192
DIAMONDS KING DIAMONDS NINE,0.842,0.0152,0.1428
HEARTS THREE DIAMONDS NINE,0.8524,0.0142,0.1334
CLUBS TWO HEARTS QUEEN,0.877,0.006,0.117
SPADES QUEEN CLUBS FOUR,0.8594,0.0042,0.1364
DIAMONDS NINE DIAMONDS JACK,0.7876,0.006,0.2064
CLUBS EIGHT SPADES NINE,0.8036,0.0106,0.1858
DIAMONDS NINE DIAMONDS TEN,0.7748,0.0082,0.217
CLUBS EIGHT SPADES EIGHT,0.7656,0.0366,0.1978
CLUBS EIGHT SPADES SEVEN,0.8042,0.015,0.1808
CLUBS EIGHT SPADES SIX,0.8082,0.0164,0.1754
CLUBS EIGHT SPADES FIVE,0.824,0.0144,0.1616
CLUBS EIGHT SPADES FOUR,0.8458,0.0144,0.1398
CLUBS EIGHT SPADES THREE,0.8536,0.016,0.1304
CLUBS EIGHT SPADES TWO,0.8572,0.0158,0.127
HEARTS SIX DIAMONDS TEN,0.8394,0.0092,0.1514
DIAMONDS TEN HEARTS SEVEN,0.8218,0.0088,0.1694
DIAMONDS TEN HEARTS EIGHT,0.822,0.0122,0.1658
CLUBS FOUR CLUBS JACK,0.8092,0.0068,0.184
DIAMONDS TEN HEARTS NINE,0.8126,0.0088,0.1786
CLUBS TEN CLUBS FOUR,0.7988,0.0092,0.192
CLUBS FOUR CLUBS KING,0.8624,0.0116,0.126
CLUBS FOUR CLUBS QUEEN,0.827,0.0046,0.1684
CLUBS TWO DIAMONDS TEN,0.856,0.0078,0.1362
CLUBS THREE DIAMONDS TEN,0.8556,0.0124,0.132
CLUBS FOUR CLUBS ACE,0.668,0.0038,0.3282
DIAMONDS JACK DIAMONDS TEN,0.777,0.0078,0.2152
DIAMONDS QUEEN DIAMONDS TEN,0.794,0.005,0.201
HEARTS TWO DIAMONDS TEN,0.8554,0.0082,0.1364
DIAMONDS KING DIAMONDS TEN,0.8358,0.0114,0.1528
HEARTS THREE DIAMONDS TEN,0.8624,0.0096,0.128
DIAMONDS ACE DIAMONDS TEN,0.666,0.0022,0.3318
HEARTS FOUR DIAMONDS TEN,0.8566,0.0092,0.1342
CLUBS EIGHT HEARTS JACK,0.84,0.0068,0.1532
HEARTS FIVE DIAMONDS TEN,0.8496,0.0126,0.1378
CLUBS EIGHT HEARTS TEN,0.8204,0.0086,0.171
CLUBS EIGHT HEARTS QUEEN,0.8506,0.0032,0.1462
CLUBS EIGHT HEARTS ACE,0.7176,0.0046,0.2778
CLUBS NINE SPADES THREE,0.8568,0.0128,0.1304
CLUBS NINE SPADES TWO,0.8554,0.013,0.1316
CLUBS NINE SPADES FIVE,0.834,0.0122,0.1538
CLUBS NINE SPADES FOUR,0.8552,0.0142,0.1306
CLUBS NINE SPADES SEVEN,0.811,0.0118,0.1772
CLUBS NINE SPADES SIX,0.835,0.0098,0.1552
CLUBS NINE SPADES NINE,0.7752,0.0364,0.1884
CLUBS TEN HEARTS EIGHT,0.82,0.0096,0.1704
CLUBS NINE SPADES EIGHT,0.7996,0.0142,0.1862
CLUBS JACK HEARTS EIGHT,0.8424,0.007,0.1506
CLUBS QUEEN HEARTS EIGHT,0.8496,0.0028,0.1476
CLUBS KING HEARTS EIGHT,0.9168,0.014,0.0692
CLUBS ACE HEARTS EIGHT,0.713,0.002,0.285
SPADES QUEEN CLUBS KING,0.8908,0.0132,0.096
SPADES ACE CLUBS KING,0.6956,0.0084,0.296
DIAMONDS ACE HEARTS TEN,0.7078,0.0024,0.2898
HEARTS FOUR HEARTS TEN,0.813,0.011,0.176
DIAMONDS ACE HEARTS JACK,0.7138,0.0046,0.2816
HEARTS FOUR HEARTS JACK,0.819,0.01,0.171
SPADES QUEEN CLUBS FIVE,0.8634,0.0026,0.134
SPADES ACE CLUBS FIVE,0.7,0.0042,0.2958
DIAMONDS JACK HEARTS SEVEN,0.8528,0.0078,0.1394
HEARTS SIX DIAMONDS JACK,0.8612,0.009,0.1298
DIAMONDS JACK HEARTS NINE,0.8268,0.0066,0.1666
DIAMONDS JACK HEARTS EIGHT,0.8336,0.0084,0.158
DIAMONDS KING DIAMONDS JACK,0.8388,0.0106,0.1506
HEARTS THREE DIAMONDS JACK,0.8674,0.0076,0.125
SPADES ACE SPADES SIX,0.6812,0.005,0.3138
HEARTS ACE SPADES FOUR,0.7052,0.0058,0.289
DIAMONDS QUEEN DIAMONDS JACK,0.8074,0.0024,0.1902
HEARTS TWO DIAMONDS JACK,0.8748,0.0092,0.116
HEARTS FIVE DIAMONDS JACK,0.8538,0.0056,0.1406
SPADES QUEEN SPADES SIX,0.8128,0.0052,0.182
SPADES FOUR HEARTS QUEEN,0.8662,0.0072,0.1266
DIAMONDS ACE DIAMONDS JACK,0.6686,0.004,0.3274
HEARTS FOUR DIAMONDS JACK,0.8622,0.0086,0.1292
SPADES TEN SPADES SIX,0.8106,0.011,0.1784
SPADES JACK SPADES SIX,0.8266,0.0078,0.1656
SPADES FOUR DIAMONDS JACK,0.8574,0.0082,0.1344
SPADES FIVE DIAMONDS JACK,0.8576,0.0084,0.134
DIAMONDS JACK SPADES TWO,0.8584,0.007,0.1346
SPADES THREE DIAMONDS JACK,0.8642,0.0084,0.1274
SPADES ACE DIAMONDS THREE,0.7054,0.0052,0.2894
SPADES QUEEN DIAMONDS THREE,0.8716,0.0046,0.1238
CLUBS EIGHT DIAMONDS JACK,0.8274,0.0068,0.1658
CLUBS NINE DIAMONDS JACK,0.823,0.007,0.17
CLUBS SIX DIAMONDS JACK,0.8492,0.0072,0.1436
CLUBS SEVEN DIAMONDS JACK,0.8468,0.0052,0.148
CLUBS FOUR DIAMONDS JACK,0.856,0.0058,0.1382
CLUBS FIVE DIAMONDS JACK,0.8564,0.0044,0.1392
CLUBS TWO DIAMONDS JACK,0.865,0.0062,0.1288
CLUBS THREE DIAMONDS JACK,0.8472,0.0064,0.1464
SPADES JACK HEARTS SIX,0.8754,0.007,0.1176
SPADES TEN CLUBS FIVE,0.853,0.0084,0.1386
SPADES JACK CLUBS FIVE,0.8538,0.0062,0.14
HEARTS SIX SPADES TEN,0.8614,0.0092,0.1294
SPADES JACK DIAMONDS THREE,0.8714,0.007,0.1216
CLUBS SEVEN CLUBS ACE,0.6712,0.0036,0.3252
SPADES TEN DIAMONDS THREE,0.8634,0.01,0.1266
CLUBS SEVEN CLUBS QUEEN,0.8108,0.0046,0.1846
CLUBS SEVEN CLUBS KING,0.863,0.0118,0.1252
SPADES NINE DIAMONDS JACK,0.8366,0.0072,0.1562
CLUBS TEN CLUBS SEVEN,0.779,0.0086,0.2124
DIAMONDS ACE HEARTS ACE,0.177,0.005,0.818
HEARTS FOUR HEARTS ACE,0.6654,0.0062,0.3284
SPADES EIGHT DIAMONDS JACK,0.8356,0.0054,0.159
SPADES ACE HEARTS SIX,0.7202,0.0058,0.274
CLUBS SEVEN CLUBS JACK,0.8016,0.0082,0.1902
SPADES SEVEN DIAMONDS JACK,0.844,0.0064,0.1496
DIAMONDS ACE HEARTS QUEEN,0.7184,0.0058,0.2758
HEARTS FOUR HEARTS QUEEN,0.8302,0.0064,0.1634
SPADES SIX DIAMONDS JACK,0.862,0.0066,0.1314
SPADES QUEEN HEARTS SIX,0.8732,0.0036,0.1232
SPADES TWO DIAMONDS TEN,0.8656,0.0104,0.124
SPADES THREE DIAMONDS TEN,0.8504,0.0112,0.1384
SPADES FOUR DIAMONDS TEN,0.8544,0.01,0.1356
SPADES FIVE DIAMONDS TEN,0.8536,0.0132,0.1332
SPADES SIX DIAMONDS TEN,0.8414,0.01,0.1486
SPADES SEVEN DIAMONDS TEN,0.8232,0.0102,0.1666
SPADES EIGHT DIAMONDS TEN,0.8182,0.009,0.1728
SPADES NINE DIAMONDS TEN,0.8076,0.0098,0.1826
CLUBS FOUR DIAMONDS TEN,0.8502,0.0082,0.1416
CLUBS FIVE DIAMONDS TEN,0.8526,0.0084,0.139
CLUBS SIX DIAMONDS TEN,0.8462,0.008,0.1458
CLUBS SEVEN DIAMONDS TEN,0.8282,0.008,0.1638
CLUBS EIGHT DIAMONDS TEN,0.811,0.0098,0.1792
CLUBS NINE DIAMONDS TEN,0.811,0.009,0.18
DIAMONDS THREE CLUBS JACK,0.8494,0.0078,0.1428
CLUBS TEN DIAMONDS THREE,0.851,0.0102,0.1388
DIAMONDS THREE CLUBS KING,0.9106,0.014,0.0754
DIAMONDS THREE CLUBS QUEEN,0.8604,0.0034,0.1362
DIAMONDS THREE CLUBS ACE,0.7062,0.0046,0.2892
SPADES FOUR HEARTS JACK,0.8806,0.0062,0.1132
SPADES FOUR HEARTS TEN,0.8644,0.0118,0.1238
SPADES FIVE SPADES TWO,0.7974,0.0202,0.1824
SPADES FOUR SPADES TWO,0.7934,0.0244,0.1822
SPADES THREE SPADES TWO,0.812,0.0218,0.1662
SPADES NINE SPADES TWO,0.8238,0.014,0.1622
SPADES EIGHT SPADES TWO,0.8296,0.018,0.1524
SPADES SEVEN SPADES TWO,0.828,0.0174,0.1546
SPADES SIX SPADES TWO,0.8092,0.0172,0.1736
DIAMONDS QUEEN CLUBS THREE,0.8582,0.0048,0.137
CLUBS THREE HEARTS TWO,0.8278,0.0226,0.1496
DIAMONDS QUEEN CLUBS TWO,0.874,0.0054,0.1206
HEARTS TWO CLUBS TWO,0.782,0.0358,0.1822
DIAMONDS QUEEN HEARTS SEVEN,0.8648,0.004,0.1312
HEARTS TWO HEARTS SEVEN,0.8144,0.0162,0.1694
HEARTS SIX DIAMONDS QUEEN,0.8634,0.003,0.1336
HEARTS SIX HEARTS TWO,0.8226,0.0196,0.1578
DIAMONDS QUEEN HEARTS NINE,0.8494,0.0022,0.1484
HEARTS TWO HEARTS NINE,0.8224,0.0164,0.1612
DIAMONDS QUEEN HEARTS EIGHT,0.8444,0.0046,0.151
HEARTS TWO HEARTS EIGHT,0.8232,0.0134,0.1634
CLUBS NINE HEARTS TWO,0.8564,0.012,0.1316
CLUBS NINE DIAMONDS QUEEN,0.841,0.0032,0.1558
CLUBS EIGHT HEARTS TWO,0.8608,0.0146,0.1246
CLUBS EIGHT DIAMONDS QUEEN,0.844,0.0028,0.1532
CLUBS FIVE DIAMONDS QUEEN,0.8552,0.0034,0.1414
CLUBS FIVE HEARTS TWO,0.829,0.0216,0.1494
SPADES EIGHT HEARTS ACE,0.7074,0.0042,0.2884
DIAMONDS QUEEN CLUBS FOUR,0.849,0.0034,0.1476
HEARTS TWO CLUBS FOUR,0.8358,0.0192,0.145
CLUBS SEVEN DIAMONDS QUEEN,0.8492,0.003,0.1478
CLUBS SEVEN HEARTS TWO,0.8668,0.0156,0.1176
SPADES EIGHT HEARTS QUEEN,0.8636,0.005,0.1314
CLUBS SIX DIAMONDS QUEEN,0.8528,0.0022,0.145
CLUBS SIX HEARTS TWO,0.851,0.0204,0.1286
DIAMONDS QUEEN SPADES SIX,0.8642,0.0038,0.132
HEARTS TWO SPADES SIX,0.8574,0.0176,0.125
HEARTS FOUR CLUBS QUEEN,0.8652,0.0052,0.1296
DIAMONDS ACE CLUBS QUEEN,0.7156,0.0032,0.2812
DIAMONDS QUEEN SPADES SEVEN,0.8656,0.0044,0.13
SPADES SEVEN HEARTS TWO,0.8648,0.0148,0.1204
HEARTS FOUR CLUBS KING,0.9136,0.017,0.0694
DIAMONDS ACE CLUBS KING,0.6912,0.0084,0.3004
SPADES EIGHT DIAMONDS QUEEN,0.851,0.0032,0.1458
SPADES EIGHT HEARTS TWO,0.8584,0.0174,0.1242
HEARTS FOUR CLUBS ACE,0.7066,0.0044,0.289
DIAMONDS ACE CLUBS ACE,0.1884,0.0046,0.807
SPADES NINE DIAMONDS QUEEN,0.8446,0.0042,0.1512
SPADES NINE HEARTS TWO,0.8724,0.014,0.1136
HEARTS TWO SPADES TWO,0.789,0.0346,0.1764
DIAMONDS QUEEN SPADES TWO,0.8708,0.0048,0.1244
HEARTS TWO SPADES THREE,0.8558,0.0186,0.1256
DIAMONDS QUEEN SPADES THREE,0.8718,0.0032,0.125
HEARTS TWO SPADES FOUR,0.8424,0.0176,0.14
DIAMONDS QUEEN SPADES FOUR,0.8624,0.005,0.1326
HEARTS FOUR CLUBS TEN,0.8558,0.0088,0.1354
CLUBS TEN DIAMONDS ACE,0.7134,0.0024,0.2842
HEARTS TWO SPADES FIVE,0.8374,0.0228,0.1398
DIAMONDS QUEEN SPADES FIVE,0.863,0.0062,0.1308
HEARTS FOUR CLUBS JACK,0.8614,0.007,0.1316
DIAMONDS ACE CLUBS JACK,0.713,0.0034,0.2836
CLUBS FIVE CLUBS KING,0.855,0.0158,0.1292
CLUBS FIVE CLUBS QUEEN,0.817,0.0038,0.1792
CLUBS FIVE CLUBS ACE,0.655,0.0034,0.3416
CLUBS FIVE CLUBS JACK,0.811,0.0106,0.1784
CLUBS TEN CLUBS FIVE,0.8076,0.0108,0.1816
SPADES QUEEN CLUBS JACK,0.8542,0.005,0.1408
SPADES ACE CLUBS JACK,0.6948,0.0062,0.299
SPADES SIX CLUBS KING,0.9146,0.0126,0.0728
SPADES SIX CLUBS QUEEN,0.8652,0.0028,0.132
SPADES EIGHT HEARTS JACK,0.8484,0.007,0.1446
SPADES SIX CLUBS ACE,0.7194,0.0044,0.2762
SPADES EIGHT HEARTS TEN,0.8272,0.0122,0.1606
SPADES SIX CLUBS JACK,0.859,0.0078,0.1332
CLUBS TEN SPADES SIX,0.837,0.0118,0.1512
SPADES TEN CLUBS JACK,0.824,0.006,0.17
SPADES JACK CLUBS JACK,0.7824,0.039,0.1786
SPADES QUEEN CLUBS SEVEN,0.8648,0.0026,0.1326
SPADES ACE CLUBS SEVEN,0.7078,0.0042,0.288
SPADES SIX HEARTS TEN,0.8528,0.01,0.1372
SPADES SIX HEARTS JACK,0.8734,0.0068,0.1198
SPADES SIX HEARTS ACE,0.712,0.0036,0.2844
SPADES SIX HEARTS QUEEN,0.8754,0.004,0.1206
SPADES JACK CLUBS SEVEN,0.8568,0.0056,0.1376
CLUBS SEVEN SPADES TEN,0.8362,0.0094,0.1544
CLUBS TEN HEARTS SIX,0.8414,0.0092,0.1494
HEARTS SIX CLUBS JACK,0.8636,0.0084,0.128
CLUBS ACE CLUBS JACK,0.6772,0.0034,0.3194
HEARTS SIX CLUBS QUEEN,0.8628,0.0044,0.1328
HEARTS SIX CLUBS KING,0.9106,0.0144,0.075
HEARTS SIX CLUBS ACE,0.7048,0.0042,0.291
CLUBS QUEEN CLUBS JACK,0.7922,0.0038,0.204
CLUBS KING CLUBS JACK,0.842,0.0106,0.1474
DIAMONDS THREE HEARTS ACE,0.6998,0.004,0.2962
DIAMONDS THREE HEARTS QUEEN,0.8662,0.0032,0.1306
CLUBS FIVE HEARTS JACK,0.8526,0.0082,0.1392
HEARTS FOUR SPADES TEN,0.8704,0.0128,0.1168
SPADES TEN DIAMONDS ACE,0.707,0.0024,0.2906
CLUBS FIVE HEARTS TEN,0.8522,0.0126,0.1352
HEARTS FOUR SPADES JACK,0.8652,0.0064,0.1284
SPADES JACK DIAMONDS ACE,0.7162,0.0026,0.2812
SPADES ACE HEARTS FOUR,0.6982,0.0054,0.2964
SPADES ACE DIAMONDS ACE,0.1778,0.0054,0.8168
CLUBS FIVE HEARTS ACE,0.699,0.0046,0.2964
SPADES QUEEN DIAMONDS ACE,0.7218,0.0044,0.2738
HEARTS FOUR SPADES QUEEN,0.8682,0.006,0.1258
SPADES FOUR CLUBS JACK,0.8562,0.0068,0.137
CLUBS FIVE HEARTS QUEEN,0.8668,0.0038,0.1294
CLUBS TEN SPADES FOUR,0.8524,0.0104,0.1372
DIAMONDS QUEEN DIAMONDS ACE,0.6772,0.0036,0.3192
HEARTS TWO DIAMONDS ACE,0.7198,0.0054,0.2748
HEARTS FOUR DIAMONDS QUEEN,0.8652,0.0038,0.131
HEARTS FOUR HEARTS TWO,0.7956,0.0196,0.1848
DIAMONDS THREE HEARTS TEN,0.8614,0.01,0.1286
SPADES FOUR CLUBS KING,0.922,0.013,0.065
HEARTS FIVE DIAMONDS QUEEN,0.8622,0.0046,0.1332
HEARTS FIVE HEARTS TWO,0.7998,0.0194,0.1808
DIAMONDS THREE HEARTS JACK,0.8576,0.0088,0.1336
SPADES FOUR CLUBS QUEEN,0.8618,0.0044,0.1338
DIAMONDS QUEEN HEARTS TWO,0.8796,0.0048,0.1156
DIAMONDS KING DIAMONDS QUEEN,0.8322,0.0128,0.155
DIAMONDS KING HEARTS TWO,0.9278,0.0138,0.0584
HEARTS THREE DIAMONDS QUEEN,0.8618,0.005,0.1332
HEARTS THREE HEARTS TWO,0.8022,0.019,0.1788
SPADES FOUR CLUBS ACE,0.7062,0.005,0.2888
HEARTS TWO CLUBS ACE,0.7074,0.0048,0.2878
DIAMONDS QUEEN CLUBS ACE,0.7064,0.0034,0.2902
HEARTS TWO CLUBS QUEEN,0.8664,0.0054,0.1282
DIAMONDS QUEEN CLUBS QUEEN,0.7688,0.038,0.1932
HEARTS TWO CLUBS KING,0.9222,0.018,0.0598
DIAMONDS QUEEN CLUBS KING,0.8952,0.0112,0.0936
SPADES EIGHT SPADES FIVE,0.7836,0.019,0.1974
CLUBS TEN HEARTS TWO,0.863,0.0106,0.1264
CLUBS TEN DIAMONDS QUEEN,0.8314,0.0042,0.1644
SPADES NINE SPADES FIVE,0.7968,0.0134,0.1898
HEARTS TWO CLUBS JACK,0.863,0.006,0.131
DIAMONDS QUEEN CLUBS JACK,0.8438,0.0018,0.1544
SPADES SIX SPADES FIVE,0.757,0.0168,0.2262
SPADES SEVEN SPADES FIVE,0.7834,0.014,0.2026
DIAMONDS FIVE CLUBS QUEEN,0.852,0.0032,0.1448
SPADES EIGHT CLUBS ACE,0.7242,0.0034,0.2724
DIAMONDS FIVE CLUBS KING,0.9004,0.0142,0.0854
SPADES EIGHT CLUBS KING,0.9216,0.0106,0.0678
CLUBS ACE DIAMONDS FIVE,0.6916,0.0038,0.3046
SPADES EIGHT CLUBS QUEEN,0.8472,0.0034,0.1494
SPADES EIGHT CLUBS JACK,0.8412,0.0052,0.1536
CLUBS TEN SPADES EIGHT,0.8236,0.0066,0.1698
CLUBS TEN DIAMONDS FIVE,0.8514,0.0096,0.139
DIAMONDS FIVE CLUBS JACK,0.845,0.0078,0.1472
HEARTS JACK DIAMONDS TEN,0.829,0.006,0.165
DIAMONDS TEN HEARTS TEN,0.7846,0.0346,0.1808
SPADES ACE CLUBS NINE,0.7184,0.0036,0.278
CLUBS NINE SPADES QUEEN,0.8532,0.0034,0.1434
DIAMONDS KING SPADES SEVEN,0.9158,0.015,0.0692
HEARTS THREE SPADES SEVEN,0.8574,0.0184,0.1242
HEARTS SIX HEARTS QUEEN,0.8228,0.0036,0.1736
DIAMONDS KING SPADES SIX,0.9118,0.0118,0.0764
HEARTS THREE SPADES SIX,0.8506,0.0172,0.1322
SPADES QUEEN DIAMONDS SEVEN,0.8618,0.0036,0.1346
SPADES NINE DIAMONDS KING,0.9058,0.0124,0.0818
HEARTS THREE SPADES NINE,0.8618,0.0162,0.122
HEARTS SIX HEARTS ACE,0.6826,0.004,0.3134
DIAMONDS KING SPADES EIGHT,0.9166,0.0174,0.066
HEARTS THREE SPADES EIGHT,0.8674,0.0168,0.1158
SPADES ACE DIAMONDS SEVEN,0.6932,0.0038,0.303
CLUBS NINE HEARTS THREE,0.8562,0.0122,0.1316
CLUBS NINE DIAMONDS KING,0.898,0.013,0.089
