opposingHand,winningChance,drawChance,lostChance
SPADES FIVE HEARTS TEN
HEARTS FIVE SPADES TEN,0.0076,0.9838,0.0086
SPADES JACK HEARTS FIVE,0.2146,0.0656,0.7198
CLUBS EIGHT CLUBS JACK,0.3224,0.0184,0.6592
CLUBS TEN CLUBS EIGHT,0.205,0.212,0.583
CLUBS EIGHT CLUBS KING,0.3432,0.0064,0.6504
CLUBS EIGHT CLUBS QUEEN,0.3356,0.0084,0.656
CLUBS EIGHT CLUBS ACE,0.338,0.0036,0.6584
DIAMONDS TWO DIAMONDS THREE,0.5912,0.0296,0.3792
DIAMONDS TWO DIAMONDS FIVE,0.6222,0.0824,0.2954
SPADES KING HEARTS FIVE,0.2338,0.0442,0.722
DIAMONDS TWO DIAMONDS FOUR,0.591,0.0318,0.3772
SPADES QUEEN HEARTS FIVE,0.225,0.052,0.723
DIAMONDS TWO DIAMONDS SEVEN,0.5846,0.0264,0.389
DIAMONDS TWO DIAMONDS SIX,0.5734,0.0266,0.4
SPADES ACE HEARTS FIVE,0.2336,0.021,0.7454
DIAMONDS TWO DIAMONDS NINE,0.5734,0.026,0.4006
DIAMONDS TWO DIAMONDS EIGHT,0.592,0.0276,0.3804
DIAMONDS THREE DIAMONDS FOUR,0.5658,0.0264,0.4078
SPADES FOUR CLUBS TWO,0.6284,0.0304,0.3412
DIAMONDS THREE DIAMONDS FIVE,0.62,0.074,0.306
CLUBS TWO SPADES TWO,0.3984,0.0658,0.5358
CLUBS TWO SPADES THREE,0.615,0.0326,0.3524
DIAMONDS THREE DIAMONDS EIGHT,0.588,0.0268,0.3852
SPADES EIGHT CLUBS TWO,0.6268,0.0234,0.3498
DIAMONDS THREE DIAMONDS NINE,0.5736,0.0262,0.4002
SPADES NINE CLUBS TWO,0.602,0.0276,0.3704
DIAMONDS THREE DIAMONDS SIX,0.5496,0.0294,0.421
SPADES SIX CLUBS TWO,0.6224,0.0298,0.3478
DIAMONDS THREE DIAMONDS SEVEN,0.5638,0.0262,0.41
SPADES SEVEN CLUBS TWO,0.6244,0.0264,0.3492
CLUBS SIX CLUBS TWO,0.5768,0.0288,0.3944
CLUBS SEVEN CLUBS TWO,0.573,0.031,0.396
CLUBS FOUR CLUBS TWO,0.581,0.0292,0.3898
CLUBS FIVE CLUBS TWO,0.6088,0.0808,0.3104
CLUBS TEN CLUBS JACK,0.2166,0.0472,0.7362
DIAMONDS FOUR DIAMONDS SIX,0.5546,0.0268,0.4186
CLUBS TEN CLUBS QUEEN,0.2308,0.0444,0.7248
DIAMONDS FOUR DIAMONDS SEVEN,0.5638,0.0282,0.408
CLUBS TEN CLUBS KING,0.2214,0.032,0.7466
CLUBS TEN CLUBS ACE,0.2114,0.0268,0.7618
CLUBS EIGHT CLUBS TWO,0.5706,0.027,0.4024
DIAMONDS FIVE DIAMONDS FOUR,0.5894,0.0788,0.3318
CLUBS NINE CLUBS TWO,0.579,0.0244,0.3966
DIAMONDS NINE DIAMONDS FOUR,0.5934,0.0268,0.3798
DIAMONDS EIGHT DIAMONDS FOUR,0.564,0.029,0.407
CLUBS THREE CLUBS TWO,0.583,0.0268,0.3902
DIAMONDS NINE DIAMONDS FIVE,0.6358,0.069,0.2952
DIAMONDS TWO CLUBS JACK,0.3872,0.015,0.5978
DIAMONDS EIGHT DIAMONDS FIVE,0.6142,0.0714,0.3144
CLUBS TEN DIAMONDS TWO,0.3246,0.4606,0.2148
DIAMONDS FIVE DIAMONDS SEVEN,0.6028,0.0702,0.327
DIAMONDS FIVE DIAMONDS SIX,0.6048,0.077,0.3182
DIAMONDS TWO CLUBS ACE,0.3952,0.0052,0.5996
DIAMONDS TWO CLUBS KING,0.41,0.0072,0.5828
DIAMONDS TWO CLUBS QUEEN,0.3856,0.014,0.6004
DIAMONDS EIGHT DIAMONDS SIX,0.5212,0.0242,0.4546
DIAMONDS NINE DIAMONDS SIX,0.5242,0.0274,0.4484
HEARTS ACE SPADES THREE,0.3782,0.0076,0.6142
SPADES THREE HEARTS KING,0.3938,0.0082,0.598
DIAMONDS SEVEN DIAMONDS SIX,0.5152,0.0232,0.4616
SPADES THREE HEARTS QUEEN,0.3792,0.013,0.6078
SPADES THREE HEARTS JACK,0.3796,0.0186,0.6018
DIAMONDS EIGHT DIAMONDS SEVEN,0.5078,0.0272,0.465
DIAMONDS NINE DIAMONDS SEVEN,0.5288,0.028,0.4432
DIAMONDS NINE DIAMONDS EIGHT,0.4956,0.0196,0.4848
SPADES JACK CLUBS SIX,0.3604,0.0186,0.621
DIAMONDS KING HEARTS JACK,0.3014,0.0074,0.6912
HEARTS THREE HEARTS JACK,0.3756,0.0166,0.6078
SPADES TEN CLUBS SIX,0.2136,0.3904,0.396
DIAMONDS KING HEARTS ACE,0.332,0.0046,0.6634
HEARTS THREE HEARTS ACE,0.3622,0.006,0.6318
SPADES ACE CLUBS SIX,0.3494,0.0038,0.6468
DIAMONDS KING HEARTS QUEEN,0.2966,0.0078,0.6956
HEARTS THREE HEARTS QUEEN,0.3836,0.0106,0.6058
SPADES KING CLUBS SIX,0.3718,0.0074,0.6208
DIAMONDS KING HEARTS KING,0.1366,0.0094,0.854
HEARTS THREE HEARTS KING,0.3794,0.0102,0.6104
SPADES QUEEN CLUBS SIX,0.3714,0.0112,0.6174
SPADES NINE HEARTS JACK,0.3232,0.0176,0.6592
SPADES NINE HEARTS QUEEN,0.3248,0.0146,0.6606
SPADES NINE HEARTS KING,0.3446,0.0092,0.6462
SPADES NINE HEARTS ACE,0.3516,0.0062,0.6422
CLUBS TEN SPADES JACK,0.2206,0.058,0.7214
CLUBS TEN SPADES TEN,0.0826,0.0576,0.8598
SPADES ACE CLUBS TEN,0.2262,0.0236,0.7502
SPADES KING CLUBS TEN,0.2244,0.038,0.7376
CLUBS TEN SPADES QUEEN,0.2244,0.0486,0.727
CLUBS EIGHT SPADES TEN,0.2238,0.231,0.5452
HEARTS THREE SPADES JACK,0.3952,0.0212,0.5836
SPADES JACK DIAMONDS KING,0.3114,0.008,0.6806
SPADES TEN DIAMONDS KING,0.2322,0.0382,0.7296
HEARTS THREE SPADES TEN,0.309,0.4792,0.2118
SPADES JACK CLUBS EIGHT,0.3354,0.016,0.6486
CLUBS SIX HEARTS ACE,0.3588,0.0036,0.6376
SPADES ACE CLUBS EIGHT,0.3502,0.004,0.6458
HEARTS FIVE CLUBS JACK,0.2386,0.0616,0.6998
CLUBS TEN HEARTS FIVE,0.0182,0.9716,0.0102
CLUBS SIX HEARTS QUEEN,0.362,0.0124,0.6256
SPADES QUEEN CLUBS EIGHT,0.3514,0.0116,0.637
CLUBS TEN SPADES THREE,0.3224,0.4612,0.2164
CLUBS SIX HEARTS KING,0.366,0.0062,0.6278
SPADES KING CLUBS EIGHT,0.3708,0.0086,0.6206
SPADES THREE CLUBS JACK,0.3888,0.015,0.5962
DIAMONDS TWO HEARTS JACK,0.3968,0.0144,0.5888
SPADES THREE CLUBS QUEEN,0.3932,0.0136,0.5932
SPADES THREE CLUBS KING,0.3918,0.008,0.6002
HEARTS FIVE CLUBS ACE,0.252,0.0232,0.7248
SPADES THREE CLUBS ACE,0.3942,0.005,0.6008
HEARTS FIVE CLUBS KING,0.2322,0.0328,0.735
HEARTS FIVE CLUBS QUEEN,0.2366,0.047,0.7164
HEARTS THREE CLUBS KING,0.3868,0.009,0.6042
DIAMONDS KING CLUBS KING,0.1436,0.0084,0.848
HEARTS THREE CLUBS QUEEN,0.3972,0.0126,0.5902
DIAMONDS KING CLUBS QUEEN,0.3234,0.0038,0.6728
HEARTS FIVE HEARTS JACK,0.2312,0.058,0.7108
HEARTS THREE CLUBS ACE,0.38,0.0048,0.6152
DIAMONDS KING CLUBS ACE,0.3294,0.0048,0.6658
SPADES ACE CLUBS QUEEN,0.3174,0.0042,0.6784
SPADES KING CLUBS QUEEN,0.3112,0.008,0.6808
HEARTS THREE CLUBS JACK,0.3882,0.0172,0.5946
DIAMONDS KING CLUBS JACK,0.3048,0.0038,0.6914
SPADES QUEEN CLUBS QUEEN,0.1378,0.0146,0.8476
CLUBS TEN HEARTS THREE,0.3128,0.4772,0.21
CLUBS TEN DIAMONDS KING,0.2352,0.0412,0.7236
SPADES JACK CLUBS QUEEN,0.3008,0.0088,0.6904
CLUBS SIX CLUBS QUEEN,0.3388,0.0108,0.6504
SPADES TEN CLUBS QUEEN,0.223,0.0436,0.7334
CLUBS SIX CLUBS KING,0.3464,0.006,0.6476
CLUBS SIX CLUBS ACE,0.3356,0.0046,0.6598
HEARTS FIVE HEARTS KING,0.2362,0.0326,0.7312
HEARTS FIVE HEARTS QUEEN,0.2366,0.0464,0.717
CLUBS TEN CLUBS SIX,0.209,0.3564,0.4346
HEARTS FIVE HEARTS ACE,0.2288,0.025,0.7462
CLUBS SIX CLUBS JACK,0.333,0.0136,0.6534
SPADES SEVEN HEARTS JACK,0.3366,0.017,0.6464
DIAMONDS TWO CLUBS TWO,0.4012,0.0634,0.5354
DIAMONDS TWO CLUBS THREE,0.6206,0.0322,0.3472
HEARTS SIX DIAMONDS TWO,0.5978,0.0322,0.37
DIAMONDS TWO HEARTS QUEEN,0.389,0.0138,0.5972
DIAMONDS TWO HEARTS SEVEN,0.6306,0.0286,0.3408
DIAMONDS TWO HEARTS KING,0.3896,0.0098,0.6006
DIAMONDS TWO HEARTS EIGHT,0.632,0.0276,0.3404
DIAMONDS TWO HEARTS ACE,0.3734,0.0048,0.6218
DIAMONDS TWO HEARTS NINE,0.6046,0.0294,0.366
DIAMONDS TWO DIAMONDS QUEEN,0.363,0.0108,0.6262
DIAMONDS TWO HEARTS TWO,0.4024,0.0634,0.5342
DIAMONDS TWO DIAMONDS KING,0.37,0.008,0.622
HEARTS THREE DIAMONDS TWO,0.6406,0.0318,0.3276
DIAMONDS TWO DIAMONDS ACE,0.3544,0.0042,0.6414
HEARTS FOUR DIAMONDS TWO,0.6294,0.0274,0.3432
DIAMONDS TWO HEARTS FIVE,0.665,0.0844,0.2506
SPADES SEVEN HEARTS ACE,0.3444,0.0044,0.6512
DIAMONDS TWO DIAMONDS TEN,0.314,0.4358,0.2502
SPADES SEVEN HEARTS KING,0.3538,0.0066,0.6396
DIAMONDS TWO DIAMONDS JACK,0.3642,0.018,0.6178
SPADES SEVEN HEARTS QUEEN,0.3522,0.0136,0.6342
DIAMONDS TWO SPADES NINE,0.6078,0.0286,0.3636
DIAMONDS TWO SPADES EIGHT,0.6112,0.0306,0.3582
DIAMONDS TWO SPADES SEVEN,0.6254,0.0296,0.345
DIAMONDS TWO SPADES SIX,0.6024,0.0308,0.3668
DIAMONDS TWO SPADES FOUR,0.6216,0.0296,0.3488
DIAMONDS TWO SPADES THREE,0.6206,0.0306,0.3488
DIAMONDS TWO SPADES TWO,0.3948,0.0668,0.5384
CLUBS NINE DIAMONDS TWO,0.6098,0.026,0.3642
DIAMONDS TWO CLUBS EIGHT,0.6218,0.0342,0.344
CLUBS SEVEN DIAMONDS TWO,0.6194,0.0256,0.355
DIAMONDS TWO CLUBS SIX,0.6,0.0286,0.3714
DIAMONDS TWO CLUBS FIVE,0.6614,0.0774,0.2612
DIAMONDS TWO CLUBS FOUR,0.6112,0.0292,0.3596
CLUBS FOUR SPADES FOUR,0.3764,0.0606,0.563
CLUBS FOUR SPADES THREE,0.6106,0.0276,0.3618
CLUBS FOUR SPADES TWO,0.6254,0.029,0.3456
SPADES NINE CLUBS FOUR,0.6166,0.0248,0.3586
SPADES EIGHT CLUBS FOUR,0.6136,0.0264,0.36
SPADES SEVEN CLUBS FOUR,0.5998,0.0302,0.37
CLUBS FOUR SPADES SIX,0.5864,0.0278,0.3858
SPADES ACE DIAMONDS SIX,0.3552,0.004,0.6408
SPADES QUEEN DIAMONDS SIX,0.3554,0.0114,0.6332
SPADES KING DIAMONDS SIX,0.3546,0.0086,0.6368
SPADES TEN DIAMONDS SIX,0.2208,0.3656,0.4136
SPADES JACK DIAMONDS SIX,0.3534,0.0158,0.6308
SPADES QUEEN SPADES TWO,0.3822,0.0098,0.608
SPADES KING SPADES TWO,0.3876,0.0062,0.6062
SPADES ACE SPADES TWO,0.3652,0.004,0.6308
DIAMONDS JACK CLUBS JACK,0.152,0.028,0.82
CLUBS TEN DIAMONDS JACK,0.2282,0.059,0.7128
DIAMONDS JACK CLUBS KING,0.321,0.0066,0.6724
DIAMONDS JACK CLUBS QUEEN,0.3148,0.0108,0.6744
DIAMONDS THREE DIAMONDS JACK,0.3746,0.0198,0.6056
DIAMONDS THREE DIAMONDS TEN,0.3152,0.4294,0.2554
DIAMONDS JACK CLUBS ACE,0.3222,0.0032,0.6746
DIAMONDS THREE DIAMONDS KING,0.3768,0.007,0.6162
HEARTS THREE DIAMONDS THREE,0.3852,0.0596,0.5552
DIAMONDS THREE DIAMONDS QUEEN,0.376,0.0122,0.6118
DIAMONDS THREE HEARTS TWO,0.6332,0.0342,0.3326
HEARTS FIVE DIAMONDS THREE,0.648,0.0924,0.2596
DIAMONDS THREE DIAMONDS ACE,0.354,0.0046,0.6414
HEARTS FOUR DIAMONDS THREE,0.6114,0.0286,0.36
DIAMONDS THREE HEARTS SEVEN,0.6092,0.0268,0.364
SPADES TEN SPADES NINE,0.2164,0.1622,0.6214
HEARTS SIX DIAMONDS THREE,0.6006,0.0292,0.3702
SPADES JACK SPADES NINE,0.322,0.0166,0.6614
DIAMONDS THREE HEARTS NINE,0.6128,0.0242,0.363
HEARTS JACK DIAMONDS FOUR,0.3744,0.021,0.6046
HEARTS ACE HEARTS KING,0.3166,0.0054,0.678
SPADES TEN SPADES TWO,0.2982,0.4508,0.251
DIAMONDS THREE HEARTS EIGHT,0.617,0.0288,0.3542
SPADES JACK SPADES TWO,0.3854,0.018,0.5966
HEARTS QUEEN DIAMONDS FOUR,0.3908,0.0126,0.5966
HEARTS KING DIAMONDS FOUR,0.3866,0.0068,0.6066
SPADES ACE SPADES NINE,0.3604,0.0046,0.635
HEARTS ACE DIAMONDS FOUR,0.3712,0.0066,0.6222
SPADES KING SPADES NINE,0.3422,0.0094,0.6484
SPADES QUEEN SPADES NINE,0.3134,0.0144,0.6722
DIAMONDS THREE SPADES NINE,0.6128,0.0308,0.3564
DIAMONDS THREE SPADES EIGHT,0.6168,0.0246,0.3586
DIAMONDS THREE SPADES SEVEN,0.5932,0.0302,0.3766
DIAMONDS THREE SPADES SIX,0.607,0.0294,0.3636
DIAMONDS THREE CLUBS SIX,0.5978,0.0286,0.3736
CLUBS FIVE CLUBS SIX,0.5984,0.0674,0.3342
CLUBS ACE DIAMONDS FOUR,0.3772,0.0044,0.6184
CLUBS SEVEN DIAMONDS THREE,0.6166,0.0314,0.352
CLUBS SEVEN CLUBS FIVE,0.5996,0.075,0.3254
DIAMONDS THREE CLUBS FOUR,0.6174,0.0264,0.3562
DIAMONDS FOUR CLUBS QUEEN,0.3834,0.0094,0.6072
DIAMONDS THREE CLUBS FIVE,0.6336,0.0888,0.2776
CLUBS KING DIAMONDS FOUR,0.392,0.008,0.6
DIAMONDS THREE CLUBS TWO,0.6196,0.0376,0.3428
CLUBS TEN DIAMONDS FOUR,0.3094,0.4694,0.2212
DIAMONDS THREE CLUBS THREE,0.3832,0.0616,0.5552
DIAMONDS FOUR CLUBS JACK,0.393,0.0146,0.5924
DIAMONDS THREE SPADES FOUR,0.5898,0.031,0.3792
DIAMONDS THREE SPADES TWO,0.6294,0.028,0.3426
DIAMONDS THREE SPADES THREE,0.4132,0.063,0.5238
CLUBS EIGHT DIAMONDS THREE,0.6082,0.029,0.3628
CLUBS NINE DIAMONDS THREE,0.614,0.0298,0.3562
SPADES SEVEN CLUBS ACE,0.361,0.004,0.635
SPADES SEVEN CLUBS QUEEN,0.3544,0.0108,0.6348
SPADES SEVEN CLUBS KING,0.3626,0.0064,0.631
CLUBS FIVE SPADES SEVEN,0.632,0.076,0.292
CLUBS TEN SPADES SEVEN,0.2244,0.295,0.4806
CLUBS FIVE SPADES SIX,0.6312,0.0768,0.292
SPADES SEVEN CLUBS JACK,0.3492,0.0148,0.636
CLUBS FIVE SPADES NINE,0.6616,0.0826,0.2558
CLUBS FIVE SPADES EIGHT,0.6476,0.0838,0.2686
CLUBS FIVE SPADES THREE,0.6496,0.087,0.2634
CLUBS FIVE SPADES TWO,0.6762,0.0786,0.2452
CLUBS FIVE SPADES FOUR,0.6386,0.0756,0.2858
CLUBS NINE CLUBS FIVE,0.6466,0.069,0.2844
CLUBS EIGHT CLUBS FIVE,0.6178,0.0696,0.3126
CLUBS ACE CLUBS QUEEN,0.3152,0.0038,0.681
CLUBS KING CLUBS QUEEN,0.3002,0.0052,0.6946
DIAMONDS TEN DIAMONDS FOUR,0.29,0.4422,0.2678
CLUBS TEN DIAMONDS NINE,0.2284,0.1682,0.6034
DIAMONDS JACK DIAMONDS FOUR,0.36,0.0128,0.6272
DIAMONDS NINE CLUBS JACK,0.347,0.0134,0.6396
SPADES NINE CLUBS JACK,0.3384,0.0136,0.648
CLUBS TEN SPADES NINE,0.2242,0.1776,0.5982
DIAMONDS ACE DIAMONDS FOUR,0.3512,0.0042,0.6446
HEARTS FOUR DIAMONDS FOUR,0.3838,0.0734,0.5428
SPADES NINE CLUBS KING,0.3524,0.0074,0.6402
DIAMONDS TWO SPADES TEN,0.308,0.4728,0.2192
DIAMONDS NINE CLUBS ACE,0.3676,0.003,0.6294
HEARTS FIVE DIAMONDS FOUR,0.6384,0.0736,0.288
DIAMONDS JACK HEARTS JACK,0.1498,0.022,0.8282
SPADES NINE CLUBS QUEEN,0.3304,0.0142,0.6554
DIAMONDS TWO SPADES JACK,0.3766,0.0192,0.6042
DIAMONDS QUEEN DIAMONDS FOUR,0.3708,0.0118,0.6174
HEARTS TWO DIAMONDS FOUR,0.6264,0.032,0.3416
DIAMONDS NINE CLUBS QUEEN,0.3424,0.0082,0.6494
DIAMONDS KING DIAMONDS FOUR,0.3594,0.0068,0.6338
HEARTS THREE DIAMONDS FOUR,0.62,0.0296,0.3504
SPADES NINE CLUBS ACE,0.3486,0.0022,0.6492
DIAMONDS NINE CLUBS KING,0.3592,0.0056,0.6352
HEARTS ACE DIAMONDS JACK,0.31,0.0048,0.6852
SPADES ACE DIAMONDS TWO,0.3746,0.0044,0.621
HEARTS QUEEN DIAMONDS JACK,0.3002,0.0092,0.6906
SPADES QUEEN DIAMONDS TWO,0.3872,0.013,0.5998
DIAMONDS JACK HEARTS KING,0.3184,0.0062,0.6754
SPADES KING DIAMONDS TWO,0.4038,0.0068,0.5894
SPADES JACK SPADES SEVEN,0.3348,0.0186,0.6466
SPADES TEN SPADES SEVEN,0.211,0.276,0.513
CLUBS SEVEN CLUBS THREE,0.5786,0.0246,0.3968
CLUBS SIX CLUBS THREE,0.5636,0.0276,0.4088
CLUBS FIVE CLUBS THREE,0.6068,0.0804,0.3128
CLUBS THREE CLUBS FOUR,0.569,0.0268,0.4042
CLUBS NINE CLUBS THREE,0.5782,0.0266,0.3952
CLUBS EIGHT CLUBS THREE,0.5796,0.0264,0.394
CLUBS THREE SPADES FOUR,0.6198,0.0296,0.3506
CLUBS THREE SPADES THREE,0.3902,0.0644,0.5454
CLUBS THREE SPADES TWO,0.6312,0.0304,0.3384
CLUBS THREE SPADES SIX,0.5914,0.0282,0.3804
CLUBS THREE SPADES SEVEN,0.6036,0.0326,0.3638
SPADES EIGHT CLUBS THREE,0.6066,0.0282,0.3652
SPADES NINE CLUBS THREE,0.607,0.0308,0.3622
SPADES TWO DIAMONDS FOUR,0.6234,0.0348,0.3418
SPADES THREE DIAMONDS FOUR,0.6064,0.032,0.3616
SPADES FOUR DIAMONDS FOUR,0.3878,0.0658,0.5464
SPADES SIX DIAMONDS FOUR,0.5748,0.032,0.3932
SPADES SEVEN DIAMONDS FOUR,0.5996,0.0266,0.3738
SPADES EIGHT DIAMONDS FOUR,0.6134,0.0288,0.3578
SPADES NINE DIAMONDS FOUR,0.6142,0.0322,0.3536
CLUBS FIVE DIAMONDS FOUR,0.6186,0.0824,0.299
CLUBS FOUR DIAMONDS FOUR,0.386,0.0654,0.5486
CLUBS SEVEN DIAMONDS FOUR,0.5932,0.0282,0.3786
CLUBS SIX DIAMONDS FOUR,0.5812,0.0272,0.3916
CLUBS NINE DIAMONDS FOUR,0.6168,0.0256,0.3576
CLUBS EIGHT DIAMONDS FOUR,0.5956,0.0266,0.3778
DIAMONDS FOUR HEARTS SEVEN,0.603,0.0288,0.3682
HEARTS SIX DIAMONDS FOUR,0.5852,0.0308,0.384
HEARTS NINE DIAMONDS FOUR,0.6244,0.0302,0.3454
DIAMONDS FOUR HEARTS EIGHT,0.6154,0.0266,0.358
CLUBS THREE DIAMONDS FOUR,0.6184,0.0298,0.3518
CLUBS TWO DIAMONDS FOUR,0.622,0.0316,0.3464
DIAMONDS TEN DIAMONDS FIVE,0.0202,0.9042,0.0756
DIAMONDS JACK DIAMONDS FIVE,0.233,0.058,0.709
DIAMONDS NINE HEARTS QUEEN,0.3434,0.011,0.6456
DIAMONDS NINE HEARTS KING,0.3556,0.007,0.6374
HEARTS ACE DIAMONDS NINE,0.3574,0.0048,0.6378
DIAMONDS NINE HEARTS JACK,0.3314,0.0166,0.652
CLUBS KING DIAMONDS SIX,0.3628,0.0062,0.631
CLUBS QUEEN DIAMONDS SIX,0.361,0.01,0.629
CLUBS ACE DIAMONDS SIX,0.359,0.0024,0.6386
SPADES KING DIAMONDS FOUR,0.3838,0.0078,0.6084
SPADES ACE SPADES SEVEN,0.3542,0.0054,0.6404
SPADES QUEEN DIAMONDS FOUR,0.3888,0.0098,0.6014
SPADES QUEEN SPADES SEVEN,0.3362,0.0146,0.6492
CLUBS JACK DIAMONDS SIX,0.3568,0.0174,0.6258
SPADES KING SPADES SEVEN,0.348,0.0094,0.6426
SPADES ACE DIAMONDS FOUR,0.371,0.0042,0.6248
CLUBS TEN DIAMONDS SIX,0.2272,0.3692,0.4036
CLUBS NINE CLUBS FOUR,0.5684,0.0264,0.4052
CLUBS EIGHT CLUBS FOUR,0.5734,0.0284,0.3982
SPADES JACK DIAMONDS FOUR,0.379,0.0214,0.5996
SPADES TEN DIAMONDS FOUR,0.3136,0.4552,0.2312
CLUBS FIVE CLUBS FOUR,0.5902,0.077,0.3328
CLUBS SEVEN CLUBS FOUR,0.5528,0.0292,0.418
CLUBS SIX CLUBS FOUR,0.5558,0.0294,0.4148
CLUBS SEVEN SPADES EIGHT,0.5474,0.0218,0.4308
CLUBS SEVEN SPADES NINE,0.5382,0.0288,0.433
CLUBS SEVEN SPADES SIX,0.5412,0.0312,0.4276
CLUBS SEVEN SPADES SEVEN,0.286,0.0432,0.6708
CLUBS SEVEN SPADES FOUR,0.6088,0.0278,0.3634
CLUBS SEVEN SPADES THREE,0.6112,0.03,0.3588
CLUBS SEVEN SPADES TWO,0.6284,0.0276,0.344
CLUBS NINE CLUBS SEVEN,0.5088,0.0284,0.4628
CLUBS SEVEN CLUBS EIGHT,0.4958,0.0278,0.4764
HEARTS SIX DIAMONDS FIVE,0.6394,0.0784,0.2822
DIAMONDS FIVE HEARTS SEVEN,0.652,0.0802,0.2678
DIAMONDS FIVE HEARTS EIGHT,0.6714,0.0734,0.2552
HEARTS NINE DIAMONDS FIVE,0.6704,0.0816,0.248
DIAMONDS QUEEN DIAMONDS FIVE,0.2314,0.0464,0.7222
HEARTS TWO DIAMONDS FIVE,0.6632,0.094,0.2428
HEARTS KING HEARTS EIGHT,0.3506,0.0086,0.6408
DIAMONDS KING DIAMONDS FIVE,0.227,0.036,0.737
HEARTS THREE DIAMONDS FIVE,0.6474,0.0844,0.2682
HEARTS QUEEN HEARTS EIGHT,0.3286,0.0104,0.661
DIAMONDS ACE DIAMONDS FIVE,0.216,0.0236,0.7604
HEARTS FOUR DIAMONDS FIVE,0.6114,0.0882,0.3004
HEARTS FIVE DIAMONDS FIVE,0.2818,0.0526,0.6656
HEARTS ACE HEARTS EIGHT,0.3356,0.0054,0.659
CLUBS FOUR DIAMONDS FIVE,0.641,0.0776,0.2814
CLUBS FIVE DIAMONDS FIVE,0.2886,0.0478,0.6636
CLUBS SIX DIAMONDS FIVE,0.6412,0.076,0.2828
CLUBS SEVEN DIAMONDS FIVE,0.6446,0.0746,0.2808
CLUBS TWO DIAMONDS FIVE,0.6526,0.087,0.2604
CLUBS THREE DIAMONDS FIVE,0.6384,0.0844,0.2772
SPADES THREE DIAMONDS FIVE,0.6536,0.0834,0.263
SPADES TWO DIAMONDS FIVE,0.6586,0.0798,0.2616
SPADES JACK DIAMONDS EIGHT,0.3366,0.0158,0.6476
CLUBS TEN HEARTS JACK,0.22,0.0582,0.7218
SPADES TEN DIAMONDS EIGHT,0.2128,0.2322,0.555
SPADES FOUR DIAMONDS FIVE,0.6302,0.082,0.2878
HEARTS JACK CLUBS JACK,0.138,0.023,0.839
HEARTS JACK CLUBS QUEEN,0.2998,0.0114,0.6888
CLUBS NINE DIAMONDS FIVE,0.6656,0.083,0.2514
CLUBS KING HEARTS JACK,0.3062,0.0076,0.6862
CLUBS EIGHT DIAMONDS FIVE,0.6576,0.076,0.2664
CLUBS ACE HEARTS JACK,0.316,0.0026,0.6814
SPADES SEVEN DIAMONDS FIVE,0.6416,0.0774,0.281
SPADES KING DIAMONDS EIGHT,0.3644,0.0076,0.628
SPADES QUEEN DIAMONDS EIGHT,0.3468,0.0108,0.6424
SPADES SIX DIAMONDS FIVE,0.6366,0.0746,0.2888
SPADES NINE DIAMONDS FIVE,0.6616,0.0794,0.259
SPADES EIGHT DIAMONDS FIVE,0.662,0.0744,0.2636
SPADES ACE DIAMONDS EIGHT,0.365,0.0038,0.6312
DIAMONDS TEN DIAMONDS SIX,0.2018,0.35,0.4482
HEARTS ACE DIAMONDS SEVEN,0.3666,0.0032,0.6302
DIAMONDS JACK DIAMONDS SIX,0.3508,0.0154,0.6338
HEARTS QUEEN DIAMONDS SEVEN,0.3656,0.013,0.6214
HEARTS KING DIAMONDS SEVEN,0.349,0.0088,0.6422
DIAMONDS ACE DIAMONDS SIX,0.345,0.003,0.652
HEARTS FOUR DIAMONDS SIX,0.5816,0.0284,0.39
SPADES TWO HEARTS JACK,0.3972,0.0174,0.5854
HEARTS FIVE DIAMONDS SIX,0.6458,0.071,0.2832
DIAMONDS QUEEN DIAMONDS SIX,0.344,0.0118,0.6442
HEARTS TWO DIAMONDS SIX,0.6348,0.03,0.3352
DIAMONDS KING DIAMONDS SIX,0.3412,0.0076,0.6512
HEARTS THREE DIAMONDS SIX,0.6054,0.0274,0.3672
HEARTS EIGHT DIAMONDS SIX,0.5612,0.0284,0.4104
HEARTS NINE DIAMONDS SIX,0.568,0.0256,0.4064
HEARTS SIX DIAMONDS SIX,0.2942,0.0668,0.639
HEARTS SEVEN DIAMONDS SIX,0.5526,0.0274,0.42
CLUBS TWO DIAMONDS SIX,0.6078,0.0276,0.3646
HEARTS JACK DIAMONDS SEVEN,0.3374,0.016,0.6466
CLUBS THREE DIAMONDS SIX,0.6032,0.0298,0.367
CLUBS SEVEN DIAMONDS SIX,0.5424,0.0302,0.4274
DIAMONDS EIGHT CLUBS JACK,0.3328,0.017,0.6502
CLUBS SIX DIAMONDS SIX,0.2852,0.0582,0.6566
CLUBS TEN DIAMONDS EIGHT,0.2172,0.2264,0.5564
CLUBS FIVE DIAMONDS SIX,0.6504,0.0694,0.2802
CLUBS FOUR DIAMONDS SIX,0.587,0.0268,0.3862
HEARTS ACE HEARTS JACK,0.3078,0.0056,0.6866
DIAMONDS EIGHT CLUBS ACE,0.3594,0.0034,0.6372
HEARTS QUEEN HEARTS JACK,0.2956,0.0118,0.6926
DIAMONDS EIGHT CLUBS KING,0.3612,0.0092,0.6296
CLUBS NINE DIAMONDS SIX,0.5626,0.0218,0.4156
HEARTS KING HEARTS JACK,0.2926,0.0046,0.7028
DIAMONDS EIGHT CLUBS QUEEN,0.3582,0.009,0.6328
CLUBS EIGHT DIAMONDS SIX,0.5552,0.0248,0.42
SPADES TEN HEARTS KING,0.2134,0.0354,0.7512
HEARTS ACE SPADES TWO,0.3748,0.0064,0.6188
SPADES JACK HEARTS KING,0.307,0.0088,0.6842
SPADES FOUR DIAMONDS SIX,0.5976,0.028,0.3744
SPADES THREE DIAMONDS SIX,0.5982,0.0304,0.3714
HEARTS QUEEN SPADES TWO,0.395,0.0146,0.5904
SPADES ACE SPADES KING,0.3148,0.005,0.6802
SPADES TWO HEARTS KING,0.3892,0.0082,0.6026
SPADES TWO DIAMONDS SIX,0.6248,0.0304,0.3448
SPADES NINE DIAMONDS SIX,0.5698,0.0312,0.399
HEARTS JACK HEARTS EIGHT,0.3196,0.018,0.6624
SPADES EIGHT DIAMONDS SIX,0.5546,0.0284,0.417
SPADES SEVEN DIAMONDS SIX,0.5422,0.0264,0.4314
SPADES SIX DIAMONDS SIX,0.2944,0.0574,0.6482
SPADES KING HEARTS KING,0.1294,0.0114,0.8592
SPADES QUEEN HEARTS KING,0.3114,0.0082,0.6804
CLUBS ACE CLUBS KING,0.3006,0.0056,0.6938
SPADES ACE HEARTS KING,0.3082,0.0058,0.686
SPADES ACE HEARTS JACK,0.3144,0.0064,0.6792
SPADES QUEEN HEARTS JACK,0.2944,0.0096,0.696
SPADES KING HEARTS JACK,0.3056,0.007,0.6874
SPADES TEN DIAMONDS TEN,0.0796,0.058,0.8624
SPADES JACK DIAMONDS TEN,0.232,0.0568,0.7112
SPADES ACE DIAMONDS TEN,0.2168,0.0276,0.7556
SPADES JACK HEARTS JACK,0.1362,0.0236,0.8402
SPADES TEN HEARTS JACK,0.215,0.0594,0.7256
SPADES QUEEN DIAMONDS TEN,0.219,0.0518,0.7292
SPADES KING DIAMONDS TEN,0.228,0.0406,0.7314
SPADES NINE DIAMONDS SEVEN,0.539,0.028,0.433
SPADES EIGHT DIAMONDS SEVEN,0.5288,0.0246,0.4466
SPADES SEVEN DIAMONDS SEVEN,0.2762,0.055,0.6688
SPADES SIX DIAMONDS SEVEN,0.548,0.0284,0.4236
DIAMONDS KING DIAMONDS SEVEN,0.3318,0.0066,0.6616
HEARTS THREE DIAMONDS SEVEN,0.6084,0.0272,0.3644
HEARTS KING DIAMONDS FIVE,0.24,0.038,0.722
DIAMONDS QUEEN DIAMONDS SEVEN,0.3314,0.0112,0.6574
HEARTS TWO DIAMONDS SEVEN,0.6326,0.0312,0.3362
HEARTS QUEEN DIAMONDS FIVE,0.2248,0.05,0.7252
HEARTS FIVE DIAMONDS SEVEN,0.6422,0.0826,0.2752
DIAMONDS ACE DIAMONDS SEVEN,0.3438,0.0032,0.653
HEARTS FOUR DIAMONDS SEVEN,0.602,0.029,0.369
HEARTS ACE DIAMONDS FIVE,0.2322,0.024,0.7438
HEARTS SEVEN DIAMONDS SEVEN,0.2882,0.0516,0.6602
HEARTS SIX DIAMONDS SEVEN,0.5506,0.0276,0.4218
HEARTS NINE DIAMONDS SEVEN,0.5496,0.0298,0.4206
DIAMONDS SEVEN HEARTS EIGHT,0.5342,0.0278,0.438
DIAMONDS JACK DIAMONDS SEVEN,0.3392,0.0174,0.6434
DIAMONDS FIVE HEARTS JACK,0.219,0.0642,0.7168
DIAMONDS TEN DIAMONDS SEVEN,0.2104,0.2676,0.522
SPADES KING CLUBS TWO,0.3976,0.0106,0.5918
HEARTS KING CLUBS KING,0.139,0.0096,0.8514
CLUBS EIGHT DIAMONDS SEVEN,0.5452,0.0278,0.427
SPADES QUEEN CLUBS TWO,0.384,0.0142,0.6018
HEARTS KING CLUBS QUEEN,0.3238,0.008,0.6682
CLUBS NINE DIAMONDS SEVEN,0.5472,0.0234,0.4294
SPADES TWO CLUBS JACK,0.4126,0.0196,0.5678
SPADES ACE CLUBS TWO,0.3898,0.0056,0.6046
CLUBS TEN SPADES TWO,0.3186,0.4612,0.2202
HEARTS KING CLUBS ACE,0.3188,0.0032,0.678
CLUBS SEVEN CLUBS SIX,0.509,0.0314,0.4596
SPADES TWO CLUBS KING,0.3986,0.0066,0.5948
SPADES TWO DIAMONDS SEVEN,0.6238,0.0306,0.3456
CLUBS EIGHT CLUBS SIX,0.5194,0.0234,0.4572
SPADES THREE DIAMONDS SEVEN,0.612,0.0314,0.3566
SPADES TWO CLUBS QUEEN,0.3896,0.0128,0.5976
CLUBS NINE CLUBS SIX,0.515,0.0222,0.4628
SPADES FOUR DIAMONDS SEVEN,0.6108,0.0272,0.362
HEARTS KING CLUBS JACK,0.3206,0.007,0.6724
SPADES TWO CLUBS ACE,0.3772,0.0052,0.6176
CLUBS TEN HEARTS KING,0.2252,0.0344,0.7404
CLUBS SIX SPADES TWO,0.6144,0.0274,0.3582
CLUBS SIX SPADES THREE,0.599,0.0308,0.3702
CLUBS TWO DIAMONDS SEVEN,0.6124,0.0282,0.3594
CLUBS SIX SPADES FOUR,0.5912,0.0282,0.3806
CLUBS THREE DIAMONDS SEVEN,0.602,0.0278,0.3702
CLUBS FOUR DIAMONDS SEVEN,0.6024,0.0244,0.3732
CLUBS SIX SPADES SIX,0.2866,0.0578,0.6556
CLUBS FIVE DIAMONDS SEVEN,0.639,0.0772,0.2838
CLUBS SIX SPADES SEVEN,0.5418,0.0256,0.4326
CLUBS SIX DIAMONDS SEVEN,0.5474,0.0262,0.4264
CLUBS SIX SPADES EIGHT,0.5538,0.0286,0.4176
SPADES JACK CLUBS TWO,0.3824,0.0194,0.5982
CLUBS SEVEN DIAMONDS SEVEN,0.281,0.052,0.667
SPADES NINE CLUBS SIX,0.5594,0.0254,0.4152
SPADES TEN CLUBS TWO,0.3116,0.4726,0.2158
CLUBS TWO CLUBS QUEEN,0.374,0.012,0.614
CLUBS TWO CLUBS KING,0.3792,0.007,0.6138
CLUBS THREE DIAMONDS EIGHT,0.614,0.0296,0.3564
CLUBS TWO CLUBS ACE,0.363,0.0046,0.6324
CLUBS TWO DIAMONDS EIGHT,0.6096,0.0276,0.3628
DIAMONDS EIGHT HEARTS SEVEN,0.5572,0.0272,0.4156
HEARTS SIX DIAMONDS EIGHT,0.568,0.0268,0.4052
DIAMONDS EIGHT HEARTS NINE,0.5482,0.021,0.4308
CLUBS TEN CLUBS TWO,0.295,0.4296,0.2754
DIAMONDS EIGHT HEARTS EIGHT,0.2936,0.0458,0.6606
CLUBS TWO CLUBS JACK,0.3796,0.0164,0.604
CLUBS NINE DIAMONDS EIGHT,0.5372,0.0252,0.4376
CLUBS EIGHT DIAMONDS EIGHT,0.2822,0.048,0.6698
CLUBS FIVE DIAMONDS EIGHT,0.6576,0.0772,0.2652
SPADES ACE SPADES THREE,0.3642,0.0066,0.6292
CLUBS FOUR DIAMONDS EIGHT,0.6034,0.028,0.3686
CLUBS SEVEN DIAMONDS EIGHT,0.5442,0.0264,0.4294
SPADES QUEEN SPADES THREE,0.3682,0.011,0.6208
CLUBS SIX DIAMONDS EIGHT,0.5536,0.0214,0.425
SPADES KING SPADES THREE,0.3662,0.0094,0.6244
DIAMONDS QUEEN DIAMONDS EIGHT,0.3246,0.0098,0.6656
HEARTS TWO DIAMONDS EIGHT,0.621,0.0224,0.3566
DIAMONDS KING DIAMONDS EIGHT,0.3376,0.0084,0.654
HEARTS THREE DIAMONDS EIGHT,0.617,0.0322,0.3508
DIAMONDS ACE DIAMONDS EIGHT,0.3246,0.0062,0.6692
HEARTS FOUR DIAMONDS EIGHT,0.6192,0.0262,0.3546
HEARTS FIVE DIAMONDS EIGHT,0.6654,0.081,0.2536
DIAMONDS EIGHT DIAMONDS TEN,0.2086,0.203,0.5884
DIAMONDS EIGHT DIAMONDS JACK,0.3098,0.0162,0.674
SPADES JACK SPADES THREE,0.373,0.0186,0.6084
SPADES TEN SPADES THREE,0.309,0.4434,0.2476
CLUBS FOUR HEARTS ACE,0.3808,0.0042,0.615
CLUBS FOUR HEARTS QUEEN,0.3802,0.0148,0.605
CLUBS FOUR HEARTS KING,0.3988,0.0076,0.5936
CLUBS SIX HEARTS JACK,0.3598,0.0194,0.6208
SPADES FOUR DIAMONDS EIGHT,0.597,0.0274,0.3756
DIAMONDS EIGHT SPADES TWO,0.6166,0.0286,0.3548
DIAMONDS EIGHT SPADES THREE,0.6288,0.0302,0.341
CLUBS FOUR HEARTS JACK,0.3914,0.0158,0.5928
SPADES EIGHT DIAMONDS EIGHT,0.2764,0.045,0.6786
SPADES TEN DIAMONDS QUEEN,0.2304,0.0406,0.729
SPADES TEN HEARTS TWO,0.312,0.4808,0.2072
SPADES JACK HEARTS EIGHT,0.342,0.0192,0.6388
SPADES NINE DIAMONDS EIGHT,0.5348,0.0244,0.4408
SPADES TEN HEARTS EIGHT,0.208,0.2396,0.5524
SPADES JACK HEARTS TWO,0.3982,0.0188,0.583
SPADES JACK DIAMONDS QUEEN,0.3104,0.007,0.6826
SPADES SIX DIAMONDS EIGHT,0.5542,0.0246,0.4212
SPADES SEVEN DIAMONDS EIGHT,0.5364,0.0286,0.435
SPADES ACE HEARTS TWO,0.3792,0.0032,0.6176
SPADES ACE DIAMONDS QUEEN,0.3248,0.0046,0.6706
SPADES ACE HEARTS EIGHT,0.3504,0.004,0.6456
SPADES KING HEARTS EIGHT,0.362,0.0102,0.6278
SPADES QUEEN HEARTS TWO,0.3836,0.013,0.6034
SPADES QUEEN DIAMONDS QUEEN,0.1384,0.0148,0.8468
SPADES KING DIAMONDS QUEEN,0.3144,0.008,0.6776
SPADES KING HEARTS TWO,0.4082,0.0084,0.5834
SPADES QUEEN HEARTS EIGHT,0.3568,0.0142,0.629
CLUBS TWO HEARTS JACK,0.3926,0.0194,0.588
SPADES SEVEN DIAMONDS NINE,0.5476,0.029,0.4234
SPADES SIX DIAMONDS NINE,0.5546,0.0272,0.4182
SPADES NINE DIAMONDS NINE,0.2662,0.0384,0.6954
SPADES EIGHT DIAMONDS NINE,0.5342,0.0232,0.4426
SPADES TEN CLUBS KING,0.221,0.0354,0.7436
DIAMONDS NINE SPADES THREE,0.6234,0.025,0.3516
SPADES JACK CLUBS KING,0.3228,0.0054,0.6718
DIAMONDS NINE SPADES TWO,0.6182,0.0322,0.3496
DIAMONDS NINE SPADES FOUR,0.626,0.0312,0.3428
CLUBS NINE DIAMONDS NINE,0.2772,0.0422,0.6806
CLUBS EIGHT DIAMONDS NINE,0.5492,0.026,0.4248
CLUBS SIX DIAMONDS NINE,0.5692,0.0294,0.4014
SPADES JACK CLUBS FOUR,0.3684,0.0186,0.613
CLUBS SEVEN DIAMONDS NINE,0.5432,0.0286,0.4282
SPADES TEN CLUBS FOUR,0.3012,0.4696,0.2292
CLUBS FOUR DIAMONDS NINE,0.6196,0.0228,0.3576
CLUBS FIVE DIAMONDS NINE,0.6652,0.081,0.2538
DIAMONDS NINE CLUBS TWO,0.6062,0.027,0.3668
CLUBS THREE DIAMONDS NINE,0.6208,0.0276,0.3516
DIAMONDS NINE HEARTS EIGHT,0.5508,0.0282,0.421
DIAMONDS NINE HEARTS NINE,0.2766,0.0414,0.682
HEARTS SIX DIAMONDS NINE,0.5662,0.0244,0.4094
DIAMONDS NINE HEARTS SEVEN,0.5516,0.0256,0.4228
CLUBS NINE CLUBS EIGHT,0.494,0.0276,0.4784
DIAMONDS ACE DIAMONDS NINE,0.3546,0.0038,0.6416
HEARTS FOUR DIAMONDS NINE,0.619,0.0278,0.3532
HEARTS FIVE DIAMONDS NINE,0.6704,0.0838,0.2458
HEARTS ACE CLUBS TWO,0.374,0.0056,0.6204
SPADES ACE CLUBS FOUR,0.3776,0.0044,0.618
DIAMONDS QUEEN DIAMONDS NINE,0.326,0.01,0.664
HEARTS TWO DIAMONDS NINE,0.6308,0.0262,0.343
CLUBS TWO HEARTS KING,0.3946,0.0104,0.595
SPADES KING CLUBS FOUR,0.3918,0.0082,0.6
DIAMONDS KING DIAMONDS NINE,0.3226,0.0088,0.6686
HEARTS THREE DIAMONDS NINE,0.6238,0.028,0.3482
CLUBS TWO HEARTS QUEEN,0.3888,0.0148,0.5964
SPADES QUEEN CLUBS FOUR,0.383,0.0132,0.6038
DIAMONDS NINE DIAMONDS JACK,0.308,0.0162,0.6758
CLUBS EIGHT SPADES NINE,0.5356,0.0244,0.44
DIAMONDS NINE DIAMONDS TEN,0.202,0.1626,0.6354
CLUBS EIGHT SPADES EIGHT,0.2764,0.0454,0.6782
CLUBS EIGHT SPADES SEVEN,0.5416,0.0254,0.433
CLUBS EIGHT SPADES SIX,0.5574,0.0256,0.417
CLUBS EIGHT SPADES FOUR,0.6024,0.0286,0.369
CLUBS EIGHT SPADES THREE,0.6216,0.0228,0.3556
CLUBS EIGHT SPADES TWO,0.6256,0.0256,0.3488
HEARTS SIX DIAMONDS TEN,0.2212,0.3776,0.4012
DIAMONDS TEN HEARTS SEVEN,0.233,0.292,0.475
DIAMONDS TEN HEARTS EIGHT,0.2324,0.2276,0.54
CLUBS FOUR CLUBS JACK,0.3676,0.0152,0.6172
DIAMONDS TEN HEARTS NINE,0.2294,0.1754,0.5952
CLUBS TEN CLUBS FOUR,0.2996,0.4236,0.2768
CLUBS FOUR CLUBS KING,0.3646,0.0074,0.628
CLUBS FOUR CLUBS QUEEN,0.3638,0.0124,0.6238
CLUBS TWO DIAMONDS TEN,0.3232,0.454,0.2228
CLUBS THREE DIAMONDS TEN,0.317,0.4682,0.2148
CLUBS FOUR CLUBS ACE,0.368,0.0038,0.6282
DIAMONDS JACK DIAMONDS TEN,0.2248,0.0542,0.721
DIAMONDS QUEEN DIAMONDS TEN,0.2158,0.0454,0.7388
HEARTS TWO DIAMONDS TEN,0.319,0.4558,0.2252
DIAMONDS KING DIAMONDS TEN,0.211,0.0348,0.7542
HEARTS THREE DIAMONDS TEN,0.3088,0.4708,0.2204
DIAMONDS ACE DIAMONDS TEN,0.2102,0.0224,0.7674
HEARTS FOUR DIAMONDS TEN,0.3112,0.4806,0.2082
CLUBS EIGHT HEARTS JACK,0.3316,0.0186,0.6498
HEARTS FIVE DIAMONDS TEN,0.0172,0.9708,0.012
CLUBS EIGHT HEARTS QUEEN,0.3494,0.0102,0.6404
CLUBS EIGHT HEARTS KING,0.3654,0.0074,0.6272
CLUBS EIGHT HEARTS ACE,0.3514,0.0048,0.6438
CLUBS NINE SPADES THREE,0.6172,0.022,0.3608
CLUBS NINE SPADES TWO,0.6226,0.0244,0.353
CLUBS NINE SPADES FOUR,0.6058,0.0244,0.3698
CLUBS NINE SPADES SEVEN,0.5502,0.03,0.4198
CLUBS NINE SPADES SIX,0.5724,0.028,0.3996
CLUBS NINE SPADES NINE,0.2714,0.0358,0.6928
CLUBS TEN HEARTS EIGHT,0.2202,0.2314,0.5484
CLUBS NINE SPADES EIGHT,0.5306,0.0246,0.4448
CLUBS JACK HEARTS EIGHT,0.3452,0.0202,0.6346
CLUBS QUEEN HEARTS EIGHT,0.3568,0.0094,0.6338
CLUBS KING HEARTS EIGHT,0.364,0.0054,0.6306
CLUBS ACE HEARTS EIGHT,0.3526,0.0044,0.643
SPADES KING CLUBS KING,0.1332,0.0094,0.8574
SPADES QUEEN CLUBS KING,0.3228,0.0056,0.6716
SPADES ACE CLUBS KING,0.3182,0.005,0.6768
DIAMONDS ACE HEARTS JACK,0.3074,0.0018,0.6908
HEARTS FOUR HEARTS JACK,0.363,0.0178,0.6192
SPADES KING CLUBS FIVE,0.24,0.039,0.721
SPADES QUEEN CLUBS FIVE,0.2338,0.0454,0.7208
SPADES ACE CLUBS FIVE,0.223,0.0234,0.7536
DIAMONDS JACK HEARTS SEVEN,0.3528,0.0172,0.63
HEARTS SIX DIAMONDS JACK,0.3562,0.0146,0.6292
DIAMONDS JACK HEARTS NINE,0.3422,0.0142,0.6436
DIAMONDS JACK HEARTS EIGHT,0.3542,0.018,0.6278
DIAMONDS KING DIAMONDS JACK,0.2978,0.0076,0.6946
HEARTS THREE DIAMONDS JACK,0.397,0.022,0.581
SPADES ACE SPADES SIX,0.3446,0.0044,0.651
HEARTS ACE SPADES FOUR,0.3772,0.0044,0.6184
DIAMONDS QUEEN DIAMONDS JACK,0.2804,0.0112,0.7084
HEARTS TWO DIAMONDS JACK,0.4014,0.0174,0.5812
HEARTS FIVE DIAMONDS JACK,0.231,0.0608,0.7082
SPADES QUEEN SPADES SIX,0.3498,0.013,0.6372
SPADES FOUR HEARTS QUEEN,0.3906,0.012,0.5974
DIAMONDS ACE DIAMONDS JACK,0.3028,0.004,0.6932
HEARTS FOUR DIAMONDS JACK,0.3966,0.02,0.5834
SPADES KING SPADES SIX,0.352,0.0074,0.6406
SPADES FOUR HEARTS KING,0.3886,0.0086,0.6028
SPADES TEN SPADES SIX,0.2198,0.3644,0.4158
SPADES JACK SPADES SIX,0.3424,0.0166,0.641
SPADES FOUR DIAMONDS JACK,0.3856,0.0186,0.5958
DIAMONDS JACK SPADES TWO,0.4036,0.0196,0.5768
SPADES THREE DIAMONDS JACK,0.4046,0.0172,0.5782
SPADES ACE DIAMONDS THREE,0.3776,0.0058,0.6166
SPADES QUEEN DIAMONDS THREE,0.3902,0.014,0.5958
CLUBS EIGHT DIAMONDS JACK,0.345,0.0152,0.6398
SPADES KING DIAMONDS THREE,0.3762,0.008,0.6158
CLUBS NINE DIAMONDS JACK,0.3386,0.013,0.6484
CLUBS SIX DIAMONDS JACK,0.3626,0.0158,0.6216
CLUBS SEVEN DIAMONDS JACK,0.3526,0.017,0.6304
CLUBS FOUR DIAMONDS JACK,0.3814,0.014,0.6046
CLUBS FIVE DIAMONDS JACK,0.2354,0.062,0.7026
CLUBS TWO DIAMONDS JACK,0.3918,0.0184,0.5898
CLUBS THREE DIAMONDS JACK,0.393,0.0184,0.5886
SPADES TEN CLUBS FIVE,0.01,0.9718,0.0182
HEARTS SIX SPADES JACK,0.3468,0.0184,0.6348
HEARTS SIX SPADES TEN,0.2106,0.3772,0.4122
SPADES JACK CLUBS FIVE,0.2164,0.0594,0.7242
SPADES JACK DIAMONDS THREE,0.3816,0.0154,0.603
CLUBS SEVEN CLUBS ACE,0.3426,0.0028,0.6546
DIAMONDS THREE SPADES TEN,0.3126,0.4558,0.2316
CLUBS SEVEN CLUBS QUEEN,0.3306,0.0106,0.6588
CLUBS SEVEN CLUBS KING,0.3268,0.008,0.6652
SPADES NINE DIAMONDS JACK,0.3234,0.017,0.6596
CLUBS TEN CLUBS SEVEN,0.2106,0.2792,0.5102
DIAMONDS ACE HEARTS ACE,0.129,0.0036,0.8674
HEARTS FOUR HEARTS ACE,0.3558,0.0052,0.639
SPADES EIGHT DIAMONDS JACK,0.3342,0.0146,0.6512
SPADES ACE HEARTS SIX,0.3576,0.0044,0.638
CLUBS SEVEN CLUBS JACK,0.3114,0.0166,0.672
DIAMONDS ACE HEARTS KING,0.3256,0.0036,0.6708
HEARTS FOUR HEARTS KING,0.3732,0.0076,0.6192
SPADES SEVEN DIAMONDS JACK,0.3484,0.0182,0.6334
SPADES KING HEARTS SIX,0.3662,0.0078,0.626
DIAMONDS ACE HEARTS QUEEN,0.3236,0.0062,0.6702
HEARTS FOUR HEARTS QUEEN,0.3598,0.0142,0.626
SPADES QUEEN HEARTS SIX,0.3528,0.0122,0.635
SPADES SIX DIAMONDS JACK,0.353,0.0172,0.6298
SPADES TWO DIAMONDS TEN,0.3198,0.4606,0.2196
SPADES THREE DIAMONDS TEN,0.3318,0.4602,0.208
SPADES FOUR DIAMONDS TEN,0.3162,0.4708,0.213
SPADES SIX DIAMONDS TEN,0.2152,0.3802,0.4046
SPADES SEVEN DIAMONDS TEN,0.2216,0.2902,0.4882
SPADES EIGHT DIAMONDS TEN,0.2354,0.2248,0.5398
SPADES NINE DIAMONDS TEN,0.2182,0.1692,0.6126
CLUBS FOUR DIAMONDS TEN,0.306,0.4782,0.2158
CLUBS FIVE DIAMONDS TEN,0.0218,0.958,0.0202
CLUBS SIX DIAMONDS TEN,0.2292,0.3708,0.4
CLUBS SEVEN DIAMONDS TEN,0.2374,0.279,0.4836
CLUBS EIGHT DIAMONDS TEN,0.234,0.225,0.541
CLUBS NINE DIAMONDS TEN,0.234,0.1824,0.5836
DIAMONDS THREE CLUBS JACK,0.406,0.0148,0.5792
CLUBS TEN DIAMONDS THREE,0.3262,0.4632,0.2106
DIAMONDS THREE CLUBS KING,0.3952,0.0068,0.598
DIAMONDS THREE CLUBS QUEEN,0.3982,0.0096,0.5922
DIAMONDS THREE CLUBS ACE,0.3928,0.0034,0.6038
SPADES FOUR HEARTS JACK,0.377,0.019,0.604
SPADES FOUR SPADES TWO,0.6004,0.0306,0.369
SPADES THREE SPADES TWO,0.602,0.0286,0.3694
SPADES NINE SPADES TWO,0.5822,0.0282,0.3896
SPADES EIGHT SPADES TWO,0.5788,0.0296,0.3916
SPADES SEVEN SPADES TWO,0.5938,0.026,0.3802
SPADES SIX SPADES TWO,0.5824,0.027,0.3906
DIAMONDS QUEEN CLUBS THREE,0.3994,0.0126,0.588
CLUBS THREE HEARTS TWO,0.632,0.0352,0.3328
DIAMONDS QUEEN CLUBS TWO,0.3936,0.0114,0.595
HEARTS TWO CLUBS TWO,0.4096,0.0608,0.5296
DIAMONDS QUEEN HEARTS SEVEN,0.3648,0.0128,0.6224
HEARTS TWO HEARTS SEVEN,0.6034,0.0254,0.3712
HEARTS SIX DIAMONDS QUEEN,0.3546,0.012,0.6334
HEARTS SIX HEARTS TWO,0.5846,0.0266,0.3888
DIAMONDS QUEEN HEARTS NINE,0.342,0.0112,0.6468
HEARTS TWO HEARTS NINE,0.5774,0.026,0.3966
DIAMONDS QUEEN HEARTS EIGHT,0.3564,0.0122,0.6314
HEARTS TWO HEARTS EIGHT,0.5954,0.0272,0.3774
CLUBS NINE HEARTS TWO,0.617,0.0262,0.3568
CLUBS NINE DIAMONDS QUEEN,0.36,0.0104,0.6296
CLUBS EIGHT HEARTS TWO,0.6308,0.027,0.3422
CLUBS EIGHT DIAMONDS QUEEN,0.3494,0.0102,0.6404
CLUBS FIVE DIAMONDS QUEEN,0.242,0.0526,0.7054
CLUBS FIVE HEARTS TWO,0.6564,0.0848,0.2588
SPADES EIGHT HEARTS ACE,0.3582,0.0062,0.6356
DIAMONDS QUEEN CLUBS FOUR,0.399,0.0112,0.5898
HEARTS TWO CLUBS FOUR,0.6262,0.0326,0.3412
CLUBS SEVEN DIAMONDS QUEEN,0.3694,0.0096,0.621
CLUBS SEVEN HEARTS TWO,0.6318,0.031,0.3372
SPADES EIGHT HEARTS QUEEN,0.3498,0.0114,0.6388
CLUBS SIX DIAMONDS QUEEN,0.358,0.0124,0.6296
CLUBS SIX HEARTS TWO,0.6072,0.0278,0.365
SPADES EIGHT HEARTS KING,0.3488,0.0102,0.641
HEARTS TWO SPADES SIX,0.6004,0.0316,0.368
DIAMONDS QUEEN SPADES SIX,0.3488,0.0116,0.6396
HEARTS FOUR CLUBS QUEEN,0.3778,0.0128,0.6094
DIAMONDS ACE CLUBS QUEEN,0.327,0.0026,0.6704
DIAMONDS QUEEN SPADES SEVEN,0.347,0.0092,0.6438
HEARTS TWO SPADES SEVEN,0.6316,0.0296,0.3388
HEARTS FOUR CLUBS KING,0.397,0.0092,0.5938
DIAMONDS ACE CLUBS KING,0.3282,0.003,0.6688
DIAMONDS QUEEN SPADES EIGHT,0.3466,0.0122,0.6412
SPADES EIGHT HEARTS TWO,0.625,0.0266,0.3484
HEARTS FOUR CLUBS ACE,0.38,0.0054,0.6146
DIAMONDS ACE CLUBS ACE,0.1316,0.0036,0.8648
SPADES NINE DIAMONDS QUEEN,0.3402,0.0104,0.6494
SPADES NINE HEARTS TWO,0.6172,0.0286,0.3542
HEARTS TWO SPADES TWO,0.4056,0.066,0.5284
DIAMONDS QUEEN SPADES TWO,0.4104,0.01,0.5796
HEARTS TWO SPADES THREE,0.635,0.0274,0.3376
DIAMONDS QUEEN SPADES THREE,0.4002,0.013,0.5868
HEARTS TWO SPADES FOUR,0.6354,0.0288,0.3358
DIAMONDS QUEEN SPADES FOUR,0.3892,0.0128,0.598
HEARTS FOUR CLUBS TEN,0.313,0.4704,0.2166
CLUBS TEN DIAMONDS ACE,0.2416,0.0218,0.7366
HEARTS FOUR CLUBS JACK,0.3888,0.019,0.5922
DIAMONDS ACE CLUBS JACK,0.3236,0.0052,0.6712
CLUBS FIVE CLUBS KING,0.2216,0.034,0.7444
CLUBS FIVE CLUBS QUEEN,0.2188,0.0454,0.7358
CLUBS FIVE CLUBS ACE,0.2242,0.0234,0.7524
CLUBS FIVE CLUBS JACK,0.2276,0.059,0.7134
CLUBS TEN CLUBS FIVE,0.0206,0.9086,0.0708
SPADES KING CLUBS JACK,0.3078,0.0078,0.6844
SPADES QUEEN CLUBS JACK,0.2976,0.007,0.6954
SPADES ACE CLUBS JACK,0.3154,0.0042,0.6804
SPADES SIX CLUBS KING,0.351,0.0078,0.6412
SPADES SIX CLUBS QUEEN,0.3492,0.0122,0.6386
SPADES EIGHT HEARTS JACK,0.314,0.0162,0.6698
SPADES SIX CLUBS ACE,0.3468,0.004,0.6492
SPADES SIX CLUBS JACK,0.3654,0.019,0.6156
CLUBS TEN SPADES SIX,0.2192,0.391,0.3898
SPADES TEN CLUBS JACK,0.2344,0.0606,0.705
SPADES JACK CLUBS JACK,0.14,0.0258,0.8342
SPADES QUEEN CLUBS SEVEN,0.3448,0.0124,0.6428
SPADES KING CLUBS SEVEN,0.3538,0.0088,0.6374
SPADES ACE CLUBS SEVEN,0.3458,0.0046,0.6496
SPADES SIX HEARTS JACK,0.3528,0.018,0.6292
SPADES SIX HEARTS ACE,0.3556,0.0048,0.6396
SPADES SIX HEARTS KING,0.3376,0.0094,0.653
SPADES SIX HEARTS QUEEN,0.3358,0.013,0.6512
CLUBS SEVEN SPADES JACK,0.3484,0.0192,0.6324
CLUBS SEVEN SPADES TEN,0.2144,0.3066,0.479
CLUBS TEN HEARTS SIX,0.2322,0.3664,0.4014
HEARTS SIX CLUBS JACK,0.3716,0.0174,0.611
CLUBS ACE CLUBS JACK,0.2976,0.0044,0.698
HEARTS SIX CLUBS QUEEN,0.3558,0.0146,0.6296
HEARTS SIX CLUBS KING,0.3674,0.008,0.6246
HEARTS SIX CLUBS ACE,0.3692,0.0048,0.626
CLUBS QUEEN CLUBS JACK,0.2928,0.008,0.6992
CLUBS KING CLUBS JACK,0.2972,0.0056,0.6972
DIAMONDS THREE HEARTS ACE,0.3746,0.008,0.6174
DIAMONDS THREE HEARTS QUEEN,0.3974,0.0114,0.5912
DIAMONDS THREE HEARTS KING,0.3924,0.009,0.5986
CLUBS FIVE HEARTS JACK,0.2388,0.0714,0.6898
SPADES TEN DIAMONDS ACE,0.2174,0.0236,0.759
HEARTS FOUR SPADES TEN,0.3008,0.4822,0.217
HEARTS FOUR SPADES JACK,0.3902,0.0202,0.5896
SPADES JACK DIAMONDS ACE,0.3118,0.0038,0.6844
SPADES ACE HEARTS FOUR,0.375,0.0058,0.6192
SPADES ACE DIAMONDS ACE,0.127,0.0028,0.8702
CLUBS FIVE HEARTS ACE,0.245,0.0266,0.7284
CLUBS FIVE HEARTS KING,0.2356,0.0344,0.73
HEARTS FOUR SPADES QUEEN,0.3814,0.0126,0.606
SPADES QUEEN DIAMONDS ACE,0.3216,0.0042,0.6742
SPADES FOUR CLUBS JACK,0.3886,0.0186,0.5928
CLUBS FIVE HEARTS QUEEN,0.232,0.0438,0.7242
SPADES KING DIAMONDS ACE,0.321,0.004,0.675
HEARTS FOUR SPADES KING,0.3868,0.0072,0.606
CLUBS TEN SPADES FOUR,0.3092,0.4746,0.2162
DIAMONDS QUEEN DIAMONDS ACE,0.3062,0.0048,0.689
HEARTS TWO DIAMONDS ACE,0.3782,0.0062,0.6156
HEARTS FOUR DIAMONDS QUEEN,0.3932,0.0152,0.5916
HEARTS FOUR HEARTS TWO,0.599,0.0282,0.3728
SPADES FOUR CLUBS KING,0.3894,0.0074,0.6032
HEARTS FIVE DIAMONDS QUEEN,0.2364,0.0522,0.7114
HEARTS FIVE HEARTS TWO,0.63,0.0806,0.2894
DIAMONDS THREE HEARTS JACK,0.3954,0.0152,0.5894
SPADES FOUR CLUBS QUEEN,0.4012,0.014,0.5848
DIAMONDS QUEEN HEARTS TWO,0.4082,0.0138,0.578
DIAMONDS KING DIAMONDS QUEEN,0.285,0.007,0.708
DIAMONDS KING HEARTS TWO,0.4058,0.0076,0.5866
HEARTS THREE DIAMONDS QUEEN,0.3936,0.0124,0.594
HEARTS THREE HEARTS TWO,0.6026,0.0338,0.3636
SPADES FOUR CLUBS ACE,0.3802,0.0034,0.6164
HEARTS TWO CLUBS ACE,0.3944,0.0034,0.6022
DIAMONDS QUEEN CLUBS ACE,0.3248,0.005,0.6702
HEARTS TWO CLUBS QUEEN,0.3966,0.0124,0.591
DIAMONDS QUEEN CLUBS QUEEN,0.1398,0.0162,0.844
HEARTS TWO CLUBS KING,0.4146,0.0122,0.5732
DIAMONDS QUEEN CLUBS KING,0.3112,0.0066,0.6822
CLUBS TEN HEARTS TWO,0.3338,0.464,0.2022
CLUBS TEN DIAMONDS QUEEN,0.2348,0.0446,0.7206
HEARTS TWO CLUBS JACK,0.396,0.0172,0.5868
DIAMONDS QUEEN CLUBS JACK,0.3012,0.0116,0.6872
DIAMONDS FIVE CLUBS QUEEN,0.2338,0.0458,0.7204
SPADES EIGHT CLUBS ACE,0.3562,0.0046,0.6392
DIAMONDS FIVE CLUBS KING,0.2392,0.0374,0.7234
SPADES EIGHT CLUBS KING,0.354,0.0094,0.6366
CLUBS ACE DIAMONDS FIVE,0.2352,0.0216,0.7432
SPADES EIGHT CLUBS QUEEN,0.3468,0.0098,0.6434
SPADES EIGHT CLUBS JACK,0.3418,0.017,0.6412
CLUBS TEN SPADES EIGHT,0.2234,0.223,0.5536
CLUBS TEN DIAMONDS FIVE,0.0208,0.9562,0.023
DIAMONDS FIVE CLUBS JACK,0.2426,0.0646,0.6928
DIAMONDS TEN HEARTS JACK,0.2254,0.059,0.7156
SPADES ACE CLUBS NINE,0.368,0.0034,0.6286
CLUBS NINE SPADES QUEEN,0.3434,0.0104,0.6462
CLUBS NINE SPADES KING,0.357,0.0086,0.6344
HEARTS SIX HEARTS KING,0.342,0.0098,0.6482
DIAMONDS KING SPADES SEVEN,0.3658,0.0072,0.627
HEARTS THREE SPADES SEVEN,0.6014,0.0298,0.3688
SPADES KING DIAMONDS SEVEN,0.3572,0.0064,0.6364
HEARTS SIX HEARTS QUEEN,0.3394,0.0106,0.65
SPADES QUEEN DIAMONDS SEVEN,0.3644,0.011,0.6246
HEARTS THREE SPADES SIX,0.5968,0.034,0.3692
DIAMONDS KING SPADES SIX,0.361,0.0062,0.6328
DIAMONDS KING SPADES NINE,0.35,0.01,0.64
