opposingHand,winningChance,drawChance,lostChance
SPADES KING DIAMONDS SIX
HEARTS FIVE SPADES TEN,0.637,0.0066,0.3564
HEARTS FIVE SPADES JACK,0.6378,0.0074,0.3548
SPADES FIVE CLUBS JACK,0.6268,0.0072,0.366
CLUBS TEN SPADES FIVE,0.6398,0.0086,0.3516
CLUBS EIGHT CLUBS JACK,0.5346,0.0044,0.461
CLUBS TEN CLUBS EIGHT,0.527,0.0092,0.4638
CLUBS EIGHT CLUBS KING,0.2032,0.2182,0.5786
SPADES FIVE CLUBS ACE,0.3794,0.0056,0.615
CLUBS EIGHT CLUBS QUEEN,0.5492,0.0066,0.4442
SPADES FIVE CLUBS KING,0.397,0.3838,0.2192
SPADES FIVE CLUBS QUEEN,0.6424,0.006,0.3516
CLUBS EIGHT CLUBS ACE,0.3356,0.0024,0.662
DIAMONDS TWO DIAMONDS THREE,0.6258,0.0084,0.3658
DIAMONDS TWO DIAMONDS FIVE,0.6,0.0078,0.3922
DIAMONDS TWO DIAMONDS FOUR,0.6146,0.008,0.3774
HEARTS FIVE SPADES QUEEN,0.6322,0.009,0.3588
DIAMONDS TWO DIAMONDS SEVEN,0.6102,0.0116,0.3782
SPADES ACE HEARTS FIVE,0.3708,0.0036,0.6256
DIAMONDS TWO DIAMONDS NINE,0.5922,0.0084,0.3994
DIAMONDS TWO DIAMONDS EIGHT,0.6002,0.008,0.3918
DIAMONDS THREE DIAMONDS FOUR,0.6064,0.0108,0.3828
SPADES FOUR CLUBS TWO,0.648,0.0088,0.3432
DIAMONDS THREE DIAMONDS FIVE,0.6084,0.0092,0.3824
SPADES FIVE CLUBS TWO,0.6422,0.0126,0.3452
CLUBS TWO SPADES TWO,0.4662,0.0138,0.52
CLUBS TWO SPADES THREE,0.6306,0.0106,0.3588
DIAMONDS THREE DIAMONDS EIGHT,0.6162,0.0072,0.3766
SPADES EIGHT CLUBS TWO,0.641,0.007,0.352
DIAMONDS THREE DIAMONDS NINE,0.5938,0.0066,0.3996
SPADES NINE CLUBS TWO,0.6398,0.007,0.3532
SPADES SIX CLUBS TWO,0.727,0.046,0.227
DIAMONDS THREE DIAMONDS SEVEN,0.6044,0.009,0.3866
SPADES SEVEN CLUBS TWO,0.6416,0.0092,0.3492
CLUBS SIX CLUBS TWO,0.685,0.0354,0.2796
CLUBS SEVEN CLUBS TWO,0.5988,0.0068,0.3944
CLUBS FOUR CLUBS TWO,0.597,0.0076,0.3954
CLUBS FIVE CLUBS TWO,0.6068,0.0072,0.386
CLUBS TEN CLUBS JACK,0.5102,0.0078,0.482
CLUBS TEN CLUBS QUEEN,0.5148,0.008,0.4772
DIAMONDS FOUR DIAMONDS SEVEN,0.5836,0.01,0.4064
CLUBS TEN CLUBS KING,0.235,0.0962,0.6688
CLUBS TEN CLUBS ACE,0.3204,0.0036,0.676
CLUBS EIGHT CLUBS TWO,0.5914,0.0084,0.4002
DIAMONDS FIVE DIAMONDS FOUR,0.5958,0.0076,0.3966
CLUBS NINE CLUBS TWO,0.58,0.008,0.412
DIAMONDS NINE DIAMONDS FOUR,0.6084,0.0066,0.385
DIAMONDS FOUR DIAMONDS EIGHT,0.5944,0.0078,0.3978
CLUBS THREE CLUBS TWO,0.5968,0.0082,0.395
DIAMONDS NINE DIAMONDS FIVE,0.596,0.0098,0.3942
DIAMONDS TWO CLUBS JACK,0.628,0.007,0.365
DIAMONDS FIVE DIAMONDS EIGHT,0.5836,0.0074,0.409
CLUBS TEN DIAMONDS TWO,0.63,0.0084,0.3616
DIAMONDS FIVE DIAMONDS SEVEN,0.58,0.0068,0.4132
DIAMONDS TWO CLUBS ACE,0.3898,0.0052,0.605
DIAMONDS TWO CLUBS KING,0.4088,0.3858,0.2054
DIAMONDS TWO CLUBS QUEEN,0.6434,0.0068,0.3498
HEARTS ACE SPADES THREE,0.4006,0.0056,0.5938
SPADES THREE HEARTS KING,0.4126,0.3602,0.2272
SPADES THREE HEARTS QUEEN,0.6256,0.006,0.3684
SPADES THREE HEARTS JACK,0.6366,0.008,0.3554
SPADES THREE HEARTS TEN,0.6308,0.0068,0.3624
DIAMONDS EIGHT DIAMONDS SEVEN,0.5406,0.0076,0.4518
DIAMONDS NINE DIAMONDS SEVEN,0.5426,0.0082,0.4492
DIAMONDS NINE DIAMONDS EIGHT,0.5322,0.006,0.4618
DIAMONDS KING HEARTS TEN,0.2382,0.1144,0.6474
HEARTS THREE HEARTS TEN,0.5976,0.0064,0.396
SPADES JACK CLUBS SIX,0.724,0.0368,0.2392
DIAMONDS KING HEARTS JACK,0.2382,0.0866,0.6752
HEARTS THREE HEARTS JACK,0.578,0.0046,0.4174
SPADES TEN CLUBS SIX,0.717,0.0346,0.2484
SPADES JACK SPADES FIVE,0.5986,0.0072,0.3942
SPADES TEN SPADES FIVE,0.608,0.0072,0.3848
DIAMONDS KING HEARTS ACE,0.2176,0.0112,0.7712
HEARTS THREE HEARTS ACE,0.3678,0.0058,0.6264
SPADES ACE CLUBS SIX,0.2318,0.029,0.7392
DIAMONDS KING HEARTS QUEEN,0.2514,0.0656,0.683
HEARTS THREE HEARTS QUEEN,0.595,0.0064,0.3986
DIAMONDS KING HEARTS KING,0.0716,0.0152,0.9132
HEARTS THREE HEARTS KING,0.374,0.3564,0.2696
SPADES QUEEN CLUBS SIX,0.7356,0.0374,0.227
SPADES NINE HEARTS TEN,0.563,0.0068,0.4302
SPADES NINE HEARTS JACK,0.551,0.0064,0.4426
SPADES QUEEN SPADES FIVE,0.6086,0.0086,0.3828
SPADES ACE SPADES FIVE,0.3586,0.0056,0.6358
SPADES NINE HEARTS QUEEN,0.5838,0.0064,0.4098
SPADES NINE HEARTS KING,0.242,0.1542,0.6038
SPADES NINE HEARTS ACE,0.3608,0.0042,0.635
CLUBS TEN SPADES JACK,0.536,0.0062,0.4578
CLUBS TEN SPADES TEN,0.306,0.009,0.685
SPADES ACE CLUBS TEN,0.3388,0.0034,0.6578
SPADES QUEEN CLUBS TEN,0.5534,0.0082,0.4384
SPADES FIVE HEARTS QUEEN,0.6426,0.007,0.3504
SPADES FIVE HEARTS KING,0.4066,0.3828,0.2106
SPADES FIVE HEARTS ACE,0.39,0.0038,0.6062
SPADES JACK HEARTS THREE,0.643,0.008,0.349
SPADES JACK DIAMONDS KING,0.2378,0.0878,0.6744
SPADES TEN CLUBS EIGHT,0.5854,0.0064,0.4082
SPADES JACK CLUBS EIGHT,0.5608,0.0056,0.4336
SPADES TEN HEARTS THREE,0.6398,0.0066,0.3536
SPADES TEN DIAMONDS KING,0.233,0.1138,0.6532
CLUBS SIX HEARTS ACE,0.2354,0.0332,0.7314
SPADES ACE CLUBS EIGHT,0.3554,0.005,0.6396
HEARTS FIVE CLUBS JACK,0.633,0.0064,0.3606
HEARTS FIVE CLUBS TEN,0.6266,0.007,0.3664
CLUBS SIX HEARTS QUEEN,0.7314,0.0378,0.2308
SPADES QUEEN CLUBS EIGHT,0.595,0.008,0.397
CLUBS TEN SPADES THREE,0.6204,0.0088,0.3708
CLUBS SIX HEARTS KING,0.0218,0.9548,0.0234
SPADES THREE CLUBS JACK,0.6224,0.0066,0.371
DIAMONDS TWO HEARTS JACK,0.642,0.0082,0.3498
SPADES THREE CLUBS QUEEN,0.6456,0.0038,0.3506
DIAMONDS TWO HEARTS TEN,0.627,0.0092,0.3638
SPADES THREE CLUBS KING,0.4096,0.375,0.2154
HEARTS FIVE CLUBS ACE,0.3968,0.005,0.5982
SPADES FIVE HEARTS TEN,0.6386,0.005,0.3564
SPADES THREE CLUBS ACE,0.3988,0.0054,0.5958
HEARTS FIVE CLUBS KING,0.3872,0.3916,0.2212
SPADES FIVE HEARTS JACK,0.6334,0.0068,0.3598
HEARTS FIVE CLUBS QUEEN,0.632,0.0066,0.3614
HEARTS THREE CLUBS KING,0.3808,0.3954,0.2238
DIAMONDS KING CLUBS KING,0.0698,0.014,0.9162
HEARTS THREE CLUBS QUEEN,0.6346,0.0072,0.3582
DIAMONDS KING CLUBS QUEEN,0.2352,0.0686,0.6962
HEARTS FIVE HEARTS JACK,0.5824,0.0052,0.4124
HEARTS FIVE HEARTS TEN,0.5766,0.0068,0.4166
HEARTS THREE CLUBS ACE,0.3956,0.0038,0.6006
DIAMONDS KING CLUBS ACE,0.2356,0.0128,0.7516
SPADES ACE CLUBS QUEEN,0.3362,0.0058,0.658
HEARTS THREE CLUBS JACK,0.6242,0.0082,0.3676
DIAMONDS KING CLUBS JACK,0.2352,0.083,0.6818
SPADES QUEEN CLUBS QUEEN,0.287,0.003,0.71
CLUBS TEN HEARTS THREE,0.6214,0.0078,0.3708
CLUBS TEN DIAMONDS KING,0.2298,0.1126,0.6576
SPADES JACK CLUBS QUEEN,0.5448,0.0056,0.4496
CLUBS SIX CLUBS QUEEN,0.6814,0.0374,0.2812
SPADES TEN CLUBS QUEEN,0.5672,0.006,0.4268
CLUBS SIX CLUBS KING,0.0222,0.9064,0.0714
CLUBS SIX CLUBS ACE,0.219,0.0258,0.7552
HEARTS FIVE HEARTS KING,0.3624,0.3724,0.2652
HEARTS FIVE HEARTS QUEEN,0.5844,0.0056,0.41
CLUBS TEN CLUBS SIX,0.6716,0.0318,0.2966
HEARTS FIVE HEARTS ACE,0.3654,0.005,0.6296
CLUBS SIX CLUBS JACK,0.6872,0.0366,0.2762
SPADES SEVEN HEARTS JACK,0.5986,0.0054,0.396
SPADES SEVEN HEARTS TEN,0.5882,0.007,0.4048
DIAMONDS TWO CLUBS TWO,0.4556,0.0172,0.5272
DIAMONDS TWO CLUBS THREE,0.644,0.0094,0.3466
DIAMONDS TWO HEARTS SIX,0.7384,0.038,0.2236
DIAMONDS TWO HEARTS QUEEN,0.6398,0.0078,0.3524
HEARTS SEVEN DIAMONDS TWO,0.6436,0.0094,0.347
DIAMONDS TWO HEARTS KING,0.3984,0.3742,0.2274
DIAMONDS TWO HEARTS EIGHT,0.6356,0.0082,0.3562
DIAMONDS TWO HEARTS ACE,0.3914,0.0048,0.6038
DIAMONDS TWO HEARTS NINE,0.6398,0.008,0.3522
DIAMONDS TWO DIAMONDS QUEEN,0.6092,0.008,0.3828
DIAMONDS TWO HEARTS TWO,0.4552,0.0204,0.5244
DIAMONDS TWO DIAMONDS KING,0.3822,0.3634,0.2544
DIAMONDS TWO HEARTS THREE,0.6666,0.0086,0.3248
DIAMONDS TWO DIAMONDS ACE,0.3688,0.0048,0.6264
HEARTS FOUR DIAMONDS TWO,0.646,0.0076,0.3464
HEARTS FIVE DIAMONDS TWO,0.6362,0.0096,0.3542
SPADES SEVEN HEARTS ACE,0.3664,0.006,0.6276
DIAMONDS TWO DIAMONDS TEN,0.5928,0.009,0.3982
SPADES SEVEN HEARTS KING,0.2254,0.3088,0.4658
DIAMONDS TWO DIAMONDS JACK,0.5988,0.0062,0.395
SPADES SEVEN HEARTS QUEEN,0.6122,0.0072,0.3806
DIAMONDS TWO SPADES NINE,0.6482,0.006,0.3458
DIAMONDS TWO SPADES EIGHT,0.6458,0.0074,0.3468
DIAMONDS TWO SPADES SEVEN,0.6572,0.0098,0.333
DIAMONDS TWO SPADES SIX,0.7286,0.0468,0.2246
DIAMONDS TWO SPADES FIVE,0.6472,0.0096,0.3432
DIAMONDS TWO SPADES FOUR,0.6606,0.0106,0.3288
DIAMONDS TWO SPADES THREE,0.6534,0.0106,0.336
DIAMONDS TWO SPADES TWO,0.471,0.0158,0.5132
CLUBS NINE DIAMONDS TWO,0.6492,0.0084,0.3424
DIAMONDS TWO CLUBS EIGHT,0.6402,0.0058,0.354
CLUBS SEVEN DIAMONDS TWO,0.643,0.0062,0.3508
DIAMONDS TWO CLUBS SIX,0.7498,0.0356,0.2146
DIAMONDS TWO CLUBS FIVE,0.6446,0.0086,0.3468
DIAMONDS TWO CLUBS FOUR,0.634,0.0086,0.3574
CLUBS FOUR SPADES FIVE,0.6222,0.0082,0.3696
CLUBS FOUR SPADES FOUR,0.453,0.0152,0.5318
CLUBS FOUR SPADES THREE,0.6264,0.0106,0.363
CLUBS FOUR SPADES TWO,0.6504,0.009,0.3406
SPADES NINE CLUBS FOUR,0.646,0.0086,0.3454
SPADES EIGHT CLUBS FOUR,0.6328,0.0106,0.3566
SPADES SEVEN CLUBS FOUR,0.6298,0.0096,0.3606
SPADES SIX CLUBS FOUR,0.7034,0.0364,0.2602
SPADES QUEEN SPADES TWO,0.6022,0.0082,0.3896
SPADES ACE SPADES TWO,0.3698,0.0072,0.623
DIAMONDS JACK CLUBS JACK,0.2846,0.0046,0.7108
CLUBS TEN DIAMONDS JACK,0.5436,0.0072,0.4492
DIAMONDS JACK CLUBS KING,0.2246,0.0866,0.6888
DIAMONDS JACK CLUBS QUEEN,0.5502,0.0072,0.4426
DIAMONDS THREE DIAMONDS JACK,0.597,0.007,0.396
DIAMONDS THREE DIAMONDS TEN,0.6004,0.006,0.3936
DIAMONDS JACK CLUBS ACE,0.3462,0.004,0.6498
DIAMONDS THREE DIAMONDS KING,0.3916,0.3552,0.2532
DIAMONDS THREE HEARTS THREE,0.4486,0.0178,0.5336
DIAMONDS THREE DIAMONDS QUEEN,0.5984,0.0086,0.393
DIAMONDS THREE HEARTS TWO,0.6414,0.0118,0.3468
HEARTS FIVE DIAMONDS THREE,0.6428,0.01,0.3472
DIAMONDS THREE DIAMONDS ACE,0.3792,0.0044,0.6164
HEARTS FOUR DIAMONDS THREE,0.6254,0.0082,0.3664
HEARTS SEVEN DIAMONDS THREE,0.6268,0.007,0.3662
SPADES TEN SPADES NINE,0.5236,0.0052,0.4712
HEARTS SIX DIAMONDS THREE,0.7162,0.0436,0.2402
SPADES JACK SPADES NINE,0.535,0.0066,0.4584
DIAMONDS THREE HEARTS NINE,0.6374,0.0082,0.3544
HEARTS JACK DIAMONDS FOUR,0.6266,0.008,0.3654
HEARTS ACE HEARTS KING,0.2142,0.0124,0.7734
SPADES TEN SPADES TWO,0.6,0.0062,0.3938
DIAMONDS THREE HEARTS EIGHT,0.6408,0.008,0.3512
HEARTS TEN DIAMONDS FOUR,0.6408,0.0092,0.35
SPADES JACK SPADES TWO,0.6024,0.0082,0.3894
HEARTS QUEEN DIAMONDS FOUR,0.6222,0.0068,0.371
HEARTS KING DIAMONDS FOUR,0.4098,0.3742,0.216
SPADES ACE SPADES NINE,0.351,0.0028,0.6462
HEARTS ACE DIAMONDS FOUR,0.3866,0.0038,0.6096
SPADES QUEEN SPADES NINE,0.55,0.0078,0.4422
DIAMONDS THREE SPADES NINE,0.637,0.009,0.354
DIAMONDS THREE SPADES EIGHT,0.664,0.0048,0.3312
DIAMONDS THREE SPADES SEVEN,0.6392,0.0106,0.3502
DIAMONDS THREE SPADES SIX,0.7254,0.0388,0.2358
DIAMONDS THREE CLUBS SIX,0.7148,0.0426,0.2426
CLUBS FIVE CLUBS SIX,0.6358,0.0362,0.328
CLUBS ACE DIAMONDS FOUR,0.3862,0.004,0.6098
CLUBS SEVEN DIAMONDS THREE,0.6326,0.0098,0.3576
CLUBS SEVEN CLUBS FIVE,0.5634,0.0072,0.4294
DIAMONDS THREE CLUBS FOUR,0.6396,0.008,0.3524
DIAMONDS FOUR CLUBS QUEEN,0.6304,0.0064,0.3632
DIAMONDS THREE CLUBS FIVE,0.6328,0.0088,0.3584
CLUBS KING DIAMONDS FOUR,0.3992,0.383,0.2178
DIAMONDS THREE CLUBS TWO,0.6514,0.008,0.3406
CLUBS TEN DIAMONDS FOUR,0.636,0.0082,0.3558
DIAMONDS THREE CLUBS THREE,0.4578,0.0144,0.5278
DIAMONDS FOUR CLUBS JACK,0.6446,0.0066,0.3488
DIAMONDS THREE SPADES FOUR,0.6366,0.0106,0.3528
DIAMONDS THREE SPADES FIVE,0.6418,0.008,0.3502
DIAMONDS THREE SPADES TWO,0.6644,0.008,0.3276
DIAMONDS THREE SPADES THREE,0.454,0.0208,0.5252
CLUBS EIGHT DIAMONDS THREE,0.6478,0.0076,0.3446
CLUBS NINE DIAMONDS THREE,0.6294,0.0062,0.3644
SPADES SEVEN CLUBS ACE,0.3682,0.0026,0.6292
SPADES SEVEN CLUBS QUEEN,0.6026,0.0068,0.3906
SPADES SEVEN CLUBS KING,0.2318,0.3038,0.4644
CLUBS FIVE SPADES SEVEN,0.6098,0.0086,0.3816
CLUBS TEN SPADES SEVEN,0.5972,0.0052,0.3976
CLUBS FIVE SPADES SIX,0.6848,0.0418,0.2734
SPADES SEVEN CLUBS JACK,0.5908,0.007,0.4022
SPADES NINE CLUBS FIVE,0.6322,0.0076,0.3602
CLUBS FIVE SPADES EIGHT,0.6116,0.0048,0.3836
CLUBS FIVE SPADES THREE,0.6368,0.009,0.3542
CLUBS FIVE SPADES TWO,0.6452,0.0104,0.3444
CLUBS FIVE SPADES FIVE,0.4354,0.0146,0.55
CLUBS FIVE SPADES FOUR,0.6166,0.008,0.3754
CLUBS NINE CLUBS FIVE,0.575,0.006,0.419
CLUBS EIGHT CLUBS FIVE,0.5654,0.0082,0.4264
CLUBS ACE CLUBS QUEEN,0.337,0.0036,0.6594
CLUBS KING CLUBS QUEEN,0.2346,0.0592,0.7062
DIAMONDS TEN DIAMONDS FOUR,0.5958,0.006,0.3982
CLUBS TEN DIAMONDS NINE,0.5558,0.009,0.4352
DIAMONDS JACK DIAMONDS FOUR,0.6026,0.0108,0.3866
DIAMONDS NINE CLUBS JACK,0.5576,0.0066,0.4358
SPADES NINE CLUBS JACK,0.5696,0.0058,0.4246
CLUBS TEN SPADES NINE,0.5458,0.006,0.4482
DIAMONDS ACE DIAMONDS FOUR,0.3742,0.0046,0.6212
HEARTS FOUR DIAMONDS FOUR,0.4386,0.0122,0.5492
DIAMONDS JACK HEARTS TEN,0.5458,0.0054,0.4488
SPADES NINE CLUBS KING,0.236,0.1656,0.5984
DIAMONDS TWO SPADES TEN,0.6374,0.0096,0.353
DIAMONDS NINE CLUBS ACE,0.3552,0.0038,0.641
HEARTS FIVE DIAMONDS FOUR,0.626,0.0112,0.3628
DIAMONDS JACK HEARTS JACK,0.2834,0.0052,0.7114
SPADES NINE CLUBS QUEEN,0.5808,0.0052,0.414
SPADES JACK DIAMONDS TWO,0.6354,0.0078,0.3568
DIAMONDS QUEEN DIAMONDS FOUR,0.6086,0.0058,0.3856
HEARTS TWO DIAMONDS FOUR,0.649,0.0082,0.3428
DIAMONDS NINE CLUBS QUEEN,0.5748,0.0074,0.4178
DIAMONDS KING DIAMONDS FOUR,0.3744,0.3618,0.2638
HEARTS THREE DIAMONDS FOUR,0.6384,0.0084,0.3532
SPADES NINE CLUBS ACE,0.3538,0.0042,0.642
DIAMONDS NINE CLUBS KING,0.2248,0.1694,0.6058
HEARTS ACE DIAMONDS JACK,0.341,0.0052,0.6538
SPADES ACE DIAMONDS TWO,0.3938,0.0044,0.6018
HEARTS QUEEN DIAMONDS JACK,0.5422,0.0044,0.4534
SPADES QUEEN DIAMONDS TWO,0.6528,0.0072,0.34
HEARTS KING DIAMONDS JACK,0.2244,0.0826,0.693
SPADES JACK SPADES SEVEN,0.577,0.0058,0.4172
SPADES TEN SPADES SEVEN,0.55,0.0058,0.4442
CLUBS SEVEN CLUBS THREE,0.5832,0.009,0.4078
CLUBS SIX CLUBS THREE,0.656,0.04,0.304
CLUBS FIVE CLUBS THREE,0.5882,0.008,0.4038
CLUBS THREE CLUBS FOUR,0.5828,0.01,0.4072
CLUBS NINE CLUBS THREE,0.601,0.0082,0.3908
CLUBS EIGHT CLUBS THREE,0.5946,0.0074,0.398
CLUBS THREE SPADES FIVE,0.6242,0.008,0.3678
CLUBS THREE SPADES FOUR,0.641,0.0076,0.3514
CLUBS THREE SPADES THREE,0.4434,0.0216,0.535
CLUBS THREE SPADES TWO,0.646,0.0106,0.3434
CLUBS THREE SPADES SIX,0.7068,0.0424,0.2508
SPADES SEVEN CLUBS THREE,0.6424,0.0066,0.351
SPADES EIGHT CLUBS THREE,0.6384,0.01,0.3516
SPADES NINE CLUBS THREE,0.6364,0.0076,0.356
SPADES TWO DIAMONDS FOUR,0.6556,0.0106,0.3338
SPADES THREE DIAMONDS FOUR,0.6464,0.0082,0.3454
SPADES FOUR DIAMONDS FOUR,0.4524,0.0156,0.532
SPADES FIVE DIAMONDS FOUR,0.6132,0.0096,0.3772
SPADES SIX DIAMONDS FOUR,0.6988,0.0408,0.2604
SPADES SEVEN DIAMONDS FOUR,0.635,0.009,0.356
SPADES EIGHT DIAMONDS FOUR,0.6248,0.008,0.3672
SPADES NINE DIAMONDS FOUR,0.6436,0.0094,0.347
CLUBS FIVE DIAMONDS FOUR,0.6198,0.0084,0.3718
CLUBS FOUR DIAMONDS FOUR,0.4542,0.0142,0.5316
CLUBS SEVEN DIAMONDS FOUR,0.6254,0.0066,0.368
CLUBS SIX DIAMONDS FOUR,0.7008,0.0394,0.2598
CLUBS NINE DIAMONDS FOUR,0.6376,0.0074,0.355
CLUBS EIGHT DIAMONDS FOUR,0.642,0.008,0.35
HEARTS SEVEN DIAMONDS FOUR,0.617,0.0094,0.3736
HEARTS SIX DIAMONDS FOUR,0.689,0.0422,0.2688
DIAMONDS FOUR HEARTS NINE,0.6356,0.008,0.3564
DIAMONDS FOUR HEARTS EIGHT,0.6336,0.0088,0.3576
CLUBS THREE DIAMONDS FOUR,0.6428,0.009,0.3482
CLUBS TWO DIAMONDS FOUR,0.6484,0.0072,0.3444
DIAMONDS TEN DIAMONDS FIVE,0.6054,0.007,0.3876
DIAMONDS JACK DIAMONDS FIVE,0.5862,0.0092,0.4046
DIAMONDS NINE HEARTS QUEEN,0.5774,0.0066,0.416
DIAMONDS NINE HEARTS KING,0.2194,0.1698,0.6108
HEARTS ACE DIAMONDS NINE,0.3652,0.0042,0.6306
DIAMONDS NINE HEARTS TEN,0.5638,0.0054,0.4308
DIAMONDS NINE HEARTS JACK,0.5658,0.0056,0.4286
SPADES ACE SPADES SEVEN,0.3362,0.0034,0.6604
SPADES QUEEN DIAMONDS FOUR,0.6386,0.0102,0.3512
SPADES QUEEN SPADES SEVEN,0.5704,0.008,0.4216
SPADES ACE DIAMONDS FOUR,0.3922,0.0044,0.6034
CLUBS NINE CLUBS FOUR,0.5838,0.0082,0.408
CLUBS EIGHT CLUBS FOUR,0.5866,0.007,0.4064
SPADES JACK DIAMONDS FOUR,0.6362,0.007,0.3568
SPADES TEN DIAMONDS FOUR,0.6304,0.0084,0.3612
CLUBS FIVE CLUBS FOUR,0.5812,0.0088,0.41
CLUBS SEVEN CLUBS FOUR,0.575,0.0084,0.4166
CLUBS SIX CLUBS FOUR,0.6456,0.0356,0.3188
CLUBS SEVEN SPADES EIGHT,0.5578,0.01,0.4322
CLUBS SEVEN SPADES NINE,0.587,0.0072,0.4058
CLUBS SEVEN SPADES SIX,0.6716,0.0344,0.294
CLUBS SEVEN SPADES SEVEN,0.3256,0.0112,0.6632
CLUBS SEVEN SPADES FIVE,0.6178,0.0096,0.3726
CLUBS SEVEN SPADES FOUR,0.6236,0.008,0.3684
CLUBS SEVEN SPADES THREE,0.6438,0.0088,0.3474
CLUBS SEVEN SPADES TWO,0.6492,0.0054,0.3454
CLUBS NINE CLUBS SEVEN,0.5384,0.0048,0.4568
CLUBS SEVEN CLUBS EIGHT,0.5366,0.0068,0.4566
HEARTS SIX DIAMONDS FIVE,0.6796,0.0426,0.2778
HEARTS SEVEN DIAMONDS FIVE,0.605,0.0088,0.3862
DIAMONDS FIVE HEARTS EIGHT,0.6344,0.0076,0.358
DIAMONDS FIVE HEARTS NINE,0.626,0.006,0.368
DIAMONDS QUEEN DIAMONDS FIVE,0.5944,0.0062,0.3994
HEARTS TWO DIAMONDS FIVE,0.645,0.008,0.347
HEARTS KING HEARTS EIGHT,0.2178,0.2196,0.5626
DIAMONDS KING DIAMONDS FIVE,0.3752,0.3762,0.2486
HEARTS THREE DIAMONDS FIVE,0.6254,0.0092,0.3654
HEARTS QUEEN HEARTS EIGHT,0.5538,0.0078,0.4384
DIAMONDS ACE DIAMONDS FIVE,0.3682,0.0038,0.628
HEARTS FOUR DIAMONDS FIVE,0.6178,0.0092,0.373
HEARTS FIVE DIAMONDS FIVE,0.4442,0.0132,0.5426
HEARTS ACE HEARTS EIGHT,0.3288,0.0042,0.667
CLUBS FOUR DIAMONDS FIVE,0.6186,0.008,0.3734
CLUBS FIVE DIAMONDS FIVE,0.4394,0.0138,0.5468
CLUBS SIX DIAMONDS FIVE,0.6816,0.0404,0.278
CLUBS SEVEN DIAMONDS FIVE,0.615,0.0074,0.3776
CLUBS TWO DIAMONDS FIVE,0.6372,0.0094,0.3534
CLUBS THREE DIAMONDS FIVE,0.6312,0.0096,0.3592
SPADES THREE DIAMONDS FIVE,0.647,0.008,0.345
SPADES TWO DIAMONDS FIVE,0.6494,0.0074,0.3432
SPADES JACK DIAMONDS EIGHT,0.5806,0.0058,0.4136
SPADES FIVE DIAMONDS FIVE,0.4458,0.016,0.5382
CLUBS TEN HEARTS JACK,0.538,0.0062,0.4558
SPADES TEN DIAMONDS EIGHT,0.5668,0.009,0.4242
SPADES FOUR DIAMONDS FIVE,0.623,0.01,0.367
HEARTS JACK CLUBS JACK,0.2908,0.0038,0.7054
HEARTS JACK CLUBS QUEEN,0.5536,0.0052,0.4412
CLUBS NINE DIAMONDS FIVE,0.623,0.0068,0.3702
CLUBS KING HEARTS JACK,0.2362,0.0818,0.682
CLUBS EIGHT DIAMONDS FIVE,0.621,0.0104,0.3686
CLUBS ACE HEARTS JACK,0.339,0.0034,0.6576
SPADES SEVEN DIAMONDS FIVE,0.6256,0.0074,0.367
SPADES SIX DIAMONDS FIVE,0.6908,0.0392,0.27
SPADES QUEEN DIAMONDS EIGHT,0.5982,0.0072,0.3946
SPADES NINE DIAMONDS FIVE,0.6222,0.0098,0.368
SPADES EIGHT DIAMONDS FIVE,0.6292,0.0102,0.3606
SPADES ACE DIAMONDS EIGHT,0.3482,0.0044,0.6474
HEARTS ACE DIAMONDS SEVEN,0.3514,0.0052,0.6434
HEARTS QUEEN DIAMONDS SEVEN,0.599,0.0068,0.3942
HEARTS KING DIAMONDS SEVEN,0.2306,0.288,0.4814
SPADES TWO HEARTS JACK,0.6258,0.0058,0.3684
SPADES TWO HEARTS TEN,0.6344,0.0064,0.3592
HEARTS TEN DIAMONDS SEVEN,0.584,0.0062,0.4098
HEARTS JACK DIAMONDS SEVEN,0.582,0.0066,0.4114
DIAMONDS EIGHT CLUBS JACK,0.5622,0.0064,0.4314
CLUBS TEN DIAMONDS EIGHT,0.5718,0.0062,0.422
HEARTS ACE HEARTS JACK,0.329,0.0034,0.6676
CLUBS ACE DIAMONDS EIGHT,0.3614,0.0038,0.6348
HEARTS QUEEN HEARTS JACK,0.5192,0.0066,0.4742
CLUBS KING DIAMONDS EIGHT,0.2192,0.2322,0.5486
HEARTS KING HEARTS JACK,0.2296,0.08,0.6904
CLUBS QUEEN DIAMONDS EIGHT,0.5948,0.0064,0.3988
SPADES TEN HEARTS KING,0.2472,0.1148,0.638
HEARTS ACE SPADES TWO,0.3832,0.006,0.6108
SPADES JACK HEARTS KING,0.2324,0.0894,0.6782
HEARTS QUEEN SPADES TWO,0.6462,0.0064,0.3474
SPADES TWO HEARTS KING,0.408,0.3796,0.2124
HEARTS TEN HEARTS EIGHT,0.5394,0.006,0.4546
HEARTS JACK HEARTS EIGHT,0.5328,0.0072,0.46
SPADES QUEEN HEARTS KING,0.2444,0.0642,0.6914
CLUBS ACE CLUBS KING,0.2146,0.0106,0.7748
SPADES ACE HEARTS KING,0.233,0.0126,0.7544
SPADES ACE HEARTS JACK,0.337,0.0044,0.6586
SPADES QUEEN HEARTS JACK,0.555,0.0078,0.4372
SPADES TEN DIAMONDS TEN,0.29,0.0064,0.7036
SPADES JACK DIAMONDS TEN,0.5352,0.008,0.4568
SPADES ACE DIAMONDS TEN,0.335,0.0058,0.6592
SPADES JACK HEARTS JACK,0.2926,0.0052,0.7022
SPADES TEN HEARTS JACK,0.5436,0.0064,0.45
SPADES QUEEN DIAMONDS TEN,0.5562,0.007,0.4368
SPADES NINE DIAMONDS SEVEN,0.578,0.0084,0.4136
SPADES EIGHT DIAMONDS SEVEN,0.5544,0.0086,0.437
SPADES SEVEN DIAMONDS SEVEN,0.326,0.014,0.66
SPADES SIX DIAMONDS SEVEN,0.6664,0.0356,0.298
DIAMONDS KING DIAMONDS SEVEN,0.2164,0.2864,0.4972
HEARTS THREE DIAMONDS SEVEN,0.6276,0.0076,0.3648
HEARTS KING DIAMONDS FIVE,0.3944,0.3846,0.221
DIAMONDS QUEEN DIAMONDS SEVEN,0.5664,0.008,0.4256
HEARTS TWO DIAMONDS SEVEN,0.6432,0.009,0.3478
HEARTS QUEEN DIAMONDS FIVE,0.6494,0.0066,0.344
HEARTS FIVE DIAMONDS SEVEN,0.6028,0.0074,0.3898
DIAMONDS ACE DIAMONDS SEVEN,0.3172,0.0054,0.6774
HEARTS FOUR DIAMONDS SEVEN,0.612,0.0102,0.3778
HEARTS ACE DIAMONDS FIVE,0.3838,0.0052,0.611
HEARTS SEVEN DIAMONDS SEVEN,0.3278,0.0112,0.661
HEARTS SIX DIAMONDS SEVEN,0.6832,0.032,0.2848
HEARTS NINE DIAMONDS SEVEN,0.5794,0.007,0.4136
HEARTS EIGHT DIAMONDS SEVEN,0.5798,0.0086,0.4116
DIAMONDS JACK DIAMONDS SEVEN,0.552,0.0078,0.4402
DIAMONDS FIVE HEARTS JACK,0.6292,0.0084,0.3624
DIAMONDS TEN DIAMONDS SEVEN,0.548,0.0058,0.4462
HEARTS TEN DIAMONDS FIVE,0.6364,0.0074,0.3562
HEARTS KING CLUBS KING,0.0808,0.0136,0.9056
CLUBS EIGHT DIAMONDS SEVEN,0.5638,0.0098,0.4264
SPADES QUEEN CLUBS TWO,0.6394,0.007,0.3536
HEARTS KING CLUBS QUEEN,0.2448,0.058,0.6972
CLUBS NINE DIAMONDS SEVEN,0.5732,0.0068,0.42
SPADES TWO CLUBS JACK,0.6468,0.0084,0.3448
SPADES ACE CLUBS TWO,0.3758,0.0036,0.6206
CLUBS TEN SPADES TWO,0.635,0.0078,0.3572
HEARTS KING CLUBS ACE,0.23,0.0108,0.7592
CLUBS SEVEN CLUBS SIX,0.6332,0.031,0.3358
SPADES TWO CLUBS KING,0.3948,0.391,0.2142
SPADES TWO DIAMONDS SEVEN,0.648,0.0096,0.3424
CLUBS EIGHT CLUBS SIX,0.6424,0.031,0.3266
SPADES THREE DIAMONDS SEVEN,0.6306,0.0082,0.3612
SPADES TWO CLUBS QUEEN,0.6452,0.0078,0.347
CLUBS NINE CLUBS SIX,0.6616,0.031,0.3074
SPADES FOUR DIAMONDS SEVEN,0.6188,0.0074,0.3738
HEARTS KING CLUBS JACK,0.2434,0.091,0.6656
SPADES FIVE DIAMONDS SEVEN,0.5998,0.0074,0.3928
SPADES TWO CLUBS ACE,0.3958,0.0068,0.5974
CLUBS TEN HEARTS KING,0.2426,0.1158,0.6416
CLUBS SIX SPADES TWO,0.7308,0.045,0.2242
CLUBS SIX SPADES THREE,0.7096,0.045,0.2454
CLUBS TWO DIAMONDS SEVEN,0.6322,0.0092,0.3586
CLUBS SIX SPADES FOUR,0.6958,0.0416,0.2626
CLUBS THREE DIAMONDS SEVEN,0.6272,0.009,0.3638
CLUBS SIX SPADES FIVE,0.68,0.0414,0.2786
CLUBS FOUR DIAMONDS SEVEN,0.6198,0.0094,0.3708
CLUBS SIX SPADES SIX,0.3114,0.0346,0.654
CLUBS FIVE DIAMONDS SEVEN,0.6034,0.0062,0.3904
CLUBS SIX SPADES SEVEN,0.6836,0.034,0.2824
CLUBS SIX DIAMONDS SEVEN,0.662,0.0322,0.3058
SPADES EIGHT CLUBS SIX,0.683,0.0328,0.2842
SPADES JACK CLUBS TWO,0.6334,0.0078,0.3588
CLUBS SEVEN DIAMONDS SEVEN,0.3306,0.0118,0.6576
SPADES NINE CLUBS SIX,0.7024,0.0396,0.258
SPADES TEN CLUBS TWO,0.6398,0.0086,0.3516
CLUBS TWO CLUBS QUEEN,0.5918,0.0084,0.3998
CLUBS TWO CLUBS KING,0.3738,0.346,0.2802
CLUBS THREE DIAMONDS EIGHT,0.6454,0.0068,0.3478
CLUBS TWO CLUBS ACE,0.3684,0.0062,0.6254
CLUBS TWO DIAMONDS EIGHT,0.633,0.0082,0.3588
HEARTS SEVEN DIAMONDS EIGHT,0.5546,0.0098,0.4356
HEARTS SIX DIAMONDS EIGHT,0.6862,0.0272,0.2866
DIAMONDS EIGHT HEARTS NINE,0.5624,0.0046,0.433
CLUBS TEN CLUBS TWO,0.592,0.0068,0.4012
HEARTS EIGHT DIAMONDS EIGHT,0.3172,0.0124,0.6704
CLUBS TWO CLUBS JACK,0.5908,0.006,0.4032
CLUBS NINE DIAMONDS EIGHT,0.5408,0.008,0.4512
CLUBS EIGHT DIAMONDS EIGHT,0.3126,0.0122,0.6752
CLUBS FIVE DIAMONDS EIGHT,0.6024,0.0102,0.3874
SPADES ACE SPADES THREE,0.3806,0.004,0.6154
CLUBS FOUR DIAMONDS EIGHT,0.6312,0.0082,0.3606
CLUBS SEVEN DIAMONDS EIGHT,0.5746,0.0058,0.4196
SPADES QUEEN SPADES THREE,0.5968,0.0084,0.3948
CLUBS SIX DIAMONDS EIGHT,0.6876,0.0348,0.2776
DIAMONDS QUEEN DIAMONDS EIGHT,0.569,0.0078,0.4232
HEARTS TWO DIAMONDS EIGHT,0.6342,0.0084,0.3574
DIAMONDS KING DIAMONDS EIGHT,0.2238,0.2122,0.564
HEARTS THREE DIAMONDS EIGHT,0.6422,0.0074,0.3504
DIAMONDS ACE DIAMONDS EIGHT,0.3388,0.004,0.6572
HEARTS FOUR DIAMONDS EIGHT,0.6202,0.0094,0.3704
HEARTS FIVE DIAMONDS EIGHT,0.6078,0.0068,0.3854
DIAMONDS TEN DIAMONDS EIGHT,0.5388,0.0078,0.4534
DIAMONDS JACK DIAMONDS EIGHT,0.5468,0.0074,0.4458
SPADES JACK SPADES THREE,0.5978,0.0074,0.3948
SPADES TEN SPADES THREE,0.602,0.0076,0.3904
CLUBS FOUR HEARTS ACE,0.3828,0.0042,0.613
CLUBS FOUR HEARTS QUEEN,0.6394,0.0058,0.3548
CLUBS FOUR HEARTS KING,0.3976,0.379,0.2234
CLUBS SIX HEARTS TEN,0.7144,0.0326,0.253
CLUBS SIX HEARTS JACK,0.739,0.0354,0.2256
SPADES FOUR DIAMONDS EIGHT,0.6222,0.0084,0.3694
SPADES FIVE DIAMONDS EIGHT,0.6214,0.0088,0.3698
SPADES TWO DIAMONDS EIGHT,0.6458,0.0078,0.3464
SPADES THREE DIAMONDS EIGHT,0.6422,0.0068,0.351
CLUBS FOUR HEARTS JACK,0.6264,0.0054,0.3682
SPADES EIGHT DIAMONDS EIGHT,0.3116,0.0128,0.6756
SPADES JACK HEARTS EIGHT,0.5876,0.0056,0.4068
SPADES TEN HEARTS TWO,0.6278,0.0082,0.364
SPADES TEN DIAMONDS QUEEN,0.5674,0.0066,0.426
CLUBS FOUR HEARTS TEN,0.6306,0.0072,0.3622
SPADES NINE DIAMONDS EIGHT,0.5766,0.007,0.4164
SPADES JACK HEARTS TWO,0.6226,0.009,0.3684
SPADES JACK DIAMONDS QUEEN,0.5582,0.007,0.4348
SPADES TEN HEARTS EIGHT,0.5634,0.007,0.4296
SPADES SIX DIAMONDS EIGHT,0.6928,0.034,0.2732
SPADES SEVEN DIAMONDS EIGHT,0.5758,0.0116,0.4126
SPADES ACE HEARTS TWO,0.3874,0.0066,0.606
SPADES ACE DIAMONDS QUEEN,0.3398,0.0036,0.6566
SPADES ACE HEARTS EIGHT,0.354,0.0034,0.6426
SPADES QUEEN DIAMONDS QUEEN,0.2778,0.0044,0.7178
SPADES QUEEN HEARTS TWO,0.6482,0.0114,0.3404
SPADES QUEEN HEARTS EIGHT,0.5974,0.0062,0.3964
CLUBS TWO HEARTS TEN,0.6404,0.0092,0.3504
CLUBS TWO HEARTS JACK,0.6192,0.009,0.3718
SPADES SEVEN DIAMONDS NINE,0.572,0.0074,0.4206
SPADES SIX DIAMONDS NINE,0.6968,0.0346,0.2686
SPADES NINE DIAMONDS NINE,0.3112,0.01,0.6788
SPADES EIGHT DIAMONDS NINE,0.5512,0.009,0.4398
SPADES TEN CLUBS KING,0.238,0.1164,0.6456
DIAMONDS NINE SPADES THREE,0.621,0.01,0.369
SPADES JACK CLUBS KING,0.2368,0.0938,0.6694
DIAMONDS NINE SPADES TWO,0.632,0.0106,0.3574
SPADES FIVE DIAMONDS NINE,0.627,0.008,0.365
SPADES FOUR DIAMONDS NINE,0.6458,0.0078,0.3464
CLUBS NINE DIAMONDS NINE,0.3152,0.009,0.6758
CLUBS EIGHT DIAMONDS NINE,0.5586,0.0066,0.4348
CLUBS SIX DIAMONDS NINE,0.7026,0.0342,0.2632
SPADES JACK CLUBS FOUR,0.6294,0.009,0.3616
CLUBS SEVEN DIAMONDS NINE,0.5802,0.009,0.4108
SPADES TEN CLUBS FOUR,0.64,0.0048,0.3552
CLUBS FOUR DIAMONDS NINE,0.6358,0.0088,0.3554
CLUBS FIVE DIAMONDS NINE,0.6328,0.0088,0.3584
CLUBS TWO DIAMONDS NINE,0.6296,0.0054,0.365
CLUBS THREE DIAMONDS NINE,0.62,0.0082,0.3718
DIAMONDS NINE HEARTS EIGHT,0.561,0.006,0.433
DIAMONDS NINE HEARTS NINE,0.3134,0.0104,0.6762
HEARTS SIX DIAMONDS NINE,0.693,0.0428,0.2642
HEARTS SEVEN DIAMONDS NINE,0.578,0.005,0.417
CLUBS NINE CLUBS EIGHT,0.5346,0.0084,0.457
DIAMONDS ACE DIAMONDS NINE,0.3386,0.0042,0.6572
HEARTS FOUR DIAMONDS NINE,0.6412,0.0078,0.351
HEARTS FIVE DIAMONDS NINE,0.6114,0.0082,0.3804
HEARTS ACE CLUBS TWO,0.389,0.0038,0.6072
SPADES ACE CLUBS FOUR,0.3918,0.0036,0.6046
DIAMONDS NINE DIAMONDS QUEEN,0.5366,0.0068,0.4566
HEARTS TWO DIAMONDS NINE,0.6302,0.0068,0.363
CLUBS TWO HEARTS KING,0.3966,0.3772,0.2262
DIAMONDS KING DIAMONDS NINE,0.2264,0.1558,0.6178
HEARTS THREE DIAMONDS NINE,0.6318,0.0092,0.359
CLUBS TWO HEARTS QUEEN,0.6298,0.0076,0.3626
SPADES QUEEN CLUBS FOUR,0.6334,0.0076,0.359
DIAMONDS NINE DIAMONDS JACK,0.534,0.0074,0.4586
CLUBS EIGHT SPADES NINE,0.5826,0.006,0.4114
DIAMONDS TEN DIAMONDS NINE,0.5248,0.0048,0.4704
CLUBS EIGHT SPADES EIGHT,0.3322,0.0122,0.6556
CLUBS EIGHT SPADES SEVEN,0.5732,0.0072,0.4196
CLUBS EIGHT SPADES SIX,0.6868,0.033,0.2802
CLUBS EIGHT SPADES FIVE,0.6232,0.009,0.3678
CLUBS EIGHT SPADES FOUR,0.6322,0.0066,0.3612
CLUBS EIGHT SPADES THREE,0.6524,0.0058,0.3418
CLUBS EIGHT SPADES TWO,0.6274,0.0088,0.3638
HEARTS SIX DIAMONDS TEN,0.7148,0.032,0.2532
HEARTS SEVEN DIAMONDS TEN,0.5806,0.0062,0.4132
DIAMONDS TEN HEARTS EIGHT,0.578,0.0066,0.4154
CLUBS FOUR CLUBS JACK,0.591,0.0064,0.4026
DIAMONDS TEN HEARTS NINE,0.553,0.0086,0.4384
CLUBS TEN CLUBS FOUR,0.5912,0.0062,0.4026
CLUBS FOUR CLUBS KING,0.3756,0.3472,0.2772
CLUBS FOUR CLUBS QUEEN,0.5924,0.0072,0.4004
DIAMONDS TEN CLUBS TWO,0.6274,0.0086,0.364
CLUBS THREE DIAMONDS TEN,0.6272,0.0064,0.3664
CLUBS FOUR CLUBS ACE,0.3656,0.0044,0.63
DIAMONDS TEN DIAMONDS JACK,0.5124,0.0062,0.4814
DIAMONDS TEN DIAMONDS QUEEN,0.5344,0.009,0.4566
HEARTS TWO DIAMONDS TEN,0.63,0.011,0.359
DIAMONDS KING DIAMONDS TEN,0.22,0.116,0.664
HEARTS THREE DIAMONDS TEN,0.6376,0.0072,0.3552
DIAMONDS ACE DIAMONDS TEN,0.321,0.0044,0.6746
HEARTS FOUR DIAMONDS TEN,0.6078,0.008,0.3842
CLUBS EIGHT HEARTS JACK,0.5762,0.006,0.4178
HEARTS FIVE DIAMONDS TEN,0.6264,0.0072,0.3664
CLUBS EIGHT HEARTS TEN,0.5824,0.0074,0.4102
CLUBS EIGHT HEARTS QUEEN,0.5986,0.0048,0.3966
CLUBS EIGHT HEARTS KING,0.2386,0.23,0.5314
CLUBS EIGHT HEARTS ACE,0.3488,0.005,0.6462
CLUBS NINE SPADES THREE,0.6332,0.01,0.3568
CLUBS NINE SPADES TWO,0.6434,0.0062,0.3504
CLUBS NINE SPADES FIVE,0.6186,0.0062,0.3752
CLUBS NINE SPADES FOUR,0.6398,0.009,0.3512
CLUBS NINE SPADES SEVEN,0.5786,0.0074,0.414
CLUBS NINE SPADES SIX,0.6966,0.0346,0.2688
CLUBS NINE SPADES NINE,0.3176,0.0086,0.6738
CLUBS TEN HEARTS EIGHT,0.5732,0.0044,0.4224
CLUBS NINE SPADES EIGHT,0.561,0.0098,0.4292
HEARTS EIGHT CLUBS JACK,0.5782,0.0044,0.4174
CLUBS QUEEN HEARTS EIGHT,0.5928,0.0068,0.4004
CLUBS KING HEARTS EIGHT,0.237,0.2368,0.5262
CLUBS ACE HEARTS EIGHT,0.3642,0.003,0.6328
SPADES QUEEN CLUBS KING,0.2384,0.0712,0.6904
SPADES ACE CLUBS KING,0.2314,0.0114,0.7572
DIAMONDS ACE HEARTS TEN,0.3488,0.0048,0.6464
HEARTS FOUR HEARTS TEN,0.5858,0.008,0.4062
DIAMONDS ACE HEARTS JACK,0.3592,0.0046,0.6362
HEARTS FOUR HEARTS JACK,0.5978,0.0062,0.396
SPADES QUEEN CLUBS FIVE,0.6428,0.0062,0.351
SPADES ACE CLUBS FIVE,0.3784,0.0028,0.6188
HEARTS SEVEN DIAMONDS JACK,0.588,0.0052,0.4068
HEARTS SIX DIAMONDS JACK,0.727,0.0374,0.2356
DIAMONDS JACK HEARTS NINE,0.5552,0.0066,0.4382
DIAMONDS JACK HEARTS EIGHT,0.5736,0.0062,0.4202
DIAMONDS KING DIAMONDS JACK,0.222,0.0898,0.6882
HEARTS THREE DIAMONDS JACK,0.6284,0.009,0.3626
SPADES ACE SPADES SIX,0.2246,0.0314,0.744
HEARTS ACE SPADES FOUR,0.3894,0.0048,0.6058
DIAMONDS QUEEN DIAMONDS JACK,0.535,0.0058,0.4592
HEARTS TWO DIAMONDS JACK,0.6328,0.0082,0.359
HEARTS FIVE DIAMONDS JACK,0.6206,0.006,0.3734
SPADES QUEEN SPADES SIX,0.699,0.0386,0.2624
SPADES FOUR HEARTS QUEEN,0.6394,0.0082,0.3524
DIAMONDS ACE DIAMONDS JACK,0.3332,0.0038,0.663
HEARTS FOUR DIAMONDS JACK,0.6164,0.0084,0.3752
SPADES FOUR HEARTS KING,0.3916,0.3906,0.2178
SPADES TEN SPADES SIX,0.6896,0.0344,0.276
SPADES JACK SPADES SIX,0.6956,0.0384,0.266
SPADES FOUR DIAMONDS JACK,0.6336,0.0084,0.358
SPADES FIVE DIAMONDS JACK,0.6446,0.0072,0.3482
SPADES TWO DIAMONDS JACK,0.6442,0.0078,0.348
SPADES THREE DIAMONDS JACK,0.6276,0.01,0.3624
SPADES ACE DIAMONDS THREE,0.4008,0.0046,0.5946
SPADES QUEEN DIAMONDS THREE,0.6636,0.0082,0.3282
CLUBS EIGHT DIAMONDS JACK,0.5728,0.0058,0.4214
CLUBS NINE DIAMONDS JACK,0.5582,0.0064,0.4354
CLUBS SIX DIAMONDS JACK,0.721,0.0358,0.2432
CLUBS SEVEN DIAMONDS JACK,0.5902,0.0068,0.403
CLUBS FOUR DIAMONDS JACK,0.6194,0.0072,0.3734
CLUBS FIVE DIAMONDS JACK,0.63,0.005,0.365
CLUBS TWO DIAMONDS JACK,0.6324,0.0084,0.3592
CLUBS THREE DIAMONDS JACK,0.6276,0.0078,0.3646
SPADES JACK HEARTS SIX,0.7264,0.036,0.2376
SPADES TEN CLUBS FIVE,0.633,0.0086,0.3584
SPADES JACK CLUBS FIVE,0.6398,0.0058,0.3544
SPADES TEN HEARTS SIX,0.711,0.0344,0.2546
SPADES JACK DIAMONDS THREE,0.63,0.0098,0.3602
CLUBS SEVEN CLUBS ACE,0.3238,0.0058,0.6704
SPADES TEN DIAMONDS THREE,0.6402,0.0078,0.352
CLUBS SEVEN CLUBS QUEEN,0.5732,0.0052,0.4216
CLUBS SEVEN CLUBS KING,0.2166,0.2808,0.5026
SPADES NINE DIAMONDS JACK,0.557,0.0064,0.4366
CLUBS TEN CLUBS SEVEN,0.537,0.007,0.456
DIAMONDS ACE HEARTS ACE,0.1158,0.0036,0.8806
HEARTS FOUR HEARTS ACE,0.3688,0.0034,0.6278
SPADES EIGHT DIAMONDS JACK,0.5846,0.0068,0.4086
SPADES ACE HEARTS SIX,0.2314,0.0312,0.7374
CLUBS SEVEN CLUBS JACK,0.5524,0.0068,0.4408
DIAMONDS ACE HEARTS KING,0.2184,0.0138,0.7678
HEARTS FOUR HEARTS KING,0.3702,0.364,0.2658
SPADES SEVEN DIAMONDS JACK,0.5942,0.0088,0.397
DIAMONDS ACE HEARTS QUEEN,0.3628,0.0034,0.6338
HEARTS FOUR HEARTS QUEEN,0.5882,0.007,0.4048
SPADES SIX DIAMONDS JACK,0.7256,0.0386,0.2358
SPADES QUEEN HEARTS SIX,0.7364,0.0444,0.2192
DIAMONDS TEN SPADES TWO,0.6324,0.0074,0.3602
DIAMONDS TEN SPADES THREE,0.641,0.0092,0.3498
DIAMONDS TEN SPADES FOUR,0.6386,0.0106,0.3508
SPADES FIVE DIAMONDS TEN,0.632,0.008,0.36
SPADES SIX DIAMONDS TEN,0.7114,0.0376,0.251
SPADES SEVEN DIAMONDS TEN,0.578,0.0078,0.4142
SPADES EIGHT DIAMONDS TEN,0.567,0.006,0.427
SPADES NINE DIAMONDS TEN,0.5614,0.0076,0.431
CLUBS FOUR DIAMONDS TEN,0.6278,0.0078,0.3644
CLUBS FIVE DIAMONDS TEN,0.6196,0.008,0.3724
CLUBS SIX DIAMONDS TEN,0.7028,0.04,0.2572
CLUBS SEVEN DIAMONDS TEN,0.5754,0.0062,0.4184
CLUBS EIGHT DIAMONDS TEN,0.5686,0.0066,0.4248
CLUBS NINE DIAMONDS TEN,0.5536,0.0072,0.4392
DIAMONDS THREE CLUBS JACK,0.6324,0.0038,0.3638
CLUBS TEN DIAMONDS THREE,0.64,0.0068,0.3532
DIAMONDS THREE CLUBS KING,0.3968,0.3836,0.2196
DIAMONDS THREE CLUBS QUEEN,0.634,0.007,0.359
DIAMONDS THREE CLUBS ACE,0.392,0.004,0.604
SPADES FOUR HEARTS JACK,0.6386,0.008,0.3534
SPADES FOUR HEARTS TEN,0.6334,0.0086,0.358
SPADES FIVE SPADES TWO,0.61,0.0088,0.3812
SPADES FOUR SPADES TWO,0.614,0.0094,0.3766
SPADES THREE SPADES TWO,0.6088,0.011,0.3802
SPADES NINE SPADES TWO,0.607,0.0092,0.3838
SPADES EIGHT SPADES TWO,0.6064,0.01,0.3836
SPADES SEVEN SPADES TWO,0.6166,0.0074,0.376
SPADES SIX SPADES TWO,0.701,0.0376,0.2614
CLUBS THREE DIAMONDS QUEEN,0.634,0.0082,0.3578
CLUBS THREE HEARTS TWO,0.6536,0.0076,0.3388
CLUBS TWO DIAMONDS QUEEN,0.624,0.0082,0.3678
HEARTS TWO CLUBS TWO,0.4478,0.0174,0.5348
HEARTS SEVEN DIAMONDS QUEEN,0.6014,0.0068,0.3918
HEARTS SEVEN HEARTS TWO,0.6054,0.0066,0.388
HEARTS SIX DIAMONDS QUEEN,0.725,0.0396,0.2354
HEARTS SIX HEARTS TWO,0.6714,0.04,0.2886
DIAMONDS QUEEN HEARTS NINE,0.563,0.007,0.43
HEARTS TWO HEARTS NINE,0.5868,0.0072,0.406
DIAMONDS QUEEN HEARTS EIGHT,0.5812,0.0054,0.4134
HEARTS TWO HEARTS EIGHT,0.6052,0.0072,0.3876
CLUBS NINE HEARTS TWO,0.639,0.0054,0.3556
CLUBS NINE DIAMONDS QUEEN,0.5788,0.006,0.4152
CLUBS EIGHT HEARTS TWO,0.6396,0.0064,0.354
CLUBS EIGHT DIAMONDS QUEEN,0.5934,0.0046,0.402
CLUBS FIVE DIAMONDS QUEEN,0.6216,0.0072,0.3712
CLUBS FIVE HEARTS TWO,0.6456,0.0086,0.3458
SPADES EIGHT HEARTS ACE,0.3654,0.0054,0.6292
CLUBS FOUR DIAMONDS QUEEN,0.6318,0.0086,0.3596
CLUBS FOUR HEARTS TWO,0.6386,0.0082,0.3532
CLUBS SEVEN DIAMONDS QUEEN,0.5952,0.0082,0.3966
CLUBS SEVEN HEARTS TWO,0.6328,0.0092,0.358
SPADES EIGHT HEARTS QUEEN,0.6076,0.0052,0.3872
CLUBS SIX DIAMONDS QUEEN,0.7402,0.0368,0.223
CLUBS SIX HEARTS TWO,0.718,0.0482,0.2338
SPADES EIGHT HEARTS KING,0.2352,0.2214,0.5434
SPADES SIX DIAMONDS QUEEN,0.7232,0.0484,0.2284
SPADES SIX HEARTS TWO,0.7298,0.04,0.2302
HEARTS FOUR CLUBS QUEEN,0.6348,0.0056,0.3596
DIAMONDS ACE CLUBS QUEEN,0.345,0.0048,0.6502
SPADES SEVEN DIAMONDS QUEEN,0.6134,0.0066,0.38
SPADES SEVEN HEARTS TWO,0.6554,0.0072,0.3374
HEARTS FOUR CLUBS KING,0.3872,0.3782,0.2346
DIAMONDS ACE CLUBS KING,0.2262,0.0124,0.7614
SPADES EIGHT DIAMONDS QUEEN,0.6004,0.008,0.3916
SPADES EIGHT HEARTS TWO,0.6392,0.0088,0.352
HEARTS FOUR CLUBS ACE,0.4008,0.0036,0.5956
DIAMONDS ACE CLUBS ACE,0.1078,0.0034,0.8888
SPADES NINE DIAMONDS QUEEN,0.5894,0.0034,0.4072
SPADES NINE HEARTS TWO,0.6418,0.0088,0.3494
HEARTS TWO SPADES TWO,0.4518,0.0212,0.527
DIAMONDS QUEEN SPADES TWO,0.626,0.0082,0.3658
HEARTS TWO SPADES THREE,0.6546,0.0092,0.3362
SPADES THREE DIAMONDS QUEEN,0.6446,0.0072,0.3482
HEARTS TWO SPADES FOUR,0.6432,0.0106,0.3462
SPADES FOUR DIAMONDS QUEEN,0.6376,0.0054,0.357
CLUBS TEN HEARTS FOUR,0.6258,0.0072,0.367
CLUBS TEN DIAMONDS ACE,0.3398,0.004,0.6562
HEARTS TWO SPADES FIVE,0.646,0.0092,0.3448
SPADES FIVE DIAMONDS QUEEN,0.6374,0.0064,0.3562
HEARTS FOUR CLUBS JACK,0.6226,0.0092,0.3682
DIAMONDS ACE CLUBS JACK,0.349,0.004,0.647
CLUBS FIVE CLUBS KING,0.362,0.3684,0.2696
CLUBS FIVE CLUBS QUEEN,0.5984,0.0064,0.3952
CLUBS FIVE CLUBS ACE,0.3526,0.005,0.6424
CLUBS FIVE CLUBS JACK,0.5916,0.006,0.4024
CLUBS TEN CLUBS FIVE,0.612,0.0082,0.3798
SPADES QUEEN CLUBS JACK,0.5618,0.0046,0.4336
SPADES ACE CLUBS JACK,0.345,0.004,0.651
SPADES SIX CLUBS KING,0.0162,0.9726,0.0112
SPADES SIX CLUBS QUEEN,0.7268,0.0382,0.235
SPADES EIGHT HEARTS JACK,0.5856,0.005,0.4094
SPADES SIX CLUBS ACE,0.2428,0.0316,0.7256
SPADES EIGHT HEARTS TEN,0.5736,0.0068,0.4196
SPADES SIX CLUBS JACK,0.734,0.0368,0.2292
CLUBS TEN SPADES SIX,0.7204,0.031,0.2486
SPADES TEN CLUBS JACK,0.5522,0.0052,0.4426
SPADES JACK CLUBS JACK,0.295,0.0054,0.6996
SPADES QUEEN CLUBS SEVEN,0.6016,0.009,0.3894
SPADES ACE CLUBS SEVEN,0.3586,0.0044,0.637
SPADES SIX HEARTS TEN,0.7138,0.0336,0.2526
SPADES SIX HEARTS JACK,0.724,0.038,0.238
SPADES SIX HEARTS ACE,0.23,0.0278,0.7422
SPADES SIX HEARTS KING,0.018,0.9708,0.0112
SPADES SIX HEARTS QUEEN,0.7296,0.0414,0.229
SPADES JACK CLUBS SEVEN,0.6096,0.0068,0.3836
CLUBS SEVEN SPADES TEN,0.5914,0.0074,0.4012
CLUBS TEN HEARTS SIX,0.714,0.0396,0.2464
HEARTS SIX CLUBS JACK,0.7148,0.0368,0.2484
CLUBS ACE CLUBS JACK,0.3298,0.0034,0.6668
HEARTS SIX CLUBS QUEEN,0.7198,0.0374,0.2428
HEARTS SIX CLUBS KING,0.022,0.9558,0.0222
HEARTS SIX CLUBS ACE,0.2402,0.025,0.7348
CLUBS QUEEN CLUBS JACK,0.5272,0.0066,0.4662
CLUBS KING CLUBS JACK,0.2218,0.0828,0.6954
DIAMONDS THREE HEARTS ACE,0.3972,0.0036,0.5992
DIAMONDS THREE HEARTS QUEEN,0.6344,0.0064,0.3592
DIAMONDS THREE HEARTS KING,0.4002,0.3814,0.2184
CLUBS FIVE HEARTS JACK,0.6182,0.0068,0.375
HEARTS FOUR SPADES TEN,0.6424,0.009,0.3486
SPADES TEN DIAMONDS ACE,0.3472,0.0046,0.6482
CLUBS FIVE HEARTS TEN,0.6298,0.0092,0.361
HEARTS FOUR SPADES JACK,0.6312,0.009,0.3598
SPADES JACK DIAMONDS ACE,0.3508,0.0078,0.6414
SPADES ACE HEARTS FOUR,0.3736,0.005,0.6214
SPADES ACE DIAMONDS ACE,0.1044,0.0046,0.891
CLUBS FIVE HEARTS ACE,0.3808,0.0042,0.615
CLUBS FIVE HEARTS KING,0.3954,0.3746,0.23
SPADES QUEEN DIAMONDS ACE,0.3436,0.0036,0.6528
SPADES QUEEN HEARTS FOUR,0.6424,0.006,0.3516
SPADES FOUR CLUBS JACK,0.6312,0.008,0.3608
CLUBS FIVE HEARTS QUEEN,0.633,0.0064,0.3606
CLUBS TEN SPADES FOUR,0.6302,0.005,0.3648
DIAMONDS ACE DIAMONDS QUEEN,0.3306,0.0028,0.6666
DIAMONDS ACE HEARTS TWO,0.3906,0.0052,0.6042
HEARTS FOUR DIAMONDS QUEEN,0.6274,0.008,0.3646
HEARTS FOUR HEARTS TWO,0.607,0.0064,0.3866
DIAMONDS THREE HEARTS TEN,0.6358,0.0058,0.3584
SPADES FOUR CLUBS KING,0.3984,0.3854,0.2162
HEARTS FIVE DIAMONDS QUEEN,0.6282,0.009,0.3628
HEARTS FIVE HEARTS TWO,0.609,0.0074,0.3836
DIAMONDS THREE HEARTS JACK,0.6264,0.0064,0.3672
SPADES FOUR CLUBS QUEEN,0.6376,0.0074,0.355
HEARTS TWO DIAMONDS QUEEN,0.6282,0.0076,0.3642
DIAMONDS KING DIAMONDS QUEEN,0.231,0.0626,0.7064
DIAMONDS KING HEARTS TWO,0.3892,0.3908,0.22
HEARTS THREE DIAMONDS QUEEN,0.6388,0.0076,0.3536
HEARTS THREE HEARTS TWO,0.6058,0.0086,0.3856
SPADES FOUR CLUBS ACE,0.3956,0.006,0.5984
HEARTS TWO CLUBS ACE,0.3912,0.0034,0.6054
DIAMONDS QUEEN CLUBS ACE,0.3396,0.004,0.6564
HEARTS TWO CLUBS QUEEN,0.6238,0.007,0.3692
DIAMONDS QUEEN CLUBS QUEEN,0.2782,0.0032,0.7186
HEARTS TWO CLUBS KING,0.4002,0.381,0.2188
DIAMONDS QUEEN CLUBS KING,0.2374,0.0672,0.6954
SPADES EIGHT SPADES FIVE,0.5846,0.0112,0.4042
CLUBS TEN HEARTS TWO,0.6362,0.0076,0.3562
CLUBS TEN DIAMONDS QUEEN,0.5478,0.006,0.4462
SPADES NINE SPADES FIVE,0.595,0.0094,0.3956
HEARTS TWO CLUBS JACK,0.6292,0.0076,0.3632
DIAMONDS QUEEN CLUBS JACK,0.543,0.0058,0.4512
SPADES SIX SPADES FIVE,0.647,0.0392,0.3138
SPADES SEVEN SPADES FIVE,0.575,0.0054,0.4196
DIAMONDS FIVE CLUBS QUEEN,0.6284,0.0058,0.3658
SPADES EIGHT CLUBS ACE,0.3622,0.005,0.6328
DIAMONDS FIVE CLUBS KING,0.4026,0.377,0.2204
SPADES EIGHT CLUBS KING,0.2326,0.231,0.5364
CLUBS ACE DIAMONDS FIVE,0.3976,0.0058,0.5966
SPADES EIGHT CLUBS QUEEN,0.5894,0.0032,0.4074
SPADES EIGHT CLUBS JACK,0.58,0.006,0.414
CLUBS TEN SPADES EIGHT,0.566,0.0054,0.4286
CLUBS TEN DIAMONDS FIVE,0.637,0.0076,0.3554
DIAMONDS FIVE CLUBS JACK,0.6208,0.0078,0.3714
DIAMONDS TEN HEARTS JACK,0.5404,0.0066,0.453
DIAMONDS TEN HEARTS TEN,0.2916,0.0074,0.701
SPADES ACE CLUBS NINE,0.356,0.0034,0.6406
CLUBS NINE SPADES QUEEN,0.5782,0.0072,0.4146
HEARTS SIX HEARTS KING,0.0206,0.9166,0.0628
DIAMONDS KING SPADES SEVEN,0.2214,0.3008,0.4778
SPADES SEVEN HEARTS THREE,0.6492,0.0058,0.345
HEARTS SIX HEARTS QUEEN,0.6704,0.0378,0.2918
DIAMONDS KING SPADES SIX,0.0066,0.9862,0.0072
HEARTS THREE SPADES SIX,0.7126,0.0436,0.2438
SPADES QUEEN DIAMONDS SEVEN,0.6098,0.0064,0.3838
SPADES NINE DIAMONDS KING,0.2308,0.1676,0.6016
SPADES NINE HEARTS THREE,0.6334,0.0084,0.3582
HEARTS SIX HEARTS ACE,0.2202,0.0304,0.7494
SPADES EIGHT DIAMONDS KING,0.2302,0.2374,0.5324
SPADES EIGHT HEARTS THREE,0.65,0.008,0.342
SPADES ACE DIAMONDS SEVEN,0.3524,0.005,0.6426
CLUBS NINE HEARTS THREE,0.6328,0.0076,0.3596
CLUBS NINE DIAMONDS KING,0.2392,0.162,0.5988
CLUBS EIGHT HEARTS THREE,0.6386,0.0078,0.3536
CLUBS EIGHT DIAMONDS KING,0.226,0.2288,0.5452
HEARTS THREE SPADES THREE,0.4402,0.0162,0.5436
DIAMONDS KING SPADES THREE,0.3966,0.3872,0.2162
HEARTS THREE SPADES TWO,0.669,0.0066,0.3244
DIAMONDS KING SPADES TWO,0.389,0.3784,0.2326
HEARTS THREE SPADES FIVE,0.63,0.0102,0.3598
DIAMONDS KING SPADES FIVE,0.3954,0.3786,0.226
