opposingHand,winningChance,drawChance,lostChance
SPADES TEN HEARTS THREE
HEARTS FIVE SPADES JACK,0.3456,0.0222,0.6322
SPADES FIVE CLUBS JACK,0.3658,0.0176,0.6166
CLUBS TEN SPADES FIVE,0.2258,0.4536,0.3206
CLUBS EIGHT CLUBS JACK,0.3142,0.0148,0.671
CLUBS TEN CLUBS EIGHT,0.1986,0.2122,0.5892
CLUBS EIGHT CLUBS KING,0.3478,0.0074,0.6448
SPADES FIVE CLUBS ACE,0.3608,0.005,0.6342
CLUBS EIGHT CLUBS QUEEN,0.3274,0.011,0.6616
SPADES FIVE CLUBS KING,0.3606,0.011,0.6284
SPADES FIVE CLUBS QUEEN,0.3734,0.0104,0.6162
CLUBS EIGHT CLUBS ACE,0.3176,0.0058,0.6766
DIAMONDS TWO DIAMONDS THREE,0.6162,0.0746,0.3092
DIAMONDS TWO DIAMONDS FIVE,0.5566,0.032,0.4114
HEARTS FIVE SPADES KING,0.3514,0.0088,0.6398
DIAMONDS TWO DIAMONDS FOUR,0.5652,0.0294,0.4054
HEARTS FIVE SPADES QUEEN,0.3508,0.0134,0.6358
DIAMONDS TWO DIAMONDS SEVEN,0.5774,0.026,0.3966
DIAMONDS TWO DIAMONDS SIX,0.5618,0.0254,0.4128
SPADES ACE HEARTS FIVE,0.3394,0.005,0.6556
DIAMONDS TWO DIAMONDS NINE,0.577,0.028,0.395
DIAMONDS TWO DIAMONDS EIGHT,0.566,0.0294,0.4046
DIAMONDS THREE DIAMONDS FOUR,0.5996,0.0694,0.331
SPADES FOUR CLUBS TWO,0.5914,0.0332,0.3754
DIAMONDS THREE DIAMONDS FIVE,0.5984,0.0752,0.3264
SPADES FIVE CLUBS TWO,0.6014,0.0306,0.368
CLUBS TWO SPADES TWO,0.3786,0.0742,0.5472
CLUBS TWO SPADES THREE,0.6666,0.0806,0.2528
DIAMONDS THREE DIAMONDS EIGHT,0.6386,0.0722,0.2892
SPADES EIGHT CLUBS TWO,0.6276,0.0304,0.342
DIAMONDS THREE DIAMONDS NINE,0.6496,0.0716,0.2788
SPADES NINE CLUBS TWO,0.6176,0.0308,0.3516
DIAMONDS THREE DIAMONDS SIX,0.6188,0.0702,0.311
SPADES SIX CLUBS TWO,0.615,0.0304,0.3546
DIAMONDS THREE DIAMONDS SEVEN,0.6248,0.0762,0.299
SPADES SEVEN CLUBS TWO,0.6294,0.0324,0.3382
CLUBS SIX CLUBS TWO,0.5704,0.028,0.4016
CLUBS SEVEN CLUBS TWO,0.5756,0.029,0.3954
CLUBS FOUR CLUBS TWO,0.557,0.0294,0.4136
CLUBS FIVE CLUBS TWO,0.5556,0.0284,0.416
CLUBS TEN CLUBS JACK,0.2112,0.054,0.7348
DIAMONDS FOUR DIAMONDS SIX,0.523,0.0284,0.4486
CLUBS TEN CLUBS QUEEN,0.215,0.0398,0.7452
DIAMONDS FOUR DIAMONDS SEVEN,0.5278,0.0298,0.4424
CLUBS TEN CLUBS KING,0.2202,0.0418,0.738
CLUBS TEN CLUBS ACE,0.2242,0.0222,0.7536
CLUBS EIGHT CLUBS TWO,0.5728,0.0336,0.3936
DIAMONDS FIVE DIAMONDS FOUR,0.5028,0.0268,0.4704
CLUBS NINE CLUBS TWO,0.5736,0.0258,0.4006
DIAMONDS NINE DIAMONDS FOUR,0.5378,0.027,0.4352
DIAMONDS EIGHT DIAMONDS FOUR,0.5454,0.0266,0.428
CLUBS THREE CLUBS TWO,0.6262,0.0802,0.2936
DIAMONDS NINE DIAMONDS FIVE,0.5424,0.025,0.4326
DIAMONDS TWO CLUBS JACK,0.3898,0.0178,0.5924
DIAMONDS EIGHT DIAMONDS FIVE,0.5368,0.0256,0.4376
CLUBS TEN DIAMONDS TWO,0.2514,0.5244,0.2242
DIAMONDS FIVE DIAMONDS SEVEN,0.5164,0.027,0.4566
DIAMONDS FIVE DIAMONDS SIX,0.5154,0.028,0.4566
DIAMONDS TWO CLUBS ACE,0.3832,0.0036,0.6132
DIAMONDS TWO CLUBS KING,0.3902,0.0078,0.602
DIAMONDS TWO CLUBS QUEEN,0.3846,0.0118,0.6036
DIAMONDS EIGHT DIAMONDS SIX,0.5108,0.0226,0.4666
DIAMONDS NINE DIAMONDS SIX,0.5144,0.025,0.4606
HEARTS ACE SPADES THREE,0.2266,0.0212,0.7522
SPADES THREE HEARTS KING,0.2368,0.0308,0.7324
DIAMONDS SEVEN DIAMONDS SIX,0.5044,0.0258,0.4698
SPADES THREE HEARTS QUEEN,0.2356,0.0422,0.7222
SPADES THREE HEARTS JACK,0.234,0.0598,0.7062
SPADES THREE HEARTS TEN,0.0086,0.9856,0.0058
DIAMONDS EIGHT DIAMONDS SEVEN,0.5064,0.0284,0.4652
DIAMONDS NINE DIAMONDS SEVEN,0.507,0.0228,0.4702
DIAMONDS NINE DIAMONDS EIGHT,0.4934,0.0212,0.4854
DIAMONDS KING HEARTS TEN,0.2196,0.0354,0.745
SPADES JACK CLUBS SIX,0.3594,0.0182,0.6224
DIAMONDS KING HEARTS JACK,0.3002,0.006,0.6938
SPADES JACK SPADES FIVE,0.3394,0.017,0.6436
DIAMONDS KING HEARTS ACE,0.3218,0.0066,0.6716
SPADES ACE CLUBS SIX,0.3544,0.0048,0.6408
DIAMONDS KING HEARTS QUEEN,0.3134,0.0052,0.6814
SPADES KING CLUBS SIX,0.35,0.0074,0.6426
DIAMONDS KING HEARTS KING,0.124,0.0096,0.8664
SPADES QUEEN CLUBS SIX,0.347,0.0134,0.6396
SPADES NINE HEARTS TEN,0.2222,0.167,0.6108
SPADES NINE HEARTS JACK,0.3248,0.0208,0.6544
SPADES QUEEN SPADES FIVE,0.3294,0.0134,0.6572
SPADES KING SPADES FIVE,0.3368,0.0088,0.6544
SPADES ACE SPADES FIVE,0.323,0.0052,0.6718
SPADES NINE HEARTS QUEEN,0.3426,0.0134,0.644
SPADES NINE HEARTS KING,0.3578,0.008,0.6342
SPADES NINE HEARTS ACE,0.3406,0.0044,0.655
CLUBS TEN SPADES JACK,0.2286,0.0586,0.7128
SPADES ACE CLUBS TEN,0.217,0.027,0.756
SPADES KING CLUBS TEN,0.2198,0.0366,0.7436
CLUBS TEN SPADES QUEEN,0.2196,0.0478,0.7326
SPADES FIVE HEARTS QUEEN,0.3548,0.0154,0.6298
SPADES FIVE HEARTS KING,0.3618,0.0072,0.631
SPADES FIVE HEARTS ACE,0.3552,0.004,0.6408
SPADES JACK DIAMONDS KING,0.3012,0.0072,0.6916
SPADES JACK CLUBS EIGHT,0.3402,0.0194,0.6404
CLUBS SIX HEARTS ACE,0.3578,0.0042,0.638
SPADES ACE CLUBS EIGHT,0.3558,0.0034,0.6408
HEARTS FIVE CLUBS JACK,0.36,0.0144,0.6256
HEARTS FIVE CLUBS TEN,0.2172,0.4638,0.319
CLUBS SIX HEARTS QUEEN,0.342,0.0128,0.6452
SPADES QUEEN CLUBS EIGHT,0.3468,0.0126,0.6406
CLUBS TEN SPADES THREE,0.0182,0.9682,0.0136
CLUBS SIX HEARTS KING,0.3482,0.009,0.6428
SPADES KING CLUBS EIGHT,0.3452,0.0058,0.649
SPADES THREE CLUBS JACK,0.233,0.0606,0.7064
DIAMONDS TWO HEARTS JACK,0.3856,0.0202,0.5942
SPADES THREE CLUBS QUEEN,0.2418,0.0464,0.7118
DIAMONDS TWO HEARTS TEN,0.2516,0.5322,0.2162
SPADES THREE CLUBS KING,0.245,0.0336,0.7214
HEARTS FIVE CLUBS ACE,0.3454,0.005,0.6496
SPADES FIVE HEARTS TEN,0.2054,0.483,0.3116
SPADES THREE CLUBS ACE,0.2408,0.023,0.7362
HEARTS FIVE CLUBS KING,0.3566,0.0076,0.6358
SPADES FIVE HEARTS JACK,0.35,0.0232,0.6268
HEARTS FIVE CLUBS QUEEN,0.3638,0.0132,0.623
DIAMONDS KING CLUBS KING,0.1402,0.01,0.8498
DIAMONDS KING CLUBS QUEEN,0.3312,0.0052,0.6636
HEARTS FIVE HEARTS JACK,0.3442,0.0172,0.6386
HEARTS FIVE HEARTS TEN,0.2014,0.4478,0.3508
DIAMONDS KING CLUBS ACE,0.3214,0.003,0.6756
SPADES ACE CLUBS QUEEN,0.3262,0.0046,0.6692
SPADES KING CLUBS QUEEN,0.3112,0.0078,0.681
DIAMONDS KING CLUBS JACK,0.305,0.0058,0.6892
SPADES QUEEN CLUBS QUEEN,0.1414,0.0166,0.842
CLUBS TEN DIAMONDS KING,0.2238,0.0402,0.736
SPADES JACK CLUBS QUEEN,0.3024,0.008,0.6896
CLUBS SIX CLUBS QUEEN,0.3466,0.0126,0.6408
CLUBS SIX CLUBS KING,0.325,0.0064,0.6686
CLUBS SIX CLUBS ACE,0.3264,0.004,0.6696
HEARTS FIVE HEARTS KING,0.3362,0.009,0.6548
HEARTS FIVE HEARTS QUEEN,0.344,0.0124,0.6436
CLUBS TEN CLUBS SIX,0.2,0.373,0.427
HEARTS FIVE HEARTS ACE,0.3328,0.0062,0.661
CLUBS SIX CLUBS JACK,0.3482,0.0226,0.6292
SPADES SEVEN HEARTS JACK,0.3394,0.0142,0.6464
SPADES SEVEN HEARTS TEN,0.226,0.298,0.476
DIAMONDS TWO CLUBS TWO,0.3906,0.0762,0.5332
DIAMONDS TWO CLUBS THREE,0.6612,0.0766,0.2622
DIAMONDS TWO HEARTS SIX,0.5988,0.0318,0.3694
DIAMONDS TWO HEARTS QUEEN,0.3776,0.016,0.6064
HEARTS SEVEN DIAMONDS TWO,0.6072,0.0316,0.3612
DIAMONDS TWO HEARTS KING,0.3932,0.009,0.5978
DIAMONDS TWO HEARTS EIGHT,0.61,0.0296,0.3604
DIAMONDS TWO HEARTS ACE,0.3744,0.0062,0.6194
DIAMONDS TWO HEARTS NINE,0.5996,0.0352,0.3652
DIAMONDS TWO DIAMONDS QUEEN,0.3628,0.0144,0.6228
DIAMONDS TWO HEARTS TWO,0.3882,0.0752,0.5366
DIAMONDS TWO DIAMONDS KING,0.3556,0.0084,0.636
DIAMONDS TWO DIAMONDS ACE,0.3544,0.0042,0.6414
HEARTS FOUR DIAMONDS TWO,0.58,0.0304,0.3896
HEARTS FIVE DIAMONDS TWO,0.6052,0.0354,0.3594
SPADES SEVEN HEARTS ACE,0.362,0.0042,0.6338
DIAMONDS TWO DIAMONDS TEN,0.2424,0.4828,0.2748
SPADES SEVEN HEARTS KING,0.3586,0.0076,0.6338
DIAMONDS TWO DIAMONDS JACK,0.3482,0.0156,0.6362
SPADES SEVEN HEARTS QUEEN,0.3524,0.0134,0.6342
DIAMONDS TWO SPADES NINE,0.6166,0.032,0.3514
DIAMONDS TWO SPADES EIGHT,0.6034,0.0294,0.3672
DIAMONDS TWO SPADES SEVEN,0.6184,0.0324,0.3492
DIAMONDS TWO SPADES SIX,0.613,0.0314,0.3556
DIAMONDS TWO SPADES FIVE,0.5992,0.0348,0.366
DIAMONDS TWO SPADES FOUR,0.6006,0.0358,0.3636
DIAMONDS TWO SPADES THREE,0.6692,0.0842,0.2466
DIAMONDS TWO SPADES TWO,0.3822,0.0712,0.5466
CLUBS NINE DIAMONDS TWO,0.6172,0.0312,0.3516
DIAMONDS TWO CLUBS EIGHT,0.6292,0.0314,0.3394
CLUBS SEVEN DIAMONDS TWO,0.6122,0.0252,0.3626
DIAMONDS TWO CLUBS SIX,0.5902,0.027,0.3828
DIAMONDS TWO CLUBS FIVE,0.5856,0.0318,0.3826
DIAMONDS TWO CLUBS FOUR,0.5808,0.0316,0.3876
CLUBS FOUR SPADES FIVE,0.544,0.0374,0.4186
CLUBS FOUR SPADES FOUR,0.2844,0.0706,0.645
CLUBS FOUR SPADES THREE,0.6452,0.0778,0.277
CLUBS FOUR SPADES TWO,0.595,0.033,0.372
SPADES NINE CLUBS FOUR,0.5858,0.035,0.3792
SPADES EIGHT CLUBS FOUR,0.5816,0.0278,0.3906
SPADES SEVEN CLUBS FOUR,0.5664,0.0266,0.407
SPADES SIX CLUBS FOUR,0.5652,0.0248,0.41
SPADES ACE DIAMONDS SIX,0.3556,0.0038,0.6406
SPADES QUEEN DIAMONDS SIX,0.356,0.0112,0.6328
SPADES KING DIAMONDS SIX,0.3506,0.0064,0.643
SPADES JACK DIAMONDS SIX,0.3592,0.015,0.6258
SPADES QUEEN SPADES TWO,0.3778,0.0136,0.6086
SPADES KING SPADES TWO,0.3652,0.0102,0.6246
SPADES ACE SPADES TWO,0.3654,0.0068,0.6278
DIAMONDS JACK CLUBS JACK,0.1442,0.0224,0.8334
CLUBS TEN DIAMONDS JACK,0.2284,0.0506,0.721
DIAMONDS JACK CLUBS KING,0.3098,0.0078,0.6824
DIAMONDS JACK CLUBS QUEEN,0.304,0.0088,0.6872
DIAMONDS THREE DIAMONDS JACK,0.2176,0.0572,0.7252
DIAMONDS THREE DIAMONDS TEN,0.0218,0.9042,0.074
DIAMONDS JACK CLUBS ACE,0.3142,0.0042,0.6816
DIAMONDS THREE DIAMONDS KING,0.2362,0.0316,0.7322
DIAMONDS THREE DIAMONDS QUEEN,0.2222,0.048,0.7298
DIAMONDS THREE HEARTS TWO,0.67,0.082,0.248
HEARTS FIVE DIAMONDS THREE,0.6472,0.0772,0.2756
DIAMONDS THREE DIAMONDS ACE,0.2222,0.018,0.7598
HEARTS FOUR DIAMONDS THREE,0.6444,0.0826,0.273
HEARTS SEVEN DIAMONDS THREE,0.6734,0.0734,0.2532
HEARTS SIX DIAMONDS THREE,0.6488,0.0794,0.2718
SPADES JACK SPADES NINE,0.3144,0.0164,0.6692
DIAMONDS THREE HEARTS NINE,0.6798,0.0796,0.2406
HEARTS JACK DIAMONDS FOUR,0.3552,0.0174,0.6274
HEARTS ACE HEARTS KING,0.307,0.0042,0.6888
DIAMONDS THREE HEARTS EIGHT,0.6924,0.075,0.2326
HEARTS TEN DIAMONDS FOUR,0.2212,0.5172,0.2616
SPADES JACK SPADES TWO,0.3738,0.0186,0.6076
HEARTS QUEEN DIAMONDS FOUR,0.3562,0.0124,0.6314
HEARTS KING DIAMONDS FOUR,0.3606,0.0082,0.6312
SPADES ACE SPADES NINE,0.3552,0.0046,0.6402
HEARTS ACE DIAMONDS FOUR,0.3486,0.0048,0.6466
SPADES KING SPADES NINE,0.3406,0.0084,0.651
SPADES QUEEN SPADES NINE,0.336,0.0112,0.6528
DIAMONDS THREE SPADES NINE,0.6816,0.0882,0.2302
DIAMONDS THREE SPADES EIGHT,0.6848,0.087,0.2282
DIAMONDS THREE SPADES SEVEN,0.6836,0.0704,0.246
DIAMONDS THREE SPADES SIX,0.6732,0.0704,0.2564
DIAMONDS THREE CLUBS SIX,0.6596,0.0708,0.2696
CLUBS FIVE CLUBS SIX,0.5234,0.0292,0.4474
CLUBS ACE DIAMONDS FOUR,0.359,0.0044,0.6366
CLUBS SEVEN DIAMONDS THREE,0.666,0.0786,0.2554
CLUBS SEVEN CLUBS FIVE,0.513,0.0278,0.4592
DIAMONDS THREE CLUBS FOUR,0.641,0.0814,0.2776
DIAMONDS FOUR CLUBS QUEEN,0.3638,0.0106,0.6256
DIAMONDS THREE CLUBS FIVE,0.646,0.0664,0.2876
CLUBS KING DIAMONDS FOUR,0.3624,0.0066,0.631
DIAMONDS THREE CLUBS TWO,0.6704,0.0782,0.2514
CLUBS TEN DIAMONDS FOUR,0.2278,0.5128,0.2594
DIAMONDS THREE CLUBS THREE,0.274,0.052,0.674
DIAMONDS FOUR CLUBS JACK,0.3668,0.015,0.6182
DIAMONDS THREE SPADES FOUR,0.656,0.081,0.263
DIAMONDS THREE SPADES FIVE,0.652,0.0678,0.2802
DIAMONDS THREE SPADES TWO,0.6538,0.0902,0.256
DIAMONDS THREE SPADES THREE,0.2868,0.056,0.6572
CLUBS EIGHT DIAMONDS THREE,0.6806,0.0762,0.2432
CLUBS NINE DIAMONDS THREE,0.69,0.0774,0.2326
SPADES SEVEN CLUBS ACE,0.3658,0.0044,0.6298
SPADES SEVEN CLUBS QUEEN,0.357,0.0136,0.6294
SPADES SEVEN CLUBS KING,0.368,0.0072,0.6248
CLUBS FIVE SPADES SEVEN,0.5634,0.0288,0.4078
CLUBS TEN SPADES SEVEN,0.226,0.3112,0.4628
CLUBS FIVE SPADES SIX,0.5546,0.0282,0.4172
SPADES SEVEN CLUBS JACK,0.3586,0.0192,0.6222
SPADES NINE CLUBS FIVE,0.5794,0.0278,0.3928
CLUBS FIVE SPADES EIGHT,0.5632,0.0306,0.4062
CLUBS FIVE SPADES THREE,0.651,0.0792,0.2698
CLUBS FIVE SPADES TWO,0.6014,0.0312,0.3674
CLUBS FIVE SPADES FIVE,0.301,0.0594,0.6396
CLUBS FIVE SPADES FOUR,0.5376,0.03,0.4324
CLUBS NINE CLUBS FIVE,0.5322,0.0284,0.4394
CLUBS EIGHT CLUBS FIVE,0.5186,0.0284,0.453
CLUBS ACE CLUBS QUEEN,0.2864,0.0044,0.7092
CLUBS KING CLUBS QUEEN,0.3074,0.0066,0.686
DIAMONDS TEN DIAMONDS FOUR,0.195,0.4848,0.3202
CLUBS TEN DIAMONDS NINE,0.2276,0.1644,0.608
DIAMONDS JACK DIAMONDS FOUR,0.337,0.016,0.647
DIAMONDS NINE CLUBS JACK,0.329,0.0158,0.6552
SPADES NINE CLUBS JACK,0.3354,0.0156,0.649
CLUBS TEN SPADES NINE,0.2178,0.1794,0.6028
DIAMONDS ACE DIAMONDS FOUR,0.328,0.0056,0.6664
HEARTS FOUR DIAMONDS FOUR,0.2914,0.0732,0.6354
DIAMONDS JACK HEARTS TEN,0.2238,0.0544,0.7218
SPADES NINE CLUBS KING,0.3504,0.0078,0.6418
DIAMONDS NINE CLUBS ACE,0.3522,0.0036,0.6442
HEARTS FIVE DIAMONDS FOUR,0.537,0.0326,0.4304
DIAMONDS JACK HEARTS JACK,0.1456,0.0216,0.8328
SPADES NINE CLUBS QUEEN,0.3358,0.0104,0.6538
DIAMONDS TWO SPADES JACK,0.3878,0.0196,0.5926
DIAMONDS QUEEN DIAMONDS FOUR,0.344,0.011,0.645
HEARTS TWO DIAMONDS FOUR,0.6004,0.0304,0.3692
DIAMONDS NINE CLUBS QUEEN,0.3446,0.0086,0.6468
DIAMONDS KING DIAMONDS FOUR,0.3346,0.007,0.6584
SPADES NINE CLUBS ACE,0.3624,0.0038,0.6338
DIAMONDS NINE CLUBS KING,0.3624,0.0078,0.6298
HEARTS ACE DIAMONDS JACK,0.312,0.0038,0.6842
SPADES ACE DIAMONDS TWO,0.371,0.006,0.623
HEARTS QUEEN DIAMONDS JACK,0.2922,0.0094,0.6984
SPADES QUEEN DIAMONDS TWO,0.3694,0.0156,0.615
DIAMONDS JACK HEARTS KING,0.3096,0.007,0.6834
SPADES KING DIAMONDS TWO,0.3898,0.0062,0.604
SPADES JACK SPADES SEVEN,0.3208,0.0172,0.662
CLUBS SEVEN CLUBS THREE,0.6254,0.0722,0.3024
CLUBS SIX CLUBS THREE,0.6192,0.0728,0.308
CLUBS FIVE CLUBS THREE,0.6026,0.0748,0.3226
CLUBS THREE CLUBS FOUR,0.6048,0.0728,0.3224
CLUBS NINE CLUBS THREE,0.6414,0.0764,0.2822
CLUBS EIGHT CLUBS THREE,0.651,0.0676,0.2814
CLUBS THREE SPADES FIVE,0.6588,0.0802,0.261
CLUBS THREE SPADES FOUR,0.643,0.0786,0.2784
CLUBS THREE SPADES THREE,0.2914,0.0498,0.6588
CLUBS THREE SPADES TWO,0.6704,0.0756,0.254
CLUBS THREE SPADES SIX,0.677,0.0794,0.2436
SPADES SEVEN CLUBS THREE,0.6908,0.0722,0.237
SPADES EIGHT CLUBS THREE,0.6894,0.0756,0.235
SPADES NINE CLUBS THREE,0.689,0.0738,0.2372
SPADES TWO DIAMONDS FOUR,0.6062,0.031,0.3628
SPADES THREE DIAMONDS FOUR,0.6534,0.071,0.2756
SPADES FOUR DIAMONDS FOUR,0.299,0.0706,0.6304
SPADES FIVE DIAMONDS FOUR,0.5566,0.0296,0.4138
SPADES SIX DIAMONDS FOUR,0.5678,0.0264,0.4058
SPADES SEVEN DIAMONDS FOUR,0.5598,0.03,0.4102
SPADES EIGHT DIAMONDS FOUR,0.5838,0.0272,0.389
SPADES NINE DIAMONDS FOUR,0.5746,0.0298,0.3956
CLUBS FIVE DIAMONDS FOUR,0.5448,0.0304,0.4248
CLUBS FOUR DIAMONDS FOUR,0.3008,0.0628,0.6364
CLUBS SEVEN DIAMONDS FOUR,0.5612,0.0276,0.4112
CLUBS SIX DIAMONDS FOUR,0.542,0.0306,0.4274
CLUBS NINE DIAMONDS FOUR,0.582,0.03,0.388
CLUBS EIGHT DIAMONDS FOUR,0.5892,0.0292,0.3816
HEARTS SEVEN DIAMONDS FOUR,0.5652,0.0288,0.406
HEARTS SIX DIAMONDS FOUR,0.547,0.0296,0.4234
DIAMONDS FOUR HEARTS NINE,0.593,0.0272,0.3798
DIAMONDS FOUR HEARTS EIGHT,0.568,0.03,0.402
CLUBS THREE DIAMONDS FOUR,0.6502,0.0768,0.273
CLUBS TWO DIAMONDS FOUR,0.6024,0.0294,0.3682
DIAMONDS TEN DIAMONDS FIVE,0.2074,0.4396,0.353
DIAMONDS JACK DIAMONDS FIVE,0.3436,0.0148,0.6416
DIAMONDS NINE HEARTS QUEEN,0.3422,0.0116,0.6462
DIAMONDS NINE HEARTS KING,0.332,0.006,0.662
HEARTS ACE DIAMONDS NINE,0.354,0.0046,0.6414
DIAMONDS NINE HEARTS TEN,0.2154,0.171,0.6136
DIAMONDS NINE HEARTS JACK,0.3204,0.0178,0.6618
CLUBS KING DIAMONDS SIX,0.3556,0.0072,0.6372
CLUBS QUEEN DIAMONDS SIX,0.366,0.0104,0.6236
CLUBS ACE DIAMONDS SIX,0.3578,0.0032,0.639
SPADES KING DIAMONDS FOUR,0.3536,0.0102,0.6362
SPADES ACE SPADES SEVEN,0.3416,0.004,0.6544
SPADES QUEEN DIAMONDS FOUR,0.3516,0.0112,0.6372
SPADES QUEEN SPADES SEVEN,0.3438,0.0132,0.643
CLUBS JACK DIAMONDS SIX,0.3644,0.0176,0.618
SPADES KING SPADES SEVEN,0.3342,0.0078,0.658
SPADES ACE DIAMONDS FOUR,0.353,0.005,0.642
CLUBS TEN DIAMONDS SIX,0.2166,0.3668,0.4166
CLUBS NINE CLUBS FOUR,0.5394,0.0274,0.4332
CLUBS EIGHT CLUBS FOUR,0.533,0.0294,0.4376
SPADES JACK DIAMONDS FOUR,0.35,0.0188,0.6312
CLUBS FIVE CLUBS FOUR,0.5126,0.0284,0.459
CLUBS SEVEN CLUBS FOUR,0.533,0.0266,0.4404
CLUBS SIX CLUBS FOUR,0.5196,0.0278,0.4526
CLUBS SEVEN SPADES EIGHT,0.5534,0.026,0.4206
CLUBS SEVEN SPADES NINE,0.5492,0.0228,0.428
CLUBS SEVEN SPADES SIX,0.5496,0.0272,0.4232
CLUBS SEVEN SPADES SEVEN,0.2802,0.0496,0.6702
CLUBS SEVEN SPADES FIVE,0.567,0.0328,0.4002
CLUBS SEVEN SPADES FOUR,0.577,0.03,0.393
CLUBS SEVEN SPADES THREE,0.6812,0.0738,0.245
CLUBS SEVEN SPADES TWO,0.6096,0.03,0.3604
CLUBS NINE CLUBS SEVEN,0.512,0.023,0.465
CLUBS SEVEN CLUBS EIGHT,0.5036,0.0268,0.4696
HEARTS SIX DIAMONDS FIVE,0.5444,0.0272,0.4284
HEARTS SEVEN DIAMONDS FIVE,0.5518,0.0314,0.4168
DIAMONDS FIVE HEARTS EIGHT,0.5578,0.0286,0.4136
DIAMONDS FIVE HEARTS NINE,0.5614,0.0282,0.4104
DIAMONDS QUEEN DIAMONDS FIVE,0.3512,0.0142,0.6346
HEARTS TWO DIAMONDS FIVE,0.5836,0.0382,0.3782
HEARTS KING HEARTS EIGHT,0.3442,0.0068,0.649
DIAMONDS KING DIAMONDS FIVE,0.33,0.0074,0.6626
HEARTS QUEEN HEARTS EIGHT,0.3206,0.0104,0.669
DIAMONDS ACE DIAMONDS FIVE,0.3356,0.006,0.6584
HEARTS FOUR DIAMONDS FIVE,0.547,0.032,0.421
HEARTS FIVE DIAMONDS FIVE,0.2902,0.0638,0.646
HEARTS ACE HEARTS EIGHT,0.3388,0.0058,0.6554
CLUBS FOUR DIAMONDS FIVE,0.539,0.0314,0.4296
CLUBS FIVE DIAMONDS FIVE,0.2988,0.0612,0.64
CLUBS SIX DIAMONDS FIVE,0.5518,0.0332,0.415
CLUBS SEVEN DIAMONDS FIVE,0.5518,0.0264,0.4218
CLUBS TWO DIAMONDS FIVE,0.6002,0.03,0.3698
CLUBS THREE DIAMONDS FIVE,0.6548,0.073,0.2722
SPADES THREE DIAMONDS FIVE,0.6484,0.0804,0.2712
SPADES TWO DIAMONDS FIVE,0.5956,0.0318,0.3726
SPADES JACK DIAMONDS EIGHT,0.3344,0.0164,0.6492
SPADES FIVE DIAMONDS FIVE,0.296,0.0704,0.6336
CLUBS TEN HEARTS JACK,0.2206,0.0614,0.718
SPADES FOUR DIAMONDS FIVE,0.5512,0.0328,0.416
HEARTS JACK CLUBS JACK,0.1382,0.0238,0.838
HEARTS JACK CLUBS QUEEN,0.2896,0.0092,0.7012
CLUBS NINE DIAMONDS FIVE,0.5698,0.0268,0.4034
CLUBS KING HEARTS JACK,0.3158,0.0076,0.6766
CLUBS EIGHT DIAMONDS FIVE,0.5664,0.0252,0.4084
CLUBS ACE HEARTS JACK,0.3098,0.0044,0.6858
SPADES SEVEN DIAMONDS FIVE,0.5544,0.024,0.4216
SPADES KING DIAMONDS EIGHT,0.3708,0.0056,0.6236
SPADES SIX DIAMONDS FIVE,0.559,0.031,0.41
SPADES QUEEN DIAMONDS EIGHT,0.3406,0.01,0.6494
SPADES NINE DIAMONDS FIVE,0.579,0.026,0.395
SPADES EIGHT DIAMONDS FIVE,0.5608,0.0296,0.4096
SPADES ACE DIAMONDS EIGHT,0.3538,0.0058,0.6404
DIAMONDS TEN DIAMONDS SIX,0.2122,0.3496,0.4382
HEARTS ACE DIAMONDS SEVEN,0.3508,0.0044,0.6448
DIAMONDS JACK DIAMONDS SIX,0.3462,0.0166,0.6372
HEARTS QUEEN DIAMONDS SEVEN,0.342,0.0112,0.6468
HEARTS KING DIAMONDS SEVEN,0.3544,0.0088,0.6368
DIAMONDS ACE DIAMONDS SIX,0.334,0.0038,0.6622
HEARTS FOUR DIAMONDS SIX,0.5474,0.0308,0.4218
SPADES TWO HEARTS JACK,0.3994,0.0204,0.5802
HEARTS FIVE DIAMONDS SIX,0.5404,0.026,0.4336
SPADES TWO HEARTS TEN,0.2622,0.5212,0.2166
DIAMONDS QUEEN DIAMONDS SIX,0.3332,0.01,0.6568
HEARTS TWO DIAMONDS SIX,0.5954,0.03,0.3746
DIAMONDS KING DIAMONDS SIX,0.3522,0.0072,0.6406
HEARTS EIGHT DIAMONDS SIX,0.5462,0.0274,0.4264
HEARTS NINE DIAMONDS SIX,0.546,0.0234,0.4306
HEARTS SIX DIAMONDS SIX,0.2868,0.06,0.6532
HEARTS SEVEN DIAMONDS SIX,0.5398,0.0296,0.4306
HEARTS TEN DIAMONDS SEVEN,0.219,0.291,0.49
CLUBS TWO DIAMONDS SIX,0.5964,0.031,0.3726
HEARTS JACK DIAMONDS SEVEN,0.3522,0.0162,0.6316
CLUBS THREE DIAMONDS SIX,0.6592,0.0808,0.26
CLUBS SEVEN DIAMONDS SIX,0.544,0.0308,0.4252
DIAMONDS EIGHT CLUBS JACK,0.3372,0.0174,0.6454
CLUBS SIX DIAMONDS SIX,0.2994,0.061,0.6396
CLUBS TEN DIAMONDS EIGHT,0.2272,0.2322,0.5406
CLUBS FIVE DIAMONDS SIX,0.5364,0.0286,0.435
CLUBS FOUR DIAMONDS SIX,0.5648,0.0294,0.4058
HEARTS ACE HEARTS JACK,0.3108,0.0052,0.684
DIAMONDS EIGHT CLUBS ACE,0.3518,0.003,0.6452
HEARTS QUEEN HEARTS JACK,0.3014,0.0092,0.6894
DIAMONDS EIGHT CLUBS KING,0.3712,0.0056,0.6232
CLUBS NINE DIAMONDS SIX,0.5552,0.0234,0.4214
HEARTS KING HEARTS JACK,0.3002,0.0076,0.6922
DIAMONDS EIGHT CLUBS QUEEN,0.3548,0.0108,0.6344
CLUBS EIGHT DIAMONDS SIX,0.5442,0.0268,0.429
SPADES FIVE DIAMONDS SIX,0.5626,0.0254,0.412
HEARTS ACE SPADES TWO,0.3826,0.0066,0.6108
SPADES JACK HEARTS KING,0.295,0.0078,0.6972
SPADES FOUR DIAMONDS SIX,0.5636,0.0254,0.411
SPADES THREE DIAMONDS SIX,0.6538,0.0766,0.2696
HEARTS QUEEN SPADES TWO,0.3756,0.0136,0.6108
SPADES ACE SPADES KING,0.3098,0.005,0.6852
SPADES TWO HEARTS KING,0.3762,0.0102,0.6136
SPADES TWO DIAMONDS SIX,0.594,0.031,0.375
HEARTS TEN HEARTS EIGHT,0.2112,0.2132,0.5756
SPADES NINE DIAMONDS SIX,0.5578,0.0282,0.414
HEARTS JACK HEARTS EIGHT,0.3248,0.0178,0.6574
SPADES EIGHT DIAMONDS SIX,0.5498,0.0282,0.422
SPADES SEVEN DIAMONDS SIX,0.5332,0.0274,0.4394
SPADES SIX DIAMONDS SIX,0.3048,0.0604,0.6348
SPADES KING HEARTS KING,0.1226,0.0122,0.8652
SPADES QUEEN HEARTS KING,0.3098,0.0094,0.6808
CLUBS ACE CLUBS KING,0.3018,0.0054,0.6928
SPADES ACE HEARTS KING,0.3096,0.0044,0.686
SPADES ACE HEARTS JACK,0.312,0.0048,0.6832
SPADES QUEEN HEARTS JACK,0.2926,0.0104,0.697
SPADES KING HEARTS JACK,0.2848,0.0072,0.708
SPADES JACK DIAMONDS TEN,0.213,0.0574,0.7296
SPADES ACE DIAMONDS TEN,0.2174,0.0258,0.7568
SPADES JACK HEARTS JACK,0.136,0.023,0.841
SPADES QUEEN DIAMONDS TEN,0.223,0.049,0.728
SPADES KING DIAMONDS TEN,0.2276,0.0398,0.7326
SPADES NINE DIAMONDS SEVEN,0.5534,0.0252,0.4214
SPADES EIGHT DIAMONDS SEVEN,0.5292,0.025,0.4458
SPADES SEVEN DIAMONDS SEVEN,0.2924,0.053,0.6546
SPADES SIX DIAMONDS SEVEN,0.551,0.0312,0.4178
DIAMONDS KING DIAMONDS SEVEN,0.352,0.0086,0.6394
HEARTS KING DIAMONDS FIVE,0.3498,0.008,0.6422
DIAMONDS QUEEN DIAMONDS SEVEN,0.3468,0.01,0.6432
HEARTS TWO DIAMONDS SEVEN,0.6276,0.0272,0.3452
HEARTS QUEEN DIAMONDS FIVE,0.3692,0.0102,0.6206
HEARTS FIVE DIAMONDS SEVEN,0.5496,0.026,0.4244
DIAMONDS ACE DIAMONDS SEVEN,0.3394,0.0036,0.657
HEARTS FOUR DIAMONDS SEVEN,0.5578,0.0322,0.41
HEARTS ACE DIAMONDS FIVE,0.3482,0.0042,0.6476
HEARTS SEVEN DIAMONDS SEVEN,0.2696,0.0488,0.6816
HEARTS SIX DIAMONDS SEVEN,0.5334,0.0294,0.4372
DIAMONDS SEVEN HEARTS NINE,0.5444,0.0264,0.4292
HEARTS EIGHT DIAMONDS SEVEN,0.5254,0.026,0.4486
DIAMONDS JACK DIAMONDS SEVEN,0.3286,0.0158,0.6556
DIAMONDS FIVE HEARTS JACK,0.3658,0.0196,0.6146
DIAMONDS TEN DIAMONDS SEVEN,0.2048,0.2694,0.5258
HEARTS TEN DIAMONDS FIVE,0.2202,0.456,0.3238
SPADES KING CLUBS TWO,0.3886,0.0088,0.6026
HEARTS KING CLUBS KING,0.1356,0.012,0.8524
CLUBS EIGHT DIAMONDS SEVEN,0.5266,0.0278,0.4456
SPADES QUEEN CLUBS TWO,0.3914,0.0144,0.5942
HEARTS KING CLUBS QUEEN,0.3082,0.009,0.6828
CLUBS NINE DIAMONDS SEVEN,0.5362,0.0312,0.4326
SPADES TWO CLUBS JACK,0.3954,0.0176,0.587
SPADES ACE CLUBS TWO,0.3764,0.0072,0.6164
CLUBS TEN SPADES TWO,0.2618,0.5166,0.2216
HEARTS KING CLUBS ACE,0.3272,0.0026,0.6702
CLUBS SEVEN CLUBS SIX,0.5086,0.0238,0.4676
SPADES TWO CLUBS KING,0.4064,0.0096,0.584
SPADES TWO DIAMONDS SEVEN,0.6282,0.032,0.3398
CLUBS EIGHT CLUBS SIX,0.5058,0.0244,0.4698
SPADES THREE DIAMONDS SEVEN,0.6802,0.0722,0.2476
SPADES TWO CLUBS QUEEN,0.389,0.0096,0.6014
CLUBS NINE CLUBS SIX,0.5194,0.0266,0.454
SPADES FOUR DIAMONDS SEVEN,0.5762,0.0266,0.3972
HEARTS KING CLUBS JACK,0.2978,0.0084,0.6938
SPADES FIVE DIAMONDS SEVEN,0.5512,0.0294,0.4194
SPADES TWO CLUBS ACE,0.3792,0.0038,0.617
CLUBS TEN HEARTS KING,0.2292,0.0346,0.7362
CLUBS SIX SPADES TWO,0.6154,0.0332,0.3514
CLUBS SIX SPADES THREE,0.6674,0.0766,0.256
CLUBS TWO DIAMONDS SEVEN,0.6128,0.0306,0.3566
CLUBS SIX SPADES FOUR,0.5676,0.0288,0.4036
CLUBS THREE DIAMONDS SEVEN,0.6582,0.0746,0.2672
CLUBS SIX SPADES FIVE,0.561,0.0288,0.4102
CLUBS FOUR DIAMONDS SEVEN,0.5638,0.0282,0.408
CLUBS SIX SPADES SIX,0.2954,0.0582,0.6464
CLUBS FIVE DIAMONDS SEVEN,0.5476,0.0288,0.4236
CLUBS SIX SPADES SEVEN,0.5458,0.0262,0.428
CLUBS SIX DIAMONDS SEVEN,0.537,0.0262,0.4368
SPADES EIGHT CLUBS SIX,0.5458,0.0254,0.4288
SPADES JACK CLUBS TWO,0.3806,0.0184,0.601
CLUBS SEVEN DIAMONDS SEVEN,0.2914,0.0538,0.6548
SPADES NINE CLUBS SIX,0.571,0.0286,0.4004
CLUBS TWO CLUBS QUEEN,0.3748,0.0132,0.612
CLUBS TWO CLUBS KING,0.3666,0.0098,0.6236
CLUBS THREE DIAMONDS EIGHT,0.69,0.0732,0.2368
CLUBS TWO CLUBS ACE,0.3476,0.005,0.6474
CLUBS TWO DIAMONDS EIGHT,0.5924,0.0306,0.377
HEARTS SEVEN DIAMONDS EIGHT,0.5194,0.029,0.4516
HEARTS SIX DIAMONDS EIGHT,0.5402,0.0318,0.428
DIAMONDS EIGHT HEARTS NINE,0.5254,0.0272,0.4474
CLUBS TEN CLUBS TWO,0.2512,0.4854,0.2634
DIAMONDS EIGHT HEARTS EIGHT,0.2694,0.048,0.6826
CLUBS TWO CLUBS JACK,0.3736,0.0188,0.6076
CLUBS NINE DIAMONDS EIGHT,0.5304,0.0254,0.4442
CLUBS EIGHT DIAMONDS EIGHT,0.287,0.0496,0.6634
CLUBS FIVE DIAMONDS EIGHT,0.5592,0.0302,0.4106
SPADES ACE SPADES THREE,0.2312,0.0216,0.7472
CLUBS FOUR DIAMONDS EIGHT,0.5692,0.0304,0.4004
CLUBS SEVEN DIAMONDS EIGHT,0.5282,0.0282,0.4436
SPADES QUEEN SPADES THREE,0.2258,0.0438,0.7304
CLUBS SIX DIAMONDS EIGHT,0.5404,0.0266,0.433
SPADES KING SPADES THREE,0.242,0.027,0.731
DIAMONDS QUEEN DIAMONDS EIGHT,0.3252,0.0114,0.6634
HEARTS TWO DIAMONDS EIGHT,0.61,0.0294,0.3606
DIAMONDS KING DIAMONDS EIGHT,0.3368,0.0094,0.6538
DIAMONDS ACE DIAMONDS EIGHT,0.3296,0.004,0.6664
HEARTS FOUR DIAMONDS EIGHT,0.5658,0.03,0.4042
HEARTS FIVE DIAMONDS EIGHT,0.5504,0.0272,0.4224
DIAMONDS EIGHT DIAMONDS TEN,0.2036,0.2088,0.5876
DIAMONDS EIGHT DIAMONDS JACK,0.3192,0.0158,0.665
SPADES JACK SPADES THREE,0.2294,0.058,0.7126
CLUBS FOUR HEARTS ACE,0.3552,0.006,0.6388
CLUBS FOUR HEARTS QUEEN,0.3616,0.0138,0.6246
CLUBS FOUR HEARTS KING,0.3698,0.0076,0.6226
CLUBS SIX HEARTS TEN,0.2134,0.3814,0.4052
CLUBS SIX HEARTS JACK,0.3634,0.0164,0.6202
SPADES FOUR DIAMONDS EIGHT,0.565,0.0286,0.4064
SPADES FIVE DIAMONDS EIGHT,0.5632,0.0336,0.4032
DIAMONDS EIGHT SPADES TWO,0.6132,0.028,0.3588
DIAMONDS EIGHT SPADES THREE,0.69,0.075,0.235
CLUBS FOUR HEARTS JACK,0.3572,0.0148,0.628
SPADES EIGHT DIAMONDS EIGHT,0.2834,0.0472,0.6694
SPADES JACK HEARTS EIGHT,0.3214,0.0132,0.6654
CLUBS FOUR HEARTS TEN,0.2108,0.5252,0.264
SPADES NINE DIAMONDS EIGHT,0.5378,0.0246,0.4376
SPADES JACK HEARTS TWO,0.385,0.0186,0.5964
SPADES JACK DIAMONDS QUEEN,0.2924,0.0116,0.696
SPADES SIX DIAMONDS EIGHT,0.559,0.0282,0.4128
SPADES SEVEN DIAMONDS EIGHT,0.5342,0.029,0.4368
SPADES ACE HEARTS TWO,0.3916,0.0066,0.6018
SPADES ACE DIAMONDS QUEEN,0.3204,0.0044,0.6752
SPADES ACE HEARTS EIGHT,0.3416,0.0038,0.6546
SPADES KING HEARTS EIGHT,0.3588,0.0074,0.6338
SPADES QUEEN HEARTS TWO,0.3846,0.013,0.6024
SPADES QUEEN DIAMONDS QUEEN,0.1292,0.0166,0.8542
SPADES KING DIAMONDS QUEEN,0.3098,0.0086,0.6816
SPADES KING HEARTS TWO,0.3804,0.0116,0.608
SPADES QUEEN HEARTS EIGHT,0.3282,0.0124,0.6594
CLUBS TWO HEARTS TEN,0.2532,0.5278,0.219
CLUBS TWO HEARTS JACK,0.3768,0.021,0.6022
SPADES SEVEN DIAMONDS NINE,0.5476,0.025,0.4274
SPADES SIX DIAMONDS NINE,0.5618,0.0288,0.4094
SPADES NINE DIAMONDS NINE,0.272,0.0392,0.6888
SPADES EIGHT DIAMONDS NINE,0.5352,0.0286,0.4362
DIAMONDS NINE SPADES THREE,0.6876,0.0902,0.2222
SPADES JACK CLUBS KING,0.2938,0.0084,0.6978
DIAMONDS NINE SPADES TWO,0.622,0.0262,0.3518
SPADES FIVE DIAMONDS NINE,0.5906,0.0284,0.381
DIAMONDS NINE SPADES FOUR,0.5984,0.0296,0.372
CLUBS NINE DIAMONDS NINE,0.266,0.0346,0.6994
CLUBS EIGHT DIAMONDS NINE,0.5442,0.0296,0.4262
CLUBS SIX DIAMONDS NINE,0.5554,0.0266,0.418
SPADES JACK CLUBS FOUR,0.3464,0.0218,0.6318
CLUBS SEVEN DIAMONDS NINE,0.5482,0.0242,0.4276
CLUBS FOUR DIAMONDS NINE,0.5858,0.0278,0.3864
CLUBS FIVE DIAMONDS NINE,0.5738,0.0266,0.3996
DIAMONDS NINE CLUBS TWO,0.6118,0.0256,0.3626
CLUBS THREE DIAMONDS NINE,0.6828,0.075,0.2422
DIAMONDS NINE HEARTS EIGHT,0.5206,0.0244,0.455
DIAMONDS NINE HEARTS NINE,0.2582,0.0406,0.7012
HEARTS SIX DIAMONDS NINE,0.5502,0.0268,0.423
HEARTS SEVEN DIAMONDS NINE,0.5372,0.0278,0.435
CLUBS NINE CLUBS EIGHT,0.5048,0.024,0.4712
DIAMONDS ACE DIAMONDS NINE,0.335,0.0052,0.6598
HEARTS FOUR DIAMONDS NINE,0.5962,0.0294,0.3744
HEARTS FIVE DIAMONDS NINE,0.568,0.0244,0.4076
HEARTS ACE CLUBS TWO,0.3756,0.006,0.6184
SPADES ACE CLUBS FOUR,0.3466,0.0068,0.6466
DIAMONDS QUEEN DIAMONDS NINE,0.3234,0.011,0.6656
HEARTS TWO DIAMONDS NINE,0.617,0.0332,0.3498
CLUBS TWO HEARTS KING,0.3938,0.009,0.5972
SPADES KING CLUBS FOUR,0.349,0.0094,0.6416
DIAMONDS KING DIAMONDS NINE,0.3426,0.0078,0.6496
CLUBS TWO HEARTS QUEEN,0.3846,0.011,0.6044
SPADES QUEEN CLUBS FOUR,0.3546,0.0114,0.634
DIAMONDS NINE DIAMONDS JACK,0.3004,0.0156,0.684
CLUBS EIGHT SPADES NINE,0.5384,0.0214,0.4402
DIAMONDS NINE DIAMONDS TEN,0.21,0.1618,0.6282
CLUBS EIGHT SPADES EIGHT,0.2774,0.0566,0.666
CLUBS EIGHT SPADES SEVEN,0.5324,0.0258,0.4418
CLUBS EIGHT SPADES SIX,0.5518,0.0286,0.4196
CLUBS EIGHT SPADES FIVE,0.5628,0.0298,0.4074
CLUBS EIGHT SPADES FOUR,0.5702,0.0292,0.4006
CLUBS EIGHT SPADES THREE,0.6934,0.0752,0.2314
CLUBS EIGHT SPADES TWO,0.613,0.0304,0.3566
HEARTS SIX DIAMONDS TEN,0.206,0.3872,0.4068
HEARTS SEVEN DIAMONDS TEN,0.2162,0.3034,0.4804
DIAMONDS TEN HEARTS EIGHT,0.2146,0.2268,0.5586
CLUBS FOUR CLUBS JACK,0.332,0.0174,0.6506
DIAMONDS TEN HEARTS NINE,0.217,0.1724,0.6106
CLUBS TEN CLUBS FOUR,0.2172,0.4868,0.296
CLUBS FOUR CLUBS KING,0.3348,0.0072,0.658
CLUBS FOUR CLUBS QUEEN,0.3412,0.0106,0.6482
CLUBS TWO DIAMONDS TEN,0.2784,0.5064,0.2152
CLUBS THREE DIAMONDS TEN,0.0234,0.9528,0.0238
CLUBS FOUR CLUBS ACE,0.3356,0.0058,0.6586
DIAMONDS JACK DIAMONDS TEN,0.216,0.0496,0.7344
DIAMONDS QUEEN DIAMONDS TEN,0.2096,0.0436,0.7468
HEARTS TWO DIAMONDS TEN,0.258,0.5296,0.2124
DIAMONDS KING DIAMONDS TEN,0.2122,0.0398,0.748
DIAMONDS ACE DIAMONDS TEN,0.219,0.0242,0.7568
HEARTS FOUR DIAMONDS TEN,0.2162,0.5198,0.264
CLUBS EIGHT HEARTS JACK,0.329,0.0212,0.6498
HEARTS FIVE DIAMONDS TEN,0.2112,0.4676,0.3212
CLUBS EIGHT HEARTS TEN,0.204,0.2232,0.5728
CLUBS EIGHT HEARTS QUEEN,0.3376,0.0114,0.651
CLUBS EIGHT HEARTS KING,0.3576,0.0074,0.635
CLUBS EIGHT HEARTS ACE,0.3612,0.0032,0.6356
CLUBS NINE SPADES THREE,0.6918,0.0772,0.231
CLUBS NINE SPADES TWO,0.6146,0.0336,0.3518
CLUBS NINE SPADES FIVE,0.5788,0.0292,0.392
CLUBS NINE SPADES FOUR,0.5756,0.028,0.3964
CLUBS NINE SPADES SEVEN,0.5514,0.0264,0.4222
CLUBS NINE SPADES SIX,0.5574,0.029,0.4136
CLUBS NINE SPADES NINE,0.2682,0.0394,0.6924
CLUBS TEN HEARTS EIGHT,0.2084,0.2254,0.5662
CLUBS NINE SPADES EIGHT,0.5388,0.0276,0.4336
HEARTS EIGHT CLUBS JACK,0.3428,0.0182,0.639
CLUBS QUEEN HEARTS EIGHT,0.3396,0.0112,0.6492
CLUBS KING HEARTS EIGHT,0.3644,0.0078,0.6278
CLUBS ACE HEARTS EIGHT,0.3474,0.005,0.6476
SPADES KING CLUBS KING,0.1344,0.0088,0.8568
SPADES QUEEN CLUBS KING,0.3066,0.0068,0.6866
SPADES ACE CLUBS KING,0.3208,0.0044,0.6748
DIAMONDS ACE HEARTS TEN,0.2098,0.0254,0.7648
HEARTS FOUR HEARTS TEN,0.213,0.4964,0.2906
DIAMONDS ACE HEARTS JACK,0.3088,0.0046,0.6866
HEARTS FOUR HEARTS JACK,0.3394,0.0194,0.6412
SPADES KING CLUBS FIVE,0.3558,0.0078,0.6364
SPADES QUEEN CLUBS FIVE,0.3606,0.0118,0.6276
SPADES ACE CLUBS FIVE,0.3532,0.0054,0.6414
HEARTS SEVEN DIAMONDS JACK,0.355,0.0166,0.6284
HEARTS SIX DIAMONDS JACK,0.3542,0.018,0.6278
DIAMONDS JACK HEARTS NINE,0.3254,0.0166,0.658
DIAMONDS JACK HEARTS EIGHT,0.3168,0.0164,0.6668
DIAMONDS KING DIAMONDS JACK,0.2892,0.0058,0.705
SPADES ACE SPADES SIX,0.3496,0.0056,0.6448
HEARTS ACE SPADES FOUR,0.3526,0.0048,0.6426
DIAMONDS QUEEN DIAMONDS JACK,0.2868,0.0088,0.7044
HEARTS TWO DIAMONDS JACK,0.3992,0.0202,0.5806
HEARTS FIVE DIAMONDS JACK,0.3518,0.0174,0.6308
SPADES QUEEN SPADES SIX,0.337,0.013,0.65
SPADES FOUR HEARTS QUEEN,0.354,0.0132,0.6328
DIAMONDS ACE DIAMONDS JACK,0.295,0.0044,0.7006
HEARTS FOUR DIAMONDS JACK,0.356,0.0172,0.6268
SPADES KING SPADES SIX,0.3452,0.0076,0.6472
SPADES FOUR HEARTS KING,0.3558,0.0114,0.6328
SPADES JACK SPADES SIX,0.3322,0.0206,0.6472
SPADES FOUR DIAMONDS JACK,0.3538,0.0208,0.6254
SPADES FIVE DIAMONDS JACK,0.3658,0.0202,0.614
DIAMONDS JACK SPADES TWO,0.384,0.0184,0.5976
SPADES THREE DIAMONDS JACK,0.2422,0.061,0.6968
SPADES ACE DIAMONDS THREE,0.2446,0.0196,0.7358
SPADES QUEEN DIAMONDS THREE,0.2372,0.0374,0.7254
CLUBS EIGHT DIAMONDS JACK,0.3504,0.0192,0.6304
SPADES KING DIAMONDS THREE,0.2404,0.0324,0.7272
CLUBS NINE DIAMONDS JACK,0.3242,0.0166,0.6592
CLUBS SIX DIAMONDS JACK,0.3646,0.0174,0.618
CLUBS SEVEN DIAMONDS JACK,0.3514,0.0138,0.6348
CLUBS FOUR DIAMONDS JACK,0.36,0.0186,0.6214
CLUBS FIVE DIAMONDS JACK,0.3644,0.017,0.6186
CLUBS TWO DIAMONDS JACK,0.3796,0.0228,0.5976
CLUBS THREE DIAMONDS JACK,0.2406,0.0598,0.6996
SPADES JACK HEARTS SIX,0.3514,0.0188,0.6298
SPADES JACK CLUBS FIVE,0.3502,0.0214,0.6284
SPADES JACK DIAMONDS THREE,0.235,0.057,0.708
CLUBS SEVEN CLUBS ACE,0.3326,0.0056,0.6618
CLUBS SEVEN CLUBS QUEEN,0.3472,0.0126,0.6402
CLUBS SEVEN CLUBS KING,0.3454,0.0076,0.647
SPADES NINE DIAMONDS JACK,0.3226,0.0188,0.6586
CLUBS TEN CLUBS SEVEN,0.2224,0.2678,0.5098
DIAMONDS ACE HEARTS ACE,0.1202,0.004,0.8758
HEARTS FOUR HEARTS ACE,0.3376,0.007,0.6554
SPADES EIGHT DIAMONDS JACK,0.3328,0.0172,0.65
SPADES ACE HEARTS SIX,0.3512,0.0046,0.6442
CLUBS SEVEN CLUBS JACK,0.3378,0.02,0.6422
DIAMONDS ACE HEARTS KING,0.3188,0.0036,0.6776
HEARTS FOUR HEARTS KING,0.3382,0.0094,0.6524
SPADES SEVEN DIAMONDS JACK,0.3608,0.0196,0.6196
SPADES KING HEARTS SIX,0.3624,0.007,0.6306
DIAMONDS ACE HEARTS QUEEN,0.3164,0.005,0.6786
HEARTS FOUR HEARTS QUEEN,0.3396,0.0124,0.648
SPADES SIX DIAMONDS JACK,0.3612,0.0166,0.6222
SPADES QUEEN HEARTS SIX,0.3578,0.0134,0.6288
SPADES TWO DIAMONDS TEN,0.254,0.5298,0.2162
SPADES THREE DIAMONDS TEN,0.0194,0.9692,0.0114
SPADES FOUR DIAMONDS TEN,0.2194,0.522,0.2586
SPADES FIVE DIAMONDS TEN,0.2272,0.4582,0.3146
SPADES SIX DIAMONDS TEN,0.2268,0.38,0.3932
SPADES SEVEN DIAMONDS TEN,0.2308,0.2886,0.4806
SPADES EIGHT DIAMONDS TEN,0.2254,0.2298,0.5448
SPADES NINE DIAMONDS TEN,0.2138,0.18,0.6062
CLUBS FOUR DIAMONDS TEN,0.222,0.5154,0.2626
CLUBS FIVE DIAMONDS TEN,0.2278,0.4608,0.3114
CLUBS SIX DIAMONDS TEN,0.2276,0.373,0.3994
CLUBS SEVEN DIAMONDS TEN,0.2162,0.2916,0.4922
CLUBS EIGHT DIAMONDS TEN,0.2236,0.2128,0.5636
CLUBS NINE DIAMONDS TEN,0.2256,0.1732,0.6012
DIAMONDS THREE CLUBS JACK,0.241,0.056,0.703
CLUBS TEN DIAMONDS THREE,0.0232,0.9534,0.0234
DIAMONDS THREE CLUBS KING,0.2298,0.0388,0.7314
DIAMONDS THREE CLUBS QUEEN,0.2394,0.044,0.7166
DIAMONDS THREE CLUBS ACE,0.2392,0.0232,0.7376
SPADES FOUR HEARTS JACK,0.3568,0.0198,0.6234
SPADES FOUR HEARTS TEN,0.2158,0.5308,0.2534
SPADES FIVE SPADES TWO,0.5716,0.0264,0.402
SPADES FOUR SPADES TWO,0.5674,0.0298,0.4028
SPADES THREE SPADES TWO,0.6426,0.073,0.2844
SPADES NINE SPADES TWO,0.5754,0.029,0.3956
SPADES EIGHT SPADES TWO,0.5874,0.0344,0.3782
SPADES SEVEN SPADES TWO,0.596,0.031,0.373
SPADES SIX SPADES TWO,0.58,0.031,0.389
DIAMONDS QUEEN CLUBS THREE,0.2414,0.0462,0.7124
CLUBS THREE HEARTS TWO,0.6602,0.0824,0.2574
DIAMONDS QUEEN CLUBS TWO,0.3896,0.0142,0.5962
HEARTS TWO CLUBS TWO,0.3904,0.0688,0.5408
HEARTS SEVEN DIAMONDS QUEEN,0.3642,0.0098,0.626
HEARTS SEVEN HEARTS TWO,0.5824,0.0314,0.3862
HEARTS SIX DIAMONDS QUEEN,0.3508,0.0148,0.6344
HEARTS SIX HEARTS TWO,0.5598,0.0288,0.4114
DIAMONDS QUEEN HEARTS NINE,0.3346,0.0122,0.6532
HEARTS TWO HEARTS NINE,0.584,0.0266,0.3894
DIAMONDS QUEEN HEARTS EIGHT,0.3528,0.011,0.6362
HEARTS TWO HEARTS EIGHT,0.5862,0.0272,0.3866
CLUBS NINE HEARTS TWO,0.6126,0.0302,0.3572
CLUBS NINE DIAMONDS QUEEN,0.3538,0.0074,0.6388
CLUBS EIGHT HEARTS TWO,0.6124,0.0322,0.3554
CLUBS EIGHT DIAMONDS QUEEN,0.349,0.0106,0.6404
CLUBS FIVE DIAMONDS QUEEN,0.3594,0.0134,0.6272
CLUBS FIVE HEARTS TWO,0.603,0.0306,0.3664
SPADES EIGHT HEARTS ACE,0.3576,0.005,0.6374
DIAMONDS QUEEN CLUBS FOUR,0.3636,0.0124,0.624
HEARTS TWO CLUBS FOUR,0.5896,0.0338,0.3766
CLUBS SEVEN DIAMONDS QUEEN,0.3542,0.0132,0.6326
CLUBS SEVEN HEARTS TWO,0.6184,0.0336,0.348
SPADES EIGHT HEARTS QUEEN,0.339,0.0134,0.6476
CLUBS SIX DIAMONDS QUEEN,0.373,0.0114,0.6156
CLUBS SIX HEARTS TWO,0.6098,0.0304,0.3598
SPADES EIGHT HEARTS KING,0.3662,0.007,0.6268
DIAMONDS QUEEN SPADES SIX,0.3632,0.01,0.6268
HEARTS TWO SPADES SIX,0.6174,0.0314,0.3512
HEARTS FOUR CLUBS QUEEN,0.3574,0.0112,0.6314
DIAMONDS ACE CLUBS QUEEN,0.3138,0.0048,0.6814
DIAMONDS QUEEN SPADES SEVEN,0.3638,0.0114,0.6248
SPADES SEVEN HEARTS TWO,0.62,0.031,0.349
HEARTS FOUR CLUBS KING,0.3596,0.0068,0.6336
DIAMONDS ACE CLUBS KING,0.3332,0.004,0.6628
SPADES EIGHT DIAMONDS QUEEN,0.3466,0.0106,0.6428
SPADES EIGHT HEARTS TWO,0.6178,0.0304,0.3518
HEARTS FOUR CLUBS ACE,0.3442,0.0054,0.6504
DIAMONDS ACE CLUBS ACE,0.133,0.0038,0.8632
SPADES NINE DIAMONDS QUEEN,0.3418,0.0104,0.6478
SPADES NINE HEARTS TWO,0.6238,0.027,0.3492
HEARTS TWO SPADES TWO,0.3952,0.0756,0.5292
DIAMONDS QUEEN SPADES TWO,0.4012,0.012,0.5868
HEARTS TWO SPADES THREE,0.6764,0.0788,0.2448
DIAMONDS QUEEN SPADES THREE,0.2374,0.0512,0.7114
HEARTS TWO SPADES FOUR,0.6054,0.034,0.3606
DIAMONDS QUEEN SPADES FOUR,0.3648,0.0112,0.624
CLUBS TEN HEARTS FOUR,0.2076,0.5168,0.2756
CLUBS TEN DIAMONDS ACE,0.23,0.0262,0.7438
HEARTS TWO SPADES FIVE,0.6028,0.0292,0.368
DIAMONDS QUEEN SPADES FIVE,0.364,0.0122,0.6238
HEARTS FOUR CLUBS JACK,0.3622,0.0176,0.6202
DIAMONDS ACE CLUBS JACK,0.3212,0.0038,0.675
CLUBS FIVE CLUBS KING,0.3452,0.006,0.6488
CLUBS FIVE CLUBS QUEEN,0.3368,0.012,0.6512
CLUBS FIVE CLUBS ACE,0.3384,0.0054,0.6562
CLUBS FIVE CLUBS JACK,0.3318,0.0182,0.65
CLUBS TEN CLUBS FIVE,0.2004,0.4418,0.3578
SPADES KING CLUBS JACK,0.3086,0.0072,0.6842
SPADES QUEEN CLUBS JACK,0.2958,0.0084,0.6958
SPADES ACE CLUBS JACK,0.3134,0.0052,0.6814
SPADES SIX CLUBS KING,0.3704,0.0052,0.6244
SPADES SIX CLUBS QUEEN,0.3594,0.0114,0.6292
SPADES EIGHT HEARTS JACK,0.3408,0.019,0.6402
SPADES SIX CLUBS ACE,0.3694,0.0058,0.6248
SPADES EIGHT HEARTS TEN,0.216,0.2256,0.5584
SPADES SIX CLUBS JACK,0.355,0.0194,0.6256
CLUBS TEN SPADES SIX,0.2232,0.3704,0.4064
SPADES JACK CLUBS JACK,0.1394,0.022,0.8386
SPADES QUEEN CLUBS SEVEN,0.3482,0.0124,0.6394
SPADES KING CLUBS SEVEN,0.3586,0.0062,0.6352
SPADES ACE CLUBS SEVEN,0.3508,0.0048,0.6444
SPADES SIX HEARTS TEN,0.2092,0.3868,0.404
SPADES SIX HEARTS JACK,0.3552,0.016,0.6288
SPADES SIX HEARTS ACE,0.359,0.0052,0.6358
SPADES SIX HEARTS KING,0.351,0.0054,0.6436
SPADES SIX HEARTS QUEEN,0.355,0.0154,0.6296
CLUBS SEVEN SPADES JACK,0.3452,0.0188,0.636
CLUBS TEN HEARTS SIX,0.2154,0.3744,0.4102
HEARTS SIX CLUBS JACK,0.354,0.0182,0.6278
CLUBS ACE CLUBS JACK,0.301,0.0026,0.6964
HEARTS SIX CLUBS QUEEN,0.3578,0.014,0.6282
HEARTS SIX CLUBS KING,0.3562,0.011,0.6328
HEARTS SIX CLUBS ACE,0.3552,0.0042,0.6406
CLUBS QUEEN CLUBS JACK,0.2788,0.0116,0.7096
CLUBS KING CLUBS JACK,0.2922,0.0052,0.7026
DIAMONDS THREE HEARTS ACE,0.2324,0.0246,0.743
DIAMONDS THREE HEARTS QUEEN,0.2394,0.0392,0.7214
DIAMONDS THREE HEARTS KING,0.2346,0.0328,0.7326
CLUBS FIVE HEARTS JACK,0.3678,0.0164,0.6158
CLUBS FIVE HEARTS TEN,0.209,0.464,0.327
HEARTS FOUR SPADES JACK,0.3388,0.0208,0.6404
SPADES JACK DIAMONDS ACE,0.3134,0.0038,0.6828
SPADES ACE HEARTS FOUR,0.3452,0.0062,0.6486
SPADES ACE DIAMONDS ACE,0.126,0.0046,0.8694
CLUBS FIVE HEARTS ACE,0.3474,0.0044,0.6482
CLUBS FIVE HEARTS KING,0.3522,0.007,0.6408
HEARTS FOUR SPADES QUEEN,0.3608,0.014,0.6252
SPADES QUEEN DIAMONDS ACE,0.3188,0.0044,0.6768
SPADES FOUR CLUBS JACK,0.359,0.0172,0.6238
CLUBS FIVE HEARTS QUEEN,0.3448,0.0138,0.6414
SPADES KING DIAMONDS ACE,0.3254,0.0058,0.6688
SPADES KING HEARTS FOUR,0.3562,0.0088,0.635
CLUBS TEN SPADES FOUR,0.222,0.5168,0.2612
DIAMONDS QUEEN DIAMONDS ACE,0.302,0.004,0.694
HEARTS TWO DIAMONDS ACE,0.385,0.0056,0.6094
HEARTS FOUR DIAMONDS QUEEN,0.3516,0.0118,0.6366
HEARTS FOUR HEARTS TWO,0.5614,0.034,0.4046
DIAMONDS THREE HEARTS TEN,0.0108,0.9706,0.0186
SPADES FOUR CLUBS KING,0.3722,0.0068,0.621
HEARTS FIVE DIAMONDS QUEEN,0.356,0.012,0.632
HEARTS FIVE HEARTS TWO,0.5586,0.0322,0.4092
DIAMONDS THREE HEARTS JACK,0.2314,0.0644,0.7042
SPADES FOUR CLUBS QUEEN,0.3588,0.0122,0.629
DIAMONDS QUEEN HEARTS TWO,0.401,0.0094,0.5896
DIAMONDS KING DIAMONDS QUEEN,0.3098,0.0044,0.6858
DIAMONDS KING HEARTS TWO,0.397,0.0086,0.5944
SPADES FOUR CLUBS ACE,0.3582,0.0052,0.6366
HEARTS TWO CLUBS ACE,0.3802,0.0056,0.6142
DIAMONDS QUEEN CLUBS ACE,0.3232,0.0032,0.6736
HEARTS TWO CLUBS QUEEN,0.4072,0.0126,0.5802
DIAMONDS QUEEN CLUBS QUEEN,0.1416,0.0144,0.844
HEARTS TWO CLUBS KING,0.394,0.0074,0.5986
DIAMONDS QUEEN CLUBS KING,0.321,0.009,0.67
SPADES EIGHT SPADES FIVE,0.5358,0.027,0.4372
CLUBS TEN HEARTS TWO,0.2578,0.5334,0.2088
CLUBS TEN DIAMONDS QUEEN,0.2238,0.0484,0.7278
SPADES NINE SPADES FIVE,0.54,0.0274,0.4326
HEARTS TWO CLUBS JACK,0.3972,0.0194,0.5834
DIAMONDS QUEEN CLUBS JACK,0.3102,0.0092,0.6806
SPADES SIX SPADES FIVE,0.5328,0.0304,0.4368
SPADES SEVEN SPADES FIVE,0.5334,0.0266,0.44
DIAMONDS FIVE CLUBS QUEEN,0.3638,0.0086,0.6276
SPADES EIGHT CLUBS ACE,0.36,0.0038,0.6362
DIAMONDS FIVE CLUBS KING,0.3596,0.0058,0.6346
SPADES EIGHT CLUBS KING,0.3724,0.0088,0.6188
CLUBS ACE DIAMONDS FIVE,0.3554,0.0042,0.6404
SPADES EIGHT CLUBS QUEEN,0.3482,0.0086,0.6432
SPADES EIGHT CLUBS JACK,0.3352,0.0176,0.6472
CLUBS TEN SPADES EIGHT,0.218,0.2282,0.5538
CLUBS TEN DIAMONDS FIVE,0.2204,0.4636,0.316
DIAMONDS FIVE CLUBS JACK,0.3784,0.017,0.6046
DIAMONDS TEN HEARTS JACK,0.214,0.0484,0.7376
DIAMONDS TEN HEARTS TEN,0.086,0.0562,0.8578
SPADES ACE CLUBS NINE,0.3744,0.0046,0.621
CLUBS NINE SPADES QUEEN,0.3366,0.0104,0.653
CLUBS NINE SPADES KING,0.3532,0.011,0.6358
