opposingHand,winningChance,drawChance,lostChance
SPADES QUEEN SPADES FIVE
SPADES TEN HEARTS FIVE,0.717,0.053,0.23
SPADES JACK HEARTS FIVE,0.7238,0.0464,0.2298
CLUBS EIGHT CLUBS JACK,0.5618,0.0096,0.4286
CLUBS EIGHT CLUBS TEN,0.5442,0.013,0.4428
CLUBS EIGHT CLUBS KING,0.3908,0.0058,0.6034
CLUBS EIGHT CLUBS QUEEN,0.265,0.2054,0.5296
CLUBS EIGHT CLUBS ACE,0.3852,0.0036,0.6112
DIAMONDS TWO DIAMONDS THREE,0.6268,0.0142,0.359
DIAMONDS TWO DIAMONDS FIVE,0.6624,0.0476,0.29
SPADES KING HEARTS FIVE,0.2644,0.0444,0.6912
DIAMONDS TWO DIAMONDS FOUR,0.6252,0.0138,0.361
DIAMONDS TWO DIAMONDS SEVEN,0.6154,0.0114,0.3732
DIAMONDS TWO DIAMONDS SIX,0.615,0.0132,0.3718
SPADES ACE HEARTS FIVE,0.2604,0.0288,0.7108
DIAMONDS TWO DIAMONDS NINE,0.6092,0.0126,0.3782
DIAMONDS TWO DIAMONDS EIGHT,0.6172,0.0114,0.3714
DIAMONDS THREE DIAMONDS FOUR,0.6082,0.0138,0.378
CLUBS TWO SPADES FOUR,0.6672,0.015,0.3178
DIAMONDS THREE DIAMONDS FIVE,0.6704,0.0446,0.285
CLUBS TWO SPADES TWO,0.4554,0.0306,0.514
CLUBS TWO SPADES THREE,0.6658,0.0146,0.3196
DIAMONDS THREE DIAMONDS EIGHT,0.608,0.013,0.379
SPADES EIGHT CLUBS TWO,0.6434,0.0112,0.3454
DIAMONDS THREE DIAMONDS NINE,0.605,0.0122,0.3828
SPADES NINE CLUBS TWO,0.6522,0.0122,0.3356
DIAMONDS THREE DIAMONDS SIX,0.6056,0.0128,0.3816
CLUBS TWO SPADES SIX,0.6586,0.0136,0.3278
DIAMONDS THREE DIAMONDS SEVEN,0.6162,0.0142,0.3696
SPADES SEVEN CLUBS TWO,0.6582,0.0116,0.3302
CLUBS SIX CLUBS TWO,0.6,0.0104,0.3896
CLUBS SEVEN CLUBS TWO,0.624,0.0116,0.3644
CLUBS FOUR CLUBS TWO,0.6146,0.0162,0.3692
CLUBS FIVE CLUBS TWO,0.6796,0.049,0.2714
CLUBS JACK CLUBS TEN,0.5364,0.0102,0.4534
DIAMONDS FOUR DIAMONDS SIX,0.5854,0.0144,0.4002
CLUBS QUEEN CLUBS TEN,0.2674,0.1048,0.6278
DIAMONDS FOUR DIAMONDS SEVEN,0.591,0.0162,0.3928
CLUBS KING CLUBS TEN,0.3598,0.0078,0.6324
CLUBS ACE CLUBS TEN,0.3656,0.006,0.6284
CLUBS EIGHT CLUBS TWO,0.6192,0.0122,0.3686
DIAMONDS FIVE DIAMONDS FOUR,0.627,0.0504,0.3226
CLUBS NINE CLUBS TWO,0.605,0.0104,0.3846
DIAMONDS NINE DIAMONDS FOUR,0.6198,0.0116,0.3686
DIAMONDS EIGHT DIAMONDS FOUR,0.6124,0.0108,0.3768
CLUBS TWO CLUBS THREE,0.6218,0.0124,0.3658
DIAMONDS NINE DIAMONDS FIVE,0.6696,0.046,0.2844
DIAMONDS TWO CLUBS JACK,0.6612,0.0136,0.3252
DIAMONDS EIGHT DIAMONDS FIVE,0.6656,0.0424,0.292
DIAMONDS TWO CLUBS TEN,0.65,0.012,0.338
DIAMONDS FIVE DIAMONDS SEVEN,0.6512,0.0456,0.3032
DIAMONDS FIVE DIAMONDS SIX,0.6446,0.0456,0.3098
DIAMONDS TWO CLUBS ACE,0.4244,0.0044,0.5712
DIAMONDS TWO CLUBS KING,0.439,0.0096,0.5514
DIAMONDS TWO CLUBS QUEEN,0.36,0.43,0.21
DIAMONDS EIGHT DIAMONDS SIX,0.5472,0.0118,0.441
DIAMONDS NINE DIAMONDS SIX,0.5674,0.012,0.4206
SPADES THREE HEARTS ACE,0.4264,0.0052,0.5684
HEARTS KING SPADES THREE,0.4168,0.009,0.5742
DIAMONDS SEVEN DIAMONDS SIX,0.5636,0.013,0.4234
SPADES THREE HEARTS QUEEN,0.3572,0.442,0.2008
SPADES THREE HEARTS JACK,0.6534,0.0128,0.3338
SPADES THREE HEARTS TEN,0.653,0.014,0.333
DIAMONDS EIGHT DIAMONDS SEVEN,0.5538,0.0128,0.4334
DIAMONDS NINE DIAMONDS SEVEN,0.5684,0.0084,0.4232
DIAMONDS NINE DIAMONDS EIGHT,0.5446,0.0116,0.4438
DIAMONDS KING HEARTS TEN,0.3786,0.0072,0.6142
HEARTS THREE HEARTS TEN,0.6064,0.0138,0.3798
SPADES JACK CLUBS SIX,0.6044,0.0136,0.382
DIAMONDS KING HEARTS JACK,0.3974,0.0054,0.5972
HEARTS THREE HEARTS JACK,0.6002,0.0116,0.3882
CLUBS SIX SPADES TEN,0.611,0.0138,0.3752
DIAMONDS KING HEARTS ACE,0.3688,0.005,0.6262
HEARTS THREE HEARTS ACE,0.3958,0.0052,0.599
SPADES ACE CLUBS SIX,0.3942,0.0044,0.6014
DIAMONDS KING HEARTS QUEEN,0.2794,0.0242,0.6964
HEARTS THREE HEARTS QUEEN,0.3552,0.4002,0.2446
SPADES KING CLUBS SIX,0.3886,0.0062,0.6052
DIAMONDS KING HEARTS KING,0.176,0.0034,0.8206
HEARTS THREE HEARTS KING,0.4154,0.0104,0.5742
SPADES NINE HEARTS TEN,0.5536,0.012,0.4344
SPADES NINE HEARTS JACK,0.582,0.01,0.408
SPADES NINE HEARTS QUEEN,0.2666,0.1622,0.5712
SPADES NINE HEARTS KING,0.3856,0.008,0.6064
SPADES NINE HEARTS ACE,0.3902,0.0042,0.6056
SPADES JACK CLUBS TEN,0.5736,0.0072,0.4192
SPADES TEN CLUBS TEN,0.3132,0.0152,0.6716
SPADES ACE CLUBS TEN,0.3722,0.0056,0.6222
SPADES KING CLUBS TEN,0.3798,0.0056,0.6146
HEARTS THREE SPADES JACK,0.6476,0.0122,0.3402
SPADES JACK DIAMONDS KING,0.3702,0.0074,0.6224
CLUBS EIGHT SPADES TEN,0.5746,0.0084,0.417
CLUBS EIGHT SPADES JACK,0.5918,0.0114,0.3968
HEARTS THREE SPADES TEN,0.6314,0.0132,0.3554
SPADES TEN DIAMONDS KING,0.3756,0.0078,0.6166
SPADES ACE CLUBS EIGHT,0.3902,0.0042,0.6056
HEARTS FIVE CLUBS JACK,0.7238,0.054,0.2222
CLUBS SIX HEARTS ACE,0.406,0.0022,0.5918
HEARTS FIVE CLUBS TEN,0.722,0.0502,0.2278
SPADES THREE CLUBS TEN,0.652,0.0116,0.3364
CLUBS SIX HEARTS QUEEN,0.2728,0.3662,0.361
CLUBS EIGHT SPADES KING,0.3882,0.0088,0.603
SPADES THREE CLUBS JACK,0.6536,0.0112,0.3352
CLUBS SIX HEARTS KING,0.4032,0.0064,0.5904
DIAMONDS TWO HEARTS JACK,0.6454,0.01,0.3446
SPADES THREE CLUBS QUEEN,0.3518,0.4358,0.2124
DIAMONDS TWO HEARTS TEN,0.6388,0.013,0.3482
SPADES THREE CLUBS KING,0.4358,0.0086,0.5556
HEARTS FIVE CLUBS ACE,0.2694,0.031,0.6996
SPADES THREE CLUBS ACE,0.425,0.0044,0.5706
HEARTS FIVE CLUBS KING,0.2742,0.0356,0.6902
HEARTS FIVE CLUBS QUEEN,0.08,0.8966,0.0234
HEARTS THREE CLUBS KING,0.433,0.0096,0.5574
DIAMONDS KING CLUBS KING,0.1878,0.0036,0.8086
HEARTS THREE CLUBS QUEEN,0.3642,0.4234,0.2124
DIAMONDS KING CLUBS QUEEN,0.2946,0.026,0.6794
HEARTS FIVE HEARTS JACK,0.6912,0.04,0.2688
HEARTS FIVE HEARTS TEN,0.6908,0.0414,0.2678
HEARTS THREE CLUBS ACE,0.4242,0.006,0.5698
DIAMONDS KING CLUBS ACE,0.3666,0.0048,0.6286
SPADES ACE CLUBS QUEEN,0.26,0.0158,0.7242
SPADES KING CLUBS QUEEN,0.263,0.0274,0.7096
HEARTS THREE CLUBS JACK,0.6534,0.0112,0.3354
DIAMONDS KING CLUBS JACK,0.3982,0.007,0.5948
HEARTS THREE CLUBS TEN,0.6554,0.0122,0.3324
DIAMONDS KING CLUBS TEN,0.3858,0.0068,0.6074
SPADES JACK CLUBS QUEEN,0.2656,0.0938,0.6406
CLUBS SIX CLUBS QUEEN,0.2536,0.3384,0.408
SPADES TEN CLUBS QUEEN,0.267,0.1192,0.6138
CLUBS SIX CLUBS KING,0.3708,0.0064,0.6228
CLUBS SIX CLUBS ACE,0.3724,0.0042,0.6234
HEARTS FIVE HEARTS KING,0.2658,0.038,0.6962
HEARTS FIVE HEARTS QUEEN,0.0784,0.8536,0.068
CLUBS SIX CLUBS TEN,0.559,0.0122,0.4288
HEARTS FIVE HEARTS ACE,0.261,0.0282,0.7108
CLUBS SIX CLUBS JACK,0.5788,0.009,0.4122
SPADES SEVEN HEARTS JACK,0.6012,0.0114,0.3874
SPADES SEVEN HEARTS TEN,0.596,0.011,0.393
DIAMONDS TWO CLUBS TWO,0.4674,0.0312,0.5014
DIAMONDS TWO CLUBS THREE,0.662,0.0118,0.3262
HEARTS SIX DIAMONDS TWO,0.6522,0.0132,0.3346
DIAMONDS TWO HEARTS QUEEN,0.3678,0.4242,0.208
DIAMONDS TWO HEARTS SEVEN,0.666,0.011,0.323
DIAMONDS TWO HEARTS KING,0.4414,0.0086,0.55
DIAMONDS TWO HEARTS EIGHT,0.6608,0.0126,0.3266
DIAMONDS TWO HEARTS ACE,0.4294,0.005,0.5656
DIAMONDS TWO HEARTS NINE,0.667,0.0098,0.3232
DIAMONDS TWO DIAMONDS QUEEN,0.3344,0.4134,0.2522
DIAMONDS TWO HEARTS TWO,0.4586,0.0318,0.5096
DIAMONDS TWO DIAMONDS KING,0.411,0.0088,0.5802
HEARTS THREE DIAMONDS TWO,0.6698,0.0138,0.3164
DIAMONDS TWO DIAMONDS ACE,0.405,0.0068,0.5882
HEARTS FOUR DIAMONDS TWO,0.6546,0.0124,0.333
DIAMONDS TWO HEARTS FIVE,0.7156,0.0524,0.232
SPADES SEVEN HEARTS ACE,0.4026,0.0054,0.592
DIAMONDS TWO DIAMONDS TEN,0.6112,0.0118,0.377
SPADES SEVEN HEARTS KING,0.3962,0.0082,0.5956
DIAMONDS TWO DIAMONDS JACK,0.6184,0.0122,0.3694
SPADES SEVEN HEARTS QUEEN,0.2618,0.2788,0.4594
DIAMONDS TWO SPADES NINE,0.656,0.0134,0.3306
DIAMONDS TWO SPADES EIGHT,0.6308,0.0154,0.3538
DIAMONDS TWO SPADES SEVEN,0.6566,0.0148,0.3286
DIAMONDS TWO SPADES SIX,0.6326,0.0136,0.3538
DIAMONDS TWO SPADES FOUR,0.6662,0.0112,0.3226
DIAMONDS TWO SPADES THREE,0.6554,0.0182,0.3264
DIAMONDS TWO SPADES TWO,0.461,0.0306,0.5084
CLUBS NINE DIAMONDS TWO,0.6478,0.0126,0.3396
CLUBS EIGHT DIAMONDS TWO,0.646,0.0142,0.3398
DIAMONDS TWO CLUBS SEVEN,0.6766,0.013,0.3104
CLUBS SIX DIAMONDS TWO,0.6528,0.0162,0.331
DIAMONDS TWO CLUBS FIVE,0.7068,0.0482,0.245
DIAMONDS TWO CLUBS FOUR,0.6644,0.0142,0.3214
CLUBS FOUR SPADES FOUR,0.4436,0.0306,0.5258
CLUBS FOUR SPADES THREE,0.6376,0.015,0.3474
CLUBS FOUR SPADES TWO,0.6688,0.0122,0.319
SPADES NINE CLUBS FOUR,0.6476,0.0086,0.3438
CLUBS FOUR SPADES EIGHT,0.6296,0.0118,0.3586
CLUBS FOUR SPADES SEVEN,0.6332,0.0136,0.3532
CLUBS FOUR SPADES SIX,0.6248,0.0144,0.3608
SPADES ACE DIAMONDS SIX,0.386,0.0054,0.6086
SPADES KING DIAMONDS SIX,0.3884,0.007,0.6046
SPADES TEN DIAMONDS SIX,0.604,0.011,0.385
SPADES JACK DIAMONDS SIX,0.6236,0.0136,0.3628
SPADES KING SPADES TWO,0.3892,0.009,0.6018
SPADES ACE SPADES TWO,0.3712,0.0052,0.6236
DIAMONDS JACK CLUBS JACK,0.3334,0.0108,0.6558
DIAMONDS JACK CLUBS TEN,0.5808,0.0084,0.4108
DIAMONDS JACK CLUBS KING,0.3954,0.0068,0.5978
DIAMONDS JACK CLUBS QUEEN,0.287,0.095,0.618
DIAMONDS THREE DIAMONDS JACK,0.6104,0.0118,0.3778
DIAMONDS THREE DIAMONDS TEN,0.622,0.0134,0.3646
DIAMONDS JACK CLUBS ACE,0.3922,0.0032,0.6046
DIAMONDS THREE DIAMONDS KING,0.4066,0.008,0.5854
HEARTS THREE DIAMONDS THREE,0.4514,0.029,0.5196
DIAMONDS THREE DIAMONDS QUEEN,0.3466,0.41,0.2434
DIAMONDS THREE HEARTS TWO,0.6588,0.0136,0.3276
HEARTS FIVE DIAMONDS THREE,0.7048,0.0426,0.2526
DIAMONDS THREE DIAMONDS ACE,0.401,0.0046,0.5944
HEARTS FOUR DIAMONDS THREE,0.6476,0.0128,0.3396
DIAMONDS THREE HEARTS SEVEN,0.6418,0.0112,0.347
SPADES TEN SPADES NINE,0.5522,0.0102,0.4376
HEARTS SIX DIAMONDS THREE,0.6466,0.0132,0.3402
SPADES JACK SPADES NINE,0.5744,0.0104,0.4152
DIAMONDS THREE HEARTS NINE,0.6524,0.015,0.3326
HEARTS JACK DIAMONDS FOUR,0.6652,0.0098,0.325
HEARTS KING HEARTS ACE,0.3476,0.0048,0.6476
SPADES TEN SPADES TWO,0.6322,0.0166,0.3512
DIAMONDS THREE HEARTS EIGHT,0.6602,0.0126,0.3272
HEARTS TEN DIAMONDS FOUR,0.6448,0.0118,0.3434
SPADES JACK SPADES TWO,0.6422,0.0132,0.3446
HEARTS QUEEN DIAMONDS FOUR,0.3544,0.444,0.2016
HEARTS KING DIAMONDS FOUR,0.4238,0.0066,0.5696
SPADES ACE SPADES NINE,0.3602,0.006,0.6338
HEARTS ACE DIAMONDS FOUR,0.4174,0.005,0.5776
SPADES KING SPADES NINE,0.3566,0.0078,0.6356
DIAMONDS THREE SPADES NINE,0.6558,0.0134,0.3308
DIAMONDS THREE SPADES EIGHT,0.6514,0.013,0.3356
DIAMONDS THREE SPADES SEVEN,0.6446,0.0114,0.344
DIAMONDS THREE SPADES SIX,0.6396,0.0166,0.3438
CLUBS SIX DIAMONDS THREE,0.6482,0.0142,0.3376
CLUBS ACE DIAMONDS FOUR,0.4232,0.0074,0.5694
CLUBS SIX CLUBS FIVE,0.6468,0.0428,0.3104
CLUBS SEVEN CLUBS FIVE,0.6544,0.0474,0.2982
CLUBS SEVEN DIAMONDS THREE,0.6518,0.012,0.3362
DIAMONDS THREE CLUBS FOUR,0.6564,0.014,0.3296
CLUBS QUEEN DIAMONDS FOUR,0.3596,0.4266,0.2138
DIAMONDS THREE CLUBS FIVE,0.7,0.0484,0.2516
CLUBS KING DIAMONDS FOUR,0.435,0.0072,0.5578
DIAMONDS THREE CLUBS TWO,0.6696,0.0126,0.3178
DIAMONDS FOUR CLUBS TEN,0.6604,0.012,0.3276
DIAMONDS THREE CLUBS THREE,0.4624,0.0278,0.5098
DIAMONDS FOUR CLUBS JACK,0.6566,0.0116,0.3318
DIAMONDS THREE SPADES FOUR,0.6416,0.0172,0.3412
DIAMONDS THREE SPADES TWO,0.6668,0.0164,0.3168
DIAMONDS THREE SPADES THREE,0.4478,0.0342,0.518
CLUBS EIGHT DIAMONDS THREE,0.6572,0.0112,0.3316
CLUBS NINE DIAMONDS THREE,0.6494,0.0084,0.3422
SPADES SEVEN CLUBS ACE,0.399,0.0052,0.5958
SPADES SEVEN CLUBS QUEEN,0.2698,0.292,0.4382
SPADES SEVEN CLUBS KING,0.3886,0.007,0.6044
CLUBS FIVE SPADES SEVEN,0.6918,0.0458,0.2624
SPADES SEVEN CLUBS TEN,0.5904,0.0142,0.3954
CLUBS FIVE SPADES SIX,0.6788,0.043,0.2782
SPADES SEVEN CLUBS JACK,0.6082,0.0104,0.3814
SPADES NINE CLUBS FIVE,0.716,0.042,0.242
SPADES EIGHT CLUBS FIVE,0.6962,0.0438,0.26
CLUBS FIVE SPADES THREE,0.6878,0.0522,0.26
CLUBS FIVE SPADES TWO,0.7062,0.0522,0.2416
CLUBS FIVE SPADES FOUR,0.6636,0.055,0.2814
CLUBS NINE CLUBS FIVE,0.68,0.0426,0.2774
CLUBS EIGHT CLUBS FIVE,0.6578,0.0456,0.2966
CLUBS ACE CLUBS QUEEN,0.2648,0.0182,0.717
CLUBS KING CLUBS QUEEN,0.26,0.0294,0.7106
DIAMONDS TEN DIAMONDS FOUR,0.6202,0.0124,0.3674
DIAMONDS NINE CLUBS TEN,0.5654,0.0122,0.4224
DIAMONDS JACK DIAMONDS FOUR,0.6032,0.0152,0.3816
DIAMONDS NINE CLUBS JACK,0.5818,0.0108,0.4074
SPADES NINE CLUBS JACK,0.559,0.0104,0.4306
SPADES NINE CLUBS TEN,0.5742,0.0092,0.4166
DIAMONDS ACE DIAMONDS FOUR,0.3982,0.0038,0.598
HEARTS FOUR DIAMONDS FOUR,0.446,0.0328,0.5212
DIAMONDS JACK HEARTS TEN,0.5736,0.0086,0.4178
SPADES NINE CLUBS KING,0.391,0.0072,0.6018
DIAMONDS TWO SPADES TEN,0.6602,0.0112,0.3286
DIAMONDS NINE CLUBS ACE,0.4128,0.0048,0.5824
HEARTS FIVE DIAMONDS FOUR,0.6728,0.0454,0.2818
HEARTS JACK DIAMONDS JACK,0.3154,0.0098,0.6748
SPADES NINE CLUBS QUEEN,0.265,0.1528,0.5822
SPADES JACK DIAMONDS TWO,0.6498,0.013,0.3372
DIAMONDS QUEEN DIAMONDS FOUR,0.3316,0.4144,0.254
HEARTS TWO DIAMONDS FOUR,0.6582,0.0152,0.3266
DIAMONDS NINE CLUBS QUEEN,0.2854,0.1592,0.5554
DIAMONDS KING DIAMONDS FOUR,0.3958,0.008,0.5962
HEARTS THREE DIAMONDS FOUR,0.6554,0.0126,0.332
SPADES NINE CLUBS ACE,0.3934,0.004,0.6026
DIAMONDS NINE CLUBS KING,0.389,0.0088,0.6022
HEARTS ACE DIAMONDS JACK,0.3904,0.0052,0.6044
SPADES ACE DIAMONDS TWO,0.4058,0.0046,0.5896
DIAMONDS JACK HEARTS QUEEN,0.2944,0.085,0.6206
HEARTS KING DIAMONDS JACK,0.3834,0.0048,0.6118
SPADES KING DIAMONDS TWO,0.413,0.0092,0.5778
SPADES JACK SPADES SEVEN,0.5988,0.0096,0.3916
SPADES TEN SPADES SEVEN,0.5928,0.0142,0.393
CLUBS SEVEN CLUBS THREE,0.6132,0.0142,0.3726
CLUBS SIX CLUBS THREE,0.6056,0.0134,0.381
CLUBS FIVE CLUBS THREE,0.6634,0.0442,0.2924
CLUBS FOUR CLUBS THREE,0.6148,0.0142,0.371
CLUBS NINE CLUBS THREE,0.608,0.0186,0.3734
CLUBS EIGHT CLUBS THREE,0.6106,0.0106,0.3788
CLUBS THREE SPADES FOUR,0.645,0.0158,0.3392
CLUBS THREE SPADES THREE,0.4526,0.027,0.5204
CLUBS THREE SPADES TWO,0.668,0.011,0.321
SPADES SIX CLUBS THREE,0.6262,0.0156,0.3582
SPADES SEVEN CLUBS THREE,0.6502,0.0112,0.3386
SPADES EIGHT CLUBS THREE,0.6586,0.015,0.3264
SPADES NINE CLUBS THREE,0.6408,0.0136,0.3456
SPADES TWO DIAMONDS FOUR,0.6678,0.0144,0.3178
SPADES THREE DIAMONDS FOUR,0.6488,0.0174,0.3338
SPADES FOUR DIAMONDS FOUR,0.45,0.0318,0.5182
SPADES SIX DIAMONDS FOUR,0.627,0.0128,0.3602
SPADES SEVEN DIAMONDS FOUR,0.634,0.0154,0.3506
SPADES EIGHT DIAMONDS FOUR,0.6432,0.0132,0.3436
SPADES NINE DIAMONDS FOUR,0.6606,0.0104,0.329
CLUBS FIVE DIAMONDS FOUR,0.679,0.0534,0.2676
CLUBS FOUR DIAMONDS FOUR,0.452,0.0306,0.5174
CLUBS SEVEN DIAMONDS FOUR,0.6324,0.0082,0.3594
CLUBS SIX DIAMONDS FOUR,0.6258,0.012,0.3622
CLUBS NINE DIAMONDS FOUR,0.6614,0.0156,0.323
CLUBS EIGHT DIAMONDS FOUR,0.6356,0.0118,0.3526
DIAMONDS FOUR HEARTS SEVEN,0.6382,0.0078,0.354
HEARTS SIX DIAMONDS FOUR,0.6252,0.0148,0.36
HEARTS NINE DIAMONDS FOUR,0.6586,0.012,0.3294
DIAMONDS FOUR HEARTS EIGHT,0.6396,0.011,0.3494
CLUBS THREE DIAMONDS FOUR,0.642,0.014,0.344
CLUBS TWO DIAMONDS FOUR,0.657,0.0136,0.3294
DIAMONDS TEN DIAMONDS FIVE,0.69,0.0446,0.2654
DIAMONDS JACK DIAMONDS FIVE,0.6836,0.0476,0.2688
DIAMONDS NINE HEARTS QUEEN,0.2728,0.162,0.5652
HEARTS KING DIAMONDS NINE,0.3864,0.007,0.6066
DIAMONDS NINE HEARTS ACE,0.4052,0.0034,0.5914
DIAMONDS NINE HEARTS TEN,0.5732,0.0142,0.4126
DIAMONDS NINE HEARTS JACK,0.5888,0.0114,0.3998
CLUBS KING DIAMONDS SIX,0.403,0.0056,0.5914
CLUBS QUEEN DIAMONDS SIX,0.2582,0.3654,0.3764
CLUBS ACE DIAMONDS SIX,0.3944,0.0054,0.6002
SPADES KING DIAMONDS FOUR,0.4172,0.0102,0.5726
SPADES ACE SPADES SEVEN,0.3542,0.0056,0.6402
CLUBS JACK DIAMONDS SIX,0.6286,0.0108,0.3606
SPADES KING SPADES SEVEN,0.3552,0.0094,0.6354
SPADES ACE DIAMONDS FOUR,0.4102,0.0066,0.5832
CLUBS TEN DIAMONDS SIX,0.6246,0.007,0.3684
CLUBS NINE CLUBS FOUR,0.6178,0.0122,0.37
CLUBS EIGHT CLUBS FOUR,0.6028,0.0136,0.3836
SPADES JACK DIAMONDS FOUR,0.6554,0.011,0.3336
SPADES TEN DIAMONDS FOUR,0.6646,0.0122,0.3232
CLUBS FOUR CLUBS FIVE,0.653,0.0446,0.3024
CLUBS SEVEN CLUBS FOUR,0.5894,0.0118,0.3988
CLUBS SIX CLUBS FOUR,0.5912,0.0114,0.3974
CLUBS SEVEN SPADES EIGHT,0.5796,0.0102,0.4102
CLUBS SEVEN SPADES NINE,0.5822,0.0132,0.4046
CLUBS SEVEN SPADES SIX,0.599,0.013,0.388
CLUBS SEVEN SPADES SEVEN,0.3584,0.024,0.6176
CLUBS SEVEN SPADES FOUR,0.6402,0.0114,0.3484
CLUBS SEVEN SPADES THREE,0.6422,0.0132,0.3446
CLUBS SEVEN SPADES TWO,0.6614,0.0154,0.3232
CLUBS NINE CLUBS SEVEN,0.5536,0.0088,0.4376
CLUBS EIGHT CLUBS SEVEN,0.55,0.0134,0.4366
HEARTS SIX DIAMONDS FIVE,0.6964,0.039,0.2646
DIAMONDS FIVE HEARTS SEVEN,0.706,0.049,0.245
DIAMONDS FIVE HEARTS EIGHT,0.6956,0.045,0.2594
HEARTS NINE DIAMONDS FIVE,0.7138,0.0466,0.2396
DIAMONDS QUEEN DIAMONDS FIVE,0.0706,0.8628,0.0666
HEARTS TWO DIAMONDS FIVE,0.71,0.0492,0.2408
HEARTS KING HEARTS EIGHT,0.391,0.0072,0.6018
DIAMONDS KING DIAMONDS FIVE,0.2618,0.039,0.6992
HEARTS THREE DIAMONDS FIVE,0.699,0.0502,0.2508
HEARTS QUEEN HEARTS EIGHT,0.2584,0.2002,0.5414
DIAMONDS ACE DIAMONDS FIVE,0.2648,0.029,0.7062
HEARTS FOUR DIAMONDS FIVE,0.674,0.051,0.275
HEARTS FIVE DIAMONDS FIVE,0.339,0.0328,0.6282
HEARTS ACE HEARTS EIGHT,0.3762,0.0058,0.618
CLUBS FOUR DIAMONDS FIVE,0.6782,0.051,0.2708
CLUBS FIVE DIAMONDS FIVE,0.3228,0.0396,0.6376
CLUBS SIX DIAMONDS FIVE,0.6836,0.0458,0.2706
CLUBS SEVEN DIAMONDS FIVE,0.6886,0.0476,0.2638
CLUBS TWO DIAMONDS FIVE,0.7132,0.0486,0.2382
CLUBS THREE DIAMONDS FIVE,0.6932,0.049,0.2578
SPADES THREE DIAMONDS FIVE,0.6778,0.0536,0.2686
SPADES TWO DIAMONDS FIVE,0.6976,0.0542,0.2482
SPADES JACK DIAMONDS EIGHT,0.5872,0.0112,0.4016
HEARTS JACK CLUBS TEN,0.5732,0.0104,0.4164
SPADES TEN DIAMONDS EIGHT,0.5968,0.0118,0.3914
SPADES FOUR DIAMONDS FIVE,0.6742,0.05,0.2758
HEARTS JACK CLUBS JACK,0.3292,0.0104,0.6604
HEARTS JACK CLUBS QUEEN,0.2852,0.09,0.6248
CLUBS NINE DIAMONDS FIVE,0.6988,0.0458,0.2554
HEARTS JACK CLUBS KING,0.3722,0.0096,0.6182
CLUBS EIGHT DIAMONDS FIVE,0.7058,0.041,0.2532
HEARTS JACK CLUBS ACE,0.3904,0.0044,0.6052
SPADES SEVEN DIAMONDS FIVE,0.6838,0.0476,0.2686
SPADES KING DIAMONDS EIGHT,0.387,0.0076,0.6054
SPADES SIX DIAMONDS FIVE,0.687,0.0448,0.2682
SPADES NINE DIAMONDS FIVE,0.7052,0.055,0.2398
SPADES EIGHT DIAMONDS FIVE,0.6934,0.0472,0.2594
SPADES ACE DIAMONDS EIGHT,0.3826,0.006,0.6114
DIAMONDS TEN DIAMONDS SIX,0.5672,0.0096,0.4232
HEARTS ACE DIAMONDS SEVEN,0.4194,0.0032,0.5774
DIAMONDS JACK DIAMONDS SIX,0.592,0.0098,0.3982
HEARTS QUEEN DIAMONDS SEVEN,0.2886,0.2734,0.438
HEARTS KING DIAMONDS SEVEN,0.4008,0.0064,0.5928
DIAMONDS ACE DIAMONDS SIX,0.3882,0.006,0.6058
HEARTS FOUR DIAMONDS SIX,0.6158,0.0144,0.3698
SPADES TWO HEARTS JACK,0.6558,0.0106,0.3336
HEARTS FIVE DIAMONDS SIX,0.6842,0.042,0.2738
SPADES TWO HEARTS TEN,0.6478,0.013,0.3392
DIAMONDS QUEEN DIAMONDS SIX,0.2628,0.3386,0.3986
HEARTS TWO DIAMONDS SIX,0.6556,0.0152,0.3292
DIAMONDS KING DIAMONDS SIX,0.3904,0.0056,0.604
HEARTS THREE DIAMONDS SIX,0.6414,0.0154,0.3432
HEARTS EIGHT DIAMONDS SIX,0.6054,0.0106,0.384
HEARTS NINE DIAMONDS SIX,0.5902,0.0118,0.398
HEARTS SIX DIAMONDS SIX,0.3524,0.029,0.6186
HEARTS SEVEN DIAMONDS SIX,0.5846,0.012,0.4034
HEARTS TEN DIAMONDS SEVEN,0.5976,0.0076,0.3948
CLUBS TWO DIAMONDS SIX,0.6472,0.0132,0.3396
HEARTS JACK DIAMONDS SEVEN,0.6006,0.0116,0.3878
CLUBS THREE DIAMONDS SIX,0.6298,0.0152,0.355
DIAMONDS EIGHT CLUBS JACK,0.6002,0.0094,0.3904
CLUBS SEVEN DIAMONDS SIX,0.5972,0.0096,0.3932
CLUBS SIX DIAMONDS SIX,0.3616,0.0268,0.6116
DIAMONDS EIGHT CLUBS TEN,0.5708,0.0094,0.4198
CLUBS FIVE DIAMONDS SIX,0.6948,0.046,0.2592
CLUBS FOUR DIAMONDS SIX,0.6216,0.0108,0.3676
HEARTS ACE HEARTS JACK,0.373,0.005,0.622
DIAMONDS EIGHT CLUBS ACE,0.4042,0.004,0.5918
HEARTS JACK HEARTS QUEEN,0.2694,0.0868,0.6438
DIAMONDS EIGHT CLUBS KING,0.4034,0.0066,0.59
CLUBS NINE DIAMONDS SIX,0.6032,0.011,0.3858
HEARTS KING HEARTS JACK,0.3924,0.0074,0.6002
DIAMONDS EIGHT CLUBS QUEEN,0.2714,0.2116,0.517
CLUBS EIGHT DIAMONDS SIX,0.6032,0.0098,0.387
SPADES TEN HEARTS KING,0.3816,0.0082,0.6102
HEARTS ACE SPADES TWO,0.4256,0.0066,0.5678
SPADES JACK HEARTS KING,0.364,0.0074,0.6286
SPADES FOUR DIAMONDS SIX,0.6062,0.0128,0.381
SPADES THREE DIAMONDS SIX,0.6264,0.015,0.3586
SPADES TWO HEARTS QUEEN,0.3464,0.4478,0.2058
SPADES ACE SPADES KING,0.3036,0.0054,0.691
HEARTS KING SPADES TWO,0.427,0.0086,0.5644
SPADES TWO DIAMONDS SIX,0.6454,0.0136,0.341
HEARTS TEN HEARTS EIGHT,0.5546,0.0112,0.4342
SPADES NINE DIAMONDS SIX,0.597,0.012,0.391
HEARTS JACK HEARTS EIGHT,0.5542,0.0112,0.4346
SPADES EIGHT DIAMONDS SIX,0.5926,0.013,0.3944
SPADES SEVEN DIAMONDS SIX,0.578,0.0118,0.4102
SPADES SIX DIAMONDS SIX,0.3474,0.0328,0.6198
SPADES KING HEARTS KING,0.172,0.0034,0.8246
CLUBS ACE CLUBS KING,0.3548,0.0036,0.6416
SPADES ACE HEARTS KING,0.343,0.0052,0.6518
SPADES ACE HEARTS JACK,0.3784,0.0056,0.616
SPADES KING HEARTS JACK,0.374,0.0074,0.6186
SPADES TEN DIAMONDS TEN,0.3188,0.0158,0.6654
SPADES JACK DIAMONDS TEN,0.5676,0.007,0.4254
SPADES ACE DIAMONDS TEN,0.3814,0.005,0.6136
SPADES JACK HEARTS JACK,0.3138,0.0118,0.6744
SPADES TEN HEARTS JACK,0.549,0.011,0.44
SPADES KING DIAMONDS TEN,0.3646,0.0062,0.6292
SPADES NINE DIAMONDS SEVEN,0.5918,0.01,0.3982
SPADES EIGHT DIAMONDS SEVEN,0.586,0.0124,0.4016
SPADES SEVEN DIAMONDS SEVEN,0.3556,0.0262,0.6182
SPADES SIX DIAMONDS SEVEN,0.5916,0.0126,0.3958
DIAMONDS KING DIAMONDS SEVEN,0.3946,0.01,0.5954
HEARTS THREE DIAMONDS SEVEN,0.66,0.0114,0.3286
HEARTS KING DIAMONDS FIVE,0.2826,0.0412,0.6762
DIAMONDS QUEEN DIAMONDS SEVEN,0.261,0.2698,0.4692
HEARTS TWO DIAMONDS SEVEN,0.6558,0.0128,0.3314
HEARTS QUEEN DIAMONDS FIVE,0.078,0.8996,0.0224
HEARTS FIVE DIAMONDS SEVEN,0.6896,0.0406,0.2698
DIAMONDS ACE DIAMONDS SEVEN,0.3664,0.0048,0.6288
HEARTS FOUR DIAMONDS SEVEN,0.6408,0.0142,0.345
HEARTS ACE DIAMONDS FIVE,0.2916,0.0286,0.6798
HEARTS SEVEN DIAMONDS SEVEN,0.355,0.0236,0.6214
HEARTS SIX DIAMONDS SEVEN,0.5854,0.0118,0.4028
HEARTS NINE DIAMONDS SEVEN,0.5808,0.0118,0.4074
DIAMONDS SEVEN HEARTS EIGHT,0.5962,0.0092,0.3946
DIAMONDS JACK DIAMONDS SEVEN,0.569,0.0092,0.4218
HEARTS JACK DIAMONDS FIVE,0.7282,0.0454,0.2264
DIAMONDS TEN DIAMONDS SEVEN,0.5552,0.0106,0.4342
DIAMONDS FIVE HEARTS TEN,0.726,0.048,0.226
SPADES KING CLUBS TWO,0.426,0.01,0.564
HEARTS KING CLUBS KING,0.1836,0.0032,0.8132
CLUBS EIGHT DIAMONDS SEVEN,0.5882,0.012,0.3998
HEARTS KING CLUBS QUEEN,0.2896,0.0218,0.6886
CLUBS NINE DIAMONDS SEVEN,0.5978,0.0084,0.3938
SPADES TWO CLUBS JACK,0.6422,0.0122,0.3456
SPADES ACE CLUBS TWO,0.4112,0.0052,0.5836
SPADES TWO CLUBS TEN,0.6412,0.0138,0.345
HEARTS KING CLUBS ACE,0.3726,0.0042,0.6232
CLUBS SIX CLUBS SEVEN,0.5588,0.012,0.4292
SPADES TWO CLUBS KING,0.4348,0.0088,0.5564
SPADES TWO DIAMONDS SEVEN,0.6434,0.0124,0.3442
CLUBS EIGHT CLUBS SIX,0.5618,0.0146,0.4236
SPADES THREE DIAMONDS SEVEN,0.6526,0.0138,0.3336
SPADES TWO CLUBS QUEEN,0.3524,0.4322,0.2154
CLUBS NINE CLUBS SIX,0.5628,0.0102,0.427
SPADES FOUR DIAMONDS SEVEN,0.6288,0.0116,0.3596
HEARTS KING CLUBS JACK,0.387,0.0062,0.6068
SPADES TWO CLUBS ACE,0.4224,0.0068,0.5708
HEARTS KING CLUBS TEN,0.3926,0.0076,0.5998
CLUBS SIX SPADES TWO,0.6588,0.01,0.3312
CLUBS SIX SPADES THREE,0.629,0.013,0.358
CLUBS TWO DIAMONDS SEVEN,0.6556,0.0138,0.3306
CLUBS SIX SPADES FOUR,0.6106,0.014,0.3754
CLUBS THREE DIAMONDS SEVEN,0.6438,0.011,0.3452
CLUBS FOUR DIAMONDS SEVEN,0.6338,0.015,0.3512
CLUBS SIX SPADES SIX,0.3608,0.022,0.6172
CLUBS FIVE DIAMONDS SEVEN,0.7012,0.042,0.2568
CLUBS SIX SPADES SEVEN,0.584,0.0142,0.4018
CLUBS SIX DIAMONDS SEVEN,0.5962,0.0102,0.3936
CLUBS SIX SPADES EIGHT,0.6058,0.0094,0.3848
SPADES JACK CLUBS TWO,0.6428,0.0126,0.3446
CLUBS SIX SPADES NINE,0.6,0.0132,0.3868
SPADES TEN CLUBS TWO,0.6264,0.0136,0.36
CLUBS SEVEN DIAMONDS SEVEN,0.3538,0.0266,0.6196
CLUBS TWO CLUBS QUEEN,0.3386,0.4098,0.2516
CLUBS TWO CLUBS KING,0.4092,0.0088,0.582
CLUBS THREE DIAMONDS EIGHT,0.6606,0.0122,0.3272
CLUBS TWO CLUBS ACE,0.4112,0.0042,0.5846
CLUBS TWO DIAMONDS EIGHT,0.6626,0.0124,0.325
DIAMONDS EIGHT HEARTS SEVEN,0.578,0.01,0.412
HEARTS SIX DIAMONDS EIGHT,0.5884,0.0128,0.3988
DIAMONDS EIGHT HEARTS NINE,0.5816,0.0108,0.4076
CLUBS TWO CLUBS TEN,0.6128,0.0134,0.3738
DIAMONDS EIGHT HEARTS EIGHT,0.3522,0.022,0.6258
CLUBS TWO CLUBS JACK,0.6152,0.011,0.3738
CLUBS NINE DIAMONDS EIGHT,0.577,0.0126,0.4104
CLUBS EIGHT DIAMONDS EIGHT,0.3528,0.025,0.6222
CLUBS FIVE DIAMONDS EIGHT,0.7036,0.042,0.2544
SPADES ACE SPADES THREE,0.359,0.0066,0.6344
CLUBS FOUR DIAMONDS EIGHT,0.6416,0.0146,0.3438
CLUBS SEVEN DIAMONDS EIGHT,0.5848,0.0098,0.4054
CLUBS SIX DIAMONDS EIGHT,0.5946,0.0136,0.3918
SPADES KING SPADES THREE,0.3778,0.0112,0.611
DIAMONDS QUEEN DIAMONDS EIGHT,0.2746,0.2042,0.5212
HEARTS TWO DIAMONDS EIGHT,0.665,0.012,0.323
DIAMONDS KING DIAMONDS EIGHT,0.376,0.0088,0.6152
HEARTS THREE DIAMONDS EIGHT,0.6558,0.0112,0.333
DIAMONDS ACE DIAMONDS EIGHT,0.3748,0.0038,0.6214
HEARTS FOUR DIAMONDS EIGHT,0.6418,0.0112,0.347
HEARTS FIVE DIAMONDS EIGHT,0.7,0.0448,0.2552
DIAMONDS EIGHT DIAMONDS TEN,0.5464,0.011,0.4426
DIAMONDS EIGHT DIAMONDS JACK,0.5666,0.0098,0.4236
SPADES JACK SPADES THREE,0.6464,0.014,0.3396
SPADES TEN SPADES THREE,0.63,0.0142,0.3558
CLUBS FOUR HEARTS ACE,0.4178,0.0044,0.5778
CLUBS FOUR HEARTS QUEEN,0.3592,0.435,0.2058
CLUBS FOUR HEARTS KING,0.4208,0.0044,0.5748
CLUBS SIX HEARTS TEN,0.6208,0.0092,0.37
CLUBS SIX HEARTS JACK,0.6304,0.0086,0.361
SPADES FOUR DIAMONDS EIGHT,0.6332,0.0158,0.351
DIAMONDS EIGHT SPADES TWO,0.6562,0.0102,0.3336
SPADES THREE DIAMONDS EIGHT,0.6532,0.012,0.3348
CLUBS FOUR HEARTS JACK,0.6416,0.011,0.3474
SPADES EIGHT DIAMONDS EIGHT,0.3506,0.0194,0.63
SPADES JACK HEARTS EIGHT,0.6002,0.0106,0.3892
SPADES TEN HEARTS TWO,0.6474,0.0124,0.3402
SPADES TEN DIAMONDS QUEEN,0.2658,0.1146,0.6196
CLUBS FOUR HEARTS TEN,0.6482,0.013,0.3388
SPADES NINE DIAMONDS EIGHT,0.566,0.0114,0.4226
SPADES JACK HEARTS TWO,0.6418,0.0152,0.343
SPADES JACK DIAMONDS QUEEN,0.281,0.0886,0.6304
SPADES TEN HEARTS EIGHT,0.5588,0.0128,0.4284
SPADES SIX DIAMONDS EIGHT,0.5744,0.014,0.4116
SPADES SEVEN DIAMONDS EIGHT,0.5798,0.0114,0.4088
SPADES ACE HEARTS TWO,0.415,0.0048,0.5802
SPADES ACE DIAMONDS QUEEN,0.2582,0.0152,0.7266
SPADES ACE HEARTS EIGHT,0.4004,0.0026,0.597
SPADES KING HEARTS EIGHT,0.4126,0.0064,0.581
SPADES KING DIAMONDS QUEEN,0.2602,0.0304,0.7094
SPADES KING HEARTS TWO,0.4156,0.0102,0.5742
CLUBS TWO HEARTS TEN,0.6564,0.0114,0.3322
CLUBS TWO HEARTS JACK,0.6472,0.012,0.3408
SPADES SEVEN DIAMONDS NINE,0.5888,0.0128,0.3984
SPADES SIX DIAMONDS NINE,0.5962,0.0124,0.3914
SPADES NINE DIAMONDS NINE,0.3286,0.02,0.6514
SPADES EIGHT DIAMONDS NINE,0.5678,0.013,0.4192
SPADES TEN CLUBS KING,0.368,0.0092,0.6228
DIAMONDS NINE SPADES THREE,0.6446,0.0146,0.3408
SPADES JACK CLUBS KING,0.3736,0.0072,0.6192
DIAMONDS NINE SPADES TWO,0.6318,0.0104,0.3578
SPADES FOUR DIAMONDS NINE,0.6442,0.0132,0.3426
CLUBS NINE DIAMONDS NINE,0.3432,0.0172,0.6396
CLUBS EIGHT DIAMONDS NINE,0.5786,0.0094,0.412
CLUBS SIX DIAMONDS NINE,0.6062,0.012,0.3818
SPADES JACK CLUBS FOUR,0.661,0.0114,0.3276
SPADES TEN CLUBS FOUR,0.6438,0.0136,0.3426
CLUBS SEVEN DIAMONDS NINE,0.5908,0.011,0.3982
CLUBS FOUR DIAMONDS NINE,0.6506,0.0124,0.337
CLUBS FIVE DIAMONDS NINE,0.7242,0.0468,0.229
CLUBS TWO DIAMONDS NINE,0.6522,0.0106,0.3372
CLUBS THREE DIAMONDS NINE,0.658,0.012,0.33
DIAMONDS NINE HEARTS EIGHT,0.5698,0.0098,0.4204
DIAMONDS NINE HEARTS NINE,0.3592,0.019,0.6218
HEARTS SIX DIAMONDS NINE,0.6036,0.0108,0.3856
DIAMONDS NINE HEARTS SEVEN,0.6004,0.0104,0.3892
CLUBS EIGHT CLUBS NINE,0.544,0.0122,0.4438
DIAMONDS ACE DIAMONDS NINE,0.3684,0.0028,0.6288
HEARTS FOUR DIAMONDS NINE,0.6562,0.013,0.3308
HEARTS FIVE DIAMONDS NINE,0.7108,0.0462,0.243
CLUBS TWO HEARTS ACE,0.4184,0.007,0.5746
SPADES ACE CLUBS FOUR,0.4114,0.0036,0.585
DIAMONDS QUEEN DIAMONDS NINE,0.2718,0.1562,0.572
HEARTS TWO DIAMONDS NINE,0.6598,0.0118,0.3284
CLUBS TWO HEARTS KING,0.43,0.009,0.561
SPADES KING CLUBS FOUR,0.4212,0.0072,0.5716
DIAMONDS KING DIAMONDS NINE,0.376,0.0076,0.6164
HEARTS THREE DIAMONDS NINE,0.639,0.014,0.347
CLUBS TWO HEARTS QUEEN,0.3646,0.4378,0.1976
DIAMONDS NINE DIAMONDS JACK,0.5546,0.0096,0.4358
CLUBS EIGHT SPADES NINE,0.5692,0.0128,0.418
DIAMONDS NINE DIAMONDS TEN,0.5336,0.0118,0.4546
CLUBS EIGHT SPADES EIGHT,0.3404,0.0228,0.6368
CLUBS EIGHT SPADES SEVEN,0.5854,0.0102,0.4044
CLUBS EIGHT SPADES SIX,0.5968,0.0136,0.3896
CLUBS EIGHT SPADES FOUR,0.6446,0.0132,0.3422
CLUBS EIGHT SPADES THREE,0.656,0.0134,0.3306
CLUBS EIGHT SPADES TWO,0.6572,0.0134,0.3294
HEARTS SIX DIAMONDS TEN,0.6264,0.0118,0.3618
DIAMONDS TEN HEARTS SEVEN,0.5968,0.01,0.3932
DIAMONDS TEN HEARTS EIGHT,0.5806,0.0116,0.4078
CLUBS FOUR CLUBS JACK,0.6152,0.0112,0.3736
DIAMONDS TEN HEARTS NINE,0.5682,0.0098,0.422
CLUBS FOUR CLUBS TEN,0.6226,0.0112,0.3662
CLUBS FOUR CLUBS KING,0.3986,0.008,0.5934
CLUBS FOUR CLUBS QUEEN,0.33,0.4208,0.2492
CLUBS TWO DIAMONDS TEN,0.6424,0.0146,0.343
CLUBS THREE DIAMONDS TEN,0.6554,0.012,0.3326
CLUBS FOUR CLUBS ACE,0.4018,0.005,0.5932
DIAMONDS JACK DIAMONDS TEN,0.543,0.008,0.449
DIAMONDS QUEEN DIAMONDS TEN,0.2622,0.1074,0.6304
HEARTS TWO DIAMONDS TEN,0.6556,0.0122,0.3322
DIAMONDS KING DIAMONDS TEN,0.3746,0.0054,0.62
HEARTS THREE DIAMONDS TEN,0.6406,0.0122,0.3472
DIAMONDS ACE DIAMONDS TEN,0.361,0.0062,0.6328
HEARTS FOUR DIAMONDS TEN,0.6498,0.0098,0.3404
CLUBS EIGHT HEARTS JACK,0.577,0.0106,0.4124
HEARTS FIVE DIAMONDS TEN,0.7274,0.0444,0.2282
CLUBS EIGHT HEARTS TEN,0.5798,0.0104,0.4098
CLUBS EIGHT HEARTS QUEEN,0.2862,0.2074,0.5064
CLUBS EIGHT HEARTS KING,0.4046,0.007,0.5884
CLUBS EIGHT HEARTS ACE,0.4108,0.0042,0.585
CLUBS NINE SPADES THREE,0.642,0.013,0.345
CLUBS NINE SPADES TWO,0.6452,0.0134,0.3414
CLUBS NINE SPADES FOUR,0.642,0.0136,0.3444
CLUBS NINE SPADES SEVEN,0.58,0.0128,0.4072
CLUBS NINE SPADES SIX,0.5916,0.0126,0.3958
CLUBS NINE SPADES NINE,0.3406,0.0166,0.6428
CLUBS TEN HEARTS EIGHT,0.5862,0.0106,0.4032
CLUBS NINE SPADES EIGHT,0.5718,0.0124,0.4158
CLUBS JACK HEARTS EIGHT,0.5908,0.009,0.4002
CLUBS QUEEN HEARTS EIGHT,0.275,0.2184,0.5066
CLUBS KING HEARTS EIGHT,0.4008,0.0072,0.592
CLUBS ACE HEARTS EIGHT,0.4018,0.0036,0.5946
SPADES KING CLUBS KING,0.1698,0.005,0.8252
SPADES ACE CLUBS KING,0.3564,0.0056,0.638
DIAMONDS ACE HEARTS TEN,0.3846,0.0044,0.611
HEARTS FOUR HEARTS TEN,0.6028,0.0116,0.3856
DIAMONDS ACE HEARTS JACK,0.3912,0.0034,0.6054
HEARTS FOUR HEARTS JACK,0.6104,0.0122,0.3774
SPADES KING CLUBS FIVE,0.2712,0.0416,0.6872
SPADES ACE CLUBS FIVE,0.2498,0.0306,0.7196
DIAMONDS JACK HEARTS SEVEN,0.6154,0.0124,0.3722
HEARTS SIX DIAMONDS JACK,0.628,0.008,0.364
DIAMONDS JACK HEARTS NINE,0.5854,0.0092,0.4054
DIAMONDS JACK HEARTS EIGHT,0.5886,0.0104,0.401
DIAMONDS KING DIAMONDS JACK,0.3736,0.006,0.6204
HEARTS THREE DIAMONDS JACK,0.6508,0.0126,0.3366
SPADES FOUR HEARTS ACE,0.418,0.0058,0.5762
SPADES ACE SPADES SIX,0.3412,0.0052,0.6536
DIAMONDS QUEEN DIAMONDS JACK,0.2722,0.0748,0.653
HEARTS TWO DIAMONDS JACK,0.6494,0.0132,0.3374
HEARTS FIVE DIAMONDS JACK,0.728,0.0464,0.2256
SPADES FOUR HEARTS QUEEN,0.3444,0.4428,0.2128
DIAMONDS ACE DIAMONDS JACK,0.369,0.0042,0.6268
HEARTS FOUR DIAMONDS JACK,0.6454,0.0106,0.344
SPADES FOUR HEARTS KING,0.4256,0.01,0.5644
SPADES KING SPADES SIX,0.3306,0.0066,0.6628
SPADES TEN SPADES SIX,0.6018,0.009,0.3892
SPADES JACK SPADES SIX,0.6068,0.0136,0.3796
SPADES FOUR DIAMONDS JACK,0.639,0.013,0.348
SPADES TWO DIAMONDS JACK,0.6474,0.0108,0.3418
SPADES THREE DIAMONDS JACK,0.6478,0.0138,0.3384
SPADES ACE DIAMONDS THREE,0.4096,0.0046,0.5858
CLUBS EIGHT DIAMONDS JACK,0.5896,0.0126,0.3978
SPADES KING DIAMONDS THREE,0.4054,0.0076,0.587
CLUBS NINE DIAMONDS JACK,0.5828,0.0092,0.408
CLUBS SIX DIAMONDS JACK,0.6372,0.0102,0.3526
CLUBS SEVEN DIAMONDS JACK,0.6006,0.0112,0.3882
CLUBS FOUR DIAMONDS JACK,0.655,0.01,0.335
CLUBS FIVE DIAMONDS JACK,0.7214,0.049,0.2296
CLUBS TWO DIAMONDS JACK,0.6504,0.0116,0.338
CLUBS THREE DIAMONDS JACK,0.655,0.0088,0.3362
SPADES JACK HEARTS SIX,0.6234,0.0142,0.3624
SPADES TEN CLUBS FIVE,0.7274,0.0488,0.2238
SPADES JACK CLUBS FIVE,0.7286,0.0504,0.221
HEARTS SIX SPADES TEN,0.6112,0.0098,0.379
SPADES JACK DIAMONDS THREE,0.642,0.0144,0.3436
CLUBS SEVEN CLUBS ACE,0.3822,0.0054,0.6124
SPADES TEN DIAMONDS THREE,0.645,0.0134,0.3416
CLUBS SEVEN CLUBS QUEEN,0.2684,0.2626,0.469
CLUBS SEVEN CLUBS KING,0.3728,0.0094,0.6178
SPADES NINE DIAMONDS JACK,0.5798,0.0092,0.411
CLUBS SEVEN CLUBS TEN,0.5608,0.009,0.4302
DIAMONDS ACE HEARTS ACE,0.1744,0.0046,0.821
HEARTS FOUR HEARTS ACE,0.3836,0.0046,0.6118
SPADES EIGHT DIAMONDS JACK,0.5852,0.0122,0.4026
SPADES ACE HEARTS SIX,0.3794,0.0036,0.617
CLUBS SEVEN CLUBS JACK,0.5754,0.0116,0.413
DIAMONDS ACE HEARTS KING,0.3774,0.0022,0.6204
HEARTS FOUR HEARTS KING,0.3954,0.0082,0.5964
SPADES SEVEN DIAMONDS JACK,0.6054,0.0148,0.3798
SPADES KING HEARTS SIX,0.383,0.007,0.61
DIAMONDS ACE HEARTS QUEEN,0.2818,0.0134,0.7048
HEARTS FOUR HEARTS QUEEN,0.3388,0.4218,0.2394
SPADES SIX DIAMONDS JACK,0.6202,0.012,0.3678
SPADES TWO DIAMONDS TEN,0.6434,0.0156,0.341
SPADES THREE DIAMONDS TEN,0.6498,0.0124,0.3378
SPADES FOUR DIAMONDS TEN,0.641,0.013,0.346
SPADES SIX DIAMONDS TEN,0.6138,0.0146,0.3716
SPADES SEVEN DIAMONDS TEN,0.5932,0.013,0.3938
SPADES EIGHT DIAMONDS TEN,0.5686,0.0122,0.4192
SPADES NINE DIAMONDS TEN,0.5558,0.01,0.4342
CLUBS FOUR DIAMONDS TEN,0.6436,0.012,0.3444
CLUBS FIVE DIAMONDS TEN,0.7314,0.0454,0.2232
CLUBS SIX DIAMONDS TEN,0.6114,0.0106,0.378
CLUBS SEVEN DIAMONDS TEN,0.5948,0.0106,0.3946
CLUBS EIGHT DIAMONDS TEN,0.594,0.011,0.395
CLUBS NINE DIAMONDS TEN,0.558,0.0098,0.4322
DIAMONDS THREE CLUBS JACK,0.6546,0.012,0.3334
DIAMONDS THREE CLUBS TEN,0.6516,0.0116,0.3368
DIAMONDS THREE CLUBS KING,0.4338,0.0072,0.559
DIAMONDS THREE CLUBS QUEEN,0.3594,0.4286,0.212
DIAMONDS THREE CLUBS ACE,0.427,0.0048,0.5682
SPADES FOUR HEARTS JACK,0.6512,0.0134,0.3354
SPADES FOUR HEARTS TEN,0.6424,0.012,0.3456
SPADES FOUR SPADES TWO,0.6586,0.0158,0.3256
SPADES THREE SPADES TWO,0.6546,0.017,0.3284
SPADES NINE SPADES TWO,0.6436,0.013,0.3434
SPADES EIGHT SPADES TWO,0.6528,0.013,0.3342
SPADES SEVEN SPADES TWO,0.6608,0.0122,0.327
SPADES SIX SPADES TWO,0.63,0.0132,0.3568
DIAMONDS QUEEN CLUBS THREE,0.3694,0.427,0.2036
HEARTS TWO CLUBS THREE,0.6662,0.0158,0.318
DIAMONDS QUEEN CLUBS TWO,0.366,0.422,0.212
CLUBS TWO HEARTS TWO,0.4608,0.0348,0.5044
DIAMONDS QUEEN HEARTS SEVEN,0.2746,0.2954,0.43
HEARTS TWO HEARTS SEVEN,0.6414,0.01,0.3486
HEARTS SIX DIAMONDS QUEEN,0.2624,0.3714,0.3662
HEARTS SIX HEARTS TWO,0.607,0.0118,0.3812
DIAMONDS QUEEN HEARTS NINE,0.2816,0.1512,0.5672
HEARTS TWO HEARTS NINE,0.611,0.0108,0.3782
DIAMONDS QUEEN HEARTS EIGHT,0.2708,0.2104,0.5188
HEARTS TWO HEARTS EIGHT,0.6162,0.013,0.3708
CLUBS NINE HEARTS TWO,0.6502,0.0138,0.336
CLUBS NINE DIAMONDS QUEEN,0.2858,0.1486,0.5656
CLUBS EIGHT HEARTS TWO,0.6552,0.014,0.3308
CLUBS EIGHT DIAMONDS QUEEN,0.2664,0.215,0.5186
CLUBS FIVE DIAMONDS QUEEN,0.0808,0.901,0.0182
CLUBS FIVE HEARTS TWO,0.7056,0.0488,0.2456
SPADES EIGHT HEARTS ACE,0.387,0.0072,0.6058
CLUBS FOUR DIAMONDS QUEEN,0.3602,0.4316,0.2082
CLUBS FOUR HEARTS TWO,0.658,0.0174,0.3246
SPADES EIGHT HEARTS QUEEN,0.2612,0.2156,0.5232
CLUBS SEVEN HEARTS TWO,0.6738,0.0122,0.314
CLUBS SEVEN DIAMONDS QUEEN,0.2834,0.2784,0.4382
CLUBS SIX DIAMONDS QUEEN,0.265,0.3688,0.3662
CLUBS SIX HEARTS TWO,0.6528,0.011,0.3362
SPADES EIGHT HEARTS KING,0.4086,0.0068,0.5846
DIAMONDS QUEEN SPADES SIX,0.2596,0.366,0.3744
HEARTS TWO SPADES SIX,0.6432,0.0156,0.3412
HEARTS FOUR CLUBS QUEEN,0.3556,0.4386,0.2058
DIAMONDS ACE CLUBS QUEEN,0.2744,0.0166,0.709
DIAMONDS QUEEN SPADES SEVEN,0.2688,0.2944,0.4368
SPADES SEVEN HEARTS TWO,0.6604,0.0168,0.3228
HEARTS FOUR CLUBS KING,0.4374,0.0066,0.556
DIAMONDS ACE CLUBS KING,0.3548,0.0048,0.6404
SPADES EIGHT DIAMONDS QUEEN,0.2584,0.2164,0.5252
SPADES EIGHT HEARTS TWO,0.647,0.0142,0.3388
HEARTS FOUR CLUBS ACE,0.3998,0.006,0.5942
DIAMONDS ACE CLUBS ACE,0.1644,0.0046,0.831
SPADES NINE DIAMONDS QUEEN,0.2694,0.1568,0.5738
SPADES NINE HEARTS TWO,0.6454,0.0132,0.3414
HEARTS TWO SPADES TWO,0.4636,0.0334,0.503
DIAMONDS QUEEN SPADES TWO,0.3518,0.4386,0.2096
HEARTS TWO SPADES THREE,0.6604,0.0158,0.3238
DIAMONDS QUEEN SPADES THREE,0.3374,0.4542,0.2084
HEARTS TWO SPADES FOUR,0.6674,0.014,0.3186
DIAMONDS QUEEN SPADES FOUR,0.3492,0.4502,0.2006
HEARTS FOUR CLUBS TEN,0.6494,0.0116,0.339
DIAMONDS ACE CLUBS TEN,0.3938,0.005,0.6012
HEARTS FOUR CLUBS JACK,0.657,0.0094,0.3336
DIAMONDS ACE CLUBS JACK,0.3864,0.0036,0.61
CLUBS FIVE CLUBS KING,0.2546,0.0404,0.705
CLUBS FIVE CLUBS QUEEN,0.071,0.8568,0.0722
CLUBS FIVE CLUBS ACE,0.2732,0.0286,0.6982
CLUBS FIVE CLUBS JACK,0.6836,0.0408,0.2756
CLUBS FIVE CLUBS TEN,0.6804,0.0484,0.2712
SPADES KING CLUBS JACK,0.368,0.0076,0.6244
SPADES ACE CLUBS JACK,0.3702,0.0048,0.625
SPADES SIX CLUBS KING,0.3984,0.0068,0.5948
SPADES SIX CLUBS QUEEN,0.2596,0.362,0.3784
SPADES EIGHT HEARTS JACK,0.5908,0.0096,0.3996
SPADES SIX CLUBS ACE,0.3864,0.0042,0.6094
SPADES EIGHT HEARTS TEN,0.588,0.0082,0.4038
SPADES SIX CLUBS JACK,0.616,0.0132,0.3708
SPADES SIX CLUBS TEN,0.6026,0.0124,0.385
SPADES TEN CLUBS JACK,0.5614,0.0112,0.4274
SPADES JACK CLUBS JACK,0.3186,0.009,0.6724
SPADES KING CLUBS SEVEN,0.3744,0.0072,0.6184
SPADES ACE CLUBS SEVEN,0.3818,0.0052,0.613
SPADES SIX HEARTS TEN,0.6006,0.012,0.3874
SPADES SIX HEARTS JACK,0.6136,0.011,0.3754
SPADES SIX HEARTS ACE,0.397,0.0054,0.5976
SPADES SIX HEARTS KING,0.4038,0.0062,0.59
SPADES SIX HEARTS QUEEN,0.2616,0.3742,0.3642
SPADES JACK CLUBS SEVEN,0.613,0.0096,0.3774
SPADES TEN CLUBS SEVEN,0.5878,0.0124,0.3998
HEARTS SIX CLUBS TEN,0.608,0.01,0.382
HEARTS SIX CLUBS JACK,0.6276,0.0106,0.3618
CLUBS ACE CLUBS JACK,0.3666,0.0064,0.627
HEARTS SIX CLUBS QUEEN,0.2648,0.354,0.3812
HEARTS SIX CLUBS KING,0.4086,0.007,0.5844
HEARTS SIX CLUBS ACE,0.4198,0.0044,0.5758
CLUBS QUEEN CLUBS JACK,0.2688,0.0834,0.6478
CLUBS KING CLUBS JACK,0.3564,0.0064,0.6372
DIAMONDS THREE HEARTS ACE,0.4284,0.0056,0.566
DIAMONDS THREE HEARTS QUEEN,0.3628,0.428,0.2092
DIAMONDS THREE HEARTS KING,0.4306,0.008,0.5614
CLUBS FIVE HEARTS JACK,0.7292,0.0506,0.2202
HEARTS FOUR SPADES TEN,0.6516,0.0116,0.3368
SPADES TEN DIAMONDS ACE,0.3722,0.0054,0.6224
CLUBS FIVE HEARTS TEN,0.7238,0.051,0.2252
HEARTS FOUR SPADES JACK,0.643,0.0114,0.3456
SPADES JACK DIAMONDS ACE,0.3836,0.0066,0.6098
SPADES ACE HEARTS FOUR,0.4118,0.0032,0.585
SPADES ACE DIAMONDS ACE,0.1576,0.006,0.8364
CLUBS FIVE HEARTS ACE,0.281,0.026,0.693
CLUBS FIVE HEARTS KING,0.2678,0.0374,0.6948
SPADES FOUR CLUBS JACK,0.6494,0.0124,0.3382
CLUBS FIVE HEARTS QUEEN,0.0734,0.9032,0.0234
SPADES FOUR CLUBS TEN,0.6486,0.0136,0.3378
SPADES KING DIAMONDS ACE,0.361,0.0054,0.6336
HEARTS FOUR SPADES KING,0.4174,0.0072,0.5754
DIAMONDS QUEEN DIAMONDS ACE,0.2634,0.0176,0.719
HEARTS TWO DIAMONDS ACE,0.4348,0.0026,0.5626
HEARTS FOUR DIAMONDS QUEEN,0.3544,0.4328,0.2128
HEARTS FOUR HEARTS TWO,0.6182,0.0146,0.3672
DIAMONDS THREE HEARTS TEN,0.6408,0.0108,0.3484
SPADES FOUR CLUBS KING,0.4152,0.009,0.5758
HEARTS FIVE DIAMONDS QUEEN,0.0694,0.911,0.0196
HEARTS FIVE HEARTS TWO,0.6788,0.0478,0.2734
DIAMONDS THREE HEARTS JACK,0.648,0.0124,0.3396
SPADES FOUR CLUBS QUEEN,0.3374,0.4474,0.2152
DIAMONDS QUEEN HEARTS TWO,0.3624,0.4388,0.1988
DIAMONDS KING DIAMONDS QUEEN,0.249,0.0246,0.7264
DIAMONDS KING HEARTS TWO,0.4372,0.0088,0.554
HEARTS THREE DIAMONDS QUEEN,0.353,0.4354,0.2116
HEARTS THREE HEARTS TWO,0.6262,0.0114,0.3624
SPADES FOUR CLUBS ACE,0.391,0.0036,0.6054
HEARTS TWO CLUBS ACE,0.438,0.0068,0.5552
DIAMONDS QUEEN CLUBS ACE,0.2762,0.0166,0.7072
HEARTS TWO CLUBS QUEEN,0.371,0.423,0.206
DIAMONDS QUEEN CLUBS QUEEN,0.1356,0.0224,0.842
HEARTS TWO CLUBS KING,0.4354,0.0074,0.5572
DIAMONDS QUEEN CLUBS KING,0.2794,0.0252,0.6954
HEARTS TWO CLUBS TEN,0.6454,0.01,0.3446
DIAMONDS QUEEN CLUBS TEN,0.2776,0.1132,0.6092
HEARTS TWO CLUBS JACK,0.6566,0.0104,0.333
DIAMONDS QUEEN CLUBS JACK,0.2768,0.085,0.6382
DIAMONDS FIVE CLUBS QUEEN,0.0642,0.9102,0.0256
SPADES EIGHT CLUBS ACE,0.3924,0.0058,0.6018
CLUBS KING DIAMONDS FIVE,0.2836,0.0348,0.6816
SPADES EIGHT CLUBS KING,0.4068,0.0082,0.585
CLUBS ACE DIAMONDS FIVE,0.2676,0.029,0.7034
SPADES EIGHT CLUBS QUEEN,0.267,0.2154,0.5176
SPADES EIGHT CLUBS JACK,0.594,0.0082,0.3978
SPADES EIGHT CLUBS TEN,0.5732,0.011,0.4158
DIAMONDS FIVE CLUBS TEN,0.7264,0.044,0.2296
DIAMONDS FIVE CLUBS JACK,0.7348,0.0528,0.2124
HEARTS JACK DIAMONDS TEN,0.5684,0.0122,0.4194
DIAMONDS TEN HEARTS TEN,0.3402,0.0148,0.645
SPADES ACE CLUBS NINE,0.3926,0.006,0.6014
SPADES KING CLUBS NINE,0.3878,0.0064,0.6058
HEARTS SIX HEARTS KING,0.3686,0.0068,0.6246
DIAMONDS KING SPADES SEVEN,0.4044,0.0054,0.5902
HEARTS THREE SPADES SEVEN,0.6442,0.0122,0.3436
SPADES KING DIAMONDS SEVEN,0.3902,0.0076,0.6022
HEARTS SIX HEARTS QUEEN,0.2422,0.3444,0.4134
DIAMONDS KING SPADES SIX,0.3898,0.0068,0.6034
HEARTS THREE SPADES SIX,0.6292,0.0138,0.357
SPADES NINE DIAMONDS KING,0.3824,0.0066,0.611
HEARTS THREE SPADES NINE,0.6442,0.0132,0.3426
HEARTS SIX HEARTS ACE,0.3806,0.004,0.6154
DIAMONDS KING SPADES EIGHT,0.3996,0.0066,0.5938
HEARTS THREE SPADES EIGHT,0.6482,0.0128,0.339
SPADES ACE DIAMONDS SEVEN,0.3994,0.0026,0.598
CLUBS NINE HEARTS THREE,0.6494,0.0132,0.3374
CLUBS NINE DIAMONDS KING,0.3984,0.0068,0.5948
CLUBS EIGHT HEARTS THREE,0.6564,0.0114,0.3322
