opposingHand,winningChance,drawChance,lostChance
SPADES SIX DIAMONDS TEN
HEARTS FIVE SPADES TEN,0.4084,0.3728,0.2188
HEARTS FIVE SPADES JACK,0.3938,0.019,0.5872
SPADES FIVE CLUBS JACK,0.4032,0.0178,0.579
CLUBS TEN SPADES FIVE,0.4076,0.3744,0.218
CLUBS EIGHT CLUBS JACK,0.3212,0.017,0.6618
CLUBS TEN CLUBS EIGHT,0.2106,0.212,0.5774
CLUBS EIGHT CLUBS KING,0.3434,0.0066,0.65
SPADES FIVE CLUBS ACE,0.4018,0.0052,0.593
CLUBS EIGHT CLUBS QUEEN,0.3258,0.012,0.6622
SPADES FIVE CLUBS KING,0.4142,0.0064,0.5794
SPADES FIVE CLUBS QUEEN,0.3906,0.0108,0.5986
CLUBS EIGHT CLUBS ACE,0.3554,0.003,0.6416
DIAMONDS TWO DIAMONDS THREE,0.6136,0.0274,0.359
DIAMONDS TWO DIAMONDS FIVE,0.6064,0.0302,0.3634
HEARTS FIVE SPADES KING,0.3962,0.0074,0.5964
DIAMONDS TWO DIAMONDS FOUR,0.6044,0.035,0.3606
HEARTS FIVE SPADES QUEEN,0.3916,0.0098,0.5986
DIAMONDS TWO DIAMONDS SEVEN,0.6036,0.0296,0.3668
DIAMONDS TWO DIAMONDS SIX,0.658,0.082,0.26
SPADES ACE HEARTS FIVE,0.3984,0.0036,0.598
DIAMONDS TWO DIAMONDS NINE,0.6026,0.0274,0.37
DIAMONDS TWO DIAMONDS EIGHT,0.598,0.028,0.374
DIAMONDS THREE DIAMONDS FOUR,0.6018,0.0258,0.3724
SPADES FOUR CLUBS TWO,0.6404,0.0276,0.332
DIAMONDS THREE DIAMONDS FIVE,0.5798,0.0306,0.3896
SPADES FIVE CLUBS TWO,0.6346,0.028,0.3374
CLUBS TWO SPADES TWO,0.4234,0.0636,0.513
CLUBS TWO SPADES THREE,0.6262,0.0288,0.345
DIAMONDS THREE DIAMONDS EIGHT,0.6094,0.0266,0.364
SPADES EIGHT CLUBS TWO,0.6276,0.0302,0.3422
DIAMONDS THREE DIAMONDS NINE,0.5986,0.0252,0.3762
SPADES NINE CLUBS TWO,0.6402,0.0248,0.335
DIAMONDS THREE DIAMONDS SIX,0.636,0.0822,0.2818
DIAMONDS THREE DIAMONDS SEVEN,0.5882,0.0296,0.3822
SPADES SEVEN CLUBS TWO,0.6336,0.0264,0.34
CLUBS SIX CLUBS TWO,0.6306,0.0762,0.2932
CLUBS SEVEN CLUBS TWO,0.5866,0.0234,0.39
CLUBS FOUR CLUBS TWO,0.589,0.0256,0.3854
CLUBS FIVE CLUBS TWO,0.5824,0.0298,0.3878
CLUBS TEN CLUBS JACK,0.2064,0.0562,0.7374
DIAMONDS FOUR DIAMONDS SIX,0.6196,0.0768,0.3036
CLUBS TEN CLUBS QUEEN,0.2358,0.0394,0.7248
DIAMONDS FOUR DIAMONDS SEVEN,0.5816,0.0214,0.397
CLUBS TEN CLUBS KING,0.2184,0.0346,0.747
CLUBS TEN CLUBS ACE,0.2346,0.0228,0.7426
CLUBS EIGHT CLUBS TWO,0.6044,0.0224,0.3732
DIAMONDS FIVE DIAMONDS FOUR,0.5714,0.0266,0.402
CLUBS NINE CLUBS TWO,0.5948,0.0234,0.3818
DIAMONDS NINE DIAMONDS FOUR,0.5918,0.0284,0.3798
DIAMONDS EIGHT DIAMONDS FOUR,0.6034,0.0244,0.3722
CLUBS THREE CLUBS TWO,0.5848,0.0276,0.3876
DIAMONDS NINE DIAMONDS FIVE,0.5876,0.0252,0.3872
DIAMONDS TWO CLUBS JACK,0.4208,0.018,0.5612
DIAMONDS EIGHT DIAMONDS FIVE,0.5794,0.026,0.3946
CLUBS TEN DIAMONDS TWO,0.41,0.3712,0.2188
DIAMONDS FIVE DIAMONDS SEVEN,0.5626,0.0328,0.4046
DIAMONDS FIVE DIAMONDS SIX,0.621,0.082,0.297
DIAMONDS TWO CLUBS ACE,0.409,0.0048,0.5862
DIAMONDS TWO CLUBS KING,0.4158,0.0056,0.5786
DIAMONDS TWO CLUBS QUEEN,0.4058,0.0132,0.581
DIAMONDS EIGHT DIAMONDS SIX,0.6258,0.0836,0.2906
DIAMONDS NINE DIAMONDS SIX,0.6408,0.082,0.2772
HEARTS ACE SPADES THREE,0.4118,0.0038,0.5844
SPADES THREE HEARTS KING,0.423,0.0078,0.5692
DIAMONDS SEVEN DIAMONDS SIX,0.6196,0.07,0.3104
SPADES THREE HEARTS QUEEN,0.4092,0.0144,0.5764
SPADES THREE HEARTS JACK,0.417,0.0174,0.5656
SPADES THREE HEARTS TEN,0.4066,0.3776,0.2158
DIAMONDS EIGHT DIAMONDS SEVEN,0.525,0.0284,0.4466
DIAMONDS NINE DIAMONDS SEVEN,0.5568,0.0254,0.4178
DIAMONDS NINE DIAMONDS EIGHT,0.5308,0.0248,0.4444
DIAMONDS KING HEARTS TEN,0.2328,0.0352,0.732
HEARTS THREE HEARTS TEN,0.3848,0.351,0.2642
SPADES JACK CLUBS SIX,0.2516,0.0612,0.6872
DIAMONDS KING HEARTS JACK,0.3204,0.0068,0.6728
HEARTS THREE HEARTS JACK,0.3832,0.0154,0.6014
SPADES TEN CLUBS SIX,0.012,0.969,0.019
SPADES JACK SPADES FIVE,0.3728,0.015,0.6122
SPADES TEN SPADES FIVE,0.3844,0.3582,0.2574
DIAMONDS KING HEARTS ACE,0.3302,0.0032,0.6666
HEARTS THREE HEARTS ACE,0.3778,0.0026,0.6196
SPADES ACE CLUBS SIX,0.243,0.0248,0.7322
DIAMONDS KING HEARTS QUEEN,0.323,0.0066,0.6704
HEARTS THREE HEARTS QUEEN,0.3876,0.0104,0.602
SPADES KING CLUBS SIX,0.2472,0.0388,0.714
DIAMONDS KING HEARTS KING,0.1462,0.0114,0.8424
HEARTS THREE HEARTS KING,0.3784,0.0066,0.615
SPADES QUEEN CLUBS SIX,0.245,0.0504,0.7046
SPADES NINE HEARTS TEN,0.2238,0.1724,0.6038
SPADES NINE HEARTS JACK,0.3336,0.014,0.6524
SPADES QUEEN SPADES FIVE,0.3974,0.012,0.5906
SPADES KING SPADES FIVE,0.3776,0.0068,0.6156
SPADES ACE SPADES FIVE,0.3832,0.0036,0.6132
SPADES NINE HEARTS QUEEN,0.3486,0.011,0.6404
SPADES NINE HEARTS KING,0.3582,0.0082,0.6336
SPADES NINE HEARTS ACE,0.371,0.003,0.626
CLUBS TEN SPADES JACK,0.2136,0.0538,0.7326
CLUBS TEN SPADES TEN,0.0898,0.0558,0.8544
SPADES ACE CLUBS TEN,0.2318,0.0218,0.7464
SPADES KING CLUBS TEN,0.2458,0.0314,0.7228
CLUBS TEN SPADES QUEEN,0.2344,0.0444,0.7212
SPADES FIVE HEARTS QUEEN,0.4032,0.0144,0.5824
SPADES FIVE HEARTS KING,0.4038,0.0072,0.589
SPADES FIVE HEARTS ACE,0.4042,0.006,0.5898
CLUBS EIGHT SPADES TEN,0.2124,0.2294,0.5582
SPADES JACK HEARTS THREE,0.3972,0.0188,0.584
SPADES JACK DIAMONDS KING,0.3204,0.0086,0.671
SPADES TEN DIAMONDS KING,0.2372,0.0342,0.7286
SPADES TEN HEARTS THREE,0.3986,0.3794,0.222
SPADES JACK CLUBS EIGHT,0.3528,0.0184,0.6288
CLUBS SIX HEARTS ACE,0.2616,0.0238,0.7146
SPADES ACE CLUBS EIGHT,0.3666,0.0036,0.6298
HEARTS FIVE CLUBS JACK,0.3906,0.0168,0.5926
HEARTS FIVE CLUBS TEN,0.3982,0.3766,0.2252
CLUBS SIX HEARTS QUEEN,0.2494,0.0466,0.704
SPADES QUEEN CLUBS EIGHT,0.3594,0.0118,0.6288
CLUBS TEN SPADES THREE,0.4116,0.3722,0.2162
CLUBS SIX HEARTS KING,0.2528,0.0404,0.7068
SPADES KING CLUBS EIGHT,0.3652,0.0066,0.6282
SPADES THREE CLUBS JACK,0.4086,0.0168,0.5746
DIAMONDS TWO HEARTS JACK,0.4158,0.0192,0.565
SPADES THREE CLUBS QUEEN,0.4032,0.0102,0.5866
DIAMONDS TWO HEARTS TEN,0.4082,0.3794,0.2124
SPADES THREE CLUBS KING,0.401,0.0104,0.5886
HEARTS FIVE CLUBS ACE,0.404,0.0026,0.5934
SPADES FIVE HEARTS TEN,0.4012,0.3848,0.214
SPADES THREE CLUBS ACE,0.4188,0.0042,0.577
HEARTS FIVE CLUBS KING,0.4108,0.0078,0.5814
SPADES FIVE HEARTS JACK,0.3958,0.0196,0.5846
HEARTS FIVE CLUBS QUEEN,0.404,0.0112,0.5848
HEARTS THREE CLUBS KING,0.3928,0.0084,0.5988
DIAMONDS KING CLUBS KING,0.1538,0.0094,0.8368
HEARTS THREE CLUBS QUEEN,0.4166,0.0092,0.5742
DIAMONDS KING CLUBS QUEEN,0.3236,0.0058,0.6706
HEARTS FIVE HEARTS JACK,0.369,0.0192,0.6118
HEARTS FIVE HEARTS TEN,0.3814,0.35,0.2686
HEARTS THREE CLUBS ACE,0.405,0.0042,0.5908
DIAMONDS KING CLUBS ACE,0.335,0.0048,0.6602
SPADES ACE CLUBS QUEEN,0.3408,0.0036,0.6556
SPADES KING CLUBS QUEEN,0.325,0.0054,0.6696
HEARTS THREE CLUBS JACK,0.4112,0.016,0.5728
DIAMONDS KING CLUBS JACK,0.3206,0.006,0.6734
SPADES QUEEN CLUBS QUEEN,0.151,0.0164,0.8326
CLUBS TEN HEARTS THREE,0.3928,0.377,0.2302
CLUBS TEN DIAMONDS KING,0.2442,0.0368,0.719
SPADES JACK CLUBS QUEEN,0.3074,0.012,0.6806
CLUBS SIX CLUBS QUEEN,0.2266,0.0452,0.7282
SPADES TEN CLUBS QUEEN,0.233,0.0468,0.7202
CLUBS SIX CLUBS KING,0.2326,0.0326,0.7348
CLUBS SIX CLUBS ACE,0.2384,0.0258,0.7358
HEARTS FIVE HEARTS KING,0.3954,0.0062,0.5984
HEARTS FIVE HEARTS QUEEN,0.3876,0.0108,0.6016
CLUBS TEN CLUBS SIX,0.0224,0.9098,0.0678
HEARTS FIVE HEARTS ACE,0.3706,0.0068,0.6226
CLUBS SIX CLUBS JACK,0.2242,0.0584,0.7174
SPADES SEVEN HEARTS JACK,0.3446,0.02,0.6354
SPADES SEVEN HEARTS TEN,0.219,0.2834,0.4976
DIAMONDS TWO CLUBS TWO,0.4194,0.0586,0.522
DIAMONDS TWO CLUBS THREE,0.6386,0.032,0.3294
DIAMONDS TWO HEARTS SIX,0.6874,0.0862,0.2264
DIAMONDS TWO HEARTS QUEEN,0.4216,0.0122,0.5662
HEARTS SEVEN DIAMONDS TWO,0.6248,0.0282,0.347
DIAMONDS TWO HEARTS KING,0.4126,0.0054,0.582
DIAMONDS TWO HEARTS EIGHT,0.631,0.027,0.342
DIAMONDS TWO HEARTS ACE,0.4062,0.0046,0.5892
DIAMONDS TWO HEARTS NINE,0.6234,0.0268,0.3498
DIAMONDS TWO DIAMONDS QUEEN,0.3766,0.0114,0.612
DIAMONDS TWO HEARTS TWO,0.4264,0.056,0.5176
DIAMONDS TWO DIAMONDS KING,0.391,0.0084,0.6006
DIAMONDS TWO HEARTS THREE,0.6246,0.0294,0.346
DIAMONDS TWO DIAMONDS ACE,0.3718,0.0044,0.6238
HEARTS FOUR DIAMONDS TWO,0.6282,0.0328,0.339
HEARTS FIVE DIAMONDS TWO,0.6294,0.0312,0.3394
SPADES SEVEN HEARTS ACE,0.35,0.004,0.646
SPADES SEVEN HEARTS KING,0.3594,0.0056,0.635
DIAMONDS TWO DIAMONDS JACK,0.3864,0.015,0.5986
SPADES SEVEN HEARTS QUEEN,0.3658,0.0098,0.6244
DIAMONDS TWO SPADES NINE,0.6268,0.0286,0.3446
DIAMONDS TWO SPADES EIGHT,0.6136,0.0334,0.353
DIAMONDS TWO SPADES SEVEN,0.618,0.026,0.356
DIAMONDS TWO SPADES FIVE,0.6274,0.0278,0.3448
DIAMONDS TWO SPADES FOUR,0.6426,0.0296,0.3278
DIAMONDS TWO SPADES THREE,0.6406,0.033,0.3264
DIAMONDS TWO SPADES TWO,0.4262,0.0624,0.5114
CLUBS NINE DIAMONDS TWO,0.6328,0.0282,0.339
DIAMONDS TWO CLUBS EIGHT,0.6268,0.0284,0.3448
CLUBS SEVEN DIAMONDS TWO,0.6336,0.0276,0.3388
DIAMONDS TWO CLUBS SIX,0.691,0.0812,0.2278
DIAMONDS TWO CLUBS FIVE,0.6208,0.0296,0.3496
DIAMONDS TWO CLUBS FOUR,0.6264,0.0314,0.3422
CLUBS FOUR SPADES FIVE,0.5912,0.0302,0.3786
CLUBS FOUR SPADES FOUR,0.4132,0.0596,0.5272
CLUBS FOUR SPADES THREE,0.6264,0.027,0.3466
CLUBS FOUR SPADES TWO,0.6344,0.0334,0.3322
SPADES NINE CLUBS FOUR,0.6224,0.0334,0.3442
SPADES EIGHT CLUBS FOUR,0.6134,0.026,0.3606
SPADES SEVEN CLUBS FOUR,0.5998,0.0294,0.3708
SPADES ACE DIAMONDS SIX,0.2556,0.0252,0.7192
SPADES QUEEN DIAMONDS SIX,0.2514,0.0438,0.7048
SPADES KING DIAMONDS SIX,0.2578,0.038,0.7042
SPADES TEN DIAMONDS SIX,0.005,0.988,0.007
SPADES JACK DIAMONDS SIX,0.2478,0.063,0.6892
SPADES QUEEN SPADES TWO,0.3962,0.0084,0.5954
SPADES KING SPADES TWO,0.3854,0.0088,0.6058
SPADES ACE SPADES TWO,0.3756,0.004,0.6204
DIAMONDS JACK CLUBS JACK,0.141,0.0224,0.8366
CLUBS TEN DIAMONDS JACK,0.2168,0.0584,0.7248
DIAMONDS JACK CLUBS KING,0.3098,0.0072,0.683
DIAMONDS JACK CLUBS QUEEN,0.3134,0.0098,0.6768
DIAMONDS THREE DIAMONDS JACK,0.3916,0.0178,0.5906
DIAMONDS JACK CLUBS ACE,0.33,0.0034,0.6666
DIAMONDS THREE DIAMONDS KING,0.3846,0.0098,0.6056
DIAMONDS THREE HEARTS THREE,0.4198,0.058,0.5222
DIAMONDS THREE DIAMONDS QUEEN,0.3846,0.0124,0.603
DIAMONDS THREE HEARTS TWO,0.6362,0.0306,0.3332
HEARTS FIVE DIAMONDS THREE,0.6286,0.0282,0.3432
DIAMONDS THREE DIAMONDS ACE,0.3782,0.0052,0.6166
HEARTS FOUR DIAMONDS THREE,0.6142,0.0276,0.3582
HEARTS SEVEN DIAMONDS THREE,0.6212,0.0254,0.3534
SPADES TEN SPADES NINE,0.2212,0.1612,0.6176
HEARTS SIX DIAMONDS THREE,0.6622,0.0774,0.2604
SPADES JACK SPADES NINE,0.3258,0.013,0.6612
DIAMONDS THREE HEARTS NINE,0.6218,0.0286,0.3496
HEARTS JACK DIAMONDS FOUR,0.405,0.0166,0.5784
HEARTS ACE HEARTS KING,0.313,0.0046,0.6824
SPADES TEN SPADES TWO,0.3884,0.366,0.2456
DIAMONDS THREE HEARTS EIGHT,0.6332,0.031,0.3358
HEARTS TEN DIAMONDS FOUR,0.4064,0.3672,0.2264
SPADES JACK SPADES TWO,0.391,0.0204,0.5886
HEARTS QUEEN DIAMONDS FOUR,0.4132,0.0102,0.5766
HEARTS KING DIAMONDS FOUR,0.4096,0.0068,0.5836
SPADES ACE SPADES NINE,0.3446,0.0044,0.651
HEARTS ACE DIAMONDS FOUR,0.4068,0.006,0.5872
SPADES KING SPADES NINE,0.3416,0.0064,0.652
SPADES QUEEN SPADES NINE,0.3404,0.0116,0.648
DIAMONDS THREE SPADES NINE,0.6186,0.0276,0.3538
DIAMONDS THREE SPADES EIGHT,0.6386,0.023,0.3384
DIAMONDS THREE SPADES SEVEN,0.6248,0.027,0.3482
DIAMONDS THREE CLUBS SIX,0.6722,0.081,0.2468
CLUBS FIVE CLUBS SIX,0.6066,0.079,0.3144
CLUBS ACE DIAMONDS FOUR,0.407,0.0056,0.5874
CLUBS SEVEN DIAMONDS THREE,0.6416,0.0274,0.331
CLUBS SEVEN CLUBS FIVE,0.5614,0.0242,0.4144
DIAMONDS THREE CLUBS FOUR,0.617,0.0316,0.3514
DIAMONDS FOUR CLUBS QUEEN,0.412,0.0124,0.5756
DIAMONDS THREE CLUBS FIVE,0.6124,0.0286,0.359
CLUBS KING DIAMONDS FOUR,0.3996,0.0086,0.5918
DIAMONDS THREE CLUBS TWO,0.6414,0.0348,0.3238
CLUBS TEN DIAMONDS FOUR,0.416,0.3686,0.2154
DIAMONDS THREE CLUBS THREE,0.4116,0.0638,0.5246
DIAMONDS FOUR CLUBS JACK,0.4058,0.016,0.5782
DIAMONDS THREE SPADES FOUR,0.6178,0.0352,0.347
DIAMONDS THREE SPADES FIVE,0.6242,0.029,0.3468
DIAMONDS THREE SPADES TWO,0.6396,0.0246,0.3358
DIAMONDS THREE SPADES THREE,0.4174,0.0618,0.5208
CLUBS EIGHT DIAMONDS THREE,0.643,0.0262,0.3308
CLUBS NINE DIAMONDS THREE,0.6276,0.0272,0.3452
SPADES SEVEN CLUBS ACE,0.3604,0.0036,0.636
SPADES SEVEN CLUBS QUEEN,0.3676,0.008,0.6244
SPADES SEVEN CLUBS KING,0.3682,0.0062,0.6256
CLUBS FIVE SPADES SEVEN,0.5898,0.0274,0.3828
CLUBS TEN SPADES SEVEN,0.2232,0.2824,0.4944
SPADES SEVEN CLUBS JACK,0.3528,0.014,0.6332
CLUBS FIVE SPADES NINE,0.6148,0.0232,0.362
CLUBS FIVE SPADES EIGHT,0.6048,0.0262,0.369
CLUBS FIVE SPADES THREE,0.6142,0.029,0.3568
CLUBS FIVE SPADES TWO,0.631,0.0312,0.3378
CLUBS FIVE SPADES FIVE,0.417,0.0552,0.5278
CLUBS FIVE SPADES FOUR,0.6078,0.0304,0.3618
CLUBS NINE CLUBS FIVE,0.5718,0.0254,0.4028
CLUBS EIGHT CLUBS FIVE,0.5684,0.0234,0.4082
CLUBS ACE CLUBS QUEEN,0.298,0.0022,0.6998
CLUBS KING CLUBS QUEEN,0.3034,0.0068,0.6898
CLUBS TEN DIAMONDS NINE,0.225,0.1746,0.6004
DIAMONDS JACK DIAMONDS FOUR,0.3814,0.0164,0.6022
DIAMONDS NINE CLUBS JACK,0.3412,0.013,0.6458
SPADES NINE CLUBS JACK,0.3378,0.0166,0.6456
CLUBS TEN SPADES NINE,0.2294,0.1684,0.6022
DIAMONDS ACE DIAMONDS FOUR,0.373,0.0052,0.6218
HEARTS FOUR DIAMONDS FOUR,0.4192,0.0592,0.5216
DIAMONDS JACK HEARTS TEN,0.2136,0.056,0.7304
SPADES NINE CLUBS KING,0.3618,0.0086,0.6296
DIAMONDS TWO SPADES TEN,0.4026,0.3836,0.2138
DIAMONDS NINE CLUBS ACE,0.364,0.004,0.632
HEARTS FIVE DIAMONDS FOUR,0.6006,0.028,0.3714
DIAMONDS JACK HEARTS JACK,0.1566,0.024,0.8194
SPADES NINE CLUBS QUEEN,0.3578,0.0094,0.6328
DIAMONDS TWO SPADES JACK,0.3992,0.018,0.5828
DIAMONDS QUEEN DIAMONDS FOUR,0.388,0.0124,0.5996
HEARTS TWO DIAMONDS FOUR,0.6398,0.0254,0.3348
DIAMONDS NINE CLUBS QUEEN,0.3488,0.0112,0.64
DIAMONDS KING DIAMONDS FOUR,0.387,0.0072,0.6058
HEARTS THREE DIAMONDS FOUR,0.6066,0.029,0.3644
SPADES NINE CLUBS ACE,0.3696,0.0038,0.6266
DIAMONDS NINE CLUBS KING,0.3602,0.0062,0.6336
HEARTS ACE DIAMONDS JACK,0.32,0.0026,0.6774
SPADES ACE DIAMONDS TWO,0.3928,0.0056,0.6016
HEARTS QUEEN DIAMONDS JACK,0.3136,0.0094,0.677
SPADES QUEEN DIAMONDS TWO,0.4042,0.0114,0.5844
HEARTS KING DIAMONDS JACK,0.3142,0.0062,0.6796
SPADES KING DIAMONDS TWO,0.4038,0.0078,0.5884
SPADES JACK SPADES SEVEN,0.3404,0.0182,0.6414
SPADES TEN SPADES SEVEN,0.2044,0.2918,0.5038
CLUBS SEVEN CLUBS THREE,0.592,0.0278,0.3802
CLUBS SIX CLUBS THREE,0.6194,0.0788,0.3018
CLUBS FIVE CLUBS THREE,0.5682,0.0294,0.4024
CLUBS THREE CLUBS FOUR,0.5694,0.03,0.4006
CLUBS NINE CLUBS THREE,0.5808,0.0244,0.3948
CLUBS EIGHT CLUBS THREE,0.5976,0.022,0.3804
CLUBS THREE SPADES FIVE,0.6228,0.0252,0.352
CLUBS THREE SPADES FOUR,0.606,0.0328,0.3612
CLUBS THREE SPADES THREE,0.3978,0.0554,0.5468
CLUBS THREE SPADES TWO,0.6306,0.0304,0.339
CLUBS THREE SPADES SEVEN,0.6226,0.0324,0.345
SPADES EIGHT CLUBS THREE,0.6258,0.0276,0.3466
SPADES NINE CLUBS THREE,0.6244,0.028,0.3476
SPADES TWO DIAMONDS FOUR,0.6294,0.0332,0.3374
SPADES THREE DIAMONDS FOUR,0.6248,0.0306,0.3446
SPADES FOUR DIAMONDS FOUR,0.4064,0.0658,0.5278
SPADES FIVE DIAMONDS FOUR,0.6038,0.0344,0.3618
SPADES SEVEN DIAMONDS FOUR,0.6066,0.0304,0.363
SPADES EIGHT DIAMONDS FOUR,0.6142,0.0246,0.3612
SPADES NINE DIAMONDS FOUR,0.6272,0.0274,0.3454
CLUBS FIVE DIAMONDS FOUR,0.6092,0.0254,0.3654
CLUBS FOUR DIAMONDS FOUR,0.4032,0.0632,0.5336
CLUBS SEVEN DIAMONDS FOUR,0.6126,0.0294,0.358
CLUBS SIX DIAMONDS FOUR,0.6474,0.0884,0.2642
CLUBS NINE DIAMONDS FOUR,0.6202,0.028,0.3518
CLUBS EIGHT DIAMONDS FOUR,0.6196,0.027,0.3534
HEARTS SEVEN DIAMONDS FOUR,0.6096,0.0238,0.3666
HEARTS SIX DIAMONDS FOUR,0.635,0.0876,0.2774
DIAMONDS FOUR HEARTS NINE,0.6336,0.0266,0.3398
DIAMONDS FOUR HEARTS EIGHT,0.6116,0.022,0.3664
CLUBS THREE DIAMONDS FOUR,0.6238,0.0274,0.3488
CLUBS TWO DIAMONDS FOUR,0.6362,0.0282,0.3356
DIAMONDS JACK DIAMONDS FIVE,0.3812,0.0184,0.6004
DIAMONDS NINE HEARTS QUEEN,0.3592,0.0082,0.6326
DIAMONDS NINE HEARTS KING,0.3638,0.0074,0.6288
HEARTS ACE DIAMONDS NINE,0.369,0.0046,0.6264
DIAMONDS NINE HEARTS TEN,0.2174,0.1668,0.6158
DIAMONDS NINE HEARTS JACK,0.3448,0.0158,0.6394
CLUBS KING DIAMONDS SIX,0.2628,0.0328,0.7044
CLUBS QUEEN DIAMONDS SIX,0.2518,0.0456,0.7026
CLUBS ACE DIAMONDS SIX,0.2508,0.0284,0.7208
SPADES KING DIAMONDS FOUR,0.4066,0.0056,0.5878
SPADES ACE SPADES SEVEN,0.3472,0.004,0.6488
SPADES QUEEN DIAMONDS FOUR,0.3984,0.0128,0.5888
SPADES QUEEN SPADES SEVEN,0.358,0.009,0.633
CLUBS JACK DIAMONDS SIX,0.2586,0.0594,0.682
SPADES KING SPADES SEVEN,0.3564,0.0078,0.6358
SPADES ACE DIAMONDS FOUR,0.4106,0.0032,0.5862
CLUBS TEN DIAMONDS SIX,0.0144,0.9748,0.0108
CLUBS NINE CLUBS FOUR,0.5906,0.024,0.3854
CLUBS EIGHT CLUBS FOUR,0.5772,0.025,0.3978
SPADES JACK DIAMONDS FOUR,0.3942,0.0184,0.5874
SPADES TEN DIAMONDS FOUR,0.4056,0.3754,0.219
CLUBS FIVE CLUBS FOUR,0.5648,0.026,0.4092
CLUBS SEVEN CLUBS FOUR,0.5636,0.0248,0.4116
CLUBS SIX CLUBS FOUR,0.6022,0.0766,0.3212
CLUBS SEVEN SPADES EIGHT,0.5428,0.0282,0.429
CLUBS SEVEN SPADES NINE,0.5612,0.0242,0.4146
CLUBS SEVEN SPADES SEVEN,0.2908,0.0498,0.6594
CLUBS SEVEN SPADES FIVE,0.5974,0.029,0.3736
CLUBS SEVEN SPADES FOUR,0.6126,0.0272,0.3602
CLUBS SEVEN SPADES THREE,0.6176,0.0234,0.359
CLUBS SEVEN SPADES TWO,0.6388,0.0246,0.3366
CLUBS NINE CLUBS SEVEN,0.5298,0.0226,0.4476
CLUBS SEVEN CLUBS EIGHT,0.5188,0.0234,0.4578
HEARTS SIX DIAMONDS FIVE,0.6576,0.0828,0.2596
HEARTS SEVEN DIAMONDS FIVE,0.6008,0.0286,0.3706
DIAMONDS FIVE HEARTS EIGHT,0.6096,0.0258,0.3646
DIAMONDS FIVE HEARTS NINE,0.6068,0.0252,0.368
DIAMONDS QUEEN DIAMONDS FIVE,0.3786,0.0122,0.6092
HEARTS TWO DIAMONDS FIVE,0.6262,0.03,0.3438
HEARTS KING HEARTS EIGHT,0.347,0.0072,0.6458
DIAMONDS KING DIAMONDS FIVE,0.3794,0.0072,0.6134
HEARTS THREE DIAMONDS FIVE,0.6228,0.0298,0.3474
HEARTS QUEEN HEARTS EIGHT,0.3376,0.0092,0.6532
DIAMONDS ACE DIAMONDS FIVE,0.367,0.0038,0.6292
HEARTS FOUR DIAMONDS FIVE,0.5964,0.029,0.3746
HEARTS FIVE DIAMONDS FIVE,0.408,0.0582,0.5338
HEARTS ACE HEARTS EIGHT,0.3442,0.0042,0.6516
CLUBS FOUR DIAMONDS FIVE,0.5974,0.0324,0.3702
CLUBS FIVE DIAMONDS FIVE,0.41,0.0468,0.5432
CLUBS SIX DIAMONDS FIVE,0.6532,0.087,0.2598
CLUBS SEVEN DIAMONDS FIVE,0.5918,0.0254,0.3828
CLUBS TWO DIAMONDS FIVE,0.624,0.0308,0.3452
CLUBS THREE DIAMONDS FIVE,0.6182,0.028,0.3538
SPADES THREE DIAMONDS FIVE,0.6288,0.0312,0.34
SPADES TWO DIAMONDS FIVE,0.6264,0.0314,0.3422
SPADES JACK DIAMONDS EIGHT,0.346,0.0152,0.6388
SPADES FIVE DIAMONDS FIVE,0.419,0.054,0.527
CLUBS TEN HEARTS JACK,0.2252,0.0544,0.7204
SPADES TEN DIAMONDS EIGHT,0.225,0.2358,0.5392
SPADES FOUR DIAMONDS FIVE,0.6096,0.0278,0.3626
HEARTS JACK CLUBS JACK,0.163,0.0192,0.8178
HEARTS JACK CLUBS QUEEN,0.3172,0.0112,0.6716
CLUBS NINE DIAMONDS FIVE,0.6208,0.026,0.3532
CLUBS KING HEARTS JACK,0.3208,0.0072,0.672
CLUBS EIGHT DIAMONDS FIVE,0.616,0.026,0.358
CLUBS ACE HEARTS JACK,0.3352,0.0022,0.6626
SPADES SEVEN DIAMONDS FIVE,0.5968,0.028,0.3752
SPADES KING DIAMONDS EIGHT,0.3728,0.0064,0.6208
SPADES QUEEN DIAMONDS EIGHT,0.362,0.012,0.626
SPADES NINE DIAMONDS FIVE,0.6058,0.0292,0.365
SPADES EIGHT DIAMONDS FIVE,0.598,0.032,0.37
SPADES ACE DIAMONDS EIGHT,0.361,0.006,0.633
HEARTS ACE DIAMONDS SEVEN,0.378,0.004,0.618
DIAMONDS JACK DIAMONDS SIX,0.2532,0.0584,0.6884
HEARTS QUEEN DIAMONDS SEVEN,0.3694,0.0122,0.6184
HEARTS KING DIAMONDS SEVEN,0.3686,0.0064,0.625
DIAMONDS ACE DIAMONDS SIX,0.2454,0.0254,0.7292
HEARTS FOUR DIAMONDS SIX,0.6508,0.0796,0.2696
SPADES TWO HEARTS JACK,0.3996,0.0186,0.5818
HEARTS FIVE DIAMONDS SIX,0.6506,0.078,0.2714
SPADES TWO HEARTS TEN,0.3992,0.3828,0.218
DIAMONDS QUEEN DIAMONDS SIX,0.2294,0.0526,0.718
HEARTS TWO DIAMONDS SIX,0.6792,0.08,0.2408
DIAMONDS KING DIAMONDS SIX,0.2432,0.0366,0.7202
HEARTS THREE DIAMONDS SIX,0.6716,0.0792,0.2492
HEARTS EIGHT DIAMONDS SIX,0.6586,0.07,0.2714
HEARTS NINE DIAMONDS SIX,0.685,0.076,0.239
HEARTS SIX DIAMONDS SIX,0.2962,0.0548,0.649
HEARTS SEVEN DIAMONDS SIX,0.6496,0.077,0.2734
HEARTS TEN DIAMONDS SEVEN,0.216,0.3068,0.4772
CLUBS TWO DIAMONDS SIX,0.6808,0.0884,0.2308
HEARTS JACK DIAMONDS SEVEN,0.35,0.0166,0.6334
CLUBS THREE DIAMONDS SIX,0.673,0.0846,0.2424
CLUBS SEVEN DIAMONDS SIX,0.639,0.0832,0.2778
DIAMONDS EIGHT CLUBS JACK,0.3498,0.0162,0.634
CLUBS SIX DIAMONDS SIX,0.3094,0.054,0.6366
CLUBS TEN DIAMONDS EIGHT,0.2248,0.2304,0.5448
CLUBS FIVE DIAMONDS SIX,0.6512,0.082,0.2668
CLUBS FOUR DIAMONDS SIX,0.6496,0.084,0.2664
HEARTS ACE HEARTS JACK,0.3126,0.0048,0.6826
DIAMONDS EIGHT CLUBS ACE,0.3662,0.0058,0.628
HEARTS QUEEN HEARTS JACK,0.2918,0.0072,0.701
DIAMONDS EIGHT CLUBS KING,0.3874,0.007,0.6056
CLUBS NINE DIAMONDS SIX,0.673,0.0768,0.2502
HEARTS KING HEARTS JACK,0.3036,0.0052,0.6912
DIAMONDS EIGHT CLUBS QUEEN,0.358,0.0112,0.6308
CLUBS EIGHT DIAMONDS SIX,0.6728,0.0688,0.2584
SPADES TEN HEARTS KING,0.2406,0.035,0.7244
SPADES FIVE DIAMONDS SIX,0.6566,0.0852,0.2582
HEARTS ACE SPADES TWO,0.403,0.0062,0.5908
SPADES JACK HEARTS KING,0.3266,0.0064,0.667
SPADES FOUR DIAMONDS SIX,0.6586,0.0778,0.2636
SPADES THREE DIAMONDS SIX,0.6646,0.0846,0.2508
HEARTS QUEEN SPADES TWO,0.4188,0.009,0.5722
SPADES ACE SPADES KING,0.318,0.0052,0.6768
SPADES TWO HEARTS KING,0.4002,0.0092,0.5906
SPADES TWO DIAMONDS SIX,0.6928,0.0916,0.2156
HEARTS TEN HEARTS EIGHT,0.2174,0.2172,0.5654
SPADES NINE DIAMONDS SIX,0.6744,0.0764,0.2492
HEARTS JACK HEARTS EIGHT,0.3268,0.015,0.6582
SPADES EIGHT DIAMONDS SIX,0.6666,0.0782,0.2552
SPADES SEVEN DIAMONDS SIX,0.6476,0.073,0.2794
SPADES KING HEARTS KING,0.1508,0.0076,0.8416
SPADES QUEEN HEARTS KING,0.3238,0.0048,0.6714
CLUBS ACE CLUBS KING,0.3184,0.003,0.6786
SPADES ACE HEARTS KING,0.34,0.0048,0.6552
SPADES ACE HEARTS JACK,0.3226,0.0034,0.674
SPADES QUEEN HEARTS JACK,0.3062,0.009,0.6848
SPADES KING HEARTS JACK,0.3084,0.0068,0.6848
SPADES JACK HEARTS JACK,0.1554,0.0266,0.818
SPADES TEN HEARTS JACK,0.2272,0.0556,0.7172
SPADES NINE DIAMONDS SEVEN,0.5734,0.0248,0.4018
SPADES EIGHT DIAMONDS SEVEN,0.556,0.0292,0.4148
SPADES SEVEN DIAMONDS SEVEN,0.2934,0.0526,0.654
DIAMONDS KING DIAMONDS SEVEN,0.3554,0.0058,0.6388
HEARTS THREE DIAMONDS SEVEN,0.6154,0.0294,0.3552
HEARTS KING DIAMONDS FIVE,0.4134,0.0074,0.5792
DIAMONDS QUEEN DIAMONDS SEVEN,0.3614,0.0102,0.6284
HEARTS TWO DIAMONDS SEVEN,0.6386,0.0264,0.335
HEARTS QUEEN DIAMONDS FIVE,0.41,0.0114,0.5786
HEARTS FIVE DIAMONDS SEVEN,0.6054,0.027,0.3676
DIAMONDS ACE DIAMONDS SEVEN,0.3544,0.0054,0.6402
HEARTS FOUR DIAMONDS SEVEN,0.6078,0.0294,0.3628
HEARTS ACE DIAMONDS FIVE,0.403,0.0042,0.5928
HEARTS SEVEN DIAMONDS SEVEN,0.305,0.0544,0.6406
HEARTS SIX DIAMONDS SEVEN,0.6454,0.0786,0.276
DIAMONDS SEVEN HEARTS NINE,0.5648,0.0264,0.4088
HEARTS EIGHT DIAMONDS SEVEN,0.5564,0.0256,0.418
DIAMONDS JACK DIAMONDS SEVEN,0.3372,0.0154,0.6474
DIAMONDS FIVE HEARTS JACK,0.4058,0.0158,0.5784
HEARTS TEN DIAMONDS FIVE,0.4172,0.3708,0.212
SPADES KING CLUBS TWO,0.406,0.0082,0.5858
HEARTS KING CLUBS KING,0.1542,0.0084,0.8374
CLUBS EIGHT DIAMONDS SEVEN,0.5562,0.0236,0.4202
SPADES QUEEN CLUBS TWO,0.402,0.0114,0.5866
HEARTS KING CLUBS QUEEN,0.326,0.0054,0.6686
CLUBS NINE DIAMONDS SEVEN,0.5638,0.0222,0.414
SPADES TWO CLUBS JACK,0.4052,0.0178,0.577
SPADES ACE CLUBS TWO,0.4022,0.005,0.5928
CLUBS TEN SPADES TWO,0.4092,0.3672,0.2236
HEARTS KING CLUBS ACE,0.3362,0.0038,0.66
CLUBS SEVEN CLUBS SIX,0.6176,0.067,0.3154
SPADES TWO CLUBS KING,0.4164,0.0074,0.5762
SPADES TWO DIAMONDS SEVEN,0.6454,0.0308,0.3238
CLUBS EIGHT CLUBS SIX,0.6166,0.0726,0.3108
SPADES THREE DIAMONDS SEVEN,0.6244,0.0294,0.3462
SPADES TWO CLUBS QUEEN,0.4218,0.012,0.5662
CLUBS NINE CLUBS SIX,0.6348,0.0734,0.2918
SPADES FOUR DIAMONDS SEVEN,0.6096,0.0276,0.3628
HEARTS KING CLUBS JACK,0.3214,0.0036,0.675
SPADES FIVE DIAMONDS SEVEN,0.6026,0.0242,0.3732
SPADES TWO CLUBS ACE,0.4082,0.0048,0.587
CLUBS TEN HEARTS KING,0.238,0.033,0.729
CLUBS SIX SPADES TWO,0.6886,0.08,0.2314
CLUBS SIX SPADES THREE,0.6614,0.0834,0.2552
CLUBS TWO DIAMONDS SEVEN,0.641,0.03,0.329
CLUBS SIX SPADES FOUR,0.6516,0.085,0.2634
CLUBS THREE DIAMONDS SEVEN,0.6294,0.0294,0.3412
CLUBS SIX SPADES FIVE,0.6456,0.0906,0.2638
CLUBS FOUR DIAMONDS SEVEN,0.6068,0.0302,0.363
CLUBS FIVE DIAMONDS SEVEN,0.5892,0.0304,0.3804
CLUBS SIX SPADES SEVEN,0.6446,0.0738,0.2816
CLUBS SIX DIAMONDS SEVEN,0.6492,0.0772,0.2736
CLUBS SIX SPADES EIGHT,0.6556,0.0778,0.2666
SPADES JACK CLUBS TWO,0.3926,0.0174,0.59
CLUBS SEVEN DIAMONDS SEVEN,0.294,0.054,0.652
SPADES NINE CLUBS SIX,0.6694,0.0768,0.2538
SPADES TEN CLUBS TWO,0.3986,0.3758,0.2256
CLUBS TWO CLUBS QUEEN,0.3766,0.0122,0.6112
CLUBS TWO CLUBS KING,0.3828,0.0086,0.6086
CLUBS THREE DIAMONDS EIGHT,0.6434,0.026,0.3306
CLUBS TWO CLUBS ACE,0.3674,0.0046,0.628
CLUBS TWO DIAMONDS EIGHT,0.6226,0.0294,0.348
HEARTS SEVEN DIAMONDS EIGHT,0.5602,0.027,0.4128
HEARTS SIX DIAMONDS EIGHT,0.661,0.0784,0.2606
DIAMONDS EIGHT HEARTS NINE,0.558,0.0214,0.4206
CLUBS TEN CLUBS TWO,0.3876,0.353,0.2594
DIAMONDS EIGHT HEARTS EIGHT,0.2888,0.0474,0.6638
CLUBS TWO CLUBS JACK,0.3774,0.018,0.6046
CLUBS NINE DIAMONDS EIGHT,0.534,0.0262,0.4398
CLUBS EIGHT DIAMONDS EIGHT,0.2836,0.0488,0.6676
CLUBS FIVE DIAMONDS EIGHT,0.6138,0.0248,0.3614
SPADES ACE SPADES THREE,0.387,0.0052,0.6078
CLUBS FOUR DIAMONDS EIGHT,0.6154,0.0288,0.3558
CLUBS SEVEN DIAMONDS EIGHT,0.5698,0.0258,0.4044
SPADES QUEEN SPADES THREE,0.3862,0.0146,0.5992
CLUBS SIX DIAMONDS EIGHT,0.6592,0.0728,0.268
SPADES KING SPADES THREE,0.3974,0.0104,0.5922
DIAMONDS EIGHT DIAMONDS QUEEN,0.3456,0.013,0.6414
HEARTS TWO DIAMONDS EIGHT,0.6318,0.0308,0.3374
DIAMONDS KING DIAMONDS EIGHT,0.355,0.0066,0.6384
HEARTS THREE DIAMONDS EIGHT,0.626,0.027,0.347
DIAMONDS ACE DIAMONDS EIGHT,0.3502,0.005,0.6448
HEARTS FOUR DIAMONDS EIGHT,0.6256,0.0252,0.3492
HEARTS FIVE DIAMONDS EIGHT,0.6082,0.0316,0.3602
DIAMONDS EIGHT DIAMONDS JACK,0.3314,0.0156,0.653
SPADES JACK SPADES THREE,0.3846,0.0158,0.5996
SPADES TEN SPADES THREE,0.3796,0.365,0.2554
CLUBS FOUR HEARTS ACE,0.3918,0.0042,0.604
CLUBS FOUR HEARTS QUEEN,0.4152,0.01,0.5748
CLUBS FOUR HEARTS KING,0.3958,0.007,0.5972
CLUBS SIX HEARTS TEN,0.0232,0.9596,0.0172
CLUBS SIX HEARTS JACK,0.2454,0.058,0.6966
SPADES FOUR DIAMONDS EIGHT,0.6164,0.0272,0.3564
SPADES FIVE DIAMONDS EIGHT,0.6172,0.0292,0.3536
DIAMONDS EIGHT SPADES TWO,0.6382,0.0252,0.3366
DIAMONDS EIGHT SPADES THREE,0.6394,0.0248,0.3358
CLUBS FOUR HEARTS JACK,0.4042,0.02,0.5758
SPADES EIGHT DIAMONDS EIGHT,0.2814,0.0472,0.6714
SPADES TEN DIAMONDS QUEEN,0.2244,0.0478,0.7278
SPADES TEN HEARTS TWO,0.396,0.3784,0.2256
SPADES JACK HEARTS EIGHT,0.3442,0.0186,0.6372
CLUBS FOUR HEARTS TEN,0.4046,0.3782,0.2172
SPADES NINE DIAMONDS EIGHT,0.5424,0.027,0.4306
SPADES TEN HEARTS EIGHT,0.2108,0.2274,0.5618
SPADES JACK HEARTS TWO,0.4004,0.017,0.5826
SPADES JACK DIAMONDS QUEEN,0.3016,0.0126,0.6858
SPADES SEVEN DIAMONDS EIGHT,0.5496,0.0308,0.4196
SPADES ACE HEARTS TWO,0.4,0.0038,0.5962
SPADES ACE DIAMONDS QUEEN,0.3256,0.0056,0.6688
SPADES ACE HEARTS EIGHT,0.3656,0.0036,0.6308
SPADES KING HEARTS EIGHT,0.372,0.0074,0.6206
SPADES QUEEN HEARTS TWO,0.4126,0.0144,0.573
SPADES QUEEN DIAMONDS QUEEN,0.1452,0.0138,0.841
SPADES KING DIAMONDS QUEEN,0.3142,0.0072,0.6786
SPADES KING HEARTS TWO,0.4118,0.0086,0.5796
SPADES QUEEN HEARTS EIGHT,0.361,0.009,0.63
CLUBS TWO HEARTS TEN,0.4042,0.376,0.2198
CLUBS TWO HEARTS JACK,0.3972,0.0196,0.5832
SPADES SEVEN DIAMONDS NINE,0.5628,0.0286,0.4086
SPADES NINE DIAMONDS NINE,0.2782,0.0408,0.681
SPADES EIGHT DIAMONDS NINE,0.5518,0.0272,0.421
SPADES TEN CLUBS KING,0.2414,0.0324,0.7262
DIAMONDS NINE SPADES THREE,0.6314,0.026,0.3426
SPADES JACK CLUBS KING,0.3236,0.0074,0.669
DIAMONDS NINE SPADES TWO,0.6372,0.0256,0.3372
SPADES FIVE DIAMONDS NINE,0.6244,0.029,0.3466
DIAMONDS NINE SPADES FOUR,0.6374,0.0274,0.3352
CLUBS NINE DIAMONDS NINE,0.2854,0.0408,0.6738
CLUBS EIGHT DIAMONDS NINE,0.5488,0.0222,0.429
CLUBS SIX DIAMONDS NINE,0.685,0.0734,0.2416
SPADES JACK CLUBS FOUR,0.4,0.0212,0.5788
CLUBS SEVEN DIAMONDS NINE,0.5712,0.025,0.4038
SPADES TEN CLUBS FOUR,0.3962,0.378,0.2258
CLUBS FOUR DIAMONDS NINE,0.6222,0.0258,0.352
CLUBS FIVE DIAMONDS NINE,0.6158,0.0272,0.357
DIAMONDS NINE CLUBS TWO,0.637,0.0258,0.3372
CLUBS THREE DIAMONDS NINE,0.6286,0.0282,0.3432
DIAMONDS NINE HEARTS EIGHT,0.561,0.0234,0.4156
DIAMONDS NINE HEARTS NINE,0.284,0.0426,0.6734
HEARTS SIX DIAMONDS NINE,0.6694,0.0808,0.2498
HEARTS SEVEN DIAMONDS NINE,0.5694,0.0306,0.4
CLUBS NINE CLUBS EIGHT,0.5126,0.027,0.4604
DIAMONDS ACE DIAMONDS NINE,0.3376,0.005,0.6574
HEARTS FOUR DIAMONDS NINE,0.6192,0.0304,0.3504
HEARTS FIVE DIAMONDS NINE,0.6198,0.0246,0.3556
HEARTS ACE CLUBS TWO,0.408,0.004,0.588
SPADES ACE CLUBS FOUR,0.379,0.003,0.618
DIAMONDS NINE DIAMONDS QUEEN,0.3374,0.0114,0.6512
HEARTS TWO DIAMONDS NINE,0.6342,0.0292,0.3366
CLUBS TWO HEARTS KING,0.4178,0.0094,0.5728
SPADES KING CLUBS FOUR,0.3958,0.0074,0.5968
DIAMONDS KING DIAMONDS NINE,0.3492,0.0048,0.646
HEARTS THREE DIAMONDS NINE,0.6266,0.0286,0.3448
CLUBS TWO HEARTS QUEEN,0.4086,0.0138,0.5776
SPADES QUEEN CLUBS FOUR,0.3866,0.0128,0.6006
DIAMONDS NINE DIAMONDS JACK,0.3176,0.0158,0.6666
CLUBS EIGHT SPADES NINE,0.5508,0.021,0.4282
CLUBS EIGHT SPADES EIGHT,0.2762,0.0476,0.6762
CLUBS EIGHT SPADES SEVEN,0.5448,0.0304,0.4248
CLUBS EIGHT SPADES FIVE,0.6056,0.0264,0.368
CLUBS EIGHT SPADES FOUR,0.6232,0.0278,0.349
CLUBS EIGHT SPADES THREE,0.6274,0.0292,0.3434
CLUBS EIGHT SPADES TWO,0.6244,0.0266,0.349
CLUBS FOUR CLUBS JACK,0.3656,0.0174,0.617
CLUBS TEN CLUBS FOUR,0.389,0.3378,0.2732
CLUBS FOUR CLUBS KING,0.3856,0.0058,0.6086
CLUBS FOUR CLUBS QUEEN,0.3678,0.0116,0.6206
CLUBS FOUR CLUBS ACE,0.3698,0.0046,0.6256
CLUBS EIGHT HEARTS JACK,0.3468,0.0144,0.6388
CLUBS EIGHT HEARTS TEN,0.2222,0.2312,0.5466
CLUBS EIGHT HEARTS QUEEN,0.3588,0.009,0.6322
CLUBS EIGHT HEARTS KING,0.3758,0.0086,0.6156
CLUBS EIGHT HEARTS ACE,0.3668,0.0026,0.6306
CLUBS NINE SPADES THREE,0.6414,0.0236,0.335
CLUBS NINE SPADES TWO,0.634,0.029,0.337
CLUBS NINE SPADES FIVE,0.63,0.0238,0.3462
CLUBS NINE SPADES FOUR,0.6376,0.0274,0.335
CLUBS NINE SPADES SEVEN,0.574,0.0262,0.3998
CLUBS NINE SPADES NINE,0.2682,0.0412,0.6906
CLUBS TEN HEARTS EIGHT,0.2248,0.2272,0.548
CLUBS NINE SPADES EIGHT,0.5518,0.0264,0.4218
HEARTS EIGHT CLUBS JACK,0.355,0.0146,0.6304
CLUBS QUEEN HEARTS EIGHT,0.3634,0.0074,0.6292
CLUBS KING HEARTS EIGHT,0.3808,0.0082,0.611
CLUBS ACE HEARTS EIGHT,0.3678,0.0028,0.6294
SPADES KING CLUBS KING,0.1416,0.0106,0.8478
SPADES QUEEN CLUBS KING,0.3186,0.0064,0.675
SPADES ACE CLUBS KING,0.3268,0.0042,0.669
DIAMONDS ACE HEARTS TEN,0.236,0.0262,0.7378
HEARTS FOUR HEARTS TEN,0.3772,0.3644,0.2584
DIAMONDS ACE HEARTS JACK,0.3264,0.003,0.6706
HEARTS FOUR HEARTS JACK,0.3834,0.017,0.5996
SPADES KING CLUBS FIVE,0.3996,0.0076,0.5928
SPADES QUEEN CLUBS FIVE,0.4022,0.0098,0.588
SPADES ACE CLUBS FIVE,0.3912,0.0054,0.6034
HEARTS SEVEN DIAMONDS JACK,0.3654,0.016,0.6186
HEARTS SIX DIAMONDS JACK,0.2558,0.0618,0.6824
DIAMONDS JACK HEARTS NINE,0.3266,0.0158,0.6576
DIAMONDS JACK HEARTS EIGHT,0.3416,0.0162,0.6422
DIAMONDS KING DIAMONDS JACK,0.307,0.0056,0.6874
HEARTS THREE DIAMONDS JACK,0.3938,0.0162,0.59
HEARTS ACE SPADES FOUR,0.3982,0.0028,0.599
DIAMONDS QUEEN DIAMONDS JACK,0.2894,0.0104,0.7002
HEARTS TWO DIAMONDS JACK,0.4034,0.0164,0.5802
HEARTS FIVE DIAMONDS JACK,0.3996,0.0176,0.5828
SPADES FOUR HEARTS QUEEN,0.3994,0.0106,0.59
DIAMONDS ACE DIAMONDS JACK,0.3148,0.005,0.6802
HEARTS FOUR DIAMONDS JACK,0.4034,0.0158,0.5808
SPADES FOUR HEARTS KING,0.405,0.0086,0.5864
SPADES FOUR DIAMONDS JACK,0.4062,0.018,0.5758
SPADES FIVE DIAMONDS JACK,0.4058,0.0172,0.577
SPADES TWO DIAMONDS JACK,0.3948,0.021,0.5842
SPADES THREE DIAMONDS JACK,0.4004,0.0176,0.582
SPADES ACE DIAMONDS THREE,0.4086,0.0058,0.5856
SPADES QUEEN DIAMONDS THREE,0.3984,0.0138,0.5878
CLUBS EIGHT DIAMONDS JACK,0.335,0.018,0.647
SPADES KING DIAMONDS THREE,0.402,0.0074,0.5906
CLUBS NINE DIAMONDS JACK,0.33,0.0154,0.6546
CLUBS SIX DIAMONDS JACK,0.2448,0.0604,0.6948
CLUBS SEVEN DIAMONDS JACK,0.3498,0.0168,0.6334
CLUBS FOUR DIAMONDS JACK,0.4024,0.0156,0.582
CLUBS FIVE DIAMONDS JACK,0.4062,0.0194,0.5744
CLUBS TWO DIAMONDS JACK,0.405,0.0178,0.5772
CLUBS THREE DIAMONDS JACK,0.4058,0.0234,0.5708
SPADES TEN CLUBS FIVE,0.402,0.3754,0.2226
SPADES JACK HEARTS SIX,0.2488,0.0614,0.6898
HEARTS SIX SPADES TEN,0.0108,0.9728,0.0164
SPADES JACK CLUBS FIVE,0.3984,0.0168,0.5848
SPADES JACK DIAMONDS THREE,0.4034,0.0178,0.5788
CLUBS SEVEN CLUBS ACE,0.35,0.0044,0.6456
DIAMONDS THREE SPADES TEN,0.3996,0.3808,0.2196
CLUBS SEVEN CLUBS QUEEN,0.3516,0.0106,0.6378
CLUBS SEVEN CLUBS KING,0.3464,0.0054,0.6482
SPADES NINE DIAMONDS JACK,0.3236,0.02,0.6564
CLUBS TEN CLUBS SEVEN,0.2034,0.2814,0.5152
DIAMONDS ACE HEARTS ACE,0.1418,0.0032,0.855
HEARTS FOUR HEARTS ACE,0.3616,0.004,0.6344
SPADES EIGHT DIAMONDS JACK,0.3372,0.0202,0.6426
SPADES ACE HEARTS SIX,0.2472,0.0204,0.7324
CLUBS SEVEN CLUBS JACK,0.332,0.0144,0.6536
DIAMONDS ACE HEARTS KING,0.3398,0.0046,0.6556
HEARTS FOUR HEARTS KING,0.4022,0.0078,0.59
SPADES SEVEN DIAMONDS JACK,0.3422,0.0184,0.6394
SPADES KING HEARTS SIX,0.2474,0.0426,0.71
DIAMONDS ACE HEARTS QUEEN,0.3304,0.0044,0.6652
HEARTS FOUR HEARTS QUEEN,0.3826,0.0106,0.6068
SPADES QUEEN HEARTS SIX,0.2492,0.0472,0.7036
DIAMONDS THREE CLUBS JACK,0.4042,0.0174,0.5784
CLUBS TEN DIAMONDS THREE,0.4102,0.3804,0.2094
DIAMONDS THREE CLUBS KING,0.396,0.0074,0.5966
DIAMONDS THREE CLUBS QUEEN,0.4012,0.0128,0.586
DIAMONDS THREE CLUBS ACE,0.4034,0.0052,0.5914
SPADES FOUR HEARTS JACK,0.4038,0.0158,0.5804
SPADES FOUR HEARTS TEN,0.3942,0.381,0.2248
SPADES FIVE SPADES TWO,0.597,0.0346,0.3684
SPADES FOUR SPADES TWO,0.5944,0.028,0.3776
SPADES THREE SPADES TWO,0.6132,0.0284,0.3584
SPADES NINE SPADES TWO,0.586,0.03,0.384
SPADES EIGHT SPADES TWO,0.596,0.024,0.38
SPADES SEVEN SPADES TWO,0.6036,0.0282,0.3682
CLUBS THREE DIAMONDS QUEEN,0.4052,0.0106,0.5842
CLUBS THREE HEARTS TWO,0.6294,0.0304,0.3402
CLUBS TWO DIAMONDS QUEEN,0.4146,0.0102,0.5752
HEARTS TWO CLUBS TWO,0.41,0.0574,0.5326
HEARTS SEVEN DIAMONDS QUEEN,0.3586,0.0114,0.63
HEARTS SEVEN HEARTS TWO,0.5858,0.0258,0.3884
HEARTS SIX DIAMONDS QUEEN,0.234,0.0474,0.7186
HEARTS SIX HEARTS TWO,0.642,0.0752,0.2828
DIAMONDS QUEEN HEARTS NINE,0.347,0.0088,0.6442
HEARTS TWO HEARTS NINE,0.5872,0.0268,0.386
DIAMONDS QUEEN HEARTS EIGHT,0.3578,0.0114,0.6308
HEARTS TWO HEARTS EIGHT,0.5726,0.026,0.4014
CLUBS NINE HEARTS TWO,0.6284,0.03,0.3416
CLUBS NINE DIAMONDS QUEEN,0.353,0.008,0.639
CLUBS EIGHT HEARTS TWO,0.63,0.026,0.344
CLUBS EIGHT DIAMONDS QUEEN,0.3476,0.0092,0.6432
CLUBS FIVE DIAMONDS QUEEN,0.4074,0.0132,0.5794
CLUBS FIVE HEARTS TWO,0.6274,0.027,0.3456
SPADES EIGHT HEARTS ACE,0.3662,0.004,0.6298
CLUBS FOUR DIAMONDS QUEEN,0.3908,0.0126,0.5966
CLUBS FOUR HEARTS TWO,0.6272,0.0264,0.3464
CLUBS SEVEN DIAMONDS QUEEN,0.3558,0.0096,0.6346
CLUBS SEVEN HEARTS TWO,0.6336,0.0274,0.339
SPADES EIGHT HEARTS QUEEN,0.3564,0.0096,0.634
CLUBS SIX DIAMONDS QUEEN,0.2452,0.0484,0.7064
CLUBS SIX HEARTS TWO,0.6692,0.0804,0.2504
SPADES EIGHT HEARTS KING,0.3562,0.0074,0.6364
HEARTS FOUR CLUBS QUEEN,0.4028,0.0114,0.5858
DIAMONDS ACE CLUBS QUEEN,0.3138,0.0046,0.6816
SPADES SEVEN DIAMONDS QUEEN,0.3552,0.0116,0.6332
SPADES SEVEN HEARTS TWO,0.6244,0.0256,0.35
HEARTS FOUR CLUBS KING,0.4046,0.0076,0.5878
DIAMONDS ACE CLUBS KING,0.3312,0.0034,0.6654
SPADES EIGHT DIAMONDS QUEEN,0.3484,0.0092,0.6424
SPADES EIGHT HEARTS TWO,0.6254,0.0264,0.3482
HEARTS FOUR CLUBS ACE,0.3962,0.0028,0.601
DIAMONDS ACE CLUBS ACE,0.132,0.0032,0.8648
SPADES NINE DIAMONDS QUEEN,0.351,0.0108,0.6382
SPADES NINE HEARTS TWO,0.6378,0.0294,0.3328
HEARTS TWO SPADES TWO,0.4176,0.059,0.5234
DIAMONDS QUEEN SPADES TWO,0.4006,0.0134,0.586
HEARTS TWO SPADES THREE,0.6174,0.0324,0.3502
SPADES THREE DIAMONDS QUEEN,0.4088,0.0102,0.581
HEARTS TWO SPADES FOUR,0.6328,0.0282,0.339
SPADES FOUR DIAMONDS QUEEN,0.395,0.0128,0.5922
CLUBS TEN HEARTS FOUR,0.4106,0.3722,0.2172
CLUBS TEN DIAMONDS ACE,0.2296,0.0222,0.7482
HEARTS TWO SPADES FIVE,0.6414,0.0282,0.3304
SPADES FIVE DIAMONDS QUEEN,0.393,0.0142,0.5928
HEARTS FOUR CLUBS JACK,0.4084,0.0158,0.5758
DIAMONDS ACE CLUBS JACK,0.3362,0.0042,0.6596
CLUBS FIVE CLUBS KING,0.3766,0.0082,0.6152
CLUBS FIVE CLUBS QUEEN,0.3664,0.0092,0.6244
CLUBS FIVE CLUBS ACE,0.3806,0.0048,0.6146
CLUBS FIVE CLUBS JACK,0.3774,0.0162,0.6064
CLUBS TEN CLUBS FIVE,0.3742,0.3522,0.2736
SPADES KING CLUBS JACK,0.322,0.0048,0.6732
SPADES QUEEN CLUBS JACK,0.3134,0.0106,0.676
SPADES ACE CLUBS JACK,0.3278,0.0036,0.6686
SPADES EIGHT HEARTS JACK,0.348,0.0154,0.6366
SPADES EIGHT HEARTS TEN,0.2302,0.2266,0.5432
SPADES TEN CLUBS JACK,0.2146,0.052,0.7334
SPADES JACK CLUBS JACK,0.1562,0.0204,0.8234
SPADES QUEEN CLUBS SEVEN,0.359,0.0104,0.6306
SPADES KING CLUBS SEVEN,0.3608,0.006,0.6332
SPADES ACE CLUBS SEVEN,0.3558,0.003,0.6412
CLUBS SEVEN SPADES JACK,0.3578,0.0188,0.6234
CLUBS SEVEN SPADES TEN,0.2122,0.3,0.4878
CLUBS TEN HEARTS SIX,0.0206,0.9612,0.0182
HEARTS SIX CLUBS JACK,0.2432,0.0582,0.6986
CLUBS ACE CLUBS JACK,0.3078,0.004,0.6882
HEARTS SIX CLUBS QUEEN,0.2464,0.0524,0.7012
HEARTS SIX CLUBS KING,0.2646,0.0346,0.7008
HEARTS SIX CLUBS ACE,0.2482,0.0242,0.7276
CLUBS QUEEN CLUBS JACK,0.2988,0.0102,0.691
CLUBS KING CLUBS JACK,0.3118,0.0066,0.6816
DIAMONDS THREE HEARTS ACE,0.4026,0.0052,0.5922
DIAMONDS THREE HEARTS QUEEN,0.4172,0.012,0.5708
DIAMONDS THREE HEARTS KING,0.4112,0.007,0.5818
CLUBS FIVE HEARTS JACK,0.4054,0.014,0.5806
SPADES TEN DIAMONDS ACE,0.2312,0.0284,0.7404
HEARTS FOUR SPADES TEN,0.4052,0.3702,0.2246
CLUBS FIVE HEARTS TEN,0.3982,0.3782,0.2236
HEARTS FOUR SPADES JACK,0.3922,0.016,0.5918
SPADES JACK DIAMONDS ACE,0.3304,0.005,0.6646
SPADES ACE HEARTS FOUR,0.3772,0.0042,0.6186
SPADES ACE DIAMONDS ACE,0.1272,0.0058,0.867
CLUBS FIVE HEARTS ACE,0.3938,0.0052,0.601
CLUBS FIVE HEARTS KING,0.396,0.0054,0.5986
HEARTS FOUR SPADES QUEEN,0.3962,0.0108,0.593
SPADES QUEEN DIAMONDS ACE,0.3102,0.005,0.6848
SPADES FOUR CLUBS JACK,0.4162,0.0146,0.5692
CLUBS FIVE HEARTS QUEEN,0.4056,0.0102,0.5842
SPADES KING DIAMONDS ACE,0.3324,0.0044,0.6632
SPADES KING HEARTS FOUR,0.4006,0.009,0.5904
CLUBS TEN SPADES FOUR,0.4072,0.377,0.2158
DIAMONDS ACE DIAMONDS QUEEN,0.3168,0.0032,0.68
DIAMONDS ACE HEARTS TWO,0.3976,0.0048,0.5976
HEARTS FOUR DIAMONDS QUEEN,0.4016,0.0098,0.5886
HEARTS FOUR HEARTS TWO,0.5788,0.0276,0.3936
DIAMONDS THREE HEARTS TEN,0.4128,0.3678,0.2194
SPADES FOUR CLUBS KING,0.4044,0.0072,0.5884
HEARTS FIVE DIAMONDS QUEEN,0.388,0.0126,0.5994
HEARTS FIVE HEARTS TWO,0.5824,0.0252,0.3924
DIAMONDS THREE HEARTS JACK,0.4058,0.0212,0.573
SPADES FOUR CLUBS QUEEN,0.3992,0.0108,0.59
HEARTS TWO DIAMONDS QUEEN,0.4004,0.0128,0.5868
DIAMONDS KING DIAMONDS QUEEN,0.3074,0.0076,0.685
DIAMONDS KING HEARTS TWO,0.4136,0.0088,0.5776
HEARTS THREE DIAMONDS QUEEN,0.3964,0.0122,0.5914
HEARTS THREE HEARTS TWO,0.5752,0.027,0.3978
SPADES FOUR CLUBS ACE,0.4144,0.0038,0.5818
HEARTS TWO CLUBS ACE,0.4074,0.0044,0.5882
DIAMONDS QUEEN CLUBS ACE,0.3274,0.005,0.6676
HEARTS TWO CLUBS QUEEN,0.4056,0.0112,0.5832
DIAMONDS QUEEN CLUBS QUEEN,0.1532,0.0174,0.8294
HEARTS TWO CLUBS KING,0.41,0.006,0.584
DIAMONDS QUEEN CLUBS KING,0.3368,0.0084,0.6548
SPADES EIGHT SPADES FIVE,0.5638,0.0266,0.4096
CLUBS TEN HEARTS TWO,0.4016,0.3708,0.2276
CLUBS TEN DIAMONDS QUEEN,0.2246,0.0436,0.7318
SPADES NINE SPADES FIVE,0.5842,0.0296,0.3862
HEARTS TWO CLUBS JACK,0.4082,0.0174,0.5744
DIAMONDS QUEEN CLUBS JACK,0.315,0.0108,0.6742
SPADES SEVEN SPADES FIVE,0.5594,0.032,0.4086
DIAMONDS FIVE CLUBS QUEEN,0.4006,0.0094,0.59
SPADES EIGHT CLUBS ACE,0.3566,0.0038,0.6396
DIAMONDS FIVE CLUBS KING,0.4144,0.008,0.5776
SPADES EIGHT CLUBS KING,0.3666,0.0066,0.6268
CLUBS ACE DIAMONDS FIVE,0.4032,0.0036,0.5932
SPADES EIGHT CLUBS QUEEN,0.3618,0.0102,0.628
SPADES EIGHT CLUBS JACK,0.3548,0.0156,0.6296
CLUBS TEN SPADES EIGHT,0.219,0.2282,0.5528
CLUBS TEN DIAMONDS FIVE,0.4084,0.377,0.2146
DIAMONDS FIVE CLUBS JACK,0.4016,0.02,0.5784
SPADES ACE CLUBS NINE,0.367,0.0034,0.6296
CLUBS NINE SPADES QUEEN,0.3394,0.0122,0.6484
CLUBS NINE SPADES KING,0.3648,0.0074,0.6278
HEARTS SIX HEARTS KING,0.2364,0.0364,0.7272
DIAMONDS KING SPADES SEVEN,0.3494,0.0066,0.644
HEARTS THREE SPADES SEVEN,0.6104,0.0284,0.3612
SPADES KING DIAMONDS SEVEN,0.3656,0.0072,0.6272
HEARTS SIX HEARTS QUEEN,0.2364,0.046,0.7176
SPADES QUEEN DIAMONDS SEVEN,0.3658,0.0112,0.623
SPADES NINE DIAMONDS KING,0.354,0.009,0.637
SPADES NINE HEARTS THREE,0.6286,0.0284,0.343
HEARTS SIX HEARTS ACE,0.2274,0.023,0.7496
DIAMONDS KING SPADES EIGHT,0.3606,0.0078,0.6316
SPADES EIGHT HEARTS THREE,0.6182,0.0306,0.3512
SPADES ACE DIAMONDS SEVEN,0.3684,0.006,0.6256
CLUBS NINE HEARTS THREE,0.6244,0.029,0.3466
CLUBS NINE DIAMONDS KING,0.3564,0.0084,0.6352
CLUBS EIGHT HEARTS THREE,0.6268,0.0288,0.3444
CLUBS EIGHT DIAMONDS KING,0.3718,0.0064,0.6218
HEARTS THREE SPADES THREE,0.4132,0.06,0.5268
DIAMONDS KING SPADES THREE,0.4054,0.0102,0.5844
HEARTS THREE SPADES TWO,0.634,0.0264,0.3396
DIAMONDS KING SPADES TWO,0.4062,0.0086,0.5852
HEARTS THREE SPADES FIVE,0.613,0.0298,0.3572
DIAMONDS KING SPADES FIVE,0.3946,0.0074,0.598
HEARTS THREE SPADES FOUR,0.6182,0.027,0.3548
