opposingHand,winningChance,drawChance,lostChance
SPADES EIGHT CLUBS TWO
HEARTS FIVE SPADES TEN,0.3558,0.0292,0.615
SPADES JACK HEARTS FIVE,0.3546,0.0184,0.627
SPADES FIVE CLUBS JACK,0.3436,0.0218,0.6346
CLUBS TEN SPADES FIVE,0.3514,0.027,0.6216
CLUBS EIGHT CLUBS JACK,0.2168,0.0574,0.7258
CLUBS TEN CLUBS EIGHT,0.2148,0.0784,0.7068
CLUBS EIGHT CLUBS KING,0.2112,0.0398,0.749
SPADES FIVE CLUBS ACE,0.3464,0.0054,0.6482
CLUBS EIGHT CLUBS QUEEN,0.2224,0.0468,0.7308
SPADES FIVE CLUBS KING,0.3506,0.0078,0.6416
SPADES FIVE CLUBS QUEEN,0.3566,0.0112,0.6322
CLUBS EIGHT CLUBS ACE,0.2218,0.0332,0.745
DIAMONDS TWO DIAMONDS THREE,0.5534,0.1332,0.3134
DIAMONDS TWO DIAMONDS FIVE,0.5444,0.1432,0.3124
SPADES KING HEARTS FIVE,0.3518,0.0068,0.6414
DIAMONDS TWO DIAMONDS FOUR,0.556,0.1406,0.3034
SPADES QUEEN HEARTS FIVE,0.343,0.013,0.644
DIAMONDS TWO DIAMONDS SEVEN,0.583,0.1422,0.2748
DIAMONDS TWO DIAMONDS SIX,0.5788,0.1362,0.285
SPADES ACE HEARTS FIVE,0.3524,0.0054,0.6422
DIAMONDS TWO DIAMONDS NINE,0.2114,0.097,0.6916
DIAMONDS TWO DIAMONDS EIGHT,0.0216,0.906,0.0724
DIAMONDS THREE DIAMONDS FOUR,0.4738,0.0712,0.455
DIAMONDS THREE DIAMONDS FIVE,0.4788,0.066,0.4552
DIAMONDS THREE DIAMONDS EIGHT,0.207,0.4828,0.3102
DIAMONDS THREE DIAMONDS NINE,0.3296,0.0448,0.6256
DIAMONDS THREE DIAMONDS SIX,0.4988,0.067,0.4342
DIAMONDS THREE DIAMONDS SEVEN,0.5146,0.0536,0.4318
CLUBS TEN CLUBS JACK,0.2928,0.017,0.6902
DIAMONDS FOUR DIAMONDS SIX,0.4778,0.0656,0.4566
CLUBS TEN CLUBS QUEEN,0.3036,0.01,0.6864
DIAMONDS FOUR DIAMONDS SEVEN,0.4882,0.0616,0.4502
CLUBS TEN CLUBS KING,0.3092,0.0102,0.6806
CLUBS TEN CLUBS ACE,0.2856,0.0056,0.7088
DIAMONDS FIVE DIAMONDS FOUR,0.4748,0.0688,0.4564
DIAMONDS NINE DIAMONDS FOUR,0.3242,0.0456,0.6302
DIAMONDS EIGHT DIAMONDS FOUR,0.1996,0.4818,0.3186
DIAMONDS NINE DIAMONDS FIVE,0.3234,0.0404,0.6362
DIAMONDS TWO CLUBS JACK,0.2234,0.0628,0.7138
DIAMONDS EIGHT DIAMONDS FIVE,0.2038,0.4162,0.38
CLUBS TEN DIAMONDS TWO,0.2444,0.0764,0.6792
DIAMONDS FIVE DIAMONDS SEVEN,0.4748,0.0686,0.4566
DIAMONDS FIVE DIAMONDS SIX,0.4712,0.0668,0.462
DIAMONDS TWO CLUBS ACE,0.235,0.0178,0.7472
DIAMONDS TWO CLUBS KING,0.2374,0.0316,0.731
DIAMONDS TWO CLUBS QUEEN,0.2294,0.0422,0.7284
DIAMONDS EIGHT DIAMONDS SIX,0.2026,0.347,0.4504
DIAMONDS NINE DIAMONDS SIX,0.311,0.041,0.648
HEARTS ACE SPADES THREE,0.3542,0.0066,0.6392
HEARTS KING SPADES THREE,0.3644,0.0092,0.6264
DIAMONDS SEVEN DIAMONDS SIX,0.4552,0.0666,0.4782
SPADES THREE HEARTS QUEEN,0.3656,0.014,0.6204
SPADES THREE HEARTS JACK,0.3628,0.0194,0.6178
SPADES THREE HEARTS TEN,0.3512,0.0338,0.615
DIAMONDS EIGHT DIAMONDS SEVEN,0.2064,0.282,0.5116
DIAMONDS NINE DIAMONDS SEVEN,0.3092,0.0388,0.652
DIAMONDS NINE DIAMONDS EIGHT,0.2108,0.1084,0.6808
DIAMONDS KING HEARTS TEN,0.3154,0.0078,0.6768
HEARTS THREE HEARTS TEN,0.3326,0.0326,0.6348
SPADES JACK CLUBS SIX,0.3462,0.018,0.6358
DIAMONDS KING HEARTS JACK,0.3202,0.0066,0.6732
HEARTS THREE HEARTS JACK,0.3356,0.0198,0.6446
SPADES TEN CLUBS SIX,0.34,0.026,0.634
SPADES JACK SPADES FIVE,0.3494,0.02,0.6306
SPADES TEN SPADES FIVE,0.3322,0.0286,0.6392
DIAMONDS KING HEARTS ACE,0.3286,0.005,0.6664
HEARTS THREE HEARTS ACE,0.3312,0.0052,0.6636
SPADES ACE CLUBS SIX,0.3334,0.005,0.6616
DIAMONDS KING HEARTS QUEEN,0.3184,0.0064,0.6752
HEARTS THREE HEARTS QUEEN,0.3482,0.0126,0.6392
SPADES KING CLUBS SIX,0.3528,0.0086,0.6386
DIAMONDS KING HEARTS KING,0.135,0.013,0.852
HEARTS THREE HEARTS KING,0.3308,0.0066,0.6626
SPADES QUEEN CLUBS SIX,0.3396,0.0136,0.6468
SPADES NINE HEARTS TEN,0.2928,0.0246,0.6826
SPADES NINE HEARTS JACK,0.299,0.0164,0.6846
SPADES QUEEN SPADES FIVE,0.3408,0.0154,0.6438
SPADES KING SPADES FIVE,0.3338,0.0076,0.6586
SPADES ACE SPADES FIVE,0.3332,0.0064,0.6604
SPADES NINE HEARTS QUEEN,0.3124,0.0114,0.6762
SPADES NINE HEARTS KING,0.333,0.0086,0.6584
SPADES NINE HEARTS ACE,0.3164,0.007,0.6766
CLUBS TEN SPADES JACK,0.2992,0.017,0.6838
CLUBS TEN SPADES TEN,0.1214,0.0474,0.8312
SPADES ACE CLUBS TEN,0.2942,0.0046,0.7012
SPADES KING CLUBS TEN,0.3166,0.006,0.6774
CLUBS TEN SPADES QUEEN,0.3086,0.0118,0.6796
SPADES FIVE HEARTS QUEEN,0.3596,0.0134,0.627
SPADES FIVE HEARTS KING,0.359,0.0092,0.6318
SPADES FIVE HEARTS ACE,0.3434,0.0072,0.6494
CLUBS EIGHT SPADES TEN,0.2004,0.0852,0.7144
HEARTS THREE SPADES JACK,0.3622,0.0206,0.6172
SPADES JACK DIAMONDS KING,0.3078,0.0076,0.6846
SPADES TEN DIAMONDS KING,0.333,0.0102,0.6568
HEARTS THREE SPADES TEN,0.351,0.0274,0.6216
SPADES JACK CLUBS EIGHT,0.2124,0.0626,0.725
CLUBS SIX HEARTS ACE,0.3522,0.0056,0.6422
SPADES ACE CLUBS EIGHT,0.2124,0.0346,0.753
HEARTS FIVE CLUBS JACK,0.3532,0.016,0.6308
CLUBS TEN HEARTS FIVE,0.3606,0.0258,0.6136
CLUBS SIX HEARTS QUEEN,0.3576,0.0102,0.6322
SPADES QUEEN CLUBS EIGHT,0.2182,0.0496,0.7322
CLUBS TEN SPADES THREE,0.356,0.029,0.615
CLUBS SIX HEARTS KING,0.3508,0.0102,0.639
SPADES KING CLUBS EIGHT,0.2178,0.0398,0.7424
SPADES THREE CLUBS JACK,0.3582,0.0208,0.621
DIAMONDS TWO HEARTS JACK,0.2446,0.0484,0.707
SPADES THREE CLUBS QUEEN,0.3626,0.0142,0.6232
DIAMONDS TWO HEARTS TEN,0.2368,0.0764,0.6868
SPADES THREE CLUBS KING,0.356,0.0078,0.6362
HEARTS FIVE CLUBS ACE,0.3426,0.0038,0.6536
SPADES FIVE HEARTS TEN,0.3622,0.028,0.6098
SPADES THREE CLUBS ACE,0.3388,0.0054,0.6558
HEARTS FIVE CLUBS KING,0.352,0.0102,0.6378
SPADES FIVE HEARTS JACK,0.3476,0.0216,0.6308
HEARTS FIVE CLUBS QUEEN,0.349,0.0124,0.6386
HEARTS THREE CLUBS KING,0.3592,0.0104,0.6304
DIAMONDS KING CLUBS KING,0.1234,0.0164,0.8602
HEARTS THREE CLUBS QUEEN,0.3634,0.0116,0.625
DIAMONDS KING CLUBS QUEEN,0.3012,0.0074,0.6914
HEARTS FIVE HEARTS JACK,0.3308,0.0196,0.6496
HEARTS FIVE HEARTS TEN,0.3318,0.0262,0.642
HEARTS THREE CLUBS ACE,0.3572,0.0038,0.639
DIAMONDS KING CLUBS ACE,0.307,0.0036,0.6894
SPADES ACE CLUBS QUEEN,0.3176,0.007,0.6754
SPADES KING CLUBS QUEEN,0.3278,0.0096,0.6626
HEARTS THREE CLUBS JACK,0.3388,0.0224,0.6388
DIAMONDS KING CLUBS JACK,0.3164,0.0086,0.675
SPADES QUEEN CLUBS QUEEN,0.1142,0.029,0.8568
CLUBS TEN HEARTS THREE,0.3616,0.0314,0.607
CLUBS TEN DIAMONDS KING,0.3198,0.0052,0.675
SPADES JACK CLUBS QUEEN,0.3038,0.0102,0.686
CLUBS SIX CLUBS QUEEN,0.3436,0.014,0.6424
SPADES TEN CLUBS QUEEN,0.3024,0.0126,0.685
CLUBS SIX CLUBS KING,0.3422,0.0056,0.6522
CLUBS SIX CLUBS ACE,0.3306,0.0044,0.665
HEARTS FIVE HEARTS KING,0.3244,0.0086,0.667
HEARTS FIVE HEARTS QUEEN,0.3516,0.0116,0.6368
CLUBS TEN CLUBS SIX,0.3368,0.0248,0.6384
HEARTS FIVE HEARTS ACE,0.3134,0.0048,0.6818
CLUBS SIX CLUBS JACK,0.3394,0.018,0.6426
SPADES SEVEN HEARTS JACK,0.3436,0.0188,0.6376
SPADES SEVEN HEARTS TEN,0.3268,0.0266,0.6466
DIAMONDS TWO CLUBS THREE,0.5966,0.1414,0.262
HEARTS SIX DIAMONDS TWO,0.6178,0.133,0.2492
DIAMONDS TWO HEARTS QUEEN,0.2518,0.041,0.7072
DIAMONDS TWO HEARTS SEVEN,0.6294,0.1446,0.226
DIAMONDS TWO HEARTS KING,0.2538,0.0282,0.718
DIAMONDS TWO HEARTS EIGHT,0.0206,0.9542,0.0252
DIAMONDS TWO HEARTS ACE,0.2414,0.0166,0.742
DIAMONDS TWO HEARTS NINE,0.2294,0.102,0.6686
DIAMONDS TWO DIAMONDS QUEEN,0.2324,0.0338,0.7338
DIAMONDS TWO HEARTS TWO,0.2682,0.067,0.6648
DIAMONDS TWO DIAMONDS KING,0.2334,0.0298,0.7368
HEARTS THREE DIAMONDS TWO,0.5936,0.1362,0.2702
DIAMONDS TWO DIAMONDS ACE,0.2252,0.0144,0.7604
HEARTS FOUR DIAMONDS TWO,0.602,0.1406,0.2574
DIAMONDS TWO HEARTS FIVE,0.5952,0.1418,0.263
SPADES SEVEN HEARTS ACE,0.3444,0.0048,0.6508
DIAMONDS TWO DIAMONDS TEN,0.2244,0.0656,0.71
SPADES SEVEN HEARTS KING,0.3514,0.007,0.6416
DIAMONDS TWO DIAMONDS JACK,0.2268,0.048,0.7252
SPADES SEVEN HEARTS QUEEN,0.358,0.012,0.63
DIAMONDS TWO SPADES NINE,0.227,0.1062,0.6668
DIAMONDS TWO SPADES SEVEN,0.6322,0.144,0.2238
DIAMONDS TWO SPADES SIX,0.626,0.129,0.245
DIAMONDS TWO SPADES FIVE,0.5884,0.1494,0.2622
DIAMONDS TWO SPADES FOUR,0.589,0.1526,0.2584
DIAMONDS TWO SPADES THREE,0.5884,0.1552,0.2564
DIAMONDS TWO SPADES TWO,0.2624,0.0742,0.6634
CLUBS NINE DIAMONDS TWO,0.2406,0.0974,0.662
DIAMONDS TWO CLUBS EIGHT,0.0096,0.9762,0.0142
CLUBS SEVEN DIAMONDS TWO,0.6154,0.142,0.2426
DIAMONDS TWO CLUBS SIX,0.6088,0.1484,0.2428
DIAMONDS TWO CLUBS FIVE,0.5962,0.149,0.2548
DIAMONDS TWO CLUBS FOUR,0.5958,0.1438,0.2604
CLUBS FOUR SPADES FIVE,0.5084,0.0668,0.4248
CLUBS FOUR SPADES FOUR,0.2528,0.1076,0.6396
CLUBS FOUR SPADES THREE,0.526,0.0782,0.3958
CLUBS FOUR SPADES TWO,0.5966,0.1482,0.2552
SPADES NINE CLUBS FOUR,0.3484,0.046,0.6056
SPADES SEVEN CLUBS FOUR,0.5302,0.0674,0.4024
SPADES SIX CLUBS FOUR,0.5136,0.0658,0.4206
SPADES ACE DIAMONDS SIX,0.3488,0.006,0.6452
SPADES QUEEN DIAMONDS SIX,0.3478,0.0116,0.6406
SPADES KING DIAMONDS SIX,0.3448,0.0078,0.6474
SPADES TEN DIAMONDS SIX,0.342,0.029,0.629
SPADES JACK DIAMONDS SIX,0.3604,0.0198,0.6198
SPADES QUEEN SPADES TWO,0.2312,0.04,0.7288
SPADES KING SPADES TWO,0.2278,0.028,0.7442
SPADES ACE SPADES TWO,0.2372,0.0202,0.7426
DIAMONDS JACK CLUBS JACK,0.1232,0.0392,0.8376
CLUBS TEN DIAMONDS JACK,0.2976,0.013,0.6894
DIAMONDS JACK CLUBS KING,0.3204,0.0076,0.672
DIAMONDS JACK CLUBS QUEEN,0.3102,0.0108,0.679
DIAMONDS THREE DIAMONDS JACK,0.3346,0.0228,0.6426
DIAMONDS THREE DIAMONDS TEN,0.3466,0.0278,0.6256
DIAMONDS JACK CLUBS ACE,0.3072,0.0042,0.6886
DIAMONDS THREE DIAMONDS KING,0.3312,0.0098,0.659
HEARTS THREE DIAMONDS THREE,0.2646,0.1014,0.634
DIAMONDS THREE DIAMONDS QUEEN,0.3338,0.0124,0.6538
DIAMONDS THREE HEARTS TWO,0.5964,0.146,0.2576
HEARTS FIVE DIAMONDS THREE,0.518,0.0644,0.4176
DIAMONDS THREE DIAMONDS ACE,0.3356,0.0052,0.6592
HEARTS FOUR DIAMONDS THREE,0.5276,0.0668,0.4056
DIAMONDS THREE HEARTS SEVEN,0.5462,0.0714,0.3824
SPADES TEN SPADES NINE,0.2918,0.0246,0.6836
HEARTS SIX DIAMONDS THREE,0.5378,0.0682,0.394
SPADES JACK SPADES NINE,0.2938,0.0182,0.688
DIAMONDS THREE HEARTS NINE,0.3524,0.0406,0.607
HEARTS JACK DIAMONDS FOUR,0.3536,0.0182,0.6282
HEARTS KING HEARTS ACE,0.3046,0.003,0.6924
SPADES TEN SPADES TWO,0.2242,0.07,0.7058
DIAMONDS THREE HEARTS EIGHT,0.2196,0.5162,0.2642
HEARTS TEN DIAMONDS FOUR,0.3564,0.0238,0.6198
SPADES JACK SPADES TWO,0.2288,0.0578,0.7134
HEARTS QUEEN DIAMONDS FOUR,0.3572,0.0118,0.631
HEARTS KING DIAMONDS FOUR,0.354,0.0088,0.6372
SPADES ACE SPADES NINE,0.314,0.004,0.682
HEARTS ACE DIAMONDS FOUR,0.3484,0.0046,0.647
SPADES KING SPADES NINE,0.3036,0.0084,0.688
SPADES QUEEN SPADES NINE,0.2956,0.0102,0.6942
DIAMONDS THREE SPADES NINE,0.357,0.0392,0.6038
DIAMONDS THREE SPADES SEVEN,0.5492,0.0702,0.3806
DIAMONDS THREE SPADES SIX,0.5328,0.0754,0.3918
DIAMONDS THREE CLUBS SIX,0.5232,0.0672,0.4096
CLUBS FIVE CLUBS SIX,0.4748,0.066,0.4592
CLUBS ACE DIAMONDS FOUR,0.3466,0.005,0.6484
CLUBS SEVEN DIAMONDS THREE,0.539,0.0654,0.3956
CLUBS SEVEN CLUBS FIVE,0.477,0.0652,0.4578
DIAMONDS THREE CLUBS FOUR,0.5082,0.0734,0.4184
DIAMONDS FOUR CLUBS QUEEN,0.3426,0.013,0.6444
DIAMONDS THREE CLUBS FIVE,0.5216,0.0662,0.4122
CLUBS KING DIAMONDS FOUR,0.359,0.0084,0.6326
CLUBS TEN DIAMONDS FOUR,0.3506,0.0296,0.6198
DIAMONDS THREE CLUBS THREE,0.2714,0.1032,0.6254
DIAMONDS FOUR CLUBS JACK,0.3502,0.0214,0.6284
DIAMONDS THREE SPADES FOUR,0.525,0.0624,0.4126
DIAMONDS THREE SPADES FIVE,0.5296,0.067,0.4034
DIAMONDS THREE SPADES TWO,0.6076,0.1516,0.2408
DIAMONDS THREE SPADES THREE,0.2714,0.107,0.6216
CLUBS EIGHT DIAMONDS THREE,0.2134,0.5242,0.2624
CLUBS NINE DIAMONDS THREE,0.3516,0.0418,0.6066
SPADES SEVEN CLUBS ACE,0.348,0.0056,0.6464
SPADES SEVEN CLUBS QUEEN,0.352,0.0146,0.6334
SPADES SEVEN CLUBS KING,0.3522,0.0068,0.641
CLUBS FIVE SPADES SEVEN,0.5014,0.0682,0.4304
CLUBS TEN SPADES SEVEN,0.3376,0.0268,0.6356
CLUBS FIVE SPADES SIX,0.4958,0.0644,0.4398
SPADES SEVEN CLUBS JACK,0.3372,0.0188,0.644
CLUBS FIVE SPADES NINE,0.335,0.0444,0.6206
CLUBS FIVE SPADES THREE,0.5118,0.0698,0.4184
CLUBS FIVE SPADES TWO,0.592,0.1512,0.2568
CLUBS FIVE SPADES FIVE,0.2504,0.1016,0.648
CLUBS FIVE SPADES FOUR,0.5038,0.0706,0.4256
CLUBS NINE CLUBS FIVE,0.3216,0.0432,0.6352
CLUBS EIGHT CLUBS FIVE,0.1956,0.4292,0.3752
CLUBS ACE CLUBS QUEEN,0.3118,0.0074,0.6808
CLUBS KING CLUBS QUEEN,0.304,0.007,0.689
DIAMONDS TEN DIAMONDS FOUR,0.3304,0.0268,0.6428
CLUBS TEN DIAMONDS NINE,0.2918,0.025,0.6832
DIAMONDS JACK DIAMONDS FOUR,0.3434,0.0164,0.6402
DIAMONDS NINE CLUBS JACK,0.3082,0.016,0.6758
SPADES NINE CLUBS JACK,0.2968,0.019,0.6842
CLUBS TEN SPADES NINE,0.2892,0.0284,0.6824
DIAMONDS ACE DIAMONDS FOUR,0.3116,0.006,0.6824
HEARTS FOUR DIAMONDS FOUR,0.259,0.1044,0.6366
DIAMONDS JACK HEARTS TEN,0.3066,0.0152,0.6782
SPADES NINE CLUBS KING,0.3098,0.0094,0.6808
DIAMONDS TWO SPADES TEN,0.2438,0.0782,0.678
DIAMONDS NINE CLUBS ACE,0.3256,0.0044,0.67
HEARTS FIVE DIAMONDS FOUR,0.5108,0.0696,0.4196
HEARTS JACK DIAMONDS JACK,0.1412,0.0368,0.822
SPADES NINE CLUBS QUEEN,0.3122,0.0088,0.679
DIAMONDS TWO SPADES JACK,0.2358,0.0514,0.7128
DIAMONDS QUEEN DIAMONDS FOUR,0.3348,0.0124,0.6528
HEARTS TWO DIAMONDS FOUR,0.5982,0.153,0.2488
DIAMONDS NINE CLUBS QUEEN,0.3088,0.013,0.6782
DIAMONDS KING DIAMONDS FOUR,0.325,0.012,0.663
HEARTS THREE DIAMONDS FOUR,0.5186,0.0684,0.413
SPADES NINE CLUBS ACE,0.3138,0.0042,0.682
DIAMONDS NINE CLUBS KING,0.3122,0.0068,0.681
HEARTS ACE DIAMONDS JACK,0.3192,0.0038,0.677
SPADES ACE DIAMONDS TWO,0.24,0.0174,0.7426
DIAMONDS JACK HEARTS QUEEN,0.3158,0.01,0.6742
SPADES QUEEN DIAMONDS TWO,0.2388,0.0402,0.721
HEARTS KING DIAMONDS JACK,0.3236,0.008,0.6684
SPADES KING DIAMONDS TWO,0.237,0.0326,0.7304
SPADES JACK SPADES SEVEN,0.323,0.0154,0.6616
SPADES TEN SPADES SEVEN,0.3074,0.023,0.6696
CLUBS SEVEN CLUBS THREE,0.4954,0.071,0.4336
CLUBS SIX CLUBS THREE,0.4918,0.0672,0.441
CLUBS FIVE CLUBS THREE,0.492,0.0634,0.4446
CLUBS THREE CLUBS FOUR,0.4904,0.0708,0.4388
CLUBS NINE CLUBS THREE,0.3338,0.0456,0.6206
CLUBS EIGHT CLUBS THREE,0.2162,0.4926,0.2912
CLUBS THREE SPADES FIVE,0.5274,0.071,0.4016
CLUBS THREE SPADES FOUR,0.531,0.0704,0.3986
CLUBS THREE SPADES THREE,0.2592,0.1102,0.6306
CLUBS THREE SPADES TWO,0.5958,0.1568,0.2474
CLUBS THREE SPADES SIX,0.5262,0.0762,0.3976
SPADES SEVEN CLUBS THREE,0.5354,0.0708,0.3938
SPADES NINE CLUBS THREE,0.346,0.041,0.613
SPADES TWO DIAMONDS FOUR,0.6034,0.138,0.2586
SPADES THREE DIAMONDS FOUR,0.519,0.0722,0.4088
SPADES FOUR DIAMONDS FOUR,0.262,0.1058,0.6322
SPADES FIVE DIAMONDS FOUR,0.5186,0.068,0.4134
SPADES SIX DIAMONDS FOUR,0.5104,0.0688,0.4208
SPADES SEVEN DIAMONDS FOUR,0.5234,0.0648,0.4118
SPADES NINE DIAMONDS FOUR,0.3598,0.0498,0.5904
CLUBS FIVE DIAMONDS FOUR,0.5168,0.065,0.4182
CLUBS FOUR DIAMONDS FOUR,0.2608,0.1012,0.638
CLUBS SEVEN DIAMONDS FOUR,0.5204,0.0638,0.4158
CLUBS SIX DIAMONDS FOUR,0.5194,0.0724,0.4082
CLUBS NINE DIAMONDS FOUR,0.3494,0.0458,0.6048
CLUBS EIGHT DIAMONDS FOUR,0.2034,0.5114,0.2852
DIAMONDS FOUR HEARTS SEVEN,0.5216,0.0674,0.411
HEARTS SIX DIAMONDS FOUR,0.5238,0.0652,0.411
HEARTS NINE DIAMONDS FOUR,0.367,0.039,0.594
DIAMONDS FOUR HEARTS EIGHT,0.2236,0.4956,0.2808
CLUBS THREE DIAMONDS FOUR,0.517,0.069,0.414
DIAMONDS TEN DIAMONDS FIVE,0.34,0.0244,0.6356
DIAMONDS JACK DIAMONDS FIVE,0.3334,0.018,0.6486
DIAMONDS NINE HEARTS QUEEN,0.3164,0.0114,0.6722
HEARTS KING DIAMONDS NINE,0.3216,0.0054,0.673
DIAMONDS NINE HEARTS ACE,0.3138,0.0038,0.6824
DIAMONDS NINE HEARTS TEN,0.3032,0.023,0.6738
DIAMONDS NINE HEARTS JACK,0.3114,0.0194,0.6692
CLUBS KING DIAMONDS SIX,0.3548,0.0088,0.6364
CLUBS QUEEN DIAMONDS SIX,0.3424,0.0106,0.647
CLUBS ACE DIAMONDS SIX,0.3518,0.0052,0.643
SPADES KING DIAMONDS FOUR,0.3524,0.0068,0.6408
SPADES ACE SPADES SEVEN,0.3264,0.0046,0.669
SPADES QUEEN DIAMONDS FOUR,0.3512,0.0126,0.6362
SPADES QUEEN SPADES SEVEN,0.3388,0.0118,0.6494
CLUBS JACK DIAMONDS SIX,0.3426,0.021,0.6364
SPADES KING SPADES SEVEN,0.3208,0.0098,0.6694
SPADES ACE DIAMONDS FOUR,0.3484,0.0056,0.646
CLUBS TEN DIAMONDS SIX,0.3558,0.0268,0.6174
CLUBS NINE CLUBS FOUR,0.3372,0.0396,0.6232
CLUBS EIGHT CLUBS FOUR,0.2064,0.4762,0.3174
SPADES JACK DIAMONDS FOUR,0.3474,0.0188,0.6338
SPADES TEN DIAMONDS FOUR,0.3404,0.0286,0.631
CLUBS FIVE CLUBS FOUR,0.4776,0.071,0.4514
CLUBS SEVEN CLUBS FOUR,0.4892,0.0588,0.452
CLUBS SIX CLUBS FOUR,0.4866,0.0628,0.4506
CLUBS SEVEN SPADES NINE,0.2988,0.0488,0.6524
CLUBS SEVEN SPADES SIX,0.4956,0.0618,0.4426
CLUBS SEVEN SPADES SEVEN,0.2378,0.079,0.6832
CLUBS SEVEN SPADES FIVE,0.505,0.072,0.423
CLUBS SEVEN SPADES FOUR,0.5308,0.064,0.4052
CLUBS SEVEN SPADES THREE,0.5358,0.0748,0.3894
CLUBS SEVEN SPADES TWO,0.6234,0.1462,0.2304
CLUBS NINE CLUBS SEVEN,0.297,0.0344,0.6686
CLUBS SEVEN CLUBS EIGHT,0.2148,0.2782,0.507
HEARTS SIX DIAMONDS FIVE,0.506,0.0686,0.4254
DIAMONDS FIVE HEARTS SEVEN,0.5046,0.069,0.4264
DIAMONDS FIVE HEARTS EIGHT,0.2172,0.437,0.3458
HEARTS NINE DIAMONDS FIVE,0.3374,0.043,0.6196
DIAMONDS QUEEN DIAMONDS FIVE,0.334,0.011,0.655
HEARTS TWO DIAMONDS FIVE,0.59,0.1364,0.2736
HEARTS KING HEARTS EIGHT,0.212,0.037,0.751
DIAMONDS KING DIAMONDS FIVE,0.3244,0.0112,0.6644
HEARTS THREE DIAMONDS FIVE,0.5236,0.0644,0.412
HEARTS QUEEN HEARTS EIGHT,0.2154,0.0438,0.7408
DIAMONDS ACE DIAMONDS FIVE,0.3258,0.0038,0.6704
HEARTS FOUR DIAMONDS FIVE,0.5006,0.0658,0.4336
HEARTS FIVE DIAMONDS FIVE,0.26,0.0952,0.6448
HEARTS ACE HEARTS EIGHT,0.202,0.031,0.767
CLUBS FOUR DIAMONDS FIVE,0.4904,0.0704,0.4392
CLUBS FIVE DIAMONDS FIVE,0.2486,0.0946,0.6568
CLUBS SIX DIAMONDS FIVE,0.5024,0.0678,0.4298
CLUBS SEVEN DIAMONDS FIVE,0.4972,0.069,0.4338
CLUBS THREE DIAMONDS FIVE,0.5178,0.0722,0.41
SPADES THREE DIAMONDS FIVE,0.5186,0.067,0.4144
SPADES TWO DIAMONDS FIVE,0.5826,0.1532,0.2642
SPADES JACK DIAMONDS EIGHT,0.2244,0.064,0.7116
SPADES FIVE DIAMONDS FIVE,0.2606,0.0976,0.6418
CLUBS TEN HEARTS JACK,0.3136,0.0136,0.6728
SPADES TEN DIAMONDS EIGHT,0.2284,0.0796,0.692
SPADES FOUR DIAMONDS FIVE,0.5134,0.0708,0.4158
HEARTS JACK CLUBS JACK,0.1348,0.0342,0.831
HEARTS JACK CLUBS QUEEN,0.3074,0.0096,0.683
CLUBS NINE DIAMONDS FIVE,0.3452,0.0374,0.6174
HEARTS JACK CLUBS KING,0.3192,0.0074,0.6734
CLUBS EIGHT DIAMONDS FIVE,0.2066,0.4538,0.3396
HEARTS JACK CLUBS ACE,0.3194,0.0054,0.6752
SPADES SEVEN DIAMONDS FIVE,0.515,0.0634,0.4216
SPADES KING DIAMONDS EIGHT,0.2182,0.041,0.7408
SPADES SIX DIAMONDS FIVE,0.506,0.0666,0.4274
SPADES QUEEN DIAMONDS EIGHT,0.221,0.051,0.728
SPADES NINE DIAMONDS FIVE,0.3442,0.0438,0.612
SPADES ACE DIAMONDS EIGHT,0.2178,0.0306,0.7516
DIAMONDS TEN DIAMONDS SIX,0.3362,0.0242,0.6396
HEARTS ACE DIAMONDS SEVEN,0.348,0.0056,0.6464
DIAMONDS JACK DIAMONDS SIX,0.3378,0.0182,0.644
HEARTS QUEEN DIAMONDS SEVEN,0.3554,0.012,0.6326
HEARTS KING DIAMONDS SEVEN,0.345,0.007,0.648
DIAMONDS ACE DIAMONDS SIX,0.3332,0.0044,0.6624
HEARTS FOUR DIAMONDS SIX,0.5178,0.0696,0.4126
HEARTS JACK SPADES TWO,0.2404,0.0498,0.7098
HEARTS FIVE DIAMONDS SIX,0.5052,0.0676,0.4272
SPADES TWO HEARTS TEN,0.2398,0.0768,0.6834
DIAMONDS QUEEN DIAMONDS SIX,0.336,0.0142,0.6498
HEARTS TWO DIAMONDS SIX,0.62,0.132,0.248
DIAMONDS KING DIAMONDS SIX,0.3252,0.008,0.6668
HEARTS THREE DIAMONDS SIX,0.5238,0.0742,0.402
HEARTS EIGHT DIAMONDS SIX,0.2122,0.3746,0.4132
HEARTS NINE DIAMONDS SIX,0.341,0.0348,0.6242
HEARTS SIX DIAMONDS SIX,0.2426,0.0926,0.6648
HEARTS SEVEN DIAMONDS SIX,0.502,0.0614,0.4366
HEARTS TEN DIAMONDS SEVEN,0.3354,0.0262,0.6384
HEARTS JACK DIAMONDS SEVEN,0.3506,0.0172,0.6322
CLUBS THREE DIAMONDS SIX,0.5206,0.0782,0.4012
CLUBS SEVEN DIAMONDS SIX,0.5056,0.0672,0.4272
DIAMONDS EIGHT CLUBS JACK,0.2254,0.0672,0.7074
CLUBS SIX DIAMONDS SIX,0.2564,0.0914,0.6522
CLUBS TEN DIAMONDS EIGHT,0.2244,0.0798,0.6958
CLUBS FIVE DIAMONDS SIX,0.5054,0.0694,0.4252
CLUBS FOUR DIAMONDS SIX,0.5202,0.0664,0.4134
HEARTS ACE HEARTS JACK,0.2952,0.0048,0.7
DIAMONDS EIGHT CLUBS ACE,0.2232,0.0262,0.7506
HEARTS JACK HEARTS QUEEN,0.2872,0.0098,0.703
DIAMONDS EIGHT CLUBS KING,0.2242,0.0406,0.7352
CLUBS NINE DIAMONDS SIX,0.3328,0.0398,0.6274
HEARTS KING HEARTS JACK,0.2996,0.0086,0.6918
DIAMONDS EIGHT CLUBS QUEEN,0.2284,0.0454,0.7262
CLUBS EIGHT DIAMONDS SIX,0.222,0.3626,0.4154
SPADES TEN HEARTS KING,0.3132,0.0072,0.6796
SPADES FIVE DIAMONDS SIX,0.512,0.0648,0.4232
HEARTS ACE SPADES TWO,0.2398,0.0182,0.742
SPADES JACK HEARTS KING,0.3222,0.0082,0.6696
SPADES FOUR DIAMONDS SIX,0.5268,0.0674,0.4058
SPADES THREE DIAMONDS SIX,0.5342,0.0726,0.3932
SPADES TWO HEARTS QUEEN,0.2402,0.0342,0.7256
SPADES ACE SPADES KING,0.3086,0.0062,0.6852
HEARTS KING SPADES TWO,0.2286,0.0278,0.7436
SPADES TWO DIAMONDS SIX,0.62,0.1438,0.2362
HEARTS TEN HEARTS EIGHT,0.2116,0.0748,0.7136
SPADES NINE DIAMONDS SIX,0.3236,0.049,0.6274
HEARTS JACK HEARTS EIGHT,0.2104,0.0594,0.7302
SPADES SEVEN DIAMONDS SIX,0.5098,0.065,0.4252
SPADES SIX DIAMONDS SIX,0.2488,0.0956,0.6556
SPADES KING HEARTS KING,0.1246,0.018,0.8574
SPADES QUEEN HEARTS KING,0.3226,0.0066,0.6708
CLUBS ACE CLUBS KING,0.3084,0.0054,0.6862
SPADES ACE HEARTS KING,0.3236,0.0046,0.6718
SPADES ACE HEARTS JACK,0.3186,0.0038,0.6776
SPADES QUEEN HEARTS JACK,0.3072,0.0094,0.6834
SPADES KING HEARTS JACK,0.3192,0.0058,0.675
SPADES TEN DIAMONDS TEN,0.1338,0.0536,0.8126
SPADES JACK DIAMONDS TEN,0.3038,0.015,0.6812
SPADES ACE DIAMONDS TEN,0.3044,0.0038,0.6918
SPADES JACK HEARTS JACK,0.1268,0.0348,0.8384
SPADES TEN HEARTS JACK,0.31,0.0132,0.6768
SPADES QUEEN DIAMONDS TEN,0.311,0.0116,0.6774
SPADES KING DIAMONDS TEN,0.306,0.008,0.686
SPADES NINE DIAMONDS SEVEN,0.3142,0.0438,0.642
SPADES SEVEN DIAMONDS SEVEN,0.2458,0.082,0.6722
SPADES SIX DIAMONDS SEVEN,0.4882,0.0652,0.4466
DIAMONDS KING DIAMONDS SEVEN,0.3346,0.008,0.6574
HEARTS THREE DIAMONDS SEVEN,0.5452,0.0652,0.3896
HEARTS KING DIAMONDS FIVE,0.3406,0.0094,0.65
DIAMONDS QUEEN DIAMONDS SEVEN,0.3124,0.0126,0.675
HEARTS TWO DIAMONDS SEVEN,0.623,0.1484,0.2286
HEARTS QUEEN DIAMONDS FIVE,0.3568,0.0128,0.6304
HEARTS FIVE DIAMONDS SEVEN,0.5086,0.0636,0.4278
DIAMONDS ACE DIAMONDS SEVEN,0.322,0.0048,0.6732
HEARTS FOUR DIAMONDS SEVEN,0.5214,0.0638,0.4148
HEARTS ACE DIAMONDS FIVE,0.3454,0.0044,0.6502
HEARTS SEVEN DIAMONDS SEVEN,0.2332,0.088,0.6788
HEARTS SIX DIAMONDS SEVEN,0.4956,0.0608,0.4436
HEARTS NINE DIAMONDS SEVEN,0.3296,0.0352,0.6352
DIAMONDS SEVEN HEARTS EIGHT,0.2172,0.3038,0.479
DIAMONDS JACK DIAMONDS SEVEN,0.3214,0.017,0.6616
HEARTS JACK DIAMONDS FIVE,0.3468,0.0194,0.6338
DIAMONDS TEN DIAMONDS SEVEN,0.3122,0.0256,0.6622
DIAMONDS FIVE HEARTS TEN,0.3548,0.0306,0.6146
HEARTS KING CLUBS KING,0.1206,0.0146,0.8648
CLUBS EIGHT DIAMONDS SEVEN,0.2044,0.2952,0.5004
HEARTS KING CLUBS QUEEN,0.328,0.0092,0.6628
CLUBS NINE DIAMONDS SEVEN,0.3078,0.0442,0.648
SPADES TWO CLUBS JACK,0.2434,0.0548,0.7018
CLUBS TEN SPADES TWO,0.2308,0.0814,0.6878
HEARTS KING CLUBS ACE,0.309,0.0048,0.6862
CLUBS SEVEN CLUBS SIX,0.4756,0.061,0.4634
SPADES TWO CLUBS KING,0.2304,0.0292,0.7404
SPADES TWO DIAMONDS SEVEN,0.6238,0.142,0.2342
CLUBS EIGHT CLUBS SIX,0.208,0.3588,0.4332
SPADES THREE DIAMONDS SEVEN,0.5504,0.0676,0.382
SPADES TWO CLUBS QUEEN,0.2396,0.0414,0.719
CLUBS NINE CLUBS SIX,0.313,0.045,0.642
SPADES FOUR DIAMONDS SEVEN,0.5268,0.0642,0.409
HEARTS KING CLUBS JACK,0.3266,0.0074,0.666
SPADES FIVE DIAMONDS SEVEN,0.5152,0.0672,0.4176
SPADES TWO CLUBS ACE,0.238,0.016,0.746
CLUBS TEN HEARTS KING,0.3166,0.0068,0.6766
CLUBS SIX SPADES TWO,0.6182,0.1486,0.2332
CLUBS SIX SPADES THREE,0.5328,0.0726,0.3946
CLUBS SIX SPADES FOUR,0.514,0.069,0.417
CLUBS THREE DIAMONDS SEVEN,0.5356,0.0696,0.3948
CLUBS SIX SPADES FIVE,0.4998,0.062,0.4382
CLUBS FOUR DIAMONDS SEVEN,0.5172,0.063,0.4198
CLUBS SIX SPADES SIX,0.25,0.0974,0.6526
CLUBS FIVE DIAMONDS SEVEN,0.498,0.0642,0.4378
CLUBS SIX SPADES SEVEN,0.502,0.0666,0.4314
CLUBS SIX DIAMONDS SEVEN,0.4948,0.0704,0.4348
CLUBS SEVEN DIAMONDS SEVEN,0.2464,0.0824,0.6712
SPADES NINE CLUBS SIX,0.3322,0.0444,0.6234
CLUBS THREE DIAMONDS EIGHT,0.2128,0.5278,0.2594
DIAMONDS EIGHT HEARTS SEVEN,0.2176,0.2846,0.4978
HEARTS SIX DIAMONDS EIGHT,0.2226,0.3632,0.4142
DIAMONDS EIGHT HEARTS NINE,0.2236,0.1078,0.6686
DIAMONDS EIGHT HEARTS EIGHT,0.0744,0.0884,0.8372
CLUBS NINE DIAMONDS EIGHT,0.2176,0.1094,0.673
CLUBS EIGHT DIAMONDS EIGHT,0.0598,0.089,0.8512
CLUBS FIVE DIAMONDS EIGHT,0.1992,0.4454,0.3554
SPADES ACE SPADES THREE,0.3248,0.006,0.6692
CLUBS FOUR DIAMONDS EIGHT,0.199,0.5132,0.2878
CLUBS SEVEN DIAMONDS EIGHT,0.2084,0.2934,0.4982
SPADES QUEEN SPADES THREE,0.345,0.0162,0.6388
CLUBS SIX DIAMONDS EIGHT,0.207,0.3822,0.4108
SPADES KING SPADES THREE,0.3428,0.012,0.6452
DIAMONDS QUEEN DIAMONDS EIGHT,0.2114,0.044,0.7446
HEARTS TWO DIAMONDS EIGHT,0.0244,0.9544,0.0212
DIAMONDS KING DIAMONDS EIGHT,0.2148,0.0402,0.745
HEARTS THREE DIAMONDS EIGHT,0.2284,0.5164,0.2552
DIAMONDS ACE DIAMONDS EIGHT,0.2058,0.0266,0.7676
HEARTS FOUR DIAMONDS EIGHT,0.2098,0.5172,0.273
HEARTS FIVE DIAMONDS EIGHT,0.2128,0.439,0.3482
DIAMONDS EIGHT DIAMONDS TEN,0.2072,0.0764,0.7164
DIAMONDS EIGHT DIAMONDS JACK,0.2038,0.0574,0.7388
SPADES JACK SPADES THREE,0.3494,0.0202,0.6304
SPADES TEN SPADES THREE,0.338,0.0302,0.6318
CLUBS FOUR HEARTS ACE,0.344,0.0064,0.6496
CLUBS FOUR HEARTS QUEEN,0.3448,0.0142,0.641
CLUBS FOUR HEARTS KING,0.3614,0.01,0.6286
CLUBS SIX HEARTS TEN,0.3424,0.0244,0.6332
CLUBS SIX HEARTS JACK,0.3584,0.0194,0.6222
SPADES FOUR DIAMONDS EIGHT,0.2292,0.5066,0.2642
SPADES FIVE DIAMONDS EIGHT,0.227,0.449,0.324
DIAMONDS EIGHT SPADES TWO,0.0192,0.9712,0.0096
DIAMONDS EIGHT SPADES THREE,0.2158,0.5392,0.245
CLUBS FOUR HEARTS JACK,0.3556,0.0192,0.6252
SPADES TEN DIAMONDS QUEEN,0.3086,0.0092,0.6822
SPADES TEN HEARTS TWO,0.2278,0.072,0.7002
SPADES JACK HEARTS EIGHT,0.2248,0.0592,0.716
CLUBS FOUR HEARTS TEN,0.3494,0.0314,0.6192
SPADES NINE DIAMONDS EIGHT,0.2118,0.112,0.6762
SPADES TEN HEARTS EIGHT,0.2364,0.075,0.6886
SPADES JACK HEARTS TWO,0.2408,0.0492,0.71
SPADES JACK DIAMONDS QUEEN,0.3094,0.0114,0.6792
SPADES SIX DIAMONDS EIGHT,0.2086,0.3704,0.421
SPADES SEVEN DIAMONDS EIGHT,0.2042,0.3122,0.4836
SPADES ACE HEARTS TWO,0.2344,0.0152,0.7504
SPADES ACE DIAMONDS QUEEN,0.3322,0.0044,0.6634
SPADES ACE HEARTS EIGHT,0.2116,0.032,0.7564
SPADES KING HEARTS EIGHT,0.2228,0.04,0.7372
SPADES QUEEN HEARTS TWO,0.2332,0.0378,0.729
SPADES QUEEN DIAMONDS QUEEN,0.1296,0.026,0.8444
SPADES KING DIAMONDS QUEEN,0.3058,0.0076,0.6866
SPADES KING HEARTS TWO,0.2324,0.0326,0.735
SPADES QUEEN HEARTS EIGHT,0.2188,0.0488,0.7324
SPADES SEVEN DIAMONDS NINE,0.3144,0.0422,0.6434
SPADES SIX DIAMONDS NINE,0.3402,0.0416,0.6182
SPADES NINE DIAMONDS NINE,0.1314,0.0646,0.804
SPADES TEN CLUBS KING,0.3108,0.009,0.6802
DIAMONDS NINE SPADES THREE,0.366,0.0412,0.5928
SPADES JACK CLUBS KING,0.3146,0.007,0.6784
DIAMONDS NINE SPADES TWO,0.2364,0.1004,0.6632
SPADES FIVE DIAMONDS NINE,0.3452,0.0386,0.6162
DIAMONDS NINE SPADES FOUR,0.356,0.0436,0.6004
CLUBS NINE DIAMONDS NINE,0.1266,0.0606,0.8128
CLUBS EIGHT DIAMONDS NINE,0.2162,0.0996,0.6842
CLUBS SIX DIAMONDS NINE,0.3164,0.044,0.6396
SPADES JACK CLUBS FOUR,0.3532,0.0164,0.6304
CLUBS SEVEN DIAMONDS NINE,0.3152,0.0384,0.6464
SPADES TEN CLUBS FOUR,0.3358,0.0302,0.634
CLUBS FOUR DIAMONDS NINE,0.3506,0.0376,0.6118
CLUBS FIVE DIAMONDS NINE,0.3434,0.0422,0.6144
CLUBS THREE DIAMONDS NINE,0.3566,0.0456,0.5978
DIAMONDS NINE HEARTS EIGHT,0.2268,0.1108,0.6624
DIAMONDS NINE HEARTS NINE,0.1406,0.0622,0.7972
HEARTS SIX DIAMONDS NINE,0.3312,0.0414,0.6274
DIAMONDS NINE HEARTS SEVEN,0.317,0.045,0.638
CLUBS NINE CLUBS EIGHT,0.2136,0.1026,0.6838
DIAMONDS ACE DIAMONDS NINE,0.3156,0.0044,0.68
HEARTS FOUR DIAMONDS NINE,0.3468,0.0472,0.606
HEARTS FIVE DIAMONDS NINE,0.3522,0.0402,0.6076
SPADES ACE CLUBS FOUR,0.3464,0.0052,0.6484
DIAMONDS QUEEN DIAMONDS NINE,0.2978,0.0122,0.69
HEARTS TWO DIAMONDS NINE,0.2406,0.1028,0.6566
SPADES KING CLUBS FOUR,0.3518,0.0078,0.6404
DIAMONDS KING DIAMONDS NINE,0.3042,0.0076,0.6882
HEARTS THREE DIAMONDS NINE,0.3672,0.044,0.5888
SPADES QUEEN CLUBS FOUR,0.3536,0.0136,0.6328
DIAMONDS NINE DIAMONDS JACK,0.2886,0.0158,0.6956
CLUBS EIGHT SPADES NINE,0.2056,0.1082,0.6862
DIAMONDS NINE DIAMONDS TEN,0.2744,0.0228,0.7028
CLUBS EIGHT SPADES SEVEN,0.2174,0.3008,0.4818
CLUBS EIGHT SPADES SIX,0.2026,0.389,0.4084
CLUBS EIGHT SPADES FIVE,0.206,0.4618,0.3322
CLUBS EIGHT SPADES FOUR,0.2084,0.5168,0.2748
CLUBS EIGHT SPADES THREE,0.222,0.5188,0.2592
CLUBS EIGHT SPADES TWO,0.0086,0.9844,0.007
HEARTS SIX DIAMONDS TEN,0.342,0.0252,0.6328
DIAMONDS TEN HEARTS SEVEN,0.318,0.0266,0.6554
DIAMONDS TEN HEARTS EIGHT,0.2288,0.0822,0.689
CLUBS FOUR CLUBS JACK,0.3412,0.0212,0.6376
DIAMONDS TEN HEARTS NINE,0.3046,0.0226,0.6728
CLUBS TEN CLUBS FOUR,0.3412,0.0248,0.634
CLUBS FOUR CLUBS KING,0.3398,0.0056,0.6546
CLUBS FOUR CLUBS QUEEN,0.3388,0.0126,0.6486
CLUBS THREE DIAMONDS TEN,0.3456,0.025,0.6294
CLUBS FOUR CLUBS ACE,0.3282,0.005,0.6668
DIAMONDS JACK DIAMONDS TEN,0.2824,0.0138,0.7038
DIAMONDS QUEEN DIAMONDS TEN,0.2956,0.0116,0.6928
HEARTS TWO DIAMONDS TEN,0.2376,0.076,0.6864
DIAMONDS KING DIAMONDS TEN,0.2914,0.0052,0.7034
HEARTS THREE DIAMONDS TEN,0.3758,0.0298,0.5944
DIAMONDS ACE DIAMONDS TEN,0.298,0.0056,0.6964
HEARTS FOUR DIAMONDS TEN,0.3446,0.0264,0.629
CLUBS EIGHT HEARTS JACK,0.2214,0.06,0.7186
HEARTS FIVE DIAMONDS TEN,0.3486,0.0282,0.6232
CLUBS EIGHT HEARTS TEN,0.2292,0.0752,0.6956
CLUBS EIGHT HEARTS QUEEN,0.2228,0.0482,0.729
CLUBS EIGHT HEARTS KING,0.2278,0.0354,0.7368
CLUBS EIGHT HEARTS ACE,0.2164,0.036,0.7476
CLUBS NINE SPADES THREE,0.3624,0.0412,0.5964
CLUBS NINE SPADES TWO,0.2236,0.1042,0.6722
CLUBS NINE SPADES FIVE,0.344,0.043,0.613
CLUBS NINE SPADES FOUR,0.359,0.0428,0.5982
CLUBS NINE SPADES SEVEN,0.3162,0.0404,0.6434
CLUBS NINE SPADES SIX,0.3276,0.0384,0.634
CLUBS NINE SPADES NINE,0.124,0.062,0.814
CLUBS TEN HEARTS EIGHT,0.219,0.08,0.701
CLUBS JACK HEARTS EIGHT,0.2354,0.0628,0.7018
CLUBS QUEEN HEARTS EIGHT,0.223,0.0498,0.7272
CLUBS KING HEARTS EIGHT,0.2246,0.0406,0.7348
CLUBS ACE HEARTS EIGHT,0.2192,0.0318,0.749
SPADES KING CLUBS KING,0.1084,0.0172,0.8744
SPADES QUEEN CLUBS KING,0.3154,0.0064,0.6782
SPADES ACE CLUBS KING,0.3186,0.0042,0.6772
DIAMONDS ACE HEARTS TEN,0.3212,0.003,0.6758
HEARTS FOUR HEARTS TEN,0.3406,0.0286,0.6308
DIAMONDS ACE HEARTS JACK,0.3246,0.0038,0.6716
HEARTS FOUR HEARTS JACK,0.3302,0.0208,0.649
SPADES KING CLUBS FIVE,0.3478,0.0094,0.6428
SPADES QUEEN CLUBS FIVE,0.361,0.014,0.625
SPADES ACE CLUBS FIVE,0.3314,0.0048,0.6638
DIAMONDS JACK HEARTS SEVEN,0.3492,0.0136,0.6372
HEARTS SIX DIAMONDS JACK,0.3534,0.0202,0.6264
DIAMONDS JACK HEARTS NINE,0.298,0.0166,0.6854
DIAMONDS JACK HEARTS EIGHT,0.224,0.0664,0.7096
DIAMONDS KING DIAMONDS JACK,0.2934,0.0068,0.6998
HEARTS THREE DIAMONDS JACK,0.3556,0.0228,0.6216
SPADES ACE SPADES SIX,0.3436,0.0044,0.652
SPADES FOUR HEARTS ACE,0.3398,0.0068,0.6534
DIAMONDS QUEEN DIAMONDS JACK,0.299,0.0096,0.6914
HEARTS TWO DIAMONDS JACK,0.2424,0.0528,0.7048
HEARTS FIVE DIAMONDS JACK,0.369,0.0212,0.6098
SPADES QUEEN SPADES SIX,0.3446,0.0098,0.6456
SPADES FOUR HEARTS QUEEN,0.3518,0.0144,0.6338
DIAMONDS ACE DIAMONDS JACK,0.2968,0.0042,0.699
HEARTS FOUR DIAMONDS JACK,0.3488,0.018,0.6332
SPADES KING SPADES SIX,0.3472,0.0114,0.6414
HEARTS KING SPADES FOUR,0.3546,0.0088,0.6366
SPADES TEN SPADES SIX,0.3382,0.0288,0.633
SPADES JACK SPADES SIX,0.3362,0.0178,0.646
SPADES FOUR DIAMONDS JACK,0.363,0.0166,0.6204
SPADES FIVE DIAMONDS JACK,0.3494,0.0168,0.6338
DIAMONDS JACK SPADES TWO,0.2508,0.053,0.6962
SPADES THREE DIAMONDS JACK,0.3798,0.0188,0.6014
SPADES ACE DIAMONDS THREE,0.3416,0.0068,0.6516
SPADES QUEEN DIAMONDS THREE,0.3504,0.0138,0.6358
CLUBS EIGHT DIAMONDS JACK,0.2276,0.0646,0.7078
SPADES KING DIAMONDS THREE,0.3498,0.0106,0.6396
CLUBS NINE DIAMONDS JACK,0.3118,0.018,0.6702
CLUBS SIX DIAMONDS JACK,0.3508,0.0204,0.6288
CLUBS SEVEN DIAMONDS JACK,0.3372,0.0172,0.6456
CLUBS FOUR DIAMONDS JACK,0.3464,0.0226,0.631
CLUBS FIVE DIAMONDS JACK,0.3552,0.016,0.6288
CLUBS THREE DIAMONDS JACK,0.3502,0.021,0.6288
SPADES TEN CLUBS FIVE,0.3514,0.029,0.6196
HEARTS SIX SPADES JACK,0.3466,0.02,0.6334
HEARTS SIX SPADES TEN,0.3414,0.0248,0.6338
SPADES JACK CLUBS FIVE,0.3526,0.0216,0.6258
SPADES JACK DIAMONDS THREE,0.356,0.0188,0.6252
CLUBS SEVEN CLUBS ACE,0.3266,0.0062,0.6672
DIAMONDS THREE SPADES TEN,0.3462,0.0312,0.6226
CLUBS SEVEN CLUBS QUEEN,0.3402,0.0128,0.647
CLUBS SEVEN CLUBS KING,0.3302,0.0068,0.663
SPADES NINE DIAMONDS JACK,0.3048,0.0186,0.6766
CLUBS TEN CLUBS SEVEN,0.3246,0.0242,0.6512
DIAMONDS ACE HEARTS ACE,0.1286,0.0038,0.8676
HEARTS FOUR HEARTS ACE,0.3302,0.0054,0.6644
SPADES ACE HEARTS SIX,0.352,0.0048,0.6432
CLUBS SEVEN CLUBS JACK,0.3362,0.016,0.6478
DIAMONDS ACE HEARTS KING,0.3348,0.0034,0.6618
HEARTS FOUR HEARTS KING,0.3278,0.0128,0.6594
SPADES SEVEN DIAMONDS JACK,0.3388,0.016,0.6452
SPADES KING HEARTS SIX,0.3506,0.0104,0.639
DIAMONDS ACE HEARTS QUEEN,0.3222,0.004,0.6738
HEARTS FOUR HEARTS QUEEN,0.3396,0.0114,0.649
SPADES SIX DIAMONDS JACK,0.3546,0.02,0.6254
SPADES QUEEN HEARTS SIX,0.3572,0.0124,0.6304
SPADES TWO DIAMONDS TEN,0.2428,0.075,0.6822
SPADES THREE DIAMONDS TEN,0.3724,0.0294,0.5982
SPADES FOUR DIAMONDS TEN,0.3376,0.0314,0.631
SPADES FIVE DIAMONDS TEN,0.37,0.0268,0.6032
SPADES SIX DIAMONDS TEN,0.3598,0.029,0.6112
SPADES SEVEN DIAMONDS TEN,0.3372,0.025,0.6378
SPADES NINE DIAMONDS TEN,0.2958,0.022,0.6822
CLUBS FOUR DIAMONDS TEN,0.3574,0.0278,0.6148
CLUBS FIVE DIAMONDS TEN,0.3568,0.0304,0.6128
CLUBS SIX DIAMONDS TEN,0.3458,0.029,0.6252
CLUBS SEVEN DIAMONDS TEN,0.3302,0.0244,0.6454
CLUBS EIGHT DIAMONDS TEN,0.2248,0.0746,0.7006
CLUBS NINE DIAMONDS TEN,0.2834,0.0222,0.6944
DIAMONDS THREE CLUBS JACK,0.3456,0.0194,0.635
CLUBS TEN DIAMONDS THREE,0.3606,0.031,0.6084
DIAMONDS THREE CLUBS KING,0.34,0.0088,0.6512
DIAMONDS THREE CLUBS QUEEN,0.3538,0.0134,0.6328
DIAMONDS THREE CLUBS ACE,0.3522,0.0044,0.6434
SPADES FOUR HEARTS JACK,0.3596,0.0194,0.621
SPADES FOUR HEARTS TEN,0.351,0.029,0.62
SPADES FIVE SPADES TWO,0.5686,0.1428,0.2886
SPADES FOUR SPADES TWO,0.5612,0.149,0.2898
SPADES THREE SPADES TWO,0.5738,0.1418,0.2844
SPADES NINE SPADES TWO,0.222,0.097,0.681
SPADES SEVEN SPADES TWO,0.5922,0.1386,0.2692
SPADES SIX SPADES TWO,0.5806,0.1402,0.2792
DIAMONDS QUEEN CLUBS THREE,0.3634,0.0106,0.626
CLUBS THREE HEARTS TWO,0.5962,0.1468,0.257
DIAMONDS QUEEN HEARTS SEVEN,0.3584,0.014,0.6276
HEARTS TWO HEARTS SEVEN,0.5738,0.1362,0.29
HEARTS SIX DIAMONDS QUEEN,0.356,0.0124,0.6316
HEARTS SIX HEARTS TWO,0.5708,0.1368,0.2924
DIAMONDS QUEEN HEARTS NINE,0.3156,0.009,0.6754
HEARTS TWO HEARTS NINE,0.2262,0.107,0.6668
DIAMONDS QUEEN HEARTS EIGHT,0.223,0.0528,0.7242
HEARTS TWO HEARTS EIGHT,0.0202,0.9104,0.0694
CLUBS NINE HEARTS TWO,0.2324,0.1076,0.66
CLUBS NINE DIAMONDS QUEEN,0.3198,0.0132,0.667
CLUBS EIGHT HEARTS TWO,0.012,0.9714,0.0166
CLUBS EIGHT DIAMONDS QUEEN,0.2254,0.0486,0.726
CLUBS FIVE DIAMONDS QUEEN,0.3438,0.014,0.6422
CLUBS FIVE HEARTS TWO,0.587,0.1472,0.2658
DIAMONDS QUEEN CLUBS FOUR,0.3528,0.0122,0.635
HEARTS TWO CLUBS FOUR,0.5862,0.15,0.2638
CLUBS SEVEN DIAMONDS QUEEN,0.3422,0.012,0.6458
CLUBS SEVEN HEARTS TWO,0.626,0.1382,0.2358
CLUBS SIX DIAMONDS QUEEN,0.3664,0.0138,0.6198
CLUBS SIX HEARTS TWO,0.623,0.143,0.234
DIAMONDS QUEEN SPADES SIX,0.3734,0.013,0.6136
HEARTS TWO SPADES SIX,0.619,0.136,0.245
HEARTS FOUR CLUBS QUEEN,0.3516,0.0144,0.634
DIAMONDS ACE CLUBS QUEEN,0.3242,0.0052,0.6706
DIAMONDS QUEEN SPADES SEVEN,0.3562,0.011,0.6328
SPADES SEVEN HEARTS TWO,0.6282,0.1428,0.229
HEARTS FOUR CLUBS KING,0.3588,0.008,0.6332
DIAMONDS ACE CLUBS KING,0.3308,0.0048,0.6644
HEARTS FOUR CLUBS ACE,0.3366,0.0052,0.6582
DIAMONDS ACE CLUBS ACE,0.1268,0.0038,0.8694
SPADES NINE DIAMONDS QUEEN,0.3086,0.0114,0.68
SPADES NINE HEARTS TWO,0.2362,0.1128,0.651
HEARTS TWO SPADES TWO,0.2668,0.073,0.6602
DIAMONDS QUEEN SPADES TWO,0.2436,0.0374,0.719
HEARTS TWO SPADES THREE,0.5966,0.144,0.2594
DIAMONDS QUEEN SPADES THREE,0.3612,0.0136,0.6252
HEARTS TWO SPADES FOUR,0.6058,0.146,0.2482
DIAMONDS QUEEN SPADES FOUR,0.365,0.0116,0.6234
HEARTS FOUR CLUBS TEN,0.3538,0.0316,0.6146
CLUBS TEN DIAMONDS ACE,0.3198,0.0052,0.675
HEARTS TWO SPADES FIVE,0.5978,0.1456,0.2566
DIAMONDS QUEEN SPADES FIVE,0.3556,0.0144,0.63
HEARTS FOUR CLUBS JACK,0.3478,0.02,0.6322
DIAMONDS ACE CLUBS JACK,0.3106,0.0052,0.6842
CLUBS FIVE CLUBS KING,0.325,0.0084,0.6666
CLUBS FIVE CLUBS QUEEN,0.3238,0.0108,0.6654
CLUBS FIVE CLUBS ACE,0.3308,0.0042,0.665
CLUBS FIVE CLUBS JACK,0.3432,0.0176,0.6392
CLUBS TEN CLUBS FIVE,0.3266,0.028,0.6454
SPADES KING CLUBS JACK,0.32,0.006,0.674
SPADES QUEEN CLUBS JACK,0.324,0.0114,0.6646
SPADES ACE CLUBS JACK,0.3076,0.0042,0.6882
SPADES SIX CLUBS KING,0.3524,0.0086,0.639
SPADES SIX CLUBS QUEEN,0.3552,0.0144,0.6304
SPADES SIX CLUBS ACE,0.355,0.0026,0.6424
SPADES SIX CLUBS JACK,0.3624,0.0182,0.6194
CLUBS TEN SPADES SIX,0.3486,0.0314,0.62
SPADES TEN CLUBS JACK,0.2946,0.0118,0.6936
SPADES JACK CLUBS JACK,0.119,0.0414,0.8396
SPADES QUEEN CLUBS SEVEN,0.3572,0.0108,0.632
SPADES KING CLUBS SEVEN,0.3336,0.01,0.6564
SPADES ACE CLUBS SEVEN,0.3362,0.0056,0.6582
SPADES SIX HEARTS TEN,0.3468,0.0302,0.623
SPADES SIX HEARTS JACK,0.3624,0.0192,0.6184
SPADES SIX HEARTS ACE,0.37,0.0052,0.6248
SPADES SIX HEARTS KING,0.3602,0.0086,0.6312
SPADES SIX HEARTS QUEEN,0.364,0.0146,0.6214
CLUBS SEVEN SPADES JACK,0.3274,0.0204,0.6522
CLUBS SEVEN SPADES TEN,0.3066,0.0252,0.6682
CLUBS TEN HEARTS SIX,0.3362,0.028,0.6358
HEARTS SIX CLUBS JACK,0.349,0.0148,0.6362
CLUBS ACE CLUBS JACK,0.3064,0.003,0.6906
HEARTS SIX CLUBS QUEEN,0.3542,0.0136,0.6322
HEARTS SIX CLUBS KING,0.3506,0.0078,0.6416
HEARTS SIX CLUBS ACE,0.339,0.004,0.657
CLUBS QUEEN CLUBS JACK,0.303,0.0088,0.6882
CLUBS KING CLUBS JACK,0.301,0.0084,0.6906
DIAMONDS THREE HEARTS ACE,0.356,0.0044,0.6396
DIAMONDS THREE HEARTS QUEEN,0.3724,0.0114,0.6162
DIAMONDS THREE HEARTS KING,0.353,0.0096,0.6374
CLUBS FIVE HEARTS JACK,0.3458,0.0198,0.6344
SPADES TEN DIAMONDS ACE,0.325,0.005,0.67
HEARTS FOUR SPADES TEN,0.3568,0.0294,0.6138
CLUBS FIVE HEARTS TEN,0.3514,0.0284,0.6202
HEARTS FOUR SPADES JACK,0.355,0.0182,0.6268
SPADES JACK DIAMONDS ACE,0.3162,0.0048,0.679
SPADES ACE HEARTS FOUR,0.3428,0.0034,0.6538
SPADES ACE DIAMONDS ACE,0.1242,0.0038,0.872
CLUBS FIVE HEARTS ACE,0.349,0.004,0.647
CLUBS FIVE HEARTS KING,0.345,0.0066,0.6484
HEARTS FOUR SPADES QUEEN,0.3564,0.0124,0.6312
SPADES QUEEN DIAMONDS ACE,0.319,0.007,0.674
SPADES FOUR CLUBS JACK,0.3476,0.0236,0.6288
CLUBS FIVE HEARTS QUEEN,0.3476,0.0104,0.642
SPADES KING DIAMONDS ACE,0.3182,0.0052,0.6766
HEARTS FOUR SPADES KING,0.3502,0.0088,0.641
CLUBS TEN SPADES FOUR,0.3546,0.0298,0.6156
DIAMONDS QUEEN DIAMONDS ACE,0.2936,0.0048,0.7016
HEARTS TWO DIAMONDS ACE,0.2322,0.0144,0.7534
HEARTS FOUR DIAMONDS QUEEN,0.3658,0.014,0.6202
HEARTS FOUR HEARTS TWO,0.5576,0.1442,0.2982
DIAMONDS THREE HEARTS TEN,0.3604,0.0288,0.6108
SPADES FOUR CLUBS KING,0.3546,0.0132,0.6322
HEARTS FIVE DIAMONDS QUEEN,0.3592,0.012,0.6288
HEARTS FIVE HEARTS TWO,0.5546,0.136,0.3094
DIAMONDS THREE HEARTS JACK,0.3632,0.0172,0.6196
SPADES FOUR CLUBS QUEEN,0.3606,0.0144,0.625
DIAMONDS QUEEN HEARTS TWO,0.243,0.0462,0.7108
DIAMONDS KING DIAMONDS QUEEN,0.2946,0.0076,0.6978
DIAMONDS KING HEARTS TWO,0.2538,0.0246,0.7216
HEARTS THREE DIAMONDS QUEEN,0.3658,0.0106,0.6236
HEARTS THREE HEARTS TWO,0.5622,0.1334,0.3044
SPADES FOUR CLUBS ACE,0.3414,0.0052,0.6534
HEARTS TWO CLUBS ACE,0.2364,0.0182,0.7454
DIAMONDS QUEEN CLUBS ACE,0.3304,0.0036,0.666
HEARTS TWO CLUBS QUEEN,0.234,0.0394,0.7266
DIAMONDS QUEEN CLUBS QUEEN,0.1312,0.0302,0.8386
HEARTS TWO CLUBS KING,0.2376,0.031,0.7314
DIAMONDS QUEEN CLUBS KING,0.302,0.0082,0.6898
CLUBS TEN HEARTS TWO,0.2324,0.0746,0.693
CLUBS TEN DIAMONDS QUEEN,0.3058,0.0108,0.6834
SPADES NINE SPADES FIVE,0.3298,0.038,0.6322
HEARTS TWO CLUBS JACK,0.2368,0.0644,0.6988
DIAMONDS QUEEN CLUBS JACK,0.3052,0.0112,0.6836
SPADES SIX SPADES FIVE,0.4696,0.0626,0.4678
SPADES SEVEN SPADES FIVE,0.4722,0.0668,0.461
DIAMONDS FIVE CLUBS QUEEN,0.3504,0.0116,0.638
DIAMONDS FIVE CLUBS KING,0.3496,0.0088,0.6416
CLUBS ACE DIAMONDS FIVE,0.336,0.0064,0.6576
CLUBS TEN DIAMONDS FIVE,0.3604,0.0272,0.6124
DIAMONDS FIVE CLUBS JACK,0.3464,0.019,0.6346
HEARTS JACK DIAMONDS TEN,0.3106,0.0144,0.675
DIAMONDS TEN HEARTS TEN,0.1328,0.0452,0.822
SPADES ACE CLUBS NINE,0.3004,0.005,0.6946
CLUBS NINE SPADES QUEEN,0.3114,0.0106,0.678
CLUBS NINE SPADES KING,0.3042,0.0068,0.689
HEARTS SIX HEARTS KING,0.3196,0.0076,0.6728
DIAMONDS KING SPADES SEVEN,0.347,0.0072,0.6458
HEARTS THREE SPADES SEVEN,0.5628,0.0666,0.3706
SPADES KING DIAMONDS SEVEN,0.3512,0.0102,0.6386
HEARTS SIX HEARTS QUEEN,0.3344,0.0108,0.6548
DIAMONDS KING SPADES SIX,0.3514,0.007,0.6416
HEARTS THREE SPADES SIX,0.5446,0.0726,0.3828
SPADES QUEEN DIAMONDS SEVEN,0.3514,0.0122,0.6364
DIAMONDS KING SPADES NINE,0.3074,0.0074,0.6852
HEARTS THREE SPADES NINE,0.3466,0.0416,0.6118
HEARTS SIX HEARTS ACE,0.328,0.0038,0.6682
SPADES ACE DIAMONDS SEVEN,0.3488,0.0054,0.6458
CLUBS NINE HEARTS THREE,0.3554,0.0454,0.5992
CLUBS NINE DIAMONDS KING,0.3298,0.0076,0.6626
HEARTS THREE CLUBS EIGHT,0.2066,0.5382,0.2552
CLUBS EIGHT DIAMONDS KING,0.2184,0.0384,0.7432
