opposingHand,winningChance,drawChance,lostChance
SPADES JACK HEARTS KING
SPADES TEN HEARTS FIVE,0.6888,0.009,0.3022
SPADES FIVE CLUBS JACK,0.7488,0.0272,0.224
CLUBS TEN SPADES FIVE,0.6662,0.0084,0.3254
CLUBS EIGHT CLUBS JACK,0.6952,0.0268,0.278
CLUBS TEN CLUBS EIGHT,0.6018,0.0054,0.3928
CLUBS EIGHT CLUBS KING,0.6388,0.0734,0.2878
SPADES FIVE CLUBS ACE,0.4244,0.0066,0.569
CLUBS EIGHT CLUBS QUEEN,0.6034,0.0058,0.3908
SPADES FIVE CLUBS KING,0.6706,0.0916,0.2378
SPADES FIVE CLUBS QUEEN,0.6466,0.0076,0.3458
CLUBS EIGHT CLUBS ACE,0.3948,0.005,0.6002
DIAMONDS TWO DIAMONDS THREE,0.6164,0.009,0.3746
DIAMONDS TWO DIAMONDS FIVE,0.594,0.0062,0.3998
SPADES KING HEARTS FIVE,0.6796,0.0914,0.229
DIAMONDS TWO DIAMONDS FOUR,0.6104,0.008,0.3816
SPADES QUEEN HEARTS FIVE,0.651,0.0068,0.3422
DIAMONDS TWO DIAMONDS SEVEN,0.6226,0.0062,0.3712
DIAMONDS TWO DIAMONDS SIX,0.6212,0.0074,0.3714
SPADES ACE HEARTS FIVE,0.4242,0.0054,0.5704
DIAMONDS TWO DIAMONDS NINE,0.6294,0.008,0.3626
DIAMONDS TWO DIAMONDS EIGHT,0.6226,0.0066,0.3708
DIAMONDS THREE DIAMONDS FOUR,0.586,0.0084,0.4056
SPADES FOUR CLUBS TWO,0.6576,0.0086,0.3338
DIAMONDS THREE DIAMONDS FIVE,0.5908,0.0078,0.4014
SPADES FIVE CLUBS TWO,0.6476,0.0092,0.3432
CLUBS TWO SPADES TWO,0.4952,0.0108,0.494
CLUBS TWO SPADES THREE,0.6758,0.0054,0.3188
DIAMONDS THREE DIAMONDS EIGHT,0.6246,0.0066,0.3688
SPADES EIGHT CLUBS TWO,0.6722,0.008,0.3198
DIAMONDS THREE DIAMONDS NINE,0.6264,0.008,0.3656
SPADES NINE CLUBS TWO,0.68,0.0062,0.3138
DIAMONDS THREE DIAMONDS SIX,0.6012,0.0072,0.3916
SPADES SIX CLUBS TWO,0.675,0.0048,0.3202
DIAMONDS THREE DIAMONDS SEVEN,0.619,0.0058,0.3752
SPADES SEVEN CLUBS TWO,0.6676,0.0082,0.3242
CLUBS SIX CLUBS TWO,0.6244,0.005,0.3706
CLUBS SEVEN CLUBS TWO,0.6194,0.0066,0.374
CLUBS FOUR CLUBS TWO,0.6116,0.0084,0.38
CLUBS FIVE CLUBS TWO,0.6056,0.0076,0.3868
CLUBS TEN CLUBS JACK,0.662,0.0224,0.3156
DIAMONDS FOUR DIAMONDS SIX,0.5922,0.0084,0.3994
CLUBS TEN CLUBS QUEEN,0.5976,0.0056,0.3968
DIAMONDS FOUR DIAMONDS SEVEN,0.5874,0.0066,0.406
CLUBS TEN CLUBS KING,0.6378,0.0808,0.2814
CLUBS TEN CLUBS ACE,0.3752,0.0028,0.622
CLUBS EIGHT CLUBS TWO,0.6204,0.008,0.3716
DIAMONDS FIVE DIAMONDS FOUR,0.5754,0.0064,0.4182
CLUBS NINE CLUBS TWO,0.6336,0.0068,0.3596
DIAMONDS NINE DIAMONDS FOUR,0.6222,0.0068,0.371
DIAMONDS EIGHT DIAMONDS FOUR,0.6214,0.004,0.3746
CLUBS THREE CLUBS TWO,0.6026,0.0074,0.39
DIAMONDS NINE DIAMONDS FIVE,0.6092,0.0064,0.3844
DIAMONDS TWO CLUBS JACK,0.7402,0.031,0.2288
DIAMONDS EIGHT DIAMONDS FIVE,0.61,0.006,0.384
CLUBS TEN DIAMONDS TWO,0.6876,0.008,0.3044
DIAMONDS FIVE DIAMONDS SEVEN,0.5944,0.0054,0.4002
DIAMONDS FIVE DIAMONDS SIX,0.5802,0.006,0.4138
DIAMONDS TWO CLUBS ACE,0.4192,0.003,0.5778
DIAMONDS TWO CLUBS KING,0.6864,0.082,0.2316
DIAMONDS TWO CLUBS QUEEN,0.6638,0.0042,0.332
DIAMONDS EIGHT DIAMONDS SIX,0.605,0.0058,0.3892
DIAMONDS NINE DIAMONDS SIX,0.6138,0.0068,0.3794
HEARTS ACE SPADES THREE,0.42,0.0054,0.5746
DIAMONDS SEVEN DIAMONDS SIX,0.584,0.0058,0.4102
SPADES THREE HEARTS QUEEN,0.655,0.0096,0.3354
SPADES THREE HEARTS JACK,0.755,0.034,0.211
SPADES THREE HEARTS TEN,0.6848,0.0076,0.3076
DIAMONDS EIGHT DIAMONDS SEVEN,0.5894,0.0078,0.4028
DIAMONDS NINE DIAMONDS SEVEN,0.6006,0.0058,0.3936
DIAMONDS NINE DIAMONDS EIGHT,0.5948,0.0062,0.399
DIAMONDS KING HEARTS TEN,0.6892,0.0868,0.224
HEARTS THREE HEARTS TEN,0.661,0.0076,0.3314
DIAMONDS KING HEARTS JACK,0.0196,0.9672,0.0132
HEARTS THREE HEARTS JACK,0.712,0.0338,0.2542
SPADES TEN CLUBS SIX,0.6648,0.0064,0.3288
SPADES TEN SPADES FIVE,0.6406,0.0078,0.3516
DIAMONDS KING HEARTS ACE,0.2514,0.0098,0.7388
HEARTS THREE HEARTS ACE,0.41,0.0052,0.5848
SPADES ACE CLUBS SIX,0.4256,0.0048,0.5696
DIAMONDS KING HEARTS QUEEN,0.2456,0.0578,0.6966
HEARTS THREE HEARTS QUEEN,0.6322,0.0068,0.361
SPADES KING CLUBS SIX,0.6756,0.0822,0.2422
SPADES QUEEN CLUBS SIX,0.6374,0.0066,0.356
SPADES NINE HEARTS TEN,0.6528,0.0076,0.3396
SPADES NINE HEARTS JACK,0.7274,0.0334,0.2392
SPADES QUEEN SPADES FIVE,0.6346,0.0082,0.3572
SPADES KING SPADES FIVE,0.6374,0.0854,0.2772
SPADES ACE SPADES FIVE,0.4022,0.0044,0.5934
SPADES NINE HEARTS QUEEN,0.6462,0.009,0.3448
SPADES NINE HEARTS ACE,0.4206,0.0036,0.5758
CLUBS TEN SPADES TEN,0.4414,0.0052,0.5534
SPADES ACE CLUBS TEN,0.388,0.0044,0.6076
SPADES KING CLUBS TEN,0.6846,0.0842,0.2312
CLUBS TEN SPADES QUEEN,0.6186,0.008,0.3734
SPADES FIVE HEARTS QUEEN,0.6602,0.0074,0.3324
SPADES FIVE HEARTS ACE,0.408,0.0046,0.5874
SPADES TEN CLUBS EIGHT,0.6412,0.0072,0.3516
HEARTS THREE SPADES TEN,0.6942,0.0058,0.3
SPADES TEN DIAMONDS KING,0.6778,0.0918,0.2304
CLUBS SIX HEARTS ACE,0.421,0.0038,0.5752
SPADES ACE CLUBS EIGHT,0.4246,0.0042,0.5712
HEARTS FIVE CLUBS JACK,0.7462,0.0264,0.2274
CLUBS TEN HEARTS FIVE,0.6798,0.0082,0.312
CLUBS SIX HEARTS QUEEN,0.65,0.0086,0.3414
SPADES QUEEN CLUBS EIGHT,0.6316,0.007,0.3614
CLUBS TEN SPADES THREE,0.6788,0.0052,0.316
SPADES KING CLUBS EIGHT,0.6776,0.0804,0.242
SPADES THREE CLUBS JACK,0.7414,0.0352,0.2234
DIAMONDS TWO HEARTS JACK,0.7536,0.031,0.2154
SPADES THREE CLUBS QUEEN,0.6556,0.0064,0.338
DIAMONDS TWO HEARTS TEN,0.6878,0.0078,0.3044
SPADES THREE CLUBS KING,0.682,0.09,0.228
HEARTS FIVE CLUBS ACE,0.425,0.0044,0.5706
SPADES FIVE HEARTS TEN,0.689,0.0062,0.3048
SPADES THREE CLUBS ACE,0.4108,0.0058,0.5834
HEARTS FIVE CLUBS KING,0.6818,0.0886,0.2296
SPADES FIVE HEARTS JACK,0.7428,0.0336,0.2236
HEARTS FIVE CLUBS QUEEN,0.6468,0.0088,0.3444
HEARTS THREE CLUBS KING,0.6924,0.0886,0.219
DIAMONDS KING CLUBS KING,0.1146,0.0096,0.8758
HEARTS THREE CLUBS QUEEN,0.659,0.0078,0.3332
DIAMONDS KING CLUBS QUEEN,0.2406,0.06,0.6994
HEARTS FIVE HEARTS JACK,0.71,0.03,0.26
HEARTS FIVE HEARTS TEN,0.6432,0.008,0.3488
HEARTS THREE CLUBS ACE,0.4066,0.0052,0.5882
DIAMONDS KING CLUBS ACE,0.2532,0.012,0.7348
SPADES ACE CLUBS QUEEN,0.3606,0.006,0.6334
SPADES KING CLUBS QUEEN,0.2366,0.0616,0.7018
HEARTS THREE CLUBS JACK,0.7438,0.0312,0.225
DIAMONDS KING CLUBS JACK,0.0198,0.9584,0.0218
SPADES QUEEN CLUBS QUEEN,0.291,0.0046,0.7044
CLUBS TEN HEARTS THREE,0.6926,0.0082,0.2992
CLUBS TEN DIAMONDS KING,0.673,0.084,0.243
CLUBS SIX CLUBS QUEEN,0.6094,0.0076,0.383
SPADES TEN CLUBS QUEEN,0.6308,0.0084,0.3608
CLUBS SIX CLUBS KING,0.6298,0.0804,0.2898
CLUBS SIX CLUBS ACE,0.3988,0.0044,0.5968
HEARTS FIVE HEARTS QUEEN,0.63,0.0076,0.3624
CLUBS TEN CLUBS SIX,0.6254,0.0058,0.3688
HEARTS FIVE HEARTS ACE,0.391,0.0056,0.6034
CLUBS SIX CLUBS JACK,0.6996,0.027,0.2734
SPADES SEVEN HEARTS JACK,0.7534,0.0304,0.2162
SPADES SEVEN HEARTS TEN,0.675,0.008,0.317
DIAMONDS TWO CLUBS TWO,0.4704,0.0092,0.5204
DIAMONDS TWO CLUBS THREE,0.6408,0.006,0.3532
HEARTS SIX DIAMONDS TWO,0.6574,0.006,0.3366
DIAMONDS TWO HEARTS QUEEN,0.653,0.009,0.338
DIAMONDS TWO HEARTS SEVEN,0.6792,0.006,0.3148
DIAMONDS TWO HEARTS EIGHT,0.6716,0.0072,0.3212
DIAMONDS TWO HEARTS ACE,0.4082,0.0046,0.5872
DIAMONDS TWO HEARTS NINE,0.6822,0.0064,0.3114
DIAMONDS TWO DIAMONDS QUEEN,0.6076,0.0078,0.3846
DIAMONDS TWO HEARTS TWO,0.476,0.0096,0.5144
DIAMONDS TWO DIAMONDS KING,0.6298,0.0824,0.2878
HEARTS THREE DIAMONDS TWO,0.645,0.01,0.345
DIAMONDS TWO DIAMONDS ACE,0.4048,0.0048,0.5904
HEARTS FOUR DIAMONDS TWO,0.658,0.0084,0.3336
DIAMONDS TWO HEARTS FIVE,0.6396,0.0088,0.3516
SPADES SEVEN HEARTS ACE,0.4166,0.0042,0.5792
DIAMONDS TWO DIAMONDS TEN,0.6404,0.0056,0.354
DIAMONDS TWO DIAMONDS JACK,0.6972,0.0264,0.2764
SPADES SEVEN HEARTS QUEEN,0.6564,0.0054,0.3382
DIAMONDS TWO SPADES NINE,0.6868,0.0062,0.307
DIAMONDS TWO SPADES EIGHT,0.6716,0.007,0.3214
DIAMONDS TWO SPADES SEVEN,0.6766,0.0058,0.3176
DIAMONDS TWO SPADES SIX,0.663,0.0086,0.3284
DIAMONDS TWO SPADES FIVE,0.647,0.008,0.345
DIAMONDS TWO SPADES FOUR,0.6722,0.0084,0.3194
DIAMONDS TWO SPADES THREE,0.6566,0.0084,0.335
DIAMONDS TWO SPADES TWO,0.4854,0.0098,0.5048
CLUBS NINE DIAMONDS TWO,0.6708,0.006,0.3232
DIAMONDS TWO CLUBS EIGHT,0.6702,0.007,0.3228
CLUBS SEVEN DIAMONDS TWO,0.665,0.005,0.33
DIAMONDS TWO CLUBS SIX,0.6622,0.0086,0.3292
DIAMONDS TWO CLUBS FIVE,0.651,0.0068,0.3422
DIAMONDS TWO CLUBS FOUR,0.651,0.009,0.34
CLUBS FOUR SPADES FIVE,0.6192,0.0078,0.373
CLUBS FOUR SPADES FOUR,0.4676,0.0082,0.5242
CLUBS FOUR SPADES THREE,0.6274,0.01,0.3626
CLUBS FOUR SPADES TWO,0.648,0.0082,0.3438
SPADES NINE CLUBS FOUR,0.6682,0.0064,0.3254
SPADES EIGHT CLUBS FOUR,0.659,0.0086,0.3324
SPADES SEVEN CLUBS FOUR,0.6608,0.0068,0.3324
SPADES SIX CLUBS FOUR,0.6434,0.0072,0.3494
SPADES ACE DIAMONDS SIX,0.4238,0.0024,0.5738
SPADES QUEEN DIAMONDS SIX,0.6404,0.0062,0.3534
SPADES KING DIAMONDS SIX,0.6702,0.092,0.2378
SPADES TEN DIAMONDS SIX,0.6748,0.005,0.3202
SPADES QUEEN SPADES TWO,0.6268,0.0066,0.3666
SPADES KING SPADES TWO,0.6542,0.0846,0.2612
SPADES ACE SPADES TWO,0.4084,0.006,0.5856
DIAMONDS JACK CLUBS JACK,0.319,0.015,0.666
CLUBS TEN DIAMONDS JACK,0.7068,0.0292,0.264
DIAMONDS JACK CLUBS KING,0.026,0.955,0.019
DIAMONDS JACK CLUBS QUEEN,0.7152,0.0208,0.264
DIAMONDS THREE DIAMONDS JACK,0.6982,0.029,0.2728
DIAMONDS THREE DIAMONDS TEN,0.6456,0.006,0.3484
DIAMONDS JACK CLUBS ACE,0.2522,0.0136,0.7342
DIAMONDS THREE DIAMONDS KING,0.6284,0.0816,0.29
HEARTS THREE DIAMONDS THREE,0.4808,0.0084,0.5108
DIAMONDS THREE DIAMONDS QUEEN,0.6106,0.0064,0.383
DIAMONDS THREE HEARTS TWO,0.6642,0.0086,0.3272
HEARTS FIVE DIAMONDS THREE,0.6384,0.0082,0.3534
DIAMONDS THREE DIAMONDS ACE,0.3966,0.0038,0.5996
HEARTS FOUR DIAMONDS THREE,0.6406,0.0078,0.3516
DIAMONDS THREE HEARTS SEVEN,0.6656,0.006,0.3284
SPADES TEN SPADES NINE,0.5984,0.0066,0.395
HEARTS SIX DIAMONDS THREE,0.6466,0.0078,0.3456
DIAMONDS THREE HEARTS NINE,0.6704,0.0062,0.3234
HEARTS JACK DIAMONDS FOUR,0.7444,0.0286,0.227
SPADES TEN SPADES TWO,0.6614,0.008,0.3306
DIAMONDS THREE HEARTS EIGHT,0.6828,0.0072,0.31
HEARTS TEN DIAMONDS FOUR,0.6764,0.0082,0.3154
HEARTS QUEEN DIAMONDS FOUR,0.6478,0.0064,0.3458
SPADES ACE SPADES NINE,0.41,0.0042,0.5858
HEARTS ACE DIAMONDS FOUR,0.4138,0.0032,0.583
SPADES KING SPADES NINE,0.6408,0.083,0.2762
SPADES QUEEN SPADES NINE,0.6046,0.008,0.3874
DIAMONDS THREE SPADES NINE,0.6786,0.0074,0.314
DIAMONDS THREE SPADES EIGHT,0.6682,0.0078,0.324
DIAMONDS THREE SPADES SEVEN,0.6656,0.006,0.3284
DIAMONDS THREE SPADES SIX,0.6502,0.0076,0.3422
DIAMONDS THREE CLUBS SIX,0.6566,0.0072,0.3362
CLUBS FIVE CLUBS SIX,0.5768,0.0076,0.4156
CLUBS ACE DIAMONDS FOUR,0.4286,0.0034,0.568
CLUBS SEVEN DIAMONDS THREE,0.6548,0.0062,0.339
CLUBS SEVEN CLUBS FIVE,0.59,0.0072,0.4028
DIAMONDS THREE CLUBS FOUR,0.628,0.0072,0.3648
DIAMONDS FOUR CLUBS QUEEN,0.6492,0.0058,0.345
DIAMONDS THREE CLUBS FIVE,0.6286,0.0066,0.3648
CLUBS KING DIAMONDS FOUR,0.6846,0.0792,0.2362
DIAMONDS THREE CLUBS TWO,0.6532,0.0088,0.338
CLUBS TEN DIAMONDS FOUR,0.6688,0.008,0.3232
DIAMONDS THREE CLUBS THREE,0.4802,0.0106,0.5092
DIAMONDS FOUR CLUBS JACK,0.7326,0.032,0.2354
DIAMONDS THREE SPADES FOUR,0.6364,0.0086,0.355
DIAMONDS THREE SPADES FIVE,0.6448,0.0072,0.348
DIAMONDS THREE SPADES TWO,0.653,0.0096,0.3374
DIAMONDS THREE SPADES THREE,0.4802,0.0098,0.51
CLUBS EIGHT DIAMONDS THREE,0.6832,0.0044,0.3124
CLUBS NINE DIAMONDS THREE,0.672,0.0072,0.3208
SPADES SEVEN CLUBS ACE,0.4294,0.0028,0.5678
SPADES SEVEN CLUBS QUEEN,0.6492,0.0046,0.3462
SPADES SEVEN CLUBS KING,0.6628,0.0924,0.2448
CLUBS FIVE SPADES SEVEN,0.63,0.0064,0.3636
CLUBS TEN SPADES SEVEN,0.661,0.0078,0.3312
CLUBS FIVE SPADES SIX,0.6334,0.006,0.3606
SPADES SEVEN CLUBS JACK,0.7426,0.028,0.2294
SPADES NINE CLUBS FIVE,0.6614,0.0068,0.3318
CLUBS FIVE SPADES EIGHT,0.6476,0.0084,0.344
CLUBS FIVE SPADES THREE,0.636,0.007,0.357
CLUBS FIVE SPADES TWO,0.6542,0.0068,0.339
CLUBS FIVE SPADES FIVE,0.4712,0.0076,0.5212
CLUBS FIVE SPADES FOUR,0.6198,0.0118,0.3684
CLUBS NINE CLUBS FIVE,0.6164,0.0044,0.3792
CLUBS EIGHT CLUBS FIVE,0.6024,0.0064,0.3912
CLUBS ACE CLUBS QUEEN,0.3486,0.0042,0.6472
CLUBS KING CLUBS QUEEN,0.2278,0.0572,0.715
DIAMONDS TEN DIAMONDS FOUR,0.6374,0.007,0.3556
CLUBS TEN DIAMONDS NINE,0.6492,0.0068,0.344
DIAMONDS JACK DIAMONDS FOUR,0.696,0.0332,0.2708
DIAMONDS NINE CLUBS JACK,0.705,0.0294,0.2656
SPADES NINE CLUBS JACK,0.7284,0.0298,0.2418
CLUBS TEN SPADES NINE,0.628,0.0058,0.3662
DIAMONDS ACE DIAMONDS FOUR,0.3932,0.0036,0.6032
HEARTS FOUR DIAMONDS FOUR,0.4784,0.0072,0.5144
DIAMONDS JACK HEARTS TEN,0.7204,0.0298,0.2498
SPADES NINE CLUBS KING,0.6822,0.0842,0.2336
DIAMONDS TWO SPADES TEN,0.6806,0.0072,0.3122
DIAMONDS NINE CLUBS ACE,0.4216,0.0036,0.5748
HEARTS FIVE DIAMONDS FOUR,0.6166,0.0056,0.3778
HEARTS JACK DIAMONDS JACK,0.3208,0.0164,0.6628
SPADES NINE CLUBS QUEEN,0.6288,0.0066,0.3646
DIAMONDS QUEEN DIAMONDS FOUR,0.6072,0.0058,0.387
HEARTS TWO DIAMONDS FOUR,0.6486,0.011,0.3404
DIAMONDS NINE CLUBS QUEEN,0.6174,0.0066,0.376
DIAMONDS KING DIAMONDS FOUR,0.6356,0.0788,0.2856
HEARTS THREE DIAMONDS FOUR,0.649,0.0072,0.3438
SPADES NINE CLUBS ACE,0.4162,0.0052,0.5786
DIAMONDS NINE CLUBS KING,0.6708,0.0826,0.2466
HEARTS ACE DIAMONDS JACK,0.2344,0.0162,0.7494
SPADES ACE DIAMONDS TWO,0.4286,0.007,0.5644
DIAMONDS JACK HEARTS QUEEN,0.733,0.0208,0.2462
SPADES QUEEN DIAMONDS TWO,0.6616,0.0066,0.3318
SPADES KING DIAMONDS TWO,0.6798,0.0906,0.2296
SPADES TEN SPADES SEVEN,0.6324,0.0064,0.3612
CLUBS SEVEN CLUBS THREE,0.6002,0.0058,0.394
CLUBS SIX CLUBS THREE,0.6032,0.0068,0.39
CLUBS FIVE CLUBS THREE,0.5854,0.0074,0.4072
CLUBS THREE CLUBS FOUR,0.5874,0.0066,0.406
CLUBS NINE CLUBS THREE,0.6308,0.006,0.3632
CLUBS EIGHT CLUBS THREE,0.6246,0.0068,0.3686
CLUBS THREE SPADES FIVE,0.6386,0.0082,0.3532
CLUBS THREE SPADES FOUR,0.6466,0.0094,0.344
CLUBS THREE SPADES THREE,0.4748,0.009,0.5162
CLUBS THREE SPADES TWO,0.666,0.0072,0.3268
CLUBS THREE SPADES SIX,0.6404,0.0046,0.355
SPADES SEVEN CLUBS THREE,0.6656,0.0094,0.325
SPADES EIGHT CLUBS THREE,0.6726,0.0052,0.3222
SPADES NINE CLUBS THREE,0.671,0.0064,0.3226
SPADES TWO DIAMONDS FOUR,0.648,0.0098,0.3422
SPADES THREE DIAMONDS FOUR,0.6418,0.0086,0.3496
SPADES FOUR DIAMONDS FOUR,0.483,0.009,0.508
SPADES FIVE DIAMONDS FOUR,0.6236,0.009,0.3674
SPADES SIX DIAMONDS FOUR,0.6376,0.0082,0.3542
SPADES SEVEN DIAMONDS FOUR,0.65,0.0054,0.3446
SPADES EIGHT DIAMONDS FOUR,0.6666,0.0072,0.3262
SPADES NINE DIAMONDS FOUR,0.6798,0.0066,0.3136
CLUBS FIVE DIAMONDS FOUR,0.62,0.0078,0.3722
CLUBS FOUR DIAMONDS FOUR,0.4742,0.008,0.5178
CLUBS SEVEN DIAMONDS FOUR,0.6498,0.0058,0.3444
CLUBS SIX DIAMONDS FOUR,0.6342,0.0056,0.3602
CLUBS NINE DIAMONDS FOUR,0.6594,0.0068,0.3338
CLUBS EIGHT DIAMONDS FOUR,0.6572,0.0072,0.3356
DIAMONDS FOUR HEARTS SEVEN,0.6444,0.008,0.3476
HEARTS SIX DIAMONDS FOUR,0.6346,0.0074,0.358
HEARTS NINE DIAMONDS FOUR,0.6822,0.005,0.3128
DIAMONDS FOUR HEARTS EIGHT,0.6692,0.0062,0.3246
CLUBS THREE DIAMONDS FOUR,0.635,0.0044,0.3606
CLUBS TWO DIAMONDS FOUR,0.6592,0.009,0.3318
DIAMONDS TEN DIAMONDS FIVE,0.6366,0.0056,0.3578
DIAMONDS JACK DIAMONDS FIVE,0.6882,0.0308,0.281
DIAMONDS NINE HEARTS QUEEN,0.6484,0.0072,0.3444
HEARTS ACE DIAMONDS NINE,0.4092,0.0028,0.588
DIAMONDS NINE HEARTS TEN,0.6474,0.0066,0.346
DIAMONDS NINE HEARTS JACK,0.7114,0.0292,0.2594
CLUBS KING DIAMONDS SIX,0.674,0.0866,0.2394
CLUBS QUEEN DIAMONDS SIX,0.6414,0.0046,0.354
CLUBS ACE DIAMONDS SIX,0.4138,0.0032,0.583
SPADES KING DIAMONDS FOUR,0.6714,0.0856,0.243
SPADES ACE SPADES SEVEN,0.3998,0.0058,0.5944
SPADES QUEEN DIAMONDS FOUR,0.6534,0.007,0.3396
SPADES QUEEN SPADES SEVEN,0.6186,0.007,0.3744
CLUBS JACK DIAMONDS SIX,0.7404,0.0248,0.2348
SPADES KING SPADES SEVEN,0.6416,0.0816,0.2768
SPADES ACE DIAMONDS FOUR,0.4256,0.0056,0.5688
CLUBS TEN DIAMONDS SIX,0.6718,0.0056,0.3226
CLUBS NINE CLUBS FOUR,0.6388,0.0068,0.3544
CLUBS EIGHT CLUBS FOUR,0.6032,0.007,0.3898
SPADES TEN DIAMONDS FOUR,0.6788,0.0064,0.3148
CLUBS FIVE CLUBS FOUR,0.5864,0.009,0.4046
CLUBS SEVEN CLUBS FOUR,0.6036,0.0058,0.3906
CLUBS SIX CLUBS FOUR,0.5994,0.007,0.3936
CLUBS SEVEN SPADES EIGHT,0.637,0.0072,0.3558
CLUBS SEVEN SPADES NINE,0.6282,0.0042,0.3676
CLUBS SEVEN SPADES SIX,0.6328,0.0058,0.3614
CLUBS SEVEN SPADES SEVEN,0.4656,0.0074,0.527
CLUBS SEVEN SPADES FIVE,0.6256,0.0056,0.3688
CLUBS SEVEN SPADES FOUR,0.6498,0.008,0.3422
CLUBS SEVEN SPADES THREE,0.6644,0.0072,0.3284
CLUBS SEVEN SPADES TWO,0.674,0.0062,0.3198
CLUBS NINE CLUBS SEVEN,0.5984,0.0056,0.396
CLUBS SEVEN CLUBS EIGHT,0.5934,0.0064,0.4002
HEARTS SIX DIAMONDS FIVE,0.62,0.0066,0.3734
DIAMONDS FIVE HEARTS SEVEN,0.6238,0.0048,0.3714
DIAMONDS FIVE HEARTS EIGHT,0.6422,0.008,0.3498
HEARTS NINE DIAMONDS FIVE,0.6626,0.0084,0.329
DIAMONDS QUEEN DIAMONDS FIVE,0.6016,0.0056,0.3928
HEARTS TWO DIAMONDS FIVE,0.6392,0.0056,0.3552
DIAMONDS KING DIAMONDS FIVE,0.6216,0.086,0.2924
HEARTS THREE DIAMONDS FIVE,0.6282,0.0084,0.3634
HEARTS QUEEN HEARTS EIGHT,0.6206,0.0078,0.3716
DIAMONDS ACE DIAMONDS FIVE,0.4018,0.004,0.5942
HEARTS FOUR DIAMONDS FIVE,0.6178,0.008,0.3742
HEARTS FIVE DIAMONDS FIVE,0.484,0.0096,0.5064
HEARTS ACE HEARTS EIGHT,0.4038,0.004,0.5922
CLUBS FOUR DIAMONDS FIVE,0.6228,0.007,0.3702
CLUBS FIVE DIAMONDS FIVE,0.4608,0.0068,0.5324
CLUBS SIX DIAMONDS FIVE,0.617,0.0058,0.3772
CLUBS SEVEN DIAMONDS FIVE,0.6366,0.0062,0.3572
CLUBS TWO DIAMONDS FIVE,0.6462,0.0084,0.3454
CLUBS THREE DIAMONDS FIVE,0.6242,0.0068,0.369
SPADES THREE DIAMONDS FIVE,0.6468,0.006,0.3472
SPADES TWO DIAMONDS FIVE,0.6568,0.0074,0.3358
SPADES FIVE DIAMONDS FIVE,0.4804,0.0074,0.5122
CLUBS TEN HEARTS JACK,0.7224,0.026,0.2516
SPADES TEN DIAMONDS EIGHT,0.6546,0.0064,0.339
SPADES FOUR DIAMONDS FIVE,0.6194,0.009,0.3716
HEARTS JACK CLUBS JACK,0.3106,0.0144,0.675
HEARTS JACK CLUBS QUEEN,0.7354,0.0216,0.243
CLUBS NINE DIAMONDS FIVE,0.6606,0.0056,0.3338
HEARTS JACK CLUBS KING,0.0192,0.9686,0.0122
CLUBS EIGHT DIAMONDS FIVE,0.644,0.0054,0.3506
HEARTS JACK CLUBS ACE,0.2522,0.0136,0.7342
SPADES SEVEN DIAMONDS FIVE,0.6434,0.0062,0.3504
SPADES KING DIAMONDS EIGHT,0.6812,0.089,0.2298
SPADES SIX DIAMONDS FIVE,0.6384,0.0056,0.356
SPADES QUEEN DIAMONDS EIGHT,0.6332,0.0074,0.3594
SPADES NINE DIAMONDS FIVE,0.6676,0.0052,0.3272
SPADES EIGHT DIAMONDS FIVE,0.6536,0.0074,0.339
SPADES ACE DIAMONDS EIGHT,0.417,0.0056,0.5774
DIAMONDS TEN DIAMONDS SIX,0.6152,0.005,0.3798
HEARTS ACE DIAMONDS SEVEN,0.416,0.005,0.579
DIAMONDS JACK DIAMONDS SIX,0.6944,0.0304,0.2752
HEARTS QUEEN DIAMONDS SEVEN,0.6616,0.007,0.3314
DIAMONDS ACE DIAMONDS SIX,0.4112,0.004,0.5848
HEARTS FOUR DIAMONDS SIX,0.6486,0.0058,0.3456
HEARTS JACK SPADES TWO,0.747,0.0372,0.2158
HEARTS FIVE DIAMONDS SIX,0.6286,0.005,0.3664
SPADES TWO HEARTS TEN,0.6916,0.0074,0.301
DIAMONDS QUEEN DIAMONDS SIX,0.6074,0.0066,0.386
HEARTS TWO DIAMONDS SIX,0.674,0.0072,0.3188
DIAMONDS KING DIAMONDS SIX,0.64,0.0814,0.2786
HEARTS THREE DIAMONDS SIX,0.6608,0.0082,0.331
HEARTS EIGHT DIAMONDS SIX,0.6506,0.0052,0.3442
HEARTS NINE DIAMONDS SIX,0.65,0.0072,0.3428
HEARTS SIX DIAMONDS SIX,0.4784,0.0076,0.514
HEARTS SEVEN DIAMONDS SIX,0.6296,0.005,0.3654
HEARTS TEN DIAMONDS SEVEN,0.668,0.0066,0.3254
CLUBS TWO DIAMONDS SIX,0.6598,0.008,0.3322
HEARTS JACK DIAMONDS SEVEN,0.7244,0.0334,0.2422
CLUBS THREE DIAMONDS SIX,0.6478,0.0074,0.3448
CLUBS SEVEN DIAMONDS SIX,0.6152,0.0052,0.3796
DIAMONDS EIGHT CLUBS JACK,0.7306,0.0256,0.2438
CLUBS SIX DIAMONDS SIX,0.4732,0.0074,0.5194
CLUBS TEN DIAMONDS EIGHT,0.6582,0.006,0.3358
CLUBS FIVE DIAMONDS SIX,0.6194,0.0068,0.3738
CLUBS FOUR DIAMONDS SIX,0.6274,0.0062,0.3664
HEARTS ACE HEARTS JACK,0.2316,0.0198,0.7486
DIAMONDS EIGHT CLUBS ACE,0.4098,0.0038,0.5864
HEARTS JACK HEARTS QUEEN,0.7,0.0264,0.2736
DIAMONDS EIGHT CLUBS KING,0.6798,0.081,0.2392
CLUBS NINE DIAMONDS SIX,0.6514,0.0052,0.3434
DIAMONDS EIGHT CLUBS QUEEN,0.65,0.0068,0.3432
CLUBS EIGHT DIAMONDS SIX,0.637,0.0038,0.3592
SPADES FIVE DIAMONDS SIX,0.6288,0.0054,0.3658
HEARTS ACE SPADES TWO,0.4186,0.005,0.5764
SPADES FOUR DIAMONDS SIX,0.6404,0.0064,0.3532
SPADES THREE DIAMONDS SIX,0.644,0.0078,0.3482
SPADES TWO HEARTS QUEEN,0.6594,0.0054,0.3352
SPADES ACE SPADES KING,0.246,0.0122,0.7418
SPADES TWO DIAMONDS SIX,0.6638,0.0074,0.3288
HEARTS TEN HEARTS EIGHT,0.6172,0.0068,0.376
SPADES NINE DIAMONDS SIX,0.6628,0.0054,0.3318
HEARTS JACK HEARTS EIGHT,0.7128,0.0324,0.2548
SPADES EIGHT DIAMONDS SIX,0.6302,0.0068,0.363
SPADES SEVEN DIAMONDS SIX,0.6324,0.006,0.3616
SPADES SIX DIAMONDS SIX,0.4758,0.007,0.5172
CLUBS ACE CLUBS KING,0.2224,0.0104,0.7672
SPADES ACE HEARTS JACK,0.2422,0.0182,0.7396
SPADES QUEEN HEARTS JACK,0.7208,0.0268,0.2524
SPADES KING HEARTS JACK,0.0056,0.9902,0.0042
SPADES TEN DIAMONDS TEN,0.4436,0.0056,0.5508
SPADES ACE DIAMONDS TEN,0.4014,0.004,0.5946
SPADES TEN HEARTS JACK,0.7202,0.0308,0.249
SPADES QUEEN DIAMONDS TEN,0.617,0.0072,0.3758
SPADES KING DIAMONDS TEN,0.6756,0.0942,0.2302
SPADES NINE DIAMONDS SEVEN,0.6452,0.0058,0.349
SPADES EIGHT DIAMONDS SEVEN,0.6252,0.007,0.3678
SPADES SEVEN DIAMONDS SEVEN,0.4656,0.0076,0.5268
SPADES SIX DIAMONDS SEVEN,0.6378,0.007,0.3552
DIAMONDS KING DIAMONDS SEVEN,0.6356,0.0824,0.282
HEARTS THREE DIAMONDS SEVEN,0.6664,0.007,0.3266
DIAMONDS QUEEN DIAMONDS SEVEN,0.6182,0.0062,0.3756
HEARTS TWO DIAMONDS SEVEN,0.6706,0.007,0.3224
HEARTS QUEEN DIAMONDS FIVE,0.6554,0.0062,0.3384
HEARTS FIVE DIAMONDS SEVEN,0.643,0.0064,0.3506
DIAMONDS ACE DIAMONDS SEVEN,0.3944,0.0032,0.6024
HEARTS FOUR DIAMONDS SEVEN,0.6514,0.0066,0.342
HEARTS ACE DIAMONDS FIVE,0.417,0.0044,0.5786
HEARTS SEVEN DIAMONDS SEVEN,0.477,0.0056,0.5174
HEARTS SIX DIAMONDS SEVEN,0.6298,0.0054,0.3648
HEARTS NINE DIAMONDS SEVEN,0.6564,0.0076,0.336
DIAMONDS SEVEN HEARTS EIGHT,0.6392,0.0076,0.3532
DIAMONDS JACK DIAMONDS SEVEN,0.6788,0.029,0.2922
HEARTS JACK DIAMONDS FIVE,0.7364,0.03,0.2336
DIAMONDS TEN DIAMONDS SEVEN,0.606,0.0058,0.3882
DIAMONDS FIVE HEARTS TEN,0.6834,0.0074,0.3092
SPADES KING CLUBS TWO,0.6752,0.0902,0.2346
CLUBS EIGHT DIAMONDS SEVEN,0.6196,0.006,0.3744
SPADES QUEEN CLUBS TWO,0.649,0.0082,0.3428
CLUBS NINE DIAMONDS SEVEN,0.6272,0.0052,0.3676
SPADES TWO CLUBS JACK,0.7396,0.0356,0.2248
SPADES ACE CLUBS TWO,0.4214,0.005,0.5736
CLUBS TEN SPADES TWO,0.6846,0.0076,0.3078
CLUBS SEVEN CLUBS SIX,0.5774,0.005,0.4176
SPADES TWO CLUBS KING,0.6854,0.086,0.2286
SPADES TWO DIAMONDS SEVEN,0.6822,0.006,0.3118
CLUBS EIGHT CLUBS SIX,0.6144,0.0056,0.38
SPADES THREE DIAMONDS SEVEN,0.666,0.0074,0.3266
SPADES TWO CLUBS QUEEN,0.6552,0.0084,0.3364
CLUBS NINE CLUBS SIX,0.6122,0.0068,0.381
SPADES FOUR DIAMONDS SEVEN,0.654,0.006,0.34
SPADES FIVE DIAMONDS SEVEN,0.6412,0.0078,0.351
SPADES TWO CLUBS ACE,0.4228,0.0066,0.5706
CLUBS SIX SPADES TWO,0.6602,0.0098,0.33
CLUBS SIX SPADES THREE,0.6466,0.0096,0.3438
CLUBS TWO DIAMONDS SEVEN,0.6684,0.0062,0.3254
CLUBS SIX SPADES FOUR,0.6444,0.0078,0.3478
CLUBS THREE DIAMONDS SEVEN,0.655,0.0092,0.3358
CLUBS SIX SPADES FIVE,0.6096,0.0072,0.3832
CLUBS FOUR DIAMONDS SEVEN,0.6528,0.0058,0.3414
CLUBS SIX SPADES SIX,0.4826,0.0078,0.5096
CLUBS FIVE DIAMONDS SEVEN,0.6378,0.0056,0.3566
CLUBS SIX SPADES SEVEN,0.635,0.0058,0.3592
CLUBS SIX DIAMONDS SEVEN,0.6328,0.0044,0.3628
SPADES EIGHT CLUBS SIX,0.6392,0.0052,0.3556
CLUBS SEVEN DIAMONDS SEVEN,0.4746,0.0056,0.5198
SPADES NINE CLUBS SIX,0.6576,0.0058,0.3366
SPADES TEN CLUBS TWO,0.6866,0.01,0.3034
CLUBS TWO CLUBS QUEEN,0.6102,0.0074,0.3824
CLUBS TWO CLUBS KING,0.6338,0.0856,0.2806
CLUBS THREE DIAMONDS EIGHT,0.6606,0.0082,0.3312
CLUBS TWO CLUBS ACE,0.3974,0.0048,0.5978
CLUBS TWO DIAMONDS EIGHT,0.6724,0.0072,0.3204
DIAMONDS EIGHT HEARTS SEVEN,0.6322,0.0074,0.3604
HEARTS SIX DIAMONDS EIGHT,0.641,0.007,0.352
DIAMONDS EIGHT HEARTS NINE,0.6384,0.0082,0.3534
CLUBS TEN CLUBS TWO,0.6416,0.0078,0.3506
DIAMONDS EIGHT HEARTS EIGHT,0.4626,0.0056,0.5318
CLUBS TWO CLUBS JACK,0.7056,0.031,0.2634
CLUBS NINE DIAMONDS EIGHT,0.6322,0.0058,0.362
CLUBS EIGHT DIAMONDS EIGHT,0.4646,0.0062,0.5292
CLUBS FIVE DIAMONDS EIGHT,0.644,0.0058,0.3502
SPADES ACE SPADES THREE,0.4062,0.0048,0.589
CLUBS FOUR DIAMONDS EIGHT,0.6526,0.0062,0.3412
CLUBS SEVEN DIAMONDS EIGHT,0.631,0.006,0.363
SPADES QUEEN SPADES THREE,0.6166,0.0078,0.3756
CLUBS SIX DIAMONDS EIGHT,0.6256,0.0068,0.3676
SPADES KING SPADES THREE,0.6358,0.0898,0.2744
DIAMONDS QUEEN DIAMONDS EIGHT,0.6008,0.0054,0.3938
HEARTS TWO DIAMONDS EIGHT,0.6676,0.0056,0.3268
DIAMONDS KING DIAMONDS EIGHT,0.631,0.084,0.285
HEARTS THREE DIAMONDS EIGHT,0.677,0.0086,0.3144
DIAMONDS ACE DIAMONDS EIGHT,0.3958,0.0036,0.6006
HEARTS FOUR DIAMONDS EIGHT,0.6654,0.0066,0.328
HEARTS FIVE DIAMONDS EIGHT,0.6504,0.007,0.3426
DIAMONDS EIGHT DIAMONDS TEN,0.6194,0.0042,0.3764
DIAMONDS EIGHT DIAMONDS JACK,0.6876,0.0262,0.2862
SPADES TEN SPADES THREE,0.6518,0.0086,0.3396
CLUBS FOUR HEARTS ACE,0.4168,0.0068,0.5764
CLUBS FOUR HEARTS QUEEN,0.6612,0.0056,0.3332
CLUBS SIX HEARTS TEN,0.6754,0.0064,0.3182
CLUBS SIX HEARTS JACK,0.7398,0.0324,0.2278
SPADES FOUR DIAMONDS EIGHT,0.66,0.0072,0.3328
SPADES FIVE DIAMONDS EIGHT,0.6504,0.0068,0.3428
DIAMONDS EIGHT SPADES TWO,0.6806,0.0068,0.3126
DIAMONDS EIGHT SPADES THREE,0.6796,0.005,0.3154
CLUBS FOUR HEARTS JACK,0.7424,0.0364,0.2212
SPADES EIGHT DIAMONDS EIGHT,0.476,0.0064,0.5176
SPADES TEN HEARTS TWO,0.7,0.0084,0.2916
SPADES TEN DIAMONDS QUEEN,0.6182,0.0068,0.375
CLUBS FOUR HEARTS TEN,0.689,0.0054,0.3056
SPADES NINE DIAMONDS EIGHT,0.6288,0.0078,0.3634
SPADES TEN HEARTS EIGHT,0.657,0.006,0.337
SPADES SIX DIAMONDS EIGHT,0.6348,0.006,0.3592
SPADES SEVEN DIAMONDS EIGHT,0.6252,0.0058,0.369
SPADES ACE HEARTS TWO,0.4146,0.0068,0.5786
SPADES ACE DIAMONDS QUEEN,0.362,0.0058,0.6322
SPADES ACE HEARTS EIGHT,0.4104,0.0046,0.585
SPADES KING HEARTS EIGHT,0.6814,0.0856,0.233
SPADES QUEEN HEARTS TWO,0.65,0.0114,0.3386
SPADES QUEEN DIAMONDS QUEEN,0.2756,0.004,0.7204
SPADES KING DIAMONDS QUEEN,0.2326,0.0576,0.7098
SPADES KING HEARTS TWO,0.6852,0.093,0.2218
SPADES QUEEN HEARTS EIGHT,0.6488,0.0068,0.3444
CLUBS TWO HEARTS TEN,0.6778,0.0068,0.3154
CLUBS TWO HEARTS JACK,0.7538,0.0378,0.2084
SPADES SEVEN DIAMONDS NINE,0.6292,0.0066,0.3642
SPADES SIX DIAMONDS NINE,0.6574,0.0058,0.3368
SPADES NINE DIAMONDS NINE,0.4348,0.0074,0.5578
SPADES EIGHT DIAMONDS NINE,0.6252,0.0082,0.3666
SPADES TEN CLUBS KING,0.671,0.0846,0.2444
DIAMONDS NINE SPADES THREE,0.677,0.004,0.319
DIAMONDS NINE SPADES TWO,0.6708,0.007,0.3222
SPADES FIVE DIAMONDS NINE,0.658,0.007,0.335
DIAMONDS NINE SPADES FOUR,0.6706,0.0064,0.323
CLUBS NINE DIAMONDS NINE,0.4548,0.0066,0.5386
CLUBS EIGHT DIAMONDS NINE,0.6164,0.0054,0.3782
CLUBS SIX DIAMONDS NINE,0.6588,0.004,0.3372
CLUBS SEVEN DIAMONDS NINE,0.6468,0.0062,0.347
SPADES TEN CLUBS FOUR,0.6868,0.0068,0.3064
CLUBS FOUR DIAMONDS NINE,0.6548,0.007,0.3382
CLUBS FIVE DIAMONDS NINE,0.6486,0.0072,0.3442
DIAMONDS NINE CLUBS TWO,0.6688,0.0082,0.323
CLUBS THREE DIAMONDS NINE,0.665,0.0084,0.3266
DIAMONDS NINE HEARTS EIGHT,0.6256,0.0068,0.3676
DIAMONDS NINE HEARTS NINE,0.4456,0.005,0.5494
HEARTS SIX DIAMONDS NINE,0.6478,0.0064,0.3458
DIAMONDS NINE HEARTS SEVEN,0.6472,0.0056,0.3472
CLUBS NINE CLUBS EIGHT,0.5876,0.0044,0.408
DIAMONDS ACE DIAMONDS NINE,0.3856,0.0038,0.6106
HEARTS FOUR DIAMONDS NINE,0.684,0.0068,0.3092
HEARTS FIVE DIAMONDS NINE,0.6628,0.0074,0.3298
HEARTS ACE CLUBS TWO,0.4208,0.0054,0.5738
SPADES ACE CLUBS FOUR,0.4082,0.0056,0.5862
DIAMONDS QUEEN DIAMONDS NINE,0.5924,0.005,0.4026
HEARTS TWO DIAMONDS NINE,0.6712,0.0058,0.323
SPADES KING CLUBS FOUR,0.6694,0.0886,0.242
DIAMONDS KING DIAMONDS NINE,0.6384,0.0804,0.2812
HEARTS THREE DIAMONDS NINE,0.6702,0.0058,0.324
CLUBS TWO HEARTS QUEEN,0.6506,0.0094,0.34
SPADES QUEEN CLUBS FOUR,0.64,0.0054,0.3546
DIAMONDS NINE DIAMONDS JACK,0.6738,0.0296,0.2966
CLUBS EIGHT SPADES NINE,0.6396,0.006,0.3544
DIAMONDS NINE DIAMONDS TEN,0.5988,0.008,0.3932
CLUBS EIGHT SPADES EIGHT,0.46,0.0058,0.5342
CLUBS EIGHT SPADES SEVEN,0.6244,0.0058,0.3698
CLUBS EIGHT SPADES SIX,0.642,0.004,0.354
CLUBS EIGHT SPADES FIVE,0.6588,0.0056,0.3356
CLUBS EIGHT SPADES FOUR,0.6692,0.0088,0.322
CLUBS EIGHT SPADES THREE,0.6722,0.0072,0.3206
CLUBS EIGHT SPADES TWO,0.6812,0.008,0.3108
HEARTS SIX DIAMONDS TEN,0.6768,0.0048,0.3184
DIAMONDS TEN HEARTS SEVEN,0.6714,0.0066,0.322
DIAMONDS TEN HEARTS EIGHT,0.6422,0.0062,0.3516
CLUBS FOUR CLUBS JACK,0.6894,0.03,0.2806
DIAMONDS TEN HEARTS NINE,0.6326,0.008,0.3594
CLUBS TEN CLUBS FOUR,0.6308,0.0056,0.3636
CLUBS FOUR CLUBS KING,0.6154,0.0852,0.2994
CLUBS FOUR CLUBS QUEEN,0.6068,0.0058,0.3874
CLUBS TWO DIAMONDS TEN,0.6848,0.006,0.3092
CLUBS THREE DIAMONDS TEN,0.6794,0.0058,0.3148
CLUBS FOUR CLUBS ACE,0.4232,0.0036,0.5732
DIAMONDS JACK DIAMONDS TEN,0.6676,0.0242,0.3082
DIAMONDS QUEEN DIAMONDS TEN,0.5814,0.0062,0.4124
HEARTS TWO DIAMONDS TEN,0.6872,0.0056,0.3072
DIAMONDS KING DIAMONDS TEN,0.6192,0.0862,0.2946
HEARTS THREE DIAMONDS TEN,0.6946,0.007,0.2984
DIAMONDS ACE DIAMONDS TEN,0.365,0.004,0.631
HEARTS FOUR DIAMONDS TEN,0.6806,0.0068,0.3126
CLUBS EIGHT HEARTS JACK,0.7274,0.029,0.2436
HEARTS FIVE DIAMONDS TEN,0.6762,0.0076,0.3162
CLUBS EIGHT HEARTS TEN,0.652,0.006,0.342
CLUBS EIGHT HEARTS QUEEN,0.655,0.0056,0.3394
CLUBS EIGHT HEARTS ACE,0.4168,0.0038,0.5794
CLUBS NINE SPADES THREE,0.6708,0.0094,0.3198
CLUBS NINE SPADES TWO,0.6838,0.0064,0.3098
CLUBS NINE SPADES FIVE,0.6696,0.0068,0.3236
CLUBS NINE SPADES FOUR,0.6728,0.008,0.3192
CLUBS NINE SPADES SEVEN,0.6432,0.0062,0.3506
CLUBS NINE SPADES SIX,0.6486,0.006,0.3454
CLUBS NINE SPADES NINE,0.4408,0.0078,0.5514
CLUBS TEN HEARTS EIGHT,0.6536,0.0066,0.3398
CLUBS NINE SPADES EIGHT,0.633,0.007,0.36
CLUBS JACK HEARTS EIGHT,0.748,0.0322,0.2198
CLUBS QUEEN HEARTS EIGHT,0.6574,0.0058,0.3368
CLUBS KING HEARTS EIGHT,0.6826,0.0888,0.2286
CLUBS ACE HEARTS EIGHT,0.416,0.0034,0.5806
SPADES KING CLUBS KING,0.0944,0.0124,0.8932
SPADES QUEEN CLUBS KING,0.2402,0.0614,0.6984
SPADES ACE CLUBS KING,0.2358,0.0126,0.7516
DIAMONDS ACE HEARTS TEN,0.4048,0.0048,0.5904
HEARTS FOUR HEARTS TEN,0.649,0.0084,0.3426
DIAMONDS ACE HEARTS JACK,0.2574,0.0152,0.7274
HEARTS FOUR HEARTS JACK,0.6994,0.0318,0.2688
SPADES KING CLUBS FIVE,0.6776,0.0874,0.235
SPADES QUEEN CLUBS FIVE,0.6502,0.0052,0.3446
SPADES ACE CLUBS FIVE,0.4116,0.005,0.5834
DIAMONDS JACK HEARTS SEVEN,0.7222,0.029,0.2488
HEARTS SIX DIAMONDS JACK,0.7378,0.0326,0.2296
DIAMONDS JACK HEARTS NINE,0.7218,0.0272,0.251
DIAMONDS JACK HEARTS EIGHT,0.7264,0.0302,0.2434
DIAMONDS KING DIAMONDS JACK,0.0212,0.9028,0.076
HEARTS THREE DIAMONDS JACK,0.7482,0.033,0.2188
SPADES ACE SPADES SIX,0.4114,0.004,0.5846
HEARTS ACE SPADES FOUR,0.4054,0.005,0.5896
DIAMONDS QUEEN DIAMONDS JACK,0.68,0.0226,0.2974
HEARTS TWO DIAMONDS JACK,0.7504,0.031,0.2186
HEARTS FIVE DIAMONDS JACK,0.7486,0.0304,0.221
SPADES QUEEN SPADES SIX,0.6178,0.0066,0.3756
SPADES FOUR HEARTS QUEEN,0.66,0.0084,0.3316
DIAMONDS ACE DIAMONDS JACK,0.2388,0.0148,0.7464
HEARTS FOUR DIAMONDS JACK,0.7308,0.029,0.2402
SPADES KING SPADES SIX,0.6502,0.0772,0.2726
SPADES TEN SPADES SIX,0.6388,0.0056,0.3556
SPADES FOUR DIAMONDS JACK,0.7454,0.0304,0.2242
SPADES FIVE DIAMONDS JACK,0.744,0.0302,0.2258
DIAMONDS JACK SPADES TWO,0.755,0.0336,0.2114
SPADES THREE DIAMONDS JACK,0.7426,0.031,0.2264
SPADES ACE DIAMONDS THREE,0.4186,0.0062,0.5752
SPADES QUEEN DIAMONDS THREE,0.6482,0.0072,0.3446
CLUBS EIGHT DIAMONDS JACK,0.7194,0.0364,0.2442
SPADES KING DIAMONDS THREE,0.6716,0.081,0.2474
CLUBS NINE DIAMONDS JACK,0.7172,0.029,0.2538
CLUBS SIX DIAMONDS JACK,0.7442,0.0252,0.2306
CLUBS SEVEN DIAMONDS JACK,0.7182,0.0308,0.251
CLUBS FOUR DIAMONDS JACK,0.7332,0.0298,0.237
CLUBS FIVE DIAMONDS JACK,0.7344,0.0276,0.238
CLUBS TWO DIAMONDS JACK,0.753,0.0286,0.2184
CLUBS THREE DIAMONDS JACK,0.7488,0.0298,0.2214
SPADES TEN CLUBS FIVE,0.6962,0.0058,0.298
HEARTS SIX SPADES TEN,0.674,0.0082,0.3178
CLUBS SEVEN CLUBS ACE,0.3902,0.0044,0.6054
SPADES TEN DIAMONDS THREE,0.691,0.0054,0.3036
CLUBS SEVEN CLUBS QUEEN,0.6186,0.0066,0.3748
CLUBS SEVEN CLUBS KING,0.6376,0.0772,0.2852
SPADES NINE DIAMONDS JACK,0.7158,0.0318,0.2524
CLUBS TEN CLUBS SEVEN,0.6122,0.0084,0.3794
DIAMONDS ACE HEARTS ACE,0.1346,0.0042,0.8612
HEARTS FOUR HEARTS ACE,0.406,0.005,0.589
SPADES EIGHT DIAMONDS JACK,0.7392,0.0332,0.2276
SPADES ACE HEARTS SIX,0.428,0.0048,0.5672
CLUBS SEVEN CLUBS JACK,0.6796,0.0286,0.2918
SPADES SEVEN DIAMONDS JACK,0.7266,0.0284,0.245
SPADES KING HEARTS SIX,0.6872,0.0904,0.2224
DIAMONDS ACE HEARTS QUEEN,0.368,0.0062,0.6258
HEARTS FOUR HEARTS QUEEN,0.6022,0.0068,0.391
SPADES SIX DIAMONDS JACK,0.7434,0.0294,0.2272
SPADES QUEEN HEARTS SIX,0.649,0.0058,0.3452
SPADES TWO DIAMONDS TEN,0.6898,0.006,0.3042
SPADES THREE DIAMONDS TEN,0.6782,0.0066,0.3152
SPADES FOUR DIAMONDS TEN,0.6736,0.0084,0.318
SPADES FIVE DIAMONDS TEN,0.6864,0.0062,0.3074
SPADES SIX DIAMONDS TEN,0.666,0.0054,0.3286
SPADES SEVEN DIAMONDS TEN,0.6714,0.0072,0.3214
SPADES EIGHT DIAMONDS TEN,0.6524,0.0088,0.3388
SPADES NINE DIAMONDS TEN,0.634,0.0054,0.3606
CLUBS FOUR DIAMONDS TEN,0.682,0.0066,0.3114
CLUBS FIVE DIAMONDS TEN,0.683,0.0056,0.3114
CLUBS SIX DIAMONDS TEN,0.6672,0.007,0.3258
CLUBS SEVEN DIAMONDS TEN,0.6524,0.0054,0.3422
CLUBS EIGHT DIAMONDS TEN,0.652,0.0054,0.3426
CLUBS NINE DIAMONDS TEN,0.62,0.0054,0.3746
DIAMONDS THREE CLUBS JACK,0.7406,0.0304,0.229
CLUBS TEN DIAMONDS THREE,0.6778,0.0092,0.313
DIAMONDS THREE CLUBS KING,0.6886,0.0844,0.227
DIAMONDS THREE CLUBS QUEEN,0.645,0.0062,0.3488
DIAMONDS THREE CLUBS ACE,0.4188,0.0056,0.5756
SPADES FOUR HEARTS JACK,0.76,0.033,0.207
SPADES FOUR HEARTS TEN,0.6782,0.0086,0.3132
SPADES FIVE SPADES TWO,0.6316,0.0076,0.3608
SPADES FOUR SPADES TWO,0.6168,0.0086,0.3746
SPADES THREE SPADES TWO,0.6378,0.0072,0.355
SPADES NINE SPADES TWO,0.6514,0.0072,0.3414
SPADES EIGHT SPADES TWO,0.6372,0.0078,0.355
SPADES SEVEN SPADES TWO,0.6414,0.008,0.3506
SPADES SIX SPADES TWO,0.6432,0.007,0.3498
DIAMONDS QUEEN CLUBS THREE,0.6508,0.0056,0.3436
CLUBS THREE HEARTS TWO,0.6522,0.0086,0.3392
DIAMONDS QUEEN CLUBS TWO,0.6584,0.0056,0.336
HEARTS TWO CLUBS TWO,0.4814,0.0062,0.5124
DIAMONDS QUEEN HEARTS SEVEN,0.6562,0.0082,0.3356
HEARTS TWO HEARTS SEVEN,0.6418,0.0086,0.3496
HEARTS SIX DIAMONDS QUEEN,0.6604,0.0068,0.3328
HEARTS SIX HEARTS TWO,0.6412,0.0084,0.3504
DIAMONDS QUEEN HEARTS NINE,0.6366,0.0094,0.354
HEARTS TWO HEARTS NINE,0.6542,0.007,0.3388
DIAMONDS QUEEN HEARTS EIGHT,0.6428,0.0062,0.351
HEARTS TWO HEARTS EIGHT,0.6456,0.0066,0.3478
CLUBS NINE HEARTS TWO,0.678,0.0062,0.3158
CLUBS NINE DIAMONDS QUEEN,0.6432,0.0054,0.3514
CLUBS EIGHT HEARTS TWO,0.6672,0.0072,0.3256
CLUBS EIGHT DIAMONDS QUEEN,0.6498,0.0054,0.3448
CLUBS FIVE DIAMONDS QUEEN,0.64,0.008,0.352
CLUBS FIVE HEARTS TWO,0.6322,0.0086,0.3592
SPADES EIGHT HEARTS ACE,0.4304,0.0066,0.563
DIAMONDS QUEEN CLUBS FOUR,0.65,0.007,0.343
HEARTS TWO CLUBS FOUR,0.6512,0.0084,0.3404
CLUBS SEVEN DIAMONDS QUEEN,0.65,0.006,0.344
CLUBS SEVEN HEARTS TWO,0.6674,0.0082,0.3244
SPADES EIGHT HEARTS QUEEN,0.6574,0.0074,0.3352
CLUBS SIX DIAMONDS QUEEN,0.6552,0.0046,0.3402
CLUBS SIX HEARTS TWO,0.6598,0.008,0.3322
DIAMONDS QUEEN SPADES SIX,0.65,0.0096,0.3404
HEARTS TWO SPADES SIX,0.6716,0.0086,0.3198
HEARTS FOUR CLUBS QUEEN,0.655,0.0082,0.3368
DIAMONDS ACE CLUBS QUEEN,0.3634,0.0032,0.6334
DIAMONDS QUEEN SPADES SEVEN,0.6526,0.005,0.3424
SPADES SEVEN HEARTS TWO,0.6814,0.0046,0.314
HEARTS FOUR CLUBS KING,0.674,0.0866,0.2394
DIAMONDS ACE CLUBS KING,0.2418,0.0104,0.7478
SPADES EIGHT DIAMONDS QUEEN,0.6486,0.0066,0.3448
SPADES EIGHT HEARTS TWO,0.6734,0.0084,0.3182
HEARTS FOUR CLUBS ACE,0.4142,0.0044,0.5814
DIAMONDS ACE CLUBS ACE,0.143,0.0048,0.8522
SPADES NINE DIAMONDS QUEEN,0.6364,0.0064,0.3572
SPADES NINE HEARTS TWO,0.6922,0.0078,0.3
HEARTS TWO SPADES TWO,0.4776,0.0094,0.513
DIAMONDS QUEEN SPADES TWO,0.6624,0.0082,0.3294
HEARTS TWO SPADES THREE,0.6602,0.0086,0.3312
DIAMONDS QUEEN SPADES THREE,0.6698,0.0082,0.322
HEARTS TWO SPADES FOUR,0.6496,0.008,0.3424
DIAMONDS QUEEN SPADES FOUR,0.6536,0.005,0.3414
HEARTS FOUR CLUBS TEN,0.6756,0.006,0.3184
CLUBS TEN DIAMONDS ACE,0.3954,0.0028,0.6018
HEARTS TWO SPADES FIVE,0.6604,0.0094,0.3302
DIAMONDS QUEEN SPADES FIVE,0.6596,0.0068,0.3336
HEARTS FOUR CLUBS JACK,0.7358,0.028,0.2362
DIAMONDS ACE CLUBS JACK,0.2584,0.016,0.7256
CLUBS FIVE CLUBS KING,0.6362,0.0704,0.2934
CLUBS FIVE CLUBS QUEEN,0.5944,0.0066,0.399
CLUBS FIVE CLUBS ACE,0.4014,0.0044,0.5942
CLUBS FIVE CLUBS JACK,0.6848,0.0304,0.2848
CLUBS TEN CLUBS FIVE,0.6384,0.0056,0.356
SPADES KING CLUBS JACK,0.0092,0.9734,0.0174
SPADES QUEEN CLUBS JACK,0.7348,0.0224,0.2428
SPADES ACE CLUBS JACK,0.2446,0.0164,0.739
SPADES SIX CLUBS KING,0.6776,0.0884,0.234
SPADES SIX CLUBS QUEEN,0.6516,0.0072,0.3412
SPADES EIGHT HEARTS JACK,0.7474,0.0288,0.2238
SPADES SIX CLUBS ACE,0.4252,0.0028,0.572
SPADES EIGHT HEARTS TEN,0.6558,0.0056,0.3386
SPADES SIX CLUBS JACK,0.7446,0.029,0.2264
CLUBS TEN SPADES SIX,0.6778,0.0064,0.3158
SPADES TEN CLUBS JACK,0.7088,0.027,0.2642
SPADES QUEEN CLUBS SEVEN,0.6522,0.0066,0.3412
SPADES KING CLUBS SEVEN,0.6674,0.091,0.2416
SPADES ACE CLUBS SEVEN,0.437,0.0044,0.5586
SPADES SIX HEARTS TEN,0.6724,0.007,0.3206
SPADES SIX HEARTS JACK,0.7486,0.035,0.2164
SPADES SIX HEARTS ACE,0.4168,0.0038,0.5794
SPADES SIX HEARTS QUEEN,0.6618,0.0056,0.3326
CLUBS SEVEN SPADES TEN,0.6592,0.0056,0.3352
CLUBS TEN HEARTS SIX,0.6744,0.0056,0.32
HEARTS SIX CLUBS JACK,0.7444,0.0302,0.2254
CLUBS ACE CLUBS JACK,0.2298,0.0176,0.7526
HEARTS SIX CLUBS QUEEN,0.6496,0.0068,0.3436
HEARTS SIX CLUBS KING,0.68,0.0858,0.2342
HEARTS SIX CLUBS ACE,0.4354,0.0036,0.561
CLUBS QUEEN CLUBS JACK,0.6772,0.0238,0.299
CLUBS KING CLUBS JACK,0.019,0.9084,0.0726
DIAMONDS THREE HEARTS ACE,0.4214,0.005,0.5736
DIAMONDS THREE HEARTS QUEEN,0.6564,0.0066,0.337
CLUBS FIVE HEARTS JACK,0.7374,0.0332,0.2294
HEARTS FOUR SPADES TEN,0.6962,0.0088,0.295
SPADES TEN DIAMONDS ACE,0.3878,0.0044,0.6078
CLUBS FIVE HEARTS TEN,0.685,0.007,0.308
SPADES ACE HEARTS FOUR,0.4172,0.0068,0.576
SPADES ACE DIAMONDS ACE,0.1328,0.0044,0.8628
CLUBS FIVE HEARTS ACE,0.4326,0.0038,0.5636
HEARTS FOUR SPADES QUEEN,0.6526,0.0086,0.3388
SPADES QUEEN DIAMONDS ACE,0.361,0.0036,0.6354
SPADES FOUR CLUBS JACK,0.7524,0.0314,0.2162
CLUBS FIVE HEARTS QUEEN,0.657,0.0058,0.3372
SPADES KING DIAMONDS ACE,0.2348,0.012,0.7532
HEARTS FOUR SPADES KING,0.6876,0.0828,0.2296
CLUBS TEN SPADES FOUR,0.6754,0.0056,0.319
DIAMONDS QUEEN DIAMONDS ACE,0.341,0.0064,0.6526
HEARTS TWO DIAMONDS ACE,0.4384,0.0038,0.5578
HEARTS FOUR DIAMONDS QUEEN,0.6432,0.0078,0.349
HEARTS FOUR HEARTS TWO,0.63,0.0072,0.3628
DIAMONDS THREE HEARTS TEN,0.693,0.0062,0.3008
SPADES FOUR CLUBS KING,0.679,0.093,0.228
HEARTS FIVE DIAMONDS QUEEN,0.6488,0.0066,0.3446
HEARTS FIVE HEARTS TWO,0.6164,0.0084,0.3752
DIAMONDS THREE HEARTS JACK,0.7532,0.0314,0.2154
SPADES FOUR CLUBS QUEEN,0.6534,0.0088,0.3378
DIAMONDS QUEEN HEARTS TWO,0.6572,0.0076,0.3352
DIAMONDS KING DIAMONDS QUEEN,0.2392,0.0568,0.704
DIAMONDS KING HEARTS TWO,0.6882,0.0828,0.229
HEARTS THREE DIAMONDS QUEEN,0.6606,0.006,0.3334
HEARTS THREE HEARTS TWO,0.6156,0.0082,0.3762
SPADES FOUR CLUBS ACE,0.4268,0.0064,0.5668
HEARTS TWO CLUBS ACE,0.425,0.004,0.571
DIAMONDS QUEEN CLUBS ACE,0.3778,0.0032,0.619
HEARTS TWO CLUBS QUEEN,0.6638,0.0076,0.3286
DIAMONDS QUEEN CLUBS QUEEN,0.2898,0.0032,0.707
HEARTS TWO CLUBS KING,0.6904,0.0912,0.2184
DIAMONDS QUEEN CLUBS KING,0.2378,0.0538,0.7084
SPADES EIGHT SPADES FIVE,0.6062,0.0056,0.3882
CLUBS TEN HEARTS TWO,0.6948,0.0062,0.299
CLUBS TEN DIAMONDS QUEEN,0.6258,0.0054,0.3688
SPADES NINE SPADES FIVE,0.6282,0.0064,0.3654
HEARTS TWO CLUBS JACK,0.758,0.027,0.215
DIAMONDS QUEEN CLUBS JACK,0.7148,0.0254,0.2598
SPADES SIX SPADES FIVE,0.6068,0.0076,0.3856
SPADES SEVEN SPADES FIVE,0.6058,0.0062,0.388
DIAMONDS FIVE CLUBS QUEEN,0.6442,0.0072,0.3486
SPADES EIGHT CLUBS ACE,0.4324,0.0048,0.5628
DIAMONDS FIVE CLUBS KING,0.6606,0.082,0.2574
SPADES EIGHT CLUBS KING,0.6722,0.0902,0.2376
CLUBS ACE DIAMONDS FIVE,0.4254,0.0028,0.5718
SPADES EIGHT CLUBS QUEEN,0.6514,0.0074,0.3412
SPADES EIGHT CLUBS JACK,0.7338,0.0298,0.2364
CLUBS TEN SPADES EIGHT,0.654,0.0068,0.3392
CLUBS TEN DIAMONDS FIVE,0.6768,0.0066,0.3166
DIAMONDS FIVE CLUBS JACK,0.7424,0.0296,0.228
HEARTS JACK DIAMONDS TEN,0.7188,0.0284,0.2528
DIAMONDS TEN HEARTS TEN,0.4284,0.0072,0.5644
SPADES ACE CLUBS NINE,0.3978,0.0062,0.596
CLUBS NINE SPADES QUEEN,0.6256,0.0088,0.3656
CLUBS NINE SPADES KING,0.6824,0.0844,0.2332
DIAMONDS KING SPADES SEVEN,0.6708,0.0844,0.2448
HEARTS THREE SPADES SEVEN,0.6796,0.009,0.3114
SPADES KING DIAMONDS SEVEN,0.668,0.09,0.242
HEARTS SIX HEARTS QUEEN,0.617,0.0058,0.3772
DIAMONDS KING SPADES SIX,0.6906,0.086,0.2234
HEARTS THREE SPADES SIX,0.6586,0.0092,0.3322
SPADES QUEEN DIAMONDS SEVEN,0.6472,0.0056,0.3472
SPADES NINE DIAMONDS KING,0.6838,0.0834,0.2328
HEARTS THREE SPADES NINE,0.6836,0.0094,0.307
HEARTS SIX HEARTS ACE,0.4046,0.0062,0.5892
DIAMONDS KING SPADES EIGHT,0.6892,0.0846,0.2262
HEARTS THREE SPADES EIGHT,0.6698,0.0086,0.3216
SPADES ACE DIAMONDS SEVEN,0.4246,0.0052,0.5702
CLUBS NINE HEARTS THREE,0.6824,0.0036,0.314
