opposingHand,winningChance,drawChance,lostChance
SPADES FIVE HEARTS JACK
HEARTS FIVE SPADES TEN,0.688,0.0634,0.2486
SPADES JACK HEARTS FIVE,0.0082,0.9848,0.007
CLUBS EIGHT CLUBS JACK,0.2186,0.2168,0.5646
CLUBS TEN CLUBS EIGHT,0.518,0.0126,0.4694
CLUBS EIGHT CLUBS KING,0.3438,0.007,0.6492
CLUBS EIGHT CLUBS QUEEN,0.3372,0.0088,0.654
CLUBS EIGHT CLUBS ACE,0.3406,0.0034,0.656
DIAMONDS TWO DIAMONDS THREE,0.592,0.0212,0.3868
DIAMONDS TWO DIAMONDS FIVE,0.6392,0.0608,0.3
SPADES KING HEARTS FIVE,0.231,0.0416,0.7274
DIAMONDS TWO DIAMONDS FOUR,0.5926,0.0188,0.3886
SPADES QUEEN HEARTS FIVE,0.232,0.0558,0.7122
DIAMONDS TWO DIAMONDS SEVEN,0.5998,0.018,0.3822
DIAMONDS TWO DIAMONDS SIX,0.5856,0.0202,0.3942
SPADES ACE HEARTS FIVE,0.2362,0.0304,0.7334
DIAMONDS TWO DIAMONDS NINE,0.5952,0.016,0.3888
DIAMONDS TWO DIAMONDS EIGHT,0.5866,0.0202,0.3932
DIAMONDS THREE DIAMONDS FOUR,0.569,0.0224,0.4086
SPADES FOUR CLUBS TWO,0.6292,0.0276,0.3432
DIAMONDS THREE DIAMONDS FIVE,0.6236,0.0592,0.3172
CLUBS TWO SPADES TWO,0.4294,0.0432,0.5274
CLUBS TWO SPADES THREE,0.6348,0.0226,0.3426
DIAMONDS THREE DIAMONDS EIGHT,0.584,0.0152,0.4008
SPADES EIGHT CLUBS TWO,0.6072,0.024,0.3688
DIAMONDS THREE DIAMONDS NINE,0.5808,0.02,0.3992
SPADES NINE CLUBS TWO,0.6172,0.0224,0.3604
DIAMONDS THREE DIAMONDS SIX,0.5746,0.0194,0.406
SPADES SIX CLUBS TWO,0.6292,0.0216,0.3492
DIAMONDS THREE DIAMONDS SEVEN,0.5812,0.0176,0.4012
SPADES SEVEN CLUBS TWO,0.6378,0.0214,0.3408
CLUBS SIX CLUBS TWO,0.5964,0.019,0.3846
CLUBS SEVEN CLUBS TWO,0.5954,0.0178,0.3868
CLUBS FOUR CLUBS TWO,0.5886,0.018,0.3934
CLUBS FIVE CLUBS TWO,0.6262,0.07,0.3038
CLUBS TEN CLUBS JACK,0.2146,0.1154,0.67
DIAMONDS FOUR DIAMONDS SIX,0.563,0.0178,0.4192
CLUBS TEN CLUBS QUEEN,0.3044,0.0062,0.6894
DIAMONDS FOUR DIAMONDS SEVEN,0.5654,0.0166,0.418
CLUBS TEN CLUBS KING,0.329,0.0046,0.6664
CLUBS TEN CLUBS ACE,0.3214,0.005,0.6736
CLUBS EIGHT CLUBS TWO,0.5812,0.0188,0.4
DIAMONDS FIVE DIAMONDS FOUR,0.6116,0.0602,0.3282
CLUBS NINE CLUBS TWO,0.5874,0.02,0.3926
DIAMONDS NINE DIAMONDS FOUR,0.5892,0.0154,0.3954
DIAMONDS EIGHT DIAMONDS FOUR,0.5822,0.019,0.3988
CLUBS THREE CLUBS TWO,0.591,0.0218,0.3872
DIAMONDS NINE DIAMONDS FIVE,0.6538,0.0586,0.2876
DIAMONDS TWO CLUBS JACK,0.3244,0.4594,0.2162
DIAMONDS EIGHT DIAMONDS FIVE,0.628,0.0586,0.3134
CLUBS TEN DIAMONDS TWO,0.6172,0.0184,0.3644
DIAMONDS FIVE DIAMONDS SEVEN,0.6166,0.0622,0.3212
DIAMONDS FIVE DIAMONDS SIX,0.6156,0.0598,0.3246
DIAMONDS TWO CLUBS ACE,0.3892,0.004,0.6068
DIAMONDS TWO CLUBS KING,0.4006,0.0078,0.5916
DIAMONDS TWO CLUBS QUEEN,0.3922,0.0112,0.5966
DIAMONDS EIGHT DIAMONDS SIX,0.523,0.018,0.459
DIAMONDS NINE DIAMONDS SIX,0.548,0.0156,0.4364
HEARTS ACE SPADES THREE,0.384,0.0072,0.6088
SPADES THREE HEARTS KING,0.3962,0.006,0.5978
DIAMONDS SEVEN DIAMONDS SIX,0.5296,0.0166,0.4538
SPADES THREE HEARTS QUEEN,0.398,0.0132,0.5888
SPADES THREE HEARTS TEN,0.6206,0.0212,0.3582
DIAMONDS EIGHT DIAMONDS SEVEN,0.5178,0.016,0.4662
DIAMONDS NINE DIAMONDS SEVEN,0.5276,0.0138,0.4586
DIAMONDS NINE DIAMONDS EIGHT,0.5152,0.015,0.4698
DIAMONDS KING HEARTS TEN,0.3458,0.0092,0.645
HEARTS THREE HEARTS TEN,0.607,0.0162,0.3768
SPADES JACK CLUBS SIX,0.2224,0.3904,0.3872
SPADES TEN CLUBS SIX,0.5918,0.0142,0.394
DIAMONDS KING HEARTS ACE,0.3192,0.0046,0.6762
HEARTS THREE HEARTS ACE,0.3656,0.0048,0.6296
SPADES ACE CLUBS SIX,0.3568,0.002,0.6412
DIAMONDS KING HEARTS QUEEN,0.3064,0.0056,0.688
HEARTS THREE HEARTS QUEEN,0.379,0.0108,0.6102
SPADES KING CLUBS SIX,0.3674,0.0076,0.625
DIAMONDS KING HEARTS KING,0.1342,0.0058,0.86
HEARTS THREE HEARTS KING,0.3774,0.0082,0.6144
SPADES QUEEN CLUBS SIX,0.3586,0.0138,0.6276
SPADES NINE HEARTS TEN,0.5242,0.0172,0.4586
SPADES NINE HEARTS QUEEN,0.3326,0.0126,0.6548
SPADES NINE HEARTS KING,0.3438,0.0084,0.6478
SPADES NINE HEARTS ACE,0.3544,0.0042,0.6414
CLUBS TEN SPADES JACK,0.2172,0.122,0.6608
CLUBS TEN SPADES TEN,0.2824,0.0186,0.699
SPADES ACE CLUBS TEN,0.355,0.0044,0.6406
SPADES KING CLUBS TEN,0.3354,0.006,0.6586
CLUBS TEN SPADES QUEEN,0.3262,0.008,0.6658
CLUBS EIGHT SPADES TEN,0.54,0.0184,0.4416
HEARTS THREE SPADES JACK,0.3214,0.4658,0.2128
SPADES JACK DIAMONDS KING,0.2306,0.0318,0.7376
SPADES TEN DIAMONDS KING,0.3346,0.0056,0.6598
HEARTS THREE SPADES TEN,0.6114,0.0194,0.3692
SPADES JACK CLUBS EIGHT,0.222,0.2282,0.5498
CLUBS SIX HEARTS ACE,0.367,0.0046,0.6284
SPADES ACE CLUBS EIGHT,0.3458,0.004,0.6502
HEARTS FIVE CLUBS JACK,0.014,0.976,0.01
CLUBS TEN HEARTS FIVE,0.703,0.0636,0.2334
CLUBS SIX HEARTS QUEEN,0.3672,0.0114,0.6214
SPADES QUEEN CLUBS EIGHT,0.3488,0.0106,0.6406
CLUBS TEN SPADES THREE,0.6166,0.0192,0.3642
CLUBS SIX HEARTS KING,0.3668,0.0054,0.6278
SPADES KING CLUBS EIGHT,0.3588,0.0064,0.6348
SPADES THREE CLUBS JACK,0.3286,0.4588,0.2126
SPADES THREE CLUBS QUEEN,0.409,0.0118,0.5792
DIAMONDS TWO HEARTS TEN,0.6224,0.0188,0.3588
SPADES THREE CLUBS KING,0.4084,0.008,0.5836
HEARTS FIVE CLUBS ACE,0.2424,0.0288,0.7288
SPADES THREE CLUBS ACE,0.3892,0.005,0.6058
HEARTS FIVE CLUBS KING,0.2354,0.043,0.7216
HEARTS FIVE CLUBS QUEEN,0.234,0.049,0.717
HEARTS THREE CLUBS KING,0.3868,0.0086,0.6046
DIAMONDS KING CLUBS KING,0.1452,0.0056,0.8492
HEARTS THREE CLUBS QUEEN,0.3978,0.0144,0.5878
DIAMONDS KING CLUBS QUEEN,0.3268,0.0064,0.6668
HEARTS FIVE HEARTS TEN,0.6774,0.0608,0.2618
HEARTS THREE CLUBS ACE,0.3908,0.0044,0.6048
DIAMONDS KING CLUBS ACE,0.334,0.0028,0.6632
SPADES ACE CLUBS QUEEN,0.328,0.0044,0.6676
SPADES KING CLUBS QUEEN,0.3186,0.0048,0.6766
HEARTS THREE CLUBS JACK,0.3346,0.4504,0.215
DIAMONDS KING CLUBS JACK,0.2502,0.0264,0.7234
SPADES QUEEN CLUBS QUEEN,0.1476,0.0082,0.8442
CLUBS TEN HEARTS THREE,0.6208,0.0194,0.3598
CLUBS TEN DIAMONDS KING,0.3474,0.0072,0.6454
SPADES JACK CLUBS QUEEN,0.2234,0.0472,0.7294
CLUBS SIX CLUBS QUEEN,0.3326,0.011,0.6564
SPADES TEN CLUBS QUEEN,0.33,0.0094,0.6606
CLUBS SIX CLUBS KING,0.3392,0.0068,0.654
CLUBS SIX CLUBS ACE,0.3466,0.0034,0.65
HEARTS FIVE HEARTS KING,0.2188,0.0394,0.7418
HEARTS FIVE HEARTS QUEEN,0.221,0.0504,0.7286
CLUBS TEN CLUBS SIX,0.548,0.0158,0.4362
HEARTS FIVE HEARTS ACE,0.2282,0.0304,0.7414
CLUBS SIX CLUBS JACK,0.2178,0.3632,0.419
SPADES SEVEN HEARTS TEN,0.566,0.0168,0.4172
DIAMONDS TWO CLUBS TWO,0.4224,0.0524,0.5252
DIAMONDS TWO CLUBS THREE,0.6368,0.0234,0.3398
HEARTS SIX DIAMONDS TWO,0.6326,0.0178,0.3496
DIAMONDS TWO HEARTS QUEEN,0.3862,0.0128,0.601
DIAMONDS TWO HEARTS SEVEN,0.6312,0.023,0.3458
DIAMONDS TWO HEARTS KING,0.3948,0.0066,0.5986
DIAMONDS TWO HEARTS EIGHT,0.6276,0.0188,0.3536
DIAMONDS TWO HEARTS ACE,0.3814,0.0056,0.613
DIAMONDS TWO HEARTS NINE,0.6458,0.0198,0.3344
DIAMONDS TWO DIAMONDS QUEEN,0.3706,0.012,0.6174
DIAMONDS TWO HEARTS TWO,0.425,0.0462,0.5288
DIAMONDS TWO DIAMONDS KING,0.3724,0.0066,0.621
HEARTS THREE DIAMONDS TWO,0.6414,0.0202,0.3384
DIAMONDS TWO DIAMONDS ACE,0.3758,0.004,0.6202
HEARTS FOUR DIAMONDS TWO,0.6328,0.0206,0.3466
DIAMONDS TWO HEARTS FIVE,0.6844,0.0634,0.2522
SPADES SEVEN HEARTS ACE,0.3418,0.0048,0.6534
DIAMONDS TWO DIAMONDS TEN,0.5818,0.017,0.4012
SPADES SEVEN HEARTS KING,0.3604,0.0084,0.6312
DIAMONDS TWO DIAMONDS JACK,0.3058,0.4234,0.2708
SPADES SEVEN HEARTS QUEEN,0.36,0.0114,0.6286
DIAMONDS TWO SPADES NINE,0.625,0.0164,0.3586
DIAMONDS TWO SPADES EIGHT,0.625,0.0176,0.3574
DIAMONDS TWO SPADES SEVEN,0.6268,0.0196,0.3536
DIAMONDS TWO SPADES SIX,0.6122,0.0214,0.3664
DIAMONDS TWO SPADES FOUR,0.6314,0.0206,0.348
DIAMONDS TWO SPADES THREE,0.628,0.02,0.352
DIAMONDS TWO SPADES TWO,0.4276,0.0496,0.5228
CLUBS NINE DIAMONDS TWO,0.6196,0.0168,0.3636
DIAMONDS TWO CLUBS EIGHT,0.6378,0.0172,0.345
CLUBS SEVEN DIAMONDS TWO,0.63,0.0174,0.3526
DIAMONDS TWO CLUBS SIX,0.6272,0.0208,0.352
DIAMONDS TWO CLUBS FIVE,0.6756,0.0694,0.255
DIAMONDS TWO CLUBS FOUR,0.629,0.0248,0.3462
CLUBS FOUR SPADES FOUR,0.4138,0.0412,0.545
CLUBS FOUR SPADES THREE,0.6066,0.026,0.3674
CLUBS FOUR SPADES TWO,0.6332,0.0252,0.3416
SPADES NINE CLUBS FOUR,0.6134,0.0196,0.367
SPADES EIGHT CLUBS FOUR,0.6056,0.0204,0.374
SPADES SEVEN CLUBS FOUR,0.6018,0.0196,0.3786
CLUBS FOUR SPADES SIX,0.5934,0.0202,0.3864
SPADES ACE DIAMONDS SIX,0.3698,0.0042,0.626
SPADES QUEEN DIAMONDS SIX,0.3646,0.0102,0.6252
SPADES KING DIAMONDS SIX,0.3616,0.0062,0.6322
SPADES TEN DIAMONDS SIX,0.5726,0.0158,0.4116
SPADES JACK DIAMONDS SIX,0.2094,0.4008,0.3898
SPADES QUEEN SPADES TWO,0.3778,0.016,0.6062
SPADES KING SPADES TWO,0.3728,0.0056,0.6216
SPADES ACE SPADES TWO,0.3602,0.0056,0.6342
DIAMONDS JACK CLUBS JACK,0.091,0.0366,0.8724
CLUBS TEN DIAMONDS JACK,0.2368,0.1214,0.6418
DIAMONDS JACK CLUBS KING,0.2442,0.0314,0.7244
DIAMONDS JACK CLUBS QUEEN,0.2344,0.0388,0.7268
DIAMONDS THREE DIAMONDS JACK,0.2986,0.4262,0.2752
DIAMONDS THREE DIAMONDS TEN,0.5878,0.019,0.3932
DIAMONDS JACK CLUBS ACE,0.2304,0.0196,0.75
DIAMONDS THREE DIAMONDS KING,0.3618,0.0066,0.6316
HEARTS THREE DIAMONDS THREE,0.4116,0.0544,0.534
DIAMONDS THREE DIAMONDS QUEEN,0.3738,0.0112,0.615
DIAMONDS THREE HEARTS TWO,0.6222,0.0236,0.3542
HEARTS FIVE DIAMONDS THREE,0.6668,0.0682,0.265
DIAMONDS THREE DIAMONDS ACE,0.3626,0.0046,0.6328
HEARTS FOUR DIAMONDS THREE,0.6236,0.0246,0.3518
DIAMONDS THREE HEARTS SEVEN,0.6336,0.0194,0.347
SPADES TEN SPADES NINE,0.5172,0.0176,0.4652
HEARTS SIX DIAMONDS THREE,0.6142,0.0214,0.3644
SPADES JACK SPADES NINE,0.2098,0.1542,0.636
DIAMONDS THREE HEARTS NINE,0.6224,0.0186,0.359
HEARTS ACE HEARTS KING,0.312,0.0036,0.6844
SPADES TEN SPADES TWO,0.594,0.0168,0.3892
DIAMONDS THREE HEARTS EIGHT,0.6322,0.0228,0.345
HEARTS TEN DIAMONDS FOUR,0.6336,0.017,0.3494
SPADES JACK SPADES TWO,0.3124,0.4418,0.2458
HEARTS QUEEN DIAMONDS FOUR,0.3804,0.0134,0.6062
HEARTS KING DIAMONDS FOUR,0.3904,0.0078,0.6018
SPADES ACE SPADES NINE,0.3408,0.0052,0.654
HEARTS ACE DIAMONDS FOUR,0.3694,0.0034,0.6272
SPADES KING SPADES NINE,0.333,0.0066,0.6604
SPADES QUEEN SPADES NINE,0.3282,0.0126,0.6592
DIAMONDS THREE SPADES NINE,0.612,0.019,0.369
DIAMONDS THREE SPADES EIGHT,0.6228,0.0166,0.3606
DIAMONDS THREE SPADES SEVEN,0.614,0.0234,0.3626
DIAMONDS THREE SPADES SIX,0.604,0.0186,0.3774
DIAMONDS THREE CLUBS SIX,0.61,0.0186,0.3714
CLUBS FIVE CLUBS SIX,0.629,0.0594,0.3116
CLUBS ACE DIAMONDS FOUR,0.3828,0.0046,0.6126
CLUBS SEVEN DIAMONDS THREE,0.6094,0.0182,0.3724
CLUBS SEVEN CLUBS FIVE,0.6116,0.0604,0.328
DIAMONDS THREE CLUBS FOUR,0.622,0.0192,0.3588
DIAMONDS FOUR CLUBS QUEEN,0.3806,0.0134,0.606
DIAMONDS THREE CLUBS FIVE,0.6596,0.0674,0.273
CLUBS KING DIAMONDS FOUR,0.396,0.0058,0.5982
DIAMONDS THREE CLUBS TWO,0.626,0.0166,0.3574
CLUBS TEN DIAMONDS FOUR,0.6384,0.0152,0.3464
DIAMONDS THREE CLUBS THREE,0.409,0.0476,0.5434
DIAMONDS FOUR CLUBS JACK,0.3104,0.4598,0.2298
DIAMONDS THREE SPADES FOUR,0.6096,0.0284,0.362
DIAMONDS THREE SPADES TWO,0.636,0.0202,0.3438
DIAMONDS THREE SPADES THREE,0.4178,0.0444,0.5378
CLUBS EIGHT DIAMONDS THREE,0.6258,0.0176,0.3566
CLUBS NINE DIAMONDS THREE,0.6298,0.0186,0.3516
SPADES SEVEN CLUBS ACE,0.3644,0.0042,0.6314
SPADES SEVEN CLUBS QUEEN,0.359,0.0092,0.6318
SPADES SEVEN CLUBS KING,0.3652,0.0088,0.626
CLUBS FIVE SPADES SEVEN,0.651,0.0584,0.2906
CLUBS TEN SPADES SEVEN,0.5658,0.0182,0.416
CLUBS FIVE SPADES SIX,0.6542,0.0636,0.2822
SPADES SEVEN CLUBS JACK,0.2174,0.292,0.4906
CLUBS FIVE SPADES NINE,0.6806,0.0634,0.256
CLUBS FIVE SPADES EIGHT,0.6718,0.071,0.2572
CLUBS FIVE SPADES THREE,0.6708,0.0666,0.2626
CLUBS FIVE SPADES TWO,0.6676,0.0678,0.2646
CLUBS FIVE SPADES FOUR,0.6524,0.0666,0.281
CLUBS NINE CLUBS FIVE,0.6424,0.0556,0.302
CLUBS EIGHT CLUBS FIVE,0.632,0.0614,0.3066
CLUBS ACE CLUBS QUEEN,0.3066,0.004,0.6894
CLUBS KING CLUBS QUEEN,0.296,0.0096,0.6944
DIAMONDS TEN DIAMONDS FOUR,0.5814,0.0192,0.3994
CLUBS TEN DIAMONDS NINE,0.5402,0.0164,0.4434
DIAMONDS JACK DIAMONDS FOUR,0.2998,0.4316,0.2686
DIAMONDS NINE CLUBS JACK,0.2382,0.164,0.5978
SPADES NINE CLUBS JACK,0.2296,0.1562,0.6142
CLUBS TEN SPADES NINE,0.5436,0.0158,0.4406
DIAMONDS ACE DIAMONDS FOUR,0.3566,0.0036,0.6398
HEARTS FOUR DIAMONDS FOUR,0.4146,0.0488,0.5366
DIAMONDS JACK HEARTS TEN,0.2254,0.1278,0.6468
SPADES NINE CLUBS KING,0.3426,0.0062,0.6512
DIAMONDS TWO SPADES TEN,0.6206,0.0232,0.3562
DIAMONDS NINE CLUBS ACE,0.3652,0.002,0.6328
HEARTS FIVE DIAMONDS FOUR,0.6396,0.0622,0.2982
SPADES NINE CLUBS QUEEN,0.3454,0.0098,0.6448
DIAMONDS TWO SPADES JACK,0.3142,0.4606,0.2252
DIAMONDS QUEEN DIAMONDS FOUR,0.3588,0.013,0.6282
HEARTS TWO DIAMONDS FOUR,0.6354,0.0184,0.3462
DIAMONDS NINE CLUBS QUEEN,0.3396,0.0088,0.6516
DIAMONDS KING DIAMONDS FOUR,0.373,0.0094,0.6176
HEARTS THREE DIAMONDS FOUR,0.6248,0.0172,0.358
SPADES NINE CLUBS ACE,0.3602,0.004,0.6358
DIAMONDS NINE CLUBS KING,0.3696,0.0048,0.6256
HEARTS ACE DIAMONDS JACK,0.221,0.0226,0.7564
SPADES ACE DIAMONDS TWO,0.381,0.006,0.613
HEARTS QUEEN DIAMONDS JACK,0.2352,0.043,0.7218
SPADES QUEEN DIAMONDS TWO,0.3888,0.0134,0.5978
DIAMONDS JACK HEARTS KING,0.2252,0.0354,0.7394
SPADES KING DIAMONDS TWO,0.39,0.008,0.602
SPADES JACK SPADES SEVEN,0.211,0.2936,0.4954
SPADES TEN SPADES SEVEN,0.5312,0.017,0.4518
CLUBS SEVEN CLUBS THREE,0.5812,0.0194,0.3994
CLUBS SIX CLUBS THREE,0.5708,0.0196,0.4096
CLUBS FIVE CLUBS THREE,0.627,0.062,0.311
CLUBS THREE CLUBS FOUR,0.5868,0.0176,0.3956
CLUBS NINE CLUBS THREE,0.5784,0.017,0.4046
CLUBS EIGHT CLUBS THREE,0.5898,0.0158,0.3944
CLUBS THREE SPADES FOUR,0.6208,0.0196,0.3596
CLUBS THREE SPADES THREE,0.4236,0.0442,0.5322
CLUBS THREE SPADES TWO,0.6364,0.022,0.3416
CLUBS THREE SPADES SIX,0.6032,0.017,0.3798
CLUBS THREE SPADES SEVEN,0.6264,0.0194,0.3542
SPADES EIGHT CLUBS THREE,0.627,0.0172,0.3558
SPADES NINE CLUBS THREE,0.6156,0.0206,0.3638
SPADES TWO DIAMONDS FOUR,0.6428,0.0238,0.3334
SPADES THREE DIAMONDS FOUR,0.6298,0.019,0.3512
SPADES FOUR DIAMONDS FOUR,0.4076,0.047,0.5454
SPADES SIX DIAMONDS FOUR,0.5864,0.0168,0.3968
SPADES SEVEN DIAMONDS FOUR,0.597,0.0222,0.3808
SPADES EIGHT DIAMONDS FOUR,0.6266,0.0174,0.356
SPADES NINE DIAMONDS FOUR,0.6222,0.0176,0.3602
CLUBS FIVE DIAMONDS FOUR,0.6474,0.0626,0.29
CLUBS FOUR DIAMONDS FOUR,0.4132,0.0456,0.5412
CLUBS SEVEN DIAMONDS FOUR,0.5978,0.0184,0.3838
CLUBS SIX DIAMONDS FOUR,0.601,0.0204,0.3786
CLUBS NINE DIAMONDS FOUR,0.6342,0.0164,0.3494
CLUBS EIGHT DIAMONDS FOUR,0.6272,0.014,0.3588
DIAMONDS FOUR HEARTS SEVEN,0.612,0.021,0.367
HEARTS SIX DIAMONDS FOUR,0.6024,0.0218,0.3758
HEARTS NINE DIAMONDS FOUR,0.6312,0.0178,0.351
DIAMONDS FOUR HEARTS EIGHT,0.625,0.018,0.357
CLUBS THREE DIAMONDS FOUR,0.6138,0.0234,0.3628
CLUBS TWO DIAMONDS FOUR,0.6316,0.0214,0.347
DIAMONDS TEN DIAMONDS FIVE,0.6596,0.0554,0.285
DIAMONDS JACK DIAMONDS FIVE,0.0226,0.9068,0.0706
DIAMONDS NINE HEARTS QUEEN,0.3418,0.011,0.6472
DIAMONDS NINE HEARTS KING,0.3486,0.0068,0.6446
HEARTS ACE DIAMONDS NINE,0.3656,0.0042,0.6302
DIAMONDS NINE HEARTS TEN,0.5438,0.0182,0.438
CLUBS KING DIAMONDS SIX,0.361,0.0078,0.6312
CLUBS QUEEN DIAMONDS SIX,0.3662,0.0094,0.6244
CLUBS ACE DIAMONDS SIX,0.3794,0.002,0.6186
SPADES KING DIAMONDS FOUR,0.3938,0.0074,0.5988
SPADES ACE SPADES SEVEN,0.3334,0.0032,0.6634
SPADES QUEEN DIAMONDS FOUR,0.3864,0.0114,0.6022
SPADES QUEEN SPADES SEVEN,0.352,0.0094,0.6386
CLUBS JACK DIAMONDS SIX,0.2344,0.38,0.3856
SPADES KING SPADES SEVEN,0.3396,0.0102,0.6502
SPADES ACE DIAMONDS FOUR,0.3714,0.005,0.6236
CLUBS TEN DIAMONDS SIX,0.5798,0.0166,0.4036
CLUBS NINE CLUBS FOUR,0.5836,0.019,0.3974
CLUBS EIGHT CLUBS FOUR,0.5724,0.019,0.4086
SPADES JACK DIAMONDS FOUR,0.311,0.4676,0.2214
SPADES TEN DIAMONDS FOUR,0.608,0.02,0.372
CLUBS FIVE CLUBS FOUR,0.612,0.0632,0.3248
CLUBS SEVEN CLUBS FOUR,0.5516,0.017,0.4314
CLUBS SIX CLUBS FOUR,0.5572,0.0186,0.4242
CLUBS SEVEN SPADES EIGHT,0.5412,0.0162,0.4426
CLUBS SEVEN SPADES NINE,0.5528,0.0164,0.4308
CLUBS SEVEN SPADES SIX,0.5566,0.02,0.4234
CLUBS SEVEN SPADES SEVEN,0.2992,0.0432,0.6576
CLUBS SEVEN SPADES FOUR,0.6056,0.0166,0.3778
CLUBS SEVEN SPADES THREE,0.6342,0.0166,0.3492
CLUBS SEVEN SPADES TWO,0.6378,0.0234,0.3388
CLUBS NINE CLUBS SEVEN,0.5304,0.0152,0.4544
CLUBS SEVEN CLUBS EIGHT,0.5192,0.0188,0.462
HEARTS SIX DIAMONDS FIVE,0.6712,0.0556,0.2732
DIAMONDS FIVE HEARTS SEVEN,0.6616,0.0644,0.274
DIAMONDS FIVE HEARTS EIGHT,0.6792,0.0606,0.2602
HEARTS NINE DIAMONDS FIVE,0.695,0.0668,0.2382
DIAMONDS QUEEN DIAMONDS FIVE,0.2152,0.0452,0.7396
HEARTS TWO DIAMONDS FIVE,0.6832,0.065,0.2518
HEARTS KING HEARTS EIGHT,0.352,0.0058,0.6422
DIAMONDS KING DIAMONDS FIVE,0.2126,0.0418,0.7456
HEARTS THREE DIAMONDS FIVE,0.6684,0.062,0.2696
HEARTS QUEEN HEARTS EIGHT,0.3442,0.0128,0.643
DIAMONDS ACE DIAMONDS FIVE,0.2144,0.0308,0.7548
HEARTS FOUR DIAMONDS FIVE,0.6462,0.0628,0.291
HEARTS FIVE DIAMONDS FIVE,0.2972,0.0496,0.6532
HEARTS ACE HEARTS EIGHT,0.3416,0.0056,0.6528
CLUBS FOUR DIAMONDS FIVE,0.6448,0.059,0.2962
CLUBS FIVE DIAMONDS FIVE,0.2978,0.0464,0.6558
CLUBS SIX DIAMONDS FIVE,0.6504,0.0574,0.2922
CLUBS SEVEN DIAMONDS FIVE,0.6666,0.0566,0.2768
CLUBS TWO DIAMONDS FIVE,0.6786,0.0624,0.259
CLUBS THREE DIAMONDS FIVE,0.6622,0.0656,0.2722
SPADES THREE DIAMONDS FIVE,0.6796,0.0676,0.2528
SPADES TWO DIAMONDS FIVE,0.6852,0.065,0.2498
SPADES JACK DIAMONDS EIGHT,0.2166,0.2326,0.5508
SPADES TEN DIAMONDS EIGHT,0.5408,0.0178,0.4414
SPADES FOUR DIAMONDS FIVE,0.637,0.0654,0.2976
CLUBS NINE DIAMONDS FIVE,0.6806,0.0646,0.2548
CLUBS EIGHT DIAMONDS FIVE,0.6784,0.062,0.2596
SPADES SEVEN DIAMONDS FIVE,0.66,0.0624,0.2776
SPADES KING DIAMONDS EIGHT,0.366,0.0076,0.6264
SPADES QUEEN DIAMONDS EIGHT,0.3684,0.0088,0.6228
SPADES SIX DIAMONDS FIVE,0.6292,0.065,0.3058
SPADES NINE DIAMONDS FIVE,0.6906,0.0632,0.2462
SPADES EIGHT DIAMONDS FIVE,0.6652,0.066,0.2688
SPADES ACE DIAMONDS EIGHT,0.3658,0.0026,0.6316
DIAMONDS TEN DIAMONDS SIX,0.538,0.016,0.446
HEARTS ACE DIAMONDS SEVEN,0.3698,0.0046,0.6256
DIAMONDS JACK DIAMONDS SIX,0.217,0.3654,0.4176
HEARTS QUEEN DIAMONDS SEVEN,0.3598,0.0106,0.6296
HEARTS KING DIAMONDS SEVEN,0.3602,0.008,0.6318
DIAMONDS ACE DIAMONDS SIX,0.3374,0.0048,0.6578
HEARTS FOUR DIAMONDS SIX,0.6272,0.018,0.3548
HEARTS FIVE DIAMONDS SIX,0.6466,0.0638,0.2896
SPADES TWO HEARTS TEN,0.6336,0.017,0.3494
DIAMONDS QUEEN DIAMONDS SIX,0.3418,0.0118,0.6464
HEARTS TWO DIAMONDS SIX,0.6324,0.019,0.3486
DIAMONDS KING DIAMONDS SIX,0.34,0.0082,0.6518
HEARTS THREE DIAMONDS SIX,0.6222,0.0178,0.36
HEARTS EIGHT DIAMONDS SIX,0.568,0.0208,0.4112
HEARTS NINE DIAMONDS SIX,0.5792,0.0166,0.4042
HEARTS SIX DIAMONDS SIX,0.3192,0.0378,0.643
HEARTS SEVEN DIAMONDS SIX,0.5536,0.0164,0.43
HEARTS TEN DIAMONDS SEVEN,0.5612,0.0196,0.4192
CLUBS TWO DIAMONDS SIX,0.639,0.0212,0.3398
CLUBS THREE DIAMONDS SIX,0.6012,0.0234,0.3754
CLUBS SEVEN DIAMONDS SIX,0.5668,0.0196,0.4136
DIAMONDS EIGHT CLUBS JACK,0.224,0.2178,0.5582
CLUBS SIX DIAMONDS SIX,0.315,0.0382,0.6468
CLUBS TEN DIAMONDS EIGHT,0.55,0.0142,0.4358
CLUBS FIVE DIAMONDS SIX,0.6462,0.0586,0.2952
CLUBS FOUR DIAMONDS SIX,0.5932,0.0166,0.3902
DIAMONDS EIGHT CLUBS ACE,0.3568,0.0032,0.64
DIAMONDS EIGHT CLUBS KING,0.3698,0.006,0.6242
CLUBS NINE DIAMONDS SIX,0.584,0.0196,0.3964
DIAMONDS EIGHT CLUBS QUEEN,0.3684,0.0086,0.623
CLUBS EIGHT DIAMONDS SIX,0.5622,0.0172,0.4206
SPADES TEN HEARTS KING,0.3398,0.0066,0.6536
HEARTS ACE SPADES TWO,0.383,0.0044,0.6126
SPADES JACK HEARTS KING,0.2222,0.0348,0.743
SPADES FOUR DIAMONDS SIX,0.61,0.0204,0.3696
SPADES THREE DIAMONDS SIX,0.6178,0.0214,0.3608
HEARTS QUEEN SPADES TWO,0.389,0.0118,0.5992
SPADES ACE SPADES KING,0.3072,0.0064,0.6864
SPADES TWO HEARTS KING,0.392,0.011,0.597
SPADES TWO DIAMONDS SIX,0.634,0.0194,0.3466
HEARTS TEN HEARTS EIGHT,0.5344,0.0168,0.4488
SPADES NINE DIAMONDS SIX,0.5622,0.0186,0.4192
SPADES EIGHT DIAMONDS SIX,0.5732,0.0166,0.4102
SPADES SEVEN DIAMONDS SIX,0.563,0.0192,0.4178
SPADES SIX DIAMONDS SIX,0.3098,0.0428,0.6474
SPADES KING HEARTS KING,0.1292,0.0102,0.8606
SPADES QUEEN HEARTS KING,0.2968,0.0098,0.6934
CLUBS ACE CLUBS KING,0.3038,0.005,0.6912
SPADES ACE HEARTS KING,0.3094,0.0068,0.6838
SPADES TEN DIAMONDS TEN,0.268,0.0206,0.7114
SPADES JACK DIAMONDS TEN,0.2334,0.1278,0.6388
SPADES ACE DIAMONDS TEN,0.3476,0.0036,0.6488
SPADES QUEEN DIAMONDS TEN,0.3334,0.008,0.6586
SPADES KING DIAMONDS TEN,0.338,0.0082,0.6538
SPADES NINE DIAMONDS SEVEN,0.566,0.0172,0.4168
SPADES EIGHT DIAMONDS SEVEN,0.5438,0.0162,0.44
SPADES SEVEN DIAMONDS SEVEN,0.303,0.0366,0.6604
SPADES SIX DIAMONDS SEVEN,0.5538,0.0164,0.4298
DIAMONDS KING DIAMONDS SEVEN,0.34,0.0074,0.6526
HEARTS THREE DIAMONDS SEVEN,0.6288,0.0176,0.3536
HEARTS KING DIAMONDS FIVE,0.2318,0.0438,0.7244
DIAMONDS QUEEN DIAMONDS SEVEN,0.3454,0.0128,0.6418
HEARTS TWO DIAMONDS SEVEN,0.6324,0.0186,0.349
HEARTS QUEEN DIAMONDS FIVE,0.2324,0.0514,0.7162
HEARTS FIVE DIAMONDS SEVEN,0.6696,0.06,0.2704
DIAMONDS ACE DIAMONDS SEVEN,0.3418,0.0038,0.6544
HEARTS FOUR DIAMONDS SEVEN,0.6074,0.0192,0.3734
HEARTS ACE DIAMONDS FIVE,0.2302,0.0288,0.741
HEARTS SEVEN DIAMONDS SEVEN,0.3036,0.0334,0.663
HEARTS SIX DIAMONDS SEVEN,0.571,0.0174,0.4116
HEARTS NINE DIAMONDS SEVEN,0.562,0.019,0.419
DIAMONDS SEVEN HEARTS EIGHT,0.5726,0.0174,0.41
DIAMONDS JACK DIAMONDS SEVEN,0.209,0.2742,0.5168
DIAMONDS TEN DIAMONDS SEVEN,0.5238,0.0154,0.4608
DIAMONDS FIVE HEARTS TEN,0.6952,0.0624,0.2424
SPADES KING CLUBS TWO,0.3966,0.009,0.5944
HEARTS KING CLUBS KING,0.1346,0.0088,0.8566
CLUBS EIGHT DIAMONDS SEVEN,0.5626,0.0156,0.4218
SPADES QUEEN CLUBS TWO,0.4032,0.014,0.5828
HEARTS KING CLUBS QUEEN,0.323,0.0062,0.6708
CLUBS NINE DIAMONDS SEVEN,0.5692,0.0142,0.4166
SPADES TWO CLUBS JACK,0.326,0.4546,0.2194
SPADES ACE CLUBS TWO,0.3772,0.007,0.6158
CLUBS TEN SPADES TWO,0.6306,0.0226,0.3468
HEARTS KING CLUBS ACE,0.309,0.007,0.684
CLUBS SEVEN CLUBS SIX,0.524,0.0168,0.4592
SPADES TWO CLUBS KING,0.4066,0.0062,0.5872
SPADES TWO DIAMONDS SEVEN,0.6468,0.0192,0.334
CLUBS EIGHT CLUBS SIX,0.5242,0.0186,0.4572
SPADES THREE DIAMONDS SEVEN,0.6188,0.017,0.3642
SPADES TWO CLUBS QUEEN,0.3948,0.0106,0.5946
CLUBS NINE CLUBS SIX,0.5374,0.0132,0.4494
SPADES FOUR DIAMONDS SEVEN,0.6058,0.0212,0.373
HEARTS KING CLUBS JACK,0.2304,0.032,0.7376
SPADES TWO CLUBS ACE,0.3904,0.0042,0.6054
CLUBS TEN HEARTS KING,0.3372,0.0064,0.6564
CLUBS SIX SPADES TWO,0.6372,0.0192,0.3436
CLUBS SIX SPADES THREE,0.6126,0.0204,0.367
CLUBS TWO DIAMONDS SEVEN,0.6316,0.0238,0.3446
CLUBS SIX SPADES FOUR,0.6046,0.0198,0.3756
CLUBS THREE DIAMONDS SEVEN,0.6258,0.0184,0.3558
CLUBS FOUR DIAMONDS SEVEN,0.6126,0.0188,0.3686
CLUBS SIX SPADES SIX,0.2998,0.0422,0.658
CLUBS FIVE DIAMONDS SEVEN,0.6636,0.0578,0.2786
CLUBS SIX SPADES SEVEN,0.5498,0.017,0.4332
CLUBS SIX DIAMONDS SEVEN,0.5612,0.0214,0.4174
CLUBS SIX SPADES EIGHT,0.5662,0.0182,0.4156
SPADES JACK CLUBS TWO,0.3182,0.4628,0.219
CLUBS SEVEN DIAMONDS SEVEN,0.3002,0.0392,0.6606
SPADES NINE CLUBS SIX,0.5672,0.0198,0.413
SPADES TEN CLUBS TWO,0.6124,0.0212,0.3664
CLUBS TWO CLUBS QUEEN,0.3674,0.0124,0.6202
CLUBS TWO CLUBS KING,0.3712,0.0082,0.6206
CLUBS THREE DIAMONDS EIGHT,0.6192,0.0184,0.3624
CLUBS TWO CLUBS ACE,0.3594,0.0048,0.6358
CLUBS TWO DIAMONDS EIGHT,0.6236,0.0176,0.3588
DIAMONDS EIGHT HEARTS SEVEN,0.554,0.0174,0.4286
HEARTS SIX DIAMONDS EIGHT,0.575,0.016,0.409
DIAMONDS EIGHT HEARTS NINE,0.5366,0.018,0.4454
CLUBS TEN CLUBS TWO,0.5866,0.0194,0.394
DIAMONDS EIGHT HEARTS EIGHT,0.2982,0.0344,0.6674
CLUBS TWO CLUBS JACK,0.3038,0.4402,0.256
CLUBS NINE DIAMONDS EIGHT,0.552,0.015,0.433
CLUBS EIGHT DIAMONDS EIGHT,0.2892,0.0336,0.6772
CLUBS FIVE DIAMONDS EIGHT,0.6616,0.058,0.2804
SPADES ACE SPADES THREE,0.3676,0.0052,0.6272
CLUBS FOUR DIAMONDS EIGHT,0.5972,0.0186,0.3842
CLUBS SEVEN DIAMONDS EIGHT,0.5504,0.0138,0.4358
SPADES QUEEN SPADES THREE,0.3732,0.0134,0.6134
CLUBS SIX DIAMONDS EIGHT,0.5834,0.0178,0.3988
SPADES KING SPADES THREE,0.3708,0.0078,0.6214
DIAMONDS QUEEN DIAMONDS EIGHT,0.3278,0.011,0.6612
HEARTS TWO DIAMONDS EIGHT,0.632,0.0182,0.3498
DIAMONDS KING DIAMONDS EIGHT,0.3468,0.0078,0.6454
HEARTS THREE DIAMONDS EIGHT,0.6274,0.0212,0.3514
DIAMONDS ACE DIAMONDS EIGHT,0.335,0.0042,0.6608
HEARTS FOUR DIAMONDS EIGHT,0.6272,0.0188,0.354
HEARTS FIVE DIAMONDS EIGHT,0.672,0.0636,0.2644
DIAMONDS EIGHT DIAMONDS TEN,0.5086,0.0184,0.473
DIAMONDS EIGHT DIAMONDS JACK,0.216,0.2046,0.5794
SPADES JACK SPADES THREE,0.311,0.4394,0.2496
SPADES TEN SPADES THREE,0.5916,0.0184,0.39
CLUBS FOUR HEARTS ACE,0.3722,0.0046,0.6232
CLUBS FOUR HEARTS QUEEN,0.3856,0.0102,0.6042
CLUBS FOUR HEARTS KING,0.395,0.0064,0.5986
CLUBS SIX HEARTS TEN,0.5814,0.0178,0.4008
SPADES FOUR DIAMONDS EIGHT,0.6218,0.0168,0.3614
DIAMONDS EIGHT SPADES TWO,0.6148,0.0194,0.3658
DIAMONDS EIGHT SPADES THREE,0.641,0.0222,0.3368
SPADES EIGHT DIAMONDS EIGHT,0.292,0.0386,0.6694
SPADES TEN DIAMONDS QUEEN,0.3208,0.0094,0.6698
SPADES TEN HEARTS TWO,0.6356,0.0194,0.345
SPADES JACK HEARTS EIGHT,0.2328,0.2266,0.5406
CLUBS FOUR HEARTS TEN,0.6364,0.0204,0.3432
SPADES NINE DIAMONDS EIGHT,0.5462,0.0186,0.4352
SPADES TEN HEARTS EIGHT,0.5598,0.0168,0.4234
SPADES JACK HEARTS TWO,0.3218,0.4692,0.209
SPADES JACK DIAMONDS QUEEN,0.2212,0.0424,0.7364
SPADES SIX DIAMONDS EIGHT,0.5746,0.0184,0.407
SPADES SEVEN DIAMONDS EIGHT,0.5524,0.016,0.4316
SPADES ACE HEARTS TWO,0.3886,0.007,0.6044
SPADES ACE DIAMONDS QUEEN,0.3246,0.0052,0.6702
SPADES ACE HEARTS EIGHT,0.359,0.0046,0.6364
SPADES KING HEARTS EIGHT,0.3684,0.009,0.6226
SPADES QUEEN HEARTS TWO,0.4076,0.0136,0.5788
SPADES QUEEN DIAMONDS QUEEN,0.142,0.0106,0.8474
SPADES KING DIAMONDS QUEEN,0.3018,0.0094,0.6888
SPADES KING HEARTS TWO,0.4068,0.0108,0.5824
SPADES QUEEN HEARTS EIGHT,0.3512,0.0134,0.6354
CLUBS TWO HEARTS TEN,0.6346,0.0172,0.3482
SPADES SEVEN DIAMONDS NINE,0.5488,0.0166,0.4346
SPADES SIX DIAMONDS NINE,0.558,0.0166,0.4254
SPADES NINE DIAMONDS NINE,0.2962,0.0272,0.6766
SPADES EIGHT DIAMONDS NINE,0.539,0.0196,0.4414
SPADES TEN CLUBS KING,0.3382,0.0086,0.6532
DIAMONDS NINE SPADES THREE,0.6308,0.0166,0.3526
SPADES JACK CLUBS KING,0.2272,0.0342,0.7386
DIAMONDS NINE SPADES TWO,0.6274,0.022,0.3506
DIAMONDS NINE SPADES FOUR,0.6304,0.019,0.3506
CLUBS NINE DIAMONDS NINE,0.2862,0.0256,0.6882
CLUBS EIGHT DIAMONDS NINE,0.5462,0.0136,0.4402
CLUBS SIX DIAMONDS NINE,0.5816,0.0196,0.3988
SPADES JACK CLUBS FOUR,0.3116,0.4756,0.2128
CLUBS SEVEN DIAMONDS NINE,0.5626,0.0156,0.4218
SPADES TEN CLUBS FOUR,0.6192,0.0176,0.3632
CLUBS FOUR DIAMONDS NINE,0.6244,0.017,0.3586
CLUBS FIVE DIAMONDS NINE,0.6878,0.0602,0.252
DIAMONDS NINE CLUBS TWO,0.627,0.0156,0.3574
CLUBS THREE DIAMONDS NINE,0.6236,0.0198,0.3566
DIAMONDS NINE HEARTS EIGHT,0.56,0.0152,0.4248
DIAMONDS NINE HEARTS NINE,0.2946,0.0278,0.6776
HEARTS SIX DIAMONDS NINE,0.5718,0.0214,0.4068
DIAMONDS NINE HEARTS SEVEN,0.5662,0.018,0.4158
CLUBS NINE CLUBS EIGHT,0.5122,0.018,0.4698
DIAMONDS ACE DIAMONDS NINE,0.341,0.004,0.655
HEARTS FOUR DIAMONDS NINE,0.6246,0.02,0.3554
HEARTS FIVE DIAMONDS NINE,0.695,0.0616,0.2434
HEARTS ACE CLUBS TWO,0.3716,0.0048,0.6236
SPADES ACE CLUBS FOUR,0.3718,0.0058,0.6224
DIAMONDS QUEEN DIAMONDS NINE,0.3198,0.0134,0.6668
HEARTS TWO DIAMONDS NINE,0.6338,0.018,0.3482
CLUBS TWO HEARTS KING,0.396,0.0098,0.5942
SPADES KING CLUBS FOUR,0.3772,0.0066,0.6162
DIAMONDS KING DIAMONDS NINE,0.3336,0.0074,0.659
HEARTS THREE DIAMONDS NINE,0.636,0.0192,0.3448
CLUBS TWO HEARTS QUEEN,0.4,0.0126,0.5874
SPADES QUEEN CLUBS FOUR,0.398,0.0112,0.5908
DIAMONDS NINE DIAMONDS JACK,0.214,0.156,0.63
CLUBS EIGHT SPADES NINE,0.5296,0.0166,0.4538
DIAMONDS NINE DIAMONDS TEN,0.5062,0.0144,0.4794
CLUBS EIGHT SPADES EIGHT,0.2764,0.0342,0.6894
CLUBS EIGHT SPADES SEVEN,0.5346,0.0144,0.451
CLUBS EIGHT SPADES SIX,0.5708,0.0192,0.41
CLUBS EIGHT SPADES FOUR,0.6318,0.0212,0.347
CLUBS EIGHT SPADES THREE,0.6332,0.018,0.3488
CLUBS EIGHT SPADES TWO,0.6396,0.0208,0.3396
HEARTS SIX DIAMONDS TEN,0.5906,0.0178,0.3916
DIAMONDS TEN HEARTS SEVEN,0.5712,0.0178,0.411
DIAMONDS TEN HEARTS EIGHT,0.5554,0.016,0.4286
CLUBS FOUR CLUBS JACK,0.299,0.4294,0.2716
DIAMONDS TEN HEARTS NINE,0.5506,0.0164,0.433
CLUBS TEN CLUBS FOUR,0.5806,0.0196,0.3998
CLUBS FOUR CLUBS KING,0.3652,0.0068,0.628
CLUBS FOUR CLUBS QUEEN,0.3694,0.012,0.6186
CLUBS TWO DIAMONDS TEN,0.626,0.0152,0.3588
CLUBS THREE DIAMONDS TEN,0.6196,0.018,0.3624
CLUBS FOUR CLUBS ACE,0.3594,0.0044,0.6362
DIAMONDS JACK DIAMONDS TEN,0.221,0.1144,0.6646
DIAMONDS QUEEN DIAMONDS TEN,0.3032,0.012,0.6848
HEARTS TWO DIAMONDS TEN,0.6318,0.0194,0.3488
DIAMONDS KING DIAMONDS TEN,0.317,0.006,0.677
HEARTS THREE DIAMONDS TEN,0.6304,0.019,0.3506
DIAMONDS ACE DIAMONDS TEN,0.3454,0.0038,0.6508
HEARTS FOUR DIAMONDS TEN,0.6324,0.0214,0.3462
HEARTS FIVE DIAMONDS TEN,0.7052,0.0624,0.2324
CLUBS EIGHT HEARTS TEN,0.5568,0.0178,0.4254
CLUBS EIGHT HEARTS QUEEN,0.3514,0.0108,0.6378
CLUBS EIGHT HEARTS KING,0.3628,0.008,0.6292
CLUBS EIGHT HEARTS ACE,0.3612,0.0052,0.6336
CLUBS NINE SPADES THREE,0.6246,0.0188,0.3566
CLUBS NINE SPADES TWO,0.631,0.0162,0.3528
CLUBS NINE SPADES FOUR,0.6212,0.0176,0.3612
CLUBS NINE SPADES SEVEN,0.5616,0.0146,0.4238
CLUBS NINE SPADES SIX,0.5904,0.0188,0.3908
CLUBS NINE SPADES NINE,0.2812,0.0276,0.6912
CLUBS TEN HEARTS EIGHT,0.5594,0.0172,0.4234
CLUBS NINE SPADES EIGHT,0.5284,0.0182,0.4534
CLUBS JACK HEARTS EIGHT,0.2528,0.2148,0.5324
CLUBS QUEEN HEARTS EIGHT,0.3588,0.0128,0.6284
CLUBS KING HEARTS EIGHT,0.3738,0.0076,0.6186
CLUBS ACE HEARTS EIGHT,0.3654,0.0048,0.6298
SPADES KING CLUBS KING,0.1344,0.0086,0.857
SPADES QUEEN CLUBS KING,0.3062,0.007,0.6868
SPADES ACE CLUBS KING,0.3184,0.0032,0.6784
DIAMONDS ACE HEARTS TEN,0.3478,0.0042,0.648
HEARTS FOUR HEARTS TEN,0.586,0.0224,0.3916
SPADES KING CLUBS FIVE,0.2326,0.0476,0.7198
SPADES QUEEN CLUBS FIVE,0.2342,0.0546,0.7112
SPADES ACE CLUBS FIVE,0.231,0.0288,0.7402
DIAMONDS JACK HEARTS SEVEN,0.2336,0.2916,0.4748
HEARTS SIX DIAMONDS JACK,0.2368,0.388,0.3752
DIAMONDS JACK HEARTS NINE,0.2244,0.1756,0.6
DIAMONDS JACK HEARTS EIGHT,0.2282,0.2232,0.5486
DIAMONDS KING DIAMONDS JACK,0.2276,0.0266,0.7458
HEARTS THREE DIAMONDS JACK,0.3212,0.4736,0.2052
SPADES ACE SPADES SIX,0.3476,0.0042,0.6482
HEARTS ACE SPADES FOUR,0.3746,0.0056,0.6198
DIAMONDS QUEEN DIAMONDS JACK,0.2216,0.0402,0.7382
HEARTS TWO DIAMONDS JACK,0.327,0.4588,0.2142
HEARTS FIVE DIAMONDS JACK,0.017,0.97,0.013
SPADES QUEEN SPADES SIX,0.337,0.0098,0.6532
SPADES FOUR HEARTS QUEEN,0.3894,0.0108,0.5998
DIAMONDS ACE DIAMONDS JACK,0.2186,0.0198,0.7616
HEARTS FOUR DIAMONDS JACK,0.3272,0.4642,0.2086
SPADES KING SPADES SIX,0.3444,0.0054,0.6502
SPADES FOUR HEARTS KING,0.3756,0.0114,0.613
SPADES TEN SPADES SIX,0.5438,0.017,0.4392
SPADES JACK SPADES SIX,0.224,0.3586,0.4174
SPADES FOUR DIAMONDS JACK,0.3136,0.4684,0.218
DIAMONDS JACK SPADES TWO,0.3288,0.4674,0.2038
SPADES THREE DIAMONDS JACK,0.334,0.4518,0.2142
SPADES ACE DIAMONDS THREE,0.3888,0.0048,0.6064
SPADES QUEEN DIAMONDS THREE,0.4014,0.011,0.5876
CLUBS EIGHT DIAMONDS JACK,0.2262,0.2186,0.5552
SPADES KING DIAMONDS THREE,0.4068,0.0106,0.5826
CLUBS NINE DIAMONDS JACK,0.2462,0.1578,0.596
CLUBS SIX DIAMONDS JACK,0.229,0.3802,0.3908
CLUBS SEVEN DIAMONDS JACK,0.224,0.3112,0.4648
CLUBS FOUR DIAMONDS JACK,0.3078,0.4768,0.2154
CLUBS FIVE DIAMONDS JACK,0.0236,0.9548,0.0216
CLUBS TWO DIAMONDS JACK,0.3222,0.4482,0.2296
CLUBS THREE DIAMONDS JACK,0.323,0.4566,0.2204
SPADES TEN CLUBS FIVE,0.688,0.0616,0.2504
HEARTS SIX SPADES JACK,0.2216,0.3908,0.3876
HEARTS SIX SPADES TEN,0.5722,0.019,0.4088
SPADES JACK CLUBS FIVE,0.0112,0.9688,0.02
SPADES JACK DIAMONDS THREE,0.322,0.4714,0.2066
CLUBS SEVEN CLUBS ACE,0.3404,0.0034,0.6562
DIAMONDS THREE SPADES TEN,0.6184,0.0162,0.3654
CLUBS SEVEN CLUBS QUEEN,0.3466,0.0102,0.6432
CLUBS SEVEN CLUBS KING,0.3416,0.0076,0.6508
SPADES NINE DIAMONDS JACK,0.2292,0.1738,0.597
CLUBS TEN CLUBS SEVEN,0.5304,0.0188,0.4508
DIAMONDS ACE HEARTS ACE,0.1314,0.0038,0.8648
HEARTS FOUR HEARTS ACE,0.362,0.0056,0.6324
SPADES EIGHT DIAMONDS JACK,0.2358,0.2218,0.5424
SPADES ACE HEARTS SIX,0.3668,0.005,0.6282
CLUBS SEVEN CLUBS JACK,0.2054,0.2986,0.496
DIAMONDS ACE HEARTS KING,0.3228,0.0052,0.672
HEARTS FOUR HEARTS KING,0.3738,0.0098,0.6164
SPADES SEVEN DIAMONDS JACK,0.2192,0.3036,0.4772
SPADES KING HEARTS SIX,0.3598,0.0054,0.6348
DIAMONDS ACE HEARTS QUEEN,0.3158,0.0044,0.6798
HEARTS FOUR HEARTS QUEEN,0.3738,0.013,0.6132
SPADES QUEEN HEARTS SIX,0.3574,0.015,0.6276
SPADES SIX DIAMONDS JACK,0.2312,0.384,0.3848
SPADES TWO DIAMONDS TEN,0.6346,0.017,0.3484
SPADES THREE DIAMONDS TEN,0.6286,0.0174,0.354
SPADES FOUR DIAMONDS TEN,0.6344,0.0176,0.348
SPADES SIX DIAMONDS TEN,0.5934,0.0158,0.3908
SPADES SEVEN DIAMONDS TEN,0.5672,0.0164,0.4164
SPADES EIGHT DIAMONDS TEN,0.5502,0.0168,0.433
SPADES NINE DIAMONDS TEN,0.5298,0.013,0.4572
CLUBS FOUR DIAMONDS TEN,0.615,0.0162,0.3688
CLUBS FIVE DIAMONDS TEN,0.7044,0.059,0.2366
CLUBS SIX DIAMONDS TEN,0.594,0.0164,0.3896
CLUBS SEVEN DIAMONDS TEN,0.5682,0.0182,0.4136
CLUBS EIGHT DIAMONDS TEN,0.5568,0.0168,0.4264
CLUBS NINE DIAMONDS TEN,0.5304,0.0176,0.452
DIAMONDS THREE CLUBS JACK,0.3216,0.4602,0.2182
CLUBS TEN DIAMONDS THREE,0.6204,0.0168,0.3628
DIAMONDS THREE CLUBS KING,0.394,0.0044,0.6016
DIAMONDS THREE CLUBS QUEEN,0.405,0.0124,0.5826
DIAMONDS THREE CLUBS ACE,0.391,0.0036,0.6054
SPADES FOUR HEARTS TEN,0.6192,0.0176,0.3632
SPADES FOUR SPADES TWO,0.6118,0.0194,0.3688
SPADES THREE SPADES TWO,0.6064,0.0242,0.3694
SPADES NINE SPADES TWO,0.5856,0.0182,0.3962
SPADES EIGHT SPADES TWO,0.5888,0.0192,0.392
SPADES SEVEN SPADES TWO,0.5988,0.0176,0.3836
SPADES SIX SPADES TWO,0.5978,0.0186,0.3836
DIAMONDS QUEEN CLUBS THREE,0.3908,0.0122,0.597
CLUBS THREE HEARTS TWO,0.6394,0.022,0.3386
DIAMONDS QUEEN CLUBS TWO,0.4028,0.0098,0.5874
HEARTS TWO CLUBS TWO,0.4186,0.048,0.5334
DIAMONDS QUEEN HEARTS SEVEN,0.3742,0.0138,0.612
HEARTS TWO HEARTS SEVEN,0.6128,0.0206,0.3666
HEARTS SIX DIAMONDS QUEEN,0.3756,0.0118,0.6126
HEARTS SIX HEARTS TWO,0.5902,0.0194,0.3904
DIAMONDS QUEEN HEARTS NINE,0.3466,0.0104,0.643
HEARTS TWO HEARTS NINE,0.599,0.0178,0.3832
DIAMONDS QUEEN HEARTS EIGHT,0.3608,0.0106,0.6286
HEARTS TWO HEARTS EIGHT,0.6066,0.0194,0.374
CLUBS NINE HEARTS TWO,0.6376,0.0162,0.3462
CLUBS NINE DIAMONDS QUEEN,0.344,0.0086,0.6474
CLUBS EIGHT HEARTS TWO,0.6246,0.017,0.3584
CLUBS EIGHT DIAMONDS QUEEN,0.3432,0.0084,0.6484
CLUBS FIVE DIAMONDS QUEEN,0.2344,0.051,0.7146
CLUBS FIVE HEARTS TWO,0.6836,0.0636,0.2528
SPADES EIGHT HEARTS ACE,0.3484,0.0054,0.6462
DIAMONDS QUEEN CLUBS FOUR,0.3884,0.0118,0.5998
HEARTS TWO CLUBS FOUR,0.6528,0.022,0.3252
CLUBS SEVEN DIAMONDS QUEEN,0.3704,0.01,0.6196
CLUBS SEVEN HEARTS TWO,0.6394,0.013,0.3476
SPADES EIGHT HEARTS QUEEN,0.3546,0.012,0.6334
CLUBS SIX DIAMONDS QUEEN,0.369,0.0096,0.6214
CLUBS SIX HEARTS TWO,0.6398,0.0214,0.3388
SPADES EIGHT HEARTS KING,0.3434,0.008,0.6486
HEARTS TWO SPADES SIX,0.6278,0.017,0.3552
DIAMONDS QUEEN SPADES SIX,0.3704,0.0118,0.6178
HEARTS FOUR CLUBS QUEEN,0.4004,0.013,0.5866
DIAMONDS ACE CLUBS QUEEN,0.3254,0.004,0.6706
DIAMONDS QUEEN SPADES SEVEN,0.3512,0.0112,0.6376
HEARTS TWO SPADES SEVEN,0.645,0.0168,0.3382
HEARTS FOUR CLUBS KING,0.3796,0.0082,0.6122
DIAMONDS ACE CLUBS KING,0.3338,0.0044,0.6618
DIAMONDS QUEEN SPADES EIGHT,0.3592,0.0098,0.631
SPADES EIGHT HEARTS TWO,0.6254,0.0202,0.3544
HEARTS FOUR CLUBS ACE,0.379,0.0048,0.6162
DIAMONDS ACE CLUBS ACE,0.1398,0.0026,0.8576
SPADES NINE DIAMONDS QUEEN,0.3414,0.0104,0.6482
SPADES NINE HEARTS TWO,0.623,0.0188,0.3582
HEARTS TWO SPADES TWO,0.4294,0.0466,0.524
DIAMONDS QUEEN SPADES TWO,0.4048,0.0104,0.5848
HEARTS TWO SPADES THREE,0.6332,0.0248,0.342
DIAMONDS QUEEN SPADES THREE,0.3948,0.0118,0.5934
HEARTS TWO SPADES FOUR,0.6538,0.0206,0.3256
DIAMONDS QUEEN SPADES FOUR,0.3922,0.0128,0.595
HEARTS FOUR CLUBS TEN,0.6222,0.0198,0.358
CLUBS TEN DIAMONDS ACE,0.3528,0.0032,0.644
HEARTS FOUR CLUBS JACK,0.3254,0.4612,0.2134
DIAMONDS ACE CLUBS JACK,0.2314,0.021,0.7476
CLUBS FIVE CLUBS KING,0.2132,0.045,0.7418
CLUBS FIVE CLUBS QUEEN,0.2178,0.0508,0.7314
CLUBS FIVE CLUBS ACE,0.2242,0.031,0.7448
CLUBS FIVE CLUBS JACK,0.0212,0.9118,0.067
CLUBS TEN CLUBS FIVE,0.6614,0.0604,0.2782
SPADES KING CLUBS JACK,0.2348,0.0262,0.739
SPADES QUEEN CLUBS JACK,0.2402,0.036,0.7238
SPADES ACE CLUBS JACK,0.227,0.0208,0.7522
SPADES SIX CLUBS KING,0.3652,0.0062,0.6286
SPADES SIX CLUBS QUEEN,0.3496,0.0124,0.638
SPADES SIX CLUBS ACE,0.3634,0.005,0.6316
SPADES EIGHT HEARTS TEN,0.5614,0.0168,0.4218
SPADES SIX CLUBS JACK,0.2148,0.3948,0.3904
CLUBS TEN SPADES SIX,0.571,0.0162,0.4128
SPADES TEN CLUBS JACK,0.2304,0.1282,0.6414
SPADES JACK CLUBS JACK,0.083,0.0402,0.8768
SPADES QUEEN CLUBS SEVEN,0.3536,0.0094,0.637
SPADES KING CLUBS SEVEN,0.3666,0.0074,0.626
SPADES ACE CLUBS SEVEN,0.3644,0.0036,0.632
SPADES SIX HEARTS TEN,0.5792,0.0182,0.4026
SPADES SIX HEARTS ACE,0.3588,0.005,0.6362
SPADES SIX HEARTS KING,0.3586,0.009,0.6324
SPADES SIX HEARTS QUEEN,0.3586,0.0112,0.6302
CLUBS SEVEN SPADES JACK,0.225,0.3018,0.4732
CLUBS SEVEN SPADES TEN,0.5616,0.016,0.4224
CLUBS TEN HEARTS SIX,0.5908,0.0208,0.3884
HEARTS SIX CLUBS JACK,0.2388,0.4006,0.3606
CLUBS ACE CLUBS JACK,0.2204,0.0206,0.759
HEARTS SIX CLUBS QUEEN,0.3574,0.0132,0.6294
HEARTS SIX CLUBS KING,0.3642,0.0062,0.6296
HEARTS SIX CLUBS ACE,0.3614,0.0046,0.634
CLUBS QUEEN CLUBS JACK,0.2246,0.042,0.7334
CLUBS KING CLUBS JACK,0.223,0.032,0.745
DIAMONDS THREE HEARTS ACE,0.3854,0.005,0.6096
DIAMONDS THREE HEARTS QUEEN,0.3812,0.0116,0.6072
DIAMONDS THREE HEARTS KING,0.39,0.0092,0.6008
SPADES TEN DIAMONDS ACE,0.3468,0.0044,0.6488
HEARTS FOUR SPADES TEN,0.6338,0.0166,0.3496
CLUBS FIVE HEARTS TEN,0.7034,0.0668,0.2298
HEARTS FOUR SPADES JACK,0.3092,0.4706,0.2202
SPADES JACK DIAMONDS ACE,0.2312,0.0208,0.748
SPADES ACE HEARTS FOUR,0.3786,0.0048,0.6166
SPADES ACE DIAMONDS ACE,0.1234,0.003,0.8736
CLUBS FIVE HEARTS ACE,0.2302,0.0316,0.7382
CLUBS FIVE HEARTS KING,0.238,0.0394,0.7226
HEARTS FOUR SPADES QUEEN,0.3808,0.0128,0.6064
SPADES QUEEN DIAMONDS ACE,0.3244,0.004,0.6716
SPADES FOUR CLUBS JACK,0.3202,0.4788,0.201
CLUBS FIVE HEARTS QUEEN,0.2264,0.0456,0.728
SPADES KING DIAMONDS ACE,0.3312,0.0042,0.6646
HEARTS FOUR SPADES KING,0.3878,0.0096,0.6026
CLUBS TEN SPADES FOUR,0.6204,0.0186,0.361
DIAMONDS QUEEN DIAMONDS ACE,0.305,0.0032,0.6918
HEARTS TWO DIAMONDS ACE,0.3962,0.0036,0.6002
HEARTS FOUR DIAMONDS QUEEN,0.3886,0.01,0.6014
HEARTS FOUR HEARTS TWO,0.609,0.0168,0.3742
DIAMONDS THREE HEARTS TEN,0.6324,0.0166,0.351
SPADES FOUR CLUBS KING,0.3958,0.0084,0.5958
HEARTS FIVE DIAMONDS QUEEN,0.2334,0.0522,0.7144
HEARTS FIVE HEARTS TWO,0.6534,0.062,0.2846
SPADES FOUR CLUBS QUEEN,0.3954,0.0136,0.591
DIAMONDS QUEEN HEARTS TWO,0.397,0.0122,0.5908
DIAMONDS KING DIAMONDS QUEEN,0.3002,0.006,0.6938
DIAMONDS KING HEARTS TWO,0.3934,0.007,0.5996
HEARTS THREE DIAMONDS QUEEN,0.398,0.0138,0.5882
HEARTS THREE HEARTS TWO,0.61,0.0194,0.3706
SPADES FOUR CLUBS ACE,0.3864,0.0062,0.6074
HEARTS TWO CLUBS ACE,0.3926,0.006,0.6014
DIAMONDS QUEEN CLUBS ACE,0.3242,0.0042,0.6716
HEARTS TWO CLUBS QUEEN,0.3938,0.0114,0.5948
DIAMONDS QUEEN CLUBS QUEEN,0.1568,0.0092,0.834
HEARTS TWO CLUBS KING,0.4022,0.0072,0.5906
DIAMONDS QUEEN CLUBS KING,0.316,0.005,0.679
CLUBS TEN HEARTS TWO,0.6202,0.0174,0.3624
CLUBS TEN DIAMONDS QUEEN,0.3266,0.0092,0.6642
HEARTS TWO CLUBS JACK,0.3266,0.4678,0.2056
DIAMONDS QUEEN CLUBS JACK,0.2392,0.0398,0.721
DIAMONDS FIVE CLUBS QUEEN,0.2442,0.0458,0.71
SPADES EIGHT CLUBS ACE,0.3476,0.0048,0.6476
DIAMONDS FIVE CLUBS KING,0.24,0.0422,0.7178
SPADES EIGHT CLUBS KING,0.3672,0.007,0.6258
CLUBS ACE DIAMONDS FIVE,0.2252,0.0234,0.7514
SPADES EIGHT CLUBS QUEEN,0.3566,0.0098,0.6336
SPADES EIGHT CLUBS JACK,0.229,0.2236,0.5474
CLUBS TEN SPADES EIGHT,0.5412,0.016,0.4428
CLUBS TEN DIAMONDS FIVE,0.6998,0.0674,0.2328
DIAMONDS FIVE CLUBS JACK,0.018,0.9628,0.0192
DIAMONDS TEN HEARTS TEN,0.278,0.0188,0.7032
SPADES ACE CLUBS NINE,0.3476,0.0044,0.648
CLUBS NINE SPADES QUEEN,0.3422,0.0124,0.6454
CLUBS NINE SPADES KING,0.3586,0.0072,0.6342
HEARTS SIX HEARTS KING,0.347,0.0074,0.6456
DIAMONDS KING SPADES SEVEN,0.356,0.0068,0.6372
HEARTS THREE SPADES SEVEN,0.627,0.0184,0.3546
SPADES KING DIAMONDS SEVEN,0.3626,0.0072,0.6302
HEARTS SIX HEARTS QUEEN,0.3442,0.0122,0.6436
SPADES QUEEN DIAMONDS SEVEN,0.3596,0.0102,0.6302
HEARTS THREE SPADES SIX,0.6176,0.0196,0.3628
DIAMONDS KING SPADES SIX,0.3514,0.0082,0.6404
DIAMONDS KING SPADES NINE,0.3522,0.0062,0.6416
HEARTS THREE SPADES NINE,0.6278,0.0228,0.3494
HEARTS SIX HEARTS ACE,0.3576,0.0056,0.6368
DIAMONDS KING SPADES EIGHT,0.3546,0.0064,0.639
HEARTS THREE SPADES EIGHT,0.6382,0.0224,0.3394
SPADES ACE DIAMONDS SEVEN,0.3516,0.0042,0.6442
CLUBS NINE HEARTS THREE,0.6218,0.0236,0.3546
CLUBS NINE DIAMONDS KING,0.3468,0.0062,0.647
HEARTS THREE CLUBS EIGHT,0.6332,0.017,0.3498
CLUBS EIGHT DIAMONDS KING,0.36,0.006,0.634
HEARTS THREE SPADES THREE,0.423,0.047,0.53
DIAMONDS KING SPADES THREE,0.4068,0.0064,0.5868
HEARTS THREE SPADES TWO,0.657,0.0262,0.3168
DIAMONDS KING SPADES TWO,0.3974,0.0072,0.5954
