opposingHand,winningChance,drawChance,lostChance
SPADES SIX SPADES FIVE
HEARTS FIVE SPADES TEN,0.3196,0.075,0.6054
SPADES JACK HEARTS FIVE,0.317,0.0564,0.6266
CLUBS EIGHT CLUBS JACK,0.393,0.0166,0.5904
CLUBS EIGHT CLUBS TEN,0.3754,0.0314,0.5932
CLUBS EIGHT CLUBS KING,0.4008,0.0076,0.5916
CLUBS EIGHT CLUBS QUEEN,0.3868,0.0124,0.6008
CLUBS EIGHT CLUBS ACE,0.391,0.0064,0.6026
DIAMONDS TWO DIAMONDS THREE,0.528,0.1376,0.3344
DIAMONDS TWO DIAMONDS FIVE,0.4876,0.2338,0.2786
SPADES KING HEARTS FIVE,0.3222,0.0344,0.6434
DIAMONDS TWO DIAMONDS FOUR,0.52,0.135,0.345
SPADES QUEEN HEARTS FIVE,0.3118,0.046,0.6422
DIAMONDS TWO DIAMONDS SEVEN,0.4342,0.095,0.4708
DIAMONDS TWO DIAMONDS SIX,0.374,0.3796,0.2464
SPADES ACE HEARTS FIVE,0.2928,0.026,0.6812
DIAMONDS TWO DIAMONDS NINE,0.4316,0.0434,0.525
DIAMONDS TWO DIAMONDS EIGHT,0.4564,0.0584,0.4852
DIAMONDS THREE DIAMONDS FOUR,0.5328,0.1342,0.333
CLUBS TWO SPADES FOUR,0.5592,0.149,0.2918
DIAMONDS THREE DIAMONDS FIVE,0.4958,0.2356,0.2686
CLUBS TWO SPADES TWO,0.3992,0.1276,0.4732
CLUBS TWO SPADES THREE,0.5488,0.1434,0.3078
DIAMONDS THREE DIAMONDS EIGHT,0.4192,0.0596,0.5212
SPADES EIGHT CLUBS TWO,0.4708,0.0618,0.4674
DIAMONDS THREE DIAMONDS NINE,0.4324,0.0352,0.5324
SPADES NINE CLUBS TWO,0.4468,0.0524,0.5008
DIAMONDS THREE DIAMONDS SIX,0.3624,0.3946,0.243
DIAMONDS THREE DIAMONDS SEVEN,0.4222,0.0918,0.486
CLUBS TWO SPADES SEVEN,0.4578,0.0982,0.444
CLUBS SIX CLUBS TWO,0.3624,0.391,0.2466
CLUBS SEVEN CLUBS TWO,0.4448,0.0888,0.4664
CLUBS FOUR CLUBS TWO,0.522,0.137,0.341
CLUBS FIVE CLUBS TWO,0.489,0.2452,0.2658
CLUBS JACK CLUBS TEN,0.3598,0.0128,0.6274
DIAMONDS FOUR DIAMONDS SIX,0.326,0.4126,0.2614
CLUBS QUEEN CLUBS TEN,0.3786,0.0102,0.6112
DIAMONDS FOUR DIAMONDS SEVEN,0.418,0.0888,0.4932
CLUBS KING CLUBS TEN,0.3804,0.007,0.6126
CLUBS ACE CLUBS TEN,0.373,0.003,0.624
CLUBS EIGHT CLUBS TWO,0.4338,0.0662,0.5
DIAMONDS FIVE DIAMONDS FOUR,0.4746,0.2398,0.2856
CLUBS NINE CLUBS TWO,0.4368,0.0388,0.5244
DIAMONDS NINE DIAMONDS FOUR,0.4358,0.0376,0.5266
DIAMONDS EIGHT DIAMONDS FOUR,0.422,0.0576,0.5204
CLUBS TWO CLUBS THREE,0.5352,0.1366,0.3282
DIAMONDS NINE DIAMONDS FIVE,0.3054,0.0972,0.5974
DIAMONDS TWO CLUBS JACK,0.4666,0.0182,0.5152
DIAMONDS EIGHT DIAMONDS FIVE,0.296,0.1312,0.5728
DIAMONDS TWO CLUBS TEN,0.4746,0.0292,0.4962
DIAMONDS FIVE DIAMONDS SEVEN,0.2798,0.1808,0.5394
DIAMONDS FIVE DIAMONDS SIX,0.0692,0.8572,0.0736
DIAMONDS TWO CLUBS ACE,0.4564,0.005,0.5386
DIAMONDS TWO CLUBS KING,0.4622,0.0068,0.531
DIAMONDS TWO CLUBS QUEEN,0.4694,0.0112,0.5194
DIAMONDS EIGHT DIAMONDS SIX,0.2792,0.1328,0.588
DIAMONDS NINE DIAMONDS SIX,0.2942,0.0984,0.6074
SPADES THREE HEARTS ACE,0.434,0.0052,0.5608
HEARTS KING SPADES THREE,0.4542,0.0112,0.5346
DIAMONDS SEVEN DIAMONDS SIX,0.2706,0.1878,0.5416
SPADES THREE HEARTS QUEEN,0.4552,0.0114,0.5334
SPADES THREE HEARTS JACK,0.4552,0.018,0.5268
SPADES THREE HEARTS TEN,0.4634,0.0284,0.5082
DIAMONDS EIGHT DIAMONDS SEVEN,0.3672,0.0552,0.5776
DIAMONDS NINE DIAMONDS SEVEN,0.3728,0.0376,0.5896
DIAMONDS NINE DIAMONDS EIGHT,0.368,0.0352,0.5968
DIAMONDS KING HEARTS TEN,0.4168,0.007,0.5762
HEARTS THREE HEARTS TEN,0.4362,0.0282,0.5356
CLUBS SIX SPADES JACK,0.312,0.0586,0.6294
DIAMONDS KING HEARTS JACK,0.4028,0.0058,0.5914
HEARTS THREE HEARTS JACK,0.4394,0.0176,0.543
CLUBS SIX SPADES TEN,0.2954,0.0828,0.6218
DIAMONDS KING HEARTS ACE,0.4042,0.0042,0.5916
HEARTS THREE HEARTS ACE,0.4182,0.0074,0.5744
SPADES ACE CLUBS SIX,0.314,0.0258,0.6602
DIAMONDS KING HEARTS QUEEN,0.4222,0.0048,0.573
HEARTS THREE HEARTS QUEEN,0.4462,0.0122,0.5416
SPADES KING CLUBS SIX,0.3168,0.0356,0.6476
DIAMONDS KING HEARTS KING,0.2356,0.0194,0.745
HEARTS THREE HEARTS KING,0.4438,0.0122,0.544
SPADES QUEEN CLUBS SIX,0.3118,0.0466,0.6416
SPADES NINE HEARTS TEN,0.3796,0.0242,0.5962
SPADES NINE HEARTS JACK,0.3898,0.0146,0.5956
SPADES NINE HEARTS QUEEN,0.3916,0.0108,0.5976
SPADES NINE HEARTS KING,0.388,0.0056,0.6064
SPADES NINE HEARTS ACE,0.397,0.0066,0.5964
SPADES JACK CLUBS TEN,0.381,0.0126,0.6064
SPADES TEN CLUBS TEN,0.2098,0.0624,0.7278
SPADES ACE CLUBS TEN,0.3928,0.007,0.6002
SPADES KING CLUBS TEN,0.3856,0.0072,0.6072
SPADES QUEEN CLUBS TEN,0.3942,0.0112,0.5946
CLUBS EIGHT SPADES TEN,0.3824,0.025,0.5926
HEARTS THREE SPADES JACK,0.4404,0.0202,0.5394
SPADES JACK DIAMONDS KING,0.3902,0.007,0.6028
SPADES TEN DIAMONDS KING,0.3926,0.0066,0.6008
HEARTS THREE SPADES TEN,0.4462,0.0294,0.5244
CLUBS EIGHT SPADES JACK,0.4002,0.0198,0.58
SPADES ACE CLUBS EIGHT,0.4108,0.0058,0.5834
HEARTS FIVE CLUBS JACK,0.3208,0.0564,0.6228
CLUBS SIX HEARTS ACE,0.3422,0.0234,0.6344
HEARTS FIVE CLUBS TEN,0.3256,0.074,0.6004
CLUBS EIGHT SPADES QUEEN,0.3902,0.0136,0.5962
SPADES THREE CLUBS TEN,0.457,0.0256,0.5174
CLUBS SIX HEARTS QUEEN,0.3184,0.0484,0.6332
CLUBS EIGHT SPADES KING,0.403,0.0064,0.5906
SPADES THREE CLUBS JACK,0.4646,0.016,0.5194
CLUBS SIX HEARTS KING,0.3346,0.0302,0.6352
DIAMONDS TWO HEARTS JACK,0.46,0.0224,0.5176
SPADES THREE CLUBS QUEEN,0.4546,0.0132,0.5322
DIAMONDS TWO HEARTS TEN,0.464,0.0286,0.5074
SPADES THREE CLUBS KING,0.4508,0.01,0.5392
HEARTS FIVE CLUBS ACE,0.3012,0.02,0.6788
SPADES THREE CLUBS ACE,0.4284,0.005,0.5666
HEARTS FIVE CLUBS KING,0.3314,0.0326,0.636
HEARTS FIVE CLUBS QUEEN,0.3306,0.0376,0.6318
HEARTS THREE CLUBS KING,0.47,0.0106,0.5194
DIAMONDS KING CLUBS KING,0.225,0.0188,0.7562
HEARTS THREE CLUBS QUEEN,0.4738,0.01,0.5162
DIAMONDS KING CLUBS QUEEN,0.4142,0.0048,0.581
HEARTS FIVE HEARTS JACK,0.3096,0.0588,0.6316
HEARTS FIVE HEARTS TEN,0.3114,0.0666,0.622
HEARTS THREE CLUBS ACE,0.4534,0.006,0.5406
DIAMONDS KING CLUBS ACE,0.4102,0.0042,0.5856
SPADES ACE CLUBS QUEEN,0.3972,0.003,0.5998
SPADES KING CLUBS QUEEN,0.4046,0.008,0.5874
HEARTS THREE CLUBS JACK,0.467,0.0246,0.5084
DIAMONDS KING CLUBS JACK,0.417,0.0048,0.5782
SPADES QUEEN CLUBS QUEEN,0.2212,0.0312,0.7476
HEARTS THREE CLUBS TEN,0.4602,0.0286,0.5112
DIAMONDS KING CLUBS TEN,0.394,0.0072,0.5988
SPADES JACK CLUBS QUEEN,0.4074,0.0092,0.5834
CLUBS SIX CLUBS QUEEN,0.314,0.0438,0.6422
SPADES TEN CLUBS QUEEN,0.3776,0.011,0.6114
CLUBS SIX CLUBS KING,0.3106,0.037,0.6524
CLUBS SIX CLUBS ACE,0.3118,0.0208,0.6674
HEARTS FIVE HEARTS KING,0.3062,0.029,0.6648
HEARTS FIVE HEARTS QUEEN,0.307,0.0456,0.6474
CLUBS SIX CLUBS TEN,0.3012,0.067,0.6318
HEARTS FIVE HEARTS ACE,0.2954,0.0226,0.682
CLUBS SIX CLUBS JACK,0.316,0.0612,0.6228
SPADES SEVEN HEARTS JACK,0.4016,0.019,0.5794
SPADES SEVEN HEARTS TEN,0.3848,0.0282,0.587
DIAMONDS TWO CLUBS TWO,0.416,0.122,0.462
DIAMONDS TWO CLUBS THREE,0.5554,0.147,0.2976
HEARTS SIX DIAMONDS TWO,0.377,0.4232,0.1998
DIAMONDS TWO HEARTS QUEEN,0.48,0.0146,0.5054
DIAMONDS TWO HEARTS SEVEN,0.4652,0.0968,0.438
DIAMONDS TWO HEARTS KING,0.4628,0.0104,0.5268
DIAMONDS TWO HEARTS EIGHT,0.4662,0.0668,0.467
DIAMONDS TWO HEARTS ACE,0.4462,0.0074,0.5464
DIAMONDS TWO HEARTS NINE,0.465,0.0424,0.4926
DIAMONDS TWO DIAMONDS QUEEN,0.442,0.0128,0.5452
DIAMONDS TWO HEARTS TWO,0.4126,0.127,0.4604
DIAMONDS TWO DIAMONDS KING,0.4354,0.008,0.5566
HEARTS THREE DIAMONDS TWO,0.5588,0.1474,0.2938
DIAMONDS TWO DIAMONDS ACE,0.4224,0.0042,0.5734
HEARTS FOUR DIAMONDS TWO,0.573,0.1384,0.2886
DIAMONDS TWO HEARTS FIVE,0.5094,0.2612,0.2294
SPADES SEVEN HEARTS ACE,0.3972,0.004,0.5988
DIAMONDS TWO DIAMONDS TEN,0.4444,0.0202,0.5354
SPADES SEVEN HEARTS KING,0.387,0.0074,0.6056
DIAMONDS TWO DIAMONDS JACK,0.4354,0.0194,0.5452
SPADES SEVEN HEARTS QUEEN,0.3966,0.0108,0.5926
DIAMONDS TWO SPADES NINE,0.4584,0.0468,0.4948
DIAMONDS TWO SPADES EIGHT,0.4546,0.0672,0.4782
DIAMONDS TWO SPADES SEVEN,0.4652,0.1056,0.4292
DIAMONDS TWO SPADES FOUR,0.5544,0.1564,0.2892
DIAMONDS TWO SPADES THREE,0.5468,0.149,0.3042
DIAMONDS TWO SPADES TWO,0.4026,0.1256,0.4718
CLUBS NINE DIAMONDS TWO,0.4572,0.0432,0.4996
CLUBS EIGHT DIAMONDS TWO,0.4658,0.0622,0.472
DIAMONDS TWO CLUBS SEVEN,0.4682,0.0906,0.4412
CLUBS SIX DIAMONDS TWO,0.3714,0.418,0.2106
DIAMONDS TWO CLUBS FIVE,0.513,0.2544,0.2326
DIAMONDS TWO CLUBS FOUR,0.555,0.1474,0.2976
CLUBS FOUR SPADES FOUR,0.3824,0.1284,0.4892
CLUBS FOUR SPADES THREE,0.5398,0.1492,0.311
CLUBS FOUR SPADES TWO,0.5602,0.1448,0.295
CLUBS FOUR SPADES NINE,0.4538,0.0384,0.5078
CLUBS FOUR SPADES EIGHT,0.446,0.0628,0.4912
CLUBS FOUR SPADES SEVEN,0.4316,0.0958,0.4726
SPADES ACE DIAMONDS SIX,0.3136,0.0252,0.6612
SPADES QUEEN DIAMONDS SIX,0.303,0.0494,0.6476
SPADES KING DIAMONDS SIX,0.3158,0.045,0.6392
SPADES TEN DIAMONDS SIX,0.292,0.0784,0.6296
SPADES JACK DIAMONDS SIX,0.3238,0.062,0.6142
SPADES QUEEN SPADES TWO,0.4324,0.0162,0.5514
SPADES KING SPADES TWO,0.4226,0.0108,0.5666
SPADES ACE SPADES TWO,0.4056,0.0074,0.587
DIAMONDS JACK CLUBS JACK,0.2298,0.048,0.7222
DIAMONDS JACK CLUBS TEN,0.3976,0.0128,0.5896
DIAMONDS JACK CLUBS KING,0.4196,0.0068,0.5736
DIAMONDS JACK CLUBS QUEEN,0.394,0.0102,0.5958
DIAMONDS THREE DIAMONDS JACK,0.4338,0.0178,0.5484
DIAMONDS THREE DIAMONDS TEN,0.4358,0.0276,0.5366
DIAMONDS JACK CLUBS ACE,0.4096,0.0038,0.5866
DIAMONDS THREE DIAMONDS KING,0.4312,0.007,0.5618
HEARTS THREE DIAMONDS THREE,0.3856,0.1232,0.4912
DIAMONDS THREE DIAMONDS QUEEN,0.4508,0.0112,0.538
DIAMONDS THREE HEARTS TWO,0.57,0.1438,0.2862
HEARTS FIVE DIAMONDS THREE,0.5174,0.2576,0.225
DIAMONDS THREE DIAMONDS ACE,0.4296,0.0044,0.566
HEARTS FOUR DIAMONDS THREE,0.547,0.1482,0.3048
DIAMONDS THREE HEARTS SEVEN,0.4526,0.0986,0.4488
SPADES TEN SPADES NINE,0.3304,0.0292,0.6404
HEARTS SIX DIAMONDS THREE,0.3818,0.4174,0.2008
SPADES JACK SPADES NINE,0.3546,0.018,0.6274
DIAMONDS THREE HEARTS NINE,0.457,0.043,0.5
HEARTS JACK DIAMONDS FOUR,0.4564,0.0176,0.526
HEARTS KING HEARTS ACE,0.3986,0.005,0.5964
SPADES TEN SPADES TWO,0.407,0.0278,0.5652
DIAMONDS THREE HEARTS EIGHT,0.4708,0.063,0.4662
HEARTS TEN DIAMONDS FOUR,0.455,0.029,0.516
SPADES JACK SPADES TWO,0.4196,0.0206,0.5598
HEARTS QUEEN DIAMONDS FOUR,0.4616,0.0124,0.526
HEARTS KING DIAMONDS FOUR,0.4586,0.0082,0.5332
SPADES ACE SPADES NINE,0.3592,0.0068,0.634
HEARTS ACE DIAMONDS FOUR,0.459,0.0044,0.5366
SPADES KING SPADES NINE,0.3618,0.009,0.6292
SPADES QUEEN SPADES NINE,0.3626,0.0148,0.6226
DIAMONDS THREE SPADES NINE,0.4446,0.046,0.5094
DIAMONDS THREE SPADES EIGHT,0.4506,0.067,0.4824
DIAMONDS THREE SPADES SEVEN,0.4402,0.104,0.4558
CLUBS SIX DIAMONDS THREE,0.3686,0.4254,0.206
CLUBS ACE DIAMONDS FOUR,0.4488,0.0052,0.546
CLUBS SIX CLUBS FIVE,0.07,0.8542,0.0758
CLUBS SEVEN CLUBS FIVE,0.2778,0.1746,0.5476
CLUBS SEVEN DIAMONDS THREE,0.4352,0.0966,0.4682
DIAMONDS THREE CLUBS FOUR,0.5576,0.1506,0.2918
CLUBS QUEEN DIAMONDS FOUR,0.4498,0.0102,0.54
DIAMONDS THREE CLUBS FIVE,0.515,0.2572,0.2278
CLUBS KING DIAMONDS FOUR,0.4524,0.009,0.5386
DIAMONDS THREE CLUBS TWO,0.5554,0.149,0.2956
DIAMONDS FOUR CLUBS TEN,0.4708,0.0294,0.4998
DIAMONDS THREE CLUBS THREE,0.3912,0.1308,0.478
DIAMONDS FOUR CLUBS JACK,0.456,0.0168,0.5272
DIAMONDS THREE SPADES FOUR,0.5512,0.1438,0.305
DIAMONDS THREE SPADES TWO,0.5584,0.1496,0.292
DIAMONDS THREE SPADES THREE,0.3944,0.1298,0.4758
CLUBS EIGHT DIAMONDS THREE,0.4606,0.062,0.4774
CLUBS NINE DIAMONDS THREE,0.459,0.0472,0.4938
SPADES SEVEN CLUBS ACE,0.3892,0.0052,0.6056
SPADES SEVEN CLUBS QUEEN,0.3946,0.0128,0.5926
SPADES SEVEN CLUBS KING,0.3974,0.0078,0.5948
CLUBS FIVE SPADES SEVEN,0.2708,0.1912,0.538
SPADES SEVEN CLUBS TEN,0.3854,0.0258,0.5888
SPADES SEVEN CLUBS JACK,0.3996,0.0182,0.5822
SPADES NINE CLUBS FIVE,0.3022,0.1056,0.5922
CLUBS FIVE SPADES EIGHT,0.299,0.1472,0.5538
CLUBS FIVE SPADES THREE,0.5066,0.257,0.2364
CLUBS FIVE SPADES TWO,0.5258,0.2518,0.2224
CLUBS FIVE SPADES FOUR,0.5028,0.2658,0.2314
CLUBS NINE CLUBS FIVE,0.301,0.0968,0.6022
CLUBS EIGHT CLUBS FIVE,0.2934,0.1396,0.567
CLUBS ACE CLUBS QUEEN,0.3892,0.0044,0.6064
CLUBS KING CLUBS QUEEN,0.3952,0.0088,0.596
DIAMONDS TEN DIAMONDS FOUR,0.4228,0.027,0.5502
DIAMONDS NINE CLUBS TEN,0.391,0.023,0.586
DIAMONDS JACK DIAMONDS FOUR,0.4322,0.018,0.5498
DIAMONDS NINE CLUBS JACK,0.399,0.0158,0.5852
SPADES NINE CLUBS JACK,0.39,0.0164,0.5936
SPADES NINE CLUBS TEN,0.3816,0.0208,0.5976
DIAMONDS ACE DIAMONDS FOUR,0.4236,0.0062,0.5702
HEARTS FOUR DIAMONDS FOUR,0.3928,0.1208,0.4864
DIAMONDS JACK HEARTS TEN,0.3848,0.0158,0.5994
SPADES NINE CLUBS KING,0.406,0.0084,0.5856
DIAMONDS TWO SPADES TEN,0.4568,0.0332,0.51
DIAMONDS NINE CLUBS ACE,0.4076,0.0032,0.5892
HEARTS FIVE DIAMONDS FOUR,0.506,0.2606,0.2334
HEARTS JACK DIAMONDS JACK,0.2326,0.0422,0.7252
SPADES NINE CLUBS QUEEN,0.4014,0.0102,0.5884
DIAMONDS TWO SPADES JACK,0.4596,0.0228,0.5176
DIAMONDS QUEEN DIAMONDS FOUR,0.4302,0.0126,0.5572
HEARTS TWO DIAMONDS FOUR,0.5692,0.1442,0.2866
DIAMONDS NINE CLUBS QUEEN,0.413,0.0108,0.5762
DIAMONDS KING DIAMONDS FOUR,0.43,0.0082,0.5618
HEARTS THREE DIAMONDS FOUR,0.56,0.1388,0.3012
SPADES NINE CLUBS ACE,0.3974,0.006,0.5966
DIAMONDS NINE CLUBS KING,0.4134,0.0052,0.5814
HEARTS ACE DIAMONDS JACK,0.413,0.0062,0.5808
SPADES ACE DIAMONDS TWO,0.4386,0.007,0.5544
DIAMONDS JACK HEARTS QUEEN,0.4154,0.0084,0.5762
SPADES QUEEN DIAMONDS TWO,0.461,0.0134,0.5256
HEARTS KING DIAMONDS JACK,0.4094,0.0052,0.5854
SPADES KING DIAMONDS TWO,0.4602,0.0108,0.529
SPADES JACK SPADES SEVEN,0.3532,0.0172,0.6296
SPADES TEN SPADES SEVEN,0.352,0.0312,0.6168
CLUBS SEVEN CLUBS THREE,0.4236,0.096,0.4804
CLUBS SIX CLUBS THREE,0.3502,0.4034,0.2464
CLUBS FIVE CLUBS THREE,0.4942,0.241,0.2648
CLUBS FOUR CLUBS THREE,0.5228,0.1408,0.3364
CLUBS NINE CLUBS THREE,0.431,0.0428,0.5262
CLUBS EIGHT CLUBS THREE,0.4342,0.0606,0.5052
CLUBS THREE SPADES FOUR,0.545,0.1502,0.3048
CLUBS THREE SPADES THREE,0.3966,0.13,0.4734
CLUBS THREE SPADES TWO,0.5568,0.1408,0.3024
SPADES SEVEN CLUBS THREE,0.4328,0.101,0.4662
SPADES EIGHT CLUBS THREE,0.447,0.065,0.488
SPADES NINE CLUBS THREE,0.4458,0.04,0.5142
SPADES TWO DIAMONDS FOUR,0.5536,0.1454,0.301
SPADES THREE DIAMONDS FOUR,0.5524,0.1486,0.299
SPADES FOUR DIAMONDS FOUR,0.3806,0.1318,0.4876
SPADES SEVEN DIAMONDS FOUR,0.423,0.103,0.474
SPADES EIGHT DIAMONDS FOUR,0.4314,0.0638,0.5048
SPADES NINE DIAMONDS FOUR,0.4456,0.0446,0.5098
CLUBS FIVE DIAMONDS FOUR,0.5212,0.2508,0.228
CLUBS FOUR DIAMONDS FOUR,0.3788,0.121,0.5002
CLUBS SEVEN DIAMONDS FOUR,0.4424,0.094,0.4636
CLUBS SIX DIAMONDS FOUR,0.3634,0.4176,0.219
CLUBS NINE DIAMONDS FOUR,0.4548,0.0396,0.5056
CLUBS EIGHT DIAMONDS FOUR,0.4456,0.0652,0.4892
DIAMONDS FOUR HEARTS SEVEN,0.4468,0.0902,0.463
HEARTS SIX DIAMONDS FOUR,0.3552,0.441,0.2038
HEARTS NINE DIAMONDS FOUR,0.4654,0.044,0.4906
DIAMONDS FOUR HEARTS EIGHT,0.4536,0.0618,0.4846
CLUBS THREE DIAMONDS FOUR,0.544,0.1488,0.3072
CLUBS TWO DIAMONDS FOUR,0.5754,0.1504,0.2742
DIAMONDS TEN DIAMONDS FIVE,0.3074,0.0718,0.6208
DIAMONDS JACK DIAMONDS FIVE,0.3112,0.052,0.6368
DIAMONDS NINE HEARTS QUEEN,0.412,0.0104,0.5776
HEARTS KING DIAMONDS NINE,0.3962,0.0064,0.5974
DIAMONDS NINE HEARTS ACE,0.4036,0.0036,0.5928
DIAMONDS NINE HEARTS TEN,0.3986,0.022,0.5794
DIAMONDS NINE HEARTS JACK,0.403,0.0158,0.5812
CLUBS KING DIAMONDS SIX,0.319,0.0362,0.6448
CLUBS QUEEN DIAMONDS SIX,0.3286,0.0462,0.6252
CLUBS ACE DIAMONDS SIX,0.3244,0.0266,0.649
SPADES KING DIAMONDS FOUR,0.4386,0.01,0.5514
SPADES ACE SPADES SEVEN,0.3602,0.008,0.6318
SPADES QUEEN DIAMONDS FOUR,0.4478,0.0126,0.5396
SPADES QUEEN SPADES SEVEN,0.3598,0.0126,0.6276
CLUBS JACK DIAMONDS SIX,0.3316,0.0506,0.6178
SPADES KING SPADES SEVEN,0.3562,0.0088,0.635
SPADES ACE DIAMONDS FOUR,0.44,0.0076,0.5524
CLUBS TEN DIAMONDS SIX,0.3078,0.0784,0.6138
CLUBS NINE CLUBS FOUR,0.4312,0.0434,0.5254
CLUBS EIGHT CLUBS FOUR,0.4156,0.0652,0.5192
SPADES JACK DIAMONDS FOUR,0.4434,0.0192,0.5374
SPADES TEN DIAMONDS FOUR,0.428,0.0304,0.5416
CLUBS FOUR CLUBS FIVE,0.4806,0.2448,0.2746
CLUBS SEVEN CLUBS FOUR,0.405,0.0896,0.5054
CLUBS SIX CLUBS FOUR,0.3416,0.4102,0.2482
CLUBS SEVEN SPADES EIGHT,0.3548,0.0584,0.5868
CLUBS SEVEN SPADES NINE,0.3776,0.042,0.5804
CLUBS SEVEN SPADES SEVEN,0.1862,0.1028,0.711
CLUBS SEVEN SPADES FOUR,0.433,0.0956,0.4714
CLUBS SEVEN SPADES THREE,0.4512,0.1032,0.4456
CLUBS SEVEN SPADES TWO,0.4536,0.097,0.4494
CLUBS NINE CLUBS SEVEN,0.373,0.036,0.591
CLUBS EIGHT CLUBS SEVEN,0.368,0.05,0.582
HEARTS SIX DIAMONDS FIVE,0.0712,0.9066,0.0222
DIAMONDS FIVE HEARTS SEVEN,0.2866,0.1854,0.528
DIAMONDS FIVE HEARTS EIGHT,0.3014,0.14,0.5586
HEARTS NINE DIAMONDS FIVE,0.3262,0.095,0.5788
DIAMONDS QUEEN DIAMONDS FIVE,0.3048,0.0414,0.6538
HEARTS TWO DIAMONDS FIVE,0.5202,0.2532,0.2266
HEARTS KING HEARTS EIGHT,0.3972,0.0064,0.5964
DIAMONDS KING DIAMONDS FIVE,0.3088,0.0336,0.6576
HEARTS THREE DIAMONDS FIVE,0.5188,0.2496,0.2316
HEARTS QUEEN HEARTS EIGHT,0.3868,0.0124,0.6008
DIAMONDS ACE DIAMONDS FIVE,0.2938,0.021,0.6852
HEARTS FOUR DIAMONDS FIVE,0.524,0.2478,0.2282
HEARTS FIVE DIAMONDS FIVE,0.329,0.0944,0.5766
HEARTS ACE HEARTS EIGHT,0.3926,0.0038,0.6036
CLUBS FOUR DIAMONDS FIVE,0.5106,0.2534,0.236
CLUBS FIVE DIAMONDS FIVE,0.3214,0.0948,0.5838
CLUBS SIX DIAMONDS FIVE,0.0696,0.9092,0.0212
CLUBS SEVEN DIAMONDS FIVE,0.2812,0.1912,0.5276
CLUBS TWO DIAMONDS FIVE,0.5248,0.2548,0.2204
CLUBS THREE DIAMONDS FIVE,0.5228,0.2498,0.2274
SPADES THREE DIAMONDS FIVE,0.5148,0.25,0.2352
SPADES TWO DIAMONDS FIVE,0.5134,0.2576,0.229
SPADES JACK DIAMONDS EIGHT,0.3894,0.016,0.5946
HEARTS JACK CLUBS TEN,0.3872,0.0112,0.6016
SPADES TEN DIAMONDS EIGHT,0.38,0.0268,0.5932
SPADES FOUR DIAMONDS FIVE,0.5034,0.258,0.2386
HEARTS JACK CLUBS JACK,0.224,0.046,0.73
HEARTS JACK CLUBS QUEEN,0.4084,0.0112,0.5804
CLUBS NINE DIAMONDS FIVE,0.3122,0.0968,0.591
HEARTS JACK CLUBS KING,0.4196,0.0066,0.5738
CLUBS EIGHT DIAMONDS FIVE,0.3012,0.1366,0.5622
HEARTS JACK CLUBS ACE,0.4046,0.0048,0.5906
SPADES SEVEN DIAMONDS FIVE,0.2674,0.19,0.5426
SPADES KING DIAMONDS EIGHT,0.4026,0.008,0.5894
SPADES QUEEN DIAMONDS EIGHT,0.4058,0.0138,0.5804
SPADES NINE DIAMONDS FIVE,0.3138,0.0956,0.5906
SPADES EIGHT DIAMONDS FIVE,0.2914,0.1372,0.5714
SPADES ACE DIAMONDS EIGHT,0.404,0.0034,0.5926
DIAMONDS TEN DIAMONDS SIX,0.2878,0.0826,0.6296
HEARTS ACE DIAMONDS SEVEN,0.4044,0.0028,0.5928
DIAMONDS JACK DIAMONDS SIX,0.331,0.0532,0.6158
HEARTS QUEEN DIAMONDS SEVEN,0.4268,0.0098,0.5634
HEARTS KING DIAMONDS SEVEN,0.4198,0.0078,0.5724
DIAMONDS ACE DIAMONDS SIX,0.3054,0.0222,0.6724
HEARTS FOUR DIAMONDS SIX,0.3698,0.427,0.2032
SPADES TWO HEARTS JACK,0.4574,0.0202,0.5224
HEARTS FIVE DIAMONDS SIX,0.0684,0.9082,0.0234
SPADES TWO HEARTS TEN,0.4706,0.0278,0.5016
DIAMONDS QUEEN DIAMONDS SIX,0.3052,0.05,0.6448
HEARTS TWO DIAMONDS SIX,0.383,0.4144,0.2026
DIAMONDS KING DIAMONDS SIX,0.321,0.0358,0.6432
HEARTS THREE DIAMONDS SIX,0.3718,0.4292,0.199
HEARTS EIGHT DIAMONDS SIX,0.2944,0.1478,0.5578
HEARTS NINE DIAMONDS SIX,0.321,0.1024,0.5766
HEARTS SIX DIAMONDS SIX,0.1732,0.1048,0.722
HEARTS SEVEN DIAMONDS SIX,0.3056,0.1832,0.5112
HEARTS TEN DIAMONDS SEVEN,0.3952,0.0254,0.5794
CLUBS TWO DIAMONDS SIX,0.3896,0.4146,0.1958
HEARTS JACK DIAMONDS SEVEN,0.4064,0.0182,0.5754
CLUBS THREE DIAMONDS SIX,0.3728,0.4318,0.1954
DIAMONDS EIGHT CLUBS JACK,0.4138,0.0164,0.5698
CLUBS SEVEN DIAMONDS SIX,0.2778,0.188,0.5342
CLUBS SIX DIAMONDS SIX,0.1696,0.1082,0.7222
DIAMONDS EIGHT CLUBS TEN,0.3916,0.0206,0.5878
CLUBS FIVE DIAMONDS SIX,0.0698,0.9124,0.0178
CLUBS FOUR DIAMONDS SIX,0.372,0.422,0.206
HEARTS ACE HEARTS JACK,0.3776,0.0026,0.6198
DIAMONDS EIGHT CLUBS ACE,0.4116,0.0024,0.586
HEARTS JACK HEARTS QUEEN,0.3852,0.008,0.6068
DIAMONDS EIGHT CLUBS KING,0.4112,0.0066,0.5822
CLUBS NINE DIAMONDS SIX,0.3124,0.1106,0.577
HEARTS KING HEARTS JACK,0.3864,0.0062,0.6074
DIAMONDS EIGHT CLUBS QUEEN,0.4034,0.011,0.5856
CLUBS EIGHT DIAMONDS SIX,0.3054,0.139,0.5556
SPADES TEN HEARTS KING,0.388,0.0078,0.6042
HEARTS ACE SPADES TWO,0.4514,0.0054,0.5432
SPADES JACK HEARTS KING,0.3966,0.0066,0.5968
SPADES FOUR DIAMONDS SIX,0.3546,0.4384,0.207
SPADES THREE DIAMONDS SIX,0.374,0.423,0.203
SPADES TWO HEARTS QUEEN,0.4594,0.0108,0.5298
SPADES ACE SPADES KING,0.3482,0.0064,0.6454
HEARTS KING SPADES TWO,0.467,0.0074,0.5256
SPADES TWO DIAMONDS SIX,0.3832,0.4234,0.1934
HEARTS TEN HEARTS EIGHT,0.3792,0.0226,0.5982
SPADES NINE DIAMONDS SIX,0.3044,0.107,0.5886
HEARTS JACK HEARTS EIGHT,0.3994,0.0184,0.5822
SPADES EIGHT DIAMONDS SIX,0.2848,0.1436,0.5716
SPADES SEVEN DIAMONDS SIX,0.2576,0.1844,0.558
SPADES KING HEARTS KING,0.225,0.021,0.754
SPADES QUEEN HEARTS KING,0.4012,0.0078,0.591
CLUBS ACE CLUBS KING,0.3822,0.0056,0.6122
SPADES ACE HEARTS KING,0.3994,0.0064,0.5942
SPADES ACE HEARTS JACK,0.4034,0.0066,0.59
SPADES QUEEN HEARTS JACK,0.4036,0.0112,0.5852
SPADES KING HEARTS JACK,0.4048,0.0074,0.5878
SPADES TEN DIAMONDS TEN,0.2184,0.0564,0.7252
SPADES JACK DIAMONDS TEN,0.3858,0.0144,0.5998
SPADES ACE DIAMONDS TEN,0.3924,0.0056,0.602
SPADES JACK HEARTS JACK,0.2032,0.0472,0.7496
SPADES TEN HEARTS JACK,0.3708,0.017,0.6122
SPADES QUEEN DIAMONDS TEN,0.3896,0.0106,0.5998
SPADES KING DIAMONDS TEN,0.375,0.0066,0.6184
SPADES NINE DIAMONDS SEVEN,0.3834,0.0406,0.576
SPADES EIGHT DIAMONDS SEVEN,0.3644,0.0584,0.5772
SPADES SEVEN DIAMONDS SEVEN,0.1892,0.096,0.7148
DIAMONDS KING DIAMONDS SEVEN,0.3984,0.0088,0.5928
HEARTS THREE DIAMONDS SEVEN,0.4528,0.0934,0.4538
HEARTS KING DIAMONDS FIVE,0.329,0.033,0.638
DIAMONDS QUEEN DIAMONDS SEVEN,0.3994,0.0086,0.592
HEARTS TWO DIAMONDS SEVEN,0.4732,0.1,0.4268
HEARTS QUEEN DIAMONDS FIVE,0.3292,0.0444,0.6264
HEARTS FIVE DIAMONDS SEVEN,0.2942,0.1874,0.5184
DIAMONDS ACE DIAMONDS SEVEN,0.39,0.0052,0.6048
HEARTS FOUR DIAMONDS SEVEN,0.4362,0.091,0.4728
HEARTS ACE DIAMONDS FIVE,0.3138,0.0192,0.667
HEARTS SEVEN DIAMONDS SEVEN,0.1928,0.1,0.7072
HEARTS SIX DIAMONDS SEVEN,0.29,0.1856,0.5244
HEARTS NINE DIAMONDS SEVEN,0.406,0.0384,0.5556
DIAMONDS SEVEN HEARTS EIGHT,0.3742,0.0534,0.5724
DIAMONDS JACK DIAMONDS SEVEN,0.381,0.0152,0.6038
HEARTS JACK DIAMONDS FIVE,0.3316,0.0548,0.6136
DIAMONDS TEN DIAMONDS SEVEN,0.3806,0.024,0.5954
DIAMONDS FIVE HEARTS TEN,0.3264,0.0764,0.5972
SPADES KING CLUBS TWO,0.4532,0.0108,0.536
HEARTS KING CLUBS KING,0.233,0.0174,0.7496
CLUBS EIGHT DIAMONDS SEVEN,0.3822,0.0612,0.5566
SPADES QUEEN CLUBS TWO,0.454,0.0142,0.5318
HEARTS KING CLUBS QUEEN,0.4032,0.006,0.5908
CLUBS NINE DIAMONDS SEVEN,0.3938,0.0398,0.5664
SPADES TWO CLUBS JACK,0.4556,0.021,0.5234
SPADES ACE CLUBS TWO,0.4308,0.0046,0.5646
SPADES TWO CLUBS TEN,0.456,0.0278,0.5162
HEARTS KING CLUBS ACE,0.3996,0.0034,0.597
CLUBS SIX CLUBS SEVEN,0.2812,0.169,0.5498
SPADES TWO CLUBS KING,0.463,0.0088,0.5282
SPADES TWO DIAMONDS SEVEN,0.462,0.0946,0.4434
CLUBS EIGHT CLUBS SIX,0.2824,0.1382,0.5794
SPADES THREE DIAMONDS SEVEN,0.4484,0.0974,0.4542
SPADES TWO CLUBS QUEEN,0.4668,0.0144,0.5188
CLUBS NINE CLUBS SIX,0.2952,0.0996,0.6052
SPADES FOUR DIAMONDS SEVEN,0.4418,0.1002,0.458
HEARTS KING CLUBS JACK,0.4134,0.0068,0.5798
SPADES TWO CLUBS ACE,0.4292,0.004,0.5668
HEARTS KING CLUBS TEN,0.4112,0.0074,0.5814
CLUBS SIX SPADES TWO,0.368,0.4318,0.2002
CLUBS SIX SPADES THREE,0.3832,0.4068,0.21
CLUBS TWO DIAMONDS SEVEN,0.4698,0.0954,0.4348
CLUBS SIX SPADES FOUR,0.3568,0.4472,0.196
CLUBS THREE DIAMONDS SEVEN,0.4474,0.0986,0.454
CLUBS FOUR DIAMONDS SEVEN,0.4332,0.0956,0.4712
CLUBS FIVE DIAMONDS SEVEN,0.2888,0.18,0.5312
CLUBS SIX SPADES SEVEN,0.281,0.1942,0.5248
CLUBS SIX DIAMONDS SEVEN,0.286,0.1834,0.5306
CLUBS SIX SPADES EIGHT,0.2734,0.1454,0.5812
SPADES JACK CLUBS TWO,0.4502,0.0196,0.5302
CLUBS SIX SPADES NINE,0.2974,0.113,0.5896
SPADES TEN CLUBS TWO,0.4502,0.0298,0.52
CLUBS SEVEN DIAMONDS SEVEN,0.1984,0.1038,0.6978
CLUBS TWO CLUBS QUEEN,0.4382,0.012,0.5498
CLUBS TWO CLUBS KING,0.4368,0.009,0.5542
CLUBS THREE DIAMONDS EIGHT,0.4478,0.0644,0.4878
CLUBS TWO CLUBS ACE,0.4458,0.0042,0.55
CLUBS TWO DIAMONDS EIGHT,0.4722,0.0618,0.466
DIAMONDS EIGHT HEARTS SEVEN,0.3848,0.0586,0.5566
HEARTS SIX DIAMONDS EIGHT,0.3062,0.1482,0.5456
DIAMONDS EIGHT HEARTS NINE,0.3824,0.034,0.5836
CLUBS TWO CLUBS TEN,0.4436,0.0238,0.5326
DIAMONDS EIGHT HEARTS EIGHT,0.212,0.087,0.701
CLUBS TWO CLUBS JACK,0.4352,0.017,0.5478
CLUBS NINE DIAMONDS EIGHT,0.3924,0.0366,0.571
CLUBS EIGHT DIAMONDS EIGHT,0.2186,0.079,0.7024
CLUBS FIVE DIAMONDS EIGHT,0.2988,0.1408,0.5604
SPADES ACE SPADES THREE,0.3952,0.007,0.5978
CLUBS FOUR DIAMONDS EIGHT,0.4586,0.0618,0.4796
SPADES QUEEN SPADES THREE,0.4054,0.0138,0.5808
CLUBS SEVEN DIAMONDS EIGHT,0.3718,0.0652,0.563
CLUBS SIX DIAMONDS EIGHT,0.3064,0.1364,0.5572
SPADES KING SPADES THREE,0.3996,0.0118,0.5886
DIAMONDS QUEEN DIAMONDS EIGHT,0.3842,0.015,0.6008
HEARTS TWO DIAMONDS EIGHT,0.4554,0.064,0.4806
DIAMONDS KING DIAMONDS EIGHT,0.378,0.0108,0.6112
HEARTS THREE DIAMONDS EIGHT,0.4652,0.0666,0.4682
DIAMONDS ACE DIAMONDS EIGHT,0.3842,0.0052,0.6106
HEARTS FOUR DIAMONDS EIGHT,0.4274,0.0662,0.5064
HEARTS FIVE DIAMONDS EIGHT,0.3052,0.1398,0.555
DIAMONDS EIGHT DIAMONDS TEN,0.3634,0.0228,0.6138
DIAMONDS EIGHT DIAMONDS JACK,0.3838,0.0142,0.602
SPADES JACK SPADES THREE,0.416,0.0206,0.5634
SPADES TEN SPADES THREE,0.4148,0.0284,0.5568
CLUBS FOUR HEARTS ACE,0.4404,0.0046,0.555
CLUBS FOUR HEARTS QUEEN,0.4606,0.0114,0.528
CLUBS FOUR HEARTS KING,0.4652,0.009,0.5258
CLUBS SIX HEARTS TEN,0.3004,0.0778,0.6218
CLUBS SIX HEARTS JACK,0.3282,0.0566,0.6152
SPADES FOUR DIAMONDS EIGHT,0.4302,0.0656,0.5042
DIAMONDS EIGHT SPADES TWO,0.4446,0.062,0.4934
SPADES THREE DIAMONDS EIGHT,0.453,0.0736,0.4734
CLUBS FOUR HEARTS JACK,0.4662,0.0214,0.5124
SPADES EIGHT DIAMONDS EIGHT,0.196,0.0866,0.7174
SPADES TEN DIAMONDS QUEEN,0.3856,0.0118,0.6026
SPADES TEN HEARTS TWO,0.4432,0.0328,0.524
SPADES JACK HEARTS EIGHT,0.3846,0.0164,0.599
CLUBS FOUR HEARTS TEN,0.4622,0.027,0.5108
SPADES NINE DIAMONDS EIGHT,0.3734,0.041,0.5856
SPADES TEN HEARTS EIGHT,0.3784,0.0236,0.598
SPADES JACK HEARTS TWO,0.4508,0.0206,0.5286
SPADES JACK DIAMONDS QUEEN,0.4,0.0086,0.5914
SPADES SEVEN DIAMONDS EIGHT,0.3602,0.0618,0.578
SPADES ACE HEARTS TWO,0.4438,0.0064,0.5498
SPADES ACE DIAMONDS QUEEN,0.4004,0.0054,0.5942
SPADES ACE HEARTS EIGHT,0.4026,0.005,0.5924
SPADES KING HEARTS EIGHT,0.4006,0.008,0.5914
SPADES QUEEN HEARTS TWO,0.4666,0.013,0.5204
SPADES QUEEN DIAMONDS QUEEN,0.2168,0.0318,0.7514
SPADES KING DIAMONDS QUEEN,0.3964,0.0074,0.5962
SPADES KING HEARTS TWO,0.4706,0.0108,0.5186
SPADES QUEEN HEARTS EIGHT,0.4038,0.0108,0.5854
CLUBS TWO HEARTS TEN,0.461,0.029,0.51
CLUBS TWO HEARTS JACK,0.4716,0.017,0.5114
SPADES SEVEN DIAMONDS NINE,0.3852,0.0416,0.5732
SPADES NINE DIAMONDS NINE,0.2112,0.0718,0.717
SPADES EIGHT DIAMONDS NINE,0.377,0.0372,0.5858
SPADES TEN CLUBS KING,0.4,0.007,0.593
DIAMONDS NINE SPADES THREE,0.4464,0.0498,0.5038
SPADES JACK CLUBS KING,0.3822,0.0082,0.6096
DIAMONDS NINE SPADES TWO,0.4694,0.0442,0.4864
SPADES FOUR DIAMONDS NINE,0.454,0.0392,0.5068
CLUBS NINE DIAMONDS NINE,0.231,0.0676,0.7014
CLUBS EIGHT DIAMONDS NINE,0.3826,0.0394,0.578
CLUBS SIX DIAMONDS NINE,0.309,0.1098,0.5812
SPADES JACK CLUBS FOUR,0.4338,0.0212,0.545
SPADES TEN CLUBS FOUR,0.4408,0.0278,0.5314
CLUBS SEVEN DIAMONDS NINE,0.3878,0.0436,0.5686
CLUBS FOUR DIAMONDS NINE,0.458,0.043,0.499
CLUBS FIVE DIAMONDS NINE,0.316,0.108,0.576
CLUBS TWO DIAMONDS NINE,0.4692,0.0418,0.489
CLUBS THREE DIAMONDS NINE,0.4548,0.0454,0.4998
DIAMONDS NINE HEARTS EIGHT,0.397,0.036,0.567
DIAMONDS NINE HEARTS NINE,0.2202,0.0724,0.7074
HEARTS SIX DIAMONDS NINE,0.3196,0.1028,0.5776
DIAMONDS NINE HEARTS SEVEN,0.3896,0.0344,0.576
CLUBS EIGHT CLUBS NINE,0.3622,0.0378,0.6
DIAMONDS ACE DIAMONDS NINE,0.3774,0.004,0.6186
HEARTS FOUR DIAMONDS NINE,0.463,0.0404,0.4966
HEARTS FIVE DIAMONDS NINE,0.3182,0.1048,0.577
CLUBS TWO HEARTS ACE,0.4598,0.0058,0.5344
SPADES ACE CLUBS FOUR,0.4362,0.006,0.5578
DIAMONDS QUEEN DIAMONDS NINE,0.381,0.0108,0.6082
HEARTS TWO DIAMONDS NINE,0.4722,0.0382,0.4896
CLUBS TWO HEARTS KING,0.4692,0.0078,0.523
SPADES KING CLUBS FOUR,0.4334,0.0108,0.5558
DIAMONDS KING DIAMONDS NINE,0.3914,0.007,0.6016
HEARTS THREE DIAMONDS NINE,0.4432,0.045,0.5118
CLUBS TWO HEARTS QUEEN,0.4656,0.0126,0.5218
SPADES QUEEN CLUBS FOUR,0.4234,0.0118,0.5648
DIAMONDS NINE DIAMONDS JACK,0.3826,0.014,0.6034
CLUBS EIGHT SPADES NINE,0.3818,0.0374,0.5808
DIAMONDS NINE DIAMONDS TEN,0.3552,0.022,0.6228
CLUBS EIGHT SPADES EIGHT,0.1898,0.0938,0.7164
CLUBS EIGHT SPADES SEVEN,0.3654,0.0548,0.5798
CLUBS EIGHT SPADES FOUR,0.4502,0.0624,0.4874
CLUBS EIGHT SPADES THREE,0.454,0.0708,0.4752
CLUBS EIGHT SPADES TWO,0.4558,0.073,0.4712
HEARTS SIX DIAMONDS TEN,0.3216,0.0782,0.6002
DIAMONDS TEN HEARTS SEVEN,0.4014,0.0246,0.574
DIAMONDS TEN HEARTS EIGHT,0.3912,0.0258,0.583
CLUBS FOUR CLUBS JACK,0.439,0.0186,0.5424
DIAMONDS TEN HEARTS NINE,0.3904,0.0212,0.5884
CLUBS FOUR CLUBS TEN,0.429,0.0252,0.5458
CLUBS FOUR CLUBS KING,0.4344,0.008,0.5576
CLUBS FOUR CLUBS QUEEN,0.4322,0.014,0.5538
CLUBS TWO DIAMONDS TEN,0.4736,0.0252,0.5012
CLUBS THREE DIAMONDS TEN,0.4574,0.0298,0.5128
CLUBS FOUR CLUBS ACE,0.414,0.0058,0.5802
DIAMONDS JACK DIAMONDS TEN,0.3808,0.0128,0.6064
DIAMONDS QUEEN DIAMONDS TEN,0.3784,0.0082,0.6134
HEARTS TWO DIAMONDS TEN,0.4656,0.0282,0.5062
DIAMONDS KING DIAMONDS TEN,0.377,0.0078,0.6152
HEARTS THREE DIAMONDS TEN,0.4558,0.0288,0.5154
DIAMONDS ACE DIAMONDS TEN,0.3832,0.0066,0.6102
HEARTS FOUR DIAMONDS TEN,0.4538,0.0306,0.5156
CLUBS EIGHT HEARTS JACK,0.418,0.0182,0.5638
HEARTS FIVE DIAMONDS TEN,0.3302,0.0728,0.597
CLUBS EIGHT HEARTS TEN,0.401,0.0278,0.5712
CLUBS EIGHT HEARTS QUEEN,0.4066,0.0126,0.5808
CLUBS EIGHT HEARTS KING,0.4068,0.006,0.5872
CLUBS EIGHT HEARTS ACE,0.422,0.0052,0.5728
CLUBS NINE SPADES THREE,0.4584,0.0428,0.4988
CLUBS NINE SPADES TWO,0.464,0.0442,0.4918
CLUBS NINE SPADES FOUR,0.448,0.0396,0.5124
CLUBS NINE SPADES SEVEN,0.3836,0.0414,0.575
CLUBS NINE SPADES NINE,0.2098,0.0732,0.717
CLUBS TEN HEARTS EIGHT,0.4128,0.024,0.5632
CLUBS NINE SPADES EIGHT,0.378,0.0378,0.5842
CLUBS JACK HEARTS EIGHT,0.418,0.0166,0.5654
CLUBS QUEEN HEARTS EIGHT,0.4072,0.011,0.5818
CLUBS KING HEARTS EIGHT,0.4198,0.0076,0.5726
CLUBS ACE HEARTS EIGHT,0.4044,0.0044,0.5912
SPADES KING CLUBS KING,0.2178,0.0164,0.7658
SPADES QUEEN CLUBS KING,0.4046,0.0066,0.5888
SPADES ACE CLUBS KING,0.4146,0.0056,0.5798
DIAMONDS ACE HEARTS TEN,0.405,0.0056,0.5894
HEARTS FOUR HEARTS TEN,0.4336,0.0238,0.5426
DIAMONDS ACE HEARTS JACK,0.4138,0.0056,0.5806
HEARTS FOUR HEARTS JACK,0.4318,0.019,0.5492
SPADES KING CLUBS FIVE,0.3246,0.032,0.6434
SPADES QUEEN CLUBS FIVE,0.3088,0.0524,0.6388
SPADES ACE CLUBS FIVE,0.2858,0.0218,0.6924
DIAMONDS JACK HEARTS SEVEN,0.4028,0.0156,0.5816
HEARTS SIX DIAMONDS JACK,0.3334,0.0554,0.6112
DIAMONDS JACK HEARTS NINE,0.4066,0.0142,0.5792
DIAMONDS JACK HEARTS EIGHT,0.4108,0.0176,0.5716
DIAMONDS KING DIAMONDS JACK,0.395,0.007,0.598
HEARTS THREE DIAMONDS JACK,0.457,0.0176,0.5254
SPADES FOUR HEARTS ACE,0.4328,0.0068,0.5604
DIAMONDS QUEEN DIAMONDS JACK,0.3892,0.0108,0.6
HEARTS TWO DIAMONDS JACK,0.4628,0.017,0.5202
HEARTS FIVE DIAMONDS JACK,0.3358,0.0596,0.6046
SPADES FOUR HEARTS QUEEN,0.4344,0.015,0.5506
DIAMONDS ACE DIAMONDS JACK,0.3698,0.0046,0.6256
HEARTS FOUR DIAMONDS JACK,0.4534,0.0196,0.527
SPADES FOUR HEARTS KING,0.446,0.009,0.545
SPADES FOUR DIAMONDS JACK,0.4466,0.0172,0.5362
SPADES TWO DIAMONDS JACK,0.4658,0.019,0.5152
SPADES THREE DIAMONDS JACK,0.46,0.0184,0.5216
SPADES ACE DIAMONDS THREE,0.4362,0.0056,0.5582
SPADES QUEEN DIAMONDS THREE,0.4534,0.0132,0.5334
CLUBS EIGHT DIAMONDS JACK,0.4172,0.0152,0.5676
SPADES KING DIAMONDS THREE,0.4514,0.0122,0.5364
CLUBS NINE DIAMONDS JACK,0.3986,0.0176,0.5838
CLUBS SIX DIAMONDS JACK,0.3322,0.0652,0.6026
CLUBS SEVEN DIAMONDS JACK,0.417,0.017,0.566
CLUBS FOUR DIAMONDS JACK,0.4552,0.0202,0.5246
CLUBS FIVE DIAMONDS JACK,0.3284,0.0562,0.6154
CLUBS TWO DIAMONDS JACK,0.4648,0.0162,0.519
CLUBS THREE DIAMONDS JACK,0.47,0.0182,0.5118
SPADES TEN CLUBS FIVE,0.3204,0.0744,0.6052
HEARTS SIX SPADES JACK,0.3188,0.0602,0.621
HEARTS SIX SPADES TEN,0.2956,0.0822,0.6222
SPADES JACK CLUBS FIVE,0.3104,0.0588,0.6308
SPADES JACK DIAMONDS THREE,0.4418,0.0204,0.5378
CLUBS SEVEN CLUBS ACE,0.3916,0.0032,0.6052
DIAMONDS THREE SPADES TEN,0.4412,0.0258,0.533
CLUBS SEVEN CLUBS QUEEN,0.3906,0.0118,0.5976
CLUBS SEVEN CLUBS KING,0.3824,0.0078,0.6098
SPADES NINE DIAMONDS JACK,0.3828,0.018,0.5992
CLUBS SEVEN CLUBS TEN,0.376,0.0264,0.5976
DIAMONDS ACE HEARTS ACE,0.2334,0.0052,0.7614
HEARTS FOUR HEARTS ACE,0.4296,0.004,0.5664
SPADES EIGHT DIAMONDS JACK,0.3982,0.0192,0.5826
SPADES ACE HEARTS SIX,0.3152,0.0246,0.6602
CLUBS SEVEN CLUBS JACK,0.3904,0.0192,0.5904
DIAMONDS ACE HEARTS KING,0.3996,0.0052,0.5952
HEARTS FOUR HEARTS KING,0.4356,0.0094,0.555
SPADES SEVEN DIAMONDS JACK,0.404,0.015,0.581
SPADES KING HEARTS SIX,0.2994,0.0376,0.663
DIAMONDS ACE HEARTS QUEEN,0.4144,0.0034,0.5822
HEARTS FOUR HEARTS QUEEN,0.432,0.014,0.554
SPADES QUEEN HEARTS SIX,0.3044,0.051,0.6446
SPADES TWO DIAMONDS TEN,0.467,0.0286,0.5044
SPADES THREE DIAMONDS TEN,0.4596,0.0306,0.5098
SPADES FOUR DIAMONDS TEN,0.4504,0.027,0.5226
SPADES SEVEN DIAMONDS TEN,0.3862,0.0286,0.5852
SPADES EIGHT DIAMONDS TEN,0.3852,0.0238,0.591
SPADES NINE DIAMONDS TEN,0.3672,0.025,0.6078
CLUBS FOUR DIAMONDS TEN,0.4392,0.0276,0.5332
CLUBS FIVE DIAMONDS TEN,0.326,0.0704,0.6036
CLUBS SIX DIAMONDS TEN,0.3142,0.081,0.6048
CLUBS SEVEN DIAMONDS TEN,0.3858,0.0288,0.5854
CLUBS EIGHT DIAMONDS TEN,0.4038,0.0228,0.5734
CLUBS NINE DIAMONDS TEN,0.3936,0.0222,0.5842
DIAMONDS THREE CLUBS JACK,0.4576,0.0192,0.5232
DIAMONDS THREE CLUBS TEN,0.4696,0.0274,0.503
DIAMONDS THREE CLUBS KING,0.4582,0.0108,0.531
DIAMONDS THREE CLUBS QUEEN,0.471,0.015,0.514
DIAMONDS THREE CLUBS ACE,0.4558,0.0074,0.5368
SPADES FOUR HEARTS JACK,0.4578,0.0208,0.5214
SPADES FOUR HEARTS TEN,0.4552,0.0308,0.514
SPADES FOUR SPADES TWO,0.548,0.1444,0.3076
SPADES THREE SPADES TWO,0.5428,0.1514,0.3058
SPADES NINE SPADES TWO,0.4182,0.048,0.5338
SPADES EIGHT SPADES TWO,0.4154,0.0648,0.5198
SPADES SEVEN SPADES TWO,0.4154,0.0982,0.4864
DIAMONDS QUEEN CLUBS THREE,0.469,0.0138,0.5172
HEARTS TWO CLUBS THREE,0.5648,0.136,0.2992
DIAMONDS QUEEN CLUBS TWO,0.4606,0.0136,0.5258
CLUBS TWO HEARTS TWO,0.4022,0.1176,0.4802
DIAMONDS QUEEN HEARTS SEVEN,0.4096,0.0122,0.5782
HEARTS TWO HEARTS SEVEN,0.4388,0.0928,0.4684
HEARTS SIX DIAMONDS QUEEN,0.3322,0.0464,0.6214
HEARTS SIX HEARTS TWO,0.3618,0.3936,0.2446
DIAMONDS QUEEN HEARTS NINE,0.414,0.01,0.576
HEARTS TWO HEARTS NINE,0.4412,0.0398,0.519
DIAMONDS QUEEN HEARTS EIGHT,0.405,0.012,0.583
HEARTS TWO HEARTS EIGHT,0.4528,0.0608,0.4864
CLUBS NINE HEARTS TWO,0.4682,0.0424,0.4894
CLUBS NINE DIAMONDS QUEEN,0.416,0.0088,0.5752
CLUBS EIGHT HEARTS TWO,0.4734,0.0616,0.465
CLUBS EIGHT DIAMONDS QUEEN,0.4092,0.0124,0.5784
CLUBS FIVE DIAMONDS QUEEN,0.325,0.0448,0.6302
CLUBS FIVE HEARTS TWO,0.5224,0.2424,0.2352
SPADES EIGHT HEARTS ACE,0.3998,0.005,0.5952
CLUBS FOUR DIAMONDS QUEEN,0.4754,0.0132,0.5114
CLUBS FOUR HEARTS TWO,0.5588,0.1522,0.289
SPADES EIGHT HEARTS QUEEN,0.395,0.011,0.594
CLUBS SEVEN HEARTS TWO,0.4678,0.093,0.4392
CLUBS SEVEN DIAMONDS QUEEN,0.4022,0.0138,0.584
CLUBS SIX DIAMONDS QUEEN,0.3262,0.0522,0.6216
CLUBS SIX HEARTS TWO,0.3876,0.4128,0.1996
SPADES EIGHT HEARTS KING,0.41,0.0082,0.5818
HEARTS FOUR CLUBS QUEEN,0.4526,0.014,0.5334
DIAMONDS ACE CLUBS QUEEN,0.4162,0.004,0.5798
DIAMONDS QUEEN SPADES SEVEN,0.3992,0.0124,0.5884
HEARTS TWO SPADES SEVEN,0.449,0.1012,0.4498
HEARTS FOUR CLUBS KING,0.4536,0.0062,0.5402
DIAMONDS ACE CLUBS KING,0.4078,0.0052,0.587
DIAMONDS QUEEN SPADES EIGHT,0.403,0.0116,0.5854
SPADES EIGHT HEARTS TWO,0.4568,0.0662,0.477
HEARTS FOUR CLUBS ACE,0.449,0.0052,0.5458
DIAMONDS ACE CLUBS ACE,0.2296,0.003,0.7674
SPADES NINE DIAMONDS QUEEN,0.3988,0.0134,0.5878
SPADES NINE HEARTS TWO,0.458,0.0432,0.4988
HEARTS TWO SPADES TWO,0.3976,0.136,0.4664
DIAMONDS QUEEN SPADES TWO,0.4632,0.0144,0.5224
HEARTS TWO SPADES THREE,0.5468,0.1526,0.3006
DIAMONDS QUEEN SPADES THREE,0.451,0.013,0.536
HEARTS TWO SPADES FOUR,0.5576,0.1582,0.2842
DIAMONDS QUEEN SPADES FOUR,0.4598,0.0128,0.5274
HEARTS FOUR CLUBS TEN,0.4644,0.033,0.5026
DIAMONDS ACE CLUBS TEN,0.4134,0.0034,0.5832
HEARTS FOUR CLUBS JACK,0.4504,0.0202,0.5294
DIAMONDS ACE CLUBS JACK,0.4114,0.0038,0.5848
CLUBS FIVE CLUBS KING,0.3112,0.0294,0.6594
CLUBS FIVE CLUBS QUEEN,0.3118,0.0454,0.6428
CLUBS FIVE CLUBS ACE,0.3044,0.02,0.6756
CLUBS FIVE CLUBS JACK,0.3302,0.0534,0.6164
CLUBS FIVE CLUBS TEN,0.3106,0.0664,0.623
SPADES KING CLUBS JACK,0.3828,0.0064,0.6108
SPADES QUEEN CLUBS JACK,0.393,0.0104,0.5966
SPADES ACE CLUBS JACK,0.3928,0.0034,0.6038
SPADES EIGHT HEARTS JACK,0.3958,0.022,0.5822
SPADES EIGHT HEARTS TEN,0.388,0.0272,0.5848
SPADES TEN CLUBS JACK,0.3742,0.017,0.6088
SPADES JACK CLUBS JACK,0.2282,0.0418,0.73
SPADES QUEEN CLUBS SEVEN,0.41,0.0142,0.5758
SPADES KING CLUBS SEVEN,0.3938,0.0072,0.599
SPADES ACE CLUBS SEVEN,0.387,0.0046,0.6084
SPADES JACK CLUBS SEVEN,0.3938,0.0154,0.5908
CLUBS SEVEN SPADES TEN,0.3866,0.0298,0.5836
HEARTS SIX CLUBS TEN,0.315,0.0772,0.6078
HEARTS SIX CLUBS JACK,0.3394,0.0564,0.6042
CLUBS ACE CLUBS JACK,0.3916,0.0036,0.6048
HEARTS SIX CLUBS QUEEN,0.3296,0.0462,0.6242
HEARTS SIX CLUBS KING,0.332,0.034,0.634
HEARTS SIX CLUBS ACE,0.3214,0.0248,0.6538
CLUBS QUEEN CLUBS JACK,0.39,0.0084,0.6016
CLUBS KING CLUBS JACK,0.395,0.0068,0.5982
DIAMONDS THREE HEARTS ACE,0.4418,0.004,0.5542
DIAMONDS THREE HEARTS QUEEN,0.47,0.013,0.517
DIAMONDS THREE HEARTS KING,0.4636,0.0086,0.5278
CLUBS FIVE HEARTS JACK,0.3188,0.0564,0.6248
SPADES TEN DIAMONDS ACE,0.399,0.0062,0.5948
HEARTS FOUR SPADES TEN,0.4332,0.029,0.5378
CLUBS FIVE HEARTS TEN,0.334,0.068,0.598
HEARTS FOUR SPADES JACK,0.4376,0.0216,0.5408
SPADES JACK DIAMONDS ACE,0.3902,0.0044,0.6054
SPADES ACE HEARTS FOUR,0.4358,0.0056,0.5586
SPADES ACE DIAMONDS ACE,0.2088,0.0048,0.7864
CLUBS FIVE HEARTS ACE,0.3072,0.0226,0.6702
CLUBS FIVE HEARTS KING,0.3456,0.0312,0.6232
SPADES FOUR CLUBS JACK,0.4458,0.0168,0.5374
HEARTS FOUR SPADES QUEEN,0.447,0.0108,0.5422
SPADES QUEEN DIAMONDS ACE,0.387,0.0054,0.6076
CLUBS FIVE HEARTS QUEEN,0.3424,0.0416,0.616
SPADES FOUR CLUBS TEN,0.451,0.025,0.524
SPADES KING DIAMONDS ACE,0.4052,0.0058,0.589
HEARTS FOUR SPADES KING,0.4498,0.0104,0.5398
DIAMONDS QUEEN DIAMONDS ACE,0.387,0.0056,0.6074
HEARTS TWO DIAMONDS ACE,0.464,0.0046,0.5314
HEARTS FOUR DIAMONDS QUEEN,0.4724,0.0132,0.5144
HEARTS FOUR HEARTS TWO,0.532,0.1356,0.3324
DIAMONDS THREE HEARTS TEN,0.456,0.027,0.517
SPADES FOUR CLUBS KING,0.4454,0.0076,0.547
HEARTS FIVE DIAMONDS QUEEN,0.324,0.0408,0.6352
HEARTS FIVE HEARTS TWO,0.493,0.24,0.267
DIAMONDS THREE HEARTS JACK,0.4506,0.0184,0.531
SPADES FOUR CLUBS QUEEN,0.4588,0.0124,0.5288
DIAMONDS QUEEN HEARTS TWO,0.4678,0.0128,0.5194
DIAMONDS KING DIAMONDS QUEEN,0.3746,0.0086,0.6168
DIAMONDS KING HEARTS TWO,0.4648,0.0104,0.5248
HEARTS THREE DIAMONDS QUEEN,0.4686,0.012,0.5194
HEARTS THREE HEARTS TWO,0.542,0.1282,0.3298
SPADES FOUR CLUBS ACE,0.4228,0.006,0.5712
HEARTS TWO CLUBS ACE,0.4588,0.006,0.5352
DIAMONDS QUEEN CLUBS ACE,0.4162,0.0042,0.5796
HEARTS TWO CLUBS QUEEN,0.4572,0.0108,0.532
DIAMONDS QUEEN CLUBS QUEEN,0.2314,0.0332,0.7354
HEARTS TWO CLUBS KING,0.466,0.0096,0.5244
DIAMONDS QUEEN CLUBS KING,0.4196,0.0064,0.574
HEARTS TWO CLUBS TEN,0.4624,0.028,0.5096
DIAMONDS QUEEN CLUBS TEN,0.3948,0.0106,0.5946
HEARTS TWO CLUBS JACK,0.4604,0.0194,0.5202
DIAMONDS QUEEN CLUBS JACK,0.4002,0.01,0.5898
DIAMONDS FIVE CLUBS QUEEN,0.3298,0.0474,0.6228
SPADES EIGHT CLUBS ACE,0.4006,0.0052,0.5942
CLUBS KING DIAMONDS FIVE,0.3344,0.0324,0.6332
SPADES EIGHT CLUBS KING,0.4094,0.0074,0.5832
CLUBS ACE DIAMONDS FIVE,0.2954,0.0214,0.6832
SPADES EIGHT CLUBS QUEEN,0.4038,0.0144,0.5818
SPADES EIGHT CLUBS JACK,0.4034,0.0188,0.5778
SPADES EIGHT CLUBS TEN,0.3724,0.0252,0.6024
DIAMONDS FIVE CLUBS TEN,0.3328,0.0708,0.5964
DIAMONDS FIVE CLUBS JACK,0.3226,0.054,0.6234
HEARTS JACK DIAMONDS TEN,0.3852,0.0168,0.598
DIAMONDS TEN HEARTS TEN,0.2148,0.0626,0.7226
SPADES ACE CLUBS NINE,0.3952,0.0026,0.6022
CLUBS NINE SPADES QUEEN,0.385,0.0104,0.6046
SPADES KING CLUBS NINE,0.3928,0.0056,0.6016
HEARTS SIX HEARTS KING,0.3082,0.0344,0.6574
DIAMONDS KING SPADES SEVEN,0.4044,0.0074,0.5882
HEARTS THREE SPADES SEVEN,0.426,0.0962,0.4778
SPADES KING DIAMONDS SEVEN,0.3998,0.0068,0.5934
HEARTS SIX HEARTS QUEEN,0.3012,0.0446,0.6542
SPADES QUEEN DIAMONDS SEVEN,0.401,0.0146,0.5844
DIAMONDS KING SPADES NINE,0.4032,0.0068,0.59
HEARTS THREE SPADES NINE,0.458,0.0412,0.5008
HEARTS SIX HEARTS ACE,0.3008,0.0256,0.6736
DIAMONDS KING SPADES EIGHT,0.411,0.0082,0.5808
HEARTS THREE SPADES EIGHT,0.4554,0.0658,0.4788
SPADES ACE DIAMONDS SEVEN,0.3954,0.0058,0.5988
CLUBS NINE HEARTS THREE,0.4608,0.0386,0.5006
CLUBS NINE DIAMONDS KING,0.4214,0.0076,0.571
CLUBS EIGHT HEARTS THREE,0.4606,0.0612,0.4782
CLUBS EIGHT DIAMONDS KING,0.4166,0.008,0.5754
HEARTS THREE SPADES THREE,0.394,0.1306,0.4754
DIAMONDS KING SPADES THREE,0.4488,0.0112,0.54
HEARTS THREE SPADES TWO,0.5606,0.1504,0.289
