opposingHand,winningChance,drawChance,lostChance
SPADES JACK HEARTS QUEEN
SPADES TEN HEARTS FIVE,0.6926,0.0132,0.2942
SPADES FIVE CLUBS JACK,0.7262,0.0428,0.231
CLUBS TEN SPADES FIVE,0.6772,0.0088,0.314
CLUBS EIGHT CLUBS JACK,0.6822,0.0386,0.2792
CLUBS TEN CLUBS EIGHT,0.6088,0.0096,0.3816
CLUBS EIGHT CLUBS KING,0.4064,0.0056,0.588
SPADES FIVE CLUBS ACE,0.441,0.0058,0.5532
CLUBS EIGHT CLUBS QUEEN,0.6358,0.0882,0.276
SPADES FIVE CLUBS KING,0.4304,0.0052,0.5644
SPADES FIVE CLUBS QUEEN,0.6838,0.0908,0.2254
CLUBS EIGHT CLUBS ACE,0.3938,0.0048,0.6014
DIAMONDS TWO DIAMONDS THREE,0.6092,0.011,0.3798
DIAMONDS TWO DIAMONDS FIVE,0.6152,0.0092,0.3756
SPADES KING HEARTS FIVE,0.433,0.006,0.561
DIAMONDS TWO DIAMONDS FOUR,0.6162,0.0124,0.3714
SPADES QUEEN HEARTS FIVE,0.68,0.0934,0.2266
DIAMONDS TWO DIAMONDS SEVEN,0.6348,0.0074,0.3578
DIAMONDS TWO DIAMONDS SIX,0.6204,0.0088,0.3708
SPADES ACE HEARTS FIVE,0.4268,0.0048,0.5684
DIAMONDS TWO DIAMONDS NINE,0.633,0.0134,0.3536
DIAMONDS TWO DIAMONDS EIGHT,0.6212,0.0114,0.3674
DIAMONDS THREE DIAMONDS FOUR,0.5864,0.01,0.4036
SPADES FOUR CLUBS TWO,0.6516,0.0088,0.3396
DIAMONDS THREE DIAMONDS FIVE,0.599,0.0108,0.3902
SPADES FIVE CLUBS TWO,0.6506,0.0102,0.3392
CLUBS TWO SPADES TWO,0.4714,0.016,0.5126
CLUBS TWO SPADES THREE,0.656,0.0118,0.3322
DIAMONDS THREE DIAMONDS EIGHT,0.6354,0.0104,0.3542
SPADES EIGHT CLUBS TWO,0.6918,0.0086,0.2996
DIAMONDS THREE DIAMONDS NINE,0.6256,0.01,0.3644
SPADES NINE CLUBS TWO,0.673,0.0112,0.3158
DIAMONDS THREE DIAMONDS SIX,0.5986,0.0106,0.3908
SPADES SIX CLUBS TWO,0.6648,0.013,0.3222
DIAMONDS THREE DIAMONDS SEVEN,0.6146,0.0094,0.376
SPADES SEVEN CLUBS TWO,0.684,0.0096,0.3064
CLUBS SIX CLUBS TWO,0.6142,0.0088,0.377
CLUBS SEVEN CLUBS TWO,0.6288,0.0106,0.3606
CLUBS FOUR CLUBS TWO,0.6252,0.0102,0.3646
CLUBS FIVE CLUBS TWO,0.602,0.009,0.389
CLUBS TEN CLUBS JACK,0.6664,0.04,0.2936
DIAMONDS FOUR DIAMONDS SIX,0.6056,0.0128,0.3816
CLUBS TEN CLUBS QUEEN,0.6236,0.0864,0.29
DIAMONDS FOUR DIAMONDS SEVEN,0.6074,0.0094,0.3832
CLUBS TEN CLUBS KING,0.3818,0.0068,0.6114
CLUBS TEN CLUBS ACE,0.3808,0.0042,0.615
CLUBS EIGHT CLUBS TWO,0.6262,0.0108,0.363
DIAMONDS FIVE DIAMONDS FOUR,0.588,0.01,0.402
CLUBS NINE CLUBS TWO,0.6288,0.0078,0.3634
DIAMONDS NINE DIAMONDS FOUR,0.6326,0.0102,0.3572
DIAMONDS EIGHT DIAMONDS FOUR,0.6218,0.008,0.3702
CLUBS THREE CLUBS TWO,0.6126,0.0148,0.3726
DIAMONDS NINE DIAMONDS FIVE,0.6228,0.0092,0.368
DIAMONDS TWO CLUBS JACK,0.7338,0.0406,0.2256
DIAMONDS EIGHT DIAMONDS FIVE,0.6022,0.0108,0.387
CLUBS TEN DIAMONDS TWO,0.6798,0.0124,0.3078
DIAMONDS FIVE DIAMONDS SEVEN,0.5966,0.0094,0.394
DIAMONDS FIVE DIAMONDS SIX,0.5808,0.0102,0.409
DIAMONDS TWO CLUBS ACE,0.4264,0.0046,0.569
DIAMONDS TWO CLUBS KING,0.4332,0.0068,0.56
DIAMONDS TWO CLUBS QUEEN,0.6856,0.0838,0.2306
DIAMONDS EIGHT DIAMONDS SIX,0.5998,0.0096,0.3906
DIAMONDS NINE DIAMONDS SIX,0.6032,0.0104,0.3864
HEARTS ACE SPADES THREE,0.4484,0.0076,0.544
SPADES THREE HEARTS KING,0.4252,0.0104,0.5644
DIAMONDS SEVEN DIAMONDS SIX,0.5936,0.0086,0.3978
SPADES THREE HEARTS JACK,0.7366,0.0462,0.2172
SPADES THREE HEARTS TEN,0.6932,0.0136,0.2932
DIAMONDS EIGHT DIAMONDS SEVEN,0.6126,0.0078,0.3796
DIAMONDS NINE DIAMONDS SEVEN,0.6062,0.0108,0.383
DIAMONDS NINE DIAMONDS EIGHT,0.5922,0.009,0.3988
DIAMONDS KING HEARTS TEN,0.403,0.0068,0.5902
HEARTS THREE HEARTS TEN,0.6522,0.0124,0.3354
DIAMONDS KING HEARTS JACK,0.2618,0.0228,0.7154
HEARTS THREE HEARTS JACK,0.6952,0.046,0.2588
SPADES TEN CLUBS SIX,0.6784,0.009,0.3126
SPADES TEN SPADES FIVE,0.6512,0.0116,0.3372
DIAMONDS KING HEARTS ACE,0.3454,0.0054,0.6492
HEARTS THREE HEARTS ACE,0.4156,0.0038,0.5806
SPADES ACE CLUBS SIX,0.4152,0.004,0.5808
SPADES KING CLUBS SIX,0.4328,0.0068,0.5604
DIAMONDS KING HEARTS KING,0.1478,0.0036,0.8486
HEARTS THREE HEARTS KING,0.4102,0.0094,0.5804
SPADES QUEEN CLUBS SIX,0.6626,0.0956,0.2418
SPADES NINE HEARTS TEN,0.6626,0.01,0.3274
SPADES NINE HEARTS JACK,0.7246,0.0468,0.2286
SPADES QUEEN SPADES FIVE,0.6428,0.0852,0.272
SPADES KING SPADES FIVE,0.4304,0.0088,0.5608
SPADES ACE SPADES FIVE,0.4186,0.0052,0.5762
SPADES NINE HEARTS KING,0.4096,0.0068,0.5836
SPADES NINE HEARTS ACE,0.4314,0.0064,0.5622
CLUBS TEN SPADES TEN,0.4414,0.012,0.5466
SPADES ACE CLUBS TEN,0.4006,0.0048,0.5946
SPADES KING CLUBS TEN,0.415,0.0076,0.5774
CLUBS TEN SPADES QUEEN,0.6774,0.092,0.2306
SPADES FIVE HEARTS KING,0.4398,0.0056,0.5546
SPADES FIVE HEARTS ACE,0.4218,0.0064,0.5718
SPADES TEN CLUBS EIGHT,0.647,0.0082,0.3448
HEARTS THREE SPADES TEN,0.7046,0.0096,0.2858
SPADES TEN DIAMONDS KING,0.4106,0.0076,0.5818
CLUBS SIX HEARTS ACE,0.4276,0.0042,0.5682
SPADES ACE CLUBS EIGHT,0.4224,0.003,0.5746
HEARTS FIVE CLUBS JACK,0.74,0.0398,0.2202
CLUBS TEN HEARTS FIVE,0.6774,0.012,0.3106
SPADES QUEEN CLUBS EIGHT,0.6864,0.082,0.2316
CLUBS TEN SPADES THREE,0.683,0.0126,0.3044
CLUBS SIX HEARTS KING,0.4288,0.0052,0.566
SPADES KING CLUBS EIGHT,0.426,0.0052,0.5688
SPADES THREE CLUBS JACK,0.7434,0.0396,0.217
DIAMONDS TWO HEARTS JACK,0.7426,0.0434,0.214
SPADES THREE CLUBS QUEEN,0.684,0.088,0.228
DIAMONDS TWO HEARTS TEN,0.6956,0.0136,0.2908
SPADES THREE CLUBS KING,0.4378,0.0062,0.556
HEARTS FIVE CLUBS ACE,0.4364,0.0046,0.559
SPADES FIVE HEARTS TEN,0.6854,0.0106,0.304
SPADES THREE CLUBS ACE,0.4298,0.006,0.5642
HEARTS FIVE CLUBS KING,0.4478,0.0062,0.546
SPADES FIVE HEARTS JACK,0.7368,0.0422,0.221
HEARTS FIVE CLUBS QUEEN,0.6856,0.084,0.2304
HEARTS THREE CLUBS KING,0.4448,0.0084,0.5468
DIAMONDS KING CLUBS KING,0.1554,0.004,0.8406
HEARTS THREE CLUBS QUEEN,0.686,0.094,0.22
DIAMONDS KING CLUBS QUEEN,0.2452,0.027,0.7278
HEARTS FIVE HEARTS JACK,0.692,0.0418,0.2662
HEARTS FIVE HEARTS TEN,0.6554,0.0104,0.3342
HEARTS THREE CLUBS ACE,0.4534,0.0066,0.54
DIAMONDS KING CLUBS ACE,0.3604,0.0034,0.6362
SPADES ACE CLUBS QUEEN,0.2516,0.0136,0.7348
SPADES KING CLUBS QUEEN,0.2414,0.0252,0.7334
HEARTS THREE CLUBS JACK,0.7404,0.0412,0.2184
DIAMONDS KING CLUBS JACK,0.2642,0.0234,0.7124
SPADES QUEEN CLUBS QUEEN,0.1234,0.0196,0.857
CLUBS TEN HEARTS THREE,0.6874,0.0074,0.3052
CLUBS TEN DIAMONDS KING,0.3948,0.0068,0.5984
CLUBS SIX CLUBS QUEEN,0.6416,0.0778,0.2806
SPADES TEN CLUBS QUEEN,0.675,0.0942,0.2308
CLUBS SIX CLUBS KING,0.4094,0.0062,0.5844
CLUBS SIX CLUBS ACE,0.4114,0.004,0.5846
HEARTS FIVE HEARTS KING,0.4146,0.0084,0.577
CLUBS TEN CLUBS SIX,0.6352,0.007,0.3578
HEARTS FIVE HEARTS ACE,0.4082,0.0042,0.5876
CLUBS SIX CLUBS JACK,0.685,0.0408,0.2742
SPADES SEVEN HEARTS JACK,0.7374,0.0426,0.22
SPADES SEVEN HEARTS TEN,0.6818,0.0094,0.3088
DIAMONDS TWO CLUBS TWO,0.4808,0.0164,0.5028
DIAMONDS TWO CLUBS THREE,0.644,0.0108,0.3452
HEARTS SIX DIAMONDS TWO,0.6654,0.0108,0.3238
DIAMONDS TWO HEARTS SEVEN,0.6782,0.008,0.3138
DIAMONDS TWO HEARTS KING,0.4342,0.0078,0.558
DIAMONDS TWO HEARTS EIGHT,0.678,0.0096,0.3124
DIAMONDS TWO HEARTS ACE,0.4294,0.0054,0.5652
DIAMONDS TWO HEARTS NINE,0.6976,0.0104,0.292
DIAMONDS TWO DIAMONDS QUEEN,0.6428,0.088,0.2692
DIAMONDS TWO HEARTS TWO,0.4874,0.0182,0.4944
DIAMONDS TWO DIAMONDS KING,0.4098,0.0098,0.5804
HEARTS THREE DIAMONDS TWO,0.6556,0.0094,0.335
DIAMONDS TWO DIAMONDS ACE,0.4194,0.005,0.5756
HEARTS FOUR DIAMONDS TWO,0.6612,0.0148,0.324
DIAMONDS TWO HEARTS FIVE,0.6546,0.0104,0.335
SPADES SEVEN HEARTS ACE,0.4194,0.0044,0.5762
DIAMONDS TWO DIAMONDS TEN,0.6442,0.0114,0.3444
SPADES SEVEN HEARTS KING,0.4238,0.0074,0.5688
DIAMONDS TWO DIAMONDS JACK,0.6982,0.0362,0.2656
DIAMONDS TWO SPADES NINE,0.6866,0.0108,0.3026
DIAMONDS TWO SPADES EIGHT,0.682,0.01,0.308
DIAMONDS TWO SPADES SEVEN,0.6852,0.0108,0.304
DIAMONDS TWO SPADES SIX,0.675,0.01,0.315
DIAMONDS TWO SPADES FIVE,0.6636,0.0088,0.3276
DIAMONDS TWO SPADES FOUR,0.657,0.009,0.334
DIAMONDS TWO SPADES THREE,0.662,0.0124,0.3256
DIAMONDS TWO SPADES TWO,0.4826,0.0208,0.4966
CLUBS NINE DIAMONDS TWO,0.6758,0.0096,0.3146
DIAMONDS TWO CLUBS EIGHT,0.6704,0.01,0.3196
CLUBS SEVEN DIAMONDS TWO,0.6746,0.0108,0.3146
DIAMONDS TWO CLUBS SIX,0.651,0.0098,0.3392
DIAMONDS TWO CLUBS FIVE,0.6402,0.0102,0.3496
DIAMONDS TWO CLUBS FOUR,0.642,0.011,0.347
CLUBS FOUR SPADES FIVE,0.634,0.0104,0.3556
CLUBS FOUR SPADES FOUR,0.4866,0.0178,0.4956
CLUBS FOUR SPADES THREE,0.642,0.009,0.349
CLUBS FOUR SPADES TWO,0.6568,0.0126,0.3306
SPADES NINE CLUBS FOUR,0.6736,0.0096,0.3168
SPADES EIGHT CLUBS FOUR,0.6644,0.009,0.3266
SPADES SEVEN CLUBS FOUR,0.6542,0.0086,0.3372
SPADES SIX CLUBS FOUR,0.6322,0.0126,0.3552
SPADES ACE DIAMONDS SIX,0.433,0.0038,0.5632
SPADES QUEEN DIAMONDS SIX,0.6762,0.0898,0.234
SPADES KING DIAMONDS SIX,0.4424,0.006,0.5516
SPADES TEN DIAMONDS SIX,0.669,0.0092,0.3218
SPADES QUEEN SPADES TWO,0.6608,0.0912,0.248
SPADES KING SPADES TWO,0.417,0.0068,0.5762
SPADES ACE SPADES TWO,0.4064,0.004,0.5896
DIAMONDS JACK CLUBS JACK,0.3284,0.0176,0.654
CLUBS TEN DIAMONDS JACK,0.7188,0.0328,0.2484
DIAMONDS JACK CLUBS KING,0.247,0.0262,0.7268
DIAMONDS JACK CLUBS QUEEN,0.0204,0.9538,0.0258
DIAMONDS THREE DIAMONDS JACK,0.6912,0.0374,0.2714
DIAMONDS THREE DIAMONDS TEN,0.6472,0.0094,0.3434
DIAMONDS JACK CLUBS ACE,0.2806,0.0144,0.705
DIAMONDS THREE DIAMONDS KING,0.4152,0.008,0.5768
HEARTS THREE DIAMONDS THREE,0.4752,0.0204,0.5044
DIAMONDS THREE DIAMONDS QUEEN,0.6234,0.0928,0.2838
DIAMONDS THREE HEARTS TWO,0.6608,0.0106,0.3286
HEARTS FIVE DIAMONDS THREE,0.6304,0.0108,0.3588
DIAMONDS THREE DIAMONDS ACE,0.3966,0.006,0.5974
HEARTS FOUR DIAMONDS THREE,0.642,0.0104,0.3476
DIAMONDS THREE HEARTS SEVEN,0.6696,0.0114,0.319
SPADES TEN SPADES NINE,0.6088,0.0104,0.3808
HEARTS SIX DIAMONDS THREE,0.6478,0.011,0.3412
DIAMONDS THREE HEARTS NINE,0.6824,0.0074,0.3102
HEARTS JACK DIAMONDS FOUR,0.738,0.0458,0.2162
HEARTS ACE HEARTS KING,0.3524,0.0054,0.6422
SPADES TEN SPADES TWO,0.6586,0.009,0.3324
DIAMONDS THREE HEARTS EIGHT,0.6718,0.0114,0.3168
HEARTS TEN DIAMONDS FOUR,0.6876,0.0108,0.3016
HEARTS KING DIAMONDS FOUR,0.4254,0.0044,0.5702
SPADES ACE SPADES NINE,0.4038,0.0042,0.592
HEARTS ACE DIAMONDS FOUR,0.4294,0.0044,0.5662
SPADES KING SPADES NINE,0.4038,0.0072,0.589
SPADES QUEEN SPADES NINE,0.653,0.0832,0.2638
DIAMONDS THREE SPADES NINE,0.6816,0.009,0.3094
DIAMONDS THREE SPADES EIGHT,0.6814,0.0116,0.307
DIAMONDS THREE SPADES SEVEN,0.6752,0.009,0.3158
DIAMONDS THREE SPADES SIX,0.6434,0.0094,0.3472
DIAMONDS THREE CLUBS SIX,0.6434,0.0098,0.3468
CLUBS FIVE CLUBS SIX,0.5876,0.0102,0.4022
CLUBS ACE DIAMONDS FOUR,0.4356,0.0032,0.5612
CLUBS SEVEN DIAMONDS THREE,0.6678,0.0066,0.3256
CLUBS SEVEN CLUBS FIVE,0.588,0.0098,0.4022
DIAMONDS THREE CLUBS FOUR,0.6384,0.0096,0.352
DIAMONDS FOUR CLUBS QUEEN,0.6738,0.083,0.2432
DIAMONDS THREE CLUBS FIVE,0.6352,0.0072,0.3576
CLUBS KING DIAMONDS FOUR,0.43,0.0066,0.5634
DIAMONDS THREE CLUBS TWO,0.6298,0.0118,0.3584
CLUBS TEN DIAMONDS FOUR,0.6814,0.01,0.3086
DIAMONDS THREE CLUBS THREE,0.474,0.0144,0.5116
DIAMONDS FOUR CLUBS JACK,0.7104,0.0422,0.2474
DIAMONDS THREE SPADES FOUR,0.6436,0.0088,0.3476
DIAMONDS THREE SPADES FIVE,0.6494,0.0122,0.3384
DIAMONDS THREE SPADES TWO,0.6614,0.0084,0.3302
DIAMONDS THREE SPADES THREE,0.4764,0.0138,0.5098
CLUBS EIGHT DIAMONDS THREE,0.666,0.0092,0.3248
CLUBS NINE DIAMONDS THREE,0.6712,0.0104,0.3184
SPADES SEVEN CLUBS ACE,0.4356,0.004,0.5604
SPADES SEVEN CLUBS QUEEN,0.6862,0.0856,0.2282
SPADES SEVEN CLUBS KING,0.4412,0.0082,0.5506
CLUBS FIVE SPADES SEVEN,0.633,0.0116,0.3554
CLUBS TEN SPADES SEVEN,0.6694,0.0088,0.3218
CLUBS FIVE SPADES SIX,0.6304,0.0112,0.3584
SPADES SEVEN CLUBS JACK,0.7514,0.0436,0.205
SPADES NINE CLUBS FIVE,0.662,0.0114,0.3266
CLUBS FIVE SPADES EIGHT,0.6596,0.0096,0.3308
CLUBS FIVE SPADES THREE,0.6476,0.0104,0.342
CLUBS FIVE SPADES TWO,0.6518,0.011,0.3372
CLUBS FIVE SPADES FIVE,0.4864,0.0164,0.4972
CLUBS FIVE SPADES FOUR,0.6196,0.01,0.3704
CLUBS NINE CLUBS FIVE,0.6222,0.0096,0.3682
CLUBS EIGHT CLUBS FIVE,0.6174,0.0082,0.3744
CLUBS ACE CLUBS QUEEN,0.2364,0.0142,0.7494
CLUBS KING CLUBS QUEEN,0.2446,0.021,0.7344
DIAMONDS TEN DIAMONDS FOUR,0.6428,0.0092,0.348
CLUBS TEN DIAMONDS NINE,0.6296,0.008,0.3624
DIAMONDS JACK DIAMONDS FOUR,0.6784,0.0374,0.2842
DIAMONDS NINE CLUBS JACK,0.6946,0.04,0.2654
SPADES NINE CLUBS JACK,0.7128,0.0406,0.2466
CLUBS TEN SPADES NINE,0.6516,0.01,0.3384
DIAMONDS ACE DIAMONDS FOUR,0.4208,0.0032,0.576
HEARTS FOUR DIAMONDS FOUR,0.4746,0.0164,0.509
DIAMONDS JACK HEARTS TEN,0.723,0.0342,0.2428
SPADES NINE CLUBS KING,0.4156,0.0052,0.5792
DIAMONDS TWO SPADES TEN,0.6964,0.013,0.2906
DIAMONDS NINE CLUBS ACE,0.4384,0.003,0.5586
HEARTS FIVE DIAMONDS FOUR,0.616,0.0114,0.3726
HEARTS JACK DIAMONDS JACK,0.321,0.0198,0.6592
SPADES NINE CLUBS QUEEN,0.6902,0.0916,0.2182
DIAMONDS QUEEN DIAMONDS FOUR,0.6284,0.0932,0.2784
HEARTS TWO DIAMONDS FOUR,0.6664,0.012,0.3216
DIAMONDS NINE CLUBS QUEEN,0.6754,0.0856,0.239
DIAMONDS KING DIAMONDS FOUR,0.4074,0.005,0.5876
HEARTS THREE DIAMONDS FOUR,0.6314,0.0116,0.357
SPADES NINE CLUBS ACE,0.4404,0.004,0.5556
DIAMONDS NINE CLUBS KING,0.4382,0.0066,0.5552
HEARTS ACE DIAMONDS JACK,0.256,0.0154,0.7286
SPADES ACE DIAMONDS TWO,0.4314,0.0052,0.5634
SPADES QUEEN DIAMONDS TWO,0.6812,0.0896,0.2292
DIAMONDS JACK HEARTS KING,0.2406,0.0272,0.7322
SPADES KING DIAMONDS TWO,0.43,0.008,0.562
SPADES TEN SPADES SEVEN,0.6386,0.0082,0.3532
CLUBS SEVEN CLUBS THREE,0.622,0.01,0.368
CLUBS SIX CLUBS THREE,0.6048,0.009,0.3862
CLUBS FIVE CLUBS THREE,0.5802,0.0108,0.409
CLUBS THREE CLUBS FOUR,0.6048,0.0106,0.3846
CLUBS NINE CLUBS THREE,0.6386,0.0088,0.3526
CLUBS EIGHT CLUBS THREE,0.6224,0.011,0.3666
CLUBS THREE SPADES FIVE,0.6402,0.0112,0.3486
CLUBS THREE SPADES FOUR,0.6396,0.0106,0.3498
CLUBS THREE SPADES THREE,0.4842,0.0164,0.4994
CLUBS THREE SPADES TWO,0.6472,0.0128,0.34
CLUBS THREE SPADES SIX,0.6464,0.0112,0.3424
SPADES SEVEN CLUBS THREE,0.6704,0.0084,0.3212
SPADES EIGHT CLUBS THREE,0.688,0.0086,0.3034
SPADES NINE CLUBS THREE,0.6828,0.0106,0.3066
SPADES TWO DIAMONDS FOUR,0.6496,0.0128,0.3376
SPADES THREE DIAMONDS FOUR,0.637,0.011,0.352
SPADES FOUR DIAMONDS FOUR,0.479,0.0176,0.5034
SPADES FIVE DIAMONDS FOUR,0.6158,0.0096,0.3746
SPADES SIX DIAMONDS FOUR,0.6344,0.0122,0.3534
SPADES SEVEN DIAMONDS FOUR,0.6466,0.0092,0.3442
SPADES EIGHT DIAMONDS FOUR,0.6538,0.0128,0.3334
SPADES NINE DIAMONDS FOUR,0.6794,0.0116,0.309
CLUBS FIVE DIAMONDS FOUR,0.6148,0.0112,0.374
CLUBS FOUR DIAMONDS FOUR,0.4688,0.0106,0.5206
CLUBS SEVEN DIAMONDS FOUR,0.6334,0.0112,0.3554
CLUBS SIX DIAMONDS FOUR,0.6398,0.0074,0.3528
CLUBS NINE DIAMONDS FOUR,0.6808,0.009,0.3102
CLUBS EIGHT DIAMONDS FOUR,0.664,0.0086,0.3274
DIAMONDS FOUR HEARTS SEVEN,0.653,0.009,0.338
HEARTS SIX DIAMONDS FOUR,0.6456,0.0114,0.343
HEARTS NINE DIAMONDS FOUR,0.676,0.0106,0.3134
DIAMONDS FOUR HEARTS EIGHT,0.6698,0.0094,0.3208
CLUBS THREE DIAMONDS FOUR,0.6428,0.01,0.3472
CLUBS TWO DIAMONDS FOUR,0.6538,0.0076,0.3386
DIAMONDS TEN DIAMONDS FIVE,0.6482,0.0072,0.3446
DIAMONDS JACK DIAMONDS FIVE,0.6846,0.0392,0.2762
DIAMONDS NINE HEARTS KING,0.4172,0.0052,0.5776
HEARTS ACE DIAMONDS NINE,0.4242,0.0044,0.5714
DIAMONDS NINE HEARTS TEN,0.6556,0.0076,0.3368
DIAMONDS NINE HEARTS JACK,0.7228,0.0422,0.235
CLUBS KING DIAMONDS SIX,0.4232,0.0042,0.5726
CLUBS QUEEN DIAMONDS SIX,0.6654,0.0884,0.2462
CLUBS ACE DIAMONDS SIX,0.434,0.0026,0.5634
SPADES KING DIAMONDS FOUR,0.4378,0.0082,0.554
SPADES ACE SPADES SEVEN,0.4176,0.0076,0.5748
SPADES QUEEN DIAMONDS FOUR,0.664,0.0914,0.2446
SPADES QUEEN SPADES SEVEN,0.6526,0.089,0.2584
CLUBS JACK DIAMONDS SIX,0.7328,0.0398,0.2274
SPADES KING SPADES SEVEN,0.4144,0.0078,0.5778
SPADES ACE DIAMONDS FOUR,0.4286,0.0052,0.5662
CLUBS TEN DIAMONDS SIX,0.6724,0.0092,0.3184
CLUBS NINE CLUBS FOUR,0.6418,0.0114,0.3468
CLUBS EIGHT CLUBS FOUR,0.6142,0.0098,0.376
SPADES TEN DIAMONDS FOUR,0.6998,0.0104,0.2898
CLUBS FIVE CLUBS FOUR,0.5726,0.0116,0.4158
CLUBS SEVEN CLUBS FOUR,0.6122,0.011,0.3768
CLUBS SIX CLUBS FOUR,0.599,0.0102,0.3908
CLUBS SEVEN SPADES EIGHT,0.6442,0.01,0.3458
CLUBS SEVEN SPADES NINE,0.6584,0.0068,0.3348
CLUBS SEVEN SPADES SIX,0.6384,0.0112,0.3504
CLUBS SEVEN SPADES SEVEN,0.4862,0.0128,0.501
CLUBS SEVEN SPADES FIVE,0.6342,0.0106,0.3552
CLUBS SEVEN SPADES FOUR,0.6522,0.0112,0.3366
CLUBS SEVEN SPADES THREE,0.6568,0.0084,0.3348
CLUBS SEVEN SPADES TWO,0.6836,0.0096,0.3068
CLUBS NINE CLUBS SEVEN,0.6072,0.0086,0.3842
CLUBS SEVEN CLUBS EIGHT,0.5962,0.011,0.3928
HEARTS SIX DIAMONDS FIVE,0.6284,0.0102,0.3614
DIAMONDS FIVE HEARTS SEVEN,0.6362,0.0072,0.3566
DIAMONDS FIVE HEARTS EIGHT,0.6412,0.0112,0.3476
HEARTS NINE DIAMONDS FIVE,0.668,0.0118,0.3202
DIAMONDS QUEEN DIAMONDS FIVE,0.6302,0.0918,0.278
HEARTS TWO DIAMONDS FIVE,0.6454,0.0106,0.344
HEARTS KING HEARTS EIGHT,0.4192,0.0058,0.575
DIAMONDS KING DIAMONDS FIVE,0.411,0.01,0.579
HEARTS THREE DIAMONDS FIVE,0.6314,0.0078,0.3608
DIAMONDS ACE DIAMONDS FIVE,0.4058,0.0044,0.5898
HEARTS FOUR DIAMONDS FIVE,0.6124,0.0108,0.3768
HEARTS FIVE DIAMONDS FIVE,0.4812,0.0122,0.5066
HEARTS ACE HEARTS EIGHT,0.4024,0.0042,0.5934
CLUBS FOUR DIAMONDS FIVE,0.625,0.0072,0.3678
CLUBS FIVE DIAMONDS FIVE,0.481,0.013,0.506
CLUBS SIX DIAMONDS FIVE,0.6152,0.01,0.3748
CLUBS SEVEN DIAMONDS FIVE,0.6288,0.0086,0.3626
CLUBS TWO DIAMONDS FIVE,0.6416,0.0084,0.35
CLUBS THREE DIAMONDS FIVE,0.6294,0.0094,0.3612
SPADES THREE DIAMONDS FIVE,0.6424,0.0134,0.3442
SPADES TWO DIAMONDS FIVE,0.6472,0.0108,0.342
SPADES FIVE DIAMONDS FIVE,0.4716,0.0148,0.5136
CLUBS TEN HEARTS JACK,0.7184,0.0402,0.2414
SPADES TEN DIAMONDS EIGHT,0.6616,0.007,0.3314
SPADES FOUR DIAMONDS FIVE,0.6282,0.0106,0.3612
HEARTS JACK CLUBS JACK,0.3244,0.0196,0.656
HEARTS JACK CLUBS QUEEN,0.02,0.9706,0.0094
CLUBS NINE DIAMONDS FIVE,0.6638,0.0082,0.328
HEARTS JACK CLUBS KING,0.251,0.0266,0.7224
CLUBS EIGHT DIAMONDS FIVE,0.6504,0.0106,0.339
HEARTS JACK CLUBS ACE,0.2696,0.0124,0.718
SPADES SEVEN DIAMONDS FIVE,0.6334,0.013,0.3536
SPADES KING DIAMONDS EIGHT,0.4334,0.0058,0.5608
SPADES SIX DIAMONDS FIVE,0.627,0.0108,0.3622
SPADES QUEEN DIAMONDS EIGHT,0.6798,0.0862,0.234
SPADES NINE DIAMONDS FIVE,0.6576,0.0094,0.333
SPADES EIGHT DIAMONDS FIVE,0.6438,0.0066,0.3496
SPADES ACE DIAMONDS EIGHT,0.4212,0.0042,0.5746
DIAMONDS TEN DIAMONDS SIX,0.6406,0.0078,0.3516
HEARTS ACE DIAMONDS SEVEN,0.4322,0.0046,0.5632
DIAMONDS JACK DIAMONDS SIX,0.7012,0.0364,0.2624
HEARTS KING DIAMONDS SEVEN,0.442,0.0084,0.5496
DIAMONDS ACE DIAMONDS SIX,0.401,0.0038,0.5952
HEARTS FOUR DIAMONDS SIX,0.6438,0.0106,0.3456
HEARTS JACK SPADES TWO,0.748,0.0454,0.2066
HEARTS FIVE DIAMONDS SIX,0.6136,0.0078,0.3786
SPADES TWO HEARTS TEN,0.6942,0.0118,0.294
DIAMONDS QUEEN DIAMONDS SIX,0.6352,0.0858,0.279
HEARTS TWO DIAMONDS SIX,0.6694,0.009,0.3216
DIAMONDS KING DIAMONDS SIX,0.4084,0.0058,0.5858
HEARTS THREE DIAMONDS SIX,0.659,0.008,0.333
HEARTS EIGHT DIAMONDS SIX,0.6496,0.0076,0.3428
HEARTS NINE DIAMONDS SIX,0.6596,0.013,0.3274
HEARTS SIX DIAMONDS SIX,0.461,0.0138,0.5252
HEARTS SEVEN DIAMONDS SIX,0.64,0.008,0.352
HEARTS TEN DIAMONDS SEVEN,0.6658,0.0098,0.3244
CLUBS TWO DIAMONDS SIX,0.6538,0.0114,0.3348
HEARTS JACK DIAMONDS SEVEN,0.7372,0.0394,0.2234
CLUBS THREE DIAMONDS SIX,0.6384,0.01,0.3516
CLUBS SEVEN DIAMONDS SIX,0.644,0.0084,0.3476
DIAMONDS EIGHT CLUBS JACK,0.7192,0.0388,0.242
CLUBS SIX DIAMONDS SIX,0.4718,0.0152,0.513
CLUBS TEN DIAMONDS EIGHT,0.6608,0.009,0.3302
CLUBS FIVE DIAMONDS SIX,0.608,0.0104,0.3816
CLUBS FOUR DIAMONDS SIX,0.6474,0.01,0.3426
HEARTS ACE HEARTS JACK,0.2524,0.014,0.7336
DIAMONDS EIGHT CLUBS ACE,0.4246,0.0038,0.5716
DIAMONDS EIGHT CLUBS KING,0.4252,0.0058,0.569
CLUBS NINE DIAMONDS SIX,0.644,0.0092,0.3468
HEARTS JACK HEARTS KING,0.2444,0.0262,0.7294
DIAMONDS EIGHT CLUBS QUEEN,0.6686,0.0916,0.2398
CLUBS EIGHT DIAMONDS SIX,0.6208,0.0084,0.3708
SPADES TEN HEARTS KING,0.4018,0.0076,0.5906
SPADES FIVE DIAMONDS SIX,0.6214,0.0126,0.366
HEARTS ACE SPADES TWO,0.4282,0.0074,0.5644
SPADES FOUR DIAMONDS SIX,0.6428,0.0092,0.348
SPADES THREE DIAMONDS SIX,0.6516,0.0096,0.3388
SPADES ACE SPADES KING,0.3274,0.0062,0.6664
SPADES TWO HEARTS KING,0.439,0.008,0.553
SPADES TWO DIAMONDS SIX,0.662,0.0098,0.3282
HEARTS TEN HEARTS EIGHT,0.622,0.0088,0.3692
SPADES NINE DIAMONDS SIX,0.6548,0.0088,0.3364
HEARTS JACK HEARTS EIGHT,0.6768,0.0414,0.2818
SPADES EIGHT DIAMONDS SIX,0.6546,0.0074,0.338
SPADES SEVEN DIAMONDS SIX,0.654,0.0092,0.3368
SPADES SIX DIAMONDS SIX,0.4688,0.0126,0.5186
SPADES KING HEARTS KING,0.134,0.004,0.862
SPADES QUEEN HEARTS KING,0.2276,0.0288,0.7436
CLUBS ACE CLUBS KING,0.3396,0.0036,0.6568
SPADES ACE HEARTS KING,0.335,0.0074,0.6576
SPADES ACE HEARTS JACK,0.2734,0.0142,0.7124
SPADES QUEEN HEARTS JACK,0.0084,0.9822,0.0094
SPADES KING HEARTS JACK,0.249,0.0264,0.7246
SPADES TEN DIAMONDS TEN,0.4384,0.0116,0.55
SPADES ACE DIAMONDS TEN,0.4004,0.0042,0.5954
SPADES TEN HEARTS JACK,0.7238,0.0408,0.2354
SPADES QUEEN DIAMONDS TEN,0.6694,0.0922,0.2384
SPADES KING DIAMONDS TEN,0.3928,0.0054,0.6018
SPADES NINE DIAMONDS SEVEN,0.66,0.01,0.33
SPADES EIGHT DIAMONDS SEVEN,0.6388,0.0096,0.3516
SPADES SEVEN DIAMONDS SEVEN,0.4696,0.0136,0.5168
SPADES SIX DIAMONDS SEVEN,0.6346,0.0074,0.358
DIAMONDS KING DIAMONDS SEVEN,0.4142,0.008,0.5778
HEARTS THREE DIAMONDS SEVEN,0.6698,0.0094,0.3208
HEARTS KING DIAMONDS FIVE,0.455,0.0062,0.5388
DIAMONDS QUEEN DIAMONDS SEVEN,0.639,0.0882,0.2728
HEARTS TWO DIAMONDS SEVEN,0.6752,0.0106,0.3142
HEARTS FIVE DIAMONDS SEVEN,0.6396,0.01,0.3504
DIAMONDS ACE DIAMONDS SEVEN,0.4114,0.0026,0.586
HEARTS FOUR DIAMONDS SEVEN,0.6534,0.0096,0.337
HEARTS ACE DIAMONDS FIVE,0.4236,0.0028,0.5736
HEARTS SEVEN DIAMONDS SEVEN,0.4722,0.012,0.5158
HEARTS SIX DIAMONDS SEVEN,0.635,0.0116,0.3534
HEARTS NINE DIAMONDS SEVEN,0.644,0.0106,0.3454
DIAMONDS SEVEN HEARTS EIGHT,0.6468,0.0086,0.3446
DIAMONDS JACK DIAMONDS SEVEN,0.6946,0.0348,0.2706
HEARTS JACK DIAMONDS FIVE,0.7246,0.0432,0.2322
DIAMONDS TEN DIAMONDS SEVEN,0.62,0.0088,0.3712
DIAMONDS FIVE HEARTS TEN,0.6894,0.0118,0.2988
SPADES KING CLUBS TWO,0.4306,0.009,0.5604
HEARTS KING CLUBS KING,0.1498,0.0056,0.8446
CLUBS EIGHT DIAMONDS SEVEN,0.6294,0.0088,0.3618
SPADES QUEEN CLUBS TWO,0.6832,0.094,0.2228
HEARTS KING CLUBS QUEEN,0.2362,0.023,0.7408
CLUBS NINE DIAMONDS SEVEN,0.6496,0.0084,0.342
SPADES TWO CLUBS JACK,0.7376,0.0428,0.2196
SPADES ACE CLUBS TWO,0.4234,0.0052,0.5714
CLUBS TEN SPADES TWO,0.6858,0.0108,0.3034
HEARTS KING CLUBS ACE,0.3558,0.005,0.6392
CLUBS SEVEN CLUBS SIX,0.6034,0.0104,0.3862
SPADES TWO CLUBS KING,0.4476,0.0086,0.5438
SPADES TWO DIAMONDS SEVEN,0.6822,0.0076,0.3102
CLUBS EIGHT CLUBS SIX,0.604,0.01,0.386
SPADES THREE DIAMONDS SEVEN,0.6568,0.0102,0.333
SPADES TWO CLUBS QUEEN,0.687,0.0886,0.2244
CLUBS NINE CLUBS SIX,0.6152,0.0118,0.373
SPADES FOUR DIAMONDS SEVEN,0.649,0.0106,0.3404
HEARTS KING CLUBS JACK,0.2378,0.0252,0.737
SPADES FIVE DIAMONDS SEVEN,0.6414,0.0136,0.345
SPADES TWO CLUBS ACE,0.4384,0.0062,0.5554
CLUBS TEN HEARTS KING,0.4056,0.0068,0.5876
CLUBS SIX SPADES TWO,0.6704,0.0104,0.3192
CLUBS SIX SPADES THREE,0.6482,0.0108,0.341
CLUBS TWO DIAMONDS SEVEN,0.675,0.0092,0.3158
CLUBS SIX SPADES FOUR,0.6514,0.0096,0.339
CLUBS THREE DIAMONDS SEVEN,0.6532,0.0096,0.3372
CLUBS SIX SPADES FIVE,0.6208,0.0114,0.3678
CLUBS FOUR DIAMONDS SEVEN,0.6416,0.0076,0.3508
CLUBS SIX SPADES SIX,0.4774,0.014,0.5086
CLUBS FIVE DIAMONDS SEVEN,0.6372,0.0082,0.3546
CLUBS SIX SPADES SEVEN,0.6394,0.01,0.3506
CLUBS SIX DIAMONDS SEVEN,0.6398,0.0092,0.351
SPADES EIGHT CLUBS SIX,0.6506,0.0092,0.3402
CLUBS SEVEN DIAMONDS SEVEN,0.4644,0.011,0.5246
SPADES NINE CLUBS SIX,0.6688,0.0092,0.322
SPADES TEN CLUBS TWO,0.6944,0.0122,0.2934
CLUBS TWO CLUBS QUEEN,0.6378,0.0796,0.2826
CLUBS TWO CLUBS KING,0.4056,0.008,0.5864
CLUBS THREE DIAMONDS EIGHT,0.6586,0.0098,0.3316
CLUBS TWO CLUBS ACE,0.4172,0.005,0.5778
CLUBS TWO DIAMONDS EIGHT,0.6614,0.0108,0.3278
DIAMONDS EIGHT HEARTS SEVEN,0.6288,0.0094,0.3618
HEARTS SIX DIAMONDS EIGHT,0.6446,0.0112,0.3442
DIAMONDS EIGHT HEARTS NINE,0.6384,0.0108,0.3508
CLUBS TEN CLUBS TWO,0.6458,0.0078,0.3464
DIAMONDS EIGHT HEARTS EIGHT,0.4674,0.0102,0.5224
CLUBS TWO CLUBS JACK,0.6928,0.0394,0.2678
CLUBS NINE DIAMONDS EIGHT,0.6324,0.0086,0.359
CLUBS EIGHT DIAMONDS EIGHT,0.461,0.0096,0.5294
CLUBS FIVE DIAMONDS EIGHT,0.6394,0.0094,0.3512
SPADES ACE SPADES THREE,0.4154,0.0054,0.5792
CLUBS FOUR DIAMONDS EIGHT,0.6622,0.0106,0.3272
CLUBS SEVEN DIAMONDS EIGHT,0.6422,0.0088,0.349
SPADES QUEEN SPADES THREE,0.6534,0.0856,0.261
CLUBS SIX DIAMONDS EIGHT,0.635,0.0084,0.3566
SPADES KING SPADES THREE,0.4194,0.0086,0.572
DIAMONDS QUEEN DIAMONDS EIGHT,0.6328,0.0818,0.2854
HEARTS TWO DIAMONDS EIGHT,0.6818,0.0086,0.3096
DIAMONDS KING DIAMONDS EIGHT,0.4054,0.0066,0.588
HEARTS THREE DIAMONDS EIGHT,0.681,0.0084,0.3106
DIAMONDS ACE DIAMONDS EIGHT,0.3992,0.0048,0.596
HEARTS FOUR DIAMONDS EIGHT,0.665,0.0096,0.3254
HEARTS FIVE DIAMONDS EIGHT,0.6494,0.0092,0.3414
DIAMONDS EIGHT DIAMONDS TEN,0.6112,0.0076,0.3812
DIAMONDS EIGHT DIAMONDS JACK,0.666,0.0438,0.2902
SPADES TEN SPADES THREE,0.6592,0.0104,0.3304
CLUBS FOUR HEARTS ACE,0.4216,0.0046,0.5738
CLUBS FOUR HEARTS KING,0.4312,0.0072,0.5616
CLUBS SIX HEARTS TEN,0.6938,0.01,0.2962
CLUBS SIX HEARTS JACK,0.736,0.0394,0.2246
SPADES FOUR DIAMONDS EIGHT,0.6606,0.0094,0.33
SPADES FIVE DIAMONDS EIGHT,0.6556,0.0094,0.335
DIAMONDS EIGHT SPADES TWO,0.6816,0.0116,0.3068
DIAMONDS EIGHT SPADES THREE,0.6632,0.0094,0.3274
CLUBS FOUR HEARTS JACK,0.73,0.041,0.229
SPADES EIGHT DIAMONDS EIGHT,0.4582,0.0114,0.5304
SPADES TEN HEARTS TWO,0.7082,0.0112,0.2806
SPADES TEN DIAMONDS QUEEN,0.6698,0.098,0.2322
CLUBS FOUR HEARTS TEN,0.6914,0.0124,0.2962
SPADES NINE DIAMONDS EIGHT,0.6344,0.0094,0.3562
SPADES TEN HEARTS EIGHT,0.6572,0.0116,0.3312
SPADES SIX DIAMONDS EIGHT,0.6488,0.0098,0.3414
SPADES SEVEN DIAMONDS EIGHT,0.6422,0.0124,0.3454
SPADES ACE HEARTS TWO,0.4398,0.006,0.5542
SPADES ACE DIAMONDS QUEEN,0.2596,0.0144,0.726
SPADES ACE HEARTS EIGHT,0.422,0.0058,0.5722
SPADES KING HEARTS EIGHT,0.4222,0.0064,0.5714
SPADES QUEEN HEARTS TWO,0.6832,0.0958,0.221
SPADES QUEEN DIAMONDS QUEEN,0.1236,0.0212,0.8552
SPADES KING DIAMONDS QUEEN,0.2364,0.0242,0.7394
SPADES KING HEARTS TWO,0.432,0.0084,0.5596
SPADES QUEEN HEARTS EIGHT,0.6708,0.092,0.2372
CLUBS TWO HEARTS TEN,0.698,0.0092,0.2928
CLUBS TWO HEARTS JACK,0.7362,0.0446,0.2192
SPADES SEVEN DIAMONDS NINE,0.6488,0.0088,0.3424
SPADES SIX DIAMONDS NINE,0.6604,0.0102,0.3294
SPADES NINE DIAMONDS NINE,0.4482,0.0152,0.5366
SPADES EIGHT DIAMONDS NINE,0.638,0.0122,0.3498
SPADES TEN CLUBS KING,0.4038,0.007,0.5892
DIAMONDS NINE SPADES THREE,0.6726,0.0094,0.318
DIAMONDS NINE SPADES TWO,0.6822,0.0098,0.308
SPADES FIVE DIAMONDS NINE,0.6606,0.0114,0.328
DIAMONDS NINE SPADES FOUR,0.683,0.0118,0.3052
CLUBS NINE DIAMONDS NINE,0.44,0.0118,0.5482
CLUBS EIGHT DIAMONDS NINE,0.6344,0.009,0.3566
CLUBS SIX DIAMONDS NINE,0.6512,0.006,0.3428
CLUBS SEVEN DIAMONDS NINE,0.6456,0.0082,0.3462
SPADES TEN CLUBS FOUR,0.676,0.0098,0.3142
CLUBS FOUR DIAMONDS NINE,0.674,0.0106,0.3154
CLUBS FIVE DIAMONDS NINE,0.664,0.0094,0.3266
DIAMONDS NINE CLUBS TWO,0.6752,0.01,0.3148
CLUBS THREE DIAMONDS NINE,0.6712,0.0112,0.3176
DIAMONDS NINE HEARTS EIGHT,0.6446,0.0086,0.3468
DIAMONDS NINE HEARTS NINE,0.4494,0.0124,0.5382
HEARTS SIX DIAMONDS NINE,0.6616,0.01,0.3284
DIAMONDS NINE HEARTS SEVEN,0.6434,0.0084,0.3482
CLUBS NINE CLUBS EIGHT,0.5962,0.0124,0.3914
DIAMONDS ACE DIAMONDS NINE,0.4076,0.004,0.5884
HEARTS FOUR DIAMONDS NINE,0.6672,0.0128,0.32
HEARTS FIVE DIAMONDS NINE,0.6728,0.011,0.3162
HEARTS ACE CLUBS TWO,0.4442,0.0054,0.5504
SPADES ACE CLUBS FOUR,0.4214,0.0066,0.572
DIAMONDS QUEEN DIAMONDS NINE,0.6502,0.0856,0.2642
HEARTS TWO DIAMONDS NINE,0.6876,0.0102,0.3022
CLUBS TWO HEARTS KING,0.4404,0.0074,0.5522
SPADES KING CLUBS FOUR,0.432,0.006,0.562
DIAMONDS KING DIAMONDS NINE,0.3896,0.0052,0.6052
HEARTS THREE DIAMONDS NINE,0.6758,0.0084,0.3158
SPADES QUEEN CLUBS FOUR,0.6646,0.0904,0.245
DIAMONDS NINE DIAMONDS JACK,0.6694,0.0358,0.2948
CLUBS EIGHT SPADES NINE,0.6456,0.0104,0.344
DIAMONDS NINE DIAMONDS TEN,0.6102,0.0114,0.3784
CLUBS EIGHT SPADES EIGHT,0.461,0.0086,0.5304
CLUBS EIGHT SPADES SEVEN,0.635,0.007,0.358
CLUBS EIGHT SPADES SIX,0.6542,0.009,0.3368
CLUBS EIGHT SPADES FIVE,0.649,0.008,0.343
CLUBS EIGHT SPADES FOUR,0.6624,0.0112,0.3264
CLUBS EIGHT SPADES THREE,0.6826,0.009,0.3084
CLUBS EIGHT SPADES TWO,0.6814,0.0098,0.3088
HEARTS SIX DIAMONDS TEN,0.6792,0.0106,0.3102
DIAMONDS TEN HEARTS SEVEN,0.673,0.0068,0.3202
DIAMONDS TEN HEARTS EIGHT,0.6506,0.012,0.3374
CLUBS FOUR CLUBS JACK,0.6782,0.038,0.2838
DIAMONDS TEN HEARTS NINE,0.647,0.0094,0.3436
CLUBS TEN CLUBS FOUR,0.6428,0.0102,0.347
CLUBS FOUR CLUBS KING,0.411,0.0058,0.5832
CLUBS FOUR CLUBS QUEEN,0.6308,0.0918,0.2774
CLUBS TWO DIAMONDS TEN,0.6882,0.0076,0.3042
CLUBS THREE DIAMONDS TEN,0.681,0.011,0.308
CLUBS FOUR CLUBS ACE,0.3992,0.0046,0.5962
DIAMONDS JACK DIAMONDS TEN,0.6784,0.0318,0.2898
DIAMONDS QUEEN DIAMONDS TEN,0.628,0.0864,0.2856
HEARTS TWO DIAMONDS TEN,0.6984,0.012,0.2896
DIAMONDS KING DIAMONDS TEN,0.3776,0.0078,0.6146
HEARTS THREE DIAMONDS TEN,0.7054,0.01,0.2846
DIAMONDS ACE DIAMONDS TEN,0.3812,0.0028,0.616
HEARTS FOUR DIAMONDS TEN,0.6876,0.009,0.3034
CLUBS EIGHT HEARTS JACK,0.7288,0.042,0.2292
HEARTS FIVE DIAMONDS TEN,0.6776,0.0086,0.3138
CLUBS EIGHT HEARTS TEN,0.6536,0.0096,0.3368
CLUBS EIGHT HEARTS KING,0.4192,0.0058,0.575
CLUBS EIGHT HEARTS ACE,0.4278,0.0052,0.567
CLUBS NINE SPADES THREE,0.6768,0.0124,0.3108
CLUBS NINE SPADES TWO,0.6896,0.011,0.2994
CLUBS NINE SPADES FIVE,0.6658,0.01,0.3242
CLUBS NINE SPADES FOUR,0.6822,0.011,0.3068
CLUBS NINE SPADES SEVEN,0.6524,0.0088,0.3388
CLUBS NINE SPADES SIX,0.6554,0.0122,0.3324
CLUBS NINE SPADES NINE,0.449,0.0114,0.5396
CLUBS TEN HEARTS EIGHT,0.66,0.0072,0.3328
CLUBS NINE SPADES EIGHT,0.6372,0.0112,0.3516
CLUBS JACK HEARTS EIGHT,0.7276,0.0406,0.2318
CLUBS QUEEN HEARTS EIGHT,0.676,0.0888,0.2352
CLUBS KING HEARTS EIGHT,0.4272,0.0072,0.5656
CLUBS ACE HEARTS EIGHT,0.4322,0.0044,0.5634
SPADES KING CLUBS KING,0.1564,0.004,0.8396
SPADES QUEEN CLUBS KING,0.2482,0.0232,0.7286
SPADES ACE CLUBS KING,0.352,0.0036,0.6444
DIAMONDS ACE HEARTS TEN,0.4118,0.0052,0.583
HEARTS FOUR HEARTS TEN,0.6578,0.0096,0.3326
DIAMONDS ACE HEARTS JACK,0.263,0.015,0.722
HEARTS FOUR HEARTS JACK,0.7084,0.0402,0.2514
SPADES KING CLUBS FIVE,0.4324,0.0086,0.559
SPADES QUEEN CLUBS FIVE,0.6606,0.088,0.2514
SPADES ACE CLUBS FIVE,0.4306,0.004,0.5654
DIAMONDS JACK HEARTS SEVEN,0.7358,0.0404,0.2238
HEARTS SIX DIAMONDS JACK,0.7244,0.0414,0.2342
DIAMONDS JACK HEARTS NINE,0.7138,0.04,0.2462
DIAMONDS JACK HEARTS EIGHT,0.7214,0.039,0.2396
DIAMONDS KING DIAMONDS JACK,0.2418,0.026,0.7322
HEARTS THREE DIAMONDS JACK,0.7372,0.041,0.2218
SPADES ACE SPADES SIX,0.4216,0.0052,0.5732
HEARTS ACE SPADES FOUR,0.4292,0.006,0.5648
DIAMONDS QUEEN DIAMONDS JACK,0.021,0.9124,0.0666
HEARTS TWO DIAMONDS JACK,0.7364,0.0356,0.228
HEARTS FIVE DIAMONDS JACK,0.7354,0.0396,0.225
SPADES QUEEN SPADES SIX,0.6332,0.0894,0.2774
DIAMONDS ACE DIAMONDS JACK,0.249,0.0142,0.7368
HEARTS FOUR DIAMONDS JACK,0.7392,0.0366,0.2242
SPADES KING SPADES SIX,0.4292,0.0084,0.5624
SPADES FOUR HEARTS KING,0.448,0.0064,0.5456
SPADES TEN SPADES SIX,0.6588,0.0108,0.3304
SPADES FOUR DIAMONDS JACK,0.7206,0.0436,0.2358
SPADES FIVE DIAMONDS JACK,0.7206,0.045,0.2344
DIAMONDS JACK SPADES TWO,0.7326,0.0428,0.2246
SPADES THREE DIAMONDS JACK,0.7426,0.0422,0.2152
SPADES ACE DIAMONDS THREE,0.432,0.0036,0.5644
SPADES QUEEN DIAMONDS THREE,0.6626,0.0968,0.2406
CLUBS EIGHT DIAMONDS JACK,0.7184,0.0374,0.2442
SPADES KING DIAMONDS THREE,0.4276,0.0052,0.5672
CLUBS NINE DIAMONDS JACK,0.7076,0.0376,0.2548
CLUBS SIX DIAMONDS JACK,0.7264,0.0392,0.2344
CLUBS SEVEN DIAMONDS JACK,0.7272,0.0388,0.234
CLUBS FOUR DIAMONDS JACK,0.7298,0.041,0.2292
CLUBS FIVE DIAMONDS JACK,0.7296,0.0448,0.2256
CLUBS TWO DIAMONDS JACK,0.729,0.0406,0.2304
CLUBS THREE DIAMONDS JACK,0.7334,0.0382,0.2284
SPADES TEN CLUBS FIVE,0.6986,0.0106,0.2908
HEARTS SIX SPADES TEN,0.6878,0.0104,0.3018
CLUBS SEVEN CLUBS ACE,0.408,0.0038,0.5882
SPADES TEN DIAMONDS THREE,0.6984,0.009,0.2926
CLUBS SEVEN CLUBS QUEEN,0.638,0.0872,0.2748
CLUBS SEVEN CLUBS KING,0.4156,0.0046,0.5798
SPADES NINE DIAMONDS JACK,0.7184,0.0372,0.2444
CLUBS TEN CLUBS SEVEN,0.6266,0.0108,0.3626
DIAMONDS ACE HEARTS ACE,0.1486,0.0026,0.8488
HEARTS FOUR HEARTS ACE,0.4174,0.0044,0.5782
SPADES EIGHT DIAMONDS JACK,0.727,0.0414,0.2316
SPADES ACE HEARTS SIX,0.4404,0.0034,0.5562
CLUBS SEVEN CLUBS JACK,0.6886,0.0402,0.2712
DIAMONDS ACE HEARTS KING,0.3506,0.005,0.6444
HEARTS FOUR HEARTS KING,0.4172,0.0084,0.5744
SPADES SEVEN DIAMONDS JACK,0.747,0.0382,0.2148
SPADES KING HEARTS SIX,0.4492,0.0052,0.5456
SPADES SIX DIAMONDS JACK,0.7298,0.0432,0.227
SPADES QUEEN HEARTS SIX,0.6806,0.0908,0.2286
SPADES TWO DIAMONDS TEN,0.6972,0.011,0.2918
SPADES THREE DIAMONDS TEN,0.6934,0.0084,0.2982
SPADES FOUR DIAMONDS TEN,0.7026,0.0084,0.289
SPADES FIVE DIAMONDS TEN,0.6898,0.0116,0.2986
SPADES SIX DIAMONDS TEN,0.6912,0.0116,0.2972
SPADES SEVEN DIAMONDS TEN,0.6616,0.0094,0.329
SPADES EIGHT DIAMONDS TEN,0.6538,0.01,0.3362
SPADES NINE DIAMONDS TEN,0.6426,0.0126,0.3448
CLUBS FOUR DIAMONDS TEN,0.6894,0.01,0.3006
CLUBS FIVE DIAMONDS TEN,0.6844,0.008,0.3076
CLUBS SIX DIAMONDS TEN,0.673,0.0064,0.3206
CLUBS SEVEN DIAMONDS TEN,0.6612,0.012,0.3268
CLUBS EIGHT DIAMONDS TEN,0.6528,0.008,0.3392
CLUBS NINE DIAMONDS TEN,0.636,0.01,0.354
DIAMONDS THREE CLUBS JACK,0.7302,0.0378,0.232
CLUBS TEN DIAMONDS THREE,0.6858,0.0072,0.307
DIAMONDS THREE CLUBS KING,0.43,0.0058,0.5642
DIAMONDS THREE CLUBS QUEEN,0.6746,0.0858,0.2396
DIAMONDS THREE CLUBS ACE,0.4404,0.0046,0.555
SPADES FOUR HEARTS JACK,0.7302,0.048,0.2218
SPADES FOUR HEARTS TEN,0.686,0.0098,0.3042
SPADES FIVE SPADES TWO,0.6244,0.0118,0.3638
SPADES FOUR SPADES TWO,0.6214,0.01,0.3686
SPADES THREE SPADES TWO,0.633,0.014,0.353
SPADES NINE SPADES TWO,0.6502,0.0094,0.3404
SPADES EIGHT SPADES TWO,0.6524,0.0118,0.3358
SPADES SEVEN SPADES TWO,0.6452,0.0098,0.345
SPADES SIX SPADES TWO,0.6368,0.0124,0.3508
DIAMONDS QUEEN CLUBS THREE,0.6758,0.0962,0.228
CLUBS THREE HEARTS TWO,0.6612,0.0102,0.3286
DIAMONDS QUEEN CLUBS TWO,0.6876,0.09,0.2224
HEARTS TWO CLUBS TWO,0.47,0.0164,0.5136
DIAMONDS QUEEN HEARTS SEVEN,0.6884,0.0872,0.2244
HEARTS TWO HEARTS SEVEN,0.643,0.0108,0.3462
HEARTS SIX DIAMONDS QUEEN,0.6758,0.092,0.2322
HEARTS SIX HEARTS TWO,0.6332,0.01,0.3568
DIAMONDS QUEEN HEARTS NINE,0.675,0.0872,0.2378
HEARTS TWO HEARTS NINE,0.6432,0.0102,0.3466
DIAMONDS QUEEN HEARTS EIGHT,0.6796,0.0836,0.2368
HEARTS TWO HEARTS EIGHT,0.6492,0.0082,0.3426
CLUBS NINE HEARTS TWO,0.685,0.0076,0.3074
CLUBS NINE DIAMONDS QUEEN,0.6742,0.0834,0.2424
CLUBS EIGHT HEARTS TWO,0.6698,0.0104,0.3198
CLUBS EIGHT DIAMONDS QUEEN,0.6696,0.0882,0.2422
CLUBS FIVE DIAMONDS QUEEN,0.6596,0.0894,0.251
CLUBS FIVE HEARTS TWO,0.6404,0.0098,0.3498
SPADES EIGHT HEARTS ACE,0.4246,0.0036,0.5718
DIAMONDS QUEEN CLUBS FOUR,0.6772,0.0944,0.2284
HEARTS TWO CLUBS FOUR,0.643,0.0138,0.3432
CLUBS SEVEN DIAMONDS QUEEN,0.6886,0.0796,0.2318
CLUBS SEVEN HEARTS TWO,0.6812,0.0092,0.3096
CLUBS SIX DIAMONDS QUEEN,0.6648,0.0896,0.2456
CLUBS SIX HEARTS TWO,0.6488,0.0118,0.3394
SPADES EIGHT HEARTS KING,0.4256,0.0078,0.5666
DIAMONDS QUEEN SPADES SIX,0.6708,0.0934,0.2358
HEARTS TWO SPADES SIX,0.6772,0.0114,0.3114
HEARTS FOUR CLUBS QUEEN,0.6752,0.0944,0.2304
DIAMONDS ACE CLUBS QUEEN,0.265,0.0118,0.7232
DIAMONDS QUEEN SPADES SEVEN,0.6652,0.0938,0.241
SPADES SEVEN HEARTS TWO,0.685,0.0108,0.3042
HEARTS FOUR CLUBS KING,0.4408,0.0076,0.5516
DIAMONDS ACE CLUBS KING,0.3478,0.0046,0.6476
SPADES EIGHT DIAMONDS QUEEN,0.6844,0.089,0.2266
SPADES EIGHT HEARTS TWO,0.6872,0.0102,0.3026
HEARTS FOUR CLUBS ACE,0.4304,0.0056,0.564
DIAMONDS ACE CLUBS ACE,0.1522,0.0038,0.844
SPADES NINE DIAMONDS QUEEN,0.6786,0.0916,0.2298
SPADES NINE HEARTS TWO,0.6846,0.0144,0.301
HEARTS TWO SPADES TWO,0.4836,0.013,0.5034
DIAMONDS QUEEN SPADES TWO,0.6874,0.0916,0.221
HEARTS TWO SPADES THREE,0.6642,0.013,0.3228
DIAMONDS QUEEN SPADES THREE,0.6864,0.091,0.2226
HEARTS TWO SPADES FOUR,0.6522,0.0122,0.3356
DIAMONDS QUEEN SPADES FOUR,0.6766,0.086,0.2374
HEARTS FOUR CLUBS TEN,0.6938,0.0114,0.2948
CLUBS TEN DIAMONDS ACE,0.3982,0.0048,0.597
HEARTS TWO SPADES FIVE,0.657,0.0132,0.3298
DIAMONDS QUEEN SPADES FIVE,0.673,0.0932,0.2338
HEARTS FOUR CLUBS JACK,0.717,0.045,0.238
DIAMONDS ACE CLUBS JACK,0.2684,0.0176,0.714
CLUBS FIVE CLUBS KING,0.3944,0.0082,0.5974
CLUBS FIVE CLUBS QUEEN,0.6268,0.0782,0.295
CLUBS FIVE CLUBS ACE,0.4044,0.004,0.5916
CLUBS FIVE CLUBS JACK,0.6866,0.0392,0.2742
CLUBS TEN CLUBS FIVE,0.635,0.01,0.355
SPADES KING CLUBS JACK,0.2436,0.0262,0.7302
SPADES QUEEN CLUBS JACK,0.0102,0.9678,0.022
SPADES ACE CLUBS JACK,0.2652,0.0152,0.7196
SPADES SIX CLUBS KING,0.4316,0.0082,0.5602
SPADES SIX CLUBS QUEEN,0.6808,0.0858,0.2334
SPADES EIGHT HEARTS JACK,0.736,0.038,0.226
SPADES SIX CLUBS ACE,0.4438,0.0034,0.5528
SPADES EIGHT HEARTS TEN,0.657,0.0114,0.3316
SPADES SIX CLUBS JACK,0.7392,0.0382,0.2226
CLUBS TEN SPADES SIX,0.6672,0.0096,0.3232
SPADES TEN CLUBS JACK,0.721,0.037,0.242
SPADES QUEEN CLUBS SEVEN,0.6788,0.0912,0.23
SPADES KING CLUBS SEVEN,0.4352,0.0058,0.559
SPADES ACE CLUBS SEVEN,0.4394,0.004,0.5566
SPADES SIX HEARTS TEN,0.6828,0.0118,0.3054
SPADES SIX HEARTS JACK,0.7342,0.044,0.2218
SPADES SIX HEARTS ACE,0.415,0.0034,0.5816
SPADES SIX HEARTS KING,0.4388,0.009,0.5522
CLUBS SEVEN SPADES TEN,0.664,0.0112,0.3248
CLUBS TEN HEARTS SIX,0.6782,0.0088,0.313
HEARTS SIX CLUBS JACK,0.7326,0.039,0.2284
CLUBS ACE CLUBS JACK,0.258,0.0134,0.7286
HEARTS SIX CLUBS QUEEN,0.6798,0.0938,0.2264
HEARTS SIX CLUBS KING,0.4318,0.0054,0.5628
HEARTS SIX CLUBS ACE,0.4358,0.0026,0.5616
CLUBS QUEEN CLUBS JACK,0.024,0.9064,0.0696
CLUBS KING CLUBS JACK,0.241,0.0218,0.7372
DIAMONDS THREE HEARTS ACE,0.428,0.0062,0.5658
DIAMONDS THREE HEARTS KING,0.4322,0.0064,0.5614
CLUBS FIVE HEARTS JACK,0.7316,0.042,0.2264
HEARTS FOUR SPADES TEN,0.698,0.011,0.291
SPADES TEN DIAMONDS ACE,0.4212,0.0046,0.5742
CLUBS FIVE HEARTS TEN,0.6864,0.0102,0.3034
SPADES ACE HEARTS FOUR,0.4224,0.0064,0.5712
SPADES ACE DIAMONDS ACE,0.1474,0.0034,0.8492
CLUBS FIVE HEARTS ACE,0.4202,0.0048,0.575
CLUBS FIVE HEARTS KING,0.4414,0.0076,0.551
HEARTS FOUR SPADES QUEEN,0.6734,0.086,0.2406
SPADES QUEEN DIAMONDS ACE,0.2446,0.016,0.7394
SPADES FOUR CLUBS JACK,0.7242,0.0444,0.2314
SPADES KING DIAMONDS ACE,0.34,0.0046,0.6554
HEARTS FOUR SPADES KING,0.4318,0.0088,0.5594
CLUBS TEN SPADES FOUR,0.6856,0.01,0.3044
DIAMONDS QUEEN DIAMONDS ACE,0.2446,0.0126,0.7428
HEARTS TWO DIAMONDS ACE,0.4392,0.0046,0.5562
HEARTS FOUR DIAMONDS QUEEN,0.6854,0.0922,0.2224
HEARTS FOUR HEARTS TWO,0.6198,0.0132,0.367
DIAMONDS THREE HEARTS TEN,0.7012,0.0084,0.2904
SPADES FOUR CLUBS KING,0.4392,0.0076,0.5532
HEARTS FIVE DIAMONDS QUEEN,0.6674,0.0922,0.2404
HEARTS FIVE HEARTS TWO,0.6192,0.012,0.3688
DIAMONDS THREE HEARTS JACK,0.722,0.0448,0.2332
SPADES FOUR CLUBS QUEEN,0.6618,0.0984,0.2398
DIAMONDS QUEEN HEARTS TWO,0.6896,0.0866,0.2238
DIAMONDS KING DIAMONDS QUEEN,0.2346,0.028,0.7374
DIAMONDS KING HEARTS TWO,0.4474,0.0068,0.5458
HEARTS THREE DIAMONDS QUEEN,0.7036,0.083,0.2134
HEARTS THREE HEARTS TWO,0.6258,0.0106,0.3636
SPADES FOUR CLUBS ACE,0.4442,0.004,0.5518
HEARTS TWO CLUBS ACE,0.4338,0.0032,0.563
DIAMONDS QUEEN CLUBS ACE,0.2622,0.0114,0.7264
HEARTS TWO CLUBS QUEEN,0.686,0.0904,0.2236
DIAMONDS QUEEN CLUBS QUEEN,0.1342,0.0206,0.8452
HEARTS TWO CLUBS KING,0.4412,0.006,0.5528
DIAMONDS QUEEN CLUBS KING,0.2488,0.0226,0.7286
SPADES EIGHT SPADES FIVE,0.6308,0.0104,0.3588
CLUBS TEN HEARTS TWO,0.709,0.0078,0.2832
CLUBS TEN DIAMONDS QUEEN,0.6688,0.0934,0.2378
SPADES NINE SPADES FIVE,0.6346,0.01,0.3554
HEARTS TWO CLUBS JACK,0.7428,0.0426,0.2146
DIAMONDS QUEEN CLUBS JACK,0.023,0.9574,0.0196
SPADES SIX SPADES FIVE,0.589,0.0088,0.4022
SPADES SEVEN SPADES FIVE,0.6184,0.0104,0.3712
DIAMONDS FIVE CLUBS QUEEN,0.6596,0.0936,0.2468
SPADES EIGHT CLUBS ACE,0.4348,0.0042,0.561
DIAMONDS FIVE CLUBS KING,0.435,0.0056,0.5594
SPADES EIGHT CLUBS KING,0.4404,0.007,0.5526
CLUBS ACE DIAMONDS FIVE,0.4322,0.0024,0.5654
SPADES EIGHT CLUBS QUEEN,0.6998,0.0852,0.215
SPADES EIGHT CLUBS JACK,0.7178,0.0386,0.2436
CLUBS TEN SPADES EIGHT,0.6502,0.0098,0.34
CLUBS TEN DIAMONDS FIVE,0.6732,0.0108,0.316
DIAMONDS FIVE CLUBS JACK,0.7224,0.0374,0.2402
HEARTS JACK DIAMONDS TEN,0.73,0.0416,0.2284
DIAMONDS TEN HEARTS TEN,0.4346,0.008,0.5574
SPADES ACE CLUBS NINE,0.4278,0.0028,0.5694
CLUBS NINE SPADES QUEEN,0.6638,0.0922,0.244
CLUBS NINE SPADES KING,0.4224,0.007,0.5706
HEARTS SIX HEARTS KING,0.4128,0.0076,0.5796
DIAMONDS KING SPADES SEVEN,0.4424,0.006,0.5516
HEARTS THREE SPADES SEVEN,0.6728,0.008,0.3192
SPADES KING DIAMONDS SEVEN,0.4482,0.0068,0.545
DIAMONDS KING SPADES SIX,0.4388,0.0056,0.5556
