opposingHand,winningChance,drawChance,lostChance
SPADES TWO DIAMONDS SEVEN
HEARTS FIVE SPADES TEN,0.3426,0.0272,0.6302
HEARTS FIVE SPADES JACK,0.3446,0.019,0.6364
SPADES FIVE CLUBS JACK,0.3492,0.0208,0.63
CLUBS TEN SPADES FIVE,0.3388,0.0294,0.6318
CLUBS EIGHT CLUBS JACK,0.2952,0.0148,0.69
CLUBS TEN CLUBS EIGHT,0.2856,0.026,0.6884
CLUBS EIGHT CLUBS KING,0.3002,0.0102,0.6896
SPADES FIVE CLUBS ACE,0.3288,0.0066,0.6646
CLUBS EIGHT CLUBS QUEEN,0.3072,0.0118,0.681
SPADES FIVE CLUBS KING,0.3544,0.0076,0.638
SPADES FIVE CLUBS QUEEN,0.3382,0.0138,0.648
CLUBS EIGHT CLUBS ACE,0.2974,0.007,0.6956
DIAMONDS TWO DIAMONDS THREE,0.5304,0.1928,0.2768
DIAMONDS TWO DIAMONDS FIVE,0.521,0.1894,0.2896
HEARTS FIVE SPADES KING,0.3458,0.0068,0.6474
DIAMONDS TWO DIAMONDS FOUR,0.5178,0.1864,0.2958
HEARTS FIVE SPADES QUEEN,0.3382,0.0112,0.6506
DIAMONDS TWO DIAMONDS SIX,0.5466,0.1866,0.2668
SPADES ACE HEARTS FIVE,0.3448,0.0044,0.6508
DIAMONDS TWO DIAMONDS NINE,0.2186,0.104,0.6774
DIAMONDS TWO DIAMONDS EIGHT,0.2214,0.1362,0.6424
DIAMONDS THREE DIAMONDS FOUR,0.4522,0.1068,0.441
CLUBS TWO SPADES FOUR,0.535,0.1958,0.2692
DIAMONDS THREE DIAMONDS FIVE,0.4556,0.103,0.4414
SPADES FIVE CLUBS TWO,0.534,0.205,0.261
CLUBS TWO SPADES THREE,0.5384,0.1998,0.2618
DIAMONDS THREE DIAMONDS EIGHT,0.3426,0.0674,0.59
SPADES EIGHT CLUBS TWO,0.2252,0.1482,0.6266
DIAMONDS THREE DIAMONDS NINE,0.3354,0.0434,0.6212
SPADES NINE CLUBS TWO,0.2374,0.1042,0.6584
DIAMONDS THREE DIAMONDS SIX,0.4712,0.106,0.4228
SPADES SIX CLUBS TWO,0.571,0.1822,0.2468
SPADES SEVEN CLUBS TWO,0.0088,0.9698,0.0214
CLUBS SIX CLUBS TWO,0.5276,0.1898,0.2826
CLUBS SEVEN CLUBS TWO,0.0206,0.9094,0.07
CLUBS FOUR CLUBS TWO,0.498,0.1876,0.3144
CLUBS FIVE CLUBS TWO,0.4944,0.1992,0.3064
CLUBS TEN CLUBS JACK,0.2862,0.0136,0.7002
DIAMONDS FOUR DIAMONDS SIX,0.4644,0.0962,0.4394
CLUBS TEN CLUBS QUEEN,0.3002,0.0122,0.6876
CLUBS TEN CLUBS KING,0.2892,0.0086,0.7022
CLUBS TEN CLUBS ACE,0.2946,0.0052,0.7002
CLUBS EIGHT CLUBS TWO,0.2314,0.1344,0.6342
DIAMONDS FIVE DIAMONDS FOUR,0.4378,0.107,0.4552
CLUBS NINE CLUBS TWO,0.2166,0.0988,0.6846
DIAMONDS NINE DIAMONDS FOUR,0.3238,0.0458,0.6304
DIAMONDS FOUR DIAMONDS EIGHT,0.3258,0.0662,0.608
CLUBS THREE CLUBS TWO,0.5046,0.1908,0.3046
DIAMONDS NINE DIAMONDS FIVE,0.3256,0.0396,0.6348
DIAMONDS TWO CLUBS JACK,0.249,0.047,0.704
DIAMONDS FIVE DIAMONDS EIGHT,0.3176,0.0634,0.619
CLUBS TEN DIAMONDS TWO,0.2422,0.0736,0.6842
DIAMONDS FIVE DIAMONDS SIX,0.4394,0.102,0.4586
DIAMONDS TWO CLUBS ACE,0.2452,0.0138,0.741
DIAMONDS TWO CLUBS KING,0.2468,0.0288,0.7244
DIAMONDS TWO CLUBS QUEEN,0.2398,0.0296,0.7306
DIAMONDS EIGHT DIAMONDS SIX,0.2932,0.0644,0.6424
DIAMONDS NINE DIAMONDS SIX,0.3016,0.0436,0.6548
HEARTS ACE SPADES THREE,0.3436,0.0042,0.6522
SPADES THREE HEARTS KING,0.3548,0.0086,0.6366
HEARTS QUEEN SPADES THREE,0.3508,0.0134,0.6358
SPADES THREE HEARTS JACK,0.3526,0.0218,0.6256
SPADES THREE HEARTS TEN,0.349,0.0272,0.6238
DIAMONDS NINE DIAMONDS EIGHT,0.2766,0.0426,0.6808
DIAMONDS KING HEARTS TEN,0.3104,0.0084,0.6812
HEARTS THREE HEARTS TEN,0.3396,0.0276,0.6328
SPADES JACK CLUBS SIX,0.3454,0.0224,0.6322
DIAMONDS KING HEARTS JACK,0.3094,0.0072,0.6834
HEARTS THREE HEARTS JACK,0.3322,0.0178,0.65
SPADES TEN CLUBS SIX,0.3438,0.0242,0.632
SPADES JACK SPADES FIVE,0.3292,0.0192,0.6516
SPADES TEN SPADES FIVE,0.3418,0.025,0.6332
DIAMONDS KING HEARTS ACE,0.3078,0.0054,0.6868
HEARTS THREE HEARTS ACE,0.327,0.005,0.668
SPADES ACE CLUBS SIX,0.3386,0.0052,0.6562
DIAMONDS KING HEARTS QUEEN,0.3238,0.0074,0.6688
HEARTS THREE HEARTS QUEEN,0.3294,0.0168,0.6538
SPADES KING CLUBS SIX,0.3464,0.0088,0.6448
DIAMONDS KING HEARTS KING,0.1212,0.0212,0.8576
HEARTS THREE HEARTS KING,0.3282,0.01,0.6618
SPADES QUEEN CLUBS SIX,0.3406,0.0112,0.6482
SPADES NINE HEARTS TEN,0.3088,0.0224,0.6688
SPADES NINE HEARTS JACK,0.3102,0.014,0.6758
SPADES QUEEN SPADES FIVE,0.333,0.0142,0.6528
SPADES KING SPADES FIVE,0.3218,0.0086,0.6696
SPADES ACE SPADES FIVE,0.3182,0.0062,0.6756
SPADES NINE HEARTS QUEEN,0.3074,0.013,0.6796
SPADES NINE HEARTS KING,0.3148,0.0082,0.677
SPADES NINE HEARTS ACE,0.3148,0.0048,0.6804
CLUBS TEN SPADES JACK,0.301,0.0176,0.6814
CLUBS TEN SPADES TEN,0.1182,0.0572,0.8246
SPADES ACE CLUBS TEN,0.3052,0.0046,0.6902
SPADES KING CLUBS TEN,0.3126,0.0074,0.68
CLUBS TEN SPADES QUEEN,0.305,0.0124,0.6826
SPADES FIVE HEARTS QUEEN,0.3432,0.0158,0.641
SPADES FIVE HEARTS KING,0.3524,0.0078,0.6398
HEARTS ACE SPADES FIVE,0.3296,0.0056,0.6648
CLUBS EIGHT SPADES TEN,0.3052,0.0262,0.6686
SPADES JACK HEARTS THREE,0.3434,0.0198,0.6368
SPADES JACK DIAMONDS KING,0.3134,0.0102,0.6764
SPADES TEN DIAMONDS KING,0.3096,0.0092,0.6812
SPADES TEN HEARTS THREE,0.3406,0.0294,0.63
SPADES JACK CLUBS EIGHT,0.312,0.0166,0.6714
CLUBS SIX HEARTS ACE,0.3532,0.0052,0.6416
SPADES ACE CLUBS EIGHT,0.3134,0.0052,0.6814
HEARTS FIVE CLUBS JACK,0.356,0.0182,0.6258
HEARTS FIVE CLUBS TEN,0.3596,0.0294,0.611
CLUBS SIX HEARTS QUEEN,0.3476,0.013,0.6394
SPADES QUEEN CLUBS EIGHT,0.3182,0.0152,0.6666
CLUBS TEN SPADES THREE,0.355,0.0294,0.6156
CLUBS SIX HEARTS KING,0.3464,0.009,0.6446
SPADES KING CLUBS EIGHT,0.3142,0.0072,0.6786
SPADES THREE CLUBS JACK,0.3528,0.0228,0.6244
DIAMONDS TWO HEARTS JACK,0.2388,0.0524,0.7088
SPADES THREE CLUBS QUEEN,0.3416,0.0116,0.6468
DIAMONDS TWO HEARTS TEN,0.2388,0.0746,0.6866
SPADES THREE CLUBS KING,0.3666,0.0086,0.6248
HEARTS FIVE CLUBS ACE,0.3328,0.0048,0.6624
SPADES FIVE HEARTS TEN,0.3518,0.0328,0.6154
SPADES THREE CLUBS ACE,0.3374,0.0054,0.6572
HEARTS FIVE CLUBS KING,0.3484,0.0082,0.6434
SPADES FIVE HEARTS JACK,0.342,0.0212,0.6368
HEARTS FIVE CLUBS QUEEN,0.3434,0.0158,0.6408
HEARTS THREE CLUBS KING,0.3638,0.0086,0.6276
DIAMONDS KING CLUBS KING,0.1162,0.022,0.8618
HEARTS THREE CLUBS QUEEN,0.352,0.012,0.636
DIAMONDS KING CLUBS QUEEN,0.3228,0.0052,0.672
HEARTS FIVE HEARTS JACK,0.3256,0.0164,0.658
HEARTS FIVE HEARTS TEN,0.3308,0.0324,0.6368
HEARTS THREE CLUBS ACE,0.3362,0.0034,0.6604
DIAMONDS KING CLUBS ACE,0.3276,0.0048,0.6676
SPADES ACE CLUBS QUEEN,0.3202,0.005,0.6748
SPADES KING CLUBS QUEEN,0.304,0.0052,0.6908
HEARTS THREE CLUBS JACK,0.3666,0.0204,0.613
DIAMONDS KING CLUBS JACK,0.3162,0.0086,0.6752
SPADES QUEEN CLUBS QUEEN,0.1204,0.0314,0.8482
CLUBS TEN HEARTS THREE,0.3528,0.0336,0.6136
CLUBS TEN DIAMONDS KING,0.3164,0.0082,0.6754
SPADES JACK CLUBS QUEEN,0.3078,0.0074,0.6848
CLUBS SIX CLUBS QUEEN,0.3178,0.013,0.6692
SPADES TEN CLUBS QUEEN,0.3044,0.011,0.6846
CLUBS SIX CLUBS KING,0.3324,0.0082,0.6594
CLUBS SIX CLUBS ACE,0.343,0.005,0.652
HEARTS FIVE HEARTS KING,0.3318,0.007,0.6612
HEARTS FIVE HEARTS QUEEN,0.3374,0.0128,0.6498
CLUBS TEN CLUBS SIX,0.3126,0.0256,0.6618
HEARTS FIVE HEARTS ACE,0.3232,0.004,0.6728
CLUBS SIX CLUBS JACK,0.3248,0.0192,0.656
SPADES SEVEN HEARTS JACK,0.221,0.0666,0.7124
SPADES SEVEN HEARTS TEN,0.201,0.0802,0.7188
DIAMONDS TWO CLUBS TWO,0.248,0.0818,0.6702
DIAMONDS TWO CLUBS THREE,0.5492,0.1938,0.257
DIAMONDS TWO HEARTS SIX,0.5678,0.1908,0.2414
DIAMONDS TWO HEARTS QUEEN,0.234,0.0406,0.7254
HEARTS SEVEN DIAMONDS TWO,0.0188,0.9692,0.012
DIAMONDS TWO HEARTS KING,0.2466,0.028,0.7254
DIAMONDS TWO HEARTS EIGHT,0.244,0.1364,0.6196
DIAMONDS TWO HEARTS ACE,0.2454,0.0116,0.743
DIAMONDS TWO HEARTS NINE,0.243,0.0926,0.6644
DIAMONDS TWO DIAMONDS QUEEN,0.234,0.0406,0.7254
DIAMONDS TWO HEARTS TWO,0.2588,0.0838,0.6574
DIAMONDS TWO DIAMONDS KING,0.2322,0.0254,0.7424
DIAMONDS TWO HEARTS THREE,0.5552,0.195,0.2498
DIAMONDS TWO DIAMONDS ACE,0.2348,0.016,0.7492
HEARTS FOUR DIAMONDS TWO,0.5524,0.1956,0.252
HEARTS FIVE DIAMONDS TWO,0.5506,0.1798,0.2696
SPADES SEVEN HEARTS ACE,0.2092,0.034,0.7568
DIAMONDS TWO DIAMONDS TEN,0.2358,0.0676,0.6966
SPADES SEVEN HEARTS KING,0.2204,0.0426,0.737
DIAMONDS TWO DIAMONDS JACK,0.2302,0.0522,0.7176
SPADES SEVEN HEARTS QUEEN,0.2196,0.0502,0.7302
DIAMONDS TWO SPADES NINE,0.2252,0.1046,0.6702
DIAMONDS TWO SPADES EIGHT,0.2288,0.14,0.6312
DIAMONDS TWO SPADES SEVEN,0.0082,0.9848,0.007
DIAMONDS TWO SPADES SIX,0.5582,0.1926,0.2492
DIAMONDS TWO SPADES FIVE,0.5366,0.1948,0.2686
DIAMONDS TWO SPADES FOUR,0.5306,0.204,0.2654
DIAMONDS TWO SPADES THREE,0.5496,0.2024,0.248
CLUBS NINE DIAMONDS TWO,0.2486,0.1034,0.648
DIAMONDS TWO CLUBS EIGHT,0.2334,0.1426,0.624
CLUBS SEVEN DIAMONDS TWO,0.0154,0.9768,0.0078
DIAMONDS TWO CLUBS SIX,0.5588,0.2008,0.2404
DIAMONDS TWO CLUBS FIVE,0.552,0.1954,0.2526
DIAMONDS TWO CLUBS FOUR,0.5438,0.1972,0.259
CLUBS FOUR SPADES FIVE,0.4576,0.1096,0.4328
CLUBS FOUR SPADES FOUR,0.238,0.1202,0.6418
CLUBS FOUR SPADES THREE,0.479,0.107,0.414
SPADES NINE CLUBS FOUR,0.3502,0.0468,0.603
SPADES EIGHT CLUBS FOUR,0.3384,0.0664,0.5952
SPADES SEVEN CLUBS FOUR,0.2098,0.491,0.2992
CLUBS FOUR SPADES SIX,0.4816,0.1026,0.4158
SPADES ACE DIAMONDS SIX,0.3376,0.0052,0.6572
SPADES QUEEN DIAMONDS SIX,0.348,0.0134,0.6386
SPADES KING DIAMONDS SIX,0.3494,0.008,0.6426
SPADES TEN DIAMONDS SIX,0.3324,0.0274,0.6402
SPADES JACK DIAMONDS SIX,0.3622,0.0202,0.6176
DIAMONDS JACK CLUBS JACK,0.1222,0.0458,0.832
CLUBS TEN DIAMONDS JACK,0.2824,0.0174,0.7002
DIAMONDS JACK CLUBS KING,0.3214,0.0092,0.6694
DIAMONDS JACK CLUBS QUEEN,0.3158,0.014,0.6702
DIAMONDS THREE DIAMONDS JACK,0.334,0.0196,0.6464
DIAMONDS THREE DIAMONDS TEN,0.3442,0.0288,0.627
DIAMONDS JACK CLUBS ACE,0.3244,0.0038,0.6718
DIAMONDS THREE DIAMONDS KING,0.3302,0.0098,0.66
DIAMONDS THREE HEARTS THREE,0.2374,0.1302,0.6324
DIAMONDS THREE DIAMONDS QUEEN,0.343,0.0148,0.6422
DIAMONDS THREE HEARTS TWO,0.5446,0.2,0.2554
HEARTS FIVE DIAMONDS THREE,0.4894,0.1036,0.407
DIAMONDS THREE DIAMONDS ACE,0.3268,0.0066,0.6666
HEARTS FOUR DIAMONDS THREE,0.4838,0.1048,0.4114
HEARTS SEVEN DIAMONDS THREE,0.2142,0.5104,0.2754
SPADES TEN SPADES NINE,0.2892,0.022,0.6888
HEARTS SIX DIAMONDS THREE,0.4942,0.1048,0.401
SPADES JACK SPADES NINE,0.2988,0.0178,0.6834
DIAMONDS THREE HEARTS NINE,0.3546,0.0472,0.5982
HEARTS JACK DIAMONDS FOUR,0.3528,0.0182,0.629
HEARTS ACE HEARTS KING,0.3062,0.0062,0.6876
DIAMONDS THREE HEARTS EIGHT,0.3496,0.0734,0.577
HEARTS TEN DIAMONDS FOUR,0.344,0.0276,0.6284
HEARTS QUEEN DIAMONDS FOUR,0.361,0.0116,0.6274
HEARTS KING DIAMONDS FOUR,0.3564,0.0088,0.6348
SPADES ACE SPADES NINE,0.3024,0.0024,0.6952
HEARTS ACE DIAMONDS FOUR,0.3478,0.0058,0.6464
SPADES KING SPADES NINE,0.308,0.0094,0.6826
SPADES QUEEN SPADES NINE,0.2872,0.0112,0.7016
DIAMONDS THREE SPADES NINE,0.3508,0.0434,0.6058
DIAMONDS THREE SPADES EIGHT,0.3488,0.0736,0.5776
DIAMONDS THREE SPADES SEVEN,0.2138,0.5216,0.2646
DIAMONDS THREE SPADES SIX,0.49,0.1086,0.4014
DIAMONDS THREE CLUBS SIX,0.5042,0.11,0.3858
CLUBS FIVE CLUBS SIX,0.4434,0.0948,0.4618
CLUBS ACE DIAMONDS FOUR,0.3352,0.0052,0.6596
CLUBS SEVEN DIAMONDS THREE,0.2124,0.5262,0.2614
CLUBS SEVEN CLUBS FIVE,0.1998,0.407,0.3932
DIAMONDS THREE CLUBS FOUR,0.4914,0.1108,0.3978
DIAMONDS FOUR CLUBS QUEEN,0.3654,0.0142,0.6204
DIAMONDS THREE CLUBS FIVE,0.4908,0.1056,0.4036
CLUBS KING DIAMONDS FOUR,0.3614,0.0106,0.628
DIAMONDS THREE CLUBS TWO,0.549,0.1942,0.2568
CLUBS TEN DIAMONDS FOUR,0.3448,0.0276,0.6276
DIAMONDS THREE CLUBS THREE,0.2508,0.1264,0.6228
DIAMONDS FOUR CLUBS JACK,0.3488,0.0202,0.631
DIAMONDS THREE SPADES FOUR,0.4862,0.112,0.4018
DIAMONDS THREE SPADES FIVE,0.4808,0.1146,0.4046
DIAMONDS THREE SPADES THREE,0.25,0.1308,0.6192
CLUBS EIGHT DIAMONDS THREE,0.3612,0.071,0.5678
CLUBS NINE DIAMONDS THREE,0.3534,0.0442,0.6024
SPADES SEVEN CLUBS ACE,0.2152,0.0308,0.754
SPADES SEVEN CLUBS QUEEN,0.2222,0.0506,0.7272
SPADES SEVEN CLUBS KING,0.2188,0.0434,0.7378
CLUBS FIVE SPADES SEVEN,0.2,0.4572,0.3428
CLUBS TEN SPADES SEVEN,0.2216,0.0792,0.6992
CLUBS FIVE SPADES SIX,0.452,0.1036,0.4444
SPADES SEVEN CLUBS JACK,0.213,0.066,0.721
CLUBS FIVE SPADES NINE,0.3414,0.0436,0.615
CLUBS FIVE SPADES EIGHT,0.3194,0.068,0.6126
CLUBS FIVE SPADES THREE,0.4934,0.106,0.4006
CLUBS FIVE SPADES FIVE,0.233,0.1088,0.6582
CLUBS FIVE SPADES FOUR,0.4668,0.106,0.4272
CLUBS NINE CLUBS FIVE,0.3268,0.044,0.6292
CLUBS EIGHT CLUBS FIVE,0.2966,0.0588,0.6446
CLUBS ACE CLUBS QUEEN,0.3092,0.0026,0.6882
CLUBS KING CLUBS QUEEN,0.3,0.0062,0.6938
DIAMONDS TEN DIAMONDS FOUR,0.33,0.0316,0.6384
CLUBS TEN DIAMONDS NINE,0.3072,0.0238,0.669
DIAMONDS JACK DIAMONDS FOUR,0.3324,0.0202,0.6474
DIAMONDS NINE CLUBS JACK,0.3068,0.0174,0.6758
SPADES NINE CLUBS JACK,0.2908,0.017,0.6922
CLUBS TEN SPADES NINE,0.295,0.0222,0.6828
DIAMONDS ACE DIAMONDS FOUR,0.3138,0.0046,0.6816
HEARTS FOUR DIAMONDS FOUR,0.246,0.1152,0.6388
DIAMONDS JACK HEARTS TEN,0.2916,0.0106,0.6978
SPADES NINE CLUBS KING,0.3108,0.0072,0.682
DIAMONDS TWO SPADES TEN,0.2414,0.074,0.6846
DIAMONDS NINE CLUBS ACE,0.3274,0.0056,0.667
HEARTS FIVE DIAMONDS FOUR,0.478,0.1138,0.4082
DIAMONDS JACK HEARTS JACK,0.1238,0.0448,0.8314
SPADES NINE CLUBS QUEEN,0.3156,0.0122,0.6722
DIAMONDS TWO SPADES JACK,0.2366,0.0512,0.7122
DIAMONDS QUEEN DIAMONDS FOUR,0.3312,0.0156,0.6532
HEARTS TWO DIAMONDS FOUR,0.5378,0.2034,0.2588
DIAMONDS NINE CLUBS QUEEN,0.3108,0.0094,0.6798
DIAMONDS KING DIAMONDS FOUR,0.3432,0.0092,0.6476
HEARTS THREE DIAMONDS FOUR,0.488,0.1072,0.4048
SPADES NINE CLUBS ACE,0.3068,0.0056,0.6876
DIAMONDS NINE CLUBS KING,0.3008,0.0092,0.69
HEARTS ACE DIAMONDS JACK,0.3152,0.0042,0.6806
SPADES ACE DIAMONDS TWO,0.2328,0.0124,0.7548
HEARTS QUEEN DIAMONDS JACK,0.3072,0.011,0.6818
SPADES QUEEN DIAMONDS TWO,0.2412,0.0386,0.7202
HEARTS KING DIAMONDS JACK,0.3174,0.0052,0.6774
SPADES KING DIAMONDS TWO,0.2424,0.026,0.7316
SPADES JACK SPADES SEVEN,0.2176,0.0648,0.7176
SPADES TEN SPADES SEVEN,0.2192,0.0786,0.7022
CLUBS SEVEN CLUBS THREE,0.2044,0.4838,0.3118
CLUBS SIX CLUBS THREE,0.47,0.1008,0.4292
CLUBS FIVE CLUBS THREE,0.4558,0.094,0.4502
CLUBS THREE CLUBS FOUR,0.451,0.1016,0.4474
CLUBS NINE CLUBS THREE,0.3358,0.0424,0.6218
CLUBS EIGHT CLUBS THREE,0.3292,0.0692,0.6016
CLUBS THREE SPADES FIVE,0.4704,0.1058,0.4238
CLUBS THREE SPADES FOUR,0.4626,0.112,0.4254
CLUBS THREE SPADES THREE,0.2312,0.1232,0.6456
CLUBS THREE SPADES SIX,0.479,0.1068,0.4142
CLUBS THREE SPADES SEVEN,0.208,0.5116,0.2804
SPADES EIGHT CLUBS THREE,0.3464,0.0652,0.5884
SPADES NINE CLUBS THREE,0.3348,0.0496,0.6156
SPADES THREE DIAMONDS FOUR,0.4892,0.1016,0.4092
SPADES FOUR DIAMONDS FOUR,0.2276,0.1332,0.6392
SPADES FIVE DIAMONDS FOUR,0.4658,0.1048,0.4294
SPADES SIX DIAMONDS FOUR,0.4796,0.1066,0.4138
SPADES SEVEN DIAMONDS FOUR,0.2056,0.498,0.2964
SPADES EIGHT DIAMONDS FOUR,0.326,0.0744,0.5996
SPADES NINE DIAMONDS FOUR,0.3428,0.0452,0.612
CLUBS FIVE DIAMONDS FOUR,0.4588,0.1104,0.4308
CLUBS FOUR DIAMONDS FOUR,0.2352,0.1298,0.635
CLUBS SEVEN DIAMONDS FOUR,0.216,0.4984,0.2856
CLUBS SIX DIAMONDS FOUR,0.4922,0.1038,0.404
CLUBS NINE DIAMONDS FOUR,0.3518,0.0492,0.599
CLUBS EIGHT DIAMONDS FOUR,0.3346,0.0712,0.5942
HEARTS SEVEN DIAMONDS FOUR,0.2184,0.494,0.2876
HEARTS SIX DIAMONDS FOUR,0.4752,0.1086,0.4162
DIAMONDS FOUR HEARTS NINE,0.336,0.0396,0.6244
DIAMONDS FOUR HEARTS EIGHT,0.3294,0.0696,0.601
CLUBS THREE DIAMONDS FOUR,0.4782,0.1096,0.4122
CLUBS TWO DIAMONDS FOUR,0.5446,0.1938,0.2616
DIAMONDS TEN DIAMONDS FIVE,0.3454,0.028,0.6266
DIAMONDS JACK DIAMONDS FIVE,0.3282,0.0182,0.6536
DIAMONDS NINE HEARTS QUEEN,0.3126,0.0118,0.6756
DIAMONDS NINE HEARTS KING,0.3208,0.0092,0.67
HEARTS ACE DIAMONDS NINE,0.3154,0.0052,0.6794
DIAMONDS NINE HEARTS TEN,0.2934,0.0274,0.6792
DIAMONDS NINE HEARTS JACK,0.303,0.0216,0.6754
CLUBS KING DIAMONDS SIX,0.3636,0.0074,0.629
CLUBS QUEEN DIAMONDS SIX,0.3502,0.0124,0.6374
CLUBS ACE DIAMONDS SIX,0.3416,0.0058,0.6526
SPADES KING DIAMONDS FOUR,0.3584,0.0092,0.6324
SPADES ACE SPADES SEVEN,0.2042,0.032,0.7638
SPADES QUEEN DIAMONDS FOUR,0.3524,0.0144,0.6332
SPADES QUEEN SPADES SEVEN,0.2158,0.0488,0.7354
CLUBS JACK DIAMONDS SIX,0.346,0.0202,0.6338
SPADES KING SPADES SEVEN,0.2116,0.0442,0.7442
SPADES ACE DIAMONDS FOUR,0.3374,0.008,0.6546
CLUBS TEN DIAMONDS SIX,0.357,0.0292,0.6138
CLUBS NINE CLUBS FOUR,0.3296,0.0446,0.6258
CLUBS EIGHT CLUBS FOUR,0.3272,0.0632,0.6096
SPADES JACK DIAMONDS FOUR,0.352,0.0226,0.6254
SPADES TEN DIAMONDS FOUR,0.3506,0.0292,0.6202
CLUBS FIVE CLUBS FOUR,0.4428,0.092,0.4652
CLUBS SEVEN CLUBS FOUR,0.2058,0.4766,0.3176
CLUBS SIX CLUBS FOUR,0.4518,0.1024,0.4458
CLUBS SEVEN SPADES EIGHT,0.2152,0.1392,0.6456
CLUBS SEVEN SPADES NINE,0.2192,0.1096,0.6712
CLUBS SEVEN SPADES SIX,0.198,0.3666,0.4354
CLUBS SEVEN SPADES SEVEN,0.055,0.0958,0.8492
CLUBS SEVEN SPADES FIVE,0.2,0.446,0.354
CLUBS SEVEN SPADES FOUR,0.2168,0.4922,0.291
CLUBS SEVEN SPADES THREE,0.2064,0.5224,0.2712
CLUBS NINE CLUBS SEVEN,0.2058,0.1054,0.6888
CLUBS SEVEN CLUBS EIGHT,0.1984,0.1404,0.6612
HEARTS SIX DIAMONDS FIVE,0.4736,0.1082,0.4182
HEARTS SEVEN DIAMONDS FIVE,0.2178,0.4406,0.3416
DIAMONDS FIVE HEARTS EIGHT,0.3378,0.0598,0.6024
DIAMONDS FIVE HEARTS NINE,0.336,0.0436,0.6204
DIAMONDS QUEEN DIAMONDS FIVE,0.3294,0.014,0.6566
HEARTS TWO DIAMONDS FIVE,0.5404,0.1988,0.2608
HEARTS KING HEARTS EIGHT,0.2996,0.0076,0.6928
DIAMONDS KING DIAMONDS FIVE,0.324,0.0086,0.6674
HEARTS THREE DIAMONDS FIVE,0.475,0.1118,0.4132
HEARTS QUEEN HEARTS EIGHT,0.2882,0.0128,0.699
DIAMONDS ACE DIAMONDS FIVE,0.3148,0.0062,0.679
HEARTS FOUR DIAMONDS FIVE,0.4616,0.1092,0.4292
HEARTS FIVE DIAMONDS FIVE,0.2368,0.1196,0.6436
HEARTS ACE HEARTS EIGHT,0.2974,0.004,0.6986
CLUBS FOUR DIAMONDS FIVE,0.4786,0.0996,0.4218
CLUBS FIVE DIAMONDS FIVE,0.2332,0.1176,0.6492
CLUBS SIX DIAMONDS FIVE,0.4692,0.1012,0.4296
CLUBS SEVEN DIAMONDS FIVE,0.2088,0.4346,0.3566
CLUBS TWO DIAMONDS FIVE,0.544,0.2006,0.2554
CLUBS THREE DIAMONDS FIVE,0.4858,0.105,0.4092
SPADES THREE DIAMONDS FIVE,0.4796,0.1092,0.4112
SPADES JACK DIAMONDS EIGHT,0.3014,0.0154,0.6832
SPADES FIVE DIAMONDS FIVE,0.2246,0.1202,0.6552
CLUBS TEN HEARTS JACK,0.3116,0.0142,0.6742
SPADES TEN DIAMONDS EIGHT,0.3024,0.0314,0.6662
SPADES FOUR DIAMONDS FIVE,0.4638,0.1008,0.4354
HEARTS JACK CLUBS JACK,0.132,0.0454,0.8226
HEARTS JACK CLUBS QUEEN,0.3182,0.0102,0.6716
CLUBS NINE DIAMONDS FIVE,0.3318,0.0442,0.624
CLUBS KING HEARTS JACK,0.3236,0.0068,0.6696
CLUBS EIGHT DIAMONDS FIVE,0.3316,0.065,0.6034
CLUBS ACE HEARTS JACK,0.3186,0.0036,0.6778
SPADES SEVEN DIAMONDS FIVE,0.2,0.4602,0.3398
SPADES KING DIAMONDS EIGHT,0.315,0.008,0.677
SPADES QUEEN DIAMONDS EIGHT,0.3068,0.0132,0.68
SPADES SIX DIAMONDS FIVE,0.4618,0.1114,0.4268
SPADES NINE DIAMONDS FIVE,0.339,0.0382,0.6228
SPADES EIGHT DIAMONDS FIVE,0.317,0.0656,0.6174
SPADES ACE DIAMONDS EIGHT,0.3132,0.0046,0.6822
DIAMONDS TEN DIAMONDS SIX,0.337,0.0332,0.6298
DIAMONDS JACK DIAMONDS SIX,0.3268,0.0212,0.652
DIAMONDS ACE DIAMONDS SIX,0.3256,0.0054,0.669
HEARTS FOUR DIAMONDS SIX,0.4956,0.104,0.4004
HEARTS FIVE DIAMONDS SIX,0.4752,0.1006,0.4242
DIAMONDS QUEEN DIAMONDS SIX,0.3326,0.0122,0.6552
HEARTS TWO DIAMONDS SIX,0.5614,0.2046,0.234
DIAMONDS KING DIAMONDS SIX,0.323,0.0084,0.6686
HEARTS THREE DIAMONDS SIX,0.4964,0.1048,0.3988
HEARTS EIGHT DIAMONDS SIX,0.3284,0.0644,0.6072
HEARTS NINE DIAMONDS SIX,0.3284,0.0428,0.6288
HEARTS SIX DIAMONDS SIX,0.2326,0.1178,0.6496
HEARTS SEVEN DIAMONDS SIX,0.2102,0.3808,0.409
CLUBS TWO DIAMONDS SIX,0.5622,0.1888,0.249
CLUBS THREE DIAMONDS SIX,0.483,0.1076,0.4094
CLUBS SEVEN DIAMONDS SIX,0.2144,0.3722,0.4134
DIAMONDS EIGHT CLUBS JACK,0.3062,0.021,0.6728
CLUBS SIX DIAMONDS SIX,0.239,0.1012,0.6598
CLUBS TEN DIAMONDS EIGHT,0.2952,0.0262,0.6786
CLUBS FIVE DIAMONDS SIX,0.4646,0.0968,0.4386
CLUBS FOUR DIAMONDS SIX,0.4754,0.1068,0.4178
HEARTS ACE HEARTS JACK,0.3098,0.005,0.6852
CLUBS ACE DIAMONDS EIGHT,0.299,0.0038,0.6972
HEARTS QUEEN HEARTS JACK,0.2996,0.0084,0.692
CLUBS KING DIAMONDS EIGHT,0.3194,0.0068,0.6738
CLUBS NINE DIAMONDS SIX,0.3194,0.0468,0.6338
HEARTS KING HEARTS JACK,0.3018,0.0078,0.6904
CLUBS QUEEN DIAMONDS EIGHT,0.312,0.0136,0.6744
CLUBS EIGHT DIAMONDS SIX,0.322,0.0598,0.6182
SPADES TEN HEARTS KING,0.31,0.0068,0.6832
SPADES FIVE DIAMONDS SIX,0.4626,0.107,0.4304
SPADES JACK HEARTS KING,0.3238,0.007,0.6692
SPADES FOUR DIAMONDS SIX,0.4742,0.1076,0.4182
SPADES THREE DIAMONDS SIX,0.4934,0.108,0.3986
SPADES ACE SPADES KING,0.3188,0.0054,0.6758
HEARTS TEN HEARTS EIGHT,0.2808,0.0222,0.697
SPADES NINE DIAMONDS SIX,0.3308,0.047,0.6222
HEARTS JACK HEARTS EIGHT,0.2852,0.016,0.6988
SPADES EIGHT DIAMONDS SIX,0.322,0.0648,0.6132
SPADES SEVEN DIAMONDS SIX,0.2128,0.3768,0.4104
SPADES SIX DIAMONDS SIX,0.232,0.1068,0.6612
SPADES KING HEARTS KING,0.1254,0.0206,0.854
SPADES QUEEN HEARTS KING,0.3156,0.0078,0.6766
CLUBS ACE CLUBS KING,0.287,0.0036,0.7094
SPADES ACE HEARTS KING,0.3244,0.0028,0.6728
SPADES ACE HEARTS JACK,0.3118,0.0034,0.6848
SPADES QUEEN HEARTS JACK,0.31,0.0098,0.6802
SPADES KING HEARTS JACK,0.3194,0.0074,0.6732
SPADES TEN DIAMONDS TEN,0.1144,0.0648,0.8208
SPADES JACK DIAMONDS TEN,0.2928,0.0188,0.6884
SPADES ACE DIAMONDS TEN,0.3146,0.005,0.6804
SPADES JACK HEARTS JACK,0.1238,0.0384,0.8378
SPADES TEN HEARTS JACK,0.3028,0.0148,0.6824
SPADES QUEEN DIAMONDS TEN,0.3006,0.0122,0.6872
SPADES KING DIAMONDS TEN,0.3086,0.0084,0.683
HEARTS KING DIAMONDS FIVE,0.3526,0.0094,0.638
HEARTS QUEEN DIAMONDS FIVE,0.3448,0.013,0.6422
HEARTS ACE DIAMONDS FIVE,0.3376,0.0068,0.6556
DIAMONDS FIVE HEARTS JACK,0.3364,0.0176,0.646
HEARTS TEN DIAMONDS FIVE,0.3584,0.0256,0.616
SPADES KING CLUBS TWO,0.2296,0.0282,0.7422
HEARTS KING CLUBS KING,0.1328,0.0146,0.8526
SPADES QUEEN CLUBS TWO,0.2372,0.0384,0.7244
HEARTS KING CLUBS QUEEN,0.3204,0.0042,0.6754
SPADES ACE CLUBS TWO,0.2408,0.0106,0.7486
HEARTS KING CLUBS ACE,0.3204,0.0038,0.6758
CLUBS SEVEN CLUBS SIX,0.1946,0.3506,0.4548
CLUBS EIGHT CLUBS SIX,0.2968,0.0576,0.6456
CLUBS NINE CLUBS SIX,0.3072,0.0424,0.6504
HEARTS KING CLUBS JACK,0.3334,0.0052,0.6614
CLUBS TEN HEARTS KING,0.3248,0.007,0.6682
CLUBS SIX SPADES THREE,0.4982,0.1072,0.3946
CLUBS SIX SPADES FOUR,0.4762,0.098,0.4258
CLUBS SIX SPADES FIVE,0.445,0.0984,0.4566
CLUBS SIX SPADES SIX,0.2208,0.1046,0.6746
CLUBS SIX SPADES SEVEN,0.1984,0.3744,0.4272
CLUBS SIX SPADES EIGHT,0.3154,0.0656,0.619
SPADES JACK CLUBS TWO,0.2442,0.0542,0.7016
SPADES NINE CLUBS SIX,0.3304,0.042,0.6276
SPADES TEN CLUBS TWO,0.234,0.0738,0.6922
CLUBS TWO CLUBS QUEEN,0.2324,0.0318,0.7358
CLUBS TWO CLUBS KING,0.2258,0.0224,0.7518
CLUBS THREE DIAMONDS EIGHT,0.3606,0.064,0.5754
CLUBS TWO CLUBS ACE,0.2204,0.0104,0.7692
CLUBS TWO DIAMONDS EIGHT,0.224,0.1538,0.6222
HEARTS SEVEN DIAMONDS EIGHT,0.21,0.138,0.652
HEARTS SIX DIAMONDS EIGHT,0.3166,0.0698,0.6136
DIAMONDS EIGHT HEARTS NINE,0.2882,0.0418,0.67
CLUBS TEN CLUBS TWO,0.2272,0.067,0.7058
HEARTS EIGHT DIAMONDS EIGHT,0.1166,0.0848,0.7986
CLUBS TWO CLUBS JACK,0.224,0.0464,0.7296
CLUBS NINE DIAMONDS EIGHT,0.2854,0.0412,0.6734
CLUBS EIGHT DIAMONDS EIGHT,0.1294,0.081,0.7896
CLUBS FIVE DIAMONDS EIGHT,0.325,0.0606,0.6144
SPADES ACE SPADES THREE,0.33,0.0052,0.6648
CLUBS FOUR DIAMONDS EIGHT,0.3354,0.0694,0.5952
CLUBS SEVEN DIAMONDS EIGHT,0.212,0.1492,0.6388
SPADES QUEEN SPADES THREE,0.3402,0.0132,0.6466
CLUBS SIX DIAMONDS EIGHT,0.3158,0.0658,0.6184
SPADES KING SPADES THREE,0.3428,0.0088,0.6484
DIAMONDS QUEEN DIAMONDS EIGHT,0.2938,0.0136,0.6926
HEARTS TWO DIAMONDS EIGHT,0.2214,0.1448,0.6338
DIAMONDS KING DIAMONDS EIGHT,0.3082,0.006,0.6858
HEARTS THREE DIAMONDS EIGHT,0.3396,0.0694,0.591
DIAMONDS ACE DIAMONDS EIGHT,0.304,0.0046,0.6914
HEARTS FOUR DIAMONDS EIGHT,0.3388,0.067,0.5942
HEARTS FIVE DIAMONDS EIGHT,0.332,0.0666,0.6014
DIAMONDS TEN DIAMONDS EIGHT,0.293,0.0266,0.6804
DIAMONDS JACK DIAMONDS EIGHT,0.2954,0.0182,0.6864
SPADES JACK SPADES THREE,0.3282,0.0216,0.6502
SPADES TEN SPADES THREE,0.3452,0.0306,0.6242
CLUBS FOUR HEARTS ACE,0.3348,0.0064,0.6588
CLUBS FOUR HEARTS QUEEN,0.3368,0.0134,0.6498
CLUBS FOUR HEARTS KING,0.3614,0.0078,0.6308
CLUBS SIX HEARTS TEN,0.3364,0.0214,0.6422
CLUBS SIX HEARTS JACK,0.3644,0.0174,0.6182
SPADES FOUR DIAMONDS EIGHT,0.3318,0.0682,0.6
SPADES FIVE DIAMONDS EIGHT,0.3202,0.0664,0.6134
SPADES THREE DIAMONDS EIGHT,0.3518,0.0712,0.577
CLUBS FOUR HEARTS JACK,0.3628,0.0206,0.6166
SPADES EIGHT DIAMONDS EIGHT,0.1146,0.0846,0.8008
SPADES TEN DIAMONDS QUEEN,0.3042,0.0128,0.683
SPADES TEN HEARTS TWO,0.2318,0.0674,0.7008
SPADES JACK HEARTS EIGHT,0.3132,0.0194,0.6674
CLUBS FOUR HEARTS TEN,0.3466,0.0322,0.6212
SPADES NINE DIAMONDS EIGHT,0.2754,0.0438,0.6808
SPADES TEN HEARTS EIGHT,0.3,0.0272,0.6728
SPADES JACK HEARTS TWO,0.2414,0.0532,0.7054
SPADES JACK DIAMONDS QUEEN,0.3094,0.0126,0.678
SPADES SIX DIAMONDS EIGHT,0.3164,0.0628,0.6208
SPADES SEVEN DIAMONDS EIGHT,0.1974,0.1536,0.649
SPADES ACE HEARTS TWO,0.228,0.0108,0.7612
SPADES ACE DIAMONDS QUEEN,0.3072,0.0058,0.687
SPADES ACE HEARTS EIGHT,0.3076,0.0038,0.6886
SPADES KING HEARTS EIGHT,0.3202,0.006,0.6738
SPADES QUEEN HEARTS TWO,0.2456,0.0366,0.7178
SPADES QUEEN DIAMONDS QUEEN,0.1062,0.0274,0.8664
SPADES KING DIAMONDS QUEEN,0.3064,0.0076,0.686
SPADES KING HEARTS TWO,0.248,0.0276,0.7244
SPADES QUEEN HEARTS EIGHT,0.323,0.0134,0.6636
CLUBS TWO HEARTS TEN,0.2404,0.072,0.6876
CLUBS TWO HEARTS JACK,0.2378,0.0554,0.7068
SPADES SEVEN DIAMONDS NINE,0.2024,0.1202,0.6774
SPADES SIX DIAMONDS NINE,0.325,0.0468,0.6282
SPADES NINE DIAMONDS NINE,0.115,0.0762,0.8088
SPADES EIGHT DIAMONDS NINE,0.29,0.0436,0.6664
SPADES TEN CLUBS KING,0.3068,0.0076,0.6856
DIAMONDS NINE SPADES THREE,0.3444,0.0464,0.6092
SPADES JACK CLUBS KING,0.323,0.0076,0.6694
SPADES FIVE DIAMONDS NINE,0.3318,0.0516,0.6166
DIAMONDS NINE SPADES FOUR,0.3442,0.0416,0.6142
CLUBS NINE DIAMONDS NINE,0.13,0.0718,0.7982
CLUBS EIGHT DIAMONDS NINE,0.2896,0.0478,0.6626
CLUBS SIX DIAMONDS NINE,0.3276,0.041,0.6314
SPADES JACK CLUBS FOUR,0.3518,0.0194,0.6288
CLUBS SEVEN DIAMONDS NINE,0.2028,0.112,0.6852
SPADES TEN CLUBS FOUR,0.3468,0.0312,0.622
CLUBS FOUR DIAMONDS NINE,0.357,0.0478,0.5952
CLUBS FIVE DIAMONDS NINE,0.3484,0.042,0.6096
CLUBS TWO DIAMONDS NINE,0.231,0.1,0.669
CLUBS THREE DIAMONDS NINE,0.3442,0.0468,0.609
DIAMONDS NINE HEARTS EIGHT,0.2868,0.0398,0.6734
DIAMONDS NINE HEARTS NINE,0.1208,0.0692,0.81
HEARTS SIX DIAMONDS NINE,0.3244,0.0402,0.6354
HEARTS SEVEN DIAMONDS NINE,0.21,0.112,0.678
CLUBS NINE CLUBS EIGHT,0.2906,0.0356,0.6738
DIAMONDS ACE DIAMONDS NINE,0.307,0.0048,0.6882
HEARTS FOUR DIAMONDS NINE,0.3446,0.0452,0.6102
HEARTS FIVE DIAMONDS NINE,0.3218,0.0456,0.6326
HEARTS ACE CLUBS TWO,0.2436,0.0086,0.7478
SPADES ACE CLUBS FOUR,0.3328,0.0042,0.663
DIAMONDS NINE DIAMONDS QUEEN,0.2932,0.0104,0.6964
HEARTS TWO DIAMONDS NINE,0.2258,0.1084,0.6658
CLUBS TWO HEARTS KING,0.2458,0.022,0.7322
SPADES KING CLUBS FOUR,0.3444,0.008,0.6476
DIAMONDS KING DIAMONDS NINE,0.3092,0.0078,0.683
HEARTS THREE DIAMONDS NINE,0.348,0.0436,0.6084
CLUBS TWO HEARTS QUEEN,0.239,0.034,0.727
SPADES QUEEN CLUBS FOUR,0.3438,0.0106,0.6456
DIAMONDS NINE DIAMONDS JACK,0.2922,0.0162,0.6916
CLUBS EIGHT SPADES NINE,0.2888,0.0402,0.671
DIAMONDS TEN DIAMONDS NINE,0.2962,0.0254,0.6784
CLUBS EIGHT SPADES EIGHT,0.1238,0.0832,0.793
CLUBS EIGHT SPADES SEVEN,0.2054,0.147,0.6476
CLUBS EIGHT SPADES SIX,0.3138,0.0636,0.6226
CLUBS EIGHT SPADES FIVE,0.3192,0.0594,0.6214
CLUBS EIGHT SPADES FOUR,0.33,0.071,0.599
CLUBS EIGHT SPADES THREE,0.3366,0.069,0.5944
HEARTS SIX DIAMONDS TEN,0.3466,0.0266,0.6268
HEARTS SEVEN DIAMONDS TEN,0.2268,0.0778,0.6954
DIAMONDS TEN HEARTS EIGHT,0.3036,0.0242,0.6722
CLUBS FOUR CLUBS JACK,0.3342,0.0198,0.646
DIAMONDS TEN HEARTS NINE,0.2948,0.0264,0.6788
CLUBS TEN CLUBS FOUR,0.3412,0.0268,0.632
CLUBS FOUR CLUBS KING,0.3224,0.011,0.6666
CLUBS FOUR CLUBS QUEEN,0.3344,0.0112,0.6544
DIAMONDS TEN CLUBS TWO,0.228,0.0744,0.6976
CLUBS THREE DIAMONDS TEN,0.3442,0.0282,0.6276
CLUBS FOUR CLUBS ACE,0.3132,0.0044,0.6824
DIAMONDS TEN DIAMONDS JACK,0.2994,0.0156,0.685
DIAMONDS TEN DIAMONDS QUEEN,0.3054,0.01,0.6846
HEARTS TWO DIAMONDS TEN,0.2334,0.0756,0.691
DIAMONDS KING DIAMONDS TEN,0.3008,0.0086,0.6906
HEARTS THREE DIAMONDS TEN,0.3452,0.0304,0.6244
DIAMONDS ACE DIAMONDS TEN,0.2968,0.0064,0.6968
HEARTS FOUR DIAMONDS TEN,0.3432,0.033,0.6238
CLUBS EIGHT HEARTS JACK,0.3078,0.0178,0.6744
HEARTS FIVE DIAMONDS TEN,0.3444,0.0278,0.6278
CLUBS EIGHT HEARTS TEN,0.3052,0.0236,0.6712
CLUBS EIGHT HEARTS QUEEN,0.3182,0.0098,0.672
CLUBS EIGHT HEARTS KING,0.3316,0.0064,0.662
CLUBS EIGHT HEARTS ACE,0.3264,0.0028,0.6708
CLUBS NINE SPADES THREE,0.3434,0.0406,0.616
CLUBS NINE SPADES FIVE,0.3384,0.0418,0.6198
CLUBS NINE SPADES FOUR,0.3452,0.0486,0.6062
CLUBS NINE SPADES SEVEN,0.22,0.1136,0.6664
CLUBS NINE SPADES SIX,0.3154,0.0402,0.6444
CLUBS NINE SPADES NINE,0.1232,0.069,0.8078
CLUBS TEN HEARTS EIGHT,0.2982,0.0286,0.6732
CLUBS NINE SPADES EIGHT,0.2862,0.039,0.6748
HEARTS EIGHT CLUBS JACK,0.3178,0.0186,0.6636
CLUBS QUEEN HEARTS EIGHT,0.3232,0.0134,0.6634
CLUBS KING HEARTS EIGHT,0.3212,0.006,0.6728
CLUBS ACE HEARTS EIGHT,0.3288,0.003,0.6682
SPADES KING CLUBS KING,0.1238,0.017,0.8592
SPADES QUEEN CLUBS KING,0.3188,0.0084,0.6728
SPADES ACE CLUBS KING,0.3126,0.0038,0.6836
DIAMONDS ACE HEARTS TEN,0.308,0.0048,0.6872
HEARTS FOUR HEARTS TEN,0.3192,0.0286,0.6522
DIAMONDS ACE HEARTS JACK,0.3056,0.006,0.6884
HEARTS FOUR HEARTS JACK,0.3364,0.0206,0.643
SPADES KING CLUBS FIVE,0.3554,0.009,0.6356
SPADES QUEEN CLUBS FIVE,0.339,0.0146,0.6464
SPADES ACE CLUBS FIVE,0.326,0.0048,0.6692
HEARTS SEVEN DIAMONDS JACK,0.22,0.0686,0.7114
HEARTS SIX DIAMONDS JACK,0.344,0.0206,0.6354
DIAMONDS JACK HEARTS NINE,0.3034,0.0188,0.6778
DIAMONDS JACK HEARTS EIGHT,0.301,0.017,0.682
DIAMONDS KING DIAMONDS JACK,0.2928,0.008,0.6992
HEARTS THREE DIAMONDS JACK,0.3598,0.022,0.6182
SPADES ACE SPADES SIX,0.3284,0.0046,0.667
HEARTS ACE SPADES FOUR,0.3352,0.0042,0.6606
DIAMONDS QUEEN DIAMONDS JACK,0.2914,0.0082,0.7004
HEARTS TWO DIAMONDS JACK,0.2416,0.0552,0.7032
HEARTS FIVE DIAMONDS JACK,0.345,0.0194,0.6356
SPADES QUEEN SPADES SIX,0.3264,0.0132,0.6604
SPADES FOUR HEARTS QUEEN,0.3466,0.0126,0.6408
DIAMONDS ACE DIAMONDS JACK,0.3024,0.0044,0.6932
HEARTS FOUR DIAMONDS JACK,0.3524,0.0216,0.626
SPADES KING SPADES SIX,0.323,0.006,0.671
SPADES FOUR HEARTS KING,0.3378,0.0116,0.6506
SPADES TEN SPADES SIX,0.331,0.0252,0.6438
SPADES JACK SPADES SIX,0.335,0.0188,0.6462
SPADES FOUR DIAMONDS JACK,0.3428,0.0228,0.6344
SPADES FIVE DIAMONDS JACK,0.336,0.022,0.642
SPADES THREE DIAMONDS JACK,0.3432,0.0226,0.6342
SPADES ACE DIAMONDS THREE,0.3396,0.0064,0.654
SPADES QUEEN DIAMONDS THREE,0.3468,0.011,0.6422
CLUBS EIGHT DIAMONDS JACK,0.3122,0.02,0.6678
SPADES KING DIAMONDS THREE,0.3516,0.0104,0.638
CLUBS NINE DIAMONDS JACK,0.3138,0.0162,0.67
CLUBS SIX DIAMONDS JACK,0.356,0.021,0.623
CLUBS SEVEN DIAMONDS JACK,0.2224,0.0722,0.7054
CLUBS FOUR DIAMONDS JACK,0.3414,0.0254,0.6332
CLUBS FIVE DIAMONDS JACK,0.3594,0.0222,0.6184
CLUBS TWO DIAMONDS JACK,0.233,0.0512,0.7158
CLUBS THREE DIAMONDS JACK,0.3508,0.0218,0.6274
SPADES TEN CLUBS FIVE,0.3466,0.0276,0.6258
SPADES JACK HEARTS SIX,0.346,0.0214,0.6326
HEARTS SIX SPADES TEN,0.3412,0.0314,0.6274
SPADES JACK CLUBS FIVE,0.343,0.019,0.638
SPADES JACK DIAMONDS THREE,0.352,0.0212,0.6268
CLUBS SEVEN CLUBS ACE,0.2046,0.0292,0.7662
DIAMONDS THREE SPADES TEN,0.3506,0.0298,0.6196
CLUBS SEVEN CLUBS QUEEN,0.2182,0.043,0.7388
CLUBS SEVEN CLUBS KING,0.2166,0.0362,0.7472
SPADES NINE DIAMONDS JACK,0.3004,0.0212,0.6784
CLUBS TEN CLUBS SEVEN,0.2018,0.0762,0.722
DIAMONDS ACE HEARTS ACE,0.1124,0.0036,0.884
HEARTS FOUR HEARTS ACE,0.3254,0.0028,0.6718
SPADES EIGHT DIAMONDS JACK,0.3,0.019,0.681
SPADES ACE HEARTS SIX,0.338,0.0046,0.6574
CLUBS SEVEN CLUBS JACK,0.2096,0.0662,0.7242
DIAMONDS ACE HEARTS KING,0.3218,0.003,0.6752
HEARTS FOUR HEARTS KING,0.3356,0.0068,0.6576
SPADES SEVEN DIAMONDS JACK,0.2136,0.0594,0.727
SPADES KING HEARTS SIX,0.3478,0.008,0.6442
DIAMONDS ACE HEARTS QUEEN,0.3224,0.0054,0.6722
HEARTS FOUR HEARTS QUEEN,0.3334,0.0126,0.654
SPADES QUEEN HEARTS SIX,0.345,0.0162,0.6388
SPADES SIX DIAMONDS JACK,0.3458,0.0184,0.6358
DIAMONDS TEN SPADES THREE,0.35,0.0302,0.6198
DIAMONDS TEN SPADES FOUR,0.3432,0.0286,0.6282
DIAMONDS TEN SPADES FIVE,0.3394,0.029,0.6316
SPADES SIX DIAMONDS TEN,0.3236,0.0354,0.641
SPADES SEVEN DIAMONDS TEN,0.2002,0.0846,0.7152
SPADES EIGHT DIAMONDS TEN,0.2974,0.0294,0.6732
SPADES NINE DIAMONDS TEN,0.3022,0.0242,0.6736
CLUBS FOUR DIAMONDS TEN,0.3426,0.029,0.6284
CLUBS FIVE DIAMONDS TEN,0.3472,0.027,0.6258
CLUBS SIX DIAMONDS TEN,0.3442,0.0286,0.6272
CLUBS SEVEN DIAMONDS TEN,0.2106,0.0768,0.7126
CLUBS EIGHT DIAMONDS TEN,0.2996,0.0294,0.671
CLUBS NINE DIAMONDS TEN,0.2956,0.0226,0.6818
DIAMONDS THREE CLUBS JACK,0.3582,0.0206,0.6212
CLUBS TEN DIAMONDS THREE,0.3552,0.031,0.6138
DIAMONDS THREE CLUBS KING,0.3566,0.0068,0.6366
DIAMONDS THREE CLUBS QUEEN,0.3566,0.0144,0.629
DIAMONDS THREE CLUBS ACE,0.3378,0.0046,0.6576
SPADES FOUR HEARTS JACK,0.3558,0.0186,0.6256
SPADES FOUR HEARTS TEN,0.3426,0.0274,0.63
CLUBS THREE DIAMONDS QUEEN,0.3444,0.0162,0.6394
CLUBS THREE HEARTS TWO,0.5464,0.193,0.2606
CLUBS TWO DIAMONDS QUEEN,0.241,0.0318,0.7272
HEARTS TWO CLUBS TWO,0.2596,0.0846,0.6558
HEARTS SEVEN DIAMONDS QUEEN,0.2174,0.0532,0.7294
HEARTS SEVEN HEARTS TWO,0.019,0.9056,0.0754
HEARTS SIX DIAMONDS QUEEN,0.356,0.0114,0.6326
HEARTS SIX HEARTS TWO,0.5368,0.1822,0.281
DIAMONDS QUEEN HEARTS NINE,0.308,0.0126,0.6794
HEARTS TWO HEARTS NINE,0.224,0.0972,0.6788
DIAMONDS QUEEN HEARTS EIGHT,0.3156,0.0154,0.669
HEARTS TWO HEARTS EIGHT,0.2268,0.1236,0.6496
CLUBS NINE HEARTS TWO,0.2494,0.102,0.6486
CLUBS NINE DIAMONDS QUEEN,0.3162,0.01,0.6738
CLUBS EIGHT HEARTS TWO,0.2354,0.1418,0.6228
CLUBS EIGHT DIAMONDS QUEEN,0.3196,0.011,0.6694
CLUBS FIVE DIAMONDS QUEEN,0.3424,0.0124,0.6452
CLUBS FIVE HEARTS TWO,0.54,0.1988,0.2612
SPADES EIGHT HEARTS ACE,0.3222,0.0052,0.6726
CLUBS FOUR DIAMONDS QUEEN,0.351,0.012,0.637
CLUBS FOUR HEARTS TWO,0.5488,0.1918,0.2594
CLUBS SEVEN DIAMONDS QUEEN,0.2228,0.0556,0.7216
CLUBS SEVEN HEARTS TWO,0.0204,0.9552,0.0244
SPADES EIGHT HEARTS QUEEN,0.3122,0.0108,0.677
CLUBS SIX DIAMONDS QUEEN,0.3472,0.0114,0.6414
CLUBS SIX HEARTS TWO,0.562,0.2008,0.2372
SPADES EIGHT HEARTS KING,0.3194,0.0068,0.6738
HEARTS TWO SPADES SIX,0.569,0.1906,0.2404
SPADES SIX DIAMONDS QUEEN,0.332,0.0114,0.6566
HEARTS FOUR CLUBS QUEEN,0.3506,0.012,0.6374
DIAMONDS ACE CLUBS QUEEN,0.3152,0.0054,0.6794
SPADES SEVEN DIAMONDS QUEEN,0.2134,0.0502,0.7364
SPADES SEVEN HEARTS TWO,0.0088,0.973,0.0182
HEARTS FOUR CLUBS KING,0.3612,0.007,0.6318
DIAMONDS ACE CLUBS KING,0.3228,0.0056,0.6716
SPADES EIGHT DIAMONDS QUEEN,0.299,0.013,0.688
SPADES EIGHT HEARTS TWO,0.2372,0.1432,0.6196
HEARTS FOUR CLUBS ACE,0.3438,0.0046,0.6516
DIAMONDS ACE CLUBS ACE,0.1128,0.0054,0.8818
SPADES NINE DIAMONDS QUEEN,0.2976,0.0114,0.691
SPADES NINE HEARTS TWO,0.2474,0.1076,0.645
HEARTS TWO SPADES THREE,0.535,0.2092,0.2558
DIAMONDS QUEEN SPADES THREE,0.3338,0.0128,0.6534
HEARTS TWO SPADES FOUR,0.535,0.2074,0.2576
SPADES FOUR DIAMONDS QUEEN,0.3296,0.0138,0.6566
CLUBS TEN HEARTS FOUR,0.3572,0.0266,0.6162
CLUBS TEN DIAMONDS ACE,0.306,0.0052,0.6888
HEARTS TWO SPADES FIVE,0.5284,0.1948,0.2768
SPADES FIVE DIAMONDS QUEEN,0.3364,0.0158,0.6478
HEARTS FOUR CLUBS JACK,0.3646,0.0208,0.6146
DIAMONDS ACE CLUBS JACK,0.321,0.004,0.675
CLUBS FIVE CLUBS KING,0.325,0.0086,0.6664
CLUBS FIVE CLUBS QUEEN,0.3186,0.0114,0.67
CLUBS FIVE CLUBS ACE,0.3168,0.006,0.6772
CLUBS FIVE CLUBS JACK,0.326,0.0186,0.6554
CLUBS TEN CLUBS FIVE,0.324,0.03,0.646
SPADES KING CLUBS JACK,0.3172,0.0052,0.6776
SPADES QUEEN CLUBS JACK,0.3112,0.0112,0.6776
SPADES ACE CLUBS JACK,0.3192,0.0032,0.6776
SPADES SIX CLUBS KING,0.3494,0.0112,0.6394
SPADES SIX CLUBS QUEEN,0.351,0.0114,0.6376
SPADES EIGHT HEARTS JACK,0.3018,0.0152,0.683
SPADES SIX CLUBS ACE,0.3366,0.005,0.6584
SPADES EIGHT HEARTS TEN,0.306,0.025,0.669
SPADES SIX CLUBS JACK,0.3516,0.0206,0.6278
CLUBS TEN SPADES SIX,0.342,0.0258,0.6322
SPADES TEN CLUBS JACK,0.3152,0.014,0.6708
SPADES JACK CLUBS JACK,0.1188,0.0428,0.8384
SPADES QUEEN CLUBS SEVEN,0.2144,0.0482,0.7374
SPADES KING CLUBS SEVEN,0.2284,0.0398,0.7318
SPADES ACE CLUBS SEVEN,0.2094,0.0298,0.7608
SPADES SIX HEARTS TEN,0.3344,0.0274,0.6382
SPADES SIX HEARTS JACK,0.3542,0.0198,0.626
SPADES SIX HEARTS ACE,0.3384,0.0056,0.656
SPADES SIX HEARTS KING,0.3518,0.0076,0.6406
SPADES SIX HEARTS QUEEN,0.3486,0.0164,0.635
CLUBS SEVEN SPADES JACK,0.2198,0.067,0.7132
CLUBS SEVEN SPADES TEN,0.2152,0.0826,0.7022
CLUBS TEN HEARTS SIX,0.3414,0.026,0.6326
HEARTS SIX CLUBS JACK,0.3644,0.0172,0.6184
CLUBS ACE CLUBS JACK,0.2936,0.0052,0.7012
HEARTS SIX CLUBS QUEEN,0.344,0.011,0.645
HEARTS SIX CLUBS KING,0.3526,0.0064,0.641
HEARTS SIX CLUBS ACE,0.3462,0.0036,0.6502
CLUBS QUEEN CLUBS JACK,0.2878,0.0096,0.7026
CLUBS KING CLUBS JACK,0.3106,0.0078,0.6816
DIAMONDS THREE HEARTS ACE,0.3446,0.0048,0.6506
DIAMONDS THREE HEARTS QUEEN,0.3598,0.0114,0.6288
DIAMONDS THREE HEARTS KING,0.3754,0.0084,0.6162
CLUBS FIVE HEARTS JACK,0.3428,0.021,0.6362
SPADES TEN DIAMONDS ACE,0.3156,0.0046,0.6798
HEARTS FOUR SPADES TEN,0.349,0.0252,0.6258
CLUBS FIVE HEARTS TEN,0.3602,0.0318,0.608
HEARTS FOUR SPADES JACK,0.353,0.0206,0.6264
SPADES JACK DIAMONDS ACE,0.3096,0.006,0.6844
SPADES ACE HEARTS FOUR,0.3314,0.006,0.6626
SPADES ACE DIAMONDS ACE,0.1042,0.006,0.8898
CLUBS FIVE HEARTS ACE,0.3458,0.0054,0.6488
CLUBS FIVE HEARTS KING,0.3436,0.0102,0.6462
HEARTS FOUR SPADES QUEEN,0.3516,0.0138,0.6346
SPADES QUEEN DIAMONDS ACE,0.3178,0.0044,0.6778
SPADES FOUR CLUBS JACK,0.3502,0.0208,0.629
CLUBS FIVE HEARTS QUEEN,0.3464,0.0158,0.6378
SPADES KING DIAMONDS ACE,0.3164,0.0042,0.6794
SPADES KING HEARTS FOUR,0.3416,0.011,0.6474
CLUBS TEN SPADES FOUR,0.354,0.0286,0.6174
DIAMONDS ACE DIAMONDS QUEEN,0.2972,0.0038,0.699
DIAMONDS ACE HEARTS TWO,0.2316,0.0132,0.7552
HEARTS FOUR DIAMONDS QUEEN,0.3486,0.0186,0.6328
HEARTS FOUR HEARTS TWO,0.5202,0.1776,0.3022
DIAMONDS THREE HEARTS TEN,0.3476,0.0312,0.6212
SPADES FOUR CLUBS KING,0.3498,0.0082,0.642
HEARTS FIVE DIAMONDS QUEEN,0.352,0.0164,0.6316
HEARTS FIVE HEARTS TWO,0.5048,0.1918,0.3034
DIAMONDS THREE HEARTS JACK,0.3684,0.0224,0.6092
SPADES FOUR CLUBS QUEEN,0.348,0.015,0.637
HEARTS TWO DIAMONDS QUEEN,0.2316,0.0328,0.7356
DIAMONDS KING DIAMONDS QUEEN,0.306,0.0088,0.6852
DIAMONDS KING HEARTS TWO,0.237,0.0264,0.7366
HEARTS THREE DIAMONDS QUEEN,0.3438,0.0158,0.6404
HEARTS THREE HEARTS TWO,0.5214,0.1816,0.297
SPADES FOUR CLUBS ACE,0.3454,0.0046,0.65
HEARTS TWO CLUBS ACE,0.2428,0.013,0.7442
DIAMONDS QUEEN CLUBS ACE,0.3094,0.0042,0.6864
HEARTS TWO CLUBS QUEEN,0.2442,0.0372,0.7186
DIAMONDS QUEEN CLUBS QUEEN,0.1182,0.0284,0.8534
HEARTS TWO CLUBS KING,0.244,0.0256,0.7304
DIAMONDS QUEEN CLUBS KING,0.3098,0.0074,0.6828
SPADES EIGHT SPADES FIVE,0.3028,0.0628,0.6344
CLUBS TEN HEARTS TWO,0.2408,0.0766,0.6826
CLUBS TEN DIAMONDS QUEEN,0.3148,0.0128,0.6724
SPADES NINE SPADES FIVE,0.3214,0.0404,0.6382
HEARTS TWO CLUBS JACK,0.253,0.0488,0.6982
DIAMONDS QUEEN CLUBS JACK,0.3026,0.0108,0.6866
SPADES SIX SPADES FIVE,0.4336,0.0982,0.4682
SPADES SEVEN SPADES FIVE,0.2106,0.415,0.3744
DIAMONDS FIVE CLUBS QUEEN,0.3506,0.014,0.6354
SPADES EIGHT CLUBS ACE,0.312,0.004,0.684
DIAMONDS FIVE CLUBS KING,0.3634,0.0076,0.629
SPADES EIGHT CLUBS KING,0.3126,0.0076,0.6798
CLUBS ACE DIAMONDS FIVE,0.3336,0.0044,0.662
SPADES EIGHT CLUBS QUEEN,0.3274,0.012,0.6606
SPADES EIGHT CLUBS JACK,0.325,0.02,0.655
CLUBS TEN SPADES EIGHT,0.3048,0.023,0.6722
CLUBS TEN DIAMONDS FIVE,0.3516,0.0294,0.619
DIAMONDS FIVE CLUBS JACK,0.3458,0.024,0.6302
DIAMONDS TEN HEARTS JACK,0.306,0.0142,0.6798
DIAMONDS TEN HEARTS TEN,0.131,0.0544,0.8146
SPADES ACE CLUBS NINE,0.3182,0.003,0.6788
CLUBS NINE SPADES QUEEN,0.307,0.014,0.679
CLUBS NINE SPADES KING,0.3162,0.0072,0.6766
HEARTS SIX HEARTS KING,0.328,0.0076,0.6644
DIAMONDS KING SPADES SEVEN,0.2096,0.046,0.7444
HEARTS THREE SPADES SEVEN,0.2046,0.5246,0.2708
HEARTS SIX HEARTS QUEEN,0.3244,0.0126,0.663
HEARTS THREE SPADES SIX,0.5096,0.1032,0.3872
DIAMONDS KING SPADES SIX,0.3354,0.0082,0.6564
SPADES NINE DIAMONDS KING,0.3112,0.008,0.6808
SPADES NINE HEARTS THREE,0.3508,0.0488,0.6004
HEARTS SIX HEARTS ACE,0.3324,0.0046,0.663
DIAMONDS KING SPADES EIGHT,0.309,0.0086,0.6824
SPADES EIGHT HEARTS THREE,0.3382,0.07,0.5918
CLUBS NINE HEARTS THREE,0.346,0.0514,0.6026
CLUBS NINE DIAMONDS KING,0.3214,0.0076,0.671
CLUBS EIGHT HEARTS THREE,0.3618,0.0684,0.5698
CLUBS EIGHT DIAMONDS KING,0.308,0.0108,0.6812
HEARTS THREE SPADES THREE,0.2396,0.121,0.6394
DIAMONDS KING SPADES THREE,0.3488,0.0118,0.6394
HEARTS THREE SPADES FIVE,0.4652,0.1122,0.4226
DIAMONDS KING SPADES FIVE,0.3474,0.0078,0.6448
HEARTS THREE SPADES FOUR,0.4738,0.1134,0.4128
DIAMONDS KING SPADES FOUR,0.3404,0.0112,0.6484
DIAMONDS KING CLUBS TWO,0.2356,0.024,0.7404
HEARTS THREE CLUBS TWO,0.5372,0.2002,0.2626
DIAMONDS KING CLUBS THREE,0.3448,0.0102,0.645
CLUBS THREE HEARTS THREE,0.2442,0.1252,0.6306
DIAMONDS KING CLUBS FOUR,0.3422,0.0102,0.6476
HEARTS THREE CLUBS FOUR,0.4866,0.1108,0.4026
