opposingHand,winningChance,drawChance,lostChance
SPADES EIGHT SPADES TWO
HEARTS FIVE SPADES TEN,0.3728,0.0292,0.598
SPADES JACK HEARTS FIVE,0.3728,0.0192,0.608
SPADES FIVE CLUBS JACK,0.3834,0.019,0.5976
SPADES FIVE CLUBS TEN,0.3898,0.026,0.5842
CLUBS EIGHT CLUBS JACK,0.261,0.0554,0.6836
CLUBS EIGHT CLUBS TEN,0.2518,0.0746,0.6736
CLUBS EIGHT CLUBS KING,0.2654,0.0344,0.7002
SPADES FIVE CLUBS ACE,0.381,0.0048,0.6142
CLUBS EIGHT CLUBS QUEEN,0.2646,0.0444,0.691
SPADES FIVE CLUBS KING,0.3774,0.0096,0.613
SPADES FIVE CLUBS QUEEN,0.3878,0.0132,0.599
CLUBS EIGHT CLUBS ACE,0.2572,0.027,0.7158
DIAMONDS TWO DIAMONDS THREE,0.5778,0.1386,0.2836
DIAMONDS TWO DIAMONDS FIVE,0.5804,0.1294,0.2902
SPADES KING HEARTS FIVE,0.3784,0.0076,0.614
DIAMONDS TWO DIAMONDS FOUR,0.5678,0.1272,0.305
SPADES QUEEN HEARTS FIVE,0.378,0.0114,0.6106
DIAMONDS TWO DIAMONDS SEVEN,0.5996,0.1386,0.2618
DIAMONDS TWO DIAMONDS SIX,0.597,0.1286,0.2744
SPADES ACE HEARTS FIVE,0.3636,0.0058,0.6306
DIAMONDS TWO DIAMONDS NINE,0.271,0.0982,0.6308
DIAMONDS TWO DIAMONDS EIGHT,0.0722,0.852,0.0758
DIAMONDS THREE DIAMONDS FOUR,0.5138,0.0594,0.4268
CLUBS TWO SPADES FOUR,0.622,0.1354,0.2426
DIAMONDS THREE DIAMONDS FIVE,0.5208,0.0618,0.4174
CLUBS TWO SPADES FIVE,0.6012,0.15,0.2488
CLUBS TWO SPADES THREE,0.6106,0.1494,0.24
DIAMONDS THREE DIAMONDS EIGHT,0.248,0.466,0.286
DIAMONDS THREE DIAMONDS NINE,0.3736,0.0452,0.5812
SPADES NINE CLUBS TWO,0.2576,0.1062,0.6362
DIAMONDS THREE DIAMONDS SIX,0.533,0.0646,0.4024
CLUBS TWO SPADES SIX,0.6374,0.1436,0.219
DIAMONDS THREE DIAMONDS SEVEN,0.5202,0.0624,0.4174
SPADES SEVEN CLUBS TWO,0.6406,0.1326,0.2268
CLUBS SIX CLUBS TWO,0.6006,0.1266,0.2728
CLUBS SEVEN CLUBS TWO,0.6048,0.1252,0.27
CLUBS FOUR CLUBS TWO,0.5852,0.1304,0.2844
CLUBS FIVE CLUBS TWO,0.5832,0.1272,0.2896
CLUBS JACK CLUBS TEN,0.3332,0.0142,0.6526
DIAMONDS FOUR DIAMONDS SIX,0.5098,0.066,0.4242
CLUBS QUEEN CLUBS TEN,0.3392,0.0104,0.6504
DIAMONDS FOUR DIAMONDS SEVEN,0.5252,0.059,0.4158
CLUBS KING CLUBS TEN,0.3458,0.0076,0.6466
CLUBS ACE CLUBS TEN,0.3502,0.0034,0.6464
CLUBS EIGHT CLUBS TWO,0.0676,0.8606,0.0718
DIAMONDS FIVE DIAMONDS FOUR,0.5134,0.0616,0.425
CLUBS NINE CLUBS TWO,0.2658,0.0998,0.6344
DIAMONDS NINE DIAMONDS FOUR,0.3854,0.033,0.5816
DIAMONDS EIGHT DIAMONDS FOUR,0.2436,0.4546,0.3018
CLUBS TWO CLUBS THREE,0.5872,0.135,0.2778
DIAMONDS NINE DIAMONDS FIVE,0.364,0.0426,0.5934
DIAMONDS TWO CLUBS JACK,0.2926,0.0548,0.6526
DIAMONDS EIGHT DIAMONDS FIVE,0.2452,0.3978,0.357
DIAMONDS TWO CLUBS TEN,0.292,0.0756,0.6324
DIAMONDS FIVE DIAMONDS SEVEN,0.5124,0.0578,0.4298
DIAMONDS FIVE DIAMONDS SIX,0.5,0.063,0.437
DIAMONDS TWO CLUBS ACE,0.2954,0.0142,0.6904
DIAMONDS TWO CLUBS KING,0.2786,0.0288,0.6926
DIAMONDS TWO CLUBS QUEEN,0.2804,0.0366,0.683
DIAMONDS EIGHT DIAMONDS SIX,0.2492,0.3242,0.4266
DIAMONDS NINE DIAMONDS SIX,0.3496,0.0392,0.6112
HEARTS ACE SPADES THREE,0.3876,0.004,0.6084
HEARTS KING SPADES THREE,0.3992,0.0098,0.591
DIAMONDS SEVEN DIAMONDS SIX,0.4968,0.0556,0.4476
SPADES THREE HEARTS QUEEN,0.3858,0.014,0.6002
SPADES THREE HEARTS JACK,0.4188,0.02,0.5612
SPADES THREE HEARTS TEN,0.3956,0.0318,0.5726
DIAMONDS EIGHT DIAMONDS SEVEN,0.2524,0.256,0.4916
DIAMONDS NINE DIAMONDS SEVEN,0.333,0.0384,0.6286
DIAMONDS NINE DIAMONDS EIGHT,0.2536,0.0962,0.6502
DIAMONDS KING HEARTS TEN,0.3628,0.0094,0.6278
HEARTS THREE HEARTS TEN,0.366,0.0272,0.6068
CLUBS SIX SPADES JACK,0.3886,0.0188,0.5926
DIAMONDS KING HEARTS JACK,0.3774,0.0066,0.616
HEARTS THREE HEARTS JACK,0.3862,0.0192,0.5946
CLUBS SIX SPADES TEN,0.373,0.0246,0.6024
SPADES JACK SPADES FIVE,0.3338,0.0214,0.6448
SPADES TEN SPADES FIVE,0.3456,0.0302,0.6242
DIAMONDS KING HEARTS ACE,0.3604,0.004,0.6356
HEARTS THREE HEARTS ACE,0.38,0.0032,0.6168
SPADES ACE CLUBS SIX,0.3722,0.0042,0.6236
DIAMONDS KING HEARTS QUEEN,0.3616,0.007,0.6314
HEARTS THREE HEARTS QUEEN,0.368,0.0136,0.6184
SPADES KING CLUBS SIX,0.387,0.0062,0.6068
DIAMONDS KING HEARTS KING,0.175,0.0138,0.8112
HEARTS THREE HEARTS KING,0.3804,0.0104,0.6092
SPADES QUEEN CLUBS SIX,0.3902,0.0124,0.5974
SPADES NINE HEARTS TEN,0.333,0.0192,0.6478
SPADES NINE HEARTS JACK,0.3414,0.0198,0.6388
SPADES QUEEN SPADES FIVE,0.3466,0.0128,0.6406
SPADES KING SPADES FIVE,0.328,0.009,0.663
SPADES ACE SPADES FIVE,0.3342,0.007,0.6588
SPADES NINE HEARTS QUEEN,0.3466,0.0096,0.6438
SPADES NINE HEARTS KING,0.3498,0.0076,0.6426
SPADES NINE HEARTS ACE,0.342,0.008,0.65
SPADES JACK CLUBS TEN,0.3346,0.0164,0.649
SPADES TEN CLUBS TEN,0.1672,0.055,0.7778
SPADES ACE CLUBS TEN,0.3482,0.0038,0.648
SPADES KING CLUBS TEN,0.3504,0.0086,0.641
SPADES QUEEN CLUBS TEN,0.3312,0.0112,0.6576
SPADES FIVE HEARTS QUEEN,0.3752,0.0118,0.613
SPADES FIVE HEARTS KING,0.3724,0.008,0.6196
SPADES FIVE HEARTS ACE,0.3746,0.0064,0.619
CLUBS EIGHT SPADES TEN,0.2562,0.0694,0.6744
HEARTS THREE SPADES JACK,0.3918,0.0204,0.5878
SPADES JACK DIAMONDS KING,0.3406,0.0074,0.652
SPADES TEN DIAMONDS KING,0.33,0.0092,0.6608
HEARTS THREE SPADES TEN,0.386,0.029,0.585
CLUBS EIGHT SPADES JACK,0.2656,0.06,0.6744
SPADES ACE CLUBS EIGHT,0.2524,0.0304,0.7172
HEARTS FIVE CLUBS JACK,0.3926,0.0208,0.5866
CLUBS SIX HEARTS ACE,0.3956,0.0048,0.5996
HEARTS FIVE CLUBS TEN,0.3974,0.0264,0.5762
CLUBS EIGHT SPADES QUEEN,0.2442,0.0458,0.71
SPADES THREE CLUBS TEN,0.3934,0.0304,0.5762
CLUBS SIX HEARTS QUEEN,0.3994,0.0082,0.5924
CLUBS EIGHT SPADES KING,0.2496,0.0354,0.715
SPADES THREE CLUBS JACK,0.398,0.0188,0.5832
CLUBS SIX HEARTS KING,0.4052,0.0072,0.5876
DIAMONDS TWO HEARTS JACK,0.29,0.0514,0.6586
SPADES THREE CLUBS QUEEN,0.3932,0.0146,0.5922
DIAMONDS TWO HEARTS TEN,0.2876,0.0794,0.633
SPADES THREE CLUBS KING,0.398,0.012,0.59
HEARTS FIVE CLUBS ACE,0.404,0.0048,0.5912
SPADES FIVE HEARTS TEN,0.386,0.0272,0.5868
SPADES THREE CLUBS ACE,0.3858,0.0056,0.6086
HEARTS FIVE CLUBS KING,0.394,0.0074,0.5986
SPADES FIVE HEARTS JACK,0.3844,0.0182,0.5974
HEARTS FIVE CLUBS QUEEN,0.3992,0.0128,0.588
HEARTS THREE CLUBS KING,0.4036,0.0088,0.5876
DIAMONDS KING CLUBS KING,0.1638,0.0144,0.8218
HEARTS THREE CLUBS QUEEN,0.3938,0.0144,0.5918
DIAMONDS KING CLUBS QUEEN,0.3598,0.0066,0.6336
HEARTS FIVE HEARTS JACK,0.3724,0.0172,0.6104
HEARTS FIVE HEARTS TEN,0.3776,0.0262,0.5962
HEARTS THREE CLUBS ACE,0.4044,0.0058,0.5898
DIAMONDS KING CLUBS ACE,0.3572,0.0052,0.6376
SPADES ACE CLUBS QUEEN,0.3594,0.004,0.6366
SPADES KING CLUBS QUEEN,0.3528,0.0078,0.6394
HEARTS THREE CLUBS JACK,0.403,0.019,0.578
DIAMONDS KING CLUBS JACK,0.359,0.0054,0.6356
SPADES QUEEN CLUBS QUEEN,0.1634,0.031,0.8056
HEARTS THREE CLUBS TEN,0.3998,0.0278,0.5724
DIAMONDS KING CLUBS TEN,0.3614,0.0058,0.6328
SPADES JACK CLUBS QUEEN,0.3464,0.0122,0.6414
CLUBS SIX CLUBS QUEEN,0.378,0.0108,0.6112
SPADES TEN CLUBS QUEEN,0.347,0.0124,0.6406
CLUBS SIX CLUBS KING,0.3746,0.0074,0.618
CLUBS SIX CLUBS ACE,0.369,0.0038,0.6272
HEARTS FIVE HEARTS KING,0.3712,0.0136,0.6152
HEARTS FIVE HEARTS QUEEN,0.3856,0.0122,0.6022
CLUBS SIX CLUBS TEN,0.3534,0.0232,0.6234
HEARTS FIVE HEARTS ACE,0.3502,0.0046,0.6452
CLUBS SIX CLUBS JACK,0.3804,0.0158,0.6038
SPADES SEVEN HEARTS JACK,0.3738,0.0194,0.6068
SPADES SEVEN HEARTS TEN,0.3734,0.0222,0.6044
DIAMONDS TWO CLUBS TWO,0.3074,0.071,0.6216
DIAMONDS TWO CLUBS THREE,0.6204,0.1436,0.236
HEARTS SIX DIAMONDS TWO,0.6246,0.1372,0.2382
DIAMONDS TWO HEARTS QUEEN,0.297,0.0448,0.6582
DIAMONDS TWO HEARTS SEVEN,0.6534,0.134,0.2126
DIAMONDS TWO HEARTS KING,0.2776,0.0244,0.698
DIAMONDS TWO HEARTS EIGHT,0.0712,0.9062,0.0226
DIAMONDS TWO HEARTS ACE,0.2872,0.0168,0.696
DIAMONDS TWO HEARTS NINE,0.2912,0.102,0.6068
DIAMONDS TWO DIAMONDS QUEEN,0.2776,0.0368,0.6856
DIAMONDS TWO HEARTS TWO,0.2964,0.0682,0.6354
DIAMONDS TWO DIAMONDS KING,0.2818,0.0276,0.6906
HEARTS THREE DIAMONDS TWO,0.6216,0.1406,0.2378
DIAMONDS TWO DIAMONDS ACE,0.2794,0.0138,0.7068
HEARTS FOUR DIAMONDS TWO,0.6238,0.1382,0.238
DIAMONDS TWO HEARTS FIVE,0.6104,0.1396,0.25
SPADES SEVEN HEARTS ACE,0.3796,0.0048,0.6156
DIAMONDS TWO DIAMONDS TEN,0.28,0.0642,0.6558
SPADES SEVEN HEARTS KING,0.3738,0.0092,0.617
DIAMONDS TWO DIAMONDS JACK,0.2804,0.0446,0.675
SPADES SEVEN HEARTS QUEEN,0.3848,0.0118,0.6034
DIAMONDS TWO SPADES NINE,0.2674,0.1064,0.6262
DIAMONDS TWO SPADES SEVEN,0.636,0.1402,0.2238
DIAMONDS TWO SPADES SIX,0.6272,0.1414,0.2314
DIAMONDS TWO SPADES FIVE,0.611,0.1316,0.2574
DIAMONDS TWO SPADES FOUR,0.6132,0.1442,0.2426
DIAMONDS TWO SPADES THREE,0.6144,0.1436,0.242
CLUBS NINE DIAMONDS TWO,0.285,0.1014,0.6136
CLUBS EIGHT DIAMONDS TWO,0.071,0.9084,0.0206
DIAMONDS TWO CLUBS SEVEN,0.6426,0.1374,0.22
CLUBS SIX DIAMONDS TWO,0.6358,0.1366,0.2276
DIAMONDS TWO CLUBS FIVE,0.6086,0.1456,0.2458
DIAMONDS TWO CLUBS FOUR,0.6062,0.1414,0.2524
CLUBS FOUR SPADES FIVE,0.524,0.0708,0.4052
CLUBS FOUR SPADES FOUR,0.3,0.1012,0.5988
CLUBS FOUR SPADES THREE,0.5428,0.0754,0.3818
CLUBS FOUR SPADES NINE,0.3858,0.0408,0.5734
CLUBS FOUR SPADES SEVEN,0.5542,0.0648,0.381
CLUBS FOUR SPADES SIX,0.5286,0.0668,0.4046
SPADES ACE DIAMONDS SIX,0.4016,0.0042,0.5942
SPADES QUEEN DIAMONDS SIX,0.38,0.0132,0.6068
SPADES KING DIAMONDS SIX,0.3822,0.0066,0.6112
SPADES TEN DIAMONDS SIX,0.3734,0.026,0.6006
SPADES JACK DIAMONDS SIX,0.3826,0.0158,0.6016
DIAMONDS JACK CLUBS JACK,0.1814,0.0338,0.7848
DIAMONDS JACK CLUBS TEN,0.3506,0.0156,0.6338
DIAMONDS JACK CLUBS KING,0.3634,0.008,0.6286
DIAMONDS JACK CLUBS QUEEN,0.356,0.012,0.632
DIAMONDS THREE DIAMONDS JACK,0.381,0.0184,0.6006
DIAMONDS THREE DIAMONDS TEN,0.361,0.0282,0.6108
DIAMONDS JACK CLUBS ACE,0.3774,0.0046,0.618
DIAMONDS THREE DIAMONDS KING,0.3808,0.0058,0.6134
HEARTS THREE DIAMONDS THREE,0.3054,0.1086,0.586
DIAMONDS THREE DIAMONDS QUEEN,0.373,0.014,0.613
DIAMONDS THREE HEARTS TWO,0.6322,0.133,0.2348
HEARTS FIVE DIAMONDS THREE,0.561,0.0624,0.3766
DIAMONDS THREE DIAMONDS ACE,0.381,0.0048,0.6142
HEARTS FOUR DIAMONDS THREE,0.5424,0.0676,0.39
DIAMONDS THREE HEARTS SEVEN,0.555,0.062,0.383
SPADES TEN SPADES NINE,0.2832,0.0246,0.6922
HEARTS SIX DIAMONDS THREE,0.5648,0.066,0.3692
SPADES JACK SPADES NINE,0.2834,0.0202,0.6964
DIAMONDS THREE HEARTS NINE,0.405,0.04,0.555
HEARTS JACK DIAMONDS FOUR,0.4018,0.0182,0.58
HEARTS KING HEARTS ACE,0.3406,0.0044,0.655
DIAMONDS THREE HEARTS EIGHT,0.28,0.4794,0.2406
HEARTS TEN DIAMONDS FOUR,0.4038,0.0266,0.5696
HEARTS QUEEN DIAMONDS FOUR,0.4028,0.0118,0.5854
HEARTS KING DIAMONDS FOUR,0.3944,0.0066,0.599
SPADES ACE SPADES NINE,0.2998,0.006,0.6942
HEARTS ACE DIAMONDS FOUR,0.405,0.0046,0.5904
SPADES KING SPADES NINE,0.303,0.0088,0.6882
SPADES QUEEN SPADES NINE,0.3016,0.0122,0.6862
DIAMONDS THREE SPADES NINE,0.3804,0.045,0.5746
DIAMONDS THREE SPADES SEVEN,0.5544,0.0626,0.383
DIAMONDS THREE SPADES SIX,0.5534,0.0614,0.3852
CLUBS SIX DIAMONDS THREE,0.5578,0.0622,0.38
CLUBS ACE DIAMONDS FOUR,0.3832,0.0038,0.613
CLUBS SIX CLUBS FIVE,0.503,0.0612,0.4358
CLUBS SEVEN CLUBS FIVE,0.508,0.0596,0.4324
CLUBS SEVEN DIAMONDS THREE,0.571,0.0558,0.3732
DIAMONDS THREE CLUBS FOUR,0.5528,0.065,0.3822
CLUBS QUEEN DIAMONDS FOUR,0.412,0.0124,0.5756
DIAMONDS THREE CLUBS FIVE,0.5586,0.064,0.3774
CLUBS KING DIAMONDS FOUR,0.395,0.0092,0.5958
DIAMONDS THREE CLUBS TWO,0.6246,0.1396,0.2358
DIAMONDS FOUR CLUBS TEN,0.409,0.0266,0.5644
DIAMONDS THREE CLUBS THREE,0.305,0.101,0.594
DIAMONDS FOUR CLUBS JACK,0.3942,0.0176,0.5882
DIAMONDS THREE SPADES FOUR,0.5514,0.071,0.3776
DIAMONDS THREE SPADES FIVE,0.53,0.071,0.399
DIAMONDS THREE SPADES THREE,0.2982,0.107,0.5948
CLUBS EIGHT DIAMONDS THREE,0.2678,0.5042,0.228
CLUBS NINE DIAMONDS THREE,0.3996,0.0396,0.5608
SPADES SEVEN CLUBS ACE,0.3742,0.004,0.6218
SPADES SEVEN CLUBS QUEEN,0.397,0.0124,0.5906
SPADES SEVEN CLUBS KING,0.3882,0.008,0.6038
CLUBS FIVE SPADES SEVEN,0.537,0.0644,0.3986
SPADES SEVEN CLUBS TEN,0.3572,0.0208,0.622
CLUBS FIVE SPADES SIX,0.5256,0.0706,0.4038
SPADES SEVEN CLUBS JACK,0.3814,0.02,0.5986
SPADES NINE CLUBS FIVE,0.3706,0.0438,0.5856
CLUBS FIVE SPADES THREE,0.5312,0.067,0.4018
CLUBS FIVE SPADES FIVE,0.2838,0.095,0.6212
CLUBS FIVE SPADES FOUR,0.5334,0.0632,0.4034
CLUBS NINE CLUBS FIVE,0.3582,0.0382,0.6036
CLUBS EIGHT CLUBS FIVE,0.2602,0.3854,0.3544
CLUBS ACE CLUBS QUEEN,0.3308,0.0042,0.665
CLUBS KING CLUBS QUEEN,0.3492,0.007,0.6438
DIAMONDS TEN DIAMONDS FOUR,0.3792,0.0238,0.597
DIAMONDS NINE CLUBS TEN,0.3392,0.0204,0.6404
DIAMONDS JACK DIAMONDS FOUR,0.3724,0.0198,0.6078
DIAMONDS NINE CLUBS JACK,0.347,0.0192,0.6338
SPADES NINE CLUBS JACK,0.3436,0.0182,0.6382
SPADES NINE CLUBS TEN,0.3346,0.0256,0.6398
DIAMONDS ACE DIAMONDS FOUR,0.355,0.0054,0.6396
HEARTS FOUR DIAMONDS FOUR,0.2852,0.0958,0.619
DIAMONDS JACK HEARTS TEN,0.3444,0.0156,0.64
SPADES NINE CLUBS KING,0.351,0.0072,0.6418
DIAMONDS TWO SPADES TEN,0.2674,0.074,0.6586
DIAMONDS NINE CLUBS ACE,0.3688,0.0036,0.6276
HEARTS FIVE DIAMONDS FOUR,0.5352,0.0648,0.4
HEARTS JACK DIAMONDS JACK,0.1772,0.0384,0.7844
SPADES NINE CLUBS QUEEN,0.3498,0.0106,0.6396
DIAMONDS TWO SPADES JACK,0.2744,0.0556,0.67
DIAMONDS QUEEN DIAMONDS FOUR,0.3768,0.0098,0.6134
HEARTS TWO DIAMONDS FOUR,0.6124,0.1424,0.2452
DIAMONDS NINE CLUBS QUEEN,0.37,0.0086,0.6214
DIAMONDS KING DIAMONDS FOUR,0.3856,0.009,0.6054
HEARTS THREE DIAMONDS FOUR,0.5524,0.0686,0.379
SPADES NINE CLUBS ACE,0.3562,0.0074,0.6364
DIAMONDS NINE CLUBS KING,0.3624,0.007,0.6306
HEARTS ACE DIAMONDS JACK,0.3612,0.0034,0.6354
SPADES ACE DIAMONDS TWO,0.264,0.0166,0.7194
DIAMONDS JACK HEARTS QUEEN,0.3616,0.0082,0.6302
SPADES QUEEN DIAMONDS TWO,0.2622,0.0378,0.7
HEARTS KING DIAMONDS JACK,0.3728,0.0086,0.6186
SPADES KING DIAMONDS TWO,0.275,0.0282,0.6968
SPADES JACK SPADES SEVEN,0.3288,0.02,0.6512
SPADES TEN SPADES SEVEN,0.3248,0.0278,0.6474
CLUBS SEVEN CLUBS THREE,0.5268,0.0634,0.4098
CLUBS SIX CLUBS THREE,0.5126,0.0632,0.4242
CLUBS FIVE CLUBS THREE,0.5166,0.062,0.4214
CLUBS FOUR CLUBS THREE,0.5226,0.0594,0.418
CLUBS NINE CLUBS THREE,0.3724,0.043,0.5846
CLUBS EIGHT CLUBS THREE,0.252,0.465,0.283
CLUBS THREE SPADES FIVE,0.5414,0.0664,0.3922
CLUBS THREE SPADES FOUR,0.5414,0.0626,0.396
CLUBS THREE SPADES THREE,0.2912,0.1058,0.603
SPADES SIX CLUBS THREE,0.5454,0.066,0.3886
SPADES SEVEN CLUBS THREE,0.5688,0.0696,0.3616
SPADES NINE CLUBS THREE,0.3966,0.0396,0.5638
SPADES THREE DIAMONDS FOUR,0.537,0.0698,0.3932
SPADES FOUR DIAMONDS FOUR,0.2882,0.1006,0.6112
SPADES FIVE DIAMONDS FOUR,0.5334,0.0564,0.4102
SPADES SIX DIAMONDS FOUR,0.5404,0.0658,0.3938
SPADES SEVEN DIAMONDS FOUR,0.5422,0.0656,0.3922
SPADES NINE DIAMONDS FOUR,0.3878,0.0468,0.5654
CLUBS FIVE DIAMONDS FOUR,0.5334,0.0582,0.4084
CLUBS FOUR DIAMONDS FOUR,0.3022,0.0972,0.6006
CLUBS SEVEN DIAMONDS FOUR,0.5506,0.0666,0.3828
CLUBS SIX DIAMONDS FOUR,0.5526,0.0644,0.383
CLUBS NINE DIAMONDS FOUR,0.4012,0.0364,0.5624
CLUBS EIGHT DIAMONDS FOUR,0.2654,0.483,0.2516
DIAMONDS FOUR HEARTS SEVEN,0.558,0.0652,0.3768
HEARTS SIX DIAMONDS FOUR,0.5398,0.0686,0.3916
HEARTS NINE DIAMONDS FOUR,0.3878,0.044,0.5682
DIAMONDS FOUR HEARTS EIGHT,0.2654,0.4744,0.2602
CLUBS THREE DIAMONDS FOUR,0.5522,0.0638,0.384
CLUBS TWO DIAMONDS FOUR,0.609,0.142,0.249
DIAMONDS TEN DIAMONDS FIVE,0.3662,0.0318,0.602
DIAMONDS JACK DIAMONDS FIVE,0.3684,0.0186,0.613
DIAMONDS NINE HEARTS QUEEN,0.3674,0.012,0.6206
HEARTS KING DIAMONDS NINE,0.3804,0.005,0.6146
DIAMONDS NINE HEARTS ACE,0.3546,0.0036,0.6418
DIAMONDS NINE HEARTS TEN,0.3446,0.0218,0.6336
DIAMONDS NINE HEARTS JACK,0.3488,0.0156,0.6356
CLUBS KING DIAMONDS SIX,0.4118,0.0074,0.5808
CLUBS QUEEN DIAMONDS SIX,0.3848,0.0104,0.6048
CLUBS ACE DIAMONDS SIX,0.3948,0.0042,0.601
SPADES KING DIAMONDS FOUR,0.3872,0.0078,0.605
SPADES ACE SPADES SEVEN,0.3472,0.005,0.6478
SPADES QUEEN DIAMONDS FOUR,0.381,0.0132,0.6058
SPADES QUEEN SPADES SEVEN,0.3292,0.0164,0.6544
CLUBS JACK DIAMONDS SIX,0.4044,0.0184,0.5772
SPADES KING SPADES SEVEN,0.34,0.011,0.649
SPADES ACE DIAMONDS FOUR,0.3708,0.0038,0.6254
CLUBS TEN DIAMONDS SIX,0.3866,0.0266,0.5868
CLUBS NINE CLUBS FOUR,0.3868,0.0398,0.5734
CLUBS EIGHT CLUBS FOUR,0.2416,0.4514,0.307
SPADES JACK DIAMONDS FOUR,0.387,0.0176,0.5954
SPADES TEN DIAMONDS FOUR,0.3804,0.0274,0.5922
CLUBS FOUR CLUBS FIVE,0.5118,0.06,0.4282
CLUBS SEVEN CLUBS FOUR,0.5264,0.0532,0.4204
CLUBS SIX CLUBS FOUR,0.5078,0.0626,0.4296
CLUBS SEVEN SPADES NINE,0.3486,0.0392,0.6122
CLUBS SEVEN SPADES SIX,0.5086,0.0596,0.4318
CLUBS SEVEN SPADES SEVEN,0.2752,0.082,0.6428
CLUBS SEVEN SPADES FIVE,0.5126,0.061,0.4264
CLUBS SEVEN SPADES FOUR,0.5476,0.0644,0.388
CLUBS SEVEN SPADES THREE,0.5674,0.0652,0.3674
CLUBS NINE CLUBS SEVEN,0.342,0.0408,0.6172
CLUBS EIGHT CLUBS SEVEN,0.253,0.27,0.477
HEARTS SIX DIAMONDS FIVE,0.526,0.0718,0.4022
DIAMONDS FIVE HEARTS SEVEN,0.529,0.0666,0.4044
DIAMONDS FIVE HEARTS EIGHT,0.2534,0.4128,0.3338
HEARTS NINE DIAMONDS FIVE,0.3954,0.0372,0.5674
DIAMONDS QUEEN DIAMONDS FIVE,0.3814,0.012,0.6066
HEARTS TWO DIAMONDS FIVE,0.6168,0.1368,0.2464
HEARTS KING HEARTS EIGHT,0.2616,0.0304,0.708
DIAMONDS KING DIAMONDS FIVE,0.3762,0.0096,0.6142
HEARTS THREE DIAMONDS FIVE,0.5498,0.0652,0.385
HEARTS QUEEN HEARTS EIGHT,0.2506,0.0468,0.7026
DIAMONDS ACE DIAMONDS FIVE,0.3626,0.0048,0.6326
HEARTS FOUR DIAMONDS FIVE,0.5318,0.0644,0.4038
HEARTS FIVE DIAMONDS FIVE,0.2882,0.1,0.6118
HEARTS ACE HEARTS EIGHT,0.2516,0.026,0.7224
CLUBS FOUR DIAMONDS FIVE,0.5442,0.0706,0.3852
CLUBS FIVE DIAMONDS FIVE,0.2898,0.0984,0.6118
CLUBS SIX DIAMONDS FIVE,0.5286,0.0646,0.4068
CLUBS SEVEN DIAMONDS FIVE,0.539,0.0612,0.3998
CLUBS TWO DIAMONDS FIVE,0.6106,0.1422,0.2472
CLUBS THREE DIAMONDS FIVE,0.5448,0.069,0.3862
SPADES THREE DIAMONDS FIVE,0.5424,0.0768,0.3808
SPADES JACK DIAMONDS EIGHT,0.2636,0.0576,0.6788
SPADES FIVE DIAMONDS FIVE,0.2702,0.0948,0.635
HEARTS JACK CLUBS TEN,0.3458,0.015,0.6392
SPADES TEN DIAMONDS EIGHT,0.2518,0.0846,0.6636
SPADES FOUR DIAMONDS FIVE,0.5208,0.0702,0.409
HEARTS JACK CLUBS JACK,0.1836,0.0394,0.777
HEARTS JACK CLUBS QUEEN,0.3662,0.0106,0.6232
CLUBS NINE DIAMONDS FIVE,0.3732,0.038,0.5888
HEARTS JACK CLUBS KING,0.3638,0.007,0.6292
CLUBS EIGHT DIAMONDS FIVE,0.2588,0.4154,0.3258
HEARTS JACK CLUBS ACE,0.3594,0.0038,0.6368
SPADES SEVEN DIAMONDS FIVE,0.522,0.066,0.412
SPADES KING DIAMONDS EIGHT,0.2506,0.0364,0.713
SPADES SIX DIAMONDS FIVE,0.5298,0.0638,0.4064
SPADES QUEEN DIAMONDS EIGHT,0.2604,0.0516,0.688
SPADES NINE DIAMONDS FIVE,0.373,0.0452,0.5818
SPADES ACE DIAMONDS EIGHT,0.2482,0.0306,0.7212
DIAMONDS TEN DIAMONDS SIX,0.3702,0.0252,0.6046
HEARTS ACE DIAMONDS SEVEN,0.3886,0.0046,0.6068
DIAMONDS JACK DIAMONDS SIX,0.3674,0.0186,0.614
HEARTS QUEEN DIAMONDS SEVEN,0.4014,0.0108,0.5878
HEARTS KING DIAMONDS SEVEN,0.379,0.0052,0.6158
DIAMONDS ACE DIAMONDS SIX,0.378,0.0048,0.6172
HEARTS FOUR DIAMONDS SIX,0.5472,0.0666,0.3862
HEARTS FIVE DIAMONDS SIX,0.5306,0.0666,0.4028
DIAMONDS QUEEN DIAMONDS SIX,0.3826,0.013,0.6044
HEARTS TWO DIAMONDS SIX,0.6408,0.1294,0.2298
DIAMONDS KING DIAMONDS SIX,0.3624,0.0102,0.6274
HEARTS THREE DIAMONDS SIX,0.5568,0.0656,0.3776
HEARTS EIGHT DIAMONDS SIX,0.2634,0.3568,0.3798
HEARTS NINE DIAMONDS SIX,0.3786,0.0374,0.584
HEARTS SIX DIAMONDS SIX,0.2962,0.0808,0.623
HEARTS SEVEN DIAMONDS SIX,0.5212,0.0646,0.4142
HEARTS TEN DIAMONDS SEVEN,0.3672,0.0244,0.6084
CLUBS TWO DIAMONDS SIX,0.6346,0.1348,0.2306
HEARTS JACK DIAMONDS SEVEN,0.3916,0.0164,0.592
CLUBS THREE DIAMONDS SIX,0.5646,0.0634,0.372
DIAMONDS EIGHT CLUBS JACK,0.2774,0.0546,0.668
CLUBS SEVEN DIAMONDS SIX,0.527,0.063,0.41
CLUBS SIX DIAMONDS SIX,0.2862,0.0874,0.6264
DIAMONDS EIGHT CLUBS TEN,0.2878,0.077,0.6352
CLUBS FIVE DIAMONDS SIX,0.5258,0.0662,0.408
CLUBS FOUR DIAMONDS SIX,0.5416,0.0646,0.3938
HEARTS ACE HEARTS JACK,0.3524,0.0032,0.6444
DIAMONDS EIGHT CLUBS ACE,0.2728,0.0322,0.695
HEARTS JACK HEARTS QUEEN,0.34,0.0118,0.6482
DIAMONDS EIGHT CLUBS KING,0.2812,0.0362,0.6826
CLUBS NINE DIAMONDS SIX,0.3916,0.0378,0.5706
HEARTS KING HEARTS JACK,0.3444,0.0068,0.6488
DIAMONDS EIGHT CLUBS QUEEN,0.2722,0.048,0.6798
CLUBS EIGHT DIAMONDS SIX,0.2514,0.3538,0.3948
SPADES TEN HEARTS KING,0.3434,0.0086,0.648
SPADES FIVE DIAMONDS SIX,0.5228,0.0608,0.4164
SPADES JACK HEARTS KING,0.3544,0.0072,0.6384
SPADES FOUR DIAMONDS SIX,0.538,0.0644,0.3976
SPADES THREE DIAMONDS SIX,0.545,0.0676,0.3874
SPADES ACE SPADES KING,0.2972,0.0056,0.6972
HEARTS TEN HEARTS EIGHT,0.2474,0.0772,0.6754
SPADES NINE DIAMONDS SIX,0.3518,0.0442,0.604
HEARTS JACK HEARTS EIGHT,0.266,0.059,0.675
SPADES SEVEN DIAMONDS SIX,0.5226,0.0692,0.4082
SPADES SIX DIAMONDS SIX,0.2892,0.098,0.6128
SPADES KING HEARTS KING,0.1542,0.0156,0.8302
SPADES QUEEN HEARTS KING,0.3378,0.0062,0.656
CLUBS ACE CLUBS KING,0.3516,0.0062,0.6422
SPADES ACE HEARTS KING,0.3374,0.0052,0.6574
SPADES ACE HEARTS JACK,0.3568,0.006,0.6372
SPADES QUEEN HEARTS JACK,0.3458,0.0124,0.6418
SPADES KING HEARTS JACK,0.3462,0.0088,0.645
SPADES TEN DIAMONDS TEN,0.1596,0.0452,0.7952
SPADES JACK DIAMONDS TEN,0.3268,0.0146,0.6586
SPADES ACE DIAMONDS TEN,0.3466,0.0054,0.648
SPADES JACK HEARTS JACK,0.1662,0.0374,0.7964
SPADES TEN HEARTS JACK,0.3336,0.0116,0.6548
SPADES QUEEN DIAMONDS TEN,0.343,0.013,0.644
SPADES KING DIAMONDS TEN,0.3424,0.011,0.6466
SPADES NINE DIAMONDS SEVEN,0.3524,0.035,0.6126
SPADES SEVEN DIAMONDS SEVEN,0.2746,0.081,0.6444
SPADES SIX DIAMONDS SEVEN,0.5134,0.0688,0.4178
DIAMONDS KING DIAMONDS SEVEN,0.353,0.0084,0.6386
HEARTS THREE DIAMONDS SEVEN,0.579,0.0618,0.3592
HEARTS KING DIAMONDS FIVE,0.3962,0.0086,0.5952
DIAMONDS QUEEN DIAMONDS SEVEN,0.3748,0.0098,0.6154
HEARTS TWO DIAMONDS SEVEN,0.6432,0.1346,0.2222
HEARTS QUEEN DIAMONDS FIVE,0.399,0.0122,0.5888
HEARTS FIVE DIAMONDS SEVEN,0.538,0.0624,0.3996
DIAMONDS ACE DIAMONDS SEVEN,0.368,0.0062,0.6258
HEARTS FOUR DIAMONDS SEVEN,0.5532,0.0656,0.3812
HEARTS ACE DIAMONDS FIVE,0.3808,0.0048,0.6144
HEARTS SEVEN DIAMONDS SEVEN,0.2894,0.0792,0.6314
HEARTS SIX DIAMONDS SEVEN,0.5198,0.0594,0.4208
HEARTS NINE DIAMONDS SEVEN,0.3576,0.037,0.6054
DIAMONDS SEVEN HEARTS EIGHT,0.2626,0.276,0.4614
DIAMONDS JACK DIAMONDS SEVEN,0.3596,0.0172,0.6232
HEARTS JACK DIAMONDS FIVE,0.4024,0.015,0.5826
DIAMONDS TEN DIAMONDS SEVEN,0.3518,0.028,0.6202
DIAMONDS FIVE HEARTS TEN,0.3964,0.0268,0.5768
SPADES KING CLUBS TWO,0.264,0.0278,0.7082
HEARTS KING CLUBS KING,0.181,0.013,0.806
CLUBS EIGHT DIAMONDS SEVEN,0.2612,0.2746,0.4642
SPADES QUEEN CLUBS TWO,0.2722,0.034,0.6938
HEARTS KING CLUBS QUEEN,0.361,0.0046,0.6344
CLUBS NINE DIAMONDS SEVEN,0.358,0.042,0.6
SPADES ACE CLUBS TWO,0.279,0.0176,0.7034
HEARTS KING CLUBS ACE,0.3666,0.0066,0.6268
CLUBS SIX CLUBS SEVEN,0.4854,0.06,0.4546
CLUBS EIGHT CLUBS SIX,0.2492,0.3204,0.4304
SPADES THREE DIAMONDS SEVEN,0.561,0.0626,0.3764
CLUBS NINE CLUBS SIX,0.3518,0.0366,0.6116
SPADES FOUR DIAMONDS SEVEN,0.5362,0.0642,0.3996
HEARTS KING CLUBS JACK,0.3734,0.0066,0.62
SPADES FIVE DIAMONDS SEVEN,0.5276,0.0604,0.412
HEARTS KING CLUBS TEN,0.3672,0.0072,0.6256
CLUBS SIX SPADES THREE,0.5528,0.067,0.3802
CLUBS TWO DIAMONDS SEVEN,0.648,0.1304,0.2216
CLUBS SIX SPADES FOUR,0.557,0.059,0.384
CLUBS THREE DIAMONDS SEVEN,0.5692,0.064,0.3668
CLUBS SIX SPADES FIVE,0.5182,0.068,0.4138
CLUBS FOUR DIAMONDS SEVEN,0.5508,0.0624,0.3868
CLUBS SIX SPADES SIX,0.2806,0.0882,0.6312
CLUBS FIVE DIAMONDS SEVEN,0.552,0.0566,0.3914
CLUBS SIX SPADES SEVEN,0.5284,0.0688,0.4028
CLUBS SIX DIAMONDS SEVEN,0.5244,0.0574,0.4182
SPADES JACK CLUBS TWO,0.2738,0.0554,0.6708
CLUBS SIX SPADES NINE,0.3652,0.0388,0.596
SPADES TEN CLUBS TWO,0.271,0.0702,0.6588
CLUBS SEVEN DIAMONDS SEVEN,0.2824,0.0838,0.6338
CLUBS TWO CLUBS QUEEN,0.2694,0.0396,0.691
CLUBS TWO CLUBS KING,0.2668,0.0272,0.706
CLUBS THREE DIAMONDS EIGHT,0.2536,0.4854,0.261
CLUBS TWO CLUBS ACE,0.2666,0.017,0.7164
CLUBS TWO DIAMONDS EIGHT,0.0726,0.9044,0.023
DIAMONDS EIGHT HEARTS SEVEN,0.26,0.2738,0.4662
HEARTS SIX DIAMONDS EIGHT,0.2644,0.344,0.3916
DIAMONDS EIGHT HEARTS NINE,0.2698,0.0948,0.6354
CLUBS TWO CLUBS TEN,0.2602,0.0686,0.6712
DIAMONDS EIGHT HEARTS EIGHT,0.1272,0.0726,0.8002
CLUBS TWO CLUBS JACK,0.276,0.049,0.675
CLUBS NINE DIAMONDS EIGHT,0.2716,0.0934,0.635
CLUBS EIGHT DIAMONDS EIGHT,0.1228,0.0816,0.7956
CLUBS FIVE DIAMONDS EIGHT,0.2642,0.4142,0.3216
SPADES ACE SPADES THREE,0.3336,0.0068,0.6596
CLUBS FOUR DIAMONDS EIGHT,0.2684,0.4682,0.2634
SPADES QUEEN SPADES THREE,0.34,0.0164,0.6436
CLUBS SEVEN DIAMONDS EIGHT,0.2578,0.276,0.4662
CLUBS SIX DIAMONDS EIGHT,0.2538,0.3416,0.4046
SPADES KING SPADES THREE,0.3644,0.0106,0.625
DIAMONDS QUEEN DIAMONDS EIGHT,0.2548,0.0474,0.6978
HEARTS TWO DIAMONDS EIGHT,0.069,0.9058,0.0252
DIAMONDS KING DIAMONDS EIGHT,0.2538,0.0336,0.7126
HEARTS THREE DIAMONDS EIGHT,0.2726,0.4818,0.2456
DIAMONDS ACE DIAMONDS EIGHT,0.258,0.0306,0.7114
HEARTS FOUR DIAMONDS EIGHT,0.2586,0.484,0.2574
HEARTS FIVE DIAMONDS EIGHT,0.2584,0.4202,0.3214
DIAMONDS EIGHT DIAMONDS TEN,0.2628,0.0694,0.6678
DIAMONDS EIGHT DIAMONDS JACK,0.2498,0.0616,0.6886
SPADES JACK SPADES THREE,0.35,0.0192,0.6308
SPADES TEN SPADES THREE,0.3394,0.0268,0.6338
CLUBS FOUR HEARTS ACE,0.3784,0.0054,0.6162
CLUBS FOUR HEARTS QUEEN,0.3928,0.0144,0.5928
CLUBS FOUR HEARTS KING,0.4036,0.0092,0.5872
CLUBS SIX HEARTS TEN,0.3856,0.0224,0.592
CLUBS SIX HEARTS JACK,0.395,0.0168,0.5882
SPADES FOUR DIAMONDS EIGHT,0.2536,0.4932,0.2532
SPADES FIVE DIAMONDS EIGHT,0.2552,0.41,0.3348
DIAMONDS EIGHT SPADES THREE,0.255,0.493,0.252
CLUBS FOUR HEARTS JACK,0.409,0.0164,0.5746
SPADES TEN DIAMONDS QUEEN,0.3414,0.0104,0.6482
SPADES TEN HEARTS TWO,0.2624,0.076,0.6616
SPADES JACK HEARTS EIGHT,0.2486,0.0606,0.6908
CLUBS FOUR HEARTS TEN,0.3874,0.0286,0.584
SPADES NINE DIAMONDS EIGHT,0.2486,0.104,0.6474
SPADES TEN HEARTS EIGHT,0.2554,0.0826,0.662
SPADES JACK HEARTS TWO,0.2604,0.056,0.6836
SPADES JACK DIAMONDS QUEEN,0.3356,0.0102,0.6542
SPADES SIX DIAMONDS EIGHT,0.253,0.3412,0.4058
SPADES SEVEN DIAMONDS EIGHT,0.2344,0.2928,0.4728
SPADES ACE HEARTS TWO,0.2832,0.0184,0.6984
SPADES ACE DIAMONDS QUEEN,0.3488,0.0044,0.6468
SPADES ACE HEARTS EIGHT,0.2496,0.0316,0.7188
SPADES KING HEARTS EIGHT,0.2524,0.0338,0.7138
SPADES QUEEN HEARTS TWO,0.2678,0.0428,0.6894
SPADES QUEEN DIAMONDS QUEEN,0.1652,0.025,0.8098
SPADES KING DIAMONDS QUEEN,0.3484,0.0076,0.644
SPADES KING HEARTS TWO,0.2684,0.0286,0.703
SPADES QUEEN HEARTS EIGHT,0.2644,0.046,0.6896
CLUBS TWO HEARTS TEN,0.2826,0.071,0.6464
CLUBS TWO HEARTS JACK,0.2968,0.0506,0.6526
SPADES SEVEN DIAMONDS NINE,0.351,0.0396,0.6094
SPADES SIX DIAMONDS NINE,0.374,0.0448,0.5812
SPADES NINE DIAMONDS NINE,0.1614,0.0624,0.7762
SPADES TEN CLUBS KING,0.3524,0.0062,0.6414
DIAMONDS NINE SPADES THREE,0.3824,0.049,0.5686
SPADES JACK CLUBS KING,0.3476,0.0082,0.6442
SPADES FIVE DIAMONDS NINE,0.3782,0.0426,0.5792
DIAMONDS NINE SPADES FOUR,0.3812,0.0424,0.5764
CLUBS NINE DIAMONDS NINE,0.1688,0.0616,0.7696
CLUBS EIGHT DIAMONDS NINE,0.2676,0.1046,0.6278
CLUBS SIX DIAMONDS NINE,0.381,0.038,0.581
SPADES JACK CLUBS FOUR,0.3856,0.021,0.5934
SPADES TEN CLUBS FOUR,0.3792,0.0294,0.5914
CLUBS SEVEN DIAMONDS NINE,0.369,0.0366,0.5944
CLUBS FOUR DIAMONDS NINE,0.401,0.0408,0.5582
CLUBS FIVE DIAMONDS NINE,0.3774,0.0454,0.5772
CLUBS TWO DIAMONDS NINE,0.289,0.1012,0.6098
CLUBS THREE DIAMONDS NINE,0.3992,0.0484,0.5524
DIAMONDS NINE HEARTS EIGHT,0.2724,0.0916,0.636
DIAMONDS NINE HEARTS NINE,0.169,0.0544,0.7766
HEARTS SIX DIAMONDS NINE,0.3882,0.0356,0.5762
DIAMONDS NINE HEARTS SEVEN,0.365,0.033,0.602
CLUBS EIGHT CLUBS NINE,0.2574,0.0974,0.6452
DIAMONDS ACE DIAMONDS NINE,0.3564,0.0044,0.6392
HEARTS FOUR DIAMONDS NINE,0.4026,0.0416,0.5558
HEARTS FIVE DIAMONDS NINE,0.381,0.0412,0.5778
CLUBS TWO HEARTS ACE,0.2932,0.0152,0.6916
SPADES ACE CLUBS FOUR,0.374,0.0058,0.6202
DIAMONDS QUEEN DIAMONDS NINE,0.3296,0.0094,0.661
HEARTS TWO DIAMONDS NINE,0.2734,0.1066,0.62
CLUBS TWO HEARTS KING,0.2838,0.0302,0.686
SPADES KING CLUBS FOUR,0.395,0.0082,0.5968
DIAMONDS KING DIAMONDS NINE,0.354,0.0088,0.6372
HEARTS THREE DIAMONDS NINE,0.4016,0.0446,0.5538
CLUBS TWO HEARTS QUEEN,0.2826,0.0372,0.6802
SPADES QUEEN CLUBS FOUR,0.3742,0.0128,0.613
DIAMONDS NINE DIAMONDS JACK,0.3236,0.0166,0.6598
CLUBS EIGHT SPADES NINE,0.2554,0.1064,0.6382
DIAMONDS NINE DIAMONDS TEN,0.3184,0.0226,0.659
CLUBS EIGHT SPADES SEVEN,0.2506,0.2794,0.47
CLUBS EIGHT SPADES SIX,0.2528,0.3544,0.3928
CLUBS EIGHT SPADES FIVE,0.2432,0.435,0.3218
CLUBS EIGHT SPADES FOUR,0.2544,0.4894,0.2562
CLUBS EIGHT SPADES THREE,0.2498,0.5022,0.248
HEARTS SIX DIAMONDS TEN,0.3904,0.0228,0.5868
DIAMONDS TEN HEARTS SEVEN,0.3754,0.0256,0.599
DIAMONDS TEN HEARTS EIGHT,0.2722,0.0712,0.6566
CLUBS FOUR CLUBS JACK,0.3724,0.0194,0.6082
DIAMONDS TEN HEARTS NINE,0.3406,0.0252,0.6342
CLUBS FOUR CLUBS TEN,0.3594,0.0298,0.6108
CLUBS FOUR CLUBS KING,0.3778,0.0064,0.6158
CLUBS FOUR CLUBS QUEEN,0.3772,0.0112,0.6116
CLUBS TWO DIAMONDS TEN,0.2892,0.0704,0.6404
CLUBS THREE DIAMONDS TEN,0.4008,0.025,0.5742
CLUBS FOUR CLUBS ACE,0.3532,0.004,0.6428
DIAMONDS JACK DIAMONDS TEN,0.3294,0.0138,0.6568
DIAMONDS QUEEN DIAMONDS TEN,0.3384,0.0116,0.65
HEARTS TWO DIAMONDS TEN,0.2968,0.065,0.6382
DIAMONDS KING DIAMONDS TEN,0.3418,0.0076,0.6506
HEARTS THREE DIAMONDS TEN,0.402,0.029,0.569
DIAMONDS ACE DIAMONDS TEN,0.3372,0.004,0.6588
HEARTS FOUR DIAMONDS TEN,0.3922,0.0262,0.5816
CLUBS EIGHT HEARTS JACK,0.2706,0.0632,0.6662
HEARTS FIVE DIAMONDS TEN,0.388,0.0274,0.5846
CLUBS EIGHT HEARTS TEN,0.2702,0.0788,0.651
CLUBS EIGHT HEARTS QUEEN,0.274,0.0474,0.6786
CLUBS EIGHT HEARTS KING,0.267,0.037,0.696
CLUBS EIGHT HEARTS ACE,0.2684,0.0286,0.703
CLUBS NINE SPADES THREE,0.3812,0.0414,0.5774
CLUBS NINE SPADES FIVE,0.364,0.0368,0.5992
CLUBS NINE SPADES FOUR,0.3806,0.0408,0.5786
CLUBS NINE SPADES SEVEN,0.339,0.0386,0.6224
CLUBS NINE SPADES SIX,0.368,0.0424,0.5896
CLUBS NINE SPADES NINE,0.1706,0.061,0.7684
CLUBS TEN HEARTS EIGHT,0.264,0.081,0.655
CLUBS JACK HEARTS EIGHT,0.2708,0.0504,0.6788
CLUBS QUEEN HEARTS EIGHT,0.2836,0.0514,0.665
CLUBS KING HEARTS EIGHT,0.2682,0.032,0.6998
CLUBS ACE HEARTS EIGHT,0.2656,0.029,0.7054
SPADES KING CLUBS KING,0.1614,0.0148,0.8238
SPADES QUEEN CLUBS KING,0.333,0.0064,0.6606
SPADES ACE CLUBS KING,0.3416,0.0058,0.6526
DIAMONDS ACE HEARTS TEN,0.3558,0.0026,0.6416
HEARTS FOUR HEARTS TEN,0.3712,0.0212,0.6076
DIAMONDS ACE HEARTS JACK,0.3734,0.0044,0.6222
HEARTS FOUR HEARTS JACK,0.3664,0.022,0.6116
SPADES KING CLUBS FIVE,0.3744,0.0086,0.617
SPADES QUEEN CLUBS FIVE,0.3782,0.0126,0.6092
SPADES ACE CLUBS FIVE,0.3732,0.0074,0.6194
DIAMONDS JACK HEARTS SEVEN,0.391,0.016,0.593
HEARTS SIX DIAMONDS JACK,0.4026,0.0172,0.5802
DIAMONDS JACK HEARTS NINE,0.3514,0.0132,0.6354
DIAMONDS JACK HEARTS EIGHT,0.2722,0.0614,0.6664
DIAMONDS KING DIAMONDS JACK,0.34,0.0066,0.6534
HEARTS THREE DIAMONDS JACK,0.398,0.022,0.58
SPADES ACE SPADES SIX,0.3316,0.0048,0.6636
SPADES FOUR HEARTS ACE,0.3828,0.0064,0.6108
DIAMONDS QUEEN DIAMONDS JACK,0.3374,0.0096,0.653
HEARTS TWO DIAMONDS JACK,0.2888,0.0472,0.664
HEARTS FIVE DIAMONDS JACK,0.4028,0.0182,0.579
SPADES QUEEN SPADES SIX,0.339,0.0142,0.6468
SPADES FOUR HEARTS QUEEN,0.3916,0.0128,0.5956
DIAMONDS ACE DIAMONDS JACK,0.3398,0.0036,0.6566
HEARTS FOUR DIAMONDS JACK,0.3962,0.019,0.5848
SPADES KING SPADES SIX,0.3264,0.0088,0.6648
HEARTS KING SPADES FOUR,0.3856,0.0086,0.6058
SPADES TEN SPADES SIX,0.3328,0.03,0.6372
SPADES JACK SPADES SIX,0.3356,0.0198,0.6446
SPADES FOUR DIAMONDS JACK,0.3998,0.0204,0.5798
SPADES FIVE DIAMONDS JACK,0.3838,0.0198,0.5964
SPADES THREE DIAMONDS JACK,0.3948,0.018,0.5872
SPADES ACE DIAMONDS THREE,0.3882,0.0054,0.6064
SPADES QUEEN DIAMONDS THREE,0.3908,0.0134,0.5958
CLUBS EIGHT DIAMONDS JACK,0.2822,0.06,0.6578
SPADES KING DIAMONDS THREE,0.3696,0.0118,0.6186
CLUBS NINE DIAMONDS JACK,0.3514,0.0184,0.6302
CLUBS SIX DIAMONDS JACK,0.3934,0.017,0.5896
CLUBS SEVEN DIAMONDS JACK,0.382,0.0184,0.5996
CLUBS FOUR DIAMONDS JACK,0.3984,0.0164,0.5852
CLUBS FIVE DIAMONDS JACK,0.398,0.0214,0.5806
CLUBS TWO DIAMONDS JACK,0.2792,0.0552,0.6656
CLUBS THREE DIAMONDS JACK,0.3986,0.0178,0.5836
SPADES TEN CLUBS FIVE,0.3928,0.0304,0.5768
HEARTS SIX SPADES JACK,0.3884,0.0182,0.5934
HEARTS SIX SPADES TEN,0.3686,0.026,0.6054
SPADES JACK CLUBS FIVE,0.3868,0.0196,0.5936
SPADES JACK DIAMONDS THREE,0.3956,0.0186,0.5858
CLUBS SEVEN CLUBS ACE,0.3836,0.0032,0.6132
DIAMONDS THREE SPADES TEN,0.3848,0.031,0.5842
CLUBS SEVEN CLUBS QUEEN,0.3664,0.0132,0.6204
CLUBS SEVEN CLUBS KING,0.367,0.007,0.626
SPADES NINE DIAMONDS JACK,0.3446,0.0194,0.636
CLUBS SEVEN CLUBS TEN,0.3642,0.0274,0.6084
DIAMONDS ACE HEARTS ACE,0.1658,0.0034,0.8308
HEARTS FOUR HEARTS ACE,0.3632,0.005,0.6318
SPADES ACE HEARTS SIX,0.3812,0.004,0.6148
CLUBS SEVEN CLUBS JACK,0.3608,0.0168,0.6224
DIAMONDS ACE HEARTS KING,0.3602,0.0052,0.6346
HEARTS FOUR HEARTS KING,0.3654,0.0082,0.6264
SPADES SEVEN DIAMONDS JACK,0.3774,0.0164,0.6062
SPADES KING HEARTS SIX,0.389,0.0054,0.6056
DIAMONDS ACE HEARTS QUEEN,0.3834,0.0046,0.612
HEARTS FOUR HEARTS QUEEN,0.3712,0.0118,0.617
SPADES SIX DIAMONDS JACK,0.3818,0.0216,0.5966
SPADES QUEEN HEARTS SIX,0.385,0.0132,0.6018
SPADES THREE DIAMONDS TEN,0.3864,0.0282,0.5854
SPADES FOUR DIAMONDS TEN,0.388,0.0318,0.5802
SPADES FIVE DIAMONDS TEN,0.382,0.0258,0.5922
SPADES SIX DIAMONDS TEN,0.3752,0.028,0.5968
SPADES SEVEN DIAMONDS TEN,0.362,0.0254,0.6126
SPADES NINE DIAMONDS TEN,0.3276,0.0242,0.6482
CLUBS FOUR DIAMONDS TEN,0.4006,0.027,0.5724
CLUBS FIVE DIAMONDS TEN,0.3894,0.0278,0.5828
CLUBS SIX DIAMONDS TEN,0.3734,0.029,0.5976
CLUBS SEVEN DIAMONDS TEN,0.3754,0.0248,0.5998
CLUBS EIGHT DIAMONDS TEN,0.2766,0.079,0.6444
CLUBS NINE DIAMONDS TEN,0.3332,0.0224,0.6444
DIAMONDS THREE CLUBS JACK,0.397,0.0204,0.5826
DIAMONDS THREE CLUBS TEN,0.3978,0.0268,0.5754
DIAMONDS THREE CLUBS KING,0.4034,0.0078,0.5888
DIAMONDS THREE CLUBS QUEEN,0.3996,0.0112,0.5892
DIAMONDS THREE CLUBS ACE,0.3834,0.0066,0.61
SPADES FOUR HEARTS JACK,0.3998,0.0232,0.577
SPADES FOUR HEARTS TEN,0.3832,0.0322,0.5846
DIAMONDS QUEEN CLUBS THREE,0.4126,0.012,0.5754
HEARTS TWO CLUBS THREE,0.6268,0.1356,0.2376
DIAMONDS QUEEN CLUBS TWO,0.2976,0.0366,0.6658
CLUBS TWO HEARTS TWO,0.3082,0.0738,0.618
DIAMONDS QUEEN HEARTS SEVEN,0.3914,0.0146,0.594
HEARTS TWO HEARTS SEVEN,0.6054,0.14,0.2546
HEARTS SIX DIAMONDS QUEEN,0.3992,0.0128,0.588
HEARTS SIX HEARTS TWO,0.5902,0.1354,0.2744
DIAMONDS QUEEN HEARTS NINE,0.3646,0.0106,0.6248
HEARTS TWO HEARTS NINE,0.2714,0.0908,0.6378
DIAMONDS QUEEN HEARTS EIGHT,0.2828,0.0494,0.6678
HEARTS TWO HEARTS EIGHT,0.0702,0.8568,0.073
CLUBS NINE HEARTS TWO,0.2772,0.108,0.6148
CLUBS NINE DIAMONDS QUEEN,0.362,0.0074,0.6306
CLUBS EIGHT HEARTS TWO,0.0732,0.9046,0.0222
CLUBS EIGHT DIAMONDS QUEEN,0.282,0.0446,0.6734
CLUBS FIVE DIAMONDS QUEEN,0.3884,0.0132,0.5984
CLUBS FIVE HEARTS TWO,0.6168,0.1324,0.2508
CLUBS FOUR DIAMONDS QUEEN,0.4018,0.0142,0.584
CLUBS FOUR HEARTS TWO,0.6194,0.1324,0.2482
CLUBS SEVEN HEARTS TWO,0.644,0.1352,0.2208
CLUBS SEVEN DIAMONDS QUEEN,0.3916,0.011,0.5974
CLUBS SIX DIAMONDS QUEEN,0.3974,0.0116,0.591
CLUBS SIX HEARTS TWO,0.6336,0.1292,0.2372
DIAMONDS QUEEN SPADES SIX,0.3856,0.0128,0.6016
HEARTS TWO SPADES SIX,0.6204,0.1448,0.2348
HEARTS FOUR CLUBS QUEEN,0.395,0.0104,0.5946
DIAMONDS ACE CLUBS QUEEN,0.3572,0.0056,0.6372
DIAMONDS QUEEN SPADES SEVEN,0.3776,0.012,0.6104
SPADES SEVEN HEARTS TWO,0.6352,0.1432,0.2216
HEARTS FOUR CLUBS KING,0.3954,0.0074,0.5972
DIAMONDS ACE CLUBS KING,0.3656,0.0056,0.6288
HEARTS FOUR CLUBS ACE,0.385,0.006,0.609
DIAMONDS ACE CLUBS ACE,0.1688,0.0042,0.827
SPADES NINE DIAMONDS QUEEN,0.3416,0.011,0.6474
SPADES NINE HEARTS TWO,0.2622,0.101,0.6368
HEARTS TWO SPADES THREE,0.6028,0.1474,0.2498
DIAMONDS QUEEN SPADES THREE,0.3842,0.017,0.5988
HEARTS TWO SPADES FOUR,0.5976,0.1388,0.2636
DIAMONDS QUEEN SPADES FOUR,0.3928,0.0118,0.5954
HEARTS FOUR CLUBS TEN,0.4002,0.0258,0.574
DIAMONDS ACE CLUBS TEN,0.3622,0.0042,0.6336
HEARTS TWO SPADES FIVE,0.6036,0.1346,0.2618
DIAMONDS QUEEN SPADES FIVE,0.3812,0.012,0.6068
HEARTS FOUR CLUBS JACK,0.3986,0.019,0.5824
DIAMONDS ACE CLUBS JACK,0.3668,0.003,0.6302
CLUBS FIVE CLUBS KING,0.3734,0.0096,0.617
CLUBS FIVE CLUBS QUEEN,0.3724,0.0136,0.614
CLUBS FIVE CLUBS ACE,0.3578,0.0034,0.6388
CLUBS FIVE CLUBS JACK,0.3812,0.0168,0.602
CLUBS FIVE CLUBS TEN,0.3868,0.0272,0.586
SPADES KING CLUBS JACK,0.3426,0.0062,0.6512
SPADES QUEEN CLUBS JACK,0.3384,0.009,0.6526
SPADES ACE CLUBS JACK,0.3524,0.0042,0.6434
SPADES SIX CLUBS KING,0.3788,0.01,0.6112
SPADES SIX CLUBS QUEEN,0.389,0.0108,0.6002
SPADES SIX CLUBS ACE,0.3888,0.0046,0.6066
SPADES SIX CLUBS JACK,0.384,0.0214,0.5946
SPADES SIX CLUBS TEN,0.3708,0.0246,0.6046
SPADES TEN CLUBS JACK,0.3344,0.0172,0.6484
SPADES JACK CLUBS JACK,0.1676,0.0346,0.7978
SPADES QUEEN CLUBS SEVEN,0.3712,0.0112,0.6176
SPADES KING CLUBS SEVEN,0.3754,0.0094,0.6152
SPADES ACE CLUBS SEVEN,0.3732,0.0064,0.6204
SPADES SIX HEARTS TEN,0.3774,0.0262,0.5964
SPADES SIX HEARTS JACK,0.3918,0.0184,0.5898
SPADES SIX HEARTS ACE,0.39,0.0058,0.6042
SPADES SIX HEARTS KING,0.3908,0.008,0.6012
SPADES SIX HEARTS QUEEN,0.3778,0.0126,0.6096
SPADES JACK CLUBS SEVEN,0.3636,0.0176,0.6188
CLUBS SEVEN SPADES TEN,0.3672,0.025,0.6078
HEARTS SIX CLUBS TEN,0.3852,0.0228,0.592
HEARTS SIX CLUBS JACK,0.4008,0.0164,0.5828
CLUBS ACE CLUBS JACK,0.3514,0.0042,0.6444
HEARTS SIX CLUBS QUEEN,0.3972,0.0124,0.5904
HEARTS SIX CLUBS KING,0.3802,0.0092,0.6106
HEARTS SIX CLUBS ACE,0.3918,0.005,0.6032
CLUBS QUEEN CLUBS JACK,0.3256,0.0096,0.6648
CLUBS KING CLUBS JACK,0.3456,0.0086,0.6458
DIAMONDS THREE HEARTS ACE,0.4086,0.0056,0.5858
DIAMONDS THREE HEARTS QUEEN,0.4,0.0156,0.5844
DIAMONDS THREE HEARTS KING,0.409,0.0082,0.5828
CLUBS FIVE HEARTS JACK,0.393,0.017,0.59
SPADES TEN DIAMONDS ACE,0.3582,0.006,0.6358
HEARTS FOUR SPADES TEN,0.3974,0.0284,0.5742
CLUBS FIVE HEARTS TEN,0.3986,0.027,0.5744
HEARTS FOUR SPADES JACK,0.3788,0.0214,0.5998
SPADES JACK DIAMONDS ACE,0.3434,0.0052,0.6514
SPADES ACE HEARTS FOUR,0.3748,0.0052,0.62
SPADES ACE DIAMONDS ACE,0.1522,0.0054,0.8424
CLUBS FIVE HEARTS ACE,0.3954,0.0052,0.5994
CLUBS FIVE HEARTS KING,0.3944,0.0074,0.5982
HEARTS FOUR SPADES QUEEN,0.3848,0.013,0.6022
SPADES QUEEN DIAMONDS ACE,0.3518,0.0044,0.6438
SPADES FOUR CLUBS JACK,0.393,0.0196,0.5874
CLUBS FIVE HEARTS QUEEN,0.3888,0.0116,0.5996
SPADES KING DIAMONDS ACE,0.3436,0.005,0.6514
HEARTS FOUR SPADES KING,0.3874,0.0084,0.6042
SPADES FOUR CLUBS TEN,0.3912,0.03,0.5788
DIAMONDS QUEEN DIAMONDS ACE,0.3436,0.0046,0.6518
HEARTS TWO DIAMONDS ACE,0.2848,0.0132,0.702
HEARTS FOUR DIAMONDS QUEEN,0.4026,0.011,0.5864
HEARTS FOUR HEARTS TWO,0.5802,0.1256,0.2942
DIAMONDS THREE HEARTS TEN,0.4172,0.0304,0.5524
SPADES FOUR CLUBS KING,0.3842,0.0092,0.6066
HEARTS FIVE DIAMONDS QUEEN,0.3948,0.0138,0.5914
HEARTS FIVE HEARTS TWO,0.5658,0.1424,0.2918
DIAMONDS THREE HEARTS JACK,0.4176,0.019,0.5634
SPADES FOUR CLUBS QUEEN,0.3732,0.012,0.6148
DIAMONDS QUEEN HEARTS TWO,0.2924,0.0394,0.6682
DIAMONDS KING DIAMONDS QUEEN,0.3372,0.0084,0.6544
DIAMONDS KING HEARTS TWO,0.2882,0.0242,0.6876
HEARTS THREE DIAMONDS QUEEN,0.3924,0.0136,0.594
HEARTS THREE HEARTS TWO,0.5808,0.125,0.2942
SPADES FOUR CLUBS ACE,0.3826,0.0074,0.61
HEARTS TWO CLUBS ACE,0.3024,0.0148,0.6828
DIAMONDS QUEEN CLUBS ACE,0.374,0.0038,0.6222
HEARTS TWO CLUBS QUEEN,0.2968,0.0354,0.6678
DIAMONDS QUEEN CLUBS QUEEN,0.1752,0.0244,0.8004
HEARTS TWO CLUBS KING,0.2912,0.0264,0.6824
DIAMONDS QUEEN CLUBS KING,0.3666,0.007,0.6264
HEARTS TWO CLUBS TEN,0.2752,0.078,0.6468
DIAMONDS QUEEN CLUBS TEN,0.3572,0.0084,0.6344
SPADES NINE SPADES FIVE,0.3246,0.045,0.6304
HEARTS TWO CLUBS JACK,0.279,0.0524,0.6686
DIAMONDS QUEEN CLUBS JACK,0.3568,0.0094,0.6338
SPADES SIX SPADES FIVE,0.516,0.0688,0.4152
SPADES SEVEN SPADES FIVE,0.521,0.0644,0.4146
DIAMONDS FIVE CLUBS QUEEN,0.3884,0.0128,0.5988
CLUBS KING DIAMONDS FIVE,0.4008,0.0062,0.593
CLUBS ACE DIAMONDS FIVE,0.3856,0.0036,0.6108
DIAMONDS FIVE CLUBS TEN,0.3942,0.025,0.5808
DIAMONDS FIVE CLUBS JACK,0.3888,0.0212,0.59
HEARTS JACK DIAMONDS TEN,0.3444,0.0142,0.6414
DIAMONDS TEN HEARTS TEN,0.188,0.0454,0.7666
SPADES ACE CLUBS NINE,0.36,0.0058,0.6342
CLUBS NINE SPADES QUEEN,0.3514,0.0122,0.6364
SPADES KING CLUBS NINE,0.34,0.008,0.652
HEARTS SIX HEARTS KING,0.3736,0.0072,0.6192
DIAMONDS KING SPADES SEVEN,0.3772,0.009,0.6138
HEARTS THREE SPADES SEVEN,0.5478,0.0682,0.384
SPADES KING DIAMONDS SEVEN,0.3704,0.0104,0.6192
HEARTS SIX HEARTS QUEEN,0.376,0.011,0.613
DIAMONDS KING SPADES SIX,0.3954,0.0052,0.5994
HEARTS THREE SPADES SIX,0.5514,0.0656,0.383
SPADES QUEEN DIAMONDS SEVEN,0.3826,0.0114,0.606
DIAMONDS KING SPADES NINE,0.3484,0.0096,0.642
HEARTS THREE SPADES NINE,0.363,0.046,0.591
HEARTS SIX HEARTS ACE,0.3716,0.0054,0.623
SPADES ACE DIAMONDS SEVEN,0.3794,0.0068,0.6138
CLUBS NINE HEARTS THREE,0.39,0.041,0.569
CLUBS NINE DIAMONDS KING,0.3638,0.0084,0.6278
CLUBS EIGHT HEARTS THREE,0.2724,0.4902,0.2374
CLUBS EIGHT DIAMONDS KING,0.275,0.0356,0.6894
HEARTS THREE SPADES THREE,0.3054,0.1044,0.5902
