opposingHand,winningChance,drawChance,lostChance
SPADES NINE HEARTS THREE
HEARTS FIVE SPADES TEN,0.3546,0.0292,0.6162
HEARTS FIVE SPADES JACK,0.3508,0.0188,0.6304
SPADES FIVE CLUBS JACK,0.3624,0.0216,0.616
CLUBS TEN SPADES FIVE,0.3592,0.0294,0.6114
CLUBS EIGHT CLUBS JACK,0.3204,0.015,0.6646
CLUBS TEN CLUBS EIGHT,0.3218,0.0234,0.6548
CLUBS EIGHT CLUBS KING,0.3482,0.0088,0.643
SPADES FIVE CLUBS ACE,0.3464,0.0036,0.65
CLUBS EIGHT CLUBS QUEEN,0.324,0.0122,0.6638
SPADES FIVE CLUBS KING,0.3828,0.0076,0.6096
SPADES FIVE CLUBS QUEEN,0.3636,0.0114,0.625
CLUBS EIGHT CLUBS ACE,0.3274,0.0044,0.6682
DIAMONDS TWO DIAMONDS THREE,0.5892,0.0998,0.311
DIAMONDS TWO DIAMONDS FIVE,0.5442,0.0448,0.411
HEARTS FIVE SPADES KING,0.3664,0.007,0.6266
DIAMONDS TWO DIAMONDS FOUR,0.5418,0.0516,0.4066
HEARTS FIVE SPADES QUEEN,0.3412,0.0136,0.6452
DIAMONDS TWO DIAMONDS SEVEN,0.5612,0.0418,0.397
DIAMONDS TWO DIAMONDS SIX,0.5514,0.0432,0.4054
SPADES ACE HEARTS FIVE,0.352,0.0038,0.6442
DIAMONDS TWO DIAMONDS NINE,0.252,0.4882,0.2598
DIAMONDS TWO DIAMONDS EIGHT,0.5648,0.04,0.3952
DIAMONDS THREE DIAMONDS FOUR,0.5772,0.1024,0.3204
SPADES FOUR CLUBS TWO,0.579,0.0514,0.3696
DIAMONDS THREE DIAMONDS FIVE,0.568,0.0952,0.3368
SPADES FIVE CLUBS TWO,0.5864,0.0478,0.3658
CLUBS TWO SPADES TWO,0.383,0.0904,0.5266
CLUBS TWO SPADES THREE,0.6408,0.1156,0.2436
DIAMONDS THREE DIAMONDS EIGHT,0.6108,0.1016,0.2876
SPADES EIGHT CLUBS TWO,0.5968,0.045,0.3582
DIAMONDS THREE DIAMONDS NINE,0.0194,0.9066,0.074
DIAMONDS THREE DIAMONDS SIX,0.598,0.1034,0.2986
SPADES SIX CLUBS TWO,0.601,0.0456,0.3534
DIAMONDS THREE DIAMONDS SEVEN,0.595,0.0976,0.3074
SPADES SEVEN CLUBS TWO,0.6124,0.0478,0.3398
CLUBS SIX CLUBS TWO,0.5638,0.0406,0.3956
CLUBS SEVEN CLUBS TWO,0.5726,0.0466,0.3808
CLUBS FOUR CLUBS TWO,0.554,0.0426,0.4034
CLUBS FIVE CLUBS TWO,0.5498,0.0424,0.4078
CLUBS TEN CLUBS JACK,0.284,0.0108,0.7052
DIAMONDS FOUR DIAMONDS SIX,0.5176,0.042,0.4404
CLUBS TEN CLUBS QUEEN,0.2942,0.0084,0.6974
DIAMONDS FOUR DIAMONDS SEVEN,0.5126,0.0414,0.446
CLUBS TEN CLUBS KING,0.3008,0.0084,0.6908
CLUBS TEN CLUBS ACE,0.3032,0.0044,0.6924
CLUBS EIGHT CLUBS TWO,0.5558,0.0436,0.4006
DIAMONDS FIVE DIAMONDS FOUR,0.503,0.0424,0.4546
CLUBS NINE CLUBS TWO,0.2464,0.4842,0.2694
DIAMONDS NINE DIAMONDS FOUR,0.2122,0.4842,0.3036
DIAMONDS EIGHT DIAMONDS FOUR,0.5416,0.0368,0.4216
CLUBS THREE CLUBS TWO,0.5942,0.104,0.3018
DIAMONDS NINE DIAMONDS FIVE,0.1924,0.4178,0.3898
DIAMONDS TWO CLUBS JACK,0.3878,0.0174,0.5948
DIAMONDS EIGHT DIAMONDS FIVE,0.5082,0.0436,0.4482
CLUBS TEN DIAMONDS TWO,0.3932,0.028,0.5788
DIAMONDS FIVE DIAMONDS SEVEN,0.5004,0.0468,0.4528
DIAMONDS FIVE DIAMONDS SIX,0.4902,0.0446,0.4652
DIAMONDS TWO CLUBS ACE,0.3824,0.005,0.6126
DIAMONDS TWO CLUBS KING,0.3918,0.0078,0.6004
DIAMONDS TWO CLUBS QUEEN,0.3958,0.0124,0.5918
DIAMONDS EIGHT DIAMONDS SIX,0.497,0.0346,0.4684
DIAMONDS NINE DIAMONDS SIX,0.207,0.3412,0.4518
HEARTS ACE SPADES THREE,0.2264,0.0252,0.7484
SPADES THREE HEARTS KING,0.2368,0.0354,0.7278
DIAMONDS SEVEN DIAMONDS SIX,0.491,0.0376,0.4714
SPADES THREE HEARTS QUEEN,0.2456,0.0398,0.7146
SPADES THREE HEARTS JACK,0.2362,0.072,0.6918
SPADES THREE HEARTS TEN,0.2268,0.0814,0.6918
DIAMONDS EIGHT DIAMONDS SEVEN,0.4818,0.0408,0.4774
DIAMONDS NINE DIAMONDS SEVEN,0.2116,0.2788,0.5096
DIAMONDS NINE DIAMONDS EIGHT,0.2018,0.2264,0.5718
DIAMONDS KING HEARTS TEN,0.3116,0.0066,0.6818
SPADES JACK CLUBS SIX,0.3578,0.0162,0.626
DIAMONDS KING HEARTS JACK,0.323,0.0072,0.6698
SPADES TEN CLUBS SIX,0.3332,0.0298,0.637
SPADES JACK SPADES FIVE,0.3412,0.0158,0.643
SPADES TEN SPADES FIVE,0.3352,0.0274,0.6374
DIAMONDS KING HEARTS ACE,0.3198,0.0058,0.6744
SPADES ACE CLUBS SIX,0.3536,0.0042,0.6422
DIAMONDS KING HEARTS QUEEN,0.3236,0.007,0.6694
SPADES KING CLUBS SIX,0.355,0.0092,0.6358
DIAMONDS KING HEARTS KING,0.1278,0.0152,0.857
SPADES QUEEN CLUBS SIX,0.3586,0.0126,0.6288
SPADES QUEEN SPADES FIVE,0.333,0.0112,0.6558
SPADES KING SPADES FIVE,0.3344,0.0082,0.6574
SPADES ACE SPADES FIVE,0.3368,0.0064,0.6568
CLUBS TEN SPADES JACK,0.2928,0.0134,0.6938
CLUBS TEN SPADES TEN,0.1328,0.0364,0.8308
SPADES ACE CLUBS TEN,0.3238,0.0044,0.6718
SPADES KING CLUBS TEN,0.3102,0.0078,0.682
CLUBS TEN SPADES QUEEN,0.3074,0.0078,0.6848
SPADES FIVE HEARTS QUEEN,0.3676,0.0116,0.6208
SPADES FIVE HEARTS KING,0.3622,0.0072,0.6306
SPADES FIVE HEARTS ACE,0.3536,0.0062,0.6402
CLUBS EIGHT SPADES TEN,0.3228,0.026,0.6512
SPADES JACK DIAMONDS KING,0.3144,0.0072,0.6784
SPADES TEN DIAMONDS KING,0.3124,0.007,0.6806
SPADES JACK CLUBS EIGHT,0.3302,0.0154,0.6544
CLUBS SIX HEARTS ACE,0.3578,0.0048,0.6374
SPADES ACE CLUBS EIGHT,0.3432,0.0042,0.6526
HEARTS FIVE CLUBS JACK,0.3476,0.0176,0.6348
HEARTS FIVE CLUBS TEN,0.3592,0.0258,0.615
CLUBS SIX HEARTS QUEEN,0.3574,0.0112,0.6314
SPADES QUEEN CLUBS EIGHT,0.3376,0.011,0.6514
CLUBS TEN SPADES THREE,0.2258,0.0794,0.6948
CLUBS SIX HEARTS KING,0.3628,0.0056,0.6316
SPADES KING CLUBS EIGHT,0.3534,0.0064,0.6402
SPADES THREE CLUBS JACK,0.2386,0.0616,0.6998
DIAMONDS TWO HEARTS JACK,0.393,0.0184,0.5886
SPADES THREE CLUBS QUEEN,0.2458,0.0436,0.7106
DIAMONDS TWO HEARTS TEN,0.3732,0.0256,0.6012
SPADES THREE CLUBS KING,0.2402,0.0338,0.726
HEARTS FIVE CLUBS ACE,0.3394,0.0044,0.6562
SPADES FIVE HEARTS TEN,0.3602,0.0306,0.6092
SPADES THREE CLUBS ACE,0.2462,0.019,0.7348
HEARTS FIVE CLUBS KING,0.3544,0.0082,0.6374
SPADES FIVE HEARTS JACK,0.3572,0.0242,0.6186
HEARTS FIVE CLUBS QUEEN,0.3456,0.0098,0.6446
DIAMONDS KING CLUBS KING,0.14,0.0136,0.8464
DIAMONDS KING CLUBS QUEEN,0.3232,0.0064,0.6704
HEARTS FIVE HEARTS JACK,0.3388,0.0208,0.6404
HEARTS FIVE HEARTS TEN,0.3322,0.0268,0.641
DIAMONDS KING CLUBS ACE,0.321,0.0046,0.6744
SPADES ACE CLUBS QUEEN,0.3156,0.0056,0.6788
SPADES KING CLUBS QUEEN,0.3144,0.007,0.6786
DIAMONDS KING CLUBS JACK,0.329,0.008,0.663
SPADES QUEEN CLUBS QUEEN,0.133,0.0214,0.8456
CLUBS TEN DIAMONDS KING,0.318,0.0066,0.6754
SPADES JACK CLUBS QUEEN,0.3098,0.0116,0.6786
CLUBS SIX CLUBS QUEEN,0.3402,0.0128,0.647
SPADES TEN CLUBS QUEEN,0.2996,0.0098,0.6906
CLUBS SIX CLUBS KING,0.337,0.0084,0.6546
CLUBS SIX CLUBS ACE,0.332,0.0054,0.6626
HEARTS FIVE HEARTS KING,0.3364,0.009,0.6546
HEARTS FIVE HEARTS QUEEN,0.3352,0.0102,0.6546
CLUBS TEN CLUBS SIX,0.3108,0.0278,0.6614
HEARTS FIVE HEARTS ACE,0.3302,0.0056,0.6642
CLUBS SIX CLUBS JACK,0.3222,0.0132,0.6646
SPADES SEVEN HEARTS JACK,0.3484,0.0158,0.6358
SPADES SEVEN HEARTS TEN,0.3312,0.0286,0.6402
DIAMONDS TWO CLUBS TWO,0.3694,0.095,0.5356
DIAMONDS TWO CLUBS THREE,0.633,0.1036,0.2634
DIAMONDS TWO HEARTS SIX,0.5794,0.0424,0.3782
DIAMONDS TWO HEARTS QUEEN,0.3864,0.016,0.5976
HEARTS SEVEN DIAMONDS TWO,0.619,0.0422,0.3388
DIAMONDS TWO HEARTS KING,0.3876,0.007,0.6054
DIAMONDS TWO HEARTS EIGHT,0.5994,0.0436,0.357
DIAMONDS TWO HEARTS ACE,0.378,0.0032,0.6188
DIAMONDS TWO HEARTS NINE,0.2504,0.532,0.2176
DIAMONDS TWO DIAMONDS QUEEN,0.359,0.013,0.628
DIAMONDS TWO HEARTS TWO,0.3818,0.0924,0.5258
DIAMONDS TWO DIAMONDS KING,0.3616,0.009,0.6294
DIAMONDS TWO DIAMONDS ACE,0.3448,0.0046,0.6506
HEARTS FOUR DIAMONDS TWO,0.5732,0.0492,0.3776
HEARTS FIVE DIAMONDS TWO,0.5754,0.0442,0.3804
SPADES SEVEN HEARTS ACE,0.3478,0.0056,0.6466
DIAMONDS TWO DIAMONDS TEN,0.3666,0.029,0.6044
SPADES SEVEN HEARTS KING,0.3502,0.0082,0.6416
DIAMONDS TWO DIAMONDS JACK,0.3686,0.0188,0.6126
SPADES SEVEN HEARTS QUEEN,0.3516,0.0148,0.6336
DIAMONDS TWO SPADES EIGHT,0.5998,0.047,0.3532
DIAMONDS TWO SPADES SEVEN,0.6108,0.0472,0.342
DIAMONDS TWO SPADES SIX,0.5926,0.0476,0.3598
DIAMONDS TWO SPADES FIVE,0.5924,0.0488,0.3588
DIAMONDS TWO SPADES FOUR,0.5954,0.0478,0.3568
DIAMONDS TWO SPADES THREE,0.63,0.1108,0.2592
DIAMONDS TWO SPADES TWO,0.375,0.0912,0.5338
CLUBS NINE DIAMONDS TWO,0.271,0.5144,0.2146
DIAMONDS TWO CLUBS EIGHT,0.6016,0.042,0.3564
CLUBS SEVEN DIAMONDS TWO,0.6026,0.0408,0.3566
DIAMONDS TWO CLUBS SIX,0.599,0.0398,0.3612
DIAMONDS TWO CLUBS FIVE,0.5822,0.0512,0.3666
DIAMONDS TWO CLUBS FOUR,0.589,0.0506,0.3604
CLUBS FOUR SPADES FIVE,0.538,0.0432,0.4188
CLUBS FOUR SPADES FOUR,0.2816,0.0892,0.6292
CLUBS FOUR SPADES THREE,0.6264,0.107,0.2666
CLUBS FOUR SPADES TWO,0.5866,0.051,0.3624
SPADES EIGHT CLUBS FOUR,0.5598,0.0426,0.3976
SPADES SEVEN CLUBS FOUR,0.5564,0.043,0.4006
SPADES SIX CLUBS FOUR,0.5444,0.046,0.4096
SPADES ACE DIAMONDS SIX,0.3506,0.0034,0.646
SPADES QUEEN DIAMONDS SIX,0.3524,0.0118,0.6358
SPADES KING DIAMONDS SIX,0.364,0.0072,0.6288
SPADES TEN DIAMONDS SIX,0.3418,0.0262,0.632
SPADES JACK DIAMONDS SIX,0.38,0.0164,0.6036
SPADES QUEEN SPADES TWO,0.379,0.0138,0.6072
SPADES KING SPADES TWO,0.3644,0.01,0.6256
SPADES ACE SPADES TWO,0.3556,0.0062,0.6382
DIAMONDS JACK CLUBS JACK,0.1466,0.0314,0.822
CLUBS TEN DIAMONDS JACK,0.3112,0.0152,0.6736
DIAMONDS JACK CLUBS KING,0.3214,0.008,0.6706
DIAMONDS JACK CLUBS QUEEN,0.3092,0.0116,0.6792
DIAMONDS THREE DIAMONDS JACK,0.2262,0.0556,0.7182
DIAMONDS THREE DIAMONDS TEN,0.221,0.0796,0.6994
DIAMONDS JACK CLUBS ACE,0.32,0.0038,0.6762
DIAMONDS THREE DIAMONDS KING,0.226,0.0326,0.7414
DIAMONDS THREE DIAMONDS QUEEN,0.229,0.0446,0.7264
DIAMONDS THREE HEARTS TWO,0.6408,0.109,0.2502
HEARTS FIVE DIAMONDS THREE,0.6074,0.1104,0.2822
DIAMONDS THREE DIAMONDS ACE,0.2232,0.0204,0.7564
HEARTS FOUR DIAMONDS THREE,0.609,0.1112,0.2798
HEARTS SEVEN DIAMONDS THREE,0.6544,0.108,0.2376
HEARTS SIX DIAMONDS THREE,0.639,0.1,0.261
DIAMONDS THREE HEARTS NINE,0.0138,0.9714,0.0148
HEARTS JACK DIAMONDS FOUR,0.3616,0.0174,0.621
HEARTS ACE HEARTS KING,0.302,0.0056,0.6924
SPADES TEN SPADES TWO,0.3616,0.0314,0.607
DIAMONDS THREE HEARTS EIGHT,0.6548,0.1074,0.2378
HEARTS TEN DIAMONDS FOUR,0.362,0.0254,0.6126
SPADES JACK SPADES TWO,0.3722,0.0224,0.6054
HEARTS QUEEN DIAMONDS FOUR,0.3548,0.0112,0.634
HEARTS KING DIAMONDS FOUR,0.3648,0.0074,0.6278
HEARTS ACE DIAMONDS FOUR,0.3402,0.0054,0.6544
DIAMONDS THREE SPADES EIGHT,0.6632,0.1084,0.2284
DIAMONDS THREE SPADES SEVEN,0.6566,0.1024,0.241
DIAMONDS THREE SPADES SIX,0.6506,0.096,0.2534
DIAMONDS THREE CLUBS SIX,0.6358,0.1088,0.2554
CLUBS FIVE CLUBS SIX,0.4932,0.0434,0.4634
CLUBS ACE DIAMONDS FOUR,0.3658,0.0046,0.6296
CLUBS SEVEN DIAMONDS THREE,0.648,0.101,0.251
CLUBS SEVEN CLUBS FIVE,0.4838,0.0448,0.4714
DIAMONDS THREE CLUBS FOUR,0.6226,0.0994,0.278
DIAMONDS FOUR CLUBS QUEEN,0.3608,0.0126,0.6266
DIAMONDS THREE CLUBS FIVE,0.6052,0.1022,0.2926
CLUBS KING DIAMONDS FOUR,0.3578,0.0094,0.6328
DIAMONDS THREE CLUBS TWO,0.634,0.1038,0.2622
CLUBS TEN DIAMONDS FOUR,0.3596,0.025,0.6154
DIAMONDS THREE CLUBS THREE,0.2756,0.0628,0.6616
DIAMONDS FOUR CLUBS JACK,0.3594,0.019,0.6216
DIAMONDS THREE SPADES FOUR,0.6236,0.1116,0.2648
DIAMONDS THREE SPADES FIVE,0.631,0.1066,0.2624
DIAMONDS THREE SPADES TWO,0.6432,0.105,0.2518
DIAMONDS THREE SPADES THREE,0.2764,0.0642,0.6594
CLUBS EIGHT DIAMONDS THREE,0.6668,0.1018,0.2314
CLUBS NINE DIAMONDS THREE,0.0178,0.9576,0.0246
SPADES SEVEN CLUBS ACE,0.3462,0.0032,0.6506
SPADES SEVEN CLUBS QUEEN,0.3646,0.0138,0.6216
SPADES SEVEN CLUBS KING,0.3524,0.0066,0.641
CLUBS FIVE SPADES SEVEN,0.5488,0.0404,0.4108
CLUBS TEN SPADES SEVEN,0.3424,0.0246,0.633
CLUBS FIVE SPADES SIX,0.5364,0.0432,0.4204
SPADES SEVEN CLUBS JACK,0.3598,0.0164,0.6238
CLUBS FIVE SPADES EIGHT,0.5452,0.0424,0.4124
CLUBS FIVE SPADES THREE,0.6172,0.1036,0.2792
CLUBS FIVE SPADES TWO,0.586,0.0434,0.3706
CLUBS FIVE SPADES FIVE,0.2826,0.0782,0.6392
CLUBS FIVE SPADES FOUR,0.5348,0.0488,0.4164
CLUBS NINE CLUBS FIVE,0.2128,0.4256,0.3616
CLUBS EIGHT CLUBS FIVE,0.5002,0.042,0.4578
CLUBS ACE CLUBS QUEEN,0.296,0.0042,0.6998
CLUBS KING CLUBS QUEEN,0.3062,0.0048,0.689
DIAMONDS TEN DIAMONDS FOUR,0.3216,0.0294,0.649
CLUBS TEN DIAMONDS NINE,0.2258,0.0786,0.6956
DIAMONDS JACK DIAMONDS FOUR,0.3374,0.0202,0.6424
DIAMONDS NINE CLUBS JACK,0.2302,0.0532,0.7166
DIAMONDS ACE DIAMONDS FOUR,0.3206,0.0058,0.6736
HEARTS FOUR DIAMONDS FOUR,0.284,0.0832,0.6328
DIAMONDS JACK HEARTS TEN,0.306,0.0154,0.6786
DIAMONDS TWO SPADES TEN,0.3896,0.0278,0.5826
DIAMONDS NINE CLUBS ACE,0.227,0.0268,0.7462
HEARTS FIVE DIAMONDS FOUR,0.5398,0.0484,0.4118
DIAMONDS JACK HEARTS JACK,0.1274,0.0296,0.843
DIAMONDS TWO SPADES JACK,0.3838,0.0216,0.5946
DIAMONDS QUEEN DIAMONDS FOUR,0.3538,0.0116,0.6346
HEARTS TWO DIAMONDS FOUR,0.5868,0.0486,0.3646
DIAMONDS NINE CLUBS QUEEN,0.2266,0.0498,0.7236
DIAMONDS KING DIAMONDS FOUR,0.3556,0.0074,0.637
DIAMONDS NINE CLUBS KING,0.2316,0.0384,0.73
HEARTS ACE DIAMONDS JACK,0.3256,0.0052,0.6692
SPADES ACE DIAMONDS TWO,0.3826,0.0072,0.6102
HEARTS QUEEN DIAMONDS JACK,0.297,0.0118,0.6912
SPADES QUEEN DIAMONDS TWO,0.3882,0.0156,0.5962
DIAMONDS JACK HEARTS KING,0.3026,0.0064,0.691
SPADES KING DIAMONDS TWO,0.3776,0.0108,0.6116
SPADES JACK SPADES SEVEN,0.3248,0.0168,0.6584
SPADES TEN SPADES SEVEN,0.3184,0.0254,0.6562
CLUBS SEVEN CLUBS THREE,0.6012,0.0946,0.3042
CLUBS SIX CLUBS THREE,0.5992,0.0982,0.3026
CLUBS FIVE CLUBS THREE,0.5832,0.1082,0.3086
CLUBS THREE CLUBS FOUR,0.5684,0.1092,0.3224
CLUBS NINE CLUBS THREE,0.0166,0.9098,0.0736
CLUBS EIGHT CLUBS THREE,0.6206,0.0976,0.2818
CLUBS THREE SPADES FIVE,0.6148,0.1104,0.2748
CLUBS THREE SPADES FOUR,0.6176,0.1086,0.2738
CLUBS THREE SPADES THREE,0.2702,0.0622,0.6676
CLUBS THREE SPADES TWO,0.6328,0.1126,0.2546
CLUBS THREE SPADES SIX,0.6468,0.1054,0.2478
SPADES SEVEN CLUBS THREE,0.654,0.0978,0.2482
SPADES EIGHT CLUBS THREE,0.675,0.1072,0.2178
SPADES TWO DIAMONDS FOUR,0.5914,0.0494,0.3592
SPADES THREE DIAMONDS FOUR,0.636,0.101,0.263
SPADES FOUR DIAMONDS FOUR,0.2766,0.089,0.6344
SPADES FIVE DIAMONDS FOUR,0.5292,0.0408,0.43
SPADES SIX DIAMONDS FOUR,0.5448,0.0466,0.4086
SPADES SEVEN DIAMONDS FOUR,0.5592,0.0464,0.3944
SPADES EIGHT DIAMONDS FOUR,0.5732,0.0456,0.3812
CLUBS FIVE DIAMONDS FOUR,0.5304,0.042,0.4276
CLUBS FOUR DIAMONDS FOUR,0.2752,0.0826,0.6422
CLUBS SEVEN DIAMONDS FOUR,0.5692,0.0436,0.3872
CLUBS SIX DIAMONDS FOUR,0.5546,0.0408,0.4046
CLUBS NINE DIAMONDS FOUR,0.225,0.5118,0.2632
CLUBS EIGHT DIAMONDS FOUR,0.5532,0.0412,0.4056
HEARTS SEVEN DIAMONDS FOUR,0.547,0.0472,0.4058
HEARTS SIX DIAMONDS FOUR,0.5402,0.0474,0.4124
DIAMONDS FOUR HEARTS NINE,0.2146,0.5174,0.268
DIAMONDS FOUR HEARTS EIGHT,0.5662,0.0462,0.3876
CLUBS THREE DIAMONDS FOUR,0.6166,0.1052,0.2782
CLUBS TWO DIAMONDS FOUR,0.5876,0.0432,0.3692
DIAMONDS TEN DIAMONDS FIVE,0.3352,0.0232,0.6416
DIAMONDS JACK DIAMONDS FIVE,0.3238,0.0182,0.658
DIAMONDS NINE HEARTS QUEEN,0.2174,0.048,0.7346
DIAMONDS NINE HEARTS KING,0.2262,0.0378,0.736
HEARTS ACE DIAMONDS NINE,0.2186,0.0266,0.7548
DIAMONDS NINE HEARTS TEN,0.2202,0.0776,0.7022
DIAMONDS NINE HEARTS JACK,0.2252,0.0612,0.7136
CLUBS KING DIAMONDS SIX,0.3558,0.0066,0.6376
CLUBS QUEEN DIAMONDS SIX,0.3638,0.0122,0.624
CLUBS ACE DIAMONDS SIX,0.3616,0.0026,0.6358
SPADES KING DIAMONDS FOUR,0.37,0.009,0.621
SPADES ACE SPADES SEVEN,0.3278,0.007,0.6652
SPADES QUEEN DIAMONDS FOUR,0.351,0.0126,0.6364
SPADES QUEEN SPADES SEVEN,0.343,0.0108,0.6462
CLUBS JACK DIAMONDS SIX,0.3694,0.018,0.6126
SPADES KING SPADES SEVEN,0.3378,0.0088,0.6534
SPADES ACE DIAMONDS FOUR,0.3372,0.0056,0.6572
CLUBS TEN DIAMONDS SIX,0.3572,0.0224,0.6204
CLUBS NINE CLUBS FOUR,0.202,0.4964,0.3016
CLUBS EIGHT CLUBS FOUR,0.5224,0.0408,0.4368
SPADES JACK DIAMONDS FOUR,0.3556,0.0194,0.625
SPADES TEN DIAMONDS FOUR,0.3544,0.0296,0.616
CLUBS FIVE CLUBS FOUR,0.5006,0.0422,0.4572
CLUBS SEVEN CLUBS FOUR,0.5278,0.0372,0.435
CLUBS SIX CLUBS FOUR,0.5028,0.0408,0.4564
CLUBS SEVEN SPADES EIGHT,0.5158,0.0378,0.4464
CLUBS SEVEN SPADES SIX,0.5332,0.0404,0.4264
CLUBS SEVEN SPADES SEVEN,0.2772,0.0684,0.6544
CLUBS SEVEN SPADES FIVE,0.5436,0.043,0.4134
CLUBS SEVEN SPADES FOUR,0.5496,0.0502,0.4002
CLUBS SEVEN SPADES THREE,0.6546,0.0992,0.2462
CLUBS SEVEN SPADES TWO,0.6358,0.0426,0.3216
CLUBS NINE CLUBS SEVEN,0.2048,0.2752,0.52
CLUBS SEVEN CLUBS EIGHT,0.484,0.0428,0.4732
HEARTS SIX DIAMONDS FIVE,0.5318,0.0454,0.4228
HEARTS SEVEN DIAMONDS FIVE,0.5308,0.0446,0.4246
DIAMONDS FIVE HEARTS EIGHT,0.538,0.0434,0.4186
DIAMONDS FIVE HEARTS NINE,0.2176,0.4428,0.3396
DIAMONDS QUEEN DIAMONDS FIVE,0.3354,0.013,0.6516
HEARTS TWO DIAMONDS FIVE,0.5936,0.046,0.3604
HEARTS KING HEARTS EIGHT,0.3374,0.0098,0.6528
DIAMONDS KING DIAMONDS FIVE,0.3352,0.0098,0.655
HEARTS QUEEN HEARTS EIGHT,0.331,0.0138,0.6552
DIAMONDS ACE DIAMONDS FIVE,0.3244,0.0062,0.6694
HEARTS FOUR DIAMONDS FIVE,0.5094,0.0588,0.4318
HEARTS FIVE DIAMONDS FIVE,0.2744,0.0826,0.643
HEARTS ACE HEARTS EIGHT,0.3238,0.0046,0.6716
CLUBS FOUR DIAMONDS FIVE,0.53,0.0492,0.4208
CLUBS FIVE DIAMONDS FIVE,0.2674,0.078,0.6546
CLUBS SIX DIAMONDS FIVE,0.5358,0.0482,0.416
CLUBS SEVEN DIAMONDS FIVE,0.532,0.0474,0.4206
CLUBS TWO DIAMONDS FIVE,0.5772,0.0478,0.375
CLUBS THREE DIAMONDS FIVE,0.597,0.113,0.29
SPADES THREE DIAMONDS FIVE,0.6218,0.1012,0.277
SPADES TWO DIAMONDS FIVE,0.5854,0.0426,0.372
SPADES JACK DIAMONDS EIGHT,0.3254,0.0172,0.6574
SPADES FIVE DIAMONDS FIVE,0.2778,0.0812,0.641
CLUBS TEN HEARTS JACK,0.2928,0.0148,0.6924
SPADES TEN DIAMONDS EIGHT,0.3162,0.0282,0.6556
SPADES FOUR DIAMONDS FIVE,0.53,0.0424,0.4276
HEARTS JACK CLUBS JACK,0.143,0.0318,0.8252
HEARTS JACK CLUBS QUEEN,0.3086,0.0106,0.6808
CLUBS NINE DIAMONDS FIVE,0.2156,0.4444,0.34
CLUBS KING HEARTS JACK,0.3094,0.0068,0.6838
CLUBS EIGHT DIAMONDS FIVE,0.539,0.0446,0.4164
CLUBS ACE HEARTS JACK,0.317,0.0064,0.6766
SPADES SEVEN DIAMONDS FIVE,0.5334,0.0492,0.4174
SPADES KING DIAMONDS EIGHT,0.3502,0.007,0.6428
SPADES SIX DIAMONDS FIVE,0.5432,0.0464,0.4104
SPADES QUEEN DIAMONDS EIGHT,0.3456,0.0134,0.641
SPADES EIGHT DIAMONDS FIVE,0.5494,0.0402,0.4104
SPADES ACE DIAMONDS EIGHT,0.355,0.0058,0.6392
DIAMONDS TEN DIAMONDS SIX,0.3274,0.0262,0.6464
HEARTS ACE DIAMONDS SEVEN,0.3408,0.0038,0.6554
DIAMONDS JACK DIAMONDS SIX,0.3354,0.0158,0.6488
HEARTS QUEEN DIAMONDS SEVEN,0.3624,0.009,0.6286
HEARTS KING DIAMONDS SEVEN,0.3472,0.0064,0.6464
DIAMONDS ACE DIAMONDS SIX,0.3398,0.0064,0.6538
HEARTS FOUR DIAMONDS SIX,0.5306,0.0444,0.425
SPADES TWO HEARTS JACK,0.3968,0.02,0.5832
HEARTS FIVE DIAMONDS SIX,0.5328,0.0422,0.425
SPADES TWO HEARTS TEN,0.3718,0.0338,0.5944
DIAMONDS QUEEN DIAMONDS SIX,0.33,0.013,0.657
HEARTS TWO DIAMONDS SIX,0.5892,0.0504,0.3604
DIAMONDS KING DIAMONDS SIX,0.334,0.008,0.658
HEARTS EIGHT DIAMONDS SIX,0.5312,0.0398,0.429
HEARTS NINE DIAMONDS SIX,0.2088,0.3828,0.4084
HEARTS SIX DIAMONDS SIX,0.2642,0.078,0.6578
HEARTS SEVEN DIAMONDS SIX,0.5016,0.0466,0.4518
HEARTS TEN DIAMONDS SEVEN,0.3418,0.026,0.6322
CLUBS TWO DIAMONDS SIX,0.5886,0.0424,0.369
HEARTS JACK DIAMONDS SEVEN,0.336,0.0184,0.6456
CLUBS THREE DIAMONDS SIX,0.6438,0.102,0.2542
CLUBS SEVEN DIAMONDS SIX,0.5318,0.0408,0.4274
DIAMONDS EIGHT CLUBS JACK,0.3462,0.0172,0.6366
CLUBS SIX DIAMONDS SIX,0.2756,0.0768,0.6476
CLUBS TEN DIAMONDS EIGHT,0.318,0.0282,0.6538
CLUBS FIVE DIAMONDS SIX,0.5262,0.0398,0.434
CLUBS FOUR DIAMONDS SIX,0.5292,0.0412,0.4296
HEARTS ACE HEARTS JACK,0.2986,0.005,0.6964
DIAMONDS EIGHT CLUBS ACE,0.3432,0.0022,0.6546
HEARTS QUEEN HEARTS JACK,0.3076,0.0108,0.6816
DIAMONDS EIGHT CLUBS KING,0.3606,0.0058,0.6336
CLUBS NINE DIAMONDS SIX,0.218,0.38,0.402
HEARTS KING HEARTS JACK,0.3018,0.0084,0.6898
DIAMONDS EIGHT CLUBS QUEEN,0.3668,0.011,0.6222
CLUBS EIGHT DIAMONDS SIX,0.526,0.0422,0.4318
SPADES TEN HEARTS KING,0.314,0.0078,0.6782
SPADES FIVE DIAMONDS SIX,0.536,0.0436,0.4204
HEARTS ACE SPADES TWO,0.3712,0.0046,0.6242
SPADES JACK HEARTS KING,0.3244,0.0084,0.6672
SPADES FOUR DIAMONDS SIX,0.5444,0.0406,0.415
SPADES THREE DIAMONDS SIX,0.6518,0.096,0.2522
HEARTS QUEEN SPADES TWO,0.397,0.0142,0.5888
SPADES ACE SPADES KING,0.296,0.0056,0.6984
SPADES TWO HEARTS KING,0.3914,0.0102,0.5984
SPADES TWO DIAMONDS SIX,0.6016,0.0482,0.3502
HEARTS TEN HEARTS EIGHT,0.318,0.0274,0.6546
HEARTS JACK HEARTS EIGHT,0.3224,0.0162,0.6614
SPADES EIGHT DIAMONDS SIX,0.5424,0.04,0.4176
SPADES SEVEN DIAMONDS SIX,0.5244,0.0458,0.4298
SPADES SIX DIAMONDS SIX,0.2732,0.0742,0.6526
SPADES KING HEARTS KING,0.1214,0.0146,0.864
SPADES QUEEN HEARTS KING,0.3216,0.0056,0.6728
CLUBS ACE CLUBS KING,0.3082,0.0046,0.6872
SPADES ACE HEARTS KING,0.3046,0.0072,0.6882
SPADES ACE HEARTS JACK,0.3018,0.004,0.6942
SPADES QUEEN HEARTS JACK,0.3014,0.012,0.6866
SPADES KING HEARTS JACK,0.3044,0.0086,0.687
SPADES TEN DIAMONDS TEN,0.1326,0.0366,0.8308
SPADES JACK DIAMONDS TEN,0.3048,0.0138,0.6814
SPADES ACE DIAMONDS TEN,0.3162,0.0052,0.6786
SPADES JACK HEARTS JACK,0.1324,0.036,0.8316
SPADES TEN HEARTS JACK,0.2916,0.0142,0.6942
SPADES QUEEN DIAMONDS TEN,0.3134,0.0066,0.68
SPADES KING DIAMONDS TEN,0.315,0.0074,0.6776
SPADES EIGHT DIAMONDS SEVEN,0.5168,0.0378,0.4454
SPADES SEVEN DIAMONDS SEVEN,0.2624,0.0674,0.6702
SPADES SIX DIAMONDS SEVEN,0.5382,0.0428,0.419
DIAMONDS KING DIAMONDS SEVEN,0.3334,0.0082,0.6584
HEARTS KING DIAMONDS FIVE,0.3538,0.0076,0.6386
DIAMONDS QUEEN DIAMONDS SEVEN,0.3436,0.0108,0.6456
HEARTS TWO DIAMONDS SEVEN,0.6134,0.0438,0.3428
HEARTS QUEEN DIAMONDS FIVE,0.3604,0.0102,0.6294
HEARTS FIVE DIAMONDS SEVEN,0.5296,0.0396,0.4308
DIAMONDS ACE DIAMONDS SEVEN,0.3402,0.003,0.6568
HEARTS FOUR DIAMONDS SEVEN,0.542,0.0454,0.4126
HEARTS ACE DIAMONDS FIVE,0.3424,0.0066,0.651
HEARTS SEVEN DIAMONDS SEVEN,0.2524,0.0728,0.6748
HEARTS SIX DIAMONDS SEVEN,0.525,0.045,0.43
DIAMONDS SEVEN HEARTS NINE,0.2022,0.2918,0.506
HEARTS EIGHT DIAMONDS SEVEN,0.5122,0.0388,0.449
DIAMONDS JACK DIAMONDS SEVEN,0.3328,0.0172,0.65
DIAMONDS FIVE HEARTS JACK,0.3528,0.0154,0.6318
DIAMONDS TEN DIAMONDS SEVEN,0.324,0.0232,0.6528
HEARTS TEN DIAMONDS FIVE,0.3636,0.0266,0.6098
SPADES KING CLUBS TWO,0.3866,0.0114,0.602
HEARTS KING CLUBS KING,0.1314,0.0144,0.8542
CLUBS EIGHT DIAMONDS SEVEN,0.5188,0.037,0.4442
SPADES QUEEN CLUBS TWO,0.397,0.012,0.591
HEARTS KING CLUBS QUEEN,0.32,0.007,0.673
CLUBS NINE DIAMONDS SEVEN,0.228,0.2916,0.4804
SPADES TWO CLUBS JACK,0.3974,0.0174,0.5852
SPADES ACE CLUBS TWO,0.3842,0.0052,0.6106
CLUBS TEN SPADES TWO,0.3826,0.0284,0.589
HEARTS KING CLUBS ACE,0.3172,0.005,0.6778
CLUBS SEVEN CLUBS SIX,0.486,0.0436,0.4704
SPADES TWO CLUBS KING,0.3914,0.0088,0.5998
SPADES TWO DIAMONDS SEVEN,0.618,0.0438,0.3382
CLUBS EIGHT CLUBS SIX,0.4934,0.04,0.4666
SPADES THREE DIAMONDS SEVEN,0.6412,0.1024,0.2564
SPADES TWO CLUBS QUEEN,0.399,0.0168,0.5842
CLUBS NINE CLUBS SIX,0.1984,0.3622,0.4394
SPADES FOUR DIAMONDS SEVEN,0.5632,0.044,0.3928
HEARTS KING CLUBS JACK,0.3196,0.006,0.6744
SPADES FIVE DIAMONDS SEVEN,0.5416,0.0418,0.4166
SPADES TWO CLUBS ACE,0.3776,0.0046,0.6178
CLUBS TEN HEARTS KING,0.3086,0.0082,0.6832
CLUBS SIX SPADES TWO,0.5986,0.0458,0.3556
CLUBS SIX SPADES THREE,0.6266,0.1174,0.256
CLUBS TWO DIAMONDS SEVEN,0.6048,0.0452,0.35
CLUBS SIX SPADES FOUR,0.5546,0.0418,0.4036
CLUBS THREE DIAMONDS SEVEN,0.6496,0.1006,0.2498
CLUBS SIX SPADES FIVE,0.5392,0.0408,0.42
CLUBS FOUR DIAMONDS SEVEN,0.5456,0.0418,0.4126
CLUBS SIX SPADES SIX,0.2768,0.0776,0.6456
CLUBS FIVE DIAMONDS SEVEN,0.5448,0.0444,0.4108
CLUBS SIX SPADES SEVEN,0.527,0.0424,0.4306
CLUBS SIX DIAMONDS SEVEN,0.5274,0.0412,0.4314
SPADES EIGHT CLUBS SIX,0.5296,0.038,0.4324
SPADES JACK CLUBS TWO,0.382,0.0176,0.6004
CLUBS SEVEN DIAMONDS SEVEN,0.2732,0.0648,0.662
SPADES TEN CLUBS TWO,0.38,0.03,0.59
CLUBS TWO CLUBS QUEEN,0.3616,0.0138,0.6246
CLUBS TWO CLUBS KING,0.3626,0.008,0.6294
CLUBS THREE DIAMONDS EIGHT,0.6594,0.1008,0.2398
CLUBS TWO CLUBS ACE,0.3486,0.007,0.6444
CLUBS TWO DIAMONDS EIGHT,0.5886,0.0436,0.3678
HEARTS SEVEN DIAMONDS EIGHT,0.514,0.0374,0.4486
HEARTS SIX DIAMONDS EIGHT,0.5224,0.0396,0.438
DIAMONDS EIGHT HEARTS NINE,0.2262,0.2272,0.5466
CLUBS TEN CLUBS TWO,0.3696,0.029,0.6014
DIAMONDS EIGHT HEARTS EIGHT,0.2552,0.0644,0.6804
CLUBS TWO CLUBS JACK,0.3714,0.022,0.6066
CLUBS NINE DIAMONDS EIGHT,0.217,0.2148,0.5682
CLUBS EIGHT DIAMONDS EIGHT,0.2692,0.0578,0.673
CLUBS FIVE DIAMONDS EIGHT,0.5462,0.0398,0.414
SPADES ACE SPADES THREE,0.2254,0.022,0.7526
CLUBS FOUR DIAMONDS EIGHT,0.5566,0.0426,0.4008
CLUBS SEVEN DIAMONDS EIGHT,0.5244,0.0456,0.43
SPADES QUEEN SPADES THREE,0.2342,0.0482,0.7176
CLUBS SIX DIAMONDS EIGHT,0.5328,0.041,0.4262
SPADES KING SPADES THREE,0.234,0.0342,0.7318
DIAMONDS QUEEN DIAMONDS EIGHT,0.32,0.0126,0.6674
HEARTS TWO DIAMONDS EIGHT,0.5996,0.052,0.3484
DIAMONDS KING DIAMONDS EIGHT,0.3354,0.0076,0.657
DIAMONDS ACE DIAMONDS EIGHT,0.3248,0.0036,0.6716
HEARTS FOUR DIAMONDS EIGHT,0.559,0.042,0.399
HEARTS FIVE DIAMONDS EIGHT,0.543,0.041,0.416
DIAMONDS EIGHT DIAMONDS TEN,0.3118,0.0234,0.6648
DIAMONDS EIGHT DIAMONDS JACK,0.313,0.0178,0.6692
SPADES JACK SPADES THREE,0.2246,0.0574,0.718
SPADES TEN SPADES THREE,0.2206,0.0808,0.6986
CLUBS FOUR HEARTS ACE,0.3448,0.005,0.6502
CLUBS FOUR HEARTS QUEEN,0.3602,0.013,0.6268
CLUBS FOUR HEARTS KING,0.3444,0.009,0.6466
CLUBS SIX HEARTS TEN,0.3322,0.029,0.6388
CLUBS SIX HEARTS JACK,0.3518,0.019,0.6292
SPADES FOUR DIAMONDS EIGHT,0.563,0.043,0.394
SPADES FIVE DIAMONDS EIGHT,0.5492,0.0436,0.4072
DIAMONDS EIGHT SPADES TWO,0.5892,0.0456,0.3652
DIAMONDS EIGHT SPADES THREE,0.659,0.1064,0.2346
CLUBS FOUR HEARTS JACK,0.3546,0.0226,0.6228
SPADES EIGHT DIAMONDS EIGHT,0.2654,0.06,0.6746
SPADES TEN DIAMONDS QUEEN,0.3076,0.0112,0.6812
SPADES TEN HEARTS TWO,0.3868,0.029,0.5842
SPADES JACK HEARTS EIGHT,0.3376,0.015,0.6474
CLUBS FOUR HEARTS TEN,0.3646,0.032,0.6034
SPADES TEN HEARTS EIGHT,0.3178,0.0272,0.655
SPADES JACK HEARTS TWO,0.393,0.0198,0.5872
SPADES JACK DIAMONDS QUEEN,0.3022,0.0106,0.6872
SPADES SIX DIAMONDS EIGHT,0.5396,0.0416,0.4188
SPADES SEVEN DIAMONDS EIGHT,0.517,0.0424,0.4406
SPADES ACE HEARTS TWO,0.3674,0.0074,0.6252
SPADES ACE DIAMONDS QUEEN,0.3194,0.005,0.6756
SPADES ACE HEARTS EIGHT,0.3378,0.0046,0.6576
SPADES KING HEARTS EIGHT,0.3472,0.008,0.6448
SPADES QUEEN HEARTS TWO,0.3886,0.0134,0.598
SPADES QUEEN DIAMONDS QUEEN,0.137,0.022,0.841
SPADES KING DIAMONDS QUEEN,0.3192,0.0078,0.673
SPADES KING HEARTS TWO,0.3876,0.0076,0.6048
SPADES QUEEN HEARTS EIGHT,0.3442,0.0112,0.6446
CLUBS TWO HEARTS TEN,0.3764,0.0266,0.597
CLUBS TWO HEARTS JACK,0.3828,0.0178,0.5994
SPADES SEVEN DIAMONDS NINE,0.23,0.2962,0.4738
SPADES SIX DIAMONDS NINE,0.2246,0.3662,0.4092
SPADES EIGHT DIAMONDS NINE,0.2274,0.2226,0.55
SPADES TEN CLUBS KING,0.3128,0.0076,0.6796
DIAMONDS NINE SPADES THREE,0.0184,0.971,0.0106
SPADES JACK CLUBS KING,0.3202,0.0072,0.6726
DIAMONDS NINE SPADES TWO,0.2706,0.524,0.2054
SPADES FIVE DIAMONDS NINE,0.2192,0.444,0.3368
DIAMONDS NINE SPADES FOUR,0.217,0.519,0.264
CLUBS NINE DIAMONDS NINE,0.0822,0.0744,0.8434
CLUBS EIGHT DIAMONDS NINE,0.2168,0.2268,0.5564
CLUBS SIX DIAMONDS NINE,0.2162,0.367,0.4168
SPADES JACK CLUBS FOUR,0.3512,0.0216,0.6272
CLUBS SEVEN DIAMONDS NINE,0.2308,0.2956,0.4736
SPADES TEN CLUBS FOUR,0.3506,0.0244,0.625
CLUBS FOUR DIAMONDS NINE,0.2232,0.5192,0.2576
CLUBS FIVE DIAMONDS NINE,0.2152,0.4514,0.3334
DIAMONDS NINE CLUBS TWO,0.2626,0.5092,0.2282
CLUBS THREE DIAMONDS NINE,0.0234,0.9528,0.0238
DIAMONDS NINE HEARTS EIGHT,0.2084,0.2342,0.5574
DIAMONDS NINE HEARTS NINE,0.0754,0.0706,0.854
HEARTS SIX DIAMONDS NINE,0.2102,0.3708,0.419
HEARTS SEVEN DIAMONDS NINE,0.212,0.2854,0.5026
CLUBS NINE CLUBS EIGHT,0.2086,0.2194,0.572
DIAMONDS ACE DIAMONDS NINE,0.215,0.0238,0.7612
HEARTS FOUR DIAMONDS NINE,0.2102,0.5238,0.266
HEARTS FIVE DIAMONDS NINE,0.2104,0.448,0.3416
HEARTS ACE CLUBS TWO,0.3816,0.0052,0.6132
SPADES ACE CLUBS FOUR,0.3502,0.0034,0.6464
DIAMONDS QUEEN DIAMONDS NINE,0.21,0.0464,0.7436
HEARTS TWO DIAMONDS NINE,0.258,0.5284,0.2136
CLUBS TWO HEARTS KING,0.3954,0.009,0.5956
SPADES KING CLUBS FOUR,0.3456,0.0086,0.6458
DIAMONDS KING DIAMONDS NINE,0.2238,0.0344,0.7418
CLUBS TWO HEARTS QUEEN,0.4012,0.0134,0.5854
SPADES QUEEN CLUBS FOUR,0.3688,0.0128,0.6184
DIAMONDS NINE DIAMONDS JACK,0.2186,0.0544,0.727
DIAMONDS NINE DIAMONDS TEN,0.2062,0.0768,0.717
CLUBS EIGHT SPADES EIGHT,0.2598,0.0558,0.6844
CLUBS EIGHT SPADES SEVEN,0.5214,0.0406,0.438
CLUBS EIGHT SPADES SIX,0.5322,0.0384,0.4294
CLUBS EIGHT SPADES FIVE,0.5454,0.044,0.4106
CLUBS EIGHT SPADES FOUR,0.5598,0.0474,0.3928
CLUBS EIGHT SPADES THREE,0.6748,0.101,0.2242
CLUBS EIGHT SPADES TWO,0.603,0.0396,0.3574
HEARTS SIX DIAMONDS TEN,0.35,0.025,0.625
HEARTS SEVEN DIAMONDS TEN,0.3316,0.027,0.6414
DIAMONDS TEN HEARTS EIGHT,0.3178,0.032,0.6502
CLUBS FOUR CLUBS JACK,0.3274,0.0222,0.6504
DIAMONDS TEN HEARTS NINE,0.218,0.0806,0.7014
CLUBS TEN CLUBS FOUR,0.34,0.0284,0.6316
CLUBS FOUR CLUBS KING,0.3442,0.007,0.6488
CLUBS FOUR CLUBS QUEEN,0.3398,0.0124,0.6478
CLUBS TWO DIAMONDS TEN,0.3962,0.026,0.5778
CLUBS THREE DIAMONDS TEN,0.2272,0.0762,0.6966
CLUBS FOUR CLUBS ACE,0.3276,0.0052,0.6672
DIAMONDS JACK DIAMONDS TEN,0.282,0.0114,0.7066
DIAMONDS QUEEN DIAMONDS TEN,0.296,0.0104,0.6936
HEARTS TWO DIAMONDS TEN,0.3824,0.028,0.5896
DIAMONDS KING DIAMONDS TEN,0.298,0.0064,0.6956
DIAMONDS ACE DIAMONDS TEN,0.3156,0.005,0.6794
HEARTS FOUR DIAMONDS TEN,0.3534,0.026,0.6206
CLUBS EIGHT HEARTS JACK,0.3324,0.0196,0.648
HEARTS FIVE DIAMONDS TEN,0.357,0.026,0.617
CLUBS EIGHT HEARTS TEN,0.3242,0.0292,0.6466
CLUBS EIGHT HEARTS QUEEN,0.343,0.0114,0.6456
CLUBS EIGHT HEARTS KING,0.3614,0.0066,0.632
CLUBS EIGHT HEARTS ACE,0.3564,0.0044,0.6392
CLUBS NINE SPADES THREE,0.017,0.9736,0.0094
CLUBS NINE SPADES TWO,0.2668,0.5156,0.2176
CLUBS NINE SPADES FIVE,0.218,0.457,0.325
CLUBS NINE SPADES FOUR,0.2204,0.5284,0.2512
CLUBS NINE SPADES SEVEN,0.2268,0.2968,0.4764
CLUBS NINE SPADES SIX,0.223,0.3808,0.3962
CLUBS TEN HEARTS EIGHT,0.3292,0.0252,0.6456
CLUBS NINE SPADES EIGHT,0.2244,0.2264,0.5492
HEARTS EIGHT CLUBS JACK,0.321,0.018,0.661
CLUBS QUEEN HEARTS EIGHT,0.3444,0.0102,0.6454
CLUBS KING HEARTS EIGHT,0.3574,0.006,0.6366
CLUBS ACE HEARTS EIGHT,0.3482,0.0042,0.6476
SPADES KING CLUBS KING,0.1222,0.0128,0.865
SPADES QUEEN CLUBS KING,0.3248,0.0066,0.6686
SPADES ACE CLUBS KING,0.3192,0.0042,0.6766
DIAMONDS ACE HEARTS TEN,0.3144,0.0022,0.6834
HEARTS FOUR HEARTS TEN,0.3434,0.0256,0.631
DIAMONDS ACE HEARTS JACK,0.3178,0.0046,0.6776
HEARTS FOUR HEARTS JACK,0.3366,0.0182,0.6452
SPADES KING CLUBS FIVE,0.3648,0.0098,0.6254
SPADES QUEEN CLUBS FIVE,0.362,0.0144,0.6236
SPADES ACE CLUBS FIVE,0.341,0.0058,0.6532
HEARTS SEVEN DIAMONDS JACK,0.348,0.0142,0.6378
HEARTS SIX DIAMONDS JACK,0.343,0.0166,0.6404
DIAMONDS JACK HEARTS NINE,0.2132,0.0562,0.7306
DIAMONDS JACK HEARTS EIGHT,0.3206,0.018,0.6614
DIAMONDS KING DIAMONDS JACK,0.2882,0.0066,0.7052
SPADES ACE SPADES SIX,0.3332,0.0056,0.6612
HEARTS ACE SPADES FOUR,0.3568,0.005,0.6382
DIAMONDS QUEEN DIAMONDS JACK,0.2912,0.011,0.6978
HEARTS TWO DIAMONDS JACK,0.3856,0.02,0.5944
HEARTS FIVE DIAMONDS JACK,0.3436,0.0186,0.6378
SPADES QUEEN SPADES SIX,0.3488,0.0132,0.638
SPADES FOUR HEARTS QUEEN,0.3692,0.0148,0.616
DIAMONDS ACE DIAMONDS JACK,0.3126,0.0052,0.6822
HEARTS FOUR DIAMONDS JACK,0.361,0.0178,0.6212
SPADES KING SPADES SIX,0.3328,0.0084,0.6588
SPADES FOUR HEARTS KING,0.355,0.011,0.634
SPADES TEN SPADES SIX,0.3378,0.0242,0.638
SPADES JACK SPADES SIX,0.3494,0.0206,0.63
SPADES FOUR DIAMONDS JACK,0.3594,0.0192,0.6214
SPADES FIVE DIAMONDS JACK,0.3524,0.0182,0.6294
DIAMONDS JACK SPADES TWO,0.39,0.0176,0.5924
SPADES THREE DIAMONDS JACK,0.237,0.0586,0.7044
SPADES ACE DIAMONDS THREE,0.231,0.022,0.747
SPADES QUEEN DIAMONDS THREE,0.2304,0.0432,0.7264
CLUBS EIGHT DIAMONDS JACK,0.3414,0.0172,0.6414
SPADES KING DIAMONDS THREE,0.2286,0.0314,0.74
CLUBS NINE DIAMONDS JACK,0.2218,0.0598,0.7184
CLUBS SIX DIAMONDS JACK,0.3522,0.0148,0.633
CLUBS SEVEN DIAMONDS JACK,0.3494,0.0202,0.6304
CLUBS FOUR DIAMONDS JACK,0.364,0.0148,0.6212
CLUBS FIVE DIAMONDS JACK,0.3542,0.0166,0.6292
CLUBS TWO DIAMONDS JACK,0.406,0.0196,0.5744
CLUBS THREE DIAMONDS JACK,0.2382,0.059,0.7028
SPADES TEN CLUBS FIVE,0.3536,0.0244,0.622
SPADES JACK HEARTS SIX,0.3432,0.0174,0.6394
HEARTS SIX SPADES TEN,0.3318,0.0264,0.6418
SPADES JACK CLUBS FIVE,0.346,0.0186,0.6354
SPADES JACK DIAMONDS THREE,0.236,0.0596,0.7044
CLUBS SEVEN CLUBS ACE,0.3348,0.0048,0.6604
DIAMONDS THREE SPADES TEN,0.2292,0.0814,0.6894
CLUBS SEVEN CLUBS QUEEN,0.3262,0.0132,0.6606
CLUBS SEVEN CLUBS KING,0.342,0.0074,0.6506
CLUBS TEN CLUBS SEVEN,0.3256,0.0262,0.6482
DIAMONDS ACE HEARTS ACE,0.119,0.003,0.878
HEARTS FOUR HEARTS ACE,0.3274,0.005,0.6676
SPADES EIGHT DIAMONDS JACK,0.3358,0.0196,0.6446
SPADES ACE HEARTS SIX,0.3534,0.0048,0.6418
CLUBS SEVEN CLUBS JACK,0.3266,0.0174,0.656
DIAMONDS ACE HEARTS KING,0.3318,0.0028,0.6654
HEARTS FOUR HEARTS KING,0.3506,0.0112,0.6382
SPADES SEVEN DIAMONDS JACK,0.3628,0.0162,0.621
SPADES KING HEARTS SIX,0.3536,0.01,0.6364
DIAMONDS ACE HEARTS QUEEN,0.3178,0.005,0.6772
HEARTS FOUR HEARTS QUEEN,0.3382,0.0126,0.6492
SPADES SIX DIAMONDS JACK,0.3622,0.0172,0.6206
SPADES QUEEN HEARTS SIX,0.3422,0.0118,0.646
SPADES TWO DIAMONDS TEN,0.3854,0.035,0.5796
SPADES THREE DIAMONDS TEN,0.2424,0.0756,0.682
SPADES FOUR DIAMONDS TEN,0.366,0.0342,0.5998
SPADES FIVE DIAMONDS TEN,0.3476,0.0336,0.6188
SPADES SIX DIAMONDS TEN,0.357,0.0284,0.6146
SPADES SEVEN DIAMONDS TEN,0.3494,0.0262,0.6244
SPADES EIGHT DIAMONDS TEN,0.3214,0.0236,0.655
CLUBS FOUR DIAMONDS TEN,0.3598,0.0298,0.6104
CLUBS FIVE DIAMONDS TEN,0.355,0.0266,0.6184
CLUBS SIX DIAMONDS TEN,0.3538,0.024,0.6222
CLUBS SEVEN DIAMONDS TEN,0.3264,0.0258,0.6478
CLUBS EIGHT DIAMONDS TEN,0.3224,0.0258,0.6518
CLUBS NINE DIAMONDS TEN,0.2268,0.0718,0.7014
DIAMONDS THREE CLUBS JACK,0.2462,0.056,0.6978
CLUBS TEN DIAMONDS THREE,0.2368,0.0768,0.6864
DIAMONDS THREE CLUBS KING,0.2392,0.0344,0.7264
DIAMONDS THREE CLUBS QUEEN,0.24,0.0434,0.7166
DIAMONDS THREE CLUBS ACE,0.2378,0.019,0.7432
SPADES FOUR HEARTS JACK,0.3564,0.0194,0.6242
SPADES FOUR HEARTS TEN,0.3686,0.0294,0.602
SPADES FIVE SPADES TWO,0.5538,0.0504,0.3958
SPADES FOUR SPADES TWO,0.5612,0.0426,0.3962
SPADES THREE SPADES TWO,0.6074,0.1152,0.2774
SPADES EIGHT SPADES TWO,0.5706,0.045,0.3844
SPADES SEVEN SPADES TWO,0.581,0.041,0.378
SPADES SIX SPADES TWO,0.5666,0.0436,0.3898
DIAMONDS QUEEN CLUBS THREE,0.2486,0.0376,0.7138
CLUBS THREE HEARTS TWO,0.638,0.1144,0.2476
DIAMONDS QUEEN CLUBS TWO,0.3918,0.0116,0.5966
HEARTS TWO CLUBS TWO,0.367,0.1006,0.5324
HEARTS SEVEN DIAMONDS QUEEN,0.3628,0.0082,0.629
HEARTS SEVEN HEARTS TWO,0.5684,0.047,0.3846
HEARTS SIX DIAMONDS QUEEN,0.3606,0.0122,0.6272
HEARTS SIX HEARTS TWO,0.5524,0.0434,0.4042
DIAMONDS QUEEN HEARTS NINE,0.2234,0.0492,0.7274
HEARTS TWO HEARTS NINE,0.2558,0.4868,0.2574
DIAMONDS QUEEN HEARTS EIGHT,0.3358,0.0126,0.6516
HEARTS TWO HEARTS EIGHT,0.5668,0.0434,0.3898
CLUBS NINE HEARTS TWO,0.2668,0.5112,0.222
CLUBS NINE DIAMONDS QUEEN,0.2282,0.0432,0.7286
CLUBS EIGHT HEARTS TWO,0.6134,0.0416,0.345
CLUBS EIGHT DIAMONDS QUEEN,0.3484,0.0096,0.642
CLUBS FIVE DIAMONDS QUEEN,0.3604,0.012,0.6276
CLUBS FIVE HEARTS TWO,0.586,0.0404,0.3736
SPADES EIGHT HEARTS ACE,0.344,0.0044,0.6516
DIAMONDS QUEEN CLUBS FOUR,0.3708,0.0134,0.6158
HEARTS TWO CLUBS FOUR,0.5866,0.0538,0.3596
CLUBS SEVEN DIAMONDS QUEEN,0.3694,0.0106,0.62
CLUBS SEVEN HEARTS TWO,0.613,0.0462,0.3408
SPADES EIGHT HEARTS QUEEN,0.332,0.0114,0.6566
CLUBS SIX DIAMONDS QUEEN,0.3608,0.0136,0.6256
CLUBS SIX HEARTS TWO,0.5924,0.0478,0.3598
SPADES EIGHT HEARTS KING,0.3514,0.0096,0.639
DIAMONDS QUEEN SPADES SIX,0.3582,0.0092,0.6326
HEARTS TWO SPADES SIX,0.5936,0.0508,0.3556
HEARTS FOUR CLUBS QUEEN,0.3632,0.0104,0.6264
DIAMONDS ACE CLUBS QUEEN,0.3208,0.0054,0.6738
DIAMONDS QUEEN SPADES SEVEN,0.3634,0.009,0.6276
SPADES SEVEN HEARTS TWO,0.607,0.0496,0.3434
HEARTS FOUR CLUBS KING,0.3596,0.0102,0.6302
DIAMONDS ACE CLUBS KING,0.335,0.0038,0.6612
SPADES EIGHT DIAMONDS QUEEN,0.366,0.0104,0.6236
SPADES EIGHT HEARTS TWO,0.6042,0.0448,0.351
HEARTS FOUR CLUBS ACE,0.3474,0.0054,0.6472
DIAMONDS ACE CLUBS ACE,0.1314,0.0038,0.8648
HEARTS TWO SPADES TWO,0.3886,0.0944,0.517
DIAMONDS QUEEN SPADES TWO,0.3966,0.012,0.5914
HEARTS TWO SPADES THREE,0.6456,0.11,0.2444
DIAMONDS QUEEN SPADES THREE,0.2356,0.0504,0.714
HEARTS TWO SPADES FOUR,0.5922,0.0474,0.3604
DIAMONDS QUEEN SPADES FOUR,0.3484,0.0112,0.6404
CLUBS TEN HEARTS FOUR,0.3616,0.0256,0.6128
CLUBS TEN DIAMONDS ACE,0.3168,0.0046,0.6786
HEARTS TWO SPADES FIVE,0.6012,0.046,0.3528
DIAMONDS QUEEN SPADES FIVE,0.37,0.0132,0.6168
HEARTS FOUR CLUBS JACK,0.3562,0.0206,0.6232
DIAMONDS ACE CLUBS JACK,0.3206,0.0048,0.6746
CLUBS FIVE CLUBS KING,0.3264,0.0096,0.664
CLUBS FIVE CLUBS QUEEN,0.3464,0.01,0.6436
CLUBS FIVE CLUBS ACE,0.3192,0.0046,0.6762
CLUBS FIVE CLUBS JACK,0.3182,0.0196,0.6622
CLUBS TEN CLUBS FIVE,0.345,0.0274,0.6276
SPADES KING CLUBS JACK,0.3118,0.005,0.6832
SPADES QUEEN CLUBS JACK,0.306,0.0096,0.6844
SPADES ACE CLUBS JACK,0.3174,0.004,0.6786
SPADES SIX CLUBS KING,0.361,0.0078,0.6312
SPADES SIX CLUBS QUEEN,0.3686,0.0116,0.6198
SPADES EIGHT HEARTS JACK,0.3378,0.0184,0.6438
SPADES SIX CLUBS ACE,0.3622,0.0048,0.633
SPADES EIGHT HEARTS TEN,0.3192,0.0298,0.651
SPADES SIX CLUBS JACK,0.3736,0.0194,0.607
CLUBS TEN SPADES SIX,0.3408,0.0284,0.6308
SPADES TEN CLUBS JACK,0.2932,0.0152,0.6916
SPADES JACK CLUBS JACK,0.1278,0.0324,0.8398
SPADES QUEEN CLUBS SEVEN,0.3374,0.0132,0.6494
SPADES KING CLUBS SEVEN,0.3604,0.0074,0.6322
SPADES ACE CLUBS SEVEN,0.3458,0.0044,0.6498
SPADES SIX HEARTS TEN,0.3488,0.0264,0.6248
SPADES SIX HEARTS JACK,0.3598,0.017,0.6232
SPADES SIX HEARTS ACE,0.3688,0.004,0.6272
SPADES SIX HEARTS KING,0.3568,0.0084,0.6348
SPADES SIX HEARTS QUEEN,0.3552,0.0126,0.6322
CLUBS SEVEN SPADES JACK,0.3462,0.0158,0.638
CLUBS SEVEN SPADES TEN,0.338,0.0254,0.6366
CLUBS TEN HEARTS SIX,0.3428,0.0258,0.6314
HEARTS SIX CLUBS JACK,0.3654,0.0192,0.6154
CLUBS ACE CLUBS JACK,0.3018,0.003,0.6952
HEARTS SIX CLUBS QUEEN,0.3532,0.011,0.6358
HEARTS SIX CLUBS KING,0.3648,0.0076,0.6276
HEARTS SIX CLUBS ACE,0.3424,0.0032,0.6544
CLUBS QUEEN CLUBS JACK,0.3,0.0112,0.6888
CLUBS KING CLUBS JACK,0.3038,0.006,0.6902
DIAMONDS THREE HEARTS ACE,0.226,0.023,0.751
DIAMONDS THREE HEARTS QUEEN,0.2454,0.048,0.7066
DIAMONDS THREE HEARTS KING,0.2554,0.038,0.7066
CLUBS FIVE HEARTS JACK,0.3486,0.02,0.6314
SPADES TEN DIAMONDS ACE,0.3184,0.0052,0.6764
HEARTS FOUR SPADES TEN,0.3558,0.033,0.6112
CLUBS FIVE HEARTS TEN,0.3444,0.0304,0.6252
HEARTS FOUR SPADES JACK,0.344,0.0164,0.6396
SPADES JACK DIAMONDS ACE,0.3214,0.0054,0.6732
SPADES ACE HEARTS FOUR,0.3412,0.0072,0.6516
SPADES ACE DIAMONDS ACE,0.1274,0.0032,0.8694
CLUBS FIVE HEARTS ACE,0.3414,0.0054,0.6532
CLUBS FIVE HEARTS KING,0.3562,0.0072,0.6366
HEARTS FOUR SPADES QUEEN,0.353,0.0122,0.6348
SPADES QUEEN DIAMONDS ACE,0.3274,0.0046,0.668
SPADES FOUR CLUBS JACK,0.3508,0.021,0.6282
CLUBS FIVE HEARTS QUEEN,0.3632,0.0128,0.624
SPADES KING DIAMONDS ACE,0.3254,0.0052,0.6694
SPADES KING HEARTS FOUR,0.3454,0.0084,0.6462
CLUBS TEN SPADES FOUR,0.3732,0.0296,0.5972
DIAMONDS QUEEN DIAMONDS ACE,0.3034,0.005,0.6916
HEARTS TWO DIAMONDS ACE,0.3798,0.004,0.6162
HEARTS FOUR DIAMONDS QUEEN,0.3504,0.0124,0.6372
HEARTS FOUR HEARTS TWO,0.5514,0.0432,0.4054
DIAMONDS THREE HEARTS TEN,0.2246,0.0832,0.6922
SPADES FOUR CLUBS KING,0.36,0.0082,0.6318
HEARTS FIVE DIAMONDS QUEEN,0.3416,0.0118,0.6466
HEARTS FIVE HEARTS TWO,0.5444,0.0468,0.4088
DIAMONDS THREE HEARTS JACK,0.2332,0.0644,0.7024
SPADES FOUR CLUBS QUEEN,0.3674,0.014,0.6186
DIAMONDS QUEEN HEARTS TWO,0.4064,0.0112,0.5824
DIAMONDS KING DIAMONDS QUEEN,0.3116,0.0084,0.68
DIAMONDS KING HEARTS TWO,0.3918,0.01,0.5982
SPADES FOUR CLUBS ACE,0.3456,0.0054,0.649
HEARTS TWO CLUBS ACE,0.3874,0.0056,0.607
DIAMONDS QUEEN CLUBS ACE,0.3332,0.0032,0.6636
HEARTS TWO CLUBS QUEEN,0.3998,0.0142,0.586
DIAMONDS QUEEN CLUBS QUEEN,0.1418,0.0196,0.8386
HEARTS TWO CLUBS KING,0.3844,0.0106,0.605
DIAMONDS QUEEN CLUBS KING,0.3274,0.0078,0.6648
SPADES EIGHT SPADES FIVE,0.5132,0.0468,0.44
CLUBS TEN HEARTS TWO,0.3918,0.0312,0.577
CLUBS TEN DIAMONDS QUEEN,0.3168,0.0108,0.6724
HEARTS TWO CLUBS JACK,0.3936,0.0232,0.5832
DIAMONDS QUEEN CLUBS JACK,0.314,0.0082,0.6778
SPADES SIX SPADES FIVE,0.5062,0.0388,0.455
SPADES SEVEN SPADES FIVE,0.5098,0.039,0.4512
DIAMONDS FIVE CLUBS QUEEN,0.3624,0.0104,0.6272
SPADES EIGHT CLUBS ACE,0.3484,0.004,0.6476
DIAMONDS FIVE CLUBS KING,0.3574,0.0062,0.6364
SPADES EIGHT CLUBS KING,0.3568,0.0098,0.6334
CLUBS ACE DIAMONDS FIVE,0.3484,0.0038,0.6478
SPADES EIGHT CLUBS QUEEN,0.349,0.0128,0.6382
SPADES EIGHT CLUBS JACK,0.3378,0.0162,0.646
CLUBS TEN SPADES EIGHT,0.3322,0.026,0.6418
CLUBS TEN DIAMONDS FIVE,0.3636,0.0292,0.6072
DIAMONDS FIVE CLUBS JACK,0.367,0.0176,0.6154
DIAMONDS TEN HEARTS JACK,0.2896,0.0156,0.6948
DIAMONDS TEN HEARTS TEN,0.1438,0.0376,0.8186
SPADES ACE CLUBS NINE,0.2274,0.0208,0.7518
CLUBS NINE SPADES QUEEN,0.2218,0.0474,0.7308
CLUBS NINE SPADES KING,0.237,0.0352,0.7278
HEARTS SIX HEARTS KING,0.347,0.0104,0.6426
DIAMONDS KING SPADES SEVEN,0.3534,0.0056,0.641
SPADES KING DIAMONDS SEVEN,0.3482,0.0096,0.6422
HEARTS SIX HEARTS QUEEN,0.3488,0.0114,0.6398
DIAMONDS KING SPADES SIX,0.353,0.0082,0.6388
