opposingHand,winningChance,drawChance,lostChance
SPADES SEVEN CLUBS KING
HEARTS FIVE SPADES TEN,0.6296,0.0076,0.3628
SPADES JACK HEARTS FIVE,0.6278,0.0056,0.3666
SPADES FIVE CLUBS JACK,0.6314,0.0076,0.361
SPADES FIVE CLUBS TEN,0.6356,0.0076,0.3568
CLUBS EIGHT CLUBS JACK,0.5624,0.007,0.4306
CLUBS EIGHT CLUBS TEN,0.5508,0.0084,0.4408
SPADES FIVE CLUBS ACE,0.3796,0.0042,0.6162
CLUBS EIGHT CLUBS QUEEN,0.572,0.0062,0.4218
SPADES FIVE CLUBS QUEEN,0.6318,0.0072,0.361
CLUBS EIGHT CLUBS ACE,0.3398,0.0038,0.6564
DIAMONDS TWO DIAMONDS THREE,0.6098,0.0078,0.3824
DIAMONDS TWO DIAMONDS FIVE,0.594,0.0052,0.4008
SPADES KING HEARTS FIVE,0.4664,0.3076,0.226
DIAMONDS TWO DIAMONDS FOUR,0.6068,0.0064,0.3868
SPADES QUEEN HEARTS FIVE,0.621,0.0074,0.3716
DIAMONDS TWO DIAMONDS SEVEN,0.6912,0.0394,0.2694
DIAMONDS TWO DIAMONDS SIX,0.6176,0.0082,0.3742
SPADES ACE HEARTS FIVE,0.3804,0.0046,0.615
DIAMONDS TWO DIAMONDS NINE,0.5942,0.007,0.3988
DIAMONDS TWO DIAMONDS EIGHT,0.5936,0.0066,0.3998
DIAMONDS THREE DIAMONDS FOUR,0.5862,0.0092,0.4046
CLUBS TWO SPADES FOUR,0.6546,0.0094,0.336
DIAMONDS THREE DIAMONDS FIVE,0.5902,0.0064,0.4034
CLUBS TWO SPADES FIVE,0.6538,0.0074,0.3388
CLUBS TWO SPADES TWO,0.4636,0.0166,0.5198
CLUBS TWO SPADES THREE,0.6538,0.0096,0.3366
DIAMONDS THREE DIAMONDS EIGHT,0.596,0.0064,0.3976
SPADES EIGHT CLUBS TWO,0.6378,0.0094,0.3528
DIAMONDS THREE DIAMONDS NINE,0.5894,0.0056,0.405
SPADES NINE CLUBS TWO,0.65,0.006,0.344
DIAMONDS THREE DIAMONDS SIX,0.607,0.0072,0.3858
CLUBS TWO SPADES SIX,0.66,0.0094,0.3306
DIAMONDS THREE DIAMONDS SEVEN,0.6724,0.0396,0.288
CLUBS SIX CLUBS TWO,0.6436,0.008,0.3484
CLUBS SEVEN CLUBS TWO,0.708,0.0432,0.2488
CLUBS FOUR CLUBS TWO,0.614,0.0064,0.3796
CLUBS FIVE CLUBS TWO,0.602,0.0086,0.3894
CLUBS JACK CLUBS TEN,0.5282,0.0068,0.465
DIAMONDS FOUR DIAMONDS SIX,0.5924,0.0076,0.4
CLUBS QUEEN CLUBS TEN,0.5464,0.0064,0.4472
DIAMONDS FOUR DIAMONDS SEVEN,0.6618,0.0426,0.2956
CLUBS ACE CLUBS TEN,0.3326,0.005,0.6624
CLUBS EIGHT CLUBS TWO,0.6182,0.0106,0.3712
DIAMONDS FIVE DIAMONDS FOUR,0.5746,0.007,0.4184
CLUBS NINE CLUBS TWO,0.6052,0.01,0.3848
DIAMONDS NINE DIAMONDS FOUR,0.5902,0.0096,0.4002
DIAMONDS EIGHT DIAMONDS FOUR,0.5826,0.0066,0.4108
CLUBS TWO CLUBS THREE,0.625,0.0076,0.3674
DIAMONDS NINE DIAMONDS FIVE,0.587,0.0056,0.4074
DIAMONDS TWO CLUBS JACK,0.6386,0.0084,0.353
DIAMONDS EIGHT DIAMONDS FIVE,0.579,0.0058,0.4152
DIAMONDS TWO CLUBS TEN,0.64,0.0102,0.3498
DIAMONDS FIVE DIAMONDS SEVEN,0.646,0.0344,0.3196
DIAMONDS FIVE DIAMONDS SIX,0.574,0.008,0.418
DIAMONDS TWO CLUBS ACE,0.4048,0.0052,0.59
DIAMONDS TWO CLUBS QUEEN,0.6334,0.0078,0.3588
DIAMONDS EIGHT DIAMONDS SIX,0.5774,0.0058,0.4168
DIAMONDS NINE DIAMONDS SIX,0.585,0.005,0.41
HEARTS ACE SPADES THREE,0.401,0.0044,0.5946
HEARTS KING SPADES THREE,0.489,0.2962,0.2148
DIAMONDS SEVEN DIAMONDS SIX,0.6436,0.0362,0.3202
SPADES THREE HEARTS QUEEN,0.6424,0.0072,0.3504
SPADES THREE HEARTS JACK,0.626,0.0068,0.3672
SPADES THREE HEARTS TEN,0.6482,0.0082,0.3436
DIAMONDS EIGHT DIAMONDS SEVEN,0.6342,0.034,0.3318
DIAMONDS NINE DIAMONDS SEVEN,0.6532,0.0308,0.316
DIAMONDS NINE DIAMONDS EIGHT,0.5422,0.007,0.4508
DIAMONDS KING HEARTS TEN,0.2436,0.1184,0.638
HEARTS THREE HEARTS TEN,0.5902,0.0068,0.403
CLUBS SIX SPADES JACK,0.655,0.0092,0.3358
DIAMONDS KING HEARTS JACK,0.2432,0.0876,0.6692
HEARTS THREE HEARTS JACK,0.6016,0.006,0.3924
CLUBS SIX SPADES TEN,0.6216,0.0072,0.3712
SPADES JACK SPADES FIVE,0.5976,0.007,0.3954
SPADES TEN SPADES FIVE,0.5946,0.0082,0.3972
DIAMONDS KING HEARTS ACE,0.2508,0.0098,0.7394
HEARTS THREE HEARTS ACE,0.3828,0.0046,0.6126
SPADES ACE CLUBS SIX,0.396,0.0048,0.5992
DIAMONDS KING HEARTS QUEEN,0.249,0.0632,0.6878
HEARTS THREE HEARTS QUEEN,0.5906,0.0064,0.403
SPADES KING CLUBS SIX,0.477,0.3064,0.2166
DIAMONDS KING HEARTS KING,0.0762,0.0156,0.9082
HEARTS THREE HEARTS KING,0.445,0.2794,0.2756
SPADES QUEEN CLUBS SIX,0.6396,0.0064,0.354
SPADES NINE HEARTS TEN,0.557,0.0076,0.4354
SPADES NINE HEARTS JACK,0.5672,0.0058,0.427
SPADES QUEEN SPADES FIVE,0.5932,0.008,0.3988
SPADES KING SPADES FIVE,0.4596,0.282,0.2584
SPADES ACE SPADES FIVE,0.3692,0.0052,0.6256
SPADES NINE HEARTS QUEEN,0.5698,0.0066,0.4236
SPADES NINE HEARTS KING,0.2312,0.1712,0.5976
SPADES NINE HEARTS ACE,0.3612,0.003,0.6358
SPADES JACK CLUBS TEN,0.5428,0.007,0.4502
SPADES TEN CLUBS TEN,0.2936,0.0086,0.6978
SPADES ACE CLUBS TEN,0.3558,0.0042,0.64
SPADES KING CLUBS TEN,0.2264,0.116,0.6576
SPADES QUEEN CLUBS TEN,0.548,0.006,0.446
SPADES FIVE HEARTS QUEEN,0.6192,0.0066,0.3742
SPADES FIVE HEARTS KING,0.4696,0.3018,0.2286
SPADES FIVE HEARTS ACE,0.394,0.0024,0.6036
CLUBS EIGHT SPADES TEN,0.5808,0.0078,0.4114
HEARTS THREE SPADES JACK,0.6298,0.0096,0.3606
SPADES JACK DIAMONDS KING,0.2326,0.0916,0.6758
SPADES TEN DIAMONDS KING,0.2162,0.1202,0.6636
HEARTS THREE SPADES TEN,0.6296,0.0096,0.3608
CLUBS EIGHT SPADES JACK,0.581,0.01,0.409
SPADES ACE CLUBS EIGHT,0.3636,0.005,0.6314
HEARTS FIVE CLUBS JACK,0.6286,0.0064,0.365
CLUBS SIX HEARTS ACE,0.3896,0.0032,0.6072
HEARTS FIVE CLUBS TEN,0.6356,0.008,0.3564
CLUBS EIGHT SPADES QUEEN,0.6,0.0098,0.3902
SPADES THREE CLUBS TEN,0.6262,0.0082,0.3656
CLUBS SIX HEARTS QUEEN,0.6156,0.007,0.3774
CLUBS EIGHT SPADES KING,0.2162,0.2404,0.5434
SPADES THREE CLUBS JACK,0.6292,0.0096,0.3612
CLUBS SIX HEARTS KING,0.4676,0.3096,0.2228
DIAMONDS TWO HEARTS JACK,0.637,0.0052,0.3578
SPADES THREE CLUBS QUEEN,0.634,0.0082,0.3578
DIAMONDS TWO HEARTS TEN,0.634,0.007,0.359
HEARTS FIVE CLUBS ACE,0.3686,0.0032,0.6282
SPADES FIVE HEARTS TEN,0.6336,0.0064,0.36
SPADES THREE CLUBS ACE,0.3864,0.0064,0.6072
SPADES FIVE HEARTS JACK,0.632,0.0072,0.3608
HEARTS FIVE CLUBS QUEEN,0.627,0.0068,0.3662
HEARTS THREE CLUBS QUEEN,0.6314,0.0076,0.361
DIAMONDS KING CLUBS QUEEN,0.2502,0.0624,0.6874
HEARTS FIVE HEARTS JACK,0.6036,0.0052,0.3912
HEARTS FIVE HEARTS TEN,0.5934,0.0072,0.3994
HEARTS THREE CLUBS ACE,0.3904,0.0054,0.6042
DIAMONDS KING CLUBS ACE,0.2214,0.014,0.7646
SPADES ACE CLUBS QUEEN,0.3424,0.0036,0.654
SPADES KING CLUBS QUEEN,0.2444,0.0616,0.694
HEARTS THREE CLUBS JACK,0.6406,0.0074,0.352
DIAMONDS KING CLUBS JACK,0.2388,0.0916,0.6696
SPADES QUEEN CLUBS QUEEN,0.2694,0.0058,0.7248
HEARTS THREE CLUBS TEN,0.6228,0.0058,0.3714
DIAMONDS KING CLUBS TEN,0.2252,0.1116,0.6632
SPADES JACK CLUBS QUEEN,0.5672,0.0064,0.4264
CLUBS SIX CLUBS QUEEN,0.6168,0.0058,0.3774
SPADES TEN CLUBS QUEEN,0.5444,0.0068,0.4488
CLUBS SIX CLUBS ACE,0.3784,0.0044,0.6172
HEARTS FIVE HEARTS KING,0.4504,0.282,0.2676
HEARTS FIVE HEARTS QUEEN,0.5802,0.007,0.4128
CLUBS SIX CLUBS TEN,0.6022,0.0068,0.391
HEARTS FIVE HEARTS ACE,0.3674,0.0036,0.629
CLUBS SIX CLUBS JACK,0.6036,0.0092,0.3872
DIAMONDS TWO CLUBS TWO,0.4676,0.0154,0.517
DIAMONDS TWO CLUBS THREE,0.6604,0.0088,0.3308
HEARTS SIX DIAMONDS TWO,0.6616,0.0074,0.331
DIAMONDS TWO HEARTS QUEEN,0.6304,0.0088,0.3608
DIAMONDS TWO HEARTS SEVEN,0.7334,0.0392,0.2274
DIAMONDS TWO HEARTS KING,0.4836,0.294,0.2224
DIAMONDS TWO HEARTS EIGHT,0.6414,0.0086,0.35
DIAMONDS TWO HEARTS ACE,0.3982,0.0038,0.598
DIAMONDS TWO HEARTS NINE,0.6396,0.0062,0.3542
DIAMONDS TWO DIAMONDS QUEEN,0.5968,0.005,0.3982
DIAMONDS TWO HEARTS TWO,0.4616,0.0162,0.5222
DIAMONDS TWO DIAMONDS KING,0.4538,0.2816,0.2646
HEARTS THREE DIAMONDS TWO,0.6444,0.0068,0.3488
DIAMONDS TWO DIAMONDS ACE,0.3876,0.0036,0.6088
HEARTS FOUR DIAMONDS TWO,0.6488,0.0076,0.3436
DIAMONDS TWO HEARTS FIVE,0.6422,0.007,0.3508
DIAMONDS TWO DIAMONDS TEN,0.6018,0.0072,0.391
DIAMONDS TWO DIAMONDS JACK,0.5912,0.0086,0.4002
DIAMONDS TWO SPADES NINE,0.6384,0.0066,0.355
DIAMONDS TWO SPADES EIGHT,0.6312,0.007,0.3618
DIAMONDS TWO SPADES SIX,0.6658,0.008,0.3262
DIAMONDS TWO SPADES FIVE,0.645,0.0074,0.3476
DIAMONDS TWO SPADES FOUR,0.6634,0.0086,0.328
DIAMONDS TWO SPADES THREE,0.6504,0.0078,0.3418
DIAMONDS TWO SPADES TWO,0.4586,0.0178,0.5236
CLUBS NINE DIAMONDS TWO,0.6362,0.0072,0.3566
CLUBS EIGHT DIAMONDS TWO,0.6508,0.0062,0.343
DIAMONDS TWO CLUBS SEVEN,0.7448,0.0452,0.21
CLUBS SIX DIAMONDS TWO,0.6608,0.0086,0.3306
DIAMONDS TWO CLUBS FIVE,0.6404,0.0066,0.353
DIAMONDS TWO CLUBS FOUR,0.6382,0.0072,0.3546
CLUBS FOUR SPADES FIVE,0.6152,0.0078,0.377
CLUBS FOUR SPADES FOUR,0.4562,0.0172,0.5266
CLUBS FOUR SPADES THREE,0.6362,0.0088,0.355
CLUBS FOUR SPADES TWO,0.651,0.0084,0.3406
CLUBS FOUR SPADES NINE,0.6408,0.0086,0.3506
CLUBS FOUR SPADES EIGHT,0.6304,0.008,0.3616
CLUBS FOUR SPADES SIX,0.6376,0.0088,0.3536
SPADES ACE DIAMONDS SIX,0.3836,0.003,0.6134
SPADES QUEEN DIAMONDS SIX,0.6272,0.0078,0.365
SPADES KING DIAMONDS SIX,0.472,0.284,0.244
SPADES TEN DIAMONDS SIX,0.633,0.0052,0.3618
SPADES JACK DIAMONDS SIX,0.6278,0.0074,0.3648
SPADES QUEEN SPADES TWO,0.6034,0.0068,0.3898
SPADES KING SPADES TWO,0.4622,0.2902,0.2476
SPADES ACE SPADES TWO,0.3834,0.0058,0.6108
DIAMONDS JACK CLUBS JACK,0.2972,0.0056,0.6972
DIAMONDS JACK CLUBS TEN,0.5472,0.0074,0.4454
DIAMONDS JACK CLUBS QUEEN,0.562,0.005,0.433
DIAMONDS THREE DIAMONDS JACK,0.6004,0.006,0.3936
DIAMONDS THREE DIAMONDS TEN,0.5848,0.0078,0.4074
DIAMONDS JACK CLUBS ACE,0.3558,0.0036,0.6406
DIAMONDS THREE DIAMONDS KING,0.4534,0.2722,0.2744
HEARTS THREE DIAMONDS THREE,0.4568,0.0132,0.53
DIAMONDS THREE DIAMONDS QUEEN,0.5948,0.008,0.3972
DIAMONDS THREE HEARTS TWO,0.6556,0.0076,0.3368
HEARTS FIVE DIAMONDS THREE,0.6234,0.007,0.3696
DIAMONDS THREE DIAMONDS ACE,0.3802,0.0046,0.6152
HEARTS FOUR DIAMONDS THREE,0.6198,0.0074,0.3728
DIAMONDS THREE HEARTS SEVEN,0.7292,0.0424,0.2284
SPADES TEN SPADES NINE,0.5312,0.0076,0.4612
HEARTS SIX DIAMONDS THREE,0.6534,0.0066,0.34
SPADES JACK SPADES NINE,0.5214,0.0082,0.4704
DIAMONDS THREE HEARTS NINE,0.6286,0.0086,0.3628
HEARTS JACK DIAMONDS FOUR,0.6328,0.005,0.3622
HEARTS KING HEARTS ACE,0.2154,0.0112,0.7734
SPADES TEN SPADES TWO,0.6086,0.0076,0.3838
DIAMONDS THREE HEARTS EIGHT,0.651,0.0062,0.3428
HEARTS TEN DIAMONDS FOUR,0.6236,0.0054,0.371
SPADES JACK SPADES TWO,0.6012,0.0088,0.39
HEARTS QUEEN DIAMONDS FOUR,0.6374,0.0068,0.3558
HEARTS KING DIAMONDS FOUR,0.4642,0.3004,0.2354
SPADES ACE SPADES NINE,0.3396,0.0052,0.6552
HEARTS ACE DIAMONDS FOUR,0.385,0.0052,0.6098
SPADES KING SPADES NINE,0.2144,0.154,0.6316
SPADES QUEEN SPADES NINE,0.5372,0.0062,0.4566
DIAMONDS THREE SPADES NINE,0.6306,0.0104,0.359
DIAMONDS THREE SPADES EIGHT,0.6442,0.008,0.3478
DIAMONDS THREE SPADES SIX,0.6442,0.0086,0.3472
CLUBS SIX DIAMONDS THREE,0.6498,0.01,0.3402
CLUBS ACE DIAMONDS FOUR,0.392,0.0048,0.6032
CLUBS SIX CLUBS FIVE,0.5936,0.0094,0.397
CLUBS SEVEN CLUBS FIVE,0.6546,0.035,0.3104
CLUBS SEVEN DIAMONDS THREE,0.717,0.045,0.238
DIAMONDS THREE CLUBS FOUR,0.6386,0.0094,0.352
CLUBS QUEEN DIAMONDS FOUR,0.6328,0.007,0.3602
DIAMONDS THREE CLUBS FIVE,0.6312,0.0072,0.3616
DIAMONDS THREE CLUBS TWO,0.6588,0.0088,0.3324
DIAMONDS FOUR CLUBS TEN,0.6372,0.0088,0.354
DIAMONDS THREE CLUBS THREE,0.4558,0.0148,0.5294
DIAMONDS FOUR CLUBS JACK,0.6338,0.009,0.3572
DIAMONDS THREE SPADES FOUR,0.6412,0.0068,0.352
DIAMONDS THREE SPADES FIVE,0.6336,0.008,0.3584
DIAMONDS THREE SPADES TWO,0.6546,0.0078,0.3376
DIAMONDS THREE SPADES THREE,0.4576,0.0144,0.528
CLUBS EIGHT DIAMONDS THREE,0.6296,0.0078,0.3626
CLUBS NINE DIAMONDS THREE,0.6378,0.007,0.3552
CLUBS FIVE SPADES SIX,0.6234,0.01,0.3666
SPADES NINE CLUBS FIVE,0.6316,0.0072,0.3612
CLUBS FIVE SPADES EIGHT,0.6174,0.0092,0.3734
CLUBS FIVE SPADES THREE,0.6354,0.0088,0.3558
CLUBS FIVE SPADES TWO,0.6514,0.0102,0.3384
CLUBS FIVE SPADES FIVE,0.4436,0.0142,0.5422
CLUBS FIVE SPADES FOUR,0.6166,0.0094,0.374
CLUBS NINE CLUBS FIVE,0.5954,0.0112,0.3934
CLUBS EIGHT CLUBS FIVE,0.595,0.0058,0.3992
CLUBS ACE CLUBS QUEEN,0.3364,0.0038,0.6598
DIAMONDS TEN DIAMONDS FOUR,0.595,0.0066,0.3984
DIAMONDS NINE CLUBS TEN,0.574,0.0084,0.4176
DIAMONDS JACK DIAMONDS FOUR,0.6068,0.0066,0.3866
DIAMONDS NINE CLUBS JACK,0.5798,0.0064,0.4138
SPADES NINE CLUBS JACK,0.5622,0.0082,0.4296
SPADES NINE CLUBS TEN,0.5604,0.0072,0.4324
DIAMONDS ACE DIAMONDS FOUR,0.3726,0.0036,0.6238
HEARTS FOUR DIAMONDS FOUR,0.4464,0.0134,0.5402
DIAMONDS JACK HEARTS TEN,0.5324,0.0058,0.4618
DIAMONDS TWO SPADES TEN,0.6246,0.0066,0.3688
DIAMONDS NINE CLUBS ACE,0.366,0.003,0.631
HEARTS FIVE DIAMONDS FOUR,0.6238,0.0064,0.3698
HEARTS JACK DIAMONDS JACK,0.2964,0.0036,0.7
SPADES NINE CLUBS QUEEN,0.5784,0.0084,0.4132
DIAMONDS TWO SPADES JACK,0.6278,0.0092,0.363
DIAMONDS QUEEN DIAMONDS FOUR,0.5886,0.006,0.4054
HEARTS TWO DIAMONDS FOUR,0.6464,0.0082,0.3454
DIAMONDS NINE CLUBS QUEEN,0.5778,0.0056,0.4166
DIAMONDS KING DIAMONDS FOUR,0.4336,0.2756,0.2908
HEARTS THREE DIAMONDS FOUR,0.6266,0.0076,0.3658
SPADES NINE CLUBS ACE,0.349,0.004,0.647
HEARTS ACE DIAMONDS JACK,0.3572,0.0034,0.6394
SPADES ACE DIAMONDS TWO,0.4022,0.0044,0.5934
DIAMONDS JACK HEARTS QUEEN,0.5518,0.006,0.4422
SPADES QUEEN DIAMONDS TWO,0.6172,0.007,0.3758
HEARTS KING DIAMONDS JACK,0.2424,0.0838,0.6738
SPADES KING DIAMONDS TWO,0.4788,0.2982,0.223
CLUBS SEVEN CLUBS THREE,0.6822,0.0418,0.276
CLUBS SIX CLUBS THREE,0.618,0.0068,0.3752
CLUBS FIVE CLUBS THREE,0.6076,0.0084,0.384
CLUBS FOUR CLUBS THREE,0.6212,0.0074,0.3714
CLUBS NINE CLUBS THREE,0.6024,0.008,0.3896
CLUBS EIGHT CLUBS THREE,0.609,0.008,0.383
CLUBS THREE SPADES FIVE,0.6298,0.0074,0.3628
CLUBS THREE SPADES FOUR,0.6346,0.0066,0.3588
CLUBS THREE SPADES THREE,0.4676,0.015,0.5174
CLUBS THREE SPADES TWO,0.667,0.0088,0.3242
SPADES SIX CLUBS THREE,0.6502,0.0086,0.3412
SPADES EIGHT CLUBS THREE,0.6488,0.0056,0.3456
SPADES NINE CLUBS THREE,0.6342,0.0082,0.3576
SPADES TWO DIAMONDS FOUR,0.6576,0.0094,0.333
SPADES THREE DIAMONDS FOUR,0.6284,0.0112,0.3604
SPADES FOUR DIAMONDS FOUR,0.453,0.0136,0.5334
SPADES FIVE DIAMONDS FOUR,0.6206,0.0058,0.3736
SPADES SIX DIAMONDS FOUR,0.6288,0.0068,0.3644
SPADES EIGHT DIAMONDS FOUR,0.6282,0.0084,0.3634
SPADES NINE DIAMONDS FOUR,0.6312,0.0098,0.359
CLUBS FIVE DIAMONDS FOUR,0.6294,0.0078,0.3628
CLUBS FOUR DIAMONDS FOUR,0.4538,0.0152,0.531
CLUBS SEVEN DIAMONDS FOUR,0.7088,0.0402,0.251
CLUBS SIX DIAMONDS FOUR,0.6276,0.0088,0.3636
CLUBS NINE DIAMONDS FOUR,0.6408,0.0078,0.3514
CLUBS EIGHT DIAMONDS FOUR,0.6312,0.0096,0.3592
DIAMONDS FOUR HEARTS SEVEN,0.6976,0.0404,0.262
HEARTS SIX DIAMONDS FOUR,0.6256,0.0078,0.3666
HEARTS NINE DIAMONDS FOUR,0.6324,0.0062,0.3614
DIAMONDS FOUR HEARTS EIGHT,0.625,0.0074,0.3676
CLUBS THREE DIAMONDS FOUR,0.6436,0.006,0.3504
CLUBS TWO DIAMONDS FOUR,0.647,0.0076,0.3454
DIAMONDS TEN DIAMONDS FIVE,0.591,0.0078,0.4012
DIAMONDS JACK DIAMONDS FIVE,0.5812,0.0066,0.4122
DIAMONDS NINE HEARTS QUEEN,0.5676,0.0066,0.4258
HEARTS KING DIAMONDS NINE,0.2336,0.1638,0.6026
DIAMONDS NINE HEARTS ACE,0.3612,0.0022,0.6366
DIAMONDS NINE HEARTS TEN,0.5656,0.0056,0.4288
DIAMONDS NINE HEARTS JACK,0.5676,0.0066,0.4258
CLUBS QUEEN DIAMONDS SIX,0.63,0.0062,0.3638
CLUBS ACE DIAMONDS SIX,0.385,0.0042,0.6108
SPADES KING DIAMONDS FOUR,0.4742,0.2986,0.2272
SPADES QUEEN DIAMONDS FOUR,0.6372,0.006,0.3568
CLUBS JACK DIAMONDS SIX,0.648,0.0072,0.3448
SPADES ACE DIAMONDS FOUR,0.374,0.0056,0.6204
CLUBS TEN DIAMONDS SIX,0.6228,0.0066,0.3706
CLUBS NINE CLUBS FOUR,0.6036,0.0088,0.3876
CLUBS EIGHT CLUBS FOUR,0.6054,0.0074,0.3872
SPADES JACK DIAMONDS FOUR,0.6206,0.0066,0.3728
SPADES TEN DIAMONDS FOUR,0.6288,0.0102,0.361
CLUBS FOUR CLUBS FIVE,0.5908,0.008,0.4012
CLUBS SEVEN CLUBS FOUR,0.6782,0.0374,0.2844
CLUBS SIX CLUBS FOUR,0.6048,0.0076,0.3876
CLUBS SEVEN SPADES EIGHT,0.6824,0.0356,0.282
CLUBS SEVEN SPADES NINE,0.69,0.0328,0.2772
CLUBS SEVEN SPADES SIX,0.682,0.0404,0.2776
CLUBS SEVEN SPADES FIVE,0.708,0.0344,0.2576
CLUBS SEVEN SPADES FOUR,0.7036,0.0436,0.2528
CLUBS SEVEN SPADES THREE,0.7264,0.0416,0.232
CLUBS SEVEN SPADES TWO,0.7384,0.0434,0.2182
CLUBS NINE CLUBS SEVEN,0.6604,0.0338,0.3058
CLUBS EIGHT CLUBS SEVEN,0.6414,0.0352,0.3234
HEARTS SIX DIAMONDS FIVE,0.6274,0.0066,0.366
DIAMONDS FIVE HEARTS SEVEN,0.6956,0.0362,0.2682
DIAMONDS FIVE HEARTS EIGHT,0.6126,0.0066,0.3808
HEARTS NINE DIAMONDS FIVE,0.6178,0.005,0.3772
DIAMONDS QUEEN DIAMONDS FIVE,0.5892,0.0088,0.402
HEARTS TWO DIAMONDS FIVE,0.6372,0.0078,0.355
HEARTS KING HEARTS EIGHT,0.214,0.2088,0.5772
DIAMONDS KING DIAMONDS FIVE,0.4374,0.2774,0.2852
HEARTS THREE DIAMONDS FIVE,0.62,0.0092,0.3708
HEARTS QUEEN HEARTS EIGHT,0.5538,0.0058,0.4404
DIAMONDS ACE DIAMONDS FIVE,0.3634,0.0044,0.6322
HEARTS FOUR DIAMONDS FIVE,0.6094,0.0086,0.382
HEARTS FIVE DIAMONDS FIVE,0.4386,0.016,0.5454
HEARTS ACE HEARTS EIGHT,0.3444,0.0048,0.6508
CLUBS FOUR DIAMONDS FIVE,0.6242,0.008,0.3678
CLUBS FIVE DIAMONDS FIVE,0.4462,0.0148,0.539
CLUBS SIX DIAMONDS FIVE,0.6184,0.0098,0.3718
CLUBS SEVEN DIAMONDS FIVE,0.6916,0.0356,0.2728
CLUBS TWO DIAMONDS FIVE,0.6618,0.0082,0.33
CLUBS THREE DIAMONDS FIVE,0.634,0.0076,0.3584
SPADES THREE DIAMONDS FIVE,0.618,0.007,0.375
SPADES TWO DIAMONDS FIVE,0.6536,0.0092,0.3372
SPADES JACK DIAMONDS EIGHT,0.5752,0.0064,0.4184
SPADES FIVE DIAMONDS FIVE,0.433,0.0156,0.5514
HEARTS JACK CLUBS TEN,0.5436,0.0058,0.4506
SPADES TEN DIAMONDS EIGHT,0.5636,0.0066,0.4298
SPADES FOUR DIAMONDS FIVE,0.6186,0.0086,0.3728
HEARTS JACK CLUBS JACK,0.3018,0.004,0.6942
HEARTS JACK CLUBS QUEEN,0.5532,0.0048,0.442
CLUBS NINE DIAMONDS FIVE,0.624,0.0062,0.3698
CLUBS EIGHT DIAMONDS FIVE,0.611,0.0084,0.3806
HEARTS JACK CLUBS ACE,0.3506,0.0046,0.6448
SPADES KING DIAMONDS EIGHT,0.2232,0.2266,0.5502
SPADES SIX DIAMONDS FIVE,0.6202,0.0062,0.3736
SPADES QUEEN DIAMONDS EIGHT,0.5904,0.007,0.4026
SPADES NINE DIAMONDS FIVE,0.6222,0.0086,0.3692
SPADES EIGHT DIAMONDS FIVE,0.609,0.009,0.382
SPADES ACE DIAMONDS EIGHT,0.3594,0.0042,0.6364
DIAMONDS TEN DIAMONDS SIX,0.5886,0.0074,0.404
HEARTS ACE DIAMONDS SEVEN,0.2456,0.0276,0.7268
DIAMONDS JACK DIAMONDS SIX,0.5976,0.008,0.3944
HEARTS QUEEN DIAMONDS SEVEN,0.7286,0.0354,0.236
HEARTS KING DIAMONDS SEVEN,0.0204,0.96,0.0196
DIAMONDS ACE DIAMONDS SIX,0.3612,0.003,0.6358
HEARTS FOUR DIAMONDS SIX,0.6366,0.007,0.3564
HEARTS JACK SPADES TWO,0.6434,0.0084,0.3482
HEARTS FIVE DIAMONDS SIX,0.6146,0.0086,0.3768
SPADES TWO HEARTS TEN,0.6362,0.008,0.3558
DIAMONDS QUEEN DIAMONDS SIX,0.5872,0.0072,0.4056
HEARTS TWO DIAMONDS SIX,0.6672,0.0076,0.3252
DIAMONDS KING DIAMONDS SIX,0.453,0.2738,0.2732
HEARTS THREE DIAMONDS SIX,0.6354,0.0074,0.3572
HEARTS EIGHT DIAMONDS SIX,0.6102,0.007,0.3828
HEARTS NINE DIAMONDS SIX,0.6168,0.0062,0.377
HEARTS SIX DIAMONDS SIX,0.4392,0.013,0.5478
HEARTS SEVEN DIAMONDS SIX,0.658,0.0378,0.3042
HEARTS TEN DIAMONDS SEVEN,0.701,0.0364,0.2626
CLUBS TWO DIAMONDS SIX,0.6552,0.0086,0.3362
HEARTS JACK DIAMONDS SEVEN,0.7074,0.0374,0.2552
CLUBS THREE DIAMONDS SIX,0.6528,0.006,0.3412
DIAMONDS EIGHT CLUBS JACK,0.577,0.0068,0.4162
CLUBS SEVEN DIAMONDS SIX,0.677,0.0368,0.2862
CLUBS SIX DIAMONDS SIX,0.4442,0.0126,0.5432
DIAMONDS EIGHT CLUBS TEN,0.5772,0.0084,0.4144
CLUBS FIVE DIAMONDS SIX,0.6144,0.0078,0.3778
CLUBS FOUR DIAMONDS SIX,0.6386,0.0076,0.3538
HEARTS ACE HEARTS JACK,0.3276,0.0054,0.667
DIAMONDS EIGHT CLUBS ACE,0.3598,0.0034,0.6368
HEARTS JACK HEARTS QUEEN,0.5148,0.0068,0.4784
CLUBS NINE DIAMONDS SIX,0.6268,0.007,0.3662
HEARTS KING HEARTS JACK,0.2214,0.084,0.6946
DIAMONDS EIGHT CLUBS QUEEN,0.581,0.0058,0.4132
CLUBS EIGHT DIAMONDS SIX,0.6178,0.0078,0.3744
SPADES TEN HEARTS KING,0.2264,0.1216,0.652
SPADES FIVE DIAMONDS SIX,0.6294,0.0082,0.3624
HEARTS ACE SPADES TWO,0.4028,0.0036,0.5936
SPADES JACK HEARTS KING,0.2386,0.086,0.6754
SPADES FOUR DIAMONDS SIX,0.646,0.006,0.348
SPADES THREE DIAMONDS SIX,0.6374,0.0082,0.3544
SPADES TWO HEARTS QUEEN,0.6386,0.0072,0.3542
SPADES ACE SPADES KING,0.2182,0.012,0.7698
HEARTS KING SPADES TWO,0.478,0.309,0.213
SPADES TWO DIAMONDS SIX,0.658,0.0062,0.3358
HEARTS TEN HEARTS EIGHT,0.5318,0.0072,0.461
SPADES NINE DIAMONDS SIX,0.598,0.0056,0.3964
HEARTS JACK HEARTS EIGHT,0.5568,0.0066,0.4366
SPADES EIGHT DIAMONDS SIX,0.5964,0.0066,0.397
SPADES SIX DIAMONDS SIX,0.4334,0.0114,0.5552
SPADES KING HEARTS KING,0.068,0.0142,0.9178
SPADES QUEEN HEARTS KING,0.2428,0.061,0.6962
SPADES ACE HEARTS KING,0.2262,0.0106,0.7632
SPADES ACE HEARTS JACK,0.3414,0.004,0.6546
SPADES QUEEN HEARTS JACK,0.5494,0.0066,0.444
SPADES KING HEARTS JACK,0.236,0.077,0.687
SPADES TEN DIAMONDS TEN,0.293,0.0092,0.6978
SPADES JACK DIAMONDS TEN,0.5564,0.0052,0.4384
SPADES ACE DIAMONDS TEN,0.3446,0.0046,0.6508
SPADES JACK HEARTS JACK,0.2886,0.004,0.7074
SPADES TEN HEARTS JACK,0.5574,0.0084,0.4342
SPADES QUEEN DIAMONDS TEN,0.5578,0.0056,0.4366
SPADES KING DIAMONDS TEN,0.2282,0.1154,0.6564
SPADES NINE DIAMONDS SEVEN,0.687,0.0368,0.2762
SPADES EIGHT DIAMONDS SEVEN,0.6752,0.0332,0.2916
SPADES SIX DIAMONDS SEVEN,0.686,0.038,0.276
DIAMONDS KING DIAMONDS SEVEN,0.0216,0.9016,0.0768
HEARTS THREE DIAMONDS SEVEN,0.7232,0.0388,0.238
HEARTS KING DIAMONDS FIVE,0.4804,0.2828,0.2368
DIAMONDS QUEEN DIAMONDS SEVEN,0.6852,0.027,0.2878
HEARTS TWO DIAMONDS SEVEN,0.7406,0.0406,0.2188
HEARTS QUEEN DIAMONDS FIVE,0.6296,0.0058,0.3646
HEARTS FIVE DIAMONDS SEVEN,0.682,0.0354,0.2826
DIAMONDS ACE DIAMONDS SEVEN,0.2122,0.0298,0.758
HEARTS FOUR DIAMONDS SEVEN,0.7006,0.0408,0.2586
HEARTS ACE DIAMONDS FIVE,0.3726,0.0044,0.623
HEARTS SEVEN DIAMONDS SEVEN,0.299,0.0316,0.6694
HEARTS SIX DIAMONDS SEVEN,0.679,0.0436,0.2774
HEARTS NINE DIAMONDS SEVEN,0.6838,0.0326,0.2836
DIAMONDS SEVEN HEARTS EIGHT,0.6566,0.0298,0.3136
DIAMONDS JACK DIAMONDS SEVEN,0.6704,0.0306,0.299
HEARTS JACK DIAMONDS FIVE,0.6292,0.006,0.3648
DIAMONDS TEN DIAMONDS SEVEN,0.6538,0.0334,0.3128
DIAMONDS FIVE HEARTS TEN,0.6304,0.0072,0.3624
SPADES KING CLUBS TWO,0.4876,0.2942,0.2182
CLUBS EIGHT DIAMONDS SEVEN,0.6752,0.032,0.2928
SPADES QUEEN CLUBS TWO,0.6464,0.0074,0.3462
HEARTS KING CLUBS QUEEN,0.2422,0.0646,0.6932
CLUBS NINE DIAMONDS SEVEN,0.6964,0.0302,0.2734
SPADES TWO CLUBS JACK,0.6494,0.0072,0.3434
SPADES ACE CLUBS TWO,0.4022,0.0052,0.5926
SPADES TWO CLUBS TEN,0.6416,0.0082,0.3502
HEARTS KING CLUBS ACE,0.2314,0.0098,0.7588
CLUBS SIX CLUBS SEVEN,0.6496,0.0368,0.3136
SPADES TWO DIAMONDS SEVEN,0.7496,0.04,0.2104
CLUBS EIGHT CLUBS SIX,0.5826,0.0076,0.4098
SPADES THREE DIAMONDS SEVEN,0.7264,0.045,0.2286
SPADES TWO CLUBS QUEEN,0.625,0.0092,0.3658
CLUBS NINE CLUBS SIX,0.5836,0.0072,0.4092
SPADES FOUR DIAMONDS SEVEN,0.7052,0.0394,0.2554
HEARTS KING CLUBS JACK,0.2508,0.089,0.6602
SPADES FIVE DIAMONDS SEVEN,0.7016,0.0362,0.2622
SPADES TWO CLUBS ACE,0.4016,0.0052,0.5932
HEARTS KING CLUBS TEN,0.226,0.1182,0.6558
CLUBS SIX SPADES TWO,0.6572,0.0088,0.334
CLUBS SIX SPADES THREE,0.6624,0.0092,0.3284
CLUBS TWO DIAMONDS SEVEN,0.7284,0.043,0.2286
CLUBS SIX SPADES FOUR,0.6328,0.0116,0.3556
CLUBS THREE DIAMONDS SEVEN,0.7264,0.0396,0.234
CLUBS SIX SPADES FIVE,0.6266,0.0096,0.3638
CLUBS FOUR DIAMONDS SEVEN,0.7138,0.0384,0.2478
CLUBS SIX SPADES SIX,0.4366,0.0154,0.548
CLUBS FIVE DIAMONDS SEVEN,0.7004,0.0386,0.261
CLUBS SIX DIAMONDS SEVEN,0.6828,0.0408,0.2764
CLUBS SIX SPADES EIGHT,0.6034,0.0088,0.3878
SPADES JACK CLUBS TWO,0.6264,0.0086,0.365
CLUBS SIX SPADES NINE,0.614,0.007,0.379
SPADES TEN CLUBS TWO,0.6354,0.0056,0.359
CLUBS SEVEN DIAMONDS SEVEN,0.305,0.0296,0.6654
CLUBS TWO CLUBS QUEEN,0.6008,0.0104,0.3888
CLUBS THREE DIAMONDS EIGHT,0.641,0.008,0.351
CLUBS TWO CLUBS ACE,0.3704,0.0068,0.6228
CLUBS TWO DIAMONDS EIGHT,0.6428,0.0078,0.3494
DIAMONDS EIGHT HEARTS SEVEN,0.6818,0.0304,0.2878
HEARTS SIX DIAMONDS EIGHT,0.6062,0.004,0.3898
DIAMONDS EIGHT HEARTS NINE,0.5702,0.0054,0.4244
CLUBS TWO CLUBS TEN,0.6064,0.0082,0.3854
DIAMONDS EIGHT HEARTS EIGHT,0.3266,0.0114,0.662
CLUBS TWO CLUBS JACK,0.5922,0.0092,0.3986
CLUBS NINE DIAMONDS EIGHT,0.5714,0.0078,0.4208
CLUBS EIGHT DIAMONDS EIGHT,0.3216,0.0138,0.6646
CLUBS FIVE DIAMONDS EIGHT,0.6368,0.008,0.3552
SPADES ACE SPADES THREE,0.3798,0.0052,0.615
CLUBS FOUR DIAMONDS EIGHT,0.6338,0.0074,0.3588
SPADES QUEEN SPADES THREE,0.6022,0.0082,0.3896
CLUBS SEVEN DIAMONDS EIGHT,0.676,0.0298,0.2942
CLUBS SIX DIAMONDS EIGHT,0.613,0.008,0.379
SPADES KING SPADES THREE,0.448,0.2924,0.2596
DIAMONDS QUEEN DIAMONDS EIGHT,0.5534,0.0058,0.4408
HEARTS TWO DIAMONDS EIGHT,0.647,0.008,0.345
DIAMONDS KING DIAMONDS EIGHT,0.2184,0.223,0.5586
HEARTS THREE DIAMONDS EIGHT,0.6426,0.0084,0.349
DIAMONDS ACE DIAMONDS EIGHT,0.3354,0.0026,0.662
HEARTS FOUR DIAMONDS EIGHT,0.6264,0.0072,0.3664
HEARTS FIVE DIAMONDS EIGHT,0.6108,0.0056,0.3836
DIAMONDS EIGHT DIAMONDS TEN,0.5476,0.0056,0.4468
DIAMONDS EIGHT DIAMONDS JACK,0.5506,0.0066,0.4428
SPADES JACK SPADES THREE,0.5986,0.0082,0.3932
SPADES TEN SPADES THREE,0.593,0.009,0.398
CLUBS FOUR HEARTS ACE,0.4016,0.0052,0.5932
CLUBS FOUR HEARTS QUEEN,0.6344,0.0058,0.3598
CLUBS FOUR HEARTS KING,0.483,0.2982,0.2188
CLUBS SIX HEARTS TEN,0.6228,0.0072,0.37
CLUBS SIX HEARTS JACK,0.636,0.0054,0.3586
SPADES FOUR DIAMONDS EIGHT,0.6218,0.0056,0.3726
SPADES FIVE DIAMONDS EIGHT,0.6118,0.0084,0.3798
DIAMONDS EIGHT SPADES TWO,0.6428,0.009,0.3482
DIAMONDS EIGHT SPADES THREE,0.6322,0.0088,0.359
CLUBS FOUR HEARTS JACK,0.6198,0.0076,0.3726
SPADES EIGHT DIAMONDS EIGHT,0.3264,0.0104,0.6632
SPADES TEN DIAMONDS QUEEN,0.5656,0.004,0.4304
SPADES TEN HEARTS TWO,0.6288,0.01,0.3612
SPADES JACK HEARTS EIGHT,0.5826,0.006,0.4114
CLUBS FOUR HEARTS TEN,0.6338,0.0068,0.3594
SPADES NINE DIAMONDS EIGHT,0.5796,0.007,0.4134
SPADES TEN HEARTS EIGHT,0.5628,0.0068,0.4304
SPADES JACK HEARTS TWO,0.6274,0.0088,0.3638
SPADES JACK DIAMONDS QUEEN,0.5554,0.0068,0.4378
SPADES SIX DIAMONDS EIGHT,0.6084,0.0056,0.386
SPADES ACE HEARTS TWO,0.4048,0.0052,0.59
SPADES ACE DIAMONDS QUEEN,0.3632,0.0054,0.6314
SPADES ACE HEARTS EIGHT,0.3528,0.0036,0.6436
SPADES KING HEARTS EIGHT,0.2272,0.2288,0.544
SPADES QUEEN HEARTS TWO,0.6404,0.0072,0.3524
SPADES QUEEN DIAMONDS QUEEN,0.2694,0.0068,0.7238
SPADES KING DIAMONDS QUEEN,0.2542,0.0608,0.685
SPADES KING HEARTS TWO,0.4794,0.2992,0.2214
SPADES QUEEN HEARTS EIGHT,0.5822,0.0046,0.4132
CLUBS TWO HEARTS TEN,0.6386,0.0078,0.3536
CLUBS TWO HEARTS JACK,0.6482,0.0076,0.3442
SPADES SIX DIAMONDS NINE,0.6052,0.0072,0.3876
SPADES NINE DIAMONDS NINE,0.2978,0.0074,0.6948
SPADES EIGHT DIAMONDS NINE,0.5544,0.0068,0.4388
DIAMONDS NINE SPADES THREE,0.6288,0.0074,0.3638
DIAMONDS NINE SPADES TWO,0.647,0.006,0.347
SPADES FIVE DIAMONDS NINE,0.6316,0.0066,0.3618
DIAMONDS NINE SPADES FOUR,0.6372,0.0064,0.3564
CLUBS NINE DIAMONDS NINE,0.3234,0.0094,0.6672
CLUBS EIGHT DIAMONDS NINE,0.5726,0.0078,0.4196
CLUBS SIX DIAMONDS NINE,0.61,0.006,0.384
SPADES JACK CLUBS FOUR,0.6334,0.0076,0.359
SPADES TEN CLUBS FOUR,0.6404,0.0082,0.3514
CLUBS SEVEN DIAMONDS NINE,0.6922,0.03,0.2778
CLUBS FOUR DIAMONDS NINE,0.638,0.0088,0.3532
CLUBS FIVE DIAMONDS NINE,0.632,0.0092,0.3588
CLUBS TWO DIAMONDS NINE,0.644,0.0072,0.3488
CLUBS THREE DIAMONDS NINE,0.6326,0.0074,0.36
DIAMONDS NINE HEARTS EIGHT,0.5728,0.0056,0.4216
DIAMONDS NINE HEARTS NINE,0.3056,0.0078,0.6866
HEARTS SIX DIAMONDS NINE,0.6148,0.0072,0.378
DIAMONDS NINE HEARTS SEVEN,0.6886,0.033,0.2784
CLUBS EIGHT CLUBS NINE,0.5356,0.0054,0.459
DIAMONDS ACE DIAMONDS NINE,0.3446,0.0036,0.6518
HEARTS FOUR DIAMONDS NINE,0.6344,0.0068,0.3588
HEARTS FIVE DIAMONDS NINE,0.626,0.0064,0.3676
CLUBS TWO HEARTS ACE,0.4128,0.0046,0.5826
SPADES ACE CLUBS FOUR,0.3908,0.0038,0.6054
DIAMONDS QUEEN DIAMONDS NINE,0.5418,0.0044,0.4538
HEARTS TWO DIAMONDS NINE,0.6306,0.0082,0.3612
CLUBS TWO HEARTS KING,0.4828,0.3048,0.2124
SPADES KING CLUBS FOUR,0.4802,0.3068,0.213
DIAMONDS KING DIAMONDS NINE,0.2292,0.1546,0.6162
HEARTS THREE DIAMONDS NINE,0.6264,0.0064,0.3672
CLUBS TWO HEARTS QUEEN,0.6444,0.0066,0.349
SPADES QUEEN CLUBS FOUR,0.6244,0.0084,0.3672
DIAMONDS NINE DIAMONDS JACK,0.5366,0.0058,0.4576
CLUBS EIGHT SPADES NINE,0.5808,0.0082,0.411
DIAMONDS NINE DIAMONDS TEN,0.5178,0.0074,0.4748
CLUBS EIGHT SPADES EIGHT,0.3168,0.0126,0.6706
CLUBS EIGHT SPADES SIX,0.6238,0.0084,0.3678
CLUBS EIGHT SPADES FIVE,0.6288,0.0076,0.3636
CLUBS EIGHT SPADES FOUR,0.6408,0.007,0.3522
CLUBS EIGHT SPADES THREE,0.6452,0.0094,0.3454
CLUBS EIGHT SPADES TWO,0.6522,0.0098,0.338
HEARTS SIX DIAMONDS TEN,0.6234,0.0046,0.372
DIAMONDS TEN HEARTS SEVEN,0.6988,0.0342,0.267
DIAMONDS TEN HEARTS EIGHT,0.5842,0.0048,0.411
CLUBS FOUR CLUBS JACK,0.6064,0.0092,0.3844
DIAMONDS TEN HEARTS NINE,0.5644,0.0068,0.4288
CLUBS FOUR CLUBS TEN,0.6012,0.0078,0.391
CLUBS FOUR CLUBS QUEEN,0.6046,0.008,0.3874
CLUBS TWO DIAMONDS TEN,0.6414,0.0058,0.3528
CLUBS THREE DIAMONDS TEN,0.6354,0.0058,0.3588
CLUBS FOUR CLUBS ACE,0.3786,0.006,0.6154
DIAMONDS JACK DIAMONDS TEN,0.515,0.0052,0.4798
DIAMONDS QUEEN DIAMONDS TEN,0.5138,0.0056,0.4806
HEARTS TWO DIAMONDS TEN,0.6394,0.0076,0.353
DIAMONDS KING DIAMONDS TEN,0.2114,0.1102,0.6784
HEARTS THREE DIAMONDS TEN,0.6414,0.0072,0.3514
DIAMONDS ACE DIAMONDS TEN,0.3266,0.0048,0.6686
HEARTS FOUR DIAMONDS TEN,0.6258,0.0056,0.3686
CLUBS EIGHT HEARTS JACK,0.5932,0.0066,0.4002
HEARTS FIVE DIAMONDS TEN,0.631,0.0088,0.3602
CLUBS EIGHT HEARTS TEN,0.575,0.0084,0.4166
CLUBS EIGHT HEARTS QUEEN,0.5892,0.009,0.4018
CLUBS EIGHT HEARTS KING,0.2452,0.2286,0.5262
CLUBS EIGHT HEARTS ACE,0.3676,0.0058,0.6266
CLUBS NINE SPADES THREE,0.6364,0.0096,0.354
CLUBS NINE SPADES TWO,0.6426,0.009,0.3484
CLUBS NINE SPADES FIVE,0.6276,0.007,0.3654
CLUBS NINE SPADES FOUR,0.6512,0.008,0.3408
CLUBS NINE SPADES SIX,0.6232,0.0084,0.3684
CLUBS NINE SPADES NINE,0.3108,0.01,0.6792
CLUBS TEN HEARTS EIGHT,0.585,0.0064,0.4086
CLUBS NINE SPADES EIGHT,0.5688,0.0082,0.423
CLUBS JACK HEARTS EIGHT,0.5928,0.0072,0.4
CLUBS QUEEN HEARTS EIGHT,0.5832,0.0086,0.4082
CLUBS ACE HEARTS EIGHT,0.3558,0.0024,0.6418
DIAMONDS ACE HEARTS TEN,0.3566,0.0046,0.6388
HEARTS FOUR HEARTS TEN,0.5886,0.005,0.4064
DIAMONDS ACE HEARTS JACK,0.3628,0.0028,0.6344
HEARTS FOUR HEARTS JACK,0.588,0.0076,0.4044
SPADES KING CLUBS FIVE,0.4682,0.3154,0.2164
SPADES QUEEN CLUBS FIVE,0.6306,0.0084,0.361
SPADES ACE CLUBS FIVE,0.3934,0.0046,0.602
DIAMONDS JACK HEARTS SEVEN,0.7208,0.0326,0.2466
HEARTS SIX DIAMONDS JACK,0.618,0.0086,0.3734
DIAMONDS JACK HEARTS NINE,0.576,0.008,0.416
DIAMONDS JACK HEARTS EIGHT,0.5812,0.0048,0.414
DIAMONDS KING DIAMONDS JACK,0.2346,0.0918,0.6736
HEARTS THREE DIAMONDS JACK,0.6324,0.007,0.3606
SPADES ACE SPADES SIX,0.3676,0.0048,0.6276
SPADES FOUR HEARTS ACE,0.3874,0.0038,0.6088
DIAMONDS QUEEN DIAMONDS JACK,0.517,0.005,0.478
HEARTS TWO DIAMONDS JACK,0.6266,0.0082,0.3652
HEARTS FIVE DIAMONDS JACK,0.6302,0.0058,0.364
SPADES QUEEN SPADES SIX,0.5986,0.0084,0.393
SPADES FOUR HEARTS QUEEN,0.6442,0.0076,0.3482
DIAMONDS ACE DIAMONDS JACK,0.3212,0.0032,0.6756
HEARTS FOUR DIAMONDS JACK,0.6212,0.0072,0.3716
SPADES KING SPADES SIX,0.4644,0.2794,0.2562
HEARTS KING SPADES FOUR,0.4738,0.3054,0.2208
SPADES TEN SPADES SIX,0.582,0.006,0.412
SPADES JACK SPADES SIX,0.6116,0.0062,0.3822
SPADES FOUR DIAMONDS JACK,0.6398,0.007,0.3532
SPADES FIVE DIAMONDS JACK,0.6348,0.0054,0.3598
DIAMONDS JACK SPADES TWO,0.6406,0.0072,0.3522
SPADES THREE DIAMONDS JACK,0.6278,0.0078,0.3644
SPADES ACE DIAMONDS THREE,0.3946,0.0046,0.6008
SPADES QUEEN DIAMONDS THREE,0.6302,0.0058,0.364
CLUBS EIGHT DIAMONDS JACK,0.5848,0.0074,0.4078
SPADES KING DIAMONDS THREE,0.4692,0.2976,0.2332
CLUBS NINE DIAMONDS JACK,0.5692,0.0102,0.4206
CLUBS SIX DIAMONDS JACK,0.6468,0.008,0.3452
CLUBS SEVEN DIAMONDS JACK,0.727,0.0348,0.2382
CLUBS FOUR DIAMONDS JACK,0.639,0.0078,0.3532
CLUBS FIVE DIAMONDS JACK,0.6312,0.0076,0.3612
CLUBS TWO DIAMONDS JACK,0.6454,0.0088,0.3458
CLUBS THREE DIAMONDS JACK,0.6408,0.0068,0.3524
SPADES TEN CLUBS FIVE,0.6374,0.0068,0.3558
HEARTS SIX SPADES JACK,0.6496,0.0064,0.344
HEARTS SIX SPADES TEN,0.6104,0.0064,0.3832
SPADES JACK CLUBS FIVE,0.6378,0.0076,0.3546
SPADES JACK DIAMONDS THREE,0.6252,0.0064,0.3684
CLUBS SEVEN CLUBS ACE,0.2176,0.0276,0.7548
DIAMONDS THREE SPADES TEN,0.623,0.0052,0.3718
CLUBS SEVEN CLUBS QUEEN,0.7,0.0354,0.2646
SPADES NINE DIAMONDS JACK,0.5702,0.006,0.4238
CLUBS SEVEN CLUBS TEN,0.667,0.0434,0.2896
DIAMONDS ACE HEARTS ACE,0.1342,0.0028,0.863
HEARTS FOUR HEARTS ACE,0.379,0.0046,0.6164
SPADES EIGHT DIAMONDS JACK,0.577,0.0074,0.4156
SPADES ACE HEARTS SIX,0.379,0.0046,0.6164
CLUBS SEVEN CLUBS JACK,0.6986,0.0368,0.2646
DIAMONDS ACE HEARTS KING,0.2246,0.0128,0.7626
HEARTS FOUR HEARTS KING,0.4372,0.2932,0.2696
SPADES KING HEARTS SIX,0.4744,0.2954,0.2302
DIAMONDS ACE HEARTS QUEEN,0.357,0.0024,0.6406
HEARTS FOUR HEARTS QUEEN,0.5862,0.0074,0.4064
SPADES SIX DIAMONDS JACK,0.6368,0.007,0.3562
SPADES QUEEN HEARTS SIX,0.631,0.0076,0.3614
SPADES TWO DIAMONDS TEN,0.6372,0.0092,0.3536
SPADES THREE DIAMONDS TEN,0.6336,0.0074,0.359
SPADES FOUR DIAMONDS TEN,0.64,0.0076,0.3524
SPADES FIVE DIAMONDS TEN,0.6302,0.0064,0.3634
SPADES SIX DIAMONDS TEN,0.6396,0.0062,0.3542
SPADES EIGHT DIAMONDS TEN,0.5646,0.0052,0.4302
SPADES NINE DIAMONDS TEN,0.5602,0.0062,0.4336
CLUBS FOUR DIAMONDS TEN,0.6362,0.006,0.3578
CLUBS FIVE DIAMONDS TEN,0.6368,0.0104,0.3528
CLUBS SIX DIAMONDS TEN,0.6292,0.007,0.3638
CLUBS SEVEN DIAMONDS TEN,0.713,0.0292,0.2578
CLUBS EIGHT DIAMONDS TEN,0.58,0.0064,0.4136
CLUBS NINE DIAMONDS TEN,0.5504,0.0064,0.4432
DIAMONDS THREE CLUBS JACK,0.6302,0.0082,0.3616
DIAMONDS THREE CLUBS TEN,0.651,0.0064,0.3426
DIAMONDS THREE CLUBS QUEEN,0.6306,0.0078,0.3616
DIAMONDS THREE CLUBS ACE,0.3948,0.0044,0.6008
SPADES FOUR HEARTS JACK,0.6406,0.0072,0.3522
SPADES FOUR HEARTS TEN,0.619,0.006,0.375
SPADES FIVE SPADES TWO,0.6272,0.0104,0.3624
SPADES FOUR SPADES TWO,0.619,0.0076,0.3734
SPADES THREE SPADES TWO,0.6216,0.0094,0.369
SPADES NINE SPADES TWO,0.6112,0.0106,0.3782
SPADES EIGHT SPADES TWO,0.6032,0.0086,0.3882
SPADES SIX SPADES TWO,0.6314,0.0076,0.361
DIAMONDS QUEEN CLUBS THREE,0.627,0.0082,0.3648
HEARTS TWO CLUBS THREE,0.6684,0.0078,0.3238
DIAMONDS QUEEN CLUBS TWO,0.6568,0.0068,0.3364
CLUBS TWO HEARTS TWO,0.4576,0.0174,0.525
DIAMONDS QUEEN HEARTS SEVEN,0.7178,0.0326,0.2496
HEARTS TWO HEARTS SEVEN,0.6708,0.0476,0.2816
HEARTS SIX DIAMONDS QUEEN,0.6422,0.006,0.3518
HEARTS SIX HEARTS TWO,0.606,0.0066,0.3874
DIAMONDS QUEEN HEARTS NINE,0.5836,0.004,0.4124
HEARTS TWO HEARTS NINE,0.6014,0.0056,0.393
DIAMONDS QUEEN HEARTS EIGHT,0.5856,0.0078,0.4066
HEARTS TWO HEARTS EIGHT,0.6084,0.009,0.3826
CLUBS NINE HEARTS TWO,0.6436,0.0098,0.3466
CLUBS NINE DIAMONDS QUEEN,0.5718,0.006,0.4222
CLUBS EIGHT HEARTS TWO,0.6464,0.0068,0.3468
CLUBS EIGHT DIAMONDS QUEEN,0.6072,0.0066,0.3862
CLUBS FIVE DIAMONDS QUEEN,0.6318,0.0084,0.3598
CLUBS FIVE HEARTS TWO,0.6348,0.0094,0.3558
SPADES EIGHT HEARTS ACE,0.3524,0.0044,0.6432
CLUBS FOUR DIAMONDS QUEEN,0.6416,0.0076,0.3508
CLUBS FOUR HEARTS TWO,0.6518,0.0094,0.3388
SPADES EIGHT HEARTS QUEEN,0.5776,0.0052,0.4172
CLUBS SEVEN HEARTS TWO,0.7406,0.0404,0.219
CLUBS SEVEN DIAMONDS QUEEN,0.7396,0.0416,0.2188
CLUBS SIX DIAMONDS QUEEN,0.6332,0.0068,0.36
CLUBS SIX HEARTS TWO,0.6658,0.0066,0.3276
SPADES EIGHT HEARTS KING,0.222,0.229,0.549
DIAMONDS QUEEN SPADES SIX,0.6416,0.0064,0.352
HEARTS TWO SPADES SIX,0.6708,0.0074,0.3218
HEARTS FOUR CLUBS QUEEN,0.6294,0.0074,0.3632
DIAMONDS ACE CLUBS QUEEN,0.3526,0.0046,0.6428
DIAMONDS QUEEN SPADES EIGHT,0.5942,0.0068,0.399
SPADES EIGHT HEARTS TWO,0.6452,0.0086,0.3462
HEARTS FOUR CLUBS ACE,0.391,0.004,0.605
DIAMONDS ACE CLUBS ACE,0.1176,0.0034,0.879
SPADES NINE DIAMONDS QUEEN,0.5818,0.007,0.4112
SPADES NINE HEARTS TWO,0.6372,0.0094,0.3534
HEARTS TWO SPADES TWO,0.458,0.0174,0.5246
DIAMONDS QUEEN SPADES TWO,0.6392,0.0076,0.3532
HEARTS TWO SPADES THREE,0.6566,0.008,0.3354
DIAMONDS QUEEN SPADES THREE,0.6332,0.0064,0.3604
HEARTS TWO SPADES FOUR,0.6514,0.0082,0.3404
DIAMONDS QUEEN SPADES FOUR,0.642,0.0084,0.3496
HEARTS FOUR CLUBS TEN,0.6308,0.0072,0.362
DIAMONDS ACE CLUBS TEN,0.3406,0.0046,0.6548
HEARTS TWO SPADES FIVE,0.6562,0.0084,0.3354
DIAMONDS QUEEN SPADES FIVE,0.6312,0.0062,0.3626
HEARTS FOUR CLUBS JACK,0.6346,0.0084,0.357
DIAMONDS ACE CLUBS JACK,0.3578,0.0046,0.6376
CLUBS FIVE CLUBS QUEEN,0.5864,0.0076,0.406
CLUBS FIVE CLUBS ACE,0.3648,0.0054,0.6298
CLUBS FIVE CLUBS JACK,0.6026,0.0086,0.3888
CLUBS FIVE CLUBS TEN,0.6134,0.0086,0.378
SPADES KING CLUBS JACK,0.2284,0.0872,0.6844
SPADES QUEEN CLUBS JACK,0.5526,0.0096,0.4378
SPADES ACE CLUBS JACK,0.3522,0.005,0.6428
SPADES SIX CLUBS QUEEN,0.6368,0.0062,0.357
SPADES EIGHT HEARTS JACK,0.5818,0.0078,0.4104
SPADES SIX CLUBS ACE,0.386,0.007,0.607
SPADES EIGHT HEARTS TEN,0.5906,0.0078,0.4016
SPADES SIX CLUBS JACK,0.6508,0.0084,0.3408
SPADES SIX CLUBS TEN,0.6232,0.0078,0.369
SPADES TEN CLUBS JACK,0.5526,0.0058,0.4416
SPADES JACK CLUBS JACK,0.298,0.0066,0.6954
SPADES QUEEN CLUBS SEVEN,0.7248,0.033,0.2422
SPADES KING CLUBS SEVEN,0.0064,0.9866,0.007
SPADES ACE CLUBS SEVEN,0.2272,0.0316,0.7412
SPADES SIX HEARTS TEN,0.623,0.0068,0.3702
SPADES SIX HEARTS JACK,0.6434,0.0064,0.3502
SPADES SIX HEARTS ACE,0.3876,0.0038,0.6086
SPADES SIX HEARTS KING,0.4682,0.3032,0.2286
SPADES SIX HEARTS QUEEN,0.6434,0.0074,0.3492
SPADES JACK CLUBS SEVEN,0.7234,0.0396,0.237
CLUBS SEVEN SPADES TEN,0.6992,0.0368,0.264
HEARTS SIX CLUBS TEN,0.6352,0.0082,0.3566
HEARTS SIX CLUBS JACK,0.6452,0.0082,0.3466
CLUBS ACE CLUBS JACK,0.331,0.0048,0.6642
HEARTS SIX CLUBS QUEEN,0.6542,0.0036,0.3422
HEARTS SIX CLUBS ACE,0.3866,0.005,0.6084
CLUBS QUEEN CLUBS JACK,0.5372,0.007,0.4558
DIAMONDS THREE HEARTS ACE,0.3984,0.0044,0.5972
DIAMONDS THREE HEARTS QUEEN,0.6224,0.0074,0.3702
DIAMONDS THREE HEARTS KING,0.4722,0.3048,0.223
CLUBS FIVE HEARTS JACK,0.618,0.008,0.374
SPADES TEN DIAMONDS ACE,0.3446,0.0034,0.652
HEARTS FOUR SPADES TEN,0.627,0.0084,0.3646
CLUBS FIVE HEARTS TEN,0.6364,0.0068,0.3568
HEARTS FOUR SPADES JACK,0.6272,0.0066,0.3662
SPADES JACK DIAMONDS ACE,0.3548,0.0048,0.6404
SPADES ACE HEARTS FOUR,0.396,0.0022,0.6018
SPADES ACE DIAMONDS ACE,0.116,0.0042,0.8798
CLUBS FIVE HEARTS ACE,0.4024,0.0038,0.5938
CLUBS FIVE HEARTS KING,0.4796,0.2992,0.2212
HEARTS FOUR SPADES QUEEN,0.622,0.0066,0.3714
SPADES QUEEN DIAMONDS ACE,0.35,0.0066,0.6434
SPADES FOUR CLUBS JACK,0.6358,0.0066,0.3576
CLUBS FIVE HEARTS QUEEN,0.6324,0.0072,0.3604
SPADES KING DIAMONDS ACE,0.2358,0.013,0.7512
HEARTS FOUR SPADES KING,0.47,0.3012,0.2288
SPADES FOUR CLUBS TEN,0.635,0.0088,0.3562
DIAMONDS QUEEN DIAMONDS ACE,0.328,0.0042,0.6678
HEARTS TWO DIAMONDS ACE,0.4132,0.0054,0.5814
HEARTS FOUR DIAMONDS QUEEN,0.632,0.0068,0.3612
HEARTS FOUR HEARTS TWO,0.6006,0.0076,0.3918
DIAMONDS THREE HEARTS TEN,0.6308,0.0068,0.3624
HEARTS FIVE DIAMONDS QUEEN,0.6296,0.0064,0.364
HEARTS FIVE HEARTS TWO,0.6092,0.007,0.3838
DIAMONDS THREE HEARTS JACK,0.6378,0.0076,0.3546
SPADES FOUR CLUBS QUEEN,0.6366,0.0088,0.3546
DIAMONDS QUEEN HEARTS TWO,0.6414,0.0084,0.3502
DIAMONDS KING DIAMONDS QUEEN,0.2292,0.061,0.7098
DIAMONDS KING HEARTS TWO,0.4802,0.2912,0.2286
HEARTS THREE DIAMONDS QUEEN,0.6228,0.006,0.3712
HEARTS THREE HEARTS TWO,0.609,0.0076,0.3834
SPADES FOUR CLUBS ACE,0.387,0.0058,0.6072
HEARTS TWO CLUBS ACE,0.3824,0.004,0.6136
DIAMONDS QUEEN CLUBS ACE,0.3504,0.0038,0.6458
HEARTS TWO CLUBS QUEEN,0.6426,0.0072,0.3502
DIAMONDS QUEEN CLUBS QUEEN,0.2894,0.0026,0.708
SPADES EIGHT SPADES FIVE,0.5922,0.008,0.3998
HEARTS TWO CLUBS TEN,0.6324,0.0062,0.3614
DIAMONDS QUEEN CLUBS TEN,0.5614,0.0054,0.4332
SPADES NINE SPADES FIVE,0.6146,0.006,0.3794
HEARTS TWO CLUBS JACK,0.6354,0.0072,0.3574
DIAMONDS QUEEN CLUBS JACK,0.5588,0.0056,0.4356
SPADES SIX SPADES FIVE,0.5988,0.0086,0.3926
DIAMONDS FIVE CLUBS QUEEN,0.6276,0.0094,0.363
SPADES EIGHT CLUBS ACE,0.3494,0.0046,0.646
CLUBS ACE DIAMONDS FIVE,0.3766,0.0054,0.618
SPADES EIGHT CLUBS QUEEN,0.6016,0.007,0.3914
SPADES EIGHT CLUBS JACK,0.5938,0.0076,0.3986
SPADES EIGHT CLUBS TEN,0.5648,0.0082,0.427
DIAMONDS FIVE CLUBS TEN,0.6418,0.0084,0.3498
DIAMONDS FIVE CLUBS JACK,0.644,0.0072,0.3488
HEARTS JACK DIAMONDS TEN,0.5546,0.0054,0.44
DIAMONDS TEN HEARTS TEN,0.3002,0.0074,0.6924
SPADES ACE CLUBS NINE,0.3654,0.0044,0.6302
CLUBS NINE SPADES QUEEN,0.5806,0.0076,0.4118
SPADES KING CLUBS NINE,0.2152,0.17,0.6148
HEARTS SIX HEARTS KING,0.4322,0.2982,0.2696
SPADES KING DIAMONDS SEVEN,0.0088,0.9686,0.0226
HEARTS SIX HEARTS QUEEN,0.5754,0.0058,0.4188
DIAMONDS KING SPADES SIX,0.485,0.294,0.221
HEARTS THREE SPADES SIX,0.647,0.009,0.344
SPADES QUEEN DIAMONDS SEVEN,0.7238,0.041,0.2352
DIAMONDS KING SPADES NINE,0.232,0.1608,0.6072
HEARTS THREE SPADES NINE,0.6336,0.009,0.3574
HEARTS SIX HEARTS ACE,0.367,0.0038,0.6292
DIAMONDS KING SPADES EIGHT,0.2188,0.2336,0.5476
HEARTS THREE SPADES EIGHT,0.634,0.008,0.358
SPADES ACE DIAMONDS SEVEN,0.2288,0.0332,0.738
CLUBS NINE HEARTS THREE,0.634,0.0104,0.3556
CLUBS NINE DIAMONDS KING,0.2244,0.1684,0.6072
CLUBS EIGHT HEARTS THREE,0.6516,0.008,0.3404
CLUBS EIGHT DIAMONDS KING,0.2302,0.23,0.5398
HEARTS THREE SPADES THREE,0.4622,0.014,0.5238
DIAMONDS KING SPADES THREE,0.4688,0.3132,0.218
HEARTS THREE SPADES TWO,0.6516,0.0082,0.3402
DIAMONDS KING SPADES TWO,0.4926,0.2956,0.2118
HEARTS THREE SPADES FIVE,0.6292,0.0098,0.361
