opposingHand,winningChance,drawChance,lostChance
SPADES KING DIAMONDS THREE
HEARTS FIVE SPADES TEN,0.6086,0.009,0.3824
HEARTS FIVE SPADES JACK,0.602,0.007,0.391
SPADES FIVE CLUBS JACK,0.6066,0.0066,0.3868
CLUBS TEN SPADES FIVE,0.5908,0.0066,0.4026
CLUBS EIGHT CLUBS JACK,0.535,0.0088,0.4562
CLUBS TEN CLUBS EIGHT,0.515,0.0082,0.4768
CLUBS EIGHT CLUBS KING,0.2112,0.2224,0.5664
SPADES FIVE CLUBS ACE,0.3542,0.005,0.6408
CLUBS EIGHT CLUBS QUEEN,0.5478,0.0058,0.4464
SPADES FIVE CLUBS KING,0.211,0.4574,0.3316
SPADES FIVE CLUBS QUEEN,0.5944,0.008,0.3976
CLUBS EIGHT CLUBS ACE,0.3288,0.005,0.6662
DIAMONDS TWO DIAMONDS FIVE,0.5836,0.0074,0.409
DIAMONDS TWO DIAMONDS FOUR,0.586,0.0122,0.4018
HEARTS FIVE SPADES QUEEN,0.5962,0.0084,0.3954
DIAMONDS TWO DIAMONDS SEVEN,0.605,0.0094,0.3856
DIAMONDS TWO DIAMONDS SIX,0.593,0.0078,0.3992
SPADES ACE HEARTS FIVE,0.3344,0.0048,0.6608
DIAMONDS TWO DIAMONDS NINE,0.5948,0.0092,0.396
DIAMONDS TWO DIAMONDS EIGHT,0.6038,0.011,0.3852
SPADES FOUR CLUBS TWO,0.6216,0.0108,0.3676
SPADES FIVE CLUBS TWO,0.6092,0.01,0.3808
CLUBS TWO SPADES TWO,0.4416,0.0214,0.537
CLUBS TWO SPADES THREE,0.7148,0.0318,0.2534
SPADES EIGHT CLUBS TWO,0.6396,0.0098,0.3506
SPADES NINE CLUBS TWO,0.6444,0.0114,0.3442
SPADES SIX CLUBS TWO,0.6412,0.0106,0.3482
SPADES SEVEN CLUBS TWO,0.6308,0.0114,0.3578
CLUBS SIX CLUBS TWO,0.5974,0.0076,0.395
CLUBS SEVEN CLUBS TWO,0.599,0.0088,0.3922
CLUBS FOUR CLUBS TWO,0.5832,0.0112,0.4056
CLUBS FIVE CLUBS TWO,0.579,0.009,0.412
CLUBS TEN CLUBS JACK,0.5184,0.0056,0.476
DIAMONDS FOUR DIAMONDS SIX,0.551,0.0092,0.4398
CLUBS TEN CLUBS QUEEN,0.5144,0.0042,0.4814
DIAMONDS FOUR DIAMONDS SEVEN,0.5528,0.0104,0.4368
CLUBS TEN CLUBS KING,0.2312,0.115,0.6538
CLUBS TEN CLUBS ACE,0.3308,0.0044,0.6648
CLUBS EIGHT CLUBS TWO,0.593,0.0076,0.3994
DIAMONDS FOUR DIAMONDS FIVE,0.5324,0.0124,0.4552
CLUBS NINE CLUBS TWO,0.5884,0.0078,0.4038
DIAMONDS FOUR DIAMONDS NINE,0.5792,0.011,0.4098
DIAMONDS FOUR DIAMONDS EIGHT,0.5542,0.0086,0.4372
CLUBS THREE CLUBS TWO,0.6714,0.0338,0.2948
DIAMONDS NINE DIAMONDS FIVE,0.561,0.0106,0.4284
DIAMONDS TWO CLUBS JACK,0.6294,0.008,0.3626
DIAMONDS FIVE DIAMONDS EIGHT,0.5512,0.0078,0.441
CLUBS TEN DIAMONDS TWO,0.6258,0.0106,0.3636
DIAMONDS FIVE DIAMONDS SEVEN,0.535,0.0102,0.4548
DIAMONDS SIX DIAMONDS FIVE,0.5122,0.0086,0.4792
DIAMONDS TWO CLUBS ACE,0.3868,0.0048,0.6084
DIAMONDS TWO CLUBS KING,0.252,0.534,0.214
DIAMONDS TWO CLUBS QUEEN,0.6472,0.008,0.3448
DIAMONDS SIX DIAMONDS EIGHT,0.5352,0.0078,0.457
DIAMONDS NINE DIAMONDS SIX,0.5378,0.0068,0.4554
HEARTS ACE SPADES THREE,0.2424,0.0236,0.734
SPADES THREE HEARTS KING,0.0208,0.9684,0.0108
DIAMONDS SIX DIAMONDS SEVEN,0.5298,0.0084,0.4618
SPADES THREE HEARTS QUEEN,0.7384,0.0316,0.23
SPADES THREE HEARTS JACK,0.7218,0.036,0.2422
SPADES THREE HEARTS TEN,0.744,0.0334,0.2226
DIAMONDS EIGHT DIAMONDS SEVEN,0.519,0.007,0.474
DIAMONDS NINE DIAMONDS SEVEN,0.5376,0.0094,0.453
DIAMONDS NINE DIAMONDS EIGHT,0.527,0.0076,0.4654
DIAMONDS KING HEARTS TEN,0.2292,0.1162,0.6546
HEARTS THREE HEARTS TEN,0.6702,0.0354,0.2944
SPADES JACK CLUBS SIX,0.6056,0.0078,0.3866
DIAMONDS KING HEARTS JACK,0.2348,0.0862,0.679
HEARTS THREE HEARTS JACK,0.6824,0.0316,0.286
SPADES TEN CLUBS SIX,0.5876,0.0078,0.4046
SPADES JACK SPADES FIVE,0.5708,0.0084,0.4208
SPADES TEN SPADES FIVE,0.5712,0.0092,0.4196
DIAMONDS KING HEARTS ACE,0.2206,0.0126,0.7668
HEARTS THREE HEARTS ACE,0.2216,0.0212,0.7572
SPADES ACE CLUBS SIX,0.3504,0.0056,0.644
DIAMONDS KING HEARTS QUEEN,0.2298,0.063,0.7072
HEARTS THREE HEARTS QUEEN,0.6838,0.0304,0.2858
DIAMONDS KING HEARTS KING,0.0652,0.0166,0.9182
HEARTS THREE HEARTS KING,0.0222,0.9058,0.072
SPADES QUEEN CLUBS SIX,0.6116,0.0086,0.3798
SPADES NINE HEARTS TEN,0.5608,0.0062,0.433
SPADES NINE HEARTS JACK,0.5704,0.0086,0.421
SPADES QUEEN SPADES FIVE,0.5668,0.0096,0.4236
SPADES ACE SPADES FIVE,0.3362,0.0062,0.6576
SPADES NINE HEARTS QUEEN,0.5746,0.0086,0.4168
SPADES NINE HEARTS KING,0.2266,0.1672,0.6062
SPADES NINE HEARTS ACE,0.3548,0.0054,0.6398
CLUBS TEN SPADES JACK,0.5442,0.007,0.4488
CLUBS TEN SPADES TEN,0.3042,0.0094,0.6864
SPADES ACE CLUBS TEN,0.3372,0.0042,0.6586
SPADES QUEEN CLUBS TEN,0.5702,0.0064,0.4234
SPADES FIVE HEARTS QUEEN,0.6002,0.0064,0.3934
SPADES FIVE HEARTS KING,0.2152,0.458,0.3268
SPADES FIVE HEARTS ACE,0.3544,0.0054,0.6402
SPADES JACK HEARTS THREE,0.7312,0.0342,0.2346
SPADES JACK DIAMONDS KING,0.2248,0.0944,0.6808
SPADES TEN CLUBS EIGHT,0.569,0.0048,0.4262
SPADES JACK CLUBS EIGHT,0.5798,0.0086,0.4116
SPADES TEN HEARTS THREE,0.7418,0.033,0.2252
SPADES TEN DIAMONDS KING,0.225,0.1176,0.6574
CLUBS SIX HEARTS ACE,0.3608,0.0046,0.6346
SPADES ACE CLUBS EIGHT,0.3604,0.006,0.6336
HEARTS FIVE CLUBS JACK,0.589,0.0076,0.4034
HEARTS FIVE CLUBS TEN,0.5994,0.0076,0.393
CLUBS SIX HEARTS QUEEN,0.5932,0.0062,0.4006
SPADES QUEEN CLUBS EIGHT,0.5786,0.0096,0.4118
CLUBS TEN SPADES THREE,0.7314,0.0352,0.2334
CLUBS SIX HEARTS KING,0.2334,0.3796,0.387
SPADES THREE CLUBS JACK,0.7304,0.0312,0.2384
DIAMONDS TWO HEARTS JACK,0.64,0.0092,0.3508
SPADES THREE CLUBS QUEEN,0.7388,0.0308,0.2304
DIAMONDS TWO HEARTS TEN,0.641,0.0102,0.3488
SPADES THREE CLUBS KING,0.0172,0.972,0.0108
HEARTS FIVE CLUBS ACE,0.3548,0.0032,0.642
SPADES FIVE HEARTS TEN,0.6018,0.0084,0.3898
SPADES THREE CLUBS ACE,0.23,0.0216,0.7484
HEARTS FIVE CLUBS KING,0.215,0.471,0.314
SPADES FIVE HEARTS JACK,0.596,0.008,0.396
HEARTS FIVE CLUBS QUEEN,0.6022,0.005,0.3928
HEARTS THREE CLUBS KING,0.0214,0.954,0.0246
DIAMONDS KING CLUBS KING,0.0652,0.0164,0.9184
HEARTS THREE CLUBS QUEEN,0.7402,0.0312,0.2286
DIAMONDS KING CLUBS QUEEN,0.2274,0.0686,0.704
HEARTS FIVE HEARTS JACK,0.5522,0.0074,0.4404
HEARTS FIVE HEARTS TEN,0.5676,0.0094,0.423
HEARTS THREE CLUBS ACE,0.2338,0.0184,0.7478
DIAMONDS KING CLUBS ACE,0.2264,0.01,0.7636
SPADES ACE CLUBS QUEEN,0.3464,0.0048,0.6488
HEARTS THREE CLUBS JACK,0.719,0.0342,0.2468
DIAMONDS KING CLUBS JACK,0.2306,0.0896,0.6798
SPADES QUEEN CLUBS QUEEN,0.273,0.0038,0.7232
CLUBS TEN HEARTS THREE,0.727,0.03,0.243
CLUBS TEN DIAMONDS KING,0.2294,0.1154,0.6552
SPADES JACK CLUBS QUEEN,0.5476,0.0078,0.4446
CLUBS SIX CLUBS QUEEN,0.5512,0.0074,0.4414
SPADES TEN CLUBS QUEEN,0.5494,0.0076,0.443
CLUBS SIX CLUBS KING,0.2226,0.354,0.4234
CLUBS SIX CLUBS ACE,0.3292,0.0044,0.6664
HEARTS FIVE HEARTS KING,0.2018,0.4328,0.3654
HEARTS FIVE HEARTS QUEEN,0.544,0.0084,0.4476
CLUBS TEN CLUBS SIX,0.547,0.0078,0.4452
HEARTS FIVE HEARTS ACE,0.322,0.0048,0.6732
CLUBS SIX CLUBS JACK,0.5538,0.007,0.4392
SPADES SEVEN HEARTS JACK,0.5856,0.0076,0.4068
SPADES SEVEN HEARTS TEN,0.5644,0.0086,0.427
DIAMONDS TWO CLUBS TWO,0.4478,0.0216,0.5306
DIAMONDS TWO CLUBS THREE,0.708,0.035,0.257
DIAMONDS TWO HEARTS SIX,0.6388,0.0078,0.3534
DIAMONDS TWO HEARTS QUEEN,0.6406,0.008,0.3514
HEARTS SEVEN DIAMONDS TWO,0.637,0.01,0.353
DIAMONDS TWO HEARTS KING,0.263,0.526,0.211
DIAMONDS TWO HEARTS EIGHT,0.6364,0.011,0.3526
DIAMONDS TWO HEARTS ACE,0.3936,0.0054,0.601
DIAMONDS TWO HEARTS NINE,0.636,0.0084,0.3556
DIAMONDS TWO DIAMONDS QUEEN,0.6006,0.0112,0.3882
DIAMONDS TWO HEARTS TWO,0.4516,0.0186,0.5298
DIAMONDS TWO DIAMONDS KING,0.251,0.5,0.249
DIAMONDS TWO HEARTS THREE,0.716,0.0342,0.2498
DIAMONDS TWO DIAMONDS ACE,0.3634,0.0072,0.6294
HEARTS FOUR DIAMONDS TWO,0.6262,0.0108,0.363
HEARTS FIVE DIAMONDS TWO,0.6162,0.007,0.3768
SPADES SEVEN HEARTS ACE,0.3568,0.0038,0.6394
DIAMONDS TWO DIAMONDS TEN,0.5902,0.01,0.3998
SPADES SEVEN HEARTS KING,0.2332,0.304,0.4628
DIAMONDS TWO DIAMONDS JACK,0.5918,0.0092,0.399
SPADES SEVEN HEARTS QUEEN,0.5964,0.0076,0.396
DIAMONDS TWO SPADES NINE,0.6392,0.0092,0.3516
DIAMONDS TWO SPADES EIGHT,0.6298,0.0118,0.3584
DIAMONDS TWO SPADES SEVEN,0.6394,0.01,0.3506
DIAMONDS TWO SPADES SIX,0.6266,0.0098,0.3636
DIAMONDS TWO SPADES FIVE,0.6296,0.0096,0.3608
DIAMONDS TWO SPADES FOUR,0.6298,0.011,0.3592
DIAMONDS TWO SPADES THREE,0.7222,0.0326,0.2452
DIAMONDS TWO SPADES TWO,0.445,0.0194,0.5356
CLUBS NINE DIAMONDS TWO,0.6316,0.0106,0.3578
DIAMONDS TWO CLUBS EIGHT,0.6252,0.0094,0.3654
CLUBS SEVEN DIAMONDS TWO,0.6396,0.0084,0.352
DIAMONDS TWO CLUBS SIX,0.638,0.0082,0.3538
DIAMONDS TWO CLUBS FIVE,0.61,0.0096,0.3804
DIAMONDS TWO CLUBS FOUR,0.6264,0.0094,0.3642
CLUBS FOUR SPADES FIVE,0.5698,0.01,0.4202
CLUBS FOUR SPADES FOUR,0.3478,0.0208,0.6314
CLUBS FOUR SPADES THREE,0.6866,0.0328,0.2806
CLUBS FOUR SPADES TWO,0.617,0.0102,0.3728
SPADES NINE CLUBS FOUR,0.5998,0.0084,0.3918
SPADES EIGHT CLUBS FOUR,0.588,0.0096,0.4024
SPADES SEVEN CLUBS FOUR,0.5926,0.0096,0.3978
SPADES SIX CLUBS FOUR,0.578,0.0084,0.4136
SPADES ACE DIAMONDS SIX,0.3398,0.0042,0.656
SPADES QUEEN DIAMONDS SIX,0.595,0.0088,0.3962
SPADES TEN DIAMONDS SIX,0.5712,0.009,0.4198
SPADES JACK DIAMONDS SIX,0.6038,0.0082,0.388
SPADES QUEEN SPADES TWO,0.609,0.008,0.383
SPADES ACE SPADES TWO,0.363,0.0072,0.6298
DIAMONDS JACK CLUBS JACK,0.2758,0.0054,0.7188
CLUBS TEN DIAMONDS JACK,0.5478,0.0058,0.4464
DIAMONDS JACK CLUBS KING,0.2384,0.0814,0.6802
DIAMONDS JACK CLUBS QUEEN,0.5462,0.0088,0.445
DIAMONDS JACK CLUBS ACE,0.344,0.0054,0.6506
SPADES TEN SPADES NINE,0.5358,0.0072,0.457
SPADES JACK SPADES NINE,0.5352,0.0098,0.455
DIAMONDS FOUR HEARTS JACK,0.5958,0.0072,0.397
HEARTS ACE HEARTS KING,0.2172,0.0116,0.7712
SPADES TEN SPADES TWO,0.6022,0.009,0.3888
DIAMONDS FOUR HEARTS TEN,0.6006,0.0092,0.3902
SPADES JACK SPADES TWO,0.6034,0.0078,0.3888
DIAMONDS FOUR HEARTS QUEEN,0.6012,0.007,0.3918
DIAMONDS FOUR HEARTS KING,0.2204,0.5078,0.2718
SPADES ACE SPADES NINE,0.3352,0.007,0.6578
DIAMONDS FOUR HEARTS ACE,0.3486,0.006,0.6454
SPADES QUEEN SPADES NINE,0.5372,0.0076,0.4552
CLUBS FIVE CLUBS SIX,0.527,0.007,0.466
DIAMONDS FOUR CLUBS ACE,0.3448,0.005,0.6502
CLUBS SEVEN CLUBS FIVE,0.5286,0.008,0.4634
DIAMONDS FOUR CLUBS QUEEN,0.5876,0.0086,0.4038
DIAMONDS FOUR CLUBS KING,0.222,0.5052,0.2728
CLUBS TEN DIAMONDS FOUR,0.5962,0.009,0.3948
DIAMONDS FOUR CLUBS JACK,0.5956,0.0094,0.395
SPADES SEVEN CLUBS ACE,0.3686,0.005,0.6264
SPADES SEVEN CLUBS QUEEN,0.5972,0.0072,0.3956
SPADES SEVEN CLUBS KING,0.2356,0.3044,0.46
CLUBS FIVE SPADES SEVEN,0.5626,0.0096,0.4278
CLUBS TEN SPADES SEVEN,0.565,0.0086,0.4264
CLUBS FIVE SPADES SIX,0.572,0.0104,0.4176
SPADES SEVEN CLUBS JACK,0.5748,0.0078,0.4174
SPADES NINE CLUBS FIVE,0.599,0.0076,0.3934
CLUBS FIVE SPADES EIGHT,0.5774,0.0048,0.4178
CLUBS FIVE SPADES THREE,0.6988,0.0288,0.2724
CLUBS FIVE SPADES TWO,0.6156,0.0102,0.3742
CLUBS FIVE SPADES FIVE,0.3438,0.0156,0.6406
CLUBS FIVE SPADES FOUR,0.5738,0.007,0.4192
CLUBS NINE CLUBS FIVE,0.5482,0.0082,0.4436
CLUBS EIGHT CLUBS FIVE,0.5368,0.0062,0.457
CLUBS ACE CLUBS QUEEN,0.3386,0.0056,0.6558
CLUBS KING CLUBS QUEEN,0.233,0.0572,0.7098
DIAMONDS FOUR DIAMONDS TEN,0.5458,0.0094,0.4448
CLUBS TEN DIAMONDS NINE,0.5462,0.0062,0.4476
DIAMONDS FOUR DIAMONDS JACK,0.569,0.0096,0.4214
DIAMONDS NINE CLUBS JACK,0.5498,0.0058,0.4444
SPADES NINE CLUBS JACK,0.568,0.0058,0.4262
CLUBS TEN SPADES NINE,0.538,0.007,0.455
DIAMONDS FOUR DIAMONDS ACE,0.3308,0.0058,0.6634
HEARTS FOUR DIAMONDS FOUR,0.3442,0.0178,0.638
DIAMONDS JACK HEARTS TEN,0.534,0.0074,0.4586
SPADES NINE CLUBS KING,0.2432,0.16,0.5968
DIAMONDS TWO SPADES TEN,0.635,0.0084,0.3566
DIAMONDS NINE CLUBS ACE,0.3478,0.0028,0.6494
HEARTS FIVE DIAMONDS FOUR,0.5726,0.0106,0.4168
DIAMONDS JACK HEARTS JACK,0.2792,0.0062,0.7146
SPADES NINE CLUBS QUEEN,0.5706,0.0086,0.4208
SPADES JACK DIAMONDS TWO,0.6372,0.0084,0.3544
DIAMONDS FOUR DIAMONDS QUEEN,0.5618,0.0064,0.4318
DIAMONDS FOUR HEARTS TWO,0.6248,0.0114,0.3638
DIAMONDS NINE CLUBS QUEEN,0.564,0.0088,0.4272
DIAMONDS FOUR DIAMONDS KING,0.2054,0.4956,0.299
DIAMONDS FOUR HEARTS THREE,0.691,0.0322,0.2768
SPADES NINE CLUBS ACE,0.3634,0.0056,0.631
DIAMONDS NINE CLUBS KING,0.2224,0.1662,0.6114
HEARTS ACE DIAMONDS JACK,0.336,0.0038,0.6602
SPADES ACE DIAMONDS TWO,0.3696,0.0064,0.624
HEARTS QUEEN DIAMONDS JACK,0.5628,0.0066,0.4306
SPADES QUEEN DIAMONDS TWO,0.646,0.0102,0.3438
HEARTS KING DIAMONDS JACK,0.2248,0.0886,0.6866
SPADES JACK SPADES SEVEN,0.5514,0.0074,0.4412
SPADES TEN SPADES SEVEN,0.5374,0.009,0.4536
CLUBS SEVEN CLUBS THREE,0.6792,0.028,0.2928
CLUBS SIX CLUBS THREE,0.6664,0.0262,0.3074
CLUBS FIVE CLUBS THREE,0.6554,0.0288,0.3158
CLUBS THREE CLUBS FOUR,0.6524,0.0298,0.3178
CLUBS NINE CLUBS THREE,0.684,0.0286,0.2874
CLUBS EIGHT CLUBS THREE,0.6834,0.0282,0.2884
CLUBS THREE SPADES FIVE,0.6838,0.0302,0.286
CLUBS THREE SPADES FOUR,0.7042,0.0296,0.2662
CLUBS THREE SPADES THREE,0.3056,0.0226,0.6718
CLUBS THREE SPADES TWO,0.729,0.0314,0.2396
CLUBS THREE SPADES SIX,0.7126,0.0304,0.257
SPADES SEVEN CLUBS THREE,0.7184,0.0282,0.2534
SPADES EIGHT CLUBS THREE,0.738,0.025,0.237
SPADES NINE CLUBS THREE,0.726,0.0338,0.2402
DIAMONDS FOUR SPADES TWO,0.6198,0.0102,0.37
DIAMONDS FOUR SPADES THREE,0.696,0.0278,0.2762
DIAMONDS FOUR SPADES FOUR,0.3386,0.0188,0.6426
DIAMONDS FOUR SPADES FIVE,0.5654,0.0122,0.4224
DIAMONDS FOUR SPADES SIX,0.5908,0.0094,0.3998
DIAMONDS FOUR SPADES SEVEN,0.592,0.0078,0.4002
DIAMONDS FOUR SPADES EIGHT,0.593,0.0092,0.3978
DIAMONDS FOUR SPADES NINE,0.597,0.0084,0.3946
DIAMONDS FOUR CLUBS FIVE,0.5626,0.007,0.4304
DIAMONDS FOUR CLUBS FOUR,0.3384,0.0194,0.6422
CLUBS SEVEN DIAMONDS FOUR,0.593,0.009,0.398
DIAMONDS FOUR CLUBS SIX,0.5818,0.0098,0.4084
CLUBS NINE DIAMONDS FOUR,0.6108,0.0084,0.3808
CLUBS EIGHT DIAMONDS FOUR,0.6028,0.009,0.3882
HEARTS SEVEN DIAMONDS FOUR,0.5688,0.009,0.4222
HEARTS SIX DIAMONDS FOUR,0.584,0.0106,0.4054
DIAMONDS FOUR HEARTS NINE,0.604,0.007,0.389
DIAMONDS FOUR HEARTS EIGHT,0.5738,0.0082,0.418
DIAMONDS FOUR CLUBS THREE,0.6956,0.0332,0.2712
DIAMONDS FOUR CLUBS TWO,0.6166,0.0116,0.3718
DIAMONDS TEN DIAMONDS FIVE,0.5662,0.01,0.4238
DIAMONDS JACK DIAMONDS FIVE,0.5572,0.0084,0.4344
DIAMONDS NINE HEARTS QUEEN,0.5642,0.0082,0.4276
DIAMONDS NINE HEARTS KING,0.228,0.1712,0.6008
HEARTS ACE DIAMONDS NINE,0.3584,0.0032,0.6384
DIAMONDS NINE HEARTS TEN,0.5346,0.0066,0.4588
DIAMONDS NINE HEARTS JACK,0.533,0.0078,0.4592
DIAMONDS SIX CLUBS KING,0.2294,0.3892,0.3814
DIAMONDS SIX CLUBS QUEEN,0.5908,0.0044,0.4048
CLUBS ACE DIAMONDS SIX,0.353,0.0048,0.6422
SPADES ACE SPADES SEVEN,0.3286,0.006,0.6654
SPADES QUEEN DIAMONDS FOUR,0.6086,0.0112,0.3802
SPADES QUEEN SPADES SEVEN,0.5612,0.0076,0.4312
DIAMONDS SIX CLUBS JACK,0.5928,0.0066,0.4006
SPADES ACE DIAMONDS FOUR,0.3348,0.0046,0.6606
CLUBS TEN DIAMONDS SIX,0.5948,0.0072,0.398
CLUBS NINE CLUBS FOUR,0.5696,0.0086,0.4218
CLUBS EIGHT CLUBS FOUR,0.5564,0.0088,0.4348
SPADES JACK DIAMONDS FOUR,0.5968,0.0108,0.3924
SPADES TEN DIAMONDS FOUR,0.597,0.009,0.394
CLUBS FIVE CLUBS FOUR,0.5364,0.0074,0.4562
CLUBS SEVEN CLUBS FOUR,0.5462,0.0096,0.4442
CLUBS SIX CLUBS FOUR,0.5328,0.0102,0.457
CLUBS SEVEN SPADES EIGHT,0.5508,0.0088,0.4404
CLUBS SEVEN SPADES NINE,0.5584,0.0074,0.4342
CLUBS SEVEN SPADES SIX,0.5624,0.0092,0.4284
CLUBS SEVEN SPADES SEVEN,0.3266,0.012,0.6614
CLUBS SEVEN SPADES FIVE,0.5694,0.0072,0.4234
CLUBS SEVEN SPADES FOUR,0.5908,0.0092,0.4
CLUBS SEVEN SPADES THREE,0.7188,0.0262,0.255
CLUBS SEVEN SPADES TWO,0.6356,0.0096,0.3548
CLUBS NINE CLUBS SEVEN,0.5244,0.0078,0.4678
CLUBS SEVEN CLUBS EIGHT,0.5194,0.0102,0.4704
HEARTS SIX DIAMONDS FIVE,0.5676,0.0062,0.4262
HEARTS SEVEN DIAMONDS FIVE,0.5738,0.0046,0.4216
DIAMONDS FIVE HEARTS EIGHT,0.5614,0.0092,0.4294
DIAMONDS FIVE HEARTS NINE,0.5882,0.0088,0.403
DIAMONDS QUEEN DIAMONDS FIVE,0.5624,0.0094,0.4282
HEARTS TWO DIAMONDS FIVE,0.6142,0.0092,0.3766
HEARTS KING HEARTS EIGHT,0.219,0.212,0.569
DIAMONDS KING DIAMONDS FIVE,0.209,0.4402,0.3508
HEARTS THREE DIAMONDS FIVE,0.679,0.0282,0.2928
HEARTS QUEEN HEARTS EIGHT,0.5304,0.0078,0.4618
DIAMONDS ACE DIAMONDS FIVE,0.3298,0.0058,0.6644
HEARTS FOUR DIAMONDS FIVE,0.5634,0.0102,0.4264
HEARTS FIVE DIAMONDS FIVE,0.3244,0.0152,0.6604
HEARTS ACE HEARTS EIGHT,0.332,0.0046,0.6634
CLUBS FOUR DIAMONDS FIVE,0.559,0.0084,0.4326
CLUBS FIVE DIAMONDS FIVE,0.3524,0.017,0.6306
CLUBS SIX DIAMONDS FIVE,0.5584,0.01,0.4316
CLUBS SEVEN DIAMONDS FIVE,0.5636,0.008,0.4284
CLUBS TWO DIAMONDS FIVE,0.621,0.0112,0.3678
CLUBS THREE DIAMONDS FIVE,0.6898,0.0312,0.279
SPADES THREE DIAMONDS FIVE,0.691,0.0316,0.2774
SPADES TWO DIAMONDS FIVE,0.6084,0.0104,0.3812
SPADES JACK DIAMONDS EIGHT,0.5702,0.0078,0.422
SPADES FIVE DIAMONDS FIVE,0.3366,0.0156,0.6478
CLUBS TEN HEARTS JACK,0.5438,0.007,0.4492
SPADES TEN DIAMONDS EIGHT,0.5484,0.0058,0.4458
SPADES FOUR DIAMONDS FIVE,0.562,0.0096,0.4284
HEARTS JACK CLUBS JACK,0.2894,0.0042,0.7064
HEARTS JACK CLUBS QUEEN,0.5622,0.0062,0.4316
CLUBS NINE DIAMONDS FIVE,0.5828,0.0066,0.4106
CLUBS KING HEARTS JACK,0.2346,0.0866,0.6788
CLUBS EIGHT DIAMONDS FIVE,0.5684,0.0106,0.421
CLUBS ACE HEARTS JACK,0.3452,0.005,0.6498
SPADES SEVEN DIAMONDS FIVE,0.5628,0.011,0.4262
SPADES SIX DIAMONDS FIVE,0.5554,0.0112,0.4334
SPADES QUEEN DIAMONDS EIGHT,0.5814,0.009,0.4096
SPADES NINE DIAMONDS FIVE,0.5788,0.0098,0.4114
SPADES EIGHT DIAMONDS FIVE,0.5836,0.009,0.4074
SPADES ACE DIAMONDS EIGHT,0.3422,0.006,0.6518
DIAMONDS TEN DIAMONDS SIX,0.55,0.0086,0.4414
HEARTS ACE DIAMONDS SEVEN,0.35,0.005,0.645
DIAMONDS JACK DIAMONDS SIX,0.5584,0.0098,0.4318
HEARTS QUEEN DIAMONDS SEVEN,0.583,0.0064,0.4106
HEARTS KING DIAMONDS SEVEN,0.224,0.31,0.466
DIAMONDS ACE DIAMONDS SIX,0.343,0.0046,0.6524
HEARTS FOUR DIAMONDS SIX,0.5636,0.0082,0.4282
SPADES TWO HEARTS JACK,0.6412,0.008,0.3508
HEARTS FIVE DIAMONDS SIX,0.5558,0.0084,0.4358
SPADES TWO HEARTS TEN,0.639,0.01,0.351
DIAMONDS QUEEN DIAMONDS SIX,0.5536,0.0078,0.4386
HEARTS TWO DIAMONDS SIX,0.6256,0.0114,0.363
DIAMONDS KING DIAMONDS SIX,0.2138,0.3596,0.4266
HEARTS THREE DIAMONDS SIX,0.7112,0.028,0.2608
DIAMONDS SIX HEARTS EIGHT,0.5706,0.0068,0.4226
DIAMONDS SIX HEARTS NINE,0.577,0.008,0.415
HEARTS SIX DIAMONDS SIX,0.327,0.014,0.659
HEARTS SEVEN DIAMONDS SIX,0.5508,0.0068,0.4424
HEARTS TEN DIAMONDS SEVEN,0.5548,0.0102,0.435
CLUBS TWO DIAMONDS SIX,0.626,0.0076,0.3664
HEARTS JACK DIAMONDS SEVEN,0.5848,0.006,0.4092
CLUBS THREE DIAMONDS SIX,0.7172,0.0258,0.257
CLUBS SEVEN DIAMONDS SIX,0.5378,0.0082,0.454
DIAMONDS EIGHT CLUBS JACK,0.5634,0.0058,0.4308
CLUBS SIX DIAMONDS SIX,0.3356,0.0152,0.6492
CLUBS TEN DIAMONDS EIGHT,0.5634,0.008,0.4286
CLUBS FIVE DIAMONDS SIX,0.5526,0.009,0.4384
CLUBS FOUR DIAMONDS SIX,0.5668,0.01,0.4232
HEARTS ACE HEARTS JACK,0.3282,0.004,0.6678
CLUBS ACE DIAMONDS EIGHT,0.3458,0.0058,0.6484
HEARTS QUEEN HEARTS JACK,0.5226,0.0072,0.4702
CLUBS KING DIAMONDS EIGHT,0.2232,0.227,0.5498
CLUBS NINE DIAMONDS SIX,0.5728,0.0072,0.42
HEARTS KING HEARTS JACK,0.2192,0.0848,0.696
CLUBS QUEEN DIAMONDS EIGHT,0.581,0.0072,0.4118
CLUBS EIGHT DIAMONDS SIX,0.5562,0.0072,0.4366
SPADES TEN HEARTS KING,0.2344,0.1206,0.645
SPADES FIVE DIAMONDS SIX,0.5698,0.0098,0.4204
HEARTS ACE SPADES TWO,0.3782,0.0048,0.617
SPADES JACK HEARTS KING,0.2242,0.0932,0.6826
SPADES FOUR DIAMONDS SIX,0.5946,0.0078,0.3976
SPADES THREE DIAMONDS SIX,0.7078,0.0278,0.2644
HEARTS QUEEN SPADES TWO,0.6464,0.0082,0.3454
SPADES TWO HEARTS KING,0.2656,0.516,0.2184
SPADES TWO DIAMONDS SIX,0.6366,0.0076,0.3558
HEARTS TEN HEARTS EIGHT,0.51,0.0086,0.4814
SPADES NINE DIAMONDS SIX,0.578,0.0074,0.4146
HEARTS JACK HEARTS EIGHT,0.531,0.0088,0.4602
SPADES EIGHT DIAMONDS SIX,0.5594,0.0072,0.4334
SPADES SEVEN DIAMONDS SIX,0.5616,0.0084,0.43
SPADES SIX DIAMONDS SIX,0.3258,0.0158,0.6584
SPADES QUEEN HEARTS KING,0.2498,0.0674,0.6828
CLUBS ACE CLUBS KING,0.2154,0.0136,0.771
SPADES ACE HEARTS KING,0.227,0.0102,0.7628
SPADES ACE HEARTS JACK,0.3382,0.0052,0.6566
SPADES QUEEN HEARTS JACK,0.5516,0.007,0.4414
SPADES TEN DIAMONDS TEN,0.2952,0.0072,0.6976
SPADES JACK DIAMONDS TEN,0.5368,0.0088,0.4544
SPADES ACE DIAMONDS TEN,0.3354,0.0056,0.659
SPADES JACK HEARTS JACK,0.2872,0.0068,0.706
SPADES TEN HEARTS JACK,0.564,0.0054,0.4306
SPADES QUEEN DIAMONDS TEN,0.5472,0.0076,0.4452
SPADES NINE DIAMONDS SEVEN,0.5594,0.009,0.4316
SPADES EIGHT DIAMONDS SEVEN,0.5384,0.0084,0.4532
SPADES SEVEN DIAMONDS SEVEN,0.3322,0.0152,0.6526
SPADES SIX DIAMONDS SEVEN,0.5686,0.0096,0.4218
DIAMONDS KING DIAMONDS SEVEN,0.227,0.2748,0.4982
HEARTS THREE DIAMONDS SEVEN,0.712,0.0294,0.2586
HEARTS KING DIAMONDS FIVE,0.2176,0.4566,0.3258
DIAMONDS QUEEN DIAMONDS SEVEN,0.5576,0.0056,0.4368
HEARTS TWO DIAMONDS SEVEN,0.6416,0.0096,0.3488
HEARTS QUEEN DIAMONDS FIVE,0.5908,0.0104,0.3988
HEARTS FIVE DIAMONDS SEVEN,0.5746,0.01,0.4154
DIAMONDS ACE DIAMONDS SEVEN,0.3526,0.0048,0.6426
HEARTS FOUR DIAMONDS SEVEN,0.586,0.0094,0.4046
HEARTS ACE DIAMONDS FIVE,0.336,0.0056,0.6584
HEARTS SEVEN DIAMONDS SEVEN,0.319,0.013,0.668
HEARTS SIX DIAMONDS SEVEN,0.556,0.0072,0.4368
HEARTS NINE DIAMONDS SEVEN,0.5564,0.008,0.4356
HEARTS EIGHT DIAMONDS SEVEN,0.5488,0.0056,0.4456
DIAMONDS JACK DIAMONDS SEVEN,0.5482,0.0074,0.4444
HEARTS JACK DIAMONDS FIVE,0.5818,0.0088,0.4094
DIAMONDS TEN DIAMONDS SEVEN,0.547,0.0082,0.4448
HEARTS TEN DIAMONDS FIVE,0.5936,0.0098,0.3966
HEARTS KING CLUBS KING,0.074,0.0152,0.9108
CLUBS EIGHT DIAMONDS SEVEN,0.5526,0.009,0.4384
SPADES QUEEN CLUBS TWO,0.6434,0.009,0.3476
HEARTS KING CLUBS QUEEN,0.2352,0.062,0.7028
CLUBS NINE DIAMONDS SEVEN,0.5748,0.007,0.4182
SPADES TWO CLUBS JACK,0.631,0.0086,0.3604
SPADES ACE CLUBS TWO,0.3754,0.004,0.6206
CLUBS TEN SPADES TWO,0.6328,0.0092,0.358
HEARTS KING CLUBS ACE,0.2316,0.0112,0.7572
CLUBS SEVEN CLUBS SIX,0.5106,0.0066,0.4828
SPADES TWO CLUBS KING,0.268,0.5138,0.2182
SPADES TWO DIAMONDS SEVEN,0.6302,0.0102,0.3596
CLUBS EIGHT CLUBS SIX,0.5404,0.0084,0.4512
SPADES THREE DIAMONDS SEVEN,0.7198,0.0312,0.249
SPADES TWO CLUBS QUEEN,0.6482,0.0076,0.3442
CLUBS NINE CLUBS SIX,0.534,0.0074,0.4586
SPADES FOUR DIAMONDS SEVEN,0.596,0.0072,0.3968
HEARTS KING CLUBS JACK,0.2458,0.0826,0.6716
SPADES FIVE DIAMONDS SEVEN,0.5638,0.009,0.4272
SPADES TWO CLUBS ACE,0.3746,0.0066,0.6188
CLUBS TEN HEARTS KING,0.236,0.1148,0.6492
CLUBS SIX SPADES TWO,0.636,0.0076,0.3564
CLUBS SIX SPADES THREE,0.7244,0.0234,0.2522
CLUBS TWO DIAMONDS SEVEN,0.6238,0.0086,0.3676
CLUBS SIX SPADES FOUR,0.5934,0.0074,0.3992
CLUBS THREE DIAMONDS SEVEN,0.7102,0.0286,0.2612
CLUBS SIX SPADES FIVE,0.5708,0.0068,0.4224
CLUBS FOUR DIAMONDS SEVEN,0.582,0.0082,0.4098
CLUBS SIX SPADES SIX,0.3352,0.0132,0.6516
CLUBS FIVE DIAMONDS SEVEN,0.5844,0.0088,0.4068
CLUBS SIX SPADES SEVEN,0.5602,0.0072,0.4326
CLUBS SIX DIAMONDS SEVEN,0.5496,0.0064,0.444
SPADES EIGHT CLUBS SIX,0.5666,0.0076,0.4258
SPADES JACK CLUBS TWO,0.6448,0.0098,0.3454
CLUBS SEVEN DIAMONDS SEVEN,0.3152,0.0126,0.6722
SPADES NINE CLUBS SIX,0.5746,0.0066,0.4188
SPADES TEN CLUBS TWO,0.6296,0.0086,0.3618
CLUBS TWO CLUBS QUEEN,0.5952,0.0084,0.3964
CLUBS TWO CLUBS KING,0.2368,0.4918,0.2714
CLUBS THREE DIAMONDS EIGHT,0.7324,0.0282,0.2394
CLUBS TWO CLUBS ACE,0.3574,0.005,0.6376
CLUBS TWO DIAMONDS EIGHT,0.6256,0.009,0.3654
HEARTS SEVEN DIAMONDS EIGHT,0.5434,0.0068,0.4498
HEARTS SIX DIAMONDS EIGHT,0.558,0.0086,0.4334
DIAMONDS EIGHT HEARTS NINE,0.5358,0.007,0.4572
CLUBS TEN CLUBS TWO,0.5948,0.0088,0.3964
HEARTS EIGHT DIAMONDS EIGHT,0.3166,0.0136,0.6698
CLUBS TWO CLUBS JACK,0.5876,0.0096,0.4028
CLUBS NINE DIAMONDS EIGHT,0.5564,0.0074,0.4362
CLUBS EIGHT DIAMONDS EIGHT,0.3186,0.0122,0.6692
CLUBS FIVE DIAMONDS EIGHT,0.57,0.007,0.423
SPADES ACE SPADES THREE,0.2314,0.0218,0.7468
CLUBS FOUR DIAMONDS EIGHT,0.583,0.0074,0.4096
CLUBS SEVEN DIAMONDS EIGHT,0.546,0.0082,0.4458
SPADES QUEEN SPADES THREE,0.7014,0.0348,0.2638
CLUBS SIX DIAMONDS EIGHT,0.5698,0.0074,0.4228
DIAMONDS QUEEN DIAMONDS EIGHT,0.5564,0.0084,0.4352
HEARTS TWO DIAMONDS EIGHT,0.6342,0.0092,0.3566
DIAMONDS KING DIAMONDS EIGHT,0.2268,0.218,0.5552
HEARTS THREE DIAMONDS EIGHT,0.7168,0.032,0.2512
DIAMONDS ACE DIAMONDS EIGHT,0.3448,0.0052,0.65
HEARTS FOUR DIAMONDS EIGHT,0.5962,0.0082,0.3956
HEARTS FIVE DIAMONDS EIGHT,0.577,0.011,0.412
DIAMONDS TEN DIAMONDS EIGHT,0.5378,0.009,0.4532
DIAMONDS JACK DIAMONDS EIGHT,0.5404,0.0066,0.453
SPADES JACK SPADES THREE,0.714,0.032,0.254
SPADES TEN SPADES THREE,0.7044,0.0308,0.2648
CLUBS FOUR HEARTS ACE,0.3454,0.0052,0.6494
CLUBS FOUR HEARTS QUEEN,0.5898,0.0078,0.4024
CLUBS FOUR HEARTS KING,0.2126,0.5236,0.2638
CLUBS SIX HEARTS TEN,0.59,0.0076,0.4024
CLUBS SIX HEARTS JACK,0.606,0.0072,0.3868
SPADES FOUR DIAMONDS EIGHT,0.6074,0.0084,0.3842
SPADES FIVE DIAMONDS EIGHT,0.5732,0.0102,0.4166
SPADES TWO DIAMONDS EIGHT,0.6344,0.0094,0.3562
SPADES THREE DIAMONDS EIGHT,0.7348,0.033,0.2322
CLUBS FOUR HEARTS JACK,0.6118,0.0074,0.3808
SPADES EIGHT DIAMONDS EIGHT,0.3114,0.0132,0.6754
SPADES JACK HEARTS EIGHT,0.565,0.0086,0.4264
SPADES TEN HEARTS TWO,0.637,0.01,0.353
SPADES TEN DIAMONDS QUEEN,0.5428,0.0082,0.449
CLUBS FOUR HEARTS TEN,0.5894,0.0084,0.4022
SPADES NINE DIAMONDS EIGHT,0.554,0.0092,0.4368
SPADES JACK HEARTS TWO,0.6326,0.0102,0.3572
SPADES JACK DIAMONDS QUEEN,0.556,0.0116,0.4324
SPADES TEN HEARTS EIGHT,0.5524,0.0094,0.4382
SPADES SIX DIAMONDS EIGHT,0.5568,0.0088,0.4344
SPADES SEVEN DIAMONDS EIGHT,0.5546,0.0092,0.4362
SPADES ACE HEARTS TWO,0.377,0.0066,0.6164
SPADES ACE DIAMONDS QUEEN,0.3494,0.006,0.6446
SPADES ACE HEARTS EIGHT,0.3578,0.0028,0.6394
SPADES QUEEN DIAMONDS QUEEN,0.2736,0.0064,0.72
SPADES QUEEN HEARTS TWO,0.6418,0.0086,0.3496
SPADES QUEEN HEARTS EIGHT,0.578,0.0054,0.4166
CLUBS TWO HEARTS TEN,0.628,0.0084,0.3636
CLUBS TWO HEARTS JACK,0.6304,0.0086,0.361
SPADES SEVEN DIAMONDS NINE,0.5494,0.009,0.4416
SPADES SIX DIAMONDS NINE,0.5888,0.0086,0.4026
SPADES NINE DIAMONDS NINE,0.3104,0.01,0.6796
SPADES EIGHT DIAMONDS NINE,0.5468,0.0078,0.4454
SPADES TEN CLUBS KING,0.2386,0.1194,0.642
DIAMONDS NINE SPADES THREE,0.722,0.031,0.247
SPADES JACK CLUBS KING,0.2366,0.0894,0.674
DIAMONDS NINE SPADES TWO,0.6388,0.0074,0.3538
SPADES FIVE DIAMONDS NINE,0.5896,0.008,0.4024
SPADES FOUR DIAMONDS NINE,0.6102,0.0096,0.3802
CLUBS NINE DIAMONDS NINE,0.2934,0.0094,0.6972
CLUBS EIGHT DIAMONDS NINE,0.5448,0.0082,0.447
CLUBS SIX DIAMONDS NINE,0.5666,0.0078,0.4256
SPADES JACK CLUBS FOUR,0.5962,0.0096,0.3942
CLUBS SEVEN DIAMONDS NINE,0.5708,0.0062,0.423
SPADES TEN CLUBS FOUR,0.5946,0.0066,0.3988
CLUBS FOUR DIAMONDS NINE,0.5996,0.0072,0.3932
CLUBS FIVE DIAMONDS NINE,0.5734,0.006,0.4206
CLUBS TWO DIAMONDS NINE,0.627,0.0106,0.3624
CLUBS THREE DIAMONDS NINE,0.7228,0.0332,0.244
DIAMONDS NINE HEARTS EIGHT,0.54,0.0076,0.4524
DIAMONDS NINE HEARTS NINE,0.3028,0.0114,0.6858
HEARTS SIX DIAMONDS NINE,0.583,0.0052,0.4118
HEARTS SEVEN DIAMONDS NINE,0.5506,0.0064,0.443
CLUBS NINE CLUBS EIGHT,0.5098,0.0082,0.482
DIAMONDS ACE DIAMONDS NINE,0.3382,0.0066,0.6552
HEARTS FOUR DIAMONDS NINE,0.5934,0.0126,0.394
HEARTS FIVE DIAMONDS NINE,0.5832,0.0072,0.4096
HEARTS ACE CLUBS TWO,0.3804,0.006,0.6136
SPADES ACE CLUBS FOUR,0.3452,0.0068,0.648
DIAMONDS NINE DIAMONDS QUEEN,0.529,0.0078,0.4632
HEARTS TWO DIAMONDS NINE,0.631,0.0092,0.3598
CLUBS TWO HEARTS KING,0.2586,0.518,0.2234
DIAMONDS KING DIAMONDS NINE,0.2186,0.1644,0.617
HEARTS THREE DIAMONDS NINE,0.714,0.0306,0.2554
CLUBS TWO HEARTS QUEEN,0.6224,0.0084,0.3692
SPADES QUEEN CLUBS FOUR,0.5954,0.0104,0.3942
DIAMONDS NINE DIAMONDS JACK,0.5244,0.0058,0.4698
CLUBS EIGHT SPADES NINE,0.5586,0.0078,0.4336
DIAMONDS TEN DIAMONDS NINE,0.5002,0.0088,0.491
CLUBS EIGHT SPADES EIGHT,0.3216,0.0108,0.6676
CLUBS EIGHT SPADES SEVEN,0.5552,0.0058,0.439
CLUBS EIGHT SPADES SIX,0.5716,0.0064,0.422
CLUBS EIGHT SPADES FIVE,0.5822,0.0072,0.4106
CLUBS EIGHT SPADES FOUR,0.5838,0.0104,0.4058
CLUBS EIGHT SPADES THREE,0.7394,0.028,0.2326
CLUBS EIGHT SPADES TWO,0.6376,0.008,0.3544
HEARTS SIX DIAMONDS TEN,0.5794,0.008,0.4126
HEARTS SEVEN DIAMONDS TEN,0.5592,0.0102,0.4306
DIAMONDS TEN HEARTS EIGHT,0.5542,0.007,0.4388
CLUBS FOUR CLUBS JACK,0.5612,0.007,0.4318
DIAMONDS TEN HEARTS NINE,0.5322,0.0086,0.4592
CLUBS TEN CLUBS FOUR,0.5584,0.0074,0.4342
CLUBS FOUR CLUBS KING,0.203,0.5028,0.2942
CLUBS FOUR CLUBS QUEEN,0.5616,0.009,0.4294
DIAMONDS TEN CLUBS TWO,0.6302,0.0076,0.3622
CLUBS THREE DIAMONDS TEN,0.724,0.0356,0.2404
CLUBS FOUR CLUBS ACE,0.3218,0.0048,0.6734
DIAMONDS TEN DIAMONDS JACK,0.5134,0.0086,0.478
DIAMONDS TEN DIAMONDS QUEEN,0.52,0.0066,0.4734
HEARTS TWO DIAMONDS TEN,0.6262,0.01,0.3638
DIAMONDS KING DIAMONDS TEN,0.2164,0.1146,0.669
HEARTS THREE DIAMONDS TEN,0.7128,0.032,0.2552
DIAMONDS ACE DIAMONDS TEN,0.324,0.0058,0.6702
HEARTS FOUR DIAMONDS TEN,0.5892,0.007,0.4038
CLUBS EIGHT HEARTS JACK,0.5652,0.0072,0.4276
HEARTS FIVE DIAMONDS TEN,0.5914,0.0088,0.3998
CLUBS EIGHT HEARTS TEN,0.5622,0.0086,0.4292
CLUBS EIGHT HEARTS QUEEN,0.5754,0.0056,0.419
CLUBS EIGHT HEARTS KING,0.2384,0.2356,0.526
CLUBS EIGHT HEARTS ACE,0.3718,0.005,0.6232
CLUBS NINE SPADES THREE,0.7346,0.0322,0.2332
CLUBS NINE SPADES TWO,0.6246,0.0068,0.3686
CLUBS NINE SPADES FIVE,0.5918,0.007,0.4012
CLUBS NINE SPADES FOUR,0.6026,0.009,0.3884
CLUBS NINE SPADES SEVEN,0.5732,0.007,0.4198
CLUBS NINE SPADES SIX,0.572,0.0082,0.4198
CLUBS NINE SPADES NINE,0.3084,0.0102,0.6814
CLUBS TEN HEARTS EIGHT,0.5582,0.0074,0.4344
CLUBS NINE SPADES EIGHT,0.5552,0.005,0.4398
HEARTS EIGHT CLUBS JACK,0.573,0.0082,0.4188
CLUBS QUEEN HEARTS EIGHT,0.5792,0.0074,0.4134
CLUBS KING HEARTS EIGHT,0.2212,0.2364,0.5424
CLUBS ACE HEARTS EIGHT,0.3648,0.0046,0.6306
SPADES QUEEN CLUBS KING,0.2354,0.0622,0.7024
SPADES ACE CLUBS KING,0.223,0.0152,0.7618
DIAMONDS ACE HEARTS TEN,0.332,0.0038,0.6642
HEARTS FOUR HEARTS TEN,0.5624,0.0088,0.4288
DIAMONDS ACE HEARTS JACK,0.3434,0.0036,0.653
HEARTS FOUR HEARTS JACK,0.5568,0.0068,0.4364
SPADES QUEEN CLUBS FIVE,0.6058,0.008,0.3862
SPADES ACE CLUBS FIVE,0.345,0.0042,0.6508
HEARTS SEVEN DIAMONDS JACK,0.5866,0.008,0.4054
HEARTS SIX DIAMONDS JACK,0.585,0.0082,0.4068
DIAMONDS JACK HEARTS NINE,0.5432,0.0066,0.4502
DIAMONDS JACK HEARTS EIGHT,0.571,0.0088,0.4202
DIAMONDS KING DIAMONDS JACK,0.2364,0.0858,0.6778
HEARTS THREE DIAMONDS JACK,0.7342,0.0316,0.2342
SPADES ACE SPADES SIX,0.3306,0.007,0.6624
HEARTS ACE SPADES FOUR,0.3578,0.0058,0.6364
DIAMONDS QUEEN DIAMONDS JACK,0.511,0.0076,0.4814
HEARTS TWO DIAMONDS JACK,0.6222,0.009,0.3688
HEARTS FIVE DIAMONDS JACK,0.5888,0.0092,0.402
SPADES QUEEN SPADES SIX,0.559,0.01,0.431
SPADES FOUR HEARTS QUEEN,0.611,0.0092,0.3798
DIAMONDS ACE DIAMONDS JACK,0.3248,0.005,0.6702
HEARTS FOUR DIAMONDS JACK,0.5968,0.0072,0.396
SPADES FOUR HEARTS KING,0.23,0.5096,0.2604
SPADES TEN SPADES SIX,0.559,0.0096,0.4314
SPADES JACK SPADES SIX,0.5714,0.0086,0.42
SPADES FOUR DIAMONDS JACK,0.5946,0.008,0.3974
SPADES FIVE DIAMONDS JACK,0.5926,0.0076,0.3998
SPADES TWO DIAMONDS JACK,0.6382,0.0094,0.3524
SPADES THREE DIAMONDS JACK,0.7332,0.0322,0.2346
CLUBS EIGHT DIAMONDS JACK,0.5726,0.0076,0.4198
CLUBS NINE DIAMONDS JACK,0.5518,0.0082,0.44
CLUBS SIX DIAMONDS JACK,0.5914,0.0074,0.4012
CLUBS SEVEN DIAMONDS JACK,0.5864,0.007,0.4066
CLUBS FOUR DIAMONDS JACK,0.6014,0.0098,0.3888
CLUBS FIVE DIAMONDS JACK,0.6016,0.0076,0.3908
CLUBS TWO DIAMONDS JACK,0.625,0.0098,0.3652
CLUBS THREE DIAMONDS JACK,0.7228,0.0292,0.248
SPADES JACK HEARTS SIX,0.5894,0.007,0.4036
SPADES TEN CLUBS FIVE,0.6134,0.0088,0.3778
SPADES JACK CLUBS FIVE,0.6014,0.0054,0.3932
SPADES TEN HEARTS SIX,0.5966,0.0082,0.3952
CLUBS SEVEN CLUBS ACE,0.3202,0.0038,0.676
CLUBS SEVEN CLUBS QUEEN,0.5498,0.0094,0.4408
CLUBS SEVEN CLUBS KING,0.2242,0.271,0.5048
SPADES NINE DIAMONDS JACK,0.5736,0.0092,0.4172
CLUBS TEN CLUBS SEVEN,0.5396,0.0064,0.454
DIAMONDS ACE HEARTS ACE,0.111,0.0034,0.8856
HEARTS FOUR HEARTS ACE,0.319,0.006,0.675
SPADES EIGHT DIAMONDS JACK,0.5628,0.0088,0.4284
SPADES ACE HEARTS SIX,0.3496,0.0062,0.6442
CLUBS SEVEN CLUBS JACK,0.538,0.007,0.455
DIAMONDS ACE HEARTS KING,0.2212,0.0136,0.7652
HEARTS FOUR HEARTS KING,0.2104,0.4738,0.3158
SPADES SEVEN DIAMONDS JACK,0.585,0.0116,0.4034
DIAMONDS ACE HEARTS QUEEN,0.3548,0.005,0.6402
HEARTS FOUR HEARTS QUEEN,0.5668,0.0116,0.4216
SPADES SIX DIAMONDS JACK,0.6122,0.0088,0.379
SPADES QUEEN HEARTS SIX,0.5998,0.0056,0.3946
DIAMONDS TEN SPADES TWO,0.6404,0.0098,0.3498
DIAMONDS TEN SPADES THREE,0.74,0.033,0.227
DIAMONDS TEN SPADES FOUR,0.605,0.0114,0.3836
SPADES FIVE DIAMONDS TEN,0.6008,0.0082,0.391
SPADES SIX DIAMONDS TEN,0.5878,0.0072,0.405
SPADES SEVEN DIAMONDS TEN,0.5698,0.0088,0.4214
SPADES EIGHT DIAMONDS TEN,0.5574,0.0102,0.4324
SPADES NINE DIAMONDS TEN,0.5424,0.008,0.4496
CLUBS FOUR DIAMONDS TEN,0.5872,0.0092,0.4036
CLUBS FIVE DIAMONDS TEN,0.6014,0.0074,0.3912
CLUBS SIX DIAMONDS TEN,0.5888,0.0072,0.404
CLUBS SEVEN DIAMONDS TEN,0.5594,0.0076,0.433
CLUBS EIGHT DIAMONDS TEN,0.5478,0.0078,0.4444
CLUBS NINE DIAMONDS TEN,0.5358,0.0094,0.4548
SPADES FOUR HEARTS JACK,0.604,0.006,0.39
SPADES FOUR HEARTS TEN,0.5982,0.008,0.3938
SPADES FIVE SPADES TWO,0.5776,0.0102,0.4122
SPADES FOUR SPADES TWO,0.596,0.0108,0.3932
SPADES THREE SPADES TWO,0.6772,0.0306,0.2922
SPADES NINE SPADES TWO,0.6132,0.0092,0.3776
SPADES EIGHT SPADES TWO,0.6112,0.0094,0.3794
SPADES SEVEN SPADES TWO,0.6054,0.0082,0.3864
SPADES SIX SPADES TWO,0.601,0.0104,0.3886
CLUBS THREE DIAMONDS QUEEN,0.7252,0.0318,0.243
CLUBS THREE HEARTS TWO,0.6984,0.0294,0.2722
CLUBS TWO DIAMONDS QUEEN,0.6288,0.01,0.3612
HEARTS TWO CLUBS TWO,0.4368,0.0212,0.542
HEARTS SEVEN DIAMONDS QUEEN,0.5882,0.0076,0.4042
HEARTS SEVEN HEARTS TWO,0.6002,0.0086,0.3912
HEARTS SIX DIAMONDS QUEEN,0.5854,0.0072,0.4074
HEARTS SIX HEARTS TWO,0.5832,0.009,0.4078
DIAMONDS QUEEN HEARTS NINE,0.56,0.0074,0.4326
HEARTS TWO HEARTS NINE,0.594,0.0086,0.3974
DIAMONDS QUEEN HEARTS EIGHT,0.5696,0.0092,0.4212
HEARTS TWO HEARTS EIGHT,0.5808,0.008,0.4112
CLUBS NINE HEARTS TWO,0.621,0.0094,0.3696
CLUBS NINE DIAMONDS QUEEN,0.5662,0.0062,0.4276
CLUBS EIGHT HEARTS TWO,0.6254,0.0084,0.3662
CLUBS EIGHT DIAMONDS QUEEN,0.5794,0.0078,0.4128
CLUBS FIVE DIAMONDS QUEEN,0.5986,0.0072,0.3942
CLUBS FIVE HEARTS TWO,0.6134,0.012,0.3746
SPADES EIGHT HEARTS ACE,0.3664,0.0058,0.6278
CLUBS FOUR DIAMONDS QUEEN,0.5932,0.0076,0.3992
CLUBS FOUR HEARTS TWO,0.6328,0.0078,0.3594
CLUBS SEVEN DIAMONDS QUEEN,0.5934,0.009,0.3976
CLUBS SEVEN HEARTS TWO,0.6318,0.0104,0.3578
SPADES EIGHT HEARTS QUEEN,0.5754,0.0062,0.4184
CLUBS SIX DIAMONDS QUEEN,0.591,0.0086,0.4004
CLUBS SIX HEARTS TWO,0.6238,0.0092,0.367
SPADES EIGHT HEARTS KING,0.2268,0.2358,0.5374
SPADES SIX DIAMONDS QUEEN,0.5888,0.0068,0.4044
SPADES SIX HEARTS TWO,0.634,0.0094,0.3566
HEARTS FOUR CLUBS QUEEN,0.6036,0.0078,0.3886
DIAMONDS ACE CLUBS QUEEN,0.3414,0.0046,0.654
SPADES SEVEN DIAMONDS QUEEN,0.583,0.01,0.407
SPADES SEVEN HEARTS TWO,0.6378,0.0112,0.351
HEARTS FOUR CLUBS KING,0.2248,0.5066,0.2686
DIAMONDS ACE CLUBS KING,0.2144,0.0138,0.7718
SPADES EIGHT DIAMONDS QUEEN,0.5666,0.0084,0.425
SPADES EIGHT HEARTS TWO,0.6282,0.01,0.3618
HEARTS FOUR CLUBS ACE,0.339,0.005,0.656
DIAMONDS ACE CLUBS ACE,0.1134,0.0042,0.8824
SPADES NINE DIAMONDS QUEEN,0.5712,0.0062,0.4226
SPADES NINE HEARTS TWO,0.6368,0.0074,0.3558
HEARTS TWO SPADES TWO,0.4568,0.0192,0.524
DIAMONDS QUEEN SPADES TWO,0.6394,0.0086,0.352
HEARTS TWO SPADES THREE,0.716,0.0314,0.2526
SPADES THREE DIAMONDS QUEEN,0.7284,0.033,0.2386
HEARTS TWO SPADES FOUR,0.6302,0.0118,0.358
SPADES FOUR DIAMONDS QUEEN,0.603,0.0086,0.3884
CLUBS TEN HEARTS FOUR,0.6048,0.006,0.3892
CLUBS TEN DIAMONDS ACE,0.3328,0.0048,0.6624
HEARTS TWO SPADES FIVE,0.6166,0.0114,0.372
SPADES FIVE DIAMONDS QUEEN,0.606,0.0116,0.3824
HEARTS FOUR CLUBS JACK,0.5996,0.0106,0.3898
DIAMONDS ACE CLUBS JACK,0.351,0.0038,0.6452
CLUBS FIVE CLUBS KING,0.2018,0.4412,0.357
CLUBS FIVE CLUBS QUEEN,0.556,0.0104,0.4336
CLUBS FIVE CLUBS ACE,0.3246,0.004,0.6714
CLUBS FIVE CLUBS JACK,0.5558,0.0086,0.4356
CLUBS TEN CLUBS FIVE,0.5658,0.0072,0.427
SPADES QUEEN CLUBS JACK,0.561,0.0092,0.4298
SPADES ACE CLUBS JACK,0.3412,0.0054,0.6534
SPADES SIX CLUBS KING,0.2248,0.3788,0.3964
SPADES SIX CLUBS QUEEN,0.6044,0.0076,0.388
SPADES EIGHT HEARTS JACK,0.583,0.0082,0.4088
SPADES SIX CLUBS ACE,0.3576,0.0024,0.64
SPADES EIGHT HEARTS TEN,0.5484,0.0084,0.4432
SPADES SIX CLUBS JACK,0.603,0.0096,0.3874
CLUBS TEN SPADES SIX,0.5976,0.0088,0.3936
SPADES TEN CLUBS JACK,0.5446,0.006,0.4494
SPADES JACK CLUBS JACK,0.2884,0.0078,0.7038
SPADES QUEEN CLUBS SEVEN,0.6006,0.008,0.3914
SPADES ACE CLUBS SEVEN,0.356,0.002,0.642
SPADES SIX HEARTS TEN,0.5808,0.0072,0.412
SPADES SIX HEARTS JACK,0.606,0.0058,0.3882
SPADES SIX HEARTS ACE,0.3608,0.0072,0.632
SPADES SIX HEARTS KING,0.2144,0.3942,0.3914
SPADES SIX HEARTS QUEEN,0.5988,0.006,0.3952
SPADES JACK CLUBS SEVEN,0.5804,0.0064,0.4132
CLUBS SEVEN SPADES TEN,0.5844,0.0074,0.4082
CLUBS TEN HEARTS SIX,0.5838,0.008,0.4082
HEARTS SIX CLUBS JACK,0.6016,0.006,0.3924
CLUBS ACE CLUBS JACK,0.3278,0.0058,0.6664
HEARTS SIX CLUBS QUEEN,0.5874,0.0076,0.405
HEARTS SIX CLUBS KING,0.2236,0.3712,0.4052
HEARTS SIX CLUBS ACE,0.3672,0.0046,0.6282
CLUBS QUEEN CLUBS JACK,0.5124,0.0058,0.4818
CLUBS KING CLUBS JACK,0.2098,0.086,0.7042
CLUBS FIVE HEARTS JACK,0.6034,0.0062,0.3904
HEARTS FOUR SPADES TEN,0.6036,0.0082,0.3882
SPADES TEN DIAMONDS ACE,0.3394,0.0044,0.6562
CLUBS FIVE HEARTS TEN,0.5946,0.0072,0.3982
HEARTS FOUR SPADES JACK,0.6056,0.008,0.3864
SPADES JACK DIAMONDS ACE,0.3244,0.0056,0.67
SPADES ACE HEARTS FOUR,0.35,0.0052,0.6448
SPADES ACE DIAMONDS ACE,0.0906,0.0036,0.9058
CLUBS FIVE HEARTS ACE,0.3418,0.0072,0.651
CLUBS FIVE HEARTS KING,0.218,0.4574,0.3246
SPADES QUEEN DIAMONDS ACE,0.352,0.004,0.644
SPADES QUEEN HEARTS FOUR,0.6064,0.0078,0.3858
SPADES FOUR CLUBS JACK,0.5926,0.0088,0.3986
CLUBS FIVE HEARTS QUEEN,0.5994,0.0066,0.394
CLUBS TEN SPADES FOUR,0.5974,0.009,0.3936
DIAMONDS ACE DIAMONDS QUEEN,0.3288,0.0048,0.6664
DIAMONDS ACE HEARTS TWO,0.3634,0.0056,0.631
HEARTS FOUR DIAMONDS QUEEN,0.5942,0.009,0.3968
HEARTS FOUR HEARTS TWO,0.5842,0.008,0.4078
SPADES FOUR CLUBS KING,0.2282,0.5022,0.2696
HEARTS FIVE DIAMONDS QUEEN,0.5772,0.0078,0.415
HEARTS FIVE HEARTS TWO,0.5574,0.0096,0.433
SPADES FOUR CLUBS QUEEN,0.6068,0.007,0.3862
HEARTS TWO DIAMONDS QUEEN,0.6186,0.01,0.3714
DIAMONDS KING DIAMONDS QUEEN,0.2194,0.063,0.7176
DIAMONDS KING HEARTS TWO,0.2676,0.5138,0.2186
HEARTS THREE DIAMONDS QUEEN,0.7286,0.0326,0.2388
HEARTS THREE HEARTS TWO,0.663,0.032,0.305
SPADES FOUR CLUBS ACE,0.3418,0.0048,0.6534
HEARTS TWO CLUBS ACE,0.3834,0.0042,0.6124
DIAMONDS QUEEN CLUBS ACE,0.3402,0.0056,0.6542
HEARTS TWO CLUBS QUEEN,0.6312,0.0074,0.3614
DIAMONDS QUEEN CLUBS QUEEN,0.2618,0.0034,0.7348
HEARTS TWO CLUBS KING,0.2696,0.5164,0.214
DIAMONDS QUEEN CLUBS KING,0.2318,0.0698,0.6984
SPADES EIGHT SPADES FIVE,0.5452,0.0094,0.4454
CLUBS TEN HEARTS TWO,0.6304,0.0092,0.3604
CLUBS TEN DIAMONDS QUEEN,0.5434,0.0076,0.449
SPADES NINE SPADES FIVE,0.5662,0.0088,0.425
HEARTS TWO CLUBS JACK,0.6366,0.0084,0.355
DIAMONDS QUEEN CLUBS JACK,0.543,0.007,0.45
SPADES SIX SPADES FIVE,0.5442,0.011,0.4448
SPADES SEVEN SPADES FIVE,0.5446,0.0086,0.4468
DIAMONDS FIVE CLUBS QUEEN,0.599,0.0066,0.3944
SPADES EIGHT CLUBS ACE,0.3668,0.004,0.6292
CLUBS KING DIAMONDS FIVE,0.2146,0.4574,0.328
SPADES EIGHT CLUBS KING,0.2298,0.236,0.5342
CLUBS ACE DIAMONDS FIVE,0.346,0.005,0.649
SPADES EIGHT CLUBS QUEEN,0.5926,0.0068,0.4006
SPADES EIGHT CLUBS JACK,0.575,0.0092,0.4158
CLUBS TEN SPADES EIGHT,0.5644,0.008,0.4276
CLUBS TEN DIAMONDS FIVE,0.6042,0.0076,0.3882
DIAMONDS FIVE CLUBS JACK,0.5916,0.0086,0.3998
DIAMONDS TEN HEARTS JACK,0.5426,0.0066,0.4508
DIAMONDS TEN HEARTS TEN,0.2954,0.0092,0.6954
SPADES ACE CLUBS NINE,0.3496,0.0058,0.6446
CLUBS NINE SPADES QUEEN,0.5834,0.0084,0.4082
HEARTS SIX HEARTS KING,0.208,0.3592,0.4328
DIAMONDS KING SPADES SEVEN,0.2208,0.3036,0.4756
SPADES SEVEN HEARTS THREE,0.7124,0.0284,0.2592
HEARTS SIX HEARTS QUEEN,0.5548,0.0076,0.4376
DIAMONDS KING SPADES SIX,0.2226,0.374,0.4034
HEARTS THREE SPADES SIX,0.7138,0.0252,0.261
SPADES QUEEN DIAMONDS SEVEN,0.5818,0.0078,0.4104
SPADES NINE DIAMONDS KING,0.2366,0.1736,0.5898
SPADES NINE HEARTS THREE,0.732,0.032,0.236
HEARTS SIX HEARTS ACE,0.3438,0.003,0.6532
SPADES EIGHT DIAMONDS KING,0.2242,0.2314,0.5444
SPADES EIGHT HEARTS THREE,0.741,0.0264,0.2326
SPADES ACE DIAMONDS SEVEN,0.3416,0.0036,0.6548
CLUBS NINE HEARTS THREE,0.7248,0.0298,0.2454
CLUBS NINE DIAMONDS KING,0.2206,0.1634,0.616
CLUBS EIGHT HEARTS THREE,0.73,0.0286,0.2414
CLUBS EIGHT DIAMONDS KING,0.2204,0.2328,0.5468
HEARTS THREE SPADES THREE,0.3098,0.0248,0.6654
DIAMONDS KING SPADES THREE,0.007,0.9828,0.0102
HEARTS THREE SPADES TWO,0.7234,0.031,0.2456
DIAMONDS KING SPADES TWO,0.2574,0.526,0.2166
HEARTS THREE SPADES FIVE,0.705,0.0336,0.2614
DIAMONDS KING SPADES FIVE,0.2138,0.4552,0.331
HEARTS THREE SPADES FOUR,0.7054,0.0302,0.2644
DIAMONDS KING SPADES FOUR,0.2056,0.5342,0.2602
DIAMONDS KING CLUBS TWO,0.2566,0.5244,0.219
HEARTS THREE CLUBS TWO,0.7064,0.0328,0.2608
DIAMONDS KING CLUBS THREE,0.0134,0.9692,0.0174
CLUBS THREE HEARTS THREE,0.3244,0.0202,0.6554
DIAMONDS KING CLUBS FOUR,0.2106,0.5178,0.2716
