opposingHand,winningChance,drawChance,lostChance
SPADES TEN HEARTS TWO
HEARTS FIVE SPADES JACK,0.3492,0.0184,0.6324
SPADES FIVE CLUBS JACK,0.3456,0.0208,0.6336
CLUBS TEN SPADES FIVE,0.223,0.4584,0.3186
CLUBS EIGHT CLUBS JACK,0.3148,0.0164,0.6688
CLUBS TEN CLUBS EIGHT,0.1974,0.2128,0.5898
CLUBS EIGHT CLUBS KING,0.3376,0.0074,0.655
SPADES FIVE CLUBS ACE,0.3558,0.0062,0.638
CLUBS EIGHT CLUBS QUEEN,0.3176,0.0114,0.671
SPADES FIVE CLUBS KING,0.366,0.0092,0.6248
SPADES FIVE CLUBS QUEEN,0.3616,0.0118,0.6266
CLUBS EIGHT CLUBS ACE,0.3364,0.005,0.6586
DIAMONDS TWO DIAMONDS THREE,0.6186,0.0682,0.3132
DIAMONDS TWO DIAMONDS FIVE,0.6272,0.0638,0.309
HEARTS FIVE SPADES KING,0.3526,0.0092,0.6382
DIAMONDS TWO DIAMONDS FOUR,0.616,0.078,0.306
HEARTS FIVE SPADES QUEEN,0.356,0.0136,0.6304
DIAMONDS TWO DIAMONDS SEVEN,0.6512,0.061,0.2878
DIAMONDS TWO DIAMONDS SIX,0.6404,0.0618,0.2978
SPADES ACE HEARTS FIVE,0.329,0.0048,0.6662
DIAMONDS TWO DIAMONDS NINE,0.6416,0.0766,0.2818
DIAMONDS TWO DIAMONDS EIGHT,0.641,0.0742,0.2848
DIAMONDS THREE DIAMONDS FOUR,0.5246,0.0304,0.445
SPADES FOUR CLUBS TWO,0.67,0.0738,0.2562
DIAMONDS THREE DIAMONDS FIVE,0.5188,0.0304,0.4508
SPADES FIVE CLUBS TWO,0.658,0.0802,0.2618
CLUBS TWO SPADES TWO,0.2842,0.052,0.6638
CLUBS TWO SPADES THREE,0.6622,0.0828,0.255
DIAMONDS THREE DIAMONDS EIGHT,0.5364,0.026,0.4376
SPADES EIGHT CLUBS TWO,0.6944,0.0826,0.223
DIAMONDS THREE DIAMONDS NINE,0.5582,0.0292,0.4126
SPADES NINE CLUBS TWO,0.699,0.0674,0.2336
DIAMONDS THREE DIAMONDS SIX,0.5276,0.0288,0.4436
SPADES SIX CLUBS TWO,0.6838,0.071,0.2452
DIAMONDS THREE DIAMONDS SEVEN,0.5214,0.0286,0.45
SPADES SEVEN CLUBS TWO,0.6868,0.0716,0.2416
CLUBS SIX CLUBS TWO,0.6308,0.0714,0.2978
CLUBS SEVEN CLUBS TWO,0.6426,0.0734,0.284
CLUBS FOUR CLUBS TWO,0.6148,0.0722,0.313
CLUBS FIVE CLUBS TWO,0.6228,0.0714,0.3058
CLUBS TEN CLUBS JACK,0.2058,0.0532,0.741
DIAMONDS FOUR DIAMONDS SIX,0.5102,0.029,0.4608
CLUBS TEN CLUBS QUEEN,0.2134,0.0426,0.744
DIAMONDS FOUR DIAMONDS SEVEN,0.521,0.0286,0.4504
CLUBS TEN CLUBS KING,0.22,0.038,0.742
CLUBS TEN CLUBS ACE,0.2046,0.0232,0.7722
CLUBS EIGHT CLUBS TWO,0.6444,0.0676,0.288
DIAMONDS FIVE DIAMONDS FOUR,0.5096,0.0284,0.462
CLUBS NINE CLUBS TWO,0.6612,0.0722,0.2666
DIAMONDS NINE DIAMONDS FOUR,0.5378,0.0308,0.4314
DIAMONDS EIGHT DIAMONDS FOUR,0.527,0.0232,0.4498
CLUBS THREE CLUBS TWO,0.6268,0.071,0.3022
DIAMONDS NINE DIAMONDS FIVE,0.5408,0.0314,0.4278
DIAMONDS TWO CLUBS JACK,0.2278,0.0506,0.7216
DIAMONDS EIGHT DIAMONDS FIVE,0.5176,0.0288,0.4536
CLUBS TEN DIAMONDS TWO,0.0218,0.9556,0.0226
DIAMONDS FIVE DIAMONDS SEVEN,0.5098,0.029,0.4612
DIAMONDS FIVE DIAMONDS SIX,0.503,0.0276,0.4694
DIAMONDS TWO CLUBS ACE,0.2354,0.0202,0.7444
DIAMONDS TWO CLUBS KING,0.245,0.0316,0.7234
DIAMONDS TWO CLUBS QUEEN,0.2474,0.0414,0.7112
DIAMONDS EIGHT DIAMONDS SIX,0.5112,0.0238,0.465
DIAMONDS NINE DIAMONDS SIX,0.5212,0.0244,0.4544
HEARTS ACE SPADES THREE,0.3536,0.0048,0.6416
SPADES THREE HEARTS KING,0.358,0.0092,0.6328
DIAMONDS SEVEN DIAMONDS SIX,0.4934,0.025,0.4816
SPADES THREE HEARTS QUEEN,0.3574,0.0148,0.6278
SPADES THREE HEARTS JACK,0.3556,0.021,0.6234
SPADES THREE HEARTS TEN,0.2186,0.53,0.2514
DIAMONDS EIGHT DIAMONDS SEVEN,0.4878,0.0254,0.4868
DIAMONDS NINE DIAMONDS SEVEN,0.5044,0.0268,0.4688
DIAMONDS NINE DIAMONDS EIGHT,0.5004,0.0262,0.4734
DIAMONDS KING HEARTS TEN,0.2226,0.0352,0.7422
HEARTS THREE HEARTS TEN,0.2042,0.4946,0.3012
SPADES JACK CLUBS SIX,0.3572,0.0218,0.621
DIAMONDS KING HEARTS JACK,0.3016,0.0108,0.6876
HEARTS THREE HEARTS JACK,0.3574,0.0194,0.6232
SPADES JACK SPADES FIVE,0.3336,0.0196,0.6468
DIAMONDS KING HEARTS ACE,0.3066,0.0054,0.688
HEARTS THREE HEARTS ACE,0.3376,0.0048,0.6576
SPADES ACE CLUBS SIX,0.35,0.0054,0.6446
DIAMONDS KING HEARTS QUEEN,0.3202,0.005,0.6748
HEARTS THREE HEARTS QUEEN,0.3372,0.0124,0.6504
SPADES KING CLUBS SIX,0.3612,0.007,0.6318
DIAMONDS KING HEARTS KING,0.1274,0.0102,0.8624
HEARTS THREE HEARTS KING,0.3524,0.0096,0.638
SPADES QUEEN CLUBS SIX,0.3586,0.011,0.6304
SPADES NINE HEARTS TEN,0.2162,0.1748,0.609
SPADES NINE HEARTS JACK,0.3248,0.0152,0.66
SPADES QUEEN SPADES FIVE,0.3464,0.0124,0.6412
SPADES KING SPADES FIVE,0.3374,0.0086,0.654
SPADES ACE SPADES FIVE,0.333,0.0066,0.6604
SPADES NINE HEARTS QUEEN,0.3344,0.0116,0.654
SPADES NINE HEARTS KING,0.356,0.0096,0.6344
SPADES NINE HEARTS ACE,0.3472,0.0046,0.6482
CLUBS TEN SPADES JACK,0.221,0.055,0.724
SPADES ACE CLUBS TEN,0.206,0.026,0.768
SPADES KING CLUBS TEN,0.207,0.0362,0.7568
CLUBS TEN SPADES QUEEN,0.2214,0.0452,0.7334
SPADES FIVE HEARTS QUEEN,0.3518,0.0108,0.6374
SPADES FIVE HEARTS KING,0.348,0.0104,0.6416
SPADES FIVE HEARTS ACE,0.3672,0.0072,0.6256
SPADES JACK HEARTS THREE,0.3516,0.0216,0.6268
SPADES JACK DIAMONDS KING,0.3082,0.0058,0.686
SPADES JACK CLUBS EIGHT,0.3286,0.0164,0.655
CLUBS SIX HEARTS ACE,0.3514,0.0052,0.6434
SPADES ACE CLUBS EIGHT,0.3462,0.0048,0.649
HEARTS FIVE CLUBS JACK,0.3524,0.0204,0.6272
HEARTS FIVE CLUBS TEN,0.216,0.4674,0.3166
CLUBS SIX HEARTS QUEEN,0.3492,0.0112,0.6396
SPADES QUEEN CLUBS EIGHT,0.3618,0.0128,0.6254
CLUBS TEN SPADES THREE,0.2254,0.5204,0.2542
CLUBS SIX HEARTS KING,0.3606,0.0056,0.6338
SPADES KING CLUBS EIGHT,0.3542,0.0086,0.6372
SPADES THREE CLUBS JACK,0.3668,0.0202,0.613
DIAMONDS TWO HEARTS JACK,0.2402,0.0494,0.7104
SPADES THREE CLUBS QUEEN,0.3584,0.0146,0.627
DIAMONDS TWO HEARTS TEN,0.0084,0.9756,0.016
SPADES THREE CLUBS KING,0.3708,0.0122,0.617
HEARTS FIVE CLUBS ACE,0.3506,0.004,0.6454
SPADES FIVE HEARTS TEN,0.2108,0.4642,0.325
SPADES THREE CLUBS ACE,0.3722,0.0048,0.623
HEARTS FIVE CLUBS KING,0.3642,0.0104,0.6254
SPADES FIVE HEARTS JACK,0.351,0.0206,0.6284
HEARTS FIVE CLUBS QUEEN,0.356,0.014,0.63
HEARTS THREE CLUBS KING,0.3554,0.0068,0.6378
DIAMONDS KING CLUBS KING,0.1342,0.0122,0.8536
HEARTS THREE CLUBS QUEEN,0.3602,0.0152,0.6246
DIAMONDS KING CLUBS QUEEN,0.3164,0.006,0.6776
HEARTS FIVE HEARTS JACK,0.347,0.0184,0.6346
HEARTS FIVE HEARTS TEN,0.216,0.4468,0.3372
HEARTS THREE CLUBS ACE,0.3384,0.0058,0.6558
DIAMONDS KING CLUBS ACE,0.3158,0.0038,0.6804
SPADES ACE CLUBS QUEEN,0.314,0.0052,0.6808
SPADES KING CLUBS QUEEN,0.3102,0.0078,0.682
HEARTS THREE CLUBS JACK,0.3518,0.0194,0.6288
DIAMONDS KING CLUBS JACK,0.3178,0.006,0.6762
SPADES QUEEN CLUBS QUEEN,0.138,0.0168,0.8452
CLUBS TEN HEARTS THREE,0.2154,0.5258,0.2588
CLUBS TEN DIAMONDS KING,0.2248,0.0322,0.743
SPADES JACK CLUBS QUEEN,0.2942,0.0112,0.6946
CLUBS SIX CLUBS QUEEN,0.3368,0.0112,0.652
CLUBS SIX CLUBS KING,0.345,0.0078,0.6472
CLUBS SIX CLUBS ACE,0.3408,0.0038,0.6554
HEARTS FIVE HEARTS KING,0.3386,0.0088,0.6526
HEARTS FIVE HEARTS QUEEN,0.3524,0.012,0.6356
CLUBS TEN CLUBS SIX,0.205,0.3678,0.4272
HEARTS FIVE HEARTS ACE,0.3206,0.0052,0.6742
CLUBS SIX CLUBS JACK,0.3438,0.0162,0.64
SPADES SEVEN HEARTS JACK,0.3428,0.0206,0.6366
SPADES SEVEN HEARTS TEN,0.2188,0.2972,0.484
DIAMONDS TWO CLUBS TWO,0.2884,0.047,0.6646
DIAMONDS TWO CLUBS THREE,0.676,0.0722,0.2518
DIAMONDS TWO HEARTS SIX,0.6794,0.0726,0.248
DIAMONDS TWO HEARTS QUEEN,0.2262,0.0424,0.7314
HEARTS SEVEN DIAMONDS TWO,0.6854,0.0806,0.234
DIAMONDS TWO HEARTS KING,0.2326,0.0308,0.7366
DIAMONDS TWO HEARTS EIGHT,0.6836,0.081,0.2354
DIAMONDS TWO HEARTS ACE,0.2324,0.0156,0.752
DIAMONDS TWO HEARTS NINE,0.6988,0.074,0.2272
DIAMONDS TWO DIAMONDS QUEEN,0.2226,0.0402,0.7372
DIAMONDS TWO DIAMONDS KING,0.2198,0.0246,0.7556
DIAMONDS TWO HEARTS THREE,0.6546,0.0784,0.267
DIAMONDS TWO DIAMONDS ACE,0.237,0.0162,0.7468
HEARTS FOUR DIAMONDS TWO,0.6668,0.0664,0.2668
HEARTS FIVE DIAMONDS TWO,0.6518,0.0782,0.27
SPADES SEVEN HEARTS ACE,0.3528,0.005,0.6422
DIAMONDS TWO DIAMONDS TEN,0.021,0.9118,0.0672
SPADES SEVEN HEARTS KING,0.3522,0.0076,0.6402
DIAMONDS TWO DIAMONDS JACK,0.2198,0.052,0.7282
SPADES SEVEN HEARTS QUEEN,0.3554,0.014,0.6306
DIAMONDS TWO SPADES NINE,0.6856,0.0804,0.234
DIAMONDS TWO SPADES EIGHT,0.6912,0.078,0.2308
DIAMONDS TWO SPADES SEVEN,0.68,0.0782,0.2418
DIAMONDS TWO SPADES SIX,0.6808,0.0774,0.2418
DIAMONDS TWO SPADES FIVE,0.668,0.0758,0.2562
DIAMONDS TWO SPADES FOUR,0.6618,0.0706,0.2676
DIAMONDS TWO SPADES THREE,0.6748,0.0712,0.254
DIAMONDS TWO SPADES TWO,0.2862,0.0482,0.6656
CLUBS NINE DIAMONDS TWO,0.6836,0.0706,0.2458
DIAMONDS TWO CLUBS EIGHT,0.6714,0.078,0.2506
CLUBS SEVEN DIAMONDS TWO,0.6876,0.069,0.2434
DIAMONDS TWO CLUBS SIX,0.6784,0.0712,0.2504
DIAMONDS TWO CLUBS FIVE,0.6534,0.0784,0.2682
DIAMONDS TWO CLUBS FOUR,0.6632,0.0758,0.261
CLUBS FOUR SPADES FIVE,0.5466,0.0314,0.422
CLUBS FOUR SPADES FOUR,0.3026,0.07,0.6274
CLUBS FOUR SPADES THREE,0.5656,0.0288,0.4056
CLUBS FOUR SPADES TWO,0.6596,0.074,0.2664
SPADES NINE CLUBS FOUR,0.5892,0.0302,0.3806
SPADES EIGHT CLUBS FOUR,0.5736,0.0262,0.4002
SPADES SEVEN CLUBS FOUR,0.5582,0.029,0.4128
SPADES SIX CLUBS FOUR,0.5378,0.0286,0.4336
SPADES ACE DIAMONDS SIX,0.359,0.0052,0.6358
SPADES QUEEN DIAMONDS SIX,0.3578,0.0104,0.6318
SPADES KING DIAMONDS SIX,0.366,0.0092,0.6248
SPADES JACK DIAMONDS SIX,0.3622,0.0152,0.6226
SPADES QUEEN SPADES TWO,0.218,0.0394,0.7426
SPADES KING SPADES TWO,0.2294,0.0306,0.74
SPADES ACE SPADES TWO,0.2382,0.0148,0.747
DIAMONDS JACK CLUBS JACK,0.1434,0.0224,0.8342
CLUBS TEN DIAMONDS JACK,0.216,0.0556,0.7284
DIAMONDS JACK CLUBS KING,0.3168,0.0068,0.6764
DIAMONDS JACK CLUBS QUEEN,0.3154,0.0098,0.6748
DIAMONDS THREE DIAMONDS JACK,0.3448,0.0174,0.6378
DIAMONDS THREE DIAMONDS TEN,0.2126,0.478,0.3094
DIAMONDS JACK CLUBS ACE,0.309,0.0038,0.6872
DIAMONDS THREE DIAMONDS KING,0.3446,0.0092,0.6462
DIAMONDS THREE HEARTS THREE,0.2868,0.0734,0.6398
DIAMONDS THREE DIAMONDS QUEEN,0.3378,0.012,0.6502
HEARTS FIVE DIAMONDS THREE,0.5512,0.0308,0.418
DIAMONDS THREE DIAMONDS ACE,0.3322,0.0064,0.6614
HEARTS FOUR DIAMONDS THREE,0.5564,0.0334,0.4102
HEARTS SEVEN DIAMONDS THREE,0.5566,0.0288,0.4146
HEARTS SIX DIAMONDS THREE,0.5562,0.0318,0.412
SPADES JACK SPADES NINE,0.3014,0.0168,0.6818
DIAMONDS THREE HEARTS NINE,0.5814,0.0292,0.3894
HEARTS JACK DIAMONDS FOUR,0.363,0.023,0.614
HEARTS ACE HEARTS KING,0.3068,0.0056,0.6876
DIAMONDS THREE HEARTS EIGHT,0.593,0.0298,0.3772
HEARTS TEN DIAMONDS FOUR,0.2108,0.5238,0.2654
SPADES JACK SPADES TWO,0.2228,0.0496,0.7276
HEARTS QUEEN DIAMONDS FOUR,0.363,0.0136,0.6234
HEARTS KING DIAMONDS FOUR,0.353,0.0054,0.6416
SPADES ACE SPADES NINE,0.3386,0.005,0.6564
HEARTS ACE DIAMONDS FOUR,0.3426,0.0038,0.6536
SPADES KING SPADES NINE,0.3324,0.0068,0.6608
SPADES QUEEN SPADES NINE,0.3152,0.0118,0.673
DIAMONDS THREE SPADES NINE,0.6,0.0262,0.3738
DIAMONDS THREE SPADES EIGHT,0.5862,0.0314,0.3824
DIAMONDS THREE SPADES SEVEN,0.581,0.0326,0.3864
DIAMONDS THREE SPADES SIX,0.57,0.0302,0.3998
DIAMONDS THREE CLUBS SIX,0.5698,0.0268,0.4034
CLUBS FIVE CLUBS SIX,0.4994,0.0248,0.4758
CLUBS ACE DIAMONDS FOUR,0.362,0.003,0.635
CLUBS SEVEN DIAMONDS THREE,0.5716,0.0292,0.3992
CLUBS SEVEN CLUBS FIVE,0.5102,0.0246,0.4652
DIAMONDS THREE CLUBS FOUR,0.5512,0.028,0.4208
DIAMONDS FOUR CLUBS QUEEN,0.3622,0.0108,0.627
DIAMONDS THREE CLUBS FIVE,0.551,0.03,0.419
CLUBS KING DIAMONDS FOUR,0.3712,0.0092,0.6196
DIAMONDS THREE CLUBS TWO,0.6642,0.0742,0.2616
CLUBS TEN DIAMONDS FOUR,0.2176,0.5196,0.2628
DIAMONDS THREE CLUBS THREE,0.293,0.0786,0.6284
DIAMONDS FOUR CLUBS JACK,0.3556,0.0196,0.6248
DIAMONDS THREE SPADES FOUR,0.5676,0.0324,0.4
DIAMONDS THREE SPADES FIVE,0.554,0.0344,0.4116
DIAMONDS THREE SPADES TWO,0.6684,0.076,0.2556
DIAMONDS THREE SPADES THREE,0.3002,0.0696,0.6302
CLUBS EIGHT DIAMONDS THREE,0.5856,0.0274,0.387
CLUBS NINE DIAMONDS THREE,0.57,0.0266,0.4034
SPADES SEVEN CLUBS ACE,0.362,0.0054,0.6326
SPADES SEVEN CLUBS QUEEN,0.362,0.013,0.625
SPADES SEVEN CLUBS KING,0.3466,0.0082,0.6452
CLUBS FIVE SPADES SEVEN,0.548,0.0268,0.4252
CLUBS TEN SPADES SEVEN,0.216,0.302,0.482
CLUBS FIVE SPADES SIX,0.5534,0.0298,0.4168
SPADES SEVEN CLUBS JACK,0.3392,0.0226,0.6382
SPADES NINE CLUBS FIVE,0.5662,0.0272,0.4066
CLUBS FIVE SPADES EIGHT,0.5598,0.0324,0.4078
CLUBS FIVE SPADES THREE,0.5498,0.0342,0.416
CLUBS FIVE SPADES TWO,0.6564,0.076,0.2676
CLUBS FIVE SPADES FIVE,0.3128,0.0602,0.627
CLUBS FIVE SPADES FOUR,0.5318,0.0326,0.4356
CLUBS NINE CLUBS FIVE,0.5138,0.0252,0.461
CLUBS EIGHT CLUBS FIVE,0.516,0.029,0.455
CLUBS ACE CLUBS QUEEN,0.2918,0.0036,0.7046
CLUBS KING CLUBS QUEEN,0.2946,0.0076,0.6978
DIAMONDS TEN DIAMONDS FOUR,0.1968,0.4812,0.322
CLUBS TEN DIAMONDS NINE,0.2296,0.165,0.6054
DIAMONDS JACK DIAMONDS FOUR,0.324,0.0206,0.6554
DIAMONDS NINE CLUBS JACK,0.3226,0.013,0.6644
SPADES NINE CLUBS JACK,0.32,0.0154,0.6646
CLUBS TEN SPADES NINE,0.2232,0.1766,0.6002
DIAMONDS ACE DIAMONDS FOUR,0.3378,0.0052,0.657
HEARTS FOUR DIAMONDS FOUR,0.2862,0.0654,0.6484
DIAMONDS JACK HEARTS TEN,0.2044,0.0598,0.7358
SPADES NINE CLUBS KING,0.3454,0.007,0.6476
DIAMONDS NINE CLUBS ACE,0.353,0.0036,0.6434
HEARTS FIVE DIAMONDS FOUR,0.545,0.0338,0.4212
DIAMONDS JACK HEARTS JACK,0.1376,0.0254,0.837
SPADES NINE CLUBS QUEEN,0.3492,0.0094,0.6414
DIAMONDS TWO SPADES JACK,0.2432,0.0524,0.7044
DIAMONDS QUEEN DIAMONDS FOUR,0.3478,0.0122,0.64
DIAMONDS NINE CLUBS QUEEN,0.3312,0.01,0.6588
DIAMONDS KING DIAMONDS FOUR,0.3374,0.0106,0.652
HEARTS THREE DIAMONDS FOUR,0.5706,0.0288,0.4006
SPADES NINE CLUBS ACE,0.355,0.0034,0.6416
DIAMONDS NINE CLUBS KING,0.3502,0.0098,0.64
HEARTS ACE DIAMONDS JACK,0.3102,0.0036,0.6862
SPADES ACE DIAMONDS TWO,0.2386,0.0128,0.7486
HEARTS QUEEN DIAMONDS JACK,0.3018,0.0114,0.6868
SPADES QUEEN DIAMONDS TWO,0.2286,0.0402,0.7312
DIAMONDS JACK HEARTS KING,0.3066,0.0064,0.687
SPADES KING DIAMONDS TWO,0.225,0.0298,0.7452
SPADES JACK SPADES SEVEN,0.3262,0.0176,0.6562
CLUBS SEVEN CLUBS THREE,0.5206,0.0276,0.4518
CLUBS SIX CLUBS THREE,0.5184,0.032,0.4496
CLUBS FIVE CLUBS THREE,0.5242,0.0266,0.4492
CLUBS THREE CLUBS FOUR,0.5186,0.0304,0.451
CLUBS NINE CLUBS THREE,0.5508,0.026,0.4232
CLUBS EIGHT CLUBS THREE,0.5266,0.026,0.4474
CLUBS THREE SPADES FIVE,0.5346,0.0308,0.4346
CLUBS THREE SPADES FOUR,0.5476,0.0332,0.4192
CLUBS THREE SPADES THREE,0.3096,0.0736,0.6168
CLUBS THREE SPADES TWO,0.6638,0.0804,0.2558
CLUBS THREE SPADES SIX,0.5608,0.0302,0.409
SPADES SEVEN CLUBS THREE,0.561,0.0284,0.4106
SPADES EIGHT CLUBS THREE,0.593,0.0336,0.3734
SPADES NINE CLUBS THREE,0.5828,0.0294,0.3878
SPADES TWO DIAMONDS FOUR,0.6584,0.0736,0.268
SPADES THREE DIAMONDS FOUR,0.557,0.0322,0.4108
SPADES FOUR DIAMONDS FOUR,0.2992,0.0684,0.6324
SPADES FIVE DIAMONDS FOUR,0.5492,0.0308,0.42
SPADES SIX DIAMONDS FOUR,0.5444,0.0316,0.424
SPADES SEVEN DIAMONDS FOUR,0.5506,0.0344,0.415
SPADES EIGHT DIAMONDS FOUR,0.5814,0.0308,0.3878
SPADES NINE DIAMONDS FOUR,0.6044,0.0256,0.37
CLUBS FIVE DIAMONDS FOUR,0.541,0.0314,0.4276
CLUBS FOUR DIAMONDS FOUR,0.2924,0.0652,0.6424
CLUBS SEVEN DIAMONDS FOUR,0.5488,0.0264,0.4248
CLUBS SIX DIAMONDS FOUR,0.5486,0.0298,0.4216
CLUBS NINE DIAMONDS FOUR,0.5858,0.0312,0.383
CLUBS EIGHT DIAMONDS FOUR,0.5618,0.027,0.4112
HEARTS SEVEN DIAMONDS FOUR,0.5544,0.0294,0.4162
HEARTS SIX DIAMONDS FOUR,0.5508,0.0316,0.4176
DIAMONDS FOUR HEARTS NINE,0.5854,0.028,0.3866
DIAMONDS FOUR HEARTS EIGHT,0.5584,0.0302,0.4114
CLUBS THREE DIAMONDS FOUR,0.5448,0.0282,0.427
CLUBS TWO DIAMONDS FOUR,0.6562,0.071,0.2728
DIAMONDS TEN DIAMONDS FIVE,0.2082,0.4332,0.3586
DIAMONDS JACK DIAMONDS FIVE,0.3432,0.0164,0.6404
DIAMONDS NINE HEARTS QUEEN,0.3386,0.0114,0.65
DIAMONDS NINE HEARTS KING,0.3428,0.0066,0.6506
HEARTS ACE DIAMONDS NINE,0.3504,0.0034,0.6462
DIAMONDS NINE HEARTS TEN,0.2168,0.1798,0.6034
DIAMONDS NINE HEARTS JACK,0.3224,0.0148,0.6628
CLUBS KING DIAMONDS SIX,0.3764,0.0094,0.6142
CLUBS QUEEN DIAMONDS SIX,0.3562,0.0084,0.6354
CLUBS ACE DIAMONDS SIX,0.3682,0.0032,0.6286
SPADES KING DIAMONDS FOUR,0.3556,0.0096,0.6348
SPADES ACE SPADES SEVEN,0.3284,0.007,0.6646
SPADES QUEEN DIAMONDS FOUR,0.3416,0.0138,0.6446
SPADES QUEEN SPADES SEVEN,0.3476,0.0106,0.6418
CLUBS JACK DIAMONDS SIX,0.3562,0.0158,0.628
SPADES KING SPADES SEVEN,0.338,0.0116,0.6504
SPADES ACE DIAMONDS FOUR,0.3516,0.006,0.6424
CLUBS TEN DIAMONDS SIX,0.2258,0.3736,0.4006
CLUBS NINE CLUBS FOUR,0.5418,0.0276,0.4306
CLUBS EIGHT CLUBS FOUR,0.5356,0.0252,0.4392
SPADES JACK DIAMONDS FOUR,0.3608,0.0202,0.619
CLUBS FIVE CLUBS FOUR,0.5024,0.029,0.4686
CLUBS SEVEN CLUBS FOUR,0.5276,0.0304,0.442
CLUBS SIX CLUBS FOUR,0.5096,0.023,0.4674
CLUBS SEVEN SPADES EIGHT,0.5358,0.027,0.4372
CLUBS SEVEN SPADES NINE,0.5392,0.0244,0.4364
CLUBS SEVEN SPADES SIX,0.5396,0.0294,0.431
CLUBS SEVEN SPADES SEVEN,0.2838,0.0558,0.6604
CLUBS SEVEN SPADES FIVE,0.5544,0.0288,0.4168
CLUBS SEVEN SPADES FOUR,0.5594,0.0302,0.4104
CLUBS SEVEN SPADES THREE,0.5688,0.029,0.4022
CLUBS SEVEN SPADES TWO,0.679,0.0722,0.2488
CLUBS NINE CLUBS SEVEN,0.513,0.0294,0.4576
CLUBS SEVEN CLUBS EIGHT,0.4942,0.0246,0.4812
HEARTS SIX DIAMONDS FIVE,0.539,0.027,0.434
HEARTS SEVEN DIAMONDS FIVE,0.5456,0.0282,0.4262
DIAMONDS FIVE HEARTS EIGHT,0.558,0.0314,0.4106
DIAMONDS FIVE HEARTS NINE,0.5656,0.026,0.4084
DIAMONDS QUEEN DIAMONDS FIVE,0.3478,0.0124,0.6398
HEARTS KING HEARTS EIGHT,0.344,0.0074,0.6486
DIAMONDS KING DIAMONDS FIVE,0.3434,0.007,0.6496
HEARTS THREE DIAMONDS FIVE,0.5574,0.0292,0.4134
HEARTS QUEEN HEARTS EIGHT,0.3356,0.0128,0.6516
DIAMONDS ACE DIAMONDS FIVE,0.3392,0.0052,0.6556
HEARTS FOUR DIAMONDS FIVE,0.5368,0.0292,0.434
HEARTS FIVE DIAMONDS FIVE,0.2846,0.0702,0.6452
HEARTS ACE HEARTS EIGHT,0.3494,0.0042,0.6464
CLUBS FOUR DIAMONDS FIVE,0.5478,0.0312,0.421
CLUBS FIVE DIAMONDS FIVE,0.2922,0.0656,0.6422
CLUBS SIX DIAMONDS FIVE,0.531,0.0306,0.4384
CLUBS SEVEN DIAMONDS FIVE,0.5378,0.0302,0.432
CLUBS TWO DIAMONDS FIVE,0.6612,0.0724,0.2664
CLUBS THREE DIAMONDS FIVE,0.5484,0.0324,0.4192
SPADES THREE DIAMONDS FIVE,0.5604,0.0318,0.4078
SPADES TWO DIAMONDS FIVE,0.6584,0.0728,0.2688
SPADES JACK DIAMONDS EIGHT,0.3462,0.018,0.6358
SPADES FIVE DIAMONDS FIVE,0.3044,0.068,0.6276
CLUBS TEN HEARTS JACK,0.223,0.0548,0.7222
SPADES FOUR DIAMONDS FIVE,0.5416,0.0314,0.427
HEARTS JACK CLUBS JACK,0.1312,0.0224,0.8464
HEARTS JACK CLUBS QUEEN,0.2914,0.0074,0.7012
CLUBS NINE DIAMONDS FIVE,0.5716,0.0264,0.402
CLUBS KING HEARTS JACK,0.2936,0.0066,0.6998
CLUBS EIGHT DIAMONDS FIVE,0.5544,0.0276,0.418
CLUBS ACE HEARTS JACK,0.3068,0.0036,0.6896
SPADES SEVEN DIAMONDS FIVE,0.5346,0.0286,0.4368
SPADES KING DIAMONDS EIGHT,0.366,0.0056,0.6284
SPADES SIX DIAMONDS FIVE,0.5504,0.0292,0.4204
SPADES QUEEN DIAMONDS EIGHT,0.3428,0.0126,0.6446
SPADES NINE DIAMONDS FIVE,0.5772,0.0276,0.3952
SPADES EIGHT DIAMONDS FIVE,0.5592,0.0268,0.414
SPADES ACE DIAMONDS EIGHT,0.3502,0.0064,0.6434
DIAMONDS TEN DIAMONDS SIX,0.2076,0.3594,0.433
HEARTS ACE DIAMONDS SEVEN,0.3466,0.0028,0.6506
DIAMONDS JACK DIAMONDS SIX,0.3462,0.0164,0.6374
HEARTS QUEEN DIAMONDS SEVEN,0.357,0.0114,0.6316
HEARTS KING DIAMONDS SEVEN,0.3512,0.0076,0.6412
DIAMONDS ACE DIAMONDS SIX,0.3368,0.0048,0.6584
HEARTS FOUR DIAMONDS SIX,0.5366,0.0312,0.4322
SPADES TWO HEARTS JACK,0.2408,0.054,0.7052
HEARTS FIVE DIAMONDS SIX,0.546,0.0278,0.4262
SPADES TWO HEARTS TEN,0.0074,0.9848,0.0078
DIAMONDS QUEEN DIAMONDS SIX,0.341,0.0126,0.6464
DIAMONDS KING DIAMONDS SIX,0.3462,0.0082,0.6456
HEARTS THREE DIAMONDS SIX,0.57,0.029,0.401
HEARTS EIGHT DIAMONDS SIX,0.5346,0.0258,0.4396
HEARTS NINE DIAMONDS SIX,0.5576,0.027,0.4154
HEARTS SIX DIAMONDS SIX,0.2824,0.0594,0.6582
HEARTS SEVEN DIAMONDS SIX,0.5378,0.0276,0.4346
HEARTS TEN DIAMONDS SEVEN,0.208,0.2906,0.5014
CLUBS TWO DIAMONDS SIX,0.672,0.0724,0.2556
HEARTS JACK DIAMONDS SEVEN,0.3408,0.0156,0.6436
CLUBS THREE DIAMONDS SIX,0.5654,0.0292,0.4054
CLUBS SEVEN DIAMONDS SIX,0.5424,0.0282,0.4294
DIAMONDS EIGHT CLUBS JACK,0.3324,0.0204,0.6472
CLUBS SIX DIAMONDS SIX,0.2838,0.0554,0.6608
CLUBS TEN DIAMONDS EIGHT,0.2188,0.228,0.5532
CLUBS FIVE DIAMONDS SIX,0.5452,0.0294,0.4254
CLUBS FOUR DIAMONDS SIX,0.5424,0.0296,0.428
HEARTS ACE HEARTS JACK,0.2954,0.0042,0.7004
DIAMONDS EIGHT CLUBS ACE,0.3558,0.0042,0.64
HEARTS QUEEN HEARTS JACK,0.2848,0.01,0.7052
DIAMONDS EIGHT CLUBS KING,0.3622,0.008,0.6298
CLUBS NINE DIAMONDS SIX,0.5638,0.026,0.4102
HEARTS KING HEARTS JACK,0.2964,0.0084,0.6952
DIAMONDS EIGHT CLUBS QUEEN,0.3488,0.0102,0.641
CLUBS EIGHT DIAMONDS SIX,0.5424,0.027,0.4306
SPADES FIVE DIAMONDS SIX,0.5334,0.0314,0.4352
HEARTS ACE SPADES TWO,0.234,0.0194,0.7466
SPADES JACK HEARTS KING,0.2952,0.0062,0.6986
SPADES FOUR DIAMONDS SIX,0.5612,0.0324,0.4064
SPADES THREE DIAMONDS SIX,0.56,0.0294,0.4106
HEARTS QUEEN SPADES TWO,0.2312,0.0434,0.7254
SPADES ACE SPADES KING,0.2976,0.0052,0.6972
SPADES TWO HEARTS KING,0.2372,0.0282,0.7346
SPADES TWO DIAMONDS SIX,0.6828,0.0718,0.2454
HEARTS TEN HEARTS EIGHT,0.2062,0.2106,0.5832
SPADES NINE DIAMONDS SIX,0.5536,0.0286,0.4178
HEARTS JACK HEARTS EIGHT,0.325,0.0172,0.6578
SPADES EIGHT DIAMONDS SIX,0.5408,0.0282,0.431
SPADES SEVEN DIAMONDS SIX,0.5304,0.0246,0.445
SPADES SIX DIAMONDS SIX,0.2918,0.057,0.6512
SPADES KING HEARTS KING,0.1164,0.0114,0.8722
SPADES QUEEN HEARTS KING,0.2986,0.0068,0.6946
CLUBS ACE CLUBS KING,0.2994,0.0048,0.6958
SPADES ACE HEARTS KING,0.3028,0.0046,0.6926
SPADES ACE HEARTS JACK,0.3068,0.0056,0.6876
SPADES QUEEN HEARTS JACK,0.304,0.0116,0.6844
SPADES KING HEARTS JACK,0.305,0.008,0.687
SPADES JACK DIAMONDS TEN,0.2176,0.058,0.7244
SPADES ACE DIAMONDS TEN,0.2186,0.0322,0.7492
SPADES JACK HEARTS JACK,0.1174,0.0218,0.8608
SPADES QUEEN DIAMONDS TEN,0.212,0.051,0.737
SPADES KING DIAMONDS TEN,0.216,0.0346,0.7494
SPADES NINE DIAMONDS SEVEN,0.5394,0.0272,0.4334
SPADES EIGHT DIAMONDS SEVEN,0.533,0.0288,0.4382
SPADES SEVEN DIAMONDS SEVEN,0.2738,0.0554,0.6708
SPADES SIX DIAMONDS SEVEN,0.5438,0.0232,0.433
DIAMONDS KING DIAMONDS SEVEN,0.3338,0.0084,0.6578
HEARTS THREE DIAMONDS SEVEN,0.562,0.0328,0.4052
HEARTS KING DIAMONDS FIVE,0.3686,0.0068,0.6246
DIAMONDS QUEEN DIAMONDS SEVEN,0.3306,0.0116,0.6578
HEARTS QUEEN DIAMONDS FIVE,0.3528,0.0136,0.6336
HEARTS FIVE DIAMONDS SEVEN,0.5394,0.0278,0.4328
DIAMONDS ACE DIAMONDS SEVEN,0.324,0.0046,0.6714
HEARTS FOUR DIAMONDS SEVEN,0.5498,0.0266,0.4236
HEARTS ACE DIAMONDS FIVE,0.3554,0.0052,0.6394
HEARTS SEVEN DIAMONDS SEVEN,0.2618,0.0568,0.6814
HEARTS SIX DIAMONDS SEVEN,0.5296,0.0292,0.4412
DIAMONDS SEVEN HEARTS NINE,0.5306,0.0272,0.4422
HEARTS EIGHT DIAMONDS SEVEN,0.52,0.0312,0.4488
DIAMONDS JACK DIAMONDS SEVEN,0.3282,0.0154,0.6564
DIAMONDS FIVE HEARTS JACK,0.3546,0.0168,0.6286
DIAMONDS TEN DIAMONDS SEVEN,0.204,0.2798,0.5162
HEARTS TEN DIAMONDS FIVE,0.207,0.4708,0.3222
SPADES KING CLUBS TWO,0.2412,0.0318,0.727
HEARTS KING CLUBS KING,0.1326,0.0114,0.856
CLUBS EIGHT DIAMONDS SEVEN,0.5154,0.025,0.4596
SPADES QUEEN CLUBS TWO,0.2318,0.0478,0.7204
HEARTS KING CLUBS QUEEN,0.3018,0.0064,0.6918
CLUBS NINE DIAMONDS SEVEN,0.5402,0.0276,0.4322
SPADES TWO CLUBS JACK,0.2488,0.052,0.6992
SPADES ACE CLUBS TWO,0.235,0.0168,0.7482
CLUBS TEN SPADES TWO,0.0162,0.9708,0.013
HEARTS KING CLUBS ACE,0.3138,0.005,0.6812
CLUBS SEVEN CLUBS SIX,0.4976,0.0238,0.4786
SPADES TWO CLUBS KING,0.2522,0.031,0.7168
SPADES TWO DIAMONDS SEVEN,0.6916,0.079,0.2294
CLUBS EIGHT CLUBS SIX,0.5126,0.0252,0.4622
SPADES THREE DIAMONDS SEVEN,0.5718,0.0304,0.3978
SPADES TWO CLUBS QUEEN,0.2348,0.0428,0.7224
CLUBS NINE CLUBS SIX,0.519,0.028,0.453
SPADES FOUR DIAMONDS SEVEN,0.551,0.032,0.417
HEARTS KING CLUBS JACK,0.309,0.0058,0.6852
SPADES FIVE DIAMONDS SEVEN,0.5466,0.032,0.4214
SPADES TWO CLUBS ACE,0.241,0.0188,0.7402
CLUBS TEN HEARTS KING,0.2086,0.0394,0.752
CLUBS SIX SPADES TWO,0.6906,0.0736,0.2358
CLUBS SIX SPADES THREE,0.573,0.027,0.4
CLUBS TWO DIAMONDS SEVEN,0.6946,0.0654,0.24
CLUBS SIX SPADES FOUR,0.5526,0.032,0.4154
CLUBS THREE DIAMONDS SEVEN,0.5738,0.0302,0.396
CLUBS SIX SPADES FIVE,0.534,0.0308,0.4352
CLUBS FOUR DIAMONDS SEVEN,0.544,0.0312,0.4248
CLUBS SIX SPADES SIX,0.2956,0.0564,0.648
CLUBS FIVE DIAMONDS SEVEN,0.562,0.029,0.409
CLUBS SIX SPADES SEVEN,0.5402,0.0284,0.4314
CLUBS SIX DIAMONDS SEVEN,0.53,0.0284,0.4416
SPADES EIGHT CLUBS SIX,0.545,0.028,0.427
SPADES JACK CLUBS TWO,0.23,0.0576,0.7124
CLUBS SEVEN DIAMONDS SEVEN,0.2736,0.0522,0.6742
SPADES NINE CLUBS SIX,0.5516,0.0282,0.4202
CLUBS TWO CLUBS QUEEN,0.2154,0.0438,0.7408
CLUBS TWO CLUBS KING,0.227,0.027,0.746
CLUBS THREE DIAMONDS EIGHT,0.5766,0.0342,0.3892
CLUBS TWO CLUBS ACE,0.2292,0.0188,0.752
CLUBS TWO DIAMONDS EIGHT,0.6884,0.081,0.2306
HEARTS SEVEN DIAMONDS EIGHT,0.5208,0.0288,0.4504
HEARTS SIX DIAMONDS EIGHT,0.5388,0.0284,0.4328
DIAMONDS EIGHT HEARTS NINE,0.5258,0.0216,0.4526
CLUBS TEN CLUBS TWO,0.0208,0.911,0.0682
DIAMONDS EIGHT HEARTS EIGHT,0.268,0.0438,0.6882
CLUBS TWO CLUBS JACK,0.222,0.0474,0.7306
CLUBS NINE DIAMONDS EIGHT,0.528,0.025,0.447
CLUBS EIGHT DIAMONDS EIGHT,0.2694,0.047,0.6836
CLUBS FIVE DIAMONDS EIGHT,0.5466,0.0278,0.4256
SPADES ACE SPADES THREE,0.3306,0.0062,0.6632
CLUBS FOUR DIAMONDS EIGHT,0.5778,0.0324,0.3898
CLUBS SEVEN DIAMONDS EIGHT,0.5274,0.0278,0.4448
SPADES QUEEN SPADES THREE,0.3442,0.0128,0.643
CLUBS SIX DIAMONDS EIGHT,0.5464,0.0278,0.4258
SPADES KING SPADES THREE,0.349,0.0082,0.6428
DIAMONDS QUEEN DIAMONDS EIGHT,0.331,0.0096,0.6594
DIAMONDS KING DIAMONDS EIGHT,0.3444,0.005,0.6506
HEARTS THREE DIAMONDS EIGHT,0.5834,0.0328,0.3838
DIAMONDS ACE DIAMONDS EIGHT,0.334,0.0046,0.6614
HEARTS FOUR DIAMONDS EIGHT,0.5764,0.0294,0.3942
HEARTS FIVE DIAMONDS EIGHT,0.5546,0.0252,0.4202
DIAMONDS EIGHT DIAMONDS TEN,0.2172,0.2188,0.564
DIAMONDS EIGHT DIAMONDS JACK,0.321,0.0178,0.6612
SPADES JACK SPADES THREE,0.3486,0.0192,0.6322
CLUBS FOUR HEARTS ACE,0.3422,0.0046,0.6532
CLUBS FOUR HEARTS QUEEN,0.3642,0.0102,0.6256
CLUBS FOUR HEARTS KING,0.357,0.0082,0.6348
CLUBS SIX HEARTS TEN,0.2082,0.378,0.4138
CLUBS SIX HEARTS JACK,0.3638,0.0152,0.621
SPADES FOUR DIAMONDS EIGHT,0.5688,0.03,0.4012
SPADES FIVE DIAMONDS EIGHT,0.5634,0.0254,0.4112
DIAMONDS EIGHT SPADES TWO,0.6808,0.077,0.2422
DIAMONDS EIGHT SPADES THREE,0.589,0.0342,0.3768
CLUBS FOUR HEARTS JACK,0.3536,0.017,0.6294
SPADES EIGHT DIAMONDS EIGHT,0.285,0.0468,0.6682
SPADES JACK HEARTS EIGHT,0.3294,0.019,0.6516
CLUBS FOUR HEARTS TEN,0.2098,0.5286,0.2616
SPADES NINE DIAMONDS EIGHT,0.5406,0.0238,0.4356
SPADES JACK DIAMONDS QUEEN,0.3012,0.0092,0.6896
SPADES SIX DIAMONDS EIGHT,0.553,0.0264,0.4206
SPADES SEVEN DIAMONDS EIGHT,0.5314,0.0264,0.4422
SPADES ACE DIAMONDS QUEEN,0.308,0.0042,0.6878
SPADES ACE HEARTS EIGHT,0.3498,0.0064,0.6438
SPADES KING HEARTS EIGHT,0.356,0.0082,0.6358
SPADES QUEEN DIAMONDS QUEEN,0.1234,0.0168,0.8598
SPADES KING DIAMONDS QUEEN,0.3094,0.0066,0.684
SPADES QUEEN HEARTS EIGHT,0.342,0.0126,0.6454
CLUBS TWO HEARTS TEN,0.0114,0.9706,0.018
CLUBS TWO HEARTS JACK,0.232,0.0606,0.7074
SPADES SEVEN DIAMONDS NINE,0.5468,0.0278,0.4254
SPADES SIX DIAMONDS NINE,0.5572,0.028,0.4148
SPADES NINE DIAMONDS NINE,0.2648,0.041,0.6942
SPADES EIGHT DIAMONDS NINE,0.534,0.0276,0.4384
DIAMONDS NINE SPADES THREE,0.5884,0.03,0.3816
SPADES JACK CLUBS KING,0.3138,0.0064,0.6798
DIAMONDS NINE SPADES TWO,0.6966,0.0698,0.2336
SPADES FIVE DIAMONDS NINE,0.5858,0.0286,0.3856
DIAMONDS NINE SPADES FOUR,0.587,0.0294,0.3836
CLUBS NINE DIAMONDS NINE,0.2776,0.0398,0.6826
CLUBS EIGHT DIAMONDS NINE,0.529,0.0244,0.4466
CLUBS SIX DIAMONDS NINE,0.5688,0.028,0.4032
SPADES JACK CLUBS FOUR,0.3452,0.0204,0.6344
CLUBS SEVEN DIAMONDS NINE,0.5446,0.023,0.4324
CLUBS FOUR DIAMONDS NINE,0.5868,0.0298,0.3834
CLUBS FIVE DIAMONDS NINE,0.5636,0.0272,0.4092
DIAMONDS NINE CLUBS TWO,0.6884,0.0716,0.24
CLUBS THREE DIAMONDS NINE,0.5806,0.0316,0.3878
DIAMONDS NINE HEARTS EIGHT,0.5276,0.0278,0.4446
DIAMONDS NINE HEARTS NINE,0.259,0.0412,0.6998
HEARTS SIX DIAMONDS NINE,0.5486,0.0274,0.424
HEARTS SEVEN DIAMONDS NINE,0.5368,0.0228,0.4404
CLUBS NINE CLUBS EIGHT,0.501,0.0254,0.4736
DIAMONDS ACE DIAMONDS NINE,0.3318,0.0044,0.6638
HEARTS FOUR DIAMONDS NINE,0.5776,0.026,0.3964
HEARTS FIVE DIAMONDS NINE,0.5694,0.0264,0.4042
HEARTS ACE CLUBS TWO,0.2454,0.0158,0.7388
SPADES ACE CLUBS FOUR,0.3446,0.006,0.6494
DIAMONDS QUEEN DIAMONDS NINE,0.3186,0.0108,0.6706
CLUBS TWO HEARTS KING,0.2318,0.0254,0.7428
SPADES KING CLUBS FOUR,0.3626,0.0102,0.6272
DIAMONDS KING DIAMONDS NINE,0.3216,0.0098,0.6686
HEARTS THREE DIAMONDS NINE,0.5748,0.0286,0.3966
CLUBS TWO HEARTS QUEEN,0.2442,0.0384,0.7174
SPADES QUEEN CLUBS FOUR,0.362,0.0146,0.6234
DIAMONDS NINE DIAMONDS JACK,0.312,0.0164,0.6716
CLUBS EIGHT SPADES NINE,0.5306,0.0286,0.4408
DIAMONDS NINE DIAMONDS TEN,0.2136,0.1612,0.6252
CLUBS EIGHT SPADES EIGHT,0.281,0.049,0.67
CLUBS EIGHT SPADES SEVEN,0.5386,0.0296,0.4318
CLUBS EIGHT SPADES SIX,0.5494,0.0304,0.4202
CLUBS EIGHT SPADES FIVE,0.5526,0.0274,0.42
CLUBS EIGHT SPADES FOUR,0.572,0.03,0.398
CLUBS EIGHT SPADES THREE,0.5856,0.0256,0.3888
CLUBS EIGHT SPADES TWO,0.6846,0.0766,0.2388
HEARTS SIX DIAMONDS TEN,0.215,0.374,0.411
HEARTS SEVEN DIAMONDS TEN,0.2134,0.2866,0.5
DIAMONDS TEN HEARTS EIGHT,0.2186,0.2234,0.558
CLUBS FOUR CLUBS JACK,0.3348,0.021,0.6442
DIAMONDS TEN HEARTS NINE,0.219,0.1682,0.6128
CLUBS TEN CLUBS FOUR,0.2054,0.4814,0.3132
CLUBS FOUR CLUBS KING,0.3428,0.0074,0.6498
CLUBS FOUR CLUBS QUEEN,0.3356,0.013,0.6514
CLUBS TWO DIAMONDS TEN,0.0196,0.9576,0.0228
CLUBS THREE DIAMONDS TEN,0.2152,0.527,0.2578
CLUBS FOUR CLUBS ACE,0.327,0.0054,0.6676
DIAMONDS JACK DIAMONDS TEN,0.2098,0.0562,0.734
DIAMONDS QUEEN DIAMONDS TEN,0.215,0.0426,0.7424
DIAMONDS KING DIAMONDS TEN,0.2092,0.034,0.7568
HEARTS THREE DIAMONDS TEN,0.2072,0.5338,0.259
DIAMONDS ACE DIAMONDS TEN,0.2122,0.0246,0.7632
HEARTS FOUR DIAMONDS TEN,0.2102,0.5244,0.2654
CLUBS EIGHT HEARTS JACK,0.334,0.0158,0.6502
HEARTS FIVE DIAMONDS TEN,0.2226,0.4596,0.3178
CLUBS EIGHT HEARTS TEN,0.1998,0.2346,0.5656
CLUBS EIGHT HEARTS QUEEN,0.341,0.0144,0.6446
CLUBS EIGHT HEARTS KING,0.3522,0.008,0.6398
CLUBS EIGHT HEARTS ACE,0.345,0.0038,0.6512
CLUBS NINE SPADES THREE,0.5776,0.0292,0.3932
CLUBS NINE SPADES TWO,0.69,0.073,0.237
CLUBS NINE SPADES FIVE,0.5744,0.0284,0.3972
CLUBS NINE SPADES FOUR,0.5812,0.028,0.3908
CLUBS NINE SPADES SEVEN,0.5522,0.0252,0.4226
CLUBS NINE SPADES SIX,0.5686,0.0244,0.407
CLUBS NINE SPADES NINE,0.271,0.041,0.688
CLUBS TEN HEARTS EIGHT,0.2164,0.2256,0.558
CLUBS NINE SPADES EIGHT,0.539,0.0302,0.4308
HEARTS EIGHT CLUBS JACK,0.3424,0.0144,0.6432
CLUBS QUEEN HEARTS EIGHT,0.3442,0.0118,0.644
CLUBS KING HEARTS EIGHT,0.349,0.0044,0.6466
CLUBS ACE HEARTS EIGHT,0.3634,0.0028,0.6338
SPADES KING CLUBS KING,0.1226,0.0116,0.8658
SPADES QUEEN CLUBS KING,0.3148,0.0074,0.6778
SPADES ACE CLUBS KING,0.3162,0.0048,0.679
DIAMONDS ACE HEARTS TEN,0.202,0.025,0.773
HEARTS FOUR HEARTS TEN,0.2008,0.495,0.3042
DIAMONDS ACE HEARTS JACK,0.3118,0.0028,0.6854
HEARTS FOUR HEARTS JACK,0.3406,0.0204,0.639
SPADES KING CLUBS FIVE,0.3552,0.0076,0.6372
SPADES QUEEN CLUBS FIVE,0.3506,0.0128,0.6366
SPADES ACE CLUBS FIVE,0.3452,0.0076,0.6472
HEARTS SEVEN DIAMONDS JACK,0.344,0.0166,0.6394
HEARTS SIX DIAMONDS JACK,0.3512,0.019,0.6298
DIAMONDS JACK HEARTS NINE,0.2992,0.0174,0.6834
DIAMONDS JACK HEARTS EIGHT,0.3288,0.0188,0.6524
DIAMONDS KING DIAMONDS JACK,0.292,0.0074,0.7006
HEARTS THREE DIAMONDS JACK,0.3504,0.0196,0.63
SPADES ACE SPADES SIX,0.3428,0.0066,0.6506
HEARTS ACE SPADES FOUR,0.3492,0.0052,0.6456
DIAMONDS QUEEN DIAMONDS JACK,0.2824,0.01,0.7076
HEARTS FIVE DIAMONDS JACK,0.356,0.0174,0.6266
SPADES QUEEN SPADES SIX,0.3542,0.0124,0.6334
SPADES FOUR HEARTS QUEEN,0.3556,0.0144,0.63
DIAMONDS ACE DIAMONDS JACK,0.2756,0.005,0.7194
HEARTS FOUR DIAMONDS JACK,0.3444,0.0182,0.6374
SPADES KING SPADES SIX,0.3356,0.0094,0.655
SPADES FOUR HEARTS KING,0.351,0.0084,0.6406
SPADES JACK SPADES SIX,0.3414,0.0184,0.6402
SPADES FOUR DIAMONDS JACK,0.3706,0.0156,0.6138
SPADES FIVE DIAMONDS JACK,0.361,0.0222,0.6168
DIAMONDS JACK SPADES TWO,0.2416,0.0602,0.6982
SPADES THREE DIAMONDS JACK,0.3584,0.02,0.6216
SPADES ACE DIAMONDS THREE,0.3516,0.0046,0.6438
SPADES QUEEN DIAMONDS THREE,0.372,0.0152,0.6128
CLUBS EIGHT DIAMONDS JACK,0.3446,0.017,0.6384
SPADES KING DIAMONDS THREE,0.3486,0.0098,0.6416
CLUBS NINE DIAMONDS JACK,0.3306,0.0164,0.653
CLUBS SIX DIAMONDS JACK,0.3498,0.018,0.6322
CLUBS SEVEN DIAMONDS JACK,0.3474,0.0168,0.6358
CLUBS FOUR DIAMONDS JACK,0.3616,0.0162,0.6222
CLUBS FIVE DIAMONDS JACK,0.3614,0.0142,0.6244
CLUBS TWO DIAMONDS JACK,0.2472,0.0564,0.6964
CLUBS THREE DIAMONDS JACK,0.3662,0.0156,0.6182
SPADES JACK HEARTS SIX,0.3438,0.0186,0.6376
SPADES JACK CLUBS FIVE,0.3494,0.0188,0.6318
SPADES JACK DIAMONDS THREE,0.3518,0.0228,0.6254
CLUBS SEVEN CLUBS ACE,0.328,0.0044,0.6676
CLUBS SEVEN CLUBS QUEEN,0.3406,0.0122,0.6472
CLUBS SEVEN CLUBS KING,0.3342,0.007,0.6588
SPADES NINE DIAMONDS JACK,0.3356,0.014,0.6504
CLUBS TEN CLUBS SEVEN,0.2064,0.2734,0.5202
DIAMONDS ACE HEARTS ACE,0.1152,0.004,0.8808
HEARTS FOUR HEARTS ACE,0.3274,0.0056,0.667
SPADES EIGHT DIAMONDS JACK,0.3346,0.018,0.6474
SPADES ACE HEARTS SIX,0.359,0.0044,0.6366
CLUBS SEVEN CLUBS JACK,0.3242,0.0174,0.6584
DIAMONDS ACE HEARTS KING,0.3204,0.0056,0.674
HEARTS FOUR HEARTS KING,0.3564,0.0066,0.637
SPADES SEVEN DIAMONDS JACK,0.3434,0.0184,0.6382
SPADES KING HEARTS SIX,0.3588,0.0072,0.634
DIAMONDS ACE HEARTS QUEEN,0.3108,0.003,0.6862
HEARTS FOUR HEARTS QUEEN,0.3392,0.012,0.6488
SPADES SIX DIAMONDS JACK,0.3576,0.0178,0.6246
SPADES QUEEN HEARTS SIX,0.3516,0.0106,0.6378
SPADES TWO DIAMONDS TEN,0.0196,0.9704,0.01
SPADES THREE DIAMONDS TEN,0.2144,0.5198,0.2658
SPADES FOUR DIAMONDS TEN,0.218,0.5106,0.2714
SPADES FIVE DIAMONDS TEN,0.2196,0.4616,0.3188
SPADES SIX DIAMONDS TEN,0.2212,0.3838,0.395
SPADES SEVEN DIAMONDS TEN,0.2202,0.29,0.4898
SPADES EIGHT DIAMONDS TEN,0.2268,0.2314,0.5418
SPADES NINE DIAMONDS TEN,0.2234,0.1728,0.6038
CLUBS FOUR DIAMONDS TEN,0.2084,0.5224,0.2692
CLUBS FIVE DIAMONDS TEN,0.2064,0.4686,0.325
CLUBS SIX DIAMONDS TEN,0.2274,0.3718,0.4008
CLUBS SEVEN DIAMONDS TEN,0.2286,0.2878,0.4836
CLUBS EIGHT DIAMONDS TEN,0.2144,0.2252,0.5604
CLUBS NINE DIAMONDS TEN,0.2188,0.168,0.6132
DIAMONDS THREE CLUBS JACK,0.3544,0.0206,0.625
CLUBS TEN DIAMONDS THREE,0.228,0.5176,0.2544
DIAMONDS THREE CLUBS KING,0.3552,0.0076,0.6372
DIAMONDS THREE CLUBS QUEEN,0.3596,0.0134,0.627
DIAMONDS THREE CLUBS ACE,0.351,0.006,0.643
SPADES FOUR HEARTS JACK,0.3592,0.019,0.6218
SPADES FOUR HEARTS TEN,0.201,0.5242,0.2748
SPADES FIVE SPADES TWO,0.6348,0.0738,0.2914
SPADES FOUR SPADES TWO,0.6334,0.075,0.2916
SPADES THREE SPADES TWO,0.6394,0.076,0.2846
SPADES NINE SPADES TWO,0.6576,0.0834,0.259
SPADES EIGHT SPADES TWO,0.6586,0.078,0.2634
SPADES SEVEN SPADES TWO,0.6486,0.0638,0.2876
SPADES SIX SPADES TWO,0.6586,0.0676,0.2738
DIAMONDS QUEEN CLUBS THREE,0.345,0.012,0.643
DIAMONDS QUEEN CLUBS TWO,0.2418,0.0442,0.714
HEARTS SEVEN DIAMONDS QUEEN,0.3494,0.0138,0.6368
HEARTS SIX DIAMONDS QUEEN,0.356,0.0142,0.6298
DIAMONDS QUEEN HEARTS NINE,0.3346,0.013,0.6524
DIAMONDS QUEEN HEARTS EIGHT,0.3396,0.01,0.6504
CLUBS NINE DIAMONDS QUEEN,0.3396,0.0106,0.6498
CLUBS EIGHT DIAMONDS QUEEN,0.3494,0.0108,0.6398
CLUBS FIVE DIAMONDS QUEEN,0.3464,0.0126,0.641
SPADES EIGHT HEARTS ACE,0.361,0.0042,0.6348
DIAMONDS QUEEN CLUBS FOUR,0.3508,0.0108,0.6384
CLUBS SEVEN DIAMONDS QUEEN,0.3556,0.0108,0.6336
SPADES EIGHT HEARTS QUEEN,0.3564,0.0106,0.633
CLUBS SIX DIAMONDS QUEEN,0.355,0.0132,0.6318
SPADES EIGHT HEARTS KING,0.3574,0.009,0.6336
DIAMONDS QUEEN SPADES SIX,0.3756,0.013,0.6114
HEARTS FOUR CLUBS QUEEN,0.3598,0.011,0.6292
DIAMONDS ACE CLUBS QUEEN,0.3202,0.005,0.6748
DIAMONDS QUEEN SPADES SEVEN,0.3526,0.0126,0.6348
HEARTS FOUR CLUBS KING,0.3466,0.0078,0.6456
DIAMONDS ACE CLUBS KING,0.3284,0.0032,0.6684
SPADES EIGHT DIAMONDS QUEEN,0.349,0.0132,0.6378
HEARTS FOUR CLUBS ACE,0.3368,0.005,0.6582
DIAMONDS ACE CLUBS ACE,0.1202,0.0036,0.8762
SPADES NINE DIAMONDS QUEEN,0.3504,0.0102,0.6394
DIAMONDS QUEEN SPADES TWO,0.2394,0.041,0.7196
DIAMONDS QUEEN SPADES THREE,0.3532,0.0126,0.6342
DIAMONDS QUEEN SPADES FOUR,0.3516,0.0134,0.635
CLUBS TEN HEARTS FOUR,0.2134,0.5136,0.273
CLUBS TEN DIAMONDS ACE,0.2106,0.0262,0.7632
DIAMONDS QUEEN SPADES FIVE,0.364,0.0122,0.6238
HEARTS FOUR CLUBS JACK,0.3448,0.0198,0.6354
DIAMONDS ACE CLUBS JACK,0.3074,0.006,0.6866
CLUBS FIVE CLUBS KING,0.3386,0.0086,0.6528
CLUBS FIVE CLUBS QUEEN,0.3378,0.0102,0.652
CLUBS FIVE CLUBS ACE,0.3358,0.0046,0.6596
CLUBS FIVE CLUBS JACK,0.3326,0.0166,0.6508
CLUBS TEN CLUBS FIVE,0.2162,0.4354,0.3484
SPADES KING CLUBS JACK,0.2942,0.0072,0.6986
SPADES QUEEN CLUBS JACK,0.2992,0.0108,0.69
SPADES ACE CLUBS JACK,0.3046,0.0054,0.69
SPADES SIX CLUBS KING,0.3482,0.0088,0.643
SPADES SIX CLUBS QUEEN,0.3556,0.0132,0.6312
SPADES EIGHT HEARTS JACK,0.3264,0.0166,0.657
SPADES SIX CLUBS ACE,0.362,0.0048,0.6332
SPADES EIGHT HEARTS TEN,0.2136,0.2222,0.5642
SPADES SIX CLUBS JACK,0.3638,0.0182,0.618
CLUBS TEN SPADES SIX,0.2224,0.384,0.3936
SPADES JACK CLUBS JACK,0.1392,0.0254,0.8354
SPADES QUEEN CLUBS SEVEN,0.3436,0.014,0.6424
SPADES KING CLUBS SEVEN,0.3594,0.006,0.6346
SPADES ACE CLUBS SEVEN,0.3526,0.003,0.6444
SPADES SIX HEARTS TEN,0.2086,0.3958,0.3956
SPADES SIX HEARTS JACK,0.362,0.0198,0.6182
SPADES SIX HEARTS ACE,0.3622,0.0042,0.6336
SPADES SIX HEARTS KING,0.3642,0.0074,0.6284
SPADES SIX HEARTS QUEEN,0.3636,0.0112,0.6252
CLUBS SEVEN SPADES JACK,0.3334,0.0166,0.65
CLUBS TEN HEARTS SIX,0.2136,0.3804,0.406
HEARTS SIX CLUBS JACK,0.3598,0.0178,0.6224
CLUBS ACE CLUBS JACK,0.2924,0.004,0.7036
HEARTS SIX CLUBS QUEEN,0.3616,0.0106,0.6278
HEARTS SIX CLUBS KING,0.3548,0.0076,0.6376
HEARTS SIX CLUBS ACE,0.3624,0.006,0.6316
CLUBS QUEEN CLUBS JACK,0.2818,0.0106,0.7076
CLUBS KING CLUBS JACK,0.2868,0.005,0.7082
DIAMONDS THREE HEARTS ACE,0.3504,0.0048,0.6448
DIAMONDS THREE HEARTS QUEEN,0.3562,0.015,0.6288
DIAMONDS THREE HEARTS KING,0.3528,0.0118,0.6354
CLUBS FIVE HEARTS JACK,0.3426,0.0194,0.638
CLUBS FIVE HEARTS TEN,0.208,0.4668,0.3252
HEARTS FOUR SPADES JACK,0.3446,0.019,0.6364
SPADES JACK DIAMONDS ACE,0.299,0.007,0.694
SPADES ACE HEARTS FOUR,0.3322,0.009,0.6588
SPADES ACE DIAMONDS ACE,0.1262,0.0058,0.868
CLUBS FIVE HEARTS ACE,0.3552,0.0064,0.6384
CLUBS FIVE HEARTS KING,0.3602,0.009,0.6308
HEARTS FOUR SPADES QUEEN,0.3514,0.0126,0.636
SPADES QUEEN DIAMONDS ACE,0.311,0.0056,0.6834
SPADES FOUR CLUBS JACK,0.358,0.0222,0.6198
CLUBS FIVE HEARTS QUEEN,0.3578,0.009,0.6332
SPADES KING DIAMONDS ACE,0.317,0.0046,0.6784
SPADES KING HEARTS FOUR,0.3658,0.0084,0.6258
CLUBS TEN SPADES FOUR,0.2144,0.5316,0.254
DIAMONDS QUEEN DIAMONDS ACE,0.299,0.004,0.697
HEARTS FOUR DIAMONDS QUEEN,0.3528,0.0112,0.636
DIAMONDS THREE HEARTS TEN,0.2054,0.5304,0.2642
SPADES FOUR CLUBS KING,0.3738,0.0076,0.6186
HEARTS FIVE DIAMONDS QUEEN,0.3524,0.0106,0.637
DIAMONDS THREE HEARTS JACK,0.3438,0.0216,0.6346
SPADES FOUR CLUBS QUEEN,0.3652,0.011,0.6238
DIAMONDS KING DIAMONDS QUEEN,0.3,0.0066,0.6934
DIAMONDS QUEEN HEARTS THREE,0.3592,0.015,0.6258
SPADES FOUR CLUBS ACE,0.3518,0.005,0.6432
DIAMONDS QUEEN CLUBS ACE,0.309,0.0046,0.6864
DIAMONDS QUEEN CLUBS QUEEN,0.1392,0.015,0.8458
DIAMONDS QUEEN CLUBS KING,0.307,0.0068,0.6862
SPADES EIGHT SPADES FIVE,0.5296,0.0274,0.443
CLUBS TEN DIAMONDS QUEEN,0.2248,0.0462,0.729
SPADES NINE SPADES FIVE,0.556,0.024,0.42
DIAMONDS QUEEN CLUBS JACK,0.2944,0.0122,0.6934
SPADES SIX SPADES FIVE,0.5194,0.0322,0.4484
SPADES SEVEN SPADES FIVE,0.5052,0.0296,0.4652
DIAMONDS FIVE CLUBS QUEEN,0.3642,0.0096,0.6262
SPADES EIGHT CLUBS ACE,0.3542,0.005,0.6408
DIAMONDS FIVE CLUBS KING,0.3694,0.008,0.6226
SPADES EIGHT CLUBS KING,0.375,0.0078,0.6172
CLUBS ACE DIAMONDS FIVE,0.3542,0.006,0.6398
SPADES EIGHT CLUBS QUEEN,0.3496,0.0132,0.6372
SPADES EIGHT CLUBS JACK,0.3394,0.0178,0.6428
CLUBS TEN SPADES EIGHT,0.2258,0.2204,0.5538
CLUBS TEN DIAMONDS FIVE,0.2194,0.4596,0.321
DIAMONDS FIVE CLUBS JACK,0.3568,0.0146,0.6286
DIAMONDS TEN HEARTS JACK,0.2138,0.0622,0.724
DIAMONDS TEN HEARTS TEN,0.075,0.0592,0.8658
SPADES ACE CLUBS NINE,0.3552,0.0042,0.6406
CLUBS NINE SPADES QUEEN,0.3368,0.0112,0.652
CLUBS NINE SPADES KING,0.341,0.0064,0.6526
HEARTS SIX HEARTS KING,0.3334,0.0078,0.6588
DIAMONDS KING SPADES SEVEN,0.3458,0.0098,0.6444
SPADES SEVEN HEARTS THREE,0.5726,0.0304,0.397
SPADES KING DIAMONDS SEVEN,0.3546,0.0072,0.6382
HEARTS SIX HEARTS QUEEN,0.3392,0.012,0.6488
DIAMONDS KING SPADES SIX,0.363,0.008,0.629
HEARTS THREE SPADES SIX,0.5588,0.033,0.4082
SPADES QUEEN DIAMONDS SEVEN,0.3464,0.0128,0.6408
SPADES NINE DIAMONDS KING,0.363,0.0066,0.6304
SPADES NINE HEARTS THREE,0.5862,0.0284,0.3854
HEARTS SIX HEARTS ACE,0.3408,0.006,0.6532
DIAMONDS KING SPADES EIGHT,0.3752,0.0102,0.6146
SPADES EIGHT HEARTS THREE,0.574,0.0298,0.3962
SPADES ACE DIAMONDS SEVEN,0.3422,0.0046,0.6532
CLUBS NINE HEARTS THREE,0.589,0.026,0.385
CLUBS NINE DIAMONDS KING,0.3506,0.0086,0.6408
CLUBS EIGHT HEARTS THREE,0.5794,0.0274,0.3932
CLUBS EIGHT DIAMONDS KING,0.356,0.0062,0.6378
HEARTS THREE SPADES THREE,0.3028,0.07,0.6272
DIAMONDS KING SPADES THREE,0.3636,0.0092,0.6272
HEARTS THREE SPADES TWO,0.6678,0.081,0.2512
