opposingHand,winningChance,drawChance,lostChance
SPADES TWO HEARTS TEN
HEARTS FIVE SPADES TEN,0.2026,0.4922,0.3052
SPADES JACK HEARTS FIVE,0.3552,0.022,0.6228
SPADES FIVE CLUBS JACK,0.3602,0.0168,0.623
CLUBS TEN SPADES FIVE,0.2126,0.4738,0.3136
CLUBS EIGHT CLUBS JACK,0.3182,0.0148,0.667
CLUBS TEN CLUBS EIGHT,0.2054,0.218,0.5766
CLUBS EIGHT CLUBS KING,0.3354,0.0064,0.6582
SPADES FIVE CLUBS ACE,0.3438,0.0042,0.652
CLUBS EIGHT CLUBS QUEEN,0.34,0.012,0.648
SPADES FIVE CLUBS KING,0.362,0.007,0.631
SPADES FIVE CLUBS QUEEN,0.3424,0.012,0.6456
CLUBS EIGHT CLUBS ACE,0.3332,0.0042,0.6626
DIAMONDS TWO DIAMONDS THREE,0.625,0.0726,0.3024
DIAMONDS TWO DIAMONDS FIVE,0.612,0.0692,0.3188
SPADES KING HEARTS FIVE,0.3546,0.0092,0.6362
DIAMONDS TWO DIAMONDS FOUR,0.628,0.0672,0.3048
SPADES QUEEN HEARTS FIVE,0.3602,0.0136,0.6262
DIAMONDS TWO DIAMONDS SEVEN,0.6408,0.0744,0.2848
DIAMONDS TWO DIAMONDS SIX,0.6408,0.07,0.2892
SPADES ACE HEARTS FIVE,0.3474,0.0062,0.6464
DIAMONDS TWO DIAMONDS NINE,0.6548,0.074,0.2712
DIAMONDS TWO DIAMONDS EIGHT,0.6386,0.0706,0.2908
DIAMONDS THREE DIAMONDS FOUR,0.5208,0.0276,0.4516
CLUBS TWO SPADES FOUR,0.6522,0.0728,0.275
DIAMONDS THREE DIAMONDS FIVE,0.5096,0.0348,0.4556
SPADES FIVE CLUBS TWO,0.6566,0.0756,0.2678
CLUBS TWO SPADES THREE,0.6556,0.074,0.2704
DIAMONDS THREE DIAMONDS EIGHT,0.5406,0.0272,0.4322
SPADES EIGHT CLUBS TWO,0.6644,0.0802,0.2554
DIAMONDS THREE DIAMONDS NINE,0.5612,0.0254,0.4134
SPADES NINE CLUBS TWO,0.675,0.0832,0.2418
DIAMONDS THREE DIAMONDS SIX,0.523,0.0274,0.4496
SPADES SIX CLUBS TWO,0.679,0.0708,0.2502
DIAMONDS THREE DIAMONDS SEVEN,0.5372,0.0276,0.4352
SPADES SEVEN CLUBS TWO,0.6818,0.0708,0.2474
CLUBS SIX CLUBS TWO,0.6308,0.0654,0.3038
CLUBS SEVEN CLUBS TWO,0.6408,0.0712,0.288
CLUBS FOUR CLUBS TWO,0.6158,0.0752,0.309
CLUBS FIVE CLUBS TWO,0.6172,0.0722,0.3106
CLUBS TEN CLUBS JACK,0.2086,0.0534,0.738
DIAMONDS FOUR DIAMONDS SIX,0.52,0.0286,0.4514
CLUBS TEN CLUBS QUEEN,0.2046,0.0416,0.7538
DIAMONDS FOUR DIAMONDS SEVEN,0.523,0.0276,0.4494
CLUBS TEN CLUBS KING,0.1952,0.0324,0.7724
CLUBS TEN CLUBS ACE,0.1958,0.0252,0.779
CLUBS EIGHT CLUBS TWO,0.6506,0.0672,0.2822
DIAMONDS FIVE DIAMONDS FOUR,0.508,0.0284,0.4636
CLUBS NINE CLUBS TWO,0.6492,0.0738,0.277
DIAMONDS NINE DIAMONDS FOUR,0.5424,0.0284,0.4292
DIAMONDS EIGHT DIAMONDS FOUR,0.537,0.029,0.434
CLUBS THREE CLUBS TWO,0.6246,0.074,0.3014
DIAMONDS NINE DIAMONDS FIVE,0.5322,0.0278,0.44
DIAMONDS TWO CLUBS JACK,0.247,0.0558,0.6972
DIAMONDS EIGHT DIAMONDS FIVE,0.5156,0.028,0.4564
CLUBS TEN DIAMONDS TWO,0.02,0.958,0.022
DIAMONDS FIVE DIAMONDS SEVEN,0.4998,0.0322,0.468
DIAMONDS FIVE DIAMONDS SIX,0.5118,0.0238,0.4644
DIAMONDS TWO CLUBS ACE,0.2386,0.0154,0.746
DIAMONDS TWO CLUBS KING,0.243,0.0256,0.7314
DIAMONDS TWO CLUBS QUEEN,0.2362,0.0382,0.7256
DIAMONDS EIGHT DIAMONDS SIX,0.505,0.0242,0.4708
DIAMONDS NINE DIAMONDS SIX,0.531,0.0242,0.4448
HEARTS ACE SPADES THREE,0.3394,0.0058,0.6548
SPADES THREE HEARTS KING,0.3484,0.009,0.6426
DIAMONDS SEVEN DIAMONDS SIX,0.4916,0.0276,0.4808
HEARTS QUEEN SPADES THREE,0.3442,0.0134,0.6424
SPADES THREE HEARTS JACK,0.3506,0.022,0.6274
DIAMONDS EIGHT DIAMONDS SEVEN,0.4894,0.03,0.4806
DIAMONDS NINE DIAMONDS SEVEN,0.5006,0.0236,0.4758
DIAMONDS NINE DIAMONDS EIGHT,0.4926,0.0264,0.481
SPADES JACK CLUBS SIX,0.3718,0.0178,0.6104
DIAMONDS KING HEARTS JACK,0.2842,0.0082,0.7076
HEARTS THREE HEARTS JACK,0.3366,0.024,0.6394
SPADES TEN CLUBS SIX,0.2104,0.374,0.4156
SPADES JACK SPADES FIVE,0.3494,0.0166,0.634
SPADES TEN SPADES FIVE,0.1992,0.4458,0.355
DIAMONDS KING HEARTS ACE,0.3124,0.0064,0.6812
HEARTS THREE HEARTS ACE,0.326,0.0074,0.6666
SPADES ACE CLUBS SIX,0.3736,0.0042,0.6222
DIAMONDS KING HEARTS QUEEN,0.3036,0.0082,0.6882
HEARTS THREE HEARTS QUEEN,0.3296,0.0114,0.659
SPADES KING CLUBS SIX,0.358,0.006,0.636
DIAMONDS KING HEARTS KING,0.1274,0.0124,0.8602
HEARTS THREE HEARTS KING,0.3452,0.0086,0.6462
SPADES QUEEN CLUBS SIX,0.3644,0.011,0.6246
SPADES NINE HEARTS JACK,0.3138,0.0168,0.6694
SPADES QUEEN SPADES FIVE,0.3358,0.0118,0.6524
SPADES KING SPADES FIVE,0.3518,0.0074,0.6408
SPADES ACE SPADES FIVE,0.3336,0.0048,0.6616
SPADES NINE HEARTS QUEEN,0.3242,0.011,0.6648
SPADES NINE HEARTS KING,0.35,0.0054,0.6446
SPADES NINE HEARTS ACE,0.3474,0.005,0.6476
CLUBS TEN SPADES JACK,0.2128,0.051,0.7362
CLUBS TEN SPADES TEN,0.0778,0.0596,0.8626
SPADES ACE CLUBS TEN,0.2142,0.026,0.7598
SPADES KING CLUBS TEN,0.2216,0.0346,0.7438
CLUBS TEN SPADES QUEEN,0.2124,0.047,0.7406
SPADES FIVE HEARTS QUEEN,0.3444,0.0108,0.6448
SPADES FIVE HEARTS KING,0.3554,0.0104,0.6342
HEARTS ACE SPADES FIVE,0.3538,0.0058,0.6404
CLUBS EIGHT SPADES TEN,0.2022,0.2342,0.5636
HEARTS THREE SPADES JACK,0.3524,0.018,0.6296
SPADES JACK DIAMONDS KING,0.3032,0.0072,0.6896
SPADES TEN DIAMONDS KING,0.2246,0.036,0.7394
HEARTS THREE SPADES TEN,0.2116,0.5374,0.251
SPADES JACK CLUBS EIGHT,0.3424,0.016,0.6416
CLUBS SIX HEARTS ACE,0.3386,0.005,0.6564
SPADES ACE CLUBS EIGHT,0.3382,0.0046,0.6572
HEARTS FIVE CLUBS JACK,0.3646,0.0206,0.6148
CLUBS TEN HEARTS FIVE,0.2248,0.4634,0.3118
CLUBS SIX HEARTS QUEEN,0.35,0.0114,0.6386
SPADES QUEEN CLUBS EIGHT,0.3554,0.0108,0.6338
CLUBS TEN SPADES THREE,0.2146,0.5268,0.2586
CLUBS SIX HEARTS KING,0.3632,0.0064,0.6304
SPADES KING CLUBS EIGHT,0.3668,0.0084,0.6248
SPADES THREE CLUBS JACK,0.355,0.0226,0.6224
DIAMONDS TWO HEARTS JACK,0.2302,0.0568,0.713
SPADES THREE CLUBS QUEEN,0.3708,0.0134,0.6158
SPADES THREE CLUBS KING,0.3516,0.0096,0.6388
HEARTS FIVE CLUBS ACE,0.3598,0.0042,0.636
SPADES THREE CLUBS ACE,0.341,0.0054,0.6536
HEARTS FIVE CLUBS KING,0.363,0.0092,0.6278
SPADES FIVE HEARTS JACK,0.3384,0.0216,0.64
HEARTS FIVE CLUBS QUEEN,0.3498,0.0156,0.6346
HEARTS THREE CLUBS KING,0.3646,0.0098,0.6256
DIAMONDS KING CLUBS KING,0.1414,0.012,0.8466
HEARTS THREE CLUBS QUEEN,0.3622,0.0118,0.626
DIAMONDS KING CLUBS QUEEN,0.3086,0.0056,0.6858
HEARTS FIVE HEARTS JACK,0.3412,0.0194,0.6394
HEARTS THREE CLUBS ACE,0.3496,0.0038,0.6466
DIAMONDS KING CLUBS ACE,0.3164,0.0046,0.679
SPADES ACE CLUBS QUEEN,0.327,0.0058,0.6672
SPADES KING CLUBS QUEEN,0.3142,0.007,0.6788
HEARTS THREE CLUBS JACK,0.37,0.0192,0.6108
DIAMONDS KING CLUBS JACK,0.299,0.0044,0.6966
SPADES QUEEN CLUBS QUEEN,0.1266,0.0172,0.8562
CLUBS TEN HEARTS THREE,0.2204,0.5142,0.2654
CLUBS TEN DIAMONDS KING,0.2284,0.0372,0.7344
SPADES JACK CLUBS QUEEN,0.296,0.0098,0.6942
CLUBS SIX CLUBS QUEEN,0.3338,0.01,0.6562
SPADES TEN CLUBS QUEEN,0.2144,0.0494,0.7362
CLUBS SIX CLUBS KING,0.3388,0.008,0.6532
CLUBS SIX CLUBS ACE,0.3296,0.0042,0.6662
HEARTS FIVE HEARTS KING,0.3338,0.0086,0.6576
HEARTS FIVE HEARTS QUEEN,0.3388,0.0132,0.648
CLUBS TEN CLUBS SIX,0.2046,0.348,0.4474
HEARTS FIVE HEARTS ACE,0.339,0.004,0.657
CLUBS SIX CLUBS JACK,0.3364,0.0178,0.6458
SPADES SEVEN HEARTS JACK,0.3408,0.0158,0.6434
DIAMONDS TWO CLUBS TWO,0.2828,0.0506,0.6666
DIAMONDS TWO CLUBS THREE,0.6562,0.0808,0.263
HEARTS SIX DIAMONDS TWO,0.6834,0.0676,0.249
DIAMONDS TWO HEARTS QUEEN,0.2354,0.0458,0.7188
DIAMONDS TWO HEARTS SEVEN,0.705,0.0664,0.2286
DIAMONDS TWO HEARTS KING,0.249,0.025,0.726
DIAMONDS TWO HEARTS EIGHT,0.6868,0.0814,0.2318
DIAMONDS TWO HEARTS ACE,0.2346,0.0188,0.7466
DIAMONDS TWO HEARTS NINE,0.6804,0.0792,0.2404
DIAMONDS TWO DIAMONDS QUEEN,0.2182,0.0396,0.7422
DIAMONDS TWO HEARTS TWO,0.2922,0.0478,0.66
DIAMONDS TWO DIAMONDS KING,0.225,0.029,0.746
HEARTS THREE DIAMONDS TWO,0.6772,0.0736,0.2492
DIAMONDS TWO DIAMONDS ACE,0.2296,0.0174,0.753
HEARTS FOUR DIAMONDS TWO,0.6688,0.0742,0.257
DIAMONDS TWO HEARTS FIVE,0.6578,0.0804,0.2618
SPADES SEVEN HEARTS ACE,0.3302,0.0064,0.6634
DIAMONDS TWO DIAMONDS TEN,0.0236,0.9058,0.0706
SPADES SEVEN HEARTS KING,0.351,0.0086,0.6404
DIAMONDS TWO DIAMONDS JACK,0.22,0.0568,0.7232
SPADES SEVEN HEARTS QUEEN,0.3546,0.012,0.6334
DIAMONDS TWO SPADES NINE,0.6728,0.078,0.2492
DIAMONDS TWO SPADES EIGHT,0.6764,0.0792,0.2444
DIAMONDS TWO SPADES SEVEN,0.686,0.0712,0.2428
DIAMONDS TWO SPADES SIX,0.6762,0.0732,0.2506
DIAMONDS TWO SPADES FIVE,0.6496,0.0722,0.2782
DIAMONDS TWO SPADES FOUR,0.6474,0.0826,0.27
DIAMONDS TWO SPADES THREE,0.664,0.0738,0.2622
CLUBS NINE DIAMONDS TWO,0.6962,0.0712,0.2326
DIAMONDS TWO CLUBS EIGHT,0.696,0.066,0.238
CLUBS SEVEN DIAMONDS TWO,0.6914,0.0648,0.2438
DIAMONDS TWO CLUBS SIX,0.6764,0.0654,0.2582
DIAMONDS TWO CLUBS FIVE,0.6516,0.0728,0.2756
DIAMONDS TWO CLUBS FOUR,0.6594,0.0828,0.2578
CLUBS FOUR SPADES FIVE,0.5332,0.0282,0.4386
CLUBS FOUR SPADES FOUR,0.289,0.0688,0.6422
CLUBS FOUR SPADES THREE,0.554,0.029,0.417
SPADES NINE CLUBS FOUR,0.5828,0.0282,0.389
SPADES EIGHT CLUBS FOUR,0.5652,0.032,0.4028
SPADES SEVEN CLUBS FOUR,0.5484,0.033,0.4186
CLUBS FOUR SPADES SIX,0.5462,0.0296,0.4242
SPADES ACE DIAMONDS SIX,0.3698,0.005,0.6252
SPADES QUEEN DIAMONDS SIX,0.3574,0.0116,0.631
SPADES KING DIAMONDS SIX,0.3542,0.0062,0.6396
SPADES TEN DIAMONDS SIX,0.2198,0.3758,0.4044
SPADES JACK DIAMONDS SIX,0.3606,0.0188,0.6206
DIAMONDS JACK CLUBS JACK,0.153,0.0206,0.8264
CLUBS TEN DIAMONDS JACK,0.2146,0.0582,0.7272
DIAMONDS JACK CLUBS KING,0.3104,0.005,0.6846
DIAMONDS JACK CLUBS QUEEN,0.306,0.011,0.683
DIAMONDS THREE DIAMONDS JACK,0.3376,0.0148,0.6476
DIAMONDS THREE DIAMONDS TEN,0.2132,0.4868,0.3
DIAMONDS JACK CLUBS ACE,0.3042,0.0042,0.6916
DIAMONDS THREE DIAMONDS KING,0.3392,0.0098,0.651
HEARTS THREE DIAMONDS THREE,0.2956,0.0734,0.631
DIAMONDS THREE DIAMONDS QUEEN,0.331,0.0144,0.6546
DIAMONDS THREE HEARTS TWO,0.6518,0.0786,0.2696
HEARTS FIVE DIAMONDS THREE,0.5504,0.0338,0.4158
DIAMONDS THREE DIAMONDS ACE,0.3282,0.0052,0.6666
HEARTS FOUR DIAMONDS THREE,0.5606,0.0326,0.4068
DIAMONDS THREE HEARTS SEVEN,0.585,0.0274,0.3876
SPADES TEN SPADES NINE,0.215,0.1506,0.6344
HEARTS SIX DIAMONDS THREE,0.577,0.0286,0.3944
SPADES JACK SPADES NINE,0.3088,0.0184,0.6728
DIAMONDS THREE HEARTS NINE,0.5842,0.0286,0.3872
HEARTS JACK DIAMONDS FOUR,0.3646,0.0192,0.6162
HEARTS ACE HEARTS KING,0.3002,0.0066,0.6932
DIAMONDS THREE HEARTS EIGHT,0.5806,0.03,0.3894
HEARTS QUEEN DIAMONDS FOUR,0.3526,0.0102,0.6372
HEARTS KING DIAMONDS FOUR,0.362,0.009,0.629
SPADES ACE SPADES NINE,0.3324,0.006,0.6616
HEARTS ACE DIAMONDS FOUR,0.3498,0.0056,0.6446
SPADES KING SPADES NINE,0.3352,0.0074,0.6574
SPADES QUEEN SPADES NINE,0.3182,0.0104,0.6714
DIAMONDS THREE SPADES NINE,0.5746,0.0346,0.3908
DIAMONDS THREE SPADES EIGHT,0.5776,0.0286,0.3938
DIAMONDS THREE SPADES SEVEN,0.556,0.0296,0.4144
DIAMONDS THREE SPADES SIX,0.5486,0.0328,0.4186
DIAMONDS THREE CLUBS SIX,0.558,0.0292,0.4128
CLUBS FIVE CLUBS SIX,0.5104,0.0288,0.4608
CLUBS ACE DIAMONDS FOUR,0.3698,0.0046,0.6256
CLUBS SEVEN DIAMONDS THREE,0.5722,0.0296,0.3982
CLUBS SEVEN CLUBS FIVE,0.4992,0.0302,0.4706
DIAMONDS THREE CLUBS FOUR,0.5568,0.0278,0.4154
DIAMONDS FOUR CLUBS QUEEN,0.3572,0.0114,0.6314
DIAMONDS THREE CLUBS FIVE,0.5542,0.0314,0.4144
CLUBS KING DIAMONDS FOUR,0.3492,0.0082,0.6426
DIAMONDS THREE CLUBS TWO,0.674,0.0742,0.2518
CLUBS TEN DIAMONDS FOUR,0.215,0.5152,0.2698
DIAMONDS THREE CLUBS THREE,0.3014,0.07,0.6286
DIAMONDS FOUR CLUBS JACK,0.368,0.0126,0.6194
DIAMONDS THREE SPADES FOUR,0.5602,0.0314,0.4084
DIAMONDS THREE SPADES FIVE,0.5458,0.0254,0.4288
DIAMONDS THREE SPADES THREE,0.3112,0.0704,0.6184
CLUBS EIGHT DIAMONDS THREE,0.5902,0.0286,0.3812
CLUBS NINE DIAMONDS THREE,0.5718,0.0308,0.3974
SPADES SEVEN CLUBS ACE,0.3448,0.0056,0.6496
SPADES SEVEN CLUBS QUEEN,0.3624,0.0128,0.6248
SPADES SEVEN CLUBS KING,0.3374,0.0078,0.6548
CLUBS FIVE SPADES SEVEN,0.5468,0.026,0.4272
CLUBS TEN SPADES SEVEN,0.2156,0.2964,0.488
CLUBS FIVE SPADES SIX,0.5356,0.0294,0.435
SPADES SEVEN CLUBS JACK,0.3484,0.015,0.6366
CLUBS FIVE SPADES NINE,0.5808,0.027,0.3922
CLUBS FIVE SPADES EIGHT,0.5584,0.029,0.4126
CLUBS FIVE SPADES THREE,0.5342,0.0332,0.4326
CLUBS FIVE SPADES FIVE,0.2906,0.0612,0.6482
CLUBS FIVE SPADES FOUR,0.5566,0.0274,0.416
CLUBS NINE CLUBS FIVE,0.522,0.0274,0.4506
CLUBS EIGHT CLUBS FIVE,0.522,0.0276,0.4504
CLUBS ACE CLUBS QUEEN,0.2876,0.0038,0.7086
CLUBS KING CLUBS QUEEN,0.2868,0.0074,0.7058
DIAMONDS TEN DIAMONDS FOUR,0.2072,0.4808,0.312
CLUBS TEN DIAMONDS NINE,0.216,0.1638,0.6202
DIAMONDS JACK DIAMONDS FOUR,0.338,0.0196,0.6424
DIAMONDS NINE CLUBS JACK,0.3386,0.0158,0.6456
SPADES NINE CLUBS JACK,0.3276,0.0144,0.658
CLUBS TEN SPADES NINE,0.2148,0.1746,0.6106
DIAMONDS ACE DIAMONDS FOUR,0.3222,0.0036,0.6742
HEARTS FOUR DIAMONDS FOUR,0.2956,0.0704,0.634
SPADES NINE CLUBS KING,0.3556,0.0048,0.6396
DIAMONDS TWO SPADES TEN,0.0094,0.9744,0.0162
DIAMONDS NINE CLUBS ACE,0.361,0.0036,0.6354
HEARTS FIVE DIAMONDS FOUR,0.5554,0.0306,0.414
DIAMONDS JACK HEARTS JACK,0.1336,0.0234,0.843
SPADES NINE CLUBS QUEEN,0.329,0.0112,0.6598
DIAMONDS TWO SPADES JACK,0.224,0.0524,0.7236
DIAMONDS QUEEN DIAMONDS FOUR,0.3406,0.0136,0.6458
HEARTS TWO DIAMONDS FOUR,0.6752,0.0714,0.2534
DIAMONDS NINE CLUBS QUEEN,0.3448,0.0114,0.6438
DIAMONDS KING DIAMONDS FOUR,0.3374,0.0068,0.6558
HEARTS THREE DIAMONDS FOUR,0.5796,0.0308,0.3896
SPADES NINE CLUBS ACE,0.3486,0.0038,0.6476
DIAMONDS NINE CLUBS KING,0.3514,0.0076,0.641
HEARTS ACE DIAMONDS JACK,0.2994,0.0066,0.694
SPADES ACE DIAMONDS TWO,0.2394,0.0154,0.7452
HEARTS QUEEN DIAMONDS JACK,0.2826,0.0124,0.705
SPADES QUEEN DIAMONDS TWO,0.2364,0.0426,0.721
DIAMONDS JACK HEARTS KING,0.2986,0.0084,0.693
SPADES KING DIAMONDS TWO,0.2442,0.0312,0.7246
SPADES JACK SPADES SEVEN,0.3298,0.0146,0.6556
SPADES TEN SPADES SEVEN,0.2144,0.2876,0.498
CLUBS SEVEN CLUBS THREE,0.5316,0.0288,0.4396
CLUBS SIX CLUBS THREE,0.531,0.0248,0.4442
CLUBS FIVE CLUBS THREE,0.525,0.0274,0.4476
CLUBS THREE CLUBS FOUR,0.505,0.0268,0.4682
CLUBS NINE CLUBS THREE,0.5534,0.0272,0.4194
CLUBS EIGHT CLUBS THREE,0.5566,0.0272,0.4162
CLUBS THREE SPADES FIVE,0.569,0.0304,0.4006
CLUBS THREE SPADES FOUR,0.5616,0.032,0.4064
CLUBS THREE SPADES THREE,0.2878,0.0698,0.6424
CLUBS THREE SPADES SIX,0.5658,0.028,0.4062
CLUBS THREE SPADES SEVEN,0.5578,0.03,0.4122
SPADES EIGHT CLUBS THREE,0.5728,0.031,0.3962
SPADES NINE CLUBS THREE,0.5758,0.0308,0.3934
SPADES THREE DIAMONDS FOUR,0.5514,0.0302,0.4184
SPADES FOUR DIAMONDS FOUR,0.2974,0.0698,0.6328
SPADES FIVE DIAMONDS FOUR,0.545,0.0328,0.4222
SPADES SIX DIAMONDS FOUR,0.5418,0.0324,0.4258
SPADES SEVEN DIAMONDS FOUR,0.5528,0.0334,0.4138
SPADES EIGHT DIAMONDS FOUR,0.5578,0.0262,0.416
SPADES NINE DIAMONDS FOUR,0.5864,0.0312,0.3824
CLUBS FIVE DIAMONDS FOUR,0.539,0.0284,0.4326
CLUBS FOUR DIAMONDS FOUR,0.3004,0.0696,0.63
CLUBS SEVEN DIAMONDS FOUR,0.559,0.0304,0.4106
CLUBS SIX DIAMONDS FOUR,0.5526,0.0288,0.4186
CLUBS NINE DIAMONDS FOUR,0.5862,0.0246,0.3892
CLUBS EIGHT DIAMONDS FOUR,0.5734,0.0278,0.3988
DIAMONDS FOUR HEARTS SEVEN,0.5632,0.033,0.4038
HEARTS SIX DIAMONDS FOUR,0.5538,0.0324,0.4138
HEARTS NINE DIAMONDS FOUR,0.5818,0.0314,0.3868
DIAMONDS FOUR HEARTS EIGHT,0.5698,0.0286,0.4016
CLUBS THREE DIAMONDS FOUR,0.5476,0.0294,0.423
CLUBS TWO DIAMONDS FOUR,0.6562,0.0744,0.2694
DIAMONDS TEN DIAMONDS FIVE,0.2018,0.4378,0.3604
DIAMONDS JACK DIAMONDS FIVE,0.3378,0.0188,0.6434
DIAMONDS NINE HEARTS QUEEN,0.338,0.01,0.652
DIAMONDS NINE HEARTS KING,0.345,0.0058,0.6492
HEARTS ACE DIAMONDS NINE,0.354,0.0042,0.6418
DIAMONDS NINE HEARTS JACK,0.3304,0.0154,0.6542
CLUBS KING DIAMONDS SIX,0.3538,0.0066,0.6396
CLUBS QUEEN DIAMONDS SIX,0.3592,0.0128,0.628
CLUBS ACE DIAMONDS SIX,0.3564,0.0036,0.64
SPADES KING DIAMONDS FOUR,0.3562,0.0074,0.6364
SPADES ACE SPADES SEVEN,0.328,0.005,0.667
SPADES QUEEN DIAMONDS FOUR,0.361,0.0094,0.6296
SPADES QUEEN SPADES SEVEN,0.3396,0.0102,0.6502
CLUBS JACK DIAMONDS SIX,0.3632,0.0188,0.618
SPADES KING SPADES SEVEN,0.3394,0.0078,0.6528
SPADES ACE DIAMONDS FOUR,0.3474,0.0054,0.6472
CLUBS TEN DIAMONDS SIX,0.2256,0.3698,0.4046
CLUBS NINE CLUBS FOUR,0.5592,0.0282,0.4126
CLUBS EIGHT CLUBS FOUR,0.5404,0.0292,0.4304
SPADES JACK DIAMONDS FOUR,0.3452,0.0206,0.6342
SPADES TEN DIAMONDS FOUR,0.2128,0.5116,0.2756
CLUBS FIVE CLUBS FOUR,0.5106,0.0334,0.456
CLUBS SEVEN CLUBS FOUR,0.5116,0.0302,0.4582
CLUBS SIX CLUBS FOUR,0.5198,0.0266,0.4536
CLUBS SEVEN SPADES EIGHT,0.532,0.0232,0.4448
CLUBS SEVEN SPADES NINE,0.5368,0.03,0.4332
CLUBS SEVEN SPADES SIX,0.5364,0.0276,0.436
CLUBS SEVEN SPADES SEVEN,0.2818,0.0506,0.6676
CLUBS SEVEN SPADES FIVE,0.5424,0.0282,0.4294
CLUBS SEVEN SPADES FOUR,0.5442,0.0256,0.4302
CLUBS SEVEN SPADES THREE,0.5672,0.0312,0.4016
CLUBS NINE CLUBS SEVEN,0.51,0.022,0.468
CLUBS SEVEN CLUBS EIGHT,0.4904,0.024,0.4856
HEARTS SIX DIAMONDS FIVE,0.5298,0.0342,0.436
DIAMONDS FIVE HEARTS SEVEN,0.5458,0.028,0.4262
DIAMONDS FIVE HEARTS EIGHT,0.5758,0.0248,0.3994
HEARTS NINE DIAMONDS FIVE,0.5658,0.0304,0.4038
DIAMONDS QUEEN DIAMONDS FIVE,0.3384,0.0138,0.6478
HEARTS TWO DIAMONDS FIVE,0.6736,0.0762,0.2502
HEARTS KING HEARTS EIGHT,0.3536,0.0094,0.637
DIAMONDS KING DIAMONDS FIVE,0.3336,0.0092,0.6572
HEARTS THREE DIAMONDS FIVE,0.5562,0.0302,0.4136
HEARTS QUEEN HEARTS EIGHT,0.3332,0.0124,0.6544
DIAMONDS ACE DIAMONDS FIVE,0.3286,0.005,0.6664
HEARTS FOUR DIAMONDS FIVE,0.551,0.0296,0.4194
HEARTS FIVE DIAMONDS FIVE,0.299,0.0606,0.6404
HEARTS ACE HEARTS EIGHT,0.3354,0.0048,0.6598
CLUBS FOUR DIAMONDS FIVE,0.554,0.0314,0.4146
CLUBS FIVE DIAMONDS FIVE,0.2978,0.0674,0.6348
CLUBS SIX DIAMONDS FIVE,0.534,0.0264,0.4396
CLUBS SEVEN DIAMONDS FIVE,0.5436,0.0302,0.4262
CLUBS TWO DIAMONDS FIVE,0.6556,0.0778,0.2666
CLUBS THREE DIAMONDS FIVE,0.5512,0.0282,0.4206
SPADES THREE DIAMONDS FIVE,0.5542,0.0368,0.409
SPADES JACK DIAMONDS EIGHT,0.3428,0.0156,0.6416
SPADES FIVE DIAMONDS FIVE,0.2922,0.0558,0.652
CLUBS TEN HEARTS JACK,0.204,0.0616,0.7344
SPADES TEN DIAMONDS EIGHT,0.2132,0.2272,0.5596
SPADES FOUR DIAMONDS FIVE,0.533,0.0326,0.4344
HEARTS JACK CLUBS JACK,0.139,0.0204,0.8406
HEARTS JACK CLUBS QUEEN,0.2928,0.0104,0.6968
CLUBS NINE DIAMONDS FIVE,0.5736,0.0286,0.3978
CLUBS KING HEARTS JACK,0.3002,0.0084,0.6914
CLUBS EIGHT DIAMONDS FIVE,0.542,0.0256,0.4324
CLUBS ACE HEARTS JACK,0.3174,0.006,0.6766
SPADES SEVEN DIAMONDS FIVE,0.5476,0.0244,0.428
SPADES KING DIAMONDS EIGHT,0.3644,0.0076,0.628
SPADES QUEEN DIAMONDS EIGHT,0.3426,0.0104,0.647
SPADES SIX DIAMONDS FIVE,0.5348,0.0282,0.437
SPADES NINE DIAMONDS FIVE,0.5508,0.0306,0.4186
SPADES EIGHT DIAMONDS FIVE,0.5502,0.0266,0.4232
SPADES ACE DIAMONDS EIGHT,0.364,0.0048,0.6312
DIAMONDS TEN DIAMONDS SIX,0.2064,0.3508,0.4428
HEARTS ACE DIAMONDS SEVEN,0.3428,0.0048,0.6524
DIAMONDS JACK DIAMONDS SIX,0.332,0.0138,0.6542
HEARTS QUEEN DIAMONDS SEVEN,0.3478,0.0126,0.6396
HEARTS KING DIAMONDS SEVEN,0.343,0.0096,0.6474
DIAMONDS ACE DIAMONDS SIX,0.3328,0.005,0.6622
HEARTS FOUR DIAMONDS SIX,0.5562,0.0282,0.4156
HEARTS FIVE DIAMONDS SIX,0.5548,0.029,0.4162
DIAMONDS QUEEN DIAMONDS SIX,0.3378,0.0106,0.6516
HEARTS TWO DIAMONDS SIX,0.6852,0.0678,0.247
DIAMONDS KING DIAMONDS SIX,0.3422,0.0066,0.6512
HEARTS THREE DIAMONDS SIX,0.5578,0.0342,0.408
HEARTS EIGHT DIAMONDS SIX,0.5396,0.0302,0.4302
HEARTS NINE DIAMONDS SIX,0.5534,0.0286,0.418
HEARTS SIX DIAMONDS SIX,0.2872,0.0656,0.6472
HEARTS SEVEN DIAMONDS SIX,0.5414,0.03,0.4286
CLUBS TWO DIAMONDS SIX,0.6958,0.0622,0.242
HEARTS JACK DIAMONDS SEVEN,0.3408,0.014,0.6452
CLUBS THREE DIAMONDS SIX,0.5706,0.033,0.3964
CLUBS SEVEN DIAMONDS SIX,0.5372,0.0234,0.4394
DIAMONDS EIGHT CLUBS JACK,0.332,0.0192,0.6488
CLUBS SIX DIAMONDS SIX,0.2894,0.067,0.6436
CLUBS TEN DIAMONDS EIGHT,0.2154,0.2198,0.5648
CLUBS FIVE DIAMONDS SIX,0.5388,0.027,0.4342
CLUBS FOUR DIAMONDS SIX,0.5552,0.0326,0.4122
HEARTS ACE HEARTS JACK,0.286,0.006,0.708
DIAMONDS EIGHT CLUBS ACE,0.3552,0.0044,0.6404
HEARTS QUEEN HEARTS JACK,0.2788,0.0104,0.7108
DIAMONDS EIGHT CLUBS KING,0.356,0.0084,0.6356
CLUBS NINE DIAMONDS SIX,0.5468,0.0274,0.4258
HEARTS KING HEARTS JACK,0.2828,0.0058,0.7114
DIAMONDS EIGHT CLUBS QUEEN,0.341,0.0128,0.6462
CLUBS EIGHT DIAMONDS SIX,0.5382,0.0282,0.4336
SPADES TEN HEARTS KING,0.1992,0.0394,0.7614
SPADES FIVE DIAMONDS SIX,0.534,0.0274,0.4386
SPADES JACK HEARTS KING,0.2988,0.0076,0.6936
SPADES FOUR DIAMONDS SIX,0.5576,0.0302,0.4122
SPADES THREE DIAMONDS SIX,0.5618,0.0282,0.41
SPADES ACE SPADES KING,0.2986,0.0058,0.6956
SPADES NINE DIAMONDS SIX,0.559,0.0262,0.4148
HEARTS JACK HEARTS EIGHT,0.3274,0.0174,0.6552
SPADES EIGHT DIAMONDS SIX,0.5478,0.0278,0.4244
SPADES SEVEN DIAMONDS SIX,0.5248,0.0266,0.4486
SPADES SIX DIAMONDS SIX,0.3034,0.0632,0.6334
SPADES KING HEARTS KING,0.1172,0.0128,0.87
SPADES QUEEN HEARTS KING,0.3006,0.011,0.6884
CLUBS ACE CLUBS KING,0.3056,0.0064,0.688
SPADES ACE HEARTS KING,0.3114,0.007,0.6816
SPADES ACE HEARTS JACK,0.3038,0.0056,0.6906
SPADES QUEEN HEARTS JACK,0.2904,0.0122,0.6974
SPADES KING HEARTS JACK,0.3056,0.008,0.6864
SPADES TEN DIAMONDS TEN,0.0756,0.0528,0.8716
SPADES JACK DIAMONDS TEN,0.2156,0.055,0.7294
SPADES ACE DIAMONDS TEN,0.2236,0.026,0.7504
SPADES JACK HEARTS JACK,0.122,0.0234,0.8546
SPADES TEN HEARTS JACK,0.2058,0.0566,0.7376
SPADES QUEEN DIAMONDS TEN,0.2202,0.0468,0.733
SPADES KING DIAMONDS TEN,0.2138,0.031,0.7552
SPADES NINE DIAMONDS SEVEN,0.5416,0.0264,0.432
SPADES EIGHT DIAMONDS SEVEN,0.5266,0.028,0.4454
SPADES SEVEN DIAMONDS SEVEN,0.2832,0.0544,0.6624
SPADES SIX DIAMONDS SEVEN,0.5316,0.0312,0.4372
DIAMONDS KING DIAMONDS SEVEN,0.3204,0.0072,0.6724
HEARTS THREE DIAMONDS SEVEN,0.5618,0.0278,0.4104
HEARTS KING DIAMONDS FIVE,0.3524,0.0082,0.6394
DIAMONDS QUEEN DIAMONDS SEVEN,0.3292,0.0118,0.659
HEARTS TWO DIAMONDS SEVEN,0.689,0.0676,0.2434
HEARTS QUEEN DIAMONDS FIVE,0.3454,0.0144,0.6402
HEARTS FIVE DIAMONDS SEVEN,0.5456,0.029,0.4254
DIAMONDS ACE DIAMONDS SEVEN,0.331,0.0048,0.6642
HEARTS FOUR DIAMONDS SEVEN,0.5716,0.0276,0.4008
HEARTS ACE DIAMONDS FIVE,0.3498,0.0054,0.6448
HEARTS SEVEN DIAMONDS SEVEN,0.2766,0.0524,0.671
HEARTS SIX DIAMONDS SEVEN,0.5388,0.028,0.4332
HEARTS NINE DIAMONDS SEVEN,0.5474,0.0248,0.4278
DIAMONDS SEVEN HEARTS EIGHT,0.5402,0.0302,0.4296
DIAMONDS JACK DIAMONDS SEVEN,0.3242,0.0152,0.6606
DIAMONDS FIVE HEARTS JACK,0.3608,0.0188,0.6204
DIAMONDS TEN DIAMONDS SEVEN,0.2014,0.2762,0.5224
SPADES KING CLUBS TWO,0.2308,0.0264,0.7428
HEARTS KING CLUBS KING,0.1236,0.0136,0.8628
CLUBS EIGHT DIAMONDS SEVEN,0.5414,0.0272,0.4314
SPADES QUEEN CLUBS TWO,0.2322,0.0422,0.7256
HEARTS KING CLUBS QUEEN,0.2972,0.0096,0.6932
CLUBS NINE DIAMONDS SEVEN,0.5302,0.0314,0.4384
SPADES ACE CLUBS TWO,0.2406,0.0142,0.7452
HEARTS KING CLUBS ACE,0.3248,0.007,0.6682
CLUBS SEVEN CLUBS SIX,0.4848,0.0256,0.4896
CLUBS EIGHT CLUBS SIX,0.5124,0.022,0.4656
SPADES THREE DIAMONDS SEVEN,0.5646,0.0282,0.4072
CLUBS NINE CLUBS SIX,0.5244,0.0254,0.4502
SPADES FOUR DIAMONDS SEVEN,0.5524,0.0326,0.415
HEARTS KING CLUBS JACK,0.2974,0.0084,0.6942
SPADES FIVE DIAMONDS SEVEN,0.5272,0.0306,0.4422
CLUBS TEN HEARTS KING,0.2126,0.0344,0.753
CLUBS SIX SPADES THREE,0.5598,0.0322,0.408
CLUBS TWO DIAMONDS SEVEN,0.684,0.0618,0.2542
CLUBS SIX SPADES FOUR,0.5418,0.0342,0.424
CLUBS THREE DIAMONDS SEVEN,0.5726,0.0252,0.4022
CLUBS SIX SPADES FIVE,0.5364,0.032,0.4316
CLUBS FOUR DIAMONDS SEVEN,0.5492,0.0276,0.4232
CLUBS SIX SPADES SIX,0.2886,0.0594,0.652
CLUBS FIVE DIAMONDS SEVEN,0.5426,0.03,0.4274
CLUBS SIX SPADES SEVEN,0.523,0.0264,0.4506
CLUBS SIX DIAMONDS SEVEN,0.5456,0.025,0.4294
CLUBS SIX SPADES EIGHT,0.531,0.031,0.438
SPADES JACK CLUBS TWO,0.237,0.0542,0.7088
CLUBS SEVEN DIAMONDS SEVEN,0.2746,0.0564,0.669
SPADES NINE CLUBS SIX,0.5448,0.0316,0.4236
SPADES TEN CLUBS TWO,0.0098,0.972,0.0182
CLUBS TWO CLUBS QUEEN,0.222,0.0422,0.7358
CLUBS TWO CLUBS KING,0.224,0.0268,0.7492
CLUBS THREE DIAMONDS EIGHT,0.5868,0.0316,0.3816
CLUBS TWO CLUBS ACE,0.2202,0.0168,0.763
CLUBS TWO DIAMONDS EIGHT,0.6858,0.0716,0.2426
DIAMONDS EIGHT HEARTS SEVEN,0.5318,0.024,0.4442
HEARTS SIX DIAMONDS EIGHT,0.5572,0.0272,0.4156
DIAMONDS EIGHT HEARTS NINE,0.5294,0.0276,0.443
CLUBS TEN CLUBS TWO,0.0192,0.9058,0.075
DIAMONDS EIGHT HEARTS EIGHT,0.2748,0.051,0.6742
CLUBS TWO CLUBS JACK,0.207,0.0514,0.7416
CLUBS NINE DIAMONDS EIGHT,0.5282,0.0244,0.4474
CLUBS EIGHT DIAMONDS EIGHT,0.2674,0.0444,0.6882
CLUBS FIVE DIAMONDS EIGHT,0.5556,0.0294,0.415
SPADES ACE SPADES THREE,0.3406,0.0068,0.6526
CLUBS FOUR DIAMONDS EIGHT,0.5684,0.0352,0.3964
CLUBS SEVEN DIAMONDS EIGHT,0.5228,0.0264,0.4508
SPADES QUEEN SPADES THREE,0.3454,0.0158,0.6388
CLUBS SIX DIAMONDS EIGHT,0.5498,0.0302,0.42
SPADES KING SPADES THREE,0.3394,0.0094,0.6512
DIAMONDS QUEEN DIAMONDS EIGHT,0.334,0.0114,0.6546
HEARTS TWO DIAMONDS EIGHT,0.6896,0.0762,0.2342
DIAMONDS KING DIAMONDS EIGHT,0.3328,0.0068,0.6604
HEARTS THREE DIAMONDS EIGHT,0.5918,0.0296,0.3786
DIAMONDS ACE DIAMONDS EIGHT,0.3432,0.0046,0.6522
HEARTS FOUR DIAMONDS EIGHT,0.5682,0.0294,0.4024
HEARTS FIVE DIAMONDS EIGHT,0.5596,0.0276,0.4128
DIAMONDS EIGHT DIAMONDS TEN,0.2074,0.2098,0.5828
DIAMONDS EIGHT DIAMONDS JACK,0.3134,0.0146,0.672
SPADES JACK SPADES THREE,0.3506,0.016,0.6334
SPADES TEN SPADES THREE,0.2198,0.4936,0.2866
CLUBS FOUR HEARTS ACE,0.3452,0.0062,0.6486
CLUBS FOUR HEARTS QUEEN,0.3464,0.0126,0.641
CLUBS FOUR HEARTS KING,0.3478,0.009,0.6432
CLUBS SIX HEARTS JACK,0.3668,0.0184,0.6148
DIAMONDS EIGHT SPADES FOUR,0.5812,0.0256,0.3932
SPADES FIVE DIAMONDS EIGHT,0.5568,0.0246,0.4186
DIAMONDS EIGHT SPADES THREE,0.5794,0.0274,0.3932
CLUBS FOUR HEARTS JACK,0.3598,0.0194,0.6208
SPADES EIGHT DIAMONDS EIGHT,0.269,0.0444,0.6866
SPADES TEN DIAMONDS QUEEN,0.214,0.0456,0.7404
SPADES TEN HEARTS TWO,0.0076,0.9836,0.0088
SPADES JACK HEARTS EIGHT,0.3374,0.017,0.6456
SPADES NINE DIAMONDS EIGHT,0.5194,0.027,0.4536
SPADES TEN HEARTS EIGHT,0.2098,0.2278,0.5624
SPADES JACK HEARTS TWO,0.2256,0.0536,0.7208
SPADES JACK DIAMONDS QUEEN,0.2872,0.009,0.7038
SPADES SIX DIAMONDS EIGHT,0.5416,0.0266,0.4318
SPADES SEVEN DIAMONDS EIGHT,0.5222,0.0258,0.452
SPADES ACE HEARTS TWO,0.2366,0.0212,0.7422
SPADES ACE DIAMONDS QUEEN,0.3144,0.005,0.6806
SPADES ACE HEARTS EIGHT,0.3426,0.004,0.6534
SPADES KING HEARTS EIGHT,0.3576,0.0078,0.6346
SPADES QUEEN HEARTS TWO,0.2282,0.0444,0.7274
SPADES QUEEN DIAMONDS QUEEN,0.1272,0.0182,0.8546
SPADES KING DIAMONDS QUEEN,0.3106,0.006,0.6834
SPADES KING HEARTS TWO,0.2346,0.0312,0.7342
SPADES QUEEN HEARTS EIGHT,0.3428,0.013,0.6442
CLUBS TWO HEARTS JACK,0.2292,0.0588,0.712
SPADES SEVEN DIAMONDS NINE,0.5264,0.026,0.4476
SPADES SIX DIAMONDS NINE,0.5518,0.0254,0.4228
SPADES NINE DIAMONDS NINE,0.257,0.0424,0.7006
SPADES EIGHT DIAMONDS NINE,0.525,0.025,0.45
SPADES TEN CLUBS KING,0.2162,0.0374,0.7464
DIAMONDS NINE SPADES THREE,0.5712,0.031,0.3978
SPADES JACK CLUBS KING,0.3128,0.0058,0.6814
DIAMONDS NINE SPADES FIVE,0.5688,0.0298,0.4014
DIAMONDS NINE SPADES FOUR,0.5774,0.0304,0.3922
CLUBS NINE DIAMONDS NINE,0.2782,0.043,0.6788
CLUBS EIGHT DIAMONDS NINE,0.5292,0.0242,0.4466
CLUBS SIX DIAMONDS NINE,0.5622,0.0264,0.4114
SPADES JACK CLUBS FOUR,0.361,0.021,0.618
CLUBS SEVEN DIAMONDS NINE,0.537,0.0262,0.4368
SPADES TEN CLUBS FOUR,0.2136,0.526,0.2604
CLUBS FOUR DIAMONDS NINE,0.5664,0.0272,0.4064
CLUBS FIVE DIAMONDS NINE,0.5786,0.0274,0.394
DIAMONDS NINE CLUBS TWO,0.6756,0.0822,0.2422
CLUBS THREE DIAMONDS NINE,0.5854,0.03,0.3846
DIAMONDS NINE HEARTS EIGHT,0.5282,0.0226,0.4492
DIAMONDS NINE HEARTS NINE,0.2768,0.0418,0.6814
HEARTS SIX DIAMONDS NINE,0.5586,0.0292,0.4122
DIAMONDS NINE HEARTS SEVEN,0.5402,0.0266,0.4332
CLUBS NINE CLUBS EIGHT,0.509,0.0256,0.4654
DIAMONDS ACE DIAMONDS NINE,0.3352,0.0052,0.6596
HEARTS FOUR DIAMONDS NINE,0.5842,0.0316,0.3842
HEARTS FIVE DIAMONDS NINE,0.5706,0.024,0.4054
HEARTS ACE CLUBS TWO,0.2312,0.0134,0.7554
SPADES ACE CLUBS FOUR,0.3544,0.0034,0.6422
DIAMONDS QUEEN DIAMONDS NINE,0.3232,0.0154,0.6614
HEARTS TWO DIAMONDS NINE,0.694,0.077,0.229
CLUBS TWO HEARTS KING,0.239,0.0304,0.7306
SPADES KING CLUBS FOUR,0.3656,0.0092,0.6252
DIAMONDS KING DIAMONDS NINE,0.3224,0.0074,0.6702
HEARTS THREE DIAMONDS NINE,0.5968,0.0248,0.3784
CLUBS TWO HEARTS QUEEN,0.2362,0.0416,0.7222
SPADES QUEEN CLUBS FOUR,0.3398,0.0138,0.6464
DIAMONDS NINE DIAMONDS JACK,0.3194,0.0152,0.6654
CLUBS EIGHT SPADES NINE,0.5294,0.0258,0.4448
DIAMONDS NINE DIAMONDS TEN,0.2076,0.1574,0.635
CLUBS EIGHT SPADES EIGHT,0.2674,0.0426,0.69
CLUBS EIGHT SPADES SEVEN,0.5274,0.0256,0.447
CLUBS EIGHT SPADES SIX,0.5384,0.0258,0.4358
CLUBS EIGHT SPADES FIVE,0.5618,0.0252,0.413
CLUBS EIGHT SPADES FOUR,0.5718,0.0292,0.399
CLUBS EIGHT SPADES THREE,0.5644,0.032,0.4036
HEARTS SIX DIAMONDS TEN,0.2328,0.369,0.3982
DIAMONDS TEN HEARTS SEVEN,0.222,0.2962,0.4818
DIAMONDS TEN HEARTS EIGHT,0.2216,0.2342,0.5442
CLUBS FOUR CLUBS JACK,0.3392,0.0164,0.6444
DIAMONDS TEN HEARTS NINE,0.224,0.1712,0.6048
CLUBS TEN CLUBS FOUR,0.2074,0.4804,0.3122
CLUBS FOUR CLUBS KING,0.3428,0.0106,0.6466
CLUBS FOUR CLUBS QUEEN,0.3416,0.0132,0.6452
CLUBS TWO DIAMONDS TEN,0.0206,0.961,0.0184
CLUBS THREE DIAMONDS TEN,0.2262,0.5142,0.2596
CLUBS FOUR CLUBS ACE,0.3212,0.0052,0.6736
DIAMONDS JACK DIAMONDS TEN,0.2112,0.0488,0.74
DIAMONDS QUEEN DIAMONDS TEN,0.207,0.0458,0.7472
HEARTS TWO DIAMONDS TEN,0.0168,0.9746,0.0086
DIAMONDS KING DIAMONDS TEN,0.209,0.0354,0.7556
HEARTS THREE DIAMONDS TEN,0.2258,0.528,0.2462
DIAMONDS ACE DIAMONDS TEN,0.1998,0.023,0.7772
HEARTS FOUR DIAMONDS TEN,0.2242,0.5222,0.2536
CLUBS EIGHT HEARTS JACK,0.3288,0.0182,0.653
HEARTS FIVE DIAMONDS TEN,0.2192,0.4646,0.3162
CLUBS EIGHT HEARTS QUEEN,0.3506,0.015,0.6344
CLUBS EIGHT HEARTS KING,0.345,0.0086,0.6464
CLUBS EIGHT HEARTS ACE,0.3446,0.0036,0.6518
CLUBS NINE SPADES THREE,0.581,0.0286,0.3904
CLUBS NINE SPADES FIVE,0.5648,0.031,0.4042
CLUBS NINE SPADES FOUR,0.5808,0.0298,0.3894
CLUBS NINE SPADES SEVEN,0.5384,0.0278,0.4338
CLUBS NINE SPADES SIX,0.5536,0.0288,0.4176
CLUBS NINE SPADES NINE,0.267,0.0404,0.6926
CLUBS TEN HEARTS EIGHT,0.2266,0.2252,0.5482
CLUBS NINE SPADES EIGHT,0.52,0.0318,0.4482
CLUBS JACK HEARTS EIGHT,0.3368,0.0184,0.6448
CLUBS QUEEN HEARTS EIGHT,0.3538,0.011,0.6352
CLUBS KING HEARTS EIGHT,0.3636,0.0082,0.6282
CLUBS ACE HEARTS EIGHT,0.355,0.003,0.642
SPADES KING CLUBS KING,0.1278,0.0106,0.8616
SPADES QUEEN CLUBS KING,0.3086,0.0064,0.685
SPADES ACE CLUBS KING,0.3234,0.0042,0.6724
DIAMONDS ACE HEARTS JACK,0.3048,0.0046,0.6906
HEARTS FOUR HEARTS JACK,0.3482,0.0186,0.6332
SPADES KING CLUBS FIVE,0.343,0.0072,0.6498
SPADES QUEEN CLUBS FIVE,0.3558,0.01,0.6342
SPADES ACE CLUBS FIVE,0.359,0.005,0.636
DIAMONDS JACK HEARTS SEVEN,0.3578,0.0188,0.6234
HEARTS SIX DIAMONDS JACK,0.3654,0.017,0.6176
DIAMONDS JACK HEARTS NINE,0.336,0.016,0.648
DIAMONDS JACK HEARTS EIGHT,0.35,0.0172,0.6328
DIAMONDS KING DIAMONDS JACK,0.2886,0.0076,0.7038
HEARTS THREE DIAMONDS JACK,0.361,0.0166,0.6224
SPADES ACE SPADES SIX,0.3368,0.0046,0.6586
HEARTS ACE SPADES FOUR,0.359,0.006,0.635
DIAMONDS QUEEN DIAMONDS JACK,0.284,0.0094,0.7066
HEARTS TWO DIAMONDS JACK,0.2422,0.0558,0.702
HEARTS FIVE DIAMONDS JACK,0.3618,0.0196,0.6186
SPADES QUEEN SPADES SIX,0.3394,0.008,0.6526
SPADES FOUR HEARTS QUEEN,0.3394,0.0114,0.6492
DIAMONDS ACE DIAMONDS JACK,0.2854,0.0064,0.7082
HEARTS FOUR DIAMONDS JACK,0.3682,0.018,0.6138
SPADES KING SPADES SIX,0.3452,0.0054,0.6494
SPADES FOUR HEARTS KING,0.3532,0.01,0.6368
SPADES TEN SPADES SIX,0.2024,0.367,0.4306
SPADES JACK SPADES SIX,0.3392,0.0178,0.643
SPADES FOUR DIAMONDS JACK,0.3418,0.0184,0.6398
SPADES FIVE DIAMONDS JACK,0.3482,0.0204,0.6314
DIAMONDS JACK SPADES THREE,0.361,0.0168,0.6222
SPADES ACE DIAMONDS THREE,0.3368,0.0062,0.657
SPADES QUEEN DIAMONDS THREE,0.3606,0.0136,0.6258
CLUBS EIGHT DIAMONDS JACK,0.3386,0.0138,0.6476
SPADES KING DIAMONDS THREE,0.3554,0.0078,0.6368
CLUBS NINE DIAMONDS JACK,0.3194,0.0204,0.6602
CLUBS SIX DIAMONDS JACK,0.3628,0.0144,0.6228
CLUBS SEVEN DIAMONDS JACK,0.348,0.0182,0.6338
CLUBS FOUR DIAMONDS JACK,0.365,0.0168,0.6182
CLUBS FIVE DIAMONDS JACK,0.3516,0.0164,0.632
CLUBS TWO DIAMONDS JACK,0.2356,0.0598,0.7046
CLUBS THREE DIAMONDS JACK,0.3624,0.0172,0.6204
SPADES TEN CLUBS FIVE,0.2194,0.4658,0.3148
HEARTS SIX SPADES JACK,0.3664,0.0152,0.6184
HEARTS SIX SPADES TEN,0.2092,0.3974,0.3934
SPADES JACK CLUBS FIVE,0.353,0.0186,0.6284
SPADES JACK DIAMONDS THREE,0.3534,0.019,0.6276
CLUBS SEVEN CLUBS ACE,0.3298,0.0038,0.6664
DIAMONDS THREE SPADES TEN,0.2178,0.523,0.2592
CLUBS SEVEN CLUBS QUEEN,0.3324,0.0092,0.6584
CLUBS SEVEN CLUBS KING,0.3342,0.0082,0.6576
SPADES NINE DIAMONDS JACK,0.3376,0.0158,0.6466
CLUBS TEN CLUBS SEVEN,0.195,0.2854,0.5196
DIAMONDS ACE HEARTS ACE,0.1304,0.0046,0.865
HEARTS FOUR HEARTS ACE,0.3298,0.006,0.6642
SPADES EIGHT DIAMONDS JACK,0.3294,0.0172,0.6534
SPADES ACE HEARTS SIX,0.3616,0.006,0.6324
CLUBS SEVEN CLUBS JACK,0.3266,0.0164,0.657
DIAMONDS ACE HEARTS KING,0.3166,0.0062,0.6772
HEARTS FOUR HEARTS KING,0.3512,0.0082,0.6406
SPADES SEVEN DIAMONDS JACK,0.3526,0.0166,0.6308
SPADES KING HEARTS SIX,0.3586,0.0074,0.634
DIAMONDS ACE HEARTS QUEEN,0.31,0.0042,0.6858
HEARTS FOUR HEARTS QUEEN,0.3396,0.0148,0.6456
SPADES QUEEN HEARTS SIX,0.35,0.0122,0.6378
SPADES SIX DIAMONDS JACK,0.3664,0.0152,0.6184
SPADES THREE DIAMONDS TEN,0.206,0.5328,0.2612
SPADES FOUR DIAMONDS TEN,0.2194,0.5182,0.2624
SPADES FIVE DIAMONDS TEN,0.2066,0.4666,0.3268
SPADES SIX DIAMONDS TEN,0.2244,0.3764,0.3992
SPADES SEVEN DIAMONDS TEN,0.2104,0.298,0.4916
SPADES EIGHT DIAMONDS TEN,0.2204,0.2188,0.5608
SPADES NINE DIAMONDS TEN,0.219,0.1716,0.6094
CLUBS FOUR DIAMONDS TEN,0.2292,0.5116,0.2592
CLUBS FIVE DIAMONDS TEN,0.215,0.4706,0.3144
CLUBS SIX DIAMONDS TEN,0.2254,0.383,0.3916
CLUBS SEVEN DIAMONDS TEN,0.214,0.2888,0.4972
CLUBS EIGHT DIAMONDS TEN,0.2304,0.2116,0.558
CLUBS NINE DIAMONDS TEN,0.2132,0.17,0.6168
DIAMONDS THREE CLUBS JACK,0.3634,0.0184,0.6182
CLUBS TEN DIAMONDS THREE,0.2146,0.513,0.2724
DIAMONDS THREE CLUBS KING,0.3572,0.0084,0.6344
DIAMONDS THREE CLUBS QUEEN,0.3552,0.0114,0.6334
DIAMONDS THREE CLUBS ACE,0.3496,0.004,0.6464
SPADES FOUR HEARTS JACK,0.3548,0.02,0.6252
DIAMONDS QUEEN CLUBS THREE,0.3486,0.0128,0.6386
CLUBS THREE HEARTS TWO,0.6694,0.0726,0.258
DIAMONDS QUEEN CLUBS TWO,0.238,0.04,0.722
HEARTS TWO CLUBS TWO,0.2994,0.0454,0.6552
DIAMONDS QUEEN HEARTS SEVEN,0.3592,0.0122,0.6286
HEARTS TWO HEARTS SEVEN,0.6562,0.0708,0.273
HEARTS SIX DIAMONDS QUEEN,0.366,0.01,0.624
HEARTS SIX HEARTS TWO,0.6492,0.0674,0.2834
DIAMONDS QUEEN HEARTS NINE,0.3454,0.0082,0.6464
HEARTS TWO HEARTS NINE,0.6684,0.0706,0.261
DIAMONDS QUEEN HEARTS EIGHT,0.3554,0.0122,0.6324
HEARTS TWO HEARTS EIGHT,0.6658,0.0788,0.2554
CLUBS NINE HEARTS TWO,0.6822,0.0734,0.2444
CLUBS NINE DIAMONDS QUEEN,0.3426,0.009,0.6484
CLUBS EIGHT HEARTS TWO,0.6832,0.079,0.2378
CLUBS EIGHT DIAMONDS QUEEN,0.3484,0.0084,0.6432
CLUBS FIVE DIAMONDS QUEEN,0.3538,0.0102,0.636
CLUBS FIVE HEARTS TWO,0.6608,0.0706,0.2686
SPADES EIGHT HEARTS ACE,0.3554,0.0054,0.6392
DIAMONDS QUEEN CLUBS FOUR,0.3494,0.0114,0.6392
HEARTS TWO CLUBS FOUR,0.6708,0.0814,0.2478
CLUBS SEVEN DIAMONDS QUEEN,0.356,0.0108,0.6332
CLUBS SEVEN HEARTS TWO,0.6868,0.0786,0.2346
SPADES EIGHT HEARTS QUEEN,0.3386,0.0124,0.649
CLUBS SIX DIAMONDS QUEEN,0.3672,0.011,0.6218
CLUBS SIX HEARTS TWO,0.678,0.0696,0.2524
SPADES EIGHT HEARTS KING,0.3612,0.0118,0.627
HEARTS TWO SPADES SIX,0.6692,0.0744,0.2564
DIAMONDS QUEEN SPADES SIX,0.355,0.0112,0.6338
HEARTS FOUR CLUBS QUEEN,0.3588,0.0124,0.6288
DIAMONDS ACE CLUBS QUEEN,0.3218,0.0036,0.6746
DIAMONDS QUEEN SPADES SEVEN,0.3492,0.0112,0.6396
HEARTS TWO SPADES SEVEN,0.6956,0.0754,0.229
HEARTS FOUR CLUBS KING,0.3624,0.0078,0.6298
DIAMONDS ACE CLUBS KING,0.3234,0.0058,0.6708
DIAMONDS QUEEN SPADES EIGHT,0.3396,0.0132,0.6472
SPADES EIGHT HEARTS TWO,0.699,0.076,0.225
HEARTS FOUR CLUBS ACE,0.3518,0.006,0.6422
DIAMONDS ACE CLUBS ACE,0.1294,0.0038,0.8668
SPADES NINE DIAMONDS QUEEN,0.3316,0.0112,0.6572
SPADES NINE HEARTS TWO,0.6908,0.078,0.2312
HEARTS TWO SPADES THREE,0.6728,0.08,0.2472
DIAMONDS QUEEN SPADES THREE,0.3624,0.0148,0.6228
HEARTS TWO SPADES FOUR,0.6718,0.0748,0.2534
DIAMONDS QUEEN SPADES FOUR,0.3554,0.016,0.6286
HEARTS FOUR CLUBS TEN,0.2186,0.5208,0.2606
CLUBS TEN DIAMONDS ACE,0.2188,0.025,0.7562
HEARTS TWO SPADES FIVE,0.654,0.086,0.26
DIAMONDS QUEEN SPADES FIVE,0.3526,0.0126,0.6348
HEARTS FOUR CLUBS JACK,0.3684,0.0204,0.6112
DIAMONDS ACE CLUBS JACK,0.3058,0.0054,0.6888
CLUBS FIVE CLUBS KING,0.3378,0.008,0.6542
CLUBS FIVE CLUBS QUEEN,0.3392,0.012,0.6488
CLUBS FIVE CLUBS ACE,0.3284,0.005,0.6666
CLUBS FIVE CLUBS JACK,0.3268,0.0184,0.6548
CLUBS TEN CLUBS FIVE,0.2048,0.438,0.3572
SPADES KING CLUBS JACK,0.303,0.0098,0.6872
SPADES QUEEN CLUBS JACK,0.2994,0.0098,0.6908
SPADES ACE CLUBS JACK,0.3176,0.0038,0.6786
SPADES SIX CLUBS KING,0.3502,0.007,0.6428
SPADES SIX CLUBS QUEEN,0.3538,0.0114,0.6348
SPADES EIGHT HEARTS JACK,0.3306,0.0166,0.6528
SPADES SIX CLUBS ACE,0.3698,0.0042,0.626
SPADES SIX CLUBS JACK,0.3534,0.0162,0.6304
CLUBS TEN SPADES SIX,0.2184,0.373,0.4086
SPADES TEN CLUBS JACK,0.2146,0.0606,0.7248
SPADES JACK CLUBS JACK,0.142,0.0208,0.8372
SPADES QUEEN CLUBS SEVEN,0.3576,0.0124,0.63
SPADES KING CLUBS SEVEN,0.352,0.0084,0.6396
SPADES ACE CLUBS SEVEN,0.359,0.006,0.635
SPADES SIX HEARTS JACK,0.3528,0.0166,0.6306
SPADES SIX HEARTS ACE,0.361,0.0062,0.6328
SPADES SIX HEARTS KING,0.3514,0.0104,0.6382
SPADES SIX HEARTS QUEEN,0.3518,0.0108,0.6374
CLUBS SEVEN SPADES JACK,0.3512,0.0144,0.6344
CLUBS SEVEN SPADES TEN,0.2088,0.2906,0.5006
CLUBS TEN HEARTS SIX,0.2264,0.3688,0.4048
HEARTS SIX CLUBS JACK,0.3734,0.0158,0.6108
CLUBS ACE CLUBS JACK,0.2948,0.0062,0.699
HEARTS SIX CLUBS QUEEN,0.339,0.0112,0.6498
HEARTS SIX CLUBS KING,0.3604,0.0082,0.6314
HEARTS SIX CLUBS ACE,0.3746,0.0062,0.6192
CLUBS QUEEN CLUBS JACK,0.2808,0.0104,0.7088
CLUBS KING CLUBS JACK,0.279,0.0072,0.7138
DIAMONDS THREE HEARTS ACE,0.3576,0.0062,0.6362
DIAMONDS THREE HEARTS QUEEN,0.3576,0.0134,0.629
DIAMONDS THREE HEARTS KING,0.3608,0.0122,0.627
CLUBS FIVE HEARTS JACK,0.3572,0.0152,0.6276
SPADES TEN DIAMONDS ACE,0.2178,0.0264,0.7558
HEARTS FOUR SPADES TEN,0.2058,0.5328,0.2614
HEARTS FOUR SPADES JACK,0.3532,0.024,0.6228
SPADES JACK DIAMONDS ACE,0.2994,0.0038,0.6968
SPADES ACE HEARTS FOUR,0.3606,0.005,0.6344
SPADES ACE DIAMONDS ACE,0.1192,0.004,0.8768
CLUBS FIVE HEARTS ACE,0.3434,0.0046,0.652
CLUBS FIVE HEARTS KING,0.3494,0.0076,0.643
HEARTS FOUR SPADES QUEEN,0.3416,0.0138,0.6446
SPADES QUEEN DIAMONDS ACE,0.3138,0.0038,0.6824
SPADES FOUR CLUBS JACK,0.3488,0.019,0.6322
CLUBS FIVE HEARTS QUEEN,0.3558,0.0112,0.633
SPADES KING DIAMONDS ACE,0.318,0.0064,0.6756
HEARTS FOUR SPADES KING,0.3642,0.0086,0.6272
CLUBS TEN SPADES FOUR,0.2104,0.524,0.2656
DIAMONDS QUEEN DIAMONDS ACE,0.294,0.0062,0.6998
HEARTS TWO DIAMONDS ACE,0.239,0.015,0.746
HEARTS FOUR DIAMONDS QUEEN,0.3652,0.01,0.6248
HEARTS FOUR HEARTS TWO,0.6312,0.0716,0.2972
SPADES FOUR CLUBS KING,0.3416,0.0094,0.649
HEARTS FIVE DIAMONDS QUEEN,0.362,0.0096,0.6284
HEARTS FIVE HEARTS TWO,0.6314,0.0738,0.2948
DIAMONDS THREE HEARTS JACK,0.3484,0.0206,0.631
SPADES FOUR CLUBS QUEEN,0.357,0.01,0.633
DIAMONDS QUEEN HEARTS TWO,0.2446,0.044,0.7114
DIAMONDS KING DIAMONDS QUEEN,0.2948,0.0082,0.697
DIAMONDS KING HEARTS TWO,0.2526,0.0302,0.7172
HEARTS THREE DIAMONDS QUEEN,0.3746,0.0124,0.613
HEARTS THREE HEARTS TWO,0.6354,0.0718,0.2928
SPADES FOUR CLUBS ACE,0.3654,0.0056,0.629
HEARTS TWO CLUBS ACE,0.238,0.019,0.743
DIAMONDS QUEEN CLUBS ACE,0.3096,0.0016,0.6888
HEARTS TWO CLUBS QUEEN,0.2424,0.0424,0.7152
DIAMONDS QUEEN CLUBS QUEEN,0.1406,0.019,0.8404
HEARTS TWO CLUBS KING,0.2456,0.0296,0.7248
DIAMONDS QUEEN CLUBS KING,0.3104,0.0064,0.6832
SPADES EIGHT SPADES FIVE,0.5156,0.0276,0.4568
CLUBS TEN HEARTS TWO,0.0168,0.9726,0.0106
CLUBS TEN DIAMONDS QUEEN,0.2232,0.0442,0.7326
SPADES NINE SPADES FIVE,0.5314,0.026,0.4426
HEARTS TWO CLUBS JACK,0.2346,0.0492,0.7162
DIAMONDS QUEEN CLUBS JACK,0.3092,0.0096,0.6812
SPADES SIX SPADES FIVE,0.501,0.0308,0.4682
SPADES SEVEN SPADES FIVE,0.502,0.0228,0.4752
DIAMONDS FIVE CLUBS QUEEN,0.3654,0.0112,0.6234
SPADES EIGHT CLUBS ACE,0.3456,0.004,0.6504
DIAMONDS FIVE CLUBS KING,0.359,0.0074,0.6336
SPADES EIGHT CLUBS KING,0.3516,0.0074,0.641
CLUBS ACE DIAMONDS FIVE,0.3656,0.0038,0.6306
SPADES EIGHT CLUBS QUEEN,0.3516,0.0124,0.636
SPADES EIGHT CLUBS JACK,0.3308,0.02,0.6492
CLUBS TEN SPADES EIGHT,0.2058,0.2312,0.563
CLUBS TEN DIAMONDS FIVE,0.2328,0.4628,0.3044
DIAMONDS FIVE CLUBS JACK,0.3712,0.0178,0.611
DIAMONDS TEN HEARTS JACK,0.2178,0.0588,0.7234
SPADES ACE CLUBS NINE,0.3542,0.0046,0.6412
CLUBS NINE SPADES QUEEN,0.336,0.0122,0.6518
CLUBS NINE SPADES KING,0.3506,0.0078,0.6416
HEARTS SIX HEARTS KING,0.3438,0.011,0.6452
DIAMONDS KING SPADES SEVEN,0.35,0.0076,0.6424
HEARTS THREE SPADES SEVEN,0.5668,0.0306,0.4026
SPADES KING DIAMONDS SEVEN,0.358,0.0068,0.6352
HEARTS SIX HEARTS QUEEN,0.3496,0.011,0.6394
SPADES QUEEN DIAMONDS SEVEN,0.3456,0.0118,0.6426
HEARTS THREE SPADES SIX,0.5744,0.0314,0.3942
DIAMONDS KING SPADES SIX,0.3624,0.0078,0.6298
DIAMONDS KING SPADES NINE,0.351,0.0054,0.6436
HEARTS THREE SPADES NINE,0.5866,0.0272,0.3862
