opposingHand,winningChance,drawChance,lostChance
SPADES ACE CLUBS EIGHT
SPADES TEN HEARTS FIVE,0.6504,0.0048,0.3448
SPADES JACK HEARTS FIVE,0.6414,0.0052,0.3534
SPADES FIVE CLUBS JACK,0.6216,0.0042,0.3742
CLUBS TEN SPADES FIVE,0.6362,0.0046,0.3592
SPADES FIVE CLUBS ACE,0.5276,0.2266,0.2458
SPADES FIVE CLUBS KING,0.634,0.0056,0.3604
SPADES FIVE CLUBS QUEEN,0.6404,0.0062,0.3534
DIAMONDS TWO DIAMONDS THREE,0.6042,0.004,0.3918
DIAMONDS TWO DIAMONDS FIVE,0.6024,0.0046,0.393
SPADES KING HEARTS FIVE,0.636,0.0042,0.3598
DIAMONDS TWO DIAMONDS FOUR,0.616,0.0056,0.3784
SPADES QUEEN HEARTS FIVE,0.6374,0.0054,0.3572
DIAMONDS TWO DIAMONDS SEVEN,0.6374,0.0032,0.3594
DIAMONDS TWO DIAMONDS SIX,0.6142,0.0046,0.3812
DIAMONDS TWO DIAMONDS NINE,0.6,0.0036,0.3964
DIAMONDS TWO DIAMONDS EIGHT,0.699,0.0276,0.2734
DIAMONDS THREE DIAMONDS FOUR,0.5854,0.0064,0.4082
CLUBS TWO SPADES FOUR,0.6582,0.0086,0.3332
DIAMONDS THREE DIAMONDS FIVE,0.5778,0.0036,0.4186
CLUBS TWO SPADES FIVE,0.6566,0.006,0.3374
CLUBS TWO SPADES TWO,0.4782,0.007,0.5148
CLUBS TWO SPADES THREE,0.662,0.0064,0.3316
DIAMONDS THREE DIAMONDS EIGHT,0.7016,0.031,0.2674
SPADES EIGHT CLUBS TWO,0.7564,0.0308,0.2128
DIAMONDS THREE DIAMONDS NINE,0.6082,0.0056,0.3862
SPADES NINE CLUBS TWO,0.6558,0.0038,0.3404
DIAMONDS THREE DIAMONDS SIX,0.6112,0.0048,0.384
CLUBS TWO SPADES SIX,0.6692,0.005,0.3258
DIAMONDS THREE DIAMONDS SEVEN,0.6182,0.0036,0.3782
SPADES SEVEN CLUBS TWO,0.6894,0.005,0.3056
CLUBS SIX CLUBS TWO,0.6386,0.0048,0.3566
CLUBS SEVEN CLUBS TWO,0.6592,0.0042,0.3366
CLUBS FOUR CLUBS TWO,0.6226,0.006,0.3714
CLUBS FIVE CLUBS TWO,0.6238,0.0074,0.3688
CLUBS TEN CLUBS JACK,0.5246,0.0038,0.4716
DIAMONDS FOUR DIAMONDS SIX,0.5898,0.0042,0.406
CLUBS TEN CLUBS QUEEN,0.532,0.0036,0.4644
DIAMONDS FOUR DIAMONDS SEVEN,0.6112,0.0026,0.3862
CLUBS TEN CLUBS KING,0.5596,0.0056,0.4348
CLUBS TEN CLUBS ACE,0.2226,0.1208,0.6566
DIAMONDS FIVE DIAMONDS FOUR,0.587,0.0048,0.4082
CLUBS NINE CLUBS TWO,0.6084,0.0034,0.3882
DIAMONDS NINE DIAMONDS FOUR,0.596,0.004,0.4
DIAMONDS EIGHT DIAMONDS FOUR,0.6866,0.029,0.2844
CLUBS TWO CLUBS THREE,0.6308,0.0044,0.3648
DIAMONDS NINE DIAMONDS FIVE,0.5916,0.0042,0.4042
DIAMONDS TWO CLUBS JACK,0.6334,0.0054,0.3612
DIAMONDS EIGHT DIAMONDS FIVE,0.666,0.0284,0.3056
CLUBS TEN DIAMONDS TWO,0.6264,0.003,0.3706
DIAMONDS FIVE DIAMONDS SEVEN,0.5936,0.0048,0.4016
DIAMONDS FIVE DIAMONDS SIX,0.583,0.0048,0.4122
DIAMONDS TWO CLUBS ACE,0.534,0.223,0.243
DIAMONDS TWO CLUBS KING,0.6468,0.0046,0.3486
DIAMONDS TWO CLUBS QUEEN,0.6284,0.0032,0.3684
DIAMONDS EIGHT DIAMONDS SIX,0.6596,0.0242,0.3162
DIAMONDS NINE DIAMONDS SIX,0.5844,0.0028,0.4128
HEARTS ACE SPADES THREE,0.534,0.2324,0.2336
HEARTS KING SPADES THREE,0.6382,0.0048,0.357
DIAMONDS SEVEN DIAMONDS SIX,0.5934,0.0034,0.4032
SPADES THREE HEARTS QUEEN,0.6472,0.0036,0.3492
SPADES THREE HEARTS JACK,0.6358,0.0038,0.3604
SPADES THREE HEARTS TEN,0.6462,0.0054,0.3484
DIAMONDS EIGHT DIAMONDS SEVEN,0.65,0.0232,0.3268
DIAMONDS NINE DIAMONDS SEVEN,0.5676,0.0036,0.4288
DIAMONDS NINE DIAMONDS EIGHT,0.66,0.0218,0.3182
DIAMONDS KING HEARTS TEN,0.5722,0.003,0.4248
HEARTS THREE HEARTS TEN,0.5868,0.0038,0.4094
SPADES JACK CLUBS SIX,0.6386,0.0048,0.3566
DIAMONDS KING HEARTS JACK,0.5724,0.0026,0.425
HEARTS THREE HEARTS JACK,0.5946,0.0042,0.4012
CLUBS SIX SPADES TEN,0.6406,0.0038,0.3556
SPADES JACK SPADES FIVE,0.6126,0.006,0.3814
SPADES TEN SPADES FIVE,0.6122,0.0054,0.3824
DIAMONDS KING HEARTS ACE,0.2608,0.0416,0.6976
HEARTS THREE HEARTS ACE,0.4932,0.2184,0.2884
DIAMONDS KING HEARTS QUEEN,0.5724,0.004,0.4236
HEARTS THREE HEARTS QUEEN,0.5964,0.005,0.3986
SPADES KING CLUBS SIX,0.6392,0.003,0.3578
DIAMONDS KING HEARTS KING,0.283,0.0034,0.7136
HEARTS THREE HEARTS KING,0.587,0.0032,0.4098
SPADES QUEEN CLUBS SIX,0.6474,0.0042,0.3484
SPADES NINE HEARTS TEN,0.5768,0.0032,0.42
SPADES NINE HEARTS JACK,0.577,0.0058,0.4172
SPADES QUEEN SPADES FIVE,0.607,0.0038,0.3892
SPADES KING SPADES FIVE,0.6094,0.0062,0.3844
SPADES NINE HEARTS QUEEN,0.5786,0.006,0.4154
SPADES NINE HEARTS KING,0.5952,0.0038,0.401
SPADES NINE HEARTS ACE,0.2318,0.1802,0.588
CLUBS TEN SPADES JACK,0.5716,0.0036,0.4248
CLUBS TEN SPADES TEN,0.3176,0.0042,0.6782
SPADES KING CLUBS TEN,0.5716,0.0068,0.4216
SPADES QUEEN CLUBS TEN,0.5624,0.0048,0.4328
SPADES FIVE HEARTS QUEEN,0.647,0.0038,0.3492
SPADES FIVE HEARTS KING,0.6324,0.004,0.3636
SPADES FIVE HEARTS ACE,0.5232,0.2406,0.2362
HEARTS THREE SPADES JACK,0.6398,0.0038,0.3564
SPADES JACK DIAMONDS KING,0.5812,0.0034,0.4154
HEARTS THREE SPADES TEN,0.6494,0.0034,0.3472
SPADES TEN DIAMONDS KING,0.586,0.0038,0.4102
HEARTS FIVE CLUBS JACK,0.64,0.003,0.357
CLUBS SIX HEARTS ACE,0.5556,0.2198,0.2246
CLUBS TEN HEARTS FIVE,0.646,0.0036,0.3504
CLUBS TEN SPADES THREE,0.6442,0.0048,0.351
CLUBS SIX HEARTS QUEEN,0.6586,0.0046,0.3368
SPADES THREE CLUBS JACK,0.6508,0.005,0.3442
CLUBS SIX HEARTS KING,0.6436,0.0044,0.352
DIAMONDS TWO HEARTS JACK,0.652,0.004,0.344
SPADES THREE CLUBS QUEEN,0.6428,0.0056,0.3516
DIAMONDS TWO HEARTS TEN,0.6286,0.0034,0.368
SPADES THREE CLUBS KING,0.6344,0.005,0.3606
HEARTS FIVE CLUBS ACE,0.518,0.2364,0.2456
SPADES FIVE HEARTS TEN,0.6472,0.0044,0.3484
SPADES THREE CLUBS ACE,0.5264,0.2388,0.2348
HEARTS FIVE CLUBS KING,0.6282,0.005,0.3668
SPADES FIVE HEARTS JACK,0.6428,0.0056,0.3516
HEARTS FIVE CLUBS QUEEN,0.617,0.0034,0.3796
HEARTS THREE CLUBS KING,0.6386,0.0044,0.357
DIAMONDS KING CLUBS KING,0.2764,0.0034,0.7202
HEARTS THREE CLUBS QUEEN,0.6322,0.0044,0.3634
DIAMONDS KING CLUBS QUEEN,0.5596,0.0062,0.4342
HEARTS FIVE HEARTS JACK,0.6026,0.003,0.3944
HEARTS FIVE HEARTS TEN,0.5872,0.0032,0.4096
HEARTS THREE CLUBS ACE,0.5328,0.2304,0.2368
DIAMONDS KING CLUBS ACE,0.2424,0.0492,0.7084
SPADES KING CLUBS QUEEN,0.5666,0.0056,0.4278
HEARTS THREE CLUBS JACK,0.624,0.0058,0.3702
DIAMONDS KING CLUBS JACK,0.582,0.0032,0.4148
SPADES QUEEN CLUBS QUEEN,0.289,0.0046,0.7064
CLUBS TEN HEARTS THREE,0.6238,0.0016,0.3746
CLUBS TEN DIAMONDS KING,0.5774,0.0058,0.4168
SPADES JACK CLUBS QUEEN,0.573,0.0044,0.4226
CLUBS SIX CLUBS QUEEN,0.609,0.0024,0.3886
SPADES TEN CLUBS QUEEN,0.575,0.005,0.42
CLUBS SIX CLUBS KING,0.6088,0.0032,0.388
CLUBS SIX CLUBS ACE,0.5208,0.216,0.2632
HEARTS FIVE HEARTS KING,0.581,0.0024,0.4166
HEARTS FIVE HEARTS QUEEN,0.6084,0.0052,0.3864
CLUBS TEN CLUBS SIX,0.5846,0.0048,0.4106
HEARTS FIVE HEARTS ACE,0.4904,0.211,0.2986
CLUBS SIX CLUBS JACK,0.6096,0.0048,0.3856
SPADES SEVEN HEARTS JACK,0.6326,0.0046,0.3628
SPADES SEVEN HEARTS TEN,0.603,0.0042,0.3928
DIAMONDS TWO CLUBS TWO,0.4766,0.0072,0.5162
DIAMONDS TWO CLUBS THREE,0.6734,0.0046,0.322
HEARTS SIX DIAMONDS TWO,0.676,0.0036,0.3204
DIAMONDS TWO HEARTS QUEEN,0.6438,0.0048,0.3514
DIAMONDS TWO HEARTS SEVEN,0.6888,0.0046,0.3066
DIAMONDS TWO HEARTS KING,0.6336,0.0058,0.3606
DIAMONDS TWO HEARTS EIGHT,0.7536,0.0266,0.2198
DIAMONDS TWO HEARTS ACE,0.5336,0.2248,0.2416
DIAMONDS TWO HEARTS NINE,0.6368,0.0052,0.358
DIAMONDS TWO DIAMONDS QUEEN,0.5962,0.0042,0.3996
DIAMONDS TWO HEARTS TWO,0.4748,0.0052,0.52
DIAMONDS TWO DIAMONDS KING,0.598,0.0022,0.3998
HEARTS THREE DIAMONDS TWO,0.6388,0.0052,0.356
DIAMONDS TWO DIAMONDS ACE,0.5172,0.2022,0.2806
HEARTS FOUR DIAMONDS TWO,0.6458,0.0046,0.3496
DIAMONDS TWO HEARTS FIVE,0.6474,0.0032,0.3494
SPADES SEVEN HEARTS ACE,0.5464,0.2376,0.216
DIAMONDS TWO DIAMONDS TEN,0.61,0.0044,0.3856
SPADES SEVEN HEARTS KING,0.6496,0.0046,0.3458
DIAMONDS TWO DIAMONDS JACK,0.6046,0.005,0.3904
SPADES SEVEN HEARTS QUEEN,0.653,0.003,0.344
DIAMONDS TWO SPADES NINE,0.6608,0.0058,0.3334
DIAMONDS TWO SPADES EIGHT,0.7546,0.0314,0.214
DIAMONDS TWO SPADES SEVEN,0.6758,0.0048,0.3194
DIAMONDS TWO SPADES SIX,0.6786,0.004,0.3174
DIAMONDS TWO SPADES FIVE,0.6374,0.0054,0.3572
DIAMONDS TWO SPADES FOUR,0.6494,0.0062,0.3444
DIAMONDS TWO SPADES THREE,0.6586,0.0054,0.336
DIAMONDS TWO SPADES TWO,0.4738,0.004,0.5222
CLUBS NINE DIAMONDS TWO,0.6482,0.0052,0.3466
DIAMONDS TWO CLUBS SEVEN,0.6874,0.005,0.3076
CLUBS SIX DIAMONDS TWO,0.6634,0.0056,0.331
DIAMONDS TWO CLUBS FIVE,0.6542,0.0054,0.3404
DIAMONDS TWO CLUBS FOUR,0.6494,0.0058,0.3448
CLUBS FOUR SPADES FIVE,0.6282,0.0058,0.366
CLUBS FOUR SPADES FOUR,0.4626,0.0056,0.5318
CLUBS FOUR SPADES THREE,0.6532,0.0072,0.3396
CLUBS FOUR SPADES TWO,0.6574,0.0048,0.3378
SPADES NINE CLUBS FOUR,0.6526,0.0062,0.3412
CLUBS FOUR SPADES EIGHT,0.7376,0.0336,0.2288
CLUBS FOUR SPADES SEVEN,0.6704,0.0044,0.3252
CLUBS FOUR SPADES SIX,0.6442,0.0064,0.3494
SPADES QUEEN DIAMONDS SIX,0.6354,0.0028,0.3618
SPADES KING DIAMONDS SIX,0.6334,0.005,0.3616
SPADES TEN DIAMONDS SIX,0.6398,0.003,0.3572
SPADES JACK DIAMONDS SIX,0.6492,0.0048,0.346
SPADES QUEEN SPADES TWO,0.6176,0.0068,0.3756
SPADES KING SPADES TWO,0.6052,0.006,0.3888
DIAMONDS JACK CLUBS JACK,0.2992,0.0044,0.6964
CLUBS TEN DIAMONDS JACK,0.5572,0.0042,0.4386
DIAMONDS JACK CLUBS KING,0.5782,0.0046,0.4172
DIAMONDS JACK CLUBS QUEEN,0.562,0.0036,0.4344
DIAMONDS THREE DIAMONDS JACK,0.6072,0.0048,0.388
DIAMONDS THREE DIAMONDS TEN,0.6054,0.0046,0.39
DIAMONDS JACK CLUBS ACE,0.2272,0.0832,0.6896
DIAMONDS THREE DIAMONDS KING,0.5978,0.0036,0.3986
HEARTS THREE DIAMONDS THREE,0.466,0.0036,0.5304
DIAMONDS THREE DIAMONDS QUEEN,0.5858,0.003,0.4112
DIAMONDS THREE HEARTS TWO,0.6652,0.0046,0.3302
HEARTS FIVE DIAMONDS THREE,0.6216,0.0044,0.374
DIAMONDS THREE DIAMONDS ACE,0.5014,0.2212,0.2774
HEARTS FOUR DIAMONDS THREE,0.6426,0.0038,0.3536
DIAMONDS THREE HEARTS SEVEN,0.6644,0.0046,0.331
SPADES TEN SPADES NINE,0.5536,0.005,0.4414
HEARTS SIX DIAMONDS THREE,0.6502,0.0034,0.3464
SPADES JACK SPADES NINE,0.5546,0.0064,0.439
DIAMONDS THREE HEARTS NINE,0.6404,0.0046,0.355
HEARTS JACK DIAMONDS FOUR,0.639,0.0032,0.3578
HEARTS KING HEARTS ACE,0.2354,0.0466,0.718
SPADES TEN SPADES TWO,0.6158,0.005,0.3792
DIAMONDS THREE HEARTS EIGHT,0.7398,0.0338,0.2264
HEARTS TEN DIAMONDS FOUR,0.6444,0.0044,0.3512
SPADES JACK SPADES TWO,0.6176,0.006,0.3764
HEARTS QUEEN DIAMONDS FOUR,0.6464,0.0038,0.3498
HEARTS KING DIAMONDS FOUR,0.6398,0.0042,0.356
HEARTS ACE DIAMONDS FOUR,0.5302,0.2242,0.2456
SPADES KING SPADES NINE,0.5646,0.0068,0.4286
SPADES QUEEN SPADES NINE,0.568,0.0052,0.4268
DIAMONDS THREE SPADES NINE,0.6576,0.0054,0.337
DIAMONDS THREE SPADES EIGHT,0.762,0.0296,0.2084
DIAMONDS THREE SPADES SEVEN,0.6724,0.0058,0.3218
DIAMONDS THREE SPADES SIX,0.6624,0.0036,0.334
CLUBS SIX DIAMONDS THREE,0.6596,0.004,0.3364
CLUBS ACE DIAMONDS FOUR,0.5246,0.233,0.2424
CLUBS SIX CLUBS FIVE,0.5992,0.0038,0.397
CLUBS SEVEN CLUBS FIVE,0.606,0.0032,0.3908
CLUBS SEVEN DIAMONDS THREE,0.6772,0.0042,0.3186
DIAMONDS THREE CLUBS FOUR,0.6366,0.0046,0.3588
DIAMONDS FOUR CLUBS QUEEN,0.6328,0.0032,0.364
DIAMONDS THREE CLUBS FIVE,0.6344,0.0046,0.361
CLUBS KING DIAMONDS FOUR,0.6242,0.0072,0.3686
DIAMONDS THREE CLUBS TWO,0.6568,0.008,0.3352
CLUBS TEN DIAMONDS FOUR,0.6346,0.0028,0.3626
DIAMONDS THREE CLUBS THREE,0.4794,0.0048,0.5158
DIAMONDS FOUR CLUBS JACK,0.6214,0.0044,0.3742
DIAMONDS THREE SPADES FOUR,0.641,0.0056,0.3534
DIAMONDS THREE SPADES FIVE,0.631,0.007,0.362
DIAMONDS THREE SPADES TWO,0.6696,0.0044,0.326
DIAMONDS THREE SPADES THREE,0.4808,0.0056,0.5136
CLUBS NINE DIAMONDS THREE,0.6544,0.0038,0.3418
SPADES SEVEN CLUBS ACE,0.5336,0.2424,0.224
SPADES SEVEN CLUBS QUEEN,0.645,0.0042,0.3508
SPADES SEVEN CLUBS KING,0.6408,0.005,0.3542
CLUBS FIVE SPADES SEVEN,0.658,0.0034,0.3386
CLUBS TEN SPADES SEVEN,0.6238,0.005,0.3712
CLUBS FIVE SPADES SIX,0.6396,0.0044,0.356
SPADES SEVEN CLUBS JACK,0.6276,0.0046,0.3678
SPADES NINE CLUBS FIVE,0.6456,0.0052,0.3492
SPADES EIGHT CLUBS FIVE,0.7332,0.0286,0.2382
CLUBS FIVE SPADES THREE,0.6446,0.0052,0.3502
CLUBS FIVE SPADES TWO,0.6616,0.0042,0.3342
CLUBS FIVE SPADES FIVE,0.457,0.0052,0.5378
CLUBS FIVE SPADES FOUR,0.6352,0.0052,0.3596
CLUBS NINE CLUBS FIVE,0.6022,0.005,0.3928
CLUBS ACE CLUBS QUEEN,0.2366,0.0584,0.705
CLUBS KING CLUBS QUEEN,0.5392,0.0064,0.4544
DIAMONDS TEN DIAMONDS FOUR,0.6008,0.0028,0.3964
CLUBS TEN DIAMONDS NINE,0.5716,0.006,0.4224
DIAMONDS JACK DIAMONDS FOUR,0.6044,0.0048,0.3908
DIAMONDS NINE CLUBS JACK,0.576,0.0062,0.4178
SPADES NINE CLUBS JACK,0.5734,0.004,0.4226
CLUBS TEN SPADES NINE,0.5668,0.0034,0.4298
DIAMONDS ACE DIAMONDS FOUR,0.4918,0.2182,0.29
HEARTS FOUR DIAMONDS FOUR,0.4638,0.0042,0.532
DIAMONDS JACK HEARTS TEN,0.5738,0.004,0.4222
SPADES NINE CLUBS KING,0.5968,0.006,0.3972
DIAMONDS TWO SPADES TEN,0.6578,0.0046,0.3376
DIAMONDS NINE CLUBS ACE,0.2234,0.179,0.5976
HEARTS FIVE DIAMONDS FOUR,0.6138,0.0044,0.3818
HEARTS JACK DIAMONDS JACK,0.3196,0.0036,0.6768
SPADES NINE CLUBS QUEEN,0.5818,0.0044,0.4138
SPADES JACK DIAMONDS TWO,0.6472,0.0034,0.3494
DIAMONDS QUEEN DIAMONDS FOUR,0.6004,0.0054,0.3942
HEARTS TWO DIAMONDS FOUR,0.644,0.0044,0.3516
DIAMONDS NINE CLUBS QUEEN,0.5886,0.0044,0.407
DIAMONDS KING DIAMONDS FOUR,0.5968,0.003,0.4002
HEARTS THREE DIAMONDS FOUR,0.6368,0.0056,0.3576
SPADES NINE CLUBS ACE,0.2276,0.172,0.6004
DIAMONDS NINE CLUBS KING,0.5898,0.0036,0.4066
HEARTS ACE DIAMONDS JACK,0.24,0.0852,0.6748
DIAMONDS JACK HEARTS QUEEN,0.5688,0.0034,0.4278
SPADES QUEEN DIAMONDS TWO,0.6408,0.005,0.3542
HEARTS KING DIAMONDS JACK,0.5804,0.0032,0.4164
SPADES KING DIAMONDS TWO,0.645,0.0028,0.3522
SPADES JACK SPADES SEVEN,0.597,0.0054,0.3976
SPADES TEN SPADES SEVEN,0.5994,0.0048,0.3958
CLUBS SEVEN CLUBS THREE,0.6356,0.0054,0.359
CLUBS SIX CLUBS THREE,0.6262,0.005,0.3688
CLUBS FIVE CLUBS THREE,0.6024,0.0076,0.39
CLUBS FOUR CLUBS THREE,0.6082,0.0036,0.3882
CLUBS NINE CLUBS THREE,0.6244,0.006,0.3696
CLUBS THREE SPADES FIVE,0.6478,0.0048,0.3474
CLUBS THREE SPADES FOUR,0.6514,0.0066,0.342
CLUBS THREE SPADES THREE,0.4768,0.0038,0.5194
CLUBS THREE SPADES TWO,0.6614,0.0054,0.3332
SPADES SIX CLUBS THREE,0.657,0.0068,0.3362
SPADES SEVEN CLUBS THREE,0.6716,0.0066,0.3218
SPADES EIGHT CLUBS THREE,0.7484,0.0366,0.215
SPADES NINE CLUBS THREE,0.6562,0.0042,0.3396
SPADES TWO DIAMONDS FOUR,0.647,0.003,0.35
SPADES THREE DIAMONDS FOUR,0.6478,0.0054,0.3468
SPADES FOUR DIAMONDS FOUR,0.469,0.0038,0.5272
SPADES FIVE DIAMONDS FOUR,0.6308,0.0056,0.3636
SPADES SIX DIAMONDS FOUR,0.6428,0.0052,0.352
SPADES SEVEN DIAMONDS FOUR,0.649,0.005,0.346
SPADES EIGHT DIAMONDS FOUR,0.7356,0.0302,0.2342
SPADES NINE DIAMONDS FOUR,0.6544,0.005,0.3406
CLUBS FIVE DIAMONDS FOUR,0.6126,0.0044,0.383
CLUBS FOUR DIAMONDS FOUR,0.4602,0.0028,0.537
CLUBS SEVEN DIAMONDS FOUR,0.647,0.004,0.349
CLUBS SIX DIAMONDS FOUR,0.6468,0.0052,0.348
CLUBS NINE DIAMONDS FOUR,0.634,0.0042,0.3618
DIAMONDS FOUR HEARTS SEVEN,0.6508,0.0032,0.346
HEARTS SIX DIAMONDS FOUR,0.6318,0.0046,0.3636
HEARTS NINE DIAMONDS FOUR,0.6532,0.0056,0.3412
DIAMONDS FOUR HEARTS EIGHT,0.735,0.0292,0.2358
CLUBS THREE DIAMONDS FOUR,0.6498,0.0052,0.345
CLUBS TWO DIAMONDS FOUR,0.6478,0.0042,0.348
DIAMONDS TEN DIAMONDS FIVE,0.6058,0.0042,0.39
DIAMONDS JACK DIAMONDS FIVE,0.5932,0.004,0.4028
DIAMONDS NINE HEARTS QUEEN,0.5862,0.0022,0.4116
HEARTS KING DIAMONDS NINE,0.5944,0.0028,0.4028
DIAMONDS NINE HEARTS ACE,0.2324,0.1642,0.6034
DIAMONDS NINE HEARTS TEN,0.5802,0.0032,0.4166
DIAMONDS NINE HEARTS JACK,0.5756,0.0036,0.4208
CLUBS KING DIAMONDS SIX,0.6472,0.0046,0.3482
CLUBS QUEEN DIAMONDS SIX,0.6322,0.0058,0.362
CLUBS ACE DIAMONDS SIX,0.5436,0.226,0.2304
SPADES KING DIAMONDS FOUR,0.6374,0.0044,0.3582
SPADES QUEEN DIAMONDS FOUR,0.635,0.0026,0.3624
SPADES QUEEN SPADES SEVEN,0.614,0.0056,0.3804
CLUBS JACK DIAMONDS SIX,0.6362,0.0026,0.3612
SPADES KING SPADES SEVEN,0.6,0.0058,0.3942
CLUBS TEN DIAMONDS SIX,0.6336,0.0032,0.3632
CLUBS NINE CLUBS FOUR,0.615,0.0046,0.3804
SPADES JACK DIAMONDS FOUR,0.6428,0.004,0.3532
SPADES TEN DIAMONDS FOUR,0.6452,0.0034,0.3514
CLUBS FOUR CLUBS FIVE,0.603,0.0078,0.3892
CLUBS SEVEN CLUBS FOUR,0.6232,0.0036,0.3732
CLUBS SIX CLUBS FOUR,0.6116,0.0042,0.3842
CLUBS SEVEN SPADES EIGHT,0.697,0.0258,0.2772
CLUBS SEVEN SPADES NINE,0.6206,0.0038,0.3756
CLUBS SEVEN SPADES SIX,0.6392,0.0044,0.3564
CLUBS SEVEN SPADES SEVEN,0.4566,0.005,0.5384
CLUBS SEVEN SPADES FIVE,0.6444,0.0066,0.349
CLUBS SEVEN SPADES FOUR,0.654,0.0046,0.3414
CLUBS SEVEN SPADES THREE,0.6814,0.004,0.3146
CLUBS SEVEN SPADES TWO,0.6818,0.004,0.3142
CLUBS NINE CLUBS SEVEN,0.5772,0.0036,0.4192
HEARTS SIX DIAMONDS FIVE,0.6326,0.003,0.3644
DIAMONDS FIVE HEARTS SEVEN,0.6314,0.0036,0.365
DIAMONDS FIVE HEARTS EIGHT,0.715,0.0276,0.2574
HEARTS NINE DIAMONDS FIVE,0.6302,0.0036,0.3662
DIAMONDS QUEEN DIAMONDS FIVE,0.5932,0.0036,0.4032
HEARTS TWO DIAMONDS FIVE,0.6414,0.0036,0.355
HEARTS KING HEARTS EIGHT,0.6836,0.0234,0.293
DIAMONDS KING DIAMONDS FIVE,0.588,0.0046,0.4074
HEARTS THREE DIAMONDS FIVE,0.6298,0.0062,0.364
HEARTS QUEEN HEARTS EIGHT,0.6838,0.0232,0.293
DIAMONDS ACE DIAMONDS FIVE,0.4866,0.226,0.2874
HEARTS FOUR DIAMONDS FIVE,0.6028,0.004,0.3932
HEARTS FIVE DIAMONDS FIVE,0.4562,0.0038,0.54
HEARTS ACE HEARTS EIGHT,0.0194,0.8992,0.0814
CLUBS FOUR DIAMONDS FIVE,0.624,0.004,0.372
CLUBS FIVE DIAMONDS FIVE,0.4618,0.0056,0.5326
CLUBS SIX DIAMONDS FIVE,0.6318,0.0054,0.3628
CLUBS SEVEN DIAMONDS FIVE,0.6572,0.0036,0.3392
CLUBS TWO DIAMONDS FIVE,0.6492,0.004,0.3468
CLUBS THREE DIAMONDS FIVE,0.6448,0.0044,0.3508
SPADES THREE DIAMONDS FIVE,0.6436,0.0044,0.352
SPADES TWO DIAMONDS FIVE,0.661,0.0056,0.3334
SPADES JACK DIAMONDS EIGHT,0.7226,0.0248,0.2526
SPADES FIVE DIAMONDS FIVE,0.4648,0.0036,0.5316
CLUBS TEN HEARTS JACK,0.555,0.004,0.441
SPADES TEN DIAMONDS EIGHT,0.7116,0.0246,0.2638
SPADES FOUR DIAMONDS FIVE,0.6218,0.002,0.3762
HEARTS JACK CLUBS JACK,0.2954,0.0056,0.699
HEARTS JACK CLUBS QUEEN,0.5686,0.0038,0.4276
CLUBS NINE DIAMONDS FIVE,0.642,0.0048,0.3532
HEARTS JACK CLUBS KING,0.5698,0.0056,0.4246
HEARTS JACK CLUBS ACE,0.2294,0.0852,0.6854
SPADES SEVEN DIAMONDS FIVE,0.6496,0.0032,0.3472
SPADES KING DIAMONDS EIGHT,0.7464,0.024,0.2296
SPADES SIX DIAMONDS FIVE,0.6278,0.0052,0.367
SPADES QUEEN DIAMONDS EIGHT,0.7394,0.022,0.2386
SPADES NINE DIAMONDS FIVE,0.6286,0.0054,0.366
SPADES EIGHT DIAMONDS FIVE,0.726,0.0272,0.2468
DIAMONDS TEN DIAMONDS SIX,0.5896,0.0052,0.4052
HEARTS ACE DIAMONDS SEVEN,0.5364,0.2236,0.24
DIAMONDS JACK DIAMONDS SIX,0.6066,0.0038,0.3896
HEARTS QUEEN DIAMONDS SEVEN,0.638,0.0038,0.3582
HEARTS KING DIAMONDS SEVEN,0.6388,0.0022,0.359
DIAMONDS ACE DIAMONDS SIX,0.524,0.2032,0.2728
HEARTS FOUR DIAMONDS SIX,0.6346,0.0024,0.363
HEARTS JACK SPADES TWO,0.6456,0.0034,0.351
HEARTS FIVE DIAMONDS SIX,0.6144,0.0018,0.3838
SPADES TWO HEARTS TEN,0.6486,0.0046,0.3468
DIAMONDS QUEEN DIAMONDS SIX,0.5954,0.0034,0.4012
HEARTS TWO DIAMONDS SIX,0.6644,0.0034,0.3322
DIAMONDS KING DIAMONDS SIX,0.598,0.0038,0.3982
HEARTS THREE DIAMONDS SIX,0.6492,0.004,0.3468
HEARTS EIGHT DIAMONDS SIX,0.7016,0.0282,0.2702
HEARTS NINE DIAMONDS SIX,0.618,0.0036,0.3784
HEARTS SIX DIAMONDS SIX,0.451,0.0026,0.5464
HEARTS SEVEN DIAMONDS SIX,0.6198,0.0036,0.3766
HEARTS TEN DIAMONDS SEVEN,0.6148,0.002,0.3832
CLUBS TWO DIAMONDS SIX,0.6622,0.0062,0.3316
HEARTS JACK DIAMONDS SEVEN,0.6358,0.0032,0.361
CLUBS THREE DIAMONDS SIX,0.6436,0.004,0.3524
DIAMONDS EIGHT CLUBS JACK,0.7168,0.0226,0.2606
CLUBS SEVEN DIAMONDS SIX,0.63,0.0036,0.3664
CLUBS SIX DIAMONDS SIX,0.4528,0.004,0.5432
CLUBS TEN DIAMONDS EIGHT,0.699,0.0228,0.2782
CLUBS FIVE DIAMONDS SIX,0.6358,0.0038,0.3604
CLUBS FOUR DIAMONDS SIX,0.6488,0.0042,0.347
HEARTS ACE HEARTS JACK,0.2394,0.0756,0.685
DIAMONDS EIGHT CLUBS ACE,0.0088,0.9728,0.0184
HEARTS JACK HEARTS QUEEN,0.5248,0.0032,0.472
DIAMONDS EIGHT CLUBS KING,0.7428,0.0276,0.2296
CLUBS NINE DIAMONDS SIX,0.6166,0.0042,0.3792
HEARTS KING HEARTS JACK,0.5348,0.0038,0.4614
DIAMONDS EIGHT CLUBS QUEEN,0.7262,0.0248,0.249
SPADES TEN HEARTS KING,0.5808,0.0054,0.4138
SPADES FIVE DIAMONDS SIX,0.6276,0.0042,0.3682
HEARTS ACE SPADES TWO,0.5302,0.2312,0.2386
SPADES JACK HEARTS KING,0.5864,0.0034,0.4102
SPADES FOUR DIAMONDS SIX,0.6356,0.003,0.3614
SPADES THREE DIAMONDS SIX,0.6482,0.0048,0.347
SPADES TWO HEARTS QUEEN,0.6494,0.0036,0.347
HEARTS KING SPADES TWO,0.6372,0.0028,0.36
SPADES TWO DIAMONDS SIX,0.6784,0.0058,0.3158
HEARTS TEN HEARTS EIGHT,0.6524,0.0236,0.324
SPADES NINE DIAMONDS SIX,0.6236,0.0058,0.3706
HEARTS JACK HEARTS EIGHT,0.661,0.0264,0.3126
SPADES EIGHT DIAMONDS SIX,0.7024,0.0328,0.2648
SPADES SEVEN DIAMONDS SIX,0.6304,0.0044,0.3652
SPADES SIX DIAMONDS SIX,0.4536,0.003,0.5434
SPADES KING HEARTS KING,0.2934,0.0042,0.7024
SPADES QUEEN HEARTS KING,0.584,0.0022,0.4138
CLUBS ACE CLUBS KING,0.247,0.0446,0.7084
SPADES QUEEN HEARTS JACK,0.5622,0.0046,0.4332
SPADES KING HEARTS JACK,0.5908,0.0048,0.4044
SPADES TEN DIAMONDS TEN,0.3248,0.003,0.6722
SPADES JACK DIAMONDS TEN,0.5662,0.0058,0.428
SPADES JACK HEARTS JACK,0.3136,0.002,0.6844
SPADES TEN HEARTS JACK,0.5646,0.0042,0.4312
SPADES QUEEN DIAMONDS TEN,0.5694,0.003,0.4276
SPADES KING DIAMONDS TEN,0.5756,0.003,0.4214
SPADES NINE DIAMONDS SEVEN,0.6134,0.0038,0.3828
SPADES EIGHT DIAMONDS SEVEN,0.687,0.0248,0.2882
SPADES SEVEN DIAMONDS SEVEN,0.4562,0.0034,0.5404
SPADES SIX DIAMONDS SEVEN,0.6306,0.0032,0.3662
DIAMONDS KING DIAMONDS SEVEN,0.5854,0.0036,0.411
HEARTS THREE DIAMONDS SEVEN,0.6618,0.004,0.3342
HEARTS KING DIAMONDS FIVE,0.6318,0.003,0.3652
DIAMONDS QUEEN DIAMONDS SEVEN,0.5976,0.0044,0.398
HEARTS TWO DIAMONDS SEVEN,0.6726,0.0038,0.3236
HEARTS QUEEN DIAMONDS FIVE,0.6318,0.0038,0.3644
HEARTS FIVE DIAMONDS SEVEN,0.6384,0.0028,0.3588
DIAMONDS ACE DIAMONDS SEVEN,0.5102,0.2216,0.2682
HEARTS FOUR DIAMONDS SEVEN,0.6452,0.004,0.3508
HEARTS ACE DIAMONDS FIVE,0.5146,0.234,0.2514
HEARTS SEVEN DIAMONDS SEVEN,0.4426,0.0026,0.5548
HEARTS SIX DIAMONDS SEVEN,0.6326,0.0026,0.3648
HEARTS NINE DIAMONDS SEVEN,0.6098,0.003,0.3872
DIAMONDS SEVEN HEARTS EIGHT,0.6818,0.0258,0.2924
DIAMONDS JACK DIAMONDS SEVEN,0.5814,0.0038,0.4148
HEARTS JACK DIAMONDS FIVE,0.631,0.002,0.367
DIAMONDS TEN DIAMONDS SEVEN,0.5784,0.0024,0.4192
DIAMONDS FIVE HEARTS TEN,0.6304,0.0042,0.3654
SPADES KING CLUBS TWO,0.6524,0.0042,0.3434
HEARTS KING CLUBS KING,0.283,0.0036,0.7134
SPADES QUEEN CLUBS TWO,0.648,0.0056,0.3464
HEARTS KING CLUBS QUEEN,0.5666,0.0028,0.4306
CLUBS NINE DIAMONDS SEVEN,0.6038,0.0046,0.3916
SPADES TWO CLUBS JACK,0.6408,0.0062,0.353
CLUBS TEN SPADES TWO,0.6474,0.0048,0.3478
HEARTS KING CLUBS ACE,0.2516,0.045,0.7034
CLUBS SIX CLUBS SEVEN,0.5982,0.0032,0.3986
SPADES TWO CLUBS KING,0.6484,0.0048,0.3468
SPADES TWO DIAMONDS SEVEN,0.6864,0.0038,0.3098
SPADES THREE DIAMONDS SEVEN,0.6798,0.0032,0.317
SPADES TWO CLUBS QUEEN,0.6446,0.0068,0.3486
CLUBS NINE CLUBS SIX,0.5926,0.0044,0.403
SPADES FOUR DIAMONDS SEVEN,0.6522,0.0036,0.3442
HEARTS KING CLUBS JACK,0.5608,0.0028,0.4364
SPADES FIVE DIAMONDS SEVEN,0.6548,0.0036,0.3416
SPADES TWO CLUBS ACE,0.5182,0.233,0.2488
CLUBS TEN HEARTS KING,0.568,0.0052,0.4268
CLUBS SIX SPADES TWO,0.6744,0.0052,0.3204
CLUBS SIX SPADES THREE,0.668,0.0046,0.3274
CLUBS TWO DIAMONDS SEVEN,0.6858,0.0038,0.3104
CLUBS SIX SPADES FOUR,0.661,0.0078,0.3312
CLUBS THREE DIAMONDS SEVEN,0.6672,0.0044,0.3284
CLUBS SIX SPADES FIVE,0.627,0.0038,0.3692
CLUBS FOUR DIAMONDS SEVEN,0.6578,0.0018,0.3404
CLUBS SIX SPADES SIX,0.4674,0.0044,0.5282
CLUBS FIVE DIAMONDS SEVEN,0.6438,0.003,0.3532
CLUBS SIX SPADES SEVEN,0.6364,0.0028,0.3608
CLUBS SIX DIAMONDS SEVEN,0.6258,0.0038,0.3704
CLUBS SIX SPADES EIGHT,0.7058,0.0278,0.2664
SPADES JACK CLUBS TWO,0.651,0.0046,0.3444
CLUBS SIX SPADES NINE,0.6428,0.0042,0.353
SPADES TEN CLUBS TWO,0.6452,0.006,0.3488
CLUBS SEVEN DIAMONDS SEVEN,0.454,0.0038,0.5422
CLUBS TWO CLUBS QUEEN,0.6088,0.004,0.3872
CLUBS TWO CLUBS KING,0.6078,0.0066,0.3856
CLUBS THREE DIAMONDS EIGHT,0.7534,0.0296,0.217
CLUBS TWO CLUBS ACE,0.516,0.223,0.261
CLUBS TWO DIAMONDS EIGHT,0.7394,0.0314,0.2292
DIAMONDS EIGHT HEARTS SEVEN,0.6918,0.0206,0.2876
HEARTS SIX DIAMONDS EIGHT,0.7074,0.0238,0.2688
DIAMONDS EIGHT HEARTS NINE,0.689,0.0204,0.2906
CLUBS TEN CLUBS TWO,0.618,0.0034,0.3786
DIAMONDS EIGHT HEARTS EIGHT,0.3188,0.0252,0.656
CLUBS TWO CLUBS JACK,0.6056,0.005,0.3894
CLUBS NINE DIAMONDS EIGHT,0.6904,0.0198,0.2898
CLUBS FIVE DIAMONDS EIGHT,0.7176,0.0312,0.2512
CLUBS FOUR DIAMONDS EIGHT,0.739,0.0292,0.2318
SPADES QUEEN SPADES THREE,0.6104,0.006,0.3836
CLUBS SEVEN DIAMONDS EIGHT,0.6996,0.0258,0.2746
CLUBS SIX DIAMONDS EIGHT,0.7104,0.0284,0.2612
SPADES KING SPADES THREE,0.6078,0.0038,0.3884
DIAMONDS QUEEN DIAMONDS EIGHT,0.678,0.0234,0.2986
HEARTS TWO DIAMONDS EIGHT,0.7404,0.0284,0.2312
DIAMONDS KING DIAMONDS EIGHT,0.698,0.0224,0.2796
HEARTS THREE DIAMONDS EIGHT,0.7428,0.0284,0.2288
DIAMONDS ACE DIAMONDS EIGHT,0.024,0.9,0.076
HEARTS FOUR DIAMONDS EIGHT,0.7292,0.0272,0.2436
HEARTS FIVE DIAMONDS EIGHT,0.7226,0.0284,0.249
DIAMONDS EIGHT DIAMONDS TEN,0.657,0.0242,0.3188
DIAMONDS EIGHT DIAMONDS JACK,0.671,0.0254,0.3036
SPADES JACK SPADES THREE,0.6264,0.0046,0.369
SPADES TEN SPADES THREE,0.6222,0.0032,0.3746
CLUBS FOUR HEARTS ACE,0.5414,0.2318,0.2268
CLUBS FOUR HEARTS QUEEN,0.643,0.0056,0.3514
CLUBS FOUR HEARTS KING,0.6282,0.007,0.3648
CLUBS SIX HEARTS TEN,0.651,0.0026,0.3464
CLUBS SIX HEARTS JACK,0.6432,0.0058,0.351
SPADES FOUR DIAMONDS EIGHT,0.7398,0.0284,0.2318
SPADES FIVE DIAMONDS EIGHT,0.7172,0.0296,0.2532
DIAMONDS EIGHT SPADES TWO,0.7544,0.0324,0.2132
DIAMONDS EIGHT SPADES THREE,0.7588,0.0302,0.211
CLUBS FOUR HEARTS JACK,0.6266,0.0048,0.3686
SPADES EIGHT DIAMONDS EIGHT,0.3092,0.0266,0.6642
SPADES JACK HEARTS EIGHT,0.7138,0.026,0.2602
SPADES TEN HEARTS TWO,0.6362,0.004,0.3598
SPADES TEN DIAMONDS QUEEN,0.576,0.0058,0.4182
CLUBS FOUR HEARTS TEN,0.6282,0.0036,0.3682
SPADES NINE DIAMONDS EIGHT,0.7004,0.0214,0.2782
SPADES JACK HEARTS TWO,0.6504,0.0066,0.343
SPADES JACK DIAMONDS QUEEN,0.567,0.0058,0.4272
SPADES TEN HEARTS EIGHT,0.7078,0.0218,0.2704
SPADES SIX DIAMONDS EIGHT,0.7124,0.024,0.2636
SPADES SEVEN DIAMONDS EIGHT,0.689,0.0234,0.2876
SPADES QUEEN DIAMONDS QUEEN,0.2996,0.0034,0.697
SPADES QUEEN HEARTS TWO,0.6418,0.004,0.3542
SPADES KING HEARTS EIGHT,0.7406,0.0298,0.2296
SPADES QUEEN HEARTS EIGHT,0.724,0.0254,0.2506
SPADES KING HEARTS TWO,0.6378,0.004,0.3582
SPADES KING DIAMONDS QUEEN,0.5762,0.0042,0.4196
CLUBS TWO HEARTS TEN,0.6462,0.004,0.3498
CLUBS TWO HEARTS JACK,0.6332,0.007,0.3598
SPADES SEVEN DIAMONDS NINE,0.616,0.0032,0.3808
SPADES SIX DIAMONDS NINE,0.6254,0.0048,0.3698
SPADES NINE DIAMONDS NINE,0.3472,0.0032,0.6496
SPADES EIGHT DIAMONDS NINE,0.6946,0.0246,0.2808
SPADES TEN CLUBS KING,0.5768,0.0036,0.4196
DIAMONDS NINE SPADES THREE,0.6516,0.0038,0.3446
SPADES JACK CLUBS KING,0.5714,0.0044,0.4242
DIAMONDS NINE SPADES TWO,0.6502,0.003,0.3468
SPADES FIVE DIAMONDS NINE,0.6434,0.0028,0.3538
DIAMONDS NINE SPADES FOUR,0.6472,0.0052,0.3476
CLUBS NINE DIAMONDS NINE,0.3282,0.003,0.6688
CLUBS SIX DIAMONDS NINE,0.6252,0.0032,0.3716
SPADES JACK CLUBS FOUR,0.6372,0.0042,0.3586
SPADES TEN CLUBS FOUR,0.642,0.006,0.352
CLUBS SEVEN DIAMONDS NINE,0.6148,0.0036,0.3816
CLUBS FOUR DIAMONDS NINE,0.6608,0.0046,0.3346
CLUBS FIVE DIAMONDS NINE,0.6356,0.0036,0.3608
CLUBS TWO DIAMONDS NINE,0.6582,0.0044,0.3374
CLUBS THREE DIAMONDS NINE,0.6542,0.003,0.3428
DIAMONDS NINE HEARTS EIGHT,0.688,0.017,0.295
DIAMONDS NINE HEARTS NINE,0.3402,0.0022,0.6576
HEARTS SIX DIAMONDS NINE,0.6282,0.0032,0.3686
DIAMONDS NINE HEARTS SEVEN,0.6112,0.0032,0.3856
DIAMONDS ACE DIAMONDS NINE,0.214,0.1702,0.6158
HEARTS FOUR DIAMONDS NINE,0.638,0.0038,0.3582
HEARTS FIVE DIAMONDS NINE,0.6378,0.0052,0.357
CLUBS TWO HEARTS ACE,0.5234,0.2368,0.2398
DIAMONDS QUEEN DIAMONDS NINE,0.5558,0.0024,0.4418
HEARTS TWO DIAMONDS NINE,0.6488,0.0048,0.3464
CLUBS TWO HEARTS KING,0.6502,0.0044,0.3454
SPADES KING CLUBS FOUR,0.6372,0.0054,0.3574
DIAMONDS KING DIAMONDS NINE,0.555,0.0046,0.4404
HEARTS THREE DIAMONDS NINE,0.649,0.003,0.348
CLUBS TWO HEARTS QUEEN,0.644,0.0036,0.3524
SPADES QUEEN CLUBS FOUR,0.6394,0.0042,0.3564
DIAMONDS NINE DIAMONDS JACK,0.5464,0.0046,0.449
DIAMONDS NINE DIAMONDS TEN,0.5354,0.0036,0.461
HEARTS SIX DIAMONDS TEN,0.6396,0.0028,0.3576
DIAMONDS TEN HEARTS SEVEN,0.6162,0.0024,0.3814
DIAMONDS TEN HEARTS EIGHT,0.6958,0.0244,0.2798
CLUBS FOUR CLUBS JACK,0.6084,0.0032,0.3884
DIAMONDS TEN HEARTS NINE,0.5644,0.0042,0.4314
CLUBS TEN CLUBS FOUR,0.6094,0.0054,0.3852
CLUBS FOUR CLUBS KING,0.6162,0.003,0.3808
CLUBS FOUR CLUBS QUEEN,0.605,0.0054,0.3896
CLUBS TWO DIAMONDS TEN,0.6292,0.0042,0.3666
CLUBS THREE DIAMONDS TEN,0.644,0.0044,0.3516
CLUBS FOUR CLUBS ACE,0.4982,0.2138,0.288
DIAMONDS JACK DIAMONDS TEN,0.5174,0.0048,0.4778
DIAMONDS QUEEN DIAMONDS TEN,0.5248,0.005,0.4702
HEARTS TWO DIAMONDS TEN,0.649,0.0046,0.3464
DIAMONDS KING DIAMONDS TEN,0.5386,0.0032,0.4582
HEARTS THREE DIAMONDS TEN,0.6364,0.0034,0.3602
DIAMONDS ACE DIAMONDS TEN,0.2256,0.113,0.6614
HEARTS FOUR DIAMONDS TEN,0.6302,0.0036,0.3662
HEARTS FIVE DIAMONDS TEN,0.6358,0.0052,0.359
CLUBS NINE SPADES THREE,0.6454,0.0062,0.3484
CLUBS NINE SPADES TWO,0.6516,0.0046,0.3438
CLUBS NINE SPADES FIVE,0.6336,0.0046,0.3618
CLUBS NINE SPADES FOUR,0.6552,0.0062,0.3386
CLUBS NINE SPADES SEVEN,0.6196,0.0036,0.3768
CLUBS NINE SPADES SIX,0.6252,0.0064,0.3684
CLUBS NINE SPADES NINE,0.3326,0.0054,0.662
CLUBS TEN HEARTS EIGHT,0.696,0.0236,0.2804
CLUBS NINE SPADES EIGHT,0.6992,0.0224,0.2784
CLUBS JACK HEARTS EIGHT,0.7146,0.0206,0.2648
CLUBS QUEEN HEARTS EIGHT,0.7172,0.0234,0.2594
CLUBS KING HEARTS EIGHT,0.7394,0.026,0.2346
CLUBS ACE HEARTS EIGHT,0.012,0.9712,0.0168
SPADES KING CLUBS KING,0.2778,0.0052,0.717
SPADES QUEEN CLUBS KING,0.5704,0.0056,0.424
DIAMONDS ACE HEARTS TEN,0.2352,0.1116,0.6532
HEARTS FOUR HEARTS TEN,0.5944,0.004,0.4016
DIAMONDS ACE HEARTS JACK,0.2404,0.0918,0.6678
HEARTS FOUR HEARTS JACK,0.6012,0.0068,0.392
SPADES KING CLUBS FIVE,0.6402,0.004,0.3558
SPADES QUEEN CLUBS FIVE,0.6352,0.0062,0.3586
DIAMONDS JACK HEARTS SEVEN,0.6172,0.0014,0.3814
HEARTS SIX DIAMONDS JACK,0.6442,0.0024,0.3534
DIAMONDS JACK HEARTS NINE,0.5832,0.0032,0.4136
DIAMONDS JACK HEARTS EIGHT,0.7128,0.0184,0.2688
DIAMONDS KING DIAMONDS JACK,0.5496,0.0024,0.448
HEARTS THREE DIAMONDS JACK,0.6472,0.0034,0.3494
SPADES FOUR HEARTS ACE,0.5366,0.2226,0.2408
DIAMONDS QUEEN DIAMONDS JACK,0.528,0.003,0.469
HEARTS TWO DIAMONDS JACK,0.6464,0.0024,0.3512
HEARTS FIVE DIAMONDS JACK,0.6254,0.003,0.3716
SPADES QUEEN SPADES SIX,0.6062,0.004,0.3898
SPADES FOUR HEARTS QUEEN,0.654,0.0038,0.3422
DIAMONDS ACE DIAMONDS JACK,0.223,0.0832,0.6938
HEARTS FOUR DIAMONDS JACK,0.6252,0.0032,0.3716
SPADES KING SPADES SIX,0.5968,0.0038,0.3994
HEARTS KING SPADES FOUR,0.6328,0.0036,0.3636
SPADES TEN SPADES SIX,0.6058,0.0042,0.39
SPADES JACK SPADES SIX,0.6084,0.0056,0.386
SPADES FOUR DIAMONDS JACK,0.6452,0.0034,0.3514
SPADES FIVE DIAMONDS JACK,0.6186,0.0038,0.3776
DIAMONDS JACK SPADES TWO,0.6392,0.0048,0.356
SPADES THREE DIAMONDS JACK,0.6524,0.0034,0.3442
SPADES QUEEN DIAMONDS THREE,0.6454,0.0056,0.349
SPADES KING DIAMONDS THREE,0.6348,0.0048,0.3604
CLUBS NINE DIAMONDS JACK,0.5742,0.0044,0.4214
CLUBS SIX DIAMONDS JACK,0.653,0.0042,0.3428
CLUBS SEVEN DIAMONDS JACK,0.6388,0.0048,0.3564
CLUBS FOUR DIAMONDS JACK,0.6298,0.0052,0.365
CLUBS FIVE DIAMONDS JACK,0.637,0.0038,0.3592
CLUBS TWO DIAMONDS JACK,0.6418,0.0042,0.354
CLUBS THREE DIAMONDS JACK,0.6398,0.0062,0.354
SPADES JACK HEARTS SIX,0.6388,0.0058,0.3554
SPADES TEN CLUBS FIVE,0.6438,0.0044,0.3518
SPADES JACK CLUBS FIVE,0.6334,0.0048,0.3618
HEARTS SIX SPADES TEN,0.6322,0.0032,0.3646
SPADES JACK DIAMONDS THREE,0.6352,0.005,0.3598
CLUBS SEVEN CLUBS ACE,0.5274,0.2162,0.2564
SPADES TEN DIAMONDS THREE,0.6512,0.0046,0.3442
CLUBS SEVEN CLUBS QUEEN,0.6144,0.0064,0.3792
CLUBS SEVEN CLUBS KING,0.6034,0.0054,0.3912
SPADES NINE DIAMONDS JACK,0.5902,0.004,0.4058
CLUBS TEN CLUBS SEVEN,0.5888,0.0046,0.4066
DIAMONDS ACE HEARTS ACE,0.074,0.0162,0.9098
HEARTS FOUR HEARTS ACE,0.491,0.2242,0.2848
SPADES EIGHT DIAMONDS JACK,0.7272,0.0214,0.2514
CLUBS SEVEN CLUBS JACK,0.5984,0.0038,0.3978
DIAMONDS ACE HEARTS KING,0.2496,0.0538,0.6966
HEARTS FOUR HEARTS KING,0.5878,0.003,0.4092
SPADES SEVEN DIAMONDS JACK,0.6348,0.0052,0.36
SPADES KING HEARTS SIX,0.6356,0.006,0.3584
DIAMONDS ACE HEARTS QUEEN,0.2582,0.066,0.6758
HEARTS FOUR HEARTS QUEEN,0.5964,0.0044,0.3992
SPADES SIX DIAMONDS JACK,0.6518,0.0032,0.345
SPADES QUEEN HEARTS SIX,0.633,0.0034,0.3636
SPADES TWO DIAMONDS TEN,0.6344,0.0048,0.3608
SPADES THREE DIAMONDS TEN,0.6382,0.0046,0.3572
SPADES FOUR DIAMONDS TEN,0.6318,0.004,0.3642
SPADES FIVE DIAMONDS TEN,0.6344,0.0038,0.3618
SPADES SIX DIAMONDS TEN,0.6418,0.0046,0.3536
SPADES SEVEN DIAMONDS TEN,0.6202,0.0022,0.3776
SPADES EIGHT DIAMONDS TEN,0.7052,0.0198,0.275
SPADES NINE DIAMONDS TEN,0.5846,0.0042,0.4112
CLUBS FOUR DIAMONDS TEN,0.651,0.0042,0.3448
CLUBS FIVE DIAMONDS TEN,0.6408,0.002,0.3572
CLUBS SIX DIAMONDS TEN,0.632,0.0058,0.3622
CLUBS SEVEN DIAMONDS TEN,0.6286,0.0042,0.3672
CLUBS NINE DIAMONDS TEN,0.569,0.0022,0.4288
DIAMONDS THREE CLUBS JACK,0.6454,0.0042,0.3504
CLUBS TEN DIAMONDS THREE,0.6368,0.0062,0.357
DIAMONDS THREE CLUBS KING,0.6244,0.0046,0.371
DIAMONDS THREE CLUBS QUEEN,0.6374,0.0036,0.359
DIAMONDS THREE CLUBS ACE,0.5304,0.222,0.2476
SPADES FOUR HEARTS JACK,0.6398,0.0054,0.3548
SPADES FOUR HEARTS TEN,0.637,0.0038,0.3592
SPADES FIVE SPADES TWO,0.6194,0.0044,0.3762
SPADES FOUR SPADES TWO,0.618,0.0058,0.3762
SPADES THREE SPADES TWO,0.6298,0.0068,0.3634
SPADES NINE SPADES TWO,0.6228,0.005,0.3722
SPADES EIGHT SPADES TWO,0.73,0.0304,0.2396
SPADES SEVEN SPADES TWO,0.6416,0.0052,0.3532
SPADES SIX SPADES TWO,0.6386,0.0056,0.3558
DIAMONDS QUEEN CLUBS THREE,0.6442,0.0062,0.3496
HEARTS TWO CLUBS THREE,0.6686,0.0036,0.3278
DIAMONDS QUEEN CLUBS TWO,0.6354,0.0048,0.3598
CLUBS TWO HEARTS TWO,0.4732,0.0064,0.5204
DIAMONDS QUEEN HEARTS SEVEN,0.6314,0.0022,0.3664
HEARTS TWO HEARTS SEVEN,0.6272,0.0046,0.3682
HEARTS SIX DIAMONDS QUEEN,0.6296,0.0042,0.3662
HEARTS SIX HEARTS TWO,0.6272,0.004,0.3688
DIAMONDS QUEEN HEARTS NINE,0.5916,0.0042,0.4042
HEARTS TWO HEARTS NINE,0.5998,0.0038,0.3964
DIAMONDS QUEEN HEARTS EIGHT,0.7188,0.0264,0.2548
HEARTS TWO HEARTS EIGHT,0.6976,0.0282,0.2742
CLUBS NINE HEARTS TWO,0.6392,0.0062,0.3546
CLUBS NINE DIAMONDS QUEEN,0.5916,0.0044,0.404
CLUBS FIVE DIAMONDS QUEEN,0.642,0.0058,0.3522
CLUBS FIVE HEARTS TWO,0.6634,0.0042,0.3324
SPADES EIGHT HEARTS ACE,0.0174,0.972,0.0106
CLUBS FOUR DIAMONDS QUEEN,0.6448,0.0052,0.35
CLUBS FOUR HEARTS TWO,0.6486,0.0044,0.347
SPADES EIGHT HEARTS QUEEN,0.7226,0.0268,0.2506
CLUBS SEVEN HEARTS TWO,0.6934,0.0046,0.302
CLUBS SEVEN DIAMONDS QUEEN,0.6462,0.0058,0.348
CLUBS SIX DIAMONDS QUEEN,0.6492,0.0028,0.348
CLUBS SIX HEARTS TWO,0.68,0.0056,0.3144
SPADES EIGHT HEARTS KING,0.741,0.0358,0.2232
DIAMONDS QUEEN SPADES SIX,0.6558,0.0034,0.3408
HEARTS TWO SPADES SIX,0.6706,0.006,0.3234
HEARTS FOUR CLUBS QUEEN,0.642,0.0032,0.3548
DIAMONDS ACE CLUBS QUEEN,0.2348,0.0608,0.7044
DIAMONDS QUEEN SPADES SEVEN,0.6432,0.003,0.3538
SPADES SEVEN HEARTS TWO,0.6738,0.0046,0.3216
HEARTS FOUR CLUBS KING,0.6364,0.0046,0.359
DIAMONDS ACE CLUBS KING,0.2418,0.049,0.7092
SPADES EIGHT DIAMONDS QUEEN,0.7462,0.019,0.2348
SPADES EIGHT HEARTS TWO,0.7498,0.0306,0.2196
HEARTS FOUR CLUBS ACE,0.511,0.2298,0.2592
DIAMONDS ACE CLUBS ACE,0.0526,0.0152,0.9322
SPADES NINE DIAMONDS QUEEN,0.575,0.0034,0.4216
SPADES NINE HEARTS TWO,0.6532,0.0044,0.3424
HEARTS TWO SPADES TWO,0.478,0.0042,0.5178
DIAMONDS QUEEN SPADES TWO,0.6594,0.0062,0.3344
HEARTS TWO SPADES THREE,0.6546,0.0042,0.3412
DIAMONDS QUEEN SPADES THREE,0.6522,0.0034,0.3444
HEARTS TWO SPADES FOUR,0.6442,0.0072,0.3486
DIAMONDS QUEEN SPADES FOUR,0.638,0.0042,0.3578
HEARTS FOUR CLUBS TEN,0.6366,0.0028,0.3606
CLUBS TEN DIAMONDS ACE,0.2254,0.1194,0.6552
HEARTS TWO SPADES FIVE,0.6488,0.0042,0.347
DIAMONDS QUEEN SPADES FIVE,0.6276,0.0052,0.3672
HEARTS FOUR CLUBS JACK,0.6224,0.003,0.3746
DIAMONDS ACE CLUBS JACK,0.2402,0.089,0.6708
CLUBS FIVE CLUBS KING,0.597,0.0048,0.3982
CLUBS FIVE CLUBS QUEEN,0.5894,0.0042,0.4064
CLUBS FIVE CLUBS ACE,0.5046,0.217,0.2784
CLUBS FIVE CLUBS JACK,0.5984,0.0048,0.3968
CLUBS TEN CLUBS FIVE,0.6096,0.005,0.3854
SPADES KING CLUBS JACK,0.5802,0.0048,0.415
SPADES QUEEN CLUBS JACK,0.5544,0.0054,0.4402
SPADES SIX CLUBS KING,0.6446,0.007,0.3484
SPADES SIX CLUBS QUEEN,0.6432,0.004,0.3528
SPADES EIGHT HEARTS JACK,0.7134,0.024,0.2626
SPADES SIX CLUBS ACE,0.5508,0.2216,0.2276
SPADES EIGHT HEARTS TEN,0.6944,0.0248,0.2808
SPADES SIX CLUBS JACK,0.649,0.0042,0.3468
CLUBS TEN SPADES SIX,0.6272,0.0034,0.3694
SPADES TEN CLUBS JACK,0.559,0.0048,0.4362
SPADES JACK CLUBS JACK,0.3226,0.0028,0.6746
SPADES QUEEN CLUBS SEVEN,0.6514,0.0058,0.3428
SPADES KING CLUBS SEVEN,0.649,0.0034,0.3476
SPADES SIX HEARTS TEN,0.6378,0.0048,0.3574
SPADES SIX HEARTS JACK,0.6326,0.005,0.3624
SPADES SIX HEARTS ACE,0.5478,0.2192,0.233
SPADES SIX HEARTS KING,0.6586,0.0032,0.3382
SPADES SIX HEARTS QUEEN,0.6404,0.0054,0.3542
SPADES JACK CLUBS SEVEN,0.6346,0.0046,0.3608
SPADES TEN CLUBS SEVEN,0.6292,0.0026,0.3682
CLUBS TEN HEARTS SIX,0.6286,0.0024,0.369
HEARTS SIX CLUBS JACK,0.6446,0.0058,0.3496
CLUBS ACE CLUBS JACK,0.2292,0.0894,0.6814
HEARTS SIX CLUBS QUEEN,0.6396,0.0048,0.3556
HEARTS SIX CLUBS KING,0.6386,0.0038,0.3576
HEARTS SIX CLUBS ACE,0.54,0.227,0.233
CLUBS QUEEN CLUBS JACK,0.5362,0.0054,0.4584
CLUBS KING CLUBS JACK,0.5488,0.006,0.4452
DIAMONDS THREE HEARTS ACE,0.5356,0.2278,0.2366
DIAMONDS THREE HEARTS QUEEN,0.6352,0.0034,0.3614
DIAMONDS THREE HEARTS KING,0.6492,0.0036,0.3472
CLUBS FIVE HEARTS JACK,0.6438,0.0038,0.3524
HEARTS FOUR SPADES TEN,0.6338,0.004,0.3622
SPADES TEN DIAMONDS ACE,0.2256,0.1174,0.657
CLUBS FIVE HEARTS TEN,0.6356,0.0044,0.36
HEARTS FOUR SPADES JACK,0.6274,0.0042,0.3684
SPADES JACK DIAMONDS ACE,0.2358,0.0936,0.6706
CLUBS FIVE HEARTS ACE,0.5288,0.2336,0.2376
CLUBS FIVE HEARTS KING,0.632,0.0046,0.3634
SPADES QUEEN DIAMONDS ACE,0.2396,0.071,0.6894
HEARTS FOUR SPADES QUEEN,0.6384,0.0044,0.3572
SPADES FOUR CLUBS JACK,0.6338,0.0054,0.3608
CLUBS FIVE HEARTS QUEEN,0.6358,0.0036,0.3606
SPADES KING HEARTS FOUR,0.6436,0.0024,0.354
SPADES KING DIAMONDS ACE,0.2656,0.0478,0.6866
CLUBS TEN SPADES FOUR,0.6396,0.006,0.3544
DIAMONDS QUEEN DIAMONDS ACE,0.2234,0.0584,0.7182
HEARTS TWO DIAMONDS ACE,0.5344,0.2226,0.243
HEARTS FOUR DIAMONDS QUEEN,0.6336,0.0034,0.363
HEARTS FOUR HEARTS TWO,0.6012,0.0042,0.3946
DIAMONDS THREE HEARTS TEN,0.6338,0.0036,0.3626
SPADES FOUR CLUBS KING,0.639,0.0052,0.3558
HEARTS FIVE DIAMONDS QUEEN,0.6406,0.0034,0.356
HEARTS FIVE HEARTS TWO,0.6258,0.0034,0.3708
DIAMONDS THREE HEARTS JACK,0.6294,0.0036,0.367
SPADES FOUR CLUBS QUEEN,0.6322,0.0056,0.3622
DIAMONDS QUEEN HEARTS TWO,0.6358,0.0052,0.359
DIAMONDS KING DIAMONDS QUEEN,0.5316,0.0044,0.464
DIAMONDS KING HEARTS TWO,0.6462,0.0032,0.3506
HEARTS THREE DIAMONDS QUEEN,0.6304,0.004,0.3656
HEARTS THREE HEARTS TWO,0.6144,0.0052,0.3804
SPADES FOUR CLUBS ACE,0.5342,0.2282,0.2376
HEARTS TWO CLUBS ACE,0.5322,0.2274,0.2404
DIAMONDS QUEEN CLUBS ACE,0.24,0.0606,0.6994
HEARTS TWO CLUBS QUEEN,0.638,0.0046,0.3574
DIAMONDS QUEEN CLUBS QUEEN,0.2982,0.0038,0.698
HEARTS TWO CLUBS KING,0.6332,0.0054,0.3614
DIAMONDS QUEEN CLUBS KING,0.5662,0.0052,0.4286
SPADES EIGHT SPADES FIVE,0.6842,0.031,0.2848
CLUBS TEN HEARTS TWO,0.6302,0.005,0.3648
CLUBS TEN DIAMONDS QUEEN,0.5572,0.0034,0.4394
SPADES NINE SPADES FIVE,0.615,0.0038,0.3812
HEARTS TWO CLUBS JACK,0.6328,0.003,0.3642
DIAMONDS QUEEN CLUBS JACK,0.5548,0.0048,0.4404
SPADES SIX SPADES FIVE,0.6088,0.0062,0.385
SPADES SEVEN SPADES FIVE,0.5914,0.0072,0.4014
DIAMONDS FIVE CLUBS QUEEN,0.6274,0.0058,0.3668
SPADES EIGHT CLUBS ACE,0.0044,0.9888,0.0068
DIAMONDS FIVE CLUBS KING,0.6468,0.0034,0.3498
SPADES EIGHT CLUBS KING,0.735,0.0236,0.2414
CLUBS ACE DIAMONDS FIVE,0.5234,0.2276,0.249
SPADES EIGHT CLUBS QUEEN,0.7324,0.0256,0.242
SPADES EIGHT CLUBS JACK,0.7204,0.0216,0.258
CLUBS TEN SPADES EIGHT,0.7016,0.0238,0.2746
CLUBS TEN DIAMONDS FIVE,0.6312,0.0028,0.366
DIAMONDS FIVE CLUBS JACK,0.616,0.0044,0.3796
HEARTS JACK DIAMONDS TEN,0.559,0.0034,0.4376
DIAMONDS TEN HEARTS TEN,0.3132,0.0032,0.6836
CLUBS NINE SPADES QUEEN,0.5888,0.0036,0.4076
SPADES KING CLUBS NINE,0.6014,0.0056,0.393
HEARTS SIX HEARTS KING,0.5838,0.0042,0.412
DIAMONDS KING SPADES SEVEN,0.6404,0.0042,0.3554
HEARTS THREE SPADES SEVEN,0.674,0.0044,0.3216
SPADES KING DIAMONDS SEVEN,0.6456,0.0046,0.3498
HEARTS SIX HEARTS QUEEN,0.6012,0.0032,0.3956
DIAMONDS KING SPADES SIX,0.642,0.002,0.356
HEARTS THREE SPADES SIX,0.6592,0.0062,0.3346
SPADES QUEEN DIAMONDS SEVEN,0.6498,0.0038,0.3464
SPADES NINE DIAMONDS KING,0.5898,0.0046,0.4056
HEARTS THREE SPADES NINE,0.6458,0.0058,0.3484
HEARTS SIX HEARTS ACE,0.5032,0.219,0.2778
DIAMONDS KING SPADES EIGHT,0.748,0.0256,0.2264
HEARTS THREE SPADES EIGHT,0.7472,0.0268,0.226
CLUBS NINE HEARTS THREE,0.65,0.0054,0.3446
CLUBS NINE DIAMONDS KING,0.5756,0.0034,0.421
HEARTS THREE SPADES THREE,0.48,0.0044,0.5156
