opposingHand,winningChance,drawChance,lostChance
SPADES SIX HEARTS NINE
HEARTS FIVE SPADES TEN,0.3908,0.0304,0.5788
SPADES JACK HEARTS FIVE,0.398,0.0194,0.5826
SPADES FIVE CLUBS JACK,0.42,0.0192,0.5608
CLUBS TEN SPADES FIVE,0.4078,0.03,0.5622
CLUBS EIGHT CLUBS JACK,0.3384,0.0166,0.645
CLUBS TEN CLUBS EIGHT,0.3302,0.0224,0.6474
CLUBS EIGHT CLUBS KING,0.364,0.0054,0.6306
SPADES FIVE CLUBS ACE,0.4096,0.0036,0.5868
CLUBS EIGHT CLUBS QUEEN,0.3358,0.0106,0.6536
SPADES FIVE CLUBS KING,0.415,0.0062,0.5788
SPADES FIVE CLUBS QUEEN,0.4136,0.0144,0.572
CLUBS EIGHT CLUBS ACE,0.3472,0.0054,0.6474
DIAMONDS TWO DIAMONDS THREE,0.57,0.0434,0.3866
DIAMONDS TWO DIAMONDS FIVE,0.579,0.0382,0.3828
SPADES KING HEARTS FIVE,0.4036,0.0082,0.5882
DIAMONDS TWO DIAMONDS FOUR,0.5806,0.0424,0.377
SPADES QUEEN HEARTS FIVE,0.4128,0.0136,0.5736
DIAMONDS TWO DIAMONDS SEVEN,0.5862,0.0398,0.374
DIAMONDS TWO DIAMONDS SIX,0.6166,0.1102,0.2732
SPADES ACE HEARTS FIVE,0.3976,0.0054,0.597
DIAMONDS TWO DIAMONDS NINE,0.3858,0.3444,0.2698
DIAMONDS TWO DIAMONDS EIGHT,0.5804,0.0412,0.3784
DIAMONDS THREE DIAMONDS FOUR,0.5684,0.0378,0.3938
SPADES FOUR CLUBS TWO,0.6182,0.0452,0.3366
DIAMONDS THREE DIAMONDS FIVE,0.57,0.0398,0.3902
SPADES FIVE CLUBS TWO,0.6156,0.0496,0.3348
CLUBS TWO SPADES TWO,0.4182,0.0796,0.5022
CLUBS TWO SPADES THREE,0.6198,0.0446,0.3356
DIAMONDS THREE DIAMONDS EIGHT,0.5902,0.0414,0.3684
SPADES EIGHT CLUBS TWO,0.6212,0.045,0.3338
DIAMONDS THREE DIAMONDS NINE,0.3764,0.3506,0.273
SPADES NINE CLUBS TWO,0.4012,0.3764,0.2224
DIAMONDS THREE DIAMONDS SIX,0.6112,0.1038,0.285
DIAMONDS THREE DIAMONDS SEVEN,0.5968,0.0354,0.3678
SPADES SEVEN CLUBS TWO,0.6352,0.039,0.3258
CLUBS SIX CLUBS TWO,0.6158,0.1068,0.2774
CLUBS SEVEN CLUBS TWO,0.5782,0.04,0.3818
CLUBS FOUR CLUBS TWO,0.5744,0.0428,0.3828
CLUBS FIVE CLUBS TWO,0.5808,0.0414,0.3778
CLUBS TEN CLUBS JACK,0.298,0.0128,0.6892
DIAMONDS FOUR DIAMONDS SIX,0.5954,0.1052,0.2994
CLUBS TEN CLUBS QUEEN,0.317,0.0084,0.6746
DIAMONDS FOUR DIAMONDS SEVEN,0.5628,0.0408,0.3964
CLUBS TEN CLUBS KING,0.3154,0.0062,0.6784
CLUBS TEN CLUBS ACE,0.3248,0.0042,0.671
CLUBS EIGHT CLUBS TWO,0.5898,0.0368,0.3734
DIAMONDS FIVE DIAMONDS FOUR,0.556,0.0416,0.4024
CLUBS NINE CLUBS TWO,0.3992,0.3332,0.2676
DIAMONDS NINE DIAMONDS FOUR,0.3954,0.3408,0.2638
DIAMONDS EIGHT DIAMONDS FOUR,0.5724,0.0424,0.3852
CLUBS THREE CLUBS TWO,0.5728,0.0392,0.388
DIAMONDS NINE DIAMONDS FIVE,0.3874,0.3464,0.2662
DIAMONDS TWO CLUBS JACK,0.4214,0.0162,0.5624
DIAMONDS EIGHT DIAMONDS FIVE,0.5612,0.0408,0.398
CLUBS TEN DIAMONDS TWO,0.4188,0.0298,0.5514
DIAMONDS FIVE DIAMONDS SEVEN,0.5498,0.039,0.4112
DIAMONDS FIVE DIAMONDS SIX,0.5868,0.0986,0.3146
DIAMONDS TWO CLUBS ACE,0.4116,0.0046,0.5838
DIAMONDS TWO CLUBS KING,0.4198,0.0078,0.5724
DIAMONDS TWO CLUBS QUEEN,0.421,0.0108,0.5682
DIAMONDS EIGHT DIAMONDS SIX,0.6014,0.101,0.2976
DIAMONDS NINE DIAMONDS SIX,0.0214,0.908,0.0706
HEARTS ACE SPADES THREE,0.4118,0.0052,0.583
SPADES THREE HEARTS KING,0.4252,0.0098,0.565
DIAMONDS SEVEN DIAMONDS SIX,0.597,0.1006,0.3024
SPADES THREE HEARTS QUEEN,0.4104,0.0134,0.5762
SPADES THREE HEARTS JACK,0.406,0.0198,0.5742
SPADES THREE HEARTS TEN,0.409,0.0284,0.5626
DIAMONDS EIGHT DIAMONDS SEVEN,0.52,0.0382,0.4418
DIAMONDS NINE DIAMONDS SEVEN,0.2164,0.2786,0.505
DIAMONDS NINE DIAMONDS EIGHT,0.2158,0.2142,0.57
DIAMONDS KING HEARTS TEN,0.3396,0.0048,0.6556
HEARTS THREE HEARTS TEN,0.3986,0.0274,0.574
SPADES JACK CLUBS SIX,0.2436,0.0628,0.6936
DIAMONDS KING HEARTS JACK,0.3526,0.005,0.6424
HEARTS THREE HEARTS JACK,0.3842,0.0202,0.5956
SPADES TEN CLUBS SIX,0.2402,0.0828,0.677
SPADES JACK SPADES FIVE,0.3746,0.016,0.6094
SPADES TEN SPADES FIVE,0.3934,0.0294,0.5772
DIAMONDS KING HEARTS ACE,0.3396,0.0026,0.6578
HEARTS THREE HEARTS ACE,0.3854,0.0056,0.609
SPADES ACE CLUBS SIX,0.2658,0.023,0.7112
DIAMONDS KING HEARTS QUEEN,0.3332,0.0054,0.6614
HEARTS THREE HEARTS QUEEN,0.4012,0.0122,0.5866
SPADES KING CLUBS SIX,0.2642,0.034,0.7018
DIAMONDS KING HEARTS KING,0.143,0.0118,0.8452
HEARTS THREE HEARTS KING,0.402,0.0082,0.5898
SPADES QUEEN CLUBS SIX,0.2618,0.044,0.6942
SPADES NINE HEARTS TEN,0.2266,0.0782,0.6952
SPADES NINE HEARTS JACK,0.2232,0.0586,0.7182
SPADES QUEEN SPADES FIVE,0.3732,0.0126,0.6142
SPADES KING SPADES FIVE,0.3986,0.0104,0.591
SPADES ACE SPADES FIVE,0.3876,0.0042,0.6082
SPADES NINE HEARTS QUEEN,0.2462,0.0516,0.7022
SPADES NINE HEARTS KING,0.2502,0.0348,0.715
SPADES NINE HEARTS ACE,0.247,0.0262,0.7268
CLUBS TEN SPADES JACK,0.3148,0.0184,0.6668
CLUBS TEN SPADES TEN,0.1574,0.0368,0.8058
SPADES ACE CLUBS TEN,0.336,0.0034,0.6606
SPADES KING CLUBS TEN,0.3354,0.0054,0.6592
CLUBS TEN SPADES QUEEN,0.325,0.0086,0.6664
SPADES FIVE HEARTS QUEEN,0.409,0.0142,0.5768
SPADES FIVE HEARTS KING,0.4106,0.0088,0.5806
SPADES FIVE HEARTS ACE,0.406,0.0034,0.5906
CLUBS EIGHT SPADES TEN,0.3408,0.026,0.6332
HEARTS THREE SPADES JACK,0.409,0.0194,0.5716
SPADES JACK DIAMONDS KING,0.3352,0.0058,0.659
SPADES TEN DIAMONDS KING,0.339,0.0064,0.6546
HEARTS THREE SPADES TEN,0.41,0.026,0.564
SPADES JACK CLUBS EIGHT,0.3684,0.0148,0.6168
CLUBS SIX HEARTS ACE,0.2662,0.0258,0.708
SPADES ACE CLUBS EIGHT,0.371,0.0044,0.6246
HEARTS FIVE CLUBS JACK,0.4082,0.0162,0.5756
CLUBS TEN HEARTS FIVE,0.4096,0.0248,0.5656
CLUBS SIX HEARTS QUEEN,0.2654,0.0516,0.683
SPADES QUEEN CLUBS EIGHT,0.362,0.0102,0.6278
CLUBS TEN SPADES THREE,0.416,0.0234,0.5606
CLUBS SIX HEARTS KING,0.2676,0.031,0.7014
SPADES KING CLUBS EIGHT,0.3798,0.0074,0.6128
SPADES THREE CLUBS JACK,0.4276,0.0168,0.5556
DIAMONDS TWO HEARTS JACK,0.4214,0.0194,0.5592
SPADES THREE CLUBS QUEEN,0.4192,0.0098,0.571
DIAMONDS TWO HEARTS TEN,0.4154,0.0234,0.5612
SPADES THREE CLUBS KING,0.4238,0.0088,0.5674
HEARTS FIVE CLUBS ACE,0.4094,0.0048,0.5858
SPADES FIVE HEARTS TEN,0.4,0.0272,0.5728
SPADES THREE CLUBS ACE,0.4094,0.0046,0.586
HEARTS FIVE CLUBS KING,0.4066,0.0054,0.588
SPADES FIVE HEARTS JACK,0.4164,0.0178,0.5658
HEARTS FIVE CLUBS QUEEN,0.4124,0.0088,0.5788
HEARTS THREE CLUBS KING,0.409,0.007,0.584
DIAMONDS KING CLUBS KING,0.1728,0.0106,0.8166
HEARTS THREE CLUBS QUEEN,0.4148,0.0118,0.5734
DIAMONDS KING CLUBS QUEEN,0.3498,0.007,0.6432
HEARTS FIVE HEARTS JACK,0.3898,0.0166,0.5936
HEARTS FIVE HEARTS TEN,0.3772,0.0262,0.5966
HEARTS THREE CLUBS ACE,0.4064,0.0048,0.5888
DIAMONDS KING CLUBS ACE,0.341,0.0022,0.6568
SPADES ACE CLUBS QUEEN,0.3498,0.0036,0.6466
SPADES KING CLUBS QUEEN,0.3434,0.0074,0.6492
HEARTS THREE CLUBS JACK,0.4118,0.0176,0.5706
DIAMONDS KING CLUBS JACK,0.3418,0.0064,0.6518
SPADES QUEEN CLUBS QUEEN,0.1706,0.0256,0.8038
CLUBS TEN HEARTS THREE,0.4226,0.0322,0.5452
CLUBS TEN DIAMONDS KING,0.345,0.0074,0.6476
SPADES JACK CLUBS QUEEN,0.3376,0.0114,0.651
CLUBS SIX CLUBS QUEEN,0.2532,0.0394,0.7074
SPADES TEN CLUBS QUEEN,0.337,0.0084,0.6546
CLUBS SIX CLUBS KING,0.2454,0.0346,0.72
CLUBS SIX CLUBS ACE,0.2582,0.0202,0.7216
HEARTS FIVE HEARTS KING,0.3934,0.0062,0.6004
HEARTS FIVE HEARTS QUEEN,0.401,0.0106,0.5884
CLUBS TEN CLUBS SIX,0.235,0.0706,0.6944
HEARTS FIVE HEARTS ACE,0.384,0.0078,0.6082
CLUBS SIX CLUBS JACK,0.2506,0.0542,0.6952
SPADES SEVEN HEARTS JACK,0.3592,0.0162,0.6246
SPADES SEVEN HEARTS TEN,0.3474,0.0236,0.629
DIAMONDS TWO CLUBS TWO,0.4046,0.0786,0.5168
DIAMONDS TWO CLUBS THREE,0.6068,0.0446,0.3486
HEARTS SIX DIAMONDS TWO,0.649,0.113,0.238
DIAMONDS TWO HEARTS QUEEN,0.4134,0.011,0.5756
DIAMONDS TWO HEARTS SEVEN,0.6268,0.0438,0.3294
DIAMONDS TWO HEARTS KING,0.418,0.0106,0.5714
DIAMONDS TWO HEARTS EIGHT,0.6446,0.0386,0.3168
DIAMONDS TWO HEARTS ACE,0.3994,0.0046,0.596
DIAMONDS TWO DIAMONDS QUEEN,0.3928,0.013,0.5942
DIAMONDS TWO HEARTS TWO,0.4114,0.0704,0.5182
DIAMONDS TWO DIAMONDS KING,0.4022,0.007,0.5908
HEARTS THREE DIAMONDS TWO,0.6072,0.0468,0.346
DIAMONDS TWO DIAMONDS ACE,0.3812,0.0026,0.6162
HEARTS FOUR DIAMONDS TWO,0.615,0.0444,0.3406
DIAMONDS TWO HEARTS FIVE,0.6168,0.0446,0.3386
SPADES SEVEN HEARTS ACE,0.3612,0.0034,0.6354
DIAMONDS TWO DIAMONDS TEN,0.383,0.0256,0.5914
SPADES SEVEN HEARTS KING,0.383,0.0062,0.6108
DIAMONDS TWO DIAMONDS JACK,0.391,0.0162,0.5928
SPADES SEVEN HEARTS QUEEN,0.3702,0.0124,0.6174
DIAMONDS TWO SPADES NINE,0.406,0.3778,0.2162
DIAMONDS TWO SPADES EIGHT,0.6224,0.0418,0.3358
DIAMONDS TWO SPADES SEVEN,0.6272,0.0408,0.332
DIAMONDS TWO SPADES FIVE,0.6082,0.0468,0.345
DIAMONDS TWO SPADES FOUR,0.6172,0.0448,0.338
DIAMONDS TWO SPADES THREE,0.6202,0.048,0.3318
DIAMONDS TWO SPADES TWO,0.4082,0.0786,0.5132
CLUBS NINE DIAMONDS TWO,0.4148,0.3654,0.2198
DIAMONDS TWO CLUBS EIGHT,0.6374,0.04,0.3226
CLUBS SEVEN DIAMONDS TWO,0.6148,0.0392,0.346
DIAMONDS TWO CLUBS SIX,0.6558,0.108,0.2362
DIAMONDS TWO CLUBS FIVE,0.6114,0.0414,0.3472
DIAMONDS TWO CLUBS FOUR,0.6274,0.045,0.3276
CLUBS FOUR SPADES FIVE,0.6094,0.0428,0.3478
CLUBS FOUR SPADES FOUR,0.4106,0.0734,0.516
CLUBS FOUR SPADES THREE,0.6066,0.0394,0.354
CLUBS FOUR SPADES TWO,0.6146,0.0474,0.338
SPADES NINE CLUBS FOUR,0.4082,0.3688,0.223
SPADES EIGHT CLUBS FOUR,0.5986,0.0464,0.355
SPADES SEVEN CLUBS FOUR,0.607,0.04,0.353
SPADES ACE DIAMONDS SIX,0.259,0.0198,0.7212
SPADES QUEEN DIAMONDS SIX,0.2588,0.0448,0.6964
SPADES KING DIAMONDS SIX,0.2594,0.0366,0.704
SPADES TEN DIAMONDS SIX,0.2454,0.082,0.6726
SPADES JACK DIAMONDS SIX,0.256,0.0568,0.6872
SPADES QUEEN SPADES TWO,0.4156,0.012,0.5724
SPADES KING SPADES TWO,0.3948,0.0058,0.5994
SPADES ACE SPADES TWO,0.3778,0.005,0.6172
DIAMONDS JACK CLUBS JACK,0.1716,0.0246,0.8038
CLUBS TEN DIAMONDS JACK,0.3178,0.0122,0.67
DIAMONDS JACK CLUBS KING,0.3454,0.0056,0.649
DIAMONDS JACK CLUBS QUEEN,0.3392,0.0076,0.6532
DIAMONDS THREE DIAMONDS JACK,0.3952,0.0184,0.5864
DIAMONDS THREE DIAMONDS TEN,0.387,0.0228,0.5902
DIAMONDS JACK CLUBS ACE,0.3526,0.003,0.6444
DIAMONDS THREE DIAMONDS KING,0.384,0.0092,0.6068
HEARTS THREE DIAMONDS THREE,0.4014,0.0776,0.521
DIAMONDS THREE DIAMONDS QUEEN,0.4016,0.0132,0.5852
DIAMONDS THREE HEARTS TWO,0.6224,0.0488,0.3288
HEARTS FIVE DIAMONDS THREE,0.6056,0.0396,0.3548
DIAMONDS THREE DIAMONDS ACE,0.3894,0.0034,0.6072
HEARTS FOUR DIAMONDS THREE,0.6144,0.0466,0.339
DIAMONDS THREE HEARTS SEVEN,0.6088,0.0468,0.3444
SPADES TEN SPADES NINE,0.2374,0.073,0.6896
HEARTS SIX DIAMONDS THREE,0.6476,0.108,0.2444
SPADES JACK SPADES NINE,0.2248,0.0598,0.7154
HEARTS JACK DIAMONDS FOUR,0.4194,0.0176,0.563
HEARTS ACE HEARTS KING,0.3224,0.0044,0.6732
SPADES TEN SPADES TWO,0.393,0.0244,0.5826
DIAMONDS THREE HEARTS EIGHT,0.6326,0.0476,0.3198
HEARTS TEN DIAMONDS FOUR,0.417,0.024,0.559
SPADES JACK SPADES TWO,0.409,0.0156,0.5754
HEARTS QUEEN DIAMONDS FOUR,0.4078,0.0114,0.5808
HEARTS KING DIAMONDS FOUR,0.4098,0.0074,0.5828
SPADES ACE SPADES NINE,0.2426,0.023,0.7344
HEARTS ACE DIAMONDS FOUR,0.4024,0.0024,0.5952
SPADES KING SPADES NINE,0.262,0.0322,0.7058
SPADES QUEEN SPADES NINE,0.2508,0.0432,0.706
DIAMONDS THREE SPADES NINE,0.4056,0.3736,0.2208
DIAMONDS THREE SPADES EIGHT,0.6184,0.0404,0.3412
DIAMONDS THREE SPADES SEVEN,0.6128,0.0424,0.3448
DIAMONDS THREE CLUBS SIX,0.6526,0.1062,0.2412
CLUBS FIVE CLUBS SIX,0.5772,0.1052,0.3176
CLUBS ACE DIAMONDS FOUR,0.4126,0.0046,0.5828
CLUBS SEVEN DIAMONDS THREE,0.6178,0.0442,0.338
CLUBS SEVEN CLUBS FIVE,0.5502,0.0394,0.4104
DIAMONDS THREE CLUBS FOUR,0.5972,0.0454,0.3574
DIAMONDS FOUR CLUBS QUEEN,0.4182,0.0114,0.5704
DIAMONDS THREE CLUBS FIVE,0.5902,0.0438,0.366
CLUBS KING DIAMONDS FOUR,0.4194,0.0066,0.574
DIAMONDS THREE CLUBS TWO,0.6248,0.0392,0.336
CLUBS TEN DIAMONDS FOUR,0.426,0.0294,0.5446
DIAMONDS THREE CLUBS THREE,0.4032,0.0782,0.5186
DIAMONDS FOUR CLUBS JACK,0.4084,0.0168,0.5748
DIAMONDS THREE SPADES FOUR,0.5974,0.0458,0.3568
DIAMONDS THREE SPADES FIVE,0.6052,0.0434,0.3514
DIAMONDS THREE SPADES TWO,0.6134,0.0484,0.3382
DIAMONDS THREE SPADES THREE,0.4156,0.0762,0.5082
CLUBS EIGHT DIAMONDS THREE,0.6202,0.041,0.3388
CLUBS NINE DIAMONDS THREE,0.4176,0.368,0.2144
SPADES SEVEN CLUBS ACE,0.3472,0.0038,0.649
SPADES SEVEN CLUBS QUEEN,0.3738,0.011,0.6152
SPADES SEVEN CLUBS KING,0.3818,0.008,0.6102
CLUBS FIVE SPADES SEVEN,0.5822,0.0482,0.3696
CLUBS TEN SPADES SEVEN,0.3476,0.03,0.6224
SPADES SEVEN CLUBS JACK,0.3552,0.0172,0.6276
CLUBS FIVE SPADES NINE,0.3962,0.3786,0.2252
CLUBS FIVE SPADES EIGHT,0.6004,0.0408,0.3588
CLUBS FIVE SPADES THREE,0.617,0.041,0.342
CLUBS FIVE SPADES TWO,0.6232,0.0468,0.33
CLUBS FIVE SPADES FIVE,0.3938,0.077,0.5292
CLUBS FIVE SPADES FOUR,0.5944,0.047,0.3586
CLUBS NINE CLUBS FIVE,0.378,0.3636,0.2584
CLUBS EIGHT CLUBS FIVE,0.5606,0.0428,0.3966
CLUBS ACE CLUBS QUEEN,0.3288,0.0028,0.6684
CLUBS KING CLUBS QUEEN,0.3214,0.0044,0.6742
DIAMONDS TEN DIAMONDS FOUR,0.4092,0.023,0.5678
CLUBS TEN DIAMONDS NINE,0.2408,0.0746,0.6846
DIAMONDS JACK DIAMONDS FOUR,0.3942,0.0142,0.5916
DIAMONDS NINE CLUBS JACK,0.2316,0.0552,0.7132
SPADES NINE CLUBS JACK,0.2358,0.0646,0.6996
CLUBS TEN SPADES NINE,0.2188,0.084,0.6972
DIAMONDS ACE DIAMONDS FOUR,0.3888,0.006,0.6052
HEARTS FOUR DIAMONDS FOUR,0.399,0.0728,0.5282
DIAMONDS JACK HEARTS TEN,0.318,0.014,0.668
SPADES NINE CLUBS KING,0.2526,0.0356,0.7118
DIAMONDS TWO SPADES TEN,0.4098,0.0276,0.5626
DIAMONDS NINE CLUBS ACE,0.2726,0.024,0.7034
HEARTS FIVE DIAMONDS FOUR,0.605,0.0446,0.3504
DIAMONDS JACK HEARTS JACK,0.1616,0.0328,0.8056
SPADES NINE CLUBS QUEEN,0.2632,0.046,0.6908
DIAMONDS TWO SPADES JACK,0.4082,0.0204,0.5714
DIAMONDS QUEEN DIAMONDS FOUR,0.3952,0.0126,0.5922
HEARTS TWO DIAMONDS FOUR,0.62,0.0404,0.3396
DIAMONDS NINE CLUBS QUEEN,0.2696,0.0426,0.6878
DIAMONDS KING DIAMONDS FOUR,0.372,0.006,0.622
HEARTS THREE DIAMONDS FOUR,0.6094,0.0434,0.3472
SPADES NINE CLUBS ACE,0.2606,0.0222,0.7172
DIAMONDS NINE CLUBS KING,0.2622,0.0322,0.7056
HEARTS ACE DIAMONDS JACK,0.336,0.0042,0.6598
SPADES ACE DIAMONDS TWO,0.4024,0.0044,0.5932
HEARTS QUEEN DIAMONDS JACK,0.3378,0.0082,0.654
SPADES QUEEN DIAMONDS TWO,0.4156,0.0126,0.5718
DIAMONDS JACK HEARTS KING,0.332,0.006,0.662
SPADES KING DIAMONDS TWO,0.4308,0.0078,0.5614
SPADES JACK SPADES SEVEN,0.3482,0.016,0.6358
SPADES TEN SPADES SEVEN,0.3436,0.0228,0.6336
CLUBS SEVEN CLUBS THREE,0.563,0.0414,0.3956
CLUBS SIX CLUBS THREE,0.587,0.1086,0.3044
CLUBS FIVE CLUBS THREE,0.5728,0.038,0.3892
CLUBS THREE CLUBS FOUR,0.5666,0.0414,0.392
CLUBS NINE CLUBS THREE,0.3712,0.3558,0.273
CLUBS EIGHT CLUBS THREE,0.5782,0.0444,0.3774
CLUBS THREE SPADES FIVE,0.6114,0.0454,0.3432
CLUBS THREE SPADES FOUR,0.6068,0.041,0.3522
CLUBS THREE SPADES THREE,0.4128,0.0732,0.514
CLUBS THREE SPADES TWO,0.619,0.0442,0.3368
CLUBS THREE SPADES SEVEN,0.617,0.0418,0.3412
SPADES EIGHT CLUBS THREE,0.6176,0.0412,0.3412
SPADES NINE CLUBS THREE,0.3998,0.3722,0.228
SPADES TWO DIAMONDS FOUR,0.6076,0.0468,0.3456
SPADES THREE DIAMONDS FOUR,0.6166,0.0442,0.3392
SPADES FOUR DIAMONDS FOUR,0.4124,0.075,0.5126
SPADES FIVE DIAMONDS FOUR,0.602,0.0426,0.3554
SPADES SEVEN DIAMONDS FOUR,0.6036,0.045,0.3514
SPADES EIGHT DIAMONDS FOUR,0.6092,0.0428,0.348
SPADES NINE DIAMONDS FOUR,0.3982,0.38,0.2218
CLUBS FIVE DIAMONDS FOUR,0.5994,0.0426,0.358
CLUBS FOUR DIAMONDS FOUR,0.4072,0.0738,0.519
CLUBS SEVEN DIAMONDS FOUR,0.6048,0.042,0.3532
CLUBS SIX DIAMONDS FOUR,0.6404,0.1064,0.2532
CLUBS NINE DIAMONDS FOUR,0.4164,0.3698,0.2138
CLUBS EIGHT DIAMONDS FOUR,0.6204,0.0392,0.3404
DIAMONDS FOUR HEARTS SEVEN,0.624,0.0346,0.3414
HEARTS SIX DIAMONDS FOUR,0.636,0.1186,0.2454
DIAMONDS FOUR HEARTS EIGHT,0.6142,0.0452,0.3406
CLUBS THREE DIAMONDS FOUR,0.612,0.0426,0.3454
CLUBS TWO DIAMONDS FOUR,0.6202,0.0398,0.34
DIAMONDS TEN DIAMONDS FIVE,0.3848,0.0228,0.5924
DIAMONDS JACK DIAMONDS FIVE,0.3776,0.0164,0.606
DIAMONDS NINE HEARTS QUEEN,0.2582,0.0406,0.7012
DIAMONDS NINE HEARTS KING,0.2682,0.0346,0.6972
HEARTS ACE DIAMONDS NINE,0.248,0.0264,0.7256
DIAMONDS NINE HEARTS TEN,0.249,0.074,0.677
DIAMONDS NINE HEARTS JACK,0.2288,0.059,0.7122
CLUBS KING DIAMONDS SIX,0.2748,0.0288,0.6964
CLUBS QUEEN DIAMONDS SIX,0.2622,0.0426,0.6952
CLUBS ACE DIAMONDS SIX,0.2684,0.0202,0.7114
SPADES KING DIAMONDS FOUR,0.4072,0.0062,0.5866
SPADES ACE SPADES SEVEN,0.348,0.0062,0.6458
SPADES QUEEN DIAMONDS FOUR,0.4156,0.0142,0.5702
SPADES QUEEN SPADES SEVEN,0.3526,0.0116,0.6358
CLUBS JACK DIAMONDS SIX,0.2618,0.0626,0.6756
SPADES KING SPADES SEVEN,0.352,0.0082,0.6398
SPADES ACE DIAMONDS FOUR,0.4064,0.004,0.5896
CLUBS TEN DIAMONDS SIX,0.2536,0.0704,0.676
CLUBS NINE CLUBS FOUR,0.375,0.3588,0.2662
CLUBS EIGHT CLUBS FOUR,0.5738,0.0402,0.386
SPADES JACK DIAMONDS FOUR,0.4156,0.018,0.5664
SPADES TEN DIAMONDS FOUR,0.414,0.0262,0.5598
CLUBS FIVE CLUBS FOUR,0.5502,0.0412,0.4086
CLUBS SEVEN CLUBS FOUR,0.548,0.0456,0.4064
CLUBS SIX CLUBS FOUR,0.5978,0.1096,0.2926
CLUBS SEVEN SPADES EIGHT,0.552,0.0398,0.4082
CLUBS SEVEN SPADES NINE,0.2206,0.2962,0.4832
CLUBS SEVEN SPADES SEVEN,0.2662,0.0708,0.663
CLUBS SEVEN SPADES FIVE,0.6048,0.0424,0.3528
CLUBS SEVEN SPADES FOUR,0.607,0.041,0.352
CLUBS SEVEN SPADES THREE,0.6224,0.0414,0.3362
CLUBS SEVEN SPADES TWO,0.6312,0.042,0.3268
CLUBS NINE CLUBS SEVEN,0.215,0.2808,0.5042
CLUBS SEVEN CLUBS EIGHT,0.5082,0.0354,0.4564
HEARTS SIX DIAMONDS FIVE,0.618,0.1106,0.2714
DIAMONDS FIVE HEARTS SEVEN,0.5864,0.039,0.3746
DIAMONDS FIVE HEARTS EIGHT,0.6006,0.0432,0.3562
DIAMONDS QUEEN DIAMONDS FIVE,0.3914,0.0106,0.598
HEARTS TWO DIAMONDS FIVE,0.6306,0.0426,0.3268
HEARTS KING HEARTS EIGHT,0.3648,0.0062,0.629
DIAMONDS KING DIAMONDS FIVE,0.3814,0.0094,0.6092
HEARTS THREE DIAMONDS FIVE,0.6102,0.0426,0.3472
HEARTS QUEEN HEARTS EIGHT,0.347,0.0096,0.6434
DIAMONDS ACE DIAMONDS FIVE,0.382,0.004,0.614
HEARTS FOUR DIAMONDS FIVE,0.5944,0.0408,0.3648
HEARTS FIVE DIAMONDS FIVE,0.3944,0.0716,0.534
HEARTS ACE HEARTS EIGHT,0.3492,0.0034,0.6474
CLUBS FOUR DIAMONDS FIVE,0.5906,0.0374,0.372
CLUBS FIVE DIAMONDS FIVE,0.397,0.0704,0.5326
CLUBS SIX DIAMONDS FIVE,0.6198,0.1066,0.2736
CLUBS SEVEN DIAMONDS FIVE,0.5744,0.0398,0.3858
CLUBS TWO DIAMONDS FIVE,0.6306,0.0408,0.3286
CLUBS THREE DIAMONDS FIVE,0.613,0.0434,0.3436
SPADES THREE DIAMONDS FIVE,0.6174,0.0386,0.344
SPADES TWO DIAMONDS FIVE,0.6118,0.0432,0.345
SPADES JACK DIAMONDS EIGHT,0.3516,0.0178,0.6306
SPADES FIVE DIAMONDS FIVE,0.4016,0.071,0.5274
CLUBS TEN HEARTS JACK,0.3238,0.0138,0.6624
SPADES TEN DIAMONDS EIGHT,0.3478,0.0282,0.624
SPADES FOUR DIAMONDS FIVE,0.6094,0.0444,0.3462
HEARTS JACK CLUBS JACK,0.1666,0.034,0.7994
HEARTS JACK CLUBS QUEEN,0.3304,0.0094,0.6602
CLUBS NINE DIAMONDS FIVE,0.407,0.3636,0.2294
CLUBS KING HEARTS JACK,0.3424,0.0076,0.65
CLUBS EIGHT DIAMONDS FIVE,0.6008,0.0418,0.3574
CLUBS ACE HEARTS JACK,0.3372,0.005,0.6578
SPADES SEVEN DIAMONDS FIVE,0.5912,0.0462,0.3626
SPADES KING DIAMONDS EIGHT,0.3726,0.0094,0.618
SPADES QUEEN DIAMONDS EIGHT,0.3682,0.0122,0.6196
SPADES NINE DIAMONDS FIVE,0.392,0.3794,0.2286
SPADES EIGHT DIAMONDS FIVE,0.592,0.043,0.365
SPADES ACE DIAMONDS EIGHT,0.365,0.0028,0.6322
DIAMONDS TEN DIAMONDS SIX,0.235,0.077,0.688
HEARTS ACE DIAMONDS SEVEN,0.3742,0.0038,0.622
DIAMONDS JACK DIAMONDS SIX,0.256,0.054,0.69
HEARTS QUEEN DIAMONDS SEVEN,0.3858,0.0124,0.6018
HEARTS KING DIAMONDS SEVEN,0.3834,0.0066,0.61
DIAMONDS ACE DIAMONDS SIX,0.2542,0.021,0.7248
HEARTS FOUR DIAMONDS SIX,0.6464,0.1108,0.2428
SPADES TWO HEARTS JACK,0.421,0.0194,0.5596
HEARTS FIVE DIAMONDS SIX,0.619,0.109,0.272
SPADES TWO HEARTS TEN,0.4208,0.0278,0.5514
DIAMONDS QUEEN DIAMONDS SIX,0.2532,0.0414,0.7054
HEARTS TWO DIAMONDS SIX,0.6552,0.114,0.2308
DIAMONDS KING DIAMONDS SIX,0.2566,0.0356,0.7078
HEARTS THREE DIAMONDS SIX,0.6516,0.104,0.2444
HEARTS EIGHT DIAMONDS SIX,0.6482,0.1048,0.247
HEARTS SIX DIAMONDS SIX,0.2964,0.0624,0.6412
HEARTS SEVEN DIAMONDS SIX,0.6386,0.1004,0.261
HEARTS TEN DIAMONDS SEVEN,0.3522,0.0276,0.6202
CLUBS TWO DIAMONDS SIX,0.6442,0.114,0.2418
HEARTS JACK DIAMONDS SEVEN,0.3708,0.0182,0.611
CLUBS THREE DIAMONDS SIX,0.6592,0.1014,0.2394
CLUBS SEVEN DIAMONDS SIX,0.6278,0.106,0.2662
DIAMONDS EIGHT CLUBS JACK,0.3806,0.0136,0.6058
CLUBS SIX DIAMONDS SIX,0.2966,0.0628,0.6406
CLUBS TEN DIAMONDS EIGHT,0.3506,0.0228,0.6266
CLUBS FIVE DIAMONDS SIX,0.617,0.1122,0.2708
CLUBS FOUR DIAMONDS SIX,0.6358,0.1096,0.2546
HEARTS ACE HEARTS JACK,0.3246,0.0044,0.671
DIAMONDS EIGHT CLUBS ACE,0.3708,0.003,0.6262
HEARTS QUEEN HEARTS JACK,0.325,0.011,0.664
DIAMONDS EIGHT CLUBS KING,0.3798,0.0054,0.6148
CLUBS NINE DIAMONDS SIX,0.0248,0.9538,0.0214
HEARTS KING HEARTS JACK,0.3234,0.007,0.6696
DIAMONDS EIGHT CLUBS QUEEN,0.3656,0.0106,0.6238
CLUBS EIGHT DIAMONDS SIX,0.6342,0.1042,0.2616
SPADES TEN HEARTS KING,0.329,0.0072,0.6638
SPADES FIVE DIAMONDS SIX,0.6238,0.1164,0.2598
HEARTS ACE SPADES TWO,0.4018,0.0038,0.5944
SPADES JACK HEARTS KING,0.3296,0.0078,0.6626
SPADES FOUR DIAMONDS SIX,0.6474,0.111,0.2416
SPADES THREE DIAMONDS SIX,0.6496,0.1088,0.2416
HEARTS QUEEN SPADES TWO,0.423,0.0094,0.5676
SPADES ACE SPADES KING,0.3252,0.0044,0.6704
SPADES TWO HEARTS KING,0.4258,0.0086,0.5656
SPADES TWO DIAMONDS SIX,0.6664,0.1044,0.2292
HEARTS TEN HEARTS EIGHT,0.3286,0.025,0.6464
SPADES NINE DIAMONDS SIX,0.0112,0.9746,0.0142
HEARTS JACK HEARTS EIGHT,0.3412,0.0144,0.6444
SPADES EIGHT DIAMONDS SIX,0.6472,0.1036,0.2492
SPADES SEVEN DIAMONDS SIX,0.6302,0.107,0.2628
SPADES KING HEARTS KING,0.1534,0.014,0.8326
SPADES QUEEN HEARTS KING,0.337,0.0048,0.6582
CLUBS ACE CLUBS KING,0.3262,0.0034,0.6704
SPADES ACE HEARTS KING,0.3376,0.0046,0.6578
SPADES ACE HEARTS JACK,0.3366,0.0034,0.66
SPADES QUEEN HEARTS JACK,0.3248,0.0062,0.669
SPADES KING HEARTS JACK,0.35,0.0066,0.6434
SPADES TEN DIAMONDS TEN,0.154,0.044,0.802
SPADES JACK DIAMONDS TEN,0.324,0.0132,0.6628
SPADES ACE DIAMONDS TEN,0.3442,0.005,0.6508
SPADES JACK HEARTS JACK,0.1572,0.0334,0.8094
SPADES TEN HEARTS JACK,0.3104,0.0174,0.6722
SPADES QUEEN DIAMONDS TEN,0.3358,0.0086,0.6556
SPADES KING DIAMONDS TEN,0.3344,0.007,0.6586
SPADES NINE DIAMONDS SEVEN,0.2192,0.2984,0.4824
SPADES EIGHT DIAMONDS SEVEN,0.5498,0.0382,0.412
SPADES SEVEN DIAMONDS SEVEN,0.2758,0.0626,0.6616
DIAMONDS KING DIAMONDS SEVEN,0.3506,0.0072,0.6422
HEARTS THREE DIAMONDS SEVEN,0.6384,0.0422,0.3194
HEARTS KING DIAMONDS FIVE,0.3978,0.0102,0.592
DIAMONDS QUEEN DIAMONDS SEVEN,0.354,0.0128,0.6332
HEARTS TWO DIAMONDS SEVEN,0.6296,0.044,0.3264
HEARTS QUEEN DIAMONDS FIVE,0.4078,0.0122,0.58
HEARTS FIVE DIAMONDS SEVEN,0.599,0.0434,0.3576
DIAMONDS ACE DIAMONDS SEVEN,0.35,0.004,0.646
HEARTS FOUR DIAMONDS SEVEN,0.6044,0.0428,0.3528
HEARTS ACE DIAMONDS FIVE,0.4022,0.003,0.5948
HEARTS SEVEN DIAMONDS SEVEN,0.2876,0.0702,0.6422
HEARTS SIX DIAMONDS SEVEN,0.6414,0.1018,0.2568
DIAMONDS SEVEN HEARTS EIGHT,0.5472,0.0446,0.4082
DIAMONDS JACK DIAMONDS SEVEN,0.3376,0.0172,0.6452
DIAMONDS FIVE HEARTS JACK,0.4002,0.0168,0.583
DIAMONDS TEN DIAMONDS SEVEN,0.3256,0.024,0.6504
HEARTS TEN DIAMONDS FIVE,0.4142,0.0306,0.5552
SPADES KING CLUBS TWO,0.416,0.0058,0.5782
HEARTS KING CLUBS KING,0.1548,0.0106,0.8346
CLUBS EIGHT DIAMONDS SEVEN,0.5554,0.0392,0.4054
SPADES QUEEN CLUBS TWO,0.4168,0.0108,0.5724
HEARTS KING CLUBS QUEEN,0.3488,0.0058,0.6454
CLUBS NINE DIAMONDS SEVEN,0.2294,0.291,0.4796
SPADES TWO CLUBS JACK,0.4086,0.0176,0.5738
SPADES ACE CLUBS TWO,0.39,0.0048,0.6052
CLUBS TEN SPADES TWO,0.4196,0.0272,0.5532
HEARTS KING CLUBS ACE,0.3376,0.0046,0.6578
CLUBS SEVEN CLUBS SIX,0.5828,0.1002,0.317
SPADES TWO CLUBS KING,0.4318,0.0096,0.5586
SPADES TWO DIAMONDS SEVEN,0.6288,0.0448,0.3264
CLUBS EIGHT CLUBS SIX,0.6076,0.0944,0.298
SPADES THREE DIAMONDS SEVEN,0.6268,0.0388,0.3344
SPADES TWO CLUBS QUEEN,0.4322,0.013,0.5548
CLUBS NINE CLUBS SIX,0.0222,0.9104,0.0674
SPADES FOUR DIAMONDS SEVEN,0.5984,0.042,0.3596
HEARTS KING CLUBS JACK,0.347,0.0046,0.6484
SPADES FIVE DIAMONDS SEVEN,0.6034,0.0468,0.3498
SPADES TWO CLUBS ACE,0.4132,0.0044,0.5824
CLUBS TEN HEARTS KING,0.3464,0.0078,0.6458
CLUBS SIX SPADES TWO,0.6654,0.1106,0.224
CLUBS SIX SPADES THREE,0.6452,0.1124,0.2424
CLUBS TWO DIAMONDS SEVEN,0.632,0.0368,0.3312
CLUBS SIX SPADES FOUR,0.6526,0.0998,0.2476
CLUBS THREE DIAMONDS SEVEN,0.6136,0.038,0.3484
CLUBS SIX SPADES FIVE,0.6184,0.1134,0.2682
CLUBS FOUR DIAMONDS SEVEN,0.6092,0.0432,0.3476
CLUBS FIVE DIAMONDS SEVEN,0.588,0.0464,0.3656
CLUBS SIX SPADES SEVEN,0.6322,0.1008,0.267
CLUBS SIX DIAMONDS SEVEN,0.6344,0.1016,0.264
CLUBS SIX SPADES EIGHT,0.634,0.1066,0.2594
SPADES JACK CLUBS TWO,0.4104,0.0182,0.5714
CLUBS SEVEN DIAMONDS SEVEN,0.2792,0.0658,0.655
SPADES NINE CLUBS SIX,0.0106,0.9728,0.0166
SPADES TEN CLUBS TWO,0.4252,0.0258,0.549
CLUBS TWO CLUBS QUEEN,0.3988,0.0114,0.5898
CLUBS TWO CLUBS KING,0.4018,0.007,0.5912
CLUBS THREE DIAMONDS EIGHT,0.6408,0.038,0.3212
CLUBS TWO CLUBS ACE,0.3776,0.0042,0.6182
CLUBS TWO DIAMONDS EIGHT,0.6222,0.0414,0.3364
DIAMONDS EIGHT HEARTS SEVEN,0.5606,0.0372,0.4022
HEARTS SIX DIAMONDS EIGHT,0.6448,0.1102,0.245
CLUBS TEN CLUBS TWO,0.3984,0.0272,0.5744
DIAMONDS EIGHT HEARTS EIGHT,0.2714,0.0586,0.67
CLUBS TWO CLUBS JACK,0.3838,0.017,0.5992
CLUBS NINE DIAMONDS EIGHT,0.2204,0.23,0.5496
CLUBS EIGHT DIAMONDS EIGHT,0.2728,0.0612,0.666
CLUBS FIVE DIAMONDS EIGHT,0.5812,0.0378,0.381
SPADES ACE SPADES THREE,0.3934,0.0042,0.6024
CLUBS FOUR DIAMONDS EIGHT,0.608,0.0464,0.3456
CLUBS SEVEN DIAMONDS EIGHT,0.5512,0.036,0.4128
SPADES QUEEN SPADES THREE,0.3948,0.012,0.5932
CLUBS SIX DIAMONDS EIGHT,0.6336,0.1082,0.2582
SPADES KING SPADES THREE,0.4122,0.0088,0.579
DIAMONDS QUEEN DIAMONDS EIGHT,0.344,0.0104,0.6456
HEARTS TWO DIAMONDS EIGHT,0.6202,0.045,0.3348
DIAMONDS KING DIAMONDS EIGHT,0.3568,0.007,0.6362
HEARTS THREE DIAMONDS EIGHT,0.6308,0.0412,0.328
DIAMONDS ACE DIAMONDS EIGHT,0.3472,0.0028,0.65
HEARTS FOUR DIAMONDS EIGHT,0.6258,0.041,0.3332
HEARTS FIVE DIAMONDS EIGHT,0.6078,0.0412,0.351
DIAMONDS EIGHT DIAMONDS TEN,0.3386,0.023,0.6384
DIAMONDS EIGHT DIAMONDS JACK,0.3408,0.0172,0.642
SPADES JACK SPADES THREE,0.3922,0.0206,0.5872
SPADES TEN SPADES THREE,0.394,0.024,0.582
CLUBS FOUR HEARTS ACE,0.4124,0.006,0.5816
CLUBS FOUR HEARTS QUEEN,0.4224,0.0102,0.5674
CLUBS FOUR HEARTS KING,0.4044,0.0082,0.5874
CLUBS SIX HEARTS TEN,0.237,0.077,0.686
CLUBS SIX HEARTS JACK,0.2576,0.0544,0.688
SPADES FOUR DIAMONDS EIGHT,0.6202,0.043,0.3368
SPADES FIVE DIAMONDS EIGHT,0.6132,0.0438,0.343
DIAMONDS EIGHT SPADES TWO,0.6306,0.0382,0.3312
DIAMONDS EIGHT SPADES THREE,0.6302,0.0408,0.329
CLUBS FOUR HEARTS JACK,0.417,0.0172,0.5658
SPADES EIGHT DIAMONDS EIGHT,0.261,0.0566,0.6824
SPADES TEN DIAMONDS QUEEN,0.3342,0.0136,0.6522
SPADES TEN HEARTS TWO,0.4128,0.027,0.5602
SPADES JACK HEARTS EIGHT,0.352,0.0196,0.6284
CLUBS FOUR HEARTS TEN,0.408,0.0242,0.5678
SPADES NINE DIAMONDS EIGHT,0.2214,0.2296,0.549
SPADES TEN HEARTS EIGHT,0.3546,0.0288,0.6166
SPADES JACK HEARTS TWO,0.409,0.0182,0.5728
SPADES JACK DIAMONDS QUEEN,0.3418,0.007,0.6512
SPADES SEVEN DIAMONDS EIGHT,0.5456,0.0382,0.4162
SPADES ACE HEARTS TWO,0.4014,0.0052,0.5934
SPADES ACE DIAMONDS QUEEN,0.3374,0.0028,0.6598
SPADES ACE HEARTS EIGHT,0.3734,0.005,0.6216
SPADES KING HEARTS EIGHT,0.3866,0.0062,0.6072
SPADES QUEEN HEARTS TWO,0.4288,0.0118,0.5594
SPADES QUEEN DIAMONDS QUEEN,0.1744,0.0194,0.8062
SPADES KING DIAMONDS QUEEN,0.352,0.0038,0.6442
SPADES KING HEARTS TWO,0.4218,0.0088,0.5694
SPADES QUEEN HEARTS EIGHT,0.3638,0.0124,0.6238
CLUBS TWO HEARTS TEN,0.4058,0.0286,0.5656
CLUBS TWO HEARTS JACK,0.4202,0.0156,0.5642
SPADES SEVEN DIAMONDS NINE,0.217,0.306,0.477
SPADES NINE DIAMONDS NINE,0.1134,0.0712,0.8154
SPADES EIGHT DIAMONDS NINE,0.2242,0.2236,0.5522
SPADES TEN CLUBS KING,0.342,0.0084,0.6496
DIAMONDS NINE SPADES THREE,0.4046,0.3902,0.2052
SPADES JACK CLUBS KING,0.3482,0.007,0.6448
DIAMONDS NINE SPADES TWO,0.4146,0.365,0.2204
SPADES FIVE DIAMONDS NINE,0.3944,0.3838,0.2218
DIAMONDS NINE SPADES FOUR,0.4204,0.372,0.2076
CLUBS NINE DIAMONDS NINE,0.1108,0.0706,0.8186
CLUBS EIGHT DIAMONDS NINE,0.2262,0.2226,0.5512
CLUBS SIX DIAMONDS NINE,0.0194,0.9592,0.0214
SPADES JACK CLUBS FOUR,0.4032,0.0218,0.575
CLUBS SEVEN DIAMONDS NINE,0.2226,0.2966,0.4808
SPADES TEN CLUBS FOUR,0.4076,0.0226,0.5698
CLUBS FOUR DIAMONDS NINE,0.4062,0.3724,0.2214
CLUBS FIVE DIAMONDS NINE,0.4032,0.3676,0.2292
DIAMONDS NINE CLUBS TWO,0.3976,0.3768,0.2256
CLUBS THREE DIAMONDS NINE,0.4098,0.3804,0.2098
DIAMONDS NINE HEARTS EIGHT,0.234,0.2368,0.5292
HEARTS SIX DIAMONDS NINE,0.0204,0.9698,0.0098
DIAMONDS NINE HEARTS SEVEN,0.2126,0.3036,0.4838
CLUBS NINE CLUBS EIGHT,0.2236,0.2122,0.5642
DIAMONDS ACE DIAMONDS NINE,0.2382,0.0204,0.7414
HEARTS FOUR DIAMONDS NINE,0.4154,0.3728,0.2118
HEARTS FIVE DIAMONDS NINE,0.3922,0.3932,0.2146
HEARTS ACE CLUBS TWO,0.413,0.0062,0.5808
SPADES ACE CLUBS FOUR,0.4052,0.0046,0.5902
DIAMONDS QUEEN DIAMONDS NINE,0.2488,0.0402,0.711
HEARTS TWO DIAMONDS NINE,0.4204,0.3704,0.2092
CLUBS TWO HEARTS KING,0.4198,0.0082,0.572
SPADES KING CLUBS FOUR,0.4074,0.007,0.5856
DIAMONDS KING DIAMONDS NINE,0.2616,0.0322,0.7062
HEARTS THREE DIAMONDS NINE,0.4048,0.3766,0.2186
CLUBS TWO HEARTS QUEEN,0.4324,0.013,0.5546
SPADES QUEEN CLUBS FOUR,0.4272,0.0118,0.561
DIAMONDS NINE DIAMONDS JACK,0.2388,0.0582,0.703
CLUBS EIGHT SPADES NINE,0.2064,0.229,0.5646
DIAMONDS NINE DIAMONDS TEN,0.2254,0.0754,0.6992
CLUBS EIGHT SPADES EIGHT,0.2628,0.0586,0.6786
CLUBS EIGHT SPADES SEVEN,0.5546,0.0378,0.4076
CLUBS EIGHT SPADES FIVE,0.6,0.0414,0.3586
CLUBS EIGHT SPADES FOUR,0.6202,0.041,0.3388
CLUBS EIGHT SPADES THREE,0.622,0.0392,0.3388
CLUBS EIGHT SPADES TWO,0.6428,0.0374,0.3198
HEARTS SIX DIAMONDS TEN,0.2496,0.0766,0.6738
DIAMONDS TEN HEARTS SEVEN,0.353,0.0238,0.6232
DIAMONDS TEN HEARTS EIGHT,0.3536,0.0242,0.6222
CLUBS FOUR CLUBS JACK,0.3938,0.0192,0.587
CLUBS TEN CLUBS FOUR,0.3942,0.0252,0.5806
CLUBS FOUR CLUBS KING,0.392,0.006,0.602
CLUBS FOUR CLUBS QUEEN,0.3928,0.0104,0.5968
CLUBS TWO DIAMONDS TEN,0.4186,0.0244,0.557
CLUBS THREE DIAMONDS TEN,0.422,0.0264,0.5516
CLUBS FOUR CLUBS ACE,0.3856,0.0046,0.6098
DIAMONDS JACK DIAMONDS TEN,0.3094,0.0148,0.6758
DIAMONDS QUEEN DIAMONDS TEN,0.317,0.0078,0.6752
HEARTS TWO DIAMONDS TEN,0.4196,0.0274,0.553
DIAMONDS KING DIAMONDS TEN,0.322,0.0064,0.6716
HEARTS THREE DIAMONDS TEN,0.4236,0.0308,0.5456
DIAMONDS ACE DIAMONDS TEN,0.3274,0.0044,0.6682
HEARTS FOUR DIAMONDS TEN,0.4258,0.025,0.5492
CLUBS EIGHT HEARTS JACK,0.3522,0.0154,0.6324
HEARTS FIVE DIAMONDS TEN,0.4134,0.0264,0.5602
CLUBS EIGHT HEARTS TEN,0.344,0.0252,0.6308
CLUBS EIGHT HEARTS QUEEN,0.3692,0.0106,0.6202
CLUBS EIGHT HEARTS KING,0.3824,0.0062,0.6114
CLUBS EIGHT HEARTS ACE,0.3718,0.0044,0.6238
CLUBS NINE SPADES THREE,0.4258,0.3646,0.2096
CLUBS NINE SPADES TWO,0.405,0.3708,0.2242
CLUBS NINE SPADES FIVE,0.3956,0.3902,0.2142
CLUBS NINE SPADES FOUR,0.4138,0.3794,0.2068
CLUBS NINE SPADES SEVEN,0.2076,0.3014,0.491
CLUBS NINE SPADES NINE,0.1142,0.0702,0.8156
CLUBS TEN HEARTS EIGHT,0.3472,0.0266,0.6262
CLUBS NINE SPADES EIGHT,0.217,0.2388,0.5442
CLUBS JACK HEARTS EIGHT,0.36,0.0164,0.6236
CLUBS QUEEN HEARTS EIGHT,0.3678,0.0108,0.6214
CLUBS KING HEARTS EIGHT,0.3966,0.0072,0.5962
CLUBS ACE HEARTS EIGHT,0.3754,0.0048,0.6198
SPADES KING CLUBS KING,0.1632,0.0102,0.8266
SPADES QUEEN CLUBS KING,0.3452,0.0072,0.6476
SPADES ACE CLUBS KING,0.3418,0.004,0.6542
DIAMONDS ACE HEARTS TEN,0.3442,0.0042,0.6516
HEARTS FOUR HEARTS TEN,0.3892,0.0242,0.5866
DIAMONDS ACE HEARTS JACK,0.3336,0.0058,0.6606
HEARTS FOUR HEARTS JACK,0.3928,0.0136,0.5936
SPADES KING CLUBS FIVE,0.4122,0.0086,0.5792
SPADES QUEEN CLUBS FIVE,0.4078,0.0116,0.5806
SPADES ACE CLUBS FIVE,0.3968,0.0032,0.6
DIAMONDS JACK HEARTS SEVEN,0.3786,0.0202,0.6012
HEARTS SIX DIAMONDS JACK,0.2736,0.0592,0.6672
DIAMONDS JACK HEARTS EIGHT,0.3594,0.017,0.6236
DIAMONDS KING DIAMONDS JACK,0.3198,0.007,0.6732
HEARTS THREE DIAMONDS JACK,0.4158,0.0192,0.565
HEARTS ACE SPADES FOUR,0.4062,0.0054,0.5884
DIAMONDS QUEEN DIAMONDS JACK,0.3046,0.0106,0.6848
HEARTS TWO DIAMONDS JACK,0.4246,0.0212,0.5542
HEARTS FIVE DIAMONDS JACK,0.4028,0.018,0.5792
SPADES FOUR HEARTS QUEEN,0.4118,0.0132,0.575
DIAMONDS ACE DIAMONDS JACK,0.3222,0.0028,0.675
HEARTS FOUR DIAMONDS JACK,0.4162,0.0176,0.5662
SPADES FOUR HEARTS KING,0.4184,0.0116,0.57
SPADES FOUR DIAMONDS JACK,0.4268,0.0178,0.5554
SPADES FIVE DIAMONDS JACK,0.409,0.0192,0.5718
DIAMONDS JACK SPADES TWO,0.4256,0.0178,0.5566
SPADES THREE DIAMONDS JACK,0.4316,0.017,0.5514
SPADES ACE DIAMONDS THREE,0.4054,0.0048,0.5898
SPADES QUEEN DIAMONDS THREE,0.4132,0.011,0.5758
CLUBS EIGHT DIAMONDS JACK,0.3624,0.0188,0.6188
SPADES KING DIAMONDS THREE,0.4028,0.0092,0.588
CLUBS NINE DIAMONDS JACK,0.2464,0.0562,0.6974
CLUBS SIX DIAMONDS JACK,0.2658,0.0552,0.679
CLUBS SEVEN DIAMONDS JACK,0.3804,0.016,0.6036
CLUBS FOUR DIAMONDS JACK,0.4044,0.0158,0.5798
CLUBS FIVE DIAMONDS JACK,0.4058,0.0166,0.5776
CLUBS TWO DIAMONDS JACK,0.4146,0.0184,0.567
CLUBS THREE DIAMONDS JACK,0.423,0.0162,0.5608
SPADES TEN CLUBS FIVE,0.4062,0.024,0.5698
HEARTS SIX SPADES JACK,0.2562,0.0582,0.6856
HEARTS SIX SPADES TEN,0.2458,0.0922,0.662
SPADES JACK CLUBS FIVE,0.4048,0.0194,0.5758
SPADES JACK DIAMONDS THREE,0.426,0.022,0.552
CLUBS SEVEN CLUBS ACE,0.3414,0.005,0.6536
DIAMONDS THREE SPADES TEN,0.3998,0.028,0.5722
CLUBS SEVEN CLUBS QUEEN,0.3642,0.0096,0.6262
CLUBS SEVEN CLUBS KING,0.3452,0.0076,0.6472
SPADES NINE DIAMONDS JACK,0.2304,0.065,0.7046
CLUBS TEN CLUBS SEVEN,0.3494,0.0238,0.6268
DIAMONDS ACE HEARTS ACE,0.1488,0.0022,0.849
HEARTS FOUR HEARTS ACE,0.3838,0.0046,0.6116
SPADES EIGHT DIAMONDS JACK,0.3628,0.02,0.6172
SPADES ACE HEARTS SIX,0.2514,0.0246,0.724
CLUBS SEVEN CLUBS JACK,0.3426,0.0162,0.6412
DIAMONDS ACE HEARTS KING,0.3356,0.0038,0.6606
HEARTS FOUR HEARTS KING,0.3858,0.0106,0.6036
SPADES SEVEN DIAMONDS JACK,0.352,0.0162,0.6318
SPADES KING HEARTS SIX,0.248,0.0312,0.7208
DIAMONDS ACE HEARTS QUEEN,0.3454,0.0046,0.65
HEARTS FOUR HEARTS QUEEN,0.39,0.0124,0.5976
SPADES QUEEN HEARTS SIX,0.2646,0.0428,0.6926
SPADES TWO DIAMONDS TEN,0.4152,0.0264,0.5584
SPADES THREE DIAMONDS TEN,0.4184,0.0308,0.5508
SPADES FOUR DIAMONDS TEN,0.4182,0.0276,0.5542
SPADES FIVE DIAMONDS TEN,0.4084,0.0258,0.5658
SPADES SEVEN DIAMONDS TEN,0.3574,0.0202,0.6224
SPADES EIGHT DIAMONDS TEN,0.3508,0.0222,0.627
SPADES NINE DIAMONDS TEN,0.244,0.0786,0.6774
CLUBS FOUR DIAMONDS TEN,0.4194,0.0296,0.551
CLUBS FIVE DIAMONDS TEN,0.3968,0.0288,0.5744
CLUBS SIX DIAMONDS TEN,0.2656,0.0756,0.6588
CLUBS SEVEN DIAMONDS TEN,0.3612,0.0276,0.6112
CLUBS EIGHT DIAMONDS TEN,0.3618,0.0216,0.6166
CLUBS NINE DIAMONDS TEN,0.2418,0.0722,0.686
DIAMONDS THREE CLUBS JACK,0.425,0.017,0.558
CLUBS TEN DIAMONDS THREE,0.4222,0.027,0.5508
DIAMONDS THREE CLUBS KING,0.4054,0.006,0.5886
DIAMONDS THREE CLUBS QUEEN,0.4136,0.012,0.5744
DIAMONDS THREE CLUBS ACE,0.399,0.0038,0.5972
SPADES FOUR HEARTS JACK,0.4126,0.0182,0.5692
SPADES FOUR HEARTS TEN,0.413,0.0272,0.5598
SPADES FIVE SPADES TWO,0.5916,0.0468,0.3616
SPADES FOUR SPADES TWO,0.5828,0.0406,0.3766
SPADES THREE SPADES TWO,0.59,0.0422,0.3678
SPADES NINE SPADES TWO,0.3924,0.3474,0.2602
SPADES EIGHT SPADES TWO,0.5882,0.0398,0.372
SPADES SEVEN SPADES TWO,0.594,0.0364,0.3696
DIAMONDS QUEEN CLUBS THREE,0.4214,0.0108,0.5678
CLUBS THREE HEARTS TWO,0.6272,0.041,0.3318
DIAMONDS QUEEN CLUBS TWO,0.423,0.0106,0.5664
HEARTS TWO CLUBS TWO,0.4096,0.08,0.5104
DIAMONDS QUEEN HEARTS SEVEN,0.3772,0.0132,0.6096
HEARTS TWO HEARTS SEVEN,0.6062,0.0396,0.3542
HEARTS SIX DIAMONDS QUEEN,0.275,0.045,0.68
HEARTS SIX HEARTS TWO,0.6354,0.1104,0.2542
DIAMONDS QUEEN HEARTS EIGHT,0.371,0.0108,0.6182
HEARTS TWO HEARTS EIGHT,0.593,0.0424,0.3646
CLUBS NINE HEARTS TWO,0.4256,0.3746,0.1998
CLUBS NINE DIAMONDS QUEEN,0.258,0.0456,0.6964
CLUBS EIGHT HEARTS TWO,0.6274,0.0444,0.3282
CLUBS EIGHT DIAMONDS QUEEN,0.3734,0.0096,0.617
CLUBS FIVE DIAMONDS QUEEN,0.4172,0.0082,0.5746
CLUBS FIVE HEARTS TWO,0.6302,0.0468,0.323
SPADES EIGHT HEARTS ACE,0.3558,0.0034,0.6408
DIAMONDS QUEEN CLUBS FOUR,0.4244,0.0094,0.5662
HEARTS TWO CLUBS FOUR,0.6188,0.0422,0.339
CLUBS SEVEN DIAMONDS QUEEN,0.3758,0.0106,0.6136
CLUBS SEVEN HEARTS TWO,0.6178,0.0424,0.3398
SPADES EIGHT HEARTS QUEEN,0.3654,0.0138,0.6208
CLUBS SIX DIAMONDS QUEEN,0.271,0.0394,0.6896
CLUBS SIX HEARTS TWO,0.6698,0.1156,0.2146
SPADES EIGHT HEARTS KING,0.3794,0.0064,0.6142
HEARTS FOUR CLUBS QUEEN,0.412,0.012,0.576
DIAMONDS ACE CLUBS QUEEN,0.3484,0.003,0.6486
DIAMONDS QUEEN SPADES SEVEN,0.3726,0.0086,0.6188
HEARTS TWO SPADES SEVEN,0.6334,0.0464,0.3202
HEARTS FOUR CLUBS KING,0.4148,0.0092,0.576
DIAMONDS ACE CLUBS KING,0.3472,0.002,0.6508
DIAMONDS QUEEN SPADES EIGHT,0.3668,0.0084,0.6248
SPADES EIGHT HEARTS TWO,0.6296,0.0424,0.328
HEARTS FOUR CLUBS ACE,0.4144,0.0046,0.581
DIAMONDS ACE CLUBS ACE,0.146,0.0016,0.8524
SPADES NINE DIAMONDS QUEEN,0.2514,0.0448,0.7038
SPADES NINE HEARTS TWO,0.4042,0.3788,0.217
HEARTS TWO SPADES TWO,0.4036,0.079,0.5174
DIAMONDS QUEEN SPADES TWO,0.4262,0.0136,0.5602
HEARTS TWO SPADES THREE,0.6288,0.0386,0.3326
DIAMONDS QUEEN SPADES THREE,0.4234,0.0122,0.5644
HEARTS TWO SPADES FOUR,0.618,0.0464,0.3356
DIAMONDS QUEEN SPADES FOUR,0.4242,0.0116,0.5642
HEARTS FOUR CLUBS TEN,0.4206,0.0228,0.5566
CLUBS TEN DIAMONDS ACE,0.3458,0.004,0.6502
HEARTS TWO SPADES FIVE,0.6226,0.0426,0.3348
DIAMONDS QUEEN SPADES FIVE,0.4024,0.011,0.5866
HEARTS FOUR CLUBS JACK,0.4188,0.018,0.5632
DIAMONDS ACE CLUBS JACK,0.3526,0.0024,0.645
CLUBS FIVE CLUBS KING,0.3972,0.0072,0.5956
CLUBS FIVE CLUBS QUEEN,0.3816,0.0116,0.6068
CLUBS FIVE CLUBS ACE,0.3726,0.0036,0.6238
CLUBS FIVE CLUBS JACK,0.3768,0.0164,0.6068
CLUBS TEN CLUBS FIVE,0.3914,0.0274,0.5812
SPADES KING CLUBS JACK,0.3542,0.006,0.6398
SPADES QUEEN CLUBS JACK,0.3276,0.0116,0.6608
SPADES ACE CLUBS JACK,0.3418,0.0046,0.6536
SPADES EIGHT HEARTS JACK,0.3554,0.018,0.6266
SPADES EIGHT HEARTS TEN,0.3322,0.0242,0.6436
SPADES TEN CLUBS JACK,0.3234,0.0152,0.6614
SPADES JACK CLUBS JACK,0.1656,0.0278,0.8066
SPADES QUEEN CLUBS SEVEN,0.3648,0.0112,0.624
SPADES KING CLUBS SEVEN,0.3738,0.007,0.6192
SPADES ACE CLUBS SEVEN,0.3666,0.0048,0.6286
CLUBS SEVEN SPADES JACK,0.3692,0.0156,0.6152
CLUBS SEVEN SPADES TEN,0.349,0.024,0.627
CLUBS TEN HEARTS SIX,0.2508,0.0792,0.67
HEARTS SIX CLUBS JACK,0.261,0.059,0.68
CLUBS ACE CLUBS JACK,0.3302,0.0052,0.6646
HEARTS SIX CLUBS QUEEN,0.2694,0.0464,0.6842
HEARTS SIX CLUBS KING,0.2688,0.0336,0.6976
HEARTS SIX CLUBS ACE,0.2702,0.0214,0.7084
CLUBS QUEEN CLUBS JACK,0.3026,0.0084,0.689
CLUBS KING CLUBS JACK,0.3224,0.0052,0.6724
DIAMONDS THREE HEARTS ACE,0.3814,0.004,0.6146
DIAMONDS THREE HEARTS QUEEN,0.4284,0.012,0.5596
DIAMONDS THREE HEARTS KING,0.421,0.0072,0.5718
CLUBS FIVE HEARTS JACK,0.4132,0.0164,0.5704
SPADES TEN DIAMONDS ACE,0.3318,0.003,0.6652
HEARTS FOUR SPADES TEN,0.4102,0.0258,0.564
CLUBS FIVE HEARTS TEN,0.4098,0.028,0.5622
HEARTS FOUR SPADES JACK,0.4094,0.0182,0.5724
SPADES JACK DIAMONDS ACE,0.3328,0.0044,0.6628
SPADES ACE HEARTS FOUR,0.4046,0.0054,0.59
SPADES ACE DIAMONDS ACE,0.1496,0.0028,0.8476
CLUBS FIVE HEARTS ACE,0.4062,0.0034,0.5904
CLUBS FIVE HEARTS KING,0.4042,0.0072,0.5886
HEARTS FOUR SPADES QUEEN,0.4094,0.0136,0.577
SPADES QUEEN DIAMONDS ACE,0.3378,0.0064,0.6558
SPADES FOUR CLUBS JACK,0.4266,0.0158,0.5576
CLUBS FIVE HEARTS QUEEN,0.4102,0.0112,0.5786
SPADES KING DIAMONDS ACE,0.3412,0.0036,0.6552
HEARTS FOUR SPADES KING,0.4248,0.0086,0.5666
CLUBS TEN SPADES FOUR,0.4174,0.0252,0.5574
DIAMONDS QUEEN DIAMONDS ACE,0.3216,0.0044,0.674
HEARTS TWO DIAMONDS ACE,0.3972,0.0036,0.5992
HEARTS FOUR DIAMONDS QUEEN,0.4172,0.0136,0.5692
HEARTS FOUR HEARTS TWO,0.5874,0.0408,0.3718
DIAMONDS THREE HEARTS TEN,0.4174,0.0292,0.5534
SPADES FOUR CLUBS KING,0.4298,0.0066,0.5636
HEARTS FIVE DIAMONDS QUEEN,0.4142,0.011,0.5748
HEARTS FIVE HEARTS TWO,0.5972,0.0406,0.3622
DIAMONDS THREE HEARTS JACK,0.4072,0.0184,0.5744
SPADES FOUR CLUBS QUEEN,0.424,0.0126,0.5634
DIAMONDS QUEEN HEARTS TWO,0.4166,0.0108,0.5726
DIAMONDS KING DIAMONDS QUEEN,0.3198,0.0044,0.6758
DIAMONDS KING HEARTS TWO,0.4272,0.0074,0.5654
HEARTS THREE DIAMONDS QUEEN,0.4264,0.0112,0.5624
HEARTS THREE HEARTS TWO,0.592,0.0466,0.3614
SPADES FOUR CLUBS ACE,0.4014,0.0048,0.5938
HEARTS TWO CLUBS ACE,0.4148,0.0042,0.581
DIAMONDS QUEEN CLUBS ACE,0.3564,0.003,0.6406
HEARTS TWO CLUBS QUEEN,0.413,0.0126,0.5744
DIAMONDS QUEEN CLUBS QUEEN,0.1822,0.0202,0.7976
HEARTS TWO CLUBS KING,0.4256,0.0044,0.57
DIAMONDS QUEEN CLUBS KING,0.3486,0.0056,0.6458
SPADES EIGHT SPADES FIVE,0.564,0.0438,0.3922
CLUBS TEN HEARTS TWO,0.4138,0.0286,0.5576
CLUBS TEN DIAMONDS QUEEN,0.3308,0.0118,0.6574
SPADES NINE SPADES FIVE,0.3852,0.37,0.2448
HEARTS TWO CLUBS JACK,0.4312,0.0182,0.5506
DIAMONDS QUEEN CLUBS JACK,0.35,0.0076,0.6424
SPADES SEVEN SPADES FIVE,0.57,0.0436,0.3864
DIAMONDS FIVE CLUBS QUEEN,0.407,0.0086,0.5844
SPADES EIGHT CLUBS ACE,0.3642,0.0044,0.6314
DIAMONDS FIVE CLUBS KING,0.4148,0.0072,0.578
SPADES EIGHT CLUBS KING,0.372,0.0058,0.6222
CLUBS ACE DIAMONDS FIVE,0.4024,0.0024,0.5952
SPADES EIGHT CLUBS QUEEN,0.38,0.0108,0.6092
SPADES EIGHT CLUBS JACK,0.3606,0.0156,0.6238
