opposingHand,winningChance,drawChance,lostChance
SPADES QUEEN CLUBS THREE
SPADES TEN HEARTS FIVE,0.6024,0.0124,0.3852
SPADES JACK HEARTS FIVE,0.597,0.013,0.39
SPADES FIVE CLUBS JACK,0.606,0.0118,0.3822
CLUBS TEN SPADES FIVE,0.5832,0.0118,0.405
CLUBS EIGHT CLUBS JACK,0.527,0.0114,0.4616
CLUBS TEN CLUBS EIGHT,0.5284,0.0082,0.4634
CLUBS EIGHT CLUBS KING,0.3438,0.0092,0.647
SPADES FIVE CLUBS ACE,0.3348,0.0072,0.658
CLUBS EIGHT CLUBS QUEEN,0.2098,0.2174,0.5728
SPADES FIVE CLUBS KING,0.3504,0.007,0.6426
SPADES FIVE CLUBS QUEEN,0.214,0.4618,0.3242
CLUBS EIGHT CLUBS ACE,0.3394,0.0066,0.654
DIAMONDS TWO DIAMONDS THREE,0.654,0.043,0.303
DIAMONDS TWO DIAMONDS FIVE,0.5704,0.0156,0.414
SPADES KING HEARTS FIVE,0.365,0.0092,0.6258
DIAMONDS TWO DIAMONDS FOUR,0.5738,0.016,0.4102
DIAMONDS TWO DIAMONDS SEVEN,0.5918,0.0096,0.3986
DIAMONDS TWO DIAMONDS SIX,0.5768,0.0138,0.4094
SPADES ACE HEARTS FIVE,0.3432,0.004,0.6528
DIAMONDS TWO DIAMONDS NINE,0.5846,0.0138,0.4016
DIAMONDS TWO DIAMONDS EIGHT,0.577,0.0156,0.4074
DIAMONDS THREE DIAMONDS FOUR,0.6388,0.0394,0.3218
CLUBS TWO SPADES FOUR,0.6218,0.0178,0.3604
DIAMONDS THREE DIAMONDS FIVE,0.6456,0.0358,0.3186
CLUBS TWO SPADES FIVE,0.6074,0.016,0.3766
CLUBS TWO SPADES TWO,0.425,0.038,0.537
CLUBS TWO SPADES THREE,0.7016,0.0452,0.2532
DIAMONDS THREE DIAMONDS EIGHT,0.6798,0.037,0.2832
SPADES EIGHT CLUBS TWO,0.6334,0.014,0.3526
DIAMONDS THREE DIAMONDS NINE,0.6768,0.0376,0.2856
SPADES NINE CLUBS TWO,0.6288,0.0142,0.357
DIAMONDS THREE DIAMONDS SIX,0.6554,0.0388,0.3058
CLUBS TWO SPADES SIX,0.631,0.0152,0.3538
DIAMONDS THREE DIAMONDS SEVEN,0.6626,0.0354,0.302
SPADES SEVEN CLUBS TWO,0.6478,0.014,0.3382
CLUBS SIX CLUBS TWO,0.599,0.011,0.39
CLUBS SEVEN CLUBS TWO,0.5998,0.0138,0.3864
CLUBS TWO CLUBS FOUR,0.5676,0.0196,0.4128
CLUBS FIVE CLUBS TWO,0.5762,0.0188,0.405
CLUBS TEN CLUBS JACK,0.502,0.0102,0.4878
DIAMONDS FOUR DIAMONDS SIX,0.5336,0.0128,0.4536
CLUBS TEN CLUBS QUEEN,0.214,0.1196,0.6664
DIAMONDS FOUR DIAMONDS SEVEN,0.5444,0.013,0.4426
CLUBS TEN CLUBS KING,0.3192,0.0082,0.6726
CLUBS TEN CLUBS ACE,0.3284,0.0056,0.666
CLUBS EIGHT CLUBS TWO,0.5832,0.0124,0.4044
DIAMONDS FIVE DIAMONDS FOUR,0.5312,0.0146,0.4542
CLUBS NINE CLUBS TWO,0.591,0.0138,0.3952
DIAMONDS NINE DIAMONDS FOUR,0.556,0.01,0.434
DIAMONDS EIGHT DIAMONDS FOUR,0.556,0.016,0.428
DIAMONDS NINE DIAMONDS FIVE,0.5354,0.0104,0.4542
DIAMONDS TWO CLUBS JACK,0.635,0.0134,0.3516
DIAMONDS EIGHT DIAMONDS FIVE,0.5292,0.0116,0.4592
CLUBS TEN DIAMONDS TWO,0.6298,0.0136,0.3566
DIAMONDS FIVE DIAMONDS SEVEN,0.5378,0.0146,0.4476
DIAMONDS FIVE DIAMONDS SIX,0.5356,0.014,0.4504
DIAMONDS TWO CLUBS ACE,0.3738,0.0062,0.62
DIAMONDS TWO CLUBS KING,0.389,0.0098,0.6012
DIAMONDS TWO CLUBS QUEEN,0.2652,0.5148,0.22
DIAMONDS EIGHT DIAMONDS SIX,0.5196,0.0114,0.469
DIAMONDS NINE DIAMONDS SIX,0.542,0.0126,0.4454
HEARTS ACE SPADES THREE,0.2306,0.0212,0.7482
HEARTS KING SPADES THREE,0.2404,0.0314,0.7282
DIAMONDS SEVEN DIAMONDS SIX,0.5226,0.0116,0.4658
SPADES THREE HEARTS QUEEN,0.0166,0.9716,0.0118
SPADES THREE HEARTS JACK,0.7176,0.0422,0.2402
SPADES THREE HEARTS TEN,0.721,0.0412,0.2378
DIAMONDS EIGHT DIAMONDS SEVEN,0.505,0.0122,0.4828
DIAMONDS NINE DIAMONDS SEVEN,0.5228,0.011,0.4662
DIAMONDS NINE DIAMONDS EIGHT,0.5028,0.0094,0.4878
DIAMONDS KING HEARTS TEN,0.3444,0.0066,0.649
HEARTS THREE HEARTS TEN,0.6696,0.0412,0.2892
SPADES JACK CLUBS SIX,0.59,0.016,0.394
DIAMONDS KING HEARTS JACK,0.3296,0.0078,0.6626
HEARTS THREE HEARTS JACK,0.682,0.0414,0.2766
SPADES TEN CLUBS SIX,0.5776,0.0154,0.407
SPADES JACK SPADES FIVE,0.5612,0.0142,0.4246
SPADES TEN SPADES FIVE,0.5754,0.013,0.4116
DIAMONDS KING HEARTS ACE,0.3174,0.0062,0.6764
HEARTS THREE HEARTS ACE,0.222,0.0208,0.7572
SPADES ACE CLUBS SIX,0.3468,0.0028,0.6504
DIAMONDS KING HEARTS QUEEN,0.2268,0.0292,0.744
HEARTS THREE HEARTS QUEEN,0.0242,0.9056,0.0702
SPADES KING CLUBS SIX,0.3496,0.006,0.6444
DIAMONDS KING HEARTS KING,0.1358,0.0044,0.8598
HEARTS THREE HEARTS KING,0.2298,0.0346,0.7356
SPADES NINE HEARTS TEN,0.5418,0.0094,0.4488
SPADES NINE HEARTS JACK,0.5458,0.0116,0.4426
SPADES KING SPADES FIVE,0.3416,0.0088,0.6496
SPADES ACE SPADES FIVE,0.3236,0.0072,0.6692
SPADES NINE HEARTS QUEEN,0.2338,0.1608,0.6054
SPADES NINE HEARTS KING,0.347,0.0064,0.6466
SPADES NINE HEARTS ACE,0.3632,0.0046,0.6322
CLUBS TEN SPADES JACK,0.5348,0.0094,0.4558
CLUBS TEN SPADES TEN,0.2798,0.0184,0.7018
SPADES ACE CLUBS TEN,0.329,0.0034,0.6676
SPADES KING CLUBS TEN,0.3352,0.007,0.6578
SPADES FIVE HEARTS QUEEN,0.22,0.463,0.317
SPADES FIVE HEARTS KING,0.3696,0.009,0.6214
SPADES FIVE HEARTS ACE,0.3498,0.0044,0.6458
HEARTS THREE SPADES JACK,0.7256,0.0432,0.2312
SPADES JACK DIAMONDS KING,0.339,0.0072,0.6538
SPADES TEN CLUBS EIGHT,0.5532,0.0124,0.4344
SPADES JACK CLUBS EIGHT,0.5504,0.0106,0.439
HEARTS THREE SPADES TEN,0.7292,0.0426,0.2282
SPADES TEN DIAMONDS KING,0.3496,0.0062,0.6442
CLUBS SIX HEARTS ACE,0.361,0.0062,0.6328
SPADES ACE CLUBS EIGHT,0.356,0.0046,0.6394
HEARTS FIVE CLUBS JACK,0.5928,0.0128,0.3944
CLUBS TEN HEARTS FIVE,0.5746,0.0102,0.4152
CLUBS SIX HEARTS QUEEN,0.2232,0.3798,0.397
CLUBS TEN SPADES THREE,0.7284,0.0436,0.228
CLUBS SIX HEARTS KING,0.3588,0.0066,0.6346
SPADES KING CLUBS EIGHT,0.3642,0.008,0.6278
SPADES THREE CLUBS JACK,0.721,0.0422,0.2368
DIAMONDS TWO HEARTS JACK,0.636,0.0124,0.3516
SPADES THREE CLUBS QUEEN,0.007,0.9866,0.0064
DIAMONDS TWO HEARTS TEN,0.623,0.0124,0.3646
SPADES THREE CLUBS KING,0.2282,0.03,0.7418
HEARTS FIVE CLUBS ACE,0.3398,0.0032,0.657
SPADES FIVE HEARTS TEN,0.5954,0.012,0.3926
SPADES THREE CLUBS ACE,0.2318,0.0182,0.75
HEARTS FIVE CLUBS KING,0.353,0.0072,0.6398
SPADES FIVE HEARTS JACK,0.5994,0.0102,0.3904
HEARTS FIVE CLUBS QUEEN,0.2126,0.46,0.3274
HEARTS THREE CLUBS KING,0.2288,0.036,0.7352
DIAMONDS KING CLUBS KING,0.126,0.0046,0.8694
HEARTS THREE CLUBS QUEEN,0.012,0.9716,0.0164
DIAMONDS KING CLUBS QUEEN,0.2252,0.0278,0.747
HEARTS FIVE HEARTS JACK,0.558,0.0108,0.4312
HEARTS FIVE HEARTS TEN,0.557,0.01,0.433
HEARTS THREE CLUBS ACE,0.2228,0.0212,0.756
DIAMONDS KING CLUBS ACE,0.3102,0.0044,0.6854
SPADES ACE CLUBS QUEEN,0.2154,0.0148,0.7698
SPADES KING CLUBS QUEEN,0.2114,0.0312,0.7574
HEARTS THREE CLUBS JACK,0.7138,0.0396,0.2466
DIAMONDS KING CLUBS JACK,0.3418,0.0062,0.652
CLUBS TEN HEARTS THREE,0.7102,0.0468,0.243
CLUBS TEN DIAMONDS KING,0.3184,0.0066,0.675
SPADES JACK CLUBS QUEEN,0.221,0.0944,0.6846
CLUBS SIX CLUBS QUEEN,0.2206,0.3536,0.4258
SPADES TEN CLUBS QUEEN,0.2216,0.125,0.6534
CLUBS SIX CLUBS KING,0.338,0.0076,0.6544
CLUBS SIX CLUBS ACE,0.359,0.0042,0.6368
HEARTS FIVE HEARTS KING,0.3316,0.0086,0.6598
HEARTS FIVE HEARTS QUEEN,0.2118,0.4358,0.3524
CLUBS TEN CLUBS SIX,0.5574,0.0088,0.4338
HEARTS FIVE HEARTS ACE,0.3246,0.004,0.6714
CLUBS SIX CLUBS JACK,0.5668,0.0112,0.422
SPADES SEVEN HEARTS JACK,0.5838,0.0114,0.4048
SPADES SEVEN HEARTS TEN,0.5676,0.0106,0.4218
DIAMONDS TWO CLUBS TWO,0.4328,0.0332,0.534
HEARTS SIX DIAMONDS TWO,0.6206,0.0132,0.3662
DIAMONDS TWO HEARTS QUEEN,0.2584,0.5266,0.215
DIAMONDS TWO HEARTS SEVEN,0.6386,0.0116,0.3498
DIAMONDS TWO HEARTS KING,0.3826,0.0104,0.607
DIAMONDS TWO HEARTS EIGHT,0.6366,0.012,0.3514
DIAMONDS TWO HEARTS ACE,0.3854,0.0066,0.608
DIAMONDS TWO HEARTS NINE,0.6142,0.0114,0.3744
DIAMONDS TWO DIAMONDS QUEEN,0.2596,0.484,0.2564
DIAMONDS TWO HEARTS TWO,0.417,0.0382,0.5448
DIAMONDS TWO DIAMONDS KING,0.3626,0.0074,0.63
HEARTS THREE DIAMONDS TWO,0.6954,0.0396,0.265
DIAMONDS TWO DIAMONDS ACE,0.3522,0.0048,0.643
HEARTS FOUR DIAMONDS TWO,0.6108,0.0146,0.3746
DIAMONDS TWO HEARTS FIVE,0.6012,0.0152,0.3836
SPADES SEVEN HEARTS ACE,0.3568,0.0034,0.6398
DIAMONDS TWO DIAMONDS TEN,0.5798,0.0124,0.4078
SPADES SEVEN HEARTS KING,0.3612,0.0066,0.6322
DIAMONDS TWO DIAMONDS JACK,0.5816,0.0092,0.4092
SPADES SEVEN HEARTS QUEEN,0.2244,0.3034,0.4722
DIAMONDS TWO SPADES NINE,0.6256,0.0126,0.3618
DIAMONDS TWO SPADES EIGHT,0.6312,0.0146,0.3542
DIAMONDS TWO SPADES SEVEN,0.6288,0.0156,0.3556
DIAMONDS TWO SPADES SIX,0.622,0.0152,0.3628
DIAMONDS TWO SPADES FIVE,0.602,0.0132,0.3848
DIAMONDS TWO SPADES FOUR,0.6188,0.0142,0.367
DIAMONDS TWO SPADES THREE,0.7164,0.0416,0.242
DIAMONDS TWO SPADES TWO,0.4148,0.036,0.5492
CLUBS NINE DIAMONDS TWO,0.6164,0.0156,0.368
DIAMONDS TWO CLUBS EIGHT,0.6134,0.0132,0.3734
CLUBS SEVEN DIAMONDS TWO,0.6322,0.0128,0.355
DIAMONDS TWO CLUBS SIX,0.6302,0.0168,0.353
DIAMONDS TWO CLUBS FIVE,0.6132,0.0146,0.3722
DIAMONDS TWO CLUBS FOUR,0.6004,0.0154,0.3842
CLUBS FOUR SPADES FIVE,0.5746,0.0128,0.4126
CLUBS FOUR SPADES FOUR,0.3144,0.032,0.6536
CLUBS FOUR SPADES THREE,0.6798,0.04,0.2802
CLUBS FOUR SPADES TWO,0.5968,0.0154,0.3878
SPADES NINE CLUBS FOUR,0.5996,0.0114,0.389
SPADES EIGHT CLUBS FOUR,0.578,0.016,0.406
SPADES SEVEN CLUBS FOUR,0.5734,0.0132,0.4134
SPADES SIX CLUBS FOUR,0.5824,0.013,0.4046
SPADES ACE DIAMONDS SIX,0.356,0.0028,0.6412
SPADES KING DIAMONDS SIX,0.3646,0.0062,0.6292
SPADES TEN DIAMONDS SIX,0.5934,0.0128,0.3938
SPADES JACK DIAMONDS SIX,0.6006,0.0102,0.3892
SPADES KING SPADES TWO,0.3736,0.0114,0.615
SPADES ACE SPADES TWO,0.3484,0.006,0.6456
DIAMONDS JACK CLUBS JACK,0.2864,0.0124,0.7012
CLUBS TEN DIAMONDS JACK,0.5426,0.0114,0.446
DIAMONDS JACK CLUBS KING,0.3378,0.0044,0.6578
DIAMONDS JACK CLUBS QUEEN,0.2244,0.0854,0.6902
DIAMONDS THREE DIAMONDS JACK,0.6692,0.0426,0.2882
DIAMONDS THREE DIAMONDS TEN,0.6614,0.0428,0.2958
DIAMONDS JACK CLUBS ACE,0.3302,0.0046,0.6652
DIAMONDS THREE DIAMONDS KING,0.2252,0.0326,0.7422
HEARTS THREE DIAMONDS THREE,0.3034,0.0312,0.6654
DIAMONDS THREE DIAMONDS QUEEN,0.0228,0.908,0.0692
DIAMONDS THREE HEARTS TWO,0.7042,0.0398,0.256
HEARTS FIVE DIAMONDS THREE,0.675,0.0382,0.2868
DIAMONDS THREE DIAMONDS ACE,0.215,0.0216,0.7634
HEARTS FOUR DIAMONDS THREE,0.6782,0.0392,0.2826
DIAMONDS THREE HEARTS SEVEN,0.711,0.0336,0.2554
SPADES TEN SPADES NINE,0.5238,0.013,0.4632
HEARTS SIX DIAMONDS THREE,0.704,0.0342,0.2618
SPADES JACK SPADES NINE,0.5268,0.0094,0.4638
DIAMONDS THREE HEARTS NINE,0.7156,0.0488,0.2356
HEARTS JACK DIAMONDS FOUR,0.6052,0.0126,0.3822
HEARTS KING HEARTS ACE,0.3062,0.0048,0.689
SPADES TEN SPADES TWO,0.5974,0.0152,0.3874
DIAMONDS THREE HEARTS EIGHT,0.72,0.0408,0.2392
HEARTS TEN DIAMONDS FOUR,0.597,0.0104,0.3926
SPADES JACK SPADES TWO,0.5972,0.0186,0.3842
HEARTS QUEEN DIAMONDS FOUR,0.2278,0.5028,0.2694
HEARTS KING DIAMONDS FOUR,0.3544,0.0088,0.6368
SPADES ACE SPADES NINE,0.3394,0.0064,0.6542
HEARTS ACE DIAMONDS FOUR,0.3594,0.0056,0.635
SPADES KING SPADES NINE,0.3246,0.0078,0.6676
DIAMONDS THREE SPADES NINE,0.707,0.0434,0.2496
DIAMONDS THREE SPADES EIGHT,0.7202,0.04,0.2398
DIAMONDS THREE SPADES SEVEN,0.7174,0.036,0.2466
DIAMONDS THREE SPADES SIX,0.6928,0.0422,0.265
DIAMONDS THREE CLUBS SIX,0.6872,0.0368,0.276
CLUBS FIVE CLUBS SIX,0.5442,0.015,0.4408
CLUBS ACE DIAMONDS FOUR,0.3372,0.0056,0.6572
CLUBS SEVEN DIAMONDS THREE,0.7144,0.0368,0.2488
CLUBS SEVEN CLUBS FIVE,0.525,0.0136,0.4614
DIAMONDS THREE CLUBS FOUR,0.675,0.042,0.283
DIAMONDS FOUR CLUBS QUEEN,0.2008,0.5198,0.2794
DIAMONDS THREE CLUBS FIVE,0.675,0.0406,0.2844
CLUBS KING DIAMONDS FOUR,0.3536,0.0096,0.6368
DIAMONDS THREE CLUBS TWO,0.7024,0.0414,0.2562
CLUBS TEN DIAMONDS FOUR,0.5894,0.0122,0.3984
DIAMONDS FOUR CLUBS JACK,0.5946,0.011,0.3944
DIAMONDS THREE SPADES FOUR,0.688,0.0414,0.2706
DIAMONDS THREE SPADES FIVE,0.6748,0.0432,0.282
DIAMONDS THREE SPADES TWO,0.7102,0.0384,0.2514
DIAMONDS THREE SPADES THREE,0.2892,0.0306,0.6802
CLUBS EIGHT DIAMONDS THREE,0.715,0.0382,0.2468
CLUBS NINE DIAMONDS THREE,0.7128,0.043,0.2442
SPADES SEVEN CLUBS ACE,0.3588,0.0048,0.6364
SPADES SEVEN CLUBS QUEEN,0.22,0.3048,0.4752
SPADES SEVEN CLUBS KING,0.357,0.0078,0.6352
CLUBS FIVE SPADES SEVEN,0.5682,0.0146,0.4172
CLUBS TEN SPADES SEVEN,0.5456,0.0134,0.441
CLUBS FIVE SPADES SIX,0.5538,0.0162,0.43
SPADES SEVEN CLUBS JACK,0.5906,0.0134,0.396
SPADES NINE CLUBS FIVE,0.5886,0.013,0.3984
CLUBS FIVE SPADES EIGHT,0.5658,0.0152,0.419
CLUBS FIVE SPADES THREE,0.6876,0.0418,0.2706
CLUBS FIVE SPADES TWO,0.6086,0.0176,0.3738
CLUBS FIVE SPADES FIVE,0.3186,0.0312,0.6502
CLUBS FIVE SPADES FOUR,0.5578,0.0164,0.4258
CLUBS NINE CLUBS FIVE,0.5662,0.0124,0.4214
CLUBS EIGHT CLUBS FIVE,0.5472,0.0112,0.4416
CLUBS ACE CLUBS QUEEN,0.2082,0.0154,0.7764
CLUBS KING CLUBS QUEEN,0.211,0.0284,0.7606
DIAMONDS TEN DIAMONDS FOUR,0.5606,0.0108,0.4286
CLUBS TEN DIAMONDS NINE,0.5436,0.0114,0.445
DIAMONDS JACK DIAMONDS FOUR,0.5522,0.0098,0.438
DIAMONDS NINE CLUBS JACK,0.5376,0.0088,0.4536
SPADES NINE CLUBS JACK,0.551,0.0136,0.4354
CLUBS TEN SPADES NINE,0.5458,0.0112,0.443
DIAMONDS ACE DIAMONDS FOUR,0.3178,0.0046,0.6776
HEARTS FOUR DIAMONDS FOUR,0.3302,0.0308,0.639
DIAMONDS JACK HEARTS TEN,0.5336,0.0082,0.4582
SPADES NINE CLUBS KING,0.3336,0.007,0.6594
DIAMONDS TWO SPADES TEN,0.6234,0.0142,0.3624
DIAMONDS NINE CLUBS ACE,0.3718,0.0032,0.625
HEARTS FIVE DIAMONDS FOUR,0.5514,0.0146,0.434
HEARTS JACK DIAMONDS JACK,0.2818,0.0088,0.7094
SPADES NINE CLUBS QUEEN,0.2284,0.173,0.5986
SPADES JACK DIAMONDS TWO,0.6334,0.0144,0.3522
DIAMONDS QUEEN DIAMONDS FOUR,0.209,0.4942,0.2968
HEARTS TWO DIAMONDS FOUR,0.6122,0.0192,0.3686
DIAMONDS NINE CLUBS QUEEN,0.2168,0.168,0.6152
DIAMONDS KING DIAMONDS FOUR,0.3416,0.0094,0.649
HEARTS THREE DIAMONDS FOUR,0.6752,0.04,0.2848
SPADES NINE CLUBS ACE,0.3684,0.0042,0.6274
DIAMONDS NINE CLUBS KING,0.3488,0.0056,0.6456
HEARTS ACE DIAMONDS JACK,0.3392,0.0028,0.658
SPADES ACE DIAMONDS TWO,0.3726,0.005,0.6224
DIAMONDS JACK HEARTS QUEEN,0.23,0.0884,0.6816
HEARTS KING DIAMONDS JACK,0.3488,0.0068,0.6444
SPADES KING DIAMONDS TWO,0.395,0.0106,0.5944
SPADES JACK SPADES SEVEN,0.5562,0.0134,0.4304
SPADES TEN SPADES SEVEN,0.5376,0.0102,0.4522
SPADES TWO DIAMONDS FOUR,0.6256,0.0162,0.3582
SPADES THREE DIAMONDS FOUR,0.684,0.046,0.27
SPADES FOUR DIAMONDS FOUR,0.3338,0.0354,0.6308
SPADES FIVE DIAMONDS FOUR,0.5602,0.0152,0.4246
SPADES SIX DIAMONDS FOUR,0.5706,0.0146,0.4148
SPADES SEVEN DIAMONDS FOUR,0.5666,0.0136,0.4198
SPADES EIGHT DIAMONDS FOUR,0.5918,0.0124,0.3958
SPADES NINE DIAMONDS FOUR,0.601,0.0134,0.3856
CLUBS FIVE DIAMONDS FOUR,0.5648,0.0162,0.419
CLUBS FOUR DIAMONDS FOUR,0.3286,0.0366,0.6348
CLUBS SEVEN DIAMONDS FOUR,0.5648,0.0144,0.4208
CLUBS SIX DIAMONDS FOUR,0.5718,0.013,0.4152
CLUBS NINE DIAMONDS FOUR,0.5996,0.0114,0.389
CLUBS EIGHT DIAMONDS FOUR,0.5836,0.0132,0.4032
DIAMONDS FOUR HEARTS SEVEN,0.5798,0.0122,0.408
HEARTS SIX DIAMONDS FOUR,0.578,0.0152,0.4068
HEARTS NINE DIAMONDS FOUR,0.605,0.0108,0.3842
DIAMONDS FOUR HEARTS EIGHT,0.5736,0.0132,0.4132
CLUBS TWO DIAMONDS FOUR,0.6248,0.0128,0.3624
DIAMONDS TEN DIAMONDS FIVE,0.5446,0.0118,0.4436
DIAMONDS JACK DIAMONDS FIVE,0.564,0.013,0.423
DIAMONDS NINE HEARTS QUEEN,0.2376,0.1654,0.597
HEARTS KING DIAMONDS NINE,0.3578,0.006,0.6362
DIAMONDS NINE HEARTS ACE,0.3678,0.0034,0.6288
DIAMONDS NINE HEARTS TEN,0.5334,0.0104,0.4562
DIAMONDS NINE HEARTS JACK,0.5502,0.0106,0.4392
CLUBS KING DIAMONDS SIX,0.3422,0.009,0.6488
CLUBS QUEEN DIAMONDS SIX,0.219,0.3812,0.3998
CLUBS ACE DIAMONDS SIX,0.3522,0.005,0.6428
SPADES KING DIAMONDS FOUR,0.3496,0.0098,0.6406
SPADES ACE SPADES SEVEN,0.339,0.0054,0.6556
CLUBS JACK DIAMONDS SIX,0.5936,0.013,0.3934
SPADES KING SPADES SEVEN,0.3544,0.0074,0.6382
SPADES ACE DIAMONDS FOUR,0.3478,0.0056,0.6466
CLUBS TEN DIAMONDS SIX,0.5754,0.0114,0.4132
CLUBS NINE CLUBS FOUR,0.5646,0.0132,0.4222
CLUBS EIGHT CLUBS FOUR,0.5326,0.0142,0.4532
SPADES JACK DIAMONDS FOUR,0.6028,0.0132,0.384
SPADES TEN DIAMONDS FOUR,0.5966,0.016,0.3874
CLUBS FIVE CLUBS FOUR,0.5276,0.0148,0.4576
CLUBS SEVEN CLUBS FOUR,0.5494,0.0142,0.4364
CLUBS SIX CLUBS FOUR,0.5458,0.0142,0.44
CLUBS SEVEN SPADES EIGHT,0.5418,0.013,0.4452
CLUBS SEVEN SPADES NINE,0.5642,0.0128,0.423
CLUBS SEVEN SPADES SIX,0.5598,0.012,0.4282
CLUBS SEVEN SPADES SEVEN,0.3186,0.0272,0.6542
CLUBS SEVEN SPADES FIVE,0.5622,0.0162,0.4216
CLUBS SEVEN SPADES FOUR,0.594,0.0142,0.3918
CLUBS SEVEN SPADES THREE,0.709,0.0462,0.2448
CLUBS SEVEN SPADES TWO,0.6288,0.0128,0.3584
CLUBS NINE CLUBS SEVEN,0.512,0.0126,0.4754
CLUBS SEVEN CLUBS EIGHT,0.5168,0.01,0.4732
HEARTS SIX DIAMONDS FIVE,0.5612,0.0136,0.4252
DIAMONDS FIVE HEARTS SEVEN,0.5648,0.0116,0.4236
DIAMONDS FIVE HEARTS EIGHT,0.57,0.0126,0.4174
HEARTS NINE DIAMONDS FIVE,0.5772,0.0132,0.4096
DIAMONDS QUEEN DIAMONDS FIVE,0.2082,0.4292,0.3626
HEARTS TWO DIAMONDS FIVE,0.615,0.0158,0.3692
HEARTS KING HEARTS EIGHT,0.346,0.0066,0.6474
DIAMONDS KING DIAMONDS FIVE,0.3294,0.0076,0.663
HEARTS THREE DIAMONDS FIVE,0.6756,0.043,0.2814
HEARTS QUEEN HEARTS EIGHT,0.2106,0.2156,0.5738
DIAMONDS ACE DIAMONDS FIVE,0.3306,0.004,0.6654
HEARTS FOUR DIAMONDS FIVE,0.5648,0.0142,0.421
HEARTS FIVE DIAMONDS FIVE,0.3076,0.0284,0.664
HEARTS ACE HEARTS EIGHT,0.3388,0.0052,0.656
CLUBS FOUR DIAMONDS FIVE,0.5618,0.012,0.4262
CLUBS FIVE DIAMONDS FIVE,0.3262,0.0302,0.6436
CLUBS SIX DIAMONDS FIVE,0.5534,0.0094,0.4372
CLUBS SEVEN DIAMONDS FIVE,0.5618,0.0144,0.4238
CLUBS TWO DIAMONDS FIVE,0.6098,0.0132,0.377
SPADES THREE DIAMONDS FIVE,0.686,0.0428,0.2712
SPADES TWO DIAMONDS FIVE,0.6124,0.0144,0.3732
SPADES JACK DIAMONDS EIGHT,0.572,0.0122,0.4158
SPADES FIVE DIAMONDS FIVE,0.3334,0.0288,0.6378
CLUBS TEN HEARTS JACK,0.5406,0.0064,0.453
SPADES TEN DIAMONDS EIGHT,0.5478,0.0156,0.4366
SPADES FOUR DIAMONDS FIVE,0.561,0.0128,0.4262
HEARTS JACK CLUBS JACK,0.2768,0.0096,0.7136
HEARTS JACK CLUBS QUEEN,0.2198,0.102,0.6782
CLUBS NINE DIAMONDS FIVE,0.5844,0.015,0.4006
HEARTS JACK CLUBS KING,0.3308,0.0066,0.6626
CLUBS EIGHT DIAMONDS FIVE,0.5706,0.0102,0.4192
HEARTS JACK CLUBS ACE,0.3408,0.0034,0.6558
SPADES SEVEN DIAMONDS FIVE,0.5758,0.0128,0.4114
SPADES KING DIAMONDS EIGHT,0.3578,0.0078,0.6344
SPADES SIX DIAMONDS FIVE,0.5628,0.0134,0.4238
SPADES NINE DIAMONDS FIVE,0.5964,0.0152,0.3884
SPADES EIGHT DIAMONDS FIVE,0.583,0.0134,0.4036
SPADES ACE DIAMONDS EIGHT,0.3608,0.0048,0.6344
DIAMONDS TEN DIAMONDS SIX,0.5534,0.0088,0.4378
HEARTS ACE DIAMONDS SEVEN,0.3646,0.004,0.6314
DIAMONDS JACK DIAMONDS SIX,0.5668,0.0118,0.4214
HEARTS QUEEN DIAMONDS SEVEN,0.2256,0.301,0.4734
HEARTS KING DIAMONDS SEVEN,0.3708,0.0056,0.6236
DIAMONDS ACE DIAMONDS SIX,0.34,0.0038,0.6562
HEARTS FOUR DIAMONDS SIX,0.5806,0.0138,0.4056
HEARTS JACK SPADES TWO,0.6388,0.0114,0.3498
HEARTS FIVE DIAMONDS SIX,0.5628,0.0088,0.4284
SPADES TWO HEARTS TEN,0.6346,0.0146,0.3508
DIAMONDS QUEEN DIAMONDS SIX,0.2038,0.3548,0.4414
HEARTS TWO DIAMONDS SIX,0.6292,0.013,0.3578
DIAMONDS KING DIAMONDS SIX,0.3444,0.0062,0.6494
HEARTS THREE DIAMONDS SIX,0.6944,0.0366,0.269
HEARTS EIGHT DIAMONDS SIX,0.5506,0.0112,0.4382
HEARTS NINE DIAMONDS SIX,0.5796,0.012,0.4084
HEARTS SIX DIAMONDS SIX,0.3108,0.0254,0.6638
HEARTS SEVEN DIAMONDS SIX,0.5494,0.0092,0.4414
HEARTS TEN DIAMONDS SEVEN,0.5728,0.0098,0.4174
CLUBS TWO DIAMONDS SIX,0.6278,0.015,0.3572
HEARTS JACK DIAMONDS SEVEN,0.5734,0.0104,0.4162
CLUBS SEVEN DIAMONDS SIX,0.5418,0.01,0.4482
DIAMONDS EIGHT CLUBS JACK,0.5606,0.0114,0.428
CLUBS SIX DIAMONDS SIX,0.3146,0.0278,0.6576
CLUBS TEN DIAMONDS EIGHT,0.5534,0.0126,0.434
CLUBS FIVE DIAMONDS SIX,0.5416,0.0144,0.444
CLUBS FOUR DIAMONDS SIX,0.5766,0.014,0.4094
HEARTS ACE HEARTS JACK,0.34,0.0044,0.6556
DIAMONDS EIGHT CLUBS ACE,0.343,0.0058,0.6512
HEARTS JACK HEARTS QUEEN,0.216,0.0836,0.7004
DIAMONDS EIGHT CLUBS KING,0.3564,0.007,0.6366
CLUBS NINE DIAMONDS SIX,0.5686,0.0124,0.419
HEARTS KING HEARTS JACK,0.3232,0.0064,0.6704
DIAMONDS EIGHT CLUBS QUEEN,0.2222,0.2346,0.5432
CLUBS EIGHT DIAMONDS SIX,0.5482,0.0102,0.4416
SPADES TEN HEARTS KING,0.342,0.0062,0.6518
SPADES FIVE DIAMONDS SIX,0.5626,0.0124,0.425
HEARTS ACE SPADES TWO,0.379,0.0058,0.6152
SPADES JACK HEARTS KING,0.3404,0.005,0.6546
SPADES FOUR DIAMONDS SIX,0.5738,0.013,0.4132
SPADES THREE DIAMONDS SIX,0.7022,0.0404,0.2574
SPADES TWO HEARTS QUEEN,0.267,0.5154,0.2176
SPADES ACE SPADES KING,0.2878,0.0052,0.707
HEARTS KING SPADES TWO,0.3794,0.0062,0.6144
SPADES TWO DIAMONDS SIX,0.629,0.0126,0.3584
HEARTS TEN HEARTS EIGHT,0.5082,0.0114,0.4804
SPADES NINE DIAMONDS SIX,0.5738,0.0122,0.414
HEARTS JACK HEARTS EIGHT,0.5346,0.0118,0.4536
SPADES EIGHT DIAMONDS SIX,0.5628,0.012,0.4252
SPADES SEVEN DIAMONDS SIX,0.5542,0.013,0.4328
SPADES SIX DIAMONDS SIX,0.3342,0.0282,0.6376
SPADES KING HEARTS KING,0.1176,0.004,0.8784
CLUBS ACE CLUBS KING,0.295,0.0074,0.6976
SPADES ACE HEARTS KING,0.2988,0.007,0.6942
SPADES ACE HEARTS JACK,0.3362,0.0058,0.658
SPADES KING HEARTS JACK,0.3408,0.0068,0.6524
SPADES TEN DIAMONDS TEN,0.2972,0.0132,0.6896
SPADES JACK DIAMONDS TEN,0.5238,0.0114,0.4648
SPADES ACE DIAMONDS TEN,0.3328,0.0052,0.662
SPADES JACK HEARTS JACK,0.2876,0.0102,0.7022
SPADES TEN HEARTS JACK,0.5422,0.0098,0.448
SPADES KING DIAMONDS TEN,0.342,0.0078,0.6502
SPADES NINE DIAMONDS SEVEN,0.5484,0.0114,0.4402
SPADES EIGHT DIAMONDS SEVEN,0.5388,0.0124,0.4488
SPADES SEVEN DIAMONDS SEVEN,0.3294,0.027,0.6436
SPADES SIX DIAMONDS SEVEN,0.5546,0.015,0.4304
DIAMONDS KING DIAMONDS SEVEN,0.3418,0.0052,0.653
HEARTS THREE DIAMONDS SEVEN,0.7038,0.0386,0.2576
HEARTS KING DIAMONDS FIVE,0.3538,0.007,0.6392
DIAMONDS QUEEN DIAMONDS SEVEN,0.2148,0.299,0.4862
HEARTS TWO DIAMONDS SEVEN,0.6304,0.0146,0.355
HEARTS QUEEN DIAMONDS FIVE,0.2182,0.4546,0.3272
HEARTS FIVE DIAMONDS SEVEN,0.5602,0.011,0.4288
DIAMONDS ACE DIAMONDS SEVEN,0.3406,0.004,0.6554
HEARTS FOUR DIAMONDS SEVEN,0.5832,0.0136,0.4032
HEARTS ACE DIAMONDS FIVE,0.35,0.0052,0.6448
HEARTS SEVEN DIAMONDS SEVEN,0.32,0.0182,0.6618
HEARTS SIX DIAMONDS SEVEN,0.5466,0.0084,0.445
HEARTS NINE DIAMONDS SEVEN,0.5716,0.0116,0.4168
DIAMONDS SEVEN HEARTS EIGHT,0.5466,0.01,0.4434
DIAMONDS JACK DIAMONDS SEVEN,0.5472,0.0152,0.4376
HEARTS JACK DIAMONDS FIVE,0.6082,0.0102,0.3816
DIAMONDS TEN DIAMONDS SEVEN,0.5246,0.0132,0.4622
DIAMONDS FIVE HEARTS TEN,0.585,0.0106,0.4044
SPADES KING CLUBS TWO,0.3822,0.009,0.6088
HEARTS KING CLUBS KING,0.13,0.0046,0.8654
CLUBS EIGHT DIAMONDS SEVEN,0.556,0.012,0.432
HEARTS KING CLUBS QUEEN,0.2238,0.0306,0.7456
CLUBS NINE DIAMONDS SEVEN,0.56,0.012,0.428
SPADES TWO CLUBS JACK,0.6226,0.0154,0.362
SPADES ACE CLUBS TWO,0.3756,0.0054,0.619
CLUBS TEN SPADES TWO,0.6362,0.0134,0.3504
HEARTS KING CLUBS ACE,0.3166,0.0042,0.6792
CLUBS SEVEN CLUBS SIX,0.5214,0.0124,0.4662
SPADES TWO CLUBS KING,0.3742,0.0104,0.6154
SPADES TWO DIAMONDS SEVEN,0.641,0.0138,0.3452
CLUBS EIGHT CLUBS SIX,0.5208,0.0112,0.468
SPADES THREE DIAMONDS SEVEN,0.7162,0.041,0.2428
SPADES TWO CLUBS QUEEN,0.2646,0.528,0.2074
CLUBS NINE CLUBS SIX,0.534,0.0114,0.4546
SPADES FOUR DIAMONDS SEVEN,0.5676,0.0114,0.421
HEARTS KING CLUBS JACK,0.3344,0.0068,0.6588
SPADES FIVE DIAMONDS SEVEN,0.5716,0.0146,0.4138
SPADES TWO CLUBS ACE,0.368,0.008,0.624
CLUBS TEN HEARTS KING,0.331,0.007,0.662
CLUBS SIX SPADES TWO,0.6314,0.0136,0.355
CLUBS SIX SPADES THREE,0.6986,0.038,0.2634
CLUBS TWO DIAMONDS SEVEN,0.6376,0.0154,0.347
CLUBS SIX SPADES FOUR,0.577,0.0128,0.4102
CLUBS SIX SPADES FIVE,0.56,0.012,0.428
CLUBS FOUR DIAMONDS SEVEN,0.5772,0.0142,0.4086
CLUBS SIX SPADES SIX,0.32,0.0278,0.6522
CLUBS FIVE DIAMONDS SEVEN,0.566,0.013,0.421
CLUBS SIX SPADES SEVEN,0.554,0.0134,0.4326
CLUBS SIX DIAMONDS SEVEN,0.5446,0.0104,0.445
SPADES EIGHT CLUBS SIX,0.553,0.012,0.435
SPADES JACK CLUBS TWO,0.6414,0.0142,0.3444
CLUBS SEVEN DIAMONDS SEVEN,0.3208,0.0254,0.6538
SPADES NINE CLUBS SIX,0.5786,0.0174,0.404
SPADES TEN CLUBS TWO,0.6288,0.0132,0.358
CLUBS TWO CLUBS QUEEN,0.2534,0.4834,0.2632
CLUBS TWO CLUBS KING,0.353,0.0108,0.6362
CLUBS TWO CLUBS ACE,0.3734,0.0064,0.6202
CLUBS TWO DIAMONDS EIGHT,0.6278,0.0134,0.3588
DIAMONDS EIGHT HEARTS SEVEN,0.5402,0.01,0.4498
HEARTS SIX DIAMONDS EIGHT,0.55,0.011,0.439
DIAMONDS EIGHT HEARTS NINE,0.5388,0.0144,0.4468
CLUBS TEN CLUBS TWO,0.5858,0.0176,0.3966
DIAMONDS EIGHT HEARTS EIGHT,0.2938,0.0174,0.6888
CLUBS TWO CLUBS JACK,0.5896,0.0136,0.3968
CLUBS NINE DIAMONDS EIGHT,0.5354,0.0136,0.451
CLUBS EIGHT DIAMONDS EIGHT,0.293,0.0232,0.6838
CLUBS FIVE DIAMONDS EIGHT,0.5692,0.01,0.4208
SPADES ACE SPADES THREE,0.2202,0.0198,0.76
CLUBS FOUR DIAMONDS EIGHT,0.5872,0.0132,0.3996
CLUBS SEVEN DIAMONDS EIGHT,0.5492,0.0096,0.4412
CLUBS SIX DIAMONDS EIGHT,0.553,0.0114,0.4356
SPADES KING SPADES THREE,0.222,0.0338,0.7442
DIAMONDS QUEEN DIAMONDS EIGHT,0.2104,0.2138,0.5758
HEARTS TWO DIAMONDS EIGHT,0.6124,0.012,0.3756
DIAMONDS KING DIAMONDS EIGHT,0.3402,0.007,0.6528
HEARTS THREE DIAMONDS EIGHT,0.7216,0.0354,0.243
DIAMONDS ACE DIAMONDS EIGHT,0.3512,0.0042,0.6446
HEARTS FOUR DIAMONDS EIGHT,0.575,0.0126,0.4124
HEARTS FIVE DIAMONDS EIGHT,0.5662,0.0102,0.4236
DIAMONDS EIGHT DIAMONDS TEN,0.5054,0.008,0.4866
DIAMONDS EIGHT DIAMONDS JACK,0.5336,0.0126,0.4538
SPADES JACK SPADES THREE,0.6956,0.0376,0.2668
SPADES TEN SPADES THREE,0.6918,0.0406,0.2676
CLUBS FOUR HEARTS ACE,0.3442,0.005,0.6508
CLUBS FOUR HEARTS QUEEN,0.2192,0.5034,0.2774
CLUBS FOUR HEARTS KING,0.3528,0.0086,0.6386
CLUBS SIX HEARTS TEN,0.5834,0.0116,0.405
CLUBS SIX HEARTS JACK,0.6066,0.0102,0.3832
SPADES FOUR DIAMONDS EIGHT,0.5902,0.0164,0.3934
SPADES FIVE DIAMONDS EIGHT,0.5756,0.015,0.4094
DIAMONDS EIGHT SPADES TWO,0.6294,0.013,0.3576
DIAMONDS EIGHT SPADES THREE,0.7244,0.0408,0.2348
CLUBS FOUR HEARTS JACK,0.5968,0.0124,0.3908
SPADES EIGHT DIAMONDS EIGHT,0.3042,0.0218,0.674
SPADES JACK HEARTS EIGHT,0.5758,0.0104,0.4138
SPADES TEN HEARTS TWO,0.6342,0.0138,0.352
SPADES TEN DIAMONDS QUEEN,0.2308,0.117,0.6522
CLUBS FOUR HEARTS TEN,0.5874,0.015,0.3976
SPADES NINE DIAMONDS EIGHT,0.5424,0.011,0.4466
SPADES JACK HEARTS TWO,0.637,0.0152,0.3478
SPADES JACK DIAMONDS QUEEN,0.2366,0.0894,0.674
SPADES TEN HEARTS EIGHT,0.5452,0.0098,0.445
SPADES SIX DIAMONDS EIGHT,0.5626,0.0098,0.4276
SPADES SEVEN DIAMONDS EIGHT,0.5436,0.0138,0.4426
SPADES ACE HEARTS TWO,0.3722,0.0064,0.6214
SPADES ACE DIAMONDS QUEEN,0.2266,0.0148,0.7586
SPADES ACE HEARTS EIGHT,0.3476,0.0036,0.6488
SPADES KING HEARTS EIGHT,0.3586,0.008,0.6334
SPADES KING DIAMONDS QUEEN,0.209,0.032,0.759
SPADES KING HEARTS TWO,0.3894,0.0084,0.6022
CLUBS TWO HEARTS TEN,0.6334,0.011,0.3556
CLUBS TWO HEARTS JACK,0.6338,0.0136,0.3526
SPADES SEVEN DIAMONDS NINE,0.5732,0.012,0.4148
SPADES SIX DIAMONDS NINE,0.5624,0.0156,0.422
SPADES NINE DIAMONDS NINE,0.2944,0.0144,0.6912
SPADES EIGHT DIAMONDS NINE,0.553,0.0114,0.4356
SPADES TEN CLUBS KING,0.3342,0.0088,0.657
DIAMONDS NINE SPADES THREE,0.7204,0.0424,0.2372
SPADES JACK CLUBS KING,0.3186,0.0084,0.673
DIAMONDS NINE SPADES TWO,0.6238,0.0162,0.36
SPADES FIVE DIAMONDS NINE,0.5762,0.0136,0.4102
DIAMONDS NINE SPADES FOUR,0.5956,0.013,0.3914
CLUBS NINE DIAMONDS NINE,0.2782,0.0186,0.7032
CLUBS EIGHT DIAMONDS NINE,0.5414,0.0086,0.45
CLUBS SIX DIAMONDS NINE,0.5746,0.0124,0.413
SPADES JACK CLUBS FOUR,0.5998,0.0138,0.3864
CLUBS SEVEN DIAMONDS NINE,0.5574,0.0104,0.4322
SPADES TEN CLUBS FOUR,0.6054,0.0118,0.3828
CLUBS FOUR DIAMONDS NINE,0.5904,0.0128,0.3968
CLUBS FIVE DIAMONDS NINE,0.5754,0.0148,0.4098
CLUBS TWO DIAMONDS NINE,0.6296,0.014,0.3564
DIAMONDS NINE HEARTS EIGHT,0.5344,0.0108,0.4548
DIAMONDS NINE HEARTS NINE,0.3062,0.0208,0.673
HEARTS SIX DIAMONDS NINE,0.5586,0.0112,0.4302
DIAMONDS NINE HEARTS SEVEN,0.5596,0.0112,0.4292
CLUBS NINE CLUBS EIGHT,0.509,0.0166,0.4744
DIAMONDS ACE DIAMONDS NINE,0.3476,0.0052,0.6472
HEARTS FOUR DIAMONDS NINE,0.5878,0.0138,0.3984
HEARTS FIVE DIAMONDS NINE,0.589,0.0108,0.4002
CLUBS TWO HEARTS ACE,0.3766,0.0064,0.617
SPADES ACE CLUBS FOUR,0.3358,0.0056,0.6586
DIAMONDS QUEEN DIAMONDS NINE,0.2222,0.1596,0.6182
HEARTS TWO DIAMONDS NINE,0.625,0.0152,0.3598
CLUBS TWO HEARTS KING,0.401,0.0104,0.5886
SPADES KING CLUBS FOUR,0.3424,0.0092,0.6484
DIAMONDS KING DIAMONDS NINE,0.327,0.0068,0.6662
HEARTS THREE DIAMONDS NINE,0.7072,0.0424,0.2504
CLUBS TWO HEARTS QUEEN,0.265,0.5166,0.2184
DIAMONDS NINE DIAMONDS JACK,0.5214,0.0102,0.4684
CLUBS EIGHT SPADES NINE,0.528,0.0154,0.4566
DIAMONDS NINE DIAMONDS TEN,0.5074,0.0092,0.4834
CLUBS EIGHT SPADES EIGHT,0.2988,0.0204,0.6808
CLUBS EIGHT SPADES SEVEN,0.5418,0.0098,0.4484
CLUBS EIGHT SPADES SIX,0.554,0.012,0.434
CLUBS EIGHT SPADES FIVE,0.5718,0.0152,0.413
CLUBS EIGHT SPADES FOUR,0.5826,0.0136,0.4038
CLUBS EIGHT SPADES THREE,0.7212,0.0394,0.2394
CLUBS EIGHT SPADES TWO,0.6356,0.0128,0.3516
HEARTS SIX DIAMONDS TEN,0.5814,0.0114,0.4072
DIAMONDS TEN HEARTS SEVEN,0.5716,0.0088,0.4196
DIAMONDS TEN HEARTS EIGHT,0.5442,0.0108,0.445
CLUBS FOUR CLUBS JACK,0.5648,0.0146,0.4206
DIAMONDS TEN HEARTS NINE,0.5346,0.0094,0.456
CLUBS TEN CLUBS FOUR,0.5618,0.0138,0.4244
CLUBS FOUR CLUBS KING,0.344,0.009,0.647
CLUBS FOUR CLUBS QUEEN,0.2134,0.4858,0.3008
CLUBS TWO DIAMONDS TEN,0.6372,0.0132,0.3496
CLUBS FOUR CLUBS ACE,0.3164,0.0064,0.6772
DIAMONDS JACK DIAMONDS TEN,0.5032,0.0114,0.4854
DIAMONDS QUEEN DIAMONDS TEN,0.2122,0.1158,0.672
HEARTS TWO DIAMONDS TEN,0.626,0.0116,0.3624
DIAMONDS KING DIAMONDS TEN,0.3134,0.0082,0.6784
HEARTS THREE DIAMONDS TEN,0.724,0.0436,0.2324
DIAMONDS ACE DIAMONDS TEN,0.3252,0.0048,0.67
HEARTS FOUR DIAMONDS TEN,0.5926,0.0106,0.3968
CLUBS EIGHT HEARTS JACK,0.5704,0.0126,0.417
HEARTS FIVE DIAMONDS TEN,0.6044,0.0132,0.3824
CLUBS EIGHT HEARTS TEN,0.5576,0.0088,0.4336
CLUBS EIGHT HEARTS QUEEN,0.2306,0.2244,0.545
CLUBS EIGHT HEARTS KING,0.3564,0.006,0.6376
CLUBS EIGHT HEARTS ACE,0.3372,0.0046,0.6582
CLUBS NINE SPADES THREE,0.712,0.0496,0.2384
CLUBS NINE SPADES TWO,0.6214,0.0156,0.363
CLUBS NINE SPADES FIVE,0.5864,0.013,0.4006
CLUBS NINE SPADES FOUR,0.602,0.0124,0.3856
CLUBS NINE SPADES SEVEN,0.5676,0.01,0.4224
CLUBS NINE SPADES SIX,0.5758,0.0134,0.4108
CLUBS NINE SPADES NINE,0.2996,0.0196,0.6808
CLUBS TEN HEARTS EIGHT,0.547,0.0116,0.4414
CLUBS NINE SPADES EIGHT,0.543,0.015,0.442
CLUBS JACK HEARTS EIGHT,0.5736,0.0102,0.4162
CLUBS QUEEN HEARTS EIGHT,0.2254,0.2184,0.5562
CLUBS KING HEARTS EIGHT,0.3592,0.0074,0.6334
CLUBS ACE HEARTS EIGHT,0.3522,0.0036,0.6442
SPADES KING CLUBS KING,0.1238,0.0062,0.87
SPADES ACE CLUBS KING,0.3094,0.0068,0.6838
DIAMONDS ACE HEARTS TEN,0.3414,0.0036,0.655
HEARTS FOUR HEARTS TEN,0.554,0.0134,0.4326
DIAMONDS ACE HEARTS JACK,0.3474,0.0042,0.6484
HEARTS FOUR HEARTS JACK,0.5584,0.0124,0.4292
SPADES KING CLUBS FIVE,0.3464,0.0086,0.645
SPADES ACE CLUBS FIVE,0.354,0.0066,0.6394
DIAMONDS JACK HEARTS SEVEN,0.5666,0.0096,0.4238
HEARTS SIX DIAMONDS JACK,0.5902,0.0116,0.3982
DIAMONDS JACK HEARTS NINE,0.5522,0.01,0.4378
DIAMONDS JACK HEARTS EIGHT,0.5668,0.0092,0.424
DIAMONDS KING DIAMONDS JACK,0.3162,0.007,0.6768
HEARTS THREE DIAMONDS JACK,0.7208,0.0402,0.239
SPADES ACE SPADES SIX,0.3408,0.0062,0.653
SPADES FOUR HEARTS ACE,0.3506,0.0054,0.644
DIAMONDS QUEEN DIAMONDS JACK,0.2164,0.086,0.6976
HEARTS TWO DIAMONDS JACK,0.6298,0.012,0.3582
HEARTS FIVE DIAMONDS JACK,0.585,0.0098,0.4052
SPADES FOUR HEARTS QUEEN,0.2222,0.5164,0.2614
DIAMONDS ACE DIAMONDS JACK,0.3204,0.004,0.6756
HEARTS FOUR DIAMONDS JACK,0.5964,0.013,0.3906
SPADES KING SPADES SIX,0.3454,0.0082,0.6464
HEARTS KING SPADES FOUR,0.363,0.0088,0.6282
SPADES TEN SPADES SIX,0.5576,0.0108,0.4316
SPADES JACK SPADES SIX,0.5662,0.0124,0.4214
SPADES FOUR DIAMONDS JACK,0.5962,0.012,0.3918
SPADES FIVE DIAMONDS JACK,0.591,0.0106,0.3984
DIAMONDS JACK SPADES TWO,0.636,0.0156,0.3484
SPADES THREE DIAMONDS JACK,0.7266,0.0502,0.2232
SPADES ACE DIAMONDS THREE,0.2194,0.0242,0.7564
CLUBS EIGHT DIAMONDS JACK,0.5614,0.011,0.4276
SPADES KING DIAMONDS THREE,0.2312,0.0334,0.7354
CLUBS NINE DIAMONDS JACK,0.54,0.0106,0.4494
CLUBS SIX DIAMONDS JACK,0.595,0.0114,0.3936
CLUBS SEVEN DIAMONDS JACK,0.5806,0.0152,0.4042
CLUBS FOUR DIAMONDS JACK,0.596,0.0154,0.3886
CLUBS FIVE DIAMONDS JACK,0.5846,0.0144,0.401
CLUBS TWO DIAMONDS JACK,0.6434,0.0126,0.344
SPADES JACK HEARTS SIX,0.597,0.0108,0.3922
SPADES TEN CLUBS FIVE,0.5988,0.0134,0.3878
SPADES JACK CLUBS FIVE,0.5872,0.0132,0.3996
HEARTS SIX SPADES TEN,0.5836,0.0138,0.4026
SPADES JACK DIAMONDS THREE,0.7176,0.0454,0.237
CLUBS SEVEN CLUBS ACE,0.3228,0.0054,0.6718
SPADES TEN DIAMONDS THREE,0.7184,0.0504,0.2312
CLUBS SEVEN CLUBS QUEEN,0.2224,0.2904,0.4872
CLUBS SEVEN CLUBS KING,0.3448,0.009,0.6462
SPADES NINE DIAMONDS JACK,0.5618,0.0098,0.4284
CLUBS TEN CLUBS SEVEN,0.534,0.015,0.451
DIAMONDS ACE HEARTS ACE,0.13,0.0038,0.8662
HEARTS FOUR HEARTS ACE,0.323,0.0042,0.6728
SPADES EIGHT DIAMONDS JACK,0.573,0.0114,0.4156
SPADES ACE HEARTS SIX,0.3574,0.0052,0.6374
CLUBS SEVEN CLUBS JACK,0.5496,0.009,0.4414
DIAMONDS ACE HEARTS KING,0.3222,0.006,0.6718
HEARTS FOUR HEARTS KING,0.3376,0.0066,0.6558
SPADES SEVEN DIAMONDS JACK,0.5826,0.0118,0.4056
SPADES KING HEARTS SIX,0.35,0.0082,0.6418
DIAMONDS ACE HEARTS QUEEN,0.2236,0.0152,0.7612
HEARTS FOUR HEARTS QUEEN,0.1996,0.4962,0.3042
SPADES SIX DIAMONDS JACK,0.6042,0.0126,0.3832
SPADES TWO DIAMONDS TEN,0.6374,0.0118,0.3508
SPADES THREE DIAMONDS TEN,0.7214,0.0464,0.2322
SPADES FOUR DIAMONDS TEN,0.5916,0.0118,0.3966
SPADES FIVE DIAMONDS TEN,0.594,0.0088,0.3972
SPADES SIX DIAMONDS TEN,0.5896,0.0134,0.397
SPADES SEVEN DIAMONDS TEN,0.5684,0.0134,0.4182
SPADES EIGHT DIAMONDS TEN,0.5582,0.0096,0.4322
SPADES NINE DIAMONDS TEN,0.5452,0.0096,0.4452
CLUBS FOUR DIAMONDS TEN,0.5956,0.01,0.3944
CLUBS FIVE DIAMONDS TEN,0.588,0.015,0.397
CLUBS SIX DIAMONDS TEN,0.58,0.0112,0.4088
CLUBS SEVEN DIAMONDS TEN,0.5744,0.011,0.4146
CLUBS EIGHT DIAMONDS TEN,0.5464,0.0076,0.446
CLUBS NINE DIAMONDS TEN,0.5314,0.0128,0.4558
DIAMONDS THREE CLUBS JACK,0.7216,0.0434,0.235
CLUBS TEN DIAMONDS THREE,0.7044,0.0486,0.247
DIAMONDS THREE CLUBS KING,0.2446,0.035,0.7204
DIAMONDS THREE CLUBS QUEEN,0.008,0.9736,0.0184
DIAMONDS THREE CLUBS ACE,0.229,0.0218,0.7492
SPADES FOUR HEARTS JACK,0.5978,0.0154,0.3868
SPADES FOUR HEARTS TEN,0.606,0.0138,0.3802
SPADES FIVE SPADES TWO,0.5846,0.014,0.4014
SPADES FOUR SPADES TWO,0.584,0.0164,0.3996
SPADES THREE SPADES TWO,0.6708,0.0442,0.285
SPADES NINE SPADES TWO,0.5932,0.0156,0.3912
SPADES EIGHT SPADES TWO,0.5876,0.0172,0.3952
SPADES SEVEN SPADES TWO,0.6108,0.013,0.3762
SPADES SIX SPADES TWO,0.5878,0.0164,0.3958
DIAMONDS QUEEN CLUBS TWO,0.2528,0.5192,0.228
CLUBS TWO HEARTS TWO,0.4272,0.034,0.5388
DIAMONDS QUEEN HEARTS SEVEN,0.235,0.2994,0.4656
HEARTS TWO HEARTS SEVEN,0.5932,0.014,0.3928
HEARTS SIX DIAMONDS QUEEN,0.2298,0.3692,0.401
HEARTS SIX HEARTS TWO,0.582,0.0146,0.4034
DIAMONDS QUEEN HEARTS NINE,0.2308,0.161,0.6082
HEARTS TWO HEARTS NINE,0.5718,0.0156,0.4126
DIAMONDS QUEEN HEARTS EIGHT,0.2268,0.2164,0.5568
HEARTS TWO HEARTS EIGHT,0.5802,0.0156,0.4042
CLUBS NINE HEARTS TWO,0.6144,0.0132,0.3724
CLUBS NINE DIAMONDS QUEEN,0.2198,0.1642,0.616
CLUBS EIGHT HEARTS TWO,0.6236,0.0156,0.3608
CLUBS EIGHT DIAMONDS QUEEN,0.2136,0.2286,0.5578
CLUBS FIVE DIAMONDS QUEEN,0.2152,0.455,0.3298
CLUBS FIVE HEARTS TWO,0.5976,0.0146,0.3878
SPADES EIGHT HEARTS ACE,0.3482,0.0046,0.6472
DIAMONDS QUEEN CLUBS FOUR,0.2052,0.5238,0.271
HEARTS TWO CLUBS FOUR,0.6134,0.0156,0.371
CLUBS SEVEN DIAMONDS QUEEN,0.2178,0.3058,0.4764
CLUBS SEVEN HEARTS TWO,0.6322,0.0142,0.3536
SPADES EIGHT HEARTS QUEEN,0.2318,0.2314,0.5368
CLUBS SIX DIAMONDS QUEEN,0.219,0.387,0.394
CLUBS SIX HEARTS TWO,0.6356,0.0104,0.354
SPADES EIGHT HEARTS KING,0.363,0.009,0.628
DIAMONDS QUEEN SPADES SIX,0.2336,0.3778,0.3886
HEARTS TWO SPADES SIX,0.6296,0.014,0.3564
HEARTS FOUR CLUBS QUEEN,0.2038,0.5218,0.2744
DIAMONDS ACE CLUBS QUEEN,0.2198,0.0188,0.7614
DIAMONDS QUEEN SPADES SEVEN,0.223,0.301,0.476
SPADES SEVEN HEARTS TWO,0.641,0.0144,0.3446
HEARTS FOUR CLUBS KING,0.3596,0.0066,0.6338
DIAMONDS ACE CLUBS KING,0.3122,0.0036,0.6842
SPADES EIGHT DIAMONDS QUEEN,0.235,0.2156,0.5494
SPADES EIGHT HEARTS TWO,0.6224,0.0154,0.3622
HEARTS FOUR CLUBS ACE,0.3506,0.0058,0.6436
DIAMONDS ACE CLUBS ACE,0.1048,0.005,0.8902
SPADES NINE DIAMONDS QUEEN,0.23,0.1662,0.6038
SPADES NINE HEARTS TWO,0.6448,0.0162,0.339
HEARTS TWO SPADES TWO,0.4138,0.0372,0.549
DIAMONDS QUEEN SPADES TWO,0.264,0.5244,0.2116
HEARTS TWO SPADES THREE,0.7128,0.044,0.2432
DIAMONDS QUEEN SPADES THREE,0.0202,0.9692,0.0106
HEARTS TWO SPADES FOUR,0.6116,0.0166,0.3718
DIAMONDS QUEEN SPADES FOUR,0.2142,0.523,0.2628
HEARTS FOUR CLUBS TEN,0.603,0.009,0.388
CLUBS TEN DIAMONDS ACE,0.3374,0.005,0.6576
HEARTS TWO SPADES FIVE,0.619,0.0182,0.3628
DIAMONDS QUEEN SPADES FIVE,0.2128,0.4742,0.313
HEARTS FOUR CLUBS JACK,0.601,0.0132,0.3858
DIAMONDS ACE CLUBS JACK,0.3428,0.0044,0.6528
CLUBS FIVE CLUBS KING,0.3374,0.0094,0.6532
CLUBS FIVE CLUBS QUEEN,0.2184,0.4304,0.3512
CLUBS FIVE CLUBS ACE,0.3334,0.0058,0.6608
CLUBS FIVE CLUBS JACK,0.552,0.0134,0.4346
CLUBS TEN CLUBS FIVE,0.5528,0.0096,0.4376
SPADES KING CLUBS JACK,0.3272,0.0068,0.666
SPADES ACE CLUBS JACK,0.3344,0.0046,0.661
SPADES SIX CLUBS KING,0.359,0.0084,0.6326
SPADES SIX CLUBS QUEEN,0.2098,0.3866,0.4036
SPADES EIGHT HEARTS JACK,0.562,0.0102,0.4278
SPADES SIX CLUBS ACE,0.3614,0.0028,0.6358
SPADES EIGHT HEARTS TEN,0.5552,0.0124,0.4324
SPADES SIX CLUBS JACK,0.5928,0.013,0.3942
CLUBS TEN SPADES SIX,0.5814,0.0114,0.4072
SPADES TEN CLUBS JACK,0.5372,0.012,0.4508
SPADES JACK CLUBS JACK,0.2698,0.0156,0.7146
SPADES KING CLUBS SEVEN,0.3518,0.0094,0.6388
SPADES ACE CLUBS SEVEN,0.3586,0.0052,0.6362
SPADES SIX HEARTS TEN,0.581,0.0128,0.4062
SPADES SIX HEARTS JACK,0.5974,0.01,0.3926
SPADES SIX HEARTS ACE,0.3508,0.0046,0.6446
SPADES SIX HEARTS KING,0.3618,0.0088,0.6294
SPADES SIX HEARTS QUEEN,0.2336,0.3754,0.391
SPADES JACK CLUBS SEVEN,0.5796,0.0078,0.4126
CLUBS SEVEN SPADES TEN,0.567,0.0128,0.4202
CLUBS TEN HEARTS SIX,0.5824,0.0114,0.4062
HEARTS SIX CLUBS JACK,0.5956,0.0132,0.3912
CLUBS ACE CLUBS JACK,0.3304,0.0032,0.6664
HEARTS SIX CLUBS QUEEN,0.2254,0.372,0.4026
HEARTS SIX CLUBS KING,0.3486,0.0044,0.647
HEARTS SIX CLUBS ACE,0.3488,0.0042,0.647
CLUBS QUEEN CLUBS JACK,0.2178,0.0888,0.6934
CLUBS KING CLUBS JACK,0.3106,0.0076,0.6818
DIAMONDS THREE HEARTS ACE,0.2286,0.0212,0.7502
DIAMONDS THREE HEARTS QUEEN,0.0226,0.9572,0.0202
DIAMONDS THREE HEARTS KING,0.2382,0.0326,0.7292
CLUBS FIVE HEARTS JACK,0.5844,0.015,0.4006
HEARTS FOUR SPADES TEN,0.611,0.0124,0.3766
SPADES TEN DIAMONDS ACE,0.3466,0.0042,0.6492
CLUBS FIVE HEARTS TEN,0.5986,0.0112,0.3902
HEARTS FOUR SPADES JACK,0.5968,0.0126,0.3906
SPADES JACK DIAMONDS ACE,0.359,0.0034,0.6376
SPADES ACE HEARTS FOUR,0.3526,0.0062,0.6412
SPADES ACE DIAMONDS ACE,0.1142,0.005,0.8808
CLUBS FIVE HEARTS ACE,0.3438,0.005,0.6512
CLUBS FIVE HEARTS KING,0.3468,0.0088,0.6444
SPADES FOUR CLUBS JACK,0.5952,0.0132,0.3916
CLUBS FIVE HEARTS QUEEN,0.2204,0.4648,0.3148
SPADES KING DIAMONDS ACE,0.3014,0.0054,0.6932
HEARTS FOUR SPADES KING,0.345,0.0124,0.6426
CLUBS TEN SPADES FOUR,0.5884,0.015,0.3966
DIAMONDS QUEEN DIAMONDS ACE,0.221,0.02,0.759
HEARTS TWO DIAMONDS ACE,0.3806,0.0044,0.615
HEARTS FOUR DIAMONDS QUEEN,0.2198,0.5202,0.26
HEARTS FOUR HEARTS TWO,0.5638,0.0148,0.4214
DIAMONDS THREE HEARTS TEN,0.7182,0.0394,0.2424
SPADES FOUR CLUBS KING,0.3456,0.01,0.6444
HEARTS FIVE DIAMONDS QUEEN,0.2222,0.45,0.3278
HEARTS FIVE HEARTS TWO,0.5694,0.0156,0.415
DIAMONDS THREE HEARTS JACK,0.7276,0.0482,0.2242
SPADES FOUR CLUBS QUEEN,0.2094,0.5358,0.2548
DIAMONDS QUEEN HEARTS TWO,0.268,0.5134,0.2186
DIAMONDS KING DIAMONDS QUEEN,0.2224,0.0236,0.754
DIAMONDS KING HEARTS TWO,0.3878,0.0082,0.604
HEARTS THREE DIAMONDS QUEEN,0.0218,0.956,0.0222
HEARTS THREE HEARTS TWO,0.6532,0.045,0.3018
SPADES FOUR CLUBS ACE,0.3478,0.0036,0.6486
HEARTS TWO CLUBS ACE,0.381,0.0052,0.6138
DIAMONDS QUEEN CLUBS ACE,0.2126,0.0174,0.77
HEARTS TWO CLUBS QUEEN,0.274,0.5112,0.2148
DIAMONDS QUEEN CLUBS QUEEN,0.072,0.022,0.906
HEARTS TWO CLUBS KING,0.3792,0.0108,0.61
DIAMONDS QUEEN CLUBS KING,0.2306,0.0272,0.7422
SPADES EIGHT SPADES FIVE,0.5466,0.0142,0.4392
CLUBS TEN HEARTS TWO,0.6224,0.0132,0.3644
CLUBS TEN DIAMONDS QUEEN,0.2248,0.1224,0.6528
SPADES NINE SPADES FIVE,0.5494,0.0124,0.4382
HEARTS TWO CLUBS JACK,0.6326,0.015,0.3524
DIAMONDS QUEEN CLUBS JACK,0.2204,0.0928,0.6868
SPADES SIX SPADES FIVE,0.5286,0.011,0.4604
SPADES SEVEN SPADES FIVE,0.5434,0.0148,0.4418
DIAMONDS FIVE CLUBS QUEEN,0.2164,0.4592,0.3244
SPADES EIGHT CLUBS ACE,0.3484,0.0062,0.6454
DIAMONDS FIVE CLUBS KING,0.3634,0.0064,0.6302
SPADES EIGHT CLUBS KING,0.3544,0.0064,0.6392
CLUBS ACE DIAMONDS FIVE,0.3524,0.0038,0.6438
SPADES EIGHT CLUBS QUEEN,0.2224,0.2242,0.5534
SPADES EIGHT CLUBS JACK,0.558,0.0134,0.4286
CLUBS TEN SPADES EIGHT,0.5484,0.0098,0.4418
CLUBS TEN DIAMONDS FIVE,0.5882,0.0142,0.3976
DIAMONDS FIVE CLUBS JACK,0.5908,0.0118,0.3974
HEARTS JACK DIAMONDS TEN,0.5518,0.009,0.4392
DIAMONDS TEN HEARTS TEN,0.2826,0.0132,0.7042
SPADES ACE CLUBS NINE,0.3412,0.0042,0.6546
CLUBS NINE SPADES KING,0.3444,0.0068,0.6488
HEARTS SIX HEARTS KING,0.3348,0.0052,0.66
DIAMONDS KING SPADES SEVEN,0.3732,0.0066,0.6202
HEARTS THREE SPADES SEVEN,0.7124,0.0398,0.2478
SPADES KING DIAMONDS SEVEN,0.3628,0.0082,0.629
