opposingHand,winningChance,drawChance,lostChance
SPADES TEN HEARTS FOUR
HEARTS FIVE SPADES JACK,0.3596,0.0188,0.6216
SPADES FIVE CLUBS JACK,0.3618,0.0174,0.6208
CLUBS TEN SPADES FIVE,0.227,0.4632,0.3098
CLUBS EIGHT CLUBS JACK,0.3278,0.0154,0.6568
CLUBS TEN CLUBS EIGHT,0.2148,0.2112,0.574
CLUBS EIGHT CLUBS KING,0.3578,0.0062,0.636
SPADES FIVE CLUBS ACE,0.3512,0.005,0.6438
CLUBS EIGHT CLUBS QUEEN,0.3272,0.0122,0.6606
SPADES FIVE CLUBS KING,0.3556,0.011,0.6334
SPADES FIVE CLUBS QUEEN,0.3768,0.0126,0.6106
CLUBS EIGHT CLUBS ACE,0.3328,0.0036,0.6636
DIAMONDS TWO DIAMONDS THREE,0.589,0.0286,0.3824
DIAMONDS TWO DIAMONDS FIVE,0.5564,0.0302,0.4134
HEARTS FIVE SPADES KING,0.3502,0.0088,0.641
DIAMONDS TWO DIAMONDS FOUR,0.613,0.0848,0.3022
HEARTS FIVE SPADES QUEEN,0.3544,0.0134,0.6322
DIAMONDS TWO DIAMONDS SEVEN,0.5932,0.0284,0.3784
DIAMONDS TWO DIAMONDS SIX,0.5638,0.0274,0.4088
SPADES ACE HEARTS FIVE,0.34,0.006,0.654
DIAMONDS TWO DIAMONDS NINE,0.5818,0.0284,0.3898
DIAMONDS TWO DIAMONDS EIGHT,0.571,0.029,0.4
DIAMONDS THREE DIAMONDS FOUR,0.6138,0.0708,0.3154
SPADES FOUR CLUBS TWO,0.662,0.0814,0.2566
DIAMONDS THREE DIAMONDS FIVE,0.5466,0.0266,0.4268
SPADES FIVE CLUBS TWO,0.608,0.0272,0.3648
CLUBS TWO SPADES TWO,0.3906,0.073,0.5364
CLUBS TWO SPADES THREE,0.6242,0.03,0.3458
DIAMONDS THREE DIAMONDS EIGHT,0.5762,0.0248,0.399
SPADES EIGHT CLUBS TWO,0.6166,0.0348,0.3486
DIAMONDS THREE DIAMONDS NINE,0.5638,0.025,0.4112
SPADES NINE CLUBS TWO,0.623,0.026,0.351
DIAMONDS THREE DIAMONDS SIX,0.5682,0.0318,0.4
SPADES SIX CLUBS TWO,0.6162,0.031,0.3528
DIAMONDS THREE DIAMONDS SEVEN,0.5786,0.0278,0.3936
SPADES SEVEN CLUBS TWO,0.626,0.0302,0.3438
CLUBS SIX CLUBS TWO,0.5808,0.0284,0.3908
CLUBS SEVEN CLUBS TWO,0.5892,0.0272,0.3836
CLUBS FOUR CLUBS TWO,0.6174,0.0752,0.3074
CLUBS FIVE CLUBS TWO,0.5536,0.025,0.4214
CLUBS TEN CLUBS JACK,0.2088,0.0562,0.735
DIAMONDS FOUR DIAMONDS SIX,0.604,0.0782,0.3178
CLUBS TEN CLUBS QUEEN,0.2192,0.041,0.7398
DIAMONDS FOUR DIAMONDS SEVEN,0.6256,0.077,0.2974
CLUBS TEN CLUBS KING,0.2128,0.036,0.7512
CLUBS TEN CLUBS ACE,0.2098,0.0256,0.7646
CLUBS EIGHT CLUBS TWO,0.5644,0.027,0.4086
DIAMONDS FIVE DIAMONDS FOUR,0.5852,0.0814,0.3334
CLUBS NINE CLUBS TWO,0.5776,0.024,0.3984
DIAMONDS NINE DIAMONDS FOUR,0.637,0.0786,0.2844
DIAMONDS EIGHT DIAMONDS FOUR,0.6332,0.0688,0.298
CLUBS THREE CLUBS TWO,0.5912,0.0254,0.3834
DIAMONDS NINE DIAMONDS FIVE,0.5372,0.0268,0.436
DIAMONDS TWO CLUBS JACK,0.3986,0.0204,0.581
DIAMONDS EIGHT DIAMONDS FIVE,0.53,0.0306,0.4394
CLUBS TEN DIAMONDS TWO,0.2662,0.5102,0.2236
DIAMONDS FIVE DIAMONDS SEVEN,0.5196,0.0344,0.446
DIAMONDS FIVE DIAMONDS SIX,0.512,0.03,0.458
DIAMONDS TWO CLUBS ACE,0.3888,0.0046,0.6066
DIAMONDS TWO CLUBS KING,0.4002,0.0076,0.5922
DIAMONDS TWO CLUBS QUEEN,0.3906,0.0108,0.5986
DIAMONDS EIGHT DIAMONDS SIX,0.5218,0.0272,0.451
DIAMONDS NINE DIAMONDS SIX,0.522,0.0234,0.4546
HEARTS ACE SPADES THREE,0.3828,0.0054,0.6118
SPADES THREE HEARTS KING,0.3892,0.0112,0.5996
DIAMONDS SEVEN DIAMONDS SIX,0.501,0.0288,0.4702
SPADES THREE HEARTS QUEEN,0.4056,0.0094,0.585
SPADES THREE HEARTS JACK,0.3904,0.022,0.5876
SPADES THREE HEARTS TEN,0.2562,0.5362,0.2076
DIAMONDS EIGHT DIAMONDS SEVEN,0.4984,0.0234,0.4782
DIAMONDS NINE DIAMONDS SEVEN,0.5138,0.0222,0.464
DIAMONDS NINE DIAMONDS EIGHT,0.497,0.0248,0.4782
DIAMONDS KING HEARTS TEN,0.2278,0.0338,0.7384
HEARTS THREE HEARTS TEN,0.2578,0.4918,0.2504
SPADES JACK CLUBS SIX,0.3558,0.0184,0.6258
DIAMONDS KING HEARTS JACK,0.3198,0.0048,0.6754
HEARTS THREE HEARTS JACK,0.3706,0.0214,0.608
SPADES JACK SPADES FIVE,0.3366,0.0174,0.646
DIAMONDS KING HEARTS ACE,0.32,0.0046,0.6754
HEARTS THREE HEARTS ACE,0.3634,0.0058,0.6308
SPADES ACE CLUBS SIX,0.363,0.0048,0.6322
DIAMONDS KING HEARTS QUEEN,0.316,0.0056,0.6784
HEARTS THREE HEARTS QUEEN,0.3672,0.0134,0.6194
SPADES KING CLUBS SIX,0.359,0.0088,0.6322
DIAMONDS KING HEARTS KING,0.14,0.0102,0.8498
HEARTS THREE HEARTS KING,0.3798,0.007,0.6132
SPADES QUEEN CLUBS SIX,0.3494,0.0136,0.637
SPADES NINE HEARTS TEN,0.2218,0.176,0.6022
SPADES NINE HEARTS JACK,0.3368,0.0152,0.648
SPADES QUEEN SPADES FIVE,0.3418,0.015,0.6432
SPADES KING SPADES FIVE,0.3514,0.0106,0.638
SPADES ACE SPADES FIVE,0.3372,0.0048,0.658
SPADES NINE HEARTS QUEEN,0.3414,0.0134,0.6452
SPADES NINE HEARTS KING,0.345,0.0086,0.6464
SPADES NINE HEARTS ACE,0.349,0.005,0.646
CLUBS TEN SPADES JACK,0.2206,0.0568,0.7226
SPADES ACE CLUBS TEN,0.2208,0.0234,0.7558
SPADES KING CLUBS TEN,0.2144,0.0322,0.7534
CLUBS TEN SPADES QUEEN,0.2238,0.0478,0.7284
SPADES FIVE HEARTS QUEEN,0.3626,0.014,0.6234
SPADES FIVE HEARTS KING,0.3612,0.0112,0.6276
SPADES FIVE HEARTS ACE,0.3538,0.0044,0.6418
HEARTS THREE SPADES JACK,0.3842,0.0196,0.5962
SPADES JACK DIAMONDS KING,0.3148,0.0054,0.6798
SPADES JACK CLUBS EIGHT,0.3464,0.0162,0.6374
CLUBS SIX HEARTS ACE,0.3518,0.004,0.6442
SPADES ACE CLUBS EIGHT,0.3522,0.0052,0.6426
HEARTS FIVE CLUBS JACK,0.3498,0.0178,0.6324
HEARTS FIVE CLUBS TEN,0.2192,0.4698,0.311
CLUBS SIX HEARTS QUEEN,0.359,0.013,0.628
SPADES QUEEN CLUBS EIGHT,0.349,0.0126,0.6384
CLUBS TEN SPADES THREE,0.2642,0.5216,0.2142
CLUBS SIX HEARTS KING,0.3702,0.0076,0.6222
SPADES KING CLUBS EIGHT,0.3628,0.007,0.6302
SPADES THREE CLUBS JACK,0.3954,0.0196,0.585
DIAMONDS TWO HEARTS JACK,0.38,0.0202,0.5998
SPADES THREE CLUBS QUEEN,0.3968,0.0142,0.589
DIAMONDS TWO HEARTS TEN,0.2602,0.5198,0.22
SPADES THREE CLUBS KING,0.411,0.0088,0.5802
HEARTS FIVE CLUBS ACE,0.3496,0.003,0.6474
SPADES FIVE HEARTS TEN,0.2152,0.4724,0.3124
SPADES THREE CLUBS ACE,0.397,0.0044,0.5986
HEARTS FIVE CLUBS KING,0.3492,0.0088,0.642
SPADES FIVE HEARTS JACK,0.361,0.0194,0.6196
HEARTS FIVE CLUBS QUEEN,0.3596,0.013,0.6274
HEARTS THREE CLUBS KING,0.4004,0.0082,0.5914
DIAMONDS KING CLUBS KING,0.14,0.0104,0.8496
HEARTS THREE CLUBS QUEEN,0.389,0.0122,0.5988
DIAMONDS KING CLUBS QUEEN,0.3212,0.0058,0.673
HEARTS FIVE HEARTS JACK,0.3344,0.0204,0.6452
HEARTS FIVE HEARTS TEN,0.2054,0.4516,0.343
HEARTS THREE CLUBS ACE,0.3854,0.0054,0.6092
DIAMONDS KING CLUBS ACE,0.3168,0.0048,0.6784
SPADES ACE CLUBS QUEEN,0.324,0.006,0.67
SPADES KING CLUBS QUEEN,0.3092,0.0082,0.6826
HEARTS THREE CLUBS JACK,0.3908,0.0182,0.591
DIAMONDS KING CLUBS JACK,0.328,0.0058,0.6662
SPADES QUEEN CLUBS QUEEN,0.13,0.0156,0.8544
CLUBS TEN HEARTS THREE,0.2616,0.505,0.2334
CLUBS TEN DIAMONDS KING,0.241,0.0312,0.7278
SPADES JACK CLUBS QUEEN,0.3104,0.0088,0.6808
CLUBS SIX CLUBS QUEEN,0.336,0.0112,0.6528
CLUBS SIX CLUBS KING,0.3396,0.007,0.6534
CLUBS SIX CLUBS ACE,0.3482,0.003,0.6488
HEARTS FIVE HEARTS KING,0.3526,0.0072,0.6402
HEARTS FIVE HEARTS QUEEN,0.3538,0.0122,0.634
CLUBS TEN CLUBS SIX,0.2122,0.3506,0.4372
HEARTS FIVE HEARTS ACE,0.3356,0.0044,0.66
CLUBS SIX CLUBS JACK,0.3364,0.0152,0.6484
SPADES SEVEN HEARTS JACK,0.3626,0.0176,0.6198
SPADES SEVEN HEARTS TEN,0.223,0.2872,0.4898
DIAMONDS TWO CLUBS TWO,0.4042,0.0662,0.5296
DIAMONDS TWO CLUBS THREE,0.6168,0.0296,0.3536
DIAMONDS TWO HEARTS SIX,0.6238,0.0234,0.3528
DIAMONDS TWO HEARTS QUEEN,0.3944,0.0114,0.5942
HEARTS SEVEN DIAMONDS TWO,0.6256,0.0312,0.3432
DIAMONDS TWO HEARTS KING,0.399,0.0112,0.5898
DIAMONDS TWO HEARTS EIGHT,0.621,0.0266,0.3524
DIAMONDS TWO HEARTS ACE,0.3762,0.0052,0.6186
DIAMONDS TWO HEARTS NINE,0.618,0.0332,0.3488
DIAMONDS TWO DIAMONDS QUEEN,0.3738,0.0116,0.6146
DIAMONDS TWO HEARTS TWO,0.4058,0.0688,0.5254
DIAMONDS TWO DIAMONDS KING,0.3738,0.0106,0.6156
HEARTS THREE DIAMONDS TWO,0.6326,0.0338,0.3336
DIAMONDS TWO DIAMONDS ACE,0.3638,0.0066,0.6296
HEARTS FIVE DIAMONDS TWO,0.5924,0.03,0.3776
SPADES SEVEN HEARTS ACE,0.3582,0.0052,0.6366
DIAMONDS TWO DIAMONDS TEN,0.2578,0.4918,0.2504
SPADES SEVEN HEARTS KING,0.3542,0.0084,0.6374
DIAMONDS TWO DIAMONDS JACK,0.3646,0.0174,0.618
SPADES SEVEN HEARTS QUEEN,0.3534,0.0112,0.6354
DIAMONDS TWO SPADES NINE,0.6202,0.0284,0.3514
DIAMONDS TWO SPADES EIGHT,0.6226,0.0292,0.3482
DIAMONDS TWO SPADES SEVEN,0.6218,0.0296,0.3486
DIAMONDS TWO SPADES SIX,0.6116,0.032,0.3564
DIAMONDS TWO SPADES FIVE,0.5942,0.0322,0.3736
DIAMONDS TWO SPADES FOUR,0.6636,0.0806,0.2558
DIAMONDS TWO SPADES THREE,0.6308,0.0288,0.3404
DIAMONDS TWO SPADES TWO,0.4062,0.0704,0.5234
CLUBS NINE DIAMONDS TWO,0.6198,0.0264,0.3538
DIAMONDS TWO CLUBS EIGHT,0.6152,0.027,0.3578
CLUBS SEVEN DIAMONDS TWO,0.6156,0.0316,0.3528
DIAMONDS TWO CLUBS SIX,0.5976,0.0302,0.3722
DIAMONDS TWO CLUBS FIVE,0.5978,0.0282,0.374
DIAMONDS TWO CLUBS FOUR,0.66,0.0816,0.2584
CLUBS FOUR SPADES FIVE,0.639,0.0798,0.2812
CLUBS FOUR SPADES FOUR,0.2766,0.0594,0.664
CLUBS FOUR SPADES THREE,0.641,0.0842,0.2748
CLUBS FOUR SPADES TWO,0.6666,0.0884,0.245
SPADES NINE CLUBS FOUR,0.6848,0.0842,0.231
SPADES EIGHT CLUBS FOUR,0.6764,0.0798,0.2438
SPADES SEVEN CLUBS FOUR,0.6592,0.0736,0.2672
SPADES SIX CLUBS FOUR,0.6566,0.0806,0.2628
SPADES ACE DIAMONDS SIX,0.3692,0.0054,0.6254
SPADES QUEEN DIAMONDS SIX,0.36,0.0116,0.6284
SPADES KING DIAMONDS SIX,0.3746,0.006,0.6194
SPADES JACK DIAMONDS SIX,0.359,0.0194,0.6216
SPADES QUEEN SPADES TWO,0.3826,0.0124,0.605
SPADES KING SPADES TWO,0.3864,0.0108,0.6028
SPADES ACE SPADES TWO,0.37,0.0046,0.6254
DIAMONDS JACK CLUBS JACK,0.1514,0.0242,0.8244
CLUBS TEN DIAMONDS JACK,0.2212,0.0524,0.7264
DIAMONDS JACK CLUBS KING,0.3154,0.0056,0.679
DIAMONDS JACK CLUBS QUEEN,0.3066,0.01,0.6834
DIAMONDS THREE DIAMONDS JACK,0.3616,0.02,0.6184
DIAMONDS THREE DIAMONDS TEN,0.2464,0.4914,0.2622
DIAMONDS JACK CLUBS ACE,0.3242,0.0028,0.673
DIAMONDS THREE DIAMONDS KING,0.3584,0.0076,0.634
HEARTS THREE DIAMONDS THREE,0.397,0.069,0.534
DIAMONDS THREE DIAMONDS QUEEN,0.3734,0.012,0.6146
DIAMONDS THREE HEARTS TWO,0.6294,0.0292,0.3414
HEARTS FIVE DIAMONDS THREE,0.5936,0.0292,0.3772
DIAMONDS THREE DIAMONDS ACE,0.363,0.0056,0.6314
HEARTS SEVEN DIAMONDS THREE,0.6076,0.0312,0.3612
HEARTS SIX DIAMONDS THREE,0.5918,0.0322,0.376
SPADES JACK SPADES NINE,0.3076,0.0148,0.6776
DIAMONDS THREE HEARTS NINE,0.6112,0.0302,0.3586
HEARTS JACK DIAMONDS FOUR,0.2368,0.065,0.6982
HEARTS ACE HEARTS KING,0.3088,0.005,0.6862
DIAMONDS THREE HEARTS EIGHT,0.6264,0.0286,0.345
HEARTS TEN DIAMONDS FOUR,0.0108,0.971,0.0182
SPADES JACK SPADES TWO,0.371,0.0166,0.6124
HEARTS QUEEN DIAMONDS FOUR,0.2376,0.0498,0.7126
HEARTS KING DIAMONDS FOUR,0.2344,0.0354,0.7302
SPADES ACE SPADES NINE,0.343,0.0062,0.6508
HEARTS ACE DIAMONDS FOUR,0.2434,0.0214,0.7352
SPADES KING SPADES NINE,0.3308,0.0068,0.6624
SPADES QUEEN SPADES NINE,0.3292,0.0116,0.6592
DIAMONDS THREE SPADES NINE,0.6142,0.0298,0.356
DIAMONDS THREE SPADES EIGHT,0.6276,0.0256,0.3468
DIAMONDS THREE SPADES SEVEN,0.6128,0.031,0.3562
DIAMONDS THREE SPADES SIX,0.6094,0.03,0.3606
DIAMONDS THREE CLUBS SIX,0.6,0.0296,0.3704
CLUBS FIVE CLUBS SIX,0.5168,0.0254,0.4578
CLUBS ACE DIAMONDS FOUR,0.2468,0.0228,0.7304
CLUBS SEVEN DIAMONDS THREE,0.6084,0.031,0.3606
CLUBS SEVEN CLUBS FIVE,0.5246,0.0246,0.4508
DIAMONDS THREE CLUBS FOUR,0.6432,0.0786,0.2782
DIAMONDS FOUR CLUBS QUEEN,0.2488,0.0442,0.707
DIAMONDS THREE CLUBS FIVE,0.5814,0.033,0.3856
CLUBS KING DIAMONDS FOUR,0.2462,0.032,0.7218
DIAMONDS THREE CLUBS TWO,0.6266,0.032,0.3414
CLUBS TEN DIAMONDS FOUR,0.0226,0.9544,0.023
DIAMONDS THREE CLUBS THREE,0.376,0.066,0.558
DIAMONDS FOUR CLUBS JACK,0.23,0.0644,0.7056
DIAMONDS THREE SPADES FOUR,0.6456,0.0776,0.2768
DIAMONDS THREE SPADES FIVE,0.607,0.0344,0.3586
DIAMONDS THREE SPADES TWO,0.6354,0.0288,0.3358
DIAMONDS THREE SPADES THREE,0.3954,0.0656,0.539
CLUBS EIGHT DIAMONDS THREE,0.6058,0.0314,0.3628
CLUBS NINE DIAMONDS THREE,0.6252,0.0276,0.3472
SPADES SEVEN CLUBS ACE,0.3702,0.0038,0.626
SPADES SEVEN CLUBS QUEEN,0.3694,0.009,0.6216
SPADES SEVEN CLUBS KING,0.3638,0.0076,0.6286
CLUBS FIVE SPADES SEVEN,0.5596,0.0316,0.4088
CLUBS TEN SPADES SEVEN,0.2244,0.3024,0.4732
CLUBS FIVE SPADES SIX,0.551,0.0294,0.4196
SPADES SEVEN CLUBS JACK,0.347,0.0194,0.6336
SPADES NINE CLUBS FIVE,0.5786,0.0254,0.396
CLUBS FIVE SPADES EIGHT,0.5736,0.0242,0.4022
CLUBS FIVE SPADES THREE,0.6038,0.0298,0.3664
CLUBS FIVE SPADES TWO,0.6048,0.0308,0.3644
CLUBS FIVE SPADES FIVE,0.2892,0.0664,0.6444
CLUBS FIVE SPADES FOUR,0.641,0.0846,0.2744
CLUBS NINE CLUBS FIVE,0.5306,0.0248,0.4446
CLUBS EIGHT CLUBS FIVE,0.5324,0.0254,0.4422
CLUBS ACE CLUBS QUEEN,0.2994,0.0056,0.695
CLUBS KING CLUBS QUEEN,0.2978,0.0068,0.6954
DIAMONDS TEN DIAMONDS FOUR,0.0222,0.8978,0.08
CLUBS TEN DIAMONDS NINE,0.2332,0.1574,0.6094
DIAMONDS JACK DIAMONDS FOUR,0.2212,0.0616,0.7172
DIAMONDS NINE CLUBS JACK,0.333,0.0138,0.6532
SPADES NINE CLUBS JACK,0.3318,0.0178,0.6504
CLUBS TEN SPADES NINE,0.2244,0.1722,0.6034
DIAMONDS ACE DIAMONDS FOUR,0.2172,0.0224,0.7604
DIAMONDS JACK HEARTS TEN,0.2244,0.0542,0.7214
SPADES NINE CLUBS KING,0.3526,0.0072,0.6402
DIAMONDS NINE CLUBS ACE,0.3578,0.0046,0.6376
HEARTS FIVE DIAMONDS FOUR,0.6266,0.0772,0.2962
DIAMONDS JACK HEARTS JACK,0.1402,0.0254,0.8344
SPADES NINE CLUBS QUEEN,0.3492,0.011,0.6398
DIAMONDS TWO SPADES JACK,0.3874,0.0154,0.5972
DIAMONDS QUEEN DIAMONDS FOUR,0.2288,0.0454,0.7258
HEARTS TWO DIAMONDS FOUR,0.67,0.0802,0.2498
DIAMONDS NINE CLUBS QUEEN,0.3396,0.0094,0.651
DIAMONDS KING DIAMONDS FOUR,0.231,0.036,0.733
HEARTS THREE DIAMONDS FOUR,0.64,0.0826,0.2774
SPADES NINE CLUBS ACE,0.3618,0.0052,0.633
DIAMONDS NINE CLUBS KING,0.3626,0.006,0.6314
HEARTS ACE DIAMONDS JACK,0.3102,0.0034,0.6864
SPADES ACE DIAMONDS TWO,0.3858,0.0052,0.609
HEARTS QUEEN DIAMONDS JACK,0.2934,0.01,0.6966
SPADES QUEEN DIAMONDS TWO,0.3934,0.0118,0.5948
DIAMONDS JACK HEARTS KING,0.3252,0.0062,0.6686
SPADES KING DIAMONDS TWO,0.408,0.0088,0.5832
SPADES JACK SPADES SEVEN,0.3322,0.0208,0.647
CLUBS SEVEN CLUBS THREE,0.5706,0.0256,0.4038
CLUBS SIX CLUBS THREE,0.5462,0.0268,0.427
CLUBS FIVE CLUBS THREE,0.5558,0.0262,0.418
CLUBS THREE CLUBS FOUR,0.6038,0.0856,0.3106
CLUBS NINE CLUBS THREE,0.5662,0.0258,0.408
CLUBS EIGHT CLUBS THREE,0.5758,0.0306,0.3936
CLUBS THREE SPADES FIVE,0.59,0.026,0.384
CLUBS THREE SPADES FOUR,0.6366,0.0876,0.2758
CLUBS THREE SPADES THREE,0.3862,0.0708,0.543
CLUBS THREE SPADES TWO,0.6322,0.0326,0.3352
CLUBS THREE SPADES SIX,0.6104,0.031,0.3586
SPADES SEVEN CLUBS THREE,0.6102,0.0292,0.3606
SPADES EIGHT CLUBS THREE,0.6278,0.0302,0.342
SPADES NINE CLUBS THREE,0.6116,0.029,0.3594
SPADES TWO DIAMONDS FOUR,0.6588,0.0854,0.2558
SPADES THREE DIAMONDS FOUR,0.6542,0.0812,0.2646
SPADES FOUR DIAMONDS FOUR,0.2894,0.0548,0.6558
SPADES FIVE DIAMONDS FOUR,0.6218,0.0832,0.295
SPADES SIX DIAMONDS FOUR,0.6556,0.0764,0.268
SPADES SEVEN DIAMONDS FOUR,0.6578,0.0774,0.2648
SPADES EIGHT DIAMONDS FOUR,0.6742,0.0782,0.2476
SPADES NINE DIAMONDS FOUR,0.7002,0.077,0.2228
CLUBS FIVE DIAMONDS FOUR,0.6328,0.081,0.2862
CLUBS FOUR DIAMONDS FOUR,0.2778,0.0538,0.6684
CLUBS SEVEN DIAMONDS FOUR,0.6554,0.0748,0.2698
CLUBS SIX DIAMONDS FOUR,0.6438,0.077,0.2792
CLUBS NINE DIAMONDS FOUR,0.6934,0.079,0.2276
CLUBS EIGHT DIAMONDS FOUR,0.6732,0.0808,0.246
HEARTS SEVEN DIAMONDS FOUR,0.6628,0.0764,0.2608
HEARTS SIX DIAMONDS FOUR,0.6374,0.0824,0.2802
DIAMONDS FOUR HEARTS NINE,0.6832,0.08,0.2368
DIAMONDS FOUR HEARTS EIGHT,0.6706,0.0726,0.2568
CLUBS THREE DIAMONDS FOUR,0.6466,0.0766,0.2768
CLUBS TWO DIAMONDS FOUR,0.659,0.0894,0.2516
DIAMONDS TEN DIAMONDS FIVE,0.2102,0.44,0.3498
DIAMONDS JACK DIAMONDS FIVE,0.3352,0.0204,0.6444
DIAMONDS NINE HEARTS QUEEN,0.3378,0.0112,0.651
DIAMONDS NINE HEARTS KING,0.343,0.0082,0.6488
HEARTS ACE DIAMONDS NINE,0.3544,0.0056,0.64
DIAMONDS NINE HEARTS TEN,0.2184,0.1744,0.6072
DIAMONDS NINE HEARTS JACK,0.3364,0.0164,0.6472
CLUBS KING DIAMONDS SIX,0.3638,0.0074,0.6288
CLUBS QUEEN DIAMONDS SIX,0.3606,0.0128,0.6266
CLUBS ACE DIAMONDS SIX,0.3596,0.0032,0.6372
SPADES KING DIAMONDS FOUR,0.2282,0.0424,0.7294
SPADES ACE SPADES SEVEN,0.3354,0.0056,0.659
SPADES QUEEN DIAMONDS FOUR,0.234,0.0516,0.7144
SPADES QUEEN SPADES SEVEN,0.3488,0.0114,0.6398
CLUBS JACK DIAMONDS SIX,0.3624,0.0182,0.6194
SPADES KING SPADES SEVEN,0.3378,0.0092,0.653
SPADES ACE DIAMONDS FOUR,0.2446,0.0258,0.7296
CLUBS TEN DIAMONDS SIX,0.2238,0.3698,0.4064
CLUBS NINE CLUBS FOUR,0.6502,0.0698,0.28
CLUBS EIGHT CLUBS FOUR,0.6286,0.0734,0.298
SPADES JACK DIAMONDS FOUR,0.2282,0.0672,0.7046
CLUBS FIVE CLUBS FOUR,0.5952,0.0796,0.3252
CLUBS SEVEN CLUBS FOUR,0.6224,0.0748,0.3028
CLUBS SIX CLUBS FOUR,0.6104,0.072,0.3176
CLUBS SEVEN SPADES EIGHT,0.5416,0.0268,0.4316
CLUBS SEVEN SPADES NINE,0.5586,0.0286,0.4128
CLUBS SEVEN SPADES SIX,0.5366,0.0316,0.4318
CLUBS SEVEN SPADES SEVEN,0.2882,0.0494,0.6624
CLUBS SEVEN SPADES FIVE,0.5622,0.032,0.4058
CLUBS SEVEN SPADES FOUR,0.6554,0.0686,0.276
CLUBS SEVEN SPADES THREE,0.6142,0.0286,0.3572
CLUBS SEVEN SPADES TWO,0.6374,0.028,0.3346
CLUBS NINE CLUBS SEVEN,0.5118,0.0234,0.4648
CLUBS SEVEN CLUBS EIGHT,0.4946,0.0236,0.4818
HEARTS SIX DIAMONDS FIVE,0.5348,0.031,0.4342
HEARTS SEVEN DIAMONDS FIVE,0.5426,0.033,0.4244
DIAMONDS FIVE HEARTS EIGHT,0.5592,0.032,0.4088
DIAMONDS FIVE HEARTS NINE,0.5798,0.025,0.3952
DIAMONDS QUEEN DIAMONDS FIVE,0.3326,0.0104,0.657
HEARTS TWO DIAMONDS FIVE,0.5964,0.0334,0.3702
HEARTS KING HEARTS EIGHT,0.3482,0.0084,0.6434
DIAMONDS KING DIAMONDS FIVE,0.3364,0.0094,0.6542
HEARTS THREE DIAMONDS FIVE,0.5966,0.0296,0.3738
HEARTS QUEEN HEARTS EIGHT,0.3302,0.0156,0.6542
DIAMONDS ACE DIAMONDS FIVE,0.3276,0.0062,0.6662
HEARTS FIVE DIAMONDS FIVE,0.2868,0.0674,0.6458
HEARTS ACE HEARTS EIGHT,0.336,0.007,0.657
CLUBS FOUR DIAMONDS FIVE,0.6378,0.0786,0.2836
CLUBS FIVE DIAMONDS FIVE,0.2934,0.0636,0.643
CLUBS SIX DIAMONDS FIVE,0.5582,0.0326,0.4092
CLUBS SEVEN DIAMONDS FIVE,0.5428,0.0296,0.4276
CLUBS TWO DIAMONDS FIVE,0.5926,0.0346,0.3728
CLUBS THREE DIAMONDS FIVE,0.58,0.0276,0.3924
SPADES THREE DIAMONDS FIVE,0.5898,0.0328,0.3774
SPADES TWO DIAMONDS FIVE,0.6144,0.0268,0.3588
SPADES JACK DIAMONDS EIGHT,0.3508,0.0164,0.6328
SPADES FIVE DIAMONDS FIVE,0.2982,0.0576,0.6442
CLUBS TEN HEARTS JACK,0.2238,0.0556,0.7206
SPADES FOUR DIAMONDS FIVE,0.6352,0.0818,0.283
HEARTS JACK CLUBS JACK,0.1384,0.0234,0.8382
HEARTS JACK CLUBS QUEEN,0.3094,0.0102,0.6804
CLUBS NINE DIAMONDS FIVE,0.5692,0.0248,0.406
CLUBS KING HEARTS JACK,0.3154,0.0056,0.679
CLUBS EIGHT DIAMONDS FIVE,0.5718,0.0272,0.401
CLUBS ACE HEARTS JACK,0.3136,0.0052,0.6812
SPADES SEVEN DIAMONDS FIVE,0.5582,0.0276,0.4142
SPADES KING DIAMONDS EIGHT,0.3654,0.0092,0.6254
SPADES SIX DIAMONDS FIVE,0.5614,0.0324,0.4062
SPADES QUEEN DIAMONDS EIGHT,0.3414,0.0118,0.6468
SPADES NINE DIAMONDS FIVE,0.5684,0.0302,0.4014
SPADES EIGHT DIAMONDS FIVE,0.559,0.0312,0.4098
SPADES ACE DIAMONDS EIGHT,0.3588,0.0052,0.636
DIAMONDS TEN DIAMONDS SIX,0.2026,0.3586,0.4388
HEARTS ACE DIAMONDS SEVEN,0.3486,0.0054,0.646
DIAMONDS JACK DIAMONDS SIX,0.35,0.0172,0.6328
HEARTS QUEEN DIAMONDS SEVEN,0.353,0.0114,0.6356
HEARTS KING DIAMONDS SEVEN,0.3434,0.0054,0.6512
DIAMONDS ACE DIAMONDS SIX,0.34,0.006,0.654
SPADES TWO HEARTS JACK,0.4016,0.0198,0.5786
HEARTS FIVE DIAMONDS SIX,0.556,0.0268,0.4172
SPADES TWO HEARTS TEN,0.2654,0.5202,0.2144
DIAMONDS QUEEN DIAMONDS SIX,0.3308,0.0114,0.6578
HEARTS TWO DIAMONDS SIX,0.6268,0.0296,0.3436
DIAMONDS KING DIAMONDS SIX,0.3462,0.0052,0.6486
HEARTS THREE DIAMONDS SIX,0.6082,0.0272,0.3646
HEARTS EIGHT DIAMONDS SIX,0.5514,0.0274,0.4212
HEARTS NINE DIAMONDS SIX,0.5552,0.0268,0.418
HEARTS SIX DIAMONDS SIX,0.3066,0.0572,0.6362
HEARTS SEVEN DIAMONDS SIX,0.539,0.0302,0.4308
HEARTS TEN DIAMONDS SEVEN,0.2218,0.2868,0.4914
CLUBS TWO DIAMONDS SIX,0.6064,0.0294,0.3642
HEARTS JACK DIAMONDS SEVEN,0.3444,0.0162,0.6394
CLUBS THREE DIAMONDS SIX,0.6022,0.0314,0.3664
CLUBS SEVEN DIAMONDS SIX,0.5448,0.0272,0.428
DIAMONDS EIGHT CLUBS JACK,0.341,0.0164,0.6426
CLUBS SIX DIAMONDS SIX,0.2968,0.054,0.6492
CLUBS TEN DIAMONDS EIGHT,0.217,0.2324,0.5506
CLUBS FIVE DIAMONDS SIX,0.5552,0.0292,0.4156
CLUBS FOUR DIAMONDS SIX,0.6458,0.0798,0.2744
HEARTS ACE HEARTS JACK,0.2962,0.0054,0.6984
DIAMONDS EIGHT CLUBS ACE,0.354,0.0024,0.6436
HEARTS QUEEN HEARTS JACK,0.2942,0.0114,0.6944
DIAMONDS EIGHT CLUBS KING,0.3656,0.0068,0.6276
CLUBS NINE DIAMONDS SIX,0.5616,0.0222,0.4162
HEARTS KING HEARTS JACK,0.3022,0.0052,0.6926
DIAMONDS EIGHT CLUBS QUEEN,0.3416,0.009,0.6494
CLUBS EIGHT DIAMONDS SIX,0.5476,0.0264,0.426
SPADES FIVE DIAMONDS SIX,0.5564,0.0324,0.4112
HEARTS ACE SPADES TWO,0.396,0.0056,0.5984
SPADES JACK HEARTS KING,0.302,0.009,0.689
SPADES FOUR DIAMONDS SIX,0.6436,0.0788,0.2776
SPADES THREE DIAMONDS SIX,0.601,0.0276,0.3714
HEARTS QUEEN SPADES TWO,0.3932,0.0166,0.5902
SPADES ACE SPADES KING,0.3024,0.0058,0.6918
SPADES TWO HEARTS KING,0.396,0.0084,0.5956
SPADES TWO DIAMONDS SIX,0.612,0.0304,0.3576
HEARTS TEN HEARTS EIGHT,0.208,0.2136,0.5784
SPADES NINE DIAMONDS SIX,0.5686,0.0288,0.4026
HEARTS JACK HEARTS EIGHT,0.3274,0.0162,0.6564
SPADES EIGHT DIAMONDS SIX,0.5598,0.026,0.4142
SPADES SEVEN DIAMONDS SIX,0.5436,0.0266,0.4298
SPADES SIX DIAMONDS SIX,0.2976,0.0562,0.6462
SPADES KING HEARTS KING,0.1262,0.0086,0.8652
SPADES QUEEN HEARTS KING,0.3028,0.0084,0.6888
CLUBS ACE CLUBS KING,0.2966,0.0036,0.6998
SPADES ACE HEARTS KING,0.3218,0.0036,0.6746
SPADES ACE HEARTS JACK,0.3066,0.0066,0.6868
SPADES QUEEN HEARTS JACK,0.298,0.0106,0.6914
SPADES KING HEARTS JACK,0.2982,0.0058,0.696
SPADES JACK DIAMONDS TEN,0.2308,0.0592,0.71
SPADES ACE DIAMONDS TEN,0.217,0.0262,0.7568
SPADES JACK HEARTS JACK,0.133,0.0236,0.8434
SPADES QUEEN DIAMONDS TEN,0.2244,0.0428,0.7328
SPADES KING DIAMONDS TEN,0.222,0.0372,0.7408
SPADES NINE DIAMONDS SEVEN,0.5466,0.0298,0.4236
SPADES EIGHT DIAMONDS SEVEN,0.5504,0.0266,0.423
SPADES SEVEN DIAMONDS SEVEN,0.2846,0.0512,0.6642
SPADES SIX DIAMONDS SEVEN,0.5476,0.0292,0.4232
DIAMONDS KING DIAMONDS SEVEN,0.3476,0.0066,0.6458
HEARTS THREE DIAMONDS SEVEN,0.611,0.0296,0.3594
HEARTS KING DIAMONDS FIVE,0.369,0.0068,0.6242
DIAMONDS QUEEN DIAMONDS SEVEN,0.3386,0.0126,0.6488
HEARTS TWO DIAMONDS SEVEN,0.6326,0.0256,0.3418
HEARTS QUEEN DIAMONDS FIVE,0.3628,0.011,0.6262
HEARTS FIVE DIAMONDS SEVEN,0.55,0.0268,0.4232
DIAMONDS ACE DIAMONDS SEVEN,0.3516,0.0052,0.6432
HEARTS ACE DIAMONDS FIVE,0.3478,0.0046,0.6476
HEARTS SEVEN DIAMONDS SEVEN,0.2748,0.055,0.6702
HEARTS SIX DIAMONDS SEVEN,0.5296,0.031,0.4394
DIAMONDS SEVEN HEARTS NINE,0.5412,0.0296,0.4292
HEARTS EIGHT DIAMONDS SEVEN,0.5398,0.0246,0.4356
DIAMONDS JACK DIAMONDS SEVEN,0.332,0.014,0.654
DIAMONDS FIVE HEARTS JACK,0.3462,0.018,0.6358
DIAMONDS TEN DIAMONDS SEVEN,0.2094,0.2804,0.5102
HEARTS TEN DIAMONDS FIVE,0.2174,0.4666,0.316
SPADES KING CLUBS TWO,0.3934,0.0062,0.6004
HEARTS KING CLUBS KING,0.134,0.012,0.854
CLUBS EIGHT DIAMONDS SEVEN,0.5424,0.0296,0.428
SPADES QUEEN CLUBS TWO,0.389,0.0126,0.5984
HEARTS KING CLUBS QUEEN,0.3144,0.01,0.6756
CLUBS NINE DIAMONDS SEVEN,0.5492,0.0256,0.4252
SPADES TWO CLUBS JACK,0.405,0.019,0.576
SPADES ACE CLUBS TWO,0.3914,0.0058,0.6028
CLUBS TEN SPADES TWO,0.2726,0.519,0.2084
HEARTS KING CLUBS ACE,0.3246,0.0036,0.6718
CLUBS SEVEN CLUBS SIX,0.4962,0.0258,0.478
SPADES TWO CLUBS KING,0.4004,0.0116,0.588
SPADES TWO DIAMONDS SEVEN,0.63,0.0266,0.3434
CLUBS EIGHT CLUBS SIX,0.516,0.0264,0.4576
SPADES THREE DIAMONDS SEVEN,0.6146,0.0294,0.356
SPADES TWO CLUBS QUEEN,0.4032,0.0124,0.5844
CLUBS NINE CLUBS SIX,0.5246,0.0294,0.446
SPADES FOUR DIAMONDS SEVEN,0.657,0.0782,0.2648
HEARTS KING CLUBS JACK,0.3134,0.0058,0.6808
SPADES FIVE DIAMONDS SEVEN,0.572,0.0276,0.4004
SPADES TWO CLUBS ACE,0.385,0.0058,0.6092
CLUBS TEN HEARTS KING,0.231,0.0418,0.7272
CLUBS SIX SPADES TWO,0.614,0.026,0.36
CLUBS SIX SPADES THREE,0.5858,0.031,0.3832
CLUBS TWO DIAMONDS SEVEN,0.6252,0.0294,0.3454
CLUBS SIX SPADES FOUR,0.6552,0.0776,0.2672
CLUBS THREE DIAMONDS SEVEN,0.607,0.0294,0.3636
CLUBS SIX SPADES FIVE,0.563,0.0296,0.4074
CLUBS FOUR DIAMONDS SEVEN,0.6594,0.0772,0.2634
CLUBS SIX SPADES SIX,0.297,0.0666,0.6364
CLUBS FIVE DIAMONDS SEVEN,0.5636,0.0298,0.4066
CLUBS SIX SPADES SEVEN,0.547,0.026,0.427
CLUBS SIX DIAMONDS SEVEN,0.5442,0.0264,0.4294
SPADES EIGHT CLUBS SIX,0.5632,0.0264,0.4104
SPADES JACK CLUBS TWO,0.3836,0.0198,0.5966
CLUBS SEVEN DIAMONDS SEVEN,0.2978,0.0506,0.6516
SPADES NINE CLUBS SIX,0.557,0.027,0.416
CLUBS TWO CLUBS QUEEN,0.369,0.0132,0.6178
CLUBS TWO CLUBS KING,0.3756,0.009,0.6154
CLUBS THREE DIAMONDS EIGHT,0.6034,0.0284,0.3682
CLUBS TWO CLUBS ACE,0.3582,0.0036,0.6382
CLUBS TWO DIAMONDS EIGHT,0.6154,0.0288,0.3558
HEARTS SEVEN DIAMONDS EIGHT,0.5364,0.0282,0.4354
HEARTS SIX DIAMONDS EIGHT,0.554,0.0256,0.4204
DIAMONDS EIGHT HEARTS NINE,0.5258,0.0248,0.4494
CLUBS TEN CLUBS TWO,0.2496,0.4838,0.2666
DIAMONDS EIGHT HEARTS EIGHT,0.2772,0.045,0.6778
CLUBS TWO CLUBS JACK,0.37,0.0194,0.6106
CLUBS NINE DIAMONDS EIGHT,0.5306,0.0236,0.4458
CLUBS EIGHT DIAMONDS EIGHT,0.2712,0.0454,0.6834
CLUBS FIVE DIAMONDS EIGHT,0.573,0.0258,0.4012
SPADES ACE SPADES THREE,0.3518,0.0054,0.6428
CLUBS FOUR DIAMONDS EIGHT,0.666,0.0822,0.2518
CLUBS SEVEN DIAMONDS EIGHT,0.5448,0.026,0.4292
SPADES QUEEN SPADES THREE,0.383,0.0108,0.6062
CLUBS SIX DIAMONDS EIGHT,0.5496,0.0288,0.4216
SPADES KING SPADES THREE,0.3756,0.01,0.6144
DIAMONDS QUEEN DIAMONDS EIGHT,0.3294,0.0128,0.6578
HEARTS TWO DIAMONDS EIGHT,0.6206,0.0264,0.353
DIAMONDS KING DIAMONDS EIGHT,0.3456,0.006,0.6484
HEARTS THREE DIAMONDS EIGHT,0.6224,0.0284,0.3492
DIAMONDS ACE DIAMONDS EIGHT,0.3264,0.0042,0.6694
HEARTS FIVE DIAMONDS EIGHT,0.5586,0.0292,0.4122
DIAMONDS EIGHT DIAMONDS TEN,0.215,0.2122,0.5728
DIAMONDS EIGHT DIAMONDS JACK,0.3288,0.0178,0.6534
SPADES JACK SPADES THREE,0.3682,0.018,0.6138
CLUBS FOUR HEARTS ACE,0.2332,0.0228,0.744
CLUBS FOUR HEARTS QUEEN,0.2294,0.0494,0.7212
CLUBS FOUR HEARTS KING,0.2318,0.0372,0.731
CLUBS SIX HEARTS TEN,0.209,0.3802,0.4108
CLUBS SIX HEARTS JACK,0.3528,0.0182,0.629
SPADES FOUR DIAMONDS EIGHT,0.6704,0.0818,0.2478
SPADES FIVE DIAMONDS EIGHT,0.564,0.0278,0.4082
DIAMONDS EIGHT SPADES TWO,0.629,0.03,0.341
DIAMONDS EIGHT SPADES THREE,0.6196,0.0268,0.3536
CLUBS FOUR HEARTS JACK,0.2302,0.0626,0.7072
SPADES EIGHT DIAMONDS EIGHT,0.2872,0.0456,0.6672
SPADES JACK HEARTS EIGHT,0.323,0.0206,0.6564
CLUBS FOUR HEARTS TEN,0.0104,0.9726,0.017
SPADES NINE DIAMONDS EIGHT,0.5328,0.025,0.4422
SPADES JACK HEARTS TWO,0.392,0.0192,0.5888
SPADES JACK DIAMONDS QUEEN,0.3068,0.009,0.6842
SPADES SIX DIAMONDS EIGHT,0.5726,0.0262,0.4012
SPADES SEVEN DIAMONDS EIGHT,0.5516,0.0284,0.42
SPADES ACE HEARTS TWO,0.383,0.0038,0.6132
SPADES ACE DIAMONDS QUEEN,0.3186,0.005,0.6764
SPADES ACE HEARTS EIGHT,0.3602,0.0042,0.6356
SPADES KING HEARTS EIGHT,0.357,0.0072,0.6358
SPADES QUEEN HEARTS TWO,0.3928,0.0114,0.5958
SPADES QUEEN DIAMONDS QUEEN,0.1398,0.0172,0.843
SPADES KING DIAMONDS QUEEN,0.3136,0.007,0.6794
SPADES KING HEARTS TWO,0.3994,0.0074,0.5932
SPADES QUEEN HEARTS EIGHT,0.334,0.0106,0.6554
CLUBS TWO HEARTS TEN,0.2638,0.5296,0.2066
CLUBS TWO HEARTS JACK,0.3736,0.0212,0.6052
SPADES SEVEN DIAMONDS NINE,0.5526,0.0234,0.424
SPADES SIX DIAMONDS NINE,0.5518,0.0262,0.422
SPADES NINE DIAMONDS NINE,0.2724,0.045,0.6826
SPADES EIGHT DIAMONDS NINE,0.529,0.0244,0.4466
DIAMONDS NINE SPADES THREE,0.6166,0.0304,0.353
SPADES JACK CLUBS KING,0.2978,0.006,0.6962
DIAMONDS NINE SPADES TWO,0.6184,0.0322,0.3494
SPADES FIVE DIAMONDS NINE,0.5888,0.0286,0.3826
DIAMONDS NINE SPADES FOUR,0.677,0.0848,0.2382
CLUBS NINE DIAMONDS NINE,0.2848,0.0386,0.6766
CLUBS EIGHT DIAMONDS NINE,0.533,0.025,0.442
CLUBS SIX DIAMONDS NINE,0.5516,0.0272,0.4212
SPADES JACK CLUBS FOUR,0.2346,0.0652,0.7002
CLUBS SEVEN DIAMONDS NINE,0.5346,0.0252,0.4402
CLUBS FOUR DIAMONDS NINE,0.6728,0.0794,0.2478
CLUBS FIVE DIAMONDS NINE,0.5766,0.0288,0.3946
DIAMONDS NINE CLUBS TWO,0.6186,0.025,0.3564
CLUBS THREE DIAMONDS NINE,0.6084,0.0284,0.3632
DIAMONDS NINE HEARTS EIGHT,0.5198,0.0288,0.4514
DIAMONDS NINE HEARTS NINE,0.2838,0.041,0.6752
HEARTS SIX DIAMONDS NINE,0.5526,0.0288,0.4186
HEARTS SEVEN DIAMONDS NINE,0.529,0.0278,0.4432
CLUBS NINE CLUBS EIGHT,0.4932,0.0244,0.4824
DIAMONDS ACE DIAMONDS NINE,0.3508,0.0026,0.6466
HEARTS FIVE DIAMONDS NINE,0.5714,0.0294,0.3992
HEARTS ACE CLUBS TWO,0.384,0.004,0.612
SPADES ACE CLUBS FOUR,0.23,0.0238,0.7462
DIAMONDS QUEEN DIAMONDS NINE,0.3232,0.0078,0.669
HEARTS TWO DIAMONDS NINE,0.618,0.0236,0.3584
CLUBS TWO HEARTS KING,0.3958,0.0092,0.595
SPADES KING CLUBS FOUR,0.23,0.0378,0.7322
DIAMONDS KING DIAMONDS NINE,0.3306,0.0054,0.664
HEARTS THREE DIAMONDS NINE,0.6134,0.0256,0.361
CLUBS TWO HEARTS QUEEN,0.3924,0.0146,0.593
SPADES QUEEN CLUBS FOUR,0.2258,0.0542,0.72
DIAMONDS NINE DIAMONDS JACK,0.313,0.0154,0.6716
CLUBS EIGHT SPADES NINE,0.546,0.0268,0.4272
DIAMONDS NINE DIAMONDS TEN,0.214,0.1604,0.6256
CLUBS EIGHT SPADES EIGHT,0.3008,0.0496,0.6496
CLUBS EIGHT SPADES SEVEN,0.5436,0.0264,0.43
CLUBS EIGHT SPADES SIX,0.5682,0.027,0.4048
CLUBS EIGHT SPADES FIVE,0.5716,0.029,0.3994
CLUBS EIGHT SPADES FOUR,0.679,0.0788,0.2422
CLUBS EIGHT SPADES THREE,0.627,0.0296,0.3434
CLUBS EIGHT SPADES TWO,0.616,0.0324,0.3516
HEARTS SIX DIAMONDS TEN,0.217,0.3776,0.4054
HEARTS SEVEN DIAMONDS TEN,0.2186,0.2854,0.496
DIAMONDS TEN HEARTS EIGHT,0.2152,0.2276,0.5572
CLUBS FOUR CLUBS JACK,0.2308,0.0574,0.7118
DIAMONDS TEN HEARTS NINE,0.2188,0.166,0.6152
CLUBS TEN CLUBS FOUR,0.0208,0.9026,0.0766
CLUBS FOUR CLUBS KING,0.2282,0.0376,0.7342
CLUBS FOUR CLUBS QUEEN,0.2336,0.0444,0.722
CLUBS TWO DIAMONDS TEN,0.2706,0.5076,0.2218
CLUBS THREE DIAMONDS TEN,0.2612,0.519,0.2198
CLUBS FOUR CLUBS ACE,0.2234,0.0242,0.7524
DIAMONDS JACK DIAMONDS TEN,0.2234,0.0466,0.73
DIAMONDS QUEEN DIAMONDS TEN,0.2274,0.0426,0.73
HEARTS TWO DIAMONDS TEN,0.2686,0.5198,0.2116
DIAMONDS KING DIAMONDS TEN,0.2232,0.0346,0.7422
HEARTS THREE DIAMONDS TEN,0.2656,0.5148,0.2196
DIAMONDS ACE DIAMONDS TEN,0.2066,0.0248,0.7686
CLUBS EIGHT HEARTS JACK,0.3402,0.0148,0.645
HEARTS FIVE DIAMONDS TEN,0.2046,0.4752,0.3202
CLUBS EIGHT HEARTS TEN,0.2238,0.2144,0.5618
CLUBS EIGHT HEARTS QUEEN,0.3454,0.0116,0.643
CLUBS EIGHT HEARTS KING,0.3438,0.008,0.6482
CLUBS EIGHT HEARTS ACE,0.3562,0.0022,0.6416
CLUBS NINE SPADES THREE,0.6154,0.0328,0.3518
CLUBS NINE SPADES TWO,0.6096,0.0298,0.3606
CLUBS NINE SPADES FIVE,0.5718,0.0252,0.403
CLUBS NINE SPADES FOUR,0.6814,0.082,0.2366
CLUBS NINE SPADES SEVEN,0.5442,0.0302,0.4256
CLUBS NINE SPADES SIX,0.5712,0.028,0.4008
CLUBS NINE SPADES NINE,0.273,0.042,0.685
CLUBS TEN HEARTS EIGHT,0.2258,0.2288,0.5454
CLUBS NINE SPADES EIGHT,0.5436,0.0242,0.4322
HEARTS EIGHT CLUBS JACK,0.3476,0.0146,0.6378
CLUBS QUEEN HEARTS EIGHT,0.351,0.012,0.637
CLUBS KING HEARTS EIGHT,0.353,0.0078,0.6392
CLUBS ACE HEARTS EIGHT,0.3546,0.0046,0.6408
SPADES KING CLUBS KING,0.1294,0.0114,0.8592
SPADES QUEEN CLUBS KING,0.3224,0.0072,0.6704
SPADES ACE CLUBS KING,0.3288,0.0068,0.6644
DIAMONDS ACE HEARTS TEN,0.222,0.028,0.75
DIAMONDS ACE HEARTS JACK,0.321,0.0042,0.6748
SPADES KING CLUBS FIVE,0.361,0.0088,0.6302
SPADES QUEEN CLUBS FIVE,0.343,0.0142,0.6428
SPADES ACE CLUBS FIVE,0.3538,0.0052,0.641
HEARTS SEVEN DIAMONDS JACK,0.3638,0.0176,0.6186
HEARTS SIX DIAMONDS JACK,0.3588,0.016,0.6252
DIAMONDS JACK HEARTS NINE,0.3244,0.015,0.6606
DIAMONDS JACK HEARTS EIGHT,0.344,0.0152,0.6408
DIAMONDS KING DIAMONDS JACK,0.3008,0.0076,0.6916
HEARTS THREE DIAMONDS JACK,0.3928,0.0222,0.585
SPADES ACE SPADES SIX,0.3592,0.0044,0.6364
HEARTS ACE SPADES FOUR,0.248,0.024,0.728
DIAMONDS QUEEN DIAMONDS JACK,0.2898,0.0084,0.7018
HEARTS TWO DIAMONDS JACK,0.4034,0.016,0.5806
HEARTS FIVE DIAMONDS JACK,0.337,0.0178,0.6452
SPADES QUEEN SPADES SIX,0.338,0.0156,0.6464
SPADES FOUR HEARTS QUEEN,0.238,0.0508,0.7112
DIAMONDS ACE DIAMONDS JACK,0.309,0.0034,0.6876
SPADES KING SPADES SIX,0.3418,0.0066,0.6516
SPADES FOUR HEARTS KING,0.24,0.0358,0.7242
SPADES JACK SPADES SIX,0.3446,0.0196,0.6358
SPADES FOUR DIAMONDS JACK,0.2342,0.0636,0.7022
SPADES FIVE DIAMONDS JACK,0.3546,0.0184,0.627
DIAMONDS JACK SPADES TWO,0.4072,0.0168,0.576
SPADES THREE DIAMONDS JACK,0.3986,0.0182,0.5832
SPADES ACE DIAMONDS THREE,0.3788,0.0046,0.6166
SPADES QUEEN DIAMONDS THREE,0.3908,0.016,0.5932
CLUBS EIGHT DIAMONDS JACK,0.345,0.0176,0.6374
SPADES KING DIAMONDS THREE,0.4046,0.0098,0.5856
CLUBS NINE DIAMONDS JACK,0.3344,0.0158,0.6498
CLUBS SIX DIAMONDS JACK,0.3566,0.0136,0.6298
CLUBS SEVEN DIAMONDS JACK,0.349,0.0182,0.6328
CLUBS FOUR DIAMONDS JACK,0.2372,0.065,0.6978
CLUBS FIVE DIAMONDS JACK,0.3618,0.0202,0.618
CLUBS TWO DIAMONDS JACK,0.3822,0.019,0.5988
CLUBS THREE DIAMONDS JACK,0.3914,0.0196,0.589
SPADES JACK HEARTS SIX,0.3498,0.0192,0.631
SPADES JACK CLUBS FIVE,0.357,0.0198,0.6232
SPADES JACK DIAMONDS THREE,0.3794,0.0194,0.6012
CLUBS SEVEN CLUBS ACE,0.3306,0.005,0.6644
CLUBS SEVEN CLUBS QUEEN,0.3516,0.0096,0.6388
CLUBS SEVEN CLUBS KING,0.3472,0.0064,0.6464
SPADES NINE DIAMONDS JACK,0.3278,0.0168,0.6554
CLUBS TEN CLUBS SEVEN,0.2122,0.278,0.5098
DIAMONDS ACE HEARTS ACE,0.1328,0.004,0.8632
SPADES EIGHT DIAMONDS JACK,0.3466,0.0178,0.6356
SPADES ACE HEARTS SIX,0.3536,0.0062,0.6402
CLUBS SEVEN CLUBS JACK,0.3318,0.017,0.6512
DIAMONDS ACE HEARTS KING,0.324,0.0044,0.6716
SPADES SEVEN DIAMONDS JACK,0.3642,0.02,0.6158
SPADES KING HEARTS SIX,0.3542,0.01,0.6358
DIAMONDS ACE HEARTS QUEEN,0.3252,0.004,0.6708
SPADES SIX DIAMONDS JACK,0.352,0.021,0.627
SPADES QUEEN HEARTS SIX,0.3438,0.013,0.6432
SPADES TWO DIAMONDS TEN,0.2642,0.5216,0.2142
SPADES THREE DIAMONDS TEN,0.2566,0.5332,0.2102
SPADES FOUR DIAMONDS TEN,0.0184,0.9722,0.0094
SPADES FIVE DIAMONDS TEN,0.2228,0.4626,0.3146
SPADES SIX DIAMONDS TEN,0.2194,0.3798,0.4008
SPADES SEVEN DIAMONDS TEN,0.2288,0.2952,0.476
SPADES EIGHT DIAMONDS TEN,0.2424,0.2182,0.5394
SPADES NINE DIAMONDS TEN,0.2258,0.1758,0.5984
CLUBS FOUR DIAMONDS TEN,0.0246,0.956,0.0194
CLUBS FIVE DIAMONDS TEN,0.2216,0.4722,0.3062
CLUBS SIX DIAMONDS TEN,0.2258,0.3852,0.389
CLUBS SEVEN DIAMONDS TEN,0.2212,0.2962,0.4826
CLUBS EIGHT DIAMONDS TEN,0.2294,0.217,0.5536
CLUBS NINE DIAMONDS TEN,0.2236,0.1724,0.604
DIAMONDS THREE CLUBS JACK,0.3964,0.0166,0.587
CLUBS TEN DIAMONDS THREE,0.265,0.5166,0.2184
DIAMONDS THREE CLUBS KING,0.3874,0.0064,0.6062
DIAMONDS THREE CLUBS QUEEN,0.3908,0.0104,0.5988
DIAMONDS THREE CLUBS ACE,0.3858,0.0034,0.6108
SPADES FOUR HEARTS JACK,0.228,0.065,0.707
SPADES FOUR HEARTS TEN,0.0084,0.9838,0.0078
SPADES FIVE SPADES TWO,0.5714,0.033,0.3956
SPADES FOUR SPADES TWO,0.638,0.082,0.28
SPADES THREE SPADES TWO,0.5936,0.0312,0.3752
SPADES NINE SPADES TWO,0.5956,0.0248,0.3796
SPADES EIGHT SPADES TWO,0.5858,0.0292,0.385
SPADES SEVEN SPADES TWO,0.597,0.0288,0.3742
SPADES SIX SPADES TWO,0.5778,0.029,0.3932
DIAMONDS QUEEN CLUBS THREE,0.3956,0.0126,0.5918
CLUBS THREE HEARTS TWO,0.6394,0.029,0.3316
DIAMONDS QUEEN CLUBS TWO,0.3924,0.0108,0.5968
HEARTS TWO CLUBS TWO,0.3836,0.0676,0.5488
HEARTS SEVEN DIAMONDS QUEEN,0.3586,0.0114,0.63
HEARTS SEVEN HEARTS TWO,0.5924,0.0262,0.3814
HEARTS SIX DIAMONDS QUEEN,0.3554,0.0094,0.6352
HEARTS SIX HEARTS TWO,0.5846,0.028,0.3874
DIAMONDS QUEEN HEARTS NINE,0.3392,0.0096,0.6512
HEARTS TWO HEARTS NINE,0.5716,0.028,0.4004
DIAMONDS QUEEN HEARTS EIGHT,0.3482,0.0108,0.641
HEARTS TWO HEARTS EIGHT,0.5836,0.0248,0.3916
CLUBS NINE HEARTS TWO,0.6184,0.0266,0.355
CLUBS NINE DIAMONDS QUEEN,0.3506,0.0098,0.6396
CLUBS EIGHT HEARTS TWO,0.6212,0.027,0.3518
CLUBS EIGHT DIAMONDS QUEEN,0.3556,0.0112,0.6332
CLUBS FIVE DIAMONDS QUEEN,0.3608,0.0118,0.6274
CLUBS FIVE HEARTS TWO,0.6058,0.0302,0.364
SPADES EIGHT HEARTS ACE,0.3544,0.0046,0.641
DIAMONDS QUEEN CLUBS FOUR,0.2312,0.0446,0.7242
HEARTS TWO CLUBS FOUR,0.659,0.084,0.257
CLUBS SEVEN DIAMONDS QUEEN,0.3574,0.0104,0.6322
CLUBS SEVEN HEARTS TWO,0.622,0.032,0.346
SPADES EIGHT HEARTS QUEEN,0.3546,0.0114,0.634
CLUBS SIX DIAMONDS QUEEN,0.358,0.0106,0.6314
CLUBS SIX HEARTS TWO,0.6048,0.0342,0.361
SPADES EIGHT HEARTS KING,0.3684,0.0084,0.6232
DIAMONDS QUEEN SPADES SIX,0.3706,0.0096,0.6198
HEARTS TWO SPADES SIX,0.6282,0.0348,0.337
DIAMONDS ACE CLUBS QUEEN,0.3156,0.004,0.6804
DIAMONDS QUEEN SPADES SEVEN,0.3662,0.0106,0.6232
SPADES SEVEN HEARTS TWO,0.6306,0.0308,0.3386
DIAMONDS ACE CLUBS KING,0.332,0.0034,0.6646
SPADES EIGHT DIAMONDS QUEEN,0.3462,0.0096,0.6442
SPADES EIGHT HEARTS TWO,0.6374,0.0344,0.3282
DIAMONDS ACE CLUBS ACE,0.1304,0.0032,0.8664
SPADES NINE DIAMONDS QUEEN,0.329,0.0094,0.6616
SPADES NINE HEARTS TWO,0.6308,0.0262,0.343
HEARTS TWO SPADES TWO,0.3948,0.08,0.5252
DIAMONDS QUEEN SPADES TWO,0.3928,0.012,0.5952
HEARTS TWO SPADES THREE,0.6274,0.0338,0.3388
DIAMONDS QUEEN SPADES THREE,0.404,0.0126,0.5834
HEARTS TWO SPADES FOUR,0.6708,0.0838,0.2454
DIAMONDS QUEEN SPADES FOUR,0.2412,0.046,0.7128
CLUBS TEN DIAMONDS ACE,0.231,0.0216,0.7474
HEARTS TWO SPADES FIVE,0.6004,0.0274,0.3722
DIAMONDS QUEEN SPADES FIVE,0.3686,0.0118,0.6196
DIAMONDS ACE CLUBS JACK,0.326,0.003,0.671
CLUBS FIVE CLUBS KING,0.3412,0.0082,0.6506
CLUBS FIVE CLUBS QUEEN,0.338,0.0132,0.6488
CLUBS FIVE CLUBS ACE,0.336,0.0048,0.6592
CLUBS FIVE CLUBS JACK,0.3356,0.0184,0.646
CLUBS TEN CLUBS FIVE,0.2066,0.4356,0.3578
SPADES KING CLUBS JACK,0.3136,0.0058,0.6806
SPADES QUEEN CLUBS JACK,0.3036,0.012,0.6844
SPADES ACE CLUBS JACK,0.3092,0.005,0.6858
SPADES SIX CLUBS KING,0.3632,0.007,0.6298
SPADES SIX CLUBS QUEEN,0.3672,0.0098,0.623
SPADES EIGHT HEARTS JACK,0.332,0.0206,0.6474
SPADES SIX CLUBS ACE,0.3632,0.0048,0.632
SPADES EIGHT HEARTS TEN,0.219,0.223,0.558
SPADES SIX CLUBS JACK,0.361,0.0178,0.6212
CLUBS TEN SPADES SIX,0.2264,0.3698,0.4038
SPADES JACK CLUBS JACK,0.1466,0.0208,0.8326
SPADES QUEEN CLUBS SEVEN,0.3706,0.0092,0.6202
SPADES KING CLUBS SEVEN,0.3676,0.0074,0.625
SPADES ACE CLUBS SEVEN,0.3506,0.0048,0.6446
SPADES SIX HEARTS TEN,0.2112,0.3812,0.4076
SPADES SIX HEARTS JACK,0.3576,0.0214,0.621
SPADES SIX HEARTS ACE,0.3532,0.0036,0.6432
SPADES SIX HEARTS KING,0.3624,0.0086,0.629
SPADES SIX HEARTS QUEEN,0.3586,0.0124,0.629
CLUBS SEVEN SPADES JACK,0.351,0.0174,0.6316
CLUBS TEN HEARTS SIX,0.2128,0.3748,0.4124
HEARTS SIX CLUBS JACK,0.3528,0.018,0.6292
CLUBS ACE CLUBS JACK,0.2976,0.004,0.6984
HEARTS SIX CLUBS QUEEN,0.3478,0.0146,0.6376
HEARTS SIX CLUBS KING,0.3682,0.0082,0.6236
HEARTS SIX CLUBS ACE,0.347,0.0032,0.6498
CLUBS QUEEN CLUBS JACK,0.2876,0.0108,0.7016
CLUBS KING CLUBS JACK,0.3016,0.0076,0.6908
DIAMONDS THREE HEARTS ACE,0.3952,0.0044,0.6004
DIAMONDS THREE HEARTS QUEEN,0.3844,0.0146,0.601
DIAMONDS THREE HEARTS KING,0.3982,0.0092,0.5926
CLUBS FIVE HEARTS JACK,0.359,0.0158,0.6252
CLUBS FIVE HEARTS TEN,0.2086,0.4712,0.3202
SPADES JACK DIAMONDS ACE,0.3096,0.0048,0.6856
SPADES ACE DIAMONDS ACE,0.1196,0.004,0.8764
CLUBS FIVE HEARTS ACE,0.3646,0.0056,0.6298
CLUBS FIVE HEARTS KING,0.3638,0.008,0.6282
SPADES QUEEN DIAMONDS ACE,0.3166,0.0052,0.6782
SPADES FOUR CLUBS JACK,0.2324,0.0602,0.7074
CLUBS FIVE HEARTS QUEEN,0.368,0.0134,0.6186
SPADES KING DIAMONDS ACE,0.3226,0.004,0.6734
CLUBS TEN SPADES FOUR,0.0164,0.9698,0.0138
DIAMONDS QUEEN DIAMONDS ACE,0.2974,0.0046,0.698
HEARTS TWO DIAMONDS ACE,0.3916,0.0044,0.604
DIAMONDS THREE HEARTS TEN,0.257,0.5332,0.2098
SPADES FOUR CLUBS KING,0.2352,0.0376,0.7272
HEARTS FIVE DIAMONDS QUEEN,0.3648,0.0148,0.6204
HEARTS FIVE HEARTS TWO,0.5512,0.034,0.4148
DIAMONDS THREE HEARTS JACK,0.3818,0.0188,0.5994
SPADES FOUR CLUBS QUEEN,0.2306,0.0484,0.721
DIAMONDS QUEEN HEARTS TWO,0.3936,0.016,0.5904
DIAMONDS KING DIAMONDS QUEEN,0.3098,0.0054,0.6848
DIAMONDS KING HEARTS TWO,0.3952,0.0074,0.5974
HEARTS THREE DIAMONDS QUEEN,0.3926,0.0152,0.5922
HEARTS THREE HEARTS TWO,0.6082,0.0304,0.3614
SPADES FOUR CLUBS ACE,0.2352,0.0222,0.7426
HEARTS TWO CLUBS ACE,0.3784,0.0046,0.617
DIAMONDS QUEEN CLUBS ACE,0.3304,0.0028,0.6668
HEARTS TWO CLUBS QUEEN,0.3988,0.0114,0.5898
DIAMONDS QUEEN CLUBS QUEEN,0.1508,0.0176,0.8316
HEARTS TWO CLUBS KING,0.3978,0.0086,0.5936
DIAMONDS QUEEN CLUBS KING,0.322,0.007,0.671
SPADES EIGHT SPADES FIVE,0.5458,0.0242,0.43
CLUBS TEN HEARTS TWO,0.2756,0.515,0.2094
CLUBS TEN DIAMONDS QUEEN,0.2264,0.0488,0.7248
SPADES NINE SPADES FIVE,0.5474,0.0274,0.4252
HEARTS TWO CLUBS JACK,0.4084,0.0158,0.5758
DIAMONDS QUEEN CLUBS JACK,0.3128,0.0096,0.6776
SPADES SIX SPADES FIVE,0.524,0.0286,0.4474
SPADES SEVEN SPADES FIVE,0.5344,0.0278,0.4378
DIAMONDS FIVE CLUBS QUEEN,0.3576,0.0122,0.6302
SPADES EIGHT CLUBS ACE,0.3524,0.0032,0.6444
DIAMONDS FIVE CLUBS KING,0.3726,0.0054,0.622
SPADES EIGHT CLUBS KING,0.3688,0.0076,0.6236
CLUBS ACE DIAMONDS FIVE,0.352,0.0036,0.6444
SPADES EIGHT CLUBS QUEEN,0.3692,0.0126,0.6182
SPADES EIGHT CLUBS JACK,0.35,0.0202,0.6298
CLUBS TEN SPADES EIGHT,0.2334,0.2228,0.5438
CLUBS TEN DIAMONDS FIVE,0.2302,0.4756,0.2942
DIAMONDS FIVE CLUBS JACK,0.355,0.0172,0.6278
DIAMONDS TEN HEARTS JACK,0.2134,0.0546,0.732
DIAMONDS TEN HEARTS TEN,0.081,0.0568,0.8622
SPADES ACE CLUBS NINE,0.3578,0.0056,0.6366
CLUBS NINE SPADES QUEEN,0.3356,0.01,0.6544
CLUBS NINE SPADES KING,0.3314,0.0088,0.6598
HEARTS SIX HEARTS KING,0.3402,0.0086,0.6512
DIAMONDS KING SPADES SEVEN,0.3602,0.0076,0.6322
HEARTS THREE SPADES SEVEN,0.6018,0.0332,0.365
