opposingHand,winningChance,drawChance,lostChance
SPADES NINE CLUBS KING
HEARTS FIVE SPADES TEN,0.6298,0.0072,0.363
SPADES JACK HEARTS FIVE,0.6416,0.008,0.3504
SPADES FIVE CLUBS JACK,0.64,0.0086,0.3514
SPADES FIVE CLUBS TEN,0.648,0.0084,0.3436
CLUBS EIGHT CLUBS JACK,0.5994,0.0074,0.3932
CLUBS EIGHT CLUBS TEN,0.5906,0.0068,0.4026
SPADES FIVE CLUBS ACE,0.4004,0.005,0.5946
CLUBS EIGHT CLUBS QUEEN,0.6158,0.009,0.3752
SPADES FIVE CLUBS QUEEN,0.6442,0.0078,0.348
CLUBS EIGHT CLUBS ACE,0.3858,0.0054,0.6088
DIAMONDS TWO DIAMONDS THREE,0.6054,0.0084,0.3862
DIAMONDS TWO DIAMONDS FIVE,0.6098,0.0072,0.383
SPADES KING HEARTS FIVE,0.5948,0.1628,0.2424
DIAMONDS TWO DIAMONDS FOUR,0.599,0.006,0.395
SPADES QUEEN HEARTS FIVE,0.6422,0.008,0.3498
DIAMONDS TWO DIAMONDS SEVEN,0.6216,0.0078,0.3706
DIAMONDS TWO DIAMONDS SIX,0.6254,0.0078,0.3668
SPADES ACE HEARTS FIVE,0.404,0.0042,0.5918
DIAMONDS TWO DIAMONDS NINE,0.6932,0.0344,0.2724
DIAMONDS TWO DIAMONDS EIGHT,0.626,0.005,0.369
DIAMONDS THREE DIAMONDS FOUR,0.604,0.0068,0.3892
CLUBS TWO SPADES FOUR,0.6556,0.009,0.3354
DIAMONDS THREE DIAMONDS FIVE,0.5854,0.0056,0.409
CLUBS TWO SPADES FIVE,0.6484,0.0096,0.342
CLUBS TWO SPADES TWO,0.4648,0.0112,0.524
CLUBS TWO SPADES THREE,0.6616,0.0078,0.3306
DIAMONDS THREE DIAMONDS EIGHT,0.6318,0.0062,0.362
SPADES EIGHT CLUBS TWO,0.683,0.009,0.308
DIAMONDS THREE DIAMONDS NINE,0.685,0.0334,0.2816
DIAMONDS THREE DIAMONDS SIX,0.6118,0.0056,0.3826
CLUBS TWO SPADES SIX,0.673,0.0068,0.3202
DIAMONDS THREE DIAMONDS SEVEN,0.6214,0.0076,0.371
SPADES SEVEN CLUBS TWO,0.676,0.0076,0.3164
CLUBS SIX CLUBS TWO,0.6466,0.0066,0.3468
CLUBS SEVEN CLUBS TWO,0.6426,0.009,0.3484
CLUBS FOUR CLUBS TWO,0.623,0.0086,0.3684
CLUBS FIVE CLUBS TWO,0.6146,0.0088,0.3766
CLUBS JACK CLUBS TEN,0.5354,0.0058,0.4588
DIAMONDS FOUR DIAMONDS SIX,0.593,0.007,0.4
CLUBS QUEEN CLUBS TEN,0.5514,0.0054,0.4432
DIAMONDS FOUR DIAMONDS SEVEN,0.6144,0.008,0.3776
CLUBS ACE CLUBS TEN,0.3388,0.0052,0.656
CLUBS EIGHT CLUBS TWO,0.6348,0.0074,0.3578
DIAMONDS FIVE DIAMONDS FOUR,0.5902,0.0064,0.4034
CLUBS NINE CLUBS TWO,0.711,0.039,0.25
DIAMONDS NINE DIAMONDS FOUR,0.6888,0.0354,0.2758
DIAMONDS EIGHT DIAMONDS FOUR,0.6086,0.0068,0.3846
CLUBS TWO CLUBS THREE,0.6232,0.0088,0.368
DIAMONDS NINE DIAMONDS FIVE,0.6696,0.0386,0.2918
DIAMONDS TWO CLUBS JACK,0.6502,0.0068,0.343
DIAMONDS EIGHT DIAMONDS FIVE,0.5912,0.007,0.4018
DIAMONDS TWO CLUBS TEN,0.65,0.006,0.344
DIAMONDS FIVE DIAMONDS SEVEN,0.591,0.0068,0.4022
DIAMONDS FIVE DIAMONDS SIX,0.5844,0.0072,0.4084
DIAMONDS TWO CLUBS ACE,0.407,0.0062,0.5868
DIAMONDS TWO CLUBS QUEEN,0.6466,0.008,0.3454
DIAMONDS EIGHT DIAMONDS SIX,0.6024,0.0078,0.3898
DIAMONDS NINE DIAMONDS SIX,0.6742,0.0304,0.2954
HEARTS ACE SPADES THREE,0.4178,0.004,0.5782
HEARTS KING SPADES THREE,0.5992,0.1602,0.2406
DIAMONDS SEVEN DIAMONDS SIX,0.5646,0.0074,0.428
SPADES THREE HEARTS QUEEN,0.65,0.0072,0.3428
SPADES THREE HEARTS JACK,0.6396,0.008,0.3524
SPADES THREE HEARTS TEN,0.655,0.007,0.338
DIAMONDS EIGHT DIAMONDS SEVEN,0.5824,0.0066,0.411
DIAMONDS NINE DIAMONDS SEVEN,0.6536,0.0334,0.313
DIAMONDS NINE DIAMONDS EIGHT,0.6486,0.0368,0.3146
DIAMONDS KING HEARTS TEN,0.2298,0.1122,0.658
HEARTS THREE HEARTS TEN,0.6084,0.0078,0.3838
CLUBS SIX SPADES JACK,0.6256,0.007,0.3674
DIAMONDS KING HEARTS JACK,0.2444,0.0792,0.6764
HEARTS THREE HEARTS JACK,0.5926,0.0064,0.401
CLUBS SIX SPADES TEN,0.6294,0.0044,0.3662
SPADES JACK SPADES FIVE,0.5926,0.0082,0.3992
SPADES TEN SPADES FIVE,0.5922,0.0058,0.402
DIAMONDS KING HEARTS ACE,0.2268,0.011,0.7622
HEARTS THREE HEARTS ACE,0.3886,0.0052,0.6062
SPADES ACE CLUBS SIX,0.4028,0.0056,0.5916
DIAMONDS KING HEARTS QUEEN,0.2462,0.0644,0.6894
HEARTS THREE HEARTS QUEEN,0.6036,0.0072,0.3892
SPADES KING CLUBS SIX,0.614,0.1668,0.2192
DIAMONDS KING HEARTS KING,0.0874,0.01,0.9026
HEARTS THREE HEARTS KING,0.5644,0.1554,0.2802
SPADES QUEEN CLUBS SIX,0.635,0.007,0.358
SPADES QUEEN SPADES FIVE,0.6014,0.009,0.3896
SPADES KING SPADES FIVE,0.5558,0.1668,0.2774
SPADES ACE SPADES FIVE,0.3902,0.0054,0.6044
SPADES JACK CLUBS TEN,0.5702,0.0098,0.42
SPADES TEN CLUBS TEN,0.2828,0.0074,0.7098
SPADES ACE CLUBS TEN,0.3464,0.0048,0.6488
SPADES KING CLUBS TEN,0.2174,0.1208,0.6618
SPADES QUEEN CLUBS TEN,0.5842,0.0068,0.409
SPADES FIVE HEARTS QUEEN,0.6494,0.0086,0.342
SPADES FIVE HEARTS KING,0.6074,0.1598,0.2328
SPADES FIVE HEARTS ACE,0.405,0.0056,0.5894
CLUBS EIGHT SPADES TEN,0.6154,0.007,0.3776
HEARTS THREE SPADES JACK,0.6486,0.007,0.3444
SPADES JACK DIAMONDS KING,0.2284,0.0862,0.6854
SPADES TEN DIAMONDS KING,0.2286,0.1162,0.6552
HEARTS THREE SPADES TEN,0.639,0.0082,0.3528
CLUBS EIGHT SPADES JACK,0.613,0.0078,0.3792
SPADES ACE CLUBS EIGHT,0.3886,0.0054,0.606
HEARTS FIVE CLUBS JACK,0.646,0.0064,0.3476
CLUBS SIX HEARTS ACE,0.4024,0.0036,0.594
HEARTS FIVE CLUBS TEN,0.6386,0.0078,0.3536
CLUBS EIGHT SPADES QUEEN,0.6378,0.0094,0.3528
SPADES THREE CLUBS TEN,0.6396,0.009,0.3514
CLUBS SIX HEARTS QUEEN,0.642,0.0054,0.3526
CLUBS EIGHT SPADES KING,0.6152,0.1624,0.2224
SPADES THREE CLUBS JACK,0.65,0.009,0.341
CLUBS SIX HEARTS KING,0.604,0.1636,0.2324
DIAMONDS TWO HEARTS JACK,0.637,0.006,0.357
SPADES THREE CLUBS QUEEN,0.6498,0.0044,0.3458
DIAMONDS TWO HEARTS TEN,0.648,0.0054,0.3466
HEARTS FIVE CLUBS ACE,0.4002,0.0042,0.5956
SPADES FIVE HEARTS TEN,0.6448,0.0066,0.3486
SPADES THREE CLUBS ACE,0.4056,0.0042,0.5902
SPADES FIVE HEARTS JACK,0.638,0.0084,0.3536
HEARTS FIVE CLUBS QUEEN,0.6474,0.0074,0.3452
HEARTS THREE CLUBS QUEEN,0.6452,0.0068,0.348
DIAMONDS KING CLUBS QUEEN,0.2392,0.0632,0.6976
HEARTS FIVE HEARTS JACK,0.606,0.0064,0.3876
HEARTS FIVE HEARTS TEN,0.5932,0.0064,0.4004
HEARTS THREE CLUBS ACE,0.4096,0.005,0.5854
DIAMONDS KING CLUBS ACE,0.2174,0.0124,0.7702
SPADES ACE CLUBS QUEEN,0.3742,0.0048,0.621
SPADES KING CLUBS QUEEN,0.2422,0.0682,0.6896
HEARTS THREE CLUBS JACK,0.6308,0.007,0.3622
DIAMONDS KING CLUBS JACK,0.2344,0.0846,0.681
SPADES QUEEN CLUBS QUEEN,0.2854,0.004,0.7106
HEARTS THREE CLUBS TEN,0.6466,0.0054,0.348
DIAMONDS KING CLUBS TEN,0.233,0.1314,0.6356
SPADES JACK CLUBS QUEEN,0.587,0.007,0.406
CLUBS SIX CLUBS QUEEN,0.6172,0.0064,0.3764
SPADES TEN CLUBS QUEEN,0.575,0.0078,0.4172
CLUBS SIX CLUBS ACE,0.3896,0.0048,0.6056
HEARTS FIVE HEARTS KING,0.5614,0.1546,0.284
HEARTS FIVE HEARTS QUEEN,0.612,0.0086,0.3794
CLUBS SIX CLUBS TEN,0.59,0.0066,0.4034
HEARTS FIVE HEARTS ACE,0.3894,0.003,0.6076
CLUBS SIX CLUBS JACK,0.6182,0.0068,0.375
SPADES SEVEN HEARTS JACK,0.647,0.0072,0.3458
SPADES SEVEN HEARTS TEN,0.63,0.0074,0.3626
DIAMONDS TWO CLUBS TWO,0.475,0.0152,0.5098
DIAMONDS TWO CLUBS THREE,0.6502,0.0074,0.3424
HEARTS SIX DIAMONDS TWO,0.6578,0.0072,0.335
DIAMONDS TWO HEARTS QUEEN,0.6498,0.0074,0.3428
DIAMONDS TWO HEARTS SEVEN,0.6754,0.005,0.3196
DIAMONDS TWO HEARTS KING,0.592,0.165,0.243
DIAMONDS TWO HEARTS EIGHT,0.6748,0.0066,0.3186
DIAMONDS TWO HEARTS ACE,0.4032,0.0058,0.591
DIAMONDS TWO HEARTS NINE,0.7318,0.04,0.2282
DIAMONDS TWO DIAMONDS QUEEN,0.5916,0.0078,0.4006
DIAMONDS TWO HEARTS TWO,0.4656,0.0122,0.5222
DIAMONDS TWO DIAMONDS KING,0.563,0.163,0.274
HEARTS THREE DIAMONDS TWO,0.648,0.0086,0.3434
DIAMONDS TWO DIAMONDS ACE,0.3836,0.0064,0.61
HEARTS FOUR DIAMONDS TWO,0.6514,0.0084,0.3402
DIAMONDS TWO HEARTS FIVE,0.6414,0.0058,0.3528
SPADES SEVEN HEARTS ACE,0.4026,0.0042,0.5932
DIAMONDS TWO DIAMONDS TEN,0.6014,0.0078,0.3908
SPADES SEVEN HEARTS KING,0.6164,0.1546,0.229
DIAMONDS TWO DIAMONDS JACK,0.59,0.0074,0.4026
SPADES SEVEN HEARTS QUEEN,0.6398,0.0072,0.353
DIAMONDS TWO SPADES EIGHT,0.6692,0.0074,0.3234
DIAMONDS TWO SPADES SEVEN,0.6788,0.0082,0.313
DIAMONDS TWO SPADES SIX,0.66,0.007,0.333
DIAMONDS TWO SPADES FIVE,0.6444,0.0094,0.3462
DIAMONDS TWO SPADES FOUR,0.6424,0.0084,0.3492
DIAMONDS TWO SPADES THREE,0.6508,0.0086,0.3406
DIAMONDS TWO SPADES TWO,0.4764,0.0124,0.5112
CLUBS NINE DIAMONDS TWO,0.7354,0.0382,0.2264
CLUBS EIGHT DIAMONDS TWO,0.6776,0.0058,0.3166
DIAMONDS TWO CLUBS SEVEN,0.685,0.0064,0.3086
CLUBS SIX DIAMONDS TWO,0.6612,0.007,0.3318
DIAMONDS TWO CLUBS FIVE,0.6476,0.0092,0.3432
DIAMONDS TWO CLUBS FOUR,0.6478,0.0102,0.342
CLUBS FOUR SPADES FIVE,0.645,0.0098,0.3452
CLUBS FOUR SPADES FOUR,0.4754,0.0136,0.511
CLUBS FOUR SPADES THREE,0.6362,0.008,0.3558
CLUBS FOUR SPADES TWO,0.6682,0.0078,0.324
CLUBS FOUR SPADES EIGHT,0.663,0.0096,0.3274
CLUBS FOUR SPADES SEVEN,0.6494,0.0078,0.3428
CLUBS FOUR SPADES SIX,0.6522,0.0082,0.3396
SPADES ACE DIAMONDS SIX,0.401,0.0042,0.5948
SPADES QUEEN DIAMONDS SIX,0.6294,0.0086,0.362
SPADES KING DIAMONDS SIX,0.5974,0.1638,0.2388
SPADES TEN DIAMONDS SIX,0.642,0.0074,0.3506
SPADES JACK DIAMONDS SIX,0.6392,0.0056,0.3552
SPADES QUEEN SPADES TWO,0.616,0.0064,0.3776
SPADES KING SPADES TWO,0.5806,0.1572,0.2622
SPADES ACE SPADES TWO,0.391,0.0066,0.6024
DIAMONDS JACK CLUBS JACK,0.3184,0.0044,0.6772
DIAMONDS JACK CLUBS TEN,0.5664,0.0064,0.4272
DIAMONDS JACK CLUBS QUEEN,0.5754,0.006,0.4186
DIAMONDS THREE DIAMONDS JACK,0.6004,0.0056,0.394
DIAMONDS THREE DIAMONDS TEN,0.5982,0.007,0.3948
DIAMONDS JACK CLUBS ACE,0.3568,0.0048,0.6384
DIAMONDS THREE DIAMONDS KING,0.5526,0.1628,0.2846
HEARTS THREE DIAMONDS THREE,0.4716,0.0124,0.516
DIAMONDS THREE DIAMONDS QUEEN,0.5968,0.0048,0.3984
DIAMONDS THREE HEARTS TWO,0.649,0.0084,0.3426
HEARTS FIVE DIAMONDS THREE,0.6264,0.0072,0.3664
DIAMONDS THREE DIAMONDS ACE,0.3868,0.0038,0.6094
HEARTS FOUR DIAMONDS THREE,0.637,0.0088,0.3542
DIAMONDS THREE HEARTS SEVEN,0.6532,0.008,0.3388
HEARTS SIX DIAMONDS THREE,0.634,0.007,0.359
DIAMONDS THREE HEARTS NINE,0.7334,0.0374,0.2292
HEARTS JACK DIAMONDS FOUR,0.6396,0.0064,0.354
HEARTS KING HEARTS ACE,0.2228,0.0128,0.7644
SPADES TEN SPADES TWO,0.6064,0.0088,0.3848
DIAMONDS THREE HEARTS EIGHT,0.6744,0.0064,0.3192
HEARTS TEN DIAMONDS FOUR,0.649,0.007,0.344
SPADES JACK SPADES TWO,0.6106,0.01,0.3794
HEARTS QUEEN DIAMONDS FOUR,0.6424,0.0064,0.3512
HEARTS KING DIAMONDS FOUR,0.5972,0.1774,0.2254
HEARTS ACE DIAMONDS FOUR,0.4134,0.0042,0.5824
DIAMONDS THREE SPADES EIGHT,0.6832,0.0052,0.3116
DIAMONDS THREE SPADES SEVEN,0.6654,0.0072,0.3274
DIAMONDS THREE SPADES SIX,0.6482,0.0092,0.3426
CLUBS SIX DIAMONDS THREE,0.6524,0.0082,0.3394
CLUBS ACE DIAMONDS FOUR,0.4078,0.005,0.5872
CLUBS SIX CLUBS FIVE,0.5982,0.0054,0.3964
CLUBS SEVEN CLUBS FIVE,0.6074,0.0082,0.3844
CLUBS SEVEN DIAMONDS THREE,0.6496,0.005,0.3454
DIAMONDS THREE CLUBS FOUR,0.6478,0.0068,0.3454
CLUBS QUEEN DIAMONDS FOUR,0.637,0.0042,0.3588
DIAMONDS THREE CLUBS FIVE,0.6342,0.0086,0.3572
DIAMONDS THREE CLUBS TWO,0.6458,0.008,0.3462
DIAMONDS FOUR CLUBS TEN,0.6566,0.008,0.3354
DIAMONDS THREE CLUBS THREE,0.4556,0.0124,0.532
DIAMONDS FOUR CLUBS JACK,0.6426,0.0068,0.3506
DIAMONDS THREE SPADES FOUR,0.631,0.009,0.36
DIAMONDS THREE SPADES FIVE,0.6252,0.0096,0.3652
DIAMONDS THREE SPADES TWO,0.653,0.0066,0.3404
DIAMONDS THREE SPADES THREE,0.4774,0.0166,0.506
CLUBS EIGHT DIAMONDS THREE,0.674,0.0072,0.3188
CLUBS NINE DIAMONDS THREE,0.7332,0.0398,0.227
SPADES SEVEN CLUBS ACE,0.402,0.0042,0.5938
SPADES SEVEN CLUBS QUEEN,0.6464,0.009,0.3446
CLUBS FIVE SPADES SEVEN,0.6298,0.007,0.3632
SPADES SEVEN CLUBS TEN,0.6272,0.01,0.3628
CLUBS FIVE SPADES SIX,0.6228,0.0094,0.3678
SPADES SEVEN CLUBS JACK,0.632,0.0064,0.3616
SPADES EIGHT CLUBS FIVE,0.6492,0.0068,0.344
CLUBS FIVE SPADES THREE,0.6426,0.0084,0.349
CLUBS FIVE SPADES TWO,0.662,0.0074,0.3306
CLUBS FIVE SPADES FIVE,0.4618,0.013,0.5252
CLUBS FIVE SPADES FOUR,0.6262,0.008,0.3658
CLUBS NINE CLUBS FIVE,0.7012,0.0358,0.263
CLUBS EIGHT CLUBS FIVE,0.6134,0.009,0.3776
CLUBS ACE CLUBS QUEEN,0.3458,0.0042,0.65
DIAMONDS TEN DIAMONDS FOUR,0.607,0.0048,0.3882
DIAMONDS NINE CLUBS TEN,0.696,0.0294,0.2746
DIAMONDS JACK DIAMONDS FOUR,0.6064,0.0096,0.384
DIAMONDS NINE CLUBS JACK,0.7218,0.0294,0.2488
DIAMONDS ACE DIAMONDS FOUR,0.3928,0.0048,0.6024
HEARTS FOUR DIAMONDS FOUR,0.453,0.012,0.535
DIAMONDS JACK HEARTS TEN,0.5664,0.0064,0.4272
DIAMONDS TWO SPADES TEN,0.6372,0.0064,0.3564
DIAMONDS NINE CLUBS ACE,0.2348,0.0182,0.747
HEARTS FIVE DIAMONDS FOUR,0.6212,0.0072,0.3716
HEARTS JACK DIAMONDS JACK,0.2956,0.0046,0.6998
DIAMONDS TWO SPADES JACK,0.6396,0.009,0.3514
DIAMONDS QUEEN DIAMONDS FOUR,0.5984,0.0068,0.3948
HEARTS TWO DIAMONDS FOUR,0.6558,0.0076,0.3366
DIAMONDS NINE CLUBS QUEEN,0.7286,0.0302,0.2412
DIAMONDS KING DIAMONDS FOUR,0.5664,0.1582,0.2754
HEARTS THREE DIAMONDS FOUR,0.6306,0.0064,0.363
HEARTS ACE DIAMONDS JACK,0.3556,0.003,0.6414
SPADES ACE DIAMONDS TWO,0.4094,0.007,0.5836
DIAMONDS JACK HEARTS QUEEN,0.5826,0.0046,0.4128
SPADES QUEEN DIAMONDS TWO,0.6286,0.0084,0.363
HEARTS KING DIAMONDS JACK,0.248,0.0816,0.6704
SPADES KING DIAMONDS TWO,0.5988,0.1726,0.2286
SPADES JACK SPADES SEVEN,0.6044,0.0052,0.3904
SPADES TEN SPADES SEVEN,0.5794,0.0088,0.4118
CLUBS SEVEN CLUBS THREE,0.6344,0.0078,0.3578
CLUBS SIX CLUBS THREE,0.6092,0.0082,0.3826
CLUBS FIVE CLUBS THREE,0.6072,0.0084,0.3844
CLUBS FOUR CLUBS THREE,0.6076,0.009,0.3834
CLUBS NINE CLUBS THREE,0.6972,0.0406,0.2622
CLUBS EIGHT CLUBS THREE,0.6426,0.009,0.3484
CLUBS THREE SPADES FIVE,0.6284,0.0102,0.3614
CLUBS THREE SPADES FOUR,0.6418,0.0072,0.351
CLUBS THREE SPADES THREE,0.4868,0.0128,0.5004
CLUBS THREE SPADES TWO,0.6564,0.009,0.3346
SPADES SIX CLUBS THREE,0.6506,0.0082,0.3412
SPADES SEVEN CLUBS THREE,0.6692,0.0092,0.3216
SPADES EIGHT CLUBS THREE,0.6878,0.0068,0.3054
SPADES TWO DIAMONDS FOUR,0.6424,0.0098,0.3478
SPADES THREE DIAMONDS FOUR,0.6496,0.0072,0.3432
SPADES FOUR DIAMONDS FOUR,0.4552,0.0122,0.5326
SPADES FIVE DIAMONDS FOUR,0.6204,0.007,0.3726
SPADES SIX DIAMONDS FOUR,0.6294,0.0096,0.361
SPADES SEVEN DIAMONDS FOUR,0.6512,0.0068,0.342
SPADES EIGHT DIAMONDS FOUR,0.6622,0.0084,0.3294
CLUBS FIVE DIAMONDS FOUR,0.6182,0.0068,0.375
CLUBS FOUR DIAMONDS FOUR,0.461,0.01,0.529
CLUBS SEVEN DIAMONDS FOUR,0.648,0.0074,0.3446
CLUBS SIX DIAMONDS FOUR,0.6316,0.0078,0.3606
CLUBS NINE DIAMONDS FOUR,0.7386,0.0364,0.225
CLUBS EIGHT DIAMONDS FOUR,0.6672,0.0074,0.3254
DIAMONDS FOUR HEARTS SEVEN,0.6544,0.0068,0.3388
HEARTS SIX DIAMONDS FOUR,0.6388,0.0066,0.3546
HEARTS NINE DIAMONDS FOUR,0.7326,0.0408,0.2266
DIAMONDS FOUR HEARTS EIGHT,0.662,0.0074,0.3306
CLUBS THREE DIAMONDS FOUR,0.6284,0.0076,0.364
CLUBS TWO DIAMONDS FOUR,0.6474,0.007,0.3456
DIAMONDS TEN DIAMONDS FIVE,0.5986,0.0062,0.3952
DIAMONDS JACK DIAMONDS FIVE,0.5838,0.0072,0.409
DIAMONDS NINE HEARTS QUEEN,0.7182,0.0298,0.252
HEARTS KING DIAMONDS NINE,0.0236,0.9578,0.0186
DIAMONDS NINE HEARTS ACE,0.2526,0.0228,0.7246
DIAMONDS NINE HEARTS TEN,0.6952,0.0274,0.2774
DIAMONDS NINE HEARTS JACK,0.6982,0.0286,0.2732
CLUBS QUEEN DIAMONDS SIX,0.65,0.005,0.345
CLUBS ACE DIAMONDS SIX,0.3972,0.004,0.5988
SPADES KING DIAMONDS FOUR,0.5896,0.1638,0.2466
SPADES ACE SPADES SEVEN,0.3886,0.0042,0.6072
SPADES QUEEN DIAMONDS FOUR,0.6282,0.0092,0.3626
SPADES QUEEN SPADES SEVEN,0.6096,0.008,0.3824
CLUBS JACK DIAMONDS SIX,0.649,0.0058,0.3452
SPADES KING SPADES SEVEN,0.5808,0.1586,0.2606
SPADES ACE DIAMONDS FOUR,0.4034,0.005,0.5916
CLUBS TEN DIAMONDS SIX,0.6274,0.0078,0.3648
CLUBS NINE CLUBS FOUR,0.7032,0.0356,0.2612
CLUBS EIGHT CLUBS FOUR,0.6326,0.0098,0.3576
SPADES JACK DIAMONDS FOUR,0.6366,0.0066,0.3568
SPADES TEN DIAMONDS FOUR,0.6296,0.0074,0.363
CLUBS FOUR CLUBS FIVE,0.6086,0.0088,0.3826
CLUBS SEVEN CLUBS FOUR,0.629,0.0084,0.3626
CLUBS SIX CLUBS FOUR,0.6084,0.0086,0.383
CLUBS SEVEN SPADES EIGHT,0.6356,0.0072,0.3572
CLUBS SEVEN SPADES SIX,0.6262,0.0066,0.3672
CLUBS SEVEN SPADES SEVEN,0.4584,0.0102,0.5314
CLUBS SEVEN SPADES FIVE,0.6326,0.009,0.3584
CLUBS SEVEN SPADES FOUR,0.6394,0.0088,0.3518
CLUBS SEVEN SPADES THREE,0.6688,0.0082,0.323
CLUBS SEVEN SPADES TWO,0.689,0.0092,0.3018
CLUBS NINE CLUBS SEVEN,0.6784,0.0328,0.2888
CLUBS EIGHT CLUBS SEVEN,0.5996,0.0068,0.3936
HEARTS SIX DIAMONDS FIVE,0.6258,0.0074,0.3668
DIAMONDS FIVE HEARTS SEVEN,0.6314,0.0064,0.3622
DIAMONDS FIVE HEARTS EIGHT,0.6386,0.0078,0.3536
HEARTS NINE DIAMONDS FIVE,0.7214,0.0338,0.2448
DIAMONDS QUEEN DIAMONDS FIVE,0.59,0.006,0.404
HEARTS TWO DIAMONDS FIVE,0.6504,0.007,0.3426
HEARTS KING HEARTS EIGHT,0.5644,0.1558,0.2798
DIAMONDS KING DIAMONDS FIVE,0.5666,0.1548,0.2786
HEARTS THREE DIAMONDS FIVE,0.6242,0.0048,0.371
HEARTS QUEEN HEARTS EIGHT,0.594,0.0068,0.3992
DIAMONDS ACE DIAMONDS FIVE,0.3738,0.0032,0.623
HEARTS FOUR DIAMONDS FIVE,0.623,0.0044,0.3726
HEARTS FIVE DIAMONDS FIVE,0.457,0.0126,0.5304
HEARTS ACE HEARTS EIGHT,0.374,0.0046,0.6214
CLUBS FOUR DIAMONDS FIVE,0.6284,0.0054,0.3662
CLUBS FIVE DIAMONDS FIVE,0.4632,0.0132,0.5236
CLUBS SIX DIAMONDS FIVE,0.6234,0.0078,0.3688
CLUBS SEVEN DIAMONDS FIVE,0.639,0.0076,0.3534
CLUBS TWO DIAMONDS FIVE,0.637,0.0082,0.3548
CLUBS THREE DIAMONDS FIVE,0.6324,0.0076,0.36
SPADES THREE DIAMONDS FIVE,0.6282,0.0078,0.364
SPADES TWO DIAMONDS FIVE,0.6454,0.0068,0.3478
SPADES JACK DIAMONDS EIGHT,0.631,0.0056,0.3634
SPADES FIVE DIAMONDS FIVE,0.4492,0.0112,0.5396
HEARTS JACK CLUBS TEN,0.5708,0.0062,0.423
SPADES TEN DIAMONDS EIGHT,0.6076,0.007,0.3854
SPADES FOUR DIAMONDS FIVE,0.6272,0.0096,0.3632
HEARTS JACK CLUBS JACK,0.3008,0.0076,0.6916
HEARTS JACK CLUBS QUEEN,0.5846,0.0044,0.411
CLUBS NINE DIAMONDS FIVE,0.7178,0.0358,0.2464
CLUBS EIGHT DIAMONDS FIVE,0.6568,0.0052,0.338
HEARTS JACK CLUBS ACE,0.3544,0.0034,0.6422
SPADES SEVEN DIAMONDS FIVE,0.6362,0.0072,0.3566
SPADES KING DIAMONDS EIGHT,0.5976,0.1636,0.2388
SPADES SIX DIAMONDS FIVE,0.6266,0.0056,0.3678
SPADES QUEEN DIAMONDS EIGHT,0.6292,0.0072,0.3636
SPADES EIGHT DIAMONDS FIVE,0.6332,0.0102,0.3566
SPADES ACE DIAMONDS EIGHT,0.41,0.0048,0.5852
DIAMONDS TEN DIAMONDS SIX,0.593,0.006,0.401
HEARTS ACE DIAMONDS SEVEN,0.4072,0.0032,0.5896
DIAMONDS JACK DIAMONDS SIX,0.6116,0.008,0.3804
HEARTS QUEEN DIAMONDS SEVEN,0.6474,0.0068,0.3458
HEARTS KING DIAMONDS SEVEN,0.5952,0.1676,0.2372
DIAMONDS ACE DIAMONDS SIX,0.3908,0.0036,0.6056
HEARTS FOUR DIAMONDS SIX,0.6258,0.0044,0.3698
HEARTS JACK SPADES TWO,0.6396,0.0064,0.354
HEARTS FIVE DIAMONDS SIX,0.6088,0.0056,0.3856
SPADES TWO HEARTS TEN,0.6568,0.0066,0.3366
DIAMONDS QUEEN DIAMONDS SIX,0.5984,0.0044,0.3972
HEARTS TWO DIAMONDS SIX,0.6638,0.0064,0.3298
DIAMONDS KING DIAMONDS SIX,0.5628,0.1512,0.286
HEARTS THREE DIAMONDS SIX,0.6346,0.0076,0.3578
HEARTS EIGHT DIAMONDS SIX,0.632,0.0032,0.3648
HEARTS NINE DIAMONDS SIX,0.7032,0.031,0.2658
HEARTS SIX DIAMONDS SIX,0.445,0.0144,0.5406
HEARTS SEVEN DIAMONDS SIX,0.625,0.0054,0.3696
HEARTS TEN DIAMONDS SEVEN,0.6118,0.0062,0.382
CLUBS TWO DIAMONDS SIX,0.6528,0.0056,0.3416
HEARTS JACK DIAMONDS SEVEN,0.6318,0.0068,0.3614
CLUBS THREE DIAMONDS SIX,0.6566,0.0054,0.338
DIAMONDS EIGHT CLUBS JACK,0.6218,0.0082,0.37
CLUBS SEVEN DIAMONDS SIX,0.6208,0.0064,0.3728
CLUBS SIX DIAMONDS SIX,0.444,0.0108,0.5452
DIAMONDS EIGHT CLUBS TEN,0.6134,0.007,0.3796
CLUBS FIVE DIAMONDS SIX,0.6146,0.0072,0.3782
CLUBS FOUR DIAMONDS SIX,0.6396,0.0088,0.3516
HEARTS ACE HEARTS JACK,0.3306,0.0046,0.6648
DIAMONDS EIGHT CLUBS ACE,0.3848,0.004,0.6112
HEARTS JACK HEARTS QUEEN,0.5404,0.0074,0.4522
CLUBS NINE DIAMONDS SIX,0.6986,0.0348,0.2666
HEARTS KING HEARTS JACK,0.222,0.082,0.696
DIAMONDS EIGHT CLUBS QUEEN,0.6466,0.0072,0.3462
CLUBS EIGHT DIAMONDS SIX,0.6382,0.0076,0.3542
SPADES TEN HEARTS KING,0.2232,0.1116,0.6652
SPADES FIVE DIAMONDS SIX,0.6098,0.0056,0.3846
HEARTS ACE SPADES TWO,0.4028,0.0046,0.5926
SPADES JACK HEARTS KING,0.2444,0.0808,0.6748
SPADES FOUR DIAMONDS SIX,0.6342,0.0068,0.359
SPADES THREE DIAMONDS SIX,0.6442,0.0062,0.3496
SPADES TWO HEARTS QUEEN,0.6538,0.008,0.3382
SPADES ACE SPADES KING,0.2246,0.0132,0.7622
HEARTS KING SPADES TWO,0.6094,0.173,0.2176
SPADES TWO DIAMONDS SIX,0.6676,0.0062,0.3262
HEARTS TEN HEARTS EIGHT,0.568,0.005,0.427
HEARTS JACK HEARTS EIGHT,0.5768,0.0082,0.415
SPADES EIGHT DIAMONDS SIX,0.6406,0.007,0.3524
SPADES SEVEN DIAMONDS SIX,0.6186,0.0092,0.3722
SPADES SIX DIAMONDS SIX,0.4474,0.0104,0.5422
SPADES KING HEARTS KING,0.0894,0.0106,0.9
SPADES QUEEN HEARTS KING,0.2354,0.0666,0.698
SPADES ACE HEARTS KING,0.213,0.0152,0.7718
SPADES ACE HEARTS JACK,0.3544,0.0028,0.6428
SPADES QUEEN HEARTS JACK,0.5674,0.004,0.4286
SPADES KING HEARTS JACK,0.2336,0.0802,0.6862
SPADES TEN DIAMONDS TEN,0.2974,0.0088,0.6938
SPADES JACK DIAMONDS TEN,0.5812,0.0082,0.4106
SPADES ACE DIAMONDS TEN,0.3474,0.0036,0.649
SPADES JACK HEARTS JACK,0.2846,0.0094,0.706
SPADES TEN HEARTS JACK,0.5682,0.0064,0.4254
SPADES QUEEN DIAMONDS TEN,0.566,0.0064,0.4276
SPADES KING DIAMONDS TEN,0.2222,0.1174,0.6604
SPADES EIGHT DIAMONDS SEVEN,0.6334,0.0066,0.36
SPADES SEVEN DIAMONDS SEVEN,0.4542,0.0102,0.5356
SPADES SIX DIAMONDS SEVEN,0.6148,0.0078,0.3774
DIAMONDS KING DIAMONDS SEVEN,0.5672,0.158,0.2748
HEARTS THREE DIAMONDS SEVEN,0.6448,0.0064,0.3488
HEARTS KING DIAMONDS FIVE,0.587,0.1676,0.2454
DIAMONDS QUEEN DIAMONDS SEVEN,0.5932,0.0068,0.4
HEARTS TWO DIAMONDS SEVEN,0.682,0.0068,0.3112
HEARTS QUEEN DIAMONDS FIVE,0.6366,0.0082,0.3552
HEARTS FIVE DIAMONDS SEVEN,0.6176,0.0072,0.3752
DIAMONDS ACE DIAMONDS SEVEN,0.3652,0.005,0.6298
HEARTS FOUR DIAMONDS SEVEN,0.6396,0.0064,0.354
HEARTS ACE DIAMONDS FIVE,0.4104,0.0034,0.5862
HEARTS SEVEN DIAMONDS SEVEN,0.4394,0.0108,0.5498
HEARTS SIX DIAMONDS SEVEN,0.6114,0.0046,0.384
HEARTS NINE DIAMONDS SEVEN,0.6956,0.0344,0.27
DIAMONDS SEVEN HEARTS EIGHT,0.6198,0.0048,0.3754
DIAMONDS JACK DIAMONDS SEVEN,0.5912,0.0058,0.403
HEARTS JACK DIAMONDS FIVE,0.6314,0.006,0.3626
DIAMONDS TEN DIAMONDS SEVEN,0.583,0.0074,0.4096
DIAMONDS FIVE HEARTS TEN,0.6454,0.005,0.3496
SPADES KING CLUBS TWO,0.6152,0.1598,0.225
CLUBS EIGHT DIAMONDS SEVEN,0.6188,0.0072,0.374
SPADES QUEEN CLUBS TWO,0.6576,0.0072,0.3352
HEARTS KING CLUBS QUEEN,0.2518,0.0638,0.6844
CLUBS NINE DIAMONDS SEVEN,0.7062,0.0308,0.263
SPADES TWO CLUBS JACK,0.6642,0.0058,0.33
SPADES ACE CLUBS TWO,0.4152,0.0062,0.5786
SPADES TWO CLUBS TEN,0.6544,0.0076,0.338
HEARTS KING CLUBS ACE,0.2276,0.0112,0.7612
CLUBS SIX CLUBS SEVEN,0.609,0.0074,0.3836
SPADES TWO DIAMONDS SEVEN,0.6844,0.007,0.3086
CLUBS EIGHT CLUBS SIX,0.6022,0.006,0.3918
SPADES THREE DIAMONDS SEVEN,0.6618,0.008,0.3302
SPADES TWO CLUBS QUEEN,0.6604,0.0068,0.3328
CLUBS NINE CLUBS SIX,0.677,0.0326,0.2904
SPADES FOUR DIAMONDS SEVEN,0.6548,0.008,0.3372
HEARTS KING CLUBS JACK,0.2454,0.0922,0.6624
SPADES FIVE DIAMONDS SEVEN,0.6362,0.0076,0.3562
SPADES TWO CLUBS ACE,0.3942,0.006,0.5998
HEARTS KING CLUBS TEN,0.2286,0.1244,0.647
CLUBS SIX SPADES TWO,0.6596,0.009,0.3314
CLUBS SIX SPADES THREE,0.6626,0.0062,0.3312
CLUBS TWO DIAMONDS SEVEN,0.6842,0.0078,0.308
CLUBS SIX SPADES FOUR,0.6502,0.008,0.3418
CLUBS THREE DIAMONDS SEVEN,0.658,0.0072,0.3348
CLUBS SIX SPADES FIVE,0.6256,0.0062,0.3682
CLUBS FOUR DIAMONDS SEVEN,0.6584,0.0102,0.3314
CLUBS SIX SPADES SIX,0.4584,0.0106,0.531
CLUBS FIVE DIAMONDS SEVEN,0.632,0.0054,0.3626
CLUBS SIX SPADES SEVEN,0.6344,0.0074,0.3582
CLUBS SIX DIAMONDS SEVEN,0.6138,0.0062,0.38
CLUBS SIX SPADES EIGHT,0.644,0.0108,0.3452
SPADES JACK CLUBS TWO,0.6386,0.0068,0.3546
SPADES TEN CLUBS TWO,0.6536,0.0076,0.3388
CLUBS SEVEN DIAMONDS SEVEN,0.4568,0.0074,0.5358
CLUBS TWO CLUBS QUEEN,0.618,0.0122,0.3698
CLUBS THREE DIAMONDS EIGHT,0.6804,0.008,0.3116
CLUBS TWO CLUBS ACE,0.3886,0.0052,0.6062
CLUBS TWO DIAMONDS EIGHT,0.676,0.0074,0.3166
DIAMONDS EIGHT HEARTS SEVEN,0.629,0.006,0.365
HEARTS SIX DIAMONDS EIGHT,0.6318,0.0088,0.3594
DIAMONDS EIGHT HEARTS NINE,0.6962,0.0318,0.272
CLUBS TWO CLUBS TEN,0.6066,0.0068,0.3866
DIAMONDS EIGHT HEARTS EIGHT,0.4358,0.0078,0.5564
CLUBS TWO CLUBS JACK,0.6172,0.0092,0.3736
CLUBS NINE DIAMONDS EIGHT,0.6996,0.0306,0.2698
CLUBS EIGHT DIAMONDS EIGHT,0.4374,0.0104,0.5522
CLUBS FIVE DIAMONDS EIGHT,0.64,0.0074,0.3526
SPADES ACE SPADES THREE,0.3786,0.0068,0.6146
CLUBS FOUR DIAMONDS EIGHT,0.6634,0.0062,0.3304
SPADES QUEEN SPADES THREE,0.614,0.005,0.381
CLUBS SEVEN DIAMONDS EIGHT,0.6238,0.0068,0.3694
CLUBS SIX DIAMONDS EIGHT,0.6332,0.0068,0.36
SPADES KING SPADES THREE,0.5808,0.155,0.2642
DIAMONDS QUEEN DIAMONDS EIGHT,0.5928,0.0056,0.4016
HEARTS TWO DIAMONDS EIGHT,0.6686,0.0054,0.326
DIAMONDS KING DIAMONDS EIGHT,0.5712,0.159,0.2698
HEARTS THREE DIAMONDS EIGHT,0.6676,0.0084,0.324
DIAMONDS ACE DIAMONDS EIGHT,0.382,0.004,0.614
HEARTS FOUR DIAMONDS EIGHT,0.6626,0.008,0.3294
HEARTS FIVE DIAMONDS EIGHT,0.635,0.0068,0.3582
DIAMONDS EIGHT DIAMONDS TEN,0.5742,0.0056,0.4202
DIAMONDS EIGHT DIAMONDS JACK,0.588,0.004,0.408
SPADES JACK SPADES THREE,0.6112,0.0062,0.3826
SPADES TEN SPADES THREE,0.6084,0.0064,0.3852
CLUBS FOUR HEARTS ACE,0.4128,0.0044,0.5828
CLUBS FOUR HEARTS QUEEN,0.6456,0.0062,0.3482
CLUBS FOUR HEARTS KING,0.5898,0.1768,0.2334
CLUBS SIX HEARTS TEN,0.6534,0.0058,0.3408
CLUBS SIX HEARTS JACK,0.6482,0.0072,0.3446
SPADES FOUR DIAMONDS EIGHT,0.6696,0.0076,0.3228
SPADES FIVE DIAMONDS EIGHT,0.6462,0.0068,0.347
DIAMONDS EIGHT SPADES TWO,0.6808,0.0074,0.3118
DIAMONDS EIGHT SPADES THREE,0.6806,0.0092,0.3102
CLUBS FOUR HEARTS JACK,0.635,0.0058,0.3592
SPADES EIGHT DIAMONDS EIGHT,0.4502,0.0078,0.542
SPADES TEN DIAMONDS QUEEN,0.5666,0.0062,0.4272
SPADES TEN HEARTS TWO,0.639,0.0086,0.3524
SPADES JACK HEARTS EIGHT,0.6112,0.008,0.3808
CLUBS FOUR HEARTS TEN,0.6364,0.0068,0.3568
SPADES TEN HEARTS EIGHT,0.5892,0.0066,0.4042
SPADES JACK HEARTS TWO,0.6354,0.0048,0.3598
SPADES JACK DIAMONDS QUEEN,0.5712,0.0066,0.4222
SPADES SIX DIAMONDS EIGHT,0.643,0.0064,0.3506
SPADES SEVEN DIAMONDS EIGHT,0.6292,0.0058,0.365
SPADES ACE HEARTS TWO,0.3978,0.006,0.5962
SPADES ACE DIAMONDS QUEEN,0.365,0.0032,0.6318
SPADES ACE HEARTS EIGHT,0.3986,0.0028,0.5986
SPADES KING HEARTS EIGHT,0.6092,0.1672,0.2236
SPADES QUEEN HEARTS TWO,0.6388,0.0074,0.3538
SPADES QUEEN DIAMONDS QUEEN,0.2822,0.0042,0.7136
SPADES KING DIAMONDS QUEEN,0.2344,0.0622,0.7034
SPADES KING HEARTS TWO,0.6014,0.1688,0.2298
SPADES QUEEN HEARTS EIGHT,0.6334,0.007,0.3596
CLUBS TWO HEARTS TEN,0.6468,0.0052,0.348
CLUBS TWO HEARTS JACK,0.6598,0.007,0.3332
SPADES SEVEN DIAMONDS NINE,0.704,0.038,0.258
SPADES SIX DIAMONDS NINE,0.7078,0.0356,0.2566
SPADES EIGHT DIAMONDS NINE,0.7082,0.032,0.2598
DIAMONDS NINE SPADES THREE,0.7296,0.0382,0.2322
DIAMONDS NINE SPADES TWO,0.7534,0.0328,0.2138
SPADES FIVE DIAMONDS NINE,0.721,0.0366,0.2424
DIAMONDS NINE SPADES FOUR,0.7228,0.0354,0.2418
CLUBS NINE DIAMONDS NINE,0.3152,0.0242,0.6606
CLUBS EIGHT DIAMONDS NINE,0.706,0.0328,0.2612
CLUBS SIX DIAMONDS NINE,0.7142,0.0296,0.2562
SPADES JACK CLUBS FOUR,0.6394,0.0092,0.3514
SPADES TEN CLUBS FOUR,0.6362,0.0078,0.356
CLUBS SEVEN DIAMONDS NINE,0.7004,0.0322,0.2674
CLUBS FOUR DIAMONDS NINE,0.7358,0.0348,0.2294
CLUBS FIVE DIAMONDS NINE,0.7242,0.0346,0.2412
CLUBS TWO DIAMONDS NINE,0.739,0.0362,0.2248
CLUBS THREE DIAMONDS NINE,0.7374,0.0398,0.2228
DIAMONDS NINE HEARTS EIGHT,0.6998,0.0306,0.2696
DIAMONDS NINE HEARTS NINE,0.3198,0.0206,0.6596
HEARTS SIX DIAMONDS NINE,0.6994,0.0338,0.2668
DIAMONDS NINE HEARTS SEVEN,0.6968,0.0356,0.2676
CLUBS EIGHT CLUBS NINE,0.6754,0.0336,0.291
DIAMONDS ACE DIAMONDS NINE,0.2276,0.022,0.7504
HEARTS FOUR DIAMONDS NINE,0.7226,0.0342,0.2432
HEARTS FIVE DIAMONDS NINE,0.7224,0.035,0.2426
CLUBS TWO HEARTS ACE,0.4044,0.0068,0.5888
SPADES ACE CLUBS FOUR,0.4166,0.0058,0.5776
DIAMONDS QUEEN DIAMONDS NINE,0.6776,0.034,0.2884
HEARTS TWO DIAMONDS NINE,0.7288,0.037,0.2342
CLUBS TWO HEARTS KING,0.6064,0.1678,0.2258
SPADES KING CLUBS FOUR,0.6088,0.165,0.2262
DIAMONDS KING DIAMONDS NINE,0.0204,0.9018,0.0778
HEARTS THREE DIAMONDS NINE,0.718,0.034,0.248
CLUBS TWO HEARTS QUEEN,0.6422,0.0062,0.3516
SPADES QUEEN CLUBS FOUR,0.6376,0.0086,0.3538
DIAMONDS NINE DIAMONDS JACK,0.669,0.026,0.305
DIAMONDS NINE DIAMONDS TEN,0.6392,0.0266,0.3342
CLUBS EIGHT SPADES EIGHT,0.448,0.013,0.539
CLUBS EIGHT SPADES SEVEN,0.6276,0.008,0.3644
CLUBS EIGHT SPADES SIX,0.629,0.0094,0.3616
CLUBS EIGHT SPADES FIVE,0.651,0.006,0.343
CLUBS EIGHT SPADES FOUR,0.6734,0.0078,0.3188
CLUBS EIGHT SPADES THREE,0.682,0.0066,0.3114
CLUBS EIGHT SPADES TWO,0.6722,0.0126,0.3152
HEARTS SIX DIAMONDS TEN,0.6274,0.0068,0.3658
DIAMONDS TEN HEARTS SEVEN,0.6244,0.0044,0.3712
DIAMONDS TEN HEARTS EIGHT,0.6116,0.0048,0.3836
CLUBS FOUR CLUBS JACK,0.618,0.0086,0.3734
DIAMONDS TEN HEARTS NINE,0.6882,0.025,0.2868
CLUBS FOUR CLUBS TEN,0.6002,0.009,0.3908
CLUBS FOUR CLUBS QUEEN,0.6192,0.0066,0.3742
CLUBS TWO DIAMONDS TEN,0.6486,0.0076,0.3438
CLUBS THREE DIAMONDS TEN,0.6464,0.008,0.3456
CLUBS FOUR CLUBS ACE,0.3852,0.0052,0.6096
DIAMONDS JACK DIAMONDS TEN,0.5346,0.0048,0.4606
DIAMONDS QUEEN DIAMONDS TEN,0.5474,0.007,0.4456
HEARTS TWO DIAMONDS TEN,0.6428,0.0068,0.3504
DIAMONDS KING DIAMONDS TEN,0.2208,0.1074,0.6718
HEARTS THREE DIAMONDS TEN,0.6402,0.0054,0.3544
DIAMONDS ACE DIAMONDS TEN,0.3274,0.0048,0.6678
HEARTS FOUR DIAMONDS TEN,0.6476,0.0046,0.3478
CLUBS EIGHT HEARTS JACK,0.6112,0.006,0.3828
HEARTS FIVE DIAMONDS TEN,0.6494,0.0088,0.3418
CLUBS EIGHT HEARTS TEN,0.615,0.0094,0.3756
CLUBS EIGHT HEARTS QUEEN,0.6366,0.0082,0.3552
CLUBS EIGHT HEARTS KING,0.6082,0.169,0.2228
CLUBS EIGHT HEARTS ACE,0.4036,0.0038,0.5926
CLUBS NINE SPADES THREE,0.7542,0.0328,0.213
CLUBS NINE SPADES TWO,0.7484,0.0378,0.2138
CLUBS NINE SPADES FIVE,0.7238,0.0382,0.238
CLUBS NINE SPADES FOUR,0.75,0.0374,0.2126
CLUBS NINE SPADES SEVEN,0.7096,0.0342,0.2562
CLUBS NINE SPADES SIX,0.7148,0.0346,0.2506
CLUBS TEN HEARTS EIGHT,0.624,0.0072,0.3688
CLUBS NINE SPADES EIGHT,0.7102,0.0358,0.254
CLUBS JACK HEARTS EIGHT,0.6172,0.0058,0.377
CLUBS QUEEN HEARTS EIGHT,0.6286,0.0088,0.3626
CLUBS ACE HEARTS EIGHT,0.409,0.0042,0.5868
DIAMONDS ACE HEARTS TEN,0.3594,0.0036,0.637
HEARTS FOUR HEARTS TEN,0.5898,0.0064,0.4038
DIAMONDS ACE HEARTS JACK,0.357,0.0028,0.6402
HEARTS FOUR HEARTS JACK,0.6132,0.007,0.3798
SPADES KING CLUBS FIVE,0.5904,0.171,0.2386
SPADES QUEEN CLUBS FIVE,0.628,0.008,0.364
SPADES ACE CLUBS FIVE,0.4032,0.0052,0.5916
DIAMONDS JACK HEARTS SEVEN,0.6398,0.0074,0.3528
HEARTS SIX DIAMONDS JACK,0.6434,0.006,0.3506
DIAMONDS JACK HEARTS NINE,0.6916,0.0256,0.2828
DIAMONDS JACK HEARTS EIGHT,0.6206,0.006,0.3734
DIAMONDS KING DIAMONDS JACK,0.2238,0.0894,0.6868
HEARTS THREE DIAMONDS JACK,0.6378,0.0048,0.3574
SPADES ACE SPADES SIX,0.3842,0.007,0.6088
SPADES FOUR HEARTS ACE,0.4006,0.0042,0.5952
DIAMONDS QUEEN DIAMONDS JACK,0.5438,0.0062,0.45
HEARTS TWO DIAMONDS JACK,0.653,0.0064,0.3406
HEARTS FIVE DIAMONDS JACK,0.6394,0.0058,0.3548
SPADES QUEEN SPADES SIX,0.599,0.0074,0.3936
SPADES FOUR HEARTS QUEEN,0.6454,0.0072,0.3474
DIAMONDS ACE DIAMONDS JACK,0.3426,0.0022,0.6552
HEARTS FOUR DIAMONDS JACK,0.636,0.0062,0.3578
SPADES KING SPADES SIX,0.5734,0.1568,0.2698
HEARTS KING SPADES FOUR,0.6016,0.1634,0.235
SPADES TEN SPADES SIX,0.599,0.007,0.394
SPADES JACK SPADES SIX,0.6132,0.0058,0.381
SPADES FOUR DIAMONDS JACK,0.6294,0.0078,0.3628
SPADES FIVE DIAMONDS JACK,0.6364,0.0076,0.356
DIAMONDS JACK SPADES TWO,0.6536,0.0072,0.3392
SPADES THREE DIAMONDS JACK,0.6534,0.0062,0.3404
SPADES ACE DIAMONDS THREE,0.4126,0.0044,0.583
SPADES QUEEN DIAMONDS THREE,0.6322,0.0062,0.3616
CLUBS EIGHT DIAMONDS JACK,0.6262,0.0076,0.3662
SPADES KING DIAMONDS THREE,0.5956,0.1652,0.2392
CLUBS NINE DIAMONDS JACK,0.7118,0.0272,0.261
CLUBS SIX DIAMONDS JACK,0.6538,0.005,0.3412
CLUBS SEVEN DIAMONDS JACK,0.637,0.006,0.357
CLUBS FOUR DIAMONDS JACK,0.645,0.008,0.347
CLUBS FIVE DIAMONDS JACK,0.6542,0.0098,0.336
CLUBS TWO DIAMONDS JACK,0.6492,0.0062,0.3446
CLUBS THREE DIAMONDS JACK,0.6568,0.0072,0.336
SPADES TEN CLUBS FIVE,0.6472,0.0056,0.3472
HEARTS SIX SPADES JACK,0.6378,0.0062,0.356
HEARTS SIX SPADES TEN,0.6222,0.0074,0.3704
SPADES JACK CLUBS FIVE,0.6392,0.0084,0.3524
SPADES JACK DIAMONDS THREE,0.6298,0.0078,0.3624
CLUBS SEVEN CLUBS ACE,0.3752,0.005,0.6198
DIAMONDS THREE SPADES TEN,0.636,0.006,0.358
CLUBS SEVEN CLUBS QUEEN,0.6202,0.0082,0.3716
CLUBS SEVEN CLUBS TEN,0.5924,0.007,0.4006
DIAMONDS ACE HEARTS ACE,0.1308,0.0034,0.8658
HEARTS FOUR HEARTS ACE,0.3702,0.003,0.6268
SPADES EIGHT DIAMONDS JACK,0.63,0.0066,0.3634
SPADES ACE HEARTS SIX,0.3974,0.0032,0.5994
CLUBS SEVEN CLUBS JACK,0.6006,0.0076,0.3918
DIAMONDS ACE HEARTS KING,0.2296,0.0114,0.759
HEARTS FOUR HEARTS KING,0.5696,0.1578,0.2726
SPADES SEVEN DIAMONDS JACK,0.635,0.0068,0.3582
SPADES KING HEARTS SIX,0.592,0.1718,0.2362
DIAMONDS ACE HEARTS QUEEN,0.3608,0.0042,0.635
HEARTS FOUR HEARTS QUEEN,0.6092,0.0074,0.3834
SPADES SIX DIAMONDS JACK,0.6404,0.007,0.3526
SPADES QUEEN HEARTS SIX,0.625,0.0064,0.3686
SPADES TWO DIAMONDS TEN,0.6574,0.0072,0.3354
SPADES THREE DIAMONDS TEN,0.6426,0.0072,0.3502
SPADES FOUR DIAMONDS TEN,0.6346,0.0074,0.358
SPADES FIVE DIAMONDS TEN,0.6432,0.007,0.3498
SPADES SIX DIAMONDS TEN,0.6302,0.0046,0.3652
SPADES SEVEN DIAMONDS TEN,0.6252,0.0058,0.369
SPADES EIGHT DIAMONDS TEN,0.613,0.0092,0.3778
CLUBS FOUR DIAMONDS TEN,0.6476,0.0076,0.3448
CLUBS FIVE DIAMONDS TEN,0.6462,0.0076,0.3462
CLUBS SIX DIAMONDS TEN,0.6424,0.0068,0.3508
CLUBS SEVEN DIAMONDS TEN,0.6164,0.0074,0.3762
CLUBS EIGHT DIAMONDS TEN,0.6164,0.0082,0.3754
CLUBS NINE DIAMONDS TEN,0.6994,0.0256,0.275
DIAMONDS THREE CLUBS JACK,0.6368,0.0086,0.3546
DIAMONDS THREE CLUBS TEN,0.6382,0.0052,0.3566
DIAMONDS THREE CLUBS QUEEN,0.6508,0.0094,0.3398
DIAMONDS THREE CLUBS ACE,0.4112,0.0052,0.5836
SPADES FOUR HEARTS JACK,0.652,0.005,0.343
SPADES FOUR HEARTS TEN,0.6482,0.0058,0.346
SPADES FIVE SPADES TWO,0.6204,0.0082,0.3714
SPADES FOUR SPADES TWO,0.6212,0.0094,0.3694
SPADES THREE SPADES TWO,0.6248,0.0074,0.3678
SPADES EIGHT SPADES TWO,0.6448,0.0078,0.3474
SPADES SEVEN SPADES TWO,0.6528,0.0054,0.3418
SPADES SIX SPADES TWO,0.6356,0.0068,0.3576
DIAMONDS QUEEN CLUBS THREE,0.6516,0.0048,0.3436
HEARTS TWO CLUBS THREE,0.648,0.0088,0.3432
DIAMONDS QUEEN CLUBS TWO,0.6454,0.007,0.3476
CLUBS TWO HEARTS TWO,0.471,0.0118,0.5172
DIAMONDS QUEEN HEARTS SEVEN,0.6458,0.0074,0.3468
HEARTS TWO HEARTS SEVEN,0.6398,0.006,0.3542
HEARTS SIX DIAMONDS QUEEN,0.6264,0.006,0.3676
HEARTS SIX HEARTS TWO,0.6252,0.0072,0.3676
DIAMONDS QUEEN HEARTS NINE,0.7218,0.0288,0.2494
HEARTS TWO HEARTS NINE,0.694,0.0322,0.2738
DIAMONDS QUEEN HEARTS EIGHT,0.6342,0.007,0.3588
HEARTS TWO HEARTS EIGHT,0.6266,0.0086,0.3648
CLUBS NINE HEARTS TWO,0.7408,0.0346,0.2246
CLUBS NINE DIAMONDS QUEEN,0.7122,0.0294,0.2584
CLUBS EIGHT HEARTS TWO,0.6774,0.0072,0.3154
CLUBS EIGHT DIAMONDS QUEEN,0.6432,0.0068,0.35
CLUBS FIVE DIAMONDS QUEEN,0.6318,0.0068,0.3614
CLUBS FIVE HEARTS TWO,0.6438,0.0098,0.3464
SPADES EIGHT HEARTS ACE,0.4048,0.0056,0.5896
CLUBS FOUR DIAMONDS QUEEN,0.6446,0.0082,0.3472
CLUBS FOUR HEARTS TWO,0.6484,0.0076,0.344
SPADES EIGHT HEARTS QUEEN,0.6344,0.005,0.3606
CLUBS SEVEN HEARTS TWO,0.6688,0.0088,0.3224
CLUBS SEVEN DIAMONDS QUEEN,0.6444,0.006,0.3496
CLUBS SIX DIAMONDS QUEEN,0.639,0.006,0.355
CLUBS SIX HEARTS TWO,0.6552,0.0082,0.3366
SPADES EIGHT HEARTS KING,0.6086,0.1718,0.2196
DIAMONDS QUEEN SPADES SIX,0.6392,0.0086,0.3522
HEARTS TWO SPADES SIX,0.6564,0.0082,0.3354
HEARTS FOUR CLUBS QUEEN,0.6296,0.0076,0.3628
DIAMONDS ACE CLUBS QUEEN,0.3546,0.0052,0.6402
DIAMONDS QUEEN SPADES SEVEN,0.65,0.0068,0.3432
SPADES SEVEN HEARTS TWO,0.6838,0.0092,0.307
SPADES EIGHT DIAMONDS QUEEN,0.644,0.0064,0.3496
SPADES EIGHT HEARTS TWO,0.6772,0.0076,0.3152
HEARTS FOUR CLUBS ACE,0.405,0.0038,0.5912
DIAMONDS ACE CLUBS ACE,0.128,0.0044,0.8676
HEARTS TWO SPADES TWO,0.457,0.014,0.529
DIAMONDS QUEEN SPADES TWO,0.6498,0.0064,0.3438
HEARTS TWO SPADES THREE,0.6438,0.0108,0.3454
DIAMONDS QUEEN SPADES THREE,0.6506,0.005,0.3444
HEARTS TWO SPADES FOUR,0.6576,0.0082,0.3342
DIAMONDS QUEEN SPADES FOUR,0.6444,0.0092,0.3464
HEARTS FOUR CLUBS TEN,0.6464,0.0072,0.3464
DIAMONDS ACE CLUBS TEN,0.3476,0.005,0.6474
HEARTS TWO SPADES FIVE,0.634,0.0102,0.3558
DIAMONDS QUEEN SPADES FIVE,0.6452,0.0072,0.3476
HEARTS FOUR CLUBS JACK,0.6484,0.0082,0.3434
DIAMONDS ACE CLUBS JACK,0.3602,0.005,0.6348
CLUBS FIVE CLUBS QUEEN,0.6046,0.0066,0.3888
CLUBS FIVE CLUBS ACE,0.3812,0.0052,0.6136
CLUBS FIVE CLUBS JACK,0.6084,0.007,0.3846
CLUBS FIVE CLUBS TEN,0.6012,0.01,0.3888
SPADES KING CLUBS JACK,0.2408,0.0778,0.6814
SPADES QUEEN CLUBS JACK,0.5732,0.0076,0.4192
SPADES ACE CLUBS JACK,0.3588,0.005,0.6362
SPADES SIX CLUBS QUEEN,0.645,0.0054,0.3496
SPADES EIGHT HEARTS JACK,0.6334,0.007,0.3596
SPADES SIX CLUBS ACE,0.4126,0.006,0.5814
SPADES EIGHT HEARTS TEN,0.6124,0.0078,0.3798
SPADES SIX CLUBS JACK,0.6576,0.0102,0.3322
SPADES SIX CLUBS TEN,0.6414,0.007,0.3516
SPADES TEN CLUBS JACK,0.5684,0.007,0.4246
SPADES JACK CLUBS JACK,0.282,0.0064,0.7116
SPADES QUEEN CLUBS SEVEN,0.65,0.007,0.343
SPADES KING CLUBS SEVEN,0.5968,0.1676,0.2356
SPADES ACE CLUBS SEVEN,0.3946,0.0036,0.6018
SPADES SIX HEARTS TEN,0.6414,0.0076,0.351
SPADES SIX HEARTS JACK,0.6366,0.0052,0.3582
SPADES SIX HEARTS ACE,0.407,0.0044,0.5886
SPADES SIX HEARTS KING,0.594,0.182,0.224
SPADES SIX HEARTS QUEEN,0.6386,0.0074,0.354
SPADES JACK CLUBS SEVEN,0.6268,0.007,0.3662
CLUBS SEVEN SPADES TEN,0.6234,0.007,0.3696
HEARTS SIX CLUBS TEN,0.6276,0.0096,0.3628
HEARTS SIX CLUBS JACK,0.6504,0.0094,0.3402
CLUBS ACE CLUBS JACK,0.3508,0.0064,0.6428
HEARTS SIX CLUBS QUEEN,0.6418,0.0064,0.3518
HEARTS SIX CLUBS ACE,0.4036,0.0054,0.591
CLUBS QUEEN CLUBS JACK,0.555,0.0092,0.4358
DIAMONDS THREE HEARTS ACE,0.4082,0.005,0.5868
DIAMONDS THREE HEARTS QUEEN,0.6386,0.0056,0.3558
DIAMONDS THREE HEARTS KING,0.5976,0.1596,0.2428
CLUBS FIVE HEARTS JACK,0.6374,0.008,0.3546
SPADES TEN DIAMONDS ACE,0.3596,0.005,0.6354
HEARTS FOUR SPADES TEN,0.641,0.0086,0.3504
CLUBS FIVE HEARTS TEN,0.6436,0.0078,0.3486
HEARTS FOUR SPADES JACK,0.6336,0.0068,0.3596
SPADES JACK DIAMONDS ACE,0.351,0.0048,0.6442
SPADES ACE HEARTS FOUR,0.3962,0.0046,0.5992
SPADES ACE DIAMONDS ACE,0.1292,0.0048,0.866
CLUBS FIVE HEARTS ACE,0.4048,0.0054,0.5898
CLUBS FIVE HEARTS KING,0.596,0.1714,0.2326
HEARTS FOUR SPADES QUEEN,0.6242,0.0064,0.3694
SPADES QUEEN DIAMONDS ACE,0.3624,0.0048,0.6328
SPADES FOUR CLUBS JACK,0.6428,0.0078,0.3494
CLUBS FIVE HEARTS QUEEN,0.6394,0.0066,0.354
SPADES KING DIAMONDS ACE,0.2316,0.0114,0.757
HEARTS FOUR SPADES KING,0.5988,0.1686,0.2326
SPADES FOUR CLUBS TEN,0.6432,0.0094,0.3474
DIAMONDS QUEEN DIAMONDS ACE,0.3416,0.0038,0.6546
HEARTS TWO DIAMONDS ACE,0.4124,0.0064,0.5812
HEARTS FOUR DIAMONDS QUEEN,0.6348,0.0052,0.36
HEARTS FOUR HEARTS TWO,0.6072,0.0108,0.382
DIAMONDS THREE HEARTS TEN,0.632,0.0046,0.3634
HEARTS FIVE DIAMONDS QUEEN,0.6432,0.0064,0.3504
HEARTS FIVE HEARTS TWO,0.6058,0.008,0.3862
DIAMONDS THREE HEARTS JACK,0.6476,0.007,0.3454
SPADES FOUR CLUBS QUEEN,0.6396,0.008,0.3524
DIAMONDS QUEEN HEARTS TWO,0.6474,0.0074,0.3452
DIAMONDS KING DIAMONDS QUEEN,0.2324,0.0526,0.715
DIAMONDS KING HEARTS TWO,0.6086,0.1674,0.224
HEARTS THREE DIAMONDS QUEEN,0.6398,0.0058,0.3544
HEARTS THREE HEARTS TWO,0.5996,0.0094,0.391
SPADES FOUR CLUBS ACE,0.427,0.0042,0.5688
HEARTS TWO CLUBS ACE,0.4058,0.0062,0.588
DIAMONDS QUEEN CLUBS ACE,0.3472,0.0052,0.6476
HEARTS TWO CLUBS QUEEN,0.6352,0.0074,0.3574
DIAMONDS QUEEN CLUBS QUEEN,0.296,0.0044,0.6996
SPADES EIGHT SPADES FIVE,0.6184,0.0072,0.3744
HEARTS TWO CLUBS TEN,0.6554,0.007,0.3376
DIAMONDS QUEEN CLUBS TEN,0.5832,0.0074,0.4094
HEARTS TWO CLUBS JACK,0.6432,0.008,0.3488
DIAMONDS QUEEN CLUBS JACK,0.5836,0.0078,0.4086
SPADES SIX SPADES FIVE,0.5884,0.0086,0.403
SPADES SEVEN SPADES FIVE,0.6092,0.008,0.3828
DIAMONDS FIVE CLUBS QUEEN,0.6422,0.0058,0.352
SPADES EIGHT CLUBS ACE,0.404,0.0044,0.5916
CLUBS ACE DIAMONDS FIVE,0.3918,0.0062,0.602
SPADES EIGHT CLUBS QUEEN,0.6374,0.0046,0.358
SPADES EIGHT CLUBS JACK,0.6316,0.0052,0.3632
SPADES EIGHT CLUBS TEN,0.6226,0.0058,0.3716
DIAMONDS FIVE CLUBS TEN,0.652,0.0078,0.3402
DIAMONDS FIVE CLUBS JACK,0.6266,0.006,0.3674
HEARTS JACK DIAMONDS TEN,0.5824,0.0062,0.4114
DIAMONDS TEN HEARTS TEN,0.2982,0.006,0.6958
SPADES ACE CLUBS NINE,0.2482,0.0218,0.73
CLUBS NINE SPADES QUEEN,0.7288,0.0312,0.24
SPADES KING CLUBS NINE,0.0054,0.9862,0.0084
HEARTS SIX HEARTS KING,0.5584,0.1578,0.2838
DIAMONDS KING SPADES SEVEN,0.6192,0.1622,0.2186
HEARTS THREE SPADES SEVEN,0.6606,0.008,0.3314
SPADES KING DIAMONDS SEVEN,0.5928,0.1736,0.2336
HEARTS SIX HEARTS QUEEN,0.5952,0.0054,0.3994
DIAMONDS KING SPADES SIX,0.622,0.1476,0.2304
HEARTS THREE SPADES SIX,0.6572,0.006,0.3368
SPADES QUEEN DIAMONDS SEVEN,0.6482,0.0058,0.346
HEARTS SIX HEARTS ACE,0.3832,0.0026,0.6142
DIAMONDS KING SPADES EIGHT,0.6054,0.1642,0.2304
HEARTS THREE SPADES EIGHT,0.6704,0.0056,0.324
SPADES ACE DIAMONDS SEVEN,0.4008,0.0056,0.5936
CLUBS NINE HEARTS THREE,0.7382,0.0328,0.229
CLUBS NINE DIAMONDS KING,0.0202,0.9676,0.0122
CLUBS EIGHT HEARTS THREE,0.679,0.0082,0.3128
CLUBS EIGHT DIAMONDS KING,0.6196,0.1652,0.2152
HEARTS THREE SPADES THREE,0.4618,0.0116,0.5266
DIAMONDS KING SPADES THREE,0.5996,0.1688,0.2316
HEARTS THREE SPADES TWO,0.6432,0.0106,0.3462
DIAMONDS KING SPADES TWO,0.6176,0.1718,0.2106
HEARTS THREE SPADES FIVE,0.6364,0.0074,0.3562
