opposingHand,winningChance,drawChance,lostChance
SPADES ACE DIAMONDS SIX
HEARTS FIVE SPADES TEN,0.6358,0.005,0.3592
HEARTS FIVE SPADES JACK,0.6326,0.0054,0.362
SPADES FIVE CLUBS JACK,0.6322,0.0034,0.3644
CLUBS TEN SPADES FIVE,0.6418,0.0044,0.3538
CLUBS EIGHT CLUBS JACK,0.5562,0.0026,0.4412
CLUBS TEN CLUBS EIGHT,0.5384,0.003,0.4586
CLUBS EIGHT CLUBS KING,0.5746,0.0042,0.4212
SPADES FIVE CLUBS ACE,0.3726,0.3954,0.232
CLUBS EIGHT CLUBS QUEEN,0.5496,0.0042,0.4462
SPADES FIVE CLUBS KING,0.6344,0.0052,0.3604
SPADES FIVE CLUBS QUEEN,0.6342,0.0038,0.362
CLUBS EIGHT CLUBS ACE,0.2096,0.2204,0.57
DIAMONDS TWO DIAMONDS THREE,0.6238,0.0064,0.3698
DIAMONDS TWO DIAMONDS FIVE,0.6214,0.0058,0.3728
SPADES KING HEARTS FIVE,0.6328,0.0042,0.363
DIAMONDS TWO DIAMONDS FOUR,0.63,0.005,0.365
HEARTS FIVE SPADES QUEEN,0.6416,0.0042,0.3542
DIAMONDS TWO DIAMONDS SEVEN,0.6178,0.0058,0.3764
DIAMONDS TWO DIAMONDS NINE,0.6106,0.005,0.3844
DIAMONDS TWO DIAMONDS EIGHT,0.6166,0.0054,0.378
DIAMONDS THREE DIAMONDS FOUR,0.5964,0.006,0.3976
SPADES FOUR CLUBS TWO,0.6544,0.0046,0.341
DIAMONDS THREE DIAMONDS FIVE,0.614,0.0054,0.3806
SPADES FIVE CLUBS TWO,0.6416,0.0048,0.3536
CLUBS TWO SPADES TWO,0.4646,0.006,0.5294
CLUBS TWO SPADES THREE,0.6622,0.005,0.3328
DIAMONDS THREE DIAMONDS EIGHT,0.6134,0.0048,0.3818
SPADES EIGHT CLUBS TWO,0.6476,0.0054,0.347
DIAMONDS THREE DIAMONDS NINE,0.6064,0.0054,0.3882
SPADES NINE CLUBS TWO,0.6496,0.0036,0.3468
SPADES SIX CLUBS TWO,0.7356,0.0344,0.23
DIAMONDS THREE DIAMONDS SEVEN,0.6006,0.0056,0.3938
SPADES SEVEN CLUBS TWO,0.649,0.0064,0.3446
CLUBS SIX CLUBS TWO,0.6964,0.0262,0.2774
CLUBS SEVEN CLUBS TWO,0.603,0.0032,0.3938
CLUBS FOUR CLUBS TWO,0.6254,0.006,0.3686
CLUBS FIVE CLUBS TWO,0.6026,0.0034,0.394
CLUBS TEN CLUBS JACK,0.5046,0.0048,0.4906
CLUBS TEN CLUBS QUEEN,0.5198,0.0036,0.4766
DIAMONDS FOUR DIAMONDS SEVEN,0.5978,0.0062,0.396
CLUBS TEN CLUBS KING,0.5356,0.0054,0.459
CLUBS TEN CLUBS ACE,0.217,0.1148,0.6682
CLUBS EIGHT CLUBS TWO,0.596,0.0032,0.4008
DIAMONDS FIVE DIAMONDS FOUR,0.5884,0.006,0.4056
CLUBS NINE CLUBS TWO,0.6056,0.0038,0.3906
DIAMONDS NINE DIAMONDS FOUR,0.605,0.0046,0.3904
DIAMONDS FOUR DIAMONDS EIGHT,0.5874,0.0044,0.4082
CLUBS THREE CLUBS TWO,0.6004,0.0044,0.3952
DIAMONDS NINE DIAMONDS FIVE,0.605,0.0066,0.3884
DIAMONDS TWO CLUBS JACK,0.6476,0.0044,0.348
DIAMONDS FIVE DIAMONDS EIGHT,0.5726,0.0052,0.4222
CLUBS TEN DIAMONDS TWO,0.6462,0.005,0.3488
DIAMONDS FIVE DIAMONDS SEVEN,0.5694,0.0046,0.426
DIAMONDS TWO CLUBS ACE,0.383,0.38,0.237
DIAMONDS TWO CLUBS KING,0.634,0.0056,0.3604
DIAMONDS TWO CLUBS QUEEN,0.6382,0.0044,0.3574
HEARTS ACE SPADES THREE,0.388,0.3746,0.2374
SPADES THREE HEARTS KING,0.6444,0.0042,0.3514
SPADES THREE HEARTS QUEEN,0.6426,0.0034,0.354
SPADES THREE HEARTS JACK,0.6282,0.0048,0.367
SPADES THREE HEARTS TEN,0.6394,0.0056,0.355
DIAMONDS EIGHT DIAMONDS SEVEN,0.5362,0.0044,0.4594
DIAMONDS NINE DIAMONDS SEVEN,0.5604,0.0044,0.4352
DIAMONDS NINE DIAMONDS EIGHT,0.5292,0.0056,0.4652
DIAMONDS KING HEARTS TEN,0.577,0.0032,0.4198
HEARTS THREE HEARTS TEN,0.5908,0.0054,0.4038
SPADES JACK CLUBS SIX,0.7448,0.0264,0.2288
DIAMONDS KING HEARTS JACK,0.5716,0.0048,0.4236
HEARTS THREE HEARTS JACK,0.5786,0.0042,0.4172
SPADES TEN CLUBS SIX,0.7102,0.023,0.2668
SPADES JACK SPADES FIVE,0.614,0.0042,0.3818
SPADES TEN SPADES FIVE,0.6096,0.0054,0.385
DIAMONDS KING HEARTS ACE,0.2312,0.0416,0.7272
HEARTS THREE HEARTS ACE,0.3424,0.3634,0.2942
DIAMONDS KING HEARTS QUEEN,0.5746,0.0024,0.423
HEARTS THREE HEARTS QUEEN,0.5936,0.0038,0.4026
SPADES KING CLUBS SIX,0.7466,0.0336,0.2198
DIAMONDS KING HEARTS KING,0.2614,0.004,0.7346
HEARTS THREE HEARTS KING,0.595,0.0046,0.4004
SPADES QUEEN CLUBS SIX,0.737,0.0262,0.2368
SPADES NINE HEARTS TEN,0.5518,0.0046,0.4436
SPADES NINE HEARTS JACK,0.5564,0.0048,0.4388
SPADES QUEEN SPADES FIVE,0.6108,0.0058,0.3834
SPADES KING SPADES FIVE,0.6078,0.0062,0.386
SPADES NINE HEARTS QUEEN,0.5742,0.0032,0.4226
SPADES NINE HEARTS KING,0.5934,0.0046,0.402
SPADES NINE HEARTS ACE,0.2362,0.165,0.5988
CLUBS TEN SPADES JACK,0.543,0.0034,0.4536
CLUBS TEN SPADES TEN,0.3138,0.003,0.6832
SPADES KING CLUBS TEN,0.5726,0.0044,0.423
SPADES QUEEN CLUBS TEN,0.5674,0.0026,0.43
SPADES FIVE HEARTS QUEEN,0.6372,0.0052,0.3576
SPADES FIVE HEARTS KING,0.6502,0.004,0.3458
SPADES FIVE HEARTS ACE,0.3698,0.394,0.2362
SPADES JACK HEARTS THREE,0.6442,0.004,0.3518
SPADES JACK DIAMONDS KING,0.5626,0.0042,0.4332
SPADES TEN CLUBS EIGHT,0.5742,0.0044,0.4214
SPADES JACK CLUBS EIGHT,0.5842,0.0036,0.4122
SPADES TEN HEARTS THREE,0.6426,0.0036,0.3538
SPADES TEN DIAMONDS KING,0.5706,0.0046,0.4248
CLUBS SIX HEARTS ACE,0.0212,0.9582,0.0206
HEARTS FIVE CLUBS JACK,0.6342,0.0026,0.3632
HEARTS FIVE CLUBS TEN,0.6414,0.003,0.3556
CLUBS SIX HEARTS QUEEN,0.7256,0.0286,0.2458
SPADES QUEEN CLUBS EIGHT,0.595,0.0032,0.4018
CLUBS TEN SPADES THREE,0.6464,0.007,0.3466
CLUBS SIX HEARTS KING,0.7412,0.0252,0.2336
SPADES KING CLUBS EIGHT,0.6112,0.0046,0.3842
SPADES THREE CLUBS JACK,0.6332,0.0042,0.3626
DIAMONDS TWO HEARTS JACK,0.6292,0.0046,0.3662
SPADES THREE CLUBS QUEEN,0.6296,0.0034,0.367
DIAMONDS TWO HEARTS TEN,0.6392,0.0058,0.355
SPADES THREE CLUBS KING,0.6404,0.0066,0.353
HEARTS FIVE CLUBS ACE,0.3876,0.367,0.2454
SPADES FIVE HEARTS TEN,0.6496,0.0028,0.3476
SPADES THREE CLUBS ACE,0.3794,0.3824,0.2382
HEARTS FIVE CLUBS KING,0.626,0.0036,0.3704
SPADES FIVE HEARTS JACK,0.6258,0.0042,0.37
HEARTS FIVE CLUBS QUEEN,0.6338,0.0042,0.362
HEARTS THREE CLUBS KING,0.6298,0.0044,0.3658
DIAMONDS KING CLUBS KING,0.2768,0.0032,0.72
HEARTS THREE CLUBS QUEEN,0.6342,0.003,0.3628
DIAMONDS KING CLUBS QUEEN,0.5796,0.004,0.4164
HEARTS FIVE HEARTS JACK,0.588,0.006,0.406
HEARTS FIVE HEARTS TEN,0.584,0.0054,0.4106
HEARTS THREE CLUBS ACE,0.381,0.3802,0.2388
DIAMONDS KING CLUBS ACE,0.2404,0.0446,0.715
SPADES KING CLUBS QUEEN,0.5858,0.0044,0.4098
HEARTS THREE CLUBS JACK,0.6274,0.003,0.3696
DIAMONDS KING CLUBS JACK,0.5676,0.0042,0.4282
SPADES QUEEN CLUBS QUEEN,0.2978,0.0048,0.6974
CLUBS TEN HEARTS THREE,0.6282,0.0032,0.3686
CLUBS TEN DIAMONDS KING,0.5622,0.0044,0.4334
SPADES JACK CLUBS QUEEN,0.5574,0.0052,0.4374
CLUBS SIX CLUBS QUEEN,0.6874,0.03,0.2826
SPADES TEN CLUBS QUEEN,0.5682,0.0058,0.426
CLUBS SIX CLUBS KING,0.6816,0.0248,0.2936
CLUBS SIX CLUBS ACE,0.0178,0.9136,0.0686
HEARTS FIVE HEARTS KING,0.5942,0.0038,0.402
HEARTS FIVE HEARTS QUEEN,0.5908,0.0046,0.4046
CLUBS TEN CLUBS SIX,0.668,0.025,0.307
HEARTS FIVE HEARTS ACE,0.3484,0.359,0.2926
CLUBS SIX CLUBS JACK,0.6854,0.0232,0.2914
SPADES SEVEN HEARTS JACK,0.5948,0.004,0.4012
SPADES SEVEN HEARTS TEN,0.5892,0.0036,0.4072
DIAMONDS TWO CLUBS TWO,0.4644,0.0066,0.529
DIAMONDS TWO CLUBS THREE,0.6444,0.0048,0.3508
DIAMONDS TWO HEARTS SIX,0.748,0.0278,0.2242
DIAMONDS TWO HEARTS QUEEN,0.6346,0.0056,0.3598
HEARTS SEVEN DIAMONDS TWO,0.6424,0.004,0.3536
DIAMONDS TWO HEARTS KING,0.6498,0.0042,0.346
DIAMONDS TWO HEARTS EIGHT,0.6424,0.0044,0.3532
DIAMONDS TWO HEARTS ACE,0.3784,0.383,0.2386
DIAMONDS TWO HEARTS NINE,0.6358,0.0062,0.358
DIAMONDS TWO DIAMONDS QUEEN,0.6072,0.0046,0.3882
DIAMONDS TWO HEARTS TWO,0.4608,0.006,0.5332
DIAMONDS TWO DIAMONDS KING,0.5982,0.0046,0.3972
DIAMONDS TWO HEARTS THREE,0.6468,0.0052,0.348
DIAMONDS TWO DIAMONDS ACE,0.3552,0.3654,0.2794
HEARTS FOUR DIAMONDS TWO,0.6436,0.0044,0.352
HEARTS FIVE DIAMONDS TWO,0.6636,0.006,0.3304
SPADES SEVEN HEARTS ACE,0.222,0.301,0.477
DIAMONDS TWO DIAMONDS TEN,0.606,0.0052,0.3888
SPADES SEVEN HEARTS KING,0.6056,0.0038,0.3906
DIAMONDS TWO DIAMONDS JACK,0.5974,0.0036,0.399
SPADES SEVEN HEARTS QUEEN,0.6126,0.005,0.3824
DIAMONDS TWO SPADES NINE,0.6522,0.0048,0.343
DIAMONDS TWO SPADES EIGHT,0.649,0.0048,0.3462
DIAMONDS TWO SPADES SEVEN,0.6602,0.0076,0.3322
DIAMONDS TWO SPADES SIX,0.7494,0.03,0.2206
DIAMONDS TWO SPADES FIVE,0.6628,0.0052,0.332
DIAMONDS TWO SPADES FOUR,0.659,0.0082,0.3328
DIAMONDS TWO SPADES THREE,0.6622,0.0074,0.3304
DIAMONDS TWO SPADES TWO,0.4638,0.0046,0.5316
CLUBS NINE DIAMONDS TWO,0.6518,0.004,0.3442
DIAMONDS TWO CLUBS EIGHT,0.6448,0.004,0.3512
CLUBS SEVEN DIAMONDS TWO,0.6422,0.0036,0.3542
DIAMONDS TWO CLUBS SIX,0.7324,0.0318,0.2358
DIAMONDS TWO CLUBS FIVE,0.661,0.0046,0.3344
DIAMONDS TWO CLUBS FOUR,0.6628,0.0042,0.333
CLUBS FOUR SPADES FIVE,0.6202,0.0054,0.3744
CLUBS FOUR SPADES FOUR,0.4606,0.0058,0.5336
CLUBS FOUR SPADES THREE,0.6352,0.004,0.3608
CLUBS FOUR SPADES TWO,0.6618,0.005,0.3332
SPADES NINE CLUBS FOUR,0.6562,0.0044,0.3394
SPADES EIGHT CLUBS FOUR,0.6382,0.0062,0.3556
SPADES SEVEN CLUBS FOUR,0.6144,0.0048,0.3808
SPADES SIX CLUBS FOUR,0.7094,0.0298,0.2608
SPADES QUEEN SPADES TWO,0.602,0.006,0.392
SPADES KING SPADES TWO,0.608,0.0058,0.3862
DIAMONDS JACK CLUBS JACK,0.2968,0.0054,0.6978
CLUBS TEN DIAMONDS JACK,0.542,0.0032,0.4548
DIAMONDS JACK CLUBS KING,0.566,0.003,0.431
DIAMONDS JACK CLUBS QUEEN,0.5652,0.0038,0.431
DIAMONDS THREE DIAMONDS JACK,0.5888,0.0048,0.4064
DIAMONDS THREE DIAMONDS TEN,0.5878,0.0054,0.4068
DIAMONDS JACK CLUBS ACE,0.2446,0.0872,0.6682
DIAMONDS THREE DIAMONDS KING,0.6082,0.0054,0.3864
DIAMONDS THREE HEARTS THREE,0.459,0.0054,0.5356
DIAMONDS THREE DIAMONDS QUEEN,0.614,0.0042,0.3818
DIAMONDS THREE HEARTS TWO,0.657,0.0048,0.3382
HEARTS FIVE DIAMONDS THREE,0.646,0.005,0.349
DIAMONDS THREE DIAMONDS ACE,0.3576,0.3752,0.2672
HEARTS FOUR DIAMONDS THREE,0.6404,0.004,0.3556
HEARTS SEVEN DIAMONDS THREE,0.6496,0.0034,0.347
SPADES TEN SPADES NINE,0.5476,0.005,0.4474
HEARTS SIX DIAMONDS THREE,0.7262,0.0276,0.2462
SPADES JACK SPADES NINE,0.5388,0.0046,0.4566
DIAMONDS THREE HEARTS NINE,0.6444,0.006,0.3496
HEARTS JACK DIAMONDS FOUR,0.645,0.0046,0.3504
HEARTS ACE HEARTS KING,0.2324,0.0402,0.7274
SPADES TEN SPADES TWO,0.5974,0.0058,0.3968
DIAMONDS THREE HEARTS EIGHT,0.6392,0.0038,0.357
HEARTS TEN DIAMONDS FOUR,0.636,0.0042,0.3598
SPADES JACK SPADES TWO,0.6102,0.0054,0.3844
HEARTS QUEEN DIAMONDS FOUR,0.6388,0.003,0.3582
HEARTS KING DIAMONDS FOUR,0.6398,0.005,0.3552
HEARTS ACE DIAMONDS FOUR,0.3704,0.39,0.2396
SPADES KING SPADES NINE,0.5744,0.0042,0.4214
SPADES QUEEN SPADES NINE,0.5484,0.0052,0.4464
DIAMONDS THREE SPADES NINE,0.6468,0.0036,0.3496
DIAMONDS THREE SPADES EIGHT,0.6504,0.0052,0.3444
DIAMONDS THREE SPADES SEVEN,0.6528,0.0038,0.3434
DIAMONDS THREE SPADES SIX,0.7318,0.0294,0.2388
DIAMONDS THREE CLUBS SIX,0.7318,0.0282,0.24
CLUBS FIVE CLUBS SIX,0.6512,0.027,0.3218
CLUBS ACE DIAMONDS FOUR,0.366,0.3816,0.2524
CLUBS SEVEN DIAMONDS THREE,0.6468,0.0048,0.3484
CLUBS SEVEN CLUBS FIVE,0.5726,0.0056,0.4218
DIAMONDS THREE CLUBS FOUR,0.6418,0.0048,0.3534
DIAMONDS FOUR CLUBS QUEEN,0.6404,0.0032,0.3564
DIAMONDS THREE CLUBS FIVE,0.6456,0.0044,0.35
CLUBS KING DIAMONDS FOUR,0.6382,0.003,0.3588
DIAMONDS THREE CLUBS TWO,0.6628,0.0042,0.333
CLUBS TEN DIAMONDS FOUR,0.6292,0.0052,0.3656
DIAMONDS THREE CLUBS THREE,0.4556,0.0042,0.5402
DIAMONDS FOUR CLUBS JACK,0.6366,0.0022,0.3612
DIAMONDS THREE SPADES FOUR,0.6436,0.006,0.3504
DIAMONDS THREE SPADES FIVE,0.637,0.008,0.355
DIAMONDS THREE SPADES TWO,0.6586,0.005,0.3364
DIAMONDS THREE SPADES THREE,0.4554,0.0058,0.5388
CLUBS EIGHT DIAMONDS THREE,0.643,0.004,0.353
CLUBS NINE DIAMONDS THREE,0.6388,0.0058,0.3554
SPADES SEVEN CLUBS ACE,0.229,0.3038,0.4672
SPADES SEVEN CLUBS QUEEN,0.6114,0.0034,0.3852
SPADES SEVEN CLUBS KING,0.6036,0.0042,0.3922
CLUBS FIVE SPADES SEVEN,0.6172,0.0056,0.3772
CLUBS TEN SPADES SEVEN,0.5806,0.0032,0.4162
CLUBS FIVE SPADES SIX,0.6958,0.0284,0.2758
SPADES SEVEN CLUBS JACK,0.6048,0.003,0.3922
SPADES NINE CLUBS FIVE,0.6266,0.0042,0.3692
CLUBS FIVE SPADES EIGHT,0.6122,0.004,0.3838
CLUBS FIVE SPADES THREE,0.6436,0.0052,0.3512
CLUBS FIVE SPADES TWO,0.6468,0.0072,0.346
CLUBS FIVE SPADES FIVE,0.4406,0.0034,0.556
CLUBS FIVE SPADES FOUR,0.6394,0.0058,0.3548
CLUBS NINE CLUBS FIVE,0.6008,0.0056,0.3936
CLUBS EIGHT CLUBS FIVE,0.5876,0.003,0.4094
CLUBS ACE CLUBS QUEEN,0.2256,0.06,0.7144
CLUBS KING CLUBS QUEEN,0.5362,0.0032,0.4606
DIAMONDS TEN DIAMONDS FOUR,0.6014,0.0056,0.393
CLUBS TEN DIAMONDS NINE,0.548,0.005,0.447
DIAMONDS JACK DIAMONDS FOUR,0.6218,0.0066,0.3716
DIAMONDS NINE CLUBS JACK,0.5618,0.0044,0.4338
SPADES NINE CLUBS JACK,0.5726,0.003,0.4244
CLUBS TEN SPADES NINE,0.5658,0.003,0.4312
DIAMONDS ACE DIAMONDS FOUR,0.363,0.3626,0.2744
HEARTS FOUR DIAMONDS FOUR,0.4588,0.0042,0.537
DIAMONDS JACK HEARTS TEN,0.555,0.003,0.442
SPADES NINE CLUBS KING,0.594,0.004,0.402
DIAMONDS TWO SPADES TEN,0.6388,0.0048,0.3564
DIAMONDS NINE CLUBS ACE,0.2286,0.1612,0.6102
HEARTS FIVE DIAMONDS FOUR,0.6246,0.0046,0.3708
DIAMONDS JACK HEARTS JACK,0.2936,0.0022,0.7042
SPADES NINE CLUBS QUEEN,0.5842,0.0032,0.4126
SPADES JACK DIAMONDS TWO,0.6442,0.0046,0.3512
DIAMONDS QUEEN DIAMONDS FOUR,0.5948,0.0044,0.4008
HEARTS TWO DIAMONDS FOUR,0.6556,0.007,0.3374
DIAMONDS NINE CLUBS QUEEN,0.576,0.0042,0.4198
DIAMONDS KING DIAMONDS FOUR,0.5994,0.0058,0.3948
HEARTS THREE DIAMONDS FOUR,0.6388,0.0046,0.3566
SPADES NINE CLUBS ACE,0.2312,0.1722,0.5966
DIAMONDS NINE CLUBS KING,0.5902,0.0032,0.4066
HEARTS ACE DIAMONDS JACK,0.2376,0.0848,0.6776
HEARTS QUEEN DIAMONDS JACK,0.5648,0.0044,0.4308
SPADES QUEEN DIAMONDS TWO,0.6354,0.0058,0.3588
HEARTS KING DIAMONDS JACK,0.5732,0.0032,0.4236
SPADES KING DIAMONDS TWO,0.6578,0.0042,0.338
SPADES JACK SPADES SEVEN,0.5554,0.0046,0.44
SPADES TEN SPADES SEVEN,0.5668,0.004,0.4292
CLUBS SEVEN CLUBS THREE,0.5978,0.0052,0.397
CLUBS SIX CLUBS THREE,0.685,0.0254,0.2896
CLUBS FIVE CLUBS THREE,0.5862,0.0048,0.409
CLUBS THREE CLUBS FOUR,0.5812,0.007,0.4118
CLUBS NINE CLUBS THREE,0.594,0.0056,0.4004
CLUBS EIGHT CLUBS THREE,0.6078,0.0042,0.388
CLUBS THREE SPADES FIVE,0.6376,0.007,0.3554
CLUBS THREE SPADES FOUR,0.6452,0.004,0.3508
CLUBS THREE SPADES THREE,0.4618,0.0032,0.535
CLUBS THREE SPADES TWO,0.6484,0.0052,0.3464
CLUBS THREE SPADES SIX,0.7248,0.0304,0.2448
SPADES SEVEN CLUBS THREE,0.6392,0.0062,0.3546
SPADES EIGHT CLUBS THREE,0.6392,0.0044,0.3564
SPADES NINE CLUBS THREE,0.636,0.0058,0.3582
SPADES TWO DIAMONDS FOUR,0.6682,0.0068,0.325
SPADES THREE DIAMONDS FOUR,0.6406,0.006,0.3534
SPADES FOUR DIAMONDS FOUR,0.4594,0.0052,0.5354
SPADES FIVE DIAMONDS FOUR,0.625,0.0042,0.3708
SPADES SIX DIAMONDS FOUR,0.7148,0.03,0.2552
SPADES SEVEN DIAMONDS FOUR,0.6356,0.0056,0.3588
SPADES EIGHT DIAMONDS FOUR,0.6326,0.004,0.3634
SPADES NINE DIAMONDS FOUR,0.6612,0.0068,0.332
CLUBS FIVE DIAMONDS FOUR,0.6352,0.0056,0.3592
CLUBS FOUR DIAMONDS FOUR,0.4524,0.0034,0.5442
CLUBS SEVEN DIAMONDS FOUR,0.6212,0.0048,0.374
CLUBS SIX DIAMONDS FOUR,0.7088,0.0256,0.2656
CLUBS NINE DIAMONDS FOUR,0.64,0.005,0.355
CLUBS EIGHT DIAMONDS FOUR,0.6338,0.0042,0.362
HEARTS SEVEN DIAMONDS FOUR,0.6302,0.005,0.3648
HEARTS SIX DIAMONDS FOUR,0.6974,0.0284,0.2742
DIAMONDS FOUR HEARTS NINE,0.6386,0.0046,0.3568
DIAMONDS FOUR HEARTS EIGHT,0.6334,0.003,0.3636
CLUBS THREE DIAMONDS FOUR,0.6484,0.004,0.3476
CLUBS TWO DIAMONDS FOUR,0.6558,0.006,0.3382
DIAMONDS TEN DIAMONDS FIVE,0.6054,0.0046,0.39
DIAMONDS JACK DIAMONDS FIVE,0.5908,0.0056,0.4036
DIAMONDS NINE HEARTS QUEEN,0.5942,0.0026,0.4032
DIAMONDS NINE HEARTS KING,0.583,0.0044,0.4126
HEARTS ACE DIAMONDS NINE,0.2244,0.1714,0.6042
DIAMONDS NINE HEARTS TEN,0.5586,0.0034,0.438
DIAMONDS NINE HEARTS JACK,0.5566,0.0044,0.439
SPADES KING DIAMONDS FOUR,0.6514,0.0054,0.3432
SPADES QUEEN DIAMONDS FOUR,0.6478,0.0054,0.3468
SPADES QUEEN SPADES SEVEN,0.5802,0.0046,0.4152
SPADES KING SPADES SEVEN,0.5832,0.0046,0.4122
CLUBS NINE CLUBS FOUR,0.6012,0.0058,0.393
CLUBS EIGHT CLUBS FOUR,0.5946,0.0022,0.4032
SPADES JACK DIAMONDS FOUR,0.651,0.0042,0.3448
SPADES TEN DIAMONDS FOUR,0.6434,0.0052,0.3514
CLUBS FIVE CLUBS FOUR,0.5794,0.006,0.4146
CLUBS SEVEN CLUBS FOUR,0.584,0.0052,0.4108
CLUBS SIX CLUBS FOUR,0.6702,0.0262,0.3036
CLUBS SEVEN SPADES EIGHT,0.5728,0.0052,0.422
CLUBS SEVEN SPADES NINE,0.5856,0.0038,0.4106
CLUBS SEVEN SPADES SIX,0.6826,0.0214,0.296
CLUBS SEVEN SPADES SEVEN,0.3516,0.0038,0.6446
CLUBS SEVEN SPADES FIVE,0.6186,0.0046,0.3768
CLUBS SEVEN SPADES FOUR,0.641,0.0044,0.3546
CLUBS SEVEN SPADES THREE,0.6406,0.0026,0.3568
CLUBS SEVEN SPADES TWO,0.6576,0.0054,0.337
CLUBS NINE CLUBS SEVEN,0.5428,0.0036,0.4536
CLUBS SEVEN CLUBS EIGHT,0.5348,0.0028,0.4624
HEARTS SIX DIAMONDS FIVE,0.6918,0.0302,0.278
HEARTS SEVEN DIAMONDS FIVE,0.608,0.0048,0.3872
DIAMONDS FIVE HEARTS EIGHT,0.6292,0.0038,0.367
DIAMONDS FIVE HEARTS NINE,0.6432,0.0042,0.3526
DIAMONDS QUEEN DIAMONDS FIVE,0.597,0.0052,0.3978
HEARTS TWO DIAMONDS FIVE,0.6542,0.0066,0.3392
HEARTS KING HEARTS EIGHT,0.5518,0.0036,0.4446
DIAMONDS KING DIAMONDS FIVE,0.6012,0.005,0.3938
HEARTS THREE DIAMONDS FIVE,0.6514,0.0042,0.3444
HEARTS QUEEN HEARTS EIGHT,0.5558,0.0028,0.4414
DIAMONDS ACE DIAMONDS FIVE,0.3608,0.366,0.2732
HEARTS FOUR DIAMONDS FIVE,0.6256,0.0068,0.3676
HEARTS FIVE DIAMONDS FIVE,0.45,0.0044,0.5456
HEARTS ACE HEARTS EIGHT,0.2224,0.2108,0.5668
CLUBS FOUR DIAMONDS FIVE,0.6372,0.0052,0.3576
CLUBS FIVE DIAMONDS FIVE,0.4606,0.0058,0.5336
CLUBS SIX DIAMONDS FIVE,0.691,0.0242,0.2848
CLUBS SEVEN DIAMONDS FIVE,0.6258,0.0048,0.3694
CLUBS TWO DIAMONDS FIVE,0.66,0.0048,0.3352
CLUBS THREE DIAMONDS FIVE,0.6394,0.0044,0.3562
SPADES THREE DIAMONDS FIVE,0.655,0.0062,0.3388
SPADES TWO DIAMONDS FIVE,0.6574,0.0062,0.3364
SPADES JACK DIAMONDS EIGHT,0.584,0.0038,0.4122
SPADES FIVE DIAMONDS FIVE,0.4438,0.0052,0.551
CLUBS TEN HEARTS JACK,0.555,0.002,0.443
SPADES TEN DIAMONDS EIGHT,0.5734,0.0032,0.4234
SPADES FOUR DIAMONDS FIVE,0.6238,0.0044,0.3718
HEARTS JACK CLUBS JACK,0.32,0.0016,0.6784
HEARTS JACK CLUBS QUEEN,0.567,0.0058,0.4272
CLUBS NINE DIAMONDS FIVE,0.651,0.0054,0.3436
CLUBS KING HEARTS JACK,0.5826,0.0028,0.4146
CLUBS EIGHT DIAMONDS FIVE,0.62,0.0044,0.3756
CLUBS ACE HEARTS JACK,0.2432,0.0832,0.6736
SPADES SEVEN DIAMONDS FIVE,0.6258,0.0048,0.3694
SPADES KING DIAMONDS EIGHT,0.6072,0.0042,0.3886
SPADES SIX DIAMONDS FIVE,0.705,0.0282,0.2668
SPADES QUEEN DIAMONDS EIGHT,0.6072,0.0052,0.3876
SPADES NINE DIAMONDS FIVE,0.6336,0.0062,0.3602
SPADES EIGHT DIAMONDS FIVE,0.6264,0.0048,0.3688
HEARTS ACE DIAMONDS SEVEN,0.2068,0.3134,0.4798
HEARTS QUEEN DIAMONDS SEVEN,0.6112,0.005,0.3838
HEARTS KING DIAMONDS SEVEN,0.6056,0.004,0.3904
SPADES TWO HEARTS JACK,0.6464,0.0038,0.3498
SPADES TWO HEARTS TEN,0.6334,0.0066,0.36
HEARTS TEN DIAMONDS SEVEN,0.581,0.0038,0.4152
HEARTS JACK DIAMONDS SEVEN,0.5898,0.0042,0.406
DIAMONDS EIGHT CLUBS JACK,0.5672,0.0052,0.4276
CLUBS TEN DIAMONDS EIGHT,0.549,0.0034,0.4476
HEARTS ACE HEARTS JACK,0.2148,0.083,0.7022
CLUBS ACE DIAMONDS EIGHT,0.2292,0.2264,0.5444
HEARTS QUEEN HEARTS JACK,0.512,0.0042,0.4838
CLUBS KING DIAMONDS EIGHT,0.5956,0.0042,0.4002
HEARTS KING HEARTS JACK,0.5362,0.0052,0.4586
CLUBS QUEEN DIAMONDS EIGHT,0.5962,0.0044,0.3994
SPADES TEN HEARTS KING,0.5774,0.0054,0.4172
HEARTS ACE SPADES TWO,0.3734,0.3832,0.2434
SPADES JACK HEARTS KING,0.553,0.0022,0.4448
HEARTS QUEEN SPADES TWO,0.632,0.0048,0.3632
SPADES TWO HEARTS KING,0.649,0.005,0.346
HEARTS TEN HEARTS EIGHT,0.5394,0.0038,0.4568
HEARTS JACK HEARTS EIGHT,0.5404,0.0034,0.4562
SPADES KING HEARTS KING,0.2882,0.0034,0.7084
SPADES QUEEN HEARTS KING,0.5742,0.0038,0.422
CLUBS ACE CLUBS KING,0.2294,0.0434,0.7272
SPADES QUEEN HEARTS JACK,0.5596,0.0022,0.4382
SPADES KING HEARTS JACK,0.566,0.0032,0.4308
SPADES TEN DIAMONDS TEN,0.3082,0.0054,0.6864
SPADES JACK DIAMONDS TEN,0.5414,0.0032,0.4554
SPADES JACK HEARTS JACK,0.3154,0.0042,0.6804
SPADES TEN HEARTS JACK,0.5442,0.0026,0.4532
SPADES QUEEN DIAMONDS TEN,0.5704,0.0042,0.4254
SPADES KING DIAMONDS TEN,0.5692,0.0054,0.4254
SPADES NINE DIAMONDS SEVEN,0.5818,0.006,0.4122
SPADES EIGHT DIAMONDS SEVEN,0.5542,0.0042,0.4416
SPADES SEVEN DIAMONDS SEVEN,0.3286,0.004,0.6674
SPADES SIX DIAMONDS SEVEN,0.6916,0.0218,0.2866
DIAMONDS KING DIAMONDS SEVEN,0.5724,0.0042,0.4234
HEARTS THREE DIAMONDS SEVEN,0.6356,0.004,0.3604
HEARTS KING DIAMONDS FIVE,0.6466,0.0052,0.3482
DIAMONDS QUEEN DIAMONDS SEVEN,0.5736,0.0028,0.4236
HEARTS TWO DIAMONDS SEVEN,0.6396,0.004,0.3564
HEARTS QUEEN DIAMONDS FIVE,0.6468,0.003,0.3502
HEARTS FIVE DIAMONDS SEVEN,0.6106,0.0052,0.3842
DIAMONDS ACE DIAMONDS SEVEN,0.215,0.2974,0.4876
HEARTS FOUR DIAMONDS SEVEN,0.6362,0.004,0.3598
HEARTS ACE DIAMONDS FIVE,0.3858,0.3738,0.2404
HEARTS SEVEN DIAMONDS SEVEN,0.3304,0.0034,0.6662
HEARTS SIX DIAMONDS SEVEN,0.6684,0.024,0.3076
HEARTS NINE DIAMONDS SEVEN,0.5766,0.0032,0.4202
HEARTS EIGHT DIAMONDS SEVEN,0.5742,0.0038,0.422
DIAMONDS JACK DIAMONDS SEVEN,0.5712,0.006,0.4228
DIAMONDS FIVE HEARTS JACK,0.636,0.0054,0.3586
DIAMONDS TEN DIAMONDS SEVEN,0.5478,0.0042,0.448
HEARTS TEN DIAMONDS FIVE,0.6342,0.0046,0.3612
SPADES KING CLUBS TWO,0.6488,0.006,0.3452
HEARTS KING CLUBS KING,0.2818,0.0036,0.7146
CLUBS EIGHT DIAMONDS SEVEN,0.5714,0.0028,0.4258
SPADES QUEEN CLUBS TWO,0.6534,0.0042,0.3424
HEARTS KING CLUBS QUEEN,0.5734,0.003,0.4236
CLUBS NINE DIAMONDS SEVEN,0.5796,0.0038,0.4166
SPADES TWO CLUBS JACK,0.6372,0.0068,0.356
CLUBS TEN SPADES TWO,0.6372,0.0052,0.3576
HEARTS KING CLUBS ACE,0.2578,0.0454,0.6968
CLUBS SEVEN CLUBS SIX,0.644,0.0176,0.3384
SPADES TWO CLUBS KING,0.6448,0.0044,0.3508
SPADES TWO DIAMONDS SEVEN,0.6578,0.004,0.3382
CLUBS EIGHT CLUBS SIX,0.6572,0.0216,0.3212
SPADES THREE DIAMONDS SEVEN,0.6258,0.0042,0.37
SPADES TWO CLUBS QUEEN,0.648,0.005,0.347
CLUBS NINE CLUBS SIX,0.6534,0.0194,0.3272
SPADES FOUR DIAMONDS SEVEN,0.6274,0.0084,0.3642
HEARTS KING CLUBS JACK,0.5618,0.0036,0.4346
SPADES FIVE DIAMONDS SEVEN,0.6144,0.0034,0.3822
SPADES TWO CLUBS ACE,0.3824,0.3846,0.233
CLUBS TEN HEARTS KING,0.5696,0.003,0.4274
CLUBS SIX SPADES TWO,0.737,0.0374,0.2256
CLUBS SIX SPADES THREE,0.7262,0.0314,0.2424
CLUBS TWO DIAMONDS SEVEN,0.6542,0.0048,0.341
CLUBS SIX SPADES FOUR,0.7106,0.03,0.2594
CLUBS THREE DIAMONDS SEVEN,0.638,0.0056,0.3564
CLUBS SIX SPADES FIVE,0.7078,0.0244,0.2678
CLUBS FOUR DIAMONDS SEVEN,0.6128,0.0062,0.381
CLUBS SIX SPADES SIX,0.3124,0.0274,0.6602
CLUBS FIVE DIAMONDS SEVEN,0.6014,0.0038,0.3948
CLUBS SIX SPADES SEVEN,0.6948,0.022,0.2832
CLUBS SIX DIAMONDS SEVEN,0.6818,0.0232,0.295
SPADES EIGHT CLUBS SIX,0.704,0.0202,0.2758
SPADES JACK CLUBS TWO,0.6328,0.0046,0.3626
CLUBS SEVEN DIAMONDS SEVEN,0.3412,0.0034,0.6554
SPADES NINE CLUBS SIX,0.7178,0.0234,0.2588
SPADES TEN CLUBS TWO,0.6304,0.0048,0.3648
CLUBS TWO CLUBS QUEEN,0.5914,0.0042,0.4044
CLUBS TWO CLUBS KING,0.5998,0.0062,0.394
CLUBS THREE DIAMONDS EIGHT,0.6318,0.0034,0.3648
CLUBS TWO CLUBS ACE,0.3494,0.3732,0.2774
CLUBS TWO DIAMONDS EIGHT,0.6312,0.006,0.3628
HEARTS SEVEN DIAMONDS EIGHT,0.5666,0.005,0.4284
HEARTS SIX DIAMONDS EIGHT,0.6894,0.0268,0.2838
DIAMONDS EIGHT HEARTS NINE,0.5638,0.0048,0.4314
CLUBS TEN CLUBS TWO,0.5842,0.0038,0.412
HEARTS EIGHT DIAMONDS EIGHT,0.3224,0.0024,0.6752
CLUBS TWO CLUBS JACK,0.5966,0.0044,0.399
CLUBS NINE DIAMONDS EIGHT,0.5636,0.0052,0.4312
CLUBS EIGHT DIAMONDS EIGHT,0.3322,0.003,0.6648
CLUBS FIVE DIAMONDS EIGHT,0.6106,0.0044,0.385
CLUBS FOUR DIAMONDS EIGHT,0.628,0.0032,0.3688
CLUBS SEVEN DIAMONDS EIGHT,0.5684,0.005,0.4266
SPADES QUEEN SPADES THREE,0.6086,0.0034,0.388
CLUBS SIX DIAMONDS EIGHT,0.6982,0.028,0.2738
SPADES KING SPADES THREE,0.6188,0.0046,0.3766
DIAMONDS QUEEN DIAMONDS EIGHT,0.5524,0.0042,0.4434
HEARTS TWO DIAMONDS EIGHT,0.6328,0.0054,0.3618
DIAMONDS KING DIAMONDS EIGHT,0.5624,0.0038,0.4338
HEARTS THREE DIAMONDS EIGHT,0.6292,0.0034,0.3674
DIAMONDS ACE DIAMONDS EIGHT,0.219,0.2316,0.5494
HEARTS FOUR DIAMONDS EIGHT,0.6226,0.0062,0.3712
HEARTS FIVE DIAMONDS EIGHT,0.6072,0.0052,0.3876
DIAMONDS TEN DIAMONDS EIGHT,0.5322,0.0056,0.4622
DIAMONDS JACK DIAMONDS EIGHT,0.543,0.0046,0.4524
SPADES JACK SPADES THREE,0.6028,0.0042,0.393
SPADES TEN SPADES THREE,0.6158,0.0052,0.379
CLUBS FOUR HEARTS ACE,0.3816,0.3626,0.2558
CLUBS FOUR HEARTS QUEEN,0.6518,0.0036,0.3446
CLUBS FOUR HEARTS KING,0.6536,0.004,0.3424
CLUBS SIX HEARTS TEN,0.737,0.0222,0.2408
CLUBS SIX HEARTS JACK,0.7304,0.0244,0.2452
SPADES FOUR DIAMONDS EIGHT,0.6312,0.0064,0.3624
SPADES FIVE DIAMONDS EIGHT,0.6312,0.005,0.3638
SPADES TWO DIAMONDS EIGHT,0.6442,0.0048,0.351
SPADES THREE DIAMONDS EIGHT,0.6444,0.0048,0.3508
CLUBS FOUR HEARTS JACK,0.6324,0.0028,0.3648
SPADES EIGHT DIAMONDS EIGHT,0.336,0.0042,0.6598
SPADES JACK HEARTS EIGHT,0.5806,0.0034,0.416
SPADES TEN HEARTS TWO,0.6422,0.0032,0.3546
SPADES TEN DIAMONDS QUEEN,0.5624,0.0058,0.4318
CLUBS FOUR HEARTS TEN,0.6282,0.0028,0.369
SPADES NINE DIAMONDS EIGHT,0.5662,0.0044,0.4294
SPADES JACK HEARTS TWO,0.6328,0.0046,0.3626
SPADES JACK DIAMONDS QUEEN,0.5498,0.0056,0.4446
SPADES TEN HEARTS EIGHT,0.5782,0.0018,0.42
SPADES SIX DIAMONDS EIGHT,0.7082,0.0282,0.2636
SPADES SEVEN DIAMONDS EIGHT,0.576,0.0062,0.4178
SPADES QUEEN DIAMONDS QUEEN,0.2986,0.0046,0.6968
SPADES QUEEN HEARTS TWO,0.6464,0.006,0.3476
SPADES KING HEARTS EIGHT,0.6106,0.0036,0.3858
SPADES QUEEN HEARTS EIGHT,0.5772,0.0058,0.417
SPADES KING HEARTS TWO,0.6368,0.0052,0.358
SPADES KING DIAMONDS QUEEN,0.5784,0.0048,0.4168
CLUBS TWO HEARTS TEN,0.6244,0.003,0.3726
CLUBS TWO HEARTS JACK,0.6202,0.004,0.3758
SPADES SEVEN DIAMONDS NINE,0.5802,0.0052,0.4146
SPADES SIX DIAMONDS NINE,0.7144,0.026,0.2596
SPADES NINE DIAMONDS NINE,0.3218,0.0038,0.6744
SPADES EIGHT DIAMONDS NINE,0.5684,0.0042,0.4274
SPADES TEN CLUBS KING,0.5796,0.004,0.4164
DIAMONDS NINE SPADES THREE,0.6348,0.0058,0.3594
SPADES JACK CLUBS KING,0.5666,0.0036,0.4298
DIAMONDS NINE SPADES TWO,0.6372,0.0048,0.358
SPADES FIVE DIAMONDS NINE,0.6358,0.0042,0.36
SPADES FOUR DIAMONDS NINE,0.6464,0.0062,0.3474
CLUBS NINE DIAMONDS NINE,0.3272,0.004,0.6688
CLUBS EIGHT DIAMONDS NINE,0.5614,0.0046,0.434
CLUBS SIX DIAMONDS NINE,0.715,0.0184,0.2666
SPADES JACK CLUBS FOUR,0.638,0.0036,0.3584
CLUBS SEVEN DIAMONDS NINE,0.5752,0.004,0.4208
SPADES TEN CLUBS FOUR,0.6342,0.0064,0.3594
CLUBS FOUR DIAMONDS NINE,0.6262,0.0054,0.3684
CLUBS FIVE DIAMONDS NINE,0.6278,0.004,0.3682
CLUBS TWO DIAMONDS NINE,0.639,0.0052,0.3558
CLUBS THREE DIAMONDS NINE,0.6296,0.0054,0.365
DIAMONDS NINE HEARTS EIGHT,0.5668,0.0032,0.43
DIAMONDS NINE HEARTS NINE,0.3164,0.0036,0.68
HEARTS SIX DIAMONDS NINE,0.704,0.0248,0.2712
HEARTS SEVEN DIAMONDS NINE,0.5866,0.0038,0.4096
CLUBS NINE CLUBS EIGHT,0.5332,0.0038,0.463
DIAMONDS ACE DIAMONDS NINE,0.2226,0.1544,0.623
HEARTS FOUR DIAMONDS NINE,0.6438,0.0046,0.3516
HEARTS FIVE DIAMONDS NINE,0.627,0.0036,0.3694
HEARTS ACE CLUBS TWO,0.3734,0.38,0.2466
DIAMONDS NINE DIAMONDS QUEEN,0.562,0.004,0.434
HEARTS TWO DIAMONDS NINE,0.6448,0.0058,0.3494
CLUBS TWO HEARTS KING,0.632,0.0036,0.3644
SPADES KING CLUBS FOUR,0.63,0.0056,0.3644
DIAMONDS KING DIAMONDS NINE,0.542,0.0054,0.4526
HEARTS THREE DIAMONDS NINE,0.6372,0.0052,0.3576
CLUBS TWO HEARTS QUEEN,0.6416,0.0048,0.3536
SPADES QUEEN CLUBS FOUR,0.6392,0.0044,0.3564
DIAMONDS NINE DIAMONDS JACK,0.5286,0.0048,0.4666
CLUBS EIGHT SPADES NINE,0.5722,0.0036,0.4242
DIAMONDS TEN DIAMONDS NINE,0.528,0.0042,0.4678
CLUBS EIGHT SPADES EIGHT,0.3392,0.0044,0.6564
CLUBS EIGHT SPADES SEVEN,0.5728,0.0036,0.4236
CLUBS EIGHT SPADES SIX,0.7086,0.022,0.2694
CLUBS EIGHT SPADES FIVE,0.6208,0.0036,0.3756
CLUBS EIGHT SPADES FOUR,0.6374,0.004,0.3586
CLUBS EIGHT SPADES THREE,0.6506,0.0046,0.3448
CLUBS EIGHT SPADES TWO,0.647,0.0054,0.3476
HEARTS SIX DIAMONDS TEN,0.7226,0.0254,0.252
HEARTS SEVEN DIAMONDS TEN,0.5824,0.005,0.4126
DIAMONDS TEN HEARTS EIGHT,0.5624,0.0036,0.434
CLUBS FOUR CLUBS JACK,0.5892,0.0046,0.4062
DIAMONDS TEN HEARTS NINE,0.5508,0.0064,0.4428
CLUBS TEN CLUBS FOUR,0.6044,0.0026,0.393
CLUBS FOUR CLUBS KING,0.6004,0.0044,0.3952
CLUBS FOUR CLUBS QUEEN,0.5808,0.0032,0.416
DIAMONDS TEN CLUBS TWO,0.6358,0.005,0.3592
CLUBS THREE DIAMONDS TEN,0.6354,0.0042,0.3604
CLUBS FOUR CLUBS ACE,0.3408,0.3656,0.2936
DIAMONDS TEN DIAMONDS JACK,0.5236,0.005,0.4714
DIAMONDS TEN DIAMONDS QUEEN,0.5128,0.003,0.4842
HEARTS TWO DIAMONDS TEN,0.6272,0.0048,0.368
DIAMONDS KING DIAMONDS TEN,0.5336,0.005,0.4614
HEARTS THREE DIAMONDS TEN,0.6246,0.0034,0.372
DIAMONDS ACE DIAMONDS TEN,0.2234,0.111,0.6656
HEARTS FOUR DIAMONDS TEN,0.6238,0.0048,0.3714
CLUBS EIGHT HEARTS JACK,0.5688,0.0028,0.4284
HEARTS FIVE DIAMONDS TEN,0.6368,0.0026,0.3606
CLUBS EIGHT HEARTS TEN,0.5682,0.0032,0.4286
CLUBS EIGHT HEARTS QUEEN,0.5884,0.0042,0.4074
CLUBS EIGHT HEARTS KING,0.5962,0.0018,0.402
CLUBS EIGHT HEARTS ACE,0.221,0.2326,0.5464
CLUBS NINE SPADES THREE,0.6396,0.0038,0.3566
CLUBS NINE SPADES TWO,0.651,0.0048,0.3442
CLUBS NINE SPADES FIVE,0.6362,0.0054,0.3584
CLUBS NINE SPADES FOUR,0.6426,0.0034,0.354
CLUBS NINE SPADES SEVEN,0.581,0.0032,0.4158
CLUBS NINE SPADES SIX,0.7178,0.0252,0.257
CLUBS NINE SPADES NINE,0.325,0.0032,0.6718
CLUBS TEN HEARTS EIGHT,0.5662,0.002,0.4318
CLUBS NINE SPADES EIGHT,0.567,0.0036,0.4294
HEARTS EIGHT CLUBS JACK,0.5862,0.0048,0.409
CLUBS QUEEN HEARTS EIGHT,0.5986,0.0022,0.3992
CLUBS KING HEARTS EIGHT,0.6002,0.0036,0.3962
CLUBS ACE HEARTS EIGHT,0.2252,0.2226,0.5522
SPADES KING CLUBS KING,0.2884,0.004,0.7076
SPADES QUEEN CLUBS KING,0.5802,0.0034,0.4164
DIAMONDS ACE HEARTS TEN,0.2342,0.1194,0.6464
HEARTS FOUR HEARTS TEN,0.6042,0.0038,0.392
DIAMONDS ACE HEARTS JACK,0.247,0.08,0.673
HEARTS FOUR HEARTS JACK,0.5952,0.0048,0.4
SPADES KING CLUBS FIVE,0.6398,0.0048,0.3554
SPADES QUEEN CLUBS FIVE,0.639,0.0038,0.3572
HEARTS SEVEN DIAMONDS JACK,0.5878,0.004,0.4082
HEARTS SIX DIAMONDS JACK,0.737,0.0274,0.2356
DIAMONDS JACK HEARTS NINE,0.5576,0.0044,0.438
DIAMONDS JACK HEARTS EIGHT,0.5768,0.0032,0.42
DIAMONDS KING DIAMONDS JACK,0.5434,0.0052,0.4514
HEARTS THREE DIAMONDS JACK,0.6346,0.0052,0.3602
HEARTS ACE SPADES FOUR,0.375,0.3834,0.2416
DIAMONDS QUEEN DIAMONDS JACK,0.5312,0.0062,0.4626
HEARTS TWO DIAMONDS JACK,0.6304,0.0046,0.365
HEARTS FIVE DIAMONDS JACK,0.6298,0.0066,0.3636
SPADES QUEEN SPADES SIX,0.6992,0.028,0.2728
SPADES FOUR HEARTS QUEEN,0.6528,0.003,0.3442
DIAMONDS ACE DIAMONDS JACK,0.2272,0.082,0.6908
HEARTS FOUR DIAMONDS JACK,0.6254,0.0038,0.3708
SPADES KING SPADES SIX,0.7028,0.0264,0.2708
SPADES FOUR HEARTS KING,0.6406,0.005,0.3544
SPADES TEN SPADES SIX,0.6916,0.0228,0.2856
SPADES JACK SPADES SIX,0.7054,0.0292,0.2654
SPADES FOUR DIAMONDS JACK,0.6356,0.004,0.3604
SPADES FIVE DIAMONDS JACK,0.6248,0.0056,0.3696
SPADES TWO DIAMONDS JACK,0.6344,0.0074,0.3582
SPADES THREE DIAMONDS JACK,0.6376,0.0036,0.3588
SPADES QUEEN DIAMONDS THREE,0.6416,0.0064,0.352
CLUBS EIGHT DIAMONDS JACK,0.5832,0.0044,0.4124
SPADES KING DIAMONDS THREE,0.6482,0.0058,0.346
CLUBS NINE DIAMONDS JACK,0.5632,0.0036,0.4332
CLUBS SIX DIAMONDS JACK,0.724,0.0298,0.2462
CLUBS SEVEN DIAMONDS JACK,0.5952,0.0058,0.399
CLUBS FOUR DIAMONDS JACK,0.6104,0.0038,0.3858
CLUBS FIVE DIAMONDS JACK,0.6378,0.0032,0.359
CLUBS TWO DIAMONDS JACK,0.6348,0.0056,0.3596
CLUBS THREE DIAMONDS JACK,0.6178,0.0036,0.3786
SPADES JACK HEARTS SIX,0.7374,0.0254,0.2372
SPADES TEN CLUBS FIVE,0.6474,0.0048,0.3478
SPADES JACK CLUBS FIVE,0.6356,0.0046,0.3598
SPADES TEN HEARTS SIX,0.7332,0.023,0.2438
SPADES JACK DIAMONDS THREE,0.6388,0.004,0.3572
CLUBS SEVEN CLUBS ACE,0.2098,0.2832,0.507
SPADES TEN DIAMONDS THREE,0.6352,0.0056,0.3592
CLUBS SEVEN CLUBS QUEEN,0.5646,0.0026,0.4328
CLUBS SEVEN CLUBS KING,0.5752,0.0044,0.4204
SPADES NINE DIAMONDS JACK,0.5552,0.004,0.4408
CLUBS TEN CLUBS SEVEN,0.5426,0.005,0.4524
DIAMONDS ACE HEARTS ACE,0.05,0.0108,0.9392
HEARTS FOUR HEARTS ACE,0.3616,0.3476,0.2908
SPADES EIGHT DIAMONDS JACK,0.57,0.004,0.426
CLUBS SEVEN CLUBS JACK,0.5564,0.0024,0.4412
DIAMONDS ACE HEARTS KING,0.2358,0.0448,0.7194
HEARTS FOUR HEARTS KING,0.5934,0.004,0.4026
SPADES SEVEN DIAMONDS JACK,0.5876,0.0058,0.4066
SPADES KING HEARTS SIX,0.7412,0.0318,0.227
DIAMONDS ACE HEARTS QUEEN,0.2496,0.0608,0.6896
HEARTS FOUR HEARTS QUEEN,0.582,0.0036,0.4144
SPADES SIX DIAMONDS JACK,0.7424,0.0258,0.2318
SPADES QUEEN HEARTS SIX,0.7314,0.0292,0.2394
DIAMONDS TEN SPADES TWO,0.6288,0.0062,0.365
DIAMONDS TEN SPADES THREE,0.6428,0.0074,0.3498
DIAMONDS TEN SPADES FOUR,0.647,0.0044,0.3486
SPADES FIVE DIAMONDS TEN,0.6358,0.0046,0.3596
SPADES SIX DIAMONDS TEN,0.7206,0.0246,0.2548
SPADES SEVEN DIAMONDS TEN,0.5808,0.004,0.4152
SPADES EIGHT DIAMONDS TEN,0.5674,0.0042,0.4284
SPADES NINE DIAMONDS TEN,0.5574,0.0048,0.4378
CLUBS FOUR DIAMONDS TEN,0.632,0.0052,0.3628
CLUBS FIVE DIAMONDS TEN,0.6402,0.0062,0.3536
CLUBS SIX DIAMONDS TEN,0.7126,0.0286,0.2588
CLUBS SEVEN DIAMONDS TEN,0.575,0.0034,0.4216
CLUBS EIGHT DIAMONDS TEN,0.5744,0.003,0.4226
CLUBS NINE DIAMONDS TEN,0.5576,0.0042,0.4382
DIAMONDS THREE CLUBS JACK,0.6434,0.0052,0.3514
CLUBS TEN DIAMONDS THREE,0.6404,0.004,0.3556
DIAMONDS THREE CLUBS KING,0.6506,0.006,0.3434
DIAMONDS THREE CLUBS QUEEN,0.6416,0.005,0.3534
DIAMONDS THREE CLUBS ACE,0.3816,0.3904,0.228
SPADES FOUR HEARTS JACK,0.6402,0.0046,0.3552
SPADES FOUR HEARTS TEN,0.6346,0.005,0.3604
SPADES FIVE SPADES TWO,0.6154,0.0058,0.3788
SPADES FOUR SPADES TWO,0.6272,0.005,0.3678
SPADES THREE SPADES TWO,0.6138,0.0046,0.3816
SPADES NINE SPADES TWO,0.6056,0.0052,0.3892
SPADES EIGHT SPADES TWO,0.623,0.0042,0.3728
SPADES SEVEN SPADES TWO,0.6194,0.007,0.3736
SPADES SIX SPADES TWO,0.7144,0.0314,0.2542
CLUBS THREE DIAMONDS QUEEN,0.6256,0.005,0.3694
CLUBS THREE HEARTS TWO,0.6564,0.0044,0.3392
CLUBS TWO DIAMONDS QUEEN,0.628,0.0042,0.3678
HEARTS TWO CLUBS TWO,0.4608,0.005,0.5342
HEARTS SEVEN DIAMONDS QUEEN,0.6134,0.0028,0.3838
HEARTS SEVEN HEARTS TWO,0.5982,0.0052,0.3966
HEARTS SIX DIAMONDS QUEEN,0.737,0.026,0.237
HEARTS SIX HEARTS TWO,0.694,0.0274,0.2786
DIAMONDS QUEEN HEARTS NINE,0.5938,0.0036,0.4026
HEARTS TWO HEARTS NINE,0.5994,0.004,0.3966
DIAMONDS QUEEN HEARTS EIGHT,0.6032,0.002,0.3948
HEARTS TWO HEARTS EIGHT,0.6096,0.0036,0.3868
CLUBS NINE HEARTS TWO,0.6366,0.004,0.3594
CLUBS NINE DIAMONDS QUEEN,0.5672,0.0028,0.43
CLUBS EIGHT HEARTS TWO,0.6424,0.0052,0.3524
CLUBS EIGHT DIAMONDS QUEEN,0.5874,0.0034,0.4092
CLUBS FIVE DIAMONDS QUEEN,0.6338,0.0046,0.3616
CLUBS FIVE HEARTS TWO,0.6544,0.0058,0.3398
SPADES EIGHT HEARTS ACE,0.2242,0.2184,0.5574
CLUBS FOUR DIAMONDS QUEEN,0.6334,0.0056,0.361
CLUBS FOUR HEARTS TWO,0.643,0.0034,0.3536
CLUBS SEVEN DIAMONDS QUEEN,0.6,0.0046,0.3954
CLUBS SEVEN HEARTS TWO,0.6484,0.0046,0.347
SPADES EIGHT HEARTS QUEEN,0.604,0.0032,0.3928
CLUBS SIX DIAMONDS QUEEN,0.7294,0.0316,0.239
CLUBS SIX HEARTS TWO,0.7312,0.0332,0.2356
SPADES EIGHT HEARTS KING,0.599,0.0036,0.3974
SPADES SIX DIAMONDS QUEEN,0.7482,0.0308,0.221
SPADES SIX HEARTS TWO,0.7382,0.0348,0.227
HEARTS FOUR CLUBS QUEEN,0.6374,0.003,0.3596
DIAMONDS ACE CLUBS QUEEN,0.2452,0.0568,0.698
SPADES SEVEN DIAMONDS QUEEN,0.605,0.004,0.391
SPADES SEVEN HEARTS TWO,0.6466,0.0052,0.3482
HEARTS FOUR CLUBS KING,0.6364,0.0034,0.3602
DIAMONDS ACE CLUBS KING,0.238,0.0478,0.7142
SPADES EIGHT DIAMONDS QUEEN,0.5902,0.0062,0.4036
SPADES EIGHT HEARTS TWO,0.6542,0.0048,0.341
HEARTS FOUR CLUBS ACE,0.377,0.3784,0.2446
DIAMONDS ACE CLUBS ACE,0.055,0.0104,0.9346
SPADES NINE DIAMONDS QUEEN,0.5666,0.006,0.4274
SPADES NINE HEARTS TWO,0.6406,0.0054,0.354
HEARTS TWO SPADES TWO,0.4622,0.0054,0.5324
DIAMONDS QUEEN SPADES TWO,0.639,0.008,0.353
HEARTS TWO SPADES THREE,0.6594,0.0046,0.336
SPADES THREE DIAMONDS QUEEN,0.6396,0.0066,0.3538
HEARTS TWO SPADES FOUR,0.6522,0.0064,0.3414
SPADES FOUR DIAMONDS QUEEN,0.6348,0.0044,0.3608
CLUBS TEN HEARTS FOUR,0.6426,0.0028,0.3546
CLUBS TEN DIAMONDS ACE,0.2198,0.1168,0.6634
HEARTS TWO SPADES FIVE,0.6508,0.0064,0.3428
SPADES FIVE DIAMONDS QUEEN,0.6472,0.0046,0.3482
HEARTS FOUR CLUBS JACK,0.6284,0.0022,0.3694
DIAMONDS ACE CLUBS JACK,0.2222,0.0822,0.6956
CLUBS FIVE CLUBS KING,0.6014,0.0044,0.3942
CLUBS FIVE CLUBS QUEEN,0.592,0.0024,0.4056
CLUBS FIVE CLUBS ACE,0.3572,0.3552,0.2876
CLUBS FIVE CLUBS JACK,0.5846,0.003,0.4124
CLUBS TEN CLUBS FIVE,0.6002,0.0046,0.3952
SPADES KING CLUBS JACK,0.5666,0.0034,0.43
SPADES QUEEN CLUBS JACK,0.5546,0.003,0.4424
SPADES SIX CLUBS KING,0.7348,0.0286,0.2366
SPADES SIX CLUBS QUEEN,0.736,0.0302,0.2338
SPADES EIGHT HEARTS JACK,0.574,0.0032,0.4228
SPADES SIX CLUBS ACE,0.0184,0.9698,0.0118
SPADES EIGHT HEARTS TEN,0.5768,0.0038,0.4194
SPADES SIX CLUBS JACK,0.7464,0.0274,0.2262
CLUBS TEN SPADES SIX,0.7274,0.024,0.2486
SPADES TEN CLUBS JACK,0.5426,0.004,0.4534
SPADES JACK CLUBS JACK,0.3052,0.004,0.6908
SPADES QUEEN CLUBS SEVEN,0.6184,0.0038,0.3778
SPADES KING CLUBS SEVEN,0.6092,0.0044,0.3864
SPADES SIX HEARTS TEN,0.7246,0.0282,0.2472
SPADES SIX HEARTS JACK,0.7456,0.0266,0.2278
SPADES SIX HEARTS ACE,0.0168,0.974,0.0092
SPADES SIX HEARTS KING,0.7406,0.0294,0.23
SPADES SIX HEARTS QUEEN,0.7464,0.0286,0.225
SPADES JACK CLUBS SEVEN,0.6024,0.0034,0.3942
CLUBS SEVEN SPADES TEN,0.5934,0.0022,0.4044
CLUBS TEN HEARTS SIX,0.7182,0.022,0.2598
HEARTS SIX CLUBS JACK,0.7366,0.0252,0.2382
CLUBS ACE CLUBS JACK,0.2216,0.0808,0.6976
HEARTS SIX CLUBS QUEEN,0.7316,0.0224,0.246
HEARTS SIX CLUBS KING,0.7364,0.03,0.2336
HEARTS SIX CLUBS ACE,0.0234,0.9536,0.023
CLUBS QUEEN CLUBS JACK,0.5236,0.0026,0.4738
CLUBS KING CLUBS JACK,0.5312,0.0038,0.465
DIAMONDS THREE HEARTS ACE,0.3734,0.3896,0.237
DIAMONDS THREE HEARTS QUEEN,0.6464,0.003,0.3506
DIAMONDS THREE HEARTS KING,0.6356,0.0046,0.3598
CLUBS FIVE HEARTS JACK,0.63,0.0036,0.3664
HEARTS FOUR SPADES TEN,0.6298,0.0054,0.3648
SPADES TEN DIAMONDS ACE,0.2238,0.1214,0.6548
CLUBS FIVE HEARTS TEN,0.6302,0.0026,0.3672
HEARTS FOUR SPADES JACK,0.6332,0.0046,0.3622
SPADES JACK DIAMONDS ACE,0.237,0.0882,0.6748
CLUBS FIVE HEARTS ACE,0.3726,0.3824,0.245
CLUBS FIVE HEARTS KING,0.6274,0.0032,0.3694
SPADES QUEEN DIAMONDS ACE,0.2414,0.0614,0.6972
SPADES QUEEN HEARTS FOUR,0.6474,0.0038,0.3488
SPADES FOUR CLUBS JACK,0.6404,0.0034,0.3562
CLUBS FIVE HEARTS QUEEN,0.6296,0.0028,0.3676
SPADES KING HEARTS FOUR,0.6354,0.0048,0.3598
SPADES KING DIAMONDS ACE,0.2286,0.0516,0.7198
CLUBS TEN SPADES FOUR,0.6268,0.0042,0.369
DIAMONDS ACE DIAMONDS QUEEN,0.231,0.064,0.705
DIAMONDS ACE HEARTS TWO,0.3664,0.3856,0.248
HEARTS FOUR DIAMONDS QUEEN,0.623,0.0034,0.3736
HEARTS FOUR HEARTS TWO,0.613,0.005,0.382
DIAMONDS THREE HEARTS TEN,0.6364,0.0038,0.3598
SPADES FOUR CLUBS KING,0.6394,0.005,0.3556
HEARTS FIVE DIAMONDS QUEEN,0.6188,0.0038,0.3774
HEARTS FIVE HEARTS TWO,0.6166,0.0054,0.378
DIAMONDS THREE HEARTS JACK,0.6352,0.0044,0.3604
SPADES FOUR CLUBS QUEEN,0.63,0.005,0.365
HEARTS TWO DIAMONDS QUEEN,0.6306,0.0052,0.3642
DIAMONDS KING DIAMONDS QUEEN,0.5392,0.004,0.4568
DIAMONDS KING HEARTS TWO,0.6324,0.0038,0.3638
HEARTS THREE DIAMONDS QUEEN,0.631,0.0058,0.3632
HEARTS THREE HEARTS TWO,0.6246,0.005,0.3704
SPADES FOUR CLUBS ACE,0.3786,0.3872,0.2342
HEARTS TWO CLUBS ACE,0.374,0.3852,0.2408
DIAMONDS QUEEN CLUBS ACE,0.2282,0.0582,0.7136
HEARTS TWO CLUBS QUEEN,0.6292,0.004,0.3668
DIAMONDS QUEEN CLUBS QUEEN,0.2984,0.0044,0.6972
HEARTS TWO CLUBS KING,0.6406,0.0048,0.3546
DIAMONDS QUEEN CLUBS KING,0.5682,0.0032,0.4286
SPADES EIGHT SPADES FIVE,0.5976,0.0034,0.399
CLUBS TEN HEARTS TWO,0.6348,0.0052,0.36
CLUBS TEN DIAMONDS QUEEN,0.545,0.003,0.452
SPADES NINE SPADES FIVE,0.6038,0.0056,0.3906
HEARTS TWO CLUBS JACK,0.6326,0.0044,0.363
DIAMONDS QUEEN CLUBS JACK,0.5562,0.0034,0.4404
SPADES SIX SPADES FIVE,0.6564,0.0278,0.3158
SPADES SEVEN SPADES FIVE,0.5878,0.0046,0.4076
DIAMONDS FIVE CLUBS QUEEN,0.6314,0.0046,0.364
SPADES EIGHT CLUBS ACE,0.237,0.229,0.534
DIAMONDS FIVE CLUBS KING,0.635,0.004,0.361
SPADES EIGHT CLUBS KING,0.6078,0.005,0.3872
CLUBS ACE DIAMONDS FIVE,0.383,0.385,0.232
SPADES EIGHT CLUBS QUEEN,0.5986,0.0042,0.3972
SPADES EIGHT CLUBS JACK,0.6012,0.0026,0.3962
CLUBS TEN SPADES EIGHT,0.5726,0.004,0.4234
CLUBS TEN DIAMONDS FIVE,0.6502,0.004,0.3458
DIAMONDS FIVE CLUBS JACK,0.6432,0.0042,0.3526
DIAMONDS TEN HEARTS JACK,0.5448,0.005,0.4502
DIAMONDS TEN HEARTS TEN,0.309,0.0046,0.6864
CLUBS NINE SPADES QUEEN,0.5714,0.0046,0.424
SPADES KING CLUBS NINE,0.5798,0.0024,0.4178
HEARTS SIX HEARTS KING,0.6912,0.0268,0.282
DIAMONDS KING SPADES SEVEN,0.6004,0.0056,0.394
SPADES SEVEN HEARTS THREE,0.647,0.004,0.349
SPADES KING DIAMONDS SEVEN,0.6106,0.0058,0.3836
HEARTS SIX HEARTS QUEEN,0.684,0.0276,0.2884
DIAMONDS KING SPADES SIX,0.729,0.0362,0.2348
HEARTS THREE SPADES SIX,0.7238,0.0296,0.2466
SPADES QUEEN DIAMONDS SEVEN,0.6068,0.006,0.3872
SPADES NINE DIAMONDS KING,0.5944,0.0064,0.3992
SPADES NINE HEARTS THREE,0.6332,0.0054,0.3614
HEARTS SIX HEARTS ACE,0.0206,0.9152,0.0642
SPADES EIGHT DIAMONDS KING,0.607,0.0042,0.3888
SPADES EIGHT HEARTS THREE,0.6484,0.0038,0.3478
CLUBS NINE HEARTS THREE,0.6392,0.004,0.3568
CLUBS NINE DIAMONDS KING,0.598,0.004,0.398
CLUBS EIGHT HEARTS THREE,0.6418,0.0034,0.3548
CLUBS EIGHT DIAMONDS KING,0.596,0.0016,0.4024
HEARTS THREE SPADES THREE,0.4654,0.0046,0.53
DIAMONDS KING SPADES THREE,0.6424,0.0056,0.352
HEARTS THREE SPADES TWO,0.6524,0.005,0.3426
DIAMONDS KING SPADES TWO,0.6504,0.005,0.3446
HEARTS THREE SPADES FIVE,0.6384,0.0042,0.3574
