opposingHand,winningChance,drawChance,lostChance
SPADES TEN CLUBS ACE
SPADES JACK HEARTS FIVE,0.6428,0.0036,0.3536
SPADES FIVE CLUBS JACK,0.6688,0.0036,0.3276
SPADES FIVE CLUBS TEN,0.7558,0.0302,0.214
CLUBS EIGHT CLUBS JACK,0.6122,0.0034,0.3844
CLUBS EIGHT CLUBS TEN,0.6792,0.0224,0.2984
CLUBS EIGHT CLUBS KING,0.6124,0.0062,0.3814
CLUBS EIGHT CLUBS QUEEN,0.6246,0.007,0.3684
SPADES FIVE CLUBS KING,0.6542,0.004,0.3418
SPADES FIVE CLUBS QUEEN,0.6636,0.0038,0.3326
DIAMONDS TWO DIAMONDS THREE,0.6028,0.006,0.3912
DIAMONDS TWO DIAMONDS FIVE,0.611,0.005,0.384
SPADES KING HEARTS FIVE,0.6388,0.0034,0.3578
DIAMONDS TWO DIAMONDS FOUR,0.5964,0.0046,0.399
SPADES QUEEN HEARTS FIVE,0.652,0.0052,0.3428
DIAMONDS TWO DIAMONDS SEVEN,0.6354,0.005,0.3596
DIAMONDS TWO DIAMONDS SIX,0.6286,0.0036,0.3678
SPADES ACE HEARTS FIVE,0.6234,0.1204,0.2562
DIAMONDS TWO DIAMONDS NINE,0.622,0.0056,0.3724
DIAMONDS TWO DIAMONDS EIGHT,0.6362,0.0032,0.3606
DIAMONDS THREE DIAMONDS FOUR,0.5962,0.005,0.3988
CLUBS TWO SPADES FOUR,0.6574,0.0042,0.3384
DIAMONDS THREE DIAMONDS FIVE,0.6052,0.0054,0.3894
CLUBS TWO SPADES FIVE,0.6624,0.0046,0.333
CLUBS TWO SPADES TWO,0.4866,0.0062,0.5072
CLUBS TWO SPADES THREE,0.6604,0.0074,0.3322
DIAMONDS THREE DIAMONDS EIGHT,0.6358,0.0042,0.36
SPADES EIGHT CLUBS TWO,0.6774,0.0072,0.3154
DIAMONDS THREE DIAMONDS NINE,0.6344,0.005,0.3606
SPADES NINE CLUBS TWO,0.6868,0.0038,0.3094
DIAMONDS THREE DIAMONDS SIX,0.6204,0.0056,0.374
CLUBS TWO SPADES SIX,0.6742,0.0056,0.3202
DIAMONDS THREE DIAMONDS SEVEN,0.626,0.0056,0.3684
SPADES SEVEN CLUBS TWO,0.6896,0.0054,0.305
CLUBS SIX CLUBS TWO,0.6206,0.005,0.3744
CLUBS SEVEN CLUBS TWO,0.65,0.0046,0.3454
CLUBS FOUR CLUBS TWO,0.635,0.0038,0.3612
CLUBS FIVE CLUBS TWO,0.6164,0.006,0.3776
CLUBS JACK CLUBS TEN,0.6722,0.017,0.3108
DIAMONDS FOUR DIAMONDS SIX,0.6026,0.0044,0.393
CLUBS QUEEN CLUBS TEN,0.687,0.0194,0.2936
DIAMONDS FOUR DIAMONDS SEVEN,0.6026,0.0046,0.3928
CLUBS KING CLUBS TEN,0.704,0.0146,0.2814
CLUBS EIGHT CLUBS TWO,0.6488,0.006,0.3452
DIAMONDS FIVE DIAMONDS FOUR,0.596,0.0044,0.3996
CLUBS NINE CLUBS TWO,0.6422,0.006,0.3518
DIAMONDS NINE DIAMONDS FOUR,0.6406,0.0038,0.3556
DIAMONDS EIGHT DIAMONDS FOUR,0.6224,0.0046,0.373
CLUBS TWO CLUBS THREE,0.631,0.008,0.361
DIAMONDS NINE DIAMONDS FIVE,0.6156,0.0042,0.3802
DIAMONDS TWO CLUBS JACK,0.6496,0.0046,0.3458
DIAMONDS EIGHT DIAMONDS FIVE,0.6084,0.0044,0.3872
DIAMONDS TWO CLUBS TEN,0.7594,0.0242,0.2164
DIAMONDS FIVE DIAMONDS SEVEN,0.6012,0.004,0.3948
DIAMONDS FIVE DIAMONDS SIX,0.5878,0.0042,0.408
DIAMONDS TWO CLUBS KING,0.6508,0.0038,0.3454
DIAMONDS TWO CLUBS QUEEN,0.6606,0.0034,0.336
DIAMONDS EIGHT DIAMONDS SIX,0.6056,0.005,0.3894
DIAMONDS NINE DIAMONDS SIX,0.6146,0.002,0.3834
HEARTS ACE SPADES THREE,0.632,0.1182,0.2498
HEARTS KING SPADES THREE,0.6492,0.006,0.3448
DIAMONDS SEVEN DIAMONDS SIX,0.598,0.0024,0.3996
SPADES THREE HEARTS QUEEN,0.6512,0.005,0.3438
SPADES THREE HEARTS JACK,0.6492,0.0046,0.3462
SPADES THREE HEARTS TEN,0.7636,0.0242,0.2122
DIAMONDS EIGHT DIAMONDS SEVEN,0.5896,0.0046,0.4058
DIAMONDS NINE DIAMONDS SEVEN,0.5974,0.0058,0.3968
DIAMONDS NINE DIAMONDS EIGHT,0.5932,0.0036,0.4032
DIAMONDS KING HEARTS TEN,0.7262,0.0254,0.2484
HEARTS THREE HEARTS TEN,0.7062,0.0244,0.2694
CLUBS SIX SPADES JACK,0.653,0.0052,0.3418
DIAMONDS KING HEARTS JACK,0.6,0.0046,0.3954
HEARTS THREE HEARTS JACK,0.6086,0.004,0.3874
SPADES JACK SPADES FIVE,0.5994,0.0048,0.3958
DIAMONDS KING HEARTS ACE,0.2542,0.046,0.6998
HEARTS THREE HEARTS ACE,0.594,0.1176,0.2884
SPADES ACE CLUBS SIX,0.6572,0.1156,0.2272
DIAMONDS KING HEARTS QUEEN,0.594,0.003,0.403
HEARTS THREE HEARTS QUEEN,0.6082,0.0042,0.3876
SPADES KING CLUBS SIX,0.6402,0.0036,0.3562
DIAMONDS KING HEARTS KING,0.2864,0.004,0.7096
HEARTS THREE HEARTS KING,0.6092,0.005,0.3858
SPADES QUEEN CLUBS SIX,0.6522,0.0038,0.344
SPADES NINE HEARTS TEN,0.7162,0.023,0.2608
SPADES NINE HEARTS JACK,0.6194,0.0066,0.374
SPADES QUEEN SPADES FIVE,0.6124,0.0058,0.3818
SPADES KING SPADES FIVE,0.6192,0.0048,0.376
SPADES ACE SPADES FIVE,0.5926,0.116,0.2914
SPADES NINE HEARTS QUEEN,0.6366,0.003,0.3604
SPADES NINE HEARTS KING,0.6502,0.004,0.3458
SPADES NINE HEARTS ACE,0.6502,0.1228,0.227
SPADES JACK CLUBS TEN,0.7064,0.0186,0.275
SPADES ACE CLUBS TEN,0.0086,0.9826,0.0088
SPADES KING CLUBS TEN,0.7326,0.0222,0.2452
SPADES QUEEN CLUBS TEN,0.7248,0.0224,0.2528
SPADES FIVE HEARTS QUEEN,0.667,0.0042,0.3288
SPADES FIVE HEARTS KING,0.6552,0.0042,0.3406
SPADES FIVE HEARTS ACE,0.6276,0.1192,0.2532
HEARTS THREE SPADES JACK,0.651,0.0056,0.3434
SPADES JACK DIAMONDS KING,0.6002,0.004,0.3958
CLUBS EIGHT SPADES JACK,0.6404,0.0048,0.3548
SPADES ACE CLUBS EIGHT,0.6392,0.1266,0.2342
HEARTS FIVE CLUBS JACK,0.6494,0.0042,0.3464
CLUBS SIX HEARTS ACE,0.6544,0.1238,0.2218
HEARTS FIVE CLUBS TEN,0.7434,0.0274,0.2292
CLUBS EIGHT SPADES QUEEN,0.6384,0.0068,0.3548
SPADES THREE CLUBS TEN,0.7536,0.0302,0.2162
CLUBS SIX HEARTS QUEEN,0.6546,0.0036,0.3418
CLUBS EIGHT SPADES KING,0.6504,0.0036,0.346
SPADES THREE CLUBS JACK,0.6676,0.005,0.3274
CLUBS SIX HEARTS KING,0.6502,0.0046,0.3452
DIAMONDS TWO HEARTS JACK,0.657,0.0044,0.3386
SPADES THREE CLUBS QUEEN,0.6588,0.0064,0.3348
DIAMONDS TWO HEARTS TEN,0.7536,0.0278,0.2186
SPADES THREE CLUBS KING,0.6434,0.004,0.3526
SPADES FIVE HEARTS TEN,0.7494,0.0268,0.2238
HEARTS FIVE CLUBS KING,0.6392,0.0044,0.3564
SPADES FIVE HEARTS JACK,0.6514,0.0048,0.3438
HEARTS FIVE CLUBS QUEEN,0.6428,0.0038,0.3534
HEARTS THREE CLUBS KING,0.6588,0.0044,0.3368
DIAMONDS KING CLUBS KING,0.2824,0.005,0.7126
HEARTS THREE CLUBS QUEEN,0.6476,0.0038,0.3486
DIAMONDS KING CLUBS QUEEN,0.6012,0.0048,0.394
HEARTS FIVE HEARTS JACK,0.6166,0.0024,0.381
HEARTS FIVE HEARTS TEN,0.696,0.0238,0.2802
SPADES ACE CLUBS QUEEN,0.2334,0.0608,0.7058
SPADES KING CLUBS QUEEN,0.607,0.0046,0.3884
HEARTS THREE CLUBS JACK,0.6436,0.0048,0.3516
DIAMONDS KING CLUBS JACK,0.6048,0.0026,0.3926
SPADES QUEEN CLUBS QUEEN,0.2896,0.006,0.7044
HEARTS THREE CLUBS TEN,0.7494,0.0232,0.2274
DIAMONDS KING CLUBS TEN,0.7284,0.0226,0.249
SPADES JACK CLUBS QUEEN,0.593,0.0046,0.4024
CLUBS SIX CLUBS QUEEN,0.6236,0.005,0.3714
CLUBS SIX CLUBS KING,0.6264,0.0042,0.3694
HEARTS FIVE HEARTS KING,0.5988,0.0036,0.3976
HEARTS FIVE HEARTS QUEEN,0.5968,0.0054,0.3978
CLUBS SIX CLUBS TEN,0.7114,0.0236,0.265
HEARTS FIVE HEARTS ACE,0.5884,0.1166,0.295
CLUBS SIX CLUBS JACK,0.6294,0.0056,0.365
SPADES SEVEN HEARTS JACK,0.6312,0.0058,0.363
SPADES SEVEN HEARTS TEN,0.7196,0.0246,0.2558
DIAMONDS TWO CLUBS TWO,0.4878,0.0032,0.509
DIAMONDS TWO CLUBS THREE,0.6676,0.0046,0.3278
HEARTS SIX DIAMONDS TWO,0.6578,0.0048,0.3374
DIAMONDS TWO HEARTS QUEEN,0.6482,0.0026,0.3492
DIAMONDS TWO HEARTS SEVEN,0.6852,0.0028,0.312
DIAMONDS TWO HEARTS KING,0.6434,0.0032,0.3534
DIAMONDS TWO HEARTS EIGHT,0.6664,0.004,0.3296
DIAMONDS TWO HEARTS ACE,0.6276,0.122,0.2504
DIAMONDS TWO HEARTS NINE,0.6848,0.0036,0.3116
DIAMONDS TWO DIAMONDS QUEEN,0.6096,0.0032,0.3872
DIAMONDS TWO HEARTS TWO,0.475,0.0048,0.5202
DIAMONDS TWO DIAMONDS KING,0.605,0.0046,0.3904
HEARTS THREE DIAMONDS TWO,0.6516,0.0048,0.3436
DIAMONDS TWO DIAMONDS ACE,0.5962,0.1158,0.288
HEARTS FOUR DIAMONDS TWO,0.6642,0.0058,0.33
DIAMONDS TWO HEARTS FIVE,0.6512,0.0038,0.345
SPADES SEVEN HEARTS ACE,0.649,0.117,0.234
DIAMONDS TWO DIAMONDS TEN,0.7068,0.025,0.2682
SPADES SEVEN HEARTS KING,0.6362,0.0038,0.36
DIAMONDS TWO DIAMONDS JACK,0.6076,0.005,0.3874
SPADES SEVEN HEARTS QUEEN,0.6606,0.0052,0.3342
DIAMONDS TWO SPADES NINE,0.6842,0.0032,0.3126
DIAMONDS TWO SPADES EIGHT,0.692,0.0058,0.3022
DIAMONDS TWO SPADES SEVEN,0.6794,0.0052,0.3154
DIAMONDS TWO SPADES SIX,0.674,0.0046,0.3214
DIAMONDS TWO SPADES FIVE,0.645,0.0056,0.3494
DIAMONDS TWO SPADES FOUR,0.661,0.0042,0.3348
DIAMONDS TWO SPADES THREE,0.6642,0.0054,0.3304
DIAMONDS TWO SPADES TWO,0.4742,0.0048,0.521
CLUBS NINE DIAMONDS TWO,0.6874,0.0048,0.3078
CLUBS EIGHT DIAMONDS TWO,0.6736,0.008,0.3184
DIAMONDS TWO CLUBS SEVEN,0.6792,0.0048,0.316
CLUBS SIX DIAMONDS TWO,0.6628,0.005,0.3322
DIAMONDS TWO CLUBS FIVE,0.6612,0.0052,0.3336
DIAMONDS TWO CLUBS FOUR,0.6584,0.0052,0.3364
CLUBS FOUR SPADES FIVE,0.6284,0.0046,0.367
CLUBS FOUR SPADES FOUR,0.4856,0.0038,0.5106
CLUBS FOUR SPADES THREE,0.6556,0.004,0.3404
CLUBS FOUR SPADES TWO,0.6648,0.0064,0.3288
SPADES NINE CLUBS FOUR,0.6898,0.0074,0.3028
CLUBS FOUR SPADES EIGHT,0.6734,0.0052,0.3214
CLUBS FOUR SPADES SEVEN,0.651,0.0058,0.3432
CLUBS FOUR SPADES SIX,0.6554,0.0054,0.3392
SPADES ACE DIAMONDS SIX,0.641,0.1182,0.2408
SPADES QUEEN DIAMONDS SIX,0.6478,0.0042,0.348
SPADES KING DIAMONDS SIX,0.6358,0.0058,0.3584
SPADES JACK DIAMONDS SIX,0.6504,0.0044,0.3452
SPADES QUEEN SPADES TWO,0.62,0.0044,0.3756
SPADES KING SPADES TWO,0.6178,0.004,0.3782
SPADES ACE SPADES TWO,0.611,0.117,0.272
DIAMONDS JACK CLUBS JACK,0.3086,0.0034,0.688
DIAMONDS JACK CLUBS TEN,0.7026,0.0162,0.2812
DIAMONDS JACK CLUBS KING,0.6022,0.0028,0.395
DIAMONDS JACK CLUBS QUEEN,0.5992,0.004,0.3968
DIAMONDS THREE DIAMONDS JACK,0.6078,0.0062,0.386
DIAMONDS THREE DIAMONDS TEN,0.7038,0.0246,0.2716
DIAMONDS THREE DIAMONDS KING,0.611,0.0052,0.3838
HEARTS THREE DIAMONDS THREE,0.4736,0.006,0.5204
DIAMONDS THREE DIAMONDS QUEEN,0.609,0.0042,0.3868
DIAMONDS THREE HEARTS TWO,0.6602,0.0046,0.3352
HEARTS FIVE DIAMONDS THREE,0.625,0.0038,0.3712
DIAMONDS THREE DIAMONDS ACE,0.5922,0.1126,0.2952
HEARTS FOUR DIAMONDS THREE,0.6358,0.0036,0.3606
DIAMONDS THREE HEARTS SEVEN,0.6676,0.003,0.3294
HEARTS SIX DIAMONDS THREE,0.643,0.0036,0.3534
SPADES JACK SPADES NINE,0.5868,0.0054,0.4078
DIAMONDS THREE HEARTS NINE,0.6658,0.0036,0.3306
HEARTS JACK DIAMONDS FOUR,0.649,0.0028,0.3482
HEARTS KING HEARTS ACE,0.2332,0.0476,0.7192
DIAMONDS THREE HEARTS EIGHT,0.6792,0.0022,0.3186
HEARTS TEN DIAMONDS FOUR,0.748,0.0216,0.2304
SPADES JACK SPADES TWO,0.6292,0.0066,0.3642
HEARTS QUEEN DIAMONDS FOUR,0.6506,0.005,0.3444
HEARTS KING DIAMONDS FOUR,0.6542,0.0038,0.342
SPADES ACE SPADES NINE,0.6282,0.1162,0.2556
HEARTS ACE DIAMONDS FOUR,0.6332,0.1166,0.2502
SPADES KING SPADES NINE,0.6104,0.0044,0.3852
SPADES QUEEN SPADES NINE,0.6032,0.004,0.3928
DIAMONDS THREE SPADES NINE,0.6748,0.0048,0.3204
DIAMONDS THREE SPADES EIGHT,0.6842,0.0032,0.3126
DIAMONDS THREE SPADES SEVEN,0.6696,0.0036,0.3268
DIAMONDS THREE SPADES SIX,0.645,0.0032,0.3518
CLUBS SIX DIAMONDS THREE,0.6526,0.0044,0.343
CLUBS SIX CLUBS FIVE,0.597,0.0044,0.3986
CLUBS SEVEN CLUBS FIVE,0.6094,0.0056,0.385
CLUBS SEVEN DIAMONDS THREE,0.6574,0.005,0.3376
DIAMONDS THREE CLUBS FOUR,0.6386,0.0048,0.3566
CLUBS QUEEN DIAMONDS FOUR,0.6536,0.0034,0.343
DIAMONDS THREE CLUBS FIVE,0.6326,0.006,0.3614
CLUBS KING DIAMONDS FOUR,0.648,0.0054,0.3466
DIAMONDS THREE CLUBS TWO,0.6564,0.005,0.3386
DIAMONDS FOUR CLUBS TEN,0.7518,0.0254,0.2228
DIAMONDS THREE CLUBS THREE,0.5042,0.0056,0.4902
DIAMONDS FOUR CLUBS JACK,0.639,0.0046,0.3564
DIAMONDS THREE SPADES FOUR,0.6516,0.005,0.3434
DIAMONDS THREE SPADES FIVE,0.6498,0.005,0.3452
DIAMONDS THREE SPADES TWO,0.6698,0.0042,0.326
DIAMONDS THREE SPADES THREE,0.4918,0.0068,0.5014
CLUBS EIGHT DIAMONDS THREE,0.6782,0.006,0.3158
CLUBS NINE DIAMONDS THREE,0.6852,0.0046,0.3102
SPADES SEVEN CLUBS QUEEN,0.648,0.0048,0.3472
SPADES SEVEN CLUBS KING,0.6558,0.0038,0.3404
CLUBS FIVE SPADES SEVEN,0.6466,0.006,0.3474
SPADES SEVEN CLUBS TEN,0.7288,0.0266,0.2446
CLUBS FIVE SPADES SIX,0.6342,0.0056,0.3602
SPADES SEVEN CLUBS JACK,0.6476,0.003,0.3494
SPADES NINE CLUBS FIVE,0.6838,0.0054,0.3108
SPADES EIGHT CLUBS FIVE,0.655,0.0048,0.3402
CLUBS FIVE SPADES THREE,0.6518,0.0056,0.3426
CLUBS FIVE SPADES TWO,0.6574,0.0052,0.3374
CLUBS FIVE SPADES FIVE,0.475,0.0058,0.5192
CLUBS FIVE SPADES FOUR,0.6362,0.0054,0.3584
CLUBS NINE CLUBS FIVE,0.6314,0.0056,0.363
CLUBS EIGHT CLUBS FIVE,0.6288,0.0064,0.3648
CLUBS KING CLUBS QUEEN,0.5596,0.0038,0.4366
DIAMONDS TEN DIAMONDS FOUR,0.7018,0.0248,0.2734
DIAMONDS NINE CLUBS TEN,0.7144,0.0204,0.2652
DIAMONDS JACK DIAMONDS FOUR,0.6048,0.0044,0.3908
DIAMONDS NINE CLUBS JACK,0.634,0.0042,0.3618
SPADES NINE CLUBS JACK,0.6406,0.0054,0.354
SPADES NINE CLUBS TEN,0.7356,0.0234,0.241
DIAMONDS ACE DIAMONDS FOUR,0.593,0.1166,0.2904
HEARTS FOUR DIAMONDS FOUR,0.4864,0.0044,0.5092
DIAMONDS JACK HEARTS TEN,0.688,0.015,0.297
SPADES NINE CLUBS KING,0.6434,0.0052,0.3514
HEARTS FIVE DIAMONDS FOUR,0.631,0.0036,0.3654
HEARTS JACK DIAMONDS JACK,0.315,0.003,0.682
SPADES NINE CLUBS QUEEN,0.6326,0.0056,0.3618
DIAMONDS TWO SPADES JACK,0.6412,0.0042,0.3546
DIAMONDS QUEEN DIAMONDS FOUR,0.61,0.0044,0.3856
HEARTS TWO DIAMONDS FOUR,0.6408,0.0046,0.3546
DIAMONDS NINE CLUBS QUEEN,0.6356,0.0024,0.362
DIAMONDS KING DIAMONDS FOUR,0.6258,0.004,0.3702
HEARTS THREE DIAMONDS FOUR,0.646,0.0036,0.3504
DIAMONDS NINE CLUBS KING,0.6468,0.004,0.3492
HEARTS ACE DIAMONDS JACK,0.2318,0.089,0.6792
SPADES ACE DIAMONDS TWO,0.6332,0.1252,0.2416
DIAMONDS JACK HEARTS QUEEN,0.5814,0.0032,0.4154
SPADES QUEEN DIAMONDS TWO,0.6398,0.0046,0.3556
HEARTS KING DIAMONDS JACK,0.6014,0.0042,0.3944
SPADES KING DIAMONDS TWO,0.662,0.0052,0.3328
SPADES JACK SPADES SEVEN,0.61,0.005,0.385
CLUBS SEVEN CLUBS THREE,0.6478,0.0048,0.3474
CLUBS SIX CLUBS THREE,0.6332,0.004,0.3628
CLUBS FIVE CLUBS THREE,0.6098,0.0042,0.386
CLUBS FOUR CLUBS THREE,0.6094,0.0042,0.3864
CLUBS NINE CLUBS THREE,0.6498,0.0042,0.346
CLUBS EIGHT CLUBS THREE,0.6446,0.005,0.3504
CLUBS THREE SPADES FIVE,0.642,0.0046,0.3534
CLUBS THREE SPADES FOUR,0.642,0.0048,0.3532
CLUBS THREE SPADES THREE,0.4872,0.0068,0.506
CLUBS THREE SPADES TWO,0.6684,0.008,0.3236
SPADES SIX CLUBS THREE,0.6584,0.003,0.3386
SPADES SEVEN CLUBS THREE,0.6704,0.0046,0.325
SPADES EIGHT CLUBS THREE,0.6914,0.0036,0.305
SPADES NINE CLUBS THREE,0.6744,0.0038,0.3218
SPADES TWO DIAMONDS FOUR,0.6578,0.0042,0.338
SPADES THREE DIAMONDS FOUR,0.6516,0.0052,0.3432
SPADES FOUR DIAMONDS FOUR,0.4778,0.0036,0.5186
SPADES FIVE DIAMONDS FOUR,0.6254,0.004,0.3706
SPADES SIX DIAMONDS FOUR,0.641,0.0052,0.3538
SPADES SEVEN DIAMONDS FOUR,0.6518,0.004,0.3442
SPADES EIGHT DIAMONDS FOUR,0.6636,0.0036,0.3328
SPADES NINE DIAMONDS FOUR,0.6942,0.0048,0.301
CLUBS FIVE DIAMONDS FOUR,0.6288,0.0042,0.367
CLUBS FOUR DIAMONDS FOUR,0.4946,0.0048,0.5006
CLUBS SEVEN DIAMONDS FOUR,0.6618,0.0042,0.334
CLUBS SIX DIAMONDS FOUR,0.642,0.0048,0.3532
CLUBS NINE DIAMONDS FOUR,0.6784,0.0038,0.3178
CLUBS EIGHT DIAMONDS FOUR,0.662,0.003,0.335
DIAMONDS FOUR HEARTS SEVEN,0.6386,0.0032,0.3582
HEARTS SIX DIAMONDS FOUR,0.6412,0.004,0.3548
HEARTS NINE DIAMONDS FOUR,0.6804,0.0028,0.3168
DIAMONDS FOUR HEARTS EIGHT,0.6598,0.003,0.3372
CLUBS THREE DIAMONDS FOUR,0.6512,0.0044,0.3444
CLUBS TWO DIAMONDS FOUR,0.6494,0.0038,0.3468
DIAMONDS TEN DIAMONDS FIVE,0.7064,0.0176,0.276
DIAMONDS JACK DIAMONDS FIVE,0.601,0.0044,0.3946
DIAMONDS NINE HEARTS QUEEN,0.62,0.0026,0.3774
HEARTS KING DIAMONDS NINE,0.6262,0.005,0.3688
DIAMONDS NINE HEARTS ACE,0.6462,0.1194,0.2344
DIAMONDS NINE HEARTS TEN,0.7128,0.0238,0.2634
DIAMONDS NINE HEARTS JACK,0.6284,0.003,0.3686
CLUBS KING DIAMONDS SIX,0.6486,0.0036,0.3478
CLUBS QUEEN DIAMONDS SIX,0.6608,0.0024,0.3368
SPADES KING DIAMONDS FOUR,0.6376,0.0032,0.3592
SPADES ACE SPADES SEVEN,0.6046,0.116,0.2794
SPADES QUEEN DIAMONDS FOUR,0.637,0.0042,0.3588
SPADES QUEEN SPADES SEVEN,0.626,0.0054,0.3686
CLUBS JACK DIAMONDS SIX,0.656,0.0048,0.3392
SPADES KING SPADES SEVEN,0.6086,0.0044,0.387
SPADES ACE DIAMONDS FOUR,0.6378,0.1182,0.244
CLUBS TEN DIAMONDS SIX,0.7394,0.0278,0.2328
CLUBS NINE CLUBS FOUR,0.6612,0.0044,0.3344
CLUBS EIGHT CLUBS FOUR,0.6438,0.0048,0.3514
SPADES JACK DIAMONDS FOUR,0.6598,0.0034,0.3368
CLUBS FOUR CLUBS FIVE,0.5998,0.0046,0.3956
CLUBS SEVEN CLUBS FOUR,0.6242,0.005,0.3708
CLUBS SIX CLUBS FOUR,0.6072,0.0058,0.387
CLUBS SEVEN SPADES EIGHT,0.6496,0.0054,0.345
CLUBS SEVEN SPADES NINE,0.6476,0.0056,0.3468
CLUBS SEVEN SPADES SIX,0.6344,0.0048,0.3608
CLUBS SEVEN SPADES SEVEN,0.4616,0.0048,0.5336
CLUBS SEVEN SPADES FIVE,0.6512,0.0042,0.3446
CLUBS SEVEN SPADES FOUR,0.6584,0.0054,0.3362
CLUBS SEVEN SPADES THREE,0.6688,0.0046,0.3266
CLUBS SEVEN SPADES TWO,0.6834,0.0056,0.311
CLUBS NINE CLUBS SEVEN,0.6114,0.0034,0.3852
CLUBS EIGHT CLUBS SEVEN,0.6,0.0058,0.3942
HEARTS SIX DIAMONDS FIVE,0.6196,0.0028,0.3776
DIAMONDS FIVE HEARTS SEVEN,0.6352,0.0034,0.3614
DIAMONDS FIVE HEARTS EIGHT,0.6498,0.0038,0.3464
HEARTS NINE DIAMONDS FIVE,0.6614,0.0026,0.336
DIAMONDS QUEEN DIAMONDS FIVE,0.6048,0.0046,0.3906
HEARTS TWO DIAMONDS FIVE,0.6522,0.005,0.3428
HEARTS KING HEARTS EIGHT,0.6068,0.0034,0.3898
DIAMONDS KING DIAMONDS FIVE,0.596,0.0052,0.3988
HEARTS THREE DIAMONDS FIVE,0.631,0.003,0.366
HEARTS QUEEN HEARTS EIGHT,0.592,0.0038,0.4042
DIAMONDS ACE DIAMONDS FIVE,0.5922,0.1128,0.295
HEARTS FOUR DIAMONDS FIVE,0.6216,0.0042,0.3742
HEARTS FIVE DIAMONDS FIVE,0.4906,0.0028,0.5066
HEARTS ACE HEARTS EIGHT,0.6026,0.1232,0.2742
CLUBS FOUR DIAMONDS FIVE,0.6308,0.0064,0.3628
CLUBS FIVE DIAMONDS FIVE,0.481,0.0038,0.5152
CLUBS SIX DIAMONDS FIVE,0.6412,0.0052,0.3536
CLUBS SEVEN DIAMONDS FIVE,0.6406,0.0048,0.3546
CLUBS TWO DIAMONDS FIVE,0.6474,0.0032,0.3494
CLUBS THREE DIAMONDS FIVE,0.6346,0.005,0.3604
SPADES THREE DIAMONDS FIVE,0.6486,0.006,0.3454
SPADES TWO DIAMONDS FIVE,0.6486,0.005,0.3464
SPADES JACK DIAMONDS EIGHT,0.6202,0.004,0.3758
SPADES FIVE DIAMONDS FIVE,0.48,0.0052,0.5148
HEARTS JACK CLUBS TEN,0.7216,0.0154,0.263
SPADES FOUR DIAMONDS FIVE,0.6226,0.0056,0.3718
HEARTS JACK CLUBS JACK,0.315,0.004,0.681
HEARTS JACK CLUBS QUEEN,0.5878,0.004,0.4082
CLUBS NINE DIAMONDS FIVE,0.6734,0.0052,0.3214
HEARTS JACK CLUBS KING,0.61,0.0042,0.3858
CLUBS EIGHT DIAMONDS FIVE,0.6498,0.005,0.3452
SPADES SEVEN DIAMONDS FIVE,0.6506,0.0046,0.3448
SPADES KING DIAMONDS EIGHT,0.6554,0.0038,0.3408
SPADES SIX DIAMONDS FIVE,0.6384,0.0032,0.3584
SPADES QUEEN DIAMONDS EIGHT,0.6288,0.0038,0.3674
SPADES NINE DIAMONDS FIVE,0.6804,0.0032,0.3164
SPADES EIGHT DIAMONDS FIVE,0.6432,0.0046,0.3522
SPADES ACE DIAMONDS EIGHT,0.6566,0.1146,0.2288
DIAMONDS TEN DIAMONDS SIX,0.6948,0.028,0.2772
HEARTS ACE DIAMONDS SEVEN,0.6552,0.1188,0.226
DIAMONDS JACK DIAMONDS SIX,0.6066,0.0026,0.3908
HEARTS QUEEN DIAMONDS SEVEN,0.6472,0.0022,0.3506
HEARTS KING DIAMONDS SEVEN,0.655,0.0038,0.3412
DIAMONDS ACE DIAMONDS SIX,0.6124,0.1114,0.2762
HEARTS FOUR DIAMONDS SIX,0.6252,0.0034,0.3714
HEARTS JACK SPADES TWO,0.6606,0.0044,0.335
HEARTS FIVE DIAMONDS SIX,0.6196,0.0024,0.378
SPADES TWO HEARTS TEN,0.7642,0.0274,0.2084
DIAMONDS QUEEN DIAMONDS SIX,0.5966,0.0036,0.3998
HEARTS TWO DIAMONDS SIX,0.6668,0.0056,0.3276
DIAMONDS KING DIAMONDS SIX,0.6012,0.0034,0.3954
HEARTS THREE DIAMONDS SIX,0.6486,0.0034,0.348
HEARTS EIGHT DIAMONDS SIX,0.637,0.0026,0.3604
HEARTS NINE DIAMONDS SIX,0.651,0.0026,0.3464
HEARTS SIX DIAMONDS SIX,0.4698,0.0024,0.5278
HEARTS SEVEN DIAMONDS SIX,0.6346,0.0034,0.362
HEARTS TEN DIAMONDS SEVEN,0.7234,0.021,0.2556
CLUBS TWO DIAMONDS SIX,0.6764,0.0036,0.32
HEARTS JACK DIAMONDS SEVEN,0.6476,0.0032,0.3492
CLUBS THREE DIAMONDS SIX,0.666,0.0032,0.3308
DIAMONDS EIGHT CLUBS JACK,0.6244,0.0034,0.3722
CLUBS SEVEN DIAMONDS SIX,0.6312,0.004,0.3648
CLUBS SIX DIAMONDS SIX,0.4728,0.0034,0.5238
DIAMONDS EIGHT CLUBS TEN,0.7122,0.0206,0.2672
CLUBS FIVE DIAMONDS SIX,0.6454,0.0046,0.35
CLUBS FOUR DIAMONDS SIX,0.6404,0.0038,0.3558
HEARTS ACE HEARTS JACK,0.2288,0.0812,0.69
HEARTS JACK HEARTS QUEEN,0.5366,0.0052,0.4582
DIAMONDS EIGHT CLUBS KING,0.6546,0.0054,0.34
CLUBS NINE DIAMONDS SIX,0.6626,0.0042,0.3332
HEARTS KING HEARTS JACK,0.552,0.0048,0.4432
DIAMONDS EIGHT CLUBS QUEEN,0.6412,0.0042,0.3546
CLUBS EIGHT DIAMONDS SIX,0.6486,0.0034,0.348
SPADES FIVE DIAMONDS SIX,0.6318,0.0038,0.3644
HEARTS ACE SPADES TWO,0.6498,0.1242,0.226
SPADES JACK HEARTS KING,0.6022,0.0036,0.3942
SPADES FOUR DIAMONDS SIX,0.6454,0.0032,0.3514
SPADES THREE DIAMONDS SIX,0.6572,0.0046,0.3382
SPADES TWO HEARTS QUEEN,0.655,0.007,0.338
SPADES ACE SPADES KING,0.232,0.044,0.724
HEARTS KING SPADES TWO,0.6534,0.0052,0.3414
SPADES TWO DIAMONDS SIX,0.6752,0.0046,0.3202
HEARTS TEN HEARTS EIGHT,0.673,0.025,0.302
SPADES NINE DIAMONDS SIX,0.6688,0.0046,0.3266
HEARTS JACK HEARTS EIGHT,0.5882,0.0028,0.409
SPADES EIGHT DIAMONDS SIX,0.6458,0.0034,0.3508
SPADES SEVEN DIAMONDS SIX,0.6276,0.0042,0.3682
SPADES SIX DIAMONDS SIX,0.474,0.0032,0.5228
SPADES KING HEARTS KING,0.2906,0.0026,0.7068
SPADES QUEEN HEARTS KING,0.596,0.003,0.401
SPADES ACE HEARTS KING,0.2428,0.0514,0.7058
SPADES ACE HEARTS JACK,0.2314,0.0858,0.6828
SPADES QUEEN HEARTS JACK,0.5856,0.0044,0.41
SPADES KING HEARTS JACK,0.5956,0.0042,0.4002
SPADES JACK DIAMONDS TEN,0.6952,0.02,0.2848
SPADES ACE DIAMONDS TEN,0.01,0.9708,0.0192
SPADES JACK HEARTS JACK,0.3032,0.0038,0.693
SPADES QUEEN DIAMONDS TEN,0.7206,0.0174,0.262
SPADES KING DIAMONDS TEN,0.7258,0.0164,0.2578
SPADES NINE DIAMONDS SEVEN,0.6434,0.0028,0.3538
SPADES EIGHT DIAMONDS SEVEN,0.631,0.0028,0.3662
SPADES SEVEN DIAMONDS SEVEN,0.4742,0.0036,0.5222
SPADES SIX DIAMONDS SEVEN,0.6428,0.0048,0.3524
DIAMONDS KING DIAMONDS SEVEN,0.6022,0.0038,0.394
HEARTS THREE DIAMONDS SEVEN,0.6588,0.0046,0.3366
HEARTS KING DIAMONDS FIVE,0.6588,0.004,0.3372
DIAMONDS QUEEN DIAMONDS SEVEN,0.6026,0.003,0.3944
HEARTS TWO DIAMONDS SEVEN,0.6818,0.0048,0.3134
HEARTS QUEEN DIAMONDS FIVE,0.6564,0.0044,0.3392
HEARTS FIVE DIAMONDS SEVEN,0.6292,0.004,0.3668
DIAMONDS ACE DIAMONDS SEVEN,0.6006,0.1102,0.2892
HEARTS FOUR DIAMONDS SEVEN,0.6364,0.0042,0.3594
HEARTS ACE DIAMONDS FIVE,0.6274,0.1146,0.258
HEARTS SEVEN DIAMONDS SEVEN,0.477,0.0024,0.5206
HEARTS SIX DIAMONDS SEVEN,0.6392,0.0036,0.3572
HEARTS NINE DIAMONDS SEVEN,0.6292,0.0022,0.3686
DIAMONDS SEVEN HEARTS EIGHT,0.6356,0.002,0.3624
DIAMONDS JACK DIAMONDS SEVEN,0.5954,0.0044,0.4002
HEARTS JACK DIAMONDS FIVE,0.6472,0.0038,0.349
DIAMONDS TEN DIAMONDS SEVEN,0.68,0.0186,0.3014
DIAMONDS FIVE HEARTS TEN,0.7434,0.029,0.2276
SPADES KING CLUBS TWO,0.6684,0.0054,0.3262
HEARTS KING CLUBS KING,0.2948,0.0044,0.7008
CLUBS EIGHT DIAMONDS SEVEN,0.6272,0.0034,0.3694
SPADES QUEEN CLUBS TWO,0.6634,0.0044,0.3322
HEARTS KING CLUBS QUEEN,0.5974,0.004,0.3986
CLUBS NINE DIAMONDS SEVEN,0.6446,0.004,0.3514
SPADES TWO CLUBS JACK,0.6586,0.007,0.3344
SPADES ACE CLUBS TWO,0.6334,0.1236,0.243
SPADES TWO CLUBS TEN,0.776,0.0266,0.1974
CLUBS SIX CLUBS SEVEN,0.6082,0.0054,0.3864
SPADES TWO CLUBS KING,0.6586,0.0054,0.336
SPADES TWO DIAMONDS SEVEN,0.6814,0.0052,0.3134
CLUBS EIGHT CLUBS SIX,0.6274,0.003,0.3696
SPADES THREE DIAMONDS SEVEN,0.6722,0.0042,0.3236
SPADES TWO CLUBS QUEEN,0.6664,0.0052,0.3284
CLUBS NINE CLUBS SIX,0.629,0.005,0.366
SPADES FOUR DIAMONDS SEVEN,0.6516,0.0036,0.3448
HEARTS KING CLUBS JACK,0.5916,0.0048,0.4036
SPADES FIVE DIAMONDS SEVEN,0.636,0.0046,0.3594
HEARTS KING CLUBS TEN,0.7434,0.0176,0.239
CLUBS SIX SPADES TWO,0.6762,0.0042,0.3196
CLUBS SIX SPADES THREE,0.6704,0.007,0.3226
CLUBS TWO DIAMONDS SEVEN,0.6832,0.0048,0.312
CLUBS SIX SPADES FOUR,0.6548,0.0074,0.3378
CLUBS THREE DIAMONDS SEVEN,0.6668,0.0036,0.3296
CLUBS SIX SPADES FIVE,0.6336,0.0044,0.362
CLUBS FOUR DIAMONDS SEVEN,0.6568,0.005,0.3382
CLUBS SIX SPADES SIX,0.4864,0.0046,0.509
CLUBS FIVE DIAMONDS SEVEN,0.6408,0.0034,0.3558
CLUBS SIX SPADES SEVEN,0.646,0.0052,0.3488
CLUBS SIX DIAMONDS SEVEN,0.6232,0.005,0.3718
CLUBS SIX SPADES EIGHT,0.651,0.0044,0.3446
SPADES JACK CLUBS TWO,0.6454,0.0042,0.3504
CLUBS SIX SPADES NINE,0.6558,0.0048,0.3394
CLUBS SEVEN DIAMONDS SEVEN,0.4734,0.0026,0.524
CLUBS TWO CLUBS QUEEN,0.6162,0.0056,0.3782
CLUBS TWO CLUBS KING,0.6278,0.0038,0.3684
CLUBS THREE DIAMONDS EIGHT,0.676,0.004,0.32
CLUBS TWO DIAMONDS EIGHT,0.6806,0.004,0.3154
DIAMONDS EIGHT HEARTS SEVEN,0.618,0.0028,0.3792
HEARTS SIX DIAMONDS EIGHT,0.6426,0.0018,0.3556
DIAMONDS EIGHT HEARTS NINE,0.6286,0.0022,0.3692
CLUBS TWO CLUBS TEN,0.7312,0.027,0.2418
DIAMONDS EIGHT HEARTS EIGHT,0.4564,0.0034,0.5402
CLUBS TWO CLUBS JACK,0.629,0.0052,0.3658
CLUBS NINE DIAMONDS EIGHT,0.6236,0.0036,0.3728
CLUBS EIGHT DIAMONDS EIGHT,0.4606,0.0042,0.5352
CLUBS FIVE DIAMONDS EIGHT,0.6582,0.0044,0.3374
SPADES ACE SPADES THREE,0.5988,0.111,0.2902
CLUBS FOUR DIAMONDS EIGHT,0.6648,0.0042,0.331
SPADES QUEEN SPADES THREE,0.6176,0.0058,0.3766
CLUBS SEVEN DIAMONDS EIGHT,0.6322,0.0046,0.3632
CLUBS SIX DIAMONDS EIGHT,0.631,0.0032,0.3658
SPADES KING SPADES THREE,0.6276,0.0046,0.3678
DIAMONDS QUEEN DIAMONDS EIGHT,0.5986,0.003,0.3984
HEARTS TWO DIAMONDS EIGHT,0.676,0.0042,0.3198
DIAMONDS KING DIAMONDS EIGHT,0.6204,0.0038,0.3758
HEARTS THREE DIAMONDS EIGHT,0.6746,0.0022,0.3232
DIAMONDS ACE DIAMONDS EIGHT,0.6132,0.1196,0.2672
HEARTS FOUR DIAMONDS EIGHT,0.6658,0.0038,0.3304
HEARTS FIVE DIAMONDS EIGHT,0.651,0.0036,0.3454
DIAMONDS EIGHT DIAMONDS TEN,0.6708,0.0174,0.3118
DIAMONDS EIGHT DIAMONDS JACK,0.5896,0.0046,0.4058
SPADES JACK SPADES THREE,0.617,0.0058,0.3772
CLUBS FOUR HEARTS ACE,0.6434,0.116,0.2406
CLUBS FOUR HEARTS QUEEN,0.6432,0.0044,0.3524
CLUBS FOUR HEARTS KING,0.6632,0.0042,0.3326
CLUBS SIX HEARTS TEN,0.7408,0.0242,0.235
CLUBS SIX HEARTS JACK,0.6526,0.0018,0.3456
SPADES FOUR DIAMONDS EIGHT,0.6654,0.0056,0.329
SPADES FIVE DIAMONDS EIGHT,0.655,0.002,0.343
DIAMONDS EIGHT SPADES TWO,0.6804,0.0024,0.3172
DIAMONDS EIGHT SPADES THREE,0.6796,0.0042,0.3162
CLUBS FOUR HEARTS JACK,0.646,0.0042,0.3498
SPADES EIGHT DIAMONDS EIGHT,0.4526,0.0034,0.544
SPADES JACK HEARTS EIGHT,0.6314,0.005,0.3636
CLUBS FOUR HEARTS TEN,0.75,0.0234,0.2266
SPADES NINE DIAMONDS EIGHT,0.6258,0.0052,0.369
SPADES JACK HEARTS TWO,0.6512,0.0064,0.3424
SPADES JACK DIAMONDS QUEEN,0.5866,0.005,0.4084
SPADES SIX DIAMONDS EIGHT,0.6538,0.0042,0.342
SPADES SEVEN DIAMONDS EIGHT,0.6352,0.0032,0.3616
SPADES ACE HEARTS TWO,0.626,0.1184,0.2556
SPADES ACE DIAMONDS QUEEN,0.2428,0.0628,0.6944
SPADES ACE HEARTS EIGHT,0.6406,0.1258,0.2336
SPADES KING HEARTS EIGHT,0.6524,0.003,0.3446
SPADES QUEEN HEARTS TWO,0.6532,0.005,0.3418
SPADES QUEEN DIAMONDS QUEEN,0.3078,0.004,0.6882
SPADES KING DIAMONDS QUEEN,0.592,0.0036,0.4044
SPADES KING HEARTS TWO,0.6474,0.0046,0.348
SPADES QUEEN HEARTS EIGHT,0.6306,0.0056,0.3638
CLUBS TWO HEARTS TEN,0.7606,0.0254,0.214
CLUBS TWO HEARTS JACK,0.661,0.0054,0.3336
SPADES SEVEN DIAMONDS NINE,0.6392,0.0016,0.3592
SPADES SIX DIAMONDS NINE,0.6642,0.0044,0.3314
SPADES NINE DIAMONDS NINE,0.4734,0.0032,0.5234
SPADES EIGHT DIAMONDS NINE,0.6328,0.0034,0.3638
DIAMONDS NINE SPADES THREE,0.6884,0.006,0.3056
SPADES JACK CLUBS KING,0.5956,0.005,0.3994
DIAMONDS NINE SPADES TWO,0.688,0.0054,0.3066
SPADES FIVE DIAMONDS NINE,0.6592,0.0038,0.337
DIAMONDS NINE SPADES FOUR,0.6836,0.0048,0.3116
CLUBS NINE DIAMONDS NINE,0.4626,0.0034,0.534
CLUBS EIGHT DIAMONDS NINE,0.6354,0.0036,0.361
CLUBS SIX DIAMONDS NINE,0.661,0.0046,0.3344
SPADES JACK CLUBS FOUR,0.6444,0.0064,0.3492
CLUBS SEVEN DIAMONDS NINE,0.6392,0.0038,0.357
CLUBS FOUR DIAMONDS NINE,0.669,0.0062,0.3248
CLUBS FIVE DIAMONDS NINE,0.6616,0.0028,0.3356
CLUBS TWO DIAMONDS NINE,0.6832,0.006,0.3108
CLUBS THREE DIAMONDS NINE,0.686,0.0042,0.3098
DIAMONDS NINE HEARTS EIGHT,0.629,0.0018,0.3692
DIAMONDS NINE HEARTS NINE,0.4534,0.003,0.5436
HEARTS SIX DIAMONDS NINE,0.6554,0.0038,0.3408
DIAMONDS NINE HEARTS SEVEN,0.6426,0.0032,0.3542
CLUBS EIGHT CLUBS NINE,0.5966,0.0064,0.397
DIAMONDS ACE DIAMONDS NINE,0.6054,0.1162,0.2784
HEARTS FOUR DIAMONDS NINE,0.6716,0.004,0.3244
HEARTS FIVE DIAMONDS NINE,0.6674,0.0028,0.3298
CLUBS TWO HEARTS ACE,0.6418,0.1176,0.2406
SPADES ACE CLUBS FOUR,0.6386,0.1166,0.2448
DIAMONDS QUEEN DIAMONDS NINE,0.588,0.0036,0.4084
HEARTS TWO DIAMONDS NINE,0.6752,0.003,0.3218
CLUBS TWO HEARTS KING,0.6488,0.004,0.3472
SPADES KING CLUBS FOUR,0.655,0.005,0.34
DIAMONDS KING DIAMONDS NINE,0.6032,0.0048,0.392
HEARTS THREE DIAMONDS NINE,0.6642,0.0036,0.3322
CLUBS TWO HEARTS QUEEN,0.6644,0.0048,0.3308
SPADES QUEEN CLUBS FOUR,0.6388,0.0044,0.3568
DIAMONDS NINE DIAMONDS JACK,0.5946,0.005,0.4004
CLUBS EIGHT SPADES NINE,0.6294,0.0044,0.3662
DIAMONDS NINE DIAMONDS TEN,0.6698,0.0192,0.311
CLUBS EIGHT SPADES EIGHT,0.4668,0.0036,0.5296
CLUBS EIGHT SPADES SEVEN,0.6406,0.0038,0.3556
CLUBS EIGHT SPADES SIX,0.6538,0.004,0.3422
CLUBS EIGHT SPADES FIVE,0.6584,0.0052,0.3364
CLUBS EIGHT SPADES FOUR,0.6802,0.0024,0.3174
CLUBS EIGHT SPADES THREE,0.673,0.006,0.321
CLUBS EIGHT SPADES TWO,0.684,0.006,0.31
HEARTS SIX DIAMONDS TEN,0.7412,0.0234,0.2354
DIAMONDS TEN HEARTS SEVEN,0.717,0.0208,0.2622
DIAMONDS TEN HEARTS EIGHT,0.7014,0.0242,0.2744
CLUBS FOUR CLUBS JACK,0.6284,0.0048,0.3668
DIAMONDS TEN HEARTS NINE,0.7004,0.0202,0.2794
CLUBS FOUR CLUBS TEN,0.7192,0.0248,0.256
CLUBS FOUR CLUBS KING,0.6168,0.0068,0.3764
CLUBS FOUR CLUBS QUEEN,0.612,0.0054,0.3826
CLUBS TWO DIAMONDS TEN,0.7718,0.0238,0.2044
CLUBS THREE DIAMONDS TEN,0.7592,0.0246,0.2162
DIAMONDS JACK DIAMONDS TEN,0.6504,0.0152,0.3344
DIAMONDS QUEEN DIAMONDS TEN,0.672,0.0164,0.3116
HEARTS TWO DIAMONDS TEN,0.759,0.023,0.218
DIAMONDS KING DIAMONDS TEN,0.6798,0.021,0.2992
HEARTS THREE DIAMONDS TEN,0.7468,0.0266,0.2266
DIAMONDS ACE DIAMONDS TEN,0.0198,0.912,0.0682
HEARTS FOUR DIAMONDS TEN,0.7384,0.0242,0.2374
CLUBS EIGHT HEARTS JACK,0.6342,0.0044,0.3614
HEARTS FIVE DIAMONDS TEN,0.7422,0.0248,0.233
CLUBS EIGHT HEARTS TEN,0.7196,0.0206,0.2598
CLUBS EIGHT HEARTS QUEEN,0.6408,0.004,0.3552
CLUBS EIGHT HEARTS KING,0.654,0.0036,0.3424
CLUBS EIGHT HEARTS ACE,0.6568,0.1168,0.2264
CLUBS NINE SPADES THREE,0.6932,0.0068,0.3
CLUBS NINE SPADES TWO,0.6858,0.0058,0.3084
CLUBS NINE SPADES FIVE,0.6734,0.0056,0.321
CLUBS NINE SPADES FOUR,0.679,0.0068,0.3142
CLUBS NINE SPADES SEVEN,0.6518,0.0042,0.344
CLUBS NINE SPADES SIX,0.6622,0.005,0.3328
CLUBS NINE SPADES NINE,0.47,0.003,0.527
CLUBS TEN HEARTS EIGHT,0.7082,0.0232,0.2686
CLUBS NINE SPADES EIGHT,0.6422,0.0044,0.3534
CLUBS JACK HEARTS EIGHT,0.638,0.0032,0.3588
CLUBS QUEEN HEARTS EIGHT,0.6484,0.0044,0.3472
CLUBS KING HEARTS EIGHT,0.6686,0.005,0.3264
SPADES KING CLUBS KING,0.2852,0.0054,0.7094
SPADES QUEEN CLUBS KING,0.5908,0.0054,0.4038
SPADES ACE CLUBS KING,0.25,0.053,0.697
DIAMONDS ACE HEARTS TEN,0.0212,0.9576,0.0212
HEARTS FOUR HEARTS TEN,0.6992,0.0226,0.2782
DIAMONDS ACE HEARTS JACK,0.2346,0.087,0.6784
HEARTS FOUR HEARTS JACK,0.6066,0.0052,0.3882
SPADES KING CLUBS FIVE,0.6526,0.0036,0.3438
SPADES QUEEN CLUBS FIVE,0.6448,0.005,0.3502
SPADES ACE CLUBS FIVE,0.6378,0.1176,0.2446
DIAMONDS JACK HEARTS SEVEN,0.6312,0.004,0.3648
HEARTS SIX DIAMONDS JACK,0.6476,0.0034,0.349
DIAMONDS JACK HEARTS NINE,0.627,0.0048,0.3682
DIAMONDS JACK HEARTS EIGHT,0.6348,0.0016,0.3636
DIAMONDS KING DIAMONDS JACK,0.5646,0.0022,0.4332
HEARTS THREE DIAMONDS JACK,0.657,0.0048,0.3382
SPADES ACE SPADES SIX,0.6204,0.1132,0.2664
SPADES FOUR HEARTS ACE,0.6324,0.123,0.2446
DIAMONDS QUEEN DIAMONDS JACK,0.54,0.002,0.458
HEARTS TWO DIAMONDS JACK,0.6448,0.0052,0.35
HEARTS FIVE DIAMONDS JACK,0.636,0.0048,0.3592
SPADES QUEEN SPADES SIX,0.6222,0.0038,0.374
SPADES FOUR HEARTS QUEEN,0.6494,0.0026,0.348
DIAMONDS ACE DIAMONDS JACK,0.2236,0.081,0.6954
HEARTS FOUR DIAMONDS JACK,0.6472,0.004,0.3488
SPADES KING SPADES SIX,0.6156,0.0038,0.3806
HEARTS KING SPADES FOUR,0.6356,0.0056,0.3588
SPADES JACK SPADES SIX,0.6176,0.0036,0.3788
SPADES FOUR DIAMONDS JACK,0.645,0.0036,0.3514
SPADES FIVE DIAMONDS JACK,0.6488,0.0052,0.346
DIAMONDS JACK SPADES TWO,0.674,0.0044,0.3216
SPADES THREE DIAMONDS JACK,0.6518,0.004,0.3442
SPADES ACE DIAMONDS THREE,0.6328,0.116,0.2512
SPADES QUEEN DIAMONDS THREE,0.6386,0.006,0.3554
CLUBS EIGHT DIAMONDS JACK,0.627,0.0042,0.3688
SPADES KING DIAMONDS THREE,0.6402,0.0052,0.3546
CLUBS NINE DIAMONDS JACK,0.6104,0.0048,0.3848
CLUBS SIX DIAMONDS JACK,0.655,0.003,0.342
CLUBS SEVEN DIAMONDS JACK,0.6412,0.0044,0.3544
CLUBS FOUR DIAMONDS JACK,0.645,0.0042,0.3508
CLUBS FIVE DIAMONDS JACK,0.6518,0.0048,0.3434
CLUBS TWO DIAMONDS JACK,0.6582,0.0054,0.3364
CLUBS THREE DIAMONDS JACK,0.6538,0.0042,0.342
HEARTS SIX SPADES JACK,0.6596,0.0054,0.335
SPADES JACK CLUBS FIVE,0.6614,0.004,0.3346
SPADES JACK DIAMONDS THREE,0.6426,0.0046,0.3528
CLUBS SEVEN CLUBS QUEEN,0.6078,0.0042,0.388
CLUBS SEVEN CLUBS KING,0.6136,0.0026,0.3838
SPADES NINE DIAMONDS JACK,0.6256,0.0044,0.37
CLUBS SEVEN CLUBS TEN,0.687,0.0248,0.2882
DIAMONDS ACE HEARTS ACE,0.077,0.0116,0.9114
HEARTS FOUR HEARTS ACE,0.5768,0.117,0.3062
SPADES EIGHT DIAMONDS JACK,0.6454,0.0052,0.3494
SPADES ACE HEARTS SIX,0.6442,0.1166,0.2392
CLUBS SEVEN CLUBS JACK,0.603,0.004,0.393
DIAMONDS ACE HEARTS KING,0.246,0.0468,0.7072
HEARTS FOUR HEARTS KING,0.6102,0.0044,0.3854
SPADES SEVEN DIAMONDS JACK,0.6428,0.0048,0.3524
SPADES KING HEARTS SIX,0.6418,0.0048,0.3534
DIAMONDS ACE HEARTS QUEEN,0.2456,0.0568,0.6976
HEARTS FOUR HEARTS QUEEN,0.6072,0.005,0.3878
SPADES SIX DIAMONDS JACK,0.6624,0.004,0.3336
SPADES QUEEN HEARTS SIX,0.6538,0.0042,0.342
SPADES TWO DIAMONDS TEN,0.7632,0.0264,0.2104
SPADES THREE DIAMONDS TEN,0.7488,0.0278,0.2234
SPADES FOUR DIAMONDS TEN,0.7568,0.0226,0.2206
SPADES FIVE DIAMONDS TEN,0.752,0.0228,0.2252
SPADES SIX DIAMONDS TEN,0.742,0.0262,0.2318
SPADES SEVEN DIAMONDS TEN,0.7262,0.0228,0.251
SPADES EIGHT DIAMONDS TEN,0.7184,0.0242,0.2574
SPADES NINE DIAMONDS TEN,0.7172,0.0204,0.2624
CLUBS FOUR DIAMONDS TEN,0.7574,0.0232,0.2194
CLUBS FIVE DIAMONDS TEN,0.7498,0.0224,0.2278
CLUBS SIX DIAMONDS TEN,0.7326,0.0262,0.2412
CLUBS SEVEN DIAMONDS TEN,0.7326,0.024,0.2434
CLUBS EIGHT DIAMONDS TEN,0.718,0.0236,0.2584
CLUBS NINE DIAMONDS TEN,0.7052,0.0188,0.276
DIAMONDS THREE CLUBS JACK,0.6546,0.0044,0.341
DIAMONDS THREE CLUBS TEN,0.769,0.0244,0.2066
DIAMONDS THREE CLUBS KING,0.648,0.0048,0.3472
DIAMONDS THREE CLUBS QUEEN,0.6414,0.0046,0.354
SPADES FOUR HEARTS JACK,0.6582,0.0024,0.3394
SPADES FOUR HEARTS TEN,0.746,0.0256,0.2284
SPADES FIVE SPADES TWO,0.6304,0.0062,0.3634
SPADES FOUR SPADES TWO,0.6212,0.0052,0.3736
SPADES THREE SPADES TWO,0.6266,0.0062,0.3672
SPADES NINE SPADES TWO,0.6564,0.0048,0.3388
SPADES EIGHT SPADES TWO,0.6454,0.0034,0.3512
SPADES SEVEN SPADES TWO,0.6534,0.0034,0.3432
SPADES SIX SPADES TWO,0.6422,0.004,0.3538
DIAMONDS QUEEN CLUBS THREE,0.649,0.0026,0.3484
HEARTS TWO CLUBS THREE,0.6594,0.0064,0.3342
DIAMONDS QUEEN CLUBS TWO,0.654,0.0054,0.3406
CLUBS TWO HEARTS TWO,0.484,0.0028,0.5132
DIAMONDS QUEEN HEARTS SEVEN,0.6438,0.0026,0.3536
HEARTS TWO HEARTS SEVEN,0.6424,0.0042,0.3534
HEARTS SIX DIAMONDS QUEEN,0.6448,0.0034,0.3518
HEARTS SIX HEARTS TWO,0.625,0.0038,0.3712
DIAMONDS QUEEN HEARTS NINE,0.6382,0.0032,0.3586
HEARTS TWO HEARTS NINE,0.6328,0.0026,0.3646
DIAMONDS QUEEN HEARTS EIGHT,0.6308,0.0042,0.365
HEARTS TWO HEARTS EIGHT,0.6162,0.0058,0.378
CLUBS NINE HEARTS TWO,0.6906,0.005,0.3044
CLUBS NINE DIAMONDS QUEEN,0.6406,0.0016,0.3578
CLUBS EIGHT HEARTS TWO,0.6856,0.0046,0.3098
CLUBS EIGHT DIAMONDS QUEEN,0.6366,0.0036,0.3598
CLUBS FIVE DIAMONDS QUEEN,0.6542,0.0048,0.341
CLUBS FIVE HEARTS TWO,0.6556,0.0042,0.3402
SPADES EIGHT HEARTS ACE,0.6526,0.1154,0.232
CLUBS FOUR DIAMONDS QUEEN,0.6364,0.0036,0.36
CLUBS FOUR HEARTS TWO,0.6572,0.0042,0.3386
SPADES EIGHT HEARTS QUEEN,0.651,0.004,0.345
CLUBS SEVEN HEARTS TWO,0.6768,0.0044,0.3188
CLUBS SEVEN DIAMONDS QUEEN,0.6478,0.0044,0.3478
CLUBS SIX DIAMONDS QUEEN,0.6546,0.004,0.3414
CLUBS SIX HEARTS TWO,0.6598,0.0034,0.3368
SPADES EIGHT HEARTS KING,0.6632,0.0034,0.3334
DIAMONDS QUEEN SPADES SIX,0.6474,0.0034,0.3492
HEARTS TWO SPADES SIX,0.6626,0.006,0.3314
HEARTS FOUR CLUBS QUEEN,0.656,0.0048,0.3392
DIAMONDS ACE CLUBS QUEEN,0.2444,0.06,0.6956
DIAMONDS QUEEN SPADES SEVEN,0.6594,0.0032,0.3374
SPADES SEVEN HEARTS TWO,0.688,0.0052,0.3068
HEARTS FOUR CLUBS KING,0.6406,0.0044,0.355
DIAMONDS ACE CLUBS KING,0.254,0.0454,0.7006
SPADES EIGHT DIAMONDS QUEEN,0.6466,0.0026,0.3508
SPADES EIGHT HEARTS TWO,0.6756,0.0066,0.3178
SPADES NINE DIAMONDS QUEEN,0.6408,0.0044,0.3548
SPADES NINE HEARTS TWO,0.671,0.0062,0.3228
HEARTS TWO SPADES TWO,0.4878,0.0034,0.5088
DIAMONDS QUEEN SPADES TWO,0.6648,0.0042,0.331
HEARTS TWO SPADES THREE,0.6622,0.0066,0.3312
DIAMONDS QUEEN SPADES THREE,0.6686,0.0048,0.3266
HEARTS TWO SPADES FOUR,0.658,0.004,0.338
DIAMONDS QUEEN SPADES FOUR,0.6614,0.0038,0.3348
HEARTS FOUR CLUBS TEN,0.7558,0.026,0.2182
DIAMONDS ACE CLUBS TEN,0.0204,0.9692,0.0104
HEARTS TWO SPADES FIVE,0.6622,0.004,0.3338
DIAMONDS QUEEN SPADES FIVE,0.6572,0.0052,0.3376
HEARTS FOUR CLUBS JACK,0.6498,0.0056,0.3446
DIAMONDS ACE CLUBS JACK,0.2442,0.0888,0.667
CLUBS FIVE CLUBS KING,0.6208,0.0044,0.3748
CLUBS FIVE CLUBS QUEEN,0.627,0.0062,0.3668
CLUBS FIVE CLUBS JACK,0.6084,0.0054,0.3862
CLUBS FIVE CLUBS TEN,0.7244,0.022,0.2536
SPADES KING CLUBS JACK,0.5944,0.0056,0.4
SPADES QUEEN CLUBS JACK,0.5934,0.0074,0.3992
SPADES ACE CLUBS JACK,0.232,0.0914,0.6766
SPADES SIX CLUBS KING,0.654,0.0036,0.3424
SPADES SIX CLUBS QUEEN,0.666,0.0046,0.3294
SPADES EIGHT HEARTS JACK,0.6428,0.0034,0.3538
SPADES EIGHT HEARTS TEN,0.7262,0.0206,0.2532
SPADES SIX CLUBS JACK,0.6628,0.004,0.3332
SPADES SIX CLUBS TEN,0.7444,0.0266,0.229
SPADES JACK CLUBS JACK,0.3062,0.005,0.6888
SPADES QUEEN CLUBS SEVEN,0.6438,0.0046,0.3516
SPADES KING CLUBS SEVEN,0.6496,0.0042,0.3462
SPADES ACE CLUBS SEVEN,0.6486,0.1188,0.2326
SPADES SIX HEARTS TEN,0.7386,0.025,0.2364
SPADES SIX HEARTS JACK,0.6566,0.0036,0.3398
SPADES SIX HEARTS ACE,0.6598,0.1192,0.221
SPADES SIX HEARTS KING,0.6582,0.0036,0.3382
SPADES SIX HEARTS QUEEN,0.6472,0.0038,0.349
SPADES JACK CLUBS SEVEN,0.6414,0.0036,0.355
HEARTS SIX CLUBS TEN,0.737,0.026,0.237
HEARTS SIX CLUBS JACK,0.6626,0.0052,0.3322
HEARTS SIX CLUBS QUEEN,0.6508,0.0036,0.3456
HEARTS SIX CLUBS KING,0.6544,0.0042,0.3414
CLUBS QUEEN CLUBS JACK,0.5636,0.0044,0.432
CLUBS KING CLUBS JACK,0.5746,0.0044,0.421
DIAMONDS THREE HEARTS ACE,0.6324,0.1186,0.249
DIAMONDS THREE HEARTS QUEEN,0.6512,0.0046,0.3442
DIAMONDS THREE HEARTS KING,0.6456,0.0024,0.352
CLUBS FIVE HEARTS JACK,0.6508,0.0044,0.3448
CLUBS FIVE HEARTS TEN,0.756,0.028,0.216
HEARTS FOUR SPADES JACK,0.641,0.006,0.353
SPADES JACK DIAMONDS ACE,0.237,0.0906,0.6724
SPADES ACE HEARTS FOUR,0.6264,0.1136,0.26
SPADES ACE DIAMONDS ACE,0.0692,0.0122,0.9186
CLUBS FIVE HEARTS ACE,0.6406,0.1168,0.2426
CLUBS FIVE HEARTS KING,0.6556,0.0038,0.3406
HEARTS FOUR SPADES QUEEN,0.6318,0.0038,0.3644
SPADES QUEEN DIAMONDS ACE,0.2428,0.0642,0.693
SPADES FOUR CLUBS JACK,0.6494,0.0056,0.345
CLUBS FIVE HEARTS QUEEN,0.6412,0.0052,0.3536
SPADES KING DIAMONDS ACE,0.2468,0.0422,0.711
HEARTS FOUR SPADES KING,0.6352,0.0044,0.3604
SPADES FOUR CLUBS TEN,0.7474,0.0274,0.2252
DIAMONDS QUEEN DIAMONDS ACE,0.2268,0.061,0.7122
HEARTS TWO DIAMONDS ACE,0.6374,0.1222,0.2404
HEARTS FOUR DIAMONDS QUEEN,0.6466,0.002,0.3514
HEARTS FOUR HEARTS TWO,0.6046,0.0046,0.3908
DIAMONDS THREE HEARTS TEN,0.7452,0.0278,0.227
SPADES FOUR CLUBS KING,0.6488,0.0056,0.3456
HEARTS FIVE DIAMONDS QUEEN,0.6474,0.0044,0.3482
HEARTS FIVE HEARTS TWO,0.6162,0.0046,0.3792
DIAMONDS THREE HEARTS JACK,0.655,0.005,0.34
SPADES FOUR CLUBS QUEEN,0.6622,0.0048,0.333
DIAMONDS QUEEN HEARTS TWO,0.6482,0.0022,0.3496
DIAMONDS KING DIAMONDS QUEEN,0.551,0.0036,0.4454
DIAMONDS KING HEARTS TWO,0.6556,0.005,0.3394
HEARTS THREE DIAMONDS QUEEN,0.6634,0.0042,0.3324
HEARTS THREE HEARTS TWO,0.6148,0.0046,0.3806
HEARTS TWO CLUBS QUEEN,0.653,0.005,0.342
DIAMONDS QUEEN CLUBS QUEEN,0.297,0.0056,0.6974
HEARTS TWO CLUBS KING,0.6556,0.0062,0.3382
DIAMONDS QUEEN CLUBS KING,0.602,0.0048,0.3932
SPADES EIGHT SPADES FIVE,0.6308,0.0044,0.3648
HEARTS TWO CLUBS TEN,0.7618,0.0276,0.2106
DIAMONDS QUEEN CLUBS TEN,0.7306,0.0172,0.2522
SPADES NINE SPADES FIVE,0.6362,0.0064,0.3574
HEARTS TWO CLUBS JACK,0.6514,0.0048,0.3438
DIAMONDS QUEEN CLUBS JACK,0.5814,0.0038,0.4148
SPADES SIX SPADES FIVE,0.6068,0.0056,0.3876
SPADES SEVEN SPADES FIVE,0.6018,0.0072,0.391
DIAMONDS FIVE CLUBS QUEEN,0.6502,0.0042,0.3456
CLUBS KING DIAMONDS FIVE,0.6552,0.0048,0.34
SPADES EIGHT CLUBS KING,0.6544,0.004,0.3416
SPADES EIGHT CLUBS QUEEN,0.6568,0.0048,0.3384
SPADES EIGHT CLUBS JACK,0.6332,0.0044,0.3624
SPADES EIGHT CLUBS TEN,0.722,0.0208,0.2572
DIAMONDS FIVE CLUBS TEN,0.7396,0.0262,0.2342
DIAMONDS FIVE CLUBS JACK,0.658,0.005,0.337
HEARTS JACK DIAMONDS TEN,0.7082,0.0154,0.2764
DIAMONDS TEN HEARTS TEN,0.3256,0.0218,0.6526
SPADES ACE CLUBS NINE,0.6482,0.1204,0.2314
CLUBS NINE SPADES QUEEN,0.6336,0.0054,0.361
SPADES KING CLUBS NINE,0.6506,0.0064,0.343
HEARTS SIX HEARTS KING,0.6128,0.004,0.3832
DIAMONDS KING SPADES SEVEN,0.6454,0.0042,0.3504
HEARTS THREE SPADES SEVEN,0.6686,0.0046,0.3268
SPADES KING DIAMONDS SEVEN,0.647,0.003,0.35
HEARTS SIX HEARTS QUEEN,0.6176,0.0036,0.3788
DIAMONDS KING SPADES SIX,0.646,0.004,0.35
HEARTS THREE SPADES SIX,0.6692,0.0036,0.3272
SPADES QUEEN DIAMONDS SEVEN,0.6446,0.0044,0.351
SPADES NINE DIAMONDS KING,0.6462,0.0048,0.349
HEARTS THREE SPADES NINE,0.677,0.0044,0.3186
HEARTS SIX HEARTS ACE,0.6104,0.1056,0.284
DIAMONDS KING SPADES EIGHT,0.6548,0.0028,0.3424
