opposingHand,winningChance,drawChance,lostChance
SPADES ACE SPADES FOUR
SPADES TEN HEARTS FIVE,0.637,0.0048,0.3582
SPADES JACK HEARTS FIVE,0.631,0.0044,0.3646
SPADES FIVE CLUBS JACK,0.6232,0.0072,0.3696
SPADES FIVE CLUBS TEN,0.6316,0.0044,0.364
CLUBS EIGHT CLUBS JACK,0.561,0.0068,0.4322
CLUBS EIGHT CLUBS TEN,0.5672,0.0056,0.4272
CLUBS EIGHT CLUBS KING,0.5852,0.0046,0.4102
SPADES FIVE CLUBS ACE,0.254,0.4488,0.2972
CLUBS EIGHT CLUBS QUEEN,0.5696,0.0054,0.425
SPADES FIVE CLUBS KING,0.6504,0.0064,0.3432
SPADES FIVE CLUBS QUEEN,0.6406,0.0054,0.354
CLUBS EIGHT CLUBS ACE,0.2732,0.2088,0.518
DIAMONDS TWO DIAMONDS THREE,0.645,0.0074,0.3476
DIAMONDS TWO DIAMONDS FIVE,0.6212,0.0046,0.3742
SPADES KING HEARTS FIVE,0.6394,0.0042,0.3564
DIAMONDS TWO DIAMONDS FOUR,0.708,0.0204,0.2716
SPADES QUEEN HEARTS FIVE,0.629,0.006,0.365
DIAMONDS TWO DIAMONDS SEVEN,0.6336,0.0058,0.3606
DIAMONDS TWO DIAMONDS SIX,0.624,0.0068,0.3692
DIAMONDS TWO DIAMONDS NINE,0.6292,0.0048,0.366
DIAMONDS TWO DIAMONDS EIGHT,0.6094,0.0042,0.3864
DIAMONDS THREE DIAMONDS FOUR,0.7032,0.0194,0.2774
DIAMONDS THREE DIAMONDS FIVE,0.6036,0.005,0.3914
CLUBS TWO SPADES FIVE,0.659,0.0056,0.3354
CLUBS TWO SPADES TWO,0.493,0.0066,0.5004
CLUBS TWO SPADES THREE,0.6836,0.0064,0.31
DIAMONDS THREE DIAMONDS EIGHT,0.6426,0.006,0.3514
SPADES EIGHT CLUBS TWO,0.6566,0.0074,0.336
DIAMONDS THREE DIAMONDS NINE,0.6258,0.004,0.3702
SPADES NINE CLUBS TWO,0.6686,0.0062,0.3252
DIAMONDS THREE DIAMONDS SIX,0.613,0.004,0.383
CLUBS TWO SPADES SIX,0.6644,0.0062,0.3294
DIAMONDS THREE DIAMONDS SEVEN,0.6326,0.0058,0.3616
SPADES SEVEN CLUBS TWO,0.6714,0.0064,0.3222
CLUBS SIX CLUBS TWO,0.6274,0.0052,0.3674
CLUBS SEVEN CLUBS TWO,0.6464,0.0044,0.3492
CLUBS FOUR CLUBS TWO,0.7146,0.0236,0.2618
CLUBS FIVE CLUBS TWO,0.6172,0.0052,0.3776
CLUBS JACK CLUBS TEN,0.5278,0.0038,0.4684
DIAMONDS FOUR DIAMONDS SIX,0.6898,0.0182,0.292
CLUBS QUEEN CLUBS TEN,0.5514,0.0052,0.4434
DIAMONDS FOUR DIAMONDS SEVEN,0.682,0.018,0.3
CLUBS KING CLUBS TEN,0.5656,0.004,0.4304
CLUBS ACE CLUBS TEN,0.2844,0.1182,0.5974
CLUBS EIGHT CLUBS TWO,0.624,0.006,0.37
DIAMONDS FIVE DIAMONDS FOUR,0.684,0.0208,0.2952
CLUBS NINE CLUBS TWO,0.6178,0.0046,0.3776
DIAMONDS NINE DIAMONDS FOUR,0.7146,0.0166,0.2688
DIAMONDS EIGHT DIAMONDS FOUR,0.6914,0.0206,0.288
CLUBS TWO CLUBS THREE,0.645,0.0056,0.3494
DIAMONDS NINE DIAMONDS FIVE,0.5954,0.003,0.4016
DIAMONDS TWO CLUBS JACK,0.664,0.0062,0.3298
DIAMONDS EIGHT DIAMONDS FIVE,0.5904,0.0056,0.404
DIAMONDS TWO CLUBS TEN,0.676,0.0054,0.3186
DIAMONDS FIVE DIAMONDS SEVEN,0.5928,0.0056,0.4016
DIAMONDS FIVE DIAMONDS SIX,0.5772,0.005,0.4178
DIAMONDS TWO CLUBS ACE,0.312,0.467,0.221
DIAMONDS TWO CLUBS KING,0.6776,0.004,0.3184
DIAMONDS TWO CLUBS QUEEN,0.6812,0.005,0.3138
DIAMONDS EIGHT DIAMONDS SIX,0.5616,0.006,0.4324
DIAMONDS NINE DIAMONDS SIX,0.5762,0.0038,0.42
SPADES THREE HEARTS ACE,0.3002,0.4876,0.2122
HEARTS KING SPADES THREE,0.6696,0.0054,0.325
DIAMONDS SEVEN DIAMONDS SIX,0.5768,0.0052,0.418
SPADES THREE HEARTS QUEEN,0.6502,0.0056,0.3442
SPADES THREE HEARTS JACK,0.66,0.0042,0.3358
SPADES THREE HEARTS TEN,0.6584,0.0064,0.3352
DIAMONDS EIGHT DIAMONDS SEVEN,0.5634,0.0048,0.4318
DIAMONDS NINE DIAMONDS SEVEN,0.5588,0.0042,0.437
DIAMONDS NINE DIAMONDS EIGHT,0.5524,0.0062,0.4414
DIAMONDS KING HEARTS TEN,0.5938,0.0062,0.4
HEARTS THREE HEARTS TEN,0.6144,0.0044,0.3812
SPADES JACK CLUBS SIX,0.6192,0.0038,0.377
DIAMONDS KING HEARTS JACK,0.605,0.0056,0.3894
HEARTS THREE HEARTS JACK,0.6174,0.0044,0.3782
CLUBS SIX SPADES TEN,0.6178,0.0058,0.3764
SPADES JACK SPADES FIVE,0.6334,0.0042,0.3624
SPADES TEN SPADES FIVE,0.6114,0.0078,0.3808
DIAMONDS KING HEARTS ACE,0.31,0.0452,0.6448
HEARTS THREE HEARTS ACE,0.2914,0.4512,0.2574
DIAMONDS KING HEARTS QUEEN,0.5944,0.006,0.3996
HEARTS THREE HEARTS QUEEN,0.6334,0.0058,0.3608
SPADES KING CLUBS SIX,0.6244,0.0042,0.3714
DIAMONDS KING HEARTS KING,0.3424,0.0028,0.6548
HEARTS THREE HEARTS KING,0.613,0.0074,0.3796
SPADES QUEEN CLUBS SIX,0.6138,0.0066,0.3796
SPADES NINE HEARTS TEN,0.5708,0.0064,0.4228
SPADES NINE HEARTS JACK,0.5798,0.0038,0.4164
SPADES QUEEN SPADES FIVE,0.6192,0.007,0.3738
SPADES KING SPADES FIVE,0.6288,0.0054,0.3658
SPADES NINE HEARTS QUEEN,0.5898,0.0046,0.4056
SPADES NINE HEARTS KING,0.6184,0.0054,0.3762
SPADES NINE HEARTS ACE,0.2752,0.1654,0.5594
SPADES JACK CLUBS TEN,0.5718,0.006,0.4222
SPADES TEN CLUBS TEN,0.3562,0.0036,0.6402
SPADES KING CLUBS TEN,0.6008,0.0062,0.393
SPADES QUEEN CLUBS TEN,0.5804,0.0056,0.414
SPADES FIVE HEARTS QUEEN,0.6384,0.0064,0.3552
SPADES FIVE HEARTS KING,0.6384,0.0048,0.3568
SPADES FIVE HEARTS ACE,0.2564,0.4342,0.3094
HEARTS THREE SPADES JACK,0.6688,0.0066,0.3246
SPADES JACK DIAMONDS KING,0.604,0.006,0.39
CLUBS EIGHT SPADES TEN,0.5742,0.0052,0.4206
CLUBS EIGHT SPADES JACK,0.586,0.0046,0.4094
HEARTS THREE SPADES TEN,0.6614,0.0058,0.3328
SPADES TEN DIAMONDS KING,0.5854,0.0044,0.4102
HEARTS FIVE CLUBS JACK,0.6316,0.0032,0.3652
CLUBS SIX HEARTS ACE,0.2926,0.3606,0.3468
HEARTS FIVE CLUBS TEN,0.651,0.003,0.346
CLUBS EIGHT SPADES QUEEN,0.6122,0.0054,0.3824
SPADES THREE CLUBS TEN,0.6556,0.0068,0.3376
CLUBS SIX HEARTS QUEEN,0.6236,0.0036,0.3728
SPADES KING CLUBS EIGHT,0.6174,0.0058,0.3768
SPADES THREE CLUBS JACK,0.669,0.0054,0.3256
CLUBS SIX HEARTS KING,0.6322,0.0044,0.3634
DIAMONDS TWO HEARTS JACK,0.6854,0.0054,0.3092
SPADES THREE CLUBS QUEEN,0.666,0.0068,0.3272
DIAMONDS TWO HEARTS TEN,0.6644,0.0066,0.329
SPADES THREE CLUBS KING,0.67,0.0082,0.3218
HEARTS FIVE CLUBS ACE,0.2662,0.4352,0.2986
SPADES FIVE HEARTS TEN,0.6314,0.008,0.3606
SPADES THREE CLUBS ACE,0.2948,0.4958,0.2094
HEARTS FIVE CLUBS KING,0.65,0.0054,0.3446
SPADES FIVE HEARTS JACK,0.6308,0.0068,0.3624
HEARTS FIVE CLUBS QUEEN,0.6418,0.0056,0.3526
HEARTS THREE CLUBS KING,0.6668,0.007,0.3262
DIAMONDS KING CLUBS KING,0.3382,0.005,0.6568
HEARTS THREE CLUBS QUEEN,0.6664,0.007,0.3266
DIAMONDS KING CLUBS QUEEN,0.5932,0.0048,0.402
HEARTS FIVE HEARTS JACK,0.5952,0.005,0.3998
HEARTS FIVE HEARTS TEN,0.6058,0.004,0.3902
HEARTS THREE CLUBS ACE,0.317,0.4754,0.2076
DIAMONDS KING CLUBS ACE,0.3036,0.0492,0.6472
SPADES KING CLUBS QUEEN,0.5922,0.0046,0.4032
HEARTS THREE CLUBS JACK,0.674,0.0024,0.3236
DIAMONDS KING CLUBS JACK,0.6058,0.0034,0.3908
SPADES QUEEN CLUBS QUEEN,0.3536,0.006,0.6404
HEARTS THREE CLUBS TEN,0.675,0.0038,0.3212
DIAMONDS KING CLUBS TEN,0.6094,0.0052,0.3854
SPADES JACK CLUBS QUEEN,0.598,0.005,0.397
CLUBS SIX CLUBS QUEEN,0.5838,0.0062,0.41
SPADES TEN CLUBS QUEEN,0.5826,0.006,0.4114
CLUBS SIX CLUBS KING,0.5866,0.0036,0.4098
CLUBS SIX CLUBS ACE,0.2666,0.3474,0.386
HEARTS FIVE HEARTS KING,0.6068,0.004,0.3892
HEARTS FIVE HEARTS QUEEN,0.6,0.0052,0.3948
CLUBS SIX CLUBS TEN,0.5788,0.0048,0.4164
HEARTS FIVE HEARTS ACE,0.2546,0.4022,0.3432
CLUBS SIX CLUBS JACK,0.597,0.0054,0.3976
SPADES SEVEN HEARTS JACK,0.608,0.0036,0.3884
SPADES SEVEN HEARTS TEN,0.6018,0.0058,0.3924
DIAMONDS TWO CLUBS TWO,0.4816,0.0072,0.5112
DIAMONDS TWO CLUBS THREE,0.69,0.0048,0.3052
HEARTS SIX DIAMONDS TWO,0.6666,0.0052,0.3282
DIAMONDS TWO HEARTS QUEEN,0.67,0.0044,0.3256
DIAMONDS TWO HEARTS SEVEN,0.674,0.006,0.32
DIAMONDS TWO HEARTS KING,0.6614,0.006,0.3326
DIAMONDS TWO HEARTS EIGHT,0.67,0.004,0.326
DIAMONDS TWO HEARTS ACE,0.3042,0.492,0.2038
DIAMONDS TWO HEARTS NINE,0.6634,0.0046,0.332
DIAMONDS TWO DIAMONDS QUEEN,0.6306,0.0048,0.3646
DIAMONDS TWO HEARTS TWO,0.4932,0.0084,0.4984
DIAMONDS TWO DIAMONDS KING,0.6314,0.0054,0.3632
HEARTS THREE DIAMONDS TWO,0.6856,0.0068,0.3076
DIAMONDS TWO DIAMONDS ACE,0.2986,0.455,0.2464
HEARTS FOUR DIAMONDS TWO,0.7554,0.0222,0.2224
DIAMONDS TWO HEARTS FIVE,0.6582,0.0044,0.3374
SPADES SEVEN HEARTS ACE,0.28,0.2836,0.4364
DIAMONDS TWO DIAMONDS TEN,0.619,0.0058,0.3752
SPADES SEVEN HEARTS KING,0.606,0.0068,0.3872
DIAMONDS TWO DIAMONDS JACK,0.6322,0.0038,0.364
SPADES SEVEN HEARTS QUEEN,0.6266,0.0042,0.3692
DIAMONDS TWO SPADES NINE,0.66,0.0072,0.3328
DIAMONDS TWO SPADES EIGHT,0.6538,0.0066,0.3396
DIAMONDS TWO SPADES SEVEN,0.6724,0.0066,0.321
DIAMONDS TWO SPADES SIX,0.6678,0.0058,0.3264
DIAMONDS TWO SPADES FIVE,0.6536,0.008,0.3384
DIAMONDS TWO SPADES THREE,0.6816,0.005,0.3134
DIAMONDS TWO SPADES TWO,0.4998,0.0068,0.4934
CLUBS NINE DIAMONDS TWO,0.6622,0.0052,0.3326
CLUBS EIGHT DIAMONDS TWO,0.6718,0.0056,0.3226
DIAMONDS TWO CLUBS SEVEN,0.6726,0.0052,0.3222
CLUBS SIX DIAMONDS TWO,0.6754,0.0072,0.3174
DIAMONDS TWO CLUBS FIVE,0.668,0.0048,0.3272
DIAMONDS TWO CLUBS FOUR,0.7574,0.0252,0.2174
CLUBS FOUR SPADES FIVE,0.716,0.0202,0.2638
CLUBS FOUR SPADES THREE,0.7336,0.0222,0.2442
CLUBS FOUR SPADES TWO,0.7516,0.0294,0.219
SPADES NINE CLUBS FOUR,0.7588,0.0178,0.2234
CLUBS FOUR SPADES EIGHT,0.738,0.02,0.242
CLUBS FOUR SPADES SEVEN,0.7318,0.016,0.2522
CLUBS FOUR SPADES SIX,0.7326,0.019,0.2484
SPADES QUEEN DIAMONDS SIX,0.626,0.0054,0.3686
SPADES KING DIAMONDS SIX,0.628,0.0042,0.3678
SPADES TEN DIAMONDS SIX,0.6226,0.0056,0.3718
SPADES JACK DIAMONDS SIX,0.631,0.0034,0.3656
SPADES QUEEN SPADES TWO,0.6644,0.0064,0.3292
SPADES KING SPADES TWO,0.6556,0.0062,0.3382
DIAMONDS JACK CLUBS JACK,0.3488,0.0026,0.6486
DIAMONDS JACK CLUBS TEN,0.5704,0.0024,0.4272
DIAMONDS JACK CLUBS KING,0.5972,0.0046,0.3982
DIAMONDS JACK CLUBS QUEEN,0.5916,0.0024,0.406
DIAMONDS THREE DIAMONDS JACK,0.6174,0.0042,0.3784
DIAMONDS THREE DIAMONDS TEN,0.6404,0.0042,0.3554
DIAMONDS JACK CLUBS ACE,0.3074,0.0838,0.6088
DIAMONDS THREE DIAMONDS KING,0.6316,0.005,0.3634
HEARTS THREE DIAMONDS THREE,0.5068,0.004,0.4892
DIAMONDS THREE DIAMONDS QUEEN,0.6304,0.0076,0.362
DIAMONDS THREE HEARTS TWO,0.6838,0.0086,0.3076
HEARTS FIVE DIAMONDS THREE,0.6498,0.0052,0.345
DIAMONDS THREE DIAMONDS ACE,0.2892,0.46,0.2508
HEARTS FOUR DIAMONDS THREE,0.7364,0.0248,0.2388
DIAMONDS THREE HEARTS SEVEN,0.6582,0.0068,0.335
SPADES TEN SPADES NINE,0.5682,0.0054,0.4264
HEARTS SIX DIAMONDS THREE,0.6556,0.005,0.3394
SPADES JACK SPADES NINE,0.5752,0.0058,0.419
DIAMONDS THREE HEARTS NINE,0.6718,0.0062,0.322
HEARTS JACK DIAMONDS FOUR,0.753,0.0234,0.2236
HEARTS KING HEARTS ACE,0.2774,0.0458,0.6768
SPADES TEN SPADES TWO,0.6554,0.0054,0.3392
DIAMONDS THREE HEARTS EIGHT,0.6756,0.0034,0.321
HEARTS TEN DIAMONDS FOUR,0.7452,0.0222,0.2326
SPADES JACK SPADES TWO,0.6558,0.007,0.3372
HEARTS QUEEN DIAMONDS FOUR,0.7576,0.026,0.2164
HEARTS KING DIAMONDS FOUR,0.7542,0.027,0.2188
HEARTS ACE DIAMONDS FOUR,0.0688,0.9066,0.0246
SPADES KING SPADES NINE,0.6,0.005,0.395
SPADES QUEEN SPADES NINE,0.591,0.005,0.404
DIAMONDS THREE SPADES NINE,0.6636,0.006,0.3304
DIAMONDS THREE SPADES EIGHT,0.673,0.007,0.32
DIAMONDS THREE SPADES SEVEN,0.6708,0.005,0.3242
DIAMONDS THREE SPADES SIX,0.6604,0.006,0.3336
CLUBS SIX DIAMONDS THREE,0.6646,0.005,0.3304
CLUBS ACE DIAMONDS FOUR,0.0764,0.901,0.0226
CLUBS SIX CLUBS FIVE,0.5704,0.0056,0.424
CLUBS SEVEN CLUBS FIVE,0.5838,0.0046,0.4116
CLUBS SEVEN DIAMONDS THREE,0.6598,0.005,0.3352
DIAMONDS THREE CLUBS FOUR,0.7446,0.0202,0.2352
CLUBS QUEEN DIAMONDS FOUR,0.7564,0.0238,0.2198
DIAMONDS THREE CLUBS FIVE,0.6422,0.0072,0.3506
CLUBS KING DIAMONDS FOUR,0.7528,0.0246,0.2226
DIAMONDS THREE CLUBS TWO,0.6878,0.0052,0.307
DIAMONDS FOUR CLUBS TEN,0.7556,0.0272,0.2172
DIAMONDS THREE CLUBS THREE,0.4922,0.0076,0.5002
DIAMONDS FOUR CLUBS JACK,0.7404,0.03,0.2296
DIAMONDS THREE SPADES FIVE,0.6406,0.0046,0.3548
DIAMONDS THREE SPADES TWO,0.6892,0.0068,0.304
DIAMONDS THREE SPADES THREE,0.4972,0.0078,0.495
CLUBS EIGHT DIAMONDS THREE,0.6738,0.0066,0.3196
CLUBS NINE DIAMONDS THREE,0.6756,0.0058,0.3186
SPADES SEVEN CLUBS ACE,0.2738,0.2936,0.4326
SPADES SEVEN CLUBS QUEEN,0.6202,0.005,0.3748
SPADES SEVEN CLUBS KING,0.6254,0.0044,0.3702
CLUBS FIVE SPADES SEVEN,0.61,0.006,0.384
SPADES SEVEN CLUBS TEN,0.607,0.0068,0.3862
CLUBS FIVE SPADES SIX,0.5934,0.0058,0.4008
SPADES SEVEN CLUBS JACK,0.5958,0.004,0.4002
SPADES NINE CLUBS FIVE,0.6254,0.0056,0.369
SPADES EIGHT CLUBS FIVE,0.6114,0.0046,0.384
CLUBS FIVE SPADES THREE,0.6546,0.0062,0.3392
CLUBS FIVE SPADES TWO,0.6596,0.0072,0.3332
CLUBS FIVE SPADES FIVE,0.399,0.007,0.594
CLUBS NINE CLUBS FIVE,0.6036,0.0036,0.3928
CLUBS EIGHT CLUBS FIVE,0.591,0.0046,0.4044
CLUBS ACE CLUBS QUEEN,0.2848,0.056,0.6592
CLUBS KING CLUBS QUEEN,0.5598,0.0056,0.4346
DIAMONDS TEN DIAMONDS FOUR,0.705,0.0272,0.2678
DIAMONDS NINE CLUBS TEN,0.585,0.0056,0.4094
DIAMONDS JACK DIAMONDS FOUR,0.7108,0.0238,0.2654
DIAMONDS NINE CLUBS JACK,0.598,0.005,0.397
SPADES NINE CLUBS JACK,0.594,0.0044,0.4016
SPADES NINE CLUBS TEN,0.583,0.004,0.413
DIAMONDS ACE DIAMONDS FOUR,0.0716,0.8594,0.069
HEARTS FOUR DIAMONDS FOUR,0.3652,0.022,0.6128
DIAMONDS JACK HEARTS TEN,0.5796,0.0024,0.418
SPADES NINE CLUBS KING,0.6102,0.0058,0.384
DIAMONDS TWO SPADES TEN,0.674,0.0054,0.3206
DIAMONDS NINE CLUBS ACE,0.2934,0.171,0.5356
HEARTS FIVE DIAMONDS FOUR,0.715,0.018,0.267
HEARTS JACK DIAMONDS JACK,0.3524,0.0036,0.644
SPADES NINE CLUBS QUEEN,0.5998,0.006,0.3942
SPADES JACK DIAMONDS TWO,0.663,0.0042,0.3328
DIAMONDS QUEEN DIAMONDS FOUR,0.6996,0.0286,0.2718
HEARTS TWO DIAMONDS FOUR,0.7668,0.0242,0.209
DIAMONDS NINE CLUBS QUEEN,0.6018,0.0026,0.3956
DIAMONDS KING DIAMONDS FOUR,0.7076,0.0244,0.268
HEARTS THREE DIAMONDS FOUR,0.746,0.0222,0.2318
SPADES NINE CLUBS ACE,0.2888,0.1598,0.5514
DIAMONDS NINE CLUBS KING,0.6108,0.0032,0.386
HEARTS ACE DIAMONDS JACK,0.2986,0.0854,0.616
DIAMONDS JACK HEARTS QUEEN,0.5956,0.0026,0.4018
SPADES QUEEN DIAMONDS TWO,0.6672,0.008,0.3248
HEARTS KING DIAMONDS JACK,0.6102,0.0052,0.3846
SPADES KING DIAMONDS TWO,0.6676,0.0072,0.3252
SPADES JACK SPADES SEVEN,0.6052,0.0074,0.3874
SPADES TEN SPADES SEVEN,0.5978,0.0064,0.3958
CLUBS SEVEN CLUBS THREE,0.611,0.006,0.383
CLUBS SIX CLUBS THREE,0.6262,0.0044,0.3694
CLUBS FIVE CLUBS THREE,0.5986,0.0078,0.3936
CLUBS FOUR CLUBS THREE,0.7108,0.022,0.2672
CLUBS NINE CLUBS THREE,0.6216,0.0064,0.372
CLUBS EIGHT CLUBS THREE,0.6362,0.005,0.3588
CLUBS THREE SPADES FIVE,0.6416,0.0048,0.3536
CLUBS THREE SPADES THREE,0.5012,0.0064,0.4924
CLUBS THREE SPADES TWO,0.6792,0.0072,0.3136
SPADES SIX CLUBS THREE,0.6522,0.0052,0.3426
SPADES SEVEN CLUBS THREE,0.652,0.0068,0.3412
SPADES EIGHT CLUBS THREE,0.6724,0.0052,0.3224
SPADES NINE CLUBS THREE,0.6748,0.0062,0.319
SPADES TWO DIAMONDS FOUR,0.7424,0.0262,0.2314
SPADES THREE DIAMONDS FOUR,0.7464,0.0232,0.2304
SPADES FIVE DIAMONDS FOUR,0.7176,0.0228,0.2596
SPADES SIX DIAMONDS FOUR,0.7408,0.02,0.2392
SPADES SEVEN DIAMONDS FOUR,0.728,0.0228,0.2492
SPADES EIGHT DIAMONDS FOUR,0.7298,0.019,0.2512
SPADES NINE DIAMONDS FOUR,0.7482,0.019,0.2328
CLUBS FIVE DIAMONDS FOUR,0.726,0.0178,0.2562
CLUBS FOUR DIAMONDS FOUR,0.3772,0.0218,0.601
CLUBS SEVEN DIAMONDS FOUR,0.7356,0.0144,0.25
CLUBS SIX DIAMONDS FOUR,0.7288,0.0208,0.2504
CLUBS NINE DIAMONDS FOUR,0.7464,0.0204,0.2332
CLUBS EIGHT DIAMONDS FOUR,0.7442,0.0178,0.238
DIAMONDS FOUR HEARTS SEVEN,0.724,0.0194,0.2566
HEARTS SIX DIAMONDS FOUR,0.7494,0.018,0.2326
HEARTS NINE DIAMONDS FOUR,0.7602,0.0174,0.2224
DIAMONDS FOUR HEARTS EIGHT,0.7368,0.0202,0.243
CLUBS THREE DIAMONDS FOUR,0.741,0.0196,0.2394
CLUBS TWO DIAMONDS FOUR,0.7616,0.0232,0.2152
DIAMONDS TEN DIAMONDS FIVE,0.597,0.0042,0.3988
DIAMONDS JACK DIAMONDS FIVE,0.6064,0.0052,0.3884
DIAMONDS NINE HEARTS QUEEN,0.5978,0.006,0.3962
HEARTS KING DIAMONDS NINE,0.6184,0.0036,0.378
DIAMONDS NINE HEARTS ACE,0.2916,0.1694,0.539
DIAMONDS NINE HEARTS TEN,0.5842,0.0038,0.412
DIAMONDS NINE HEARTS JACK,0.5826,0.0046,0.4128
CLUBS KING DIAMONDS SIX,0.6264,0.004,0.3696
CLUBS QUEEN DIAMONDS SIX,0.633,0.004,0.363
CLUBS ACE DIAMONDS SIX,0.291,0.3464,0.3626
SPADES KING DIAMONDS FOUR,0.7446,0.028,0.2274
SPADES QUEEN DIAMONDS FOUR,0.759,0.0214,0.2196
SPADES QUEEN SPADES SEVEN,0.6158,0.0048,0.3794
CLUBS JACK DIAMONDS SIX,0.6342,0.0046,0.3612
SPADES KING SPADES SEVEN,0.6226,0.004,0.3734
CLUBS TEN DIAMONDS SIX,0.6286,0.0046,0.3668
CLUBS NINE CLUBS FOUR,0.719,0.0172,0.2638
CLUBS EIGHT CLUBS FOUR,0.7008,0.0198,0.2794
SPADES JACK DIAMONDS FOUR,0.7572,0.0278,0.215
SPADES TEN DIAMONDS FOUR,0.7452,0.0222,0.2326
CLUBS FOUR CLUBS FIVE,0.6826,0.019,0.2984
CLUBS SEVEN CLUBS FOUR,0.6972,0.0156,0.2872
CLUBS SIX CLUBS FOUR,0.71,0.0178,0.2722
CLUBS SEVEN SPADES EIGHT,0.5846,0.0064,0.409
CLUBS SEVEN SPADES NINE,0.5952,0.0042,0.4006
CLUBS SEVEN SPADES SIX,0.5898,0.0044,0.4058
CLUBS SEVEN SPADES SEVEN,0.3772,0.0046,0.6182
CLUBS SEVEN SPADES FIVE,0.6216,0.0072,0.3712
CLUBS SEVEN SPADES THREE,0.6562,0.0052,0.3386
CLUBS SEVEN SPADES TWO,0.664,0.006,0.33
CLUBS NINE CLUBS SEVEN,0.5702,0.0034,0.4264
CLUBS EIGHT CLUBS SEVEN,0.5464,0.0046,0.449
HEARTS SIX DIAMONDS FIVE,0.6102,0.0044,0.3854
DIAMONDS FIVE HEARTS SEVEN,0.6214,0.0046,0.374
DIAMONDS FIVE HEARTS EIGHT,0.6286,0.005,0.3664
HEARTS NINE DIAMONDS FIVE,0.6192,0.0046,0.3762
DIAMONDS QUEEN DIAMONDS FIVE,0.5942,0.005,0.4008
HEARTS TWO DIAMONDS FIVE,0.6546,0.0056,0.3398
HEARTS KING HEARTS EIGHT,0.5776,0.0042,0.4182
DIAMONDS KING DIAMONDS FIVE,0.6082,0.0052,0.3866
HEARTS THREE DIAMONDS FIVE,0.6362,0.006,0.3578
HEARTS QUEEN HEARTS EIGHT,0.5788,0.0054,0.4158
DIAMONDS ACE DIAMONDS FIVE,0.2566,0.4068,0.3366
HEARTS FOUR DIAMONDS FIVE,0.7176,0.0234,0.259
HEARTS FIVE DIAMONDS FIVE,0.403,0.0058,0.5912
HEARTS ACE HEARTS EIGHT,0.2822,0.2132,0.5046
CLUBS FOUR DIAMONDS FIVE,0.725,0.0202,0.2548
CLUBS FIVE DIAMONDS FIVE,0.4046,0.004,0.5914
CLUBS SIX DIAMONDS FIVE,0.605,0.0036,0.3914
CLUBS SEVEN DIAMONDS FIVE,0.6052,0.0034,0.3914
CLUBS TWO DIAMONDS FIVE,0.6656,0.0078,0.3266
CLUBS THREE DIAMONDS FIVE,0.643,0.0062,0.3508
SPADES THREE DIAMONDS FIVE,0.646,0.0078,0.3462
SPADES TWO DIAMONDS FIVE,0.6544,0.0054,0.3402
SPADES JACK DIAMONDS EIGHT,0.5852,0.004,0.4108
SPADES FIVE DIAMONDS FIVE,0.395,0.005,0.6
HEARTS JACK CLUBS TEN,0.5776,0.0048,0.4176
SPADES TEN DIAMONDS EIGHT,0.583,0.0046,0.4124
HEARTS JACK CLUBS JACK,0.3542,0.0036,0.6422
HEARTS JACK CLUBS QUEEN,0.6,0.0062,0.3938
CLUBS NINE DIAMONDS FIVE,0.6324,0.0052,0.3624
HEARTS JACK CLUBS KING,0.6102,0.0048,0.385
CLUBS EIGHT DIAMONDS FIVE,0.6238,0.0058,0.3704
HEARTS JACK CLUBS ACE,0.2954,0.084,0.6206
SPADES SEVEN DIAMONDS FIVE,0.6022,0.0054,0.3924
SPADES KING DIAMONDS EIGHT,0.6194,0.0034,0.3772
SPADES SIX DIAMONDS FIVE,0.6148,0.004,0.3812
SPADES QUEEN DIAMONDS EIGHT,0.615,0.004,0.381
SPADES NINE DIAMONDS FIVE,0.613,0.0064,0.3806
SPADES EIGHT DIAMONDS FIVE,0.6196,0.0046,0.3758
DIAMONDS TEN DIAMONDS SIX,0.5818,0.0042,0.414
HEARTS ACE DIAMONDS SEVEN,0.2818,0.2892,0.429
DIAMONDS JACK DIAMONDS SIX,0.5932,0.0028,0.404
HEARTS QUEEN DIAMONDS SEVEN,0.6204,0.0032,0.3764
HEARTS KING DIAMONDS SEVEN,0.623,0.0036,0.3734
DIAMONDS ACE DIAMONDS SIX,0.272,0.3378,0.3902
HEARTS FOUR DIAMONDS SIX,0.7462,0.018,0.2358
SPADES TWO HEARTS JACK,0.6634,0.0074,0.3292
HEARTS FIVE DIAMONDS SIX,0.6152,0.0048,0.38
SPADES TWO HEARTS TEN,0.6686,0.0048,0.3266
DIAMONDS QUEEN DIAMONDS SIX,0.5958,0.0052,0.399
HEARTS TWO DIAMONDS SIX,0.6744,0.005,0.3206
DIAMONDS KING DIAMONDS SIX,0.6116,0.0044,0.384
HEARTS THREE DIAMONDS SIX,0.6588,0.0056,0.3356
HEARTS EIGHT DIAMONDS SIX,0.6082,0.0028,0.389
HEARTS NINE DIAMONDS SIX,0.603,0.0046,0.3924
HEARTS SIX DIAMONDS SIX,0.4076,0.0034,0.589
HEARTS SEVEN DIAMONDS SIX,0.6036,0.0048,0.3916
HEARTS TEN DIAMONDS SEVEN,0.6132,0.0038,0.383
CLUBS TWO DIAMONDS SIX,0.6776,0.0048,0.3176
HEARTS JACK DIAMONDS SEVEN,0.6162,0.004,0.3798
CLUBS THREE DIAMONDS SIX,0.667,0.0044,0.3286
DIAMONDS EIGHT CLUBS JACK,0.6034,0.0038,0.3928
CLUBS SEVEN DIAMONDS SIX,0.6064,0.0022,0.3914
CLUBS SIX DIAMONDS SIX,0.3924,0.0052,0.6024
DIAMONDS EIGHT CLUBS TEN,0.5992,0.0044,0.3964
CLUBS FIVE DIAMONDS SIX,0.6182,0.0046,0.3772
CLUBS FOUR DIAMONDS SIX,0.745,0.0172,0.2378
HEARTS ACE HEARTS JACK,0.2818,0.0802,0.638
DIAMONDS EIGHT CLUBS ACE,0.2746,0.2178,0.5076
HEARTS JACK HEARTS QUEEN,0.5556,0.0062,0.4382
DIAMONDS EIGHT CLUBS KING,0.621,0.0052,0.3738
CLUBS NINE DIAMONDS SIX,0.6156,0.003,0.3814
HEARTS KING HEARTS JACK,0.5616,0.0056,0.4328
DIAMONDS EIGHT CLUBS QUEEN,0.6274,0.004,0.3686
CLUBS EIGHT DIAMONDS SIX,0.6052,0.0028,0.392
SPADES TEN HEARTS KING,0.5974,0.003,0.3996
SPADES FIVE DIAMONDS SIX,0.6232,0.005,0.3718
HEARTS ACE SPADES TWO,0.297,0.4898,0.2132
SPADES JACK HEARTS KING,0.597,0.0034,0.3996
SPADES THREE DIAMONDS SIX,0.665,0.0044,0.3306
SPADES TWO HEARTS QUEEN,0.6692,0.0058,0.325
HEARTS KING SPADES TWO,0.6746,0.0046,0.3208
SPADES TWO DIAMONDS SIX,0.6674,0.0052,0.3274
HEARTS TEN HEARTS EIGHT,0.5714,0.0042,0.4244
SPADES NINE DIAMONDS SIX,0.617,0.006,0.377
HEARTS JACK HEARTS EIGHT,0.571,0.0066,0.4224
SPADES EIGHT DIAMONDS SIX,0.6046,0.0058,0.3896
SPADES SEVEN DIAMONDS SIX,0.5968,0.0064,0.3968
SPADES SIX DIAMONDS SIX,0.3958,0.0052,0.599
SPADES KING HEARTS KING,0.3264,0.0048,0.6688
SPADES QUEEN HEARTS KING,0.5964,0.0046,0.399
CLUBS ACE CLUBS KING,0.296,0.0462,0.6578
SPADES QUEEN HEARTS JACK,0.5732,0.0044,0.4224
SPADES KING HEARTS JACK,0.5882,0.0052,0.4066
SPADES TEN DIAMONDS TEN,0.3614,0.0038,0.6348
SPADES JACK DIAMONDS TEN,0.576,0.0034,0.4206
SPADES JACK HEARTS JACK,0.3424,0.0066,0.651
SPADES TEN HEARTS JACK,0.5744,0.0056,0.42
SPADES QUEEN DIAMONDS TEN,0.5888,0.005,0.4062
SPADES KING DIAMONDS TEN,0.5938,0.005,0.4012
SPADES NINE DIAMONDS SEVEN,0.5844,0.006,0.4096
SPADES EIGHT DIAMONDS SEVEN,0.5884,0.0058,0.4058
SPADES SEVEN DIAMONDS SEVEN,0.3866,0.0042,0.6092
SPADES SIX DIAMONDS SEVEN,0.5944,0.0036,0.402
DIAMONDS KING DIAMONDS SEVEN,0.5762,0.0062,0.4176
HEARTS THREE DIAMONDS SEVEN,0.6708,0.005,0.3242
HEARTS KING DIAMONDS FIVE,0.6298,0.0046,0.3656
DIAMONDS QUEEN DIAMONDS SEVEN,0.5838,0.0044,0.4118
HEARTS TWO DIAMONDS SEVEN,0.675,0.006,0.319
HEARTS QUEEN DIAMONDS FIVE,0.6408,0.0048,0.3544
HEARTS FIVE DIAMONDS SEVEN,0.6164,0.0034,0.3802
DIAMONDS ACE DIAMONDS SEVEN,0.2778,0.267,0.4552
HEARTS FOUR DIAMONDS SEVEN,0.73,0.017,0.253
HEARTS ACE DIAMONDS FIVE,0.261,0.4376,0.3014
HEARTS SEVEN DIAMONDS SEVEN,0.3904,0.0042,0.6054
HEARTS SIX DIAMONDS SEVEN,0.6092,0.004,0.3868
HEARTS NINE DIAMONDS SEVEN,0.592,0.0024,0.4056
DIAMONDS SEVEN HEARTS EIGHT,0.5892,0.003,0.4078
DIAMONDS JACK DIAMONDS SEVEN,0.5878,0.0046,0.4076
HEARTS JACK DIAMONDS FIVE,0.6458,0.0036,0.3506
DIAMONDS TEN DIAMONDS SEVEN,0.5604,0.0044,0.4352
DIAMONDS FIVE HEARTS TEN,0.6476,0.0024,0.35
SPADES KING CLUBS TWO,0.6678,0.006,0.3262
HEARTS KING CLUBS KING,0.3394,0.005,0.6556
CLUBS EIGHT DIAMONDS SEVEN,0.5844,0.0052,0.4104
SPADES QUEEN CLUBS TWO,0.6638,0.0068,0.3294
HEARTS KING CLUBS QUEEN,0.5994,0.004,0.3966
CLUBS NINE DIAMONDS SEVEN,0.5884,0.006,0.4056
SPADES TWO CLUBS JACK,0.6764,0.005,0.3186
SPADES TWO CLUBS TEN,0.6612,0.0064,0.3324
HEARTS KING CLUBS ACE,0.3174,0.0458,0.6368
CLUBS SIX CLUBS SEVEN,0.566,0.0046,0.4294
SPADES TWO CLUBS KING,0.6732,0.0032,0.3236
SPADES TWO DIAMONDS SEVEN,0.6718,0.0058,0.3224
CLUBS EIGHT CLUBS SIX,0.5698,0.0046,0.4256
SPADES THREE DIAMONDS SEVEN,0.6606,0.0032,0.3362
SPADES TWO CLUBS QUEEN,0.6718,0.005,0.3232
CLUBS NINE CLUBS SIX,0.5822,0.0066,0.4112
HEARTS KING CLUBS JACK,0.5974,0.0054,0.3972
SPADES FIVE DIAMONDS SEVEN,0.6042,0.0058,0.39
SPADES TWO CLUBS ACE,0.308,0.4834,0.2086
HEARTS KING CLUBS TEN,0.5902,0.0048,0.405
CLUBS SIX SPADES TWO,0.664,0.0062,0.3298
CLUBS SIX SPADES THREE,0.646,0.0074,0.3466
CLUBS TWO DIAMONDS SEVEN,0.6878,0.0076,0.3046
CLUBS THREE DIAMONDS SEVEN,0.6546,0.0056,0.3398
CLUBS SIX SPADES FIVE,0.5974,0.006,0.3966
CLUBS FOUR DIAMONDS SEVEN,0.7358,0.0138,0.2504
CLUBS SIX SPADES SIX,0.3982,0.0056,0.5962
CLUBS FIVE DIAMONDS SEVEN,0.6208,0.0054,0.3738
CLUBS SIX SPADES SEVEN,0.595,0.0048,0.4002
CLUBS SIX DIAMONDS SEVEN,0.5936,0.0042,0.4022
CLUBS SIX SPADES EIGHT,0.6042,0.0054,0.3904
SPADES JACK CLUBS TWO,0.6656,0.0064,0.328
CLUBS SIX SPADES NINE,0.5968,0.0054,0.3978
SPADES TEN CLUBS TWO,0.6586,0.006,0.3354
CLUBS SEVEN DIAMONDS SEVEN,0.3826,0.0042,0.6132
CLUBS TWO CLUBS QUEEN,0.6258,0.0052,0.369
CLUBS TWO CLUBS KING,0.6266,0.006,0.3674
CLUBS THREE DIAMONDS EIGHT,0.6742,0.0034,0.3224
CLUBS TWO CLUBS ACE,0.2998,0.4422,0.258
CLUBS TWO DIAMONDS EIGHT,0.6668,0.0048,0.3284
DIAMONDS EIGHT HEARTS SEVEN,0.5952,0.0032,0.4016
HEARTS SIX DIAMONDS EIGHT,0.61,0.0038,0.3862
DIAMONDS EIGHT HEARTS NINE,0.5856,0.0052,0.4092
CLUBS TWO CLUBS TEN,0.6162,0.0058,0.378
DIAMONDS EIGHT HEARTS EIGHT,0.3914,0.002,0.6066
CLUBS TWO CLUBS JACK,0.6304,0.0058,0.3638
CLUBS NINE DIAMONDS EIGHT,0.5942,0.003,0.4028
CLUBS EIGHT DIAMONDS EIGHT,0.3756,0.0032,0.6212
CLUBS FIVE DIAMONDS EIGHT,0.6302,0.004,0.3658
CLUBS FOUR DIAMONDS EIGHT,0.747,0.0174,0.2356
SPADES QUEEN SPADES THREE,0.661,0.009,0.33
CLUBS SEVEN DIAMONDS EIGHT,0.5954,0.0032,0.4014
CLUBS SIX DIAMONDS EIGHT,0.6014,0.0062,0.3924
SPADES KING SPADES THREE,0.658,0.0062,0.3358
DIAMONDS QUEEN DIAMONDS EIGHT,0.576,0.006,0.418
HEARTS TWO DIAMONDS EIGHT,0.6678,0.0048,0.3274
DIAMONDS KING DIAMONDS EIGHT,0.5854,0.0048,0.4098
HEARTS THREE DIAMONDS EIGHT,0.6714,0.007,0.3216
DIAMONDS ACE DIAMONDS EIGHT,0.2734,0.212,0.5146
HEARTS FOUR DIAMONDS EIGHT,0.733,0.0182,0.2488
HEARTS FIVE DIAMONDS EIGHT,0.6152,0.0038,0.381
DIAMONDS EIGHT DIAMONDS TEN,0.5696,0.004,0.4264
DIAMONDS EIGHT DIAMONDS JACK,0.5616,0.0054,0.433
SPADES JACK SPADES THREE,0.665,0.0054,0.3296
SPADES TEN SPADES THREE,0.649,0.0058,0.3452
CLUBS FOUR HEARTS ACE,0.0754,0.9054,0.0192
CLUBS FOUR HEARTS QUEEN,0.7508,0.0258,0.2234
CLUBS FOUR HEARTS KING,0.7484,0.0244,0.2272
CLUBS SIX HEARTS TEN,0.6214,0.0032,0.3754
CLUBS SIX HEARTS JACK,0.6384,0.0034,0.3582
SPADES FIVE DIAMONDS EIGHT,0.6146,0.0054,0.38
DIAMONDS EIGHT SPADES TWO,0.6574,0.005,0.3376
SPADES THREE DIAMONDS EIGHT,0.6702,0.0046,0.3252
CLUBS FOUR HEARTS JACK,0.7504,0.027,0.2226
SPADES EIGHT DIAMONDS EIGHT,0.3766,0.0044,0.619
SPADES JACK HEARTS EIGHT,0.6086,0.0046,0.3868
SPADES TEN HEARTS TWO,0.6608,0.0056,0.3336
SPADES TEN DIAMONDS QUEEN,0.5776,0.003,0.4194
CLUBS FOUR HEARTS TEN,0.7416,0.0262,0.2322
SPADES NINE DIAMONDS EIGHT,0.57,0.0038,0.4262
SPADES JACK HEARTS TWO,0.6526,0.0062,0.3412
SPADES JACK DIAMONDS QUEEN,0.5896,0.0032,0.4072
SPADES TEN HEARTS EIGHT,0.5946,0.0048,0.4006
SPADES SIX DIAMONDS EIGHT,0.5998,0.0062,0.394
SPADES SEVEN DIAMONDS EIGHT,0.5832,0.0048,0.412
SPADES QUEEN DIAMONDS QUEEN,0.3318,0.0068,0.6614
SPADES QUEEN HEARTS TWO,0.6512,0.0076,0.3412
SPADES KING HEARTS EIGHT,0.6258,0.005,0.3692
SPADES QUEEN HEARTS EIGHT,0.6116,0.003,0.3854
SPADES KING HEARTS TWO,0.664,0.0092,0.3268
SPADES KING DIAMONDS QUEEN,0.5932,0.0038,0.403
CLUBS TWO HEARTS TEN,0.6688,0.0056,0.3256
CLUBS TWO HEARTS JACK,0.6678,0.0056,0.3266
SPADES SEVEN DIAMONDS NINE,0.5792,0.0048,0.416
SPADES SIX DIAMONDS NINE,0.6092,0.0036,0.3872
SPADES NINE DIAMONDS NINE,0.3734,0.005,0.6216
SPADES EIGHT DIAMONDS NINE,0.5878,0.0034,0.4088
SPADES TEN CLUBS KING,0.5996,0.0066,0.3938
DIAMONDS NINE SPADES THREE,0.6634,0.0046,0.332
SPADES JACK CLUBS KING,0.593,0.0054,0.4016
DIAMONDS NINE SPADES TWO,0.6538,0.0042,0.342
SPADES FIVE DIAMONDS NINE,0.6164,0.0046,0.379
CLUBS NINE DIAMONDS NINE,0.381,0.0024,0.6166
CLUBS EIGHT DIAMONDS NINE,0.5962,0.002,0.4018
CLUBS SIX DIAMONDS NINE,0.617,0.0036,0.3794
SPADES JACK CLUBS FOUR,0.745,0.0272,0.2278
SPADES TEN CLUBS FOUR,0.7432,0.0264,0.2304
CLUBS SEVEN DIAMONDS NINE,0.5964,0.0046,0.399
CLUBS FOUR DIAMONDS NINE,0.7522,0.0212,0.2266
CLUBS FIVE DIAMONDS NINE,0.6318,0.004,0.3642
CLUBS TWO DIAMONDS NINE,0.6572,0.0044,0.3384
CLUBS THREE DIAMONDS NINE,0.6688,0.0054,0.3258
DIAMONDS NINE HEARTS EIGHT,0.5814,0.0038,0.4148
DIAMONDS NINE HEARTS NINE,0.3832,0.004,0.6128
HEARTS SIX DIAMONDS NINE,0.6024,0.0046,0.393
DIAMONDS NINE HEARTS SEVEN,0.5978,0.0024,0.3998
CLUBS EIGHT CLUBS NINE,0.559,0.0048,0.4362
DIAMONDS ACE DIAMONDS NINE,0.274,0.1552,0.5708
HEARTS FOUR DIAMONDS NINE,0.7598,0.0244,0.2158
HEARTS FIVE DIAMONDS NINE,0.6358,0.0024,0.3618
CLUBS TWO HEARTS ACE,0.3164,0.4774,0.2062
DIAMONDS QUEEN DIAMONDS NINE,0.5634,0.0056,0.431
HEARTS TWO DIAMONDS NINE,0.6734,0.0062,0.3204
CLUBS TWO HEARTS KING,0.6724,0.005,0.3226
SPADES KING CLUBS FOUR,0.748,0.0264,0.2256
DIAMONDS KING DIAMONDS NINE,0.5716,0.005,0.4234
HEARTS THREE DIAMONDS NINE,0.6654,0.004,0.3306
CLUBS TWO HEARTS QUEEN,0.662,0.0058,0.3322
SPADES QUEEN CLUBS FOUR,0.7606,0.0212,0.2182
DIAMONDS NINE DIAMONDS JACK,0.5628,0.0034,0.4338
CLUBS EIGHT SPADES NINE,0.5908,0.0034,0.4058
DIAMONDS NINE DIAMONDS TEN,0.5412,0.0058,0.453
CLUBS EIGHT SPADES EIGHT,0.3844,0.0076,0.608
CLUBS EIGHT SPADES SEVEN,0.5856,0.004,0.4104
CLUBS EIGHT SPADES SIX,0.5908,0.0042,0.405
CLUBS EIGHT SPADES FIVE,0.6108,0.0052,0.384
CLUBS EIGHT SPADES THREE,0.6626,0.0068,0.3306
CLUBS EIGHT SPADES TWO,0.6554,0.0054,0.3392
HEARTS SIX DIAMONDS TEN,0.6222,0.002,0.3758
DIAMONDS TEN HEARTS SEVEN,0.5972,0.0024,0.4004
DIAMONDS TEN HEARTS EIGHT,0.602,0.0036,0.3944
CLUBS FOUR CLUBS JACK,0.711,0.0236,0.2654
DIAMONDS TEN HEARTS NINE,0.5802,0.0034,0.4164
CLUBS FOUR CLUBS TEN,0.7128,0.022,0.2652
CLUBS FOUR CLUBS KING,0.7108,0.026,0.2632
CLUBS FOUR CLUBS QUEEN,0.7082,0.0196,0.2722
CLUBS TWO DIAMONDS TEN,0.6692,0.0044,0.3264
CLUBS THREE DIAMONDS TEN,0.6658,0.0042,0.33
CLUBS FOUR CLUBS ACE,0.072,0.855,0.073
DIAMONDS JACK DIAMONDS TEN,0.552,0.0032,0.4448
DIAMONDS QUEEN DIAMONDS TEN,0.5546,0.0056,0.4398
HEARTS TWO DIAMONDS TEN,0.6568,0.003,0.3402
DIAMONDS KING DIAMONDS TEN,0.5476,0.0048,0.4476
HEARTS THREE DIAMONDS TEN,0.6506,0.0042,0.3452
DIAMONDS ACE DIAMONDS TEN,0.2814,0.1144,0.6042
HEARTS FOUR DIAMONDS TEN,0.7468,0.026,0.2272
CLUBS EIGHT HEARTS JACK,0.6052,0.004,0.3908
HEARTS FIVE DIAMONDS TEN,0.6306,0.005,0.3644
CLUBS EIGHT HEARTS TEN,0.5894,0.0056,0.405
CLUBS EIGHT HEARTS QUEEN,0.6186,0.0052,0.3762
CLUBS EIGHT HEARTS KING,0.633,0.005,0.362
CLUBS EIGHT HEARTS ACE,0.2962,0.2138,0.49
CLUBS NINE SPADES THREE,0.677,0.0044,0.3186
CLUBS NINE SPADES TWO,0.6628,0.006,0.3312
CLUBS NINE SPADES FIVE,0.6266,0.0048,0.3686
CLUBS NINE SPADES SEVEN,0.6006,0.0044,0.395
CLUBS NINE SPADES SIX,0.6082,0.0048,0.387
CLUBS NINE SPADES NINE,0.374,0.0038,0.6222
CLUBS TEN HEARTS EIGHT,0.5984,0.005,0.3966
CLUBS NINE SPADES EIGHT,0.5872,0.0066,0.4062
CLUBS JACK HEARTS EIGHT,0.609,0.0026,0.3884
CLUBS QUEEN HEARTS EIGHT,0.6236,0.0044,0.372
CLUBS KING HEARTS EIGHT,0.6162,0.0058,0.378
CLUBS ACE HEARTS EIGHT,0.2876,0.2256,0.4868
SPADES KING CLUBS KING,0.3184,0.0032,0.6784
SPADES QUEEN CLUBS KING,0.5992,0.0058,0.395
DIAMONDS ACE HEARTS TEN,0.2912,0.1144,0.5944
HEARTS FOUR HEARTS TEN,0.699,0.0246,0.2764
DIAMONDS ACE HEARTS JACK,0.3076,0.0854,0.607
HEARTS FOUR HEARTS JACK,0.7086,0.0216,0.2698
SPADES KING CLUBS FIVE,0.6328,0.0044,0.3628
SPADES QUEEN CLUBS FIVE,0.639,0.0068,0.3542
DIAMONDS JACK HEARTS SEVEN,0.6072,0.0048,0.388
HEARTS SIX DIAMONDS JACK,0.6406,0.0046,0.3548
DIAMONDS JACK HEARTS NINE,0.5826,0.0026,0.4148
DIAMONDS JACK HEARTS EIGHT,0.6168,0.0032,0.38
DIAMONDS KING DIAMONDS JACK,0.5552,0.0056,0.4392
HEARTS THREE DIAMONDS JACK,0.6684,0.005,0.3266
DIAMONDS QUEEN DIAMONDS JACK,0.551,0.0044,0.4446
HEARTS TWO DIAMONDS JACK,0.6672,0.0054,0.3274
HEARTS FIVE DIAMONDS JACK,0.6436,0.0054,0.351
SPADES QUEEN SPADES SIX,0.6128,0.0058,0.3814
DIAMONDS ACE DIAMONDS JACK,0.2838,0.0818,0.6344
HEARTS FOUR DIAMONDS JACK,0.7594,0.0218,0.2188
SPADES KING SPADES SIX,0.6246,0.0066,0.3688
SPADES TEN SPADES SIX,0.6068,0.0054,0.3878
SPADES JACK SPADES SIX,0.6256,0.0062,0.3682
SPADES FIVE DIAMONDS JACK,0.6338,0.0044,0.3618
SPADES TWO DIAMONDS JACK,0.6698,0.0058,0.3244
SPADES THREE DIAMONDS JACK,0.6596,0.0044,0.336
SPADES QUEEN DIAMONDS THREE,0.6558,0.0064,0.3378
CLUBS EIGHT DIAMONDS JACK,0.6086,0.0046,0.3868
SPADES KING DIAMONDS THREE,0.6534,0.0082,0.3384
CLUBS NINE DIAMONDS JACK,0.589,0.0046,0.4064
CLUBS SIX DIAMONDS JACK,0.6304,0.0038,0.3658
CLUBS SEVEN DIAMONDS JACK,0.619,0.0034,0.3776
CLUBS FOUR DIAMONDS JACK,0.758,0.0188,0.2232
CLUBS FIVE DIAMONDS JACK,0.637,0.0046,0.3584
CLUBS TWO DIAMONDS JACK,0.6582,0.0062,0.3356
CLUBS THREE DIAMONDS JACK,0.6666,0.0046,0.3288
SPADES JACK HEARTS SIX,0.6264,0.0054,0.3682
SPADES TEN CLUBS FIVE,0.6434,0.0044,0.3522
SPADES JACK CLUBS FIVE,0.6344,0.0048,0.3608
HEARTS SIX SPADES TEN,0.6188,0.0066,0.3746
SPADES JACK DIAMONDS THREE,0.6506,0.0066,0.3428
CLUBS SEVEN CLUBS ACE,0.284,0.2614,0.4546
SPADES TEN DIAMONDS THREE,0.6598,0.0054,0.3348
CLUBS SEVEN CLUBS QUEEN,0.58,0.0056,0.4144
CLUBS SEVEN CLUBS KING,0.5814,0.0048,0.4138
SPADES NINE DIAMONDS JACK,0.5844,0.0064,0.4092
CLUBS SEVEN CLUBS TEN,0.5678,0.0044,0.4278
DIAMONDS ACE HEARTS ACE,0.1276,0.0142,0.8582
HEARTS FOUR HEARTS ACE,0.0706,0.8568,0.0726
SPADES EIGHT DIAMONDS JACK,0.5996,0.0046,0.3958
CLUBS SEVEN CLUBS JACK,0.5746,0.0034,0.422
DIAMONDS ACE HEARTS KING,0.3004,0.0428,0.6568
HEARTS FOUR HEARTS KING,0.7052,0.0248,0.27
SPADES SEVEN DIAMONDS JACK,0.6134,0.006,0.3806
SPADES KING HEARTS SIX,0.6342,0.0052,0.3606
DIAMONDS ACE HEARTS QUEEN,0.297,0.0618,0.6412
HEARTS FOUR HEARTS QUEEN,0.7002,0.0236,0.2762
SPADES SIX DIAMONDS JACK,0.6372,0.0042,0.3586
SPADES QUEEN HEARTS SIX,0.6326,0.006,0.3614
SPADES TWO DIAMONDS TEN,0.6664,0.0066,0.327
SPADES THREE DIAMONDS TEN,0.6596,0.005,0.3354
SPADES FIVE DIAMONDS TEN,0.6268,0.006,0.3672
SPADES SIX DIAMONDS TEN,0.615,0.0052,0.3798
SPADES SEVEN DIAMONDS TEN,0.591,0.0036,0.4054
SPADES EIGHT DIAMONDS TEN,0.5848,0.0064,0.4088
SPADES NINE DIAMONDS TEN,0.5754,0.0046,0.42
CLUBS FOUR DIAMONDS TEN,0.7574,0.026,0.2166
CLUBS FIVE DIAMONDS TEN,0.6326,0.0046,0.3628
CLUBS SIX DIAMONDS TEN,0.6216,0.0044,0.374
CLUBS SEVEN DIAMONDS TEN,0.6124,0.0022,0.3854
CLUBS EIGHT DIAMONDS TEN,0.6014,0.0034,0.3952
CLUBS NINE DIAMONDS TEN,0.5822,0.0044,0.4134
DIAMONDS THREE CLUBS JACK,0.6762,0.0042,0.3196
DIAMONDS THREE CLUBS TEN,0.6664,0.0048,0.3288
DIAMONDS THREE CLUBS KING,0.6742,0.0056,0.3202
DIAMONDS THREE CLUBS QUEEN,0.6604,0.0044,0.3352
DIAMONDS THREE CLUBS ACE,0.3034,0.49,0.2066
SPADES FIVE SPADES TWO,0.6564,0.0078,0.3358
SPADES THREE SPADES TWO,0.6802,0.007,0.3128
SPADES NINE SPADES TWO,0.6534,0.008,0.3386
SPADES EIGHT SPADES TWO,0.6672,0.0062,0.3266
SPADES SEVEN SPADES TWO,0.6708,0.0074,0.3218
SPADES SIX SPADES TWO,0.6592,0.0072,0.3336
DIAMONDS QUEEN CLUBS THREE,0.69,0.0046,0.3054
HEARTS TWO CLUBS THREE,0.6806,0.007,0.3124
DIAMONDS QUEEN CLUBS TWO,0.6648,0.0056,0.3296
CLUBS TWO HEARTS TWO,0.4914,0.0066,0.502
DIAMONDS QUEEN HEARTS SEVEN,0.636,0.0034,0.3606
HEARTS TWO HEARTS SEVEN,0.631,0.005,0.364
HEARTS SIX DIAMONDS QUEEN,0.641,0.0044,0.3546
HEARTS SIX HEARTS TWO,0.6378,0.0052,0.357
DIAMONDS QUEEN HEARTS NINE,0.594,0.004,0.402
HEARTS TWO HEARTS NINE,0.622,0.004,0.374
DIAMONDS QUEEN HEARTS EIGHT,0.6128,0.006,0.3812
HEARTS TWO HEARTS EIGHT,0.6336,0.0048,0.3616
CLUBS NINE HEARTS TWO,0.664,0.0048,0.3312
CLUBS NINE DIAMONDS QUEEN,0.6082,0.0042,0.3876
CLUBS EIGHT HEARTS TWO,0.6716,0.005,0.3234
CLUBS EIGHT DIAMONDS QUEEN,0.6128,0.0036,0.3836
CLUBS FIVE DIAMONDS QUEEN,0.6466,0.006,0.3474
CLUBS FIVE HEARTS TWO,0.6616,0.003,0.3354
SPADES EIGHT HEARTS ACE,0.278,0.2208,0.5012
CLUBS FOUR DIAMONDS QUEEN,0.7454,0.0256,0.229
CLUBS FOUR HEARTS TWO,0.7608,0.0234,0.2158
SPADES EIGHT HEARTS QUEEN,0.611,0.0048,0.3842
CLUBS SEVEN HEARTS TWO,0.6734,0.0052,0.3214
CLUBS SEVEN DIAMONDS QUEEN,0.6368,0.0034,0.3598
CLUBS SIX DIAMONDS QUEEN,0.6322,0.003,0.3648
CLUBS SIX HEARTS TWO,0.6562,0.0062,0.3376
SPADES EIGHT HEARTS KING,0.622,0.0046,0.3734
DIAMONDS QUEEN SPADES SIX,0.6382,0.0046,0.3572
HEARTS TWO SPADES SIX,0.6696,0.005,0.3254
HEARTS FOUR CLUBS QUEEN,0.7476,0.027,0.2254
DIAMONDS ACE CLUBS QUEEN,0.3,0.0594,0.6406
DIAMONDS QUEEN SPADES SEVEN,0.6264,0.0064,0.3672
SPADES SEVEN HEARTS TWO,0.6632,0.006,0.3308
HEARTS FOUR CLUBS KING,0.7582,0.022,0.2198
DIAMONDS ACE CLUBS KING,0.2926,0.0522,0.6552
SPADES EIGHT DIAMONDS QUEEN,0.6248,0.0052,0.37
SPADES EIGHT HEARTS TWO,0.6704,0.0044,0.3252
HEARTS FOUR CLUBS ACE,0.071,0.9056,0.0234
DIAMONDS ACE CLUBS ACE,0.1322,0.0134,0.8544
SPADES NINE DIAMONDS QUEEN,0.5998,0.005,0.3952
SPADES NINE HEARTS TWO,0.6616,0.0058,0.3326
HEARTS TWO SPADES TWO,0.4924,0.0078,0.4998
DIAMONDS QUEEN SPADES TWO,0.6542,0.0042,0.3416
HEARTS TWO SPADES THREE,0.6798,0.008,0.3122
DIAMONDS QUEEN SPADES THREE,0.6554,0.0066,0.338
HEARTS FOUR CLUBS TEN,0.7628,0.0216,0.2156
DIAMONDS ACE CLUBS TEN,0.2962,0.1128,0.591
HEARTS TWO SPADES FIVE,0.6548,0.0068,0.3384
DIAMONDS QUEEN SPADES FIVE,0.6366,0.0044,0.359
HEARTS FOUR CLUBS JACK,0.7486,0.0264,0.225
DIAMONDS ACE CLUBS JACK,0.3028,0.0902,0.607
CLUBS FIVE CLUBS KING,0.6078,0.006,0.3862
CLUBS FIVE CLUBS QUEEN,0.6008,0.0058,0.3934
CLUBS FIVE CLUBS ACE,0.2534,0.4182,0.3284
CLUBS FIVE CLUBS JACK,0.5982,0.0048,0.397
CLUBS FIVE CLUBS TEN,0.5948,0.0042,0.401
SPADES KING CLUBS JACK,0.595,0.006,0.399
SPADES QUEEN CLUBS JACK,0.5816,0.0058,0.4126
SPADES SIX CLUBS KING,0.6218,0.0048,0.3734
SPADES SIX CLUBS QUEEN,0.6252,0.0048,0.37
SPADES EIGHT HEARTS JACK,0.6008,0.0038,0.3954
SPADES SIX CLUBS ACE,0.2772,0.3646,0.3582
SPADES EIGHT HEARTS TEN,0.5846,0.006,0.4094
SPADES SIX CLUBS JACK,0.6184,0.0042,0.3774
SPADES SIX CLUBS TEN,0.6102,0.0052,0.3846
SPADES TEN CLUBS JACK,0.5802,0.0056,0.4142
SPADES JACK CLUBS JACK,0.3372,0.0048,0.658
SPADES QUEEN CLUBS SEVEN,0.6236,0.0042,0.3722
SPADES KING CLUBS SEVEN,0.6204,0.0056,0.374
SPADES SIX HEARTS TEN,0.622,0.0056,0.3724
SPADES SIX HEARTS JACK,0.6192,0.0062,0.3746
SPADES SIX HEARTS ACE,0.2882,0.3346,0.3772
SPADES SIX HEARTS KING,0.6116,0.0046,0.3838
SPADES SIX HEARTS QUEEN,0.6258,0.004,0.3702
SPADES JACK CLUBS SEVEN,0.6052,0.0042,0.3906
SPADES TEN CLUBS SEVEN,0.6008,0.004,0.3952
HEARTS SIX CLUBS TEN,0.62,0.0042,0.3758
HEARTS SIX CLUBS JACK,0.6352,0.003,0.3618
CLUBS ACE CLUBS JACK,0.2972,0.0746,0.6282
HEARTS SIX CLUBS QUEEN,0.6284,0.0034,0.3682
HEARTS SIX CLUBS KING,0.6282,0.003,0.3688
HEARTS SIX CLUBS ACE,0.2898,0.3422,0.368
CLUBS QUEEN CLUBS JACK,0.5444,0.0066,0.449
CLUBS KING CLUBS JACK,0.5458,0.0044,0.4498
DIAMONDS THREE HEARTS ACE,0.32,0.47,0.21
DIAMONDS THREE HEARTS QUEEN,0.6714,0.006,0.3226
DIAMONDS THREE HEARTS KING,0.681,0.0058,0.3132
CLUBS FIVE HEARTS JACK,0.6296,0.004,0.3664
HEARTS FOUR SPADES TEN,0.745,0.0242,0.2308
SPADES TEN DIAMONDS ACE,0.2812,0.1204,0.5984
CLUBS FIVE HEARTS TEN,0.6418,0.0042,0.354
HEARTS FOUR SPADES JACK,0.7508,0.025,0.2242
SPADES JACK DIAMONDS ACE,0.2832,0.0816,0.6352
CLUBS FIVE HEARTS ACE,0.2658,0.4362,0.298
CLUBS FIVE HEARTS KING,0.6296,0.0038,0.3666
SPADES QUEEN DIAMONDS ACE,0.2994,0.0588,0.6418
HEARTS FOUR SPADES QUEEN,0.7556,0.0212,0.2232
CLUBS FIVE HEARTS QUEEN,0.6548,0.0046,0.3406
SPADES KING HEARTS FOUR,0.7612,0.0234,0.2154
SPADES KING DIAMONDS ACE,0.2896,0.0506,0.6598
DIAMONDS QUEEN DIAMONDS ACE,0.2908,0.0556,0.6536
HEARTS TWO DIAMONDS ACE,0.309,0.483,0.208
HEARTS FOUR DIAMONDS QUEEN,0.7446,0.0266,0.2288
HEARTS FOUR HEARTS TWO,0.7058,0.0234,0.2708
DIAMONDS THREE HEARTS TEN,0.6818,0.004,0.3142
HEARTS FIVE DIAMONDS QUEEN,0.6482,0.0076,0.3442
HEARTS FIVE HEARTS TWO,0.619,0.0066,0.3744
DIAMONDS THREE HEARTS JACK,0.6822,0.0052,0.3126
DIAMONDS QUEEN HEARTS TWO,0.6716,0.0068,0.3216
DIAMONDS KING DIAMONDS QUEEN,0.5728,0.0042,0.423
DIAMONDS KING HEARTS TWO,0.6842,0.0044,0.3114
HEARTS THREE DIAMONDS QUEEN,0.6548,0.0062,0.339
HEARTS THREE HEARTS TWO,0.6408,0.006,0.3532
HEARTS TWO CLUBS ACE,0.3128,0.4758,0.2114
DIAMONDS QUEEN CLUBS ACE,0.3084,0.0642,0.6274
HEARTS TWO CLUBS QUEEN,0.673,0.0054,0.3216
DIAMONDS QUEEN CLUBS QUEEN,0.349,0.004,0.647
HEARTS TWO CLUBS KING,0.6732,0.0054,0.3214
DIAMONDS QUEEN CLUBS KING,0.596,0.0058,0.3982
SPADES EIGHT SPADES FIVE,0.6058,0.0064,0.3878
HEARTS TWO CLUBS TEN,0.6594,0.0062,0.3344
DIAMONDS QUEEN CLUBS TEN,0.5956,0.0034,0.401
SPADES NINE SPADES FIVE,0.61,0.008,0.382
HEARTS TWO CLUBS JACK,0.6514,0.0042,0.3444
DIAMONDS QUEEN CLUBS JACK,0.5994,0.0034,0.3972
SPADES SIX SPADES FIVE,0.6086,0.005,0.3864
SPADES SEVEN SPADES FIVE,0.616,0.0048,0.3792
DIAMONDS FIVE CLUBS QUEEN,0.6416,0.0036,0.3548
SPADES EIGHT CLUBS ACE,0.277,0.2188,0.5042
CLUBS KING DIAMONDS FIVE,0.645,0.0074,0.3476
SPADES EIGHT CLUBS KING,0.632,0.0056,0.3624
CLUBS ACE DIAMONDS FIVE,0.2658,0.4314,0.3028
SPADES EIGHT CLUBS QUEEN,0.6224,0.005,0.3726
SPADES EIGHT CLUBS JACK,0.6002,0.0038,0.396
SPADES EIGHT CLUBS TEN,0.5772,0.0054,0.4174
DIAMONDS FIVE CLUBS TEN,0.6436,0.0036,0.3528
DIAMONDS FIVE CLUBS JACK,0.6384,0.0046,0.357
HEARTS JACK DIAMONDS TEN,0.5846,0.0036,0.4118
DIAMONDS TEN HEARTS TEN,0.3618,0.0038,0.6344
SPADES QUEEN CLUBS NINE,0.6076,0.006,0.3864
SPADES KING CLUBS NINE,0.6006,0.006,0.3934
HEARTS SIX HEARTS KING,0.5962,0.004,0.3998
DIAMONDS KING SPADES SEVEN,0.6206,0.0052,0.3742
HEARTS THREE SPADES SEVEN,0.6692,0.0056,0.3252
SPADES KING DIAMONDS SEVEN,0.62,0.0046,0.3754
HEARTS SIX HEARTS QUEEN,0.5924,0.0046,0.403
DIAMONDS KING SPADES SIX,0.64,0.0052,0.3548
HEARTS THREE SPADES SIX,0.6492,0.005,0.3458
SPADES QUEEN DIAMONDS SEVEN,0.6202,0.006,0.3738
