opposingHand,winningChance,drawChance,lostChance
SPADES EIGHT SPADES FOUR
HEARTS FIVE SPADES TEN,0.3922,0.03,0.5778
SPADES JACK HEARTS FIVE,0.373,0.0208,0.6062
SPADES FIVE CLUBS JACK,0.4002,0.016,0.5838
SPADES FIVE CLUBS TEN,0.398,0.0298,0.5722
CLUBS EIGHT CLUBS JACK,0.2798,0.0568,0.6634
CLUBS EIGHT CLUBS TEN,0.2618,0.0768,0.6614
CLUBS EIGHT CLUBS KING,0.2774,0.0364,0.6862
SPADES FIVE CLUBS ACE,0.3862,0.0048,0.609
CLUBS EIGHT CLUBS QUEEN,0.2742,0.0444,0.6814
SPADES FIVE CLUBS KING,0.398,0.0082,0.5938
SPADES FIVE CLUBS QUEEN,0.4142,0.0126,0.5732
CLUBS EIGHT CLUBS ACE,0.2644,0.0286,0.707
DIAMONDS TWO DIAMONDS THREE,0.572,0.0646,0.3634
DIAMONDS TWO DIAMONDS FIVE,0.5484,0.0686,0.383
SPADES KING HEARTS FIVE,0.3852,0.0088,0.606
DIAMONDS TWO DIAMONDS FOUR,0.5688,0.1426,0.2886
SPADES QUEEN HEARTS FIVE,0.3806,0.0146,0.6048
DIAMONDS TWO DIAMONDS SEVEN,0.5824,0.0636,0.354
DIAMONDS TWO DIAMONDS SIX,0.5788,0.061,0.3602
SPADES ACE HEARTS FIVE,0.385,0.0056,0.6094
DIAMONDS TWO DIAMONDS NINE,0.4064,0.0422,0.5514
DIAMONDS TWO DIAMONDS EIGHT,0.2932,0.4636,0.2432
DIAMONDS THREE DIAMONDS FOUR,0.5908,0.1346,0.2746
DIAMONDS THREE DIAMONDS FIVE,0.5452,0.0622,0.3926
CLUBS TWO SPADES FIVE,0.5904,0.0638,0.3458
CLUBS TWO SPADES TWO,0.402,0.1054,0.4926
CLUBS TWO SPADES THREE,0.6052,0.0696,0.3252
DIAMONDS THREE DIAMONDS EIGHT,0.3076,0.451,0.2414
DIAMONDS THREE DIAMONDS NINE,0.4148,0.0398,0.5454
SPADES NINE CLUBS TWO,0.4254,0.0458,0.5288
DIAMONDS THREE DIAMONDS SIX,0.5562,0.064,0.3798
CLUBS TWO SPADES SIX,0.6052,0.0604,0.3344
DIAMONDS THREE DIAMONDS SEVEN,0.5688,0.0616,0.3696
SPADES SEVEN CLUBS TWO,0.6094,0.0664,0.3242
CLUBS SIX CLUBS TWO,0.5646,0.0584,0.377
CLUBS SEVEN CLUBS TWO,0.583,0.0546,0.3624
CLUBS FOUR CLUBS TWO,0.5852,0.1362,0.2786
CLUBS FIVE CLUBS TWO,0.5634,0.0612,0.3754
CLUBS JACK CLUBS TEN,0.3368,0.0144,0.6488
DIAMONDS FOUR DIAMONDS SIX,0.5898,0.1248,0.2854
CLUBS QUEEN CLUBS TEN,0.3398,0.0104,0.6498
DIAMONDS FOUR DIAMONDS SEVEN,0.5916,0.134,0.2744
CLUBS KING CLUBS TEN,0.3378,0.0076,0.6546
CLUBS ACE CLUBS TEN,0.3502,0.0034,0.6464
CLUBS EIGHT CLUBS TWO,0.2994,0.4408,0.2598
DIAMONDS FIVE DIAMONDS FOUR,0.5528,0.1406,0.3066
CLUBS NINE CLUBS TWO,0.4012,0.0436,0.5552
DIAMONDS NINE DIAMONDS FOUR,0.2746,0.0972,0.6282
DIAMONDS EIGHT DIAMONDS FOUR,0.0784,0.8492,0.0724
CLUBS TWO CLUBS THREE,0.5894,0.061,0.3496
DIAMONDS NINE DIAMONDS FIVE,0.3656,0.041,0.5934
DIAMONDS TWO CLUBS JACK,0.4368,0.0234,0.5398
DIAMONDS EIGHT DIAMONDS FIVE,0.2534,0.4016,0.345
DIAMONDS TWO CLUBS TEN,0.4578,0.0268,0.5154
DIAMONDS FIVE DIAMONDS SEVEN,0.522,0.0594,0.4186
DIAMONDS FIVE DIAMONDS SIX,0.5064,0.0592,0.4344
DIAMONDS TWO CLUBS ACE,0.4212,0.0048,0.574
DIAMONDS TWO CLUBS KING,0.4378,0.0066,0.5556
DIAMONDS TWO CLUBS QUEEN,0.4318,0.0138,0.5544
DIAMONDS EIGHT DIAMONDS SIX,0.2478,0.3434,0.4088
DIAMONDS NINE DIAMONDS SIX,0.362,0.0408,0.5972
SPADES THREE HEARTS ACE,0.4212,0.0048,0.574
HEARTS KING SPADES THREE,0.4276,0.0086,0.5638
DIAMONDS SEVEN DIAMONDS SIX,0.526,0.054,0.42
SPADES THREE HEARTS QUEEN,0.4382,0.0126,0.5492
SPADES THREE HEARTS JACK,0.4298,0.0194,0.5508
SPADES THREE HEARTS TEN,0.4292,0.0284,0.5424
DIAMONDS EIGHT DIAMONDS SEVEN,0.2526,0.2562,0.4912
DIAMONDS NINE DIAMONDS SEVEN,0.3544,0.0308,0.6148
DIAMONDS NINE DIAMONDS EIGHT,0.2452,0.0972,0.6576
DIAMONDS KING HEARTS TEN,0.3804,0.007,0.6126
HEARTS THREE HEARTS TEN,0.4076,0.024,0.5684
CLUBS SIX SPADES JACK,0.3938,0.0166,0.5896
DIAMONDS KING HEARTS JACK,0.3788,0.0076,0.6136
HEARTS THREE HEARTS JACK,0.4142,0.0208,0.565
CLUBS SIX SPADES TEN,0.3784,0.029,0.5926
SPADES JACK SPADES FIVE,0.3412,0.0188,0.64
SPADES TEN SPADES FIVE,0.3442,0.0294,0.6264
DIAMONDS KING HEARTS ACE,0.3606,0.0032,0.6362
HEARTS THREE HEARTS ACE,0.4098,0.0036,0.5866
SPADES ACE CLUBS SIX,0.3934,0.0062,0.6004
DIAMONDS KING HEARTS QUEEN,0.3754,0.0074,0.6172
HEARTS THREE HEARTS QUEEN,0.415,0.0106,0.5744
SPADES KING CLUBS SIX,0.3842,0.0066,0.6092
DIAMONDS KING HEARTS KING,0.1864,0.0124,0.8012
HEARTS THREE HEARTS KING,0.4168,0.01,0.5732
SPADES QUEEN CLUBS SIX,0.397,0.0094,0.5936
SPADES NINE HEARTS TEN,0.348,0.029,0.623
SPADES NINE HEARTS JACK,0.342,0.0206,0.6374
SPADES QUEEN SPADES FIVE,0.3426,0.015,0.6424
SPADES KING SPADES FIVE,0.3492,0.0078,0.643
SPADES ACE SPADES FIVE,0.3448,0.0058,0.6494
SPADES NINE HEARTS QUEEN,0.3546,0.0124,0.633
SPADES NINE HEARTS KING,0.354,0.009,0.637
SPADES NINE HEARTS ACE,0.3494,0.0062,0.6444
SPADES JACK CLUBS TEN,0.3488,0.0132,0.638
SPADES TEN CLUBS TEN,0.1924,0.0444,0.7632
SPADES ACE CLUBS TEN,0.3546,0.0036,0.6418
SPADES KING CLUBS TEN,0.3656,0.0108,0.6236
SPADES QUEEN CLUBS TEN,0.3488,0.0118,0.6394
SPADES FIVE HEARTS QUEEN,0.4052,0.0114,0.5834
SPADES FIVE HEARTS KING,0.3952,0.0096,0.5952
SPADES FIVE HEARTS ACE,0.386,0.0078,0.6062
CLUBS EIGHT SPADES TEN,0.2728,0.0798,0.6474
HEARTS THREE SPADES JACK,0.4172,0.0182,0.5646
SPADES JACK DIAMONDS KING,0.3622,0.0076,0.6302
SPADES TEN DIAMONDS KING,0.3568,0.0088,0.6344
HEARTS THREE SPADES TEN,0.411,0.0264,0.5626
CLUBS EIGHT SPADES JACK,0.2626,0.0542,0.6832
SPADES ACE CLUBS EIGHT,0.2716,0.0252,0.7032
HEARTS FIVE CLUBS JACK,0.3934,0.0166,0.59
CLUBS SIX HEARTS ACE,0.4028,0.0036,0.5936
HEARTS FIVE CLUBS TEN,0.4156,0.026,0.5584
CLUBS EIGHT SPADES QUEEN,0.2688,0.0468,0.6844
SPADES THREE CLUBS TEN,0.428,0.0302,0.5418
CLUBS SIX HEARTS QUEEN,0.406,0.0122,0.5818
CLUBS EIGHT SPADES KING,0.2718,0.0372,0.691
SPADES THREE CLUBS JACK,0.4412,0.0192,0.5396
CLUBS SIX HEARTS KING,0.4064,0.0062,0.5874
DIAMONDS TWO HEARTS JACK,0.4396,0.0196,0.5408
SPADES THREE CLUBS QUEEN,0.4364,0.0132,0.5504
DIAMONDS TWO HEARTS TEN,0.4394,0.0288,0.5318
SPADES THREE CLUBS KING,0.4358,0.0094,0.5548
HEARTS FIVE CLUBS ACE,0.3972,0.0038,0.599
SPADES FIVE HEARTS TEN,0.4004,0.0288,0.5708
SPADES THREE CLUBS ACE,0.4344,0.0042,0.5614
HEARTS FIVE CLUBS KING,0.4024,0.008,0.5896
SPADES FIVE HEARTS JACK,0.406,0.0196,0.5744
HEARTS FIVE CLUBS QUEEN,0.4,0.0134,0.5866
HEARTS THREE CLUBS KING,0.445,0.0066,0.5484
DIAMONDS KING CLUBS KING,0.1836,0.0172,0.7992
HEARTS THREE CLUBS QUEEN,0.4406,0.0144,0.545
DIAMONDS KING CLUBS QUEEN,0.3804,0.0054,0.6142
HEARTS FIVE HEARTS JACK,0.3772,0.018,0.6048
HEARTS FIVE HEARTS TEN,0.3752,0.0274,0.5974
HEARTS THREE CLUBS ACE,0.4244,0.0056,0.57
DIAMONDS KING CLUBS ACE,0.39,0.0046,0.6054
SPADES ACE CLUBS QUEEN,0.37,0.0036,0.6264
SPADES KING CLUBS QUEEN,0.3582,0.007,0.6348
HEARTS THREE CLUBS JACK,0.4404,0.0154,0.5442
DIAMONDS KING CLUBS JACK,0.3886,0.0086,0.6028
SPADES QUEEN CLUBS QUEEN,0.1892,0.0262,0.7846
HEARTS THREE CLUBS TEN,0.438,0.0262,0.5358
DIAMONDS KING CLUBS TEN,0.3666,0.0078,0.6256
SPADES JACK CLUBS QUEEN,0.3692,0.0086,0.6222
CLUBS SIX CLUBS QUEEN,0.3862,0.014,0.5998
SPADES TEN CLUBS QUEEN,0.3554,0.0108,0.6338
CLUBS SIX CLUBS KING,0.3862,0.0066,0.6072
CLUBS SIX CLUBS ACE,0.3842,0.003,0.6128
HEARTS FIVE HEARTS KING,0.3772,0.0066,0.6162
HEARTS FIVE HEARTS QUEEN,0.38,0.0138,0.6062
CLUBS SIX CLUBS TEN,0.39,0.0244,0.5856
HEARTS FIVE HEARTS ACE,0.3754,0.0048,0.6198
CLUBS SIX CLUBS JACK,0.392,0.017,0.591
SPADES SEVEN HEARTS JACK,0.3948,0.0186,0.5866
SPADES SEVEN HEARTS TEN,0.3798,0.0258,0.5944
DIAMONDS TWO CLUBS TWO,0.408,0.0954,0.4966
DIAMONDS TWO CLUBS THREE,0.6164,0.0652,0.3184
HEARTS SIX DIAMONDS TWO,0.6098,0.0618,0.3284
DIAMONDS TWO HEARTS QUEEN,0.441,0.0108,0.5482
DIAMONDS TWO HEARTS SEVEN,0.6208,0.06,0.3192
DIAMONDS TWO HEARTS KING,0.4562,0.0074,0.5364
DIAMONDS TWO HEARTS EIGHT,0.317,0.4806,0.2024
DIAMONDS TWO HEARTS ACE,0.43,0.0058,0.5642
DIAMONDS TWO HEARTS NINE,0.4324,0.0382,0.5294
DIAMONDS TWO DIAMONDS QUEEN,0.4162,0.0162,0.5676
DIAMONDS TWO HEARTS TWO,0.399,0.103,0.498
DIAMONDS TWO DIAMONDS KING,0.4198,0.0084,0.5718
HEARTS THREE DIAMONDS TWO,0.6078,0.0686,0.3236
DIAMONDS TWO DIAMONDS ACE,0.4106,0.005,0.5844
HEARTS FOUR DIAMONDS TWO,0.6122,0.151,0.2368
DIAMONDS TWO HEARTS FIVE,0.6038,0.0636,0.3326
SPADES SEVEN HEARTS ACE,0.3892,0.0044,0.6064
DIAMONDS TWO DIAMONDS TEN,0.412,0.0252,0.5628
SPADES SEVEN HEARTS KING,0.4032,0.0078,0.589
DIAMONDS TWO DIAMONDS JACK,0.413,0.0208,0.5662
SPADES SEVEN HEARTS QUEEN,0.3932,0.0144,0.5924
DIAMONDS TWO SPADES NINE,0.4404,0.0416,0.518
DIAMONDS TWO SPADES SEVEN,0.6182,0.065,0.3168
DIAMONDS TWO SPADES SIX,0.5928,0.0646,0.3426
DIAMONDS TWO SPADES FIVE,0.5858,0.0692,0.345
DIAMONDS TWO SPADES THREE,0.6046,0.0724,0.323
DIAMONDS TWO SPADES TWO,0.394,0.0998,0.5062
CLUBS NINE DIAMONDS TWO,0.4326,0.0458,0.5216
CLUBS EIGHT DIAMONDS TWO,0.3064,0.4862,0.2074
DIAMONDS TWO CLUBS SEVEN,0.6172,0.0554,0.3274
CLUBS SIX DIAMONDS TWO,0.595,0.0648,0.3402
DIAMONDS TWO CLUBS FIVE,0.5808,0.0652,0.354
DIAMONDS TWO CLUBS FOUR,0.6258,0.1366,0.2376
CLUBS FOUR SPADES FIVE,0.5888,0.1418,0.2694
CLUBS FOUR SPADES THREE,0.621,0.1396,0.2394
CLUBS FOUR SPADES TWO,0.6056,0.1522,0.2422
CLUBS FOUR SPADES NINE,0.2822,0.1058,0.612
CLUBS FOUR SPADES SEVEN,0.628,0.1442,0.2278
CLUBS FOUR SPADES SIX,0.6118,0.1386,0.2496
SPADES ACE DIAMONDS SIX,0.3862,0.0052,0.6086
SPADES QUEEN DIAMONDS SIX,0.4026,0.011,0.5864
SPADES KING DIAMONDS SIX,0.3806,0.007,0.6124
SPADES TEN DIAMONDS SIX,0.3756,0.0262,0.5982
SPADES JACK DIAMONDS SIX,0.4006,0.0202,0.5792
SPADES QUEEN SPADES TWO,0.3892,0.0154,0.5954
SPADES KING SPADES TWO,0.3882,0.0104,0.6014
SPADES ACE SPADES TWO,0.3764,0.004,0.6196
DIAMONDS JACK CLUBS JACK,0.193,0.034,0.773
DIAMONDS JACK CLUBS TEN,0.3692,0.012,0.6188
DIAMONDS JACK CLUBS KING,0.3868,0.006,0.6072
DIAMONDS JACK CLUBS QUEEN,0.3584,0.0084,0.6332
DIAMONDS THREE DIAMONDS JACK,0.4204,0.0194,0.5602
DIAMONDS THREE DIAMONDS TEN,0.4232,0.0228,0.554
DIAMONDS JACK CLUBS ACE,0.3814,0.004,0.6146
DIAMONDS THREE DIAMONDS KING,0.4194,0.0078,0.5728
HEARTS THREE DIAMONDS THREE,0.403,0.0934,0.5036
DIAMONDS THREE DIAMONDS QUEEN,0.4146,0.0142,0.5712
DIAMONDS THREE HEARTS TWO,0.608,0.0662,0.3258
HEARTS FIVE DIAMONDS THREE,0.5896,0.062,0.3484
DIAMONDS THREE DIAMONDS ACE,0.3932,0.006,0.6008
HEARTS FOUR DIAMONDS THREE,0.6184,0.135,0.2466
DIAMONDS THREE HEARTS SEVEN,0.6016,0.0674,0.331
SPADES TEN SPADES NINE,0.2914,0.0232,0.6854
HEARTS SIX DIAMONDS THREE,0.6172,0.0608,0.322
SPADES JACK SPADES NINE,0.2992,0.0214,0.6794
DIAMONDS THREE HEARTS NINE,0.4356,0.041,0.5234
HEARTS JACK DIAMONDS FOUR,0.3042,0.0556,0.6402
HEARTS KING HEARTS ACE,0.3554,0.0038,0.6408
SPADES TEN SPADES TWO,0.3874,0.0292,0.5834
DIAMONDS THREE HEARTS EIGHT,0.3134,0.467,0.2196
HEARTS TEN DIAMONDS FOUR,0.295,0.0782,0.6268
SPADES JACK SPADES TWO,0.38,0.0184,0.6016
HEARTS QUEEN DIAMONDS FOUR,0.3054,0.0378,0.6568
HEARTS KING DIAMONDS FOUR,0.2812,0.034,0.6848
SPADES ACE SPADES NINE,0.3168,0.0056,0.6776
HEARTS ACE DIAMONDS FOUR,0.2952,0.0174,0.6874
SPADES KING SPADES NINE,0.3118,0.007,0.6812
SPADES QUEEN SPADES NINE,0.318,0.0128,0.6692
DIAMONDS THREE SPADES NINE,0.4146,0.0436,0.5418
DIAMONDS THREE SPADES SEVEN,0.6122,0.0596,0.3282
DIAMONDS THREE SPADES SIX,0.585,0.066,0.349
CLUBS SIX DIAMONDS THREE,0.6004,0.065,0.3346
CLUBS ACE DIAMONDS FOUR,0.3042,0.0202,0.6756
CLUBS SIX CLUBS FIVE,0.5206,0.0572,0.4222
CLUBS SEVEN CLUBS FIVE,0.5132,0.0642,0.4226
CLUBS SEVEN DIAMONDS THREE,0.6142,0.0628,0.323
DIAMONDS THREE CLUBS FOUR,0.6134,0.1446,0.242
CLUBS QUEEN DIAMONDS FOUR,0.3056,0.0412,0.6532
DIAMONDS THREE CLUBS FIVE,0.5788,0.065,0.3562
CLUBS KING DIAMONDS FOUR,0.2992,0.0288,0.672
DIAMONDS THREE CLUBS TWO,0.6182,0.0646,0.3172
DIAMONDS FOUR CLUBS TEN,0.2842,0.078,0.6378
DIAMONDS THREE CLUBS THREE,0.392,0.1036,0.5044
DIAMONDS FOUR CLUBS JACK,0.3044,0.0552,0.6404
DIAMONDS THREE SPADES FIVE,0.5742,0.0664,0.3594
DIAMONDS THREE SPADES TWO,0.6102,0.0708,0.319
DIAMONDS THREE SPADES THREE,0.4018,0.1036,0.4946
CLUBS EIGHT DIAMONDS THREE,0.3198,0.4744,0.2058
CLUBS NINE DIAMONDS THREE,0.4358,0.0436,0.5206
SPADES SEVEN CLUBS ACE,0.3986,0.005,0.5964
SPADES SEVEN CLUBS QUEEN,0.415,0.0122,0.5728
SPADES SEVEN CLUBS KING,0.4,0.0098,0.5902
CLUBS FIVE SPADES SEVEN,0.5602,0.063,0.3768
SPADES SEVEN CLUBS TEN,0.3854,0.0272,0.5874
CLUBS FIVE SPADES SIX,0.5496,0.0666,0.3838
SPADES SEVEN CLUBS JACK,0.3946,0.0176,0.5878
SPADES NINE CLUBS FIVE,0.378,0.0464,0.5756
CLUBS FIVE SPADES THREE,0.5842,0.0676,0.3482
CLUBS FIVE SPADES TWO,0.5938,0.0678,0.3384
CLUBS FIVE SPADES FIVE,0.2996,0.0924,0.608
CLUBS NINE CLUBS FIVE,0.3692,0.0402,0.5906
CLUBS EIGHT CLUBS FIVE,0.2476,0.4034,0.349
CLUBS ACE CLUBS QUEEN,0.3514,0.005,0.6436
CLUBS KING CLUBS QUEEN,0.3512,0.005,0.6438
DIAMONDS TEN DIAMONDS FOUR,0.275,0.073,0.652
DIAMONDS NINE CLUBS TEN,0.3504,0.024,0.6256
DIAMONDS JACK DIAMONDS FOUR,0.2826,0.0572,0.6602
DIAMONDS NINE CLUBS JACK,0.3622,0.0144,0.6234
SPADES NINE CLUBS JACK,0.344,0.018,0.638
SPADES NINE CLUBS TEN,0.3418,0.022,0.6362
DIAMONDS ACE DIAMONDS FOUR,0.2846,0.0166,0.6988
HEARTS FOUR DIAMONDS FOUR,0.3166,0.0812,0.6022
DIAMONDS JACK HEARTS TEN,0.3748,0.0136,0.6116
SPADES NINE CLUBS KING,0.3554,0.006,0.6386
DIAMONDS TWO SPADES TEN,0.4238,0.0298,0.5464
DIAMONDS NINE CLUBS ACE,0.3846,0.0036,0.6118
HEARTS FIVE DIAMONDS FOUR,0.5948,0.145,0.2602
HEARTS JACK DIAMONDS JACK,0.1998,0.0322,0.768
SPADES NINE CLUBS QUEEN,0.354,0.0128,0.6332
DIAMONDS TWO SPADES JACK,0.4236,0.0204,0.556
DIAMONDS QUEEN DIAMONDS FOUR,0.2792,0.0348,0.686
HEARTS TWO DIAMONDS FOUR,0.6212,0.1422,0.2366
DIAMONDS NINE CLUBS QUEEN,0.379,0.0084,0.6126
DIAMONDS KING DIAMONDS FOUR,0.2746,0.0314,0.694
HEARTS THREE DIAMONDS FOUR,0.6318,0.1372,0.231
SPADES NINE CLUBS ACE,0.3706,0.0042,0.6252
DIAMONDS NINE CLUBS KING,0.3868,0.0056,0.6076
HEARTS ACE DIAMONDS JACK,0.3786,0.0032,0.6182
SPADES ACE DIAMONDS TWO,0.4198,0.0052,0.575
DIAMONDS JACK HEARTS QUEEN,0.3742,0.0108,0.615
SPADES QUEEN DIAMONDS TWO,0.4272,0.012,0.5608
HEARTS KING DIAMONDS JACK,0.3818,0.0046,0.6136
SPADES KING DIAMONDS TWO,0.4368,0.01,0.5532
SPADES JACK SPADES SEVEN,0.3428,0.0174,0.6398
SPADES TEN SPADES SEVEN,0.3154,0.0294,0.6552
CLUBS SEVEN CLUBS THREE,0.5734,0.0662,0.3604
CLUBS SIX CLUBS THREE,0.5504,0.065,0.3846
CLUBS FIVE CLUBS THREE,0.548,0.0626,0.3894
CLUBS FOUR CLUBS THREE,0.579,0.1412,0.2798
CLUBS NINE CLUBS THREE,0.422,0.0396,0.5384
CLUBS EIGHT CLUBS THREE,0.307,0.4628,0.2302
CLUBS THREE SPADES FIVE,0.57,0.0674,0.3626
CLUBS THREE SPADES THREE,0.407,0.1042,0.4888
CLUBS THREE SPADES TWO,0.6068,0.068,0.3252
SPADES SIX CLUBS THREE,0.5866,0.0662,0.3472
SPADES SEVEN CLUBS THREE,0.591,0.0698,0.3392
SPADES NINE CLUBS THREE,0.4192,0.0428,0.538
SPADES TWO DIAMONDS FOUR,0.6056,0.1502,0.2442
SPADES THREE DIAMONDS FOUR,0.6164,0.141,0.2426
SPADES FIVE DIAMONDS FOUR,0.593,0.1446,0.2624
SPADES SIX DIAMONDS FOUR,0.606,0.1374,0.2566
SPADES SEVEN DIAMONDS FOUR,0.6234,0.1324,0.2442
SPADES NINE DIAMONDS FOUR,0.2768,0.104,0.6192
CLUBS FIVE DIAMONDS FOUR,0.5972,0.145,0.2578
CLUBS FOUR DIAMONDS FOUR,0.327,0.0724,0.6006
CLUBS SEVEN DIAMONDS FOUR,0.6332,0.1308,0.236
CLUBS SIX DIAMONDS FOUR,0.6208,0.1328,0.2464
CLUBS NINE DIAMONDS FOUR,0.2932,0.0966,0.6102
CLUBS EIGHT DIAMONDS FOUR,0.0712,0.9032,0.0256
DIAMONDS FOUR HEARTS SEVEN,0.6338,0.136,0.2302
HEARTS SIX DIAMONDS FOUR,0.6128,0.1358,0.2514
HEARTS NINE DIAMONDS FOUR,0.2862,0.0976,0.6162
DIAMONDS FOUR HEARTS EIGHT,0.066,0.9158,0.0182
CLUBS THREE DIAMONDS FOUR,0.6068,0.1476,0.2456
CLUBS TWO DIAMONDS FOUR,0.616,0.1416,0.2424
DIAMONDS TEN DIAMONDS FIVE,0.3896,0.0244,0.586
DIAMONDS JACK DIAMONDS FIVE,0.3732,0.0188,0.608
DIAMONDS NINE HEARTS QUEEN,0.3716,0.0124,0.616
HEARTS KING DIAMONDS NINE,0.3762,0.006,0.6178
DIAMONDS NINE HEARTS ACE,0.3964,0.0038,0.5998
DIAMONDS NINE HEARTS TEN,0.3532,0.0208,0.626
DIAMONDS NINE HEARTS JACK,0.3666,0.0146,0.6188
CLUBS KING DIAMONDS SIX,0.3964,0.0054,0.5982
CLUBS QUEEN DIAMONDS SIX,0.3946,0.0116,0.5938
CLUBS ACE DIAMONDS SIX,0.4048,0.0034,0.5918
SPADES KING DIAMONDS FOUR,0.2842,0.0312,0.6846
SPADES ACE SPADES SEVEN,0.3468,0.004,0.6492
SPADES QUEEN DIAMONDS FOUR,0.289,0.0464,0.6646
SPADES QUEEN SPADES SEVEN,0.3474,0.0126,0.64
CLUBS JACK DIAMONDS SIX,0.395,0.0166,0.5884
SPADES KING SPADES SEVEN,0.3414,0.0074,0.6512
SPADES ACE DIAMONDS FOUR,0.2858,0.0188,0.6954
CLUBS TEN DIAMONDS SIX,0.3972,0.0208,0.582
CLUBS NINE CLUBS FOUR,0.2772,0.0964,0.6264
CLUBS EIGHT CLUBS FOUR,0.0682,0.8612,0.0706
SPADES JACK DIAMONDS FOUR,0.2762,0.0588,0.665
SPADES TEN DIAMONDS FOUR,0.2796,0.0732,0.6472
CLUBS FOUR CLUBS FIVE,0.56,0.133,0.307
CLUBS SEVEN CLUBS FOUR,0.5796,0.1366,0.2838
CLUBS SIX CLUBS FOUR,0.588,0.1314,0.2806
CLUBS SEVEN SPADES NINE,0.3636,0.0418,0.5946
CLUBS SEVEN SPADES SIX,0.542,0.0636,0.3944
CLUBS SEVEN SPADES SEVEN,0.2832,0.0758,0.641
CLUBS SEVEN SPADES FIVE,0.552,0.065,0.383
CLUBS SEVEN SPADES THREE,0.5866,0.0724,0.341
CLUBS SEVEN SPADES TWO,0.6262,0.0652,0.3086
CLUBS NINE CLUBS SEVEN,0.3586,0.0378,0.6036
CLUBS EIGHT CLUBS SEVEN,0.241,0.2692,0.4898
HEARTS SIX DIAMONDS FIVE,0.547,0.0654,0.3876
DIAMONDS FIVE HEARTS SEVEN,0.549,0.0634,0.3876
DIAMONDS FIVE HEARTS EIGHT,0.2658,0.4166,0.3176
HEARTS NINE DIAMONDS FIVE,0.3978,0.0412,0.561
DIAMONDS QUEEN DIAMONDS FIVE,0.3764,0.0138,0.6098
HEARTS TWO DIAMONDS FIVE,0.6016,0.0694,0.329
HEARTS KING HEARTS EIGHT,0.2642,0.0314,0.7044
DIAMONDS KING DIAMONDS FIVE,0.3716,0.0076,0.6208
HEARTS THREE DIAMONDS FIVE,0.5824,0.067,0.3506
HEARTS QUEEN HEARTS EIGHT,0.2662,0.043,0.6908
DIAMONDS ACE DIAMONDS FIVE,0.3614,0.0042,0.6344
HEARTS FOUR DIAMONDS FIVE,0.602,0.133,0.265
HEARTS FIVE DIAMONDS FIVE,0.2918,0.0882,0.62
HEARTS ACE HEARTS EIGHT,0.269,0.026,0.705
CLUBS FOUR DIAMONDS FIVE,0.5866,0.1436,0.2698
CLUBS FIVE DIAMONDS FIVE,0.3012,0.1002,0.5986
CLUBS SIX DIAMONDS FIVE,0.5508,0.0604,0.3888
CLUBS SEVEN DIAMONDS FIVE,0.5548,0.0656,0.3796
CLUBS TWO DIAMONDS FIVE,0.5968,0.0636,0.3396
CLUBS THREE DIAMONDS FIVE,0.578,0.0622,0.3598
SPADES THREE DIAMONDS FIVE,0.5752,0.0694,0.3554
SPADES TWO DIAMONDS FIVE,0.5998,0.0676,0.3326
SPADES JACK DIAMONDS EIGHT,0.272,0.0606,0.6674
SPADES FIVE DIAMONDS FIVE,0.2934,0.096,0.6106
HEARTS JACK CLUBS TEN,0.3644,0.0152,0.6204
SPADES TEN DIAMONDS EIGHT,0.2736,0.0866,0.6398
HEARTS JACK CLUBS JACK,0.1976,0.036,0.7664
HEARTS JACK CLUBS QUEEN,0.3782,0.0098,0.612
CLUBS NINE DIAMONDS FIVE,0.3924,0.0416,0.566
HEARTS JACK CLUBS KING,0.385,0.0056,0.6094
CLUBS EIGHT DIAMONDS FIVE,0.2622,0.4298,0.308
HEARTS JACK CLUBS ACE,0.3826,0.0034,0.614
SPADES SEVEN DIAMONDS FIVE,0.5508,0.0622,0.387
SPADES KING DIAMONDS EIGHT,0.2746,0.0314,0.694
SPADES SIX DIAMONDS FIVE,0.5326,0.0656,0.4018
SPADES QUEEN DIAMONDS EIGHT,0.2664,0.0462,0.6874
SPADES NINE DIAMONDS FIVE,0.3736,0.0416,0.5848
SPADES ACE DIAMONDS EIGHT,0.268,0.0302,0.7018
DIAMONDS TEN DIAMONDS SIX,0.3778,0.026,0.5962
HEARTS ACE DIAMONDS SEVEN,0.3932,0.0048,0.602
DIAMONDS JACK DIAMONDS SIX,0.3818,0.0154,0.6028
HEARTS QUEEN DIAMONDS SEVEN,0.4132,0.01,0.5768
HEARTS KING DIAMONDS SEVEN,0.4028,0.0086,0.5886
DIAMONDS ACE DIAMONDS SIX,0.367,0.0052,0.6278
HEARTS FOUR DIAMONDS SIX,0.6308,0.1324,0.2368
SPADES TWO HEARTS JACK,0.4258,0.0212,0.553
HEARTS FIVE DIAMONDS SIX,0.543,0.0628,0.3942
SPADES TWO HEARTS TEN,0.4206,0.0296,0.5498
DIAMONDS QUEEN DIAMONDS SIX,0.383,0.0134,0.6036
HEARTS TWO DIAMONDS SIX,0.6126,0.0644,0.323
DIAMONDS KING DIAMONDS SIX,0.3812,0.0074,0.6114
HEARTS THREE DIAMONDS SIX,0.5902,0.07,0.3398
HEARTS EIGHT DIAMONDS SIX,0.2652,0.359,0.3758
HEARTS NINE DIAMONDS SIX,0.3798,0.0376,0.5826
HEARTS SIX DIAMONDS SIX,0.2904,0.085,0.6246
HEARTS SEVEN DIAMONDS SIX,0.5536,0.0556,0.3908
HEARTS TEN DIAMONDS SEVEN,0.3812,0.0258,0.593
CLUBS TWO DIAMONDS SIX,0.6166,0.0672,0.3162
HEARTS JACK DIAMONDS SEVEN,0.3998,0.017,0.5832
CLUBS THREE DIAMONDS SIX,0.5916,0.0626,0.3458
DIAMONDS EIGHT CLUBS JACK,0.2968,0.0554,0.6478
CLUBS SEVEN DIAMONDS SIX,0.539,0.0608,0.4002
CLUBS SIX DIAMONDS SIX,0.2926,0.0838,0.6236
DIAMONDS EIGHT CLUBS TEN,0.2984,0.0682,0.6334
CLUBS FIVE DIAMONDS SIX,0.552,0.0602,0.3878
CLUBS FOUR DIAMONDS SIX,0.616,0.139,0.245
HEARTS ACE HEARTS JACK,0.3614,0.0044,0.6342
DIAMONDS EIGHT CLUBS ACE,0.275,0.0278,0.6972
HEARTS JACK HEARTS QUEEN,0.3532,0.009,0.6378
DIAMONDS EIGHT CLUBS KING,0.2878,0.0326,0.6796
CLUBS NINE DIAMONDS SIX,0.394,0.0366,0.5694
HEARTS KING HEARTS JACK,0.368,0.0074,0.6246
DIAMONDS EIGHT CLUBS QUEEN,0.2904,0.0464,0.6632
CLUBS EIGHT DIAMONDS SIX,0.2574,0.3512,0.3914
SPADES TEN HEARTS KING,0.3634,0.0076,0.629
SPADES FIVE DIAMONDS SIX,0.5404,0.0606,0.399
HEARTS ACE SPADES TWO,0.4258,0.0046,0.5696
SPADES JACK HEARTS KING,0.363,0.007,0.63
SPADES THREE DIAMONDS SIX,0.5906,0.0592,0.3502
SPADES TWO HEARTS QUEEN,0.4294,0.0132,0.5574
SPADES ACE SPADES KING,0.3154,0.0048,0.6798
HEARTS KING SPADES TWO,0.4362,0.0086,0.5552
SPADES TWO DIAMONDS SIX,0.602,0.0682,0.3298
HEARTS TEN HEARTS EIGHT,0.2798,0.0722,0.648
SPADES NINE DIAMONDS SIX,0.3778,0.039,0.5832
HEARTS JACK HEARTS EIGHT,0.2728,0.0588,0.6684
SPADES SEVEN DIAMONDS SIX,0.5434,0.0618,0.3948
SPADES SIX DIAMONDS SIX,0.3006,0.0836,0.6158
SPADES KING HEARTS KING,0.1766,0.0138,0.8096
SPADES QUEEN HEARTS KING,0.3578,0.0082,0.634
CLUBS ACE CLUBS KING,0.3632,0.0036,0.6332
SPADES ACE HEARTS KING,0.3648,0.0054,0.6298
SPADES ACE HEARTS JACK,0.358,0.0046,0.6374
SPADES QUEEN HEARTS JACK,0.3534,0.0126,0.634
SPADES KING HEARTS JACK,0.365,0.0076,0.6274
SPADES TEN DIAMONDS TEN,0.1798,0.0474,0.7728
SPADES JACK DIAMONDS TEN,0.3512,0.0164,0.6324
SPADES ACE DIAMONDS TEN,0.3688,0.0036,0.6276
SPADES JACK HEARTS JACK,0.1858,0.0406,0.7736
SPADES TEN HEARTS JACK,0.3486,0.0122,0.6392
SPADES QUEEN DIAMONDS TEN,0.34,0.0106,0.6494
SPADES KING DIAMONDS TEN,0.3574,0.0076,0.635
SPADES NINE DIAMONDS SEVEN,0.3614,0.0404,0.5982
SPADES SEVEN DIAMONDS SEVEN,0.2784,0.0858,0.6358
SPADES SIX DIAMONDS SEVEN,0.538,0.0664,0.3956
DIAMONDS KING DIAMONDS SEVEN,0.377,0.0082,0.6148
HEARTS THREE DIAMONDS SEVEN,0.6072,0.0644,0.3284
HEARTS KING DIAMONDS FIVE,0.3952,0.008,0.5968
DIAMONDS QUEEN DIAMONDS SEVEN,0.3844,0.0144,0.6012
HEARTS TWO DIAMONDS SEVEN,0.6208,0.0704,0.3088
HEARTS QUEEN DIAMONDS FIVE,0.402,0.0118,0.5862
HEARTS FIVE DIAMONDS SEVEN,0.5554,0.0692,0.3754
DIAMONDS ACE DIAMONDS SEVEN,0.359,0.0044,0.6366
HEARTS FOUR DIAMONDS SEVEN,0.6178,0.144,0.2382
HEARTS ACE DIAMONDS FIVE,0.405,0.0038,0.5912
HEARTS SEVEN DIAMONDS SEVEN,0.292,0.0808,0.6272
HEARTS SIX DIAMONDS SEVEN,0.546,0.0662,0.3878
HEARTS NINE DIAMONDS SEVEN,0.3752,0.0362,0.5886
DIAMONDS SEVEN HEARTS EIGHT,0.2626,0.289,0.4484
DIAMONDS JACK DIAMONDS SEVEN,0.3778,0.0176,0.6046
HEARTS JACK DIAMONDS FIVE,0.399,0.0148,0.5862
DIAMONDS TEN DIAMONDS SEVEN,0.3728,0.0218,0.6054
DIAMONDS FIVE HEARTS TEN,0.396,0.0268,0.5772
SPADES KING CLUBS TWO,0.4214,0.0102,0.5684
HEARTS KING CLUBS KING,0.1886,0.0172,0.7942
CLUBS EIGHT DIAMONDS SEVEN,0.259,0.2808,0.4602
SPADES QUEEN CLUBS TWO,0.4236,0.015,0.5614
HEARTS KING CLUBS QUEEN,0.3728,0.0076,0.6196
CLUBS NINE DIAMONDS SEVEN,0.3822,0.034,0.5838
SPADES TWO CLUBS JACK,0.4164,0.0238,0.5598
SPADES ACE CLUBS TWO,0.4206,0.0048,0.5746
SPADES TWO CLUBS TEN,0.429,0.0296,0.5414
HEARTS KING CLUBS ACE,0.381,0.006,0.613
CLUBS SIX CLUBS SEVEN,0.5106,0.06,0.4294
SPADES TWO CLUBS KING,0.4246,0.0098,0.5656
SPADES TWO DIAMONDS SEVEN,0.6076,0.0618,0.3306
CLUBS EIGHT CLUBS SIX,0.2518,0.3246,0.4236
SPADES THREE DIAMONDS SEVEN,0.5944,0.0686,0.337
SPADES TWO CLUBS QUEEN,0.4324,0.0128,0.5548
CLUBS NINE CLUBS SIX,0.3666,0.0374,0.596
HEARTS KING CLUBS JACK,0.3814,0.0042,0.6144
SPADES FIVE DIAMONDS SEVEN,0.565,0.0626,0.3724
SPADES TWO CLUBS ACE,0.4236,0.0056,0.5708
HEARTS KING CLUBS TEN,0.3886,0.0068,0.6046
CLUBS SIX SPADES TWO,0.6004,0.0616,0.338
CLUBS SIX SPADES THREE,0.5952,0.0632,0.3416
CLUBS TWO DIAMONDS SEVEN,0.6224,0.0668,0.3108
CLUBS THREE DIAMONDS SEVEN,0.6134,0.064,0.3226
CLUBS SIX SPADES FIVE,0.536,0.066,0.398
CLUBS FOUR DIAMONDS SEVEN,0.6194,0.1454,0.2352
CLUBS SIX SPADES SIX,0.2854,0.0904,0.6242
CLUBS FIVE DIAMONDS SEVEN,0.557,0.0648,0.3782
CLUBS SIX SPADES SEVEN,0.538,0.0624,0.3996
CLUBS SIX DIAMONDS SEVEN,0.5484,0.0606,0.391
SPADES JACK CLUBS TWO,0.4216,0.0208,0.5576
CLUBS SIX SPADES NINE,0.3794,0.0454,0.5752
SPADES TEN CLUBS TWO,0.431,0.0312,0.5378
CLUBS SEVEN DIAMONDS SEVEN,0.2878,0.0856,0.6266
CLUBS TWO CLUBS QUEEN,0.4242,0.0102,0.5656
CLUBS TWO CLUBS KING,0.4188,0.0102,0.571
CLUBS THREE DIAMONDS EIGHT,0.3194,0.4674,0.2132
CLUBS TWO CLUBS ACE,0.411,0.0056,0.5834
CLUBS TWO DIAMONDS EIGHT,0.3104,0.478,0.2116
DIAMONDS EIGHT HEARTS SEVEN,0.2618,0.28,0.4582
HEARTS SIX DIAMONDS EIGHT,0.2664,0.3554,0.3782
DIAMONDS EIGHT HEARTS NINE,0.281,0.0936,0.6254
CLUBS TWO CLUBS TEN,0.4128,0.0264,0.5608
DIAMONDS EIGHT HEARTS EIGHT,0.1392,0.0776,0.7832
CLUBS TWO CLUBS JACK,0.4066,0.019,0.5744
CLUBS NINE DIAMONDS EIGHT,0.2706,0.098,0.6314
CLUBS EIGHT DIAMONDS EIGHT,0.1502,0.0742,0.7756
CLUBS FIVE DIAMONDS EIGHT,0.2608,0.4252,0.314
SPADES ACE SPADES THREE,0.3636,0.0072,0.6292
CLUBS FOUR DIAMONDS EIGHT,0.0694,0.9098,0.0208
SPADES QUEEN SPADES THREE,0.3912,0.0152,0.5936
CLUBS SEVEN DIAMONDS EIGHT,0.2714,0.2764,0.4522
CLUBS SIX DIAMONDS EIGHT,0.2736,0.3486,0.3778
SPADES KING SPADES THREE,0.3968,0.0106,0.5926
DIAMONDS QUEEN DIAMONDS EIGHT,0.2702,0.0458,0.684
HEARTS TWO DIAMONDS EIGHT,0.3108,0.475,0.2142
DIAMONDS KING DIAMONDS EIGHT,0.2718,0.0318,0.6964
HEARTS THREE DIAMONDS EIGHT,0.3244,0.4802,0.1954
DIAMONDS ACE DIAMONDS EIGHT,0.2694,0.0242,0.7064
HEARTS FOUR DIAMONDS EIGHT,0.0738,0.9036,0.0226
HEARTS FIVE DIAMONDS EIGHT,0.264,0.426,0.31
DIAMONDS EIGHT DIAMONDS TEN,0.2686,0.0712,0.6602
DIAMONDS EIGHT DIAMONDS JACK,0.2728,0.0572,0.67
SPADES JACK SPADES THREE,0.3892,0.0216,0.5892
SPADES TEN SPADES THREE,0.382,0.0278,0.5902
CLUBS FOUR HEARTS ACE,0.3032,0.0174,0.6794
CLUBS FOUR HEARTS QUEEN,0.3016,0.0408,0.6576
CLUBS FOUR HEARTS KING,0.3052,0.0298,0.665
CLUBS SIX HEARTS TEN,0.3896,0.0256,0.5848
CLUBS SIX HEARTS JACK,0.4054,0.0164,0.5782
SPADES FIVE DIAMONDS EIGHT,0.2504,0.4494,0.3002
DIAMONDS EIGHT SPADES TWO,0.3078,0.4804,0.2118
SPADES THREE DIAMONDS EIGHT,0.309,0.483,0.208
CLUBS FOUR HEARTS JACK,0.298,0.0522,0.6498
SPADES TEN DIAMONDS QUEEN,0.3532,0.011,0.6358
SPADES TEN HEARTS TWO,0.4296,0.0304,0.54
SPADES JACK HEARTS EIGHT,0.2706,0.0628,0.6666
CLUBS FOUR HEARTS TEN,0.2886,0.0776,0.6338
SPADES NINE DIAMONDS EIGHT,0.2548,0.1062,0.639
SPADES TEN HEARTS EIGHT,0.2674,0.0794,0.6532
SPADES JACK HEARTS TWO,0.4246,0.0204,0.555
SPADES JACK DIAMONDS QUEEN,0.3536,0.0134,0.633
SPADES SIX DIAMONDS EIGHT,0.2582,0.3548,0.387
SPADES SEVEN DIAMONDS EIGHT,0.2488,0.2756,0.4756
SPADES ACE HEARTS TWO,0.407,0.0058,0.5872
SPADES ACE DIAMONDS QUEEN,0.3704,0.0052,0.6244
SPADES ACE HEARTS EIGHT,0.2576,0.0324,0.71
SPADES KING HEARTS EIGHT,0.2748,0.0368,0.6884
SPADES QUEEN HEARTS TWO,0.4324,0.0146,0.553
SPADES QUEEN DIAMONDS QUEEN,0.1848,0.0274,0.7878
SPADES KING DIAMONDS QUEEN,0.3552,0.0074,0.6374
SPADES KING HEARTS TWO,0.4252,0.0078,0.567
SPADES QUEEN HEARTS EIGHT,0.2698,0.049,0.6812
CLUBS TWO HEARTS TEN,0.4278,0.031,0.5412
CLUBS TWO HEARTS JACK,0.4612,0.0192,0.5196
SPADES SEVEN DIAMONDS NINE,0.3746,0.0368,0.5886
SPADES SIX DIAMONDS NINE,0.372,0.0414,0.5866
SPADES NINE DIAMONDS NINE,0.1862,0.0586,0.7552
SPADES TEN CLUBS KING,0.3556,0.0054,0.639
DIAMONDS NINE SPADES THREE,0.4212,0.0438,0.535
SPADES JACK CLUBS KING,0.3566,0.006,0.6374
DIAMONDS NINE SPADES TWO,0.431,0.04,0.529
SPADES FIVE DIAMONDS NINE,0.3916,0.0412,0.5672
CLUBS NINE DIAMONDS NINE,0.1926,0.0534,0.754
CLUBS EIGHT DIAMONDS NINE,0.2818,0.1034,0.6148
CLUBS SIX DIAMONDS NINE,0.376,0.0426,0.5814
SPADES JACK CLUBS FOUR,0.2776,0.0518,0.6706
SPADES TEN CLUBS FOUR,0.2722,0.0764,0.6514
CLUBS SEVEN DIAMONDS NINE,0.3678,0.0364,0.5958
CLUBS FOUR DIAMONDS NINE,0.301,0.0932,0.6058
CLUBS FIVE DIAMONDS NINE,0.3884,0.0436,0.568
CLUBS TWO DIAMONDS NINE,0.4264,0.0412,0.5324
CLUBS THREE DIAMONDS NINE,0.439,0.0414,0.5196
DIAMONDS NINE HEARTS EIGHT,0.266,0.1032,0.6308
DIAMONDS NINE HEARTS NINE,0.1956,0.0586,0.7458
HEARTS SIX DIAMONDS NINE,0.3846,0.0384,0.577
DIAMONDS NINE HEARTS SEVEN,0.382,0.0346,0.5834
CLUBS EIGHT CLUBS NINE,0.2628,0.1,0.6372
DIAMONDS ACE DIAMONDS NINE,0.3562,0.0044,0.6394
HEARTS FOUR DIAMONDS NINE,0.287,0.1104,0.6026
HEARTS FIVE DIAMONDS NINE,0.3958,0.0412,0.563
CLUBS TWO HEARTS ACE,0.422,0.0038,0.5742
SPADES ACE CLUBS FOUR,0.2714,0.022,0.7066
DIAMONDS QUEEN DIAMONDS NINE,0.349,0.0104,0.6406
HEARTS TWO DIAMONDS NINE,0.4422,0.0428,0.515
CLUBS TWO HEARTS KING,0.4436,0.009,0.5474
SPADES KING CLUBS FOUR,0.2778,0.0314,0.6908
DIAMONDS KING DIAMONDS NINE,0.348,0.0062,0.6458
HEARTS THREE DIAMONDS NINE,0.4422,0.044,0.5138
CLUBS TWO HEARTS QUEEN,0.423,0.0116,0.5654
SPADES QUEEN CLUBS FOUR,0.289,0.0446,0.6664
DIAMONDS NINE DIAMONDS JACK,0.3376,0.0168,0.6456
CLUBS EIGHT SPADES NINE,0.2572,0.1006,0.6422
DIAMONDS NINE DIAMONDS TEN,0.3242,0.0212,0.6546
CLUBS EIGHT SPADES SEVEN,0.256,0.2838,0.4602
CLUBS EIGHT SPADES SIX,0.2478,0.3602,0.392
CLUBS EIGHT SPADES FIVE,0.2488,0.4348,0.3164
CLUBS EIGHT SPADES THREE,0.3068,0.4806,0.2126
CLUBS EIGHT SPADES TWO,0.3144,0.4798,0.2058
HEARTS SIX DIAMONDS TEN,0.3918,0.0262,0.582
DIAMONDS TEN HEARTS SEVEN,0.3908,0.0266,0.5826
DIAMONDS TEN HEARTS EIGHT,0.2816,0.074,0.6444
CLUBS FOUR CLUBS JACK,0.2824,0.0516,0.666
DIAMONDS TEN HEARTS NINE,0.3572,0.0238,0.619
CLUBS FOUR CLUBS TEN,0.2826,0.064,0.6534
CLUBS FOUR CLUBS KING,0.2816,0.0322,0.6862
CLUBS FOUR CLUBS QUEEN,0.2806,0.0366,0.6828
CLUBS TWO DIAMONDS TEN,0.4344,0.0264,0.5392
CLUBS THREE DIAMONDS TEN,0.4312,0.0302,0.5386
CLUBS FOUR CLUBS ACE,0.2816,0.0172,0.7012
DIAMONDS JACK DIAMONDS TEN,0.3362,0.0148,0.649
DIAMONDS QUEEN DIAMONDS TEN,0.3538,0.0082,0.638
HEARTS TWO DIAMONDS TEN,0.4396,0.0264,0.534
DIAMONDS KING DIAMONDS TEN,0.3532,0.006,0.6408
HEARTS THREE DIAMONDS TEN,0.4416,0.026,0.5324
DIAMONDS ACE DIAMONDS TEN,0.3542,0.0054,0.6404
HEARTS FOUR DIAMONDS TEN,0.2904,0.077,0.6326
CLUBS EIGHT HEARTS JACK,0.2818,0.0608,0.6574
HEARTS FIVE DIAMONDS TEN,0.3928,0.0272,0.58
CLUBS EIGHT HEARTS TEN,0.282,0.0768,0.6412
CLUBS EIGHT HEARTS QUEEN,0.2908,0.044,0.6652
CLUBS EIGHT HEARTS KING,0.2934,0.0296,0.677
CLUBS EIGHT HEARTS ACE,0.288,0.0266,0.6854
CLUBS NINE SPADES THREE,0.4196,0.042,0.5384
CLUBS NINE SPADES TWO,0.4314,0.0432,0.5254
CLUBS NINE SPADES FIVE,0.3804,0.0432,0.5764
CLUBS NINE SPADES SEVEN,0.3632,0.037,0.5998
CLUBS NINE SPADES SIX,0.3748,0.0374,0.5878
CLUBS NINE SPADES NINE,0.1822,0.0626,0.7552
CLUBS TEN HEARTS EIGHT,0.2764,0.0774,0.6462
CLUBS JACK HEARTS EIGHT,0.2982,0.0564,0.6454
CLUBS QUEEN HEARTS EIGHT,0.2872,0.046,0.6668
CLUBS KING HEARTS EIGHT,0.2826,0.0382,0.6792
CLUBS ACE HEARTS EIGHT,0.2916,0.0266,0.6818
SPADES KING CLUBS KING,0.1728,0.018,0.8092
SPADES QUEEN CLUBS KING,0.3524,0.007,0.6406
SPADES ACE CLUBS KING,0.3596,0.0076,0.6328
DIAMONDS ACE HEARTS TEN,0.372,0.004,0.624
HEARTS FOUR HEARTS TEN,0.2804,0.0716,0.648
DIAMONDS ACE HEARTS JACK,0.3928,0.0064,0.6008
HEARTS FOUR HEARTS JACK,0.2828,0.061,0.6562
SPADES KING CLUBS FIVE,0.3938,0.0076,0.5986
SPADES QUEEN CLUBS FIVE,0.3862,0.0134,0.6004
SPADES ACE CLUBS FIVE,0.3712,0.0062,0.6226
DIAMONDS JACK HEARTS SEVEN,0.395,0.0176,0.5874
HEARTS SIX DIAMONDS JACK,0.4034,0.0158,0.5808
DIAMONDS JACK HEARTS NINE,0.3568,0.0154,0.6278
DIAMONDS JACK HEARTS EIGHT,0.2808,0.0624,0.6568
DIAMONDS KING DIAMONDS JACK,0.3534,0.0082,0.6384
HEARTS THREE DIAMONDS JACK,0.4376,0.02,0.5424
SPADES ACE SPADES SIX,0.345,0.0046,0.6504
DIAMONDS QUEEN DIAMONDS JACK,0.3462,0.0116,0.6422
HEARTS TWO DIAMONDS JACK,0.4328,0.0174,0.5498
HEARTS FIVE DIAMONDS JACK,0.407,0.0156,0.5774
SPADES QUEEN SPADES SIX,0.3534,0.0126,0.634
DIAMONDS ACE DIAMONDS JACK,0.3504,0.0036,0.646
HEARTS FOUR DIAMONDS JACK,0.3044,0.0628,0.6328
SPADES KING SPADES SIX,0.3494,0.0082,0.6424
SPADES TEN SPADES SIX,0.3436,0.0262,0.6302
SPADES JACK SPADES SIX,0.3594,0.023,0.6176
SPADES FIVE DIAMONDS JACK,0.3838,0.0194,0.5968
SPADES TWO DIAMONDS JACK,0.4242,0.0226,0.5532
SPADES THREE DIAMONDS JACK,0.4434,0.0186,0.538
SPADES ACE DIAMONDS THREE,0.4118,0.0066,0.5816
SPADES QUEEN DIAMONDS THREE,0.4186,0.012,0.5694
CLUBS EIGHT DIAMONDS JACK,0.2852,0.0536,0.6612
SPADES KING DIAMONDS THREE,0.4302,0.0078,0.562
CLUBS NINE DIAMONDS JACK,0.352,0.0156,0.6324
CLUBS SIX DIAMONDS JACK,0.4162,0.018,0.5658
CLUBS SEVEN DIAMONDS JACK,0.4018,0.0172,0.581
CLUBS FOUR DIAMONDS JACK,0.3008,0.0528,0.6464
CLUBS FIVE DIAMONDS JACK,0.4096,0.02,0.5704
CLUBS TWO DIAMONDS JACK,0.453,0.0146,0.5324
CLUBS THREE DIAMONDS JACK,0.444,0.016,0.54
SPADES TEN CLUBS FIVE,0.393,0.036,0.571
HEARTS SIX SPADES JACK,0.3978,0.0214,0.5808
HEARTS SIX SPADES TEN,0.3814,0.026,0.5926
SPADES JACK CLUBS FIVE,0.4036,0.0194,0.577
SPADES JACK DIAMONDS THREE,0.4422,0.0196,0.5382
CLUBS SEVEN CLUBS ACE,0.3854,0.0052,0.6094
DIAMONDS THREE SPADES TEN,0.428,0.0244,0.5476
CLUBS SEVEN CLUBS QUEEN,0.3966,0.0126,0.5908
CLUBS SEVEN CLUBS KING,0.3814,0.0072,0.6114
SPADES NINE DIAMONDS JACK,0.3658,0.0142,0.62
CLUBS SEVEN CLUBS TEN,0.3554,0.0254,0.6192
DIAMONDS ACE HEARTS ACE,0.1758,0.005,0.8192
HEARTS FOUR HEARTS ACE,0.275,0.015,0.71
SPADES ACE HEARTS SIX,0.3994,0.0042,0.5964
CLUBS SEVEN CLUBS JACK,0.3844,0.0166,0.599
DIAMONDS ACE HEARTS KING,0.3742,0.0032,0.6226
HEARTS FOUR HEARTS KING,0.2878,0.0296,0.6826
SPADES SEVEN DIAMONDS JACK,0.3946,0.016,0.5894
SPADES KING HEARTS SIX,0.384,0.0064,0.6096
DIAMONDS ACE HEARTS QUEEN,0.3788,0.0058,0.6154
HEARTS FOUR HEARTS QUEEN,0.281,0.0394,0.6796
SPADES SIX DIAMONDS JACK,0.3948,0.0192,0.586
SPADES QUEEN HEARTS SIX,0.3936,0.0136,0.5928
SPADES TWO DIAMONDS TEN,0.428,0.0266,0.5454
SPADES THREE DIAMONDS TEN,0.4308,0.0282,0.541
SPADES FIVE DIAMONDS TEN,0.3952,0.0264,0.5784
SPADES SIX DIAMONDS TEN,0.3874,0.026,0.5866
SPADES SEVEN DIAMONDS TEN,0.383,0.0284,0.5886
SPADES NINE DIAMONDS TEN,0.347,0.0214,0.6316
CLUBS FOUR DIAMONDS TEN,0.2936,0.079,0.6274
CLUBS FIVE DIAMONDS TEN,0.3988,0.0232,0.578
CLUBS SIX DIAMONDS TEN,0.398,0.0226,0.5794
CLUBS SEVEN DIAMONDS TEN,0.3834,0.0236,0.593
CLUBS EIGHT DIAMONDS TEN,0.2812,0.0772,0.6416
CLUBS NINE DIAMONDS TEN,0.348,0.0244,0.6276
DIAMONDS THREE CLUBS JACK,0.4398,0.0186,0.5416
DIAMONDS THREE CLUBS TEN,0.4302,0.0298,0.54
DIAMONDS THREE CLUBS KING,0.444,0.0106,0.5454
DIAMONDS THREE CLUBS QUEEN,0.4384,0.0166,0.545
DIAMONDS THREE CLUBS ACE,0.4274,0.0028,0.5698
SPADES FIVE SPADES TWO,0.5832,0.0668,0.35
SPADES THREE SPADES TWO,0.6006,0.071,0.3284
SPADES NINE SPADES TWO,0.3828,0.047,0.5702
SPADES SEVEN SPADES TWO,0.6062,0.0666,0.3272
SPADES SIX SPADES TWO,0.6056,0.063,0.3314
DIAMONDS QUEEN CLUBS THREE,0.4316,0.0112,0.5572
HEARTS TWO CLUBS THREE,0.6188,0.066,0.3152
DIAMONDS QUEEN CLUBS TWO,0.4376,0.0148,0.5476
CLUBS TWO HEARTS TWO,0.4032,0.102,0.4948
DIAMONDS QUEEN HEARTS SEVEN,0.4074,0.0124,0.5802
HEARTS TWO HEARTS SEVEN,0.5876,0.0586,0.3538
HEARTS SIX DIAMONDS QUEEN,0.4032,0.0114,0.5854
HEARTS SIX HEARTS TWO,0.5778,0.064,0.3582
DIAMONDS QUEEN HEARTS NINE,0.3928,0.0098,0.5974
HEARTS TWO HEARTS NINE,0.4102,0.042,0.5478
DIAMONDS QUEEN HEARTS EIGHT,0.2816,0.0506,0.6678
HEARTS TWO HEARTS EIGHT,0.312,0.4406,0.2474
CLUBS NINE HEARTS TWO,0.4468,0.0396,0.5136
CLUBS NINE DIAMONDS QUEEN,0.3912,0.0098,0.599
CLUBS EIGHT HEARTS TWO,0.322,0.4686,0.2094
CLUBS EIGHT DIAMONDS QUEEN,0.2906,0.044,0.6654
CLUBS FIVE DIAMONDS QUEEN,0.3972,0.0122,0.5906
CLUBS FIVE HEARTS TWO,0.591,0.0612,0.3478
CLUBS FOUR DIAMONDS QUEEN,0.3032,0.043,0.6538
CLUBS FOUR HEARTS TWO,0.6244,0.1384,0.2372
CLUBS SEVEN HEARTS TWO,0.6228,0.0676,0.3096
CLUBS SEVEN DIAMONDS QUEEN,0.407,0.0126,0.5804
CLUBS SIX DIAMONDS QUEEN,0.4158,0.0096,0.5746
CLUBS SIX HEARTS TWO,0.6074,0.0616,0.331
DIAMONDS QUEEN SPADES SIX,0.401,0.0114,0.5876
HEARTS TWO SPADES SIX,0.598,0.0632,0.3388
HEARTS FOUR CLUBS QUEEN,0.312,0.0396,0.6484
DIAMONDS ACE CLUBS QUEEN,0.3822,0.0024,0.6154
DIAMONDS QUEEN SPADES SEVEN,0.3954,0.011,0.5936
SPADES SEVEN HEARTS TWO,0.6128,0.0678,0.3194
HEARTS FOUR CLUBS KING,0.2874,0.033,0.6796
DIAMONDS ACE CLUBS KING,0.384,0.0048,0.6112
HEARTS FOUR CLUBS ACE,0.2968,0.0164,0.6868
DIAMONDS ACE CLUBS ACE,0.1884,0.0034,0.8082
SPADES NINE DIAMONDS QUEEN,0.3564,0.0104,0.6332
SPADES NINE HEARTS TWO,0.4194,0.0444,0.5362
HEARTS TWO SPADES TWO,0.3892,0.095,0.5158
DIAMONDS QUEEN SPADES TWO,0.4344,0.0132,0.5524
HEARTS TWO SPADES THREE,0.6132,0.0682,0.3186
DIAMONDS QUEEN SPADES THREE,0.4274,0.0132,0.5594
HEARTS FOUR CLUBS TEN,0.2938,0.0716,0.6346
DIAMONDS ACE CLUBS TEN,0.3746,0.0044,0.621
HEARTS TWO SPADES FIVE,0.5854,0.0624,0.3522
DIAMONDS QUEEN SPADES FIVE,0.4002,0.0138,0.586
HEARTS FOUR CLUBS JACK,0.3036,0.052,0.6444
DIAMONDS ACE CLUBS JACK,0.3756,0.0028,0.6216
CLUBS FIVE CLUBS KING,0.391,0.0076,0.6014
CLUBS FIVE CLUBS QUEEN,0.3756,0.0112,0.6132
CLUBS FIVE CLUBS ACE,0.3696,0.0044,0.626
CLUBS FIVE CLUBS JACK,0.3832,0.0188,0.598
CLUBS FIVE CLUBS TEN,0.3846,0.025,0.5904
SPADES KING CLUBS JACK,0.366,0.0048,0.6292
SPADES QUEEN CLUBS JACK,0.3438,0.0104,0.6458
SPADES ACE CLUBS JACK,0.3604,0.0056,0.634
SPADES SIX CLUBS KING,0.3948,0.0048,0.6004
SPADES SIX CLUBS QUEEN,0.3986,0.0124,0.589
SPADES SIX CLUBS ACE,0.4056,0.0036,0.5908
SPADES SIX CLUBS JACK,0.39,0.0166,0.5934
SPADES SIX CLUBS TEN,0.3922,0.0262,0.5816
SPADES TEN CLUBS JACK,0.3548,0.0152,0.63
SPADES JACK CLUBS JACK,0.1824,0.0332,0.7844
SPADES QUEEN CLUBS SEVEN,0.3964,0.0134,0.5902
SPADES KING CLUBS SEVEN,0.3898,0.0068,0.6034
SPADES ACE CLUBS SEVEN,0.3884,0.0034,0.6082
SPADES SIX HEARTS TEN,0.3744,0.0264,0.5992
SPADES SIX HEARTS JACK,0.401,0.018,0.581
SPADES SIX HEARTS ACE,0.389,0.0036,0.6074
SPADES SIX HEARTS KING,0.3848,0.0086,0.6066
SPADES SIX HEARTS QUEEN,0.3894,0.0138,0.5968
SPADES JACK CLUBS SEVEN,0.3872,0.017,0.5958
CLUBS SEVEN SPADES TEN,0.363,0.0288,0.6082
HEARTS SIX CLUBS TEN,0.4018,0.026,0.5722
HEARTS SIX CLUBS JACK,0.408,0.0188,0.5732
CLUBS ACE CLUBS JACK,0.3598,0.0054,0.6348
HEARTS SIX CLUBS QUEEN,0.414,0.0108,0.5752
HEARTS SIX CLUBS KING,0.404,0.0072,0.5888
HEARTS SIX CLUBS ACE,0.4056,0.004,0.5904
CLUBS QUEEN CLUBS JACK,0.3422,0.0096,0.6482
CLUBS KING CLUBS JACK,0.3568,0.0072,0.636
DIAMONDS THREE HEARTS ACE,0.4266,0.0064,0.567
DIAMONDS THREE HEARTS QUEEN,0.4434,0.0124,0.5442
DIAMONDS THREE HEARTS KING,0.452,0.0102,0.5378
CLUBS FIVE HEARTS JACK,0.4,0.0186,0.5814
SPADES TEN DIAMONDS ACE,0.3596,0.0052,0.6352
HEARTS FOUR SPADES TEN,0.275,0.0692,0.6558
CLUBS FIVE HEARTS TEN,0.4054,0.0242,0.5704
HEARTS FOUR SPADES JACK,0.2736,0.0602,0.6662
SPADES JACK DIAMONDS ACE,0.3696,0.0044,0.626
SPADES ACE HEARTS FOUR,0.281,0.0186,0.7004
SPADES ACE DIAMONDS ACE,0.1764,0.0038,0.8198
CLUBS FIVE HEARTS ACE,0.3864,0.0058,0.6078
CLUBS FIVE HEARTS KING,0.405,0.0068,0.5882
HEARTS FOUR SPADES QUEEN,0.2872,0.0442,0.6686
SPADES QUEEN DIAMONDS ACE,0.3714,0.0042,0.6244
CLUBS FIVE HEARTS QUEEN,0.4108,0.0108,0.5784
SPADES KING DIAMONDS ACE,0.3596,0.0058,0.6346
HEARTS FOUR SPADES KING,0.279,0.0364,0.6846
DIAMONDS QUEEN DIAMONDS ACE,0.3566,0.0032,0.6402
HEARTS TWO DIAMONDS ACE,0.427,0.0046,0.5684
HEARTS FOUR DIAMONDS QUEEN,0.3102,0.0398,0.65
HEARTS FOUR HEARTS TWO,0.5732,0.1358,0.291
DIAMONDS THREE HEARTS TEN,0.4398,0.0248,0.5354
HEARTS FIVE DIAMONDS QUEEN,0.402,0.012,0.586
HEARTS FIVE HEARTS TWO,0.5414,0.0726,0.386
DIAMONDS THREE HEARTS JACK,0.4514,0.0198,0.5288
DIAMONDS QUEEN HEARTS TWO,0.4402,0.0122,0.5476
DIAMONDS KING DIAMONDS QUEEN,0.3624,0.006,0.6316
DIAMONDS KING HEARTS TWO,0.448,0.007,0.545
HEARTS THREE DIAMONDS QUEEN,0.4464,0.0098,0.5438
HEARTS THREE HEARTS TWO,0.574,0.065,0.361
HEARTS TWO CLUBS ACE,0.4238,0.007,0.5692
DIAMONDS QUEEN CLUBS ACE,0.3868,0.0044,0.6088
HEARTS TWO CLUBS QUEEN,0.4428,0.0114,0.5458
DIAMONDS QUEEN CLUBS QUEEN,0.1966,0.026,0.7774
HEARTS TWO CLUBS KING,0.445,0.0084,0.5466
DIAMONDS QUEEN CLUBS KING,0.3746,0.0082,0.6172
HEARTS TWO CLUBS TEN,0.4422,0.026,0.5318
DIAMONDS QUEEN CLUBS TEN,0.3804,0.0118,0.6078
SPADES NINE SPADES FIVE,0.3418,0.0418,0.6164
HEARTS TWO CLUBS JACK,0.448,0.0172,0.5348
DIAMONDS QUEEN CLUBS JACK,0.3674,0.0112,0.6214
SPADES SIX SPADES FIVE,0.5478,0.0664,0.3858
SPADES SEVEN SPADES FIVE,0.5426,0.0654,0.392
DIAMONDS FIVE CLUBS QUEEN,0.415,0.0114,0.5736
CLUBS KING DIAMONDS FIVE,0.413,0.0086,0.5784
CLUBS ACE DIAMONDS FIVE,0.3944,0.0046,0.601
DIAMONDS FIVE CLUBS TEN,0.4076,0.024,0.5684
DIAMONDS FIVE CLUBS JACK,0.41,0.0184,0.5716
HEARTS JACK DIAMONDS TEN,0.3624,0.012,0.6256
DIAMONDS TEN HEARTS TEN,0.1874,0.0492,0.7634
SPADES ACE CLUBS NINE,0.3706,0.0046,0.6248
CLUBS NINE SPADES QUEEN,0.3632,0.0116,0.6252
SPADES KING CLUBS NINE,0.3628,0.007,0.6302
HEARTS SIX HEARTS KING,0.3914,0.0068,0.6018
DIAMONDS KING SPADES SEVEN,0.3856,0.0082,0.6062
HEARTS THREE SPADES SEVEN,0.6004,0.0736,0.326
SPADES KING DIAMONDS SEVEN,0.3924,0.0052,0.6024
HEARTS SIX HEARTS QUEEN,0.3886,0.0102,0.6012
DIAMONDS KING SPADES SIX,0.3926,0.0086,0.5988
HEARTS THREE SPADES SIX,0.5836,0.0684,0.348
