opposingHand,winningChance,drawChance,lostChance
SPADES TWO CLUBS QUEEN
HEARTS FIVE SPADES TEN,0.5892,0.0102,0.4006
SPADES JACK HEARTS FIVE,0.59,0.0118,0.3982
SPADES FIVE CLUBS JACK,0.5884,0.0118,0.3998
SPADES FIVE CLUBS TEN,0.5838,0.0154,0.4008
CLUBS EIGHT CLUBS JACK,0.5254,0.0108,0.4638
CLUBS EIGHT CLUBS TEN,0.5302,0.0094,0.4604
CLUBS EIGHT CLUBS KING,0.3568,0.0084,0.6348
SPADES FIVE CLUBS ACE,0.3324,0.0056,0.662
SPADES FIVE CLUBS KING,0.3572,0.008,0.6348
CLUBS EIGHT CLUBS ACE,0.3402,0.0062,0.6536
DIAMONDS TWO DIAMONDS THREE,0.6698,0.0384,0.2918
DIAMONDS TWO DIAMONDS FIVE,0.6556,0.0398,0.3046
SPADES KING HEARTS FIVE,0.3556,0.0098,0.6346
DIAMONDS TWO DIAMONDS FOUR,0.6696,0.0354,0.295
SPADES QUEEN HEARTS FIVE,0.2126,0.4636,0.3238
DIAMONDS TWO DIAMONDS SEVEN,0.6722,0.0304,0.2974
DIAMONDS TWO DIAMONDS SIX,0.672,0.032,0.296
SPADES ACE HEARTS FIVE,0.3396,0.0048,0.6556
DIAMONDS TWO DIAMONDS NINE,0.675,0.0368,0.2882
DIAMONDS TWO DIAMONDS EIGHT,0.6782,0.0412,0.2806
DIAMONDS THREE DIAMONDS FOUR,0.5368,0.015,0.4482
CLUBS TWO SPADES FOUR,0.6942,0.0434,0.2624
DIAMONDS THREE DIAMONDS FIVE,0.5274,0.016,0.4566
CLUBS TWO SPADES FIVE,0.6932,0.039,0.2678
CLUBS TWO SPADES THREE,0.695,0.04,0.265
DIAMONDS THREE DIAMONDS EIGHT,0.5614,0.013,0.4256
SPADES EIGHT CLUBS TWO,0.7278,0.0412,0.231
DIAMONDS THREE DIAMONDS NINE,0.549,0.016,0.435
SPADES NINE CLUBS TWO,0.7284,0.0388,0.2328
DIAMONDS THREE DIAMONDS SIX,0.5384,0.0134,0.4482
CLUBS TWO SPADES SIX,0.7056,0.0358,0.2586
DIAMONDS THREE DIAMONDS SEVEN,0.5428,0.0122,0.445
CLUBS TWO SPADES SEVEN,0.7248,0.0376,0.2376
CLUBS SIX CLUBS TWO,0.6634,0.0408,0.2958
CLUBS SEVEN CLUBS TWO,0.6978,0.0382,0.264
CLUBS FOUR CLUBS TWO,0.6722,0.0394,0.2884
CLUBS FIVE CLUBS TWO,0.6662,0.0406,0.2932
CLUBS JACK CLUBS TEN,0.5178,0.0134,0.4688
DIAMONDS FOUR DIAMONDS SIX,0.5354,0.0116,0.453
DIAMONDS FOUR DIAMONDS SEVEN,0.5292,0.0116,0.4592
CLUBS KING CLUBS TEN,0.3236,0.008,0.6684
CLUBS ACE CLUBS TEN,0.3264,0.005,0.6686
CLUBS EIGHT CLUBS TWO,0.682,0.0446,0.2734
DIAMONDS FIVE DIAMONDS FOUR,0.5252,0.013,0.4618
CLUBS NINE CLUBS TWO,0.7116,0.0362,0.2522
DIAMONDS NINE DIAMONDS FOUR,0.5464,0.0128,0.4408
DIAMONDS EIGHT DIAMONDS FOUR,0.541,0.0142,0.4448
CLUBS TWO CLUBS THREE,0.6674,0.0426,0.29
DIAMONDS NINE DIAMONDS FIVE,0.5402,0.0138,0.446
DIAMONDS TWO CLUBS JACK,0.7312,0.0368,0.232
DIAMONDS EIGHT DIAMONDS FIVE,0.5358,0.015,0.4492
DIAMONDS TWO CLUBS TEN,0.7304,0.0362,0.2334
DIAMONDS FIVE DIAMONDS SEVEN,0.5254,0.0096,0.465
DIAMONDS FIVE DIAMONDS SIX,0.5184,0.0094,0.4722
DIAMONDS TWO CLUBS ACE,0.2218,0.0164,0.7618
DIAMONDS TWO CLUBS KING,0.2272,0.031,0.7418
DIAMONDS EIGHT DIAMONDS SIX,0.524,0.0116,0.4644
DIAMONDS NINE DIAMONDS SIX,0.5338,0.01,0.4562
HEARTS ACE SPADES THREE,0.3458,0.006,0.6482
HEARTS KING SPADES THREE,0.3582,0.0074,0.6344
DIAMONDS SEVEN DIAMONDS SIX,0.5044,0.0102,0.4854
SPADES THREE HEARTS QUEEN,0.211,0.5288,0.2602
HEARTS JACK SPADES THREE,0.596,0.014,0.39
SPADES THREE HEARTS TEN,0.5848,0.0124,0.4028
DIAMONDS EIGHT DIAMONDS SEVEN,0.5214,0.01,0.4686
DIAMONDS NINE DIAMONDS SEVEN,0.5208,0.0104,0.4688
DIAMONDS NINE DIAMONDS EIGHT,0.4974,0.011,0.4916
DIAMONDS KING HEARTS TEN,0.333,0.0072,0.6598
HEARTS THREE HEARTS TEN,0.5632,0.0134,0.4234
CLUBS SIX SPADES JACK,0.5848,0.0148,0.4004
DIAMONDS KING HEARTS JACK,0.3472,0.0068,0.646
HEARTS THREE HEARTS JACK,0.5574,0.013,0.4296
CLUBS SIX SPADES TEN,0.5856,0.0112,0.4032
SPADES JACK SPADES FIVE,0.5576,0.0124,0.43
SPADES TEN SPADES FIVE,0.5576,0.012,0.4304
DIAMONDS KING HEARTS ACE,0.3068,0.0058,0.6874
HEARTS THREE HEARTS ACE,0.3344,0.0072,0.6584
SPADES ACE CLUBS SIX,0.3568,0.0042,0.639
DIAMONDS KING HEARTS QUEEN,0.2194,0.027,0.7536
HEARTS THREE HEARTS QUEEN,0.1994,0.4868,0.3138
SPADES KING CLUBS SIX,0.355,0.0062,0.6388
DIAMONDS KING HEARTS KING,0.1252,0.005,0.8698
HEARTS THREE HEARTS KING,0.348,0.009,0.643
SPADES QUEEN CLUBS SIX,0.2232,0.386,0.3908
SPADES NINE HEARTS TEN,0.5422,0.0114,0.4464
SPADES NINE HEARTS JACK,0.5478,0.0096,0.4426
SPADES QUEEN SPADES FIVE,0.1982,0.4306,0.3712
SPADES KING SPADES FIVE,0.3288,0.011,0.6602
SPADES ACE SPADES FIVE,0.3322,0.0054,0.6624
SPADES NINE HEARTS QUEEN,0.2166,0.168,0.6154
SPADES NINE HEARTS KING,0.3364,0.0072,0.6564
SPADES NINE HEARTS ACE,0.3456,0.0032,0.6512
SPADES JACK CLUBS TEN,0.5494,0.0118,0.4388
SPADES TEN CLUBS TEN,0.2872,0.0158,0.697
SPADES ACE CLUBS TEN,0.339,0.0076,0.6534
SPADES KING CLUBS TEN,0.3318,0.0098,0.6584
SPADES QUEEN CLUBS TEN,0.2166,0.1216,0.6618
SPADES FIVE HEARTS QUEEN,0.208,0.4646,0.3274
HEARTS KING SPADES FIVE,0.3566,0.006,0.6374
SPADES FIVE HEARTS ACE,0.3482,0.004,0.6478
CLUBS EIGHT SPADES TEN,0.5502,0.0124,0.4374
HEARTS THREE SPADES JACK,0.5942,0.014,0.3918
SPADES JACK DIAMONDS KING,0.3276,0.0078,0.6646
SPADES TEN DIAMONDS KING,0.3298,0.0086,0.6616
HEARTS THREE SPADES TEN,0.5812,0.013,0.4058
CLUBS EIGHT SPADES JACK,0.5698,0.0132,0.417
SPADES ACE CLUBS EIGHT,0.3456,0.0052,0.6492
HEARTS FIVE CLUBS JACK,0.5904,0.0132,0.3964
CLUBS SIX HEARTS ACE,0.3686,0.0048,0.6266
HEARTS FIVE CLUBS TEN,0.601,0.011,0.388
CLUBS EIGHT SPADES QUEEN,0.2316,0.2206,0.5478
SPADES THREE CLUBS TEN,0.5992,0.0144,0.3864
CLUBS SIX HEARTS QUEEN,0.2282,0.3868,0.385
CLUBS EIGHT SPADES KING,0.3562,0.0072,0.6366
SPADES THREE CLUBS JACK,0.5994,0.0128,0.3878
CLUBS SIX HEARTS KING,0.3624,0.009,0.6286
DIAMONDS TWO HEARTS JACK,0.7138,0.0408,0.2454
DIAMONDS TWO HEARTS TEN,0.7184,0.0356,0.246
SPADES THREE CLUBS KING,0.3562,0.008,0.6358
HEARTS FIVE CLUBS ACE,0.3436,0.0058,0.6506
SPADES FIVE HEARTS TEN,0.6028,0.0142,0.383
SPADES THREE CLUBS ACE,0.3324,0.0058,0.6618
HEARTS FIVE CLUBS KING,0.3526,0.0068,0.6406
SPADES FIVE HEARTS JACK,0.5852,0.0156,0.3992
HEARTS THREE CLUBS KING,0.3506,0.0096,0.6398
DIAMONDS KING CLUBS KING,0.1196,0.0056,0.8748
HEARTS FIVE HEARTS JACK,0.5424,0.0124,0.4452
HEARTS FIVE HEARTS TEN,0.555,0.0128,0.4322
HEARTS THREE CLUBS ACE,0.3416,0.0054,0.653
DIAMONDS KING CLUBS ACE,0.3068,0.0074,0.6858
HEARTS THREE CLUBS JACK,0.6048,0.0112,0.384
DIAMONDS KING CLUBS JACK,0.337,0.0094,0.6536
HEARTS THREE CLUBS TEN,0.5964,0.0122,0.3914
DIAMONDS KING CLUBS TEN,0.3314,0.0062,0.6624
CLUBS SIX CLUBS KING,0.3422,0.0094,0.6484
CLUBS SIX CLUBS ACE,0.3458,0.0062,0.648
HEARTS FIVE HEARTS KING,0.3324,0.0074,0.6602
HEARTS FIVE HEARTS QUEEN,0.2126,0.431,0.3564
CLUBS SIX CLUBS TEN,0.5576,0.0098,0.4326
HEARTS FIVE HEARTS ACE,0.3324,0.0048,0.6628
CLUBS SIX CLUBS JACK,0.5608,0.0092,0.43
SPADES SEVEN HEARTS JACK,0.5756,0.011,0.4134
SPADES SEVEN HEARTS TEN,0.5576,0.0134,0.429
DIAMONDS TWO CLUBS TWO,0.3104,0.026,0.6636
DIAMONDS TWO CLUBS THREE,0.7068,0.0348,0.2584
HEARTS SIX DIAMONDS TWO,0.7136,0.027,0.2594
DIAMONDS TWO HEARTS QUEEN,0.0232,0.9534,0.0234
DIAMONDS TWO HEARTS SEVEN,0.7226,0.0378,0.2396
DIAMONDS TWO HEARTS KING,0.2442,0.0308,0.725
DIAMONDS TWO HEARTS EIGHT,0.7118,0.0382,0.25
DIAMONDS TWO HEARTS ACE,0.2414,0.0166,0.742
DIAMONDS TWO HEARTS NINE,0.724,0.0356,0.2404
DIAMONDS TWO DIAMONDS QUEEN,0.0192,0.9106,0.0702
DIAMONDS TWO HEARTS TWO,0.3008,0.025,0.6742
DIAMONDS TWO DIAMONDS KING,0.2182,0.0244,0.7574
HEARTS THREE DIAMONDS TWO,0.6924,0.0418,0.2658
DIAMONDS TWO DIAMONDS ACE,0.2272,0.0174,0.7554
HEARTS FOUR DIAMONDS TWO,0.691,0.041,0.268
DIAMONDS TWO HEARTS FIVE,0.6902,0.0376,0.2722
SPADES SEVEN HEARTS ACE,0.3502,0.0052,0.6446
DIAMONDS TWO DIAMONDS TEN,0.6716,0.0372,0.2912
SPADES SEVEN HEARTS KING,0.3466,0.008,0.6454
DIAMONDS TWO DIAMONDS JACK,0.6816,0.038,0.2804
SPADES SEVEN HEARTS QUEEN,0.2304,0.3088,0.4608
DIAMONDS TWO SPADES NINE,0.7224,0.0354,0.2422
DIAMONDS TWO SPADES EIGHT,0.7178,0.0396,0.2426
DIAMONDS TWO SPADES SEVEN,0.721,0.038,0.241
DIAMONDS TWO SPADES SIX,0.699,0.039,0.262
DIAMONDS TWO SPADES FIVE,0.696,0.0404,0.2636
DIAMONDS TWO SPADES FOUR,0.6868,0.0396,0.2736
DIAMONDS TWO SPADES THREE,0.6968,0.0386,0.2646
CLUBS NINE DIAMONDS TWO,0.7244,0.0402,0.2354
CLUBS EIGHT DIAMONDS TWO,0.7206,0.0436,0.2358
DIAMONDS TWO CLUBS SEVEN,0.725,0.0424,0.2326
CLUBS SIX DIAMONDS TWO,0.7112,0.037,0.2518
DIAMONDS TWO CLUBS FIVE,0.7068,0.0368,0.2564
DIAMONDS TWO CLUBS FOUR,0.7142,0.0442,0.2416
CLUBS FOUR SPADES FIVE,0.5624,0.0164,0.4212
CLUBS FOUR SPADES FOUR,0.317,0.0372,0.6458
CLUBS FOUR SPADES THREE,0.5754,0.016,0.4086
CLUBS FOUR SPADES NINE,0.5872,0.0118,0.401
CLUBS FOUR SPADES EIGHT,0.5972,0.0154,0.3874
CLUBS FOUR SPADES SEVEN,0.5788,0.0128,0.4084
CLUBS FOUR SPADES SIX,0.5806,0.0124,0.407
SPADES ACE DIAMONDS SIX,0.3612,0.0056,0.6332
SPADES QUEEN DIAMONDS SIX,0.2122,0.381,0.4068
SPADES KING DIAMONDS SIX,0.358,0.009,0.633
SPADES TEN DIAMONDS SIX,0.5748,0.0106,0.4146
SPADES JACK DIAMONDS SIX,0.5782,0.011,0.4108
DIAMONDS JACK CLUBS JACK,0.2672,0.0102,0.7226
DIAMONDS JACK CLUBS TEN,0.5398,0.01,0.4502
DIAMONDS JACK CLUBS KING,0.3348,0.0074,0.6578
DIAMONDS THREE DIAMONDS JACK,0.5614,0.0134,0.4252
DIAMONDS THREE DIAMONDS TEN,0.5582,0.0106,0.4312
DIAMONDS JACK CLUBS ACE,0.3474,0.0066,0.646
DIAMONDS THREE DIAMONDS KING,0.3308,0.0088,0.6604
HEARTS THREE DIAMONDS THREE,0.3276,0.0382,0.6342
DIAMONDS THREE DIAMONDS QUEEN,0.2084,0.4854,0.3062
DIAMONDS THREE HEARTS TWO,0.6878,0.0422,0.27
HEARTS FIVE DIAMONDS THREE,0.5726,0.0152,0.4122
DIAMONDS THREE DIAMONDS ACE,0.3222,0.0054,0.6724
HEARTS FOUR DIAMONDS THREE,0.5662,0.0136,0.4202
DIAMONDS THREE HEARTS SEVEN,0.5834,0.0106,0.406
SPADES TEN SPADES NINE,0.5042,0.0138,0.482
HEARTS SIX DIAMONDS THREE,0.5778,0.0134,0.4088
SPADES JACK SPADES NINE,0.5236,0.0086,0.4678
DIAMONDS THREE HEARTS NINE,0.5986,0.0142,0.3872
HEARTS JACK DIAMONDS FOUR,0.5984,0.0102,0.3914
HEARTS KING HEARTS ACE,0.2824,0.0062,0.7114
DIAMONDS THREE HEARTS EIGHT,0.5976,0.013,0.3894
HEARTS TEN DIAMONDS FOUR,0.5962,0.0122,0.3916
HEARTS QUEEN DIAMONDS FOUR,0.2206,0.51,0.2694
HEARTS KING DIAMONDS FOUR,0.3512,0.0086,0.6402
SPADES ACE SPADES NINE,0.3476,0.0062,0.6462
HEARTS ACE DIAMONDS FOUR,0.3544,0.0054,0.6402
SPADES KING SPADES NINE,0.3334,0.0082,0.6584
SPADES QUEEN SPADES NINE,0.211,0.1636,0.6254
DIAMONDS THREE SPADES NINE,0.5796,0.0152,0.4052
DIAMONDS THREE SPADES EIGHT,0.595,0.013,0.392
DIAMONDS THREE SPADES SEVEN,0.5724,0.0156,0.412
DIAMONDS THREE SPADES SIX,0.5708,0.0148,0.4144
CLUBS SIX DIAMONDS THREE,0.6008,0.015,0.3842
CLUBS ACE DIAMONDS FOUR,0.3506,0.0048,0.6446
CLUBS SIX CLUBS FIVE,0.5254,0.0152,0.4594
CLUBS SEVEN CLUBS FIVE,0.5416,0.0128,0.4456
CLUBS SEVEN DIAMONDS THREE,0.5902,0.018,0.3918
DIAMONDS THREE CLUBS FOUR,0.5722,0.0136,0.4142
DIAMONDS THREE CLUBS FIVE,0.5666,0.0146,0.4188
CLUBS KING DIAMONDS FOUR,0.3572,0.0066,0.6362
DIAMONDS THREE CLUBS TWO,0.7116,0.0404,0.248
DIAMONDS FOUR CLUBS TEN,0.592,0.0108,0.3972
DIAMONDS THREE CLUBS THREE,0.3402,0.0388,0.621
DIAMONDS FOUR CLUBS JACK,0.5938,0.0122,0.394
DIAMONDS THREE SPADES FOUR,0.5644,0.0154,0.4202
DIAMONDS THREE SPADES FIVE,0.5772,0.014,0.4088
DIAMONDS THREE SPADES THREE,0.3252,0.035,0.6398
CLUBS EIGHT DIAMONDS THREE,0.599,0.0138,0.3872
CLUBS NINE DIAMONDS THREE,0.6016,0.0144,0.384
SPADES SEVEN CLUBS ACE,0.3424,0.005,0.6526
SPADES SEVEN CLUBS KING,0.3442,0.0086,0.6472
CLUBS FIVE SPADES SEVEN,0.5422,0.0168,0.441
SPADES SEVEN CLUBS TEN,0.5462,0.0132,0.4406
CLUBS FIVE SPADES SIX,0.5548,0.0138,0.4314
SPADES SEVEN CLUBS JACK,0.5798,0.011,0.4092
SPADES NINE CLUBS FIVE,0.579,0.0136,0.4074
CLUBS FIVE SPADES EIGHT,0.5654,0.0128,0.4218
CLUBS FIVE SPADES THREE,0.571,0.0158,0.4132
CLUBS FIVE SPADES FIVE,0.3116,0.0352,0.6532
CLUBS FIVE SPADES FOUR,0.5452,0.0132,0.4416
CLUBS NINE CLUBS FIVE,0.5608,0.014,0.4252
CLUBS EIGHT CLUBS FIVE,0.5542,0.0128,0.433
DIAMONDS TEN DIAMONDS FOUR,0.5522,0.0132,0.4346
DIAMONDS NINE CLUBS TEN,0.5464,0.0092,0.4444
DIAMONDS JACK DIAMONDS FOUR,0.5776,0.0132,0.4092
DIAMONDS NINE CLUBS JACK,0.5542,0.012,0.4338
SPADES NINE CLUBS JACK,0.5684,0.0124,0.4192
SPADES NINE CLUBS TEN,0.5418,0.0106,0.4476
DIAMONDS ACE DIAMONDS FOUR,0.3246,0.006,0.6694
HEARTS FOUR DIAMONDS FOUR,0.3192,0.0368,0.644
DIAMONDS JACK HEARTS TEN,0.5204,0.01,0.4696
SPADES NINE CLUBS KING,0.3396,0.0074,0.653
DIAMONDS TWO SPADES TEN,0.7198,0.041,0.2392
DIAMONDS NINE CLUBS ACE,0.3426,0.0064,0.651
HEARTS FIVE DIAMONDS FOUR,0.552,0.0132,0.4348
HEARTS JACK DIAMONDS JACK,0.2854,0.0104,0.7042
DIAMONDS TWO SPADES JACK,0.7192,0.0436,0.2372
DIAMONDS QUEEN DIAMONDS FOUR,0.2086,0.4802,0.3112
HEARTS TWO DIAMONDS FOUR,0.7004,0.0384,0.2612
DIAMONDS KING DIAMONDS FOUR,0.3456,0.007,0.6474
HEARTS THREE DIAMONDS FOUR,0.5666,0.0144,0.419
SPADES NINE CLUBS ACE,0.3482,0.005,0.6468
DIAMONDS NINE CLUBS KING,0.358,0.009,0.633
HEARTS ACE DIAMONDS JACK,0.3448,0.0044,0.6508
SPADES ACE DIAMONDS TWO,0.2296,0.0188,0.7516
DIAMONDS JACK HEARTS QUEEN,0.2304,0.083,0.6866
SPADES QUEEN DIAMONDS TWO,0.0112,0.9746,0.0142
HEARTS KING DIAMONDS JACK,0.3292,0.0052,0.6656
SPADES KING DIAMONDS TWO,0.2322,0.033,0.7348
SPADES JACK SPADES SEVEN,0.5314,0.0154,0.4532
SPADES TEN SPADES SEVEN,0.5298,0.0116,0.4586
CLUBS SEVEN CLUBS THREE,0.5594,0.0144,0.4262
CLUBS SIX CLUBS THREE,0.5558,0.0144,0.4298
CLUBS FIVE CLUBS THREE,0.5476,0.0168,0.4356
CLUBS FOUR CLUBS THREE,0.5564,0.0156,0.428
CLUBS NINE CLUBS THREE,0.5724,0.013,0.4146
CLUBS EIGHT CLUBS THREE,0.5616,0.0124,0.426
CLUBS THREE SPADES FIVE,0.559,0.0148,0.4262
CLUBS THREE SPADES FOUR,0.562,0.013,0.425
CLUBS THREE SPADES THREE,0.3212,0.0382,0.6406
CLUBS THREE SPADES SIX,0.5814,0.0146,0.404
SPADES SEVEN CLUBS THREE,0.5898,0.0156,0.3946
SPADES EIGHT CLUBS THREE,0.6032,0.0118,0.385
SPADES NINE CLUBS THREE,0.5824,0.0144,0.4032
SPADES THREE DIAMONDS FOUR,0.577,0.013,0.41
SPADES FOUR DIAMONDS FOUR,0.3288,0.0346,0.6366
SPADES FIVE DIAMONDS FOUR,0.5474,0.016,0.4366
SPADES SIX DIAMONDS FOUR,0.5594,0.0136,0.427
SPADES SEVEN DIAMONDS FOUR,0.5632,0.0136,0.4232
SPADES EIGHT DIAMONDS FOUR,0.573,0.0152,0.4118
SPADES NINE DIAMONDS FOUR,0.5892,0.0132,0.3976
CLUBS FIVE DIAMONDS FOUR,0.5594,0.0146,0.426
CLUBS FOUR DIAMONDS FOUR,0.3306,0.0382,0.6312
CLUBS SEVEN DIAMONDS FOUR,0.5754,0.0144,0.4102
CLUBS SIX DIAMONDS FOUR,0.5736,0.0128,0.4136
CLUBS NINE DIAMONDS FOUR,0.6006,0.0126,0.3868
CLUBS EIGHT DIAMONDS FOUR,0.5782,0.013,0.4088
DIAMONDS FOUR HEARTS SEVEN,0.5778,0.0124,0.4098
HEARTS SIX DIAMONDS FOUR,0.5746,0.0126,0.4128
HEARTS NINE DIAMONDS FOUR,0.588,0.0118,0.4002
DIAMONDS FOUR HEARTS EIGHT,0.5766,0.0136,0.4098
CLUBS THREE DIAMONDS FOUR,0.5728,0.0146,0.4126
CLUBS TWO DIAMONDS FOUR,0.6986,0.0408,0.2606
DIAMONDS TEN DIAMONDS FIVE,0.5494,0.012,0.4386
DIAMONDS JACK DIAMONDS FIVE,0.5514,0.0096,0.439
DIAMONDS NINE HEARTS QUEEN,0.2176,0.1594,0.623
HEARTS KING DIAMONDS NINE,0.354,0.0056,0.6404
DIAMONDS NINE HEARTS ACE,0.3586,0.004,0.6374
DIAMONDS NINE HEARTS TEN,0.5566,0.0084,0.435
DIAMONDS NINE HEARTS JACK,0.5468,0.0124,0.4408
CLUBS KING DIAMONDS SIX,0.3512,0.0088,0.64
CLUBS ACE DIAMONDS SIX,0.3436,0.003,0.6534
SPADES KING DIAMONDS FOUR,0.3458,0.008,0.6462
SPADES ACE SPADES SEVEN,0.343,0.0054,0.6516
SPADES QUEEN DIAMONDS FOUR,0.2104,0.52,0.2696
SPADES QUEEN SPADES SEVEN,0.2074,0.2836,0.509
CLUBS JACK DIAMONDS SIX,0.5922,0.013,0.3948
SPADES KING SPADES SEVEN,0.3454,0.0076,0.647
SPADES ACE DIAMONDS FOUR,0.3396,0.0044,0.656
CLUBS TEN DIAMONDS SIX,0.586,0.0116,0.4024
CLUBS NINE CLUBS FOUR,0.5716,0.0132,0.4152
CLUBS EIGHT CLUBS FOUR,0.5518,0.0164,0.4318
SPADES JACK DIAMONDS FOUR,0.6026,0.0116,0.3858
SPADES TEN DIAMONDS FOUR,0.5964,0.014,0.3896
CLUBS FOUR CLUBS FIVE,0.5258,0.015,0.4592
CLUBS SEVEN CLUBS FOUR,0.554,0.0148,0.4312
CLUBS SIX CLUBS FOUR,0.5468,0.0156,0.4376
CLUBS SEVEN SPADES EIGHT,0.5538,0.0136,0.4326
CLUBS SEVEN SPADES NINE,0.5586,0.0124,0.429
CLUBS SEVEN SPADES SIX,0.5614,0.0124,0.4262
CLUBS SEVEN SPADES SEVEN,0.3034,0.0306,0.666
CLUBS SEVEN SPADES FIVE,0.5592,0.014,0.4268
CLUBS SEVEN SPADES FOUR,0.593,0.0132,0.3938
CLUBS SEVEN SPADES THREE,0.5944,0.0174,0.3882
CLUBS NINE CLUBS SEVEN,0.5346,0.0098,0.4556
CLUBS EIGHT CLUBS SEVEN,0.5166,0.0142,0.4692
HEARTS SIX DIAMONDS FIVE,0.554,0.0152,0.4308
DIAMONDS FIVE HEARTS SEVEN,0.5546,0.015,0.4304
DIAMONDS FIVE HEARTS EIGHT,0.5694,0.0126,0.418
HEARTS NINE DIAMONDS FIVE,0.5808,0.0118,0.4074
DIAMONDS QUEEN DIAMONDS FIVE,0.1976,0.4478,0.3546
HEARTS TWO DIAMONDS FIVE,0.6932,0.0376,0.2692
HEARTS KING HEARTS EIGHT,0.3442,0.007,0.6488
DIAMONDS KING DIAMONDS FIVE,0.3342,0.007,0.6588
HEARTS THREE DIAMONDS FIVE,0.5742,0.0142,0.4116
HEARTS QUEEN HEARTS EIGHT,0.2166,0.213,0.5704
DIAMONDS ACE DIAMONDS FIVE,0.3262,0.0038,0.67
HEARTS FOUR DIAMONDS FIVE,0.5646,0.0144,0.421
HEARTS FIVE DIAMONDS FIVE,0.3216,0.0346,0.6438
HEARTS ACE HEARTS EIGHT,0.3304,0.0062,0.6634
CLUBS FOUR DIAMONDS FIVE,0.5514,0.017,0.4316
CLUBS FIVE DIAMONDS FIVE,0.318,0.0286,0.6534
CLUBS SIX DIAMONDS FIVE,0.5624,0.0122,0.4254
CLUBS SEVEN DIAMONDS FIVE,0.566,0.0144,0.4196
CLUBS TWO DIAMONDS FIVE,0.7012,0.0354,0.2634
CLUBS THREE DIAMONDS FIVE,0.5782,0.0166,0.4052
SPADES THREE DIAMONDS FIVE,0.5662,0.0164,0.4174
SPADES JACK DIAMONDS EIGHT,0.5594,0.01,0.4306
SPADES FIVE DIAMONDS FIVE,0.3144,0.032,0.6536
HEARTS JACK CLUBS TEN,0.5438,0.0086,0.4476
SPADES TEN DIAMONDS EIGHT,0.5344,0.0106,0.455
SPADES FOUR DIAMONDS FIVE,0.5566,0.0146,0.4288
HEARTS JACK CLUBS JACK,0.2914,0.0128,0.6958
CLUBS NINE DIAMONDS FIVE,0.57,0.0116,0.4184
HEARTS JACK CLUBS KING,0.333,0.0056,0.6614
CLUBS EIGHT DIAMONDS FIVE,0.5812,0.009,0.4098
HEARTS JACK CLUBS ACE,0.3442,0.0068,0.649
SPADES SEVEN DIAMONDS FIVE,0.5536,0.0132,0.4332
SPADES KING DIAMONDS EIGHT,0.3736,0.0086,0.6178
SPADES QUEEN DIAMONDS EIGHT,0.2182,0.2246,0.5572
SPADES SIX DIAMONDS FIVE,0.5582,0.0132,0.4286
SPADES NINE DIAMONDS FIVE,0.5704,0.0114,0.4182
SPADES EIGHT DIAMONDS FIVE,0.574,0.0122,0.4138
SPADES ACE DIAMONDS EIGHT,0.353,0.0042,0.6428
DIAMONDS TEN DIAMONDS SIX,0.5454,0.0152,0.4394
HEARTS ACE DIAMONDS SEVEN,0.3512,0.0034,0.6454
DIAMONDS JACK DIAMONDS SIX,0.5514,0.0102,0.4384
HEARTS QUEEN DIAMONDS SEVEN,0.209,0.3058,0.4852
HEARTS KING DIAMONDS SEVEN,0.3636,0.0086,0.6278
DIAMONDS ACE DIAMONDS SIX,0.3266,0.005,0.6684
HEARTS FOUR DIAMONDS SIX,0.5712,0.0128,0.416
HEARTS FIVE DIAMONDS SIX,0.5494,0.0112,0.4394
DIAMONDS QUEEN DIAMONDS SIX,0.2184,0.3502,0.4314
HEARTS TWO DIAMONDS SIX,0.7144,0.041,0.2446
DIAMONDS KING DIAMONDS SIX,0.3338,0.0078,0.6584
HEARTS THREE DIAMONDS SIX,0.5762,0.016,0.4078
HEARTS EIGHT DIAMONDS SIX,0.5674,0.0118,0.4208
HEARTS NINE DIAMONDS SIX,0.5818,0.0122,0.406
HEARTS SIX DIAMONDS SIX,0.317,0.0232,0.6598
HEARTS SEVEN DIAMONDS SIX,0.5638,0.01,0.4262
HEARTS TEN DIAMONDS SEVEN,0.5636,0.0108,0.4256
CLUBS TWO DIAMONDS SIX,0.709,0.0374,0.2536
HEARTS JACK DIAMONDS SEVEN,0.5736,0.014,0.4124
CLUBS THREE DIAMONDS SIX,0.579,0.013,0.408
DIAMONDS EIGHT CLUBS JACK,0.5738,0.0098,0.4164
CLUBS SEVEN DIAMONDS SIX,0.5428,0.012,0.4452
CLUBS SIX DIAMONDS SIX,0.321,0.0262,0.6528
DIAMONDS EIGHT CLUBS TEN,0.5408,0.014,0.4452
CLUBS FIVE DIAMONDS SIX,0.552,0.0136,0.4344
CLUBS FOUR DIAMONDS SIX,0.5642,0.0154,0.4204
HEARTS ACE HEARTS JACK,0.3248,0.0072,0.668
DIAMONDS EIGHT CLUBS ACE,0.342,0.0044,0.6536
HEARTS JACK HEARTS QUEEN,0.2228,0.088,0.6892
DIAMONDS EIGHT CLUBS KING,0.368,0.0056,0.6264
CLUBS NINE DIAMONDS SIX,0.579,0.0146,0.4064
HEARTS KING HEARTS JACK,0.3142,0.0104,0.6754
CLUBS EIGHT DIAMONDS SIX,0.5772,0.0118,0.411
SPADES TEN HEARTS KING,0.3244,0.0088,0.6668
SPADES FIVE DIAMONDS SIX,0.5442,0.0128,0.443
SPADES JACK HEARTS KING,0.3276,0.006,0.6664
SPADES FOUR DIAMONDS SIX,0.5734,0.0144,0.4122
SPADES THREE DIAMONDS SIX,0.5874,0.0134,0.3992
SPADES ACE SPADES KING,0.298,0.0068,0.6952
HEARTS TEN HEARTS EIGHT,0.5338,0.0128,0.4534
SPADES NINE DIAMONDS SIX,0.5606,0.0122,0.4272
HEARTS JACK HEARTS EIGHT,0.5276,0.0126,0.4598
SPADES EIGHT DIAMONDS SIX,0.5488,0.0136,0.4376
SPADES SEVEN DIAMONDS SIX,0.5454,0.0132,0.4414
SPADES SIX DIAMONDS SIX,0.3072,0.027,0.6658
SPADES KING HEARTS KING,0.1178,0.0044,0.8778
SPADES QUEEN HEARTS KING,0.2196,0.028,0.7524
CLUBS ACE CLUBS KING,0.2866,0.0056,0.7078
SPADES ACE HEARTS KING,0.3006,0.0062,0.6932
SPADES ACE HEARTS JACK,0.3416,0.0062,0.6522
SPADES QUEEN HEARTS JACK,0.2162,0.0958,0.688
SPADES KING HEARTS JACK,0.33,0.0076,0.6624
SPADES TEN DIAMONDS TEN,0.274,0.0138,0.7122
SPADES JACK DIAMONDS TEN,0.5436,0.0092,0.4472
SPADES ACE DIAMONDS TEN,0.33,0.0052,0.6648
SPADES JACK HEARTS JACK,0.2722,0.0124,0.7154
SPADES TEN HEARTS JACK,0.5366,0.0108,0.4526
SPADES QUEEN DIAMONDS TEN,0.2224,0.1232,0.6544
SPADES KING DIAMONDS TEN,0.334,0.0074,0.6586
SPADES NINE DIAMONDS SEVEN,0.5488,0.0124,0.4388
SPADES EIGHT DIAMONDS SEVEN,0.5438,0.0126,0.4436
SPADES SEVEN DIAMONDS SEVEN,0.307,0.0214,0.6716
SPADES SIX DIAMONDS SEVEN,0.5348,0.0124,0.4528
DIAMONDS KING DIAMONDS SEVEN,0.3302,0.0074,0.6624
HEARTS THREE DIAMONDS SEVEN,0.5836,0.015,0.4014
HEARTS KING DIAMONDS FIVE,0.3554,0.006,0.6386
DIAMONDS QUEEN DIAMONDS SEVEN,0.2064,0.2796,0.514
HEARTS TWO DIAMONDS SEVEN,0.713,0.0394,0.2476
HEARTS QUEEN DIAMONDS FIVE,0.2084,0.4672,0.3244
HEARTS FIVE DIAMONDS SEVEN,0.5574,0.0146,0.428
DIAMONDS ACE DIAMONDS SEVEN,0.3392,0.0044,0.6564
HEARTS FOUR DIAMONDS SEVEN,0.5556,0.013,0.4314
HEARTS ACE DIAMONDS FIVE,0.3454,0.0038,0.6508
HEARTS SEVEN DIAMONDS SEVEN,0.3166,0.0284,0.655
HEARTS SIX DIAMONDS SEVEN,0.5532,0.0116,0.4352
HEARTS NINE DIAMONDS SEVEN,0.5474,0.015,0.4376
DIAMONDS SEVEN HEARTS EIGHT,0.55,0.0106,0.4394
DIAMONDS JACK DIAMONDS SEVEN,0.5454,0.011,0.4436
HEARTS JACK DIAMONDS FIVE,0.587,0.0102,0.4028
DIAMONDS TEN DIAMONDS SEVEN,0.5228,0.0118,0.4654
DIAMONDS FIVE HEARTS TEN,0.5934,0.0096,0.397
SPADES KING CLUBS TWO,0.2266,0.0308,0.7426
HEARTS KING CLUBS KING,0.1224,0.0046,0.873
CLUBS EIGHT DIAMONDS SEVEN,0.5524,0.0096,0.438
SPADES QUEEN CLUBS TWO,0.0064,0.9868,0.0068
CLUBS NINE DIAMONDS SEVEN,0.561,0.0118,0.4272
SPADES ACE CLUBS TWO,0.2376,0.0156,0.7468
HEARTS KING CLUBS ACE,0.309,0.0058,0.6852
CLUBS SIX CLUBS SEVEN,0.5104,0.0126,0.477
CLUBS EIGHT CLUBS SIX,0.5302,0.012,0.4578
SPADES THREE DIAMONDS SEVEN,0.5722,0.0148,0.413
CLUBS NINE CLUBS SIX,0.5404,0.0126,0.447
SPADES FOUR DIAMONDS SEVEN,0.5756,0.0134,0.411
HEARTS KING CLUBS JACK,0.3478,0.007,0.6452
SPADES FIVE DIAMONDS SEVEN,0.5552,0.013,0.4318
HEARTS KING CLUBS TEN,0.3328,0.0084,0.6588
CLUBS SIX SPADES THREE,0.5928,0.018,0.3892
CLUBS TWO DIAMONDS SEVEN,0.7256,0.038,0.2364
CLUBS SIX SPADES FOUR,0.572,0.0122,0.4158
CLUBS THREE DIAMONDS SEVEN,0.5914,0.0174,0.3912
CLUBS SIX SPADES FIVE,0.5524,0.0146,0.433
CLUBS FOUR DIAMONDS SEVEN,0.5782,0.0148,0.407
CLUBS SIX SPADES SIX,0.3226,0.0278,0.6496
CLUBS FIVE DIAMONDS SEVEN,0.5612,0.0176,0.4212
CLUBS SIX SPADES SEVEN,0.5454,0.0116,0.443
CLUBS SIX DIAMONDS SEVEN,0.5542,0.0106,0.4352
CLUBS SIX SPADES EIGHT,0.5506,0.0156,0.4338
SPADES JACK CLUBS TWO,0.7184,0.0444,0.2372
CLUBS SIX SPADES NINE,0.5736,0.0104,0.416
SPADES TEN CLUBS TWO,0.7294,0.0432,0.2274
CLUBS SEVEN DIAMONDS SEVEN,0.3088,0.0294,0.6618
CLUBS TWO CLUBS KING,0.2214,0.0326,0.746
CLUBS THREE DIAMONDS EIGHT,0.5878,0.0128,0.3994
CLUBS TWO CLUBS ACE,0.2362,0.015,0.7488
CLUBS TWO DIAMONDS EIGHT,0.7238,0.0402,0.236
DIAMONDS EIGHT HEARTS SEVEN,0.5432,0.0094,0.4474
HEARTS SIX DIAMONDS EIGHT,0.5598,0.012,0.4282
DIAMONDS EIGHT HEARTS NINE,0.5562,0.0098,0.434
CLUBS TWO CLUBS TEN,0.6868,0.0444,0.2688
DIAMONDS EIGHT HEARTS EIGHT,0.2974,0.0228,0.6798
CLUBS TWO CLUBS JACK,0.6948,0.036,0.2692
CLUBS NINE DIAMONDS EIGHT,0.5366,0.0112,0.4522
CLUBS EIGHT DIAMONDS EIGHT,0.312,0.0222,0.6658
CLUBS FIVE DIAMONDS EIGHT,0.585,0.0134,0.4016
SPADES ACE SPADES THREE,0.3266,0.0066,0.6668
CLUBS FOUR DIAMONDS EIGHT,0.6056,0.014,0.3804
SPADES QUEEN SPADES THREE,0.2164,0.4944,0.2892
CLUBS SEVEN DIAMONDS EIGHT,0.5532,0.0138,0.433
CLUBS SIX DIAMONDS EIGHT,0.563,0.0132,0.4238
SPADES KING SPADES THREE,0.338,0.0092,0.6528
DIAMONDS QUEEN DIAMONDS EIGHT,0.2062,0.2102,0.5836
HEARTS TWO DIAMONDS EIGHT,0.7194,0.0424,0.2382
DIAMONDS KING DIAMONDS EIGHT,0.3352,0.0052,0.6596
HEARTS THREE DIAMONDS EIGHT,0.601,0.012,0.387
DIAMONDS ACE DIAMONDS EIGHT,0.34,0.0046,0.6554
HEARTS FOUR DIAMONDS EIGHT,0.5746,0.0112,0.4142
HEARTS FIVE DIAMONDS EIGHT,0.5696,0.01,0.4204
DIAMONDS EIGHT DIAMONDS TEN,0.5046,0.0102,0.4852
DIAMONDS EIGHT DIAMONDS JACK,0.5286,0.0094,0.462
SPADES JACK SPADES THREE,0.5704,0.0132,0.4164
SPADES TEN SPADES THREE,0.571,0.0114,0.4176
CLUBS FOUR HEARTS ACE,0.3486,0.0044,0.647
CLUBS FOUR HEARTS QUEEN,0.2236,0.5142,0.2622
CLUBS FOUR HEARTS KING,0.3562,0.0074,0.6364
CLUBS SIX HEARTS TEN,0.5778,0.0128,0.4094
CLUBS SIX HEARTS JACK,0.5902,0.011,0.3988
DIAMONDS EIGHT SPADES FOUR,0.5788,0.0124,0.4088
SPADES FIVE DIAMONDS EIGHT,0.5786,0.0142,0.4072
DIAMONDS EIGHT SPADES THREE,0.5978,0.0168,0.3854
CLUBS FOUR HEARTS JACK,0.6066,0.0132,0.3802
SPADES EIGHT DIAMONDS EIGHT,0.3064,0.0214,0.6722
SPADES TEN DIAMONDS QUEEN,0.227,0.1164,0.6566
SPADES TEN HEARTS TWO,0.7206,0.0394,0.24
SPADES JACK HEARTS EIGHT,0.5628,0.0108,0.4264
CLUBS FOUR HEARTS TEN,0.5898,0.0128,0.3974
SPADES NINE DIAMONDS EIGHT,0.5462,0.011,0.4428
SPADES TEN HEARTS EIGHT,0.545,0.0126,0.4424
SPADES JACK HEARTS TWO,0.7198,0.0392,0.241
SPADES JACK DIAMONDS QUEEN,0.2208,0.097,0.6822
SPADES SIX DIAMONDS EIGHT,0.5592,0.0136,0.4272
SPADES SEVEN DIAMONDS EIGHT,0.5362,0.013,0.4508
SPADES ACE HEARTS TWO,0.2236,0.0176,0.7588
SPADES ACE DIAMONDS QUEEN,0.2116,0.018,0.7704
SPADES ACE HEARTS EIGHT,0.341,0.0044,0.6546
SPADES KING HEARTS EIGHT,0.3642,0.0054,0.6304
SPADES QUEEN HEARTS TWO,0.0112,0.9686,0.0202
SPADES QUEEN DIAMONDS QUEEN,0.0692,0.0242,0.9066
SPADES KING DIAMONDS QUEEN,0.2242,0.0318,0.744
SPADES KING HEARTS TWO,0.2244,0.026,0.7496
SPADES QUEEN HEARTS EIGHT,0.219,0.224,0.557
CLUBS TWO HEARTS TEN,0.7352,0.0342,0.2306
CLUBS TWO HEARTS JACK,0.7164,0.0386,0.245
SPADES SEVEN DIAMONDS NINE,0.563,0.01,0.427
SPADES SIX DIAMONDS NINE,0.5664,0.0112,0.4224
SPADES NINE DIAMONDS NINE,0.2854,0.0192,0.6954
SPADES EIGHT DIAMONDS NINE,0.529,0.0114,0.4596
SPADES TEN CLUBS KING,0.3268,0.0074,0.6658
DIAMONDS NINE SPADES THREE,0.5946,0.013,0.3924
SPADES JACK CLUBS KING,0.3236,0.0094,0.667
DIAMONDS NINE SPADES FIVE,0.575,0.0156,0.4094
DIAMONDS NINE SPADES FOUR,0.6022,0.011,0.3868
CLUBS NINE DIAMONDS NINE,0.2938,0.0184,0.6878
CLUBS EIGHT DIAMONDS NINE,0.5418,0.0118,0.4464
CLUBS SIX DIAMONDS NINE,0.5704,0.0122,0.4174
SPADES JACK CLUBS FOUR,0.5914,0.0134,0.3952
SPADES TEN CLUBS FOUR,0.5896,0.013,0.3974
CLUBS SEVEN DIAMONDS NINE,0.55,0.0132,0.4368
CLUBS FOUR DIAMONDS NINE,0.5904,0.016,0.3936
CLUBS FIVE DIAMONDS NINE,0.584,0.0126,0.4034
CLUBS TWO DIAMONDS NINE,0.725,0.0382,0.2368
CLUBS THREE DIAMONDS NINE,0.5898,0.0144,0.3958
DIAMONDS NINE HEARTS EIGHT,0.546,0.0106,0.4434
DIAMONDS NINE HEARTS NINE,0.3014,0.0178,0.6808
HEARTS SIX DIAMONDS NINE,0.5704,0.0116,0.418
DIAMONDS NINE HEARTS SEVEN,0.5488,0.0122,0.439
CLUBS EIGHT CLUBS NINE,0.5266,0.0112,0.4622
DIAMONDS ACE DIAMONDS NINE,0.3264,0.0056,0.668
HEARTS FOUR DIAMONDS NINE,0.586,0.0126,0.4014
HEARTS FIVE DIAMONDS NINE,0.5806,0.012,0.4074
CLUBS TWO HEARTS ACE,0.233,0.0154,0.7516
SPADES ACE CLUBS FOUR,0.3378,0.0066,0.6556
DIAMONDS QUEEN DIAMONDS NINE,0.2232,0.1578,0.619
HEARTS TWO DIAMONDS NINE,0.7262,0.0392,0.2346
CLUBS TWO HEARTS KING,0.2392,0.0282,0.7326
SPADES KING CLUBS FOUR,0.365,0.0102,0.6248
DIAMONDS KING DIAMONDS NINE,0.324,0.0066,0.6694
HEARTS THREE DIAMONDS NINE,0.603,0.0114,0.3856
CLUBS TWO HEARTS QUEEN,0.0196,0.9696,0.0108
SPADES QUEEN CLUBS FOUR,0.2036,0.5356,0.2608
DIAMONDS NINE DIAMONDS JACK,0.509,0.0114,0.4796
CLUBS EIGHT SPADES NINE,0.5548,0.0124,0.4328
DIAMONDS NINE DIAMONDS TEN,0.5034,0.014,0.4826
CLUBS EIGHT SPADES EIGHT,0.2984,0.0214,0.6802
CLUBS EIGHT SPADES SEVEN,0.5502,0.0148,0.435
CLUBS EIGHT SPADES SIX,0.5624,0.012,0.4256
CLUBS EIGHT SPADES FIVE,0.5564,0.0138,0.4298
CLUBS EIGHT SPADES FOUR,0.5872,0.0148,0.398
CLUBS EIGHT SPADES THREE,0.601,0.015,0.384
HEARTS SIX DIAMONDS TEN,0.5808,0.0108,0.4084
DIAMONDS TEN HEARTS SEVEN,0.5642,0.0116,0.4242
DIAMONDS TEN HEARTS EIGHT,0.5626,0.0104,0.427
CLUBS FOUR CLUBS JACK,0.5794,0.0132,0.4074
DIAMONDS TEN HEARTS NINE,0.538,0.0122,0.4498
CLUBS FOUR CLUBS TEN,0.5702,0.0124,0.4174
CLUBS FOUR CLUBS KING,0.3302,0.0086,0.6612
CLUBS TWO DIAMONDS TEN,0.7246,0.0406,0.2348
CLUBS THREE DIAMONDS TEN,0.598,0.013,0.389
CLUBS FOUR CLUBS ACE,0.3274,0.0044,0.6682
DIAMONDS JACK DIAMONDS TEN,0.4818,0.01,0.5082
DIAMONDS QUEEN DIAMONDS TEN,0.2048,0.1144,0.6808
HEARTS TWO DIAMONDS TEN,0.7144,0.0366,0.249
DIAMONDS KING DIAMONDS TEN,0.3186,0.009,0.6724
HEARTS THREE DIAMONDS TEN,0.597,0.0102,0.3928
DIAMONDS ACE DIAMONDS TEN,0.3268,0.0046,0.6686
HEARTS FOUR DIAMONDS TEN,0.5918,0.0136,0.3946
CLUBS EIGHT HEARTS JACK,0.5598,0.0108,0.4294
HEARTS FIVE DIAMONDS TEN,0.5776,0.0116,0.4108
CLUBS EIGHT HEARTS TEN,0.5584,0.0114,0.4302
CLUBS EIGHT HEARTS QUEEN,0.2176,0.2372,0.5452
CLUBS EIGHT HEARTS KING,0.3718,0.0052,0.623
CLUBS EIGHT HEARTS ACE,0.3602,0.0054,0.6344
CLUBS NINE SPADES THREE,0.5882,0.0122,0.3996
CLUBS NINE SPADES FIVE,0.5764,0.0158,0.4078
CLUBS NINE SPADES FOUR,0.595,0.0162,0.3888
CLUBS NINE SPADES SEVEN,0.5562,0.0098,0.434
CLUBS NINE SPADES SIX,0.5754,0.0124,0.4122
CLUBS NINE SPADES NINE,0.2812,0.0228,0.696
CLUBS TEN HEARTS EIGHT,0.559,0.0138,0.4272
CLUBS NINE SPADES EIGHT,0.549,0.013,0.438
CLUBS JACK HEARTS EIGHT,0.5526,0.0134,0.434
CLUBS KING HEARTS EIGHT,0.3522,0.0082,0.6396
CLUBS ACE HEARTS EIGHT,0.3492,0.0068,0.644
SPADES KING CLUBS KING,0.1174,0.0048,0.8778
SPADES QUEEN CLUBS KING,0.207,0.0328,0.7602
SPADES ACE CLUBS KING,0.2992,0.0062,0.6946
DIAMONDS ACE HEARTS TEN,0.345,0.005,0.65
HEARTS FOUR HEARTS TEN,0.5554,0.0124,0.4322
DIAMONDS ACE HEARTS JACK,0.3358,0.0038,0.6604
HEARTS FOUR HEARTS JACK,0.5458,0.0122,0.442
SPADES KING CLUBS FIVE,0.3516,0.0102,0.6382
SPADES QUEEN CLUBS FIVE,0.2022,0.4686,0.3292
SPADES ACE CLUBS FIVE,0.3376,0.0058,0.6566
DIAMONDS JACK HEARTS SEVEN,0.5716,0.0116,0.4168
HEARTS SIX DIAMONDS JACK,0.5978,0.0082,0.394
DIAMONDS JACK HEARTS NINE,0.5486,0.0104,0.441
DIAMONDS JACK HEARTS EIGHT,0.5692,0.0108,0.42
DIAMONDS KING DIAMONDS JACK,0.3176,0.006,0.6764
HEARTS THREE DIAMONDS JACK,0.6062,0.013,0.3808
SPADES ACE SPADES SIX,0.3438,0.0038,0.6524
HEARTS ACE SPADES FOUR,0.3354,0.0056,0.659
DIAMONDS QUEEN DIAMONDS JACK,0.2156,0.0906,0.6938
HEARTS TWO DIAMONDS JACK,0.7186,0.0406,0.2408
HEARTS FIVE DIAMONDS JACK,0.5806,0.013,0.4064
SPADES QUEEN SPADES SIX,0.208,0.362,0.43
SPADES FOUR HEARTS QUEEN,0.2216,0.513,0.2654
DIAMONDS ACE DIAMONDS JACK,0.3176,0.0066,0.6758
HEARTS FOUR DIAMONDS JACK,0.591,0.0118,0.3972
SPADES KING SPADES SIX,0.3464,0.0064,0.6472
HEARTS KING SPADES FOUR,0.351,0.0084,0.6406
SPADES TEN SPADES SIX,0.546,0.0124,0.4416
SPADES JACK SPADES SIX,0.5688,0.0118,0.4194
SPADES FOUR DIAMONDS JACK,0.5834,0.0124,0.4042
SPADES FIVE DIAMONDS JACK,0.6006,0.0102,0.3892
DIAMONDS JACK SPADES THREE,0.5968,0.0128,0.3904
SPADES ACE DIAMONDS THREE,0.345,0.005,0.65
SPADES QUEEN DIAMONDS THREE,0.2134,0.5334,0.2532
CLUBS EIGHT DIAMONDS JACK,0.5632,0.0122,0.4246
SPADES KING DIAMONDS THREE,0.3676,0.0102,0.6222
CLUBS NINE DIAMONDS JACK,0.5522,0.0118,0.436
CLUBS SIX DIAMONDS JACK,0.5888,0.0094,0.4018
CLUBS SEVEN DIAMONDS JACK,0.5816,0.013,0.4054
CLUBS FOUR DIAMONDS JACK,0.6106,0.0138,0.3756
CLUBS FIVE DIAMONDS JACK,0.5976,0.0144,0.388
CLUBS TWO DIAMONDS JACK,0.7268,0.0346,0.2386
CLUBS THREE DIAMONDS JACK,0.6048,0.0132,0.382
SPADES TEN CLUBS FIVE,0.5962,0.0114,0.3924
HEARTS SIX SPADES JACK,0.5884,0.0114,0.4002
HEARTS SIX SPADES TEN,0.5736,0.0142,0.4122
SPADES JACK CLUBS FIVE,0.5858,0.0102,0.404
SPADES JACK DIAMONDS THREE,0.5934,0.0124,0.3942
CLUBS SEVEN CLUBS ACE,0.3336,0.006,0.6604
DIAMONDS THREE SPADES TEN,0.5936,0.0126,0.3938
CLUBS SEVEN CLUBS KING,0.34,0.0084,0.6516
SPADES NINE DIAMONDS JACK,0.5494,0.0136,0.437
CLUBS SEVEN CLUBS TEN,0.5356,0.0124,0.452
DIAMONDS ACE HEARTS ACE,0.1114,0.004,0.8846
HEARTS FOUR HEARTS ACE,0.325,0.0058,0.6692
SPADES EIGHT DIAMONDS JACK,0.553,0.012,0.435
SPADES ACE HEARTS SIX,0.3552,0.0056,0.6392
CLUBS SEVEN CLUBS JACK,0.5538,0.0102,0.436
DIAMONDS ACE HEARTS KING,0.3156,0.0048,0.6796
HEARTS FOUR HEARTS KING,0.341,0.01,0.649
SPADES SEVEN DIAMONDS JACK,0.5632,0.0148,0.422
SPADES KING HEARTS SIX,0.3688,0.0072,0.624
DIAMONDS ACE HEARTS QUEEN,0.2236,0.0164,0.76
HEARTS FOUR HEARTS QUEEN,0.21,0.4726,0.3174
SPADES QUEEN HEARTS SIX,0.225,0.3836,0.3914
SPADES SIX DIAMONDS JACK,0.59,0.0096,0.4004
SPADES THREE DIAMONDS TEN,0.598,0.012,0.39
SPADES FOUR DIAMONDS TEN,0.5932,0.0128,0.394
SPADES FIVE DIAMONDS TEN,0.5986,0.0128,0.3886
SPADES SIX DIAMONDS TEN,0.5786,0.0102,0.4112
SPADES SEVEN DIAMONDS TEN,0.5518,0.0114,0.4368
SPADES EIGHT DIAMONDS TEN,0.5366,0.0112,0.4522
SPADES NINE DIAMONDS TEN,0.5456,0.0092,0.4452
CLUBS FOUR DIAMONDS TEN,0.5908,0.0106,0.3986
CLUBS FIVE DIAMONDS TEN,0.5958,0.0132,0.391
CLUBS SIX DIAMONDS TEN,0.5882,0.0108,0.401
CLUBS SEVEN DIAMONDS TEN,0.5746,0.0106,0.4148
CLUBS EIGHT DIAMONDS TEN,0.5664,0.0124,0.4212
CLUBS NINE DIAMONDS TEN,0.545,0.014,0.441
DIAMONDS THREE CLUBS JACK,0.6028,0.0148,0.3824
DIAMONDS THREE CLUBS TEN,0.6056,0.0126,0.3818
DIAMONDS THREE CLUBS KING,0.3552,0.0104,0.6344
DIAMONDS THREE CLUBS ACE,0.3482,0.0066,0.6452
SPADES FOUR HEARTS JACK,0.6,0.0094,0.3906
SPADES FOUR HEARTS TEN,0.585,0.0148,0.4002
DIAMONDS QUEEN CLUBS THREE,0.2092,0.5228,0.268
HEARTS TWO CLUBS THREE,0.7062,0.0374,0.2564
DIAMONDS QUEEN CLUBS TWO,0.0184,0.9704,0.0112
CLUBS TWO HEARTS TWO,0.2982,0.026,0.6758
DIAMONDS QUEEN HEARTS SEVEN,0.2224,0.3008,0.4768
HEARTS TWO HEARTS SEVEN,0.663,0.0362,0.3008
HEARTS SIX DIAMONDS QUEEN,0.2256,0.3708,0.4036
HEARTS SIX HEARTS TWO,0.6706,0.0358,0.2936
DIAMONDS QUEEN HEARTS NINE,0.218,0.1676,0.6144
HEARTS TWO HEARTS NINE,0.6746,0.039,0.2864
DIAMONDS QUEEN HEARTS EIGHT,0.2312,0.228,0.5408
HEARTS TWO HEARTS EIGHT,0.673,0.0378,0.2892
CLUBS NINE HEARTS TWO,0.729,0.045,0.226
CLUBS NINE DIAMONDS QUEEN,0.2264,0.1694,0.6042
CLUBS EIGHT HEARTS TWO,0.7172,0.0448,0.238
CLUBS EIGHT DIAMONDS QUEEN,0.234,0.244,0.522
CLUBS FIVE DIAMONDS QUEEN,0.2202,0.4542,0.3256
CLUBS FIVE HEARTS TWO,0.6872,0.04,0.2728
SPADES EIGHT HEARTS ACE,0.3442,0.0074,0.6484
CLUBS FOUR DIAMONDS QUEEN,0.2208,0.5172,0.262
CLUBS FOUR HEARTS TWO,0.6956,0.0434,0.261
SPADES EIGHT HEARTS QUEEN,0.216,0.223,0.561
CLUBS SEVEN HEARTS TWO,0.718,0.0394,0.2426
CLUBS SEVEN DIAMONDS QUEEN,0.2106,0.3076,0.4818
CLUBS SIX DIAMONDS QUEEN,0.219,0.3884,0.3926
CLUBS SIX HEARTS TWO,0.7106,0.0388,0.2506
SPADES EIGHT HEARTS KING,0.367,0.0066,0.6264
HEARTS TWO SPADES SIX,0.705,0.0328,0.2622
DIAMONDS QUEEN SPADES SIX,0.2196,0.3828,0.3976
DIAMONDS QUEEN SPADES SEVEN,0.222,0.3006,0.4774
HEARTS TWO SPADES SEVEN,0.7202,0.0374,0.2424
HEARTS FOUR CLUBS KING,0.358,0.0098,0.6322
DIAMONDS ACE CLUBS KING,0.306,0.0068,0.6872
DIAMONDS QUEEN SPADES EIGHT,0.214,0.235,0.551
SPADES EIGHT HEARTS TWO,0.7094,0.0372,0.2534
HEARTS FOUR CLUBS ACE,0.3336,0.0058,0.6606
DIAMONDS ACE CLUBS ACE,0.1078,0.006,0.8862
SPADES NINE DIAMONDS QUEEN,0.2228,0.165,0.6122
SPADES NINE HEARTS TWO,0.703,0.0444,0.2526
HEARTS TWO SPADES THREE,0.6968,0.0424,0.2608
DIAMONDS QUEEN SPADES THREE,0.2122,0.518,0.2698
HEARTS TWO SPADES FOUR,0.6948,0.0358,0.2694
DIAMONDS QUEEN SPADES FOUR,0.2174,0.5174,0.2652
HEARTS FOUR CLUBS TEN,0.5962,0.0128,0.391
DIAMONDS ACE CLUBS TEN,0.3444,0.0052,0.6504
HEARTS TWO SPADES FIVE,0.6978,0.0368,0.2654
DIAMONDS QUEEN SPADES FIVE,0.2062,0.4666,0.3272
HEARTS FOUR CLUBS JACK,0.6092,0.0122,0.3786
DIAMONDS ACE CLUBS JACK,0.3404,0.0048,0.6548
CLUBS FIVE CLUBS KING,0.3352,0.0084,0.6564
CLUBS FIVE CLUBS ACE,0.3198,0.0068,0.6734
CLUBS FIVE CLUBS JACK,0.5684,0.0134,0.4182
CLUBS FIVE CLUBS TEN,0.5674,0.011,0.4216
SPADES KING CLUBS JACK,0.3238,0.0084,0.6678
SPADES QUEEN CLUBS JACK,0.215,0.0894,0.6956
SPADES ACE CLUBS JACK,0.34,0.007,0.653
SPADES SIX CLUBS KING,0.346,0.0072,0.6468
SPADES EIGHT HEARTS JACK,0.5608,0.0108,0.4284
SPADES SIX CLUBS ACE,0.3448,0.0054,0.6498
SPADES EIGHT HEARTS TEN,0.5534,0.011,0.4356
SPADES SIX CLUBS JACK,0.5936,0.0134,0.393
SPADES SIX CLUBS TEN,0.5778,0.0152,0.407
SPADES TEN CLUBS JACK,0.542,0.01,0.448
SPADES JACK CLUBS JACK,0.2728,0.0108,0.7164
SPADES QUEEN CLUBS SEVEN,0.2122,0.314,0.4738
SPADES KING CLUBS SEVEN,0.3556,0.0092,0.6352
SPADES ACE CLUBS SEVEN,0.3504,0.0054,0.6442
SPADES SIX HEARTS TEN,0.573,0.0154,0.4116
SPADES SIX HEARTS JACK,0.581,0.0114,0.4076
SPADES SIX HEARTS ACE,0.3444,0.0042,0.6514
SPADES SIX HEARTS KING,0.3476,0.0098,0.6426
SPADES SIX HEARTS QUEEN,0.2178,0.3812,0.401
SPADES JACK CLUBS SEVEN,0.565,0.0124,0.4226
CLUBS SEVEN SPADES TEN,0.5708,0.0122,0.417
HEARTS SIX CLUBS TEN,0.5738,0.0102,0.416
HEARTS SIX CLUBS JACK,0.5988,0.0128,0.3884
CLUBS ACE CLUBS JACK,0.3192,0.005,0.6758
HEARTS SIX CLUBS KING,0.3484,0.0076,0.644
HEARTS SIX CLUBS ACE,0.3538,0.0066,0.6396
CLUBS KING CLUBS JACK,0.3208,0.0078,0.6714
DIAMONDS THREE HEARTS ACE,0.3564,0.0052,0.6384
DIAMONDS THREE HEARTS QUEEN,0.2138,0.5188,0.2674
DIAMONDS THREE HEARTS KING,0.3664,0.0074,0.6262
CLUBS FIVE HEARTS JACK,0.592,0.0138,0.3942
SPADES TEN DIAMONDS ACE,0.3388,0.0056,0.6556
HEARTS FOUR SPADES TEN,0.5962,0.013,0.3908
CLUBS FIVE HEARTS TEN,0.5836,0.0118,0.4046
HEARTS FOUR SPADES JACK,0.5964,0.0128,0.3908
SPADES JACK DIAMONDS ACE,0.3424,0.0036,0.654
SPADES ACE HEARTS FOUR,0.341,0.0056,0.6534
SPADES ACE DIAMONDS ACE,0.1054,0.0048,0.8898
CLUBS FIVE HEARTS ACE,0.3506,0.006,0.6434
CLUBS FIVE HEARTS KING,0.3632,0.0086,0.6282
HEARTS FOUR SPADES QUEEN,0.2134,0.526,0.2606
SPADES QUEEN DIAMONDS ACE,0.2072,0.017,0.7758
SPADES FOUR CLUBS JACK,0.588,0.014,0.398
CLUBS FIVE HEARTS QUEEN,0.2186,0.4608,0.3206
SPADES KING DIAMONDS ACE,0.3172,0.0054,0.6774
HEARTS FOUR SPADES KING,0.3474,0.0088,0.6438
SPADES FOUR CLUBS TEN,0.6012,0.012,0.3868
DIAMONDS QUEEN DIAMONDS ACE,0.2012,0.0166,0.7822
HEARTS TWO DIAMONDS ACE,0.2312,0.014,0.7548
HEARTS FOUR DIAMONDS QUEEN,0.2224,0.5118,0.2658
HEARTS FOUR HEARTS TWO,0.6456,0.043,0.3114
DIAMONDS THREE HEARTS TEN,0.5876,0.0114,0.401
SPADES FOUR CLUBS KING,0.3526,0.0082,0.6392
HEARTS FIVE DIAMONDS QUEEN,0.2108,0.472,0.3172
HEARTS FIVE HEARTS TWO,0.6516,0.032,0.3164
DIAMONDS THREE HEARTS JACK,0.594,0.013,0.393
DIAMONDS QUEEN HEARTS TWO,0.023,0.957,0.02
DIAMONDS KING DIAMONDS QUEEN,0.2124,0.03,0.7576
DIAMONDS KING HEARTS TWO,0.241,0.024,0.735
HEARTS THREE DIAMONDS QUEEN,0.2278,0.529,0.2432
HEARTS THREE HEARTS TWO,0.673,0.0404,0.2866
SPADES FOUR CLUBS ACE,0.3416,0.008,0.6504
HEARTS TWO CLUBS ACE,0.2258,0.0156,0.7586
DIAMONDS QUEEN CLUBS ACE,0.2156,0.018,0.7664
HEARTS TWO CLUBS KING,0.2336,0.0294,0.737
DIAMONDS QUEEN CLUBS KING,0.2144,0.0322,0.7534
SPADES EIGHT SPADES FIVE,0.5438,0.0128,0.4434
HEARTS TWO CLUBS TEN,0.7272,0.0424,0.2304
DIAMONDS QUEEN CLUBS TEN,0.2396,0.122,0.6384
SPADES NINE SPADES FIVE,0.5438,0.0164,0.4398
HEARTS TWO CLUBS JACK,0.7312,0.0388,0.23
DIAMONDS QUEEN CLUBS JACK,0.2364,0.092,0.6716
SPADES SIX SPADES FIVE,0.532,0.0136,0.4544
SPADES SEVEN SPADES FIVE,0.5258,0.0114,0.4628
SPADES EIGHT CLUBS ACE,0.3526,0.0064,0.641
DIAMONDS FIVE CLUBS KING,0.3478,0.0074,0.6448
SPADES EIGHT CLUBS KING,0.3592,0.0076,0.6332
CLUBS ACE DIAMONDS FIVE,0.3448,0.0052,0.65
SPADES EIGHT CLUBS JACK,0.566,0.0146,0.4194
SPADES EIGHT CLUBS TEN,0.5656,0.0106,0.4238
DIAMONDS FIVE CLUBS TEN,0.6006,0.0116,0.3878
DIAMONDS FIVE CLUBS JACK,0.6042,0.0122,0.3836
HEARTS JACK DIAMONDS TEN,0.5378,0.0104,0.4518
DIAMONDS TEN HEARTS TEN,0.2932,0.0114,0.6954
SPADES ACE CLUBS NINE,0.3534,0.0036,0.643
CLUBS NINE SPADES QUEEN,0.2154,0.1716,0.613
SPADES KING CLUBS NINE,0.333,0.0098,0.6572
HEARTS SIX HEARTS KING,0.3434,0.009,0.6476
DIAMONDS KING SPADES SEVEN,0.3388,0.0076,0.6536
HEARTS THREE SPADES SEVEN,0.5758,0.016,0.4082
SPADES KING DIAMONDS SEVEN,0.3596,0.0092,0.6312
HEARTS SIX HEARTS QUEEN,0.2132,0.3532,0.4336
SPADES QUEEN DIAMONDS SEVEN,0.2118,0.3078,0.4804
HEARTS THREE SPADES SIX,0.5784,0.014,0.4076
DIAMONDS KING SPADES SIX,0.3624,0.0084,0.6292
DIAMONDS KING SPADES NINE,0.3496,0.0064,0.644
HEARTS THREE SPADES NINE,0.592,0.0156,0.3924
HEARTS SIX HEARTS ACE,0.3396,0.0038,0.6566
DIAMONDS KING SPADES EIGHT,0.3604,0.0066,0.633
HEARTS THREE SPADES EIGHT,0.594,0.016,0.39
SPADES ACE DIAMONDS SEVEN,0.3518,0.0058,0.6424
CLUBS NINE HEARTS THREE,0.5946,0.0142,0.3912
CLUBS NINE DIAMONDS KING,0.3628,0.0078,0.6294
CLUBS EIGHT HEARTS THREE,0.5852,0.0136,0.4012
CLUBS EIGHT DIAMONDS KING,0.3536,0.0076,0.6388
HEARTS THREE SPADES THREE,0.3176,0.0384,0.644
DIAMONDS KING SPADES THREE,0.3608,0.0082,0.631
HEARTS THREE SPADES FIVE,0.5616,0.0148,0.4236
DIAMONDS KING SPADES FIVE,0.3526,0.0084,0.639
HEARTS THREE SPADES FOUR,0.5688,0.0148,0.4164
DIAMONDS KING SPADES FOUR,0.3522,0.0096,0.6382
DIAMONDS KING CLUBS TWO,0.236,0.032,0.732
HEARTS THREE CLUBS TWO,0.7032,0.0364,0.2604
