opposingHand,winningChance,drawChance,lostChance
SPADES SIX HEARTS ACE
HEARTS FIVE SPADES TEN,0.6364,0.0048,0.3588
SPADES JACK HEARTS FIVE,0.6368,0.006,0.3572
SPADES FIVE CLUBS JACK,0.6286,0.0042,0.3672
CLUBS TEN SPADES FIVE,0.638,0.0034,0.3586
CLUBS EIGHT CLUBS JACK,0.5414,0.004,0.4546
CLUBS TEN CLUBS EIGHT,0.545,0.0024,0.4526
CLUBS EIGHT CLUBS KING,0.5624,0.0044,0.4332
SPADES FIVE CLUBS ACE,0.3706,0.3918,0.2376
CLUBS EIGHT CLUBS QUEEN,0.556,0.0024,0.4416
SPADES FIVE CLUBS KING,0.634,0.0038,0.3622
SPADES FIVE CLUBS QUEEN,0.6328,0.0036,0.3636
CLUBS EIGHT CLUBS ACE,0.21,0.2148,0.5752
DIAMONDS TWO DIAMONDS THREE,0.617,0.0066,0.3764
DIAMONDS TWO DIAMONDS FIVE,0.6048,0.0042,0.391
SPADES KING HEARTS FIVE,0.6386,0.0058,0.3556
DIAMONDS TWO DIAMONDS FOUR,0.6076,0.006,0.3864
SPADES QUEEN HEARTS FIVE,0.632,0.0036,0.3644
DIAMONDS TWO DIAMONDS SEVEN,0.5988,0.0058,0.3954
DIAMONDS TWO DIAMONDS SIX,0.6914,0.03,0.2786
SPADES ACE HEARTS FIVE,0.3684,0.3942,0.2374
DIAMONDS TWO DIAMONDS NINE,0.6002,0.0042,0.3956
DIAMONDS TWO DIAMONDS EIGHT,0.6038,0.0042,0.392
DIAMONDS THREE DIAMONDS FOUR,0.5978,0.0036,0.3986
SPADES FOUR CLUBS TWO,0.6576,0.0058,0.3366
DIAMONDS THREE DIAMONDS FIVE,0.6062,0.0058,0.388
SPADES FIVE CLUBS TWO,0.6536,0.0062,0.3402
CLUBS TWO SPADES TWO,0.4628,0.0058,0.5314
CLUBS TWO SPADES THREE,0.6378,0.0048,0.3574
DIAMONDS THREE DIAMONDS EIGHT,0.602,0.004,0.394
SPADES EIGHT CLUBS TWO,0.6272,0.006,0.3668
DIAMONDS THREE DIAMONDS NINE,0.5966,0.0032,0.4002
SPADES NINE CLUBS TWO,0.64,0.0046,0.3554
DIAMONDS THREE DIAMONDS SIX,0.6876,0.0272,0.2852
DIAMONDS THREE DIAMONDS SEVEN,0.5998,0.0042,0.396
SPADES SEVEN CLUBS TWO,0.6394,0.0064,0.3542
CLUBS SIX CLUBS TWO,0.6902,0.03,0.2798
CLUBS SEVEN CLUBS TWO,0.6112,0.0038,0.385
CLUBS FOUR CLUBS TWO,0.62,0.0056,0.3744
CLUBS FIVE CLUBS TWO,0.6118,0.006,0.3822
CLUBS TEN CLUBS JACK,0.5108,0.006,0.4832
DIAMONDS FOUR DIAMONDS SIX,0.6582,0.0298,0.312
CLUBS TEN CLUBS QUEEN,0.5266,0.0028,0.4706
DIAMONDS FOUR DIAMONDS SEVEN,0.5844,0.0036,0.412
CLUBS TEN CLUBS KING,0.539,0.0038,0.4572
CLUBS TEN CLUBS ACE,0.225,0.1092,0.6658
CLUBS EIGHT CLUBS TWO,0.6036,0.0056,0.3908
DIAMONDS FIVE DIAMONDS FOUR,0.564,0.0042,0.4318
CLUBS NINE CLUBS TWO,0.5858,0.0048,0.4094
DIAMONDS NINE DIAMONDS FOUR,0.6044,0.0042,0.3914
DIAMONDS EIGHT DIAMONDS FOUR,0.5988,0.0034,0.3978
CLUBS THREE CLUBS TWO,0.6052,0.0042,0.3906
DIAMONDS NINE DIAMONDS FIVE,0.5882,0.0034,0.4084
DIAMONDS TWO CLUBS JACK,0.6426,0.0038,0.3536
DIAMONDS EIGHT DIAMONDS FIVE,0.5716,0.0034,0.425
CLUBS TEN DIAMONDS TWO,0.6316,0.004,0.3644
DIAMONDS FIVE DIAMONDS SEVEN,0.5744,0.0044,0.4212
DIAMONDS FIVE DIAMONDS SIX,0.6574,0.0232,0.3194
DIAMONDS TWO CLUBS ACE,0.3804,0.375,0.2446
DIAMONDS TWO CLUBS KING,0.6326,0.0056,0.3618
DIAMONDS TWO CLUBS QUEEN,0.6332,0.0048,0.362
DIAMONDS EIGHT DIAMONDS SIX,0.6574,0.0192,0.3234
DIAMONDS NINE DIAMONDS SIX,0.6698,0.0212,0.309
HEARTS KING SPADES THREE,0.6502,0.0042,0.3456
DIAMONDS SEVEN DIAMONDS SIX,0.6384,0.021,0.3406
SPADES THREE HEARTS QUEEN,0.6494,0.006,0.3446
SPADES THREE HEARTS JACK,0.6482,0.0056,0.3462
SPADES THREE HEARTS TEN,0.6398,0.0048,0.3554
DIAMONDS EIGHT DIAMONDS SEVEN,0.539,0.0044,0.4566
DIAMONDS NINE DIAMONDS SEVEN,0.5388,0.004,0.4572
DIAMONDS NINE DIAMONDS EIGHT,0.5312,0.0042,0.4646
DIAMONDS KING HEARTS TEN,0.569,0.003,0.428
HEARTS THREE HEARTS TEN,0.6156,0.0062,0.3782
SPADES JACK CLUBS SIX,0.7366,0.0242,0.2392
DIAMONDS KING HEARTS JACK,0.5726,0.0062,0.4212
HEARTS THREE HEARTS JACK,0.6,0.0054,0.3946
SPADES TEN CLUBS SIX,0.7142,0.029,0.2568
SPADES JACK SPADES FIVE,0.5958,0.0048,0.3994
SPADES TEN SPADES FIVE,0.6054,0.0046,0.39
SPADES ACE CLUBS SIX,0.0096,0.9732,0.0172
DIAMONDS KING HEARTS QUEEN,0.5726,0.004,0.4234
HEARTS THREE HEARTS QUEEN,0.6074,0.0062,0.3864
SPADES KING CLUBS SIX,0.7352,0.0332,0.2316
DIAMONDS KING HEARTS KING,0.289,0.0038,0.7072
HEARTS THREE HEARTS KING,0.5936,0.0034,0.403
SPADES QUEEN CLUBS SIX,0.722,0.0276,0.2504
SPADES NINE HEARTS TEN,0.5618,0.005,0.4332
SPADES NINE HEARTS JACK,0.5718,0.0042,0.424
SPADES QUEEN SPADES FIVE,0.5916,0.0048,0.4036
SPADES KING SPADES FIVE,0.6124,0.0038,0.3838
SPADES ACE SPADES FIVE,0.3592,0.3672,0.2736
SPADES NINE HEARTS QUEEN,0.568,0.0038,0.4282
SPADES NINE HEARTS KING,0.5842,0.005,0.4108
CLUBS TEN SPADES JACK,0.552,0.0046,0.4434
CLUBS TEN SPADES TEN,0.3146,0.0022,0.6832
SPADES ACE CLUBS TEN,0.2312,0.1108,0.658
SPADES KING CLUBS TEN,0.5592,0.0036,0.4372
CLUBS TEN SPADES QUEEN,0.568,0.003,0.429
SPADES FIVE HEARTS QUEEN,0.643,0.0044,0.3526
SPADES FIVE HEARTS KING,0.6304,0.0042,0.3654
CLUBS EIGHT SPADES TEN,0.5786,0.004,0.4174
HEARTS THREE SPADES JACK,0.6374,0.0062,0.3564
SPADES JACK DIAMONDS KING,0.5726,0.0028,0.4246
SPADES TEN DIAMONDS KING,0.5726,0.0042,0.4232
HEARTS THREE SPADES TEN,0.6214,0.006,0.3726
SPADES JACK CLUBS EIGHT,0.5824,0.0034,0.4142
SPADES ACE CLUBS EIGHT,0.2138,0.2262,0.56
HEARTS FIVE CLUBS JACK,0.6394,0.0038,0.3568
CLUBS TEN HEARTS FIVE,0.659,0.0038,0.3372
CLUBS SIX HEARTS QUEEN,0.7324,0.0284,0.2392
SPADES QUEEN CLUBS EIGHT,0.5874,0.003,0.4096
CLUBS TEN SPADES THREE,0.6386,0.0026,0.3588
CLUBS SIX HEARTS KING,0.7466,0.0274,0.226
SPADES KING CLUBS EIGHT,0.6006,0.0024,0.397
SPADES THREE CLUBS JACK,0.6342,0.006,0.3598
DIAMONDS TWO HEARTS JACK,0.6326,0.005,0.3624
SPADES THREE CLUBS QUEEN,0.6284,0.005,0.3666
DIAMONDS TWO HEARTS TEN,0.6318,0.0034,0.3648
SPADES THREE CLUBS KING,0.645,0.0054,0.3496
HEARTS FIVE CLUBS ACE,0.3732,0.3804,0.2464
SPADES FIVE HEARTS TEN,0.6494,0.0052,0.3454
SPADES THREE CLUBS ACE,0.3722,0.383,0.2448
HEARTS FIVE CLUBS KING,0.6324,0.004,0.3636
SPADES FIVE HEARTS JACK,0.6414,0.0056,0.353
HEARTS FIVE CLUBS QUEEN,0.6382,0.0028,0.359
HEARTS THREE CLUBS KING,0.6464,0.0056,0.348
DIAMONDS KING CLUBS KING,0.294,0.0024,0.7036
HEARTS THREE CLUBS QUEEN,0.6412,0.0034,0.3554
DIAMONDS KING CLUBS QUEEN,0.5818,0.0042,0.414
HEARTS FIVE HEARTS JACK,0.591,0.005,0.404
HEARTS FIVE HEARTS TEN,0.6026,0.0066,0.3908
HEARTS THREE CLUBS ACE,0.3778,0.3752,0.247
DIAMONDS KING CLUBS ACE,0.2482,0.0474,0.7044
SPADES ACE CLUBS QUEEN,0.2382,0.0608,0.701
SPADES KING CLUBS QUEEN,0.5736,0.0044,0.422
HEARTS THREE CLUBS JACK,0.6414,0.0038,0.3548
DIAMONDS KING CLUBS JACK,0.5604,0.003,0.4366
SPADES QUEEN CLUBS QUEEN,0.277,0.004,0.719
CLUBS TEN HEARTS THREE,0.6386,0.0032,0.3582
CLUBS TEN DIAMONDS KING,0.573,0.0018,0.4252
SPADES JACK CLUBS QUEEN,0.564,0.0022,0.4338
CLUBS SIX CLUBS QUEEN,0.6938,0.0278,0.2784
SPADES TEN CLUBS QUEEN,0.5568,0.0058,0.4374
CLUBS SIX CLUBS KING,0.6886,0.0272,0.2842
CLUBS SIX CLUBS ACE,0.0198,0.9108,0.0694
HEARTS FIVE HEARTS KING,0.5976,0.0044,0.398
HEARTS FIVE HEARTS QUEEN,0.605,0.0036,0.3914
CLUBS TEN CLUBS SIX,0.673,0.0256,0.3014
CLUBS SIX CLUBS JACK,0.68,0.0292,0.2908
SPADES SEVEN HEARTS JACK,0.593,0.0046,0.4024
SPADES SEVEN HEARTS TEN,0.5866,0.0044,0.409
DIAMONDS TWO CLUBS TWO,0.457,0.005,0.538
DIAMONDS TWO CLUBS THREE,0.6568,0.005,0.3382
HEARTS SIX DIAMONDS TWO,0.7424,0.0326,0.225
DIAMONDS TWO HEARTS QUEEN,0.6282,0.0038,0.368
DIAMONDS TWO HEARTS SEVEN,0.6552,0.0044,0.3404
DIAMONDS TWO HEARTS KING,0.637,0.006,0.357
DIAMONDS TWO HEARTS EIGHT,0.6424,0.0042,0.3534
DIAMONDS TWO HEARTS NINE,0.6534,0.0044,0.3422
DIAMONDS TWO DIAMONDS QUEEN,0.5874,0.0042,0.4084
DIAMONDS TWO HEARTS TWO,0.461,0.005,0.534
DIAMONDS TWO DIAMONDS KING,0.5908,0.0054,0.4038
HEARTS THREE DIAMONDS TWO,0.643,0.0088,0.3482
DIAMONDS TWO DIAMONDS ACE,0.3498,0.3744,0.2758
HEARTS FOUR DIAMONDS TWO,0.6482,0.0032,0.3486
DIAMONDS TWO HEARTS FIVE,0.6598,0.0056,0.3346
DIAMONDS TWO DIAMONDS TEN,0.6108,0.0046,0.3846
SPADES SEVEN HEARTS KING,0.6152,0.0044,0.3804
DIAMONDS TWO DIAMONDS JACK,0.5978,0.005,0.3972
SPADES SEVEN HEARTS QUEEN,0.6074,0.0056,0.387
DIAMONDS TWO SPADES NINE,0.6394,0.0066,0.354
DIAMONDS TWO SPADES EIGHT,0.6412,0.0042,0.3546
DIAMONDS TWO SPADES SEVEN,0.6368,0.0044,0.3588
DIAMONDS TWO SPADES FIVE,0.6512,0.0056,0.3432
DIAMONDS TWO SPADES FOUR,0.6484,0.0052,0.3464
DIAMONDS TWO SPADES THREE,0.6356,0.009,0.3554
DIAMONDS TWO SPADES TWO,0.4688,0.0058,0.5254
CLUBS NINE DIAMONDS TWO,0.6428,0.006,0.3512
DIAMONDS TWO CLUBS EIGHT,0.6476,0.0048,0.3476
CLUBS SEVEN DIAMONDS TWO,0.6548,0.0048,0.3404
DIAMONDS TWO CLUBS SIX,0.7406,0.0296,0.2298
DIAMONDS TWO CLUBS FIVE,0.6452,0.005,0.3498
DIAMONDS TWO CLUBS FOUR,0.6396,0.0054,0.355
CLUBS FOUR SPADES FIVE,0.6312,0.0046,0.3642
CLUBS FOUR SPADES FOUR,0.4586,0.0056,0.5358
CLUBS FOUR SPADES THREE,0.6508,0.0056,0.3436
CLUBS FOUR SPADES TWO,0.6476,0.0058,0.3466
SPADES NINE CLUBS FOUR,0.6298,0.0026,0.3676
SPADES EIGHT CLUBS FOUR,0.6208,0.0052,0.374
SPADES SEVEN CLUBS FOUR,0.6056,0.0076,0.3868
SPADES ACE DIAMONDS SIX,0.011,0.9714,0.0176
SPADES QUEEN DIAMONDS SIX,0.7368,0.0274,0.2358
SPADES KING DIAMONDS SIX,0.7438,0.029,0.2272
SPADES TEN DIAMONDS SIX,0.7172,0.0248,0.258
SPADES JACK DIAMONDS SIX,0.7158,0.0274,0.2568
SPADES QUEEN SPADES TWO,0.5996,0.0046,0.3958
SPADES KING SPADES TWO,0.5996,0.0052,0.3952
SPADES ACE SPADES TWO,0.3606,0.3694,0.27
DIAMONDS JACK CLUBS JACK,0.2928,0.0016,0.7056
CLUBS TEN DIAMONDS JACK,0.5416,0.0038,0.4546
DIAMONDS JACK CLUBS KING,0.5706,0.0034,0.426
DIAMONDS JACK CLUBS QUEEN,0.5694,0.0024,0.4282
DIAMONDS THREE DIAMONDS JACK,0.597,0.0044,0.3986
DIAMONDS THREE DIAMONDS TEN,0.5944,0.0046,0.401
DIAMONDS JACK CLUBS ACE,0.236,0.0794,0.6846
DIAMONDS THREE DIAMONDS KING,0.5946,0.0032,0.4022
HEARTS THREE DIAMONDS THREE,0.4608,0.005,0.5342
DIAMONDS THREE DIAMONDS QUEEN,0.5956,0.0036,0.4008
DIAMONDS THREE HEARTS TWO,0.6466,0.0062,0.3472
HEARTS FIVE DIAMONDS THREE,0.6322,0.0054,0.3624
DIAMONDS THREE DIAMONDS ACE,0.3592,0.3638,0.277
HEARTS FOUR DIAMONDS THREE,0.6502,0.0056,0.3442
DIAMONDS THREE HEARTS SEVEN,0.6348,0.0044,0.3608
SPADES TEN SPADES NINE,0.5298,0.0038,0.4664
HEARTS SIX DIAMONDS THREE,0.7222,0.029,0.2488
SPADES JACK SPADES NINE,0.534,0.0032,0.4628
DIAMONDS THREE HEARTS NINE,0.6326,0.0058,0.3616
HEARTS JACK DIAMONDS FOUR,0.6522,0.0044,0.3434
SPADES TEN SPADES TWO,0.6106,0.0038,0.3856
DIAMONDS THREE HEARTS EIGHT,0.6438,0.0038,0.3524
HEARTS TEN DIAMONDS FOUR,0.6342,0.0042,0.3616
SPADES JACK SPADES TWO,0.5956,0.007,0.3974
HEARTS QUEEN DIAMONDS FOUR,0.637,0.0064,0.3566
HEARTS KING DIAMONDS FOUR,0.6382,0.0038,0.358
SPADES ACE SPADES NINE,0.2194,0.1598,0.6208
SPADES KING SPADES NINE,0.5488,0.0034,0.4478
SPADES QUEEN SPADES NINE,0.5602,0.0046,0.4352
DIAMONDS THREE SPADES NINE,0.6306,0.004,0.3654
DIAMONDS THREE SPADES EIGHT,0.6438,0.0036,0.3526
DIAMONDS THREE SPADES SEVEN,0.641,0.0044,0.3546
DIAMONDS THREE CLUBS SIX,0.7202,0.026,0.2538
CLUBS FIVE CLUBS SIX,0.6524,0.0256,0.322
CLUBS ACE DIAMONDS FOUR,0.3828,0.3724,0.2448
CLUBS SEVEN DIAMONDS THREE,0.6422,0.0028,0.355
CLUBS SEVEN CLUBS FIVE,0.5742,0.0026,0.4232
DIAMONDS THREE CLUBS FOUR,0.6356,0.006,0.3584
DIAMONDS FOUR CLUBS QUEEN,0.6286,0.004,0.3674
DIAMONDS THREE CLUBS FIVE,0.6346,0.0032,0.3622
CLUBS KING DIAMONDS FOUR,0.6326,0.0032,0.3642
DIAMONDS THREE CLUBS TWO,0.6554,0.0054,0.3392
CLUBS TEN DIAMONDS FOUR,0.6308,0.0044,0.3648
DIAMONDS THREE CLUBS THREE,0.4504,0.0046,0.545
DIAMONDS FOUR CLUBS JACK,0.624,0.0034,0.3726
DIAMONDS THREE SPADES FOUR,0.6318,0.0056,0.3626
DIAMONDS THREE SPADES FIVE,0.6346,0.0046,0.3608
DIAMONDS THREE SPADES TWO,0.659,0.0068,0.3342
DIAMONDS THREE SPADES THREE,0.4518,0.0058,0.5424
CLUBS EIGHT DIAMONDS THREE,0.6436,0.0046,0.3518
CLUBS NINE DIAMONDS THREE,0.6406,0.0052,0.3542
SPADES SEVEN CLUBS ACE,0.2236,0.2914,0.485
SPADES SEVEN CLUBS QUEEN,0.6046,0.0022,0.3932
SPADES SEVEN CLUBS KING,0.611,0.0028,0.3862
CLUBS FIVE SPADES SEVEN,0.596,0.0042,0.3998
CLUBS TEN SPADES SEVEN,0.5924,0.0028,0.4048
SPADES SEVEN CLUBS JACK,0.5822,0.0046,0.4132
CLUBS FIVE SPADES NINE,0.638,0.0034,0.3586
CLUBS FIVE SPADES EIGHT,0.6142,0.0022,0.3836
CLUBS FIVE SPADES THREE,0.6444,0.0064,0.3492
CLUBS FIVE SPADES TWO,0.659,0.0044,0.3366
CLUBS FIVE SPADES FIVE,0.4642,0.0072,0.5286
CLUBS FIVE SPADES FOUR,0.6248,0.0036,0.3716
CLUBS NINE CLUBS FIVE,0.5886,0.0044,0.407
CLUBS EIGHT CLUBS FIVE,0.5836,0.0036,0.4128
CLUBS ACE CLUBS QUEEN,0.227,0.0602,0.7128
CLUBS KING CLUBS QUEEN,0.5364,0.0036,0.46
DIAMONDS TEN DIAMONDS FOUR,0.592,0.0048,0.4032
CLUBS TEN DIAMONDS NINE,0.549,0.0024,0.4486
DIAMONDS JACK DIAMONDS FOUR,0.5846,0.0038,0.4116
DIAMONDS NINE CLUBS JACK,0.563,0.004,0.433
SPADES NINE CLUBS JACK,0.5586,0.0036,0.4378
CLUBS TEN SPADES NINE,0.5476,0.004,0.4484
DIAMONDS ACE DIAMONDS FOUR,0.352,0.36,0.288
HEARTS FOUR DIAMONDS FOUR,0.4588,0.0062,0.535
DIAMONDS JACK HEARTS TEN,0.5628,0.0044,0.4328
SPADES NINE CLUBS KING,0.5796,0.0046,0.4158
DIAMONDS TWO SPADES TEN,0.6276,0.0052,0.3672
DIAMONDS NINE CLUBS ACE,0.2278,0.1702,0.602
HEARTS FIVE DIAMONDS FOUR,0.6224,0.0036,0.374
HEARTS JACK DIAMONDS JACK,0.3102,0.0036,0.6862
SPADES NINE CLUBS QUEEN,0.5828,0.0044,0.4128
DIAMONDS TWO SPADES JACK,0.6238,0.0042,0.372
DIAMONDS QUEEN DIAMONDS FOUR,0.5946,0.0048,0.4006
HEARTS TWO DIAMONDS FOUR,0.6594,0.0054,0.3352
DIAMONDS NINE CLUBS QUEEN,0.565,0.0032,0.4318
DIAMONDS KING DIAMONDS FOUR,0.5902,0.0042,0.4056
HEARTS THREE DIAMONDS FOUR,0.6528,0.0044,0.3428
SPADES NINE CLUBS ACE,0.227,0.1804,0.5926
DIAMONDS NINE CLUBS KING,0.5988,0.0026,0.3986
SPADES ACE DIAMONDS TWO,0.3736,0.3826,0.2438
DIAMONDS JACK HEARTS QUEEN,0.5546,0.0048,0.4406
SPADES QUEEN DIAMONDS TWO,0.632,0.0062,0.3618
HEARTS KING DIAMONDS JACK,0.5772,0.0046,0.4182
SPADES KING DIAMONDS TWO,0.6316,0.005,0.3634
SPADES JACK SPADES SEVEN,0.5546,0.0034,0.442
SPADES TEN SPADES SEVEN,0.5404,0.0036,0.456
CLUBS SEVEN CLUBS THREE,0.6024,0.0038,0.3938
CLUBS SIX CLUBS THREE,0.6772,0.0272,0.2956
CLUBS FIVE CLUBS THREE,0.6048,0.0026,0.3926
CLUBS THREE CLUBS FOUR,0.6066,0.0062,0.3872
CLUBS NINE CLUBS THREE,0.585,0.004,0.411
CLUBS EIGHT CLUBS THREE,0.6052,0.0056,0.3892
CLUBS THREE SPADES FIVE,0.6488,0.0046,0.3466
CLUBS THREE SPADES FOUR,0.6378,0.0044,0.3578
CLUBS THREE SPADES THREE,0.4442,0.0052,0.5506
CLUBS THREE SPADES TWO,0.6586,0.0046,0.3368
CLUBS THREE SPADES SEVEN,0.6486,0.0044,0.347
SPADES EIGHT CLUBS THREE,0.6366,0.0062,0.3572
SPADES NINE CLUBS THREE,0.6414,0.005,0.3536
SPADES TWO DIAMONDS FOUR,0.6514,0.0058,0.3428
SPADES THREE DIAMONDS FOUR,0.6454,0.0054,0.3492
SPADES FOUR DIAMONDS FOUR,0.4544,0.0048,0.5408
SPADES FIVE DIAMONDS FOUR,0.6294,0.0054,0.3652
SPADES SEVEN DIAMONDS FOUR,0.6144,0.0048,0.3808
SPADES EIGHT DIAMONDS FOUR,0.6238,0.005,0.3712
SPADES NINE DIAMONDS FOUR,0.6358,0.0036,0.3606
CLUBS FIVE DIAMONDS FOUR,0.6132,0.0046,0.3822
CLUBS FOUR DIAMONDS FOUR,0.454,0.0044,0.5416
CLUBS SEVEN DIAMONDS FOUR,0.6238,0.0032,0.373
CLUBS SIX DIAMONDS FOUR,0.6912,0.0282,0.2806
CLUBS NINE DIAMONDS FOUR,0.6422,0.0046,0.3532
CLUBS EIGHT DIAMONDS FOUR,0.6246,0.0028,0.3726
DIAMONDS FOUR HEARTS SEVEN,0.6214,0.005,0.3736
HEARTS SIX DIAMONDS FOUR,0.7138,0.0262,0.26
HEARTS NINE DIAMONDS FOUR,0.6548,0.005,0.3402
DIAMONDS FOUR HEARTS EIGHT,0.628,0.0054,0.3666
CLUBS THREE DIAMONDS FOUR,0.6316,0.004,0.3644
CLUBS TWO DIAMONDS FOUR,0.6476,0.0036,0.3488
DIAMONDS TEN DIAMONDS FIVE,0.5826,0.0032,0.4142
DIAMONDS JACK DIAMONDS FIVE,0.5852,0.0046,0.4102
DIAMONDS NINE HEARTS QUEEN,0.5716,0.0036,0.4248
HEARTS KING DIAMONDS NINE,0.5948,0.0052,0.4
DIAMONDS NINE HEARTS TEN,0.5554,0.0018,0.4428
DIAMONDS NINE HEARTS JACK,0.5578,0.0024,0.4398
CLUBS KING DIAMONDS SIX,0.7314,0.0294,0.2392
CLUBS QUEEN DIAMONDS SIX,0.7308,0.035,0.2342
CLUBS ACE DIAMONDS SIX,0.0254,0.9506,0.024
SPADES KING DIAMONDS FOUR,0.644,0.003,0.353
SPADES ACE SPADES SEVEN,0.2218,0.2884,0.4898
SPADES QUEEN DIAMONDS FOUR,0.6406,0.0034,0.356
SPADES QUEEN SPADES SEVEN,0.57,0.0046,0.4254
CLUBS JACK DIAMONDS SIX,0.7216,0.024,0.2544
SPADES KING SPADES SEVEN,0.5674,0.0044,0.4282
SPADES ACE DIAMONDS FOUR,0.3736,0.3776,0.2488
CLUBS TEN DIAMONDS SIX,0.7152,0.0276,0.2572
CLUBS NINE CLUBS FOUR,0.6158,0.0056,0.3786
CLUBS EIGHT CLUBS FOUR,0.5956,0.0032,0.4012
SPADES JACK DIAMONDS FOUR,0.6296,0.0064,0.364
SPADES TEN DIAMONDS FOUR,0.6318,0.0052,0.363
CLUBS FIVE CLUBS FOUR,0.579,0.0058,0.4152
CLUBS SEVEN CLUBS FOUR,0.579,0.0044,0.4166
CLUBS SIX CLUBS FOUR,0.667,0.026,0.307
CLUBS SEVEN SPADES EIGHT,0.5652,0.003,0.4318
CLUBS SEVEN SPADES NINE,0.564,0.0022,0.4338
CLUBS SEVEN SPADES SEVEN,0.3392,0.0034,0.6574
CLUBS SEVEN SPADES FIVE,0.617,0.0036,0.3794
CLUBS SEVEN SPADES FOUR,0.6256,0.0052,0.3692
CLUBS SEVEN SPADES THREE,0.6334,0.0056,0.361
CLUBS SEVEN SPADES TWO,0.6468,0.0048,0.3484
CLUBS NINE CLUBS SEVEN,0.5494,0.0032,0.4474
CLUBS SEVEN CLUBS EIGHT,0.5356,0.0036,0.4608
HEARTS SIX DIAMONDS FIVE,0.6958,0.0248,0.2794
DIAMONDS FIVE HEARTS SEVEN,0.6084,0.0048,0.3868
DIAMONDS FIVE HEARTS EIGHT,0.6252,0.0038,0.371
HEARTS NINE DIAMONDS FIVE,0.6378,0.0048,0.3574
DIAMONDS QUEEN DIAMONDS FIVE,0.5986,0.0048,0.3966
HEARTS TWO DIAMONDS FIVE,0.6528,0.0052,0.342
HEARTS KING HEARTS EIGHT,0.5916,0.0048,0.4036
DIAMONDS KING DIAMONDS FIVE,0.5934,0.0042,0.4024
HEARTS THREE DIAMONDS FIVE,0.6376,0.0048,0.3576
HEARTS QUEEN HEARTS EIGHT,0.5604,0.005,0.4346
DIAMONDS ACE DIAMONDS FIVE,0.3552,0.3564,0.2884
HEARTS FOUR DIAMONDS FIVE,0.6298,0.006,0.3642
HEARTS FIVE DIAMONDS FIVE,0.462,0.002,0.536
CLUBS FOUR DIAMONDS FIVE,0.6154,0.0036,0.381
CLUBS FIVE DIAMONDS FIVE,0.434,0.0042,0.5618
CLUBS SIX DIAMONDS FIVE,0.6864,0.0268,0.2868
CLUBS SEVEN DIAMONDS FIVE,0.6072,0.004,0.3888
CLUBS TWO DIAMONDS FIVE,0.638,0.006,0.356
CLUBS THREE DIAMONDS FIVE,0.6432,0.0042,0.3526
SPADES THREE DIAMONDS FIVE,0.6422,0.0042,0.3536
SPADES TWO DIAMONDS FIVE,0.6548,0.004,0.3412
SPADES JACK DIAMONDS EIGHT,0.5718,0.005,0.4232
SPADES FIVE DIAMONDS FIVE,0.4416,0.0034,0.555
CLUBS TEN HEARTS JACK,0.5384,0.0056,0.456
SPADES TEN DIAMONDS EIGHT,0.5702,0.0028,0.427
SPADES FOUR DIAMONDS FIVE,0.6298,0.0036,0.3666
HEARTS JACK CLUBS JACK,0.3012,0.0022,0.6966
HEARTS JACK CLUBS QUEEN,0.5632,0.0036,0.4332
CLUBS NINE DIAMONDS FIVE,0.6292,0.0042,0.3666
HEARTS JACK CLUBS KING,0.578,0.0046,0.4174
CLUBS EIGHT DIAMONDS FIVE,0.618,0.0038,0.3782
HEARTS JACK CLUBS ACE,0.236,0.0818,0.6822
SPADES SEVEN DIAMONDS FIVE,0.606,0.0052,0.3888
SPADES KING DIAMONDS EIGHT,0.6072,0.0036,0.3892
SPADES QUEEN DIAMONDS EIGHT,0.59,0.0042,0.4058
SPADES NINE DIAMONDS FIVE,0.625,0.0044,0.3706
SPADES EIGHT DIAMONDS FIVE,0.6,0.0038,0.3962
SPADES ACE DIAMONDS EIGHT,0.2296,0.2334,0.537
DIAMONDS TEN DIAMONDS SIX,0.6698,0.0214,0.3088
DIAMONDS JACK DIAMONDS SIX,0.6822,0.0284,0.2894
HEARTS QUEEN DIAMONDS SEVEN,0.618,0.0034,0.3786
HEARTS KING DIAMONDS SEVEN,0.6116,0.0032,0.3852
DIAMONDS ACE DIAMONDS SIX,0.0226,0.9104,0.067
HEARTS FOUR DIAMONDS SIX,0.7032,0.0284,0.2684
HEARTS JACK SPADES TWO,0.6392,0.006,0.3548
HEARTS FIVE DIAMONDS SIX,0.6986,0.0252,0.2762
SPADES TWO HEARTS TEN,0.6338,0.0048,0.3614
DIAMONDS QUEEN DIAMONDS SIX,0.6992,0.026,0.2748
HEARTS TWO DIAMONDS SIX,0.7412,0.0296,0.2292
DIAMONDS KING DIAMONDS SIX,0.698,0.0308,0.2712
HEARTS THREE DIAMONDS SIX,0.7238,0.0246,0.2516
HEARTS EIGHT DIAMONDS SIX,0.6996,0.0238,0.2766
HEARTS NINE DIAMONDS SIX,0.7118,0.0318,0.2564
HEARTS SIX DIAMONDS SIX,0.3106,0.0266,0.6628
HEARTS SEVEN DIAMONDS SIX,0.6826,0.0204,0.297
HEARTS TEN DIAMONDS SEVEN,0.5818,0.0052,0.413
CLUBS TWO DIAMONDS SIX,0.738,0.0344,0.2276
HEARTS JACK DIAMONDS SEVEN,0.599,0.0034,0.3976
CLUBS THREE DIAMONDS SIX,0.7126,0.0296,0.2578
CLUBS SEVEN DIAMONDS SIX,0.6798,0.0232,0.297
DIAMONDS EIGHT CLUBS JACK,0.5798,0.0034,0.4168
CLUBS SIX DIAMONDS SIX,0.3098,0.0242,0.666
CLUBS TEN DIAMONDS EIGHT,0.5728,0.0026,0.4246
CLUBS FIVE DIAMONDS SIX,0.6854,0.023,0.2916
CLUBS FOUR DIAMONDS SIX,0.7022,0.0294,0.2684
DIAMONDS EIGHT CLUBS ACE,0.2332,0.2174,0.5494
HEARTS JACK HEARTS QUEEN,0.5362,0.0046,0.4592
DIAMONDS EIGHT CLUBS KING,0.595,8.0E-4,0.4042
CLUBS NINE DIAMONDS SIX,0.7028,0.0212,0.276
HEARTS KING HEARTS JACK,0.5424,0.0064,0.4512
DIAMONDS EIGHT CLUBS QUEEN,0.5906,0.0026,0.4068
CLUBS EIGHT DIAMONDS SIX,0.6964,0.0202,0.2834
SPADES TEN HEARTS KING,0.574,0.004,0.422
SPADES FIVE DIAMONDS SIX,0.703,0.0254,0.2716
SPADES JACK HEARTS KING,0.575,0.0048,0.4202
SPADES FOUR DIAMONDS SIX,0.7028,0.027,0.2702
SPADES THREE DIAMONDS SIX,0.733,0.0292,0.2378
SPADES TWO HEARTS QUEEN,0.6404,0.0056,0.354
SPADES ACE SPADES KING,0.238,0.0436,0.7184
HEARTS KING SPADES TWO,0.6448,0.0062,0.349
SPADES TWO DIAMONDS SIX,0.7458,0.0302,0.224
HEARTS TEN HEARTS EIGHT,0.5424,0.003,0.4546
SPADES NINE DIAMONDS SIX,0.7182,0.0212,0.2606
HEARTS JACK HEARTS EIGHT,0.5616,0.0052,0.4332
SPADES EIGHT DIAMONDS SIX,0.6906,0.021,0.2884
SPADES SEVEN DIAMONDS SIX,0.6804,0.0216,0.298
SPADES KING HEARTS KING,0.2752,0.0024,0.7224
SPADES QUEEN HEARTS KING,0.5784,0.0042,0.4174
CLUBS ACE CLUBS KING,0.2382,0.037,0.7248
SPADES ACE HEARTS KING,0.2494,0.0464,0.7042
SPADES ACE HEARTS JACK,0.2338,0.0866,0.6796
SPADES QUEEN HEARTS JACK,0.5578,0.0054,0.4368
SPADES KING HEARTS JACK,0.573,0.0036,0.4234
SPADES TEN DIAMONDS TEN,0.3146,0.0038,0.6816
SPADES JACK DIAMONDS TEN,0.5482,0.0024,0.4494
SPADES ACE DIAMONDS TEN,0.226,0.1134,0.6606
SPADES JACK HEARTS JACK,0.2988,0.0042,0.697
SPADES TEN HEARTS JACK,0.5558,0.003,0.4412
SPADES QUEEN DIAMONDS TEN,0.56,0.0038,0.4362
SPADES KING DIAMONDS TEN,0.5736,0.0036,0.4228
SPADES NINE DIAMONDS SEVEN,0.5918,0.0042,0.404
SPADES EIGHT DIAMONDS SEVEN,0.5826,0.0044,0.413
SPADES SEVEN DIAMONDS SEVEN,0.3282,0.0044,0.6674
DIAMONDS KING DIAMONDS SEVEN,0.565,0.0042,0.4308
HEARTS THREE DIAMONDS SEVEN,0.6442,0.0042,0.3516
HEARTS KING DIAMONDS FIVE,0.644,0.006,0.35
DIAMONDS QUEEN DIAMONDS SEVEN,0.5608,0.0038,0.4354
HEARTS TWO DIAMONDS SEVEN,0.6542,0.0032,0.3426
HEARTS QUEEN DIAMONDS FIVE,0.6222,0.005,0.3728
HEARTS FIVE DIAMONDS SEVEN,0.6226,0.0052,0.3722
DIAMONDS ACE DIAMONDS SEVEN,0.1984,0.2836,0.518
HEARTS FOUR DIAMONDS SEVEN,0.6288,0.0066,0.3646
HEARTS SEVEN DIAMONDS SEVEN,0.3556,0.0026,0.6418
HEARTS SIX DIAMONDS SEVEN,0.6842,0.0236,0.2922
HEARTS NINE DIAMONDS SEVEN,0.5938,0.0034,0.4028
DIAMONDS SEVEN HEARTS EIGHT,0.5756,0.0026,0.4218
DIAMONDS JACK DIAMONDS SEVEN,0.5418,0.0044,0.4538
HEARTS JACK DIAMONDS FIVE,0.6444,0.0034,0.3522
DIAMONDS TEN DIAMONDS SEVEN,0.5396,0.0044,0.456
DIAMONDS FIVE HEARTS TEN,0.644,0.0046,0.3514
SPADES KING CLUBS TWO,0.6366,0.0058,0.3576
HEARTS KING CLUBS KING,0.2776,0.0046,0.7178
CLUBS EIGHT DIAMONDS SEVEN,0.5736,0.003,0.4234
SPADES QUEEN CLUBS TWO,0.646,0.0048,0.3492
HEARTS KING CLUBS QUEEN,0.567,0.0022,0.4308
CLUBS NINE DIAMONDS SEVEN,0.5784,0.0034,0.4182
SPADES TWO CLUBS JACK,0.6422,0.003,0.3548
SPADES ACE CLUBS TWO,0.3852,0.3684,0.2464
CLUBS TEN SPADES TWO,0.6466,0.0042,0.3492
HEARTS KING CLUBS ACE,0.2536,0.049,0.6974
CLUBS SEVEN CLUBS SIX,0.6464,0.0194,0.3342
SPADES TWO CLUBS KING,0.634,0.0058,0.3602
SPADES TWO DIAMONDS SEVEN,0.6512,0.0034,0.3454
CLUBS EIGHT CLUBS SIX,0.6574,0.0194,0.3232
SPADES THREE DIAMONDS SEVEN,0.6512,0.0044,0.3444
SPADES TWO CLUBS QUEEN,0.6324,0.0048,0.3628
CLUBS NINE CLUBS SIX,0.6784,0.0212,0.3004
SPADES FOUR DIAMONDS SEVEN,0.6368,0.0036,0.3596
HEARTS KING CLUBS JACK,0.5834,0.0046,0.412
SPADES FIVE DIAMONDS SEVEN,0.6136,0.0042,0.3822
SPADES TWO CLUBS ACE,0.386,0.377,0.237
CLUBS TEN HEARTS KING,0.5718,0.0034,0.4248
CLUBS SIX SPADES TWO,0.739,0.0314,0.2296
CLUBS SIX SPADES THREE,0.7208,0.026,0.2532
CLUBS TWO DIAMONDS SEVEN,0.6458,0.0042,0.35
CLUBS SIX SPADES FOUR,0.7168,0.0262,0.257
CLUBS THREE DIAMONDS SEVEN,0.6444,0.003,0.3526
CLUBS SIX SPADES FIVE,0.6964,0.028,0.2756
CLUBS FOUR DIAMONDS SEVEN,0.6166,0.0016,0.3818
CLUBS FIVE DIAMONDS SEVEN,0.6076,0.004,0.3884
CLUBS SIX SPADES SEVEN,0.6812,0.0258,0.293
CLUBS SIX DIAMONDS SEVEN,0.6846,0.0208,0.2946
CLUBS SIX SPADES EIGHT,0.6932,0.0238,0.283
SPADES JACK CLUBS TWO,0.6258,0.0044,0.3698
CLUBS SEVEN DIAMONDS SEVEN,0.3444,0.0024,0.6532
SPADES NINE CLUBS SIX,0.7088,0.024,0.2672
SPADES TEN CLUBS TWO,0.6338,0.0058,0.3604
CLUBS TWO CLUBS QUEEN,0.596,0.0036,0.4004
CLUBS TWO CLUBS KING,0.597,0.0038,0.3992
CLUBS THREE DIAMONDS EIGHT,0.6372,0.0046,0.3582
CLUBS TWO CLUBS ACE,0.3608,0.3558,0.2834
CLUBS TWO DIAMONDS EIGHT,0.6396,0.0028,0.3576
DIAMONDS EIGHT HEARTS SEVEN,0.5856,0.003,0.4114
HEARTS SIX DIAMONDS EIGHT,0.6958,0.0244,0.2798
DIAMONDS EIGHT HEARTS NINE,0.5748,0.0058,0.4194
CLUBS TEN CLUBS TWO,0.5892,0.0042,0.4066
DIAMONDS EIGHT HEARTS EIGHT,0.3372,0.0042,0.6586
CLUBS TWO CLUBS JACK,0.5964,0.004,0.3996
CLUBS NINE DIAMONDS EIGHT,0.56,0.0022,0.4378
CLUBS EIGHT DIAMONDS EIGHT,0.3366,0.0022,0.6612
CLUBS FIVE DIAMONDS EIGHT,0.6178,0.0022,0.38
SPADES ACE SPADES THREE,0.3418,0.3802,0.278
CLUBS FOUR DIAMONDS EIGHT,0.6428,0.0034,0.3538
CLUBS SEVEN DIAMONDS EIGHT,0.5788,0.0028,0.4184
SPADES QUEEN SPADES THREE,0.6012,0.0056,0.3932
CLUBS SIX DIAMONDS EIGHT,0.6924,0.0222,0.2854
SPADES KING SPADES THREE,0.6166,0.0044,0.379
DIAMONDS QUEEN DIAMONDS EIGHT,0.55,0.0062,0.4438
HEARTS TWO DIAMONDS EIGHT,0.6452,0.0058,0.349
DIAMONDS KING DIAMONDS EIGHT,0.5684,0.004,0.4276
HEARTS THREE DIAMONDS EIGHT,0.647,0.0036,0.3494
DIAMONDS ACE DIAMONDS EIGHT,0.2176,0.2124,0.57
HEARTS FOUR DIAMONDS EIGHT,0.6286,0.0032,0.3682
HEARTS FIVE DIAMONDS EIGHT,0.6188,0.0026,0.3786
DIAMONDS EIGHT DIAMONDS TEN,0.5312,0.0036,0.4652
DIAMONDS EIGHT DIAMONDS JACK,0.539,0.0044,0.4566
SPADES JACK SPADES THREE,0.6006,0.004,0.3954
SPADES TEN SPADES THREE,0.6042,0.007,0.3888
CLUBS FOUR HEARTS QUEEN,0.6428,0.0054,0.3518
CLUBS FOUR HEARTS KING,0.6548,0.0036,0.3416
CLUBS SIX HEARTS TEN,0.725,0.0268,0.2482
CLUBS SIX HEARTS JACK,0.7312,0.0272,0.2416
SPADES FOUR DIAMONDS EIGHT,0.6254,0.0046,0.37
SPADES FIVE DIAMONDS EIGHT,0.6206,0.004,0.3754
DIAMONDS EIGHT SPADES TWO,0.6426,0.0044,0.353
DIAMONDS EIGHT SPADES THREE,0.6478,0.005,0.3472
CLUBS FOUR HEARTS JACK,0.6332,0.0038,0.363
SPADES EIGHT DIAMONDS EIGHT,0.3378,0.0034,0.6588
SPADES TEN DIAMONDS QUEEN,0.548,0.0036,0.4484
SPADES TEN HEARTS TWO,0.619,0.0058,0.3752
SPADES JACK HEARTS EIGHT,0.5818,0.0036,0.4146
CLUBS FOUR HEARTS TEN,0.636,0.0048,0.3592
SPADES NINE DIAMONDS EIGHT,0.565,0.0026,0.4324
SPADES TEN HEARTS EIGHT,0.5742,0.0044,0.4214
SPADES JACK HEARTS TWO,0.6388,0.0074,0.3538
SPADES JACK DIAMONDS QUEEN,0.5536,0.004,0.4424
SPADES SEVEN DIAMONDS EIGHT,0.5606,0.0038,0.4356
SPADES ACE HEARTS TWO,0.3784,0.3776,0.244
SPADES ACE DIAMONDS QUEEN,0.2394,0.0596,0.701
SPADES ACE HEARTS EIGHT,0.2226,0.2298,0.5476
SPADES KING HEARTS EIGHT,0.5994,0.005,0.3956
SPADES QUEEN HEARTS TWO,0.6394,0.0042,0.3564
SPADES QUEEN DIAMONDS QUEEN,0.2908,0.0036,0.7056
SPADES KING DIAMONDS QUEEN,0.5948,0.003,0.4022
SPADES KING HEARTS TWO,0.6472,0.0058,0.347
SPADES QUEEN HEARTS EIGHT,0.6002,0.0034,0.3964
CLUBS TWO HEARTS TEN,0.6486,0.0048,0.3466
CLUBS TWO HEARTS JACK,0.635,0.0056,0.3594
SPADES SEVEN DIAMONDS NINE,0.5842,0.0056,0.4102
SPADES NINE DIAMONDS NINE,0.336,0.004,0.66
SPADES EIGHT DIAMONDS NINE,0.5676,0.0028,0.4296
SPADES TEN CLUBS KING,0.5692,0.0036,0.4272
DIAMONDS NINE SPADES THREE,0.6422,0.0046,0.3532
SPADES JACK CLUBS KING,0.58,0.006,0.414
DIAMONDS NINE SPADES TWO,0.6542,0.0048,0.341
SPADES FIVE DIAMONDS NINE,0.6184,0.004,0.3776
DIAMONDS NINE SPADES FOUR,0.6484,0.0044,0.3472
CLUBS NINE DIAMONDS NINE,0.3346,0.002,0.6634
CLUBS EIGHT DIAMONDS NINE,0.5692,0.0026,0.4282
CLUBS SIX DIAMONDS NINE,0.7104,0.0232,0.2664
SPADES JACK CLUBS FOUR,0.6354,0.003,0.3616
CLUBS SEVEN DIAMONDS NINE,0.5684,0.0018,0.4298
SPADES TEN CLUBS FOUR,0.634,0.0056,0.3604
CLUBS FOUR DIAMONDS NINE,0.6478,0.0038,0.3484
CLUBS FIVE DIAMONDS NINE,0.6276,0.003,0.3694
DIAMONDS NINE CLUBS TWO,0.6352,0.0034,0.3614
CLUBS THREE DIAMONDS NINE,0.629,0.003,0.368
DIAMONDS NINE HEARTS EIGHT,0.5738,0.0032,0.423
DIAMONDS NINE HEARTS NINE,0.3308,0.004,0.6652
HEARTS SIX DIAMONDS NINE,0.7038,0.0256,0.2706
DIAMONDS NINE HEARTS SEVEN,0.577,0.0036,0.4194
CLUBS NINE CLUBS EIGHT,0.5394,0.0044,0.4562
DIAMONDS ACE DIAMONDS NINE,0.2188,0.164,0.6172
HEARTS FOUR DIAMONDS NINE,0.6432,0.0044,0.3524
HEARTS FIVE DIAMONDS NINE,0.6376,0.0044,0.358
SPADES ACE CLUBS FOUR,0.3704,0.3778,0.2518
DIAMONDS QUEEN DIAMONDS NINE,0.5462,0.0034,0.4504
HEARTS TWO DIAMONDS NINE,0.6462,0.0046,0.3492
HEARTS KING CLUBS TWO,0.641,0.0042,0.3548
SPADES KING CLUBS FOUR,0.6328,0.0056,0.3616
DIAMONDS KING DIAMONDS NINE,0.5386,0.0044,0.457
HEARTS THREE DIAMONDS NINE,0.6342,0.0042,0.3616
CLUBS TWO HEARTS QUEEN,0.6494,0.0042,0.3464
SPADES QUEEN CLUBS FOUR,0.6322,0.0034,0.3644
DIAMONDS NINE DIAMONDS JACK,0.5288,0.0036,0.4676
CLUBS EIGHT SPADES NINE,0.5666,0.0044,0.429
DIAMONDS NINE DIAMONDS TEN,0.5156,0.0022,0.4822
CLUBS EIGHT SPADES EIGHT,0.3394,0.0026,0.658
CLUBS EIGHT SPADES SEVEN,0.5726,0.0044,0.423
CLUBS EIGHT SPADES FIVE,0.6218,0.005,0.3732
CLUBS EIGHT SPADES FOUR,0.6428,0.005,0.3522
CLUBS EIGHT SPADES THREE,0.6458,0.0048,0.3494
CLUBS EIGHT SPADES TWO,0.6348,0.0042,0.361
HEARTS SIX DIAMONDS TEN,0.7348,0.026,0.2392
DIAMONDS TEN HEARTS SEVEN,0.5826,0.004,0.4134
DIAMONDS TEN HEARTS EIGHT,0.5588,0.0036,0.4376
CLUBS FOUR CLUBS JACK,0.5902,0.007,0.4028
DIAMONDS TEN HEARTS NINE,0.5594,0.0038,0.4368
CLUBS TEN CLUBS FOUR,0.5994,0.0044,0.3962
CLUBS FOUR CLUBS KING,0.5844,0.0072,0.4084
CLUBS FOUR CLUBS QUEEN,0.5954,0.0034,0.4012
CLUBS TWO DIAMONDS TEN,0.6248,0.0046,0.3706
CLUBS THREE DIAMONDS TEN,0.6324,0.003,0.3646
CLUBS FOUR CLUBS ACE,0.352,0.3488,0.2992
DIAMONDS JACK DIAMONDS TEN,0.505,0.004,0.491
DIAMONDS QUEEN DIAMONDS TEN,0.5318,0.0026,0.4656
HEARTS TWO DIAMONDS TEN,0.6462,0.0054,0.3484
DIAMONDS KING DIAMONDS TEN,0.5256,0.0038,0.4706
HEARTS THREE DIAMONDS TEN,0.6396,0.0036,0.3568
DIAMONDS ACE DIAMONDS TEN,0.2138,0.1132,0.673
HEARTS FOUR DIAMONDS TEN,0.6398,0.0036,0.3566
CLUBS EIGHT HEARTS JACK,0.589,0.0022,0.4088
HEARTS FIVE DIAMONDS TEN,0.6432,0.0042,0.3526
CLUBS EIGHT HEARTS TEN,0.5862,0.0046,0.4092
CLUBS EIGHT HEARTS QUEEN,0.5882,0.003,0.4088
CLUBS EIGHT HEARTS KING,0.6092,0.0042,0.3866
CLUBS NINE SPADES THREE,0.6382,0.0048,0.357
CLUBS NINE SPADES TWO,0.6516,0.0038,0.3446
CLUBS NINE SPADES FIVE,0.6426,0.004,0.3534
CLUBS NINE SPADES FOUR,0.657,0.0036,0.3394
CLUBS NINE SPADES SEVEN,0.5738,0.0044,0.4218
CLUBS NINE SPADES NINE,0.342,0.0052,0.6528
CLUBS TEN HEARTS EIGHT,0.567,0.0034,0.4296
CLUBS NINE SPADES EIGHT,0.5642,0.0036,0.4322
CLUBS JACK HEARTS EIGHT,0.5886,0.004,0.4074
CLUBS QUEEN HEARTS EIGHT,0.6014,0.0042,0.3944
CLUBS KING HEARTS EIGHT,0.6098,0.0036,0.3866
CLUBS ACE HEARTS EIGHT,0.231,0.2258,0.5432
SPADES KING CLUBS KING,0.2914,0.0042,0.7044
SPADES QUEEN CLUBS KING,0.568,0.0042,0.4278
SPADES ACE CLUBS KING,0.2398,0.0536,0.7066
DIAMONDS ACE HEARTS TEN,0.2298,0.1244,0.6458
HEARTS FOUR HEARTS TEN,0.61,0.0056,0.3844
DIAMONDS ACE HEARTS JACK,0.2424,0.0882,0.6694
HEARTS FOUR HEARTS JACK,0.6114,0.0048,0.3838
SPADES KING CLUBS FIVE,0.6294,0.0036,0.367
SPADES QUEEN CLUBS FIVE,0.6364,0.0034,0.3602
SPADES ACE CLUBS FIVE,0.3612,0.3986,0.2402
DIAMONDS JACK HEARTS SEVEN,0.5992,0.0044,0.3964
HEARTS SIX DIAMONDS JACK,0.74,0.0232,0.2368
DIAMONDS JACK HEARTS NINE,0.5668,0.0044,0.4288
DIAMONDS JACK HEARTS EIGHT,0.587,0.0042,0.4088
DIAMONDS KING DIAMONDS JACK,0.5244,0.004,0.4716
HEARTS THREE DIAMONDS JACK,0.6254,0.0046,0.37
DIAMONDS QUEEN DIAMONDS JACK,0.535,0.0022,0.4628
HEARTS TWO DIAMONDS JACK,0.6436,0.0024,0.354
HEARTS FIVE DIAMONDS JACK,0.6314,0.0056,0.363
SPADES FOUR HEARTS QUEEN,0.6452,0.0046,0.3502
DIAMONDS ACE DIAMONDS JACK,0.2186,0.0838,0.6976
HEARTS FOUR DIAMONDS JACK,0.6344,0.0036,0.362
HEARTS KING SPADES FOUR,0.6374,0.0062,0.3564
SPADES FOUR DIAMONDS JACK,0.6404,0.0028,0.3568
SPADES FIVE DIAMONDS JACK,0.6406,0.0064,0.353
DIAMONDS JACK SPADES TWO,0.6346,0.0042,0.3612
SPADES THREE DIAMONDS JACK,0.6388,0.0064,0.3548
SPADES ACE DIAMONDS THREE,0.3736,0.3858,0.2406
SPADES QUEEN DIAMONDS THREE,0.633,0.0042,0.3628
CLUBS EIGHT DIAMONDS JACK,0.5742,0.0034,0.4224
SPADES KING DIAMONDS THREE,0.635,0.0036,0.3614
CLUBS NINE DIAMONDS JACK,0.5676,0.0034,0.429
CLUBS SIX DIAMONDS JACK,0.725,0.0284,0.2466
CLUBS SEVEN DIAMONDS JACK,0.5876,0.0034,0.409
CLUBS FOUR DIAMONDS JACK,0.6236,0.0048,0.3716
CLUBS FIVE DIAMONDS JACK,0.6318,0.0034,0.3648
CLUBS TWO DIAMONDS JACK,0.6292,0.003,0.3678
CLUBS THREE DIAMONDS JACK,0.6276,0.0042,0.3682
SPADES TEN CLUBS FIVE,0.6294,0.004,0.3666
HEARTS SIX SPADES JACK,0.7268,0.0284,0.2448
HEARTS SIX SPADES TEN,0.72,0.026,0.254
SPADES JACK CLUBS FIVE,0.6142,0.0048,0.381
SPADES JACK DIAMONDS THREE,0.64,0.0042,0.3558
CLUBS SEVEN CLUBS ACE,0.2142,0.2712,0.5146
DIAMONDS THREE SPADES TEN,0.634,0.0046,0.3614
CLUBS SEVEN CLUBS QUEEN,0.5708,0.0034,0.4258
CLUBS SEVEN CLUBS KING,0.5722,0.0036,0.4242
SPADES NINE DIAMONDS JACK,0.55,0.0042,0.4458
CLUBS TEN CLUBS SEVEN,0.5646,0.0028,0.4326
SPADES EIGHT DIAMONDS JACK,0.5744,0.003,0.4226
SPADES ACE HEARTS SIX,0.0062,0.9858,0.008
CLUBS SEVEN CLUBS JACK,0.5554,0.004,0.4406
DIAMONDS ACE HEARTS KING,0.2542,0.0486,0.6972
HEARTS FOUR HEARTS KING,0.6068,0.005,0.3882
SPADES SEVEN DIAMONDS JACK,0.5934,0.004,0.4026
SPADES KING HEARTS SIX,0.745,0.0308,0.2242
DIAMONDS ACE HEARTS QUEEN,0.2372,0.0594,0.7034
HEARTS FOUR HEARTS QUEEN,0.6086,0.005,0.3864
SPADES QUEEN HEARTS SIX,0.7446,0.0316,0.2238
SPADES TWO DIAMONDS TEN,0.6444,0.0044,0.3512
SPADES THREE DIAMONDS TEN,0.6428,0.0048,0.3524
SPADES FOUR DIAMONDS TEN,0.6258,0.0058,0.3684
SPADES FIVE DIAMONDS TEN,0.638,0.0054,0.3566
SPADES SEVEN DIAMONDS TEN,0.5828,0.0032,0.414
SPADES EIGHT DIAMONDS TEN,0.5682,0.0028,0.429
SPADES NINE DIAMONDS TEN,0.5538,0.0038,0.4424
CLUBS FOUR DIAMONDS TEN,0.6288,0.0032,0.368
CLUBS FIVE DIAMONDS TEN,0.645,0.0026,0.3524
CLUBS SIX DIAMONDS TEN,0.7122,0.0262,0.2616
CLUBS SEVEN DIAMONDS TEN,0.5792,0.0028,0.418
CLUBS EIGHT DIAMONDS TEN,0.5648,0.0032,0.432
CLUBS NINE DIAMONDS TEN,0.5668,0.0024,0.4308
DIAMONDS THREE CLUBS JACK,0.6344,0.0032,0.3624
CLUBS TEN DIAMONDS THREE,0.6214,0.004,0.3746
DIAMONDS THREE CLUBS KING,0.6412,0.0026,0.3562
DIAMONDS THREE CLUBS QUEEN,0.6304,0.006,0.3636
DIAMONDS THREE CLUBS ACE,0.3778,0.3838,0.2384
SPADES FOUR HEARTS JACK,0.6342,0.0052,0.3606
SPADES FOUR HEARTS TEN,0.6564,0.0036,0.34
SPADES FIVE SPADES TWO,0.6098,0.0066,0.3836
SPADES FOUR SPADES TWO,0.6256,0.0084,0.366
SPADES THREE SPADES TWO,0.6276,0.0058,0.3666
SPADES NINE SPADES TWO,0.5932,0.0058,0.401
SPADES EIGHT SPADES TWO,0.606,0.005,0.389
SPADES SEVEN SPADES TWO,0.6106,0.004,0.3854
DIAMONDS QUEEN CLUBS THREE,0.6468,0.0036,0.3496
CLUBS THREE HEARTS TWO,0.643,0.0036,0.3534
DIAMONDS QUEEN CLUBS TWO,0.6276,0.0034,0.369
HEARTS TWO CLUBS TWO,0.457,0.0056,0.5374
DIAMONDS QUEEN HEARTS SEVEN,0.6146,0.0048,0.3806
HEARTS TWO HEARTS SEVEN,0.6198,0.0052,0.375
HEARTS SIX DIAMONDS QUEEN,0.7374,0.0292,0.2334
HEARTS SIX HEARTS TWO,0.6984,0.0292,0.2724
DIAMONDS QUEEN HEARTS NINE,0.5822,0.0048,0.413
HEARTS TWO HEARTS NINE,0.6212,0.0058,0.373
DIAMONDS QUEEN HEARTS EIGHT,0.6146,0.004,0.3814
HEARTS TWO HEARTS EIGHT,0.6248,0.0052,0.37
CLUBS NINE HEARTS TWO,0.6404,0.0052,0.3544
CLUBS NINE DIAMONDS QUEEN,0.5812,0.002,0.4168
CLUBS EIGHT HEARTS TWO,0.6416,0.0058,0.3526
CLUBS EIGHT DIAMONDS QUEEN,0.5878,0.005,0.4072
CLUBS FIVE DIAMONDS QUEEN,0.6316,0.0026,0.3658
CLUBS FIVE HEARTS TWO,0.6496,0.0058,0.3446
DIAMONDS QUEEN CLUBS FOUR,0.634,0.0046,0.3614
HEARTS TWO CLUBS FOUR,0.6406,0.0048,0.3546
CLUBS SEVEN DIAMONDS QUEEN,0.6088,0.0026,0.3886
CLUBS SEVEN HEARTS TWO,0.652,0.004,0.344
SPADES EIGHT HEARTS QUEEN,0.5968,0.0034,0.3998
CLUBS SIX DIAMONDS QUEEN,0.7314,0.0324,0.2362
CLUBS SIX HEARTS TWO,0.74,0.0314,0.2286
SPADES EIGHT HEARTS KING,0.6056,0.0064,0.388
HEARTS FOUR CLUBS QUEEN,0.6446,0.0042,0.3512
DIAMONDS ACE CLUBS QUEEN,0.2532,0.0552,0.6916
DIAMONDS QUEEN SPADES SEVEN,0.6082,0.0042,0.3876
HEARTS TWO SPADES SEVEN,0.6602,0.006,0.3338
HEARTS FOUR CLUBS KING,0.6432,0.0048,0.352
DIAMONDS ACE CLUBS KING,0.251,0.0414,0.7076
DIAMONDS QUEEN SPADES EIGHT,0.5744,0.0044,0.4212
SPADES EIGHT HEARTS TWO,0.6378,0.0056,0.3566
HEARTS FOUR CLUBS ACE,0.3892,0.3726,0.2382
DIAMONDS ACE CLUBS ACE,0.0688,0.006,0.9252
SPADES NINE DIAMONDS QUEEN,0.5806,0.0036,0.4158
SPADES NINE HEARTS TWO,0.6448,0.006,0.3492
HEARTS TWO SPADES TWO,0.4688,0.0058,0.5254
DIAMONDS QUEEN SPADES TWO,0.635,0.004,0.361
HEARTS TWO SPADES THREE,0.6524,0.0042,0.3434
DIAMONDS QUEEN SPADES THREE,0.644,0.0032,0.3528
HEARTS TWO SPADES FOUR,0.6576,0.0052,0.3372
DIAMONDS QUEEN SPADES FOUR,0.645,0.0052,0.3498
HEARTS FOUR CLUBS TEN,0.64,0.0046,0.3554
CLUBS TEN DIAMONDS ACE,0.2418,0.1216,0.6366
HEARTS TWO SPADES FIVE,0.6496,0.005,0.3454
DIAMONDS QUEEN SPADES FIVE,0.636,0.004,0.36
HEARTS FOUR CLUBS JACK,0.6264,0.0056,0.368
DIAMONDS ACE CLUBS JACK,0.231,0.0838,0.6852
CLUBS FIVE CLUBS KING,0.595,0.0028,0.4022
CLUBS FIVE CLUBS QUEEN,0.5808,0.0048,0.4144
CLUBS FIVE CLUBS ACE,0.3628,0.3528,0.2844
CLUBS FIVE CLUBS JACK,0.5876,0.0038,0.4086
CLUBS TEN CLUBS FIVE,0.5922,0.0044,0.4034
SPADES KING CLUBS JACK,0.5606,0.0048,0.4346
SPADES QUEEN CLUBS JACK,0.546,0.0042,0.4498
SPADES ACE CLUBS JACK,0.2352,0.079,0.6858
SPADES EIGHT HEARTS JACK,0.5868,0.0048,0.4084
SPADES EIGHT HEARTS TEN,0.571,0.0052,0.4238
SPADES TEN CLUBS JACK,0.5362,0.003,0.4608
SPADES JACK CLUBS JACK,0.2924,0.0028,0.7048
SPADES QUEEN CLUBS SEVEN,0.5956,0.0048,0.3996
SPADES KING CLUBS SEVEN,0.6052,0.0038,0.391
SPADES ACE CLUBS SEVEN,0.2166,0.2932,0.4902
CLUBS SEVEN SPADES JACK,0.5946,0.0036,0.4018
CLUBS SEVEN SPADES TEN,0.5854,0.0044,0.4102
CLUBS TEN HEARTS SIX,0.718,0.0256,0.2564
HEARTS SIX CLUBS JACK,0.7432,0.024,0.2328
CLUBS ACE CLUBS JACK,0.2262,0.078,0.6958
HEARTS SIX CLUBS QUEEN,0.7442,0.0276,0.2282
HEARTS SIX CLUBS KING,0.7392,0.0294,0.2314
HEARTS SIX CLUBS ACE,0.0198,0.966,0.0142
CLUBS QUEEN CLUBS JACK,0.528,0.003,0.469
CLUBS KING CLUBS JACK,0.5376,0.0044,0.458
DIAMONDS THREE HEARTS QUEEN,0.6482,0.0046,0.3472
DIAMONDS THREE HEARTS KING,0.6482,0.0048,0.347
CLUBS FIVE HEARTS JACK,0.6252,0.0042,0.3706
SPADES TEN DIAMONDS ACE,0.2154,0.1138,0.6708
HEARTS FOUR SPADES TEN,0.6398,0.0034,0.3568
CLUBS FIVE HEARTS TEN,0.6388,0.0042,0.357
HEARTS FOUR SPADES JACK,0.64,0.0034,0.3566
SPADES JACK DIAMONDS ACE,0.2286,0.0824,0.689
SPADES ACE HEARTS FOUR,0.3716,0.388,0.2404
SPADES ACE DIAMONDS ACE,0.0548,0.0104,0.9348
CLUBS FIVE HEARTS KING,0.6268,0.004,0.3692
HEARTS FOUR SPADES QUEEN,0.631,0.0046,0.3644
SPADES QUEEN DIAMONDS ACE,0.2434,0.0628,0.6938
SPADES FOUR CLUBS JACK,0.635,0.0044,0.3606
CLUBS FIVE HEARTS QUEEN,0.6222,0.0062,0.3716
SPADES KING DIAMONDS ACE,0.2444,0.0472,0.7084
HEARTS FOUR SPADES KING,0.6416,0.0056,0.3528
CLUBS TEN SPADES FOUR,0.6392,0.004,0.3568
DIAMONDS QUEEN DIAMONDS ACE,0.2242,0.0614,0.7144
HEARTS TWO DIAMONDS ACE,0.3638,0.3902,0.246
HEARTS FOUR DIAMONDS QUEEN,0.6422,0.005,0.3528
HEARTS FOUR HEARTS TWO,0.6108,0.006,0.3832
DIAMONDS THREE HEARTS TEN,0.6372,0.0056,0.3572
SPADES FOUR CLUBS KING,0.6546,0.0044,0.341
HEARTS FIVE DIAMONDS QUEEN,0.6494,0.0024,0.3482
HEARTS FIVE HEARTS TWO,0.6166,0.006,0.3774
DIAMONDS THREE HEARTS JACK,0.6354,0.0048,0.3598
SPADES FOUR CLUBS QUEEN,0.637,0.0048,0.3582
DIAMONDS QUEEN HEARTS TWO,0.6292,0.0046,0.3662
DIAMONDS KING DIAMONDS QUEEN,0.5444,0.0034,0.4522
DIAMONDS KING HEARTS TWO,0.6422,0.0068,0.351
HEARTS THREE DIAMONDS QUEEN,0.6362,0.0038,0.36
HEARTS THREE HEARTS TWO,0.6186,0.0044,0.377
SPADES FOUR CLUBS ACE,0.3708,0.3866,0.2426
HEARTS TWO CLUBS ACE,0.369,0.383,0.248
DIAMONDS QUEEN CLUBS ACE,0.2498,0.0596,0.6906
HEARTS TWO CLUBS QUEEN,0.6428,0.0056,0.3516
DIAMONDS QUEEN CLUBS QUEEN,0.2932,0.0014,0.7054
HEARTS TWO CLUBS KING,0.637,0.005,0.358
DIAMONDS QUEEN CLUBS KING,0.5712,0.0028,0.426
SPADES EIGHT SPADES FIVE,0.572,0.0062,0.4218
CLUBS TEN HEARTS TWO,0.644,0.0032,0.3528
CLUBS TEN DIAMONDS QUEEN,0.5604,0.0038,0.4358
SPADES NINE SPADES FIVE,0.5808,0.0046,0.4146
HEARTS TWO CLUBS JACK,0.6394,0.004,0.3566
DIAMONDS QUEEN CLUBS JACK,0.5634,0.004,0.4326
SPADES SEVEN SPADES FIVE,0.5834,0.0068,0.4098
DIAMONDS FIVE CLUBS QUEEN,0.6264,0.0038,0.3698
SPADES EIGHT CLUBS ACE,0.2286,0.2208,0.5506
DIAMONDS FIVE CLUBS KING,0.6424,0.0044,0.3532
SPADES EIGHT CLUBS KING,0.5938,0.0038,0.4024
CLUBS ACE DIAMONDS FIVE,0.3732,0.3756,0.2512
SPADES EIGHT CLUBS QUEEN,0.5984,0.0038,0.3978
SPADES EIGHT CLUBS JACK,0.5642,0.0036,0.4322
CLUBS TEN SPADES EIGHT,0.5544,0.0042,0.4414
CLUBS TEN DIAMONDS FIVE,0.6372,0.0036,0.3592
DIAMONDS FIVE CLUBS JACK,0.632,0.0036,0.3644
HEARTS JACK DIAMONDS TEN,0.547,0.0038,0.4492
DIAMONDS TEN HEARTS TEN,0.3126,0.004,0.6834
SPADES ACE CLUBS NINE,0.217,0.1728,0.6102
CLUBS NINE SPADES QUEEN,0.567,0.005,0.428
CLUBS NINE SPADES KING,0.589,0.0038,0.4072
HEARTS SIX HEARTS KING,0.7068,0.0316,0.2616
DIAMONDS KING SPADES SEVEN,0.5964,0.0042,0.3994
HEARTS THREE SPADES SEVEN,0.6408,0.004,0.3552
SPADES KING DIAMONDS SEVEN,0.6076,0.003,0.3894
HEARTS SIX HEARTS QUEEN,0.7068,0.03,0.2632
SPADES QUEEN DIAMONDS SEVEN,0.595,0.0058,0.3992
