opposingHand,winningChance,drawChance,lostChance
SPADES NINE SPADES FIVE
HEARTS FIVE SPADES TEN,0.279,0.0772,0.6438
SPADES JACK HEARTS FIVE,0.267,0.062,0.671
CLUBS EIGHT CLUBS JACK,0.3622,0.0208,0.617
CLUBS EIGHT CLUBS TEN,0.3576,0.0236,0.6188
CLUBS EIGHT CLUBS KING,0.3812,0.0066,0.6122
CLUBS EIGHT CLUBS QUEEN,0.3906,0.0096,0.5998
CLUBS EIGHT CLUBS ACE,0.3776,0.006,0.6164
DIAMONDS TWO DIAMONDS THREE,0.5928,0.0462,0.361
DIAMONDS TWO DIAMONDS FIVE,0.6222,0.0918,0.286
SPADES KING HEARTS FIVE,0.2832,0.037,0.6798
DIAMONDS TWO DIAMONDS FOUR,0.6026,0.0416,0.3558
SPADES QUEEN HEARTS FIVE,0.2868,0.044,0.6692
DIAMONDS TWO DIAMONDS SEVEN,0.5978,0.0374,0.3648
DIAMONDS TWO DIAMONDS SIX,0.5824,0.0398,0.3778
SPADES ACE HEARTS FIVE,0.2788,0.0256,0.6956
DIAMONDS TWO DIAMONDS NINE,0.3526,0.3944,0.253
DIAMONDS TWO DIAMONDS EIGHT,0.5968,0.0426,0.3606
DIAMONDS THREE DIAMONDS FOUR,0.5846,0.039,0.3764
CLUBS TWO SPADES FOUR,0.6336,0.0418,0.3246
DIAMONDS THREE DIAMONDS FIVE,0.586,0.1082,0.3058
CLUBS TWO SPADES TWO,0.4328,0.0788,0.4884
CLUBS TWO SPADES THREE,0.625,0.0456,0.3294
DIAMONDS THREE DIAMONDS EIGHT,0.6012,0.0452,0.3536
SPADES EIGHT CLUBS TWO,0.6308,0.0456,0.3236
DIAMONDS THREE DIAMONDS NINE,0.3338,0.4138,0.2524
DIAMONDS THREE DIAMONDS SIX,0.579,0.0366,0.3844
CLUBS TWO SPADES SIX,0.6268,0.038,0.3352
DIAMONDS THREE DIAMONDS SEVEN,0.5956,0.0362,0.3682
SPADES SEVEN CLUBS TWO,0.6258,0.0494,0.3248
CLUBS SIX CLUBS TWO,0.5974,0.0394,0.3632
CLUBS SEVEN CLUBS TWO,0.6052,0.0402,0.3546
CLUBS FOUR CLUBS TWO,0.5996,0.0442,0.3562
CLUBS FIVE CLUBS TWO,0.6138,0.1042,0.282
CLUBS JACK CLUBS TEN,0.3402,0.0112,0.6486
DIAMONDS FOUR DIAMONDS SIX,0.5706,0.0394,0.39
CLUBS QUEEN CLUBS TEN,0.3394,0.011,0.6496
DIAMONDS FOUR DIAMONDS SEVEN,0.5712,0.0404,0.3884
CLUBS KING CLUBS TEN,0.3534,0.0052,0.6414
CLUBS ACE CLUBS TEN,0.3552,0.0058,0.639
CLUBS EIGHT CLUBS TWO,0.5886,0.0376,0.3738
DIAMONDS FIVE DIAMONDS FOUR,0.6058,0.1028,0.2914
CLUBS NINE CLUBS TWO,0.3496,0.3984,0.252
DIAMONDS NINE DIAMONDS FOUR,0.357,0.3948,0.2482
DIAMONDS EIGHT DIAMONDS FOUR,0.5984,0.039,0.3626
CLUBS TWO CLUBS THREE,0.6038,0.0454,0.3508
DIAMONDS NINE DIAMONDS FIVE,0.0692,0.859,0.0718
DIAMONDS TWO CLUBS JACK,0.4454,0.0162,0.5384
DIAMONDS EIGHT DIAMONDS FIVE,0.633,0.0904,0.2766
DIAMONDS TWO CLUBS TEN,0.4274,0.0258,0.5468
DIAMONDS FIVE DIAMONDS SEVEN,0.6142,0.0954,0.2904
DIAMONDS FIVE DIAMONDS SIX,0.6068,0.0942,0.299
DIAMONDS TWO CLUBS ACE,0.4366,0.0056,0.5578
DIAMONDS TWO CLUBS KING,0.4408,0.008,0.5512
DIAMONDS TWO CLUBS QUEEN,0.4394,0.0134,0.5472
DIAMONDS EIGHT DIAMONDS SIX,0.5496,0.0378,0.4126
DIAMONDS NINE DIAMONDS SIX,0.2552,0.333,0.4118
SPADES THREE HEARTS ACE,0.4234,0.005,0.5716
HEARTS KING SPADES THREE,0.4442,0.0086,0.5472
DIAMONDS SEVEN DIAMONDS SIX,0.5374,0.0418,0.4208
SPADES THREE HEARTS QUEEN,0.4226,0.0118,0.5656
SPADES THREE HEARTS JACK,0.4292,0.0208,0.55
SPADES THREE HEARTS TEN,0.4342,0.022,0.5438
DIAMONDS EIGHT DIAMONDS SEVEN,0.5248,0.0348,0.4404
DIAMONDS NINE DIAMONDS SEVEN,0.2628,0.2648,0.4724
DIAMONDS NINE DIAMONDS EIGHT,0.2552,0.1984,0.5464
DIAMONDS KING HEARTS TEN,0.3736,0.0054,0.621
HEARTS THREE HEARTS TEN,0.398,0.0262,0.5758
CLUBS SIX SPADES JACK,0.3966,0.021,0.5824
DIAMONDS KING HEARTS JACK,0.386,0.0076,0.6064
HEARTS THREE HEARTS JACK,0.4234,0.0164,0.5602
CLUBS SIX SPADES TEN,0.3844,0.0254,0.5902
DIAMONDS KING HEARTS ACE,0.377,0.003,0.62
HEARTS THREE HEARTS ACE,0.4032,0.005,0.5918
SPADES ACE CLUBS SIX,0.3898,0.0044,0.6058
DIAMONDS KING HEARTS QUEEN,0.3802,0.007,0.6128
HEARTS THREE HEARTS QUEEN,0.4188,0.0106,0.5706
SPADES KING CLUBS SIX,0.3962,0.008,0.5958
DIAMONDS KING HEARTS KING,0.1928,0.0138,0.7934
HEARTS THREE HEARTS KING,0.4084,0.0072,0.5844
SPADES QUEEN CLUBS SIX,0.398,0.012,0.59
SPADES JACK CLUBS TEN,0.3474,0.0158,0.6368
SPADES TEN CLUBS TEN,0.1802,0.0398,0.78
SPADES ACE CLUBS TEN,0.3648,0.0052,0.63
SPADES KING CLUBS TEN,0.3576,0.0082,0.6342
SPADES QUEEN CLUBS TEN,0.352,0.011,0.637
CLUBS EIGHT SPADES TEN,0.3594,0.0252,0.6154
HEARTS THREE SPADES JACK,0.4394,0.0204,0.5402
SPADES JACK DIAMONDS KING,0.3608,0.0066,0.6326
SPADES TEN DIAMONDS KING,0.3634,0.0112,0.6254
HEARTS THREE SPADES TEN,0.4276,0.0278,0.5446
CLUBS EIGHT SPADES JACK,0.365,0.016,0.619
SPADES ACE CLUBS EIGHT,0.4004,0.0054,0.5942
HEARTS FIVE CLUBS JACK,0.2932,0.0574,0.6494
CLUBS SIX HEARTS ACE,0.4128,0.005,0.5822
HEARTS FIVE CLUBS TEN,0.3024,0.072,0.6256
CLUBS EIGHT SPADES QUEEN,0.3858,0.011,0.6032
SPADES THREE CLUBS TEN,0.4252,0.028,0.5468
CLUBS SIX HEARTS QUEEN,0.4146,0.0096,0.5758
CLUBS EIGHT SPADES KING,0.4028,0.0088,0.5884
SPADES THREE CLUBS JACK,0.4344,0.0156,0.55
CLUBS SIX HEARTS KING,0.4088,0.0068,0.5844
DIAMONDS TWO HEARTS JACK,0.4462,0.0166,0.5372
SPADES THREE CLUBS QUEEN,0.4396,0.0138,0.5466
DIAMONDS TWO HEARTS TEN,0.4414,0.0282,0.5304
SPADES THREE CLUBS KING,0.4396,0.0086,0.5518
HEARTS FIVE CLUBS ACE,0.2986,0.021,0.6804
SPADES THREE CLUBS ACE,0.4232,0.0062,0.5706
HEARTS FIVE CLUBS KING,0.3056,0.0308,0.6636
HEARTS FIVE CLUBS QUEEN,0.3106,0.0418,0.6476
HEARTS THREE CLUBS KING,0.4456,0.007,0.5474
DIAMONDS KING CLUBS KING,0.1924,0.0134,0.7942
HEARTS THREE CLUBS QUEEN,0.4316,0.0136,0.5548
DIAMONDS KING CLUBS QUEEN,0.3864,0.0074,0.6062
HEARTS FIVE HEARTS JACK,0.2808,0.0566,0.6626
HEARTS FIVE HEARTS TEN,0.2842,0.0746,0.6412
HEARTS THREE CLUBS ACE,0.4278,0.0032,0.569
DIAMONDS KING CLUBS ACE,0.3916,0.0054,0.603
SPADES ACE CLUBS QUEEN,0.3578,0.006,0.6362
SPADES KING CLUBS QUEEN,0.3758,0.0056,0.6186
HEARTS THREE CLUBS JACK,0.4434,0.018,0.5386
DIAMONDS KING CLUBS JACK,0.378,0.0048,0.6172
SPADES QUEEN CLUBS QUEEN,0.1892,0.0184,0.7924
HEARTS THREE CLUBS TEN,0.4398,0.027,0.5332
DIAMONDS KING CLUBS TEN,0.3562,0.0074,0.6364
SPADES JACK CLUBS QUEEN,0.3618,0.0096,0.6286
CLUBS SIX CLUBS QUEEN,0.3912,0.0118,0.597
SPADES TEN CLUBS QUEEN,0.3572,0.0108,0.632
CLUBS SIX CLUBS KING,0.3846,0.008,0.6074
CLUBS SIX CLUBS ACE,0.3816,0.0064,0.612
HEARTS FIVE HEARTS KING,0.2908,0.0346,0.6746
HEARTS FIVE HEARTS QUEEN,0.284,0.0406,0.6754
CLUBS SIX CLUBS TEN,0.372,0.026,0.602
HEARTS FIVE HEARTS ACE,0.2836,0.0216,0.6948
CLUBS SIX CLUBS JACK,0.3856,0.0176,0.5968
SPADES SEVEN HEARTS JACK,0.3974,0.0172,0.5854
SPADES SEVEN HEARTS TEN,0.3848,0.0278,0.5874
DIAMONDS TWO CLUBS TWO,0.427,0.0778,0.4952
DIAMONDS TWO CLUBS THREE,0.6274,0.0412,0.3314
HEARTS SIX DIAMONDS TWO,0.6316,0.0418,0.3266
DIAMONDS TWO HEARTS QUEEN,0.4446,0.0114,0.544
DIAMONDS TWO HEARTS SEVEN,0.6474,0.0388,0.3138
DIAMONDS TWO HEARTS KING,0.4534,0.0088,0.5378
DIAMONDS TWO HEARTS EIGHT,0.6348,0.043,0.3222
DIAMONDS TWO HEARTS ACE,0.4272,0.005,0.5678
DIAMONDS TWO HEARTS NINE,0.369,0.4222,0.2088
DIAMONDS TWO DIAMONDS QUEEN,0.4132,0.01,0.5768
DIAMONDS TWO HEARTS TWO,0.4316,0.0816,0.4868
DIAMONDS TWO DIAMONDS KING,0.4228,0.0092,0.568
HEARTS THREE DIAMONDS TWO,0.634,0.0436,0.3224
DIAMONDS TWO DIAMONDS ACE,0.4054,0.0048,0.5898
HEARTS FOUR DIAMONDS TWO,0.6398,0.045,0.3152
DIAMONDS TWO HEARTS FIVE,0.6526,0.104,0.2434
SPADES SEVEN HEARTS ACE,0.3892,0.0034,0.6074
DIAMONDS TWO DIAMONDS TEN,0.4106,0.023,0.5664
SPADES SEVEN HEARTS KING,0.393,0.0094,0.5976
DIAMONDS TWO DIAMONDS JACK,0.4122,0.0182,0.5696
SPADES SEVEN HEARTS QUEEN,0.3956,0.0146,0.5898
DIAMONDS TWO SPADES EIGHT,0.6376,0.04,0.3224
DIAMONDS TWO SPADES SEVEN,0.6402,0.045,0.3148
DIAMONDS TWO SPADES SIX,0.609,0.0476,0.3434
DIAMONDS TWO SPADES FOUR,0.6344,0.0484,0.3172
DIAMONDS TWO SPADES THREE,0.6264,0.0488,0.3248
DIAMONDS TWO SPADES TWO,0.4182,0.0814,0.5004
CLUBS NINE DIAMONDS TWO,0.3664,0.4442,0.1894
CLUBS EIGHT DIAMONDS TWO,0.6404,0.0446,0.315
DIAMONDS TWO CLUBS SEVEN,0.6404,0.041,0.3186
CLUBS SIX DIAMONDS TWO,0.6258,0.0424,0.3318
DIAMONDS TWO CLUBS FIVE,0.6612,0.1086,0.2302
DIAMONDS TWO CLUBS FOUR,0.643,0.0454,0.3116
CLUBS FOUR SPADES FOUR,0.406,0.0828,0.5112
CLUBS FOUR SPADES THREE,0.6026,0.0438,0.3536
CLUBS FOUR SPADES TWO,0.6428,0.0414,0.3158
CLUBS FOUR SPADES EIGHT,0.636,0.039,0.325
CLUBS FOUR SPADES SEVEN,0.6142,0.0402,0.3456
CLUBS FOUR SPADES SIX,0.5946,0.0398,0.3656
SPADES ACE DIAMONDS SIX,0.381,0.0052,0.6138
SPADES QUEEN DIAMONDS SIX,0.3912,0.0112,0.5976
SPADES KING DIAMONDS SIX,0.3998,0.0088,0.5914
SPADES TEN DIAMONDS SIX,0.3984,0.024,0.5776
SPADES JACK DIAMONDS SIX,0.393,0.0182,0.5888
SPADES QUEEN SPADES TWO,0.3888,0.0128,0.5984
SPADES KING SPADES TWO,0.3876,0.0084,0.604
SPADES ACE SPADES TWO,0.3808,0.0072,0.612
DIAMONDS JACK CLUBS JACK,0.1982,0.03,0.7718
DIAMONDS JACK CLUBS TEN,0.3576,0.0116,0.6308
DIAMONDS JACK CLUBS KING,0.3834,0.0086,0.608
DIAMONDS JACK CLUBS QUEEN,0.377,0.0092,0.6138
DIAMONDS THREE DIAMONDS JACK,0.4162,0.0204,0.5634
DIAMONDS THREE DIAMONDS TEN,0.4216,0.0232,0.5552
DIAMONDS JACK CLUBS ACE,0.3812,0.0046,0.6142
DIAMONDS THREE DIAMONDS KING,0.416,0.009,0.575
HEARTS THREE DIAMONDS THREE,0.4206,0.081,0.4984
DIAMONDS THREE DIAMONDS QUEEN,0.4166,0.012,0.5714
DIAMONDS THREE HEARTS TWO,0.6316,0.047,0.3214
HEARTS FIVE DIAMONDS THREE,0.6402,0.1032,0.2566
DIAMONDS THREE DIAMONDS ACE,0.406,0.0076,0.5864
HEARTS FOUR DIAMONDS THREE,0.6198,0.044,0.3362
DIAMONDS THREE HEARTS SEVEN,0.6156,0.042,0.3424
HEARTS SIX DIAMONDS THREE,0.6156,0.0424,0.342
DIAMONDS THREE HEARTS NINE,0.364,0.4412,0.1948
HEARTS JACK DIAMONDS FOUR,0.4446,0.0186,0.5368
HEARTS KING HEARTS ACE,0.3594,0.0054,0.6352
SPADES TEN SPADES TWO,0.4052,0.0218,0.573
DIAMONDS THREE HEARTS EIGHT,0.6592,0.0374,0.3034
HEARTS TEN DIAMONDS FOUR,0.4442,0.0224,0.5334
SPADES JACK SPADES TWO,0.3792,0.0198,0.601
HEARTS QUEEN DIAMONDS FOUR,0.432,0.0116,0.5564
HEARTS KING DIAMONDS FOUR,0.4366,0.007,0.5564
HEARTS ACE DIAMONDS FOUR,0.4292,0.0046,0.5662
DIAMONDS THREE SPADES EIGHT,0.6352,0.0398,0.325
DIAMONDS THREE SPADES SEVEN,0.6198,0.0402,0.34
DIAMONDS THREE SPADES SIX,0.6146,0.0462,0.3392
CLUBS SIX DIAMONDS THREE,0.6336,0.039,0.3274
CLUBS ACE DIAMONDS FOUR,0.4188,0.0036,0.5776
CLUBS SIX CLUBS FIVE,0.58,0.1084,0.3116
CLUBS SEVEN CLUBS FIVE,0.6028,0.0962,0.301
CLUBS SEVEN DIAMONDS THREE,0.629,0.0444,0.3266
DIAMONDS THREE CLUBS FOUR,0.6106,0.0452,0.3442
CLUBS QUEEN DIAMONDS FOUR,0.439,0.0136,0.5474
DIAMONDS THREE CLUBS FIVE,0.64,0.1108,0.2492
CLUBS KING DIAMONDS FOUR,0.4442,0.0102,0.5456
DIAMONDS THREE CLUBS TWO,0.6322,0.0476,0.3202
DIAMONDS FOUR CLUBS TEN,0.442,0.0264,0.5316
DIAMONDS THREE CLUBS THREE,0.426,0.0792,0.4948
DIAMONDS FOUR CLUBS JACK,0.4426,0.0204,0.537
DIAMONDS THREE SPADES FOUR,0.6088,0.046,0.3452
DIAMONDS THREE SPADES TWO,0.631,0.0472,0.3218
DIAMONDS THREE SPADES THREE,0.3924,0.083,0.5246
CLUBS EIGHT DIAMONDS THREE,0.6338,0.0408,0.3254
CLUBS NINE DIAMONDS THREE,0.3678,0.418,0.2142
SPADES SEVEN CLUBS ACE,0.3972,0.005,0.5978
SPADES SEVEN CLUBS QUEEN,0.394,0.013,0.593
SPADES SEVEN CLUBS KING,0.401,0.008,0.591
CLUBS FIVE SPADES SEVEN,0.6326,0.109,0.2584
SPADES SEVEN CLUBS TEN,0.3756,0.0302,0.5942
CLUBS FIVE SPADES SIX,0.6346,0.1002,0.2652
SPADES SEVEN CLUBS JACK,0.3942,0.0182,0.5876
SPADES EIGHT CLUBS FIVE,0.6576,0.1086,0.2338
CLUBS FIVE SPADES THREE,0.6204,0.117,0.2626
CLUBS FIVE SPADES TWO,0.648,0.1154,0.2366
CLUBS FIVE SPADES FOUR,0.635,0.1064,0.2586
CLUBS NINE CLUBS FIVE,0.076,0.8474,0.0766
CLUBS EIGHT CLUBS FIVE,0.621,0.1016,0.2774
CLUBS ACE CLUBS QUEEN,0.3598,0.0046,0.6356
CLUBS KING CLUBS QUEEN,0.3448,0.0068,0.6484
DIAMONDS TEN DIAMONDS FOUR,0.396,0.0236,0.5804
DIAMONDS NINE CLUBS TEN,0.2658,0.0686,0.6656
DIAMONDS JACK DIAMONDS FOUR,0.4008,0.0184,0.5808
DIAMONDS NINE CLUBS JACK,0.292,0.0582,0.6498
DIAMONDS ACE DIAMONDS FOUR,0.4032,0.0056,0.5912
HEARTS FOUR DIAMONDS FOUR,0.4338,0.0742,0.492
DIAMONDS JACK HEARTS TEN,0.358,0.0128,0.6292
DIAMONDS TWO SPADES TEN,0.4286,0.0284,0.543
DIAMONDS NINE CLUBS ACE,0.2962,0.0222,0.6816
HEARTS FIVE DIAMONDS FOUR,0.6422,0.1026,0.2552
HEARTS JACK DIAMONDS JACK,0.1918,0.0268,0.7814
DIAMONDS TWO SPADES JACK,0.44,0.016,0.544
DIAMONDS QUEEN DIAMONDS FOUR,0.4166,0.0156,0.5678
HEARTS TWO DIAMONDS FOUR,0.6312,0.0416,0.3272
DIAMONDS NINE CLUBS QUEEN,0.2914,0.0464,0.6622
DIAMONDS KING DIAMONDS FOUR,0.415,0.006,0.579
HEARTS THREE DIAMONDS FOUR,0.6148,0.0426,0.3426
DIAMONDS NINE CLUBS KING,0.2968,0.0374,0.6658
HEARTS ACE DIAMONDS JACK,0.3814,0.005,0.6136
SPADES ACE DIAMONDS TWO,0.4046,0.006,0.5894
DIAMONDS JACK HEARTS QUEEN,0.3666,0.009,0.6244
SPADES QUEEN DIAMONDS TWO,0.4262,0.0112,0.5626
HEARTS KING DIAMONDS JACK,0.3796,0.0048,0.6156
SPADES KING DIAMONDS TWO,0.4328,0.0112,0.556
SPADES JACK SPADES SEVEN,0.3404,0.0188,0.6408
SPADES TEN SPADES SEVEN,0.3308,0.0256,0.6436
CLUBS SEVEN CLUBS THREE,0.6022,0.0364,0.3614
CLUBS SIX CLUBS THREE,0.584,0.0408,0.3752
CLUBS FIVE CLUBS THREE,0.6012,0.1002,0.2986
CLUBS FOUR CLUBS THREE,0.5894,0.0402,0.3704
CLUBS NINE CLUBS THREE,0.3464,0.394,0.2596
CLUBS EIGHT CLUBS THREE,0.6038,0.0406,0.3556
CLUBS THREE SPADES FOUR,0.6176,0.0404,0.342
CLUBS THREE SPADES THREE,0.4116,0.0834,0.505
CLUBS THREE SPADES TWO,0.6406,0.0398,0.3196
SPADES SIX CLUBS THREE,0.6054,0.047,0.3476
SPADES SEVEN CLUBS THREE,0.6316,0.0428,0.3256
SPADES EIGHT CLUBS THREE,0.6316,0.041,0.3274
SPADES TWO DIAMONDS FOUR,0.642,0.0416,0.3164
SPADES THREE DIAMONDS FOUR,0.6136,0.0428,0.3436
SPADES FOUR DIAMONDS FOUR,0.4154,0.0754,0.5092
SPADES SIX DIAMONDS FOUR,0.6092,0.0466,0.3442
SPADES SEVEN DIAMONDS FOUR,0.6206,0.0456,0.3338
SPADES EIGHT DIAMONDS FOUR,0.6256,0.0384,0.336
CLUBS FIVE DIAMONDS FOUR,0.6392,0.1002,0.2606
CLUBS FOUR DIAMONDS FOUR,0.4204,0.0794,0.5002
CLUBS SEVEN DIAMONDS FOUR,0.616,0.0386,0.3454
CLUBS SIX DIAMONDS FOUR,0.6046,0.0448,0.3506
CLUBS NINE DIAMONDS FOUR,0.371,0.4322,0.1968
CLUBS EIGHT DIAMONDS FOUR,0.6322,0.0414,0.3264
DIAMONDS FOUR HEARTS SEVEN,0.6274,0.0412,0.3314
HEARTS SIX DIAMONDS FOUR,0.6116,0.0424,0.346
HEARTS NINE DIAMONDS FOUR,0.3754,0.4258,0.1988
DIAMONDS FOUR HEARTS EIGHT,0.6202,0.042,0.3378
CLUBS THREE DIAMONDS FOUR,0.6334,0.0414,0.3252
CLUBS TWO DIAMONDS FOUR,0.6448,0.0442,0.311
DIAMONDS TEN DIAMONDS FIVE,0.277,0.0728,0.6502
DIAMONDS JACK DIAMONDS FIVE,0.2858,0.0564,0.6578
DIAMONDS NINE HEARTS QUEEN,0.2866,0.0416,0.6718
HEARTS KING DIAMONDS NINE,0.2938,0.0342,0.672
DIAMONDS NINE HEARTS ACE,0.2858,0.0218,0.6924
DIAMONDS NINE HEARTS TEN,0.271,0.072,0.657
DIAMONDS NINE HEARTS JACK,0.2954,0.0592,0.6454
CLUBS KING DIAMONDS SIX,0.4,0.0102,0.5898
CLUBS QUEEN DIAMONDS SIX,0.4032,0.0118,0.585
CLUBS ACE DIAMONDS SIX,0.4082,0.0032,0.5886
SPADES KING DIAMONDS FOUR,0.4496,0.008,0.5424
SPADES ACE SPADES SEVEN,0.355,0.005,0.64
SPADES QUEEN DIAMONDS FOUR,0.4242,0.0098,0.566
SPADES QUEEN SPADES SEVEN,0.353,0.0124,0.6346
CLUBS JACK DIAMONDS SIX,0.414,0.014,0.572
SPADES KING SPADES SEVEN,0.3482,0.0086,0.6432
SPADES ACE DIAMONDS FOUR,0.4038,0.0058,0.5904
CLUBS TEN DIAMONDS SIX,0.4036,0.0246,0.5718
CLUBS NINE CLUBS FOUR,0.3462,0.4052,0.2486
CLUBS EIGHT CLUBS FOUR,0.5866,0.0432,0.3702
SPADES JACK DIAMONDS FOUR,0.4254,0.0168,0.5578
SPADES TEN DIAMONDS FOUR,0.4168,0.0322,0.551
CLUBS FOUR CLUBS FIVE,0.606,0.1028,0.2912
CLUBS SEVEN CLUBS FOUR,0.5742,0.041,0.3848
CLUBS SIX CLUBS FOUR,0.572,0.0392,0.3888
CLUBS SEVEN SPADES EIGHT,0.5468,0.042,0.4112
CLUBS SEVEN SPADES SIX,0.5618,0.0412,0.397
CLUBS SEVEN SPADES SEVEN,0.3038,0.066,0.6302
CLUBS SEVEN SPADES FOUR,0.6174,0.0452,0.3374
CLUBS SEVEN SPADES THREE,0.6256,0.0418,0.3326
CLUBS SEVEN SPADES TWO,0.6406,0.0418,0.3176
CLUBS NINE CLUBS SEVEN,0.2592,0.264,0.4768
CLUBS EIGHT CLUBS SEVEN,0.5348,0.0326,0.4326
HEARTS SIX DIAMONDS FIVE,0.626,0.106,0.268
DIAMONDS FIVE HEARTS SEVEN,0.6492,0.1014,0.2494
DIAMONDS FIVE HEARTS EIGHT,0.656,0.1036,0.2404
HEARTS NINE DIAMONDS FIVE,0.0738,0.9056,0.0206
DIAMONDS QUEEN DIAMONDS FIVE,0.2724,0.0456,0.682
HEARTS TWO DIAMONDS FIVE,0.6488,0.1136,0.2376
HEARTS KING HEARTS EIGHT,0.374,0.0078,0.6182
DIAMONDS KING DIAMONDS FIVE,0.2808,0.0376,0.6816
HEARTS THREE DIAMONDS FIVE,0.6416,0.112,0.2464
HEARTS QUEEN HEARTS EIGHT,0.389,0.0086,0.6024
DIAMONDS ACE DIAMONDS FIVE,0.2758,0.0222,0.702
HEARTS FOUR DIAMONDS FIVE,0.6388,0.106,0.2552
HEARTS FIVE DIAMONDS FIVE,0.33,0.0616,0.6084
HEARTS ACE HEARTS EIGHT,0.3812,0.0044,0.6144
CLUBS FOUR DIAMONDS FIVE,0.631,0.1136,0.2554
CLUBS FIVE DIAMONDS FIVE,0.319,0.0586,0.6224
CLUBS SIX DIAMONDS FIVE,0.6328,0.106,0.2612
CLUBS SEVEN DIAMONDS FIVE,0.6522,0.0974,0.2504
CLUBS TWO DIAMONDS FIVE,0.6418,0.1094,0.2488
CLUBS THREE DIAMONDS FIVE,0.6262,0.1066,0.2672
SPADES THREE DIAMONDS FIVE,0.6284,0.1102,0.2614
SPADES TWO DIAMONDS FIVE,0.6482,0.1142,0.2376
SPADES JACK DIAMONDS EIGHT,0.3838,0.0156,0.6006
HEARTS JACK CLUBS TEN,0.368,0.0116,0.6204
SPADES TEN DIAMONDS EIGHT,0.3796,0.0246,0.5958
SPADES FOUR DIAMONDS FIVE,0.6256,0.1154,0.259
HEARTS JACK CLUBS JACK,0.202,0.026,0.772
HEARTS JACK CLUBS QUEEN,0.3688,0.0088,0.6224
CLUBS NINE DIAMONDS FIVE,0.0682,0.9098,0.022
HEARTS JACK CLUBS KING,0.371,0.0072,0.6218
CLUBS EIGHT DIAMONDS FIVE,0.6662,0.099,0.2348
HEARTS JACK CLUBS ACE,0.3806,0.004,0.6154
SPADES SEVEN DIAMONDS FIVE,0.6466,0.0958,0.2576
SPADES KING DIAMONDS EIGHT,0.4044,0.0086,0.587
SPADES SIX DIAMONDS FIVE,0.6286,0.105,0.2664
SPADES QUEEN DIAMONDS EIGHT,0.3936,0.0096,0.5968
SPADES EIGHT DIAMONDS FIVE,0.6606,0.1006,0.2388
SPADES ACE DIAMONDS EIGHT,0.3928,0.0048,0.6024
DIAMONDS TEN DIAMONDS SIX,0.3736,0.0264,0.6
HEARTS ACE DIAMONDS SEVEN,0.4066,0.0056,0.5878
DIAMONDS JACK DIAMONDS SIX,0.3982,0.0172,0.5846
HEARTS QUEEN DIAMONDS SEVEN,0.411,0.0128,0.5762
HEARTS KING DIAMONDS SEVEN,0.4082,0.008,0.5838
DIAMONDS ACE DIAMONDS SIX,0.3794,0.0056,0.615
HEARTS FOUR DIAMONDS SIX,0.6072,0.042,0.3508
SPADES TWO HEARTS JACK,0.421,0.015,0.564
HEARTS FIVE DIAMONDS SIX,0.6396,0.0964,0.264
SPADES TWO HEARTS TEN,0.438,0.0252,0.5368
DIAMONDS QUEEN DIAMONDS SIX,0.3888,0.0138,0.5974
HEARTS TWO DIAMONDS SIX,0.6292,0.0486,0.3222
DIAMONDS KING DIAMONDS SIX,0.3876,0.0076,0.6048
HEARTS THREE DIAMONDS SIX,0.6128,0.0422,0.345
HEARTS EIGHT DIAMONDS SIX,0.5706,0.0424,0.387
HEARTS NINE DIAMONDS SIX,0.2752,0.3534,0.3714
HEARTS SIX DIAMONDS SIX,0.3262,0.0648,0.609
HEARTS SEVEN DIAMONDS SIX,0.5556,0.0396,0.4048
HEARTS TEN DIAMONDS SEVEN,0.3854,0.029,0.5856
CLUBS TWO DIAMONDS SIX,0.6342,0.0396,0.3262
HEARTS JACK DIAMONDS SEVEN,0.3908,0.0158,0.5934
CLUBS THREE DIAMONDS SIX,0.6156,0.0408,0.3436
DIAMONDS EIGHT CLUBS JACK,0.3898,0.0166,0.5936
CLUBS SEVEN DIAMONDS SIX,0.5668,0.0388,0.3944
CLUBS SIX DIAMONDS SIX,0.3112,0.0694,0.6194
DIAMONDS EIGHT CLUBS TEN,0.37,0.024,0.606
CLUBS FIVE DIAMONDS SIX,0.6266,0.0942,0.2792
CLUBS FOUR DIAMONDS SIX,0.597,0.0474,0.3556
HEARTS ACE HEARTS JACK,0.3692,0.0054,0.6254
DIAMONDS EIGHT CLUBS ACE,0.4042,0.007,0.5888
HEARTS JACK HEARTS QUEEN,0.3422,0.0088,0.649
DIAMONDS EIGHT CLUBS KING,0.4018,0.008,0.5902
CLUBS NINE DIAMONDS SIX,0.2656,0.3476,0.3868
HEARTS KING HEARTS JACK,0.3726,0.0042,0.6232
DIAMONDS EIGHT CLUBS QUEEN,0.3992,0.0128,0.588
CLUBS EIGHT DIAMONDS SIX,0.5766,0.0376,0.3858
SPADES TEN HEARTS KING,0.3602,0.0088,0.631
HEARTS ACE SPADES TWO,0.4184,0.004,0.5776
SPADES JACK HEARTS KING,0.3734,0.0084,0.6182
SPADES FOUR DIAMONDS SIX,0.5908,0.0458,0.3634
SPADES THREE DIAMONDS SIX,0.6148,0.0388,0.3464
SPADES TWO HEARTS QUEEN,0.4526,0.0116,0.5358
SPADES ACE SPADES KING,0.3178,0.0058,0.6764
HEARTS KING SPADES TWO,0.4344,0.008,0.5576
SPADES TWO DIAMONDS SIX,0.6398,0.0416,0.3186
HEARTS TEN HEARTS EIGHT,0.352,0.0234,0.6246
HEARTS JACK HEARTS EIGHT,0.371,0.0172,0.6118
SPADES EIGHT DIAMONDS SIX,0.5656,0.0408,0.3936
SPADES SEVEN DIAMONDS SIX,0.5626,0.0426,0.3948
SPADES SIX DIAMONDS SIX,0.301,0.071,0.628
SPADES KING HEARTS KING,0.182,0.012,0.806
SPADES QUEEN HEARTS KING,0.3744,0.0064,0.6192
CLUBS ACE CLUBS KING,0.36,0.0054,0.6346
SPADES ACE HEARTS KING,0.3596,0.0048,0.6356
SPADES ACE HEARTS JACK,0.3556,0.0056,0.6388
SPADES QUEEN HEARTS JACK,0.3428,0.0094,0.6478
SPADES KING HEARTS JACK,0.3642,0.0076,0.6282
SPADES TEN DIAMONDS TEN,0.1862,0.0408,0.773
SPADES JACK DIAMONDS TEN,0.3476,0.015,0.6374
SPADES ACE DIAMONDS TEN,0.3534,0.0046,0.642
SPADES JACK HEARTS JACK,0.186,0.0292,0.7848
SPADES TEN HEARTS JACK,0.348,0.0154,0.6366
SPADES QUEEN DIAMONDS TEN,0.3548,0.0064,0.6388
SPADES KING DIAMONDS TEN,0.3522,0.008,0.6398
SPADES EIGHT DIAMONDS SEVEN,0.5694,0.0408,0.3898
SPADES SEVEN DIAMONDS SEVEN,0.3122,0.068,0.6198
SPADES SIX DIAMONDS SEVEN,0.5468,0.0412,0.412
DIAMONDS KING DIAMONDS SEVEN,0.3786,0.0052,0.6162
HEARTS THREE DIAMONDS SEVEN,0.625,0.0404,0.3346
HEARTS KING DIAMONDS FIVE,0.3014,0.0358,0.6628
DIAMONDS QUEEN DIAMONDS SEVEN,0.3882,0.0084,0.6034
HEARTS TWO DIAMONDS SEVEN,0.6376,0.0392,0.3232
HEARTS QUEEN DIAMONDS FIVE,0.2942,0.0472,0.6586
HEARTS FIVE DIAMONDS SEVEN,0.652,0.0998,0.2482
DIAMONDS ACE DIAMONDS SEVEN,0.383,0.0048,0.6122
HEARTS FOUR DIAMONDS SEVEN,0.6312,0.0472,0.3216
HEARTS ACE DIAMONDS FIVE,0.29,0.0212,0.6888
HEARTS SEVEN DIAMONDS SEVEN,0.3122,0.0698,0.618
HEARTS SIX DIAMONDS SEVEN,0.5778,0.0408,0.3814
HEARTS NINE DIAMONDS SEVEN,0.2586,0.2752,0.4662
DIAMONDS SEVEN HEARTS EIGHT,0.5534,0.0408,0.4058
DIAMONDS JACK DIAMONDS SEVEN,0.3658,0.019,0.6152
HEARTS JACK DIAMONDS FIVE,0.2986,0.0626,0.6388
DIAMONDS TEN DIAMONDS SEVEN,0.3552,0.0228,0.622
DIAMONDS FIVE HEARTS TEN,0.305,0.0794,0.6156
SPADES KING CLUBS TWO,0.4248,0.0086,0.5666
HEARTS KING CLUBS KING,0.1956,0.0128,0.7916
CLUBS EIGHT DIAMONDS SEVEN,0.5628,0.0386,0.3986
SPADES QUEEN CLUBS TWO,0.4354,0.01,0.5546
HEARTS KING CLUBS QUEEN,0.3942,0.0068,0.599
CLUBS NINE DIAMONDS SEVEN,0.2686,0.2798,0.4516
SPADES TWO CLUBS JACK,0.4452,0.0166,0.5382
SPADES ACE CLUBS TWO,0.423,0.006,0.571
SPADES TWO CLUBS TEN,0.4368,0.0254,0.5378
HEARTS KING CLUBS ACE,0.3866,0.0042,0.6092
CLUBS SIX CLUBS SEVEN,0.5288,0.0398,0.4314
SPADES TWO CLUBS KING,0.4448,0.0076,0.5476
SPADES TWO DIAMONDS SEVEN,0.6232,0.0424,0.3344
CLUBS EIGHT CLUBS SIX,0.544,0.037,0.419
SPADES THREE DIAMONDS SEVEN,0.6054,0.0474,0.3472
SPADES TWO CLUBS QUEEN,0.4444,0.0124,0.5432
CLUBS NINE CLUBS SIX,0.246,0.3344,0.4196
SPADES FOUR DIAMONDS SEVEN,0.6134,0.0442,0.3424
HEARTS KING CLUBS JACK,0.3752,0.0048,0.62
SPADES TWO CLUBS ACE,0.4204,0.005,0.5746
HEARTS KING CLUBS TEN,0.3638,0.0076,0.6286
CLUBS SIX SPADES TWO,0.6336,0.0448,0.3216
CLUBS SIX SPADES THREE,0.615,0.0402,0.3448
CLUBS TWO DIAMONDS SEVEN,0.639,0.0398,0.3212
CLUBS SIX SPADES FOUR,0.603,0.0358,0.3612
CLUBS THREE DIAMONDS SEVEN,0.6132,0.049,0.3378
CLUBS FOUR DIAMONDS SEVEN,0.6228,0.0396,0.3376
CLUBS SIX SPADES SIX,0.3142,0.0756,0.6102
CLUBS FIVE DIAMONDS SEVEN,0.6502,0.0978,0.252
CLUBS SIX SPADES SEVEN,0.5646,0.0402,0.3952
CLUBS SIX DIAMONDS SEVEN,0.5616,0.0394,0.399
CLUBS SIX SPADES EIGHT,0.5556,0.0372,0.4072
SPADES JACK CLUBS TWO,0.4342,0.0212,0.5446
SPADES TEN CLUBS TWO,0.4256,0.026,0.5484
CLUBS SEVEN DIAMONDS SEVEN,0.313,0.0662,0.6208
CLUBS TWO CLUBS QUEEN,0.4246,0.0122,0.5632
CLUBS TWO CLUBS KING,0.4118,0.0082,0.58
CLUBS THREE DIAMONDS EIGHT,0.6286,0.044,0.3274
CLUBS TWO CLUBS ACE,0.4066,0.0052,0.5882
CLUBS TWO DIAMONDS EIGHT,0.6414,0.043,0.3156
DIAMONDS EIGHT HEARTS SEVEN,0.5672,0.039,0.3938
HEARTS SIX DIAMONDS EIGHT,0.5692,0.0382,0.3926
DIAMONDS EIGHT HEARTS NINE,0.2726,0.2074,0.52
CLUBS TWO CLUBS TEN,0.414,0.0266,0.5594
DIAMONDS EIGHT HEARTS EIGHT,0.3034,0.0594,0.6372
CLUBS TWO CLUBS JACK,0.4206,0.0172,0.5622
CLUBS NINE DIAMONDS EIGHT,0.265,0.2148,0.5202
CLUBS EIGHT DIAMONDS EIGHT,0.306,0.0582,0.6358
CLUBS FIVE DIAMONDS EIGHT,0.6622,0.097,0.2408
SPADES ACE SPADES THREE,0.3706,0.0046,0.6248
CLUBS FOUR DIAMONDS EIGHT,0.6178,0.037,0.3452
SPADES QUEEN SPADES THREE,0.393,0.0118,0.5952
CLUBS SEVEN DIAMONDS EIGHT,0.5742,0.0366,0.3892
CLUBS SIX DIAMONDS EIGHT,0.5672,0.041,0.3918
SPADES KING SPADES THREE,0.386,0.0084,0.6056
DIAMONDS QUEEN DIAMONDS EIGHT,0.39,0.0108,0.5992
HEARTS TWO DIAMONDS EIGHT,0.6316,0.041,0.3274
DIAMONDS KING DIAMONDS EIGHT,0.388,0.0086,0.6034
HEARTS THREE DIAMONDS EIGHT,0.6396,0.0428,0.3176
DIAMONDS ACE DIAMONDS EIGHT,0.3852,0.002,0.6128
HEARTS FOUR DIAMONDS EIGHT,0.62,0.0388,0.3412
HEARTS FIVE DIAMONDS EIGHT,0.6492,0.1122,0.2386
DIAMONDS EIGHT DIAMONDS TEN,0.3506,0.0226,0.6268
DIAMONDS EIGHT DIAMONDS JACK,0.3592,0.016,0.6248
SPADES JACK SPADES THREE,0.3876,0.0212,0.5912
SPADES TEN SPADES THREE,0.3838,0.029,0.5872
CLUBS FOUR HEARTS ACE,0.43,0.0054,0.5646
CLUBS FOUR HEARTS QUEEN,0.4418,0.0116,0.5466
CLUBS FOUR HEARTS KING,0.4472,0.0086,0.5442
CLUBS SIX HEARTS TEN,0.3948,0.0238,0.5814
CLUBS SIX HEARTS JACK,0.4072,0.0172,0.5756
SPADES FOUR DIAMONDS EIGHT,0.6232,0.0416,0.3352
DIAMONDS EIGHT SPADES TWO,0.6444,0.0462,0.3094
SPADES THREE DIAMONDS EIGHT,0.6484,0.0386,0.313
CLUBS FOUR HEARTS JACK,0.4362,0.0152,0.5486
SPADES EIGHT DIAMONDS EIGHT,0.2974,0.0574,0.6452
SPADES TEN DIAMONDS QUEEN,0.3482,0.012,0.6398
SPADES TEN HEARTS TWO,0.423,0.031,0.546
SPADES JACK HEARTS EIGHT,0.3776,0.0176,0.6048
CLUBS FOUR HEARTS TEN,0.4518,0.026,0.5222
SPADES TEN HEARTS EIGHT,0.3782,0.025,0.5968
SPADES JACK HEARTS TWO,0.4202,0.0228,0.557
SPADES JACK DIAMONDS QUEEN,0.3438,0.0096,0.6466
SPADES SIX DIAMONDS EIGHT,0.586,0.0408,0.3732
SPADES SEVEN DIAMONDS EIGHT,0.5606,0.0406,0.3988
SPADES ACE HEARTS TWO,0.4276,0.0056,0.5668
SPADES ACE DIAMONDS QUEEN,0.3684,0.0036,0.628
SPADES ACE HEARTS EIGHT,0.393,0.0068,0.6002
SPADES KING HEARTS EIGHT,0.3888,0.007,0.6042
SPADES QUEEN HEARTS TWO,0.4164,0.0152,0.5684
SPADES QUEEN DIAMONDS QUEEN,0.1896,0.0222,0.7882
SPADES KING DIAMONDS QUEEN,0.3706,0.0086,0.6208
SPADES KING HEARTS TWO,0.446,0.0084,0.5456
SPADES QUEEN HEARTS EIGHT,0.3818,0.0116,0.6066
CLUBS TWO HEARTS TEN,0.443,0.0292,0.5278
CLUBS TWO HEARTS JACK,0.4468,0.0156,0.5376
SPADES SEVEN DIAMONDS NINE,0.2504,0.2838,0.4658
SPADES SIX DIAMONDS NINE,0.2546,0.3608,0.3846
SPADES EIGHT DIAMONDS NINE,0.258,0.218,0.524
SPADES TEN CLUBS KING,0.3644,0.0072,0.6284
DIAMONDS NINE SPADES THREE,0.3604,0.4242,0.2154
SPADES JACK CLUBS KING,0.361,0.007,0.632
DIAMONDS NINE SPADES TWO,0.3644,0.4288,0.2068
SPADES FOUR DIAMONDS NINE,0.3532,0.4442,0.2026
CLUBS NINE DIAMONDS NINE,0.1514,0.0678,0.7808
CLUBS EIGHT DIAMONDS NINE,0.2728,0.2084,0.5188
CLUBS SIX DIAMONDS NINE,0.2662,0.3662,0.3676
SPADES JACK CLUBS FOUR,0.4284,0.0182,0.5534
SPADES TEN CLUBS FOUR,0.4266,0.0316,0.5418
CLUBS SEVEN DIAMONDS NINE,0.2722,0.2696,0.4582
CLUBS FOUR DIAMONDS NINE,0.367,0.4258,0.2072
CLUBS FIVE DIAMONDS NINE,0.077,0.9052,0.0178
CLUBS TWO DIAMONDS NINE,0.3666,0.433,0.2004
CLUBS THREE DIAMONDS NINE,0.3794,0.4234,0.1972
DIAMONDS NINE HEARTS EIGHT,0.2556,0.2236,0.5208
DIAMONDS NINE HEARTS NINE,0.1422,0.0578,0.8
HEARTS SIX DIAMONDS NINE,0.272,0.3412,0.3868
DIAMONDS NINE HEARTS SEVEN,0.266,0.2782,0.4558
CLUBS EIGHT CLUBS NINE,0.2574,0.2028,0.5398
DIAMONDS ACE DIAMONDS NINE,0.2642,0.022,0.7138
HEARTS FOUR DIAMONDS NINE,0.376,0.4212,0.2028
HEARTS FIVE DIAMONDS NINE,0.0692,0.9152,0.0156
CLUBS TWO HEARTS ACE,0.4334,0.0034,0.5632
SPADES ACE CLUBS FOUR,0.4164,0.006,0.5776
DIAMONDS QUEEN DIAMONDS NINE,0.279,0.0388,0.6822
HEARTS TWO DIAMONDS NINE,0.3676,0.4234,0.209
CLUBS TWO HEARTS KING,0.4578,0.0054,0.5368
SPADES KING CLUBS FOUR,0.4316,0.0088,0.5596
DIAMONDS KING DIAMONDS NINE,0.2812,0.0362,0.6826
HEARTS THREE DIAMONDS NINE,0.3756,0.4264,0.198
CLUBS TWO HEARTS QUEEN,0.4462,0.0084,0.5454
SPADES QUEEN CLUBS FOUR,0.4394,0.0116,0.549
DIAMONDS NINE DIAMONDS JACK,0.279,0.0576,0.6634
DIAMONDS NINE DIAMONDS TEN,0.2572,0.067,0.6758
CLUBS EIGHT SPADES EIGHT,0.294,0.0634,0.6426
CLUBS EIGHT SPADES SEVEN,0.5506,0.045,0.4044
CLUBS EIGHT SPADES SIX,0.5718,0.045,0.3832
CLUBS EIGHT SPADES FOUR,0.6218,0.042,0.3362
CLUBS EIGHT SPADES THREE,0.6338,0.0382,0.328
CLUBS EIGHT SPADES TWO,0.6288,0.0424,0.3288
HEARTS SIX DIAMONDS TEN,0.3956,0.0242,0.5802
DIAMONDS TEN HEARTS SEVEN,0.3856,0.0268,0.5876
DIAMONDS TEN HEARTS EIGHT,0.3808,0.0198,0.5994
CLUBS FOUR CLUBS JACK,0.4114,0.0172,0.5714
DIAMONDS TEN HEARTS NINE,0.2726,0.068,0.6594
CLUBS FOUR CLUBS TEN,0.4126,0.0268,0.5606
CLUBS FOUR CLUBS KING,0.4094,0.0084,0.5822
CLUBS FOUR CLUBS QUEEN,0.4204,0.0106,0.569
CLUBS TWO DIAMONDS TEN,0.443,0.0278,0.5292
CLUBS THREE DIAMONDS TEN,0.4472,0.0286,0.5242
CLUBS FOUR CLUBS ACE,0.4044,0.0048,0.5908
DIAMONDS JACK DIAMONDS TEN,0.3408,0.0124,0.6468
DIAMONDS QUEEN DIAMONDS TEN,0.3488,0.0116,0.6396
HEARTS TWO DIAMONDS TEN,0.4444,0.026,0.5296
DIAMONDS KING DIAMONDS TEN,0.3532,0.0068,0.64
HEARTS THREE DIAMONDS TEN,0.426,0.0306,0.5434
DIAMONDS ACE DIAMONDS TEN,0.3586,0.005,0.6364
HEARTS FOUR DIAMONDS TEN,0.4394,0.0262,0.5344
CLUBS EIGHT HEARTS JACK,0.3874,0.017,0.5956
HEARTS FIVE DIAMONDS TEN,0.2914,0.0748,0.6338
CLUBS EIGHT HEARTS TEN,0.3828,0.0228,0.5944
CLUBS EIGHT HEARTS QUEEN,0.4084,0.0138,0.5778
CLUBS EIGHT HEARTS KING,0.3982,0.0082,0.5936
CLUBS EIGHT HEARTS ACE,0.4094,0.0068,0.5838
CLUBS NINE SPADES THREE,0.362,0.4324,0.2056
CLUBS NINE SPADES TWO,0.3542,0.4476,0.1982
CLUBS NINE SPADES FOUR,0.3558,0.433,0.2112
CLUBS NINE SPADES SEVEN,0.248,0.2866,0.4654
CLUBS NINE SPADES SIX,0.2566,0.3446,0.3988
CLUBS TEN HEARTS EIGHT,0.395,0.0254,0.5796
CLUBS NINE SPADES EIGHT,0.2598,0.2168,0.5234
CLUBS JACK HEARTS EIGHT,0.393,0.017,0.59
CLUBS QUEEN HEARTS EIGHT,0.411,0.0082,0.5808
CLUBS KING HEARTS EIGHT,0.4248,0.0076,0.5676
CLUBS ACE HEARTS EIGHT,0.3962,0.0048,0.599
SPADES KING CLUBS KING,0.1848,0.015,0.8002
SPADES QUEEN CLUBS KING,0.3776,0.0052,0.6172
SPADES ACE CLUBS KING,0.3642,0.007,0.6288
DIAMONDS ACE HEARTS TEN,0.3818,0.0044,0.6138
HEARTS FOUR HEARTS TEN,0.4122,0.0186,0.5692
DIAMONDS ACE HEARTS JACK,0.382,0.0038,0.6142
HEARTS FOUR HEARTS JACK,0.4208,0.0148,0.5644
SPADES KING CLUBS FIVE,0.2844,0.035,0.6806
SPADES QUEEN CLUBS FIVE,0.2932,0.0472,0.6596
SPADES ACE CLUBS FIVE,0.2732,0.0252,0.7016
DIAMONDS JACK HEARTS SEVEN,0.415,0.0158,0.5692
HEARTS SIX DIAMONDS JACK,0.4102,0.0184,0.5714
DIAMONDS JACK HEARTS NINE,0.3038,0.0556,0.6406
DIAMONDS JACK HEARTS EIGHT,0.3896,0.0172,0.5932
DIAMONDS KING DIAMONDS JACK,0.3474,0.0084,0.6442
HEARTS THREE DIAMONDS JACK,0.4334,0.02,0.5466
SPADES FOUR HEARTS ACE,0.412,0.0034,0.5846
SPADES ACE SPADES SIX,0.3532,0.0054,0.6414
DIAMONDS QUEEN DIAMONDS JACK,0.3388,0.008,0.6532
HEARTS TWO DIAMONDS JACK,0.4454,0.018,0.5366
HEARTS FIVE DIAMONDS JACK,0.299,0.0508,0.6502
SPADES FOUR HEARTS QUEEN,0.4408,0.013,0.5462
SPADES QUEEN SPADES SIX,0.3546,0.0148,0.6306
DIAMONDS ACE DIAMONDS JACK,0.3426,0.004,0.6534
HEARTS FOUR DIAMONDS JACK,0.4372,0.019,0.5438
SPADES FOUR HEARTS KING,0.4372,0.009,0.5538
SPADES KING SPADES SIX,0.3532,0.0058,0.641
SPADES TEN SPADES SIX,0.3514,0.027,0.6216
SPADES JACK SPADES SIX,0.3468,0.0178,0.6354
SPADES FOUR DIAMONDS JACK,0.4222,0.0184,0.5594
SPADES TWO DIAMONDS JACK,0.4396,0.0162,0.5442
SPADES THREE DIAMONDS JACK,0.4388,0.0208,0.5404
SPADES ACE DIAMONDS THREE,0.4226,0.0044,0.573
SPADES QUEEN DIAMONDS THREE,0.4408,0.0112,0.548
CLUBS EIGHT DIAMONDS JACK,0.3954,0.0168,0.5878
SPADES KING DIAMONDS THREE,0.4312,0.006,0.5628
CLUBS NINE DIAMONDS JACK,0.2822,0.0598,0.658
CLUBS SIX DIAMONDS JACK,0.4058,0.0166,0.5776
CLUBS SEVEN DIAMONDS JACK,0.3996,0.0164,0.584
CLUBS FOUR DIAMONDS JACK,0.4368,0.019,0.5442
CLUBS FIVE DIAMONDS JACK,0.2924,0.0524,0.6552
CLUBS TWO DIAMONDS JACK,0.4524,0.0186,0.529
CLUBS THREE DIAMONDS JACK,0.4532,0.0168,0.53
SPADES TEN CLUBS FIVE,0.274,0.0774,0.6486
HEARTS SIX SPADES JACK,0.3938,0.0192,0.587
HEARTS SIX SPADES TEN,0.3794,0.0246,0.596
SPADES JACK CLUBS FIVE,0.2624,0.0626,0.675
SPADES JACK DIAMONDS THREE,0.4348,0.019,0.5462
CLUBS SEVEN CLUBS ACE,0.3746,0.0038,0.6216
DIAMONDS THREE SPADES TEN,0.4298,0.027,0.5432
CLUBS SEVEN CLUBS QUEEN,0.3888,0.0112,0.6
CLUBS SEVEN CLUBS KING,0.3926,0.007,0.6004
CLUBS SEVEN CLUBS TEN,0.371,0.0256,0.6034
DIAMONDS ACE HEARTS ACE,0.1788,0.0028,0.8184
HEARTS FOUR HEARTS ACE,0.3938,0.005,0.6012
SPADES EIGHT DIAMONDS JACK,0.3754,0.0182,0.6064
SPADES ACE HEARTS SIX,0.3806,0.006,0.6134
CLUBS SEVEN CLUBS JACK,0.363,0.0156,0.6214
DIAMONDS ACE HEARTS KING,0.3844,0.0054,0.6102
HEARTS FOUR HEARTS KING,0.4188,0.0074,0.5738
SPADES SEVEN DIAMONDS JACK,0.397,0.0198,0.5832
SPADES KING HEARTS SIX,0.3916,0.0078,0.6006
DIAMONDS ACE HEARTS QUEEN,0.3756,0.0034,0.621
HEARTS FOUR HEARTS QUEEN,0.4078,0.0106,0.5816
SPADES SIX DIAMONDS JACK,0.4026,0.0158,0.5816
SPADES QUEEN HEARTS SIX,0.3964,0.0122,0.5914
SPADES TWO DIAMONDS TEN,0.4308,0.0282,0.541
SPADES THREE DIAMONDS TEN,0.4232,0.0292,0.5476
SPADES FOUR DIAMONDS TEN,0.4268,0.0286,0.5446
SPADES SIX DIAMONDS TEN,0.3816,0.0252,0.5932
SPADES SEVEN DIAMONDS TEN,0.3838,0.0226,0.5936
SPADES EIGHT DIAMONDS TEN,0.3744,0.0256,0.6
CLUBS FOUR DIAMONDS TEN,0.4518,0.0236,0.5246
CLUBS FIVE DIAMONDS TEN,0.3006,0.078,0.6214
CLUBS SIX DIAMONDS TEN,0.3972,0.0238,0.579
CLUBS SEVEN DIAMONDS TEN,0.3766,0.0246,0.5988
CLUBS EIGHT DIAMONDS TEN,0.3936,0.0252,0.5812
CLUBS NINE DIAMONDS TEN,0.2662,0.0694,0.6644
DIAMONDS THREE CLUBS JACK,0.4352,0.019,0.5458
DIAMONDS THREE CLUBS TEN,0.4402,0.0258,0.534
DIAMONDS THREE CLUBS KING,0.4312,0.0082,0.5606
DIAMONDS THREE CLUBS QUEEN,0.4436,0.0128,0.5436
DIAMONDS THREE CLUBS ACE,0.4278,0.0054,0.5668
SPADES FOUR HEARTS JACK,0.4392,0.019,0.5418
SPADES FOUR HEARTS TEN,0.4346,0.0296,0.5358
SPADES FOUR SPADES TWO,0.6248,0.0462,0.329
SPADES THREE SPADES TWO,0.627,0.0444,0.3286
SPADES EIGHT SPADES TWO,0.6368,0.0418,0.3214
SPADES SEVEN SPADES TWO,0.6312,0.0436,0.3252
SPADES SIX SPADES TWO,0.6284,0.0416,0.33
DIAMONDS QUEEN CLUBS THREE,0.4356,0.0122,0.5522
HEARTS TWO CLUBS THREE,0.6246,0.044,0.3314
DIAMONDS QUEEN CLUBS TWO,0.4466,0.013,0.5404
CLUBS TWO HEARTS TWO,0.4078,0.0898,0.5024
DIAMONDS QUEEN HEARTS SEVEN,0.413,0.0092,0.5778
HEARTS TWO HEARTS SEVEN,0.5994,0.0454,0.3552
HEARTS SIX DIAMONDS QUEEN,0.418,0.0112,0.5708
HEARTS SIX HEARTS TWO,0.5894,0.0386,0.372
DIAMONDS QUEEN HEARTS NINE,0.2838,0.0408,0.6754
HEARTS TWO HEARTS NINE,0.3504,0.404,0.2456
DIAMONDS QUEEN HEARTS EIGHT,0.3988,0.011,0.5902
HEARTS TWO HEARTS EIGHT,0.5966,0.0346,0.3688
CLUBS NINE HEARTS TWO,0.3678,0.4288,0.2034
CLUBS NINE DIAMONDS QUEEN,0.2894,0.0486,0.662
CLUBS EIGHT HEARTS TWO,0.637,0.04,0.323
CLUBS EIGHT DIAMONDS QUEEN,0.3942,0.013,0.5928
CLUBS FIVE DIAMONDS QUEEN,0.2904,0.0426,0.667
CLUBS FIVE HEARTS TWO,0.66,0.1024,0.2376
SPADES EIGHT HEARTS ACE,0.401,0.0038,0.5952
CLUBS FOUR DIAMONDS QUEEN,0.453,0.0104,0.5366
CLUBS FOUR HEARTS TWO,0.6292,0.0452,0.3256
SPADES EIGHT HEARTS QUEEN,0.4062,0.0114,0.5824
CLUBS SEVEN HEARTS TWO,0.6418,0.038,0.3202
CLUBS SEVEN DIAMONDS QUEEN,0.4158,0.01,0.5742
CLUBS SIX DIAMONDS QUEEN,0.4114,0.0124,0.5762
CLUBS SIX HEARTS TWO,0.6268,0.045,0.3282
SPADES EIGHT HEARTS KING,0.4156,0.0068,0.5776
DIAMONDS QUEEN SPADES SIX,0.3948,0.0102,0.595
HEARTS TWO SPADES SIX,0.6154,0.0456,0.339
HEARTS FOUR CLUBS QUEEN,0.4432,0.0108,0.546
DIAMONDS ACE CLUBS QUEEN,0.378,0.0044,0.6176
DIAMONDS QUEEN SPADES SEVEN,0.4098,0.0134,0.5768
SPADES SEVEN HEARTS TWO,0.6344,0.0434,0.3222
HEARTS FOUR CLUBS KING,0.4344,0.0062,0.5594
DIAMONDS ACE CLUBS KING,0.3758,0.0034,0.6208
SPADES EIGHT DIAMONDS QUEEN,0.3932,0.0118,0.595
SPADES EIGHT HEARTS TWO,0.629,0.0424,0.3286
HEARTS FOUR CLUBS ACE,0.4248,0.0044,0.5708
DIAMONDS ACE CLUBS ACE,0.1924,0.0028,0.8048
HEARTS TWO SPADES TWO,0.4134,0.0792,0.5074
DIAMONDS QUEEN SPADES TWO,0.441,0.012,0.547
HEARTS TWO SPADES THREE,0.6474,0.0444,0.3082
DIAMONDS QUEEN SPADES THREE,0.4362,0.0124,0.5514
HEARTS TWO SPADES FOUR,0.6362,0.0456,0.3182
DIAMONDS QUEEN SPADES FOUR,0.4374,0.013,0.5496
HEARTS FOUR CLUBS TEN,0.4392,0.0268,0.534
DIAMONDS ACE CLUBS TEN,0.3766,0.0036,0.6198
HEARTS FOUR CLUBS JACK,0.4332,0.0182,0.5486
DIAMONDS ACE CLUBS JACK,0.3764,0.0032,0.6204
CLUBS FIVE CLUBS KING,0.279,0.0344,0.6866
CLUBS FIVE CLUBS QUEEN,0.28,0.0418,0.6782
CLUBS FIVE CLUBS ACE,0.2794,0.0216,0.699
CLUBS FIVE CLUBS JACK,0.2828,0.0568,0.6604
CLUBS FIVE CLUBS TEN,0.2926,0.0732,0.6342
SPADES KING CLUBS JACK,0.373,0.007,0.62
SPADES QUEEN CLUBS JACK,0.3628,0.0092,0.628
SPADES ACE CLUBS JACK,0.369,0.006,0.625
SPADES SIX CLUBS KING,0.3964,0.0072,0.5964
SPADES SIX CLUBS QUEEN,0.3938,0.0132,0.593
SPADES EIGHT HEARTS JACK,0.3842,0.0188,0.597
SPADES SIX CLUBS ACE,0.4056,0.0064,0.588
SPADES EIGHT HEARTS TEN,0.3702,0.0242,0.6056
SPADES SIX CLUBS JACK,0.403,0.018,0.579
SPADES SIX CLUBS TEN,0.3846,0.0286,0.5868
SPADES TEN CLUBS JACK,0.3418,0.013,0.6452
SPADES JACK CLUBS JACK,0.1798,0.0276,0.7926
SPADES QUEEN CLUBS SEVEN,0.4054,0.01,0.5846
SPADES KING CLUBS SEVEN,0.396,0.0086,0.5954
SPADES ACE CLUBS SEVEN,0.3874,0.0036,0.609
SPADES SIX HEARTS TEN,0.3822,0.0276,0.5902
SPADES SIX HEARTS JACK,0.4044,0.0206,0.575
SPADES SIX HEARTS ACE,0.3984,0.0044,0.5972
SPADES SIX HEARTS KING,0.4014,0.008,0.5906
SPADES SIX HEARTS QUEEN,0.4112,0.0114,0.5774
SPADES JACK CLUBS SEVEN,0.3878,0.0182,0.594
CLUBS SEVEN SPADES TEN,0.3736,0.0244,0.602
HEARTS SIX CLUBS TEN,0.3956,0.027,0.5774
HEARTS SIX CLUBS JACK,0.3966,0.0196,0.5838
CLUBS ACE CLUBS JACK,0.3572,0.007,0.6358
HEARTS SIX CLUBS QUEEN,0.4148,0.0102,0.575
HEARTS SIX CLUBS KING,0.3968,0.0062,0.597
HEARTS SIX CLUBS ACE,0.3968,0.0054,0.5978
CLUBS QUEEN CLUBS JACK,0.3424,0.0096,0.648
CLUBS KING CLUBS JACK,0.36,0.0056,0.6344
DIAMONDS THREE HEARTS ACE,0.4384,0.0052,0.5564
DIAMONDS THREE HEARTS QUEEN,0.4436,0.0138,0.5426
DIAMONDS THREE HEARTS KING,0.4468,0.0086,0.5446
CLUBS FIVE HEARTS JACK,0.2994,0.0556,0.645
SPADES TEN DIAMONDS ACE,0.37,0.004,0.626
HEARTS FOUR SPADES TEN,0.4232,0.029,0.5478
CLUBS FIVE HEARTS TEN,0.296,0.076,0.628
HEARTS FOUR SPADES JACK,0.4236,0.0192,0.5572
SPADES JACK DIAMONDS ACE,0.377,0.0036,0.6194
SPADES ACE HEARTS FOUR,0.4108,0.0044,0.5848
SPADES ACE DIAMONDS ACE,0.1696,0.0052,0.8252
CLUBS FIVE HEARTS ACE,0.2924,0.0212,0.6864
CLUBS FIVE HEARTS KING,0.2968,0.032,0.6712
SPADES FOUR CLUBS JACK,0.4346,0.0176,0.5478
HEARTS FOUR SPADES QUEEN,0.4372,0.0112,0.5516
SPADES QUEEN DIAMONDS ACE,0.358,0.0058,0.6362
CLUBS FIVE HEARTS QUEEN,0.298,0.047,0.655
SPADES FOUR CLUBS TEN,0.4316,0.0282,0.5402
SPADES KING DIAMONDS ACE,0.3704,0.0034,0.6262
HEARTS FOUR SPADES KING,0.4352,0.0074,0.5574
DIAMONDS QUEEN DIAMONDS ACE,0.349,0.003,0.648
HEARTS TWO DIAMONDS ACE,0.4436,0.003,0.5534
HEARTS FOUR DIAMONDS QUEEN,0.4448,0.0112,0.544
HEARTS FOUR HEARTS TWO,0.6024,0.044,0.3536
DIAMONDS THREE HEARTS TEN,0.442,0.027,0.531
SPADES FOUR CLUBS KING,0.4372,0.0084,0.5544
HEARTS FIVE DIAMONDS QUEEN,0.297,0.0462,0.6568
HEARTS FIVE HEARTS TWO,0.6042,0.1022,0.2936
DIAMONDS THREE HEARTS JACK,0.4406,0.0188,0.5406
SPADES FOUR CLUBS QUEEN,0.4364,0.0122,0.5514
DIAMONDS QUEEN HEARTS TWO,0.4402,0.0102,0.5496
DIAMONDS KING DIAMONDS QUEEN,0.3578,0.0084,0.6338
DIAMONDS KING HEARTS TWO,0.452,0.0116,0.5364
HEARTS THREE DIAMONDS QUEEN,0.432,0.011,0.557
HEARTS THREE HEARTS TWO,0.601,0.0406,0.3584
SPADES FOUR CLUBS ACE,0.4164,0.0066,0.577
HEARTS TWO CLUBS ACE,0.4392,0.0036,0.5572
DIAMONDS QUEEN CLUBS ACE,0.3914,0.0044,0.6042
HEARTS TWO CLUBS QUEEN,0.4368,0.0124,0.5508
DIAMONDS QUEEN CLUBS QUEEN,0.1934,0.0216,0.785
HEARTS TWO CLUBS KING,0.4532,0.007,0.5398
DIAMONDS QUEEN CLUBS KING,0.386,0.0052,0.6088
HEARTS TWO CLUBS TEN,0.4518,0.0252,0.523
DIAMONDS QUEEN CLUBS TEN,0.3754,0.0088,0.6158
HEARTS TWO CLUBS JACK,0.448,0.0156,0.5364
DIAMONDS QUEEN CLUBS JACK,0.3656,0.01,0.6244
DIAMONDS FIVE CLUBS QUEEN,0.3084,0.0466,0.645
SPADES EIGHT CLUBS ACE,0.4014,0.0032,0.5954
CLUBS KING DIAMONDS FIVE,0.2948,0.0322,0.673
SPADES EIGHT CLUBS KING,0.419,0.0074,0.5736
CLUBS ACE DIAMONDS FIVE,0.3026,0.0232,0.6742
SPADES EIGHT CLUBS QUEEN,0.3744,0.0126,0.613
SPADES EIGHT CLUBS JACK,0.38,0.018,0.602
SPADES EIGHT CLUBS TEN,0.3744,0.0242,0.6014
DIAMONDS FIVE CLUBS TEN,0.2918,0.0772,0.631
DIAMONDS FIVE CLUBS JACK,0.3002,0.056,0.6438
HEARTS JACK DIAMONDS TEN,0.3554,0.0152,0.6294
DIAMONDS TEN HEARTS TEN,0.1986,0.039,0.7624
SPADES ACE CLUBS NINE,0.2784,0.0258,0.6958
CLUBS NINE SPADES QUEEN,0.2748,0.0474,0.6778
SPADES KING CLUBS NINE,0.278,0.036,0.686
HEARTS SIX HEARTS KING,0.3908,0.007,0.6022
DIAMONDS KING SPADES SEVEN,0.4002,0.0078,0.592
HEARTS THREE SPADES SEVEN,0.6266,0.041,0.3324
SPADES KING DIAMONDS SEVEN,0.4002,0.0086,0.5912
HEARTS SIX HEARTS QUEEN,0.3784,0.0112,0.6104
DIAMONDS KING SPADES SIX,0.3908,0.0074,0.6018
HEARTS THREE SPADES SIX,0.6168,0.0446,0.3386
SPADES QUEEN DIAMONDS SEVEN,0.3962,0.0114,0.5924
HEARTS SIX HEARTS ACE,0.3928,0.0058,0.6014
DIAMONDS KING SPADES EIGHT,0.395,0.0078,0.5972
HEARTS THREE SPADES EIGHT,0.6294,0.0406,0.33
SPADES ACE DIAMONDS SEVEN,0.3984,0.0046,0.597
CLUBS NINE HEARTS THREE,0.3602,0.4342,0.2056
CLUBS NINE DIAMONDS KING,0.2862,0.0326,0.6812
CLUBS EIGHT HEARTS THREE,0.643,0.038,0.319
CLUBS EIGHT DIAMONDS KING,0.4106,0.0068,0.5826
HEARTS THREE SPADES THREE,0.4158,0.0814,0.5028
DIAMONDS KING SPADES THREE,0.427,0.0088,0.5642
HEARTS THREE SPADES TWO,0.637,0.0432,0.3198
DIAMONDS KING SPADES TWO,0.4308,0.0068,0.5624
