opposingHand,winningChance,drawChance,lostChance
SPADES THREE DIAMONDS SIX
HEARTS FIVE SPADES TEN,0.356,0.0324,0.6116
HEARTS FIVE SPADES JACK,0.3594,0.022,0.6186
SPADES FIVE CLUBS JACK,0.3594,0.0214,0.6192
CLUBS TEN SPADES FIVE,0.3702,0.034,0.5958
CLUBS EIGHT CLUBS JACK,0.31,0.0164,0.6736
CLUBS TEN CLUBS EIGHT,0.3038,0.024,0.6722
CLUBS EIGHT CLUBS KING,0.3204,0.0074,0.6722
SPADES FIVE CLUBS ACE,0.3576,0.0036,0.6388
CLUBS EIGHT CLUBS QUEEN,0.321,0.0084,0.6706
SPADES FIVE CLUBS KING,0.373,0.0066,0.6204
SPADES FIVE CLUBS QUEEN,0.3598,0.0126,0.6276
CLUBS EIGHT CLUBS ACE,0.3286,0.0054,0.666
DIAMONDS TWO DIAMONDS THREE,0.4686,0.2632,0.2682
DIAMONDS TWO DIAMONDS FIVE,0.4758,0.1506,0.3736
HEARTS FIVE SPADES KING,0.3624,0.0074,0.6302
DIAMONDS TWO DIAMONDS FOUR,0.475,0.1488,0.3762
HEARTS FIVE SPADES QUEEN,0.3614,0.0128,0.6258
DIAMONDS TWO DIAMONDS SEVEN,0.3878,0.1042,0.508
SPADES ACE HEARTS FIVE,0.3618,0.0052,0.633
DIAMONDS TWO DIAMONDS NINE,0.3786,0.0486,0.5728
DIAMONDS TWO DIAMONDS EIGHT,0.376,0.065,0.559
DIAMONDS THREE DIAMONDS FOUR,0.4568,0.2612,0.282
CLUBS TWO SPADES FOUR,0.4978,0.1582,0.344
DIAMONDS THREE DIAMONDS FIVE,0.4558,0.2658,0.2784
SPADES FIVE CLUBS TWO,0.4908,0.1722,0.337
CLUBS TWO SPADES TWO,0.3422,0.1396,0.5182
DIAMONDS THREE DIAMONDS EIGHT,0.2428,0.134,0.6232
SPADES EIGHT CLUBS TWO,0.4028,0.0646,0.5326
DIAMONDS THREE DIAMONDS NINE,0.254,0.1002,0.6458
SPADES NINE CLUBS TWO,0.4026,0.0418,0.5556
SPADES SIX CLUBS TWO,0.265,0.526,0.209
DIAMONDS THREE DIAMONDS SEVEN,0.2428,0.1906,0.5666
SPADES SEVEN CLUBS TWO,0.392,0.1006,0.5074
CLUBS SIX CLUBS TWO,0.2618,0.4858,0.2524
CLUBS SEVEN CLUBS TWO,0.3828,0.1024,0.5148
CLUBS FOUR CLUBS TWO,0.463,0.1538,0.3832
CLUBS FIVE CLUBS TWO,0.4496,0.1534,0.397
CLUBS TEN CLUBS JACK,0.3268,0.0138,0.6594
CLUBS TEN CLUBS QUEEN,0.318,0.0084,0.6736
DIAMONDS FOUR DIAMONDS SEVEN,0.3332,0.0984,0.5684
CLUBS TEN CLUBS KING,0.3092,0.0072,0.6836
CLUBS TEN CLUBS ACE,0.3246,0.003,0.6724
CLUBS EIGHT CLUBS TWO,0.3666,0.067,0.5664
DIAMONDS FIVE DIAMONDS FOUR,0.424,0.1554,0.4206
CLUBS NINE CLUBS TWO,0.3808,0.0446,0.5746
DIAMONDS NINE DIAMONDS FOUR,0.3684,0.0394,0.5922
DIAMONDS FOUR DIAMONDS EIGHT,0.3394,0.0654,0.5952
CLUBS THREE CLUBS TWO,0.4622,0.251,0.2868
DIAMONDS NINE DIAMONDS FIVE,0.3596,0.0428,0.5976
DIAMONDS TWO CLUBS JACK,0.4076,0.026,0.5664
DIAMONDS FIVE DIAMONDS EIGHT,0.333,0.0724,0.5946
CLUBS TEN DIAMONDS TWO,0.4162,0.0298,0.554
DIAMONDS FIVE DIAMONDS SEVEN,0.3228,0.0964,0.5808
DIAMONDS TWO CLUBS ACE,0.3862,0.0052,0.6086
DIAMONDS TWO CLUBS KING,0.4114,0.01,0.5786
DIAMONDS TWO CLUBS QUEEN,0.4082,0.0136,0.5782
DIAMONDS EIGHT DIAMONDS SEVEN,0.314,0.0598,0.6262
DIAMONDS NINE DIAMONDS SEVEN,0.3214,0.0328,0.6458
DIAMONDS NINE DIAMONDS EIGHT,0.3022,0.0386,0.6592
DIAMONDS KING HEARTS TEN,0.3366,0.0104,0.653
HEARTS THREE HEARTS TEN,0.26,0.0668,0.6732
SPADES JACK CLUBS SIX,0.2468,0.0568,0.6964
DIAMONDS KING HEARTS JACK,0.3318,0.0064,0.6618
HEARTS THREE HEARTS JACK,0.2536,0.0454,0.701
SPADES TEN CLUBS SIX,0.2476,0.0826,0.6698
SPADES JACK SPADES FIVE,0.346,0.0224,0.6316
SPADES TEN SPADES FIVE,0.3602,0.03,0.6098
DIAMONDS KING HEARTS ACE,0.3488,0.0044,0.6468
HEARTS THREE HEARTS ACE,0.2378,0.0174,0.7448
SPADES ACE CLUBS SIX,0.247,0.0294,0.7236
DIAMONDS KING HEARTS QUEEN,0.3434,0.0068,0.6498
HEARTS THREE HEARTS QUEEN,0.2454,0.0408,0.7138
SPADES KING CLUBS SIX,0.2442,0.041,0.7148
DIAMONDS KING HEARTS KING,0.1532,0.0164,0.8304
HEARTS THREE HEARTS KING,0.2502,0.0286,0.7212
SPADES QUEEN CLUBS SIX,0.2448,0.0504,0.7048
SPADES NINE HEARTS TEN,0.3218,0.024,0.6542
SPADES NINE HEARTS JACK,0.3388,0.0174,0.6438
SPADES QUEEN SPADES FIVE,0.3724,0.0132,0.6144
SPADES KING SPADES FIVE,0.3462,0.008,0.6458
SPADES ACE SPADES FIVE,0.3336,0.0064,0.66
SPADES NINE HEARTS QUEEN,0.3402,0.0086,0.6512
SPADES NINE HEARTS KING,0.3482,0.0064,0.6454
SPADES NINE HEARTS ACE,0.3394,0.0036,0.657
CLUBS TEN SPADES JACK,0.3242,0.0132,0.6626
CLUBS TEN SPADES TEN,0.158,0.0638,0.7782
SPADES ACE CLUBS TEN,0.3508,0.004,0.6452
SPADES KING CLUBS TEN,0.333,0.01,0.657
CLUBS TEN SPADES QUEEN,0.3364,0.0094,0.6542
SPADES FIVE HEARTS QUEEN,0.356,0.0144,0.6296
SPADES FIVE HEARTS KING,0.3704,0.0082,0.6214
HEARTS ACE SPADES FIVE,0.3498,0.0032,0.647
CLUBS EIGHT SPADES TEN,0.3298,0.024,0.6462
SPADES JACK HEARTS THREE,0.2746,0.0488,0.6766
SPADES JACK DIAMONDS KING,0.3318,0.0096,0.6586
SPADES TEN DIAMONDS KING,0.321,0.0074,0.6716
SPADES TEN HEARTS THREE,0.2536,0.0738,0.6726
SPADES JACK CLUBS EIGHT,0.3354,0.0194,0.6452
CLUBS SIX HEARTS ACE,0.259,0.032,0.709
SPADES ACE CLUBS EIGHT,0.337,0.0046,0.6584
HEARTS FIVE CLUBS JACK,0.3636,0.0214,0.615
HEARTS FIVE CLUBS TEN,0.374,0.0302,0.5958
CLUBS SIX HEARTS QUEEN,0.259,0.0558,0.6852
SPADES QUEEN CLUBS EIGHT,0.3394,0.012,0.6486
CLUBS SIX HEARTS KING,0.2552,0.0398,0.705
SPADES KING CLUBS EIGHT,0.3468,0.0078,0.6454
DIAMONDS TWO HEARTS JACK,0.4128,0.0204,0.5668
DIAMONDS TWO HEARTS TEN,0.4286,0.0288,0.5426
HEARTS FIVE CLUBS ACE,0.3682,0.0042,0.6276
SPADES FIVE HEARTS TEN,0.3738,0.031,0.5952
HEARTS FIVE CLUBS KING,0.3904,0.0082,0.6014
SPADES FIVE HEARTS JACK,0.356,0.021,0.623
HEARTS FIVE CLUBS QUEEN,0.3718,0.0114,0.6168
HEARTS THREE CLUBS KING,0.2684,0.0236,0.708
DIAMONDS KING CLUBS KING,0.153,0.0204,0.8266
HEARTS THREE CLUBS QUEEN,0.271,0.0366,0.6924
DIAMONDS KING CLUBS QUEEN,0.351,0.0058,0.6432
HEARTS FIVE HEARTS JACK,0.346,0.0168,0.6372
HEARTS FIVE HEARTS TEN,0.3486,0.0284,0.623
HEARTS THREE CLUBS ACE,0.245,0.018,0.737
DIAMONDS KING CLUBS ACE,0.3496,0.006,0.6444
SPADES ACE CLUBS QUEEN,0.3408,0.0036,0.6556
SPADES KING CLUBS QUEEN,0.3532,0.0054,0.6414
HEARTS THREE CLUBS JACK,0.26,0.0504,0.6896
DIAMONDS KING CLUBS JACK,0.3486,0.0086,0.6428
SPADES QUEEN CLUBS QUEEN,0.1476,0.0312,0.8212
CLUBS TEN HEARTS THREE,0.2706,0.073,0.6564
CLUBS TEN DIAMONDS KING,0.3394,0.0074,0.6532
SPADES JACK CLUBS QUEEN,0.336,0.01,0.654
CLUBS SIX CLUBS QUEEN,0.2346,0.045,0.7204
SPADES TEN CLUBS QUEEN,0.3352,0.0072,0.6576
CLUBS SIX CLUBS KING,0.2442,0.0348,0.721
CLUBS SIX CLUBS ACE,0.233,0.028,0.739
HEARTS FIVE HEARTS KING,0.3524,0.009,0.6386
HEARTS FIVE HEARTS QUEEN,0.3452,0.012,0.6428
CLUBS TEN CLUBS SIX,0.251,0.0822,0.6668
HEARTS FIVE HEARTS ACE,0.3404,0.0052,0.6544
CLUBS SIX CLUBS JACK,0.2496,0.0586,0.6918
SPADES SEVEN HEARTS JACK,0.3546,0.0178,0.6276
SPADES SEVEN HEARTS TEN,0.3282,0.0248,0.647
DIAMONDS TWO CLUBS TWO,0.3414,0.133,0.5256
DIAMONDS TWO CLUBS THREE,0.4932,0.2712,0.2356
DIAMONDS TWO HEARTS SIX,0.2748,0.516,0.2092
DIAMONDS TWO HEARTS QUEEN,0.4102,0.0174,0.5724
HEARTS SEVEN DIAMONDS TWO,0.3884,0.1122,0.4994
DIAMONDS TWO HEARTS KING,0.4002,0.0092,0.5906
DIAMONDS TWO HEARTS EIGHT,0.4118,0.0704,0.5178
DIAMONDS TWO HEARTS ACE,0.3906,0.0048,0.6046
DIAMONDS TWO HEARTS NINE,0.403,0.0454,0.5516
DIAMONDS TWO DIAMONDS QUEEN,0.38,0.0152,0.6048
DIAMONDS TWO HEARTS TWO,0.3436,0.1422,0.5142
DIAMONDS TWO DIAMONDS KING,0.3774,0.0094,0.6132
DIAMONDS TWO HEARTS THREE,0.4806,0.2802,0.2392
DIAMONDS TWO DIAMONDS ACE,0.3614,0.0054,0.6332
HEARTS FOUR DIAMONDS TWO,0.4898,0.1672,0.343
HEARTS FIVE DIAMONDS TWO,0.5044,0.16,0.3356
SPADES SEVEN HEARTS ACE,0.3372,0.006,0.6568
DIAMONDS TWO DIAMONDS TEN,0.3982,0.0294,0.5724
SPADES SEVEN HEARTS KING,0.3562,0.008,0.6358
DIAMONDS TWO DIAMONDS JACK,0.3898,0.0178,0.5924
SPADES SEVEN HEARTS QUEEN,0.343,0.01,0.647
DIAMONDS TWO SPADES NINE,0.4006,0.0422,0.5572
DIAMONDS TWO SPADES EIGHT,0.3998,0.0712,0.529
DIAMONDS TWO SPADES SEVEN,0.4044,0.0986,0.497
DIAMONDS TWO SPADES SIX,0.2678,0.529,0.2032
DIAMONDS TWO SPADES FIVE,0.484,0.1654,0.3506
DIAMONDS TWO SPADES FOUR,0.4886,0.1652,0.3462
DIAMONDS TWO SPADES TWO,0.3538,0.143,0.5032
CLUBS NINE DIAMONDS TWO,0.41,0.042,0.548
DIAMONDS TWO CLUBS EIGHT,0.4084,0.0672,0.5244
CLUBS SEVEN DIAMONDS TWO,0.3914,0.1136,0.495
DIAMONDS TWO CLUBS SIX,0.279,0.5122,0.2088
DIAMONDS TWO CLUBS FIVE,0.4974,0.1678,0.3348
DIAMONDS TWO CLUBS FOUR,0.4846,0.1672,0.3482
CLUBS FOUR SPADES FIVE,0.443,0.1524,0.4046
CLUBS FOUR SPADES FOUR,0.2296,0.1324,0.638
CLUBS FOUR SPADES TWO,0.4902,0.1628,0.347
SPADES NINE CLUBS FOUR,0.3704,0.051,0.5786
SPADES EIGHT CLUBS FOUR,0.3472,0.0698,0.583
SPADES SEVEN CLUBS FOUR,0.3384,0.1134,0.5482
CLUBS FOUR SPADES SIX,0.2038,0.5234,0.2728
SPADES QUEEN SPADES TWO,0.3856,0.015,0.5994
SPADES KING SPADES TWO,0.3806,0.01,0.6094
SPADES ACE SPADES TWO,0.3712,0.0048,0.624
DIAMONDS JACK CLUBS JACK,0.1458,0.0474,0.8068
CLUBS TEN DIAMONDS JACK,0.3346,0.0124,0.653
DIAMONDS JACK CLUBS KING,0.3344,0.0086,0.657
DIAMONDS JACK CLUBS QUEEN,0.3312,0.008,0.6608
DIAMONDS THREE DIAMONDS JACK,0.2608,0.0532,0.686
DIAMONDS THREE DIAMONDS TEN,0.2488,0.0738,0.6774
DIAMONDS JACK CLUBS ACE,0.3464,0.0046,0.649
DIAMONDS THREE DIAMONDS KING,0.2646,0.0254,0.71
DIAMONDS THREE HEARTS THREE,0.2506,0.1072,0.6422
DIAMONDS THREE DIAMONDS QUEEN,0.253,0.0362,0.7108
DIAMONDS THREE HEARTS TWO,0.4962,0.2638,0.24
HEARTS FIVE DIAMONDS THREE,0.4822,0.2754,0.2424
DIAMONDS THREE DIAMONDS ACE,0.227,0.0166,0.7564
HEARTS FOUR DIAMONDS THREE,0.4914,0.259,0.2496
HEARTS SEVEN DIAMONDS THREE,0.253,0.192,0.555
SPADES TEN SPADES NINE,0.3148,0.0248,0.6604
HEARTS SIX DIAMONDS THREE,0.015,0.9734,0.0116
SPADES JACK SPADES NINE,0.325,0.0184,0.6566
DIAMONDS THREE HEARTS NINE,0.261,0.1056,0.6334
HEARTS JACK DIAMONDS FOUR,0.3854,0.0178,0.5968
HEARTS ACE HEARTS KING,0.331,0.0044,0.6646
SPADES TEN SPADES TWO,0.3776,0.031,0.5914
DIAMONDS THREE HEARTS EIGHT,0.2648,0.136,0.5992
HEARTS TEN DIAMONDS FOUR,0.3714,0.0312,0.5974
SPADES JACK SPADES TWO,0.381,0.0228,0.5962
HEARTS QUEEN DIAMONDS FOUR,0.3818,0.0128,0.6054
HEARTS KING DIAMONDS FOUR,0.3808,0.0088,0.6104
SPADES ACE SPADES NINE,0.3386,0.0058,0.6556
HEARTS ACE DIAMONDS FOUR,0.3638,0.0038,0.6324
SPADES KING SPADES NINE,0.3224,0.0068,0.6708
SPADES QUEEN SPADES NINE,0.3344,0.012,0.6536
DIAMONDS THREE SPADES NINE,0.267,0.0994,0.6336
DIAMONDS THREE SPADES EIGHT,0.2506,0.1424,0.607
DIAMONDS THREE SPADES SEVEN,0.2402,0.1936,0.5662
DIAMONDS THREE SPADES SIX,0.0096,0.983,0.0074
DIAMONDS THREE CLUBS SIX,0.0176,0.97,0.0124
CLUBS FIVE CLUBS SIX,0.206,0.4098,0.3842
CLUBS ACE DIAMONDS FOUR,0.3724,0.0048,0.6228
CLUBS SEVEN DIAMONDS THREE,0.2426,0.1894,0.568
CLUBS SEVEN CLUBS FIVE,0.3264,0.0944,0.5792
DIAMONDS THREE CLUBS FOUR,0.478,0.2804,0.2416
DIAMONDS FOUR CLUBS QUEEN,0.362,0.013,0.625
DIAMONDS THREE CLUBS FIVE,0.484,0.2726,0.2434
CLUBS KING DIAMONDS FOUR,0.3792,0.0086,0.6122
DIAMONDS THREE CLUBS TWO,0.4904,0.2744,0.2352
CLUBS TEN DIAMONDS FOUR,0.3836,0.0314,0.585
DIAMONDS THREE CLUBS THREE,0.261,0.0968,0.6422
DIAMONDS FOUR CLUBS JACK,0.3636,0.019,0.6174
DIAMONDS THREE SPADES FOUR,0.4956,0.2668,0.2376
DIAMONDS THREE SPADES FIVE,0.483,0.2718,0.2452
DIAMONDS THREE SPADES TWO,0.4826,0.2816,0.2358
CLUBS EIGHT DIAMONDS THREE,0.2644,0.1362,0.5994
CLUBS NINE DIAMONDS THREE,0.2588,0.0986,0.6426
SPADES SEVEN CLUBS ACE,0.33,0.0038,0.6662
SPADES SEVEN CLUBS QUEEN,0.3528,0.0122,0.635
SPADES SEVEN CLUBS KING,0.3494,0.009,0.6416
CLUBS FIVE SPADES SEVEN,0.3296,0.099,0.5714
CLUBS TEN SPADES SEVEN,0.33,0.0264,0.6436
CLUBS FIVE SPADES SIX,0.2118,0.459,0.3292
SPADES SEVEN CLUBS JACK,0.3486,0.0188,0.6326
CLUBS FIVE SPADES NINE,0.3516,0.0448,0.6036
CLUBS FIVE SPADES EIGHT,0.3486,0.0678,0.5836
CLUBS FIVE SPADES TWO,0.485,0.1694,0.3456
CLUBS FIVE SPADES FIVE,0.2256,0.1294,0.645
CLUBS FIVE SPADES FOUR,0.4108,0.1632,0.426
CLUBS NINE CLUBS FIVE,0.3312,0.0476,0.6212
CLUBS EIGHT CLUBS FIVE,0.3202,0.0604,0.6194
CLUBS ACE CLUBS QUEEN,0.3332,0.004,0.6628
CLUBS KING CLUBS QUEEN,0.317,0.0076,0.6754
DIAMONDS TEN DIAMONDS FOUR,0.3602,0.0308,0.609
CLUBS TEN DIAMONDS NINE,0.322,0.0224,0.6556
DIAMONDS JACK DIAMONDS FOUR,0.3502,0.0208,0.629
DIAMONDS NINE CLUBS JACK,0.3434,0.016,0.6406
SPADES NINE CLUBS JACK,0.3356,0.0174,0.647
CLUBS TEN SPADES NINE,0.3222,0.0266,0.6512
DIAMONDS ACE DIAMONDS FOUR,0.3384,0.006,0.6556
HEARTS FOUR DIAMONDS FOUR,0.2476,0.1382,0.6142
DIAMONDS JACK HEARTS TEN,0.3222,0.0172,0.6606
SPADES NINE CLUBS KING,0.3256,0.0046,0.6698
DIAMONDS TWO SPADES TEN,0.4034,0.0272,0.5694
DIAMONDS NINE CLUBS ACE,0.3374,0.0022,0.6604
HEARTS FIVE DIAMONDS FOUR,0.4412,0.1664,0.3924
DIAMONDS JACK HEARTS JACK,0.153,0.045,0.802
SPADES NINE CLUBS QUEEN,0.3438,0.0106,0.6456
DIAMONDS TWO SPADES JACK,0.4152,0.0218,0.563
DIAMONDS QUEEN DIAMONDS FOUR,0.3568,0.0148,0.6284
HEARTS TWO DIAMONDS FOUR,0.4886,0.1616,0.3498
DIAMONDS NINE CLUBS QUEEN,0.3356,0.0114,0.653
DIAMONDS KING DIAMONDS FOUR,0.349,0.0108,0.6402
HEARTS THREE DIAMONDS FOUR,0.4722,0.2706,0.2572
SPADES NINE CLUBS ACE,0.3376,0.0048,0.6576
DIAMONDS NINE CLUBS KING,0.343,0.0084,0.6486
HEARTS ACE DIAMONDS JACK,0.3372,0.0056,0.6572
SPADES ACE DIAMONDS TWO,0.3864,0.0082,0.6054
HEARTS QUEEN DIAMONDS JACK,0.3352,0.008,0.6568
SPADES QUEEN DIAMONDS TWO,0.409,0.014,0.577
HEARTS KING DIAMONDS JACK,0.335,0.0078,0.6572
SPADES KING DIAMONDS TWO,0.4006,0.0098,0.5896
SPADES JACK SPADES SEVEN,0.3328,0.0182,0.649
SPADES TEN SPADES SEVEN,0.3154,0.027,0.6576
CLUBS SEVEN CLUBS THREE,0.2262,0.1888,0.585
CLUBS SIX CLUBS THREE,0.0226,0.908,0.0694
CLUBS FIVE CLUBS THREE,0.4434,0.2534,0.3032
CLUBS THREE CLUBS FOUR,0.4622,0.2488,0.289
CLUBS NINE CLUBS THREE,0.2408,0.1092,0.65
CLUBS EIGHT CLUBS THREE,0.2408,0.1288,0.6304
CLUBS THREE SPADES FIVE,0.4794,0.2736,0.247
CLUBS THREE SPADES FOUR,0.4788,0.2712,0.25
CLUBS THREE SPADES TWO,0.4814,0.2712,0.2474
CLUBS THREE SPADES SIX,0.011,0.9744,0.0146
CLUBS THREE SPADES SEVEN,0.238,0.1968,0.5652
SPADES EIGHT CLUBS THREE,0.2548,0.1388,0.6064
SPADES NINE CLUBS THREE,0.2558,0.104,0.6402
SPADES TWO DIAMONDS FOUR,0.501,0.1652,0.3338
SPADES FOUR DIAMONDS FOUR,0.2364,0.137,0.6266
SPADES FIVE DIAMONDS FOUR,0.447,0.1576,0.3954
SPADES SIX DIAMONDS FOUR,0.2034,0.5284,0.2682
SPADES SEVEN DIAMONDS FOUR,0.352,0.107,0.541
SPADES EIGHT DIAMONDS FOUR,0.3612,0.0676,0.5712
SPADES NINE DIAMONDS FOUR,0.3672,0.0468,0.586
CLUBS FIVE DIAMONDS FOUR,0.4372,0.1716,0.3912
CLUBS FOUR DIAMONDS FOUR,0.2414,0.1402,0.6184
CLUBS SEVEN DIAMONDS FOUR,0.3524,0.1054,0.5422
CLUBS SIX DIAMONDS FOUR,0.2134,0.522,0.2646
CLUBS NINE DIAMONDS FOUR,0.3722,0.045,0.5828
CLUBS EIGHT DIAMONDS FOUR,0.3588,0.0676,0.5736
HEARTS SEVEN DIAMONDS FOUR,0.3572,0.1038,0.539
HEARTS SIX DIAMONDS FOUR,0.22,0.525,0.255
DIAMONDS FOUR HEARTS NINE,0.3736,0.0438,0.5826
DIAMONDS FOUR HEARTS EIGHT,0.3694,0.0696,0.561
CLUBS THREE DIAMONDS FOUR,0.48,0.2776,0.2424
CLUBS TWO DIAMONDS FOUR,0.497,0.1548,0.3482
DIAMONDS TEN DIAMONDS FIVE,0.3456,0.0272,0.6272
DIAMONDS JACK DIAMONDS FIVE,0.3468,0.0214,0.6318
DIAMONDS NINE HEARTS QUEEN,0.3462,0.0136,0.6402
DIAMONDS NINE HEARTS KING,0.342,0.0064,0.6516
HEARTS ACE DIAMONDS NINE,0.3374,0.005,0.6576
DIAMONDS NINE HEARTS TEN,0.3348,0.0206,0.6446
DIAMONDS NINE HEARTS JACK,0.3396,0.015,0.6454
SPADES KING DIAMONDS FOUR,0.3714,0.011,0.6176
SPADES ACE SPADES SEVEN,0.3344,0.0052,0.6604
SPADES QUEEN DIAMONDS FOUR,0.374,0.0154,0.6106
SPADES QUEEN SPADES SEVEN,0.3286,0.0134,0.658
SPADES KING SPADES SEVEN,0.324,0.0094,0.6666
SPADES ACE DIAMONDS FOUR,0.3478,0.0044,0.6478
CLUBS NINE CLUBS FOUR,0.3612,0.0414,0.5974
CLUBS EIGHT CLUBS FOUR,0.34,0.069,0.591
SPADES JACK DIAMONDS FOUR,0.3514,0.0216,0.627
SPADES TEN DIAMONDS FOUR,0.3666,0.0298,0.6036
CLUBS FIVE CLUBS FOUR,0.4044,0.1518,0.4438
CLUBS SEVEN CLUBS FOUR,0.3208,0.1028,0.5764
CLUBS SIX CLUBS FOUR,0.202,0.479,0.319
CLUBS SEVEN SPADES EIGHT,0.3098,0.0598,0.6304
CLUBS SEVEN SPADES NINE,0.3218,0.0458,0.6324
CLUBS SEVEN SPADES SIX,0.2182,0.2008,0.581
CLUBS SEVEN SPADES SEVEN,0.1318,0.1058,0.7624
CLUBS SEVEN SPADES FIVE,0.3238,0.1108,0.5654
CLUBS SEVEN SPADES FOUR,0.348,0.1038,0.5482
CLUBS SEVEN SPADES TWO,0.4034,0.1034,0.4932
CLUBS NINE CLUBS SEVEN,0.2988,0.0402,0.661
CLUBS SEVEN CLUBS EIGHT,0.2952,0.0588,0.646
HEARTS SIX DIAMONDS FIVE,0.2218,0.4516,0.3266
HEARTS SEVEN DIAMONDS FIVE,0.3364,0.1002,0.5634
DIAMONDS FIVE HEARTS EIGHT,0.3574,0.0656,0.577
DIAMONDS FIVE HEARTS NINE,0.3578,0.045,0.5972
DIAMONDS QUEEN DIAMONDS FIVE,0.3488,0.0132,0.638
HEARTS TWO DIAMONDS FIVE,0.5016,0.1562,0.3422
HEARTS KING HEARTS EIGHT,0.3178,0.0074,0.6748
DIAMONDS KING DIAMONDS FIVE,0.3404,0.0092,0.6504
HEARTS THREE DIAMONDS FIVE,0.4812,0.2726,0.2462
HEARTS QUEEN HEARTS EIGHT,0.3256,0.0092,0.6652
DIAMONDS ACE DIAMONDS FIVE,0.3308,0.0054,0.6638
HEARTS FOUR DIAMONDS FIVE,0.4372,0.1668,0.396
HEARTS FIVE DIAMONDS FIVE,0.2254,0.1258,0.6488
HEARTS ACE HEARTS EIGHT,0.3224,0.0044,0.6732
CLUBS FOUR DIAMONDS FIVE,0.4548,0.1528,0.3924
CLUBS FIVE DIAMONDS FIVE,0.2358,0.1322,0.632
CLUBS SIX DIAMONDS FIVE,0.2178,0.4472,0.335
CLUBS SEVEN DIAMONDS FIVE,0.3416,0.1044,0.554
CLUBS TWO DIAMONDS FIVE,0.4918,0.166,0.3422
CLUBS THREE DIAMONDS FIVE,0.4786,0.2716,0.2498
SPADES TWO DIAMONDS FIVE,0.494,0.1682,0.3378
SPADES JACK DIAMONDS EIGHT,0.3252,0.0178,0.657
SPADES FIVE DIAMONDS FIVE,0.2298,0.1276,0.6426
CLUBS TEN HEARTS JACK,0.3316,0.0144,0.654
SPADES TEN DIAMONDS EIGHT,0.329,0.0268,0.6442
SPADES FOUR DIAMONDS FIVE,0.4276,0.1708,0.4016
HEARTS JACK CLUBS JACK,0.1668,0.0466,0.7866
HEARTS JACK CLUBS QUEEN,0.3428,0.0084,0.6488
CLUBS NINE DIAMONDS FIVE,0.3456,0.0436,0.6108
CLUBS KING HEARTS JACK,0.3526,0.0044,0.643
CLUBS EIGHT DIAMONDS FIVE,0.3572,0.0648,0.578
CLUBS ACE HEARTS JACK,0.349,0.004,0.647
SPADES SEVEN DIAMONDS FIVE,0.3298,0.1058,0.5644
SPADES KING DIAMONDS EIGHT,0.3348,0.0076,0.6576
SPADES QUEEN DIAMONDS EIGHT,0.3288,0.0164,0.6548
SPADES SIX DIAMONDS FIVE,0.2036,0.4588,0.3376
SPADES NINE DIAMONDS FIVE,0.3506,0.046,0.6034
SPADES EIGHT DIAMONDS FIVE,0.3516,0.0658,0.5826
SPADES ACE DIAMONDS EIGHT,0.3364,0.0048,0.6588
HEARTS ACE DIAMONDS SEVEN,0.3384,0.0054,0.6562
HEARTS QUEEN DIAMONDS SEVEN,0.35,0.009,0.641
HEARTS KING DIAMONDS SEVEN,0.337,0.0074,0.6556
SPADES TWO HEARTS JACK,0.4066,0.019,0.5744
SPADES TWO HEARTS TEN,0.4134,0.0308,0.5558
HEARTS TEN DIAMONDS SEVEN,0.3388,0.0306,0.6306
HEARTS JACK DIAMONDS SEVEN,0.3452,0.018,0.6368
DIAMONDS EIGHT CLUBS JACK,0.3404,0.0192,0.6404
CLUBS TEN DIAMONDS EIGHT,0.3306,0.0276,0.6418
HEARTS ACE HEARTS JACK,0.3198,0.0066,0.6736
CLUBS ACE DIAMONDS EIGHT,0.3442,0.0042,0.6516
HEARTS QUEEN HEARTS JACK,0.3216,0.0114,0.667
CLUBS KING DIAMONDS EIGHT,0.3448,0.0078,0.6474
HEARTS KING HEARTS JACK,0.3124,0.0054,0.6822
CLUBS QUEEN DIAMONDS EIGHT,0.348,0.012,0.64
SPADES TEN HEARTS KING,0.341,0.006,0.653
HEARTS ACE SPADES TWO,0.3972,0.0056,0.5972
SPADES JACK HEARTS KING,0.3352,0.0068,0.658
HEARTS QUEEN SPADES TWO,0.4152,0.0132,0.5716
SPADES ACE SPADES KING,0.333,0.0048,0.6622
SPADES TWO HEARTS KING,0.4094,0.007,0.5836
HEARTS TEN HEARTS EIGHT,0.3286,0.022,0.6494
HEARTS JACK HEARTS EIGHT,0.327,0.017,0.656
SPADES KING HEARTS KING,0.1564,0.0168,0.8268
SPADES QUEEN HEARTS KING,0.3298,0.008,0.6622
CLUBS ACE CLUBS KING,0.3206,0.0054,0.674
SPADES ACE HEARTS KING,0.3634,0.0038,0.6328
SPADES ACE HEARTS JACK,0.3386,0.004,0.6574
SPADES QUEEN HEARTS JACK,0.334,0.0114,0.6546
SPADES KING HEARTS JACK,0.33,0.0062,0.6638
SPADES TEN DIAMONDS TEN,0.153,0.0612,0.7858
SPADES JACK DIAMONDS TEN,0.316,0.0172,0.6668
SPADES ACE DIAMONDS TEN,0.3468,0.0056,0.6476
SPADES JACK HEARTS JACK,0.1482,0.0468,0.805
SPADES TEN HEARTS JACK,0.3308,0.0166,0.6526
SPADES QUEEN DIAMONDS TEN,0.336,0.0146,0.6494
SPADES KING DIAMONDS TEN,0.3332,0.0084,0.6584
SPADES NINE DIAMONDS SEVEN,0.3216,0.045,0.6334
SPADES EIGHT DIAMONDS SEVEN,0.3042,0.0608,0.635
SPADES SEVEN DIAMONDS SEVEN,0.1176,0.1084,0.774
SPADES SIX DIAMONDS SEVEN,0.2286,0.1988,0.5726
DIAMONDS KING DIAMONDS SEVEN,0.3412,0.0096,0.6492
HEARTS THREE DIAMONDS SEVEN,0.2462,0.2006,0.5532
HEARTS KING DIAMONDS FIVE,0.3856,0.0096,0.6048
DIAMONDS QUEEN DIAMONDS SEVEN,0.3254,0.0142,0.6604
HEARTS TWO DIAMONDS SEVEN,0.3962,0.1162,0.4876
HEARTS QUEEN DIAMONDS FIVE,0.3666,0.0114,0.622
HEARTS FIVE DIAMONDS SEVEN,0.328,0.1062,0.5658
DIAMONDS ACE DIAMONDS SEVEN,0.3166,0.0064,0.677
HEARTS FOUR DIAMONDS SEVEN,0.3416,0.108,0.5504
HEARTS ACE DIAMONDS FIVE,0.3522,0.0052,0.6426
HEARTS SEVEN DIAMONDS SEVEN,0.1306,0.1028,0.7666
HEARTS SIX DIAMONDS SEVEN,0.2238,0.1968,0.5794
HEARTS NINE DIAMONDS SEVEN,0.3148,0.039,0.6462
HEARTS EIGHT DIAMONDS SEVEN,0.318,0.061,0.621
DIAMONDS JACK DIAMONDS SEVEN,0.3284,0.0186,0.653
DIAMONDS FIVE HEARTS JACK,0.3792,0.02,0.6008
DIAMONDS TEN DIAMONDS SEVEN,0.3194,0.0254,0.6552
HEARTS TEN DIAMONDS FIVE,0.376,0.0266,0.5974
SPADES KING CLUBS TWO,0.4076,0.0068,0.5856
HEARTS KING CLUBS KING,0.1464,0.0198,0.8338
CLUBS EIGHT DIAMONDS SEVEN,0.3078,0.067,0.6252
SPADES QUEEN CLUBS TWO,0.404,0.0166,0.5794
HEARTS KING CLUBS QUEEN,0.3478,0.005,0.6472
CLUBS NINE DIAMONDS SEVEN,0.3184,0.042,0.6396
SPADES TWO CLUBS JACK,0.3954,0.0192,0.5854
SPADES ACE CLUBS TWO,0.3754,0.0046,0.62
CLUBS TEN SPADES TWO,0.3904,0.0276,0.582
HEARTS KING CLUBS ACE,0.3422,0.0048,0.653
CLUBS SEVEN CLUBS SIX,0.214,0.1814,0.6046
SPADES TWO CLUBS KING,0.4116,0.0076,0.5808
SPADES TWO DIAMONDS SEVEN,0.389,0.11,0.501
CLUBS EIGHT CLUBS SIX,0.2272,0.1476,0.6252
SPADES TWO CLUBS QUEEN,0.406,0.018,0.576
CLUBS NINE CLUBS SIX,0.2358,0.101,0.6632
SPADES FOUR DIAMONDS SEVEN,0.337,0.1038,0.5592
HEARTS KING CLUBS JACK,0.3506,0.0086,0.6408
SPADES FIVE DIAMONDS SEVEN,0.3168,0.1122,0.571
SPADES TWO CLUBS ACE,0.3948,0.0056,0.5996
CLUBS TEN HEARTS KING,0.3434,0.0052,0.6514
CLUBS SIX SPADES TWO,0.2666,0.5218,0.2116
CLUBS TWO DIAMONDS SEVEN,0.4082,0.105,0.4868
CLUBS SIX SPADES FOUR,0.222,0.5148,0.2632
CLUBS THREE DIAMONDS SEVEN,0.2358,0.2006,0.5636
CLUBS SIX SPADES FIVE,0.2138,0.4494,0.3368
CLUBS FOUR DIAMONDS SEVEN,0.3602,0.1046,0.5352
CLUBS SIX SPADES SIX,0.0844,0.1204,0.7952
CLUBS FIVE DIAMONDS SEVEN,0.3318,0.1116,0.5566
CLUBS SIX SPADES SEVEN,0.2348,0.1966,0.5686
CLUBS SIX DIAMONDS SEVEN,0.2286,0.1938,0.5776
CLUBS SIX SPADES EIGHT,0.2322,0.15,0.6178
SPADES JACK CLUBS TWO,0.4068,0.0236,0.5696
CLUBS SEVEN DIAMONDS SEVEN,0.1342,0.1042,0.7616
SPADES NINE CLUBS SIX,0.252,0.1106,0.6374
SPADES TEN CLUBS TWO,0.3958,0.0316,0.5726
CLUBS TWO CLUBS QUEEN,0.3794,0.014,0.6066
CLUBS TWO CLUBS KING,0.3806,0.0086,0.6108
CLUBS THREE DIAMONDS EIGHT,0.2492,0.1378,0.613
CLUBS TWO CLUBS ACE,0.3622,0.0046,0.6332
CLUBS TWO DIAMONDS EIGHT,0.3882,0.0756,0.5362
HEARTS SEVEN DIAMONDS EIGHT,0.318,0.0588,0.6232
HEARTS SIX DIAMONDS EIGHT,0.2338,0.1494,0.6168
DIAMONDS EIGHT HEARTS NINE,0.3266,0.0446,0.6288
CLUBS TEN CLUBS TWO,0.3766,0.0302,0.5932
HEARTS EIGHT DIAMONDS EIGHT,0.1478,0.0966,0.7556
CLUBS TWO CLUBS JACK,0.3796,0.0218,0.5986
CLUBS NINE DIAMONDS EIGHT,0.3318,0.0326,0.6356
CLUBS EIGHT DIAMONDS EIGHT,0.1478,0.086,0.7662
CLUBS FIVE DIAMONDS EIGHT,0.3388,0.0686,0.5926
CLUBS FOUR DIAMONDS EIGHT,0.3548,0.0654,0.5798
CLUBS SEVEN DIAMONDS EIGHT,0.301,0.0664,0.6326
CLUBS SIX DIAMONDS EIGHT,0.2278,0.1428,0.6294
DIAMONDS QUEEN DIAMONDS EIGHT,0.3384,0.0122,0.6494
HEARTS TWO DIAMONDS EIGHT,0.403,0.075,0.522
DIAMONDS KING DIAMONDS EIGHT,0.3368,0.0074,0.6558
HEARTS THREE DIAMONDS EIGHT,0.2484,0.1418,0.6098
DIAMONDS ACE DIAMONDS EIGHT,0.3258,0.0046,0.6696
HEARTS FOUR DIAMONDS EIGHT,0.3588,0.0708,0.5704
HEARTS FIVE DIAMONDS EIGHT,0.3514,0.0636,0.585
DIAMONDS TEN DIAMONDS EIGHT,0.3144,0.025,0.6606
DIAMONDS JACK DIAMONDS EIGHT,0.3162,0.0162,0.6676
CLUBS FOUR HEARTS ACE,0.358,0.0058,0.6362
CLUBS FOUR HEARTS QUEEN,0.3792,0.0142,0.6066
CLUBS FOUR HEARTS KING,0.359,0.0082,0.6328
CLUBS SIX HEARTS TEN,0.2556,0.0826,0.6618
CLUBS SIX HEARTS JACK,0.2548,0.0654,0.6798
SPADES FOUR DIAMONDS EIGHT,0.3386,0.0644,0.597
SPADES FIVE DIAMONDS EIGHT,0.3312,0.067,0.6018
SPADES TWO DIAMONDS EIGHT,0.4006,0.0738,0.5256
CLUBS FOUR HEARTS JACK,0.3814,0.0228,0.5958
SPADES EIGHT DIAMONDS EIGHT,0.1358,0.0956,0.7686
SPADES TEN DIAMONDS QUEEN,0.3378,0.0114,0.6508
SPADES TEN HEARTS TWO,0.4038,0.0276,0.5686
SPADES JACK HEARTS EIGHT,0.3348,0.0188,0.6464
CLUBS FOUR HEARTS TEN,0.3664,0.0338,0.5998
SPADES NINE DIAMONDS EIGHT,0.3196,0.0414,0.639
SPADES TEN HEARTS EIGHT,0.3218,0.0238,0.6544
SPADES JACK HEARTS TWO,0.4082,0.0212,0.5706
SPADES JACK DIAMONDS QUEEN,0.3312,0.01,0.6588
SPADES SIX DIAMONDS EIGHT,0.2212,0.1556,0.6232
SPADES SEVEN DIAMONDS EIGHT,0.2954,0.058,0.6466
SPADES ACE HEARTS TWO,0.3866,0.0054,0.608
SPADES ACE DIAMONDS QUEEN,0.345,0.006,0.649
SPADES ACE HEARTS EIGHT,0.3362,0.0028,0.661
SPADES KING HEARTS EIGHT,0.342,0.0062,0.6518
SPADES QUEEN HEARTS TWO,0.4092,0.0162,0.5746
SPADES QUEEN DIAMONDS QUEEN,0.1528,0.0356,0.8116
SPADES KING DIAMONDS QUEEN,0.3422,0.0078,0.65
SPADES KING HEARTS TWO,0.3998,0.0128,0.5874
SPADES QUEEN HEARTS EIGHT,0.342,0.0106,0.6474
CLUBS TWO HEARTS TEN,0.4038,0.0338,0.5624
CLUBS TWO HEARTS JACK,0.4062,0.0196,0.5742
SPADES SEVEN DIAMONDS NINE,0.3106,0.0436,0.6458
SPADES SIX DIAMONDS NINE,0.2428,0.1102,0.647
SPADES NINE DIAMONDS NINE,0.1468,0.0792,0.774
SPADES EIGHT DIAMONDS NINE,0.3016,0.0456,0.6528
SPADES TEN CLUBS KING,0.3368,0.0066,0.6566
SPADES JACK CLUBS KING,0.3372,0.0076,0.6552
DIAMONDS NINE SPADES TWO,0.4048,0.05,0.5452
SPADES FIVE DIAMONDS NINE,0.3586,0.0476,0.5938
DIAMONDS NINE SPADES FOUR,0.3442,0.046,0.6098
CLUBS NINE DIAMONDS NINE,0.1566,0.0754,0.768
CLUBS EIGHT DIAMONDS NINE,0.3196,0.0364,0.644
CLUBS SIX DIAMONDS NINE,0.2444,0.107,0.6486
SPADES JACK CLUBS FOUR,0.3672,0.0224,0.6104
CLUBS SEVEN DIAMONDS NINE,0.3234,0.0394,0.6372
SPADES TEN CLUBS FOUR,0.3692,0.0262,0.6046
CLUBS FOUR DIAMONDS NINE,0.366,0.049,0.585
CLUBS FIVE DIAMONDS NINE,0.3468,0.0432,0.61
CLUBS TWO DIAMONDS NINE,0.4072,0.0452,0.5476
CLUBS THREE DIAMONDS NINE,0.2576,0.1116,0.6308
DIAMONDS NINE HEARTS EIGHT,0.3206,0.038,0.6414
DIAMONDS NINE HEARTS NINE,0.1556,0.0748,0.7696
HEARTS SIX DIAMONDS NINE,0.2496,0.1162,0.6342
HEARTS SEVEN DIAMONDS NINE,0.3244,0.0428,0.6328
CLUBS NINE CLUBS EIGHT,0.305,0.0394,0.6556
DIAMONDS ACE DIAMONDS NINE,0.3274,0.0044,0.6682
HEARTS FOUR DIAMONDS NINE,0.37,0.0472,0.5828
HEARTS FIVE DIAMONDS NINE,0.3502,0.0494,0.6004
HEARTS ACE CLUBS TWO,0.4022,0.0048,0.593
SPADES ACE CLUBS FOUR,0.3642,0.0056,0.6302
DIAMONDS NINE DIAMONDS QUEEN,0.3264,0.013,0.6606
HEARTS TWO DIAMONDS NINE,0.3958,0.0404,0.5638
CLUBS TWO HEARTS KING,0.4058,0.0094,0.5848
SPADES KING CLUBS FOUR,0.3602,0.0092,0.6306
DIAMONDS KING DIAMONDS NINE,0.3346,0.0076,0.6578
HEARTS THREE DIAMONDS NINE,0.2518,0.0964,0.6518
CLUBS TWO HEARTS QUEEN,0.4116,0.0122,0.5762
SPADES QUEEN CLUBS FOUR,0.3652,0.012,0.6228
DIAMONDS NINE DIAMONDS JACK,0.3224,0.0166,0.661
CLUBS EIGHT SPADES NINE,0.3128,0.0366,0.6506
DIAMONDS TEN DIAMONDS NINE,0.3156,0.0224,0.662
CLUBS EIGHT SPADES EIGHT,0.158,0.092,0.75
CLUBS EIGHT SPADES SEVEN,0.3182,0.0604,0.6214
CLUBS EIGHT SPADES SIX,0.2226,0.16,0.6174
CLUBS EIGHT SPADES FIVE,0.3494,0.0684,0.5822
CLUBS EIGHT SPADES FOUR,0.356,0.0646,0.5794
CLUBS EIGHT SPADES TWO,0.4042,0.0682,0.5276
HEARTS SIX DIAMONDS TEN,0.2588,0.0764,0.6648
HEARTS SEVEN DIAMONDS TEN,0.3334,0.032,0.6346
DIAMONDS TEN HEARTS EIGHT,0.33,0.0204,0.6496
CLUBS FOUR CLUBS JACK,0.3354,0.0188,0.6458
DIAMONDS TEN HEARTS NINE,0.3304,0.0212,0.6484
CLUBS TEN CLUBS FOUR,0.3454,0.0292,0.6254
CLUBS FOUR CLUBS KING,0.3436,0.009,0.6474
CLUBS FOUR CLUBS QUEEN,0.365,0.0122,0.6228
DIAMONDS TEN CLUBS TWO,0.401,0.0336,0.5654
CLUBS THREE DIAMONDS TEN,0.2588,0.0764,0.6648
CLUBS FOUR CLUBS ACE,0.3352,0.0048,0.66
DIAMONDS TEN DIAMONDS JACK,0.3154,0.0166,0.668
DIAMONDS TEN DIAMONDS QUEEN,0.326,0.0102,0.6638
HEARTS TWO DIAMONDS TEN,0.3976,0.0314,0.571
DIAMONDS KING DIAMONDS TEN,0.324,0.008,0.668
HEARTS THREE DIAMONDS TEN,0.2646,0.0722,0.6632
DIAMONDS ACE DIAMONDS TEN,0.3214,0.0056,0.673
HEARTS FOUR DIAMONDS TEN,0.3718,0.0286,0.5996
CLUBS EIGHT HEARTS JACK,0.3492,0.02,0.6308
HEARTS FIVE DIAMONDS TEN,0.3466,0.0276,0.6258
CLUBS EIGHT HEARTS TEN,0.3384,0.028,0.6336
CLUBS EIGHT HEARTS QUEEN,0.3318,0.0106,0.6576
CLUBS EIGHT HEARTS KING,0.3644,0.007,0.6286
CLUBS EIGHT HEARTS ACE,0.3442,0.004,0.6518
CLUBS NINE SPADES TWO,0.406,0.045,0.549
CLUBS NINE SPADES FIVE,0.3574,0.042,0.6006
CLUBS NINE SPADES FOUR,0.3554,0.0402,0.6044
CLUBS NINE SPADES SEVEN,0.3324,0.0382,0.6294
CLUBS NINE SPADES SIX,0.2488,0.107,0.6442
CLUBS NINE SPADES NINE,0.148,0.0792,0.7728
CLUBS TEN HEARTS EIGHT,0.3382,0.0206,0.6412
CLUBS NINE SPADES EIGHT,0.3228,0.0386,0.6386
HEARTS EIGHT CLUBS JACK,0.3514,0.0214,0.6272
CLUBS QUEEN HEARTS EIGHT,0.3418,0.0092,0.649
CLUBS KING HEARTS EIGHT,0.3426,0.0076,0.6498
CLUBS ACE HEARTS EIGHT,0.3358,0.0038,0.6604
SPADES KING CLUBS KING,0.1474,0.019,0.8336
SPADES QUEEN CLUBS KING,0.336,0.0076,0.6564
SPADES ACE CLUBS KING,0.3596,0.003,0.6374
DIAMONDS ACE HEARTS TEN,0.3446,0.0038,0.6516
HEARTS FOUR HEARTS TEN,0.3532,0.0304,0.6164
DIAMONDS ACE HEARTS JACK,0.3434,0.0054,0.6512
HEARTS FOUR HEARTS JACK,0.34,0.0216,0.6384
SPADES KING CLUBS FIVE,0.3698,0.0122,0.618
SPADES QUEEN CLUBS FIVE,0.3702,0.0122,0.6176
SPADES ACE CLUBS FIVE,0.354,0.0048,0.6412
HEARTS SEVEN DIAMONDS JACK,0.3404,0.0208,0.6388
HEARTS SIX DIAMONDS JACK,0.2572,0.0594,0.6834
DIAMONDS JACK HEARTS NINE,0.3372,0.0158,0.647
DIAMONDS JACK HEARTS EIGHT,0.3358,0.0172,0.647
DIAMONDS KING DIAMONDS JACK,0.3296,0.0084,0.662
HEARTS THREE DIAMONDS JACK,0.2522,0.0508,0.697
SPADES ACE SPADES SIX,0.2484,0.0278,0.7238
HEARTS ACE SPADES FOUR,0.3494,0.0054,0.6452
DIAMONDS QUEEN DIAMONDS JACK,0.3318,0.0112,0.657
HEARTS TWO DIAMONDS JACK,0.4106,0.0208,0.5686
HEARTS FIVE DIAMONDS JACK,0.3638,0.0212,0.615
SPADES QUEEN SPADES SIX,0.2416,0.0514,0.707
SPADES FOUR HEARTS QUEEN,0.3596,0.0156,0.6248
DIAMONDS ACE DIAMONDS JACK,0.3144,0.0072,0.6784
HEARTS FOUR DIAMONDS JACK,0.3766,0.0224,0.601
SPADES KING SPADES SIX,0.2414,0.0412,0.7174
SPADES FOUR HEARTS KING,0.375,0.0082,0.6168
SPADES TEN SPADES SIX,0.2416,0.085,0.6734
SPADES JACK SPADES SIX,0.2446,0.0662,0.6892
SPADES FOUR DIAMONDS JACK,0.3604,0.0226,0.617
SPADES FIVE DIAMONDS JACK,0.3628,0.0234,0.6138
SPADES TWO DIAMONDS JACK,0.398,0.0206,0.5814
SPADES ACE DIAMONDS THREE,0.235,0.0174,0.7476
SPADES QUEEN DIAMONDS THREE,0.26,0.0382,0.7018
CLUBS EIGHT DIAMONDS JACK,0.3384,0.0172,0.6444
SPADES KING DIAMONDS THREE,0.2578,0.0306,0.7116
CLUBS NINE DIAMONDS JACK,0.3398,0.0186,0.6416
CLUBS SIX DIAMONDS JACK,0.25,0.0642,0.6858
CLUBS SEVEN DIAMONDS JACK,0.3406,0.0166,0.6428
CLUBS FOUR DIAMONDS JACK,0.3598,0.0198,0.6204
CLUBS FIVE DIAMONDS JACK,0.3624,0.022,0.6156
CLUBS TWO DIAMONDS JACK,0.4054,0.022,0.5726
CLUBS THREE DIAMONDS JACK,0.2672,0.0562,0.6766
SPADES TEN CLUBS FIVE,0.3698,0.0318,0.5984
SPADES JACK HEARTS SIX,0.24,0.0594,0.7006
HEARTS SIX SPADES TEN,0.2532,0.0786,0.6682
SPADES JACK CLUBS FIVE,0.3542,0.0176,0.6282
SPADES JACK DIAMONDS THREE,0.2496,0.053,0.6974
CLUBS SEVEN CLUBS ACE,0.3298,0.0056,0.6646
DIAMONDS THREE SPADES TEN,0.2548,0.0682,0.677
CLUBS SEVEN CLUBS QUEEN,0.3242,0.0132,0.6626
CLUBS SEVEN CLUBS KING,0.3264,0.01,0.6636
SPADES NINE DIAMONDS JACK,0.3282,0.0198,0.652
CLUBS TEN CLUBS SEVEN,0.3318,0.029,0.6392
DIAMONDS ACE HEARTS ACE,0.1504,0.0044,0.8452
HEARTS FOUR HEARTS ACE,0.3396,0.0056,0.6548
SPADES EIGHT DIAMONDS JACK,0.3292,0.0204,0.6504
SPADES ACE HEARTS SIX,0.2464,0.0314,0.7222
CLUBS SEVEN CLUBS JACK,0.3086,0.017,0.6744
DIAMONDS ACE HEARTS KING,0.3442,0.0034,0.6524
HEARTS FOUR HEARTS KING,0.3496,0.0082,0.6422
SPADES SEVEN DIAMONDS JACK,0.3384,0.0154,0.6462
SPADES KING HEARTS SIX,0.251,0.0426,0.7064
DIAMONDS ACE HEARTS QUEEN,0.345,0.0042,0.6508
HEARTS FOUR HEARTS QUEEN,0.3656,0.014,0.6204
SPADES QUEEN HEARTS SIX,0.2512,0.0526,0.6962
SPADES SIX DIAMONDS JACK,0.2328,0.0688,0.6984
DIAMONDS TEN SPADES TWO,0.4026,0.035,0.5624
DIAMONDS TEN SPADES FOUR,0.3698,0.0326,0.5976
DIAMONDS TEN SPADES FIVE,0.362,0.0292,0.6088
SPADES SIX DIAMONDS TEN,0.238,0.079,0.683
SPADES SEVEN DIAMONDS TEN,0.3228,0.0312,0.646
SPADES EIGHT DIAMONDS TEN,0.3126,0.0254,0.662
SPADES NINE DIAMONDS TEN,0.3238,0.0228,0.6534
CLUBS FOUR DIAMONDS TEN,0.379,0.0312,0.5898
CLUBS FIVE DIAMONDS TEN,0.3808,0.0252,0.594
CLUBS SIX DIAMONDS TEN,0.2578,0.081,0.6612
CLUBS SEVEN DIAMONDS TEN,0.3394,0.0256,0.635
CLUBS EIGHT DIAMONDS TEN,0.3286,0.0232,0.6482
CLUBS NINE DIAMONDS TEN,0.3234,0.0238,0.6528
DIAMONDS THREE CLUBS JACK,0.2646,0.0526,0.6828
CLUBS TEN DIAMONDS THREE,0.2576,0.0746,0.6678
DIAMONDS THREE CLUBS KING,0.28,0.0276,0.6924
DIAMONDS THREE CLUBS QUEEN,0.2636,0.0434,0.693
DIAMONDS THREE CLUBS ACE,0.248,0.0144,0.7376
SPADES FOUR HEARTS JACK,0.3812,0.0218,0.597
SPADES FOUR HEARTS TEN,0.3696,0.0266,0.6038
SPADES FIVE SPADES TWO,0.4636,0.1454,0.391
SPADES FOUR SPADES TWO,0.4734,0.1588,0.3678
SPADES NINE SPADES TWO,0.376,0.047,0.577
SPADES EIGHT SPADES TWO,0.3906,0.067,0.5424
SPADES SEVEN SPADES TWO,0.383,0.0978,0.5192
SPADES SIX SPADES TWO,0.2608,0.4848,0.2544
CLUBS THREE DIAMONDS QUEEN,0.2568,0.0372,0.706
CLUBS THREE HEARTS TWO,0.4778,0.273,0.2492
CLUBS TWO DIAMONDS QUEEN,0.4094,0.0168,0.5738
HEARTS TWO CLUBS TWO,0.3478,0.1502,0.502
HEARTS SEVEN DIAMONDS QUEEN,0.3464,0.0134,0.6402
HEARTS SEVEN HEARTS TWO,0.3788,0.102,0.5192
HEARTS SIX DIAMONDS QUEEN,0.2492,0.0526,0.6982
HEARTS SIX HEARTS TWO,0.2526,0.4826,0.2648
DIAMONDS QUEEN HEARTS NINE,0.3416,0.011,0.6474
HEARTS TWO HEARTS NINE,0.3732,0.0474,0.5794
DIAMONDS QUEEN HEARTS EIGHT,0.3488,0.0114,0.6398
HEARTS TWO HEARTS EIGHT,0.3726,0.0628,0.5646
CLUBS NINE HEARTS TWO,0.3998,0.0458,0.5544
CLUBS NINE DIAMONDS QUEEN,0.3422,0.009,0.6488
CLUBS EIGHT HEARTS TWO,0.4116,0.068,0.5204
CLUBS EIGHT DIAMONDS QUEEN,0.347,0.0112,0.6418
CLUBS FIVE DIAMONDS QUEEN,0.3606,0.0152,0.6242
CLUBS FIVE HEARTS TWO,0.4738,0.1692,0.357
SPADES EIGHT HEARTS ACE,0.3248,0.0038,0.6714
CLUBS FOUR DIAMONDS QUEEN,0.3572,0.0138,0.629
CLUBS FOUR HEARTS TWO,0.4802,0.1622,0.3576
CLUBS SEVEN DIAMONDS QUEEN,0.3572,0.0124,0.6304
CLUBS SEVEN HEARTS TWO,0.407,0.0976,0.4954
SPADES EIGHT HEARTS QUEEN,0.3458,0.0136,0.6406
CLUBS SIX DIAMONDS QUEEN,0.2528,0.0582,0.689
CLUBS SIX HEARTS TWO,0.2756,0.501,0.2234
SPADES EIGHT HEARTS KING,0.3426,0.0092,0.6482
HEARTS TWO SPADES SIX,0.2738,0.5134,0.2128
SPADES SIX DIAMONDS QUEEN,0.2402,0.0538,0.706
HEARTS FOUR CLUBS QUEEN,0.377,0.0144,0.6086
DIAMONDS ACE CLUBS QUEEN,0.3454,0.004,0.6506
SPADES SEVEN DIAMONDS QUEEN,0.346,0.012,0.642
SPADES SEVEN HEARTS TWO,0.3936,0.098,0.5084
HEARTS FOUR CLUBS KING,0.3858,0.0074,0.6068
DIAMONDS ACE CLUBS KING,0.349,0.0056,0.6454
SPADES EIGHT DIAMONDS QUEEN,0.3366,0.0116,0.6518
SPADES EIGHT HEARTS TWO,0.3862,0.0724,0.5414
HEARTS FOUR CLUBS ACE,0.3706,0.0034,0.626
DIAMONDS ACE CLUBS ACE,0.1464,0.0048,0.8488
SPADES NINE DIAMONDS QUEEN,0.3276,0.0104,0.662
SPADES NINE HEARTS TWO,0.4032,0.0496,0.5472
HEARTS TWO SPADES TWO,0.3424,0.145,0.5126
DIAMONDS QUEEN SPADES TWO,0.4116,0.014,0.5744
HEARTS TWO SPADES FOUR,0.4712,0.1704,0.3584
SPADES FOUR DIAMONDS QUEEN,0.3628,0.0132,0.624
CLUBS TEN HEARTS FOUR,0.3648,0.0314,0.6038
CLUBS TEN DIAMONDS ACE,0.3302,0.0034,0.6664
HEARTS TWO SPADES FIVE,0.4962,0.1462,0.3576
SPADES FIVE DIAMONDS QUEEN,0.3532,0.0158,0.631
HEARTS FOUR CLUBS JACK,0.3664,0.0204,0.6132
DIAMONDS ACE CLUBS JACK,0.3494,0.0056,0.645
CLUBS FIVE CLUBS KING,0.3436,0.0106,0.6458
CLUBS FIVE CLUBS QUEEN,0.3494,0.0144,0.6362
CLUBS FIVE CLUBS ACE,0.3328,0.0056,0.6616
CLUBS FIVE CLUBS JACK,0.339,0.0142,0.6468
CLUBS TEN CLUBS FIVE,0.3506,0.0282,0.6212
SPADES KING CLUBS JACK,0.3496,0.0074,0.643
SPADES QUEEN CLUBS JACK,0.338,0.011,0.651
SPADES ACE CLUBS JACK,0.3308,0.0066,0.6626
SPADES SIX CLUBS KING,0.2408,0.0426,0.7166
SPADES SIX CLUBS QUEEN,0.2512,0.0566,0.6922
SPADES EIGHT HEARTS JACK,0.3416,0.0176,0.6408
SPADES SIX CLUBS ACE,0.2406,0.0284,0.731
SPADES EIGHT HEARTS TEN,0.3252,0.0282,0.6466
SPADES SIX CLUBS JACK,0.2598,0.0638,0.6764
CLUBS TEN SPADES SIX,0.2516,0.0826,0.6658
SPADES TEN CLUBS JACK,0.327,0.0142,0.6588
SPADES JACK CLUBS JACK,0.1402,0.0466,0.8132
SPADES QUEEN CLUBS SEVEN,0.3458,0.0112,0.643
SPADES KING CLUBS SEVEN,0.3378,0.008,0.6542
SPADES ACE CLUBS SEVEN,0.3294,0.0032,0.6674
SPADES SIX HEARTS TEN,0.2478,0.081,0.6712
SPADES SIX HEARTS JACK,0.262,0.0582,0.6798
SPADES SIX HEARTS ACE,0.2524,0.0288,0.7188
SPADES SIX HEARTS KING,0.2382,0.0452,0.7166
SPADES SIX HEARTS QUEEN,0.2376,0.0586,0.7038
CLUBS SEVEN SPADES JACK,0.339,0.017,0.644
CLUBS SEVEN SPADES TEN,0.3316,0.0276,0.6408
CLUBS TEN HEARTS SIX,0.2522,0.078,0.6698
HEARTS SIX CLUBS JACK,0.2456,0.0636,0.6908
CLUBS ACE CLUBS JACK,0.3228,0.0042,0.673
HEARTS SIX CLUBS QUEEN,0.25,0.0568,0.6932
HEARTS SIX CLUBS KING,0.2534,0.0414,0.7052
HEARTS SIX CLUBS ACE,0.2466,0.0254,0.728
CLUBS QUEEN CLUBS JACK,0.3312,0.008,0.6608
CLUBS KING CLUBS JACK,0.313,0.0074,0.6796
DIAMONDS THREE HEARTS ACE,0.2454,0.0162,0.7384
DIAMONDS THREE HEARTS QUEEN,0.2736,0.0398,0.6866
DIAMONDS THREE HEARTS KING,0.2596,0.0274,0.713
CLUBS FIVE HEARTS JACK,0.3582,0.0212,0.6206
SPADES TEN DIAMONDS ACE,0.3332,0.0028,0.664
HEARTS FOUR SPADES TEN,0.3722,0.025,0.6028
CLUBS FIVE HEARTS TEN,0.3664,0.0314,0.6022
HEARTS FOUR SPADES JACK,0.3682,0.022,0.6098
SPADES JACK DIAMONDS ACE,0.3262,0.0052,0.6686
SPADES ACE HEARTS FOUR,0.361,0.0044,0.6346
SPADES ACE DIAMONDS ACE,0.1344,0.0046,0.861
CLUBS FIVE HEARTS ACE,0.3642,0.0046,0.6312
CLUBS FIVE HEARTS KING,0.3698,0.0086,0.6216
HEARTS FOUR SPADES QUEEN,0.3748,0.013,0.6122
SPADES QUEEN DIAMONDS ACE,0.3342,0.0076,0.6582
SPADES FOUR CLUBS JACK,0.3652,0.0188,0.616
CLUBS FIVE HEARTS QUEEN,0.3784,0.0142,0.6074
SPADES KING DIAMONDS ACE,0.331,0.0052,0.6638
SPADES KING HEARTS FOUR,0.374,0.007,0.619
CLUBS TEN SPADES FOUR,0.3764,0.0312,0.5924
DIAMONDS ACE DIAMONDS QUEEN,0.3202,0.0056,0.6742
DIAMONDS ACE HEARTS TWO,0.3844,0.0046,0.611
HEARTS FOUR DIAMONDS QUEEN,0.366,0.0162,0.6178
HEARTS FOUR HEARTS TWO,0.4472,0.164,0.3888
DIAMONDS THREE HEARTS TEN,0.275,0.0652,0.6598
SPADES FOUR CLUBS KING,0.3688,0.0098,0.6214
HEARTS FIVE DIAMONDS QUEEN,0.3586,0.0146,0.6268
HEARTS FIVE HEARTS TWO,0.4514,0.1516,0.397
DIAMONDS THREE HEARTS JACK,0.2552,0.0534,0.6914
SPADES FOUR CLUBS QUEEN,0.3636,0.0134,0.623
HEARTS TWO DIAMONDS QUEEN,0.4042,0.0138,0.582
DIAMONDS KING DIAMONDS QUEEN,0.3388,0.0094,0.6518
DIAMONDS KING HEARTS TWO,0.4082,0.011,0.5808
HEARTS THREE DIAMONDS QUEEN,0.2516,0.0398,0.7086
HEARTS THREE HEARTS TWO,0.4494,0.2602,0.2904
SPADES FOUR CLUBS ACE,0.3498,0.004,0.6462
HEARTS TWO CLUBS ACE,0.39,0.004,0.606
DIAMONDS QUEEN CLUBS ACE,0.3346,0.0056,0.6598
HEARTS TWO CLUBS QUEEN,0.4164,0.0134,0.5702
DIAMONDS QUEEN CLUBS QUEEN,0.158,0.0326,0.8094
HEARTS TWO CLUBS KING,0.4032,0.0098,0.587
DIAMONDS QUEEN CLUBS KING,0.3488,0.006,0.6452
SPADES EIGHT SPADES FIVE,0.3344,0.0716,0.594
CLUBS TEN HEARTS TWO,0.4098,0.0306,0.5596
CLUBS TEN DIAMONDS QUEEN,0.3328,0.008,0.6592
SPADES NINE SPADES FIVE,0.3458,0.0406,0.6136
HEARTS TWO CLUBS JACK,0.4114,0.0214,0.5672
DIAMONDS QUEEN CLUBS JACK,0.3286,0.0106,0.6608
SPADES SIX SPADES FIVE,0.2064,0.4246,0.369
SPADES SEVEN SPADES FIVE,0.3196,0.0968,0.5836
DIAMONDS FIVE CLUBS QUEEN,0.3836,0.0138,0.6026
SPADES EIGHT CLUBS ACE,0.3278,0.0054,0.6668
DIAMONDS FIVE CLUBS KING,0.3856,0.0096,0.6048
SPADES EIGHT CLUBS KING,0.3632,0.0088,0.628
CLUBS ACE DIAMONDS FIVE,0.3658,0.0034,0.6308
SPADES EIGHT CLUBS QUEEN,0.3338,0.0114,0.6548
SPADES EIGHT CLUBS JACK,0.3284,0.0186,0.653
CLUBS TEN SPADES EIGHT,0.3376,0.0294,0.633
CLUBS TEN DIAMONDS FIVE,0.3766,0.0298,0.5936
DIAMONDS FIVE CLUBS JACK,0.3786,0.0212,0.6002
DIAMONDS TEN HEARTS JACK,0.3282,0.0134,0.6584
DIAMONDS TEN HEARTS TEN,0.1442,0.0644,0.7914
SPADES ACE CLUBS NINE,0.3464,0.0046,0.649
CLUBS NINE SPADES QUEEN,0.335,0.0138,0.6512
CLUBS NINE SPADES KING,0.3332,0.0072,0.6596
HEARTS SIX HEARTS KING,0.2416,0.0364,0.722
DIAMONDS KING SPADES SEVEN,0.3482,0.0076,0.6442
HEARTS THREE SPADES SEVEN,0.2402,0.1926,0.5672
SPADES KING DIAMONDS SEVEN,0.3416,0.0072,0.6512
HEARTS SIX HEARTS QUEEN,0.2412,0.05,0.7088
SPADES QUEEN DIAMONDS SEVEN,0.3398,0.012,0.6482
HEARTS THREE SPADES SIX,0.0118,0.971,0.0172
DIAMONDS KING SPADES SIX,0.2448,0.0426,0.7126
SPADES NINE DIAMONDS KING,0.32,0.0082,0.6718
SPADES NINE HEARTS THREE,0.2682,0.1006,0.6312
HEARTS SIX HEARTS ACE,0.241,0.0276,0.7314
DIAMONDS KING SPADES EIGHT,0.3332,0.0076,0.6592
SPADES EIGHT HEARTS THREE,0.2502,0.139,0.6108
SPADES ACE DIAMONDS SEVEN,0.3336,0.0068,0.6596
CLUBS NINE HEARTS THREE,0.269,0.1042,0.6268
CLUBS NINE DIAMONDS KING,0.3476,0.0088,0.6436
CLUBS EIGHT HEARTS THREE,0.2606,0.1338,0.6056
CLUBS EIGHT DIAMONDS KING,0.3478,0.0086,0.6436
HEARTS THREE SPADES TWO,0.4944,0.27,0.2356
DIAMONDS KING SPADES TWO,0.406,0.012,0.582
HEARTS THREE SPADES FIVE,0.478,0.2726,0.2494
DIAMONDS KING SPADES FIVE,0.3736,0.0084,0.618
HEARTS THREE SPADES FOUR,0.4858,0.2662,0.248
DIAMONDS KING SPADES FOUR,0.3602,0.01,0.6298
DIAMONDS KING CLUBS TWO,0.3956,0.0106,0.5938
HEARTS THREE CLUBS TWO,0.4782,0.2686,0.2532
