opposingHand,winningChance,drawChance,lostChance
SPADES TEN DIAMONDS NINE
HEARTS FIVE SPADES JACK,0.4488,0.0198,0.5314
SPADES FIVE CLUBS JACK,0.457,0.017,0.526
CLUBS TEN SPADES FIVE,0.6122,0.1726,0.2152
CLUBS EIGHT CLUBS JACK,0.3998,0.0156,0.5846
CLUBS TEN CLUBS EIGHT,0.5574,0.1702,0.2724
CLUBS EIGHT CLUBS KING,0.3978,0.0084,0.5938
SPADES FIVE CLUBS ACE,0.4508,0.0064,0.5428
CLUBS EIGHT CLUBS QUEEN,0.4044,0.009,0.5866
SPADES FIVE CLUBS KING,0.4556,0.0038,0.5406
SPADES FIVE CLUBS QUEEN,0.4532,0.0116,0.5352
CLUBS EIGHT CLUBS ACE,0.3936,0.0028,0.6036
DIAMONDS TWO DIAMONDS THREE,0.6164,0.0232,0.3604
DIAMONDS TWO DIAMONDS FIVE,0.6106,0.0254,0.364
HEARTS FIVE SPADES KING,0.454,0.0074,0.5386
DIAMONDS TWO DIAMONDS FOUR,0.615,0.0222,0.3628
HEARTS FIVE SPADES QUEEN,0.4362,0.0106,0.5532
DIAMONDS TWO DIAMONDS SEVEN,0.6474,0.0228,0.3298
DIAMONDS TWO DIAMONDS SIX,0.6208,0.0208,0.3584
SPADES ACE HEARTS FIVE,0.4392,0.0052,0.5556
DIAMONDS TWO DIAMONDS EIGHT,0.6452,0.0198,0.335
DIAMONDS THREE DIAMONDS FOUR,0.6002,0.0246,0.3752
SPADES FOUR CLUBS TWO,0.638,0.0228,0.3392
DIAMONDS THREE DIAMONDS FIVE,0.609,0.024,0.367
SPADES FIVE CLUBS TWO,0.6486,0.0244,0.327
CLUBS TWO SPADES TWO,0.4814,0.0376,0.481
CLUBS TWO SPADES THREE,0.6592,0.022,0.3188
DIAMONDS THREE DIAMONDS EIGHT,0.663,0.0256,0.3114
SPADES EIGHT CLUBS TWO,0.6826,0.0252,0.2922
SPADES NINE CLUBS TWO,0.7086,0.0794,0.212
DIAMONDS THREE DIAMONDS SIX,0.6168,0.0248,0.3584
SPADES SIX CLUBS TWO,0.6542,0.0248,0.321
DIAMONDS THREE DIAMONDS SEVEN,0.6536,0.0192,0.3272
SPADES SEVEN CLUBS TWO,0.6748,0.0252,0.3
CLUBS SIX CLUBS TWO,0.6234,0.0252,0.3514
CLUBS SEVEN CLUBS TWO,0.6426,0.0238,0.3336
CLUBS FOUR CLUBS TWO,0.6016,0.0262,0.3722
CLUBS FIVE CLUBS TWO,0.6022,0.024,0.3738
CLUBS TEN CLUBS JACK,0.2342,0.0482,0.7176
DIAMONDS FOUR DIAMONDS SIX,0.6062,0.0262,0.3676
CLUBS TEN CLUBS QUEEN,0.25,0.041,0.709
DIAMONDS FOUR DIAMONDS SEVEN,0.62,0.0234,0.3566
CLUBS TEN CLUBS KING,0.2442,0.0324,0.7234
CLUBS TEN CLUBS ACE,0.2582,0.019,0.7228
CLUBS EIGHT CLUBS TWO,0.633,0.022,0.345
DIAMONDS FIVE DIAMONDS FOUR,0.5886,0.0266,0.3848
CLUBS NINE CLUBS TWO,0.6636,0.0698,0.2666
DIAMONDS EIGHT DIAMONDS FOUR,0.646,0.0196,0.3344
CLUBS THREE CLUBS TWO,0.607,0.0218,0.3712
DIAMONDS TWO CLUBS JACK,0.4344,0.0152,0.5504
DIAMONDS EIGHT DIAMONDS FIVE,0.622,0.0204,0.3576
CLUBS TEN DIAMONDS TWO,0.604,0.1706,0.2254
DIAMONDS FIVE DIAMONDS SEVEN,0.612,0.026,0.362
DIAMONDS FIVE DIAMONDS SIX,0.596,0.0238,0.3802
DIAMONDS TWO CLUBS ACE,0.4516,0.0052,0.5432
DIAMONDS TWO CLUBS KING,0.4374,0.0092,0.5534
DIAMONDS TWO CLUBS QUEEN,0.4524,0.0096,0.538
DIAMONDS EIGHT DIAMONDS SIX,0.632,0.022,0.346
HEARTS ACE SPADES THREE,0.4448,0.0052,0.55
SPADES THREE HEARTS KING,0.459,0.007,0.534
DIAMONDS SEVEN DIAMONDS SIX,0.5982,0.0214,0.3804
SPADES THREE HEARTS QUEEN,0.4474,0.012,0.5406
SPADES THREE HEARTS JACK,0.4396,0.0176,0.5428
SPADES THREE HEARTS TEN,0.6188,0.1648,0.2164
DIAMONDS EIGHT DIAMONDS SEVEN,0.6028,0.0244,0.3728
DIAMONDS KING HEARTS TEN,0.262,0.0366,0.7014
HEARTS THREE HEARTS TEN,0.558,0.1602,0.2818
SPADES JACK CLUBS SIX,0.4394,0.0166,0.544
DIAMONDS KING HEARTS JACK,0.3448,0.0058,0.6494
HEARTS THREE HEARTS JACK,0.4172,0.0178,0.565
SPADES JACK SPADES FIVE,0.4344,0.0154,0.5502
DIAMONDS KING HEARTS ACE,0.3626,0.0044,0.633
HEARTS THREE HEARTS ACE,0.4022,0.0028,0.595
SPADES ACE CLUBS SIX,0.4368,0.0044,0.5588
DIAMONDS KING HEARTS QUEEN,0.35,0.0074,0.6426
HEARTS THREE HEARTS QUEEN,0.419,0.0086,0.5724
SPADES KING CLUBS SIX,0.4334,0.0066,0.56
DIAMONDS KING HEARTS KING,0.1814,0.0116,0.807
HEARTS THREE HEARTS KING,0.4218,0.0058,0.5724
SPADES QUEEN CLUBS SIX,0.4428,0.0116,0.5456
SPADES NINE HEARTS TEN,0.0184,0.973,0.0086
SPADES NINE HEARTS JACK,0.2654,0.0522,0.6824
SPADES QUEEN SPADES FIVE,0.4278,0.0088,0.5634
SPADES KING SPADES FIVE,0.4366,0.0076,0.5558
SPADES ACE SPADES FIVE,0.417,0.0056,0.5774
SPADES NINE HEARTS QUEEN,0.2856,0.037,0.6774
SPADES NINE HEARTS KING,0.292,0.026,0.682
SPADES NINE HEARTS ACE,0.3004,0.0146,0.685
CLUBS TEN SPADES JACK,0.2502,0.0516,0.6982
SPADES ACE CLUBS TEN,0.258,0.021,0.721
SPADES KING CLUBS TEN,0.2626,0.0338,0.7036
CLUBS TEN SPADES QUEEN,0.2498,0.0424,0.7078
SPADES FIVE HEARTS QUEEN,0.4574,0.0106,0.532
SPADES FIVE HEARTS KING,0.4568,0.0068,0.5364
SPADES FIVE HEARTS ACE,0.4524,0.0046,0.543
SPADES JACK HEARTS THREE,0.4314,0.0146,0.554
SPADES JACK DIAMONDS KING,0.3496,0.006,0.6444
SPADES JACK CLUBS EIGHT,0.411,0.0148,0.5742
CLUBS SIX HEARTS ACE,0.44,0.0026,0.5574
SPADES ACE CLUBS EIGHT,0.42,0.006,0.574
HEARTS FIVE CLUBS JACK,0.4622,0.0132,0.5246
HEARTS FIVE CLUBS TEN,0.6064,0.1704,0.2232
CLUBS SIX HEARTS QUEEN,0.4416,0.0096,0.5488
SPADES QUEEN CLUBS EIGHT,0.4218,0.013,0.5652
CLUBS TEN SPADES THREE,0.61,0.174,0.216
CLUBS SIX HEARTS KING,0.4406,0.0056,0.5538
SPADES KING CLUBS EIGHT,0.4338,0.0056,0.5606
SPADES THREE CLUBS JACK,0.4606,0.0162,0.5232
DIAMONDS TWO HEARTS JACK,0.4564,0.017,0.5266
SPADES THREE CLUBS QUEEN,0.4506,0.0132,0.5362
DIAMONDS TWO HEARTS TEN,0.616,0.1748,0.2092
SPADES THREE CLUBS KING,0.445,0.0074,0.5476
HEARTS FIVE CLUBS ACE,0.4448,0.0048,0.5504
SPADES FIVE HEARTS TEN,0.6112,0.176,0.2128
SPADES THREE CLUBS ACE,0.4528,0.004,0.5432
HEARTS FIVE CLUBS KING,0.4552,0.0082,0.5366
SPADES FIVE HEARTS JACK,0.453,0.0144,0.5326
HEARTS FIVE CLUBS QUEEN,0.4492,0.0098,0.541
HEARTS THREE CLUBS KING,0.4502,0.0078,0.542
DIAMONDS KING CLUBS KING,0.1726,0.0082,0.8192
HEARTS THREE CLUBS QUEEN,0.4456,0.0112,0.5432
DIAMONDS KING CLUBS QUEEN,0.3516,0.0072,0.6412
HEARTS FIVE HEARTS JACK,0.4188,0.014,0.5672
HEARTS FIVE HEARTS TEN,0.5648,0.1614,0.2738
HEARTS THREE CLUBS ACE,0.4412,0.0034,0.5554
DIAMONDS KING CLUBS ACE,0.3622,0.004,0.6338
SPADES ACE CLUBS QUEEN,0.358,0.0052,0.6368
SPADES KING CLUBS QUEEN,0.3658,0.006,0.6282
HEARTS THREE CLUBS JACK,0.4502,0.0112,0.5386
DIAMONDS KING CLUBS JACK,0.3552,0.0062,0.6386
SPADES QUEEN CLUBS QUEEN,0.1652,0.0164,0.8184
CLUBS TEN HEARTS THREE,0.6152,0.1632,0.2216
CLUBS TEN DIAMONDS KING,0.2632,0.0356,0.7012
SPADES JACK CLUBS QUEEN,0.3362,0.0088,0.655
CLUBS SIX CLUBS QUEEN,0.4234,0.008,0.5686
CLUBS SIX CLUBS KING,0.4212,0.007,0.5718
CLUBS SIX CLUBS ACE,0.4138,0.004,0.5822
HEARTS FIVE HEARTS KING,0.4332,0.0068,0.56
HEARTS FIVE HEARTS QUEEN,0.4164,0.0106,0.573
CLUBS TEN CLUBS SIX,0.5656,0.1596,0.2748
HEARTS FIVE HEARTS ACE,0.415,0.004,0.581
CLUBS SIX CLUBS JACK,0.411,0.0162,0.5728
SPADES SEVEN HEARTS JACK,0.4222,0.0166,0.5612
SPADES SEVEN HEARTS TEN,0.6022,0.1658,0.232
DIAMONDS TWO CLUBS TWO,0.469,0.0464,0.4846
DIAMONDS TWO CLUBS THREE,0.6402,0.0258,0.334
DIAMONDS TWO HEARTS SIX,0.6464,0.0264,0.3272
DIAMONDS TWO HEARTS QUEEN,0.4472,0.0118,0.541
HEARTS SEVEN DIAMONDS TWO,0.6768,0.0222,0.301
DIAMONDS TWO HEARTS KING,0.4466,0.0064,0.547
DIAMONDS TWO HEARTS EIGHT,0.6878,0.0212,0.291
DIAMONDS TWO HEARTS ACE,0.4468,0.0046,0.5486
DIAMONDS TWO HEARTS NINE,0.6932,0.08,0.2268
DIAMONDS TWO DIAMONDS QUEEN,0.432,0.01,0.558
DIAMONDS TWO HEARTS TWO,0.4706,0.0422,0.4872
DIAMONDS TWO DIAMONDS KING,0.4308,0.0072,0.562
DIAMONDS TWO HEARTS THREE,0.6436,0.0232,0.3332
DIAMONDS TWO DIAMONDS ACE,0.4138,0.0052,0.581
HEARTS FOUR DIAMONDS TWO,0.6506,0.0262,0.3232
HEARTS FIVE DIAMONDS TWO,0.6492,0.0242,0.3266
SPADES SEVEN HEARTS ACE,0.4368,0.0034,0.5598
DIAMONDS TWO DIAMONDS TEN,0.5884,0.1602,0.2514
SPADES SEVEN HEARTS KING,0.4324,0.0054,0.5622
DIAMONDS TWO DIAMONDS JACK,0.4352,0.0172,0.5476
SPADES SEVEN HEARTS QUEEN,0.4424,0.0106,0.547
DIAMONDS TWO SPADES NINE,0.7126,0.0836,0.2038
DIAMONDS TWO SPADES EIGHT,0.686,0.0252,0.2888
DIAMONDS TWO SPADES SEVEN,0.677,0.0246,0.2984
DIAMONDS TWO SPADES SIX,0.6654,0.025,0.3096
DIAMONDS TWO SPADES FIVE,0.6506,0.023,0.3264
DIAMONDS TWO SPADES FOUR,0.6514,0.023,0.3256
DIAMONDS TWO SPADES THREE,0.6564,0.0262,0.3174
DIAMONDS TWO SPADES TWO,0.466,0.047,0.487
CLUBS NINE DIAMONDS TWO,0.7132,0.0758,0.211
DIAMONDS TWO CLUBS EIGHT,0.6842,0.0242,0.2916
CLUBS SEVEN DIAMONDS TWO,0.6752,0.026,0.2988
DIAMONDS TWO CLUBS SIX,0.6558,0.0254,0.3188
DIAMONDS TWO CLUBS FIVE,0.6492,0.0248,0.326
DIAMONDS TWO CLUBS FOUR,0.6574,0.0272,0.3154
CLUBS FOUR SPADES FIVE,0.6296,0.0248,0.3456
CLUBS FOUR SPADES FOUR,0.4688,0.0408,0.4904
CLUBS FOUR SPADES THREE,0.6334,0.0258,0.3408
CLUBS FOUR SPADES TWO,0.6494,0.0242,0.3264
SPADES NINE CLUBS FOUR,0.7106,0.0786,0.2108
SPADES EIGHT CLUBS FOUR,0.6734,0.025,0.3016
SPADES SEVEN CLUBS FOUR,0.659,0.0248,0.3162
SPADES SIX CLUBS FOUR,0.6362,0.0212,0.3426
SPADES ACE DIAMONDS SIX,0.4356,0.0062,0.5582
SPADES QUEEN DIAMONDS SIX,0.4468,0.0094,0.5438
SPADES KING DIAMONDS SIX,0.4264,0.0072,0.5664
SPADES JACK DIAMONDS SIX,0.439,0.0128,0.5482
SPADES QUEEN SPADES TWO,0.4312,0.0112,0.5576
SPADES KING SPADES TWO,0.429,0.0092,0.5618
SPADES ACE SPADES TWO,0.4216,0.0054,0.573
DIAMONDS JACK CLUBS JACK,0.157,0.0226,0.8204
CLUBS TEN DIAMONDS JACK,0.2322,0.0528,0.715
DIAMONDS JACK CLUBS KING,0.3572,0.007,0.6358
DIAMONDS JACK CLUBS QUEEN,0.3314,0.0108,0.6578
DIAMONDS THREE DIAMONDS JACK,0.4288,0.0168,0.5544
DIAMONDS THREE DIAMONDS TEN,0.5824,0.1576,0.26
DIAMONDS JACK CLUBS ACE,0.3588,0.0036,0.6376
DIAMONDS THREE DIAMONDS KING,0.4216,0.0072,0.5712
DIAMONDS THREE HEARTS THREE,0.4712,0.0402,0.4886
DIAMONDS THREE DIAMONDS QUEEN,0.436,0.0116,0.5524
DIAMONDS THREE HEARTS TWO,0.6414,0.0244,0.3342
HEARTS FIVE DIAMONDS THREE,0.6212,0.0276,0.3512
DIAMONDS THREE DIAMONDS ACE,0.424,0.0044,0.5716
HEARTS FOUR DIAMONDS THREE,0.623,0.026,0.351
HEARTS SEVEN DIAMONDS THREE,0.6676,0.026,0.3064
HEARTS SIX DIAMONDS THREE,0.6566,0.0224,0.321
SPADES JACK SPADES NINE,0.2342,0.0554,0.7104
DIAMONDS THREE HEARTS NINE,0.6898,0.084,0.2262
HEARTS JACK DIAMONDS FOUR,0.4508,0.0164,0.5328
HEARTS ACE HEARTS KING,0.3518,0.0042,0.644
DIAMONDS THREE HEARTS EIGHT,0.6778,0.0286,0.2936
HEARTS TEN DIAMONDS FOUR,0.6026,0.18,0.2174
SPADES JACK SPADES TWO,0.4256,0.0164,0.558
HEARTS QUEEN DIAMONDS FOUR,0.4416,0.0092,0.5492
HEARTS KING DIAMONDS FOUR,0.456,0.0074,0.5366
SPADES ACE SPADES NINE,0.2884,0.0198,0.6918
HEARTS ACE DIAMONDS FOUR,0.4386,0.0034,0.558
SPADES KING SPADES NINE,0.2776,0.0288,0.6936
SPADES QUEEN SPADES NINE,0.2574,0.0392,0.7034
DIAMONDS THREE SPADES NINE,0.7114,0.0722,0.2164
DIAMONDS THREE SPADES EIGHT,0.6916,0.0276,0.2808
DIAMONDS THREE SPADES SEVEN,0.6724,0.0252,0.3024
DIAMONDS THREE SPADES SIX,0.6396,0.0282,0.3322
DIAMONDS THREE CLUBS SIX,0.633,0.026,0.341
CLUBS FIVE CLUBS SIX,0.587,0.023,0.39
CLUBS ACE DIAMONDS FOUR,0.442,0.0048,0.5532
CLUBS SEVEN DIAMONDS THREE,0.6626,0.0256,0.3118
CLUBS SEVEN CLUBS FIVE,0.607,0.0222,0.3708
DIAMONDS THREE CLUBS FOUR,0.6294,0.0234,0.3472
DIAMONDS FOUR CLUBS QUEEN,0.4418,0.0098,0.5484
DIAMONDS THREE CLUBS FIVE,0.6364,0.025,0.3386
CLUBS KING DIAMONDS FOUR,0.4566,0.0058,0.5376
DIAMONDS THREE CLUBS TWO,0.6246,0.0286,0.3468
CLUBS TEN DIAMONDS FOUR,0.5984,0.1798,0.2218
DIAMONDS THREE CLUBS THREE,0.4628,0.0418,0.4954
DIAMONDS FOUR CLUBS JACK,0.4448,0.0196,0.5356
DIAMONDS THREE SPADES FOUR,0.6398,0.0274,0.3328
DIAMONDS THREE SPADES FIVE,0.6422,0.0246,0.3332
DIAMONDS THREE SPADES TWO,0.6568,0.0214,0.3218
DIAMONDS THREE SPADES THREE,0.4666,0.0498,0.4836
CLUBS EIGHT DIAMONDS THREE,0.6816,0.0242,0.2942
CLUBS NINE DIAMONDS THREE,0.6956,0.0842,0.2202
SPADES SEVEN CLUBS ACE,0.4358,0.0026,0.5616
SPADES SEVEN CLUBS QUEEN,0.451,0.0088,0.5402
SPADES SEVEN CLUBS KING,0.4456,0.0072,0.5472
CLUBS FIVE SPADES SEVEN,0.6358,0.0308,0.3334
CLUBS TEN SPADES SEVEN,0.5988,0.1836,0.2176
CLUBS FIVE SPADES SIX,0.6154,0.0254,0.3592
SPADES SEVEN CLUBS JACK,0.4386,0.018,0.5434
SPADES NINE CLUBS FIVE,0.712,0.0756,0.2124
CLUBS FIVE SPADES EIGHT,0.6574,0.0266,0.316
CLUBS FIVE SPADES THREE,0.6336,0.0232,0.3432
CLUBS FIVE SPADES TWO,0.6292,0.028,0.3428
CLUBS FIVE SPADES FIVE,0.4654,0.0422,0.4924
CLUBS FIVE SPADES FOUR,0.6338,0.027,0.3392
CLUBS NINE CLUBS FIVE,0.6482,0.0726,0.2792
CLUBS EIGHT CLUBS FIVE,0.607,0.0234,0.3696
CLUBS ACE CLUBS QUEEN,0.3394,0.0042,0.6564
CLUBS KING CLUBS QUEEN,0.3416,0.0068,0.6516
DIAMONDS TEN DIAMONDS FOUR,0.5772,0.1646,0.2582
DIAMONDS JACK DIAMONDS FOUR,0.4268,0.013,0.5602
SPADES NINE CLUBS JACK,0.2564,0.0492,0.6944
CLUBS TEN SPADES NINE,0.0198,0.9704,0.0098
DIAMONDS ACE DIAMONDS FOUR,0.4262,0.0036,0.5702
HEARTS FOUR DIAMONDS FOUR,0.4636,0.0458,0.4906
DIAMONDS JACK HEARTS TEN,0.2356,0.0586,0.7058
SPADES NINE CLUBS KING,0.2848,0.03,0.6852
HEARTS FIVE DIAMONDS FOUR,0.6404,0.0222,0.3374
DIAMONDS JACK HEARTS JACK,0.1588,0.0242,0.817
SPADES NINE CLUBS QUEEN,0.266,0.0358,0.6982
DIAMONDS TWO SPADES JACK,0.4428,0.0186,0.5386
DIAMONDS QUEEN DIAMONDS FOUR,0.4226,0.0112,0.5662
HEARTS TWO DIAMONDS FOUR,0.6522,0.0258,0.322
DIAMONDS KING DIAMONDS FOUR,0.4298,0.0066,0.5636
HEARTS THREE DIAMONDS FOUR,0.6286,0.0236,0.3478
SPADES NINE CLUBS ACE,0.3074,0.0174,0.6752
HEARTS ACE DIAMONDS JACK,0.3642,0.0038,0.632
SPADES ACE DIAMONDS TWO,0.4346,0.0066,0.5588
HEARTS QUEEN DIAMONDS JACK,0.3352,0.01,0.6548
SPADES QUEEN DIAMONDS TWO,0.4506,0.0132,0.5362
HEARTS KING DIAMONDS JACK,0.3428,0.0058,0.6514
SPADES KING DIAMONDS TWO,0.4582,0.0112,0.5306
SPADES JACK SPADES SEVEN,0.4082,0.0164,0.5754
CLUBS SEVEN CLUBS THREE,0.6128,0.0216,0.3656
CLUBS SIX CLUBS THREE,0.6178,0.019,0.3632
CLUBS FIVE CLUBS THREE,0.5992,0.0232,0.3776
CLUBS THREE CLUBS FOUR,0.5878,0.022,0.3902
CLUBS NINE CLUBS THREE,0.6596,0.0692,0.2712
CLUBS EIGHT CLUBS THREE,0.639,0.0214,0.3396
CLUBS THREE SPADES FIVE,0.6318,0.0226,0.3456
CLUBS THREE SPADES FOUR,0.6306,0.0238,0.3456
CLUBS THREE SPADES THREE,0.459,0.0462,0.4948
CLUBS THREE SPADES TWO,0.6468,0.0216,0.3316
CLUBS THREE SPADES SIX,0.6564,0.0246,0.319
SPADES SEVEN CLUBS THREE,0.6644,0.0276,0.308
SPADES EIGHT CLUBS THREE,0.6852,0.0216,0.2932
SPADES NINE CLUBS THREE,0.6932,0.0756,0.2312
SPADES TWO DIAMONDS FOUR,0.6548,0.0276,0.3176
SPADES THREE DIAMONDS FOUR,0.6418,0.0234,0.3348
SPADES FOUR DIAMONDS FOUR,0.4648,0.0402,0.495
SPADES FIVE DIAMONDS FOUR,0.636,0.0232,0.3408
SPADES SIX DIAMONDS FOUR,0.6456,0.0264,0.328
SPADES SEVEN DIAMONDS FOUR,0.6564,0.0248,0.3188
SPADES EIGHT DIAMONDS FOUR,0.6724,0.0232,0.3044
SPADES NINE DIAMONDS FOUR,0.7062,0.0736,0.2202
CLUBS FIVE DIAMONDS FOUR,0.6238,0.0234,0.3528
CLUBS FOUR DIAMONDS FOUR,0.4652,0.046,0.4888
CLUBS SEVEN DIAMONDS FOUR,0.6468,0.0224,0.3308
CLUBS SIX DIAMONDS FOUR,0.632,0.023,0.345
CLUBS NINE DIAMONDS FOUR,0.7008,0.074,0.2252
CLUBS EIGHT DIAMONDS FOUR,0.6756,0.0272,0.2972
HEARTS SEVEN DIAMONDS FOUR,0.656,0.0266,0.3174
HEARTS SIX DIAMONDS FOUR,0.6328,0.0248,0.3424
DIAMONDS FOUR HEARTS NINE,0.7122,0.0694,0.2184
DIAMONDS FOUR HEARTS EIGHT,0.6648,0.025,0.3102
CLUBS THREE DIAMONDS FOUR,0.6304,0.0256,0.344
CLUBS TWO DIAMONDS FOUR,0.6416,0.0244,0.334
DIAMONDS TEN DIAMONDS FIVE,0.579,0.1606,0.2604
DIAMONDS JACK DIAMONDS FIVE,0.4222,0.018,0.5598
CLUBS KING DIAMONDS SIX,0.4478,0.0084,0.5438
CLUBS QUEEN DIAMONDS SIX,0.4434,0.0128,0.5438
CLUBS ACE DIAMONDS SIX,0.4524,0.004,0.5436
SPADES KING DIAMONDS FOUR,0.4404,0.008,0.5516
SPADES ACE SPADES SEVEN,0.4202,0.0048,0.575
SPADES QUEEN DIAMONDS FOUR,0.4466,0.0118,0.5416
SPADES QUEEN SPADES SEVEN,0.4124,0.0128,0.5748
CLUBS JACK DIAMONDS SIX,0.4454,0.017,0.5376
SPADES KING SPADES SEVEN,0.4106,0.0072,0.5822
SPADES ACE DIAMONDS FOUR,0.4414,0.0058,0.5528
CLUBS TEN DIAMONDS SIX,0.6094,0.17,0.2206
CLUBS NINE CLUBS FOUR,0.6544,0.074,0.2716
CLUBS EIGHT CLUBS FOUR,0.6166,0.0192,0.3642
SPADES JACK DIAMONDS FOUR,0.442,0.0176,0.5404
CLUBS FIVE CLUBS FOUR,0.5872,0.02,0.3928
CLUBS SEVEN CLUBS FOUR,0.6048,0.0206,0.3746
CLUBS SIX CLUBS FOUR,0.5876,0.0252,0.3872
CLUBS SEVEN SPADES EIGHT,0.6402,0.021,0.3388
CLUBS SEVEN SPADES NINE,0.6832,0.0688,0.248
CLUBS SEVEN SPADES SIX,0.6356,0.0222,0.3422
CLUBS SEVEN SPADES SEVEN,0.4348,0.0396,0.5256
CLUBS SEVEN SPADES FIVE,0.6458,0.0262,0.328
CLUBS SEVEN SPADES FOUR,0.65,0.0256,0.3244
CLUBS SEVEN SPADES THREE,0.6566,0.0278,0.3156
CLUBS SEVEN SPADES TWO,0.6784,0.027,0.2946
CLUBS NINE CLUBS SEVEN,0.6322,0.0706,0.2972
CLUBS SEVEN CLUBS EIGHT,0.596,0.0254,0.3786
HEARTS SIX DIAMONDS FIVE,0.638,0.025,0.337
HEARTS SEVEN DIAMONDS FIVE,0.6478,0.0206,0.3316
DIAMONDS FIVE HEARTS EIGHT,0.6576,0.0272,0.3152
DIAMONDS FIVE HEARTS NINE,0.7048,0.0814,0.2138
DIAMONDS QUEEN DIAMONDS FIVE,0.4378,0.0076,0.5546
HEARTS TWO DIAMONDS FIVE,0.6514,0.0208,0.3278
HEARTS KING HEARTS EIGHT,0.4068,0.0064,0.5868
DIAMONDS KING DIAMONDS FIVE,0.4134,0.0076,0.579
HEARTS THREE DIAMONDS FIVE,0.6332,0.0252,0.3416
HEARTS QUEEN HEARTS EIGHT,0.4062,0.0116,0.5822
DIAMONDS ACE DIAMONDS FIVE,0.4342,0.0048,0.561
HEARTS FOUR DIAMONDS FIVE,0.6416,0.0238,0.3346
HEARTS FIVE DIAMONDS FIVE,0.4648,0.0424,0.4928
HEARTS ACE HEARTS EIGHT,0.4098,0.0042,0.586
CLUBS FOUR DIAMONDS FIVE,0.6374,0.0228,0.3398
CLUBS FIVE DIAMONDS FIVE,0.471,0.0384,0.4906
CLUBS SIX DIAMONDS FIVE,0.6218,0.024,0.3542
CLUBS SEVEN DIAMONDS FIVE,0.6472,0.0202,0.3326
CLUBS TWO DIAMONDS FIVE,0.6414,0.0262,0.3324
CLUBS THREE DIAMONDS FIVE,0.6292,0.0258,0.345
SPADES THREE DIAMONDS FIVE,0.6456,0.0256,0.3288
SPADES TWO DIAMONDS FIVE,0.6444,0.0256,0.33
SPADES JACK DIAMONDS EIGHT,0.4098,0.0174,0.5728
SPADES FIVE DIAMONDS FIVE,0.4642,0.0474,0.4884
CLUBS TEN HEARTS JACK,0.2538,0.0504,0.6958
SPADES FOUR DIAMONDS FIVE,0.644,0.0206,0.3354
HEARTS JACK CLUBS JACK,0.173,0.0202,0.8068
HEARTS JACK CLUBS QUEEN,0.3474,0.0106,0.642
CLUBS NINE DIAMONDS FIVE,0.7054,0.0776,0.217
CLUBS KING HEARTS JACK,0.358,0.006,0.636
CLUBS EIGHT DIAMONDS FIVE,0.6504,0.0228,0.3268
CLUBS ACE HEARTS JACK,0.3638,0.0042,0.632
SPADES SEVEN DIAMONDS FIVE,0.6434,0.0278,0.3288
SPADES KING DIAMONDS EIGHT,0.4234,0.009,0.5676
SPADES SIX DIAMONDS FIVE,0.6382,0.0224,0.3394
SPADES QUEEN DIAMONDS EIGHT,0.414,0.012,0.574
SPADES NINE DIAMONDS FIVE,0.7148,0.0788,0.2064
SPADES EIGHT DIAMONDS FIVE,0.6614,0.0258,0.3128
SPADES ACE DIAMONDS EIGHT,0.4286,0.0058,0.5656
DIAMONDS TEN DIAMONDS SIX,0.5824,0.1548,0.2628
HEARTS ACE DIAMONDS SEVEN,0.4358,0.005,0.5592
DIAMONDS JACK DIAMONDS SIX,0.4214,0.0154,0.5632
HEARTS QUEEN DIAMONDS SEVEN,0.4486,0.0086,0.5428
HEARTS KING DIAMONDS SEVEN,0.4364,0.0076,0.556
DIAMONDS ACE DIAMONDS SIX,0.4208,0.0042,0.575
HEARTS FOUR DIAMONDS SIX,0.6364,0.024,0.3396
SPADES TWO HEARTS JACK,0.4586,0.016,0.5254
HEARTS FIVE DIAMONDS SIX,0.6274,0.0262,0.3464
SPADES TWO HEARTS TEN,0.6122,0.1672,0.2206
DIAMONDS QUEEN DIAMONDS SIX,0.4218,0.01,0.5682
HEARTS TWO DIAMONDS SIX,0.6598,0.026,0.3142
DIAMONDS KING DIAMONDS SIX,0.4146,0.008,0.5774
HEARTS THREE DIAMONDS SIX,0.6428,0.0236,0.3336
HEARTS EIGHT DIAMONDS SIX,0.6492,0.0206,0.3302
HEARTS NINE DIAMONDS SIX,0.6882,0.0744,0.2374
HEARTS SIX DIAMONDS SIX,0.4576,0.0438,0.4986
HEARTS SEVEN DIAMONDS SIX,0.6194,0.0242,0.3564
HEARTS TEN DIAMONDS SEVEN,0.6244,0.1738,0.2018
CLUBS TWO DIAMONDS SIX,0.6588,0.0234,0.3178
HEARTS JACK DIAMONDS SEVEN,0.426,0.0166,0.5574
CLUBS THREE DIAMONDS SIX,0.653,0.0248,0.3222
CLUBS SEVEN DIAMONDS SIX,0.6382,0.0176,0.3442
DIAMONDS EIGHT CLUBS JACK,0.4228,0.0172,0.56
CLUBS SIX DIAMONDS SIX,0.4484,0.0426,0.509
CLUBS TEN DIAMONDS EIGHT,0.599,0.1728,0.2282
CLUBS FIVE DIAMONDS SIX,0.626,0.0228,0.3512
CLUBS FOUR DIAMONDS SIX,0.6302,0.0246,0.3452
HEARTS ACE HEARTS JACK,0.3478,0.004,0.6482
DIAMONDS EIGHT CLUBS ACE,0.4272,0.0036,0.5692
HEARTS QUEEN HEARTS JACK,0.3238,0.0086,0.6676
DIAMONDS EIGHT CLUBS KING,0.4276,0.0056,0.5668
CLUBS NINE DIAMONDS SIX,0.6902,0.0746,0.2352
HEARTS KING HEARTS JACK,0.3342,0.008,0.6578
DIAMONDS EIGHT CLUBS QUEEN,0.4266,0.0106,0.5628
CLUBS EIGHT DIAMONDS SIX,0.6434,0.0212,0.3354
SPADES FIVE DIAMONDS SIX,0.636,0.0254,0.3386
HEARTS ACE SPADES TWO,0.4446,0.0056,0.5498
SPADES JACK HEARTS KING,0.3554,0.0044,0.6402
SPADES FOUR DIAMONDS SIX,0.638,0.0274,0.3346
SPADES THREE DIAMONDS SIX,0.6486,0.0254,0.326
HEARTS QUEEN SPADES TWO,0.4426,0.0096,0.5478
SPADES ACE SPADES KING,0.3478,0.0038,0.6484
SPADES TWO HEARTS KING,0.4496,0.0082,0.5422
SPADES TWO DIAMONDS SIX,0.6732,0.025,0.3018
HEARTS TEN HEARTS EIGHT,0.5688,0.1582,0.273
SPADES NINE DIAMONDS SIX,0.6958,0.0728,0.2314
HEARTS JACK HEARTS EIGHT,0.388,0.0142,0.5978
SPADES EIGHT DIAMONDS SIX,0.6546,0.0278,0.3176
SPADES SEVEN DIAMONDS SIX,0.645,0.0206,0.3344
SPADES SIX DIAMONDS SIX,0.4534,0.0406,0.506
SPADES KING HEARTS KING,0.175,0.0094,0.8156
SPADES QUEEN HEARTS KING,0.3504,0.0064,0.6432
CLUBS ACE CLUBS KING,0.3518,0.0044,0.6438
SPADES ACE HEARTS KING,0.361,0.0042,0.6348
SPADES ACE HEARTS JACK,0.3646,0.0046,0.6308
SPADES QUEEN HEARTS JACK,0.3418,0.011,0.6472
SPADES KING HEARTS JACK,0.3522,0.006,0.6418
SPADES JACK DIAMONDS TEN,0.2302,0.058,0.7118
SPADES ACE DIAMONDS TEN,0.2684,0.0224,0.7092
SPADES JACK HEARTS JACK,0.162,0.0256,0.8124
SPADES QUEEN DIAMONDS TEN,0.25,0.0458,0.7042
SPADES KING DIAMONDS TEN,0.253,0.0336,0.7134
SPADES NINE DIAMONDS SEVEN,0.702,0.0738,0.2242
SPADES EIGHT DIAMONDS SEVEN,0.6418,0.024,0.3342
SPADES SEVEN DIAMONDS SEVEN,0.4488,0.0418,0.5094
SPADES SIX DIAMONDS SEVEN,0.6398,0.026,0.3342
DIAMONDS KING DIAMONDS SEVEN,0.4154,0.0074,0.5772
HEARTS THREE DIAMONDS SEVEN,0.6618,0.0258,0.3124
HEARTS KING DIAMONDS FIVE,0.4544,0.0068,0.5388
DIAMONDS QUEEN DIAMONDS SEVEN,0.4184,0.01,0.5716
HEARTS TWO DIAMONDS SEVEN,0.6768,0.0256,0.2976
HEARTS QUEEN DIAMONDS FIVE,0.4622,0.0128,0.525
HEARTS FIVE DIAMONDS SEVEN,0.6288,0.0264,0.3448
DIAMONDS ACE DIAMONDS SEVEN,0.4188,0.0038,0.5774
HEARTS FOUR DIAMONDS SEVEN,0.6468,0.0244,0.3288
HEARTS ACE DIAMONDS FIVE,0.4382,0.004,0.5578
HEARTS SEVEN DIAMONDS SEVEN,0.4284,0.0388,0.5328
HEARTS SIX DIAMONDS SEVEN,0.6354,0.0196,0.345
DIAMONDS SEVEN HEARTS NINE,0.6782,0.0772,0.2446
HEARTS EIGHT DIAMONDS SEVEN,0.6434,0.0216,0.335
DIAMONDS JACK DIAMONDS SEVEN,0.4088,0.0164,0.5748
DIAMONDS FIVE HEARTS JACK,0.448,0.0164,0.5356
DIAMONDS TEN DIAMONDS SEVEN,0.5896,0.1522,0.2582
HEARTS TEN DIAMONDS FIVE,0.6216,0.171,0.2074
SPADES KING CLUBS TWO,0.4434,0.0074,0.5492
HEARTS KING CLUBS KING,0.1886,0.011,0.8004
CLUBS EIGHT DIAMONDS SEVEN,0.6334,0.0258,0.3408
SPADES QUEEN CLUBS TWO,0.4426,0.0088,0.5486
HEARTS KING CLUBS QUEEN,0.3638,0.0058,0.6304
CLUBS NINE DIAMONDS SEVEN,0.6898,0.078,0.2322
SPADES TWO CLUBS JACK,0.4592,0.0142,0.5266
SPADES ACE CLUBS TWO,0.4444,0.0046,0.551
CLUBS TEN SPADES TWO,0.613,0.1804,0.2066
HEARTS KING CLUBS ACE,0.3818,0.0032,0.615
CLUBS SEVEN CLUBS SIX,0.5872,0.0216,0.3912
SPADES TWO CLUBS KING,0.4444,0.0074,0.5482
SPADES TWO DIAMONDS SEVEN,0.6822,0.0258,0.292
CLUBS EIGHT CLUBS SIX,0.6052,0.0236,0.3712
SPADES THREE DIAMONDS SEVEN,0.667,0.0224,0.3106
SPADES TWO CLUBS QUEEN,0.44,0.0102,0.5498
CLUBS NINE CLUBS SIX,0.641,0.0762,0.2828
SPADES FOUR DIAMONDS SEVEN,0.6634,0.0208,0.3158
HEARTS KING CLUBS JACK,0.3568,0.0062,0.637
SPADES FIVE DIAMONDS SEVEN,0.6412,0.0274,0.3314
SPADES TWO CLUBS ACE,0.443,0.006,0.551
CLUBS TEN HEARTS KING,0.267,0.0352,0.6978
CLUBS SIX SPADES TWO,0.6598,0.0226,0.3176
CLUBS SIX SPADES THREE,0.648,0.0236,0.3284
CLUBS TWO DIAMONDS SEVEN,0.6802,0.0256,0.2942
CLUBS SIX SPADES FOUR,0.6422,0.0242,0.3336
CLUBS THREE DIAMONDS SEVEN,0.6704,0.0206,0.309
CLUBS SIX SPADES FIVE,0.6158,0.0226,0.3616
CLUBS FOUR DIAMONDS SEVEN,0.6468,0.0266,0.3266
CLUBS SIX SPADES SIX,0.4414,0.0406,0.518
CLUBS FIVE DIAMONDS SEVEN,0.6328,0.0234,0.3438
CLUBS SIX SPADES SEVEN,0.6324,0.025,0.3426
CLUBS SIX DIAMONDS SEVEN,0.6358,0.0248,0.3394
SPADES EIGHT CLUBS SIX,0.664,0.0208,0.3152
SPADES JACK CLUBS TWO,0.4432,0.0162,0.5406
CLUBS SEVEN DIAMONDS SEVEN,0.4466,0.0422,0.5112
SPADES NINE CLUBS SIX,0.6866,0.0714,0.242
CLUBS TWO CLUBS QUEEN,0.415,0.0114,0.5736
CLUBS TWO CLUBS KING,0.428,0.006,0.566
CLUBS THREE DIAMONDS EIGHT,0.6904,0.0218,0.2878
CLUBS TWO CLUBS ACE,0.4098,0.004,0.5862
CLUBS TWO DIAMONDS EIGHT,0.6846,0.0252,0.2902
HEARTS SEVEN DIAMONDS EIGHT,0.6342,0.0278,0.338
HEARTS SIX DIAMONDS EIGHT,0.6484,0.0216,0.33
DIAMONDS EIGHT HEARTS NINE,0.6898,0.077,0.2332
CLUBS TEN CLUBS TWO,0.5696,0.1648,0.2656
DIAMONDS EIGHT HEARTS EIGHT,0.428,0.0404,0.5316
CLUBS TWO CLUBS JACK,0.4268,0.0114,0.5618
CLUBS NINE DIAMONDS EIGHT,0.6916,0.0744,0.234
CLUBS EIGHT DIAMONDS EIGHT,0.4228,0.036,0.5412
CLUBS FIVE DIAMONDS EIGHT,0.6504,0.0248,0.3248
SPADES ACE SPADES THREE,0.429,0.0048,0.5662
CLUBS FOUR DIAMONDS EIGHT,0.6642,0.0266,0.3092
CLUBS SEVEN DIAMONDS EIGHT,0.6346,0.021,0.3444
SPADES QUEEN SPADES THREE,0.429,0.0104,0.5606
CLUBS SIX DIAMONDS EIGHT,0.6488,0.0226,0.3286
SPADES KING SPADES THREE,0.4248,0.0086,0.5666
DIAMONDS EIGHT DIAMONDS QUEEN,0.399,0.0102,0.5908
HEARTS TWO DIAMONDS EIGHT,0.6788,0.027,0.2942
DIAMONDS KING DIAMONDS EIGHT,0.4066,0.0084,0.585
HEARTS THREE DIAMONDS EIGHT,0.681,0.0232,0.2958
DIAMONDS ACE DIAMONDS EIGHT,0.4124,0.0058,0.5818
HEARTS FOUR DIAMONDS EIGHT,0.6688,0.025,0.3062
HEARTS FIVE DIAMONDS EIGHT,0.6528,0.0252,0.322
DIAMONDS TEN DIAMONDS EIGHT,0.5714,0.1606,0.268
DIAMONDS EIGHT DIAMONDS JACK,0.3922,0.0156,0.5922
SPADES JACK SPADES THREE,0.4214,0.0148,0.5638
CLUBS FOUR HEARTS ACE,0.4452,0.004,0.5508
CLUBS FOUR HEARTS QUEEN,0.4436,0.0114,0.545
CLUBS FOUR HEARTS KING,0.4512,0.006,0.5428
CLUBS SIX HEARTS TEN,0.5988,0.1678,0.2334
CLUBS SIX HEARTS JACK,0.4386,0.017,0.5444
SPADES FOUR DIAMONDS EIGHT,0.6786,0.0238,0.2976
SPADES FIVE DIAMONDS EIGHT,0.6614,0.0254,0.3132
DIAMONDS EIGHT SPADES TWO,0.6976,0.0218,0.2806
DIAMONDS EIGHT SPADES THREE,0.6922,0.023,0.2848
CLUBS FOUR HEARTS JACK,0.4574,0.0126,0.53
SPADES EIGHT DIAMONDS EIGHT,0.4418,0.0384,0.5198
SPADES JACK HEARTS EIGHT,0.4038,0.0154,0.5808
CLUBS FOUR HEARTS TEN,0.6204,0.1632,0.2164
SPADES NINE DIAMONDS EIGHT,0.7058,0.0708,0.2234
SPADES JACK HEARTS TWO,0.448,0.016,0.536
SPADES JACK DIAMONDS QUEEN,0.3298,0.0112,0.659
SPADES SIX DIAMONDS EIGHT,0.6492,0.0252,0.3256
SPADES SEVEN DIAMONDS EIGHT,0.6544,0.024,0.3216
SPADES ACE HEARTS TWO,0.4222,0.0036,0.5742
SPADES ACE DIAMONDS QUEEN,0.3614,0.0052,0.6334
SPADES ACE HEARTS EIGHT,0.4114,0.0042,0.5844
SPADES KING HEARTS EIGHT,0.4334,0.0062,0.5604
SPADES QUEEN HEARTS TWO,0.4306,0.011,0.5584
SPADES QUEEN DIAMONDS QUEEN,0.1638,0.019,0.8172
SPADES KING DIAMONDS QUEEN,0.3602,0.0076,0.6322
SPADES KING HEARTS TWO,0.4572,0.0074,0.5354
SPADES QUEEN HEARTS EIGHT,0.4144,0.0102,0.5754
CLUBS TWO HEARTS TEN,0.609,0.1648,0.2262
CLUBS TWO HEARTS JACK,0.4514,0.0166,0.532
SPADES JACK CLUBS KING,0.359,0.0076,0.6334
SPADES JACK CLUBS FOUR,0.4418,0.0142,0.544
CLUBS NINE CLUBS EIGHT,0.6316,0.0692,0.2992
HEARTS ACE CLUBS TWO,0.428,0.004,0.568
SPADES ACE CLUBS FOUR,0.4334,0.0044,0.5622
CLUBS TWO HEARTS KING,0.4398,0.0082,0.552
SPADES KING CLUBS FOUR,0.4534,0.0084,0.5382
CLUBS TWO HEARTS QUEEN,0.449,0.0114,0.5396
SPADES QUEEN CLUBS FOUR,0.4414,0.009,0.5496
CLUBS EIGHT SPADES NINE,0.6838,0.075,0.2412
CLUBS EIGHT SPADES EIGHT,0.4212,0.0404,0.5384
CLUBS EIGHT SPADES SEVEN,0.6276,0.0268,0.3456
CLUBS EIGHT SPADES SIX,0.647,0.0212,0.3318
CLUBS EIGHT SPADES FIVE,0.6508,0.0242,0.325
CLUBS EIGHT SPADES FOUR,0.6712,0.0246,0.3042
CLUBS EIGHT SPADES THREE,0.6738,0.0254,0.3008
CLUBS EIGHT SPADES TWO,0.6654,0.024,0.3106
HEARTS SIX DIAMONDS TEN,0.6094,0.1646,0.226
HEARTS SEVEN DIAMONDS TEN,0.5976,0.169,0.2334
DIAMONDS TEN HEARTS EIGHT,0.5994,0.1694,0.2312
CLUBS FOUR CLUBS JACK,0.4236,0.0164,0.56
DIAMONDS TEN HEARTS NINE,0.0124,0.971,0.0166
CLUBS TEN CLUBS FOUR,0.5648,0.155,0.2802
CLUBS FOUR CLUBS KING,0.4142,0.0054,0.5804
CLUBS FOUR CLUBS QUEEN,0.4276,0.0086,0.5638
DIAMONDS TEN CLUBS TWO,0.6028,0.172,0.2252
CLUBS THREE DIAMONDS TEN,0.6022,0.1662,0.2316
CLUBS FOUR CLUBS ACE,0.4108,0.0036,0.5856
DIAMONDS TEN DIAMONDS JACK,0.2322,0.0508,0.717
DIAMONDS TEN DIAMONDS QUEEN,0.24,0.0414,0.7186
HEARTS TWO DIAMONDS TEN,0.6042,0.1688,0.227
DIAMONDS KING DIAMONDS TEN,0.2546,0.0374,0.708
HEARTS THREE DIAMONDS TEN,0.5878,0.1776,0.2346
DIAMONDS ACE DIAMONDS TEN,0.2614,0.0212,0.7174
HEARTS FOUR DIAMONDS TEN,0.6068,0.165,0.2282
CLUBS EIGHT HEARTS JACK,0.4144,0.016,0.5696
HEARTS FIVE DIAMONDS TEN,0.6014,0.1732,0.2254
CLUBS EIGHT HEARTS TEN,0.603,0.1634,0.2336
CLUBS EIGHT HEARTS QUEEN,0.4294,0.0082,0.5624
CLUBS EIGHT HEARTS KING,0.4426,0.0066,0.5508
CLUBS EIGHT HEARTS ACE,0.4148,0.0032,0.582
CLUBS NINE SPADES THREE,0.7042,0.0752,0.2206
CLUBS NINE SPADES TWO,0.7102,0.0818,0.208
CLUBS NINE SPADES FIVE,0.7052,0.0796,0.2152
CLUBS NINE SPADES FOUR,0.712,0.0836,0.2044
CLUBS NINE SPADES SEVEN,0.6806,0.0714,0.248
CLUBS NINE SPADES SIX,0.6834,0.0764,0.2402
CLUBS NINE SPADES NINE,0.333,0.0356,0.6314
CLUBS TEN HEARTS EIGHT,0.599,0.175,0.226
CLUBS NINE SPADES EIGHT,0.6818,0.0796,0.2386
HEARTS EIGHT CLUBS JACK,0.431,0.0124,0.5566
CLUBS QUEEN HEARTS EIGHT,0.421,0.011,0.568
CLUBS KING HEARTS EIGHT,0.4298,0.0072,0.563
CLUBS ACE HEARTS EIGHT,0.4254,0.0032,0.5714
SPADES KING CLUBS KING,0.177,0.0112,0.8118
SPADES QUEEN CLUBS KING,0.3624,0.0064,0.6312
SPADES ACE CLUBS KING,0.3672,0.0048,0.628
DIAMONDS ACE HEARTS TEN,0.258,0.0226,0.7194
HEARTS FOUR HEARTS TEN,0.5636,0.1648,0.2716
DIAMONDS ACE HEARTS JACK,0.3502,0.004,0.6458
HEARTS FOUR HEARTS JACK,0.4262,0.0146,0.5592
SPADES KING CLUBS FIVE,0.4432,0.0066,0.5502
SPADES QUEEN CLUBS FIVE,0.4482,0.0084,0.5434
SPADES ACE CLUBS FIVE,0.4322,0.0044,0.5634
HEARTS SEVEN DIAMONDS JACK,0.4302,0.012,0.5578
HEARTS SIX DIAMONDS JACK,0.436,0.0136,0.5504
DIAMONDS JACK HEARTS NINE,0.2518,0.0604,0.6878
DIAMONDS JACK HEARTS EIGHT,0.4264,0.013,0.5606
DIAMONDS KING DIAMONDS JACK,0.3542,0.0074,0.6384
HEARTS THREE DIAMONDS JACK,0.457,0.0158,0.5272
SPADES ACE SPADES SIX,0.4286,0.005,0.5664
HEARTS ACE SPADES FOUR,0.4474,0.0052,0.5474
DIAMONDS QUEEN DIAMONDS JACK,0.3268,0.01,0.6632
HEARTS TWO DIAMONDS JACK,0.4302,0.0216,0.5482
HEARTS FIVE DIAMONDS JACK,0.4426,0.0156,0.5418
SPADES QUEEN SPADES SIX,0.4288,0.0092,0.562
SPADES FOUR HEARTS QUEEN,0.4526,0.0088,0.5386
DIAMONDS ACE DIAMONDS JACK,0.3474,0.0058,0.6468
HEARTS FOUR DIAMONDS JACK,0.441,0.0152,0.5438
SPADES KING SPADES SIX,0.4186,0.0084,0.573
SPADES FOUR HEARTS KING,0.454,0.0076,0.5384
SPADES JACK SPADES SIX,0.4268,0.018,0.5552
SPADES FOUR DIAMONDS JACK,0.445,0.0186,0.5364
SPADES FIVE DIAMONDS JACK,0.4456,0.0186,0.5358
SPADES TWO DIAMONDS JACK,0.4454,0.0186,0.536
SPADES THREE DIAMONDS JACK,0.4562,0.0154,0.5284
SPADES ACE DIAMONDS THREE,0.4286,0.006,0.5654
SPADES QUEEN DIAMONDS THREE,0.46,0.0112,0.5288
CLUBS EIGHT DIAMONDS JACK,0.4196,0.0164,0.564
SPADES KING DIAMONDS THREE,0.4546,0.0094,0.536
CLUBS NINE DIAMONDS JACK,0.2514,0.0502,0.6984
CLUBS SIX DIAMONDS JACK,0.4474,0.0168,0.5358
CLUBS SEVEN DIAMONDS JACK,0.4174,0.0192,0.5634
CLUBS FOUR DIAMONDS JACK,0.4508,0.016,0.5332
CLUBS FIVE DIAMONDS JACK,0.455,0.0172,0.5278
CLUBS TWO DIAMONDS JACK,0.4418,0.0164,0.5418
CLUBS THREE DIAMONDS JACK,0.4428,0.0154,0.5418
SPADES JACK HEARTS SIX,0.4224,0.0152,0.5624
SPADES JACK CLUBS FIVE,0.4426,0.015,0.5424
SPADES JACK DIAMONDS THREE,0.4532,0.0206,0.5262
CLUBS SEVEN CLUBS ACE,0.4106,0.0034,0.586
CLUBS SEVEN CLUBS QUEEN,0.3974,0.0108,0.5918
CLUBS SEVEN CLUBS KING,0.4008,0.0064,0.5928
SPADES NINE DIAMONDS JACK,0.2474,0.0572,0.6954
CLUBS TEN CLUBS SEVEN,0.5572,0.1624,0.2804
DIAMONDS ACE HEARTS ACE,0.1808,0.0032,0.816
HEARTS FOUR HEARTS ACE,0.411,0.0028,0.5862
SPADES EIGHT DIAMONDS JACK,0.4126,0.0196,0.5678
SPADES ACE HEARTS SIX,0.435,0.003,0.562
CLUBS SEVEN CLUBS JACK,0.3944,0.0152,0.5904
DIAMONDS ACE HEARTS KING,0.3538,0.005,0.6412
HEARTS FOUR HEARTS KING,0.4154,0.0076,0.577
SPADES SEVEN DIAMONDS JACK,0.4324,0.0166,0.551
SPADES KING HEARTS SIX,0.4344,0.0042,0.5614
DIAMONDS ACE HEARTS QUEEN,0.3558,0.003,0.6412
HEARTS FOUR HEARTS QUEEN,0.4168,0.01,0.5732
SPADES SIX DIAMONDS JACK,0.4454,0.0144,0.5402
SPADES QUEEN HEARTS SIX,0.4416,0.0134,0.545
DIAMONDS TEN SPADES TWO,0.6006,0.1782,0.2212
DIAMONDS TEN SPADES THREE,0.6062,0.1696,0.2242
DIAMONDS TEN SPADES FOUR,0.6132,0.1776,0.2092
SPADES FIVE DIAMONDS TEN,0.598,0.1778,0.2242
SPADES SIX DIAMONDS TEN,0.6048,0.1766,0.2186
SPADES SEVEN DIAMONDS TEN,0.6058,0.173,0.2212
SPADES EIGHT DIAMONDS TEN,0.6022,0.1674,0.2304
SPADES NINE DIAMONDS TEN,0.0084,0.9828,0.0088
CLUBS FOUR DIAMONDS TEN,0.5954,0.1776,0.227
CLUBS FIVE DIAMONDS TEN,0.594,0.1718,0.2342
CLUBS SIX DIAMONDS TEN,0.5986,0.1688,0.2326
CLUBS SEVEN DIAMONDS TEN,0.6078,0.1592,0.233
CLUBS EIGHT DIAMONDS TEN,0.5922,0.1782,0.2296
CLUBS NINE DIAMONDS TEN,0.0094,0.9712,0.0194
DIAMONDS THREE CLUBS JACK,0.4404,0.0168,0.5428
CLUBS TEN DIAMONDS THREE,0.6092,0.1626,0.2282
DIAMONDS THREE CLUBS KING,0.4508,0.008,0.5412
DIAMONDS THREE CLUBS QUEEN,0.445,0.0098,0.5452
DIAMONDS THREE CLUBS ACE,0.4342,0.0024,0.5634
SPADES FOUR HEARTS JACK,0.453,0.0144,0.5326
SPADES FOUR HEARTS TEN,0.6054,0.1658,0.2288
SPADES FIVE SPADES TWO,0.637,0.0216,0.3414
SPADES FOUR SPADES TWO,0.6114,0.0248,0.3638
SPADES THREE SPADES TWO,0.6228,0.0198,0.3574
SPADES NINE SPADES TWO,0.6668,0.0866,0.2466
SPADES EIGHT SPADES TWO,0.6564,0.0232,0.3204
SPADES SEVEN SPADES TWO,0.6472,0.0224,0.3304
SPADES SIX SPADES TWO,0.625,0.025,0.35
CLUBS THREE DIAMONDS QUEEN,0.4626,0.0096,0.5278
CLUBS THREE HEARTS TWO,0.6326,0.0246,0.3428
CLUBS TWO DIAMONDS QUEEN,0.4414,0.0132,0.5454
HEARTS TWO CLUBS TWO,0.4522,0.0482,0.4996
HEARTS SEVEN DIAMONDS QUEEN,0.4336,0.0114,0.555
HEARTS SEVEN HEARTS TWO,0.6394,0.0232,0.3374
HEARTS SIX DIAMONDS QUEEN,0.438,0.0096,0.5524
HEARTS SIX HEARTS TWO,0.621,0.0246,0.3544
DIAMONDS QUEEN HEARTS NINE,0.2572,0.0404,0.7024
HEARTS TWO HEARTS NINE,0.6586,0.0724,0.269
DIAMONDS QUEEN HEARTS EIGHT,0.4152,0.0116,0.5732
HEARTS TWO HEARTS EIGHT,0.6378,0.0256,0.3366
CLUBS NINE HEARTS TWO,0.7098,0.0744,0.2158
CLUBS NINE DIAMONDS QUEEN,0.2606,0.0418,0.6976
CLUBS EIGHT HEARTS TWO,0.6678,0.0272,0.305
CLUBS EIGHT DIAMONDS QUEEN,0.408,0.0094,0.5826
CLUBS FIVE DIAMONDS QUEEN,0.4474,0.0106,0.542
CLUBS FIVE HEARTS TWO,0.6464,0.024,0.3296
SPADES EIGHT HEARTS ACE,0.4336,0.0028,0.5636
CLUBS FOUR DIAMONDS QUEEN,0.4434,0.0132,0.5434
CLUBS FOUR HEARTS TWO,0.6424,0.025,0.3326
CLUBS SEVEN DIAMONDS QUEEN,0.4334,0.0134,0.5532
CLUBS SEVEN HEARTS TWO,0.6666,0.0246,0.3088
SPADES EIGHT HEARTS QUEEN,0.4276,0.0112,0.5612
CLUBS SIX DIAMONDS QUEEN,0.4372,0.01,0.5528
CLUBS SIX HEARTS TWO,0.6612,0.0222,0.3166
SPADES EIGHT HEARTS KING,0.4262,0.0054,0.5684
SPADES SIX DIAMONDS QUEEN,0.432,0.0124,0.5556
SPADES SIX HEARTS TWO,0.675,0.0202,0.3048
HEARTS FOUR CLUBS QUEEN,0.4458,0.0106,0.5436
DIAMONDS ACE CLUBS QUEEN,0.3532,0.0044,0.6424
SPADES SEVEN DIAMONDS QUEEN,0.4336,0.0104,0.556
SPADES SEVEN HEARTS TWO,0.6616,0.0252,0.3132
HEARTS FOUR CLUBS KING,0.4372,0.0082,0.5546
DIAMONDS ACE CLUBS KING,0.3588,0.005,0.6362
SPADES EIGHT DIAMONDS QUEEN,0.4156,0.011,0.5734
SPADES EIGHT HEARTS TWO,0.6864,0.0274,0.2862
HEARTS FOUR CLUBS ACE,0.4498,0.004,0.5462
DIAMONDS ACE CLUBS ACE,0.1844,0.003,0.8126
SPADES NINE DIAMONDS QUEEN,0.2726,0.0428,0.6846
SPADES NINE HEARTS TWO,0.71,0.0758,0.2142
HEARTS TWO SPADES TWO,0.4646,0.0486,0.4868
DIAMONDS QUEEN SPADES TWO,0.4458,0.0128,0.5414
HEARTS TWO SPADES THREE,0.6438,0.0272,0.329
SPADES THREE DIAMONDS QUEEN,0.4484,0.0136,0.538
HEARTS TWO SPADES FOUR,0.6468,0.0234,0.3298
SPADES FOUR DIAMONDS QUEEN,0.4534,0.0116,0.535
CLUBS TEN HEARTS FOUR,0.6024,0.1678,0.2298
CLUBS TEN DIAMONDS ACE,0.2592,0.0212,0.7196
HEARTS TWO SPADES FIVE,0.6444,0.0232,0.3324
SPADES FIVE DIAMONDS QUEEN,0.4464,0.0132,0.5404
HEARTS FOUR CLUBS JACK,0.449,0.0184,0.5326
DIAMONDS ACE CLUBS JACK,0.3502,0.0024,0.6474
CLUBS FIVE CLUBS KING,0.4194,0.0076,0.573
CLUBS FIVE CLUBS QUEEN,0.4224,0.01,0.5676
CLUBS FIVE CLUBS ACE,0.4082,0.0038,0.588
CLUBS FIVE CLUBS JACK,0.427,0.017,0.556
CLUBS TEN CLUBS FIVE,0.5622,0.1604,0.2774
SPADES KING CLUBS JACK,0.3582,0.0078,0.634
SPADES QUEEN CLUBS JACK,0.3316,0.0096,0.6588
SPADES ACE CLUBS JACK,0.358,0.0042,0.6378
SPADES SIX CLUBS KING,0.4434,0.0074,0.5492
SPADES SIX CLUBS QUEEN,0.4342,0.0118,0.554
SPADES EIGHT HEARTS JACK,0.4154,0.0154,0.5692
SPADES SIX CLUBS ACE,0.4454,0.0062,0.5484
SPADES EIGHT HEARTS TEN,0.5978,0.1748,0.2274
SPADES SIX CLUBS JACK,0.4282,0.0146,0.5572
CLUBS TEN SPADES SIX,0.6304,0.1634,0.2062
SPADES JACK CLUBS JACK,0.1566,0.0182,0.8252
SPADES QUEEN CLUBS SEVEN,0.4322,0.0096,0.5582
SPADES KING CLUBS SEVEN,0.4208,0.0062,0.573
SPADES ACE CLUBS SEVEN,0.4294,0.0028,0.5678
SPADES SIX HEARTS TEN,0.6098,0.1666,0.2236
SPADES SIX HEARTS JACK,0.4488,0.017,0.5342
SPADES SIX HEARTS ACE,0.4382,0.0038,0.558
SPADES SIX HEARTS KING,0.4428,0.0044,0.5528
SPADES SIX HEARTS QUEEN,0.4406,0.0068,0.5526
CLUBS SEVEN SPADES JACK,0.408,0.015,0.577
CLUBS TEN HEARTS SIX,0.6028,0.1624,0.2348
HEARTS SIX CLUBS JACK,0.4372,0.0126,0.5502
CLUBS ACE CLUBS JACK,0.3578,0.0042,0.638
HEARTS SIX CLUBS QUEEN,0.4492,0.0088,0.542
HEARTS SIX CLUBS KING,0.4556,0.005,0.5394
HEARTS SIX CLUBS ACE,0.435,0.0036,0.5614
CLUBS QUEEN CLUBS JACK,0.3256,0.0094,0.665
CLUBS KING CLUBS JACK,0.3494,0.0058,0.6448
DIAMONDS THREE HEARTS ACE,0.4394,0.0046,0.556
DIAMONDS THREE HEARTS QUEEN,0.456,0.0096,0.5344
DIAMONDS THREE HEARTS KING,0.4416,0.0092,0.5492
CLUBS FIVE HEARTS JACK,0.4504,0.0156,0.534
CLUBS FIVE HEARTS TEN,0.61,0.1724,0.2176
HEARTS FOUR SPADES JACK,0.4426,0.0164,0.541
SPADES JACK DIAMONDS ACE,0.3538,0.0036,0.6426
SPADES ACE HEARTS FOUR,0.442,0.0048,0.5532
SPADES ACE DIAMONDS ACE,0.1686,0.0036,0.8278
CLUBS FIVE HEARTS ACE,0.4372,0.0034,0.5594
CLUBS FIVE HEARTS KING,0.4522,0.0064,0.5414
HEARTS FOUR SPADES QUEEN,0.4476,0.0116,0.5408
SPADES QUEEN DIAMONDS ACE,0.3592,0.0044,0.6364
SPADES FOUR CLUBS JACK,0.4414,0.016,0.5426
CLUBS FIVE HEARTS QUEEN,0.4376,0.0122,0.5502
SPADES KING DIAMONDS ACE,0.3598,0.006,0.6342
SPADES KING HEARTS FOUR,0.4486,0.0076,0.5438
CLUBS TEN SPADES FOUR,0.6046,0.1734,0.222
DIAMONDS ACE DIAMONDS QUEEN,0.3452,0.007,0.6478
DIAMONDS ACE HEARTS TWO,0.4358,0.004,0.5602
HEARTS FOUR DIAMONDS QUEEN,0.4428,0.0096,0.5476
HEARTS FOUR HEARTS TWO,0.603,0.0196,0.3774
DIAMONDS THREE HEARTS TEN,0.6138,0.1668,0.2194
SPADES FOUR CLUBS KING,0.456,0.009,0.535
HEARTS FIVE DIAMONDS QUEEN,0.441,0.0086,0.5504
HEARTS FIVE HEARTS TWO,0.613,0.0198,0.3672
DIAMONDS THREE HEARTS JACK,0.4526,0.0184,0.529
SPADES FOUR CLUBS QUEEN,0.4528,0.0102,0.537
HEARTS TWO DIAMONDS QUEEN,0.4476,0.0118,0.5406
DIAMONDS KING DIAMONDS QUEEN,0.324,0.0086,0.6674
DIAMONDS KING HEARTS TWO,0.443,0.0058,0.5512
HEARTS THREE DIAMONDS QUEEN,0.4334,0.0106,0.556
HEARTS THREE HEARTS TWO,0.6006,0.024,0.3754
SPADES FOUR CLUBS ACE,0.433,0.0052,0.5618
HEARTS TWO CLUBS ACE,0.4554,0.005,0.5396
DIAMONDS QUEEN CLUBS ACE,0.3738,0.0046,0.6216
HEARTS TWO CLUBS QUEEN,0.4498,0.011,0.5392
DIAMONDS QUEEN CLUBS QUEEN,0.1674,0.0168,0.8158
HEARTS TWO CLUBS KING,0.4512,0.0064,0.5424
DIAMONDS QUEEN CLUBS KING,0.3532,0.0078,0.639
SPADES EIGHT SPADES FIVE,0.6324,0.0188,0.3488
CLUBS TEN HEARTS TWO,0.6258,0.1582,0.216
CLUBS TEN DIAMONDS QUEEN,0.2572,0.0462,0.6966
SPADES NINE SPADES FIVE,0.674,0.074,0.252
HEARTS TWO CLUBS JACK,0.4396,0.0142,0.5462
DIAMONDS QUEEN CLUBS JACK,0.3374,0.0106,0.652
SPADES SIX SPADES FIVE,0.6074,0.0224,0.3702
SPADES SEVEN SPADES FIVE,0.611,0.0276,0.3614
DIAMONDS FIVE CLUBS QUEEN,0.46,0.0078,0.5322
SPADES EIGHT CLUBS ACE,0.438,0.0038,0.5582
DIAMONDS FIVE CLUBS KING,0.4712,0.0078,0.521
SPADES EIGHT CLUBS KING,0.4198,0.0084,0.5718
CLUBS ACE DIAMONDS FIVE,0.4422,0.004,0.5538
SPADES EIGHT CLUBS QUEEN,0.4174,0.0094,0.5732
SPADES EIGHT CLUBS JACK,0.4158,0.0134,0.5708
CLUBS TEN SPADES EIGHT,0.6106,0.1686,0.2208
CLUBS TEN DIAMONDS FIVE,0.6084,0.1724,0.2192
DIAMONDS FIVE CLUBS JACK,0.4468,0.0192,0.534
DIAMONDS TEN HEARTS JACK,0.2342,0.0522,0.7136
DIAMONDS TEN HEARTS TEN,0.147,0.0532,0.7998
SPADES ACE CLUBS NINE,0.2884,0.0162,0.6954
CLUBS NINE SPADES QUEEN,0.2514,0.0396,0.709
CLUBS NINE SPADES KING,0.2754,0.0296,0.695
HEARTS SIX HEARTS KING,0.4192,0.0046,0.5762
DIAMONDS KING SPADES SEVEN,0.4422,0.0068,0.551
SPADES SEVEN HEARTS THREE,0.6672,0.0232,0.3096
SPADES KING DIAMONDS SEVEN,0.4304,0.0068,0.5628
HEARTS SIX HEARTS QUEEN,0.4194,0.0108,0.5698
DIAMONDS KING SPADES SIX,0.4316,0.0086,0.5598
HEARTS THREE SPADES SIX,0.6452,0.0236,0.3312
SPADES QUEEN DIAMONDS SEVEN,0.432,0.011,0.557
SPADES NINE DIAMONDS KING,0.2802,0.0358,0.684
SPADES NINE HEARTS THREE,0.7002,0.0812,0.2186
HEARTS SIX HEARTS ACE,0.4128,0.0026,0.5846
SPADES EIGHT DIAMONDS KING,0.434,0.0082,0.5578
SPADES EIGHT HEARTS THREE,0.6796,0.0264,0.294
SPADES ACE DIAMONDS SEVEN,0.4364,0.0052,0.5584
CLUBS NINE HEARTS THREE,0.7038,0.0714,0.2248
CLUBS NINE DIAMONDS KING,0.282,0.0268,0.6912
CLUBS EIGHT HEARTS THREE,0.6742,0.02,0.3058
CLUBS EIGHT DIAMONDS KING,0.4236,0.0052,0.5712
HEARTS THREE SPADES THREE,0.4558,0.0472,0.497
DIAMONDS KING SPADES THREE,0.4606,0.0058,0.5336
HEARTS THREE SPADES TWO,0.6426,0.0268,0.3306
DIAMONDS KING SPADES TWO,0.453,0.0078,0.5392
HEARTS THREE SPADES FIVE,0.6222,0.021,0.3568
