opposingHand,winningChance,drawChance,lostChance
SPADES EIGHT HEARTS KING
HEARTS FIVE SPADES TEN,0.6332,0.0074,0.3594
SPADES JACK HEARTS FIVE,0.6322,0.0082,0.3596
SPADES FIVE CLUBS JACK,0.6328,0.0076,0.3596
CLUBS TEN SPADES FIVE,0.6328,0.0072,0.36
CLUBS EIGHT CLUBS JACK,0.6578,0.0296,0.3126
CLUBS TEN CLUBS EIGHT,0.6456,0.0328,0.3216
CLUBS EIGHT CLUBS KING,0.0224,0.9046,0.073
SPADES FIVE CLUBS ACE,0.3998,0.0024,0.5978
CLUBS EIGHT CLUBS QUEEN,0.6756,0.0292,0.2952
SPADES FIVE CLUBS KING,0.5382,0.2268,0.235
SPADES FIVE CLUBS QUEEN,0.6214,0.0068,0.3718
CLUBS EIGHT CLUBS ACE,0.2298,0.025,0.7452
DIAMONDS TWO DIAMONDS THREE,0.593,0.0068,0.4002
DIAMONDS TWO DIAMONDS FIVE,0.606,0.0088,0.3852
SPADES KING HEARTS FIVE,0.5564,0.2248,0.2188
DIAMONDS TWO DIAMONDS FOUR,0.5918,0.0068,0.4014
SPADES QUEEN HEARTS FIVE,0.6318,0.0076,0.3606
DIAMONDS TWO DIAMONDS SEVEN,0.6178,0.0078,0.3744
DIAMONDS TWO DIAMONDS SIX,0.6148,0.007,0.3782
SPADES ACE HEARTS FIVE,0.3872,0.0058,0.607
DIAMONDS TWO DIAMONDS NINE,0.5872,0.0072,0.4056
DIAMONDS TWO DIAMONDS EIGHT,0.701,0.0356,0.2634
DIAMONDS THREE DIAMONDS FOUR,0.5948,0.008,0.3972
SPADES FOUR CLUBS TWO,0.6428,0.0078,0.3494
DIAMONDS THREE DIAMONDS FIVE,0.5898,0.0066,0.4036
SPADES FIVE CLUBS TWO,0.6428,0.0074,0.3498
CLUBS TWO SPADES TWO,0.4534,0.0148,0.5318
CLUBS TWO SPADES THREE,0.6604,0.0078,0.3318
DIAMONDS THREE DIAMONDS EIGHT,0.695,0.0396,0.2654
DIAMONDS THREE DIAMONDS NINE,0.584,0.007,0.409
SPADES NINE CLUBS TWO,0.6234,0.0072,0.3694
DIAMONDS THREE DIAMONDS SIX,0.618,0.0072,0.3748
SPADES SIX CLUBS TWO,0.6668,0.007,0.3262
DIAMONDS THREE DIAMONDS SEVEN,0.6256,0.008,0.3664
SPADES SEVEN CLUBS TWO,0.6714,0.0074,0.3212
CLUBS SIX CLUBS TWO,0.606,0.0046,0.3894
CLUBS SEVEN CLUBS TWO,0.6334,0.0052,0.3614
CLUBS FOUR CLUBS TWO,0.5898,0.0066,0.4036
CLUBS FIVE CLUBS TWO,0.607,0.007,0.386
CLUBS TEN CLUBS JACK,0.5238,0.0044,0.4718
DIAMONDS FOUR DIAMONDS SIX,0.6002,0.0066,0.3932
CLUBS TEN CLUBS QUEEN,0.5192,0.0062,0.4746
DIAMONDS FOUR DIAMONDS SEVEN,0.6082,0.0092,0.3826
CLUBS TEN CLUBS KING,0.2222,0.1136,0.6642
CLUBS TEN CLUBS ACE,0.3266,0.0054,0.668
CLUBS EIGHT CLUBS TWO,0.6962,0.0352,0.2686
DIAMONDS FIVE DIAMONDS FOUR,0.5812,0.0078,0.411
CLUBS NINE CLUBS TWO,0.5948,0.0084,0.3968
DIAMONDS NINE DIAMONDS FOUR,0.587,0.0088,0.4042
DIAMONDS EIGHT DIAMONDS FOUR,0.6824,0.0348,0.2828
CLUBS THREE CLUBS TWO,0.6174,0.0066,0.376
DIAMONDS NINE DIAMONDS FIVE,0.5898,0.0072,0.403
DIAMONDS TWO CLUBS JACK,0.63,0.0072,0.3628
DIAMONDS EIGHT DIAMONDS FIVE,0.6564,0.0362,0.3074
CLUBS TEN DIAMONDS TWO,0.6374,0.0064,0.3562
DIAMONDS FIVE DIAMONDS SEVEN,0.5816,0.0084,0.41
DIAMONDS FIVE DIAMONDS SIX,0.5832,0.007,0.4098
DIAMONDS TWO CLUBS ACE,0.4016,0.0046,0.5938
DIAMONDS TWO CLUBS KING,0.5446,0.2266,0.2288
DIAMONDS TWO CLUBS QUEEN,0.6442,0.0062,0.3496
DIAMONDS EIGHT DIAMONDS SIX,0.6426,0.0342,0.3232
DIAMONDS NINE DIAMONDS SIX,0.5618,0.0078,0.4304
HEARTS ACE SPADES THREE,0.4052,0.005,0.5898
DIAMONDS SEVEN DIAMONDS SIX,0.585,0.0078,0.4072
SPADES THREE HEARTS QUEEN,0.6286,0.0088,0.3626
SPADES THREE HEARTS JACK,0.6454,0.0088,0.3458
SPADES THREE HEARTS TEN,0.644,0.009,0.347
DIAMONDS EIGHT DIAMONDS SEVEN,0.636,0.0326,0.3314
DIAMONDS NINE DIAMONDS SEVEN,0.5562,0.005,0.4388
DIAMONDS NINE DIAMONDS EIGHT,0.6462,0.0304,0.3234
DIAMONDS KING HEARTS TEN,0.2362,0.1242,0.6396
HEARTS THREE HEARTS TEN,0.6056,0.0078,0.3866
SPADES JACK CLUBS SIX,0.6358,0.005,0.3592
DIAMONDS KING HEARTS JACK,0.2424,0.091,0.6666
HEARTS THREE HEARTS JACK,0.602,0.009,0.389
SPADES TEN CLUBS SIX,0.6222,0.0066,0.3712
SPADES JACK SPADES FIVE,0.6,0.0086,0.3914
SPADES TEN SPADES FIVE,0.6064,0.0056,0.388
DIAMONDS KING HEARTS ACE,0.2166,0.0124,0.771
HEARTS THREE HEARTS ACE,0.3752,0.0048,0.62
SPADES ACE CLUBS SIX,0.3822,0.0036,0.6142
DIAMONDS KING HEARTS QUEEN,0.2404,0.0672,0.6924
HEARTS THREE HEARTS QUEEN,0.6104,0.006,0.3836
SPADES KING CLUBS SIX,0.5412,0.232,0.2268
SPADES QUEEN CLUBS SIX,0.6426,0.0046,0.3528
SPADES NINE HEARTS TEN,0.5716,0.008,0.4204
SPADES NINE HEARTS JACK,0.5742,0.0076,0.4182
SPADES QUEEN SPADES FIVE,0.604,0.008,0.388
SPADES KING SPADES FIVE,0.5152,0.2212,0.2636
SPADES ACE SPADES FIVE,0.3766,0.0046,0.6188
SPADES NINE HEARTS QUEEN,0.5718,0.0082,0.42
SPADES NINE HEARTS ACE,0.343,0.0044,0.6526
CLUBS TEN SPADES JACK,0.559,0.0074,0.4336
CLUBS TEN SPADES TEN,0.2968,0.0086,0.6946
SPADES ACE CLUBS TEN,0.3538,0.0038,0.6424
SPADES KING CLUBS TEN,0.2164,0.1124,0.6712
CLUBS TEN SPADES QUEEN,0.57,0.0058,0.4242
SPADES FIVE HEARTS QUEEN,0.6332,0.009,0.3578
SPADES FIVE HEARTS ACE,0.385,0.006,0.609
CLUBS EIGHT SPADES TEN,0.6794,0.0322,0.2884
HEARTS THREE SPADES JACK,0.6326,0.0078,0.3596
SPADES JACK DIAMONDS KING,0.2234,0.0876,0.689
SPADES TEN DIAMONDS KING,0.2156,0.1216,0.6628
HEARTS THREE SPADES TEN,0.6322,0.0082,0.3596
SPADES JACK CLUBS EIGHT,0.7032,0.0294,0.2674
CLUBS SIX HEARTS ACE,0.392,0.0064,0.6016
SPADES ACE CLUBS EIGHT,0.225,0.028,0.747
HEARTS FIVE CLUBS JACK,0.626,0.0066,0.3674
CLUBS TEN HEARTS FIVE,0.6328,0.0074,0.3598
CLUBS SIX HEARTS QUEEN,0.629,0.0064,0.3646
SPADES QUEEN CLUBS EIGHT,0.7088,0.0316,0.2596
CLUBS TEN SPADES THREE,0.6434,0.0052,0.3514
SPADES KING CLUBS EIGHT,0.0124,0.9718,0.0158
SPADES THREE CLUBS JACK,0.6482,0.0084,0.3434
DIAMONDS TWO HEARTS JACK,0.6302,0.0088,0.361
SPADES THREE CLUBS QUEEN,0.6376,0.007,0.3554
DIAMONDS TWO HEARTS TEN,0.6232,0.0096,0.3672
SPADES THREE CLUBS KING,0.5452,0.2362,0.2186
HEARTS FIVE CLUBS ACE,0.3984,0.0032,0.5984
SPADES FIVE HEARTS TEN,0.6344,0.0096,0.356
SPADES THREE CLUBS ACE,0.4032,0.0042,0.5926
HEARTS FIVE CLUBS KING,0.5346,0.2272,0.2382
SPADES FIVE HEARTS JACK,0.6356,0.0074,0.357
HEARTS FIVE CLUBS QUEEN,0.6314,0.006,0.3626
HEARTS THREE CLUBS KING,0.5532,0.2308,0.216
DIAMONDS KING CLUBS KING,0.0804,0.0136,0.906
HEARTS THREE CLUBS QUEEN,0.635,0.007,0.358
DIAMONDS KING CLUBS QUEEN,0.2392,0.0602,0.7006
HEARTS FIVE HEARTS JACK,0.5922,0.008,0.3998
HEARTS FIVE HEARTS TEN,0.6062,0.0068,0.387
HEARTS THREE CLUBS ACE,0.3968,0.0044,0.5988
DIAMONDS KING CLUBS ACE,0.2254,0.0124,0.7622
SPADES ACE CLUBS QUEEN,0.3464,0.0046,0.649
SPADES KING CLUBS QUEEN,0.2258,0.0668,0.7074
HEARTS THREE CLUBS JACK,0.633,0.004,0.363
DIAMONDS KING CLUBS JACK,0.2364,0.0824,0.6812
SPADES QUEEN CLUBS QUEEN,0.2786,0.0046,0.7168
CLUBS TEN HEARTS THREE,0.6352,0.008,0.3568
CLUBS TEN DIAMONDS KING,0.2382,0.1098,0.652
SPADES JACK CLUBS QUEEN,0.5588,0.0064,0.4348
CLUBS SIX CLUBS QUEEN,0.59,0.006,0.404
SPADES TEN CLUBS QUEEN,0.5508,0.0074,0.4418
CLUBS SIX CLUBS KING,0.5,0.2272,0.2728
CLUBS SIX CLUBS ACE,0.3656,0.004,0.6304
HEARTS FIVE HEARTS QUEEN,0.593,0.0058,0.4012
CLUBS TEN CLUBS SIX,0.5756,0.0074,0.417
HEARTS FIVE HEARTS ACE,0.3688,0.0056,0.6256
CLUBS SIX CLUBS JACK,0.5958,0.0074,0.3968
SPADES SEVEN HEARTS JACK,0.6486,0.008,0.3434
SPADES SEVEN HEARTS TEN,0.6266,0.0072,0.3662
DIAMONDS TWO CLUBS TWO,0.4622,0.0148,0.523
DIAMONDS TWO CLUBS THREE,0.6526,0.0086,0.3388
HEARTS SIX DIAMONDS TWO,0.6486,0.0084,0.343
DIAMONDS TWO HEARTS QUEEN,0.6342,0.0058,0.36
DIAMONDS TWO HEARTS SEVEN,0.671,0.0092,0.3198
DIAMONDS TWO HEARTS EIGHT,0.7388,0.037,0.2242
DIAMONDS TWO HEARTS ACE,0.3898,0.0056,0.6046
DIAMONDS TWO HEARTS NINE,0.6484,0.0064,0.3452
DIAMONDS TWO DIAMONDS QUEEN,0.5882,0.0052,0.4066
DIAMONDS TWO HEARTS TWO,0.468,0.0128,0.5192
DIAMONDS TWO DIAMONDS KING,0.5028,0.2168,0.2804
HEARTS THREE DIAMONDS TWO,0.6548,0.008,0.3372
DIAMONDS TWO DIAMONDS ACE,0.3792,0.0042,0.6166
HEARTS FOUR DIAMONDS TWO,0.6348,0.0098,0.3554
DIAMONDS TWO HEARTS FIVE,0.6384,0.009,0.3526
SPADES SEVEN HEARTS ACE,0.387,0.0038,0.6092
DIAMONDS TWO DIAMONDS TEN,0.5918,0.0052,0.403
DIAMONDS TWO DIAMONDS JACK,0.599,0.0068,0.3942
SPADES SEVEN HEARTS QUEEN,0.6336,0.0076,0.3588
DIAMONDS TWO SPADES NINE,0.6314,0.01,0.3586
DIAMONDS TWO SPADES SEVEN,0.6532,0.0076,0.3392
DIAMONDS TWO SPADES SIX,0.6638,0.0068,0.3294
DIAMONDS TWO SPADES FIVE,0.6546,0.0098,0.3356
DIAMONDS TWO SPADES FOUR,0.6478,0.0092,0.343
DIAMONDS TWO SPADES THREE,0.656,0.0072,0.3368
DIAMONDS TWO SPADES TWO,0.4624,0.0148,0.5228
CLUBS NINE DIAMONDS TWO,0.6376,0.0066,0.3558
DIAMONDS TWO CLUBS EIGHT,0.7344,0.0364,0.2292
CLUBS SEVEN DIAMONDS TWO,0.6786,0.0068,0.3146
DIAMONDS TWO CLUBS SIX,0.6574,0.0062,0.3364
DIAMONDS TWO CLUBS FIVE,0.646,0.0094,0.3446
DIAMONDS TWO CLUBS FOUR,0.6308,0.009,0.3602
CLUBS FOUR SPADES FIVE,0.6188,0.0066,0.3746
CLUBS FOUR SPADES FOUR,0.454,0.0142,0.5318
CLUBS FOUR SPADES THREE,0.6384,0.0078,0.3538
CLUBS FOUR SPADES TWO,0.6478,0.0088,0.3434
SPADES NINE CLUBS FOUR,0.6204,0.0054,0.3742
SPADES SEVEN CLUBS FOUR,0.6524,0.008,0.3396
SPADES SIX CLUBS FOUR,0.6246,0.0066,0.3688
SPADES ACE DIAMONDS SIX,0.3844,0.0038,0.6118
SPADES QUEEN DIAMONDS SIX,0.6238,0.007,0.3692
SPADES KING DIAMONDS SIX,0.5418,0.2228,0.2354
SPADES TEN DIAMONDS SIX,0.6216,0.007,0.3714
SPADES JACK DIAMONDS SIX,0.6384,0.0062,0.3554
SPADES QUEEN SPADES TWO,0.5978,0.0072,0.395
SPADES KING SPADES TWO,0.5218,0.212,0.2662
SPADES ACE SPADES TWO,0.3782,0.005,0.6168
DIAMONDS JACK CLUBS JACK,0.2906,0.0064,0.703
CLUBS TEN DIAMONDS JACK,0.5462,0.007,0.4468
DIAMONDS JACK CLUBS KING,0.241,0.0846,0.6744
DIAMONDS JACK CLUBS QUEEN,0.5664,0.007,0.4266
DIAMONDS THREE DIAMONDS JACK,0.5894,0.0072,0.4034
DIAMONDS THREE DIAMONDS TEN,0.595,0.0082,0.3968
DIAMONDS JACK CLUBS ACE,0.3604,0.0028,0.6368
DIAMONDS THREE DIAMONDS KING,0.527,0.2118,0.2612
HEARTS THREE DIAMONDS THREE,0.4486,0.0162,0.5352
DIAMONDS THREE DIAMONDS QUEEN,0.5974,0.0058,0.3968
DIAMONDS THREE HEARTS TWO,0.6506,0.009,0.3404
HEARTS FIVE DIAMONDS THREE,0.6164,0.008,0.3756
DIAMONDS THREE DIAMONDS ACE,0.3834,0.0044,0.6122
HEARTS FOUR DIAMONDS THREE,0.6282,0.0064,0.3654
DIAMONDS THREE HEARTS SEVEN,0.6578,0.0072,0.335
SPADES TEN SPADES NINE,0.5248,0.0066,0.4686
HEARTS SIX DIAMONDS THREE,0.6448,0.0072,0.348
SPADES JACK SPADES NINE,0.542,0.0084,0.4496
DIAMONDS THREE HEARTS NINE,0.6342,0.0096,0.3562
HEARTS JACK DIAMONDS FOUR,0.6404,0.0072,0.3524
SPADES TEN SPADES TWO,0.5942,0.0098,0.396
DIAMONDS THREE HEARTS EIGHT,0.7372,0.0388,0.224
HEARTS TEN DIAMONDS FOUR,0.6264,0.0088,0.3648
SPADES JACK SPADES TWO,0.5912,0.0078,0.401
HEARTS QUEEN DIAMONDS FOUR,0.634,0.0064,0.3596
SPADES ACE SPADES NINE,0.3334,0.0038,0.6628
HEARTS ACE DIAMONDS FOUR,0.3848,0.0042,0.611
SPADES KING SPADES NINE,0.2252,0.1642,0.6106
SPADES QUEEN SPADES NINE,0.548,0.0068,0.4452
DIAMONDS THREE SPADES NINE,0.6346,0.0078,0.3576
DIAMONDS THREE SPADES SEVEN,0.6606,0.0102,0.3292
DIAMONDS THREE SPADES SIX,0.66,0.0066,0.3334
DIAMONDS THREE CLUBS SIX,0.6522,0.0066,0.3412
CLUBS FIVE CLUBS SIX,0.5708,0.0068,0.4224
CLUBS ACE DIAMONDS FOUR,0.3874,0.0034,0.6092
CLUBS SEVEN DIAMONDS THREE,0.6666,0.0056,0.3278
CLUBS SEVEN CLUBS FIVE,0.579,0.0086,0.4124
DIAMONDS THREE CLUBS FOUR,0.6384,0.0072,0.3544
DIAMONDS FOUR CLUBS QUEEN,0.6216,0.0054,0.373
DIAMONDS THREE CLUBS FIVE,0.6306,0.009,0.3604
CLUBS KING DIAMONDS FOUR,0.5334,0.2232,0.2434
DIAMONDS THREE CLUBS TWO,0.652,0.0098,0.3382
CLUBS TEN DIAMONDS FOUR,0.6174,0.0078,0.3748
DIAMONDS THREE CLUBS THREE,0.4566,0.0108,0.5326
DIAMONDS FOUR CLUBS JACK,0.6242,0.0076,0.3682
DIAMONDS THREE SPADES FOUR,0.633,0.0088,0.3582
DIAMONDS THREE SPADES FIVE,0.6328,0.0084,0.3588
DIAMONDS THREE SPADES TWO,0.6444,0.01,0.3456
DIAMONDS THREE SPADES THREE,0.463,0.0148,0.5222
CLUBS EIGHT DIAMONDS THREE,0.721,0.0416,0.2374
CLUBS NINE DIAMONDS THREE,0.6302,0.0076,0.3622
SPADES SEVEN CLUBS ACE,0.3904,0.004,0.6056
SPADES SEVEN CLUBS QUEEN,0.635,0.006,0.359
SPADES SEVEN CLUBS KING,0.5372,0.2372,0.2256
CLUBS FIVE SPADES SEVEN,0.6226,0.0082,0.3692
CLUBS TEN SPADES SEVEN,0.615,0.0054,0.3796
CLUBS FIVE SPADES SIX,0.6258,0.006,0.3682
SPADES SEVEN CLUBS JACK,0.6296,0.0066,0.3638
CLUBS FIVE SPADES NINE,0.6212,0.0076,0.3712
CLUBS FIVE SPADES THREE,0.6334,0.0084,0.3582
CLUBS FIVE SPADES TWO,0.6428,0.0076,0.3496
CLUBS FIVE SPADES FIVE,0.4546,0.0128,0.5326
CLUBS FIVE SPADES FOUR,0.629,0.0092,0.3618
CLUBS NINE CLUBS FIVE,0.572,0.0066,0.4214
CLUBS EIGHT CLUBS FIVE,0.6576,0.0344,0.308
CLUBS ACE CLUBS QUEEN,0.3354,0.0042,0.6604
CLUBS KING CLUBS QUEEN,0.2308,0.0624,0.7068
DIAMONDS TEN DIAMONDS FOUR,0.5718,0.009,0.4192
CLUBS TEN DIAMONDS NINE,0.5598,0.0054,0.4348
DIAMONDS JACK DIAMONDS FOUR,0.5956,0.0058,0.3986
DIAMONDS NINE CLUBS JACK,0.5748,0.0066,0.4186
SPADES NINE CLUBS JACK,0.5638,0.0076,0.4286
CLUBS TEN SPADES NINE,0.556,0.007,0.437
DIAMONDS ACE DIAMONDS FOUR,0.3734,0.0034,0.6232
HEARTS FOUR DIAMONDS FOUR,0.454,0.0116,0.5344
DIAMONDS JACK HEARTS TEN,0.5582,0.0072,0.4346
SPADES NINE CLUBS KING,0.225,0.1662,0.6088
DIAMONDS TWO SPADES TEN,0.6424,0.0066,0.351
DIAMONDS NINE CLUBS ACE,0.3496,0.0034,0.647
HEARTS FIVE DIAMONDS FOUR,0.6286,0.007,0.3644
HEARTS JACK DIAMONDS JACK,0.2972,0.0056,0.6972
SPADES NINE CLUBS QUEEN,0.5802,0.0054,0.4144
DIAMONDS TWO SPADES JACK,0.6292,0.0058,0.365
DIAMONDS QUEEN DIAMONDS FOUR,0.5924,0.008,0.3996
HEARTS TWO DIAMONDS FOUR,0.6598,0.0072,0.333
DIAMONDS NINE CLUBS QUEEN,0.5882,0.0056,0.4062
DIAMONDS KING DIAMONDS FOUR,0.5014,0.216,0.2826
HEARTS THREE DIAMONDS FOUR,0.634,0.0098,0.3562
SPADES NINE CLUBS ACE,0.3604,0.004,0.6356
DIAMONDS NINE CLUBS KING,0.2272,0.1592,0.6136
HEARTS ACE DIAMONDS JACK,0.348,0.0038,0.6482
SPADES ACE DIAMONDS TWO,0.3974,0.0054,0.5972
DIAMONDS JACK HEARTS QUEEN,0.578,0.0056,0.4164
SPADES QUEEN DIAMONDS TWO,0.6248,0.006,0.3692
SPADES KING DIAMONDS TWO,0.5412,0.228,0.2308
SPADES JACK SPADES SEVEN,0.5946,0.007,0.3984
SPADES TEN SPADES SEVEN,0.5814,0.006,0.4126
CLUBS SEVEN CLUBS THREE,0.603,0.007,0.39
CLUBS SIX CLUBS THREE,0.6066,0.0086,0.3848
CLUBS FIVE CLUBS THREE,0.5718,0.0072,0.421
CLUBS THREE CLUBS FOUR,0.5926,0.0078,0.3996
CLUBS NINE CLUBS THREE,0.5914,0.007,0.4016
CLUBS EIGHT CLUBS THREE,0.6886,0.0342,0.2772
CLUBS THREE SPADES FIVE,0.626,0.0068,0.3672
CLUBS THREE SPADES FOUR,0.6376,0.0092,0.3532
CLUBS THREE SPADES THREE,0.4572,0.0136,0.5292
CLUBS THREE SPADES TWO,0.6504,0.0098,0.3398
CLUBS THREE SPADES SIX,0.6472,0.0068,0.346
SPADES SEVEN CLUBS THREE,0.6626,0.009,0.3284
SPADES NINE CLUBS THREE,0.6368,0.0092,0.354
SPADES TWO DIAMONDS FOUR,0.6312,0.008,0.3608
SPADES THREE DIAMONDS FOUR,0.6346,0.007,0.3584
SPADES FOUR DIAMONDS FOUR,0.445,0.0144,0.5406
SPADES FIVE DIAMONDS FOUR,0.6232,0.0094,0.3674
SPADES SIX DIAMONDS FOUR,0.641,0.0066,0.3524
SPADES SEVEN DIAMONDS FOUR,0.6546,0.0074,0.338
SPADES NINE DIAMONDS FOUR,0.6264,0.0066,0.367
CLUBS FIVE DIAMONDS FOUR,0.6034,0.0086,0.388
CLUBS FOUR DIAMONDS FOUR,0.4408,0.0098,0.5494
CLUBS SEVEN DIAMONDS FOUR,0.6444,0.0074,0.3482
CLUBS SIX DIAMONDS FOUR,0.621,0.0082,0.3708
CLUBS NINE DIAMONDS FOUR,0.6296,0.0052,0.3652
CLUBS EIGHT DIAMONDS FOUR,0.7304,0.0362,0.2334
DIAMONDS FOUR HEARTS SEVEN,0.641,0.0106,0.3484
HEARTS SIX DIAMONDS FOUR,0.635,0.0044,0.3606
HEARTS NINE DIAMONDS FOUR,0.6356,0.0076,0.3568
DIAMONDS FOUR HEARTS EIGHT,0.7246,0.0322,0.2432
CLUBS THREE DIAMONDS FOUR,0.633,0.0084,0.3586
CLUBS TWO DIAMONDS FOUR,0.6306,0.007,0.3624
DIAMONDS TEN DIAMONDS FIVE,0.575,0.0076,0.4174
DIAMONDS JACK DIAMONDS FIVE,0.583,0.0072,0.4098
DIAMONDS NINE HEARTS QUEEN,0.585,0.0072,0.4078
HEARTS ACE DIAMONDS NINE,0.34,0.004,0.656
DIAMONDS NINE HEARTS TEN,0.5626,0.0052,0.4322
DIAMONDS NINE HEARTS JACK,0.576,0.0064,0.4176
CLUBS KING DIAMONDS SIX,0.5356,0.2304,0.234
CLUBS QUEEN DIAMONDS SIX,0.6208,0.0056,0.3736
CLUBS ACE DIAMONDS SIX,0.3908,0.0024,0.6068
SPADES KING DIAMONDS FOUR,0.5368,0.245,0.2182
SPADES ACE SPADES SEVEN,0.3732,0.0044,0.6224
SPADES QUEEN DIAMONDS FOUR,0.6264,0.0064,0.3672
SPADES QUEEN SPADES SEVEN,0.6022,0.0082,0.3896
CLUBS JACK DIAMONDS SIX,0.645,0.0044,0.3506
SPADES KING SPADES SEVEN,0.5166,0.2268,0.2566
SPADES ACE DIAMONDS FOUR,0.386,0.0042,0.6098
CLUBS TEN DIAMONDS SIX,0.6242,0.007,0.3688
CLUBS NINE CLUBS FOUR,0.5892,0.006,0.4048
CLUBS EIGHT CLUBS FOUR,0.674,0.0298,0.2962
SPADES JACK DIAMONDS FOUR,0.6188,0.0068,0.3744
SPADES TEN DIAMONDS FOUR,0.6192,0.0068,0.374
CLUBS FIVE CLUBS FOUR,0.5846,0.0068,0.4086
CLUBS SEVEN CLUBS FOUR,0.6016,0.0078,0.3906
CLUBS SIX CLUBS FOUR,0.5984,0.0072,0.3944
CLUBS SEVEN SPADES NINE,0.578,0.0086,0.4134
CLUBS SEVEN SPADES SIX,0.6244,0.0072,0.3684
CLUBS SEVEN SPADES SEVEN,0.417,0.01,0.573
CLUBS SEVEN SPADES FIVE,0.6346,0.0088,0.3566
CLUBS SEVEN SPADES FOUR,0.6422,0.0078,0.35
CLUBS SEVEN SPADES THREE,0.6642,0.0074,0.3284
CLUBS SEVEN SPADES TWO,0.6772,0.0084,0.3144
CLUBS NINE CLUBS SEVEN,0.559,0.0048,0.4362
CLUBS SEVEN CLUBS EIGHT,0.6432,0.0328,0.324
HEARTS SIX DIAMONDS FIVE,0.6232,0.0074,0.3694
DIAMONDS FIVE HEARTS SEVEN,0.6384,0.0068,0.3548
DIAMONDS FIVE HEARTS EIGHT,0.7118,0.036,0.2522
HEARTS NINE DIAMONDS FIVE,0.6012,0.0068,0.392
DIAMONDS QUEEN DIAMONDS FIVE,0.5998,0.0072,0.393
HEARTS TWO DIAMONDS FIVE,0.6566,0.0078,0.3356
DIAMONDS KING DIAMONDS FIVE,0.509,0.2136,0.2774
HEARTS THREE DIAMONDS FIVE,0.6298,0.0082,0.362
HEARTS QUEEN HEARTS EIGHT,0.6838,0.0318,0.2844
DIAMONDS ACE DIAMONDS FIVE,0.3636,0.0048,0.6316
HEARTS FOUR DIAMONDS FIVE,0.6232,0.0066,0.3702
HEARTS FIVE DIAMONDS FIVE,0.4378,0.0126,0.5496
HEARTS ACE HEARTS EIGHT,0.2364,0.0228,0.7408
CLUBS FOUR DIAMONDS FIVE,0.597,0.007,0.396
CLUBS FIVE DIAMONDS FIVE,0.4434,0.0102,0.5464
CLUBS SIX DIAMONDS FIVE,0.6192,0.0074,0.3734
CLUBS SEVEN DIAMONDS FIVE,0.6204,0.0064,0.3732
CLUBS TWO DIAMONDS FIVE,0.6382,0.0062,0.3556
CLUBS THREE DIAMONDS FIVE,0.6238,0.0078,0.3684
SPADES THREE DIAMONDS FIVE,0.643,0.0058,0.3512
SPADES TWO DIAMONDS FIVE,0.6424,0.0096,0.348
SPADES JACK DIAMONDS EIGHT,0.7016,0.0302,0.2682
SPADES FIVE DIAMONDS FIVE,0.4602,0.0124,0.5274
CLUBS TEN HEARTS JACK,0.5528,0.0058,0.4414
SPADES TEN DIAMONDS EIGHT,0.6898,0.0286,0.2816
SPADES FOUR DIAMONDS FIVE,0.623,0.0072,0.3698
HEARTS JACK CLUBS JACK,0.2922,0.0054,0.7024
HEARTS JACK CLUBS QUEEN,0.569,0.0068,0.4242
CLUBS NINE DIAMONDS FIVE,0.6212,0.0074,0.3714
HEARTS JACK CLUBS KING,0.2464,0.0886,0.665
CLUBS EIGHT DIAMONDS FIVE,0.7012,0.0348,0.264
HEARTS JACK CLUBS ACE,0.3482,0.004,0.6478
SPADES SEVEN DIAMONDS FIVE,0.6232,0.0082,0.3686
SPADES KING DIAMONDS EIGHT,0.0116,0.9712,0.0172
SPADES SIX DIAMONDS FIVE,0.6278,0.0062,0.366
SPADES QUEEN DIAMONDS EIGHT,0.705,0.0332,0.2618
SPADES NINE DIAMONDS FIVE,0.6188,0.0076,0.3736
SPADES ACE DIAMONDS EIGHT,0.2378,0.0274,0.7348
DIAMONDS TEN DIAMONDS SIX,0.5784,0.0068,0.4148
HEARTS ACE DIAMONDS SEVEN,0.3868,0.0044,0.6088
DIAMONDS JACK DIAMONDS SIX,0.5994,0.006,0.3946
HEARTS QUEEN DIAMONDS SEVEN,0.636,0.0056,0.3584
DIAMONDS ACE DIAMONDS SIX,0.373,0.0036,0.6234
HEARTS FOUR DIAMONDS SIX,0.6374,0.009,0.3536
HEARTS JACK SPADES TWO,0.644,0.0078,0.3482
HEARTS FIVE DIAMONDS SIX,0.6214,0.0088,0.3698
SPADES TWO HEARTS TEN,0.625,0.0086,0.3664
DIAMONDS QUEEN DIAMONDS SIX,0.5964,0.0062,0.3974
HEARTS TWO DIAMONDS SIX,0.6614,0.0064,0.3322
DIAMONDS KING DIAMONDS SIX,0.4972,0.2264,0.2764
HEARTS THREE DIAMONDS SIX,0.6418,0.0064,0.3518
HEARTS EIGHT DIAMONDS SIX,0.6896,0.0358,0.2746
HEARTS NINE DIAMONDS SIX,0.6104,0.0074,0.3822
HEARTS SIX DIAMONDS SIX,0.4346,0.0108,0.5546
HEARTS SEVEN DIAMONDS SIX,0.6132,0.0052,0.3816
HEARTS TEN DIAMONDS SEVEN,0.6258,0.0056,0.3686
CLUBS TWO DIAMONDS SIX,0.6696,0.0066,0.3238
HEARTS JACK DIAMONDS SEVEN,0.628,0.0066,0.3654
CLUBS THREE DIAMONDS SIX,0.6384,0.0062,0.3554
CLUBS SEVEN DIAMONDS SIX,0.6138,0.004,0.3822
DIAMONDS EIGHT CLUBS JACK,0.7026,0.028,0.2694
CLUBS SIX DIAMONDS SIX,0.4408,0.0098,0.5494
CLUBS TEN DIAMONDS EIGHT,0.6842,0.0308,0.285
CLUBS FIVE DIAMONDS SIX,0.6126,0.0078,0.3796
CLUBS FOUR DIAMONDS SIX,0.6384,0.007,0.3546
HEARTS ACE HEARTS JACK,0.329,0.0036,0.6674
DIAMONDS EIGHT CLUBS ACE,0.237,0.0264,0.7366
HEARTS JACK HEARTS QUEEN,0.543,0.0076,0.4494
DIAMONDS EIGHT CLUBS KING,0.0236,0.9576,0.0188
CLUBS NINE DIAMONDS SIX,0.604,0.0044,0.3916
DIAMONDS EIGHT CLUBS QUEEN,0.7226,0.03,0.2474
CLUBS EIGHT DIAMONDS SIX,0.6952,0.0314,0.2734
SPADES FIVE DIAMONDS SIX,0.6138,0.0086,0.3776
HEARTS ACE SPADES TWO,0.3874,0.0048,0.6078
SPADES FOUR DIAMONDS SIX,0.6352,0.0074,0.3574
SPADES THREE DIAMONDS SIX,0.646,0.0084,0.3456
SPADES TWO HEARTS QUEEN,0.6358,0.007,0.3572
SPADES ACE SPADES KING,0.2194,0.0094,0.7712
SPADES TWO DIAMONDS SIX,0.6746,0.0062,0.3192
HEARTS TEN HEARTS EIGHT,0.6558,0.0262,0.318
SPADES NINE DIAMONDS SIX,0.6028,0.006,0.3912
HEARTS JACK HEARTS EIGHT,0.6796,0.0344,0.286
SPADES SEVEN DIAMONDS SIX,0.6136,0.0092,0.3772
SPADES SIX DIAMONDS SIX,0.4334,0.008,0.5586
CLUBS ACE CLUBS KING,0.2222,0.0118,0.766
SPADES ACE HEARTS JACK,0.332,0.0062,0.6618
SPADES QUEEN HEARTS JACK,0.5544,0.008,0.4376
SPADES KING HEARTS JACK,0.2288,0.09,0.6812
SPADES TEN DIAMONDS TEN,0.2944,0.0078,0.6978
SPADES JACK DIAMONDS TEN,0.5632,0.006,0.4308
SPADES ACE DIAMONDS TEN,0.3398,0.0056,0.6546
SPADES JACK HEARTS JACK,0.2952,0.006,0.6988
SPADES TEN HEARTS JACK,0.5524,0.006,0.4416
SPADES QUEEN DIAMONDS TEN,0.566,0.0064,0.4276
SPADES KING DIAMONDS TEN,0.2216,0.12,0.6584
SPADES NINE DIAMONDS SEVEN,0.5976,0.0056,0.3968
SPADES SEVEN DIAMONDS SEVEN,0.4376,0.0132,0.5492
SPADES SIX DIAMONDS SEVEN,0.6182,0.0074,0.3744
DIAMONDS KING DIAMONDS SEVEN,0.504,0.2176,0.2784
HEARTS THREE DIAMONDS SEVEN,0.6666,0.0082,0.3252
DIAMONDS QUEEN DIAMONDS SEVEN,0.5942,0.0068,0.399
HEARTS TWO DIAMONDS SEVEN,0.6682,0.0074,0.3244
HEARTS QUEEN DIAMONDS FIVE,0.6248,0.0076,0.3676
HEARTS FIVE DIAMONDS SEVEN,0.6234,0.0084,0.3682
DIAMONDS ACE DIAMONDS SEVEN,0.3822,0.004,0.6138
HEARTS FOUR DIAMONDS SEVEN,0.6622,0.0076,0.3302
HEARTS ACE DIAMONDS FIVE,0.3752,0.004,0.6208
HEARTS SEVEN DIAMONDS SEVEN,0.4292,0.011,0.5598
HEARTS SIX DIAMONDS SEVEN,0.6248,0.0066,0.3686
HEARTS NINE DIAMONDS SEVEN,0.6068,0.0074,0.3858
DIAMONDS SEVEN HEARTS EIGHT,0.6786,0.032,0.2894
DIAMONDS JACK DIAMONDS SEVEN,0.5842,0.0066,0.4092
HEARTS JACK DIAMONDS FIVE,0.635,0.0076,0.3574
DIAMONDS TEN DIAMONDS SEVEN,0.5674,0.0046,0.428
DIAMONDS FIVE HEARTS TEN,0.6418,0.0072,0.351
SPADES KING CLUBS TWO,0.5314,0.231,0.2376
CLUBS EIGHT DIAMONDS SEVEN,0.6812,0.033,0.2858
SPADES QUEEN CLUBS TWO,0.6292,0.0052,0.3656
CLUBS NINE DIAMONDS SEVEN,0.6054,0.0054,0.3892
SPADES TWO CLUBS JACK,0.6296,0.0102,0.3602
SPADES ACE CLUBS TWO,0.398,0.005,0.597
CLUBS TEN SPADES TWO,0.6266,0.0074,0.366
CLUBS SEVEN CLUBS SIX,0.5716,0.0046,0.4238
SPADES TWO CLUBS KING,0.5504,0.2178,0.2318
SPADES TWO DIAMONDS SEVEN,0.6756,0.0082,0.3162
CLUBS EIGHT CLUBS SIX,0.6548,0.033,0.3122
SPADES THREE DIAMONDS SEVEN,0.662,0.0088,0.3292
SPADES TWO CLUBS QUEEN,0.6562,0.0056,0.3382
CLUBS NINE CLUBS SIX,0.5684,0.0054,0.4262
SPADES FOUR DIAMONDS SEVEN,0.632,0.0082,0.3598
SPADES FIVE DIAMONDS SEVEN,0.644,0.0062,0.3498
SPADES TWO CLUBS ACE,0.4114,0.006,0.5826
CLUBS SIX SPADES TWO,0.6582,0.0088,0.333
CLUBS SIX SPADES THREE,0.6432,0.0068,0.35
CLUBS TWO DIAMONDS SEVEN,0.6692,0.007,0.3238
CLUBS SIX SPADES FOUR,0.6268,0.0082,0.365
CLUBS THREE DIAMONDS SEVEN,0.6484,0.0054,0.3462
CLUBS SIX SPADES FIVE,0.6124,0.0062,0.3814
CLUBS FOUR DIAMONDS SEVEN,0.6496,0.0056,0.3448
CLUBS SIX SPADES SIX,0.4498,0.012,0.5382
CLUBS FIVE DIAMONDS SEVEN,0.623,0.0052,0.3718
CLUBS SIX SPADES SEVEN,0.616,0.0066,0.3774
CLUBS SIX DIAMONDS SEVEN,0.6142,0.0064,0.3794
SPADES JACK CLUBS TWO,0.6354,0.0074,0.3572
CLUBS SEVEN DIAMONDS SEVEN,0.4338,0.011,0.5552
SPADES NINE CLUBS SIX,0.6152,0.005,0.3798
SPADES TEN CLUBS TWO,0.6282,0.009,0.3628
CLUBS TWO CLUBS QUEEN,0.5854,0.008,0.4066
CLUBS TWO CLUBS KING,0.5188,0.212,0.2692
CLUBS THREE DIAMONDS EIGHT,0.743,0.0382,0.2188
CLUBS TWO CLUBS ACE,0.3724,0.0036,0.624
CLUBS TWO DIAMONDS EIGHT,0.7236,0.0394,0.237
DIAMONDS EIGHT HEARTS SEVEN,0.684,0.0352,0.2808
HEARTS SIX DIAMONDS EIGHT,0.6954,0.0334,0.2712
DIAMONDS EIGHT HEARTS NINE,0.6942,0.029,0.2768
CLUBS TEN CLUBS TWO,0.5974,0.0074,0.3952
DIAMONDS EIGHT HEARTS EIGHT,0.3024,0.0258,0.6718
CLUBS TWO CLUBS JACK,0.5936,0.0086,0.3978
CLUBS NINE DIAMONDS EIGHT,0.6822,0.0298,0.288
CLUBS EIGHT DIAMONDS EIGHT,0.2938,0.0216,0.6846
CLUBS FIVE DIAMONDS EIGHT,0.701,0.033,0.266
SPADES ACE SPADES THREE,0.375,0.005,0.62
CLUBS FOUR DIAMONDS EIGHT,0.7212,0.0358,0.243
CLUBS SEVEN DIAMONDS EIGHT,0.6762,0.0336,0.2902
SPADES QUEEN SPADES THREE,0.6004,0.0082,0.3914
CLUBS SIX DIAMONDS EIGHT,0.687,0.0344,0.2786
SPADES KING SPADES THREE,0.5148,0.2176,0.2676
DIAMONDS QUEEN DIAMONDS EIGHT,0.676,0.0314,0.2926
HEARTS TWO DIAMONDS EIGHT,0.7446,0.0388,0.2166
DIAMONDS KING DIAMONDS EIGHT,0.0196,0.9026,0.0778
HEARTS THREE DIAMONDS EIGHT,0.738,0.0398,0.2222
DIAMONDS ACE DIAMONDS EIGHT,0.2244,0.0236,0.752
HEARTS FOUR DIAMONDS EIGHT,0.7152,0.034,0.2508
HEARTS FIVE DIAMONDS EIGHT,0.7164,0.0312,0.2524
DIAMONDS EIGHT DIAMONDS TEN,0.6536,0.0252,0.3212
DIAMONDS EIGHT DIAMONDS JACK,0.6476,0.031,0.3214
SPADES JACK SPADES THREE,0.592,0.008,0.4
SPADES TEN SPADES THREE,0.5968,0.0086,0.3946
CLUBS FOUR HEARTS ACE,0.3874,0.0062,0.6064
CLUBS FOUR HEARTS QUEEN,0.6312,0.0092,0.3596
CLUBS SIX HEARTS TEN,0.6156,0.007,0.3774
CLUBS SIX HEARTS JACK,0.6408,0.0054,0.3538
SPADES FOUR DIAMONDS EIGHT,0.7274,0.036,0.2366
SPADES FIVE DIAMONDS EIGHT,0.706,0.0356,0.2584
DIAMONDS EIGHT SPADES TWO,0.741,0.0344,0.2246
DIAMONDS EIGHT SPADES THREE,0.742,0.0364,0.2216
CLUBS FOUR HEARTS JACK,0.639,0.0066,0.3544
SPADES TEN DIAMONDS QUEEN,0.558,0.0068,0.4352
SPADES TEN HEARTS TWO,0.6322,0.0094,0.3584
SPADES JACK HEARTS EIGHT,0.7126,0.031,0.2564
CLUBS FOUR HEARTS TEN,0.6386,0.0084,0.353
SPADES NINE DIAMONDS EIGHT,0.6716,0.0232,0.3052
SPADES TEN HEARTS EIGHT,0.6954,0.029,0.2756
SPADES JACK HEARTS TWO,0.6292,0.0098,0.361
SPADES JACK DIAMONDS QUEEN,0.5512,0.0066,0.4422
SPADES SIX DIAMONDS EIGHT,0.6944,0.0338,0.2718
SPADES SEVEN DIAMONDS EIGHT,0.6756,0.0352,0.2892
SPADES ACE HEARTS TWO,0.394,0.0068,0.5992
SPADES ACE DIAMONDS QUEEN,0.353,0.0028,0.6442
SPADES ACE HEARTS EIGHT,0.2384,0.0244,0.7372
SPADES KING HEARTS EIGHT,0.007,0.9848,0.0082
SPADES QUEEN HEARTS TWO,0.6278,0.0066,0.3656
SPADES QUEEN DIAMONDS QUEEN,0.2784,0.0042,0.7174
SPADES KING DIAMONDS QUEEN,0.236,0.06,0.704
SPADES KING HEARTS TWO,0.5358,0.2348,0.2294
SPADES QUEEN HEARTS EIGHT,0.7274,0.033,0.2396
CLUBS TWO HEARTS TEN,0.6452,0.0086,0.3462
CLUBS TWO HEARTS JACK,0.6422,0.0086,0.3492
SPADES SEVEN DIAMONDS NINE,0.6118,0.0052,0.383
SPADES SIX DIAMONDS NINE,0.6228,0.008,0.3692
SPADES NINE DIAMONDS NINE,0.3008,0.0096,0.6896
SPADES TEN CLUBS KING,0.2242,0.117,0.6588
DIAMONDS NINE SPADES THREE,0.6426,0.0076,0.3498
SPADES JACK CLUBS KING,0.2314,0.0878,0.6808
DIAMONDS NINE SPADES TWO,0.638,0.0066,0.3554
SPADES FIVE DIAMONDS NINE,0.636,0.0056,0.3584
DIAMONDS NINE SPADES FOUR,0.6372,0.0098,0.353
CLUBS NINE DIAMONDS NINE,0.3124,0.0084,0.6792
CLUBS EIGHT DIAMONDS NINE,0.6708,0.0298,0.2994
CLUBS SIX DIAMONDS NINE,0.624,0.0042,0.3718
SPADES JACK CLUBS FOUR,0.6292,0.006,0.3648
CLUBS SEVEN DIAMONDS NINE,0.6052,0.0058,0.389
SPADES TEN CLUBS FOUR,0.626,0.007,0.367
CLUBS FOUR DIAMONDS NINE,0.6344,0.008,0.3576
CLUBS FIVE DIAMONDS NINE,0.6192,0.0074,0.3734
DIAMONDS NINE CLUBS TWO,0.6374,0.008,0.3546
CLUBS THREE DIAMONDS NINE,0.6286,0.0072,0.3642
DIAMONDS NINE HEARTS EIGHT,0.6766,0.0288,0.2946
DIAMONDS NINE HEARTS NINE,0.313,0.0106,0.6764
HEARTS SIX DIAMONDS NINE,0.6148,0.0068,0.3784
DIAMONDS NINE HEARTS SEVEN,0.5828,0.0078,0.4094
CLUBS NINE CLUBS EIGHT,0.635,0.027,0.338
DIAMONDS ACE DIAMONDS NINE,0.341,0.0062,0.6528
HEARTS FOUR DIAMONDS NINE,0.6314,0.0066,0.362
HEARTS FIVE DIAMONDS NINE,0.6288,0.008,0.3632
HEARTS ACE CLUBS TWO,0.3868,0.006,0.6072
SPADES ACE CLUBS FOUR,0.3888,0.0026,0.6086
DIAMONDS QUEEN DIAMONDS NINE,0.5376,0.0064,0.456
HEARTS TWO DIAMONDS NINE,0.6314,0.0068,0.3618
SPADES KING CLUBS FOUR,0.5226,0.237,0.2404
DIAMONDS KING DIAMONDS NINE,0.2076,0.152,0.6404
HEARTS THREE DIAMONDS NINE,0.641,0.0076,0.3514
CLUBS TWO HEARTS QUEEN,0.6314,0.0064,0.3622
SPADES QUEEN CLUBS FOUR,0.6202,0.0066,0.3732
DIAMONDS NINE DIAMONDS JACK,0.5448,0.0062,0.449
CLUBS EIGHT SPADES NINE,0.6856,0.0274,0.287
DIAMONDS NINE DIAMONDS TEN,0.5306,0.0092,0.4602
CLUBS EIGHT SPADES SEVEN,0.6746,0.0328,0.2926
CLUBS EIGHT SPADES SIX,0.6992,0.037,0.2638
CLUBS EIGHT SPADES FIVE,0.7062,0.0348,0.259
CLUBS EIGHT SPADES FOUR,0.735,0.0348,0.2302
CLUBS EIGHT SPADES THREE,0.733,0.0352,0.2318
CLUBS EIGHT SPADES TWO,0.7356,0.042,0.2224
HEARTS SIX DIAMONDS TEN,0.6174,0.0082,0.3744
DIAMONDS TEN HEARTS SEVEN,0.6172,0.008,0.3748
DIAMONDS TEN HEARTS EIGHT,0.6946,0.0316,0.2738
CLUBS FOUR CLUBS JACK,0.5914,0.0068,0.4018
DIAMONDS TEN HEARTS NINE,0.5628,0.0054,0.4318
CLUBS TEN CLUBS FOUR,0.5832,0.006,0.4108
CLUBS FOUR CLUBS KING,0.5064,0.2148,0.2788
CLUBS FOUR CLUBS QUEEN,0.5902,0.0072,0.4026
CLUBS TWO DIAMONDS TEN,0.6434,0.0052,0.3514
CLUBS THREE DIAMONDS TEN,0.6372,0.009,0.3538
CLUBS FOUR CLUBS ACE,0.3728,0.0054,0.6218
DIAMONDS JACK DIAMONDS TEN,0.5016,0.0066,0.4918
DIAMONDS QUEEN DIAMONDS TEN,0.5156,0.006,0.4784
HEARTS TWO DIAMONDS TEN,0.6356,0.0074,0.357
DIAMONDS KING DIAMONDS TEN,0.2072,0.1132,0.6796
HEARTS THREE DIAMONDS TEN,0.6368,0.0086,0.3546
DIAMONDS ACE DIAMONDS TEN,0.3106,0.0026,0.6868
HEARTS FOUR DIAMONDS TEN,0.619,0.0064,0.3746
CLUBS EIGHT HEARTS JACK,0.7148,0.0278,0.2574
HEARTS FIVE DIAMONDS TEN,0.6278,0.0096,0.3626
CLUBS EIGHT HEARTS TEN,0.6946,0.0324,0.273
CLUBS EIGHT HEARTS QUEEN,0.7282,0.0302,0.2416
CLUBS EIGHT HEARTS ACE,0.2218,0.0262,0.752
CLUBS NINE SPADES THREE,0.6414,0.008,0.3506
CLUBS NINE SPADES TWO,0.6444,0.0072,0.3484
CLUBS NINE SPADES FIVE,0.6336,0.0078,0.3586
CLUBS NINE SPADES FOUR,0.6436,0.0074,0.349
CLUBS NINE SPADES SEVEN,0.6136,0.0058,0.3806
CLUBS NINE SPADES SIX,0.6272,0.0052,0.3676
CLUBS NINE SPADES NINE,0.2968,0.0094,0.6938
CLUBS TEN HEARTS EIGHT,0.6894,0.0298,0.2808
CLUBS JACK HEARTS EIGHT,0.7034,0.0304,0.2662
CLUBS QUEEN HEARTS EIGHT,0.7192,0.0322,0.2486
CLUBS KING HEARTS EIGHT,0.0164,0.9736,0.01
CLUBS ACE HEARTS EIGHT,0.2364,0.0276,0.736
SPADES KING CLUBS KING,0.0608,0.0134,0.9258
SPADES QUEEN CLUBS KING,0.2292,0.0644,0.7064
SPADES ACE CLUBS KING,0.2282,0.0128,0.759
DIAMONDS ACE HEARTS TEN,0.3566,0.0046,0.6388
HEARTS FOUR HEARTS TEN,0.5988,0.0082,0.393
DIAMONDS ACE HEARTS JACK,0.3476,0.0056,0.6468
HEARTS FOUR HEARTS JACK,0.5982,0.009,0.3928
SPADES KING CLUBS FIVE,0.5342,0.2258,0.24
SPADES QUEEN CLUBS FIVE,0.6196,0.0084,0.372
SPADES ACE CLUBS FIVE,0.3858,0.0036,0.6106
DIAMONDS JACK HEARTS SEVEN,0.6246,0.0072,0.3682
HEARTS SIX DIAMONDS JACK,0.6404,0.0066,0.353
DIAMONDS JACK HEARTS NINE,0.5744,0.0068,0.4188
DIAMONDS JACK HEARTS EIGHT,0.7168,0.0272,0.256
DIAMONDS KING DIAMONDS JACK,0.2254,0.0806,0.694
HEARTS THREE DIAMONDS JACK,0.6286,0.0086,0.3628
SPADES ACE SPADES SIX,0.3736,0.0044,0.622
HEARTS ACE SPADES FOUR,0.3886,0.007,0.6044
DIAMONDS QUEEN DIAMONDS JACK,0.5304,0.0048,0.4648
HEARTS TWO DIAMONDS JACK,0.6396,0.0058,0.3546
HEARTS FIVE DIAMONDS JACK,0.6326,0.0056,0.3618
SPADES QUEEN SPADES SIX,0.5924,0.0068,0.4008
SPADES FOUR HEARTS QUEEN,0.627,0.0094,0.3636
DIAMONDS ACE DIAMONDS JACK,0.3294,0.0052,0.6654
HEARTS FOUR DIAMONDS JACK,0.6236,0.0076,0.3688
SPADES KING SPADES SIX,0.5074,0.228,0.2646
SPADES TEN SPADES SIX,0.5896,0.007,0.4034
SPADES JACK SPADES SIX,0.6,0.0076,0.3924
SPADES FOUR DIAMONDS JACK,0.6434,0.0064,0.3502
SPADES FIVE DIAMONDS JACK,0.635,0.0078,0.3572
DIAMONDS JACK SPADES TWO,0.6298,0.0068,0.3634
SPADES THREE DIAMONDS JACK,0.6168,0.0066,0.3766
SPADES ACE DIAMONDS THREE,0.3832,0.0034,0.6134
SPADES QUEEN DIAMONDS THREE,0.6314,0.0052,0.3634
CLUBS EIGHT DIAMONDS JACK,0.6986,0.028,0.2734
SPADES KING DIAMONDS THREE,0.5436,0.2326,0.2238
CLUBS NINE DIAMONDS JACK,0.577,0.0052,0.4178
CLUBS SIX DIAMONDS JACK,0.6354,0.0062,0.3584
CLUBS SEVEN DIAMONDS JACK,0.6374,0.0064,0.3562
CLUBS FOUR DIAMONDS JACK,0.6192,0.005,0.3758
CLUBS FIVE DIAMONDS JACK,0.625,0.0076,0.3674
CLUBS TWO DIAMONDS JACK,0.6376,0.0066,0.3558
CLUBS THREE DIAMONDS JACK,0.6256,0.0078,0.3666
SPADES TEN CLUBS FIVE,0.6324,0.007,0.3606
HEARTS SIX SPADES JACK,0.628,0.0086,0.3634
HEARTS SIX SPADES TEN,0.6078,0.0106,0.3816
SPADES JACK CLUBS FIVE,0.6308,0.0074,0.3618
SPADES JACK DIAMONDS THREE,0.627,0.008,0.365
CLUBS SEVEN CLUBS ACE,0.364,0.0044,0.6316
DIAMONDS THREE SPADES TEN,0.6266,0.0066,0.3668
CLUBS SEVEN CLUBS QUEEN,0.5822,0.0088,0.409
CLUBS SEVEN CLUBS KING,0.516,0.2222,0.2618
SPADES NINE DIAMONDS JACK,0.5548,0.0076,0.4376
CLUBS TEN CLUBS SEVEN,0.582,0.006,0.412
DIAMONDS ACE HEARTS ACE,0.1164,0.0038,0.8798
HEARTS FOUR HEARTS ACE,0.3718,0.0038,0.6244
SPADES ACE HEARTS SIX,0.3968,0.0042,0.599
CLUBS SEVEN CLUBS JACK,0.589,0.0048,0.4062
SPADES SEVEN DIAMONDS JACK,0.6318,0.0082,0.36
SPADES KING HEARTS SIX,0.5404,0.2446,0.215
DIAMONDS ACE HEARTS QUEEN,0.3612,0.0062,0.6326
HEARTS FOUR HEARTS QUEEN,0.5966,0.0078,0.3956
SPADES SIX DIAMONDS JACK,0.647,0.0062,0.3468
SPADES QUEEN HEARTS SIX,0.627,0.0062,0.3668
SPADES TWO DIAMONDS TEN,0.6284,0.009,0.3626
SPADES THREE DIAMONDS TEN,0.6474,0.0074,0.3452
SPADES FOUR DIAMONDS TEN,0.6372,0.0074,0.3554
SPADES FIVE DIAMONDS TEN,0.6222,0.0076,0.3702
SPADES SIX DIAMONDS TEN,0.6302,0.0068,0.363
SPADES SEVEN DIAMONDS TEN,0.6192,0.0078,0.373
SPADES NINE DIAMONDS TEN,0.5716,0.0062,0.4222
CLUBS FOUR DIAMONDS TEN,0.6294,0.0052,0.3654
CLUBS FIVE DIAMONDS TEN,0.6368,0.0062,0.357
CLUBS SIX DIAMONDS TEN,0.613,0.0068,0.3802
CLUBS SEVEN DIAMONDS TEN,0.6278,0.0064,0.3658
CLUBS EIGHT DIAMONDS TEN,0.685,0.028,0.287
CLUBS NINE DIAMONDS TEN,0.5502,0.0054,0.4444
DIAMONDS THREE CLUBS JACK,0.6248,0.0072,0.368
CLUBS TEN DIAMONDS THREE,0.6288,0.0058,0.3654
DIAMONDS THREE CLUBS KING,0.5296,0.2246,0.2458
DIAMONDS THREE CLUBS QUEEN,0.63,0.0052,0.3648
DIAMONDS THREE CLUBS ACE,0.394,0.004,0.602
SPADES FOUR HEARTS JACK,0.6478,0.0068,0.3454
SPADES FOUR HEARTS TEN,0.6534,0.0084,0.3382
SPADES FIVE SPADES TWO,0.6076,0.0104,0.382
SPADES FOUR SPADES TWO,0.6064,0.0072,0.3864
SPADES THREE SPADES TWO,0.6258,0.0082,0.366
SPADES NINE SPADES TWO,0.6054,0.0104,0.3842
SPADES SEVEN SPADES TWO,0.6316,0.0086,0.3598
SPADES SIX SPADES TWO,0.6328,0.0074,0.3598
DIAMONDS QUEEN CLUBS THREE,0.6312,0.0054,0.3634
CLUBS THREE HEARTS TWO,0.6478,0.0084,0.3438
DIAMONDS QUEEN CLUBS TWO,0.6306,0.0076,0.3618
HEARTS TWO CLUBS TWO,0.4632,0.0162,0.5206
DIAMONDS QUEEN HEARTS SEVEN,0.6278,0.0066,0.3656
HEARTS TWO HEARTS SEVEN,0.6264,0.0086,0.365
HEARTS SIX DIAMONDS QUEEN,0.6312,0.0082,0.3606
HEARTS SIX HEARTS TWO,0.6314,0.0068,0.3618
DIAMONDS QUEEN HEARTS NINE,0.5888,0.0082,0.403
HEARTS TWO HEARTS NINE,0.6084,0.0072,0.3844
DIAMONDS QUEEN HEARTS EIGHT,0.7256,0.036,0.2384
HEARTS TWO HEARTS EIGHT,0.694,0.0394,0.2666
CLUBS NINE HEARTS TWO,0.634,0.0064,0.3596
CLUBS NINE DIAMONDS QUEEN,0.5786,0.007,0.4144
CLUBS EIGHT HEARTS TWO,0.7382,0.0364,0.2254
CLUBS EIGHT DIAMONDS QUEEN,0.7146,0.0294,0.256
CLUBS FIVE DIAMONDS QUEEN,0.6308,0.0066,0.3626
CLUBS FIVE HEARTS TWO,0.6464,0.0074,0.3462
DIAMONDS QUEEN CLUBS FOUR,0.6256,0.0064,0.368
HEARTS TWO CLUBS FOUR,0.6408,0.009,0.3502
CLUBS SEVEN DIAMONDS QUEEN,0.6406,0.0058,0.3536
CLUBS SEVEN HEARTS TWO,0.668,0.0104,0.3216
CLUBS SIX DIAMONDS QUEEN,0.6184,0.0058,0.3758
CLUBS SIX HEARTS TWO,0.6582,0.007,0.3348
DIAMONDS QUEEN SPADES SIX,0.6248,0.0068,0.3684
HEARTS TWO SPADES SIX,0.6554,0.0088,0.3358
HEARTS FOUR CLUBS QUEEN,0.6354,0.0086,0.356
DIAMONDS ACE CLUBS QUEEN,0.3538,0.003,0.6432
DIAMONDS QUEEN SPADES SEVEN,0.6374,0.007,0.3556
SPADES SEVEN HEARTS TWO,0.6864,0.0086,0.305
HEARTS FOUR CLUBS KING,0.5372,0.2364,0.2264
DIAMONDS ACE CLUBS KING,0.2328,0.0106,0.7566
HEARTS FOUR CLUBS ACE,0.3916,0.003,0.6054
DIAMONDS ACE CLUBS ACE,0.1318,0.0022,0.866
SPADES NINE DIAMONDS QUEEN,0.5788,0.008,0.4132
SPADES NINE HEARTS TWO,0.6334,0.0094,0.3572
HEARTS TWO SPADES TWO,0.4644,0.0144,0.5212
DIAMONDS QUEEN SPADES TWO,0.6248,0.008,0.3672
HEARTS TWO SPADES THREE,0.6586,0.0088,0.3326
DIAMONDS QUEEN SPADES THREE,0.64,0.0068,0.3532
HEARTS TWO SPADES FOUR,0.6438,0.0104,0.3458
DIAMONDS QUEEN SPADES FOUR,0.6282,0.0072,0.3646
HEARTS FOUR CLUBS TEN,0.6294,0.0072,0.3634
CLUBS TEN DIAMONDS ACE,0.3648,0.0028,0.6324
HEARTS TWO SPADES FIVE,0.6434,0.01,0.3466
DIAMONDS QUEEN SPADES FIVE,0.6452,0.0058,0.349
HEARTS FOUR CLUBS JACK,0.639,0.0062,0.3548
DIAMONDS ACE CLUBS JACK,0.3482,0.0046,0.6472
CLUBS FIVE CLUBS KING,0.4984,0.2172,0.2844
CLUBS FIVE CLUBS QUEEN,0.5708,0.0064,0.4228
CLUBS FIVE CLUBS ACE,0.366,0.005,0.629
CLUBS FIVE CLUBS JACK,0.5952,0.0076,0.3972
CLUBS TEN CLUBS FIVE,0.5966,0.0052,0.3982
SPADES KING CLUBS JACK,0.2338,0.0868,0.6794
SPADES QUEEN CLUBS JACK,0.567,0.006,0.427
SPADES ACE CLUBS JACK,0.3456,0.004,0.6504
SPADES SIX CLUBS KING,0.5492,0.2288,0.222
SPADES SIX CLUBS QUEEN,0.6364,0.005,0.3586
SPADES SIX CLUBS ACE,0.408,0.0044,0.5876
SPADES SIX CLUBS JACK,0.644,0.0056,0.3504
CLUBS TEN SPADES SIX,0.616,0.008,0.376
SPADES TEN CLUBS JACK,0.557,0.007,0.436
SPADES JACK CLUBS JACK,0.294,0.007,0.699
SPADES QUEEN CLUBS SEVEN,0.6378,0.005,0.3572
SPADES KING CLUBS SEVEN,0.5424,0.224,0.2336
SPADES ACE CLUBS SEVEN,0.3782,0.0034,0.6184
SPADES SIX HEARTS TEN,0.6286,0.0076,0.3638
SPADES SIX HEARTS JACK,0.6438,0.0064,0.3498
SPADES SIX HEARTS ACE,0.3796,0.005,0.6154
SPADES SIX HEARTS QUEEN,0.6342,0.0086,0.3572
CLUBS SEVEN SPADES JACK,0.62,0.0084,0.3716
CLUBS SEVEN SPADES TEN,0.605,0.006,0.389
CLUBS TEN HEARTS SIX,0.6128,0.0078,0.3794
HEARTS SIX CLUBS JACK,0.6382,0.006,0.3558
CLUBS ACE CLUBS JACK,0.3302,0.0046,0.6652
HEARTS SIX CLUBS QUEEN,0.6296,0.0056,0.3648
HEARTS SIX CLUBS KING,0.54,0.2404,0.2196
HEARTS SIX CLUBS ACE,0.383,0.0032,0.6138
CLUBS QUEEN CLUBS JACK,0.5296,0.0046,0.4658
CLUBS KING CLUBS JACK,0.2162,0.0808,0.703
DIAMONDS THREE HEARTS ACE,0.3982,0.0048,0.597
DIAMONDS THREE HEARTS QUEEN,0.6264,0.0064,0.3672
CLUBS FIVE HEARTS JACK,0.6422,0.0052,0.3526
SPADES TEN DIAMONDS ACE,0.3324,0.0046,0.663
HEARTS FOUR SPADES TEN,0.622,0.0082,0.3698
CLUBS FIVE HEARTS TEN,0.6366,0.0072,0.3562
HEARTS FOUR SPADES JACK,0.6364,0.0066,0.357
SPADES JACK DIAMONDS ACE,0.3402,0.0044,0.6554
SPADES ACE HEARTS FOUR,0.402,0.0044,0.5936
SPADES ACE DIAMONDS ACE,0.1102,0.0032,0.8866
CLUBS FIVE HEARTS ACE,0.3844,0.005,0.6106
HEARTS FOUR SPADES QUEEN,0.637,0.0074,0.3556
SPADES QUEEN DIAMONDS ACE,0.35,0.003,0.647
SPADES FOUR CLUBS JACK,0.6376,0.006,0.3564
CLUBS FIVE HEARTS QUEEN,0.6358,0.0074,0.3568
SPADES KING DIAMONDS ACE,0.228,0.0136,0.7584
HEARTS FOUR SPADES KING,0.5356,0.2316,0.2328
CLUBS TEN SPADES FOUR,0.6268,0.0072,0.366
DIAMONDS QUEEN DIAMONDS ACE,0.3248,0.0044,0.6708
HEARTS TWO DIAMONDS ACE,0.3984,0.0046,0.597
HEARTS FOUR DIAMONDS QUEEN,0.6328,0.0064,0.3608
HEARTS FOUR HEARTS TWO,0.6182,0.0094,0.3724
DIAMONDS THREE HEARTS TEN,0.65,0.0058,0.3442
SPADES FOUR CLUBS KING,0.5318,0.2466,0.2216
HEARTS FIVE DIAMONDS QUEEN,0.6262,0.0108,0.363
HEARTS FIVE HEARTS TWO,0.6136,0.0072,0.3792
DIAMONDS THREE HEARTS JACK,0.6292,0.0092,0.3616
SPADES FOUR CLUBS QUEEN,0.6168,0.006,0.3772
DIAMONDS QUEEN HEARTS TWO,0.6372,0.0078,0.355
DIAMONDS KING DIAMONDS QUEEN,0.2284,0.0606,0.711
DIAMONDS KING HEARTS TWO,0.5472,0.228,0.2248
HEARTS THREE DIAMONDS QUEEN,0.6358,0.0068,0.3574
HEARTS THREE HEARTS TWO,0.6244,0.009,0.3666
SPADES FOUR CLUBS ACE,0.394,0.0054,0.6006
HEARTS TWO CLUBS ACE,0.3934,0.005,0.6016
DIAMONDS QUEEN CLUBS ACE,0.3604,0.004,0.6356
HEARTS TWO CLUBS QUEEN,0.6326,0.008,0.3594
DIAMONDS QUEEN CLUBS QUEEN,0.291,0.0032,0.7058
HEARTS TWO CLUBS KING,0.546,0.2236,0.2304
DIAMONDS QUEEN CLUBS KING,0.233,0.0582,0.7088
CLUBS TEN HEARTS TWO,0.6406,0.0082,0.3512
CLUBS TEN DIAMONDS QUEEN,0.5814,0.0068,0.4118
SPADES NINE SPADES FIVE,0.5898,0.0076,0.4026
HEARTS TWO CLUBS JACK,0.6426,0.0078,0.3496
DIAMONDS QUEEN CLUBS JACK,0.5618,0.005,0.4332
SPADES SIX SPADES FIVE,0.5876,0.0094,0.403
SPADES SEVEN SPADES FIVE,0.612,0.0094,0.3786
DIAMONDS FIVE CLUBS QUEEN,0.6148,0.0048,0.3804
DIAMONDS FIVE CLUBS KING,0.5316,0.228,0.2404
CLUBS ACE DIAMONDS FIVE,0.3824,0.0028,0.6148
CLUBS TEN DIAMONDS FIVE,0.6274,0.0068,0.3658
DIAMONDS FIVE CLUBS JACK,0.6274,0.007,0.3656
HEARTS JACK DIAMONDS TEN,0.5598,0.0064,0.4338
DIAMONDS TEN HEARTS TEN,0.2986,0.0068,0.6946
SPADES ACE CLUBS NINE,0.3458,0.0036,0.6506
CLUBS NINE SPADES QUEEN,0.573,0.0066,0.4204
CLUBS NINE SPADES KING,0.211,0.17,0.619
DIAMONDS KING SPADES SEVEN,0.5314,0.2394,0.2292
HEARTS THREE SPADES SEVEN,0.6708,0.0052,0.324
SPADES KING DIAMONDS SEVEN,0.5298,0.235,0.2352
HEARTS SIX HEARTS QUEEN,0.605,0.0088,0.3862
DIAMONDS KING SPADES SIX,0.5274,0.2394,0.2332
HEARTS THREE SPADES SIX,0.6572,0.0094,0.3334
SPADES QUEEN DIAMONDS SEVEN,0.6228,0.0062,0.371
DIAMONDS KING SPADES NINE,0.22,0.1676,0.6124
HEARTS THREE SPADES NINE,0.63,0.0098,0.3602
HEARTS SIX HEARTS ACE,0.3746,0.0028,0.6226
SPADES ACE DIAMONDS SEVEN,0.3684,0.006,0.6256
CLUBS NINE HEARTS THREE,0.6412,0.0084,0.3504
CLUBS NINE DIAMONDS KING,0.2336,0.1602,0.6062
