opposingHand,winningChance,drawChance,lostChance
SPADES NINE SPADES THREE
HEARTS FIVE SPADES TEN,0.3832,0.0266,0.5902
SPADES JACK HEARTS FIVE,0.3922,0.0228,0.585
SPADES FIVE CLUBS JACK,0.3962,0.0158,0.588
SPADES FIVE CLUBS TEN,0.3894,0.0298,0.5808
CLUBS EIGHT CLUBS JACK,0.3588,0.0182,0.623
CLUBS EIGHT CLUBS TEN,0.3602,0.0238,0.616
CLUBS EIGHT CLUBS KING,0.3744,0.0086,0.617
SPADES FIVE CLUBS ACE,0.3666,0.006,0.6274
CLUBS EIGHT CLUBS QUEEN,0.357,0.0096,0.6334
SPADES FIVE CLUBS KING,0.4022,0.0074,0.5904
SPADES FIVE CLUBS QUEEN,0.3922,0.012,0.5958
CLUBS EIGHT CLUBS ACE,0.3656,0.0034,0.631
DIAMONDS TWO DIAMONDS THREE,0.6142,0.1038,0.282
DIAMONDS TWO DIAMONDS FIVE,0.58,0.0398,0.3802
SPADES KING HEARTS FIVE,0.3882,0.008,0.6038
DIAMONDS TWO DIAMONDS FOUR,0.5818,0.041,0.3772
SPADES QUEEN HEARTS FIVE,0.3782,0.014,0.6078
DIAMONDS TWO DIAMONDS SEVEN,0.5788,0.0406,0.3806
DIAMONDS TWO DIAMONDS SIX,0.5912,0.04,0.3688
SPADES ACE HEARTS FIVE,0.3774,0.0054,0.6172
DIAMONDS TWO DIAMONDS NINE,0.295,0.4434,0.2616
DIAMONDS TWO DIAMONDS EIGHT,0.5874,0.0432,0.3694
DIAMONDS THREE DIAMONDS FOUR,0.596,0.1012,0.3028
CLUBS TWO SPADES FOUR,0.6092,0.0454,0.3454
DIAMONDS THREE DIAMONDS FIVE,0.5944,0.0992,0.3064
CLUBS TWO SPADES FIVE,0.6046,0.0458,0.3496
CLUBS TWO SPADES TWO,0.4052,0.0906,0.5042
DIAMONDS THREE DIAMONDS EIGHT,0.64,0.0916,0.2684
SPADES EIGHT CLUBS TWO,0.6184,0.0452,0.3364
DIAMONDS THREE DIAMONDS NINE,0.0698,0.8554,0.0748
DIAMONDS THREE DIAMONDS SIX,0.6126,0.0984,0.289
CLUBS TWO SPADES SIX,0.6214,0.038,0.3406
DIAMONDS THREE DIAMONDS SEVEN,0.623,0.099,0.278
SPADES SEVEN CLUBS TWO,0.6184,0.0444,0.3372
CLUBS SIX CLUBS TWO,0.5772,0.0404,0.3824
CLUBS SEVEN CLUBS TWO,0.5704,0.0456,0.384
CLUBS FOUR CLUBS TWO,0.5724,0.0362,0.3914
CLUBS FIVE CLUBS TWO,0.5682,0.0408,0.391
CLUBS JACK CLUBS TEN,0.335,0.0144,0.6506
DIAMONDS FOUR DIAMONDS SIX,0.5226,0.0448,0.4326
CLUBS QUEEN CLUBS TEN,0.33,0.012,0.658
DIAMONDS FOUR DIAMONDS SEVEN,0.553,0.0328,0.4142
CLUBS KING CLUBS TEN,0.3374,0.007,0.6556
CLUBS ACE CLUBS TEN,0.3456,0.0072,0.6472
CLUBS EIGHT CLUBS TWO,0.5916,0.041,0.3674
DIAMONDS FIVE DIAMONDS FOUR,0.515,0.0416,0.4434
CLUBS NINE CLUBS TWO,0.2918,0.4526,0.2556
DIAMONDS NINE DIAMONDS FOUR,0.2526,0.453,0.2944
DIAMONDS EIGHT DIAMONDS FOUR,0.5584,0.0372,0.4044
CLUBS TWO CLUBS THREE,0.6108,0.0956,0.2936
DIAMONDS NINE DIAMONDS FIVE,0.2494,0.4006,0.35
DIAMONDS TWO CLUBS JACK,0.4392,0.0218,0.539
DIAMONDS EIGHT DIAMONDS FIVE,0.5294,0.0396,0.431
DIAMONDS TWO CLUBS TEN,0.432,0.0228,0.5452
DIAMONDS FIVE DIAMONDS SEVEN,0.512,0.0388,0.4492
DIAMONDS FIVE DIAMONDS SIX,0.5188,0.0392,0.442
DIAMONDS TWO CLUBS ACE,0.4282,0.0052,0.5666
DIAMONDS TWO CLUBS KING,0.425,0.0092,0.5658
DIAMONDS TWO CLUBS QUEEN,0.4176,0.0128,0.5696
DIAMONDS EIGHT DIAMONDS SIX,0.5262,0.0374,0.4364
DIAMONDS NINE DIAMONDS SIX,0.25,0.3358,0.4142
DIAMONDS SEVEN DIAMONDS SIX,0.5182,0.0368,0.445
DIAMONDS EIGHT DIAMONDS SEVEN,0.5106,0.0448,0.4446
DIAMONDS NINE DIAMONDS SEVEN,0.255,0.2658,0.4792
DIAMONDS NINE DIAMONDS EIGHT,0.2434,0.2032,0.5534
DIAMONDS KING HEARTS TEN,0.3576,0.0046,0.6378
HEARTS THREE HEARTS TEN,0.259,0.0782,0.6628
CLUBS SIX SPADES JACK,0.3818,0.0188,0.5994
DIAMONDS KING HEARTS JACK,0.37,0.007,0.623
HEARTS THREE HEARTS JACK,0.254,0.0588,0.6872
CLUBS SIX SPADES TEN,0.378,0.029,0.593
SPADES JACK SPADES FIVE,0.3396,0.0208,0.6396
SPADES TEN SPADES FIVE,0.3474,0.027,0.6256
DIAMONDS KING HEARTS ACE,0.3684,0.0042,0.6274
HEARTS THREE HEARTS ACE,0.2716,0.0164,0.712
SPADES ACE CLUBS SIX,0.3802,0.004,0.6158
DIAMONDS KING HEARTS QUEEN,0.3752,0.0046,0.6202
HEARTS THREE HEARTS QUEEN,0.2614,0.0476,0.691
SPADES KING CLUBS SIX,0.3974,0.0056,0.597
DIAMONDS KING HEARTS KING,0.177,0.0106,0.8124
HEARTS THREE HEARTS KING,0.2744,0.0298,0.6958
SPADES QUEEN CLUBS SIX,0.3892,0.014,0.5968
SPADES QUEEN SPADES FIVE,0.3436,0.015,0.6414
SPADES KING SPADES FIVE,0.3424,0.0088,0.6488
SPADES ACE SPADES FIVE,0.3322,0.006,0.6618
SPADES JACK CLUBS TEN,0.3336,0.0118,0.6546
SPADES TEN CLUBS TEN,0.1616,0.0332,0.8052
SPADES ACE CLUBS TEN,0.3532,0.006,0.6408
SPADES KING CLUBS TEN,0.3548,0.0072,0.638
SPADES QUEEN CLUBS TEN,0.3354,0.0126,0.652
SPADES FIVE HEARTS QUEEN,0.3964,0.0128,0.5908
SPADES FIVE HEARTS KING,0.399,0.0086,0.5924
SPADES FIVE HEARTS ACE,0.3854,0.0048,0.6098
CLUBS EIGHT SPADES TEN,0.356,0.025,0.619
HEARTS THREE SPADES JACK,0.2678,0.0632,0.669
SPADES JACK DIAMONDS KING,0.3434,0.0078,0.6488
SPADES TEN DIAMONDS KING,0.3418,0.009,0.6492
HEARTS THREE SPADES TEN,0.262,0.0798,0.6582
CLUBS EIGHT SPADES JACK,0.3704,0.0186,0.611
SPADES ACE CLUBS EIGHT,0.3786,0.0036,0.6178
HEARTS FIVE CLUBS JACK,0.3924,0.0184,0.5892
CLUBS SIX HEARTS ACE,0.4014,0.0038,0.5948
HEARTS FIVE CLUBS TEN,0.4026,0.0244,0.573
CLUBS EIGHT SPADES QUEEN,0.3674,0.0116,0.621
CLUBS SIX HEARTS QUEEN,0.3982,0.011,0.5908
CLUBS EIGHT SPADES KING,0.3956,0.007,0.5974
CLUBS SIX HEARTS KING,0.403,0.0074,0.5896
DIAMONDS TWO HEARTS JACK,0.4318,0.02,0.5482
DIAMONDS TWO HEARTS TEN,0.4216,0.028,0.5504
HEARTS FIVE CLUBS ACE,0.386,0.0054,0.6086
SPADES FIVE HEARTS TEN,0.3782,0.0288,0.593
HEARTS FIVE CLUBS KING,0.3932,0.009,0.5978
SPADES FIVE HEARTS JACK,0.3908,0.0194,0.5898
HEARTS FIVE CLUBS QUEEN,0.3954,0.011,0.5936
HEARTS THREE CLUBS KING,0.2976,0.0338,0.6686
DIAMONDS KING CLUBS KING,0.1702,0.0124,0.8174
HEARTS THREE CLUBS QUEEN,0.2794,0.0386,0.682
DIAMONDS KING CLUBS QUEEN,0.3652,0.0048,0.63
HEARTS FIVE HEARTS JACK,0.38,0.016,0.604
HEARTS FIVE HEARTS TEN,0.3718,0.0228,0.6054
HEARTS THREE CLUBS ACE,0.277,0.0212,0.7018
DIAMONDS KING CLUBS ACE,0.3664,0.0036,0.63
SPADES ACE CLUBS QUEEN,0.3502,0.0048,0.645
SPADES KING CLUBS QUEEN,0.3588,0.0076,0.6336
HEARTS THREE CLUBS JACK,0.288,0.0532,0.6588
DIAMONDS KING CLUBS JACK,0.3662,0.007,0.6268
SPADES QUEEN CLUBS QUEEN,0.166,0.0208,0.8132
HEARTS THREE CLUBS TEN,0.2796,0.0758,0.6446
DIAMONDS KING CLUBS TEN,0.3568,0.0058,0.6374
SPADES JACK CLUBS QUEEN,0.3576,0.01,0.6324
CLUBS SIX CLUBS QUEEN,0.3776,0.0116,0.6108
SPADES TEN CLUBS QUEEN,0.3318,0.0114,0.6568
CLUBS SIX CLUBS KING,0.3702,0.007,0.6228
CLUBS SIX CLUBS ACE,0.3734,0.0048,0.6218
HEARTS FIVE HEARTS KING,0.3642,0.009,0.6268
HEARTS FIVE HEARTS QUEEN,0.3572,0.015,0.6278
CLUBS SIX CLUBS TEN,0.3588,0.0242,0.617
HEARTS FIVE HEARTS ACE,0.359,0.005,0.636
CLUBS SIX CLUBS JACK,0.382,0.0152,0.6028
SPADES SEVEN HEARTS JACK,0.3742,0.0158,0.61
SPADES SEVEN HEARTS TEN,0.3662,0.0244,0.6094
DIAMONDS TWO CLUBS TWO,0.4096,0.0874,0.503
DIAMONDS TWO CLUBS THREE,0.6476,0.1092,0.2432
HEARTS SIX DIAMONDS TWO,0.6156,0.0412,0.3432
DIAMONDS TWO HEARTS QUEEN,0.4326,0.0134,0.554
DIAMONDS TWO HEARTS SEVEN,0.6312,0.0422,0.3266
DIAMONDS TWO HEARTS KING,0.4366,0.0082,0.5552
DIAMONDS TWO HEARTS EIGHT,0.6192,0.0454,0.3354
DIAMONDS TWO HEARTS ACE,0.4318,0.0064,0.5618
DIAMONDS TWO HEARTS NINE,0.3132,0.4862,0.2006
DIAMONDS TWO DIAMONDS QUEEN,0.4106,0.0102,0.5792
DIAMONDS TWO HEARTS TWO,0.4056,0.0892,0.5052
DIAMONDS TWO DIAMONDS KING,0.4044,0.0096,0.586
HEARTS THREE DIAMONDS TWO,0.6606,0.108,0.2314
DIAMONDS TWO DIAMONDS ACE,0.3918,0.0052,0.603
HEARTS FOUR DIAMONDS TWO,0.6088,0.043,0.3482
DIAMONDS TWO HEARTS FIVE,0.6136,0.0456,0.3408
SPADES SEVEN HEARTS ACE,0.3786,0.0058,0.6156
DIAMONDS TWO DIAMONDS TEN,0.4066,0.0264,0.567
SPADES SEVEN HEARTS KING,0.3898,0.01,0.6002
DIAMONDS TWO DIAMONDS JACK,0.4046,0.0182,0.5772
SPADES SEVEN HEARTS QUEEN,0.3806,0.01,0.6094
DIAMONDS TWO SPADES EIGHT,0.613,0.0426,0.3444
DIAMONDS TWO SPADES SEVEN,0.6248,0.0432,0.332
DIAMONDS TWO SPADES SIX,0.6164,0.0434,0.3402
DIAMONDS TWO SPADES FIVE,0.593,0.0436,0.3634
DIAMONDS TWO SPADES FOUR,0.592,0.0512,0.3568
DIAMONDS TWO SPADES TWO,0.3998,0.0926,0.5076
CLUBS NINE DIAMONDS TWO,0.3086,0.486,0.2054
CLUBS EIGHT DIAMONDS TWO,0.6258,0.0448,0.3294
DIAMONDS TWO CLUBS SEVEN,0.6392,0.0406,0.3202
CLUBS SIX DIAMONDS TWO,0.613,0.0412,0.3458
DIAMONDS TWO CLUBS FIVE,0.5984,0.0446,0.357
DIAMONDS TWO CLUBS FOUR,0.6084,0.0408,0.3508
CLUBS FOUR SPADES FIVE,0.5634,0.0438,0.3928
CLUBS FOUR SPADES FOUR,0.3156,0.0866,0.5978
CLUBS FOUR SPADES TWO,0.6164,0.0436,0.34
CLUBS FOUR SPADES EIGHT,0.5752,0.0438,0.381
CLUBS FOUR SPADES SEVEN,0.5764,0.043,0.3806
CLUBS FOUR SPADES SIX,0.5702,0.046,0.3838
SPADES ACE DIAMONDS SIX,0.3898,0.004,0.6062
SPADES QUEEN DIAMONDS SIX,0.397,0.015,0.588
SPADES KING DIAMONDS SIX,0.3904,0.006,0.6036
SPADES TEN DIAMONDS SIX,0.3836,0.0236,0.5928
SPADES JACK DIAMONDS SIX,0.381,0.0216,0.5974
SPADES QUEEN SPADES TWO,0.386,0.0154,0.5986
SPADES KING SPADES TWO,0.3698,0.0122,0.618
SPADES ACE SPADES TWO,0.37,0.0072,0.6228
DIAMONDS JACK CLUBS JACK,0.18,0.0312,0.7888
DIAMONDS JACK CLUBS TEN,0.345,0.0104,0.6446
DIAMONDS JACK CLUBS KING,0.3594,0.0086,0.632
DIAMONDS JACK CLUBS QUEEN,0.3598,0.0122,0.628
DIAMONDS THREE DIAMONDS JACK,0.2802,0.0536,0.6662
DIAMONDS THREE DIAMONDS TEN,0.2568,0.0722,0.671
DIAMONDS JACK CLUBS ACE,0.3824,0.004,0.6136
DIAMONDS THREE DIAMONDS KING,0.2728,0.029,0.6982
HEARTS THREE DIAMONDS THREE,0.3188,0.0614,0.6198
DIAMONDS THREE DIAMONDS QUEEN,0.2736,0.042,0.6844
DIAMONDS THREE HEARTS TWO,0.6522,0.1026,0.2452
HEARTS FIVE DIAMONDS THREE,0.639,0.1016,0.2594
DIAMONDS THREE DIAMONDS ACE,0.2698,0.0198,0.7104
HEARTS FOUR DIAMONDS THREE,0.6328,0.1082,0.259
DIAMONDS THREE HEARTS SEVEN,0.663,0.0998,0.2372
HEARTS SIX DIAMONDS THREE,0.6574,0.0978,0.2448
DIAMONDS THREE HEARTS NINE,0.0696,0.9092,0.0212
HEARTS JACK DIAMONDS FOUR,0.4102,0.0198,0.57
HEARTS KING HEARTS ACE,0.3526,0.0042,0.6432
SPADES TEN SPADES TWO,0.377,0.0334,0.5896
DIAMONDS THREE HEARTS EIGHT,0.6712,0.0972,0.2316
HEARTS TEN DIAMONDS FOUR,0.3894,0.0258,0.5848
SPADES JACK SPADES TWO,0.374,0.023,0.603
HEARTS QUEEN DIAMONDS FOUR,0.3988,0.0124,0.5888
HEARTS KING DIAMONDS FOUR,0.4036,0.0092,0.5872
HEARTS ACE DIAMONDS FOUR,0.3856,0.0062,0.6082
DIAMONDS THREE SPADES EIGHT,0.6806,0.094,0.2254
DIAMONDS THREE SPADES SEVEN,0.6604,0.102,0.2376
DIAMONDS THREE SPADES SIX,0.6494,0.1016,0.249
CLUBS SIX DIAMONDS THREE,0.6518,0.1016,0.2466
CLUBS ACE DIAMONDS FOUR,0.3944,0.0054,0.6002
CLUBS SIX CLUBS FIVE,0.5182,0.0436,0.4382
CLUBS SEVEN CLUBS FIVE,0.5284,0.042,0.4296
CLUBS SEVEN DIAMONDS THREE,0.6624,0.0884,0.2492
DIAMONDS THREE CLUBS FOUR,0.647,0.0926,0.2604
CLUBS QUEEN DIAMONDS FOUR,0.401,0.0102,0.5888
DIAMONDS THREE CLUBS FIVE,0.6314,0.1086,0.26
CLUBS KING DIAMONDS FOUR,0.3986,0.0096,0.5918
DIAMONDS THREE CLUBS TWO,0.6544,0.1068,0.2388
DIAMONDS FOUR CLUBS TEN,0.3952,0.0232,0.5816
DIAMONDS THREE CLUBS THREE,0.316,0.061,0.623
DIAMONDS FOUR CLUBS JACK,0.4044,0.0182,0.5774
DIAMONDS THREE SPADES FOUR,0.6404,0.1082,0.2514
DIAMONDS THREE SPADES FIVE,0.6408,0.1046,0.2546
DIAMONDS THREE SPADES TWO,0.6524,0.1062,0.2414
CLUBS EIGHT DIAMONDS THREE,0.677,0.0978,0.2252
CLUBS NINE DIAMONDS THREE,0.0744,0.9042,0.0214
SPADES SEVEN CLUBS ACE,0.3894,0.0038,0.6068
SPADES SEVEN CLUBS QUEEN,0.4004,0.0106,0.589
SPADES SEVEN CLUBS KING,0.4102,0.0102,0.5796
CLUBS FIVE SPADES SEVEN,0.5496,0.0416,0.4088
SPADES SEVEN CLUBS TEN,0.3604,0.0264,0.6132
CLUBS FIVE SPADES SIX,0.562,0.0456,0.3924
SPADES SEVEN CLUBS JACK,0.3754,0.0166,0.608
SPADES EIGHT CLUBS FIVE,0.5552,0.0422,0.4026
CLUBS FIVE SPADES TWO,0.5882,0.0458,0.366
CLUBS FIVE SPADES FIVE,0.3064,0.0818,0.6118
CLUBS FIVE SPADES FOUR,0.5532,0.0448,0.402
CLUBS NINE CLUBS FIVE,0.2574,0.401,0.3416
CLUBS EIGHT CLUBS FIVE,0.5344,0.0392,0.4264
CLUBS ACE CLUBS QUEEN,0.3548,0.0038,0.6414
CLUBS KING CLUBS QUEEN,0.3422,0.008,0.6498
DIAMONDS TEN DIAMONDS FOUR,0.3796,0.0228,0.5976
DIAMONDS NINE CLUBS TEN,0.2726,0.0742,0.6532
DIAMONDS JACK DIAMONDS FOUR,0.3688,0.0176,0.6136
DIAMONDS NINE CLUBS JACK,0.2706,0.0584,0.671
DIAMONDS ACE DIAMONDS FOUR,0.3604,0.0034,0.6362
HEARTS FOUR DIAMONDS FOUR,0.3102,0.082,0.6078
DIAMONDS JACK HEARTS TEN,0.3544,0.0138,0.6318
DIAMONDS TWO SPADES TEN,0.4162,0.0312,0.5526
DIAMONDS NINE CLUBS ACE,0.2742,0.0234,0.7024
HEARTS FIVE DIAMONDS FOUR,0.5602,0.0458,0.394
HEARTS JACK DIAMONDS JACK,0.1832,0.032,0.7848
DIAMONDS TWO SPADES JACK,0.417,0.0198,0.5632
DIAMONDS QUEEN DIAMONDS FOUR,0.3722,0.0116,0.6162
HEARTS TWO DIAMONDS FOUR,0.6002,0.0482,0.3516
DIAMONDS NINE CLUBS QUEEN,0.2738,0.0488,0.6774
DIAMONDS KING DIAMONDS FOUR,0.3752,0.009,0.6158
HEARTS THREE DIAMONDS FOUR,0.6412,0.1008,0.258
DIAMONDS NINE CLUBS KING,0.2824,0.035,0.6826
HEARTS ACE DIAMONDS JACK,0.3654,0.0062,0.6284
SPADES ACE DIAMONDS TWO,0.4068,0.005,0.5882
DIAMONDS JACK HEARTS QUEEN,0.3646,0.0094,0.626
SPADES QUEEN DIAMONDS TWO,0.4186,0.0138,0.5676
HEARTS KING DIAMONDS JACK,0.3592,0.006,0.6348
SPADES KING DIAMONDS TWO,0.4186,0.0088,0.5726
SPADES JACK SPADES SEVEN,0.3402,0.0206,0.6392
SPADES TEN SPADES SEVEN,0.3346,0.0286,0.6368
CLUBS SEVEN CLUBS THREE,0.6242,0.093,0.2828
CLUBS SIX CLUBS THREE,0.5984,0.0978,0.3038
CLUBS FIVE CLUBS THREE,0.5996,0.098,0.3024
CLUBS FOUR CLUBS THREE,0.5974,0.097,0.3056
CLUBS NINE CLUBS THREE,0.067,0.864,0.069
CLUBS EIGHT CLUBS THREE,0.6462,0.0918,0.262
CLUBS THREE SPADES FIVE,0.6358,0.1062,0.258
CLUBS THREE SPADES FOUR,0.6424,0.103,0.2546
CLUBS THREE SPADES TWO,0.6472,0.105,0.2478
SPADES SIX CLUBS THREE,0.6402,0.1048,0.255
SPADES SEVEN CLUBS THREE,0.6522,0.0984,0.2494
SPADES EIGHT CLUBS THREE,0.6696,0.1012,0.2292
SPADES TWO DIAMONDS FOUR,0.6042,0.0474,0.3484
SPADES FOUR DIAMONDS FOUR,0.3206,0.085,0.5944
SPADES FIVE DIAMONDS FOUR,0.5602,0.0444,0.3954
SPADES SIX DIAMONDS FOUR,0.5648,0.0446,0.3906
SPADES SEVEN DIAMONDS FOUR,0.5858,0.0436,0.3706
SPADES EIGHT DIAMONDS FOUR,0.5752,0.0484,0.3764
CLUBS FIVE DIAMONDS FOUR,0.5724,0.0426,0.385
CLUBS FOUR DIAMONDS FOUR,0.32,0.0834,0.5966
CLUBS SEVEN DIAMONDS FOUR,0.5836,0.0428,0.3736
CLUBS SIX DIAMONDS FOUR,0.5698,0.0404,0.3898
CLUBS NINE DIAMONDS FOUR,0.2618,0.4892,0.249
CLUBS EIGHT DIAMONDS FOUR,0.5854,0.0422,0.3724
DIAMONDS FOUR HEARTS SEVEN,0.5802,0.0418,0.378
HEARTS SIX DIAMONDS FOUR,0.5786,0.0398,0.3816
HEARTS NINE DIAMONDS FOUR,0.2684,0.4832,0.2484
DIAMONDS FOUR HEARTS EIGHT,0.585,0.0432,0.3718
CLUBS THREE DIAMONDS FOUR,0.6384,0.0958,0.2658
CLUBS TWO DIAMONDS FOUR,0.6004,0.047,0.3526
DIAMONDS TEN DIAMONDS FIVE,0.3756,0.0262,0.5982
DIAMONDS JACK DIAMONDS FIVE,0.3788,0.0198,0.6014
DIAMONDS NINE HEARTS QUEEN,0.2678,0.0502,0.682
HEARTS KING DIAMONDS NINE,0.271,0.0334,0.6956
DIAMONDS NINE HEARTS ACE,0.2796,0.0262,0.6942
DIAMONDS NINE HEARTS TEN,0.2666,0.0776,0.6558
DIAMONDS NINE HEARTS JACK,0.279,0.0592,0.6618
CLUBS KING DIAMONDS SIX,0.3932,0.006,0.6008
CLUBS QUEEN DIAMONDS SIX,0.4032,0.011,0.5858
CLUBS ACE DIAMONDS SIX,0.3858,0.0042,0.61
SPADES KING DIAMONDS FOUR,0.3948,0.0128,0.5924
SPADES ACE SPADES SEVEN,0.3388,0.007,0.6542
SPADES QUEEN DIAMONDS FOUR,0.3898,0.0148,0.5954
SPADES QUEEN SPADES SEVEN,0.3442,0.013,0.6428
CLUBS JACK DIAMONDS SIX,0.4134,0.0172,0.5694
SPADES KING SPADES SEVEN,0.3414,0.0102,0.6484
SPADES ACE DIAMONDS FOUR,0.3732,0.0052,0.6216
CLUBS TEN DIAMONDS SIX,0.3884,0.0278,0.5838
CLUBS NINE CLUBS FOUR,0.2456,0.468,0.2864
CLUBS EIGHT CLUBS FOUR,0.5556,0.0408,0.4036
SPADES JACK DIAMONDS FOUR,0.3766,0.02,0.6034
SPADES TEN DIAMONDS FOUR,0.3916,0.029,0.5794
CLUBS FOUR CLUBS FIVE,0.5476,0.0392,0.4132
CLUBS SEVEN CLUBS FOUR,0.5462,0.038,0.4158
CLUBS SIX CLUBS FOUR,0.5394,0.0392,0.4214
CLUBS SEVEN SPADES EIGHT,0.5364,0.039,0.4246
CLUBS SEVEN SPADES SIX,0.543,0.0398,0.4172
CLUBS SEVEN SPADES SEVEN,0.3002,0.0672,0.6326
CLUBS SEVEN SPADES FIVE,0.5446,0.0396,0.4158
CLUBS SEVEN SPADES FOUR,0.571,0.0404,0.3886
CLUBS SEVEN SPADES TWO,0.6312,0.0458,0.323
CLUBS NINE CLUBS SEVEN,0.2514,0.2602,0.4884
CLUBS EIGHT CLUBS SEVEN,0.5068,0.0332,0.46
HEARTS SIX DIAMONDS FIVE,0.5578,0.0344,0.4078
DIAMONDS FIVE HEARTS SEVEN,0.5706,0.0422,0.3872
DIAMONDS FIVE HEARTS EIGHT,0.5686,0.0386,0.3928
HEARTS NINE DIAMONDS FIVE,0.2668,0.4172,0.316
DIAMONDS QUEEN DIAMONDS FIVE,0.384,0.0102,0.6058
HEARTS TWO DIAMONDS FIVE,0.5982,0.0448,0.357
HEARTS KING HEARTS EIGHT,0.3752,0.0074,0.6174
DIAMONDS KING DIAMONDS FIVE,0.3712,0.0088,0.62
HEARTS THREE DIAMONDS FIVE,0.6422,0.1022,0.2556
HEARTS QUEEN HEARTS EIGHT,0.3652,0.013,0.6218
DIAMONDS ACE DIAMONDS FIVE,0.3772,0.005,0.6178
HEARTS FOUR DIAMONDS FIVE,0.5552,0.0422,0.4026
HEARTS FIVE DIAMONDS FIVE,0.312,0.069,0.619
HEARTS ACE HEARTS EIGHT,0.3678,0.0056,0.6266
CLUBS FOUR DIAMONDS FIVE,0.5646,0.0402,0.3952
CLUBS FIVE DIAMONDS FIVE,0.3082,0.082,0.6098
CLUBS SIX DIAMONDS FIVE,0.559,0.0346,0.4064
CLUBS SEVEN DIAMONDS FIVE,0.5664,0.0424,0.3912
CLUBS TWO DIAMONDS FIVE,0.6066,0.0454,0.348
CLUBS THREE DIAMONDS FIVE,0.6344,0.1042,0.2614
SPADES TWO DIAMONDS FIVE,0.5966,0.0456,0.3578
SPADES JACK DIAMONDS EIGHT,0.3596,0.0188,0.6216
SPADES FIVE DIAMONDS FIVE,0.3034,0.0762,0.6204
HEARTS JACK CLUBS TEN,0.3514,0.018,0.6306
SPADES TEN DIAMONDS EIGHT,0.3636,0.0244,0.612
SPADES FOUR DIAMONDS FIVE,0.566,0.048,0.386
HEARTS JACK CLUBS JACK,0.1766,0.033,0.7904
HEARTS JACK CLUBS QUEEN,0.3542,0.011,0.6348
CLUBS NINE DIAMONDS FIVE,0.2524,0.4284,0.3192
HEARTS JACK CLUBS KING,0.3706,0.0076,0.6218
CLUBS EIGHT DIAMONDS FIVE,0.5666,0.0408,0.3926
HEARTS JACK CLUBS ACE,0.3496,0.0044,0.646
SPADES SEVEN DIAMONDS FIVE,0.5588,0.0454,0.3958
SPADES KING DIAMONDS EIGHT,0.3892,0.0088,0.602
SPADES SIX DIAMONDS FIVE,0.5466,0.0452,0.4082
SPADES QUEEN DIAMONDS EIGHT,0.3794,0.0132,0.6074
SPADES EIGHT DIAMONDS FIVE,0.5704,0.0392,0.3904
SPADES ACE DIAMONDS EIGHT,0.367,0.0044,0.6286
DIAMONDS TEN DIAMONDS SIX,0.3618,0.0236,0.6146
HEARTS ACE DIAMONDS SEVEN,0.3984,0.0032,0.5984
DIAMONDS JACK DIAMONDS SIX,0.3796,0.0184,0.602
HEARTS QUEEN DIAMONDS SEVEN,0.4102,0.0134,0.5764
HEARTS KING DIAMONDS SEVEN,0.3922,0.0084,0.5994
DIAMONDS ACE DIAMONDS SIX,0.3784,0.0034,0.6182
HEARTS FOUR DIAMONDS SIX,0.5634,0.0462,0.3904
SPADES TWO HEARTS JACK,0.4282,0.0196,0.5522
HEARTS FIVE DIAMONDS SIX,0.5568,0.0422,0.401
SPADES TWO HEARTS TEN,0.4138,0.0272,0.559
DIAMONDS QUEEN DIAMONDS SIX,0.3848,0.0138,0.6014
HEARTS TWO DIAMONDS SIX,0.6174,0.044,0.3386
DIAMONDS KING DIAMONDS SIX,0.3682,0.0078,0.624
HEARTS THREE DIAMONDS SIX,0.6516,0.0976,0.2508
HEARTS EIGHT DIAMONDS SIX,0.5536,0.044,0.4024
HEARTS NINE DIAMONDS SIX,0.2694,0.3482,0.3824
HEARTS SIX DIAMONDS SIX,0.3124,0.0684,0.6192
HEARTS SEVEN DIAMONDS SIX,0.5562,0.039,0.4048
HEARTS TEN DIAMONDS SEVEN,0.3962,0.0226,0.5812
CLUBS TWO DIAMONDS SIX,0.6178,0.046,0.3362
HEARTS JACK DIAMONDS SEVEN,0.388,0.0176,0.5944
CLUBS THREE DIAMONDS SIX,0.6622,0.091,0.2468
DIAMONDS EIGHT CLUBS JACK,0.3762,0.0152,0.6086
CLUBS SEVEN DIAMONDS SIX,0.5502,0.039,0.4108
CLUBS SIX DIAMONDS SIX,0.3142,0.067,0.6188
DIAMONDS EIGHT CLUBS TEN,0.3594,0.0272,0.6134
CLUBS FIVE DIAMONDS SIX,0.5538,0.0426,0.4036
CLUBS FOUR DIAMONDS SIX,0.5678,0.042,0.3902
HEARTS ACE HEARTS JACK,0.3434,0.0056,0.651
DIAMONDS EIGHT CLUBS ACE,0.3884,0.0048,0.6068
HEARTS JACK HEARTS QUEEN,0.3266,0.0098,0.6636
DIAMONDS EIGHT CLUBS KING,0.3958,0.0076,0.5966
CLUBS NINE DIAMONDS SIX,0.2582,0.343,0.3988
HEARTS KING HEARTS JACK,0.343,0.0072,0.6498
DIAMONDS EIGHT CLUBS QUEEN,0.3896,0.0086,0.6018
CLUBS EIGHT DIAMONDS SIX,0.5478,0.042,0.4102
SPADES TEN HEARTS KING,0.346,0.0076,0.6464
SPADES FIVE DIAMONDS SIX,0.5438,0.0424,0.4138
HEARTS ACE SPADES TWO,0.4178,0.0056,0.5766
SPADES JACK HEARTS KING,0.347,0.0056,0.6474
SPADES FOUR DIAMONDS SIX,0.5778,0.0372,0.385
SPADES TWO HEARTS QUEEN,0.4198,0.014,0.5662
SPADES ACE SPADES KING,0.3158,0.006,0.6782
HEARTS KING SPADES TWO,0.4318,0.0066,0.5616
SPADES TWO DIAMONDS SIX,0.6046,0.0438,0.3516
HEARTS TEN HEARTS EIGHT,0.3412,0.0226,0.6362
HEARTS JACK HEARTS EIGHT,0.3516,0.0166,0.6318
SPADES EIGHT DIAMONDS SIX,0.549,0.0442,0.4068
SPADES SEVEN DIAMONDS SIX,0.5414,0.0456,0.413
SPADES SIX DIAMONDS SIX,0.3082,0.0734,0.6184
SPADES KING HEARTS KING,0.1606,0.0148,0.8246
SPADES QUEEN HEARTS KING,0.3494,0.0092,0.6414
CLUBS ACE CLUBS KING,0.3452,0.0038,0.651
SPADES ACE HEARTS KING,0.3558,0.005,0.6392
SPADES ACE HEARTS JACK,0.3428,0.0042,0.653
SPADES QUEEN HEARTS JACK,0.334,0.012,0.654
SPADES KING HEARTS JACK,0.347,0.006,0.647
SPADES TEN DIAMONDS TEN,0.172,0.0362,0.7918
SPADES JACK DIAMONDS TEN,0.3342,0.01,0.6558
SPADES ACE DIAMONDS TEN,0.3456,0.0044,0.65
SPADES JACK HEARTS JACK,0.1812,0.03,0.7888
SPADES TEN HEARTS JACK,0.3284,0.0136,0.658
SPADES QUEEN DIAMONDS TEN,0.336,0.0092,0.6548
SPADES KING DIAMONDS TEN,0.3356,0.0054,0.659
SPADES EIGHT DIAMONDS SEVEN,0.5392,0.0404,0.4204
SPADES SEVEN DIAMONDS SEVEN,0.3018,0.0618,0.6364
SPADES SIX DIAMONDS SEVEN,0.544,0.0404,0.4156
DIAMONDS KING DIAMONDS SEVEN,0.391,0.005,0.604
HEARTS THREE DIAMONDS SEVEN,0.667,0.1004,0.2326
HEARTS KING DIAMONDS FIVE,0.4078,0.0074,0.5848
DIAMONDS QUEEN DIAMONDS SEVEN,0.383,0.0138,0.6032
HEARTS TWO DIAMONDS SEVEN,0.6234,0.0378,0.3388
HEARTS QUEEN DIAMONDS FIVE,0.3986,0.013,0.5884
HEARTS FIVE DIAMONDS SEVEN,0.5644,0.0428,0.3928
DIAMONDS ACE DIAMONDS SEVEN,0.3658,0.005,0.6292
HEARTS FOUR DIAMONDS SEVEN,0.584,0.0384,0.3776
HEARTS ACE DIAMONDS FIVE,0.3866,0.0034,0.61
HEARTS SEVEN DIAMONDS SEVEN,0.3026,0.0636,0.6338
HEARTS SIX DIAMONDS SEVEN,0.5588,0.0396,0.4016
HEARTS NINE DIAMONDS SEVEN,0.2682,0.2846,0.4472
DIAMONDS SEVEN HEARTS EIGHT,0.543,0.0336,0.4234
DIAMONDS JACK DIAMONDS SEVEN,0.378,0.0158,0.6062
HEARTS JACK DIAMONDS FIVE,0.3928,0.0158,0.5914
DIAMONDS TEN DIAMONDS SEVEN,0.3548,0.0254,0.6198
DIAMONDS FIVE HEARTS TEN,0.4026,0.0254,0.572
SPADES KING CLUBS TWO,0.4088,0.0102,0.581
HEARTS KING CLUBS KING,0.1706,0.0102,0.8192
CLUBS EIGHT DIAMONDS SEVEN,0.538,0.0402,0.4218
SPADES QUEEN CLUBS TWO,0.4234,0.0142,0.5624
HEARTS KING CLUBS QUEEN,0.3822,0.007,0.6108
CLUBS NINE DIAMONDS SEVEN,0.2662,0.2776,0.4562
SPADES TWO CLUBS JACK,0.4186,0.0186,0.5628
SPADES ACE CLUBS TWO,0.41,0.0064,0.5836
SPADES TWO CLUBS TEN,0.414,0.026,0.56
HEARTS KING CLUBS ACE,0.375,0.0042,0.6208
CLUBS SIX CLUBS SEVEN,0.5172,0.0396,0.4432
SPADES TWO CLUBS KING,0.4266,0.0082,0.5652
SPADES TWO DIAMONDS SEVEN,0.6122,0.0414,0.3464
CLUBS EIGHT CLUBS SIX,0.5294,0.039,0.4316
SPADES TWO CLUBS QUEEN,0.4332,0.0132,0.5536
CLUBS NINE CLUBS SIX,0.2392,0.3354,0.4254
SPADES FOUR DIAMONDS SEVEN,0.57,0.046,0.384
HEARTS KING CLUBS JACK,0.3554,0.0062,0.6384
SPADES FIVE DIAMONDS SEVEN,0.561,0.0418,0.3972
SPADES TWO CLUBS ACE,0.4058,0.0058,0.5884
HEARTS KING CLUBS TEN,0.365,0.006,0.629
CLUBS SIX SPADES TWO,0.6102,0.0444,0.3454
CLUBS TWO DIAMONDS SEVEN,0.6292,0.045,0.3258
CLUBS SIX SPADES FOUR,0.561,0.041,0.398
CLUBS THREE DIAMONDS SEVEN,0.6718,0.0908,0.2374
CLUBS SIX SPADES FIVE,0.5504,0.045,0.4046
CLUBS FOUR DIAMONDS SEVEN,0.573,0.0428,0.3842
CLUBS SIX SPADES SIX,0.3062,0.0698,0.624
CLUBS FIVE DIAMONDS SEVEN,0.5664,0.0398,0.3938
CLUBS SIX SPADES SEVEN,0.561,0.042,0.397
CLUBS SIX DIAMONDS SEVEN,0.5572,0.0388,0.404
CLUBS SIX SPADES EIGHT,0.5556,0.0398,0.4046
SPADES JACK CLUBS TWO,0.4124,0.0178,0.5698
SPADES TEN CLUBS TWO,0.4128,0.0278,0.5594
CLUBS SEVEN DIAMONDS SEVEN,0.3038,0.0672,0.629
CLUBS TWO CLUBS QUEEN,0.4048,0.016,0.5792
CLUBS TWO CLUBS KING,0.417,0.0078,0.5752
CLUBS THREE DIAMONDS EIGHT,0.6716,0.0978,0.2306
CLUBS TWO CLUBS ACE,0.4022,0.0032,0.5946
CLUBS TWO DIAMONDS EIGHT,0.6254,0.0414,0.3332
DIAMONDS EIGHT HEARTS SEVEN,0.549,0.0374,0.4136
HEARTS SIX DIAMONDS EIGHT,0.553,0.0428,0.4042
DIAMONDS EIGHT HEARTS NINE,0.264,0.2094,0.5266
CLUBS TWO CLUBS TEN,0.4,0.0276,0.5724
DIAMONDS EIGHT HEARTS EIGHT,0.3028,0.0522,0.645
CLUBS TWO CLUBS JACK,0.3916,0.0154,0.593
CLUBS NINE DIAMONDS EIGHT,0.2586,0.2192,0.5222
CLUBS EIGHT DIAMONDS EIGHT,0.301,0.0546,0.6444
CLUBS FIVE DIAMONDS EIGHT,0.5626,0.0406,0.3968
CLUBS FOUR DIAMONDS EIGHT,0.5706,0.0438,0.3856
CLUBS SEVEN DIAMONDS EIGHT,0.548,0.0364,0.4156
CLUBS SIX DIAMONDS EIGHT,0.5604,0.0416,0.398
DIAMONDS QUEEN DIAMONDS EIGHT,0.3662,0.0106,0.6232
HEARTS TWO DIAMONDS EIGHT,0.6188,0.0458,0.3354
DIAMONDS KING DIAMONDS EIGHT,0.377,0.0062,0.6168
HEARTS THREE DIAMONDS EIGHT,0.6674,0.1014,0.2312
DIAMONDS ACE DIAMONDS EIGHT,0.3688,0.004,0.6272
HEARTS FOUR DIAMONDS EIGHT,0.5954,0.0414,0.3632
HEARTS FIVE DIAMONDS EIGHT,0.5712,0.042,0.3868
DIAMONDS EIGHT DIAMONDS TEN,0.3526,0.023,0.6244
DIAMONDS EIGHT DIAMONDS JACK,0.3368,0.0194,0.6438
CLUBS FOUR HEARTS ACE,0.3874,0.0034,0.6092
CLUBS FOUR HEARTS QUEEN,0.408,0.0134,0.5786
CLUBS FOUR HEARTS KING,0.403,0.0098,0.5872
CLUBS SIX HEARTS TEN,0.386,0.022,0.592
CLUBS SIX HEARTS JACK,0.406,0.0166,0.5774
SPADES FOUR DIAMONDS EIGHT,0.5676,0.0424,0.39
SPADES FIVE DIAMONDS EIGHT,0.563,0.0442,0.3928
DIAMONDS EIGHT SPADES TWO,0.61,0.0446,0.3454
CLUBS FOUR HEARTS JACK,0.4108,0.0166,0.5726
SPADES EIGHT DIAMONDS EIGHT,0.2904,0.0542,0.6554
SPADES TEN DIAMONDS QUEEN,0.3386,0.0108,0.6506
SPADES TEN HEARTS TWO,0.4106,0.0274,0.562
SPADES JACK HEARTS EIGHT,0.3656,0.018,0.6164
CLUBS FOUR HEARTS TEN,0.4052,0.029,0.5658
SPADES TEN HEARTS EIGHT,0.355,0.0278,0.6172
SPADES JACK HEARTS TWO,0.4072,0.0224,0.5704
SPADES JACK DIAMONDS QUEEN,0.345,0.0102,0.6448
SPADES SIX DIAMONDS EIGHT,0.5558,0.0422,0.402
SPADES SEVEN DIAMONDS EIGHT,0.5342,0.0332,0.4326
SPADES ACE HEARTS TWO,0.4056,0.0062,0.5882
SPADES ACE DIAMONDS QUEEN,0.3614,0.0032,0.6354
SPADES ACE HEARTS EIGHT,0.3878,0.0074,0.6048
SPADES KING HEARTS EIGHT,0.3818,0.0064,0.6118
SPADES QUEEN HEARTS TWO,0.421,0.0152,0.5638
SPADES QUEEN DIAMONDS QUEEN,0.1612,0.0236,0.8152
SPADES KING DIAMONDS QUEEN,0.3578,0.007,0.6352
SPADES KING HEARTS TWO,0.4212,0.0094,0.5694
SPADES QUEEN HEARTS EIGHT,0.3566,0.0126,0.6308
CLUBS TWO HEARTS TEN,0.4356,0.0296,0.5348
CLUBS TWO HEARTS JACK,0.4414,0.0156,0.543
SPADES SEVEN DIAMONDS NINE,0.2588,0.274,0.4672
SPADES SIX DIAMONDS NINE,0.256,0.362,0.382
SPADES EIGHT DIAMONDS NINE,0.2528,0.224,0.5232
SPADES TEN CLUBS KING,0.3546,0.0076,0.6378
SPADES JACK CLUBS KING,0.3518,0.0076,0.6406
DIAMONDS NINE SPADES TWO,0.2934,0.5076,0.199
SPADES FIVE DIAMONDS NINE,0.2522,0.434,0.3138
DIAMONDS NINE SPADES FOUR,0.2532,0.4974,0.2494
CLUBS NINE DIAMONDS NINE,0.1274,0.0664,0.8062
CLUBS EIGHT DIAMONDS NINE,0.272,0.214,0.514
CLUBS SIX DIAMONDS NINE,0.2666,0.3456,0.3878
SPADES JACK CLUBS FOUR,0.3766,0.0188,0.6046
SPADES TEN CLUBS FOUR,0.3814,0.0268,0.5918
CLUBS SEVEN DIAMONDS NINE,0.264,0.2776,0.4584
CLUBS FOUR DIAMONDS NINE,0.2602,0.4832,0.2566
CLUBS FIVE DIAMONDS NINE,0.265,0.4318,0.3032
CLUBS TWO DIAMONDS NINE,0.3072,0.4904,0.2024
CLUBS THREE DIAMONDS NINE,0.0666,0.9134,0.02
DIAMONDS NINE HEARTS EIGHT,0.2698,0.2072,0.523
DIAMONDS NINE HEARTS NINE,0.1264,0.0646,0.809
HEARTS SIX DIAMONDS NINE,0.261,0.3542,0.3848
DIAMONDS NINE HEARTS SEVEN,0.2638,0.2778,0.4584
CLUBS EIGHT CLUBS NINE,0.2506,0.1992,0.5502
DIAMONDS ACE DIAMONDS NINE,0.2692,0.0236,0.7072
HEARTS FOUR DIAMONDS NINE,0.2668,0.4872,0.246
HEARTS FIVE DIAMONDS NINE,0.2594,0.4282,0.3124
CLUBS TWO HEARTS ACE,0.4098,0.0046,0.5856
SPADES ACE CLUBS FOUR,0.3758,0.0074,0.6168
DIAMONDS QUEEN DIAMONDS NINE,0.2562,0.0446,0.6992
HEARTS TWO DIAMONDS NINE,0.3014,0.4946,0.204
CLUBS TWO HEARTS KING,0.4278,0.0092,0.563
SPADES KING CLUBS FOUR,0.386,0.0076,0.6064
DIAMONDS KING DIAMONDS NINE,0.2604,0.0358,0.7038
HEARTS THREE DIAMONDS NINE,0.0716,0.91,0.0184
CLUBS TWO HEARTS QUEEN,0.4282,0.0132,0.5586
SPADES QUEEN CLUBS FOUR,0.389,0.0124,0.5986
DIAMONDS NINE DIAMONDS JACK,0.257,0.0584,0.6846
DIAMONDS NINE DIAMONDS TEN,0.2612,0.069,0.6698
CLUBS EIGHT SPADES EIGHT,0.28,0.0596,0.6604
CLUBS EIGHT SPADES SEVEN,0.5402,0.0412,0.4186
CLUBS EIGHT SPADES SIX,0.5454,0.0386,0.416
CLUBS EIGHT SPADES FIVE,0.5636,0.0428,0.3936
CLUBS EIGHT SPADES FOUR,0.5694,0.0446,0.386
CLUBS EIGHT SPADES TWO,0.6318,0.044,0.3242
HEARTS SIX DIAMONDS TEN,0.3876,0.026,0.5864
DIAMONDS TEN HEARTS SEVEN,0.385,0.0228,0.5922
DIAMONDS TEN HEARTS EIGHT,0.3682,0.028,0.6038
CLUBS FOUR CLUBS JACK,0.384,0.0176,0.5984
DIAMONDS TEN HEARTS NINE,0.2676,0.0646,0.6678
CLUBS FOUR CLUBS TEN,0.3724,0.0252,0.6024
CLUBS FOUR CLUBS KING,0.3742,0.0086,0.6172
CLUBS FOUR CLUBS QUEEN,0.38,0.0108,0.6092
CLUBS TWO DIAMONDS TEN,0.4204,0.0236,0.556
CLUBS THREE DIAMONDS TEN,0.282,0.075,0.643
CLUBS FOUR CLUBS ACE,0.365,0.0034,0.6316
DIAMONDS JACK DIAMONDS TEN,0.32,0.0142,0.6658
DIAMONDS QUEEN DIAMONDS TEN,0.334,0.0114,0.6546
HEARTS TWO DIAMONDS TEN,0.4232,0.0302,0.5466
DIAMONDS KING DIAMONDS TEN,0.3436,0.0088,0.6476
HEARTS THREE DIAMONDS TEN,0.2812,0.0834,0.6354
DIAMONDS ACE DIAMONDS TEN,0.346,0.0044,0.6496
HEARTS FOUR DIAMONDS TEN,0.4042,0.0292,0.5666
CLUBS EIGHT HEARTS JACK,0.3774,0.0164,0.6062
HEARTS FIVE DIAMONDS TEN,0.3946,0.0202,0.5852
CLUBS EIGHT HEARTS TEN,0.3644,0.0228,0.6128
CLUBS EIGHT HEARTS QUEEN,0.4052,0.0114,0.5834
CLUBS EIGHT HEARTS KING,0.3926,0.007,0.6004
CLUBS EIGHT HEARTS ACE,0.3822,0.004,0.6138
CLUBS NINE SPADES TWO,0.2998,0.4922,0.208
CLUBS NINE SPADES FIVE,0.249,0.4366,0.3144
CLUBS NINE SPADES FOUR,0.2492,0.506,0.2448
CLUBS NINE SPADES SEVEN,0.2488,0.2834,0.4678
CLUBS NINE SPADES SIX,0.2418,0.363,0.3952
CLUBS TEN HEARTS EIGHT,0.3514,0.0254,0.6232
CLUBS NINE SPADES EIGHT,0.255,0.218,0.527
CLUBS JACK HEARTS EIGHT,0.3828,0.0148,0.6024
CLUBS QUEEN HEARTS EIGHT,0.3926,0.0112,0.5962
CLUBS KING HEARTS EIGHT,0.4012,0.006,0.5928
CLUBS ACE HEARTS EIGHT,0.3936,0.0038,0.6026
SPADES KING CLUBS KING,0.161,0.0132,0.8258
SPADES QUEEN CLUBS KING,0.3484,0.0054,0.6462
SPADES ACE CLUBS KING,0.3534,0.0042,0.6424
DIAMONDS ACE HEARTS TEN,0.359,0.0044,0.6366
HEARTS FOUR HEARTS TEN,0.368,0.0276,0.6044
DIAMONDS ACE HEARTS JACK,0.3762,0.0046,0.6192
HEARTS FOUR HEARTS JACK,0.36,0.0152,0.6248
SPADES KING CLUBS FIVE,0.3974,0.011,0.5916
SPADES QUEEN CLUBS FIVE,0.383,0.013,0.604
SPADES ACE CLUBS FIVE,0.366,0.0076,0.6264
DIAMONDS JACK HEARTS SEVEN,0.3954,0.0132,0.5914
HEARTS SIX DIAMONDS JACK,0.3856,0.0196,0.5948
DIAMONDS JACK HEARTS NINE,0.2774,0.0594,0.6632
DIAMONDS JACK HEARTS EIGHT,0.3856,0.0148,0.5996
DIAMONDS KING DIAMONDS JACK,0.3414,0.006,0.6526
HEARTS THREE DIAMONDS JACK,0.2926,0.049,0.6584
SPADES ACE SPADES SIX,0.3378,0.005,0.6572
SPADES FOUR HEARTS ACE,0.381,0.0064,0.6126
DIAMONDS QUEEN DIAMONDS JACK,0.3392,0.0118,0.649
HEARTS TWO DIAMONDS JACK,0.4284,0.0182,0.5534
HEARTS FIVE DIAMONDS JACK,0.4028,0.019,0.5782
SPADES QUEEN SPADES SIX,0.3472,0.0144,0.6384
SPADES FOUR HEARTS QUEEN,0.3904,0.014,0.5956
DIAMONDS ACE DIAMONDS JACK,0.345,0.0056,0.6494
HEARTS FOUR DIAMONDS JACK,0.403,0.0158,0.5812
SPADES KING SPADES SIX,0.3402,0.0076,0.6522
HEARTS KING SPADES FOUR,0.3988,0.0082,0.593
SPADES TEN SPADES SIX,0.3502,0.0314,0.6184
SPADES JACK SPADES SIX,0.344,0.0184,0.6376
SPADES FOUR DIAMONDS JACK,0.3836,0.0226,0.5938
SPADES FIVE DIAMONDS JACK,0.388,0.0196,0.5924
SPADES TWO DIAMONDS JACK,0.4144,0.019,0.5666
SPADES ACE DIAMONDS THREE,0.2648,0.0168,0.7184
SPADES QUEEN DIAMONDS THREE,0.259,0.0452,0.6958
CLUBS EIGHT DIAMONDS JACK,0.3884,0.0166,0.595
SPADES KING DIAMONDS THREE,0.2798,0.0324,0.6878
CLUBS NINE DIAMONDS JACK,0.2732,0.0578,0.669
CLUBS SIX DIAMONDS JACK,0.4034,0.016,0.5806
CLUBS SEVEN DIAMONDS JACK,0.381,0.0152,0.6038
CLUBS FOUR DIAMONDS JACK,0.4072,0.0168,0.576
CLUBS FIVE DIAMONDS JACK,0.4086,0.0156,0.5758
CLUBS TWO DIAMONDS JACK,0.436,0.0224,0.5416
CLUBS THREE DIAMONDS JACK,0.288,0.0534,0.6586
SPADES TEN CLUBS FIVE,0.3774,0.0272,0.5954
HEARTS SIX SPADES JACK,0.3778,0.0164,0.6058
HEARTS SIX SPADES TEN,0.3674,0.0294,0.6032
SPADES JACK CLUBS FIVE,0.3766,0.02,0.6034
SPADES JACK DIAMONDS THREE,0.2668,0.0632,0.67
CLUBS SEVEN CLUBS ACE,0.3656,0.005,0.6294
DIAMONDS THREE SPADES TEN,0.2698,0.073,0.6572
CLUBS SEVEN CLUBS QUEEN,0.3832,0.0124,0.6044
CLUBS SEVEN CLUBS KING,0.3642,0.0068,0.629
CLUBS SEVEN CLUBS TEN,0.3688,0.0254,0.6058
DIAMONDS ACE HEARTS ACE,0.1798,0.0022,0.818
HEARTS FOUR HEARTS ACE,0.3582,0.0046,0.6372
SPADES EIGHT DIAMONDS JACK,0.3576,0.018,0.6244
SPADES ACE HEARTS SIX,0.39,0.003,0.607
CLUBS SEVEN CLUBS JACK,0.367,0.0178,0.6152
DIAMONDS ACE HEARTS KING,0.3704,0.0034,0.6262
HEARTS FOUR HEARTS KING,0.3894,0.0074,0.6032
SPADES SEVEN DIAMONDS JACK,0.3828,0.019,0.5982
SPADES KING HEARTS SIX,0.392,0.0096,0.5984
DIAMONDS ACE HEARTS QUEEN,0.376,0.004,0.62
HEARTS FOUR HEARTS QUEEN,0.3686,0.0142,0.6172
SPADES SIX DIAMONDS JACK,0.3874,0.0192,0.5934
SPADES QUEEN HEARTS SIX,0.3948,0.0106,0.5946
SPADES TWO DIAMONDS TEN,0.4224,0.0244,0.5532
SPADES FOUR DIAMONDS TEN,0.3936,0.0286,0.5778
SPADES FIVE DIAMONDS TEN,0.3836,0.0254,0.591
SPADES SIX DIAMONDS TEN,0.3772,0.026,0.5968
SPADES SEVEN DIAMONDS TEN,0.372,0.0268,0.6012
SPADES EIGHT DIAMONDS TEN,0.354,0.021,0.625
CLUBS FOUR DIAMONDS TEN,0.4022,0.0246,0.5732
CLUBS FIVE DIAMONDS TEN,0.3862,0.0264,0.5874
CLUBS SIX DIAMONDS TEN,0.3852,0.0238,0.591
CLUBS SEVEN DIAMONDS TEN,0.3968,0.0246,0.5786
CLUBS EIGHT DIAMONDS TEN,0.3644,0.0292,0.6064
CLUBS NINE DIAMONDS TEN,0.2698,0.0686,0.6616
DIAMONDS THREE CLUBS JACK,0.272,0.0604,0.6676
DIAMONDS THREE CLUBS TEN,0.2824,0.0816,0.636
DIAMONDS THREE CLUBS KING,0.295,0.0354,0.6696
DIAMONDS THREE CLUBS QUEEN,0.2814,0.043,0.6756
DIAMONDS THREE CLUBS ACE,0.2836,0.02,0.6964
SPADES FOUR HEARTS JACK,0.3822,0.0198,0.598
SPADES FOUR HEARTS TEN,0.407,0.0272,0.5658
SPADES FIVE SPADES TWO,0.596,0.0472,0.3568
SPADES FOUR SPADES TWO,0.6076,0.0446,0.3478
SPADES EIGHT SPADES TWO,0.6178,0.0484,0.3338
SPADES SEVEN SPADES TWO,0.6162,0.046,0.3378
SPADES SIX SPADES TWO,0.6052,0.0526,0.3422
DIAMONDS QUEEN CLUBS THREE,0.2776,0.0436,0.6788
HEARTS TWO CLUBS THREE,0.6524,0.1046,0.243
DIAMONDS QUEEN CLUBS TWO,0.4322,0.0156,0.5522
CLUBS TWO HEARTS TWO,0.4094,0.0858,0.5048
DIAMONDS QUEEN HEARTS SEVEN,0.394,0.0104,0.5956
HEARTS TWO HEARTS SEVEN,0.5998,0.0406,0.3596
HEARTS SIX DIAMONDS QUEEN,0.4016,0.01,0.5884
HEARTS SIX HEARTS TWO,0.5802,0.0412,0.3786
DIAMONDS QUEEN HEARTS NINE,0.2676,0.0476,0.6848
HEARTS TWO HEARTS NINE,0.2878,0.4658,0.2464
DIAMONDS QUEEN HEARTS EIGHT,0.3846,0.0106,0.6048
HEARTS TWO HEARTS EIGHT,0.5862,0.0396,0.3742
CLUBS NINE HEARTS TWO,0.3026,0.5004,0.197
CLUBS NINE DIAMONDS QUEEN,0.2864,0.0434,0.6702
CLUBS EIGHT HEARTS TWO,0.6216,0.0394,0.339
CLUBS EIGHT DIAMONDS QUEEN,0.3908,0.0134,0.5958
CLUBS FIVE DIAMONDS QUEEN,0.4052,0.0138,0.581
CLUBS FIVE HEARTS TWO,0.6036,0.0472,0.3492
SPADES EIGHT HEARTS ACE,0.3784,0.0064,0.6152
CLUBS FOUR DIAMONDS QUEEN,0.4064,0.0136,0.58
CLUBS FOUR HEARTS TWO,0.621,0.0396,0.3394
SPADES EIGHT HEARTS QUEEN,0.3882,0.0088,0.603
CLUBS SEVEN HEARTS TWO,0.6196,0.0434,0.337
CLUBS SEVEN DIAMONDS QUEEN,0.406,0.009,0.585
CLUBS SIX DIAMONDS QUEEN,0.3914,0.0114,0.5972
CLUBS SIX HEARTS TWO,0.6116,0.0464,0.342
SPADES EIGHT HEARTS KING,0.3838,0.0092,0.607
DIAMONDS QUEEN SPADES SIX,0.3914,0.012,0.5966
HEARTS TWO SPADES SIX,0.5986,0.0442,0.3572
HEARTS FOUR CLUBS QUEEN,0.4066,0.0128,0.5806
DIAMONDS ACE CLUBS QUEEN,0.3824,0.0056,0.612
DIAMONDS QUEEN SPADES SEVEN,0.3972,0.0136,0.5892
SPADES SEVEN HEARTS TWO,0.6302,0.041,0.3288
HEARTS FOUR CLUBS KING,0.3914,0.0066,0.602
DIAMONDS ACE CLUBS KING,0.3692,0.0044,0.6264
SPADES EIGHT DIAMONDS QUEEN,0.379,0.0104,0.6106
SPADES EIGHT HEARTS TWO,0.6224,0.0424,0.3352
HEARTS FOUR CLUBS ACE,0.399,0.0056,0.5954
DIAMONDS ACE CLUBS ACE,0.1714,0.0036,0.825
HEARTS TWO SPADES TWO,0.4022,0.0898,0.508
DIAMONDS QUEEN SPADES TWO,0.4258,0.0128,0.5614
HEARTS TWO SPADES FOUR,0.598,0.0466,0.3554
DIAMONDS QUEEN SPADES FOUR,0.3944,0.0132,0.5924
HEARTS FOUR CLUBS TEN,0.3968,0.0272,0.576
DIAMONDS ACE CLUBS TEN,0.3564,0.0042,0.6394
HEARTS TWO SPADES FIVE,0.6052,0.0468,0.348
DIAMONDS QUEEN SPADES FIVE,0.3858,0.0148,0.5994
HEARTS FOUR CLUBS JACK,0.4008,0.0184,0.5808
DIAMONDS ACE CLUBS JACK,0.3716,0.0048,0.6236
CLUBS FIVE CLUBS KING,0.3734,0.0068,0.6198
CLUBS FIVE CLUBS QUEEN,0.3748,0.0106,0.6146
CLUBS FIVE CLUBS ACE,0.3724,0.004,0.6236
CLUBS FIVE CLUBS JACK,0.3838,0.0192,0.597
CLUBS FIVE CLUBS TEN,0.3674,0.0308,0.6018
SPADES KING CLUBS JACK,0.3448,0.0084,0.6468
SPADES QUEEN CLUBS JACK,0.339,0.0118,0.6492
SPADES ACE CLUBS JACK,0.344,0.003,0.653
SPADES SIX CLUBS KING,0.379,0.0076,0.6134
SPADES SIX CLUBS QUEEN,0.399,0.0112,0.5898
SPADES EIGHT HEARTS JACK,0.3826,0.016,0.6014
SPADES SIX CLUBS ACE,0.386,0.005,0.609
SPADES EIGHT HEARTS TEN,0.37,0.0264,0.6036
SPADES SIX CLUBS JACK,0.3868,0.0162,0.597
SPADES SIX CLUBS TEN,0.3812,0.0278,0.591
SPADES TEN CLUBS JACK,0.3236,0.0156,0.6608
SPADES JACK CLUBS JACK,0.1724,0.0274,0.8002
SPADES QUEEN CLUBS SEVEN,0.3904,0.0098,0.5998
SPADES KING CLUBS SEVEN,0.3774,0.0078,0.6148
SPADES ACE CLUBS SEVEN,0.3736,0.005,0.6214
SPADES SIX HEARTS TEN,0.37,0.0262,0.6038
SPADES SIX HEARTS JACK,0.3994,0.0196,0.581
SPADES SIX HEARTS ACE,0.3944,0.0054,0.6002
SPADES SIX HEARTS KING,0.3898,0.0082,0.602
SPADES SIX HEARTS QUEEN,0.3948,0.0154,0.5898
SPADES JACK CLUBS SEVEN,0.3692,0.0176,0.6132
CLUBS SEVEN SPADES TEN,0.3706,0.0282,0.6012
HEARTS SIX CLUBS TEN,0.4008,0.0212,0.578
HEARTS SIX CLUBS JACK,0.4012,0.02,0.5788
CLUBS ACE CLUBS JACK,0.3492,0.0064,0.6444
HEARTS SIX CLUBS QUEEN,0.4018,0.011,0.5872
HEARTS SIX CLUBS KING,0.4002,0.0076,0.5922
HEARTS SIX CLUBS ACE,0.399,0.0042,0.5968
CLUBS QUEEN CLUBS JACK,0.3296,0.0112,0.6592
CLUBS KING CLUBS JACK,0.3416,0.0072,0.6512
DIAMONDS THREE HEARTS ACE,0.2788,0.0188,0.7024
DIAMONDS THREE HEARTS QUEEN,0.2854,0.0472,0.6674
DIAMONDS THREE HEARTS KING,0.2932,0.028,0.6788
CLUBS FIVE HEARTS JACK,0.3924,0.0208,0.5868
SPADES TEN DIAMONDS ACE,0.3424,0.005,0.6526
HEARTS FOUR SPADES TEN,0.394,0.028,0.578
CLUBS FIVE HEARTS TEN,0.4088,0.0272,0.564
HEARTS FOUR SPADES JACK,0.3842,0.018,0.5978
SPADES JACK DIAMONDS ACE,0.3588,0.0044,0.6368
SPADES ACE HEARTS FOUR,0.3838,0.0044,0.6118
SPADES ACE DIAMONDS ACE,0.1564,0.0032,0.8404
CLUBS FIVE HEARTS ACE,0.3934,0.0058,0.6008
CLUBS FIVE HEARTS KING,0.4002,0.0088,0.591
HEARTS FOUR SPADES QUEEN,0.3922,0.0138,0.594
SPADES QUEEN DIAMONDS ACE,0.3534,0.0052,0.6414
SPADES FOUR CLUBS JACK,0.3942,0.0202,0.5856
CLUBS FIVE HEARTS QUEEN,0.4088,0.0094,0.5818
SPADES KING DIAMONDS ACE,0.3458,0.0074,0.6468
HEARTS FOUR SPADES KING,0.4,0.0094,0.5906
SPADES FOUR CLUBS TEN,0.4,0.0274,0.5726
DIAMONDS QUEEN DIAMONDS ACE,0.3502,0.004,0.6458
HEARTS TWO DIAMONDS ACE,0.4352,0.0068,0.558
HEARTS FOUR DIAMONDS QUEEN,0.4004,0.0096,0.59
HEARTS FOUR HEARTS TWO,0.5686,0.0424,0.389
DIAMONDS THREE HEARTS TEN,0.2814,0.0732,0.6454
SPADES FOUR CLUBS KING,0.3946,0.0078,0.5976
HEARTS FIVE DIAMONDS QUEEN,0.3954,0.0126,0.592
HEARTS FIVE HEARTS TWO,0.5694,0.039,0.3916
DIAMONDS THREE HEARTS JACK,0.2818,0.0586,0.6596
SPADES FOUR CLUBS QUEEN,0.4022,0.0152,0.5826
DIAMONDS QUEEN HEARTS TWO,0.4278,0.0116,0.5606
DIAMONDS KING DIAMONDS QUEEN,0.3518,0.0054,0.6428
DIAMONDS KING HEARTS TWO,0.4338,0.0082,0.558
HEARTS THREE DIAMONDS QUEEN,0.2918,0.0466,0.6616
HEARTS THREE HEARTS TWO,0.6184,0.093,0.2886
SPADES FOUR CLUBS ACE,0.3782,0.0036,0.6182
HEARTS TWO CLUBS ACE,0.4152,0.0054,0.5794
DIAMONDS QUEEN CLUBS ACE,0.3692,0.0036,0.6272
HEARTS TWO CLUBS QUEEN,0.427,0.0154,0.5576
DIAMONDS QUEEN CLUBS QUEEN,0.1824,0.0234,0.7942
HEARTS TWO CLUBS KING,0.4292,0.008,0.5628
DIAMONDS QUEEN CLUBS KING,0.3516,0.007,0.6414
SPADES EIGHT SPADES FIVE,0.5572,0.046,0.3968
HEARTS TWO CLUBS TEN,0.434,0.03,0.536
DIAMONDS QUEEN CLUBS TEN,0.343,0.0094,0.6476
HEARTS TWO CLUBS JACK,0.4372,0.0186,0.5442
DIAMONDS QUEEN CLUBS JACK,0.3476,0.011,0.6414
SPADES SIX SPADES FIVE,0.5454,0.047,0.4076
SPADES SEVEN SPADES FIVE,0.5486,0.045,0.4064
DIAMONDS FIVE CLUBS QUEEN,0.3976,0.0132,0.5892
SPADES EIGHT CLUBS ACE,0.3752,0.0052,0.6196
CLUBS KING DIAMONDS FIVE,0.401,0.0072,0.5918
SPADES EIGHT CLUBS KING,0.394,0.0078,0.5982
CLUBS ACE DIAMONDS FIVE,0.394,0.0046,0.6014
SPADES EIGHT CLUBS QUEEN,0.386,0.0124,0.6016
SPADES EIGHT CLUBS JACK,0.3704,0.0144,0.6152
SPADES EIGHT CLUBS TEN,0.3388,0.0268,0.6344
DIAMONDS FIVE CLUBS TEN,0.3972,0.0264,0.5764
DIAMONDS FIVE CLUBS JACK,0.402,0.02,0.578
HEARTS JACK DIAMONDS TEN,0.3488,0.0126,0.6386
DIAMONDS TEN HEARTS TEN,0.1802,0.0412,0.7786
SPADES ACE CLUBS NINE,0.2506,0.0246,0.7248
CLUBS NINE SPADES QUEEN,0.2566,0.053,0.6904
SPADES KING CLUBS NINE,0.2642,0.0354,0.7004
HEARTS SIX HEARTS KING,0.3762,0.0086,0.6152
DIAMONDS KING SPADES SEVEN,0.3814,0.0084,0.6102
HEARTS THREE SPADES SEVEN,0.6606,0.102,0.2374
SPADES KING DIAMONDS SEVEN,0.3758,0.0092,0.615
HEARTS SIX HEARTS QUEEN,0.381,0.0144,0.6046
DIAMONDS KING SPADES SIX,0.404,0.0096,0.5864
HEARTS THREE SPADES SIX,0.6472,0.1052,0.2476
SPADES QUEEN DIAMONDS SEVEN,0.3808,0.0128,0.6064
HEARTS SIX HEARTS ACE,0.3726,0.0066,0.6208
DIAMONDS KING SPADES EIGHT,0.3952,0.0072,0.5976
HEARTS THREE SPADES EIGHT,0.6794,0.0962,0.2244
SPADES ACE DIAMONDS SEVEN,0.3724,0.004,0.6236
CLUBS NINE HEARTS THREE,0.0692,0.9062,0.0246
CLUBS NINE DIAMONDS KING,0.2806,0.0348,0.6846
CLUBS EIGHT HEARTS THREE,0.6802,0.1076,0.2122
CLUBS EIGHT DIAMONDS KING,0.4044,0.0066,0.589
HEARTS THREE SPADES TWO,0.6468,0.112,0.2412
DIAMONDS KING SPADES TWO,0.4278,0.0088,0.5634
