opposingHand,winningChance,drawChance,lostChance
SPADES FOUR DIAMONDS NINE
HEARTS FIVE SPADES TEN,0.3554,0.0272,0.6174
HEARTS FIVE SPADES JACK,0.3496,0.0188,0.6316
SPADES FIVE CLUBS JACK,0.3464,0.0208,0.6328
CLUBS TEN SPADES FIVE,0.3468,0.028,0.6252
CLUBS EIGHT CLUBS JACK,0.3086,0.0166,0.6748
CLUBS TEN CLUBS EIGHT,0.3054,0.0264,0.6682
CLUBS EIGHT CLUBS KING,0.3256,0.0064,0.668
SPADES FIVE CLUBS ACE,0.3464,0.0046,0.649
CLUBS EIGHT CLUBS QUEEN,0.3262,0.0088,0.665
SPADES FIVE CLUBS KING,0.3564,0.0102,0.6334
SPADES FIVE CLUBS QUEEN,0.3622,0.013,0.6248
CLUBS EIGHT CLUBS ACE,0.332,0.0048,0.6632
DIAMONDS TWO DIAMONDS THREE,0.588,0.047,0.365
DIAMONDS TWO DIAMONDS FIVE,0.5618,0.0454,0.3928
HEARTS FIVE SPADES KING,0.3458,0.0106,0.6436
DIAMONDS TWO DIAMONDS FOUR,0.617,0.1096,0.2734
HEARTS FIVE SPADES QUEEN,0.3538,0.0112,0.635
DIAMONDS TWO DIAMONDS SEVEN,0.5776,0.0448,0.3776
DIAMONDS TWO DIAMONDS SIX,0.5796,0.0442,0.3762
SPADES ACE HEARTS FIVE,0.3398,0.0058,0.6544
DIAMONDS TWO DIAMONDS EIGHT,0.5744,0.0428,0.3828
DIAMONDS THREE DIAMONDS FOUR,0.5934,0.1066,0.3
DIAMONDS THREE DIAMONDS FIVE,0.5394,0.0458,0.4148
SPADES FIVE CLUBS TWO,0.5704,0.05,0.3796
CLUBS TWO SPADES TWO,0.3776,0.0828,0.5396
CLUBS TWO SPADES THREE,0.6076,0.0426,0.3498
DIAMONDS THREE DIAMONDS EIGHT,0.5832,0.0446,0.3722
SPADES EIGHT CLUBS TWO,0.6052,0.0382,0.3566
SPADES NINE CLUBS TWO,0.2576,0.5224,0.22
DIAMONDS THREE DIAMONDS SIX,0.5446,0.0482,0.4072
SPADES SIX CLUBS TWO,0.5974,0.0444,0.3582
DIAMONDS THREE DIAMONDS SEVEN,0.549,0.0468,0.4042
SPADES SEVEN CLUBS TWO,0.6018,0.0466,0.3516
CLUBS SIX CLUBS TWO,0.5452,0.0448,0.41
CLUBS SEVEN CLUBS TWO,0.5722,0.0392,0.3886
CLUBS FOUR CLUBS TWO,0.594,0.1012,0.3048
CLUBS FIVE CLUBS TWO,0.5428,0.0442,0.413
CLUBS TEN CLUBS JACK,0.2822,0.0134,0.7044
DIAMONDS FOUR DIAMONDS SIX,0.5906,0.1002,0.3092
CLUBS TEN CLUBS QUEEN,0.2928,0.0094,0.6978
DIAMONDS FOUR DIAMONDS SEVEN,0.5942,0.1094,0.2964
CLUBS TEN CLUBS KING,0.3038,0.0054,0.6908
CLUBS TEN CLUBS ACE,0.3086,0.0038,0.6876
CLUBS EIGHT CLUBS TWO,0.5524,0.0402,0.4074
DIAMONDS FIVE DIAMONDS FOUR,0.5676,0.1014,0.331
CLUBS NINE CLUBS TWO,0.2394,0.486,0.2746
DIAMONDS EIGHT DIAMONDS FOUR,0.6186,0.1016,0.2798
CLUBS THREE CLUBS TWO,0.595,0.043,0.362
DIAMONDS TWO CLUBS JACK,0.4008,0.0194,0.5798
DIAMONDS EIGHT DIAMONDS FIVE,0.5388,0.0402,0.421
CLUBS TEN DIAMONDS TWO,0.383,0.0262,0.5908
DIAMONDS FIVE DIAMONDS SEVEN,0.5132,0.0482,0.4386
DIAMONDS FIVE DIAMONDS SIX,0.5118,0.0466,0.4416
DIAMONDS TWO CLUBS ACE,0.3822,0.0054,0.6124
DIAMONDS TWO CLUBS KING,0.4102,0.0078,0.582
DIAMONDS TWO CLUBS QUEEN,0.4014,0.0122,0.5864
DIAMONDS EIGHT DIAMONDS SIX,0.5104,0.042,0.4476
HEARTS ACE SPADES THREE,0.3564,0.0038,0.6398
SPADES THREE HEARTS KING,0.3856,0.007,0.6074
DIAMONDS SEVEN DIAMONDS SIX,0.501,0.0482,0.4508
SPADES THREE HEARTS QUEEN,0.3972,0.012,0.5908
SPADES THREE HEARTS JACK,0.393,0.0214,0.5856
SPADES THREE HEARTS TEN,0.3896,0.0294,0.581
DIAMONDS EIGHT DIAMONDS SEVEN,0.498,0.037,0.465
DIAMONDS KING HEARTS TEN,0.3192,0.009,0.6718
HEARTS THREE HEARTS TEN,0.3688,0.027,0.6042
SPADES JACK CLUBS SIX,0.3716,0.0142,0.6142
DIAMONDS KING HEARTS JACK,0.3068,0.0068,0.6864
HEARTS THREE HEARTS JACK,0.3588,0.0186,0.6226
SPADES TEN CLUBS SIX,0.3452,0.0268,0.628
SPADES JACK SPADES FIVE,0.3214,0.0198,0.6588
SPADES TEN SPADES FIVE,0.3518,0.026,0.6222
DIAMONDS KING HEARTS ACE,0.3234,0.0042,0.6724
HEARTS THREE HEARTS ACE,0.3628,0.0046,0.6326
SPADES ACE CLUBS SIX,0.3508,0.0036,0.6456
DIAMONDS KING HEARTS QUEEN,0.3096,0.007,0.6834
HEARTS THREE HEARTS QUEEN,0.368,0.0148,0.6172
SPADES KING CLUBS SIX,0.365,0.0068,0.6282
DIAMONDS KING HEARTS KING,0.122,0.0138,0.8642
HEARTS THREE HEARTS KING,0.3634,0.0096,0.627
SPADES QUEEN CLUBS SIX,0.3494,0.0148,0.6358
SPADES NINE HEARTS TEN,0.2194,0.0754,0.7052
SPADES NINE HEARTS JACK,0.2306,0.0636,0.7058
SPADES QUEEN SPADES FIVE,0.344,0.014,0.642
SPADES KING SPADES FIVE,0.332,0.0088,0.6592
SPADES ACE SPADES FIVE,0.3262,0.006,0.6678
SPADES NINE HEARTS QUEEN,0.2098,0.0494,0.7408
SPADES NINE HEARTS KING,0.2344,0.0392,0.7264
SPADES NINE HEARTS ACE,0.224,0.025,0.751
CLUBS TEN SPADES JACK,0.307,0.0154,0.6776
CLUBS TEN SPADES TEN,0.1422,0.037,0.8208
SPADES ACE CLUBS TEN,0.3228,0.0048,0.6724
SPADES KING CLUBS TEN,0.314,0.007,0.679
CLUBS TEN SPADES QUEEN,0.3058,0.0092,0.685
SPADES FIVE HEARTS QUEEN,0.3526,0.0138,0.6336
SPADES FIVE HEARTS KING,0.3402,0.0076,0.6522
HEARTS ACE SPADES FIVE,0.345,0.006,0.649
CLUBS EIGHT SPADES TEN,0.3202,0.0242,0.6556
SPADES JACK HEARTS THREE,0.379,0.0258,0.5952
SPADES JACK DIAMONDS KING,0.3052,0.0084,0.6864
SPADES TEN DIAMONDS KING,0.313,0.0076,0.6794
SPADES TEN HEARTS THREE,0.389,0.0242,0.5868
SPADES JACK CLUBS EIGHT,0.3438,0.0158,0.6404
CLUBS SIX HEARTS ACE,0.3516,0.0034,0.645
SPADES ACE CLUBS EIGHT,0.3488,0.0038,0.6474
HEARTS FIVE CLUBS JACK,0.3482,0.0174,0.6344
HEARTS FIVE CLUBS TEN,0.3512,0.0248,0.624
CLUBS SIX HEARTS QUEEN,0.366,0.009,0.625
SPADES QUEEN CLUBS EIGHT,0.3506,0.012,0.6374
CLUBS TEN SPADES THREE,0.3804,0.031,0.5886
CLUBS SIX HEARTS KING,0.3552,0.0056,0.6392
SPADES KING CLUBS EIGHT,0.3662,0.0064,0.6274
SPADES THREE CLUBS JACK,0.3904,0.02,0.5896
DIAMONDS TWO HEARTS JACK,0.386,0.0212,0.5928
SPADES THREE CLUBS QUEEN,0.3934,0.0126,0.594
DIAMONDS TWO HEARTS TEN,0.3868,0.029,0.5842
SPADES THREE CLUBS KING,0.3796,0.0102,0.6102
HEARTS FIVE CLUBS ACE,0.3444,0.0048,0.6508
SPADES FIVE HEARTS TEN,0.3482,0.0252,0.6266
SPADES THREE CLUBS ACE,0.3738,0.0044,0.6218
HEARTS FIVE CLUBS KING,0.3598,0.0096,0.6306
SPADES FIVE HEARTS JACK,0.3432,0.0182,0.6386
HEARTS FIVE CLUBS QUEEN,0.3662,0.0112,0.6226
HEARTS THREE CLUBS KING,0.3964,0.0084,0.5952
DIAMONDS KING CLUBS KING,0.1314,0.0138,0.8548
HEARTS THREE CLUBS QUEEN,0.4034,0.0114,0.5852
DIAMONDS KING CLUBS QUEEN,0.3146,0.0054,0.68
HEARTS FIVE HEARTS JACK,0.3406,0.016,0.6434
HEARTS FIVE HEARTS TEN,0.3302,0.0262,0.6436
HEARTS THREE CLUBS ACE,0.3742,0.0044,0.6214
DIAMONDS KING CLUBS ACE,0.3226,0.004,0.6734
SPADES ACE CLUBS QUEEN,0.3184,0.0038,0.6778
SPADES KING CLUBS QUEEN,0.3308,0.0076,0.6616
HEARTS THREE CLUBS JACK,0.39,0.0156,0.5944
DIAMONDS KING CLUBS JACK,0.3234,0.0104,0.6662
SPADES QUEEN CLUBS QUEEN,0.1316,0.0188,0.8496
CLUBS TEN HEARTS THREE,0.3868,0.0242,0.589
CLUBS TEN DIAMONDS KING,0.3154,0.0074,0.6772
SPADES JACK CLUBS QUEEN,0.303,0.011,0.686
CLUBS SIX CLUBS QUEEN,0.3304,0.0134,0.6562
SPADES TEN CLUBS QUEEN,0.3064,0.0128,0.6808
CLUBS SIX CLUBS KING,0.3256,0.0078,0.6666
CLUBS SIX CLUBS ACE,0.329,0.0034,0.6676
HEARTS FIVE HEARTS KING,0.3278,0.0076,0.6646
HEARTS FIVE HEARTS QUEEN,0.3308,0.0134,0.6558
CLUBS TEN CLUBS SIX,0.3196,0.0294,0.651
HEARTS FIVE HEARTS ACE,0.3038,0.0064,0.6898
CLUBS SIX CLUBS JACK,0.3422,0.015,0.6428
SPADES SEVEN HEARTS JACK,0.3396,0.0188,0.6416
SPADES SEVEN HEARTS TEN,0.3298,0.0256,0.6446
DIAMONDS TWO CLUBS TWO,0.3752,0.0838,0.541
DIAMONDS TWO CLUBS THREE,0.6138,0.0454,0.3408
DIAMONDS TWO HEARTS SIX,0.591,0.0436,0.3654
DIAMONDS TWO HEARTS QUEEN,0.4082,0.0138,0.578
HEARTS SEVEN DIAMONDS TWO,0.603,0.0466,0.3504
DIAMONDS TWO HEARTS KING,0.3898,0.008,0.6022
DIAMONDS TWO HEARTS EIGHT,0.5944,0.0464,0.3592
DIAMONDS TWO HEARTS ACE,0.371,0.0046,0.6244
DIAMONDS TWO HEARTS NINE,0.2678,0.517,0.2152
DIAMONDS TWO DIAMONDS QUEEN,0.3802,0.0156,0.6042
DIAMONDS TWO HEARTS TWO,0.3806,0.0868,0.5326
DIAMONDS TWO DIAMONDS KING,0.3738,0.0074,0.6188
DIAMONDS TWO HEARTS THREE,0.6052,0.0538,0.341
DIAMONDS TWO DIAMONDS ACE,0.3656,0.0052,0.6292
HEARTS FOUR DIAMONDS TWO,0.6312,0.1162,0.2526
HEARTS FIVE DIAMONDS TWO,0.59,0.0476,0.3624
SPADES SEVEN HEARTS ACE,0.3362,0.0046,0.6592
DIAMONDS TWO DIAMONDS TEN,0.3744,0.0312,0.5944
SPADES SEVEN HEARTS KING,0.3486,0.0088,0.6426
DIAMONDS TWO DIAMONDS JACK,0.3724,0.0184,0.6092
SPADES SEVEN HEARTS QUEEN,0.3454,0.0124,0.6422
DIAMONDS TWO SPADES NINE,0.259,0.5314,0.2096
DIAMONDS TWO SPADES EIGHT,0.594,0.048,0.358
DIAMONDS TWO SPADES SEVEN,0.6166,0.0412,0.3422
DIAMONDS TWO SPADES SIX,0.5872,0.0516,0.3612
DIAMONDS TWO SPADES FIVE,0.5904,0.0506,0.359
DIAMONDS TWO SPADES THREE,0.6166,0.045,0.3384
DIAMONDS TWO SPADES TWO,0.3718,0.0876,0.5406
CLUBS NINE DIAMONDS TWO,0.2592,0.534,0.2068
DIAMONDS TWO CLUBS EIGHT,0.6098,0.0436,0.3466
CLUBS SEVEN DIAMONDS TWO,0.6122,0.05,0.3378
DIAMONDS TWO CLUBS SIX,0.5988,0.0478,0.3534
DIAMONDS TWO CLUBS FIVE,0.5812,0.0444,0.3744
DIAMONDS TWO CLUBS FOUR,0.635,0.1078,0.2572
CLUBS FOUR SPADES FIVE,0.604,0.1104,0.2856
CLUBS FOUR SPADES THREE,0.6212,0.1062,0.2726
CLUBS FOUR SPADES TWO,0.6512,0.0996,0.2492
SPADES NINE CLUBS FOUR,0.0118,0.9696,0.0186
SPADES EIGHT CLUBS FOUR,0.6524,0.1026,0.245
SPADES SEVEN CLUBS FOUR,0.6196,0.1084,0.272
CLUBS FOUR SPADES SIX,0.6228,0.0964,0.2808
SPADES ACE DIAMONDS SIX,0.3594,0.0074,0.6332
SPADES QUEEN DIAMONDS SIX,0.3584,0.0122,0.6294
SPADES KING DIAMONDS SIX,0.3586,0.0098,0.6316
SPADES TEN DIAMONDS SIX,0.34,0.0284,0.6316
SPADES JACK DIAMONDS SIX,0.36,0.0188,0.6212
SPADES QUEEN SPADES TWO,0.3846,0.0116,0.6038
SPADES KING SPADES TWO,0.3856,0.0068,0.6076
SPADES ACE SPADES TWO,0.368,0.0046,0.6274
DIAMONDS JACK CLUBS JACK,0.1322,0.0344,0.8334
CLUBS TEN DIAMONDS JACK,0.2932,0.014,0.6928
DIAMONDS JACK CLUBS KING,0.3156,0.0086,0.6758
DIAMONDS JACK CLUBS QUEEN,0.3152,0.0102,0.6746
DIAMONDS THREE DIAMONDS JACK,0.378,0.0218,0.6002
DIAMONDS THREE DIAMONDS TEN,0.368,0.0322,0.5998
DIAMONDS JACK CLUBS ACE,0.3086,0.0058,0.6856
DIAMONDS THREE DIAMONDS KING,0.3696,0.0094,0.621
DIAMONDS THREE HEARTS THREE,0.3754,0.0828,0.5418
DIAMONDS THREE DIAMONDS QUEEN,0.3814,0.011,0.6076
DIAMONDS THREE HEARTS TWO,0.6134,0.0466,0.34
HEARTS FIVE DIAMONDS THREE,0.5734,0.0476,0.379
DIAMONDS THREE DIAMONDS ACE,0.3596,0.0038,0.6366
HEARTS FOUR DIAMONDS THREE,0.6328,0.1016,0.2656
HEARTS SEVEN DIAMONDS THREE,0.595,0.0444,0.3606
SPADES TEN SPADES NINE,0.2172,0.078,0.7048
HEARTS SIX DIAMONDS THREE,0.5926,0.0454,0.362
SPADES JACK SPADES NINE,0.2184,0.0588,0.7228
DIAMONDS THREE HEARTS NINE,0.2602,0.5216,0.2182
HEARTS JACK DIAMONDS FOUR,0.2442,0.0576,0.6982
HEARTS ACE HEARTS KING,0.3014,0.0034,0.6952
SPADES TEN SPADES TWO,0.3748,0.0316,0.5936
DIAMONDS THREE HEARTS EIGHT,0.6014,0.0414,0.3572
HEARTS TEN DIAMONDS FOUR,0.2282,0.0836,0.6882
SPADES JACK SPADES TWO,0.361,0.021,0.618
HEARTS QUEEN DIAMONDS FOUR,0.2344,0.0498,0.7158
HEARTS KING DIAMONDS FOUR,0.2606,0.0318,0.7076
SPADES ACE SPADES NINE,0.2172,0.027,0.7558
HEARTS ACE DIAMONDS FOUR,0.2372,0.0214,0.7414
SPADES KING SPADES NINE,0.2166,0.0412,0.7422
SPADES QUEEN SPADES NINE,0.2224,0.0434,0.7342
DIAMONDS THREE SPADES NINE,0.2548,0.534,0.2112
DIAMONDS THREE SPADES EIGHT,0.6082,0.0462,0.3456
DIAMONDS THREE SPADES SEVEN,0.5936,0.043,0.3634
DIAMONDS THREE SPADES SIX,0.5822,0.0446,0.3732
DIAMONDS THREE CLUBS SIX,0.5856,0.0418,0.3726
CLUBS FIVE CLUBS SIX,0.4938,0.0446,0.4616
CLUBS ACE DIAMONDS FOUR,0.2274,0.0254,0.7472
CLUBS SEVEN DIAMONDS THREE,0.603,0.0438,0.3532
CLUBS SEVEN CLUBS FIVE,0.5106,0.0382,0.4512
DIAMONDS THREE CLUBS FOUR,0.6262,0.1006,0.2732
DIAMONDS FOUR CLUBS QUEEN,0.2444,0.043,0.7126
DIAMONDS THREE CLUBS FIVE,0.5802,0.0432,0.3766
CLUBS KING DIAMONDS FOUR,0.2488,0.0322,0.719
DIAMONDS THREE CLUBS TWO,0.598,0.0494,0.3526
CLUBS TEN DIAMONDS FOUR,0.238,0.0794,0.6826
DIAMONDS THREE CLUBS THREE,0.3652,0.083,0.5518
DIAMONDS FOUR CLUBS JACK,0.2412,0.0574,0.7014
DIAMONDS THREE SPADES FIVE,0.5714,0.049,0.3796
DIAMONDS THREE SPADES TWO,0.6248,0.0514,0.3238
DIAMONDS THREE SPADES THREE,0.3622,0.0914,0.5464
CLUBS EIGHT DIAMONDS THREE,0.6022,0.044,0.3538
CLUBS NINE DIAMONDS THREE,0.2654,0.5202,0.2144
SPADES SEVEN CLUBS ACE,0.3528,0.0058,0.6414
SPADES SEVEN CLUBS QUEEN,0.3612,0.013,0.6258
SPADES SEVEN CLUBS KING,0.343,0.008,0.649
CLUBS FIVE SPADES SEVEN,0.5366,0.0416,0.4218
CLUBS TEN SPADES SEVEN,0.3266,0.025,0.6484
CLUBS FIVE SPADES SIX,0.5322,0.0406,0.4272
SPADES SEVEN CLUBS JACK,0.349,0.0196,0.6314
CLUBS FIVE SPADES NINE,0.2144,0.4634,0.3222
CLUBS FIVE SPADES EIGHT,0.5532,0.0458,0.401
CLUBS FIVE SPADES THREE,0.5646,0.0472,0.3882
CLUBS FIVE SPADES TWO,0.5842,0.0448,0.371
CLUBS FIVE SPADES FIVE,0.2812,0.0838,0.635
CLUBS NINE CLUBS FIVE,0.2002,0.4252,0.3746
CLUBS EIGHT CLUBS FIVE,0.5172,0.0384,0.4444
CLUBS ACE CLUBS QUEEN,0.2984,0.0054,0.6962
CLUBS KING CLUBS QUEEN,0.3094,0.0062,0.6844
DIAMONDS TEN DIAMONDS FOUR,0.2212,0.0764,0.7024
DIAMONDS JACK DIAMONDS FOUR,0.2316,0.058,0.7104
SPADES NINE CLUBS JACK,0.2268,0.066,0.7072
CLUBS TEN SPADES NINE,0.2192,0.0754,0.7054
DIAMONDS ACE DIAMONDS FOUR,0.2172,0.0234,0.7594
HEARTS FOUR DIAMONDS FOUR,0.2712,0.0624,0.6664
DIAMONDS JACK HEARTS TEN,0.2886,0.0172,0.6942
SPADES NINE CLUBS KING,0.237,0.0382,0.7248
DIAMONDS TWO SPADES TEN,0.3872,0.031,0.5818
HEARTS FIVE DIAMONDS FOUR,0.5992,0.1046,0.2962
DIAMONDS JACK HEARTS JACK,0.1286,0.0304,0.841
SPADES NINE CLUBS QUEEN,0.2154,0.0478,0.7368
DIAMONDS TWO SPADES JACK,0.3984,0.0214,0.5802
DIAMONDS QUEEN DIAMONDS FOUR,0.2334,0.0414,0.7252
HEARTS TWO DIAMONDS FOUR,0.6316,0.1156,0.2528
DIAMONDS KING DIAMONDS FOUR,0.232,0.0336,0.7344
HEARTS THREE DIAMONDS FOUR,0.6254,0.1128,0.2618
SPADES NINE CLUBS ACE,0.2144,0.0272,0.7584
HEARTS ACE DIAMONDS JACK,0.3188,0.0032,0.678
SPADES ACE DIAMONDS TWO,0.3828,0.0064,0.6108
HEARTS QUEEN DIAMONDS JACK,0.2996,0.01,0.6904
SPADES QUEEN DIAMONDS TWO,0.3938,0.0132,0.593
HEARTS KING DIAMONDS JACK,0.3138,0.0078,0.6784
SPADES KING DIAMONDS TWO,0.401,0.0098,0.5892
SPADES JACK SPADES SEVEN,0.3414,0.0158,0.6428
SPADES TEN SPADES SEVEN,0.3232,0.0236,0.6532
CLUBS SEVEN CLUBS THREE,0.554,0.0416,0.4044
CLUBS SIX CLUBS THREE,0.5448,0.0422,0.413
CLUBS FIVE CLUBS THREE,0.5322,0.0462,0.4216
CLUBS THREE CLUBS FOUR,0.5908,0.102,0.3072
CLUBS NINE CLUBS THREE,0.2398,0.492,0.2682
CLUBS EIGHT CLUBS THREE,0.5534,0.0384,0.4082
CLUBS THREE SPADES FIVE,0.5632,0.0456,0.3912
CLUBS THREE SPADES THREE,0.3736,0.0794,0.547
CLUBS THREE SPADES TWO,0.6026,0.0494,0.348
CLUBS THREE SPADES SIX,0.59,0.0432,0.3668
CLUBS THREE SPADES SEVEN,0.5842,0.0414,0.3744
SPADES EIGHT CLUBS THREE,0.6166,0.0414,0.342
SPADES NINE CLUBS THREE,0.2516,0.5178,0.2306
SPADES TWO DIAMONDS FOUR,0.6536,0.1014,0.245
SPADES THREE DIAMONDS FOUR,0.6378,0.111,0.2512
SPADES FIVE DIAMONDS FOUR,0.6008,0.113,0.2862
SPADES SIX DIAMONDS FOUR,0.638,0.0996,0.2624
SPADES SEVEN DIAMONDS FOUR,0.6274,0.1028,0.2698
SPADES EIGHT DIAMONDS FOUR,0.6568,0.1016,0.2416
SPADES NINE DIAMONDS FOUR,0.0094,0.9828,0.0078
CLUBS FIVE DIAMONDS FOUR,0.6132,0.1044,0.2824
CLUBS FOUR DIAMONDS FOUR,0.27,0.0636,0.6664
CLUBS SEVEN DIAMONDS FOUR,0.6296,0.1052,0.2652
CLUBS SIX DIAMONDS FOUR,0.6304,0.1046,0.265
CLUBS NINE DIAMONDS FOUR,0.0186,0.97,0.0114
CLUBS EIGHT DIAMONDS FOUR,0.6494,0.102,0.2486
HEARTS SEVEN DIAMONDS FOUR,0.6282,0.105,0.2668
HEARTS SIX DIAMONDS FOUR,0.6232,0.0984,0.2784
DIAMONDS FOUR HEARTS NINE,0.0188,0.9692,0.012
DIAMONDS FOUR HEARTS EIGHT,0.6528,0.1026,0.2446
CLUBS THREE DIAMONDS FOUR,0.628,0.1062,0.2658
CLUBS TWO DIAMONDS FOUR,0.6374,0.1098,0.2528
DIAMONDS TEN DIAMONDS FIVE,0.3396,0.026,0.6344
DIAMONDS JACK DIAMONDS FIVE,0.3388,0.0186,0.6426
CLUBS KING DIAMONDS SIX,0.366,0.0108,0.6232
CLUBS QUEEN DIAMONDS SIX,0.3674,0.0136,0.619
CLUBS ACE DIAMONDS SIX,0.3558,0.0052,0.639
SPADES KING DIAMONDS FOUR,0.2336,0.0382,0.7282
SPADES ACE SPADES SEVEN,0.3348,0.004,0.6612
SPADES QUEEN DIAMONDS FOUR,0.2384,0.042,0.7196
SPADES QUEEN SPADES SEVEN,0.3336,0.0122,0.6542
CLUBS JACK DIAMONDS SIX,0.3624,0.0172,0.6204
SPADES KING SPADES SEVEN,0.3338,0.01,0.6562
SPADES ACE DIAMONDS FOUR,0.2236,0.0206,0.7558
CLUBS TEN DIAMONDS SIX,0.3498,0.0256,0.6246
CLUBS NINE CLUBS FOUR,0.0198,0.9068,0.0734
CLUBS EIGHT CLUBS FOUR,0.6008,0.0976,0.3016
SPADES JACK DIAMONDS FOUR,0.2318,0.061,0.7072
SPADES TEN DIAMONDS FOUR,0.2238,0.0798,0.6964
CLUBS FIVE CLUBS FOUR,0.5736,0.1066,0.3198
CLUBS SEVEN CLUBS FOUR,0.5802,0.0998,0.32
CLUBS SIX CLUBS FOUR,0.583,0.101,0.316
CLUBS SEVEN SPADES EIGHT,0.5174,0.0402,0.4424
CLUBS SEVEN SPADES NINE,0.2148,0.2964,0.4888
CLUBS SEVEN SPADES SIX,0.5162,0.0484,0.4354
CLUBS SEVEN SPADES SEVEN,0.2634,0.068,0.6686
CLUBS SEVEN SPADES FIVE,0.5452,0.042,0.4128
CLUBS SEVEN SPADES THREE,0.6006,0.0428,0.3566
CLUBS SEVEN SPADES TWO,0.6106,0.0512,0.3382
CLUBS NINE CLUBS SEVEN,0.215,0.2622,0.5228
CLUBS SEVEN CLUBS EIGHT,0.4926,0.0358,0.4716
HEARTS SIX DIAMONDS FIVE,0.5358,0.0478,0.4164
HEARTS SEVEN DIAMONDS FIVE,0.561,0.042,0.397
DIAMONDS FIVE HEARTS EIGHT,0.5492,0.042,0.4088
DIAMONDS FIVE HEARTS NINE,0.2184,0.461,0.3206
DIAMONDS QUEEN DIAMONDS FIVE,0.34,0.0132,0.6468
HEARTS TWO DIAMONDS FIVE,0.5756,0.0502,0.3742
HEARTS KING HEARTS EIGHT,0.3334,0.0068,0.6598
DIAMONDS KING DIAMONDS FIVE,0.3316,0.0082,0.6602
HEARTS THREE DIAMONDS FIVE,0.5786,0.0462,0.3752
HEARTS QUEEN HEARTS EIGHT,0.3206,0.0094,0.67
DIAMONDS ACE DIAMONDS FIVE,0.333,0.0044,0.6626
HEARTS FOUR DIAMONDS FIVE,0.6064,0.1068,0.2868
HEARTS FIVE DIAMONDS FIVE,0.2698,0.0734,0.6568
HEARTS ACE HEARTS EIGHT,0.3278,0.0048,0.6674
CLUBS FOUR DIAMONDS FIVE,0.5924,0.1122,0.2954
CLUBS FIVE DIAMONDS FIVE,0.2788,0.079,0.6422
CLUBS SIX DIAMONDS FIVE,0.538,0.0424,0.4196
CLUBS SEVEN DIAMONDS FIVE,0.5358,0.0428,0.4214
CLUBS TWO DIAMONDS FIVE,0.577,0.0478,0.3752
CLUBS THREE DIAMONDS FIVE,0.5736,0.0426,0.3838
SPADES THREE DIAMONDS FIVE,0.5672,0.048,0.3848
SPADES TWO DIAMONDS FIVE,0.5942,0.0468,0.359
SPADES JACK DIAMONDS EIGHT,0.3386,0.0188,0.6426
SPADES FIVE DIAMONDS FIVE,0.2698,0.0816,0.6486
CLUBS TEN HEARTS JACK,0.3182,0.0146,0.6672
SPADES TEN DIAMONDS EIGHT,0.3176,0.0224,0.66
HEARTS JACK CLUBS JACK,0.138,0.0278,0.8342
HEARTS JACK CLUBS QUEEN,0.3234,0.0086,0.668
CLUBS NINE DIAMONDS FIVE,0.2188,0.4508,0.3304
CLUBS KING HEARTS JACK,0.3148,0.0068,0.6784
CLUBS EIGHT DIAMONDS FIVE,0.5666,0.042,0.3914
CLUBS ACE HEARTS JACK,0.3208,0.0036,0.6756
SPADES SEVEN DIAMONDS FIVE,0.53,0.0436,0.4264
SPADES KING DIAMONDS EIGHT,0.3478,0.0086,0.6436
SPADES QUEEN DIAMONDS EIGHT,0.3376,0.0106,0.6518
SPADES SIX DIAMONDS FIVE,0.5318,0.0504,0.4178
SPADES NINE DIAMONDS FIVE,0.2128,0.4508,0.3364
SPADES EIGHT DIAMONDS FIVE,0.5608,0.0428,0.3964
SPADES ACE DIAMONDS EIGHT,0.3434,0.0062,0.6504
DIAMONDS TEN DIAMONDS SIX,0.33,0.0288,0.6412
HEARTS ACE DIAMONDS SEVEN,0.3426,0.0046,0.6528
DIAMONDS JACK DIAMONDS SIX,0.3434,0.0162,0.6404
HEARTS QUEEN DIAMONDS SEVEN,0.3614,0.0108,0.6278
HEARTS KING DIAMONDS SEVEN,0.3614,0.0084,0.6302
DIAMONDS ACE DIAMONDS SIX,0.3222,0.0046,0.6732
HEARTS FOUR DIAMONDS SIX,0.6186,0.1034,0.278
SPADES TWO HEARTS JACK,0.3946,0.0192,0.5862
HEARTS FIVE DIAMONDS SIX,0.5366,0.0434,0.42
SPADES TWO HEARTS TEN,0.3918,0.0302,0.578
DIAMONDS QUEEN DIAMONDS SIX,0.3314,0.0136,0.655
HEARTS TWO DIAMONDS SIX,0.6022,0.0486,0.3492
DIAMONDS KING DIAMONDS SIX,0.3448,0.0072,0.648
HEARTS THREE DIAMONDS SIX,0.6032,0.042,0.3548
HEARTS EIGHT DIAMONDS SIX,0.5334,0.045,0.4216
HEARTS NINE DIAMONDS SIX,0.2136,0.3786,0.4078
HEARTS SIX DIAMONDS SIX,0.2688,0.0736,0.6576
HEARTS SEVEN DIAMONDS SIX,0.5272,0.0412,0.4316
HEARTS TEN DIAMONDS SEVEN,0.3322,0.0288,0.639
CLUBS TWO DIAMONDS SIX,0.5952,0.0464,0.3584
HEARTS JACK DIAMONDS SEVEN,0.3448,0.016,0.6392
CLUBS THREE DIAMONDS SIX,0.589,0.046,0.365
CLUBS SEVEN DIAMONDS SIX,0.526,0.048,0.426
DIAMONDS EIGHT CLUBS JACK,0.3476,0.016,0.6364
CLUBS SIX DIAMONDS SIX,0.276,0.0798,0.6442
CLUBS TEN DIAMONDS EIGHT,0.3266,0.0274,0.646
CLUBS FIVE DIAMONDS SIX,0.5498,0.041,0.4092
CLUBS FOUR DIAMONDS SIX,0.631,0.1034,0.2656
HEARTS ACE HEARTS JACK,0.3052,0.0044,0.6904
DIAMONDS EIGHT CLUBS ACE,0.3582,0.005,0.6368
HEARTS QUEEN HEARTS JACK,0.2986,0.0086,0.6928
DIAMONDS EIGHT CLUBS KING,0.3766,0.0066,0.6168
CLUBS NINE DIAMONDS SIX,0.2136,0.3798,0.4066
HEARTS KING HEARTS JACK,0.2972,0.007,0.6958
DIAMONDS EIGHT CLUBS QUEEN,0.3566,0.0116,0.6318
CLUBS EIGHT DIAMONDS SIX,0.5442,0.0374,0.4184
SPADES TEN HEARTS KING,0.3166,0.0084,0.675
SPADES FIVE DIAMONDS SIX,0.5328,0.0428,0.4244
HEARTS ACE SPADES TWO,0.3746,0.0052,0.6202
SPADES JACK HEARTS KING,0.3148,0.0068,0.6784
SPADES THREE DIAMONDS SIX,0.5802,0.0462,0.3736
HEARTS QUEEN SPADES TWO,0.4024,0.0128,0.5848
SPADES ACE SPADES KING,0.3146,0.005,0.6804
SPADES TWO HEARTS KING,0.3946,0.009,0.5964
SPADES TWO DIAMONDS SIX,0.6012,0.0436,0.3552
HEARTS TEN HEARTS EIGHT,0.2978,0.0216,0.6806
SPADES NINE DIAMONDS SIX,0.2104,0.361,0.4286
HEARTS JACK HEARTS EIGHT,0.3172,0.0164,0.6664
SPADES EIGHT DIAMONDS SIX,0.549,0.0414,0.4096
SPADES SEVEN DIAMONDS SIX,0.5324,0.0432,0.4244
SPADES SIX DIAMONDS SIX,0.2624,0.0738,0.6638
SPADES KING HEARTS KING,0.1308,0.0144,0.8548
SPADES QUEEN HEARTS KING,0.3148,0.0068,0.6784
CLUBS ACE CLUBS KING,0.296,0.0052,0.6988
SPADES ACE HEARTS KING,0.3212,0.0052,0.6736
SPADES ACE HEARTS JACK,0.3136,0.0048,0.6816
SPADES QUEEN HEARTS JACK,0.3052,0.011,0.6838
SPADES KING HEARTS JACK,0.3096,0.0066,0.6838
SPADES TEN DIAMONDS TEN,0.1274,0.0394,0.8332
SPADES JACK DIAMONDS TEN,0.2866,0.0134,0.7
SPADES ACE DIAMONDS TEN,0.3078,0.0048,0.6874
SPADES JACK HEARTS JACK,0.1386,0.0266,0.8348
SPADES TEN HEARTS JACK,0.3064,0.0122,0.6814
SPADES QUEEN DIAMONDS TEN,0.2948,0.0074,0.6978
SPADES KING DIAMONDS TEN,0.3078,0.0056,0.6866
SPADES NINE DIAMONDS SEVEN,0.2028,0.296,0.5012
SPADES EIGHT DIAMONDS SEVEN,0.5254,0.041,0.4336
SPADES SEVEN DIAMONDS SEVEN,0.2666,0.069,0.6644
SPADES SIX DIAMONDS SEVEN,0.5336,0.04,0.4264
DIAMONDS KING DIAMONDS SEVEN,0.3404,0.0084,0.6512
HEARTS THREE DIAMONDS SEVEN,0.5956,0.0484,0.356
HEARTS KING DIAMONDS FIVE,0.3638,0.0102,0.626
DIAMONDS QUEEN DIAMONDS SEVEN,0.3338,0.014,0.6522
HEARTS TWO DIAMONDS SEVEN,0.6112,0.0438,0.345
HEARTS QUEEN DIAMONDS FIVE,0.3766,0.0134,0.61
HEARTS FIVE DIAMONDS SEVEN,0.552,0.043,0.405
DIAMONDS ACE DIAMONDS SEVEN,0.322,0.0044,0.6736
HEARTS FOUR DIAMONDS SEVEN,0.6358,0.1068,0.2574
HEARTS ACE DIAMONDS FIVE,0.3464,0.0048,0.6488
HEARTS SEVEN DIAMONDS SEVEN,0.27,0.0656,0.6644
HEARTS SIX DIAMONDS SEVEN,0.534,0.0472,0.4188
DIAMONDS SEVEN HEARTS NINE,0.2132,0.3038,0.483
HEARTS EIGHT DIAMONDS SEVEN,0.5172,0.0468,0.436
DIAMONDS JACK DIAMONDS SEVEN,0.323,0.0166,0.6604
DIAMONDS FIVE HEARTS JACK,0.3558,0.0182,0.626
DIAMONDS TEN DIAMONDS SEVEN,0.3148,0.026,0.6592
HEARTS TEN DIAMONDS FIVE,0.3496,0.0284,0.622
SPADES KING CLUBS TWO,0.385,0.0092,0.6058
HEARTS KING CLUBS KING,0.1424,0.01,0.8476
CLUBS EIGHT DIAMONDS SEVEN,0.5332,0.0392,0.4276
SPADES QUEEN CLUBS TWO,0.3958,0.0124,0.5918
HEARTS KING CLUBS QUEEN,0.3228,0.0062,0.671
CLUBS NINE DIAMONDS SEVEN,0.2162,0.2912,0.4926
SPADES TWO CLUBS JACK,0.3884,0.016,0.5956
SPADES ACE CLUBS TWO,0.3748,0.006,0.6192
CLUBS TEN SPADES TWO,0.3894,0.0286,0.582
HEARTS KING CLUBS ACE,0.3312,0.0036,0.6652
CLUBS SEVEN CLUBS SIX,0.4868,0.0376,0.4756
SPADES TWO CLUBS KING,0.3782,0.0104,0.6114
SPADES TWO DIAMONDS SEVEN,0.609,0.0466,0.3444
CLUBS EIGHT CLUBS SIX,0.5134,0.037,0.4496
SPADES THREE DIAMONDS SEVEN,0.6022,0.0458,0.352
SPADES TWO CLUBS QUEEN,0.4012,0.0106,0.5882
CLUBS NINE CLUBS SIX,0.202,0.3474,0.4506
HEARTS KING CLUBS JACK,0.3238,0.0044,0.6718
SPADES FIVE DIAMONDS SEVEN,0.5446,0.0464,0.409
SPADES TWO CLUBS ACE,0.3818,0.006,0.6122
CLUBS TEN HEARTS KING,0.3224,0.006,0.6716
CLUBS SIX SPADES TWO,0.5986,0.0444,0.357
CLUBS SIX SPADES THREE,0.584,0.0488,0.3672
CLUBS TWO DIAMONDS SEVEN,0.604,0.042,0.354
CLUBS THREE DIAMONDS SEVEN,0.5912,0.046,0.3628
CLUBS SIX SPADES FIVE,0.5314,0.041,0.4276
CLUBS FOUR DIAMONDS SEVEN,0.6396,0.1008,0.2596
CLUBS SIX SPADES SIX,0.2696,0.0736,0.6568
CLUBS FIVE DIAMONDS SEVEN,0.5454,0.0432,0.4114
CLUBS SIX SPADES SEVEN,0.5298,0.0398,0.4304
CLUBS SIX DIAMONDS SEVEN,0.5234,0.0448,0.4318
CLUBS SIX SPADES EIGHT,0.5342,0.04,0.4258
SPADES JACK CLUBS TWO,0.3836,0.0198,0.5966
CLUBS SEVEN DIAMONDS SEVEN,0.2528,0.0718,0.6754
SPADES NINE CLUBS SIX,0.2166,0.3686,0.4148
SPADES TEN CLUBS TWO,0.3854,0.0286,0.586
CLUBS TWO CLUBS QUEEN,0.364,0.0128,0.6232
CLUBS TWO CLUBS KING,0.371,0.0086,0.6204
CLUBS THREE DIAMONDS EIGHT,0.5948,0.0418,0.3634
CLUBS TWO CLUBS ACE,0.3642,0.0064,0.6294
CLUBS TWO DIAMONDS EIGHT,0.607,0.044,0.349
HEARTS SEVEN DIAMONDS EIGHT,0.5272,0.0442,0.4286
HEARTS SIX DIAMONDS EIGHT,0.5364,0.0422,0.4214
DIAMONDS EIGHT HEARTS NINE,0.2196,0.2216,0.5588
CLUBS TEN CLUBS TWO,0.3684,0.0252,0.6064
DIAMONDS EIGHT HEARTS EIGHT,0.2662,0.0622,0.6716
CLUBS TWO CLUBS JACK,0.3754,0.0186,0.606
CLUBS NINE DIAMONDS EIGHT,0.2086,0.237,0.5544
CLUBS EIGHT DIAMONDS EIGHT,0.274,0.056,0.67
CLUBS FIVE DIAMONDS EIGHT,0.5482,0.042,0.4098
SPADES ACE SPADES THREE,0.3518,0.003,0.6452
CLUBS FOUR DIAMONDS EIGHT,0.6544,0.1088,0.2368
CLUBS SEVEN DIAMONDS EIGHT,0.5332,0.0418,0.425
SPADES QUEEN SPADES THREE,0.3652,0.0138,0.621
CLUBS SIX DIAMONDS EIGHT,0.5396,0.0422,0.4182
SPADES KING SPADES THREE,0.3848,0.009,0.6062
DIAMONDS EIGHT DIAMONDS QUEEN,0.3446,0.0108,0.6446
HEARTS TWO DIAMONDS EIGHT,0.593,0.0502,0.3568
DIAMONDS KING DIAMONDS EIGHT,0.3452,0.0068,0.648
HEARTS THREE DIAMONDS EIGHT,0.605,0.0406,0.3544
DIAMONDS ACE DIAMONDS EIGHT,0.3302,0.005,0.6648
HEARTS FOUR DIAMONDS EIGHT,0.6438,0.1116,0.2446
HEARTS FIVE DIAMONDS EIGHT,0.5516,0.0436,0.4048
DIAMONDS TEN DIAMONDS EIGHT,0.3096,0.028,0.6624
DIAMONDS EIGHT DIAMONDS JACK,0.319,0.0202,0.6608
SPADES JACK SPADES THREE,0.3764,0.0182,0.6054
SPADES TEN SPADES THREE,0.3676,0.0268,0.6056
CLUBS FOUR HEARTS ACE,0.2446,0.021,0.7344
CLUBS FOUR HEARTS QUEEN,0.2482,0.0432,0.7086
CLUBS FOUR HEARTS KING,0.2448,0.0312,0.724
CLUBS SIX HEARTS TEN,0.3462,0.0268,0.627
CLUBS SIX HEARTS JACK,0.364,0.017,0.619
SPADES FIVE DIAMONDS EIGHT,0.5566,0.045,0.3984
DIAMONDS EIGHT SPADES TWO,0.6096,0.0476,0.3428
DIAMONDS EIGHT SPADES THREE,0.614,0.0452,0.3408
CLUBS FOUR HEARTS JACK,0.236,0.054,0.71
SPADES EIGHT DIAMONDS EIGHT,0.2614,0.0588,0.6798
SPADES TEN DIAMONDS QUEEN,0.3046,0.0104,0.685
SPADES TEN HEARTS TWO,0.384,0.0296,0.5864
SPADES JACK HEARTS EIGHT,0.3346,0.0184,0.647
CLUBS FOUR HEARTS TEN,0.236,0.0788,0.6852
SPADES NINE DIAMONDS EIGHT,0.2192,0.22,0.5608
SPADES TEN HEARTS EIGHT,0.3248,0.0278,0.6474
SPADES JACK HEARTS TWO,0.3856,0.0184,0.596
SPADES JACK DIAMONDS QUEEN,0.302,0.013,0.685
SPADES SIX DIAMONDS EIGHT,0.5336,0.0464,0.42
SPADES SEVEN DIAMONDS EIGHT,0.5138,0.044,0.4422
SPADES ACE HEARTS TWO,0.3604,0.0054,0.6342
SPADES ACE DIAMONDS QUEEN,0.3066,0.007,0.6864
SPADES ACE HEARTS EIGHT,0.3424,0.0042,0.6534
SPADES KING HEARTS EIGHT,0.364,0.0068,0.6292
SPADES QUEEN HEARTS TWO,0.389,0.0116,0.5994
SPADES QUEEN DIAMONDS QUEEN,0.1284,0.0224,0.8492
SPADES KING DIAMONDS QUEEN,0.32,0.0054,0.6746
SPADES KING HEARTS TWO,0.3972,0.0076,0.5952
SPADES QUEEN HEARTS EIGHT,0.3498,0.0096,0.6406
CLUBS TWO HEARTS TEN,0.3826,0.0256,0.5918
CLUBS TWO HEARTS JACK,0.3958,0.0196,0.5846
SPADES TEN CLUBS KING,0.311,0.0064,0.6826
SPADES JACK CLUBS KING,0.3198,0.0078,0.6724
SPADES JACK CLUBS FOUR,0.2456,0.054,0.7004
SPADES TEN CLUBS FOUR,0.232,0.0786,0.6894
CLUBS NINE CLUBS EIGHT,0.2026,0.2076,0.5898
HEARTS ACE CLUBS TWO,0.3986,0.004,0.5974
SPADES ACE CLUBS FOUR,0.2308,0.0222,0.747
CLUBS TWO HEARTS KING,0.3926,0.01,0.5974
SPADES KING CLUBS FOUR,0.2328,0.0332,0.734
CLUBS TWO HEARTS QUEEN,0.3982,0.0096,0.5922
SPADES QUEEN CLUBS FOUR,0.2332,0.043,0.7238
CLUBS EIGHT SPADES NINE,0.211,0.2232,0.5658
CLUBS EIGHT SPADES EIGHT,0.2576,0.0602,0.6822
CLUBS EIGHT SPADES SEVEN,0.5294,0.0438,0.4268
CLUBS EIGHT SPADES SIX,0.5362,0.0454,0.4184
CLUBS EIGHT SPADES FIVE,0.5518,0.0382,0.41
CLUBS EIGHT SPADES THREE,0.6218,0.0382,0.34
CLUBS EIGHT SPADES TWO,0.608,0.0424,0.3496
HEARTS SIX DIAMONDS TEN,0.3466,0.0274,0.626
HEARTS SEVEN DIAMONDS TEN,0.338,0.0292,0.6328
DIAMONDS TEN HEARTS EIGHT,0.3206,0.0296,0.6498
CLUBS FOUR CLUBS JACK,0.2216,0.0546,0.7238
DIAMONDS TEN HEARTS NINE,0.2282,0.0742,0.6976
CLUBS TEN CLUBS FOUR,0.2272,0.0808,0.692
CLUBS FOUR CLUBS KING,0.2368,0.0328,0.7304
CLUBS FOUR CLUBS QUEEN,0.2298,0.0392,0.731
DIAMONDS TEN CLUBS TWO,0.3762,0.0332,0.5906
CLUBS THREE DIAMONDS TEN,0.3802,0.0304,0.5894
CLUBS FOUR CLUBS ACE,0.2226,0.0242,0.7532
DIAMONDS TEN DIAMONDS JACK,0.274,0.0144,0.7116
DIAMONDS TEN DIAMONDS QUEEN,0.3062,0.01,0.6838
HEARTS TWO DIAMONDS TEN,0.37,0.0338,0.5962
DIAMONDS KING DIAMONDS TEN,0.2916,0.0086,0.6998
HEARTS THREE DIAMONDS TEN,0.3744,0.0326,0.593
DIAMONDS ACE DIAMONDS TEN,0.3136,0.0052,0.6812
HEARTS FOUR DIAMONDS TEN,0.2238,0.0748,0.7014
CLUBS EIGHT HEARTS JACK,0.334,0.0168,0.6492
HEARTS FIVE DIAMONDS TEN,0.35,0.0276,0.6224
CLUBS EIGHT HEARTS TEN,0.3296,0.0262,0.6442
CLUBS EIGHT HEARTS QUEEN,0.3626,0.0092,0.6282
CLUBS EIGHT HEARTS KING,0.3664,0.0062,0.6274
CLUBS EIGHT HEARTS ACE,0.3632,0.0032,0.6336
CLUBS NINE SPADES THREE,0.2654,0.5214,0.2132
CLUBS NINE SPADES TWO,0.2684,0.5248,0.2068
CLUBS NINE SPADES FIVE,0.2116,0.4554,0.333
CLUBS NINE SPADES SEVEN,0.2128,0.3124,0.4748
CLUBS NINE SPADES SIX,0.2148,0.3784,0.4068
CLUBS NINE SPADES NINE,0.0788,0.067,0.8542
CLUBS TEN HEARTS EIGHT,0.32,0.028,0.652
CLUBS NINE SPADES EIGHT,0.2034,0.2374,0.5592
HEARTS EIGHT CLUBS JACK,0.3394,0.0158,0.6448
CLUBS QUEEN HEARTS EIGHT,0.3614,0.0094,0.6292
CLUBS KING HEARTS EIGHT,0.3526,0.0062,0.6412
CLUBS ACE HEARTS EIGHT,0.3414,0.005,0.6536
SPADES KING CLUBS KING,0.1282,0.0148,0.857
SPADES QUEEN CLUBS KING,0.325,0.0088,0.6662
SPADES ACE CLUBS KING,0.3102,0.0044,0.6854
DIAMONDS ACE HEARTS TEN,0.306,0.0028,0.6912
HEARTS FOUR HEARTS TEN,0.2254,0.0746,0.7
DIAMONDS ACE HEARTS JACK,0.3256,0.0036,0.6708
HEARTS FOUR HEARTS JACK,0.2254,0.0558,0.7188
SPADES KING CLUBS FIVE,0.3624,0.0066,0.631
SPADES QUEEN CLUBS FIVE,0.3526,0.0118,0.6356
SPADES ACE CLUBS FIVE,0.3444,0.0054,0.6502
HEARTS SEVEN DIAMONDS JACK,0.3492,0.0184,0.6324
HEARTS SIX DIAMONDS JACK,0.3456,0.0198,0.6346
DIAMONDS JACK HEARTS NINE,0.2214,0.0632,0.7154
DIAMONDS JACK HEARTS EIGHT,0.3306,0.0156,0.6538
DIAMONDS KING DIAMONDS JACK,0.3008,0.0072,0.692
HEARTS THREE DIAMONDS JACK,0.382,0.02,0.598
SPADES ACE SPADES SIX,0.3366,0.0054,0.658
DIAMONDS QUEEN DIAMONDS JACK,0.282,0.0106,0.7074
HEARTS TWO DIAMONDS JACK,0.3814,0.0208,0.5978
HEARTS FIVE DIAMONDS JACK,0.3448,0.0194,0.6358
SPADES QUEEN SPADES SIX,0.338,0.0116,0.6504
DIAMONDS ACE DIAMONDS JACK,0.3108,0.0064,0.6828
HEARTS FOUR DIAMONDS JACK,0.2348,0.0616,0.7036
SPADES KING SPADES SIX,0.3394,0.0102,0.6504
SPADES TEN SPADES SIX,0.3276,0.0264,0.646
SPADES JACK SPADES SIX,0.3422,0.0184,0.6394
SPADES FIVE DIAMONDS JACK,0.3428,0.0188,0.6384
SPADES TWO DIAMONDS JACK,0.3858,0.0202,0.594
SPADES THREE DIAMONDS JACK,0.3754,0.018,0.6066
SPADES ACE DIAMONDS THREE,0.373,0.0058,0.6212
SPADES QUEEN DIAMONDS THREE,0.3736,0.012,0.6144
CLUBS EIGHT DIAMONDS JACK,0.3332,0.0182,0.6486
SPADES KING DIAMONDS THREE,0.3882,0.0086,0.6032
CLUBS NINE DIAMONDS JACK,0.2246,0.0616,0.7138
CLUBS SIX DIAMONDS JACK,0.3568,0.014,0.6292
CLUBS SEVEN DIAMONDS JACK,0.344,0.02,0.636
CLUBS FOUR DIAMONDS JACK,0.2346,0.0578,0.7076
CLUBS FIVE DIAMONDS JACK,0.3508,0.019,0.6302
CLUBS TWO DIAMONDS JACK,0.387,0.0204,0.5926
CLUBS THREE DIAMONDS JACK,0.3788,0.0228,0.5984
SPADES TEN CLUBS FIVE,0.3532,0.0282,0.6186
SPADES JACK HEARTS SIX,0.334,0.0168,0.6492
HEARTS SIX SPADES TEN,0.3394,0.0258,0.6348
SPADES JACK CLUBS FIVE,0.3596,0.0176,0.6228
SPADES JACK DIAMONDS THREE,0.393,0.0186,0.5884
CLUBS SEVEN CLUBS ACE,0.343,0.005,0.652
DIAMONDS THREE SPADES TEN,0.3784,0.0318,0.5898
CLUBS SEVEN CLUBS QUEEN,0.3376,0.0086,0.6538
CLUBS SEVEN CLUBS KING,0.3342,0.0078,0.658
SPADES NINE DIAMONDS JACK,0.214,0.0748,0.7112
CLUBS TEN CLUBS SEVEN,0.3206,0.0248,0.6546
DIAMONDS ACE HEARTS ACE,0.1262,0.0042,0.8696
HEARTS FOUR HEARTS ACE,0.2106,0.0236,0.7658
SPADES EIGHT DIAMONDS JACK,0.3378,0.02,0.6422
SPADES ACE HEARTS SIX,0.3568,0.0048,0.6384
CLUBS SEVEN CLUBS JACK,0.334,0.0168,0.6492
DIAMONDS ACE HEARTS KING,0.3312,0.005,0.6638
HEARTS FOUR HEARTS KING,0.227,0.032,0.741
SPADES SEVEN DIAMONDS JACK,0.3368,0.018,0.6452
SPADES KING HEARTS SIX,0.3566,0.0086,0.6348
DIAMONDS ACE HEARTS QUEEN,0.3116,0.0052,0.6832
HEARTS FOUR HEARTS QUEEN,0.2296,0.0436,0.7268
SPADES QUEEN HEARTS SIX,0.3546,0.0102,0.6352
SPADES SIX DIAMONDS JACK,0.3444,0.0172,0.6384
DIAMONDS TEN SPADES TWO,0.395,0.027,0.578
DIAMONDS TEN SPADES THREE,0.3742,0.0296,0.5962
DIAMONDS TEN SPADES FIVE,0.3426,0.0296,0.6278
SPADES SIX DIAMONDS TEN,0.333,0.0286,0.6384
SPADES SEVEN DIAMONDS TEN,0.3222,0.0296,0.6482
SPADES EIGHT DIAMONDS TEN,0.3224,0.0276,0.65
SPADES NINE DIAMONDS TEN,0.216,0.079,0.705
CLUBS FOUR DIAMONDS TEN,0.2338,0.0748,0.6914
CLUBS FIVE DIAMONDS TEN,0.3484,0.0296,0.622
CLUBS SIX DIAMONDS TEN,0.3418,0.0282,0.63
CLUBS SEVEN DIAMONDS TEN,0.326,0.0302,0.6438
CLUBS EIGHT DIAMONDS TEN,0.3234,0.0296,0.647
CLUBS NINE DIAMONDS TEN,0.2264,0.0766,0.697
DIAMONDS THREE CLUBS JACK,0.3988,0.0168,0.5844
CLUBS TEN DIAMONDS THREE,0.3972,0.0268,0.576
DIAMONDS THREE CLUBS KING,0.3934,0.0062,0.6004
DIAMONDS THREE CLUBS QUEEN,0.3904,0.0128,0.5968
DIAMONDS THREE CLUBS ACE,0.3844,0.006,0.6096
SPADES FIVE SPADES TWO,0.558,0.0422,0.3998
SPADES THREE SPADES TWO,0.5812,0.053,0.3658
SPADES NINE SPADES TWO,0.2598,0.4912,0.249
SPADES EIGHT SPADES TWO,0.5624,0.042,0.3956
SPADES SEVEN SPADES TWO,0.5676,0.0452,0.3872
SPADES SIX SPADES TWO,0.556,0.0476,0.3964
CLUBS THREE DIAMONDS QUEEN,0.3866,0.0116,0.6018
CLUBS THREE HEARTS TWO,0.6136,0.0492,0.3372
CLUBS TWO DIAMONDS QUEEN,0.3826,0.0118,0.6056
HEARTS TWO CLUBS TWO,0.368,0.0806,0.5514
HEARTS SEVEN DIAMONDS QUEEN,0.3522,0.0086,0.6392
HEARTS SEVEN HEARTS TWO,0.5494,0.0436,0.407
HEARTS SIX DIAMONDS QUEEN,0.3504,0.013,0.6366
HEARTS SIX HEARTS TWO,0.5512,0.0414,0.4074
DIAMONDS QUEEN HEARTS NINE,0.2254,0.0444,0.7302
HEARTS TWO HEARTS NINE,0.2516,0.4916,0.2568
DIAMONDS QUEEN HEARTS EIGHT,0.3494,0.0148,0.6358
HEARTS TWO HEARTS EIGHT,0.5512,0.0462,0.4026
CLUBS NINE HEARTS TWO,0.2594,0.5228,0.2178
CLUBS NINE DIAMONDS QUEEN,0.223,0.046,0.731
CLUBS EIGHT HEARTS TWO,0.5966,0.0424,0.361
CLUBS EIGHT DIAMONDS QUEEN,0.3534,0.0118,0.6348
CLUBS FIVE DIAMONDS QUEEN,0.3468,0.0126,0.6406
CLUBS FIVE HEARTS TWO,0.5886,0.0422,0.3692
SPADES EIGHT HEARTS ACE,0.347,0.0048,0.6482
CLUBS FOUR DIAMONDS QUEEN,0.2238,0.0468,0.7294
CLUBS FOUR HEARTS TWO,0.6298,0.1078,0.2624
CLUBS SEVEN DIAMONDS QUEEN,0.3516,0.0116,0.6368
CLUBS SEVEN HEARTS TWO,0.6104,0.043,0.3466
SPADES EIGHT HEARTS QUEEN,0.3458,0.0108,0.6434
CLUBS SIX DIAMONDS QUEEN,0.3554,0.0098,0.6348
CLUBS SIX HEARTS TWO,0.5952,0.0462,0.3586
SPADES EIGHT HEARTS KING,0.3534,0.008,0.6386
HEARTS TWO SPADES SIX,0.599,0.045,0.356
SPADES SIX DIAMONDS QUEEN,0.339,0.0134,0.6476
HEARTS FOUR CLUBS QUEEN,0.2392,0.0418,0.719
DIAMONDS ACE CLUBS QUEEN,0.3268,0.0046,0.6686
SPADES SEVEN DIAMONDS QUEEN,0.3552,0.013,0.6318
SPADES SEVEN HEARTS TWO,0.5998,0.048,0.3522
HEARTS FOUR CLUBS KING,0.245,0.0314,0.7236
DIAMONDS ACE CLUBS KING,0.3336,0.0032,0.6632
SPADES EIGHT DIAMONDS QUEEN,0.3336,0.0124,0.654
SPADES EIGHT HEARTS TWO,0.6098,0.0434,0.3468
HEARTS FOUR CLUBS ACE,0.246,0.0206,0.7334
DIAMONDS ACE CLUBS ACE,0.1224,0.0034,0.8742
SPADES NINE DIAMONDS QUEEN,0.2156,0.0454,0.739
SPADES NINE HEARTS TWO,0.2562,0.5194,0.2244
HEARTS TWO SPADES TWO,0.3756,0.0846,0.5398
DIAMONDS QUEEN SPADES TWO,0.3926,0.0158,0.5916
HEARTS TWO SPADES THREE,0.5998,0.0506,0.3496
SPADES THREE DIAMONDS QUEEN,0.3844,0.0142,0.6014
CLUBS TEN HEARTS FOUR,0.2438,0.0818,0.6744
CLUBS TEN DIAMONDS ACE,0.3316,0.0056,0.6628
HEARTS TWO SPADES FIVE,0.5824,0.0414,0.3762
SPADES FIVE DIAMONDS QUEEN,0.3492,0.0128,0.638
HEARTS FOUR CLUBS JACK,0.2454,0.0586,0.696
DIAMONDS ACE CLUBS JACK,0.3168,0.0042,0.679
CLUBS FIVE CLUBS KING,0.337,0.0072,0.6558
CLUBS FIVE CLUBS QUEEN,0.3244,0.0102,0.6654
CLUBS FIVE CLUBS ACE,0.3348,0.0052,0.66
CLUBS FIVE CLUBS JACK,0.3268,0.0204,0.6528
CLUBS TEN CLUBS FIVE,0.326,0.027,0.647
SPADES KING CLUBS JACK,0.312,0.0054,0.6826
SPADES QUEEN CLUBS JACK,0.3132,0.0096,0.6772
SPADES ACE CLUBS JACK,0.3254,0.003,0.6716
SPADES SIX CLUBS KING,0.3472,0.0094,0.6434
SPADES SIX CLUBS QUEEN,0.3502,0.0128,0.637
SPADES EIGHT HEARTS JACK,0.342,0.0148,0.6432
SPADES SIX CLUBS ACE,0.3552,0.0034,0.6414
SPADES EIGHT HEARTS TEN,0.3072,0.0254,0.6674
SPADES SIX CLUBS JACK,0.3582,0.018,0.6238
CLUBS TEN SPADES SIX,0.3478,0.027,0.6252
SPADES TEN CLUBS JACK,0.297,0.0166,0.6864
SPADES JACK CLUBS JACK,0.1398,0.0298,0.8304
SPADES QUEEN CLUBS SEVEN,0.347,0.01,0.643
SPADES KING CLUBS SEVEN,0.3616,0.0084,0.63
SPADES ACE CLUBS SEVEN,0.3382,0.0058,0.656
SPADES SIX HEARTS TEN,0.3316,0.0316,0.6368
SPADES SIX HEARTS JACK,0.3514,0.0202,0.6284
SPADES SIX HEARTS ACE,0.3426,0.0052,0.6522
SPADES SIX HEARTS KING,0.3404,0.009,0.6506
SPADES SIX HEARTS QUEEN,0.357,0.0102,0.6328
CLUBS SEVEN SPADES JACK,0.3468,0.0144,0.6388
CLUBS SEVEN SPADES TEN,0.3274,0.0296,0.643
CLUBS TEN HEARTS SIX,0.351,0.0236,0.6254
HEARTS SIX CLUBS JACK,0.3564,0.0178,0.6258
CLUBS ACE CLUBS JACK,0.3078,0.0034,0.6888
HEARTS SIX CLUBS QUEEN,0.3584,0.0122,0.6294
HEARTS SIX CLUBS KING,0.3538,0.0064,0.6398
HEARTS SIX CLUBS ACE,0.359,0.0032,0.6378
CLUBS QUEEN CLUBS JACK,0.294,0.0084,0.6976
CLUBS KING CLUBS JACK,0.3036,0.0068,0.6896
DIAMONDS THREE HEARTS ACE,0.3718,0.0056,0.6226
DIAMONDS THREE HEARTS QUEEN,0.3942,0.013,0.5928
DIAMONDS THREE HEARTS KING,0.4004,0.0068,0.5928
CLUBS FIVE HEARTS JACK,0.343,0.021,0.636
SPADES TEN DIAMONDS ACE,0.3134,0.004,0.6826
HEARTS FOUR SPADES TEN,0.2278,0.0856,0.6866
CLUBS FIVE HEARTS TEN,0.358,0.0252,0.6168
HEARTS FOUR SPADES JACK,0.2456,0.058,0.6964
SPADES JACK DIAMONDS ACE,0.3186,0.0034,0.678
SPADES ACE HEARTS FOUR,0.2238,0.0182,0.758
SPADES ACE DIAMONDS ACE,0.1084,0.0038,0.8878
CLUBS FIVE HEARTS ACE,0.3466,0.0044,0.649
CLUBS FIVE HEARTS KING,0.3618,0.0064,0.6318
HEARTS FOUR SPADES QUEEN,0.2256,0.0412,0.7332
SPADES QUEEN DIAMONDS ACE,0.3228,0.0036,0.6736
CLUBS FIVE HEARTS QUEEN,0.3606,0.0122,0.6272
SPADES KING DIAMONDS ACE,0.3122,0.0078,0.68
SPADES KING HEARTS FOUR,0.2358,0.0312,0.733
DIAMONDS ACE DIAMONDS QUEEN,0.2992,0.0056,0.6952
DIAMONDS ACE HEARTS TWO,0.3742,0.0068,0.619
HEARTS FOUR DIAMONDS QUEEN,0.2376,0.0364,0.726
HEARTS FOUR HEARTS TWO,0.5992,0.0996,0.3012
DIAMONDS THREE HEARTS TEN,0.3864,0.0286,0.585
HEARTS FIVE DIAMONDS QUEEN,0.3462,0.0128,0.641
HEARTS FIVE HEARTS TWO,0.5412,0.043,0.4158
DIAMONDS THREE HEARTS JACK,0.3924,0.018,0.5896
HEARTS TWO DIAMONDS QUEEN,0.3834,0.0136,0.603
DIAMONDS KING DIAMONDS QUEEN,0.2918,0.007,0.7012
DIAMONDS KING HEARTS TWO,0.3818,0.0102,0.608
HEARTS THREE DIAMONDS QUEEN,0.3842,0.0146,0.6012
HEARTS THREE HEARTS TWO,0.559,0.0492,0.3918
HEARTS TWO CLUBS ACE,0.3838,0.0032,0.613
DIAMONDS QUEEN CLUBS ACE,0.334,0.0036,0.6624
HEARTS TWO CLUBS QUEEN,0.3976,0.0124,0.59
DIAMONDS QUEEN CLUBS QUEEN,0.128,0.0208,0.8512
HEARTS TWO CLUBS KING,0.3954,0.0092,0.5954
DIAMONDS QUEEN CLUBS KING,0.3076,0.006,0.6864
SPADES EIGHT SPADES FIVE,0.5226,0.0418,0.4356
CLUBS TEN HEARTS TWO,0.3832,0.0258,0.591
CLUBS TEN DIAMONDS QUEEN,0.3098,0.0112,0.679
SPADES NINE SPADES FIVE,0.2014,0.4452,0.3534
HEARTS TWO CLUBS JACK,0.381,0.0198,0.5992
DIAMONDS QUEEN CLUBS JACK,0.301,0.0116,0.6874
SPADES SIX SPADES FIVE,0.4896,0.0424,0.468
SPADES SEVEN SPADES FIVE,0.5164,0.0426,0.441
DIAMONDS FIVE CLUBS QUEEN,0.366,0.0102,0.6238
SPADES EIGHT CLUBS ACE,0.3468,0.003,0.6502
DIAMONDS FIVE CLUBS KING,0.3546,0.007,0.6384
SPADES EIGHT CLUBS KING,0.3444,0.0058,0.6498
CLUBS ACE DIAMONDS FIVE,0.3502,0.0042,0.6456
SPADES EIGHT CLUBS QUEEN,0.347,0.0142,0.6388
SPADES EIGHT CLUBS JACK,0.3308,0.0166,0.6526
CLUBS TEN SPADES EIGHT,0.3198,0.024,0.6562
CLUBS TEN DIAMONDS FIVE,0.3548,0.0284,0.6168
DIAMONDS FIVE CLUBS JACK,0.3552,0.0178,0.627
DIAMONDS TEN HEARTS JACK,0.2972,0.0144,0.6884
DIAMONDS TEN HEARTS TEN,0.1378,0.0394,0.8228
SPADES ACE CLUBS NINE,0.2148,0.0244,0.7608
CLUBS NINE SPADES QUEEN,0.2126,0.0486,0.7388
CLUBS NINE SPADES KING,0.219,0.0412,0.7398
HEARTS SIX HEARTS KING,0.33,0.0072,0.6628
DIAMONDS KING SPADES SEVEN,0.3516,0.0086,0.6398
HEARTS THREE SPADES SEVEN,0.5818,0.0476,0.3706
SPADES KING DIAMONDS SEVEN,0.345,0.0078,0.6472
HEARTS SIX HEARTS QUEEN,0.336,0.0116,0.6524
SPADES QUEEN DIAMONDS SEVEN,0.3506,0.0124,0.637
HEARTS THREE SPADES SIX,0.5922,0.0514,0.3564
DIAMONDS KING SPADES SIX,0.3394,0.0088,0.6518
SPADES NINE DIAMONDS KING,0.2294,0.039,0.7316
SPADES NINE HEARTS THREE,0.2606,0.5184,0.221
HEARTS SIX HEARTS ACE,0.3292,0.0026,0.6682
DIAMONDS KING SPADES EIGHT,0.3474,0.0076,0.645
SPADES EIGHT HEARTS THREE,0.6004,0.044,0.3556
SPADES ACE DIAMONDS SEVEN,0.3524,0.0046,0.643
CLUBS NINE HEARTS THREE,0.2606,0.521,0.2184
CLUBS NINE DIAMONDS KING,0.2226,0.0328,0.7446
CLUBS EIGHT HEARTS THREE,0.6092,0.0444,0.3464
CLUBS EIGHT DIAMONDS KING,0.3578,0.007,0.6352
HEARTS THREE SPADES THREE,0.364,0.0902,0.5458
DIAMONDS KING SPADES THREE,0.3914,0.0094,0.5992
HEARTS THREE SPADES TWO,0.6186,0.0508,0.3306
