opposingHand,winningChance,drawChance,lostChance
SPADES QUEEN CLUBS ACE
SPADES TEN HEARTS FIVE,0.674,0.0022,0.3238
SPADES JACK HEARTS FIVE,0.6718,0.0036,0.3246
SPADES FIVE CLUBS JACK,0.6856,0.0048,0.3096
SPADES FIVE CLUBS TEN,0.6828,0.004,0.3132
CLUBS EIGHT CLUBS JACK,0.6178,0.0072,0.375
CLUBS EIGHT CLUBS TEN,0.6036,0.004,0.3924
CLUBS EIGHT CLUBS KING,0.6148,0.0054,0.3798
CLUBS EIGHT CLUBS QUEEN,0.7192,0.014,0.2668
SPADES FIVE CLUBS KING,0.6606,0.0052,0.3342
SPADES FIVE CLUBS QUEEN,0.754,0.0174,0.2286
DIAMONDS TWO DIAMONDS THREE,0.624,0.003,0.373
DIAMONDS TWO DIAMONDS FIVE,0.6008,0.003,0.3962
SPADES KING HEARTS FIVE,0.6286,0.0042,0.3672
DIAMONDS TWO DIAMONDS FOUR,0.617,0.0052,0.3778
DIAMONDS TWO DIAMONDS SEVEN,0.6408,0.0046,0.3546
DIAMONDS TWO DIAMONDS SIX,0.6154,0.0054,0.3792
SPADES ACE HEARTS FIVE,0.6692,0.0702,0.2606
DIAMONDS TWO DIAMONDS NINE,0.633,0.0042,0.3628
DIAMONDS TWO DIAMONDS EIGHT,0.6294,0.0046,0.366
DIAMONDS THREE DIAMONDS FOUR,0.5934,0.003,0.4036
CLUBS TWO SPADES FOUR,0.664,0.0082,0.3278
DIAMONDS THREE DIAMONDS FIVE,0.5928,0.006,0.4012
CLUBS TWO SPADES FIVE,0.6446,0.0054,0.35
CLUBS TWO SPADES TWO,0.4654,0.0066,0.528
CLUBS TWO SPADES THREE,0.6666,0.0066,0.3268
DIAMONDS THREE DIAMONDS EIGHT,0.6104,0.005,0.3846
SPADES EIGHT CLUBS TWO,0.6706,0.0044,0.325
DIAMONDS THREE DIAMONDS NINE,0.616,0.0058,0.3782
SPADES NINE CLUBS TWO,0.6896,0.0062,0.3042
DIAMONDS THREE DIAMONDS SIX,0.601,0.004,0.395
CLUBS TWO SPADES SIX,0.6682,0.0058,0.326
DIAMONDS THREE DIAMONDS SEVEN,0.6148,0.0042,0.381
SPADES SEVEN CLUBS TWO,0.6786,0.0056,0.3158
CLUBS SIX CLUBS TWO,0.6362,0.0064,0.3574
CLUBS SEVEN CLUBS TWO,0.6458,0.0048,0.3494
CLUBS FOUR CLUBS TWO,0.6164,0.0062,0.3774
CLUBS FIVE CLUBS TWO,0.6198,0.0044,0.3758
CLUBS JACK CLUBS TEN,0.6002,0.0046,0.3952
DIAMONDS FOUR DIAMONDS SIX,0.5988,0.0042,0.397
CLUBS QUEEN CLUBS TEN,0.7024,0.0136,0.284
DIAMONDS FOUR DIAMONDS SEVEN,0.6048,0.004,0.3912
CLUBS KING CLUBS TEN,0.5864,0.0048,0.4088
CLUBS EIGHT CLUBS TWO,0.6258,0.0058,0.3684
DIAMONDS FIVE DIAMONDS FOUR,0.6008,0.0052,0.394
CLUBS NINE CLUBS TWO,0.659,0.006,0.335
DIAMONDS NINE DIAMONDS FOUR,0.6204,0.005,0.3746
DIAMONDS EIGHT DIAMONDS FOUR,0.6254,0.0046,0.37
CLUBS TWO CLUBS THREE,0.6266,0.0044,0.369
DIAMONDS NINE DIAMONDS FIVE,0.6158,0.0042,0.38
DIAMONDS TWO CLUBS JACK,0.6804,0.0044,0.3152
DIAMONDS EIGHT DIAMONDS FIVE,0.6068,0.0044,0.3888
DIAMONDS TWO CLUBS TEN,0.6888,0.0046,0.3066
DIAMONDS FIVE DIAMONDS SEVEN,0.5972,0.002,0.4008
DIAMONDS FIVE DIAMONDS SIX,0.5968,0.004,0.3992
DIAMONDS TWO CLUBS KING,0.6688,0.0066,0.3246
DIAMONDS TWO CLUBS QUEEN,0.7558,0.0184,0.2258
DIAMONDS EIGHT DIAMONDS SIX,0.5866,0.0052,0.4082
DIAMONDS NINE DIAMONDS SIX,0.5824,0.0034,0.4142
HEARTS ACE SPADES THREE,0.6842,0.0674,0.2484
HEARTS KING SPADES THREE,0.6466,0.0038,0.3496
DIAMONDS SEVEN DIAMONDS SIX,0.5828,0.0034,0.4138
SPADES THREE HEARTS QUEEN,0.761,0.018,0.221
SPADES THREE HEARTS JACK,0.6876,0.0048,0.3076
SPADES THREE HEARTS TEN,0.681,0.0046,0.3144
DIAMONDS EIGHT DIAMONDS SEVEN,0.581,0.0046,0.4144
DIAMONDS NINE DIAMONDS SEVEN,0.5918,0.0046,0.4036
DIAMONDS NINE DIAMONDS EIGHT,0.587,0.0038,0.4092
DIAMONDS KING HEARTS TEN,0.619,0.0044,0.3766
HEARTS THREE HEARTS TEN,0.633,0.0042,0.3628
SPADES JACK CLUBS SIX,0.6944,0.0054,0.3002
DIAMONDS KING HEARTS JACK,0.6202,0.0026,0.3772
HEARTS THREE HEARTS JACK,0.6282,0.0056,0.3662
CLUBS SIX SPADES TEN,0.6662,0.0058,0.328
SPADES JACK SPADES FIVE,0.6374,0.0066,0.356
SPADES TEN SPADES FIVE,0.6372,0.0066,0.3562
DIAMONDS KING HEARTS ACE,0.2498,0.0474,0.7028
HEARTS THREE HEARTS ACE,0.651,0.0636,0.2854
SPADES ACE CLUBS SIX,0.699,0.0626,0.2384
DIAMONDS KING HEARTS QUEEN,0.7454,0.0098,0.2448
HEARTS THREE HEARTS QUEEN,0.7176,0.0168,0.2656
SPADES KING CLUBS SIX,0.653,0.0026,0.3444
DIAMONDS KING HEARTS KING,0.2794,0.0034,0.7172
HEARTS THREE HEARTS KING,0.602,0.0042,0.3938
SPADES NINE HEARTS TEN,0.6322,0.004,0.3638
SPADES NINE HEARTS JACK,0.6474,0.0042,0.3484
SPADES KING SPADES FIVE,0.6142,0.0054,0.3804
SPADES ACE SPADES FIVE,0.6424,0.0624,0.2952
SPADES NINE HEARTS QUEEN,0.7354,0.0132,0.2514
SPADES NINE HEARTS KING,0.643,0.0034,0.3536
SPADES NINE HEARTS ACE,0.692,0.0708,0.2372
SPADES JACK CLUBS TEN,0.6454,0.0044,0.3502
SPADES TEN CLUBS TEN,0.4446,0.0036,0.5518
SPADES ACE CLUBS TEN,0.7068,0.066,0.2272
SPADES KING CLUBS TEN,0.6222,0.005,0.3728
SPADES FIVE HEARTS QUEEN,0.7572,0.0182,0.2246
SPADES FIVE HEARTS KING,0.6568,0.0042,0.339
SPADES FIVE HEARTS ACE,0.6816,0.065,0.2534
HEARTS THREE SPADES JACK,0.6858,0.0066,0.3076
SPADES JACK DIAMONDS KING,0.6308,0.0024,0.3668
CLUBS EIGHT SPADES TEN,0.64,0.004,0.356
CLUBS EIGHT SPADES JACK,0.6536,0.0048,0.3416
HEARTS THREE SPADES TEN,0.6764,0.0054,0.3182
SPADES TEN DIAMONDS KING,0.633,0.0032,0.3638
SPADES ACE CLUBS EIGHT,0.6904,0.0612,0.2484
HEARTS FIVE CLUBS JACK,0.6654,0.0046,0.33
CLUBS SIX HEARTS ACE,0.702,0.0594,0.2386
HEARTS FIVE CLUBS TEN,0.6824,0.0058,0.3118
SPADES THREE CLUBS TEN,0.6844,0.0048,0.3108
CLUBS SIX HEARTS QUEEN,0.7482,0.018,0.2338
CLUBS EIGHT SPADES KING,0.6446,0.0064,0.349
SPADES THREE CLUBS JACK,0.6892,0.0054,0.3054
CLUBS SIX HEARTS KING,0.6386,0.0032,0.3582
DIAMONDS TWO HEARTS JACK,0.6852,0.005,0.3098
SPADES THREE CLUBS QUEEN,0.7726,0.0158,0.2116
DIAMONDS TWO HEARTS TEN,0.6862,0.0032,0.3106
SPADES THREE CLUBS KING,0.6532,0.0054,0.3414
SPADES FIVE HEARTS TEN,0.6692,0.0034,0.3274
HEARTS FIVE CLUBS KING,0.635,0.0036,0.3614
SPADES FIVE HEARTS JACK,0.675,0.0032,0.3218
HEARTS FIVE CLUBS QUEEN,0.7634,0.0186,0.218
HEARTS THREE CLUBS KING,0.642,0.0044,0.3536
DIAMONDS KING CLUBS KING,0.286,0.0036,0.7104
HEARTS THREE CLUBS QUEEN,0.763,0.0202,0.2168
DIAMONDS KING CLUBS QUEEN,0.7366,0.0102,0.2532
HEARTS FIVE HEARTS JACK,0.631,0.0052,0.3638
HEARTS FIVE HEARTS TEN,0.6266,0.005,0.3684
SPADES ACE CLUBS QUEEN,0.0058,0.9872,0.007
SPADES KING CLUBS QUEEN,0.7414,0.0124,0.2462
HEARTS THREE CLUBS JACK,0.6818,0.004,0.3142
DIAMONDS KING CLUBS JACK,0.6328,0.0042,0.363
HEARTS THREE CLUBS TEN,0.6858,0.0034,0.3108
DIAMONDS KING CLUBS TEN,0.6148,0.0056,0.3796
SPADES JACK CLUBS QUEEN,0.741,0.0172,0.2418
CLUBS SIX CLUBS QUEEN,0.725,0.0178,0.2572
SPADES TEN CLUBS QUEEN,0.7318,0.0138,0.2544
CLUBS SIX CLUBS KING,0.6302,0.0038,0.366
HEARTS FIVE HEARTS KING,0.5982,0.005,0.3968
HEARTS FIVE HEARTS QUEEN,0.7028,0.019,0.2782
CLUBS SIX CLUBS TEN,0.6426,0.0028,0.3546
HEARTS FIVE HEARTS ACE,0.6382,0.0592,0.3026
CLUBS SIX CLUBS JACK,0.6484,0.0054,0.3462
SPADES SEVEN HEARTS JACK,0.669,0.004,0.327
SPADES SEVEN HEARTS TEN,0.6592,0.0056,0.3352
DIAMONDS TWO CLUBS TWO,0.4758,0.006,0.5182
DIAMONDS TWO CLUBS THREE,0.6582,0.0072,0.3346
HEARTS SIX DIAMONDS TWO,0.6678,0.0042,0.328
DIAMONDS TWO HEARTS QUEEN,0.756,0.019,0.225
DIAMONDS TWO HEARTS SEVEN,0.684,0.0042,0.3118
DIAMONDS TWO HEARTS KING,0.6392,0.0058,0.355
DIAMONDS TWO HEARTS EIGHT,0.6664,0.0034,0.3302
DIAMONDS TWO HEARTS ACE,0.6884,0.065,0.2466
DIAMONDS TWO HEARTS NINE,0.6702,0.0064,0.3234
DIAMONDS TWO DIAMONDS QUEEN,0.728,0.0178,0.2542
DIAMONDS TWO HEARTS TWO,0.4688,0.0056,0.5256
DIAMONDS TWO DIAMONDS KING,0.6054,0.0048,0.3898
HEARTS THREE DIAMONDS TWO,0.6568,0.006,0.3372
DIAMONDS TWO DIAMONDS ACE,0.6442,0.0594,0.2964
HEARTS FOUR DIAMONDS TWO,0.6582,0.0054,0.3364
DIAMONDS TWO HEARTS FIVE,0.644,0.004,0.352
SPADES SEVEN HEARTS ACE,0.6946,0.065,0.2404
DIAMONDS TWO DIAMONDS TEN,0.635,0.0064,0.3586
SPADES SEVEN HEARTS KING,0.651,0.0032,0.3458
DIAMONDS TWO DIAMONDS JACK,0.653,0.0048,0.3422
SPADES SEVEN HEARTS QUEEN,0.7524,0.0144,0.2332
DIAMONDS TWO SPADES NINE,0.6782,0.0042,0.3176
DIAMONDS TWO SPADES EIGHT,0.6814,0.005,0.3136
DIAMONDS TWO SPADES SEVEN,0.6756,0.0056,0.3188
DIAMONDS TWO SPADES SIX,0.6624,0.0046,0.333
DIAMONDS TWO SPADES FIVE,0.6588,0.0062,0.335
DIAMONDS TWO SPADES FOUR,0.6538,0.0064,0.3398
DIAMONDS TWO SPADES THREE,0.6656,0.0064,0.328
DIAMONDS TWO SPADES TWO,0.4712,0.0042,0.5246
CLUBS NINE DIAMONDS TWO,0.6804,0.0042,0.3154
CLUBS EIGHT DIAMONDS TWO,0.6696,0.0056,0.3248
DIAMONDS TWO CLUBS SEVEN,0.6808,0.0056,0.3136
CLUBS SIX DIAMONDS TWO,0.6622,0.0046,0.3332
DIAMONDS TWO CLUBS FIVE,0.648,0.0048,0.3472
DIAMONDS TWO CLUBS FOUR,0.6602,0.0076,0.3322
CLUBS FOUR SPADES FIVE,0.626,0.0056,0.3684
CLUBS FOUR SPADES FOUR,0.4578,0.0066,0.5356
CLUBS FOUR SPADES THREE,0.6458,0.0068,0.3474
CLUBS FOUR SPADES TWO,0.6518,0.0062,0.342
SPADES NINE CLUBS FOUR,0.682,0.0054,0.3126
CLUBS FOUR SPADES EIGHT,0.6592,0.003,0.3378
CLUBS FOUR SPADES SEVEN,0.6562,0.0056,0.3382
CLUBS FOUR SPADES SIX,0.6426,0.0046,0.3528
SPADES ACE DIAMONDS SIX,0.6882,0.0642,0.2476
SPADES KING DIAMONDS SIX,0.6348,0.0048,0.3604
SPADES TEN DIAMONDS SIX,0.669,0.0042,0.3268
SPADES JACK DIAMONDS SIX,0.68,0.0032,0.3168
SPADES KING SPADES TWO,0.6188,0.0054,0.3758
SPADES ACE SPADES TWO,0.6508,0.0664,0.2828
DIAMONDS JACK CLUBS JACK,0.4458,0.0036,0.5506
DIAMONDS JACK CLUBS TEN,0.628,0.004,0.368
DIAMONDS JACK CLUBS KING,0.6322,0.0056,0.3622
DIAMONDS JACK CLUBS QUEEN,0.7288,0.014,0.2572
DIAMONDS THREE DIAMONDS JACK,0.6352,0.0038,0.361
DIAMONDS THREE DIAMONDS TEN,0.6238,0.0052,0.371
DIAMONDS THREE DIAMONDS KING,0.6116,0.0032,0.3852
HEARTS THREE DIAMONDS THREE,0.4774,0.0042,0.5184
DIAMONDS THREE DIAMONDS QUEEN,0.7286,0.0172,0.2542
DIAMONDS THREE HEARTS TWO,0.653,0.0036,0.3434
HEARTS FIVE DIAMONDS THREE,0.6366,0.0074,0.356
DIAMONDS THREE DIAMONDS ACE,0.6426,0.0622,0.2952
HEARTS FOUR DIAMONDS THREE,0.6242,0.0046,0.3712
DIAMONDS THREE HEARTS SEVEN,0.659,0.0022,0.3388
SPADES TEN SPADES NINE,0.6044,0.0056,0.39
HEARTS SIX DIAMONDS THREE,0.6358,0.0032,0.361
SPADES JACK SPADES NINE,0.6072,0.0044,0.3884
DIAMONDS THREE HEARTS NINE,0.6762,0.0046,0.3192
HEARTS JACK DIAMONDS FOUR,0.671,0.005,0.324
HEARTS KING HEARTS ACE,0.2382,0.0452,0.7166
SPADES TEN SPADES TWO,0.6518,0.0044,0.3438
DIAMONDS THREE HEARTS EIGHT,0.6726,0.0042,0.3232
HEARTS TEN DIAMONDS FOUR,0.6786,0.0036,0.3178
SPADES JACK SPADES TWO,0.6552,0.0062,0.3386
HEARTS QUEEN DIAMONDS FOUR,0.7488,0.0174,0.2338
HEARTS KING DIAMONDS FOUR,0.651,0.0038,0.3452
SPADES ACE SPADES NINE,0.6554,0.0606,0.284
HEARTS ACE DIAMONDS FOUR,0.6668,0.0658,0.2674
SPADES KING SPADES NINE,0.5892,0.0056,0.4052
DIAMONDS THREE SPADES NINE,0.6664,0.0056,0.328
DIAMONDS THREE SPADES EIGHT,0.6736,0.0046,0.3218
DIAMONDS THREE SPADES SEVEN,0.6664,0.0052,0.3284
DIAMONDS THREE SPADES SIX,0.6504,0.0034,0.3462
CLUBS SIX DIAMONDS THREE,0.641,0.0044,0.3546
CLUBS SIX CLUBS FIVE,0.5984,0.0042,0.3974
CLUBS SEVEN CLUBS FIVE,0.6264,0.0044,0.3692
CLUBS SEVEN DIAMONDS THREE,0.6724,0.0026,0.325
DIAMONDS THREE CLUBS FOUR,0.6394,0.0054,0.3552
CLUBS QUEEN DIAMONDS FOUR,0.7538,0.0174,0.2288
DIAMONDS THREE CLUBS FIVE,0.6318,0.005,0.3632
CLUBS KING DIAMONDS FOUR,0.636,0.0064,0.3576
DIAMONDS THREE CLUBS TWO,0.6626,0.0068,0.3306
DIAMONDS FOUR CLUBS TEN,0.675,0.003,0.322
DIAMONDS THREE CLUBS THREE,0.48,0.0078,0.5122
DIAMONDS FOUR CLUBS JACK,0.6802,0.003,0.3168
DIAMONDS THREE SPADES FOUR,0.636,0.004,0.36
DIAMONDS THREE SPADES FIVE,0.6426,0.0048,0.3526
DIAMONDS THREE SPADES TWO,0.6524,0.006,0.3416
DIAMONDS THREE SPADES THREE,0.4674,0.0046,0.528
CLUBS EIGHT DIAMONDS THREE,0.671,0.0052,0.3238
CLUBS NINE DIAMONDS THREE,0.6734,0.006,0.3206
SPADES SEVEN CLUBS QUEEN,0.77,0.0176,0.2124
SPADES SEVEN CLUBS KING,0.6646,0.005,0.3304
CLUBS FIVE SPADES SEVEN,0.6442,0.0046,0.3512
SPADES SEVEN CLUBS TEN,0.6676,0.0052,0.3272
CLUBS FIVE SPADES SIX,0.6184,0.0066,0.375
SPADES SEVEN CLUBS JACK,0.6706,0.005,0.3244
SPADES NINE CLUBS FIVE,0.6768,0.004,0.3192
SPADES EIGHT CLUBS FIVE,0.6446,0.0052,0.3502
CLUBS FIVE SPADES THREE,0.6394,0.0068,0.3538
CLUBS FIVE SPADES TWO,0.6672,0.0062,0.3266
CLUBS FIVE SPADES FIVE,0.4694,0.0046,0.526
CLUBS FIVE SPADES FOUR,0.629,0.0042,0.3668
CLUBS NINE CLUBS FIVE,0.6238,0.0046,0.3716
CLUBS EIGHT CLUBS FIVE,0.6196,0.0056,0.3748
CLUBS KING CLUBS QUEEN,0.7052,0.0112,0.2836
DIAMONDS TEN DIAMONDS FOUR,0.6464,0.0048,0.3488
DIAMONDS NINE CLUBS TEN,0.6314,0.0032,0.3654
DIAMONDS JACK DIAMONDS FOUR,0.6198,0.0036,0.3766
DIAMONDS NINE CLUBS JACK,0.6356,0.003,0.3614
SPADES NINE CLUBS JACK,0.6538,0.003,0.3432
SPADES NINE CLUBS TEN,0.6272,0.0048,0.368
DIAMONDS ACE DIAMONDS FOUR,0.6278,0.0656,0.3066
HEARTS FOUR DIAMONDS FOUR,0.4728,0.0044,0.5228
DIAMONDS JACK HEARTS TEN,0.6362,0.0044,0.3594
SPADES NINE CLUBS KING,0.6452,0.0034,0.3514
DIAMONDS TWO SPADES TEN,0.6858,0.0056,0.3086
HEARTS FIVE DIAMONDS FOUR,0.632,0.0042,0.3638
HEARTS JACK DIAMONDS JACK,0.4266,0.0032,0.5702
SPADES NINE CLUBS QUEEN,0.753,0.0184,0.2286
SPADES JACK DIAMONDS TWO,0.6866,0.0048,0.3086
DIAMONDS QUEEN DIAMONDS FOUR,0.7054,0.0176,0.277
HEARTS TWO DIAMONDS FOUR,0.6408,0.0044,0.3548
DIAMONDS NINE CLUBS QUEEN,0.7416,0.0148,0.2436
DIAMONDS KING DIAMONDS FOUR,0.607,0.0038,0.3892
HEARTS THREE DIAMONDS FOUR,0.6434,0.0046,0.352
DIAMONDS NINE CLUBS KING,0.6302,0.004,0.3658
HEARTS ACE DIAMONDS JACK,0.692,0.0672,0.2408
SPADES ACE DIAMONDS TWO,0.6864,0.0702,0.2434
DIAMONDS JACK HEARTS QUEEN,0.7372,0.0108,0.252
HEARTS KING DIAMONDS JACK,0.6178,0.0028,0.3794
SPADES KING DIAMONDS TWO,0.6522,0.0054,0.3424
SPADES JACK SPADES SEVEN,0.6364,0.0052,0.3584
SPADES TEN SPADES SEVEN,0.619,0.0052,0.3758
CLUBS SEVEN CLUBS THREE,0.6262,0.0058,0.368
CLUBS SIX CLUBS THREE,0.6176,0.005,0.3774
CLUBS FIVE CLUBS THREE,0.6148,0.0036,0.3816
CLUBS FOUR CLUBS THREE,0.6018,0.0058,0.3924
CLUBS NINE CLUBS THREE,0.633,0.0068,0.3602
CLUBS EIGHT CLUBS THREE,0.6474,0.0058,0.3468
CLUBS THREE SPADES FIVE,0.6506,0.0046,0.3448
CLUBS THREE SPADES FOUR,0.6388,0.0072,0.354
CLUBS THREE SPADES THREE,0.4682,0.0054,0.5264
CLUBS THREE SPADES TWO,0.6574,0.0058,0.3368
SPADES SIX CLUBS THREE,0.6622,0.004,0.3338
SPADES SEVEN CLUBS THREE,0.6528,0.0044,0.3428
SPADES EIGHT CLUBS THREE,0.6744,0.0072,0.3184
SPADES NINE CLUBS THREE,0.6836,0.0042,0.3122
SPADES TWO DIAMONDS FOUR,0.6438,0.0042,0.352
SPADES THREE DIAMONDS FOUR,0.6496,0.0052,0.3452
SPADES FOUR DIAMONDS FOUR,0.4666,0.004,0.5294
SPADES FIVE DIAMONDS FOUR,0.6192,0.0044,0.3764
SPADES SIX DIAMONDS FOUR,0.643,0.003,0.354
SPADES SEVEN DIAMONDS FOUR,0.646,0.004,0.35
SPADES EIGHT DIAMONDS FOUR,0.6738,0.0052,0.321
SPADES NINE DIAMONDS FOUR,0.6784,0.0042,0.3174
CLUBS FIVE DIAMONDS FOUR,0.6242,0.0062,0.3696
CLUBS FOUR DIAMONDS FOUR,0.4648,0.0062,0.529
CLUBS SEVEN DIAMONDS FOUR,0.6484,0.0052,0.3464
CLUBS SIX DIAMONDS FOUR,0.633,0.0028,0.3642
CLUBS NINE DIAMONDS FOUR,0.671,0.0054,0.3236
CLUBS EIGHT DIAMONDS FOUR,0.6614,0.005,0.3336
DIAMONDS FOUR HEARTS SEVEN,0.6376,0.0042,0.3582
HEARTS SIX DIAMONDS FOUR,0.6386,0.0024,0.359
HEARTS NINE DIAMONDS FOUR,0.6822,0.0044,0.3134
DIAMONDS FOUR HEARTS EIGHT,0.6664,0.0024,0.3312
CLUBS THREE DIAMONDS FOUR,0.6374,0.0054,0.3572
CLUBS TWO DIAMONDS FOUR,0.6584,0.0056,0.336
DIAMONDS TEN DIAMONDS FIVE,0.6328,0.0042,0.363
DIAMONDS JACK DIAMONDS FIVE,0.6332,0.0044,0.3624
DIAMONDS NINE HEARTS QUEEN,0.7312,0.0154,0.2534
HEARTS KING DIAMONDS NINE,0.645,0.0034,0.3516
DIAMONDS NINE HEARTS ACE,0.6928,0.0616,0.2456
DIAMONDS NINE HEARTS TEN,0.638,0.0038,0.3582
DIAMONDS NINE HEARTS JACK,0.6336,0.003,0.3634
CLUBS KING DIAMONDS SIX,0.6514,0.0046,0.344
CLUBS QUEEN DIAMONDS SIX,0.7536,0.0128,0.2336
SPADES KING DIAMONDS FOUR,0.652,0.0052,0.3428
SPADES ACE SPADES SEVEN,0.6668,0.0562,0.277
CLUBS JACK DIAMONDS SIX,0.6854,0.0038,0.3108
SPADES KING SPADES SEVEN,0.6082,0.0058,0.386
SPADES ACE DIAMONDS FOUR,0.679,0.0622,0.2588
CLUBS TEN DIAMONDS SIX,0.6686,0.0054,0.326
CLUBS NINE CLUBS FOUR,0.644,0.0048,0.3512
CLUBS EIGHT CLUBS FOUR,0.6306,0.0054,0.364
SPADES JACK DIAMONDS FOUR,0.6928,0.0048,0.3024
SPADES TEN DIAMONDS FOUR,0.6816,0.0032,0.3152
CLUBS FOUR CLUBS FIVE,0.5974,0.0026,0.4
CLUBS SEVEN CLUBS FOUR,0.6184,0.0052,0.3764
CLUBS SIX CLUBS FOUR,0.6144,0.0046,0.381
CLUBS SEVEN SPADES EIGHT,0.628,0.0042,0.3678
CLUBS SEVEN SPADES NINE,0.65,0.0048,0.3452
CLUBS SEVEN SPADES SIX,0.6226,0.005,0.3724
CLUBS SEVEN SPADES SEVEN,0.479,0.004,0.517
CLUBS SEVEN SPADES FIVE,0.6362,0.0044,0.3594
CLUBS SEVEN SPADES FOUR,0.653,0.0058,0.3412
CLUBS SEVEN SPADES THREE,0.681,0.0044,0.3146
CLUBS SEVEN SPADES TWO,0.6792,0.0072,0.3136
CLUBS NINE CLUBS SEVEN,0.6116,0.006,0.3824
CLUBS EIGHT CLUBS SEVEN,0.593,0.004,0.403
HEARTS SIX DIAMONDS FIVE,0.6178,0.0022,0.38
DIAMONDS FIVE HEARTS SEVEN,0.6408,0.0028,0.3564
DIAMONDS FIVE HEARTS EIGHT,0.6464,0.0046,0.349
HEARTS NINE DIAMONDS FIVE,0.658,0.0062,0.3358
DIAMONDS QUEEN DIAMONDS FIVE,0.7156,0.0154,0.269
HEARTS TWO DIAMONDS FIVE,0.6422,0.0034,0.3544
HEARTS KING HEARTS EIGHT,0.6084,0.005,0.3866
DIAMONDS KING DIAMONDS FIVE,0.6012,0.007,0.3918
HEARTS THREE DIAMONDS FIVE,0.624,0.005,0.371
HEARTS QUEEN HEARTS EIGHT,0.6968,0.0148,0.2884
DIAMONDS ACE DIAMONDS FIVE,0.6412,0.0628,0.296
HEARTS FOUR DIAMONDS FIVE,0.6112,0.0046,0.3842
HEARTS FIVE DIAMONDS FIVE,0.4708,0.0044,0.5248
HEARTS ACE HEARTS EIGHT,0.649,0.0674,0.2836
CLUBS FOUR DIAMONDS FIVE,0.6174,0.004,0.3786
CLUBS FIVE DIAMONDS FIVE,0.457,0.0034,0.5396
CLUBS SIX DIAMONDS FIVE,0.6236,0.004,0.3724
CLUBS SEVEN DIAMONDS FIVE,0.6374,0.0046,0.358
CLUBS TWO DIAMONDS FIVE,0.6544,0.0048,0.3408
CLUBS THREE DIAMONDS FIVE,0.644,0.0046,0.3514
SPADES THREE DIAMONDS FIVE,0.631,0.004,0.365
SPADES TWO DIAMONDS FIVE,0.6548,0.0054,0.3398
SPADES JACK DIAMONDS EIGHT,0.6582,0.0044,0.3374
SPADES FIVE DIAMONDS FIVE,0.4738,0.0054,0.5208
HEARTS JACK CLUBS TEN,0.6322,0.0042,0.3636
SPADES TEN DIAMONDS EIGHT,0.644,0.0036,0.3524
SPADES FOUR DIAMONDS FIVE,0.621,0.0032,0.3758
HEARTS JACK CLUBS JACK,0.4322,0.0036,0.5642
HEARTS JACK CLUBS QUEEN,0.7246,0.017,0.2584
CLUBS NINE DIAMONDS FIVE,0.6628,0.0056,0.3316
HEARTS JACK CLUBS KING,0.6352,0.0062,0.3586
CLUBS EIGHT DIAMONDS FIVE,0.6404,0.004,0.3556
SPADES SEVEN DIAMONDS FIVE,0.622,0.0038,0.3742
SPADES KING DIAMONDS EIGHT,0.645,0.0038,0.3512
SPADES SIX DIAMONDS FIVE,0.6268,0.0062,0.367
SPADES NINE DIAMONDS FIVE,0.6752,0.0048,0.32
SPADES EIGHT DIAMONDS FIVE,0.6438,0.0044,0.3518
SPADES ACE DIAMONDS EIGHT,0.6894,0.062,0.2486
DIAMONDS TEN DIAMONDS SIX,0.6036,0.0052,0.3912
HEARTS ACE DIAMONDS SEVEN,0.6794,0.0614,0.2592
DIAMONDS JACK DIAMONDS SIX,0.6336,0.0042,0.3622
HEARTS QUEEN DIAMONDS SEVEN,0.744,0.014,0.242
HEARTS KING DIAMONDS SEVEN,0.6434,0.0032,0.3534
DIAMONDS ACE DIAMONDS SIX,0.6532,0.0588,0.288
HEARTS FOUR DIAMONDS SIX,0.6334,0.0038,0.3628
HEARTS JACK SPADES TWO,0.6856,0.0036,0.3108
HEARTS FIVE DIAMONDS SIX,0.6214,0.0032,0.3754
SPADES TWO HEARTS TEN,0.6868,0.0046,0.3086
DIAMONDS QUEEN DIAMONDS SIX,0.6936,0.013,0.2934
HEARTS TWO DIAMONDS SIX,0.6666,0.0048,0.3286
DIAMONDS KING DIAMONDS SIX,0.5968,0.0034,0.3998
HEARTS THREE DIAMONDS SIX,0.645,0.0034,0.3516
HEARTS EIGHT DIAMONDS SIX,0.6412,0.002,0.3568
HEARTS NINE DIAMONDS SIX,0.646,0.0018,0.3522
HEARTS SIX DIAMONDS SIX,0.4684,0.0036,0.528
HEARTS SEVEN DIAMONDS SIX,0.6192,0.0022,0.3786
HEARTS TEN DIAMONDS SEVEN,0.6416,0.0026,0.3558
CLUBS TWO DIAMONDS SIX,0.6652,0.0036,0.3312
HEARTS JACK DIAMONDS SEVEN,0.6576,0.0032,0.3392
CLUBS THREE DIAMONDS SIX,0.6498,0.005,0.3452
DIAMONDS EIGHT CLUBS JACK,0.6482,0.0034,0.3484
CLUBS SEVEN DIAMONDS SIX,0.6296,0.004,0.3664
CLUBS SIX DIAMONDS SIX,0.4722,0.004,0.5238
DIAMONDS EIGHT CLUBS TEN,0.6506,0.0042,0.3452
CLUBS FIVE DIAMONDS SIX,0.63,0.005,0.365
CLUBS FOUR DIAMONDS SIX,0.6484,0.004,0.3476
HEARTS ACE HEARTS JACK,0.6588,0.06,0.2812
HEARTS JACK HEARTS QUEEN,0.676,0.0144,0.3096
DIAMONDS EIGHT CLUBS KING,0.6476,0.0034,0.349
CLUBS NINE DIAMONDS SIX,0.6578,0.0026,0.3396
HEARTS KING HEARTS JACK,0.5996,0.0028,0.3976
DIAMONDS EIGHT CLUBS QUEEN,0.744,0.0136,0.2424
CLUBS EIGHT DIAMONDS SIX,0.6406,0.0048,0.3546
SPADES TEN HEARTS KING,0.6316,0.0052,0.3632
SPADES FIVE DIAMONDS SIX,0.6304,0.0046,0.365
HEARTS ACE SPADES TWO,0.6822,0.0752,0.2426
SPADES JACK HEARTS KING,0.6254,0.0064,0.3682
SPADES FOUR DIAMONDS SIX,0.641,0.005,0.354
SPADES THREE DIAMONDS SIX,0.6486,0.0066,0.3448
SPADES TWO HEARTS QUEEN,0.773,0.0182,0.2088
SPADES ACE SPADES KING,0.2234,0.0456,0.731
HEARTS KING SPADES TWO,0.6552,0.005,0.3398
SPADES TWO DIAMONDS SIX,0.664,0.0036,0.3324
HEARTS TEN HEARTS EIGHT,0.5932,0.0048,0.402
SPADES NINE DIAMONDS SIX,0.6398,0.0054,0.3548
HEARTS JACK HEARTS EIGHT,0.6184,0.0032,0.3784
SPADES EIGHT DIAMONDS SIX,0.6372,0.002,0.3608
SPADES SEVEN DIAMONDS SIX,0.6228,0.0042,0.373
SPADES SIX DIAMONDS SIX,0.4782,0.002,0.5198
SPADES KING HEARTS KING,0.269,0.0048,0.7262
SPADES ACE HEARTS KING,0.2416,0.0522,0.7062
SPADES ACE HEARTS JACK,0.6892,0.0644,0.2464
SPADES KING HEARTS JACK,0.629,0.0032,0.3678
SPADES TEN DIAMONDS TEN,0.4382,0.0032,0.5586
SPADES JACK DIAMONDS TEN,0.6292,0.0042,0.3666
SPADES ACE DIAMONDS TEN,0.699,0.0558,0.2452
SPADES JACK HEARTS JACK,0.4354,0.0042,0.5604
SPADES TEN HEARTS JACK,0.6266,0.0024,0.371
SPADES KING DIAMONDS TEN,0.6232,0.0026,0.3742
SPADES NINE DIAMONDS SEVEN,0.6578,0.0026,0.3396
SPADES EIGHT DIAMONDS SEVEN,0.6356,0.003,0.3614
SPADES SEVEN DIAMONDS SEVEN,0.4676,0.0046,0.5278
SPADES SIX DIAMONDS SEVEN,0.6468,0.0056,0.3476
DIAMONDS KING DIAMONDS SEVEN,0.6014,0.0048,0.3938
HEARTS THREE DIAMONDS SEVEN,0.6626,0.0044,0.333
HEARTS KING DIAMONDS FIVE,0.6418,0.0048,0.3534
DIAMONDS QUEEN DIAMONDS SEVEN,0.7066,0.0146,0.2788
HEARTS TWO DIAMONDS SEVEN,0.6672,0.0048,0.328
HEARTS QUEEN DIAMONDS FIVE,0.7558,0.0148,0.2294
HEARTS FIVE DIAMONDS SEVEN,0.6354,0.0034,0.3612
DIAMONDS ACE DIAMONDS SEVEN,0.648,0.0628,0.2892
HEARTS FOUR DIAMONDS SEVEN,0.6532,0.0042,0.3426
HEARTS ACE DIAMONDS FIVE,0.6778,0.064,0.2582
HEARTS SEVEN DIAMONDS SEVEN,0.4658,0.0028,0.5314
HEARTS SIX DIAMONDS SEVEN,0.6322,0.0028,0.365
HEARTS NINE DIAMONDS SEVEN,0.6384,0.0034,0.3582
DIAMONDS SEVEN HEARTS EIGHT,0.6128,0.0044,0.3828
DIAMONDS JACK DIAMONDS SEVEN,0.6046,0.004,0.3914
HEARTS JACK DIAMONDS FIVE,0.6576,0.0048,0.3376
DIAMONDS TEN DIAMONDS SEVEN,0.6242,0.0034,0.3724
DIAMONDS FIVE HEARTS TEN,0.6556,0.004,0.3404
SPADES KING CLUBS TWO,0.6468,0.0058,0.3474
HEARTS KING CLUBS KING,0.2848,0.0054,0.7098
CLUBS EIGHT DIAMONDS SEVEN,0.64,0.0054,0.3546
HEARTS KING CLUBS QUEEN,0.7512,0.0102,0.2386
CLUBS NINE DIAMONDS SEVEN,0.6394,0.0028,0.3578
SPADES TWO CLUBS JACK,0.6874,0.005,0.3076
SPADES ACE CLUBS TWO,0.6898,0.0664,0.2438
SPADES TWO CLUBS TEN,0.686,0.0042,0.3098
CLUBS SIX CLUBS SEVEN,0.5974,0.0034,0.3992
SPADES TWO CLUBS KING,0.6552,0.0056,0.3392
SPADES TWO DIAMONDS SEVEN,0.6786,0.0056,0.3158
CLUBS EIGHT CLUBS SIX,0.603,0.003,0.394
SPADES THREE DIAMONDS SEVEN,0.66,0.0052,0.3348
SPADES TWO CLUBS QUEEN,0.7798,0.0206,0.1996
CLUBS NINE CLUBS SIX,0.6318,0.0038,0.3644
SPADES FOUR DIAMONDS SEVEN,0.6352,0.0046,0.3602
HEARTS KING CLUBS JACK,0.6182,0.004,0.3778
SPADES FIVE DIAMONDS SEVEN,0.6544,0.003,0.3426
HEARTS KING CLUBS TEN,0.6282,0.005,0.3668
CLUBS SIX SPADES TWO,0.6746,0.0048,0.3206
CLUBS SIX SPADES THREE,0.6668,0.0052,0.328
CLUBS TWO DIAMONDS SEVEN,0.6738,0.0064,0.3198
CLUBS SIX SPADES FOUR,0.6452,0.0068,0.348
CLUBS THREE DIAMONDS SEVEN,0.6602,0.0038,0.336
CLUBS SIX SPADES FIVE,0.6346,0.0066,0.3588
CLUBS FOUR DIAMONDS SEVEN,0.6594,0.0046,0.336
CLUBS SIX SPADES SIX,0.4698,0.0056,0.5246
CLUBS FIVE DIAMONDS SEVEN,0.6402,0.0048,0.355
CLUBS SIX SPADES SEVEN,0.6412,0.004,0.3548
CLUBS SIX DIAMONDS SEVEN,0.6246,0.0032,0.3722
CLUBS SIX SPADES EIGHT,0.642,0.0052,0.3528
SPADES JACK CLUBS TWO,0.6966,0.0052,0.2982
CLUBS SIX SPADES NINE,0.6554,0.0036,0.341
SPADES TEN CLUBS TWO,0.6728,0.0072,0.32
CLUBS SEVEN DIAMONDS SEVEN,0.4652,0.0028,0.532
CLUBS TWO CLUBS QUEEN,0.7304,0.0194,0.2502
CLUBS TWO CLUBS KING,0.6248,0.005,0.3702
CLUBS THREE DIAMONDS EIGHT,0.6716,0.0044,0.324
CLUBS TWO DIAMONDS EIGHT,0.664,0.0044,0.3316
DIAMONDS EIGHT HEARTS SEVEN,0.6226,0.0028,0.3746
HEARTS SIX DIAMONDS EIGHT,0.6342,0.0018,0.364
DIAMONDS EIGHT HEARTS NINE,0.6218,0.004,0.3742
CLUBS TWO CLUBS TEN,0.6548,0.0058,0.3394
DIAMONDS EIGHT HEARTS EIGHT,0.4632,0.0036,0.5332
CLUBS TWO CLUBS JACK,0.647,0.006,0.347
CLUBS NINE DIAMONDS EIGHT,0.6336,0.0052,0.3612
CLUBS EIGHT DIAMONDS EIGHT,0.4558,0.0046,0.5396
CLUBS FIVE DIAMONDS EIGHT,0.6568,0.0058,0.3374
SPADES ACE SPADES THREE,0.6428,0.064,0.2932
CLUBS FOUR DIAMONDS EIGHT,0.6486,0.0048,0.3466
CLUBS SEVEN DIAMONDS EIGHT,0.6234,0.0026,0.374
CLUBS SIX DIAMONDS EIGHT,0.6422,0.0022,0.3556
SPADES KING SPADES THREE,0.625,0.0058,0.3692
DIAMONDS QUEEN DIAMONDS EIGHT,0.6914,0.013,0.2956
HEARTS TWO DIAMONDS EIGHT,0.664,0.0052,0.3308
DIAMONDS KING DIAMONDS EIGHT,0.604,0.0036,0.3924
HEARTS THREE DIAMONDS EIGHT,0.6614,0.0036,0.335
DIAMONDS ACE DIAMONDS EIGHT,0.6532,0.0558,0.291
HEARTS FOUR DIAMONDS EIGHT,0.6388,0.0036,0.3576
HEARTS FIVE DIAMONDS EIGHT,0.6392,0.0014,0.3594
DIAMONDS EIGHT DIAMONDS TEN,0.6036,0.0034,0.393
DIAMONDS EIGHT DIAMONDS JACK,0.622,0.0036,0.3744
SPADES JACK SPADES THREE,0.6512,0.0046,0.3442
SPADES TEN SPADES THREE,0.6414,0.0054,0.3532
CLUBS FOUR HEARTS ACE,0.684,0.0614,0.2546
CLUBS FOUR HEARTS QUEEN,0.7554,0.017,0.2276
CLUBS FOUR HEARTS KING,0.643,0.0056,0.3514
CLUBS SIX HEARTS TEN,0.6774,0.0044,0.3182
CLUBS SIX HEARTS JACK,0.6812,0.0038,0.315
SPADES FOUR DIAMONDS EIGHT,0.6566,0.004,0.3394
SPADES FIVE DIAMONDS EIGHT,0.6462,0.0042,0.3496
DIAMONDS EIGHT SPADES TWO,0.6682,0.0054,0.3264
DIAMONDS EIGHT SPADES THREE,0.6758,0.0026,0.3216
CLUBS FOUR HEARTS JACK,0.6774,0.0044,0.3182
SPADES EIGHT DIAMONDS EIGHT,0.4666,0.0042,0.5292
SPADES JACK HEARTS EIGHT,0.6648,0.004,0.3312
SPADES TEN HEARTS TWO,0.6848,0.0056,0.3096
SPADES TEN DIAMONDS QUEEN,0.7336,0.017,0.2494
CLUBS FOUR HEARTS TEN,0.672,0.005,0.323
SPADES NINE DIAMONDS EIGHT,0.632,0.0036,0.3644
SPADES JACK HEARTS TWO,0.6838,0.0062,0.31
SPADES JACK DIAMONDS QUEEN,0.7332,0.0166,0.2502
SPADES TEN HEARTS EIGHT,0.6462,0.0036,0.3502
SPADES SIX DIAMONDS EIGHT,0.6376,0.0032,0.3592
SPADES SEVEN DIAMONDS EIGHT,0.6338,0.004,0.3622
SPADES ACE HEARTS TWO,0.678,0.0714,0.2506
SPADES ACE DIAMONDS QUEEN,0.0128,0.968,0.0192
SPADES ACE HEARTS EIGHT,0.6798,0.0626,0.2576
SPADES KING HEARTS EIGHT,0.6378,0.0044,0.3578
SPADES KING DIAMONDS QUEEN,0.736,0.0102,0.2538
SPADES KING HEARTS TWO,0.6422,0.006,0.3518
CLUBS TWO HEARTS TEN,0.6842,0.0038,0.312
CLUBS TWO HEARTS JACK,0.6864,0.0044,0.3092
SPADES SEVEN DIAMONDS NINE,0.6496,0.0024,0.348
SPADES SIX DIAMONDS NINE,0.6544,0.0042,0.3414
SPADES NINE DIAMONDS NINE,0.4534,0.0046,0.542
SPADES EIGHT DIAMONDS NINE,0.6294,0.005,0.3656
SPADES TEN CLUBS KING,0.6268,0.0056,0.3676
DIAMONDS NINE SPADES THREE,0.6702,0.0038,0.326
SPADES JACK CLUBS KING,0.6414,0.006,0.3526
DIAMONDS NINE SPADES TWO,0.6758,0.0028,0.3214
SPADES FIVE DIAMONDS NINE,0.6598,0.0044,0.3358
DIAMONDS NINE SPADES FOUR,0.6742,0.0036,0.3222
CLUBS NINE DIAMONDS NINE,0.4514,0.0056,0.543
CLUBS EIGHT DIAMONDS NINE,0.6266,0.0048,0.3686
CLUBS SIX DIAMONDS NINE,0.6458,0.0036,0.3506
SPADES JACK CLUBS FOUR,0.684,0.0054,0.3106
SPADES TEN CLUBS FOUR,0.689,0.0044,0.3066
CLUBS SEVEN DIAMONDS NINE,0.6426,0.0026,0.3548
CLUBS FOUR DIAMONDS NINE,0.6784,0.005,0.3166
CLUBS FIVE DIAMONDS NINE,0.658,0.0052,0.3368
CLUBS TWO DIAMONDS NINE,0.6784,0.0034,0.3182
CLUBS THREE DIAMONDS NINE,0.6744,0.0056,0.32
DIAMONDS NINE HEARTS EIGHT,0.6188,0.004,0.3772
DIAMONDS NINE HEARTS NINE,0.4622,0.0026,0.5352
HEARTS SIX DIAMONDS NINE,0.6394,0.003,0.3576
DIAMONDS NINE HEARTS SEVEN,0.6414,0.0034,0.3552
CLUBS EIGHT CLUBS NINE,0.602,0.0054,0.3926
DIAMONDS ACE DIAMONDS NINE,0.6476,0.0572,0.2952
HEARTS FOUR DIAMONDS NINE,0.6552,0.0056,0.3392
HEARTS FIVE DIAMONDS NINE,0.6674,0.0038,0.3288
CLUBS TWO HEARTS ACE,0.6866,0.0652,0.2482
SPADES ACE CLUBS FOUR,0.6866,0.0632,0.2502
DIAMONDS QUEEN DIAMONDS NINE,0.6872,0.0142,0.2986
HEARTS TWO DIAMONDS NINE,0.6762,0.005,0.3188
CLUBS TWO HEARTS KING,0.648,0.0054,0.3466
SPADES KING CLUBS FOUR,0.6556,0.006,0.3384
DIAMONDS KING DIAMONDS NINE,0.603,0.0054,0.3916
HEARTS THREE DIAMONDS NINE,0.6644,0.0032,0.3324
CLUBS TWO HEARTS QUEEN,0.7552,0.021,0.2238
DIAMONDS NINE DIAMONDS JACK,0.6012,0.0052,0.3936
CLUBS EIGHT SPADES NINE,0.626,0.0046,0.3694
DIAMONDS NINE DIAMONDS TEN,0.5892,0.0044,0.4064
CLUBS EIGHT SPADES EIGHT,0.4712,0.0042,0.5246
CLUBS EIGHT SPADES SEVEN,0.6286,0.0052,0.3662
CLUBS EIGHT SPADES SIX,0.6448,0.0064,0.3488
CLUBS EIGHT SPADES FIVE,0.6536,0.0068,0.3396
CLUBS EIGHT SPADES FOUR,0.6568,0.0046,0.3386
CLUBS EIGHT SPADES THREE,0.6782,0.0048,0.317
CLUBS EIGHT SPADES TWO,0.6818,0.0034,0.3148
HEARTS SIX DIAMONDS TEN,0.6618,0.0028,0.3354
DIAMONDS TEN HEARTS SEVEN,0.6544,0.0032,0.3424
DIAMONDS TEN HEARTS EIGHT,0.6366,0.0036,0.3598
CLUBS FOUR CLUBS JACK,0.6506,0.0062,0.3432
DIAMONDS TEN HEARTS NINE,0.6272,0.0028,0.37
CLUBS FOUR CLUBS TEN,0.6396,0.0054,0.355
CLUBS FOUR CLUBS KING,0.616,0.0056,0.3784
CLUBS FOUR CLUBS QUEEN,0.7242,0.0144,0.2614
CLUBS TWO DIAMONDS TEN,0.6786,0.0056,0.3158
CLUBS THREE DIAMONDS TEN,0.6864,0.0052,0.3084
DIAMONDS JACK DIAMONDS TEN,0.587,0.0038,0.4092
DIAMONDS QUEEN DIAMONDS TEN,0.6866,0.0128,0.3006
HEARTS TWO DIAMONDS TEN,0.688,0.0046,0.3074
DIAMONDS KING DIAMONDS TEN,0.5854,0.005,0.4096
HEARTS THREE DIAMONDS TEN,0.6822,0.0034,0.3144
DIAMONDS ACE DIAMONDS TEN,0.6638,0.0614,0.2748
HEARTS FOUR DIAMONDS TEN,0.657,0.0034,0.3396
CLUBS EIGHT HEARTS JACK,0.6502,0.0054,0.3444
HEARTS FIVE DIAMONDS TEN,0.6684,0.004,0.3276
CLUBS EIGHT HEARTS TEN,0.6424,0.0046,0.353
CLUBS EIGHT HEARTS QUEEN,0.7558,0.0154,0.2288
CLUBS EIGHT HEARTS KING,0.6474,0.0036,0.349
CLUBS EIGHT HEARTS ACE,0.6966,0.0642,0.2392
CLUBS NINE SPADES THREE,0.6842,0.0044,0.3114
CLUBS NINE SPADES TWO,0.6802,0.0054,0.3144
CLUBS NINE SPADES FIVE,0.6624,0.0052,0.3324
CLUBS NINE SPADES FOUR,0.6782,0.0044,0.3174
CLUBS NINE SPADES SEVEN,0.6506,0.0048,0.3446
CLUBS NINE SPADES SIX,0.6546,0.0044,0.341
CLUBS NINE SPADES NINE,0.4806,0.0056,0.5138
CLUBS TEN HEARTS EIGHT,0.6322,0.0042,0.3636
CLUBS NINE SPADES EIGHT,0.6374,0.0044,0.3582
CLUBS JACK HEARTS EIGHT,0.6546,0.0036,0.3418
CLUBS QUEEN HEARTS EIGHT,0.743,0.0144,0.2426
CLUBS KING HEARTS EIGHT,0.651,0.0044,0.3446
SPADES KING CLUBS KING,0.2746,0.005,0.7204
SPADES ACE CLUBS KING,0.2452,0.0446,0.7102
DIAMONDS ACE HEARTS TEN,0.6988,0.0604,0.2408
HEARTS FOUR HEARTS TEN,0.6248,0.004,0.3712
DIAMONDS ACE HEARTS JACK,0.7022,0.0584,0.2394
HEARTS FOUR HEARTS JACK,0.6414,0.0056,0.353
SPADES KING CLUBS FIVE,0.6508,0.0058,0.3434
SPADES ACE CLUBS FIVE,0.6808,0.0676,0.2516
DIAMONDS JACK HEARTS SEVEN,0.6574,0.0042,0.3384
HEARTS SIX DIAMONDS JACK,0.6796,0.0032,0.3172
DIAMONDS JACK HEARTS NINE,0.644,0.0034,0.3526
DIAMONDS JACK HEARTS EIGHT,0.6472,0.0044,0.3484
DIAMONDS KING DIAMONDS JACK,0.5886,0.0042,0.4072
HEARTS THREE DIAMONDS JACK,0.6756,0.004,0.3204
SPADES ACE SPADES SIX,0.6646,0.059,0.2764
SPADES FOUR HEARTS ACE,0.6814,0.068,0.2506
DIAMONDS QUEEN DIAMONDS JACK,0.6906,0.0162,0.2932
HEARTS TWO DIAMONDS JACK,0.683,0.0056,0.3114
HEARTS FIVE DIAMONDS JACK,0.679,0.0042,0.3168
SPADES FOUR HEARTS QUEEN,0.7602,0.0156,0.2242
DIAMONDS ACE DIAMONDS JACK,0.6606,0.0598,0.2796
HEARTS FOUR DIAMONDS JACK,0.6742,0.0038,0.322
SPADES KING SPADES SIX,0.612,0.0034,0.3846
HEARTS KING SPADES FOUR,0.649,0.0048,0.3462
SPADES TEN SPADES SIX,0.6352,0.0054,0.3594
SPADES JACK SPADES SIX,0.6464,0.0042,0.3494
SPADES FOUR DIAMONDS JACK,0.6898,0.0054,0.3048
SPADES FIVE DIAMONDS JACK,0.6808,0.0048,0.3144
DIAMONDS JACK SPADES TWO,0.682,0.0038,0.3142
SPADES THREE DIAMONDS JACK,0.685,0.0032,0.3118
SPADES ACE DIAMONDS THREE,0.6824,0.0706,0.247
CLUBS EIGHT DIAMONDS JACK,0.6596,0.004,0.3364
SPADES KING DIAMONDS THREE,0.6446,0.0068,0.3486
CLUBS NINE DIAMONDS JACK,0.6596,0.006,0.3344
CLUBS SIX DIAMONDS JACK,0.6698,0.0034,0.3268
CLUBS SEVEN DIAMONDS JACK,0.6704,0.0022,0.3274
CLUBS FOUR DIAMONDS JACK,0.6868,0.0036,0.3096
CLUBS FIVE DIAMONDS JACK,0.6736,0.0058,0.3206
CLUBS TWO DIAMONDS JACK,0.6884,0.0062,0.3054
CLUBS THREE DIAMONDS JACK,0.6726,0.0042,0.3232
SPADES JACK HEARTS SIX,0.6906,0.0032,0.3062
SPADES TEN CLUBS FIVE,0.6844,0.0034,0.3122
SPADES JACK CLUBS FIVE,0.688,0.0052,0.3068
HEARTS SIX SPADES TEN,0.6698,0.0054,0.3248
SPADES JACK DIAMONDS THREE,0.6866,0.0054,0.308
SPADES TEN DIAMONDS THREE,0.6832,0.0044,0.3124
CLUBS SEVEN CLUBS QUEEN,0.7232,0.02,0.2568
CLUBS SEVEN CLUBS KING,0.6158,0.004,0.3802
SPADES NINE DIAMONDS JACK,0.6454,0.003,0.3516
CLUBS SEVEN CLUBS TEN,0.623,0.0044,0.3726
DIAMONDS ACE HEARTS ACE,0.0688,0.0172,0.914
HEARTS FOUR HEARTS ACE,0.6386,0.058,0.3034
SPADES EIGHT DIAMONDS JACK,0.6626,0.004,0.3334
SPADES ACE HEARTS SIX,0.6944,0.0562,0.2494
CLUBS SEVEN CLUBS JACK,0.6434,0.004,0.3526
DIAMONDS ACE HEARTS KING,0.241,0.045,0.714
HEARTS FOUR HEARTS KING,0.597,0.0042,0.3988
SPADES SEVEN DIAMONDS JACK,0.6678,0.0042,0.328
SPADES KING HEARTS SIX,0.6302,0.005,0.3648
DIAMONDS ACE HEARTS QUEEN,0.0234,0.9574,0.0192
HEARTS FOUR HEARTS QUEEN,0.7058,0.0134,0.2808
SPADES SIX DIAMONDS JACK,0.6894,0.0032,0.3074
SPADES TWO DIAMONDS TEN,0.6884,0.004,0.3076
SPADES THREE DIAMONDS TEN,0.6862,0.0026,0.3112
SPADES FOUR DIAMONDS TEN,0.6698,0.0048,0.3254
SPADES FIVE DIAMONDS TEN,0.6728,0.005,0.3222
SPADES SIX DIAMONDS TEN,0.6816,0.0036,0.3148
SPADES SEVEN DIAMONDS TEN,0.6624,0.0046,0.333
SPADES EIGHT DIAMONDS TEN,0.6386,0.0056,0.3558
SPADES NINE DIAMONDS TEN,0.6246,0.0042,0.3712
CLUBS FOUR DIAMONDS TEN,0.6636,0.0042,0.3322
CLUBS FIVE DIAMONDS TEN,0.6782,0.0038,0.318
CLUBS SIX DIAMONDS TEN,0.6764,0.003,0.3206
CLUBS SEVEN DIAMONDS TEN,0.6544,0.0044,0.3412
CLUBS EIGHT DIAMONDS TEN,0.6334,0.0034,0.3632
CLUBS NINE DIAMONDS TEN,0.637,0.0034,0.3596
DIAMONDS THREE CLUBS JACK,0.694,0.0056,0.3004
DIAMONDS THREE CLUBS TEN,0.6714,0.0078,0.3208
DIAMONDS THREE CLUBS KING,0.6434,0.0074,0.3492
DIAMONDS THREE CLUBS QUEEN,0.7592,0.0162,0.2246
SPADES FOUR HEARTS JACK,0.6858,0.0058,0.3084
SPADES FOUR HEARTS TEN,0.6672,0.0042,0.3286
SPADES FIVE SPADES TWO,0.6158,0.006,0.3782
SPADES FOUR SPADES TWO,0.6278,0.006,0.3662
SPADES THREE SPADES TWO,0.624,0.0054,0.3706
SPADES NINE SPADES TWO,0.6494,0.0066,0.344
SPADES EIGHT SPADES TWO,0.641,0.004,0.355
SPADES SEVEN SPADES TWO,0.649,0.005,0.346
SPADES SIX SPADES TWO,0.6324,0.0048,0.3628
DIAMONDS QUEEN CLUBS THREE,0.7662,0.019,0.2148
HEARTS TWO CLUBS THREE,0.6674,0.003,0.3296
DIAMONDS QUEEN CLUBS TWO,0.7624,0.0152,0.2224
CLUBS TWO HEARTS TWO,0.4772,0.0066,0.5162
DIAMONDS QUEEN HEARTS SEVEN,0.755,0.0144,0.2306
HEARTS TWO HEARTS SEVEN,0.6386,0.0034,0.358
HEARTS SIX DIAMONDS QUEEN,0.7494,0.0164,0.2342
HEARTS SIX HEARTS TWO,0.6202,0.0048,0.375
DIAMONDS QUEEN HEARTS NINE,0.7396,0.0126,0.2478
HEARTS TWO HEARTS NINE,0.6388,0.0056,0.3556
DIAMONDS QUEEN HEARTS EIGHT,0.75,0.0104,0.2396
HEARTS TWO HEARTS EIGHT,0.6322,0.0056,0.3622
CLUBS NINE HEARTS TWO,0.6822,0.0038,0.314
CLUBS NINE DIAMONDS QUEEN,0.745,0.0132,0.2418
CLUBS EIGHT HEARTS TWO,0.68,0.0032,0.3168
CLUBS EIGHT DIAMONDS QUEEN,0.7424,0.0134,0.2442
CLUBS FIVE DIAMONDS QUEEN,0.7616,0.0166,0.2218
CLUBS FIVE HEARTS TWO,0.6468,0.0072,0.346
SPADES EIGHT HEARTS ACE,0.6908,0.0686,0.2406
CLUBS FOUR DIAMONDS QUEEN,0.7578,0.0162,0.226
CLUBS FOUR HEARTS TWO,0.6532,0.006,0.3408
SPADES EIGHT HEARTS QUEEN,0.7444,0.0134,0.2422
CLUBS SEVEN HEARTS TWO,0.684,0.0044,0.3116
CLUBS SEVEN DIAMONDS QUEEN,0.758,0.0198,0.2222
CLUBS SIX DIAMONDS QUEEN,0.7582,0.017,0.2248
CLUBS SIX HEARTS TWO,0.658,0.005,0.337
SPADES EIGHT HEARTS KING,0.6458,0.0042,0.35
DIAMONDS QUEEN SPADES SIX,0.757,0.0174,0.2256
HEARTS TWO SPADES SIX,0.6714,0.0052,0.3234
HEARTS FOUR CLUBS QUEEN,0.7582,0.014,0.2278
DIAMONDS ACE CLUBS QUEEN,0.0186,0.9676,0.0138
DIAMONDS QUEEN SPADES SEVEN,0.7576,0.0152,0.2272
SPADES SEVEN HEARTS TWO,0.689,0.0034,0.3076
HEARTS FOUR CLUBS KING,0.6466,0.003,0.3504
DIAMONDS ACE CLUBS KING,0.2424,0.0524,0.7052
SPADES EIGHT DIAMONDS QUEEN,0.7486,0.0164,0.235
SPADES EIGHT HEARTS TWO,0.677,0.0044,0.3186
SPADES NINE DIAMONDS QUEEN,0.7568,0.015,0.2282
SPADES NINE HEARTS TWO,0.6776,0.0048,0.3176
HEARTS TWO SPADES TWO,0.478,0.0078,0.5142
DIAMONDS QUEEN SPADES TWO,0.7666,0.0166,0.2168
HEARTS TWO SPADES THREE,0.6702,0.0054,0.3244
DIAMONDS QUEEN SPADES THREE,0.7714,0.0158,0.2128
HEARTS TWO SPADES FOUR,0.6566,0.0052,0.3382
DIAMONDS QUEEN SPADES FOUR,0.7514,0.0174,0.2312
HEARTS FOUR CLUBS TEN,0.6736,0.005,0.3214
DIAMONDS ACE CLUBS TEN,0.714,0.0594,0.2266
HEARTS TWO SPADES FIVE,0.6528,0.0056,0.3416
DIAMONDS QUEEN SPADES FIVE,0.7612,0.02,0.2188
HEARTS FOUR CLUBS JACK,0.679,0.0046,0.3164
DIAMONDS ACE CLUBS JACK,0.7108,0.058,0.2312
CLUBS FIVE CLUBS KING,0.613,0.0064,0.3806
CLUBS FIVE CLUBS QUEEN,0.7218,0.0176,0.2606
CLUBS FIVE CLUBS JACK,0.6338,0.0056,0.3606
CLUBS FIVE CLUBS TEN,0.639,0.0076,0.3534
SPADES KING CLUBS JACK,0.632,0.0046,0.3634
SPADES ACE CLUBS JACK,0.6998,0.0646,0.2356
SPADES SIX CLUBS KING,0.6528,0.006,0.3412
SPADES SIX CLUBS QUEEN,0.7678,0.018,0.2142
SPADES EIGHT HEARTS JACK,0.6534,0.0052,0.3414
SPADES EIGHT HEARTS TEN,0.6392,0.0064,0.3544
SPADES SIX CLUBS JACK,0.6886,0.007,0.3044
SPADES SIX CLUBS TEN,0.6684,0.0044,0.3272
SPADES TEN CLUBS JACK,0.6356,0.0052,0.3592
SPADES JACK CLUBS JACK,0.438,0.0066,0.5554
SPADES KING CLUBS SEVEN,0.649,0.0038,0.3472
SPADES ACE CLUBS SEVEN,0.6808,0.0702,0.249
SPADES SIX HEARTS TEN,0.671,0.0018,0.3272
SPADES SIX HEARTS JACK,0.6842,0.003,0.3128
SPADES SIX HEARTS ACE,0.6998,0.0592,0.241
SPADES SIX HEARTS KING,0.65,0.0034,0.3466
SPADES SIX HEARTS QUEEN,0.7576,0.0172,0.2252
SPADES JACK CLUBS SEVEN,0.6736,0.005,0.3214
SPADES TEN CLUBS SEVEN,0.6622,0.0038,0.334
HEARTS SIX CLUBS TEN,0.6652,0.0032,0.3316
HEARTS SIX CLUBS JACK,0.6896,0.0026,0.3078
HEARTS SIX CLUBS QUEEN,0.7612,0.0184,0.2204
HEARTS SIX CLUBS KING,0.6522,0.0038,0.344
CLUBS QUEEN CLUBS JACK,0.7028,0.0154,0.2818
CLUBS KING CLUBS JACK,0.6086,0.0038,0.3876
DIAMONDS THREE HEARTS ACE,0.6888,0.0618,0.2494
DIAMONDS THREE HEARTS QUEEN,0.7596,0.0164,0.224
DIAMONDS THREE HEARTS KING,0.6464,0.0038,0.3498
CLUBS FIVE HEARTS JACK,0.6776,0.003,0.3194
HEARTS FOUR SPADES TEN,0.6814,0.005,0.3136
SPADES TEN DIAMONDS ACE,0.7034,0.064,0.2326
CLUBS FIVE HEARTS TEN,0.676,0.0032,0.3208
HEARTS FOUR SPADES JACK,0.6884,0.0032,0.3084
SPADES JACK DIAMONDS ACE,0.699,0.0582,0.2428
SPADES ACE HEARTS FOUR,0.6774,0.065,0.2576
SPADES ACE DIAMONDS ACE,0.067,0.0122,0.9208
CLUBS FIVE HEARTS ACE,0.6822,0.0624,0.2554
CLUBS FIVE HEARTS KING,0.6538,0.0044,0.3418
SPADES FOUR CLUBS JACK,0.684,0.0058,0.3102
CLUBS FIVE HEARTS QUEEN,0.7594,0.0148,0.2258
SPADES KING DIAMONDS ACE,0.239,0.0422,0.7188
HEARTS FOUR SPADES KING,0.6528,0.0058,0.3414
SPADES FOUR CLUBS TEN,0.6804,0.0052,0.3144
DIAMONDS QUEEN DIAMONDS ACE,0.0198,0.9074,0.0728
HEARTS TWO DIAMONDS ACE,0.6988,0.0672,0.234
HEARTS FOUR DIAMONDS QUEEN,0.7594,0.0146,0.226
HEARTS FOUR HEARTS TWO,0.6204,0.004,0.3756
DIAMONDS THREE HEARTS TEN,0.673,0.0038,0.3232
SPADES FOUR CLUBS KING,0.6548,0.0034,0.3418
HEARTS FIVE DIAMONDS QUEEN,0.7562,0.0162,0.2276
HEARTS FIVE HEARTS TWO,0.608,0.0042,0.3878
DIAMONDS THREE HEARTS JACK,0.6686,0.0042,0.3272
SPADES FOUR CLUBS QUEEN,0.7644,0.0184,0.2172
DIAMONDS QUEEN HEARTS TWO,0.7638,0.0168,0.2194
DIAMONDS KING DIAMONDS QUEEN,0.6888,0.0106,0.3006
DIAMONDS KING HEARTS TWO,0.645,0.0052,0.3498
HEARTS THREE DIAMONDS QUEEN,0.7608,0.017,0.2222
HEARTS THREE HEARTS TWO,0.6162,0.0044,0.3794
HEARTS TWO CLUBS QUEEN,0.7616,0.015,0.2234
DIAMONDS QUEEN CLUBS QUEEN,0.3172,0.0098,0.673
HEARTS TWO CLUBS KING,0.6582,0.0058,0.336
DIAMONDS QUEEN CLUBS KING,0.7422,0.011,0.2468
SPADES EIGHT SPADES FIVE,0.6126,0.0034,0.384
HEARTS TWO CLUBS TEN,0.6874,0.0052,0.3074
DIAMONDS QUEEN CLUBS TEN,0.7204,0.0172,0.2624
SPADES NINE SPADES FIVE,0.621,0.0056,0.3734
HEARTS TWO CLUBS JACK,0.6922,0.0036,0.3042
DIAMONDS QUEEN CLUBS JACK,0.728,0.0126,0.2594
SPADES SIX SPADES FIVE,0.5812,0.0056,0.4132
SPADES SEVEN SPADES FIVE,0.593,0.003,0.404
DIAMONDS FIVE CLUBS QUEEN,0.7572,0.0182,0.2246
CLUBS KING DIAMONDS FIVE,0.6394,0.0042,0.3564
SPADES EIGHT CLUBS KING,0.643,0.004,0.353
SPADES EIGHT CLUBS QUEEN,0.7548,0.017,0.2282
SPADES EIGHT CLUBS JACK,0.662,0.0062,0.3318
SPADES EIGHT CLUBS TEN,0.6508,0.0074,0.3418
DIAMONDS FIVE CLUBS TEN,0.671,0.0052,0.3238
DIAMONDS FIVE CLUBS JACK,0.68,0.0038,0.3162
HEARTS JACK DIAMONDS TEN,0.621,0.0036,0.3754
DIAMONDS TEN HEARTS TEN,0.4276,0.0034,0.569
SPADES ACE CLUBS NINE,0.7024,0.062,0.2356
SPADES KING CLUBS NINE,0.641,0.0052,0.3538
HEARTS SIX HEARTS KING,0.6122,0.005,0.3828
DIAMONDS KING SPADES SEVEN,0.6556,0.0026,0.3418
HEARTS THREE SPADES SEVEN,0.664,0.004,0.332
SPADES KING DIAMONDS SEVEN,0.6342,0.0036,0.3622
HEARTS SIX HEARTS QUEEN,0.7072,0.0162,0.2766
DIAMONDS KING SPADES SIX,0.6608,0.004,0.3352
HEARTS THREE SPADES SIX,0.6566,0.006,0.3374
SPADES NINE DIAMONDS KING,0.6444,0.0046,0.351
HEARTS THREE SPADES NINE,0.6692,0.005,0.3258
HEARTS SIX HEARTS ACE,0.6516,0.0574,0.291
DIAMONDS KING SPADES EIGHT,0.6374,0.0046,0.358
