opposingHand,winningChance,drawChance,lostChance
SPADES EIGHT DIAMONDS SIX
HEARTS FIVE SPADES TEN,0.4112,0.027,0.5618
HEARTS FIVE SPADES JACK,0.4156,0.018,0.5664
SPADES FIVE CLUBS JACK,0.4262,0.0166,0.5572
CLUBS TEN SPADES FIVE,0.423,0.0282,0.5488
CLUBS EIGHT CLUBS JACK,0.231,0.0584,0.7106
CLUBS TEN CLUBS EIGHT,0.2414,0.0764,0.6822
CLUBS EIGHT CLUBS KING,0.2596,0.0272,0.7132
SPADES FIVE CLUBS ACE,0.405,0.0028,0.5922
CLUBS EIGHT CLUBS QUEEN,0.2526,0.0436,0.7038
SPADES FIVE CLUBS KING,0.415,0.0066,0.5784
SPADES FIVE CLUBS QUEEN,0.4194,0.0132,0.5674
CLUBS EIGHT CLUBS ACE,0.2502,0.0216,0.7282
DIAMONDS TWO DIAMONDS THREE,0.5766,0.0642,0.3592
DIAMONDS TWO DIAMONDS FIVE,0.5924,0.0638,0.3438
HEARTS FIVE SPADES KING,0.3954,0.0086,0.596
DIAMONDS TWO DIAMONDS FOUR,0.5784,0.062,0.3596
HEARTS FIVE SPADES QUEEN,0.4176,0.0124,0.57
DIAMONDS TWO DIAMONDS SEVEN,0.583,0.0666,0.3504
SPADES ACE HEARTS FIVE,0.404,0.0062,0.5898
DIAMONDS TWO DIAMONDS NINE,0.4232,0.043,0.5338
DIAMONDS TWO DIAMONDS EIGHT,0.3978,0.3554,0.2468
DIAMONDS THREE DIAMONDS FOUR,0.5658,0.0652,0.369
SPADES FOUR CLUBS TWO,0.5994,0.0738,0.3268
DIAMONDS THREE DIAMONDS FIVE,0.5694,0.069,0.3616
SPADES FIVE CLUBS TWO,0.6038,0.0702,0.326
CLUBS TWO SPADES TWO,0.4068,0.0906,0.5026
CLUBS TWO SPADES THREE,0.611,0.0666,0.3224
DIAMONDS THREE DIAMONDS EIGHT,0.3982,0.3488,0.253
DIAMONDS THREE DIAMONDS NINE,0.404,0.0444,0.5516
SPADES NINE CLUBS TWO,0.4142,0.038,0.5478
SPADES SIX CLUBS TWO,0.6262,0.1458,0.228
DIAMONDS THREE DIAMONDS SEVEN,0.5774,0.0642,0.3584
SPADES SEVEN CLUBS TWO,0.61,0.0602,0.3298
CLUBS SIX CLUBS TWO,0.5766,0.1374,0.286
CLUBS SEVEN CLUBS TWO,0.5776,0.0636,0.3588
CLUBS FOUR CLUBS TWO,0.5638,0.0586,0.3776
CLUBS FIVE CLUBS TWO,0.5562,0.0588,0.385
CLUBS TEN CLUBS JACK,0.3102,0.0136,0.6762
CLUBS TEN CLUBS QUEEN,0.3442,0.0074,0.6484
DIAMONDS FOUR DIAMONDS SEVEN,0.5696,0.0604,0.37
CLUBS TEN CLUBS KING,0.3278,0.0064,0.6658
CLUBS TEN CLUBS ACE,0.3286,0.0036,0.6678
CLUBS EIGHT CLUBS TWO,0.3876,0.3516,0.2608
DIAMONDS FIVE DIAMONDS FOUR,0.565,0.0656,0.3694
CLUBS NINE CLUBS TWO,0.4012,0.0364,0.5624
DIAMONDS NINE DIAMONDS FOUR,0.3988,0.0418,0.5594
DIAMONDS FOUR DIAMONDS EIGHT,0.3734,0.3632,0.2634
CLUBS THREE CLUBS TWO,0.5568,0.0646,0.3786
DIAMONDS NINE DIAMONDS FIVE,0.3864,0.042,0.5716
DIAMONDS TWO CLUBS JACK,0.4286,0.0224,0.549
DIAMONDS FIVE DIAMONDS EIGHT,0.397,0.3484,0.2546
CLUBS TEN DIAMONDS TWO,0.4406,0.0218,0.5376
DIAMONDS FIVE DIAMONDS SEVEN,0.5506,0.0652,0.3842
DIAMONDS TWO CLUBS ACE,0.421,0.0034,0.5756
DIAMONDS TWO CLUBS KING,0.4348,0.0068,0.5584
DIAMONDS TWO CLUBS QUEEN,0.4316,0.0116,0.5568
HEARTS ACE SPADES THREE,0.421,0.0028,0.5762
SPADES THREE HEARTS KING,0.425,0.0096,0.5654
SPADES THREE HEARTS QUEEN,0.4316,0.0118,0.5566
SPADES THREE HEARTS JACK,0.433,0.0208,0.5462
SPADES THREE HEARTS TEN,0.4252,0.0294,0.5454
DIAMONDS EIGHT DIAMONDS SEVEN,0.2108,0.2978,0.4914
DIAMONDS NINE DIAMONDS SEVEN,0.3344,0.0386,0.627
DIAMONDS NINE DIAMONDS EIGHT,0.2274,0.1004,0.6722
DIAMONDS KING HEARTS TEN,0.355,0.0054,0.6396
HEARTS THREE HEARTS TEN,0.4034,0.0256,0.571
SPADES JACK CLUBS SIX,0.2844,0.0556,0.66
DIAMONDS KING HEARTS JACK,0.3504,0.0062,0.6434
HEARTS THREE HEARTS JACK,0.397,0.0174,0.5856
SPADES TEN CLUBS SIX,0.2548,0.08,0.6652
SPADES JACK SPADES FIVE,0.3936,0.0176,0.5888
SPADES TEN SPADES FIVE,0.4042,0.0246,0.5712
DIAMONDS KING HEARTS ACE,0.3598,0.0046,0.6356
HEARTS THREE HEARTS ACE,0.3882,0.004,0.6078
SPADES ACE CLUBS SIX,0.2696,0.0196,0.7108
DIAMONDS KING HEARTS QUEEN,0.3596,0.0066,0.6338
HEARTS THREE HEARTS QUEEN,0.4026,0.0126,0.5848
SPADES KING CLUBS SIX,0.2728,0.0322,0.695
DIAMONDS KING HEARTS KING,0.1698,0.0134,0.8168
HEARTS THREE HEARTS KING,0.4124,0.0068,0.5808
SPADES QUEEN CLUBS SIX,0.278,0.0448,0.6772
SPADES NINE HEARTS TEN,0.3194,0.0252,0.6554
SPADES NINE HEARTS JACK,0.352,0.0146,0.6334
SPADES QUEEN SPADES FIVE,0.4052,0.0098,0.585
SPADES KING SPADES FIVE,0.3866,0.0082,0.6052
SPADES ACE SPADES FIVE,0.3994,0.0042,0.5964
SPADES NINE HEARTS QUEEN,0.341,0.01,0.649
SPADES NINE HEARTS KING,0.3542,0.0076,0.6382
SPADES NINE HEARTS ACE,0.3588,0.0036,0.6376
CLUBS TEN SPADES JACK,0.3434,0.0142,0.6424
CLUBS TEN SPADES TEN,0.1712,0.0518,0.777
SPADES ACE CLUBS TEN,0.3508,0.0036,0.6456
SPADES KING CLUBS TEN,0.3538,0.0066,0.6396
CLUBS TEN SPADES QUEEN,0.342,0.008,0.65
SPADES FIVE HEARTS QUEEN,0.4184,0.0132,0.5684
SPADES FIVE HEARTS KING,0.4304,0.0092,0.5604
SPADES FIVE HEARTS ACE,0.4046,0.0032,0.5922
CLUBS EIGHT SPADES TEN,0.2512,0.0796,0.6692
SPADES JACK HEARTS THREE,0.4112,0.0214,0.5674
SPADES JACK DIAMONDS KING,0.3488,0.0068,0.6444
SPADES TEN DIAMONDS KING,0.338,0.0072,0.6548
SPADES TEN HEARTS THREE,0.4304,0.0264,0.5432
SPADES JACK CLUBS EIGHT,0.2512,0.0632,0.6856
CLUBS SIX HEARTS ACE,0.2776,0.0238,0.6986
SPADES ACE CLUBS EIGHT,0.2496,0.028,0.7224
HEARTS FIVE CLUBS JACK,0.4084,0.0152,0.5764
HEARTS FIVE CLUBS TEN,0.4264,0.023,0.5506
CLUBS SIX HEARTS QUEEN,0.275,0.0404,0.6846
SPADES QUEEN CLUBS EIGHT,0.2588,0.0482,0.693
CLUBS TEN SPADES THREE,0.432,0.0246,0.5434
CLUBS SIX HEARTS KING,0.281,0.0362,0.6828
SPADES KING CLUBS EIGHT,0.2696,0.0328,0.6976
SPADES THREE CLUBS JACK,0.4302,0.0192,0.5506
DIAMONDS TWO HEARTS JACK,0.4442,0.0168,0.539
SPADES THREE CLUBS QUEEN,0.4308,0.0154,0.5538
DIAMONDS TWO HEARTS TEN,0.4306,0.0274,0.542
SPADES THREE CLUBS KING,0.4314,0.0086,0.56
HEARTS FIVE CLUBS ACE,0.4078,0.0032,0.589
SPADES FIVE HEARTS TEN,0.4184,0.0254,0.5562
SPADES THREE CLUBS ACE,0.4298,0.005,0.5652
HEARTS FIVE CLUBS KING,0.42,0.0068,0.5732
SPADES FIVE HEARTS JACK,0.416,0.0162,0.5678
HEARTS FIVE CLUBS QUEEN,0.4294,0.0124,0.5582
HEARTS THREE CLUBS KING,0.421,0.0072,0.5718
DIAMONDS KING CLUBS KING,0.176,0.0144,0.8096
HEARTS THREE CLUBS QUEEN,0.4316,0.008,0.5604
DIAMONDS KING CLUBS QUEEN,0.3466,0.006,0.6474
HEARTS FIVE HEARTS JACK,0.3842,0.016,0.5998
HEARTS FIVE HEARTS TEN,0.3902,0.026,0.5838
HEARTS THREE CLUBS ACE,0.4248,0.0036,0.5716
DIAMONDS KING CLUBS ACE,0.3424,0.0046,0.653
SPADES ACE CLUBS QUEEN,0.361,0.0034,0.6356
SPADES KING CLUBS QUEEN,0.3504,0.006,0.6436
HEARTS THREE CLUBS JACK,0.4348,0.0148,0.5504
DIAMONDS KING CLUBS JACK,0.3542,0.0058,0.64
SPADES QUEEN CLUBS QUEEN,0.1688,0.0296,0.8016
CLUBS TEN HEARTS THREE,0.4248,0.0242,0.551
CLUBS TEN DIAMONDS KING,0.3612,0.0056,0.6332
SPADES JACK CLUBS QUEEN,0.3356,0.0128,0.6516
CLUBS SIX CLUBS QUEEN,0.2706,0.042,0.6874
SPADES TEN CLUBS QUEEN,0.3574,0.0088,0.6338
CLUBS SIX CLUBS KING,0.2766,0.029,0.6944
CLUBS SIX CLUBS ACE,0.27,0.0214,0.7086
HEARTS FIVE HEARTS KING,0.3856,0.009,0.6054
HEARTS FIVE HEARTS QUEEN,0.398,0.0092,0.5928
CLUBS TEN CLUBS SIX,0.255,0.0726,0.6724
HEARTS FIVE HEARTS ACE,0.3772,0.0032,0.6196
CLUBS SIX CLUBS JACK,0.273,0.0508,0.6762
SPADES SEVEN HEARTS JACK,0.3836,0.014,0.6024
SPADES SEVEN HEARTS TEN,0.3692,0.0248,0.606
DIAMONDS TWO CLUBS TWO,0.3976,0.0978,0.5046
DIAMONDS TWO CLUBS THREE,0.6126,0.068,0.3194
DIAMONDS TWO HEARTS SIX,0.6236,0.1482,0.2282
DIAMONDS TWO HEARTS QUEEN,0.4374,0.0106,0.552
HEARTS SEVEN DIAMONDS TWO,0.6338,0.0622,0.304
DIAMONDS TWO HEARTS KING,0.4112,0.0082,0.5806
DIAMONDS TWO HEARTS EIGHT,0.4104,0.3786,0.211
DIAMONDS TWO HEARTS ACE,0.4208,0.0038,0.5754
DIAMONDS TWO HEARTS NINE,0.4178,0.0422,0.54
DIAMONDS TWO DIAMONDS QUEEN,0.4168,0.0116,0.5716
DIAMONDS TWO HEARTS TWO,0.4184,0.0866,0.495
DIAMONDS TWO DIAMONDS KING,0.4134,0.0122,0.5744
DIAMONDS TWO HEARTS THREE,0.5978,0.0614,0.3408
DIAMONDS TWO DIAMONDS ACE,0.3926,0.005,0.6024
HEARTS FOUR DIAMONDS TWO,0.6024,0.0624,0.3352
HEARTS FIVE DIAMONDS TWO,0.6032,0.0698,0.327
SPADES SEVEN HEARTS ACE,0.386,0.004,0.61
DIAMONDS TWO DIAMONDS TEN,0.415,0.0224,0.5626
SPADES SEVEN HEARTS KING,0.3838,0.0084,0.6078
DIAMONDS TWO DIAMONDS JACK,0.3988,0.0176,0.5836
SPADES SEVEN HEARTS QUEEN,0.3868,0.0104,0.6028
DIAMONDS TWO SPADES NINE,0.4376,0.0446,0.5178
DIAMONDS TWO SPADES SEVEN,0.6212,0.071,0.3078
DIAMONDS TWO SPADES SIX,0.6302,0.1492,0.2206
DIAMONDS TWO SPADES FIVE,0.6036,0.0668,0.3296
DIAMONDS TWO SPADES FOUR,0.6152,0.063,0.3218
DIAMONDS TWO SPADES THREE,0.5968,0.0702,0.333
DIAMONDS TWO SPADES TWO,0.399,0.0886,0.5124
CLUBS NINE DIAMONDS TWO,0.4318,0.0354,0.5328
DIAMONDS TWO CLUBS EIGHT,0.4182,0.359,0.2228
CLUBS SEVEN DIAMONDS TWO,0.6168,0.064,0.3192
DIAMONDS TWO CLUBS SIX,0.6304,0.147,0.2226
DIAMONDS TWO CLUBS FIVE,0.6006,0.0674,0.332
DIAMONDS TWO CLUBS FOUR,0.6154,0.0692,0.3154
CLUBS FOUR SPADES FIVE,0.5912,0.064,0.3448
CLUBS FOUR SPADES FOUR,0.3926,0.09,0.5174
CLUBS FOUR SPADES THREE,0.6008,0.0636,0.3356
CLUBS FOUR SPADES TWO,0.5988,0.0666,0.3346
SPADES NINE CLUBS FOUR,0.4264,0.0454,0.5282
SPADES SEVEN CLUBS FOUR,0.5974,0.0644,0.3382
SPADES SIX CLUBS FOUR,0.5982,0.142,0.2598
SPADES QUEEN SPADES TWO,0.4104,0.0104,0.5792
SPADES KING SPADES TWO,0.4158,0.008,0.5762
SPADES ACE SPADES TWO,0.3988,0.0052,0.596
DIAMONDS JACK CLUBS JACK,0.182,0.0352,0.7828
CLUBS TEN DIAMONDS JACK,0.333,0.0142,0.6528
DIAMONDS JACK CLUBS KING,0.3588,0.0048,0.6364
DIAMONDS JACK CLUBS QUEEN,0.3504,0.0102,0.6394
DIAMONDS THREE DIAMONDS JACK,0.4166,0.0198,0.5636
DIAMONDS THREE DIAMONDS TEN,0.4042,0.0258,0.57
DIAMONDS JACK CLUBS ACE,0.3558,0.0038,0.6404
DIAMONDS THREE DIAMONDS KING,0.4094,0.0114,0.5792
DIAMONDS THREE HEARTS THREE,0.4226,0.0876,0.4898
DIAMONDS THREE DIAMONDS QUEEN,0.4054,0.014,0.5806
DIAMONDS THREE HEARTS TWO,0.611,0.0658,0.3232
HEARTS FIVE DIAMONDS THREE,0.6048,0.0628,0.3324
DIAMONDS THREE DIAMONDS ACE,0.402,0.0052,0.5928
HEARTS FOUR DIAMONDS THREE,0.593,0.0652,0.3418
HEARTS SEVEN DIAMONDS THREE,0.6146,0.0596,0.3258
SPADES TEN SPADES NINE,0.3064,0.0264,0.6672
HEARTS SIX DIAMONDS THREE,0.6236,0.155,0.2214
SPADES JACK SPADES NINE,0.322,0.0202,0.6578
DIAMONDS THREE HEARTS NINE,0.4246,0.0422,0.5332
HEARTS JACK DIAMONDS FOUR,0.411,0.0194,0.5696
HEARTS ACE HEARTS KING,0.3378,0.0038,0.6584
SPADES TEN SPADES TWO,0.4142,0.026,0.5598
DIAMONDS THREE HEARTS EIGHT,0.421,0.36,0.219
HEARTS TEN DIAMONDS FOUR,0.427,0.026,0.547
SPADES JACK SPADES TWO,0.4038,0.0196,0.5766
HEARTS QUEEN DIAMONDS FOUR,0.4248,0.0132,0.562
HEARTS KING DIAMONDS FOUR,0.4204,0.008,0.5716
SPADES ACE SPADES NINE,0.3368,0.0046,0.6586
HEARTS ACE DIAMONDS FOUR,0.4136,0.005,0.5814
SPADES KING SPADES NINE,0.3492,0.0062,0.6446
SPADES QUEEN SPADES NINE,0.3348,0.0102,0.655
DIAMONDS THREE SPADES NINE,0.4204,0.0356,0.544
DIAMONDS THREE SPADES SEVEN,0.6112,0.0688,0.32
DIAMONDS THREE SPADES SIX,0.6254,0.1552,0.2194
DIAMONDS THREE CLUBS SIX,0.627,0.149,0.224
CLUBS FIVE CLUBS SIX,0.5664,0.1352,0.2984
CLUBS ACE DIAMONDS FOUR,0.422,0.0032,0.5748
CLUBS SEVEN DIAMONDS THREE,0.606,0.066,0.328
CLUBS SEVEN CLUBS FIVE,0.5434,0.0642,0.3924
DIAMONDS THREE CLUBS FOUR,0.5894,0.0628,0.3478
DIAMONDS FOUR CLUBS QUEEN,0.4316,0.0136,0.5548
DIAMONDS THREE CLUBS FIVE,0.6016,0.0642,0.3342
CLUBS KING DIAMONDS FOUR,0.416,0.008,0.576
DIAMONDS THREE CLUBS TWO,0.6082,0.071,0.3208
CLUBS TEN DIAMONDS FOUR,0.4258,0.0256,0.5486
DIAMONDS THREE CLUBS THREE,0.4108,0.096,0.4932
DIAMONDS FOUR CLUBS JACK,0.417,0.0216,0.5614
DIAMONDS THREE SPADES FOUR,0.6096,0.0676,0.3228
DIAMONDS THREE SPADES FIVE,0.5976,0.0706,0.3318
DIAMONDS THREE SPADES TWO,0.6152,0.0686,0.3162
DIAMONDS THREE SPADES THREE,0.4302,0.0856,0.4842
CLUBS EIGHT DIAMONDS THREE,0.41,0.3782,0.2118
CLUBS NINE DIAMONDS THREE,0.4396,0.0416,0.5188
SPADES SEVEN CLUBS ACE,0.3866,0.0034,0.61
SPADES SEVEN CLUBS QUEEN,0.3812,0.0144,0.6044
SPADES SEVEN CLUBS KING,0.3906,0.008,0.6014
CLUBS FIVE SPADES SEVEN,0.5808,0.0684,0.3508
CLUBS TEN SPADES SEVEN,0.3646,0.025,0.6104
CLUBS FIVE SPADES SIX,0.6068,0.1502,0.243
SPADES SEVEN CLUBS JACK,0.3754,0.0138,0.6108
CLUBS FIVE SPADES NINE,0.4086,0.0416,0.5498
CLUBS FIVE SPADES THREE,0.5922,0.0692,0.3386
CLUBS FIVE SPADES TWO,0.6154,0.0626,0.322
CLUBS FIVE SPADES FIVE,0.3822,0.0992,0.5186
CLUBS FIVE SPADES FOUR,0.5886,0.06,0.3514
CLUBS NINE CLUBS FIVE,0.3828,0.0338,0.5834
CLUBS EIGHT CLUBS FIVE,0.3824,0.3636,0.254
CLUBS ACE CLUBS QUEEN,0.3332,0.0028,0.664
CLUBS KING CLUBS QUEEN,0.3518,0.005,0.6432
DIAMONDS TEN DIAMONDS FOUR,0.3946,0.0262,0.5792
CLUBS TEN DIAMONDS NINE,0.3246,0.0248,0.6506
DIAMONDS JACK DIAMONDS FOUR,0.3994,0.018,0.5826
DIAMONDS NINE CLUBS JACK,0.3416,0.0192,0.6392
SPADES NINE CLUBS JACK,0.34,0.015,0.645
CLUBS TEN SPADES NINE,0.3378,0.0206,0.6416
DIAMONDS ACE DIAMONDS FOUR,0.3978,0.0054,0.5968
HEARTS FOUR DIAMONDS FOUR,0.4022,0.0872,0.5106
DIAMONDS JACK HEARTS TEN,0.3274,0.0172,0.6554
SPADES NINE CLUBS KING,0.3518,0.005,0.6432
DIAMONDS TWO SPADES TEN,0.4208,0.0296,0.5496
DIAMONDS NINE CLUBS ACE,0.3544,0.0042,0.6414
HEARTS FIVE DIAMONDS FOUR,0.5942,0.0636,0.3422
DIAMONDS JACK HEARTS JACK,0.1828,0.0362,0.781
SPADES NINE CLUBS QUEEN,0.3434,0.0112,0.6454
DIAMONDS TWO SPADES JACK,0.4328,0.0178,0.5494
DIAMONDS QUEEN DIAMONDS FOUR,0.3946,0.0136,0.5918
HEARTS TWO DIAMONDS FOUR,0.622,0.063,0.315
DIAMONDS NINE CLUBS QUEEN,0.3514,0.0096,0.639
DIAMONDS KING DIAMONDS FOUR,0.4098,0.009,0.5812
HEARTS THREE DIAMONDS FOUR,0.589,0.0708,0.3402
SPADES NINE CLUBS ACE,0.3578,0.004,0.6382
DIAMONDS NINE CLUBS KING,0.3468,0.0068,0.6464
HEARTS ACE DIAMONDS JACK,0.3518,0.004,0.6442
SPADES ACE DIAMONDS TWO,0.4222,0.004,0.5738
HEARTS QUEEN DIAMONDS JACK,0.3428,0.0102,0.647
SPADES QUEEN DIAMONDS TWO,0.4284,0.015,0.5566
HEARTS KING DIAMONDS JACK,0.347,0.0048,0.6482
SPADES KING DIAMONDS TWO,0.4192,0.0086,0.5722
SPADES JACK SPADES SEVEN,0.359,0.0156,0.6254
SPADES TEN SPADES SEVEN,0.3608,0.0246,0.6146
CLUBS SEVEN CLUBS THREE,0.5562,0.06,0.3838
CLUBS SIX CLUBS THREE,0.5824,0.1406,0.277
CLUBS FIVE CLUBS THREE,0.5544,0.0634,0.3822
CLUBS THREE CLUBS FOUR,0.558,0.0624,0.3796
CLUBS NINE CLUBS THREE,0.4012,0.0342,0.5646
CLUBS EIGHT CLUBS THREE,0.3948,0.3404,0.2648
CLUBS THREE SPADES FIVE,0.6054,0.0658,0.3288
CLUBS THREE SPADES FOUR,0.5848,0.0666,0.3486
CLUBS THREE SPADES THREE,0.4192,0.0898,0.491
CLUBS THREE SPADES TWO,0.5978,0.0648,0.3374
CLUBS THREE SPADES SIX,0.6116,0.1612,0.2272
SPADES SEVEN CLUBS THREE,0.6176,0.0566,0.3258
SPADES NINE CLUBS THREE,0.4368,0.044,0.5192
SPADES TWO DIAMONDS FOUR,0.6054,0.0698,0.3248
SPADES THREE DIAMONDS FOUR,0.5984,0.0626,0.339
SPADES FOUR DIAMONDS FOUR,0.402,0.0966,0.5014
SPADES FIVE DIAMONDS FOUR,0.5844,0.081,0.3346
SPADES SIX DIAMONDS FOUR,0.6204,0.14,0.2396
SPADES SEVEN DIAMONDS FOUR,0.587,0.0694,0.3436
SPADES NINE DIAMONDS FOUR,0.4312,0.042,0.5268
CLUBS FIVE DIAMONDS FOUR,0.5796,0.071,0.3494
CLUBS FOUR DIAMONDS FOUR,0.4084,0.09,0.5016
CLUBS SEVEN DIAMONDS FOUR,0.5838,0.072,0.3442
CLUBS SIX DIAMONDS FOUR,0.6036,0.1442,0.2522
CLUBS NINE DIAMONDS FOUR,0.4164,0.0414,0.5422
CLUBS EIGHT DIAMONDS FOUR,0.4226,0.362,0.2154
HEARTS SEVEN DIAMONDS FOUR,0.6032,0.059,0.3378
HEARTS SIX DIAMONDS FOUR,0.6088,0.1464,0.2448
DIAMONDS FOUR HEARTS NINE,0.4334,0.0432,0.5234
DIAMONDS FOUR HEARTS EIGHT,0.4078,0.3672,0.225
CLUBS THREE DIAMONDS FOUR,0.5852,0.0664,0.3484
CLUBS TWO DIAMONDS FOUR,0.6106,0.0658,0.3236
DIAMONDS TEN DIAMONDS FIVE,0.3824,0.0274,0.5902
DIAMONDS JACK DIAMONDS FIVE,0.3902,0.0174,0.5924
DIAMONDS NINE HEARTS QUEEN,0.3486,0.0122,0.6392
DIAMONDS NINE HEARTS KING,0.3464,0.0072,0.6464
HEARTS ACE DIAMONDS NINE,0.3602,0.0046,0.6352
DIAMONDS NINE HEARTS TEN,0.3258,0.0262,0.648
DIAMONDS NINE HEARTS JACK,0.3374,0.0166,0.646
SPADES KING DIAMONDS FOUR,0.4182,0.0074,0.5744
SPADES ACE SPADES SEVEN,0.3746,0.004,0.6214
SPADES QUEEN DIAMONDS FOUR,0.416,0.0098,0.5742
SPADES QUEEN SPADES SEVEN,0.3736,0.0126,0.6138
SPADES KING SPADES SEVEN,0.376,0.0088,0.6152
SPADES ACE DIAMONDS FOUR,0.412,0.0062,0.5818
CLUBS NINE CLUBS FOUR,0.394,0.0424,0.5636
CLUBS EIGHT CLUBS FOUR,0.373,0.348,0.279
SPADES JACK DIAMONDS FOUR,0.419,0.0196,0.5614
SPADES TEN DIAMONDS FOUR,0.4072,0.0272,0.5656
CLUBS FIVE CLUBS FOUR,0.5446,0.0618,0.3936
CLUBS SEVEN CLUBS FOUR,0.5508,0.0606,0.3886
CLUBS SIX CLUBS FOUR,0.5682,0.1392,0.2926
CLUBS SEVEN SPADES NINE,0.3476,0.0454,0.607
CLUBS SEVEN SPADES SIX,0.6136,0.1356,0.2508
CLUBS SEVEN SPADES SEVEN,0.2654,0.0902,0.6444
CLUBS SEVEN SPADES FIVE,0.5868,0.0662,0.347
CLUBS SEVEN SPADES FOUR,0.592,0.0652,0.3428
CLUBS SEVEN SPADES THREE,0.6138,0.0666,0.3196
CLUBS SEVEN SPADES TWO,0.6122,0.0698,0.318
CLUBS NINE CLUBS SEVEN,0.339,0.0354,0.6256
CLUBS SEVEN CLUBS EIGHT,0.2132,0.28,0.5068
HEARTS SIX DIAMONDS FIVE,0.608,0.1508,0.2412
HEARTS SEVEN DIAMONDS FIVE,0.5824,0.0672,0.3504
DIAMONDS FIVE HEARTS EIGHT,0.409,0.3674,0.2236
DIAMONDS FIVE HEARTS NINE,0.4182,0.042,0.5398
DIAMONDS QUEEN DIAMONDS FIVE,0.392,0.0124,0.5956
HEARTS TWO DIAMONDS FIVE,0.6058,0.0664,0.3278
HEARTS KING HEARTS EIGHT,0.2646,0.0316,0.7038
DIAMONDS KING DIAMONDS FIVE,0.3928,0.0076,0.5996
HEARTS THREE DIAMONDS FIVE,0.5968,0.0636,0.3396
HEARTS QUEEN HEARTS EIGHT,0.2518,0.0442,0.704
DIAMONDS ACE DIAMONDS FIVE,0.4036,0.004,0.5924
HEARTS FOUR DIAMONDS FIVE,0.5944,0.0664,0.3392
HEARTS FIVE DIAMONDS FIVE,0.3834,0.0934,0.5232
HEARTS ACE HEARTS EIGHT,0.2592,0.0248,0.716
CLUBS FOUR DIAMONDS FIVE,0.5908,0.0698,0.3394
CLUBS FIVE DIAMONDS FIVE,0.3894,0.09,0.5206
CLUBS SIX DIAMONDS FIVE,0.5994,0.1412,0.2594
CLUBS SEVEN DIAMONDS FIVE,0.579,0.0664,0.3546
CLUBS TWO DIAMONDS FIVE,0.6,0.071,0.329
CLUBS THREE DIAMONDS FIVE,0.5798,0.0672,0.353
SPADES THREE DIAMONDS FIVE,0.6064,0.0682,0.3254
SPADES TWO DIAMONDS FIVE,0.6148,0.0638,0.3214
SPADES JACK DIAMONDS EIGHT,0.2446,0.0596,0.6958
SPADES FIVE DIAMONDS FIVE,0.3912,0.0926,0.5162
CLUBS TEN HEARTS JACK,0.3316,0.015,0.6534
SPADES TEN DIAMONDS EIGHT,0.2404,0.0752,0.6844
SPADES FOUR DIAMONDS FIVE,0.584,0.0736,0.3424
HEARTS JACK CLUBS JACK,0.181,0.0366,0.7824
HEARTS JACK CLUBS QUEEN,0.3508,0.0102,0.639
CLUBS NINE DIAMONDS FIVE,0.4042,0.0458,0.55
CLUBS KING HEARTS JACK,0.359,0.0046,0.6364
CLUBS EIGHT DIAMONDS FIVE,0.4098,0.3756,0.2146
CLUBS ACE HEARTS JACK,0.3604,0.004,0.6356
SPADES SEVEN DIAMONDS FIVE,0.5888,0.0658,0.3454
SPADES KING DIAMONDS EIGHT,0.2528,0.0346,0.7126
SPADES SIX DIAMONDS FIVE,0.6032,0.144,0.2528
SPADES QUEEN DIAMONDS EIGHT,0.26,0.0508,0.6892
SPADES NINE DIAMONDS FIVE,0.4024,0.0434,0.5542
SPADES ACE DIAMONDS EIGHT,0.2438,0.0282,0.728
HEARTS ACE DIAMONDS SEVEN,0.3744,0.0042,0.6214
HEARTS QUEEN DIAMONDS SEVEN,0.3898,0.0132,0.597
HEARTS KING DIAMONDS SEVEN,0.3808,0.0072,0.612
SPADES TWO HEARTS JACK,0.4418,0.0166,0.5416
SPADES TWO HEARTS TEN,0.4344,0.0264,0.5392
HEARTS TEN DIAMONDS SEVEN,0.3606,0.0236,0.6158
HEARTS JACK DIAMONDS SEVEN,0.3778,0.0178,0.6044
DIAMONDS EIGHT CLUBS JACK,0.258,0.0582,0.6838
CLUBS TEN DIAMONDS EIGHT,0.2492,0.0866,0.6642
HEARTS ACE HEARTS JACK,0.3372,0.0044,0.6584
CLUBS ACE DIAMONDS EIGHT,0.2694,0.0298,0.7008
HEARTS QUEEN HEARTS JACK,0.3286,0.0108,0.6606
CLUBS KING DIAMONDS EIGHT,0.268,0.0306,0.7014
HEARTS KING HEARTS JACK,0.3324,0.0076,0.66
CLUBS QUEEN DIAMONDS EIGHT,0.2708,0.0426,0.6866
SPADES TEN HEARTS KING,0.3588,0.0066,0.6346
HEARTS ACE SPADES TWO,0.4222,0.004,0.5738
SPADES JACK HEARTS KING,0.3548,0.003,0.6422
HEARTS QUEEN SPADES TWO,0.43,0.012,0.558
SPADES ACE SPADES KING,0.3312,0.0034,0.6654
SPADES TWO HEARTS KING,0.4446,0.008,0.5474
HEARTS TEN HEARTS EIGHT,0.242,0.0768,0.6812
HEARTS JACK HEARTS EIGHT,0.2444,0.06,0.6956
SPADES KING HEARTS KING,0.1688,0.014,0.8172
SPADES QUEEN HEARTS KING,0.358,0.0068,0.6352
CLUBS ACE CLUBS KING,0.327,0.0028,0.6702
SPADES ACE HEARTS KING,0.3574,0.0026,0.64
SPADES ACE HEARTS JACK,0.3596,0.0034,0.637
SPADES QUEEN HEARTS JACK,0.3382,0.0096,0.6522
SPADES KING HEARTS JACK,0.3628,0.0048,0.6324
SPADES TEN DIAMONDS TEN,0.1582,0.0462,0.7956
SPADES JACK DIAMONDS TEN,0.3208,0.013,0.6662
SPADES ACE DIAMONDS TEN,0.3474,0.0044,0.6482
SPADES JACK HEARTS JACK,0.1712,0.0396,0.7892
SPADES TEN HEARTS JACK,0.332,0.015,0.653
SPADES QUEEN DIAMONDS TEN,0.3454,0.0104,0.6442
SPADES KING DIAMONDS TEN,0.3462,0.0066,0.6472
SPADES NINE DIAMONDS SEVEN,0.3424,0.0426,0.615
SPADES SEVEN DIAMONDS SEVEN,0.2612,0.0842,0.6546
SPADES SIX DIAMONDS SEVEN,0.611,0.1428,0.2462
DIAMONDS KING DIAMONDS SEVEN,0.3712,0.0072,0.6216
HEARTS THREE DIAMONDS SEVEN,0.5852,0.0704,0.3444
HEARTS KING DIAMONDS FIVE,0.4182,0.0064,0.5754
DIAMONDS QUEEN DIAMONDS SEVEN,0.3728,0.0096,0.6176
HEARTS TWO DIAMONDS SEVEN,0.6092,0.064,0.3268
HEARTS QUEEN DIAMONDS FIVE,0.43,0.011,0.559
HEARTS FIVE DIAMONDS SEVEN,0.5718,0.0756,0.3526
DIAMONDS ACE DIAMONDS SEVEN,0.3632,0.004,0.6328
HEARTS FOUR DIAMONDS SEVEN,0.5842,0.0664,0.3494
HEARTS ACE DIAMONDS FIVE,0.4022,0.0038,0.594
HEARTS SEVEN DIAMONDS SEVEN,0.2706,0.0754,0.654
HEARTS SIX DIAMONDS SEVEN,0.609,0.1376,0.2534
HEARTS NINE DIAMONDS SEVEN,0.3484,0.0388,0.6128
HEARTS EIGHT DIAMONDS SEVEN,0.2134,0.3126,0.474
DIAMONDS JACK DIAMONDS SEVEN,0.3596,0.0194,0.621
DIAMONDS FIVE HEARTS JACK,0.428,0.0164,0.5556
DIAMONDS TEN DIAMONDS SEVEN,0.3482,0.025,0.6268
HEARTS TEN DIAMONDS FIVE,0.4318,0.0284,0.5398
SPADES KING CLUBS TWO,0.4262,0.0094,0.5644
HEARTS KING CLUBS KING,0.179,0.0128,0.8082
CLUBS EIGHT DIAMONDS SEVEN,0.2154,0.3062,0.4784
SPADES QUEEN CLUBS TWO,0.4218,0.0118,0.5664
HEARTS KING CLUBS QUEEN,0.352,0.0036,0.6444
CLUBS NINE DIAMONDS SEVEN,0.3378,0.049,0.6132
SPADES TWO CLUBS JACK,0.4222,0.0196,0.5582
SPADES ACE CLUBS TWO,0.4092,0.0048,0.586
CLUBS TEN SPADES TWO,0.4284,0.0268,0.5448
HEARTS KING CLUBS ACE,0.3658,0.0048,0.6294
CLUBS SEVEN CLUBS SIX,0.5712,0.1354,0.2934
SPADES TWO CLUBS KING,0.4392,0.009,0.5518
SPADES TWO DIAMONDS SEVEN,0.6242,0.0618,0.314
CLUBS EIGHT CLUBS SIX,0.0214,0.9042,0.0744
SPADES THREE DIAMONDS SEVEN,0.6004,0.0704,0.3292
SPADES TWO CLUBS QUEEN,0.4366,0.0122,0.5512
CLUBS NINE CLUBS SIX,0.2338,0.0992,0.667
SPADES FOUR DIAMONDS SEVEN,0.5894,0.0658,0.3448
HEARTS KING CLUBS JACK,0.3648,0.0048,0.6304
SPADES FIVE DIAMONDS SEVEN,0.5846,0.0606,0.3548
SPADES TWO CLUBS ACE,0.4228,0.004,0.5732
CLUBS TEN HEARTS KING,0.3522,0.0074,0.6404
CLUBS SIX SPADES TWO,0.6236,0.1498,0.2266
CLUBS SIX SPADES THREE,0.6308,0.1474,0.2218
CLUBS TWO DIAMONDS SEVEN,0.6222,0.064,0.3138
CLUBS SIX SPADES FOUR,0.6002,0.1516,0.2482
CLUBS THREE DIAMONDS SEVEN,0.6054,0.0616,0.333
CLUBS SIX SPADES FIVE,0.6076,0.1414,0.251
CLUBS FOUR DIAMONDS SEVEN,0.591,0.0672,0.3418
CLUBS SIX SPADES SIX,0.3072,0.0704,0.6224
CLUBS FIVE DIAMONDS SEVEN,0.5722,0.064,0.3638
CLUBS SIX SPADES SEVEN,0.6118,0.1406,0.2476
CLUBS SIX DIAMONDS SEVEN,0.5968,0.1482,0.255
SPADES JACK CLUBS TWO,0.4142,0.016,0.5698
CLUBS SEVEN DIAMONDS SEVEN,0.2592,0.0852,0.6556
SPADES NINE CLUBS SIX,0.2482,0.1024,0.6494
SPADES TEN CLUBS TWO,0.4216,0.028,0.5504
CLUBS TWO CLUBS QUEEN,0.4024,0.0108,0.5868
CLUBS TWO CLUBS KING,0.4066,0.0074,0.586
CLUBS THREE DIAMONDS EIGHT,0.4084,0.3708,0.2208
CLUBS TWO CLUBS ACE,0.3872,0.004,0.6088
CLUBS TWO DIAMONDS EIGHT,0.3964,0.3758,0.2278
HEARTS SEVEN DIAMONDS EIGHT,0.2032,0.3088,0.488
HEARTS SIX DIAMONDS EIGHT,0.0106,0.9732,0.0162
DIAMONDS EIGHT HEARTS NINE,0.2364,0.1062,0.6574
CLUBS TEN CLUBS TWO,0.3932,0.0258,0.581
HEARTS EIGHT DIAMONDS EIGHT,0.1248,0.0762,0.799
CLUBS TWO CLUBS JACK,0.4016,0.0154,0.583
CLUBS NINE DIAMONDS EIGHT,0.2368,0.1068,0.6564
CLUBS EIGHT DIAMONDS EIGHT,0.1138,0.0854,0.8008
CLUBS FIVE DIAMONDS EIGHT,0.3946,0.38,0.2254
SPADES ACE SPADES THREE,0.405,0.005,0.59
CLUBS FOUR DIAMONDS EIGHT,0.4184,0.3634,0.2182
CLUBS SEVEN DIAMONDS EIGHT,0.2202,0.3028,0.477
SPADES QUEEN SPADES THREE,0.4092,0.0112,0.5796
CLUBS SIX DIAMONDS EIGHT,0.0098,0.9734,0.0168
SPADES KING SPADES THREE,0.4108,0.0106,0.5786
DIAMONDS QUEEN DIAMONDS EIGHT,0.2702,0.0458,0.684
HEARTS TWO DIAMONDS EIGHT,0.3966,0.3742,0.2292
DIAMONDS KING DIAMONDS EIGHT,0.265,0.0332,0.7018
HEARTS THREE DIAMONDS EIGHT,0.4116,0.369,0.2194
DIAMONDS ACE DIAMONDS EIGHT,0.2518,0.0286,0.7196
HEARTS FOUR DIAMONDS EIGHT,0.389,0.3798,0.2312
HEARTS FIVE DIAMONDS EIGHT,0.398,0.3728,0.2292
DIAMONDS TEN DIAMONDS EIGHT,0.246,0.0706,0.6834
DIAMONDS JACK DIAMONDS EIGHT,0.2454,0.0584,0.6962
SPADES JACK SPADES THREE,0.4086,0.0168,0.5746
SPADES TEN SPADES THREE,0.4146,0.025,0.5604
CLUBS FOUR HEARTS ACE,0.424,0.0046,0.5714
CLUBS FOUR HEARTS QUEEN,0.4334,0.0108,0.5558
CLUBS FOUR HEARTS KING,0.4178,0.0092,0.573
CLUBS SIX HEARTS TEN,0.2566,0.0794,0.664
CLUBS SIX HEARTS JACK,0.2814,0.056,0.6626
SPADES FOUR DIAMONDS EIGHT,0.4152,0.3718,0.213
SPADES FIVE DIAMONDS EIGHT,0.3876,0.39,0.2224
SPADES TWO DIAMONDS EIGHT,0.408,0.3844,0.2076
SPADES THREE DIAMONDS EIGHT,0.4174,0.3706,0.212
CLUBS FOUR HEARTS JACK,0.4224,0.019,0.5586
SPADES TEN DIAMONDS QUEEN,0.3312,0.0096,0.6592
SPADES TEN HEARTS TWO,0.4086,0.0274,0.564
SPADES JACK HEARTS EIGHT,0.2518,0.0554,0.6928
CLUBS FOUR HEARTS TEN,0.4168,0.026,0.5572
SPADES NINE DIAMONDS EIGHT,0.2304,0.1118,0.6578
SPADES TEN HEARTS EIGHT,0.2416,0.0814,0.677
SPADES JACK HEARTS TWO,0.421,0.0226,0.5564
SPADES JACK DIAMONDS QUEEN,0.346,0.0092,0.6448
SPADES SIX DIAMONDS EIGHT,0.0082,0.984,0.0078
SPADES SEVEN DIAMONDS EIGHT,0.2126,0.3002,0.4872
SPADES ACE HEARTS TWO,0.417,0.005,0.578
SPADES ACE DIAMONDS QUEEN,0.3576,0.0038,0.6386
SPADES ACE HEARTS EIGHT,0.2484,0.0298,0.7218
SPADES KING HEARTS EIGHT,0.2784,0.0344,0.6872
SPADES QUEEN HEARTS TWO,0.4212,0.0156,0.5632
SPADES QUEEN DIAMONDS QUEEN,0.172,0.028,0.8
SPADES KING DIAMONDS QUEEN,0.3424,0.0054,0.6522
SPADES KING HEARTS TWO,0.416,0.0074,0.5766
SPADES QUEEN HEARTS EIGHT,0.2692,0.0512,0.6796
CLUBS TWO HEARTS TEN,0.4378,0.024,0.5382
CLUBS TWO HEARTS JACK,0.4302,0.019,0.5508
SPADES SEVEN DIAMONDS NINE,0.3582,0.0408,0.601
SPADES SIX DIAMONDS NINE,0.2402,0.1118,0.648
SPADES NINE DIAMONDS NINE,0.1566,0.0594,0.784
SPADES TEN CLUBS KING,0.3548,0.006,0.6392
DIAMONDS NINE SPADES THREE,0.4224,0.0424,0.5352
SPADES JACK CLUBS KING,0.3512,0.0056,0.6432
DIAMONDS NINE SPADES TWO,0.4256,0.0424,0.532
SPADES FIVE DIAMONDS NINE,0.4146,0.0462,0.5392
SPADES FOUR DIAMONDS NINE,0.4184,0.0402,0.5414
CLUBS NINE DIAMONDS NINE,0.1492,0.0542,0.7966
CLUBS EIGHT DIAMONDS NINE,0.2368,0.0996,0.6636
CLUBS SIX DIAMONDS NINE,0.2466,0.113,0.6404
SPADES JACK CLUBS FOUR,0.4178,0.0218,0.5604
CLUBS SEVEN DIAMONDS NINE,0.354,0.041,0.605
SPADES TEN CLUBS FOUR,0.4228,0.0272,0.55
CLUBS FOUR DIAMONDS NINE,0.4144,0.0424,0.5432
CLUBS FIVE DIAMONDS NINE,0.405,0.0428,0.5522
CLUBS TWO DIAMONDS NINE,0.421,0.0432,0.5358
CLUBS THREE DIAMONDS NINE,0.4296,0.043,0.5274
DIAMONDS NINE HEARTS EIGHT,0.2414,0.1002,0.6584
DIAMONDS NINE HEARTS NINE,0.1502,0.0574,0.7924
HEARTS SIX DIAMONDS NINE,0.2492,0.1124,0.6384
HEARTS SEVEN DIAMONDS NINE,0.3436,0.0416,0.6148
CLUBS NINE CLUBS EIGHT,0.2276,0.0984,0.674
DIAMONDS ACE DIAMONDS NINE,0.346,0.0046,0.6494
HEARTS FOUR DIAMONDS NINE,0.421,0.0426,0.5364
HEARTS FIVE DIAMONDS NINE,0.3962,0.0438,0.56
HEARTS ACE CLUBS TWO,0.4224,0.004,0.5736
SPADES ACE CLUBS FOUR,0.413,0.0032,0.5838
DIAMONDS NINE DIAMONDS QUEEN,0.3358,0.0108,0.6534
HEARTS TWO DIAMONDS NINE,0.4314,0.047,0.5216
CLUBS TWO HEARTS KING,0.428,0.0062,0.5658
SPADES KING CLUBS FOUR,0.4192,0.0066,0.5742
DIAMONDS KING DIAMONDS NINE,0.3442,0.0068,0.649
HEARTS THREE DIAMONDS NINE,0.4386,0.0416,0.5198
CLUBS TWO HEARTS QUEEN,0.427,0.0118,0.5612
SPADES QUEEN CLUBS FOUR,0.4196,0.012,0.5684
DIAMONDS NINE DIAMONDS JACK,0.3242,0.0162,0.6596
CLUBS EIGHT SPADES NINE,0.2446,0.1008,0.6546
DIAMONDS TEN DIAMONDS NINE,0.3184,0.0246,0.657
CLUBS EIGHT SPADES SEVEN,0.2156,0.3118,0.4726
CLUBS EIGHT SPADES SIX,0.019,0.9688,0.0122
CLUBS EIGHT SPADES FIVE,0.4008,0.3782,0.221
CLUBS EIGHT SPADES FOUR,0.4132,0.3748,0.212
CLUBS EIGHT SPADES THREE,0.4124,0.3702,0.2174
CLUBS EIGHT SPADES TWO,0.4178,0.381,0.2012
HEARTS SIX DIAMONDS TEN,0.2578,0.0676,0.6746
HEARTS SEVEN DIAMONDS TEN,0.3608,0.0234,0.6158
DIAMONDS TEN HEARTS EIGHT,0.2518,0.0746,0.6736
CLUBS FOUR CLUBS JACK,0.4072,0.0174,0.5754
DIAMONDS TEN HEARTS NINE,0.327,0.0208,0.6522
CLUBS TEN CLUBS FOUR,0.3934,0.0246,0.582
CLUBS FOUR CLUBS KING,0.4082,0.007,0.5848
CLUBS FOUR CLUBS QUEEN,0.4024,0.01,0.5876
DIAMONDS TEN CLUBS TWO,0.421,0.028,0.551
CLUBS THREE DIAMONDS TEN,0.4212,0.0266,0.5522
CLUBS FOUR CLUBS ACE,0.3954,0.0028,0.6018
DIAMONDS TEN DIAMONDS JACK,0.3244,0.0156,0.66
DIAMONDS TEN DIAMONDS QUEEN,0.3424,0.0102,0.6474
HEARTS TWO DIAMONDS TEN,0.4258,0.0304,0.5438
DIAMONDS KING DIAMONDS TEN,0.3384,0.0076,0.654
HEARTS THREE DIAMONDS TEN,0.4178,0.029,0.5532
DIAMONDS ACE DIAMONDS TEN,0.3428,0.0058,0.6514
HEARTS FOUR DIAMONDS TEN,0.411,0.028,0.561
CLUBS EIGHT HEARTS JACK,0.2616,0.0558,0.6826
HEARTS FIVE DIAMONDS TEN,0.4174,0.0286,0.554
CLUBS EIGHT HEARTS TEN,0.2664,0.082,0.6516
CLUBS EIGHT HEARTS QUEEN,0.2856,0.042,0.6724
CLUBS EIGHT HEARTS KING,0.2768,0.0336,0.6896
CLUBS EIGHT HEARTS ACE,0.278,0.026,0.696
CLUBS NINE SPADES THREE,0.4294,0.0468,0.5238
CLUBS NINE SPADES TWO,0.4432,0.0426,0.5142
CLUBS NINE SPADES FIVE,0.3996,0.0402,0.5602
CLUBS NINE SPADES FOUR,0.4276,0.039,0.5334
CLUBS NINE SPADES SEVEN,0.355,0.0378,0.6072
CLUBS NINE SPADES SIX,0.2648,0.1022,0.633
CLUBS NINE SPADES NINE,0.1584,0.0594,0.7822
CLUBS TEN HEARTS EIGHT,0.258,0.0764,0.6656
HEARTS EIGHT CLUBS JACK,0.2502,0.0566,0.6932
CLUBS QUEEN HEARTS EIGHT,0.2664,0.0456,0.688
CLUBS KING HEARTS EIGHT,0.2738,0.0366,0.6896
CLUBS ACE HEARTS EIGHT,0.2692,0.0244,0.7064
SPADES KING CLUBS KING,0.1676,0.0142,0.8182
SPADES QUEEN CLUBS KING,0.352,0.0074,0.6406
SPADES ACE CLUBS KING,0.3578,0.003,0.6392
DIAMONDS ACE HEARTS TEN,0.3508,0.0042,0.645
HEARTS FOUR HEARTS TEN,0.3932,0.0256,0.5812
DIAMONDS ACE HEARTS JACK,0.358,0.003,0.639
HEARTS FOUR HEARTS JACK,0.394,0.0202,0.5858
SPADES KING CLUBS FIVE,0.4176,0.007,0.5754
SPADES QUEEN CLUBS FIVE,0.4138,0.0136,0.5726
SPADES ACE CLUBS FIVE,0.4024,0.0034,0.5942
HEARTS SEVEN DIAMONDS JACK,0.3718,0.0158,0.6124
HEARTS SIX DIAMONDS JACK,0.2782,0.057,0.6648
DIAMONDS JACK HEARTS NINE,0.3322,0.0186,0.6492
DIAMONDS JACK HEARTS EIGHT,0.2458,0.057,0.6972
DIAMONDS KING DIAMONDS JACK,0.344,0.0092,0.6468
HEARTS THREE DIAMONDS JACK,0.4334,0.0194,0.5472
SPADES ACE SPADES SIX,0.2742,0.0176,0.7082
HEARTS ACE SPADES FOUR,0.4208,0.0048,0.5744
DIAMONDS QUEEN DIAMONDS JACK,0.3256,0.0106,0.6638
HEARTS TWO DIAMONDS JACK,0.4204,0.0158,0.5638
HEARTS FIVE DIAMONDS JACK,0.4184,0.0166,0.565
SPADES QUEEN SPADES SIX,0.2662,0.0462,0.6876
SPADES FOUR HEARTS QUEEN,0.4334,0.0106,0.556
DIAMONDS ACE DIAMONDS JACK,0.3368,0.0048,0.6584
HEARTS FOUR DIAMONDS JACK,0.41,0.017,0.573
SPADES KING SPADES SIX,0.2724,0.0338,0.6938
SPADES FOUR HEARTS KING,0.4082,0.0082,0.5836
SPADES TEN SPADES SIX,0.2586,0.079,0.6624
SPADES JACK SPADES SIX,0.2678,0.057,0.6752
SPADES FOUR DIAMONDS JACK,0.4274,0.02,0.5526
SPADES FIVE DIAMONDS JACK,0.4008,0.0156,0.5836
SPADES TWO DIAMONDS JACK,0.4272,0.0174,0.5554
SPADES THREE DIAMONDS JACK,0.4262,0.0252,0.5486
SPADES ACE DIAMONDS THREE,0.4212,0.005,0.5738
SPADES QUEEN DIAMONDS THREE,0.4374,0.0138,0.5488
CLUBS EIGHT DIAMONDS JACK,0.2594,0.0636,0.677
SPADES KING DIAMONDS THREE,0.4294,0.0096,0.561
CLUBS NINE DIAMONDS JACK,0.3416,0.0164,0.642
CLUBS SIX DIAMONDS JACK,0.27,0.0536,0.6764
CLUBS SEVEN DIAMONDS JACK,0.3708,0.019,0.6102
CLUBS FOUR DIAMONDS JACK,0.4254,0.02,0.5546
CLUBS FIVE DIAMONDS JACK,0.411,0.0166,0.5724
CLUBS TWO DIAMONDS JACK,0.4398,0.0176,0.5426
CLUBS THREE DIAMONDS JACK,0.4118,0.0168,0.5714
SPADES TEN CLUBS FIVE,0.4138,0.0276,0.5586
SPADES JACK HEARTS SIX,0.268,0.0554,0.6766
HEARTS SIX SPADES TEN,0.2578,0.0744,0.6678
SPADES JACK CLUBS FIVE,0.4166,0.015,0.5684
SPADES JACK DIAMONDS THREE,0.42,0.022,0.558
CLUBS SEVEN CLUBS ACE,0.3672,0.0034,0.6294
DIAMONDS THREE SPADES TEN,0.4468,0.028,0.5252
CLUBS SEVEN CLUBS QUEEN,0.3536,0.0126,0.6338
CLUBS SEVEN CLUBS KING,0.363,0.0074,0.6296
SPADES NINE DIAMONDS JACK,0.332,0.0188,0.6492
CLUBS TEN CLUBS SEVEN,0.3426,0.0264,0.631
DIAMONDS ACE HEARTS ACE,0.1716,0.004,0.8244
HEARTS FOUR HEARTS ACE,0.3846,0.0032,0.6122
SPADES ACE HEARTS SIX,0.2736,0.023,0.7034
CLUBS SEVEN CLUBS JACK,0.3596,0.0174,0.623
DIAMONDS ACE HEARTS KING,0.351,0.005,0.644
HEARTS FOUR HEARTS KING,0.3934,0.0092,0.5974
SPADES SEVEN DIAMONDS JACK,0.3838,0.0156,0.6006
SPADES KING HEARTS SIX,0.264,0.0314,0.7046
DIAMONDS ACE HEARTS QUEEN,0.3678,0.0046,0.6276
HEARTS FOUR HEARTS QUEEN,0.4098,0.0136,0.5766
SPADES SIX DIAMONDS JACK,0.2728,0.0628,0.6644
SPADES QUEEN HEARTS SIX,0.2726,0.0434,0.684
DIAMONDS TEN SPADES TWO,0.4302,0.0256,0.5442
DIAMONDS TEN SPADES THREE,0.4174,0.0272,0.5554
DIAMONDS TEN SPADES FOUR,0.4204,0.0304,0.5492
SPADES FIVE DIAMONDS TEN,0.4152,0.0296,0.5552
SPADES SIX DIAMONDS TEN,0.2646,0.0742,0.6612
SPADES SEVEN DIAMONDS TEN,0.3602,0.029,0.6108
SPADES NINE DIAMONDS TEN,0.328,0.0284,0.6436
CLUBS FOUR DIAMONDS TEN,0.4112,0.0272,0.5616
CLUBS FIVE DIAMONDS TEN,0.4186,0.0272,0.5542
CLUBS SIX DIAMONDS TEN,0.264,0.0726,0.6634
CLUBS SEVEN DIAMONDS TEN,0.3654,0.0226,0.612
CLUBS EIGHT DIAMONDS TEN,0.2456,0.0838,0.6706
CLUBS NINE DIAMONDS TEN,0.32,0.0232,0.6568
DIAMONDS THREE CLUBS JACK,0.4442,0.0204,0.5354
CLUBS TEN DIAMONDS THREE,0.4288,0.0288,0.5424
DIAMONDS THREE CLUBS KING,0.445,0.0104,0.5446
DIAMONDS THREE CLUBS QUEEN,0.4324,0.0138,0.5538
DIAMONDS THREE CLUBS ACE,0.4354,0.003,0.5616
SPADES FOUR HEARTS JACK,0.432,0.0198,0.5482
SPADES FOUR HEARTS TEN,0.4298,0.025,0.5452
SPADES FIVE SPADES TWO,0.587,0.0648,0.3482
SPADES FOUR SPADES TWO,0.56,0.0626,0.3774
SPADES THREE SPADES TWO,0.5772,0.065,0.3578
SPADES NINE SPADES TWO,0.402,0.0442,0.5538
SPADES SEVEN SPADES TWO,0.5864,0.0644,0.3492
SPADES SIX SPADES TWO,0.5954,0.1468,0.2578
CLUBS THREE DIAMONDS QUEEN,0.4184,0.0134,0.5682
CLUBS THREE HEARTS TWO,0.5936,0.0638,0.3426
CLUBS TWO DIAMONDS QUEEN,0.4268,0.0124,0.5608
HEARTS TWO CLUBS TWO,0.4062,0.0932,0.5006
HEARTS SEVEN DIAMONDS QUEEN,0.3902,0.0108,0.599
HEARTS SEVEN HEARTS TWO,0.5686,0.0628,0.3686
HEARTS SIX DIAMONDS QUEEN,0.2836,0.0422,0.6742
HEARTS SIX HEARTS TWO,0.5812,0.1466,0.2722
DIAMONDS QUEEN HEARTS NINE,0.3596,0.0088,0.6316
HEARTS TWO HEARTS NINE,0.3972,0.0354,0.5674
DIAMONDS QUEEN HEARTS EIGHT,0.2704,0.047,0.6826
HEARTS TWO HEARTS EIGHT,0.3934,0.3492,0.2574
CLUBS NINE HEARTS TWO,0.4326,0.0452,0.5222
CLUBS NINE DIAMONDS QUEEN,0.353,0.0108,0.6362
CLUBS EIGHT HEARTS TWO,0.4056,0.3786,0.2158
CLUBS EIGHT DIAMONDS QUEEN,0.2688,0.0422,0.689
CLUBS FIVE DIAMONDS QUEEN,0.4106,0.0144,0.575
CLUBS FIVE HEARTS TWO,0.6052,0.0664,0.3284
CLUBS FOUR DIAMONDS QUEEN,0.4284,0.0114,0.5602
CLUBS FOUR HEARTS TWO,0.5926,0.0662,0.3412
CLUBS SEVEN DIAMONDS QUEEN,0.3986,0.0106,0.5908
CLUBS SEVEN HEARTS TWO,0.6152,0.0648,0.32
CLUBS SIX DIAMONDS QUEEN,0.275,0.049,0.676
CLUBS SIX HEARTS TWO,0.6288,0.1378,0.2334
SPADES SIX DIAMONDS QUEEN,0.2776,0.0418,0.6806
SPADES SIX HEARTS TWO,0.6204,0.151,0.2286
HEARTS FOUR CLUBS QUEEN,0.4258,0.0108,0.5634
DIAMONDS ACE CLUBS QUEEN,0.3694,0.0038,0.6268
SPADES SEVEN DIAMONDS QUEEN,0.3928,0.0164,0.5908
SPADES SEVEN HEARTS TWO,0.6132,0.075,0.3118
HEARTS FOUR CLUBS KING,0.4146,0.005,0.5804
DIAMONDS ACE CLUBS KING,0.3592,0.0046,0.6362
HEARTS FOUR CLUBS ACE,0.4104,0.0036,0.586
DIAMONDS ACE CLUBS ACE,0.166,0.003,0.831
SPADES NINE DIAMONDS QUEEN,0.3474,0.0118,0.6408
SPADES NINE HEARTS TWO,0.4316,0.0448,0.5236
HEARTS TWO SPADES TWO,0.4096,0.0864,0.504
DIAMONDS QUEEN SPADES TWO,0.433,0.0124,0.5546
HEARTS TWO SPADES THREE,0.6016,0.0696,0.3288
SPADES THREE DIAMONDS QUEEN,0.4344,0.0126,0.553
HEARTS TWO SPADES FOUR,0.5902,0.0646,0.3452
SPADES FOUR DIAMONDS QUEEN,0.4162,0.0152,0.5686
CLUBS TEN HEARTS FOUR,0.4134,0.0262,0.5604
CLUBS TEN DIAMONDS ACE,0.3528,0.004,0.6432
HEARTS TWO SPADES FIVE,0.616,0.0686,0.3154
SPADES FIVE DIAMONDS QUEEN,0.4236,0.0124,0.564
HEARTS FOUR CLUBS JACK,0.4248,0.02,0.5552
DIAMONDS ACE CLUBS JACK,0.355,0.0034,0.6416
CLUBS FIVE CLUBS KING,0.3862,0.009,0.6048
CLUBS FIVE CLUBS QUEEN,0.4064,0.0092,0.5844
CLUBS FIVE CLUBS ACE,0.3882,0.0052,0.6066
CLUBS FIVE CLUBS JACK,0.3932,0.0166,0.5902
CLUBS TEN CLUBS FIVE,0.396,0.0292,0.5748
SPADES KING CLUBS JACK,0.3568,0.0072,0.636
SPADES QUEEN CLUBS JACK,0.3404,0.0098,0.6498
SPADES ACE CLUBS JACK,0.355,0.0032,0.6418
SPADES SIX CLUBS KING,0.2712,0.0342,0.6946
SPADES SIX CLUBS QUEEN,0.2802,0.038,0.6818
SPADES SIX CLUBS ACE,0.2826,0.0228,0.6946
SPADES SIX CLUBS JACK,0.2896,0.0526,0.6578
CLUBS TEN SPADES SIX,0.2688,0.0748,0.6564
SPADES TEN CLUBS JACK,0.327,0.0152,0.6578
SPADES JACK CLUBS JACK,0.1704,0.0394,0.7902
SPADES QUEEN CLUBS SEVEN,0.3902,0.01,0.5998
SPADES KING CLUBS SEVEN,0.3918,0.0084,0.5998
SPADES ACE CLUBS SEVEN,0.3822,0.0034,0.6144
SPADES SIX HEARTS TEN,0.269,0.0794,0.6516
SPADES SIX HEARTS JACK,0.2866,0.0596,0.6538
SPADES SIX HEARTS ACE,0.2702,0.0256,0.7042
SPADES SIX HEARTS KING,0.2762,0.0386,0.6852
SPADES SIX HEARTS QUEEN,0.2876,0.0452,0.6672
CLUBS SEVEN SPADES JACK,0.379,0.0206,0.6004
CLUBS SEVEN SPADES TEN,0.357,0.0266,0.6164
CLUBS TEN HEARTS SIX,0.2624,0.0722,0.6654
HEARTS SIX CLUBS JACK,0.2796,0.0536,0.6668
CLUBS ACE CLUBS JACK,0.3252,0.0028,0.672
HEARTS SIX CLUBS QUEEN,0.2718,0.043,0.6852
HEARTS SIX CLUBS KING,0.2782,0.0348,0.687
HEARTS SIX CLUBS ACE,0.2776,0.0204,0.702
CLUBS QUEEN CLUBS JACK,0.3304,0.009,0.6606
CLUBS KING CLUBS JACK,0.3466,0.0054,0.648
DIAMONDS THREE HEARTS ACE,0.4316,0.0056,0.5628
DIAMONDS THREE HEARTS QUEEN,0.448,0.0102,0.5418
DIAMONDS THREE HEARTS KING,0.427,0.0062,0.5668
CLUBS FIVE HEARTS JACK,0.4214,0.0168,0.5618
SPADES TEN DIAMONDS ACE,0.3548,0.0044,0.6408
HEARTS FOUR SPADES TEN,0.417,0.0286,0.5544
CLUBS FIVE HEARTS TEN,0.4182,0.0288,0.553
HEARTS FOUR SPADES JACK,0.412,0.0216,0.5664
SPADES JACK DIAMONDS ACE,0.361,0.004,0.635
SPADES ACE HEARTS FOUR,0.4096,0.0056,0.5848
SPADES ACE DIAMONDS ACE,0.151,0.0046,0.8444
CLUBS FIVE HEARTS ACE,0.4146,0.004,0.5814
CLUBS FIVE HEARTS KING,0.4168,0.0082,0.575
HEARTS FOUR SPADES QUEEN,0.4174,0.0136,0.569
SPADES QUEEN DIAMONDS ACE,0.3626,0.0044,0.633
SPADES FOUR CLUBS JACK,0.4134,0.0182,0.5684
CLUBS FIVE HEARTS QUEEN,0.4134,0.0094,0.5772
SPADES KING DIAMONDS ACE,0.3512,0.0046,0.6442
SPADES KING HEARTS FOUR,0.4148,0.0112,0.574
CLUBS TEN SPADES FOUR,0.4166,0.0294,0.554
DIAMONDS ACE DIAMONDS QUEEN,0.3556,0.0032,0.6412
DIAMONDS ACE HEARTS TWO,0.4204,0.0056,0.574
HEARTS FOUR DIAMONDS QUEEN,0.4196,0.0104,0.57
HEARTS FOUR HEARTS TWO,0.5796,0.0596,0.3608
DIAMONDS THREE HEARTS TEN,0.4278,0.0288,0.5434
SPADES FOUR CLUBS KING,0.4196,0.0076,0.5728
HEARTS FIVE DIAMONDS QUEEN,0.4232,0.0144,0.5624
HEARTS FIVE HEARTS TWO,0.5534,0.067,0.3796
DIAMONDS THREE HEARTS JACK,0.428,0.0188,0.5532
SPADES FOUR CLUBS QUEEN,0.4178,0.0138,0.5684
HEARTS TWO DIAMONDS QUEEN,0.432,0.0104,0.5576
DIAMONDS KING DIAMONDS QUEEN,0.3366,0.0056,0.6578
DIAMONDS KING HEARTS TWO,0.4318,0.008,0.5602
HEARTS THREE DIAMONDS QUEEN,0.4188,0.0126,0.5686
HEARTS THREE HEARTS TWO,0.5584,0.0568,0.3848
SPADES FOUR CLUBS ACE,0.422,0.0028,0.5752
HEARTS TWO CLUBS ACE,0.4226,0.0036,0.5738
DIAMONDS QUEEN CLUBS ACE,0.364,0.005,0.631
HEARTS TWO CLUBS QUEEN,0.4302,0.0104,0.5594
DIAMONDS QUEEN CLUBS QUEEN,0.1748,0.0224,0.8028
HEARTS TWO CLUBS KING,0.4266,0.0058,0.5676
DIAMONDS QUEEN CLUBS KING,0.3638,0.005,0.6312
CLUBS TEN HEARTS TWO,0.4242,0.0266,0.5492
CLUBS TEN DIAMONDS QUEEN,0.3404,0.0106,0.649
SPADES NINE SPADES FIVE,0.3818,0.0372,0.581
HEARTS TWO CLUBS JACK,0.4358,0.0182,0.546
DIAMONDS QUEEN CLUBS JACK,0.3454,0.0086,0.646
SPADES SIX SPADES FIVE,0.5742,0.1414,0.2844
SPADES SEVEN SPADES FIVE,0.5516,0.06,0.3884
DIAMONDS FIVE CLUBS QUEEN,0.4146,0.0144,0.571
DIAMONDS FIVE CLUBS KING,0.4288,0.008,0.5632
CLUBS ACE DIAMONDS FIVE,0.4072,0.0044,0.5884
CLUBS TEN DIAMONDS FIVE,0.4284,0.0244,0.5472
DIAMONDS FIVE CLUBS JACK,0.419,0.0178,0.5632
DIAMONDS TEN HEARTS JACK,0.331,0.0138,0.6552
DIAMONDS TEN HEARTS TEN,0.155,0.0514,0.7936
SPADES ACE CLUBS NINE,0.3592,0.0034,0.6374
CLUBS NINE SPADES QUEEN,0.344,0.0084,0.6476
CLUBS NINE SPADES KING,0.3454,0.004,0.6506
HEARTS SIX HEARTS KING,0.259,0.0324,0.7086
DIAMONDS KING SPADES SEVEN,0.3752,0.0072,0.6176
SPADES SEVEN HEARTS THREE,0.606,0.064,0.33
SPADES KING DIAMONDS SEVEN,0.3754,0.0092,0.6154
HEARTS SIX HEARTS QUEEN,0.2506,0.0464,0.703
DIAMONDS KING SPADES SIX,0.2644,0.036,0.6996
HEARTS THREE SPADES SIX,0.6224,0.1546,0.223
SPADES QUEEN DIAMONDS SEVEN,0.384,0.0112,0.6048
SPADES NINE DIAMONDS KING,0.3416,0.0088,0.6496
SPADES NINE HEARTS THREE,0.4268,0.0378,0.5354
HEARTS SIX HEARTS ACE,0.254,0.0182,0.7278
SPADES ACE DIAMONDS SEVEN,0.3718,0.0044,0.6238
CLUBS NINE HEARTS THREE,0.4316,0.0452,0.5232
CLUBS NINE DIAMONDS KING,0.3662,0.0072,0.6266
CLUBS EIGHT HEARTS THREE,0.4102,0.3758,0.214
CLUBS EIGHT DIAMONDS KING,0.2668,0.039,0.6942
HEARTS THREE SPADES THREE,0.399,0.0872,0.5138
DIAMONDS KING SPADES THREE,0.4284,0.0082,0.5634
HEARTS THREE SPADES TWO,0.5984,0.0674,0.3342
DIAMONDS KING SPADES TWO,0.421,0.0078,0.5712
HEARTS THREE SPADES FIVE,0.5956,0.0672,0.3372
DIAMONDS KING SPADES FIVE,0.4096,0.0058,0.5846
