opposingHand,winningChance,drawChance,lostChance
SPADES EIGHT DIAMONDS EIGHT
HEARTS FIVE SPADES TEN,0.6662,0.0434,0.2904
HEARTS FIVE SPADES JACK,0.6578,0.0338,0.3084
SPADES FIVE CLUBS JACK,0.6784,0.0316,0.29
CLUBS TEN SPADES FIVE,0.6762,0.0438,0.28
CLUBS EIGHT CLUBS JACK,0.6194,0.0332,0.3474
CLUBS TEN CLUBS EIGHT,0.6064,0.0458,0.3478
CLUBS EIGHT CLUBS KING,0.6428,0.0248,0.3324
SPADES FIVE CLUBS ACE,0.662,0.0038,0.3342
CLUBS EIGHT CLUBS QUEEN,0.6192,0.0284,0.3524
SPADES FIVE CLUBS KING,0.6628,0.0122,0.325
SPADES FIVE CLUBS QUEEN,0.6658,0.0224,0.3118
CLUBS EIGHT CLUBS ACE,0.6228,0.0294,0.3478
DIAMONDS TWO DIAMONDS THREE,0.7254,0.1012,0.1734
DIAMONDS TWO DIAMONDS FIVE,0.7314,0.0998,0.1688
HEARTS FIVE SPADES KING,0.6482,0.0126,0.3392
DIAMONDS TWO DIAMONDS FOUR,0.7334,0.0938,0.1728
HEARTS FIVE SPADES QUEEN,0.6586,0.0246,0.3168
DIAMONDS TWO DIAMONDS SEVEN,0.7654,0.078,0.1566
DIAMONDS TWO DIAMONDS SIX,0.7472,0.089,0.1638
SPADES ACE HEARTS FIVE,0.639,0.0038,0.3572
DIAMONDS TWO DIAMONDS NINE,0.6382,0.059,0.3028
DIAMONDS THREE DIAMONDS FOUR,0.7116,0.101,0.1874
SPADES FOUR CLUBS TWO,0.7546,0.104,0.1414
DIAMONDS THREE DIAMONDS FIVE,0.7068,0.0984,0.1948
SPADES FIVE CLUBS TWO,0.7512,0.0946,0.1542
CLUBS TWO SPADES TWO,0.6372,0.183,0.1798
CLUBS TWO SPADES THREE,0.759,0.0972,0.1438
DIAMONDS THREE DIAMONDS NINE,0.6506,0.0572,0.2922
SPADES NINE CLUBS TWO,0.6728,0.0652,0.262
DIAMONDS THREE DIAMONDS SIX,0.7334,0.089,0.1776
SPADES SIX CLUBS TWO,0.7884,0.0866,0.125
DIAMONDS THREE DIAMONDS SEVEN,0.749,0.086,0.165
SPADES SEVEN CLUBS TWO,0.796,0.082,0.122
CLUBS SIX CLUBS TWO,0.732,0.0916,0.1764
CLUBS SEVEN CLUBS TWO,0.7438,0.0818,0.1744
CLUBS FOUR CLUBS TWO,0.7098,0.0954,0.1948
CLUBS FIVE CLUBS TWO,0.7092,0.088,0.2028
CLUBS TEN CLUBS JACK,0.5026,0.0216,0.4758
DIAMONDS FOUR DIAMONDS SIX,0.7196,0.0904,0.19
CLUBS TEN CLUBS QUEEN,0.4976,0.012,0.4904
DIAMONDS FOUR DIAMONDS SEVEN,0.746,0.0806,0.1734
CLUBS TEN CLUBS KING,0.5036,0.0076,0.4888
CLUBS TEN CLUBS ACE,0.4922,0.0042,0.5036
CLUBS EIGHT CLUBS TWO,0.7992,0.0828,0.118
DIAMONDS FIVE DIAMONDS FOUR,0.7092,0.0912,0.1996
CLUBS NINE CLUBS TWO,0.6486,0.0558,0.2956
DIAMONDS NINE DIAMONDS FOUR,0.6528,0.059,0.2882
CLUBS THREE CLUBS TWO,0.7216,0.0968,0.1816
DIAMONDS NINE DIAMONDS FIVE,0.6348,0.0634,0.3018
DIAMONDS TWO CLUBS JACK,0.6794,0.035,0.2856
CLUBS TEN DIAMONDS TWO,0.683,0.049,0.268
DIAMONDS FIVE DIAMONDS SEVEN,0.7222,0.08,0.1978
DIAMONDS FIVE DIAMONDS SIX,0.7074,0.0886,0.204
DIAMONDS TWO CLUBS ACE,0.6474,0.0046,0.348
DIAMONDS TWO CLUBS KING,0.6818,0.0114,0.3068
DIAMONDS TWO CLUBS QUEEN,0.6838,0.0222,0.294
DIAMONDS NINE DIAMONDS SIX,0.6258,0.0634,0.3108
HEARTS ACE SPADES THREE,0.655,0.0026,0.3424
SPADES THREE HEARTS KING,0.6748,0.0116,0.3136
DIAMONDS SEVEN DIAMONDS SIX,0.7372,0.0838,0.179
SPADES THREE HEARTS QUEEN,0.6768,0.024,0.2992
SPADES THREE HEARTS JACK,0.6852,0.0348,0.28
SPADES THREE HEARTS TEN,0.6812,0.043,0.2758
DIAMONDS NINE DIAMONDS SEVEN,0.6192,0.056,0.3248
DIAMONDS KING HEARTS TEN,0.534,0.0074,0.4586
HEARTS THREE HEARTS TEN,0.6522,0.042,0.3058
SPADES JACK CLUBS SIX,0.6828,0.0312,0.286
DIAMONDS KING HEARTS JACK,0.5224,0.0064,0.4712
HEARTS THREE HEARTS JACK,0.6388,0.0328,0.3284
SPADES TEN CLUBS SIX,0.6436,0.0492,0.3072
SPADES JACK SPADES FIVE,0.618,0.0342,0.3478
SPADES TEN SPADES FIVE,0.6438,0.0506,0.3056
DIAMONDS KING HEARTS ACE,0.5242,0.0044,0.4714
HEARTS THREE HEARTS ACE,0.6114,0.0038,0.3848
SPADES ACE CLUBS SIX,0.6596,0.0042,0.3362
DIAMONDS KING HEARTS QUEEN,0.5272,0.0066,0.4662
HEARTS THREE HEARTS QUEEN,0.6332,0.0214,0.3454
SPADES KING CLUBS SIX,0.66,0.011,0.329
DIAMONDS KING HEARTS KING,0.1916,0.0308,0.7776
HEARTS THREE HEARTS KING,0.6234,0.01,0.3666
SPADES QUEEN CLUBS SIX,0.6698,0.021,0.3092
SPADES NINE HEARTS TEN,0.5274,0.0394,0.4332
SPADES NINE HEARTS JACK,0.5402,0.0254,0.4344
SPADES QUEEN SPADES FIVE,0.6176,0.024,0.3584
SPADES KING SPADES FIVE,0.619,0.0104,0.3706
SPADES ACE SPADES FIVE,0.6084,0.0046,0.387
SPADES NINE HEARTS QUEEN,0.5502,0.018,0.4318
SPADES NINE HEARTS KING,0.5518,0.0098,0.4384
SPADES NINE HEARTS ACE,0.5464,0.004,0.4496
CLUBS TEN SPADES JACK,0.5132,0.023,0.4638
CLUBS TEN SPADES TEN,0.185,0.1214,0.6936
SPADES ACE CLUBS TEN,0.5352,0.0036,0.4612
SPADES KING CLUBS TEN,0.5338,0.0086,0.4576
CLUBS TEN SPADES QUEEN,0.5304,0.0146,0.455
SPADES FIVE HEARTS QUEEN,0.6674,0.0228,0.3098
SPADES FIVE HEARTS KING,0.6732,0.0102,0.3166
SPADES FIVE HEARTS ACE,0.6372,0.0056,0.3572
CLUBS EIGHT SPADES TEN,0.6316,0.0506,0.3178
SPADES JACK HEARTS THREE,0.6734,0.0322,0.2944
SPADES JACK DIAMONDS KING,0.5266,0.006,0.4674
SPADES TEN DIAMONDS KING,0.5234,0.0092,0.4674
SPADES TEN HEARTS THREE,0.6756,0.051,0.2734
SPADES JACK CLUBS EIGHT,0.6444,0.04,0.3156
CLUBS SIX HEARTS ACE,0.6514,0.0034,0.3452
SPADES ACE CLUBS EIGHT,0.6586,0.026,0.3154
HEARTS FIVE CLUBS JACK,0.6652,0.0276,0.3072
HEARTS FIVE CLUBS TEN,0.676,0.0416,0.2824
CLUBS SIX HEARTS QUEEN,0.6644,0.0208,0.3148
SPADES QUEEN CLUBS EIGHT,0.6738,0.0282,0.298
CLUBS TEN SPADES THREE,0.6836,0.048,0.2684
CLUBS SIX HEARTS KING,0.666,0.011,0.323
SPADES KING CLUBS EIGHT,0.6662,0.0198,0.314
SPADES THREE CLUBS JACK,0.6812,0.0348,0.284
DIAMONDS TWO HEARTS JACK,0.6856,0.0326,0.2818
SPADES THREE CLUBS QUEEN,0.6812,0.0202,0.2986
DIAMONDS TWO HEARTS TEN,0.6944,0.0442,0.2614
SPADES THREE CLUBS KING,0.6616,0.0112,0.3272
HEARTS FIVE CLUBS ACE,0.6472,0.0032,0.3496
SPADES FIVE HEARTS TEN,0.6734,0.0448,0.2818
SPADES THREE CLUBS ACE,0.6502,0.004,0.3458
HEARTS FIVE CLUBS KING,0.6614,0.0124,0.3262
SPADES FIVE HEARTS JACK,0.6658,0.031,0.3032
HEARTS FIVE CLUBS QUEEN,0.6596,0.0202,0.3202
HEARTS THREE CLUBS KING,0.6682,0.0108,0.321
DIAMONDS KING CLUBS KING,0.1798,0.0342,0.786
HEARTS THREE CLUBS QUEEN,0.6752,0.021,0.3038
DIAMONDS KING CLUBS QUEEN,0.5334,0.0058,0.4608
HEARTS FIVE HEARTS JACK,0.6284,0.0336,0.338
HEARTS FIVE HEARTS TEN,0.6306,0.0476,0.3218
HEARTS THREE CLUBS ACE,0.654,0.0044,0.3416
DIAMONDS KING CLUBS ACE,0.5324,0.0032,0.4644
SPADES ACE CLUBS QUEEN,0.5256,0.0036,0.4708
SPADES KING CLUBS QUEEN,0.5252,0.004,0.4708
HEARTS THREE CLUBS JACK,0.6682,0.0336,0.2982
DIAMONDS KING CLUBS JACK,0.5126,0.006,0.4814
SPADES QUEEN CLUBS QUEEN,0.19,0.064,0.746
CLUBS TEN HEARTS THREE,0.6716,0.0454,0.283
CLUBS TEN DIAMONDS KING,0.5214,0.007,0.4716
SPADES JACK CLUBS QUEEN,0.5212,0.0112,0.4676
CLUBS SIX CLUBS QUEEN,0.6278,0.0192,0.353
SPADES TEN CLUBS QUEEN,0.522,0.0156,0.4624
CLUBS SIX CLUBS KING,0.6276,0.0106,0.3618
CLUBS SIX CLUBS ACE,0.6266,0.0044,0.369
HEARTS FIVE HEARTS KING,0.6196,0.0112,0.3692
HEARTS FIVE HEARTS QUEEN,0.6306,0.0192,0.3502
CLUBS TEN CLUBS SIX,0.641,0.0436,0.3154
HEARTS FIVE HEARTS ACE,0.5986,0.0026,0.3988
CLUBS SIX CLUBS JACK,0.648,0.0274,0.3246
SPADES SEVEN HEARTS JACK,0.6698,0.0308,0.2994
SPADES SEVEN HEARTS TEN,0.6608,0.0488,0.2904
DIAMONDS TWO CLUBS TWO,0.6388,0.1794,0.1818
DIAMONDS TWO CLUBS THREE,0.7594,0.1026,0.138
DIAMONDS TWO HEARTS SIX,0.7746,0.0898,0.1356
DIAMONDS TWO HEARTS QUEEN,0.683,0.0182,0.2988
HEARTS SEVEN DIAMONDS TWO,0.8054,0.08,0.1146
DIAMONDS TWO HEARTS KING,0.679,0.01,0.311
DIAMONDS TWO HEARTS EIGHT,0.8374,0.0968,0.0658
DIAMONDS TWO HEARTS ACE,0.6556,0.0038,0.3406
DIAMONDS TWO HEARTS NINE,0.6828,0.0598,0.2574
DIAMONDS TWO DIAMONDS QUEEN,0.642,0.023,0.335
DIAMONDS TWO HEARTS TWO,0.6388,0.1844,0.1768
DIAMONDS TWO DIAMONDS KING,0.624,0.0148,0.3612
DIAMONDS TWO HEARTS THREE,0.7642,0.095,0.1408
DIAMONDS TWO DIAMONDS ACE,0.6252,0.004,0.3708
HEARTS FOUR DIAMONDS TWO,0.766,0.0928,0.1412
HEARTS FIVE DIAMONDS TWO,0.7448,0.1006,0.1546
SPADES SEVEN HEARTS ACE,0.6574,0.0024,0.3402
DIAMONDS TWO DIAMONDS TEN,0.6504,0.0446,0.305
SPADES SEVEN HEARTS KING,0.6578,0.0092,0.333
DIAMONDS TWO DIAMONDS JACK,0.6524,0.034,0.3136
SPADES SEVEN HEARTS QUEEN,0.6804,0.0198,0.2998
DIAMONDS TWO SPADES NINE,0.6856,0.0618,0.2526
DIAMONDS TWO SPADES SEVEN,0.802,0.0814,0.1166
DIAMONDS TWO SPADES SIX,0.7782,0.0956,0.1262
DIAMONDS TWO SPADES FIVE,0.7782,0.091,0.1308
DIAMONDS TWO SPADES FOUR,0.7702,0.1002,0.1296
DIAMONDS TWO SPADES THREE,0.7776,0.0924,0.13
DIAMONDS TWO SPADES TWO,0.645,0.181,0.174
CLUBS NINE DIAMONDS TWO,0.685,0.0616,0.2534
DIAMONDS TWO CLUBS EIGHT,0.8426,0.0932,0.0642
CLUBS SEVEN DIAMONDS TWO,0.7956,0.0852,0.1192
DIAMONDS TWO CLUBS SIX,0.7862,0.0922,0.1216
DIAMONDS TWO CLUBS FIVE,0.7618,0.092,0.1462
DIAMONDS TWO CLUBS FOUR,0.7568,0.107,0.1362
CLUBS FOUR SPADES FIVE,0.7226,0.107,0.1704
CLUBS FOUR SPADES FOUR,0.6254,0.19,0.1846
CLUBS FOUR SPADES THREE,0.7408,0.101,0.1582
CLUBS FOUR SPADES TWO,0.7566,0.1046,0.1388
SPADES NINE CLUBS FOUR,0.6646,0.0628,0.2726
SPADES SEVEN CLUBS FOUR,0.7694,0.0852,0.1454
SPADES SIX CLUBS FOUR,0.757,0.096,0.147
SPADES ACE DIAMONDS SIX,0.6638,0.0042,0.332
SPADES QUEEN DIAMONDS SIX,0.6656,0.0208,0.3136
SPADES KING DIAMONDS SIX,0.6614,0.0114,0.3272
SPADES TEN DIAMONDS SIX,0.6846,0.0448,0.2706
SPADES JACK DIAMONDS SIX,0.673,0.0384,0.2886
SPADES QUEEN SPADES TWO,0.6358,0.0216,0.3426
SPADES KING SPADES TWO,0.6326,0.0144,0.353
SPADES ACE SPADES TWO,0.6098,0.0034,0.3868
DIAMONDS JACK CLUBS JACK,0.1892,0.0972,0.7136
CLUBS TEN DIAMONDS JACK,0.5176,0.025,0.4574
DIAMONDS JACK CLUBS KING,0.5252,0.0074,0.4674
DIAMONDS JACK CLUBS QUEEN,0.5168,0.0126,0.4706
DIAMONDS THREE DIAMONDS JACK,0.6532,0.0346,0.3122
DIAMONDS THREE DIAMONDS TEN,0.6582,0.0458,0.296
DIAMONDS JACK CLUBS ACE,0.5416,0.0042,0.4542
DIAMONDS THREE DIAMONDS KING,0.639,0.0146,0.3464
DIAMONDS THREE HEARTS THREE,0.6252,0.182,0.1928
DIAMONDS THREE DIAMONDS QUEEN,0.6364,0.0196,0.344
DIAMONDS THREE HEARTS TWO,0.7594,0.1032,0.1374
HEARTS FIVE DIAMONDS THREE,0.7446,0.0942,0.1612
DIAMONDS THREE DIAMONDS ACE,0.6176,0.0058,0.3766
HEARTS FOUR DIAMONDS THREE,0.7452,0.1058,0.149
HEARTS SEVEN DIAMONDS THREE,0.7716,0.0886,0.1398
SPADES TEN SPADES NINE,0.5082,0.04,0.4518
HEARTS SIX DIAMONDS THREE,0.7488,0.0978,0.1534
SPADES JACK SPADES NINE,0.5276,0.0288,0.4436
DIAMONDS THREE HEARTS NINE,0.6814,0.0616,0.257
HEARTS JACK DIAMONDS FOUR,0.6868,0.0312,0.282
HEARTS ACE HEARTS KING,0.5,0.0038,0.4962
SPADES TEN SPADES TWO,0.6456,0.0414,0.313
DIAMONDS THREE HEARTS EIGHT,0.8512,0.0822,0.0666
HEARTS TEN DIAMONDS FOUR,0.6688,0.0466,0.2846
SPADES JACK SPADES TWO,0.6358,0.0314,0.3328
HEARTS QUEEN DIAMONDS FOUR,0.674,0.0244,0.3016
HEARTS KING DIAMONDS FOUR,0.6876,0.0124,0.3
SPADES ACE SPADES NINE,0.5254,0.0032,0.4714
HEARTS ACE DIAMONDS FOUR,0.6628,0.004,0.3332
SPADES KING SPADES NINE,0.5128,0.013,0.4742
SPADES QUEEN SPADES NINE,0.514,0.0178,0.4682
DIAMONDS THREE SPADES NINE,0.6828,0.0594,0.2578
DIAMONDS THREE SPADES SEVEN,0.786,0.0826,0.1314
DIAMONDS THREE SPADES SIX,0.7756,0.093,0.1314
DIAMONDS THREE CLUBS SIX,0.7594,0.0882,0.1524
CLUBS FIVE CLUBS SIX,0.7,0.0918,0.2082
CLUBS ACE DIAMONDS FOUR,0.6426,0.0052,0.3522
CLUBS SEVEN DIAMONDS THREE,0.7754,0.0872,0.1374
CLUBS SEVEN CLUBS FIVE,0.7194,0.0808,0.1998
DIAMONDS THREE CLUBS FOUR,0.7358,0.1022,0.162
DIAMONDS FOUR CLUBS QUEEN,0.6522,0.023,0.3248
DIAMONDS THREE CLUBS FIVE,0.7398,0.094,0.1662
CLUBS KING DIAMONDS FOUR,0.676,0.0128,0.3112
DIAMONDS THREE CLUBS TWO,0.7478,0.1098,0.1424
CLUBS TEN DIAMONDS FOUR,0.6658,0.0508,0.2834
DIAMONDS THREE CLUBS THREE,0.6358,0.1884,0.1758
DIAMONDS FOUR CLUBS JACK,0.6758,0.0308,0.2934
DIAMONDS THREE SPADES FOUR,0.7448,0.0944,0.1608
DIAMONDS THREE SPADES FIVE,0.7486,0.0984,0.153
DIAMONDS THREE SPADES TWO,0.7658,0.1042,0.13
DIAMONDS THREE SPADES THREE,0.6442,0.1824,0.1734
CLUBS EIGHT DIAMONDS THREE,0.8476,0.0864,0.066
CLUBS NINE DIAMONDS THREE,0.6942,0.0632,0.2426
SPADES SEVEN CLUBS ACE,0.6688,0.005,0.3262
SPADES SEVEN CLUBS QUEEN,0.683,0.0186,0.2984
SPADES SEVEN CLUBS KING,0.6766,0.0094,0.314
CLUBS FIVE SPADES SEVEN,0.7554,0.0874,0.1572
CLUBS TEN SPADES SEVEN,0.672,0.0458,0.2822
CLUBS FIVE SPADES SIX,0.746,0.0904,0.1636
SPADES SEVEN CLUBS JACK,0.672,0.033,0.295
CLUBS FIVE SPADES NINE,0.6652,0.0592,0.2756
CLUBS FIVE SPADES THREE,0.7368,0.0998,0.1634
CLUBS FIVE SPADES TWO,0.7542,0.1028,0.143
CLUBS FIVE SPADES FIVE,0.6294,0.18,0.1906
CLUBS FIVE SPADES FOUR,0.7288,0.1024,0.1688
CLUBS NINE CLUBS FIVE,0.63,0.0626,0.3074
CLUBS EIGHT CLUBS FIVE,0.762,0.08,0.158
CLUBS ACE CLUBS QUEEN,0.5112,0.004,0.4848
CLUBS KING CLUBS QUEEN,0.5094,0.0044,0.4862
DIAMONDS TEN DIAMONDS FOUR,0.6494,0.0482,0.3024
CLUBS TEN DIAMONDS NINE,0.5336,0.0374,0.429
DIAMONDS JACK DIAMONDS FOUR,0.65,0.0304,0.3196
DIAMONDS NINE CLUBS JACK,0.5456,0.0294,0.425
SPADES NINE CLUBS JACK,0.5352,0.027,0.4378
CLUBS TEN SPADES NINE,0.5218,0.0368,0.4414
DIAMONDS ACE DIAMONDS FOUR,0.6168,0.0042,0.379
HEARTS FOUR DIAMONDS FOUR,0.6338,0.1866,0.1796
DIAMONDS JACK HEARTS TEN,0.5232,0.023,0.4538
SPADES NINE CLUBS KING,0.5426,0.0094,0.448
DIAMONDS TWO SPADES TEN,0.6768,0.05,0.2732
DIAMONDS NINE CLUBS ACE,0.5638,0.0036,0.4326
HEARTS FIVE DIAMONDS FOUR,0.7304,0.0976,0.172
DIAMONDS JACK HEARTS JACK,0.1854,0.1086,0.706
SPADES NINE CLUBS QUEEN,0.5514,0.0172,0.4314
DIAMONDS TWO SPADES JACK,0.6764,0.033,0.2906
DIAMONDS QUEEN DIAMONDS FOUR,0.6414,0.0188,0.3398
HEARTS TWO DIAMONDS FOUR,0.7688,0.0926,0.1386
DIAMONDS NINE CLUBS QUEEN,0.545,0.0194,0.4356
DIAMONDS KING DIAMONDS FOUR,0.633,0.01,0.357
HEARTS THREE DIAMONDS FOUR,0.7434,0.1068,0.1498
SPADES NINE CLUBS ACE,0.5628,0.0022,0.435
DIAMONDS NINE CLUBS KING,0.5494,0.0104,0.4402
HEARTS ACE DIAMONDS JACK,0.5264,0.002,0.4716
SPADES ACE DIAMONDS TWO,0.6356,0.0064,0.358
HEARTS QUEEN DIAMONDS JACK,0.526,0.0142,0.4598
SPADES QUEEN DIAMONDS TWO,0.677,0.0216,0.3014
HEARTS KING DIAMONDS JACK,0.5308,0.0076,0.4616
SPADES KING DIAMONDS TWO,0.6536,0.0124,0.334
SPADES JACK SPADES SEVEN,0.6424,0.0342,0.3234
SPADES TEN SPADES SEVEN,0.637,0.046,0.317
CLUBS SEVEN CLUBS THREE,0.7386,0.08,0.1814
CLUBS SIX CLUBS THREE,0.7226,0.086,0.1914
CLUBS FIVE CLUBS THREE,0.6944,0.094,0.2116
CLUBS THREE CLUBS FOUR,0.7062,0.099,0.1948
CLUBS NINE CLUBS THREE,0.6424,0.0618,0.2958
CLUBS EIGHT CLUBS THREE,0.7958,0.0838,0.1204
CLUBS THREE SPADES FIVE,0.7368,0.104,0.1592
CLUBS THREE SPADES FOUR,0.735,0.1004,0.1646
CLUBS THREE SPADES THREE,0.6472,0.1772,0.1756
CLUBS THREE SPADES TWO,0.7576,0.101,0.1414
CLUBS THREE SPADES SIX,0.763,0.0862,0.1508
SPADES SEVEN CLUBS THREE,0.7792,0.0764,0.1444
SPADES NINE CLUBS THREE,0.6916,0.0662,0.2422
SPADES TWO DIAMONDS FOUR,0.7658,0.1038,0.1304
SPADES THREE DIAMONDS FOUR,0.7472,0.0984,0.1544
SPADES FOUR DIAMONDS FOUR,0.6318,0.188,0.1802
SPADES FIVE DIAMONDS FOUR,0.7292,0.0988,0.172
SPADES SIX DIAMONDS FOUR,0.7562,0.0914,0.1524
SPADES SEVEN DIAMONDS FOUR,0.7714,0.0866,0.142
SPADES NINE DIAMONDS FOUR,0.672,0.0646,0.2634
CLUBS FIVE DIAMONDS FOUR,0.7326,0.094,0.1734
CLUBS FOUR DIAMONDS FOUR,0.637,0.1726,0.1904
CLUBS SEVEN DIAMONDS FOUR,0.7666,0.0828,0.1506
CLUBS SIX DIAMONDS FOUR,0.7458,0.0978,0.1564
CLUBS NINE DIAMONDS FOUR,0.6798,0.0658,0.2544
CLUBS EIGHT DIAMONDS FOUR,0.8288,0.0846,0.0866
HEARTS SEVEN DIAMONDS FOUR,0.7738,0.0848,0.1414
HEARTS SIX DIAMONDS FOUR,0.7488,0.0932,0.158
DIAMONDS FOUR HEARTS NINE,0.676,0.058,0.266
DIAMONDS FOUR HEARTS EIGHT,0.8276,0.0802,0.0922
CLUBS THREE DIAMONDS FOUR,0.7476,0.1006,0.1518
CLUBS TWO DIAMONDS FOUR,0.7502,0.1072,0.1426
DIAMONDS TEN DIAMONDS FIVE,0.6316,0.0422,0.3262
DIAMONDS JACK DIAMONDS FIVE,0.6368,0.0334,0.3298
DIAMONDS NINE HEARTS QUEEN,0.5356,0.0176,0.4468
DIAMONDS NINE HEARTS KING,0.5516,0.0102,0.4382
HEARTS ACE DIAMONDS NINE,0.5686,0.003,0.4284
DIAMONDS NINE HEARTS TEN,0.5274,0.0364,0.4362
DIAMONDS NINE HEARTS JACK,0.5274,0.0282,0.4444
CLUBS KING DIAMONDS SIX,0.672,0.0116,0.3164
CLUBS QUEEN DIAMONDS SIX,0.664,0.0244,0.3116
CLUBS ACE DIAMONDS SIX,0.6656,0.0032,0.3312
SPADES KING DIAMONDS FOUR,0.6566,0.012,0.3314
SPADES ACE SPADES SEVEN,0.6216,0.0028,0.3756
SPADES QUEEN DIAMONDS FOUR,0.6646,0.0218,0.3136
SPADES QUEEN SPADES SEVEN,0.635,0.0216,0.3434
CLUBS JACK DIAMONDS SIX,0.6742,0.031,0.2948
SPADES KING SPADES SEVEN,0.6478,0.0126,0.3396
SPADES ACE DIAMONDS FOUR,0.6424,0.0046,0.353
CLUBS TEN DIAMONDS SIX,0.6626,0.0526,0.2848
CLUBS NINE CLUBS FOUR,0.639,0.059,0.302
CLUBS EIGHT CLUBS FOUR,0.7776,0.0788,0.1436
SPADES JACK DIAMONDS FOUR,0.6716,0.0312,0.2972
SPADES TEN DIAMONDS FOUR,0.6668,0.0484,0.2848
CLUBS FIVE CLUBS FOUR,0.6928,0.0926,0.2146
CLUBS SEVEN CLUBS FOUR,0.7218,0.083,0.1952
CLUBS SIX CLUBS FOUR,0.7026,0.0956,0.2018
CLUBS SEVEN SPADES NINE,0.666,0.0524,0.2816
CLUBS SEVEN SPADES SIX,0.7682,0.0814,0.1504
CLUBS SEVEN SPADES SEVEN,0.6426,0.1916,0.1658
CLUBS SEVEN SPADES FIVE,0.7628,0.0828,0.1544
CLUBS SEVEN SPADES FOUR,0.7594,0.0864,0.1542
CLUBS SEVEN SPADES THREE,0.789,0.0832,0.1278
CLUBS SEVEN SPADES TWO,0.7938,0.0856,0.1206
CLUBS NINE CLUBS SEVEN,0.633,0.057,0.31
CLUBS SEVEN CLUBS EIGHT,0.7396,0.0788,0.1816
HEARTS SIX DIAMONDS FIVE,0.7454,0.0872,0.1674
HEARTS SEVEN DIAMONDS FIVE,0.7552,0.0862,0.1586
DIAMONDS FIVE HEARTS EIGHT,0.8186,0.0822,0.0992
DIAMONDS FIVE HEARTS NINE,0.6652,0.0612,0.2736
DIAMONDS QUEEN DIAMONDS FIVE,0.6374,0.0218,0.3408
HEARTS TWO DIAMONDS FIVE,0.7498,0.1024,0.1478
HEARTS KING HEARTS EIGHT,0.6284,0.0272,0.3444
DIAMONDS KING DIAMONDS FIVE,0.63,0.012,0.358
HEARTS THREE DIAMONDS FIVE,0.737,0.1026,0.1604
HEARTS QUEEN HEARTS EIGHT,0.618,0.0258,0.3562
DIAMONDS ACE DIAMONDS FIVE,0.6126,0.0032,0.3842
HEARTS FOUR DIAMONDS FIVE,0.7306,0.106,0.1634
HEARTS FIVE DIAMONDS FIVE,0.6446,0.1698,0.1856
HEARTS ACE HEARTS EIGHT,0.6322,0.0248,0.343
CLUBS FOUR DIAMONDS FIVE,0.7298,0.1044,0.1658
CLUBS FIVE DIAMONDS FIVE,0.6324,0.1872,0.1804
CLUBS SIX DIAMONDS FIVE,0.7432,0.0938,0.163
CLUBS SEVEN DIAMONDS FIVE,0.7498,0.0836,0.1666
CLUBS TWO DIAMONDS FIVE,0.7554,0.1,0.1446
CLUBS THREE DIAMONDS FIVE,0.7404,0.0898,0.1698
SPADES THREE DIAMONDS FIVE,0.7426,0.1012,0.1562
SPADES TWO DIAMONDS FIVE,0.7702,0.0958,0.134
SPADES FIVE DIAMONDS FIVE,0.628,0.1944,0.1776
CLUBS TEN HEARTS JACK,0.5252,0.023,0.4518
SPADES FOUR DIAMONDS FIVE,0.7496,0.088,0.1624
HEARTS JACK CLUBS JACK,0.1994,0.0982,0.7024
HEARTS JACK CLUBS QUEEN,0.527,0.0116,0.4614
CLUBS NINE DIAMONDS FIVE,0.6678,0.0566,0.2756
CLUBS KING HEARTS JACK,0.5452,0.0064,0.4484
CLUBS EIGHT DIAMONDS FIVE,0.8154,0.0844,0.1002
CLUBS ACE HEARTS JACK,0.5338,0.0014,0.4648
SPADES SEVEN DIAMONDS FIVE,0.7706,0.0874,0.142
SPADES SIX DIAMONDS FIVE,0.7472,0.0966,0.1562
SPADES NINE DIAMONDS FIVE,0.6802,0.0632,0.2566
DIAMONDS TEN DIAMONDS SIX,0.6338,0.045,0.3212
HEARTS ACE DIAMONDS SEVEN,0.6738,0.0022,0.324
DIAMONDS JACK DIAMONDS SIX,0.648,0.0318,0.3202
HEARTS QUEEN DIAMONDS SEVEN,0.6726,0.021,0.3064
HEARTS KING DIAMONDS SEVEN,0.6688,0.015,0.3162
DIAMONDS ACE DIAMONDS SIX,0.6254,0.0032,0.3714
HEARTS FOUR DIAMONDS SIX,0.7472,0.0932,0.1596
SPADES TWO HEARTS JACK,0.6794,0.0344,0.2862
HEARTS FIVE DIAMONDS SIX,0.7512,0.0926,0.1562
SPADES TWO HEARTS TEN,0.6918,0.0484,0.2598
DIAMONDS QUEEN DIAMONDS SIX,0.6306,0.0232,0.3462
HEARTS TWO DIAMONDS SIX,0.7806,0.0936,0.1258
DIAMONDS KING DIAMONDS SIX,0.6282,0.0128,0.359
HEARTS THREE DIAMONDS SIX,0.7708,0.0826,0.1466
HEARTS EIGHT DIAMONDS SIX,0.805,0.077,0.118
HEARTS NINE DIAMONDS SIX,0.6604,0.0574,0.2822
HEARTS SIX DIAMONDS SIX,0.6326,0.179,0.1884
HEARTS SEVEN DIAMONDS SIX,0.757,0.084,0.159
HEARTS TEN DIAMONDS SEVEN,0.6778,0.0486,0.2736
CLUBS TWO DIAMONDS SIX,0.7798,0.0898,0.1304
HEARTS JACK DIAMONDS SEVEN,0.6708,0.0344,0.2948
CLUBS THREE DIAMONDS SIX,0.7654,0.0892,0.1454
CLUBS SEVEN DIAMONDS SIX,0.7688,0.0816,0.1496
CLUBS SIX DIAMONDS SIX,0.6298,0.188,0.1822
CLUBS FIVE DIAMONDS SIX,0.7424,0.0938,0.1638
CLUBS FOUR DIAMONDS SIX,0.7458,0.095,0.1592
HEARTS ACE HEARTS JACK,0.506,0.002,0.492
HEARTS QUEEN HEARTS JACK,0.5034,0.0124,0.4842
CLUBS NINE DIAMONDS SIX,0.671,0.0576,0.2714
HEARTS KING HEARTS JACK,0.5072,0.008,0.4848
CLUBS EIGHT DIAMONDS SIX,0.7946,0.0882,0.1172
SPADES TEN HEARTS KING,0.5322,0.006,0.4618
SPADES FIVE DIAMONDS SIX,0.7562,0.0908,0.153
HEARTS ACE SPADES TWO,0.6548,0.0036,0.3416
SPADES JACK HEARTS KING,0.5304,0.0052,0.4644
SPADES FOUR DIAMONDS SIX,0.7564,0.0868,0.1568
SPADES THREE DIAMONDS SIX,0.784,0.0868,0.1292
HEARTS QUEEN SPADES TWO,0.6904,0.0192,0.2904
SPADES ACE SPADES KING,0.497,0.005,0.498
SPADES TWO HEARTS KING,0.6836,0.0126,0.3038
SPADES TWO DIAMONDS SIX,0.7734,0.098,0.1286
HEARTS TEN HEARTS EIGHT,0.6092,0.0414,0.3494
SPADES NINE DIAMONDS SIX,0.665,0.0684,0.2666
HEARTS JACK HEARTS EIGHT,0.6196,0.0288,0.3516
SPADES SEVEN DIAMONDS SIX,0.7632,0.081,0.1558
SPADES SIX DIAMONDS SIX,0.6392,0.1902,0.1706
SPADES KING HEARTS KING,0.1854,0.0382,0.7764
SPADES QUEEN HEARTS KING,0.5242,0.005,0.4708
CLUBS ACE CLUBS KING,0.5124,0.0042,0.4834
SPADES ACE HEARTS KING,0.5296,0.0046,0.4658
SPADES ACE HEARTS JACK,0.5394,0.0034,0.4572
SPADES QUEEN HEARTS JACK,0.5422,0.012,0.4458
SPADES KING HEARTS JACK,0.5322,0.006,0.4618
SPADES TEN DIAMONDS TEN,0.1696,0.1274,0.703
SPADES JACK DIAMONDS TEN,0.5294,0.0182,0.4524
SPADES ACE DIAMONDS TEN,0.529,0.0044,0.4666
SPADES JACK HEARTS JACK,0.1856,0.1002,0.7142
SPADES TEN HEARTS JACK,0.5198,0.0266,0.4536
SPADES QUEEN DIAMONDS TEN,0.521,0.0166,0.4624
SPADES KING DIAMONDS TEN,0.524,0.0098,0.4662
SPADES NINE DIAMONDS SEVEN,0.6658,0.066,0.2682
SPADES SEVEN DIAMONDS SEVEN,0.6326,0.1874,0.18
SPADES SIX DIAMONDS SEVEN,0.7736,0.0848,0.1416
DIAMONDS KING DIAMONDS SEVEN,0.6432,0.0122,0.3446
HEARTS THREE DIAMONDS SEVEN,0.7828,0.0854,0.1318
HEARTS KING DIAMONDS FIVE,0.6608,0.011,0.3282
DIAMONDS QUEEN DIAMONDS SEVEN,0.6472,0.0178,0.335
HEARTS TWO DIAMONDS SEVEN,0.7998,0.0836,0.1166
HEARTS QUEEN DIAMONDS FIVE,0.6716,0.0202,0.3082
HEARTS FIVE DIAMONDS SEVEN,0.7674,0.0786,0.154
DIAMONDS ACE DIAMONDS SEVEN,0.623,0.0046,0.3724
HEARTS FOUR DIAMONDS SEVEN,0.7668,0.0862,0.147
HEARTS ACE DIAMONDS FIVE,0.6454,0.005,0.3496
HEARTS SEVEN DIAMONDS SEVEN,0.6358,0.186,0.1782
HEARTS SIX DIAMONDS SEVEN,0.762,0.0934,0.1446
DIAMONDS SEVEN HEARTS NINE,0.666,0.0568,0.2772
HEARTS EIGHT DIAMONDS SEVEN,0.7812,0.0874,0.1314
DIAMONDS JACK DIAMONDS SEVEN,0.6426,0.0308,0.3266
DIAMONDS FIVE HEARTS JACK,0.6694,0.0376,0.293
DIAMONDS TEN DIAMONDS SEVEN,0.6434,0.0434,0.3132
HEARTS TEN DIAMONDS FIVE,0.6756,0.0498,0.2746
SPADES KING CLUBS TWO,0.6576,0.0108,0.3316
HEARTS KING CLUBS KING,0.1972,0.0268,0.776
CLUBS EIGHT DIAMONDS SEVEN,0.7878,0.0796,0.1326
SPADES QUEEN CLUBS TWO,0.6654,0.0222,0.3124
HEARTS KING CLUBS QUEEN,0.529,0.0058,0.4652
CLUBS NINE DIAMONDS SEVEN,0.6746,0.057,0.2684
SPADES TWO CLUBS JACK,0.6836,0.0324,0.284
SPADES ACE CLUBS TWO,0.653,0.0052,0.3418
CLUBS TEN SPADES TWO,0.683,0.0454,0.2716
HEARTS KING CLUBS ACE,0.5412,0.0046,0.4542
CLUBS SEVEN CLUBS SIX,0.7308,0.0796,0.1896
SPADES TWO CLUBS KING,0.6812,0.0122,0.3066
SPADES TWO DIAMONDS SEVEN,0.7992,0.0854,0.1154
CLUBS EIGHT CLUBS SIX,0.7496,0.0748,0.1756
SPADES THREE DIAMONDS SEVEN,0.7918,0.0812,0.127
SPADES TWO CLUBS QUEEN,0.6846,0.0266,0.2888
CLUBS NINE CLUBS SIX,0.6404,0.0602,0.2994
SPADES FOUR DIAMONDS SEVEN,0.7738,0.0834,0.1428
HEARTS KING CLUBS JACK,0.533,0.0054,0.4616
SPADES FIVE DIAMONDS SEVEN,0.7774,0.0786,0.144
SPADES TWO CLUBS ACE,0.6416,0.005,0.3534
CLUBS TEN HEARTS KING,0.5456,0.0062,0.4482
CLUBS SIX SPADES TWO,0.77,0.0978,0.1322
CLUBS SIX SPADES THREE,0.7612,0.0924,0.1464
CLUBS TWO DIAMONDS SEVEN,0.7972,0.0882,0.1146
CLUBS SIX SPADES FOUR,0.7454,0.0912,0.1634
CLUBS THREE DIAMONDS SEVEN,0.7788,0.0856,0.1356
CLUBS SIX SPADES FIVE,0.7398,0.089,0.1712
CLUBS FOUR DIAMONDS SEVEN,0.7616,0.0822,0.1562
CLUBS SIX SPADES SIX,0.635,0.1788,0.1862
CLUBS FIVE DIAMONDS SEVEN,0.7702,0.0886,0.1412
CLUBS SIX SPADES SEVEN,0.7696,0.0748,0.1556
CLUBS SIX DIAMONDS SEVEN,0.766,0.081,0.153
SPADES JACK CLUBS TWO,0.6766,0.036,0.2874
CLUBS SEVEN DIAMONDS SEVEN,0.6332,0.1862,0.1806
SPADES NINE CLUBS SIX,0.6558,0.0698,0.2744
SPADES TEN CLUBS TWO,0.6724,0.048,0.2796
CLUBS TWO CLUBS QUEEN,0.6432,0.0216,0.3352
CLUBS TWO CLUBS KING,0.6134,0.0108,0.3758
CLUBS TWO CLUBS ACE,0.6176,0.0052,0.3772
CLUBS TEN CLUBS TWO,0.6402,0.0444,0.3154
CLUBS TWO CLUBS JACK,0.645,0.0312,0.3238
SPADES ACE SPADES THREE,0.6144,0.0036,0.382
SPADES QUEEN SPADES THREE,0.6368,0.0236,0.3396
SPADES KING SPADES THREE,0.6412,0.0138,0.345
SPADES JACK SPADES THREE,0.6532,0.0312,0.3156
SPADES TEN SPADES THREE,0.6452,0.0484,0.3064
CLUBS FOUR HEARTS ACE,0.6506,0.0038,0.3456
CLUBS FOUR HEARTS QUEEN,0.6706,0.0226,0.3068
CLUBS FOUR HEARTS KING,0.6518,0.0118,0.3364
CLUBS SIX HEARTS TEN,0.6774,0.0468,0.2758
CLUBS SIX HEARTS JACK,0.6714,0.032,0.2966
CLUBS FOUR HEARTS JACK,0.6734,0.0338,0.2928
SPADES TEN DIAMONDS QUEEN,0.5284,0.0162,0.4554
SPADES TEN HEARTS TWO,0.6762,0.0474,0.2764
SPADES JACK HEARTS EIGHT,0.6492,0.0382,0.3126
CLUBS FOUR HEARTS TEN,0.6822,0.048,0.2698
SPADES TEN HEARTS EIGHT,0.653,0.0428,0.3042
SPADES JACK HEARTS TWO,0.6766,0.0374,0.286
SPADES JACK DIAMONDS QUEEN,0.5246,0.0112,0.4642
SPADES ACE HEARTS TWO,0.6448,0.0048,0.3504
SPADES ACE DIAMONDS QUEEN,0.5346,0.0044,0.461
SPADES ACE HEARTS EIGHT,0.656,0.0286,0.3154
SPADES KING HEARTS EIGHT,0.6624,0.0258,0.3118
SPADES QUEEN HEARTS TWO,0.6722,0.0222,0.3056
SPADES QUEEN DIAMONDS QUEEN,0.1856,0.0706,0.7438
SPADES KING DIAMONDS QUEEN,0.515,0.0058,0.4792
SPADES KING HEARTS TWO,0.6568,0.0108,0.3324
SPADES QUEEN HEARTS EIGHT,0.6664,0.0302,0.3034
CLUBS TWO HEARTS TEN,0.6874,0.0436,0.269
CLUBS TWO HEARTS JACK,0.6808,0.0352,0.284
SPADES SEVEN DIAMONDS NINE,0.6672,0.064,0.2688
SPADES SIX DIAMONDS NINE,0.675,0.0566,0.2684
SPADES NINE DIAMONDS NINE,0.1654,0.1672,0.6674
SPADES TEN CLUBS KING,0.537,0.0076,0.4554
DIAMONDS NINE SPADES THREE,0.687,0.0612,0.2518
SPADES JACK CLUBS KING,0.5276,0.0056,0.4668
DIAMONDS NINE SPADES TWO,0.6786,0.059,0.2624
SPADES FIVE DIAMONDS NINE,0.6754,0.0686,0.256
SPADES FOUR DIAMONDS NINE,0.6794,0.0576,0.263
CLUBS NINE DIAMONDS NINE,0.181,0.1584,0.6606
CLUBS EIGHT DIAMONDS NINE,0.618,0.053,0.329
CLUBS SIX DIAMONDS NINE,0.656,0.0626,0.2814
SPADES JACK CLUBS FOUR,0.6792,0.0304,0.2904
CLUBS SEVEN DIAMONDS NINE,0.6762,0.0556,0.2682
SPADES TEN CLUBS FOUR,0.6668,0.0486,0.2846
CLUBS FOUR DIAMONDS NINE,0.6776,0.0654,0.257
CLUBS FIVE DIAMONDS NINE,0.6716,0.0614,0.267
CLUBS TWO DIAMONDS NINE,0.683,0.055,0.262
CLUBS THREE DIAMONDS NINE,0.6798,0.063,0.2572
DIAMONDS NINE HEARTS EIGHT,0.6074,0.0622,0.3304
DIAMONDS NINE HEARTS NINE,0.1684,0.162,0.6696
HEARTS SIX DIAMONDS NINE,0.6498,0.0632,0.287
HEARTS SEVEN DIAMONDS NINE,0.656,0.0584,0.2856
CLUBS NINE CLUBS EIGHT,0.5842,0.0502,0.3656
DIAMONDS ACE DIAMONDS NINE,0.5216,0.0046,0.4738
HEARTS FOUR DIAMONDS NINE,0.6654,0.0662,0.2684
HEARTS FIVE DIAMONDS NINE,0.6692,0.062,0.2688
HEARTS ACE CLUBS TWO,0.6424,0.0026,0.355
SPADES ACE CLUBS FOUR,0.646,0.0028,0.3512
DIAMONDS NINE DIAMONDS QUEEN,0.5172,0.0194,0.4634
HEARTS TWO DIAMONDS NINE,0.6844,0.058,0.2576
CLUBS TWO HEARTS KING,0.6578,0.0114,0.3308
SPADES KING CLUBS FOUR,0.6558,0.013,0.3312
DIAMONDS KING DIAMONDS NINE,0.518,0.0094,0.4726
HEARTS THREE DIAMONDS NINE,0.6776,0.0634,0.259
CLUBS TWO HEARTS QUEEN,0.6676,0.023,0.3094
SPADES QUEEN CLUBS FOUR,0.669,0.019,0.312
DIAMONDS NINE DIAMONDS JACK,0.5148,0.0286,0.4566
CLUBS EIGHT SPADES NINE,0.6272,0.0536,0.3192
DIAMONDS TEN DIAMONDS NINE,0.5138,0.0328,0.4534
CLUBS EIGHT SPADES SEVEN,0.789,0.0764,0.1346
CLUBS EIGHT SPADES SIX,0.7992,0.0862,0.1146
CLUBS EIGHT SPADES FIVE,0.8088,0.0872,0.104
CLUBS EIGHT SPADES FOUR,0.8264,0.086,0.0876
CLUBS EIGHT SPADES THREE,0.8432,0.0936,0.0632
CLUBS EIGHT SPADES TWO,0.8488,0.089,0.0622
HEARTS SIX DIAMONDS TEN,0.6648,0.0432,0.292
HEARTS SEVEN DIAMONDS TEN,0.664,0.044,0.292
DIAMONDS TEN HEARTS EIGHT,0.64,0.0432,0.3168
CLUBS FOUR CLUBS JACK,0.6332,0.0318,0.335
DIAMONDS TEN HEARTS NINE,0.5216,0.0394,0.439
CLUBS TEN CLUBS FOUR,0.6354,0.043,0.3216
CLUBS FOUR CLUBS KING,0.61,0.0112,0.3788
CLUBS FOUR CLUBS QUEEN,0.6274,0.0214,0.3512
DIAMONDS TEN CLUBS TWO,0.6626,0.055,0.2824
CLUBS THREE DIAMONDS TEN,0.6756,0.046,0.2784
CLUBS FOUR CLUBS ACE,0.612,0.005,0.383
DIAMONDS TEN DIAMONDS JACK,0.5106,0.0214,0.468
DIAMONDS TEN DIAMONDS QUEEN,0.511,0.0116,0.4774
HEARTS TWO DIAMONDS TEN,0.6682,0.0484,0.2834
DIAMONDS KING DIAMONDS TEN,0.4874,0.0092,0.5034
HEARTS THREE DIAMONDS TEN,0.681,0.0456,0.2734
DIAMONDS ACE DIAMONDS TEN,0.5044,0.005,0.4906
HEARTS FOUR DIAMONDS TEN,0.6718,0.049,0.2792
CLUBS EIGHT HEARTS JACK,0.6478,0.0336,0.3186
HEARTS FIVE DIAMONDS TEN,0.678,0.0412,0.2808
CLUBS EIGHT HEARTS TEN,0.6358,0.043,0.3212
CLUBS EIGHT HEARTS QUEEN,0.6688,0.0296,0.3016
CLUBS EIGHT HEARTS KING,0.6706,0.024,0.3054
CLUBS EIGHT HEARTS ACE,0.6606,0.0278,0.3116
CLUBS NINE SPADES THREE,0.6876,0.061,0.2514
CLUBS NINE SPADES TWO,0.674,0.0622,0.2638
CLUBS NINE SPADES FIVE,0.6684,0.064,0.2676
CLUBS NINE SPADES FOUR,0.6744,0.0606,0.265
CLUBS NINE SPADES SEVEN,0.6622,0.067,0.2708
CLUBS NINE SPADES SIX,0.6808,0.0572,0.262
CLUBS NINE SPADES NINE,0.1768,0.162,0.6612
CLUBS TEN HEARTS EIGHT,0.6356,0.0444,0.32
HEARTS EIGHT CLUBS JACK,0.6454,0.0374,0.3172
CLUBS QUEEN HEARTS EIGHT,0.6688,0.0294,0.3018
CLUBS KING HEARTS EIGHT,0.68,0.0226,0.2974
CLUBS ACE HEARTS EIGHT,0.6678,0.0246,0.3076
SPADES KING CLUBS KING,0.1866,0.0316,0.7818
SPADES QUEEN CLUBS KING,0.516,0.0048,0.4792
SPADES ACE CLUBS KING,0.5524,0.0036,0.444
DIAMONDS ACE HEARTS TEN,0.5368,0.003,0.4602
HEARTS FOUR HEARTS TEN,0.6414,0.0424,0.3162
DIAMONDS ACE HEARTS JACK,0.5466,0.0032,0.4502
HEARTS FOUR HEARTS JACK,0.6372,0.0304,0.3324
SPADES KING CLUBS FIVE,0.6578,0.0124,0.3298
SPADES QUEEN CLUBS FIVE,0.6688,0.0206,0.3106
SPADES ACE CLUBS FIVE,0.6258,0.0058,0.3684
HEARTS SEVEN DIAMONDS JACK,0.6702,0.0326,0.2972
HEARTS SIX DIAMONDS JACK,0.6706,0.0312,0.2982
DIAMONDS JACK HEARTS NINE,0.5366,0.0256,0.4378
DIAMONDS JACK HEARTS EIGHT,0.6456,0.034,0.3204
DIAMONDS KING DIAMONDS JACK,0.4952,0.0088,0.496
HEARTS THREE DIAMONDS JACK,0.6656,0.0352,0.2992
SPADES ACE SPADES SIX,0.6228,0.0044,0.3728
HEARTS ACE SPADES FOUR,0.6516,0.0038,0.3446
DIAMONDS QUEEN DIAMONDS JACK,0.5118,0.0128,0.4754
HEARTS TWO DIAMONDS JACK,0.6746,0.0352,0.2902
HEARTS FIVE DIAMONDS JACK,0.6624,0.0338,0.3038
SPADES QUEEN SPADES SIX,0.6362,0.0218,0.342
SPADES FOUR HEARTS QUEEN,0.6746,0.0238,0.3016
DIAMONDS ACE DIAMONDS JACK,0.5106,0.0042,0.4852
HEARTS FOUR DIAMONDS JACK,0.6634,0.0392,0.2974
SPADES KING SPADES SIX,0.6376,0.0116,0.3508
SPADES FOUR HEARTS KING,0.6606,0.0118,0.3276
SPADES TEN SPADES SIX,0.6426,0.048,0.3094
SPADES JACK SPADES SIX,0.6412,0.0306,0.3282
SPADES FOUR DIAMONDS JACK,0.6716,0.0356,0.2928
SPADES FIVE DIAMONDS JACK,0.671,0.029,0.3
SPADES TWO DIAMONDS JACK,0.6848,0.0368,0.2784
SPADES THREE DIAMONDS JACK,0.6774,0.034,0.2886
SPADES ACE DIAMONDS THREE,0.6552,0.0042,0.3406
SPADES QUEEN DIAMONDS THREE,0.678,0.0232,0.2988
CLUBS EIGHT DIAMONDS JACK,0.646,0.0348,0.3192
SPADES KING DIAMONDS THREE,0.6748,0.0122,0.313
CLUBS NINE DIAMONDS JACK,0.5386,0.0242,0.4372
CLUBS SIX DIAMONDS JACK,0.6628,0.0368,0.3004
CLUBS SEVEN DIAMONDS JACK,0.6664,0.0352,0.2984
CLUBS FOUR DIAMONDS JACK,0.6598,0.0332,0.307
CLUBS FIVE DIAMONDS JACK,0.6686,0.0336,0.2978
CLUBS TWO DIAMONDS JACK,0.662,0.0386,0.2994
CLUBS THREE DIAMONDS JACK,0.669,0.0338,0.2972
SPADES TEN CLUBS FIVE,0.6786,0.0474,0.274
SPADES JACK HEARTS SIX,0.6686,0.0298,0.3016
HEARTS SIX SPADES TEN,0.6598,0.048,0.2922
SPADES JACK CLUBS FIVE,0.6716,0.0342,0.2942
SPADES JACK DIAMONDS THREE,0.681,0.032,0.287
CLUBS SEVEN CLUBS ACE,0.624,0.0022,0.3738
DIAMONDS THREE SPADES TEN,0.69,0.0464,0.2636
CLUBS SEVEN CLUBS QUEEN,0.6292,0.021,0.3498
CLUBS SEVEN CLUBS KING,0.6302,0.0102,0.3596
SPADES NINE DIAMONDS JACK,0.542,0.0278,0.4302
CLUBS TEN CLUBS SEVEN,0.6278,0.0458,0.3264
DIAMONDS ACE HEARTS ACE,0.2012,0.0036,0.7952
HEARTS FOUR HEARTS ACE,0.6156,0.0046,0.3798
SPADES ACE HEARTS SIX,0.6444,0.0042,0.3514
CLUBS SEVEN CLUBS JACK,0.633,0.0354,0.3316
DIAMONDS ACE HEARTS KING,0.5258,0.0034,0.4708
HEARTS FOUR HEARTS KING,0.618,0.0092,0.3728
SPADES SEVEN DIAMONDS JACK,0.674,0.0348,0.2912
SPADES KING HEARTS SIX,0.6612,0.0114,0.3274
DIAMONDS ACE HEARTS QUEEN,0.533,0.004,0.463
HEARTS FOUR HEARTS QUEEN,0.6378,0.0192,0.343
SPADES SIX DIAMONDS JACK,0.6734,0.0394,0.2872
SPADES QUEEN HEARTS SIX,0.662,0.019,0.319
DIAMONDS TEN SPADES TWO,0.6784,0.0532,0.2684
DIAMONDS TEN SPADES THREE,0.6806,0.047,0.2724
DIAMONDS TEN SPADES FOUR,0.6754,0.0508,0.2738
SPADES FIVE DIAMONDS TEN,0.6698,0.0462,0.284
SPADES SIX DIAMONDS TEN,0.6736,0.0474,0.279
SPADES SEVEN DIAMONDS TEN,0.6618,0.0544,0.2838
SPADES NINE DIAMONDS TEN,0.5316,0.0406,0.4278
CLUBS FOUR DIAMONDS TEN,0.6722,0.0418,0.286
CLUBS FIVE DIAMONDS TEN,0.6586,0.0486,0.2928
CLUBS SIX DIAMONDS TEN,0.6728,0.0434,0.2838
CLUBS SEVEN DIAMONDS TEN,0.6574,0.0464,0.2962
CLUBS EIGHT DIAMONDS TEN,0.6438,0.042,0.3142
CLUBS NINE DIAMONDS TEN,0.5452,0.0388,0.416
DIAMONDS THREE CLUBS JACK,0.6866,0.0336,0.2798
CLUBS TEN DIAMONDS THREE,0.675,0.0458,0.2792
DIAMONDS THREE CLUBS KING,0.667,0.0152,0.3178
DIAMONDS THREE CLUBS QUEEN,0.686,0.0232,0.2908
DIAMONDS THREE CLUBS ACE,0.6522,0.004,0.3438
SPADES FOUR HEARTS JACK,0.6814,0.0326,0.286
SPADES FOUR HEARTS TEN,0.6778,0.0468,0.2754
SPADES FIVE SPADES TWO,0.7156,0.1028,0.1816
SPADES FOUR SPADES TWO,0.7324,0.09,0.1776
SPADES THREE SPADES TWO,0.7324,0.0954,0.1722
SPADES NINE SPADES TWO,0.6642,0.0574,0.2784
SPADES SEVEN SPADES TWO,0.7728,0.074,0.1532
SPADES SIX SPADES TWO,0.7392,0.0978,0.163
CLUBS THREE DIAMONDS QUEEN,0.6736,0.0208,0.3056
CLUBS THREE HEARTS TWO,0.758,0.097,0.145
CLUBS TWO DIAMONDS QUEEN,0.6884,0.0206,0.291
HEARTS TWO CLUBS TWO,0.628,0.1856,0.1864
HEARTS SEVEN DIAMONDS QUEEN,0.6622,0.0228,0.315
HEARTS SEVEN HEARTS TWO,0.7584,0.0792,0.1624
HEARTS SIX DIAMONDS QUEEN,0.6608,0.0214,0.3178
HEARTS SIX HEARTS TWO,0.728,0.0868,0.1852
DIAMONDS QUEEN HEARTS NINE,0.555,0.0212,0.4238
HEARTS TWO HEARTS NINE,0.6396,0.0588,0.3016
DIAMONDS QUEEN HEARTS EIGHT,0.6692,0.0288,0.302
HEARTS TWO HEARTS EIGHT,0.805,0.08,0.115
CLUBS NINE HEARTS TWO,0.686,0.0616,0.2524
CLUBS NINE DIAMONDS QUEEN,0.5454,0.0142,0.4404
CLUBS EIGHT HEARTS TWO,0.8478,0.0826,0.0696
CLUBS EIGHT DIAMONDS QUEEN,0.6594,0.0322,0.3084
CLUBS FIVE DIAMONDS QUEEN,0.6554,0.0236,0.321
CLUBS FIVE HEARTS TWO,0.7568,0.0934,0.1498
CLUBS FOUR DIAMONDS QUEEN,0.6678,0.0216,0.3106
CLUBS FOUR HEARTS TWO,0.7492,0.1022,0.1486
CLUBS SEVEN DIAMONDS QUEEN,0.6792,0.0224,0.2984
CLUBS SEVEN HEARTS TWO,0.7924,0.0788,0.1288
CLUBS SIX DIAMONDS QUEEN,0.6492,0.0218,0.329
CLUBS SIX HEARTS TWO,0.774,0.0862,0.1398
SPADES SIX DIAMONDS QUEEN,0.6616,0.0214,0.317
SPADES SIX HEARTS TWO,0.7852,0.0852,0.1296
HEARTS FOUR CLUBS QUEEN,0.6764,0.0184,0.3052
DIAMONDS ACE CLUBS QUEEN,0.5308,0.0054,0.4638
SPADES SEVEN DIAMONDS QUEEN,0.6636,0.0274,0.309
SPADES SEVEN HEARTS TWO,0.794,0.081,0.125
HEARTS FOUR CLUBS KING,0.6582,0.0098,0.332
DIAMONDS ACE CLUBS KING,0.5316,0.0032,0.4652
HEARTS FOUR CLUBS ACE,0.6426,0.0022,0.3552
DIAMONDS ACE CLUBS ACE,0.1944,0.0036,0.802
SPADES NINE DIAMONDS QUEEN,0.5398,0.0178,0.4424
SPADES NINE HEARTS TWO,0.6724,0.0654,0.2622
HEARTS TWO SPADES TWO,0.62,0.1992,0.1808
DIAMONDS QUEEN SPADES TWO,0.6756,0.0216,0.3028
HEARTS TWO SPADES THREE,0.7752,0.1004,0.1244
SPADES THREE DIAMONDS QUEEN,0.6736,0.0224,0.304
HEARTS TWO SPADES FOUR,0.7572,0.0994,0.1434
SPADES FOUR DIAMONDS QUEEN,0.6666,0.0218,0.3116
CLUBS TEN HEARTS FOUR,0.6614,0.0484,0.2902
CLUBS TEN DIAMONDS ACE,0.5282,0.0012,0.4706
HEARTS TWO SPADES FIVE,0.7476,0.0972,0.1552
SPADES FIVE DIAMONDS QUEEN,0.6746,0.0178,0.3076
HEARTS FOUR CLUBS JACK,0.6606,0.0326,0.3068
DIAMONDS ACE CLUBS JACK,0.5342,0.0038,0.462
CLUBS FIVE CLUBS KING,0.622,0.0118,0.3662
CLUBS FIVE CLUBS QUEEN,0.6332,0.0212,0.3456
CLUBS FIVE CLUBS ACE,0.5998,0.0038,0.3964
CLUBS FIVE CLUBS JACK,0.6328,0.027,0.3402
CLUBS TEN CLUBS FIVE,0.6386,0.0446,0.3168
SPADES KING CLUBS JACK,0.5314,0.0064,0.4622
SPADES QUEEN CLUBS JACK,0.5398,0.0116,0.4486
SPADES ACE CLUBS JACK,0.5456,0.0028,0.4516
SPADES SIX CLUBS KING,0.671,0.01,0.319
SPADES SIX CLUBS QUEEN,0.6778,0.0244,0.2978
SPADES SIX CLUBS ACE,0.6718,0.004,0.3242
SPADES SIX CLUBS JACK,0.6804,0.0296,0.29
CLUBS TEN SPADES SIX,0.671,0.0494,0.2796
SPADES TEN CLUBS JACK,0.5162,0.0238,0.46
SPADES JACK CLUBS JACK,0.1846,0.1004,0.715
SPADES QUEEN CLUBS SEVEN,0.6788,0.0264,0.2948
SPADES KING CLUBS SEVEN,0.6654,0.0118,0.3228
SPADES ACE CLUBS SEVEN,0.6532,0.0032,0.3436
SPADES SIX HEARTS TEN,0.6632,0.045,0.2918
SPADES SIX HEARTS JACK,0.6824,0.0318,0.2858
SPADES SIX HEARTS ACE,0.6596,0.0024,0.338
SPADES SIX HEARTS KING,0.657,0.0112,0.3318
SPADES SIX HEARTS QUEEN,0.679,0.0176,0.3034
CLUBS SEVEN SPADES JACK,0.6664,0.0272,0.3064
CLUBS SEVEN SPADES TEN,0.667,0.0438,0.2892
CLUBS TEN HEARTS SIX,0.6728,0.0454,0.2818
HEARTS SIX CLUBS JACK,0.6668,0.0282,0.305
CLUBS ACE CLUBS JACK,0.5088,0.0038,0.4874
HEARTS SIX CLUBS QUEEN,0.6668,0.02,0.3132
HEARTS SIX CLUBS KING,0.6618,0.0114,0.3268
HEARTS SIX CLUBS ACE,0.6674,0.0016,0.331
CLUBS QUEEN CLUBS JACK,0.5016,0.0114,0.487
CLUBS KING CLUBS JACK,0.4976,0.0062,0.4962
DIAMONDS THREE HEARTS ACE,0.6484,0.0042,0.3474
DIAMONDS THREE HEARTS QUEEN,0.6754,0.0228,0.3018
DIAMONDS THREE HEARTS KING,0.6808,0.0128,0.3064
CLUBS FIVE HEARTS JACK,0.674,0.0336,0.2924
SPADES TEN DIAMONDS ACE,0.5316,0.0042,0.4642
HEARTS FOUR SPADES TEN,0.6686,0.049,0.2824
CLUBS FIVE HEARTS TEN,0.6702,0.0498,0.28
HEARTS FOUR SPADES JACK,0.6786,0.0348,0.2866
SPADES JACK DIAMONDS ACE,0.537,0.0036,0.4594
SPADES ACE HEARTS FOUR,0.6414,0.0054,0.3532
SPADES ACE DIAMONDS ACE,0.1864,0.0036,0.81
CLUBS FIVE HEARTS ACE,0.6416,0.0028,0.3556
CLUBS FIVE HEARTS KING,0.6608,0.0112,0.328
HEARTS FOUR SPADES QUEEN,0.6668,0.0228,0.3104
SPADES QUEEN DIAMONDS ACE,0.5254,0.004,0.4706
SPADES FOUR CLUBS JACK,0.6696,0.0344,0.296
CLUBS FIVE HEARTS QUEEN,0.6622,0.021,0.3168
SPADES KING DIAMONDS ACE,0.5294,0.0054,0.4652
SPADES KING HEARTS FOUR,0.6576,0.0108,0.3316
CLUBS TEN SPADES FOUR,0.6602,0.0432,0.2966
DIAMONDS ACE DIAMONDS QUEEN,0.4988,0.0028,0.4984
DIAMONDS ACE HEARTS TWO,0.6392,0.0046,0.3562
HEARTS FOUR DIAMONDS QUEEN,0.6644,0.0198,0.3158
HEARTS FOUR HEARTS TWO,0.7086,0.1,0.1914
DIAMONDS THREE HEARTS TEN,0.6772,0.0504,0.2724
SPADES FOUR CLUBS KING,0.6746,0.0118,0.3136
HEARTS FIVE DIAMONDS QUEEN,0.6552,0.0236,0.3212
HEARTS FIVE HEARTS TWO,0.7236,0.0858,0.1906
DIAMONDS THREE HEARTS JACK,0.6926,0.0294,0.278
SPADES FOUR CLUBS QUEEN,0.6672,0.0224,0.3104
HEARTS TWO DIAMONDS QUEEN,0.6648,0.0242,0.311
DIAMONDS KING DIAMONDS QUEEN,0.499,0.0066,0.4944
DIAMONDS KING HEARTS TWO,0.6688,0.0128,0.3184
HEARTS THREE DIAMONDS QUEEN,0.6872,0.0194,0.2934
HEARTS THREE HEARTS TWO,0.7086,0.106,0.1854
SPADES FOUR CLUBS ACE,0.6562,0.0044,0.3394
HEARTS TWO CLUBS ACE,0.6562,0.003,0.3408
DIAMONDS QUEEN CLUBS ACE,0.5392,0.0044,0.4564
HEARTS TWO CLUBS QUEEN,0.6552,0.02,0.3248
DIAMONDS QUEEN CLUBS QUEEN,0.2056,0.062,0.7324
HEARTS TWO CLUBS KING,0.6674,0.0098,0.3228
DIAMONDS QUEEN CLUBS KING,0.5238,0.007,0.4692
CLUBS TEN HEARTS TWO,0.6666,0.0434,0.29
CLUBS TEN DIAMONDS QUEEN,0.5282,0.0142,0.4576
SPADES NINE SPADES FIVE,0.64,0.0562,0.3038
HEARTS TWO CLUBS JACK,0.6724,0.0362,0.2914
DIAMONDS QUEEN CLUBS JACK,0.521,0.012,0.467
SPADES SIX SPADES FIVE,0.7128,0.0852,0.202
SPADES SEVEN SPADES FIVE,0.7354,0.0806,0.184
DIAMONDS FIVE CLUBS QUEEN,0.6692,0.0258,0.305
DIAMONDS FIVE CLUBS KING,0.6718,0.0106,0.3176
CLUBS ACE DIAMONDS FIVE,0.6536,0.005,0.3414
CLUBS TEN DIAMONDS FIVE,0.669,0.0424,0.2886
DIAMONDS FIVE CLUBS JACK,0.6762,0.0356,0.2882
DIAMONDS TEN HEARTS JACK,0.5274,0.0254,0.4472
DIAMONDS TEN HEARTS TEN,0.1836,0.1298,0.6866
SPADES ACE CLUBS NINE,0.5532,0.0048,0.442
CLUBS NINE SPADES QUEEN,0.5304,0.0156,0.454
CLUBS NINE SPADES KING,0.5312,0.0098,0.459
HEARTS SIX HEARTS KING,0.635,0.0114,0.3536
DIAMONDS KING SPADES SEVEN,0.664,0.0106,0.3254
SPADES SEVEN HEARTS THREE,0.7796,0.0852,0.1352
SPADES KING DIAMONDS SEVEN,0.6748,0.0146,0.3106
HEARTS SIX HEARTS QUEEN,0.6318,0.017,0.3512
DIAMONDS KING SPADES SIX,0.664,0.0112,0.3248
HEARTS THREE SPADES SIX,0.7628,0.0912,0.146
SPADES QUEEN DIAMONDS SEVEN,0.668,0.0252,0.3068
SPADES NINE DIAMONDS KING,0.5376,0.0114,0.451
SPADES NINE HEARTS THREE,0.6692,0.0636,0.2672
HEARTS SIX HEARTS ACE,0.6238,0.0038,0.3724
SPADES ACE DIAMONDS SEVEN,0.673,0.004,0.323
CLUBS NINE HEARTS THREE,0.6796,0.0606,0.2598
CLUBS NINE DIAMONDS KING,0.5408,0.01,0.4492
CLUBS EIGHT HEARTS THREE,0.8328,0.0948,0.0724
CLUBS EIGHT DIAMONDS KING,0.677,0.024,0.299
HEARTS THREE SPADES THREE,0.6388,0.1768,0.1844
DIAMONDS KING SPADES THREE,0.6536,0.0124,0.334
HEARTS THREE SPADES TWO,0.761,0.0976,0.1414
DIAMONDS KING SPADES TWO,0.6586,0.0132,0.3282
HEARTS THREE SPADES FIVE,0.7316,0.0966,0.1718
DIAMONDS KING SPADES FIVE,0.6594,0.0138,0.3268
HEARTS THREE SPADES FOUR,0.7498,0.0928,0.1574
DIAMONDS KING SPADES FOUR,0.6692,0.0126,0.3182
