opposingHand,winningChance,drawChance,lostChance
SPADES SIX DIAMONDS EIGHT
HEARTS FIVE SPADES TEN,0.4086,0.029,0.5624
HEARTS FIVE SPADES JACK,0.412,0.0174,0.5706
SPADES FIVE CLUBS JACK,0.4216,0.017,0.5614
CLUBS TEN SPADES FIVE,0.4218,0.027,0.5512
CLUBS EIGHT CLUBS JACK,0.244,0.0522,0.7038
CLUBS TEN CLUBS EIGHT,0.2438,0.0672,0.689
CLUBS EIGHT CLUBS KING,0.2606,0.0344,0.705
SPADES FIVE CLUBS ACE,0.407,0.0036,0.5894
CLUBS EIGHT CLUBS QUEEN,0.2526,0.0454,0.702
SPADES FIVE CLUBS KING,0.4138,0.008,0.5782
SPADES FIVE CLUBS QUEEN,0.428,0.013,0.559
CLUBS EIGHT CLUBS ACE,0.252,0.0238,0.7242
DIAMONDS TWO DIAMONDS THREE,0.5784,0.0656,0.356
DIAMONDS TWO DIAMONDS FIVE,0.5736,0.061,0.3654
HEARTS FIVE SPADES KING,0.4014,0.009,0.5896
DIAMONDS TWO DIAMONDS FOUR,0.5732,0.0624,0.3644
HEARTS FIVE SPADES QUEEN,0.42,0.008,0.572
DIAMONDS TWO DIAMONDS SEVEN,0.5832,0.059,0.3578
DIAMONDS TWO DIAMONDS SIX,0.5874,0.147,0.2656
SPADES ACE HEARTS FIVE,0.3984,0.0026,0.599
DIAMONDS TWO DIAMONDS NINE,0.4002,0.0416,0.5582
DIAMONDS THREE DIAMONDS FOUR,0.5794,0.0624,0.3582
SPADES FOUR CLUBS TWO,0.6066,0.0636,0.3298
DIAMONDS THREE DIAMONDS FIVE,0.57,0.0574,0.3726
SPADES FIVE CLUBS TWO,0.6136,0.0726,0.3138
CLUBS TWO SPADES TWO,0.4102,0.0912,0.4986
CLUBS TWO SPADES THREE,0.6054,0.0664,0.3282
SPADES EIGHT CLUBS TWO,0.3998,0.3788,0.2214
DIAMONDS THREE DIAMONDS NINE,0.4022,0.0424,0.5554
SPADES NINE CLUBS TWO,0.4238,0.042,0.5342
DIAMONDS THREE DIAMONDS SIX,0.5992,0.141,0.2598
DIAMONDS THREE DIAMONDS SEVEN,0.5802,0.0604,0.3594
SPADES SEVEN CLUBS TWO,0.6216,0.0646,0.3138
CLUBS SIX CLUBS TWO,0.5814,0.1366,0.282
CLUBS SEVEN CLUBS TWO,0.5744,0.0594,0.3662
CLUBS FOUR CLUBS TWO,0.5498,0.0632,0.387
CLUBS FIVE CLUBS TWO,0.5718,0.0602,0.368
CLUBS TEN CLUBS JACK,0.3166,0.0114,0.672
DIAMONDS FOUR DIAMONDS SIX,0.5766,0.1372,0.2862
CLUBS TEN CLUBS QUEEN,0.3348,0.0098,0.6554
DIAMONDS FOUR DIAMONDS SEVEN,0.5704,0.06,0.3696
CLUBS TEN CLUBS KING,0.3274,0.0066,0.666
CLUBS TEN CLUBS ACE,0.3372,0.0026,0.6602
CLUBS EIGHT CLUBS TWO,0.4032,0.34,0.2568
DIAMONDS FIVE DIAMONDS FOUR,0.5482,0.0648,0.387
CLUBS NINE CLUBS TWO,0.4046,0.0394,0.556
DIAMONDS NINE DIAMONDS FOUR,0.4028,0.0386,0.5586
CLUBS THREE CLUBS TWO,0.561,0.0668,0.3722
DIAMONDS NINE DIAMONDS FIVE,0.3816,0.0426,0.5758
DIAMONDS TWO CLUBS JACK,0.423,0.0184,0.5586
CLUBS TEN DIAMONDS TWO,0.4272,0.027,0.5458
DIAMONDS FIVE DIAMONDS SEVEN,0.5654,0.0574,0.3772
DIAMONDS FIVE DIAMONDS SIX,0.5634,0.154,0.2826
DIAMONDS TWO CLUBS ACE,0.4208,0.0038,0.5754
DIAMONDS TWO CLUBS KING,0.4326,0.0078,0.5596
DIAMONDS TWO CLUBS QUEEN,0.4278,0.0138,0.5584
DIAMONDS NINE DIAMONDS SIX,0.247,0.102,0.651
HEARTS ACE SPADES THREE,0.426,0.0046,0.5694
SPADES THREE HEARTS KING,0.427,0.009,0.564
DIAMONDS SEVEN DIAMONDS SIX,0.578,0.1442,0.2778
SPADES THREE HEARTS QUEEN,0.4502,0.0136,0.5362
SPADES THREE HEARTS JACK,0.4378,0.0186,0.5436
SPADES THREE HEARTS TEN,0.4294,0.0328,0.5378
DIAMONDS NINE DIAMONDS SEVEN,0.3306,0.0438,0.6256
DIAMONDS KING HEARTS TEN,0.347,0.0052,0.6478
HEARTS THREE HEARTS TEN,0.3998,0.0232,0.577
SPADES JACK CLUBS SIX,0.2916,0.0588,0.6496
DIAMONDS KING HEARTS JACK,0.3504,0.0068,0.6428
HEARTS THREE HEARTS JACK,0.3978,0.017,0.5852
SPADES TEN CLUBS SIX,0.255,0.077,0.668
SPADES JACK SPADES FIVE,0.3924,0.0182,0.5894
SPADES TEN SPADES FIVE,0.3984,0.0306,0.571
DIAMONDS KING HEARTS ACE,0.345,0.0042,0.6508
HEARTS THREE HEARTS ACE,0.4082,0.0042,0.5876
SPADES ACE CLUBS SIX,0.2726,0.025,0.7024
DIAMONDS KING HEARTS QUEEN,0.3574,0.007,0.6356
HEARTS THREE HEARTS QUEEN,0.4068,0.0116,0.5816
SPADES KING CLUBS SIX,0.2818,0.0346,0.6836
DIAMONDS KING HEARTS KING,0.1778,0.0186,0.8036
HEARTS THREE HEARTS KING,0.415,0.0084,0.5766
SPADES QUEEN CLUBS SIX,0.2684,0.0476,0.684
SPADES NINE HEARTS TEN,0.3248,0.0218,0.6534
SPADES NINE HEARTS JACK,0.3302,0.0162,0.6536
SPADES QUEEN SPADES FIVE,0.4044,0.0134,0.5822
SPADES KING SPADES FIVE,0.4078,0.0092,0.583
SPADES ACE SPADES FIVE,0.383,0.0046,0.6124
SPADES NINE HEARTS QUEEN,0.3528,0.011,0.6362
SPADES NINE HEARTS KING,0.3558,0.005,0.6392
SPADES NINE HEARTS ACE,0.347,0.004,0.649
CLUBS TEN SPADES JACK,0.341,0.0136,0.6454
CLUBS TEN SPADES TEN,0.1628,0.0456,0.7916
SPADES ACE CLUBS TEN,0.3512,0.004,0.6448
SPADES KING CLUBS TEN,0.3632,0.0072,0.6296
CLUBS TEN SPADES QUEEN,0.3422,0.0098,0.648
SPADES FIVE HEARTS QUEEN,0.4128,0.011,0.5762
SPADES FIVE HEARTS KING,0.4156,0.0086,0.5758
SPADES FIVE HEARTS ACE,0.4222,0.0046,0.5732
CLUBS EIGHT SPADES TEN,0.2458,0.0776,0.6766
SPADES JACK HEARTS THREE,0.424,0.018,0.558
SPADES JACK DIAMONDS KING,0.3456,0.0046,0.6498
SPADES TEN DIAMONDS KING,0.3446,0.0048,0.6506
SPADES TEN HEARTS THREE,0.4322,0.0304,0.5374
SPADES JACK CLUBS EIGHT,0.2518,0.0628,0.6854
CLUBS SIX HEARTS ACE,0.2824,0.0224,0.6952
SPADES ACE CLUBS EIGHT,0.2696,0.0244,0.706
HEARTS FIVE CLUBS JACK,0.4176,0.017,0.5654
HEARTS FIVE CLUBS TEN,0.4176,0.0286,0.5538
CLUBS SIX HEARTS QUEEN,0.2804,0.0462,0.6734
SPADES QUEEN CLUBS EIGHT,0.266,0.046,0.688
CLUBS TEN SPADES THREE,0.4228,0.0254,0.5518
CLUBS SIX HEARTS KING,0.2806,0.0296,0.6898
SPADES KING CLUBS EIGHT,0.2626,0.033,0.7044
SPADES THREE CLUBS JACK,0.4256,0.0196,0.5548
DIAMONDS TWO HEARTS JACK,0.4274,0.016,0.5566
SPADES THREE CLUBS QUEEN,0.4254,0.0146,0.56
DIAMONDS TWO HEARTS TEN,0.436,0.026,0.538
SPADES THREE CLUBS KING,0.4412,0.0092,0.5496
HEARTS FIVE CLUBS ACE,0.4028,0.0038,0.5934
SPADES FIVE HEARTS TEN,0.4112,0.0292,0.5596
SPADES THREE CLUBS ACE,0.4354,0.0044,0.5602
HEARTS FIVE CLUBS KING,0.413,0.0062,0.5808
SPADES FIVE HEARTS JACK,0.4168,0.022,0.5612
HEARTS FIVE CLUBS QUEEN,0.4196,0.0106,0.5698
HEARTS THREE CLUBS KING,0.422,0.0062,0.5718
DIAMONDS KING CLUBS KING,0.1742,0.012,0.8138
HEARTS THREE CLUBS QUEEN,0.4328,0.0132,0.554
DIAMONDS KING CLUBS QUEEN,0.3676,0.0062,0.6262
HEARTS FIVE HEARTS JACK,0.3834,0.017,0.5996
HEARTS FIVE HEARTS TEN,0.3826,0.0256,0.5918
HEARTS THREE CLUBS ACE,0.4264,0.0056,0.568
DIAMONDS KING CLUBS ACE,0.3582,0.0038,0.638
SPADES ACE CLUBS QUEEN,0.3552,0.0018,0.643
SPADES KING CLUBS QUEEN,0.3532,0.0068,0.64
HEARTS THREE CLUBS JACK,0.4412,0.0146,0.5442
DIAMONDS KING CLUBS JACK,0.3552,0.006,0.6388
SPADES QUEEN CLUBS QUEEN,0.1842,0.0296,0.7862
CLUBS TEN HEARTS THREE,0.4324,0.0264,0.5412
CLUBS TEN DIAMONDS KING,0.366,0.0064,0.6276
SPADES JACK CLUBS QUEEN,0.361,0.0098,0.6292
CLUBS SIX CLUBS QUEEN,0.2752,0.0434,0.6814
SPADES TEN CLUBS QUEEN,0.3488,0.0094,0.6418
CLUBS SIX CLUBS KING,0.2602,0.0316,0.7082
CLUBS SIX CLUBS ACE,0.26,0.0262,0.7138
HEARTS FIVE HEARTS KING,0.3764,0.0074,0.6162
HEARTS FIVE HEARTS QUEEN,0.377,0.0112,0.6118
CLUBS TEN CLUBS SIX,0.2684,0.0678,0.6638
HEARTS FIVE HEARTS ACE,0.3888,0.003,0.6082
CLUBS SIX CLUBS JACK,0.2686,0.052,0.6794
SPADES SEVEN HEARTS JACK,0.3654,0.0202,0.6144
SPADES SEVEN HEARTS TEN,0.3624,0.0246,0.613
DIAMONDS TWO CLUBS TWO,0.402,0.1012,0.4968
DIAMONDS TWO CLUBS THREE,0.6016,0.058,0.3404
DIAMONDS TWO HEARTS SIX,0.6244,0.1478,0.2278
DIAMONDS TWO HEARTS QUEEN,0.4282,0.0112,0.5606
HEARTS SEVEN DIAMONDS TWO,0.6342,0.0648,0.301
DIAMONDS TWO HEARTS KING,0.4354,0.0074,0.5572
DIAMONDS TWO HEARTS EIGHT,0.4286,0.3636,0.2078
DIAMONDS TWO HEARTS ACE,0.4306,0.0046,0.5648
DIAMONDS TWO HEARTS NINE,0.4276,0.0438,0.5286
DIAMONDS TWO DIAMONDS QUEEN,0.4106,0.0134,0.576
DIAMONDS TWO HEARTS TWO,0.4118,0.0924,0.4958
DIAMONDS TWO DIAMONDS KING,0.4048,0.0096,0.5856
DIAMONDS TWO HEARTS THREE,0.5974,0.0696,0.333
DIAMONDS TWO DIAMONDS ACE,0.4028,0.0038,0.5934
HEARTS FOUR DIAMONDS TWO,0.6058,0.0656,0.3286
HEARTS FIVE DIAMONDS TWO,0.609,0.0654,0.3256
SPADES SEVEN HEARTS ACE,0.3758,0.0042,0.62
DIAMONDS TWO DIAMONDS TEN,0.4212,0.0266,0.5522
SPADES SEVEN HEARTS KING,0.382,0.0068,0.6112
DIAMONDS TWO DIAMONDS JACK,0.413,0.0156,0.5714
SPADES SEVEN HEARTS QUEEN,0.3876,0.0112,0.6012
DIAMONDS TWO SPADES NINE,0.4386,0.042,0.5194
DIAMONDS TWO SPADES EIGHT,0.4316,0.3648,0.2036
DIAMONDS TWO SPADES SEVEN,0.614,0.0704,0.3156
DIAMONDS TWO SPADES FIVE,0.6182,0.0668,0.315
DIAMONDS TWO SPADES FOUR,0.6028,0.069,0.3282
DIAMONDS TWO SPADES THREE,0.6032,0.0684,0.3284
DIAMONDS TWO SPADES TWO,0.4122,0.0904,0.4974
CLUBS NINE DIAMONDS TWO,0.4294,0.0414,0.5292
DIAMONDS TWO CLUBS EIGHT,0.4234,0.3776,0.199
CLUBS SEVEN DIAMONDS TWO,0.6142,0.061,0.3248
DIAMONDS TWO CLUBS SIX,0.6226,0.1502,0.2272
DIAMONDS TWO CLUBS FIVE,0.6122,0.0728,0.315
DIAMONDS TWO CLUBS FOUR,0.6076,0.0718,0.3206
CLUBS FOUR SPADES FIVE,0.6006,0.0684,0.331
CLUBS FOUR SPADES FOUR,0.398,0.0976,0.5044
CLUBS FOUR SPADES THREE,0.599,0.0722,0.3288
CLUBS FOUR SPADES TWO,0.6024,0.064,0.3336
SPADES NINE CLUBS FOUR,0.42,0.0446,0.5354
SPADES EIGHT CLUBS FOUR,0.404,0.375,0.221
SPADES SEVEN CLUBS FOUR,0.5892,0.063,0.3478
SPADES ACE DIAMONDS SIX,0.2742,0.025,0.7008
SPADES QUEEN DIAMONDS SIX,0.2852,0.0452,0.6696
SPADES KING DIAMONDS SIX,0.266,0.032,0.702
SPADES TEN DIAMONDS SIX,0.2514,0.0816,0.667
SPADES JACK DIAMONDS SIX,0.2698,0.0596,0.6706
SPADES QUEEN SPADES TWO,0.4114,0.0124,0.5762
SPADES KING SPADES TWO,0.4256,0.0064,0.568
SPADES ACE SPADES TWO,0.406,0.0042,0.5898
DIAMONDS JACK CLUBS JACK,0.1762,0.041,0.7828
CLUBS TEN DIAMONDS JACK,0.3342,0.017,0.6488
DIAMONDS JACK CLUBS KING,0.3422,0.008,0.6498
DIAMONDS JACK CLUBS QUEEN,0.3374,0.0132,0.6494
DIAMONDS THREE DIAMONDS JACK,0.4118,0.0192,0.569
DIAMONDS THREE DIAMONDS TEN,0.4048,0.0244,0.5708
DIAMONDS JACK CLUBS ACE,0.3522,0.0046,0.6432
DIAMONDS THREE DIAMONDS KING,0.416,0.009,0.575
DIAMONDS THREE HEARTS THREE,0.4092,0.0912,0.4996
DIAMONDS THREE DIAMONDS QUEEN,0.4118,0.0146,0.5736
DIAMONDS THREE HEARTS TWO,0.5982,0.0682,0.3336
HEARTS FIVE DIAMONDS THREE,0.6056,0.0652,0.3292
DIAMONDS THREE DIAMONDS ACE,0.3962,0.0034,0.6004
HEARTS FOUR DIAMONDS THREE,0.59,0.0618,0.3482
HEARTS SEVEN DIAMONDS THREE,0.6136,0.0614,0.325
SPADES TEN SPADES NINE,0.3244,0.0296,0.646
HEARTS SIX DIAMONDS THREE,0.6148,0.1522,0.233
SPADES JACK SPADES NINE,0.3364,0.018,0.6456
DIAMONDS THREE HEARTS NINE,0.4316,0.039,0.5294
HEARTS JACK DIAMONDS FOUR,0.4292,0.0154,0.5554
HEARTS ACE HEARTS KING,0.344,0.0046,0.6514
SPADES TEN SPADES TWO,0.4074,0.025,0.5676
DIAMONDS THREE HEARTS EIGHT,0.417,0.3612,0.2218
HEARTS TEN DIAMONDS FOUR,0.4246,0.0272,0.5482
SPADES JACK SPADES TWO,0.4126,0.017,0.5704
HEARTS QUEEN DIAMONDS FOUR,0.428,0.013,0.559
HEARTS KING DIAMONDS FOUR,0.4252,0.0084,0.5664
SPADES ACE SPADES NINE,0.3402,0.0042,0.6556
HEARTS ACE DIAMONDS FOUR,0.425,0.004,0.571
SPADES KING SPADES NINE,0.3416,0.0074,0.651
SPADES QUEEN SPADES NINE,0.3326,0.0112,0.6562
DIAMONDS THREE SPADES NINE,0.4282,0.0444,0.5274
DIAMONDS THREE SPADES EIGHT,0.4256,0.3716,0.2028
DIAMONDS THREE SPADES SEVEN,0.6034,0.067,0.3296
DIAMONDS THREE CLUBS SIX,0.6148,0.1506,0.2346
CLUBS FIVE CLUBS SIX,0.5514,0.1404,0.3082
CLUBS ACE DIAMONDS FOUR,0.4084,0.004,0.5876
CLUBS SEVEN DIAMONDS THREE,0.6116,0.0576,0.3308
CLUBS SEVEN CLUBS FIVE,0.5282,0.0592,0.4126
DIAMONDS THREE CLUBS FOUR,0.5942,0.0692,0.3366
DIAMONDS FOUR CLUBS QUEEN,0.4148,0.011,0.5742
DIAMONDS THREE CLUBS FIVE,0.6014,0.0718,0.3268
CLUBS KING DIAMONDS FOUR,0.4248,0.0088,0.5664
DIAMONDS THREE CLUBS TWO,0.615,0.0656,0.3194
CLUBS TEN DIAMONDS FOUR,0.4144,0.031,0.5546
DIAMONDS THREE CLUBS THREE,0.4106,0.0876,0.5018
DIAMONDS FOUR CLUBS JACK,0.4142,0.0178,0.568
DIAMONDS THREE SPADES FOUR,0.6072,0.0638,0.329
DIAMONDS THREE SPADES FIVE,0.604,0.0668,0.3292
DIAMONDS THREE SPADES TWO,0.6178,0.0684,0.3138
DIAMONDS THREE SPADES THREE,0.413,0.0944,0.4926
CLUBS EIGHT DIAMONDS THREE,0.4232,0.3738,0.203
CLUBS NINE DIAMONDS THREE,0.4244,0.0452,0.5304
SPADES SEVEN CLUBS ACE,0.38,0.0044,0.6156
SPADES SEVEN CLUBS QUEEN,0.3932,0.0128,0.594
SPADES SEVEN CLUBS KING,0.3792,0.0074,0.6134
CLUBS FIVE SPADES SEVEN,0.5716,0.0696,0.3588
CLUBS TEN SPADES SEVEN,0.3678,0.0274,0.6048
SPADES SEVEN CLUBS JACK,0.3814,0.0166,0.602
CLUBS FIVE SPADES NINE,0.4012,0.04,0.5588
CLUBS FIVE SPADES EIGHT,0.4034,0.375,0.2216
CLUBS FIVE SPADES THREE,0.605,0.0658,0.3292
CLUBS FIVE SPADES TWO,0.5998,0.0708,0.3294
CLUBS FIVE SPADES FIVE,0.3998,0.0936,0.5066
CLUBS FIVE SPADES FOUR,0.5804,0.073,0.3466
CLUBS NINE CLUBS FIVE,0.3748,0.0382,0.587
CLUBS EIGHT CLUBS FIVE,0.378,0.3674,0.2546
CLUBS ACE CLUBS QUEEN,0.336,0.005,0.659
CLUBS KING CLUBS QUEEN,0.335,0.0056,0.6594
DIAMONDS TEN DIAMONDS FOUR,0.3912,0.0282,0.5806
CLUBS TEN DIAMONDS NINE,0.33,0.0198,0.6502
DIAMONDS JACK DIAMONDS FOUR,0.3958,0.0186,0.5856
DIAMONDS NINE CLUBS JACK,0.3384,0.015,0.6466
SPADES NINE CLUBS JACK,0.3562,0.0164,0.6274
CLUBS TEN SPADES NINE,0.3194,0.02,0.6606
DIAMONDS ACE DIAMONDS FOUR,0.3902,0.005,0.6048
HEARTS FOUR DIAMONDS FOUR,0.398,0.0912,0.5108
DIAMONDS JACK HEARTS TEN,0.3324,0.0118,0.6558
SPADES NINE CLUBS KING,0.3486,0.0076,0.6438
DIAMONDS TWO SPADES TEN,0.4328,0.0282,0.539
DIAMONDS NINE CLUBS ACE,0.3584,0.0032,0.6384
HEARTS FIVE DIAMONDS FOUR,0.5818,0.0624,0.3558
DIAMONDS JACK HEARTS JACK,0.1698,0.0332,0.797
SPADES NINE CLUBS QUEEN,0.3548,0.0124,0.6328
DIAMONDS TWO SPADES JACK,0.4312,0.0182,0.5506
DIAMONDS QUEEN DIAMONDS FOUR,0.3978,0.0118,0.5904
HEARTS TWO DIAMONDS FOUR,0.5964,0.0664,0.3372
DIAMONDS NINE CLUBS QUEEN,0.3476,0.009,0.6434
DIAMONDS KING DIAMONDS FOUR,0.3982,0.0076,0.5942
HEARTS THREE DIAMONDS FOUR,0.5938,0.0776,0.3286
SPADES NINE CLUBS ACE,0.3576,0.0038,0.6386
DIAMONDS NINE CLUBS KING,0.3564,0.0082,0.6354
HEARTS ACE DIAMONDS JACK,0.3632,0.0046,0.6322
SPADES ACE DIAMONDS TWO,0.415,0.0054,0.5796
HEARTS QUEEN DIAMONDS JACK,0.3498,0.0082,0.642
SPADES QUEEN DIAMONDS TWO,0.428,0.0178,0.5542
HEARTS KING DIAMONDS JACK,0.369,0.0052,0.6258
SPADES KING DIAMONDS TWO,0.4278,0.0088,0.5634
SPADES JACK SPADES SEVEN,0.3542,0.0154,0.6304
SPADES TEN SPADES SEVEN,0.346,0.0254,0.6286
CLUBS SEVEN CLUBS THREE,0.576,0.057,0.367
CLUBS SIX CLUBS THREE,0.573,0.1448,0.2822
CLUBS FIVE CLUBS THREE,0.5658,0.0604,0.3738
CLUBS THREE CLUBS FOUR,0.5584,0.0596,0.382
CLUBS NINE CLUBS THREE,0.3992,0.043,0.5578
CLUBS EIGHT CLUBS THREE,0.3846,0.3568,0.2586
CLUBS THREE SPADES FIVE,0.5902,0.0694,0.3404
CLUBS THREE SPADES FOUR,0.6058,0.0668,0.3274
CLUBS THREE SPADES THREE,0.4044,0.0864,0.5092
CLUBS THREE SPADES TWO,0.6074,0.0586,0.334
CLUBS THREE SPADES SEVEN,0.6008,0.0676,0.3316
SPADES EIGHT CLUBS THREE,0.4084,0.3722,0.2194
SPADES NINE CLUBS THREE,0.4116,0.0442,0.5442
SPADES TWO DIAMONDS FOUR,0.6036,0.0642,0.3322
SPADES THREE DIAMONDS FOUR,0.5944,0.0702,0.3354
SPADES FOUR DIAMONDS FOUR,0.4068,0.0872,0.506
SPADES FIVE DIAMONDS FOUR,0.5812,0.0668,0.352
SPADES SEVEN DIAMONDS FOUR,0.573,0.0716,0.3554
SPADES EIGHT DIAMONDS FOUR,0.4138,0.3694,0.2168
SPADES NINE DIAMONDS FOUR,0.4332,0.0414,0.5254
CLUBS FIVE DIAMONDS FOUR,0.5906,0.0624,0.347
CLUBS FOUR DIAMONDS FOUR,0.3974,0.0864,0.5162
CLUBS SEVEN DIAMONDS FOUR,0.5916,0.0646,0.3438
CLUBS SIX DIAMONDS FOUR,0.6036,0.1434,0.253
CLUBS NINE DIAMONDS FOUR,0.4244,0.042,0.5336
CLUBS EIGHT DIAMONDS FOUR,0.4154,0.3766,0.208
HEARTS SEVEN DIAMONDS FOUR,0.5886,0.0644,0.347
HEARTS SIX DIAMONDS FOUR,0.6018,0.1534,0.2448
DIAMONDS FOUR HEARTS NINE,0.4158,0.0436,0.5406
DIAMONDS FOUR HEARTS EIGHT,0.4072,0.3812,0.2116
CLUBS THREE DIAMONDS FOUR,0.5956,0.067,0.3374
CLUBS TWO DIAMONDS FOUR,0.6106,0.0696,0.3198
DIAMONDS TEN DIAMONDS FIVE,0.3868,0.0262,0.587
DIAMONDS JACK DIAMONDS FIVE,0.3838,0.02,0.5962
DIAMONDS NINE HEARTS QUEEN,0.3426,0.0092,0.6482
DIAMONDS NINE HEARTS KING,0.344,0.0068,0.6492
HEARTS ACE DIAMONDS NINE,0.3622,0.0026,0.6352
DIAMONDS NINE HEARTS TEN,0.3408,0.022,0.6372
DIAMONDS NINE HEARTS JACK,0.343,0.0166,0.6404
CLUBS KING DIAMONDS SIX,0.2824,0.034,0.6836
CLUBS QUEEN DIAMONDS SIX,0.286,0.0452,0.6688
CLUBS ACE DIAMONDS SIX,0.2814,0.0206,0.698
SPADES KING DIAMONDS FOUR,0.4302,0.0096,0.5602
SPADES ACE SPADES SEVEN,0.3654,0.0024,0.6322
SPADES QUEEN DIAMONDS FOUR,0.4088,0.0146,0.5766
SPADES QUEEN SPADES SEVEN,0.3732,0.012,0.6148
CLUBS JACK DIAMONDS SIX,0.294,0.057,0.649
SPADES KING SPADES SEVEN,0.3696,0.0066,0.6238
SPADES ACE DIAMONDS FOUR,0.424,0.0054,0.5706
CLUBS TEN DIAMONDS SIX,0.2672,0.078,0.6548
CLUBS NINE CLUBS FOUR,0.3956,0.0378,0.5666
CLUBS EIGHT CLUBS FOUR,0.392,0.3456,0.2624
SPADES JACK DIAMONDS FOUR,0.416,0.022,0.562
SPADES TEN DIAMONDS FOUR,0.4194,0.0274,0.5532
CLUBS FIVE CLUBS FOUR,0.5482,0.0656,0.3862
CLUBS SEVEN CLUBS FOUR,0.5478,0.059,0.3932
CLUBS SIX CLUBS FOUR,0.5656,0.1462,0.2882
CLUBS SEVEN SPADES EIGHT,0.2046,0.3002,0.4952
CLUBS SEVEN SPADES NINE,0.357,0.0456,0.5974
CLUBS SEVEN SPADES SEVEN,0.2716,0.0794,0.649
CLUBS SEVEN SPADES FIVE,0.5796,0.0624,0.358
CLUBS SEVEN SPADES FOUR,0.5908,0.0684,0.3408
CLUBS SEVEN SPADES THREE,0.6168,0.0646,0.3186
CLUBS SEVEN SPADES TWO,0.6184,0.068,0.3136
CLUBS NINE CLUBS SEVEN,0.3408,0.0388,0.6204
CLUBS SEVEN CLUBS EIGHT,0.2106,0.2704,0.519
HEARTS SIX DIAMONDS FIVE,0.5976,0.151,0.2514
HEARTS SEVEN DIAMONDS FIVE,0.584,0.0742,0.3418
DIAMONDS FIVE HEARTS EIGHT,0.4138,0.371,0.2152
DIAMONDS FIVE HEARTS NINE,0.4112,0.0444,0.5444
DIAMONDS QUEEN DIAMONDS FIVE,0.387,0.0134,0.5996
HEARTS TWO DIAMONDS FIVE,0.6144,0.0664,0.3192
HEARTS KING HEARTS EIGHT,0.261,0.0318,0.7072
DIAMONDS KING DIAMONDS FIVE,0.376,0.0094,0.6146
HEARTS THREE DIAMONDS FIVE,0.5992,0.0682,0.3326
HEARTS QUEEN HEARTS EIGHT,0.2572,0.0368,0.706
DIAMONDS ACE DIAMONDS FIVE,0.3982,0.0028,0.599
HEARTS FOUR DIAMONDS FIVE,0.5854,0.0672,0.3474
HEARTS FIVE DIAMONDS FIVE,0.3826,0.0908,0.5266
HEARTS ACE HEARTS EIGHT,0.2496,0.0264,0.724
CLUBS FOUR DIAMONDS FIVE,0.5836,0.0618,0.3546
CLUBS FIVE DIAMONDS FIVE,0.3808,0.0928,0.5264
CLUBS SIX DIAMONDS FIVE,0.5992,0.1476,0.2532
CLUBS SEVEN DIAMONDS FIVE,0.5846,0.0632,0.3522
CLUBS TWO DIAMONDS FIVE,0.6106,0.0654,0.324
CLUBS THREE DIAMONDS FIVE,0.5932,0.068,0.3388
SPADES THREE DIAMONDS FIVE,0.595,0.071,0.334
SPADES TWO DIAMONDS FIVE,0.6134,0.0662,0.3204
SPADES FIVE DIAMONDS FIVE,0.386,0.0974,0.5166
CLUBS TEN HEARTS JACK,0.3398,0.0142,0.646
SPADES FOUR DIAMONDS FIVE,0.5882,0.0642,0.3476
HEARTS JACK CLUBS JACK,0.186,0.0358,0.7782
HEARTS JACK CLUBS QUEEN,0.3472,0.0098,0.643
CLUBS NINE DIAMONDS FIVE,0.4168,0.0472,0.536
CLUBS KING HEARTS JACK,0.355,0.0052,0.6398
CLUBS EIGHT DIAMONDS FIVE,0.4048,0.3738,0.2214
CLUBS ACE HEARTS JACK,0.3656,0.004,0.6304
SPADES SEVEN DIAMONDS FIVE,0.5772,0.0656,0.3572
SPADES NINE DIAMONDS FIVE,0.4064,0.0372,0.5564
SPADES EIGHT DIAMONDS FIVE,0.393,0.3814,0.2256
DIAMONDS TEN DIAMONDS SIX,0.2506,0.0782,0.6712
HEARTS ACE DIAMONDS SEVEN,0.3862,0.0048,0.609
DIAMONDS JACK DIAMONDS SIX,0.2728,0.0498,0.6774
HEARTS QUEEN DIAMONDS SEVEN,0.3984,0.013,0.5886
HEARTS KING DIAMONDS SEVEN,0.3912,0.0078,0.601
DIAMONDS ACE DIAMONDS SIX,0.2654,0.0228,0.7118
HEARTS FOUR DIAMONDS SIX,0.5994,0.153,0.2476
SPADES TWO HEARTS JACK,0.4398,0.0168,0.5434
HEARTS FIVE DIAMONDS SIX,0.603,0.143,0.254
SPADES TWO HEARTS TEN,0.4352,0.0262,0.5386
DIAMONDS QUEEN DIAMONDS SIX,0.2672,0.0524,0.6804
HEARTS TWO DIAMONDS SIX,0.6226,0.1546,0.2228
DIAMONDS KING DIAMONDS SIX,0.2702,0.03,0.6998
HEARTS THREE DIAMONDS SIX,0.624,0.1492,0.2268
HEARTS EIGHT DIAMONDS SIX,0.0172,0.9736,0.0092
HEARTS NINE DIAMONDS SIX,0.2608,0.1074,0.6318
HEARTS SIX DIAMONDS SIX,0.3048,0.0734,0.6218
HEARTS SEVEN DIAMONDS SIX,0.6182,0.1486,0.2332
HEARTS TEN DIAMONDS SEVEN,0.3566,0.0256,0.6178
CLUBS TWO DIAMONDS SIX,0.6398,0.1456,0.2146
HEARTS JACK DIAMONDS SEVEN,0.395,0.017,0.588
CLUBS THREE DIAMONDS SIX,0.6184,0.1572,0.2244
CLUBS SEVEN DIAMONDS SIX,0.619,0.1412,0.2398
CLUBS SIX DIAMONDS SIX,0.3006,0.071,0.6284
CLUBS FIVE DIAMONDS SIX,0.6026,0.1496,0.2478
CLUBS FOUR DIAMONDS SIX,0.6012,0.1448,0.254
HEARTS ACE HEARTS JACK,0.3354,0.003,0.6616
HEARTS QUEEN HEARTS JACK,0.3286,0.0084,0.663
CLUBS NINE DIAMONDS SIX,0.2588,0.1082,0.633
HEARTS KING HEARTS JACK,0.3328,0.0082,0.659
CLUBS EIGHT DIAMONDS SIX,0.02,0.969,0.011
SPADES TEN HEARTS KING,0.3344,0.007,0.6586
SPADES FIVE DIAMONDS SIX,0.606,0.1472,0.2468
HEARTS ACE SPADES TWO,0.4182,0.004,0.5778
SPADES JACK HEARTS KING,0.351,0.0072,0.6418
SPADES FOUR DIAMONDS SIX,0.5986,0.155,0.2464
SPADES THREE DIAMONDS SIX,0.6252,0.1556,0.2192
HEARTS QUEEN SPADES TWO,0.441,0.0102,0.5488
SPADES ACE SPADES KING,0.3496,0.0046,0.6458
SPADES TWO HEARTS KING,0.4346,0.006,0.5594
SPADES TWO DIAMONDS SIX,0.6322,0.155,0.2128
HEARTS TEN HEARTS EIGHT,0.2454,0.0708,0.6838
SPADES NINE DIAMONDS SIX,0.245,0.1064,0.6486
HEARTS JACK HEARTS EIGHT,0.24,0.0508,0.7092
SPADES EIGHT DIAMONDS SIX,0.0074,0.985,0.0076
SPADES SEVEN DIAMONDS SIX,0.6172,0.1472,0.2356
SPADES KING HEARTS KING,0.1714,0.014,0.8146
SPADES QUEEN HEARTS KING,0.3486,0.0044,0.647
CLUBS ACE CLUBS KING,0.3584,0.0048,0.6368
SPADES ACE HEARTS KING,0.3562,0.0046,0.6392
SPADES ACE HEARTS JACK,0.344,0.0024,0.6536
SPADES QUEEN HEARTS JACK,0.349,0.0082,0.6428
SPADES KING HEARTS JACK,0.3496,0.0062,0.6442
SPADES TEN DIAMONDS TEN,0.1588,0.0486,0.7926
SPADES JACK DIAMONDS TEN,0.3338,0.0164,0.6498
SPADES ACE DIAMONDS TEN,0.3418,0.0032,0.655
SPADES JACK HEARTS JACK,0.1754,0.031,0.7936
SPADES TEN HEARTS JACK,0.334,0.0126,0.6534
SPADES QUEEN DIAMONDS TEN,0.3576,0.011,0.6314
SPADES KING DIAMONDS TEN,0.353,0.0076,0.6394
SPADES NINE DIAMONDS SEVEN,0.3476,0.0364,0.616
SPADES EIGHT DIAMONDS SEVEN,0.2124,0.3012,0.4864
SPADES SEVEN DIAMONDS SEVEN,0.2742,0.0808,0.645
DIAMONDS KING DIAMONDS SEVEN,0.3712,0.007,0.6218
HEARTS THREE DIAMONDS SEVEN,0.607,0.065,0.328
HEARTS KING DIAMONDS FIVE,0.416,0.0082,0.5758
DIAMONDS QUEEN DIAMONDS SEVEN,0.3802,0.0142,0.6056
HEARTS TWO DIAMONDS SEVEN,0.617,0.069,0.314
HEARTS QUEEN DIAMONDS FIVE,0.416,0.0116,0.5724
HEARTS FIVE DIAMONDS SEVEN,0.5966,0.0648,0.3386
DIAMONDS ACE DIAMONDS SEVEN,0.3618,0.0024,0.6358
HEARTS FOUR DIAMONDS SEVEN,0.5978,0.0688,0.3334
HEARTS ACE DIAMONDS FIVE,0.4044,0.0048,0.5908
HEARTS SEVEN DIAMONDS SEVEN,0.2684,0.0804,0.6512
HEARTS SIX DIAMONDS SEVEN,0.608,0.1458,0.2462
DIAMONDS SEVEN HEARTS NINE,0.3716,0.0344,0.594
HEARTS EIGHT DIAMONDS SEVEN,0.2258,0.2972,0.477
DIAMONDS JACK DIAMONDS SEVEN,0.3556,0.0222,0.6222
DIAMONDS FIVE HEARTS JACK,0.416,0.0186,0.5654
DIAMONDS TEN DIAMONDS SEVEN,0.3476,0.0282,0.6242
HEARTS TEN DIAMONDS FIVE,0.4144,0.0268,0.5588
SPADES KING CLUBS TWO,0.4148,0.0098,0.5754
HEARTS KING CLUBS KING,0.1782,0.0126,0.8092
CLUBS EIGHT DIAMONDS SEVEN,0.2376,0.2942,0.4682
SPADES QUEEN CLUBS TWO,0.426,0.011,0.563
HEARTS KING CLUBS QUEEN,0.3606,0.0048,0.6346
CLUBS NINE DIAMONDS SEVEN,0.363,0.0376,0.5994
SPADES TWO CLUBS JACK,0.4484,0.0164,0.5352
SPADES ACE CLUBS TWO,0.419,0.0058,0.5752
CLUBS TEN SPADES TWO,0.4328,0.0284,0.5388
HEARTS KING CLUBS ACE,0.3718,0.0024,0.6258
CLUBS SEVEN CLUBS SIX,0.5672,0.1386,0.2942
SPADES TWO CLUBS KING,0.422,0.0082,0.5698
SPADES TWO DIAMONDS SEVEN,0.6232,0.0704,0.3064
CLUBS EIGHT CLUBS SIX,0.0226,0.905,0.0724
SPADES THREE DIAMONDS SEVEN,0.6154,0.0648,0.3198
SPADES TWO CLUBS QUEEN,0.441,0.0148,0.5442
CLUBS NINE CLUBS SIX,0.2374,0.1028,0.6598
SPADES FOUR DIAMONDS SEVEN,0.604,0.0614,0.3346
HEARTS KING CLUBS JACK,0.3572,0.006,0.6368
SPADES FIVE DIAMONDS SEVEN,0.5874,0.0664,0.3462
SPADES TWO CLUBS ACE,0.423,0.0034,0.5736
CLUBS TEN HEARTS KING,0.3594,0.0066,0.634
CLUBS SIX SPADES TWO,0.6382,0.1512,0.2106
CLUBS SIX SPADES THREE,0.6234,0.154,0.2226
CLUBS TWO DIAMONDS SEVEN,0.617,0.0672,0.3158
CLUBS SIX SPADES FOUR,0.5958,0.1516,0.2526
CLUBS THREE DIAMONDS SEVEN,0.6096,0.0582,0.3322
CLUBS SIX SPADES FIVE,0.5906,0.1492,0.2602
CLUBS FOUR DIAMONDS SEVEN,0.603,0.065,0.332
CLUBS FIVE DIAMONDS SEVEN,0.58,0.0664,0.3536
CLUBS SIX SPADES SEVEN,0.6002,0.1452,0.2546
CLUBS SIX DIAMONDS SEVEN,0.6066,0.1436,0.2498
CLUBS SIX SPADES EIGHT,0.007,0.977,0.016
SPADES JACK CLUBS TWO,0.4218,0.0172,0.561
CLUBS SEVEN DIAMONDS SEVEN,0.2726,0.0858,0.6416
SPADES NINE CLUBS SIX,0.246,0.1114,0.6426
SPADES TEN CLUBS TWO,0.4214,0.027,0.5516
CLUBS TWO CLUBS QUEEN,0.4078,0.0098,0.5824
CLUBS TWO CLUBS KING,0.4104,0.008,0.5816
CLUBS TWO CLUBS ACE,0.3984,0.0046,0.597
CLUBS TEN CLUBS TWO,0.41,0.0208,0.5692
CLUBS TWO CLUBS JACK,0.4038,0.0172,0.579
SPADES ACE SPADES THREE,0.4102,0.0032,0.5866
SPADES QUEEN SPADES THREE,0.417,0.0124,0.5706
SPADES KING SPADES THREE,0.4142,0.008,0.5778
SPADES JACK SPADES THREE,0.409,0.0184,0.5726
SPADES TEN SPADES THREE,0.4162,0.0262,0.5576
CLUBS FOUR HEARTS ACE,0.4218,0.005,0.5732
CLUBS FOUR HEARTS QUEEN,0.4286,0.0122,0.5592
CLUBS FOUR HEARTS KING,0.408,0.0056,0.5864
CLUBS SIX HEARTS TEN,0.264,0.071,0.665
CLUBS SIX HEARTS JACK,0.3022,0.0498,0.648
CLUBS FOUR HEARTS JACK,0.4266,0.0168,0.5566
SPADES TEN DIAMONDS QUEEN,0.3412,0.011,0.6478
SPADES TEN HEARTS TWO,0.4202,0.0348,0.545
SPADES JACK HEARTS EIGHT,0.2466,0.0604,0.693
CLUBS FOUR HEARTS TEN,0.4134,0.0252,0.5614
SPADES TEN HEARTS EIGHT,0.2492,0.0794,0.6714
SPADES JACK HEARTS TWO,0.4204,0.0188,0.5608
SPADES JACK DIAMONDS QUEEN,0.3416,0.0108,0.6476
SPADES ACE HEARTS TWO,0.402,0.0044,0.5936
SPADES ACE DIAMONDS QUEEN,0.366,0.0044,0.6296
SPADES ACE HEARTS EIGHT,0.2524,0.024,0.7236
SPADES KING HEARTS EIGHT,0.274,0.0318,0.6942
SPADES QUEEN HEARTS TWO,0.4298,0.0144,0.5558
SPADES QUEEN DIAMONDS QUEEN,0.1684,0.0254,0.8062
SPADES KING DIAMONDS QUEEN,0.3498,0.0078,0.6424
SPADES KING HEARTS TWO,0.4134,0.0086,0.578
SPADES QUEEN HEARTS EIGHT,0.2764,0.046,0.6776
CLUBS TWO HEARTS TEN,0.4284,0.0262,0.5454
CLUBS TWO HEARTS JACK,0.4256,0.0156,0.5588
SPADES SEVEN DIAMONDS NINE,0.3478,0.0402,0.612
SPADES NINE DIAMONDS NINE,0.1552,0.064,0.7808
SPADES EIGHT DIAMONDS NINE,0.2378,0.0982,0.664
SPADES TEN CLUBS KING,0.3578,0.0082,0.634
DIAMONDS NINE SPADES THREE,0.4232,0.0416,0.5352
SPADES JACK CLUBS KING,0.3674,0.0046,0.628
DIAMONDS NINE SPADES TWO,0.4332,0.0414,0.5254
SPADES FIVE DIAMONDS NINE,0.4132,0.0476,0.5392
SPADES FOUR DIAMONDS NINE,0.4176,0.0414,0.541
CLUBS NINE DIAMONDS NINE,0.16,0.0556,0.7844
CLUBS EIGHT DIAMONDS NINE,0.2306,0.1016,0.6678
CLUBS SIX DIAMONDS NINE,0.2382,0.1012,0.6606
SPADES JACK CLUBS FOUR,0.4152,0.0152,0.5696
CLUBS SEVEN DIAMONDS NINE,0.3568,0.0404,0.6028
SPADES TEN CLUBS FOUR,0.415,0.0286,0.5564
CLUBS FOUR DIAMONDS NINE,0.4152,0.0442,0.5406
CLUBS FIVE DIAMONDS NINE,0.3966,0.0438,0.5596
CLUBS TWO DIAMONDS NINE,0.4268,0.0452,0.528
CLUBS THREE DIAMONDS NINE,0.4216,0.041,0.5374
DIAMONDS NINE HEARTS EIGHT,0.2368,0.1064,0.6568
DIAMONDS NINE HEARTS NINE,0.1442,0.0668,0.789
HEARTS SIX DIAMONDS NINE,0.2528,0.097,0.6502
HEARTS SEVEN DIAMONDS NINE,0.3628,0.0382,0.599
CLUBS NINE CLUBS EIGHT,0.2272,0.102,0.6708
DIAMONDS ACE DIAMONDS NINE,0.3424,0.0032,0.6544
HEARTS FOUR DIAMONDS NINE,0.4096,0.0394,0.551
HEARTS FIVE DIAMONDS NINE,0.4038,0.0432,0.553
HEARTS ACE CLUBS TWO,0.4176,0.0044,0.578
SPADES ACE CLUBS FOUR,0.4088,0.006,0.5852
DIAMONDS NINE DIAMONDS QUEEN,0.3456,0.0112,0.6432
HEARTS TWO DIAMONDS NINE,0.4158,0.0438,0.5404
CLUBS TWO HEARTS KING,0.4242,0.0112,0.5646
SPADES KING CLUBS FOUR,0.4226,0.008,0.5694
DIAMONDS KING DIAMONDS NINE,0.3336,0.0092,0.6572
HEARTS THREE DIAMONDS NINE,0.4222,0.044,0.5338
CLUBS TWO HEARTS QUEEN,0.4366,0.0106,0.5528
SPADES QUEEN CLUBS FOUR,0.433,0.0112,0.5558
DIAMONDS NINE DIAMONDS JACK,0.327,0.013,0.66
CLUBS EIGHT SPADES NINE,0.2426,0.0998,0.6576
DIAMONDS TEN DIAMONDS NINE,0.3118,0.0234,0.6648
CLUBS EIGHT SPADES EIGHT,0.1164,0.0804,0.8032
CLUBS EIGHT SPADES SEVEN,0.2184,0.2974,0.4842
CLUBS EIGHT SPADES FIVE,0.3976,0.3898,0.2126
CLUBS EIGHT SPADES FOUR,0.4092,0.376,0.2148
CLUBS EIGHT SPADES THREE,0.4294,0.3748,0.1958
CLUBS EIGHT SPADES TWO,0.4244,0.3564,0.2192
HEARTS SIX DIAMONDS TEN,0.2564,0.0748,0.6688
HEARTS SEVEN DIAMONDS TEN,0.3622,0.026,0.6118
DIAMONDS TEN HEARTS EIGHT,0.2492,0.0768,0.674
CLUBS FOUR CLUBS JACK,0.3824,0.0176,0.6
DIAMONDS TEN HEARTS NINE,0.328,0.0234,0.6486
CLUBS TEN CLUBS FOUR,0.3922,0.0248,0.583
CLUBS FOUR CLUBS KING,0.3976,0.007,0.5954
CLUBS FOUR CLUBS QUEEN,0.4056,0.0122,0.5822
DIAMONDS TEN CLUBS TWO,0.4198,0.0254,0.5548
CLUBS THREE DIAMONDS TEN,0.4306,0.0274,0.542
CLUBS FOUR CLUBS ACE,0.3798,0.0048,0.6154
DIAMONDS TEN DIAMONDS JACK,0.3126,0.0134,0.674
DIAMONDS TEN DIAMONDS QUEEN,0.333,0.0112,0.6558
HEARTS TWO DIAMONDS TEN,0.4122,0.0274,0.5604
DIAMONDS KING DIAMONDS TEN,0.3274,0.009,0.6636
HEARTS THREE DIAMONDS TEN,0.431,0.0234,0.5456
DIAMONDS ACE DIAMONDS TEN,0.3258,0.0044,0.6698
HEARTS FOUR DIAMONDS TEN,0.4284,0.029,0.5426
CLUBS EIGHT HEARTS JACK,0.2552,0.0536,0.6912
HEARTS FIVE DIAMONDS TEN,0.4132,0.0296,0.5572
CLUBS EIGHT HEARTS TEN,0.25,0.0758,0.6742
CLUBS EIGHT HEARTS QUEEN,0.2742,0.0406,0.6852
CLUBS EIGHT HEARTS KING,0.2768,0.03,0.6932
CLUBS EIGHT HEARTS ACE,0.2604,0.0276,0.712
CLUBS NINE SPADES THREE,0.4336,0.0466,0.5198
CLUBS NINE SPADES TWO,0.4378,0.0386,0.5236
CLUBS NINE SPADES FIVE,0.4124,0.0398,0.5478
CLUBS NINE SPADES FOUR,0.4242,0.044,0.5318
CLUBS NINE SPADES SEVEN,0.3492,0.0392,0.6116
CLUBS NINE SPADES NINE,0.157,0.0568,0.7862
CLUBS TEN HEARTS EIGHT,0.264,0.0802,0.6558
CLUBS NINE SPADES EIGHT,0.2448,0.1054,0.6498
HEARTS EIGHT CLUBS JACK,0.2514,0.0572,0.6914
CLUBS QUEEN HEARTS EIGHT,0.2708,0.0438,0.6854
CLUBS KING HEARTS EIGHT,0.284,0.0328,0.6832
CLUBS ACE HEARTS EIGHT,0.2566,0.0246,0.7188
SPADES KING CLUBS KING,0.1718,0.0136,0.8146
SPADES QUEEN CLUBS KING,0.3726,0.0046,0.6228
SPADES ACE CLUBS KING,0.3586,0.0046,0.6368
DIAMONDS ACE HEARTS TEN,0.3694,0.0054,0.6252
HEARTS FOUR HEARTS TEN,0.393,0.0282,0.5788
DIAMONDS ACE HEARTS JACK,0.363,0.0036,0.6334
HEARTS FOUR HEARTS JACK,0.4022,0.0206,0.5772
SPADES KING CLUBS FIVE,0.4088,0.008,0.5832
SPADES QUEEN CLUBS FIVE,0.411,0.0142,0.5748
SPADES ACE CLUBS FIVE,0.4148,0.0048,0.5804
HEARTS SEVEN DIAMONDS JACK,0.3744,0.0184,0.6072
HEARTS SIX DIAMONDS JACK,0.2754,0.0572,0.6674
DIAMONDS JACK HEARTS NINE,0.344,0.0138,0.6422
DIAMONDS JACK HEARTS EIGHT,0.2532,0.0642,0.6826
DIAMONDS KING DIAMONDS JACK,0.3358,0.0082,0.656
HEARTS THREE DIAMONDS JACK,0.4246,0.0146,0.5608
HEARTS ACE SPADES FOUR,0.4102,0.0032,0.5866
DIAMONDS QUEEN DIAMONDS JACK,0.3318,0.0096,0.6586
HEARTS TWO DIAMONDS JACK,0.4224,0.0184,0.5592
HEARTS FIVE DIAMONDS JACK,0.4156,0.0152,0.5692
SPADES FOUR HEARTS QUEEN,0.431,0.0114,0.5576
DIAMONDS ACE DIAMONDS JACK,0.3344,0.0048,0.6608
HEARTS FOUR DIAMONDS JACK,0.4094,0.022,0.5686
SPADES FOUR HEARTS KING,0.4278,0.006,0.5662
SPADES FOUR DIAMONDS JACK,0.4216,0.0194,0.559
SPADES FIVE DIAMONDS JACK,0.417,0.0176,0.5654
SPADES TWO DIAMONDS JACK,0.4258,0.0206,0.5536
SPADES THREE DIAMONDS JACK,0.4194,0.0158,0.5648
SPADES ACE DIAMONDS THREE,0.4122,0.0038,0.584
SPADES QUEEN DIAMONDS THREE,0.4394,0.0096,0.551
CLUBS EIGHT DIAMONDS JACK,0.2456,0.0628,0.6916
SPADES KING DIAMONDS THREE,0.4254,0.0068,0.5678
CLUBS NINE DIAMONDS JACK,0.3434,0.0172,0.6394
CLUBS SIX DIAMONDS JACK,0.2838,0.055,0.6612
CLUBS SEVEN DIAMONDS JACK,0.368,0.016,0.616
CLUBS FOUR DIAMONDS JACK,0.429,0.017,0.554
CLUBS FIVE DIAMONDS JACK,0.416,0.02,0.564
CLUBS TWO DIAMONDS JACK,0.4248,0.02,0.5552
CLUBS THREE DIAMONDS JACK,0.4096,0.0148,0.5756
SPADES TEN CLUBS FIVE,0.4086,0.0282,0.5632
SPADES JACK HEARTS SIX,0.2822,0.061,0.6568
HEARTS SIX SPADES TEN,0.2644,0.0828,0.6528
SPADES JACK CLUBS FIVE,0.4046,0.0196,0.5758
SPADES JACK DIAMONDS THREE,0.435,0.0212,0.5438
CLUBS SEVEN CLUBS ACE,0.3614,0.0038,0.6348
DIAMONDS THREE SPADES TEN,0.422,0.027,0.551
CLUBS SEVEN CLUBS QUEEN,0.367,0.0108,0.6222
CLUBS SEVEN CLUBS KING,0.3602,0.007,0.6328
SPADES NINE DIAMONDS JACK,0.3328,0.0174,0.6498
CLUBS TEN CLUBS SEVEN,0.3442,0.023,0.6328
DIAMONDS ACE HEARTS ACE,0.1664,0.0042,0.8294
HEARTS FOUR HEARTS ACE,0.3954,0.0028,0.6018
SPADES EIGHT DIAMONDS JACK,0.2344,0.0604,0.7052
SPADES ACE HEARTS SIX,0.2656,0.0232,0.7112
CLUBS SEVEN CLUBS JACK,0.3506,0.0152,0.6342
DIAMONDS ACE HEARTS KING,0.3578,0.0024,0.6398
HEARTS FOUR HEARTS KING,0.388,0.0066,0.6054
SPADES SEVEN DIAMONDS JACK,0.3682,0.0168,0.615
SPADES KING HEARTS SIX,0.2792,0.0366,0.6842
DIAMONDS ACE HEARTS QUEEN,0.349,0.0038,0.6472
HEARTS FOUR HEARTS QUEEN,0.4098,0.01,0.5802
SPADES QUEEN HEARTS SIX,0.2712,0.0434,0.6854
DIAMONDS TEN SPADES TWO,0.4192,0.0264,0.5544
DIAMONDS TEN SPADES THREE,0.4168,0.0298,0.5534
DIAMONDS TEN SPADES FOUR,0.4258,0.0314,0.5428
SPADES FIVE DIAMONDS TEN,0.4184,0.0286,0.553
SPADES SEVEN DIAMONDS TEN,0.365,0.0294,0.6056
SPADES EIGHT DIAMONDS TEN,0.2472,0.0802,0.6726
SPADES NINE DIAMONDS TEN,0.3206,0.0242,0.6552
CLUBS FOUR DIAMONDS TEN,0.4194,0.027,0.5536
CLUBS FIVE DIAMONDS TEN,0.412,0.0302,0.5578
CLUBS SIX DIAMONDS TEN,0.2618,0.0746,0.6636
CLUBS SEVEN DIAMONDS TEN,0.3742,0.026,0.5998
CLUBS EIGHT DIAMONDS TEN,0.2414,0.071,0.6876
CLUBS NINE DIAMONDS TEN,0.3358,0.0218,0.6424
DIAMONDS THREE CLUBS JACK,0.4284,0.0184,0.5532
CLUBS TEN DIAMONDS THREE,0.4194,0.027,0.5536
DIAMONDS THREE CLUBS KING,0.4314,0.0084,0.5602
DIAMONDS THREE CLUBS QUEEN,0.4308,0.0124,0.5568
DIAMONDS THREE CLUBS ACE,0.4206,0.0036,0.5758
SPADES FOUR HEARTS JACK,0.4292,0.0178,0.553
SPADES FOUR HEARTS TEN,0.4166,0.0262,0.5572
SPADES FIVE SPADES TWO,0.5794,0.0602,0.3604
SPADES FOUR SPADES TWO,0.5726,0.0628,0.3646
SPADES THREE SPADES TWO,0.57,0.068,0.362
SPADES NINE SPADES TWO,0.4076,0.042,0.5504
SPADES EIGHT SPADES TWO,0.3984,0.3544,0.2472
SPADES SEVEN SPADES TWO,0.5976,0.0596,0.3428
CLUBS THREE DIAMONDS QUEEN,0.4164,0.0142,0.5694
CLUBS THREE HEARTS TWO,0.5972,0.0636,0.3392
CLUBS TWO DIAMONDS QUEEN,0.4284,0.0112,0.5604
HEARTS TWO CLUBS TWO,0.4084,0.0928,0.4988
HEARTS SEVEN DIAMONDS QUEEN,0.3856,0.0106,0.6038
HEARTS SEVEN HEARTS TWO,0.5808,0.0634,0.3558
HEARTS SIX DIAMONDS QUEEN,0.2756,0.0492,0.6752
HEARTS SIX HEARTS TWO,0.5798,0.151,0.2692
DIAMONDS QUEEN HEARTS NINE,0.3596,0.0124,0.628
HEARTS TWO HEARTS NINE,0.4124,0.0404,0.5472
DIAMONDS QUEEN HEARTS EIGHT,0.2614,0.0454,0.6932
HEARTS TWO HEARTS EIGHT,0.3826,0.3576,0.2598
CLUBS NINE HEARTS TWO,0.421,0.042,0.537
CLUBS NINE DIAMONDS QUEEN,0.3612,0.0118,0.627
CLUBS EIGHT HEARTS TWO,0.4164,0.3728,0.2108
CLUBS EIGHT DIAMONDS QUEEN,0.2752,0.0426,0.6822
CLUBS FIVE DIAMONDS QUEEN,0.4056,0.0152,0.5792
CLUBS FIVE HEARTS TWO,0.607,0.0692,0.3238
SPADES EIGHT HEARTS ACE,0.2624,0.0244,0.7132
CLUBS FOUR DIAMONDS QUEEN,0.4202,0.0138,0.566
CLUBS FOUR HEARTS TWO,0.6086,0.0692,0.3222
CLUBS SEVEN DIAMONDS QUEEN,0.3922,0.0116,0.5962
CLUBS SEVEN HEARTS TWO,0.6262,0.0638,0.31
SPADES EIGHT HEARTS QUEEN,0.263,0.0424,0.6946
CLUBS SIX DIAMONDS QUEEN,0.286,0.0424,0.6716
CLUBS SIX HEARTS TWO,0.6118,0.1506,0.2376
SPADES EIGHT HEARTS KING,0.2736,0.0368,0.6896
HEARTS FOUR CLUBS QUEEN,0.422,0.0118,0.5662
DIAMONDS ACE CLUBS QUEEN,0.3714,0.003,0.6256
SPADES SEVEN DIAMONDS QUEEN,0.3748,0.0116,0.6136
SPADES SEVEN HEARTS TWO,0.6102,0.0624,0.3274
HEARTS FOUR CLUBS KING,0.4084,0.008,0.5836
DIAMONDS ACE CLUBS KING,0.356,0.0036,0.6404
SPADES EIGHT DIAMONDS QUEEN,0.2616,0.0434,0.695
SPADES EIGHT HEARTS TWO,0.4138,0.3692,0.217
HEARTS FOUR CLUBS ACE,0.4218,0.0046,0.5736
DIAMONDS ACE CLUBS ACE,0.1782,0.0036,0.8182
SPADES NINE DIAMONDS QUEEN,0.3414,0.0116,0.647
SPADES NINE HEARTS TWO,0.4336,0.0472,0.5192
HEARTS TWO SPADES TWO,0.4124,0.0958,0.4918
DIAMONDS QUEEN SPADES TWO,0.4386,0.0134,0.548
HEARTS TWO SPADES THREE,0.6028,0.0698,0.3274
SPADES THREE DIAMONDS QUEEN,0.421,0.0172,0.5618
HEARTS TWO SPADES FOUR,0.6022,0.0648,0.333
SPADES FOUR DIAMONDS QUEEN,0.4272,0.011,0.5618
CLUBS TEN HEARTS FOUR,0.4244,0.024,0.5516
CLUBS TEN DIAMONDS ACE,0.3552,0.0036,0.6412
HEARTS TWO SPADES FIVE,0.6034,0.0648,0.3318
SPADES FIVE DIAMONDS QUEEN,0.408,0.0134,0.5786
HEARTS FOUR CLUBS JACK,0.41,0.019,0.571
DIAMONDS ACE CLUBS JACK,0.353,0.0034,0.6436
CLUBS FIVE CLUBS KING,0.3978,0.0072,0.595
CLUBS FIVE CLUBS QUEEN,0.3924,0.0108,0.5968
CLUBS FIVE CLUBS ACE,0.3816,0.0042,0.6142
CLUBS FIVE CLUBS JACK,0.393,0.017,0.59
CLUBS TEN CLUBS FIVE,0.3932,0.0244,0.5824
SPADES KING CLUBS JACK,0.3426,0.006,0.6514
SPADES QUEEN CLUBS JACK,0.3546,0.0082,0.6372
SPADES ACE CLUBS JACK,0.3538,0.0022,0.644
SPADES EIGHT HEARTS JACK,0.2476,0.0634,0.689
SPADES EIGHT HEARTS TEN,0.2436,0.0766,0.6798
SPADES TEN CLUBS JACK,0.3398,0.0164,0.6438
SPADES JACK CLUBS JACK,0.177,0.0362,0.7868
SPADES QUEEN CLUBS SEVEN,0.3818,0.0112,0.607
SPADES KING CLUBS SEVEN,0.3756,0.0078,0.6166
SPADES ACE CLUBS SEVEN,0.3736,0.0046,0.6218
CLUBS SEVEN SPADES JACK,0.3756,0.0176,0.6068
CLUBS SEVEN SPADES TEN,0.3674,0.0288,0.6038
CLUBS TEN HEARTS SIX,0.2712,0.0738,0.655
HEARTS SIX CLUBS JACK,0.284,0.0472,0.6688
CLUBS ACE CLUBS JACK,0.3304,0.0026,0.667
HEARTS SIX CLUBS QUEEN,0.2928,0.0458,0.6614
HEARTS SIX CLUBS KING,0.2802,0.0262,0.6936
HEARTS SIX CLUBS ACE,0.2824,0.021,0.6966
CLUBS QUEEN CLUBS JACK,0.3302,0.011,0.6588
CLUBS KING CLUBS JACK,0.3262,0.005,0.6688
DIAMONDS THREE HEARTS ACE,0.4328,0.004,0.5632
DIAMONDS THREE HEARTS QUEEN,0.4378,0.014,0.5482
DIAMONDS THREE HEARTS KING,0.4322,0.009,0.5588
CLUBS FIVE HEARTS JACK,0.4222,0.02,0.5578
SPADES TEN DIAMONDS ACE,0.3422,0.0044,0.6534
HEARTS FOUR SPADES TEN,0.4304,0.0274,0.5422
CLUBS FIVE HEARTS TEN,0.422,0.0216,0.5564
HEARTS FOUR SPADES JACK,0.4244,0.0204,0.5552
SPADES JACK DIAMONDS ACE,0.3576,0.0042,0.6382
SPADES ACE HEARTS FOUR,0.4212,0.004,0.5748
SPADES ACE DIAMONDS ACE,0.1562,0.0042,0.8396
CLUBS FIVE HEARTS ACE,0.423,0.0032,0.5738
CLUBS FIVE HEARTS KING,0.405,0.007,0.588
HEARTS FOUR SPADES QUEEN,0.4216,0.0128,0.5656
SPADES QUEEN DIAMONDS ACE,0.3612,0.004,0.6348
SPADES FOUR CLUBS JACK,0.4334,0.0172,0.5494
CLUBS FIVE HEARTS QUEEN,0.419,0.0098,0.5712
SPADES KING DIAMONDS ACE,0.3524,0.006,0.6416
SPADES KING HEARTS FOUR,0.412,0.008,0.58
CLUBS TEN SPADES FOUR,0.422,0.0264,0.5516
DIAMONDS ACE DIAMONDS QUEEN,0.3458,0.0038,0.6504
DIAMONDS ACE HEARTS TWO,0.4166,0.0036,0.5798
HEARTS FOUR DIAMONDS QUEEN,0.4226,0.0118,0.5656
HEARTS FOUR HEARTS TWO,0.5696,0.0582,0.3722
DIAMONDS THREE HEARTS TEN,0.435,0.0278,0.5372
SPADES FOUR CLUBS KING,0.4228,0.0078,0.5694
HEARTS FIVE DIAMONDS QUEEN,0.414,0.0112,0.5748
HEARTS FIVE HEARTS TWO,0.558,0.0576,0.3844
DIAMONDS THREE HEARTS JACK,0.4228,0.0182,0.559
SPADES FOUR CLUBS QUEEN,0.4222,0.0122,0.5656
HEARTS TWO DIAMONDS QUEEN,0.4302,0.015,0.5548
DIAMONDS KING DIAMONDS QUEEN,0.333,0.0068,0.6602
DIAMONDS KING HEARTS TWO,0.4204,0.0076,0.572
HEARTS THREE DIAMONDS QUEEN,0.437,0.0104,0.5526
HEARTS THREE HEARTS TWO,0.556,0.0638,0.3802
SPADES FOUR CLUBS ACE,0.427,0.0042,0.5688
HEARTS TWO CLUBS ACE,0.4204,0.0048,0.5748
DIAMONDS QUEEN CLUBS ACE,0.3726,0.0028,0.6246
HEARTS TWO CLUBS QUEEN,0.4156,0.0114,0.573
DIAMONDS QUEEN CLUBS QUEEN,0.1902,0.0258,0.784
HEARTS TWO CLUBS KING,0.4288,0.0096,0.5616
DIAMONDS QUEEN CLUBS KING,0.3562,0.006,0.6378
SPADES EIGHT SPADES FIVE,0.3892,0.35,0.2608
CLUBS TEN HEARTS TWO,0.4284,0.0266,0.545
CLUBS TEN DIAMONDS QUEEN,0.3396,0.0098,0.6506
SPADES NINE SPADES FIVE,0.392,0.0432,0.5648
HEARTS TWO CLUBS JACK,0.423,0.0186,0.5584
DIAMONDS QUEEN CLUBS JACK,0.3364,0.0112,0.6524
SPADES SEVEN SPADES FIVE,0.5574,0.067,0.3756
DIAMONDS FIVE CLUBS QUEEN,0.409,0.0114,0.5796
SPADES EIGHT CLUBS ACE,0.267,0.0208,0.7122
DIAMONDS FIVE CLUBS KING,0.4128,0.0082,0.579
SPADES EIGHT CLUBS KING,0.2688,0.0318,0.6994
CLUBS ACE DIAMONDS FIVE,0.4008,0.0046,0.5946
SPADES EIGHT CLUBS QUEEN,0.262,0.042,0.696
SPADES EIGHT CLUBS JACK,0.2552,0.0626,0.6822
CLUBS TEN SPADES EIGHT,0.2526,0.0842,0.6632
CLUBS TEN DIAMONDS FIVE,0.4382,0.0292,0.5326
DIAMONDS FIVE CLUBS JACK,0.4172,0.0182,0.5646
DIAMONDS TEN HEARTS JACK,0.342,0.0132,0.6448
DIAMONDS TEN HEARTS TEN,0.1648,0.055,0.7802
SPADES ACE CLUBS NINE,0.373,0.0046,0.6224
CLUBS NINE SPADES QUEEN,0.3526,0.0086,0.6388
CLUBS NINE SPADES KING,0.3608,0.0068,0.6324
HEARTS SIX HEARTS KING,0.2714,0.0314,0.6972
DIAMONDS KING SPADES SEVEN,0.3844,0.009,0.6066
HEARTS THREE SPADES SEVEN,0.5942,0.0676,0.3382
SPADES KING DIAMONDS SEVEN,0.389,0.0066,0.6044
HEARTS SIX HEARTS QUEEN,0.2648,0.0394,0.6958
SPADES QUEEN DIAMONDS SEVEN,0.385,0.0126,0.6024
SPADES NINE DIAMONDS KING,0.3432,0.009,0.6478
SPADES NINE HEARTS THREE,0.4234,0.0502,0.5264
HEARTS SIX HEARTS ACE,0.2508,0.0216,0.7276
DIAMONDS KING SPADES EIGHT,0.2528,0.0344,0.7128
SPADES EIGHT HEARTS THREE,0.4192,0.3778,0.203
SPADES ACE DIAMONDS SEVEN,0.389,0.0056,0.6054
CLUBS NINE HEARTS THREE,0.4316,0.04,0.5284
CLUBS NINE DIAMONDS KING,0.3602,0.0054,0.6344
CLUBS EIGHT HEARTS THREE,0.421,0.362,0.217
CLUBS EIGHT DIAMONDS KING,0.263,0.0348,0.7022
HEARTS THREE SPADES THREE,0.4084,0.0912,0.5004
DIAMONDS KING SPADES THREE,0.4292,0.0092,0.5616
HEARTS THREE SPADES TWO,0.6064,0.0654,0.3282
DIAMONDS KING SPADES TWO,0.4324,0.008,0.5596
HEARTS THREE SPADES FIVE,0.6156,0.0606,0.3238
DIAMONDS KING SPADES FIVE,0.405,0.0116,0.5834
HEARTS THREE SPADES FOUR,0.5862,0.067,0.3468
DIAMONDS KING SPADES FOUR,0.4276,0.0094,0.563
DIAMONDS KING CLUBS TWO,0.4244,0.0086,0.567
HEARTS THREE CLUBS TWO,0.591,0.0736,0.3354
DIAMONDS KING CLUBS THREE,0.427,0.0086,0.5644
CLUBS THREE HEARTS THREE,0.393,0.084,0.523
