opposingHand,winningChance,drawChance,lostChance
SPADES JACK HEARTS TEN
SPADES TEN HEARTS FIVE,0.7314,0.0622,0.2064
SPADES FIVE CLUBS JACK,0.6502,0.1248,0.225
CLUBS TEN SPADES FIVE,0.731,0.0516,0.2174
CLUBS EIGHT CLUBS JACK,0.6066,0.117,0.2764
CLUBS TEN CLUBS EIGHT,0.667,0.0468,0.2862
CLUBS EIGHT CLUBS KING,0.4152,0.005,0.5798
SPADES FIVE CLUBS ACE,0.4482,0.0046,0.5472
CLUBS EIGHT CLUBS QUEEN,0.4146,0.0094,0.576
SPADES FIVE CLUBS KING,0.4402,0.0068,0.553
SPADES FIVE CLUBS QUEEN,0.4608,0.0094,0.5298
CLUBS EIGHT CLUBS ACE,0.4072,0.0026,0.5902
DIAMONDS TWO DIAMONDS THREE,0.596,0.0156,0.3884
DIAMONDS TWO DIAMONDS FIVE,0.6016,0.0134,0.385
SPADES KING HEARTS FIVE,0.4528,0.0064,0.5408
DIAMONDS TWO DIAMONDS FOUR,0.6054,0.0172,0.3774
SPADES QUEEN HEARTS FIVE,0.4482,0.009,0.5428
DIAMONDS TWO DIAMONDS SEVEN,0.6332,0.011,0.3558
DIAMONDS TWO DIAMONDS SIX,0.6216,0.017,0.3614
SPADES ACE HEARTS FIVE,0.4422,0.0054,0.5524
DIAMONDS TWO DIAMONDS NINE,0.6444,0.0156,0.34
DIAMONDS TWO DIAMONDS EIGHT,0.6368,0.0156,0.3476
DIAMONDS THREE DIAMONDS FOUR,0.6006,0.0166,0.3828
SPADES FOUR CLUBS TWO,0.647,0.0154,0.3376
DIAMONDS THREE DIAMONDS FIVE,0.5898,0.0122,0.398
SPADES FIVE CLUBS TWO,0.6428,0.0134,0.3438
CLUBS TWO SPADES TWO,0.4832,0.0304,0.4864
CLUBS TWO SPADES THREE,0.653,0.0158,0.3312
DIAMONDS THREE DIAMONDS EIGHT,0.6284,0.0134,0.3582
SPADES EIGHT CLUBS TWO,0.671,0.0166,0.3124
DIAMONDS THREE DIAMONDS NINE,0.6222,0.0156,0.3622
SPADES NINE CLUBS TWO,0.6862,0.0144,0.2994
DIAMONDS THREE DIAMONDS SIX,0.624,0.0134,0.3626
SPADES SIX CLUBS TWO,0.6732,0.016,0.3108
DIAMONDS THREE DIAMONDS SEVEN,0.6198,0.0168,0.3634
SPADES SEVEN CLUBS TWO,0.6714,0.0158,0.3128
CLUBS SIX CLUBS TWO,0.6298,0.0134,0.3568
CLUBS SEVEN CLUBS TWO,0.6302,0.0138,0.356
CLUBS FOUR CLUBS TWO,0.6078,0.0156,0.3766
CLUBS FIVE CLUBS TWO,0.6128,0.0152,0.372
CLUBS TEN CLUBS JACK,0.0244,0.9034,0.0722
DIAMONDS FOUR DIAMONDS SIX,0.6056,0.0128,0.3816
CLUBS TEN CLUBS QUEEN,0.2544,0.037,0.7086
DIAMONDS FOUR DIAMONDS SEVEN,0.5986,0.0126,0.3888
CLUBS TEN CLUBS KING,0.256,0.0322,0.7118
CLUBS TEN CLUBS ACE,0.2742,0.0134,0.7124
CLUBS EIGHT CLUBS TWO,0.6396,0.014,0.3464
DIAMONDS FIVE DIAMONDS FOUR,0.5822,0.012,0.4058
CLUBS NINE CLUBS TWO,0.6536,0.0164,0.33
DIAMONDS NINE DIAMONDS FOUR,0.641,0.0168,0.3422
DIAMONDS EIGHT DIAMONDS FOUR,0.6158,0.0168,0.3674
CLUBS THREE CLUBS TWO,0.6122,0.0128,0.375
DIAMONDS NINE DIAMONDS FIVE,0.6168,0.0124,0.3708
DIAMONDS TWO CLUBS JACK,0.6498,0.1278,0.2224
DIAMONDS EIGHT DIAMONDS FIVE,0.6166,0.012,0.3714
CLUBS TEN DIAMONDS TWO,0.726,0.0544,0.2196
DIAMONDS FIVE DIAMONDS SEVEN,0.6068,0.015,0.3782
DIAMONDS FIVE DIAMONDS SIX,0.6,0.012,0.388
DIAMONDS TWO CLUBS ACE,0.4418,0.0032,0.555
DIAMONDS TWO CLUBS KING,0.4556,0.0058,0.5386
DIAMONDS TWO CLUBS QUEEN,0.4578,0.01,0.5322
DIAMONDS EIGHT DIAMONDS SIX,0.5974,0.0126,0.39
DIAMONDS NINE DIAMONDS SIX,0.6152,0.0128,0.372
HEARTS ACE SPADES THREE,0.4544,0.005,0.5406
SPADES THREE HEARTS KING,0.4522,0.0094,0.5384
DIAMONDS SEVEN DIAMONDS SIX,0.5984,0.013,0.3886
SPADES THREE HEARTS QUEEN,0.4456,0.014,0.5404
SPADES THREE HEARTS JACK,0.6616,0.1204,0.218
DIAMONDS EIGHT DIAMONDS SEVEN,0.5958,0.012,0.3922
DIAMONDS NINE DIAMONDS SEVEN,0.6116,0.0138,0.3746
DIAMONDS NINE DIAMONDS EIGHT,0.6112,0.0156,0.3732
DIAMONDS KING HEARTS JACK,0.2534,0.0252,0.7214
HEARTS THREE HEARTS JACK,0.6178,0.1214,0.2608
SPADES TEN CLUBS SIX,0.7208,0.0534,0.2258
SPADES TEN SPADES FIVE,0.692,0.0586,0.2494
DIAMONDS KING HEARTS ACE,0.3742,0.0044,0.6214
HEARTS THREE HEARTS ACE,0.423,0.004,0.573
SPADES ACE CLUBS SIX,0.438,0.0052,0.5568
DIAMONDS KING HEARTS QUEEN,0.3572,0.0092,0.6336
HEARTS THREE HEARTS QUEEN,0.444,0.0108,0.5452
SPADES KING CLUBS SIX,0.4398,0.007,0.5532
DIAMONDS KING HEARTS KING,0.1586,0.0084,0.833
HEARTS THREE HEARTS KING,0.428,0.0096,0.5624
SPADES QUEEN CLUBS SIX,0.4468,0.0074,0.5458
SPADES NINE HEARTS JACK,0.6562,0.1254,0.2184
SPADES QUEEN SPADES FIVE,0.43,0.011,0.559
SPADES KING SPADES FIVE,0.4332,0.0068,0.56
SPADES ACE SPADES FIVE,0.4328,0.0066,0.5606
SPADES NINE HEARTS QUEEN,0.4176,0.0098,0.5726
SPADES NINE HEARTS KING,0.4286,0.0076,0.5638
SPADES NINE HEARTS ACE,0.4392,0.0046,0.5562
CLUBS TEN SPADES TEN,0.3364,0.0302,0.6334
SPADES ACE CLUBS TEN,0.2718,0.0152,0.713
SPADES KING CLUBS TEN,0.2636,0.0254,0.711
CLUBS TEN SPADES QUEEN,0.2464,0.0374,0.7162
SPADES FIVE HEARTS QUEEN,0.4504,0.0114,0.5382
SPADES FIVE HEARTS KING,0.4528,0.0084,0.5388
SPADES FIVE HEARTS ACE,0.4456,0.0056,0.5488
SPADES TEN CLUBS EIGHT,0.7016,0.0548,0.2436
HEARTS THREE SPADES TEN,0.7298,0.057,0.2132
SPADES TEN DIAMONDS KING,0.2774,0.0278,0.6948
CLUBS SIX HEARTS ACE,0.456,0.0026,0.5414
SPADES ACE CLUBS EIGHT,0.4244,0.0052,0.5704
HEARTS FIVE CLUBS JACK,0.6566,0.1212,0.2222
CLUBS TEN HEARTS FIVE,0.721,0.064,0.215
CLUBS SIX HEARTS QUEEN,0.4552,0.0098,0.535
SPADES QUEEN CLUBS EIGHT,0.4284,0.0102,0.5614
CLUBS TEN SPADES THREE,0.724,0.0532,0.2228
CLUBS SIX HEARTS KING,0.4502,0.0074,0.5424
SPADES KING CLUBS EIGHT,0.442,0.007,0.551
SPADES THREE CLUBS JACK,0.6594,0.1258,0.2148
DIAMONDS TWO HEARTS JACK,0.6472,0.1236,0.2292
SPADES THREE CLUBS QUEEN,0.4674,0.0116,0.521
SPADES THREE CLUBS KING,0.4604,0.0054,0.5342
HEARTS FIVE CLUBS ACE,0.4536,0.0028,0.5436
SPADES THREE CLUBS ACE,0.4428,0.004,0.5532
HEARTS FIVE CLUBS KING,0.4604,0.0062,0.5334
SPADES FIVE HEARTS JACK,0.651,0.1286,0.2204
HEARTS FIVE CLUBS QUEEN,0.4738,0.01,0.5162
HEARTS THREE CLUBS KING,0.4594,0.0086,0.532
DIAMONDS KING CLUBS KING,0.1688,0.0078,0.8234
HEARTS THREE CLUBS QUEEN,0.4412,0.0098,0.549
DIAMONDS KING CLUBS QUEEN,0.35,0.0056,0.6444
HEARTS FIVE HEARTS JACK,0.6196,0.1168,0.2636
HEARTS THREE CLUBS ACE,0.4486,0.0048,0.5466
DIAMONDS KING CLUBS ACE,0.371,0.0038,0.6252
SPADES ACE CLUBS QUEEN,0.3648,0.006,0.6292
SPADES KING CLUBS QUEEN,0.3536,0.0052,0.6412
HEARTS THREE CLUBS JACK,0.6564,0.1194,0.2242
DIAMONDS KING CLUBS JACK,0.2746,0.0262,0.6992
SPADES QUEEN CLUBS QUEEN,0.1616,0.0106,0.8278
CLUBS TEN HEARTS THREE,0.7218,0.0594,0.2188
CLUBS TEN DIAMONDS KING,0.2668,0.029,0.7042
CLUBS SIX CLUBS QUEEN,0.4224,0.0088,0.5688
SPADES TEN CLUBS QUEEN,0.2618,0.0362,0.702
CLUBS SIX CLUBS KING,0.4232,0.0094,0.5674
CLUBS SIX CLUBS ACE,0.4176,0.004,0.5784
HEARTS FIVE HEARTS KING,0.432,0.007,0.561
HEARTS FIVE HEARTS QUEEN,0.4334,0.0122,0.5544
CLUBS TEN CLUBS SIX,0.6752,0.0464,0.2784
HEARTS FIVE HEARTS ACE,0.4382,0.004,0.5578
CLUBS SIX CLUBS JACK,0.6166,0.1108,0.2726
SPADES SEVEN HEARTS JACK,0.657,0.1176,0.2254
DIAMONDS TWO CLUBS TWO,0.483,0.0338,0.4832
DIAMONDS TWO CLUBS THREE,0.6436,0.0184,0.338
HEARTS SIX DIAMONDS TWO,0.6576,0.0156,0.3268
DIAMONDS TWO HEARTS QUEEN,0.4404,0.0116,0.548
DIAMONDS TWO HEARTS SEVEN,0.6758,0.0164,0.3078
DIAMONDS TWO HEARTS KING,0.456,0.0082,0.5358
DIAMONDS TWO HEARTS EIGHT,0.6706,0.0138,0.3156
DIAMONDS TWO HEARTS ACE,0.446,0.0036,0.5504
DIAMONDS TWO HEARTS NINE,0.6966,0.0128,0.2906
DIAMONDS TWO DIAMONDS QUEEN,0.4296,0.008,0.5624
DIAMONDS TWO HEARTS TWO,0.4728,0.0284,0.4988
DIAMONDS TWO DIAMONDS KING,0.423,0.0064,0.5706
HEARTS THREE DIAMONDS TWO,0.6546,0.015,0.3304
DIAMONDS TWO DIAMONDS ACE,0.4254,0.005,0.5696
HEARTS FOUR DIAMONDS TWO,0.6238,0.0186,0.3576
DIAMONDS TWO HEARTS FIVE,0.652,0.0154,0.3326
SPADES SEVEN HEARTS ACE,0.4464,0.0042,0.5494
DIAMONDS TWO DIAMONDS TEN,0.6824,0.0518,0.2658
SPADES SEVEN HEARTS KING,0.4464,0.008,0.5456
DIAMONDS TWO DIAMONDS JACK,0.6244,0.1102,0.2654
SPADES SEVEN HEARTS QUEEN,0.4564,0.0092,0.5344
DIAMONDS TWO SPADES NINE,0.6922,0.0172,0.2906
DIAMONDS TWO SPADES EIGHT,0.694,0.0138,0.2922
DIAMONDS TWO SPADES SEVEN,0.683,0.0174,0.2996
DIAMONDS TWO SPADES SIX,0.6594,0.0128,0.3278
DIAMONDS TWO SPADES FIVE,0.6544,0.016,0.3296
DIAMONDS TWO SPADES FOUR,0.6486,0.0158,0.3356
DIAMONDS TWO SPADES THREE,0.6456,0.0166,0.3378
DIAMONDS TWO SPADES TWO,0.4806,0.0262,0.4932
CLUBS NINE DIAMONDS TWO,0.6936,0.0148,0.2916
DIAMONDS TWO CLUBS EIGHT,0.679,0.0176,0.3034
CLUBS SEVEN DIAMONDS TWO,0.6816,0.0164,0.302
DIAMONDS TWO CLUBS SIX,0.654,0.0112,0.3348
DIAMONDS TWO CLUBS FIVE,0.6482,0.0168,0.335
DIAMONDS TWO CLUBS FOUR,0.6494,0.0134,0.3372
CLUBS FOUR SPADES FIVE,0.6226,0.0176,0.3598
CLUBS FOUR SPADES FOUR,0.4728,0.0262,0.501
CLUBS FOUR SPADES THREE,0.6418,0.0184,0.3398
CLUBS FOUR SPADES TWO,0.6448,0.0148,0.3404
SPADES NINE CLUBS FOUR,0.695,0.0148,0.2902
SPADES EIGHT CLUBS FOUR,0.6728,0.0152,0.312
SPADES SEVEN CLUBS FOUR,0.6658,0.0134,0.3208
SPADES SIX CLUBS FOUR,0.632,0.0146,0.3534
SPADES ACE DIAMONDS SIX,0.4514,0.0036,0.545
SPADES QUEEN DIAMONDS SIX,0.4436,0.0068,0.5496
SPADES KING DIAMONDS SIX,0.4408,0.0062,0.553
SPADES TEN DIAMONDS SIX,0.7208,0.0594,0.2198
SPADES QUEEN SPADES TWO,0.434,0.0104,0.5556
SPADES KING SPADES TWO,0.439,0.0076,0.5534
SPADES ACE SPADES TWO,0.4266,0.0044,0.569
DIAMONDS JACK CLUBS JACK,0.156,0.0306,0.8134
CLUBS TEN DIAMONDS JACK,0.0226,0.9558,0.0216
DIAMONDS JACK CLUBS KING,0.2608,0.027,0.7122
DIAMONDS JACK CLUBS QUEEN,0.2544,0.0378,0.7078
DIAMONDS THREE DIAMONDS JACK,0.6008,0.1182,0.281
DIAMONDS THREE DIAMONDS TEN,0.6688,0.0526,0.2786
DIAMONDS JACK CLUBS ACE,0.2766,0.0198,0.7036
DIAMONDS THREE DIAMONDS KING,0.4138,0.0076,0.5786
HEARTS THREE DIAMONDS THREE,0.4898,0.028,0.4822
DIAMONDS THREE DIAMONDS QUEEN,0.423,0.011,0.566
DIAMONDS THREE HEARTS TWO,0.6526,0.016,0.3314
HEARTS FIVE DIAMONDS THREE,0.6516,0.0144,0.334
DIAMONDS THREE DIAMONDS ACE,0.4234,0.0054,0.5712
HEARTS FOUR DIAMONDS THREE,0.644,0.0194,0.3366
DIAMONDS THREE HEARTS SEVEN,0.6624,0.0158,0.3218
SPADES TEN SPADES NINE,0.6688,0.052,0.2792
HEARTS SIX DIAMONDS THREE,0.6542,0.0184,0.3274
DIAMONDS THREE HEARTS NINE,0.6894,0.0138,0.2968
HEARTS JACK DIAMONDS FOUR,0.6422,0.1246,0.2332
HEARTS ACE HEARTS KING,0.3416,0.0054,0.653
SPADES TEN SPADES TWO,0.7012,0.0542,0.2446
DIAMONDS THREE HEARTS EIGHT,0.689,0.0138,0.2972
HEARTS QUEEN DIAMONDS FOUR,0.4492,0.009,0.5418
HEARTS KING DIAMONDS FOUR,0.4398,0.0066,0.5536
SPADES ACE SPADES NINE,0.4226,0.005,0.5724
HEARTS ACE DIAMONDS FOUR,0.4434,0.004,0.5526
SPADES KING SPADES NINE,0.4062,0.0074,0.5864
SPADES QUEEN SPADES NINE,0.4018,0.0094,0.5888
DIAMONDS THREE SPADES NINE,0.6904,0.0126,0.297
DIAMONDS THREE SPADES EIGHT,0.6728,0.0166,0.3106
DIAMONDS THREE SPADES SEVEN,0.6554,0.0124,0.3322
DIAMONDS THREE SPADES SIX,0.6524,0.0156,0.332
DIAMONDS THREE CLUBS SIX,0.6464,0.0138,0.3398
CLUBS FIVE CLUBS SIX,0.5964,0.0164,0.3872
CLUBS ACE DIAMONDS FOUR,0.45,0.0042,0.5458
CLUBS SEVEN DIAMONDS THREE,0.6652,0.016,0.3188
CLUBS SEVEN CLUBS FIVE,0.5926,0.0174,0.39
DIAMONDS THREE CLUBS FOUR,0.6262,0.0138,0.36
DIAMONDS FOUR CLUBS QUEEN,0.45,0.0092,0.5408
DIAMONDS THREE CLUBS FIVE,0.6336,0.0164,0.35
CLUBS KING DIAMONDS FOUR,0.4382,0.0068,0.555
DIAMONDS THREE CLUBS TWO,0.6442,0.0188,0.337
CLUBS TEN DIAMONDS FOUR,0.7114,0.057,0.2316
DIAMONDS THREE CLUBS THREE,0.4768,0.0256,0.4976
DIAMONDS FOUR CLUBS JACK,0.6506,0.1198,0.2296
DIAMONDS THREE SPADES FOUR,0.6318,0.019,0.3492
DIAMONDS THREE SPADES FIVE,0.6374,0.016,0.3466
DIAMONDS THREE SPADES TWO,0.6514,0.017,0.3316
DIAMONDS THREE SPADES THREE,0.4698,0.031,0.4992
CLUBS EIGHT DIAMONDS THREE,0.6832,0.0168,0.3
CLUBS NINE DIAMONDS THREE,0.6744,0.0158,0.3098
SPADES SEVEN CLUBS ACE,0.4442,0.0036,0.5522
SPADES SEVEN CLUBS QUEEN,0.4674,0.0096,0.523
SPADES SEVEN CLUBS KING,0.4408,0.0064,0.5528
CLUBS FIVE SPADES SEVEN,0.6348,0.0128,0.3524
CLUBS TEN SPADES SEVEN,0.7084,0.057,0.2346
CLUBS FIVE SPADES SIX,0.6484,0.0118,0.3398
SPADES SEVEN CLUBS JACK,0.656,0.1238,0.2202
SPADES NINE CLUBS FIVE,0.6776,0.0136,0.3088
CLUBS FIVE SPADES EIGHT,0.651,0.0158,0.3332
CLUBS FIVE SPADES THREE,0.6276,0.0142,0.3582
CLUBS FIVE SPADES TWO,0.6558,0.0156,0.3286
CLUBS FIVE SPADES FIVE,0.4878,0.0256,0.4866
CLUBS FIVE SPADES FOUR,0.6192,0.014,0.3668
CLUBS NINE CLUBS FIVE,0.6322,0.0126,0.3552
CLUBS EIGHT CLUBS FIVE,0.611,0.014,0.375
CLUBS ACE CLUBS QUEEN,0.3274,0.0044,0.6682
CLUBS KING CLUBS QUEEN,0.3374,0.0082,0.6544
DIAMONDS TEN DIAMONDS FOUR,0.6724,0.0578,0.2698
CLUBS TEN DIAMONDS NINE,0.6992,0.053,0.2478
DIAMONDS JACK DIAMONDS FOUR,0.6094,0.1162,0.2744
DIAMONDS NINE CLUBS JACK,0.6392,0.127,0.2338
SPADES NINE CLUBS JACK,0.649,0.1248,0.2262
CLUBS TEN SPADES NINE,0.708,0.0498,0.2422
DIAMONDS ACE DIAMONDS FOUR,0.423,0.0042,0.5728
HEARTS FOUR DIAMONDS FOUR,0.4802,0.0304,0.4894
SPADES NINE CLUBS KING,0.4274,0.0076,0.565
DIAMONDS TWO SPADES TEN,0.7298,0.0616,0.2086
DIAMONDS NINE CLUBS ACE,0.4384,0.0022,0.5594
HEARTS FIVE DIAMONDS FOUR,0.6246,0.0164,0.359
DIAMONDS JACK HEARTS JACK,0.1474,0.0314,0.8212
SPADES NINE CLUBS QUEEN,0.4204,0.0094,0.5702
DIAMONDS QUEEN DIAMONDS FOUR,0.42,0.0112,0.5688
HEARTS TWO DIAMONDS FOUR,0.6422,0.0152,0.3426
DIAMONDS NINE CLUBS QUEEN,0.4046,0.0078,0.5876
DIAMONDS KING DIAMONDS FOUR,0.4308,0.009,0.5602
HEARTS THREE DIAMONDS FOUR,0.644,0.0182,0.3378
SPADES NINE CLUBS ACE,0.4388,0.0038,0.5574
DIAMONDS NINE CLUBS KING,0.4264,0.0066,0.567
HEARTS ACE DIAMONDS JACK,0.2658,0.0158,0.7184
SPADES ACE DIAMONDS TWO,0.4406,0.0044,0.555
HEARTS QUEEN DIAMONDS JACK,0.2578,0.0388,0.7034
SPADES QUEEN DIAMONDS TWO,0.4462,0.0098,0.544
DIAMONDS JACK HEARTS KING,0.2482,0.0264,0.7254
SPADES KING DIAMONDS TWO,0.4554,0.0064,0.5382
SPADES TEN SPADES SEVEN,0.6852,0.0514,0.2634
CLUBS SEVEN CLUBS THREE,0.6194,0.0152,0.3654
CLUBS SIX CLUBS THREE,0.5964,0.0142,0.3894
CLUBS FIVE CLUBS THREE,0.5986,0.0146,0.3868
CLUBS THREE CLUBS FOUR,0.602,0.0132,0.3848
CLUBS NINE CLUBS THREE,0.637,0.0134,0.3496
CLUBS EIGHT CLUBS THREE,0.6382,0.0136,0.3482
CLUBS THREE SPADES FIVE,0.6362,0.0158,0.348
CLUBS THREE SPADES FOUR,0.6376,0.0154,0.347
CLUBS THREE SPADES THREE,0.4788,0.0236,0.4976
CLUBS THREE SPADES TWO,0.6718,0.013,0.3152
CLUBS THREE SPADES SIX,0.6666,0.015,0.3184
SPADES SEVEN CLUBS THREE,0.6642,0.0162,0.3196
SPADES EIGHT CLUBS THREE,0.69,0.0136,0.2964
SPADES NINE CLUBS THREE,0.698,0.0142,0.2878
SPADES TWO DIAMONDS FOUR,0.65,0.0168,0.3332
SPADES THREE DIAMONDS FOUR,0.6276,0.017,0.3554
SPADES FOUR DIAMONDS FOUR,0.4768,0.0274,0.4958
SPADES FIVE DIAMONDS FOUR,0.6274,0.015,0.3576
SPADES SIX DIAMONDS FOUR,0.6384,0.0134,0.3482
SPADES SEVEN DIAMONDS FOUR,0.6598,0.0134,0.3268
SPADES EIGHT DIAMONDS FOUR,0.6854,0.0114,0.3032
SPADES NINE DIAMONDS FOUR,0.674,0.018,0.308
CLUBS FIVE DIAMONDS FOUR,0.6266,0.0166,0.3568
CLUBS FOUR DIAMONDS FOUR,0.4748,0.022,0.5032
CLUBS SEVEN DIAMONDS FOUR,0.6436,0.0148,0.3416
CLUBS SIX DIAMONDS FOUR,0.6398,0.0138,0.3464
CLUBS NINE DIAMONDS FOUR,0.6896,0.016,0.2944
CLUBS EIGHT DIAMONDS FOUR,0.651,0.0164,0.3326
DIAMONDS FOUR HEARTS SEVEN,0.6548,0.0146,0.3306
HEARTS SIX DIAMONDS FOUR,0.6586,0.0098,0.3316
HEARTS NINE DIAMONDS FOUR,0.688,0.0154,0.2966
DIAMONDS FOUR HEARTS EIGHT,0.6846,0.0168,0.2986
CLUBS THREE DIAMONDS FOUR,0.6236,0.0138,0.3626
CLUBS TWO DIAMONDS FOUR,0.6324,0.015,0.3526
DIAMONDS TEN DIAMONDS FIVE,0.6704,0.0554,0.2742
DIAMONDS JACK DIAMONDS FIVE,0.6116,0.113,0.2754
DIAMONDS NINE HEARTS QUEEN,0.4208,0.008,0.5712
DIAMONDS NINE HEARTS KING,0.4234,0.004,0.5726
HEARTS ACE DIAMONDS NINE,0.4286,0.005,0.5664
DIAMONDS NINE HEARTS JACK,0.658,0.1248,0.2172
CLUBS KING DIAMONDS SIX,0.4536,0.0052,0.5412
CLUBS QUEEN DIAMONDS SIX,0.4484,0.0098,0.5418
CLUBS ACE DIAMONDS SIX,0.4524,0.0028,0.5448
SPADES KING DIAMONDS FOUR,0.4378,0.0072,0.555
SPADES ACE SPADES SEVEN,0.4166,0.004,0.5794
SPADES QUEEN DIAMONDS FOUR,0.4566,0.0088,0.5346
SPADES QUEEN SPADES SEVEN,0.4196,0.01,0.5704
CLUBS JACK DIAMONDS SIX,0.6604,0.1172,0.2224
SPADES KING SPADES SEVEN,0.4128,0.0084,0.5788
SPADES ACE DIAMONDS FOUR,0.442,0.0046,0.5534
CLUBS TEN DIAMONDS SIX,0.7132,0.0566,0.2302
CLUBS NINE CLUBS FOUR,0.652,0.0106,0.3374
CLUBS EIGHT CLUBS FOUR,0.6166,0.0132,0.3702
SPADES TEN DIAMONDS FOUR,0.733,0.056,0.211
CLUBS FIVE CLUBS FOUR,0.5802,0.0124,0.4074
CLUBS SEVEN CLUBS FOUR,0.6008,0.014,0.3852
CLUBS SIX CLUBS FOUR,0.5926,0.0132,0.3942
CLUBS SEVEN SPADES EIGHT,0.6516,0.0128,0.3356
CLUBS SEVEN SPADES NINE,0.6578,0.0124,0.3298
CLUBS SEVEN SPADES SIX,0.6412,0.0146,0.3442
CLUBS SEVEN SPADES SEVEN,0.4666,0.0236,0.5098
CLUBS SEVEN SPADES FIVE,0.6404,0.0138,0.3458
CLUBS SEVEN SPADES FOUR,0.6534,0.014,0.3326
CLUBS SEVEN SPADES THREE,0.6674,0.0158,0.3168
CLUBS SEVEN SPADES TWO,0.685,0.014,0.301
CLUBS NINE CLUBS SEVEN,0.608,0.013,0.379
CLUBS SEVEN CLUBS EIGHT,0.5862,0.0128,0.401
HEARTS SIX DIAMONDS FIVE,0.6444,0.0146,0.341
DIAMONDS FIVE HEARTS SEVEN,0.6488,0.0138,0.3374
DIAMONDS FIVE HEARTS EIGHT,0.654,0.0114,0.3346
HEARTS NINE DIAMONDS FIVE,0.6672,0.0138,0.319
DIAMONDS QUEEN DIAMONDS FIVE,0.4254,0.0098,0.5648
HEARTS TWO DIAMONDS FIVE,0.6482,0.016,0.3358
HEARTS KING HEARTS EIGHT,0.4152,0.0072,0.5776
DIAMONDS KING DIAMONDS FIVE,0.4212,0.0056,0.5732
HEARTS THREE DIAMONDS FIVE,0.635,0.0168,0.3482
HEARTS QUEEN HEARTS EIGHT,0.424,0.0076,0.5684
DIAMONDS ACE DIAMONDS FIVE,0.416,0.0032,0.5808
HEARTS FOUR DIAMONDS FIVE,0.625,0.0144,0.3606
HEARTS FIVE DIAMONDS FIVE,0.4972,0.0294,0.4734
HEARTS ACE HEARTS EIGHT,0.4212,0.0058,0.573
CLUBS FOUR DIAMONDS FIVE,0.621,0.0118,0.3672
CLUBS FIVE DIAMONDS FIVE,0.4816,0.0306,0.4878
CLUBS SIX DIAMONDS FIVE,0.639,0.0132,0.3478
CLUBS SEVEN DIAMONDS FIVE,0.637,0.0136,0.3494
CLUBS TWO DIAMONDS FIVE,0.6338,0.0166,0.3496
CLUBS THREE DIAMONDS FIVE,0.637,0.0156,0.3474
SPADES THREE DIAMONDS FIVE,0.6482,0.017,0.3348
SPADES TWO DIAMONDS FIVE,0.661,0.0128,0.3262
SPADES FIVE DIAMONDS FIVE,0.464,0.0278,0.5082
CLUBS TEN HEARTS JACK,0.0092,0.9738,0.017
SPADES TEN DIAMONDS EIGHT,0.7062,0.0522,0.2416
SPADES FOUR DIAMONDS FIVE,0.6374,0.0168,0.3458
HEARTS JACK CLUBS JACK,0.1476,0.036,0.8164
HEARTS JACK CLUBS QUEEN,0.2424,0.0414,0.7162
CLUBS NINE DIAMONDS FIVE,0.6754,0.0136,0.311
CLUBS KING HEARTS JACK,0.2516,0.0326,0.7158
CLUBS EIGHT DIAMONDS FIVE,0.6616,0.0168,0.3216
CLUBS ACE HEARTS JACK,0.2758,0.0194,0.7048
SPADES SEVEN DIAMONDS FIVE,0.6434,0.0138,0.3428
SPADES KING DIAMONDS EIGHT,0.4304,0.0072,0.5624
SPADES SIX DIAMONDS FIVE,0.644,0.011,0.345
SPADES QUEEN DIAMONDS EIGHT,0.4266,0.0102,0.5632
SPADES NINE DIAMONDS FIVE,0.679,0.013,0.308
SPADES EIGHT DIAMONDS FIVE,0.6652,0.0158,0.319
SPADES ACE DIAMONDS EIGHT,0.4418,0.0026,0.5556
DIAMONDS TEN DIAMONDS SIX,0.6842,0.0564,0.2594
HEARTS ACE DIAMONDS SEVEN,0.4508,0.0036,0.5456
DIAMONDS JACK DIAMONDS SIX,0.6138,0.1206,0.2656
HEARTS QUEEN DIAMONDS SEVEN,0.4352,0.0102,0.5546
HEARTS KING DIAMONDS SEVEN,0.4336,0.0078,0.5586
DIAMONDS ACE DIAMONDS SIX,0.4196,0.0024,0.578
HEARTS FOUR DIAMONDS SIX,0.647,0.0154,0.3376
SPADES TWO HEARTS JACK,0.6544,0.123,0.2226
HEARTS FIVE DIAMONDS SIX,0.6438,0.0128,0.3434
DIAMONDS QUEEN DIAMONDS SIX,0.4304,0.0078,0.5618
HEARTS TWO DIAMONDS SIX,0.6652,0.0156,0.3192
DIAMONDS KING DIAMONDS SIX,0.4292,0.0086,0.5622
HEARTS THREE DIAMONDS SIX,0.646,0.0142,0.3398
HEARTS EIGHT DIAMONDS SIX,0.64,0.019,0.341
HEARTS NINE DIAMONDS SIX,0.6744,0.0098,0.3158
HEARTS SIX DIAMONDS SIX,0.4828,0.0254,0.4918
HEARTS SEVEN DIAMONDS SIX,0.6296,0.0182,0.3522
CLUBS TWO DIAMONDS SIX,0.6612,0.0166,0.3222
HEARTS JACK DIAMONDS SEVEN,0.6456,0.1172,0.2372
CLUBS THREE DIAMONDS SIX,0.6516,0.0152,0.3332
CLUBS SEVEN DIAMONDS SIX,0.63,0.012,0.358
DIAMONDS EIGHT CLUBS JACK,0.6472,0.1156,0.2372
CLUBS SIX DIAMONDS SIX,0.481,0.025,0.494
CLUBS TEN DIAMONDS EIGHT,0.7092,0.0524,0.2384
CLUBS FIVE DIAMONDS SIX,0.635,0.012,0.353
CLUBS FOUR DIAMONDS SIX,0.6452,0.014,0.3408
HEARTS ACE HEARTS JACK,0.2658,0.0156,0.7186
DIAMONDS EIGHT CLUBS ACE,0.4268,0.004,0.5692
HEARTS QUEEN HEARTS JACK,0.2354,0.0368,0.7278
DIAMONDS EIGHT CLUBS KING,0.4406,0.0066,0.5528
CLUBS NINE DIAMONDS SIX,0.6636,0.0156,0.3208
HEARTS KING HEARTS JACK,0.251,0.0274,0.7216
DIAMONDS EIGHT CLUBS QUEEN,0.4256,0.008,0.5664
CLUBS EIGHT DIAMONDS SIX,0.6462,0.013,0.3408
SPADES TEN HEARTS KING,0.262,0.0266,0.7114
SPADES FIVE DIAMONDS SIX,0.6516,0.0154,0.333
HEARTS ACE SPADES TWO,0.45,0.0036,0.5464
SPADES FOUR DIAMONDS SIX,0.649,0.0126,0.3384
SPADES THREE DIAMONDS SIX,0.6514,0.0184,0.3302
HEARTS QUEEN SPADES TWO,0.4414,0.014,0.5446
SPADES ACE SPADES KING,0.346,0.0044,0.6496
SPADES TWO HEARTS KING,0.4516,0.0084,0.54
SPADES TWO DIAMONDS SIX,0.6638,0.0162,0.32
SPADES NINE DIAMONDS SIX,0.6652,0.0168,0.318
HEARTS JACK HEARTS EIGHT,0.6132,0.1236,0.2632
SPADES EIGHT DIAMONDS SIX,0.6506,0.0182,0.3312
SPADES SEVEN DIAMONDS SIX,0.6396,0.0136,0.3468
SPADES SIX DIAMONDS SIX,0.4832,0.0254,0.4914
SPADES KING HEARTS KING,0.1674,0.008,0.8246
SPADES QUEEN HEARTS KING,0.341,0.0086,0.6504
CLUBS ACE CLUBS KING,0.342,0.0042,0.6538
SPADES ACE HEARTS KING,0.3622,0.0054,0.6324
SPADES ACE HEARTS JACK,0.2656,0.0154,0.719
SPADES QUEEN HEARTS JACK,0.2332,0.0372,0.7296
SPADES KING HEARTS JACK,0.2488,0.0324,0.7188
SPADES TEN DIAMONDS TEN,0.3284,0.0338,0.6378
SPADES ACE DIAMONDS TEN,0.2882,0.0166,0.6952
SPADES TEN HEARTS JACK,0.0078,0.984,0.0082
SPADES QUEEN DIAMONDS TEN,0.2434,0.039,0.7176
SPADES KING DIAMONDS TEN,0.2672,0.0294,0.7034
SPADES NINE DIAMONDS SEVEN,0.654,0.0144,0.3316
SPADES EIGHT DIAMONDS SEVEN,0.6362,0.0142,0.3496
SPADES SEVEN DIAMONDS SEVEN,0.453,0.0278,0.5192
SPADES SIX DIAMONDS SEVEN,0.639,0.0118,0.3492
DIAMONDS KING DIAMONDS SEVEN,0.4156,0.0084,0.576
HEARTS THREE DIAMONDS SEVEN,0.6726,0.0158,0.3116
HEARTS KING DIAMONDS FIVE,0.452,0.0084,0.5396
DIAMONDS QUEEN DIAMONDS SEVEN,0.4194,0.0086,0.572
HEARTS TWO DIAMONDS SEVEN,0.679,0.0144,0.3066
HEARTS QUEEN DIAMONDS FIVE,0.4504,0.0098,0.5398
HEARTS FIVE DIAMONDS SEVEN,0.6482,0.0132,0.3386
DIAMONDS ACE DIAMONDS SEVEN,0.4196,0.0032,0.5772
HEARTS FOUR DIAMONDS SEVEN,0.6508,0.0142,0.335
HEARTS ACE DIAMONDS FIVE,0.4378,0.0046,0.5576
HEARTS SEVEN DIAMONDS SEVEN,0.4726,0.026,0.5014
HEARTS SIX DIAMONDS SEVEN,0.6354,0.0118,0.3528
HEARTS NINE DIAMONDS SEVEN,0.6584,0.0144,0.3272
DIAMONDS SEVEN HEARTS EIGHT,0.6368,0.0182,0.345
DIAMONDS JACK DIAMONDS SEVEN,0.6,0.1146,0.2854
DIAMONDS FIVE HEARTS JACK,0.6472,0.1248,0.228
DIAMONDS TEN DIAMONDS SEVEN,0.6618,0.054,0.2842
SPADES KING CLUBS TWO,0.4438,0.0072,0.549
HEARTS KING CLUBS KING,0.165,0.007,0.828
CLUBS EIGHT DIAMONDS SEVEN,0.6348,0.0118,0.3534
SPADES QUEEN CLUBS TWO,0.443,0.0128,0.5442
HEARTS KING CLUBS QUEEN,0.355,0.0054,0.6396
CLUBS NINE DIAMONDS SEVEN,0.6656,0.0106,0.3238
SPADES TWO CLUBS JACK,0.655,0.126,0.219
SPADES ACE CLUBS TWO,0.4402,0.0046,0.5552
CLUBS TEN SPADES TWO,0.732,0.0508,0.2172
HEARTS KING CLUBS ACE,0.3726,0.0056,0.6218
CLUBS SEVEN CLUBS SIX,0.5964,0.0146,0.389
SPADES TWO CLUBS KING,0.4606,0.0084,0.531
SPADES TWO DIAMONDS SEVEN,0.6768,0.013,0.3102
CLUBS EIGHT CLUBS SIX,0.6122,0.0128,0.375
SPADES THREE DIAMONDS SEVEN,0.667,0.0182,0.3148
SPADES TWO CLUBS QUEEN,0.453,0.0108,0.5362
CLUBS NINE CLUBS SIX,0.6216,0.0136,0.3648
SPADES FOUR DIAMONDS SEVEN,0.6528,0.014,0.3332
HEARTS KING CLUBS JACK,0.2478,0.0294,0.7228
SPADES FIVE DIAMONDS SEVEN,0.6548,0.0134,0.3318
SPADES TWO CLUBS ACE,0.4586,0.0036,0.5378
CLUBS TEN HEARTS KING,0.273,0.0246,0.7024
CLUBS SIX SPADES TWO,0.6712,0.0162,0.3126
CLUBS SIX SPADES THREE,0.6602,0.012,0.3278
CLUBS TWO DIAMONDS SEVEN,0.663,0.0122,0.3248
CLUBS SIX SPADES FOUR,0.6374,0.0162,0.3464
CLUBS THREE DIAMONDS SEVEN,0.6606,0.0132,0.3262
CLUBS SIX SPADES FIVE,0.6528,0.0144,0.3328
CLUBS FOUR DIAMONDS SEVEN,0.649,0.0138,0.3372
CLUBS SIX SPADES SIX,0.4728,0.0262,0.501
CLUBS FIVE DIAMONDS SEVEN,0.6352,0.0116,0.3532
CLUBS SIX SPADES SEVEN,0.64,0.0146,0.3454
CLUBS SIX DIAMONDS SEVEN,0.636,0.0124,0.3516
SPADES EIGHT CLUBS SIX,0.6478,0.015,0.3372
CLUBS SEVEN DIAMONDS SEVEN,0.4668,0.0238,0.5094
SPADES NINE CLUBS SIX,0.6858,0.0128,0.3014
SPADES TEN CLUBS TWO,0.7268,0.0574,0.2158
CLUBS TWO CLUBS QUEEN,0.4302,0.007,0.5628
CLUBS TWO CLUBS KING,0.4216,0.0072,0.5712
CLUBS THREE DIAMONDS EIGHT,0.6746,0.014,0.3114
CLUBS TWO CLUBS ACE,0.421,0.0038,0.5752
CLUBS TWO DIAMONDS EIGHT,0.6832,0.0112,0.3056
DIAMONDS EIGHT HEARTS SEVEN,0.6422,0.0142,0.3436
HEARTS SIX DIAMONDS EIGHT,0.6342,0.013,0.3528
DIAMONDS EIGHT HEARTS NINE,0.6508,0.01,0.3392
CLUBS TEN CLUBS TWO,0.6856,0.049,0.2654
DIAMONDS EIGHT HEARTS EIGHT,0.4568,0.0202,0.523
CLUBS TWO CLUBS JACK,0.6028,0.1248,0.2724
CLUBS NINE DIAMONDS EIGHT,0.6524,0.0122,0.3354
CLUBS EIGHT DIAMONDS EIGHT,0.4578,0.0246,0.5176
CLUBS FIVE DIAMONDS EIGHT,0.6532,0.0126,0.3342
SPADES ACE SPADES THREE,0.4338,0.0036,0.5626
CLUBS FOUR DIAMONDS EIGHT,0.657,0.0142,0.3288
CLUBS SEVEN DIAMONDS EIGHT,0.6406,0.0138,0.3456
SPADES QUEEN SPADES THREE,0.4346,0.0106,0.5548
CLUBS SIX DIAMONDS EIGHT,0.638,0.0144,0.3476
SPADES KING SPADES THREE,0.432,0.0084,0.5596
DIAMONDS QUEEN DIAMONDS EIGHT,0.411,0.01,0.579
HEARTS TWO DIAMONDS EIGHT,0.6922,0.0154,0.2924
DIAMONDS KING DIAMONDS EIGHT,0.4144,0.007,0.5786
HEARTS THREE DIAMONDS EIGHT,0.6736,0.0164,0.31
DIAMONDS ACE DIAMONDS EIGHT,0.4098,0.0036,0.5866
HEARTS FOUR DIAMONDS EIGHT,0.6694,0.0128,0.3178
HEARTS FIVE DIAMONDS EIGHT,0.6638,0.0138,0.3224
DIAMONDS EIGHT DIAMONDS TEN,0.6572,0.0526,0.2902
DIAMONDS EIGHT DIAMONDS JACK,0.6114,0.1114,0.2772
SPADES TEN SPADES THREE,0.6766,0.0618,0.2616
CLUBS FOUR HEARTS ACE,0.4454,0.0062,0.5484
CLUBS FOUR HEARTS QUEEN,0.4534,0.0092,0.5374
CLUBS FOUR HEARTS KING,0.4484,0.0062,0.5454
CLUBS SIX HEARTS JACK,0.651,0.1256,0.2234
SPADES FOUR DIAMONDS EIGHT,0.6666,0.0164,0.317
SPADES FIVE DIAMONDS EIGHT,0.6596,0.0142,0.3262
DIAMONDS EIGHT SPADES TWO,0.6694,0.0152,0.3154
DIAMONDS EIGHT SPADES THREE,0.6906,0.0154,0.294
CLUBS FOUR HEARTS JACK,0.6428,0.123,0.2342
SPADES EIGHT DIAMONDS EIGHT,0.465,0.0192,0.5158
SPADES TEN HEARTS TWO,0.7416,0.0552,0.2032
SPADES TEN DIAMONDS QUEEN,0.2568,0.0394,0.7038
SPADES NINE DIAMONDS EIGHT,0.6546,0.0142,0.3312
SPADES TEN HEARTS EIGHT,0.7128,0.0578,0.2294
SPADES SIX DIAMONDS EIGHT,0.6532,0.0134,0.3334
SPADES SEVEN DIAMONDS EIGHT,0.6358,0.0132,0.351
SPADES ACE HEARTS TWO,0.4618,0.0028,0.5354
SPADES ACE DIAMONDS QUEEN,0.3652,0.0026,0.6322
SPADES ACE HEARTS EIGHT,0.4312,0.004,0.5648
SPADES KING HEARTS EIGHT,0.4298,0.0086,0.5616
SPADES QUEEN HEARTS TWO,0.446,0.0096,0.5444
SPADES QUEEN DIAMONDS QUEEN,0.1604,0.0104,0.8292
SPADES KING DIAMONDS QUEEN,0.3692,0.007,0.6238
SPADES KING HEARTS TWO,0.4452,0.0088,0.546
SPADES QUEEN HEARTS EIGHT,0.435,0.0078,0.5572
CLUBS TWO HEARTS JACK,0.648,0.1264,0.2256
SPADES SEVEN DIAMONDS NINE,0.6446,0.0146,0.3408
SPADES SIX DIAMONDS NINE,0.6642,0.014,0.3218
SPADES NINE DIAMONDS NINE,0.4382,0.02,0.5418
SPADES EIGHT DIAMONDS NINE,0.6474,0.0144,0.3382
SPADES TEN CLUBS KING,0.2634,0.0276,0.709
DIAMONDS NINE SPADES THREE,0.6894,0.0134,0.2972
DIAMONDS NINE SPADES TWO,0.6924,0.0134,0.2942
SPADES FIVE DIAMONDS NINE,0.673,0.0142,0.3128
DIAMONDS NINE SPADES FOUR,0.6774,0.0122,0.3104
CLUBS NINE DIAMONDS NINE,0.4386,0.0222,0.5392
CLUBS EIGHT DIAMONDS NINE,0.6454,0.014,0.3406
CLUBS SIX DIAMONDS NINE,0.6536,0.0136,0.3328
CLUBS SEVEN DIAMONDS NINE,0.645,0.0128,0.3422
SPADES TEN CLUBS FOUR,0.7272,0.0602,0.2126
CLUBS FOUR DIAMONDS NINE,0.6824,0.011,0.3066
CLUBS FIVE DIAMONDS NINE,0.6784,0.015,0.3066
DIAMONDS NINE CLUBS TWO,0.6882,0.0134,0.2984
CLUBS THREE DIAMONDS NINE,0.6858,0.0136,0.3006
DIAMONDS NINE HEARTS EIGHT,0.6656,0.0114,0.323
DIAMONDS NINE HEARTS NINE,0.4418,0.0218,0.5364
HEARTS SIX DIAMONDS NINE,0.6734,0.0128,0.3138
DIAMONDS NINE HEARTS SEVEN,0.6488,0.0134,0.3378
CLUBS NINE CLUBS EIGHT,0.6054,0.01,0.3846
DIAMONDS ACE DIAMONDS NINE,0.4148,0.0034,0.5818
HEARTS FOUR DIAMONDS NINE,0.6764,0.0132,0.3104
HEARTS FIVE DIAMONDS NINE,0.6698,0.0138,0.3164
HEARTS ACE CLUBS TWO,0.4416,0.0062,0.5522
SPADES ACE CLUBS FOUR,0.4306,0.0058,0.5636
DIAMONDS QUEEN DIAMONDS NINE,0.4028,0.0082,0.589
HEARTS TWO DIAMONDS NINE,0.694,0.0126,0.2934
CLUBS TWO HEARTS KING,0.441,0.0072,0.5518
SPADES KING CLUBS FOUR,0.4472,0.0074,0.5454
DIAMONDS KING DIAMONDS NINE,0.403,0.0068,0.5902
HEARTS THREE DIAMONDS NINE,0.6784,0.016,0.3056
CLUBS TWO HEARTS QUEEN,0.4542,0.0112,0.5346
SPADES QUEEN CLUBS FOUR,0.4458,0.0116,0.5426
DIAMONDS NINE DIAMONDS JACK,0.6158,0.1098,0.2744
CLUBS EIGHT SPADES NINE,0.6482,0.014,0.3378
DIAMONDS NINE DIAMONDS TEN,0.6618,0.0492,0.289
CLUBS EIGHT SPADES EIGHT,0.4574,0.0232,0.5194
CLUBS EIGHT SPADES SEVEN,0.6462,0.0106,0.3432
CLUBS EIGHT SPADES SIX,0.6446,0.0128,0.3426
CLUBS EIGHT SPADES FIVE,0.6624,0.0168,0.3208
CLUBS EIGHT SPADES FOUR,0.677,0.0138,0.3092
CLUBS EIGHT SPADES THREE,0.6756,0.0144,0.31
CLUBS EIGHT SPADES TWO,0.6804,0.014,0.3056
HEARTS SIX DIAMONDS TEN,0.735,0.0576,0.2074
DIAMONDS TEN HEARTS SEVEN,0.7,0.055,0.245
DIAMONDS TEN HEARTS EIGHT,0.7054,0.053,0.2416
CLUBS FOUR CLUBS JACK,0.6046,0.1178,0.2776
DIAMONDS TEN HEARTS NINE,0.6948,0.0592,0.246
CLUBS TEN CLUBS FOUR,0.6702,0.0598,0.27
CLUBS FOUR CLUBS KING,0.412,0.0082,0.5798
CLUBS FOUR CLUBS QUEEN,0.4274,0.0094,0.5632
CLUBS TWO DIAMONDS TEN,0.7336,0.056,0.2104
CLUBS THREE DIAMONDS TEN,0.7208,0.0516,0.2276
CLUBS FOUR CLUBS ACE,0.4302,0.0046,0.5652
DIAMONDS JACK DIAMONDS TEN,0.0216,0.9114,0.067
DIAMONDS QUEEN DIAMONDS TEN,0.241,0.041,0.718
HEARTS TWO DIAMONDS TEN,0.7258,0.0542,0.22
DIAMONDS KING DIAMONDS TEN,0.2494,0.0306,0.72
HEARTS THREE DIAMONDS TEN,0.7206,0.054,0.2254
DIAMONDS ACE DIAMONDS TEN,0.2604,0.015,0.7246
HEARTS FOUR DIAMONDS TEN,0.7238,0.057,0.2192
CLUBS EIGHT HEARTS JACK,0.6538,0.1098,0.2364
HEARTS FIVE DIAMONDS TEN,0.7208,0.0542,0.225
CLUBS EIGHT HEARTS QUEEN,0.4278,0.0092,0.563
CLUBS EIGHT HEARTS KING,0.4324,0.007,0.5606
CLUBS EIGHT HEARTS ACE,0.4238,0.0032,0.573
CLUBS NINE SPADES THREE,0.6944,0.0134,0.2922
CLUBS NINE SPADES TWO,0.6874,0.016,0.2966
CLUBS NINE SPADES FIVE,0.6614,0.0154,0.3232
CLUBS NINE SPADES FOUR,0.6816,0.0168,0.3016
CLUBS NINE SPADES SEVEN,0.6592,0.0146,0.3262
CLUBS NINE SPADES SIX,0.67,0.0114,0.3186
CLUBS NINE SPADES NINE,0.4448,0.018,0.5372
CLUBS TEN HEARTS EIGHT,0.711,0.0476,0.2414
CLUBS NINE SPADES EIGHT,0.6542,0.0158,0.33
CLUBS JACK HEARTS EIGHT,0.6574,0.1178,0.2248
CLUBS QUEEN HEARTS EIGHT,0.4274,0.0092,0.5634
CLUBS KING HEARTS EIGHT,0.4432,0.0068,0.55
CLUBS ACE HEARTS EIGHT,0.44,0.0034,0.5566
SPADES KING CLUBS KING,0.169,0.0086,0.8224
SPADES QUEEN CLUBS KING,0.353,0.0062,0.6408
SPADES ACE CLUBS KING,0.3592,0.0056,0.6352
DIAMONDS ACE HEARTS JACK,0.265,0.0202,0.7148
HEARTS FOUR HEARTS JACK,0.627,0.1154,0.2576
SPADES KING CLUBS FIVE,0.4426,0.008,0.5494
SPADES QUEEN CLUBS FIVE,0.4444,0.0082,0.5474
SPADES ACE CLUBS FIVE,0.4418,0.0046,0.5536
DIAMONDS JACK HEARTS SEVEN,0.662,0.115,0.223
HEARTS SIX DIAMONDS JACK,0.671,0.1176,0.2114
DIAMONDS JACK HEARTS NINE,0.6524,0.1182,0.2294
DIAMONDS JACK HEARTS EIGHT,0.6636,0.1152,0.2212
DIAMONDS KING DIAMONDS JACK,0.2416,0.0274,0.731
HEARTS THREE DIAMONDS JACK,0.6534,0.1292,0.2174
SPADES ACE SPADES SIX,0.4068,0.006,0.5872
HEARTS ACE SPADES FOUR,0.4444,0.0044,0.5512
DIAMONDS QUEEN DIAMONDS JACK,0.2314,0.0392,0.7294
HEARTS TWO DIAMONDS JACK,0.6636,0.1274,0.209
HEARTS FIVE DIAMONDS JACK,0.6402,0.1308,0.229
SPADES QUEEN SPADES SIX,0.4428,0.0074,0.5498
SPADES FOUR HEARTS QUEEN,0.4444,0.0082,0.5474
DIAMONDS ACE DIAMONDS JACK,0.2524,0.0156,0.732
HEARTS FOUR DIAMONDS JACK,0.6408,0.1194,0.2398
SPADES KING SPADES SIX,0.423,0.0074,0.5696
SPADES FOUR HEARTS KING,0.4564,0.0056,0.538
SPADES TEN SPADES SIX,0.6904,0.0568,0.2528
SPADES FOUR DIAMONDS JACK,0.6558,0.1162,0.228
SPADES FIVE DIAMONDS JACK,0.6586,0.1164,0.225
DIAMONDS JACK SPADES TWO,0.6642,0.1218,0.214
SPADES THREE DIAMONDS JACK,0.6544,0.1232,0.2224
SPADES ACE DIAMONDS THREE,0.426,0.0052,0.5688
SPADES QUEEN DIAMONDS THREE,0.4426,0.011,0.5464
CLUBS EIGHT DIAMONDS JACK,0.6486,0.1176,0.2338
SPADES KING DIAMONDS THREE,0.4508,0.006,0.5432
CLUBS NINE DIAMONDS JACK,0.6444,0.1238,0.2318
CLUBS SIX DIAMONDS JACK,0.6558,0.1226,0.2216
CLUBS SEVEN DIAMONDS JACK,0.6518,0.1108,0.2374
CLUBS FOUR DIAMONDS JACK,0.6464,0.1208,0.2328
CLUBS FIVE DIAMONDS JACK,0.6484,0.1178,0.2338
CLUBS TWO DIAMONDS JACK,0.6472,0.1262,0.2266
CLUBS THREE DIAMONDS JACK,0.6422,0.129,0.2288
SPADES TEN CLUBS FIVE,0.7172,0.0556,0.2272
HEARTS SIX SPADES TEN,0.7256,0.0598,0.2146
CLUBS SEVEN CLUBS ACE,0.4152,0.0032,0.5816
SPADES TEN DIAMONDS THREE,0.7292,0.0574,0.2134
CLUBS SEVEN CLUBS QUEEN,0.419,0.0088,0.5722
CLUBS SEVEN CLUBS KING,0.4284,0.0056,0.566
SPADES NINE DIAMONDS JACK,0.6634,0.1128,0.2238
CLUBS TEN CLUBS SEVEN,0.6652,0.0482,0.2866
DIAMONDS ACE HEARTS ACE,0.1706,0.0034,0.826
HEARTS FOUR HEARTS ACE,0.4336,0.005,0.5614
SPADES EIGHT DIAMONDS JACK,0.6562,0.1242,0.2196
SPADES ACE HEARTS SIX,0.4558,0.005,0.5392
CLUBS SEVEN CLUBS JACK,0.6114,0.1082,0.2804
DIAMONDS ACE HEARTS KING,0.3754,0.0038,0.6208
HEARTS FOUR HEARTS KING,0.438,0.0094,0.5526
SPADES SEVEN DIAMONDS JACK,0.6372,0.1222,0.2406
SPADES KING HEARTS SIX,0.4502,0.0068,0.543
DIAMONDS ACE HEARTS QUEEN,0.3628,0.0034,0.6338
HEARTS FOUR HEARTS QUEEN,0.4182,0.0096,0.5722
SPADES SIX DIAMONDS JACK,0.6578,0.122,0.2202
SPADES QUEEN HEARTS SIX,0.4504,0.0088,0.5408
SPADES TWO DIAMONDS TEN,0.7316,0.0562,0.2122
SPADES THREE DIAMONDS TEN,0.7186,0.0566,0.2248
SPADES FOUR DIAMONDS TEN,0.7118,0.0594,0.2288
SPADES FIVE DIAMONDS TEN,0.7226,0.0562,0.2212
SPADES SIX DIAMONDS TEN,0.7288,0.0532,0.218
SPADES SEVEN DIAMONDS TEN,0.711,0.0528,0.2362
SPADES EIGHT DIAMONDS TEN,0.7086,0.0534,0.238
SPADES NINE DIAMONDS TEN,0.705,0.0548,0.2402
CLUBS FOUR DIAMONDS TEN,0.7176,0.0606,0.2218
CLUBS FIVE DIAMONDS TEN,0.7072,0.0552,0.2376
CLUBS SIX DIAMONDS TEN,0.7226,0.0512,0.2262
CLUBS SEVEN DIAMONDS TEN,0.7016,0.0576,0.2408
CLUBS EIGHT DIAMONDS TEN,0.693,0.0546,0.2524
CLUBS NINE DIAMONDS TEN,0.6964,0.0552,0.2484
DIAMONDS THREE CLUBS JACK,0.658,0.122,0.22
CLUBS TEN DIAMONDS THREE,0.7122,0.059,0.2288
DIAMONDS THREE CLUBS KING,0.4488,0.0064,0.5448
DIAMONDS THREE CLUBS QUEEN,0.4562,0.0104,0.5334
DIAMONDS THREE CLUBS ACE,0.4564,0.0048,0.5388
SPADES FOUR HEARTS JACK,0.6554,0.1258,0.2188
SPADES FIVE SPADES TWO,0.6282,0.0158,0.356
SPADES FOUR SPADES TWO,0.6036,0.015,0.3814
SPADES THREE SPADES TWO,0.6266,0.0136,0.3598
SPADES NINE SPADES TWO,0.666,0.0174,0.3166
SPADES EIGHT SPADES TWO,0.656,0.0136,0.3304
SPADES SEVEN SPADES TWO,0.6412,0.0154,0.3434
SPADES SIX SPADES TWO,0.6502,0.0152,0.3346
DIAMONDS QUEEN CLUBS THREE,0.4498,0.0096,0.5406
CLUBS THREE HEARTS TWO,0.6638,0.013,0.3232
DIAMONDS QUEEN CLUBS TWO,0.4486,0.008,0.5434
HEARTS TWO CLUBS TWO,0.4916,0.0286,0.4798
DIAMONDS QUEEN HEARTS SEVEN,0.4528,0.0088,0.5384
HEARTS TWO HEARTS SEVEN,0.648,0.0166,0.3354
HEARTS SIX DIAMONDS QUEEN,0.4584,0.0092,0.5324
HEARTS SIX HEARTS TWO,0.637,0.0154,0.3476
DIAMONDS QUEEN HEARTS NINE,0.42,0.0098,0.5702
HEARTS TWO HEARTS NINE,0.6628,0.0142,0.323
DIAMONDS QUEEN HEARTS EIGHT,0.4362,0.0092,0.5546
HEARTS TWO HEARTS EIGHT,0.6544,0.0132,0.3324
CLUBS NINE HEARTS TWO,0.6952,0.0128,0.292
CLUBS NINE DIAMONDS QUEEN,0.4088,0.0066,0.5846
CLUBS EIGHT HEARTS TWO,0.673,0.014,0.313
CLUBS EIGHT DIAMONDS QUEEN,0.4198,0.0072,0.573
CLUBS FIVE DIAMONDS QUEEN,0.4476,0.01,0.5424
CLUBS FIVE HEARTS TWO,0.6596,0.015,0.3254
SPADES EIGHT HEARTS ACE,0.4242,0.0046,0.5712
DIAMONDS QUEEN CLUBS FOUR,0.4382,0.0114,0.5504
HEARTS TWO CLUBS FOUR,0.6448,0.0152,0.34
CLUBS SEVEN DIAMONDS QUEEN,0.4444,0.0098,0.5458
CLUBS SEVEN HEARTS TWO,0.6712,0.015,0.3138
SPADES EIGHT HEARTS QUEEN,0.4268,0.0118,0.5614
CLUBS SIX DIAMONDS QUEEN,0.4426,0.0122,0.5452
CLUBS SIX HEARTS TWO,0.669,0.016,0.315
SPADES EIGHT HEARTS KING,0.444,0.0084,0.5476
DIAMONDS QUEEN SPADES SIX,0.4646,0.0092,0.5262
HEARTS TWO SPADES SIX,0.6758,0.0164,0.3078
HEARTS FOUR CLUBS QUEEN,0.4576,0.0116,0.5308
DIAMONDS ACE CLUBS QUEEN,0.372,0.0034,0.6246
DIAMONDS QUEEN SPADES SEVEN,0.4438,0.0078,0.5484
SPADES SEVEN HEARTS TWO,0.6844,0.0152,0.3004
HEARTS FOUR CLUBS KING,0.4616,0.0088,0.5296
DIAMONDS ACE CLUBS KING,0.3644,0.0052,0.6304
SPADES EIGHT DIAMONDS QUEEN,0.4362,0.0088,0.555
SPADES EIGHT HEARTS TWO,0.6868,0.0132,0.3
HEARTS FOUR CLUBS ACE,0.455,0.003,0.542
DIAMONDS ACE CLUBS ACE,0.1874,0.0022,0.8104
SPADES NINE DIAMONDS QUEEN,0.4266,0.009,0.5644
SPADES NINE HEARTS TWO,0.6924,0.0132,0.2944
HEARTS TWO SPADES TWO,0.4916,0.0292,0.4792
DIAMONDS QUEEN SPADES TWO,0.4614,0.0098,0.5288
HEARTS TWO SPADES THREE,0.6732,0.0144,0.3124
DIAMONDS QUEEN SPADES THREE,0.4546,0.0096,0.5358
HEARTS TWO SPADES FOUR,0.6574,0.0134,0.3292
DIAMONDS QUEEN SPADES FOUR,0.444,0.0108,0.5452
HEARTS FOUR CLUBS TEN,0.7142,0.0578,0.228
CLUBS TEN DIAMONDS ACE,0.2832,0.0174,0.6994
HEARTS TWO SPADES FIVE,0.6532,0.015,0.3318
DIAMONDS QUEEN SPADES FIVE,0.4686,0.01,0.5214
HEARTS FOUR CLUBS JACK,0.6506,0.1232,0.2262
DIAMONDS ACE CLUBS JACK,0.286,0.018,0.696
CLUBS FIVE CLUBS KING,0.4412,0.0048,0.554
CLUBS FIVE CLUBS QUEEN,0.4298,0.0084,0.5618
CLUBS FIVE CLUBS ACE,0.425,0.0026,0.5724
CLUBS FIVE CLUBS JACK,0.612,0.1162,0.2718
CLUBS TEN CLUBS FIVE,0.669,0.053,0.278
SPADES KING CLUBS JACK,0.2612,0.0298,0.709
SPADES QUEEN CLUBS JACK,0.2346,0.0392,0.7262
SPADES ACE CLUBS JACK,0.26,0.0204,0.7196
SPADES SIX CLUBS KING,0.4574,0.0062,0.5364
SPADES SIX CLUBS QUEEN,0.4544,0.0104,0.5352
SPADES EIGHT HEARTS JACK,0.6568,0.1176,0.2256
SPADES SIX CLUBS ACE,0.4504,0.005,0.5446
SPADES SIX CLUBS JACK,0.6558,0.12,0.2242
CLUBS TEN SPADES SIX,0.7234,0.0538,0.2228
SPADES TEN CLUBS JACK,0.0166,0.9706,0.0128
SPADES QUEEN CLUBS SEVEN,0.443,0.009,0.548
SPADES KING CLUBS SEVEN,0.4374,0.0074,0.5552
SPADES ACE CLUBS SEVEN,0.4324,0.0028,0.5648
SPADES SIX HEARTS JACK,0.6568,0.1256,0.2176
SPADES SIX HEARTS ACE,0.4604,0.0046,0.535
SPADES SIX HEARTS KING,0.4448,0.007,0.5482
SPADES SIX HEARTS QUEEN,0.4424,0.0086,0.549
CLUBS SEVEN SPADES TEN,0.7166,0.0596,0.2238
CLUBS TEN HEARTS SIX,0.7224,0.0568,0.2208
HEARTS SIX CLUBS JACK,0.6548,0.1204,0.2248
CLUBS ACE CLUBS JACK,0.2508,0.0182,0.731
HEARTS SIX CLUBS QUEEN,0.4586,0.0076,0.5338
HEARTS SIX CLUBS KING,0.455,0.0062,0.5388
HEARTS SIX CLUBS ACE,0.4576,0.0044,0.538
CLUBS QUEEN CLUBS JACK,0.2338,0.036,0.7302
CLUBS KING CLUBS JACK,0.2492,0.0266,0.7242
DIAMONDS THREE HEARTS ACE,0.4388,0.004,0.5572
DIAMONDS THREE HEARTS QUEEN,0.452,0.011,0.537
DIAMONDS THREE HEARTS KING,0.454,0.0066,0.5394
CLUBS FIVE HEARTS JACK,0.6498,0.1226,0.2276
HEARTS FOUR SPADES TEN,0.7302,0.059,0.2108
SPADES TEN DIAMONDS ACE,0.2856,0.02,0.6944
SPADES ACE HEARTS FOUR,0.4348,0.004,0.5612
SPADES ACE DIAMONDS ACE,0.1696,0.003,0.8274
CLUBS FIVE HEARTS ACE,0.4518,0.0042,0.544
CLUBS FIVE HEARTS KING,0.4364,0.0096,0.554
HEARTS FOUR SPADES QUEEN,0.4562,0.0116,0.5322
SPADES QUEEN DIAMONDS ACE,0.371,0.0044,0.6246
SPADES FOUR CLUBS JACK,0.642,0.1332,0.2248
CLUBS FIVE HEARTS QUEEN,0.4382,0.0098,0.552
SPADES KING DIAMONDS ACE,0.3688,0.004,0.6272
HEARTS FOUR SPADES KING,0.4414,0.0092,0.5494
CLUBS TEN SPADES FOUR,0.7288,0.0552,0.216
DIAMONDS QUEEN DIAMONDS ACE,0.3352,0.0032,0.6616
HEARTS TWO DIAMONDS ACE,0.4538,0.0054,0.5408
HEARTS FOUR DIAMONDS QUEEN,0.4548,0.0104,0.5348
HEARTS FOUR HEARTS TWO,0.6094,0.0156,0.375
SPADES FOUR CLUBS KING,0.4658,0.0054,0.5288
HEARTS FIVE DIAMONDS QUEEN,0.4642,0.0098,0.526
HEARTS FIVE HEARTS TWO,0.6206,0.016,0.3634
DIAMONDS THREE HEARTS JACK,0.649,0.1164,0.2346
SPADES FOUR CLUBS QUEEN,0.453,0.01,0.537
DIAMONDS QUEEN HEARTS TWO,0.4616,0.0078,0.5306
DIAMONDS KING DIAMONDS QUEEN,0.3336,0.0054,0.661
DIAMONDS KING HEARTS TWO,0.4474,0.0066,0.546
HEARTS THREE DIAMONDS QUEEN,0.464,0.01,0.526
HEARTS THREE HEARTS TWO,0.6376,0.0164,0.346
SPADES FOUR CLUBS ACE,0.4494,0.0032,0.5474
HEARTS TWO CLUBS ACE,0.4386,0.0054,0.556
DIAMONDS QUEEN CLUBS ACE,0.3662,0.0028,0.631
HEARTS TWO CLUBS QUEEN,0.4544,0.011,0.5346
DIAMONDS QUEEN CLUBS QUEEN,0.1714,0.0108,0.8178
HEARTS TWO CLUBS KING,0.4638,0.0052,0.531
DIAMONDS QUEEN CLUBS KING,0.3656,0.0042,0.6302
SPADES EIGHT SPADES FIVE,0.6328,0.0128,0.3544
CLUBS TEN HEARTS TWO,0.7308,0.053,0.2162
CLUBS TEN DIAMONDS QUEEN,0.2548,0.0356,0.7096
SPADES NINE SPADES FIVE,0.6522,0.0152,0.3326
HEARTS TWO CLUBS JACK,0.659,0.1182,0.2228
DIAMONDS QUEEN CLUBS JACK,0.24,0.0348,0.7252
SPADES SIX SPADES FIVE,0.6094,0.0144,0.3762
SPADES SEVEN SPADES FIVE,0.6104,0.0136,0.376
DIAMONDS FIVE CLUBS QUEEN,0.4386,0.0098,0.5516
SPADES EIGHT CLUBS ACE,0.4324,0.0036,0.564
DIAMONDS FIVE CLUBS KING,0.434,0.0052,0.5608
SPADES EIGHT CLUBS KING,0.448,0.0066,0.5454
CLUBS ACE DIAMONDS FIVE,0.4372,0.0046,0.5582
SPADES EIGHT CLUBS QUEEN,0.4348,0.01,0.5552
SPADES EIGHT CLUBS JACK,0.6546,0.124,0.2214
CLUBS TEN SPADES EIGHT,0.7098,0.056,0.2342
CLUBS TEN DIAMONDS FIVE,0.7082,0.0546,0.2372
DIAMONDS FIVE CLUBS JACK,0.6526,0.1182,0.2292
DIAMONDS TEN HEARTS JACK,0.0122,0.9692,0.0186
SPADES ACE CLUBS NINE,0.4334,0.0032,0.5634
CLUBS NINE SPADES QUEEN,0.4168,0.0086,0.5746
CLUBS NINE SPADES KING,0.436,0.0076,0.5564
HEARTS SIX HEARTS KING,0.4462,0.0064,0.5474
DIAMONDS KING SPADES SEVEN,0.4508,0.0086,0.5406
HEARTS THREE SPADES SEVEN,0.6666,0.0162,0.3172
SPADES KING DIAMONDS SEVEN,0.4444,0.0058,0.5498
