opposingHand,winningChance,drawChance,lostChance
SPADES JACK SPADES SEVEN
SPADES TEN HEARTS FIVE,0.6436,0.0178,0.3386
SPADES FIVE CLUBS JACK,0.4932,0.2828,0.224
SPADES FIVE CLUBS TEN,0.6418,0.0172,0.341
CLUBS EIGHT CLUBS JACK,0.2576,0.2008,0.5416
CLUBS EIGHT CLUBS TEN,0.5574,0.0106,0.432
CLUBS EIGHT CLUBS KING,0.3826,0.0074,0.61
SPADES FIVE CLUBS ACE,0.4192,0.0038,0.577
CLUBS EIGHT CLUBS QUEEN,0.3648,0.0122,0.623
SPADES FIVE CLUBS KING,0.4354,0.0074,0.5572
SPADES FIVE CLUBS QUEEN,0.4312,0.0114,0.5574
CLUBS EIGHT CLUBS ACE,0.3894,0.0042,0.6064
DIAMONDS TWO DIAMONDS THREE,0.621,0.0206,0.3584
DIAMONDS TWO DIAMONDS FIVE,0.6154,0.0174,0.3672
SPADES KING HEARTS FIVE,0.4226,0.0064,0.571
DIAMONDS TWO DIAMONDS FOUR,0.6248,0.0152,0.36
SPADES QUEEN HEARTS FIVE,0.4304,0.0102,0.5594
DIAMONDS TWO DIAMONDS SEVEN,0.6864,0.0576,0.256
DIAMONDS TWO DIAMONDS SIX,0.6294,0.0218,0.3488
SPADES ACE HEARTS FIVE,0.4082,0.005,0.5868
DIAMONDS TWO DIAMONDS NINE,0.621,0.0144,0.3646
DIAMONDS TWO DIAMONDS EIGHT,0.6242,0.0194,0.3564
DIAMONDS THREE DIAMONDS FOUR,0.5924,0.0184,0.3892
CLUBS TWO SPADES FOUR,0.6662,0.0206,0.3132
DIAMONDS THREE DIAMONDS FIVE,0.5998,0.018,0.3822
CLUBS TWO SPADES FIVE,0.6402,0.0214,0.3384
CLUBS TWO SPADES TWO,0.4784,0.0386,0.483
CLUBS TWO SPADES THREE,0.661,0.0174,0.3216
DIAMONDS THREE DIAMONDS EIGHT,0.6098,0.0192,0.371
SPADES EIGHT CLUBS TWO,0.6478,0.0186,0.3336
DIAMONDS THREE DIAMONDS NINE,0.6094,0.0176,0.373
SPADES NINE CLUBS TWO,0.6536,0.0202,0.3262
DIAMONDS THREE DIAMONDS SIX,0.6106,0.0196,0.3698
SPADES SIX CLUBS TWO,0.6594,0.023,0.3176
DIAMONDS THREE DIAMONDS SEVEN,0.6768,0.059,0.2642
CLUBS SIX CLUBS TWO,0.6342,0.0178,0.348
CLUBS SEVEN CLUBS TWO,0.6772,0.0592,0.2636
CLUBS FOUR CLUBS TWO,0.62,0.019,0.361
CLUBS FIVE CLUBS TWO,0.6174,0.0198,0.3628
CLUBS JACK CLUBS TEN,0.2748,0.1092,0.616
DIAMONDS FOUR DIAMONDS SIX,0.6002,0.0178,0.382
CLUBS QUEEN CLUBS TEN,0.36,0.0096,0.6304
DIAMONDS FOUR DIAMONDS SEVEN,0.655,0.0584,0.2866
CLUBS KING CLUBS TEN,0.3756,0.0086,0.6158
CLUBS ACE CLUBS TEN,0.3798,0.0042,0.616
CLUBS EIGHT CLUBS TWO,0.6202,0.0182,0.3616
DIAMONDS FIVE DIAMONDS FOUR,0.5934,0.0158,0.3908
CLUBS NINE CLUBS TWO,0.6112,0.014,0.3748
DIAMONDS NINE DIAMONDS FOUR,0.6184,0.0142,0.3674
DIAMONDS EIGHT DIAMONDS FOUR,0.609,0.017,0.374
CLUBS TWO CLUBS THREE,0.621,0.018,0.361
DIAMONDS NINE DIAMONDS FIVE,0.5904,0.0188,0.3908
DIAMONDS TWO CLUBS JACK,0.5176,0.2778,0.2046
DIAMONDS EIGHT DIAMONDS FIVE,0.6104,0.018,0.3716
DIAMONDS TWO CLUBS TEN,0.658,0.0152,0.3268
DIAMONDS FIVE DIAMONDS SEVEN,0.64,0.0622,0.2978
DIAMONDS FIVE DIAMONDS SIX,0.5964,0.0164,0.3872
DIAMONDS TWO CLUBS ACE,0.4438,0.0036,0.5526
DIAMONDS TWO CLUBS KING,0.4538,0.008,0.5382
DIAMONDS TWO CLUBS QUEEN,0.4594,0.0114,0.5292
DIAMONDS EIGHT DIAMONDS SIX,0.5798,0.0166,0.4036
DIAMONDS NINE DIAMONDS SIX,0.6016,0.0196,0.3788
SPADES THREE HEARTS ACE,0.42,0.0048,0.5752
HEARTS KING SPADES THREE,0.445,0.0084,0.5466
DIAMONDS SEVEN DIAMONDS SIX,0.6536,0.0584,0.288
SPADES THREE HEARTS QUEEN,0.4436,0.0134,0.543
SPADES THREE HEARTS JACK,0.499,0.2794,0.2216
SPADES THREE HEARTS TEN,0.6412,0.0166,0.3422
DIAMONDS EIGHT DIAMONDS SEVEN,0.6426,0.0558,0.3016
DIAMONDS NINE DIAMONDS SEVEN,0.6566,0.0492,0.2942
DIAMONDS NINE DIAMONDS EIGHT,0.5484,0.0186,0.433
DIAMONDS KING HEARTS TEN,0.3936,0.004,0.6024
HEARTS THREE HEARTS TEN,0.6282,0.017,0.3548
DIAMONDS KING HEARTS JACK,0.287,0.0272,0.6858
HEARTS THREE HEARTS JACK,0.471,0.2704,0.2586
CLUBS SIX SPADES TEN,0.635,0.017,0.348
SPADES TEN SPADES FIVE,0.6452,0.0206,0.3342
DIAMONDS KING HEARTS ACE,0.3782,0.0018,0.62
HEARTS THREE HEARTS ACE,0.4178,0.0068,0.5754
SPADES ACE CLUBS SIX,0.4262,0.0054,0.5684
DIAMONDS KING HEARTS QUEEN,0.372,0.0074,0.6206
HEARTS THREE HEARTS QUEEN,0.4188,0.0102,0.571
SPADES KING CLUBS SIX,0.4372,0.0072,0.5556
DIAMONDS KING HEARTS KING,0.1932,0.0062,0.8006
HEARTS THREE HEARTS KING,0.4172,0.0096,0.5732
SPADES QUEEN CLUBS SIX,0.4292,0.0074,0.5634
SPADES NINE HEARTS TEN,0.5814,0.016,0.4026
SPADES NINE HEARTS JACK,0.2684,0.1602,0.5714
SPADES QUEEN SPADES FIVE,0.3928,0.0114,0.5958
SPADES KING SPADES FIVE,0.3876,0.0084,0.604
SPADES ACE SPADES FIVE,0.3788,0.006,0.6152
SPADES NINE HEARTS QUEEN,0.3894,0.0094,0.6012
SPADES NINE HEARTS KING,0.3908,0.0078,0.6014
SPADES NINE HEARTS ACE,0.3896,0.004,0.6064
SPADES TEN CLUBS TEN,0.3276,0.0214,0.651
SPADES ACE CLUBS TEN,0.3794,0.0042,0.6164
SPADES KING CLUBS TEN,0.3712,0.0086,0.6202
SPADES QUEEN CLUBS TEN,0.366,0.0102,0.6238
SPADES FIVE HEARTS QUEEN,0.4248,0.0112,0.564
SPADES FIVE HEARTS KING,0.4392,0.0066,0.5542
SPADES FIVE HEARTS ACE,0.4288,0.0036,0.5676
CLUBS EIGHT SPADES TEN,0.6088,0.0188,0.3724
HEARTS THREE SPADES TEN,0.6502,0.0172,0.3326
SPADES TEN DIAMONDS KING,0.382,0.009,0.609
SPADES ACE CLUBS EIGHT,0.3966,0.0052,0.5982
HEARTS FIVE CLUBS JACK,0.5006,0.2872,0.2122
CLUBS SIX HEARTS ACE,0.4456,0.0038,0.5506
HEARTS FIVE CLUBS TEN,0.656,0.0154,0.3286
CLUBS EIGHT SPADES QUEEN,0.3858,0.0124,0.6018
SPADES THREE CLUBS TEN,0.6536,0.0178,0.3286
CLUBS SIX HEARTS QUEEN,0.4344,0.012,0.5536
CLUBS EIGHT SPADES KING,0.3882,0.0052,0.6066
SPADES THREE CLUBS JACK,0.4938,0.2868,0.2194
CLUBS SIX HEARTS KING,0.43,0.0044,0.5656
DIAMONDS TWO HEARTS JACK,0.518,0.2754,0.2066
SPADES THREE CLUBS QUEEN,0.4286,0.0138,0.5576
DIAMONDS TWO HEARTS TEN,0.6502,0.0186,0.3312
SPADES THREE CLUBS KING,0.4456,0.0072,0.5472
HEARTS FIVE CLUBS ACE,0.4358,0.0044,0.5598
SPADES FIVE HEARTS TEN,0.6502,0.0226,0.3272
SPADES THREE CLUBS ACE,0.4474,0.0058,0.5468
HEARTS FIVE CLUBS KING,0.4466,0.0078,0.5456
SPADES FIVE HEARTS JACK,0.4884,0.2916,0.22
HEARTS FIVE CLUBS QUEEN,0.4344,0.0096,0.556
HEARTS THREE CLUBS KING,0.4436,0.008,0.5484
DIAMONDS KING CLUBS KING,0.2024,0.006,0.7916
HEARTS THREE CLUBS QUEEN,0.4486,0.012,0.5394
DIAMONDS KING CLUBS QUEEN,0.3656,0.007,0.6274
HEARTS FIVE HEARTS JACK,0.4762,0.259,0.2648
HEARTS FIVE HEARTS TEN,0.6026,0.0196,0.3778
HEARTS THREE CLUBS ACE,0.4388,0.0034,0.5578
DIAMONDS KING CLUBS ACE,0.3744,0.0034,0.6222
SPADES ACE CLUBS QUEEN,0.3614,0.0046,0.634
SPADES KING CLUBS QUEEN,0.362,0.0062,0.6318
HEARTS THREE CLUBS JACK,0.5042,0.289,0.2068
DIAMONDS KING CLUBS JACK,0.2832,0.0322,0.6846
SPADES QUEEN CLUBS QUEEN,0.1874,0.0122,0.8004
HEARTS THREE CLUBS TEN,0.6498,0.0188,0.3314
DIAMONDS KING CLUBS TEN,0.377,0.0082,0.6148
CLUBS SIX CLUBS QUEEN,0.4186,0.0114,0.57
SPADES TEN CLUBS QUEEN,0.3716,0.0102,0.6182
CLUBS SIX CLUBS KING,0.4114,0.007,0.5816
CLUBS SIX CLUBS ACE,0.4112,0.0032,0.5856
HEARTS FIVE HEARTS KING,0.4142,0.009,0.5768
HEARTS FIVE HEARTS QUEEN,0.4216,0.0124,0.566
CLUBS SIX CLUBS TEN,0.6052,0.0158,0.379
HEARTS FIVE HEARTS ACE,0.4102,0.0056,0.5842
CLUBS SIX CLUBS JACK,0.484,0.2552,0.2608
DIAMONDS TWO CLUBS TWO,0.4722,0.0388,0.489
DIAMONDS TWO CLUBS THREE,0.6682,0.02,0.3118
HEARTS SIX DIAMONDS TWO,0.6784,0.0178,0.3038
DIAMONDS TWO HEARTS QUEEN,0.455,0.0094,0.5356
DIAMONDS TWO HEARTS SEVEN,0.713,0.0652,0.2218
DIAMONDS TWO HEARTS KING,0.459,0.0072,0.5338
DIAMONDS TWO HEARTS EIGHT,0.6628,0.019,0.3182
DIAMONDS TWO HEARTS ACE,0.4528,0.0058,0.5414
DIAMONDS TWO HEARTS NINE,0.6602,0.0168,0.323
DIAMONDS TWO DIAMONDS QUEEN,0.4264,0.0098,0.5638
DIAMONDS TWO HEARTS TWO,0.4688,0.0412,0.49
DIAMONDS TWO DIAMONDS KING,0.4256,0.006,0.5684
HEARTS THREE DIAMONDS TWO,0.6672,0.0184,0.3144
DIAMONDS TWO DIAMONDS ACE,0.424,0.0058,0.5702
HEARTS FOUR DIAMONDS TWO,0.6674,0.019,0.3136
DIAMONDS TWO HEARTS FIVE,0.6634,0.016,0.3206
DIAMONDS TWO DIAMONDS TEN,0.6186,0.0154,0.366
DIAMONDS TWO DIAMONDS JACK,0.4894,0.2686,0.242
DIAMONDS TWO SPADES NINE,0.6476,0.0166,0.3358
DIAMONDS TWO SPADES EIGHT,0.6574,0.0192,0.3234
DIAMONDS TWO SPADES SIX,0.6712,0.0208,0.308
DIAMONDS TWO SPADES FIVE,0.6748,0.0178,0.3074
DIAMONDS TWO SPADES FOUR,0.6648,0.0196,0.3156
DIAMONDS TWO SPADES THREE,0.6652,0.0188,0.316
DIAMONDS TWO SPADES TWO,0.473,0.0372,0.4898
CLUBS NINE DIAMONDS TWO,0.661,0.015,0.324
CLUBS EIGHT DIAMONDS TWO,0.6672,0.0162,0.3166
DIAMONDS TWO CLUBS SEVEN,0.7282,0.0634,0.2084
CLUBS SIX DIAMONDS TWO,0.6732,0.0182,0.3086
DIAMONDS TWO CLUBS FIVE,0.6664,0.0196,0.314
DIAMONDS TWO CLUBS FOUR,0.658,0.0212,0.3208
CLUBS FOUR SPADES FIVE,0.6274,0.0196,0.353
CLUBS FOUR SPADES FOUR,0.4418,0.0388,0.5194
CLUBS FOUR SPADES THREE,0.6374,0.0222,0.3404
CLUBS FOUR SPADES TWO,0.6518,0.0198,0.3284
SPADES NINE CLUBS FOUR,0.6616,0.0228,0.3156
CLUBS FOUR SPADES EIGHT,0.6436,0.0148,0.3416
CLUBS FOUR SPADES SIX,0.6446,0.0222,0.3332
SPADES ACE DIAMONDS SIX,0.435,0.0044,0.5606
SPADES QUEEN DIAMONDS SIX,0.424,0.009,0.567
SPADES KING DIAMONDS SIX,0.4334,0.0078,0.5588
SPADES TEN DIAMONDS SIX,0.6516,0.015,0.3334
SPADES QUEEN SPADES TWO,0.3794,0.0112,0.6094
SPADES KING SPADES TWO,0.3914,0.0078,0.6008
SPADES ACE SPADES TWO,0.392,0.0068,0.6012
DIAMONDS JACK CLUBS JACK,0.1512,0.0308,0.818
DIAMONDS JACK CLUBS TEN,0.2782,0.1192,0.6026
DIAMONDS JACK CLUBS KING,0.2946,0.0266,0.6788
DIAMONDS JACK CLUBS QUEEN,0.275,0.038,0.687
DIAMONDS THREE DIAMONDS JACK,0.4834,0.2548,0.2618
DIAMONDS THREE DIAMONDS TEN,0.6128,0.0172,0.37
DIAMONDS JACK CLUBS ACE,0.2986,0.0198,0.6816
DIAMONDS THREE DIAMONDS KING,0.4132,0.008,0.5788
HEARTS THREE DIAMONDS THREE,0.4552,0.0384,0.5064
DIAMONDS THREE DIAMONDS QUEEN,0.4218,0.0106,0.5676
DIAMONDS THREE HEARTS TWO,0.6784,0.0164,0.3052
HEARTS FIVE DIAMONDS THREE,0.6496,0.0168,0.3336
DIAMONDS THREE DIAMONDS ACE,0.4236,0.0056,0.5708
HEARTS FOUR DIAMONDS THREE,0.655,0.0174,0.3276
DIAMONDS THREE HEARTS SEVEN,0.7044,0.0672,0.2284
SPADES TEN SPADES NINE,0.5724,0.0178,0.4098
HEARTS SIX DIAMONDS THREE,0.6692,0.0178,0.313
DIAMONDS THREE HEARTS NINE,0.6506,0.0174,0.332
HEARTS JACK DIAMONDS FOUR,0.5206,0.277,0.2024
HEARTS KING HEARTS ACE,0.357,0.0034,0.6396
SPADES TEN SPADES TWO,0.6288,0.0196,0.3516
DIAMONDS THREE HEARTS EIGHT,0.6574,0.0168,0.3258
HEARTS TEN DIAMONDS FOUR,0.6422,0.0126,0.3452
HEARTS QUEEN DIAMONDS FOUR,0.4408,0.0094,0.5498
HEARTS KING DIAMONDS FOUR,0.45,0.007,0.543
SPADES ACE SPADES NINE,0.3522,0.0054,0.6424
HEARTS ACE DIAMONDS FOUR,0.4452,0.0034,0.5514
SPADES KING SPADES NINE,0.3482,0.0076,0.6442
SPADES QUEEN SPADES NINE,0.3308,0.011,0.6582
DIAMONDS THREE SPADES NINE,0.642,0.0172,0.3408
DIAMONDS THREE SPADES EIGHT,0.6598,0.0186,0.3216
DIAMONDS THREE SPADES SIX,0.6688,0.0162,0.315
CLUBS SIX DIAMONDS THREE,0.6482,0.0186,0.3332
CLUBS ACE DIAMONDS FOUR,0.4372,0.002,0.5608
CLUBS SIX CLUBS FIVE,0.6016,0.0162,0.3822
CLUBS SEVEN CLUBS FIVE,0.632,0.0612,0.3068
CLUBS SEVEN DIAMONDS THREE,0.705,0.0618,0.2332
DIAMONDS THREE CLUBS FOUR,0.6532,0.0148,0.332
CLUBS QUEEN DIAMONDS FOUR,0.45,0.0098,0.5402
DIAMONDS THREE CLUBS FIVE,0.6256,0.0176,0.3568
CLUBS KING DIAMONDS FOUR,0.4368,0.0064,0.5568
DIAMONDS THREE CLUBS TWO,0.6684,0.019,0.3126
DIAMONDS FOUR CLUBS TEN,0.649,0.0214,0.3296
DIAMONDS THREE CLUBS THREE,0.4436,0.0386,0.5178
DIAMONDS FOUR CLUBS JACK,0.5036,0.2772,0.2192
DIAMONDS THREE SPADES FOUR,0.6486,0.0198,0.3316
DIAMONDS THREE SPADES FIVE,0.6448,0.0204,0.3348
DIAMONDS THREE SPADES TWO,0.667,0.0174,0.3156
DIAMONDS THREE SPADES THREE,0.472,0.0386,0.4894
CLUBS EIGHT DIAMONDS THREE,0.6574,0.0176,0.325
CLUBS NINE DIAMONDS THREE,0.6596,0.0184,0.322
CLUBS FIVE SPADES SIX,0.6286,0.0198,0.3516
SPADES NINE CLUBS FIVE,0.6528,0.0188,0.3284
SPADES EIGHT CLUBS FIVE,0.6162,0.0214,0.3624
CLUBS FIVE SPADES THREE,0.64,0.0194,0.3406
CLUBS FIVE SPADES TWO,0.646,0.0202,0.3338
CLUBS FIVE SPADES FIVE,0.443,0.0372,0.5198
CLUBS FIVE SPADES FOUR,0.614,0.0198,0.3662
CLUBS NINE CLUBS FIVE,0.6184,0.0166,0.365
CLUBS EIGHT CLUBS FIVE,0.5978,0.0186,0.3836
CLUBS ACE CLUBS QUEEN,0.3454,0.0044,0.6502
CLUBS KING CLUBS QUEEN,0.353,0.0064,0.6406
DIAMONDS TEN DIAMONDS FOUR,0.6028,0.0156,0.3816
DIAMONDS NINE CLUBS TEN,0.5802,0.0152,0.4046
DIAMONDS JACK DIAMONDS FOUR,0.4712,0.2676,0.2612
DIAMONDS NINE CLUBS JACK,0.2658,0.155,0.5792
SPADES NINE CLUBS JACK,0.2772,0.1498,0.573
SPADES NINE CLUBS TEN,0.5712,0.0146,0.4142
DIAMONDS ACE DIAMONDS FOUR,0.4182,0.0038,0.578
HEARTS FOUR DIAMONDS FOUR,0.4632,0.04,0.4968
DIAMONDS JACK HEARTS TEN,0.285,0.1058,0.6092
SPADES NINE CLUBS KING,0.39,0.0062,0.6038
DIAMONDS TWO SPADES TEN,0.6604,0.0182,0.3214
DIAMONDS NINE CLUBS ACE,0.4074,0.0028,0.5898
HEARTS FIVE DIAMONDS FOUR,0.628,0.0198,0.3522
HEARTS JACK DIAMONDS JACK,0.1512,0.035,0.8138
SPADES NINE CLUBS QUEEN,0.3862,0.0084,0.6054
DIAMONDS QUEEN DIAMONDS FOUR,0.4138,0.01,0.5762
HEARTS TWO DIAMONDS FOUR,0.6564,0.0208,0.3228
DIAMONDS NINE CLUBS QUEEN,0.391,0.008,0.601
DIAMONDS KING DIAMONDS FOUR,0.4168,0.0082,0.575
HEARTS THREE DIAMONDS FOUR,0.641,0.0166,0.3424
SPADES NINE CLUBS ACE,0.3952,0.0048,0.6
DIAMONDS NINE CLUBS KING,0.4158,0.0062,0.578
HEARTS ACE DIAMONDS JACK,0.288,0.0234,0.6886
SPADES ACE DIAMONDS TWO,0.4424,0.0072,0.5504
DIAMONDS JACK HEARTS QUEEN,0.2752,0.0408,0.684
SPADES QUEEN DIAMONDS TWO,0.4256,0.0132,0.5612
HEARTS KING DIAMONDS JACK,0.2932,0.031,0.6758
SPADES KING DIAMONDS TWO,0.4402,0.0082,0.5516
CLUBS SEVEN CLUBS THREE,0.6772,0.0562,0.2666
CLUBS SIX CLUBS THREE,0.6152,0.0174,0.3674
CLUBS FIVE CLUBS THREE,0.601,0.0196,0.3794
CLUBS FOUR CLUBS THREE,0.5992,0.018,0.3828
CLUBS NINE CLUBS THREE,0.6212,0.0164,0.3624
CLUBS EIGHT CLUBS THREE,0.6084,0.0192,0.3724
SPADES FIVE CLUBS THREE,0.6404,0.021,0.3386
CLUBS THREE SPADES FOUR,0.6292,0.0204,0.3504
CLUBS THREE SPADES THREE,0.4528,0.0374,0.5098
CLUBS THREE SPADES TWO,0.6524,0.0192,0.3284
SPADES SIX CLUBS THREE,0.6444,0.0186,0.337
SPADES EIGHT CLUBS THREE,0.6534,0.0218,0.3248
SPADES NINE CLUBS THREE,0.651,0.0176,0.3314
SPADES TWO DIAMONDS FOUR,0.6574,0.0206,0.322
SPADES THREE DIAMONDS FOUR,0.6316,0.0236,0.3448
SPADES FOUR DIAMONDS FOUR,0.455,0.0398,0.5052
SPADES FIVE DIAMONDS FOUR,0.6152,0.0202,0.3646
SPADES SIX DIAMONDS FOUR,0.646,0.0182,0.3358
SPADES EIGHT DIAMONDS FOUR,0.6376,0.0156,0.3468
SPADES NINE DIAMONDS FOUR,0.65,0.0164,0.3336
CLUBS FIVE DIAMONDS FOUR,0.6236,0.0184,0.358
CLUBS FOUR DIAMONDS FOUR,0.4566,0.0384,0.505
CLUBS SEVEN DIAMONDS FOUR,0.6844,0.0632,0.2524
CLUBS SIX DIAMONDS FOUR,0.6378,0.019,0.3432
CLUBS NINE DIAMONDS FOUR,0.647,0.0176,0.3354
CLUBS EIGHT DIAMONDS FOUR,0.6376,0.017,0.3454
DIAMONDS FOUR HEARTS SEVEN,0.6966,0.0592,0.2442
HEARTS SIX DIAMONDS FOUR,0.6462,0.0158,0.338
HEARTS NINE DIAMONDS FOUR,0.6518,0.0208,0.3274
DIAMONDS FOUR HEARTS EIGHT,0.651,0.014,0.335
CLUBS THREE DIAMONDS FOUR,0.6446,0.0178,0.3376
CLUBS TWO DIAMONDS FOUR,0.6612,0.0196,0.3192
DIAMONDS TEN DIAMONDS FIVE,0.6118,0.0146,0.3736
DIAMONDS JACK DIAMONDS FIVE,0.4858,0.261,0.2532
DIAMONDS NINE HEARTS QUEEN,0.3852,0.0096,0.6052
HEARTS KING DIAMONDS NINE,0.412,0.006,0.582
DIAMONDS NINE HEARTS ACE,0.4222,0.003,0.5748
DIAMONDS NINE HEARTS TEN,0.577,0.015,0.408
DIAMONDS NINE HEARTS JACK,0.2618,0.1608,0.5774
CLUBS KING DIAMONDS SIX,0.4386,0.0058,0.5556
CLUBS QUEEN DIAMONDS SIX,0.4292,0.0124,0.5584
CLUBS ACE DIAMONDS SIX,0.444,0.0034,0.5526
SPADES KING DIAMONDS FOUR,0.4308,0.0078,0.5614
SPADES QUEEN DIAMONDS FOUR,0.4284,0.0124,0.5592
CLUBS JACK DIAMONDS SIX,0.5066,0.281,0.2124
SPADES ACE DIAMONDS FOUR,0.4192,0.0036,0.5772
CLUBS TEN DIAMONDS SIX,0.6368,0.017,0.3462
CLUBS NINE CLUBS FOUR,0.6236,0.0184,0.358
CLUBS EIGHT CLUBS FOUR,0.6094,0.0164,0.3742
SPADES TEN DIAMONDS FOUR,0.654,0.018,0.328
CLUBS FOUR CLUBS FIVE,0.5756,0.0212,0.4032
CLUBS SEVEN CLUBS FOUR,0.659,0.066,0.275
CLUBS SIX CLUBS FOUR,0.6032,0.0196,0.3772
CLUBS SEVEN SPADES EIGHT,0.6726,0.0576,0.2698
CLUBS SEVEN SPADES NINE,0.6946,0.059,0.2464
CLUBS SEVEN SPADES SIX,0.6934,0.0598,0.2468
CLUBS SEVEN SPADES FIVE,0.6862,0.0616,0.2522
CLUBS SEVEN SPADES FOUR,0.6942,0.0574,0.2484
CLUBS SEVEN SPADES THREE,0.7056,0.0628,0.2316
CLUBS SEVEN SPADES TWO,0.7266,0.0612,0.2122
CLUBS NINE CLUBS SEVEN,0.6688,0.0484,0.2828
CLUBS EIGHT CLUBS SEVEN,0.6352,0.0518,0.313
HEARTS SIX DIAMONDS FIVE,0.644,0.0182,0.3378
DIAMONDS FIVE HEARTS SEVEN,0.6884,0.0534,0.2582
DIAMONDS FIVE HEARTS EIGHT,0.632,0.0188,0.3492
HEARTS NINE DIAMONDS FIVE,0.6486,0.0152,0.3362
DIAMONDS QUEEN DIAMONDS FIVE,0.4228,0.0112,0.566
HEARTS TWO DIAMONDS FIVE,0.6624,0.017,0.3206
HEARTS KING HEARTS EIGHT,0.376,0.005,0.619
DIAMONDS KING DIAMONDS FIVE,0.435,0.0072,0.5578
HEARTS THREE DIAMONDS FIVE,0.632,0.0208,0.3472
HEARTS QUEEN HEARTS EIGHT,0.3666,0.0112,0.6222
DIAMONDS ACE DIAMONDS FIVE,0.411,0.0038,0.5852
HEARTS FOUR DIAMONDS FIVE,0.626,0.0184,0.3556
HEARTS FIVE DIAMONDS FIVE,0.4554,0.0414,0.5032
HEARTS ACE HEARTS EIGHT,0.3718,0.005,0.6232
CLUBS FOUR DIAMONDS FIVE,0.6252,0.019,0.3558
CLUBS FIVE DIAMONDS FIVE,0.4522,0.0362,0.5116
CLUBS SIX DIAMONDS FIVE,0.6364,0.0162,0.3474
CLUBS SEVEN DIAMONDS FIVE,0.687,0.0572,0.2558
CLUBS TWO DIAMONDS FIVE,0.6556,0.0206,0.3238
CLUBS THREE DIAMONDS FIVE,0.6408,0.017,0.3422
SPADES THREE DIAMONDS FIVE,0.6322,0.0158,0.352
SPADES TWO DIAMONDS FIVE,0.6586,0.017,0.3244
SPADES FIVE DIAMONDS FIVE,0.4406,0.0404,0.519
HEARTS JACK CLUBS TEN,0.2698,0.1146,0.6156
SPADES TEN DIAMONDS EIGHT,0.5982,0.0186,0.3832
SPADES FOUR DIAMONDS FIVE,0.6282,0.018,0.3538
HEARTS JACK CLUBS JACK,0.153,0.033,0.814
HEARTS JACK CLUBS QUEEN,0.276,0.0408,0.6832
CLUBS NINE DIAMONDS FIVE,0.6402,0.021,0.3388
HEARTS JACK CLUBS KING,0.2904,0.0288,0.6808
CLUBS EIGHT DIAMONDS FIVE,0.6304,0.0178,0.3518
HEARTS JACK CLUBS ACE,0.2926,0.0196,0.6878
SPADES KING DIAMONDS EIGHT,0.4024,0.0044,0.5932
SPADES SIX DIAMONDS FIVE,0.6286,0.0184,0.353
SPADES QUEEN DIAMONDS EIGHT,0.3834,0.0086,0.608
SPADES NINE DIAMONDS FIVE,0.6432,0.0182,0.3386
SPADES EIGHT DIAMONDS FIVE,0.6288,0.0188,0.3524
SPADES ACE DIAMONDS EIGHT,0.3944,0.004,0.6016
DIAMONDS TEN DIAMONDS SIX,0.6232,0.0134,0.3634
HEARTS ACE DIAMONDS SEVEN,0.2906,0.0224,0.687
DIAMONDS JACK DIAMONDS SIX,0.4892,0.265,0.2458
HEARTS QUEEN DIAMONDS SEVEN,0.3012,0.0378,0.661
HEARTS KING DIAMONDS SEVEN,0.2932,0.0312,0.6756
DIAMONDS ACE DIAMONDS SIX,0.413,0.0052,0.5818
HEARTS FOUR DIAMONDS SIX,0.644,0.0196,0.3364
SPADES TWO HEARTS JACK,0.5064,0.2824,0.2112
HEARTS FIVE DIAMONDS SIX,0.632,0.0184,0.3496
SPADES TWO HEARTS TEN,0.6482,0.0168,0.335
DIAMONDS QUEEN DIAMONDS SIX,0.422,0.012,0.566
HEARTS TWO DIAMONDS SIX,0.662,0.02,0.318
DIAMONDS KING DIAMONDS SIX,0.4232,0.0058,0.571
HEARTS THREE DIAMONDS SIX,0.6538,0.0206,0.3256
HEARTS EIGHT DIAMONDS SIX,0.6244,0.0156,0.36
HEARTS NINE DIAMONDS SIX,0.635,0.0172,0.3478
HEARTS SIX DIAMONDS SIX,0.4632,0.0354,0.5014
HEARTS SEVEN DIAMONDS SIX,0.6824,0.0556,0.262
HEARTS TEN DIAMONDS SEVEN,0.7078,0.055,0.2372
CLUBS TWO DIAMONDS SIX,0.6698,0.0184,0.3118
HEARTS JACK DIAMONDS SEVEN,0.0714,0.9096,0.019
CLUBS THREE DIAMONDS SIX,0.658,0.0212,0.3208
DIAMONDS EIGHT CLUBS JACK,0.2712,0.2118,0.517
CLUBS SEVEN DIAMONDS SIX,0.6844,0.0604,0.2552
CLUBS SIX DIAMONDS SIX,0.4654,0.0394,0.4952
DIAMONDS EIGHT CLUBS TEN,0.5894,0.0154,0.3952
CLUBS FIVE DIAMONDS SIX,0.635,0.0196,0.3454
CLUBS FOUR DIAMONDS SIX,0.6396,0.0218,0.3386
HEARTS ACE HEARTS JACK,0.2824,0.0188,0.6988
DIAMONDS EIGHT CLUBS ACE,0.4208,0.0032,0.576
HEARTS JACK HEARTS QUEEN,0.2596,0.043,0.6974
DIAMONDS EIGHT CLUBS KING,0.407,0.0058,0.5872
CLUBS NINE DIAMONDS SIX,0.6386,0.0158,0.3456
HEARTS KING HEARTS JACK,0.2758,0.0334,0.6908
DIAMONDS EIGHT CLUBS QUEEN,0.4034,0.0096,0.587
CLUBS EIGHT DIAMONDS SIX,0.6214,0.0186,0.36
SPADES FIVE DIAMONDS SIX,0.6276,0.0184,0.354
SPADES TEN HEARTS KING,0.3944,0.0062,0.5994
HEARTS ACE SPADES TWO,0.4356,0.0056,0.5588
SPADES FOUR DIAMONDS SIX,0.662,0.0196,0.3184
SPADES THREE DIAMONDS SIX,0.6538,0.02,0.3262
SPADES TWO HEARTS QUEEN,0.4436,0.01,0.5464
SPADES ACE SPADES KING,0.3256,0.0078,0.6666
HEARTS KING SPADES TWO,0.4422,0.0074,0.5504
SPADES TWO DIAMONDS SIX,0.6674,0.0188,0.3138
HEARTS TEN HEARTS EIGHT,0.5616,0.0114,0.427
SPADES NINE DIAMONDS SIX,0.6502,0.0154,0.3344
HEARTS JACK HEARTS EIGHT,0.2598,0.204,0.5362
SPADES EIGHT DIAMONDS SIX,0.6194,0.02,0.3606
SPADES SIX DIAMONDS SIX,0.4474,0.0394,0.5132
SPADES KING HEARTS KING,0.181,0.0058,0.8132
SPADES QUEEN HEARTS KING,0.3626,0.0064,0.631
CLUBS ACE CLUBS KING,0.3526,0.0042,0.6432
SPADES ACE HEARTS KING,0.3602,0.0058,0.634
SPADES ACE HEARTS JACK,0.2686,0.021,0.7104
SPADES QUEEN HEARTS JACK,0.2544,0.042,0.7036
SPADES KING HEARTS JACK,0.2788,0.0336,0.6876
SPADES TEN DIAMONDS TEN,0.3222,0.0198,0.658
SPADES ACE DIAMONDS TEN,0.3836,0.0048,0.6116
SPADES TEN HEARTS JACK,0.2624,0.1166,0.621
SPADES QUEEN DIAMONDS TEN,0.3672,0.0098,0.623
SPADES KING DIAMONDS TEN,0.3748,0.0056,0.6196
SPADES NINE DIAMONDS SEVEN,0.689,0.0538,0.2572
SPADES EIGHT DIAMONDS SEVEN,0.6792,0.0534,0.2674
SPADES SIX DIAMONDS SEVEN,0.6816,0.0636,0.2548
DIAMONDS KING DIAMONDS SEVEN,0.2792,0.0358,0.685
HEARTS THREE DIAMONDS SEVEN,0.7032,0.0616,0.2352
HEARTS KING DIAMONDS FIVE,0.4402,0.0074,0.5524
DIAMONDS QUEEN DIAMONDS SEVEN,0.2798,0.0442,0.676
HEARTS TWO DIAMONDS SEVEN,0.7224,0.063,0.2146
HEARTS QUEEN DIAMONDS FIVE,0.436,0.0102,0.5538
HEARTS FIVE DIAMONDS SEVEN,0.6854,0.055,0.2596
DIAMONDS ACE DIAMONDS SEVEN,0.2762,0.0262,0.6976
HEARTS FOUR DIAMONDS SEVEN,0.704,0.054,0.242
HEARTS ACE DIAMONDS FIVE,0.4472,0.0038,0.549
HEARTS SEVEN DIAMONDS SEVEN,0.342,0.0388,0.6192
HEARTS SIX DIAMONDS SEVEN,0.689,0.059,0.252
HEARTS NINE DIAMONDS SEVEN,0.683,0.0606,0.2564
DIAMONDS SEVEN HEARTS EIGHT,0.6748,0.0526,0.2726
DIAMONDS JACK DIAMONDS SEVEN,0.0754,0.854,0.0706
HEARTS JACK DIAMONDS FIVE,0.507,0.2814,0.2116
DIAMONDS TEN DIAMONDS SEVEN,0.658,0.0514,0.2906
DIAMONDS FIVE HEARTS TEN,0.6588,0.0158,0.3254
SPADES KING CLUBS TWO,0.4388,0.0104,0.5508
HEARTS KING CLUBS KING,0.2034,0.0076,0.789
CLUBS EIGHT DIAMONDS SEVEN,0.6868,0.0548,0.2584
SPADES QUEEN CLUBS TWO,0.4406,0.012,0.5474
HEARTS KING CLUBS QUEEN,0.369,0.0076,0.6234
CLUBS NINE DIAMONDS SEVEN,0.6982,0.0494,0.2524
SPADES TWO CLUBS JACK,0.4966,0.2844,0.219
SPADES ACE CLUBS TWO,0.4366,0.005,0.5584
SPADES TWO CLUBS TEN,0.6536,0.0178,0.3286
HEARTS KING CLUBS ACE,0.3812,0.005,0.6138
CLUBS SIX CLUBS SEVEN,0.6584,0.056,0.2856
SPADES TWO CLUBS KING,0.4492,0.0068,0.544
SPADES TWO DIAMONDS SEVEN,0.719,0.0642,0.2168
CLUBS EIGHT CLUBS SIX,0.5996,0.0136,0.3868
SPADES THREE DIAMONDS SEVEN,0.713,0.0606,0.2264
SPADES TWO CLUBS QUEEN,0.4414,0.012,0.5466
CLUBS NINE CLUBS SIX,0.5972,0.0128,0.39
SPADES FOUR DIAMONDS SEVEN,0.6926,0.058,0.2494
HEARTS KING CLUBS JACK,0.286,0.029,0.685
SPADES FIVE DIAMONDS SEVEN,0.6728,0.058,0.2692
SPADES TWO CLUBS ACE,0.445,0.0056,0.5494
HEARTS KING CLUBS TEN,0.3882,0.0058,0.606
CLUBS SIX SPADES TWO,0.682,0.0164,0.3016
CLUBS SIX SPADES THREE,0.6604,0.0188,0.3208
CLUBS TWO DIAMONDS SEVEN,0.7276,0.0614,0.211
CLUBS SIX SPADES FOUR,0.6408,0.017,0.3422
CLUBS THREE DIAMONDS SEVEN,0.7026,0.0568,0.2406
CLUBS SIX SPADES FIVE,0.6208,0.0162,0.363
CLUBS FOUR DIAMONDS SEVEN,0.7074,0.0512,0.2414
CLUBS SIX SPADES SIX,0.4572,0.0426,0.5002
CLUBS FIVE DIAMONDS SEVEN,0.695,0.0594,0.2456
CLUBS SIX DIAMONDS SEVEN,0.6876,0.053,0.2594
CLUBS SIX SPADES EIGHT,0.6142,0.0174,0.3684
CLUBS SIX SPADES NINE,0.6242,0.02,0.3558
SPADES TEN CLUBS TWO,0.6492,0.0192,0.3316
CLUBS SEVEN DIAMONDS SEVEN,0.3432,0.0354,0.6214
CLUBS TWO CLUBS QUEEN,0.43,0.012,0.558
CLUBS TWO CLUBS KING,0.4244,0.0066,0.569
CLUBS THREE DIAMONDS EIGHT,0.6634,0.0196,0.317
CLUBS TWO CLUBS ACE,0.4278,0.0042,0.568
CLUBS TWO DIAMONDS EIGHT,0.6588,0.0174,0.3238
DIAMONDS EIGHT HEARTS SEVEN,0.6874,0.049,0.2636
HEARTS SIX DIAMONDS EIGHT,0.6294,0.0164,0.3542
DIAMONDS EIGHT HEARTS NINE,0.6006,0.0188,0.3806
CLUBS TWO CLUBS TEN,0.623,0.0162,0.3608
DIAMONDS EIGHT HEARTS EIGHT,0.3364,0.0298,0.6338
CLUBS TWO CLUBS JACK,0.4824,0.2538,0.2638
CLUBS NINE DIAMONDS EIGHT,0.5972,0.0154,0.3874
CLUBS EIGHT DIAMONDS EIGHT,0.3258,0.035,0.6392
CLUBS FIVE DIAMONDS EIGHT,0.625,0.0194,0.3556
SPADES ACE SPADES THREE,0.3986,0.0064,0.595
CLUBS FOUR DIAMONDS EIGHT,0.6456,0.0192,0.3352
SPADES QUEEN SPADES THREE,0.3844,0.0128,0.6028
CLUBS SEVEN DIAMONDS EIGHT,0.6812,0.049,0.2698
CLUBS SIX DIAMONDS EIGHT,0.6182,0.0162,0.3656
SPADES KING SPADES THREE,0.399,0.0098,0.5912
DIAMONDS QUEEN DIAMONDS EIGHT,0.3764,0.0098,0.6138
HEARTS TWO DIAMONDS EIGHT,0.655,0.018,0.327
DIAMONDS KING DIAMONDS EIGHT,0.3882,0.0076,0.6042
HEARTS THREE DIAMONDS EIGHT,0.6542,0.0172,0.3286
DIAMONDS ACE DIAMONDS EIGHT,0.3962,0.0046,0.5992
HEARTS FOUR DIAMONDS EIGHT,0.644,0.0148,0.3412
HEARTS FIVE DIAMONDS EIGHT,0.64,0.017,0.343
DIAMONDS EIGHT DIAMONDS TEN,0.5582,0.0164,0.4254
DIAMONDS EIGHT DIAMONDS JACK,0.2616,0.2046,0.5338
SPADES TEN SPADES THREE,0.6452,0.0196,0.3352
CLUBS FOUR HEARTS ACE,0.4378,0.005,0.5572
CLUBS FOUR HEARTS QUEEN,0.4466,0.0078,0.5456
CLUBS FOUR HEARTS KING,0.445,0.0068,0.5482
CLUBS SIX HEARTS TEN,0.6418,0.0154,0.3428
CLUBS SIX HEARTS JACK,0.5118,0.275,0.2132
SPADES FOUR DIAMONDS EIGHT,0.633,0.0156,0.3514
SPADES FIVE DIAMONDS EIGHT,0.6296,0.015,0.3554
DIAMONDS EIGHT SPADES TWO,0.6426,0.02,0.3374
SPADES THREE DIAMONDS EIGHT,0.666,0.0188,0.3152
CLUBS FOUR HEARTS JACK,0.4966,0.2798,0.2236
SPADES EIGHT DIAMONDS EIGHT,0.3248,0.0386,0.6366
SPADES TEN HEARTS TWO,0.6434,0.0176,0.339
SPADES TEN DIAMONDS QUEEN,0.3664,0.0086,0.625
CLUBS FOUR HEARTS TEN,0.6556,0.0172,0.3272
SPADES NINE DIAMONDS EIGHT,0.578,0.018,0.404
SPADES TEN HEARTS EIGHT,0.6022,0.016,0.3818
SPADES SIX DIAMONDS EIGHT,0.6206,0.015,0.3644
SPADES ACE HEARTS TWO,0.437,0.0038,0.5592
SPADES ACE DIAMONDS QUEEN,0.3578,0.006,0.6362
SPADES ACE HEARTS EIGHT,0.3952,0.005,0.5998
SPADES KING HEARTS EIGHT,0.3986,0.0088,0.5926
SPADES QUEEN HEARTS TWO,0.4398,0.0136,0.5466
SPADES QUEEN DIAMONDS QUEEN,0.2012,0.0106,0.7882
SPADES KING DIAMONDS QUEEN,0.351,0.007,0.642
SPADES KING HEARTS TWO,0.4386,0.007,0.5544
SPADES QUEEN HEARTS EIGHT,0.3848,0.0126,0.6026
CLUBS TWO HEARTS TEN,0.6586,0.0176,0.3238
CLUBS TWO HEARTS JACK,0.5188,0.282,0.1992
SPADES SIX DIAMONDS NINE,0.629,0.0152,0.3558
SPADES NINE DIAMONDS NINE,0.324,0.024,0.652
SPADES EIGHT DIAMONDS NINE,0.5872,0.013,0.3998
SPADES TEN CLUBS KING,0.3798,0.0076,0.6126
DIAMONDS NINE SPADES THREE,0.6462,0.019,0.3348
DIAMONDS NINE SPADES TWO,0.6498,0.02,0.3302
SPADES FIVE DIAMONDS NINE,0.638,0.0146,0.3474
SPADES FOUR DIAMONDS NINE,0.6608,0.0176,0.3216
CLUBS NINE DIAMONDS NINE,0.3276,0.0296,0.6428
CLUBS EIGHT DIAMONDS NINE,0.5814,0.0148,0.4038
CLUBS SIX DIAMONDS NINE,0.6366,0.0172,0.3462
SPADES TEN CLUBS FOUR,0.654,0.0162,0.3298
CLUBS SEVEN DIAMONDS NINE,0.7016,0.0546,0.2438
CLUBS FOUR DIAMONDS NINE,0.654,0.013,0.333
CLUBS FIVE DIAMONDS NINE,0.6296,0.0178,0.3526
CLUBS TWO DIAMONDS NINE,0.6582,0.0158,0.326
CLUBS THREE DIAMONDS NINE,0.6516,0.016,0.3324
DIAMONDS NINE HEARTS EIGHT,0.5892,0.016,0.3948
DIAMONDS NINE HEARTS NINE,0.3306,0.025,0.6444
HEARTS SIX DIAMONDS NINE,0.6472,0.0162,0.3366
DIAMONDS NINE HEARTS SEVEN,0.6924,0.0494,0.2582
CLUBS EIGHT CLUBS NINE,0.5446,0.0142,0.4412
DIAMONDS ACE DIAMONDS NINE,0.3896,0.0038,0.6066
HEARTS FOUR DIAMONDS NINE,0.6566,0.019,0.3244
HEARTS FIVE DIAMONDS NINE,0.6432,0.0172,0.3396
CLUBS TWO HEARTS ACE,0.4456,0.0032,0.5512
SPADES ACE CLUBS FOUR,0.4298,0.004,0.5662
DIAMONDS QUEEN DIAMONDS NINE,0.372,0.0106,0.6174
HEARTS TWO DIAMONDS NINE,0.6538,0.0194,0.3268
CLUBS TWO HEARTS KING,0.4434,0.0088,0.5478
SPADES KING CLUBS FOUR,0.4336,0.0088,0.5576
DIAMONDS KING DIAMONDS NINE,0.3682,0.0074,0.6244
HEARTS THREE DIAMONDS NINE,0.6512,0.0154,0.3334
CLUBS TWO HEARTS QUEEN,0.4558,0.0116,0.5326
SPADES QUEEN CLUBS FOUR,0.4502,0.0126,0.5372
DIAMONDS NINE DIAMONDS JACK,0.2604,0.1408,0.5988
CLUBS EIGHT SPADES NINE,0.5728,0.0158,0.4114
DIAMONDS NINE DIAMONDS TEN,0.549,0.0146,0.4364
CLUBS EIGHT SPADES EIGHT,0.337,0.0302,0.6328
CLUBS EIGHT SPADES SIX,0.616,0.0198,0.3642
CLUBS EIGHT SPADES FIVE,0.6254,0.0168,0.3578
CLUBS EIGHT SPADES FOUR,0.645,0.017,0.338
CLUBS EIGHT SPADES THREE,0.649,0.0192,0.3318
CLUBS EIGHT SPADES TWO,0.6614,0.017,0.3216
HEARTS SIX DIAMONDS TEN,0.6542,0.0152,0.3306
DIAMONDS TEN HEARTS SEVEN,0.694,0.0562,0.2498
DIAMONDS TEN HEARTS EIGHT,0.5812,0.0176,0.4012
CLUBS FOUR CLUBS JACK,0.478,0.2634,0.2586
DIAMONDS TEN HEARTS NINE,0.58,0.0146,0.4054
CLUBS FOUR CLUBS TEN,0.6136,0.016,0.3704
CLUBS FOUR CLUBS KING,0.413,0.007,0.58
CLUBS FOUR CLUBS QUEEN,0.4128,0.0134,0.5738
CLUBS TWO DIAMONDS TEN,0.67,0.0168,0.3132
CLUBS THREE DIAMONDS TEN,0.658,0.0168,0.3252
CLUBS FOUR CLUBS ACE,0.4114,0.0036,0.585
DIAMONDS JACK DIAMONDS TEN,0.2684,0.1058,0.6258
DIAMONDS QUEEN DIAMONDS TEN,0.3594,0.0104,0.6302
HEARTS TWO DIAMONDS TEN,0.6642,0.017,0.3188
DIAMONDS KING DIAMONDS TEN,0.3756,0.006,0.6184
HEARTS THREE DIAMONDS TEN,0.65,0.018,0.332
DIAMONDS ACE DIAMONDS TEN,0.3792,0.006,0.6148
HEARTS FOUR DIAMONDS TEN,0.6508,0.0144,0.3348
CLUBS EIGHT HEARTS JACK,0.2626,0.2232,0.5142
HEARTS FIVE DIAMONDS TEN,0.6502,0.0166,0.3332
CLUBS EIGHT HEARTS TEN,0.6072,0.013,0.3798
CLUBS EIGHT HEARTS QUEEN,0.3972,0.0106,0.5922
CLUBS EIGHT HEARTS KING,0.411,0.0062,0.5828
CLUBS EIGHT HEARTS ACE,0.4026,0.0048,0.5926
CLUBS NINE SPADES THREE,0.6526,0.019,0.3284
CLUBS NINE SPADES TWO,0.6498,0.0196,0.3306
CLUBS NINE SPADES FIVE,0.629,0.0194,0.3516
CLUBS NINE SPADES FOUR,0.6538,0.0154,0.3308
CLUBS NINE SPADES SIX,0.627,0.0176,0.3554
CLUBS NINE SPADES NINE,0.3248,0.0298,0.6454
CLUBS TEN HEARTS EIGHT,0.602,0.0158,0.3822
CLUBS NINE SPADES EIGHT,0.5912,0.015,0.3938
CLUBS JACK HEARTS EIGHT,0.2536,0.2188,0.5276
CLUBS QUEEN HEARTS EIGHT,0.4016,0.0082,0.5902
CLUBS KING HEARTS EIGHT,0.3982,0.006,0.5958
CLUBS ACE HEARTS EIGHT,0.4056,0.0016,0.5928
SPADES KING CLUBS KING,0.1764,0.006,0.8176
SPADES QUEEN CLUBS KING,0.3502,0.009,0.6408
SPADES ACE CLUBS KING,0.3644,0.006,0.6296
DIAMONDS ACE HEARTS TEN,0.4108,0.0048,0.5844
HEARTS FOUR HEARTS TEN,0.6196,0.0152,0.3652
DIAMONDS ACE HEARTS JACK,0.2848,0.0194,0.6958
HEARTS FOUR HEARTS JACK,0.4688,0.273,0.2582
SPADES KING CLUBS FIVE,0.4326,0.009,0.5584
SPADES QUEEN CLUBS FIVE,0.4326,0.009,0.5584
SPADES ACE CLUBS FIVE,0.4222,0.0068,0.571
DIAMONDS JACK HEARTS SEVEN,0.074,0.9026,0.0234
HEARTS SIX DIAMONDS JACK,0.5204,0.2674,0.2122
DIAMONDS JACK HEARTS NINE,0.2788,0.1526,0.5686
DIAMONDS JACK HEARTS EIGHT,0.2732,0.2146,0.5122
DIAMONDS KING DIAMONDS JACK,0.2764,0.0312,0.6924
HEARTS THREE DIAMONDS JACK,0.5054,0.2748,0.2198
SPADES FOUR HEARTS ACE,0.4422,0.0036,0.5542
SPADES ACE SPADES SIX,0.3918,0.0058,0.6024
DIAMONDS QUEEN DIAMONDS JACK,0.2574,0.0402,0.7024
HEARTS TWO DIAMONDS JACK,0.502,0.2908,0.2072
HEARTS FIVE DIAMONDS JACK,0.5092,0.281,0.2098
SPADES FOUR HEARTS QUEEN,0.4392,0.0098,0.551
SPADES QUEEN SPADES SIX,0.387,0.0124,0.6006
DIAMONDS ACE DIAMONDS JACK,0.2852,0.018,0.6968
HEARTS FOUR DIAMONDS JACK,0.51,0.269,0.221
SPADES FOUR HEARTS KING,0.4362,0.0072,0.5566
SPADES KING SPADES SIX,0.3956,0.009,0.5954
SPADES TEN SPADES SIX,0.6456,0.0196,0.3348
SPADES FOUR DIAMONDS JACK,0.4986,0.2918,0.2096
SPADES FIVE DIAMONDS JACK,0.485,0.2878,0.2272
SPADES TWO DIAMONDS JACK,0.506,0.2852,0.2088
SPADES THREE DIAMONDS JACK,0.5018,0.2846,0.2136
SPADES ACE DIAMONDS THREE,0.4332,0.0062,0.5606
SPADES QUEEN DIAMONDS THREE,0.432,0.0128,0.5552
CLUBS EIGHT DIAMONDS JACK,0.2734,0.2066,0.52
SPADES KING DIAMONDS THREE,0.432,0.0068,0.5612
CLUBS NINE DIAMONDS JACK,0.2784,0.1548,0.5668
CLUBS SIX DIAMONDS JACK,0.524,0.2648,0.2112
CLUBS SEVEN DIAMONDS JACK,0.07,0.9072,0.0228
CLUBS FOUR DIAMONDS JACK,0.511,0.2784,0.2106
CLUBS FIVE DIAMONDS JACK,0.5074,0.2772,0.2154
CLUBS TWO DIAMONDS JACK,0.5144,0.2908,0.1948
CLUBS THREE DIAMONDS JACK,0.5136,0.2738,0.2126
SPADES TEN CLUBS FIVE,0.642,0.0186,0.3394
HEARTS SIX SPADES TEN,0.6364,0.0154,0.3482
CLUBS SEVEN CLUBS ACE,0.272,0.0232,0.7048
SPADES TEN DIAMONDS THREE,0.6422,0.0184,0.3394
CLUBS SEVEN CLUBS QUEEN,0.2906,0.0414,0.668
CLUBS SEVEN CLUBS KING,0.2728,0.0314,0.6958
SPADES NINE DIAMONDS JACK,0.2648,0.1558,0.5794
CLUBS SEVEN CLUBS TEN,0.6512,0.0544,0.2944
DIAMONDS ACE HEARTS ACE,0.1862,0.003,0.8108
HEARTS FOUR HEARTS ACE,0.419,0.0032,0.5778
SPADES EIGHT DIAMONDS JACK,0.2556,0.2138,0.5306
SPADES ACE HEARTS SIX,0.4298,0.0036,0.5666
CLUBS SEVEN CLUBS JACK,0.073,0.853,0.074
DIAMONDS ACE HEARTS KING,0.379,0.0036,0.6174
HEARTS FOUR HEARTS KING,0.4004,0.0076,0.592
SPADES KING HEARTS SIX,0.428,0.0042,0.5678
DIAMONDS ACE HEARTS QUEEN,0.3824,0.003,0.6146
HEARTS FOUR HEARTS QUEEN,0.4206,0.0098,0.5696
SPADES SIX DIAMONDS JACK,0.5016,0.2776,0.2208
SPADES QUEEN HEARTS SIX,0.4338,0.0092,0.557
SPADES TWO DIAMONDS TEN,0.6452,0.0188,0.336
SPADES THREE DIAMONDS TEN,0.65,0.0176,0.3324
SPADES FOUR DIAMONDS TEN,0.6502,0.018,0.3318
SPADES FIVE DIAMONDS TEN,0.6524,0.02,0.3276
SPADES SIX DIAMONDS TEN,0.6422,0.0162,0.3416
SPADES EIGHT DIAMONDS TEN,0.6024,0.0196,0.378
SPADES NINE DIAMONDS TEN,0.5842,0.0148,0.401
CLUBS FOUR DIAMONDS TEN,0.648,0.0184,0.3336
CLUBS FIVE DIAMONDS TEN,0.6438,0.0178,0.3384
CLUBS SIX DIAMONDS TEN,0.6486,0.0186,0.3328
CLUBS SEVEN DIAMONDS TEN,0.713,0.0576,0.2294
CLUBS EIGHT DIAMONDS TEN,0.5876,0.015,0.3974
CLUBS NINE DIAMONDS TEN,0.5752,0.0152,0.4096
DIAMONDS THREE CLUBS JACK,0.5096,0.2784,0.212
DIAMONDS THREE CLUBS TEN,0.65,0.0138,0.3362
DIAMONDS THREE CLUBS KING,0.4468,0.006,0.5472
DIAMONDS THREE CLUBS QUEEN,0.4376,0.009,0.5534
DIAMONDS THREE CLUBS ACE,0.4416,0.0038,0.5546
SPADES FOUR HEARTS JACK,0.5004,0.2906,0.209
SPADES FOUR HEARTS TEN,0.6564,0.0162,0.3274
SPADES FIVE SPADES TWO,0.6508,0.0196,0.3296
SPADES FOUR SPADES TWO,0.6556,0.0226,0.3218
SPADES THREE SPADES TWO,0.6384,0.024,0.3376
SPADES NINE SPADES TWO,0.6372,0.0184,0.3444
SPADES EIGHT SPADES TWO,0.6612,0.0178,0.321
SPADES SIX SPADES TWO,0.6634,0.0162,0.3204
DIAMONDS QUEEN CLUBS THREE,0.452,0.0078,0.5402
HEARTS TWO CLUBS THREE,0.6606,0.0168,0.3226
DIAMONDS QUEEN CLUBS TWO,0.4478,0.0126,0.5396
CLUBS TWO HEARTS TWO,0.4854,0.0412,0.4734
DIAMONDS QUEEN HEARTS SEVEN,0.2978,0.0428,0.6594
HEARTS TWO HEARTS SEVEN,0.676,0.06,0.264
HEARTS SIX DIAMONDS QUEEN,0.432,0.0114,0.5566
HEARTS SIX HEARTS TWO,0.638,0.015,0.347
DIAMONDS QUEEN HEARTS NINE,0.393,0.0102,0.5968
HEARTS TWO HEARTS NINE,0.6194,0.0186,0.362
DIAMONDS QUEEN HEARTS EIGHT,0.3968,0.0096,0.5936
HEARTS TWO HEARTS EIGHT,0.6248,0.0168,0.3584
CLUBS NINE HEARTS TWO,0.6542,0.0172,0.3286
CLUBS NINE DIAMONDS QUEEN,0.3916,0.008,0.6004
CLUBS EIGHT HEARTS TWO,0.6512,0.017,0.3318
CLUBS EIGHT DIAMONDS QUEEN,0.3938,0.0102,0.596
CLUBS FIVE DIAMONDS QUEEN,0.4482,0.0094,0.5424
CLUBS FIVE HEARTS TWO,0.6582,0.0158,0.326
SPADES EIGHT HEARTS ACE,0.3952,0.0032,0.6016
CLUBS FOUR DIAMONDS QUEEN,0.4428,0.0118,0.5454
CLUBS FOUR HEARTS TWO,0.6516,0.0198,0.3286
SPADES EIGHT HEARTS QUEEN,0.393,0.0124,0.5946
CLUBS SEVEN HEARTS TWO,0.7212,0.0574,0.2214
CLUBS SEVEN DIAMONDS QUEEN,0.294,0.0426,0.6634
CLUBS SIX DIAMONDS QUEEN,0.4414,0.0102,0.5484
CLUBS SIX HEARTS TWO,0.668,0.0182,0.3138
SPADES EIGHT HEARTS KING,0.3934,0.0096,0.597
DIAMONDS QUEEN SPADES SIX,0.4258,0.0096,0.5646
SPADES SIX HEARTS TWO,0.6724,0.0188,0.3088
HEARTS FOUR CLUBS QUEEN,0.4594,0.0126,0.528
DIAMONDS ACE CLUBS QUEEN,0.3688,0.0046,0.6266
HEARTS FOUR CLUBS KING,0.4454,0.0082,0.5464
DIAMONDS ACE CLUBS KING,0.3728,0.0032,0.624
SPADES EIGHT DIAMONDS QUEEN,0.381,0.013,0.606
SPADES EIGHT HEARTS TWO,0.6562,0.019,0.3248
HEARTS FOUR CLUBS ACE,0.4626,0.0034,0.534
DIAMONDS ACE CLUBS ACE,0.18,0.003,0.817
SPADES NINE DIAMONDS QUEEN,0.3746,0.0114,0.614
SPADES NINE HEARTS TWO,0.6562,0.0202,0.3236
HEARTS TWO SPADES TWO,0.464,0.0396,0.4964
DIAMONDS QUEEN SPADES TWO,0.446,0.0142,0.5398
HEARTS TWO SPADES THREE,0.6644,0.0192,0.3164
DIAMONDS QUEEN SPADES THREE,0.4416,0.014,0.5444
HEARTS TWO SPADES FOUR,0.6492,0.022,0.3288
DIAMONDS QUEEN SPADES FOUR,0.431,0.0094,0.5596
HEARTS FOUR CLUBS TEN,0.6656,0.0154,0.319
DIAMONDS ACE CLUBS TEN,0.3948,0.004,0.6012
DIAMONDS QUEEN SPADES FIVE,0.427,0.0104,0.5626
HEARTS TWO SPADES FIVE,0.651,0.0212,0.3278
HEARTS FOUR CLUBS JACK,0.5008,0.2754,0.2238
DIAMONDS ACE CLUBS JACK,0.2786,0.0208,0.7006
CLUBS FIVE CLUBS KING,0.4182,0.007,0.5748
CLUBS FIVE CLUBS QUEEN,0.4044,0.0086,0.587
CLUBS FIVE CLUBS ACE,0.4144,0.0042,0.5814
CLUBS FIVE CLUBS JACK,0.4828,0.2682,0.249
CLUBS FIVE CLUBS TEN,0.6178,0.015,0.3672
SPADES KING CLUBS JACK,0.2704,0.033,0.6966
SPADES QUEEN CLUBS JACK,0.2444,0.039,0.7166
SPADES ACE CLUBS JACK,0.2734,0.0222,0.7044
SPADES SIX CLUBS KING,0.4338,0.0074,0.5588
SPADES SIX CLUBS QUEEN,0.4452,0.0108,0.544
SPADES EIGHT HEARTS JACK,0.2606,0.2078,0.5316
SPADES SIX CLUBS ACE,0.437,0.0052,0.5578
SPADES EIGHT HEARTS TEN,0.597,0.0172,0.3858
SPADES SIX CLUBS JACK,0.498,0.2828,0.2192
SPADES SIX CLUBS TEN,0.6372,0.0184,0.3444
SPADES TEN CLUBS JACK,0.2684,0.117,0.6146
SPADES QUEEN CLUBS SEVEN,0.268,0.0402,0.6918
SPADES KING CLUBS SEVEN,0.2832,0.0352,0.6816
SPADES ACE CLUBS SEVEN,0.2748,0.0248,0.7004
SPADES SIX HEARTS TEN,0.6396,0.0188,0.3416
SPADES SIX HEARTS JACK,0.5046,0.2848,0.2106
SPADES SIX HEARTS ACE,0.4392,0.0042,0.5566
SPADES SIX HEARTS KING,0.4344,0.0078,0.5578
SPADES SIX HEARTS QUEEN,0.4386,0.0096,0.5518
SPADES TEN CLUBS SEVEN,0.7006,0.055,0.2444
HEARTS SIX CLUBS TEN,0.6416,0.0146,0.3438
HEARTS SIX CLUBS JACK,0.5038,0.2778,0.2184
CLUBS ACE CLUBS JACK,0.2786,0.016,0.7054
HEARTS SIX CLUBS QUEEN,0.4392,0.0106,0.5502
HEARTS SIX CLUBS KING,0.4376,0.0048,0.5576
HEARTS SIX CLUBS ACE,0.4484,0.0026,0.549
CLUBS QUEEN CLUBS JACK,0.256,0.0384,0.7056
CLUBS KING CLUBS JACK,0.2754,0.0258,0.6988
DIAMONDS THREE HEARTS ACE,0.4494,0.0042,0.5464
DIAMONDS THREE HEARTS QUEEN,0.445,0.0102,0.5448
DIAMONDS THREE HEARTS KING,0.4566,0.005,0.5384
CLUBS FIVE HEARTS JACK,0.4982,0.2836,0.2182
HEARTS FOUR SPADES TEN,0.6342,0.0162,0.3496
SPADES TEN DIAMONDS ACE,0.3772,0.004,0.6188
CLUBS FIVE HEARTS TEN,0.6524,0.0148,0.3328
SPADES ACE HEARTS FOUR,0.432,0.0062,0.5618
SPADES ACE DIAMONDS ACE,0.173,0.0034,0.8236
CLUBS FIVE HEARTS ACE,0.4504,0.004,0.5456
CLUBS FIVE HEARTS KING,0.4448,0.0094,0.5458
SPADES FOUR CLUBS JACK,0.5034,0.2836,0.213
HEARTS FOUR SPADES QUEEN,0.4242,0.01,0.5658
SPADES QUEEN DIAMONDS ACE,0.3524,0.007,0.6406
CLUBS FIVE HEARTS QUEEN,0.4384,0.0108,0.5508
SPADES FOUR CLUBS TEN,0.6438,0.0178,0.3384
SPADES KING DIAMONDS ACE,0.3648,0.0052,0.63
HEARTS FOUR SPADES KING,0.439,0.0066,0.5544
DIAMONDS QUEEN DIAMONDS ACE,0.3424,0.0032,0.6544
HEARTS TWO DIAMONDS ACE,0.4394,0.0056,0.555
HEARTS FOUR DIAMONDS QUEEN,0.4348,0.0092,0.556
HEARTS FOUR HEARTS TWO,0.6186,0.0184,0.363
DIAMONDS THREE HEARTS TEN,0.6586,0.0182,0.3232
SPADES FOUR CLUBS KING,0.4474,0.0058,0.5468
HEARTS FIVE DIAMONDS QUEEN,0.439,0.0122,0.5488
HEARTS FIVE HEARTS TWO,0.6182,0.016,0.3658
DIAMONDS THREE HEARTS JACK,0.4936,0.2884,0.218
SPADES FOUR CLUBS QUEEN,0.4372,0.0116,0.5512
DIAMONDS QUEEN HEARTS TWO,0.4466,0.0108,0.5426
DIAMONDS KING DIAMONDS QUEEN,0.3408,0.0064,0.6528
DIAMONDS KING HEARTS TWO,0.4602,0.0054,0.5344
HEARTS THREE DIAMONDS QUEEN,0.437,0.011,0.552
HEARTS THREE HEARTS TWO,0.6218,0.017,0.3612
SPADES FOUR CLUBS ACE,0.4278,0.0032,0.569
HEARTS TWO CLUBS ACE,0.4508,0.0026,0.5466
DIAMONDS QUEEN CLUBS ACE,0.366,0.004,0.63
HEARTS TWO CLUBS QUEEN,0.4466,0.0124,0.541
DIAMONDS QUEEN CLUBS QUEEN,0.2046,0.0118,0.7836
HEARTS TWO CLUBS KING,0.4656,0.0066,0.5278
DIAMONDS QUEEN CLUBS KING,0.366,0.0068,0.6272
SPADES EIGHT SPADES FIVE,0.6318,0.02,0.3482
HEARTS TWO CLUBS TEN,0.66,0.0144,0.3256
DIAMONDS QUEEN CLUBS TEN,0.3802,0.0096,0.6102
SPADES NINE SPADES FIVE,0.6268,0.0186,0.3546
HEARTS TWO CLUBS JACK,0.5116,0.2814,0.207
DIAMONDS QUEEN CLUBS JACK,0.2744,0.0406,0.685
SPADES SIX SPADES FIVE,0.619,0.02,0.361
DIAMONDS FIVE CLUBS QUEEN,0.4494,0.013,0.5376
SPADES EIGHT CLUBS ACE,0.4008,0.0058,0.5934
CLUBS KING DIAMONDS FIVE,0.446,0.0074,0.5466
SPADES EIGHT CLUBS KING,0.397,0.0078,0.5952
CLUBS ACE DIAMONDS FIVE,0.43,0.0046,0.5654
SPADES EIGHT CLUBS QUEEN,0.394,0.0102,0.5958
SPADES EIGHT CLUBS JACK,0.2616,0.2224,0.516
SPADES EIGHT CLUBS TEN,0.5812,0.0158,0.403
DIAMONDS FIVE CLUBS TEN,0.6514,0.0146,0.334
DIAMONDS FIVE CLUBS JACK,0.512,0.282,0.206
HEARTS JACK DIAMONDS TEN,0.2924,0.112,0.5956
DIAMONDS TEN HEARTS TEN,0.3206,0.0214,0.658
SPADES ACE CLUBS NINE,0.3936,0.0038,0.6026
CLUBS NINE SPADES QUEEN,0.3718,0.0096,0.6186
SPADES KING CLUBS NINE,0.3842,0.0064,0.6094
HEARTS SIX HEARTS KING,0.4234,0.0046,0.572
SPADES KING DIAMONDS SEVEN,0.2826,0.0352,0.6822
HEARTS SIX HEARTS QUEEN,0.4116,0.009,0.5794
DIAMONDS KING SPADES SIX,0.4388,0.0048,0.5564
HEARTS THREE SPADES SIX,0.6592,0.018,0.3228
SPADES QUEEN DIAMONDS SEVEN,0.2812,0.0408,0.678
SPADES NINE DIAMONDS KING,0.4014,0.0098,0.5888
HEARTS THREE SPADES NINE,0.6462,0.02,0.3338
HEARTS SIX HEARTS ACE,0.4172,0.0028,0.58
DIAMONDS KING SPADES EIGHT,0.3964,0.0068,0.5968
HEARTS THREE SPADES EIGHT,0.6516,0.0206,0.3278
SPADES ACE DIAMONDS SEVEN,0.2724,0.0248,0.7028
CLUBS NINE HEARTS THREE,0.66,0.0156,0.3244
CLUBS NINE DIAMONDS KING,0.4126,0.0064,0.581
CLUBS EIGHT HEARTS THREE,0.66,0.0186,0.3214
