opposingHand,winningChance,drawChance,lostChance
SPADES NINE DIAMONDS SEVEN
HEARTS FIVE SPADES TEN,0.4224,0.0242,0.5534
HEARTS FIVE SPADES JACK,0.4344,0.0154,0.5502
SPADES FIVE CLUBS JACK,0.4314,0.0188,0.5498
CLUBS TEN SPADES FIVE,0.4176,0.0274,0.555
CLUBS EIGHT CLUBS JACK,0.343,0.0132,0.6438
CLUBS TEN CLUBS EIGHT,0.3478,0.0258,0.6264
CLUBS EIGHT CLUBS KING,0.3628,0.0072,0.63
SPADES FIVE CLUBS ACE,0.4106,0.0026,0.5868
CLUBS EIGHT CLUBS QUEEN,0.3518,0.0126,0.6356
SPADES FIVE CLUBS KING,0.424,0.0076,0.5684
SPADES FIVE CLUBS QUEEN,0.4156,0.0128,0.5716
CLUBS EIGHT CLUBS ACE,0.3596,0.0032,0.6372
DIAMONDS TWO DIAMONDS THREE,0.6026,0.0414,0.356
DIAMONDS TWO DIAMONDS FIVE,0.595,0.0462,0.3588
HEARTS FIVE SPADES KING,0.4272,0.0082,0.5646
DIAMONDS TWO DIAMONDS FOUR,0.6036,0.0388,0.3576
HEARTS FIVE SPADES QUEEN,0.4204,0.0144,0.5652
DIAMONDS TWO DIAMONDS SIX,0.6266,0.0404,0.333
SPADES ACE HEARTS FIVE,0.4126,0.0044,0.583
DIAMONDS TWO DIAMONDS NINE,0.466,0.2854,0.2486
DIAMONDS TWO DIAMONDS EIGHT,0.6196,0.0426,0.3378
DIAMONDS THREE DIAMONDS FOUR,0.5956,0.0416,0.3628
SPADES FOUR CLUBS TWO,0.6284,0.0446,0.327
DIAMONDS THREE DIAMONDS FIVE,0.5842,0.0414,0.3744
SPADES FIVE CLUBS TWO,0.6262,0.0462,0.3276
CLUBS TWO SPADES TWO,0.4362,0.071,0.4928
CLUBS TWO SPADES THREE,0.629,0.0438,0.3272
DIAMONDS THREE DIAMONDS EIGHT,0.6068,0.0402,0.353
SPADES EIGHT CLUBS TWO,0.6494,0.0424,0.3082
DIAMONDS THREE DIAMONDS NINE,0.476,0.2692,0.2548
DIAMONDS THREE DIAMONDS SIX,0.5996,0.0422,0.3582
SPADES SIX CLUBS TWO,0.6358,0.039,0.3252
SPADES SEVEN CLUBS TWO,0.6756,0.1098,0.2146
CLUBS SIX CLUBS TWO,0.6038,0.0424,0.3538
CLUBS SEVEN CLUBS TWO,0.6324,0.1066,0.261
CLUBS FOUR CLUBS TWO,0.5886,0.038,0.3734
CLUBS FIVE CLUBS TWO,0.5868,0.0442,0.369
CLUBS TEN CLUBS JACK,0.3116,0.0116,0.6768
DIAMONDS FOUR DIAMONDS SIX,0.5924,0.042,0.3656
CLUBS TEN CLUBS QUEEN,0.3218,0.0082,0.67
CLUBS TEN CLUBS KING,0.3368,0.005,0.6582
CLUBS TEN CLUBS ACE,0.3258,0.003,0.6712
CLUBS EIGHT CLUBS TWO,0.5976,0.0412,0.3612
DIAMONDS FIVE DIAMONDS FOUR,0.574,0.0414,0.3846
CLUBS NINE CLUBS TWO,0.4512,0.2856,0.2632
DIAMONDS NINE DIAMONDS FOUR,0.459,0.283,0.258
DIAMONDS FOUR DIAMONDS EIGHT,0.5884,0.0444,0.3672
CLUBS THREE CLUBS TWO,0.5838,0.037,0.3792
DIAMONDS NINE DIAMONDS FIVE,0.4546,0.2862,0.2592
DIAMONDS TWO CLUBS JACK,0.4414,0.0176,0.541
DIAMONDS FIVE DIAMONDS EIGHT,0.5902,0.0408,0.369
CLUBS TEN DIAMONDS TWO,0.4408,0.0246,0.5346
DIAMONDS FIVE DIAMONDS SIX,0.5804,0.043,0.3766
DIAMONDS TWO CLUBS ACE,0.4364,0.006,0.5576
DIAMONDS TWO CLUBS KING,0.436,0.0076,0.5564
DIAMONDS TWO CLUBS QUEEN,0.4398,0.0122,0.548
DIAMONDS EIGHT DIAMONDS SIX,0.5724,0.042,0.3856
DIAMONDS NINE DIAMONDS SIX,0.4682,0.2748,0.257
HEARTS ACE SPADES THREE,0.4176,0.005,0.5774
SPADES THREE HEARTS KING,0.4262,0.0092,0.5646
SPADES THREE HEARTS QUEEN,0.4382,0.0122,0.5496
SPADES THREE HEARTS JACK,0.431,0.0196,0.5494
SPADES THREE HEARTS TEN,0.4404,0.0222,0.5374
DIAMONDS NINE DIAMONDS EIGHT,0.2078,0.2254,0.5668
DIAMONDS KING HEARTS TEN,0.3436,0.0076,0.6488
HEARTS THREE HEARTS TEN,0.4122,0.0278,0.56
SPADES JACK CLUBS SIX,0.4174,0.0144,0.5682
DIAMONDS KING HEARTS JACK,0.3584,0.005,0.6366
HEARTS THREE HEARTS JACK,0.4054,0.0176,0.577
SPADES TEN CLUBS SIX,0.394,0.0264,0.5796
SPADES JACK SPADES FIVE,0.4104,0.0194,0.5702
SPADES TEN SPADES FIVE,0.4046,0.0268,0.5686
DIAMONDS KING HEARTS ACE,0.3448,0.0042,0.651
HEARTS THREE HEARTS ACE,0.3966,0.0054,0.598
SPADES ACE CLUBS SIX,0.4106,0.0032,0.5862
DIAMONDS KING HEARTS QUEEN,0.3636,0.006,0.6304
HEARTS THREE HEARTS QUEEN,0.411,0.01,0.579
SPADES KING CLUBS SIX,0.4146,0.0056,0.5798
DIAMONDS KING HEARTS KING,0.1778,0.0098,0.8124
HEARTS THREE HEARTS KING,0.4092,0.0066,0.5842
SPADES QUEEN CLUBS SIX,0.4088,0.014,0.5772
SPADES QUEEN SPADES FIVE,0.4204,0.0138,0.5658
SPADES KING SPADES FIVE,0.4104,0.0072,0.5824
SPADES ACE SPADES FIVE,0.395,0.0056,0.5994
CLUBS TEN SPADES JACK,0.3188,0.0152,0.666
CLUBS TEN SPADES TEN,0.148,0.0412,0.8108
SPADES ACE CLUBS TEN,0.3492,0.003,0.6478
SPADES KING CLUBS TEN,0.3568,0.0076,0.6356
CLUBS TEN SPADES QUEEN,0.3344,0.0106,0.655
SPADES FIVE HEARTS QUEEN,0.4366,0.0118,0.5516
SPADES FIVE HEARTS KING,0.4252,0.0096,0.5652
SPADES FIVE HEARTS ACE,0.4248,0.0038,0.5714
CLUBS EIGHT SPADES TEN,0.3458,0.0256,0.6286
SPADES JACK HEARTS THREE,0.4242,0.0196,0.5562
SPADES JACK DIAMONDS KING,0.341,0.0084,0.6506
SPADES TEN DIAMONDS KING,0.3508,0.0082,0.641
SPADES TEN HEARTS THREE,0.4256,0.0274,0.547
SPADES JACK CLUBS EIGHT,0.3566,0.0194,0.624
CLUBS SIX HEARTS ACE,0.4214,0.0034,0.5752
SPADES ACE CLUBS EIGHT,0.3776,0.0034,0.619
HEARTS FIVE CLUBS JACK,0.416,0.0144,0.5696
HEARTS FIVE CLUBS TEN,0.4188,0.0234,0.5578
CLUBS SIX HEARTS QUEEN,0.4038,0.0096,0.5866
SPADES QUEEN CLUBS EIGHT,0.3738,0.0106,0.6156
CLUBS TEN SPADES THREE,0.4374,0.0246,0.538
CLUBS SIX HEARTS KING,0.4118,0.0076,0.5806
SPADES KING CLUBS EIGHT,0.3868,0.0076,0.6056
SPADES THREE CLUBS JACK,0.4286,0.0168,0.5546
DIAMONDS TWO HEARTS JACK,0.4442,0.0198,0.536
SPADES THREE CLUBS QUEEN,0.4236,0.0114,0.565
DIAMONDS TWO HEARTS TEN,0.4328,0.0272,0.54
SPADES THREE CLUBS KING,0.438,0.0084,0.5536
HEARTS FIVE CLUBS ACE,0.4118,0.0038,0.5844
SPADES FIVE HEARTS TEN,0.4282,0.0252,0.5466
SPADES THREE CLUBS ACE,0.4242,0.0042,0.5716
HEARTS FIVE CLUBS KING,0.4294,0.0064,0.5642
SPADES FIVE HEARTS JACK,0.4108,0.016,0.5732
HEARTS FIVE CLUBS QUEEN,0.4264,0.0086,0.565
HEARTS THREE CLUBS KING,0.4288,0.0072,0.564
DIAMONDS KING CLUBS KING,0.1646,0.0142,0.8212
HEARTS THREE CLUBS QUEEN,0.4354,0.0132,0.5514
DIAMONDS KING CLUBS QUEEN,0.3422,0.005,0.6528
HEARTS FIVE HEARTS JACK,0.3922,0.0158,0.592
HEARTS FIVE HEARTS TEN,0.4084,0.0222,0.5694
HEARTS THREE CLUBS ACE,0.4226,0.0038,0.5736
DIAMONDS KING CLUBS ACE,0.3612,0.0022,0.6366
SPADES ACE CLUBS QUEEN,0.363,0.0058,0.6312
SPADES KING CLUBS QUEEN,0.3582,0.0068,0.635
HEARTS THREE CLUBS JACK,0.4226,0.0172,0.5602
DIAMONDS KING CLUBS JACK,0.3482,0.0058,0.646
SPADES QUEEN CLUBS QUEEN,0.178,0.0192,0.8028
CLUBS TEN HEARTS THREE,0.4386,0.0278,0.5336
CLUBS TEN DIAMONDS KING,0.3464,0.0052,0.6484
SPADES JACK CLUBS QUEEN,0.345,0.0096,0.6454
CLUBS SIX CLUBS QUEEN,0.388,0.0122,0.5998
SPADES TEN CLUBS QUEEN,0.3376,0.011,0.6514
CLUBS SIX CLUBS KING,0.3922,0.0058,0.602
CLUBS SIX CLUBS ACE,0.3976,0.004,0.5984
HEARTS FIVE HEARTS KING,0.3964,0.006,0.5976
HEARTS FIVE HEARTS QUEEN,0.3926,0.0098,0.5976
CLUBS TEN CLUBS SIX,0.3906,0.0234,0.586
HEARTS FIVE HEARTS ACE,0.39,0.0042,0.6058
CLUBS SIX CLUBS JACK,0.4068,0.0176,0.5756
SPADES SEVEN HEARTS JACK,0.269,0.0546,0.6764
SPADES SEVEN HEARTS TEN,0.246,0.0782,0.6758
DIAMONDS TWO CLUBS TWO,0.4392,0.0656,0.4952
DIAMONDS TWO CLUBS THREE,0.6388,0.0422,0.319
DIAMONDS TWO HEARTS SIX,0.652,0.0444,0.3036
DIAMONDS TWO HEARTS QUEEN,0.4428,0.0136,0.5436
HEARTS SEVEN DIAMONDS TWO,0.675,0.105,0.22
DIAMONDS TWO HEARTS KING,0.4304,0.0078,0.5618
DIAMONDS TWO HEARTS EIGHT,0.6502,0.0388,0.311
DIAMONDS TWO HEARTS ACE,0.4348,0.0044,0.5608
DIAMONDS TWO HEARTS NINE,0.503,0.2878,0.2092
DIAMONDS TWO DIAMONDS QUEEN,0.4062,0.01,0.5838
DIAMONDS TWO HEARTS TWO,0.438,0.0686,0.4934
DIAMONDS TWO DIAMONDS KING,0.4164,0.0104,0.5732
DIAMONDS TWO HEARTS THREE,0.6276,0.0386,0.3338
DIAMONDS TWO DIAMONDS ACE,0.4154,0.005,0.5796
HEARTS FOUR DIAMONDS TWO,0.6266,0.0442,0.3292
HEARTS FIVE DIAMONDS TWO,0.6338,0.0442,0.322
SPADES SEVEN HEARTS ACE,0.267,0.022,0.711
DIAMONDS TWO DIAMONDS TEN,0.4114,0.0242,0.5644
SPADES SEVEN HEARTS KING,0.277,0.0302,0.6928
DIAMONDS TWO DIAMONDS JACK,0.4196,0.0204,0.56
SPADES SEVEN HEARTS QUEEN,0.2854,0.0436,0.671
DIAMONDS TWO SPADES EIGHT,0.6432,0.0458,0.311
DIAMONDS TWO SPADES SEVEN,0.677,0.114,0.209
DIAMONDS TWO SPADES SIX,0.6456,0.0456,0.3088
DIAMONDS TWO SPADES FIVE,0.6394,0.0444,0.3162
DIAMONDS TWO SPADES FOUR,0.6494,0.0412,0.3094
DIAMONDS TWO SPADES THREE,0.642,0.0406,0.3174
DIAMONDS TWO SPADES TWO,0.4396,0.073,0.4874
CLUBS NINE DIAMONDS TWO,0.4966,0.292,0.2114
DIAMONDS TWO CLUBS EIGHT,0.6458,0.0454,0.3088
CLUBS SEVEN DIAMONDS TWO,0.6698,0.1102,0.22
DIAMONDS TWO CLUBS SIX,0.6436,0.0414,0.315
DIAMONDS TWO CLUBS FIVE,0.6316,0.04,0.3284
DIAMONDS TWO CLUBS FOUR,0.6434,0.041,0.3156
CLUBS FOUR SPADES FIVE,0.613,0.0364,0.3506
CLUBS FOUR SPADES FOUR,0.4326,0.0692,0.4982
CLUBS FOUR SPADES THREE,0.6054,0.0412,0.3534
CLUBS FOUR SPADES TWO,0.6352,0.0402,0.3246
SPADES EIGHT CLUBS FOUR,0.6354,0.04,0.3246
SPADES SEVEN CLUBS FOUR,0.6508,0.1134,0.2358
SPADES SIX CLUBS FOUR,0.6222,0.0408,0.337
SPADES ACE DIAMONDS SIX,0.415,0.005,0.58
SPADES QUEEN DIAMONDS SIX,0.4164,0.0102,0.5734
SPADES KING DIAMONDS SIX,0.4078,0.007,0.5852
SPADES TEN DIAMONDS SIX,0.3994,0.0268,0.5738
SPADES JACK DIAMONDS SIX,0.426,0.0176,0.5564
SPADES QUEEN SPADES TWO,0.4172,0.0118,0.571
SPADES KING SPADES TWO,0.4188,0.0086,0.5726
SPADES ACE SPADES TWO,0.3978,0.0052,0.597
DIAMONDS JACK CLUBS JACK,0.1706,0.027,0.8024
CLUBS TEN DIAMONDS JACK,0.326,0.0092,0.6648
DIAMONDS JACK CLUBS KING,0.3464,0.0072,0.6464
DIAMONDS JACK CLUBS QUEEN,0.345,0.0094,0.6456
DIAMONDS THREE DIAMONDS JACK,0.4048,0.0174,0.5778
DIAMONDS THREE DIAMONDS TEN,0.4148,0.0278,0.5574
DIAMONDS JACK CLUBS ACE,0.3594,0.0044,0.6362
DIAMONDS THREE DIAMONDS KING,0.4098,0.0088,0.5814
DIAMONDS THREE HEARTS THREE,0.434,0.063,0.503
DIAMONDS THREE DIAMONDS QUEEN,0.4034,0.0138,0.5828
DIAMONDS THREE HEARTS TWO,0.6362,0.0426,0.3212
HEARTS FIVE DIAMONDS THREE,0.6128,0.0422,0.345
DIAMONDS THREE DIAMONDS ACE,0.4054,0.0064,0.5882
HEARTS FOUR DIAMONDS THREE,0.6212,0.0436,0.3352
HEARTS SEVEN DIAMONDS THREE,0.6624,0.113,0.2246
HEARTS SIX DIAMONDS THREE,0.6428,0.0394,0.3178
DIAMONDS THREE HEARTS NINE,0.4928,0.292,0.2152
HEARTS JACK DIAMONDS FOUR,0.4316,0.0192,0.5492
HEARTS ACE HEARTS KING,0.3346,0.0048,0.6606
SPADES TEN SPADES TWO,0.4042,0.0234,0.5724
DIAMONDS THREE HEARTS EIGHT,0.6464,0.0398,0.3138
HEARTS TEN DIAMONDS FOUR,0.4236,0.0294,0.547
SPADES JACK SPADES TWO,0.408,0.0194,0.5726
HEARTS QUEEN DIAMONDS FOUR,0.431,0.0096,0.5594
HEARTS KING DIAMONDS FOUR,0.439,0.0082,0.5528
HEARTS ACE DIAMONDS FOUR,0.4298,0.005,0.5652
DIAMONDS THREE SPADES EIGHT,0.6506,0.0384,0.311
DIAMONDS THREE SPADES SEVEN,0.6636,0.1086,0.2278
DIAMONDS THREE SPADES SIX,0.6352,0.0422,0.3226
DIAMONDS THREE CLUBS SIX,0.6298,0.0376,0.3326
CLUBS FIVE CLUBS SIX,0.5624,0.041,0.3966
CLUBS ACE DIAMONDS FOUR,0.4186,0.0036,0.5778
CLUBS SEVEN DIAMONDS THREE,0.6606,0.1022,0.2372
CLUBS SEVEN CLUBS FIVE,0.6068,0.0972,0.296
DIAMONDS THREE CLUBS FOUR,0.6156,0.0442,0.3402
DIAMONDS FOUR CLUBS QUEEN,0.4334,0.0122,0.5544
DIAMONDS THREE CLUBS FIVE,0.6042,0.0468,0.349
CLUBS KING DIAMONDS FOUR,0.4438,0.0072,0.549
DIAMONDS THREE CLUBS TWO,0.6212,0.0416,0.3372
CLUBS TEN DIAMONDS FOUR,0.4246,0.0276,0.5478
DIAMONDS THREE CLUBS THREE,0.4278,0.0722,0.5
DIAMONDS FOUR CLUBS JACK,0.4298,0.0176,0.5526
DIAMONDS THREE SPADES FOUR,0.6146,0.0466,0.3388
DIAMONDS THREE SPADES FIVE,0.6122,0.0424,0.3454
DIAMONDS THREE SPADES TWO,0.632,0.0438,0.3242
DIAMONDS THREE SPADES THREE,0.4296,0.0678,0.5026
CLUBS EIGHT DIAMONDS THREE,0.639,0.0368,0.3242
CLUBS NINE DIAMONDS THREE,0.4894,0.2956,0.215
SPADES SEVEN CLUBS ACE,0.2642,0.0204,0.7154
SPADES SEVEN CLUBS QUEEN,0.2888,0.0364,0.6748
SPADES SEVEN CLUBS KING,0.2844,0.0302,0.6854
CLUBS FIVE SPADES SEVEN,0.6436,0.1106,0.2458
CLUBS TEN SPADES SEVEN,0.2538,0.079,0.6672
CLUBS FIVE SPADES SIX,0.6106,0.0422,0.3472
SPADES SEVEN CLUBS JACK,0.2734,0.062,0.6646
CLUBS FIVE SPADES EIGHT,0.5996,0.0426,0.3578
CLUBS FIVE SPADES THREE,0.613,0.04,0.347
CLUBS FIVE SPADES TWO,0.6126,0.0442,0.3432
CLUBS FIVE SPADES FIVE,0.4156,0.0676,0.5168
CLUBS FIVE SPADES FOUR,0.6142,0.036,0.3498
CLUBS NINE CLUBS FIVE,0.4542,0.2752,0.2706
CLUBS EIGHT CLUBS FIVE,0.568,0.0398,0.3922
CLUBS ACE CLUBS QUEEN,0.3396,0.003,0.6574
CLUBS KING CLUBS QUEEN,0.3452,0.0066,0.6482
DIAMONDS TEN DIAMONDS FOUR,0.4126,0.0268,0.5606
CLUBS TEN DIAMONDS NINE,0.2376,0.075,0.6874
DIAMONDS JACK DIAMONDS FOUR,0.4154,0.0162,0.5684
DIAMONDS NINE CLUBS JACK,0.2494,0.0516,0.699
DIAMONDS ACE DIAMONDS FOUR,0.4054,0.0072,0.5874
HEARTS FOUR DIAMONDS FOUR,0.4374,0.067,0.4956
DIAMONDS JACK HEARTS TEN,0.3378,0.013,0.6492
DIAMONDS TWO SPADES TEN,0.4294,0.0254,0.5452
DIAMONDS NINE CLUBS ACE,0.274,0.0178,0.7082
HEARTS FIVE DIAMONDS FOUR,0.609,0.041,0.35
DIAMONDS JACK HEARTS JACK,0.1722,0.0356,0.7922
DIAMONDS TWO SPADES JACK,0.4246,0.016,0.5594
DIAMONDS QUEEN DIAMONDS FOUR,0.4044,0.0116,0.584
HEARTS TWO DIAMONDS FOUR,0.6418,0.0448,0.3134
DIAMONDS NINE CLUBS QUEEN,0.2458,0.0428,0.7114
DIAMONDS KING DIAMONDS FOUR,0.4038,0.0082,0.588
HEARTS THREE DIAMONDS FOUR,0.6162,0.0416,0.3422
DIAMONDS NINE CLUBS KING,0.2656,0.0328,0.7016
HEARTS ACE DIAMONDS JACK,0.3446,0.0036,0.6518
SPADES ACE DIAMONDS TWO,0.4284,0.0058,0.5658
HEARTS QUEEN DIAMONDS JACK,0.3496,0.0076,0.6428
SPADES QUEEN DIAMONDS TWO,0.4486,0.015,0.5364
HEARTS KING DIAMONDS JACK,0.3548,0.0094,0.6358
SPADES KING DIAMONDS TWO,0.4396,0.0084,0.552
SPADES JACK SPADES SEVEN,0.2482,0.057,0.6948
SPADES TEN SPADES SEVEN,0.2416,0.0722,0.6862
CLUBS SEVEN CLUBS THREE,0.6064,0.104,0.2896
CLUBS SIX CLUBS THREE,0.599,0.0352,0.3658
CLUBS FIVE CLUBS THREE,0.5732,0.0436,0.3832
CLUBS THREE CLUBS FOUR,0.562,0.0372,0.4008
CLUBS NINE CLUBS THREE,0.4572,0.2752,0.2676
CLUBS EIGHT CLUBS THREE,0.603,0.036,0.361
CLUBS THREE SPADES FIVE,0.619,0.041,0.34
CLUBS THREE SPADES FOUR,0.6158,0.043,0.3412
CLUBS THREE SPADES THREE,0.417,0.0734,0.5096
CLUBS THREE SPADES TWO,0.631,0.0414,0.3276
CLUBS THREE SPADES SIX,0.636,0.0458,0.3182
SPADES SEVEN CLUBS THREE,0.6478,0.1178,0.2344
SPADES EIGHT CLUBS THREE,0.6488,0.0416,0.3096
SPADES TWO DIAMONDS FOUR,0.6398,0.038,0.3222
SPADES THREE DIAMONDS FOUR,0.6308,0.038,0.3312
SPADES FOUR DIAMONDS FOUR,0.4378,0.0702,0.492
SPADES FIVE DIAMONDS FOUR,0.6124,0.0394,0.3482
SPADES SIX DIAMONDS FOUR,0.6258,0.0434,0.3308
SPADES SEVEN DIAMONDS FOUR,0.6684,0.1134,0.2182
SPADES EIGHT DIAMONDS FOUR,0.637,0.0448,0.3182
CLUBS FIVE DIAMONDS FOUR,0.597,0.0432,0.3598
CLUBS FOUR DIAMONDS FOUR,0.4284,0.0656,0.506
CLUBS SEVEN DIAMONDS FOUR,0.6648,0.1128,0.2224
CLUBS SIX DIAMONDS FOUR,0.6276,0.0382,0.3342
CLUBS NINE DIAMONDS FOUR,0.4832,0.3006,0.2162
CLUBS EIGHT DIAMONDS FOUR,0.6288,0.0372,0.334
HEARTS SEVEN DIAMONDS FOUR,0.648,0.1174,0.2346
HEARTS SIX DIAMONDS FOUR,0.6278,0.0384,0.3338
DIAMONDS FOUR HEARTS NINE,0.4818,0.2994,0.2188
DIAMONDS FOUR HEARTS EIGHT,0.6208,0.0432,0.336
CLUBS THREE DIAMONDS FOUR,0.6098,0.0452,0.345
CLUBS TWO DIAMONDS FOUR,0.6304,0.042,0.3276
DIAMONDS TEN DIAMONDS FIVE,0.402,0.0234,0.5746
DIAMONDS JACK DIAMONDS FIVE,0.3956,0.0164,0.588
DIAMONDS NINE HEARTS QUEEN,0.2378,0.045,0.7172
DIAMONDS NINE HEARTS KING,0.267,0.032,0.701
HEARTS ACE DIAMONDS NINE,0.2726,0.0214,0.706
DIAMONDS NINE HEARTS TEN,0.2306,0.0744,0.695
DIAMONDS NINE HEARTS JACK,0.2504,0.0548,0.6948
CLUBS KING DIAMONDS SIX,0.4218,0.0064,0.5718
CLUBS QUEEN DIAMONDS SIX,0.419,0.0108,0.5702
CLUBS ACE DIAMONDS SIX,0.4314,0.0034,0.5652
SPADES KING DIAMONDS FOUR,0.4256,0.0078,0.5666
SPADES ACE SPADES SEVEN,0.265,0.022,0.713
SPADES QUEEN DIAMONDS FOUR,0.421,0.0122,0.5668
SPADES QUEEN SPADES SEVEN,0.265,0.0394,0.6956
CLUBS JACK DIAMONDS SIX,0.4248,0.021,0.5542
SPADES KING SPADES SEVEN,0.2754,0.0282,0.6964
SPADES ACE DIAMONDS FOUR,0.4254,0.0064,0.5682
CLUBS TEN DIAMONDS SIX,0.42,0.0272,0.5528
CLUBS NINE CLUBS FOUR,0.4316,0.2874,0.281
CLUBS EIGHT CLUBS FOUR,0.59,0.0382,0.3718
SPADES JACK DIAMONDS FOUR,0.4354,0.0184,0.5462
SPADES TEN DIAMONDS FOUR,0.4262,0.0274,0.5464
CLUBS FIVE CLUBS FOUR,0.5684,0.042,0.3896
CLUBS SEVEN CLUBS FOUR,0.6144,0.1036,0.282
CLUBS SIX CLUBS FOUR,0.5766,0.0432,0.3802
CLUBS SEVEN SPADES EIGHT,0.6604,0.1022,0.2374
CLUBS SEVEN SPADES SIX,0.6306,0.1014,0.268
CLUBS SEVEN SPADES SEVEN,0.3166,0.058,0.6254
CLUBS SEVEN SPADES FIVE,0.6388,0.1174,0.2438
CLUBS SEVEN SPADES FOUR,0.6638,0.1086,0.2276
CLUBS SEVEN SPADES THREE,0.6596,0.1038,0.2366
CLUBS SEVEN SPADES TWO,0.68,0.1064,0.2136
CLUBS NINE CLUBS SEVEN,0.0244,0.9078,0.0678
CLUBS SEVEN CLUBS EIGHT,0.6156,0.0914,0.293
HEARTS SIX DIAMONDS FIVE,0.6086,0.0432,0.3482
HEARTS SEVEN DIAMONDS FIVE,0.6358,0.1068,0.2574
DIAMONDS FIVE HEARTS EIGHT,0.6058,0.043,0.3512
DIAMONDS FIVE HEARTS NINE,0.4884,0.2992,0.2124
DIAMONDS QUEEN DIAMONDS FIVE,0.3908,0.0132,0.596
HEARTS TWO DIAMONDS FIVE,0.6382,0.0398,0.322
HEARTS KING HEARTS EIGHT,0.3618,0.0064,0.6318
DIAMONDS KING DIAMONDS FIVE,0.4006,0.0104,0.589
HEARTS THREE DIAMONDS FIVE,0.6064,0.0418,0.3518
HEARTS QUEEN HEARTS EIGHT,0.362,0.0134,0.6246
DIAMONDS ACE DIAMONDS FIVE,0.3836,0.005,0.6114
HEARTS FOUR DIAMONDS FIVE,0.5932,0.0422,0.3646
HEARTS FIVE DIAMONDS FIVE,0.4206,0.07,0.5094
HEARTS ACE HEARTS EIGHT,0.358,0.003,0.639
CLUBS FOUR DIAMONDS FIVE,0.6106,0.0378,0.3516
CLUBS FIVE DIAMONDS FIVE,0.4118,0.067,0.5212
CLUBS SIX DIAMONDS FIVE,0.6158,0.0388,0.3454
CLUBS SEVEN DIAMONDS FIVE,0.6434,0.106,0.2506
CLUBS TWO DIAMONDS FIVE,0.6354,0.0396,0.325
CLUBS THREE DIAMONDS FIVE,0.623,0.0422,0.3348
SPADES THREE DIAMONDS FIVE,0.6298,0.0456,0.3246
SPADES TWO DIAMONDS FIVE,0.6416,0.0422,0.3162
SPADES JACK DIAMONDS EIGHT,0.3652,0.0158,0.619
SPADES FIVE DIAMONDS FIVE,0.4182,0.0684,0.5134
CLUBS TEN HEARTS JACK,0.3452,0.0124,0.6424
SPADES TEN DIAMONDS EIGHT,0.3536,0.0242,0.6222
SPADES FOUR DIAMONDS FIVE,0.614,0.0388,0.3472
HEARTS JACK CLUBS JACK,0.1828,0.0348,0.7824
HEARTS JACK CLUBS QUEEN,0.3442,0.0098,0.646
CLUBS NINE DIAMONDS FIVE,0.4856,0.296,0.2184
CLUBS KING HEARTS JACK,0.3606,0.0068,0.6326
CLUBS EIGHT DIAMONDS FIVE,0.6144,0.0392,0.3464
CLUBS ACE HEARTS JACK,0.3666,0.0028,0.6306
SPADES SEVEN DIAMONDS FIVE,0.645,0.1082,0.2468
SPADES KING DIAMONDS EIGHT,0.3812,0.0078,0.611
SPADES SIX DIAMONDS FIVE,0.6178,0.043,0.3392
SPADES QUEEN DIAMONDS EIGHT,0.366,0.0106,0.6234
SPADES EIGHT DIAMONDS FIVE,0.6156,0.0384,0.346
SPADES ACE DIAMONDS EIGHT,0.3806,0.0046,0.6148
DIAMONDS TEN DIAMONDS SIX,0.3934,0.025,0.5816
DIAMONDS JACK DIAMONDS SIX,0.4164,0.015,0.5686
DIAMONDS ACE DIAMONDS SIX,0.3948,0.0054,0.5998
HEARTS FOUR DIAMONDS SIX,0.6274,0.0412,0.3314
SPADES TWO HEARTS JACK,0.4368,0.0186,0.5446
HEARTS FIVE DIAMONDS SIX,0.6006,0.0352,0.3642
SPADES TWO HEARTS TEN,0.4312,0.0262,0.5426
DIAMONDS QUEEN DIAMONDS SIX,0.393,0.0104,0.5966
HEARTS TWO DIAMONDS SIX,0.643,0.039,0.318
DIAMONDS KING DIAMONDS SIX,0.3936,0.0078,0.5986
HEARTS THREE DIAMONDS SIX,0.6362,0.0448,0.319
HEARTS EIGHT DIAMONDS SIX,0.6108,0.0342,0.355
HEARTS NINE DIAMONDS SIX,0.4858,0.3006,0.2136
HEARTS SIX DIAMONDS SIX,0.413,0.0638,0.5232
HEARTS SEVEN DIAMONDS SIX,0.6368,0.1108,0.2524
CLUBS TWO DIAMONDS SIX,0.6424,0.0384,0.3192
CLUBS THREE DIAMONDS SIX,0.635,0.0432,0.3218
CLUBS SEVEN DIAMONDS SIX,0.6492,0.102,0.2488
DIAMONDS EIGHT CLUBS JACK,0.3536,0.0128,0.6336
CLUBS SIX DIAMONDS SIX,0.4022,0.0612,0.5366
CLUBS TEN DIAMONDS EIGHT,0.3484,0.0248,0.6268
CLUBS FIVE DIAMONDS SIX,0.6034,0.04,0.3566
CLUBS FOUR DIAMONDS SIX,0.6172,0.045,0.3378
HEARTS ACE HEARTS JACK,0.3298,0.004,0.6662
CLUBS ACE DIAMONDS EIGHT,0.3878,0.0032,0.609
HEARTS QUEEN HEARTS JACK,0.3326,0.0112,0.6562
CLUBS KING DIAMONDS EIGHT,0.3976,0.0074,0.595
CLUBS NINE DIAMONDS SIX,0.4766,0.3006,0.2228
HEARTS KING HEARTS JACK,0.3292,0.0068,0.664
CLUBS QUEEN DIAMONDS EIGHT,0.3824,0.01,0.6076
CLUBS EIGHT DIAMONDS SIX,0.6026,0.0384,0.359
SPADES TEN HEARTS KING,0.348,0.007,0.645
SPADES FIVE DIAMONDS SIX,0.6092,0.043,0.3478
HEARTS ACE SPADES TWO,0.4336,0.0042,0.5622
SPADES JACK HEARTS KING,0.361,0.0082,0.6308
SPADES FOUR DIAMONDS SIX,0.6204,0.046,0.3336
SPADES THREE DIAMONDS SIX,0.6468,0.0388,0.3144
HEARTS QUEEN SPADES TWO,0.4424,0.0104,0.5472
SPADES ACE SPADES KING,0.3416,0.0048,0.6536
SPADES TWO HEARTS KING,0.4306,0.01,0.5594
SPADES TWO DIAMONDS SIX,0.6442,0.0376,0.3182
HEARTS TEN HEARTS EIGHT,0.328,0.0236,0.6484
HEARTS JACK HEARTS EIGHT,0.3576,0.0144,0.628
SPADES EIGHT DIAMONDS SIX,0.618,0.0384,0.3436
SPADES SEVEN DIAMONDS SIX,0.6372,0.1156,0.2472
SPADES SIX DIAMONDS SIX,0.4238,0.0588,0.5174
SPADES KING HEARTS KING,0.1772,0.0118,0.811
SPADES QUEEN HEARTS KING,0.3426,0.007,0.6504
CLUBS ACE CLUBS KING,0.3288,0.004,0.6672
SPADES ACE HEARTS KING,0.358,0.0042,0.6378
SPADES ACE HEARTS JACK,0.3662,0.0042,0.6296
SPADES QUEEN HEARTS JACK,0.3456,0.0082,0.6462
SPADES KING HEARTS JACK,0.3522,0.008,0.6398
SPADES TEN DIAMONDS TEN,0.1576,0.0422,0.8002
SPADES JACK DIAMONDS TEN,0.3302,0.0142,0.6556
SPADES ACE DIAMONDS TEN,0.3386,0.0042,0.6572
SPADES JACK HEARTS JACK,0.1766,0.0326,0.7908
SPADES TEN HEARTS JACK,0.3328,0.0142,0.653
SPADES QUEEN DIAMONDS TEN,0.3356,0.012,0.6524
SPADES KING DIAMONDS TEN,0.3492,0.0084,0.6424
HEARTS KING DIAMONDS FIVE,0.4344,0.0074,0.5582
HEARTS QUEEN DIAMONDS FIVE,0.4208,0.0124,0.5668
HEARTS ACE DIAMONDS FIVE,0.416,0.0048,0.5792
DIAMONDS FIVE HEARTS JACK,0.422,0.0166,0.5614
HEARTS TEN DIAMONDS FIVE,0.4186,0.0262,0.5552
SPADES KING CLUBS TWO,0.4282,0.0066,0.5652
HEARTS KING CLUBS KING,0.1922,0.0104,0.7974
SPADES QUEEN CLUBS TWO,0.4448,0.0108,0.5444
HEARTS KING CLUBS QUEEN,0.3592,0.0042,0.6366
SPADES TWO CLUBS JACK,0.4396,0.0154,0.545
SPADES ACE CLUBS TWO,0.4372,0.0046,0.5582
CLUBS TEN SPADES TWO,0.4402,0.0276,0.5322
HEARTS KING CLUBS ACE,0.3754,0.0032,0.6214
CLUBS SEVEN CLUBS SIX,0.5994,0.1008,0.2998
SPADES TWO CLUBS KING,0.4442,0.007,0.5488
CLUBS EIGHT CLUBS SIX,0.5586,0.038,0.4034
SPADES TWO CLUBS QUEEN,0.46,0.012,0.528
CLUBS NINE CLUBS SIX,0.448,0.2744,0.2776
HEARTS KING CLUBS JACK,0.3616,0.0056,0.6328
SPADES TWO CLUBS ACE,0.4304,0.0052,0.5644
CLUBS TEN HEARTS KING,0.363,0.0068,0.6302
CLUBS SIX SPADES TWO,0.6592,0.0396,0.3012
CLUBS SIX SPADES THREE,0.6256,0.0454,0.329
CLUBS SIX SPADES FOUR,0.6342,0.0376,0.3282
CLUBS SIX SPADES FIVE,0.611,0.043,0.346
CLUBS SIX SPADES SIX,0.3964,0.0662,0.5374
CLUBS SIX SPADES SEVEN,0.639,0.1164,0.2446
SPADES EIGHT CLUBS SIX,0.6162,0.0396,0.3442
SPADES JACK CLUBS TWO,0.434,0.0166,0.5494
SPADES TEN CLUBS TWO,0.4278,0.0274,0.5448
CLUBS TWO CLUBS QUEEN,0.4038,0.014,0.5822
CLUBS TWO CLUBS KING,0.402,0.0054,0.5926
CLUBS THREE DIAMONDS EIGHT,0.648,0.0408,0.3112
CLUBS TWO CLUBS ACE,0.381,0.0034,0.6156
CLUBS TWO DIAMONDS EIGHT,0.6416,0.0364,0.322
HEARTS SEVEN DIAMONDS EIGHT,0.6442,0.1008,0.255
HEARTS SIX DIAMONDS EIGHT,0.603,0.036,0.361
DIAMONDS EIGHT HEARTS NINE,0.213,0.2294,0.5576
CLUBS TEN CLUBS TWO,0.3988,0.0264,0.5748
HEARTS EIGHT DIAMONDS EIGHT,0.2776,0.0558,0.6666
CLUBS TWO CLUBS JACK,0.4194,0.0202,0.5604
CLUBS NINE DIAMONDS EIGHT,0.2296,0.2228,0.5476
CLUBS EIGHT DIAMONDS EIGHT,0.2644,0.0604,0.6752
CLUBS FIVE DIAMONDS EIGHT,0.6024,0.0414,0.3562
SPADES ACE SPADES THREE,0.3942,0.005,0.6008
CLUBS FOUR DIAMONDS EIGHT,0.6116,0.0386,0.3498
CLUBS SEVEN DIAMONDS EIGHT,0.6476,0.101,0.2514
SPADES QUEEN SPADES THREE,0.4082,0.0126,0.5792
CLUBS SIX DIAMONDS EIGHT,0.6024,0.0444,0.3532
SPADES KING SPADES THREE,0.4136,0.0068,0.5796
DIAMONDS QUEEN DIAMONDS EIGHT,0.3636,0.011,0.6254
HEARTS TWO DIAMONDS EIGHT,0.6278,0.0448,0.3274
DIAMONDS KING DIAMONDS EIGHT,0.373,0.0066,0.6204
HEARTS THREE DIAMONDS EIGHT,0.6338,0.0402,0.326
DIAMONDS ACE DIAMONDS EIGHT,0.3684,0.0046,0.627
HEARTS FOUR DIAMONDS EIGHT,0.6132,0.041,0.3458
HEARTS FIVE DIAMONDS EIGHT,0.6032,0.0376,0.3592
DIAMONDS TEN DIAMONDS EIGHT,0.3478,0.0228,0.6294
DIAMONDS JACK DIAMONDS EIGHT,0.3618,0.0176,0.6206
SPADES JACK SPADES THREE,0.4274,0.0184,0.5542
SPADES TEN SPADES THREE,0.4138,0.0276,0.5586
CLUBS FOUR HEARTS ACE,0.4098,0.003,0.5872
CLUBS FOUR HEARTS QUEEN,0.435,0.012,0.553
CLUBS FOUR HEARTS KING,0.425,0.0072,0.5678
CLUBS SIX HEARTS TEN,0.4044,0.0286,0.567
CLUBS SIX HEARTS JACK,0.4118,0.0164,0.5718
SPADES FOUR DIAMONDS EIGHT,0.635,0.042,0.323
SPADES FIVE DIAMONDS EIGHT,0.6086,0.0484,0.343
SPADES TWO DIAMONDS EIGHT,0.6292,0.0422,0.3286
SPADES THREE DIAMONDS EIGHT,0.6416,0.0434,0.315
CLUBS FOUR HEARTS JACK,0.4278,0.0162,0.556
SPADES EIGHT DIAMONDS EIGHT,0.282,0.0682,0.6498
SPADES TEN DIAMONDS QUEEN,0.34,0.012,0.648
SPADES TEN HEARTS TWO,0.4372,0.0278,0.535
SPADES JACK HEARTS EIGHT,0.3758,0.0174,0.6068
CLUBS FOUR HEARTS TEN,0.423,0.027,0.55
SPADES TEN HEARTS EIGHT,0.3496,0.0232,0.6272
SPADES JACK HEARTS TWO,0.4278,0.016,0.5562
SPADES JACK DIAMONDS QUEEN,0.3244,0.0094,0.6662
SPADES SIX DIAMONDS EIGHT,0.6178,0.0372,0.345
SPADES SEVEN DIAMONDS EIGHT,0.6554,0.1038,0.2408
SPADES ACE HEARTS TWO,0.4248,0.005,0.5702
SPADES ACE DIAMONDS QUEEN,0.3306,0.0046,0.6648
SPADES ACE HEARTS EIGHT,0.3806,0.003,0.6164
SPADES KING HEARTS EIGHT,0.3968,0.0068,0.5964
SPADES QUEEN HEARTS TWO,0.435,0.0124,0.5526
SPADES QUEEN DIAMONDS QUEEN,0.1698,0.0236,0.8066
SPADES KING DIAMONDS QUEEN,0.3514,0.0082,0.6404
SPADES KING HEARTS TWO,0.4302,0.0084,0.5614
SPADES QUEEN HEARTS EIGHT,0.3662,0.0114,0.6224
CLUBS TWO HEARTS TEN,0.4338,0.026,0.5402
CLUBS TWO HEARTS JACK,0.4316,0.0192,0.5492
SPADES SEVEN DIAMONDS NINE,0.0064,0.9854,0.0082
SPADES SIX DIAMONDS NINE,0.4784,0.3028,0.2188
SPADES EIGHT DIAMONDS NINE,0.213,0.2296,0.5574
SPADES TEN CLUBS KING,0.3636,0.0078,0.6286
DIAMONDS NINE SPADES THREE,0.4854,0.2964,0.2182
SPADES JACK CLUBS KING,0.3638,0.007,0.6292
DIAMONDS NINE SPADES TWO,0.4746,0.312,0.2134
SPADES FIVE DIAMONDS NINE,0.4852,0.292,0.2228
SPADES FOUR DIAMONDS NINE,0.4914,0.3,0.2086
CLUBS NINE DIAMONDS NINE,0.1246,0.0716,0.8038
CLUBS EIGHT DIAMONDS NINE,0.2264,0.2236,0.55
CLUBS SIX DIAMONDS NINE,0.494,0.2868,0.2192
SPADES JACK CLUBS FOUR,0.4272,0.0178,0.555
CLUBS SEVEN DIAMONDS NINE,0.0138,0.9656,0.0206
SPADES TEN CLUBS FOUR,0.426,0.0258,0.5482
CLUBS FOUR DIAMONDS NINE,0.4874,0.285,0.2276
CLUBS FIVE DIAMONDS NINE,0.486,0.2846,0.2294
CLUBS TWO DIAMONDS NINE,0.4812,0.298,0.2208
CLUBS THREE DIAMONDS NINE,0.4918,0.2918,0.2164
DIAMONDS NINE HEARTS EIGHT,0.2092,0.2406,0.5502
DIAMONDS NINE HEARTS NINE,0.11,0.0682,0.8218
HEARTS SIX DIAMONDS NINE,0.468,0.3022,0.2298
HEARTS SEVEN DIAMONDS NINE,0.0086,0.971,0.0204
CLUBS NINE CLUBS EIGHT,0.2218,0.2052,0.573
DIAMONDS ACE DIAMONDS NINE,0.259,0.0234,0.7176
HEARTS FOUR DIAMONDS NINE,0.481,0.3098,0.2092
HEARTS FIVE DIAMONDS NINE,0.4718,0.3048,0.2234
HEARTS ACE CLUBS TWO,0.4212,0.0044,0.5744
SPADES ACE CLUBS FOUR,0.4102,0.004,0.5858
DIAMONDS NINE DIAMONDS QUEEN,0.2402,0.0412,0.7186
HEARTS TWO DIAMONDS NINE,0.488,0.284,0.228
CLUBS TWO HEARTS KING,0.4382,0.0084,0.5534
SPADES KING CLUBS FOUR,0.4304,0.006,0.5636
DIAMONDS KING DIAMONDS NINE,0.2526,0.0322,0.7152
HEARTS THREE DIAMONDS NINE,0.4818,0.2944,0.2238
CLUBS TWO HEARTS QUEEN,0.4412,0.009,0.5498
SPADES QUEEN CLUBS FOUR,0.4324,0.01,0.5576
DIAMONDS NINE DIAMONDS JACK,0.2422,0.0524,0.7054
DIAMONDS TEN DIAMONDS NINE,0.232,0.0826,0.6854
CLUBS EIGHT SPADES EIGHT,0.2794,0.0686,0.652
CLUBS EIGHT SPADES SEVEN,0.6524,0.1002,0.2474
CLUBS EIGHT SPADES SIX,0.6084,0.0386,0.353
CLUBS EIGHT SPADES FIVE,0.6024,0.0442,0.3534
CLUBS EIGHT SPADES FOUR,0.6322,0.0354,0.3324
CLUBS EIGHT SPADES THREE,0.6428,0.038,0.3192
CLUBS EIGHT SPADES TWO,0.6434,0.0404,0.3162
HEARTS SIX DIAMONDS TEN,0.4114,0.029,0.5596
HEARTS SEVEN DIAMONDS TEN,0.2508,0.0734,0.6758
DIAMONDS TEN HEARTS EIGHT,0.3582,0.0286,0.6132
CLUBS FOUR CLUBS JACK,0.4066,0.016,0.5774
DIAMONDS TEN HEARTS NINE,0.2352,0.0778,0.687
CLUBS TEN CLUBS FOUR,0.4022,0.0264,0.5714
CLUBS FOUR CLUBS KING,0.4008,0.0056,0.5936
CLUBS FOUR CLUBS QUEEN,0.3944,0.0106,0.595
DIAMONDS TEN CLUBS TWO,0.4294,0.0244,0.5462
CLUBS THREE DIAMONDS TEN,0.4264,0.0232,0.5504
CLUBS FOUR CLUBS ACE,0.3982,0.0026,0.5992
DIAMONDS TEN DIAMONDS JACK,0.3118,0.0112,0.677
DIAMONDS TEN DIAMONDS QUEEN,0.3328,0.0086,0.6586
HEARTS TWO DIAMONDS TEN,0.4266,0.029,0.5444
DIAMONDS KING DIAMONDS TEN,0.337,0.0056,0.6574
HEARTS THREE DIAMONDS TEN,0.4228,0.0216,0.5556
DIAMONDS ACE DIAMONDS TEN,0.3472,0.0042,0.6486
HEARTS FOUR DIAMONDS TEN,0.4202,0.0266,0.5532
CLUBS EIGHT HEARTS JACK,0.3736,0.0158,0.6106
HEARTS FIVE DIAMONDS TEN,0.4136,0.0272,0.5592
CLUBS EIGHT HEARTS TEN,0.3634,0.0232,0.6134
CLUBS EIGHT HEARTS QUEEN,0.3908,0.0104,0.5988
CLUBS EIGHT HEARTS KING,0.3858,0.0076,0.6066
CLUBS EIGHT HEARTS ACE,0.3938,0.0022,0.604
CLUBS NINE SPADES THREE,0.4936,0.2898,0.2166
CLUBS NINE SPADES TWO,0.492,0.2932,0.2148
CLUBS NINE SPADES FIVE,0.4814,0.3018,0.2168
CLUBS NINE SPADES FOUR,0.4856,0.3034,0.211
CLUBS NINE SPADES SEVEN,0.0158,0.9718,0.0124
CLUBS NINE SPADES SIX,0.4752,0.305,0.2198
CLUBS TEN HEARTS EIGHT,0.3556,0.0232,0.6212
CLUBS NINE SPADES EIGHT,0.235,0.2312,0.5338
HEARTS EIGHT CLUBS JACK,0.3726,0.0164,0.611
CLUBS QUEEN HEARTS EIGHT,0.3802,0.0104,0.6094
CLUBS KING HEARTS EIGHT,0.387,0.0064,0.6066
CLUBS ACE HEARTS EIGHT,0.3824,0.0044,0.6132
SPADES KING CLUBS KING,0.1716,0.0078,0.8206
SPADES QUEEN CLUBS KING,0.3542,0.0058,0.64
SPADES ACE CLUBS KING,0.3614,0.006,0.6326
DIAMONDS ACE HEARTS TEN,0.3426,0.0032,0.6542
HEARTS FOUR HEARTS TEN,0.404,0.0224,0.5736
DIAMONDS ACE HEARTS JACK,0.357,0.0044,0.6386
HEARTS FOUR HEARTS JACK,0.4114,0.0148,0.5738
SPADES KING CLUBS FIVE,0.4204,0.0068,0.5728
SPADES QUEEN CLUBS FIVE,0.4208,0.0134,0.5658
SPADES ACE CLUBS FIVE,0.4006,0.0048,0.5946
HEARTS SEVEN DIAMONDS JACK,0.2628,0.0558,0.6814
HEARTS SIX DIAMONDS JACK,0.4234,0.017,0.5596
DIAMONDS JACK HEARTS NINE,0.2472,0.0624,0.6904
DIAMONDS JACK HEARTS EIGHT,0.3572,0.0184,0.6244
DIAMONDS KING DIAMONDS JACK,0.3434,0.0066,0.65
HEARTS THREE DIAMONDS JACK,0.4362,0.0152,0.5486
SPADES ACE SPADES SIX,0.399,0.0044,0.5966
HEARTS ACE SPADES FOUR,0.4254,0.0042,0.5704
DIAMONDS QUEEN DIAMONDS JACK,0.3274,0.0092,0.6634
HEARTS TWO DIAMONDS JACK,0.441,0.0172,0.5418
HEARTS FIVE DIAMONDS JACK,0.4196,0.018,0.5624
SPADES QUEEN SPADES SIX,0.4038,0.0106,0.5856
SPADES FOUR HEARTS QUEEN,0.4314,0.0114,0.5572
DIAMONDS ACE DIAMONDS JACK,0.3386,0.0036,0.6578
HEARTS FOUR DIAMONDS JACK,0.4366,0.0154,0.548
SPADES KING SPADES SIX,0.3962,0.009,0.5948
SPADES FOUR HEARTS KING,0.4408,0.0108,0.5484
SPADES TEN SPADES SIX,0.403,0.0252,0.5718
SPADES JACK SPADES SIX,0.4058,0.0154,0.5788
SPADES FOUR DIAMONDS JACK,0.412,0.0162,0.5718
SPADES FIVE DIAMONDS JACK,0.4094,0.018,0.5726
SPADES TWO DIAMONDS JACK,0.4378,0.022,0.5402
SPADES THREE DIAMONDS JACK,0.4382,0.0204,0.5414
SPADES ACE DIAMONDS THREE,0.4298,0.0042,0.566
SPADES QUEEN DIAMONDS THREE,0.443,0.0128,0.5442
CLUBS EIGHT DIAMONDS JACK,0.372,0.0166,0.6114
SPADES KING DIAMONDS THREE,0.4334,0.0094,0.5572
CLUBS NINE DIAMONDS JACK,0.2586,0.061,0.6804
CLUBS SIX DIAMONDS JACK,0.4144,0.0214,0.5642
CLUBS SEVEN DIAMONDS JACK,0.262,0.0512,0.6868
CLUBS FOUR DIAMONDS JACK,0.4356,0.0148,0.5496
CLUBS FIVE DIAMONDS JACK,0.4194,0.0154,0.5652
CLUBS TWO DIAMONDS JACK,0.423,0.0152,0.5618
CLUBS THREE DIAMONDS JACK,0.4154,0.019,0.5656
SPADES TEN CLUBS FIVE,0.4038,0.0266,0.5696
SPADES JACK HEARTS SIX,0.4138,0.0162,0.57
HEARTS SIX SPADES TEN,0.4122,0.0272,0.5606
SPADES JACK CLUBS FIVE,0.4116,0.0194,0.569
SPADES JACK DIAMONDS THREE,0.4276,0.0182,0.5542
CLUBS SEVEN CLUBS ACE,0.2548,0.0192,0.726
DIAMONDS THREE SPADES TEN,0.4296,0.0308,0.5396
CLUBS SEVEN CLUBS QUEEN,0.2662,0.0402,0.6936
CLUBS SEVEN CLUBS KING,0.259,0.0306,0.7104
CLUBS TEN CLUBS SEVEN,0.2364,0.0676,0.696
DIAMONDS ACE HEARTS ACE,0.159,0.003,0.838
HEARTS FOUR HEARTS ACE,0.3902,0.005,0.6048
SPADES EIGHT DIAMONDS JACK,0.3656,0.0152,0.6192
SPADES ACE HEARTS SIX,0.4176,0.0056,0.5768
CLUBS SEVEN CLUBS JACK,0.2604,0.0528,0.6868
DIAMONDS ACE HEARTS KING,0.3484,0.0036,0.648
HEARTS FOUR HEARTS KING,0.4046,0.0082,0.5872
SPADES SEVEN DIAMONDS JACK,0.2738,0.0576,0.6686
SPADES KING HEARTS SIX,0.4206,0.005,0.5744
DIAMONDS ACE HEARTS QUEEN,0.3678,0.0036,0.6286
HEARTS FOUR HEARTS QUEEN,0.411,0.0118,0.5772
SPADES SIX DIAMONDS JACK,0.418,0.018,0.564
SPADES QUEEN HEARTS SIX,0.4124,0.0118,0.5758
DIAMONDS TEN SPADES TWO,0.429,0.0334,0.5376
DIAMONDS TEN SPADES THREE,0.4282,0.0246,0.5472
DIAMONDS TEN SPADES FOUR,0.4232,0.0266,0.5502
SPADES FIVE DIAMONDS TEN,0.4258,0.0338,0.5404
SPADES SIX DIAMONDS TEN,0.4062,0.0248,0.569
SPADES SEVEN DIAMONDS TEN,0.2456,0.0766,0.6778
SPADES EIGHT DIAMONDS TEN,0.3464,0.0238,0.6298
CLUBS FOUR DIAMONDS TEN,0.43,0.0256,0.5444
CLUBS FIVE DIAMONDS TEN,0.4086,0.0278,0.5636
CLUBS SIX DIAMONDS TEN,0.401,0.026,0.573
CLUBS SEVEN DIAMONDS TEN,0.24,0.0796,0.6804
CLUBS EIGHT DIAMONDS TEN,0.357,0.026,0.617
CLUBS NINE DIAMONDS TEN,0.2314,0.0778,0.6908
DIAMONDS THREE CLUBS JACK,0.4296,0.0174,0.553
CLUBS TEN DIAMONDS THREE,0.4328,0.0236,0.5436
DIAMONDS THREE CLUBS KING,0.4262,0.0074,0.5664
DIAMONDS THREE CLUBS QUEEN,0.442,0.012,0.546
DIAMONDS THREE CLUBS ACE,0.4222,0.0048,0.573
SPADES FOUR HEARTS JACK,0.443,0.0156,0.5414
SPADES FOUR HEARTS TEN,0.438,0.0282,0.5338
SPADES FIVE SPADES TWO,0.5946,0.0424,0.363
SPADES FOUR SPADES TWO,0.6062,0.0418,0.352
SPADES THREE SPADES TWO,0.5926,0.043,0.3644
SPADES EIGHT SPADES TWO,0.5942,0.0414,0.3644
SPADES SEVEN SPADES TWO,0.6414,0.1064,0.2522
SPADES SIX SPADES TWO,0.626,0.038,0.336
CLUBS THREE DIAMONDS QUEEN,0.423,0.0126,0.5644
CLUBS THREE HEARTS TWO,0.6196,0.0468,0.3336
CLUBS TWO DIAMONDS QUEEN,0.4318,0.0118,0.5564
HEARTS TWO CLUBS TWO,0.43,0.0694,0.5006
HEARTS SEVEN DIAMONDS QUEEN,0.2754,0.0444,0.6802
HEARTS SEVEN HEARTS TWO,0.6312,0.1072,0.2616
HEARTS SIX DIAMONDS QUEEN,0.418,0.0078,0.5742
HEARTS SIX HEARTS TWO,0.5996,0.0406,0.3598
DIAMONDS QUEEN HEARTS NINE,0.2468,0.0454,0.7078
HEARTS TWO HEARTS NINE,0.4722,0.2706,0.2572
DIAMONDS QUEEN HEARTS EIGHT,0.381,0.0104,0.6086
HEARTS TWO HEARTS EIGHT,0.5912,0.0396,0.3692
CLUBS NINE HEARTS TWO,0.4888,0.2876,0.2236
CLUBS NINE DIAMONDS QUEEN,0.2622,0.0432,0.6946
CLUBS EIGHT HEARTS TWO,0.641,0.0412,0.3178
CLUBS EIGHT DIAMONDS QUEEN,0.3636,0.0108,0.6256
CLUBS FIVE DIAMONDS QUEEN,0.429,0.0116,0.5594
CLUBS FIVE HEARTS TWO,0.6254,0.048,0.3266
SPADES EIGHT HEARTS ACE,0.3826,0.0024,0.615
CLUBS FOUR DIAMONDS QUEEN,0.4354,0.0116,0.553
CLUBS FOUR HEARTS TWO,0.6192,0.0418,0.339
CLUBS SEVEN DIAMONDS QUEEN,0.281,0.0368,0.6822
CLUBS SEVEN HEARTS TWO,0.6522,0.1116,0.2362
SPADES EIGHT HEARTS QUEEN,0.3874,0.0096,0.603
CLUBS SIX DIAMONDS QUEEN,0.422,0.0104,0.5676
CLUBS SIX HEARTS TWO,0.639,0.0434,0.3176
SPADES EIGHT HEARTS KING,0.386,0.007,0.607
SPADES SIX DIAMONDS QUEEN,0.4156,0.0132,0.5712
SPADES SIX HEARTS TWO,0.6564,0.048,0.2956
HEARTS FOUR CLUBS QUEEN,0.4226,0.0104,0.567
DIAMONDS ACE CLUBS QUEEN,0.3508,0.0038,0.6454
SPADES SEVEN DIAMONDS QUEEN,0.2804,0.0388,0.6808
SPADES SEVEN HEARTS TWO,0.6742,0.1192,0.2066
HEARTS FOUR CLUBS KING,0.4252,0.0064,0.5684
DIAMONDS ACE CLUBS KING,0.3698,0.0032,0.627
SPADES EIGHT DIAMONDS QUEEN,0.383,0.013,0.604
SPADES EIGHT HEARTS TWO,0.6438,0.0422,0.314
HEARTS FOUR CLUBS ACE,0.4234,0.0032,0.5734
DIAMONDS ACE CLUBS ACE,0.1666,0.0036,0.8298
HEARTS TWO SPADES TWO,0.4356,0.0744,0.49
DIAMONDS QUEEN SPADES TWO,0.434,0.0142,0.5518
HEARTS TWO SPADES THREE,0.629,0.0444,0.3266
SPADES THREE DIAMONDS QUEEN,0.4322,0.0114,0.5564
HEARTS TWO SPADES FOUR,0.6358,0.0412,0.323
SPADES FOUR DIAMONDS QUEEN,0.4404,0.0098,0.5498
CLUBS TEN HEARTS FOUR,0.4264,0.0272,0.5464
CLUBS TEN DIAMONDS ACE,0.3534,0.0032,0.6434
HEARTS TWO SPADES FIVE,0.6448,0.0454,0.3098
SPADES FIVE DIAMONDS QUEEN,0.4228,0.0128,0.5644
HEARTS FOUR CLUBS JACK,0.4214,0.0174,0.5612
DIAMONDS ACE CLUBS JACK,0.3644,0.004,0.6316
CLUBS FIVE CLUBS KING,0.3972,0.0074,0.5954
CLUBS FIVE CLUBS QUEEN,0.3924,0.0128,0.5948
CLUBS FIVE CLUBS ACE,0.3852,0.0032,0.6116
CLUBS FIVE CLUBS JACK,0.3916,0.0202,0.5882
CLUBS TEN CLUBS FIVE,0.3908,0.027,0.5822
SPADES KING CLUBS JACK,0.3636,0.0048,0.6316
SPADES QUEEN CLUBS JACK,0.342,0.0118,0.6462
SPADES ACE CLUBS JACK,0.3374,0.0028,0.6598
SPADES SIX CLUBS KING,0.4354,0.0056,0.559
SPADES SIX CLUBS QUEEN,0.4172,0.0122,0.5706
SPADES EIGHT HEARTS JACK,0.369,0.0202,0.6108
SPADES SIX CLUBS ACE,0.4178,0.0032,0.579
SPADES EIGHT HEARTS TEN,0.3598,0.0226,0.6176
SPADES SIX CLUBS JACK,0.4204,0.0176,0.562
CLUBS TEN SPADES SIX,0.412,0.0206,0.5674
SPADES TEN CLUBS JACK,0.3386,0.012,0.6494
SPADES JACK CLUBS JACK,0.1708,0.0294,0.7998
SPADES QUEEN CLUBS SEVEN,0.295,0.0418,0.6632
SPADES KING CLUBS SEVEN,0.2772,0.0356,0.6872
SPADES ACE CLUBS SEVEN,0.2722,0.0222,0.7056
SPADES SIX HEARTS TEN,0.414,0.0242,0.5618
SPADES SIX HEARTS JACK,0.4212,0.0156,0.5632
SPADES SIX HEARTS ACE,0.4216,0.0032,0.5752
SPADES SIX HEARTS KING,0.4238,0.0072,0.569
SPADES SIX HEARTS QUEEN,0.4102,0.0098,0.58
CLUBS SEVEN SPADES JACK,0.2592,0.0522,0.6886
CLUBS SEVEN SPADES TEN,0.2574,0.071,0.6716
CLUBS TEN HEARTS SIX,0.4084,0.0234,0.5682
HEARTS SIX CLUBS JACK,0.4262,0.0138,0.56
CLUBS ACE CLUBS JACK,0.3382,0.0034,0.6584
HEARTS SIX CLUBS QUEEN,0.4134,0.0076,0.579
HEARTS SIX CLUBS KING,0.4216,0.0042,0.5742
HEARTS SIX CLUBS ACE,0.4244,0.002,0.5736
CLUBS QUEEN CLUBS JACK,0.3282,0.0076,0.6642
CLUBS KING CLUBS JACK,0.3278,0.006,0.6662
DIAMONDS THREE HEARTS ACE,0.4216,0.0038,0.5746
DIAMONDS THREE HEARTS QUEEN,0.436,0.012,0.552
DIAMONDS THREE HEARTS KING,0.431,0.0062,0.5628
CLUBS FIVE HEARTS JACK,0.4264,0.019,0.5546
SPADES TEN DIAMONDS ACE,0.36,0.0042,0.6358
HEARTS FOUR SPADES TEN,0.4286,0.028,0.5434
CLUBS FIVE HEARTS TEN,0.4162,0.0238,0.56
HEARTS FOUR SPADES JACK,0.4174,0.0176,0.565
SPADES JACK DIAMONDS ACE,0.3522,0.0034,0.6444
SPADES ACE HEARTS FOUR,0.4272,0.0054,0.5674
SPADES ACE DIAMONDS ACE,0.1678,0.0038,0.8284
CLUBS FIVE HEARTS ACE,0.4158,0.0034,0.5808
CLUBS FIVE HEARTS KING,0.4294,0.0054,0.5652
HEARTS FOUR SPADES QUEEN,0.4194,0.011,0.5696
SPADES QUEEN DIAMONDS ACE,0.3472,0.004,0.6488
SPADES FOUR CLUBS JACK,0.4374,0.0186,0.544
CLUBS FIVE HEARTS QUEEN,0.412,0.0086,0.5794
SPADES KING DIAMONDS ACE,0.3458,0.006,0.6482
SPADES KING HEARTS FOUR,0.4398,0.0082,0.552
CLUBS TEN SPADES FOUR,0.4284,0.0256,0.546
DIAMONDS ACE DIAMONDS QUEEN,0.3526,0.003,0.6444
DIAMONDS ACE HEARTS TWO,0.433,0.0066,0.5604
HEARTS FOUR DIAMONDS QUEEN,0.436,0.013,0.551
HEARTS FOUR HEARTS TWO,0.5876,0.0402,0.3722
DIAMONDS THREE HEARTS TEN,0.4392,0.0318,0.529
SPADES FOUR CLUBS KING,0.4322,0.0068,0.561
HEARTS FIVE DIAMONDS QUEEN,0.432,0.0138,0.5542
HEARTS FIVE HEARTS TWO,0.5856,0.0382,0.3762
DIAMONDS THREE HEARTS JACK,0.4288,0.0212,0.55
SPADES FOUR CLUBS QUEEN,0.4272,0.0136,0.5592
HEARTS TWO DIAMONDS QUEEN,0.425,0.0106,0.5644
DIAMONDS KING DIAMONDS QUEEN,0.3466,0.0062,0.6472
DIAMONDS KING HEARTS TWO,0.4276,0.0118,0.5606
HEARTS THREE DIAMONDS QUEEN,0.4226,0.0128,0.5646
HEARTS THREE HEARTS TWO,0.5866,0.0382,0.3752
SPADES FOUR CLUBS ACE,0.4244,0.0046,0.571
HEARTS TWO CLUBS ACE,0.4284,0.0032,0.5684
DIAMONDS QUEEN CLUBS ACE,0.355,0.0032,0.6418
HEARTS TWO CLUBS QUEEN,0.4282,0.0118,0.56
DIAMONDS QUEEN CLUBS QUEEN,0.1686,0.0236,0.8078
HEARTS TWO CLUBS KING,0.4428,0.0072,0.55
DIAMONDS QUEEN CLUBS KING,0.3622,0.0056,0.6322
SPADES EIGHT SPADES FIVE,0.5936,0.0368,0.3696
CLUBS TEN HEARTS TWO,0.4276,0.0224,0.55
CLUBS TEN DIAMONDS QUEEN,0.3454,0.0126,0.642
HEARTS TWO CLUBS JACK,0.4344,0.0176,0.548
DIAMONDS QUEEN CLUBS JACK,0.3342,0.0096,0.6562
SPADES SIX SPADES FIVE,0.5938,0.04,0.3662
SPADES SEVEN SPADES FIVE,0.605,0.1086,0.2864
DIAMONDS FIVE CLUBS QUEEN,0.4206,0.0122,0.5672
SPADES EIGHT CLUBS ACE,0.3962,0.0032,0.6006
DIAMONDS FIVE CLUBS KING,0.4336,0.0076,0.5588
SPADES EIGHT CLUBS KING,0.3882,0.0068,0.605
CLUBS ACE DIAMONDS FIVE,0.4168,0.0044,0.5788
SPADES EIGHT CLUBS QUEEN,0.378,0.0136,0.6084
SPADES EIGHT CLUBS JACK,0.3712,0.0166,0.6122
CLUBS TEN SPADES EIGHT,0.3528,0.0252,0.622
CLUBS TEN DIAMONDS FIVE,0.4172,0.0294,0.5534
DIAMONDS FIVE CLUBS JACK,0.4246,0.015,0.5604
DIAMONDS TEN HEARTS JACK,0.3156,0.0162,0.6682
DIAMONDS TEN HEARTS TEN,0.1612,0.0386,0.8002
SPADES ACE CLUBS NINE,0.2676,0.023,0.7094
CLUBS NINE SPADES QUEEN,0.2536,0.0426,0.7038
CLUBS NINE SPADES KING,0.2556,0.0328,0.7116
HEARTS SIX HEARTS KING,0.39,0.0078,0.6022
DIAMONDS KING SPADES SEVEN,0.2794,0.035,0.6856
SPADES SEVEN HEARTS THREE,0.6604,0.1084,0.2312
HEARTS SIX HEARTS QUEEN,0.3968,0.0112,0.592
DIAMONDS KING SPADES SIX,0.4138,0.0064,0.5798
HEARTS THREE SPADES SIX,0.6324,0.0472,0.3204
HEARTS SIX HEARTS ACE,0.391,0.0038,0.6052
SPADES EIGHT DIAMONDS KING,0.396,0.0076,0.5964
SPADES EIGHT HEARTS THREE,0.6328,0.0426,0.3246
CLUBS NINE HEARTS THREE,0.4828,0.3004,0.2168
CLUBS NINE DIAMONDS KING,0.2622,0.036,0.7018
CLUBS EIGHT HEARTS THREE,0.6472,0.0386,0.3142
CLUBS EIGHT DIAMONDS KING,0.386,0.007,0.607
HEARTS THREE SPADES THREE,0.4242,0.0682,0.5076
DIAMONDS KING SPADES THREE,0.4366,0.0092,0.5542
HEARTS THREE SPADES TWO,0.6132,0.0436,0.3432
DIAMONDS KING SPADES TWO,0.4444,0.0074,0.5482
HEARTS THREE SPADES FIVE,0.6332,0.0396,0.3272
DIAMONDS KING SPADES FIVE,0.4066,0.0084,0.585
HEARTS THREE SPADES FOUR,0.6082,0.0452,0.3466
DIAMONDS KING SPADES FOUR,0.4266,0.0076,0.5658
DIAMONDS KING CLUBS TWO,0.4334,0.0056,0.561
HEARTS THREE CLUBS TWO,0.6162,0.0458,0.338
