opposingHand,winningChance,drawChance,lostChance
SPADES KING CLUBS SEVEN
SPADES TEN HEARTS FIVE,0.6398,0.0078,0.3524
SPADES JACK HEARTS FIVE,0.6398,0.0064,0.3538
SPADES FIVE CLUBS JACK,0.6448,0.0054,0.3498
CLUBS TEN SPADES FIVE,0.6424,0.0076,0.35
CLUBS EIGHT CLUBS JACK,0.5592,0.0076,0.4332
CLUBS TEN CLUBS EIGHT,0.5506,0.007,0.4424
CLUBS EIGHT CLUBS KING,0.2212,0.2246,0.5542
SPADES FIVE CLUBS ACE,0.3852,0.0046,0.6102
CLUBS EIGHT CLUBS QUEEN,0.5574,0.0068,0.4358
SPADES FIVE CLUBS KING,0.4704,0.3162,0.2134
SPADES FIVE CLUBS QUEEN,0.6276,0.008,0.3644
CLUBS EIGHT CLUBS ACE,0.3348,0.0032,0.662
DIAMONDS TWO DIAMONDS THREE,0.6038,0.0102,0.386
DIAMONDS TWO DIAMONDS FIVE,0.5956,0.0064,0.398
DIAMONDS TWO DIAMONDS FOUR,0.6066,0.0068,0.3866
SPADES QUEEN HEARTS FIVE,0.6378,0.0052,0.357
DIAMONDS TWO DIAMONDS SEVEN,0.6846,0.04,0.2754
DIAMONDS TWO DIAMONDS SIX,0.6112,0.0064,0.3824
SPADES ACE HEARTS FIVE,0.371,0.005,0.624
DIAMONDS TWO DIAMONDS NINE,0.5972,0.0068,0.396
DIAMONDS TWO DIAMONDS EIGHT,0.611,0.0052,0.3838
DIAMONDS THREE DIAMONDS FOUR,0.5964,0.0066,0.397
CLUBS TWO SPADES FOUR,0.65,0.0078,0.3422
DIAMONDS THREE DIAMONDS FIVE,0.583,0.005,0.412
CLUBS TWO SPADES FIVE,0.6508,0.0096,0.3396
CLUBS TWO SPADES TWO,0.4776,0.0134,0.509
CLUBS TWO SPADES THREE,0.6616,0.0108,0.3276
DIAMONDS THREE DIAMONDS EIGHT,0.6044,0.0066,0.389
SPADES EIGHT CLUBS TWO,0.6666,0.0078,0.3256
DIAMONDS THREE DIAMONDS NINE,0.5988,0.008,0.3932
SPADES NINE CLUBS TWO,0.6508,0.0094,0.3398
DIAMONDS THREE DIAMONDS SIX,0.5942,0.0072,0.3986
CLUBS TWO SPADES SIX,0.6676,0.0082,0.3242
DIAMONDS THREE DIAMONDS SEVEN,0.672,0.0412,0.2868
SPADES SEVEN CLUBS TWO,0.7444,0.0486,0.207
CLUBS SIX CLUBS TWO,0.6382,0.0096,0.3522
CLUBS FOUR CLUBS TWO,0.621,0.0092,0.3698
CLUBS FIVE CLUBS TWO,0.6176,0.0084,0.374
CLUBS TEN CLUBS JACK,0.5164,0.0072,0.4764
DIAMONDS FOUR DIAMONDS SIX,0.5844,0.0094,0.4062
CLUBS TEN CLUBS QUEEN,0.524,0.0056,0.4704
DIAMONDS FOUR DIAMONDS SEVEN,0.663,0.0354,0.3016
CLUBS TEN CLUBS KING,0.2184,0.1062,0.6754
CLUBS TEN CLUBS ACE,0.3318,0.0038,0.6644
CLUBS EIGHT CLUBS TWO,0.6136,0.0062,0.3802
DIAMONDS FIVE DIAMONDS FOUR,0.577,0.0082,0.4148
CLUBS NINE CLUBS TWO,0.6112,0.0092,0.3796
DIAMONDS NINE DIAMONDS FOUR,0.5962,0.006,0.3978
DIAMONDS EIGHT DIAMONDS FOUR,0.575,0.0072,0.4178
CLUBS TWO CLUBS THREE,0.6174,0.0072,0.3754
DIAMONDS NINE DIAMONDS FIVE,0.589,0.0072,0.4038
DIAMONDS TWO CLUBS JACK,0.6318,0.0084,0.3598
DIAMONDS EIGHT DIAMONDS FIVE,0.5854,0.0052,0.4094
CLUBS TEN DIAMONDS TWO,0.644,0.0074,0.3486
DIAMONDS FIVE DIAMONDS SEVEN,0.6398,0.0362,0.324
DIAMONDS FIVE DIAMONDS SIX,0.573,0.0078,0.4192
DIAMONDS TWO CLUBS ACE,0.4008,0.0048,0.5944
DIAMONDS TWO CLUBS KING,0.4714,0.3054,0.2232
DIAMONDS TWO CLUBS QUEEN,0.6348,0.0082,0.357
DIAMONDS EIGHT DIAMONDS SIX,0.5716,0.0066,0.4218
DIAMONDS NINE DIAMONDS SIX,0.5828,0.0082,0.409
HEARTS ACE SPADES THREE,0.4026,0.004,0.5934
HEARTS KING SPADES THREE,0.4764,0.3136,0.21
DIAMONDS SEVEN DIAMONDS SIX,0.638,0.0332,0.3288
SPADES THREE HEARTS QUEEN,0.6286,0.0064,0.365
SPADES THREE HEARTS JACK,0.6388,0.0064,0.3548
SPADES THREE HEARTS TEN,0.6352,0.0068,0.358
DIAMONDS EIGHT DIAMONDS SEVEN,0.6432,0.0314,0.3254
DIAMONDS NINE DIAMONDS SEVEN,0.6402,0.0338,0.326
DIAMONDS NINE DIAMONDS EIGHT,0.5346,0.0076,0.4578
DIAMONDS KING HEARTS TEN,0.2342,0.1154,0.6504
HEARTS THREE HEARTS TEN,0.596,0.0072,0.3968
SPADES JACK CLUBS SIX,0.644,0.0072,0.3488
DIAMONDS KING HEARTS JACK,0.2436,0.0884,0.668
HEARTS THREE HEARTS JACK,0.582,0.0074,0.4106
CLUBS SIX SPADES TEN,0.6336,0.0078,0.3586
SPADES JACK SPADES FIVE,0.6124,0.0068,0.3808
SPADES TEN SPADES FIVE,0.6082,0.0092,0.3826
DIAMONDS KING HEARTS ACE,0.2326,0.012,0.7554
HEARTS THREE HEARTS ACE,0.3694,0.004,0.6266
SPADES ACE CLUBS SIX,0.3798,0.0044,0.6158
DIAMONDS KING HEARTS QUEEN,0.2372,0.0646,0.6982
HEARTS THREE HEARTS QUEEN,0.5882,0.0084,0.4034
DIAMONDS KING HEARTS KING,0.0808,0.013,0.9062
HEARTS THREE HEARTS KING,0.4522,0.2782,0.2696
SPADES QUEEN CLUBS SIX,0.6404,0.0096,0.35
SPADES NINE HEARTS TEN,0.5552,0.0046,0.4402
SPADES NINE HEARTS JACK,0.557,0.0064,0.4366
SPADES QUEEN SPADES FIVE,0.6006,0.0084,0.391
SPADES ACE SPADES FIVE,0.3734,0.003,0.6236
SPADES NINE HEARTS QUEEN,0.5836,0.0068,0.4096
SPADES NINE HEARTS KING,0.218,0.17,0.612
SPADES NINE HEARTS ACE,0.3656,0.0052,0.6292
CLUBS TEN SPADES JACK,0.5626,0.0076,0.4298
CLUBS TEN SPADES TEN,0.2954,0.0082,0.6964
SPADES ACE CLUBS TEN,0.343,0.005,0.652
SPADES QUEEN CLUBS TEN,0.5536,0.009,0.4374
SPADES FIVE HEARTS QUEEN,0.6292,0.0044,0.3664
SPADES FIVE HEARTS KING,0.4744,0.2956,0.23
SPADES FIVE HEARTS ACE,0.3872,0.0056,0.6072
HEARTS THREE SPADES JACK,0.6304,0.0094,0.3602
SPADES JACK DIAMONDS KING,0.2448,0.0806,0.6746
SPADES TEN CLUBS EIGHT,0.5718,0.0048,0.4234
SPADES JACK CLUBS EIGHT,0.5846,0.007,0.4084
HEARTS THREE SPADES TEN,0.6286,0.0088,0.3626
SPADES TEN DIAMONDS KING,0.2392,0.1112,0.6496
SPADES ACE CLUBS EIGHT,0.3648,0.0058,0.6294
HEARTS FIVE CLUBS JACK,0.6194,0.0072,0.3734
CLUBS SIX HEARTS ACE,0.3862,0.0046,0.6092
CLUBS TEN HEARTS FIVE,0.628,0.007,0.365
SPADES QUEEN CLUBS EIGHT,0.5876,0.0084,0.404
CLUBS TEN SPADES THREE,0.6274,0.008,0.3646
CLUBS SIX HEARTS QUEEN,0.6372,0.006,0.3568
SPADES THREE CLUBS JACK,0.626,0.0096,0.3644
CLUBS SIX HEARTS KING,0.4774,0.3088,0.2138
DIAMONDS TWO HEARTS JACK,0.6324,0.0066,0.361
SPADES THREE CLUBS QUEEN,0.6372,0.0074,0.3554
DIAMONDS TWO HEARTS TEN,0.6396,0.0078,0.3526
SPADES THREE CLUBS KING,0.4732,0.3042,0.2226
HEARTS FIVE CLUBS ACE,0.3738,0.0032,0.623
SPADES FIVE HEARTS TEN,0.63,0.008,0.362
SPADES THREE CLUBS ACE,0.3928,0.005,0.6022
HEARTS FIVE CLUBS KING,0.467,0.3056,0.2274
SPADES FIVE HEARTS JACK,0.6362,0.008,0.3558
HEARTS FIVE CLUBS QUEEN,0.6142,0.0062,0.3796
HEARTS THREE CLUBS KING,0.464,0.308,0.228
DIAMONDS KING CLUBS KING,0.0716,0.0122,0.9162
HEARTS THREE CLUBS QUEEN,0.6284,0.0082,0.3634
DIAMONDS KING CLUBS QUEEN,0.2394,0.0628,0.6978
HEARTS FIVE HEARTS JACK,0.586,0.0074,0.4066
HEARTS FIVE HEARTS TEN,0.5918,0.005,0.4032
HEARTS THREE CLUBS ACE,0.3872,0.0042,0.6086
DIAMONDS KING CLUBS ACE,0.2396,0.0112,0.7492
SPADES ACE CLUBS QUEEN,0.3422,0.0058,0.652
HEARTS THREE CLUBS JACK,0.6314,0.0094,0.3592
DIAMONDS KING CLUBS JACK,0.2398,0.0858,0.6744
SPADES QUEEN CLUBS QUEEN,0.2822,0.003,0.7148
CLUBS TEN HEARTS THREE,0.6206,0.0082,0.3712
CLUBS TEN DIAMONDS KING,0.2312,0.1074,0.6614
SPADES JACK CLUBS QUEEN,0.5556,0.0078,0.4366
CLUBS SIX CLUBS QUEEN,0.594,0.0062,0.3998
SPADES TEN CLUBS QUEEN,0.5588,0.005,0.4362
CLUBS SIX CLUBS KING,0.4472,0.2858,0.267
CLUBS SIX CLUBS ACE,0.3712,0.0046,0.6242
HEARTS FIVE HEARTS KING,0.4492,0.2776,0.2732
HEARTS FIVE HEARTS QUEEN,0.584,0.0078,0.4082
CLUBS TEN CLUBS SIX,0.591,0.0096,0.3994
HEARTS FIVE HEARTS ACE,0.3768,0.0046,0.6186
CLUBS SIX CLUBS JACK,0.6046,0.0074,0.388
SPADES SEVEN HEARTS JACK,0.7242,0.0352,0.2406
SPADES SEVEN HEARTS TEN,0.698,0.0384,0.2636
DIAMONDS TWO CLUBS TWO,0.4546,0.0146,0.5308
DIAMONDS TWO CLUBS THREE,0.6704,0.008,0.3216
HEARTS SIX DIAMONDS TWO,0.663,0.0082,0.3288
DIAMONDS TWO HEARTS QUEEN,0.6362,0.0094,0.3544
DIAMONDS TWO HEARTS SEVEN,0.7336,0.0444,0.222
DIAMONDS TWO HEARTS KING,0.4764,0.2934,0.2302
DIAMONDS TWO HEARTS EIGHT,0.6462,0.0066,0.3472
DIAMONDS TWO HEARTS ACE,0.4116,0.004,0.5844
DIAMONDS TWO HEARTS NINE,0.6332,0.0068,0.36
DIAMONDS TWO DIAMONDS QUEEN,0.5854,0.0078,0.4068
DIAMONDS TWO HEARTS TWO,0.4648,0.0134,0.5218
DIAMONDS TWO DIAMONDS KING,0.463,0.281,0.256
HEARTS THREE DIAMONDS TWO,0.6654,0.009,0.3256
DIAMONDS TWO DIAMONDS ACE,0.3804,0.004,0.6156
HEARTS FOUR DIAMONDS TWO,0.6516,0.0074,0.341
DIAMONDS TWO HEARTS FIVE,0.659,0.007,0.334
SPADES SEVEN HEARTS ACE,0.2258,0.031,0.7432
DIAMONDS TWO DIAMONDS TEN,0.6048,0.0092,0.386
SPADES SEVEN HEARTS KING,0.0164,0.9738,0.0098
DIAMONDS TWO DIAMONDS JACK,0.581,0.0078,0.4112
SPADES SEVEN HEARTS QUEEN,0.7256,0.0382,0.2362
DIAMONDS TWO SPADES NINE,0.6422,0.009,0.3488
DIAMONDS TWO SPADES EIGHT,0.6554,0.0084,0.3362
DIAMONDS TWO SPADES SEVEN,0.7448,0.0426,0.2126
DIAMONDS TWO SPADES SIX,0.6622,0.0074,0.3304
DIAMONDS TWO SPADES FIVE,0.6542,0.0072,0.3386
DIAMONDS TWO SPADES FOUR,0.6334,0.0098,0.3568
DIAMONDS TWO SPADES THREE,0.6348,0.006,0.3592
DIAMONDS TWO SPADES TWO,0.4674,0.0166,0.516
CLUBS NINE DIAMONDS TWO,0.6392,0.009,0.3518
DIAMONDS TWO CLUBS EIGHT,0.6368,0.0086,0.3546
CLUBS SIX DIAMONDS TWO,0.6594,0.0076,0.333
DIAMONDS TWO CLUBS FIVE,0.6432,0.0106,0.3462
DIAMONDS TWO CLUBS FOUR,0.6326,0.0086,0.3588
CLUBS FOUR SPADES FIVE,0.6202,0.0096,0.3702
CLUBS FOUR SPADES FOUR,0.4542,0.012,0.5338
CLUBS FOUR SPADES THREE,0.6324,0.0074,0.3602
CLUBS FOUR SPADES TWO,0.6502,0.0086,0.3412
SPADES NINE CLUBS FOUR,0.6462,0.009,0.3448
CLUBS FOUR SPADES EIGHT,0.639,0.01,0.351
CLUBS FOUR SPADES SEVEN,0.7066,0.0438,0.2496
CLUBS FOUR SPADES SIX,0.6388,0.0088,0.3524
SPADES ACE DIAMONDS SIX,0.3946,0.0048,0.6006
SPADES QUEEN DIAMONDS SIX,0.6348,0.0064,0.3588
SPADES TEN DIAMONDS SIX,0.6244,0.0056,0.37
SPADES JACK DIAMONDS SIX,0.6384,0.0086,0.353
SPADES QUEEN SPADES TWO,0.602,0.0084,0.3896
SPADES ACE SPADES TWO,0.3712,0.0052,0.6236
DIAMONDS JACK CLUBS JACK,0.2966,0.0044,0.699
CLUBS TEN DIAMONDS JACK,0.5444,0.0056,0.45
DIAMONDS JACK CLUBS KING,0.2286,0.0882,0.6832
DIAMONDS JACK CLUBS QUEEN,0.559,0.0056,0.4354
DIAMONDS THREE DIAMONDS JACK,0.5848,0.0084,0.4068
DIAMONDS THREE DIAMONDS TEN,0.6082,0.0056,0.3862
DIAMONDS JACK CLUBS ACE,0.353,0.004,0.643
DIAMONDS THREE DIAMONDS KING,0.4532,0.2824,0.2644
HEARTS THREE DIAMONDS THREE,0.4676,0.0134,0.519
DIAMONDS THREE DIAMONDS QUEEN,0.5852,0.01,0.4048
DIAMONDS THREE HEARTS TWO,0.6496,0.0068,0.3436
HEARTS FIVE DIAMONDS THREE,0.6362,0.0108,0.353
DIAMONDS THREE DIAMONDS ACE,0.374,0.0038,0.6222
HEARTS FOUR DIAMONDS THREE,0.6324,0.0062,0.3614
DIAMONDS THREE HEARTS SEVEN,0.7146,0.0368,0.2486
SPADES TEN SPADES NINE,0.5396,0.009,0.4514
HEARTS SIX DIAMONDS THREE,0.6448,0.005,0.3502
SPADES JACK SPADES NINE,0.5456,0.0078,0.4466
DIAMONDS THREE HEARTS NINE,0.6226,0.0042,0.3732
HEARTS JACK DIAMONDS FOUR,0.634,0.0078,0.3582
HEARTS KING HEARTS ACE,0.2178,0.0136,0.7686
SPADES TEN SPADES TWO,0.6174,0.0078,0.3748
DIAMONDS THREE HEARTS EIGHT,0.6418,0.008,0.3502
HEARTS TEN DIAMONDS FOUR,0.626,0.0062,0.3678
SPADES JACK SPADES TWO,0.5978,0.0064,0.3958
HEARTS QUEEN DIAMONDS FOUR,0.6272,0.0076,0.3652
HEARTS KING DIAMONDS FOUR,0.4646,0.3068,0.2286
SPADES ACE SPADES NINE,0.35,0.0034,0.6466
HEARTS ACE DIAMONDS FOUR,0.3896,0.0044,0.606
SPADES QUEEN SPADES NINE,0.5472,0.0062,0.4466
DIAMONDS THREE SPADES NINE,0.641,0.0058,0.3532
DIAMONDS THREE SPADES EIGHT,0.6458,0.0082,0.346
DIAMONDS THREE SPADES SEVEN,0.73,0.0388,0.2312
DIAMONDS THREE SPADES SIX,0.6402,0.0084,0.3514
CLUBS SIX DIAMONDS THREE,0.653,0.0066,0.3404
CLUBS ACE DIAMONDS FOUR,0.397,0.004,0.599
CLUBS SIX CLUBS FIVE,0.5814,0.009,0.4096
DIAMONDS THREE CLUBS FOUR,0.644,0.0084,0.3476
DIAMONDS FOUR CLUBS QUEEN,0.6306,0.0062,0.3632
DIAMONDS THREE CLUBS FIVE,0.64,0.0074,0.3526
CLUBS KING DIAMONDS FOUR,0.4704,0.297,0.2326
DIAMONDS THREE CLUBS TWO,0.6506,0.0064,0.343
CLUBS TEN DIAMONDS FOUR,0.6276,0.0094,0.363
DIAMONDS THREE CLUBS THREE,0.4516,0.0146,0.5338
DIAMONDS FOUR CLUBS JACK,0.6374,0.007,0.3556
DIAMONDS THREE SPADES FOUR,0.639,0.0106,0.3504
DIAMONDS THREE SPADES FIVE,0.6318,0.009,0.3592
DIAMONDS THREE SPADES TWO,0.6524,0.0078,0.3398
DIAMONDS THREE SPADES THREE,0.4512,0.0124,0.5364
CLUBS EIGHT DIAMONDS THREE,0.6364,0.0084,0.3552
CLUBS NINE DIAMONDS THREE,0.6266,0.0078,0.3656
SPADES SEVEN CLUBS ACE,0.2308,0.0316,0.7376
SPADES SEVEN CLUBS QUEEN,0.7358,0.0342,0.23
SPADES SEVEN CLUBS KING,0.0072,0.9836,0.0092
CLUBS FIVE SPADES SEVEN,0.6992,0.038,0.2628
CLUBS TEN SPADES SEVEN,0.6966,0.0348,0.2686
CLUBS FIVE SPADES SIX,0.6206,0.0086,0.3708
SPADES SEVEN CLUBS JACK,0.7132,0.0394,0.2474
SPADES NINE CLUBS FIVE,0.6332,0.0088,0.358
SPADES EIGHT CLUBS FIVE,0.6206,0.0096,0.3698
CLUBS FIVE SPADES THREE,0.6472,0.0066,0.3462
CLUBS FIVE SPADES TWO,0.6528,0.0102,0.337
CLUBS FIVE SPADES FIVE,0.4516,0.0124,0.536
CLUBS FIVE SPADES FOUR,0.619,0.012,0.369
CLUBS NINE CLUBS FIVE,0.5888,0.0086,0.4026
CLUBS EIGHT CLUBS FIVE,0.5794,0.0088,0.4118
CLUBS ACE CLUBS QUEEN,0.3286,0.0052,0.6662
CLUBS KING CLUBS QUEEN,0.2276,0.0602,0.7122
DIAMONDS TEN DIAMONDS FOUR,0.5856,0.0064,0.408
CLUBS TEN DIAMONDS NINE,0.5476,0.0066,0.4458
DIAMONDS JACK DIAMONDS FOUR,0.5912,0.0086,0.4002
DIAMONDS NINE CLUBS JACK,0.5728,0.007,0.4202
SPADES NINE CLUBS JACK,0.5794,0.0082,0.4124
CLUBS TEN SPADES NINE,0.5582,0.0068,0.435
DIAMONDS ACE DIAMONDS FOUR,0.36,0.0036,0.6364
HEARTS FOUR DIAMONDS FOUR,0.4446,0.0126,0.5428
DIAMONDS JACK HEARTS TEN,0.5408,0.0048,0.4544
SPADES NINE CLUBS KING,0.2374,0.1626,0.6
DIAMONDS TWO SPADES TEN,0.6526,0.007,0.3404
DIAMONDS NINE CLUBS ACE,0.3522,0.0046,0.6432
HEARTS FIVE DIAMONDS FOUR,0.6062,0.0076,0.3862
HEARTS JACK DIAMONDS JACK,0.3034,0.0042,0.6924
SPADES NINE CLUBS QUEEN,0.5896,0.005,0.4054
SPADES JACK DIAMONDS TWO,0.6368,0.0066,0.3566
DIAMONDS QUEEN DIAMONDS FOUR,0.5854,0.0062,0.4084
HEARTS TWO DIAMONDS FOUR,0.6462,0.0072,0.3466
DIAMONDS NINE CLUBS QUEEN,0.5644,0.006,0.4296
DIAMONDS KING DIAMONDS FOUR,0.4452,0.2742,0.2806
HEARTS THREE DIAMONDS FOUR,0.6484,0.0064,0.3452
SPADES NINE CLUBS ACE,0.3746,0.0038,0.6216
DIAMONDS NINE CLUBS KING,0.221,0.1632,0.6158
HEARTS ACE DIAMONDS JACK,0.3544,0.0024,0.6432
SPADES ACE DIAMONDS TWO,0.3978,0.0052,0.597
DIAMONDS JACK HEARTS QUEEN,0.5646,0.008,0.4274
SPADES QUEEN DIAMONDS TWO,0.6242,0.008,0.3678
HEARTS KING DIAMONDS JACK,0.2318,0.0854,0.6828
SPADES JACK SPADES SEVEN,0.6766,0.0332,0.2902
SPADES TEN SPADES SEVEN,0.6766,0.034,0.2894
CLUBS SIX CLUBS THREE,0.6244,0.0102,0.3654
CLUBS FIVE CLUBS THREE,0.6014,0.009,0.3896
CLUBS FOUR CLUBS THREE,0.6082,0.0108,0.381
CLUBS NINE CLUBS THREE,0.6052,0.0074,0.3874
CLUBS EIGHT CLUBS THREE,0.6142,0.0096,0.3762
CLUBS THREE SPADES FIVE,0.6356,0.0094,0.355
CLUBS THREE SPADES FOUR,0.642,0.0104,0.3476
CLUBS THREE SPADES THREE,0.4694,0.0168,0.5138
CLUBS THREE SPADES TWO,0.6672,0.0102,0.3226
SPADES SIX CLUBS THREE,0.6472,0.0094,0.3434
SPADES SEVEN CLUBS THREE,0.723,0.0492,0.2278
SPADES EIGHT CLUBS THREE,0.659,0.0086,0.3324
SPADES NINE CLUBS THREE,0.639,0.0108,0.3502
SPADES TWO DIAMONDS FOUR,0.6524,0.0088,0.3388
SPADES THREE DIAMONDS FOUR,0.6238,0.0072,0.369
SPADES FOUR DIAMONDS FOUR,0.451,0.0152,0.5338
SPADES FIVE DIAMONDS FOUR,0.6088,0.0098,0.3814
SPADES SIX DIAMONDS FOUR,0.6278,0.0078,0.3644
SPADES SEVEN DIAMONDS FOUR,0.7116,0.0384,0.25
SPADES EIGHT DIAMONDS FOUR,0.627,0.0086,0.3644
SPADES NINE DIAMONDS FOUR,0.6356,0.0062,0.3582
CLUBS FIVE DIAMONDS FOUR,0.617,0.0086,0.3744
CLUBS FOUR DIAMONDS FOUR,0.452,0.0152,0.5328
CLUBS SIX DIAMONDS FOUR,0.635,0.0082,0.3568
CLUBS NINE DIAMONDS FOUR,0.6292,0.0102,0.3606
CLUBS EIGHT DIAMONDS FOUR,0.6262,0.0092,0.3646
DIAMONDS FOUR HEARTS SEVEN,0.7022,0.038,0.2598
HEARTS SIX DIAMONDS FOUR,0.6224,0.0072,0.3704
HEARTS NINE DIAMONDS FOUR,0.6304,0.0088,0.3608
DIAMONDS FOUR HEARTS EIGHT,0.6292,0.0058,0.365
CLUBS THREE DIAMONDS FOUR,0.644,0.0092,0.3468
CLUBS TWO DIAMONDS FOUR,0.6572,0.008,0.3348
DIAMONDS TEN DIAMONDS FIVE,0.6048,0.0068,0.3884
DIAMONDS JACK DIAMONDS FIVE,0.5966,0.0082,0.3952
DIAMONDS NINE HEARTS QUEEN,0.5872,0.0052,0.4076
HEARTS KING DIAMONDS NINE,0.2382,0.1598,0.602
DIAMONDS NINE HEARTS ACE,0.3594,0.004,0.6366
DIAMONDS NINE HEARTS TEN,0.5598,0.005,0.4352
DIAMONDS NINE HEARTS JACK,0.5598,0.0062,0.434
CLUBS KING DIAMONDS SIX,0.4722,0.3068,0.221
CLUBS QUEEN DIAMONDS SIX,0.6212,0.007,0.3718
CLUBS ACE DIAMONDS SIX,0.3772,0.0052,0.6176
SPADES ACE SPADES SEVEN,0.2204,0.0306,0.749
SPADES QUEEN DIAMONDS FOUR,0.6254,0.0072,0.3674
SPADES QUEEN SPADES SEVEN,0.6988,0.0366,0.2646
CLUBS JACK DIAMONDS SIX,0.6326,0.0064,0.361
SPADES ACE DIAMONDS FOUR,0.3964,0.003,0.6006
CLUBS TEN DIAMONDS SIX,0.625,0.0056,0.3694
CLUBS NINE CLUBS FOUR,0.6162,0.0056,0.3782
CLUBS EIGHT CLUBS FOUR,0.6008,0.0072,0.392
SPADES JACK DIAMONDS FOUR,0.636,0.0084,0.3556
SPADES TEN DIAMONDS FOUR,0.642,0.0084,0.3496
CLUBS FOUR CLUBS FIVE,0.5946,0.0078,0.3976
CLUBS SIX CLUBS FOUR,0.6118,0.007,0.3812
HEARTS SIX DIAMONDS FIVE,0.6112,0.0072,0.3816
DIAMONDS FIVE HEARTS SEVEN,0.6844,0.038,0.2776
DIAMONDS FIVE HEARTS EIGHT,0.6028,0.007,0.3902
HEARTS NINE DIAMONDS FIVE,0.6274,0.009,0.3636
DIAMONDS QUEEN DIAMONDS FIVE,0.5994,0.0062,0.3944
HEARTS TWO DIAMONDS FIVE,0.6484,0.0076,0.344
HEARTS KING HEARTS EIGHT,0.212,0.2212,0.5668
DIAMONDS KING DIAMONDS FIVE,0.4554,0.2716,0.273
HEARTS THREE DIAMONDS FIVE,0.622,0.008,0.37
HEARTS QUEEN HEARTS EIGHT,0.5492,0.0074,0.4434
DIAMONDS ACE DIAMONDS FIVE,0.3652,0.004,0.6308
HEARTS FOUR DIAMONDS FIVE,0.6226,0.007,0.3704
HEARTS FIVE DIAMONDS FIVE,0.4474,0.0114,0.5412
HEARTS ACE HEARTS EIGHT,0.337,0.0022,0.6608
CLUBS FOUR DIAMONDS FIVE,0.6178,0.0118,0.3704
CLUBS FIVE DIAMONDS FIVE,0.4454,0.0164,0.5382
CLUBS SIX DIAMONDS FIVE,0.6268,0.0084,0.3648
CLUBS TWO DIAMONDS FIVE,0.6528,0.0098,0.3374
CLUBS THREE DIAMONDS FIVE,0.6226,0.0076,0.3698
SPADES THREE DIAMONDS FIVE,0.6356,0.0096,0.3548
SPADES TWO DIAMONDS FIVE,0.642,0.012,0.346
SPADES JACK DIAMONDS EIGHT,0.595,0.0058,0.3992
SPADES FIVE DIAMONDS FIVE,0.452,0.0152,0.5328
CLUBS TEN HEARTS JACK,0.5452,0.0066,0.4482
SPADES TEN DIAMONDS EIGHT,0.587,0.0058,0.4072
SPADES FOUR DIAMONDS FIVE,0.62,0.0074,0.3726
HEARTS JACK CLUBS JACK,0.2836,0.0076,0.7088
HEARTS JACK CLUBS QUEEN,0.5488,0.007,0.4442
CLUBS NINE DIAMONDS FIVE,0.6136,0.0106,0.3758
HEARTS JACK CLUBS KING,0.237,0.0846,0.6784
CLUBS EIGHT DIAMONDS FIVE,0.6058,0.009,0.3852
HEARTS JACK CLUBS ACE,0.355,0.0026,0.6424
SPADES SEVEN DIAMONDS FIVE,0.686,0.0414,0.2726
SPADES SIX DIAMONDS FIVE,0.6196,0.007,0.3734
SPADES QUEEN DIAMONDS EIGHT,0.5974,0.0074,0.3952
SPADES NINE DIAMONDS FIVE,0.6204,0.007,0.3726
SPADES EIGHT DIAMONDS FIVE,0.617,0.0094,0.3736
SPADES ACE DIAMONDS EIGHT,0.3636,0.0042,0.6322
DIAMONDS TEN DIAMONDS SIX,0.5974,0.0044,0.3982
HEARTS ACE DIAMONDS SEVEN,0.223,0.027,0.75
DIAMONDS JACK DIAMONDS SIX,0.5988,0.0066,0.3946
HEARTS QUEEN DIAMONDS SEVEN,0.7306,0.0316,0.2378
HEARTS KING DIAMONDS SEVEN,0.02,0.9588,0.0212
DIAMONDS ACE DIAMONDS SIX,0.3688,0.0038,0.6274
HEARTS FOUR DIAMONDS SIX,0.6334,0.0066,0.36
HEARTS JACK SPADES TWO,0.6342,0.0066,0.3592
HEARTS FIVE DIAMONDS SIX,0.6174,0.0076,0.375
SPADES TWO HEARTS TEN,0.6384,0.0078,0.3538
DIAMONDS QUEEN DIAMONDS SIX,0.5848,0.0044,0.4108
HEARTS TWO DIAMONDS SIX,0.6616,0.007,0.3314
DIAMONDS KING DIAMONDS SIX,0.443,0.2884,0.2686
HEARTS THREE DIAMONDS SIX,0.6472,0.008,0.3448
HEARTS EIGHT DIAMONDS SIX,0.6176,0.008,0.3744
HEARTS NINE DIAMONDS SIX,0.6144,0.0054,0.3802
HEARTS SIX DIAMONDS SIX,0.4284,0.0126,0.559
HEARTS SEVEN DIAMONDS SIX,0.6734,0.0336,0.293
HEARTS TEN DIAMONDS SEVEN,0.7024,0.0326,0.265
CLUBS TWO DIAMONDS SIX,0.668,0.0078,0.3242
HEARTS JACK DIAMONDS SEVEN,0.7026,0.0378,0.2596
CLUBS THREE DIAMONDS SIX,0.6582,0.0068,0.335
DIAMONDS EIGHT CLUBS JACK,0.5764,0.0062,0.4174
CLUBS SIX DIAMONDS SIX,0.4406,0.0146,0.5448
CLUBS TEN DIAMONDS EIGHT,0.5824,0.0082,0.4094
CLUBS FIVE DIAMONDS SIX,0.635,0.0066,0.3584
CLUBS FOUR DIAMONDS SIX,0.6494,0.0078,0.3428
HEARTS ACE HEARTS JACK,0.336,0.0044,0.6596
DIAMONDS EIGHT CLUBS ACE,0.3646,0.004,0.6314
HEARTS JACK HEARTS QUEEN,0.5202,0.0062,0.4736
DIAMONDS EIGHT CLUBS KING,0.221,0.234,0.545
CLUBS NINE DIAMONDS SIX,0.612,0.0066,0.3814
HEARTS KING HEARTS JACK,0.2222,0.0858,0.692
DIAMONDS EIGHT CLUBS QUEEN,0.598,0.0052,0.3968
CLUBS EIGHT DIAMONDS SIX,0.6052,0.005,0.3898
SPADES TEN HEARTS KING,0.2454,0.121,0.6336
SPADES FIVE DIAMONDS SIX,0.6206,0.009,0.3704
HEARTS ACE SPADES TWO,0.4038,0.004,0.5922
SPADES JACK HEARTS KING,0.2378,0.0978,0.6644
SPADES FOUR DIAMONDS SIX,0.6354,0.0074,0.3572
SPADES THREE DIAMONDS SIX,0.6492,0.0062,0.3446
SPADES TWO HEARTS QUEEN,0.6466,0.0066,0.3468
HEARTS KING SPADES TWO,0.4856,0.293,0.2214
SPADES TWO DIAMONDS SIX,0.659,0.0076,0.3334
HEARTS TEN HEARTS EIGHT,0.5326,0.0082,0.4592
SPADES NINE DIAMONDS SIX,0.6208,0.0072,0.372
HEARTS JACK HEARTS EIGHT,0.5458,0.0032,0.451
SPADES EIGHT DIAMONDS SIX,0.6164,0.008,0.3756
SPADES SEVEN DIAMONDS SIX,0.678,0.036,0.286
SPADES SIX DIAMONDS SIX,0.4468,0.0132,0.54
SPADES QUEEN HEARTS KING,0.2426,0.0592,0.6982
CLUBS ACE CLUBS KING,0.2176,0.0132,0.7692
SPADES ACE HEARTS KING,0.2406,0.0096,0.7498
SPADES ACE HEARTS JACK,0.354,0.0034,0.6426
SPADES QUEEN HEARTS JACK,0.562,0.006,0.432
SPADES TEN DIAMONDS TEN,0.3016,0.007,0.6914
SPADES JACK DIAMONDS TEN,0.5588,0.0072,0.434
SPADES ACE DIAMONDS TEN,0.346,0.0028,0.6512
SPADES JACK HEARTS JACK,0.3094,0.0064,0.6842
SPADES TEN HEARTS JACK,0.5472,0.0074,0.4454
SPADES QUEEN DIAMONDS TEN,0.557,0.0066,0.4364
SPADES NINE DIAMONDS SEVEN,0.698,0.0334,0.2686
SPADES EIGHT DIAMONDS SEVEN,0.679,0.0292,0.2918
SPADES SEVEN DIAMONDS SEVEN,0.298,0.0282,0.6738
SPADES SIX DIAMONDS SEVEN,0.6884,0.0374,0.2742
DIAMONDS KING DIAMONDS SEVEN,0.0198,0.912,0.0682
HEARTS THREE DIAMONDS SEVEN,0.7122,0.0402,0.2476
HEARTS KING DIAMONDS FIVE,0.4752,0.2938,0.231
DIAMONDS QUEEN DIAMONDS SEVEN,0.69,0.0346,0.2754
HEARTS TWO DIAMONDS SEVEN,0.7338,0.04,0.2262
HEARTS QUEEN DIAMONDS FIVE,0.6184,0.0076,0.374
HEARTS FIVE DIAMONDS SEVEN,0.6684,0.0398,0.2918
DIAMONDS ACE DIAMONDS SEVEN,0.221,0.025,0.754
HEARTS FOUR DIAMONDS SEVEN,0.6914,0.0352,0.2734
HEARTS ACE DIAMONDS FIVE,0.3832,0.004,0.6128
HEARTS SEVEN DIAMONDS SEVEN,0.2966,0.0264,0.677
HEARTS SIX DIAMONDS SEVEN,0.6816,0.0394,0.279
HEARTS NINE DIAMONDS SEVEN,0.6844,0.0294,0.2862
DIAMONDS SEVEN HEARTS EIGHT,0.6854,0.0308,0.2838
DIAMONDS JACK DIAMONDS SEVEN,0.6608,0.0404,0.2988
HEARTS JACK DIAMONDS FIVE,0.6308,0.006,0.3632
DIAMONDS TEN DIAMONDS SEVEN,0.656,0.0348,0.3092
DIAMONDS FIVE HEARTS TEN,0.6308,0.0076,0.3616
HEARTS KING CLUBS KING,0.0738,0.013,0.9132
CLUBS EIGHT DIAMONDS SEVEN,0.6714,0.0322,0.2964
SPADES QUEEN CLUBS TWO,0.6314,0.0084,0.3602
HEARTS KING CLUBS QUEEN,0.241,0.0652,0.6938
CLUBS NINE DIAMONDS SEVEN,0.6938,0.0324,0.2738
SPADES TWO CLUBS JACK,0.6338,0.0092,0.357
SPADES ACE CLUBS TWO,0.3954,0.0058,0.5988
CLUBS TEN SPADES TWO,0.641,0.0064,0.3526
HEARTS KING CLUBS ACE,0.2326,0.0126,0.7548
SPADES TWO CLUBS KING,0.4876,0.2998,0.2126
SPADES TWO DIAMONDS SEVEN,0.7366,0.0432,0.2202
CLUBS SIX CLUBS EIGHT,0.5706,0.0098,0.4196
SPADES THREE DIAMONDS SEVEN,0.7312,0.0402,0.2286
SPADES TWO CLUBS QUEEN,0.6342,0.0088,0.357
CLUBS NINE CLUBS SIX,0.5892,0.0086,0.4022
SPADES FOUR DIAMONDS SEVEN,0.6982,0.04,0.2618
HEARTS KING CLUBS JACK,0.2382,0.0872,0.6746
SPADES FIVE DIAMONDS SEVEN,0.7074,0.0416,0.251
SPADES TWO CLUBS ACE,0.3926,0.0056,0.6018
CLUBS TEN HEARTS KING,0.2248,0.113,0.6622
CLUBS SIX SPADES TWO,0.6758,0.0072,0.317
CLUBS SIX SPADES THREE,0.6582,0.0094,0.3324
CLUBS TWO DIAMONDS SEVEN,0.7364,0.0406,0.223
CLUBS SIX SPADES FOUR,0.6402,0.009,0.3508
CLUBS THREE DIAMONDS SEVEN,0.7214,0.0402,0.2384
CLUBS SIX SPADES FIVE,0.6272,0.009,0.3638
CLUBS FOUR DIAMONDS SEVEN,0.7084,0.0444,0.2472
CLUBS SIX SPADES SIX,0.4324,0.0138,0.5538
CLUBS FIVE DIAMONDS SEVEN,0.6906,0.0384,0.271
CLUBS SIX SPADES SEVEN,0.694,0.036,0.27
CLUBS SIX DIAMONDS SEVEN,0.6848,0.0326,0.2826
CLUBS SIX SPADES EIGHT,0.6158,0.0056,0.3786
SPADES JACK CLUBS TWO,0.6376,0.007,0.3554
CLUBS SIX SPADES NINE,0.6202,0.0076,0.3722
SPADES TEN CLUBS TWO,0.649,0.0072,0.3438
CLUBS TWO CLUBS QUEEN,0.6026,0.0078,0.3896
CLUBS TWO CLUBS KING,0.4468,0.2886,0.2646
CLUBS THREE DIAMONDS EIGHT,0.636,0.007,0.357
CLUBS TWO CLUBS ACE,0.381,0.0044,0.6146
CLUBS TWO DIAMONDS EIGHT,0.6452,0.009,0.3458
DIAMONDS EIGHT HEARTS SEVEN,0.672,0.0368,0.2912
HEARTS SIX DIAMONDS EIGHT,0.6172,0.005,0.3778
DIAMONDS EIGHT HEARTS NINE,0.5648,0.0054,0.4298
CLUBS TEN CLUBS TWO,0.598,0.0096,0.3924
DIAMONDS EIGHT HEARTS EIGHT,0.3226,0.0106,0.6668
CLUBS TWO CLUBS JACK,0.6002,0.007,0.3928
CLUBS NINE DIAMONDS EIGHT,0.5598,0.0072,0.433
CLUBS EIGHT DIAMONDS EIGHT,0.3158,0.013,0.6712
CLUBS FIVE DIAMONDS EIGHT,0.613,0.0088,0.3782
SPADES ACE SPADES THREE,0.3868,0.0066,0.6066
CLUBS FOUR DIAMONDS EIGHT,0.6206,0.006,0.3734
SPADES QUEEN SPADES THREE,0.5966,0.0092,0.3942
CLUBS SIX DIAMONDS EIGHT,0.6176,0.0046,0.3778
DIAMONDS QUEEN DIAMONDS EIGHT,0.5442,0.0072,0.4486
HEARTS TWO DIAMONDS EIGHT,0.6332,0.0068,0.36
DIAMONDS KING DIAMONDS EIGHT,0.2126,0.2118,0.5756
HEARTS THREE DIAMONDS EIGHT,0.634,0.0058,0.3602
DIAMONDS ACE DIAMONDS EIGHT,0.3418,0.004,0.6542
HEARTS FOUR DIAMONDS EIGHT,0.625,0.0076,0.3674
HEARTS FIVE DIAMONDS EIGHT,0.6172,0.007,0.3758
DIAMONDS EIGHT DIAMONDS TEN,0.5372,0.0072,0.4556
DIAMONDS EIGHT DIAMONDS JACK,0.549,0.0072,0.4438
SPADES JACK SPADES THREE,0.6114,0.0064,0.3822
SPADES TEN SPADES THREE,0.6104,0.0092,0.3804
CLUBS FOUR HEARTS ACE,0.3926,0.004,0.6034
CLUBS FOUR HEARTS QUEEN,0.6392,0.004,0.3568
CLUBS FOUR HEARTS KING,0.4784,0.3062,0.2154
CLUBS SIX HEARTS TEN,0.62,0.007,0.373
CLUBS SIX HEARTS JACK,0.627,0.007,0.366
SPADES FOUR DIAMONDS EIGHT,0.629,0.0074,0.3636
SPADES FIVE DIAMONDS EIGHT,0.6196,0.0066,0.3738
DIAMONDS EIGHT SPADES TWO,0.6458,0.0086,0.3456
DIAMONDS EIGHT SPADES THREE,0.6456,0.0074,0.347
CLUBS FOUR HEARTS JACK,0.631,0.0082,0.3608
SPADES EIGHT DIAMONDS EIGHT,0.3318,0.0114,0.6568
SPADES JACK HEARTS EIGHT,0.5838,0.0084,0.4078
SPADES TEN HEARTS TWO,0.6426,0.0084,0.349
SPADES TEN DIAMONDS QUEEN,0.5568,0.0048,0.4384
CLUBS FOUR HEARTS TEN,0.6376,0.01,0.3524
SPADES NINE DIAMONDS EIGHT,0.5588,0.0068,0.4344
SPADES JACK HEARTS TWO,0.6436,0.0088,0.3476
SPADES JACK DIAMONDS QUEEN,0.5566,0.0066,0.4368
SPADES TEN HEARTS EIGHT,0.591,0.007,0.402
SPADES SIX DIAMONDS EIGHT,0.6034,0.007,0.3896
SPADES SEVEN DIAMONDS EIGHT,0.6774,0.0298,0.2928
SPADES ACE HEARTS TWO,0.3806,0.0056,0.6138
SPADES ACE DIAMONDS QUEEN,0.3546,0.0036,0.6418
SPADES ACE HEARTS EIGHT,0.3542,0.0018,0.644
SPADES QUEEN DIAMONDS QUEEN,0.2896,0.0028,0.7076
SPADES QUEEN HEARTS TWO,0.6474,0.0068,0.3458
SPADES QUEEN HEARTS EIGHT,0.5972,0.0082,0.3946
CLUBS TWO HEARTS TEN,0.6304,0.0072,0.3624
CLUBS TWO HEARTS JACK,0.6494,0.0066,0.344
SPADES SEVEN DIAMONDS NINE,0.6858,0.0372,0.277
SPADES SIX DIAMONDS NINE,0.6202,0.008,0.3718
SPADES NINE DIAMONDS NINE,0.3188,0.0086,0.6726
SPADES EIGHT DIAMONDS NINE,0.58,0.006,0.414
SPADES TEN CLUBS KING,0.2282,0.128,0.6438
DIAMONDS NINE SPADES THREE,0.6424,0.0074,0.3502
SPADES JACK CLUBS KING,0.2322,0.0868,0.681
DIAMONDS NINE SPADES TWO,0.6418,0.0078,0.3504
SPADES FIVE DIAMONDS NINE,0.636,0.0064,0.3576
DIAMONDS NINE SPADES FOUR,0.6374,0.008,0.3546
CLUBS NINE DIAMONDS NINE,0.302,0.0102,0.6878
CLUBS EIGHT DIAMONDS NINE,0.5676,0.006,0.4264
CLUBS SIX DIAMONDS NINE,0.625,0.0062,0.3688
SPADES JACK CLUBS FOUR,0.6408,0.0066,0.3526
SPADES TEN CLUBS FOUR,0.6292,0.0076,0.3632
CLUBS FOUR DIAMONDS NINE,0.637,0.0104,0.3526
CLUBS FIVE DIAMONDS NINE,0.622,0.0044,0.3736
CLUBS TWO DIAMONDS NINE,0.6334,0.0084,0.3582
CLUBS THREE DIAMONDS NINE,0.6396,0.0064,0.354
DIAMONDS NINE HEARTS EIGHT,0.5734,0.006,0.4206
DIAMONDS NINE HEARTS NINE,0.3066,0.0092,0.6842
HEARTS SIX DIAMONDS NINE,0.6232,0.0052,0.3716
DIAMONDS NINE HEARTS SEVEN,0.6842,0.0316,0.2842
CLUBS NINE CLUBS EIGHT,0.526,0.0076,0.4664
DIAMONDS ACE DIAMONDS NINE,0.342,0.0018,0.6562
HEARTS FOUR DIAMONDS NINE,0.6388,0.006,0.3552
HEARTS FIVE DIAMONDS NINE,0.615,0.0074,0.3776
CLUBS TWO HEARTS ACE,0.4042,0.0058,0.59
SPADES ACE CLUBS FOUR,0.3878,0.0048,0.6074
DIAMONDS QUEEN DIAMONDS NINE,0.5406,0.0062,0.4532
HEARTS TWO DIAMONDS NINE,0.6332,0.005,0.3618
CLUBS TWO HEARTS KING,0.4774,0.3014,0.2212
DIAMONDS KING DIAMONDS NINE,0.2278,0.1586,0.6136
HEARTS THREE DIAMONDS NINE,0.6314,0.0052,0.3634
CLUBS TWO HEARTS QUEEN,0.631,0.009,0.36
SPADES QUEEN CLUBS FOUR,0.6284,0.0078,0.3638
DIAMONDS NINE DIAMONDS JACK,0.5258,0.0044,0.4698
CLUBS EIGHT SPADES NINE,0.5686,0.0084,0.423
DIAMONDS NINE DIAMONDS TEN,0.5226,0.007,0.4704
CLUBS EIGHT SPADES EIGHT,0.3272,0.011,0.6618
CLUBS EIGHT SPADES SEVEN,0.6924,0.0394,0.2682
CLUBS EIGHT SPADES SIX,0.61,0.0068,0.3832
CLUBS EIGHT SPADES FIVE,0.6058,0.0076,0.3866
CLUBS EIGHT SPADES FOUR,0.6328,0.0086,0.3586
CLUBS EIGHT SPADES THREE,0.6516,0.0088,0.3396
CLUBS EIGHT SPADES TWO,0.6502,0.0082,0.3416
HEARTS SIX DIAMONDS TEN,0.6268,0.0062,0.367
DIAMONDS TEN HEARTS SEVEN,0.6966,0.0298,0.2736
DIAMONDS TEN HEARTS EIGHT,0.5806,0.0058,0.4136
CLUBS FOUR CLUBS JACK,0.5942,0.0092,0.3966
DIAMONDS TEN HEARTS NINE,0.561,0.0066,0.4324
CLUBS TEN CLUBS FOUR,0.5984,0.0076,0.394
CLUBS FOUR CLUBS KING,0.446,0.2912,0.2628
CLUBS FOUR CLUBS QUEEN,0.5986,0.0084,0.393
CLUBS TWO DIAMONDS TEN,0.6366,0.0094,0.354
CLUBS THREE DIAMONDS TEN,0.6426,0.0068,0.3506
CLUBS FOUR CLUBS ACE,0.3712,0.0044,0.6244
DIAMONDS JACK DIAMONDS TEN,0.506,0.0054,0.4886
DIAMONDS QUEEN DIAMONDS TEN,0.5242,0.005,0.4708
HEARTS TWO DIAMONDS TEN,0.637,0.0076,0.3554
DIAMONDS KING DIAMONDS TEN,0.2134,0.1048,0.6818
HEARTS THREE DIAMONDS TEN,0.6326,0.0046,0.3628
DIAMONDS ACE DIAMONDS TEN,0.3242,0.0072,0.6686
HEARTS FOUR DIAMONDS TEN,0.6346,0.0044,0.361
CLUBS EIGHT HEARTS JACK,0.5842,0.0062,0.4096
HEARTS FIVE DIAMONDS TEN,0.621,0.0062,0.3728
CLUBS EIGHT HEARTS TEN,0.5798,0.0078,0.4124
CLUBS EIGHT HEARTS QUEEN,0.5868,0.007,0.4062
CLUBS EIGHT HEARTS KING,0.2264,0.2252,0.5484
CLUBS EIGHT HEARTS ACE,0.3508,0.0038,0.6454
CLUBS NINE SPADES THREE,0.6406,0.0086,0.3508
CLUBS NINE SPADES TWO,0.6546,0.009,0.3364
CLUBS NINE SPADES FIVE,0.6274,0.0078,0.3648
CLUBS NINE SPADES FOUR,0.6432,0.009,0.3478
CLUBS NINE SPADES SEVEN,0.7004,0.0324,0.2672
CLUBS NINE SPADES SIX,0.6102,0.007,0.3828
CLUBS NINE SPADES NINE,0.2998,0.0076,0.6926
CLUBS TEN HEARTS EIGHT,0.5654,0.0052,0.4294
CLUBS NINE SPADES EIGHT,0.5666,0.0062,0.4272
CLUBS JACK HEARTS EIGHT,0.5942,0.0052,0.4006
CLUBS QUEEN HEARTS EIGHT,0.583,0.0078,0.4092
CLUBS KING HEARTS EIGHT,0.213,0.2336,0.5534
CLUBS ACE HEARTS EIGHT,0.3594,0.0036,0.637
SPADES QUEEN CLUBS KING,0.2478,0.0636,0.6886
SPADES ACE CLUBS KING,0.222,0.013,0.765
DIAMONDS ACE HEARTS TEN,0.3482,0.0036,0.6482
HEARTS FOUR HEARTS TEN,0.5994,0.0068,0.3938
DIAMONDS ACE HEARTS JACK,0.3604,0.003,0.6366
HEARTS FOUR HEARTS JACK,0.589,0.0094,0.4016
SPADES QUEEN CLUBS FIVE,0.6386,0.0066,0.3548
SPADES ACE CLUBS FIVE,0.3718,0.0068,0.6214
DIAMONDS JACK HEARTS SEVEN,0.7096,0.0344,0.256
HEARTS SIX DIAMONDS JACK,0.6366,0.0054,0.358
DIAMONDS JACK HEARTS NINE,0.569,0.0068,0.4242
DIAMONDS JACK HEARTS EIGHT,0.5808,0.0076,0.4116
DIAMONDS KING DIAMONDS JACK,0.224,0.089,0.687
HEARTS THREE DIAMONDS JACK,0.6292,0.0058,0.365
SPADES ACE SPADES SIX,0.3706,0.0044,0.625
SPADES FOUR HEARTS ACE,0.3934,0.0034,0.6032
DIAMONDS QUEEN DIAMONDS JACK,0.523,0.006,0.471
HEARTS TWO DIAMONDS JACK,0.6426,0.008,0.3494
HEARTS FIVE DIAMONDS JACK,0.6262,0.0056,0.3682
SPADES QUEEN SPADES SIX,0.6054,0.007,0.3876
SPADES FOUR HEARTS QUEEN,0.6364,0.0084,0.3552
DIAMONDS ACE DIAMONDS JACK,0.338,0.0034,0.6586
HEARTS FOUR DIAMONDS JACK,0.6452,0.0058,0.349
HEARTS KING SPADES FOUR,0.4732,0.2956,0.2312
SPADES TEN SPADES SIX,0.6004,0.008,0.3916
SPADES JACK SPADES SIX,0.6104,0.0088,0.3808
SPADES FOUR DIAMONDS JACK,0.629,0.009,0.362
SPADES FIVE DIAMONDS JACK,0.633,0.007,0.36
DIAMONDS JACK SPADES TWO,0.6376,0.0086,0.3538
SPADES THREE DIAMONDS JACK,0.6332,0.0072,0.3596
SPADES ACE DIAMONDS THREE,0.3968,0.0058,0.5974
SPADES QUEEN DIAMONDS THREE,0.6404,0.0074,0.3522
CLUBS EIGHT DIAMONDS JACK,0.5808,0.0076,0.4116
CLUBS NINE DIAMONDS JACK,0.569,0.0062,0.4248
CLUBS SIX DIAMONDS JACK,0.619,0.0062,0.3748
CLUBS FOUR DIAMONDS JACK,0.6462,0.0076,0.3462
CLUBS FIVE DIAMONDS JACK,0.6386,0.0086,0.3528
CLUBS TWO DIAMONDS JACK,0.6382,0.0074,0.3544
CLUBS THREE DIAMONDS JACK,0.644,0.0094,0.3466
SPADES JACK HEARTS SIX,0.6404,0.0078,0.3518
SPADES TEN CLUBS FIVE,0.635,0.0064,0.3586
SPADES JACK CLUBS FIVE,0.645,0.008,0.347
HEARTS SIX SPADES TEN,0.609,0.0062,0.3848
SPADES JACK DIAMONDS THREE,0.6418,0.0102,0.348
SPADES TEN DIAMONDS THREE,0.6508,0.006,0.3432
SPADES NINE DIAMONDS JACK,0.5784,0.0062,0.4154
DIAMONDS ACE HEARTS ACE,0.1292,0.0016,0.8692
HEARTS FOUR HEARTS ACE,0.3784,0.0042,0.6174
SPADES EIGHT DIAMONDS JACK,0.5878,0.0076,0.4046
SPADES ACE HEARTS SIX,0.385,0.006,0.609
DIAMONDS ACE HEARTS KING,0.2438,0.008,0.7482
HEARTS FOUR HEARTS KING,0.4532,0.2858,0.261
SPADES SEVEN DIAMONDS JACK,0.726,0.0348,0.2392
DIAMONDS ACE HEARTS QUEEN,0.3544,0.0046,0.641
HEARTS FOUR HEARTS QUEEN,0.5924,0.0064,0.4012
SPADES SIX DIAMONDS JACK,0.639,0.0072,0.3538
SPADES QUEEN HEARTS SIX,0.6346,0.0074,0.358
SPADES TWO DIAMONDS TEN,0.6374,0.009,0.3536
SPADES THREE DIAMONDS TEN,0.6244,0.0074,0.3682
SPADES FOUR DIAMONDS TEN,0.6372,0.0076,0.3552
SPADES FIVE DIAMONDS TEN,0.6372,0.007,0.3558
SPADES SIX DIAMONDS TEN,0.6278,0.0086,0.3636
SPADES SEVEN DIAMONDS TEN,0.7046,0.0342,0.2612
SPADES EIGHT DIAMONDS TEN,0.5782,0.0062,0.4156
SPADES NINE DIAMONDS TEN,0.5564,0.006,0.4376
CLUBS FOUR DIAMONDS TEN,0.625,0.0094,0.3656
CLUBS FIVE DIAMONDS TEN,0.6364,0.0066,0.357
CLUBS SIX DIAMONDS TEN,0.6466,0.006,0.3474
CLUBS EIGHT DIAMONDS TEN,0.5752,0.0062,0.4186
CLUBS NINE DIAMONDS TEN,0.5556,0.0066,0.4378
DIAMONDS THREE CLUBS JACK,0.6154,0.0082,0.3764
CLUBS TEN DIAMONDS THREE,0.6386,0.006,0.3554
DIAMONDS THREE CLUBS KING,0.4674,0.2928,0.2398
DIAMONDS THREE CLUBS QUEEN,0.621,0.0088,0.3702
DIAMONDS THREE CLUBS ACE,0.3858,0.0052,0.609
SPADES FOUR HEARTS JACK,0.6318,0.0064,0.3618
SPADES FOUR HEARTS TEN,0.6398,0.0064,0.3538
SPADES FIVE SPADES TWO,0.6196,0.0078,0.3726
SPADES FOUR SPADES TWO,0.611,0.0084,0.3806
SPADES THREE SPADES TWO,0.6148,0.0082,0.377
SPADES NINE SPADES TWO,0.6126,0.0098,0.3776
SPADES EIGHT SPADES TWO,0.623,0.007,0.37
SPADES SEVEN SPADES TWO,0.7082,0.0388,0.253
SPADES SIX SPADES TWO,0.6338,0.0082,0.358
DIAMONDS QUEEN CLUBS THREE,0.6422,0.0064,0.3514
HEARTS TWO CLUBS THREE,0.6682,0.0078,0.324
DIAMONDS QUEEN CLUBS TWO,0.6442,0.0078,0.348
CLUBS TWO HEARTS TWO,0.4534,0.0176,0.529
DIAMONDS QUEEN HEARTS SEVEN,0.7264,0.038,0.2356
HEARTS TWO HEARTS SEVEN,0.6984,0.041,0.2606
HEARTS SIX DIAMONDS QUEEN,0.631,0.009,0.36
HEARTS SIX HEARTS TWO,0.6148,0.0068,0.3784
DIAMONDS QUEEN HEARTS NINE,0.5868,0.0064,0.4068
HEARTS TWO HEARTS NINE,0.5906,0.0086,0.4008
DIAMONDS QUEEN HEARTS EIGHT,0.5884,0.0072,0.4044
HEARTS TWO HEARTS EIGHT,0.5948,0.0046,0.4006
CLUBS NINE HEARTS TWO,0.6448,0.0062,0.349
CLUBS NINE DIAMONDS QUEEN,0.5874,0.007,0.4056
CLUBS EIGHT HEARTS TWO,0.6482,0.0066,0.3452
CLUBS EIGHT DIAMONDS QUEEN,0.5858,0.0052,0.409
CLUBS FIVE DIAMONDS QUEEN,0.6386,0.0074,0.354
CLUBS FIVE HEARTS TWO,0.6442,0.0092,0.3466
SPADES EIGHT HEARTS ACE,0.3536,0.0036,0.6428
CLUBS FOUR DIAMONDS QUEEN,0.6364,0.0072,0.3564
CLUBS FOUR HEARTS TWO,0.6466,0.0094,0.344
SPADES EIGHT HEARTS QUEEN,0.5934,0.0076,0.399
CLUBS SIX DIAMONDS QUEEN,0.6242,0.0062,0.3696
CLUBS SIX HEARTS TWO,0.6552,0.0084,0.3364
SPADES EIGHT HEARTS KING,0.2274,0.2208,0.5518
DIAMONDS QUEEN SPADES SIX,0.63,0.0076,0.3624
HEARTS TWO SPADES SIX,0.663,0.0078,0.3292
HEARTS FOUR CLUBS QUEEN,0.6238,0.008,0.3682
DIAMONDS ACE CLUBS QUEEN,0.349,0.0046,0.6464
DIAMONDS QUEEN SPADES SEVEN,0.7356,0.0374,0.227
SPADES SEVEN HEARTS TWO,0.7398,0.041,0.2192
HEARTS FOUR CLUBS KING,0.4706,0.301,0.2284
DIAMONDS ACE CLUBS KING,0.229,0.0132,0.7578
SPADES EIGHT DIAMONDS QUEEN,0.5902,0.009,0.4008
SPADES EIGHT HEARTS TWO,0.6414,0.0096,0.349
HEARTS FOUR CLUBS ACE,0.3916,0.0034,0.605
DIAMONDS ACE CLUBS ACE,0.1156,0.005,0.8794
SPADES NINE DIAMONDS QUEEN,0.5802,0.006,0.4138
SPADES NINE HEARTS TWO,0.6424,0.0058,0.3518
HEARTS TWO SPADES TWO,0.4692,0.016,0.5148
DIAMONDS QUEEN SPADES TWO,0.639,0.0094,0.3516
HEARTS TWO SPADES THREE,0.6498,0.0104,0.3398
DIAMONDS QUEEN SPADES THREE,0.6348,0.0074,0.3578
HEARTS TWO SPADES FOUR,0.65,0.0084,0.3416
DIAMONDS QUEEN SPADES FOUR,0.6334,0.0078,0.3588
HEARTS FOUR CLUBS TEN,0.6364,0.0064,0.3572
CLUBS TEN DIAMONDS ACE,0.3316,0.0046,0.6638
HEARTS TWO SPADES FIVE,0.6582,0.0086,0.3332
DIAMONDS QUEEN SPADES FIVE,0.6516,0.0092,0.3392
HEARTS FOUR CLUBS JACK,0.6336,0.007,0.3594
DIAMONDS ACE CLUBS JACK,0.3432,0.0044,0.6524
CLUBS FIVE CLUBS KING,0.4614,0.281,0.2576
CLUBS FIVE CLUBS QUEEN,0.59,0.0082,0.4018
CLUBS FIVE CLUBS ACE,0.3642,0.0056,0.6302
CLUBS FIVE CLUBS JACK,0.5968,0.0086,0.3946
CLUBS TEN CLUBS FIVE,0.6068,0.0076,0.3856
SPADES QUEEN CLUBS JACK,0.5464,0.0066,0.447
SPADES ACE CLUBS JACK,0.3388,0.0058,0.6554
SPADES SIX CLUBS KING,0.474,0.3062,0.2198
SPADES SIX CLUBS QUEEN,0.624,0.0084,0.3676
SPADES EIGHT HEARTS JACK,0.5934,0.007,0.3996
SPADES SIX CLUBS ACE,0.3912,0.0036,0.6052
SPADES EIGHT HEARTS TEN,0.5724,0.0082,0.4194
SPADES SIX CLUBS JACK,0.635,0.0082,0.3568
CLUBS TEN SPADES SIX,0.6198,0.0066,0.3736
SPADES TEN CLUBS JACK,0.5452,0.0082,0.4466
SPADES JACK CLUBS JACK,0.2888,0.0058,0.7054
SPADES SIX HEARTS TEN,0.6224,0.007,0.3706
SPADES SIX HEARTS JACK,0.6318,0.0086,0.3596
SPADES SIX HEARTS ACE,0.3972,0.0062,0.5966
SPADES SIX HEARTS KING,0.4736,0.307,0.2194
SPADES SIX HEARTS QUEEN,0.6344,0.0066,0.359
CLUBS TEN HEARTS SIX,0.6214,0.0066,0.372
HEARTS SIX CLUBS JACK,0.6376,0.0082,0.3542
CLUBS ACE CLUBS JACK,0.338,0.0058,0.6562
HEARTS SIX CLUBS QUEEN,0.642,0.0072,0.3508
HEARTS SIX CLUBS KING,0.464,0.3148,0.2212
HEARTS SIX CLUBS ACE,0.3812,0.0036,0.6152
CLUBS QUEEN CLUBS JACK,0.524,0.006,0.47
CLUBS KING CLUBS JACK,0.2284,0.0872,0.6844
DIAMONDS THREE HEARTS ACE,0.3982,0.003,0.5988
DIAMONDS THREE HEARTS QUEEN,0.6262,0.0052,0.3686
DIAMONDS THREE HEARTS KING,0.47,0.3104,0.2196
CLUBS FIVE HEARTS JACK,0.6362,0.0056,0.3582
HEARTS FOUR SPADES TEN,0.6352,0.0064,0.3584
SPADES TEN DIAMONDS ACE,0.3574,0.0038,0.6388
CLUBS FIVE HEARTS TEN,0.6308,0.0066,0.3626
HEARTS FOUR SPADES JACK,0.6394,0.0074,0.3532
SPADES JACK DIAMONDS ACE,0.3492,0.0042,0.6466
SPADES ACE HEARTS FOUR,0.3894,0.005,0.6056
SPADES ACE DIAMONDS ACE,0.1258,0.0042,0.87
CLUBS FIVE HEARTS ACE,0.4032,0.0032,0.5936
CLUBS FIVE HEARTS KING,0.4716,0.3078,0.2206
SPADES QUEEN DIAMONDS ACE,0.3538,0.0044,0.6418
HEARTS FOUR SPADES QUEEN,0.6348,0.0082,0.357
SPADES FOUR CLUBS JACK,0.6234,0.0064,0.3702
CLUBS FIVE HEARTS QUEEN,0.6226,0.008,0.3694
CLUBS TEN SPADES FOUR,0.6326,0.0078,0.3596
DIAMONDS QUEEN DIAMONDS ACE,0.3448,0.0022,0.653
HEARTS TWO DIAMONDS ACE,0.4044,0.0046,0.591
HEARTS FOUR DIAMONDS QUEEN,0.6314,0.0066,0.362
HEARTS FOUR HEARTS TWO,0.6012,0.0094,0.3894
DIAMONDS THREE HEARTS TEN,0.6332,0.005,0.3618
SPADES FOUR CLUBS KING,0.475,0.3048,0.2202
HEARTS FIVE DIAMONDS QUEEN,0.6288,0.006,0.3652
HEARTS FIVE HEARTS TWO,0.5996,0.0068,0.3936
DIAMONDS THREE HEARTS JACK,0.6294,0.0052,0.3654
SPADES FOUR CLUBS QUEEN,0.6256,0.0084,0.366
DIAMONDS QUEEN HEARTS TWO,0.6418,0.007,0.3512
DIAMONDS KING DIAMONDS QUEEN,0.2272,0.0624,0.7104
DIAMONDS KING HEARTS TWO,0.4828,0.2948,0.2224
HEARTS THREE DIAMONDS QUEEN,0.6378,0.0058,0.3564
HEARTS THREE HEARTS TWO,0.6112,0.0102,0.3786
SPADES FOUR CLUBS ACE,0.3968,0.004,0.5992
HEARTS TWO CLUBS ACE,0.3852,0.0046,0.6102
DIAMONDS QUEEN CLUBS ACE,0.3548,0.0038,0.6414
HEARTS TWO CLUBS QUEEN,0.6318,0.0094,0.3588
DIAMONDS QUEEN CLUBS QUEEN,0.2732,0.0038,0.723
HEARTS TWO CLUBS KING,0.475,0.2958,0.2292
DIAMONDS QUEEN CLUBS KING,0.2366,0.0654,0.698
SPADES EIGHT SPADES FIVE,0.5924,0.006,0.4016
CLUBS TEN HEARTS TWO,0.6352,0.0076,0.3572
CLUBS TEN DIAMONDS QUEEN,0.5532,0.0058,0.441
SPADES NINE SPADES FIVE,0.6022,0.007,0.3908
HEARTS TWO CLUBS JACK,0.6394,0.0076,0.353
DIAMONDS QUEEN CLUBS JACK,0.5522,0.0038,0.444
SPADES SIX SPADES FIVE,0.595,0.008,0.397
SPADES SEVEN SPADES FIVE,0.6666,0.0326,0.3008
DIAMONDS FIVE CLUBS QUEEN,0.622,0.0076,0.3704
SPADES EIGHT CLUBS ACE,0.3568,0.0046,0.6386
DIAMONDS FIVE CLUBS KING,0.4752,0.2928,0.232
SPADES EIGHT CLUBS KING,0.2142,0.2378,0.548
CLUBS ACE DIAMONDS FIVE,0.389,0.0068,0.6042
SPADES EIGHT CLUBS QUEEN,0.5812,0.0098,0.409
SPADES EIGHT CLUBS JACK,0.5794,0.0088,0.4118
CLUBS TEN SPADES EIGHT,0.5864,0.0046,0.409
CLUBS TEN DIAMONDS FIVE,0.637,0.009,0.354
DIAMONDS FIVE CLUBS JACK,0.6202,0.006,0.3738
HEARTS JACK DIAMONDS TEN,0.5514,0.0044,0.4442
DIAMONDS TEN HEARTS TEN,0.307,0.0058,0.6872
SPADES ACE CLUBS NINE,0.3518,0.0044,0.6438
CLUBS NINE SPADES QUEEN,0.569,0.0076,0.4234
HEARTS SIX HEARTS KING,0.4346,0.2972,0.2682
DIAMONDS KING SPADES SEVEN,0.0212,0.9656,0.0132
HEARTS THREE SPADES SEVEN,0.7176,0.0414,0.241
HEARTS SIX HEARTS QUEEN,0.5992,0.0056,0.3952
DIAMONDS KING SPADES SIX,0.482,0.299,0.219
HEARTS THREE SPADES SIX,0.6536,0.0078,0.3386
SPADES QUEEN DIAMONDS SEVEN,0.7426,0.0362,0.2212
SPADES NINE DIAMONDS KING,0.2306,0.17,0.5994
HEARTS THREE SPADES NINE,0.643,0.0058,0.3512
HEARTS SIX HEARTS ACE,0.363,0.0034,0.6336
DIAMONDS KING SPADES EIGHT,0.2364,0.2294,0.5342
HEARTS THREE SPADES EIGHT,0.6476,0.0072,0.3452
SPADES ACE DIAMONDS SEVEN,0.222,0.0312,0.7468
