opposingHand,winningChance,drawChance,lostChance
SPADES THREE DIAMONDS SEVEN
HEARTS FIVE SPADES TEN,0.367,0.0256,0.6074
HEARTS FIVE SPADES JACK,0.3604,0.0202,0.6194
SPADES FIVE CLUBS JACK,0.338,0.021,0.641
CLUBS TEN SPADES FIVE,0.3624,0.027,0.6106
CLUBS EIGHT CLUBS JACK,0.3058,0.016,0.6782
CLUBS TEN CLUBS EIGHT,0.2988,0.0252,0.676
CLUBS EIGHT CLUBS KING,0.3178,0.0082,0.674
SPADES FIVE CLUBS ACE,0.3436,0.0048,0.6516
CLUBS EIGHT CLUBS QUEEN,0.3132,0.0112,0.6756
SPADES FIVE CLUBS KING,0.3564,0.0082,0.6354
SPADES FIVE CLUBS QUEEN,0.3538,0.0122,0.634
CLUBS EIGHT CLUBS ACE,0.3178,0.0032,0.679
DIAMONDS TWO DIAMONDS THREE,0.5384,0.1958,0.2658
DIAMONDS TWO DIAMONDS FIVE,0.5184,0.102,0.3796
HEARTS FIVE SPADES KING,0.3756,0.0092,0.6152
DIAMONDS TWO DIAMONDS FOUR,0.5282,0.0982,0.3736
HEARTS FIVE SPADES QUEEN,0.3532,0.0124,0.6344
DIAMONDS TWO DIAMONDS SIX,0.5142,0.1016,0.3842
SPADES ACE HEARTS FIVE,0.3536,0.0042,0.6422
DIAMONDS TWO DIAMONDS NINE,0.3804,0.0446,0.575
DIAMONDS TWO DIAMONDS EIGHT,0.3758,0.0644,0.5598
DIAMONDS THREE DIAMONDS FOUR,0.518,0.195,0.287
CLUBS TWO SPADES FOUR,0.5296,0.1066,0.3638
DIAMONDS THREE DIAMONDS FIVE,0.5124,0.193,0.2946
SPADES FIVE CLUBS TWO,0.5344,0.1042,0.3614
CLUBS TWO SPADES TWO,0.35,0.131,0.519
DIAMONDS THREE DIAMONDS EIGHT,0.2382,0.1382,0.6236
SPADES EIGHT CLUBS TWO,0.4014,0.0728,0.5258
DIAMONDS THREE DIAMONDS NINE,0.2442,0.0968,0.659
SPADES NINE CLUBS TWO,0.3928,0.048,0.5592
DIAMONDS THREE DIAMONDS SIX,0.546,0.1912,0.2628
SPADES SIX CLUBS TWO,0.5402,0.0996,0.3602
SPADES SEVEN CLUBS TWO,0.2788,0.5086,0.2126
CLUBS SIX CLUBS TWO,0.5104,0.1026,0.387
CLUBS SEVEN CLUBS TWO,0.2514,0.4776,0.271
CLUBS FOUR CLUBS TWO,0.4864,0.1082,0.4054
CLUBS FIVE CLUBS TWO,0.4948,0.1014,0.4038
CLUBS TEN CLUBS JACK,0.3018,0.0152,0.683
DIAMONDS FOUR DIAMONDS SIX,0.4678,0.097,0.4352
CLUBS TEN CLUBS QUEEN,0.3148,0.0098,0.6754
CLUBS TEN CLUBS KING,0.3054,0.0084,0.6862
CLUBS TEN CLUBS ACE,0.3232,0.0044,0.6724
CLUBS EIGHT CLUBS TWO,0.3752,0.0586,0.5662
DIAMONDS FIVE DIAMONDS FOUR,0.4742,0.1058,0.42
CLUBS NINE CLUBS TWO,0.386,0.0426,0.5714
DIAMONDS NINE DIAMONDS FOUR,0.3408,0.0436,0.6156
DIAMONDS FOUR DIAMONDS EIGHT,0.331,0.0694,0.5996
CLUBS THREE CLUBS TWO,0.5256,0.191,0.2834
DIAMONDS NINE DIAMONDS FIVE,0.3478,0.0428,0.6094
DIAMONDS TWO CLUBS JACK,0.3996,0.0232,0.5772
DIAMONDS FIVE DIAMONDS EIGHT,0.3124,0.07,0.6176
CLUBS TEN DIAMONDS TWO,0.3944,0.0332,0.5724
DIAMONDS FIVE DIAMONDS SIX,0.455,0.0988,0.4462
DIAMONDS TWO CLUBS ACE,0.3966,0.0064,0.597
DIAMONDS TWO CLUBS KING,0.4002,0.0092,0.5906
DIAMONDS TWO CLUBS QUEEN,0.4106,0.0146,0.5748
DIAMONDS EIGHT DIAMONDS SIX,0.315,0.0622,0.6228
DIAMONDS NINE DIAMONDS SIX,0.3194,0.0404,0.6402
DIAMONDS NINE DIAMONDS EIGHT,0.2984,0.0394,0.6622
DIAMONDS KING HEARTS TEN,0.327,0.0054,0.6676
HEARTS THREE HEARTS TEN,0.2318,0.0682,0.7
SPADES JACK CLUBS SIX,0.3614,0.0188,0.6198
DIAMONDS KING HEARTS JACK,0.3322,0.007,0.6608
HEARTS THREE HEARTS JACK,0.2376,0.0524,0.71
SPADES TEN CLUBS SIX,0.3468,0.0306,0.6226
SPADES JACK SPADES FIVE,0.338,0.0182,0.6438
SPADES TEN SPADES FIVE,0.333,0.0248,0.6422
DIAMONDS KING HEARTS ACE,0.3274,0.0062,0.6664
HEARTS THREE HEARTS ACE,0.2434,0.0138,0.7428
SPADES ACE CLUBS SIX,0.3596,0.0044,0.636
DIAMONDS KING HEARTS QUEEN,0.3358,0.0064,0.6578
HEARTS THREE HEARTS QUEEN,0.2448,0.0398,0.7154
SPADES KING CLUBS SIX,0.3578,0.0062,0.636
DIAMONDS KING HEARTS KING,0.1396,0.0178,0.8426
HEARTS THREE HEARTS KING,0.251,0.0264,0.7226
SPADES QUEEN CLUBS SIX,0.3566,0.0118,0.6316
SPADES NINE HEARTS TEN,0.3058,0.0232,0.671
SPADES NINE HEARTS JACK,0.3238,0.0182,0.658
SPADES QUEEN SPADES FIVE,0.3366,0.0172,0.6462
SPADES KING SPADES FIVE,0.3462,0.0094,0.6444
SPADES ACE SPADES FIVE,0.3256,0.0052,0.6692
SPADES NINE HEARTS QUEEN,0.3272,0.012,0.6608
SPADES NINE HEARTS KING,0.3408,0.0092,0.65
SPADES NINE HEARTS ACE,0.3304,0.0046,0.665
CLUBS TEN SPADES JACK,0.3076,0.0152,0.6772
CLUBS TEN SPADES TEN,0.1472,0.0554,0.7974
SPADES ACE CLUBS TEN,0.3284,0.0056,0.666
SPADES KING CLUBS TEN,0.333,0.0086,0.6584
CLUBS TEN SPADES QUEEN,0.3176,0.0108,0.6716
SPADES FIVE HEARTS QUEEN,0.3472,0.0144,0.6384
SPADES FIVE HEARTS KING,0.359,0.0092,0.6318
HEARTS ACE SPADES FIVE,0.349,0.0038,0.6472
CLUBS EIGHT SPADES TEN,0.3096,0.0266,0.6638
SPADES JACK HEARTS THREE,0.247,0.057,0.696
SPADES JACK DIAMONDS KING,0.3258,0.0066,0.6676
SPADES TEN DIAMONDS KING,0.331,0.0064,0.6626
SPADES TEN HEARTS THREE,0.2588,0.0744,0.6668
SPADES JACK CLUBS EIGHT,0.3216,0.0162,0.6622
CLUBS SIX HEARTS ACE,0.3616,0.0044,0.634
SPADES ACE CLUBS EIGHT,0.3232,0.0048,0.672
HEARTS FIVE CLUBS JACK,0.358,0.0202,0.6218
HEARTS FIVE CLUBS TEN,0.3532,0.032,0.6148
CLUBS SIX HEARTS QUEEN,0.3688,0.012,0.6192
SPADES QUEEN CLUBS EIGHT,0.3306,0.015,0.6544
CLUBS SIX HEARTS KING,0.3602,0.0082,0.6316
SPADES KING CLUBS EIGHT,0.3276,0.0088,0.6636
DIAMONDS TWO HEARTS JACK,0.3948,0.0196,0.5856
DIAMONDS TWO HEARTS TEN,0.4062,0.0302,0.5636
HEARTS FIVE CLUBS ACE,0.348,0.0036,0.6484
SPADES FIVE HEARTS TEN,0.358,0.0312,0.6108
HEARTS FIVE CLUBS KING,0.3622,0.0092,0.6286
SPADES FIVE HEARTS JACK,0.3572,0.0194,0.6234
HEARTS FIVE CLUBS QUEEN,0.3698,0.0118,0.6184
HEARTS THREE CLUBS KING,0.2634,0.0318,0.7048
DIAMONDS KING CLUBS KING,0.1338,0.0166,0.8496
HEARTS THREE CLUBS QUEEN,0.2624,0.0378,0.6998
DIAMONDS KING CLUBS QUEEN,0.335,0.0088,0.6562
HEARTS FIVE HEARTS JACK,0.3406,0.02,0.6394
HEARTS FIVE HEARTS TEN,0.3302,0.026,0.6438
HEARTS THREE CLUBS ACE,0.252,0.0166,0.7314
DIAMONDS KING CLUBS ACE,0.3404,0.003,0.6566
SPADES ACE CLUBS QUEEN,0.317,0.0044,0.6786
SPADES KING CLUBS QUEEN,0.3336,0.0108,0.6556
HEARTS THREE CLUBS JACK,0.2632,0.0508,0.686
DIAMONDS KING CLUBS JACK,0.3386,0.0058,0.6556
SPADES QUEEN CLUBS QUEEN,0.1434,0.0318,0.8248
CLUBS TEN HEARTS THREE,0.2562,0.0746,0.6692
CLUBS TEN DIAMONDS KING,0.3292,0.0064,0.6644
SPADES JACK CLUBS QUEEN,0.3236,0.0112,0.6652
CLUBS SIX CLUBS QUEEN,0.3344,0.0132,0.6524
SPADES TEN CLUBS QUEEN,0.3218,0.012,0.6662
CLUBS SIX CLUBS KING,0.3364,0.0082,0.6554
CLUBS SIX CLUBS ACE,0.3318,0.0042,0.664
HEARTS FIVE HEARTS KING,0.3456,0.0092,0.6452
HEARTS FIVE HEARTS QUEEN,0.3324,0.0122,0.6554
CLUBS TEN CLUBS SIX,0.333,0.0212,0.6458
HEARTS FIVE HEARTS ACE,0.326,0.0052,0.6688
CLUBS SIX CLUBS JACK,0.3448,0.016,0.6392
SPADES SEVEN HEARTS JACK,0.2344,0.0576,0.708
SPADES SEVEN HEARTS TEN,0.2338,0.0808,0.6854
DIAMONDS TWO CLUBS TWO,0.36,0.1228,0.5172
DIAMONDS TWO CLUBS THREE,0.5678,0.197,0.2352
DIAMONDS TWO HEARTS SIX,0.554,0.1012,0.3448
DIAMONDS TWO HEARTS QUEEN,0.4038,0.014,0.5822
HEARTS SEVEN DIAMONDS TWO,0.2896,0.5066,0.2038
DIAMONDS TWO HEARTS KING,0.406,0.0104,0.5836
DIAMONDS TWO HEARTS EIGHT,0.3986,0.0672,0.5342
DIAMONDS TWO HEARTS ACE,0.3958,0.0058,0.5984
DIAMONDS TWO HEARTS NINE,0.3948,0.049,0.5562
DIAMONDS TWO DIAMONDS QUEEN,0.3824,0.0126,0.605
DIAMONDS TWO HEARTS TWO,0.3582,0.1224,0.5194
DIAMONDS TWO DIAMONDS KING,0.3812,0.0116,0.6072
DIAMONDS TWO HEARTS THREE,0.5626,0.2018,0.2356
DIAMONDS TWO DIAMONDS ACE,0.3676,0.0058,0.6266
HEARTS FOUR DIAMONDS TWO,0.5418,0.1016,0.3566
HEARTS FIVE DIAMONDS TWO,0.536,0.1108,0.3532
SPADES SEVEN HEARTS ACE,0.2306,0.0304,0.739
DIAMONDS TWO DIAMONDS TEN,0.3764,0.0344,0.5892
SPADES SEVEN HEARTS KING,0.241,0.0452,0.7138
DIAMONDS TWO DIAMONDS JACK,0.373,0.0186,0.6084
SPADES SEVEN HEARTS QUEEN,0.2402,0.0422,0.7176
DIAMONDS TWO SPADES NINE,0.3994,0.042,0.5586
DIAMONDS TWO SPADES EIGHT,0.405,0.0692,0.5258
DIAMONDS TWO SPADES SEVEN,0.266,0.5258,0.2082
DIAMONDS TWO SPADES SIX,0.5406,0.109,0.3504
DIAMONDS TWO SPADES FIVE,0.5208,0.1142,0.365
DIAMONDS TWO SPADES FOUR,0.5414,0.1112,0.3474
DIAMONDS TWO SPADES TWO,0.3434,0.1278,0.5288
CLUBS NINE DIAMONDS TWO,0.4038,0.0422,0.554
DIAMONDS TWO CLUBS EIGHT,0.4134,0.0658,0.5208
CLUBS SEVEN DIAMONDS TWO,0.2798,0.5118,0.2084
DIAMONDS TWO CLUBS SIX,0.5656,0.1066,0.3278
DIAMONDS TWO CLUBS FIVE,0.5276,0.112,0.3604
DIAMONDS TWO CLUBS FOUR,0.5454,0.103,0.3516
CLUBS FOUR SPADES FIVE,0.4832,0.1054,0.4114
CLUBS FOUR SPADES FOUR,0.2328,0.1194,0.6478
CLUBS FOUR SPADES TWO,0.537,0.103,0.36
SPADES NINE CLUBS FOUR,0.3538,0.048,0.5982
SPADES EIGHT CLUBS FOUR,0.3366,0.0678,0.5956
SPADES SEVEN CLUBS FOUR,0.213,0.5178,0.2692
CLUBS FOUR SPADES SIX,0.4832,0.1024,0.4144
SPADES ACE DIAMONDS SIX,0.3682,0.0058,0.626
SPADES QUEEN DIAMONDS SIX,0.3696,0.0132,0.6172
SPADES KING DIAMONDS SIX,0.3644,0.0098,0.6258
SPADES TEN DIAMONDS SIX,0.3486,0.029,0.6224
SPADES JACK DIAMONDS SIX,0.347,0.0234,0.6296
SPADES QUEEN SPADES TWO,0.3822,0.0118,0.606
SPADES KING SPADES TWO,0.3766,0.0084,0.615
SPADES ACE SPADES TWO,0.372,0.0062,0.6218
DIAMONDS JACK CLUBS JACK,0.1378,0.0416,0.8206
CLUBS TEN DIAMONDS JACK,0.323,0.0146,0.6624
DIAMONDS JACK CLUBS KING,0.3356,0.0064,0.658
DIAMONDS JACK CLUBS QUEEN,0.3086,0.0086,0.6828
DIAMONDS THREE DIAMONDS JACK,0.2502,0.05,0.6998
DIAMONDS THREE DIAMONDS TEN,0.2408,0.0744,0.6848
DIAMONDS JACK CLUBS ACE,0.3248,0.0052,0.67
DIAMONDS THREE DIAMONDS KING,0.2378,0.0274,0.7348
DIAMONDS THREE HEARTS THREE,0.26,0.089,0.651
DIAMONDS THREE DIAMONDS QUEEN,0.2428,0.04,0.7172
DIAMONDS THREE HEARTS TWO,0.5516,0.2064,0.242
HEARTS FIVE DIAMONDS THREE,0.5428,0.202,0.2552
DIAMONDS THREE DIAMONDS ACE,0.2412,0.013,0.7458
HEARTS FOUR DIAMONDS THREE,0.5446,0.1994,0.256
HEARTS SEVEN DIAMONDS THREE,0.018,0.9706,0.0114
SPADES TEN SPADES NINE,0.2994,0.0256,0.675
HEARTS SIX DIAMONDS THREE,0.5644,0.1938,0.2418
SPADES JACK SPADES NINE,0.3148,0.013,0.6722
DIAMONDS THREE HEARTS NINE,0.2426,0.1056,0.6518
HEARTS JACK DIAMONDS FOUR,0.3644,0.0208,0.6148
HEARTS ACE HEARTS KING,0.3192,0.0048,0.676
SPADES TEN SPADES TWO,0.3748,0.0358,0.5894
DIAMONDS THREE HEARTS EIGHT,0.2438,0.144,0.6122
HEARTS TEN DIAMONDS FOUR,0.36,0.0316,0.6084
SPADES JACK SPADES TWO,0.3908,0.0178,0.5914
HEARTS QUEEN DIAMONDS FOUR,0.3642,0.0154,0.6204
HEARTS KING DIAMONDS FOUR,0.3718,0.0096,0.6186
SPADES ACE SPADES NINE,0.3102,0.0052,0.6846
HEARTS ACE DIAMONDS FOUR,0.3484,0.0056,0.646
SPADES KING SPADES NINE,0.3152,0.0076,0.6772
SPADES QUEEN SPADES NINE,0.3054,0.0142,0.6804
DIAMONDS THREE SPADES NINE,0.2466,0.109,0.6444
DIAMONDS THREE SPADES EIGHT,0.2568,0.1372,0.606
DIAMONDS THREE SPADES SEVEN,0.0072,0.984,0.0088
DIAMONDS THREE SPADES SIX,0.5612,0.2016,0.2372
DIAMONDS THREE CLUBS SIX,0.5654,0.1924,0.2422
CLUBS FIVE CLUBS SIX,0.4646,0.096,0.4394
CLUBS ACE DIAMONDS FOUR,0.3624,0.0048,0.6328
CLUBS SEVEN DIAMONDS THREE,0.0178,0.9712,0.011
CLUBS SEVEN CLUBS FIVE,0.2046,0.4166,0.3788
DIAMONDS THREE CLUBS FOUR,0.5352,0.2014,0.2634
DIAMONDS FOUR CLUBS QUEEN,0.3602,0.013,0.6268
DIAMONDS THREE CLUBS FIVE,0.5504,0.194,0.2556
CLUBS KING DIAMONDS FOUR,0.3586,0.0088,0.6326
DIAMONDS THREE CLUBS TWO,0.5634,0.2056,0.231
CLUBS TEN DIAMONDS FOUR,0.3626,0.0292,0.6082
DIAMONDS THREE CLUBS THREE,0.2692,0.0894,0.6414
DIAMONDS FOUR CLUBS JACK,0.3776,0.0172,0.6052
DIAMONDS THREE SPADES FOUR,0.5452,0.1964,0.2584
DIAMONDS THREE SPADES FIVE,0.5484,0.1976,0.254
DIAMONDS THREE SPADES TWO,0.5622,0.2006,0.2372
CLUBS EIGHT DIAMONDS THREE,0.2542,0.1396,0.6062
CLUBS NINE DIAMONDS THREE,0.2622,0.1076,0.6302
SPADES SEVEN CLUBS ACE,0.226,0.0272,0.7468
SPADES SEVEN CLUBS QUEEN,0.2398,0.049,0.7112
SPADES SEVEN CLUBS KING,0.2292,0.0422,0.7286
CLUBS FIVE SPADES SEVEN,0.2116,0.438,0.3504
CLUBS TEN SPADES SEVEN,0.2388,0.0808,0.6804
CLUBS FIVE SPADES SIX,0.4728,0.1038,0.4234
SPADES SEVEN CLUBS JACK,0.2302,0.0676,0.7022
CLUBS FIVE SPADES NINE,0.3448,0.0446,0.6106
CLUBS FIVE SPADES EIGHT,0.336,0.0636,0.6004
CLUBS FIVE SPADES TWO,0.537,0.1072,0.3558
CLUBS FIVE SPADES FIVE,0.2522,0.1044,0.6434
CLUBS FIVE SPADES FOUR,0.4772,0.107,0.4158
CLUBS NINE CLUBS FIVE,0.331,0.0406,0.6284
CLUBS EIGHT CLUBS FIVE,0.3266,0.0614,0.612
CLUBS ACE CLUBS QUEEN,0.3156,0.004,0.6804
CLUBS KING CLUBS QUEEN,0.3032,0.0056,0.6912
DIAMONDS TEN DIAMONDS FOUR,0.3394,0.03,0.6306
CLUBS TEN DIAMONDS NINE,0.315,0.0236,0.6614
DIAMONDS JACK DIAMONDS FOUR,0.3442,0.0198,0.636
DIAMONDS NINE CLUBS JACK,0.328,0.0162,0.6558
SPADES NINE CLUBS JACK,0.319,0.0192,0.6618
CLUBS TEN SPADES NINE,0.3178,0.0248,0.6574
DIAMONDS ACE DIAMONDS FOUR,0.3266,0.0056,0.6678
HEARTS FOUR DIAMONDS FOUR,0.248,0.1126,0.6394
DIAMONDS JACK HEARTS TEN,0.3236,0.0168,0.6596
SPADES NINE CLUBS KING,0.3352,0.0048,0.66
DIAMONDS TWO SPADES TEN,0.3932,0.0326,0.5742
DIAMONDS NINE CLUBS ACE,0.3328,0.0056,0.6616
HEARTS FIVE DIAMONDS FOUR,0.4794,0.1046,0.416
DIAMONDS JACK HEARTS JACK,0.1452,0.0396,0.8152
SPADES NINE CLUBS QUEEN,0.3216,0.0116,0.6668
DIAMONDS TWO SPADES JACK,0.4026,0.0204,0.577
DIAMONDS QUEEN DIAMONDS FOUR,0.348,0.0114,0.6406
HEARTS TWO DIAMONDS FOUR,0.5204,0.1084,0.3712
DIAMONDS NINE CLUBS QUEEN,0.3462,0.014,0.6398
DIAMONDS KING DIAMONDS FOUR,0.3398,0.0104,0.6498
HEARTS THREE DIAMONDS FOUR,0.5298,0.2078,0.2624
SPADES NINE CLUBS ACE,0.3222,0.0046,0.6732
DIAMONDS NINE CLUBS KING,0.3302,0.0074,0.6624
HEARTS ACE DIAMONDS JACK,0.3256,0.0062,0.6682
SPADES ACE DIAMONDS TWO,0.3854,0.006,0.6086
HEARTS QUEEN DIAMONDS JACK,0.32,0.0098,0.6702
SPADES QUEEN DIAMONDS TWO,0.3994,0.0142,0.5864
HEARTS KING DIAMONDS JACK,0.3254,0.0072,0.6674
SPADES KING DIAMONDS TWO,0.4106,0.0096,0.5798
SPADES JACK SPADES SEVEN,0.2362,0.0602,0.7036
SPADES TEN SPADES SEVEN,0.2352,0.0808,0.684
CLUBS SEVEN CLUBS THREE,0.0214,0.9084,0.0702
CLUBS SIX CLUBS THREE,0.5292,0.1904,0.2804
CLUBS FIVE CLUBS THREE,0.5,0.1948,0.3052
CLUBS THREE CLUBS FOUR,0.5162,0.1896,0.2942
CLUBS NINE CLUBS THREE,0.243,0.0922,0.6648
CLUBS EIGHT CLUBS THREE,0.2378,0.1296,0.6326
CLUBS THREE SPADES FIVE,0.5204,0.2094,0.2702
CLUBS THREE SPADES FOUR,0.542,0.1936,0.2644
CLUBS THREE SPADES TWO,0.5634,0.2038,0.2328
CLUBS THREE SPADES SIX,0.5622,0.1996,0.2382
CLUBS THREE SPADES SEVEN,0.0098,0.9736,0.0166
SPADES EIGHT CLUBS THREE,0.2458,0.134,0.6202
SPADES NINE CLUBS THREE,0.238,0.1032,0.6588
SPADES TWO DIAMONDS FOUR,0.5394,0.1148,0.3458
SPADES FOUR DIAMONDS FOUR,0.2518,0.1208,0.6274
SPADES FIVE DIAMONDS FOUR,0.4862,0.0966,0.4172
SPADES SIX DIAMONDS FOUR,0.4952,0.0982,0.4066
SPADES SEVEN DIAMONDS FOUR,0.209,0.5252,0.2658
SPADES EIGHT DIAMONDS FOUR,0.3436,0.0706,0.5858
SPADES NINE DIAMONDS FOUR,0.3582,0.0454,0.5964
CLUBS FIVE DIAMONDS FOUR,0.4814,0.1082,0.4104
CLUBS FOUR DIAMONDS FOUR,0.2536,0.127,0.6194
CLUBS SEVEN DIAMONDS FOUR,0.2228,0.5032,0.274
CLUBS SIX DIAMONDS FOUR,0.5062,0.1078,0.386
CLUBS NINE DIAMONDS FOUR,0.3538,0.0416,0.6046
CLUBS EIGHT DIAMONDS FOUR,0.3698,0.0694,0.5608
HEARTS SEVEN DIAMONDS FOUR,0.218,0.5112,0.2708
HEARTS SIX DIAMONDS FOUR,0.4978,0.1098,0.3924
DIAMONDS FOUR HEARTS NINE,0.3584,0.0454,0.5962
DIAMONDS FOUR HEARTS EIGHT,0.3596,0.0608,0.5796
CLUBS THREE DIAMONDS FOUR,0.5584,0.1922,0.2494
CLUBS TWO DIAMONDS FOUR,0.5414,0.0938,0.3648
DIAMONDS TEN DIAMONDS FIVE,0.3406,0.0296,0.6298
DIAMONDS JACK DIAMONDS FIVE,0.3412,0.0184,0.6404
DIAMONDS NINE HEARTS QUEEN,0.32,0.014,0.666
DIAMONDS NINE HEARTS KING,0.33,0.009,0.661
HEARTS ACE DIAMONDS NINE,0.3292,0.0042,0.6666
DIAMONDS NINE HEARTS TEN,0.2972,0.0246,0.6782
DIAMONDS NINE HEARTS JACK,0.3128,0.0186,0.6686
CLUBS KING DIAMONDS SIX,0.3642,0.009,0.6268
CLUBS QUEEN DIAMONDS SIX,0.363,0.0124,0.6246
CLUBS ACE DIAMONDS SIX,0.3598,0.0044,0.6358
SPADES KING DIAMONDS FOUR,0.3606,0.0076,0.6318
SPADES ACE SPADES SEVEN,0.2188,0.032,0.7492
SPADES QUEEN DIAMONDS FOUR,0.3516,0.0136,0.6348
SPADES QUEEN SPADES SEVEN,0.227,0.0478,0.7252
CLUBS JACK DIAMONDS SIX,0.38,0.0204,0.5996
SPADES KING SPADES SEVEN,0.2352,0.036,0.7288
SPADES ACE DIAMONDS FOUR,0.3416,0.007,0.6514
CLUBS TEN DIAMONDS SIX,0.3566,0.0276,0.6158
CLUBS NINE CLUBS FOUR,0.3398,0.039,0.6212
CLUBS EIGHT CLUBS FOUR,0.3238,0.0724,0.6038
SPADES JACK DIAMONDS FOUR,0.371,0.0206,0.6084
SPADES TEN DIAMONDS FOUR,0.362,0.0298,0.6082
CLUBS FIVE CLUBS FOUR,0.4598,0.0966,0.4436
CLUBS SEVEN CLUBS FOUR,0.2098,0.466,0.3242
CLUBS SIX CLUBS FOUR,0.4676,0.1056,0.4268
CLUBS SEVEN SPADES EIGHT,0.208,0.1454,0.6466
CLUBS SEVEN SPADES NINE,0.2294,0.1076,0.663
CLUBS SEVEN SPADES SIX,0.2114,0.3692,0.4194
CLUBS SEVEN SPADES SEVEN,0.071,0.1092,0.8198
CLUBS SEVEN SPADES FIVE,0.2064,0.4614,0.3322
CLUBS SEVEN SPADES FOUR,0.2184,0.502,0.2796
CLUBS SEVEN SPADES TWO,0.2902,0.4962,0.2136
CLUBS NINE CLUBS SEVEN,0.225,0.0986,0.6764
CLUBS SEVEN CLUBS EIGHT,0.2164,0.1286,0.655
HEARTS SIX DIAMONDS FIVE,0.4876,0.1028,0.4096
HEARTS SEVEN DIAMONDS FIVE,0.2174,0.4462,0.3364
DIAMONDS FIVE HEARTS EIGHT,0.3376,0.0638,0.5986
DIAMONDS FIVE HEARTS NINE,0.3426,0.051,0.6064
DIAMONDS QUEEN DIAMONDS FIVE,0.3472,0.0128,0.64
HEARTS TWO DIAMONDS FIVE,0.5386,0.105,0.3564
HEARTS KING HEARTS EIGHT,0.3066,0.006,0.6874
DIAMONDS KING DIAMONDS FIVE,0.3394,0.0108,0.6498
HEARTS THREE DIAMONDS FIVE,0.5492,0.1946,0.2562
HEARTS QUEEN HEARTS EIGHT,0.3164,0.0152,0.6684
DIAMONDS ACE DIAMONDS FIVE,0.3264,0.0058,0.6678
HEARTS FOUR DIAMONDS FIVE,0.4866,0.1112,0.4022
HEARTS FIVE DIAMONDS FIVE,0.2442,0.1044,0.6514
HEARTS ACE HEARTS EIGHT,0.3104,0.006,0.6836
CLUBS FOUR DIAMONDS FIVE,0.4976,0.1036,0.3988
CLUBS FIVE DIAMONDS FIVE,0.2408,0.12,0.6392
CLUBS SIX DIAMONDS FIVE,0.4894,0.0984,0.4122
CLUBS SEVEN DIAMONDS FIVE,0.2152,0.4542,0.3306
CLUBS TWO DIAMONDS FIVE,0.532,0.1074,0.3606
CLUBS THREE DIAMONDS FIVE,0.5456,0.2102,0.2442
SPADES TWO DIAMONDS FIVE,0.5464,0.1118,0.3418
SPADES JACK DIAMONDS EIGHT,0.3304,0.017,0.6526
SPADES FIVE DIAMONDS FIVE,0.2384,0.112,0.6496
CLUBS TEN HEARTS JACK,0.3254,0.0132,0.6614
SPADES TEN DIAMONDS EIGHT,0.2966,0.0254,0.678
SPADES FOUR DIAMONDS FIVE,0.4896,0.1022,0.4082
HEARTS JACK CLUBS JACK,0.1504,0.041,0.8086
HEARTS JACK CLUBS QUEEN,0.3222,0.0086,0.6692
CLUBS NINE DIAMONDS FIVE,0.3582,0.0422,0.5996
CLUBS KING HEARTS JACK,0.3292,0.0062,0.6646
CLUBS EIGHT DIAMONDS FIVE,0.3372,0.0612,0.6016
CLUBS ACE HEARTS JACK,0.332,0.003,0.665
SPADES SEVEN DIAMONDS FIVE,0.2122,0.4528,0.335
SPADES KING DIAMONDS EIGHT,0.3226,0.007,0.6704
SPADES QUEEN DIAMONDS EIGHT,0.332,0.0136,0.6544
SPADES SIX DIAMONDS FIVE,0.491,0.1046,0.4044
SPADES NINE DIAMONDS FIVE,0.344,0.0428,0.6132
SPADES EIGHT DIAMONDS FIVE,0.3418,0.066,0.5922
SPADES ACE DIAMONDS EIGHT,0.3042,0.004,0.6918
DIAMONDS TEN DIAMONDS SIX,0.341,0.0302,0.6288
DIAMONDS JACK DIAMONDS SIX,0.3426,0.0202,0.6372
DIAMONDS ACE DIAMONDS SIX,0.33,0.0056,0.6644
HEARTS FOUR DIAMONDS SIX,0.5036,0.1034,0.393
SPADES TWO HEARTS JACK,0.4044,0.0206,0.575
HEARTS FIVE DIAMONDS SIX,0.4792,0.102,0.4188
SPADES TWO HEARTS TEN,0.4044,0.0288,0.5668
DIAMONDS QUEEN DIAMONDS SIX,0.347,0.0114,0.6416
HEARTS TWO DIAMONDS SIX,0.53,0.103,0.367
DIAMONDS KING DIAMONDS SIX,0.357,0.007,0.636
HEARTS THREE DIAMONDS SIX,0.5632,0.1962,0.2406
HEARTS EIGHT DIAMONDS SIX,0.335,0.0664,0.5986
HEARTS NINE DIAMONDS SIX,0.3416,0.043,0.6154
HEARTS SIX DIAMONDS SIX,0.2328,0.1098,0.6574
HEARTS SEVEN DIAMONDS SIX,0.212,0.3768,0.4112
CLUBS TWO DIAMONDS SIX,0.5556,0.1038,0.3406
CLUBS THREE DIAMONDS SIX,0.5714,0.1928,0.2358
CLUBS SEVEN DIAMONDS SIX,0.2212,0.3724,0.4064
DIAMONDS EIGHT CLUBS JACK,0.3286,0.0168,0.6546
CLUBS SIX DIAMONDS SIX,0.2434,0.1004,0.6562
CLUBS TEN DIAMONDS EIGHT,0.3166,0.0274,0.656
CLUBS FIVE DIAMONDS SIX,0.485,0.098,0.417
CLUBS FOUR DIAMONDS SIX,0.4988,0.1084,0.3928
HEARTS ACE HEARTS JACK,0.3146,0.005,0.6804
CLUBS ACE DIAMONDS EIGHT,0.316,0.0044,0.6796
HEARTS QUEEN HEARTS JACK,0.2982,0.009,0.6928
CLUBS KING DIAMONDS EIGHT,0.3346,0.0076,0.6578
CLUBS NINE DIAMONDS SIX,0.3458,0.0418,0.6124
HEARTS KING HEARTS JACK,0.3148,0.006,0.6792
CLUBS QUEEN DIAMONDS EIGHT,0.3228,0.015,0.6622
CLUBS EIGHT DIAMONDS SIX,0.3296,0.0686,0.6018
SPADES TEN HEARTS KING,0.3326,0.0068,0.6606
SPADES FIVE DIAMONDS SIX,0.4838,0.1018,0.4144
HEARTS ACE SPADES TWO,0.3982,0.004,0.5978
SPADES JACK HEARTS KING,0.34,0.0074,0.6526
SPADES FOUR DIAMONDS SIX,0.495,0.1116,0.3934
HEARTS QUEEN SPADES TWO,0.4018,0.013,0.5852
SPADES ACE SPADES KING,0.3126,0.0058,0.6816
SPADES TWO HEARTS KING,0.403,0.0084,0.5886
SPADES TWO DIAMONDS SIX,0.547,0.1022,0.3508
HEARTS TEN HEARTS EIGHT,0.2928,0.0232,0.684
SPADES NINE DIAMONDS SIX,0.3434,0.0416,0.615
HEARTS JACK HEARTS EIGHT,0.3088,0.0166,0.6746
SPADES EIGHT DIAMONDS SIX,0.3346,0.0676,0.5978
SPADES SEVEN DIAMONDS SIX,0.2142,0.3788,0.407
SPADES SIX DIAMONDS SIX,0.2328,0.1122,0.655
SPADES KING HEARTS KING,0.1406,0.0158,0.8436
SPADES QUEEN HEARTS KING,0.3306,0.0074,0.662
CLUBS ACE CLUBS KING,0.3248,0.0048,0.6704
SPADES ACE HEARTS KING,0.319,0.004,0.677
SPADES ACE HEARTS JACK,0.3196,0.0068,0.6736
SPADES QUEEN HEARTS JACK,0.3202,0.0116,0.6682
SPADES KING HEARTS JACK,0.3314,0.008,0.6606
SPADES TEN DIAMONDS TEN,0.1346,0.0592,0.8062
SPADES JACK DIAMONDS TEN,0.3176,0.0156,0.6668
SPADES ACE DIAMONDS TEN,0.3056,0.0036,0.6908
SPADES JACK HEARTS JACK,0.1454,0.0468,0.8078
SPADES TEN HEARTS JACK,0.3194,0.0138,0.6668
SPADES QUEEN DIAMONDS TEN,0.3178,0.0126,0.6696
SPADES KING DIAMONDS TEN,0.3218,0.0078,0.6704
HEARTS KING DIAMONDS FIVE,0.3798,0.007,0.6132
HEARTS QUEEN DIAMONDS FIVE,0.3462,0.0148,0.639
HEARTS ACE DIAMONDS FIVE,0.3542,0.0034,0.6424
DIAMONDS FIVE HEARTS JACK,0.3574,0.0226,0.62
HEARTS TEN DIAMONDS FIVE,0.368,0.0272,0.6048
SPADES KING CLUBS TWO,0.3944,0.0076,0.598
HEARTS KING CLUBS KING,0.1498,0.0162,0.834
SPADES QUEEN CLUBS TWO,0.397,0.0156,0.5874
HEARTS KING CLUBS QUEEN,0.3298,0.0058,0.6644
SPADES TWO CLUBS JACK,0.4058,0.02,0.5742
SPADES ACE CLUBS TWO,0.3996,0.004,0.5964
CLUBS TEN SPADES TWO,0.4002,0.0276,0.5722
HEARTS KING CLUBS ACE,0.348,0.0052,0.6468
CLUBS SEVEN CLUBS SIX,0.1986,0.3588,0.4426
SPADES TWO CLUBS KING,0.4174,0.009,0.5736
CLUBS EIGHT CLUBS SIX,0.3136,0.0618,0.6246
SPADES TWO CLUBS QUEEN,0.4064,0.0146,0.579
CLUBS NINE CLUBS SIX,0.3276,0.0404,0.632
HEARTS KING CLUBS JACK,0.3348,0.0066,0.6586
SPADES TWO CLUBS ACE,0.3932,0.0056,0.6012
CLUBS TEN HEARTS KING,0.335,0.0066,0.6584
CLUBS SIX SPADES TWO,0.554,0.0992,0.3468
CLUBS SIX SPADES FOUR,0.5002,0.104,0.3958
CLUBS SIX SPADES FIVE,0.4834,0.1002,0.4164
CLUBS SIX SPADES SIX,0.2362,0.0988,0.665
CLUBS SIX SPADES SEVEN,0.2154,0.3672,0.4174
CLUBS SIX SPADES EIGHT,0.319,0.071,0.61
SPADES JACK CLUBS TWO,0.4026,0.0204,0.577
SPADES NINE CLUBS SIX,0.331,0.0452,0.6238
SPADES TEN CLUBS TWO,0.4024,0.0268,0.5708
CLUBS TWO CLUBS QUEEN,0.3736,0.0128,0.6136
CLUBS TWO CLUBS KING,0.385,0.0094,0.6056
CLUBS THREE DIAMONDS EIGHT,0.2532,0.1432,0.6036
CLUBS TWO CLUBS ACE,0.3532,0.0068,0.64
CLUBS TWO DIAMONDS EIGHT,0.4008,0.0628,0.5364
HEARTS SEVEN DIAMONDS EIGHT,0.2152,0.1398,0.645
HEARTS SIX DIAMONDS EIGHT,0.3234,0.0666,0.61
DIAMONDS EIGHT HEARTS NINE,0.2932,0.0408,0.666
CLUBS TEN CLUBS TWO,0.3638,0.0254,0.6108
HEARTS EIGHT DIAMONDS EIGHT,0.1392,0.0868,0.774
CLUBS TWO CLUBS JACK,0.3834,0.02,0.5966
CLUBS NINE DIAMONDS EIGHT,0.298,0.0384,0.6636
CLUBS EIGHT DIAMONDS EIGHT,0.1468,0.08,0.7732
CLUBS FIVE DIAMONDS EIGHT,0.3438,0.0678,0.5884
CLUBS FOUR DIAMONDS EIGHT,0.3502,0.065,0.5848
CLUBS SEVEN DIAMONDS EIGHT,0.2096,0.1406,0.6498
CLUBS SIX DIAMONDS EIGHT,0.338,0.0676,0.5944
DIAMONDS QUEEN DIAMONDS EIGHT,0.3088,0.0094,0.6818
HEARTS TWO DIAMONDS EIGHT,0.3886,0.0682,0.5432
DIAMONDS KING DIAMONDS EIGHT,0.3108,0.0088,0.6804
HEARTS THREE DIAMONDS EIGHT,0.2398,0.1504,0.6098
DIAMONDS ACE DIAMONDS EIGHT,0.323,0.005,0.672
HEARTS FOUR DIAMONDS EIGHT,0.3476,0.0682,0.5842
HEARTS FIVE DIAMONDS EIGHT,0.3298,0.072,0.5982
DIAMONDS TEN DIAMONDS EIGHT,0.3068,0.0258,0.6674
DIAMONDS JACK DIAMONDS EIGHT,0.3158,0.0154,0.6688
CLUBS FOUR HEARTS ACE,0.3662,0.0048,0.629
CLUBS FOUR HEARTS QUEEN,0.3676,0.0122,0.6202
CLUBS FOUR HEARTS KING,0.3736,0.008,0.6184
CLUBS SIX HEARTS TEN,0.366,0.0216,0.6124
CLUBS SIX HEARTS JACK,0.3578,0.019,0.6232
SPADES FOUR DIAMONDS EIGHT,0.3402,0.0674,0.5924
SPADES FIVE DIAMONDS EIGHT,0.3212,0.0716,0.6072
SPADES TWO DIAMONDS EIGHT,0.3794,0.074,0.5466
CLUBS FOUR HEARTS JACK,0.3664,0.017,0.6166
SPADES EIGHT DIAMONDS EIGHT,0.1274,0.079,0.7936
SPADES TEN DIAMONDS QUEEN,0.321,0.0134,0.6656
SPADES TEN HEARTS TWO,0.3914,0.0282,0.5804
SPADES JACK HEARTS EIGHT,0.325,0.0176,0.6574
CLUBS FOUR HEARTS TEN,0.3606,0.0264,0.613
SPADES NINE DIAMONDS EIGHT,0.2994,0.037,0.6636
SPADES TEN HEARTS EIGHT,0.3128,0.023,0.6642
SPADES JACK HEARTS TWO,0.3962,0.0206,0.5832
SPADES JACK DIAMONDS QUEEN,0.3206,0.015,0.6644
SPADES SIX DIAMONDS EIGHT,0.3122,0.0654,0.6224
SPADES SEVEN DIAMONDS EIGHT,0.2186,0.1492,0.6322
SPADES ACE HEARTS TWO,0.3836,0.0052,0.6112
SPADES ACE DIAMONDS QUEEN,0.3274,0.005,0.6676
SPADES ACE HEARTS EIGHT,0.3106,0.0034,0.686
SPADES KING HEARTS EIGHT,0.331,0.008,0.661
SPADES QUEEN HEARTS TWO,0.3996,0.0142,0.5862
SPADES QUEEN DIAMONDS QUEEN,0.1286,0.035,0.8364
SPADES KING DIAMONDS QUEEN,0.3264,0.0076,0.666
SPADES KING HEARTS TWO,0.4012,0.0096,0.5892
SPADES QUEEN HEARTS EIGHT,0.333,0.0142,0.6528
CLUBS TWO HEARTS TEN,0.4084,0.0288,0.5628
CLUBS TWO HEARTS JACK,0.3916,0.0202,0.5882
SPADES SEVEN DIAMONDS NINE,0.2326,0.1086,0.6588
SPADES SIX DIAMONDS NINE,0.328,0.0364,0.6356
SPADES NINE DIAMONDS NINE,0.1274,0.0648,0.8078
SPADES EIGHT DIAMONDS NINE,0.306,0.0408,0.6532
SPADES TEN CLUBS KING,0.3366,0.0098,0.6536
SPADES JACK CLUBS KING,0.3414,0.0062,0.6524
DIAMONDS NINE SPADES TWO,0.3968,0.0492,0.554
SPADES FIVE DIAMONDS NINE,0.3288,0.0492,0.622
DIAMONDS NINE SPADES FOUR,0.3466,0.0494,0.604
CLUBS NINE DIAMONDS NINE,0.1396,0.073,0.7874
CLUBS EIGHT DIAMONDS NINE,0.2946,0.042,0.6634
CLUBS SIX DIAMONDS NINE,0.3406,0.0428,0.6166
SPADES JACK CLUBS FOUR,0.3634,0.0164,0.6202
CLUBS SEVEN DIAMONDS NINE,0.231,0.1128,0.6562
SPADES TEN CLUBS FOUR,0.355,0.0286,0.6164
CLUBS FOUR DIAMONDS NINE,0.3498,0.0474,0.6028
CLUBS FIVE DIAMONDS NINE,0.3494,0.0462,0.6044
CLUBS TWO DIAMONDS NINE,0.396,0.0424,0.5616
CLUBS THREE DIAMONDS NINE,0.2438,0.106,0.6502
DIAMONDS NINE HEARTS EIGHT,0.2998,0.0442,0.656
DIAMONDS NINE HEARTS NINE,0.134,0.072,0.794
HEARTS SIX DIAMONDS NINE,0.33,0.0466,0.6234
HEARTS SEVEN DIAMONDS NINE,0.2352,0.1072,0.6576
CLUBS NINE CLUBS EIGHT,0.2908,0.0356,0.6736
DIAMONDS ACE DIAMONDS NINE,0.3144,0.004,0.6816
HEARTS FOUR DIAMONDS NINE,0.3592,0.0426,0.5982
HEARTS FIVE DIAMONDS NINE,0.3366,0.0524,0.611
HEARTS ACE CLUBS TWO,0.3878,0.0036,0.6086
SPADES ACE CLUBS FOUR,0.3518,0.0052,0.643
DIAMONDS NINE DIAMONDS QUEEN,0.3084,0.0152,0.6764
HEARTS TWO DIAMONDS NINE,0.393,0.0456,0.5614
CLUBS TWO HEARTS KING,0.4042,0.0104,0.5854
SPADES KING CLUBS FOUR,0.3686,0.01,0.6214
DIAMONDS KING DIAMONDS NINE,0.3218,0.0074,0.6708
HEARTS THREE DIAMONDS NINE,0.2372,0.1116,0.6512
CLUBS TWO HEARTS QUEEN,0.3994,0.0136,0.587
SPADES QUEEN CLUBS FOUR,0.3592,0.0128,0.628
DIAMONDS NINE DIAMONDS JACK,0.2948,0.0154,0.6898
CLUBS EIGHT SPADES NINE,0.3004,0.0394,0.6602
DIAMONDS TEN DIAMONDS NINE,0.2946,0.027,0.6784
CLUBS EIGHT SPADES EIGHT,0.1372,0.0832,0.7796
CLUBS EIGHT SPADES SEVEN,0.2124,0.148,0.6396
CLUBS EIGHT SPADES SIX,0.327,0.0632,0.6098
CLUBS EIGHT SPADES FIVE,0.3392,0.0696,0.5912
CLUBS EIGHT SPADES FOUR,0.3476,0.0654,0.587
CLUBS EIGHT SPADES TWO,0.399,0.0664,0.5346
HEARTS SIX DIAMONDS TEN,0.3568,0.031,0.6122
HEARTS SEVEN DIAMONDS TEN,0.233,0.0834,0.6836
DIAMONDS TEN HEARTS EIGHT,0.3118,0.0256,0.6626
CLUBS FOUR CLUBS JACK,0.331,0.0234,0.6456
DIAMONDS TEN HEARTS NINE,0.3088,0.0246,0.6666
CLUBS TEN CLUBS FOUR,0.3452,0.0234,0.6314
CLUBS FOUR CLUBS KING,0.3526,0.0092,0.6382
CLUBS FOUR CLUBS QUEEN,0.3402,0.0132,0.6466
DIAMONDS TEN CLUBS TWO,0.398,0.0256,0.5764
CLUBS THREE DIAMONDS TEN,0.238,0.0718,0.6902
CLUBS FOUR CLUBS ACE,0.3398,0.0058,0.6544
DIAMONDS TEN DIAMONDS JACK,0.3056,0.016,0.6784
DIAMONDS TEN DIAMONDS QUEEN,0.3186,0.0116,0.6698
HEARTS TWO DIAMONDS TEN,0.3912,0.0402,0.5686
DIAMONDS KING DIAMONDS TEN,0.3114,0.006,0.6826
HEARTS THREE DIAMONDS TEN,0.2486,0.0822,0.6692
DIAMONDS ACE DIAMONDS TEN,0.303,0.0048,0.6922
HEARTS FOUR DIAMONDS TEN,0.3638,0.0316,0.6046
CLUBS EIGHT HEARTS JACK,0.3218,0.0146,0.6636
HEARTS FIVE DIAMONDS TEN,0.3626,0.0276,0.6098
CLUBS EIGHT HEARTS TEN,0.3068,0.0268,0.6664
CLUBS EIGHT HEARTS QUEEN,0.3438,0.0118,0.6444
CLUBS EIGHT HEARTS KING,0.3508,0.0062,0.643
CLUBS EIGHT HEARTS ACE,0.337,0.0034,0.6596
CLUBS NINE SPADES TWO,0.3936,0.0488,0.5576
CLUBS NINE SPADES FIVE,0.3502,0.0444,0.6054
CLUBS NINE SPADES FOUR,0.355,0.0434,0.6016
CLUBS NINE SPADES SEVEN,0.2374,0.114,0.6486
CLUBS NINE SPADES SIX,0.3392,0.042,0.6188
CLUBS NINE SPADES NINE,0.1536,0.0676,0.7788
CLUBS TEN HEARTS EIGHT,0.331,0.0276,0.6414
CLUBS NINE SPADES EIGHT,0.2982,0.0368,0.665
HEARTS EIGHT CLUBS JACK,0.334,0.017,0.649
CLUBS QUEEN HEARTS EIGHT,0.3296,0.0118,0.6586
CLUBS KING HEARTS EIGHT,0.3532,0.0066,0.6402
CLUBS ACE HEARTS EIGHT,0.337,0.0036,0.6594
SPADES KING CLUBS KING,0.1494,0.0194,0.8312
SPADES QUEEN CLUBS KING,0.335,0.0056,0.6594
SPADES ACE CLUBS KING,0.3278,0.0064,0.6658
DIAMONDS ACE HEARTS TEN,0.329,0.0044,0.6666
HEARTS FOUR HEARTS TEN,0.3366,0.0266,0.6368
DIAMONDS ACE HEARTS JACK,0.3434,0.0072,0.6494
HEARTS FOUR HEARTS JACK,0.3324,0.0216,0.646
SPADES KING CLUBS FIVE,0.359,0.0058,0.6352
SPADES QUEEN CLUBS FIVE,0.3576,0.0132,0.6292
SPADES ACE CLUBS FIVE,0.3466,0.0048,0.6486
HEARTS SEVEN DIAMONDS JACK,0.2452,0.0612,0.6936
HEARTS SIX DIAMONDS JACK,0.359,0.0218,0.6192
DIAMONDS JACK HEARTS NINE,0.3248,0.0148,0.6604
DIAMONDS JACK HEARTS EIGHT,0.3234,0.0158,0.6608
DIAMONDS KING DIAMONDS JACK,0.3118,0.0074,0.6808
HEARTS THREE DIAMONDS JACK,0.2498,0.0502,0.7
SPADES ACE SPADES SIX,0.3338,0.0062,0.66
HEARTS ACE SPADES FOUR,0.3464,0.0038,0.6498
DIAMONDS QUEEN DIAMONDS JACK,0.3216,0.0098,0.6686
HEARTS TWO DIAMONDS JACK,0.4004,0.021,0.5786
HEARTS FIVE DIAMONDS JACK,0.3514,0.0186,0.63
SPADES QUEEN SPADES SIX,0.3386,0.0122,0.6492
SPADES FOUR HEARTS QUEEN,0.3516,0.0102,0.6382
DIAMONDS ACE DIAMONDS JACK,0.3124,0.0066,0.681
HEARTS FOUR DIAMONDS JACK,0.3474,0.0188,0.6338
SPADES KING SPADES SIX,0.3456,0.0082,0.6462
SPADES FOUR HEARTS KING,0.3558,0.0102,0.634
SPADES TEN SPADES SIX,0.3354,0.0246,0.64
SPADES JACK SPADES SIX,0.3458,0.0198,0.6344
SPADES FOUR DIAMONDS JACK,0.367,0.02,0.613
SPADES FIVE DIAMONDS JACK,0.3558,0.022,0.6222
SPADES TWO DIAMONDS JACK,0.3986,0.0186,0.5828
SPADES ACE DIAMONDS THREE,0.2434,0.0154,0.7412
SPADES QUEEN DIAMONDS THREE,0.2584,0.0356,0.706
CLUBS EIGHT DIAMONDS JACK,0.3196,0.017,0.6634
SPADES KING DIAMONDS THREE,0.2572,0.027,0.7158
CLUBS NINE DIAMONDS JACK,0.3118,0.017,0.6712
CLUBS SIX DIAMONDS JACK,0.3564,0.021,0.6226
CLUBS SEVEN DIAMONDS JACK,0.2386,0.0584,0.703
CLUBS FOUR DIAMONDS JACK,0.3678,0.0214,0.6108
CLUBS FIVE DIAMONDS JACK,0.3598,0.0206,0.6196
CLUBS TWO DIAMONDS JACK,0.398,0.0234,0.5786
CLUBS THREE DIAMONDS JACK,0.2434,0.0482,0.7084
SPADES TEN CLUBS FIVE,0.3646,0.03,0.6054
SPADES JACK HEARTS SIX,0.363,0.0222,0.6148
HEARTS SIX SPADES TEN,0.3508,0.0266,0.6226
SPADES JACK CLUBS FIVE,0.3602,0.0204,0.6194
SPADES JACK DIAMONDS THREE,0.2478,0.058,0.6942
CLUBS SEVEN CLUBS ACE,0.2228,0.0278,0.7494
DIAMONDS THREE SPADES TEN,0.248,0.0684,0.6836
CLUBS SEVEN CLUBS QUEEN,0.2332,0.0428,0.724
CLUBS SEVEN CLUBS KING,0.2304,0.0374,0.7322
SPADES NINE DIAMONDS JACK,0.3324,0.018,0.6496
CLUBS TEN CLUBS SEVEN,0.2298,0.0842,0.686
DIAMONDS ACE HEARTS ACE,0.1342,0.0052,0.8606
HEARTS FOUR HEARTS ACE,0.3396,0.0048,0.6556
SPADES EIGHT DIAMONDS JACK,0.3188,0.0166,0.6646
SPADES ACE HEARTS SIX,0.359,0.0046,0.6364
CLUBS SEVEN CLUBS JACK,0.2326,0.0594,0.708
DIAMONDS ACE HEARTS KING,0.33,0.0026,0.6674
HEARTS FOUR HEARTS KING,0.3392,0.0096,0.6512
SPADES SEVEN DIAMONDS JACK,0.2332,0.0666,0.7002
SPADES KING HEARTS SIX,0.3646,0.0082,0.6272
DIAMONDS ACE HEARTS QUEEN,0.3364,0.0054,0.6582
HEARTS FOUR HEARTS QUEEN,0.3224,0.0092,0.6684
SPADES QUEEN HEARTS SIX,0.3628,0.0144,0.6228
SPADES SIX DIAMONDS JACK,0.3544,0.018,0.6276
DIAMONDS TEN SPADES TWO,0.3964,0.0304,0.5732
DIAMONDS TEN SPADES FOUR,0.3458,0.0356,0.6186
DIAMONDS TEN SPADES FIVE,0.362,0.032,0.606
SPADES SIX DIAMONDS TEN,0.329,0.0298,0.6412
SPADES SEVEN DIAMONDS TEN,0.2294,0.0858,0.6848
SPADES EIGHT DIAMONDS TEN,0.3046,0.03,0.6654
SPADES NINE DIAMONDS TEN,0.3028,0.0234,0.6738
CLUBS FOUR DIAMONDS TEN,0.3618,0.0324,0.6058
CLUBS FIVE DIAMONDS TEN,0.3634,0.0274,0.6092
CLUBS SIX DIAMONDS TEN,0.3526,0.0242,0.6232
CLUBS SEVEN DIAMONDS TEN,0.236,0.0826,0.6814
CLUBS EIGHT DIAMONDS TEN,0.3078,0.0266,0.6656
CLUBS NINE DIAMONDS TEN,0.3218,0.0288,0.6494
DIAMONDS THREE CLUBS JACK,0.2646,0.0542,0.6812
CLUBS TEN DIAMONDS THREE,0.2532,0.0694,0.6774
DIAMONDS THREE CLUBS KING,0.2576,0.0312,0.7112
DIAMONDS THREE CLUBS QUEEN,0.2494,0.0404,0.7102
DIAMONDS THREE CLUBS ACE,0.2492,0.0164,0.7344
SPADES FOUR HEARTS JACK,0.3648,0.0202,0.615
SPADES FOUR HEARTS TEN,0.3554,0.0312,0.6134
SPADES FIVE SPADES TWO,0.4998,0.1044,0.3958
SPADES FOUR SPADES TWO,0.4984,0.1046,0.397
SPADES NINE SPADES TWO,0.376,0.0472,0.5768
SPADES EIGHT SPADES TWO,0.3668,0.0678,0.5654
SPADES SEVEN SPADES TWO,0.2612,0.491,0.2478
SPADES SIX SPADES TWO,0.5234,0.1014,0.3752
CLUBS THREE DIAMONDS QUEEN,0.252,0.038,0.71
CLUBS THREE HEARTS TWO,0.5594,0.1974,0.2432
CLUBS TWO DIAMONDS QUEEN,0.4084,0.0154,0.5762
HEARTS TWO CLUBS TWO,0.348,0.1222,0.5298
HEARTS SEVEN DIAMONDS QUEEN,0.2284,0.0504,0.7212
HEARTS SEVEN HEARTS TWO,0.2646,0.4706,0.2648
HEARTS SIX DIAMONDS QUEEN,0.3542,0.0126,0.6332
HEARTS SIX HEARTS TWO,0.5116,0.1022,0.3862
DIAMONDS QUEEN HEARTS NINE,0.3294,0.0112,0.6594
HEARTS TWO HEARTS NINE,0.3614,0.0398,0.5988
DIAMONDS QUEEN HEARTS EIGHT,0.3302,0.0148,0.655
HEARTS TWO HEARTS EIGHT,0.3612,0.0658,0.573
CLUBS NINE HEARTS TWO,0.3996,0.0414,0.559
CLUBS NINE DIAMONDS QUEEN,0.3256,0.0106,0.6638
CLUBS EIGHT HEARTS TWO,0.4018,0.0684,0.5298
CLUBS EIGHT DIAMONDS QUEEN,0.3366,0.0108,0.6526
CLUBS FIVE DIAMONDS QUEEN,0.3542,0.0148,0.631
CLUBS FIVE HEARTS TWO,0.5316,0.0986,0.3698
SPADES EIGHT HEARTS ACE,0.3242,0.004,0.6718
CLUBS FOUR DIAMONDS QUEEN,0.3474,0.0154,0.6372
CLUBS FOUR HEARTS TWO,0.5292,0.1152,0.3556
CLUBS SEVEN DIAMONDS QUEEN,0.2326,0.0476,0.7198
CLUBS SEVEN HEARTS TWO,0.2832,0.5072,0.2096
SPADES EIGHT HEARTS QUEEN,0.335,0.0128,0.6522
CLUBS SIX DIAMONDS QUEEN,0.3504,0.011,0.6386
CLUBS SIX HEARTS TWO,0.5496,0.1084,0.342
SPADES EIGHT HEARTS KING,0.3338,0.0068,0.6594
HEARTS TWO SPADES SIX,0.5462,0.1082,0.3456
SPADES SIX DIAMONDS QUEEN,0.3534,0.0118,0.6348
HEARTS FOUR CLUBS QUEEN,0.3642,0.0124,0.6234
DIAMONDS ACE CLUBS QUEEN,0.3212,0.0042,0.6746
SPADES SEVEN DIAMONDS QUEEN,0.219,0.0512,0.7298
SPADES SEVEN HEARTS TWO,0.2662,0.5098,0.224
HEARTS FOUR CLUBS KING,0.3714,0.009,0.6196
DIAMONDS ACE CLUBS KING,0.3342,0.0038,0.662
SPADES EIGHT DIAMONDS QUEEN,0.3266,0.0134,0.66
SPADES EIGHT HEARTS TWO,0.3868,0.0722,0.541
HEARTS FOUR CLUBS ACE,0.3506,0.003,0.6464
DIAMONDS ACE CLUBS ACE,0.1276,0.0046,0.8678
SPADES NINE DIAMONDS QUEEN,0.3112,0.0116,0.6772
SPADES NINE HEARTS TWO,0.39,0.0426,0.5674
HEARTS TWO SPADES TWO,0.3594,0.1268,0.5138
DIAMONDS QUEEN SPADES TWO,0.398,0.0138,0.5882
HEARTS TWO SPADES FOUR,0.534,0.1044,0.3616
SPADES FOUR DIAMONDS QUEEN,0.3402,0.0184,0.6414
CLUBS TEN HEARTS FOUR,0.3674,0.0308,0.6018
CLUBS TEN DIAMONDS ACE,0.3168,0.003,0.6802
HEARTS TWO SPADES FIVE,0.5192,0.1094,0.3714
SPADES FIVE DIAMONDS QUEEN,0.3436,0.0128,0.6436
HEARTS FOUR CLUBS JACK,0.3662,0.0216,0.6122
DIAMONDS ACE CLUBS JACK,0.3312,0.0052,0.6636
CLUBS FIVE CLUBS KING,0.3432,0.0078,0.649
CLUBS FIVE CLUBS QUEEN,0.3422,0.012,0.6458
CLUBS FIVE CLUBS ACE,0.3278,0.0036,0.6686
CLUBS FIVE CLUBS JACK,0.3386,0.0212,0.6402
CLUBS TEN CLUBS FIVE,0.3434,0.0248,0.6318
SPADES KING CLUBS JACK,0.338,0.0076,0.6544
SPADES QUEEN CLUBS JACK,0.3178,0.0096,0.6726
SPADES ACE CLUBS JACK,0.3304,0.0046,0.665
SPADES SIX CLUBS KING,0.3636,0.0064,0.63
SPADES SIX CLUBS QUEEN,0.3568,0.0116,0.6316
SPADES EIGHT HEARTS JACK,0.3274,0.015,0.6576
SPADES SIX CLUBS ACE,0.3592,0.0036,0.6372
SPADES EIGHT HEARTS TEN,0.3172,0.03,0.6528
SPADES SIX CLUBS JACK,0.3712,0.0182,0.6106
CLUBS TEN SPADES SIX,0.3502,0.0268,0.623
SPADES TEN CLUBS JACK,0.3094,0.015,0.6756
SPADES JACK CLUBS JACK,0.1402,0.0426,0.8172
SPADES QUEEN CLUBS SEVEN,0.2404,0.0444,0.7152
SPADES KING CLUBS SEVEN,0.2328,0.0394,0.7278
SPADES ACE CLUBS SEVEN,0.2252,0.0304,0.7444
SPADES SIX HEARTS TEN,0.3448,0.0244,0.6308
SPADES SIX HEARTS JACK,0.3582,0.022,0.6198
SPADES SIX HEARTS ACE,0.3532,0.005,0.6418
SPADES SIX HEARTS KING,0.3672,0.0062,0.6266
SPADES SIX HEARTS QUEEN,0.3558,0.0112,0.633
CLUBS SEVEN SPADES JACK,0.2472,0.0608,0.692
CLUBS SEVEN SPADES TEN,0.2284,0.0858,0.6858
CLUBS TEN HEARTS SIX,0.357,0.0276,0.6154
HEARTS SIX CLUBS JACK,0.3626,0.0158,0.6216
CLUBS ACE CLUBS JACK,0.3106,0.0046,0.6848
HEARTS SIX CLUBS QUEEN,0.3572,0.0122,0.6306
HEARTS SIX CLUBS KING,0.3694,0.0082,0.6224
HEARTS SIX CLUBS ACE,0.3586,0.004,0.6374
CLUBS QUEEN CLUBS JACK,0.3036,0.0098,0.6866
CLUBS KING CLUBS JACK,0.3162,0.0064,0.6774
DIAMONDS THREE HEARTS ACE,0.2448,0.0188,0.7364
DIAMONDS THREE HEARTS QUEEN,0.2618,0.0382,0.7
DIAMONDS THREE HEARTS KING,0.256,0.0254,0.7186
CLUBS FIVE HEARTS JACK,0.369,0.0182,0.6128
SPADES TEN DIAMONDS ACE,0.3188,0.0038,0.6774
HEARTS FOUR SPADES TEN,0.366,0.032,0.602
CLUBS FIVE HEARTS TEN,0.3632,0.0278,0.609
HEARTS FOUR SPADES JACK,0.3558,0.0222,0.622
SPADES JACK DIAMONDS ACE,0.3264,0.0046,0.669
SPADES ACE HEARTS FOUR,0.351,0.005,0.644
SPADES ACE DIAMONDS ACE,0.125,0.0044,0.8706
CLUBS FIVE HEARTS ACE,0.3492,0.0042,0.6466
CLUBS FIVE HEARTS KING,0.3654,0.007,0.6276
HEARTS FOUR SPADES QUEEN,0.3648,0.0126,0.6226
SPADES QUEEN DIAMONDS ACE,0.3126,0.006,0.6814
SPADES FOUR CLUBS JACK,0.3616,0.0234,0.615
CLUBS FIVE HEARTS QUEEN,0.352,0.0132,0.6348
SPADES KING DIAMONDS ACE,0.3312,0.0056,0.6632
SPADES KING HEARTS FOUR,0.3636,0.0122,0.6242
CLUBS TEN SPADES FOUR,0.3584,0.033,0.6086
DIAMONDS ACE DIAMONDS QUEEN,0.3118,0.0054,0.6828
DIAMONDS ACE HEARTS TWO,0.3896,0.007,0.6034
HEARTS FOUR DIAMONDS QUEEN,0.3576,0.0146,0.6278
HEARTS FOUR HEARTS TWO,0.4966,0.0998,0.4036
DIAMONDS THREE HEARTS TEN,0.2624,0.0736,0.664
SPADES FOUR CLUBS KING,0.369,0.008,0.623
HEARTS FIVE DIAMONDS QUEEN,0.3532,0.0098,0.637
HEARTS FIVE HEARTS TWO,0.4924,0.1026,0.405
DIAMONDS THREE HEARTS JACK,0.2478,0.0592,0.693
SPADES FOUR CLUBS QUEEN,0.344,0.015,0.641
HEARTS TWO DIAMONDS QUEEN,0.4062,0.0118,0.582
DIAMONDS KING DIAMONDS QUEEN,0.3154,0.0084,0.6762
DIAMONDS KING HEARTS TWO,0.3972,0.0094,0.5934
HEARTS THREE DIAMONDS QUEEN,0.2522,0.038,0.7098
HEARTS THREE HEARTS TWO,0.5284,0.1956,0.276
SPADES FOUR CLUBS ACE,0.3386,0.0054,0.656
HEARTS TWO CLUBS ACE,0.3884,0.0054,0.6062
DIAMONDS QUEEN CLUBS ACE,0.3288,0.006,0.6652
HEARTS TWO CLUBS QUEEN,0.3974,0.0134,0.5892
DIAMONDS QUEEN CLUBS QUEEN,0.1412,0.0292,0.8296
HEARTS TWO CLUBS KING,0.3964,0.0082,0.5954
DIAMONDS QUEEN CLUBS KING,0.3232,0.006,0.6708
SPADES EIGHT SPADES FIVE,0.323,0.0644,0.6126
CLUBS TEN HEARTS TWO,0.3902,0.0306,0.5792
CLUBS TEN DIAMONDS QUEEN,0.3092,0.0126,0.6782
SPADES NINE SPADES FIVE,0.3284,0.046,0.6256
HEARTS TWO CLUBS JACK,0.4076,0.0182,0.5742
DIAMONDS QUEEN CLUBS JACK,0.3342,0.0094,0.6564
SPADES SIX SPADES FIVE,0.4522,0.1004,0.4474
SPADES SEVEN SPADES FIVE,0.1948,0.428,0.3772
DIAMONDS FIVE CLUBS QUEEN,0.3494,0.0128,0.6378
SPADES EIGHT CLUBS ACE,0.335,0.0034,0.6616
DIAMONDS FIVE CLUBS KING,0.3678,0.007,0.6252
SPADES EIGHT CLUBS KING,0.326,0.0074,0.6666
CLUBS ACE DIAMONDS FIVE,0.3612,0.0054,0.6334
SPADES EIGHT CLUBS QUEEN,0.3264,0.0132,0.6604
SPADES EIGHT CLUBS JACK,0.3266,0.0176,0.6558
CLUBS TEN SPADES EIGHT,0.314,0.0272,0.6588
CLUBS TEN DIAMONDS FIVE,0.3572,0.0324,0.6104
DIAMONDS FIVE CLUBS JACK,0.3586,0.0194,0.622
DIAMONDS TEN HEARTS JACK,0.3246,0.0106,0.6648
DIAMONDS TEN HEARTS TEN,0.147,0.0512,0.8018
SPADES ACE CLUBS NINE,0.3376,0.0044,0.658
CLUBS NINE SPADES QUEEN,0.3302,0.0148,0.655
CLUBS NINE SPADES KING,0.3194,0.007,0.6736
HEARTS SIX HEARTS KING,0.3428,0.0076,0.6496
DIAMONDS KING SPADES SEVEN,0.2262,0.047,0.7268
HEARTS THREE SPADES SEVEN,0.0112,0.9648,0.024
HEARTS SIX HEARTS QUEEN,0.3336,0.014,0.6524
HEARTS THREE SPADES SIX,0.548,0.1968,0.2552
DIAMONDS KING SPADES SIX,0.3482,0.007,0.6448
SPADES NINE DIAMONDS KING,0.3254,0.0098,0.6648
SPADES NINE HEARTS THREE,0.2444,0.107,0.6486
HEARTS SIX HEARTS ACE,0.3466,0.0062,0.6472
DIAMONDS KING SPADES EIGHT,0.319,0.0082,0.6728
SPADES EIGHT HEARTS THREE,0.2394,0.1482,0.6124
CLUBS NINE HEARTS THREE,0.2558,0.104,0.6402
CLUBS NINE DIAMONDS KING,0.337,0.0076,0.6554
CLUBS EIGHT HEARTS THREE,0.2564,0.1386,0.605
CLUBS EIGHT DIAMONDS KING,0.329,0.0078,0.6632
HEARTS THREE SPADES TWO,0.5646,0.1944,0.241
DIAMONDS KING SPADES TWO,0.4026,0.0098,0.5876
HEARTS THREE SPADES FIVE,0.5424,0.1988,0.2588
DIAMONDS KING SPADES FIVE,0.355,0.01,0.635
HEARTS THREE SPADES FOUR,0.5298,0.194,0.2762
DIAMONDS KING SPADES FOUR,0.349,0.0102,0.6408
DIAMONDS KING CLUBS TWO,0.39,0.0098,0.6002
HEARTS THREE CLUBS TWO,0.5488,0.2138,0.2374
