opposingHand,winningChance,drawChance,lostChance
SPADES SEVEN CLUBS TWO
HEARTS FIVE SPADES TEN,0.3484,0.0272,0.6244
SPADES JACK HEARTS FIVE,0.3498,0.023,0.6272
SPADES FIVE CLUBS JACK,0.3494,0.0208,0.6298
CLUBS TEN SPADES FIVE,0.3406,0.0258,0.6336
CLUBS EIGHT CLUBS JACK,0.2876,0.0182,0.6942
CLUBS TEN CLUBS EIGHT,0.2848,0.0228,0.6924
CLUBS EIGHT CLUBS KING,0.2984,0.0072,0.6944
SPADES FIVE CLUBS ACE,0.3396,0.006,0.6544
CLUBS EIGHT CLUBS QUEEN,0.3204,0.0128,0.6668
SPADES FIVE CLUBS KING,0.3556,0.0074,0.637
SPADES FIVE CLUBS QUEEN,0.3404,0.0146,0.645
CLUBS EIGHT CLUBS ACE,0.3072,0.0038,0.689
DIAMONDS TWO DIAMONDS THREE,0.5098,0.187,0.3032
DIAMONDS TWO DIAMONDS FIVE,0.4892,0.1852,0.3256
SPADES KING HEARTS FIVE,0.3494,0.0084,0.6422
DIAMONDS TWO DIAMONDS FOUR,0.512,0.1784,0.3096
SPADES QUEEN HEARTS FIVE,0.3366,0.0144,0.649
DIAMONDS TWO DIAMONDS SEVEN,0.0222,0.9068,0.071
DIAMONDS TWO DIAMONDS SIX,0.5242,0.1802,0.2956
SPADES ACE HEARTS FIVE,0.3308,0.0056,0.6636
DIAMONDS TWO DIAMONDS NINE,0.2278,0.094,0.6782
DIAMONDS TWO DIAMONDS EIGHT,0.2226,0.1418,0.6356
DIAMONDS THREE DIAMONDS FOUR,0.4448,0.1002,0.455
DIAMONDS THREE DIAMONDS FIVE,0.4502,0.0998,0.45
DIAMONDS THREE DIAMONDS EIGHT,0.3344,0.0644,0.6012
DIAMONDS THREE DIAMONDS NINE,0.3314,0.0408,0.6278
DIAMONDS THREE DIAMONDS SIX,0.4722,0.095,0.4328
DIAMONDS THREE DIAMONDS SEVEN,0.2012,0.4838,0.315
CLUBS TEN CLUBS JACK,0.2754,0.015,0.7096
DIAMONDS FOUR DIAMONDS SIX,0.4436,0.101,0.4554
CLUBS TEN CLUBS QUEEN,0.2984,0.0108,0.6908
DIAMONDS FOUR DIAMONDS SEVEN,0.2138,0.4488,0.3374
CLUBS TEN CLUBS KING,0.3052,0.0052,0.6896
CLUBS TEN CLUBS ACE,0.2992,0.0046,0.6962
DIAMONDS FIVE DIAMONDS FOUR,0.441,0.1006,0.4584
DIAMONDS NINE DIAMONDS FOUR,0.3248,0.041,0.6342
DIAMONDS EIGHT DIAMONDS FOUR,0.3096,0.0598,0.6306
DIAMONDS NINE DIAMONDS FIVE,0.3068,0.0424,0.6508
DIAMONDS TWO CLUBS JACK,0.2344,0.0516,0.714
DIAMONDS EIGHT DIAMONDS FIVE,0.3088,0.0646,0.6266
CLUBS TEN DIAMONDS TWO,0.2344,0.0766,0.689
DIAMONDS FIVE DIAMONDS SEVEN,0.203,0.412,0.385
DIAMONDS FIVE DIAMONDS SIX,0.4428,0.0976,0.4596
DIAMONDS TWO CLUBS ACE,0.2388,0.0144,0.7468
DIAMONDS TWO CLUBS KING,0.245,0.0246,0.7304
DIAMONDS TWO CLUBS QUEEN,0.2442,0.0356,0.7202
DIAMONDS EIGHT DIAMONDS SIX,0.2988,0.0642,0.637
DIAMONDS NINE DIAMONDS SIX,0.31,0.0458,0.6442
HEARTS ACE SPADES THREE,0.3548,0.0048,0.6404
HEARTS KING SPADES THREE,0.3562,0.0092,0.6346
DIAMONDS SEVEN DIAMONDS SIX,0.1896,0.3614,0.449
SPADES THREE HEARTS QUEEN,0.3574,0.014,0.6286
SPADES THREE HEARTS JACK,0.3638,0.0196,0.6166
SPADES THREE HEARTS TEN,0.353,0.0328,0.6142
DIAMONDS EIGHT DIAMONDS SEVEN,0.202,0.1414,0.6566
DIAMONDS NINE DIAMONDS SEVEN,0.2062,0.1046,0.6892
DIAMONDS NINE DIAMONDS EIGHT,0.266,0.0362,0.6978
DIAMONDS KING HEARTS TEN,0.3138,0.0064,0.6798
HEARTS THREE HEARTS TEN,0.3364,0.0284,0.6352
SPADES JACK CLUBS SIX,0.3422,0.0198,0.638
DIAMONDS KING HEARTS JACK,0.3202,0.0076,0.6722
HEARTS THREE HEARTS JACK,0.3416,0.0206,0.6378
SPADES TEN CLUBS SIX,0.3188,0.0318,0.6494
SPADES JACK SPADES FIVE,0.3146,0.018,0.6674
SPADES TEN SPADES FIVE,0.327,0.0264,0.6466
DIAMONDS KING HEARTS ACE,0.3258,0.0036,0.6706
HEARTS THREE HEARTS ACE,0.3116,0.0052,0.6832
SPADES ACE CLUBS SIX,0.3392,0.005,0.6558
DIAMONDS KING HEARTS QUEEN,0.324,0.0074,0.6686
HEARTS THREE HEARTS QUEEN,0.3344,0.0132,0.6524
SPADES KING CLUBS SIX,0.3396,0.008,0.6524
DIAMONDS KING HEARTS KING,0.1318,0.0182,0.85
HEARTS THREE HEARTS KING,0.3334,0.0106,0.656
SPADES QUEEN CLUBS SIX,0.3274,0.0124,0.6602
SPADES NINE HEARTS TEN,0.2976,0.028,0.6744
SPADES NINE HEARTS JACK,0.3022,0.017,0.6808
SPADES QUEEN SPADES FIVE,0.3274,0.0118,0.6608
SPADES KING SPADES FIVE,0.3362,0.0098,0.654
SPADES ACE SPADES FIVE,0.3168,0.0056,0.6776
SPADES NINE HEARTS QUEEN,0.314,0.0122,0.6738
SPADES NINE HEARTS KING,0.3142,0.0082,0.6776
SPADES NINE HEARTS ACE,0.3244,0.0048,0.6708
CLUBS TEN SPADES JACK,0.3052,0.018,0.6768
CLUBS TEN SPADES TEN,0.1118,0.0552,0.833
SPADES ACE CLUBS TEN,0.314,0.0048,0.6812
SPADES KING CLUBS TEN,0.3134,0.0098,0.6768
CLUBS TEN SPADES QUEEN,0.3076,0.0122,0.6802
SPADES FIVE HEARTS QUEEN,0.3386,0.012,0.6494
SPADES FIVE HEARTS KING,0.3486,0.0084,0.643
SPADES FIVE HEARTS ACE,0.342,0.0054,0.6526
CLUBS EIGHT SPADES TEN,0.2796,0.0252,0.6952
HEARTS THREE SPADES JACK,0.3544,0.019,0.6266
SPADES JACK DIAMONDS KING,0.3196,0.007,0.6734
SPADES TEN DIAMONDS KING,0.3158,0.007,0.6772
HEARTS THREE SPADES TEN,0.3454,0.029,0.6256
SPADES JACK CLUBS EIGHT,0.3022,0.0224,0.6754
CLUBS SIX HEARTS ACE,0.3362,0.0058,0.658
SPADES ACE CLUBS EIGHT,0.3106,0.0044,0.685
HEARTS FIVE CLUBS JACK,0.3562,0.017,0.6268
CLUBS TEN HEARTS FIVE,0.3396,0.0326,0.6278
CLUBS SIX HEARTS QUEEN,0.3506,0.0144,0.635
SPADES QUEEN CLUBS EIGHT,0.3094,0.0126,0.678
CLUBS TEN SPADES THREE,0.3552,0.0306,0.6142
CLUBS SIX HEARTS KING,0.3408,0.0092,0.65
SPADES KING CLUBS EIGHT,0.3198,0.0084,0.6718
SPADES THREE CLUBS JACK,0.357,0.0246,0.6184
DIAMONDS TWO HEARTS JACK,0.2452,0.0436,0.7112
SPADES THREE CLUBS QUEEN,0.3456,0.0164,0.638
DIAMONDS TWO HEARTS TEN,0.2486,0.067,0.6844
SPADES THREE CLUBS KING,0.3648,0.0122,0.623
HEARTS FIVE CLUBS ACE,0.3338,0.0046,0.6616
SPADES FIVE HEARTS TEN,0.3502,0.0304,0.6194
SPADES THREE CLUBS ACE,0.3352,0.009,0.6558
HEARTS FIVE CLUBS KING,0.3462,0.007,0.6468
SPADES FIVE HEARTS JACK,0.346,0.0204,0.6336
HEARTS FIVE CLUBS QUEEN,0.3302,0.0134,0.6564
HEARTS THREE CLUBS KING,0.3514,0.01,0.6386
DIAMONDS KING CLUBS KING,0.1262,0.0192,0.8546
HEARTS THREE CLUBS QUEEN,0.3484,0.0136,0.638
DIAMONDS KING CLUBS QUEEN,0.3194,0.0086,0.672
HEARTS FIVE HEARTS JACK,0.3354,0.0178,0.6468
HEARTS FIVE HEARTS TEN,0.3358,0.0244,0.6398
HEARTS THREE CLUBS ACE,0.3316,0.005,0.6634
DIAMONDS KING CLUBS ACE,0.3194,0.005,0.6756
SPADES ACE CLUBS QUEEN,0.3126,0.0048,0.6826
SPADES KING CLUBS QUEEN,0.323,0.0072,0.6698
HEARTS THREE CLUBS JACK,0.3506,0.0198,0.6296
DIAMONDS KING CLUBS JACK,0.3156,0.0064,0.678
SPADES QUEEN CLUBS QUEEN,0.1136,0.0282,0.8582
CLUBS TEN HEARTS THREE,0.3474,0.03,0.6226
CLUBS TEN DIAMONDS KING,0.3118,0.007,0.6812
SPADES JACK CLUBS QUEEN,0.3116,0.013,0.6754
CLUBS SIX CLUBS QUEEN,0.324,0.0118,0.6642
SPADES TEN CLUBS QUEEN,0.2916,0.01,0.6984
CLUBS SIX CLUBS KING,0.3376,0.0082,0.6542
CLUBS SIX CLUBS ACE,0.3336,0.0052,0.6612
HEARTS FIVE HEARTS KING,0.326,0.0062,0.6678
HEARTS FIVE HEARTS QUEEN,0.3258,0.015,0.6592
CLUBS TEN CLUBS SIX,0.3312,0.023,0.6458
HEARTS FIVE HEARTS ACE,0.3198,0.0036,0.6766
CLUBS SIX CLUBS JACK,0.3376,0.0168,0.6456
DIAMONDS TWO CLUBS THREE,0.5384,0.2048,0.2568
HEARTS SIX DIAMONDS TWO,0.571,0.1934,0.2356
DIAMONDS TWO HEARTS QUEEN,0.2468,0.0314,0.7218
DIAMONDS TWO HEARTS SEVEN,0.0212,0.953,0.0258
DIAMONDS TWO HEARTS KING,0.2472,0.026,0.7268
DIAMONDS TWO HEARTS EIGHT,0.2466,0.1368,0.6166
DIAMONDS TWO HEARTS ACE,0.2398,0.013,0.7472
DIAMONDS TWO HEARTS NINE,0.2442,0.1014,0.6544
DIAMONDS TWO DIAMONDS QUEEN,0.2316,0.0352,0.7332
DIAMONDS TWO HEARTS TWO,0.2598,0.0758,0.6644
DIAMONDS TWO DIAMONDS KING,0.2344,0.024,0.7416
HEARTS THREE DIAMONDS TWO,0.5388,0.1964,0.2648
DIAMONDS TWO DIAMONDS ACE,0.2334,0.0132,0.7534
HEARTS FOUR DIAMONDS TWO,0.5294,0.1982,0.2724
DIAMONDS TWO HEARTS FIVE,0.5448,0.1896,0.2656
DIAMONDS TWO DIAMONDS TEN,0.218,0.0684,0.7136
DIAMONDS TWO DIAMONDS JACK,0.2274,0.052,0.7206
DIAMONDS TWO SPADES NINE,0.2284,0.0978,0.6738
DIAMONDS TWO SPADES EIGHT,0.2326,0.1382,0.6292
DIAMONDS TWO SPADES SIX,0.5674,0.192,0.2406
DIAMONDS TWO SPADES FIVE,0.541,0.195,0.264
DIAMONDS TWO SPADES FOUR,0.5422,0.1982,0.2596
DIAMONDS TWO SPADES THREE,0.5404,0.204,0.2556
DIAMONDS TWO SPADES TWO,0.251,0.0838,0.6652
CLUBS NINE DIAMONDS TWO,0.2282,0.1048,0.667
DIAMONDS TWO CLUBS EIGHT,0.2292,0.1462,0.6246
CLUBS SEVEN DIAMONDS TWO,0.0112,0.9692,0.0196
DIAMONDS TWO CLUBS SIX,0.5632,0.1898,0.247
DIAMONDS TWO CLUBS FIVE,0.5338,0.1986,0.2676
DIAMONDS TWO CLUBS FOUR,0.5312,0.1994,0.2694
CLUBS FOUR SPADES FIVE,0.4624,0.1056,0.432
CLUBS FOUR SPADES FOUR,0.2298,0.1222,0.648
CLUBS FOUR SPADES THREE,0.487,0.1166,0.3964
CLUBS FOUR SPADES TWO,0.5368,0.2018,0.2614
SPADES NINE CLUBS FOUR,0.3382,0.0462,0.6156
SPADES EIGHT CLUBS FOUR,0.3346,0.0658,0.5996
SPADES SIX CLUBS FOUR,0.4824,0.0994,0.4182
SPADES ACE DIAMONDS SIX,0.3484,0.0076,0.644
SPADES QUEEN DIAMONDS SIX,0.3386,0.0096,0.6518
SPADES KING DIAMONDS SIX,0.3374,0.0084,0.6542
SPADES TEN DIAMONDS SIX,0.341,0.0292,0.6298
SPADES JACK DIAMONDS SIX,0.354,0.0228,0.6232
SPADES QUEEN SPADES TWO,0.2302,0.0368,0.733
SPADES KING SPADES TWO,0.238,0.0234,0.7386
SPADES ACE SPADES TWO,0.2272,0.014,0.7588
DIAMONDS JACK CLUBS JACK,0.1218,0.0428,0.8354
CLUBS TEN DIAMONDS JACK,0.3092,0.0156,0.6752
DIAMONDS JACK CLUBS KING,0.3206,0.0078,0.6716
DIAMONDS JACK CLUBS QUEEN,0.3132,0.0106,0.6762
DIAMONDS THREE DIAMONDS JACK,0.3294,0.0208,0.6498
DIAMONDS THREE DIAMONDS TEN,0.3354,0.0324,0.6322
DIAMONDS JACK CLUBS ACE,0.3316,0.0054,0.663
DIAMONDS THREE DIAMONDS KING,0.3312,0.007,0.6618
HEARTS THREE DIAMONDS THREE,0.2444,0.1202,0.6354
DIAMONDS THREE DIAMONDS QUEEN,0.3296,0.0142,0.6562
DIAMONDS THREE HEARTS TWO,0.5498,0.1886,0.2616
HEARTS FIVE DIAMONDS THREE,0.4906,0.0968,0.4126
DIAMONDS THREE DIAMONDS ACE,0.3258,0.0052,0.669
HEARTS FOUR DIAMONDS THREE,0.4754,0.108,0.4166
DIAMONDS THREE HEARTS SEVEN,0.2122,0.5094,0.2784
SPADES TEN SPADES NINE,0.2834,0.0214,0.6952
HEARTS SIX DIAMONDS THREE,0.4926,0.1034,0.404
SPADES JACK SPADES NINE,0.2918,0.0156,0.6926
DIAMONDS THREE HEARTS NINE,0.359,0.049,0.592
HEARTS JACK DIAMONDS FOUR,0.365,0.0194,0.6156
HEARTS KING HEARTS ACE,0.3056,0.0062,0.6882
SPADES TEN SPADES TWO,0.2264,0.067,0.7066
DIAMONDS THREE HEARTS EIGHT,0.3508,0.0726,0.5766
HEARTS TEN DIAMONDS FOUR,0.3486,0.0236,0.6278
SPADES JACK SPADES TWO,0.2432,0.049,0.7078
HEARTS QUEEN DIAMONDS FOUR,0.3436,0.0144,0.642
HEARTS KING DIAMONDS FOUR,0.3536,0.0062,0.6402
SPADES ACE SPADES NINE,0.2984,0.0054,0.6962
HEARTS ACE DIAMONDS FOUR,0.3336,0.0048,0.6616
SPADES KING SPADES NINE,0.3028,0.0078,0.6894
SPADES QUEEN SPADES NINE,0.302,0.0092,0.6888
DIAMONDS THREE SPADES NINE,0.35,0.043,0.607
DIAMONDS THREE SPADES EIGHT,0.342,0.0734,0.5846
DIAMONDS THREE SPADES SIX,0.4858,0.108,0.4062
DIAMONDS THREE CLUBS SIX,0.4754,0.1016,0.423
CLUBS FIVE CLUBS SIX,0.452,0.0962,0.4518
CLUBS ACE DIAMONDS FOUR,0.3376,0.0064,0.656
CLUBS SEVEN DIAMONDS THREE,0.2178,0.5048,0.2774
CLUBS SEVEN CLUBS FIVE,0.195,0.4314,0.3736
DIAMONDS THREE CLUBS FOUR,0.458,0.1106,0.4314
DIAMONDS FOUR CLUBS QUEEN,0.327,0.014,0.659
DIAMONDS THREE CLUBS FIVE,0.4734,0.1112,0.4154
CLUBS KING DIAMONDS FOUR,0.3378,0.008,0.6542
CLUBS TEN DIAMONDS FOUR,0.3316,0.0306,0.6378
DIAMONDS THREE CLUBS THREE,0.2364,0.1314,0.6322
DIAMONDS FOUR CLUBS JACK,0.3474,0.0222,0.6304
DIAMONDS THREE SPADES FOUR,0.485,0.1076,0.4074
DIAMONDS THREE SPADES FIVE,0.485,0.1054,0.4096
DIAMONDS THREE SPADES TWO,0.5518,0.1926,0.2556
DIAMONDS THREE SPADES THREE,0.2452,0.128,0.6268
CLUBS EIGHT DIAMONDS THREE,0.338,0.0686,0.5934
CLUBS NINE DIAMONDS THREE,0.332,0.0474,0.6206
CLUBS FIVE SPADES SIX,0.4482,0.1158,0.436
CLUBS FIVE SPADES NINE,0.3312,0.047,0.6218
CLUBS FIVE SPADES EIGHT,0.33,0.0668,0.6032
CLUBS FIVE SPADES THREE,0.485,0.1106,0.4044
CLUBS FIVE SPADES TWO,0.5378,0.2012,0.261
CLUBS FIVE SPADES FIVE,0.231,0.1182,0.6508
CLUBS FIVE SPADES FOUR,0.4642,0.1106,0.4252
CLUBS NINE CLUBS FIVE,0.3158,0.0354,0.6488
CLUBS EIGHT CLUBS FIVE,0.3124,0.0598,0.6278
CLUBS ACE CLUBS QUEEN,0.3024,0.0042,0.6934
CLUBS KING CLUBS QUEEN,0.2952,0.0072,0.6976
DIAMONDS TEN DIAMONDS FOUR,0.3312,0.0266,0.6422
CLUBS TEN DIAMONDS NINE,0.2998,0.0256,0.6746
DIAMONDS JACK DIAMONDS FOUR,0.3248,0.0204,0.6548
DIAMONDS NINE CLUBS JACK,0.3142,0.0144,0.6714
SPADES NINE CLUBS JACK,0.297,0.021,0.682
CLUBS TEN SPADES NINE,0.2778,0.0286,0.6936
DIAMONDS ACE DIAMONDS FOUR,0.3172,0.0058,0.677
HEARTS FOUR DIAMONDS FOUR,0.2484,0.1106,0.641
DIAMONDS JACK HEARTS TEN,0.3086,0.0144,0.677
SPADES NINE CLUBS KING,0.2988,0.0074,0.6938
DIAMONDS TWO SPADES TEN,0.2418,0.0708,0.6874
DIAMONDS NINE CLUBS ACE,0.3098,0.0036,0.6866
HEARTS FIVE DIAMONDS FOUR,0.4524,0.1134,0.4342
HEARTS JACK DIAMONDS JACK,0.1304,0.0464,0.8232
SPADES NINE CLUBS QUEEN,0.315,0.0124,0.6726
DIAMONDS TWO SPADES JACK,0.2334,0.049,0.7176
DIAMONDS QUEEN DIAMONDS FOUR,0.323,0.012,0.665
HEARTS TWO DIAMONDS FOUR,0.5312,0.193,0.2758
DIAMONDS NINE CLUBS QUEEN,0.3068,0.0114,0.6818
DIAMONDS KING DIAMONDS FOUR,0.3182,0.0086,0.6732
HEARTS THREE DIAMONDS FOUR,0.4804,0.1094,0.4102
SPADES NINE CLUBS ACE,0.308,0.004,0.688
DIAMONDS NINE CLUBS KING,0.3194,0.0076,0.673
HEARTS ACE DIAMONDS JACK,0.3226,0.003,0.6744
SPADES ACE DIAMONDS TWO,0.2388,0.0124,0.7488
DIAMONDS JACK HEARTS QUEEN,0.307,0.0088,0.6842
SPADES QUEEN DIAMONDS TWO,0.2452,0.0354,0.7194
HEARTS KING DIAMONDS JACK,0.3302,0.0056,0.6642
SPADES KING DIAMONDS TWO,0.2326,0.0264,0.741
CLUBS SEVEN CLUBS THREE,0.2034,0.495,0.3016
CLUBS SIX CLUBS THREE,0.4538,0.1052,0.441
CLUBS FIVE CLUBS THREE,0.4504,0.1014,0.4482
CLUBS THREE CLUBS FOUR,0.4616,0.101,0.4374
CLUBS NINE CLUBS THREE,0.3398,0.0492,0.611
CLUBS EIGHT CLUBS THREE,0.3238,0.0624,0.6138
CLUBS THREE SPADES FIVE,0.485,0.107,0.408
CLUBS THREE SPADES FOUR,0.4934,0.106,0.4006
CLUBS THREE SPADES THREE,0.243,0.132,0.625
CLUBS THREE SPADES TWO,0.5646,0.1926,0.2428
CLUBS THREE SPADES SIX,0.5074,0.0996,0.393
SPADES EIGHT CLUBS THREE,0.3422,0.068,0.5898
SPADES NINE CLUBS THREE,0.3426,0.0502,0.6072
SPADES TWO DIAMONDS FOUR,0.5516,0.1902,0.2582
SPADES THREE DIAMONDS FOUR,0.4822,0.1098,0.408
SPADES FOUR DIAMONDS FOUR,0.243,0.1256,0.6314
SPADES FIVE DIAMONDS FOUR,0.4636,0.1042,0.4322
SPADES SIX DIAMONDS FOUR,0.4838,0.111,0.4052
SPADES EIGHT DIAMONDS FOUR,0.334,0.0662,0.5998
SPADES NINE DIAMONDS FOUR,0.348,0.046,0.606
CLUBS FIVE DIAMONDS FOUR,0.4716,0.1084,0.42
CLUBS FOUR DIAMONDS FOUR,0.2378,0.1258,0.6364
CLUBS SEVEN DIAMONDS FOUR,0.2114,0.4944,0.2942
CLUBS SIX DIAMONDS FOUR,0.4842,0.1112,0.4046
CLUBS NINE DIAMONDS FOUR,0.344,0.0518,0.6042
CLUBS EIGHT DIAMONDS FOUR,0.3534,0.0626,0.584
DIAMONDS FOUR HEARTS SEVEN,0.2072,0.4956,0.2972
HEARTS SIX DIAMONDS FOUR,0.4814,0.102,0.4166
HEARTS NINE DIAMONDS FOUR,0.3636,0.044,0.5924
DIAMONDS FOUR HEARTS EIGHT,0.3308,0.0666,0.6026
CLUBS THREE DIAMONDS FOUR,0.4854,0.106,0.4086
DIAMONDS TEN DIAMONDS FIVE,0.3188,0.026,0.6552
DIAMONDS JACK DIAMONDS FIVE,0.3288,0.0194,0.6518
DIAMONDS NINE HEARTS QUEEN,0.3144,0.0106,0.675
HEARTS KING DIAMONDS NINE,0.3268,0.0064,0.6668
DIAMONDS NINE HEARTS ACE,0.331,0.004,0.665
DIAMONDS NINE HEARTS TEN,0.3066,0.0244,0.669
DIAMONDS NINE HEARTS JACK,0.3134,0.0162,0.6704
CLUBS KING DIAMONDS SIX,0.3356,0.0078,0.6566
CLUBS QUEEN DIAMONDS SIX,0.3352,0.011,0.6538
CLUBS ACE DIAMONDS SIX,0.3404,0.0062,0.6534
SPADES KING DIAMONDS FOUR,0.3504,0.0092,0.6404
SPADES QUEEN DIAMONDS FOUR,0.3476,0.0138,0.6386
CLUBS JACK DIAMONDS SIX,0.3374,0.0228,0.6398
SPADES ACE DIAMONDS FOUR,0.3392,0.0038,0.657
CLUBS TEN DIAMONDS SIX,0.3374,0.0262,0.6364
CLUBS NINE CLUBS FOUR,0.3324,0.0488,0.6188
CLUBS EIGHT CLUBS FOUR,0.307,0.0738,0.6192
SPADES JACK DIAMONDS FOUR,0.3512,0.0208,0.628
SPADES TEN DIAMONDS FOUR,0.3402,0.0268,0.633
CLUBS FIVE CLUBS FOUR,0.4352,0.1004,0.4644
CLUBS SEVEN CLUBS FOUR,0.1998,0.4762,0.324
CLUBS SIX CLUBS FOUR,0.4658,0.0874,0.4468
CLUBS SEVEN SPADES EIGHT,0.1936,0.1516,0.6548
CLUBS SEVEN SPADES NINE,0.2092,0.107,0.6838
CLUBS SEVEN SPADES SIX,0.2008,0.3848,0.4144
CLUBS SEVEN SPADES FIVE,0.2098,0.4462,0.344
CLUBS SEVEN SPADES FOUR,0.2086,0.5004,0.291
CLUBS SEVEN SPADES THREE,0.2104,0.5288,0.2608
CLUBS SEVEN SPADES TWO,0.0064,0.9858,0.0078
CLUBS NINE CLUBS SEVEN,0.2154,0.1024,0.6822
CLUBS SEVEN CLUBS EIGHT,0.2022,0.143,0.6548
HEARTS SIX DIAMONDS FIVE,0.4582,0.1058,0.436
DIAMONDS FIVE HEARTS SEVEN,0.221,0.4264,0.3526
DIAMONDS FIVE HEARTS EIGHT,0.326,0.0686,0.6054
HEARTS NINE DIAMONDS FIVE,0.3272,0.0418,0.631
DIAMONDS QUEEN DIAMONDS FIVE,0.3252,0.018,0.6568
HEARTS TWO DIAMONDS FIVE,0.5304,0.2044,0.2652
HEARTS KING HEARTS EIGHT,0.3014,0.0078,0.6908
DIAMONDS KING DIAMONDS FIVE,0.3326,0.0074,0.66
HEARTS THREE DIAMONDS FIVE,0.4884,0.1044,0.4072
HEARTS QUEEN HEARTS EIGHT,0.2896,0.0088,0.7016
DIAMONDS ACE DIAMONDS FIVE,0.3158,0.0054,0.6788
HEARTS FOUR DIAMONDS FIVE,0.4728,0.0978,0.4294
HEARTS FIVE DIAMONDS FIVE,0.2396,0.1098,0.6506
HEARTS ACE HEARTS EIGHT,0.3036,0.0052,0.6912
CLUBS FOUR DIAMONDS FIVE,0.4716,0.1046,0.4238
CLUBS FIVE DIAMONDS FIVE,0.235,0.1134,0.6516
CLUBS SIX DIAMONDS FIVE,0.455,0.1032,0.4418
CLUBS SEVEN DIAMONDS FIVE,0.2038,0.4482,0.348
CLUBS THREE DIAMONDS FIVE,0.4852,0.1058,0.409
SPADES THREE DIAMONDS FIVE,0.48,0.1098,0.4102
SPADES TWO DIAMONDS FIVE,0.5464,0.193,0.2606
SPADES JACK DIAMONDS EIGHT,0.3032,0.0202,0.6766
SPADES FIVE DIAMONDS FIVE,0.2358,0.1144,0.6498
CLUBS TEN HEARTS JACK,0.3048,0.01,0.6852
SPADES TEN DIAMONDS EIGHT,0.298,0.026,0.676
SPADES FOUR DIAMONDS FIVE,0.483,0.1024,0.4146
HEARTS JACK CLUBS JACK,0.121,0.0478,0.8312
HEARTS JACK CLUBS QUEEN,0.3296,0.0108,0.6596
CLUBS NINE DIAMONDS FIVE,0.3284,0.0394,0.6322
HEARTS JACK CLUBS KING,0.3228,0.0056,0.6716
CLUBS EIGHT DIAMONDS FIVE,0.3284,0.0666,0.605
HEARTS JACK CLUBS ACE,0.3228,0.004,0.6732
SPADES KING DIAMONDS EIGHT,0.3142,0.0074,0.6784
SPADES SIX DIAMONDS FIVE,0.4754,0.105,0.4196
SPADES QUEEN DIAMONDS EIGHT,0.3138,0.0106,0.6756
SPADES NINE DIAMONDS FIVE,0.3322,0.0468,0.621
SPADES EIGHT DIAMONDS FIVE,0.3178,0.0648,0.6174
SPADES ACE DIAMONDS EIGHT,0.3206,0.0038,0.6756
DIAMONDS TEN DIAMONDS SIX,0.3102,0.0284,0.6614
HEARTS ACE DIAMONDS SEVEN,0.215,0.0268,0.7582
DIAMONDS JACK DIAMONDS SIX,0.3258,0.0196,0.6546
HEARTS QUEEN DIAMONDS SEVEN,0.2332,0.0518,0.715
HEARTS KING DIAMONDS SEVEN,0.2312,0.0432,0.7256
DIAMONDS ACE DIAMONDS SIX,0.3224,0.0068,0.6708
HEARTS FOUR DIAMONDS SIX,0.4804,0.1058,0.4138
HEARTS JACK SPADES TWO,0.2418,0.0494,0.7088
HEARTS FIVE DIAMONDS SIX,0.4652,0.1038,0.431
SPADES TWO HEARTS TEN,0.2362,0.0738,0.69
DIAMONDS QUEEN DIAMONDS SIX,0.3272,0.011,0.6618
HEARTS TWO DIAMONDS SIX,0.5802,0.181,0.2388
DIAMONDS KING DIAMONDS SIX,0.3342,0.0076,0.6582
HEARTS THREE DIAMONDS SIX,0.4934,0.1044,0.4022
HEARTS EIGHT DIAMONDS SIX,0.32,0.0666,0.6134
HEARTS NINE DIAMONDS SIX,0.3298,0.047,0.6232
HEARTS SIX DIAMONDS SIX,0.245,0.108,0.647
HEARTS SEVEN DIAMONDS SIX,0.2076,0.381,0.4114
HEARTS TEN DIAMONDS SEVEN,0.2206,0.0856,0.6938
HEARTS JACK DIAMONDS SEVEN,0.2266,0.0666,0.7068
CLUBS THREE DIAMONDS SIX,0.4938,0.1132,0.393
CLUBS SEVEN DIAMONDS SIX,0.2148,0.3622,0.423
DIAMONDS EIGHT CLUBS JACK,0.3104,0.015,0.6746
CLUBS SIX DIAMONDS SIX,0.2316,0.1024,0.666
CLUBS TEN DIAMONDS EIGHT,0.2994,0.0274,0.6732
CLUBS FIVE DIAMONDS SIX,0.4698,0.1074,0.4228
CLUBS FOUR DIAMONDS SIX,0.4836,0.1,0.4164
HEARTS ACE HEARTS JACK,0.2876,0.0054,0.707
DIAMONDS EIGHT CLUBS ACE,0.3262,0.0048,0.669
HEARTS JACK HEARTS QUEEN,0.2932,0.0094,0.6974
DIAMONDS EIGHT CLUBS KING,0.3122,0.0084,0.6794
CLUBS NINE DIAMONDS SIX,0.3366,0.0454,0.618
HEARTS KING HEARTS JACK,0.3008,0.005,0.6942
DIAMONDS EIGHT CLUBS QUEEN,0.3122,0.0114,0.6764
CLUBS EIGHT DIAMONDS SIX,0.3082,0.058,0.6338
SPADES TEN HEARTS KING,0.3124,0.0074,0.6802
SPADES FIVE DIAMONDS SIX,0.4834,0.0958,0.4208
HEARTS ACE SPADES TWO,0.2338,0.0118,0.7544
SPADES JACK HEARTS KING,0.3228,0.0068,0.6704
SPADES FOUR DIAMONDS SIX,0.4726,0.111,0.4164
SPADES THREE DIAMONDS SIX,0.5,0.1018,0.3982
SPADES TWO HEARTS QUEEN,0.2346,0.039,0.7264
SPADES ACE SPADES KING,0.3114,0.0056,0.683
HEARTS KING SPADES TWO,0.2494,0.0234,0.7272
SPADES TWO DIAMONDS SIX,0.5646,0.1926,0.2428
HEARTS TEN HEARTS EIGHT,0.283,0.0252,0.6918
SPADES NINE DIAMONDS SIX,0.33,0.0448,0.6252
HEARTS JACK HEARTS EIGHT,0.3036,0.0174,0.679
SPADES EIGHT DIAMONDS SIX,0.3226,0.0672,0.6102
SPADES SIX DIAMONDS SIX,0.244,0.1082,0.6478
SPADES KING HEARTS KING,0.13,0.0178,0.8522
SPADES QUEEN HEARTS KING,0.3248,0.006,0.6692
CLUBS ACE CLUBS KING,0.3146,0.0042,0.6812
SPADES ACE HEARTS KING,0.3224,0.005,0.6726
SPADES ACE HEARTS JACK,0.322,0.0052,0.6728
SPADES QUEEN HEARTS JACK,0.312,0.0106,0.6774
SPADES KING HEARTS JACK,0.3218,0.0064,0.6718
SPADES TEN DIAMONDS TEN,0.124,0.0544,0.8216
SPADES JACK DIAMONDS TEN,0.3066,0.0112,0.6822
SPADES ACE DIAMONDS TEN,0.319,0.0046,0.6764
SPADES JACK HEARTS JACK,0.1156,0.0452,0.8392
SPADES TEN HEARTS JACK,0.3096,0.0152,0.6752
SPADES QUEEN DIAMONDS TEN,0.3188,0.0104,0.6708
SPADES KING DIAMONDS TEN,0.3074,0.0084,0.6842
SPADES NINE DIAMONDS SEVEN,0.2094,0.1114,0.6792
SPADES EIGHT DIAMONDS SEVEN,0.2232,0.1354,0.6414
SPADES SIX DIAMONDS SEVEN,0.2168,0.3708,0.4124
DIAMONDS KING DIAMONDS SEVEN,0.2144,0.0402,0.7454
HEARTS THREE DIAMONDS SEVEN,0.2088,0.5088,0.2824
HEARTS KING DIAMONDS FIVE,0.3456,0.0078,0.6466
DIAMONDS QUEEN DIAMONDS SEVEN,0.2026,0.0454,0.752
HEARTS TWO DIAMONDS SEVEN,0.0224,0.9552,0.0224
HEARTS QUEEN DIAMONDS FIVE,0.3598,0.0112,0.629
HEARTS FIVE DIAMONDS SEVEN,0.2046,0.4454,0.35
DIAMONDS ACE DIAMONDS SEVEN,0.1942,0.0248,0.781
HEARTS FOUR DIAMONDS SEVEN,0.2176,0.5,0.2824
HEARTS ACE DIAMONDS FIVE,0.3404,0.0044,0.6552
HEARTS SEVEN DIAMONDS SEVEN,0.0652,0.1034,0.8314
HEARTS SIX DIAMONDS SEVEN,0.2178,0.3656,0.4166
HEARTS NINE DIAMONDS SEVEN,0.2202,0.1118,0.668
DIAMONDS SEVEN HEARTS EIGHT,0.2164,0.1514,0.6322
DIAMONDS JACK DIAMONDS SEVEN,0.2222,0.0654,0.7124
HEARTS JACK DIAMONDS FIVE,0.342,0.023,0.635
DIAMONDS TEN DIAMONDS SEVEN,0.2212,0.0748,0.704
DIAMONDS FIVE HEARTS TEN,0.353,0.0318,0.6152
HEARTS KING CLUBS KING,0.1226,0.017,0.8604
CLUBS EIGHT DIAMONDS SEVEN,0.2104,0.1378,0.6518
HEARTS KING CLUBS QUEEN,0.3154,0.0068,0.6778
CLUBS NINE DIAMONDS SEVEN,0.2146,0.1178,0.6676
SPADES TWO CLUBS JACK,0.2426,0.0544,0.703
CLUBS TEN SPADES TWO,0.2324,0.075,0.6926
HEARTS KING CLUBS ACE,0.3238,0.004,0.6722
CLUBS SEVEN CLUBS SIX,0.2044,0.3644,0.4312
SPADES TWO CLUBS KING,0.2446,0.0272,0.7282
SPADES TWO DIAMONDS SEVEN,0.0152,0.9738,0.011
CLUBS EIGHT CLUBS SIX,0.2954,0.0636,0.641
SPADES THREE DIAMONDS SEVEN,0.2118,0.507,0.2812
SPADES TWO CLUBS QUEEN,0.2364,0.0412,0.7224
CLUBS NINE CLUBS SIX,0.3258,0.035,0.6392
SPADES FOUR DIAMONDS SEVEN,0.2138,0.4926,0.2936
HEARTS KING CLUBS JACK,0.324,0.008,0.668
SPADES FIVE DIAMONDS SEVEN,0.2124,0.452,0.3356
SPADES TWO CLUBS ACE,0.2332,0.017,0.7498
CLUBS TEN HEARTS KING,0.3142,0.0076,0.6782
CLUBS SIX SPADES TWO,0.567,0.201,0.232
CLUBS SIX SPADES THREE,0.4878,0.1104,0.4018
CLUBS SIX SPADES FOUR,0.4842,0.1156,0.4002
CLUBS THREE DIAMONDS SEVEN,0.207,0.523,0.27
CLUBS SIX SPADES FIVE,0.455,0.1026,0.4424
CLUBS FOUR DIAMONDS SEVEN,0.2102,0.4986,0.2912
CLUBS SIX SPADES SIX,0.2346,0.1076,0.6578
CLUBS FIVE DIAMONDS SEVEN,0.2066,0.4444,0.349
CLUBS SIX DIAMONDS SEVEN,0.2116,0.3752,0.4132
CLUBS SIX SPADES EIGHT,0.315,0.0704,0.6146
CLUBS SEVEN DIAMONDS SEVEN,0.0522,0.109,0.8388
SPADES NINE CLUBS SIX,0.322,0.0442,0.6338
CLUBS THREE DIAMONDS EIGHT,0.3474,0.0662,0.5864
DIAMONDS EIGHT HEARTS SEVEN,0.2284,0.1358,0.6358
HEARTS SIX DIAMONDS EIGHT,0.3148,0.0656,0.6196
DIAMONDS EIGHT HEARTS NINE,0.3072,0.04,0.6528
DIAMONDS EIGHT HEARTS EIGHT,0.1286,0.0792,0.7922
CLUBS NINE DIAMONDS EIGHT,0.2912,0.0406,0.6682
CLUBS EIGHT DIAMONDS EIGHT,0.1242,0.0794,0.7964
CLUBS FIVE DIAMONDS EIGHT,0.3238,0.0696,0.6066
SPADES ACE SPADES THREE,0.324,0.0082,0.6678
CLUBS FOUR DIAMONDS EIGHT,0.3396,0.0656,0.5948
CLUBS SEVEN DIAMONDS EIGHT,0.2146,0.1458,0.6396
SPADES QUEEN SPADES THREE,0.337,0.0142,0.6488
CLUBS SIX DIAMONDS EIGHT,0.3108,0.0726,0.6166
SPADES KING SPADES THREE,0.3338,0.0086,0.6576
DIAMONDS QUEEN DIAMONDS EIGHT,0.2982,0.0108,0.691
HEARTS TWO DIAMONDS EIGHT,0.2392,0.1376,0.6232
DIAMONDS KING DIAMONDS EIGHT,0.3004,0.0074,0.6922
HEARTS THREE DIAMONDS EIGHT,0.3552,0.065,0.5798
DIAMONDS ACE DIAMONDS EIGHT,0.2912,0.0036,0.7052
HEARTS FOUR DIAMONDS EIGHT,0.335,0.0624,0.6026
HEARTS FIVE DIAMONDS EIGHT,0.3196,0.062,0.6184
DIAMONDS EIGHT DIAMONDS TEN,0.2848,0.0258,0.6894
DIAMONDS EIGHT DIAMONDS JACK,0.29,0.0172,0.6928
SPADES JACK SPADES THREE,0.3316,0.0202,0.6482
SPADES TEN SPADES THREE,0.3328,0.0268,0.6404
CLUBS FOUR HEARTS ACE,0.3274,0.0056,0.667
CLUBS FOUR HEARTS QUEEN,0.34,0.0134,0.6466
CLUBS FOUR HEARTS KING,0.3444,0.01,0.6456
CLUBS SIX HEARTS TEN,0.3344,0.0298,0.6358
CLUBS SIX HEARTS JACK,0.3512,0.0186,0.6302
SPADES FOUR DIAMONDS EIGHT,0.3424,0.0706,0.587
SPADES FIVE DIAMONDS EIGHT,0.3296,0.0674,0.603
DIAMONDS EIGHT SPADES TWO,0.2248,0.1464,0.6288
DIAMONDS EIGHT SPADES THREE,0.364,0.0664,0.5696
CLUBS FOUR HEARTS JACK,0.3456,0.0202,0.6342
SPADES EIGHT DIAMONDS EIGHT,0.12,0.084,0.796
SPADES TEN DIAMONDS QUEEN,0.3168,0.0126,0.6706
SPADES TEN HEARTS TWO,0.2366,0.0692,0.6942
SPADES JACK HEARTS EIGHT,0.3024,0.0228,0.6748
CLUBS FOUR HEARTS TEN,0.344,0.0294,0.6266
SPADES NINE DIAMONDS EIGHT,0.2972,0.039,0.6638
SPADES TEN HEARTS EIGHT,0.3024,0.0256,0.672
SPADES JACK HEARTS TWO,0.2372,0.0454,0.7174
SPADES JACK DIAMONDS QUEEN,0.3118,0.0114,0.6768
SPADES SIX DIAMONDS EIGHT,0.3176,0.0678,0.6146
SPADES ACE HEARTS TWO,0.2336,0.011,0.7554
SPADES ACE DIAMONDS QUEEN,0.3078,0.0056,0.6866
SPADES ACE HEARTS EIGHT,0.3226,0.0038,0.6736
SPADES KING HEARTS EIGHT,0.3374,0.0086,0.654
SPADES QUEEN HEARTS TWO,0.2426,0.0356,0.7218
SPADES QUEEN DIAMONDS QUEEN,0.116,0.0324,0.8516
SPADES KING DIAMONDS QUEEN,0.3068,0.0082,0.685
SPADES KING HEARTS TWO,0.2492,0.0258,0.725
SPADES QUEEN HEARTS EIGHT,0.3146,0.0162,0.6692
SPADES SIX DIAMONDS NINE,0.3294,0.0444,0.6262
SPADES NINE DIAMONDS NINE,0.1204,0.0694,0.8102
SPADES EIGHT DIAMONDS NINE,0.2934,0.0352,0.6714
SPADES TEN CLUBS KING,0.324,0.0056,0.6704
DIAMONDS NINE SPADES THREE,0.3512,0.044,0.6048
SPADES JACK CLUBS KING,0.3196,0.0072,0.6732
DIAMONDS NINE SPADES TWO,0.2386,0.1064,0.655
SPADES FIVE DIAMONDS NINE,0.3362,0.044,0.6198
DIAMONDS NINE SPADES FOUR,0.3532,0.0482,0.5986
CLUBS NINE DIAMONDS NINE,0.11,0.0684,0.8216
CLUBS EIGHT DIAMONDS NINE,0.2926,0.0396,0.6678
CLUBS SIX DIAMONDS NINE,0.3322,0.0416,0.6262
SPADES JACK CLUBS FOUR,0.3542,0.0196,0.6262
CLUBS SEVEN DIAMONDS NINE,0.2088,0.1134,0.6778
SPADES TEN CLUBS FOUR,0.3372,0.03,0.6328
CLUBS FOUR DIAMONDS NINE,0.3464,0.0424,0.6112
CLUBS FIVE DIAMONDS NINE,0.3362,0.0444,0.6194
CLUBS THREE DIAMONDS NINE,0.356,0.0456,0.5984
DIAMONDS NINE HEARTS EIGHT,0.2946,0.037,0.6684
DIAMONDS NINE HEARTS NINE,0.1284,0.076,0.7956
HEARTS SIX DIAMONDS NINE,0.333,0.0466,0.6204
DIAMONDS NINE HEARTS SEVEN,0.2044,0.1152,0.6804
CLUBS NINE CLUBS EIGHT,0.2814,0.0372,0.6814
DIAMONDS ACE DIAMONDS NINE,0.2992,0.0046,0.6962
HEARTS FOUR DIAMONDS NINE,0.3556,0.0434,0.601
HEARTS FIVE DIAMONDS NINE,0.3406,0.0486,0.6108
SPADES ACE CLUBS FOUR,0.3438,0.006,0.6502
DIAMONDS QUEEN DIAMONDS NINE,0.2942,0.0102,0.6956
HEARTS TWO DIAMONDS NINE,0.2512,0.0982,0.6506
SPADES KING CLUBS FOUR,0.341,0.0072,0.6518
DIAMONDS KING DIAMONDS NINE,0.3012,0.0074,0.6914
HEARTS THREE DIAMONDS NINE,0.342,0.0466,0.6114
SPADES QUEEN CLUBS FOUR,0.3356,0.0152,0.6492
DIAMONDS NINE DIAMONDS JACK,0.3054,0.0146,0.68
CLUBS EIGHT SPADES NINE,0.2852,0.0458,0.669
DIAMONDS NINE DIAMONDS TEN,0.2826,0.0258,0.6916
CLUBS EIGHT SPADES EIGHT,0.1206,0.0826,0.7968
CLUBS EIGHT SPADES SIX,0.3246,0.0616,0.6138
CLUBS EIGHT SPADES FIVE,0.322,0.0752,0.6028
CLUBS EIGHT SPADES FOUR,0.3452,0.0678,0.587
CLUBS EIGHT SPADES THREE,0.3406,0.0664,0.593
CLUBS EIGHT SPADES TWO,0.221,0.1474,0.6316
HEARTS SIX DIAMONDS TEN,0.3398,0.0294,0.6308
DIAMONDS TEN HEARTS SEVEN,0.2244,0.0872,0.6884
DIAMONDS TEN HEARTS EIGHT,0.2984,0.0268,0.6748
CLUBS FOUR CLUBS JACK,0.337,0.0216,0.6414
DIAMONDS TEN HEARTS NINE,0.305,0.0238,0.6712
CLUBS TEN CLUBS FOUR,0.3292,0.0266,0.6442
CLUBS FOUR CLUBS KING,0.3368,0.011,0.6522
CLUBS FOUR CLUBS QUEEN,0.3374,0.0142,0.6484
CLUBS THREE DIAMONDS TEN,0.3476,0.033,0.6194
CLUBS FOUR CLUBS ACE,0.3306,0.0076,0.6618
DIAMONDS JACK DIAMONDS TEN,0.2992,0.0128,0.688
DIAMONDS QUEEN DIAMONDS TEN,0.2876,0.01,0.7024
HEARTS TWO DIAMONDS TEN,0.2442,0.0684,0.6874
DIAMONDS KING DIAMONDS TEN,0.29,0.0082,0.7018
HEARTS THREE DIAMONDS TEN,0.3506,0.0294,0.62
DIAMONDS ACE DIAMONDS TEN,0.2984,0.005,0.6966
HEARTS FOUR DIAMONDS TEN,0.3542,0.0302,0.6156
CLUBS EIGHT HEARTS JACK,0.3128,0.0176,0.6696
HEARTS FIVE DIAMONDS TEN,0.3604,0.0258,0.6138
CLUBS EIGHT HEARTS TEN,0.306,0.0242,0.6698
CLUBS EIGHT HEARTS QUEEN,0.3192,0.0104,0.6704
CLUBS EIGHT HEARTS KING,0.32,0.0092,0.6708
CLUBS EIGHT HEARTS ACE,0.3094,0.005,0.6856
CLUBS NINE SPADES THREE,0.3362,0.0448,0.619
CLUBS NINE SPADES TWO,0.2472,0.1004,0.6524
CLUBS NINE SPADES FIVE,0.3344,0.0454,0.6202
CLUBS NINE SPADES FOUR,0.3448,0.0448,0.6104
CLUBS NINE SPADES SIX,0.3226,0.0424,0.635
CLUBS NINE SPADES NINE,0.1124,0.0694,0.8182
CLUBS TEN HEARTS EIGHT,0.2996,0.0284,0.672
CLUBS NINE SPADES EIGHT,0.2964,0.0408,0.6628
CLUBS JACK HEARTS EIGHT,0.315,0.017,0.668
CLUBS QUEEN HEARTS EIGHT,0.3146,0.0128,0.6726
CLUBS KING HEARTS EIGHT,0.3234,0.0076,0.669
CLUBS ACE HEARTS EIGHT,0.3182,0.0032,0.6786
SPADES KING CLUBS KING,0.1166,0.0194,0.864
SPADES QUEEN CLUBS KING,0.3198,0.01,0.6702
SPADES ACE CLUBS KING,0.3098,0.0056,0.6846
DIAMONDS ACE HEARTS TEN,0.329,0.0032,0.6678
HEARTS FOUR HEARTS TEN,0.3288,0.0262,0.645
DIAMONDS ACE HEARTS JACK,0.3206,0.0046,0.6748
HEARTS FOUR HEARTS JACK,0.34,0.0182,0.6418
SPADES KING CLUBS FIVE,0.3334,0.0112,0.6554
SPADES QUEEN CLUBS FIVE,0.3388,0.0148,0.6464
SPADES ACE CLUBS FIVE,0.3264,0.0062,0.6674
DIAMONDS JACK HEARTS SEVEN,0.2266,0.0656,0.7078
HEARTS SIX DIAMONDS JACK,0.354,0.018,0.628
DIAMONDS JACK HEARTS NINE,0.307,0.0176,0.6754
DIAMONDS JACK HEARTS EIGHT,0.3126,0.0154,0.672
DIAMONDS KING DIAMONDS JACK,0.3014,0.0086,0.69
HEARTS THREE DIAMONDS JACK,0.3698,0.0176,0.6126
SPADES ACE SPADES SIX,0.3278,0.007,0.6652
SPADES FOUR HEARTS ACE,0.3454,0.0058,0.6488
DIAMONDS QUEEN DIAMONDS JACK,0.3072,0.0096,0.6832
HEARTS TWO DIAMONDS JACK,0.239,0.0524,0.7086
HEARTS FIVE DIAMONDS JACK,0.3518,0.0204,0.6278
SPADES QUEEN SPADES SIX,0.3284,0.014,0.6576
SPADES FOUR HEARTS QUEEN,0.3378,0.015,0.6472
DIAMONDS ACE DIAMONDS JACK,0.297,0.0052,0.6978
HEARTS FOUR DIAMONDS JACK,0.3582,0.02,0.6218
SPADES KING SPADES SIX,0.3436,0.0092,0.6472
HEARTS KING SPADES FOUR,0.3642,0.0116,0.6242
SPADES TEN SPADES SIX,0.3338,0.0294,0.6368
SPADES JACK SPADES SIX,0.3338,0.0218,0.6444
SPADES FOUR DIAMONDS JACK,0.3426,0.0226,0.6348
SPADES FIVE DIAMONDS JACK,0.3566,0.0222,0.6212
DIAMONDS JACK SPADES TWO,0.2428,0.0568,0.7004
SPADES THREE DIAMONDS JACK,0.363,0.023,0.614
SPADES ACE DIAMONDS THREE,0.3422,0.0066,0.6512
SPADES QUEEN DIAMONDS THREE,0.3474,0.015,0.6376
CLUBS EIGHT DIAMONDS JACK,0.3154,0.0214,0.6632
SPADES KING DIAMONDS THREE,0.35,0.0104,0.6396
CLUBS NINE DIAMONDS JACK,0.3204,0.018,0.6616
CLUBS SIX DIAMONDS JACK,0.3538,0.018,0.6282
CLUBS SEVEN DIAMONDS JACK,0.2302,0.0614,0.7084
CLUBS FOUR DIAMONDS JACK,0.3586,0.0156,0.6258
CLUBS FIVE DIAMONDS JACK,0.341,0.0202,0.6388
CLUBS THREE DIAMONDS JACK,0.357,0.0196,0.6234
SPADES TEN CLUBS FIVE,0.3342,0.0312,0.6346
HEARTS SIX SPADES JACK,0.3506,0.0186,0.6308
HEARTS SIX SPADES TEN,0.3396,0.025,0.6354
SPADES JACK CLUBS FIVE,0.3214,0.021,0.6576
SPADES JACK DIAMONDS THREE,0.352,0.021,0.627
CLUBS SEVEN CLUBS ACE,0.2084,0.0282,0.7634
DIAMONDS THREE SPADES TEN,0.3446,0.0304,0.625
CLUBS SEVEN CLUBS QUEEN,0.2208,0.0476,0.7316
CLUBS SEVEN CLUBS KING,0.202,0.039,0.759
SPADES NINE DIAMONDS JACK,0.3136,0.014,0.6724
CLUBS TEN CLUBS SEVEN,0.2112,0.0796,0.7092
DIAMONDS ACE HEARTS ACE,0.124,0.003,0.873
HEARTS FOUR HEARTS ACE,0.3228,0.005,0.6722
SPADES EIGHT DIAMONDS JACK,0.2946,0.018,0.6874
SPADES ACE HEARTS SIX,0.3476,0.0048,0.6476
CLUBS SEVEN CLUBS JACK,0.2108,0.066,0.7232
DIAMONDS ACE HEARTS KING,0.3176,0.0028,0.6796
HEARTS FOUR HEARTS KING,0.3286,0.007,0.6644
SPADES KING HEARTS SIX,0.3484,0.0074,0.6442
DIAMONDS ACE HEARTS QUEEN,0.3122,0.0048,0.683
HEARTS FOUR HEARTS QUEEN,0.3276,0.0108,0.6616
SPADES SIX DIAMONDS JACK,0.3576,0.0222,0.6202
SPADES QUEEN HEARTS SIX,0.3342,0.0124,0.6534
SPADES TWO DIAMONDS TEN,0.242,0.0738,0.6842
SPADES THREE DIAMONDS TEN,0.348,0.0344,0.6176
SPADES FOUR DIAMONDS TEN,0.3326,0.0276,0.6398
SPADES FIVE DIAMONDS TEN,0.353,0.0302,0.6168
SPADES SIX DIAMONDS TEN,0.3452,0.028,0.6268
SPADES EIGHT DIAMONDS TEN,0.293,0.025,0.682
SPADES NINE DIAMONDS TEN,0.3042,0.021,0.6748
CLUBS FOUR DIAMONDS TEN,0.3442,0.0286,0.6272
CLUBS FIVE DIAMONDS TEN,0.3452,0.0258,0.629
CLUBS SIX DIAMONDS TEN,0.3442,0.0252,0.6306
CLUBS SEVEN DIAMONDS TEN,0.2136,0.0834,0.703
CLUBS EIGHT DIAMONDS TEN,0.2928,0.0266,0.6806
CLUBS NINE DIAMONDS TEN,0.3062,0.0232,0.6706
DIAMONDS THREE CLUBS JACK,0.353,0.0186,0.6284
CLUBS TEN DIAMONDS THREE,0.3394,0.0296,0.631
DIAMONDS THREE CLUBS KING,0.3424,0.0086,0.649
DIAMONDS THREE CLUBS QUEEN,0.3592,0.0112,0.6296
DIAMONDS THREE CLUBS ACE,0.3358,0.0052,0.659
SPADES FOUR HEARTS JACK,0.346,0.0154,0.6386
SPADES FOUR HEARTS TEN,0.349,0.0294,0.6216
SPADES FIVE SPADES TWO,0.5184,0.1874,0.2942
SPADES FOUR SPADES TWO,0.5142,0.199,0.2868
SPADES THREE SPADES TWO,0.5188,0.199,0.2822
SPADES NINE SPADES TWO,0.2348,0.093,0.6722
SPADES EIGHT SPADES TWO,0.2246,0.1364,0.639
SPADES SIX SPADES TWO,0.5494,0.1778,0.2728
DIAMONDS QUEEN CLUBS THREE,0.3456,0.0128,0.6416
CLUBS THREE HEARTS TWO,0.5478,0.1908,0.2614
DIAMONDS QUEEN HEARTS SEVEN,0.2314,0.0528,0.7158
HEARTS TWO HEARTS SEVEN,0.0214,0.9016,0.077
HEARTS SIX DIAMONDS QUEEN,0.354,0.01,0.636
HEARTS SIX HEARTS TWO,0.5262,0.1808,0.293
DIAMONDS QUEEN HEARTS NINE,0.3214,0.013,0.6656
HEARTS TWO HEARTS NINE,0.219,0.0938,0.6872
DIAMONDS QUEEN HEARTS EIGHT,0.3154,0.0124,0.6722
HEARTS TWO HEARTS EIGHT,0.2282,0.1308,0.641
CLUBS NINE HEARTS TWO,0.2392,0.0944,0.6664
CLUBS NINE DIAMONDS QUEEN,0.3094,0.0124,0.6782
CLUBS EIGHT HEARTS TWO,0.2314,0.1442,0.6244
CLUBS EIGHT DIAMONDS QUEEN,0.3236,0.0094,0.667
CLUBS FIVE DIAMONDS QUEEN,0.3468,0.0132,0.64
CLUBS FIVE HEARTS TWO,0.5384,0.193,0.2686
SPADES EIGHT HEARTS ACE,0.3136,0.0028,0.6836
DIAMONDS QUEEN CLUBS FOUR,0.3336,0.0162,0.6502
HEARTS TWO CLUBS FOUR,0.5254,0.2022,0.2724
CLUBS SEVEN DIAMONDS QUEEN,0.216,0.0472,0.7368
CLUBS SEVEN HEARTS TWO,0.0082,0.9738,0.018
SPADES EIGHT HEARTS QUEEN,0.3154,0.0124,0.6722
CLUBS SIX DIAMONDS QUEEN,0.34,0.012,0.648
CLUBS SIX HEARTS TWO,0.5612,0.193,0.2458
SPADES EIGHT HEARTS KING,0.3192,0.0076,0.6732
DIAMONDS QUEEN SPADES SIX,0.3424,0.0132,0.6444
HEARTS TWO SPADES SIX,0.5762,0.1868,0.237
HEARTS FOUR CLUBS QUEEN,0.3462,0.015,0.6388
DIAMONDS ACE CLUBS QUEEN,0.3114,0.0048,0.6838
HEARTS FOUR CLUBS KING,0.3484,0.0074,0.6442
DIAMONDS ACE CLUBS KING,0.3128,0.0042,0.683
DIAMONDS QUEEN SPADES EIGHT,0.3218,0.0134,0.6648
SPADES EIGHT HEARTS TWO,0.2268,0.1368,0.6364
HEARTS FOUR CLUBS ACE,0.3444,0.0074,0.6482
DIAMONDS ACE CLUBS ACE,0.1178,0.0046,0.8776
SPADES NINE DIAMONDS QUEEN,0.3018,0.0126,0.6856
SPADES NINE HEARTS TWO,0.2418,0.1008,0.6574
HEARTS TWO SPADES TWO,0.2574,0.0864,0.6562
DIAMONDS QUEEN SPADES TWO,0.242,0.0396,0.7184
HEARTS TWO SPADES THREE,0.5588,0.193,0.2482
DIAMONDS QUEEN SPADES THREE,0.3456,0.0174,0.637
HEARTS TWO SPADES FOUR,0.5398,0.2004,0.2598
DIAMONDS QUEEN SPADES FOUR,0.3438,0.013,0.6432
HEARTS FOUR CLUBS TEN,0.3418,0.03,0.6282
CLUBS TEN DIAMONDS ACE,0.3214,0.0042,0.6744
HEARTS TWO SPADES FIVE,0.5436,0.1966,0.2598
DIAMONDS QUEEN SPADES FIVE,0.3568,0.0178,0.6254
HEARTS FOUR CLUBS JACK,0.3384,0.0202,0.6414
DIAMONDS ACE CLUBS JACK,0.329,0.0062,0.6648
CLUBS FIVE CLUBS KING,0.3314,0.0098,0.6588
CLUBS FIVE CLUBS QUEEN,0.327,0.012,0.661
CLUBS FIVE CLUBS ACE,0.3052,0.006,0.6888
CLUBS FIVE CLUBS JACK,0.3246,0.0208,0.6546
CLUBS TEN CLUBS FIVE,0.3304,0.027,0.6426
SPADES KING CLUBS JACK,0.3086,0.0064,0.685
SPADES QUEEN CLUBS JACK,0.3214,0.0116,0.667
SPADES ACE CLUBS JACK,0.3204,0.0058,0.6738
SPADES SIX CLUBS KING,0.3698,0.0094,0.6208
SPADES SIX CLUBS QUEEN,0.343,0.0122,0.6448
SPADES EIGHT HEARTS JACK,0.3068,0.0172,0.676
SPADES SIX CLUBS ACE,0.3456,0.0058,0.6486
SPADES EIGHT HEARTS TEN,0.309,0.0258,0.6652
SPADES SIX CLUBS JACK,0.342,0.0208,0.6372
CLUBS TEN SPADES SIX,0.3438,0.0278,0.6284
SPADES TEN CLUBS JACK,0.2852,0.019,0.6958
SPADES JACK CLUBS JACK,0.1156,0.0438,0.8406
SPADES QUEEN CLUBS SEVEN,0.2078,0.0532,0.739
SPADES KING CLUBS SEVEN,0.2038,0.0488,0.7474
SPADES ACE CLUBS SEVEN,0.2,0.0322,0.7678
SPADES SIX HEARTS TEN,0.35,0.0296,0.6204
SPADES SIX HEARTS JACK,0.3386,0.0154,0.646
SPADES SIX HEARTS ACE,0.3508,0.004,0.6452
SPADES SIX HEARTS KING,0.3508,0.0078,0.6414
SPADES SIX HEARTS QUEEN,0.3476,0.014,0.6384
CLUBS SEVEN SPADES JACK,0.2096,0.0704,0.72
CLUBS SEVEN SPADES TEN,0.2106,0.0864,0.703
CLUBS TEN HEARTS SIX,0.3408,0.0304,0.6288
HEARTS SIX CLUBS JACK,0.3506,0.0184,0.631
CLUBS ACE CLUBS JACK,0.303,0.0048,0.6922
HEARTS SIX CLUBS QUEEN,0.3508,0.0106,0.6386
HEARTS SIX CLUBS KING,0.3482,0.008,0.6438
HEARTS SIX CLUBS ACE,0.352,0.0064,0.6416
CLUBS QUEEN CLUBS JACK,0.2976,0.0084,0.694
CLUBS KING CLUBS JACK,0.3074,0.0074,0.6852
DIAMONDS THREE HEARTS ACE,0.354,0.0034,0.6426
DIAMONDS THREE HEARTS QUEEN,0.3504,0.0114,0.6382
DIAMONDS THREE HEARTS KING,0.3568,0.0108,0.6324
CLUBS FIVE HEARTS JACK,0.3302,0.02,0.6498
SPADES TEN DIAMONDS ACE,0.309,0.0054,0.6856
HEARTS FOUR SPADES TEN,0.3452,0.0352,0.6196
CLUBS FIVE HEARTS TEN,0.343,0.0266,0.6304
HEARTS FOUR SPADES JACK,0.3454,0.022,0.6326
SPADES JACK DIAMONDS ACE,0.3048,0.005,0.6902
SPADES ACE HEARTS FOUR,0.3332,0.0066,0.6602
SPADES ACE DIAMONDS ACE,0.1152,0.0034,0.8814
CLUBS FIVE HEARTS ACE,0.3312,0.0052,0.6636
CLUBS FIVE HEARTS KING,0.355,0.0064,0.6386
HEARTS FOUR SPADES QUEEN,0.346,0.0134,0.6406
SPADES QUEEN DIAMONDS ACE,0.309,0.0062,0.6848
SPADES FOUR CLUBS JACK,0.3546,0.0232,0.6222
CLUBS FIVE HEARTS QUEEN,0.355,0.0128,0.6322
SPADES KING DIAMONDS ACE,0.3214,0.005,0.6736
HEARTS FOUR SPADES KING,0.3568,0.0102,0.633
CLUBS TEN SPADES FOUR,0.353,0.0262,0.6208
DIAMONDS QUEEN DIAMONDS ACE,0.3052,0.0046,0.6902
HEARTS TWO DIAMONDS ACE,0.2446,0.0116,0.7438
HEARTS FOUR DIAMONDS QUEEN,0.3498,0.0138,0.6364
HEARTS FOUR HEARTS TWO,0.5026,0.19,0.3074
DIAMONDS THREE HEARTS TEN,0.3566,0.0316,0.6118
SPADES FOUR CLUBS KING,0.3452,0.0118,0.643
HEARTS FIVE DIAMONDS QUEEN,0.345,0.0144,0.6406
HEARTS FIVE HEARTS TWO,0.508,0.1922,0.2998
DIAMONDS THREE HEARTS JACK,0.3684,0.0234,0.6082
SPADES FOUR CLUBS QUEEN,0.3486,0.0114,0.64
DIAMONDS QUEEN HEARTS TWO,0.2516,0.036,0.7124
DIAMONDS KING DIAMONDS QUEEN,0.2994,0.008,0.6926
DIAMONDS KING HEARTS TWO,0.2504,0.0244,0.7252
HEARTS THREE DIAMONDS QUEEN,0.3592,0.014,0.6268
HEARTS THREE HEARTS TWO,0.5176,0.1846,0.2978
SPADES FOUR CLUBS ACE,0.3312,0.0048,0.664
HEARTS TWO CLUBS ACE,0.2216,0.0134,0.765
DIAMONDS QUEEN CLUBS ACE,0.3186,0.0054,0.676
HEARTS TWO CLUBS QUEEN,0.2434,0.0374,0.7192
DIAMONDS QUEEN CLUBS QUEEN,0.1256,0.0292,0.8452
HEARTS TWO CLUBS KING,0.2428,0.0188,0.7384
DIAMONDS QUEEN CLUBS KING,0.3162,0.0068,0.677
SPADES EIGHT SPADES FIVE,0.309,0.0648,0.6262
CLUBS TEN HEARTS TWO,0.2186,0.074,0.7074
CLUBS TEN DIAMONDS QUEEN,0.3148,0.0098,0.6754
SPADES NINE SPADES FIVE,0.3052,0.045,0.6498
HEARTS TWO CLUBS JACK,0.2382,0.0446,0.7172
DIAMONDS QUEEN CLUBS JACK,0.3116,0.0126,0.6758
SPADES SIX SPADES FIVE,0.4412,0.0948,0.464
DIAMONDS FIVE CLUBS QUEEN,0.3434,0.012,0.6446
SPADES EIGHT CLUBS ACE,0.2998,0.0062,0.694
DIAMONDS FIVE CLUBS KING,0.3444,0.0088,0.6468
SPADES EIGHT CLUBS KING,0.3154,0.0068,0.6778
CLUBS ACE DIAMONDS FIVE,0.3308,0.0046,0.6646
SPADES EIGHT CLUBS QUEEN,0.3038,0.0144,0.6818
SPADES EIGHT CLUBS JACK,0.3188,0.0172,0.664
CLUBS TEN SPADES EIGHT,0.3002,0.029,0.6708
CLUBS TEN DIAMONDS FIVE,0.3426,0.0288,0.6286
DIAMONDS FIVE CLUBS JACK,0.349,0.0182,0.6328
HEARTS JACK DIAMONDS TEN,0.2988,0.0138,0.6874
DIAMONDS TEN HEARTS TEN,0.1284,0.0504,0.8212
SPADES ACE CLUBS NINE,0.301,0.0056,0.6934
CLUBS NINE SPADES QUEEN,0.2972,0.0132,0.6896
CLUBS NINE SPADES KING,0.3124,0.0104,0.6772
HEARTS SIX HEARTS KING,0.3294,0.01,0.6606
SPADES KING DIAMONDS SEVEN,0.2268,0.0404,0.7328
HEARTS SIX HEARTS QUEEN,0.3298,0.0104,0.6598
DIAMONDS KING SPADES SIX,0.3486,0.0108,0.6406
HEARTS THREE SPADES SIX,0.5,0.1072,0.3928
SPADES QUEEN DIAMONDS SEVEN,0.2136,0.053,0.7334
DIAMONDS KING SPADES NINE,0.317,0.0108,0.6722
HEARTS THREE SPADES NINE,0.349,0.0488,0.6022
HEARTS SIX HEARTS ACE,0.3278,0.0058,0.6664
DIAMONDS KING SPADES EIGHT,0.3272,0.0064,0.6664
HEARTS THREE SPADES EIGHT,0.3466,0.064,0.5894
SPADES ACE DIAMONDS SEVEN,0.2082,0.033,0.7588
CLUBS NINE HEARTS THREE,0.3472,0.0406,0.6122
CLUBS NINE DIAMONDS KING,0.3148,0.008,0.6772
HEARTS THREE CLUBS EIGHT,0.3572,0.063,0.5798
CLUBS EIGHT DIAMONDS KING,0.3224,0.0102,0.6674
HEARTS THREE SPADES THREE,0.2424,0.1178,0.6398
DIAMONDS KING SPADES THREE,0.3566,0.0078,0.6356
HEARTS THREE SPADES TWO,0.5482,0.1986,0.2532
DIAMONDS KING SPADES TWO,0.2526,0.0234,0.724
HEARTS THREE SPADES FIVE,0.4846,0.1106,0.4048
