opposingHand,winningChance,drawChance,lostChance
SPADES SIX DIAMONDS SIX
HEARTS FIVE SPADES TEN,0.6394,0.0572,0.3034
HEARTS FIVE SPADES JACK,0.6514,0.0454,0.3032
SPADES FIVE CLUBS JACK,0.6412,0.046,0.3128
CLUBS TEN SPADES FIVE,0.6594,0.06,0.2806
CLUBS EIGHT CLUBS JACK,0.5132,0.0288,0.458
CLUBS TEN CLUBS EIGHT,0.5042,0.0486,0.4472
CLUBS EIGHT CLUBS KING,0.5076,0.0104,0.482
SPADES FIVE CLUBS ACE,0.6364,0.0036,0.36
CLUBS EIGHT CLUBS QUEEN,0.4966,0.0206,0.4828
SPADES FIVE CLUBS KING,0.6448,0.015,0.3402
SPADES FIVE CLUBS QUEEN,0.6532,0.0262,0.3206
CLUBS EIGHT CLUBS ACE,0.5264,0.0052,0.4684
DIAMONDS TWO DIAMONDS THREE,0.7176,0.1258,0.1566
DIAMONDS TWO DIAMONDS FIVE,0.714,0.1234,0.1626
HEARTS FIVE SPADES KING,0.6548,0.0158,0.3294
DIAMONDS TWO DIAMONDS FOUR,0.7028,0.1328,0.1644
HEARTS FIVE SPADES QUEEN,0.6432,0.028,0.3288
DIAMONDS TWO DIAMONDS SEVEN,0.6154,0.1128,0.2718
SPADES ACE HEARTS FIVE,0.6202,0.0048,0.375
DIAMONDS TWO DIAMONDS NINE,0.6234,0.0704,0.3062
DIAMONDS TWO DIAMONDS EIGHT,0.6286,0.0888,0.2826
DIAMONDS THREE DIAMONDS FOUR,0.706,0.1246,0.1694
SPADES FOUR CLUBS TWO,0.7494,0.1256,0.125
DIAMONDS THREE DIAMONDS FIVE,0.7062,0.124,0.1698
SPADES FIVE CLUBS TWO,0.748,0.12,0.132
CLUBS TWO SPADES TWO,0.5824,0.236,0.1816
CLUBS TWO SPADES THREE,0.734,0.1384,0.1276
DIAMONDS THREE DIAMONDS EIGHT,0.6254,0.0882,0.2864
SPADES EIGHT CLUBS TWO,0.6522,0.0906,0.2572
DIAMONDS THREE DIAMONDS NINE,0.631,0.0732,0.2958
SPADES NINE CLUBS TWO,0.6542,0.0768,0.269
DIAMONDS THREE DIAMONDS SEVEN,0.636,0.101,0.263
SPADES SEVEN CLUBS TWO,0.66,0.1004,0.2396
CLUBS SIX CLUBS TWO,0.7656,0.1112,0.1232
CLUBS SEVEN CLUBS TWO,0.6234,0.1048,0.2718
CLUBS FOUR CLUBS TWO,0.6916,0.1342,0.1742
CLUBS FIVE CLUBS TWO,0.6966,0.1234,0.18
CLUBS TEN CLUBS JACK,0.4748,0.0218,0.5034
CLUBS TEN CLUBS QUEEN,0.4966,0.0118,0.4916
DIAMONDS FOUR DIAMONDS SEVEN,0.6026,0.1032,0.2942
CLUBS TEN CLUBS KING,0.4934,0.0062,0.5004
CLUBS TEN CLUBS ACE,0.4918,0.0044,0.5038
CLUBS EIGHT CLUBS TWO,0.609,0.0906,0.3004
DIAMONDS FIVE DIAMONDS FOUR,0.683,0.1354,0.1816
CLUBS NINE CLUBS TWO,0.635,0.0714,0.2936
DIAMONDS NINE DIAMONDS FOUR,0.6206,0.0734,0.306
DIAMONDS FOUR DIAMONDS EIGHT,0.6314,0.0872,0.2814
CLUBS THREE CLUBS TWO,0.699,0.1238,0.1772
DIAMONDS NINE DIAMONDS FIVE,0.6194,0.0708,0.3098
DIAMONDS TWO CLUBS JACK,0.6544,0.037,0.3086
DIAMONDS FIVE DIAMONDS EIGHT,0.5934,0.0914,0.3152
CLUBS TEN DIAMONDS TWO,0.6644,0.0612,0.2744
DIAMONDS FIVE DIAMONDS SEVEN,0.6122,0.0946,0.2932
DIAMONDS TWO CLUBS ACE,0.6242,0.0062,0.3696
DIAMONDS TWO CLUBS KING,0.662,0.015,0.323
DIAMONDS TWO CLUBS QUEEN,0.663,0.0228,0.3142
HEARTS ACE SPADES THREE,0.6336,0.0044,0.362
SPADES THREE HEARTS KING,0.6562,0.018,0.3258
SPADES THREE HEARTS QUEEN,0.6486,0.0284,0.323
SPADES THREE HEARTS JACK,0.6522,0.041,0.3068
SPADES THREE HEARTS TEN,0.6494,0.057,0.2936
DIAMONDS EIGHT DIAMONDS SEVEN,0.4924,0.0796,0.428
DIAMONDS NINE DIAMONDS SEVEN,0.4916,0.0676,0.4408
DIAMONDS NINE DIAMONDS EIGHT,0.4828,0.0626,0.4546
DIAMONDS KING HEARTS TEN,0.515,0.0114,0.4736
HEARTS THREE HEARTS TEN,0.5964,0.0522,0.3514
SPADES JACK CLUBS SIX,0.673,0.0384,0.2886
DIAMONDS KING HEARTS JACK,0.5226,0.0062,0.4712
HEARTS THREE HEARTS JACK,0.6224,0.038,0.3396
SPADES TEN CLUBS SIX,0.6598,0.0496,0.2906
SPADES JACK SPADES FIVE,0.603,0.0418,0.3552
SPADES TEN SPADES FIVE,0.6258,0.0562,0.318
DIAMONDS KING HEARTS ACE,0.537,0.004,0.459
HEARTS THREE HEARTS ACE,0.5966,0.0046,0.3988
SPADES ACE CLUBS SIX,0.6592,0.024,0.3168
DIAMONDS KING HEARTS QUEEN,0.5226,0.0052,0.4722
HEARTS THREE HEARTS QUEEN,0.6066,0.0244,0.369
SPADES KING CLUBS SIX,0.6552,0.0302,0.3146
DIAMONDS KING HEARTS KING,0.194,0.0376,0.7684
HEARTS THREE HEARTS KING,0.6202,0.014,0.3658
SPADES QUEEN CLUBS SIX,0.67,0.0356,0.2944
SPADES NINE HEARTS TEN,0.5096,0.041,0.4494
SPADES NINE HEARTS JACK,0.5134,0.0312,0.4554
SPADES QUEEN SPADES FIVE,0.6224,0.0258,0.3518
SPADES KING SPADES FIVE,0.616,0.0154,0.3686
SPADES ACE SPADES FIVE,0.5958,0.0044,0.3998
SPADES NINE HEARTS QUEEN,0.5262,0.0178,0.456
SPADES NINE HEARTS KING,0.5436,0.0098,0.4466
SPADES NINE HEARTS ACE,0.5294,0.003,0.4676
CLUBS TEN SPADES JACK,0.4962,0.0278,0.476
CLUBS TEN SPADES TEN,0.1808,0.1286,0.6906
SPADES ACE CLUBS TEN,0.5194,0.0052,0.4754
SPADES KING CLUBS TEN,0.5114,0.0118,0.4768
CLUBS TEN SPADES QUEEN,0.5208,0.0158,0.4634
SPADES FIVE HEARTS QUEEN,0.6446,0.0296,0.3258
SPADES FIVE HEARTS KING,0.653,0.015,0.332
SPADES FIVE HEARTS ACE,0.6282,0.0046,0.3672
CLUBS EIGHT SPADES TEN,0.5308,0.0438,0.4254
SPADES JACK HEARTS THREE,0.64,0.0428,0.3172
SPADES JACK DIAMONDS KING,0.518,0.006,0.476
SPADES TEN DIAMONDS KING,0.5056,0.0094,0.485
SPADES TEN HEARTS THREE,0.6582,0.0514,0.2904
SPADES JACK CLUBS EIGHT,0.5312,0.0296,0.4392
CLUBS SIX HEARTS ACE,0.6678,0.0264,0.3058
SPADES ACE CLUBS EIGHT,0.5404,0.0034,0.4562
HEARTS FIVE CLUBS JACK,0.64,0.0406,0.3194
HEARTS FIVE CLUBS TEN,0.655,0.054,0.291
CLUBS SIX HEARTS QUEEN,0.6666,0.034,0.2994
SPADES QUEEN CLUBS EIGHT,0.5302,0.0222,0.4476
CLUBS TEN SPADES THREE,0.6522,0.0554,0.2924
CLUBS SIX HEARTS KING,0.654,0.0306,0.3154
SPADES KING CLUBS EIGHT,0.551,0.0092,0.4398
SPADES THREE CLUBS JACK,0.649,0.0424,0.3086
DIAMONDS TWO HEARTS JACK,0.6604,0.0438,0.2958
SPADES THREE CLUBS QUEEN,0.6616,0.0254,0.313
DIAMONDS TWO HEARTS TEN,0.6598,0.0554,0.2848
SPADES THREE CLUBS KING,0.6636,0.013,0.3234
HEARTS FIVE CLUBS ACE,0.6262,0.0042,0.3696
SPADES FIVE HEARTS TEN,0.6502,0.0542,0.2956
SPADES THREE CLUBS ACE,0.6322,0.0044,0.3634
HEARTS FIVE CLUBS KING,0.6526,0.0142,0.3332
SPADES FIVE HEARTS JACK,0.653,0.0356,0.3114
HEARTS FIVE CLUBS QUEEN,0.6266,0.0256,0.3478
HEARTS THREE CLUBS KING,0.645,0.0162,0.3388
DIAMONDS KING CLUBS KING,0.197,0.0332,0.7698
HEARTS THREE CLUBS QUEEN,0.6606,0.0282,0.3112
DIAMONDS KING CLUBS QUEEN,0.5044,0.0052,0.4904
HEARTS FIVE HEARTS JACK,0.6126,0.0414,0.346
HEARTS FIVE HEARTS TEN,0.6116,0.0638,0.3246
HEARTS THREE CLUBS ACE,0.639,0.004,0.357
DIAMONDS KING CLUBS ACE,0.527,0.0034,0.4696
SPADES ACE CLUBS QUEEN,0.5408,0.0036,0.4556
SPADES KING CLUBS QUEEN,0.518,0.006,0.476
HEARTS THREE CLUBS JACK,0.6526,0.0402,0.3072
DIAMONDS KING CLUBS JACK,0.5184,0.0084,0.4732
SPADES QUEEN CLUBS QUEEN,0.2018,0.066,0.7322
CLUBS TEN HEARTS THREE,0.6438,0.0512,0.305
CLUBS TEN DIAMONDS KING,0.513,0.009,0.478
SPADES JACK CLUBS QUEEN,0.5078,0.0144,0.4778
CLUBS SIX CLUBS QUEEN,0.6316,0.0376,0.3308
SPADES TEN CLUBS QUEEN,0.5206,0.0154,0.464
CLUBS SIX CLUBS KING,0.629,0.0262,0.3448
CLUBS SIX CLUBS ACE,0.628,0.0292,0.3428
HEARTS FIVE HEARTS KING,0.6118,0.014,0.3742
HEARTS FIVE HEARTS QUEEN,0.6118,0.0274,0.3608
CLUBS TEN CLUBS SIX,0.6158,0.0404,0.3438
HEARTS FIVE HEARTS ACE,0.601,0.0048,0.3942
CLUBS SIX CLUBS JACK,0.6344,0.0354,0.3302
SPADES SEVEN HEARTS JACK,0.5374,0.0386,0.424
SPADES SEVEN HEARTS TEN,0.5426,0.0498,0.4076
DIAMONDS TWO CLUBS TWO,0.5754,0.247,0.1776
DIAMONDS TWO CLUBS THREE,0.7438,0.1358,0.1204
DIAMONDS TWO HEARTS SIX,0.8192,0.1174,0.0634
DIAMONDS TWO HEARTS QUEEN,0.6512,0.0292,0.3196
HEARTS SEVEN DIAMONDS TWO,0.6674,0.1054,0.2272
DIAMONDS TWO HEARTS KING,0.6536,0.015,0.3314
DIAMONDS TWO HEARTS EIGHT,0.667,0.0858,0.2472
DIAMONDS TWO HEARTS ACE,0.6352,0.0048,0.36
DIAMONDS TWO HEARTS NINE,0.6584,0.0746,0.267
DIAMONDS TWO DIAMONDS QUEEN,0.6204,0.0266,0.353
DIAMONDS TWO HEARTS TWO,0.579,0.2392,0.1818
DIAMONDS TWO DIAMONDS KING,0.617,0.0146,0.3684
DIAMONDS TWO HEARTS THREE,0.7306,0.1412,0.1282
DIAMONDS TWO DIAMONDS ACE,0.6156,0.0044,0.38
HEARTS FOUR DIAMONDS TWO,0.735,0.132,0.133
HEARTS FIVE DIAMONDS TWO,0.7388,0.1284,0.1328
SPADES SEVEN HEARTS ACE,0.5256,0.0038,0.4706
DIAMONDS TWO DIAMONDS TEN,0.613,0.064,0.323
SPADES SEVEN HEARTS KING,0.5654,0.0104,0.4242
DIAMONDS TWO DIAMONDS JACK,0.6284,0.0428,0.3288
SPADES SEVEN HEARTS QUEEN,0.5514,0.023,0.4256
DIAMONDS TWO SPADES NINE,0.6594,0.0706,0.27
DIAMONDS TWO SPADES EIGHT,0.6602,0.0926,0.2472
DIAMONDS TWO SPADES SEVEN,0.6674,0.1056,0.227
DIAMONDS TWO SPADES FIVE,0.7534,0.1276,0.119
DIAMONDS TWO SPADES FOUR,0.7466,0.138,0.1154
DIAMONDS TWO SPADES THREE,0.7456,0.1384,0.116
DIAMONDS TWO SPADES TWO,0.5938,0.244,0.1622
CLUBS NINE DIAMONDS TWO,0.6656,0.0764,0.258
DIAMONDS TWO CLUBS EIGHT,0.6632,0.0852,0.2516
CLUBS SEVEN DIAMONDS TWO,0.6694,0.1102,0.2204
DIAMONDS TWO CLUBS SIX,0.8198,0.117,0.0632
DIAMONDS TWO CLUBS FIVE,0.7392,0.1278,0.133
DIAMONDS TWO CLUBS FOUR,0.736,0.1328,0.1312
CLUBS FOUR SPADES FIVE,0.7188,0.1304,0.1508
CLUBS FOUR SPADES FOUR,0.5808,0.2408,0.1784
CLUBS FOUR SPADES THREE,0.731,0.1306,0.1384
CLUBS FOUR SPADES TWO,0.7334,0.1444,0.1222
SPADES NINE CLUBS FOUR,0.6602,0.072,0.2678
SPADES EIGHT CLUBS FOUR,0.658,0.0898,0.2522
SPADES SEVEN CLUBS FOUR,0.6384,0.1064,0.2552
SPADES QUEEN SPADES TWO,0.6222,0.031,0.3468
SPADES KING SPADES TWO,0.6254,0.0146,0.36
SPADES ACE SPADES TWO,0.5986,0.0064,0.395
DIAMONDS JACK CLUBS JACK,0.1972,0.095,0.7078
CLUBS TEN DIAMONDS JACK,0.5102,0.0214,0.4684
DIAMONDS JACK CLUBS KING,0.5198,0.0066,0.4736
DIAMONDS JACK CLUBS QUEEN,0.5146,0.0152,0.4702
DIAMONDS THREE DIAMONDS JACK,0.6086,0.0454,0.346
DIAMONDS THREE DIAMONDS TEN,0.6226,0.0586,0.3188
DIAMONDS JACK CLUBS ACE,0.5168,0.0034,0.4798
DIAMONDS THREE DIAMONDS KING,0.6178,0.0176,0.3646
DIAMONDS THREE HEARTS THREE,0.5814,0.2484,0.1702
DIAMONDS THREE DIAMONDS QUEEN,0.6156,0.0334,0.351
DIAMONDS THREE HEARTS TWO,0.741,0.1308,0.1282
HEARTS FIVE DIAMONDS THREE,0.7322,0.1284,0.1394
DIAMONDS THREE DIAMONDS ACE,0.6072,0.0068,0.386
HEARTS FOUR DIAMONDS THREE,0.737,0.1244,0.1386
HEARTS SEVEN DIAMONDS THREE,0.6612,0.1098,0.229
SPADES TEN SPADES NINE,0.488,0.0404,0.4716
HEARTS SIX DIAMONDS THREE,0.7904,0.1252,0.0844
SPADES JACK SPADES NINE,0.5168,0.0304,0.4528
DIAMONDS THREE HEARTS NINE,0.6508,0.0736,0.2756
HEARTS JACK DIAMONDS FOUR,0.6434,0.0442,0.3124
HEARTS ACE HEARTS KING,0.5052,0.0048,0.49
SPADES TEN SPADES TWO,0.6362,0.0616,0.3022
DIAMONDS THREE HEARTS EIGHT,0.6698,0.092,0.2382
HEARTS TEN DIAMONDS FOUR,0.659,0.057,0.284
SPADES JACK SPADES TWO,0.6218,0.0408,0.3374
HEARTS QUEEN DIAMONDS FOUR,0.65,0.0284,0.3216
HEARTS KING DIAMONDS FOUR,0.6434,0.0158,0.3408
SPADES ACE SPADES NINE,0.5142,0.0052,0.4806
HEARTS ACE DIAMONDS FOUR,0.6246,0.005,0.3704
SPADES KING SPADES NINE,0.5042,0.0104,0.4854
SPADES QUEEN SPADES NINE,0.511,0.0196,0.4694
DIAMONDS THREE SPADES NINE,0.6632,0.0726,0.2642
DIAMONDS THREE SPADES EIGHT,0.663,0.0876,0.2494
DIAMONDS THREE SPADES SEVEN,0.657,0.1078,0.2352
DIAMONDS THREE CLUBS SIX,0.795,0.116,0.089
CLUBS FIVE CLUBS SIX,0.7152,0.113,0.1718
CLUBS ACE DIAMONDS FOUR,0.6352,0.0052,0.3596
CLUBS SEVEN DIAMONDS THREE,0.6464,0.1156,0.238
CLUBS SEVEN CLUBS FIVE,0.587,0.1022,0.3108
DIAMONDS THREE CLUBS FOUR,0.7298,0.14,0.1302
DIAMONDS FOUR CLUBS QUEEN,0.6482,0.0322,0.3196
DIAMONDS THREE CLUBS FIVE,0.7276,0.1328,0.1396
CLUBS KING DIAMONDS FOUR,0.6504,0.0124,0.3372
DIAMONDS THREE CLUBS TWO,0.742,0.1362,0.1218
CLUBS TEN DIAMONDS FOUR,0.6438,0.0558,0.3004
DIAMONDS THREE CLUBS THREE,0.5752,0.2436,0.1812
DIAMONDS FOUR CLUBS JACK,0.6528,0.0446,0.3026
DIAMONDS THREE SPADES FOUR,0.7374,0.1412,0.1214
DIAMONDS THREE SPADES FIVE,0.733,0.1322,0.1348
DIAMONDS THREE SPADES TWO,0.738,0.1426,0.1194
DIAMONDS THREE SPADES THREE,0.5784,0.2478,0.1738
CLUBS EIGHT DIAMONDS THREE,0.6642,0.0892,0.2466
CLUBS NINE DIAMONDS THREE,0.6518,0.0802,0.268
SPADES SEVEN CLUBS ACE,0.546,0.0042,0.4498
SPADES SEVEN CLUBS QUEEN,0.55,0.0244,0.4256
SPADES SEVEN CLUBS KING,0.5576,0.0138,0.4286
CLUBS FIVE SPADES SEVEN,0.6478,0.1024,0.2498
CLUBS TEN SPADES SEVEN,0.5402,0.053,0.4068
SPADES SEVEN CLUBS JACK,0.5354,0.037,0.4276
CLUBS FIVE SPADES NINE,0.641,0.083,0.276
CLUBS FIVE SPADES EIGHT,0.635,0.0906,0.2744
CLUBS FIVE SPADES THREE,0.7326,0.1218,0.1456
CLUBS FIVE SPADES TWO,0.7402,0.133,0.1268
CLUBS FIVE SPADES FIVE,0.5676,0.2506,0.1818
CLUBS FIVE SPADES FOUR,0.7286,0.1244,0.147
CLUBS NINE CLUBS FIVE,0.6204,0.068,0.3116
CLUBS EIGHT CLUBS FIVE,0.6036,0.0898,0.3066
CLUBS ACE CLUBS QUEEN,0.5028,0.003,0.4942
CLUBS KING CLUBS QUEEN,0.4884,0.0046,0.507
DIAMONDS TEN DIAMONDS FOUR,0.6118,0.0544,0.3338
CLUBS TEN DIAMONDS NINE,0.5082,0.0448,0.447
DIAMONDS JACK DIAMONDS FOUR,0.6146,0.0478,0.3376
DIAMONDS NINE CLUBS JACK,0.5242,0.0286,0.4472
SPADES NINE CLUBS JACK,0.5094,0.0274,0.4632
CLUBS TEN SPADES NINE,0.504,0.046,0.45
DIAMONDS ACE DIAMONDS FOUR,0.5954,0.0052,0.3994
HEARTS FOUR DIAMONDS FOUR,0.5816,0.2472,0.1712
DIAMONDS JACK HEARTS TEN,0.5008,0.0274,0.4718
SPADES NINE CLUBS KING,0.5194,0.0108,0.4698
DIAMONDS TWO SPADES TEN,0.652,0.0574,0.2906
DIAMONDS NINE CLUBS ACE,0.542,0.0044,0.4536
HEARTS FIVE DIAMONDS FOUR,0.7196,0.138,0.1424
DIAMONDS JACK HEARTS JACK,0.196,0.0974,0.7066
SPADES NINE CLUBS QUEEN,0.5228,0.0184,0.4588
DIAMONDS TWO SPADES JACK,0.656,0.0422,0.3018
DIAMONDS QUEEN DIAMONDS FOUR,0.6256,0.0266,0.3478
HEARTS TWO DIAMONDS FOUR,0.7422,0.1356,0.1222
DIAMONDS NINE CLUBS QUEEN,0.514,0.0212,0.4648
DIAMONDS KING DIAMONDS FOUR,0.621,0.0152,0.3638
HEARTS THREE DIAMONDS FOUR,0.7482,0.1258,0.126
SPADES NINE CLUBS ACE,0.528,0.0038,0.4682
DIAMONDS NINE CLUBS KING,0.5298,0.0094,0.4608
HEARTS ACE DIAMONDS JACK,0.506,0.0038,0.4902
SPADES ACE DIAMONDS TWO,0.6284,0.006,0.3656
HEARTS QUEEN DIAMONDS JACK,0.5064,0.0132,0.4804
SPADES QUEEN DIAMONDS TWO,0.6572,0.0282,0.3146
HEARTS KING DIAMONDS JACK,0.5188,0.0066,0.4746
SPADES KING DIAMONDS TWO,0.653,0.0172,0.3298
SPADES JACK SPADES SEVEN,0.522,0.0384,0.4396
SPADES TEN SPADES SEVEN,0.5058,0.0514,0.4428
CLUBS SEVEN CLUBS THREE,0.6152,0.1086,0.2762
CLUBS SIX CLUBS THREE,0.7546,0.11,0.1354
CLUBS FIVE CLUBS THREE,0.6986,0.1224,0.179
CLUBS THREE CLUBS FOUR,0.696,0.1218,0.1822
CLUBS NINE CLUBS THREE,0.613,0.0704,0.3166
CLUBS EIGHT CLUBS THREE,0.6214,0.0904,0.2882
CLUBS THREE SPADES FIVE,0.7352,0.1282,0.1366
CLUBS THREE SPADES FOUR,0.7328,0.1344,0.1328
CLUBS THREE SPADES THREE,0.5718,0.248,0.1802
CLUBS THREE SPADES TWO,0.743,0.132,0.125
CLUBS THREE SPADES SEVEN,0.655,0.1032,0.2418
SPADES EIGHT CLUBS THREE,0.6522,0.0894,0.2584
SPADES NINE CLUBS THREE,0.6488,0.074,0.2772
SPADES TWO DIAMONDS FOUR,0.7406,0.1428,0.1166
SPADES THREE DIAMONDS FOUR,0.7312,0.1366,0.1322
SPADES FOUR DIAMONDS FOUR,0.583,0.2434,0.1736
SPADES FIVE DIAMONDS FOUR,0.7326,0.1322,0.1352
SPADES SEVEN DIAMONDS FOUR,0.6364,0.1136,0.25
SPADES EIGHT DIAMONDS FOUR,0.6492,0.09,0.2608
SPADES NINE DIAMONDS FOUR,0.6532,0.0834,0.2634
CLUBS FIVE DIAMONDS FOUR,0.7148,0.1392,0.146
CLUBS FOUR DIAMONDS FOUR,0.5768,0.2404,0.1828
CLUBS SEVEN DIAMONDS FOUR,0.6558,0.1024,0.2418
CLUBS SIX DIAMONDS FOUR,0.7814,0.113,0.1056
CLUBS NINE DIAMONDS FOUR,0.6594,0.0784,0.2622
CLUBS EIGHT DIAMONDS FOUR,0.6436,0.0868,0.2696
HEARTS SEVEN DIAMONDS FOUR,0.6492,0.1024,0.2484
HEARTS SIX DIAMONDS FOUR,0.7808,0.1194,0.0998
DIAMONDS FOUR HEARTS NINE,0.6592,0.0756,0.2652
DIAMONDS FOUR HEARTS EIGHT,0.6546,0.0894,0.256
CLUBS THREE DIAMONDS FOUR,0.7334,0.138,0.1286
CLUBS TWO DIAMONDS FOUR,0.7426,0.1298,0.1276
DIAMONDS TEN DIAMONDS FIVE,0.6298,0.0554,0.3148
DIAMONDS JACK DIAMONDS FIVE,0.6232,0.0414,0.3354
DIAMONDS NINE HEARTS QUEEN,0.5218,0.0216,0.4566
DIAMONDS NINE HEARTS KING,0.5244,0.0086,0.467
HEARTS ACE DIAMONDS NINE,0.5316,0.004,0.4644
DIAMONDS NINE HEARTS TEN,0.4944,0.0384,0.4672
DIAMONDS NINE HEARTS JACK,0.5256,0.03,0.4444
SPADES KING DIAMONDS FOUR,0.6524,0.0126,0.335
SPADES ACE SPADES SEVEN,0.5238,0.005,0.4712
SPADES QUEEN DIAMONDS FOUR,0.6542,0.0316,0.3142
SPADES QUEEN SPADES SEVEN,0.5362,0.025,0.4388
SPADES KING SPADES SEVEN,0.5198,0.0126,0.4676
SPADES ACE DIAMONDS FOUR,0.6402,0.0054,0.3544
CLUBS NINE CLUBS FOUR,0.6076,0.0758,0.3166
CLUBS EIGHT CLUBS FOUR,0.619,0.0832,0.2978
SPADES JACK DIAMONDS FOUR,0.6484,0.0418,0.3098
SPADES TEN DIAMONDS FOUR,0.6496,0.0548,0.2956
CLUBS FIVE CLUBS FOUR,0.6848,0.1246,0.1906
CLUBS SEVEN CLUBS FOUR,0.5988,0.106,0.2952
CLUBS SIX CLUBS FOUR,0.7336,0.1146,0.1518
CLUBS SEVEN SPADES EIGHT,0.515,0.0798,0.4052
CLUBS SEVEN SPADES NINE,0.5276,0.0648,0.4076
CLUBS SEVEN SPADES SEVEN,0.1866,0.208,0.6054
CLUBS SEVEN SPADES FIVE,0.6294,0.1064,0.2642
CLUBS SEVEN SPADES FOUR,0.6462,0.1036,0.2502
CLUBS SEVEN SPADES THREE,0.6502,0.1142,0.2356
CLUBS SEVEN SPADES TWO,0.6666,0.1076,0.2258
CLUBS NINE CLUBS SEVEN,0.4974,0.0694,0.4332
CLUBS SEVEN CLUBS EIGHT,0.4986,0.0806,0.4208
HEARTS SIX DIAMONDS FIVE,0.761,0.1176,0.1214
HEARTS SEVEN DIAMONDS FIVE,0.6382,0.1088,0.253
DIAMONDS FIVE HEARTS EIGHT,0.65,0.091,0.259
DIAMONDS FIVE HEARTS NINE,0.6422,0.0788,0.279
DIAMONDS QUEEN DIAMONDS FIVE,0.6136,0.0276,0.3588
HEARTS TWO DIAMONDS FIVE,0.7334,0.1294,0.1372
HEARTS KING HEARTS EIGHT,0.505,0.0126,0.4824
DIAMONDS KING DIAMONDS FIVE,0.6036,0.0146,0.3818
HEARTS THREE DIAMONDS FIVE,0.7188,0.1346,0.1466
HEARTS QUEEN HEARTS EIGHT,0.5054,0.0196,0.475
DIAMONDS ACE DIAMONDS FIVE,0.5918,0.0046,0.4036
HEARTS FOUR DIAMONDS FIVE,0.735,0.1266,0.1384
HEARTS FIVE DIAMONDS FIVE,0.5746,0.2466,0.1788
HEARTS ACE HEARTS EIGHT,0.503,0.0042,0.4928
CLUBS FOUR DIAMONDS FIVE,0.73,0.1254,0.1446
CLUBS FIVE DIAMONDS FIVE,0.5696,0.2446,0.1858
CLUBS SIX DIAMONDS FIVE,0.7622,0.1152,0.1226
CLUBS SEVEN DIAMONDS FIVE,0.6494,0.1022,0.2484
CLUBS TWO DIAMONDS FIVE,0.7382,0.1326,0.1292
CLUBS THREE DIAMONDS FIVE,0.7396,0.1194,0.141
SPADES THREE DIAMONDS FIVE,0.7372,0.129,0.1338
SPADES TWO DIAMONDS FIVE,0.7426,0.1344,0.123
SPADES JACK DIAMONDS EIGHT,0.525,0.0334,0.4416
SPADES FIVE DIAMONDS FIVE,0.5782,0.2584,0.1634
CLUBS TEN HEARTS JACK,0.4898,0.0214,0.4888
SPADES TEN DIAMONDS EIGHT,0.5136,0.045,0.4414
SPADES FOUR DIAMONDS FIVE,0.7288,0.1342,0.137
HEARTS JACK CLUBS JACK,0.2014,0.0902,0.7084
HEARTS JACK CLUBS QUEEN,0.5182,0.0116,0.4702
CLUBS NINE DIAMONDS FIVE,0.6462,0.0778,0.276
CLUBS KING HEARTS JACK,0.5236,0.0054,0.471
CLUBS EIGHT DIAMONDS FIVE,0.6458,0.0808,0.2734
CLUBS ACE HEARTS JACK,0.5204,0.0032,0.4764
SPADES SEVEN DIAMONDS FIVE,0.6418,0.1116,0.2466
SPADES KING DIAMONDS EIGHT,0.5548,0.015,0.4302
SPADES QUEEN DIAMONDS EIGHT,0.5388,0.0204,0.4408
SPADES NINE DIAMONDS FIVE,0.653,0.0716,0.2754
SPADES EIGHT DIAMONDS FIVE,0.6426,0.0854,0.272
SPADES ACE DIAMONDS EIGHT,0.5246,0.004,0.4714
HEARTS ACE DIAMONDS SEVEN,0.531,0.0034,0.4656
HEARTS QUEEN DIAMONDS SEVEN,0.549,0.0234,0.4276
HEARTS KING DIAMONDS SEVEN,0.5506,0.0122,0.4372
SPADES TWO HEARTS JACK,0.6482,0.0412,0.3106
SPADES TWO HEARTS TEN,0.6576,0.0556,0.2868
HEARTS TEN DIAMONDS SEVEN,0.5366,0.0562,0.4072
HEARTS JACK DIAMONDS SEVEN,0.5272,0.0338,0.439
DIAMONDS EIGHT CLUBS JACK,0.5208,0.0372,0.442
CLUBS TEN DIAMONDS EIGHT,0.5304,0.0474,0.4222
HEARTS ACE HEARTS JACK,0.4912,0.0036,0.5052
CLUBS ACE DIAMONDS EIGHT,0.5354,0.0022,0.4624
HEARTS QUEEN HEARTS JACK,0.4812,0.0134,0.5054
CLUBS KING DIAMONDS EIGHT,0.5472,0.0136,0.4392
HEARTS KING HEARTS JACK,0.4938,0.0082,0.498
CLUBS QUEEN DIAMONDS EIGHT,0.5408,0.0216,0.4376
SPADES TEN HEARTS KING,0.5032,0.0094,0.4874
HEARTS ACE SPADES TWO,0.6366,0.0058,0.3576
SPADES JACK HEARTS KING,0.5158,0.0072,0.477
HEARTS QUEEN SPADES TWO,0.6562,0.0268,0.317
SPADES ACE SPADES KING,0.501,0.0048,0.4942
SPADES TWO HEARTS KING,0.6614,0.0134,0.3252
HEARTS TEN HEARTS EIGHT,0.504,0.0454,0.4506
HEARTS JACK HEARTS EIGHT,0.5034,0.0358,0.4608
SPADES KING HEARTS KING,0.2042,0.0308,0.765
SPADES QUEEN HEARTS KING,0.5234,0.0058,0.4708
CLUBS ACE CLUBS KING,0.496,0.004,0.5
SPADES ACE HEARTS KING,0.52,0.0034,0.4766
SPADES ACE HEARTS JACK,0.5198,0.0046,0.4756
SPADES QUEEN HEARTS JACK,0.513,0.0142,0.4728
SPADES KING HEARTS JACK,0.5276,0.0074,0.465
SPADES TEN DIAMONDS TEN,0.1786,0.1268,0.6946
SPADES JACK DIAMONDS TEN,0.4966,0.0276,0.4758
SPADES ACE DIAMONDS TEN,0.5122,0.005,0.4828
SPADES JACK HEARTS JACK,0.1966,0.0988,0.7046
SPADES TEN HEARTS JACK,0.4982,0.0236,0.4782
SPADES QUEEN DIAMONDS TEN,0.5018,0.017,0.4812
SPADES KING DIAMONDS TEN,0.5336,0.007,0.4594
SPADES NINE DIAMONDS SEVEN,0.5214,0.069,0.4096
SPADES EIGHT DIAMONDS SEVEN,0.5208,0.0814,0.3978
SPADES SEVEN DIAMONDS SEVEN,0.1698,0.2344,0.5958
DIAMONDS KING DIAMONDS SEVEN,0.5216,0.0118,0.4666
HEARTS THREE DIAMONDS SEVEN,0.6516,0.1088,0.2396
HEARTS KING DIAMONDS FIVE,0.6456,0.0132,0.3412
DIAMONDS QUEEN DIAMONDS SEVEN,0.5292,0.0244,0.4464
HEARTS TWO DIAMONDS SEVEN,0.66,0.1076,0.2324
HEARTS QUEEN DIAMONDS FIVE,0.6386,0.032,0.3294
HEARTS FIVE DIAMONDS SEVEN,0.65,0.1,0.25
DIAMONDS ACE DIAMONDS SEVEN,0.5012,0.0032,0.4956
HEARTS FOUR DIAMONDS SEVEN,0.6486,0.105,0.2464
HEARTS ACE DIAMONDS FIVE,0.626,0.0038,0.3702
HEARTS SEVEN DIAMONDS SEVEN,0.174,0.2242,0.6018
HEARTS SIX DIAMONDS SEVEN,0.6118,0.0836,0.3046
HEARTS NINE DIAMONDS SEVEN,0.5126,0.0638,0.4236
HEARTS EIGHT DIAMONDS SEVEN,0.5212,0.0776,0.4012
DIAMONDS JACK DIAMONDS SEVEN,0.5068,0.0394,0.4538
DIAMONDS FIVE HEARTS JACK,0.6502,0.0398,0.31
DIAMONDS TEN DIAMONDS SEVEN,0.515,0.0492,0.4358
HEARTS TEN DIAMONDS FIVE,0.6478,0.0548,0.2974
SPADES KING CLUBS TWO,0.6398,0.0122,0.348
HEARTS KING CLUBS KING,0.2042,0.0314,0.7644
CLUBS EIGHT DIAMONDS SEVEN,0.5252,0.079,0.3958
SPADES QUEEN CLUBS TWO,0.65,0.0296,0.3204
HEARTS KING CLUBS QUEEN,0.5358,0.0048,0.4594
CLUBS NINE DIAMONDS SEVEN,0.5282,0.0686,0.4032
SPADES TWO CLUBS JACK,0.6574,0.039,0.3036
SPADES ACE CLUBS TWO,0.6298,0.0058,0.3644
CLUBS TEN SPADES TWO,0.6614,0.0572,0.2814
HEARTS KING CLUBS ACE,0.5364,0.0022,0.4614
CLUBS SEVEN CLUBS SIX,0.581,0.0858,0.3332
SPADES TWO CLUBS KING,0.6566,0.0116,0.3318
SPADES TWO DIAMONDS SEVEN,0.652,0.1136,0.2344
CLUBS EIGHT CLUBS SIX,0.599,0.0704,0.3306
SPADES THREE DIAMONDS SEVEN,0.6554,0.1068,0.2378
SPADES TWO CLUBS QUEEN,0.6516,0.027,0.3214
CLUBS NINE CLUBS SIX,0.5984,0.0588,0.3428
SPADES FOUR DIAMONDS SEVEN,0.6438,0.1082,0.248
HEARTS KING CLUBS JACK,0.5276,0.0068,0.4656
SPADES FIVE DIAMONDS SEVEN,0.629,0.1114,0.2596
SPADES TWO CLUBS ACE,0.6408,0.0038,0.3554
CLUBS TEN HEARTS KING,0.5292,0.0074,0.4634
CLUBS SIX SPADES TWO,0.8168,0.1164,0.0668
CLUBS SIX SPADES THREE,0.7838,0.1242,0.092
CLUBS TWO DIAMONDS SEVEN,0.6636,0.1056,0.2308
CLUBS SIX SPADES FOUR,0.7836,0.1218,0.0946
CLUBS THREE DIAMONDS SEVEN,0.6486,0.1076,0.2438
CLUBS SIX SPADES FIVE,0.7598,0.1168,0.1234
CLUBS FOUR DIAMONDS SEVEN,0.6462,0.1118,0.242
CLUBS FIVE DIAMONDS SEVEN,0.6324,0.1094,0.2582
CLUBS SIX SPADES SEVEN,0.6182,0.0856,0.2962
CLUBS SIX DIAMONDS SEVEN,0.6182,0.0922,0.2896
CLUBS SIX SPADES EIGHT,0.63,0.0796,0.2904
SPADES JACK CLUBS TWO,0.6558,0.0392,0.305
CLUBS SEVEN DIAMONDS SEVEN,0.1748,0.2204,0.6048
SPADES NINE CLUBS SIX,0.6364,0.0682,0.2954
SPADES TEN CLUBS TWO,0.6432,0.0582,0.2986
CLUBS TWO CLUBS QUEEN,0.6306,0.0272,0.3422
CLUBS TWO CLUBS KING,0.624,0.0126,0.3634
CLUBS THREE DIAMONDS EIGHT,0.663,0.0934,0.2436
CLUBS TWO CLUBS ACE,0.6006,0.0054,0.394
CLUBS TWO DIAMONDS EIGHT,0.6588,0.0928,0.2484
HEARTS SEVEN DIAMONDS EIGHT,0.5102,0.0792,0.4106
HEARTS SIX DIAMONDS EIGHT,0.6298,0.0732,0.297
DIAMONDS EIGHT HEARTS NINE,0.5096,0.0592,0.4312
CLUBS TEN CLUBS TWO,0.6106,0.0594,0.33
HEARTS EIGHT DIAMONDS EIGHT,0.1746,0.1832,0.6422
CLUBS TWO CLUBS JACK,0.6216,0.04,0.3384
CLUBS NINE DIAMONDS EIGHT,0.516,0.0606,0.4234
CLUBS EIGHT DIAMONDS EIGHT,0.1872,0.1856,0.6272
CLUBS FIVE DIAMONDS EIGHT,0.6322,0.0918,0.276
SPADES ACE SPADES THREE,0.607,0.0048,0.3882
CLUBS FOUR DIAMONDS EIGHT,0.6438,0.092,0.2642
CLUBS SEVEN DIAMONDS EIGHT,0.5248,0.0848,0.3904
SPADES QUEEN SPADES THREE,0.618,0.0296,0.3524
CLUBS SIX DIAMONDS EIGHT,0.625,0.0814,0.2936
SPADES KING SPADES THREE,0.6222,0.015,0.3628
DIAMONDS QUEEN DIAMONDS EIGHT,0.5124,0.0182,0.4694
HEARTS TWO DIAMONDS EIGHT,0.65,0.0976,0.2524
DIAMONDS KING DIAMONDS EIGHT,0.5206,0.011,0.4684
HEARTS THREE DIAMONDS EIGHT,0.6612,0.0954,0.2434
DIAMONDS ACE DIAMONDS EIGHT,0.5134,0.0042,0.4824
HEARTS FOUR DIAMONDS EIGHT,0.6576,0.0904,0.252
HEARTS FIVE DIAMONDS EIGHT,0.6244,0.092,0.2836
DIAMONDS TEN DIAMONDS EIGHT,0.4968,0.0444,0.4588
DIAMONDS JACK DIAMONDS EIGHT,0.4998,0.0338,0.4664
SPADES JACK SPADES THREE,0.626,0.0396,0.3344
SPADES TEN SPADES THREE,0.615,0.0564,0.3286
CLUBS FOUR HEARTS ACE,0.6326,0.004,0.3634
CLUBS FOUR HEARTS QUEEN,0.6408,0.0266,0.3326
CLUBS FOUR HEARTS KING,0.6562,0.0148,0.329
CLUBS SIX HEARTS TEN,0.6446,0.055,0.3004
CLUBS SIX HEARTS JACK,0.6648,0.0398,0.2954
SPADES FOUR DIAMONDS EIGHT,0.647,0.0916,0.2614
SPADES FIVE DIAMONDS EIGHT,0.648,0.0912,0.2608
SPADES TWO DIAMONDS EIGHT,0.6586,0.0942,0.2472
SPADES THREE DIAMONDS EIGHT,0.6634,0.1022,0.2344
CLUBS FOUR HEARTS JACK,0.6558,0.0404,0.3038
SPADES EIGHT DIAMONDS EIGHT,0.1828,0.193,0.6242
SPADES TEN DIAMONDS QUEEN,0.5016,0.0142,0.4842
SPADES TEN HEARTS TWO,0.6322,0.0634,0.3044
SPADES JACK HEARTS EIGHT,0.5208,0.0348,0.4444
CLUBS FOUR HEARTS TEN,0.6432,0.0588,0.298
SPADES NINE DIAMONDS EIGHT,0.505,0.0668,0.4282
SPADES TEN HEARTS EIGHT,0.534,0.0458,0.4202
SPADES JACK HEARTS TWO,0.6568,0.0418,0.3014
SPADES JACK DIAMONDS QUEEN,0.5118,0.0146,0.4736
SPADES SEVEN DIAMONDS EIGHT,0.5158,0.0806,0.4036
SPADES ACE HEARTS TWO,0.6348,0.0056,0.3596
SPADES ACE DIAMONDS QUEEN,0.5174,0.0048,0.4778
SPADES ACE HEARTS EIGHT,0.5264,0.0024,0.4712
SPADES KING HEARTS EIGHT,0.548,0.0104,0.4416
SPADES QUEEN HEARTS TWO,0.6546,0.0268,0.3186
SPADES QUEEN DIAMONDS QUEEN,0.1842,0.0664,0.7494
SPADES KING DIAMONDS QUEEN,0.5124,0.0068,0.4808
SPADES KING HEARTS TWO,0.657,0.014,0.329
SPADES QUEEN HEARTS EIGHT,0.5538,0.0178,0.4284
CLUBS TWO HEARTS TEN,0.6568,0.0548,0.2884
CLUBS TWO HEARTS JACK,0.649,0.0406,0.3104
SPADES SEVEN DIAMONDS NINE,0.5228,0.0642,0.413
SPADES NINE DIAMONDS NINE,0.1788,0.164,0.6572
SPADES EIGHT DIAMONDS NINE,0.5114,0.0586,0.43
SPADES TEN CLUBS KING,0.5172,0.007,0.4758
DIAMONDS NINE SPADES THREE,0.6608,0.0664,0.2728
SPADES JACK CLUBS KING,0.5186,0.0074,0.474
DIAMONDS NINE SPADES TWO,0.6658,0.0718,0.2624
SPADES FIVE DIAMONDS NINE,0.6414,0.0738,0.2848
SPADES FOUR DIAMONDS NINE,0.6658,0.0744,0.2598
CLUBS NINE DIAMONDS NINE,0.1916,0.1576,0.6508
CLUBS EIGHT DIAMONDS NINE,0.5216,0.059,0.4194
CLUBS SIX DIAMONDS NINE,0.641,0.061,0.298
SPADES JACK CLUBS FOUR,0.6412,0.0438,0.315
CLUBS SEVEN DIAMONDS NINE,0.5128,0.0694,0.4178
SPADES TEN CLUBS FOUR,0.6476,0.0578,0.2946
CLUBS FOUR DIAMONDS NINE,0.6442,0.0752,0.2806
CLUBS FIVE DIAMONDS NINE,0.6244,0.0854,0.2902
CLUBS TWO DIAMONDS NINE,0.6532,0.0754,0.2714
CLUBS THREE DIAMONDS NINE,0.6488,0.0738,0.2774
DIAMONDS NINE HEARTS EIGHT,0.5088,0.0606,0.4306
DIAMONDS NINE HEARTS NINE,0.1792,0.1646,0.6562
HEARTS SIX DIAMONDS NINE,0.6406,0.0672,0.2922
HEARTS SEVEN DIAMONDS NINE,0.5364,0.0682,0.3954
CLUBS NINE CLUBS EIGHT,0.4854,0.0564,0.4582
DIAMONDS ACE DIAMONDS NINE,0.5028,0.0066,0.4906
HEARTS FOUR DIAMONDS NINE,0.6488,0.0794,0.2718
HEARTS FIVE DIAMONDS NINE,0.6362,0.0714,0.2924
HEARTS ACE CLUBS TWO,0.6378,0.004,0.3582
SPADES ACE CLUBS FOUR,0.6248,0.005,0.3702
DIAMONDS NINE DIAMONDS QUEEN,0.511,0.0198,0.4692
HEARTS TWO DIAMONDS NINE,0.6434,0.0772,0.2794
CLUBS TWO HEARTS KING,0.662,0.0144,0.3236
SPADES KING CLUBS FOUR,0.6532,0.0186,0.3282
DIAMONDS KING DIAMONDS NINE,0.5122,0.0098,0.478
HEARTS THREE DIAMONDS NINE,0.6558,0.0694,0.2748
CLUBS TWO HEARTS QUEEN,0.6548,0.0284,0.3168
SPADES QUEEN CLUBS FOUR,0.6354,0.029,0.3356
DIAMONDS NINE DIAMONDS JACK,0.4968,0.0308,0.4724
CLUBS EIGHT SPADES NINE,0.508,0.0528,0.4392
DIAMONDS TEN DIAMONDS NINE,0.4892,0.0438,0.467
CLUBS EIGHT SPADES EIGHT,0.1884,0.183,0.6286
CLUBS EIGHT SPADES SEVEN,0.5306,0.077,0.3924
CLUBS EIGHT SPADES FIVE,0.6468,0.0944,0.2588
CLUBS EIGHT SPADES FOUR,0.666,0.0878,0.2462
CLUBS EIGHT SPADES THREE,0.6586,0.088,0.2534
CLUBS EIGHT SPADES TWO,0.6728,0.0872,0.24
HEARTS SIX DIAMONDS TEN,0.6378,0.053,0.3092
HEARTS SEVEN DIAMONDS TEN,0.5248,0.0486,0.4266
DIAMONDS TEN HEARTS EIGHT,0.5184,0.0496,0.432
CLUBS FOUR CLUBS JACK,0.6142,0.0398,0.346
DIAMONDS TEN HEARTS NINE,0.5096,0.0378,0.4526
CLUBS TEN CLUBS FOUR,0.619,0.0622,0.3188
CLUBS FOUR CLUBS KING,0.6202,0.0134,0.3664
CLUBS FOUR CLUBS QUEEN,0.619,0.0266,0.3544
DIAMONDS TEN CLUBS TWO,0.6462,0.0614,0.2924
CLUBS THREE DIAMONDS TEN,0.6466,0.0602,0.2932
CLUBS FOUR CLUBS ACE,0.5864,0.0038,0.4098
DIAMONDS TEN DIAMONDS JACK,0.4686,0.026,0.5054
DIAMONDS TEN DIAMONDS QUEEN,0.4968,0.0162,0.487
HEARTS TWO DIAMONDS TEN,0.6496,0.0598,0.2906
DIAMONDS KING DIAMONDS TEN,0.5006,0.007,0.4924
HEARTS THREE DIAMONDS TEN,0.6536,0.054,0.2924
DIAMONDS ACE DIAMONDS TEN,0.4996,0.005,0.4954
HEARTS FOUR DIAMONDS TEN,0.6552,0.0618,0.283
CLUBS EIGHT HEARTS JACK,0.5314,0.0328,0.4358
HEARTS FIVE DIAMONDS TEN,0.6348,0.0606,0.3046
CLUBS EIGHT HEARTS TEN,0.5218,0.0472,0.431
CLUBS EIGHT HEARTS QUEEN,0.5546,0.0186,0.4268
CLUBS EIGHT HEARTS KING,0.5596,0.0106,0.4298
CLUBS EIGHT HEARTS ACE,0.5458,0.0034,0.4508
CLUBS NINE SPADES THREE,0.6634,0.0762,0.2604
CLUBS NINE SPADES TWO,0.6886,0.0694,0.242
CLUBS NINE SPADES FIVE,0.645,0.0768,0.2782
CLUBS NINE SPADES FOUR,0.667,0.0698,0.2632
CLUBS NINE SPADES SEVEN,0.5304,0.069,0.4006
CLUBS NINE SPADES NINE,0.1866,0.1544,0.659
CLUBS TEN HEARTS EIGHT,0.5262,0.0454,0.4284
CLUBS NINE SPADES EIGHT,0.5122,0.057,0.4308
HEARTS EIGHT CLUBS JACK,0.5284,0.037,0.4346
CLUBS QUEEN HEARTS EIGHT,0.549,0.02,0.431
CLUBS KING HEARTS EIGHT,0.5444,0.0104,0.4452
CLUBS ACE HEARTS EIGHT,0.5546,0.0022,0.4432
SPADES KING CLUBS KING,0.199,0.0296,0.7714
SPADES QUEEN CLUBS KING,0.5264,0.006,0.4676
SPADES ACE CLUBS KING,0.529,0.0032,0.4678
DIAMONDS ACE HEARTS TEN,0.516,0.0038,0.4802
HEARTS FOUR HEARTS TEN,0.611,0.0538,0.3352
DIAMONDS ACE HEARTS JACK,0.5106,0.0046,0.4848
HEARTS FOUR HEARTS JACK,0.5968,0.046,0.3572
SPADES KING CLUBS FIVE,0.6492,0.0138,0.337
SPADES QUEEN CLUBS FIVE,0.6518,0.0268,0.3214
SPADES ACE CLUBS FIVE,0.624,0.0036,0.3724
HEARTS SEVEN DIAMONDS JACK,0.5432,0.035,0.4218
HEARTS SIX DIAMONDS JACK,0.6694,0.0428,0.2878
DIAMONDS JACK HEARTS NINE,0.5166,0.0306,0.4528
DIAMONDS JACK HEARTS EIGHT,0.5406,0.0324,0.427
DIAMONDS KING DIAMONDS JACK,0.4942,0.007,0.4988
HEARTS THREE DIAMONDS JACK,0.6496,0.0424,0.308
HEARTS ACE SPADES FOUR,0.6498,0.006,0.3442
DIAMONDS QUEEN DIAMONDS JACK,0.483,0.014,0.503
HEARTS TWO DIAMONDS JACK,0.6386,0.0444,0.317
HEARTS FIVE DIAMONDS JACK,0.6394,0.0364,0.3242
SPADES FOUR HEARTS QUEEN,0.6624,0.0288,0.3088
DIAMONDS ACE DIAMONDS JACK,0.4942,0.0056,0.5002
HEARTS FOUR DIAMONDS JACK,0.6498,0.0428,0.3074
SPADES FOUR HEARTS KING,0.6576,0.0152,0.3272
SPADES FOUR DIAMONDS JACK,0.6544,0.042,0.3036
SPADES FIVE DIAMONDS JACK,0.656,0.0382,0.3058
SPADES TWO DIAMONDS JACK,0.657,0.0452,0.2978
SPADES THREE DIAMONDS JACK,0.6496,0.0378,0.3126
SPADES ACE DIAMONDS THREE,0.6276,0.0044,0.368
SPADES QUEEN DIAMONDS THREE,0.6482,0.0312,0.3206
CLUBS EIGHT DIAMONDS JACK,0.5214,0.0336,0.445
SPADES KING DIAMONDS THREE,0.6584,0.0168,0.3248
CLUBS NINE DIAMONDS JACK,0.51,0.0278,0.4622
CLUBS SIX DIAMONDS JACK,0.6578,0.044,0.2982
CLUBS SEVEN DIAMONDS JACK,0.5428,0.037,0.4202
CLUBS FOUR DIAMONDS JACK,0.6408,0.0392,0.32
CLUBS FIVE DIAMONDS JACK,0.635,0.0434,0.3216
CLUBS TWO DIAMONDS JACK,0.6422,0.0428,0.315
CLUBS THREE DIAMONDS JACK,0.6488,0.0432,0.308
SPADES TEN CLUBS FIVE,0.6436,0.0558,0.3006
SPADES JACK HEARTS SIX,0.6548,0.0464,0.2988
HEARTS SIX SPADES TEN,0.6452,0.0582,0.2966
SPADES JACK CLUBS FIVE,0.6418,0.0446,0.3136
SPADES JACK DIAMONDS THREE,0.6512,0.0432,0.3056
CLUBS SEVEN CLUBS ACE,0.5116,0.0032,0.4852
DIAMONDS THREE SPADES TEN,0.6528,0.0596,0.2876
CLUBS SEVEN CLUBS QUEEN,0.529,0.0208,0.4502
CLUBS SEVEN CLUBS KING,0.514,0.0096,0.4764
SPADES NINE DIAMONDS JACK,0.5096,0.0304,0.46
CLUBS TEN CLUBS SEVEN,0.5128,0.0516,0.4356
DIAMONDS ACE HEARTS ACE,0.1874,0.0038,0.8088
HEARTS FOUR HEARTS ACE,0.5902,0.0034,0.4064
SPADES EIGHT DIAMONDS JACK,0.5178,0.0366,0.4456
SPADES ACE HEARTS SIX,0.6636,0.0286,0.3078
CLUBS SEVEN CLUBS JACK,0.5154,0.036,0.4486
DIAMONDS ACE HEARTS KING,0.5202,0.0024,0.4774
HEARTS FOUR HEARTS KING,0.6212,0.018,0.3608
SPADES SEVEN DIAMONDS JACK,0.536,0.0304,0.4336
SPADES KING HEARTS SIX,0.6468,0.033,0.3202
DIAMONDS ACE HEARTS QUEEN,0.5104,0.0044,0.4852
HEARTS FOUR HEARTS QUEEN,0.6242,0.0244,0.3514
SPADES QUEEN HEARTS SIX,0.6606,0.0366,0.3028
DIAMONDS TEN SPADES TWO,0.6514,0.0568,0.2918
DIAMONDS TEN SPADES THREE,0.6518,0.0578,0.2904
DIAMONDS TEN SPADES FOUR,0.6458,0.0542,0.3
SPADES FIVE DIAMONDS TEN,0.6408,0.0628,0.2964
SPADES SEVEN DIAMONDS TEN,0.5332,0.051,0.4158
SPADES EIGHT DIAMONDS TEN,0.5054,0.046,0.4486
SPADES NINE DIAMONDS TEN,0.5048,0.0444,0.4508
CLUBS FOUR DIAMONDS TEN,0.661,0.055,0.284
CLUBS FIVE DIAMONDS TEN,0.6462,0.056,0.2978
CLUBS SIX DIAMONDS TEN,0.6584,0.0512,0.2904
CLUBS SEVEN DIAMONDS TEN,0.5342,0.0492,0.4166
CLUBS EIGHT DIAMONDS TEN,0.5378,0.047,0.4152
CLUBS NINE DIAMONDS TEN,0.5248,0.0436,0.4316
DIAMONDS THREE CLUBS JACK,0.6592,0.0402,0.3006
CLUBS TEN DIAMONDS THREE,0.6476,0.0654,0.287
DIAMONDS THREE CLUBS KING,0.6522,0.014,0.3338
DIAMONDS THREE CLUBS QUEEN,0.6486,0.0254,0.326
DIAMONDS THREE CLUBS ACE,0.628,0.0046,0.3674
SPADES FOUR HEARTS JACK,0.645,0.0416,0.3134
SPADES FOUR HEARTS TEN,0.6412,0.0602,0.2986
SPADES FIVE SPADES TWO,0.7022,0.1218,0.176
SPADES FOUR SPADES TWO,0.7036,0.1366,0.1598
SPADES THREE SPADES TWO,0.7054,0.1284,0.1662
SPADES NINE SPADES TWO,0.625,0.0728,0.3022
SPADES EIGHT SPADES TWO,0.6298,0.0854,0.2848
SPADES SEVEN SPADES TWO,0.6348,0.0986,0.2666
CLUBS THREE DIAMONDS QUEEN,0.6484,0.0246,0.327
CLUBS THREE HEARTS TWO,0.746,0.1284,0.1256
CLUBS TWO DIAMONDS QUEEN,0.644,0.031,0.325
HEARTS TWO CLUBS TWO,0.5786,0.2448,0.1766
HEARTS SEVEN DIAMONDS QUEEN,0.5648,0.022,0.4132
HEARTS SEVEN HEARTS TWO,0.6398,0.096,0.2642
HEARTS SIX DIAMONDS QUEEN,0.671,0.0388,0.2902
HEARTS SIX HEARTS TWO,0.7628,0.1116,0.1256
DIAMONDS QUEEN HEARTS NINE,0.529,0.0178,0.4532
HEARTS TWO HEARTS NINE,0.6132,0.0724,0.3144
DIAMONDS QUEEN HEARTS EIGHT,0.5324,0.0218,0.4458
HEARTS TWO HEARTS EIGHT,0.6192,0.0896,0.2912
CLUBS NINE HEARTS TWO,0.6446,0.0724,0.283
CLUBS NINE DIAMONDS QUEEN,0.5324,0.021,0.4466
CLUBS EIGHT HEARTS TWO,0.6512,0.0926,0.2562
CLUBS EIGHT DIAMONDS QUEEN,0.5454,0.0224,0.4322
CLUBS FIVE DIAMONDS QUEEN,0.6396,0.0306,0.3298
CLUBS FIVE HEARTS TWO,0.7226,0.1344,0.143
SPADES EIGHT HEARTS ACE,0.5466,0.0048,0.4486
CLUBS FOUR DIAMONDS QUEEN,0.6434,0.0326,0.324
CLUBS FOUR HEARTS TWO,0.7296,0.1256,0.1448
CLUBS SEVEN DIAMONDS QUEEN,0.5442,0.0252,0.4306
CLUBS SEVEN HEARTS TWO,0.6656,0.1036,0.2308
SPADES EIGHT HEARTS QUEEN,0.549,0.0198,0.4312
CLUBS SIX DIAMONDS QUEEN,0.6486,0.04,0.3114
CLUBS SIX HEARTS TWO,0.8134,0.1164,0.0702
SPADES EIGHT HEARTS KING,0.537,0.015,0.448
HEARTS FOUR CLUBS QUEEN,0.6516,0.0242,0.3242
DIAMONDS ACE CLUBS QUEEN,0.5248,0.0046,0.4706
SPADES SEVEN DIAMONDS QUEEN,0.5522,0.025,0.4228
SPADES SEVEN HEARTS TWO,0.6478,0.1142,0.238
HEARTS FOUR CLUBS KING,0.6422,0.0182,0.3396
DIAMONDS ACE CLUBS KING,0.5288,0.003,0.4682
SPADES EIGHT DIAMONDS QUEEN,0.538,0.0196,0.4424
SPADES EIGHT HEARTS TWO,0.6506,0.0966,0.2528
HEARTS FOUR CLUBS ACE,0.6316,0.0054,0.363
DIAMONDS ACE CLUBS ACE,0.1822,0.0026,0.8152
SPADES NINE DIAMONDS QUEEN,0.535,0.0208,0.4442
SPADES NINE HEARTS TWO,0.6526,0.0778,0.2696
HEARTS TWO SPADES TWO,0.5808,0.2434,0.1758
DIAMONDS QUEEN SPADES TWO,0.6534,0.0256,0.321
HEARTS TWO SPADES THREE,0.7352,0.1344,0.1304
SPADES THREE DIAMONDS QUEEN,0.648,0.0274,0.3246
HEARTS TWO SPADES FOUR,0.7408,0.1354,0.1238
SPADES FOUR DIAMONDS QUEEN,0.6434,0.0288,0.3278
CLUBS TEN HEARTS FOUR,0.644,0.061,0.295
CLUBS TEN DIAMONDS ACE,0.5222,0.0042,0.4736
HEARTS TWO SPADES FIVE,0.7408,0.1244,0.1348
SPADES FIVE DIAMONDS QUEEN,0.6552,0.0302,0.3146
HEARTS FOUR CLUBS JACK,0.6368,0.0408,0.3224
DIAMONDS ACE CLUBS JACK,0.516,0.004,0.48
CLUBS FIVE CLUBS KING,0.6214,0.0144,0.3642
CLUBS FIVE CLUBS QUEEN,0.614,0.0286,0.3574
CLUBS FIVE CLUBS ACE,0.5922,0.0034,0.4044
CLUBS FIVE CLUBS JACK,0.6128,0.0356,0.3516
CLUBS TEN CLUBS FIVE,0.6204,0.052,0.3276
SPADES KING CLUBS JACK,0.5224,0.0086,0.469
SPADES QUEEN CLUBS JACK,0.5148,0.0116,0.4736
SPADES ACE CLUBS JACK,0.518,0.004,0.478
SPADES EIGHT HEARTS JACK,0.5114,0.0324,0.4562
SPADES EIGHT HEARTS TEN,0.5406,0.0436,0.4158
SPADES TEN CLUBS JACK,0.5052,0.0224,0.4724
SPADES JACK CLUBS JACK,0.1826,0.0912,0.7262
SPADES QUEEN CLUBS SEVEN,0.5566,0.0204,0.423
SPADES KING CLUBS SEVEN,0.5586,0.0134,0.428
SPADES ACE CLUBS SEVEN,0.5348,0.0024,0.4628
CLUBS SEVEN SPADES JACK,0.5342,0.0384,0.4274
CLUBS SEVEN SPADES TEN,0.523,0.0524,0.4246
CLUBS TEN HEARTS SIX,0.6478,0.0452,0.307
HEARTS SIX CLUBS JACK,0.66,0.043,0.297
CLUBS ACE CLUBS JACK,0.489,0.0036,0.5074
HEARTS SIX CLUBS QUEEN,0.666,0.0378,0.2962
HEARTS SIX CLUBS KING,0.6616,0.0332,0.3052
HEARTS SIX CLUBS ACE,0.6682,0.0274,0.3044
CLUBS QUEEN CLUBS JACK,0.476,0.0122,0.5118
CLUBS KING CLUBS JACK,0.4884,0.008,0.5036
DIAMONDS THREE HEARTS ACE,0.6284,0.0036,0.368
DIAMONDS THREE HEARTS QUEEN,0.6642,0.0272,0.3086
DIAMONDS THREE HEARTS KING,0.661,0.016,0.323
CLUBS FIVE HEARTS JACK,0.6486,0.0458,0.3056
SPADES TEN DIAMONDS ACE,0.5068,0.0048,0.4884
HEARTS FOUR SPADES TEN,0.6336,0.0588,0.3076
CLUBS FIVE HEARTS TEN,0.6424,0.0556,0.302
HEARTS FOUR SPADES JACK,0.6488,0.0464,0.3048
SPADES JACK DIAMONDS ACE,0.4954,0.0042,0.5004
SPADES ACE HEARTS FOUR,0.6238,0.0034,0.3728
SPADES ACE DIAMONDS ACE,0.1824,0.0042,0.8134
CLUBS FIVE HEARTS ACE,0.6326,0.0034,0.364
CLUBS FIVE HEARTS KING,0.6434,0.0156,0.341
HEARTS FOUR SPADES QUEEN,0.6486,0.029,0.3224
SPADES QUEEN DIAMONDS ACE,0.5234,0.0034,0.4732
SPADES FOUR CLUBS JACK,0.6486,0.0458,0.3056
CLUBS FIVE HEARTS QUEEN,0.638,0.0322,0.3298
SPADES KING DIAMONDS ACE,0.529,0.0062,0.4648
SPADES KING HEARTS FOUR,0.6492,0.014,0.3368
CLUBS TEN SPADES FOUR,0.6558,0.053,0.2912
DIAMONDS ACE DIAMONDS QUEEN,0.49,0.0038,0.5062
DIAMONDS ACE HEARTS TWO,0.632,0.0044,0.3636
HEARTS FOUR DIAMONDS QUEEN,0.645,0.0268,0.3282
HEARTS FOUR HEARTS TWO,0.6902,0.1318,0.178
DIAMONDS THREE HEARTS TEN,0.643,0.0588,0.2982
SPADES FOUR CLUBS KING,0.6506,0.0128,0.3366
HEARTS FIVE DIAMONDS QUEEN,0.6484,0.028,0.3236
HEARTS FIVE HEARTS TWO,0.6988,0.1212,0.18
DIAMONDS THREE HEARTS JACK,0.6602,0.0432,0.2966
SPADES FOUR CLUBS QUEEN,0.646,0.0294,0.3246
HEARTS TWO DIAMONDS QUEEN,0.6494,0.0258,0.3248
DIAMONDS KING DIAMONDS QUEEN,0.5038,0.0068,0.4894
DIAMONDS KING HEARTS TWO,0.6382,0.0148,0.347
HEARTS THREE DIAMONDS QUEEN,0.6578,0.0256,0.3166
HEARTS THREE HEARTS TWO,0.7036,0.119,0.1774
SPADES FOUR CLUBS ACE,0.6316,0.0052,0.3632
HEARTS TWO CLUBS ACE,0.6406,0.0048,0.3546
DIAMONDS QUEEN CLUBS ACE,0.524,0.0026,0.4734
HEARTS TWO CLUBS QUEEN,0.6484,0.0254,0.3262
DIAMONDS QUEEN CLUBS QUEEN,0.1932,0.0696,0.7372
HEARTS TWO CLUBS KING,0.6488,0.0144,0.3368
DIAMONDS QUEEN CLUBS KING,0.5242,0.0066,0.4692
SPADES EIGHT SPADES FIVE,0.617,0.0876,0.2954
CLUBS TEN HEARTS TWO,0.6484,0.0568,0.2948
CLUBS TEN DIAMONDS QUEEN,0.5202,0.0182,0.4616
SPADES NINE SPADES FIVE,0.6066,0.0782,0.3152
HEARTS TWO CLUBS JACK,0.6598,0.0396,0.3006
DIAMONDS QUEEN CLUBS JACK,0.5192,0.0156,0.4652
SPADES SEVEN SPADES FIVE,0.6126,0.11,0.2774
DIAMONDS FIVE CLUBS QUEEN,0.652,0.0256,0.3224
SPADES EIGHT CLUBS ACE,0.53,0.0036,0.4664
DIAMONDS FIVE CLUBS KING,0.6502,0.013,0.3368
SPADES EIGHT CLUBS KING,0.5464,0.0122,0.4414
CLUBS ACE DIAMONDS FIVE,0.618,0.0044,0.3776
SPADES EIGHT CLUBS QUEEN,0.5388,0.0206,0.4406
SPADES EIGHT CLUBS JACK,0.5408,0.031,0.4282
CLUBS TEN SPADES EIGHT,0.5318,0.0502,0.418
CLUBS TEN DIAMONDS FIVE,0.6602,0.0572,0.2826
DIAMONDS FIVE CLUBS JACK,0.6498,0.0434,0.3068
DIAMONDS TEN HEARTS JACK,0.4898,0.0258,0.4844
DIAMONDS TEN HEARTS TEN,0.1914,0.1298,0.6788
SPADES ACE CLUBS NINE,0.533,0.0046,0.4624
CLUBS NINE SPADES QUEEN,0.5172,0.018,0.4648
CLUBS NINE SPADES KING,0.5354,0.0106,0.454
HEARTS SIX HEARTS KING,0.6326,0.0274,0.34
DIAMONDS KING SPADES SEVEN,0.5446,0.0144,0.441
HEARTS THREE SPADES SEVEN,0.6434,0.1086,0.248
SPADES KING DIAMONDS SEVEN,0.5502,0.0164,0.4334
HEARTS SIX HEARTS QUEEN,0.6268,0.0368,0.3364
SPADES QUEEN DIAMONDS SEVEN,0.5524,0.0268,0.4208
SPADES NINE DIAMONDS KING,0.5392,0.0104,0.4504
SPADES NINE HEARTS THREE,0.6506,0.0704,0.279
HEARTS SIX HEARTS ACE,0.6282,0.0236,0.3482
DIAMONDS KING SPADES EIGHT,0.5426,0.016,0.4414
SPADES EIGHT HEARTS THREE,0.6552,0.094,0.2508
SPADES ACE DIAMONDS SEVEN,0.5336,0.005,0.4614
CLUBS NINE HEARTS THREE,0.6592,0.0724,0.2684
CLUBS NINE DIAMONDS KING,0.5296,0.0104,0.46
CLUBS EIGHT HEARTS THREE,0.6522,0.0872,0.2606
CLUBS EIGHT DIAMONDS KING,0.5308,0.0106,0.4586
HEARTS THREE SPADES THREE,0.5848,0.2406,0.1746
DIAMONDS KING SPADES THREE,0.6656,0.0164,0.318
HEARTS THREE SPADES TWO,0.7256,0.1422,0.1322
DIAMONDS KING SPADES TWO,0.6576,0.0186,0.3238
HEARTS THREE SPADES FIVE,0.74,0.1242,0.1358
DIAMONDS KING SPADES FIVE,0.6548,0.0142,0.331
HEARTS THREE SPADES FOUR,0.7298,0.1334,0.1368
DIAMONDS KING SPADES FOUR,0.647,0.015,0.338
DIAMONDS KING CLUBS TWO,0.6564,0.0132,0.3304
