opposingHand,winningChance,drawChance,lostChance
SPADES JACK CLUBS FIVE
SPADES TEN HEARTS FIVE,0.7124,0.0648,0.2228
SPADES FIVE CLUBS JACK,0.008,0.9864,0.0056
CLUBS TEN SPADES FIVE,0.6984,0.067,0.2346
CLUBS EIGHT CLUBS JACK,0.2218,0.216,0.5622
CLUBS TEN CLUBS EIGHT,0.5172,0.014,0.4688
CLUBS EIGHT CLUBS KING,0.3506,0.0064,0.643
SPADES FIVE CLUBS ACE,0.2214,0.0298,0.7488
CLUBS EIGHT CLUBS QUEEN,0.3386,0.0108,0.6506
SPADES FIVE CLUBS KING,0.2352,0.0386,0.7262
SPADES FIVE CLUBS QUEEN,0.2322,0.0532,0.7146
CLUBS EIGHT CLUBS ACE,0.341,0.0048,0.6542
DIAMONDS TWO DIAMONDS THREE,0.5976,0.0154,0.387
DIAMONDS TWO DIAMONDS FIVE,0.6278,0.0642,0.308
SPADES KING HEARTS FIVE,0.2376,0.0382,0.7242
DIAMONDS TWO DIAMONDS FOUR,0.5942,0.0204,0.3854
SPADES QUEEN HEARTS FIVE,0.234,0.0492,0.7168
DIAMONDS TWO DIAMONDS SEVEN,0.5744,0.0212,0.4044
DIAMONDS TWO DIAMONDS SIX,0.5878,0.0178,0.3944
SPADES ACE HEARTS FIVE,0.2348,0.0322,0.733
DIAMONDS TWO DIAMONDS NINE,0.59,0.0168,0.3932
DIAMONDS TWO DIAMONDS EIGHT,0.5846,0.0182,0.3972
DIAMONDS THREE DIAMONDS FOUR,0.575,0.0228,0.4022
CLUBS TWO SPADES FOUR,0.64,0.0194,0.3406
DIAMONDS THREE DIAMONDS FIVE,0.6264,0.0642,0.3094
CLUBS TWO SPADES FIVE,0.6878,0.0682,0.244
CLUBS TWO SPADES TWO,0.4256,0.0466,0.5278
CLUBS TWO SPADES THREE,0.6434,0.0212,0.3354
DIAMONDS THREE DIAMONDS EIGHT,0.592,0.0202,0.3878
SPADES EIGHT CLUBS TWO,0.636,0.0212,0.3428
DIAMONDS THREE DIAMONDS NINE,0.5794,0.0156,0.405
SPADES NINE CLUBS TWO,0.6304,0.0206,0.349
DIAMONDS THREE DIAMONDS SIX,0.5798,0.0216,0.3986
CLUBS TWO SPADES SIX,0.6372,0.0206,0.3422
DIAMONDS THREE DIAMONDS SEVEN,0.5892,0.017,0.3938
SPADES SEVEN CLUBS TWO,0.6228,0.0204,0.3568
CLUBS SIX CLUBS TWO,0.586,0.0248,0.3892
CLUBS SEVEN CLUBS TWO,0.5922,0.0256,0.3822
CLUBS FOUR CLUBS TWO,0.5892,0.0236,0.3872
CLUBS TEN CLUBS JACK,0.22,0.1202,0.6598
DIAMONDS FOUR DIAMONDS SIX,0.5562,0.0212,0.4226
CLUBS TEN CLUBS QUEEN,0.3232,0.014,0.6628
DIAMONDS FOUR DIAMONDS SEVEN,0.5736,0.021,0.4054
CLUBS TEN CLUBS KING,0.3312,0.006,0.6628
CLUBS TEN CLUBS ACE,0.3322,0.0054,0.6624
CLUBS EIGHT CLUBS TWO,0.599,0.0198,0.3812
DIAMONDS FIVE DIAMONDS FOUR,0.613,0.0642,0.3228
CLUBS NINE CLUBS TWO,0.5994,0.019,0.3816
DIAMONDS NINE DIAMONDS FOUR,0.59,0.0176,0.3924
DIAMONDS EIGHT DIAMONDS FOUR,0.5794,0.0172,0.4034
CLUBS TWO CLUBS THREE,0.6064,0.0196,0.374
DIAMONDS NINE DIAMONDS FIVE,0.648,0.056,0.296
DIAMONDS TWO CLUBS JACK,0.313,0.464,0.223
DIAMONDS EIGHT DIAMONDS FIVE,0.6448,0.0558,0.2994
CLUBS TEN DIAMONDS TWO,0.6222,0.0162,0.3616
DIAMONDS FIVE DIAMONDS SEVEN,0.6218,0.0586,0.3196
DIAMONDS FIVE DIAMONDS SIX,0.6084,0.0552,0.3364
DIAMONDS TWO CLUBS ACE,0.3884,0.0046,0.607
DIAMONDS TWO CLUBS KING,0.3974,0.0102,0.5924
DIAMONDS TWO CLUBS QUEEN,0.3906,0.0126,0.5968
DIAMONDS EIGHT DIAMONDS SIX,0.521,0.0156,0.4634
DIAMONDS NINE DIAMONDS SIX,0.5398,0.018,0.4422
HEARTS ACE SPADES THREE,0.3792,0.0076,0.6132
HEARTS KING SPADES THREE,0.3952,0.0076,0.5972
DIAMONDS SEVEN DIAMONDS SIX,0.5266,0.0174,0.456
SPADES THREE HEARTS QUEEN,0.3952,0.0118,0.593
SPADES THREE HEARTS JACK,0.3364,0.4602,0.2034
SPADES THREE HEARTS TEN,0.6344,0.0192,0.3464
DIAMONDS EIGHT DIAMONDS SEVEN,0.5142,0.017,0.4688
DIAMONDS NINE DIAMONDS SEVEN,0.5228,0.0164,0.4608
DIAMONDS NINE DIAMONDS EIGHT,0.5048,0.0138,0.4814
DIAMONDS KING HEARTS TEN,0.3432,0.0048,0.652
HEARTS THREE HEARTS TEN,0.5898,0.0158,0.3944
DIAMONDS KING HEARTS JACK,0.2382,0.0352,0.7266
HEARTS THREE HEARTS JACK,0.3092,0.424,0.2668
SPADES TEN CLUBS SIX,0.5774,0.0212,0.4014
SPADES TEN SPADES FIVE,0.6856,0.054,0.2604
DIAMONDS KING HEARTS ACE,0.3246,0.0028,0.6726
HEARTS THREE HEARTS ACE,0.3524,0.0056,0.642
SPADES ACE CLUBS SIX,0.3702,0.005,0.6248
DIAMONDS KING HEARTS QUEEN,0.3144,0.0058,0.6798
HEARTS THREE HEARTS QUEEN,0.3762,0.0106,0.6132
SPADES KING CLUBS SIX,0.3606,0.0074,0.632
DIAMONDS KING HEARTS KING,0.1466,0.006,0.8474
HEARTS THREE HEARTS KING,0.3712,0.0092,0.6196
SPADES QUEEN CLUBS SIX,0.3616,0.0144,0.624
SPADES NINE HEARTS TEN,0.5508,0.0164,0.4328
SPADES NINE HEARTS JACK,0.2294,0.1626,0.608
SPADES QUEEN SPADES FIVE,0.229,0.0492,0.7218
SPADES KING SPADES FIVE,0.2248,0.0404,0.7348
SPADES ACE SPADES FIVE,0.2396,0.0294,0.731
SPADES NINE HEARTS QUEEN,0.348,0.0128,0.6392
SPADES NINE HEARTS KING,0.3602,0.0058,0.634
SPADES NINE HEARTS ACE,0.3494,0.0044,0.6462
CLUBS TEN SPADES TEN,0.2718,0.0256,0.7026
SPADES ACE CLUBS TEN,0.3434,0.005,0.6516
SPADES KING CLUBS TEN,0.3264,0.0108,0.6628
CLUBS TEN SPADES QUEEN,0.3354,0.0104,0.6542
SPADES FIVE HEARTS QUEEN,0.247,0.0526,0.7004
SPADES FIVE HEARTS KING,0.2452,0.0402,0.7146
SPADES FIVE HEARTS ACE,0.2526,0.025,0.7224
SPADES TEN CLUBS EIGHT,0.554,0.0184,0.4276
HEARTS THREE SPADES TEN,0.6304,0.0202,0.3494
SPADES TEN DIAMONDS KING,0.3254,0.01,0.6646
CLUBS SIX HEARTS ACE,0.3588,0.0056,0.6356
SPADES ACE CLUBS EIGHT,0.3616,0.005,0.6334
HEARTS FIVE CLUBS JACK,0.0108,0.974,0.0152
CLUBS TEN HEARTS FIVE,0.701,0.0638,0.2352
CLUBS SIX HEARTS QUEEN,0.362,0.0122,0.6258
SPADES QUEEN CLUBS EIGHT,0.3482,0.0106,0.6412
CLUBS TEN SPADES THREE,0.6104,0.021,0.3686
CLUBS SIX HEARTS KING,0.3554,0.007,0.6376
SPADES KING CLUBS EIGHT,0.3524,0.009,0.6386
SPADES THREE CLUBS JACK,0.3222,0.467,0.2108
DIAMONDS TWO HEARTS JACK,0.3164,0.464,0.2196
SPADES THREE CLUBS QUEEN,0.401,0.0146,0.5844
DIAMONDS TWO HEARTS TEN,0.6264,0.015,0.3586
SPADES THREE CLUBS KING,0.38,0.0086,0.6114
HEARTS FIVE CLUBS ACE,0.2306,0.0274,0.742
SPADES FIVE HEARTS TEN,0.6996,0.0664,0.234
SPADES THREE CLUBS ACE,0.3728,0.0046,0.6226
HEARTS FIVE CLUBS KING,0.2406,0.039,0.7204
SPADES FIVE HEARTS JACK,0.0188,0.9712,0.01
HEARTS FIVE CLUBS QUEEN,0.2258,0.057,0.7172
HEARTS THREE CLUBS KING,0.3902,0.0102,0.5996
DIAMONDS KING CLUBS KING,0.1428,0.0072,0.85
HEARTS THREE CLUBS QUEEN,0.397,0.0116,0.5914
DIAMONDS KING CLUBS QUEEN,0.3156,0.007,0.6774
HEARTS FIVE HEARTS JACK,0.022,0.9156,0.0624
HEARTS FIVE HEARTS TEN,0.659,0.0654,0.2756
HEARTS THREE CLUBS ACE,0.382,0.0036,0.6144
DIAMONDS KING CLUBS ACE,0.3184,0.0046,0.677
SPADES ACE CLUBS QUEEN,0.3064,0.0036,0.69
SPADES KING CLUBS QUEEN,0.3062,0.0074,0.6864
HEARTS THREE CLUBS JACK,0.3074,0.4732,0.2194
DIAMONDS KING CLUBS JACK,0.2254,0.0306,0.744
SPADES QUEEN CLUBS QUEEN,0.1416,0.0104,0.848
CLUBS TEN HEARTS THREE,0.6244,0.0172,0.3584
CLUBS TEN DIAMONDS KING,0.3282,0.0072,0.6646
CLUBS SIX CLUBS QUEEN,0.343,0.0092,0.6478
SPADES TEN CLUBS QUEEN,0.3304,0.0126,0.657
CLUBS SIX CLUBS KING,0.3522,0.0072,0.6406
CLUBS SIX CLUBS ACE,0.3374,0.0038,0.6588
HEARTS FIVE HEARTS KING,0.2216,0.0384,0.74
HEARTS FIVE HEARTS QUEEN,0.2212,0.0578,0.721
CLUBS TEN CLUBS SIX,0.5504,0.013,0.4366
HEARTS FIVE HEARTS ACE,0.2328,0.0308,0.7364
CLUBS SIX CLUBS JACK,0.2182,0.366,0.4158
SPADES SEVEN HEARTS JACK,0.2364,0.2944,0.4692
SPADES SEVEN HEARTS TEN,0.5656,0.0158,0.4186
DIAMONDS TWO CLUBS TWO,0.4178,0.0474,0.5348
DIAMONDS TWO CLUBS THREE,0.6488,0.0222,0.329
HEARTS SIX DIAMONDS TWO,0.6316,0.0196,0.3488
DIAMONDS TWO HEARTS QUEEN,0.395,0.0074,0.5976
DIAMONDS TWO HEARTS SEVEN,0.6428,0.0196,0.3376
DIAMONDS TWO HEARTS KING,0.4086,0.0072,0.5842
DIAMONDS TWO HEARTS EIGHT,0.6392,0.0156,0.3452
DIAMONDS TWO HEARTS ACE,0.3984,0.0054,0.5962
DIAMONDS TWO HEARTS NINE,0.6184,0.0202,0.3614
DIAMONDS TWO DIAMONDS QUEEN,0.3784,0.012,0.6096
DIAMONDS TWO HEARTS TWO,0.4232,0.0484,0.5284
DIAMONDS TWO DIAMONDS KING,0.3864,0.0056,0.608
HEARTS THREE DIAMONDS TWO,0.6218,0.0182,0.36
DIAMONDS TWO DIAMONDS ACE,0.365,0.0054,0.6296
HEARTS FOUR DIAMONDS TWO,0.629,0.0216,0.3494
DIAMONDS TWO HEARTS FIVE,0.6802,0.0676,0.2522
SPADES SEVEN HEARTS ACE,0.3552,0.0036,0.6412
DIAMONDS TWO DIAMONDS TEN,0.5652,0.0172,0.4176
SPADES SEVEN HEARTS KING,0.3646,0.0078,0.6276
DIAMONDS TWO DIAMONDS JACK,0.3072,0.4302,0.2626
SPADES SEVEN HEARTS QUEEN,0.3592,0.0102,0.6306
DIAMONDS TWO SPADES NINE,0.627,0.026,0.347
DIAMONDS TWO SPADES EIGHT,0.6404,0.0224,0.3372
DIAMONDS TWO SPADES SEVEN,0.6384,0.019,0.3426
DIAMONDS TWO SPADES SIX,0.636,0.0202,0.3438
DIAMONDS TWO SPADES FIVE,0.6814,0.0698,0.2488
DIAMONDS TWO SPADES FOUR,0.6332,0.021,0.3458
DIAMONDS TWO SPADES THREE,0.6286,0.023,0.3484
DIAMONDS TWO SPADES TWO,0.4166,0.0486,0.5348
CLUBS NINE DIAMONDS TWO,0.618,0.0212,0.3608
DIAMONDS TWO CLUBS EIGHT,0.6394,0.0238,0.3368
CLUBS SEVEN DIAMONDS TWO,0.6298,0.0196,0.3506
DIAMONDS TWO CLUBS SIX,0.6124,0.0208,0.3668
DIAMONDS TWO CLUBS FOUR,0.6412,0.0198,0.339
CLUBS FOUR SPADES FIVE,0.6652,0.0662,0.2686
CLUBS FOUR SPADES FOUR,0.4174,0.0502,0.5324
CLUBS FOUR SPADES THREE,0.6356,0.019,0.3454
CLUBS FOUR SPADES TWO,0.6392,0.0206,0.3402
SPADES NINE CLUBS FOUR,0.6272,0.0166,0.3562
CLUBS FOUR SPADES EIGHT,0.642,0.021,0.337
CLUBS FOUR SPADES SEVEN,0.6256,0.0178,0.3566
CLUBS FOUR SPADES SIX,0.6044,0.0202,0.3754
SPADES ACE DIAMONDS SIX,0.3608,0.004,0.6352
SPADES QUEEN DIAMONDS SIX,0.3598,0.0094,0.6308
SPADES KING DIAMONDS SIX,0.362,0.007,0.631
SPADES TEN DIAMONDS SIX,0.5828,0.0176,0.3996
SPADES QUEEN SPADES TWO,0.3802,0.0104,0.6094
SPADES KING SPADES TWO,0.376,0.0088,0.6152
SPADES ACE SPADES TWO,0.3702,0.0044,0.6254
DIAMONDS JACK CLUBS JACK,0.088,0.034,0.878
CLUBS TEN DIAMONDS JACK,0.2194,0.1232,0.6574
DIAMONDS JACK CLUBS KING,0.2248,0.0304,0.7448
DIAMONDS JACK CLUBS QUEEN,0.231,0.0426,0.7264
DIAMONDS THREE DIAMONDS JACK,0.3034,0.423,0.2736
DIAMONDS THREE DIAMONDS TEN,0.5828,0.0168,0.4004
DIAMONDS JACK CLUBS ACE,0.227,0.0198,0.7532
DIAMONDS THREE DIAMONDS KING,0.3754,0.0078,0.6168
HEARTS THREE DIAMONDS THREE,0.4054,0.042,0.5526
DIAMONDS THREE DIAMONDS QUEEN,0.3748,0.0108,0.6144
DIAMONDS THREE HEARTS TWO,0.635,0.0182,0.3468
HEARTS FIVE DIAMONDS THREE,0.6576,0.061,0.2814
DIAMONDS THREE DIAMONDS ACE,0.3514,0.0048,0.6438
HEARTS FOUR DIAMONDS THREE,0.6068,0.0206,0.3726
DIAMONDS THREE HEARTS SEVEN,0.6088,0.0196,0.3716
SPADES TEN SPADES NINE,0.5156,0.0156,0.4688
HEARTS SIX DIAMONDS THREE,0.6072,0.016,0.3768
DIAMONDS THREE HEARTS NINE,0.6368,0.0196,0.3436
HEARTS JACK DIAMONDS FOUR,0.3164,0.4656,0.218
HEARTS KING HEARTS ACE,0.3068,0.0038,0.6894
SPADES TEN SPADES TWO,0.6036,0.0186,0.3778
DIAMONDS THREE HEARTS EIGHT,0.6248,0.0188,0.3564
HEARTS TEN DIAMONDS FOUR,0.64,0.0136,0.3464
HEARTS QUEEN DIAMONDS FOUR,0.3818,0.0094,0.6088
HEARTS KING DIAMONDS FOUR,0.3918,0.006,0.6022
SPADES ACE SPADES NINE,0.3466,0.0044,0.649
HEARTS ACE DIAMONDS FOUR,0.376,0.0036,0.6204
SPADES KING SPADES NINE,0.3364,0.0082,0.6554
SPADES QUEEN SPADES NINE,0.3282,0.0098,0.662
DIAMONDS THREE SPADES NINE,0.6292,0.018,0.3528
DIAMONDS THREE SPADES EIGHT,0.6416,0.0194,0.339
DIAMONDS THREE SPADES SEVEN,0.6226,0.0204,0.357
DIAMONDS THREE SPADES SIX,0.6146,0.0212,0.3642
DIAMONDS THREE CLUBS SIX,0.5994,0.0166,0.384
CLUBS ACE DIAMONDS FOUR,0.3728,0.0056,0.6216
CLUBS SEVEN DIAMONDS THREE,0.6216,0.0204,0.358
DIAMONDS THREE CLUBS FOUR,0.6098,0.0216,0.3686
DIAMONDS FOUR CLUBS QUEEN,0.37,0.013,0.617
CLUBS KING DIAMONDS FOUR,0.3874,0.0066,0.606
DIAMONDS THREE CLUBS TWO,0.6464,0.0218,0.3318
CLUBS TEN DIAMONDS FOUR,0.6302,0.023,0.3468
DIAMONDS THREE CLUBS THREE,0.4084,0.0466,0.545
DIAMONDS FOUR CLUBS JACK,0.3116,0.4662,0.2222
DIAMONDS THREE SPADES FOUR,0.6232,0.0232,0.3536
DIAMONDS THREE SPADES FIVE,0.67,0.0628,0.2672
DIAMONDS THREE SPADES TWO,0.6428,0.016,0.3412
DIAMONDS THREE SPADES THREE,0.4108,0.0464,0.5428
CLUBS EIGHT DIAMONDS THREE,0.6368,0.0212,0.342
CLUBS NINE DIAMONDS THREE,0.6272,0.0182,0.3546
SPADES SEVEN CLUBS ACE,0.355,0.004,0.641
SPADES SEVEN CLUBS QUEEN,0.358,0.0088,0.6332
SPADES SEVEN CLUBS KING,0.373,0.0084,0.6186
CLUBS TEN SPADES SEVEN,0.5584,0.0156,0.426
SPADES SEVEN CLUBS JACK,0.2228,0.2992,0.478
CLUBS ACE CLUBS QUEEN,0.3064,0.0062,0.6874
CLUBS KING CLUBS QUEEN,0.3032,0.0076,0.6892
DIAMONDS TEN DIAMONDS FOUR,0.5792,0.0186,0.4022
CLUBS TEN DIAMONDS NINE,0.5372,0.017,0.4458
DIAMONDS JACK DIAMONDS FOUR,0.3016,0.4332,0.2652
DIAMONDS NINE CLUBS JACK,0.2276,0.1638,0.6086
SPADES NINE CLUBS JACK,0.211,0.1628,0.6262
CLUBS TEN SPADES NINE,0.533,0.0148,0.4522
DIAMONDS ACE DIAMONDS FOUR,0.3544,0.0042,0.6414
HEARTS FOUR DIAMONDS FOUR,0.4036,0.0482,0.5482
DIAMONDS JACK HEARTS TEN,0.2342,0.1218,0.644
SPADES NINE CLUBS KING,0.36,0.0074,0.6326
DIAMONDS TWO SPADES TEN,0.6302,0.021,0.3488
DIAMONDS NINE CLUBS ACE,0.3684,0.0042,0.6274
HEARTS FIVE DIAMONDS FOUR,0.6408,0.0682,0.291
HEARTS JACK DIAMONDS JACK,0.0898,0.038,0.8722
SPADES NINE CLUBS QUEEN,0.3404,0.0102,0.6494
DIAMONDS QUEEN DIAMONDS FOUR,0.3626,0.0128,0.6246
HEARTS TWO DIAMONDS FOUR,0.6298,0.0218,0.3484
DIAMONDS NINE CLUBS QUEEN,0.3422,0.0082,0.6496
DIAMONDS KING DIAMONDS FOUR,0.37,0.0068,0.6232
HEARTS THREE DIAMONDS FOUR,0.6278,0.0214,0.3508
SPADES NINE CLUBS ACE,0.3588,0.004,0.6372
DIAMONDS NINE CLUBS KING,0.3532,0.0078,0.639
HEARTS ACE DIAMONDS JACK,0.233,0.0198,0.7472
SPADES ACE DIAMONDS TWO,0.385,0.0054,0.6096
DIAMONDS JACK HEARTS QUEEN,0.2356,0.0418,0.7226
SPADES QUEEN DIAMONDS TWO,0.392,0.0124,0.5956
HEARTS KING DIAMONDS JACK,0.2282,0.0346,0.7372
SPADES KING DIAMONDS TWO,0.4042,0.008,0.5878
SPADES TEN SPADES SEVEN,0.546,0.0224,0.4316
CLUBS SEVEN CLUBS THREE,0.5874,0.0182,0.3944
CLUBS SIX CLUBS THREE,0.5818,0.0196,0.3986
CLUBS FOUR CLUBS THREE,0.6028,0.0152,0.382
CLUBS NINE CLUBS THREE,0.6104,0.0172,0.3724
CLUBS EIGHT CLUBS THREE,0.6034,0.018,0.3786
CLUBS THREE SPADES FIVE,0.679,0.0666,0.2544
CLUBS THREE SPADES FOUR,0.6208,0.0182,0.361
CLUBS THREE SPADES THREE,0.4186,0.0486,0.5328
CLUBS THREE SPADES TWO,0.6402,0.0208,0.339
SPADES SIX CLUBS THREE,0.6266,0.0202,0.3532
SPADES SEVEN CLUBS THREE,0.6236,0.0198,0.3566
SPADES EIGHT CLUBS THREE,0.6442,0.0218,0.334
SPADES NINE CLUBS THREE,0.6342,0.0206,0.3452
SPADES TWO DIAMONDS FOUR,0.6436,0.0196,0.3368
SPADES THREE DIAMONDS FOUR,0.619,0.0178,0.3632
SPADES FOUR DIAMONDS FOUR,0.4128,0.0472,0.54
SPADES FIVE DIAMONDS FOUR,0.646,0.0644,0.2896
SPADES SIX DIAMONDS FOUR,0.5926,0.024,0.3834
SPADES SEVEN DIAMONDS FOUR,0.6182,0.0184,0.3634
SPADES EIGHT DIAMONDS FOUR,0.625,0.0158,0.3592
SPADES NINE DIAMONDS FOUR,0.6442,0.0186,0.3372
CLUBS FOUR DIAMONDS FOUR,0.4058,0.0446,0.5496
CLUBS SEVEN DIAMONDS FOUR,0.6076,0.0182,0.3742
CLUBS SIX DIAMONDS FOUR,0.5934,0.0186,0.388
CLUBS NINE DIAMONDS FOUR,0.6144,0.0208,0.3648
CLUBS EIGHT DIAMONDS FOUR,0.6084,0.022,0.3696
DIAMONDS FOUR HEARTS SEVEN,0.6116,0.0154,0.373
HEARTS SIX DIAMONDS FOUR,0.596,0.0166,0.3874
HEARTS NINE DIAMONDS FOUR,0.6302,0.0166,0.3532
DIAMONDS FOUR HEARTS EIGHT,0.6082,0.0178,0.374
CLUBS THREE DIAMONDS FOUR,0.6298,0.022,0.3482
CLUBS TWO DIAMONDS FOUR,0.6464,0.019,0.3346
DIAMONDS TEN DIAMONDS FIVE,0.6468,0.0682,0.285
DIAMONDS JACK DIAMONDS FIVE,0.02,0.9106,0.0694
DIAMONDS NINE HEARTS QUEEN,0.3364,0.01,0.6536
HEARTS KING DIAMONDS NINE,0.3656,0.0048,0.6296
DIAMONDS NINE HEARTS ACE,0.3568,0.0034,0.6398
DIAMONDS NINE HEARTS TEN,0.5218,0.0158,0.4624
DIAMONDS NINE HEARTS JACK,0.2366,0.167,0.5964
CLUBS KING DIAMONDS SIX,0.3514,0.0056,0.643
CLUBS QUEEN DIAMONDS SIX,0.3634,0.0108,0.6258
CLUBS ACE DIAMONDS SIX,0.3576,0.0046,0.6378
SPADES KING DIAMONDS FOUR,0.3802,0.0086,0.6112
SPADES ACE SPADES SEVEN,0.357,0.005,0.638
SPADES QUEEN DIAMONDS FOUR,0.3916,0.0146,0.5938
SPADES QUEEN SPADES SEVEN,0.3516,0.011,0.6374
CLUBS JACK DIAMONDS SIX,0.2184,0.3884,0.3932
SPADES KING SPADES SEVEN,0.3402,0.0068,0.653
SPADES ACE DIAMONDS FOUR,0.383,0.004,0.613
CLUBS TEN DIAMONDS SIX,0.5922,0.0166,0.3912
CLUBS NINE CLUBS FOUR,0.586,0.0194,0.3946
CLUBS EIGHT CLUBS FOUR,0.5922,0.0188,0.389
SPADES TEN DIAMONDS FOUR,0.6306,0.018,0.3514
CLUBS SEVEN CLUBS FOUR,0.5754,0.0194,0.4052
CLUBS FOUR CLUBS SIX,0.5606,0.0206,0.4188
CLUBS SEVEN SPADES EIGHT,0.5488,0.0184,0.4328
CLUBS SEVEN SPADES NINE,0.5646,0.0186,0.4168
CLUBS SEVEN SPADES SIX,0.5648,0.0208,0.4144
CLUBS SEVEN SPADES SEVEN,0.3046,0.0398,0.6556
CLUBS SEVEN SPADES FIVE,0.666,0.0572,0.2768
CLUBS SEVEN SPADES FOUR,0.6086,0.025,0.3664
CLUBS SEVEN SPADES THREE,0.6184,0.0222,0.3594
CLUBS SEVEN SPADES TWO,0.6368,0.018,0.3452
CLUBS NINE CLUBS SEVEN,0.5322,0.0194,0.4484
CLUBS SEVEN CLUBS EIGHT,0.525,0.0198,0.4552
HEARTS SIX DIAMONDS FIVE,0.6442,0.0628,0.293
DIAMONDS FIVE HEARTS SEVEN,0.655,0.0646,0.2804
DIAMONDS FIVE HEARTS EIGHT,0.6828,0.0554,0.2618
HEARTS NINE DIAMONDS FIVE,0.6806,0.0648,0.2546
DIAMONDS QUEEN DIAMONDS FIVE,0.224,0.0446,0.7314
HEARTS TWO DIAMONDS FIVE,0.6748,0.0636,0.2616
HEARTS KING HEARTS EIGHT,0.3522,0.008,0.6398
DIAMONDS KING DIAMONDS FIVE,0.219,0.0382,0.7428
HEARTS THREE DIAMONDS FIVE,0.6622,0.0654,0.2724
HEARTS QUEEN HEARTS EIGHT,0.334,0.0104,0.6556
DIAMONDS ACE DIAMONDS FIVE,0.222,0.0306,0.7474
HEARTS FOUR DIAMONDS FIVE,0.6338,0.0692,0.297
HEARTS FIVE DIAMONDS FIVE,0.2946,0.0468,0.6586
HEARTS ACE HEARTS EIGHT,0.3424,0.003,0.6546
CLUBS FOUR DIAMONDS FIVE,0.6594,0.0578,0.2828
CLUBS SIX DIAMONDS FIVE,0.6402,0.062,0.2978
CLUBS SEVEN DIAMONDS FIVE,0.6702,0.0592,0.2706
CLUBS TWO DIAMONDS FIVE,0.6914,0.0646,0.244
CLUBS THREE DIAMONDS FIVE,0.6636,0.0686,0.2678
SPADES THREE DIAMONDS FIVE,0.6592,0.0644,0.2764
SPADES TWO DIAMONDS FIVE,0.6666,0.069,0.2644
SPADES FIVE DIAMONDS FIVE,0.2932,0.0478,0.659
CLUBS TEN HEARTS JACK,0.2118,0.1224,0.6658
SPADES TEN DIAMONDS EIGHT,0.548,0.017,0.435
SPADES FOUR DIAMONDS FIVE,0.6518,0.062,0.2862
HEARTS JACK CLUBS JACK,0.0786,0.0376,0.8838
HEARTS JACK CLUBS QUEEN,0.2356,0.037,0.7274
CLUBS NINE DIAMONDS FIVE,0.6776,0.0644,0.258
HEARTS JACK CLUBS KING,0.2218,0.0314,0.7468
CLUBS EIGHT DIAMONDS FIVE,0.6716,0.0604,0.268
HEARTS JACK CLUBS ACE,0.238,0.023,0.739
SPADES SEVEN DIAMONDS FIVE,0.6674,0.0578,0.2748
SPADES KING DIAMONDS EIGHT,0.3586,0.0068,0.6346
SPADES SIX DIAMONDS FIVE,0.6648,0.0568,0.2784
SPADES QUEEN DIAMONDS EIGHT,0.3568,0.0118,0.6314
SPADES NINE DIAMONDS FIVE,0.6948,0.0576,0.2476
SPADES EIGHT DIAMONDS FIVE,0.68,0.0556,0.2644
SPADES ACE DIAMONDS EIGHT,0.3618,0.0022,0.636
DIAMONDS TEN DIAMONDS SIX,0.5448,0.0196,0.4356
HEARTS ACE DIAMONDS SEVEN,0.3598,0.0046,0.6356
DIAMONDS JACK DIAMONDS SIX,0.2052,0.3614,0.4334
HEARTS QUEEN DIAMONDS SEVEN,0.362,0.01,0.628
HEARTS KING DIAMONDS SEVEN,0.3716,0.007,0.6214
DIAMONDS ACE DIAMONDS SIX,0.3352,0.0034,0.6614
HEARTS FOUR DIAMONDS SIX,0.6006,0.0206,0.3788
HEARTS JACK SPADES TWO,0.3282,0.4598,0.212
HEARTS FIVE DIAMONDS SIX,0.6494,0.0558,0.2948
SPADES TWO HEARTS TEN,0.6268,0.02,0.3532
DIAMONDS QUEEN DIAMONDS SIX,0.349,0.0112,0.6398
HEARTS TWO DIAMONDS SIX,0.6206,0.0162,0.3632
DIAMONDS KING DIAMONDS SIX,0.3356,0.0064,0.658
HEARTS THREE DIAMONDS SIX,0.6154,0.0158,0.3688
HEARTS EIGHT DIAMONDS SIX,0.5578,0.0144,0.4278
HEARTS NINE DIAMONDS SIX,0.584,0.017,0.399
HEARTS SIX DIAMONDS SIX,0.3086,0.0418,0.6496
HEARTS SEVEN DIAMONDS SIX,0.5568,0.0174,0.4258
HEARTS TEN DIAMONDS SEVEN,0.562,0.0192,0.4188
CLUBS TWO DIAMONDS SIX,0.6266,0.0174,0.356
HEARTS JACK DIAMONDS SEVEN,0.2344,0.2912,0.4744
CLUBS THREE DIAMONDS SIX,0.6214,0.0162,0.3624
CLUBS SEVEN DIAMONDS SIX,0.5566,0.0196,0.4238
DIAMONDS EIGHT CLUBS JACK,0.226,0.22,0.554
CLUBS SIX DIAMONDS SIX,0.3064,0.0432,0.6504
CLUBS TEN DIAMONDS EIGHT,0.5462,0.0156,0.4382
CLUBS FOUR DIAMONDS SIX,0.6044,0.0236,0.372
HEARTS ACE HEARTS JACK,0.2198,0.0204,0.7598
DIAMONDS EIGHT CLUBS ACE,0.3576,0.0036,0.6388
HEARTS JACK HEARTS QUEEN,0.2126,0.0404,0.747
DIAMONDS EIGHT CLUBS KING,0.367,0.0098,0.6232
CLUBS NINE DIAMONDS SIX,0.578,0.0152,0.4068
HEARTS KING HEARTS JACK,0.2252,0.0326,0.7422
DIAMONDS EIGHT CLUBS QUEEN,0.3486,0.0094,0.642
CLUBS EIGHT DIAMONDS SIX,0.5686,0.0188,0.4126
SPADES TEN HEARTS KING,0.3476,0.0068,0.6456
SPADES FIVE DIAMONDS SIX,0.6558,0.0632,0.281
HEARTS ACE SPADES TWO,0.391,0.0046,0.6044
SPADES FOUR DIAMONDS SIX,0.6036,0.017,0.3794
SPADES THREE DIAMONDS SIX,0.616,0.02,0.364
SPADES TWO HEARTS QUEEN,0.4082,0.014,0.5778
SPADES ACE SPADES KING,0.3092,0.003,0.6878
HEARTS KING SPADES TWO,0.4084,0.0074,0.5842
SPADES TWO DIAMONDS SIX,0.6308,0.0204,0.3488
HEARTS TEN HEARTS EIGHT,0.5106,0.018,0.4714
SPADES NINE DIAMONDS SIX,0.5752,0.016,0.4088
HEARTS JACK HEARTS EIGHT,0.2156,0.2102,0.5742
SPADES EIGHT DIAMONDS SIX,0.5722,0.0176,0.4102
SPADES SEVEN DIAMONDS SIX,0.5672,0.0206,0.4122
SPADES SIX DIAMONDS SIX,0.3164,0.0444,0.6392
SPADES KING HEARTS KING,0.1366,0.007,0.8564
SPADES QUEEN HEARTS KING,0.3156,0.0068,0.6776
CLUBS ACE CLUBS KING,0.3154,0.0054,0.6792
SPADES ACE HEARTS KING,0.311,0.0058,0.6832
SPADES ACE HEARTS JACK,0.2248,0.0188,0.7564
SPADES QUEEN HEARTS JACK,0.2332,0.0408,0.726
SPADES KING HEARTS JACK,0.2318,0.0338,0.7344
SPADES TEN DIAMONDS TEN,0.2762,0.0228,0.701
SPADES ACE DIAMONDS TEN,0.342,0.0062,0.6518
SPADES TEN HEARTS JACK,0.2356,0.126,0.6384
SPADES QUEEN DIAMONDS TEN,0.3322,0.0106,0.6572
SPADES KING DIAMONDS TEN,0.344,0.0078,0.6482
SPADES NINE DIAMONDS SEVEN,0.5682,0.0172,0.4146
SPADES EIGHT DIAMONDS SEVEN,0.548,0.0174,0.4346
SPADES SEVEN DIAMONDS SEVEN,0.3146,0.0332,0.6522
SPADES SIX DIAMONDS SEVEN,0.5588,0.0182,0.423
DIAMONDS KING DIAMONDS SEVEN,0.347,0.0052,0.6478
HEARTS THREE DIAMONDS SEVEN,0.6198,0.0212,0.359
HEARTS KING DIAMONDS FIVE,0.2436,0.0392,0.7172
DIAMONDS QUEEN DIAMONDS SEVEN,0.3406,0.0132,0.6462
HEARTS TWO DIAMONDS SEVEN,0.645,0.017,0.338
HEARTS QUEEN DIAMONDS FIVE,0.2348,0.0548,0.7104
HEARTS FIVE DIAMONDS SEVEN,0.6496,0.0614,0.289
DIAMONDS ACE DIAMONDS SEVEN,0.3454,0.0034,0.6512
HEARTS FOUR DIAMONDS SEVEN,0.6072,0.0188,0.374
HEARTS ACE DIAMONDS FIVE,0.2334,0.0298,0.7368
HEARTS SEVEN DIAMONDS SEVEN,0.3166,0.0378,0.6456
HEARTS SIX DIAMONDS SEVEN,0.5538,0.0158,0.4304
HEARTS NINE DIAMONDS SEVEN,0.5612,0.0174,0.4214
DIAMONDS SEVEN HEARTS EIGHT,0.556,0.0138,0.4302
DIAMONDS JACK DIAMONDS SEVEN,0.2196,0.2876,0.4928
HEARTS JACK DIAMONDS FIVE,0.023,0.9558,0.0212
DIAMONDS TEN DIAMONDS SEVEN,0.516,0.0154,0.4686
DIAMONDS FIVE HEARTS TEN,0.7078,0.062,0.2302
SPADES KING CLUBS TWO,0.3956,0.008,0.5964
HEARTS KING CLUBS KING,0.1368,0.0056,0.8576
CLUBS EIGHT DIAMONDS SEVEN,0.5504,0.016,0.4336
SPADES QUEEN CLUBS TWO,0.3868,0.0106,0.6026
HEARTS KING CLUBS QUEEN,0.314,0.0074,0.6786
CLUBS NINE DIAMONDS SEVEN,0.556,0.0184,0.4256
SPADES TWO CLUBS JACK,0.3138,0.4702,0.216
SPADES ACE CLUBS TWO,0.3824,0.0054,0.6122
CLUBS TEN SPADES TWO,0.6368,0.0168,0.3464
HEARTS KING CLUBS ACE,0.3256,0.0048,0.6696
CLUBS SEVEN CLUBS SIX,0.5312,0.0188,0.45
SPADES TWO CLUBS KING,0.4042,0.0096,0.5862
SPADES TWO DIAMONDS SEVEN,0.6352,0.0244,0.3404
CLUBS EIGHT CLUBS SIX,0.5306,0.0174,0.452
SPADES THREE DIAMONDS SEVEN,0.6168,0.0188,0.3644
SPADES TWO CLUBS QUEEN,0.407,0.0136,0.5794
CLUBS NINE CLUBS SIX,0.5358,0.0184,0.4458
SPADES FOUR DIAMONDS SEVEN,0.6142,0.0182,0.3676
HEARTS KING CLUBS JACK,0.2238,0.0296,0.7466
SPADES FIVE DIAMONDS SEVEN,0.6664,0.0584,0.2752
SPADES TWO CLUBS ACE,0.3728,0.0052,0.622
CLUBS TEN HEARTS KING,0.3436,0.0094,0.647
CLUBS SIX SPADES TWO,0.6194,0.022,0.3586
CLUBS SIX SPADES THREE,0.6196,0.0204,0.36
CLUBS TWO DIAMONDS SEVEN,0.6338,0.0162,0.35
CLUBS SIX SPADES FOUR,0.6138,0.0172,0.369
CLUBS THREE DIAMONDS SEVEN,0.6354,0.0224,0.3422
CLUBS SIX SPADES FIVE,0.655,0.0646,0.2804
CLUBS FOUR DIAMONDS SEVEN,0.6116,0.019,0.3694
CLUBS SIX SPADES SIX,0.323,0.0416,0.6354
CLUBS SIX SPADES SEVEN,0.5696,0.0198,0.4106
CLUBS SIX DIAMONDS SEVEN,0.559,0.0204,0.4206
SPADES EIGHT CLUBS SIX,0.5706,0.0178,0.4116
CLUBS SEVEN DIAMONDS SEVEN,0.3016,0.0386,0.6598
SPADES NINE CLUBS SIX,0.5754,0.0184,0.4062
SPADES TEN CLUBS TWO,0.6342,0.0162,0.3496
CLUBS TWO CLUBS QUEEN,0.3784,0.0138,0.6078
CLUBS TWO CLUBS KING,0.373,0.008,0.619
CLUBS THREE DIAMONDS EIGHT,0.6406,0.0186,0.3408
CLUBS TWO CLUBS ACE,0.3664,0.0048,0.6288
CLUBS TWO DIAMONDS EIGHT,0.6316,0.019,0.3494
DIAMONDS EIGHT HEARTS SEVEN,0.5624,0.0116,0.426
HEARTS SIX DIAMONDS EIGHT,0.562,0.0172,0.4208
DIAMONDS EIGHT HEARTS NINE,0.5482,0.0216,0.4302
CLUBS TEN CLUBS TWO,0.5854,0.0168,0.3978
DIAMONDS EIGHT HEARTS EIGHT,0.3044,0.0336,0.662
CLUBS TWO CLUBS JACK,0.3114,0.4396,0.249
CLUBS NINE DIAMONDS EIGHT,0.5418,0.019,0.4392
CLUBS EIGHT DIAMONDS EIGHT,0.2932,0.0318,0.675
SPADES ACE SPADES THREE,0.3502,0.0062,0.6436
CLUBS FOUR DIAMONDS EIGHT,0.622,0.0208,0.3572
CLUBS SEVEN DIAMONDS EIGHT,0.549,0.0126,0.4384
SPADES QUEEN SPADES THREE,0.3914,0.013,0.5956
CLUBS SIX DIAMONDS EIGHT,0.5558,0.02,0.4242
SPADES KING SPADES THREE,0.3724,0.007,0.6206
DIAMONDS QUEEN DIAMONDS EIGHT,0.321,0.0086,0.6704
HEARTS TWO DIAMONDS EIGHT,0.6314,0.017,0.3516
DIAMONDS KING DIAMONDS EIGHT,0.34,0.006,0.654
HEARTS THREE DIAMONDS EIGHT,0.6214,0.0186,0.36
DIAMONDS ACE DIAMONDS EIGHT,0.3418,0.004,0.6542
HEARTS FOUR DIAMONDS EIGHT,0.626,0.0192,0.3548
HEARTS FIVE DIAMONDS EIGHT,0.6646,0.0622,0.2732
DIAMONDS EIGHT DIAMONDS TEN,0.516,0.0158,0.4682
DIAMONDS EIGHT DIAMONDS JACK,0.2114,0.2118,0.5768
SPADES TEN SPADES THREE,0.5984,0.0194,0.3822
CLUBS FOUR HEARTS ACE,0.3872,0.0072,0.6056
CLUBS FOUR HEARTS QUEEN,0.3916,0.0128,0.5956
CLUBS FOUR HEARTS KING,0.3964,0.0078,0.5958
CLUBS SIX HEARTS TEN,0.5872,0.0166,0.3962
CLUBS SIX HEARTS JACK,0.2232,0.3784,0.3984
SPADES FOUR DIAMONDS EIGHT,0.621,0.0178,0.3612
SPADES FIVE DIAMONDS EIGHT,0.6674,0.0624,0.2702
DIAMONDS EIGHT SPADES TWO,0.63,0.0234,0.3466
DIAMONDS EIGHT SPADES THREE,0.632,0.0182,0.3498
CLUBS FOUR HEARTS JACK,0.3274,0.4588,0.2138
SPADES EIGHT DIAMONDS EIGHT,0.2952,0.0308,0.674
SPADES TEN HEARTS TWO,0.6192,0.0206,0.3602
SPADES TEN DIAMONDS QUEEN,0.3344,0.0094,0.6562
CLUBS FOUR HEARTS TEN,0.6384,0.0194,0.3422
SPADES NINE DIAMONDS EIGHT,0.5492,0.0164,0.4344
SPADES TEN HEARTS EIGHT,0.5628,0.0176,0.4196
SPADES SIX DIAMONDS EIGHT,0.5728,0.0174,0.4098
SPADES SEVEN DIAMONDS EIGHT,0.565,0.0166,0.4184
SPADES ACE HEARTS TWO,0.3812,0.0052,0.6136
SPADES ACE DIAMONDS QUEEN,0.3222,0.0034,0.6744
SPADES ACE HEARTS EIGHT,0.3534,0.0042,0.6424
SPADES KING HEARTS EIGHT,0.3642,0.007,0.6288
SPADES QUEEN HEARTS TWO,0.3938,0.0124,0.5938
SPADES QUEEN DIAMONDS QUEEN,0.1526,0.011,0.8364
SPADES KING DIAMONDS QUEEN,0.31,0.007,0.683
SPADES KING HEARTS TWO,0.3916,0.0072,0.6012
SPADES QUEEN HEARTS EIGHT,0.351,0.0114,0.6376
CLUBS TWO HEARTS TEN,0.6344,0.0166,0.349
CLUBS TWO HEARTS JACK,0.3254,0.4578,0.2168
SPADES SEVEN DIAMONDS NINE,0.557,0.0156,0.4274
SPADES SIX DIAMONDS NINE,0.5754,0.0182,0.4064
SPADES NINE DIAMONDS NINE,0.2942,0.0288,0.677
SPADES EIGHT DIAMONDS NINE,0.5432,0.0196,0.4372
SPADES TEN CLUBS KING,0.3428,0.0076,0.6496
DIAMONDS NINE SPADES THREE,0.6288,0.0176,0.3536
DIAMONDS NINE SPADES TWO,0.6286,0.0196,0.3518
SPADES FIVE DIAMONDS NINE,0.6884,0.068,0.2436
DIAMONDS NINE SPADES FOUR,0.6368,0.018,0.3452
CLUBS NINE DIAMONDS NINE,0.2762,0.028,0.6958
CLUBS EIGHT DIAMONDS NINE,0.527,0.0178,0.4552
CLUBS SIX DIAMONDS NINE,0.5834,0.0194,0.3972
CLUBS SEVEN DIAMONDS NINE,0.5614,0.0166,0.422
SPADES TEN CLUBS FOUR,0.6362,0.018,0.3458
CLUBS FOUR DIAMONDS NINE,0.6278,0.0176,0.3546
CLUBS TWO DIAMONDS NINE,0.6316,0.0222,0.3462
CLUBS THREE DIAMONDS NINE,0.6276,0.0206,0.3518
DIAMONDS NINE HEARTS EIGHT,0.5402,0.0162,0.4436
DIAMONDS NINE HEARTS NINE,0.303,0.0288,0.6682
HEARTS SIX DIAMONDS NINE,0.5734,0.0146,0.412
DIAMONDS NINE HEARTS SEVEN,0.5588,0.017,0.4242
CLUBS NINE CLUBS EIGHT,0.5096,0.0168,0.4736
DIAMONDS ACE DIAMONDS NINE,0.3344,0.0036,0.662
HEARTS FOUR DIAMONDS NINE,0.635,0.0186,0.3464
HEARTS FIVE DIAMONDS NINE,0.6928,0.0584,0.2488
CLUBS TWO HEARTS ACE,0.396,0.0042,0.5998
SPADES ACE CLUBS FOUR,0.382,0.006,0.612
DIAMONDS QUEEN DIAMONDS NINE,0.329,0.0096,0.6614
HEARTS TWO DIAMONDS NINE,0.614,0.0186,0.3674
CLUBS TWO HEARTS KING,0.4054,0.0092,0.5854
SPADES KING CLUBS FOUR,0.4092,0.0068,0.584
DIAMONDS KING DIAMONDS NINE,0.3302,0.006,0.6638
HEARTS THREE DIAMONDS NINE,0.6294,0.0202,0.3504
CLUBS TWO HEARTS QUEEN,0.3978,0.0148,0.5874
SPADES QUEEN CLUBS FOUR,0.3966,0.0144,0.589
DIAMONDS NINE DIAMONDS JACK,0.2054,0.1718,0.6228
CLUBS EIGHT SPADES NINE,0.5438,0.018,0.4382
DIAMONDS NINE DIAMONDS TEN,0.4962,0.0162,0.4876
CLUBS EIGHT SPADES EIGHT,0.295,0.034,0.671
CLUBS EIGHT SPADES SEVEN,0.5456,0.0176,0.4368
CLUBS EIGHT SPADES SIX,0.5648,0.0212,0.414
CLUBS EIGHT SPADES FIVE,0.6746,0.0638,0.2616
CLUBS EIGHT SPADES FOUR,0.6122,0.0198,0.368
CLUBS EIGHT SPADES THREE,0.6332,0.0194,0.3474
CLUBS EIGHT SPADES TWO,0.6254,0.019,0.3556
HEARTS SIX DIAMONDS TEN,0.579,0.0162,0.4048
DIAMONDS TEN HEARTS SEVEN,0.5548,0.0146,0.4306
DIAMONDS TEN HEARTS EIGHT,0.5438,0.0196,0.4366
CLUBS FOUR CLUBS JACK,0.3046,0.4392,0.2562
DIAMONDS TEN HEARTS NINE,0.5392,0.0168,0.444
CLUBS TEN CLUBS FOUR,0.5832,0.0196,0.3972
CLUBS FOUR CLUBS KING,0.3692,0.009,0.6218
CLUBS FOUR CLUBS QUEEN,0.3638,0.0124,0.6238
CLUBS TWO DIAMONDS TEN,0.6278,0.0174,0.3548
CLUBS THREE DIAMONDS TEN,0.6236,0.016,0.3604
CLUBS FOUR CLUBS ACE,0.3558,0.0054,0.6388
DIAMONDS JACK DIAMONDS TEN,0.2186,0.1192,0.6622
DIAMONDS QUEEN DIAMONDS TEN,0.3126,0.0106,0.6768
HEARTS TWO DIAMONDS TEN,0.6296,0.0164,0.354
DIAMONDS KING DIAMONDS TEN,0.3266,0.006,0.6674
HEARTS THREE DIAMONDS TEN,0.6288,0.0184,0.3528
DIAMONDS ACE DIAMONDS TEN,0.3278,0.0046,0.6676
HEARTS FOUR DIAMONDS TEN,0.6278,0.0178,0.3544
CLUBS EIGHT HEARTS JACK,0.2206,0.2308,0.5486
HEARTS FIVE DIAMONDS TEN,0.7058,0.0624,0.2318
CLUBS EIGHT HEARTS TEN,0.5468,0.0196,0.4336
CLUBS EIGHT HEARTS QUEEN,0.3422,0.011,0.6468
CLUBS EIGHT HEARTS KING,0.3502,0.0064,0.6434
CLUBS EIGHT HEARTS ACE,0.353,0.0044,0.6426
CLUBS NINE SPADES THREE,0.617,0.0214,0.3616
CLUBS NINE SPADES TWO,0.6264,0.018,0.3556
CLUBS NINE SPADES FIVE,0.691,0.0668,0.2422
CLUBS NINE SPADES FOUR,0.6304,0.0182,0.3514
CLUBS NINE SPADES SEVEN,0.5556,0.0202,0.4242
CLUBS NINE SPADES SIX,0.5758,0.0162,0.408
CLUBS NINE SPADES NINE,0.2886,0.032,0.6794
CLUBS TEN HEARTS EIGHT,0.5508,0.0126,0.4366
CLUBS NINE SPADES EIGHT,0.5426,0.0142,0.4432
CLUBS JACK HEARTS EIGHT,0.226,0.22,0.554
CLUBS QUEEN HEARTS EIGHT,0.3596,0.0082,0.6322
CLUBS KING HEARTS EIGHT,0.359,0.0052,0.6358
CLUBS ACE HEARTS EIGHT,0.364,0.0026,0.6334
SPADES KING CLUBS KING,0.1282,0.0074,0.8644
SPADES QUEEN CLUBS KING,0.3134,0.0086,0.678
SPADES ACE CLUBS KING,0.316,0.0046,0.6794
DIAMONDS ACE HEARTS TEN,0.3484,0.0026,0.649
HEARTS FOUR HEARTS TEN,0.581,0.016,0.403
DIAMONDS ACE HEARTS JACK,0.2332,0.0208,0.746
HEARTS FOUR HEARTS JACK,0.3008,0.431,0.2682
DIAMONDS JACK HEARTS SEVEN,0.2306,0.2976,0.4718
HEARTS SIX DIAMONDS JACK,0.2298,0.3844,0.3858
DIAMONDS JACK HEARTS NINE,0.2398,0.157,0.6032
DIAMONDS JACK HEARTS EIGHT,0.2412,0.2188,0.54
DIAMONDS KING DIAMONDS JACK,0.219,0.0284,0.7526
HEARTS THREE DIAMONDS JACK,0.328,0.4664,0.2056
SPADES ACE SPADES SIX,0.3584,0.0052,0.6364
SPADES FOUR HEARTS ACE,0.3898,0.0064,0.6038
DIAMONDS QUEEN DIAMONDS JACK,0.2322,0.04,0.7278
HEARTS TWO DIAMONDS JACK,0.3256,0.4548,0.2196
HEARTS FIVE DIAMONDS JACK,0.0214,0.9554,0.0232
SPADES QUEEN SPADES SIX,0.3432,0.0108,0.646
SPADES FOUR HEARTS QUEEN,0.395,0.0118,0.5932
DIAMONDS ACE DIAMONDS JACK,0.2126,0.0194,0.768
HEARTS FOUR DIAMONDS JACK,0.3242,0.4518,0.224
SPADES KING SPADES SIX,0.3492,0.0074,0.6434
HEARTS KING SPADES FOUR,0.401,0.008,0.591
SPADES TEN SPADES SIX,0.5618,0.0186,0.4196
SPADES FOUR DIAMONDS JACK,0.3176,0.4724,0.21
SPADES FIVE DIAMONDS JACK,0.0184,0.9714,0.0102
DIAMONDS JACK SPADES TWO,0.3156,0.465,0.2194
SPADES THREE DIAMONDS JACK,0.3276,0.456,0.2164
SPADES ACE DIAMONDS THREE,0.3752,0.0058,0.619
SPADES QUEEN DIAMONDS THREE,0.382,0.0118,0.6062
CLUBS EIGHT DIAMONDS JACK,0.2252,0.2206,0.5542
SPADES KING DIAMONDS THREE,0.3804,0.0084,0.6112
CLUBS NINE DIAMONDS JACK,0.2228,0.1684,0.6088
CLUBS SIX DIAMONDS JACK,0.217,0.3982,0.3848
CLUBS SEVEN DIAMONDS JACK,0.228,0.3044,0.4676
CLUBS FOUR DIAMONDS JACK,0.3084,0.469,0.2226
CLUBS TWO DIAMONDS JACK,0.3302,0.459,0.2108
CLUBS THREE DIAMONDS JACK,0.3114,0.4682,0.2204
HEARTS SIX SPADES TEN,0.5818,0.018,0.4002
CLUBS SEVEN CLUBS ACE,0.3412,0.0048,0.654
SPADES TEN DIAMONDS THREE,0.6442,0.0198,0.336
CLUBS SEVEN CLUBS QUEEN,0.3404,0.0108,0.6488
CLUBS SEVEN CLUBS KING,0.3478,0.0076,0.6446
SPADES NINE DIAMONDS JACK,0.244,0.1648,0.5912
CLUBS TEN CLUBS SEVEN,0.53,0.0186,0.4514
DIAMONDS ACE HEARTS ACE,0.1362,0.0032,0.8606
HEARTS FOUR HEARTS ACE,0.3584,0.0056,0.636
SPADES EIGHT DIAMONDS JACK,0.2234,0.2352,0.5414
SPADES ACE HEARTS SIX,0.36,0.0038,0.6362
CLUBS SEVEN CLUBS JACK,0.2114,0.2784,0.5102
DIAMONDS ACE HEARTS KING,0.3308,0.0048,0.6644
HEARTS FOUR HEARTS KING,0.364,0.0068,0.6292
SPADES SEVEN DIAMONDS JACK,0.2322,0.3006,0.4672
SPADES KING HEARTS SIX,0.3588,0.0084,0.6328
DIAMONDS ACE HEARTS QUEEN,0.3448,0.0046,0.6506
HEARTS FOUR HEARTS QUEEN,0.369,0.011,0.62
SPADES SIX DIAMONDS JACK,0.2272,0.379,0.3938
SPADES QUEEN HEARTS SIX,0.3692,0.0122,0.6186
SPADES TWO DIAMONDS TEN,0.6318,0.021,0.3472
SPADES THREE DIAMONDS TEN,0.6254,0.018,0.3566
SPADES FOUR DIAMONDS TEN,0.6246,0.0182,0.3572
SPADES FIVE DIAMONDS TEN,0.715,0.0564,0.2286
SPADES SIX DIAMONDS TEN,0.5958,0.0152,0.389
SPADES SEVEN DIAMONDS TEN,0.5796,0.0196,0.4008
SPADES EIGHT DIAMONDS TEN,0.5512,0.0198,0.429
SPADES NINE DIAMONDS TEN,0.5434,0.0134,0.4432
CLUBS FOUR DIAMONDS TEN,0.632,0.0204,0.3476
CLUBS SIX DIAMONDS TEN,0.5774,0.0184,0.4042
CLUBS SEVEN DIAMONDS TEN,0.5602,0.0172,0.4226
CLUBS EIGHT DIAMONDS TEN,0.5538,0.018,0.4282
CLUBS NINE DIAMONDS TEN,0.5322,0.0146,0.4532
DIAMONDS THREE CLUBS JACK,0.3002,0.4652,0.2346
CLUBS TEN DIAMONDS THREE,0.628,0.0176,0.3544
DIAMONDS THREE CLUBS KING,0.3946,0.0072,0.5982
DIAMONDS THREE CLUBS QUEEN,0.3878,0.0152,0.597
DIAMONDS THREE CLUBS ACE,0.378,0.0054,0.6166
SPADES FOUR HEARTS JACK,0.3134,0.4726,0.214
SPADES FOUR HEARTS TEN,0.6278,0.0194,0.3528
SPADES FIVE SPADES TWO,0.6504,0.0666,0.283
SPADES FOUR SPADES TWO,0.6172,0.0196,0.3632
SPADES THREE SPADES TWO,0.6084,0.0228,0.3688
SPADES NINE SPADES TWO,0.6048,0.0192,0.376
SPADES EIGHT SPADES TWO,0.597,0.0188,0.3842
SPADES SEVEN SPADES TWO,0.6052,0.018,0.3768
SPADES SIX SPADES TWO,0.6034,0.022,0.3746
DIAMONDS QUEEN CLUBS THREE,0.3928,0.0118,0.5954
HEARTS TWO CLUBS THREE,0.6414,0.0204,0.3382
DIAMONDS QUEEN CLUBS TWO,0.4122,0.0134,0.5744
CLUBS TWO HEARTS TWO,0.4264,0.0466,0.527
DIAMONDS QUEEN HEARTS SEVEN,0.3674,0.0114,0.6212
HEARTS TWO HEARTS SEVEN,0.591,0.021,0.388
HEARTS SIX DIAMONDS QUEEN,0.3688,0.0098,0.6214
HEARTS SIX HEARTS TWO,0.5842,0.021,0.3948
DIAMONDS QUEEN HEARTS NINE,0.349,0.0092,0.6418
HEARTS TWO HEARTS NINE,0.5806,0.0182,0.4012
DIAMONDS QUEEN HEARTS EIGHT,0.351,0.007,0.642
HEARTS TWO HEARTS EIGHT,0.5894,0.02,0.3906
CLUBS NINE HEARTS TWO,0.6122,0.0184,0.3694
CLUBS NINE DIAMONDS QUEEN,0.3436,0.0092,0.6472
CLUBS EIGHT HEARTS TWO,0.6332,0.0164,0.3504
CLUBS EIGHT DIAMONDS QUEEN,0.3498,0.0102,0.64
SPADES EIGHT HEARTS ACE,0.3752,0.005,0.6198
CLUBS FOUR DIAMONDS QUEEN,0.3896,0.013,0.5974
CLUBS FOUR HEARTS TWO,0.6328,0.0202,0.347
CLUBS SEVEN DIAMONDS QUEEN,0.3604,0.0116,0.628
CLUBS SEVEN HEARTS TWO,0.6226,0.0184,0.359
SPADES EIGHT HEARTS QUEEN,0.3574,0.0092,0.6334
CLUBS SIX DIAMONDS QUEEN,0.3612,0.0116,0.6272
CLUBS SIX HEARTS TWO,0.6164,0.0234,0.3602
SPADES EIGHT HEARTS KING,0.3748,0.0058,0.6194
DIAMONDS QUEEN SPADES SIX,0.371,0.0096,0.6194
HEARTS TWO SPADES SIX,0.6358,0.0174,0.3468
HEARTS FOUR CLUBS QUEEN,0.3908,0.0122,0.597
DIAMONDS ACE CLUBS QUEEN,0.3158,0.0052,0.679
DIAMONDS QUEEN SPADES SEVEN,0.3674,0.0118,0.6208
SPADES SEVEN HEARTS TWO,0.628,0.0204,0.3516
HEARTS FOUR CLUBS KING,0.3804,0.0086,0.611
DIAMONDS ACE CLUBS KING,0.3224,0.0046,0.673
SPADES EIGHT DIAMONDS QUEEN,0.3568,0.0132,0.63
SPADES EIGHT HEARTS TWO,0.6336,0.0172,0.3492
HEARTS FOUR CLUBS ACE,0.3654,0.0042,0.6304
DIAMONDS ACE CLUBS ACE,0.1274,0.0032,0.8694
SPADES NINE DIAMONDS QUEEN,0.3486,0.01,0.6414
SPADES NINE HEARTS TWO,0.6298,0.0174,0.3528
HEARTS TWO SPADES TWO,0.4196,0.0498,0.5306
DIAMONDS QUEEN SPADES TWO,0.4,0.0124,0.5876
HEARTS TWO SPADES THREE,0.6418,0.0174,0.3408
DIAMONDS QUEEN SPADES THREE,0.395,0.0136,0.5914
HEARTS TWO SPADES FOUR,0.6356,0.0224,0.342
DIAMONDS QUEEN SPADES FOUR,0.3972,0.0132,0.5896
HEARTS FOUR CLUBS TEN,0.6178,0.0182,0.364
CLUBS TEN DIAMONDS ACE,0.3452,0.0052,0.6496
HEARTS TWO SPADES FIVE,0.6708,0.0678,0.2614
DIAMONDS QUEEN SPADES FIVE,0.235,0.0514,0.7136
HEARTS FOUR CLUBS JACK,0.314,0.4756,0.2104
DIAMONDS ACE CLUBS JACK,0.22,0.0208,0.7592
SPADES KING CLUBS JACK,0.2252,0.0308,0.744
SPADES QUEEN CLUBS JACK,0.2256,0.0456,0.7288
SPADES ACE CLUBS JACK,0.232,0.0214,0.7466
SPADES SIX CLUBS KING,0.3594,0.0092,0.6314
SPADES SIX CLUBS QUEEN,0.3556,0.0114,0.633
SPADES EIGHT HEARTS JACK,0.226,0.2308,0.5432
SPADES SIX CLUBS ACE,0.3704,0.0064,0.6232
SPADES EIGHT HEARTS TEN,0.5548,0.0146,0.4306
SPADES SIX CLUBS JACK,0.2182,0.4062,0.3756
CLUBS TEN SPADES SIX,0.5828,0.0206,0.3966
SPADES TEN CLUBS JACK,0.2298,0.1254,0.6448
SPADES QUEEN CLUBS SEVEN,0.3594,0.011,0.6296
SPADES KING CLUBS SEVEN,0.3562,0.0092,0.6346
SPADES ACE CLUBS SEVEN,0.3494,0.0052,0.6454
SPADES SIX HEARTS TEN,0.6,0.0156,0.3844
SPADES SIX HEARTS JACK,0.2276,0.3806,0.3918
SPADES SIX HEARTS ACE,0.3682,0.0024,0.6294
SPADES SIX HEARTS KING,0.3748,0.0084,0.6168
SPADES SIX HEARTS QUEEN,0.3636,0.011,0.6254
CLUBS SEVEN SPADES TEN,0.5672,0.0194,0.4134
CLUBS TEN HEARTS SIX,0.5674,0.0148,0.4178
HEARTS SIX CLUBS JACK,0.2106,0.3882,0.4012
CLUBS ACE CLUBS JACK,0.228,0.0198,0.7522
HEARTS SIX CLUBS QUEEN,0.352,0.0118,0.6362
HEARTS SIX CLUBS KING,0.3578,0.0074,0.6348
HEARTS SIX CLUBS ACE,0.371,0.004,0.625
CLUBS QUEEN CLUBS JACK,0.2214,0.0414,0.7372
CLUBS KING CLUBS JACK,0.2232,0.0292,0.7476
DIAMONDS THREE HEARTS ACE,0.3762,0.004,0.6198
DIAMONDS THREE HEARTS QUEEN,0.3872,0.011,0.6018
DIAMONDS THREE HEARTS KING,0.3922,0.0076,0.6002
HEARTS FOUR SPADES TEN,0.6218,0.0196,0.3586
SPADES TEN DIAMONDS ACE,0.3546,0.0042,0.6412
SPADES ACE HEARTS FOUR,0.3844,0.0048,0.6108
SPADES ACE DIAMONDS ACE,0.1208,0.0038,0.8754
HEARTS FOUR SPADES QUEEN,0.392,0.0118,0.5962
SPADES QUEEN DIAMONDS ACE,0.3154,0.0032,0.6814
SPADES FOUR CLUBS JACK,0.3116,0.465,0.2234
SPADES KING DIAMONDS ACE,0.3296,0.0046,0.6658
HEARTS FOUR SPADES KING,0.3988,0.0088,0.5924
CLUBS TEN SPADES FOUR,0.6244,0.0186,0.357
DIAMONDS QUEEN DIAMONDS ACE,0.3098,0.0044,0.6858
HEARTS TWO DIAMONDS ACE,0.3822,0.0046,0.6132
HEARTS FOUR DIAMONDS QUEEN,0.3928,0.0124,0.5948
HEARTS FOUR HEARTS TWO,0.5914,0.0196,0.389
DIAMONDS THREE HEARTS TEN,0.6282,0.0222,0.3496
SPADES FOUR CLUBS KING,0.3946,0.0098,0.5956
HEARTS FIVE DIAMONDS QUEEN,0.2362,0.0468,0.717
HEARTS FIVE HEARTS TWO,0.635,0.0694,0.2956
DIAMONDS THREE HEARTS JACK,0.3212,0.4472,0.2316
SPADES FOUR CLUBS QUEEN,0.383,0.0116,0.6054
DIAMONDS QUEEN HEARTS TWO,0.4026,0.0084,0.589
DIAMONDS KING DIAMONDS QUEEN,0.3028,0.0064,0.6908
DIAMONDS KING HEARTS TWO,0.391,0.007,0.602
HEARTS THREE DIAMONDS QUEEN,0.3878,0.0094,0.6028
HEARTS THREE HEARTS TWO,0.5986,0.0174,0.384
SPADES FOUR CLUBS ACE,0.3808,0.0058,0.6134
HEARTS TWO CLUBS ACE,0.375,0.0052,0.6198
DIAMONDS QUEEN CLUBS ACE,0.3138,0.0044,0.6818
HEARTS TWO CLUBS QUEEN,0.3912,0.012,0.5968
DIAMONDS QUEEN CLUBS QUEEN,0.1512,0.0104,0.8384
HEARTS TWO CLUBS KING,0.3976,0.0086,0.5938
DIAMONDS QUEEN CLUBS KING,0.3164,0.0084,0.6752
SPADES EIGHT SPADES FIVE,0.6492,0.0584,0.2924
CLUBS TEN HEARTS TWO,0.6234,0.0172,0.3594
CLUBS TEN DIAMONDS QUEEN,0.3246,0.0108,0.6646
SPADES NINE SPADES FIVE,0.665,0.059,0.276
HEARTS TWO CLUBS JACK,0.3048,0.4652,0.23
DIAMONDS QUEEN CLUBS JACK,0.2366,0.0388,0.7246
SPADES SIX SPADES FIVE,0.6176,0.0574,0.325
SPADES SEVEN SPADES FIVE,0.625,0.0588,0.3162
DIAMONDS FIVE CLUBS QUEEN,0.227,0.0482,0.7248
SPADES EIGHT CLUBS ACE,0.354,0.0056,0.6404
DIAMONDS FIVE CLUBS KING,0.2346,0.0464,0.719
SPADES EIGHT CLUBS KING,0.3574,0.008,0.6346
CLUBS ACE DIAMONDS FIVE,0.2288,0.0296,0.7416
SPADES EIGHT CLUBS QUEEN,0.348,0.0118,0.6402
SPADES EIGHT CLUBS JACK,0.2166,0.2318,0.5516
CLUBS TEN SPADES EIGHT,0.5604,0.017,0.4226
CLUBS TEN DIAMONDS FIVE,0.6974,0.0634,0.2392
DIAMONDS FIVE CLUBS JACK,0.012,0.9706,0.0174
HEARTS JACK DIAMONDS TEN,0.238,0.1214,0.6406
DIAMONDS TEN HEARTS TEN,0.2754,0.0198,0.7048
SPADES ACE CLUBS NINE,0.3636,0.0054,0.631
CLUBS NINE SPADES QUEEN,0.3394,0.01,0.6506
CLUBS NINE SPADES KING,0.3532,0.0086,0.6382
HEARTS SIX HEARTS KING,0.3488,0.0074,0.6438
DIAMONDS KING SPADES SEVEN,0.371,0.0068,0.6222
HEARTS THREE SPADES SEVEN,0.6272,0.022,0.3508
SPADES KING DIAMONDS SEVEN,0.3594,0.0092,0.6314
HEARTS SIX HEARTS QUEEN,0.3326,0.011,0.6564
DIAMONDS KING SPADES SIX,0.3648,0.0074,0.6278
HEARTS THREE SPADES SIX,0.6044,0.0162,0.3794
SPADES QUEEN DIAMONDS SEVEN,0.3638,0.0118,0.6244
SPADES NINE DIAMONDS KING,0.3678,0.0086,0.6236
HEARTS THREE SPADES NINE,0.6184,0.0176,0.364
HEARTS SIX HEARTS ACE,0.3424,0.0028,0.6548
DIAMONDS KING SPADES EIGHT,0.365,0.005,0.63
HEARTS THREE SPADES EIGHT,0.6228,0.0216,0.3556
SPADES ACE DIAMONDS SEVEN,0.3572,0.0044,0.6384
CLUBS NINE HEARTS THREE,0.625,0.0234,0.3516
CLUBS NINE DIAMONDS KING,0.3616,0.0082,0.6302
HEARTS THREE CLUBS EIGHT,0.6278,0.0166,0.3556
