opposingHand,winningChance,drawChance,lostChance
SPADES JACK DIAMONDS ACE
HEARTS FIVE SPADES TEN,0.6844,0.005,0.3106
SPADES FIVE CLUBS JACK,0.7426,0.02,0.2374
CLUBS TEN SPADES FIVE,0.6834,0.004,0.3126
CLUBS EIGHT CLUBS JACK,0.672,0.018,0.31
CLUBS TEN CLUBS EIGHT,0.6052,0.0056,0.3892
CLUBS EIGHT CLUBS KING,0.5996,0.0042,0.3962
SPADES FIVE CLUBS ACE,0.6664,0.0794,0.2542
CLUBS EIGHT CLUBS QUEEN,0.5932,0.004,0.4028
SPADES FIVE CLUBS KING,0.656,0.0046,0.3394
SPADES FIVE CLUBS QUEEN,0.6558,0.0064,0.3378
CLUBS EIGHT CLUBS ACE,0.633,0.0768,0.2902
DIAMONDS TWO DIAMONDS THREE,0.6244,0.0052,0.3704
DIAMONDS TWO DIAMONDS FIVE,0.6128,0.0066,0.3806
HEARTS FIVE SPADES KING,0.644,0.0042,0.3518
DIAMONDS TWO DIAMONDS FOUR,0.6206,0.0054,0.374
HEARTS FIVE SPADES QUEEN,0.6394,0.005,0.3556
DIAMONDS TWO DIAMONDS SEVEN,0.644,0.0058,0.3502
DIAMONDS TWO DIAMONDS SIX,0.6316,0.0052,0.3632
SPADES ACE HEARTS FIVE,0.6564,0.0846,0.259
DIAMONDS TWO DIAMONDS NINE,0.6454,0.0058,0.3488
DIAMONDS TWO DIAMONDS EIGHT,0.645,0.006,0.349
DIAMONDS THREE DIAMONDS FOUR,0.6098,0.0046,0.3856
SPADES FOUR CLUBS TWO,0.6598,0.0054,0.3348
DIAMONDS THREE DIAMONDS FIVE,0.614,0.0042,0.3818
SPADES FIVE CLUBS TWO,0.6488,0.0052,0.346
CLUBS TWO SPADES TWO,0.485,0.007,0.508
CLUBS TWO SPADES THREE,0.6574,0.005,0.3376
DIAMONDS THREE DIAMONDS EIGHT,0.645,0.0072,0.3478
SPADES EIGHT CLUBS TWO,0.6846,0.004,0.3114
DIAMONDS THREE DIAMONDS NINE,0.6488,0.0056,0.3456
SPADES NINE CLUBS TWO,0.672,0.0046,0.3234
DIAMONDS THREE DIAMONDS SIX,0.6394,0.006,0.3546
SPADES SIX CLUBS TWO,0.6614,0.0044,0.3342
DIAMONDS THREE DIAMONDS SEVEN,0.6396,0.0058,0.3546
SPADES SEVEN CLUBS TWO,0.6754,0.0042,0.3204
CLUBS SIX CLUBS TWO,0.6336,0.0042,0.3622
CLUBS SEVEN CLUBS TWO,0.6324,0.0046,0.363
CLUBS FOUR CLUBS TWO,0.6194,0.0062,0.3744
CLUBS FIVE CLUBS TWO,0.6008,0.005,0.3942
CLUBS TEN CLUBS JACK,0.6622,0.018,0.3198
DIAMONDS FOUR DIAMONDS SIX,0.607,0.0036,0.3894
CLUBS TEN CLUBS QUEEN,0.578,0.0042,0.4178
DIAMONDS FOUR DIAMONDS SEVEN,0.6292,0.0052,0.3656
CLUBS TEN CLUBS KING,0.5808,0.004,0.4152
CLUBS TEN CLUBS ACE,0.6344,0.0868,0.2788
CLUBS EIGHT CLUBS TWO,0.6352,0.006,0.3588
DIAMONDS FIVE DIAMONDS FOUR,0.6016,0.0038,0.3946
CLUBS NINE CLUBS TWO,0.6226,0.004,0.3734
DIAMONDS NINE DIAMONDS FOUR,0.6488,0.0032,0.348
DIAMONDS EIGHT DIAMONDS FOUR,0.6334,0.0048,0.3618
CLUBS THREE CLUBS TWO,0.6136,0.0054,0.381
DIAMONDS NINE DIAMONDS FIVE,0.6296,0.0048,0.3656
DIAMONDS TWO CLUBS JACK,0.751,0.0238,0.2252
DIAMONDS EIGHT DIAMONDS FIVE,0.6214,0.0038,0.3748
CLUBS TEN DIAMONDS TWO,0.6806,0.0058,0.3136
DIAMONDS FIVE DIAMONDS SEVEN,0.6124,0.0062,0.3814
DIAMONDS FIVE DIAMONDS SIX,0.601,0.0054,0.3936
DIAMONDS TWO CLUBS ACE,0.6598,0.0954,0.2448
DIAMONDS TWO CLUBS KING,0.6486,0.0074,0.344
DIAMONDS TWO CLUBS QUEEN,0.6674,0.0064,0.3262
DIAMONDS EIGHT DIAMONDS SIX,0.6026,0.005,0.3924
DIAMONDS NINE DIAMONDS SIX,0.6212,0.0038,0.375
HEARTS ACE SPADES THREE,0.671,0.0868,0.2422
SPADES THREE HEARTS KING,0.6526,0.0038,0.3436
DIAMONDS SEVEN DIAMONDS SIX,0.6196,0.0034,0.377
SPADES THREE HEARTS QUEEN,0.6508,0.0042,0.345
SPADES THREE HEARTS JACK,0.7566,0.0202,0.2232
SPADES THREE HEARTS TEN,0.6858,0.0044,0.3098
DIAMONDS EIGHT DIAMONDS SEVEN,0.592,0.004,0.404
DIAMONDS NINE DIAMONDS SEVEN,0.6164,0.0054,0.3782
DIAMONDS NINE DIAMONDS EIGHT,0.5976,0.0036,0.3988
DIAMONDS KING HEARTS TEN,0.6274,0.0044,0.3682
HEARTS THREE HEARTS TEN,0.628,0.004,0.368
DIAMONDS KING HEARTS JACK,0.738,0.015,0.247
HEARTS THREE HEARTS JACK,0.7042,0.0208,0.275
SPADES TEN CLUBS SIX,0.669,0.0056,0.3254
SPADES TEN SPADES FIVE,0.6498,0.0046,0.3456
DIAMONDS KING HEARTS ACE,0.2446,0.0492,0.7062
HEARTS THREE HEARTS ACE,0.6198,0.0864,0.2938
SPADES ACE CLUBS SIX,0.6718,0.0894,0.2388
DIAMONDS KING HEARTS QUEEN,0.6158,0.0032,0.381
HEARTS THREE HEARTS QUEEN,0.6138,0.005,0.3812
SPADES KING CLUBS SIX,0.6466,0.0026,0.3508
DIAMONDS KING HEARTS KING,0.2836,0.0044,0.712
HEARTS THREE HEARTS KING,0.607,0.006,0.387
SPADES QUEEN CLUBS SIX,0.6426,0.0046,0.3528
SPADES NINE HEARTS TEN,0.6358,0.0044,0.3598
SPADES NINE HEARTS JACK,0.7414,0.018,0.2406
SPADES QUEEN SPADES FIVE,0.6082,0.0046,0.3872
SPADES KING SPADES FIVE,0.6134,0.003,0.3836
SPADES ACE SPADES FIVE,0.6276,0.0858,0.2866
SPADES NINE HEARTS QUEEN,0.621,0.0048,0.3742
SPADES NINE HEARTS KING,0.641,0.0046,0.3544
SPADES NINE HEARTS ACE,0.669,0.0898,0.2412
CLUBS TEN SPADES TEN,0.451,0.0036,0.5454
SPADES ACE CLUBS TEN,0.6824,0.0928,0.2248
SPADES KING CLUBS TEN,0.6116,0.0052,0.3832
CLUBS TEN SPADES QUEEN,0.614,0.0046,0.3814
SPADES FIVE HEARTS QUEEN,0.6398,0.0058,0.3544
SPADES FIVE HEARTS KING,0.6354,0.0056,0.359
SPADES FIVE HEARTS ACE,0.66,0.0838,0.2562
SPADES TEN CLUBS EIGHT,0.6422,0.0046,0.3532
SPADES TEN HEARTS THREE,0.6796,0.0022,0.3182
SPADES TEN DIAMONDS KING,0.6282,0.004,0.3678
CLUBS SIX HEARTS ACE,0.689,0.0818,0.2292
SPADES ACE CLUBS EIGHT,0.672,0.0916,0.2364
HEARTS FIVE CLUBS JACK,0.7368,0.0232,0.24
HEARTS FIVE CLUBS TEN,0.6778,0.0028,0.3194
CLUBS SIX HEARTS QUEEN,0.6362,0.004,0.3598
SPADES QUEEN CLUBS EIGHT,0.645,0.003,0.352
CLUBS TEN SPADES THREE,0.6826,0.005,0.3124
CLUBS SIX HEARTS KING,0.6476,0.0042,0.3482
SPADES KING CLUBS EIGHT,0.6432,0.004,0.3528
SPADES THREE CLUBS JACK,0.7616,0.0244,0.214
DIAMONDS TWO HEARTS JACK,0.768,0.022,0.21
SPADES THREE CLUBS QUEEN,0.6486,0.0056,0.3458
DIAMONDS TWO HEARTS TEN,0.6892,0.005,0.3058
SPADES THREE CLUBS KING,0.6534,0.006,0.3406
HEARTS FIVE CLUBS ACE,0.6596,0.0832,0.2572
SPADES FIVE HEARTS TEN,0.6826,0.0042,0.3132
SPADES THREE CLUBS ACE,0.6658,0.089,0.2452
HEARTS FIVE CLUBS KING,0.644,0.0054,0.3506
SPADES FIVE HEARTS JACK,0.7544,0.0204,0.2252
HEARTS FIVE CLUBS QUEEN,0.6478,0.0042,0.348
HEARTS THREE CLUBS KING,0.6344,0.0058,0.3598
DIAMONDS KING CLUBS KING,0.2906,0.004,0.7054
HEARTS THREE CLUBS QUEEN,0.6424,0.0052,0.3524
DIAMONDS KING CLUBS QUEEN,0.603,0.0044,0.3926
HEARTS FIVE HEARTS JACK,0.6946,0.0208,0.2846
HEARTS FIVE HEARTS TEN,0.627,0.0044,0.3686
HEARTS THREE CLUBS ACE,0.6666,0.0872,0.2462
DIAMONDS KING CLUBS ACE,0.2468,0.046,0.7072
SPADES ACE CLUBS QUEEN,0.2404,0.0558,0.7038
SPADES KING CLUBS QUEEN,0.6028,0.0066,0.3906
HEARTS THREE CLUBS JACK,0.7374,0.0224,0.2402
DIAMONDS KING CLUBS JACK,0.737,0.0134,0.2496
SPADES QUEEN CLUBS QUEEN,0.2908,0.003,0.7062
CLUBS TEN HEARTS THREE,0.6866,0.0036,0.3098
CLUBS TEN DIAMONDS KING,0.6308,0.0042,0.365
CLUBS SIX CLUBS QUEEN,0.609,0.0038,0.3872
SPADES TEN CLUBS QUEEN,0.619,0.0058,0.3752
CLUBS SIX CLUBS KING,0.6144,0.0026,0.383
CLUBS SIX CLUBS ACE,0.6362,0.0774,0.2864
HEARTS FIVE HEARTS KING,0.5976,0.0042,0.3982
HEARTS FIVE HEARTS QUEEN,0.606,0.0046,0.3894
CLUBS TEN CLUBS SIX,0.6328,0.004,0.3632
HEARTS FIVE HEARTS ACE,0.5962,0.0922,0.3116
CLUBS SIX CLUBS JACK,0.7102,0.021,0.2688
SPADES SEVEN HEARTS JACK,0.7428,0.0182,0.239
SPADES SEVEN HEARTS TEN,0.6566,0.0048,0.3386
DIAMONDS TWO CLUBS TWO,0.4754,0.0052,0.5194
DIAMONDS TWO CLUBS THREE,0.6618,0.0058,0.3324
DIAMONDS TWO HEARTS SIX,0.6682,0.005,0.3268
DIAMONDS TWO HEARTS QUEEN,0.6444,0.0052,0.3504
HEARTS SEVEN DIAMONDS TWO,0.677,0.004,0.319
DIAMONDS TWO HEARTS KING,0.6676,0.0048,0.3276
DIAMONDS TWO HEARTS EIGHT,0.6712,0.0058,0.323
DIAMONDS TWO HEARTS ACE,0.6768,0.0816,0.2416
DIAMONDS TWO HEARTS NINE,0.6826,0.0034,0.314
DIAMONDS TWO DIAMONDS QUEEN,0.6278,0.0038,0.3684
DIAMONDS TWO HEARTS TWO,0.478,0.0068,0.5152
DIAMONDS TWO DIAMONDS KING,0.625,0.0054,0.3696
DIAMONDS TWO HEARTS THREE,0.6642,0.0054,0.3304
HEARTS FOUR DIAMONDS TWO,0.6622,0.0074,0.3304
HEARTS FIVE DIAMONDS TWO,0.6428,0.0052,0.352
SPADES SEVEN HEARTS ACE,0.6748,0.0882,0.237
DIAMONDS TWO DIAMONDS TEN,0.6464,0.0046,0.349
SPADES SEVEN HEARTS KING,0.6464,0.004,0.3496
DIAMONDS TWO DIAMONDS JACK,0.7346,0.0194,0.246
SPADES SEVEN HEARTS QUEEN,0.6618,0.0028,0.3354
DIAMONDS TWO SPADES NINE,0.6864,0.0064,0.3072
DIAMONDS TWO SPADES EIGHT,0.6806,0.0038,0.3156
DIAMONDS TWO SPADES SEVEN,0.6812,0.0048,0.314
DIAMONDS TWO SPADES SIX,0.6716,0.0056,0.3228
DIAMONDS TWO SPADES FIVE,0.6526,0.0054,0.342
DIAMONDS TWO SPADES FOUR,0.6494,0.0052,0.3454
DIAMONDS TWO SPADES THREE,0.6608,0.0082,0.331
DIAMONDS TWO SPADES TWO,0.4824,0.0068,0.5108
CLUBS NINE DIAMONDS TWO,0.681,0.0038,0.3152
DIAMONDS TWO CLUBS EIGHT,0.68,0.0036,0.3164
CLUBS SEVEN DIAMONDS TWO,0.6828,0.0056,0.3116
DIAMONDS TWO CLUBS SIX,0.6782,0.0034,0.3184
DIAMONDS TWO CLUBS FIVE,0.6524,0.0066,0.341
DIAMONDS TWO CLUBS FOUR,0.6582,0.0038,0.338
CLUBS FOUR SPADES FIVE,0.6226,0.0036,0.3738
CLUBS FOUR SPADES FOUR,0.4742,0.0046,0.5212
CLUBS FOUR SPADES THREE,0.6456,0.0046,0.3498
CLUBS FOUR SPADES TWO,0.6522,0.0064,0.3414
SPADES NINE CLUBS FOUR,0.6628,0.0048,0.3324
SPADES EIGHT CLUBS FOUR,0.6622,0.0034,0.3344
SPADES SEVEN CLUBS FOUR,0.6434,0.0036,0.353
SPADES SIX CLUBS FOUR,0.6472,0.0044,0.3484
SPADES ACE DIAMONDS SIX,0.6842,0.0896,0.2262
SPADES QUEEN DIAMONDS SIX,0.6422,0.005,0.3528
SPADES KING DIAMONDS SIX,0.642,0.0052,0.3528
SPADES TEN DIAMONDS SIX,0.666,0.0054,0.3286
SPADES QUEEN SPADES TWO,0.6138,0.0052,0.381
SPADES KING SPADES TWO,0.6144,0.0062,0.3794
SPADES ACE SPADES TWO,0.6342,0.0844,0.2814
DIAMONDS JACK CLUBS JACK,0.312,0.0172,0.6708
CLUBS TEN DIAMONDS JACK,0.7104,0.0174,0.2722
DIAMONDS JACK CLUBS KING,0.7456,0.0164,0.238
DIAMONDS JACK CLUBS QUEEN,0.7284,0.0158,0.2558
DIAMONDS THREE DIAMONDS JACK,0.7316,0.0222,0.2462
DIAMONDS THREE DIAMONDS TEN,0.6496,0.0032,0.3472
DIAMONDS JACK CLUBS ACE,0.0186,0.9698,0.0116
DIAMONDS THREE DIAMONDS KING,0.6158,0.006,0.3782
DIAMONDS THREE HEARTS THREE,0.4724,0.0048,0.5228
DIAMONDS THREE DIAMONDS QUEEN,0.6234,0.003,0.3736
DIAMONDS THREE HEARTS TWO,0.6556,0.0054,0.339
HEARTS FIVE DIAMONDS THREE,0.634,0.0056,0.3604
HEARTS FOUR DIAMONDS THREE,0.6334,0.0048,0.3618
HEARTS SEVEN DIAMONDS THREE,0.6622,0.0054,0.3324
SPADES TEN SPADES NINE,0.599,0.0052,0.3958
HEARTS SIX DIAMONDS THREE,0.6602,0.0038,0.336
DIAMONDS THREE HEARTS NINE,0.6648,0.0032,0.332
HEARTS JACK DIAMONDS FOUR,0.7436,0.0182,0.2382
HEARTS ACE HEARTS KING,0.2276,0.0476,0.7248
SPADES TEN SPADES TWO,0.6548,0.0044,0.3408
DIAMONDS THREE HEARTS EIGHT,0.6762,0.005,0.3188
HEARTS TEN DIAMONDS FOUR,0.6782,0.0046,0.3172
HEARTS QUEEN DIAMONDS FOUR,0.6492,0.0034,0.3474
HEARTS KING DIAMONDS FOUR,0.6636,0.0056,0.3308
SPADES ACE SPADES NINE,0.6484,0.0902,0.2614
HEARTS ACE DIAMONDS FOUR,0.6686,0.0876,0.2438
SPADES KING SPADES NINE,0.5932,0.0054,0.4014
SPADES QUEEN SPADES NINE,0.5974,0.0038,0.3988
DIAMONDS THREE SPADES NINE,0.6832,0.006,0.3108
DIAMONDS THREE SPADES EIGHT,0.6742,0.0044,0.3214
DIAMONDS THREE SPADES SEVEN,0.6652,0.0032,0.3316
DIAMONDS THREE SPADES SIX,0.67,0.0052,0.3248
DIAMONDS THREE CLUBS SIX,0.6386,0.0054,0.356
CLUBS FIVE CLUBS SIX,0.5752,0.0058,0.419
CLUBS ACE DIAMONDS FOUR,0.6582,0.085,0.2568
CLUBS SEVEN DIAMONDS THREE,0.6622,0.0038,0.334
CLUBS SEVEN CLUBS FIVE,0.5904,0.0036,0.406
DIAMONDS THREE CLUBS FOUR,0.6538,0.0066,0.3396
DIAMONDS FOUR CLUBS QUEEN,0.6462,0.004,0.3498
DIAMONDS THREE CLUBS FIVE,0.6362,0.0064,0.3574
CLUBS KING DIAMONDS FOUR,0.656,0.004,0.34
DIAMONDS THREE CLUBS TWO,0.6502,0.0052,0.3446
CLUBS TEN DIAMONDS FOUR,0.6898,0.0036,0.3066
DIAMONDS THREE CLUBS THREE,0.477,0.0056,0.5174
DIAMONDS FOUR CLUBS JACK,0.7672,0.019,0.2138
DIAMONDS THREE SPADES FOUR,0.6586,0.0054,0.336
DIAMONDS THREE SPADES FIVE,0.637,0.0054,0.3576
DIAMONDS THREE SPADES TWO,0.6634,0.0072,0.3294
DIAMONDS THREE SPADES THREE,0.479,0.0064,0.5146
CLUBS EIGHT DIAMONDS THREE,0.6784,0.003,0.3186
CLUBS NINE DIAMONDS THREE,0.6772,0.004,0.3188
SPADES SEVEN CLUBS ACE,0.6774,0.0818,0.2408
SPADES SEVEN CLUBS QUEEN,0.6538,0.002,0.3442
SPADES SEVEN CLUBS KING,0.6546,0.004,0.3414
CLUBS FIVE SPADES SEVEN,0.635,0.0032,0.3618
CLUBS TEN SPADES SEVEN,0.6582,0.0022,0.3396
CLUBS FIVE SPADES SIX,0.633,0.004,0.363
SPADES SEVEN CLUBS JACK,0.7418,0.0204,0.2378
SPADES NINE CLUBS FIVE,0.6484,0.003,0.3486
CLUBS FIVE SPADES EIGHT,0.6512,0.0036,0.3452
CLUBS FIVE SPADES THREE,0.6264,0.0058,0.3678
CLUBS FIVE SPADES TWO,0.6478,0.0048,0.3474
CLUBS FIVE SPADES FIVE,0.4768,0.0052,0.518
CLUBS FIVE SPADES FOUR,0.6232,0.0058,0.371
CLUBS NINE CLUBS FIVE,0.6188,0.0048,0.3764
CLUBS EIGHT CLUBS FIVE,0.6104,0.0054,0.3842
CLUBS ACE CLUBS QUEEN,0.2286,0.0566,0.7148
CLUBS KING CLUBS QUEEN,0.5614,0.0034,0.4352
DIAMONDS TEN DIAMONDS FOUR,0.6426,0.0068,0.3506
CLUBS TEN DIAMONDS NINE,0.6408,0.0026,0.3566
DIAMONDS JACK DIAMONDS FOUR,0.7218,0.0266,0.2516
DIAMONDS NINE CLUBS JACK,0.7284,0.0202,0.2514
SPADES NINE CLUBS JACK,0.7324,0.02,0.2476
CLUBS TEN SPADES NINE,0.63,0.0026,0.3674
HEARTS FOUR DIAMONDS FOUR,0.4796,0.004,0.5164
DIAMONDS JACK HEARTS TEN,0.717,0.0166,0.2664
SPADES NINE CLUBS KING,0.6444,0.0042,0.3514
DIAMONDS TWO SPADES TEN,0.6862,0.005,0.3088
DIAMONDS NINE CLUBS ACE,0.6882,0.0816,0.2302
HEARTS FIVE DIAMONDS FOUR,0.6248,0.0058,0.3694
DIAMONDS JACK HEARTS JACK,0.306,0.0186,0.6754
SPADES NINE CLUBS QUEEN,0.6438,0.0018,0.3544
DIAMONDS QUEEN DIAMONDS FOUR,0.6214,0.004,0.3746
HEARTS TWO DIAMONDS FOUR,0.653,0.0048,0.3422
DIAMONDS NINE CLUBS QUEEN,0.6322,0.004,0.3638
DIAMONDS KING DIAMONDS FOUR,0.607,0.0048,0.3882
HEARTS THREE DIAMONDS FOUR,0.6514,0.0048,0.3438
SPADES NINE CLUBS ACE,0.6824,0.0834,0.2342
DIAMONDS NINE CLUBS KING,0.6508,0.0028,0.3464
HEARTS ACE DIAMONDS JACK,0.0186,0.9704,0.011
SPADES ACE DIAMONDS TWO,0.6798,0.0934,0.2268
HEARTS QUEEN DIAMONDS JACK,0.7244,0.0156,0.26
SPADES QUEEN DIAMONDS TWO,0.6516,0.0052,0.3432
DIAMONDS JACK HEARTS KING,0.7376,0.0154,0.247
SPADES KING DIAMONDS TWO,0.6554,0.0066,0.338
SPADES TEN SPADES SEVEN,0.62,0.0042,0.3758
CLUBS SEVEN CLUBS THREE,0.6202,0.0036,0.3762
CLUBS SIX CLUBS THREE,0.6144,0.0052,0.3804
CLUBS FIVE CLUBS THREE,0.6074,0.0038,0.3888
CLUBS THREE CLUBS FOUR,0.607,0.0054,0.3876
CLUBS NINE CLUBS THREE,0.6138,0.0042,0.382
CLUBS EIGHT CLUBS THREE,0.622,0.0048,0.3732
CLUBS THREE SPADES FIVE,0.631,0.0044,0.3646
CLUBS THREE SPADES FOUR,0.6458,0.0046,0.3496
CLUBS THREE SPADES THREE,0.4754,0.006,0.5186
CLUBS THREE SPADES TWO,0.661,0.0046,0.3344
CLUBS THREE SPADES SIX,0.6658,0.005,0.3292
SPADES SEVEN CLUBS THREE,0.6592,0.0046,0.3362
SPADES EIGHT CLUBS THREE,0.6714,0.0038,0.3248
SPADES NINE CLUBS THREE,0.6754,0.0058,0.3188
SPADES TWO DIAMONDS FOUR,0.6614,0.0048,0.3338
SPADES THREE DIAMONDS FOUR,0.6496,0.0082,0.3422
SPADES FOUR DIAMONDS FOUR,0.474,0.0056,0.5204
SPADES FIVE DIAMONDS FOUR,0.638,0.006,0.356
SPADES SIX DIAMONDS FOUR,0.6424,0.0042,0.3534
SPADES SEVEN DIAMONDS FOUR,0.6618,0.0044,0.3338
SPADES EIGHT DIAMONDS FOUR,0.676,0.0062,0.3178
SPADES NINE DIAMONDS FOUR,0.6766,0.004,0.3194
CLUBS FIVE DIAMONDS FOUR,0.6276,0.0054,0.367
CLUBS FOUR DIAMONDS FOUR,0.4792,0.0052,0.5156
CLUBS SEVEN DIAMONDS FOUR,0.6408,0.004,0.3552
CLUBS SIX DIAMONDS FOUR,0.642,0.0052,0.3528
CLUBS NINE DIAMONDS FOUR,0.673,0.0048,0.3222
CLUBS EIGHT DIAMONDS FOUR,0.6598,0.005,0.3352
HEARTS SEVEN DIAMONDS FOUR,0.6478,0.0038,0.3484
HEARTS SIX DIAMONDS FOUR,0.6352,0.0042,0.3606
DIAMONDS FOUR HEARTS NINE,0.679,0.005,0.316
DIAMONDS FOUR HEARTS EIGHT,0.6568,0.0046,0.3386
CLUBS THREE DIAMONDS FOUR,0.6416,0.0042,0.3542
CLUBS TWO DIAMONDS FOUR,0.6516,0.0036,0.3448
DIAMONDS TEN DIAMONDS FIVE,0.6526,0.0046,0.3428
DIAMONDS JACK DIAMONDS FIVE,0.727,0.0252,0.2478
DIAMONDS NINE HEARTS QUEEN,0.6376,0.0046,0.3578
DIAMONDS NINE HEARTS KING,0.63,0.005,0.365
HEARTS ACE DIAMONDS NINE,0.6768,0.0916,0.2316
DIAMONDS NINE HEARTS TEN,0.6378,0.0044,0.3578
DIAMONDS NINE HEARTS JACK,0.7394,0.016,0.2446
CLUBS KING DIAMONDS SIX,0.6436,0.0054,0.351
CLUBS QUEEN DIAMONDS SIX,0.6526,0.0038,0.3436
CLUBS ACE DIAMONDS SIX,0.6832,0.0848,0.232
SPADES KING DIAMONDS FOUR,0.6476,0.005,0.3474
SPADES ACE SPADES SEVEN,0.6342,0.0856,0.2802
SPADES QUEEN DIAMONDS FOUR,0.655,0.0046,0.3404
SPADES QUEEN SPADES SEVEN,0.6208,0.005,0.3742
CLUBS JACK DIAMONDS SIX,0.7594,0.0174,0.2232
SPADES KING SPADES SEVEN,0.6102,0.005,0.3848
SPADES ACE DIAMONDS FOUR,0.6558,0.0942,0.25
CLUBS TEN DIAMONDS SIX,0.6752,0.004,0.3208
CLUBS NINE CLUBS FOUR,0.6266,0.005,0.3684
CLUBS EIGHT CLUBS FOUR,0.621,0.0052,0.3738
SPADES TEN DIAMONDS FOUR,0.6826,0.0042,0.3132
CLUBS FIVE CLUBS FOUR,0.5854,0.0048,0.4098
CLUBS SEVEN CLUBS FOUR,0.603,0.0032,0.3938
CLUBS SIX CLUBS FOUR,0.597,0.0036,0.3994
CLUBS SEVEN SPADES EIGHT,0.64,0.0042,0.3558
CLUBS SEVEN SPADES NINE,0.6422,0.0036,0.3542
CLUBS SEVEN SPADES SIX,0.6286,0.004,0.3674
CLUBS SEVEN SPADES SEVEN,0.4748,0.0038,0.5214
CLUBS SEVEN SPADES FIVE,0.6278,0.0048,0.3674
CLUBS SEVEN SPADES FOUR,0.6524,0.0036,0.344
CLUBS SEVEN SPADES THREE,0.6724,0.0048,0.3228
CLUBS SEVEN SPADES TWO,0.6828,0.0038,0.3134
CLUBS NINE CLUBS SEVEN,0.583,0.004,0.413
CLUBS SEVEN CLUBS EIGHT,0.5844,0.0032,0.4124
HEARTS SIX DIAMONDS FIVE,0.6376,0.003,0.3594
HEARTS SEVEN DIAMONDS FIVE,0.632,0.0048,0.3632
DIAMONDS FIVE HEARTS EIGHT,0.6476,0.0036,0.3488
DIAMONDS FIVE HEARTS NINE,0.679,0.0042,0.3168
DIAMONDS QUEEN DIAMONDS FIVE,0.6088,0.0042,0.387
HEARTS TWO DIAMONDS FIVE,0.639,0.0048,0.3562
HEARTS KING HEARTS EIGHT,0.615,0.0044,0.3806
DIAMONDS KING DIAMONDS FIVE,0.6194,0.0046,0.376
HEARTS THREE DIAMONDS FIVE,0.6442,0.0046,0.3512
HEARTS QUEEN HEARTS EIGHT,0.6054,0.003,0.3916
HEARTS FOUR DIAMONDS FIVE,0.634,0.0052,0.3608
HEARTS FIVE DIAMONDS FIVE,0.4946,0.0044,0.501
HEARTS ACE HEARTS EIGHT,0.6332,0.0778,0.289
CLUBS FOUR DIAMONDS FIVE,0.6214,0.0042,0.3744
CLUBS FIVE DIAMONDS FIVE,0.4822,0.0034,0.5144
CLUBS SIX DIAMONDS FIVE,0.6294,0.0044,0.3662
CLUBS SEVEN DIAMONDS FIVE,0.628,0.0038,0.3682
CLUBS TWO DIAMONDS FIVE,0.656,0.0054,0.3386
CLUBS THREE DIAMONDS FIVE,0.6358,0.004,0.3602
SPADES THREE DIAMONDS FIVE,0.6462,0.0042,0.3496
SPADES TWO DIAMONDS FIVE,0.646,0.0054,0.3486
SPADES FIVE DIAMONDS FIVE,0.4726,0.0046,0.5228
CLUBS TEN HEARTS JACK,0.7044,0.0152,0.2804
SPADES TEN DIAMONDS EIGHT,0.6426,0.005,0.3524
SPADES FOUR DIAMONDS FIVE,0.6362,0.0072,0.3566
HEARTS JACK CLUBS JACK,0.3052,0.0154,0.6794
HEARTS JACK CLUBS QUEEN,0.7176,0.0128,0.2696
CLUBS NINE DIAMONDS FIVE,0.6606,0.005,0.3344
CLUBS KING HEARTS JACK,0.7266,0.0172,0.2562
CLUBS EIGHT DIAMONDS FIVE,0.6458,0.0032,0.351
CLUBS ACE HEARTS JACK,0.0234,0.9548,0.0218
SPADES SEVEN DIAMONDS FIVE,0.6406,0.0064,0.353
SPADES KING DIAMONDS EIGHT,0.6536,0.0046,0.3418
SPADES SIX DIAMONDS FIVE,0.6394,0.0058,0.3548
SPADES QUEEN DIAMONDS EIGHT,0.6292,0.0054,0.3654
SPADES NINE DIAMONDS FIVE,0.6622,0.005,0.3328
SPADES EIGHT DIAMONDS FIVE,0.6576,0.0052,0.3372
SPADES ACE DIAMONDS EIGHT,0.6714,0.0892,0.2394
DIAMONDS TEN DIAMONDS SIX,0.6238,0.0038,0.3724
HEARTS ACE DIAMONDS SEVEN,0.6726,0.0932,0.2342
DIAMONDS JACK DIAMONDS SIX,0.7236,0.024,0.2524
HEARTS QUEEN DIAMONDS SEVEN,0.6374,0.006,0.3566
HEARTS KING DIAMONDS SEVEN,0.6504,0.0038,0.3458
HEARTS FOUR DIAMONDS SIX,0.643,0.0046,0.3524
SPADES TWO HEARTS JACK,0.7638,0.0218,0.2144
HEARTS FIVE DIAMONDS SIX,0.6346,0.005,0.3604
SPADES TWO HEARTS TEN,0.6872,0.0046,0.3082
DIAMONDS QUEEN DIAMONDS SIX,0.6316,0.0032,0.3652
HEARTS TWO DIAMONDS SIX,0.6634,0.004,0.3326
DIAMONDS KING DIAMONDS SIX,0.6204,0.0052,0.3744
HEARTS THREE DIAMONDS SIX,0.647,0.0042,0.3488
HEARTS EIGHT DIAMONDS SIX,0.6392,0.0052,0.3556
HEARTS NINE DIAMONDS SIX,0.6508,0.0034,0.3458
HEARTS SIX DIAMONDS SIX,0.472,0.0042,0.5238
HEARTS SEVEN DIAMONDS SIX,0.6474,0.0038,0.3488
HEARTS TEN DIAMONDS SEVEN,0.6556,0.004,0.3404
CLUBS TWO DIAMONDS SIX,0.6744,0.0034,0.3222
HEARTS JACK DIAMONDS SEVEN,0.7382,0.0222,0.2396
CLUBS THREE DIAMONDS SIX,0.655,0.0032,0.3418
CLUBS SEVEN DIAMONDS SIX,0.637,0.0026,0.3604
DIAMONDS EIGHT CLUBS JACK,0.7318,0.0192,0.249
CLUBS SIX DIAMONDS SIX,0.4772,0.0034,0.5194
CLUBS TEN DIAMONDS EIGHT,0.644,0.0042,0.3518
CLUBS FIVE DIAMONDS SIX,0.6398,0.0032,0.357
CLUBS FOUR DIAMONDS SIX,0.6502,0.005,0.3448
HEARTS ACE HEARTS JACK,0.0194,0.9014,0.0792
DIAMONDS EIGHT CLUBS ACE,0.6744,0.0922,0.2334
HEARTS QUEEN HEARTS JACK,0.675,0.0136,0.3114
DIAMONDS EIGHT CLUBS KING,0.6416,0.0046,0.3538
CLUBS NINE DIAMONDS SIX,0.658,0.0034,0.3386
HEARTS KING HEARTS JACK,0.6832,0.017,0.2998
DIAMONDS EIGHT CLUBS QUEEN,0.6392,0.0032,0.3576
CLUBS EIGHT DIAMONDS SIX,0.636,0.005,0.359
SPADES TEN HEARTS KING,0.633,0.0022,0.3648
SPADES FIVE DIAMONDS SIX,0.628,0.005,0.367
HEARTS ACE SPADES TWO,0.6824,0.0882,0.2294
SPADES FOUR DIAMONDS SIX,0.6456,0.0054,0.349
SPADES THREE DIAMONDS SIX,0.6706,0.0048,0.3246
HEARTS QUEEN SPADES TWO,0.6602,0.0052,0.3346
SPADES ACE SPADES KING,0.2312,0.047,0.7218
SPADES TWO HEARTS KING,0.6562,0.0044,0.3394
SPADES TWO DIAMONDS SIX,0.6754,0.0052,0.3194
HEARTS TEN HEARTS EIGHT,0.6082,0.0044,0.3874
SPADES NINE DIAMONDS SIX,0.6636,0.0052,0.3312
HEARTS JACK HEARTS EIGHT,0.6812,0.0154,0.3034
SPADES EIGHT DIAMONDS SIX,0.6458,0.004,0.3502
SPADES SEVEN DIAMONDS SIX,0.636,0.0064,0.3576
SPADES SIX DIAMONDS SIX,0.4888,0.0048,0.5064
SPADES KING HEARTS KING,0.2752,0.0044,0.7204
SPADES QUEEN HEARTS KING,0.5934,0.003,0.4036
CLUBS ACE CLUBS KING,0.2364,0.0406,0.723
SPADES ACE HEARTS KING,0.2482,0.045,0.7068
SPADES ACE HEARTS JACK,0.0116,0.9714,0.017
SPADES QUEEN HEARTS JACK,0.7152,0.0136,0.2712
SPADES KING HEARTS JACK,0.732,0.0218,0.2462
SPADES TEN DIAMONDS TEN,0.458,0.0042,0.5378
SPADES ACE DIAMONDS TEN,0.6874,0.0896,0.223
SPADES TEN HEARTS JACK,0.716,0.02,0.264
SPADES QUEEN DIAMONDS TEN,0.6202,0.0038,0.376
SPADES KING DIAMONDS TEN,0.6304,0.0062,0.3634
SPADES NINE DIAMONDS SEVEN,0.6324,0.0058,0.3618
SPADES EIGHT DIAMONDS SEVEN,0.617,0.0044,0.3786
SPADES SEVEN DIAMONDS SEVEN,0.473,0.004,0.523
SPADES SIX DIAMONDS SEVEN,0.6364,0.004,0.3596
DIAMONDS KING DIAMONDS SEVEN,0.6072,0.004,0.3888
HEARTS THREE DIAMONDS SEVEN,0.6664,0.0042,0.3294
HEARTS KING DIAMONDS FIVE,0.658,0.0058,0.3362
DIAMONDS QUEEN DIAMONDS SEVEN,0.6148,0.0054,0.3798
HEARTS TWO DIAMONDS SEVEN,0.6722,0.0032,0.3246
HEARTS QUEEN DIAMONDS FIVE,0.6502,0.0052,0.3446
HEARTS FIVE DIAMONDS SEVEN,0.6396,0.0044,0.356
HEARTS FOUR DIAMONDS SEVEN,0.6632,0.0034,0.3334
HEARTS ACE DIAMONDS FIVE,0.6662,0.0874,0.2464
HEARTS SEVEN DIAMONDS SEVEN,0.4766,0.0042,0.5192
HEARTS SIX DIAMONDS SEVEN,0.6264,0.0028,0.3708
DIAMONDS SEVEN HEARTS NINE,0.6362,0.004,0.3598
HEARTS EIGHT DIAMONDS SEVEN,0.6328,0.0036,0.3636
DIAMONDS JACK DIAMONDS SEVEN,0.7058,0.0186,0.2756
DIAMONDS FIVE HEARTS JACK,0.7562,0.024,0.2198
DIAMONDS TEN DIAMONDS SEVEN,0.639,0.0036,0.3574
HEARTS TEN DIAMONDS FIVE,0.681,0.004,0.315
SPADES KING CLUBS TWO,0.6498,0.0052,0.345
HEARTS KING CLUBS KING,0.2782,0.0032,0.7186
CLUBS EIGHT DIAMONDS SEVEN,0.6178,0.0038,0.3784
SPADES QUEEN CLUBS TWO,0.648,0.0038,0.3482
HEARTS KING CLUBS QUEEN,0.5966,0.0026,0.4008
CLUBS NINE DIAMONDS SEVEN,0.6346,0.0048,0.3606
SPADES TWO CLUBS JACK,0.7516,0.0256,0.2228
SPADES ACE CLUBS TWO,0.6632,0.0914,0.2454
CLUBS TEN SPADES TWO,0.6732,0.0046,0.3222
HEARTS KING CLUBS ACE,0.2568,0.0504,0.6928
CLUBS SEVEN CLUBS SIX,0.5838,0.0044,0.4118
SPADES TWO CLUBS KING,0.664,0.0046,0.3314
SPADES TWO DIAMONDS SEVEN,0.6862,0.006,0.3078
CLUBS EIGHT CLUBS SIX,0.595,0.0032,0.4018
SPADES THREE DIAMONDS SEVEN,0.6782,0.005,0.3168
SPADES TWO CLUBS QUEEN,0.6584,0.0066,0.335
CLUBS NINE CLUBS SIX,0.6122,0.0042,0.3836
SPADES FOUR DIAMONDS SEVEN,0.6484,0.0042,0.3474
HEARTS KING CLUBS JACK,0.7176,0.015,0.2674
SPADES FIVE DIAMONDS SEVEN,0.6506,0.004,0.3454
SPADES TWO CLUBS ACE,0.6698,0.0822,0.248
CLUBS TEN HEARTS KING,0.6224,0.0036,0.374
CLUBS SIX SPADES TWO,0.6776,0.0032,0.3192
CLUBS SIX SPADES THREE,0.6548,0.0054,0.3398
CLUBS TWO DIAMONDS SEVEN,0.673,0.005,0.322
CLUBS SIX SPADES FOUR,0.6458,0.0056,0.3486
CLUBS THREE DIAMONDS SEVEN,0.669,0.004,0.327
CLUBS SIX SPADES FIVE,0.6418,0.0036,0.3546
CLUBS FOUR DIAMONDS SEVEN,0.647,0.005,0.348
CLUBS SIX SPADES SIX,0.4916,0.0036,0.5048
CLUBS FIVE DIAMONDS SEVEN,0.6266,0.0048,0.3686
CLUBS SIX SPADES SEVEN,0.6336,0.0032,0.3632
CLUBS SIX DIAMONDS SEVEN,0.6488,0.003,0.3482
SPADES EIGHT CLUBS SIX,0.637,0.0038,0.3592
CLUBS SEVEN DIAMONDS SEVEN,0.4696,0.0042,0.5262
SPADES NINE CLUBS SIX,0.6538,0.004,0.3422
SPADES TEN CLUBS TWO,0.6888,0.003,0.3082
CLUBS TWO CLUBS QUEEN,0.6036,0.005,0.3914
CLUBS TWO CLUBS KING,0.6156,0.0044,0.38
CLUBS THREE DIAMONDS EIGHT,0.6706,0.0062,0.3232
CLUBS TWO CLUBS ACE,0.6226,0.0782,0.2992
CLUBS TWO DIAMONDS EIGHT,0.6678,0.007,0.3252
HEARTS SEVEN DIAMONDS EIGHT,0.6218,0.0042,0.374
HEARTS SIX DIAMONDS EIGHT,0.6316,0.0042,0.3642
DIAMONDS EIGHT HEARTS NINE,0.633,0.0034,0.3636
CLUBS TEN CLUBS TWO,0.6318,0.005,0.3632
DIAMONDS EIGHT HEARTS EIGHT,0.4646,0.0038,0.5316
CLUBS TWO CLUBS JACK,0.7112,0.023,0.2658
CLUBS NINE DIAMONDS EIGHT,0.6212,0.0032,0.3756
CLUBS EIGHT DIAMONDS EIGHT,0.4612,0.0034,0.5354
CLUBS FIVE DIAMONDS EIGHT,0.6476,0.004,0.3484
SPADES ACE SPADES THREE,0.6428,0.0828,0.2744
CLUBS FOUR DIAMONDS EIGHT,0.6752,0.004,0.3208
CLUBS SEVEN DIAMONDS EIGHT,0.6276,0.0042,0.3682
SPADES QUEEN SPADES THREE,0.6176,0.0052,0.3772
CLUBS SIX DIAMONDS EIGHT,0.6364,0.0032,0.3604
SPADES KING SPADES THREE,0.6202,0.0068,0.373
DIAMONDS QUEEN DIAMONDS EIGHT,0.6106,0.0048,0.3846
HEARTS TWO DIAMONDS EIGHT,0.6764,0.0044,0.3192
DIAMONDS KING DIAMONDS EIGHT,0.6112,0.0032,0.3856
HEARTS THREE DIAMONDS EIGHT,0.6882,0.0048,0.307
HEARTS FOUR DIAMONDS EIGHT,0.6728,0.003,0.3242
HEARTS FIVE DIAMONDS EIGHT,0.6468,0.0054,0.3478
DIAMONDS EIGHT DIAMONDS TEN,0.6278,0.005,0.3672
DIAMONDS EIGHT DIAMONDS JACK,0.686,0.0228,0.2912
SPADES TEN SPADES THREE,0.6586,0.0064,0.335
CLUBS FOUR HEARTS ACE,0.6548,0.0878,0.2574
CLUBS FOUR HEARTS QUEEN,0.6394,0.0032,0.3574
CLUBS FOUR HEARTS KING,0.6402,0.0034,0.3564
CLUBS SIX HEARTS TEN,0.6684,0.0034,0.3282
CLUBS SIX HEARTS JACK,0.7414,0.0206,0.238
SPADES FOUR DIAMONDS EIGHT,0.6538,0.0054,0.3408
SPADES FIVE DIAMONDS EIGHT,0.6466,0.0046,0.3488
DIAMONDS EIGHT SPADES TWO,0.6874,0.0052,0.3074
DIAMONDS EIGHT SPADES THREE,0.6946,0.0036,0.3018
CLUBS FOUR HEARTS JACK,0.7344,0.0226,0.243
SPADES EIGHT DIAMONDS EIGHT,0.4662,0.0036,0.5302
SPADES TEN HEARTS TWO,0.6856,0.0028,0.3116
SPADES TEN DIAMONDS QUEEN,0.6254,0.0036,0.371
CLUBS FOUR HEARTS TEN,0.6818,0.0038,0.3144
SPADES NINE DIAMONDS EIGHT,0.6364,0.0048,0.3588
SPADES TEN HEARTS EIGHT,0.6434,0.0036,0.353
SPADES SIX DIAMONDS EIGHT,0.6426,0.0044,0.353
SPADES SEVEN DIAMONDS EIGHT,0.625,0.0052,0.3698
SPADES ACE HEARTS TWO,0.6582,0.0924,0.2494
SPADES ACE DIAMONDS QUEEN,0.2396,0.0578,0.7026
SPADES ACE HEARTS EIGHT,0.6768,0.089,0.2342
SPADES KING HEARTS EIGHT,0.6536,0.0046,0.3418
SPADES QUEEN HEARTS TWO,0.6424,0.0042,0.3534
SPADES QUEEN DIAMONDS QUEEN,0.2946,0.0044,0.701
SPADES KING DIAMONDS QUEEN,0.6008,0.0044,0.3948
SPADES KING HEARTS TWO,0.6508,0.004,0.3452
SPADES QUEEN HEARTS EIGHT,0.6258,0.0046,0.3696
CLUBS TWO HEARTS TEN,0.685,0.0036,0.3114
CLUBS TWO HEARTS JACK,0.7554,0.0244,0.2202
SPADES SEVEN DIAMONDS NINE,0.6512,0.0048,0.344
SPADES SIX DIAMONDS NINE,0.653,0.0042,0.3428
SPADES NINE DIAMONDS NINE,0.4844,0.0052,0.5104
SPADES EIGHT DIAMONDS NINE,0.6278,0.0048,0.3674
SPADES TEN CLUBS KING,0.62,0.0038,0.3762
DIAMONDS NINE SPADES THREE,0.6754,0.004,0.3206
DIAMONDS NINE SPADES TWO,0.6768,0.005,0.3182
SPADES FIVE DIAMONDS NINE,0.6628,0.0034,0.3338
DIAMONDS NINE SPADES FOUR,0.6868,0.004,0.3092
CLUBS NINE DIAMONDS NINE,0.4532,0.005,0.5418
CLUBS EIGHT DIAMONDS NINE,0.6192,0.0046,0.3762
CLUBS SIX DIAMONDS NINE,0.6606,0.003,0.3364
CLUBS SEVEN DIAMONDS NINE,0.6482,0.0032,0.3486
SPADES TEN CLUBS FOUR,0.6844,0.0034,0.3122
CLUBS FOUR DIAMONDS NINE,0.6954,0.004,0.3006
CLUBS FIVE DIAMONDS NINE,0.6658,0.005,0.3292
DIAMONDS NINE CLUBS TWO,0.6836,0.006,0.3104
CLUBS THREE DIAMONDS NINE,0.6774,0.0052,0.3174
DIAMONDS NINE HEARTS EIGHT,0.6364,0.0048,0.3588
DIAMONDS NINE HEARTS NINE,0.4648,0.0026,0.5326
HEARTS SIX DIAMONDS NINE,0.6486,0.0042,0.3472
HEARTS SEVEN DIAMONDS NINE,0.6356,0.0032,0.3612
CLUBS NINE CLUBS EIGHT,0.5892,0.0038,0.407
HEARTS FOUR DIAMONDS NINE,0.6848,0.0056,0.3096
HEARTS FIVE DIAMONDS NINE,0.6628,0.0046,0.3326
HEARTS ACE CLUBS TWO,0.668,0.0826,0.2494
SPADES ACE CLUBS FOUR,0.6522,0.0882,0.2596
DIAMONDS QUEEN DIAMONDS NINE,0.6052,0.0034,0.3914
HEARTS TWO DIAMONDS NINE,0.6862,0.0032,0.3106
CLUBS TWO HEARTS KING,0.6636,0.0064,0.33
SPADES KING CLUBS FOUR,0.6416,0.006,0.3524
DIAMONDS KING DIAMONDS NINE,0.6196,0.0072,0.3732
HEARTS THREE DIAMONDS NINE,0.6646,0.0044,0.331
CLUBS TWO HEARTS QUEEN,0.6506,0.0046,0.3448
SPADES QUEEN CLUBS FOUR,0.6514,0.0042,0.3444
DIAMONDS NINE DIAMONDS JACK,0.6964,0.0178,0.2858
CLUBS EIGHT SPADES NINE,0.6358,0.006,0.3582
DIAMONDS NINE DIAMONDS TEN,0.6128,0.0058,0.3814
CLUBS EIGHT SPADES EIGHT,0.4626,0.0032,0.5342
CLUBS EIGHT SPADES SEVEN,0.6448,0.0036,0.3516
CLUBS EIGHT SPADES SIX,0.639,0.0038,0.3572
CLUBS EIGHT SPADES FIVE,0.6518,0.005,0.3432
CLUBS EIGHT SPADES FOUR,0.6656,0.004,0.3304
CLUBS EIGHT SPADES THREE,0.6874,0.0046,0.308
CLUBS EIGHT SPADES TWO,0.6756,0.0046,0.3198
HEARTS SIX DIAMONDS TEN,0.6772,0.0034,0.3194
HEARTS SEVEN DIAMONDS TEN,0.6606,0.0034,0.336
DIAMONDS TEN HEARTS EIGHT,0.647,0.0022,0.3508
CLUBS FOUR CLUBS JACK,0.6996,0.021,0.2794
DIAMONDS TEN HEARTS NINE,0.6406,0.0054,0.354
CLUBS TEN CLUBS FOUR,0.646,0.0032,0.3508
CLUBS FOUR CLUBS KING,0.6058,0.005,0.3892
CLUBS FOUR CLUBS QUEEN,0.6094,0.0038,0.3868
CLUBS TWO DIAMONDS TEN,0.679,0.0056,0.3154
CLUBS THREE DIAMONDS TEN,0.6758,0.0058,0.3184
CLUBS FOUR CLUBS ACE,0.6242,0.0798,0.296
DIAMONDS JACK DIAMONDS TEN,0.6814,0.017,0.3016
DIAMONDS QUEEN DIAMONDS TEN,0.5882,0.0038,0.408
HEARTS TWO DIAMONDS TEN,0.6838,0.0058,0.3104
DIAMONDS KING DIAMONDS TEN,0.6066,0.0056,0.3878
HEARTS THREE DIAMONDS TEN,0.6878,0.0034,0.3088
HEARTS FOUR DIAMONDS TEN,0.6928,0.0068,0.3004
CLUBS EIGHT HEARTS JACK,0.7272,0.0158,0.257
HEARTS FIVE DIAMONDS TEN,0.6832,0.0052,0.3116
CLUBS EIGHT HEARTS TEN,0.6448,0.0044,0.3508
CLUBS EIGHT HEARTS QUEEN,0.6286,0.0036,0.3678
CLUBS EIGHT HEARTS KING,0.6438,0.0036,0.3526
CLUBS EIGHT HEARTS ACE,0.6692,0.08,0.2508
CLUBS NINE SPADES THREE,0.6642,0.0042,0.3316
CLUBS NINE SPADES TWO,0.6828,0.005,0.3122
CLUBS NINE SPADES FIVE,0.657,0.0044,0.3386
CLUBS NINE SPADES FOUR,0.6808,0.0046,0.3146
CLUBS NINE SPADES SEVEN,0.636,0.0038,0.3602
CLUBS NINE SPADES SIX,0.6336,0.0046,0.3618
CLUBS NINE SPADES NINE,0.4628,0.003,0.5342
CLUBS TEN HEARTS EIGHT,0.6528,0.0034,0.3438
CLUBS NINE SPADES EIGHT,0.643,0.0032,0.3538
HEARTS EIGHT CLUBS JACK,0.72,0.016,0.264
CLUBS QUEEN HEARTS EIGHT,0.632,0.004,0.364
CLUBS KING HEARTS EIGHT,0.6338,0.0038,0.3624
CLUBS ACE HEARTS EIGHT,0.676,0.0932,0.2308
SPADES KING CLUBS KING,0.2786,0.0044,0.717
SPADES QUEEN CLUBS KING,0.5856,0.0048,0.4096
SPADES ACE CLUBS KING,0.2444,0.0426,0.713
HEARTS FOUR HEARTS TEN,0.6248,0.004,0.3712
HEARTS FOUR HEARTS JACK,0.6962,0.0198,0.284
SPADES KING CLUBS FIVE,0.6254,0.0058,0.3688
SPADES QUEEN CLUBS FIVE,0.6504,0.0042,0.3454
SPADES ACE CLUBS FIVE,0.6576,0.0924,0.25
HEARTS SEVEN DIAMONDS JACK,0.7418,0.0198,0.2384
HEARTS SIX DIAMONDS JACK,0.7632,0.0176,0.2192
DIAMONDS JACK HEARTS NINE,0.7368,0.014,0.2492
DIAMONDS JACK HEARTS EIGHT,0.734,0.0166,0.2494
DIAMONDS KING DIAMONDS JACK,0.7058,0.0144,0.2798
HEARTS THREE DIAMONDS JACK,0.7506,0.022,0.2274
SPADES ACE SPADES SIX,0.6328,0.0896,0.2776
HEARTS ACE SPADES FOUR,0.6612,0.0892,0.2496
DIAMONDS QUEEN DIAMONDS JACK,0.6976,0.0166,0.2858
HEARTS TWO DIAMONDS JACK,0.7686,0.0202,0.2112
HEARTS FIVE DIAMONDS JACK,0.7586,0.0226,0.2188
SPADES QUEEN SPADES SIX,0.6138,0.0062,0.38
SPADES FOUR HEARTS QUEEN,0.6556,0.0032,0.3412
HEARTS FOUR DIAMONDS JACK,0.7552,0.0192,0.2256
SPADES KING SPADES SIX,0.6056,0.0048,0.3896
SPADES FOUR HEARTS KING,0.6462,0.0022,0.3516
SPADES TEN SPADES SIX,0.6494,0.0046,0.346
SPADES FOUR DIAMONDS JACK,0.7728,0.021,0.2062
SPADES FIVE DIAMONDS JACK,0.7586,0.0234,0.218
DIAMONDS JACK SPADES TWO,0.7756,0.019,0.2054
SPADES THREE DIAMONDS JACK,0.7728,0.0214,0.2058
SPADES ACE DIAMONDS THREE,0.6674,0.0864,0.2462
SPADES QUEEN DIAMONDS THREE,0.658,0.004,0.338
CLUBS EIGHT DIAMONDS JACK,0.7258,0.0188,0.2554
SPADES KING DIAMONDS THREE,0.6516,0.0048,0.3436
CLUBS NINE DIAMONDS JACK,0.7316,0.02,0.2484
CLUBS SIX DIAMONDS JACK,0.751,0.0216,0.2274
CLUBS SEVEN DIAMONDS JACK,0.746,0.0202,0.2338
CLUBS FOUR DIAMONDS JACK,0.752,0.022,0.226
CLUBS FIVE DIAMONDS JACK,0.745,0.0204,0.2346
CLUBS TWO DIAMONDS JACK,0.7636,0.0212,0.2152
CLUBS THREE DIAMONDS JACK,0.7688,0.02,0.2112
SPADES TEN CLUBS FIVE,0.6656,0.0064,0.328
SPADES TEN HEARTS SIX,0.6732,0.0036,0.3232
CLUBS SEVEN CLUBS ACE,0.6196,0.0818,0.2986
SPADES TEN DIAMONDS THREE,0.6908,0.0048,0.3044
CLUBS SEVEN CLUBS QUEEN,0.6062,0.004,0.3898
CLUBS SEVEN CLUBS KING,0.6048,0.0034,0.3918
SPADES NINE DIAMONDS JACK,0.736,0.0202,0.2438
CLUBS TEN CLUBS SEVEN,0.6148,0.0028,0.3824
HEARTS FOUR HEARTS ACE,0.622,0.079,0.299
SPADES EIGHT DIAMONDS JACK,0.7284,0.021,0.2506
SPADES ACE HEARTS SIX,0.6792,0.0798,0.241
CLUBS SEVEN CLUBS JACK,0.6888,0.0184,0.2928
HEARTS FOUR HEARTS KING,0.5998,0.0038,0.3964
SPADES SEVEN DIAMONDS JACK,0.7442,0.0224,0.2334
SPADES KING HEARTS SIX,0.647,0.0024,0.3506
HEARTS FOUR HEARTS QUEEN,0.597,0.0044,0.3986
SPADES SIX DIAMONDS JACK,0.7624,0.0222,0.2154
SPADES QUEEN HEARTS SIX,0.6534,0.0032,0.3434
SPADES TWO DIAMONDS TEN,0.6842,0.0066,0.3092
SPADES THREE DIAMONDS TEN,0.686,0.0044,0.3096
SPADES FOUR DIAMONDS TEN,0.6914,0.005,0.3036
SPADES FIVE DIAMONDS TEN,0.6972,0.0052,0.2976
SPADES SIX DIAMONDS TEN,0.6896,0.0048,0.3056
SPADES SEVEN DIAMONDS TEN,0.662,0.0046,0.3334
SPADES EIGHT DIAMONDS TEN,0.6548,0.0048,0.3404
SPADES NINE DIAMONDS TEN,0.639,0.0042,0.3568
CLUBS FOUR DIAMONDS TEN,0.6722,0.0044,0.3234
CLUBS FIVE DIAMONDS TEN,0.684,0.0028,0.3132
CLUBS SIX DIAMONDS TEN,0.6622,0.0046,0.3332
CLUBS SEVEN DIAMONDS TEN,0.6514,0.0038,0.3448
CLUBS EIGHT DIAMONDS TEN,0.6364,0.0034,0.3602
CLUBS NINE DIAMONDS TEN,0.642,0.005,0.353
DIAMONDS THREE CLUBS JACK,0.7476,0.022,0.2304
CLUBS TEN DIAMONDS THREE,0.707,0.0026,0.2904
DIAMONDS THREE CLUBS KING,0.6674,0.0044,0.3282
DIAMONDS THREE CLUBS QUEEN,0.6468,0.006,0.3472
DIAMONDS THREE CLUBS ACE,0.6632,0.0888,0.248
SPADES FOUR HEARTS JACK,0.7552,0.0194,0.2254
SPADES FOUR HEARTS TEN,0.685,0.0048,0.3102
SPADES FIVE SPADES TWO,0.622,0.0062,0.3718
SPADES FOUR SPADES TWO,0.61,0.0058,0.3842
SPADES THREE SPADES TWO,0.6288,0.004,0.3672
SPADES NINE SPADES TWO,0.6492,0.0058,0.345
SPADES EIGHT SPADES TWO,0.641,0.0064,0.3526
SPADES SEVEN SPADES TWO,0.6458,0.0064,0.3478
SPADES SIX SPADES TWO,0.6414,0.0052,0.3534
DIAMONDS QUEEN CLUBS THREE,0.6464,0.0064,0.3472
CLUBS THREE HEARTS TWO,0.6472,0.0064,0.3464
DIAMONDS QUEEN CLUBS TWO,0.651,0.0066,0.3424
HEARTS TWO CLUBS TWO,0.483,0.0028,0.5142
HEARTS SEVEN DIAMONDS QUEEN,0.6538,0.0026,0.3436
HEARTS SEVEN HEARTS TWO,0.6348,0.0032,0.362
HEARTS SIX DIAMONDS QUEEN,0.6568,0.0038,0.3394
HEARTS SIX HEARTS TWO,0.6164,0.0062,0.3774
DIAMONDS QUEEN HEARTS NINE,0.6328,0.0058,0.3614
HEARTS TWO HEARTS NINE,0.6368,0.0032,0.36
DIAMONDS QUEEN HEARTS EIGHT,0.6458,0.0036,0.3506
HEARTS TWO HEARTS EIGHT,0.6334,0.0038,0.3628
CLUBS NINE HEARTS TWO,0.6864,0.0062,0.3074
CLUBS NINE DIAMONDS QUEEN,0.6426,0.0054,0.352
CLUBS EIGHT HEARTS TWO,0.6688,0.0058,0.3254
CLUBS EIGHT DIAMONDS QUEEN,0.6426,0.005,0.3524
CLUBS FIVE DIAMONDS QUEEN,0.651,0.0024,0.3466
CLUBS FIVE HEARTS TWO,0.643,0.004,0.353
SPADES EIGHT HEARTS ACE,0.6748,0.0916,0.2336
DIAMONDS QUEEN CLUBS FOUR,0.649,0.0058,0.3452
CLUBS FOUR HEARTS TWO,0.6592,0.0044,0.3364
CLUBS SEVEN DIAMONDS QUEEN,0.6462,0.0038,0.35
CLUBS SEVEN HEARTS TWO,0.6794,0.0032,0.3174
SPADES EIGHT HEARTS QUEEN,0.6414,0.0044,0.3542
CLUBS SIX DIAMONDS QUEEN,0.6468,0.004,0.3492
CLUBS SIX HEARTS TWO,0.6694,0.003,0.3276
SPADES EIGHT HEARTS KING,0.6518,0.0038,0.3444
DIAMONDS QUEEN SPADES SIX,0.6576,0.0034,0.339
SPADES SIX HEARTS TWO,0.6646,0.006,0.3294
HEARTS FOUR CLUBS QUEEN,0.6472,0.0034,0.3494
DIAMONDS QUEEN SPADES SEVEN,0.654,0.0034,0.3426
SPADES SEVEN HEARTS TWO,0.6828,0.005,0.3122
HEARTS FOUR CLUBS KING,0.6412,0.0048,0.354
SPADES EIGHT DIAMONDS QUEEN,0.6412,0.006,0.3528
SPADES EIGHT HEARTS TWO,0.6754,0.0048,0.3198
HEARTS FOUR CLUBS ACE,0.6488,0.0944,0.2568
SPADES NINE DIAMONDS QUEEN,0.6324,0.0042,0.3634
SPADES NINE HEARTS TWO,0.6778,0.0058,0.3164
HEARTS TWO SPADES TWO,0.4804,0.008,0.5116
DIAMONDS QUEEN SPADES TWO,0.6658,0.0046,0.3296
HEARTS TWO SPADES THREE,0.6598,0.006,0.3342
DIAMONDS QUEEN SPADES THREE,0.6624,0.0054,0.3322
HEARTS TWO SPADES FOUR,0.6644,0.0074,0.3282
DIAMONDS QUEEN SPADES FOUR,0.6698,0.0038,0.3264
CLUBS TEN HEARTS FOUR,0.6764,0.0038,0.3198
HEARTS TWO SPADES FIVE,0.6576,0.0062,0.3362
DIAMONDS QUEEN SPADES FIVE,0.6592,0.0056,0.3352
HEARTS FOUR CLUBS JACK,0.7526,0.0198,0.2276
CLUBS FIVE CLUBS KING,0.6102,0.0044,0.3854
CLUBS FIVE CLUBS QUEEN,0.5986,0.0034,0.398
CLUBS FIVE CLUBS ACE,0.631,0.0834,0.2856
CLUBS FIVE CLUBS JACK,0.6922,0.0212,0.2866
CLUBS TEN CLUBS FIVE,0.6248,0.0056,0.3696
SPADES KING CLUBS JACK,0.7298,0.0126,0.2576
SPADES QUEEN CLUBS JACK,0.7182,0.0136,0.2682
SPADES ACE CLUBS JACK,0.0118,0.9724,0.0158
SPADES SIX CLUBS KING,0.6512,0.0044,0.3444
SPADES SIX CLUBS QUEEN,0.641,0.0034,0.3556
SPADES EIGHT HEARTS JACK,0.7314,0.0214,0.2472
SPADES SIX CLUBS ACE,0.68,0.0838,0.2362
SPADES EIGHT HEARTS TEN,0.645,0.0028,0.3522
SPADES SIX CLUBS JACK,0.7584,0.0174,0.2242
CLUBS TEN SPADES SIX,0.6768,0.0046,0.3186
SPADES TEN CLUBS JACK,0.7138,0.014,0.2722
SPADES QUEEN CLUBS SEVEN,0.6468,0.0046,0.3486
SPADES KING CLUBS SEVEN,0.6386,0.0048,0.3566
SPADES ACE CLUBS SEVEN,0.6618,0.0878,0.2504
SPADES SIX HEARTS TEN,0.6604,0.003,0.3366
SPADES SIX HEARTS JACK,0.7574,0.0244,0.2182
SPADES SIX HEARTS ACE,0.6888,0.091,0.2202
SPADES SIX HEARTS KING,0.6598,0.0038,0.3364
SPADES SIX HEARTS QUEEN,0.6474,0.0064,0.3462
CLUBS SEVEN SPADES TEN,0.66,0.0026,0.3374
CLUBS TEN HEARTS SIX,0.6696,0.0024,0.328
HEARTS SIX CLUBS JACK,0.7466,0.0186,0.2348
CLUBS ACE CLUBS JACK,0.0186,0.9122,0.0692
HEARTS SIX CLUBS QUEEN,0.6542,0.0034,0.3424
HEARTS SIX CLUBS KING,0.6542,0.0026,0.3432
HEARTS SIX CLUBS ACE,0.6768,0.0862,0.237
CLUBS QUEEN CLUBS JACK,0.6948,0.0114,0.2938
CLUBS KING CLUBS JACK,0.688,0.0154,0.2966
DIAMONDS THREE HEARTS ACE,0.6712,0.0934,0.2354
DIAMONDS THREE HEARTS QUEEN,0.6452,0.0034,0.3514
DIAMONDS THREE HEARTS KING,0.66,0.0048,0.3352
CLUBS FIVE HEARTS JACK,0.7476,0.0236,0.2288
HEARTS FOUR SPADES TEN,0.6766,0.0042,0.3192
CLUBS FIVE HEARTS TEN,0.6764,0.0032,0.3204
SPADES ACE HEARTS FOUR,0.6672,0.0818,0.251
CLUBS FIVE HEARTS ACE,0.6586,0.083,0.2584
CLUBS FIVE HEARTS KING,0.6458,0.0046,0.3496
HEARTS FOUR SPADES QUEEN,0.6466,0.0046,0.3488
SPADES FOUR CLUBS JACK,0.7444,0.0222,0.2334
CLUBS FIVE HEARTS QUEEN,0.637,0.004,0.359
SPADES KING HEARTS FOUR,0.6472,0.006,0.3468
CLUBS TEN SPADES FOUR,0.6662,0.0046,0.3292
HEARTS FOUR DIAMONDS QUEEN,0.6496,0.005,0.3454
HEARTS FOUR HEARTS TWO,0.6018,0.0036,0.3946
DIAMONDS THREE HEARTS TEN,0.6818,0.0034,0.3148
SPADES FOUR CLUBS KING,0.6516,0.004,0.3444
HEARTS FIVE DIAMONDS QUEEN,0.6438,0.0036,0.3526
HEARTS FIVE HEARTS TWO,0.6128,0.0042,0.383
DIAMONDS THREE HEARTS JACK,0.7564,0.0216,0.222
SPADES FOUR CLUBS QUEEN,0.6414,0.0054,0.3532
DIAMONDS QUEEN HEARTS TWO,0.673,0.0044,0.3226
DIAMONDS KING DIAMONDS QUEEN,0.5618,0.0042,0.434
DIAMONDS KING HEARTS TWO,0.6678,0.005,0.3272
DIAMONDS QUEEN HEARTS THREE,0.6508,0.0056,0.3436
HEARTS THREE HEARTS TWO,0.6186,0.0058,0.3756
SPADES FOUR CLUBS ACE,0.6682,0.0836,0.2482
HEARTS TWO CLUBS ACE,0.6654,0.0844,0.2502
DIAMONDS QUEEN CLUBS ACE,0.2356,0.0636,0.7008
HEARTS TWO CLUBS QUEEN,0.668,0.0048,0.3272
DIAMONDS QUEEN CLUBS QUEEN,0.2994,0.002,0.6986
HEARTS TWO CLUBS KING,0.6426,0.003,0.3544
DIAMONDS QUEEN CLUBS KING,0.602,0.0056,0.3924
SPADES EIGHT SPADES FIVE,0.6198,0.006,0.3742
CLUBS TEN HEARTS TWO,0.6748,0.005,0.3202
CLUBS TEN DIAMONDS QUEEN,0.6032,0.0046,0.3922
SPADES NINE SPADES FIVE,0.6238,0.0062,0.37
HEARTS TWO CLUBS JACK,0.751,0.0198,0.2292
DIAMONDS QUEEN CLUBS JACK,0.7274,0.0124,0.2602
SPADES SIX SPADES FIVE,0.6072,0.006,0.3868
SPADES SEVEN SPADES FIVE,0.6068,0.0048,0.3884
DIAMONDS FIVE CLUBS QUEEN,0.6452,0.0036,0.3512
SPADES EIGHT CLUBS ACE,0.6768,0.081,0.2422
DIAMONDS FIVE CLUBS KING,0.6534,0.0052,0.3414
SPADES EIGHT CLUBS KING,0.6564,0.004,0.3396
CLUBS ACE DIAMONDS FIVE,0.6618,0.0828,0.2554
SPADES EIGHT CLUBS QUEEN,0.6266,0.008,0.3654
SPADES EIGHT CLUBS JACK,0.7368,0.018,0.2452
CLUBS TEN SPADES EIGHT,0.6426,0.0046,0.3528
CLUBS TEN DIAMONDS FIVE,0.673,0.004,0.323
DIAMONDS FIVE CLUBS JACK,0.763,0.0198,0.2172
DIAMONDS TEN HEARTS JACK,0.7092,0.0168,0.274
DIAMONDS TEN HEARTS TEN,0.4438,0.003,0.5532
SPADES ACE CLUBS NINE,0.6782,0.0862,0.2356
CLUBS NINE SPADES QUEEN,0.6216,0.0052,0.3732
CLUBS NINE SPADES KING,0.6316,0.0034,0.365
HEARTS SIX HEARTS KING,0.6008,0.0034,0.3958
DIAMONDS KING SPADES SEVEN,0.6302,0.0042,0.3656
SPADES SEVEN HEARTS THREE,0.6682,0.0032,0.3286
