opposingHand,winningChance,drawChance,lostChance
SPADES SEVEN SPADES FOUR
HEARTS FIVE SPADES TEN,0.3982,0.032,0.5698
SPADES JACK HEARTS FIVE,0.4138,0.019,0.5672
SPADES FIVE CLUBS JACK,0.4008,0.0206,0.5786
SPADES FIVE CLUBS TEN,0.3988,0.0276,0.5736
CLUBS EIGHT CLUBS JACK,0.3638,0.0164,0.6198
CLUBS EIGHT CLUBS TEN,0.356,0.0242,0.6198
CLUBS EIGHT CLUBS KING,0.3722,0.0072,0.6206
SPADES FIVE CLUBS ACE,0.4026,0.0068,0.5906
CLUBS EIGHT CLUBS QUEEN,0.3748,0.0118,0.6134
SPADES FIVE CLUBS KING,0.3954,0.009,0.5956
SPADES FIVE CLUBS QUEEN,0.4116,0.0146,0.5738
CLUBS EIGHT CLUBS ACE,0.3586,0.0052,0.6362
DIAMONDS TWO DIAMONDS THREE,0.5544,0.0922,0.3534
DIAMONDS TWO DIAMONDS FIVE,0.5234,0.099,0.3776
SPADES KING HEARTS FIVE,0.407,0.0074,0.5856
DIAMONDS TWO DIAMONDS FOUR,0.5438,0.1942,0.262
SPADES QUEEN HEARTS FIVE,0.4008,0.0128,0.5864
DIAMONDS TWO DIAMONDS SEVEN,0.3154,0.4442,0.2404
DIAMONDS TWO DIAMONDS SIX,0.5514,0.094,0.3546
SPADES ACE HEARTS FIVE,0.3902,0.0054,0.6044
DIAMONDS TWO DIAMONDS NINE,0.425,0.0406,0.5344
DIAMONDS TWO DIAMONDS EIGHT,0.4194,0.06,0.5206
DIAMONDS THREE DIAMONDS FOUR,0.5328,0.184,0.2832
DIAMONDS THREE DIAMONDS FIVE,0.5274,0.0904,0.3822
CLUBS TWO SPADES FIVE,0.56,0.101,0.339
CLUBS TWO SPADES TWO,0.4018,0.1112,0.487
CLUBS TWO SPADES THREE,0.6016,0.103,0.2954
DIAMONDS THREE DIAMONDS EIGHT,0.4204,0.0606,0.519
SPADES EIGHT CLUBS TWO,0.4324,0.0662,0.5014
DIAMONDS THREE DIAMONDS NINE,0.424,0.0384,0.5376
SPADES NINE CLUBS TWO,0.433,0.0384,0.5286
DIAMONDS THREE DIAMONDS SIX,0.5326,0.0978,0.3696
CLUBS TWO SPADES SIX,0.5828,0.0952,0.322
DIAMONDS THREE DIAMONDS SEVEN,0.3036,0.4542,0.2422
CLUBS SIX CLUBS TWO,0.5538,0.0938,0.3524
CLUBS SEVEN CLUBS TWO,0.3124,0.4458,0.2418
CLUBS FOUR CLUBS TWO,0.5548,0.1868,0.2584
CLUBS FIVE CLUBS TWO,0.5338,0.0952,0.371
CLUBS JACK CLUBS TEN,0.3594,0.0134,0.6272
DIAMONDS FOUR DIAMONDS SIX,0.5442,0.1858,0.27
CLUBS QUEEN CLUBS TEN,0.3582,0.0104,0.6314
DIAMONDS FOUR DIAMONDS SEVEN,0.0756,0.854,0.0704
CLUBS KING CLUBS TEN,0.3586,0.008,0.6334
CLUBS ACE CLUBS TEN,0.3698,0.0034,0.6268
CLUBS EIGHT CLUBS TWO,0.4208,0.0648,0.5144
DIAMONDS FIVE DIAMONDS FOUR,0.5174,0.1868,0.2958
CLUBS NINE CLUBS TWO,0.4128,0.041,0.5462
DIAMONDS NINE DIAMONDS FOUR,0.2944,0.1032,0.6024
DIAMONDS EIGHT DIAMONDS FOUR,0.2924,0.1292,0.5784
CLUBS TWO CLUBS THREE,0.5702,0.094,0.3358
DIAMONDS NINE DIAMONDS FIVE,0.3848,0.0372,0.578
DIAMONDS TWO CLUBS JACK,0.4614,0.02,0.5186
DIAMONDS EIGHT DIAMONDS FIVE,0.3716,0.0586,0.5698
DIAMONDS TWO CLUBS TEN,0.4516,0.0312,0.5172
DIAMONDS FIVE DIAMONDS SEVEN,0.2596,0.4014,0.339
DIAMONDS FIVE DIAMONDS SIX,0.4958,0.0932,0.411
DIAMONDS TWO CLUBS ACE,0.4384,0.0054,0.5562
DIAMONDS TWO CLUBS KING,0.4592,0.0082,0.5326
DIAMONDS TWO CLUBS QUEEN,0.452,0.0132,0.5348
DIAMONDS EIGHT DIAMONDS SIX,0.3698,0.056,0.5742
DIAMONDS NINE DIAMONDS SIX,0.3702,0.0404,0.5894
SPADES THREE HEARTS ACE,0.4274,0.0042,0.5684
HEARTS KING SPADES THREE,0.4418,0.0088,0.5494
DIAMONDS SEVEN DIAMONDS SIX,0.2472,0.328,0.4248
SPADES THREE HEARTS QUEEN,0.4262,0.0132,0.5606
SPADES THREE HEARTS JACK,0.4482,0.024,0.5278
SPADES THREE HEARTS TEN,0.4366,0.0298,0.5336
DIAMONDS EIGHT DIAMONDS SEVEN,0.2698,0.1264,0.6038
DIAMONDS NINE DIAMONDS SEVEN,0.2684,0.0954,0.6362
DIAMONDS NINE DIAMONDS EIGHT,0.331,0.0344,0.6346
DIAMONDS KING HEARTS TEN,0.384,0.0058,0.6102
HEARTS THREE HEARTS TEN,0.4158,0.029,0.5552
CLUBS SIX SPADES JACK,0.4134,0.0166,0.57
DIAMONDS KING HEARTS JACK,0.3844,0.0074,0.6082
HEARTS THREE HEARTS JACK,0.4204,0.0148,0.5648
CLUBS SIX SPADES TEN,0.4022,0.0296,0.5682
SPADES JACK SPADES FIVE,0.3428,0.0224,0.6348
SPADES TEN SPADES FIVE,0.3466,0.0308,0.6226
DIAMONDS KING HEARTS ACE,0.3942,0.0042,0.6016
HEARTS THREE HEARTS ACE,0.4178,0.0068,0.5754
SPADES ACE CLUBS SIX,0.4088,0.0046,0.5866
DIAMONDS KING HEARTS QUEEN,0.3872,0.0076,0.6052
HEARTS THREE HEARTS QUEEN,0.4124,0.0126,0.575
SPADES KING CLUBS SIX,0.399,0.0078,0.5932
DIAMONDS KING HEARTS KING,0.2022,0.0146,0.7832
HEARTS THREE HEARTS KING,0.4178,0.0078,0.5744
SPADES QUEEN CLUBS SIX,0.3984,0.0112,0.5904
SPADES NINE HEARTS TEN,0.3416,0.0248,0.6336
SPADES NINE HEARTS JACK,0.3598,0.017,0.6232
SPADES QUEEN SPADES FIVE,0.3652,0.0158,0.619
SPADES KING SPADES FIVE,0.3642,0.0084,0.6274
SPADES ACE SPADES FIVE,0.3434,0.0044,0.6522
SPADES NINE HEARTS QUEEN,0.3646,0.0088,0.6266
SPADES NINE HEARTS KING,0.3844,0.0086,0.607
SPADES NINE HEARTS ACE,0.3716,0.005,0.6234
SPADES JACK CLUBS TEN,0.3634,0.0112,0.6254
SPADES TEN CLUBS TEN,0.1934,0.0598,0.7468
SPADES ACE CLUBS TEN,0.3628,0.005,0.6322
SPADES KING CLUBS TEN,0.3822,0.006,0.6118
SPADES QUEEN CLUBS TEN,0.3592,0.0084,0.6324
SPADES FIVE HEARTS QUEEN,0.416,0.0136,0.5704
SPADES FIVE HEARTS KING,0.4062,0.0102,0.5836
SPADES FIVE HEARTS ACE,0.3928,0.0048,0.6024
CLUBS EIGHT SPADES TEN,0.3636,0.025,0.6114
HEARTS THREE SPADES JACK,0.4362,0.0218,0.542
SPADES JACK DIAMONDS KING,0.3732,0.0082,0.6186
SPADES TEN DIAMONDS KING,0.3696,0.007,0.6234
HEARTS THREE SPADES TEN,0.436,0.0296,0.5344
CLUBS EIGHT SPADES JACK,0.3636,0.0178,0.6186
SPADES ACE CLUBS EIGHT,0.3746,0.0054,0.62
HEARTS FIVE CLUBS JACK,0.4092,0.0198,0.571
CLUBS SIX HEARTS ACE,0.408,0.0048,0.5872
HEARTS FIVE CLUBS TEN,0.4178,0.0276,0.5546
CLUBS EIGHT SPADES QUEEN,0.3766,0.0134,0.61
SPADES THREE CLUBS TEN,0.4376,0.0294,0.533
CLUBS SIX HEARTS QUEEN,0.4178,0.0114,0.5708
CLUBS EIGHT SPADES KING,0.3718,0.009,0.6192
SPADES THREE CLUBS JACK,0.436,0.0232,0.5408
CLUBS SIX HEARTS KING,0.4188,0.0068,0.5744
DIAMONDS TWO HEARTS JACK,0.4454,0.0208,0.5338
SPADES THREE CLUBS QUEEN,0.4398,0.0132,0.547
DIAMONDS TWO HEARTS TEN,0.4406,0.0302,0.5292
SPADES THREE CLUBS KING,0.439,0.011,0.55
HEARTS FIVE CLUBS ACE,0.397,0.0034,0.5996
SPADES FIVE HEARTS TEN,0.4146,0.0234,0.562
SPADES THREE CLUBS ACE,0.422,0.0054,0.5726
HEARTS FIVE CLUBS KING,0.4174,0.0062,0.5764
SPADES FIVE HEARTS JACK,0.4096,0.019,0.5714
HEARTS FIVE CLUBS QUEEN,0.4136,0.0118,0.5746
HEARTS THREE CLUBS KING,0.4474,0.0088,0.5438
DIAMONDS KING CLUBS KING,0.2044,0.0158,0.7798
HEARTS THREE CLUBS QUEEN,0.4404,0.0134,0.5462
DIAMONDS KING CLUBS QUEEN,0.3826,0.0068,0.6106
HEARTS FIVE HEARTS JACK,0.3816,0.0224,0.596
HEARTS FIVE HEARTS TEN,0.3968,0.0234,0.5798
HEARTS THREE CLUBS ACE,0.4314,0.0052,0.5634
DIAMONDS KING CLUBS ACE,0.3938,0.0042,0.602
SPADES ACE CLUBS QUEEN,0.3692,0.0036,0.6272
SPADES KING CLUBS QUEEN,0.3826,0.0064,0.611
HEARTS THREE CLUBS JACK,0.4442,0.0204,0.5354
DIAMONDS KING CLUBS JACK,0.394,0.0054,0.6006
SPADES QUEEN CLUBS QUEEN,0.189,0.0302,0.7808
HEARTS THREE CLUBS TEN,0.4382,0.0274,0.5344
DIAMONDS KING CLUBS TEN,0.382,0.005,0.613
SPADES JACK CLUBS QUEEN,0.364,0.0118,0.6242
CLUBS SIX CLUBS QUEEN,0.3974,0.0142,0.5884
SPADES TEN CLUBS QUEEN,0.367,0.0106,0.6224
CLUBS SIX CLUBS KING,0.3952,0.0072,0.5976
CLUBS SIX CLUBS ACE,0.393,0.0048,0.6022
HEARTS FIVE HEARTS KING,0.3948,0.0086,0.5966
HEARTS FIVE HEARTS QUEEN,0.3832,0.0134,0.6034
CLUBS SIX CLUBS TEN,0.38,0.0294,0.5906
HEARTS FIVE HEARTS ACE,0.3744,0.0042,0.6214
CLUBS SIX CLUBS JACK,0.3864,0.0134,0.6002
DIAMONDS TWO CLUBS TWO,0.4172,0.1208,0.462
DIAMONDS TWO CLUBS THREE,0.5948,0.107,0.2982
HEARTS SIX DIAMONDS TWO,0.582,0.0918,0.3262
DIAMONDS TWO HEARTS QUEEN,0.4504,0.0122,0.5374
DIAMONDS TWO HEARTS SEVEN,0.3378,0.4678,0.1944
DIAMONDS TWO HEARTS KING,0.4474,0.008,0.5446
DIAMONDS TWO HEARTS EIGHT,0.4352,0.0642,0.5006
DIAMONDS TWO HEARTS ACE,0.443,0.0064,0.5506
DIAMONDS TWO HEARTS NINE,0.45,0.0398,0.5102
DIAMONDS TWO DIAMONDS QUEEN,0.4342,0.0122,0.5536
DIAMONDS TWO HEARTS TWO,0.4106,0.1128,0.4766
DIAMONDS TWO DIAMONDS KING,0.4328,0.0092,0.558
HEARTS THREE DIAMONDS TWO,0.5928,0.0992,0.308
DIAMONDS TWO DIAMONDS ACE,0.4214,0.0054,0.5732
HEARTS FOUR DIAMONDS TWO,0.5738,0.2022,0.224
DIAMONDS TWO HEARTS FIVE,0.575,0.1012,0.3238
DIAMONDS TWO DIAMONDS TEN,0.426,0.0254,0.5486
DIAMONDS TWO DIAMONDS JACK,0.433,0.02,0.547
DIAMONDS TWO SPADES NINE,0.4438,0.0376,0.5186
DIAMONDS TWO SPADES EIGHT,0.4354,0.0674,0.4972
DIAMONDS TWO SPADES SIX,0.5866,0.0948,0.3186
DIAMONDS TWO SPADES FIVE,0.5744,0.0972,0.3284
DIAMONDS TWO SPADES THREE,0.5864,0.1024,0.3112
DIAMONDS TWO SPADES TWO,0.3988,0.1146,0.4866
CLUBS NINE DIAMONDS TWO,0.4472,0.0468,0.506
CLUBS EIGHT DIAMONDS TWO,0.4526,0.0676,0.4798
DIAMONDS TWO CLUBS SEVEN,0.3276,0.4758,0.1966
CLUBS SIX DIAMONDS TWO,0.5822,0.1012,0.3166
DIAMONDS TWO CLUBS FIVE,0.5706,0.101,0.3284
DIAMONDS TWO CLUBS FOUR,0.5822,0.1972,0.2206
CLUBS FOUR SPADES FIVE,0.5542,0.1986,0.2472
CLUBS FOUR SPADES THREE,0.5608,0.1928,0.2464
CLUBS FOUR SPADES TWO,0.5872,0.1978,0.215
CLUBS FOUR SPADES NINE,0.29,0.0996,0.6104
CLUBS FOUR SPADES EIGHT,0.2848,0.1398,0.5754
CLUBS FOUR SPADES SIX,0.583,0.1864,0.2306
SPADES ACE DIAMONDS SIX,0.4034,0.0058,0.5908
SPADES QUEEN DIAMONDS SIX,0.4018,0.0094,0.5888
SPADES KING DIAMONDS SIX,0.3998,0.0078,0.5924
SPADES TEN DIAMONDS SIX,0.3952,0.024,0.5808
SPADES JACK DIAMONDS SIX,0.4006,0.0216,0.5778
SPADES QUEEN SPADES TWO,0.3988,0.0146,0.5866
SPADES KING SPADES TWO,0.4084,0.0098,0.5818
SPADES ACE SPADES TWO,0.3954,0.005,0.5996
DIAMONDS JACK CLUBS JACK,0.2204,0.0416,0.738
DIAMONDS JACK CLUBS TEN,0.38,0.0144,0.6056
DIAMONDS JACK CLUBS KING,0.3962,0.0056,0.5982
DIAMONDS JACK CLUBS QUEEN,0.3862,0.0108,0.603
DIAMONDS THREE DIAMONDS JACK,0.4244,0.0212,0.5544
DIAMONDS THREE DIAMONDS TEN,0.3912,0.0334,0.5754
DIAMONDS JACK CLUBS ACE,0.3894,0.0026,0.608
DIAMONDS THREE DIAMONDS KING,0.405,0.0082,0.5868
HEARTS THREE DIAMONDS THREE,0.402,0.1232,0.4748
DIAMONDS THREE DIAMONDS QUEEN,0.42,0.0148,0.5652
DIAMONDS THREE HEARTS TWO,0.59,0.103,0.307
HEARTS FIVE DIAMONDS THREE,0.562,0.1034,0.3346
DIAMONDS THREE DIAMONDS ACE,0.4108,0.0056,0.5836
HEARTS FOUR DIAMONDS THREE,0.5726,0.191,0.2364
DIAMONDS THREE HEARTS SEVEN,0.3248,0.4766,0.1986
SPADES TEN SPADES NINE,0.3114,0.023,0.6656
HEARTS SIX DIAMONDS THREE,0.5778,0.096,0.3262
SPADES JACK SPADES NINE,0.3284,0.0222,0.6494
DIAMONDS THREE HEARTS NINE,0.4418,0.0396,0.5186
HEARTS JACK DIAMONDS FOUR,0.32,0.0524,0.6276
HEARTS KING HEARTS ACE,0.365,0.003,0.632
SPADES TEN SPADES TWO,0.3902,0.0298,0.58
DIAMONDS THREE HEARTS EIGHT,0.4232,0.0646,0.5122
HEARTS TEN DIAMONDS FOUR,0.3108,0.0732,0.616
SPADES JACK SPADES TWO,0.3972,0.0224,0.5804
HEARTS QUEEN DIAMONDS FOUR,0.316,0.038,0.646
HEARTS KING DIAMONDS FOUR,0.3074,0.0308,0.6618
SPADES ACE SPADES NINE,0.3322,0.0046,0.6632
HEARTS ACE DIAMONDS FOUR,0.3102,0.0158,0.674
SPADES KING SPADES NINE,0.3376,0.009,0.6534
SPADES QUEEN SPADES NINE,0.3156,0.011,0.6734
DIAMONDS THREE SPADES NINE,0.4238,0.045,0.5312
DIAMONDS THREE SPADES EIGHT,0.4152,0.0666,0.5182
DIAMONDS THREE SPADES SIX,0.5736,0.0972,0.3292
CLUBS SIX DIAMONDS THREE,0.5614,0.1058,0.3328
CLUBS ACE DIAMONDS FOUR,0.3114,0.0192,0.6694
CLUBS SIX CLUBS FIVE,0.4962,0.0852,0.4186
CLUBS SEVEN CLUBS FIVE,0.249,0.408,0.343
CLUBS SEVEN DIAMONDS THREE,0.334,0.4652,0.2008
DIAMONDS THREE CLUBS FOUR,0.573,0.188,0.239
CLUBS QUEEN DIAMONDS FOUR,0.3116,0.0456,0.6428
DIAMONDS THREE CLUBS FIVE,0.5708,0.0988,0.3304
CLUBS KING DIAMONDS FOUR,0.3278,0.0314,0.6408
DIAMONDS THREE CLUBS TWO,0.5908,0.1032,0.306
DIAMONDS FOUR CLUBS TEN,0.32,0.0716,0.6084
DIAMONDS THREE CLUBS THREE,0.3846,0.111,0.5044
DIAMONDS FOUR CLUBS JACK,0.3124,0.0528,0.6348
DIAMONDS THREE SPADES FIVE,0.559,0.0938,0.3472
DIAMONDS THREE SPADES TWO,0.5834,0.1114,0.3052
DIAMONDS THREE SPADES THREE,0.3988,0.1146,0.4866
CLUBS EIGHT DIAMONDS THREE,0.4342,0.0692,0.4966
CLUBS NINE DIAMONDS THREE,0.4458,0.0402,0.514
CLUBS FIVE SPADES SIX,0.5158,0.0986,0.3856
SPADES NINE CLUBS FIVE,0.395,0.0444,0.5606
CLUBS FIVE SPADES EIGHT,0.375,0.0614,0.5636
CLUBS FIVE SPADES THREE,0.5484,0.106,0.3456
CLUBS FIVE SPADES TWO,0.576,0.098,0.326
CLUBS FIVE SPADES FIVE,0.292,0.1098,0.5982
CLUBS NINE CLUBS FIVE,0.3826,0.0414,0.576
CLUBS EIGHT CLUBS FIVE,0.3682,0.0578,0.574
CLUBS ACE CLUBS QUEEN,0.3714,0.004,0.6246
CLUBS KING CLUBS QUEEN,0.3642,0.0062,0.6296
DIAMONDS TEN DIAMONDS FOUR,0.291,0.0694,0.6396
DIAMONDS NINE CLUBS TEN,0.3748,0.0256,0.5996
DIAMONDS JACK DIAMONDS FOUR,0.2968,0.0584,0.6448
DIAMONDS NINE CLUBS JACK,0.3774,0.0152,0.6074
SPADES NINE CLUBS JACK,0.3614,0.0156,0.623
SPADES NINE CLUBS TEN,0.3664,0.0238,0.6098
DIAMONDS ACE DIAMONDS FOUR,0.278,0.0194,0.7026
HEARTS FOUR DIAMONDS FOUR,0.3114,0.0826,0.606
DIAMONDS JACK HEARTS TEN,0.388,0.0152,0.5968
SPADES NINE CLUBS KING,0.3744,0.0078,0.6178
DIAMONDS TWO SPADES TEN,0.444,0.0314,0.5246
DIAMONDS NINE CLUBS ACE,0.3872,0.005,0.6078
HEARTS FIVE DIAMONDS FOUR,0.5682,0.1848,0.247
HEARTS JACK DIAMONDS JACK,0.1974,0.047,0.7556
SPADES NINE CLUBS QUEEN,0.3674,0.0094,0.6232
DIAMONDS TWO SPADES JACK,0.4444,0.0192,0.5364
DIAMONDS QUEEN DIAMONDS FOUR,0.2974,0.0376,0.665
HEARTS TWO DIAMONDS FOUR,0.5794,0.1956,0.225
DIAMONDS NINE CLUBS QUEEN,0.4072,0.0106,0.5822
DIAMONDS KING DIAMONDS FOUR,0.296,0.0336,0.6704
HEARTS THREE DIAMONDS FOUR,0.5668,0.1982,0.235
SPADES NINE CLUBS ACE,0.3712,0.0044,0.6244
DIAMONDS NINE CLUBS KING,0.3906,0.007,0.6024
HEARTS ACE DIAMONDS JACK,0.3928,0.004,0.6032
SPADES ACE DIAMONDS TWO,0.4378,0.005,0.5572
DIAMONDS JACK HEARTS QUEEN,0.3858,0.0092,0.605
SPADES QUEEN DIAMONDS TWO,0.4418,0.017,0.5412
HEARTS KING DIAMONDS JACK,0.3918,0.0048,0.6034
SPADES KING DIAMONDS TWO,0.4438,0.011,0.5452
CLUBS SEVEN CLUBS THREE,0.3018,0.45,0.2482
CLUBS SIX CLUBS THREE,0.552,0.0892,0.3588
CLUBS FIVE CLUBS THREE,0.5128,0.0968,0.3904
CLUBS FOUR CLUBS THREE,0.5508,0.1782,0.271
CLUBS NINE CLUBS THREE,0.4128,0.0452,0.542
CLUBS EIGHT CLUBS THREE,0.4122,0.0588,0.529
CLUBS THREE SPADES FIVE,0.5424,0.0994,0.3582
CLUBS THREE SPADES THREE,0.3926,0.1152,0.4922
CLUBS THREE SPADES TWO,0.5848,0.106,0.3092
SPADES SIX CLUBS THREE,0.5584,0.1118,0.3298
SPADES EIGHT CLUBS THREE,0.4316,0.0608,0.5076
SPADES NINE CLUBS THREE,0.425,0.0408,0.5342
SPADES TWO DIAMONDS FOUR,0.5796,0.1908,0.2296
SPADES THREE DIAMONDS FOUR,0.556,0.191,0.253
SPADES FIVE DIAMONDS FOUR,0.5428,0.1994,0.2578
SPADES SIX DIAMONDS FOUR,0.587,0.1832,0.2298
SPADES EIGHT DIAMONDS FOUR,0.2798,0.1382,0.582
SPADES NINE DIAMONDS FOUR,0.3134,0.1018,0.5848
CLUBS FIVE DIAMONDS FOUR,0.5646,0.1906,0.2448
CLUBS FOUR DIAMONDS FOUR,0.3172,0.0824,0.6004
CLUBS SEVEN DIAMONDS FOUR,0.0754,0.9056,0.019
CLUBS SIX DIAMONDS FOUR,0.5776,0.187,0.2354
CLUBS NINE DIAMONDS FOUR,0.3102,0.1034,0.5864
CLUBS EIGHT DIAMONDS FOUR,0.301,0.1322,0.5668
DIAMONDS FOUR HEARTS SEVEN,0.0696,0.91,0.0204
HEARTS SIX DIAMONDS FOUR,0.5746,0.192,0.2334
HEARTS NINE DIAMONDS FOUR,0.2994,0.1012,0.5994
DIAMONDS FOUR HEARTS EIGHT,0.2948,0.1294,0.5758
CLUBS THREE DIAMONDS FOUR,0.563,0.1908,0.2462
CLUBS TWO DIAMONDS FOUR,0.5792,0.1926,0.2282
DIAMONDS TEN DIAMONDS FIVE,0.3802,0.0282,0.5916
DIAMONDS JACK DIAMONDS FIVE,0.3852,0.0192,0.5956
DIAMONDS NINE HEARTS QUEEN,0.398,0.0104,0.5916
HEARTS KING DIAMONDS NINE,0.3766,0.008,0.6154
DIAMONDS NINE HEARTS ACE,0.3788,0.0026,0.6186
DIAMONDS NINE HEARTS TEN,0.3682,0.0264,0.6054
DIAMONDS NINE HEARTS JACK,0.379,0.0176,0.6034
CLUBS KING DIAMONDS SIX,0.4154,0.0068,0.5778
CLUBS QUEEN DIAMONDS SIX,0.4092,0.011,0.5798
CLUBS ACE DIAMONDS SIX,0.423,0.0042,0.5728
SPADES KING DIAMONDS FOUR,0.292,0.031,0.677
SPADES QUEEN DIAMONDS FOUR,0.2948,0.0424,0.6628
CLUBS JACK DIAMONDS SIX,0.4176,0.0156,0.5668
SPADES ACE DIAMONDS FOUR,0.2866,0.0198,0.6936
CLUBS TEN DIAMONDS SIX,0.422,0.027,0.551
CLUBS NINE CLUBS FOUR,0.3074,0.0894,0.6032
CLUBS EIGHT CLUBS FOUR,0.2756,0.1314,0.593
SPADES JACK DIAMONDS FOUR,0.2886,0.0618,0.6496
SPADES TEN DIAMONDS FOUR,0.29,0.0678,0.6422
CLUBS FOUR CLUBS FIVE,0.519,0.1868,0.2942
CLUBS SEVEN CLUBS FOUR,0.0716,0.8658,0.0626
CLUBS SIX CLUBS FOUR,0.5444,0.1722,0.2834
CLUBS SEVEN SPADES EIGHT,0.251,0.1508,0.5982
CLUBS SEVEN SPADES NINE,0.2664,0.1048,0.6288
CLUBS SEVEN SPADES SIX,0.2572,0.3548,0.388
CLUBS SEVEN SPADES FIVE,0.2452,0.4434,0.3114
CLUBS SEVEN SPADES THREE,0.3068,0.4846,0.2086
CLUBS SEVEN SPADES TWO,0.3142,0.4692,0.2166
CLUBS NINE CLUBS SEVEN,0.2638,0.1028,0.6334
CLUBS EIGHT CLUBS SEVEN,0.267,0.1326,0.6004
HEARTS SIX DIAMONDS FIVE,0.5238,0.0946,0.3816
DIAMONDS FIVE HEARTS SEVEN,0.2562,0.4318,0.312
DIAMONDS FIVE HEARTS EIGHT,0.39,0.0576,0.5524
HEARTS NINE DIAMONDS FIVE,0.4006,0.0414,0.558
DIAMONDS QUEEN DIAMONDS FIVE,0.391,0.0126,0.5964
HEARTS TWO DIAMONDS FIVE,0.576,0.1044,0.3196
HEARTS KING HEARTS EIGHT,0.3648,0.0064,0.6288
DIAMONDS KING DIAMONDS FIVE,0.3904,0.0056,0.604
HEARTS THREE DIAMONDS FIVE,0.562,0.0974,0.3406
HEARTS QUEEN HEARTS EIGHT,0.3748,0.012,0.6132
DIAMONDS ACE DIAMONDS FIVE,0.3682,0.0034,0.6284
HEARTS FOUR DIAMONDS FIVE,0.554,0.191,0.255
HEARTS FIVE DIAMONDS FIVE,0.2898,0.1052,0.605
HEARTS ACE HEARTS EIGHT,0.3582,0.0036,0.6382
CLUBS FOUR DIAMONDS FIVE,0.5566,0.1974,0.246
CLUBS FIVE DIAMONDS FIVE,0.2954,0.1166,0.588
CLUBS SIX DIAMONDS FIVE,0.525,0.095,0.38
CLUBS SEVEN DIAMONDS FIVE,0.2642,0.4164,0.3194
CLUBS TWO DIAMONDS FIVE,0.5738,0.101,0.3252
CLUBS THREE DIAMONDS FIVE,0.5564,0.1022,0.3414
SPADES THREE DIAMONDS FIVE,0.553,0.103,0.344
SPADES TWO DIAMONDS FIVE,0.5592,0.1018,0.339
SPADES JACK DIAMONDS EIGHT,0.3704,0.0168,0.6128
SPADES FIVE DIAMONDS FIVE,0.2818,0.1144,0.6038
HEARTS JACK CLUBS TEN,0.3728,0.0118,0.6154
SPADES TEN DIAMONDS EIGHT,0.3614,0.0254,0.6132
HEARTS JACK CLUBS JACK,0.201,0.036,0.763
HEARTS JACK CLUBS QUEEN,0.3856,0.0094,0.605
CLUBS NINE DIAMONDS FIVE,0.3966,0.0396,0.5638
HEARTS JACK CLUBS KING,0.3958,0.0064,0.5978
CLUBS EIGHT DIAMONDS FIVE,0.379,0.0644,0.5566
HEARTS JACK CLUBS ACE,0.38,0.0034,0.6166
SPADES KING DIAMONDS EIGHT,0.3752,0.0086,0.6162
SPADES SIX DIAMONDS FIVE,0.506,0.0992,0.3948
SPADES QUEEN DIAMONDS EIGHT,0.3652,0.0102,0.6246
SPADES NINE DIAMONDS FIVE,0.3978,0.0378,0.5644
SPADES EIGHT DIAMONDS FIVE,0.3756,0.0642,0.5602
SPADES ACE DIAMONDS EIGHT,0.3694,0.0052,0.6254
DIAMONDS TEN DIAMONDS SIX,0.3808,0.0266,0.5926
HEARTS ACE DIAMONDS SEVEN,0.304,0.0256,0.6704
DIAMONDS JACK DIAMONDS SIX,0.3888,0.0162,0.595
HEARTS QUEEN DIAMONDS SEVEN,0.3012,0.0436,0.6552
HEARTS KING DIAMONDS SEVEN,0.3094,0.0424,0.6482
DIAMONDS ACE DIAMONDS SIX,0.3902,0.005,0.6048
HEARTS FOUR DIAMONDS SIX,0.5742,0.1936,0.2322
SPADES TWO HEARTS JACK,0.4444,0.0216,0.534
HEARTS FIVE DIAMONDS SIX,0.5214,0.0964,0.3822
SPADES TWO HEARTS TEN,0.4552,0.0302,0.5146
DIAMONDS QUEEN DIAMONDS SIX,0.3794,0.0126,0.608
HEARTS TWO DIAMONDS SIX,0.58,0.0986,0.3214
DIAMONDS KING DIAMONDS SIX,0.3962,0.011,0.5928
HEARTS THREE DIAMONDS SIX,0.5866,0.0978,0.3156
HEARTS EIGHT DIAMONDS SIX,0.3752,0.0578,0.567
HEARTS NINE DIAMONDS SIX,0.3936,0.0432,0.5632
HEARTS SIX DIAMONDS SIX,0.2796,0.101,0.6194
HEARTS SEVEN DIAMONDS SIX,0.258,0.3428,0.3992
HEARTS TEN DIAMONDS SEVEN,0.2872,0.0844,0.6284
CLUBS TWO DIAMONDS SIX,0.5922,0.0948,0.313
HEARTS JACK DIAMONDS SEVEN,0.293,0.0616,0.6454
CLUBS THREE DIAMONDS SIX,0.5814,0.0992,0.3194
DIAMONDS EIGHT CLUBS JACK,0.382,0.0182,0.5998
CLUBS SEVEN DIAMONDS SIX,0.271,0.3434,0.3856
CLUBS SIX DIAMONDS SIX,0.2946,0.103,0.6024
DIAMONDS EIGHT CLUBS TEN,0.3704,0.0256,0.604
CLUBS FIVE DIAMONDS SIX,0.5318,0.0972,0.371
CLUBS FOUR DIAMONDS SIX,0.5816,0.184,0.2344
HEARTS ACE HEARTS JACK,0.3628,0.0058,0.6314
DIAMONDS EIGHT CLUBS ACE,0.3914,0.0034,0.6052
HEARTS JACK HEARTS QUEEN,0.36,0.0108,0.6292
DIAMONDS EIGHT CLUBS KING,0.3876,0.0072,0.6052
CLUBS NINE DIAMONDS SIX,0.401,0.0452,0.5538
HEARTS KING HEARTS JACK,0.3594,0.0072,0.6334
DIAMONDS EIGHT CLUBS QUEEN,0.3858,0.0132,0.601
CLUBS EIGHT DIAMONDS SIX,0.3806,0.0632,0.5562
SPADES TEN HEARTS KING,0.3664,0.0084,0.6252
SPADES FIVE DIAMONDS SIX,0.511,0.1038,0.3852
HEARTS ACE SPADES TWO,0.4368,0.0046,0.5586
SPADES JACK HEARTS KING,0.3716,0.0068,0.6216
SPADES THREE DIAMONDS SIX,0.5578,0.0996,0.3426
SPADES TWO HEARTS QUEEN,0.4412,0.014,0.5448
SPADES ACE SPADES KING,0.3372,0.005,0.6578
HEARTS KING SPADES TWO,0.4388,0.0096,0.5516
SPADES TWO DIAMONDS SIX,0.572,0.0954,0.3326
HEARTS TEN HEARTS EIGHT,0.3558,0.023,0.6212
SPADES NINE DIAMONDS SIX,0.38,0.0402,0.5798
HEARTS JACK HEARTS EIGHT,0.3578,0.0156,0.6266
SPADES EIGHT DIAMONDS SIX,0.3768,0.0606,0.5626
SPADES SIX DIAMONDS SIX,0.2826,0.0962,0.6212
SPADES KING HEARTS KING,0.187,0.0202,0.7928
SPADES QUEEN HEARTS KING,0.3648,0.0074,0.6278
CLUBS ACE CLUBS KING,0.3664,0.0032,0.6304
SPADES ACE HEARTS KING,0.3672,0.0042,0.6286
SPADES ACE HEARTS JACK,0.367,0.0048,0.6282
SPADES QUEEN HEARTS JACK,0.3636,0.0106,0.6258
SPADES KING HEARTS JACK,0.3758,0.0078,0.6164
SPADES TEN DIAMONDS TEN,0.2006,0.05,0.7494
SPADES JACK DIAMONDS TEN,0.3646,0.0134,0.622
SPADES ACE DIAMONDS TEN,0.3682,0.0056,0.6262
SPADES JACK HEARTS JACK,0.1912,0.042,0.7668
SPADES TEN HEARTS JACK,0.3518,0.0154,0.6328
SPADES QUEEN DIAMONDS TEN,0.3702,0.0096,0.6202
SPADES KING DIAMONDS TEN,0.3728,0.007,0.6202
SPADES NINE DIAMONDS SEVEN,0.271,0.1098,0.6192
SPADES EIGHT DIAMONDS SEVEN,0.2688,0.1424,0.5888
SPADES SIX DIAMONDS SEVEN,0.2524,0.3534,0.3942
DIAMONDS KING DIAMONDS SEVEN,0.2754,0.0354,0.6892
HEARTS THREE DIAMONDS SEVEN,0.3242,0.4794,0.1964
HEARTS KING DIAMONDS FIVE,0.4136,0.007,0.5794
DIAMONDS QUEEN DIAMONDS SEVEN,0.288,0.0426,0.6694
HEARTS TWO DIAMONDS SEVEN,0.3202,0.4746,0.2052
HEARTS QUEEN DIAMONDS FIVE,0.414,0.0146,0.5714
HEARTS FIVE DIAMONDS SEVEN,0.2602,0.43,0.3098
DIAMONDS ACE DIAMONDS SEVEN,0.2764,0.0246,0.699
HEARTS FOUR DIAMONDS SEVEN,0.074,0.9048,0.0212
HEARTS ACE DIAMONDS FIVE,0.3932,0.0036,0.6032
HEARTS SEVEN DIAMONDS SEVEN,0.1436,0.101,0.7554
HEARTS SIX DIAMONDS SEVEN,0.2666,0.3472,0.3862
HEARTS NINE DIAMONDS SEVEN,0.286,0.1078,0.6062
DIAMONDS SEVEN HEARTS EIGHT,0.2802,0.1386,0.5812
DIAMONDS JACK DIAMONDS SEVEN,0.2804,0.0556,0.664
HEARTS JACK DIAMONDS FIVE,0.4038,0.0186,0.5776
DIAMONDS TEN DIAMONDS SEVEN,0.2902,0.074,0.6358
DIAMONDS FIVE HEARTS TEN,0.4104,0.029,0.5606
SPADES KING CLUBS TWO,0.4478,0.0098,0.5424
HEARTS KING CLUBS KING,0.1998,0.0156,0.7846
CLUBS EIGHT DIAMONDS SEVEN,0.282,0.1264,0.5916
SPADES QUEEN CLUBS TWO,0.4402,0.0186,0.5412
HEARTS KING CLUBS QUEEN,0.3924,0.0076,0.6
CLUBS NINE DIAMONDS SEVEN,0.286,0.109,0.605
SPADES TWO CLUBS JACK,0.4464,0.0188,0.5348
SPADES ACE CLUBS TWO,0.4334,0.008,0.5586
SPADES TWO CLUBS TEN,0.439,0.0324,0.5286
HEARTS KING CLUBS ACE,0.399,0.0038,0.5972
CLUBS SIX CLUBS SEVEN,0.2538,0.333,0.4132
SPADES TWO CLUBS KING,0.4512,0.009,0.5398
SPADES TWO DIAMONDS SEVEN,0.3194,0.4794,0.2012
CLUBS EIGHT CLUBS SIX,0.3594,0.0578,0.5828
SPADES THREE DIAMONDS SEVEN,0.3072,0.488,0.2048
SPADES TWO CLUBS QUEEN,0.4362,0.0128,0.551
CLUBS NINE CLUBS SIX,0.3638,0.0382,0.598
HEARTS KING CLUBS JACK,0.3952,0.0052,0.5996
SPADES FIVE DIAMONDS SEVEN,0.2468,0.4322,0.321
SPADES TWO CLUBS ACE,0.4288,0.006,0.5652
HEARTS KING CLUBS TEN,0.3888,0.0078,0.6034
CLUBS SIX SPADES TWO,0.5798,0.096,0.3242
CLUBS SIX SPADES THREE,0.5634,0.1008,0.3358
CLUBS TWO DIAMONDS SEVEN,0.3356,0.4696,0.1948
CLUBS THREE DIAMONDS SEVEN,0.3138,0.4846,0.2016
CLUBS SIX SPADES FIVE,0.521,0.0982,0.3808
CLUBS FOUR DIAMONDS SEVEN,0.0728,0.9042,0.023
CLUBS SIX SPADES SIX,0.2804,0.107,0.6126
CLUBS FIVE DIAMONDS SEVEN,0.2576,0.427,0.3154
CLUBS SIX DIAMONDS SEVEN,0.2548,0.3586,0.3866
CLUBS SIX SPADES EIGHT,0.3712,0.0578,0.571
SPADES JACK CLUBS TWO,0.443,0.0198,0.5372
CLUBS SIX SPADES NINE,0.3796,0.049,0.5714
SPADES TEN CLUBS TWO,0.4412,0.028,0.5308
CLUBS SEVEN DIAMONDS SEVEN,0.149,0.097,0.754
CLUBS TWO CLUBS QUEEN,0.4218,0.0094,0.5688
CLUBS TWO CLUBS KING,0.4342,0.0058,0.56
CLUBS THREE DIAMONDS EIGHT,0.4366,0.0666,0.4968
CLUBS TWO CLUBS ACE,0.4144,0.005,0.5806
CLUBS TWO DIAMONDS EIGHT,0.4402,0.0624,0.4974
DIAMONDS EIGHT HEARTS SEVEN,0.283,0.1318,0.5852
HEARTS SIX DIAMONDS EIGHT,0.3956,0.0646,0.5398
DIAMONDS EIGHT HEARTS NINE,0.3594,0.0334,0.6072
CLUBS TWO CLUBS TEN,0.4314,0.0276,0.541
DIAMONDS EIGHT HEARTS EIGHT,0.187,0.0826,0.7304
CLUBS TWO CLUBS JACK,0.4294,0.0198,0.5508
CLUBS NINE DIAMONDS EIGHT,0.361,0.0364,0.6026
CLUBS EIGHT DIAMONDS EIGHT,0.1966,0.0802,0.7232
CLUBS FIVE DIAMONDS EIGHT,0.3926,0.0622,0.5452
SPADES ACE SPADES THREE,0.378,0.0054,0.6166
CLUBS FOUR DIAMONDS EIGHT,0.2856,0.138,0.5764
SPADES QUEEN SPADES THREE,0.384,0.014,0.602
CLUBS SEVEN DIAMONDS EIGHT,0.2852,0.1418,0.573
CLUBS SIX DIAMONDS EIGHT,0.3814,0.0594,0.5592
SPADES KING SPADES THREE,0.3878,0.0104,0.6018
DIAMONDS QUEEN DIAMONDS EIGHT,0.3694,0.0098,0.6208
HEARTS TWO DIAMONDS EIGHT,0.4472,0.0658,0.487
DIAMONDS KING DIAMONDS EIGHT,0.379,0.0092,0.6118
HEARTS THREE DIAMONDS EIGHT,0.4518,0.0614,0.4868
DIAMONDS ACE DIAMONDS EIGHT,0.3684,0.0044,0.6272
HEARTS FOUR DIAMONDS EIGHT,0.2984,0.1328,0.5688
HEARTS FIVE DIAMONDS EIGHT,0.3924,0.0626,0.545
DIAMONDS EIGHT DIAMONDS TEN,0.345,0.025,0.63
DIAMONDS EIGHT DIAMONDS JACK,0.3616,0.016,0.6224
SPADES JACK SPADES THREE,0.3974,0.0192,0.5834
SPADES TEN SPADES THREE,0.3856,0.0304,0.584
CLUBS FOUR HEARTS ACE,0.3156,0.0166,0.6678
CLUBS FOUR HEARTS QUEEN,0.3092,0.0448,0.646
CLUBS FOUR HEARTS KING,0.3184,0.0312,0.6504
CLUBS SIX HEARTS TEN,0.4088,0.0242,0.567
CLUBS SIX HEARTS JACK,0.4178,0.0158,0.5664
SPADES FIVE DIAMONDS EIGHT,0.3906,0.059,0.5504
DIAMONDS EIGHT SPADES TWO,0.4498,0.0694,0.4808
SPADES THREE DIAMONDS EIGHT,0.4462,0.0632,0.4906
CLUBS FOUR HEARTS JACK,0.3082,0.0572,0.6346
SPADES EIGHT DIAMONDS EIGHT,0.1764,0.081,0.7426
SPADES TEN DIAMONDS QUEEN,0.365,0.0088,0.6262
SPADES TEN HEARTS TWO,0.4322,0.0242,0.5436
SPADES JACK HEARTS EIGHT,0.3696,0.019,0.6114
CLUBS FOUR HEARTS TEN,0.3064,0.0774,0.6162
SPADES NINE DIAMONDS EIGHT,0.36,0.0334,0.6066
SPADES TEN HEARTS EIGHT,0.3614,0.0224,0.6162
SPADES JACK HEARTS TWO,0.4402,0.0196,0.5402
SPADES JACK DIAMONDS QUEEN,0.3732,0.0094,0.6174
SPADES SIX DIAMONDS EIGHT,0.3794,0.056,0.5646
SPADES ACE HEARTS TWO,0.42,0.0058,0.5742
SPADES ACE DIAMONDS QUEEN,0.3774,0.0064,0.6162
SPADES ACE HEARTS EIGHT,0.3794,0.0052,0.6154
SPADES KING HEARTS EIGHT,0.3644,0.0078,0.6278
SPADES QUEEN HEARTS TWO,0.4346,0.0132,0.5522
SPADES QUEEN DIAMONDS QUEEN,0.18,0.0302,0.7898
SPADES KING DIAMONDS QUEEN,0.3902,0.0068,0.603
SPADES KING HEARTS TWO,0.4412,0.0098,0.549
SPADES QUEEN HEARTS EIGHT,0.375,0.011,0.614
CLUBS TWO HEARTS TEN,0.4534,0.0266,0.52
CLUBS TWO HEARTS JACK,0.4542,0.0184,0.5274
SPADES SIX DIAMONDS NINE,0.3836,0.0426,0.5738
SPADES NINE DIAMONDS NINE,0.184,0.0646,0.7514
SPADES EIGHT DIAMONDS NINE,0.347,0.0362,0.6168
SPADES TEN CLUBS KING,0.368,0.0074,0.6246
DIAMONDS NINE SPADES THREE,0.4262,0.0468,0.527
SPADES JACK CLUBS KING,0.378,0.0084,0.6136
DIAMONDS NINE SPADES TWO,0.4424,0.0478,0.5098
SPADES FIVE DIAMONDS NINE,0.3974,0.0424,0.5602
CLUBS NINE DIAMONDS NINE,0.2076,0.061,0.7314
CLUBS EIGHT DIAMONDS NINE,0.3684,0.035,0.5966
CLUBS SIX DIAMONDS NINE,0.3792,0.0408,0.58
SPADES JACK CLUBS FOUR,0.2914,0.0544,0.6542
SPADES TEN CLUBS FOUR,0.299,0.0802,0.6208
CLUBS SEVEN DIAMONDS NINE,0.2766,0.0998,0.6236
CLUBS FOUR DIAMONDS NINE,0.3024,0.1074,0.5902
CLUBS FIVE DIAMONDS NINE,0.3978,0.0424,0.5598
CLUBS TWO DIAMONDS NINE,0.4588,0.046,0.4952
CLUBS THREE DIAMONDS NINE,0.4364,0.0392,0.5244
DIAMONDS NINE HEARTS EIGHT,0.3596,0.0394,0.601
DIAMONDS NINE HEARTS NINE,0.2034,0.061,0.7356
HEARTS SIX DIAMONDS NINE,0.3962,0.045,0.5588
DIAMONDS NINE HEARTS SEVEN,0.2836,0.1022,0.6142
CLUBS EIGHT CLUBS NINE,0.3362,0.0348,0.629
DIAMONDS ACE DIAMONDS NINE,0.3646,0.0032,0.6322
HEARTS FOUR DIAMONDS NINE,0.3116,0.1014,0.587
HEARTS FIVE DIAMONDS NINE,0.4188,0.0414,0.5398
CLUBS TWO HEARTS ACE,0.428,0.006,0.566
SPADES ACE CLUBS FOUR,0.286,0.0202,0.6938
DIAMONDS QUEEN DIAMONDS NINE,0.3714,0.0086,0.62
HEARTS TWO DIAMONDS NINE,0.4444,0.0416,0.514
CLUBS TWO HEARTS KING,0.4432,0.007,0.5498
SPADES KING CLUBS FOUR,0.298,0.0292,0.6728
DIAMONDS KING DIAMONDS NINE,0.353,0.0088,0.6382
HEARTS THREE DIAMONDS NINE,0.4272,0.0432,0.5296
CLUBS TWO HEARTS QUEEN,0.4512,0.0144,0.5344
SPADES QUEEN CLUBS FOUR,0.2962,0.0406,0.6632
DIAMONDS NINE DIAMONDS JACK,0.3592,0.0134,0.6274
CLUBS EIGHT SPADES NINE,0.3358,0.037,0.6272
DIAMONDS NINE DIAMONDS TEN,0.352,0.0222,0.6258
CLUBS EIGHT SPADES EIGHT,0.1736,0.0836,0.7428
CLUBS EIGHT SPADES SIX,0.3778,0.0626,0.5596
CLUBS EIGHT SPADES FIVE,0.3926,0.069,0.5384
CLUBS EIGHT SPADES THREE,0.4282,0.0634,0.5084
CLUBS EIGHT SPADES TWO,0.4366,0.068,0.4954
HEARTS SIX DIAMONDS TEN,0.4,0.0302,0.5698
DIAMONDS TEN HEARTS SEVEN,0.2946,0.0758,0.6296
DIAMONDS TEN HEARTS EIGHT,0.3704,0.0256,0.604
CLUBS FOUR CLUBS JACK,0.2988,0.0548,0.6464
DIAMONDS TEN HEARTS NINE,0.3626,0.0194,0.618
CLUBS FOUR CLUBS TEN,0.295,0.0654,0.6396
CLUBS FOUR CLUBS KING,0.2844,0.0344,0.6812
CLUBS FOUR CLUBS QUEEN,0.2968,0.0406,0.6626
CLUBS TWO DIAMONDS TEN,0.4434,0.0302,0.5264
CLUBS THREE DIAMONDS TEN,0.4338,0.0266,0.5396
CLUBS FOUR CLUBS ACE,0.2992,0.0152,0.6856
DIAMONDS JACK DIAMONDS TEN,0.3522,0.0144,0.6334
DIAMONDS QUEEN DIAMONDS TEN,0.3626,0.0102,0.6272
HEARTS TWO DIAMONDS TEN,0.4496,0.0276,0.5228
DIAMONDS KING DIAMONDS TEN,0.364,0.0102,0.6258
HEARTS THREE DIAMONDS TEN,0.4524,0.0282,0.5194
DIAMONDS ACE DIAMONDS TEN,0.3572,0.005,0.6378
HEARTS FOUR DIAMONDS TEN,0.3148,0.0756,0.6096
CLUBS EIGHT HEARTS JACK,0.3822,0.0154,0.6024
HEARTS FIVE DIAMONDS TEN,0.4074,0.0282,0.5644
CLUBS EIGHT HEARTS TEN,0.3726,0.027,0.6004
CLUBS EIGHT HEARTS QUEEN,0.4024,0.0108,0.5868
CLUBS EIGHT HEARTS KING,0.3924,0.0068,0.6008
CLUBS EIGHT HEARTS ACE,0.3876,0.0028,0.6096
CLUBS NINE SPADES THREE,0.4372,0.0434,0.5194
CLUBS NINE SPADES TWO,0.448,0.0486,0.5034
CLUBS NINE SPADES FIVE,0.3942,0.0416,0.5642
CLUBS NINE SPADES SIX,0.386,0.0458,0.5682
CLUBS NINE SPADES NINE,0.1852,0.068,0.7468
CLUBS TEN HEARTS EIGHT,0.3718,0.0218,0.6064
CLUBS NINE SPADES EIGHT,0.3454,0.0342,0.6204
CLUBS JACK HEARTS EIGHT,0.3738,0.0166,0.6096
CLUBS QUEEN HEARTS EIGHT,0.3742,0.0106,0.6152
CLUBS KING HEARTS EIGHT,0.3838,0.0078,0.6084
CLUBS ACE HEARTS EIGHT,0.3788,0.0018,0.6194
SPADES KING CLUBS KING,0.1878,0.0176,0.7946
SPADES QUEEN CLUBS KING,0.3684,0.0078,0.6238
SPADES ACE CLUBS KING,0.378,0.0062,0.6158
DIAMONDS ACE HEARTS TEN,0.3744,0.0034,0.6222
HEARTS FOUR HEARTS TEN,0.285,0.0752,0.6398
DIAMONDS ACE HEARTS JACK,0.4084,0.003,0.5886
HEARTS FOUR HEARTS JACK,0.2884,0.0492,0.6624
SPADES KING CLUBS FIVE,0.4,0.0098,0.5902
SPADES QUEEN CLUBS FIVE,0.3954,0.0152,0.5894
SPADES ACE CLUBS FIVE,0.3832,0.0054,0.6114
DIAMONDS JACK HEARTS SEVEN,0.3142,0.059,0.6268
HEARTS SIX DIAMONDS JACK,0.4162,0.0198,0.564
DIAMONDS JACK HEARTS NINE,0.369,0.014,0.617
DIAMONDS JACK HEARTS EIGHT,0.3746,0.022,0.6034
DIAMONDS KING DIAMONDS JACK,0.3684,0.0072,0.6244
HEARTS THREE DIAMONDS JACK,0.4604,0.0192,0.5204
SPADES ACE SPADES SIX,0.3606,0.0058,0.6336
DIAMONDS QUEEN DIAMONDS JACK,0.3578,0.0104,0.6318
HEARTS TWO DIAMONDS JACK,0.443,0.0184,0.5386
HEARTS FIVE DIAMONDS JACK,0.3994,0.0194,0.5812
SPADES QUEEN SPADES SIX,0.3556,0.0154,0.629
DIAMONDS ACE DIAMONDS JACK,0.3612,0.0044,0.6344
HEARTS FOUR DIAMONDS JACK,0.3138,0.0592,0.627
SPADES KING SPADES SIX,0.3704,0.0076,0.622
SPADES TEN SPADES SIX,0.3572,0.0266,0.6162
SPADES JACK SPADES SIX,0.3628,0.0198,0.6174
SPADES FIVE DIAMONDS JACK,0.407,0.02,0.573
SPADES TWO DIAMONDS JACK,0.4416,0.0178,0.5406
SPADES THREE DIAMONDS JACK,0.4412,0.0196,0.5392
SPADES ACE DIAMONDS THREE,0.4216,0.0058,0.5726
SPADES QUEEN DIAMONDS THREE,0.4322,0.015,0.5528
CLUBS EIGHT DIAMONDS JACK,0.3838,0.0146,0.6016
SPADES KING DIAMONDS THREE,0.4228,0.0094,0.5678
CLUBS NINE DIAMONDS JACK,0.3788,0.0144,0.6068
CLUBS SIX DIAMONDS JACK,0.4052,0.019,0.5758
CLUBS SEVEN DIAMONDS JACK,0.3108,0.0546,0.6346
CLUBS FOUR DIAMONDS JACK,0.3216,0.057,0.6214
CLUBS FIVE DIAMONDS JACK,0.4206,0.0162,0.5632
CLUBS TWO DIAMONDS JACK,0.4488,0.0202,0.531
CLUBS THREE DIAMONDS JACK,0.4658,0.0202,0.514
SPADES TEN CLUBS FIVE,0.3926,0.0268,0.5806
HEARTS SIX SPADES JACK,0.3874,0.0204,0.5922
HEARTS SIX SPADES TEN,0.3862,0.0248,0.589
SPADES JACK CLUBS FIVE,0.4016,0.0186,0.5798
SPADES JACK DIAMONDS THREE,0.4414,0.0162,0.5424
CLUBS SEVEN CLUBS ACE,0.2744,0.023,0.7026
DIAMONDS THREE SPADES TEN,0.4236,0.026,0.5504
CLUBS SEVEN CLUBS QUEEN,0.281,0.0438,0.6752
CLUBS SEVEN CLUBS KING,0.2946,0.0318,0.6736
SPADES NINE DIAMONDS JACK,0.3622,0.0158,0.622
CLUBS SEVEN CLUBS TEN,0.2794,0.0792,0.6414
DIAMONDS ACE HEARTS ACE,0.1942,0.0036,0.8022
HEARTS FOUR HEARTS ACE,0.2952,0.0154,0.6894
SPADES EIGHT DIAMONDS JACK,0.351,0.0172,0.6318
SPADES ACE HEARTS SIX,0.3874,0.0064,0.6062
CLUBS SEVEN CLUBS JACK,0.2874,0.0616,0.651
DIAMONDS ACE HEARTS KING,0.3936,0.0044,0.602
HEARTS FOUR HEARTS KING,0.2954,0.029,0.6756
SPADES KING HEARTS SIX,0.4082,0.0086,0.5832
DIAMONDS ACE HEARTS QUEEN,0.388,0.0052,0.6068
HEARTS FOUR HEARTS QUEEN,0.2926,0.039,0.6684
SPADES SIX DIAMONDS JACK,0.4074,0.018,0.5746
SPADES QUEEN HEARTS SIX,0.4026,0.0104,0.587
SPADES TWO DIAMONDS TEN,0.4368,0.0278,0.5354
SPADES THREE DIAMONDS TEN,0.4234,0.0274,0.5492
SPADES FIVE DIAMONDS TEN,0.4134,0.0296,0.557
SPADES SIX DIAMONDS TEN,0.3966,0.0288,0.5746
SPADES EIGHT DIAMONDS TEN,0.3492,0.0264,0.6244
SPADES NINE DIAMONDS TEN,0.3602,0.0242,0.6156
CLUBS FOUR DIAMONDS TEN,0.297,0.0764,0.6266
CLUBS FIVE DIAMONDS TEN,0.4062,0.0252,0.5686
CLUBS SIX DIAMONDS TEN,0.4154,0.0236,0.561
CLUBS SEVEN DIAMONDS TEN,0.3092,0.0742,0.6166
CLUBS EIGHT DIAMONDS TEN,0.3762,0.0264,0.5974
CLUBS NINE DIAMONDS TEN,0.3664,0.0214,0.6122
DIAMONDS THREE CLUBS JACK,0.4496,0.0196,0.5308
DIAMONDS THREE CLUBS TEN,0.4398,0.0248,0.5354
DIAMONDS THREE CLUBS KING,0.4366,0.0096,0.5538
DIAMONDS THREE CLUBS QUEEN,0.434,0.0146,0.5514
DIAMONDS THREE CLUBS ACE,0.431,0.0032,0.5658
SPADES FIVE SPADES TWO,0.5574,0.1036,0.339
SPADES THREE SPADES TWO,0.588,0.1038,0.3082
SPADES NINE SPADES TWO,0.4014,0.0468,0.5518
SPADES EIGHT SPADES TWO,0.3886,0.0674,0.544
SPADES SIX SPADES TWO,0.5888,0.1008,0.3104
DIAMONDS QUEEN CLUBS THREE,0.4518,0.0118,0.5364
HEARTS TWO CLUBS THREE,0.5904,0.0976,0.312
DIAMONDS QUEEN CLUBS TWO,0.4462,0.014,0.5398
CLUBS TWO HEARTS TWO,0.395,0.119,0.486
DIAMONDS QUEEN HEARTS SEVEN,0.3114,0.0408,0.6478
HEARTS TWO HEARTS SEVEN,0.3196,0.4318,0.2486
HEARTS SIX DIAMONDS QUEEN,0.415,0.0108,0.5742
HEARTS SIX HEARTS TWO,0.5484,0.093,0.3586
DIAMONDS QUEEN HEARTS NINE,0.3954,0.0116,0.593
HEARTS TWO HEARTS NINE,0.4296,0.037,0.5334
DIAMONDS QUEEN HEARTS EIGHT,0.39,0.0098,0.6002
HEARTS TWO HEARTS EIGHT,0.4306,0.0602,0.5092
CLUBS NINE HEARTS TWO,0.4632,0.0414,0.4954
CLUBS NINE DIAMONDS QUEEN,0.3844,0.009,0.6066
CLUBS EIGHT HEARTS TWO,0.4502,0.0652,0.4846
CLUBS EIGHT DIAMONDS QUEEN,0.39,0.0108,0.5992
CLUBS FIVE DIAMONDS QUEEN,0.4112,0.0118,0.577
CLUBS FIVE HEARTS TWO,0.5746,0.0992,0.3262
SPADES EIGHT HEARTS ACE,0.3658,0.0062,0.628
CLUBS FOUR DIAMONDS QUEEN,0.3046,0.0392,0.6562
CLUBS FOUR HEARTS TWO,0.585,0.1966,0.2184
SPADES EIGHT HEARTS QUEEN,0.3698,0.0112,0.619
CLUBS SEVEN HEARTS TWO,0.3312,0.4574,0.2114
CLUBS SEVEN DIAMONDS QUEEN,0.303,0.0466,0.6504
CLUBS SIX DIAMONDS QUEEN,0.4114,0.011,0.5776
CLUBS SIX HEARTS TWO,0.5942,0.0848,0.321
SPADES EIGHT HEARTS KING,0.382,0.0098,0.6082
DIAMONDS QUEEN SPADES SIX,0.4068,0.0106,0.5826
HEARTS TWO SPADES SIX,0.584,0.0968,0.3192
HEARTS FOUR CLUBS QUEEN,0.3154,0.0396,0.645
DIAMONDS ACE CLUBS QUEEN,0.3912,0.0042,0.6046
HEARTS FOUR CLUBS KING,0.3132,0.027,0.6598
DIAMONDS ACE CLUBS KING,0.4,0.0042,0.5958
DIAMONDS QUEEN SPADES EIGHT,0.389,0.012,0.599
SPADES EIGHT HEARTS TWO,0.4388,0.0686,0.4926
HEARTS FOUR CLUBS ACE,0.3034,0.0188,0.6778
DIAMONDS ACE CLUBS ACE,0.1902,0.003,0.8068
SPADES NINE DIAMONDS QUEEN,0.357,0.0114,0.6316
SPADES NINE HEARTS TWO,0.4378,0.0436,0.5186
HEARTS TWO SPADES TWO,0.3976,0.1192,0.4832
DIAMONDS QUEEN SPADES TWO,0.4488,0.016,0.5352
HEARTS TWO SPADES THREE,0.5818,0.1006,0.3176
DIAMONDS QUEEN SPADES THREE,0.4454,0.0128,0.5418
HEARTS FOUR CLUBS TEN,0.311,0.076,0.613
DIAMONDS ACE CLUBS TEN,0.3812,0.0026,0.6162
HEARTS TWO SPADES FIVE,0.5682,0.102,0.3298
DIAMONDS QUEEN SPADES FIVE,0.4006,0.0124,0.587
HEARTS FOUR CLUBS JACK,0.3094,0.0594,0.6312
DIAMONDS ACE CLUBS JACK,0.3794,0.0028,0.6178
CLUBS FIVE CLUBS KING,0.3948,0.0102,0.595
CLUBS FIVE CLUBS QUEEN,0.386,0.0112,0.6028
CLUBS FIVE CLUBS ACE,0.3724,0.007,0.6206
CLUBS FIVE CLUBS JACK,0.3994,0.018,0.5826
CLUBS FIVE CLUBS TEN,0.3794,0.026,0.5946
SPADES KING CLUBS JACK,0.3738,0.007,0.6192
SPADES QUEEN CLUBS JACK,0.3702,0.0096,0.6202
SPADES ACE CLUBS JACK,0.3834,0.0054,0.6112
SPADES SIX CLUBS KING,0.4032,0.0064,0.5904
SPADES SIX CLUBS QUEEN,0.4044,0.0114,0.5842
SPADES EIGHT HEARTS JACK,0.371,0.0212,0.6078
SPADES SIX CLUBS ACE,0.4102,0.0052,0.5846
SPADES EIGHT HEARTS TEN,0.3576,0.0262,0.6162
SPADES SIX CLUBS JACK,0.428,0.0224,0.5496
SPADES SIX CLUBS TEN,0.4056,0.0276,0.5668
SPADES TEN CLUBS JACK,0.3568,0.015,0.6282
SPADES JACK CLUBS JACK,0.202,0.044,0.754
SPADES QUEEN CLUBS SEVEN,0.2846,0.05,0.6654
SPADES KING CLUBS SEVEN,0.287,0.0394,0.6736
SPADES ACE CLUBS SEVEN,0.2842,0.027,0.6888
SPADES SIX HEARTS TEN,0.3816,0.0242,0.5942
SPADES SIX HEARTS JACK,0.422,0.0148,0.5632
SPADES SIX HEARTS ACE,0.4126,0.0038,0.5836
SPADES SIX HEARTS KING,0.3984,0.0054,0.5962
SPADES SIX HEARTS QUEEN,0.4094,0.0132,0.5774
SPADES JACK CLUBS SEVEN,0.2944,0.062,0.6436
CLUBS SEVEN SPADES TEN,0.288,0.082,0.63
HEARTS SIX CLUBS TEN,0.4062,0.0236,0.5702
HEARTS SIX CLUBS JACK,0.4158,0.0174,0.5668
CLUBS ACE CLUBS JACK,0.3636,0.0048,0.6316
HEARTS SIX CLUBS QUEEN,0.4102,0.009,0.5808
HEARTS SIX CLUBS KING,0.424,0.0058,0.5702
HEARTS SIX CLUBS ACE,0.4162,0.0018,0.582
CLUBS QUEEN CLUBS JACK,0.3658,0.0096,0.6246
CLUBS KING CLUBS JACK,0.3678,0.0068,0.6254
DIAMONDS THREE HEARTS ACE,0.4428,0.0072,0.55
DIAMONDS THREE HEARTS QUEEN,0.4382,0.0126,0.5492
DIAMONDS THREE HEARTS KING,0.4442,0.0092,0.5466
CLUBS FIVE HEARTS JACK,0.4006,0.0182,0.5812
SPADES TEN DIAMONDS ACE,0.3634,0.004,0.6326
HEARTS FOUR SPADES TEN,0.2952,0.082,0.6228
CLUBS FIVE HEARTS TEN,0.4092,0.0282,0.5626
HEARTS FOUR SPADES JACK,0.3076,0.0546,0.6378
SPADES JACK DIAMONDS ACE,0.3778,0.0048,0.6174
SPADES ACE HEARTS FOUR,0.3022,0.0198,0.678
SPADES ACE DIAMONDS ACE,0.181,0.0034,0.8156
CLUBS FIVE HEARTS ACE,0.3962,0.006,0.5978
CLUBS FIVE HEARTS KING,0.4232,0.007,0.5698
HEARTS FOUR SPADES QUEEN,0.2964,0.0434,0.6602
SPADES QUEEN DIAMONDS ACE,0.3652,0.004,0.6308
CLUBS FIVE HEARTS QUEEN,0.4006,0.0124,0.587
SPADES KING DIAMONDS ACE,0.3676,0.0042,0.6282
HEARTS FOUR SPADES KING,0.299,0.0324,0.6686
DIAMONDS QUEEN DIAMONDS ACE,0.3598,0.0044,0.6358
HEARTS TWO DIAMONDS ACE,0.4472,0.0052,0.5476
HEARTS FOUR DIAMONDS QUEEN,0.3146,0.0368,0.6486
HEARTS FOUR HEARTS TWO,0.5492,0.1826,0.2682
DIAMONDS THREE HEARTS TEN,0.4378,0.0324,0.5298
HEARTS FIVE DIAMONDS QUEEN,0.4048,0.0138,0.5814
HEARTS FIVE HEARTS TWO,0.5298,0.0938,0.3764
DIAMONDS THREE HEARTS JACK,0.4392,0.0208,0.54
DIAMONDS QUEEN HEARTS TWO,0.4548,0.0158,0.5294
DIAMONDS KING DIAMONDS QUEEN,0.3698,0.0072,0.623
DIAMONDS KING HEARTS TWO,0.4598,0.007,0.5332
HEARTS THREE DIAMONDS QUEEN,0.4506,0.0124,0.537
HEARTS THREE HEARTS TWO,0.5656,0.0958,0.3386
HEARTS TWO CLUBS ACE,0.4478,0.005,0.5472
DIAMONDS QUEEN CLUBS ACE,0.3782,0.0022,0.6196
HEARTS TWO CLUBS QUEEN,0.4666,0.0158,0.5176
DIAMONDS QUEEN CLUBS QUEEN,0.1952,0.0264,0.7784
HEARTS TWO CLUBS KING,0.4474,0.0116,0.541
DIAMONDS QUEEN CLUBS KING,0.3964,0.0056,0.598
SPADES EIGHT SPADES FIVE,0.337,0.063,0.6
HEARTS TWO CLUBS TEN,0.4492,0.0308,0.52
DIAMONDS QUEEN CLUBS TEN,0.3888,0.0076,0.6036
SPADES NINE SPADES FIVE,0.3444,0.0418,0.6138
HEARTS TWO CLUBS JACK,0.4568,0.0176,0.5256
DIAMONDS QUEEN CLUBS JACK,0.3804,0.0084,0.6112
SPADES SIX SPADES FIVE,0.5212,0.1002,0.3786
DIAMONDS FIVE CLUBS QUEEN,0.4166,0.0132,0.5702
SPADES EIGHT CLUBS ACE,0.3848,0.0054,0.6098
CLUBS KING DIAMONDS FIVE,0.4064,0.0074,0.5862
SPADES EIGHT CLUBS KING,0.3904,0.0078,0.6018
CLUBS ACE DIAMONDS FIVE,0.401,0.0038,0.5952
SPADES EIGHT CLUBS QUEEN,0.3788,0.0102,0.611
SPADES EIGHT CLUBS JACK,0.3662,0.0182,0.6156
SPADES EIGHT CLUBS TEN,0.3544,0.024,0.6216
DIAMONDS FIVE CLUBS TEN,0.4088,0.0312,0.56
DIAMONDS FIVE CLUBS JACK,0.413,0.0186,0.5684
HEARTS JACK DIAMONDS TEN,0.3726,0.0146,0.6128
DIAMONDS TEN HEARTS TEN,0.207,0.056,0.737
SPADES ACE CLUBS NINE,0.3842,0.005,0.6108
CLUBS NINE SPADES QUEEN,0.3738,0.0104,0.6158
SPADES KING CLUBS NINE,0.361,0.0082,0.6308
HEARTS SIX HEARTS KING,0.3834,0.0086,0.608
SPADES KING DIAMONDS SEVEN,0.2812,0.0374,0.6814
HEARTS SIX HEARTS QUEEN,0.3896,0.014,0.5964
DIAMONDS KING SPADES SIX,0.4196,0.009,0.5714
HEARTS THREE SPADES SIX,0.5632,0.104,0.3328
SPADES QUEEN DIAMONDS SEVEN,0.2814,0.043,0.6756
DIAMONDS KING SPADES NINE,0.3772,0.007,0.6158
HEARTS THREE SPADES NINE,0.4248,0.0404,0.5348
HEARTS SIX HEARTS ACE,0.3916,0.0064,0.602
DIAMONDS KING SPADES EIGHT,0.3702,0.006,0.6238
HEARTS THREE SPADES EIGHT,0.4334,0.0656,0.501
SPADES ACE DIAMONDS SEVEN,0.2704,0.0308,0.6988
