opposingHand,winningChance,drawChance,lostChance
SPADES KING CLUBS TWO
SPADES TEN HEARTS FIVE,0.589,0.0082,0.4028
SPADES JACK HEARTS FIVE,0.5968,0.0104,0.3928
SPADES FIVE CLUBS JACK,0.6014,0.0072,0.3914
CLUBS TEN SPADES FIVE,0.5976,0.01,0.3924
CLUBS EIGHT CLUBS JACK,0.5404,0.0062,0.4534
CLUBS TEN CLUBS EIGHT,0.5224,0.0074,0.4702
CLUBS EIGHT CLUBS KING,0.2288,0.2202,0.551
SPADES FIVE CLUBS ACE,0.3446,0.0068,0.6486
CLUBS EIGHT CLUBS QUEEN,0.5498,0.0082,0.442
SPADES FIVE CLUBS KING,0.2118,0.4648,0.3234
SPADES FIVE CLUBS QUEEN,0.583,0.009,0.408
CLUBS EIGHT CLUBS ACE,0.3502,0.004,0.6458
DIAMONDS TWO DIAMONDS THREE,0.6692,0.025,0.3058
DIAMONDS TWO DIAMONDS FIVE,0.6532,0.0298,0.317
DIAMONDS TWO DIAMONDS FOUR,0.6756,0.0268,0.2976
SPADES QUEEN HEARTS FIVE,0.595,0.0076,0.3974
DIAMONDS TWO DIAMONDS SEVEN,0.6876,0.0284,0.284
DIAMONDS TWO DIAMONDS SIX,0.699,0.0192,0.2818
SPADES ACE HEARTS FIVE,0.349,0.0056,0.6454
DIAMONDS TWO DIAMONDS NINE,0.6826,0.031,0.2864
DIAMONDS TWO DIAMONDS EIGHT,0.6826,0.0288,0.2886
DIAMONDS THREE DIAMONDS FOUR,0.5376,0.0104,0.452
DIAMONDS THREE DIAMONDS FIVE,0.5448,0.0102,0.445
DIAMONDS THREE DIAMONDS EIGHT,0.568,0.009,0.423
DIAMONDS THREE DIAMONDS NINE,0.5576,0.01,0.4324
DIAMONDS THREE DIAMONDS SIX,0.5414,0.0092,0.4494
DIAMONDS THREE DIAMONDS SEVEN,0.5412,0.0114,0.4474
CLUBS TEN CLUBS JACK,0.5012,0.007,0.4918
DIAMONDS FOUR DIAMONDS SIX,0.5272,0.0094,0.4634
CLUBS TEN CLUBS QUEEN,0.5204,0.0098,0.4698
DIAMONDS FOUR DIAMONDS SEVEN,0.5416,0.0082,0.4502
CLUBS TEN CLUBS KING,0.2074,0.1134,0.6792
CLUBS TEN CLUBS ACE,0.3338,0.0046,0.6616
DIAMONDS FIVE DIAMONDS FOUR,0.5194,0.0088,0.4718
DIAMONDS NINE DIAMONDS FOUR,0.547,0.0084,0.4446
DIAMONDS EIGHT DIAMONDS FOUR,0.5512,0.012,0.4368
DIAMONDS NINE DIAMONDS FIVE,0.5516,0.0074,0.441
DIAMONDS TWO CLUBS JACK,0.7396,0.0286,0.2318
DIAMONDS EIGHT DIAMONDS FIVE,0.5298,0.008,0.4622
CLUBS TEN DIAMONDS TWO,0.7292,0.026,0.2448
DIAMONDS FIVE DIAMONDS SEVEN,0.5344,0.0084,0.4572
DIAMONDS FIVE DIAMONDS SIX,0.5292,0.0082,0.4626
DIAMONDS TWO CLUBS ACE,0.2214,0.0166,0.762
DIAMONDS TWO CLUBS KING,0.0108,0.974,0.0152
DIAMONDS TWO CLUBS QUEEN,0.7318,0.0264,0.2418
DIAMONDS EIGHT DIAMONDS SIX,0.5138,0.0054,0.4808
DIAMONDS NINE DIAMONDS SIX,0.5336,0.007,0.4594
HEARTS ACE SPADES THREE,0.3348,0.007,0.6582
HEARTS KING SPADES THREE,0.2132,0.523,0.2638
DIAMONDS SEVEN DIAMONDS SIX,0.533,0.0084,0.4586
SPADES THREE HEARTS QUEEN,0.6022,0.01,0.3878
SPADES THREE HEARTS JACK,0.6072,0.009,0.3838
SPADES THREE HEARTS TEN,0.6068,0.011,0.3822
DIAMONDS EIGHT DIAMONDS SEVEN,0.5064,0.008,0.4856
DIAMONDS NINE DIAMONDS SEVEN,0.5178,0.0066,0.4756
DIAMONDS NINE DIAMONDS EIGHT,0.5224,0.008,0.4696
DIAMONDS KING HEARTS TEN,0.2264,0.1172,0.6564
HEARTS THREE HEARTS TEN,0.5578,0.0072,0.435
SPADES JACK CLUBS SIX,0.5872,0.0078,0.405
DIAMONDS KING HEARTS JACK,0.2268,0.0862,0.687
HEARTS THREE HEARTS JACK,0.5616,0.0062,0.4322
SPADES TEN CLUBS SIX,0.5886,0.0086,0.4028
SPADES JACK SPADES FIVE,0.563,0.0082,0.4288
SPADES TEN SPADES FIVE,0.5692,0.0116,0.4192
DIAMONDS KING HEARTS ACE,0.2264,0.0132,0.7604
HEARTS THREE HEARTS ACE,0.3244,0.0058,0.6698
SPADES ACE CLUBS SIX,0.35,0.0046,0.6454
DIAMONDS KING HEARTS QUEEN,0.2308,0.0628,0.7064
HEARTS THREE HEARTS QUEEN,0.5614,0.0064,0.4322
DIAMONDS KING HEARTS KING,0.0732,0.0132,0.9136
HEARTS THREE HEARTS KING,0.2162,0.4806,0.3032
SPADES QUEEN CLUBS SIX,0.5836,0.0094,0.407
SPADES NINE HEARTS TEN,0.5412,0.009,0.4498
SPADES NINE HEARTS JACK,0.5508,0.0064,0.4428
SPADES QUEEN SPADES FIVE,0.5742,0.0104,0.4154
SPADES ACE SPADES FIVE,0.3328,0.0066,0.6606
SPADES NINE HEARTS QUEEN,0.5612,0.0088,0.43
SPADES NINE HEARTS KING,0.2352,0.169,0.5958
SPADES NINE HEARTS ACE,0.3592,0.0054,0.6354
CLUBS TEN SPADES JACK,0.5394,0.0088,0.4518
CLUBS TEN SPADES TEN,0.284,0.0076,0.7084
SPADES ACE CLUBS TEN,0.334,0.0088,0.6572
SPADES QUEEN CLUBS TEN,0.5448,0.009,0.4462
SPADES FIVE HEARTS QUEEN,0.606,0.0086,0.3854
SPADES FIVE HEARTS KING,0.2214,0.4548,0.3238
SPADES FIVE HEARTS ACE,0.347,0.005,0.648
HEARTS THREE SPADES JACK,0.6046,0.0096,0.3858
SPADES JACK DIAMONDS KING,0.225,0.086,0.689
SPADES TEN CLUBS EIGHT,0.5572,0.009,0.4338
SPADES JACK CLUBS EIGHT,0.5668,0.0086,0.4246
HEARTS THREE SPADES TEN,0.6036,0.0096,0.3868
SPADES TEN DIAMONDS KING,0.2266,0.1222,0.6512
CLUBS SIX HEARTS ACE,0.3352,0.0048,0.66
SPADES ACE CLUBS EIGHT,0.3422,0.0046,0.6532
HEARTS FIVE CLUBS JACK,0.5844,0.0092,0.4064
CLUBS TEN HEARTS FIVE,0.593,0.0082,0.3988
CLUBS SIX HEARTS QUEEN,0.5982,0.0076,0.3942
SPADES QUEEN CLUBS EIGHT,0.581,0.006,0.413
CLUBS TEN SPADES THREE,0.6032,0.0102,0.3866
CLUBS SIX HEARTS KING,0.2138,0.3744,0.4118
SPADES THREE CLUBS JACK,0.5904,0.0082,0.4014
DIAMONDS TWO HEARTS JACK,0.7296,0.0314,0.239
SPADES THREE CLUBS QUEEN,0.6066,0.0074,0.386
DIAMONDS TWO HEARTS TEN,0.7346,0.0278,0.2376
SPADES THREE CLUBS KING,0.2222,0.514,0.2638
HEARTS FIVE CLUBS ACE,0.3384,0.0048,0.6568
SPADES FIVE HEARTS TEN,0.6018,0.0082,0.39
SPADES THREE CLUBS ACE,0.336,0.0064,0.6576
HEARTS FIVE CLUBS KING,0.2086,0.4702,0.3212
SPADES FIVE HEARTS JACK,0.5836,0.0064,0.41
HEARTS FIVE CLUBS QUEEN,0.6,0.0094,0.3906
HEARTS THREE CLUBS KING,0.2116,0.5302,0.2582
DIAMONDS KING CLUBS KING,0.0554,0.0178,0.9268
HEARTS THREE CLUBS QUEEN,0.6014,0.0096,0.389
DIAMONDS KING CLUBS QUEEN,0.2286,0.0684,0.703
HEARTS FIVE HEARTS JACK,0.5534,0.0096,0.437
HEARTS FIVE HEARTS TEN,0.5464,0.007,0.4466
HEARTS THREE CLUBS ACE,0.3358,0.0068,0.6574
DIAMONDS KING CLUBS ACE,0.2156,0.0132,0.7712
SPADES ACE CLUBS QUEEN,0.3362,0.006,0.6578
HEARTS THREE CLUBS JACK,0.5924,0.0076,0.4
DIAMONDS KING CLUBS JACK,0.2282,0.0814,0.6904
SPADES QUEEN CLUBS QUEEN,0.278,0.0042,0.7178
CLUBS TEN HEARTS THREE,0.6016,0.0092,0.3892
CLUBS TEN DIAMONDS KING,0.2206,0.1074,0.672
SPADES JACK CLUBS QUEEN,0.5558,0.0064,0.4378
CLUBS SIX CLUBS QUEEN,0.5608,0.0092,0.43
SPADES TEN CLUBS QUEEN,0.5548,0.0096,0.4356
CLUBS SIX CLUBS KING,0.2122,0.3646,0.4232
CLUBS SIX CLUBS ACE,0.34,0.0056,0.6544
HEARTS FIVE HEARTS KING,0.1966,0.4356,0.3678
HEARTS FIVE HEARTS QUEEN,0.5554,0.0096,0.435
CLUBS TEN CLUBS SIX,0.5592,0.0076,0.4332
HEARTS FIVE HEARTS ACE,0.3222,0.0066,0.6712
CLUBS SIX CLUBS JACK,0.5548,0.009,0.4362
SPADES SEVEN HEARTS JACK,0.567,0.008,0.425
SPADES SEVEN HEARTS TEN,0.5572,0.0064,0.4364
DIAMONDS TWO CLUBS THREE,0.7082,0.033,0.2588
HEARTS SIX DIAMONDS TWO,0.7266,0.0242,0.2492
DIAMONDS TWO HEARTS QUEEN,0.7326,0.0254,0.242
DIAMONDS TWO HEARTS SEVEN,0.7258,0.0238,0.2504
DIAMONDS TWO HEARTS KING,0.023,0.96,0.017
DIAMONDS TWO HEARTS EIGHT,0.7246,0.029,0.2464
DIAMONDS TWO HEARTS ACE,0.239,0.017,0.744
DIAMONDS TWO HEARTS NINE,0.7258,0.0266,0.2476
DIAMONDS TWO DIAMONDS QUEEN,0.6828,0.025,0.2922
DIAMONDS TWO HEARTS TWO,0.3104,0.018,0.6716
DIAMONDS TWO DIAMONDS KING,0.0172,0.9126,0.0702
HEARTS THREE DIAMONDS TWO,0.7188,0.0296,0.2516
DIAMONDS TWO DIAMONDS ACE,0.2124,0.0168,0.7708
HEARTS FOUR DIAMONDS TWO,0.707,0.0276,0.2654
DIAMONDS TWO HEARTS FIVE,0.706,0.029,0.265
SPADES SEVEN HEARTS ACE,0.3546,0.0078,0.6376
DIAMONDS TWO DIAMONDS TEN,0.6842,0.0288,0.287
SPADES SEVEN HEARTS KING,0.2224,0.2992,0.4784
DIAMONDS TWO DIAMONDS JACK,0.6884,0.026,0.2856
SPADES SEVEN HEARTS QUEEN,0.5874,0.0084,0.4042
DIAMONDS TWO SPADES NINE,0.7338,0.0294,0.2368
DIAMONDS TWO SPADES EIGHT,0.7336,0.0268,0.2396
DIAMONDS TWO SPADES SEVEN,0.7322,0.028,0.2398
DIAMONDS TWO SPADES SIX,0.7228,0.0268,0.2504
DIAMONDS TWO SPADES FIVE,0.7054,0.0326,0.262
DIAMONDS TWO SPADES FOUR,0.711,0.031,0.258
DIAMONDS TWO SPADES THREE,0.722,0.0258,0.2522
DIAMONDS TWO SPADES TWO,0.3116,0.0188,0.6696
CLUBS NINE DIAMONDS TWO,0.7314,0.0344,0.2342
DIAMONDS TWO CLUBS EIGHT,0.7386,0.0286,0.2328
CLUBS SEVEN DIAMONDS TWO,0.735,0.0198,0.2452
DIAMONDS TWO CLUBS SIX,0.7236,0.024,0.2524
DIAMONDS TWO CLUBS FIVE,0.71,0.0284,0.2616
DIAMONDS TWO CLUBS FOUR,0.707,0.0258,0.2672
CLUBS FOUR SPADES FIVE,0.563,0.011,0.426
CLUBS FOUR SPADES FOUR,0.3352,0.0206,0.6442
CLUBS FOUR SPADES THREE,0.584,0.0068,0.4092
CLUBS FOUR SPADES TWO,0.714,0.0304,0.2556
SPADES NINE CLUBS FOUR,0.6028,0.0088,0.3884
SPADES EIGHT CLUBS FOUR,0.5908,0.0098,0.3994
SPADES SEVEN CLUBS FOUR,0.5778,0.008,0.4142
SPADES SIX CLUBS FOUR,0.5804,0.009,0.4106
SPADES ACE DIAMONDS SIX,0.3476,0.0052,0.6472
SPADES QUEEN DIAMONDS SIX,0.5924,0.008,0.3996
SPADES TEN DIAMONDS SIX,0.5922,0.0076,0.4002
SPADES JACK DIAMONDS SIX,0.5952,0.0074,0.3974
SPADES QUEEN SPADES TWO,0.706,0.029,0.265
SPADES ACE SPADES TWO,0.2232,0.0148,0.762
DIAMONDS JACK CLUBS JACK,0.2756,0.0058,0.7186
CLUBS TEN DIAMONDS JACK,0.531,0.006,0.463
DIAMONDS JACK CLUBS KING,0.2206,0.094,0.6854
DIAMONDS JACK CLUBS QUEEN,0.5608,0.0062,0.433
DIAMONDS THREE DIAMONDS JACK,0.5586,0.0116,0.4298
DIAMONDS THREE DIAMONDS TEN,0.5626,0.0078,0.4296
DIAMONDS JACK CLUBS ACE,0.324,0.0072,0.6688
DIAMONDS THREE DIAMONDS KING,0.2148,0.4822,0.303
HEARTS THREE DIAMONDS THREE,0.3456,0.0174,0.637
DIAMONDS THREE DIAMONDS QUEEN,0.56,0.008,0.432
DIAMONDS THREE HEARTS TWO,0.7164,0.028,0.2556
HEARTS FIVE DIAMONDS THREE,0.5716,0.0092,0.4192
DIAMONDS THREE DIAMONDS ACE,0.332,0.0056,0.6624
HEARTS FOUR DIAMONDS THREE,0.5694,0.0106,0.42
DIAMONDS THREE HEARTS SEVEN,0.5834,0.0096,0.407
SPADES TEN SPADES NINE,0.5152,0.0078,0.477
HEARTS SIX DIAMONDS THREE,0.5902,0.009,0.4008
SPADES JACK SPADES NINE,0.5272,0.008,0.4648
DIAMONDS THREE HEARTS NINE,0.5996,0.0088,0.3916
HEARTS JACK DIAMONDS FOUR,0.5942,0.0072,0.3986
HEARTS KING HEARTS ACE,0.2202,0.0142,0.7656
SPADES TEN SPADES TWO,0.7088,0.0264,0.2648
DIAMONDS THREE HEARTS EIGHT,0.5898,0.0098,0.4004
HEARTS TEN DIAMONDS FOUR,0.594,0.0068,0.3992
SPADES JACK SPADES TWO,0.7008,0.0294,0.2698
HEARTS QUEEN DIAMONDS FOUR,0.6046,0.0074,0.388
HEARTS KING DIAMONDS FOUR,0.2126,0.516,0.2714
SPADES ACE SPADES NINE,0.3342,0.0072,0.6586
HEARTS ACE DIAMONDS FOUR,0.349,0.0054,0.6456
SPADES QUEEN SPADES NINE,0.5398,0.0098,0.4504
DIAMONDS THREE SPADES NINE,0.6044,0.0082,0.3874
DIAMONDS THREE SPADES EIGHT,0.6066,0.0094,0.384
DIAMONDS THREE SPADES SEVEN,0.6068,0.0096,0.3836
DIAMONDS THREE SPADES SIX,0.5864,0.01,0.4036
DIAMONDS THREE CLUBS SIX,0.5746,0.0092,0.4162
CLUBS FIVE CLUBS SIX,0.5224,0.0108,0.4668
CLUBS ACE DIAMONDS FOUR,0.3384,0.0064,0.6552
CLUBS SEVEN DIAMONDS THREE,0.5896,0.008,0.4024
CLUBS SEVEN CLUBS FIVE,0.5086,0.008,0.4834
DIAMONDS THREE CLUBS FOUR,0.5694,0.0114,0.4192
DIAMONDS FOUR CLUBS QUEEN,0.6008,0.0074,0.3918
DIAMONDS THREE CLUBS FIVE,0.5644,0.0104,0.4252
CLUBS KING DIAMONDS FOUR,0.2132,0.5126,0.2742
CLUBS TEN DIAMONDS FOUR,0.5914,0.0064,0.4022
DIAMONDS THREE CLUBS THREE,0.338,0.0212,0.6408
DIAMONDS FOUR CLUBS JACK,0.5884,0.0094,0.4022
DIAMONDS THREE SPADES FOUR,0.5856,0.0126,0.4018
DIAMONDS THREE SPADES FIVE,0.578,0.0088,0.4132
DIAMONDS THREE SPADES TWO,0.7214,0.0238,0.2548
DIAMONDS THREE SPADES THREE,0.3428,0.0226,0.6346
CLUBS EIGHT DIAMONDS THREE,0.611,0.01,0.379
CLUBS NINE DIAMONDS THREE,0.5838,0.009,0.4072
SPADES SEVEN CLUBS ACE,0.3572,0.0062,0.6366
SPADES SEVEN CLUBS QUEEN,0.5936,0.0078,0.3986
SPADES SEVEN CLUBS KING,0.2188,0.3086,0.4726
CLUBS FIVE SPADES SEVEN,0.5536,0.0096,0.4368
CLUBS TEN SPADES SEVEN,0.5596,0.0072,0.4332
CLUBS FIVE SPADES SIX,0.5508,0.01,0.4392
SPADES SEVEN CLUBS JACK,0.56,0.0078,0.4322
SPADES NINE CLUBS FIVE,0.5852,0.01,0.4048
CLUBS FIVE SPADES EIGHT,0.574,0.0084,0.4176
CLUBS FIVE SPADES THREE,0.5866,0.011,0.4024
CLUBS FIVE SPADES TWO,0.7078,0.028,0.2642
CLUBS FIVE SPADES FIVE,0.3386,0.0192,0.6422
CLUBS FIVE SPADES FOUR,0.5636,0.0104,0.426
CLUBS NINE CLUBS FIVE,0.5512,0.0098,0.439
CLUBS EIGHT CLUBS FIVE,0.5504,0.008,0.4416
CLUBS ACE CLUBS QUEEN,0.3238,0.007,0.6692
CLUBS KING CLUBS QUEEN,0.226,0.0664,0.7076
DIAMONDS TEN DIAMONDS FOUR,0.5518,0.006,0.4422
CLUBS TEN DIAMONDS NINE,0.5374,0.0074,0.4552
DIAMONDS JACK DIAMONDS FOUR,0.549,0.0094,0.4416
DIAMONDS NINE CLUBS JACK,0.553,0.0068,0.4402
SPADES NINE CLUBS JACK,0.5532,0.006,0.4408
CLUBS TEN SPADES NINE,0.5466,0.01,0.4434
DIAMONDS ACE DIAMONDS FOUR,0.3264,0.007,0.6666
HEARTS FOUR DIAMONDS FOUR,0.3462,0.0174,0.6364
DIAMONDS JACK HEARTS TEN,0.5396,0.0052,0.4552
SPADES NINE CLUBS KING,0.2294,0.1814,0.5892
DIAMONDS TWO SPADES TEN,0.725,0.029,0.246
DIAMONDS NINE CLUBS ACE,0.3576,0.0042,0.6382
HEARTS FIVE DIAMONDS FOUR,0.5654,0.0134,0.4212
HEARTS JACK DIAMONDS JACK,0.2772,0.0058,0.717
SPADES NINE CLUBS QUEEN,0.5648,0.0074,0.4278
SPADES JACK DIAMONDS TWO,0.732,0.031,0.237
DIAMONDS QUEEN DIAMONDS FOUR,0.5626,0.0104,0.427
HEARTS TWO DIAMONDS FOUR,0.7132,0.0262,0.2606
DIAMONDS NINE CLUBS QUEEN,0.5598,0.0068,0.4334
DIAMONDS KING DIAMONDS FOUR,0.2214,0.4754,0.3032
HEARTS THREE DIAMONDS FOUR,0.5812,0.0086,0.4102
SPADES NINE CLUBS ACE,0.3658,0.0046,0.6296
DIAMONDS NINE CLUBS KING,0.226,0.1536,0.6204
HEARTS ACE DIAMONDS JACK,0.3474,0.0038,0.6488
SPADES ACE DIAMONDS TWO,0.2318,0.017,0.7512
DIAMONDS JACK HEARTS QUEEN,0.5612,0.0064,0.4324
SPADES QUEEN DIAMONDS TWO,0.737,0.0282,0.2348
HEARTS KING DIAMONDS JACK,0.2278,0.089,0.6832
SPADES JACK SPADES SEVEN,0.5562,0.0094,0.4344
SPADES TEN SPADES SEVEN,0.5274,0.007,0.4656
CLUBS SEVEN CLUBS THREE,0.5622,0.0098,0.428
CLUBS SIX CLUBS THREE,0.5508,0.0088,0.4404
CLUBS FIVE CLUBS THREE,0.5568,0.0088,0.4344
CLUBS THREE CLUBS FOUR,0.5434,0.0078,0.4488
CLUBS NINE CLUBS THREE,0.5636,0.011,0.4254
CLUBS EIGHT CLUBS THREE,0.5726,0.0104,0.417
CLUBS THREE SPADES FIVE,0.5714,0.0114,0.4172
CLUBS THREE SPADES FOUR,0.5952,0.012,0.3928
CLUBS THREE SPADES THREE,0.3378,0.0178,0.6444
CLUBS THREE SPADES TWO,0.726,0.0246,0.2494
CLUBS THREE SPADES SIX,0.5796,0.0098,0.4106
SPADES SEVEN CLUBS THREE,0.5872,0.0076,0.4052
SPADES EIGHT CLUBS THREE,0.601,0.008,0.391
SPADES NINE CLUBS THREE,0.5972,0.008,0.3948
SPADES TWO DIAMONDS FOUR,0.7152,0.0282,0.2566
SPADES THREE DIAMONDS FOUR,0.5886,0.014,0.3974
SPADES FOUR DIAMONDS FOUR,0.3384,0.0206,0.641
SPADES FIVE DIAMONDS FOUR,0.5688,0.009,0.4222
SPADES SIX DIAMONDS FOUR,0.5746,0.0102,0.4152
SPADES SEVEN DIAMONDS FOUR,0.582,0.0118,0.4062
SPADES EIGHT DIAMONDS FOUR,0.5972,0.0084,0.3944
SPADES NINE DIAMONDS FOUR,0.5892,0.011,0.3998
CLUBS FIVE DIAMONDS FOUR,0.5658,0.0088,0.4254
CLUBS FOUR DIAMONDS FOUR,0.3294,0.0146,0.656
CLUBS SEVEN DIAMONDS FOUR,0.5618,0.01,0.4282
CLUBS SIX DIAMONDS FOUR,0.5694,0.0094,0.4212
CLUBS NINE DIAMONDS FOUR,0.5886,0.0096,0.4018
CLUBS EIGHT DIAMONDS FOUR,0.591,0.0062,0.4028
DIAMONDS FOUR HEARTS SEVEN,0.5768,0.0098,0.4134
HEARTS SIX DIAMONDS FOUR,0.5692,0.0098,0.421
HEARTS NINE DIAMONDS FOUR,0.5912,0.0104,0.3984
DIAMONDS FOUR HEARTS EIGHT,0.5966,0.0062,0.3972
CLUBS THREE DIAMONDS FOUR,0.5784,0.0114,0.4102
DIAMONDS TEN DIAMONDS FIVE,0.5598,0.0084,0.4318
DIAMONDS JACK DIAMONDS FIVE,0.5464,0.01,0.4436
DIAMONDS NINE HEARTS QUEEN,0.568,0.0064,0.4256
HEARTS KING DIAMONDS NINE,0.2242,0.1588,0.617
DIAMONDS NINE HEARTS ACE,0.3564,0.0054,0.6382
DIAMONDS NINE HEARTS TEN,0.5442,0.0058,0.45
DIAMONDS NINE HEARTS JACK,0.5538,0.0054,0.4408
CLUBS KING DIAMONDS SIX,0.217,0.3918,0.3912
CLUBS QUEEN DIAMONDS SIX,0.5852,0.0066,0.4082
CLUBS ACE DIAMONDS SIX,0.3612,0.0052,0.6336
SPADES ACE SPADES SEVEN,0.3288,0.0056,0.6656
SPADES QUEEN DIAMONDS FOUR,0.5992,0.0108,0.39
SPADES QUEEN SPADES SEVEN,0.5686,0.0082,0.4232
CLUBS JACK DIAMONDS SIX,0.5816,0.0096,0.4088
SPADES ACE DIAMONDS FOUR,0.3542,0.0052,0.6406
CLUBS TEN DIAMONDS SIX,0.5882,0.0072,0.4046
CLUBS NINE CLUBS FOUR,0.5478,0.011,0.4412
CLUBS EIGHT CLUBS FOUR,0.558,0.0066,0.4354
SPADES JACK DIAMONDS FOUR,0.6096,0.0078,0.3826
SPADES TEN DIAMONDS FOUR,0.5822,0.0088,0.409
CLUBS FIVE CLUBS FOUR,0.5286,0.0098,0.4616
CLUBS SEVEN CLUBS FOUR,0.5542,0.0096,0.4362
CLUBS SIX CLUBS FOUR,0.544,0.0094,0.4466
CLUBS SEVEN SPADES EIGHT,0.5538,0.0082,0.438
CLUBS SEVEN SPADES NINE,0.5608,0.0074,0.4318
CLUBS SEVEN SPADES SIX,0.5536,0.0082,0.4382
CLUBS SEVEN SPADES SEVEN,0.3184,0.0138,0.6678
CLUBS SEVEN SPADES FIVE,0.565,0.012,0.423
CLUBS SEVEN SPADES FOUR,0.5588,0.0074,0.4338
CLUBS SEVEN SPADES THREE,0.5818,0.011,0.4072
CLUBS SEVEN SPADES TWO,0.7338,0.0216,0.2446
CLUBS NINE CLUBS SEVEN,0.527,0.0094,0.4636
CLUBS SEVEN CLUBS EIGHT,0.5232,0.0082,0.4686
HEARTS SIX DIAMONDS FIVE,0.555,0.0076,0.4374
DIAMONDS FIVE HEARTS SEVEN,0.5554,0.0086,0.436
DIAMONDS FIVE HEARTS EIGHT,0.5742,0.0098,0.416
HEARTS NINE DIAMONDS FIVE,0.5776,0.0088,0.4136
DIAMONDS QUEEN DIAMONDS FIVE,0.5452,0.0064,0.4484
HEARTS TWO DIAMONDS FIVE,0.6976,0.0244,0.278
HEARTS KING HEARTS EIGHT,0.2182,0.2208,0.561
DIAMONDS KING DIAMONDS FIVE,0.2094,0.4218,0.3688
HEARTS THREE DIAMONDS FIVE,0.5846,0.0056,0.4098
HEARTS QUEEN HEARTS EIGHT,0.5366,0.0084,0.455
DIAMONDS ACE DIAMONDS FIVE,0.3196,0.0082,0.6722
HEARTS FOUR DIAMONDS FIVE,0.5712,0.0098,0.419
HEARTS FIVE DIAMONDS FIVE,0.3292,0.0136,0.6572
HEARTS ACE HEARTS EIGHT,0.3372,0.0046,0.6582
CLUBS FOUR DIAMONDS FIVE,0.56,0.0086,0.4314
CLUBS FIVE DIAMONDS FIVE,0.3546,0.015,0.6304
CLUBS SIX DIAMONDS FIVE,0.5574,0.0072,0.4354
CLUBS SEVEN DIAMONDS FIVE,0.5536,0.0066,0.4398
CLUBS THREE DIAMONDS FIVE,0.5712,0.0092,0.4196
SPADES THREE DIAMONDS FIVE,0.5796,0.01,0.4104
SPADES TWO DIAMONDS FIVE,0.7068,0.029,0.2642
SPADES JACK DIAMONDS EIGHT,0.5816,0.0072,0.4112
SPADES FIVE DIAMONDS FIVE,0.3302,0.0182,0.6516
CLUBS TEN HEARTS JACK,0.5472,0.0074,0.4454
SPADES TEN DIAMONDS EIGHT,0.5526,0.0082,0.4392
SPADES FOUR DIAMONDS FIVE,0.57,0.0084,0.4216
HEARTS JACK CLUBS JACK,0.2804,0.0056,0.714
HEARTS JACK CLUBS QUEEN,0.551,0.006,0.443
CLUBS NINE DIAMONDS FIVE,0.5824,0.0096,0.408
HEARTS JACK CLUBS KING,0.2222,0.0826,0.6952
CLUBS EIGHT DIAMONDS FIVE,0.5666,0.008,0.4254
HEARTS JACK CLUBS ACE,0.3404,0.0046,0.655
SPADES SEVEN DIAMONDS FIVE,0.5634,0.0076,0.429
SPADES SIX DIAMONDS FIVE,0.5632,0.008,0.4288
SPADES QUEEN DIAMONDS EIGHT,0.5784,0.0076,0.414
SPADES NINE DIAMONDS FIVE,0.5798,0.008,0.4122
SPADES EIGHT DIAMONDS FIVE,0.5918,0.0082,0.4
SPADES ACE DIAMONDS EIGHT,0.3464,0.0058,0.6478
DIAMONDS TEN DIAMONDS SIX,0.546,0.0068,0.4472
HEARTS ACE DIAMONDS SEVEN,0.3576,0.0046,0.6378
DIAMONDS JACK DIAMONDS SIX,0.5454,0.0074,0.4472
HEARTS QUEEN DIAMONDS SEVEN,0.5862,0.0074,0.4064
HEARTS KING DIAMONDS SEVEN,0.218,0.3092,0.4728
DIAMONDS ACE DIAMONDS SIX,0.3354,0.006,0.6586
HEARTS FOUR DIAMONDS SIX,0.5692,0.0072,0.4236
HEARTS JACK SPADES TWO,0.7406,0.0326,0.2268
HEARTS FIVE DIAMONDS SIX,0.554,0.0104,0.4356
SPADES TWO HEARTS TEN,0.7382,0.0324,0.2294
DIAMONDS QUEEN DIAMONDS SIX,0.5484,0.0062,0.4454
HEARTS TWO DIAMONDS SIX,0.724,0.0216,0.2544
DIAMONDS KING DIAMONDS SIX,0.2064,0.3686,0.425
HEARTS THREE DIAMONDS SIX,0.5694,0.0092,0.4214
HEARTS EIGHT DIAMONDS SIX,0.5638,0.0086,0.4276
HEARTS NINE DIAMONDS SIX,0.5668,0.0034,0.4298
HEARTS SIX DIAMONDS SIX,0.3276,0.0164,0.656
HEARTS SEVEN DIAMONDS SIX,0.5466,0.0062,0.4472
HEARTS TEN DIAMONDS SEVEN,0.565,0.0066,0.4284
HEARTS JACK DIAMONDS SEVEN,0.583,0.007,0.41
CLUBS THREE DIAMONDS SIX,0.5816,0.0104,0.408
CLUBS SEVEN DIAMONDS SIX,0.547,0.0084,0.4446
DIAMONDS EIGHT CLUBS JACK,0.5618,0.0056,0.4326
CLUBS SIX DIAMONDS SIX,0.3392,0.0154,0.6454
CLUBS TEN DIAMONDS EIGHT,0.5482,0.0078,0.444
CLUBS FIVE DIAMONDS SIX,0.562,0.0094,0.4286
CLUBS FOUR DIAMONDS SIX,0.5814,0.011,0.4076
HEARTS ACE HEARTS JACK,0.3202,0.004,0.6758
DIAMONDS EIGHT CLUBS ACE,0.353,0.0046,0.6424
HEARTS JACK HEARTS QUEEN,0.5094,0.0068,0.4838
DIAMONDS EIGHT CLUBS KING,0.2312,0.2276,0.5412
CLUBS NINE DIAMONDS SIX,0.576,0.005,0.419
HEARTS KING HEARTS JACK,0.2198,0.0844,0.6958
DIAMONDS EIGHT CLUBS QUEEN,0.5692,0.0084,0.4224
CLUBS EIGHT DIAMONDS SIX,0.5638,0.0092,0.427
SPADES TEN HEARTS KING,0.2354,0.115,0.6496
SPADES FIVE DIAMONDS SIX,0.568,0.011,0.421
HEARTS ACE SPADES TWO,0.2382,0.018,0.7438
SPADES JACK HEARTS KING,0.2328,0.0922,0.675
SPADES FOUR DIAMONDS SIX,0.5748,0.0092,0.416
SPADES THREE DIAMONDS SIX,0.5876,0.0068,0.4056
SPADES TWO HEARTS QUEEN,0.7304,0.0286,0.241
HEARTS KING SPADES TWO,0.0198,0.9708,0.0094
SPADES TWO DIAMONDS SIX,0.7258,0.0252,0.249
HEARTS TEN HEARTS EIGHT,0.5244,0.0096,0.466
SPADES NINE DIAMONDS SIX,0.5648,0.0106,0.4246
HEARTS JACK HEARTS EIGHT,0.533,0.007,0.46
SPADES EIGHT DIAMONDS SIX,0.572,0.0082,0.4198
SPADES SEVEN DIAMONDS SIX,0.5508,0.0096,0.4396
SPADES SIX DIAMONDS SIX,0.3348,0.0158,0.6494
SPADES QUEEN HEARTS KING,0.2484,0.0672,0.6844
CLUBS ACE CLUBS KING,0.2096,0.0092,0.7812
SPADES ACE HEARTS KING,0.219,0.014,0.767
SPADES ACE HEARTS JACK,0.349,0.0062,0.6448
SPADES QUEEN HEARTS JACK,0.5644,0.008,0.4276
SPADES TEN DIAMONDS TEN,0.3016,0.0108,0.6876
SPADES JACK DIAMONDS TEN,0.5378,0.0072,0.455
SPADES ACE DIAMONDS TEN,0.329,0.0036,0.6674
SPADES JACK HEARTS JACK,0.2928,0.0082,0.699
SPADES TEN HEARTS JACK,0.5442,0.0088,0.447
SPADES QUEEN DIAMONDS TEN,0.554,0.0088,0.4372
SPADES NINE DIAMONDS SEVEN,0.5572,0.0102,0.4326
SPADES EIGHT DIAMONDS SEVEN,0.5462,0.0082,0.4456
SPADES SEVEN DIAMONDS SEVEN,0.3268,0.0154,0.6578
SPADES SIX DIAMONDS SEVEN,0.5558,0.009,0.4352
DIAMONDS KING DIAMONDS SEVEN,0.1972,0.2816,0.5212
HEARTS THREE DIAMONDS SEVEN,0.5854,0.0092,0.4054
HEARTS KING DIAMONDS FIVE,0.2154,0.4616,0.323
DIAMONDS QUEEN DIAMONDS SEVEN,0.5408,0.0072,0.452
HEARTS TWO DIAMONDS SEVEN,0.7318,0.0244,0.2438
HEARTS QUEEN DIAMONDS FIVE,0.5964,0.0088,0.3948
HEARTS FIVE DIAMONDS SEVEN,0.5666,0.009,0.4244
DIAMONDS ACE DIAMONDS SEVEN,0.3214,0.0048,0.6738
HEARTS FOUR DIAMONDS SEVEN,0.5824,0.0084,0.4092
HEARTS ACE DIAMONDS FIVE,0.3418,0.005,0.6532
HEARTS SEVEN DIAMONDS SEVEN,0.3234,0.0124,0.6642
HEARTS SIX DIAMONDS SEVEN,0.5622,0.0062,0.4316
HEARTS NINE DIAMONDS SEVEN,0.5562,0.0058,0.438
DIAMONDS SEVEN HEARTS EIGHT,0.534,0.007,0.459
DIAMONDS JACK DIAMONDS SEVEN,0.5426,0.0074,0.45
HEARTS JACK DIAMONDS FIVE,0.6004,0.0074,0.3922
DIAMONDS TEN DIAMONDS SEVEN,0.5278,0.0076,0.4646
DIAMONDS FIVE HEARTS TEN,0.5974,0.0086,0.394
HEARTS KING CLUBS KING,0.0624,0.016,0.9216
CLUBS EIGHT DIAMONDS SEVEN,0.5534,0.0086,0.438
HEARTS KING CLUBS QUEEN,0.232,0.0636,0.7044
CLUBS NINE DIAMONDS SEVEN,0.5566,0.0088,0.4346
SPADES TWO CLUBS JACK,0.738,0.035,0.227
CLUBS TEN SPADES TWO,0.7316,0.0302,0.2382
HEARTS KING CLUBS ACE,0.2138,0.0134,0.7728
CLUBS SEVEN CLUBS SIX,0.5226,0.0074,0.47
SPADES TWO CLUBS KING,0.0086,0.984,0.0074
SPADES TWO DIAMONDS SEVEN,0.7292,0.0292,0.2416
CLUBS EIGHT CLUBS SIX,0.5374,0.0048,0.4578
SPADES THREE DIAMONDS SEVEN,0.6008,0.0096,0.3896
SPADES TWO CLUBS QUEEN,0.7344,0.0288,0.2368
CLUBS NINE CLUBS SIX,0.5378,0.0074,0.4548
SPADES FOUR DIAMONDS SEVEN,0.587,0.0116,0.4014
HEARTS KING CLUBS JACK,0.2262,0.0932,0.6806
SPADES FIVE DIAMONDS SEVEN,0.563,0.0086,0.4284
SPADES TWO CLUBS ACE,0.2184,0.0182,0.7634
CLUBS TEN HEARTS KING,0.2192,0.1138,0.667
CLUBS SIX SPADES TWO,0.7322,0.022,0.2458
CLUBS SIX SPADES THREE,0.5894,0.012,0.3986
CLUBS SIX SPADES FOUR,0.575,0.0128,0.4122
CLUBS THREE DIAMONDS SEVEN,0.578,0.0092,0.4128
CLUBS SIX SPADES FIVE,0.5694,0.0076,0.423
CLUBS FOUR DIAMONDS SEVEN,0.5742,0.0092,0.4166
CLUBS SIX SPADES SIX,0.3386,0.0142,0.6472
CLUBS FIVE DIAMONDS SEVEN,0.5604,0.0084,0.4312
CLUBS SIX SPADES SEVEN,0.5414,0.0094,0.4492
CLUBS SIX DIAMONDS SEVEN,0.544,0.0064,0.4496
SPADES EIGHT CLUBS SIX,0.5642,0.009,0.4268
CLUBS SEVEN DIAMONDS SEVEN,0.3154,0.0134,0.6712
SPADES NINE CLUBS SIX,0.5738,0.0078,0.4184
CLUBS THREE DIAMONDS EIGHT,0.5978,0.01,0.3922
DIAMONDS EIGHT HEARTS SEVEN,0.5548,0.0062,0.439
HEARTS SIX DIAMONDS EIGHT,0.5722,0.0068,0.421
DIAMONDS EIGHT HEARTS NINE,0.5492,0.0064,0.4444
DIAMONDS EIGHT HEARTS EIGHT,0.321,0.0102,0.6688
CLUBS NINE DIAMONDS EIGHT,0.5464,0.0078,0.4458
CLUBS EIGHT DIAMONDS EIGHT,0.3192,0.012,0.6688
CLUBS FIVE DIAMONDS EIGHT,0.5856,0.0088,0.4056
SPADES ACE SPADES THREE,0.3182,0.0062,0.6756
CLUBS FOUR DIAMONDS EIGHT,0.5956,0.0058,0.3986
CLUBS SEVEN DIAMONDS EIGHT,0.5384,0.008,0.4536
SPADES QUEEN SPADES THREE,0.5704,0.0084,0.4212
CLUBS SIX DIAMONDS EIGHT,0.5632,0.0086,0.4282
DIAMONDS QUEEN DIAMONDS EIGHT,0.54,0.006,0.454
HEARTS TWO DIAMONDS EIGHT,0.7268,0.0246,0.2486
DIAMONDS KING DIAMONDS EIGHT,0.2102,0.2232,0.5666
HEARTS THREE DIAMONDS EIGHT,0.6014,0.0078,0.3908
DIAMONDS ACE DIAMONDS EIGHT,0.3484,0.004,0.6476
HEARTS FOUR DIAMONDS EIGHT,0.5952,0.0078,0.397
HEARTS FIVE DIAMONDS EIGHT,0.584,0.0076,0.4084
DIAMONDS EIGHT DIAMONDS TEN,0.5214,0.0064,0.4722
DIAMONDS EIGHT DIAMONDS JACK,0.5298,0.006,0.4642
SPADES JACK SPADES THREE,0.5712,0.0102,0.4186
SPADES TEN SPADES THREE,0.5738,0.009,0.4172
CLUBS FOUR HEARTS ACE,0.343,0.0058,0.6512
CLUBS FOUR HEARTS QUEEN,0.6042,0.011,0.3848
CLUBS FOUR HEARTS KING,0.2132,0.5124,0.2744
CLUBS SIX HEARTS TEN,0.5836,0.0072,0.4092
CLUBS SIX HEARTS JACK,0.596,0.0082,0.3958
SPADES FOUR DIAMONDS EIGHT,0.5898,0.0076,0.4026
SPADES FIVE DIAMONDS EIGHT,0.5836,0.0088,0.4076
DIAMONDS EIGHT SPADES TWO,0.7402,0.027,0.2328
DIAMONDS EIGHT SPADES THREE,0.614,0.0072,0.3788
CLUBS FOUR HEARTS JACK,0.6074,0.0078,0.3848
SPADES EIGHT DIAMONDS EIGHT,0.331,0.012,0.657
SPADES JACK HEARTS EIGHT,0.581,0.0078,0.4112
SPADES TEN HEARTS TWO,0.7376,0.0306,0.2318
SPADES TEN DIAMONDS QUEEN,0.557,0.0086,0.4344
CLUBS FOUR HEARTS TEN,0.5998,0.0064,0.3938
SPADES NINE DIAMONDS EIGHT,0.5542,0.0088,0.437
SPADES JACK HEARTS TWO,0.7292,0.0352,0.2356
SPADES JACK DIAMONDS QUEEN,0.5632,0.0064,0.4304
SPADES TEN HEARTS EIGHT,0.5636,0.0078,0.4286
SPADES SIX DIAMONDS EIGHT,0.566,0.0096,0.4244
SPADES SEVEN DIAMONDS EIGHT,0.5578,0.0074,0.4348
SPADES ACE HEARTS TWO,0.2294,0.0228,0.7478
SPADES ACE DIAMONDS QUEEN,0.3368,0.005,0.6582
SPADES ACE HEARTS EIGHT,0.3666,0.0044,0.629
SPADES QUEEN DIAMONDS QUEEN,0.2802,0.0058,0.714
SPADES QUEEN HEARTS TWO,0.7438,0.027,0.2292
SPADES QUEEN HEARTS EIGHT,0.587,0.007,0.406
SPADES SEVEN DIAMONDS NINE,0.5612,0.007,0.4318
SPADES SIX DIAMONDS NINE,0.5718,0.0088,0.4194
SPADES NINE DIAMONDS NINE,0.3206,0.0106,0.6688
SPADES EIGHT DIAMONDS NINE,0.5482,0.0088,0.443
SPADES TEN CLUBS KING,0.2144,0.1284,0.6572
DIAMONDS NINE SPADES THREE,0.5882,0.0112,0.4006
SPADES JACK CLUBS KING,0.2342,0.086,0.6798
DIAMONDS NINE SPADES TWO,0.7382,0.0284,0.2334
SPADES FIVE DIAMONDS NINE,0.582,0.0076,0.4104
DIAMONDS NINE SPADES FOUR,0.5942,0.0078,0.398
CLUBS NINE DIAMONDS NINE,0.2902,0.0126,0.6972
CLUBS EIGHT DIAMONDS NINE,0.551,0.0082,0.4408
CLUBS SIX DIAMONDS NINE,0.57,0.0088,0.4212
SPADES JACK CLUBS FOUR,0.6022,0.0086,0.3892
CLUBS SEVEN DIAMONDS NINE,0.5616,0.007,0.4314
SPADES TEN CLUBS FOUR,0.6026,0.007,0.3904
CLUBS FOUR DIAMONDS NINE,0.5902,0.0078,0.402
CLUBS FIVE DIAMONDS NINE,0.58,0.009,0.411
CLUBS THREE DIAMONDS NINE,0.5906,0.01,0.3994
DIAMONDS NINE HEARTS EIGHT,0.5602,0.0072,0.4326
DIAMONDS NINE HEARTS NINE,0.2986,0.0094,0.692
HEARTS SIX DIAMONDS NINE,0.5756,0.0076,0.4168
DIAMONDS NINE HEARTS SEVEN,0.551,0.0094,0.4396
CLUBS NINE CLUBS EIGHT,0.5326,0.0084,0.459
DIAMONDS ACE DIAMONDS NINE,0.3294,0.0056,0.665
HEARTS FOUR DIAMONDS NINE,0.6154,0.0088,0.3758
HEARTS FIVE DIAMONDS NINE,0.586,0.0082,0.4058
SPADES ACE CLUBS FOUR,0.321,0.007,0.672
DIAMONDS QUEEN DIAMONDS NINE,0.5326,0.0068,0.4606
HEARTS TWO DIAMONDS NINE,0.7328,0.0298,0.2374
DIAMONDS KING DIAMONDS NINE,0.2202,0.1548,0.625
HEARTS THREE DIAMONDS NINE,0.5826,0.0084,0.409
SPADES QUEEN CLUBS FOUR,0.5906,0.0084,0.401
DIAMONDS NINE DIAMONDS JACK,0.527,0.0068,0.4662
CLUBS EIGHT SPADES NINE,0.561,0.0092,0.4298
DIAMONDS NINE DIAMONDS TEN,0.4904,0.0078,0.5018
CLUBS EIGHT SPADES EIGHT,0.3046,0.0122,0.6832
CLUBS EIGHT SPADES SEVEN,0.5492,0.01,0.4408
CLUBS EIGHT SPADES SIX,0.5774,0.008,0.4146
CLUBS EIGHT SPADES FIVE,0.5868,0.0092,0.404
CLUBS EIGHT SPADES FOUR,0.5926,0.0092,0.3982
CLUBS EIGHT SPADES THREE,0.6098,0.0086,0.3816
CLUBS EIGHT SPADES TWO,0.7356,0.031,0.2334
HEARTS SIX DIAMONDS TEN,0.5884,0.0066,0.405
DIAMONDS TEN HEARTS SEVEN,0.5718,0.0072,0.421
DIAMONDS TEN HEARTS EIGHT,0.5572,0.0056,0.4372
CLUBS FOUR CLUBS JACK,0.5618,0.009,0.4292
DIAMONDS TEN HEARTS NINE,0.5364,0.0102,0.4534
CLUBS TEN CLUBS FOUR,0.5758,0.009,0.4152
CLUBS FOUR CLUBS KING,0.2126,0.482,0.3054
CLUBS FOUR CLUBS QUEEN,0.5634,0.0084,0.4282
CLUBS THREE DIAMONDS TEN,0.5888,0.0078,0.4034
CLUBS FOUR CLUBS ACE,0.3222,0.0054,0.6724
DIAMONDS JACK DIAMONDS TEN,0.5016,0.0086,0.4898
DIAMONDS QUEEN DIAMONDS TEN,0.522,0.009,0.469
HEARTS TWO DIAMONDS TEN,0.7212,0.0306,0.2482
DIAMONDS KING DIAMONDS TEN,0.2146,0.1096,0.6758
HEARTS THREE DIAMONDS TEN,0.6022,0.0096,0.3882
DIAMONDS ACE DIAMONDS TEN,0.3238,0.0048,0.6714
HEARTS FOUR DIAMONDS TEN,0.5946,0.0072,0.3982
CLUBS EIGHT HEARTS JACK,0.5782,0.0052,0.4166
HEARTS FIVE DIAMONDS TEN,0.593,0.0086,0.3984
CLUBS EIGHT HEARTS TEN,0.5534,0.0074,0.4392
CLUBS EIGHT HEARTS QUEEN,0.5718,0.0068,0.4214
CLUBS EIGHT HEARTS KING,0.228,0.2278,0.5442
CLUBS EIGHT HEARTS ACE,0.3502,0.0036,0.6462
CLUBS NINE SPADES THREE,0.601,0.0088,0.3902
CLUBS NINE SPADES TWO,0.7334,0.0284,0.2382
CLUBS NINE SPADES FIVE,0.5658,0.0114,0.4228
CLUBS NINE SPADES FOUR,0.6038,0.0106,0.3856
CLUBS NINE SPADES SEVEN,0.5578,0.008,0.4342
CLUBS NINE SPADES SIX,0.5708,0.0072,0.422
CLUBS NINE SPADES NINE,0.3126,0.0118,0.6756
CLUBS TEN HEARTS EIGHT,0.5496,0.0062,0.4442
CLUBS NINE SPADES EIGHT,0.5504,0.0098,0.4398
CLUBS JACK HEARTS EIGHT,0.5572,0.0052,0.4376
CLUBS QUEEN HEARTS EIGHT,0.5846,0.0068,0.4086
CLUBS KING HEARTS EIGHT,0.217,0.2146,0.5684
CLUBS ACE HEARTS EIGHT,0.3404,0.0054,0.6542
SPADES QUEEN CLUBS KING,0.227,0.0678,0.7052
SPADES ACE CLUBS KING,0.211,0.0152,0.7738
DIAMONDS ACE HEARTS TEN,0.3522,0.0032,0.6446
HEARTS FOUR HEARTS TEN,0.5626,0.008,0.4294
DIAMONDS ACE HEARTS JACK,0.3496,0.0046,0.6458
HEARTS FOUR HEARTS JACK,0.558,0.0082,0.4338
SPADES QUEEN CLUBS FIVE,0.5884,0.007,0.4046
SPADES ACE CLUBS FIVE,0.3268,0.0068,0.6664
DIAMONDS JACK HEARTS SEVEN,0.579,0.0086,0.4124
HEARTS SIX DIAMONDS JACK,0.5856,0.008,0.4064
DIAMONDS JACK HEARTS NINE,0.5622,0.0062,0.4316
DIAMONDS JACK HEARTS EIGHT,0.5582,0.0076,0.4342
DIAMONDS KING DIAMONDS JACK,0.2124,0.0844,0.7032
HEARTS THREE DIAMONDS JACK,0.5912,0.0092,0.3996
SPADES ACE SPADES SIX,0.346,0.0046,0.6494
SPADES FOUR HEARTS ACE,0.3452,0.0038,0.651
DIAMONDS QUEEN DIAMONDS JACK,0.5166,0.0066,0.4768
HEARTS TWO DIAMONDS JACK,0.7228,0.0282,0.249
HEARTS FIVE DIAMONDS JACK,0.5952,0.0084,0.3964
SPADES QUEEN SPADES SIX,0.5646,0.0078,0.4276
SPADES FOUR HEARTS QUEEN,0.5972,0.01,0.3928
DIAMONDS ACE DIAMONDS JACK,0.3186,0.0044,0.677
HEARTS FOUR DIAMONDS JACK,0.5908,0.009,0.4002
HEARTS KING SPADES FOUR,0.2198,0.5116,0.2686
SPADES TEN SPADES SIX,0.5544,0.0076,0.438
SPADES JACK SPADES SIX,0.5654,0.0088,0.4258
SPADES FOUR DIAMONDS JACK,0.5952,0.0114,0.3934
SPADES FIVE DIAMONDS JACK,0.5968,0.0102,0.393
DIAMONDS JACK SPADES TWO,0.7484,0.028,0.2236
SPADES THREE DIAMONDS JACK,0.599,0.008,0.393
SPADES ACE DIAMONDS THREE,0.3416,0.006,0.6524
SPADES QUEEN DIAMONDS THREE,0.6062,0.0086,0.3852
CLUBS EIGHT DIAMONDS JACK,0.5512,0.0064,0.4424
CLUBS NINE DIAMONDS JACK,0.5488,0.011,0.4402
CLUBS SIX DIAMONDS JACK,0.589,0.0098,0.4012
CLUBS SEVEN DIAMONDS JACK,0.574,0.0074,0.4186
CLUBS FOUR DIAMONDS JACK,0.5914,0.0076,0.401
CLUBS FIVE DIAMONDS JACK,0.5812,0.01,0.4088
CLUBS THREE DIAMONDS JACK,0.6056,0.0064,0.388
SPADES JACK HEARTS SIX,0.5848,0.0072,0.408
SPADES TEN CLUBS FIVE,0.5964,0.0068,0.3968
SPADES JACK CLUBS FIVE,0.5952,0.0082,0.3966
HEARTS SIX SPADES TEN,0.5766,0.0092,0.4142
SPADES JACK DIAMONDS THREE,0.6094,0.0072,0.3834
CLUBS SEVEN CLUBS ACE,0.3312,0.0058,0.663
SPADES TEN DIAMONDS THREE,0.5946,0.0098,0.3956
CLUBS SEVEN CLUBS QUEEN,0.5516,0.0078,0.4406
CLUBS SEVEN CLUBS KING,0.2074,0.29,0.5026
SPADES NINE DIAMONDS JACK,0.5454,0.0108,0.4438
CLUBS TEN CLUBS SEVEN,0.5356,0.0098,0.4546
DIAMONDS ACE HEARTS ACE,0.111,0.005,0.884
HEARTS FOUR HEARTS ACE,0.3166,0.0054,0.678
SPADES EIGHT DIAMONDS JACK,0.5808,0.0062,0.413
SPADES ACE HEARTS SIX,0.3644,0.005,0.6306
CLUBS SEVEN CLUBS JACK,0.5326,0.007,0.4604
DIAMONDS ACE HEARTS KING,0.2144,0.0142,0.7714
HEARTS FOUR HEARTS KING,0.2062,0.478,0.3158
SPADES SEVEN DIAMONDS JACK,0.5798,0.0094,0.4108
DIAMONDS ACE HEARTS QUEEN,0.3498,0.003,0.6472
HEARTS FOUR HEARTS QUEEN,0.559,0.0074,0.4336
SPADES SIX DIAMONDS JACK,0.5978,0.0068,0.3954
SPADES QUEEN HEARTS SIX,0.5824,0.0082,0.4094
SPADES TWO DIAMONDS TEN,0.7328,0.0316,0.2356
SPADES THREE DIAMONDS TEN,0.6008,0.008,0.3912
SPADES FOUR DIAMONDS TEN,0.5948,0.0086,0.3966
SPADES FIVE DIAMONDS TEN,0.5962,0.01,0.3938
SPADES SIX DIAMONDS TEN,0.5802,0.0082,0.4116
SPADES SEVEN DIAMONDS TEN,0.5678,0.0082,0.424
SPADES EIGHT DIAMONDS TEN,0.5374,0.0092,0.4534
SPADES NINE DIAMONDS TEN,0.549,0.0086,0.4424
CLUBS FOUR DIAMONDS TEN,0.5934,0.0098,0.3968
CLUBS FIVE DIAMONDS TEN,0.6044,0.0102,0.3854
CLUBS SIX DIAMONDS TEN,0.5684,0.0094,0.4222
CLUBS SEVEN DIAMONDS TEN,0.5692,0.0082,0.4226
CLUBS EIGHT DIAMONDS TEN,0.5572,0.0088,0.434
CLUBS NINE DIAMONDS TEN,0.5288,0.0054,0.4658
DIAMONDS THREE CLUBS JACK,0.5932,0.0114,0.3954
CLUBS TEN DIAMONDS THREE,0.5768,0.008,0.4152
DIAMONDS THREE CLUBS KING,0.21,0.52,0.27
DIAMONDS THREE CLUBS QUEEN,0.6074,0.009,0.3836
DIAMONDS THREE CLUBS ACE,0.3448,0.0064,0.6488
SPADES FOUR HEARTS JACK,0.5812,0.0112,0.4076
SPADES FOUR HEARTS TEN,0.5886,0.0094,0.402
SPADES FIVE SPADES TWO,0.6804,0.031,0.2886
SPADES FOUR SPADES TWO,0.6776,0.0268,0.2956
SPADES THREE SPADES TWO,0.6858,0.0304,0.2838
SPADES NINE SPADES TWO,0.707,0.0288,0.2642
SPADES EIGHT SPADES TWO,0.6894,0.0318,0.2788
SPADES SEVEN SPADES TWO,0.6996,0.027,0.2734
SPADES SIX SPADES TWO,0.691,0.0234,0.2856
DIAMONDS QUEEN CLUBS THREE,0.5962,0.0096,0.3942
CLUBS THREE HEARTS TWO,0.7084,0.0262,0.2654
DIAMONDS QUEEN HEARTS SEVEN,0.5956,0.0066,0.3978
HEARTS TWO HEARTS SEVEN,0.68,0.0274,0.2926
HEARTS SIX DIAMONDS QUEEN,0.5926,0.007,0.4004
HEARTS SIX HEARTS TWO,0.6822,0.0226,0.2952
DIAMONDS QUEEN HEARTS NINE,0.5694,0.0076,0.423
HEARTS TWO HEARTS NINE,0.6778,0.0298,0.2924
DIAMONDS QUEEN HEARTS EIGHT,0.5774,0.0072,0.4154
HEARTS TWO HEARTS EIGHT,0.6806,0.0298,0.2896
CLUBS NINE HEARTS TWO,0.7106,0.0286,0.2608
CLUBS NINE DIAMONDS QUEEN,0.5644,0.0084,0.4272
CLUBS EIGHT HEARTS TWO,0.7228,0.0276,0.2496
CLUBS EIGHT DIAMONDS QUEEN,0.5772,0.0068,0.416
CLUBS FIVE DIAMONDS QUEEN,0.5948,0.0076,0.3976
CLUBS FIVE HEARTS TWO,0.709,0.0298,0.2612
SPADES EIGHT HEARTS ACE,0.3678,0.008,0.6242
DIAMONDS QUEEN CLUBS FOUR,0.5872,0.0074,0.4054
HEARTS TWO CLUBS FOUR,0.7074,0.0294,0.2632
CLUBS SEVEN DIAMONDS QUEEN,0.5866,0.0072,0.4062
CLUBS SEVEN HEARTS TWO,0.7272,0.0264,0.2464
SPADES EIGHT HEARTS QUEEN,0.5712,0.0106,0.4182
CLUBS SIX DIAMONDS QUEEN,0.5924,0.0098,0.3978
CLUBS SIX HEARTS TWO,0.7238,0.0238,0.2524
SPADES EIGHT HEARTS KING,0.2268,0.2302,0.543
DIAMONDS QUEEN SPADES SIX,0.5974,0.0066,0.396
HEARTS TWO SPADES SIX,0.723,0.025,0.252
HEARTS FOUR CLUBS QUEEN,0.5992,0.007,0.3938
DIAMONDS ACE CLUBS QUEEN,0.3406,0.0052,0.6542
DIAMONDS QUEEN SPADES SEVEN,0.6012,0.0072,0.3916
SPADES SEVEN HEARTS TWO,0.7174,0.0252,0.2574
HEARTS FOUR CLUBS KING,0.2132,0.5228,0.264
DIAMONDS ACE CLUBS KING,0.2138,0.012,0.7742
SPADES EIGHT DIAMONDS QUEEN,0.5732,0.0074,0.4194
SPADES EIGHT HEARTS TWO,0.7318,0.033,0.2352
HEARTS FOUR CLUBS ACE,0.3424,0.0054,0.6522
DIAMONDS ACE CLUBS ACE,0.1038,0.0036,0.8926
SPADES NINE DIAMONDS QUEEN,0.5646,0.0072,0.4282
SPADES NINE HEARTS TWO,0.7386,0.0284,0.233
HEARTS TWO SPADES TWO,0.3168,0.0262,0.657
DIAMONDS QUEEN SPADES TWO,0.744,0.0264,0.2296
HEARTS TWO SPADES THREE,0.7152,0.027,0.2578
DIAMONDS QUEEN SPADES THREE,0.618,0.0106,0.3714
HEARTS TWO SPADES FOUR,0.71,0.024,0.266
DIAMONDS QUEEN SPADES FOUR,0.6,0.0092,0.3908
HEARTS FOUR CLUBS TEN,0.5974,0.0092,0.3934
CLUBS TEN DIAMONDS ACE,0.3404,0.0054,0.6542
HEARTS TWO SPADES FIVE,0.7004,0.0282,0.2714
DIAMONDS QUEEN SPADES FIVE,0.5974,0.0096,0.393
HEARTS FOUR CLUBS JACK,0.599,0.0096,0.3914
DIAMONDS ACE CLUBS JACK,0.3426,0.005,0.6524
CLUBS FIVE CLUBS KING,0.2102,0.4316,0.3582
CLUBS FIVE CLUBS QUEEN,0.5658,0.0086,0.4256
CLUBS FIVE CLUBS ACE,0.3192,0.0056,0.6752
CLUBS FIVE CLUBS JACK,0.5722,0.0084,0.4194
CLUBS TEN CLUBS FIVE,0.5562,0.0096,0.4342
SPADES QUEEN CLUBS JACK,0.5544,0.008,0.4376
SPADES ACE CLUBS JACK,0.3364,0.0038,0.6598
SPADES SIX CLUBS KING,0.2144,0.3828,0.4028
SPADES SIX CLUBS QUEEN,0.598,0.0076,0.3944
SPADES EIGHT HEARTS JACK,0.575,0.0056,0.4194
SPADES SIX CLUBS ACE,0.361,0.0078,0.6312
SPADES EIGHT HEARTS TEN,0.565,0.007,0.428
SPADES SIX CLUBS JACK,0.5928,0.008,0.3992
CLUBS TEN SPADES SIX,0.5918,0.0088,0.3994
SPADES TEN CLUBS JACK,0.5398,0.0084,0.4518
SPADES JACK CLUBS JACK,0.2784,0.0062,0.7154
SPADES QUEEN CLUBS SEVEN,0.5906,0.0078,0.4016
SPADES ACE CLUBS SEVEN,0.341,0.0056,0.6534
SPADES SIX HEARTS TEN,0.5918,0.0058,0.4024
SPADES SIX HEARTS JACK,0.6026,0.0076,0.3898
SPADES SIX HEARTS ACE,0.3652,0.0062,0.6286
SPADES SIX HEARTS KING,0.2222,0.3852,0.3926
SPADES SIX HEARTS QUEEN,0.6052,0.0074,0.3874
SPADES JACK CLUBS SEVEN,0.578,0.009,0.413
CLUBS SEVEN SPADES TEN,0.5666,0.0078,0.4256
CLUBS TEN HEARTS SIX,0.5754,0.007,0.4176
HEARTS SIX CLUBS JACK,0.5744,0.0078,0.4178
CLUBS ACE CLUBS JACK,0.3294,0.0038,0.6668
HEARTS SIX CLUBS QUEEN,0.601,0.0066,0.3924
HEARTS SIX CLUBS KING,0.2264,0.3728,0.4008
HEARTS SIX CLUBS ACE,0.3502,0.0046,0.6452
CLUBS QUEEN CLUBS JACK,0.5266,0.0076,0.4658
CLUBS KING CLUBS JACK,0.2202,0.0866,0.6932
DIAMONDS THREE HEARTS ACE,0.3496,0.0034,0.647
DIAMONDS THREE HEARTS QUEEN,0.6128,0.0094,0.3778
DIAMONDS THREE HEARTS KING,0.2156,0.5162,0.2682
CLUBS FIVE HEARTS JACK,0.5894,0.0084,0.4022
HEARTS FOUR SPADES TEN,0.5954,0.0086,0.396
SPADES TEN DIAMONDS ACE,0.3432,0.0036,0.6532
CLUBS FIVE HEARTS TEN,0.607,0.0072,0.3858
HEARTS FOUR SPADES JACK,0.5912,0.009,0.3998
SPADES JACK DIAMONDS ACE,0.338,0.0062,0.6558
SPADES ACE HEARTS FOUR,0.3462,0.0048,0.649
SPADES ACE DIAMONDS ACE,0.098,0.0054,0.8966
CLUBS FIVE HEARTS ACE,0.336,0.005,0.659
CLUBS FIVE HEARTS KING,0.2202,0.4584,0.3214
SPADES QUEEN DIAMONDS ACE,0.3362,0.004,0.6598
HEARTS FOUR SPADES QUEEN,0.5974,0.009,0.3936
SPADES FOUR CLUBS JACK,0.597,0.0086,0.3944
CLUBS FIVE HEARTS QUEEN,0.589,0.0086,0.4024
CLUBS TEN SPADES FOUR,0.5822,0.01,0.4078
DIAMONDS QUEEN DIAMONDS ACE,0.3318,0.0066,0.6616
HEARTS TWO DIAMONDS ACE,0.2302,0.0124,0.7574
HEARTS FOUR DIAMONDS QUEEN,0.5916,0.0094,0.399
HEARTS FOUR HEARTS TWO,0.6588,0.027,0.3142
DIAMONDS THREE HEARTS TEN,0.5882,0.0112,0.4006
SPADES FOUR CLUBS KING,0.2158,0.5224,0.2618
HEARTS FIVE DIAMONDS QUEEN,0.6016,0.0062,0.3922
HEARTS FIVE HEARTS TWO,0.6556,0.0318,0.3126
DIAMONDS THREE HEARTS JACK,0.6016,0.0068,0.3916
SPADES FOUR CLUBS QUEEN,0.5934,0.0078,0.3988
DIAMONDS QUEEN HEARTS TWO,0.7406,0.0282,0.2312
DIAMONDS KING DIAMONDS QUEEN,0.2148,0.064,0.7212
DIAMONDS KING HEARTS TWO,0.0228,0.953,0.0242
HEARTS THREE DIAMONDS QUEEN,0.5958,0.0068,0.3974
HEARTS THREE HEARTS TWO,0.6752,0.023,0.3018
SPADES FOUR CLUBS ACE,0.3378,0.0058,0.6564
HEARTS TWO CLUBS ACE,0.2358,0.0218,0.7424
DIAMONDS QUEEN CLUBS ACE,0.3444,0.0052,0.6504
HEARTS TWO CLUBS QUEEN,0.728,0.0316,0.2404
DIAMONDS QUEEN CLUBS QUEEN,0.2718,0.0048,0.7234
HEARTS TWO CLUBS KING,0.0112,0.972,0.0168
DIAMONDS QUEEN CLUBS KING,0.2278,0.0656,0.7066
SPADES EIGHT SPADES FIVE,0.551,0.009,0.44
CLUBS TEN HEARTS TWO,0.729,0.0284,0.2426
CLUBS TEN DIAMONDS QUEEN,0.5402,0.0078,0.452
SPADES NINE SPADES FIVE,0.5568,0.011,0.4322
HEARTS TWO CLUBS JACK,0.7364,0.0338,0.2298
DIAMONDS QUEEN CLUBS JACK,0.5544,0.0094,0.4362
SPADES SIX SPADES FIVE,0.536,0.01,0.454
SPADES SEVEN SPADES FIVE,0.525,0.0084,0.4666
DIAMONDS FIVE CLUBS QUEEN,0.5896,0.0096,0.4008
SPADES EIGHT CLUBS ACE,0.3614,0.0052,0.6334
DIAMONDS FIVE CLUBS KING,0.2308,0.4634,0.3058
SPADES EIGHT CLUBS KING,0.2226,0.238,0.5394
CLUBS ACE DIAMONDS FIVE,0.3398,0.0076,0.6526
SPADES EIGHT CLUBS QUEEN,0.5772,0.0072,0.4156
SPADES EIGHT CLUBS JACK,0.5784,0.0076,0.414
CLUBS TEN SPADES EIGHT,0.5608,0.0082,0.431
CLUBS TEN DIAMONDS FIVE,0.6018,0.0088,0.3894
DIAMONDS FIVE CLUBS JACK,0.5798,0.0082,0.412
HEARTS JACK DIAMONDS TEN,0.5352,0.0074,0.4574
DIAMONDS TEN HEARTS TEN,0.2788,0.0082,0.713
SPADES ACE CLUBS NINE,0.3536,0.0048,0.6416
CLUBS NINE SPADES QUEEN,0.5738,0.01,0.4162
HEARTS SIX HEARTS KING,0.2062,0.3712,0.4226
DIAMONDS KING SPADES SEVEN,0.2192,0.2992,0.4816
HEARTS THREE SPADES SEVEN,0.6032,0.0088,0.388
HEARTS SIX HEARTS QUEEN,0.5542,0.0074,0.4384
DIAMONDS KING SPADES SIX,0.223,0.3812,0.3958
HEARTS THREE SPADES SIX,0.574,0.011,0.415
SPADES QUEEN DIAMONDS SEVEN,0.5754,0.0096,0.415
SPADES NINE DIAMONDS KING,0.2316,0.162,0.6064
HEARTS THREE SPADES NINE,0.6004,0.009,0.3906
HEARTS SIX HEARTS ACE,0.3304,0.0044,0.6652
DIAMONDS KING SPADES EIGHT,0.2384,0.2356,0.526
HEARTS THREE SPADES EIGHT,0.6146,0.0114,0.374
SPADES ACE DIAMONDS SEVEN,0.3654,0.0054,0.6292
CLUBS NINE HEARTS THREE,0.5952,0.0106,0.3942
CLUBS NINE DIAMONDS KING,0.235,0.1618,0.6032
HEARTS THREE CLUBS EIGHT,0.595,0.009,0.396
