opposingHand,winningChance,drawChance,lostChance
SPADES ACE CLUBS QUEEN
SPADES TEN HEARTS FIVE,0.6718,0.0042,0.324
SPADES JACK HEARTS FIVE,0.6794,0.0048,0.3158
SPADES FIVE CLUBS JACK,0.6824,0.005,0.3126
SPADES FIVE CLUBS TEN,0.6792,0.0046,0.3162
CLUBS EIGHT CLUBS JACK,0.6188,0.0058,0.3754
CLUBS EIGHT CLUBS TEN,0.6252,0.0058,0.369
CLUBS EIGHT CLUBS KING,0.6128,0.0056,0.3816
SPADES FIVE CLUBS ACE,0.6806,0.0654,0.254
SPADES FIVE CLUBS KING,0.6458,0.0072,0.347
CLUBS EIGHT CLUBS ACE,0.6622,0.0632,0.2746
DIAMONDS TWO DIAMONDS THREE,0.606,0.0066,0.3874
DIAMONDS TWO DIAMONDS FIVE,0.6112,0.0034,0.3854
SPADES KING HEARTS FIVE,0.6302,0.0056,0.3642
DIAMONDS TWO DIAMONDS FOUR,0.6102,0.006,0.3838
SPADES QUEEN HEARTS FIVE,0.7556,0.0164,0.228
DIAMONDS TWO DIAMONDS SEVEN,0.6166,0.0044,0.379
DIAMONDS TWO DIAMONDS SIX,0.6288,0.0048,0.3664
DIAMONDS TWO DIAMONDS NINE,0.6298,0.004,0.3662
DIAMONDS TWO DIAMONDS EIGHT,0.6284,0.0036,0.368
DIAMONDS THREE DIAMONDS FOUR,0.5946,0.0038,0.4016
CLUBS TWO SPADES FOUR,0.6634,0.0024,0.3342
DIAMONDS THREE DIAMONDS FIVE,0.586,0.0036,0.4104
CLUBS TWO SPADES FIVE,0.6546,0.0044,0.341
CLUBS TWO SPADES TWO,0.485,0.007,0.508
CLUBS TWO SPADES THREE,0.6572,0.0058,0.337
DIAMONDS THREE DIAMONDS EIGHT,0.6278,0.0026,0.3696
SPADES EIGHT CLUBS TWO,0.6842,0.0072,0.3086
DIAMONDS THREE DIAMONDS NINE,0.634,0.0036,0.3624
SPADES NINE CLUBS TWO,0.6794,0.0056,0.315
DIAMONDS THREE DIAMONDS SIX,0.602,0.0032,0.3948
CLUBS TWO SPADES SIX,0.6614,0.0058,0.3328
DIAMONDS THREE DIAMONDS SEVEN,0.6194,0.0044,0.3762
SPADES SEVEN CLUBS TWO,0.679,0.0048,0.3162
CLUBS SIX CLUBS TWO,0.6432,0.0058,0.351
CLUBS SEVEN CLUBS TWO,0.6398,0.0044,0.3558
CLUBS FOUR CLUBS TWO,0.628,0.0048,0.3672
CLUBS FIVE CLUBS TWO,0.6178,0.0062,0.376
CLUBS JACK CLUBS TEN,0.5896,0.0062,0.4042
DIAMONDS FOUR DIAMONDS SIX,0.5914,0.004,0.4046
DIAMONDS FOUR DIAMONDS SEVEN,0.621,0.0044,0.3746
CLUBS KING CLUBS TEN,0.5872,0.0054,0.4074
CLUBS ACE CLUBS TEN,0.6796,0.0608,0.2596
CLUBS EIGHT CLUBS TWO,0.6422,0.0052,0.3526
DIAMONDS FIVE DIAMONDS FOUR,0.5658,0.0054,0.4288
CLUBS NINE CLUBS TWO,0.639,0.0044,0.3566
DIAMONDS NINE DIAMONDS FOUR,0.6276,0.0036,0.3688
DIAMONDS EIGHT DIAMONDS FOUR,0.6082,0.0058,0.386
CLUBS TWO CLUBS THREE,0.6282,0.0066,0.3652
DIAMONDS NINE DIAMONDS FIVE,0.6138,0.0044,0.3818
DIAMONDS TWO CLUBS JACK,0.69,0.0046,0.3054
DIAMONDS EIGHT DIAMONDS FIVE,0.6064,0.004,0.3896
DIAMONDS TWO CLUBS TEN,0.6692,0.0054,0.3254
DIAMONDS FIVE DIAMONDS SEVEN,0.599,0.004,0.397
DIAMONDS FIVE DIAMONDS SIX,0.5796,0.0042,0.4162
DIAMONDS TWO CLUBS ACE,0.683,0.0642,0.2528
DIAMONDS TWO CLUBS KING,0.639,0.0056,0.3554
DIAMONDS EIGHT DIAMONDS SIX,0.5956,0.003,0.4014
DIAMONDS NINE DIAMONDS SIX,0.6032,0.0036,0.3932
HEARTS ACE SPADES THREE,0.69,0.057,0.253
HEARTS KING SPADES THREE,0.6512,0.0046,0.3442
DIAMONDS SEVEN DIAMONDS SIX,0.575,0.0028,0.4222
SPADES THREE HEARTS QUEEN,0.7588,0.017,0.2242
SPADES THREE HEARTS JACK,0.679,0.0062,0.3148
SPADES THREE HEARTS TEN,0.6842,0.0046,0.3112
DIAMONDS EIGHT DIAMONDS SEVEN,0.582,0.0042,0.4138
DIAMONDS NINE DIAMONDS SEVEN,0.5958,0.0038,0.4004
DIAMONDS NINE DIAMONDS EIGHT,0.5836,0.0036,0.4128
DIAMONDS KING HEARTS TEN,0.6294,0.0036,0.367
HEARTS THREE HEARTS TEN,0.6356,0.0038,0.3606
SPADES JACK CLUBS SIX,0.6892,0.0046,0.3062
DIAMONDS KING HEARTS JACK,0.6286,0.0036,0.3678
HEARTS THREE HEARTS JACK,0.6346,0.0038,0.3616
CLUBS SIX SPADES TEN,0.667,0.0044,0.3286
SPADES JACK SPADES FIVE,0.634,0.0056,0.3604
SPADES TEN SPADES FIVE,0.647,0.007,0.346
DIAMONDS KING HEARTS ACE,0.2424,0.0512,0.7064
HEARTS THREE HEARTS ACE,0.6392,0.0626,0.2982
DIAMONDS KING HEARTS QUEEN,0.7508,0.0104,0.2388
HEARTS THREE HEARTS QUEEN,0.7212,0.0132,0.2656
SPADES KING CLUBS SIX,0.6576,0.0042,0.3382
DIAMONDS KING HEARTS KING,0.2794,0.0028,0.7178
HEARTS THREE HEARTS KING,0.6082,0.0032,0.3886
SPADES QUEEN CLUBS SIX,0.769,0.0196,0.2114
SPADES NINE HEARTS TEN,0.6318,0.0032,0.365
SPADES NINE HEARTS JACK,0.6522,0.0044,0.3434
SPADES QUEEN SPADES FIVE,0.7156,0.0158,0.2686
SPADES KING SPADES FIVE,0.6168,0.0038,0.3794
SPADES NINE HEARTS QUEEN,0.7384,0.016,0.2456
SPADES NINE HEARTS KING,0.6396,0.0042,0.3562
SPADES NINE HEARTS ACE,0.7034,0.063,0.2336
SPADES JACK CLUBS TEN,0.6388,0.0052,0.356
SPADES TEN CLUBS TEN,0.439,0.0048,0.5562
SPADES KING CLUBS TEN,0.6352,0.0048,0.36
SPADES QUEEN CLUBS TEN,0.7312,0.0154,0.2534
SPADES FIVE HEARTS QUEEN,0.7574,0.0146,0.228
SPADES FIVE HEARTS KING,0.6354,0.006,0.3586
SPADES FIVE HEARTS ACE,0.6924,0.069,0.2386
HEARTS THREE SPADES JACK,0.6772,0.004,0.3188
SPADES JACK DIAMONDS KING,0.62,0.006,0.374
CLUBS EIGHT SPADES TEN,0.643,0.005,0.352
CLUBS EIGHT SPADES JACK,0.6554,0.006,0.3386
HEARTS THREE SPADES TEN,0.689,0.0036,0.3074
SPADES TEN DIAMONDS KING,0.623,0.0028,0.3742
HEARTS FIVE CLUBS JACK,0.6848,0.0062,0.309
CLUBS SIX HEARTS ACE,0.6932,0.0576,0.2492
HEARTS FIVE CLUBS TEN,0.6824,0.005,0.3126
CLUBS EIGHT SPADES QUEEN,0.7556,0.0146,0.2298
SPADES THREE CLUBS TEN,0.6874,0.0056,0.307
CLUBS SIX HEARTS QUEEN,0.76,0.0182,0.2218
SPADES KING CLUBS EIGHT,0.6556,0.005,0.3394
SPADES THREE CLUBS JACK,0.6922,0.0038,0.304
CLUBS SIX HEARTS KING,0.6372,0.0038,0.359
DIAMONDS TWO HEARTS JACK,0.6818,0.0032,0.315
DIAMONDS TWO HEARTS TEN,0.6738,0.0048,0.3214
SPADES THREE CLUBS KING,0.6442,0.005,0.3508
HEARTS FIVE CLUBS ACE,0.6776,0.06,0.2624
SPADES FIVE HEARTS TEN,0.6814,0.0052,0.3134
SPADES THREE CLUBS ACE,0.6766,0.0694,0.254
HEARTS FIVE CLUBS KING,0.6402,0.0046,0.3552
SPADES FIVE HEARTS JACK,0.676,0.004,0.32
HEARTS THREE CLUBS KING,0.6368,0.0066,0.3566
DIAMONDS KING CLUBS KING,0.2778,0.0044,0.7178
HEARTS FIVE HEARTS JACK,0.6306,0.004,0.3654
HEARTS FIVE HEARTS TEN,0.633,0.0034,0.3636
HEARTS THREE CLUBS ACE,0.6822,0.065,0.2528
DIAMONDS KING CLUBS ACE,0.2386,0.0468,0.7146
HEARTS THREE CLUBS JACK,0.682,0.0056,0.3124
DIAMONDS KING CLUBS JACK,0.6244,0.0038,0.3718
HEARTS THREE CLUBS TEN,0.6738,0.0052,0.321
DIAMONDS KING CLUBS TEN,0.6272,0.0052,0.3676
CLUBS SIX CLUBS KING,0.61,0.0044,0.3856
CLUBS SIX CLUBS ACE,0.6688,0.0562,0.275
HEARTS FIVE HEARTS KING,0.5988,0.0056,0.3956
HEARTS FIVE HEARTS QUEEN,0.7094,0.015,0.2756
CLUBS SIX CLUBS TEN,0.6374,0.0044,0.3582
HEARTS FIVE HEARTS ACE,0.635,0.06,0.305
CLUBS SIX CLUBS JACK,0.6472,0.0036,0.3492
SPADES SEVEN HEARTS JACK,0.6682,0.0042,0.3276
SPADES SEVEN HEARTS TEN,0.6556,0.0046,0.3398
DIAMONDS TWO CLUBS TWO,0.4794,0.0082,0.5124
DIAMONDS TWO CLUBS THREE,0.6442,0.0046,0.3512
HEARTS SIX DIAMONDS TWO,0.653,0.0052,0.3418
DIAMONDS TWO HEARTS QUEEN,0.7668,0.0198,0.2134
DIAMONDS TWO HEARTS SEVEN,0.6708,0.003,0.3262
DIAMONDS TWO HEARTS KING,0.656,0.0028,0.3412
DIAMONDS TWO HEARTS EIGHT,0.6614,0.0028,0.3358
DIAMONDS TWO HEARTS ACE,0.6828,0.0654,0.2518
DIAMONDS TWO HEARTS NINE,0.6752,0.0054,0.3194
DIAMONDS TWO DIAMONDS QUEEN,0.712,0.0154,0.2726
DIAMONDS TWO HEARTS TWO,0.4688,0.0052,0.526
DIAMONDS TWO DIAMONDS KING,0.6226,0.0048,0.3726
HEARTS THREE DIAMONDS TWO,0.6562,0.0046,0.3392
DIAMONDS TWO DIAMONDS ACE,0.6496,0.0594,0.291
HEARTS FOUR DIAMONDS TWO,0.6418,0.005,0.3532
DIAMONDS TWO HEARTS FIVE,0.6408,0.0056,0.3536
SPADES SEVEN HEARTS ACE,0.6948,0.0608,0.2444
DIAMONDS TWO DIAMONDS TEN,0.6434,0.0034,0.3532
SPADES SEVEN HEARTS KING,0.6478,0.004,0.3482
DIAMONDS TWO DIAMONDS JACK,0.6308,0.0048,0.3644
SPADES SEVEN HEARTS QUEEN,0.7614,0.0156,0.223
DIAMONDS TWO SPADES NINE,0.679,0.0058,0.3152
DIAMONDS TWO SPADES EIGHT,0.6732,0.0048,0.322
DIAMONDS TWO SPADES SEVEN,0.6804,0.0048,0.3148
DIAMONDS TWO SPADES SIX,0.6772,0.0054,0.3174
DIAMONDS TWO SPADES FIVE,0.6624,0.0048,0.3328
DIAMONDS TWO SPADES FOUR,0.6502,0.0078,0.342
DIAMONDS TWO SPADES THREE,0.6478,0.0058,0.3464
DIAMONDS TWO SPADES TWO,0.477,0.0066,0.5164
CLUBS NINE DIAMONDS TWO,0.6824,0.0054,0.3122
CLUBS EIGHT DIAMONDS TWO,0.6784,0.0052,0.3164
DIAMONDS TWO CLUBS SEVEN,0.6746,0.0064,0.319
CLUBS SIX DIAMONDS TWO,0.6664,0.0052,0.3284
DIAMONDS TWO CLUBS FIVE,0.6532,0.0044,0.3424
DIAMONDS TWO CLUBS FOUR,0.6576,0.0036,0.3388
CLUBS FOUR SPADES FIVE,0.6294,0.0072,0.3634
CLUBS FOUR SPADES FOUR,0.4718,0.0052,0.523
CLUBS FOUR SPADES THREE,0.6382,0.005,0.3568
CLUBS FOUR SPADES TWO,0.6646,0.006,0.3294
SPADES NINE CLUBS FOUR,0.6834,0.0036,0.313
CLUBS FOUR SPADES EIGHT,0.6762,0.0046,0.3192
CLUBS FOUR SPADES SEVEN,0.6538,0.0048,0.3414
CLUBS FOUR SPADES SIX,0.6364,0.0048,0.3588
SPADES QUEEN DIAMONDS SIX,0.7532,0.017,0.2298
SPADES KING DIAMONDS SIX,0.65,0.003,0.347
SPADES TEN DIAMONDS SIX,0.6682,0.0022,0.3296
SPADES JACK DIAMONDS SIX,0.6756,0.0038,0.3206
SPADES QUEEN SPADES TWO,0.7484,0.0148,0.2368
SPADES KING SPADES TWO,0.6314,0.0046,0.364
DIAMONDS JACK CLUBS JACK,0.4418,0.004,0.5542
DIAMONDS JACK CLUBS TEN,0.6248,0.005,0.3702
DIAMONDS JACK CLUBS KING,0.6178,0.0062,0.376
DIAMONDS THREE DIAMONDS JACK,0.6312,0.005,0.3638
DIAMONDS THREE DIAMONDS TEN,0.6398,0.0056,0.3546
DIAMONDS JACK CLUBS ACE,0.6956,0.06,0.2444
DIAMONDS THREE DIAMONDS KING,0.6082,0.0054,0.3864
HEARTS THREE DIAMONDS THREE,0.4598,0.005,0.5352
DIAMONDS THREE DIAMONDS QUEEN,0.7118,0.015,0.2732
DIAMONDS THREE HEARTS TWO,0.6474,0.006,0.3466
HEARTS FIVE DIAMONDS THREE,0.6254,0.005,0.3696
DIAMONDS THREE DIAMONDS ACE,0.6336,0.0596,0.3068
HEARTS FOUR DIAMONDS THREE,0.6322,0.004,0.3638
DIAMONDS THREE HEARTS SEVEN,0.6626,0.0038,0.3336
SPADES TEN SPADES NINE,0.6088,0.0052,0.386
HEARTS SIX DIAMONDS THREE,0.6514,0.004,0.3446
SPADES JACK SPADES NINE,0.613,0.0058,0.3812
DIAMONDS THREE HEARTS NINE,0.667,0.0034,0.3296
HEARTS JACK DIAMONDS FOUR,0.6728,0.0032,0.324
HEARTS KING HEARTS ACE,0.2388,0.0444,0.7168
SPADES TEN SPADES TWO,0.6508,0.0056,0.3436
DIAMONDS THREE HEARTS EIGHT,0.6638,0.0036,0.3326
HEARTS TEN DIAMONDS FOUR,0.669,0.0036,0.3274
SPADES JACK SPADES TWO,0.6606,0.006,0.3334
HEARTS QUEEN DIAMONDS FOUR,0.7604,0.0138,0.2258
HEARTS KING DIAMONDS FOUR,0.6384,0.0046,0.357
HEARTS ACE DIAMONDS FOUR,0.679,0.0668,0.2542
SPADES KING SPADES NINE,0.6046,0.0064,0.389
SPADES QUEEN SPADES NINE,0.714,0.0146,0.2714
DIAMONDS THREE SPADES NINE,0.6808,0.0072,0.312
DIAMONDS THREE SPADES EIGHT,0.67,0.0048,0.3252
DIAMONDS THREE SPADES SEVEN,0.6628,0.0052,0.332
DIAMONDS THREE SPADES SIX,0.648,0.0042,0.3478
CLUBS SIX DIAMONDS THREE,0.6526,0.004,0.3434
CLUBS ACE DIAMONDS FOUR,0.6782,0.0612,0.2606
CLUBS SIX CLUBS FIVE,0.606,0.0068,0.3872
CLUBS SEVEN CLUBS FIVE,0.6142,0.0042,0.3816
CLUBS SEVEN DIAMONDS THREE,0.667,0.0052,0.3278
DIAMONDS THREE CLUBS FOUR,0.6422,0.005,0.3528
DIAMONDS THREE CLUBS FIVE,0.6472,0.0044,0.3484
CLUBS KING DIAMONDS FOUR,0.6334,0.0038,0.3628
DIAMONDS THREE CLUBS TWO,0.66,0.0056,0.3344
DIAMONDS FOUR CLUBS TEN,0.6748,0.0044,0.3208
DIAMONDS THREE CLUBS THREE,0.4718,0.0052,0.523
DIAMONDS FOUR CLUBS JACK,0.683,0.0044,0.3126
DIAMONDS THREE SPADES FOUR,0.6458,0.0056,0.3486
DIAMONDS THREE SPADES FIVE,0.6294,0.0072,0.3634
DIAMONDS THREE SPADES TWO,0.6582,0.0058,0.336
DIAMONDS THREE SPADES THREE,0.4714,0.006,0.5226
CLUBS EIGHT DIAMONDS THREE,0.6782,0.0028,0.319
CLUBS NINE DIAMONDS THREE,0.6734,0.0056,0.321
SPADES SEVEN CLUBS ACE,0.707,0.0638,0.2292
SPADES SEVEN CLUBS KING,0.636,0.0038,0.3602
CLUBS FIVE SPADES SEVEN,0.638,0.0056,0.3564
SPADES SEVEN CLUBS TEN,0.6652,0.005,0.3298
CLUBS FIVE SPADES SIX,0.631,0.006,0.363
SPADES SEVEN CLUBS JACK,0.6582,0.0054,0.3364
SPADES NINE CLUBS FIVE,0.6628,0.005,0.3322
SPADES EIGHT CLUBS FIVE,0.6534,0.0058,0.3408
CLUBS FIVE SPADES THREE,0.6294,0.0072,0.3634
CLUBS FIVE SPADES TWO,0.6608,0.0052,0.334
CLUBS FIVE SPADES FIVE,0.4766,0.0036,0.5198
CLUBS FIVE SPADES FOUR,0.6296,0.0056,0.3648
CLUBS NINE CLUBS FIVE,0.6264,0.0056,0.368
CLUBS EIGHT CLUBS FIVE,0.6218,0.005,0.3732
DIAMONDS TEN DIAMONDS FOUR,0.616,0.0044,0.3796
DIAMONDS NINE CLUBS TEN,0.6308,0.003,0.3662
DIAMONDS JACK DIAMONDS FOUR,0.629,0.004,0.367
DIAMONDS NINE CLUBS JACK,0.6414,0.0044,0.3542
SPADES NINE CLUBS JACK,0.6572,0.0044,0.3384
SPADES NINE CLUBS TEN,0.6422,0.0042,0.3536
DIAMONDS ACE DIAMONDS FOUR,0.6322,0.0594,0.3084
HEARTS FOUR DIAMONDS FOUR,0.471,0.0038,0.5252
DIAMONDS JACK HEARTS TEN,0.6256,0.0036,0.3708
SPADES NINE CLUBS KING,0.6338,0.0064,0.3598
DIAMONDS TWO SPADES TEN,0.68,0.005,0.315
DIAMONDS NINE CLUBS ACE,0.6922,0.0636,0.2442
HEARTS FIVE DIAMONDS FOUR,0.6204,0.0036,0.376
HEARTS JACK DIAMONDS JACK,0.4324,0.0046,0.563
SPADES JACK DIAMONDS TWO,0.6922,0.0036,0.3042
DIAMONDS QUEEN DIAMONDS FOUR,0.7122,0.0152,0.2726
HEARTS TWO DIAMONDS FOUR,0.64,0.0058,0.3542
DIAMONDS KING DIAMONDS FOUR,0.5974,0.004,0.3986
HEARTS THREE DIAMONDS FOUR,0.6344,0.0054,0.3602
SPADES NINE CLUBS ACE,0.6938,0.067,0.2392
DIAMONDS NINE CLUBS KING,0.6412,0.0048,0.354
HEARTS ACE DIAMONDS JACK,0.6914,0.061,0.2476
DIAMONDS JACK HEARTS QUEEN,0.7164,0.0154,0.2682
SPADES QUEEN DIAMONDS TWO,0.77,0.014,0.216
HEARTS KING DIAMONDS JACK,0.6232,0.0026,0.3742
SPADES KING DIAMONDS TWO,0.6542,0.0046,0.3412
SPADES JACK SPADES SEVEN,0.636,0.006,0.358
SPADES TEN SPADES SEVEN,0.6152,0.0054,0.3794
CLUBS SEVEN CLUBS THREE,0.64,0.0042,0.3558
CLUBS SIX CLUBS THREE,0.615,0.006,0.379
CLUBS FIVE CLUBS THREE,0.601,0.005,0.394
CLUBS FOUR CLUBS THREE,0.6114,0.0042,0.3844
CLUBS NINE CLUBS THREE,0.6418,0.006,0.3522
CLUBS EIGHT CLUBS THREE,0.6378,0.0058,0.3564
CLUBS THREE SPADES FIVE,0.6388,0.006,0.3552
CLUBS THREE SPADES FOUR,0.6378,0.0044,0.3578
CLUBS THREE SPADES THREE,0.4712,0.0074,0.5214
CLUBS THREE SPADES TWO,0.655,0.0062,0.3388
SPADES SIX CLUBS THREE,0.6532,0.0082,0.3386
SPADES SEVEN CLUBS THREE,0.6758,0.0042,0.32
SPADES EIGHT CLUBS THREE,0.6828,0.0058,0.3114
SPADES NINE CLUBS THREE,0.6784,0.0074,0.3142
SPADES TWO DIAMONDS FOUR,0.6584,0.0048,0.3368
SPADES THREE DIAMONDS FOUR,0.6422,0.0066,0.3512
SPADES FOUR DIAMONDS FOUR,0.4768,0.0056,0.5176
SPADES FIVE DIAMONDS FOUR,0.6236,0.0052,0.3712
SPADES SIX DIAMONDS FOUR,0.6298,0.0062,0.364
SPADES SEVEN DIAMONDS FOUR,0.6552,0.006,0.3388
SPADES EIGHT DIAMONDS FOUR,0.6484,0.0052,0.3464
SPADES NINE DIAMONDS FOUR,0.6706,0.0046,0.3248
CLUBS FIVE DIAMONDS FOUR,0.6356,0.0066,0.3578
CLUBS FOUR DIAMONDS FOUR,0.465,0.005,0.53
CLUBS SEVEN DIAMONDS FOUR,0.6568,0.0032,0.34
CLUBS SIX DIAMONDS FOUR,0.6388,0.0034,0.3578
CLUBS NINE DIAMONDS FOUR,0.671,0.0048,0.3242
CLUBS EIGHT DIAMONDS FOUR,0.6566,0.0036,0.3398
DIAMONDS FOUR HEARTS SEVEN,0.648,0.0024,0.3496
HEARTS SIX DIAMONDS FOUR,0.6316,0.0044,0.364
HEARTS NINE DIAMONDS FOUR,0.6654,0.0044,0.3302
DIAMONDS FOUR HEARTS EIGHT,0.6724,0.0042,0.3234
CLUBS THREE DIAMONDS FOUR,0.6386,0.0062,0.3552
CLUBS TWO DIAMONDS FOUR,0.6336,0.0042,0.3622
DIAMONDS TEN DIAMONDS FIVE,0.6284,0.0042,0.3674
DIAMONDS JACK DIAMONDS FIVE,0.6136,0.0036,0.3828
DIAMONDS NINE HEARTS QUEEN,0.7354,0.0152,0.2494
HEARTS KING DIAMONDS NINE,0.6252,0.0024,0.3724
DIAMONDS NINE HEARTS ACE,0.6942,0.0622,0.2436
DIAMONDS NINE HEARTS TEN,0.6302,0.0034,0.3664
DIAMONDS NINE HEARTS JACK,0.6276,0.0036,0.3688
CLUBS KING DIAMONDS SIX,0.6416,0.0036,0.3548
CLUBS ACE DIAMONDS SIX,0.6924,0.0584,0.2492
SPADES KING DIAMONDS FOUR,0.6466,0.0038,0.3496
SPADES QUEEN DIAMONDS FOUR,0.7514,0.0174,0.2312
SPADES QUEEN SPADES SEVEN,0.7264,0.0168,0.2568
CLUBS JACK DIAMONDS SIX,0.6822,0.0028,0.315
SPADES KING SPADES SEVEN,0.6114,0.005,0.3836
CLUBS TEN DIAMONDS SIX,0.6752,0.005,0.3198
CLUBS NINE CLUBS FOUR,0.6422,0.0068,0.351
CLUBS EIGHT CLUBS FOUR,0.615,0.0052,0.3798
SPADES JACK DIAMONDS FOUR,0.671,0.0044,0.3246
SPADES TEN DIAMONDS FOUR,0.6734,0.0046,0.322
CLUBS FOUR CLUBS FIVE,0.5868,0.0054,0.4078
CLUBS SEVEN CLUBS FOUR,0.625,0.0064,0.3686
CLUBS SIX CLUBS FOUR,0.6106,0.0038,0.3856
CLUBS SEVEN SPADES EIGHT,0.6334,0.0058,0.3608
CLUBS SEVEN SPADES NINE,0.6602,0.0038,0.336
CLUBS SEVEN SPADES SIX,0.6326,0.0036,0.3638
CLUBS SEVEN SPADES SEVEN,0.4726,0.004,0.5234
CLUBS SEVEN SPADES FIVE,0.645,0.0046,0.3504
CLUBS SEVEN SPADES FOUR,0.6492,0.0046,0.3462
CLUBS SEVEN SPADES THREE,0.669,0.0058,0.3252
CLUBS SEVEN SPADES TWO,0.6822,0.0058,0.312
CLUBS NINE CLUBS SEVEN,0.6026,0.0058,0.3916
CLUBS EIGHT CLUBS SEVEN,0.5972,0.0034,0.3994
HEARTS SIX DIAMONDS FIVE,0.608,0.0048,0.3872
DIAMONDS FIVE HEARTS SEVEN,0.625,0.004,0.371
DIAMONDS FIVE HEARTS EIGHT,0.6536,0.0038,0.3426
HEARTS NINE DIAMONDS FIVE,0.649,0.0042,0.3468
DIAMONDS QUEEN DIAMONDS FIVE,0.7186,0.0154,0.266
HEARTS TWO DIAMONDS FIVE,0.6464,0.0048,0.3488
HEARTS KING HEARTS EIGHT,0.6142,0.0044,0.3814
DIAMONDS KING DIAMONDS FIVE,0.5932,0.0054,0.4014
HEARTS THREE DIAMONDS FIVE,0.635,0.0052,0.3598
HEARTS QUEEN HEARTS EIGHT,0.691,0.015,0.294
DIAMONDS ACE DIAMONDS FIVE,0.6354,0.0606,0.304
HEARTS FOUR DIAMONDS FIVE,0.6246,0.0032,0.3722
HEARTS FIVE DIAMONDS FIVE,0.455,0.0034,0.5416
HEARTS ACE HEARTS EIGHT,0.6518,0.064,0.2842
CLUBS FOUR DIAMONDS FIVE,0.6122,0.006,0.3818
CLUBS FIVE DIAMONDS FIVE,0.4796,0.0056,0.5148
CLUBS SIX DIAMONDS FIVE,0.6308,0.0068,0.3624
CLUBS SEVEN DIAMONDS FIVE,0.6364,0.0044,0.3592
CLUBS TWO DIAMONDS FIVE,0.6554,0.0034,0.3412
CLUBS THREE DIAMONDS FIVE,0.641,0.005,0.354
SPADES THREE DIAMONDS FIVE,0.6344,0.0044,0.3612
SPADES TWO DIAMONDS FIVE,0.6582,0.0052,0.3366
SPADES JACK DIAMONDS EIGHT,0.6528,0.0032,0.344
SPADES FIVE DIAMONDS FIVE,0.4712,0.0046,0.5242
HEARTS JACK CLUBS TEN,0.636,0.0032,0.3608
SPADES TEN DIAMONDS EIGHT,0.6436,0.002,0.3544
SPADES FOUR DIAMONDS FIVE,0.634,0.0046,0.3614
HEARTS JACK CLUBS JACK,0.4392,0.0038,0.557
CLUBS NINE DIAMONDS FIVE,0.6522,0.0042,0.3436
HEARTS JACK CLUBS KING,0.6162,0.0032,0.3806
CLUBS EIGHT DIAMONDS FIVE,0.6506,0.0046,0.3448
HEARTS JACK CLUBS ACE,0.693,0.0636,0.2434
SPADES SEVEN DIAMONDS FIVE,0.6306,0.0046,0.3648
SPADES KING DIAMONDS EIGHT,0.6346,0.0052,0.3602
SPADES SIX DIAMONDS FIVE,0.6354,0.0034,0.3612
SPADES QUEEN DIAMONDS EIGHT,0.7326,0.0166,0.2508
SPADES NINE DIAMONDS FIVE,0.6626,0.003,0.3344
SPADES EIGHT DIAMONDS FIVE,0.6656,0.0046,0.3298
DIAMONDS TEN DIAMONDS SIX,0.6362,0.0036,0.3602
HEARTS ACE DIAMONDS SEVEN,0.6832,0.0646,0.2522
DIAMONDS JACK DIAMONDS SIX,0.639,0.0044,0.3566
HEARTS QUEEN DIAMONDS SEVEN,0.7498,0.0162,0.234
HEARTS KING DIAMONDS SEVEN,0.6356,0.0034,0.361
DIAMONDS ACE DIAMONDS SIX,0.6598,0.0576,0.2826
HEARTS FOUR DIAMONDS SIX,0.6356,0.0036,0.3608
HEARTS JACK SPADES TWO,0.6904,0.0038,0.3058
HEARTS FIVE DIAMONDS SIX,0.625,0.005,0.37
SPADES TWO HEARTS TEN,0.694,0.0036,0.3024
DIAMONDS QUEEN DIAMONDS SIX,0.7194,0.0124,0.2682
HEARTS TWO DIAMONDS SIX,0.6532,0.004,0.3428
DIAMONDS KING DIAMONDS SIX,0.612,0.0032,0.3848
HEARTS THREE DIAMONDS SIX,0.6468,0.0028,0.3504
HEARTS EIGHT DIAMONDS SIX,0.6264,0.0024,0.3712
HEARTS NINE DIAMONDS SIX,0.6486,0.004,0.3474
HEARTS SIX DIAMONDS SIX,0.4646,0.0028,0.5326
HEARTS SEVEN DIAMONDS SIX,0.6232,0.003,0.3738
HEARTS TEN DIAMONDS SEVEN,0.6504,0.0034,0.3462
CLUBS TWO DIAMONDS SIX,0.6632,0.0054,0.3314
HEARTS JACK DIAMONDS SEVEN,0.6574,0.0028,0.3398
CLUBS THREE DIAMONDS SIX,0.639,0.0046,0.3564
DIAMONDS EIGHT CLUBS JACK,0.6512,0.0028,0.346
CLUBS SEVEN DIAMONDS SIX,0.628,0.004,0.368
CLUBS SIX DIAMONDS SIX,0.4828,0.0028,0.5144
DIAMONDS EIGHT CLUBS TEN,0.6356,0.004,0.3604
CLUBS FIVE DIAMONDS SIX,0.6202,0.0038,0.376
CLUBS FOUR DIAMONDS SIX,0.6408,0.005,0.3542
HEARTS ACE HEARTS JACK,0.6484,0.0518,0.2998
DIAMONDS EIGHT CLUBS ACE,0.679,0.0676,0.2534
HEARTS JACK HEARTS QUEEN,0.6932,0.0112,0.2956
DIAMONDS EIGHT CLUBS KING,0.6368,0.0038,0.3594
CLUBS NINE DIAMONDS SIX,0.6574,0.0038,0.3388
HEARTS KING HEARTS JACK,0.5918,0.0036,0.4046
CLUBS EIGHT DIAMONDS SIX,0.6292,0.0054,0.3654
SPADES TEN HEARTS KING,0.6348,0.0038,0.3614
SPADES FIVE DIAMONDS SIX,0.6244,0.0036,0.372
HEARTS ACE SPADES TWO,0.7018,0.063,0.2352
SPADES JACK HEARTS KING,0.6178,0.0056,0.3766
SPADES FOUR DIAMONDS SIX,0.6478,0.0036,0.3486
SPADES THREE DIAMONDS SIX,0.6544,0.0032,0.3424
SPADES TWO HEARTS QUEEN,0.7678,0.0154,0.2168
HEARTS KING SPADES TWO,0.6648,0.0042,0.331
SPADES TWO DIAMONDS SIX,0.6632,0.0052,0.3316
HEARTS TEN HEARTS EIGHT,0.6002,0.0042,0.3956
SPADES NINE DIAMONDS SIX,0.658,0.0044,0.3376
HEARTS JACK HEARTS EIGHT,0.614,0.003,0.383
SPADES EIGHT DIAMONDS SIX,0.6368,0.005,0.3582
SPADES SEVEN DIAMONDS SIX,0.6316,0.0036,0.3648
SPADES SIX DIAMONDS SIX,0.489,0.0038,0.5072
SPADES KING HEARTS KING,0.2792,0.0034,0.7174
SPADES QUEEN HEARTS KING,0.7438,0.0112,0.245
CLUBS ACE CLUBS KING,0.2248,0.0404,0.7348
SPADES QUEEN HEARTS JACK,0.7298,0.0172,0.253
SPADES KING HEARTS JACK,0.6352,0.0056,0.3592
SPADES TEN DIAMONDS TEN,0.4282,0.0026,0.5692
SPADES JACK DIAMONDS TEN,0.6314,0.004,0.3646
SPADES JACK HEARTS JACK,0.4338,0.0044,0.5618
SPADES TEN HEARTS JACK,0.621,0.0044,0.3746
SPADES QUEEN DIAMONDS TEN,0.7334,0.0162,0.2504
SPADES KING DIAMONDS TEN,0.6236,0.0054,0.371
SPADES NINE DIAMONDS SEVEN,0.6466,0.004,0.3494
SPADES EIGHT DIAMONDS SEVEN,0.6148,0.0046,0.3806
SPADES SEVEN DIAMONDS SEVEN,0.4778,0.0034,0.5188
SPADES SIX DIAMONDS SEVEN,0.6376,0.0046,0.3578
DIAMONDS KING DIAMONDS SEVEN,0.6052,0.004,0.3908
HEARTS THREE DIAMONDS SEVEN,0.656,0.0022,0.3418
HEARTS KING DIAMONDS FIVE,0.6466,0.0054,0.348
DIAMONDS QUEEN DIAMONDS SEVEN,0.7072,0.0142,0.2786
HEARTS TWO DIAMONDS SEVEN,0.6754,0.0042,0.3204
HEARTS QUEEN DIAMONDS FIVE,0.7454,0.0166,0.238
HEARTS FIVE DIAMONDS SEVEN,0.6298,0.005,0.3652
DIAMONDS ACE DIAMONDS SEVEN,0.651,0.063,0.286
HEARTS FOUR DIAMONDS SEVEN,0.6588,0.0022,0.339
HEARTS ACE DIAMONDS FIVE,0.6674,0.0656,0.267
HEARTS SEVEN DIAMONDS SEVEN,0.4566,0.002,0.5414
HEARTS SIX DIAMONDS SEVEN,0.6268,0.0016,0.3716
HEARTS NINE DIAMONDS SEVEN,0.6366,0.0024,0.361
DIAMONDS SEVEN HEARTS EIGHT,0.6334,0.0034,0.3632
DIAMONDS JACK DIAMONDS SEVEN,0.6094,0.0034,0.3872
HEARTS JACK DIAMONDS FIVE,0.6602,0.003,0.3368
DIAMONDS TEN DIAMONDS SEVEN,0.6096,0.0054,0.385
DIAMONDS FIVE HEARTS TEN,0.6652,0.0028,0.332
SPADES KING CLUBS TWO,0.6594,0.0072,0.3334
HEARTS KING CLUBS KING,0.2792,0.0032,0.7176
CLUBS EIGHT DIAMONDS SEVEN,0.6334,0.004,0.3626
SPADES QUEEN CLUBS TWO,0.7682,0.0206,0.2112
CLUBS NINE DIAMONDS SEVEN,0.6278,0.0038,0.3684
SPADES TWO CLUBS JACK,0.697,0.0052,0.2978
SPADES TWO CLUBS TEN,0.6816,0.006,0.3124
HEARTS KING CLUBS ACE,0.2406,0.0478,0.7116
CLUBS SIX CLUBS SEVEN,0.59,0.0054,0.4046
SPADES TWO CLUBS KING,0.6626,0.0052,0.3322
SPADES TWO DIAMONDS SEVEN,0.6826,0.0034,0.314
CLUBS EIGHT CLUBS SIX,0.6136,0.0046,0.3818
SPADES THREE DIAMONDS SEVEN,0.6582,0.0052,0.3366
CLUBS NINE CLUBS SIX,0.6194,0.0062,0.3744
SPADES FOUR DIAMONDS SEVEN,0.6462,0.0044,0.3494
HEARTS KING CLUBS JACK,0.6256,0.0032,0.3712
SPADES FIVE DIAMONDS SEVEN,0.6222,0.0044,0.3734
SPADES TWO CLUBS ACE,0.7002,0.0662,0.2336
HEARTS KING CLUBS TEN,0.6132,0.006,0.3808
CLUBS SIX SPADES TWO,0.6642,0.0048,0.331
CLUBS SIX SPADES THREE,0.6538,0.0034,0.3428
CLUBS TWO DIAMONDS SEVEN,0.6802,0.0036,0.3162
CLUBS SIX SPADES FOUR,0.6414,0.0056,0.353
CLUBS THREE DIAMONDS SEVEN,0.6692,0.0044,0.3264
CLUBS SIX SPADES FIVE,0.6366,0.0044,0.359
CLUBS FOUR DIAMONDS SEVEN,0.6548,0.0046,0.3406
CLUBS SIX SPADES SIX,0.478,0.0048,0.5172
CLUBS FIVE DIAMONDS SEVEN,0.6494,0.004,0.3466
CLUBS SIX SPADES SEVEN,0.6334,0.0044,0.3622
CLUBS SIX DIAMONDS SEVEN,0.6306,0.004,0.3654
CLUBS SIX SPADES EIGHT,0.6404,0.0048,0.3548
SPADES JACK CLUBS TWO,0.6996,0.005,0.2954
CLUBS SIX SPADES NINE,0.6618,0.0042,0.334
SPADES TEN CLUBS TWO,0.6866,0.0062,0.3072
CLUBS SEVEN DIAMONDS SEVEN,0.4704,0.0026,0.527
CLUBS TWO CLUBS KING,0.6144,0.0056,0.38
CLUBS THREE DIAMONDS EIGHT,0.671,0.0036,0.3254
CLUBS TWO CLUBS ACE,0.6542,0.0614,0.2844
CLUBS TWO DIAMONDS EIGHT,0.6702,0.0066,0.3232
DIAMONDS EIGHT HEARTS SEVEN,0.6326,0.0028,0.3646
HEARTS SIX DIAMONDS EIGHT,0.632,0.0038,0.3642
DIAMONDS EIGHT HEARTS NINE,0.615,0.0012,0.3838
CLUBS TWO CLUBS TEN,0.6468,0.0068,0.3464
DIAMONDS EIGHT HEARTS EIGHT,0.4704,0.003,0.5266
CLUBS TWO CLUBS JACK,0.662,0.0058,0.3322
CLUBS NINE DIAMONDS EIGHT,0.6332,0.0044,0.3624
CLUBS EIGHT DIAMONDS EIGHT,0.4624,0.0034,0.5342
CLUBS FIVE DIAMONDS EIGHT,0.6402,0.0048,0.355
CLUBS FOUR DIAMONDS EIGHT,0.6624,0.0064,0.3312
SPADES QUEEN SPADES THREE,0.7332,0.0158,0.251
CLUBS SEVEN DIAMONDS EIGHT,0.6326,0.0028,0.3646
CLUBS SIX DIAMONDS EIGHT,0.6294,0.0036,0.367
SPADES KING SPADES THREE,0.6304,0.0042,0.3654
DIAMONDS QUEEN DIAMONDS EIGHT,0.6922,0.0134,0.2944
HEARTS TWO DIAMONDS EIGHT,0.6598,0.0054,0.3348
DIAMONDS KING DIAMONDS EIGHT,0.5964,0.0038,0.3998
HEARTS THREE DIAMONDS EIGHT,0.6658,0.0044,0.3298
DIAMONDS ACE DIAMONDS EIGHT,0.6442,0.0658,0.29
HEARTS FOUR DIAMONDS EIGHT,0.6664,0.0048,0.3288
HEARTS FIVE DIAMONDS EIGHT,0.633,0.005,0.362
DIAMONDS EIGHT DIAMONDS TEN,0.6044,0.0044,0.3912
DIAMONDS EIGHT DIAMONDS JACK,0.613,0.0028,0.3842
SPADES JACK SPADES THREE,0.6566,0.0062,0.3372
SPADES TEN SPADES THREE,0.654,0.0052,0.3408
CLUBS FOUR HEARTS ACE,0.6756,0.0708,0.2536
CLUBS FOUR HEARTS QUEEN,0.7668,0.0174,0.2158
CLUBS FOUR HEARTS KING,0.6424,0.0036,0.354
CLUBS SIX HEARTS TEN,0.6684,0.0044,0.3272
CLUBS SIX HEARTS JACK,0.6928,0.0036,0.3036
SPADES FOUR DIAMONDS EIGHT,0.665,0.0038,0.3312
SPADES FIVE DIAMONDS EIGHT,0.656,0.0034,0.3406
DIAMONDS EIGHT SPADES TWO,0.6676,0.0054,0.327
DIAMONDS EIGHT SPADES THREE,0.675,0.003,0.322
CLUBS FOUR HEARTS JACK,0.6804,0.0038,0.3158
SPADES EIGHT DIAMONDS EIGHT,0.4672,0.002,0.5308
SPADES JACK HEARTS EIGHT,0.6466,0.0034,0.35
SPADES TEN HEARTS TWO,0.683,0.005,0.312
SPADES TEN DIAMONDS QUEEN,0.7312,0.013,0.2558
CLUBS FOUR HEARTS TEN,0.6828,0.0046,0.3126
SPADES NINE DIAMONDS EIGHT,0.6404,0.0022,0.3574
SPADES JACK HEARTS TWO,0.682,0.0038,0.3142
SPADES JACK DIAMONDS QUEEN,0.7272,0.0118,0.261
SPADES TEN HEARTS EIGHT,0.6346,0.0036,0.3618
SPADES SIX DIAMONDS EIGHT,0.634,0.0042,0.3618
SPADES SEVEN DIAMONDS EIGHT,0.6292,0.0044,0.3664
SPADES QUEEN DIAMONDS QUEEN,0.3036,0.014,0.6824
SPADES QUEEN HEARTS TWO,0.7592,0.02,0.2208
SPADES KING HEARTS EIGHT,0.639,0.005,0.356
SPADES QUEEN HEARTS EIGHT,0.7438,0.0138,0.2424
SPADES KING HEARTS TWO,0.661,0.0062,0.3328
SPADES KING DIAMONDS QUEEN,0.746,0.0118,0.2422
CLUBS TWO HEARTS TEN,0.6906,0.0046,0.3048
CLUBS TWO HEARTS JACK,0.6892,0.0054,0.3054
SPADES SEVEN DIAMONDS NINE,0.6388,0.0034,0.3578
SPADES SIX DIAMONDS NINE,0.6528,0.0028,0.3444
SPADES NINE DIAMONDS NINE,0.4708,0.0042,0.525
SPADES EIGHT DIAMONDS NINE,0.621,0.0058,0.3732
SPADES TEN CLUBS KING,0.6212,0.0066,0.3722
DIAMONDS NINE SPADES THREE,0.6858,0.0048,0.3094
SPADES JACK CLUBS KING,0.6352,0.0058,0.359
DIAMONDS NINE SPADES TWO,0.6814,0.0062,0.3124
SPADES FIVE DIAMONDS NINE,0.651,0.003,0.346
DIAMONDS NINE SPADES FOUR,0.6766,0.0042,0.3192
CLUBS NINE DIAMONDS NINE,0.4596,0.005,0.5354
CLUBS EIGHT DIAMONDS NINE,0.646,0.0044,0.3496
CLUBS SIX DIAMONDS NINE,0.6522,0.0038,0.344
SPADES JACK CLUBS FOUR,0.6806,0.0054,0.314
SPADES TEN CLUBS FOUR,0.6732,0.0052,0.3216
CLUBS SEVEN DIAMONDS NINE,0.6434,0.0036,0.353
CLUBS FOUR DIAMONDS NINE,0.6676,0.0054,0.327
CLUBS FIVE DIAMONDS NINE,0.6612,0.0038,0.335
CLUBS TWO DIAMONDS NINE,0.6742,0.0052,0.3206
CLUBS THREE DIAMONDS NINE,0.6792,0.0042,0.3166
DIAMONDS NINE HEARTS EIGHT,0.6302,0.0024,0.3674
DIAMONDS NINE HEARTS NINE,0.457,0.0026,0.5404
HEARTS SIX DIAMONDS NINE,0.647,0.0034,0.3496
DIAMONDS NINE HEARTS SEVEN,0.6438,0.0046,0.3516
CLUBS EIGHT CLUBS NINE,0.6024,0.0046,0.393
DIAMONDS ACE DIAMONDS NINE,0.6578,0.0498,0.2924
HEARTS FOUR DIAMONDS NINE,0.6642,0.004,0.3318
HEARTS FIVE DIAMONDS NINE,0.6572,0.0052,0.3376
CLUBS TWO HEARTS ACE,0.6842,0.0626,0.2532
DIAMONDS QUEEN DIAMONDS NINE,0.7096,0.0134,0.277
HEARTS TWO DIAMONDS NINE,0.6786,0.0056,0.3158
CLUBS TWO HEARTS KING,0.6672,0.0052,0.3276
SPADES KING CLUBS FOUR,0.657,0.0052,0.3378
DIAMONDS KING DIAMONDS NINE,0.5824,0.0036,0.414
HEARTS THREE DIAMONDS NINE,0.6558,0.0034,0.3408
CLUBS TWO HEARTS QUEEN,0.765,0.0162,0.2188
SPADES QUEEN CLUBS FOUR,0.7728,0.0142,0.213
DIAMONDS NINE DIAMONDS JACK,0.5892,0.0034,0.4074
CLUBS EIGHT SPADES NINE,0.634,0.005,0.361
DIAMONDS NINE DIAMONDS TEN,0.591,0.0034,0.4056
CLUBS EIGHT SPADES EIGHT,0.455,0.0056,0.5394
CLUBS EIGHT SPADES SEVEN,0.6286,0.003,0.3684
CLUBS EIGHT SPADES SIX,0.6478,0.0046,0.3476
CLUBS EIGHT SPADES FIVE,0.6598,0.0038,0.3364
CLUBS EIGHT SPADES FOUR,0.661,0.0032,0.3358
CLUBS EIGHT SPADES THREE,0.6742,0.0036,0.3222
CLUBS EIGHT SPADES TWO,0.6724,0.0052,0.3224
HEARTS SIX DIAMONDS TEN,0.6588,0.003,0.3382
DIAMONDS TEN HEARTS SEVEN,0.6404,0.0042,0.3554
DIAMONDS TEN HEARTS EIGHT,0.6384,0.0044,0.3572
CLUBS FOUR CLUBS JACK,0.6456,0.0066,0.3478
DIAMONDS TEN HEARTS NINE,0.6246,0.0032,0.3722
CLUBS FOUR CLUBS TEN,0.647,0.0036,0.3494
CLUBS FOUR CLUBS KING,0.6154,0.005,0.3796
CLUBS TWO DIAMONDS TEN,0.687,0.0048,0.3082
CLUBS THREE DIAMONDS TEN,0.6746,0.0062,0.3192
CLUBS FOUR CLUBS ACE,0.6512,0.0634,0.2854
DIAMONDS JACK DIAMONDS TEN,0.5898,0.0048,0.4054
DIAMONDS QUEEN DIAMONDS TEN,0.68,0.0182,0.3018
HEARTS TWO DIAMONDS TEN,0.6698,0.0052,0.325
DIAMONDS KING DIAMONDS TEN,0.5594,0.004,0.4366
HEARTS THREE DIAMONDS TEN,0.6692,0.0032,0.3276
DIAMONDS ACE DIAMONDS TEN,0.6674,0.0572,0.2754
HEARTS FOUR DIAMONDS TEN,0.678,0.0042,0.3178
CLUBS EIGHT HEARTS JACK,0.6474,0.0056,0.347
HEARTS FIVE DIAMONDS TEN,0.6694,0.0032,0.3274
CLUBS EIGHT HEARTS TEN,0.6468,0.0044,0.3488
CLUBS EIGHT HEARTS QUEEN,0.7362,0.0156,0.2482
CLUBS EIGHT HEARTS KING,0.6446,0.0024,0.353
CLUBS EIGHT HEARTS ACE,0.6912,0.061,0.2478
CLUBS NINE SPADES THREE,0.6794,0.0086,0.312
CLUBS NINE SPADES TWO,0.6684,0.0062,0.3254
CLUBS NINE SPADES FIVE,0.6776,0.0034,0.319
CLUBS NINE SPADES FOUR,0.6798,0.0068,0.3134
CLUBS NINE SPADES SEVEN,0.6416,0.0038,0.3546
CLUBS NINE SPADES SIX,0.6606,0.0062,0.3332
CLUBS NINE SPADES NINE,0.4724,0.0038,0.5238
CLUBS TEN HEARTS EIGHT,0.6506,0.004,0.3454
CLUBS NINE SPADES EIGHT,0.6384,0.0054,0.3562
CLUBS JACK HEARTS EIGHT,0.6568,0.0028,0.3404
CLUBS KING HEARTS EIGHT,0.6344,0.0046,0.361
CLUBS ACE HEARTS EIGHT,0.6878,0.0704,0.2418
SPADES KING CLUBS KING,0.293,0.0038,0.7032
SPADES QUEEN CLUBS KING,0.7468,0.0122,0.241
DIAMONDS ACE HEARTS TEN,0.699,0.0652,0.2358
HEARTS FOUR HEARTS TEN,0.6372,0.0042,0.3586
DIAMONDS ACE HEARTS JACK,0.6954,0.0626,0.242
HEARTS FOUR HEARTS JACK,0.6234,0.004,0.3726
SPADES KING CLUBS FIVE,0.644,0.0044,0.3516
SPADES QUEEN CLUBS FIVE,0.7736,0.015,0.2114
DIAMONDS JACK HEARTS SEVEN,0.6614,0.004,0.3346
HEARTS SIX DIAMONDS JACK,0.669,0.003,0.328
DIAMONDS JACK HEARTS NINE,0.6454,0.0044,0.3502
DIAMONDS JACK HEARTS EIGHT,0.636,0.0034,0.3606
DIAMONDS KING DIAMONDS JACK,0.5894,0.0036,0.407
HEARTS THREE DIAMONDS JACK,0.6666,0.005,0.3284
SPADES FOUR HEARTS ACE,0.6802,0.0688,0.251
DIAMONDS QUEEN DIAMONDS JACK,0.6782,0.0176,0.3042
HEARTS TWO DIAMONDS JACK,0.6788,0.0032,0.318
HEARTS FIVE DIAMONDS JACK,0.6732,0.0032,0.3236
SPADES QUEEN SPADES SIX,0.727,0.0174,0.2556
SPADES FOUR HEARTS QUEEN,0.7726,0.0142,0.2132
DIAMONDS ACE DIAMONDS JACK,0.6562,0.0582,0.2856
HEARTS FOUR DIAMONDS JACK,0.6844,0.0032,0.3124
SPADES KING SPADES SIX,0.6154,0.0036,0.381
HEARTS KING SPADES FOUR,0.647,0.0044,0.3486
SPADES TEN SPADES SIX,0.6272,0.0038,0.369
SPADES JACK SPADES SIX,0.649,0.0054,0.3456
SPADES FOUR DIAMONDS JACK,0.6746,0.0034,0.322
SPADES FIVE DIAMONDS JACK,0.6748,0.0046,0.3206
DIAMONDS JACK SPADES TWO,0.6798,0.0046,0.3156
SPADES THREE DIAMONDS JACK,0.6812,0.0056,0.3132
SPADES QUEEN DIAMONDS THREE,0.768,0.0176,0.2144
CLUBS EIGHT DIAMONDS JACK,0.6592,0.0056,0.3352
SPADES KING DIAMONDS THREE,0.6434,0.003,0.3536
CLUBS NINE DIAMONDS JACK,0.657,0.004,0.339
CLUBS SIX DIAMONDS JACK,0.6854,0.0042,0.3104
CLUBS SEVEN DIAMONDS JACK,0.674,0.0048,0.3212
CLUBS FOUR DIAMONDS JACK,0.6804,0.0072,0.3124
CLUBS FIVE DIAMONDS JACK,0.675,0.0022,0.3228
CLUBS TWO DIAMONDS JACK,0.6766,0.0044,0.319
CLUBS THREE DIAMONDS JACK,0.6842,0.0036,0.3122
SPADES JACK HEARTS SIX,0.673,0.0052,0.3218
SPADES TEN CLUBS FIVE,0.6812,0.0044,0.3144
SPADES JACK CLUBS FIVE,0.6698,0.0044,0.3258
HEARTS SIX SPADES TEN,0.678,0.0046,0.3174
SPADES JACK DIAMONDS THREE,0.6738,0.0056,0.3206
CLUBS SEVEN CLUBS ACE,0.652,0.0756,0.2724
SPADES TEN DIAMONDS THREE,0.682,0.0042,0.3138
CLUBS SEVEN CLUBS KING,0.606,0.0052,0.3888
SPADES NINE DIAMONDS JACK,0.6406,0.0038,0.3556
CLUBS SEVEN CLUBS TEN,0.632,0.0036,0.3644
DIAMONDS ACE HEARTS ACE,0.074,0.0102,0.9158
HEARTS FOUR HEARTS ACE,0.6228,0.0606,0.3166
SPADES EIGHT DIAMONDS JACK,0.6478,0.0042,0.348
CLUBS SEVEN CLUBS JACK,0.6436,0.0054,0.351
DIAMONDS ACE HEARTS KING,0.2524,0.0458,0.7018
HEARTS FOUR HEARTS KING,0.5874,0.004,0.4086
SPADES SEVEN DIAMONDS JACK,0.6562,0.005,0.3388
SPADES KING HEARTS SIX,0.6402,0.004,0.3558
DIAMONDS ACE HEARTS QUEEN,0.0204,0.9604,0.0192
HEARTS FOUR HEARTS QUEEN,0.7146,0.0166,0.2688
SPADES SIX DIAMONDS JACK,0.6842,0.0054,0.3104
SPADES QUEEN HEARTS SIX,0.757,0.0138,0.2292
SPADES TWO DIAMONDS TEN,0.68,0.0058,0.3142
SPADES THREE DIAMONDS TEN,0.6712,0.0042,0.3246
SPADES FOUR DIAMONDS TEN,0.6708,0.0042,0.325
SPADES FIVE DIAMONDS TEN,0.6686,0.0042,0.3272
SPADES SIX DIAMONDS TEN,0.665,0.0034,0.3316
SPADES SEVEN DIAMONDS TEN,0.6506,0.0038,0.3456
SPADES EIGHT DIAMONDS TEN,0.6368,0.0044,0.3588
SPADES NINE DIAMONDS TEN,0.6298,0.0052,0.365
CLUBS FOUR DIAMONDS TEN,0.6754,0.0056,0.319
CLUBS FIVE DIAMONDS TEN,0.669,0.0054,0.3256
CLUBS SIX DIAMONDS TEN,0.669,0.004,0.327
CLUBS SEVEN DIAMONDS TEN,0.6462,0.0036,0.3502
CLUBS EIGHT DIAMONDS TEN,0.6376,0.003,0.3594
CLUBS NINE DIAMONDS TEN,0.635,0.005,0.36
DIAMONDS THREE CLUBS JACK,0.6998,0.0034,0.2968
DIAMONDS THREE CLUBS TEN,0.6862,0.0028,0.311
DIAMONDS THREE CLUBS KING,0.6448,0.0056,0.3496
DIAMONDS THREE CLUBS ACE,0.6772,0.0656,0.2572
SPADES FOUR HEARTS JACK,0.6848,0.0048,0.3104
SPADES FOUR HEARTS TEN,0.6686,0.0042,0.3272
SPADES FIVE SPADES TWO,0.6248,0.0052,0.37
SPADES FOUR SPADES TWO,0.6172,0.0048,0.378
SPADES THREE SPADES TWO,0.6302,0.0058,0.364
SPADES NINE SPADES TWO,0.6554,0.0076,0.337
SPADES EIGHT SPADES TWO,0.6528,0.0034,0.3438
SPADES SEVEN SPADES TWO,0.6466,0.0052,0.3482
SPADES SIX SPADES TWO,0.6312,0.0064,0.3624
DIAMONDS QUEEN CLUBS THREE,0.7588,0.0182,0.223
HEARTS TWO CLUBS THREE,0.6552,0.0062,0.3386
DIAMONDS QUEEN CLUBS TWO,0.7708,0.0208,0.2084
CLUBS TWO HEARTS TWO,0.4692,0.007,0.5238
DIAMONDS QUEEN HEARTS SEVEN,0.762,0.0126,0.2254
HEARTS TWO HEARTS SEVEN,0.62,0.0038,0.3762
HEARTS SIX DIAMONDS QUEEN,0.749,0.0142,0.2368
HEARTS SIX HEARTS TWO,0.6308,0.0034,0.3658
DIAMONDS QUEEN HEARTS NINE,0.751,0.013,0.236
HEARTS TWO HEARTS NINE,0.6366,0.0034,0.36
DIAMONDS QUEEN HEARTS EIGHT,0.7426,0.0138,0.2436
HEARTS TWO HEARTS EIGHT,0.622,0.005,0.373
CLUBS NINE HEARTS TWO,0.6736,0.0054,0.321
CLUBS NINE DIAMONDS QUEEN,0.7466,0.0154,0.238
CLUBS EIGHT HEARTS TWO,0.6916,0.0044,0.304
CLUBS EIGHT DIAMONDS QUEEN,0.759,0.0148,0.2262
CLUBS FIVE DIAMONDS QUEEN,0.7574,0.0168,0.2258
CLUBS FIVE HEARTS TWO,0.6544,0.005,0.3406
SPADES EIGHT HEARTS ACE,0.6948,0.0688,0.2364
CLUBS FOUR DIAMONDS QUEEN,0.7514,0.0178,0.2308
CLUBS FOUR HEARTS TWO,0.6552,0.0066,0.3382
SPADES EIGHT HEARTS QUEEN,0.7482,0.0172,0.2346
CLUBS SEVEN HEARTS TWO,0.6774,0.007,0.3156
CLUBS SEVEN DIAMONDS QUEEN,0.7484,0.0156,0.236
CLUBS SIX DIAMONDS QUEEN,0.7586,0.016,0.2254
CLUBS SIX HEARTS TWO,0.6688,0.0054,0.3258
SPADES EIGHT HEARTS KING,0.6504,0.0046,0.345
DIAMONDS QUEEN SPADES SIX,0.7574,0.017,0.2256
HEARTS TWO SPADES SIX,0.668,0.0048,0.3272
DIAMONDS QUEEN SPADES SEVEN,0.752,0.016,0.232
SPADES SEVEN HEARTS TWO,0.6742,0.005,0.3208
HEARTS FOUR CLUBS KING,0.6428,0.0046,0.3526
DIAMONDS ACE CLUBS KING,0.2454,0.0438,0.7108
SPADES EIGHT DIAMONDS QUEEN,0.743,0.015,0.242
SPADES EIGHT HEARTS TWO,0.6792,0.0066,0.3142
HEARTS FOUR CLUBS ACE,0.6738,0.0692,0.257
DIAMONDS ACE CLUBS ACE,0.066,0.0172,0.9168
SPADES NINE DIAMONDS QUEEN,0.7378,0.0132,0.249
SPADES NINE HEARTS TWO,0.679,0.005,0.316
HEARTS TWO SPADES TWO,0.4818,0.0074,0.5108
DIAMONDS QUEEN SPADES TWO,0.7678,0.0176,0.2146
HEARTS TWO SPADES THREE,0.6588,0.006,0.3352
DIAMONDS QUEEN SPADES THREE,0.7594,0.0164,0.2242
HEARTS TWO SPADES FOUR,0.652,0.0052,0.3428
DIAMONDS QUEEN SPADES FOUR,0.758,0.0194,0.2226
HEARTS FOUR CLUBS TEN,0.6684,0.0064,0.3252
DIAMONDS ACE CLUBS TEN,0.7072,0.0592,0.2336
HEARTS TWO SPADES FIVE,0.6558,0.0062,0.338
DIAMONDS QUEEN SPADES FIVE,0.7586,0.0194,0.222
HEARTS FOUR CLUBS JACK,0.6768,0.0036,0.3196
DIAMONDS ACE CLUBS JACK,0.6958,0.0646,0.2396
CLUBS FIVE CLUBS KING,0.601,0.006,0.393
CLUBS FIVE CLUBS ACE,0.6448,0.067,0.2882
CLUBS FIVE CLUBS JACK,0.642,0.0052,0.3528
CLUBS FIVE CLUBS TEN,0.6424,0.005,0.3526
SPADES KING CLUBS JACK,0.6346,0.0062,0.3592
SPADES QUEEN CLUBS JACK,0.7406,0.0152,0.2442
SPADES SIX CLUBS KING,0.6558,0.0064,0.3378
SPADES EIGHT HEARTS JACK,0.6562,0.0048,0.339
SPADES SIX CLUBS ACE,0.693,0.0658,0.2412
SPADES EIGHT HEARTS TEN,0.643,0.0046,0.3524
SPADES SIX CLUBS JACK,0.6744,0.0058,0.3198
SPADES SIX CLUBS TEN,0.6774,0.0044,0.3182
SPADES TEN CLUBS JACK,0.6256,0.005,0.3694
SPADES JACK CLUBS JACK,0.4438,0.0038,0.5524
SPADES QUEEN CLUBS SEVEN,0.7572,0.0176,0.2252
SPADES KING CLUBS SEVEN,0.654,0.0042,0.3418
SPADES SIX HEARTS TEN,0.6742,0.0044,0.3214
SPADES SIX HEARTS JACK,0.6878,0.0064,0.3058
SPADES SIX HEARTS ACE,0.6964,0.0646,0.239
SPADES SIX HEARTS KING,0.6424,0.0052,0.3524
SPADES SIX HEARTS QUEEN,0.756,0.0182,0.2258
SPADES JACK CLUBS SEVEN,0.672,0.0066,0.3214
SPADES TEN CLUBS SEVEN,0.6686,0.0036,0.3278
HEARTS SIX CLUBS TEN,0.6726,0.0024,0.325
HEARTS SIX CLUBS JACK,0.6848,0.0048,0.3104
CLUBS ACE CLUBS JACK,0.663,0.0592,0.2778
HEARTS SIX CLUBS KING,0.6288,0.0042,0.367
HEARTS SIX CLUBS ACE,0.6948,0.0564,0.2488
CLUBS KING CLUBS JACK,0.5912,0.0032,0.4056
DIAMONDS THREE HEARTS ACE,0.6758,0.0626,0.2616
DIAMONDS THREE HEARTS QUEEN,0.7622,0.016,0.2218
DIAMONDS THREE HEARTS KING,0.6462,0.004,0.3498
CLUBS FIVE HEARTS JACK,0.6854,0.0052,0.3094
HEARTS FOUR SPADES TEN,0.6768,0.0036,0.3196
SPADES TEN DIAMONDS ACE,0.6976,0.0668,0.2356
CLUBS FIVE HEARTS TEN,0.6842,0.0028,0.313
HEARTS FOUR SPADES JACK,0.6716,0.005,0.3234
SPADES JACK DIAMONDS ACE,0.7136,0.066,0.2204
CLUBS FIVE HEARTS ACE,0.6786,0.0644,0.257
CLUBS FIVE HEARTS KING,0.656,0.005,0.339
SPADES QUEEN DIAMONDS ACE,0.0218,0.9672,0.011
HEARTS FOUR SPADES QUEEN,0.7664,0.0166,0.217
SPADES FOUR CLUBS JACK,0.6842,0.007,0.3088
CLUBS FIVE HEARTS QUEEN,0.7526,0.017,0.2304
SPADES KING HEARTS FOUR,0.6614,0.0032,0.3354
SPADES KING DIAMONDS ACE,0.238,0.0498,0.7122
SPADES FOUR CLUBS TEN,0.7,0.0042,0.2958
DIAMONDS QUEEN DIAMONDS ACE,0.0218,0.9064,0.0718
HEARTS TWO DIAMONDS ACE,0.6758,0.0654,0.2588
HEARTS FOUR DIAMONDS QUEEN,0.7474,0.0162,0.2364
HEARTS FOUR HEARTS TWO,0.6176,0.005,0.3774
DIAMONDS THREE HEARTS TEN,0.6714,0.0042,0.3244
SPADES FOUR CLUBS KING,0.65,0.005,0.345
HEARTS FIVE DIAMONDS QUEEN,0.7526,0.0134,0.234
HEARTS FIVE HEARTS TWO,0.6176,0.0044,0.378
DIAMONDS THREE HEARTS JACK,0.676,0.0054,0.3186
DIAMONDS QUEEN HEARTS TWO,0.7636,0.0174,0.219
DIAMONDS KING DIAMONDS QUEEN,0.6938,0.0108,0.2954
DIAMONDS KING HEARTS TWO,0.6556,0.005,0.3394
HEARTS THREE DIAMONDS QUEEN,0.756,0.017,0.227
HEARTS THREE HEARTS TWO,0.612,0.0042,0.3838
SPADES FOUR CLUBS ACE,0.6886,0.057,0.2544
HEARTS TWO CLUBS ACE,0.6882,0.0584,0.2534
DIAMONDS QUEEN CLUBS ACE,0.0112,0.9702,0.0186
HEARTS TWO CLUBS KING,0.6538,0.0042,0.342
DIAMONDS QUEEN CLUBS KING,0.7366,0.0124,0.251
SPADES EIGHT SPADES FIVE,0.6058,0.005,0.3892
HEARTS TWO CLUBS TEN,0.6856,0.0046,0.3098
DIAMONDS QUEEN CLUBS TEN,0.7276,0.0132,0.2592
SPADES NINE SPADES FIVE,0.6262,0.0054,0.3684
HEARTS TWO CLUBS JACK,0.6894,0.007,0.3036
DIAMONDS QUEEN CLUBS JACK,0.7334,0.0144,0.2522
SPADES SIX SPADES FIVE,0.601,0.0064,0.3926
SPADES SEVEN SPADES FIVE,0.614,0.0042,0.3818
SPADES EIGHT CLUBS ACE,0.6984,0.0622,0.2394
DIAMONDS FIVE CLUBS KING,0.6342,0.0046,0.3612
SPADES EIGHT CLUBS KING,0.6552,0.0064,0.3384
CLUBS ACE DIAMONDS FIVE,0.6588,0.0688,0.2724
SPADES EIGHT CLUBS JACK,0.6556,0.0042,0.3402
SPADES EIGHT CLUBS TEN,0.6418,0.0036,0.3546
DIAMONDS FIVE CLUBS TEN,0.671,0.0044,0.3246
DIAMONDS FIVE CLUBS JACK,0.657,0.0042,0.3388
HEARTS JACK DIAMONDS TEN,0.6348,0.0038,0.3614
DIAMONDS TEN HEARTS TEN,0.434,0.003,0.563
SPADES QUEEN CLUBS NINE,0.751,0.019,0.23
SPADES KING CLUBS NINE,0.6464,0.0044,0.3492
HEARTS SIX HEARTS KING,0.6034,0.0066,0.39
DIAMONDS KING SPADES SEVEN,0.6426,0.0048,0.3526
HEARTS THREE SPADES SEVEN,0.6628,0.0054,0.3318
SPADES KING DIAMONDS SEVEN,0.652,0.003,0.345
HEARTS SIX HEARTS QUEEN,0.7128,0.0124,0.2748
DIAMONDS KING SPADES SIX,0.6596,0.0052,0.3352
HEARTS THREE SPADES SIX,0.6524,0.0036,0.344
SPADES QUEEN DIAMONDS SEVEN,0.75,0.0184,0.2316
SPADES NINE DIAMONDS KING,0.6452,0.003,0.3518
HEARTS THREE SPADES NINE,0.689,0.006,0.305
HEARTS SIX HEARTS ACE,0.663,0.0578,0.2792
DIAMONDS KING SPADES EIGHT,0.6384,0.004,0.3576
HEARTS THREE SPADES EIGHT,0.6714,0.0038,0.3248
CLUBS NINE HEARTS THREE,0.6794,0.005,0.3156
CLUBS NINE DIAMONDS KING,0.6284,0.0044,0.3672
CLUBS EIGHT HEARTS THREE,0.67,0.0058,0.3242
CLUBS EIGHT DIAMONDS KING,0.6452,0.0064,0.3484
