opposingHand,winningChance,drawChance,lostChance
SPADES NINE HEARTS ACE
HEARTS FIVE SPADES TEN,0.6506,0.0056,0.3438
SPADES JACK HEARTS FIVE,0.6276,0.004,0.3684
SPADES FIVE CLUBS JACK,0.6346,0.0036,0.3618
CLUBS TEN SPADES FIVE,0.6348,0.0046,0.3606
CLUBS EIGHT CLUBS JACK,0.5806,0.0048,0.4146
CLUBS TEN CLUBS EIGHT,0.5776,0.0038,0.4186
CLUBS EIGHT CLUBS KING,0.5846,0.003,0.4124
SPADES FIVE CLUBS ACE,0.577,0.1742,0.2488
CLUBS EIGHT CLUBS QUEEN,0.5898,0.0048,0.4054
SPADES FIVE CLUBS KING,0.638,0.0048,0.3572
SPADES FIVE CLUBS QUEEN,0.645,0.0036,0.3514
CLUBS EIGHT CLUBS ACE,0.5526,0.1614,0.286
DIAMONDS TWO DIAMONDS THREE,0.602,0.0034,0.3946
DIAMONDS TWO DIAMONDS FIVE,0.6074,0.003,0.3896
SPADES KING HEARTS FIVE,0.6374,0.006,0.3566
DIAMONDS TWO DIAMONDS FOUR,0.5934,0.0062,0.4004
SPADES QUEEN HEARTS FIVE,0.6296,0.0056,0.3648
DIAMONDS TWO DIAMONDS SEVEN,0.6312,0.003,0.3658
DIAMONDS TWO DIAMONDS SIX,0.6056,0.004,0.3904
SPADES ACE HEARTS FIVE,0.5904,0.1724,0.2372
DIAMONDS TWO DIAMONDS NINE,0.7,0.0218,0.2782
DIAMONDS TWO DIAMONDS EIGHT,0.6316,0.0028,0.3656
DIAMONDS THREE DIAMONDS FOUR,0.6014,0.0042,0.3944
SPADES FOUR CLUBS TWO,0.6522,0.0054,0.3424
DIAMONDS THREE DIAMONDS FIVE,0.5932,0.006,0.4008
SPADES FIVE CLUBS TWO,0.648,0.0062,0.3458
CLUBS TWO SPADES TWO,0.474,0.0058,0.5202
CLUBS TWO SPADES THREE,0.6536,0.005,0.3414
DIAMONDS THREE DIAMONDS EIGHT,0.6294,0.003,0.3676
SPADES EIGHT CLUBS TWO,0.682,0.0046,0.3134
DIAMONDS THREE DIAMONDS NINE,0.6966,0.0242,0.2792
DIAMONDS THREE DIAMONDS SIX,0.606,0.0034,0.3906
SPADES SIX CLUBS TWO,0.6776,0.003,0.3194
DIAMONDS THREE DIAMONDS SEVEN,0.6428,0.0046,0.3526
SPADES SEVEN CLUBS TWO,0.668,0.006,0.326
CLUBS SIX CLUBS TWO,0.6216,0.005,0.3734
CLUBS SEVEN CLUBS TWO,0.6262,0.0042,0.3696
CLUBS FOUR CLUBS TWO,0.6042,0.0048,0.391
CLUBS FIVE CLUBS TWO,0.6134,0.0048,0.3818
CLUBS TEN CLUBS JACK,0.5084,0.005,0.4866
DIAMONDS FOUR DIAMONDS SIX,0.5884,0.0054,0.4062
CLUBS TEN CLUBS QUEEN,0.5376,0.0064,0.456
DIAMONDS FOUR DIAMONDS SEVEN,0.6124,0.0038,0.3838
CLUBS TEN CLUBS KING,0.5504,0.0034,0.4462
CLUBS TEN CLUBS ACE,0.224,0.1084,0.6676
CLUBS EIGHT CLUBS TWO,0.6476,0.004,0.3484
DIAMONDS FIVE DIAMONDS FOUR,0.5778,0.004,0.4182
CLUBS NINE CLUBS TWO,0.7192,0.026,0.2548
DIAMONDS NINE DIAMONDS FOUR,0.7026,0.024,0.2734
DIAMONDS EIGHT DIAMONDS FOUR,0.599,0.0052,0.3958
CLUBS THREE CLUBS TWO,0.613,0.0038,0.3832
DIAMONDS NINE DIAMONDS FIVE,0.6944,0.022,0.2836
DIAMONDS TWO CLUBS JACK,0.6448,0.004,0.3512
DIAMONDS EIGHT DIAMONDS FIVE,0.6112,0.0048,0.384
CLUBS TEN DIAMONDS TWO,0.649,0.0054,0.3456
DIAMONDS FIVE DIAMONDS SEVEN,0.5842,0.0036,0.4122
DIAMONDS FIVE DIAMONDS SIX,0.5894,0.0038,0.4068
DIAMONDS TWO CLUBS ACE,0.5758,0.1688,0.2554
DIAMONDS TWO CLUBS KING,0.6516,0.0042,0.3442
DIAMONDS TWO CLUBS QUEEN,0.6422,0.004,0.3538
DIAMONDS EIGHT DIAMONDS SIX,0.5888,0.0046,0.4066
DIAMONDS NINE DIAMONDS SIX,0.6868,0.0242,0.289
HEARTS KING SPADES THREE,0.6476,0.0038,0.3486
DIAMONDS SEVEN DIAMONDS SIX,0.5914,0.003,0.4056
SPADES THREE HEARTS QUEEN,0.6414,0.0056,0.353
SPADES THREE HEARTS JACK,0.6574,0.006,0.3366
SPADES THREE HEARTS TEN,0.6504,0.0048,0.3448
DIAMONDS EIGHT DIAMONDS SEVEN,0.5922,0.0028,0.405
DIAMONDS NINE DIAMONDS SEVEN,0.6584,0.0206,0.321
DIAMONDS NINE DIAMONDS EIGHT,0.6544,0.0226,0.323
DIAMONDS KING HEARTS TEN,0.5822,0.0044,0.4134
HEARTS THREE HEARTS TEN,0.6102,0.0054,0.3844
SPADES JACK CLUBS SIX,0.6332,0.0044,0.3624
DIAMONDS KING HEARTS JACK,0.589,0.0054,0.4056
HEARTS THREE HEARTS JACK,0.6176,0.0056,0.3768
SPADES TEN CLUBS SIX,0.6228,0.0032,0.374
SPADES JACK SPADES FIVE,0.5862,0.0038,0.41
SPADES TEN SPADES FIVE,0.5994,0.0034,0.3972
SPADES ACE CLUBS SIX,0.5974,0.1638,0.2388
DIAMONDS KING HEARTS QUEEN,0.5878,0.0046,0.4076
HEARTS THREE HEARTS QUEEN,0.6078,0.005,0.3872
SPADES KING CLUBS SIX,0.6264,0.0044,0.3692
DIAMONDS KING HEARTS KING,0.2804,0.0056,0.714
HEARTS THREE HEARTS KING,0.607,0.0058,0.3872
SPADES QUEEN CLUBS SIX,0.6296,0.004,0.3664
SPADES QUEEN SPADES FIVE,0.5964,0.0072,0.3964
SPADES KING SPADES FIVE,0.6044,0.004,0.3916
SPADES ACE SPADES FIVE,0.5478,0.1624,0.2898
CLUBS TEN SPADES JACK,0.5614,0.0048,0.4338
CLUBS TEN SPADES TEN,0.3028,0.0038,0.6934
SPADES ACE CLUBS TEN,0.2262,0.1168,0.657
SPADES KING CLUBS TEN,0.5772,0.004,0.4188
CLUBS TEN SPADES QUEEN,0.5666,0.0044,0.429
SPADES FIVE HEARTS QUEEN,0.6404,0.0066,0.353
SPADES FIVE HEARTS KING,0.6418,0.003,0.3552
CLUBS EIGHT SPADES TEN,0.6004,0.0024,0.3972
HEARTS THREE SPADES JACK,0.652,0.005,0.343
SPADES JACK DIAMONDS KING,0.5706,0.0044,0.425
SPADES TEN DIAMONDS KING,0.5742,0.0036,0.4222
HEARTS THREE SPADES TEN,0.6356,0.0042,0.3602
SPADES JACK CLUBS EIGHT,0.6056,0.0036,0.3908
SPADES ACE CLUBS EIGHT,0.5894,0.1728,0.2378
HEARTS FIVE CLUBS JACK,0.6272,0.0038,0.369
CLUBS TEN HEARTS FIVE,0.6436,0.0032,0.3532
CLUBS SIX HEARTS QUEEN,0.6342,0.0046,0.3612
SPADES QUEEN CLUBS EIGHT,0.6286,0.0044,0.367
CLUBS TEN SPADES THREE,0.6442,0.005,0.3508
CLUBS SIX HEARTS KING,0.6272,0.0028,0.37
SPADES KING CLUBS EIGHT,0.6498,0.0056,0.3446
SPADES THREE CLUBS JACK,0.6422,0.0036,0.3542
DIAMONDS TWO HEARTS JACK,0.6494,0.0042,0.3464
SPADES THREE CLUBS QUEEN,0.633,0.0054,0.3616
DIAMONDS TWO HEARTS TEN,0.6516,0.0056,0.3428
SPADES THREE CLUBS KING,0.6494,0.0036,0.347
HEARTS FIVE CLUBS ACE,0.5784,0.1776,0.244
SPADES FIVE HEARTS TEN,0.635,0.0076,0.3574
SPADES THREE CLUBS ACE,0.5882,0.1746,0.2372
HEARTS FIVE CLUBS KING,0.6228,0.0052,0.372
SPADES FIVE HEARTS JACK,0.6302,0.0064,0.3634
HEARTS FIVE CLUBS QUEEN,0.6328,0.0038,0.3634
HEARTS THREE CLUBS KING,0.6358,0.0034,0.3608
DIAMONDS KING CLUBS KING,0.2772,0.0016,0.7212
HEARTS THREE CLUBS QUEEN,0.6538,0.0044,0.3418
DIAMONDS KING CLUBS QUEEN,0.5862,0.0044,0.4094
HEARTS FIVE HEARTS JACK,0.6058,0.004,0.3902
HEARTS FIVE HEARTS TEN,0.6198,0.005,0.3752
HEARTS THREE CLUBS ACE,0.5802,0.1658,0.254
DIAMONDS KING CLUBS ACE,0.2458,0.0486,0.7056
SPADES ACE CLUBS QUEEN,0.2252,0.0634,0.7114
SPADES KING CLUBS QUEEN,0.572,0.0036,0.4244
HEARTS THREE CLUBS JACK,0.637,0.0038,0.3592
DIAMONDS KING CLUBS JACK,0.5796,0.0032,0.4172
SPADES QUEEN CLUBS QUEEN,0.2962,0.0028,0.701
CLUBS TEN HEARTS THREE,0.641,0.004,0.355
CLUBS TEN DIAMONDS KING,0.5952,0.0036,0.4012
SPADES JACK CLUBS QUEEN,0.5756,0.0036,0.4208
CLUBS SIX CLUBS QUEEN,0.5906,0.0038,0.4056
SPADES TEN CLUBS QUEEN,0.5628,0.004,0.4332
CLUBS SIX CLUBS KING,0.6012,0.0054,0.3934
CLUBS SIX CLUBS ACE,0.5584,0.1534,0.2882
HEARTS FIVE HEARTS KING,0.5932,0.0054,0.4014
HEARTS FIVE HEARTS QUEEN,0.604,0.0044,0.3916
CLUBS TEN CLUBS SIX,0.5936,0.003,0.4034
CLUBS SIX CLUBS JACK,0.595,0.0034,0.4016
SPADES SEVEN HEARTS JACK,0.6392,0.0058,0.355
SPADES SEVEN HEARTS TEN,0.6322,0.0036,0.3642
DIAMONDS TWO CLUBS TWO,0.4654,0.0058,0.5288
DIAMONDS TWO CLUBS THREE,0.6382,0.0038,0.358
HEARTS SIX DIAMONDS TWO,0.6766,0.0038,0.3196
DIAMONDS TWO HEARTS QUEEN,0.6476,0.0038,0.3486
DIAMONDS TWO HEARTS SEVEN,0.6904,0.0028,0.3068
DIAMONDS TWO HEARTS KING,0.6428,0.0048,0.3524
DIAMONDS TWO HEARTS EIGHT,0.6738,0.0042,0.322
DIAMONDS TWO HEARTS NINE,0.7516,0.0288,0.2196
DIAMONDS TWO DIAMONDS QUEEN,0.6018,0.0048,0.3934
DIAMONDS TWO HEARTS TWO,0.4758,0.0042,0.52
DIAMONDS TWO DIAMONDS KING,0.5896,0.0046,0.4058
HEARTS THREE DIAMONDS TWO,0.6534,0.0054,0.3412
DIAMONDS TWO DIAMONDS ACE,0.5498,0.1584,0.2918
HEARTS FOUR DIAMONDS TWO,0.6552,0.0072,0.3376
DIAMONDS TWO HEARTS FIVE,0.6514,0.0042,0.3444
DIAMONDS TWO DIAMONDS TEN,0.614,0.0024,0.3836
SPADES SEVEN HEARTS KING,0.6452,0.0052,0.3496
DIAMONDS TWO DIAMONDS JACK,0.6,0.0044,0.3956
SPADES SEVEN HEARTS QUEEN,0.6406,0.0048,0.3546
DIAMONDS TWO SPADES EIGHT,0.6784,0.0028,0.3188
DIAMONDS TWO SPADES SEVEN,0.6728,0.0058,0.3214
DIAMONDS TWO SPADES SIX,0.6668,0.0044,0.3288
DIAMONDS TWO SPADES FIVE,0.6536,0.0054,0.341
DIAMONDS TWO SPADES FOUR,0.6498,0.006,0.3442
DIAMONDS TWO SPADES THREE,0.6388,0.0066,0.3546
DIAMONDS TWO SPADES TWO,0.4788,0.0046,0.5166
CLUBS NINE DIAMONDS TWO,0.7484,0.0278,0.2238
DIAMONDS TWO CLUBS EIGHT,0.6622,0.0026,0.3352
CLUBS SEVEN DIAMONDS TWO,0.6702,0.0044,0.3254
DIAMONDS TWO CLUBS SIX,0.6652,0.0032,0.3316
DIAMONDS TWO CLUBS FIVE,0.6502,0.0048,0.345
DIAMONDS TWO CLUBS FOUR,0.6404,0.006,0.3536
CLUBS FOUR SPADES FIVE,0.6194,0.0058,0.3748
CLUBS FOUR SPADES FOUR,0.453,0.0038,0.5432
CLUBS FOUR SPADES THREE,0.6446,0.0042,0.3512
CLUBS FOUR SPADES TWO,0.6528,0.0044,0.3428
SPADES EIGHT CLUBS FOUR,0.668,0.0038,0.3282
SPADES SEVEN CLUBS FOUR,0.6516,0.0052,0.3432
SPADES SIX CLUBS FOUR,0.637,0.0042,0.3588
SPADES ACE DIAMONDS SIX,0.6038,0.1622,0.234
SPADES QUEEN DIAMONDS SIX,0.624,0.0052,0.3708
SPADES KING DIAMONDS SIX,0.6398,0.005,0.3552
SPADES TEN DIAMONDS SIX,0.634,0.0034,0.3626
SPADES JACK DIAMONDS SIX,0.638,0.003,0.359
SPADES QUEEN SPADES TWO,0.5978,0.0026,0.3996
SPADES KING SPADES TWO,0.608,0.0046,0.3874
SPADES ACE SPADES TWO,0.56,0.1622,0.2778
DIAMONDS JACK CLUBS JACK,0.2984,0.004,0.6976
CLUBS TEN DIAMONDS JACK,0.5726,0.002,0.4254
DIAMONDS JACK CLUBS KING,0.5766,0.0034,0.42
DIAMONDS JACK CLUBS QUEEN,0.5716,0.0042,0.4242
DIAMONDS THREE DIAMONDS JACK,0.6052,0.0048,0.39
DIAMONDS THREE DIAMONDS TEN,0.607,0.0036,0.3894
DIAMONDS JACK CLUBS ACE,0.2282,0.0896,0.6822
DIAMONDS THREE DIAMONDS KING,0.5894,0.0046,0.406
HEARTS THREE DIAMONDS THREE,0.4664,0.004,0.5296
DIAMONDS THREE DIAMONDS QUEEN,0.5966,0.0044,0.399
DIAMONDS THREE HEARTS TWO,0.6506,0.005,0.3444
HEARTS FIVE DIAMONDS THREE,0.6206,0.0052,0.3742
DIAMONDS THREE DIAMONDS ACE,0.546,0.1668,0.2872
HEARTS FOUR DIAMONDS THREE,0.6478,0.0048,0.3474
DIAMONDS THREE HEARTS SEVEN,0.6626,0.0042,0.3332
HEARTS SIX DIAMONDS THREE,0.6478,0.0046,0.3476
DIAMONDS THREE HEARTS NINE,0.7566,0.0282,0.2152
HEARTS JACK DIAMONDS FOUR,0.6366,0.0054,0.358
SPADES TEN SPADES TWO,0.6048,0.006,0.3892
DIAMONDS THREE HEARTS EIGHT,0.6892,0.0054,0.3054
HEARTS TEN DIAMONDS FOUR,0.6424,0.0044,0.3532
SPADES JACK SPADES TWO,0.601,0.005,0.394
HEARTS QUEEN DIAMONDS FOUR,0.642,0.005,0.353
HEARTS KING DIAMONDS FOUR,0.6404,0.005,0.3546
DIAMONDS THREE SPADES EIGHT,0.6722,0.006,0.3218
DIAMONDS THREE SPADES SEVEN,0.6658,0.0044,0.3298
DIAMONDS THREE SPADES SIX,0.6764,0.0056,0.318
DIAMONDS THREE CLUBS SIX,0.6424,0.0054,0.3522
CLUBS FIVE CLUBS SIX,0.584,0.0044,0.4116
CLUBS ACE DIAMONDS FOUR,0.5758,0.1856,0.2386
CLUBS SEVEN DIAMONDS THREE,0.669,0.0032,0.3278
CLUBS SEVEN CLUBS FIVE,0.5848,0.0042,0.411
DIAMONDS THREE CLUBS FOUR,0.6252,0.004,0.3708
DIAMONDS FOUR CLUBS QUEEN,0.643,0.0034,0.3536
DIAMONDS THREE CLUBS FIVE,0.6326,0.0046,0.3628
CLUBS KING DIAMONDS FOUR,0.6342,0.003,0.3628
DIAMONDS THREE CLUBS TWO,0.643,0.0046,0.3524
CLUBS TEN DIAMONDS FOUR,0.6428,0.0036,0.3536
DIAMONDS THREE CLUBS THREE,0.468,0.0044,0.5276
DIAMONDS FOUR CLUBS JACK,0.6348,0.0034,0.3618
DIAMONDS THREE SPADES FOUR,0.648,0.0038,0.3482
DIAMONDS THREE SPADES FIVE,0.638,0.0036,0.3584
DIAMONDS THREE SPADES TWO,0.6606,0.0054,0.334
DIAMONDS THREE SPADES THREE,0.4568,0.0046,0.5386
CLUBS EIGHT DIAMONDS THREE,0.6834,0.0028,0.3138
CLUBS NINE DIAMONDS THREE,0.7448,0.0262,0.229
SPADES SEVEN CLUBS ACE,0.5926,0.1752,0.2322
SPADES SEVEN CLUBS QUEEN,0.6518,0.0036,0.3446
SPADES SEVEN CLUBS KING,0.6374,0.0036,0.359
CLUBS FIVE SPADES SEVEN,0.6362,0.0046,0.3592
CLUBS TEN SPADES SEVEN,0.6254,0.0046,0.37
CLUBS FIVE SPADES SIX,0.6264,0.0036,0.37
SPADES SEVEN CLUBS JACK,0.6384,0.0042,0.3574
CLUBS FIVE SPADES EIGHT,0.643,0.0036,0.3534
CLUBS FIVE SPADES THREE,0.6208,0.0042,0.375
CLUBS FIVE SPADES TWO,0.6424,0.0064,0.3512
CLUBS FIVE SPADES FIVE,0.4594,0.0036,0.537
CLUBS FIVE SPADES FOUR,0.634,0.0052,0.3608
CLUBS NINE CLUBS FIVE,0.6856,0.0226,0.2918
CLUBS EIGHT CLUBS FIVE,0.5916,0.0036,0.4048
CLUBS ACE CLUBS QUEEN,0.217,0.0606,0.7224
CLUBS KING CLUBS QUEEN,0.552,0.006,0.442
DIAMONDS TEN DIAMONDS FOUR,0.595,0.004,0.401
CLUBS TEN DIAMONDS NINE,0.6928,0.016,0.2912
DIAMONDS JACK DIAMONDS FOUR,0.597,0.004,0.399
DIAMONDS NINE CLUBS JACK,0.6992,0.0164,0.2844
DIAMONDS ACE DIAMONDS FOUR,0.5452,0.1594,0.2954
HEARTS FOUR DIAMONDS FOUR,0.4682,0.0054,0.5264
DIAMONDS JACK HEARTS TEN,0.5728,0.005,0.4222
DIAMONDS TWO SPADES TEN,0.6442,0.0038,0.352
DIAMONDS NINE CLUBS ACE,0.0228,0.9548,0.0224
HEARTS FIVE DIAMONDS FOUR,0.6314,0.005,0.3636
HEARTS JACK DIAMONDS JACK,0.3216,0.004,0.6744
DIAMONDS TWO SPADES JACK,0.6464,0.0046,0.349
DIAMONDS QUEEN DIAMONDS FOUR,0.5932,0.006,0.4008
HEARTS TWO DIAMONDS FOUR,0.6418,0.005,0.3532
DIAMONDS NINE CLUBS QUEEN,0.7108,0.0182,0.271
DIAMONDS KING DIAMONDS FOUR,0.5974,0.0058,0.3968
HEARTS THREE DIAMONDS FOUR,0.635,0.0074,0.3576
DIAMONDS NINE CLUBS KING,0.7184,0.0226,0.259
SPADES ACE DIAMONDS TWO,0.5704,0.1828,0.2468
DIAMONDS JACK HEARTS QUEEN,0.5726,0.003,0.4244
SPADES QUEEN DIAMONDS TWO,0.6314,0.0056,0.363
HEARTS KING DIAMONDS JACK,0.5804,0.0052,0.4144
SPADES KING DIAMONDS TWO,0.6338,0.0048,0.3614
SPADES JACK SPADES SEVEN,0.5952,0.005,0.3998
SPADES TEN SPADES SEVEN,0.5812,0.0048,0.414
CLUBS SEVEN CLUBS THREE,0.6246,0.0044,0.371
CLUBS SIX CLUBS THREE,0.6074,0.0044,0.3882
CLUBS FIVE CLUBS THREE,0.5902,0.0042,0.4056
CLUBS THREE CLUBS FOUR,0.5942,0.005,0.4008
CLUBS NINE CLUBS THREE,0.6952,0.0226,0.2822
CLUBS EIGHT CLUBS THREE,0.6282,0.0048,0.367
CLUBS THREE SPADES FIVE,0.6346,0.0036,0.3618
CLUBS THREE SPADES FOUR,0.6318,0.0054,0.3628
CLUBS THREE SPADES THREE,0.4732,0.0058,0.521
CLUBS THREE SPADES TWO,0.6568,0.0048,0.3384
CLUBS THREE SPADES SIX,0.6476,0.0034,0.349
SPADES SEVEN CLUBS THREE,0.6558,0.0048,0.3394
SPADES EIGHT CLUBS THREE,0.6848,0.0042,0.311
SPADES TWO DIAMONDS FOUR,0.6606,0.0068,0.3326
SPADES THREE DIAMONDS FOUR,0.652,0.0044,0.3436
SPADES FOUR DIAMONDS FOUR,0.4718,0.006,0.5222
SPADES FIVE DIAMONDS FOUR,0.6222,0.0048,0.373
SPADES SIX DIAMONDS FOUR,0.6418,0.0036,0.3546
SPADES SEVEN DIAMONDS FOUR,0.6478,0.0044,0.3478
SPADES EIGHT DIAMONDS FOUR,0.6556,0.004,0.3404
CLUBS FIVE DIAMONDS FOUR,0.6126,0.0044,0.383
CLUBS FOUR DIAMONDS FOUR,0.4558,0.0064,0.5378
CLUBS SEVEN DIAMONDS FOUR,0.641,0.003,0.356
CLUBS SIX DIAMONDS FOUR,0.624,0.0028,0.3732
CLUBS NINE DIAMONDS FOUR,0.7448,0.0232,0.232
CLUBS EIGHT DIAMONDS FOUR,0.6504,0.0042,0.3454
DIAMONDS FOUR HEARTS SEVEN,0.66,0.0046,0.3354
HEARTS SIX DIAMONDS FOUR,0.6442,0.0038,0.352
HEARTS NINE DIAMONDS FOUR,0.753,0.028,0.219
DIAMONDS FOUR HEARTS EIGHT,0.6778,0.0058,0.3164
CLUBS THREE DIAMONDS FOUR,0.627,0.0032,0.3698
CLUBS TWO DIAMONDS FOUR,0.6478,0.0058,0.3464
DIAMONDS TEN DIAMONDS FIVE,0.6022,0.0042,0.3936
DIAMONDS JACK DIAMONDS FIVE,0.6002,0.0036,0.3962
DIAMONDS NINE HEARTS QUEEN,0.7158,0.021,0.2632
HEARTS KING DIAMONDS NINE,0.717,0.021,0.262
DIAMONDS NINE HEARTS TEN,0.6888,0.018,0.2932
DIAMONDS NINE HEARTS JACK,0.7056,0.0186,0.2758
CLUBS KING DIAMONDS SIX,0.6286,0.0022,0.3692
CLUBS QUEEN DIAMONDS SIX,0.6308,0.003,0.3662
CLUBS ACE DIAMONDS SIX,0.59,0.1606,0.2494
SPADES KING DIAMONDS FOUR,0.631,0.0042,0.3648
SPADES ACE SPADES SEVEN,0.5682,0.1598,0.272
SPADES QUEEN DIAMONDS FOUR,0.6276,0.0054,0.367
SPADES QUEEN SPADES SEVEN,0.6092,0.0036,0.3872
CLUBS JACK DIAMONDS SIX,0.6378,0.0028,0.3594
SPADES KING SPADES SEVEN,0.5928,0.0042,0.403
SPADES ACE DIAMONDS FOUR,0.5726,0.1638,0.2636
CLUBS TEN DIAMONDS SIX,0.6386,0.002,0.3594
CLUBS NINE CLUBS FOUR,0.704,0.0256,0.2704
CLUBS EIGHT CLUBS FOUR,0.624,0.0042,0.3718
SPADES JACK DIAMONDS FOUR,0.6468,0.005,0.3482
SPADES TEN DIAMONDS FOUR,0.6328,0.0048,0.3624
CLUBS FIVE CLUBS FOUR,0.581,0.005,0.414
CLUBS SEVEN CLUBS FOUR,0.6016,0.0032,0.3952
CLUBS SIX CLUBS FOUR,0.6198,0.0042,0.376
CLUBS SEVEN SPADES EIGHT,0.6316,0.004,0.3644
CLUBS SEVEN SPADES SIX,0.635,0.004,0.361
CLUBS SEVEN SPADES SEVEN,0.456,0.0036,0.5404
CLUBS SEVEN SPADES FIVE,0.6378,0.0042,0.358
CLUBS SEVEN SPADES FOUR,0.6496,0.004,0.3464
CLUBS SEVEN SPADES THREE,0.6596,0.0034,0.337
CLUBS SEVEN SPADES TWO,0.6908,0.0042,0.305
CLUBS NINE CLUBS SEVEN,0.6686,0.0208,0.3106
CLUBS SEVEN CLUBS EIGHT,0.5812,0.003,0.4158
HEARTS SIX DIAMONDS FIVE,0.6266,0.0054,0.368
DIAMONDS FIVE HEARTS SEVEN,0.6194,0.0028,0.3778
DIAMONDS FIVE HEARTS EIGHT,0.6466,0.0056,0.3478
HEARTS NINE DIAMONDS FIVE,0.7406,0.0296,0.2298
DIAMONDS QUEEN DIAMONDS FIVE,0.5916,0.0046,0.4038
HEARTS TWO DIAMONDS FIVE,0.641,0.004,0.355
HEARTS KING HEARTS EIGHT,0.6,0.0052,0.3948
DIAMONDS KING DIAMONDS FIVE,0.595,0.0046,0.4004
HEARTS THREE DIAMONDS FIVE,0.6314,0.005,0.3636
HEARTS QUEEN HEARTS EIGHT,0.6,0.0032,0.3968
DIAMONDS ACE DIAMONDS FIVE,0.5424,0.1648,0.2928
HEARTS FOUR DIAMONDS FIVE,0.6256,0.003,0.3714
HEARTS FIVE DIAMONDS FIVE,0.4766,0.0042,0.5192
CLUBS FOUR DIAMONDS FIVE,0.6132,0.0032,0.3836
CLUBS FIVE DIAMONDS FIVE,0.4522,0.004,0.5438
CLUBS SIX DIAMONDS FIVE,0.6174,0.0034,0.3792
CLUBS SEVEN DIAMONDS FIVE,0.6214,0.0026,0.376
CLUBS TWO DIAMONDS FIVE,0.6446,0.0034,0.352
CLUBS THREE DIAMONDS FIVE,0.6174,0.0054,0.3772
SPADES THREE DIAMONDS FIVE,0.6332,0.0042,0.3626
SPADES TWO DIAMONDS FIVE,0.6612,0.004,0.3348
SPADES JACK DIAMONDS EIGHT,0.6188,0.0038,0.3774
SPADES FIVE DIAMONDS FIVE,0.468,0.0044,0.5276
CLUBS TEN HEARTS JACK,0.5632,0.005,0.4318
SPADES TEN DIAMONDS EIGHT,0.6038,0.0042,0.392
SPADES FOUR DIAMONDS FIVE,0.6236,0.0062,0.3702
HEARTS JACK CLUBS JACK,0.301,0.0022,0.6968
HEARTS JACK CLUBS QUEEN,0.5692,0.0046,0.4262
CLUBS NINE DIAMONDS FIVE,0.7308,0.0244,0.2448
HEARTS JACK CLUBS KING,0.5796,0.004,0.4164
CLUBS EIGHT DIAMONDS FIVE,0.647,0.0034,0.3496
HEARTS JACK CLUBS ACE,0.2342,0.0874,0.6784
SPADES SEVEN DIAMONDS FIVE,0.6386,0.0046,0.3568
SPADES KING DIAMONDS EIGHT,0.6254,0.0034,0.3712
SPADES SIX DIAMONDS FIVE,0.6226,0.0038,0.3736
SPADES QUEEN DIAMONDS EIGHT,0.6212,0.0036,0.3752
SPADES EIGHT DIAMONDS FIVE,0.6568,0.0036,0.3396
SPADES ACE DIAMONDS EIGHT,0.5868,0.177,0.2362
DIAMONDS TEN DIAMONDS SIX,0.5886,0.0028,0.4086
DIAMONDS JACK DIAMONDS SIX,0.6046,0.0044,0.391
HEARTS QUEEN DIAMONDS SEVEN,0.638,0.0042,0.3578
HEARTS KING DIAMONDS SEVEN,0.6462,0.0046,0.3492
DIAMONDS ACE DIAMONDS SIX,0.563,0.1562,0.2808
HEARTS FOUR DIAMONDS SIX,0.6376,0.0048,0.3576
HEARTS JACK SPADES TWO,0.6576,0.0044,0.338
HEARTS FIVE DIAMONDS SIX,0.633,0.004,0.363
SPADES TWO HEARTS TEN,0.6512,0.0054,0.3434
DIAMONDS QUEEN DIAMONDS SIX,0.5944,0.0042,0.4014
HEARTS TWO DIAMONDS SIX,0.6638,0.0034,0.3328
DIAMONDS KING DIAMONDS SIX,0.5964,0.0044,0.3992
HEARTS THREE DIAMONDS SIX,0.6528,0.0036,0.3436
HEARTS EIGHT DIAMONDS SIX,0.6388,0.0038,0.3574
HEARTS NINE DIAMONDS SIX,0.725,0.0214,0.2536
HEARTS SIX DIAMONDS SIX,0.4598,0.0046,0.5356
HEARTS SEVEN DIAMONDS SIX,0.6412,0.0042,0.3546
HEARTS TEN DIAMONDS SEVEN,0.618,0.0028,0.3792
CLUBS TWO DIAMONDS SIX,0.6588,0.0036,0.3376
HEARTS JACK DIAMONDS SEVEN,0.623,0.0056,0.3714
CLUBS THREE DIAMONDS SIX,0.6534,0.0042,0.3424
CLUBS SEVEN DIAMONDS SIX,0.6202,0.0032,0.3766
DIAMONDS EIGHT CLUBS JACK,0.6106,0.003,0.3864
CLUBS SIX DIAMONDS SIX,0.4434,0.003,0.5536
CLUBS TEN DIAMONDS EIGHT,0.6096,0.0038,0.3866
CLUBS FIVE DIAMONDS SIX,0.6192,0.0038,0.377
CLUBS FOUR DIAMONDS SIX,0.6356,0.0048,0.3596
DIAMONDS EIGHT CLUBS ACE,0.5908,0.178,0.2312
HEARTS JACK HEARTS QUEEN,0.5522,0.0044,0.4434
DIAMONDS EIGHT CLUBS KING,0.6424,0.0026,0.355
CLUBS NINE DIAMONDS SIX,0.73,0.0208,0.2492
HEARTS KING HEARTS JACK,0.5544,0.0056,0.44
DIAMONDS EIGHT CLUBS QUEEN,0.6212,0.0044,0.3744
CLUBS EIGHT DIAMONDS SIX,0.6366,0.002,0.3614
SPADES TEN HEARTS KING,0.583,0.0056,0.4114
SPADES FIVE DIAMONDS SIX,0.6188,0.0042,0.377
SPADES JACK HEARTS KING,0.5886,0.006,0.4054
SPADES FOUR DIAMONDS SIX,0.6552,0.003,0.3418
SPADES THREE DIAMONDS SIX,0.657,0.0048,0.3382
SPADES TWO HEARTS QUEEN,0.6506,0.005,0.3444
SPADES ACE SPADES KING,0.2236,0.0464,0.73
HEARTS KING SPADES TWO,0.6558,0.0052,0.339
SPADES TWO DIAMONDS SIX,0.6636,0.0022,0.3342
HEARTS TEN HEARTS EIGHT,0.577,0.004,0.419
HEARTS JACK HEARTS EIGHT,0.592,0.0054,0.4026
SPADES EIGHT DIAMONDS SIX,0.643,0.0028,0.3542
SPADES SEVEN DIAMONDS SIX,0.6324,0.0044,0.3632
SPADES SIX DIAMONDS SIX,0.4618,0.0036,0.5346
SPADES KING HEARTS KING,0.2846,0.0036,0.7118
SPADES QUEEN HEARTS KING,0.5806,0.006,0.4134
CLUBS ACE CLUBS KING,0.238,0.0492,0.7128
SPADES ACE HEARTS KING,0.238,0.0472,0.7148
SPADES ACE HEARTS JACK,0.221,0.0902,0.6888
SPADES QUEEN HEARTS JACK,0.5688,0.005,0.4262
SPADES KING HEARTS JACK,0.573,0.004,0.423
SPADES TEN DIAMONDS TEN,0.3018,0.0046,0.6936
SPADES JACK DIAMONDS TEN,0.5614,0.0042,0.4344
SPADES ACE DIAMONDS TEN,0.2358,0.115,0.6492
SPADES JACK HEARTS JACK,0.2934,0.0056,0.701
SPADES TEN HEARTS JACK,0.5596,0.006,0.4344
SPADES QUEEN DIAMONDS TEN,0.5666,0.003,0.4304
SPADES KING DIAMONDS TEN,0.5862,0.0038,0.41
SPADES EIGHT DIAMONDS SEVEN,0.6218,0.0056,0.3726
SPADES SEVEN DIAMONDS SEVEN,0.455,0.0042,0.5408
SPADES SIX DIAMONDS SEVEN,0.6342,0.0048,0.361
DIAMONDS KING DIAMONDS SEVEN,0.5834,0.0058,0.4108
HEARTS THREE DIAMONDS SEVEN,0.675,0.006,0.319
HEARTS KING DIAMONDS FIVE,0.6312,0.0048,0.364
DIAMONDS QUEEN DIAMONDS SEVEN,0.5958,0.002,0.4022
HEARTS TWO DIAMONDS SEVEN,0.6794,0.0046,0.316
HEARTS QUEEN DIAMONDS FIVE,0.6308,0.0044,0.3648
HEARTS FIVE DIAMONDS SEVEN,0.629,0.004,0.367
DIAMONDS ACE DIAMONDS SEVEN,0.5518,0.1562,0.292
HEARTS FOUR DIAMONDS SEVEN,0.6424,0.0042,0.3534
HEARTS SEVEN DIAMONDS SEVEN,0.4636,0.0022,0.5342
HEARTS SIX DIAMONDS SEVEN,0.6318,0.0048,0.3634
HEARTS NINE DIAMONDS SEVEN,0.7106,0.0236,0.2658
DIAMONDS SEVEN HEARTS EIGHT,0.6184,0.0028,0.3788
DIAMONDS JACK DIAMONDS SEVEN,0.5878,0.004,0.4082
HEARTS JACK DIAMONDS FIVE,0.6406,0.0052,0.3542
DIAMONDS TEN DIAMONDS SEVEN,0.58,0.0064,0.4136
DIAMONDS FIVE HEARTS TEN,0.6334,0.004,0.3626
SPADES KING CLUBS TWO,0.6298,0.0062,0.364
HEARTS KING CLUBS KING,0.2888,0.0032,0.708
CLUBS EIGHT DIAMONDS SEVEN,0.6188,0.003,0.3782
SPADES QUEEN CLUBS TWO,0.6332,0.0052,0.3616
HEARTS KING CLUBS QUEEN,0.5938,0.004,0.4022
CLUBS NINE DIAMONDS SEVEN,0.7034,0.0216,0.275
SPADES TWO CLUBS JACK,0.6474,0.0048,0.3478
SPADES ACE CLUBS TWO,0.5866,0.1648,0.2486
CLUBS TEN SPADES TWO,0.6548,0.0054,0.3398
HEARTS KING CLUBS ACE,0.2448,0.0482,0.707
CLUBS SEVEN CLUBS SIX,0.5806,0.0042,0.4152
SPADES TWO CLUBS KING,0.6368,0.0058,0.3574
SPADES TWO DIAMONDS SEVEN,0.6922,0.0052,0.3026
CLUBS EIGHT CLUBS SIX,0.6024,0.0046,0.393
SPADES THREE DIAMONDS SEVEN,0.6666,0.0032,0.3302
SPADES TWO CLUBS QUEEN,0.6442,0.0044,0.3514
CLUBS NINE CLUBS SIX,0.668,0.0244,0.3076
SPADES FOUR DIAMONDS SEVEN,0.6468,0.0038,0.3494
HEARTS KING CLUBS JACK,0.585,0.0036,0.4114
SPADES FIVE DIAMONDS SEVEN,0.6282,0.0018,0.37
SPADES TWO CLUBS ACE,0.5894,0.172,0.2386
CLUBS TEN HEARTS KING,0.5752,0.0042,0.4206
CLUBS SIX SPADES TWO,0.6616,0.0036,0.3348
CLUBS SIX SPADES THREE,0.6582,0.004,0.3378
CLUBS TWO DIAMONDS SEVEN,0.6722,0.003,0.3248
CLUBS SIX SPADES FOUR,0.6392,0.0054,0.3554
CLUBS THREE DIAMONDS SEVEN,0.6582,0.0028,0.339
CLUBS SIX SPADES FIVE,0.6312,0.0048,0.364
CLUBS FOUR DIAMONDS SEVEN,0.646,0.0042,0.3498
CLUBS SIX SPADES SIX,0.4572,0.004,0.5388
CLUBS FIVE DIAMONDS SEVEN,0.6344,0.0028,0.3628
CLUBS SIX SPADES SEVEN,0.638,0.0036,0.3584
CLUBS SIX DIAMONDS SEVEN,0.6226,0.0042,0.3732
SPADES EIGHT CLUBS SIX,0.6354,0.0044,0.3602
SPADES JACK CLUBS TWO,0.6318,0.0058,0.3624
CLUBS SEVEN DIAMONDS SEVEN,0.447,0.0034,0.5496
SPADES TEN CLUBS TWO,0.6346,0.0058,0.3596
CLUBS TWO CLUBS QUEEN,0.5996,0.003,0.3974
CLUBS TWO CLUBS KING,0.6064,0.0042,0.3894
CLUBS THREE DIAMONDS EIGHT,0.6734,0.003,0.3236
CLUBS TWO CLUBS ACE,0.5456,0.1628,0.2916
CLUBS TWO DIAMONDS EIGHT,0.6722,0.004,0.3238
DIAMONDS EIGHT HEARTS SEVEN,0.6182,0.0048,0.377
HEARTS SIX DIAMONDS EIGHT,0.6426,0.0034,0.354
DIAMONDS EIGHT HEARTS NINE,0.6942,0.0214,0.2844
CLUBS TEN CLUBS TWO,0.5984,0.0044,0.3972
DIAMONDS EIGHT HEARTS EIGHT,0.4598,0.0044,0.5358
CLUBS TWO CLUBS JACK,0.6112,0.0054,0.3834
CLUBS NINE DIAMONDS EIGHT,0.6956,0.0216,0.2828
CLUBS EIGHT DIAMONDS EIGHT,0.4452,0.0028,0.552
CLUBS FIVE DIAMONDS EIGHT,0.6484,0.003,0.3486
SPADES ACE SPADES THREE,0.5432,0.174,0.2828
CLUBS FOUR DIAMONDS EIGHT,0.665,0.0038,0.3312
CLUBS SEVEN DIAMONDS EIGHT,0.612,0.004,0.384
SPADES QUEEN SPADES THREE,0.622,0.0052,0.3728
CLUBS SIX DIAMONDS EIGHT,0.6408,0.0038,0.3554
SPADES KING SPADES THREE,0.6084,0.0052,0.3864
DIAMONDS QUEEN DIAMONDS EIGHT,0.6,0.0032,0.3968
HEARTS TWO DIAMONDS EIGHT,0.672,0.0044,0.3236
DIAMONDS KING DIAMONDS EIGHT,0.5932,0.0036,0.4032
HEARTS THREE DIAMONDS EIGHT,0.672,0.0048,0.3232
DIAMONDS ACE DIAMONDS EIGHT,0.548,0.168,0.284
HEARTS FOUR DIAMONDS EIGHT,0.6766,0.0056,0.3178
HEARTS FIVE DIAMONDS EIGHT,0.653,0.0034,0.3436
DIAMONDS EIGHT DIAMONDS TEN,0.5742,0.0032,0.4226
DIAMONDS EIGHT DIAMONDS JACK,0.5768,0.0046,0.4186
SPADES JACK SPADES THREE,0.5856,0.0068,0.4076
SPADES TEN SPADES THREE,0.6108,0.0062,0.383
CLUBS FOUR HEARTS QUEEN,0.6546,0.0038,0.3416
CLUBS FOUR HEARTS KING,0.6368,0.0054,0.3578
CLUBS SIX HEARTS TEN,0.6274,0.004,0.3686
CLUBS SIX HEARTS JACK,0.648,0.0032,0.3488
SPADES FOUR DIAMONDS EIGHT,0.662,0.003,0.335
SPADES FIVE DIAMONDS EIGHT,0.6554,0.0034,0.3412
DIAMONDS EIGHT SPADES TWO,0.674,0.005,0.321
DIAMONDS EIGHT SPADES THREE,0.6754,0.0026,0.322
CLUBS FOUR HEARTS JACK,0.6378,0.0042,0.358
SPADES EIGHT DIAMONDS EIGHT,0.4434,0.0048,0.5518
SPADES TEN DIAMONDS QUEEN,0.5698,0.0044,0.4258
SPADES TEN HEARTS TWO,0.634,0.004,0.362
SPADES JACK HEARTS EIGHT,0.612,0.0058,0.3822
CLUBS FOUR HEARTS TEN,0.6548,0.0038,0.3414
SPADES TEN HEARTS EIGHT,0.6068,0.0066,0.3866
SPADES JACK HEARTS TWO,0.6388,0.0036,0.3576
SPADES JACK DIAMONDS QUEEN,0.5688,0.0044,0.4268
SPADES SIX DIAMONDS EIGHT,0.647,0.0036,0.3494
SPADES SEVEN DIAMONDS EIGHT,0.6386,0.0046,0.3568
SPADES ACE HEARTS TWO,0.5936,0.1686,0.2378
SPADES ACE DIAMONDS QUEEN,0.234,0.077,0.689
SPADES ACE HEARTS EIGHT,0.5946,0.1812,0.2242
SPADES KING HEARTS EIGHT,0.645,0.0052,0.3498
SPADES QUEEN HEARTS TWO,0.6336,0.0062,0.3602
SPADES QUEEN DIAMONDS QUEEN,0.2828,0.0044,0.7128
SPADES KING DIAMONDS QUEEN,0.5684,0.0046,0.427
SPADES KING HEARTS TWO,0.645,0.005,0.35
SPADES QUEEN HEARTS EIGHT,0.6264,0.0044,0.3692
CLUBS TWO HEARTS TEN,0.6418,0.0048,0.3534
CLUBS TWO HEARTS JACK,0.6528,0.0032,0.344
SPADES SEVEN DIAMONDS NINE,0.6994,0.0252,0.2754
SPADES SIX DIAMONDS NINE,0.7262,0.0244,0.2494
SPADES EIGHT DIAMONDS NINE,0.6962,0.0194,0.2844
SPADES TEN CLUBS KING,0.5752,0.004,0.4208
DIAMONDS NINE SPADES THREE,0.7484,0.0248,0.2268
SPADES JACK CLUBS KING,0.5742,0.0052,0.4206
DIAMONDS NINE SPADES TWO,0.7522,0.0288,0.219
SPADES FIVE DIAMONDS NINE,0.7304,0.0272,0.2424
DIAMONDS NINE SPADES FOUR,0.7578,0.0254,0.2168
CLUBS NINE DIAMONDS NINE,0.3018,0.021,0.6772
CLUBS EIGHT DIAMONDS NINE,0.6962,0.0168,0.287
CLUBS SIX DIAMONDS NINE,0.7266,0.0242,0.2492
SPADES JACK CLUBS FOUR,0.6292,0.0036,0.3672
CLUBS SEVEN DIAMONDS NINE,0.7012,0.022,0.2768
SPADES TEN CLUBS FOUR,0.628,0.0058,0.3662
CLUBS FOUR DIAMONDS NINE,0.7492,0.0246,0.2262
CLUBS FIVE DIAMONDS NINE,0.7266,0.0252,0.2482
DIAMONDS NINE CLUBS TWO,0.7552,0.0234,0.2214
CLUBS THREE DIAMONDS NINE,0.752,0.023,0.225
DIAMONDS NINE HEARTS EIGHT,0.69,0.0196,0.2904
DIAMONDS NINE HEARTS NINE,0.3116,0.0226,0.6658
HEARTS SIX DIAMONDS NINE,0.7256,0.024,0.2504
DIAMONDS NINE HEARTS SEVEN,0.7094,0.0222,0.2684
CLUBS NINE CLUBS EIGHT,0.6686,0.0176,0.3138
DIAMONDS ACE DIAMONDS NINE,0.022,0.91,0.068
HEARTS FOUR DIAMONDS NINE,0.749,0.0246,0.2264
HEARTS FIVE DIAMONDS NINE,0.7378,0.0214,0.2408
SPADES ACE CLUBS FOUR,0.5808,0.1682,0.251
DIAMONDS QUEEN DIAMONDS NINE,0.678,0.0186,0.3034
HEARTS TWO DIAMONDS NINE,0.7536,0.0276,0.2188
HEARTS KING CLUBS TWO,0.6462,0.0046,0.3492
SPADES KING CLUBS FOUR,0.6294,0.005,0.3656
DIAMONDS KING DIAMONDS NINE,0.6874,0.0218,0.2908
HEARTS THREE DIAMONDS NINE,0.747,0.0236,0.2294
CLUBS TWO HEARTS QUEEN,0.651,0.005,0.344
SPADES QUEEN CLUBS FOUR,0.634,0.005,0.361
DIAMONDS NINE DIAMONDS JACK,0.6682,0.0186,0.3132
DIAMONDS NINE DIAMONDS TEN,0.6478,0.0166,0.3356
CLUBS EIGHT SPADES EIGHT,0.4448,0.0032,0.552
CLUBS EIGHT SPADES SEVEN,0.6198,0.0034,0.3768
CLUBS EIGHT SPADES SIX,0.6312,0.0046,0.3642
CLUBS EIGHT SPADES FIVE,0.646,0.0034,0.3506
CLUBS EIGHT SPADES FOUR,0.66,0.003,0.337
CLUBS EIGHT SPADES THREE,0.684,0.0038,0.3122
CLUBS EIGHT SPADES TWO,0.6756,0.0038,0.3206
HEARTS SIX DIAMONDS TEN,0.6384,0.0034,0.3582
DIAMONDS TEN HEARTS SEVEN,0.613,0.0028,0.3842
DIAMONDS TEN HEARTS EIGHT,0.6164,0.0044,0.3792
CLUBS FOUR CLUBS JACK,0.6106,0.004,0.3854
DIAMONDS TEN HEARTS NINE,0.6954,0.0194,0.2852
CLUBS TEN CLUBS FOUR,0.5972,0.004,0.3988
CLUBS FOUR CLUBS KING,0.591,0.0034,0.4056
CLUBS FOUR CLUBS QUEEN,0.587,0.005,0.408
CLUBS TWO DIAMONDS TEN,0.6408,0.003,0.3562
CLUBS THREE DIAMONDS TEN,0.634,0.0028,0.3632
CLUBS FOUR CLUBS ACE,0.5296,0.1626,0.3078
DIAMONDS JACK DIAMONDS TEN,0.546,0.0034,0.4506
DIAMONDS QUEEN DIAMONDS TEN,0.5244,0.0036,0.472
HEARTS TWO DIAMONDS TEN,0.6422,0.0054,0.3524
DIAMONDS KING DIAMONDS TEN,0.5394,0.0042,0.4564
HEARTS THREE DIAMONDS TEN,0.6358,0.0036,0.3606
DIAMONDS ACE DIAMONDS TEN,0.213,0.119,0.668
HEARTS FOUR DIAMONDS TEN,0.6412,0.0048,0.354
CLUBS EIGHT HEARTS JACK,0.615,0.0044,0.3806
HEARTS FIVE DIAMONDS TEN,0.6408,0.0032,0.356
CLUBS EIGHT HEARTS TEN,0.611,0.002,0.387
CLUBS EIGHT HEARTS QUEEN,0.6338,0.0032,0.363
CLUBS EIGHT HEARTS KING,0.6446,0.0024,0.353
CLUBS NINE SPADES THREE,0.741,0.0286,0.2304
CLUBS NINE SPADES TWO,0.7602,0.0286,0.2112
CLUBS NINE SPADES FIVE,0.7288,0.0208,0.2504
CLUBS NINE SPADES FOUR,0.7598,0.0258,0.2144
CLUBS NINE SPADES SEVEN,0.7144,0.0182,0.2674
CLUBS NINE SPADES SIX,0.7226,0.0236,0.2538
CLUBS TEN HEARTS EIGHT,0.6156,0.0042,0.3802
CLUBS NINE SPADES EIGHT,0.69,0.0238,0.2862
CLUBS JACK HEARTS EIGHT,0.6104,0.0032,0.3864
CLUBS QUEEN HEARTS EIGHT,0.6408,0.0036,0.3556
CLUBS KING HEARTS EIGHT,0.6496,0.0046,0.3458
CLUBS ACE HEARTS EIGHT,0.605,0.1718,0.2232
SPADES KING CLUBS KING,0.2812,0.0032,0.7156
SPADES QUEEN CLUBS KING,0.5904,0.0042,0.4054
SPADES ACE CLUBS KING,0.2496,0.0478,0.7026
DIAMONDS ACE HEARTS TEN,0.2212,0.1196,0.6592
HEARTS FOUR HEARTS TEN,0.6264,0.005,0.3686
DIAMONDS ACE HEARTS JACK,0.2244,0.0912,0.6844
HEARTS FOUR HEARTS JACK,0.597,0.0048,0.3982
SPADES KING CLUBS FIVE,0.6236,0.0058,0.3706
SPADES QUEEN CLUBS FIVE,0.623,0.0038,0.3732
SPADES ACE CLUBS FIVE,0.5684,0.1804,0.2512
DIAMONDS JACK HEARTS SEVEN,0.6362,0.0044,0.3594
HEARTS SIX DIAMONDS JACK,0.6514,0.0046,0.344
DIAMONDS JACK HEARTS NINE,0.6984,0.018,0.2836
DIAMONDS JACK HEARTS EIGHT,0.6194,0.0052,0.3754
DIAMONDS KING DIAMONDS JACK,0.5286,0.0046,0.4668
HEARTS THREE DIAMONDS JACK,0.6428,0.0024,0.3548
SPADES ACE SPADES SIX,0.5638,0.1658,0.2704
DIAMONDS QUEEN DIAMONDS JACK,0.5402,0.0032,0.4566
HEARTS TWO DIAMONDS JACK,0.648,0.0054,0.3466
HEARTS FIVE DIAMONDS JACK,0.6362,0.0052,0.3586
SPADES QUEEN SPADES SIX,0.5978,0.0034,0.3988
SPADES FOUR HEARTS QUEEN,0.646,0.0066,0.3474
DIAMONDS ACE DIAMONDS JACK,0.2224,0.077,0.7006
HEARTS FOUR DIAMONDS JACK,0.6412,0.004,0.3548
SPADES KING SPADES SIX,0.602,0.0054,0.3926
HEARTS KING SPADES FOUR,0.6436,0.0046,0.3518
SPADES TEN SPADES SIX,0.5854,0.0048,0.4098
SPADES JACK SPADES SIX,0.5914,0.006,0.4026
SPADES FOUR DIAMONDS JACK,0.6416,0.0038,0.3546
SPADES FIVE DIAMONDS JACK,0.6312,0.0048,0.364
DIAMONDS JACK SPADES TWO,0.6506,0.0034,0.346
SPADES THREE DIAMONDS JACK,0.6244,0.0054,0.3702
SPADES ACE DIAMONDS THREE,0.578,0.1792,0.2428
SPADES QUEEN DIAMONDS THREE,0.6392,0.0026,0.3582
CLUBS EIGHT DIAMONDS JACK,0.604,0.0038,0.3922
SPADES KING DIAMONDS THREE,0.638,0.005,0.357
CLUBS NINE DIAMONDS JACK,0.6956,0.0196,0.2848
CLUBS SIX DIAMONDS JACK,0.6406,0.0032,0.3562
CLUBS SEVEN DIAMONDS JACK,0.621,0.0024,0.3766
CLUBS FOUR DIAMONDS JACK,0.6398,0.0044,0.3558
CLUBS FIVE DIAMONDS JACK,0.6202,0.0046,0.3752
CLUBS TWO DIAMONDS JACK,0.635,0.0026,0.3624
CLUBS THREE DIAMONDS JACK,0.6388,0.0032,0.358
SPADES TEN CLUBS FIVE,0.6262,0.004,0.3698
HEARTS SIX SPADES JACK,0.6492,0.0044,0.3464
HEARTS SIX SPADES TEN,0.639,0.0052,0.3558
SPADES JACK CLUBS FIVE,0.6282,0.0042,0.3676
SPADES JACK DIAMONDS THREE,0.6326,0.0042,0.3632
CLUBS SEVEN CLUBS ACE,0.5564,0.1658,0.2778
DIAMONDS THREE SPADES TEN,0.6266,0.004,0.3694
CLUBS SEVEN CLUBS QUEEN,0.5842,0.0042,0.4116
CLUBS SEVEN CLUBS KING,0.6018,0.0044,0.3938
CLUBS TEN CLUBS SEVEN,0.5824,0.004,0.4136
SPADES EIGHT DIAMONDS JACK,0.6214,0.0026,0.376
SPADES ACE HEARTS SIX,0.5908,0.179,0.2302
CLUBS SEVEN CLUBS JACK,0.5694,0.0036,0.427
DIAMONDS ACE HEARTS KING,0.237,0.05,0.713
HEARTS FOUR HEARTS KING,0.598,0.0032,0.3988
SPADES SEVEN DIAMONDS JACK,0.6336,0.0024,0.364
SPADES KING HEARTS SIX,0.6426,0.0038,0.3536
DIAMONDS ACE HEARTS QUEEN,0.2406,0.0694,0.69
HEARTS FOUR HEARTS QUEEN,0.6058,0.0038,0.3904
SPADES SIX DIAMONDS JACK,0.6536,0.004,0.3424
SPADES QUEEN HEARTS SIX,0.6282,0.0048,0.367
SPADES TWO DIAMONDS TEN,0.6536,0.0044,0.342
SPADES THREE DIAMONDS TEN,0.6382,0.0046,0.3572
SPADES FOUR DIAMONDS TEN,0.6414,0.0036,0.355
SPADES FIVE DIAMONDS TEN,0.632,0.0034,0.3646
SPADES SIX DIAMONDS TEN,0.6416,0.0042,0.3542
SPADES SEVEN DIAMONDS TEN,0.6162,0.003,0.3808
SPADES EIGHT DIAMONDS TEN,0.6136,0.0042,0.3822
CLUBS FOUR DIAMONDS TEN,0.6396,0.0038,0.3566
CLUBS FIVE DIAMONDS TEN,0.6246,0.0028,0.3726
CLUBS SIX DIAMONDS TEN,0.619,0.003,0.378
CLUBS SEVEN DIAMONDS TEN,0.6248,0.0034,0.3718
CLUBS EIGHT DIAMONDS TEN,0.6068,0.002,0.3912
CLUBS NINE DIAMONDS TEN,0.6828,0.0182,0.299
DIAMONDS THREE CLUBS JACK,0.6284,0.003,0.3686
CLUBS TEN DIAMONDS THREE,0.6412,0.004,0.3548
DIAMONDS THREE CLUBS KING,0.621,0.0038,0.3752
DIAMONDS THREE CLUBS QUEEN,0.629,0.0038,0.3672
DIAMONDS THREE CLUBS ACE,0.5858,0.1724,0.2418
SPADES FOUR HEARTS JACK,0.644,0.0058,0.3502
SPADES FOUR HEARTS TEN,0.6418,0.0054,0.3528
SPADES FIVE SPADES TWO,0.6198,0.0032,0.377
SPADES FOUR SPADES TWO,0.624,0.0052,0.3708
SPADES THREE SPADES TWO,0.6296,0.0044,0.366
SPADES EIGHT SPADES TWO,0.6414,0.0036,0.355
SPADES SEVEN SPADES TWO,0.6482,0.0052,0.3466
SPADES SIX SPADES TWO,0.6336,0.0044,0.362
DIAMONDS QUEEN CLUBS THREE,0.634,0.0042,0.3618
CLUBS THREE HEARTS TWO,0.6482,0.0044,0.3474
DIAMONDS QUEEN CLUBS TWO,0.6352,0.0048,0.36
HEARTS TWO CLUBS TWO,0.475,0.0064,0.5186
DIAMONDS QUEEN HEARTS SEVEN,0.6268,0.0042,0.369
HEARTS TWO HEARTS SEVEN,0.6396,0.0062,0.3542
HEARTS SIX DIAMONDS QUEEN,0.6438,0.0028,0.3534
HEARTS SIX HEARTS TWO,0.6274,0.0056,0.367
DIAMONDS QUEEN HEARTS NINE,0.7196,0.018,0.2624
HEARTS TWO HEARTS NINE,0.7192,0.0248,0.256
DIAMONDS QUEEN HEARTS EIGHT,0.6382,0.0038,0.358
HEARTS TWO HEARTS EIGHT,0.641,0.0044,0.3546
CLUBS NINE HEARTS TWO,0.7608,0.0276,0.2116
CLUBS NINE DIAMONDS QUEEN,0.7024,0.0208,0.2768
CLUBS EIGHT HEARTS TWO,0.685,0.0044,0.3106
CLUBS EIGHT DIAMONDS QUEEN,0.6192,0.0042,0.3766
CLUBS FIVE DIAMONDS QUEEN,0.6252,0.0034,0.3714
CLUBS FIVE HEARTS TWO,0.639,0.0032,0.3578
DIAMONDS QUEEN CLUBS FOUR,0.6266,0.0048,0.3686
HEARTS TWO CLUBS FOUR,0.6612,0.0052,0.3336
CLUBS SEVEN DIAMONDS QUEEN,0.6262,0.0042,0.3696
CLUBS SEVEN HEARTS TWO,0.6802,0.0046,0.3152
SPADES EIGHT HEARTS QUEEN,0.6478,0.003,0.3492
CLUBS SIX DIAMONDS QUEEN,0.6336,0.0022,0.3642
CLUBS SIX HEARTS TWO,0.6758,0.0028,0.3214
SPADES EIGHT HEARTS KING,0.6608,0.0046,0.3346
DIAMONDS QUEEN SPADES SIX,0.634,0.004,0.362
HEARTS TWO SPADES SIX,0.6688,0.0044,0.3268
HEARTS FOUR CLUBS QUEEN,0.6446,0.0052,0.3502
DIAMONDS ACE CLUBS QUEEN,0.2456,0.0586,0.6958
DIAMONDS QUEEN SPADES SEVEN,0.6486,0.0036,0.3478
SPADES SEVEN HEARTS TWO,0.6802,0.0062,0.3136
HEARTS FOUR CLUBS KING,0.6294,0.0054,0.3652
DIAMONDS ACE CLUBS KING,0.2556,0.0556,0.6888
SPADES EIGHT DIAMONDS QUEEN,0.6176,0.005,0.3774
SPADES EIGHT HEARTS TWO,0.686,0.0042,0.3098
HEARTS FOUR CLUBS ACE,0.5774,0.1712,0.2514
DIAMONDS ACE CLUBS ACE,0.0608,0.0124,0.9268
HEARTS TWO SPADES TWO,0.4742,0.0044,0.5214
DIAMONDS QUEEN SPADES TWO,0.648,0.0048,0.3472
HEARTS TWO SPADES THREE,0.6596,0.005,0.3354
DIAMONDS QUEEN SPADES THREE,0.631,0.0044,0.3646
HEARTS TWO SPADES FOUR,0.6574,0.006,0.3366
DIAMONDS QUEEN SPADES FOUR,0.6396,0.0054,0.355
HEARTS FOUR CLUBS TEN,0.6468,0.0046,0.3486
CLUBS TEN DIAMONDS ACE,0.2248,0.1256,0.6496
HEARTS TWO SPADES FIVE,0.642,0.0058,0.3522
DIAMONDS QUEEN SPADES FIVE,0.6292,0.0052,0.3656
HEARTS FOUR CLUBS JACK,0.6424,0.0046,0.353
DIAMONDS ACE CLUBS JACK,0.233,0.0876,0.6794
CLUBS FIVE CLUBS KING,0.6064,0.0042,0.3894
CLUBS FIVE CLUBS QUEEN,0.5996,0.004,0.3964
CLUBS FIVE CLUBS ACE,0.5304,0.1676,0.302
CLUBS FIVE CLUBS JACK,0.6012,0.0042,0.3946
CLUBS TEN CLUBS FIVE,0.5912,0.0058,0.403
SPADES KING CLUBS JACK,0.574,0.0038,0.4222
SPADES QUEEN CLUBS JACK,0.5702,0.0052,0.4246
SPADES ACE CLUBS JACK,0.2268,0.0908,0.6824
SPADES SIX CLUBS KING,0.641,0.0054,0.3536
SPADES SIX CLUBS QUEEN,0.627,0.0046,0.3684
SPADES EIGHT HEARTS JACK,0.6258,0.0052,0.369
SPADES SIX CLUBS ACE,0.609,0.1626,0.2284
SPADES EIGHT HEARTS TEN,0.6216,0.0058,0.3726
SPADES SIX CLUBS JACK,0.6372,0.0042,0.3586
CLUBS TEN SPADES SIX,0.6324,0.0032,0.3644
SPADES TEN CLUBS JACK,0.555,0.0048,0.4402
SPADES JACK CLUBS JACK,0.3064,0.0046,0.689
SPADES QUEEN CLUBS SEVEN,0.6386,0.0046,0.3568
SPADES KING CLUBS SEVEN,0.6144,0.004,0.3816
SPADES ACE CLUBS SEVEN,0.591,0.1686,0.2404
SPADES SIX HEARTS TEN,0.64,0.0042,0.3558
SPADES SIX HEARTS JACK,0.6532,0.0034,0.3434
SPADES SIX HEARTS KING,0.632,0.0042,0.3638
SPADES SIX HEARTS QUEEN,0.6464,0.0056,0.348
CLUBS SEVEN SPADES JACK,0.6232,0.0032,0.3736
CLUBS SEVEN SPADES TEN,0.6168,0.0038,0.3794
CLUBS TEN HEARTS SIX,0.6332,0.0028,0.364
HEARTS SIX CLUBS JACK,0.6324,0.005,0.3626
CLUBS ACE CLUBS JACK,0.2232,0.0818,0.695
HEARTS SIX CLUBS QUEEN,0.627,0.004,0.369
HEARTS SIX CLUBS KING,0.6356,0.0032,0.3612
HEARTS SIX CLUBS ACE,0.6064,0.1668,0.2268
CLUBS QUEEN CLUBS JACK,0.5352,0.0048,0.46
CLUBS KING CLUBS JACK,0.5478,0.0036,0.4486
DIAMONDS THREE HEARTS QUEEN,0.6476,0.0042,0.3482
DIAMONDS THREE HEARTS KING,0.6448,0.0046,0.3506
CLUBS FIVE HEARTS JACK,0.6288,0.005,0.3662
SPADES TEN DIAMONDS ACE,0.2222,0.1218,0.656
HEARTS FOUR SPADES TEN,0.642,0.0042,0.3538
CLUBS FIVE HEARTS TEN,0.6368,0.0026,0.3606
HEARTS FOUR SPADES JACK,0.6366,0.005,0.3584
SPADES JACK DIAMONDS ACE,0.2328,0.0838,0.6834
SPADES ACE HEARTS FOUR,0.5716,0.1836,0.2448
SPADES ACE DIAMONDS ACE,0.0528,0.0118,0.9354
CLUBS FIVE HEARTS KING,0.646,0.0062,0.3478
HEARTS FOUR SPADES QUEEN,0.6364,0.0054,0.3582
SPADES QUEEN DIAMONDS ACE,0.2384,0.0624,0.6992
SPADES FOUR CLUBS JACK,0.638,0.0036,0.3584
CLUBS FIVE HEARTS QUEEN,0.651,0.0038,0.3452
SPADES KING DIAMONDS ACE,0.2496,0.0552,0.6952
HEARTS FOUR SPADES KING,0.6384,0.0066,0.355
CLUBS TEN SPADES FOUR,0.6484,0.0044,0.3472
DIAMONDS QUEEN DIAMONDS ACE,0.2404,0.0582,0.7014
HEARTS TWO DIAMONDS ACE,0.6044,0.163,0.2326
HEARTS FOUR DIAMONDS QUEEN,0.6374,0.0046,0.358
HEARTS FOUR HEARTS TWO,0.6298,0.005,0.3652
DIAMONDS THREE HEARTS TEN,0.6398,0.0048,0.3554
SPADES FOUR CLUBS KING,0.6338,0.0056,0.3606
HEARTS FIVE DIAMONDS QUEEN,0.6256,0.0058,0.3686
HEARTS FIVE HEARTS TWO,0.6324,0.0046,0.363
DIAMONDS THREE HEARTS JACK,0.6572,0.0052,0.3376
SPADES FOUR CLUBS QUEEN,0.6284,0.0056,0.366
DIAMONDS QUEEN HEARTS TWO,0.628,0.005,0.367
DIAMONDS KING DIAMONDS QUEEN,0.5368,0.0038,0.4594
DIAMONDS KING HEARTS TWO,0.6412,0.0068,0.352
HEARTS THREE DIAMONDS QUEEN,0.6422,0.0038,0.354
HEARTS THREE HEARTS TWO,0.623,0.0082,0.3688
SPADES FOUR CLUBS ACE,0.5806,0.1764,0.243
HEARTS TWO CLUBS ACE,0.5752,0.1764,0.2484
DIAMONDS QUEEN CLUBS ACE,0.2468,0.062,0.6912
HEARTS TWO CLUBS QUEEN,0.6402,0.0044,0.3554
DIAMONDS QUEEN CLUBS QUEEN,0.3062,0.0044,0.6894
HEARTS TWO CLUBS KING,0.6466,0.0056,0.3478
DIAMONDS QUEEN CLUBS KING,0.5678,0.002,0.4302
SPADES EIGHT SPADES FIVE,0.6128,0.006,0.3812
CLUBS TEN HEARTS TWO,0.6448,0.005,0.3502
CLUBS TEN DIAMONDS QUEEN,0.5792,0.003,0.4178
HEARTS TWO CLUBS JACK,0.6444,0.0046,0.351
DIAMONDS QUEEN CLUBS JACK,0.575,0.0028,0.4222
SPADES SIX SPADES FIVE,0.596,0.0052,0.3988
SPADES SEVEN SPADES FIVE,0.6014,0.0058,0.3928
DIAMONDS FIVE CLUBS QUEEN,0.6264,0.0038,0.3698
SPADES EIGHT CLUBS ACE,0.6104,0.1664,0.2232
DIAMONDS FIVE CLUBS KING,0.6182,0.003,0.3788
SPADES EIGHT CLUBS KING,0.645,0.004,0.351
CLUBS ACE DIAMONDS FIVE,0.5754,0.1704,0.2542
SPADES EIGHT CLUBS QUEEN,0.6224,0.0028,0.3748
SPADES EIGHT CLUBS JACK,0.625,0.0046,0.3704
CLUBS TEN SPADES EIGHT,0.6156,0.0026,0.3818
CLUBS TEN DIAMONDS FIVE,0.6302,0.0034,0.3664
DIAMONDS FIVE CLUBS JACK,0.6414,0.0032,0.3554
HEARTS JACK DIAMONDS TEN,0.5672,0.0026,0.4302
DIAMONDS TEN HEARTS TEN,0.3156,0.005,0.6794
SPADES ACE CLUBS NINE,0.0096,0.9714,0.019
CLUBS NINE SPADES QUEEN,0.7156,0.0172,0.2672
CLUBS NINE SPADES KING,0.7324,0.0202,0.2474
HEARTS SIX HEARTS KING,0.6004,0.004,0.3956
DIAMONDS KING SPADES SEVEN,0.6374,0.0038,0.3588
HEARTS THREE SPADES SEVEN,0.6704,0.0048,0.3248
SPADES KING DIAMONDS SEVEN,0.6216,0.0024,0.376
HEARTS SIX HEARTS QUEEN,0.6008,0.0046,0.3946
DIAMONDS KING SPADES SIX,0.6424,0.0048,0.3528
HEARTS THREE SPADES SIX,0.6506,0.0066,0.3428
SPADES QUEEN DIAMONDS SEVEN,0.6472,0.0036,0.3492
