opposingHand,winningChance,drawChance,lostChance
SPADES JACK DIAMONDS FIVE
HEARTS FIVE SPADES TEN,0.6976,0.0714,0.231
SPADES FIVE CLUBS JACK,0.0166,0.9732,0.0102
CLUBS TEN SPADES FIVE,0.6972,0.0642,0.2386
CLUBS EIGHT CLUBS JACK,0.2214,0.2204,0.5582
CLUBS TEN CLUBS EIGHT,0.5138,0.0152,0.471
CLUBS EIGHT CLUBS KING,0.3482,0.0042,0.6476
SPADES FIVE CLUBS ACE,0.2276,0.03,0.7424
CLUBS EIGHT CLUBS QUEEN,0.3198,0.0102,0.67
SPADES FIVE CLUBS KING,0.2378,0.0438,0.7184
SPADES FIVE CLUBS QUEEN,0.235,0.0494,0.7156
CLUBS EIGHT CLUBS ACE,0.3348,0.0032,0.662
DIAMONDS TWO DIAMONDS THREE,0.6008,0.024,0.3752
HEARTS FIVE SPADES KING,0.2368,0.0416,0.7216
DIAMONDS TWO DIAMONDS FOUR,0.6138,0.0214,0.3648
HEARTS FIVE SPADES QUEEN,0.2258,0.05,0.7242
DIAMONDS TWO DIAMONDS SEVEN,0.5982,0.0174,0.3844
DIAMONDS TWO DIAMONDS SIX,0.602,0.0192,0.3788
SPADES ACE HEARTS FIVE,0.2248,0.0294,0.7458
DIAMONDS TWO DIAMONDS NINE,0.5832,0.0194,0.3974
DIAMONDS TWO DIAMONDS EIGHT,0.5882,0.0146,0.3972
DIAMONDS THREE DIAMONDS FOUR,0.5924,0.0206,0.387
SPADES FOUR CLUBS TWO,0.6178,0.025,0.3572
SPADES FIVE CLUBS TWO,0.6806,0.0662,0.2532
CLUBS TWO SPADES TWO,0.4136,0.0482,0.5382
CLUBS TWO SPADES THREE,0.6406,0.0198,0.3396
DIAMONDS THREE DIAMONDS EIGHT,0.6056,0.0184,0.376
SPADES EIGHT CLUBS TWO,0.6234,0.0242,0.3524
DIAMONDS THREE DIAMONDS NINE,0.579,0.0228,0.3982
SPADES NINE CLUBS TWO,0.637,0.0192,0.3438
DIAMONDS THREE DIAMONDS SIX,0.582,0.0212,0.3968
SPADES SIX CLUBS TWO,0.633,0.0196,0.3474
DIAMONDS THREE DIAMONDS SEVEN,0.581,0.02,0.399
SPADES SEVEN CLUBS TWO,0.6282,0.0212,0.3506
CLUBS SIX CLUBS TWO,0.585,0.0188,0.3962
CLUBS SEVEN CLUBS TWO,0.6058,0.0162,0.378
CLUBS FOUR CLUBS TWO,0.596,0.0208,0.3832
CLUBS FIVE CLUBS TWO,0.6552,0.0628,0.282
CLUBS TEN CLUBS JACK,0.2264,0.1178,0.6558
DIAMONDS SIX DIAMONDS FOUR,0.5672,0.0192,0.4136
CLUBS TEN CLUBS QUEEN,0.3176,0.008,0.6744
DIAMONDS FOUR DIAMONDS SEVEN,0.5774,0.0178,0.4048
CLUBS TEN CLUBS KING,0.3172,0.0072,0.6756
CLUBS TEN CLUBS ACE,0.3292,0.0028,0.668
CLUBS EIGHT CLUBS TWO,0.5738,0.0212,0.405
CLUBS NINE CLUBS TWO,0.594,0.0196,0.3864
DIAMONDS NINE DIAMONDS FOUR,0.5896,0.0196,0.3908
DIAMONDS FOUR DIAMONDS EIGHT,0.5978,0.0168,0.3854
CLUBS THREE CLUBS TWO,0.5992,0.0194,0.3814
DIAMONDS TWO CLUBS JACK,0.3184,0.472,0.2096
CLUBS TEN DIAMONDS TWO,0.6254,0.018,0.3566
DIAMONDS TWO CLUBS ACE,0.3976,0.0048,0.5976
DIAMONDS TWO CLUBS KING,0.4044,0.0076,0.588
DIAMONDS TWO CLUBS QUEEN,0.4022,0.0108,0.587
DIAMONDS SIX DIAMONDS EIGHT,0.5344,0.0196,0.446
DIAMONDS NINE DIAMONDS SIX,0.549,0.0186,0.4324
HEARTS ACE SPADES THREE,0.3802,0.0054,0.6144
SPADES THREE HEARTS KING,0.4032,0.0086,0.5882
DIAMONDS SIX DIAMONDS SEVEN,0.513,0.0202,0.4668
SPADES THREE HEARTS QUEEN,0.3908,0.0114,0.5978
SPADES THREE HEARTS JACK,0.3214,0.4692,0.2094
SPADES THREE HEARTS TEN,0.6294,0.017,0.3536
DIAMONDS EIGHT DIAMONDS SEVEN,0.5192,0.0158,0.465
DIAMONDS NINE DIAMONDS SEVEN,0.5264,0.0168,0.4568
DIAMONDS NINE DIAMONDS EIGHT,0.5084,0.0182,0.4734
DIAMONDS KING HEARTS TEN,0.3432,0.006,0.6508
HEARTS THREE HEARTS TEN,0.5702,0.0202,0.4096
DIAMONDS KING HEARTS JACK,0.2266,0.0294,0.744
HEARTS THREE HEARTS JACK,0.2966,0.4324,0.271
SPADES TEN CLUBS SIX,0.5908,0.0132,0.396
SPADES TEN SPADES FIVE,0.6742,0.0622,0.2636
DIAMONDS KING HEARTS ACE,0.3136,0.0048,0.6816
HEARTS THREE HEARTS ACE,0.3492,0.0036,0.6472
SPADES ACE CLUBS SIX,0.3586,0.0044,0.637
DIAMONDS KING HEARTS QUEEN,0.3192,0.0066,0.6742
HEARTS THREE HEARTS QUEEN,0.3642,0.0128,0.623
SPADES KING CLUBS SIX,0.3626,0.0062,0.6312
DIAMONDS KING HEARTS KING,0.1372,0.0076,0.8552
HEARTS THREE HEARTS KING,0.3736,0.0078,0.6186
SPADES QUEEN CLUBS SIX,0.356,0.0134,0.6306
SPADES NINE HEARTS TEN,0.5308,0.0134,0.4558
SPADES NINE HEARTS JACK,0.232,0.1672,0.6008
SPADES QUEEN SPADES FIVE,0.221,0.0476,0.7314
SPADES KING SPADES FIVE,0.2148,0.04,0.7452
SPADES ACE SPADES FIVE,0.237,0.026,0.737
SPADES NINE HEARTS QUEEN,0.344,0.0128,0.6432
SPADES NINE HEARTS KING,0.3504,0.007,0.6426
SPADES NINE HEARTS ACE,0.3624,0.0036,0.634
CLUBS TEN SPADES TEN,0.291,0.023,0.686
SPADES ACE CLUBS TEN,0.3464,0.0022,0.6514
SPADES KING CLUBS TEN,0.3362,0.0062,0.6576
CLUBS TEN SPADES QUEEN,0.3238,0.0098,0.6664
SPADES FIVE HEARTS QUEEN,0.235,0.052,0.713
SPADES FIVE HEARTS KING,0.2272,0.044,0.7288
SPADES FIVE HEARTS ACE,0.2352,0.0292,0.7356
SPADES TEN CLUBS EIGHT,0.5578,0.0198,0.4224
SPADES TEN HEARTS THREE,0.6388,0.017,0.3442
SPADES TEN DIAMONDS KING,0.3334,0.0074,0.6592
CLUBS SIX HEARTS ACE,0.3664,0.0052,0.6284
SPADES ACE CLUBS EIGHT,0.366,0.0034,0.6306
HEARTS FIVE CLUBS JACK,0.0244,0.954,0.0216
HEARTS FIVE CLUBS TEN,0.6992,0.06,0.2408
CLUBS SIX HEARTS QUEEN,0.3684,0.0084,0.6232
SPADES QUEEN CLUBS EIGHT,0.3428,0.0104,0.6468
CLUBS TEN SPADES THREE,0.6294,0.0188,0.3518
CLUBS SIX HEARTS KING,0.3592,0.007,0.6338
SPADES KING CLUBS EIGHT,0.3648,0.0064,0.6288
SPADES THREE CLUBS JACK,0.3206,0.4698,0.2096
DIAMONDS TWO HEARTS JACK,0.3188,0.473,0.2082
SPADES THREE CLUBS QUEEN,0.405,0.0128,0.5822
DIAMONDS TWO HEARTS TEN,0.631,0.019,0.35
SPADES THREE CLUBS KING,0.3966,0.0078,0.5956
HEARTS FIVE CLUBS ACE,0.238,0.0302,0.7318
SPADES FIVE HEARTS TEN,0.708,0.0672,0.2248
SPADES THREE CLUBS ACE,0.3958,0.0044,0.5998
HEARTS FIVE CLUBS KING,0.237,0.0376,0.7254
SPADES FIVE HEARTS JACK,0.0156,0.9762,0.0082
HEARTS FIVE CLUBS QUEEN,0.2418,0.0536,0.7046
HEARTS THREE CLUBS KING,0.3936,0.0098,0.5966
DIAMONDS KING CLUBS KING,0.1284,0.0074,0.8642
HEARTS THREE CLUBS QUEEN,0.3986,0.011,0.5904
DIAMONDS KING CLUBS QUEEN,0.314,0.0054,0.6806
HEARTS FIVE HEARTS JACK,0.0212,0.9066,0.0722
HEARTS FIVE HEARTS TEN,0.6628,0.0658,0.2714
HEARTS THREE CLUBS ACE,0.3902,0.0036,0.6062
DIAMONDS KING CLUBS ACE,0.3096,0.0042,0.6862
SPADES ACE CLUBS QUEEN,0.3098,0.0044,0.6858
SPADES KING CLUBS QUEEN,0.319,0.0064,0.6746
HEARTS THREE CLUBS JACK,0.3208,0.4612,0.218
DIAMONDS KING CLUBS JACK,0.225,0.035,0.74
SPADES QUEEN CLUBS QUEEN,0.1438,0.0096,0.8466
CLUBS TEN HEARTS THREE,0.6286,0.0194,0.352
CLUBS TEN DIAMONDS KING,0.3372,0.0078,0.655
CLUBS SIX CLUBS QUEEN,0.342,0.0088,0.6492
SPADES TEN CLUBS QUEEN,0.3396,0.0084,0.652
CLUBS SIX CLUBS KING,0.344,0.008,0.648
CLUBS SIX CLUBS ACE,0.3522,0.0036,0.6442
HEARTS FIVE HEARTS KING,0.2258,0.0406,0.7336
HEARTS FIVE HEARTS QUEEN,0.22,0.0486,0.7314
CLUBS TEN CLUBS SIX,0.5394,0.017,0.4436
HEARTS FIVE HEARTS ACE,0.226,0.0258,0.7482
CLUBS SIX CLUBS JACK,0.2122,0.3586,0.4292
SPADES SEVEN HEARTS JACK,0.2216,0.2934,0.485
SPADES SEVEN HEARTS TEN,0.5684,0.0172,0.4144
DIAMONDS TWO CLUBS TWO,0.4206,0.047,0.5324
DIAMONDS TWO CLUBS THREE,0.6338,0.0244,0.3418
DIAMONDS TWO HEARTS SIX,0.6392,0.0216,0.3392
DIAMONDS TWO HEARTS QUEEN,0.3854,0.0098,0.6048
HEARTS SEVEN DIAMONDS TWO,0.6332,0.0166,0.3502
DIAMONDS TWO HEARTS KING,0.4104,0.0102,0.5794
DIAMONDS TWO HEARTS EIGHT,0.6378,0.02,0.3422
DIAMONDS TWO HEARTS ACE,0.396,0.004,0.6
DIAMONDS TWO HEARTS NINE,0.6312,0.02,0.3488
DIAMONDS TWO DIAMONDS QUEEN,0.3818,0.0128,0.6054
DIAMONDS TWO HEARTS TWO,0.4276,0.0532,0.5192
DIAMONDS TWO DIAMONDS KING,0.371,0.0076,0.6214
DIAMONDS TWO HEARTS THREE,0.6428,0.0184,0.3388
DIAMONDS TWO DIAMONDS ACE,0.3716,0.0064,0.622
HEARTS FOUR DIAMONDS TWO,0.6412,0.0182,0.3406
HEARTS FIVE DIAMONDS TWO,0.6686,0.072,0.2594
SPADES SEVEN HEARTS ACE,0.3692,0.004,0.6268
DIAMONDS TWO DIAMONDS TEN,0.5916,0.0176,0.3908
SPADES SEVEN HEARTS KING,0.366,0.0072,0.6268
DIAMONDS TWO DIAMONDS JACK,0.3136,0.4408,0.2456
SPADES SEVEN HEARTS QUEEN,0.359,0.011,0.63
DIAMONDS TWO SPADES NINE,0.6264,0.0206,0.353
DIAMONDS TWO SPADES EIGHT,0.6356,0.0178,0.3466
DIAMONDS TWO SPADES SEVEN,0.6468,0.0184,0.3348
DIAMONDS TWO SPADES SIX,0.6412,0.0218,0.337
DIAMONDS TWO SPADES FIVE,0.6872,0.066,0.2468
DIAMONDS TWO SPADES FOUR,0.642,0.0226,0.3354
DIAMONDS TWO SPADES THREE,0.646,0.0216,0.3324
DIAMONDS TWO SPADES TWO,0.4294,0.0456,0.525
CLUBS NINE DIAMONDS TWO,0.6326,0.02,0.3474
DIAMONDS TWO CLUBS EIGHT,0.6396,0.0168,0.3436
CLUBS SEVEN DIAMONDS TWO,0.631,0.0156,0.3534
DIAMONDS TWO CLUBS SIX,0.6382,0.0212,0.3406
DIAMONDS TWO CLUBS FIVE,0.676,0.0742,0.2498
DIAMONDS TWO CLUBS FOUR,0.6464,0.019,0.3346
CLUBS FOUR SPADES FIVE,0.6496,0.0646,0.2858
CLUBS FOUR SPADES FOUR,0.403,0.0482,0.5488
CLUBS FOUR SPADES THREE,0.6212,0.021,0.3578
CLUBS FOUR SPADES TWO,0.639,0.0222,0.3388
SPADES NINE CLUBS FOUR,0.6258,0.018,0.3562
SPADES EIGHT CLUBS FOUR,0.6288,0.018,0.3532
SPADES SEVEN CLUBS FOUR,0.6084,0.0202,0.3714
SPADES SIX CLUBS FOUR,0.6094,0.0192,0.3714
SPADES ACE DIAMONDS SIX,0.3518,0.0028,0.6454
SPADES QUEEN DIAMONDS SIX,0.3456,0.0128,0.6416
SPADES KING DIAMONDS SIX,0.3516,0.0106,0.6378
SPADES TEN DIAMONDS SIX,0.5796,0.0214,0.399
SPADES QUEEN SPADES TWO,0.385,0.0118,0.6032
SPADES KING SPADES TWO,0.3758,0.0068,0.6174
SPADES ACE SPADES TWO,0.3686,0.0056,0.6258
DIAMONDS JACK CLUBS JACK,0.0856,0.0348,0.8796
CLUBS TEN DIAMONDS JACK,0.2324,0.1196,0.648
DIAMONDS JACK CLUBS KING,0.236,0.0322,0.7318
DIAMONDS JACK CLUBS QUEEN,0.2424,0.0384,0.7192
DIAMONDS THREE DIAMONDS JACK,0.3034,0.4328,0.2638
DIAMONDS THREE DIAMONDS TEN,0.5922,0.0198,0.388
DIAMONDS JACK CLUBS ACE,0.2178,0.021,0.7612
DIAMONDS THREE DIAMONDS KING,0.3756,0.0072,0.6172
DIAMONDS THREE HEARTS THREE,0.4148,0.0432,0.542
DIAMONDS THREE DIAMONDS QUEEN,0.3628,0.0116,0.6256
DIAMONDS THREE HEARTS TWO,0.6214,0.019,0.3596
HEARTS FIVE DIAMONDS THREE,0.6598,0.0706,0.2696
DIAMONDS THREE DIAMONDS ACE,0.3706,0.0062,0.6232
HEARTS FOUR DIAMONDS THREE,0.6302,0.0238,0.346
HEARTS SEVEN DIAMONDS THREE,0.6252,0.0186,0.3562
SPADES TEN SPADES NINE,0.5126,0.0176,0.4698
HEARTS SIX DIAMONDS THREE,0.62,0.017,0.363
DIAMONDS THREE HEARTS NINE,0.6434,0.017,0.3396
HEARTS JACK DIAMONDS FOUR,0.3352,0.454,0.2108
HEARTS ACE HEARTS KING,0.306,0.0038,0.6902
SPADES TEN SPADES TWO,0.6006,0.0196,0.3798
DIAMONDS THREE HEARTS EIGHT,0.623,0.0196,0.3574
HEARTS TEN DIAMONDS FOUR,0.6212,0.023,0.3558
HEARTS QUEEN DIAMONDS FOUR,0.3916,0.0094,0.599
HEARTS KING DIAMONDS FOUR,0.4006,0.0072,0.5922
SPADES ACE SPADES NINE,0.3404,0.0062,0.6534
HEARTS ACE DIAMONDS FOUR,0.3878,0.0038,0.6084
SPADES KING SPADES NINE,0.341,0.0076,0.6514
SPADES QUEEN SPADES NINE,0.3366,0.0102,0.6532
DIAMONDS THREE SPADES NINE,0.638,0.0174,0.3446
DIAMONDS THREE SPADES EIGHT,0.6252,0.0202,0.3546
DIAMONDS THREE SPADES SEVEN,0.6376,0.0216,0.3408
DIAMONDS THREE SPADES SIX,0.6254,0.018,0.3566
DIAMONDS THREE CLUBS SIX,0.6082,0.023,0.3688
CLUBS FIVE CLUBS SIX,0.6168,0.0514,0.3318
CLUBS ACE DIAMONDS FOUR,0.3814,0.005,0.6136
CLUBS SEVEN DIAMONDS THREE,0.6268,0.0176,0.3556
CLUBS SEVEN CLUBS FIVE,0.6198,0.0618,0.3184
DIAMONDS THREE CLUBS FOUR,0.6328,0.0204,0.3468
DIAMONDS FOUR CLUBS QUEEN,0.3908,0.0112,0.598
DIAMONDS THREE CLUBS FIVE,0.6776,0.0646,0.2578
CLUBS KING DIAMONDS FOUR,0.4,0.0058,0.5942
DIAMONDS THREE CLUBS TWO,0.6446,0.0224,0.333
CLUBS TEN DIAMONDS FOUR,0.6256,0.0172,0.3572
DIAMONDS THREE CLUBS THREE,0.4174,0.045,0.5376
DIAMONDS FOUR CLUBS JACK,0.3268,0.4628,0.2104
DIAMONDS THREE SPADES FOUR,0.6298,0.025,0.3452
DIAMONDS THREE SPADES FIVE,0.664,0.068,0.268
DIAMONDS THREE SPADES TWO,0.6334,0.0234,0.3432
DIAMONDS THREE SPADES THREE,0.4314,0.043,0.5256
CLUBS EIGHT DIAMONDS THREE,0.6302,0.0168,0.353
CLUBS NINE DIAMONDS THREE,0.625,0.0192,0.3558
SPADES SEVEN CLUBS ACE,0.3672,0.003,0.6298
SPADES SEVEN CLUBS QUEEN,0.3742,0.0094,0.6164
SPADES SEVEN CLUBS KING,0.3682,0.0068,0.625
CLUBS FIVE SPADES SEVEN,0.6536,0.0632,0.2832
CLUBS TEN SPADES SEVEN,0.553,0.0168,0.4302
CLUBS FIVE SPADES SIX,0.6584,0.0628,0.2788
SPADES SEVEN CLUBS JACK,0.2376,0.2836,0.4788
SPADES NINE CLUBS FIVE,0.6944,0.0648,0.2408
CLUBS FIVE SPADES EIGHT,0.6704,0.0618,0.2678
CLUBS FIVE SPADES THREE,0.6554,0.0702,0.2744
CLUBS FIVE SPADES TWO,0.6694,0.0722,0.2584
CLUBS FIVE SPADES FIVE,0.2954,0.0518,0.6528
CLUBS FIVE SPADES FOUR,0.6546,0.0576,0.2878
CLUBS NINE CLUBS FIVE,0.65,0.0616,0.2884
CLUBS EIGHT CLUBS FIVE,0.6322,0.0586,0.3092
CLUBS ACE CLUBS QUEEN,0.3156,0.0028,0.6816
CLUBS KING CLUBS QUEEN,0.3048,0.005,0.6902
DIAMONDS TEN DIAMONDS FOUR,0.6058,0.0154,0.3788
CLUBS TEN DIAMONDS NINE,0.5458,0.0164,0.4378
DIAMONDS JACK DIAMONDS FOUR,0.317,0.4266,0.2564
DIAMONDS NINE CLUBS JACK,0.222,0.167,0.611
SPADES NINE CLUBS JACK,0.2354,0.1546,0.61
CLUBS TEN SPADES NINE,0.5402,0.0154,0.4444
DIAMONDS ACE DIAMONDS FOUR,0.3626,0.0062,0.6312
HEARTS FOUR DIAMONDS FOUR,0.4134,0.0478,0.5388
DIAMONDS JACK HEARTS TEN,0.2266,0.128,0.6454
SPADES NINE CLUBS KING,0.3768,0.007,0.6162
DIAMONDS TWO SPADES TEN,0.633,0.018,0.349
DIAMONDS NINE CLUBS ACE,0.3568,0.005,0.6382
HEARTS FIVE DIAMONDS FOUR,0.6576,0.0634,0.279
DIAMONDS JACK HEARTS JACK,0.086,0.0332,0.8808
SPADES NINE CLUBS QUEEN,0.3482,0.012,0.6398
DIAMONDS QUEEN DIAMONDS FOUR,0.3822,0.013,0.6048
HEARTS TWO DIAMONDS FOUR,0.6434,0.0216,0.335
DIAMONDS NINE CLUBS QUEEN,0.3262,0.0108,0.663
DIAMONDS KING DIAMONDS FOUR,0.369,0.0082,0.6228
HEARTS THREE DIAMONDS FOUR,0.6144,0.0242,0.3614
SPADES NINE CLUBS ACE,0.3622,0.0048,0.633
DIAMONDS NINE CLUBS KING,0.3458,0.0074,0.6468
HEARTS ACE DIAMONDS JACK,0.2218,0.0226,0.7556
SPADES ACE DIAMONDS TWO,0.3954,0.006,0.5986
HEARTS QUEEN DIAMONDS JACK,0.2206,0.04,0.7394
SPADES QUEEN DIAMONDS TWO,0.397,0.012,0.591
HEARTS KING DIAMONDS JACK,0.2342,0.0368,0.729
SPADES KING DIAMONDS TWO,0.4036,0.0108,0.5856
SPADES TEN SPADES SEVEN,0.5354,0.0184,0.4462
CLUBS SEVEN CLUBS THREE,0.5862,0.0198,0.394
CLUBS SIX CLUBS THREE,0.5724,0.0186,0.409
CLUBS FIVE CLUBS THREE,0.6166,0.0614,0.322
CLUBS THREE CLUBS FOUR,0.5732,0.0194,0.4074
CLUBS NINE CLUBS THREE,0.574,0.0162,0.4098
CLUBS EIGHT CLUBS THREE,0.5872,0.0188,0.394
CLUBS THREE SPADES FIVE,0.6696,0.0654,0.265
CLUBS THREE SPADES FOUR,0.6234,0.0198,0.3568
CLUBS THREE SPADES THREE,0.4032,0.048,0.5488
CLUBS THREE SPADES TWO,0.6388,0.0204,0.3408
CLUBS THREE SPADES SIX,0.608,0.0218,0.3702
SPADES SEVEN CLUBS THREE,0.6104,0.021,0.3686
SPADES EIGHT CLUBS THREE,0.6326,0.0216,0.3458
SPADES NINE CLUBS THREE,0.63,0.016,0.354
SPADES TWO DIAMONDS FOUR,0.6384,0.0226,0.339
SPADES THREE DIAMONDS FOUR,0.6258,0.0218,0.3524
SPADES FOUR DIAMONDS FOUR,0.4022,0.0472,0.5506
SPADES FIVE DIAMONDS FOUR,0.6622,0.0666,0.2712
SPADES SIX DIAMONDS FOUR,0.611,0.0198,0.3692
SPADES SEVEN DIAMONDS FOUR,0.6134,0.0218,0.3648
SPADES EIGHT DIAMONDS FOUR,0.6232,0.0184,0.3584
SPADES NINE DIAMONDS FOUR,0.6212,0.0182,0.3606
CLUBS FIVE DIAMONDS FOUR,0.6558,0.0684,0.2758
CLUBS FOUR DIAMONDS FOUR,0.4136,0.0446,0.5418
CLUBS SEVEN DIAMONDS FOUR,0.6148,0.0184,0.3668
CLUBS SIX DIAMONDS FOUR,0.6044,0.0206,0.375
CLUBS NINE DIAMONDS FOUR,0.6396,0.0184,0.342
CLUBS EIGHT DIAMONDS FOUR,0.6168,0.0168,0.3664
HEARTS SEVEN DIAMONDS FOUR,0.607,0.014,0.379
HEARTS SIX DIAMONDS FOUR,0.6162,0.0164,0.3674
DIAMONDS FOUR HEARTS NINE,0.64,0.0188,0.3412
DIAMONDS FOUR HEARTS EIGHT,0.6204,0.0202,0.3594
CLUBS THREE DIAMONDS FOUR,0.6228,0.0222,0.355
CLUBS TWO DIAMONDS FOUR,0.6478,0.0224,0.3298
DIAMONDS NINE HEARTS QUEEN,0.3488,0.0092,0.642
DIAMONDS NINE HEARTS KING,0.359,0.008,0.633
HEARTS ACE DIAMONDS NINE,0.3604,0.0052,0.6344
DIAMONDS NINE HEARTS TEN,0.5388,0.014,0.4472
DIAMONDS NINE HEARTS JACK,0.2166,0.1778,0.6056
DIAMONDS SIX CLUBS KING,0.361,0.008,0.631
DIAMONDS SIX CLUBS QUEEN,0.3528,0.0114,0.6358
CLUBS ACE DIAMONDS SIX,0.3566,0.004,0.6394
SPADES KING DIAMONDS FOUR,0.3922,0.0088,0.599
SPADES ACE SPADES SEVEN,0.3552,0.0054,0.6394
SPADES QUEEN DIAMONDS FOUR,0.379,0.013,0.608
SPADES QUEEN SPADES SEVEN,0.3412,0.0124,0.6464
DIAMONDS SIX CLUBS JACK,0.2236,0.3944,0.382
SPADES KING SPADES SEVEN,0.3458,0.01,0.6442
SPADES ACE DIAMONDS FOUR,0.3822,0.0032,0.6146
CLUBS TEN DIAMONDS SIX,0.58,0.0164,0.4036
CLUBS NINE CLUBS FOUR,0.569,0.0184,0.4126
CLUBS EIGHT CLUBS FOUR,0.5792,0.0198,0.401
SPADES TEN DIAMONDS FOUR,0.6332,0.019,0.3478
CLUBS FIVE CLUBS FOUR,0.6114,0.0564,0.3322
CLUBS SEVEN CLUBS FOUR,0.571,0.0156,0.4134
CLUBS SIX CLUBS FOUR,0.5674,0.0152,0.4174
CLUBS SEVEN SPADES EIGHT,0.563,0.0164,0.4206
CLUBS SEVEN SPADES NINE,0.565,0.0176,0.4174
CLUBS SEVEN SPADES SIX,0.5604,0.0186,0.421
CLUBS SEVEN SPADES SEVEN,0.3016,0.0408,0.6576
CLUBS SEVEN SPADES FIVE,0.677,0.059,0.264
CLUBS SEVEN SPADES FOUR,0.61,0.0206,0.3694
CLUBS SEVEN SPADES THREE,0.6284,0.021,0.3506
CLUBS SEVEN SPADES TWO,0.637,0.0194,0.3436
CLUBS NINE CLUBS SEVEN,0.52,0.0178,0.4622
CLUBS SEVEN CLUBS EIGHT,0.532,0.0168,0.4512
HEARTS KING HEARTS EIGHT,0.3588,0.0068,0.6344
HEARTS QUEEN HEARTS EIGHT,0.334,0.013,0.653
HEARTS ACE HEARTS EIGHT,0.3332,0.0034,0.6634
CLUBS TEN HEARTS JACK,0.235,0.1244,0.6406
SPADES TEN DIAMONDS EIGHT,0.5412,0.0168,0.442
HEARTS JACK CLUBS JACK,0.0972,0.0334,0.8694
HEARTS JACK CLUBS QUEEN,0.2324,0.0462,0.7214
CLUBS KING HEARTS JACK,0.2368,0.0342,0.729
CLUBS ACE HEARTS JACK,0.2378,0.0186,0.7436
SPADES KING DIAMONDS EIGHT,0.3548,0.008,0.6372
SPADES QUEEN DIAMONDS EIGHT,0.3444,0.0116,0.644
SPADES ACE DIAMONDS EIGHT,0.35,0.0052,0.6448
DIAMONDS TEN DIAMONDS SIX,0.5558,0.018,0.4262
HEARTS ACE DIAMONDS SEVEN,0.3534,0.0042,0.6424
DIAMONDS JACK DIAMONDS SIX,0.214,0.3738,0.4122
HEARTS QUEEN DIAMONDS SEVEN,0.3602,0.0118,0.628
HEARTS KING DIAMONDS SEVEN,0.3476,0.0072,0.6452
DIAMONDS ACE DIAMONDS SIX,0.348,0.004,0.648
HEARTS FOUR DIAMONDS SIX,0.592,0.0212,0.3868
SPADES TWO HEARTS JACK,0.3234,0.4614,0.2152
HEARTS FIVE DIAMONDS SIX,0.654,0.0594,0.2866
SPADES TWO HEARTS TEN,0.6214,0.0174,0.3612
DIAMONDS QUEEN DIAMONDS SIX,0.3554,0.0098,0.6348
HEARTS TWO DIAMONDS SIX,0.6182,0.0178,0.364
DIAMONDS KING DIAMONDS SIX,0.3582,0.0084,0.6334
HEARTS THREE DIAMONDS SIX,0.593,0.0202,0.3868
DIAMONDS SIX HEARTS EIGHT,0.575,0.0188,0.4062
DIAMONDS SIX HEARTS NINE,0.5776,0.0192,0.4032
HEARTS SIX DIAMONDS SIX,0.3,0.0472,0.6528
HEARTS SEVEN DIAMONDS SIX,0.565,0.0162,0.4188
HEARTS TEN DIAMONDS SEVEN,0.5604,0.0156,0.424
CLUBS TWO DIAMONDS SIX,0.6154,0.0196,0.365
HEARTS JACK DIAMONDS SEVEN,0.2198,0.2974,0.4828
CLUBS THREE DIAMONDS SIX,0.5996,0.0172,0.3832
CLUBS SEVEN DIAMONDS SIX,0.567,0.02,0.413
DIAMONDS EIGHT CLUBS JACK,0.2228,0.2164,0.5608
CLUBS SIX DIAMONDS SIX,0.3006,0.044,0.6554
CLUBS TEN DIAMONDS EIGHT,0.5466,0.016,0.4374
CLUBS FIVE DIAMONDS SIX,0.6584,0.0642,0.2774
CLUBS FOUR DIAMONDS SIX,0.5926,0.0184,0.389
HEARTS ACE HEARTS JACK,0.2172,0.019,0.7638
CLUBS ACE DIAMONDS EIGHT,0.3546,0.0042,0.6412
HEARTS QUEEN HEARTS JACK,0.228,0.042,0.73
CLUBS KING DIAMONDS EIGHT,0.3696,0.0068,0.6236
CLUBS NINE DIAMONDS SIX,0.5772,0.0172,0.4056
HEARTS KING HEARTS JACK,0.2224,0.0282,0.7494
CLUBS QUEEN DIAMONDS EIGHT,0.3402,0.0106,0.6492
CLUBS EIGHT DIAMONDS SIX,0.5674,0.02,0.4126
SPADES TEN HEARTS KING,0.3388,0.0064,0.6548
SPADES FIVE DIAMONDS SIX,0.6536,0.0588,0.2876
HEARTS ACE SPADES TWO,0.3882,0.0048,0.607
SPADES FOUR DIAMONDS SIX,0.598,0.0214,0.3806
SPADES THREE DIAMONDS SIX,0.6114,0.0184,0.3702
HEARTS QUEEN SPADES TWO,0.3958,0.0106,0.5936
SPADES ACE SPADES KING,0.3206,0.0036,0.6758
SPADES TWO HEARTS KING,0.4018,0.0096,0.5886
SPADES TWO DIAMONDS SIX,0.6308,0.0188,0.3504
HEARTS TEN HEARTS EIGHT,0.5144,0.014,0.4716
SPADES NINE DIAMONDS SIX,0.5722,0.0156,0.4122
HEARTS JACK HEARTS EIGHT,0.2062,0.2106,0.5832
SPADES EIGHT DIAMONDS SIX,0.5738,0.022,0.4042
SPADES SEVEN DIAMONDS SIX,0.5678,0.0206,0.4116
SPADES SIX DIAMONDS SIX,0.3236,0.038,0.6384
SPADES KING HEARTS KING,0.132,0.0096,0.8584
SPADES QUEEN HEARTS KING,0.3152,0.008,0.6768
CLUBS ACE CLUBS KING,0.314,0.0048,0.6812
SPADES ACE HEARTS KING,0.326,0.006,0.668
SPADES ACE HEARTS JACK,0.2214,0.021,0.7576
SPADES QUEEN HEARTS JACK,0.2222,0.0464,0.7314
SPADES KING HEARTS JACK,0.2356,0.0372,0.7272
SPADES TEN DIAMONDS TEN,0.276,0.0246,0.6994
SPADES ACE DIAMONDS TEN,0.3378,0.0052,0.657
SPADES TEN HEARTS JACK,0.2346,0.1252,0.6402
SPADES QUEEN DIAMONDS TEN,0.3188,0.009,0.6722
SPADES KING DIAMONDS TEN,0.3314,0.0074,0.6612
SPADES NINE DIAMONDS SEVEN,0.5618,0.0176,0.4206
SPADES EIGHT DIAMONDS SEVEN,0.5376,0.016,0.4464
SPADES SEVEN DIAMONDS SEVEN,0.294,0.0376,0.6684
SPADES SIX DIAMONDS SEVEN,0.5658,0.0194,0.4148
DIAMONDS KING DIAMONDS SEVEN,0.3376,0.0082,0.6542
HEARTS THREE DIAMONDS SEVEN,0.6202,0.0174,0.3624
DIAMONDS QUEEN DIAMONDS SEVEN,0.3458,0.012,0.6422
HEARTS TWO DIAMONDS SEVEN,0.63,0.0198,0.3502
HEARTS FIVE DIAMONDS SEVEN,0.6554,0.062,0.2826
DIAMONDS ACE DIAMONDS SEVEN,0.341,0.0054,0.6536
HEARTS FOUR DIAMONDS SEVEN,0.6146,0.0172,0.3682
HEARTS SEVEN DIAMONDS SEVEN,0.2994,0.0408,0.6598
HEARTS SIX DIAMONDS SEVEN,0.5588,0.0174,0.4238
HEARTS NINE DIAMONDS SEVEN,0.5504,0.0172,0.4324
HEARTS EIGHT DIAMONDS SEVEN,0.5556,0.0198,0.4246
DIAMONDS JACK DIAMONDS SEVEN,0.222,0.2932,0.4848
DIAMONDS TEN DIAMONDS SEVEN,0.5326,0.0204,0.447
SPADES KING CLUBS TWO,0.3932,0.008,0.5988
HEARTS KING CLUBS KING,0.1476,0.0044,0.848
CLUBS EIGHT DIAMONDS SEVEN,0.5424,0.0158,0.4418
SPADES QUEEN CLUBS TWO,0.4002,0.0142,0.5856
HEARTS KING CLUBS QUEEN,0.3264,0.0056,0.668
CLUBS NINE DIAMONDS SEVEN,0.5612,0.0142,0.4246
SPADES TWO CLUBS JACK,0.3264,0.4706,0.203
SPADES ACE CLUBS TWO,0.375,0.0076,0.6174
CLUBS TEN SPADES TWO,0.6302,0.0202,0.3496
HEARTS KING CLUBS ACE,0.326,0.0034,0.6706
CLUBS SEVEN CLUBS SIX,0.5292,0.0176,0.4532
SPADES TWO CLUBS KING,0.3974,0.0072,0.5954
SPADES TWO DIAMONDS SEVEN,0.637,0.0216,0.3414
CLUBS EIGHT CLUBS SIX,0.5292,0.019,0.4518
SPADES THREE DIAMONDS SEVEN,0.624,0.0232,0.3528
SPADES TWO CLUBS QUEEN,0.381,0.0122,0.6068
CLUBS NINE CLUBS SIX,0.5446,0.0136,0.4418
SPADES FOUR DIAMONDS SEVEN,0.6138,0.0204,0.3658
HEARTS KING CLUBS JACK,0.2306,0.0308,0.7386
SPADES FIVE DIAMONDS SEVEN,0.6648,0.0594,0.2758
SPADES TWO CLUBS ACE,0.402,0.0034,0.5946
CLUBS TEN HEARTS KING,0.344,0.0062,0.6498
CLUBS SIX SPADES TWO,0.633,0.0186,0.3484
CLUBS SIX SPADES THREE,0.6112,0.0206,0.3682
CLUBS TWO DIAMONDS SEVEN,0.6242,0.0218,0.354
CLUBS SIX SPADES FOUR,0.6076,0.0218,0.3706
CLUBS THREE DIAMONDS SEVEN,0.6176,0.0212,0.3612
CLUBS SIX SPADES FIVE,0.657,0.0604,0.2826
CLUBS FOUR DIAMONDS SEVEN,0.6094,0.0196,0.371
CLUBS SIX SPADES SIX,0.3194,0.0476,0.633
CLUBS FIVE DIAMONDS SEVEN,0.6598,0.0606,0.2796
CLUBS SIX SPADES SEVEN,0.5726,0.0162,0.4112
CLUBS SIX DIAMONDS SEVEN,0.565,0.0176,0.4174
SPADES EIGHT CLUBS SIX,0.5686,0.0174,0.414
CLUBS SEVEN DIAMONDS SEVEN,0.2982,0.0422,0.6596
SPADES NINE CLUBS SIX,0.5794,0.0182,0.4024
SPADES TEN CLUBS TWO,0.6198,0.0204,0.3598
CLUBS TWO CLUBS QUEEN,0.384,0.0128,0.6032
CLUBS TWO CLUBS KING,0.3672,0.0096,0.6232
CLUBS THREE DIAMONDS EIGHT,0.6262,0.0186,0.3552
CLUBS TWO CLUBS ACE,0.3558,0.0058,0.6384
CLUBS TWO DIAMONDS EIGHT,0.6198,0.017,0.3632
HEARTS SEVEN DIAMONDS EIGHT,0.5528,0.0184,0.4288
HEARTS SIX DIAMONDS EIGHT,0.5574,0.0216,0.421
DIAMONDS EIGHT HEARTS NINE,0.5608,0.0172,0.422
CLUBS TEN CLUBS TWO,0.5878,0.0178,0.3944
HEARTS EIGHT DIAMONDS EIGHT,0.2932,0.0356,0.6712
CLUBS TWO CLUBS JACK,0.311,0.4184,0.2706
CLUBS NINE DIAMONDS EIGHT,0.5406,0.0166,0.4428
CLUBS EIGHT DIAMONDS EIGHT,0.2894,0.0334,0.6772
CLUBS FIVE DIAMONDS EIGHT,0.6692,0.0606,0.2702
SPADES ACE SPADES THREE,0.3666,0.005,0.6284
CLUBS FOUR DIAMONDS EIGHT,0.6078,0.0178,0.3744
CLUBS SEVEN DIAMONDS EIGHT,0.5474,0.0188,0.4338
SPADES QUEEN SPADES THREE,0.3844,0.0128,0.6028
CLUBS SIX DIAMONDS EIGHT,0.5664,0.014,0.4196
SPADES KING SPADES THREE,0.3814,0.0092,0.6094
DIAMONDS QUEEN DIAMONDS EIGHT,0.3362,0.0116,0.6522
HEARTS TWO DIAMONDS EIGHT,0.6326,0.0224,0.345
DIAMONDS KING DIAMONDS EIGHT,0.3398,0.008,0.6522
HEARTS THREE DIAMONDS EIGHT,0.6276,0.0158,0.3566
DIAMONDS ACE DIAMONDS EIGHT,0.3442,0.0048,0.651
HEARTS FOUR DIAMONDS EIGHT,0.6166,0.0178,0.3656
HEARTS FIVE DIAMONDS EIGHT,0.6774,0.059,0.2636
DIAMONDS TEN DIAMONDS EIGHT,0.525,0.0184,0.4566
DIAMONDS JACK DIAMONDS EIGHT,0.2254,0.212,0.5626
SPADES TEN SPADES THREE,0.5982,0.0172,0.3846
CLUBS FOUR HEARTS ACE,0.382,0.0044,0.6136
CLUBS FOUR HEARTS QUEEN,0.378,0.01,0.612
CLUBS FOUR HEARTS KING,0.3996,0.0046,0.5958
CLUBS SIX HEARTS TEN,0.5766,0.0174,0.406
CLUBS SIX HEARTS JACK,0.215,0.3876,0.3974
SPADES FOUR DIAMONDS EIGHT,0.6164,0.0164,0.3672
SPADES FIVE DIAMONDS EIGHT,0.6708,0.0646,0.2646
SPADES TWO DIAMONDS EIGHT,0.6454,0.0206,0.334
SPADES THREE DIAMONDS EIGHT,0.6406,0.0176,0.3418
CLUBS FOUR HEARTS JACK,0.317,0.471,0.212
SPADES EIGHT DIAMONDS EIGHT,0.2914,0.039,0.6696
SPADES TEN HEARTS TWO,0.6356,0.0178,0.3466
SPADES TEN DIAMONDS QUEEN,0.32,0.0118,0.6682
CLUBS FOUR HEARTS TEN,0.6322,0.0176,0.3502
SPADES NINE DIAMONDS EIGHT,0.5524,0.0154,0.4322
SPADES TEN HEARTS EIGHT,0.5532,0.0202,0.4266
SPADES SIX DIAMONDS EIGHT,0.5536,0.0184,0.428
SPADES SEVEN DIAMONDS EIGHT,0.5542,0.016,0.4298
SPADES ACE HEARTS TWO,0.3832,0.0062,0.6106
SPADES ACE DIAMONDS QUEEN,0.3162,0.0056,0.6782
SPADES ACE HEARTS EIGHT,0.3538,0.0046,0.6416
SPADES KING HEARTS EIGHT,0.3532,0.007,0.6398
SPADES QUEEN HEARTS TWO,0.4068,0.0126,0.5806
SPADES QUEEN DIAMONDS QUEEN,0.1332,0.0118,0.855
SPADES KING DIAMONDS QUEEN,0.311,0.0076,0.6814
SPADES KING HEARTS TWO,0.4004,0.0102,0.5894
SPADES QUEEN HEARTS EIGHT,0.3628,0.0078,0.6294
CLUBS TWO HEARTS TEN,0.6312,0.0176,0.3512
CLUBS TWO HEARTS JACK,0.3372,0.4398,0.223
SPADES SEVEN DIAMONDS NINE,0.5624,0.0192,0.4184
SPADES SIX DIAMONDS NINE,0.5806,0.019,0.4004
SPADES NINE DIAMONDS NINE,0.2978,0.0282,0.674
SPADES EIGHT DIAMONDS NINE,0.5592,0.0166,0.4242
SPADES TEN CLUBS KING,0.3442,0.0074,0.6484
DIAMONDS NINE SPADES THREE,0.6246,0.0218,0.3536
DIAMONDS NINE SPADES TWO,0.6322,0.0182,0.3496
SPADES FIVE DIAMONDS NINE,0.6942,0.065,0.2408
SPADES FOUR DIAMONDS NINE,0.6398,0.0174,0.3428
CLUBS NINE DIAMONDS NINE,0.2946,0.0272,0.6782
CLUBS EIGHT DIAMONDS NINE,0.5456,0.016,0.4384
CLUBS SIX DIAMONDS NINE,0.5804,0.018,0.4016
CLUBS SEVEN DIAMONDS NINE,0.557,0.0202,0.4228
SPADES TEN CLUBS FOUR,0.621,0.0172,0.3618
CLUBS FOUR DIAMONDS NINE,0.6226,0.0182,0.3592
CLUBS FIVE DIAMONDS NINE,0.6832,0.0614,0.2554
CLUBS TWO DIAMONDS NINE,0.6164,0.0192,0.3644
CLUBS THREE DIAMONDS NINE,0.6224,0.0188,0.3588
DIAMONDS NINE HEARTS EIGHT,0.5518,0.0168,0.4314
DIAMONDS NINE HEARTS NINE,0.289,0.0282,0.6828
HEARTS SIX DIAMONDS NINE,0.5662,0.017,0.4168
HEARTS SEVEN DIAMONDS NINE,0.5422,0.0204,0.4374
CLUBS NINE CLUBS EIGHT,0.5086,0.0142,0.4772
DIAMONDS ACE DIAMONDS NINE,0.3396,0.0044,0.656
HEARTS FOUR DIAMONDS NINE,0.6318,0.017,0.3512
HEARTS FIVE DIAMONDS NINE,0.6874,0.0626,0.25
HEARTS ACE CLUBS TWO,0.3878,0.0024,0.6098
SPADES ACE CLUBS FOUR,0.3722,0.0048,0.623
DIAMONDS NINE DIAMONDS QUEEN,0.3256,0.0116,0.6628
HEARTS TWO DIAMONDS NINE,0.623,0.014,0.363
CLUBS TWO HEARTS KING,0.4102,0.0094,0.5804
SPADES KING CLUBS FOUR,0.3812,0.0078,0.611
DIAMONDS KING DIAMONDS NINE,0.3296,0.007,0.6634
HEARTS THREE DIAMONDS NINE,0.6182,0.0188,0.363
CLUBS TWO HEARTS QUEEN,0.3912,0.0138,0.595
SPADES QUEEN CLUBS FOUR,0.3862,0.0128,0.601
DIAMONDS NINE DIAMONDS JACK,0.2166,0.1648,0.6186
CLUBS EIGHT SPADES NINE,0.5412,0.0168,0.442
DIAMONDS TEN DIAMONDS NINE,0.5072,0.016,0.4768
CLUBS EIGHT SPADES EIGHT,0.3032,0.0292,0.6676
CLUBS EIGHT SPADES SEVEN,0.5488,0.0162,0.435
CLUBS EIGHT SPADES SIX,0.57,0.0192,0.4108
CLUBS EIGHT SPADES FIVE,0.6682,0.0632,0.2686
CLUBS EIGHT SPADES FOUR,0.631,0.0174,0.3516
CLUBS EIGHT SPADES THREE,0.6388,0.0194,0.3418
CLUBS EIGHT SPADES TWO,0.628,0.0196,0.3524
HEARTS SIX DIAMONDS TEN,0.5932,0.0158,0.391
HEARTS SEVEN DIAMONDS TEN,0.5608,0.0196,0.4196
DIAMONDS TEN HEARTS EIGHT,0.5502,0.0172,0.4326
CLUBS FOUR CLUBS JACK,0.3038,0.435,0.2612
DIAMONDS TEN HEARTS NINE,0.5092,0.0126,0.4782
CLUBS TEN CLUBS FOUR,0.5852,0.0196,0.3952
CLUBS FOUR CLUBS KING,0.3596,0.0068,0.6336
CLUBS FOUR CLUBS QUEEN,0.3682,0.011,0.6208
DIAMONDS TEN CLUBS TWO,0.6254,0.0158,0.3588
CLUBS THREE DIAMONDS TEN,0.6178,0.0232,0.359
CLUBS FOUR CLUBS ACE,0.3524,0.0054,0.6422
DIAMONDS TEN DIAMONDS JACK,0.2152,0.1182,0.6666
DIAMONDS TEN DIAMONDS QUEEN,0.3134,0.0096,0.677
HEARTS TWO DIAMONDS TEN,0.6084,0.0218,0.3698
DIAMONDS KING DIAMONDS TEN,0.3258,0.0072,0.667
HEARTS THREE DIAMONDS TEN,0.6222,0.0218,0.356
DIAMONDS ACE DIAMONDS TEN,0.3382,0.0044,0.6574
HEARTS FOUR DIAMONDS TEN,0.6142,0.0228,0.363
CLUBS EIGHT HEARTS JACK,0.24,0.208,0.552
HEARTS FIVE DIAMONDS TEN,0.6974,0.0588,0.2438
CLUBS EIGHT HEARTS TEN,0.5452,0.0156,0.4392
CLUBS EIGHT HEARTS QUEEN,0.3582,0.0118,0.63
CLUBS EIGHT HEARTS KING,0.3634,0.0066,0.63
CLUBS EIGHT HEARTS ACE,0.3638,0.005,0.6312
CLUBS NINE SPADES THREE,0.6342,0.0196,0.3462
CLUBS NINE SPADES TWO,0.6198,0.0202,0.36
CLUBS NINE SPADES FIVE,0.6926,0.0616,0.2458
CLUBS NINE SPADES FOUR,0.6358,0.0196,0.3446
CLUBS NINE SPADES SEVEN,0.5536,0.0152,0.4312
CLUBS NINE SPADES SIX,0.5798,0.02,0.4002
CLUBS NINE SPADES NINE,0.2862,0.0284,0.6854
CLUBS TEN HEARTS EIGHT,0.543,0.0152,0.4418
CLUBS NINE SPADES EIGHT,0.57,0.015,0.415
HEARTS EIGHT CLUBS JACK,0.2322,0.2104,0.5574
CLUBS QUEEN HEARTS EIGHT,0.3572,0.0088,0.634
CLUBS KING HEARTS EIGHT,0.369,0.008,0.623
CLUBS ACE HEARTS EIGHT,0.3708,0.0042,0.625
SPADES KING CLUBS KING,0.1312,0.008,0.8608
SPADES QUEEN CLUBS KING,0.3166,0.0064,0.677
SPADES ACE CLUBS KING,0.321,0.007,0.672
DIAMONDS ACE HEARTS TEN,0.348,0.0028,0.6492
HEARTS FOUR HEARTS TEN,0.5836,0.0194,0.397
DIAMONDS ACE HEARTS JACK,0.224,0.0192,0.7568
HEARTS FOUR HEARTS JACK,0.2992,0.4282,0.2726
SPADES KING CLUBS FIVE,0.245,0.0406,0.7144
SPADES QUEEN CLUBS FIVE,0.227,0.05,0.723
SPADES ACE CLUBS FIVE,0.235,0.0328,0.7322
HEARTS SEVEN DIAMONDS JACK,0.2198,0.3042,0.476
HEARTS SIX DIAMONDS JACK,0.217,0.3966,0.3864
DIAMONDS JACK HEARTS NINE,0.2308,0.1654,0.6038
DIAMONDS JACK HEARTS EIGHT,0.2268,0.2208,0.5524
DIAMONDS KING DIAMONDS JACK,0.2292,0.0318,0.739
HEARTS THREE DIAMONDS JACK,0.3206,0.4588,0.2206
SPADES ACE SPADES SIX,0.3518,0.0058,0.6424
HEARTS ACE SPADES FOUR,0.3824,0.0052,0.6124
DIAMONDS QUEEN DIAMONDS JACK,0.217,0.0394,0.7436
HEARTS TWO DIAMONDS JACK,0.3106,0.4714,0.218
HEARTS FIVE DIAMONDS JACK,0.013,0.9648,0.0222
SPADES QUEEN SPADES SIX,0.3378,0.0126,0.6496
SPADES FOUR HEARTS QUEEN,0.3868,0.0136,0.5996
DIAMONDS ACE DIAMONDS JACK,0.2266,0.02,0.7534
HEARTS FOUR DIAMONDS JACK,0.3084,0.477,0.2146
SPADES KING SPADES SIX,0.355,0.0074,0.6376
SPADES FOUR HEARTS KING,0.3808,0.0092,0.61
SPADES TEN SPADES SIX,0.555,0.0178,0.4272
SPADES FOUR DIAMONDS JACK,0.3176,0.4706,0.2118
SPADES FIVE DIAMONDS JACK,0.0072,0.9854,0.0074
SPADES TWO DIAMONDS JACK,0.3116,0.482,0.2064
SPADES THREE DIAMONDS JACK,0.3196,0.4606,0.2198
SPADES ACE DIAMONDS THREE,0.3836,0.0068,0.6096
SPADES QUEEN DIAMONDS THREE,0.395,0.0114,0.5936
CLUBS EIGHT DIAMONDS JACK,0.2232,0.2308,0.546
SPADES KING DIAMONDS THREE,0.393,0.0094,0.5976
CLUBS NINE DIAMONDS JACK,0.2216,0.1624,0.616
CLUBS SIX DIAMONDS JACK,0.2152,0.3822,0.4026
CLUBS SEVEN DIAMONDS JACK,0.2228,0.3056,0.4716
CLUBS FOUR DIAMONDS JACK,0.3076,0.466,0.2264
CLUBS FIVE DIAMONDS JACK,0.0104,0.9702,0.0194
CLUBS TWO DIAMONDS JACK,0.3152,0.4562,0.2286
CLUBS THREE DIAMONDS JACK,0.3196,0.4584,0.222
SPADES TEN CLUBS FIVE,0.71,0.0614,0.2286
SPADES TEN HEARTS SIX,0.5982,0.0192,0.3826
CLUBS SEVEN CLUBS ACE,0.3396,0.0054,0.655
SPADES TEN DIAMONDS THREE,0.6424,0.0192,0.3384
CLUBS SEVEN CLUBS QUEEN,0.3464,0.0094,0.6442
CLUBS SEVEN CLUBS KING,0.3508,0.0066,0.6426
SPADES NINE DIAMONDS JACK,0.2322,0.1648,0.603
CLUBS TEN CLUBS SEVEN,0.5358,0.016,0.4482
DIAMONDS ACE HEARTS ACE,0.1282,0.0034,0.8684
HEARTS FOUR HEARTS ACE,0.362,0.0032,0.6348
SPADES EIGHT DIAMONDS JACK,0.2044,0.2216,0.574
SPADES ACE HEARTS SIX,0.3518,0.0048,0.6434
CLUBS SEVEN CLUBS JACK,0.2026,0.285,0.5124
DIAMONDS ACE HEARTS KING,0.331,0.004,0.665
HEARTS FOUR HEARTS KING,0.366,0.0064,0.6276
SPADES SEVEN DIAMONDS JACK,0.2198,0.3136,0.4666
SPADES KING HEARTS SIX,0.3596,0.0068,0.6336
DIAMONDS ACE HEARTS QUEEN,0.3124,0.005,0.6826
HEARTS FOUR HEARTS QUEEN,0.3596,0.0096,0.6308
SPADES SIX DIAMONDS JACK,0.2076,0.4,0.3924
SPADES QUEEN HEARTS SIX,0.3552,0.0098,0.635
DIAMONDS TEN SPADES TWO,0.6294,0.019,0.3516
DIAMONDS TEN SPADES THREE,0.6352,0.0182,0.3466
DIAMONDS TEN SPADES FOUR,0.6216,0.0182,0.3602
SPADES FIVE DIAMONDS TEN,0.693,0.07,0.237
SPADES SIX DIAMONDS TEN,0.582,0.0164,0.4016
SPADES SEVEN DIAMONDS TEN,0.565,0.0194,0.4156
SPADES EIGHT DIAMONDS TEN,0.5524,0.0178,0.4298
SPADES NINE DIAMONDS TEN,0.5384,0.0166,0.445
CLUBS FOUR DIAMONDS TEN,0.6202,0.0202,0.3596
CLUBS FIVE DIAMONDS TEN,0.7032,0.0632,0.2336
CLUBS SIX DIAMONDS TEN,0.5742,0.0152,0.4106
CLUBS SEVEN DIAMONDS TEN,0.567,0.013,0.42
CLUBS EIGHT DIAMONDS TEN,0.5464,0.0162,0.4374
CLUBS NINE DIAMONDS TEN,0.5334,0.0166,0.45
DIAMONDS THREE CLUBS JACK,0.3268,0.461,0.2122
CLUBS TEN DIAMONDS THREE,0.6304,0.0162,0.3534
DIAMONDS THREE CLUBS KING,0.3892,0.0094,0.6014
DIAMONDS THREE CLUBS QUEEN,0.395,0.0146,0.5904
DIAMONDS THREE CLUBS ACE,0.3818,0.006,0.6122
SPADES FOUR HEARTS JACK,0.317,0.478,0.205
SPADES FOUR HEARTS TEN,0.6246,0.0166,0.3588
SPADES FIVE SPADES TWO,0.65,0.0618,0.2882
SPADES FOUR SPADES TWO,0.597,0.0236,0.3794
SPADES THREE SPADES TWO,0.599,0.0264,0.3746
SPADES NINE SPADES TWO,0.6034,0.019,0.3776
SPADES EIGHT SPADES TWO,0.5964,0.0202,0.3834
SPADES SEVEN SPADES TWO,0.6038,0.0198,0.3764
SPADES SIX SPADES TWO,0.5862,0.0202,0.3936
CLUBS THREE DIAMONDS QUEEN,0.394,0.0102,0.5958
CLUBS THREE HEARTS TWO,0.6302,0.0218,0.348
CLUBS TWO DIAMONDS QUEEN,0.397,0.0126,0.5904
HEARTS TWO CLUBS TWO,0.4236,0.0502,0.5262
HEARTS SEVEN DIAMONDS QUEEN,0.3614,0.0122,0.6264
HEARTS SEVEN HEARTS TWO,0.585,0.0196,0.3954
HEARTS SIX DIAMONDS QUEEN,0.3588,0.0092,0.632
HEARTS SIX HEARTS TWO,0.591,0.0174,0.3916
DIAMONDS QUEEN HEARTS NINE,0.3408,0.0116,0.6476
HEARTS TWO HEARTS NINE,0.583,0.0182,0.3988
DIAMONDS QUEEN HEARTS EIGHT,0.3536,0.012,0.6344
HEARTS TWO HEARTS EIGHT,0.5804,0.0174,0.4022
CLUBS NINE HEARTS TWO,0.622,0.0176,0.3604
CLUBS NINE DIAMONDS QUEEN,0.3484,0.0104,0.6412
CLUBS EIGHT HEARTS TWO,0.6366,0.0206,0.3428
CLUBS EIGHT DIAMONDS QUEEN,0.3464,0.01,0.6436
CLUBS FIVE DIAMONDS QUEEN,0.2232,0.049,0.7278
CLUBS FIVE HEARTS TWO,0.6734,0.0718,0.2548
SPADES EIGHT HEARTS ACE,0.3666,0.003,0.6304
CLUBS FOUR DIAMONDS QUEEN,0.3928,0.0136,0.5936
CLUBS FOUR HEARTS TWO,0.6374,0.0242,0.3384
CLUBS SEVEN DIAMONDS QUEEN,0.361,0.01,0.629
CLUBS SEVEN HEARTS TWO,0.6272,0.0188,0.354
SPADES EIGHT HEARTS QUEEN,0.3472,0.01,0.6428
CLUBS SIX DIAMONDS QUEEN,0.3634,0.0102,0.6264
CLUBS SIX HEARTS TWO,0.623,0.0192,0.3578
SPADES EIGHT HEARTS KING,0.3728,0.007,0.6202
SPADES SIX DIAMONDS QUEEN,0.3656,0.013,0.6214
SPADES SIX HEARTS TWO,0.6346,0.0172,0.3482
HEARTS FOUR CLUBS QUEEN,0.3946,0.011,0.5944
DIAMONDS ACE CLUBS QUEEN,0.3246,0.0052,0.6702
SPADES SEVEN DIAMONDS QUEEN,0.375,0.011,0.614
SPADES SEVEN HEARTS TWO,0.632,0.0182,0.3498
HEARTS FOUR CLUBS KING,0.3992,0.005,0.5958
DIAMONDS ACE CLUBS KING,0.3308,0.0032,0.666
SPADES EIGHT DIAMONDS QUEEN,0.3586,0.0116,0.6298
SPADES EIGHT HEARTS TWO,0.6352,0.0204,0.3444
HEARTS FOUR CLUBS ACE,0.3794,0.0052,0.6154
DIAMONDS ACE CLUBS ACE,0.1214,0.0032,0.8754
SPADES NINE DIAMONDS QUEEN,0.3466,0.0116,0.6418
SPADES NINE HEARTS TWO,0.6246,0.0186,0.3568
HEARTS TWO SPADES TWO,0.4152,0.0482,0.5366
DIAMONDS QUEEN SPADES TWO,0.4054,0.015,0.5796
HEARTS TWO SPADES THREE,0.6262,0.0228,0.351
SPADES THREE DIAMONDS QUEEN,0.3988,0.0122,0.589
HEARTS TWO SPADES FOUR,0.6386,0.0208,0.3406
SPADES FOUR DIAMONDS QUEEN,0.395,0.0126,0.5924
CLUBS TEN HEARTS FOUR,0.6264,0.0182,0.3554
CLUBS TEN DIAMONDS ACE,0.357,0.0046,0.6384
HEARTS TWO SPADES FIVE,0.6756,0.0668,0.2576
SPADES FIVE DIAMONDS QUEEN,0.2294,0.057,0.7136
HEARTS FOUR CLUBS JACK,0.3188,0.4626,0.2186
DIAMONDS ACE CLUBS JACK,0.227,0.023,0.75
CLUBS FIVE CLUBS KING,0.231,0.0406,0.7284
CLUBS FIVE CLUBS QUEEN,0.2164,0.05,0.7336
CLUBS FIVE CLUBS ACE,0.2202,0.0308,0.749
CLUBS FIVE CLUBS JACK,0.0202,0.905,0.0748
CLUBS TEN CLUBS FIVE,0.6626,0.059,0.2784
SPADES KING CLUBS JACK,0.2156,0.0312,0.7532
SPADES QUEEN CLUBS JACK,0.235,0.0406,0.7244
SPADES ACE CLUBS JACK,0.2284,0.0208,0.7508
SPADES SIX CLUBS KING,0.3792,0.0084,0.6124
SPADES SIX CLUBS QUEEN,0.3646,0.0108,0.6246
SPADES EIGHT HEARTS JACK,0.2356,0.2224,0.542
SPADES SIX CLUBS ACE,0.372,0.0046,0.6234
SPADES EIGHT HEARTS TEN,0.5496,0.018,0.4324
SPADES SIX CLUBS JACK,0.2192,0.3894,0.3914
CLUBS TEN SPADES SIX,0.5862,0.0176,0.3962
SPADES TEN CLUBS JACK,0.2398,0.1182,0.642
SPADES QUEEN CLUBS SEVEN,0.3688,0.01,0.6212
SPADES KING CLUBS SEVEN,0.3524,0.0078,0.6398
SPADES ACE CLUBS SEVEN,0.3646,0.0044,0.631
SPADES SIX HEARTS TEN,0.597,0.0158,0.3872
SPADES SIX HEARTS JACK,0.225,0.398,0.377
SPADES SIX HEARTS ACE,0.3744,0.0058,0.6198
SPADES SIX HEARTS KING,0.3694,0.0076,0.623
SPADES SIX HEARTS QUEEN,0.3886,0.0102,0.6012
CLUBS SEVEN SPADES TEN,0.5714,0.015,0.4136
CLUBS TEN HEARTS SIX,0.5812,0.0158,0.403
HEARTS SIX CLUBS JACK,0.2266,0.386,0.3874
CLUBS ACE CLUBS JACK,0.2158,0.0196,0.7646
HEARTS SIX CLUBS QUEEN,0.3608,0.0082,0.631
HEARTS SIX CLUBS KING,0.374,0.0078,0.6182
HEARTS SIX CLUBS ACE,0.353,0.003,0.644
CLUBS QUEEN CLUBS JACK,0.227,0.0422,0.7308
CLUBS KING CLUBS JACK,0.2174,0.0312,0.7514
DIAMONDS THREE HEARTS ACE,0.3832,0.0032,0.6136
DIAMONDS THREE HEARTS QUEEN,0.3888,0.0108,0.6004
DIAMONDS THREE HEARTS KING,0.3924,0.0056,0.602
CLUBS FIVE HEARTS JACK,0.0288,0.9524,0.0188
HEARTS FOUR SPADES TEN,0.6156,0.019,0.3654
SPADES TEN DIAMONDS ACE,0.3484,0.0062,0.6454
CLUBS FIVE HEARTS TEN,0.6954,0.0658,0.2388
SPADES ACE HEARTS FOUR,0.3948,0.0062,0.599
SPADES ACE DIAMONDS ACE,0.1214,0.005,0.8736
CLUBS FIVE HEARTS ACE,0.2262,0.0294,0.7444
CLUBS FIVE HEARTS KING,0.2406,0.0392,0.7202
HEARTS FOUR SPADES QUEEN,0.3858,0.012,0.6022
SPADES QUEEN DIAMONDS ACE,0.312,0.0044,0.6836
SPADES FOUR CLUBS JACK,0.3278,0.4678,0.2044
CLUBS FIVE HEARTS QUEEN,0.2312,0.0498,0.719
SPADES KING DIAMONDS ACE,0.3186,0.0042,0.6772
SPADES KING HEARTS FOUR,0.3924,0.0068,0.6008
CLUBS TEN SPADES FOUR,0.63,0.0188,0.3512
DIAMONDS ACE DIAMONDS QUEEN,0.309,0.0052,0.6858
DIAMONDS ACE HEARTS TWO,0.3856,0.0046,0.6098
HEARTS FOUR DIAMONDS QUEEN,0.3928,0.0146,0.5926
HEARTS FOUR HEARTS TWO,0.6072,0.0186,0.3742
DIAMONDS THREE HEARTS TEN,0.6274,0.0148,0.3578
SPADES FOUR CLUBS KING,0.4106,0.0068,0.5826
HEARTS FIVE DIAMONDS QUEEN,0.2252,0.0538,0.721
HEARTS FIVE HEARTS TWO,0.6282,0.0624,0.3094
DIAMONDS THREE HEARTS JACK,0.3224,0.4626,0.215
SPADES FOUR CLUBS QUEEN,0.396,0.0118,0.5922
HEARTS TWO DIAMONDS QUEEN,0.3874,0.0122,0.6004
DIAMONDS KING DIAMONDS QUEEN,0.3112,0.0072,0.6816
DIAMONDS KING HEARTS TWO,0.3992,0.0094,0.5914
HEARTS THREE DIAMONDS QUEEN,0.3948,0.012,0.5932
HEARTS THREE HEARTS TWO,0.5938,0.0202,0.386
SPADES FOUR CLUBS ACE,0.3808,0.0052,0.614
HEARTS TWO CLUBS ACE,0.3898,0.0024,0.6078
DIAMONDS QUEEN CLUBS ACE,0.328,0.0046,0.6674
HEARTS TWO CLUBS QUEEN,0.4028,0.015,0.5822
DIAMONDS QUEEN CLUBS QUEEN,0.153,0.0098,0.8372
HEARTS TWO CLUBS KING,0.3992,0.0082,0.5926
DIAMONDS QUEEN CLUBS KING,0.3126,0.0062,0.6812
SPADES EIGHT SPADES FIVE,0.6396,0.0566,0.3038
CLUBS TEN HEARTS TWO,0.6212,0.0176,0.3612
CLUBS TEN DIAMONDS QUEEN,0.325,0.0104,0.6646
SPADES NINE SPADES FIVE,0.6606,0.062,0.2774
HEARTS TWO CLUBS JACK,0.3164,0.456,0.2276
DIAMONDS QUEEN CLUBS JACK,0.2258,0.0432,0.731
SPADES SIX SPADES FIVE,0.631,0.0616,0.3074
SPADES SEVEN SPADES FIVE,0.6514,0.0608,0.2878
SPADES EIGHT CLUBS ACE,0.3756,0.005,0.6194
SPADES EIGHT CLUBS KING,0.368,0.0054,0.6266
SPADES EIGHT CLUBS QUEEN,0.367,0.0116,0.6214
SPADES EIGHT CLUBS JACK,0.2232,0.2324,0.5444
CLUBS TEN SPADES EIGHT,0.5556,0.0178,0.4266
DIAMONDS TEN HEARTS JACK,0.2194,0.129,0.6516
DIAMONDS TEN HEARTS TEN,0.2764,0.021,0.7026
SPADES ACE CLUBS NINE,0.3606,0.0038,0.6356
CLUBS NINE SPADES QUEEN,0.3366,0.0086,0.6548
CLUBS NINE SPADES KING,0.3478,0.0058,0.6464
HEARTS SIX HEARTS KING,0.3506,0.007,0.6424
DIAMONDS KING SPADES SEVEN,0.3678,0.008,0.6242
SPADES SEVEN HEARTS THREE,0.6308,0.0208,0.3484
SPADES KING DIAMONDS SEVEN,0.3684,0.0084,0.6232
HEARTS SIX HEARTS QUEEN,0.3476,0.012,0.6404
DIAMONDS KING SPADES SIX,0.361,0.0074,0.6316
HEARTS THREE SPADES SIX,0.6152,0.0192,0.3656
SPADES QUEEN DIAMONDS SEVEN,0.3664,0.0128,0.6208
SPADES NINE DIAMONDS KING,0.3666,0.0072,0.6262
SPADES NINE HEARTS THREE,0.6372,0.0164,0.3464
HEARTS SIX HEARTS ACE,0.339,0.0042,0.6568
SPADES EIGHT DIAMONDS KING,0.356,0.0082,0.6358
SPADES EIGHT HEARTS THREE,0.6312,0.021,0.3478
SPADES ACE DIAMONDS SEVEN,0.3622,0.0042,0.6336
CLUBS NINE HEARTS THREE,0.6248,0.018,0.3572
CLUBS NINE DIAMONDS KING,0.3492,0.0076,0.6432
CLUBS EIGHT HEARTS THREE,0.6254,0.0202,0.3544
CLUBS EIGHT DIAMONDS KING,0.3702,0.0046,0.6252
HEARTS THREE SPADES THREE,0.4132,0.0514,0.5354
DIAMONDS KING SPADES THREE,0.402,0.0094,0.5886
HEARTS THREE SPADES TWO,0.64,0.0226,0.3374
DIAMONDS KING SPADES TWO,0.4018,0.0062,0.592
HEARTS THREE SPADES FIVE,0.6646,0.068,0.2674
DIAMONDS KING SPADES FIVE,0.2298,0.0418,0.7284
HEARTS THREE SPADES FOUR,0.6108,0.023,0.3662
