opposingHand,winningChance,drawChance,lostChance
SPADES FOUR DIAMONDS KING
HEARTS FIVE SPADES TEN,0.6084,0.0092,0.3824
HEARTS FIVE SPADES JACK,0.5974,0.0062,0.3964
SPADES FIVE CLUBS JACK,0.5892,0.0086,0.4022
CLUBS TEN SPADES FIVE,0.606,0.0074,0.3866
CLUBS EIGHT CLUBS JACK,0.5372,0.0066,0.4562
CLUBS TEN CLUBS EIGHT,0.5258,0.0052,0.469
CLUBS EIGHT CLUBS KING,0.2204,0.2134,0.5662
SPADES FIVE CLUBS ACE,0.3466,0.0038,0.6496
CLUBS EIGHT CLUBS QUEEN,0.5376,0.0082,0.4542
SPADES FIVE CLUBS KING,0.213,0.466,0.321
SPADES FIVE CLUBS QUEEN,0.5978,0.0062,0.396
CLUBS EIGHT CLUBS ACE,0.3424,0.0028,0.6548
DIAMONDS TWO DIAMONDS THREE,0.627,0.0102,0.3628
DIAMONDS TWO DIAMONDS FIVE,0.5956,0.0104,0.394
HEARTS FIVE SPADES KING,0.2158,0.4492,0.335
DIAMONDS TWO DIAMONDS FOUR,0.6898,0.0308,0.2794
HEARTS FIVE SPADES QUEEN,0.6086,0.01,0.3814
DIAMONDS TWO DIAMONDS SEVEN,0.6128,0.011,0.3762
DIAMONDS TWO DIAMONDS SIX,0.5996,0.0082,0.3922
SPADES ACE HEARTS FIVE,0.3338,0.0058,0.6604
DIAMONDS TWO DIAMONDS NINE,0.608,0.0094,0.3826
DIAMONDS TWO DIAMONDS EIGHT,0.6092,0.0094,0.3814
DIAMONDS THREE DIAMONDS FOUR,0.6518,0.0352,0.313
DIAMONDS THREE DIAMONDS FIVE,0.5884,0.0098,0.4018
SPADES FIVE CLUBS TWO,0.611,0.0116,0.3774
CLUBS TWO SPADES TWO,0.45,0.0206,0.5294
CLUBS TWO SPADES THREE,0.6536,0.0094,0.337
DIAMONDS THREE DIAMONDS EIGHT,0.614,0.009,0.377
SPADES EIGHT CLUBS TWO,0.626,0.0096,0.3644
DIAMONDS THREE DIAMONDS NINE,0.604,0.0066,0.3894
SPADES NINE CLUBS TWO,0.6256,0.012,0.3624
DIAMONDS THREE DIAMONDS SIX,0.5968,0.009,0.3942
SPADES SIX CLUBS TWO,0.6326,0.0108,0.3566
DIAMONDS THREE DIAMONDS SEVEN,0.5938,0.0096,0.3966
SPADES SEVEN CLUBS TWO,0.6346,0.0088,0.3566
CLUBS SIX CLUBS TWO,0.5894,0.0086,0.402
CLUBS SEVEN CLUBS TWO,0.6044,0.0058,0.3898
CLUBS FOUR CLUBS TWO,0.676,0.0382,0.2858
CLUBS FIVE CLUBS TWO,0.576,0.008,0.416
CLUBS TEN CLUBS JACK,0.5114,0.0048,0.4838
DIAMONDS FOUR DIAMONDS SIX,0.6774,0.0322,0.2904
CLUBS TEN CLUBS QUEEN,0.5204,0.0088,0.4708
DIAMONDS FOUR DIAMONDS SEVEN,0.6634,0.0288,0.3078
CLUBS TEN CLUBS KING,0.2338,0.1064,0.6598
CLUBS TEN CLUBS ACE,0.329,0.0048,0.6662
CLUBS EIGHT CLUBS TWO,0.5732,0.0084,0.4184
DIAMONDS FIVE DIAMONDS FOUR,0.6534,0.035,0.3116
CLUBS NINE CLUBS TWO,0.5834,0.0096,0.407
DIAMONDS NINE DIAMONDS FOUR,0.7066,0.0302,0.2632
DIAMONDS EIGHT DIAMONDS FOUR,0.6924,0.0296,0.278
CLUBS THREE CLUBS TWO,0.584,0.0098,0.4062
DIAMONDS NINE DIAMONDS FIVE,0.5748,0.011,0.4142
DIAMONDS TWO CLUBS JACK,0.6398,0.0096,0.3506
DIAMONDS EIGHT DIAMONDS FIVE,0.5654,0.0082,0.4264
CLUBS TEN DIAMONDS TWO,0.6192,0.0086,0.3722
DIAMONDS FIVE DIAMONDS SEVEN,0.5512,0.0078,0.441
DIAMONDS FIVE DIAMONDS SIX,0.538,0.0118,0.4502
DIAMONDS TWO CLUBS ACE,0.3832,0.0054,0.6114
DIAMONDS TWO CLUBS KING,0.2618,0.5214,0.2168
DIAMONDS TWO CLUBS QUEEN,0.6388,0.0088,0.3524
DIAMONDS EIGHT DIAMONDS SIX,0.5446,0.0084,0.447
DIAMONDS NINE DIAMONDS SIX,0.5282,0.0132,0.4586
HEARTS ACE SPADES THREE,0.378,0.006,0.616
SPADES THREE HEARTS KING,0.271,0.5166,0.2124
DIAMONDS SEVEN DIAMONDS SIX,0.5356,0.0078,0.4566
SPADES THREE HEARTS QUEEN,0.6456,0.0094,0.345
SPADES THREE HEARTS JACK,0.6396,0.0074,0.353
SPADES THREE HEARTS TEN,0.6334,0.0082,0.3584
DIAMONDS EIGHT DIAMONDS SEVEN,0.53,0.007,0.463
DIAMONDS NINE DIAMONDS SEVEN,0.5452,0.008,0.4468
DIAMONDS NINE DIAMONDS EIGHT,0.5208,0.008,0.4712
HEARTS THREE HEARTS TEN,0.5898,0.008,0.4022
SPADES JACK CLUBS SIX,0.5978,0.007,0.3952
HEARTS THREE HEARTS JACK,0.6012,0.0084,0.3904
SPADES TEN CLUBS SIX,0.5918,0.0088,0.3994
SPADES JACK SPADES FIVE,0.5762,0.0078,0.416
SPADES TEN SPADES FIVE,0.5702,0.0098,0.42
HEARTS THREE HEARTS ACE,0.344,0.005,0.651
SPADES ACE CLUBS SIX,0.3472,0.0046,0.6482
HEARTS THREE HEARTS QUEEN,0.5962,0.0074,0.3964
SPADES KING CLUBS SIX,0.2102,0.3886,0.4012
HEARTS THREE HEARTS KING,0.248,0.4804,0.2716
SPADES QUEEN CLUBS SIX,0.5894,0.0058,0.4048
SPADES NINE HEARTS TEN,0.5316,0.0056,0.4628
SPADES NINE HEARTS JACK,0.549,0.005,0.446
SPADES QUEEN SPADES FIVE,0.57,0.0092,0.4208
SPADES KING SPADES FIVE,0.2132,0.443,0.3438
SPADES ACE SPADES FIVE,0.3338,0.0058,0.6604
SPADES NINE HEARTS QUEEN,0.5746,0.0074,0.418
SPADES NINE HEARTS KING,0.2326,0.1672,0.6002
SPADES NINE HEARTS ACE,0.3386,0.0038,0.6576
CLUBS TEN SPADES JACK,0.5448,0.0078,0.4474
CLUBS TEN SPADES TEN,0.2982,0.0076,0.6942
SPADES ACE CLUBS TEN,0.3484,0.0046,0.647
SPADES KING CLUBS TEN,0.2256,0.113,0.6614
CLUBS TEN SPADES QUEEN,0.5508,0.0076,0.4416
SPADES FIVE HEARTS QUEEN,0.5966,0.0084,0.395
SPADES FIVE HEARTS KING,0.2136,0.468,0.3184
HEARTS ACE SPADES FIVE,0.3588,0.0044,0.6368
CLUBS EIGHT SPADES TEN,0.5608,0.0078,0.4314
SPADES JACK HEARTS THREE,0.6358,0.0096,0.3546
SPADES TEN HEARTS THREE,0.6274,0.007,0.3656
SPADES JACK CLUBS EIGHT,0.568,0.007,0.425
CLUBS SIX HEARTS ACE,0.3624,0.0042,0.6334
SPADES ACE CLUBS EIGHT,0.3442,0.0044,0.6514
HEARTS FIVE CLUBS JACK,0.6014,0.0062,0.3924
HEARTS FIVE CLUBS TEN,0.606,0.008,0.386
CLUBS SIX HEARTS QUEEN,0.5926,0.007,0.4004
SPADES QUEEN CLUBS EIGHT,0.5746,0.0082,0.4172
CLUBS TEN SPADES THREE,0.633,0.0058,0.3612
CLUBS SIX HEARTS KING,0.2282,0.3808,0.391
SPADES KING CLUBS EIGHT,0.2288,0.2352,0.536
SPADES THREE CLUBS JACK,0.6344,0.0082,0.3574
DIAMONDS TWO HEARTS JACK,0.6374,0.0078,0.3548
SPADES THREE CLUBS QUEEN,0.6362,0.0086,0.3552
DIAMONDS TWO HEARTS TEN,0.6342,0.0084,0.3574
SPADES THREE CLUBS KING,0.257,0.5232,0.2198
HEARTS FIVE CLUBS ACE,0.3398,0.005,0.6552
SPADES FIVE HEARTS TEN,0.5918,0.0096,0.3986
SPADES THREE CLUBS ACE,0.3926,0.0062,0.6012
HEARTS FIVE CLUBS KING,0.2148,0.4538,0.3314
SPADES FIVE HEARTS JACK,0.5868,0.007,0.4062
HEARTS FIVE CLUBS QUEEN,0.599,0.0076,0.3934
HEARTS THREE CLUBS KING,0.2718,0.518,0.2102
HEARTS THREE CLUBS QUEEN,0.631,0.0066,0.3624
HEARTS FIVE HEARTS JACK,0.571,0.0118,0.4172
HEARTS FIVE HEARTS TEN,0.568,0.0096,0.4224
HEARTS THREE CLUBS ACE,0.3784,0.004,0.6176
SPADES ACE CLUBS QUEEN,0.3506,0.0046,0.6448
SPADES KING CLUBS QUEEN,0.237,0.0672,0.6958
HEARTS THREE CLUBS JACK,0.6304,0.0092,0.3604
SPADES QUEEN CLUBS QUEEN,0.2816,0.004,0.7144
CLUBS TEN HEARTS THREE,0.638,0.0072,0.3548
SPADES JACK CLUBS QUEEN,0.558,0.0096,0.4324
CLUBS SIX CLUBS QUEEN,0.5726,0.0096,0.4178
SPADES TEN CLUBS QUEEN,0.5534,0.008,0.4386
CLUBS SIX CLUBS KING,0.2152,0.354,0.4308
CLUBS SIX CLUBS ACE,0.3474,0.005,0.6476
HEARTS FIVE HEARTS KING,0.2098,0.4376,0.3526
HEARTS FIVE HEARTS QUEEN,0.5592,0.0072,0.4336
CLUBS TEN CLUBS SIX,0.5414,0.0092,0.4494
HEARTS FIVE HEARTS ACE,0.3238,0.005,0.6712
CLUBS SIX CLUBS JACK,0.5574,0.0078,0.4348
SPADES SEVEN HEARTS JACK,0.5876,0.0084,0.404
SPADES SEVEN HEARTS TEN,0.5766,0.006,0.4174
DIAMONDS TWO CLUBS TWO,0.4502,0.022,0.5278
DIAMONDS TWO CLUBS THREE,0.6478,0.011,0.3412
DIAMONDS TWO HEARTS SIX,0.6332,0.0112,0.3556
DIAMONDS TWO HEARTS QUEEN,0.6266,0.0076,0.3658
HEARTS SEVEN DIAMONDS TWO,0.6406,0.0098,0.3496
DIAMONDS TWO HEARTS KING,0.2594,0.5166,0.224
DIAMONDS TWO HEARTS EIGHT,0.636,0.0108,0.3532
DIAMONDS TWO HEARTS ACE,0.379,0.0048,0.6162
DIAMONDS TWO HEARTS NINE,0.643,0.0082,0.3488
DIAMONDS TWO DIAMONDS QUEEN,0.6178,0.0078,0.3744
DIAMONDS TWO HEARTS TWO,0.4488,0.0204,0.5308
DIAMONDS TWO HEARTS THREE,0.6494,0.0096,0.341
DIAMONDS TWO DIAMONDS ACE,0.3758,0.0036,0.6206
HEARTS FOUR DIAMONDS TWO,0.715,0.0374,0.2476
HEARTS FIVE DIAMONDS TWO,0.623,0.0112,0.3658
SPADES SEVEN HEARTS ACE,0.3498,0.0042,0.646
DIAMONDS TWO DIAMONDS TEN,0.6044,0.0118,0.3838
SPADES SEVEN HEARTS KING,0.2324,0.2906,0.477
DIAMONDS TWO DIAMONDS JACK,0.6096,0.0086,0.3818
SPADES SEVEN HEARTS QUEEN,0.5824,0.0066,0.411
DIAMONDS TWO SPADES NINE,0.635,0.0082,0.3568
DIAMONDS TWO SPADES EIGHT,0.6388,0.012,0.3492
DIAMONDS TWO SPADES SEVEN,0.6396,0.0094,0.351
DIAMONDS TWO SPADES SIX,0.6348,0.0076,0.3576
DIAMONDS TWO SPADES FIVE,0.6234,0.0102,0.3664
DIAMONDS TWO SPADES THREE,0.6606,0.0106,0.3288
DIAMONDS TWO SPADES TWO,0.4452,0.021,0.5338
CLUBS NINE DIAMONDS TWO,0.624,0.009,0.367
DIAMONDS TWO CLUBS EIGHT,0.6428,0.0068,0.3504
CLUBS SEVEN DIAMONDS TWO,0.6314,0.0098,0.3588
DIAMONDS TWO CLUBS SIX,0.6322,0.0114,0.3564
DIAMONDS TWO CLUBS FIVE,0.6298,0.0102,0.36
DIAMONDS TWO CLUBS FOUR,0.7312,0.0378,0.231
CLUBS FOUR SPADES FIVE,0.6798,0.035,0.2852
CLUBS FOUR SPADES THREE,0.696,0.0394,0.2646
CLUBS FOUR SPADES TWO,0.717,0.0356,0.2474
SPADES NINE CLUBS FOUR,0.7226,0.0322,0.2452
SPADES EIGHT CLUBS FOUR,0.723,0.0284,0.2486
SPADES SEVEN CLUBS FOUR,0.6956,0.0322,0.2722
CLUBS FOUR SPADES SIX,0.6812,0.0316,0.2872
SPADES ACE DIAMONDS SIX,0.3544,0.0064,0.6392
SPADES QUEEN DIAMONDS SIX,0.6084,0.0118,0.3798
SPADES KING DIAMONDS SIX,0.2172,0.3842,0.3986
SPADES TEN DIAMONDS SIX,0.5872,0.0076,0.4052
SPADES JACK DIAMONDS SIX,0.596,0.0102,0.3938
SPADES QUEEN SPADES TWO,0.6058,0.0092,0.385
SPADES KING SPADES TWO,0.2638,0.476,0.2602
SPADES ACE SPADES TWO,0.3648,0.0056,0.6296
DIAMONDS JACK CLUBS JACK,0.3018,0.0068,0.6914
CLUBS TEN DIAMONDS JACK,0.5434,0.006,0.4506
DIAMONDS JACK CLUBS KING,0.2462,0.0866,0.6672
DIAMONDS JACK CLUBS QUEEN,0.5576,0.005,0.4374
DIAMONDS THREE DIAMONDS JACK,0.6022,0.0092,0.3886
DIAMONDS THREE DIAMONDS TEN,0.5974,0.0094,0.3932
DIAMONDS JACK CLUBS ACE,0.3398,0.0048,0.6554
DIAMONDS THREE HEARTS THREE,0.4318,0.022,0.5462
DIAMONDS THREE DIAMONDS QUEEN,0.5978,0.0098,0.3924
DIAMONDS THREE HEARTS TWO,0.6672,0.011,0.3218
HEARTS FIVE DIAMONDS THREE,0.621,0.0106,0.3684
DIAMONDS THREE DIAMONDS ACE,0.366,0.0066,0.6274
HEARTS FOUR DIAMONDS THREE,0.715,0.0324,0.2526
HEARTS SEVEN DIAMONDS THREE,0.6274,0.0098,0.3628
SPADES TEN SPADES NINE,0.5176,0.0066,0.4758
HEARTS SIX DIAMONDS THREE,0.6172,0.0084,0.3744
SPADES JACK SPADES NINE,0.5182,0.0092,0.4726
DIAMONDS THREE HEARTS NINE,0.6298,0.0072,0.363
HEARTS JACK DIAMONDS FOUR,0.7328,0.0388,0.2284
HEARTS ACE HEARTS KING,0.2066,0.012,0.7814
SPADES TEN SPADES TWO,0.6072,0.0094,0.3834
DIAMONDS THREE HEARTS EIGHT,0.6398,0.0084,0.3518
HEARTS TEN DIAMONDS FOUR,0.7196,0.0438,0.2366
SPADES JACK SPADES TWO,0.6044,0.0092,0.3864
HEARTS QUEEN DIAMONDS FOUR,0.7334,0.0388,0.2278
HEARTS KING DIAMONDS FOUR,0.0152,0.9736,0.0112
SPADES ACE SPADES NINE,0.3496,0.0048,0.6456
HEARTS ACE DIAMONDS FOUR,0.2374,0.023,0.7396
SPADES KING SPADES NINE,0.2166,0.1544,0.629
SPADES QUEEN SPADES NINE,0.5392,0.006,0.4548
DIAMONDS THREE SPADES NINE,0.6378,0.0086,0.3536
DIAMONDS THREE SPADES EIGHT,0.6414,0.0108,0.3478
DIAMONDS THREE SPADES SEVEN,0.6388,0.0084,0.3528
DIAMONDS THREE SPADES SIX,0.6178,0.0094,0.3728
DIAMONDS THREE CLUBS SIX,0.6368,0.009,0.3542
CLUBS FIVE CLUBS SIX,0.5278,0.0068,0.4654
CLUBS ACE DIAMONDS FOUR,0.2244,0.0226,0.753
CLUBS SEVEN DIAMONDS THREE,0.6338,0.0064,0.3598
CLUBS SEVEN CLUBS FIVE,0.532,0.007,0.461
DIAMONDS THREE CLUBS FOUR,0.6916,0.0376,0.2708
DIAMONDS FOUR CLUBS QUEEN,0.7434,0.0374,0.2192
DIAMONDS THREE CLUBS FIVE,0.5992,0.0106,0.3902
CLUBS KING DIAMONDS FOUR,0.0202,0.9686,0.0112
DIAMONDS THREE CLUBS TWO,0.6552,0.0116,0.3332
CLUBS TEN DIAMONDS FOUR,0.7244,0.0386,0.237
DIAMONDS THREE CLUBS THREE,0.4368,0.0196,0.5436
DIAMONDS FOUR CLUBS JACK,0.7288,0.0366,0.2346
DIAMONDS THREE SPADES FIVE,0.5974,0.012,0.3906
DIAMONDS THREE SPADES TWO,0.66,0.009,0.331
DIAMONDS THREE SPADES THREE,0.4372,0.0218,0.541
CLUBS EIGHT DIAMONDS THREE,0.6452,0.0082,0.3466
CLUBS NINE DIAMONDS THREE,0.6396,0.0068,0.3536
SPADES SEVEN CLUBS ACE,0.3626,0.0034,0.634
SPADES SEVEN CLUBS QUEEN,0.591,0.0068,0.4022
SPADES SEVEN CLUBS KING,0.2204,0.3086,0.471
CLUBS FIVE SPADES SEVEN,0.5838,0.0074,0.4088
CLUBS TEN SPADES SEVEN,0.555,0.0064,0.4386
CLUBS FIVE SPADES SIX,0.5674,0.0074,0.4252
SPADES SEVEN CLUBS JACK,0.5914,0.0066,0.402
CLUBS FIVE SPADES NINE,0.5954,0.0074,0.3972
CLUBS FIVE SPADES EIGHT,0.5866,0.0076,0.4058
CLUBS FIVE SPADES THREE,0.6186,0.0076,0.3738
CLUBS FIVE SPADES TWO,0.6196,0.0094,0.371
CLUBS FIVE SPADES FIVE,0.3324,0.0196,0.648
CLUBS NINE CLUBS FIVE,0.5406,0.0072,0.4522
CLUBS EIGHT CLUBS FIVE,0.5574,0.0076,0.435
CLUBS ACE CLUBS QUEEN,0.3316,0.0042,0.6642
CLUBS KING CLUBS QUEEN,0.2174,0.0574,0.7252
DIAMONDS TEN DIAMONDS FOUR,0.694,0.0364,0.2696
CLUBS TEN DIAMONDS NINE,0.551,0.007,0.442
DIAMONDS JACK DIAMONDS FOUR,0.701,0.037,0.262
DIAMONDS NINE CLUBS JACK,0.5598,0.0078,0.4324
SPADES NINE CLUBS JACK,0.5412,0.0058,0.453
CLUBS TEN SPADES NINE,0.5454,0.0062,0.4484
DIAMONDS ACE DIAMONDS FOUR,0.2112,0.0234,0.7654
HEARTS FOUR DIAMONDS FOUR,0.3138,0.027,0.6592
DIAMONDS JACK HEARTS TEN,0.5512,0.0094,0.4394
SPADES NINE CLUBS KING,0.221,0.165,0.614
DIAMONDS TWO SPADES TEN,0.6346,0.0088,0.3566
DIAMONDS NINE CLUBS ACE,0.362,0.005,0.633
HEARTS FIVE DIAMONDS FOUR,0.679,0.0378,0.2832
DIAMONDS JACK HEARTS JACK,0.2838,0.0058,0.7104
SPADES NINE CLUBS QUEEN,0.571,0.0082,0.4208
DIAMONDS TWO SPADES JACK,0.6452,0.0114,0.3434
DIAMONDS QUEEN DIAMONDS FOUR,0.7056,0.0328,0.2616
HEARTS TWO DIAMONDS FOUR,0.7164,0.0336,0.25
DIAMONDS NINE CLUBS QUEEN,0.5656,0.0062,0.4282
HEARTS THREE DIAMONDS FOUR,0.7098,0.0332,0.257
SPADES NINE CLUBS ACE,0.3584,0.0046,0.637
DIAMONDS NINE CLUBS KING,0.2368,0.1638,0.5994
HEARTS ACE DIAMONDS JACK,0.3668,0.0036,0.6296
SPADES ACE DIAMONDS TWO,0.3774,0.0066,0.616
HEARTS QUEEN DIAMONDS JACK,0.555,0.0078,0.4372
SPADES QUEEN DIAMONDS TWO,0.6354,0.0094,0.3552
DIAMONDS JACK HEARTS KING,0.2404,0.0834,0.6762
SPADES KING DIAMONDS TWO,0.27,0.5168,0.2132
SPADES JACK SPADES SEVEN,0.5592,0.0062,0.4346
SPADES TEN SPADES SEVEN,0.546,0.007,0.447
CLUBS SEVEN CLUBS THREE,0.5778,0.008,0.4142
CLUBS SIX CLUBS THREE,0.5768,0.0088,0.4144
CLUBS FIVE CLUBS THREE,0.5648,0.0092,0.426
CLUBS THREE CLUBS FOUR,0.6524,0.032,0.3156
CLUBS NINE CLUBS THREE,0.5784,0.0116,0.41
CLUBS EIGHT CLUBS THREE,0.592,0.0084,0.3996
CLUBS THREE SPADES FIVE,0.5974,0.008,0.3946
CLUBS THREE SPADES THREE,0.4378,0.0202,0.542
CLUBS THREE SPADES TWO,0.6456,0.0112,0.3432
CLUBS THREE SPADES SIX,0.619,0.0104,0.3706
CLUBS THREE SPADES SEVEN,0.6228,0.01,0.3672
SPADES EIGHT CLUBS THREE,0.634,0.0098,0.3562
SPADES NINE CLUBS THREE,0.6238,0.0088,0.3674
SPADES TWO DIAMONDS FOUR,0.7114,0.0372,0.2514
SPADES THREE DIAMONDS FOUR,0.704,0.0392,0.2568
SPADES FIVE DIAMONDS FOUR,0.6678,0.039,0.2932
SPADES SIX DIAMONDS FOUR,0.7048,0.0318,0.2634
SPADES SEVEN DIAMONDS FOUR,0.7082,0.0338,0.258
SPADES EIGHT DIAMONDS FOUR,0.7162,0.033,0.2508
SPADES NINE DIAMONDS FOUR,0.7342,0.035,0.2308
CLUBS FIVE DIAMONDS FOUR,0.6718,0.031,0.2972
CLUBS FOUR DIAMONDS FOUR,0.2974,0.0264,0.6762
CLUBS SEVEN DIAMONDS FOUR,0.6988,0.0336,0.2676
CLUBS SIX DIAMONDS FOUR,0.689,0.0328,0.2782
CLUBS NINE DIAMONDS FOUR,0.7218,0.0356,0.2426
CLUBS EIGHT DIAMONDS FOUR,0.708,0.0304,0.2616
HEARTS SEVEN DIAMONDS FOUR,0.7038,0.0322,0.264
HEARTS SIX DIAMONDS FOUR,0.6976,0.026,0.2764
DIAMONDS FOUR HEARTS NINE,0.7356,0.0308,0.2336
DIAMONDS FOUR HEARTS EIGHT,0.7166,0.0332,0.2502
CLUBS THREE DIAMONDS FOUR,0.7006,0.0344,0.265
CLUBS TWO DIAMONDS FOUR,0.7202,0.036,0.2438
DIAMONDS TEN DIAMONDS FIVE,0.585,0.0096,0.4054
DIAMONDS JACK DIAMONDS FIVE,0.5776,0.007,0.4154
DIAMONDS NINE HEARTS QUEEN,0.5792,0.0054,0.4154
DIAMONDS NINE HEARTS KING,0.2486,0.1676,0.5838
HEARTS ACE DIAMONDS NINE,0.3714,0.0038,0.6248
DIAMONDS NINE HEARTS TEN,0.5434,0.0058,0.4508
DIAMONDS NINE HEARTS JACK,0.5682,0.008,0.4238
CLUBS KING DIAMONDS SIX,0.2314,0.3796,0.389
CLUBS QUEEN DIAMONDS SIX,0.5952,0.009,0.3958
CLUBS ACE DIAMONDS SIX,0.356,0.005,0.639
SPADES KING DIAMONDS FOUR,0.0088,0.9828,0.0084
SPADES ACE SPADES SEVEN,0.3564,0.004,0.6396
SPADES QUEEN DIAMONDS FOUR,0.735,0.032,0.233
SPADES QUEEN SPADES SEVEN,0.5608,0.0062,0.433
CLUBS JACK DIAMONDS SIX,0.6114,0.007,0.3816
SPADES KING SPADES SEVEN,0.2186,0.2942,0.4872
SPADES ACE DIAMONDS FOUR,0.216,0.027,0.757
CLUBS TEN DIAMONDS SIX,0.5834,0.009,0.4076
CLUBS NINE CLUBS FOUR,0.6898,0.0336,0.2766
CLUBS EIGHT CLUBS FOUR,0.679,0.0276,0.2934
SPADES JACK DIAMONDS FOUR,0.7416,0.0334,0.225
SPADES TEN DIAMONDS FOUR,0.7282,0.035,0.2368
CLUBS FIVE CLUBS FOUR,0.6284,0.0334,0.3382
CLUBS SEVEN CLUBS FOUR,0.6512,0.0276,0.3212
CLUBS SIX CLUBS FOUR,0.6436,0.0262,0.3302
CLUBS SEVEN SPADES EIGHT,0.5578,0.007,0.4352
CLUBS SEVEN SPADES NINE,0.5598,0.0078,0.4324
CLUBS SEVEN SPADES SIX,0.5694,0.0054,0.4252
CLUBS SEVEN SPADES SEVEN,0.3368,0.0114,0.6518
CLUBS SEVEN SPADES FIVE,0.58,0.009,0.411
CLUBS SEVEN SPADES THREE,0.6162,0.0098,0.374
CLUBS SEVEN SPADES TWO,0.6402,0.0098,0.35
CLUBS NINE CLUBS SEVEN,0.5186,0.007,0.4744
CLUBS SEVEN CLUBS EIGHT,0.5212,0.0066,0.4722
HEARTS SIX DIAMONDS FIVE,0.5712,0.0102,0.4186
HEARTS SEVEN DIAMONDS FIVE,0.5664,0.0088,0.4248
DIAMONDS FIVE HEARTS EIGHT,0.5882,0.0086,0.4032
DIAMONDS FIVE HEARTS NINE,0.5956,0.0076,0.3968
DIAMONDS QUEEN DIAMONDS FIVE,0.579,0.0084,0.4126
HEARTS TWO DIAMONDS FIVE,0.6238,0.0092,0.367
HEARTS KING HEARTS EIGHT,0.2186,0.2216,0.5598
HEARTS THREE DIAMONDS FIVE,0.5996,0.0094,0.391
HEARTS QUEEN HEARTS EIGHT,0.5422,0.007,0.4508
DIAMONDS ACE DIAMONDS FIVE,0.3316,0.0052,0.6632
HEARTS FOUR DIAMONDS FIVE,0.6912,0.029,0.2798
HEARTS FIVE DIAMONDS FIVE,0.3324,0.0164,0.6512
HEARTS ACE HEARTS EIGHT,0.3332,0.0036,0.6632
CLUBS FOUR DIAMONDS FIVE,0.6844,0.0304,0.2852
CLUBS FIVE DIAMONDS FIVE,0.3624,0.0188,0.6188
CLUBS SIX DIAMONDS FIVE,0.5692,0.0084,0.4224
CLUBS SEVEN DIAMONDS FIVE,0.5728,0.008,0.4192
CLUBS TWO DIAMONDS FIVE,0.6194,0.009,0.3716
CLUBS THREE DIAMONDS FIVE,0.6084,0.011,0.3806
SPADES THREE DIAMONDS FIVE,0.6168,0.0112,0.372
SPADES TWO DIAMONDS FIVE,0.6382,0.01,0.3518
SPADES JACK DIAMONDS EIGHT,0.5724,0.0084,0.4192
SPADES FIVE DIAMONDS FIVE,0.3446,0.0162,0.6392
CLUBS TEN HEARTS JACK,0.5412,0.0068,0.452
SPADES TEN DIAMONDS EIGHT,0.5606,0.0082,0.4312
HEARTS JACK CLUBS JACK,0.3144,0.0058,0.6798
HEARTS JACK CLUBS QUEEN,0.5624,0.0064,0.4312
CLUBS NINE DIAMONDS FIVE,0.5896,0.0084,0.402
CLUBS KING HEARTS JACK,0.2348,0.0824,0.6828
CLUBS EIGHT DIAMONDS FIVE,0.5956,0.0104,0.394
CLUBS ACE HEARTS JACK,0.3432,0.0058,0.651
SPADES SEVEN DIAMONDS FIVE,0.5886,0.009,0.4024
SPADES KING DIAMONDS EIGHT,0.2382,0.2432,0.5186
SPADES QUEEN DIAMONDS EIGHT,0.5786,0.0072,0.4142
SPADES SIX DIAMONDS FIVE,0.566,0.0096,0.4244
SPADES NINE DIAMONDS FIVE,0.5878,0.0066,0.4056
SPADES EIGHT DIAMONDS FIVE,0.5818,0.0078,0.4104
SPADES ACE DIAMONDS EIGHT,0.3584,0.005,0.6366
DIAMONDS TEN DIAMONDS SIX,0.5602,0.0074,0.4324
HEARTS ACE DIAMONDS SEVEN,0.3596,0.0044,0.636
DIAMONDS JACK DIAMONDS SIX,0.5574,0.0066,0.436
HEARTS QUEEN DIAMONDS SEVEN,0.605,0.0098,0.3852
HEARTS KING DIAMONDS SEVEN,0.2246,0.3016,0.4738
DIAMONDS ACE DIAMONDS SIX,0.342,0.007,0.651
HEARTS FOUR DIAMONDS SIX,0.703,0.0266,0.2704
SPADES TWO HEARTS JACK,0.6446,0.0084,0.347
HEARTS FIVE DIAMONDS SIX,0.5702,0.0106,0.4192
SPADES TWO HEARTS TEN,0.6434,0.007,0.3496
DIAMONDS QUEEN DIAMONDS SIX,0.5746,0.01,0.4154
HEARTS TWO DIAMONDS SIX,0.6276,0.0098,0.3626
HEARTS THREE DIAMONDS SIX,0.6222,0.0064,0.3714
HEARTS EIGHT DIAMONDS SIX,0.5962,0.006,0.3978
HEARTS NINE DIAMONDS SIX,0.5714,0.0076,0.421
HEARTS SIX DIAMONDS SIX,0.3428,0.0146,0.6426
HEARTS SEVEN DIAMONDS SIX,0.5688,0.0092,0.422
HEARTS TEN DIAMONDS SEVEN,0.5754,0.0076,0.417
CLUBS TWO DIAMONDS SIX,0.6252,0.013,0.3618
HEARTS JACK DIAMONDS SEVEN,0.5844,0.0058,0.4098
CLUBS THREE DIAMONDS SIX,0.6298,0.009,0.3612
CLUBS SEVEN DIAMONDS SIX,0.579,0.009,0.412
DIAMONDS EIGHT CLUBS JACK,0.568,0.009,0.423
CLUBS SIX DIAMONDS SIX,0.3272,0.0148,0.658
CLUBS TEN DIAMONDS EIGHT,0.566,0.0056,0.4284
CLUBS FIVE DIAMONDS SIX,0.5812,0.0082,0.4106
CLUBS FOUR DIAMONDS SIX,0.6912,0.0354,0.2734
HEARTS ACE HEARTS JACK,0.3292,0.0048,0.666
DIAMONDS EIGHT CLUBS ACE,0.3626,0.0056,0.6318
HEARTS QUEEN HEARTS JACK,0.5072,0.0076,0.4852
DIAMONDS EIGHT CLUBS KING,0.2278,0.2316,0.5406
CLUBS NINE DIAMONDS SIX,0.5724,0.008,0.4196
HEARTS KING HEARTS JACK,0.2302,0.085,0.6848
DIAMONDS EIGHT CLUBS QUEEN,0.5998,0.0078,0.3924
CLUBS EIGHT DIAMONDS SIX,0.5734,0.0074,0.4192
SPADES TEN HEARTS KING,0.22,0.123,0.657
SPADES FIVE DIAMONDS SIX,0.5652,0.0118,0.423
HEARTS ACE SPADES TWO,0.3764,0.007,0.6166
SPADES JACK HEARTS KING,0.2378,0.0904,0.6718
SPADES THREE DIAMONDS SIX,0.6204,0.0088,0.3708
HEARTS QUEEN SPADES TWO,0.641,0.01,0.349
SPADES ACE SPADES KING,0.2118,0.0132,0.775
SPADES TWO HEARTS KING,0.2748,0.5142,0.211
SPADES TWO DIAMONDS SIX,0.6298,0.0118,0.3584
HEARTS TEN HEARTS EIGHT,0.5312,0.0086,0.4602
SPADES NINE DIAMONDS SIX,0.5848,0.0068,0.4084
HEARTS JACK HEARTS EIGHT,0.5408,0.006,0.4532
SPADES EIGHT DIAMONDS SIX,0.5632,0.008,0.4288
SPADES SEVEN DIAMONDS SIX,0.5786,0.0086,0.4128
SPADES SIX DIAMONDS SIX,0.3302,0.0138,0.656
SPADES KING HEARTS KING,0.072,0.0172,0.9108
SPADES QUEEN HEARTS KING,0.2286,0.0664,0.705
CLUBS ACE CLUBS KING,0.2158,0.0124,0.7718
SPADES ACE HEARTS KING,0.2214,0.0126,0.766
SPADES ACE HEARTS JACK,0.35,0.0036,0.6464
SPADES QUEEN HEARTS JACK,0.5466,0.0052,0.4482
SPADES KING HEARTS JACK,0.2292,0.0854,0.6854
SPADES TEN DIAMONDS TEN,0.3088,0.0102,0.681
SPADES JACK DIAMONDS TEN,0.5426,0.0068,0.4506
SPADES ACE DIAMONDS TEN,0.3392,0.0042,0.6566
SPADES JACK HEARTS JACK,0.2876,0.0076,0.7048
SPADES TEN HEARTS JACK,0.5436,0.0074,0.449
SPADES QUEEN DIAMONDS TEN,0.5486,0.0094,0.442
SPADES KING DIAMONDS TEN,0.2294,0.1238,0.6468
SPADES NINE DIAMONDS SEVEN,0.5706,0.008,0.4214
SPADES EIGHT DIAMONDS SEVEN,0.5476,0.0074,0.445
SPADES SEVEN DIAMONDS SEVEN,0.3152,0.0126,0.6722
SPADES SIX DIAMONDS SEVEN,0.572,0.0068,0.4212
HEARTS THREE DIAMONDS SEVEN,0.6312,0.0108,0.358
HEARTS KING DIAMONDS FIVE,0.2144,0.4686,0.317
DIAMONDS QUEEN DIAMONDS SEVEN,0.5608,0.0072,0.432
HEARTS TWO DIAMONDS SEVEN,0.6472,0.0096,0.3432
HEARTS QUEEN DIAMONDS FIVE,0.5988,0.0066,0.3946
HEARTS FIVE DIAMONDS SEVEN,0.5698,0.0112,0.419
DIAMONDS ACE DIAMONDS SEVEN,0.3368,0.0066,0.6566
HEARTS FOUR DIAMONDS SEVEN,0.693,0.035,0.272
HEARTS ACE DIAMONDS FIVE,0.3362,0.0056,0.6582
HEARTS SEVEN DIAMONDS SEVEN,0.3414,0.0144,0.6442
HEARTS SIX DIAMONDS SEVEN,0.5728,0.0096,0.4176
DIAMONDS SEVEN HEARTS NINE,0.5782,0.0094,0.4124
HEARTS EIGHT DIAMONDS SEVEN,0.563,0.007,0.43
DIAMONDS JACK DIAMONDS SEVEN,0.5732,0.0072,0.4196
DIAMONDS FIVE HEARTS JACK,0.6044,0.0082,0.3874
DIAMONDS TEN DIAMONDS SEVEN,0.5648,0.0076,0.4276
HEARTS TEN DIAMONDS FIVE,0.6038,0.0096,0.3866
SPADES KING CLUBS TWO,0.2626,0.5188,0.2186
HEARTS KING CLUBS KING,0.0772,0.0144,0.9084
CLUBS EIGHT DIAMONDS SEVEN,0.5604,0.0088,0.4308
SPADES QUEEN CLUBS TWO,0.6238,0.008,0.3682
HEARTS KING CLUBS QUEEN,0.2386,0.0676,0.6938
CLUBS NINE DIAMONDS SEVEN,0.5662,0.009,0.4248
SPADES TWO CLUBS JACK,0.6382,0.007,0.3548
SPADES ACE CLUBS TWO,0.3766,0.0048,0.6186
CLUBS TEN SPADES TWO,0.6406,0.0086,0.3508
HEARTS KING CLUBS ACE,0.22,0.011,0.769
CLUBS SEVEN CLUBS SIX,0.5268,0.0066,0.4666
SPADES TWO CLUBS KING,0.2798,0.5104,0.2098
SPADES TWO DIAMONDS SEVEN,0.6488,0.0118,0.3394
CLUBS EIGHT CLUBS SIX,0.538,0.0076,0.4544
SPADES THREE DIAMONDS SEVEN,0.638,0.0114,0.3506
SPADES TWO CLUBS QUEEN,0.6334,0.011,0.3556
CLUBS NINE CLUBS SIX,0.536,0.009,0.455
HEARTS KING CLUBS JACK,0.2436,0.0852,0.6712
SPADES FIVE DIAMONDS SEVEN,0.569,0.0096,0.4214
SPADES TWO CLUBS ACE,0.3818,0.0046,0.6136
CLUBS TEN HEARTS KING,0.2508,0.1194,0.6298
CLUBS SIX SPADES TWO,0.626,0.0078,0.3662
CLUBS SIX SPADES THREE,0.6274,0.008,0.3646
CLUBS TWO DIAMONDS SEVEN,0.646,0.0112,0.3428
CLUBS THREE DIAMONDS SEVEN,0.6322,0.0082,0.3596
CLUBS SIX SPADES FIVE,0.564,0.0088,0.4272
CLUBS FOUR DIAMONDS SEVEN,0.7022,0.0308,0.267
CLUBS SIX SPADES SIX,0.339,0.0152,0.6458
CLUBS FIVE DIAMONDS SEVEN,0.569,0.009,0.422
CLUBS SIX SPADES SEVEN,0.5684,0.0078,0.4238
CLUBS SIX DIAMONDS SEVEN,0.5654,0.0074,0.4272
CLUBS SIX SPADES EIGHT,0.5698,0.0074,0.4228
SPADES JACK CLUBS TWO,0.6206,0.0086,0.3708
CLUBS SEVEN DIAMONDS SEVEN,0.3392,0.0156,0.6452
SPADES NINE CLUBS SIX,0.5698,0.0084,0.4218
SPADES TEN CLUBS TWO,0.6358,0.0102,0.354
CLUBS TWO CLUBS QUEEN,0.5922,0.0082,0.3996
CLUBS TWO CLUBS KING,0.254,0.4798,0.2662
CLUBS THREE DIAMONDS EIGHT,0.643,0.0104,0.3466
CLUBS TWO CLUBS ACE,0.3602,0.0044,0.6354
CLUBS TWO DIAMONDS EIGHT,0.6374,0.0074,0.3552
HEARTS SEVEN DIAMONDS EIGHT,0.557,0.0068,0.4362
HEARTS SIX DIAMONDS EIGHT,0.5854,0.0098,0.4048
DIAMONDS EIGHT HEARTS NINE,0.5634,0.0082,0.4284
CLUBS TEN CLUBS TWO,0.5904,0.0068,0.4028
DIAMONDS EIGHT HEARTS EIGHT,0.3268,0.014,0.6592
CLUBS TWO CLUBS JACK,0.6016,0.009,0.3894
CLUBS NINE DIAMONDS EIGHT,0.5452,0.007,0.4478
CLUBS EIGHT DIAMONDS EIGHT,0.3308,0.0102,0.659
CLUBS FIVE DIAMONDS EIGHT,0.5818,0.0088,0.4094
SPADES ACE SPADES THREE,0.3608,0.0048,0.6344
CLUBS FOUR DIAMONDS EIGHT,0.7216,0.0292,0.2492
CLUBS SEVEN DIAMONDS EIGHT,0.5622,0.009,0.4288
SPADES QUEEN SPADES THREE,0.607,0.0078,0.3852
CLUBS SIX DIAMONDS EIGHT,0.578,0.0066,0.4154
SPADES KING SPADES THREE,0.2516,0.4904,0.258
DIAMONDS QUEEN DIAMONDS EIGHT,0.5602,0.0074,0.4324
HEARTS TWO DIAMONDS EIGHT,0.6518,0.0118,0.3364
HEARTS THREE DIAMONDS EIGHT,0.6428,0.0104,0.3468
DIAMONDS ACE DIAMONDS EIGHT,0.343,0.005,0.652
HEARTS FOUR DIAMONDS EIGHT,0.7154,0.038,0.2466
HEARTS FIVE DIAMONDS EIGHT,0.591,0.008,0.401
DIAMONDS EIGHT DIAMONDS TEN,0.5428,0.0072,0.45
DIAMONDS EIGHT DIAMONDS JACK,0.5452,0.006,0.4488
SPADES JACK SPADES THREE,0.6046,0.0072,0.3882
SPADES TEN SPADES THREE,0.5972,0.0072,0.3956
CLUBS FOUR HEARTS ACE,0.2344,0.0222,0.7434
CLUBS FOUR HEARTS QUEEN,0.7334,0.0328,0.2338
CLUBS FOUR HEARTS KING,0.0222,0.9556,0.0222
CLUBS SIX HEARTS TEN,0.5836,0.0044,0.412
CLUBS SIX HEARTS JACK,0.6,0.005,0.395
SPADES FIVE DIAMONDS EIGHT,0.5966,0.0074,0.396
DIAMONDS EIGHT SPADES TWO,0.6402,0.01,0.3498
DIAMONDS EIGHT SPADES THREE,0.6432,0.0126,0.3442
CLUBS FOUR HEARTS JACK,0.7326,0.033,0.2344
SPADES EIGHT DIAMONDS EIGHT,0.3212,0.012,0.6668
SPADES TEN DIAMONDS QUEEN,0.5528,0.0078,0.4394
SPADES TEN HEARTS TWO,0.623,0.0084,0.3686
SPADES JACK HEARTS EIGHT,0.57,0.0086,0.4214
CLUBS FOUR HEARTS TEN,0.72,0.0374,0.2426
SPADES NINE DIAMONDS EIGHT,0.5492,0.0082,0.4426
SPADES TEN HEARTS EIGHT,0.5652,0.0088,0.426
SPADES JACK HEARTS TWO,0.637,0.0094,0.3536
SPADES JACK DIAMONDS QUEEN,0.5468,0.0084,0.4448
SPADES SIX DIAMONDS EIGHT,0.5774,0.009,0.4136
SPADES SEVEN DIAMONDS EIGHT,0.5572,0.0092,0.4336
SPADES ACE HEARTS TWO,0.3706,0.006,0.6234
SPADES ACE DIAMONDS QUEEN,0.3476,0.0038,0.6486
SPADES ACE HEARTS EIGHT,0.3672,0.0024,0.6304
SPADES KING HEARTS EIGHT,0.227,0.2242,0.5488
SPADES QUEEN HEARTS TWO,0.6314,0.0076,0.361
SPADES QUEEN DIAMONDS QUEEN,0.2826,0.0048,0.7126
SPADES KING DIAMONDS QUEEN,0.2316,0.0694,0.699
SPADES KING HEARTS TWO,0.2592,0.5114,0.2294
SPADES QUEEN HEARTS EIGHT,0.5846,0.0074,0.408
CLUBS TWO HEARTS TEN,0.6426,0.0086,0.3488
CLUBS TWO HEARTS JACK,0.6332,0.007,0.3598
SPADES SEVEN DIAMONDS NINE,0.559,0.0078,0.4332
SPADES SIX DIAMONDS NINE,0.5906,0.0088,0.4006
SPADES NINE DIAMONDS NINE,0.3062,0.0112,0.6826
SPADES EIGHT DIAMONDS NINE,0.5486,0.0086,0.4428
SPADES TEN CLUBS KING,0.2318,0.1152,0.653
DIAMONDS NINE SPADES THREE,0.6356,0.01,0.3544
SPADES JACK CLUBS KING,0.2328,0.0876,0.6796
DIAMONDS NINE SPADES TWO,0.636,0.0102,0.3538
DIAMONDS NINE SPADES FIVE,0.605,0.0076,0.3874
CLUBS NINE DIAMONDS NINE,0.3016,0.0076,0.6908
CLUBS EIGHT DIAMONDS NINE,0.5576,0.006,0.4364
CLUBS SIX DIAMONDS NINE,0.5788,0.0076,0.4136
SPADES JACK CLUBS FOUR,0.7198,0.038,0.2422
CLUBS SEVEN DIAMONDS NINE,0.5666,0.0088,0.4246
SPADES TEN CLUBS FOUR,0.703,0.0424,0.2546
CLUBS FOUR DIAMONDS NINE,0.7278,0.0324,0.2398
CLUBS FIVE DIAMONDS NINE,0.5966,0.0108,0.3926
DIAMONDS NINE CLUBS TWO,0.642,0.0104,0.3476
CLUBS THREE DIAMONDS NINE,0.6374,0.0102,0.3524
DIAMONDS NINE HEARTS EIGHT,0.5592,0.0038,0.437
DIAMONDS NINE HEARTS NINE,0.3106,0.009,0.6804
HEARTS SIX DIAMONDS NINE,0.585,0.0088,0.4062
HEARTS SEVEN DIAMONDS NINE,0.569,0.009,0.422
CLUBS NINE CLUBS EIGHT,0.5014,0.0088,0.4898
DIAMONDS ACE DIAMONDS NINE,0.3394,0.005,0.6556
HEARTS FOUR DIAMONDS NINE,0.7342,0.0328,0.233
HEARTS FIVE DIAMONDS NINE,0.58,0.0078,0.4122
HEARTS ACE CLUBS TWO,0.3874,0.0052,0.6074
SPADES ACE CLUBS FOUR,0.2326,0.0272,0.7402
DIAMONDS QUEEN DIAMONDS NINE,0.5366,0.0066,0.4568
HEARTS TWO DIAMONDS NINE,0.6242,0.0086,0.3672
CLUBS TWO HEARTS KING,0.2626,0.5112,0.2262
SPADES KING CLUBS FOUR,0.0122,0.9686,0.0192
HEARTS THREE DIAMONDS NINE,0.6446,0.01,0.3454
CLUBS TWO HEARTS QUEEN,0.644,0.0082,0.3478
SPADES QUEEN CLUBS FOUR,0.7226,0.0384,0.239
DIAMONDS NINE DIAMONDS JACK,0.5424,0.0074,0.4502
CLUBS EIGHT SPADES NINE,0.5526,0.0046,0.4428
DIAMONDS NINE DIAMONDS TEN,0.525,0.0084,0.4666
CLUBS EIGHT SPADES EIGHT,0.3216,0.0114,0.667
CLUBS EIGHT SPADES SEVEN,0.5502,0.0074,0.4424
CLUBS EIGHT SPADES SIX,0.5666,0.008,0.4254
CLUBS EIGHT SPADES FIVE,0.5798,0.0124,0.4078
CLUBS EIGHT SPADES THREE,0.6374,0.0086,0.354
CLUBS EIGHT SPADES TWO,0.6362,0.01,0.3538
HEARTS SIX DIAMONDS TEN,0.5862,0.0104,0.4034
HEARTS SEVEN DIAMONDS TEN,0.567,0.0084,0.4246
DIAMONDS TEN HEARTS EIGHT,0.5736,0.0082,0.4182
CLUBS FOUR CLUBS JACK,0.6878,0.0384,0.2738
DIAMONDS TEN HEARTS NINE,0.5498,0.0086,0.4416
CLUBS TEN CLUBS FOUR,0.6814,0.0318,0.2868
CLUBS FOUR CLUBS KING,0.0206,0.9086,0.0708
CLUBS FOUR CLUBS QUEEN,0.6936,0.0366,0.2698
CLUBS TWO DIAMONDS TEN,0.644,0.008,0.348
CLUBS THREE DIAMONDS TEN,0.6304,0.0064,0.3632
CLUBS FOUR CLUBS ACE,0.221,0.022,0.757
DIAMONDS JACK DIAMONDS TEN,0.5224,0.0102,0.4674
DIAMONDS QUEEN DIAMONDS TEN,0.5336,0.006,0.4604
HEARTS TWO DIAMONDS TEN,0.6266,0.0074,0.366
HEARTS THREE DIAMONDS TEN,0.631,0.008,0.361
DIAMONDS ACE DIAMONDS TEN,0.3264,0.0038,0.6698
HEARTS FOUR DIAMONDS TEN,0.7282,0.0384,0.2334
CLUBS EIGHT HEARTS JACK,0.5756,0.0058,0.4186
HEARTS FIVE DIAMONDS TEN,0.6112,0.0104,0.3784
CLUBS EIGHT HEARTS TEN,0.559,0.005,0.436
CLUBS EIGHT HEARTS QUEEN,0.5754,0.0086,0.416
CLUBS EIGHT HEARTS KING,0.2464,0.2136,0.54
CLUBS EIGHT HEARTS ACE,0.3628,0.0048,0.6324
CLUBS NINE SPADES THREE,0.6296,0.0112,0.3592
CLUBS NINE SPADES TWO,0.6394,0.0098,0.3508
CLUBS NINE SPADES FIVE,0.5818,0.0084,0.4098
CLUBS NINE SPADES SEVEN,0.5622,0.0086,0.4292
CLUBS NINE SPADES SIX,0.5606,0.0072,0.4322
CLUBS NINE SPADES NINE,0.3172,0.0102,0.6726
CLUBS TEN HEARTS EIGHT,0.5638,0.0058,0.4304
CLUBS NINE SPADES EIGHT,0.548,0.008,0.444
HEARTS EIGHT CLUBS JACK,0.572,0.0064,0.4216
CLUBS QUEEN HEARTS EIGHT,0.5758,0.0062,0.418
CLUBS KING HEARTS EIGHT,0.2398,0.2208,0.5394
CLUBS ACE HEARTS EIGHT,0.3618,0.004,0.6342
SPADES KING CLUBS KING,0.0654,0.0146,0.92
SPADES QUEEN CLUBS KING,0.2376,0.0624,0.7
SPADES ACE CLUBS KING,0.2306,0.0114,0.758
DIAMONDS ACE HEARTS TEN,0.3474,0.005,0.6476
HEARTS FOUR HEARTS TEN,0.6798,0.0346,0.2856
DIAMONDS ACE HEARTS JACK,0.3448,0.004,0.6512
HEARTS FOUR HEARTS JACK,0.6806,0.0346,0.2848
SPADES KING CLUBS FIVE,0.206,0.47,0.324
SPADES QUEEN CLUBS FIVE,0.6024,0.0084,0.3892
SPADES ACE CLUBS FIVE,0.3402,0.0056,0.6542
HEARTS SEVEN DIAMONDS JACK,0.5956,0.0072,0.3972
HEARTS SIX DIAMONDS JACK,0.6106,0.0062,0.3832
DIAMONDS JACK HEARTS NINE,0.5612,0.0066,0.4322
DIAMONDS JACK HEARTS EIGHT,0.576,0.0078,0.4162
HEARTS THREE DIAMONDS JACK,0.628,0.0094,0.3626
SPADES ACE SPADES SIX,0.34,0.0056,0.6544
DIAMONDS QUEEN DIAMONDS JACK,0.5154,0.0074,0.4772
HEARTS TWO DIAMONDS JACK,0.628,0.0084,0.3636
HEARTS FIVE DIAMONDS JACK,0.605,0.0066,0.3884
SPADES QUEEN SPADES SIX,0.5696,0.0098,0.4206
DIAMONDS ACE DIAMONDS JACK,0.3334,0.0054,0.6612
HEARTS FOUR DIAMONDS JACK,0.7202,0.041,0.2388
SPADES KING SPADES SIX,0.2152,0.358,0.4268
SPADES TEN SPADES SIX,0.5646,0.0088,0.4266
SPADES JACK SPADES SIX,0.5634,0.0078,0.4288
SPADES FIVE DIAMONDS JACK,0.6122,0.007,0.3808
DIAMONDS JACK SPADES TWO,0.6436,0.0096,0.3468
SPADES THREE DIAMONDS JACK,0.635,0.0088,0.3562
SPADES ACE DIAMONDS THREE,0.3776,0.0054,0.617
SPADES QUEEN DIAMONDS THREE,0.637,0.008,0.355
CLUBS EIGHT DIAMONDS JACK,0.575,0.0078,0.4172
SPADES KING DIAMONDS THREE,0.2636,0.5304,0.206
CLUBS NINE DIAMONDS JACK,0.566,0.0076,0.4264
CLUBS SIX DIAMONDS JACK,0.6038,0.0072,0.389
CLUBS SEVEN DIAMONDS JACK,0.5802,0.007,0.4128
CLUBS FOUR DIAMONDS JACK,0.731,0.0422,0.2268
CLUBS FIVE DIAMONDS JACK,0.6034,0.0086,0.388
CLUBS TWO DIAMONDS JACK,0.6414,0.008,0.3506
CLUBS THREE DIAMONDS JACK,0.6464,0.0094,0.3442
SPADES TEN CLUBS FIVE,0.609,0.007,0.384
SPADES JACK HEARTS SIX,0.58,0.0066,0.4134
HEARTS SIX SPADES TEN,0.5884,0.0078,0.4038
SPADES JACK CLUBS FIVE,0.594,0.0054,0.4006
SPADES JACK DIAMONDS THREE,0.6422,0.0098,0.348
CLUBS SEVEN CLUBS ACE,0.3308,0.0028,0.6664
DIAMONDS THREE SPADES TEN,0.6286,0.0084,0.363
CLUBS SEVEN CLUBS QUEEN,0.546,0.0072,0.4468
CLUBS SEVEN CLUBS KING,0.2188,0.2916,0.4896
SPADES NINE DIAMONDS JACK,0.5468,0.0102,0.443
CLUBS TEN CLUBS SEVEN,0.5336,0.007,0.4594
DIAMONDS ACE HEARTS ACE,0.1208,0.0034,0.8758
HEARTS FOUR HEARTS ACE,0.227,0.0236,0.7494
SPADES EIGHT DIAMONDS JACK,0.5658,0.008,0.4262
SPADES ACE HEARTS SIX,0.357,0.006,0.637
CLUBS SEVEN CLUBS JACK,0.5554,0.0052,0.4394
DIAMONDS ACE HEARTS KING,0.2212,0.0146,0.7642
HEARTS FOUR HEARTS KING,0.025,0.9054,0.0696
SPADES SEVEN DIAMONDS JACK,0.585,0.007,0.408
SPADES KING HEARTS SIX,0.2166,0.3896,0.3938
DIAMONDS ACE HEARTS QUEEN,0.3556,0.0052,0.6392
HEARTS FOUR HEARTS QUEEN,0.6862,0.0304,0.2834
SPADES QUEEN HEARTS SIX,0.5938,0.0052,0.401
SPADES SIX DIAMONDS JACK,0.6004,0.0084,0.3912
SPADES TWO DIAMONDS TEN,0.6478,0.0074,0.3448
SPADES THREE DIAMONDS TEN,0.637,0.0094,0.3536
SPADES FIVE DIAMONDS TEN,0.5894,0.0078,0.4028
SPADES SIX DIAMONDS TEN,0.5858,0.0096,0.4046
SPADES SEVEN DIAMONDS TEN,0.586,0.007,0.407
SPADES EIGHT DIAMONDS TEN,0.5642,0.008,0.4278
SPADES NINE DIAMONDS TEN,0.5498,0.0104,0.4398
CLUBS FOUR DIAMONDS TEN,0.728,0.0372,0.2348
CLUBS FIVE DIAMONDS TEN,0.6122,0.007,0.3808
CLUBS SIX DIAMONDS TEN,0.5964,0.0076,0.396
CLUBS SEVEN DIAMONDS TEN,0.5754,0.0084,0.4162
CLUBS EIGHT DIAMONDS TEN,0.5588,0.009,0.4322
CLUBS NINE DIAMONDS TEN,0.543,0.007,0.45
DIAMONDS THREE CLUBS JACK,0.6422,0.0082,0.3496
CLUBS TEN DIAMONDS THREE,0.6336,0.0102,0.3562
DIAMONDS THREE CLUBS KING,0.2626,0.5144,0.223
DIAMONDS THREE CLUBS QUEEN,0.6314,0.0112,0.3574
DIAMONDS THREE CLUBS ACE,0.3716,0.0056,0.6228
SPADES FIVE SPADES TWO,0.5966,0.0086,0.3948
SPADES THREE SPADES TWO,0.6332,0.009,0.3578
SPADES NINE SPADES TWO,0.602,0.0082,0.3898
SPADES EIGHT SPADES TWO,0.6034,0.0076,0.389
SPADES SEVEN SPADES TWO,0.604,0.0082,0.3878
SPADES SIX SPADES TWO,0.6012,0.0084,0.3904
DIAMONDS QUEEN CLUBS THREE,0.631,0.01,0.359
CLUBS THREE HEARTS TWO,0.6526,0.0096,0.3378
DIAMONDS QUEEN CLUBS TWO,0.6492,0.0092,0.3416
HEARTS TWO CLUBS TWO,0.441,0.018,0.541
HEARTS SEVEN DIAMONDS QUEEN,0.6172,0.0058,0.377
HEARTS SEVEN HEARTS TWO,0.5952,0.0088,0.396
HEARTS SIX DIAMONDS QUEEN,0.5942,0.008,0.3978
HEARTS SIX HEARTS TWO,0.5914,0.0086,0.4
DIAMONDS QUEEN HEARTS NINE,0.5646,0.0064,0.429
HEARTS TWO HEARTS NINE,0.5744,0.009,0.4166
DIAMONDS QUEEN HEARTS EIGHT,0.5796,0.0074,0.413
HEARTS TWO HEARTS EIGHT,0.59,0.0098,0.4002
CLUBS NINE HEARTS TWO,0.6254,0.008,0.3666
CLUBS NINE DIAMONDS QUEEN,0.5746,0.0074,0.418
CLUBS EIGHT HEARTS TWO,0.6332,0.0088,0.358
CLUBS EIGHT DIAMONDS QUEEN,0.5896,0.0068,0.4036
CLUBS FIVE DIAMONDS QUEEN,0.6078,0.0078,0.3844
CLUBS FIVE HEARTS TWO,0.6296,0.0102,0.3602
SPADES EIGHT HEARTS ACE,0.3572,0.005,0.6378
DIAMONDS QUEEN CLUBS FOUR,0.7274,0.0414,0.2312
CLUBS FOUR HEARTS TWO,0.7084,0.0402,0.2514
CLUBS SEVEN DIAMONDS QUEEN,0.6048,0.0096,0.3856
CLUBS SEVEN HEARTS TWO,0.6386,0.0078,0.3536
SPADES EIGHT HEARTS QUEEN,0.5802,0.0078,0.412
CLUBS SIX DIAMONDS QUEEN,0.599,0.0076,0.3934
CLUBS SIX HEARTS TWO,0.6252,0.01,0.3648
SPADES EIGHT HEARTS KING,0.2242,0.2426,0.5332
HEARTS TWO SPADES SIX,0.6252,0.0108,0.364
DIAMONDS QUEEN SPADES SIX,0.6064,0.0086,0.385
HEARTS FOUR CLUBS QUEEN,0.7256,0.0348,0.2396
DIAMONDS ACE CLUBS QUEEN,0.3492,0.0048,0.646
DIAMONDS QUEEN SPADES SEVEN,0.5976,0.0078,0.3946
SPADES SEVEN HEARTS TWO,0.646,0.0082,0.3458
HEARTS FOUR CLUBS KING,0.0248,0.9578,0.0174
DIAMONDS ACE CLUBS KING,0.227,0.0112,0.7618
DIAMONDS QUEEN SPADES EIGHT,0.5868,0.0088,0.4044
SPADES EIGHT HEARTS TWO,0.6338,0.0122,0.354
HEARTS FOUR CLUBS ACE,0.2312,0.0226,0.7462
DIAMONDS ACE CLUBS ACE,0.1098,0.0034,0.8868
SPADES NINE DIAMONDS QUEEN,0.5722,0.0074,0.4204
SPADES NINE HEARTS TWO,0.6216,0.0124,0.366
HEARTS TWO SPADES TWO,0.4356,0.022,0.5424
DIAMONDS QUEEN SPADES TWO,0.6438,0.0108,0.3454
HEARTS TWO SPADES THREE,0.657,0.0122,0.3308
DIAMONDS QUEEN SPADES THREE,0.643,0.009,0.348
CLUBS TEN HEARTS FOUR,0.7294,0.0348,0.2358
CLUBS TEN DIAMONDS ACE,0.3474,0.0018,0.6508
HEARTS TWO SPADES FIVE,0.6234,0.0108,0.3658
DIAMONDS QUEEN SPADES FIVE,0.6084,0.0088,0.3828
HEARTS FOUR CLUBS JACK,0.725,0.0388,0.2362
DIAMONDS ACE CLUBS JACK,0.3424,0.0062,0.6514
CLUBS FIVE CLUBS KING,0.2032,0.4374,0.3594
CLUBS FIVE CLUBS QUEEN,0.5646,0.0122,0.4232
CLUBS FIVE CLUBS ACE,0.3276,0.0048,0.6676
CLUBS FIVE CLUBS JACK,0.564,0.0066,0.4294
CLUBS TEN CLUBS FIVE,0.5626,0.0094,0.428
SPADES KING CLUBS JACK,0.243,0.085,0.672
SPADES QUEEN CLUBS JACK,0.5516,0.0054,0.443
SPADES ACE CLUBS JACK,0.3484,0.0042,0.6474
SPADES SIX CLUBS KING,0.2242,0.3764,0.3994
SPADES SIX CLUBS QUEEN,0.6056,0.0056,0.3888
SPADES EIGHT HEARTS JACK,0.5654,0.0074,0.4272
SPADES SIX CLUBS ACE,0.3564,0.0048,0.6388
SPADES EIGHT HEARTS TEN,0.5528,0.0088,0.4384
SPADES SIX CLUBS JACK,0.5854,0.0078,0.4068
CLUBS TEN SPADES SIX,0.578,0.005,0.417
SPADES TEN CLUBS JACK,0.5458,0.0074,0.4468
SPADES JACK CLUBS JACK,0.291,0.0072,0.7018
SPADES QUEEN CLUBS SEVEN,0.595,0.0086,0.3964
SPADES KING CLUBS SEVEN,0.2288,0.292,0.4792
SPADES ACE CLUBS SEVEN,0.3558,0.0046,0.6396
SPADES SIX HEARTS TEN,0.5938,0.0068,0.3994
SPADES SIX HEARTS JACK,0.606,0.0066,0.3874
SPADES SIX HEARTS ACE,0.361,0.0024,0.6366
SPADES SIX HEARTS KING,0.226,0.3714,0.4026
SPADES SIX HEARTS QUEEN,0.587,0.009,0.404
CLUBS SEVEN SPADES JACK,0.5732,0.0088,0.418
CLUBS SEVEN SPADES TEN,0.5738,0.008,0.4182
CLUBS TEN HEARTS SIX,0.5892,0.0072,0.4036
HEARTS SIX CLUBS JACK,0.6024,0.008,0.3896
CLUBS ACE CLUBS JACK,0.3302,0.0052,0.6646
HEARTS SIX CLUBS QUEEN,0.5816,0.0064,0.412
HEARTS SIX CLUBS KING,0.2274,0.377,0.3956
HEARTS SIX CLUBS ACE,0.3624,0.0042,0.6334
CLUBS QUEEN CLUBS JACK,0.5074,0.0072,0.4854
CLUBS KING CLUBS JACK,0.2298,0.0814,0.6888
DIAMONDS THREE HEARTS ACE,0.3804,0.0052,0.6144
DIAMONDS THREE HEARTS QUEEN,0.6288,0.007,0.3642
DIAMONDS THREE HEARTS KING,0.2564,0.5332,0.2104
CLUBS FIVE HEARTS JACK,0.6054,0.0084,0.3862
SPADES TEN DIAMONDS ACE,0.3374,0.0044,0.6582
HEARTS FOUR SPADES TEN,0.726,0.0382,0.2358
CLUBS FIVE HEARTS TEN,0.5954,0.0094,0.3952
HEARTS FOUR SPADES JACK,0.7184,0.0352,0.2464
SPADES JACK DIAMONDS ACE,0.3456,0.007,0.6474
SPADES ACE HEARTS FOUR,0.2312,0.0218,0.747
SPADES ACE DIAMONDS ACE,0.1066,0.0058,0.8876
CLUBS FIVE HEARTS ACE,0.3462,0.0046,0.6492
CLUBS FIVE HEARTS KING,0.2218,0.454,0.3242
HEARTS FOUR SPADES QUEEN,0.7312,0.038,0.2308
SPADES QUEEN DIAMONDS ACE,0.3388,0.0058,0.6554
CLUBS FIVE HEARTS QUEEN,0.5972,0.0062,0.3966
SPADES KING DIAMONDS ACE,0.21,0.0144,0.7756
SPADES KING HEARTS FOUR,0.0132,0.9714,0.0154
DIAMONDS ACE DIAMONDS QUEEN,0.3244,0.0056,0.67
DIAMONDS ACE HEARTS TWO,0.3724,0.0042,0.6234
HEARTS FOUR DIAMONDS QUEEN,0.7226,0.0398,0.2376
HEARTS FOUR HEARTS TWO,0.6786,0.0312,0.2902
DIAMONDS THREE HEARTS TEN,0.64,0.0084,0.3516
HEARTS FIVE DIAMONDS QUEEN,0.6068,0.0076,0.3856
HEARTS FIVE HEARTS TWO,0.5718,0.008,0.4202
DIAMONDS THREE HEARTS JACK,0.644,0.0082,0.3478
DIAMONDS QUEEN HEARTS TWO,0.6308,0.0066,0.3626
DIAMONDS QUEEN HEARTS THREE,0.637,0.0078,0.3552
HEARTS THREE HEARTS TWO,0.5986,0.0126,0.3888
HEARTS TWO CLUBS ACE,0.3804,0.005,0.6146
DIAMONDS QUEEN CLUBS ACE,0.3542,0.0038,0.642
HEARTS TWO CLUBS QUEEN,0.632,0.0094,0.3586
DIAMONDS QUEEN CLUBS QUEEN,0.2854,0.0036,0.711
HEARTS TWO CLUBS KING,0.2654,0.51,0.2246
DIAMONDS QUEEN CLUBS KING,0.2416,0.0676,0.6908
SPADES EIGHT SPADES FIVE,0.5546,0.0066,0.4388
CLUBS TEN HEARTS TWO,0.6132,0.0082,0.3786
CLUBS TEN DIAMONDS QUEEN,0.5634,0.008,0.4286
SPADES NINE SPADES FIVE,0.5658,0.0084,0.4258
HEARTS TWO CLUBS JACK,0.6306,0.0088,0.3606
DIAMONDS QUEEN CLUBS JACK,0.5526,0.006,0.4414
SPADES SIX SPADES FIVE,0.543,0.0096,0.4474
SPADES SEVEN SPADES FIVE,0.5428,0.0078,0.4494
DIAMONDS FIVE CLUBS QUEEN,0.6116,0.0072,0.3812
SPADES EIGHT CLUBS ACE,0.3688,0.0036,0.6276
DIAMONDS FIVE CLUBS KING,0.2298,0.4564,0.3138
SPADES EIGHT CLUBS KING,0.219,0.2378,0.5432
CLUBS ACE DIAMONDS FIVE,0.3482,0.006,0.6458
SPADES EIGHT CLUBS QUEEN,0.5802,0.0076,0.4122
SPADES EIGHT CLUBS JACK,0.5586,0.007,0.4344
CLUBS TEN SPADES EIGHT,0.559,0.0068,0.4342
CLUBS TEN DIAMONDS FIVE,0.606,0.0078,0.3862
DIAMONDS FIVE CLUBS JACK,0.6104,0.0062,0.3834
DIAMONDS TEN HEARTS JACK,0.5498,0.0074,0.4428
DIAMONDS TEN HEARTS TEN,0.296,0.0122,0.6918
SPADES ACE CLUBS NINE,0.3546,0.0048,0.6406
CLUBS NINE SPADES QUEEN,0.5688,0.0066,0.4246
CLUBS NINE SPADES KING,0.2286,0.1612,0.6102
HEARTS SIX HEARTS KING,0.219,0.3566,0.4244
