opposingHand,winningChance,drawChance,lostChance
SPADES KING CLUBS FOUR
SPADES TEN HEARTS FIVE,0.6082,0.0088,0.383
SPADES JACK HEARTS FIVE,0.6114,0.0072,0.3814
SPADES FIVE CLUBS JACK,0.6,0.01,0.39
CLUBS TEN SPADES FIVE,0.603,0.0114,0.3856
CLUBS EIGHT CLUBS JACK,0.5368,0.0076,0.4556
CLUBS TEN CLUBS EIGHT,0.536,0.008,0.456
CLUBS EIGHT CLUBS KING,0.2192,0.2204,0.5604
SPADES FIVE CLUBS ACE,0.3538,0.0056,0.6406
CLUBS EIGHT CLUBS QUEEN,0.5458,0.007,0.4472
SPADES FIVE CLUBS KING,0.209,0.4806,0.3104
SPADES FIVE CLUBS QUEEN,0.609,0.0084,0.3826
CLUBS EIGHT CLUBS ACE,0.3442,0.0058,0.65
DIAMONDS TWO DIAMONDS THREE,0.604,0.0114,0.3846
DIAMONDS TWO DIAMONDS FIVE,0.5728,0.0092,0.418
DIAMONDS TWO DIAMONDS FOUR,0.6722,0.0298,0.298
SPADES QUEEN HEARTS FIVE,0.6064,0.0082,0.3854
DIAMONDS TWO DIAMONDS SEVEN,0.594,0.0084,0.3976
DIAMONDS TWO DIAMONDS SIX,0.5832,0.009,0.4078
SPADES ACE HEARTS FIVE,0.3438,0.005,0.6512
DIAMONDS TWO DIAMONDS NINE,0.5838,0.0076,0.4086
DIAMONDS TWO DIAMONDS EIGHT,0.603,0.0078,0.3892
DIAMONDS THREE DIAMONDS FOUR,0.6402,0.0334,0.3264
CLUBS TWO SPADES FOUR,0.72,0.0348,0.2452
DIAMONDS THREE DIAMONDS FIVE,0.5754,0.0086,0.416
CLUBS TWO SPADES FIVE,0.614,0.0102,0.3758
CLUBS TWO SPADES TWO,0.4486,0.0206,0.5308
CLUBS TWO SPADES THREE,0.6708,0.0106,0.3186
DIAMONDS THREE DIAMONDS EIGHT,0.5882,0.0084,0.4034
SPADES EIGHT CLUBS TWO,0.6266,0.011,0.3624
DIAMONDS THREE DIAMONDS NINE,0.5886,0.0086,0.4028
SPADES NINE CLUBS TWO,0.6418,0.0094,0.3488
DIAMONDS THREE DIAMONDS SIX,0.5806,0.0096,0.4098
CLUBS TWO SPADES SIX,0.6464,0.0114,0.3422
DIAMONDS THREE DIAMONDS SEVEN,0.5872,0.0076,0.4052
SPADES SEVEN CLUBS TWO,0.6412,0.0072,0.3516
CLUBS SIX CLUBS TWO,0.5974,0.011,0.3916
CLUBS SEVEN CLUBS TWO,0.6106,0.0098,0.3796
CLUBS FIVE CLUBS TWO,0.5928,0.01,0.3972
CLUBS TEN CLUBS JACK,0.5106,0.0106,0.4788
DIAMONDS FOUR DIAMONDS SIX,0.6454,0.0316,0.323
CLUBS TEN CLUBS QUEEN,0.539,0.009,0.452
DIAMONDS FOUR DIAMONDS SEVEN,0.6468,0.03,0.3232
CLUBS TEN CLUBS KING,0.2212,0.1056,0.6732
CLUBS TEN CLUBS ACE,0.3256,0.0068,0.6676
CLUBS EIGHT CLUBS TWO,0.6022,0.0108,0.387
DIAMONDS FIVE DIAMONDS FOUR,0.6214,0.0318,0.3468
CLUBS NINE CLUBS TWO,0.6002,0.009,0.3908
DIAMONDS NINE DIAMONDS FOUR,0.6778,0.0346,0.2876
DIAMONDS EIGHT DIAMONDS FOUR,0.6602,0.0324,0.3074
CLUBS TWO CLUBS THREE,0.6094,0.013,0.3776
DIAMONDS NINE DIAMONDS FIVE,0.554,0.008,0.438
DIAMONDS TWO CLUBS JACK,0.6274,0.0092,0.3634
DIAMONDS EIGHT DIAMONDS FIVE,0.5458,0.0068,0.4474
CLUBS TEN DIAMONDS TWO,0.6286,0.0072,0.3642
DIAMONDS FIVE DIAMONDS SEVEN,0.5288,0.0086,0.4626
DIAMONDS FIVE DIAMONDS SIX,0.5386,0.008,0.4534
DIAMONDS TWO CLUBS ACE,0.3774,0.0052,0.6174
DIAMONDS TWO CLUBS KING,0.2702,0.517,0.2128
DIAMONDS TWO CLUBS QUEEN,0.6384,0.0098,0.3518
DIAMONDS EIGHT DIAMONDS SIX,0.5374,0.0098,0.4528
DIAMONDS NINE DIAMONDS SIX,0.5474,0.0082,0.4444
HEARTS ACE SPADES THREE,0.3856,0.0066,0.6078
HEARTS KING SPADES THREE,0.2578,0.528,0.2142
DIAMONDS SEVEN DIAMONDS SIX,0.5124,0.0066,0.481
SPADES THREE HEARTS QUEEN,0.6324,0.009,0.3586
SPADES THREE HEARTS JACK,0.6352,0.009,0.3558
SPADES THREE HEARTS TEN,0.6342,0.0076,0.3582
DIAMONDS EIGHT DIAMONDS SEVEN,0.5146,0.0058,0.4796
DIAMONDS NINE DIAMONDS SEVEN,0.532,0.0066,0.4614
DIAMONDS NINE DIAMONDS EIGHT,0.5108,0.0078,0.4814
DIAMONDS KING HEARTS TEN,0.2304,0.1154,0.6542
HEARTS THREE HEARTS TEN,0.5956,0.0066,0.3978
SPADES JACK CLUBS SIX,0.5896,0.0076,0.4028
DIAMONDS KING HEARTS JACK,0.2422,0.0784,0.6794
HEARTS THREE HEARTS JACK,0.596,0.0076,0.3964
SPADES TEN CLUBS SIX,0.5836,0.0084,0.408
SPADES JACK SPADES FIVE,0.5806,0.0082,0.4112
SPADES TEN SPADES FIVE,0.5754,0.0098,0.4148
DIAMONDS KING HEARTS ACE,0.2348,0.0166,0.7486
HEARTS THREE HEARTS ACE,0.344,0.0058,0.6502
SPADES ACE CLUBS SIX,0.347,0.007,0.646
DIAMONDS KING HEARTS QUEEN,0.2448,0.064,0.6912
HEARTS THREE HEARTS QUEEN,0.5986,0.0066,0.3948
DIAMONDS KING HEARTS KING,0.0746,0.0128,0.9126
HEARTS THREE HEARTS KING,0.2482,0.499,0.2528
SPADES QUEEN CLUBS SIX,0.5956,0.0078,0.3966
SPADES NINE HEARTS TEN,0.5466,0.0074,0.446
SPADES NINE HEARTS JACK,0.56,0.007,0.433
SPADES QUEEN SPADES FIVE,0.581,0.0094,0.4096
SPADES ACE SPADES FIVE,0.3288,0.0046,0.6666
SPADES NINE HEARTS QUEEN,0.571,0.0086,0.4204
SPADES NINE HEARTS KING,0.2278,0.1704,0.6018
SPADES NINE HEARTS ACE,0.3576,0.0052,0.6372
CLUBS TEN SPADES JACK,0.5476,0.0078,0.4446
CLUBS TEN SPADES TEN,0.287,0.0082,0.7048
SPADES ACE CLUBS TEN,0.3378,0.0034,0.6588
SPADES QUEEN CLUBS TEN,0.5592,0.0076,0.4332
SPADES FIVE HEARTS QUEEN,0.6092,0.0082,0.3826
SPADES FIVE HEARTS KING,0.2238,0.4638,0.3124
SPADES FIVE HEARTS ACE,0.3524,0.0048,0.6428
HEARTS THREE SPADES JACK,0.6224,0.0096,0.368
SPADES JACK DIAMONDS KING,0.2394,0.0908,0.6698
SPADES TEN CLUBS EIGHT,0.5616,0.0088,0.4296
SPADES JACK CLUBS EIGHT,0.5894,0.0086,0.402
HEARTS THREE SPADES TEN,0.6318,0.0084,0.3598
SPADES TEN DIAMONDS KING,0.2372,0.1262,0.6366
CLUBS SIX HEARTS ACE,0.3474,0.0044,0.6482
SPADES ACE CLUBS EIGHT,0.348,0.0064,0.6456
HEARTS FIVE CLUBS JACK,0.6048,0.007,0.3882
CLUBS TEN HEARTS FIVE,0.597,0.0084,0.3946
CLUBS SIX HEARTS QUEEN,0.6114,0.0068,0.3818
SPADES QUEEN CLUBS EIGHT,0.587,0.0078,0.4052
CLUBS TEN SPADES THREE,0.6338,0.0114,0.3548
CLUBS SIX HEARTS KING,0.2194,0.3796,0.401
SPADES THREE CLUBS JACK,0.6342,0.0102,0.3556
DIAMONDS TWO HEARTS JACK,0.6272,0.0076,0.3652
SPADES THREE CLUBS QUEEN,0.6352,0.0098,0.355
DIAMONDS TWO HEARTS TEN,0.6282,0.0066,0.3652
SPADES THREE CLUBS KING,0.2494,0.5308,0.2198
HEARTS FIVE CLUBS ACE,0.3432,0.0056,0.6512
SPADES FIVE HEARTS TEN,0.6132,0.0084,0.3784
SPADES THREE CLUBS ACE,0.3692,0.0052,0.6256
HEARTS FIVE CLUBS KING,0.2182,0.4682,0.3136
SPADES FIVE HEARTS JACK,0.5954,0.0076,0.397
HEARTS FIVE CLUBS QUEEN,0.5982,0.0072,0.3946
HEARTS THREE CLUBS KING,0.2454,0.5196,0.235
DIAMONDS KING CLUBS KING,0.0692,0.0152,0.9156
HEARTS THREE CLUBS QUEEN,0.6336,0.0102,0.3562
DIAMONDS KING CLUBS QUEEN,0.227,0.064,0.709
HEARTS FIVE HEARTS JACK,0.5554,0.0074,0.4372
HEARTS FIVE HEARTS TEN,0.559,0.0074,0.4336
HEARTS THREE CLUBS ACE,0.3636,0.0038,0.6326
DIAMONDS KING CLUBS ACE,0.22,0.0114,0.7686
SPADES ACE CLUBS QUEEN,0.3368,0.006,0.6572
HEARTS THREE CLUBS JACK,0.6292,0.0074,0.3634
DIAMONDS KING CLUBS JACK,0.227,0.0914,0.6816
SPADES QUEEN CLUBS QUEEN,0.276,0.0048,0.7192
CLUBS TEN HEARTS THREE,0.627,0.0078,0.3652
CLUBS TEN DIAMONDS KING,0.2288,0.1168,0.6544
SPADES JACK CLUBS QUEEN,0.5408,0.0086,0.4506
CLUBS SIX CLUBS QUEEN,0.5688,0.0074,0.4238
SPADES TEN CLUBS QUEEN,0.552,0.006,0.442
CLUBS SIX CLUBS KING,0.2208,0.352,0.4272
CLUBS SIX CLUBS ACE,0.3482,0.006,0.6458
HEARTS FIVE HEARTS KING,0.2072,0.4404,0.3524
HEARTS FIVE HEARTS QUEEN,0.5674,0.0092,0.4234
CLUBS TEN CLUBS SIX,0.5558,0.0102,0.434
HEARTS FIVE HEARTS ACE,0.3138,0.0048,0.6814
CLUBS SIX CLUBS JACK,0.5802,0.0068,0.413
SPADES SEVEN HEARTS JACK,0.584,0.0068,0.4092
SPADES SEVEN HEARTS TEN,0.5776,0.0078,0.4146
DIAMONDS TWO CLUBS TWO,0.4434,0.0164,0.5402
DIAMONDS TWO CLUBS THREE,0.652,0.0104,0.3376
HEARTS SIX DIAMONDS TWO,0.6262,0.0076,0.3662
DIAMONDS TWO HEARTS QUEEN,0.6294,0.006,0.3646
DIAMONDS TWO HEARTS SEVEN,0.6292,0.008,0.3628
DIAMONDS TWO HEARTS KING,0.2706,0.503,0.2264
DIAMONDS TWO HEARTS EIGHT,0.6302,0.0084,0.3614
DIAMONDS TWO HEARTS ACE,0.3744,0.006,0.6196
DIAMONDS TWO HEARTS NINE,0.6386,0.0076,0.3538
DIAMONDS TWO DIAMONDS QUEEN,0.5954,0.0072,0.3974
DIAMONDS TWO HEARTS TWO,0.4376,0.0198,0.5426
DIAMONDS TWO DIAMONDS KING,0.2572,0.482,0.2608
HEARTS THREE DIAMONDS TWO,0.6382,0.011,0.3508
DIAMONDS TWO DIAMONDS ACE,0.3574,0.0048,0.6378
HEARTS FOUR DIAMONDS TWO,0.7224,0.0402,0.2374
DIAMONDS TWO HEARTS FIVE,0.6204,0.0086,0.371
SPADES SEVEN HEARTS ACE,0.3698,0.0036,0.6266
DIAMONDS TWO DIAMONDS TEN,0.6026,0.0082,0.3892
SPADES SEVEN HEARTS KING,0.2192,0.302,0.4788
DIAMONDS TWO DIAMONDS JACK,0.5972,0.0062,0.3966
SPADES SEVEN HEARTS QUEEN,0.5958,0.009,0.3952
DIAMONDS TWO SPADES NINE,0.6348,0.0104,0.3548
DIAMONDS TWO SPADES EIGHT,0.64,0.0116,0.3484
DIAMONDS TWO SPADES SEVEN,0.6334,0.009,0.3576
DIAMONDS TWO SPADES SIX,0.633,0.009,0.358
DIAMONDS TWO SPADES FIVE,0.6216,0.0086,0.3698
DIAMONDS TWO SPADES FOUR,0.7204,0.0384,0.2412
DIAMONDS TWO SPADES THREE,0.6556,0.01,0.3344
DIAMONDS TWO SPADES TWO,0.4474,0.0212,0.5314
CLUBS NINE DIAMONDS TWO,0.625,0.01,0.365
DIAMONDS TWO CLUBS EIGHT,0.6346,0.0088,0.3566
CLUBS SEVEN DIAMONDS TWO,0.6264,0.011,0.3626
DIAMONDS TWO CLUBS SIX,0.63,0.009,0.361
DIAMONDS TWO CLUBS FIVE,0.6334,0.008,0.3586
SPADES ACE DIAMONDS SIX,0.3588,0.003,0.6382
SPADES QUEEN DIAMONDS SIX,0.6124,0.0056,0.382
SPADES TEN DIAMONDS SIX,0.5882,0.0064,0.4054
SPADES JACK DIAMONDS SIX,0.6148,0.0058,0.3794
SPADES QUEEN SPADES TWO,0.5882,0.0102,0.4016
SPADES ACE SPADES TWO,0.3596,0.006,0.6344
DIAMONDS JACK CLUBS JACK,0.2754,0.0048,0.7198
CLUBS TEN DIAMONDS JACK,0.5506,0.0068,0.4426
DIAMONDS JACK CLUBS KING,0.24,0.0866,0.6734
DIAMONDS JACK CLUBS QUEEN,0.5586,0.0066,0.4348
DIAMONDS THREE DIAMONDS JACK,0.5942,0.007,0.3988
DIAMONDS THREE DIAMONDS TEN,0.5988,0.0084,0.3928
DIAMONDS JACK CLUBS ACE,0.3326,0.002,0.6654
DIAMONDS THREE DIAMONDS KING,0.2516,0.4836,0.2648
HEARTS THREE DIAMONDS THREE,0.4382,0.0156,0.5462
DIAMONDS THREE DIAMONDS QUEEN,0.6022,0.008,0.3898
DIAMONDS THREE HEARTS TWO,0.6368,0.0098,0.3534
HEARTS FIVE DIAMONDS THREE,0.6102,0.01,0.3798
DIAMONDS THREE DIAMONDS ACE,0.3538,0.0054,0.6408
HEARTS FOUR DIAMONDS THREE,0.6906,0.0354,0.274
DIAMONDS THREE HEARTS SEVEN,0.617,0.0072,0.3758
SPADES TEN SPADES NINE,0.5258,0.0056,0.4686
HEARTS SIX DIAMONDS THREE,0.6138,0.0076,0.3786
SPADES JACK SPADES NINE,0.5216,0.0078,0.4706
DIAMONDS THREE HEARTS NINE,0.6228,0.007,0.3702
HEARTS JACK DIAMONDS FOUR,0.7272,0.0354,0.2374
HEARTS KING HEARTS ACE,0.22,0.015,0.765
SPADES TEN SPADES TWO,0.6076,0.0092,0.3832
DIAMONDS THREE HEARTS EIGHT,0.6324,0.008,0.3596
HEARTS TEN DIAMONDS FOUR,0.7206,0.0404,0.239
SPADES JACK SPADES TWO,0.6116,0.0086,0.3798
HEARTS QUEEN DIAMONDS FOUR,0.7352,0.0372,0.2276
HEARTS KING DIAMONDS FOUR,0.0226,0.9544,0.023
SPADES ACE SPADES NINE,0.3398,0.0042,0.656
HEARTS ACE DIAMONDS FOUR,0.2246,0.022,0.7534
SPADES QUEEN SPADES NINE,0.5438,0.0086,0.4476
DIAMONDS THREE SPADES NINE,0.6228,0.0096,0.3676
DIAMONDS THREE SPADES EIGHT,0.6512,0.0078,0.341
DIAMONDS THREE SPADES SEVEN,0.6302,0.0088,0.361
DIAMONDS THREE SPADES SIX,0.6258,0.0098,0.3644
DIAMONDS THREE CLUBS SIX,0.614,0.0096,0.3764
CLUBS FIVE CLUBS SIX,0.5268,0.0084,0.4648
CLUBS ACE DIAMONDS FOUR,0.23,0.0254,0.7446
CLUBS SEVEN DIAMONDS THREE,0.624,0.0088,0.3672
CLUBS SEVEN CLUBS FIVE,0.5414,0.0074,0.4512
DIAMONDS FOUR CLUBS QUEEN,0.7326,0.0356,0.2318
DIAMONDS THREE CLUBS FIVE,0.6006,0.0112,0.3882
CLUBS KING DIAMONDS FOUR,0.0104,0.9726,0.017
DIAMONDS THREE CLUBS TWO,0.65,0.0096,0.3404
CLUBS TEN DIAMONDS FOUR,0.7164,0.0412,0.2424
DIAMONDS THREE CLUBS THREE,0.4348,0.0168,0.5484
DIAMONDS FOUR CLUBS JACK,0.7214,0.0382,0.2404
DIAMONDS THREE SPADES FOUR,0.712,0.035,0.253
DIAMONDS THREE SPADES FIVE,0.6082,0.0086,0.3832
DIAMONDS THREE SPADES TWO,0.6478,0.0072,0.345
DIAMONDS THREE SPADES THREE,0.4424,0.0214,0.5362
CLUBS EIGHT DIAMONDS THREE,0.643,0.0088,0.3482
CLUBS NINE DIAMONDS THREE,0.6226,0.007,0.3704
SPADES SEVEN CLUBS ACE,0.3594,0.0054,0.6352
SPADES SEVEN CLUBS QUEEN,0.5912,0.0068,0.402
SPADES SEVEN CLUBS KING,0.2196,0.3026,0.4778
CLUBS FIVE SPADES SEVEN,0.574,0.0068,0.4192
CLUBS TEN SPADES SEVEN,0.5742,0.0086,0.4172
CLUBS FIVE SPADES SIX,0.5648,0.0086,0.4266
SPADES SEVEN CLUBS JACK,0.593,0.0084,0.3986
SPADES NINE CLUBS FIVE,0.5848,0.007,0.4082
CLUBS FIVE SPADES EIGHT,0.5888,0.0078,0.4034
CLUBS FIVE SPADES THREE,0.6032,0.0118,0.385
CLUBS FIVE SPADES TWO,0.621,0.0098,0.3692
CLUBS FIVE SPADES FIVE,0.3344,0.0158,0.6498
CLUBS FIVE SPADES FOUR,0.688,0.03,0.282
CLUBS NINE CLUBS FIVE,0.5532,0.01,0.4368
CLUBS EIGHT CLUBS FIVE,0.5426,0.0072,0.4502
CLUBS ACE CLUBS QUEEN,0.3306,0.0068,0.6626
CLUBS KING CLUBS QUEEN,0.2324,0.0706,0.697
DIAMONDS TEN DIAMONDS FOUR,0.6862,0.032,0.2818
CLUBS TEN DIAMONDS NINE,0.5246,0.0062,0.4692
DIAMONDS JACK DIAMONDS FOUR,0.6808,0.034,0.2852
DIAMONDS NINE CLUBS JACK,0.564,0.0062,0.4298
SPADES NINE CLUBS JACK,0.55,0.0078,0.4422
CLUBS TEN SPADES NINE,0.5396,0.0072,0.4532
DIAMONDS ACE DIAMONDS FOUR,0.2164,0.0236,0.76
HEARTS FOUR DIAMONDS FOUR,0.3074,0.0276,0.665
DIAMONDS JACK HEARTS TEN,0.5408,0.0076,0.4516
SPADES NINE CLUBS KING,0.2276,0.1768,0.5956
DIAMONDS TWO SPADES TEN,0.6436,0.01,0.3464
DIAMONDS NINE CLUBS ACE,0.3506,0.0052,0.6442
HEARTS FIVE DIAMONDS FOUR,0.677,0.0366,0.2864
HEARTS JACK DIAMONDS JACK,0.2878,0.0042,0.708
SPADES NINE CLUBS QUEEN,0.5808,0.009,0.4102
SPADES JACK DIAMONDS TWO,0.639,0.0086,0.3524
DIAMONDS QUEEN DIAMONDS FOUR,0.6924,0.034,0.2736
HEARTS TWO DIAMONDS FOUR,0.699,0.0374,0.2636
DIAMONDS NINE CLUBS QUEEN,0.5758,0.006,0.4182
DIAMONDS KING DIAMONDS FOUR,0.0186,0.907,0.0744
HEARTS THREE DIAMONDS FOUR,0.69,0.0326,0.2774
SPADES NINE CLUBS ACE,0.3628,0.0066,0.6306
DIAMONDS NINE CLUBS KING,0.2298,0.1664,0.6038
HEARTS ACE DIAMONDS JACK,0.3582,0.0034,0.6384
SPADES ACE DIAMONDS TWO,0.381,0.0066,0.6124
DIAMONDS JACK HEARTS QUEEN,0.562,0.0048,0.4332
SPADES QUEEN DIAMONDS TWO,0.6448,0.0084,0.3468
HEARTS KING DIAMONDS JACK,0.2504,0.0846,0.665
SPADES JACK SPADES SEVEN,0.55,0.0058,0.4442
SPADES TEN SPADES SEVEN,0.5388,0.0098,0.4514
CLUBS SEVEN CLUBS THREE,0.5924,0.0086,0.399
CLUBS SIX CLUBS THREE,0.5908,0.009,0.4002
CLUBS FIVE CLUBS THREE,0.5718,0.0074,0.4208
CLUBS NINE CLUBS THREE,0.6,0.0106,0.3894
CLUBS EIGHT CLUBS THREE,0.5978,0.0074,0.3948
CLUBS THREE SPADES FIVE,0.6138,0.0094,0.3768
CLUBS THREE SPADES FOUR,0.7052,0.0372,0.2576
CLUBS THREE SPADES THREE,0.4308,0.019,0.5502
CLUBS THREE SPADES TWO,0.6544,0.01,0.3356
SPADES SIX CLUBS THREE,0.6324,0.0098,0.3578
SPADES SEVEN CLUBS THREE,0.6292,0.009,0.3618
SPADES EIGHT CLUBS THREE,0.6466,0.0096,0.3438
SPADES NINE CLUBS THREE,0.6314,0.0066,0.362
SPADES TWO DIAMONDS FOUR,0.703,0.04,0.257
SPADES THREE DIAMONDS FOUR,0.6816,0.0386,0.2798
SPADES FOUR DIAMONDS FOUR,0.3082,0.027,0.6648
SPADES FIVE DIAMONDS FOUR,0.6822,0.0336,0.2842
SPADES SIX DIAMONDS FOUR,0.7014,0.0298,0.2688
SPADES SEVEN DIAMONDS FOUR,0.7052,0.034,0.2608
SPADES EIGHT DIAMONDS FOUR,0.7158,0.034,0.2502
SPADES NINE DIAMONDS FOUR,0.7186,0.0338,0.2476
CLUBS FIVE DIAMONDS FOUR,0.6718,0.032,0.2962
CLUBS SEVEN DIAMONDS FOUR,0.703,0.0298,0.2672
CLUBS SIX DIAMONDS FOUR,0.6918,0.0234,0.2848
CLUBS NINE DIAMONDS FOUR,0.7322,0.0318,0.236
CLUBS EIGHT DIAMONDS FOUR,0.7184,0.0326,0.249
DIAMONDS FOUR HEARTS SEVEN,0.7006,0.0308,0.2686
HEARTS SIX DIAMONDS FOUR,0.7008,0.025,0.2742
HEARTS NINE DIAMONDS FOUR,0.719,0.0314,0.2496
DIAMONDS FOUR HEARTS EIGHT,0.7066,0.0346,0.2588
CLUBS THREE DIAMONDS FOUR,0.6992,0.0362,0.2646
CLUBS TWO DIAMONDS FOUR,0.7098,0.037,0.2532
DIAMONDS TEN DIAMONDS FIVE,0.5658,0.0072,0.427
DIAMONDS JACK DIAMONDS FIVE,0.5668,0.0076,0.4256
DIAMONDS NINE HEARTS QUEEN,0.5738,0.0046,0.4216
HEARTS KING DIAMONDS NINE,0.2386,0.1622,0.5992
DIAMONDS NINE HEARTS ACE,0.3726,0.0026,0.6248
DIAMONDS NINE HEARTS TEN,0.5568,0.0044,0.4388
DIAMONDS NINE HEARTS JACK,0.566,0.0064,0.4276
CLUBS KING DIAMONDS SIX,0.2236,0.3804,0.396
CLUBS QUEEN DIAMONDS SIX,0.5874,0.0086,0.404
CLUBS ACE DIAMONDS SIX,0.3602,0.0046,0.6352
SPADES ACE SPADES SEVEN,0.347,0.0046,0.6484
SPADES QUEEN DIAMONDS FOUR,0.7224,0.0394,0.2382
SPADES QUEEN SPADES SEVEN,0.5648,0.0094,0.4258
CLUBS JACK DIAMONDS SIX,0.599,0.0064,0.3946
SPADES ACE DIAMONDS FOUR,0.233,0.0264,0.7406
CLUBS TEN DIAMONDS SIX,0.5744,0.008,0.4176
SPADES JACK DIAMONDS FOUR,0.7342,0.0392,0.2266
SPADES TEN DIAMONDS FOUR,0.7298,0.0342,0.236
CLUBS SEVEN SPADES EIGHT,0.5494,0.0082,0.4424
CLUBS SEVEN SPADES NINE,0.568,0.0086,0.4234
CLUBS SEVEN SPADES SIX,0.5604,0.0096,0.43
CLUBS SEVEN SPADES SEVEN,0.3378,0.0144,0.6478
CLUBS SEVEN SPADES FIVE,0.5858,0.0112,0.403
CLUBS SEVEN SPADES FOUR,0.7054,0.03,0.2646
CLUBS SEVEN SPADES THREE,0.6208,0.0078,0.3714
CLUBS SEVEN SPADES TWO,0.6386,0.0086,0.3528
CLUBS NINE CLUBS SEVEN,0.5252,0.0072,0.4676
CLUBS SEVEN CLUBS EIGHT,0.523,0.0086,0.4684
HEARTS SIX DIAMONDS FIVE,0.5744,0.0084,0.4172
DIAMONDS FIVE HEARTS SEVEN,0.5772,0.0066,0.4162
DIAMONDS FIVE HEARTS EIGHT,0.5804,0.0096,0.41
HEARTS NINE DIAMONDS FIVE,0.5684,0.0088,0.4228
DIAMONDS QUEEN DIAMONDS FIVE,0.5564,0.0072,0.4364
HEARTS TWO DIAMONDS FIVE,0.6144,0.008,0.3776
HEARTS KING HEARTS EIGHT,0.2204,0.2254,0.5542
DIAMONDS KING DIAMONDS FIVE,0.2088,0.4248,0.3664
HEARTS THREE DIAMONDS FIVE,0.6088,0.0082,0.383
HEARTS QUEEN HEARTS EIGHT,0.549,0.0064,0.4446
DIAMONDS ACE DIAMONDS FIVE,0.33,0.0066,0.6634
HEARTS FOUR DIAMONDS FIVE,0.6712,0.0328,0.296
HEARTS FIVE DIAMONDS FIVE,0.3398,0.016,0.6442
HEARTS ACE HEARTS EIGHT,0.3386,0.0058,0.6556
CLUBS FIVE DIAMONDS FIVE,0.3206,0.0158,0.6636
CLUBS SIX DIAMONDS FIVE,0.5678,0.0094,0.4228
CLUBS SEVEN DIAMONDS FIVE,0.573,0.0096,0.4174
CLUBS TWO DIAMONDS FIVE,0.626,0.0086,0.3654
CLUBS THREE DIAMONDS FIVE,0.6102,0.0102,0.3796
SPADES THREE DIAMONDS FIVE,0.6158,0.0106,0.3736
SPADES TWO DIAMONDS FIVE,0.6198,0.0096,0.3706
SPADES JACK DIAMONDS EIGHT,0.5886,0.0078,0.4036
SPADES FIVE DIAMONDS FIVE,0.3516,0.018,0.6304
CLUBS TEN HEARTS JACK,0.5358,0.0078,0.4564
SPADES TEN DIAMONDS EIGHT,0.5612,0.0076,0.4312
SPADES FOUR DIAMONDS FIVE,0.6874,0.032,0.2806
HEARTS JACK CLUBS JACK,0.2876,0.0048,0.7076
HEARTS JACK CLUBS QUEEN,0.557,0.0078,0.4352
CLUBS NINE DIAMONDS FIVE,0.5826,0.0088,0.4086
HEARTS JACK CLUBS KING,0.2376,0.0838,0.6786
CLUBS EIGHT DIAMONDS FIVE,0.5836,0.0082,0.4082
HEARTS JACK CLUBS ACE,0.3502,0.0048,0.645
SPADES SEVEN DIAMONDS FIVE,0.5796,0.0082,0.4122
SPADES SIX DIAMONDS FIVE,0.5796,0.0106,0.4098
SPADES QUEEN DIAMONDS EIGHT,0.585,0.0064,0.4086
SPADES NINE DIAMONDS FIVE,0.5864,0.01,0.4036
SPADES EIGHT DIAMONDS FIVE,0.5906,0.009,0.4004
SPADES ACE DIAMONDS EIGHT,0.3576,0.0058,0.6366
DIAMONDS TEN DIAMONDS SIX,0.547,0.0066,0.4464
HEARTS ACE DIAMONDS SEVEN,0.3612,0.0054,0.6334
DIAMONDS JACK DIAMONDS SIX,0.5614,0.003,0.4356
HEARTS QUEEN DIAMONDS SEVEN,0.6086,0.0088,0.3826
HEARTS KING DIAMONDS SEVEN,0.2416,0.298,0.4604
DIAMONDS ACE DIAMONDS SIX,0.332,0.004,0.664
HEARTS FOUR DIAMONDS SIX,0.7016,0.0306,0.2678
HEARTS JACK SPADES TWO,0.649,0.008,0.343
HEARTS FIVE DIAMONDS SIX,0.5776,0.0098,0.4126
SPADES TWO HEARTS TEN,0.6296,0.0102,0.3602
DIAMONDS QUEEN DIAMONDS SIX,0.5632,0.0078,0.429
HEARTS TWO DIAMONDS SIX,0.6374,0.008,0.3546
DIAMONDS KING DIAMONDS SIX,0.2114,0.363,0.4256
HEARTS THREE DIAMONDS SIX,0.6164,0.0092,0.3744
HEARTS EIGHT DIAMONDS SIX,0.572,0.0068,0.4212
HEARTS NINE DIAMONDS SIX,0.5742,0.0062,0.4196
HEARTS SIX DIAMONDS SIX,0.3402,0.0148,0.645
HEARTS SEVEN DIAMONDS SIX,0.573,0.0082,0.4188
HEARTS TEN DIAMONDS SEVEN,0.5792,0.008,0.4128
CLUBS TWO DIAMONDS SIX,0.646,0.0108,0.3432
HEARTS JACK DIAMONDS SEVEN,0.5912,0.009,0.3998
CLUBS THREE DIAMONDS SIX,0.625,0.0094,0.3656
CLUBS SEVEN DIAMONDS SIX,0.5466,0.009,0.4444
DIAMONDS EIGHT CLUBS JACK,0.5804,0.0076,0.412
CLUBS SIX DIAMONDS SIX,0.3182,0.0144,0.6674
CLUBS TEN DIAMONDS EIGHT,0.5622,0.0078,0.43
CLUBS FIVE DIAMONDS SIX,0.5634,0.009,0.4276
HEARTS ACE HEARTS JACK,0.3242,0.005,0.6708
DIAMONDS EIGHT CLUBS ACE,0.363,0.0048,0.6322
HEARTS JACK HEARTS QUEEN,0.5108,0.0088,0.4804
DIAMONDS EIGHT CLUBS KING,0.2204,0.2264,0.5532
CLUBS NINE DIAMONDS SIX,0.5644,0.0064,0.4292
HEARTS KING HEARTS JACK,0.2206,0.0846,0.6948
DIAMONDS EIGHT CLUBS QUEEN,0.5848,0.008,0.4072
CLUBS EIGHT DIAMONDS SIX,0.5628,0.0074,0.4298
SPADES TEN HEARTS KING,0.2446,0.1172,0.6382
SPADES FIVE DIAMONDS SIX,0.575,0.0088,0.4162
HEARTS ACE SPADES TWO,0.3856,0.0056,0.6088
SPADES JACK HEARTS KING,0.2354,0.0862,0.6784
SPADES FOUR DIAMONDS SIX,0.7132,0.026,0.2608
SPADES THREE DIAMONDS SIX,0.6196,0.0094,0.371
SPADES TWO HEARTS QUEEN,0.6368,0.0098,0.3534
HEARTS KING SPADES TWO,0.2686,0.5108,0.2206
SPADES TWO DIAMONDS SIX,0.636,0.0088,0.3552
HEARTS TEN HEARTS EIGHT,0.5288,0.0062,0.465
SPADES NINE DIAMONDS SIX,0.5832,0.0078,0.409
HEARTS JACK HEARTS EIGHT,0.5406,0.0048,0.4546
SPADES EIGHT DIAMONDS SIX,0.5708,0.009,0.4202
SPADES SEVEN DIAMONDS SIX,0.5588,0.0092,0.432
SPADES SIX DIAMONDS SIX,0.343,0.0158,0.6412
SPADES QUEEN HEARTS KING,0.24,0.0674,0.6926
CLUBS ACE CLUBS KING,0.23,0.0116,0.7584
SPADES ACE HEARTS KING,0.2162,0.0152,0.7686
SPADES ACE HEARTS JACK,0.3326,0.0054,0.662
SPADES QUEEN HEARTS JACK,0.5644,0.0104,0.4252
SPADES TEN DIAMONDS TEN,0.3028,0.0084,0.6888
SPADES JACK DIAMONDS TEN,0.5456,0.0054,0.449
SPADES ACE DIAMONDS TEN,0.346,0.0054,0.6486
SPADES JACK HEARTS JACK,0.3,0.004,0.696
SPADES TEN HEARTS JACK,0.548,0.0064,0.4456
SPADES QUEEN DIAMONDS TEN,0.5526,0.0082,0.4392
SPADES NINE DIAMONDS SEVEN,0.5586,0.0086,0.4328
SPADES EIGHT DIAMONDS SEVEN,0.5574,0.0046,0.438
SPADES SEVEN DIAMONDS SEVEN,0.333,0.0108,0.6562
SPADES SIX DIAMONDS SEVEN,0.5606,0.008,0.4314
DIAMONDS KING DIAMONDS SEVEN,0.2212,0.2724,0.5064
HEARTS THREE DIAMONDS SEVEN,0.6268,0.0088,0.3644
HEARTS KING DIAMONDS FIVE,0.2282,0.4452,0.3266
DIAMONDS QUEEN DIAMONDS SEVEN,0.5504,0.0064,0.4432
HEARTS TWO DIAMONDS SEVEN,0.6348,0.0056,0.3596
HEARTS QUEEN DIAMONDS FIVE,0.6114,0.0064,0.3822
HEARTS FIVE DIAMONDS SEVEN,0.572,0.0082,0.4198
DIAMONDS ACE DIAMONDS SEVEN,0.3354,0.0042,0.6604
HEARTS FOUR DIAMONDS SEVEN,0.709,0.0286,0.2624
HEARTS ACE DIAMONDS FIVE,0.3532,0.0044,0.6424
HEARTS SEVEN DIAMONDS SEVEN,0.3282,0.0122,0.6596
HEARTS SIX DIAMONDS SEVEN,0.5646,0.0094,0.426
HEARTS NINE DIAMONDS SEVEN,0.5532,0.0064,0.4404
DIAMONDS SEVEN HEARTS EIGHT,0.5408,0.0056,0.4536
DIAMONDS JACK DIAMONDS SEVEN,0.5626,0.0062,0.4312
HEARTS JACK DIAMONDS FIVE,0.5952,0.0074,0.3974
DIAMONDS TEN DIAMONDS SEVEN,0.5254,0.0074,0.4672
DIAMONDS FIVE HEARTS TEN,0.5962,0.0054,0.3984
HEARTS KING CLUBS KING,0.0748,0.0154,0.9098
CLUBS EIGHT DIAMONDS SEVEN,0.5462,0.008,0.4458
SPADES QUEEN CLUBS TWO,0.6488,0.0072,0.344
HEARTS KING CLUBS QUEEN,0.2414,0.0642,0.6944
CLUBS NINE DIAMONDS SEVEN,0.551,0.0084,0.4406
SPADES TWO CLUBS JACK,0.6362,0.0096,0.3542
SPADES ACE CLUBS TWO,0.376,0.007,0.617
CLUBS TEN SPADES TWO,0.6214,0.0076,0.371
HEARTS KING CLUBS ACE,0.223,0.011,0.766
CLUBS SEVEN CLUBS SIX,0.5448,0.0062,0.449
SPADES TWO CLUBS KING,0.2616,0.5226,0.2158
SPADES TWO DIAMONDS SEVEN,0.6424,0.0086,0.349
CLUBS EIGHT CLUBS SIX,0.549,0.0068,0.4442
SPADES THREE DIAMONDS SEVEN,0.6304,0.0078,0.3618
SPADES TWO CLUBS QUEEN,0.6392,0.0092,0.3516
CLUBS NINE CLUBS SIX,0.5496,0.0072,0.4432
SPADES FOUR DIAMONDS SEVEN,0.708,0.0264,0.2656
HEARTS KING CLUBS JACK,0.2386,0.0892,0.6722
SPADES FIVE DIAMONDS SEVEN,0.5734,0.0086,0.418
SPADES TWO CLUBS ACE,0.3778,0.0066,0.6156
CLUBS TEN HEARTS KING,0.2342,0.1196,0.6462
CLUBS SIX SPADES TWO,0.6312,0.0092,0.3596
CLUBS SIX SPADES THREE,0.6122,0.009,0.3788
CLUBS TWO DIAMONDS SEVEN,0.64,0.0092,0.3508
CLUBS SIX SPADES FOUR,0.6994,0.0304,0.2702
CLUBS THREE DIAMONDS SEVEN,0.6166,0.0088,0.3746
CLUBS SIX SPADES FIVE,0.5586,0.0108,0.4306
CLUBS SIX SPADES SIX,0.3156,0.0166,0.6678
CLUBS FIVE DIAMONDS SEVEN,0.5684,0.01,0.4216
CLUBS SIX SPADES SEVEN,0.556,0.0102,0.4338
CLUBS SIX DIAMONDS SEVEN,0.5676,0.0074,0.425
SPADES EIGHT CLUBS SIX,0.5668,0.0078,0.4254
SPADES JACK CLUBS TWO,0.649,0.007,0.344
CLUBS SEVEN DIAMONDS SEVEN,0.324,0.018,0.658
SPADES NINE CLUBS SIX,0.5598,0.0074,0.4328
SPADES TEN CLUBS TWO,0.647,0.01,0.343
CLUBS TWO CLUBS QUEEN,0.601,0.009,0.39
CLUBS TWO CLUBS KING,0.2556,0.4914,0.253
CLUBS THREE DIAMONDS EIGHT,0.635,0.011,0.354
CLUBS TWO CLUBS ACE,0.3578,0.0074,0.6348
CLUBS TWO DIAMONDS EIGHT,0.6338,0.0084,0.3578
DIAMONDS EIGHT HEARTS SEVEN,0.5734,0.0078,0.4188
HEARTS SIX DIAMONDS EIGHT,0.5864,0.0064,0.4072
DIAMONDS EIGHT HEARTS NINE,0.5522,0.0082,0.4396
CLUBS TEN CLUBS TWO,0.5938,0.0102,0.396
DIAMONDS EIGHT HEARTS EIGHT,0.3292,0.0106,0.6602
CLUBS TWO CLUBS JACK,0.5916,0.0092,0.3992
CLUBS NINE DIAMONDS EIGHT,0.5548,0.0068,0.4384
CLUBS EIGHT DIAMONDS EIGHT,0.325,0.0138,0.6612
CLUBS FIVE DIAMONDS EIGHT,0.5874,0.0072,0.4054
SPADES ACE SPADES THREE,0.3554,0.0076,0.637
CLUBS SEVEN DIAMONDS EIGHT,0.5586,0.0052,0.4362
SPADES QUEEN SPADES THREE,0.6078,0.0094,0.3828
CLUBS SIX DIAMONDS EIGHT,0.5658,0.0082,0.426
DIAMONDS QUEEN DIAMONDS EIGHT,0.5414,0.008,0.4506
HEARTS TWO DIAMONDS EIGHT,0.631,0.0086,0.3604
DIAMONDS KING DIAMONDS EIGHT,0.2078,0.2304,0.5618
HEARTS THREE DIAMONDS EIGHT,0.6312,0.0098,0.359
DIAMONDS ACE DIAMONDS EIGHT,0.343,0.0046,0.6524
HEARTS FOUR DIAMONDS EIGHT,0.72,0.031,0.249
HEARTS FIVE DIAMONDS EIGHT,0.589,0.0068,0.4042
DIAMONDS EIGHT DIAMONDS TEN,0.5314,0.007,0.4616
DIAMONDS EIGHT DIAMONDS JACK,0.5246,0.0076,0.4678
SPADES JACK SPADES THREE,0.5994,0.008,0.3926
SPADES TEN SPADES THREE,0.6066,0.0088,0.3846
CLUBS SIX HEARTS TEN,0.5888,0.0072,0.404
CLUBS SIX HEARTS JACK,0.5876,0.0076,0.4048
SPADES FOUR DIAMONDS EIGHT,0.7116,0.0334,0.255
SPADES FIVE DIAMONDS EIGHT,0.587,0.0082,0.4048
DIAMONDS EIGHT SPADES TWO,0.6372,0.01,0.3528
DIAMONDS EIGHT SPADES THREE,0.6436,0.0092,0.3472
SPADES EIGHT DIAMONDS EIGHT,0.3252,0.0094,0.6654
SPADES JACK HEARTS EIGHT,0.568,0.0066,0.4254
SPADES TEN HEARTS TWO,0.6304,0.0072,0.3624
SPADES TEN DIAMONDS QUEEN,0.5456,0.0058,0.4486
SPADES NINE DIAMONDS EIGHT,0.5608,0.0066,0.4326
SPADES JACK HEARTS TWO,0.639,0.0084,0.3526
SPADES JACK DIAMONDS QUEEN,0.5554,0.0064,0.4382
SPADES TEN HEARTS EIGHT,0.5798,0.0084,0.4118
SPADES SIX DIAMONDS EIGHT,0.5782,0.0078,0.414
SPADES SEVEN DIAMONDS EIGHT,0.5668,0.0074,0.4258
SPADES ACE HEARTS TWO,0.364,0.0068,0.6292
SPADES ACE DIAMONDS QUEEN,0.3558,0.0056,0.6386
SPADES ACE HEARTS EIGHT,0.3558,0.0046,0.6396
SPADES QUEEN DIAMONDS QUEEN,0.2918,0.0052,0.703
SPADES QUEEN HEARTS TWO,0.6396,0.0092,0.3512
SPADES QUEEN HEARTS EIGHT,0.5942,0.0078,0.398
CLUBS TWO HEARTS TEN,0.6336,0.0072,0.3592
CLUBS TWO HEARTS JACK,0.644,0.0108,0.3452
SPADES SEVEN DIAMONDS NINE,0.5706,0.0072,0.4222
SPADES SIX DIAMONDS NINE,0.5876,0.006,0.4064
SPADES NINE DIAMONDS NINE,0.3112,0.0126,0.6762
SPADES EIGHT DIAMONDS NINE,0.5532,0.0076,0.4392
SPADES TEN CLUBS KING,0.2272,0.1222,0.6506
DIAMONDS NINE SPADES THREE,0.6334,0.0082,0.3584
SPADES JACK CLUBS KING,0.2458,0.0862,0.668
DIAMONDS NINE SPADES TWO,0.6306,0.0094,0.36
SPADES FIVE DIAMONDS NINE,0.589,0.0062,0.4048
DIAMONDS NINE SPADES FOUR,0.7246,0.0308,0.2446
CLUBS NINE DIAMONDS NINE,0.3004,0.0112,0.6884
CLUBS EIGHT DIAMONDS NINE,0.5526,0.0082,0.4392
CLUBS SIX DIAMONDS NINE,0.568,0.0078,0.4242
CLUBS SEVEN DIAMONDS NINE,0.5748,0.0078,0.4174
CLUBS FIVE DIAMONDS NINE,0.593,0.0058,0.4012
CLUBS TWO DIAMONDS NINE,0.634,0.0096,0.3564
CLUBS THREE DIAMONDS NINE,0.6258,0.0096,0.3646
DIAMONDS NINE HEARTS EIGHT,0.5524,0.007,0.4406
DIAMONDS NINE HEARTS NINE,0.3126,0.0092,0.6782
HEARTS SIX DIAMONDS NINE,0.5808,0.0072,0.412
DIAMONDS NINE HEARTS SEVEN,0.555,0.006,0.439
CLUBS NINE CLUBS EIGHT,0.51,0.0056,0.4844
DIAMONDS ACE DIAMONDS NINE,0.3232,0.004,0.6728
HEARTS FOUR DIAMONDS NINE,0.7332,0.032,0.2348
HEARTS FIVE DIAMONDS NINE,0.5788,0.0076,0.4136
CLUBS TWO HEARTS ACE,0.3868,0.0048,0.6084
DIAMONDS QUEEN DIAMONDS NINE,0.5214,0.0094,0.4692
HEARTS TWO DIAMONDS NINE,0.6368,0.0066,0.3566
CLUBS TWO HEARTS KING,0.2634,0.5142,0.2224
DIAMONDS KING DIAMONDS NINE,0.2288,0.163,0.6082
HEARTS THREE DIAMONDS NINE,0.6348,0.0068,0.3584
CLUBS TWO HEARTS QUEEN,0.6448,0.0104,0.3448
DIAMONDS NINE DIAMONDS JACK,0.5172,0.007,0.4758
CLUBS EIGHT SPADES NINE,0.5488,0.0078,0.4434
DIAMONDS NINE DIAMONDS TEN,0.4946,0.009,0.4964
CLUBS EIGHT SPADES EIGHT,0.3216,0.0128,0.6656
CLUBS EIGHT SPADES SEVEN,0.5648,0.0068,0.4284
CLUBS EIGHT SPADES SIX,0.5766,0.007,0.4164
CLUBS EIGHT SPADES FIVE,0.5926,0.0092,0.3982
CLUBS EIGHT SPADES FOUR,0.7326,0.0344,0.233
CLUBS EIGHT SPADES THREE,0.6386,0.0084,0.353
CLUBS EIGHT SPADES TWO,0.6496,0.0096,0.3408
HEARTS SIX DIAMONDS TEN,0.5962,0.007,0.3968
DIAMONDS TEN HEARTS SEVEN,0.5754,0.0052,0.4194
DIAMONDS TEN HEARTS EIGHT,0.5646,0.007,0.4284
DIAMONDS TEN HEARTS NINE,0.5594,0.0054,0.4352
CLUBS TWO DIAMONDS TEN,0.6264,0.0088,0.3648
CLUBS THREE DIAMONDS TEN,0.6324,0.0066,0.361
DIAMONDS JACK DIAMONDS TEN,0.5098,0.0076,0.4826
DIAMONDS QUEEN DIAMONDS TEN,0.515,0.0042,0.4808
HEARTS TWO DIAMONDS TEN,0.6202,0.0086,0.3712
DIAMONDS KING DIAMONDS TEN,0.2232,0.1196,0.6572
HEARTS THREE DIAMONDS TEN,0.6316,0.0086,0.3598
DIAMONDS ACE DIAMONDS TEN,0.3362,0.0042,0.6596
HEARTS FOUR DIAMONDS TEN,0.7148,0.0394,0.2458
CLUBS EIGHT HEARTS JACK,0.5798,0.0076,0.4126
HEARTS FIVE DIAMONDS TEN,0.624,0.0092,0.3668
CLUBS EIGHT HEARTS TEN,0.5592,0.0074,0.4334
CLUBS EIGHT HEARTS QUEEN,0.5918,0.0074,0.4008
CLUBS EIGHT HEARTS KING,0.2254,0.2404,0.5342
CLUBS EIGHT HEARTS ACE,0.3406,0.0056,0.6538
CLUBS NINE SPADES THREE,0.64,0.0098,0.3502
CLUBS NINE SPADES TWO,0.6368,0.0084,0.3548
CLUBS NINE SPADES FIVE,0.5954,0.0066,0.398
CLUBS NINE SPADES FOUR,0.728,0.0392,0.2328
CLUBS NINE SPADES SEVEN,0.5614,0.008,0.4306
CLUBS NINE SPADES SIX,0.5706,0.0118,0.4176
CLUBS NINE SPADES NINE,0.3066,0.0112,0.6822
CLUBS TEN HEARTS EIGHT,0.5714,0.0062,0.4224
CLUBS NINE SPADES EIGHT,0.5572,0.008,0.4348
CLUBS JACK HEARTS EIGHT,0.5664,0.0096,0.424
CLUBS QUEEN HEARTS EIGHT,0.5758,0.007,0.4172
CLUBS KING HEARTS EIGHT,0.2338,0.2222,0.544
CLUBS ACE HEARTS EIGHT,0.3466,0.0042,0.6492
SPADES QUEEN CLUBS KING,0.2322,0.0688,0.699
SPADES ACE CLUBS KING,0.2182,0.013,0.7688
DIAMONDS ACE HEARTS TEN,0.354,0.0028,0.6432
HEARTS FOUR HEARTS TEN,0.6822,0.037,0.2808
DIAMONDS ACE HEARTS JACK,0.3592,0.0044,0.6364
HEARTS FOUR HEARTS JACK,0.6776,0.0342,0.2882
SPADES QUEEN CLUBS FIVE,0.6072,0.0076,0.3852
SPADES ACE CLUBS FIVE,0.335,0.0054,0.6596
DIAMONDS JACK HEARTS SEVEN,0.5782,0.007,0.4148
HEARTS SIX DIAMONDS JACK,0.5944,0.007,0.3986
DIAMONDS JACK HEARTS NINE,0.5496,0.0048,0.4456
DIAMONDS JACK HEARTS EIGHT,0.5772,0.0068,0.416
DIAMONDS KING DIAMONDS JACK,0.2232,0.0862,0.6906
HEARTS THREE DIAMONDS JACK,0.6316,0.0048,0.3636
SPADES ACE SPADES SIX,0.3326,0.0074,0.66
SPADES FOUR HEARTS ACE,0.2376,0.026,0.7364
DIAMONDS QUEEN DIAMONDS JACK,0.5196,0.0048,0.4756
HEARTS TWO DIAMONDS JACK,0.6232,0.01,0.3668
HEARTS FIVE DIAMONDS JACK,0.604,0.0076,0.3884
SPADES QUEEN SPADES SIX,0.5684,0.0106,0.421
SPADES FOUR HEARTS QUEEN,0.7308,0.0384,0.2308
DIAMONDS ACE DIAMONDS JACK,0.3382,0.0042,0.6576
HEARTS FOUR DIAMONDS JACK,0.724,0.0362,0.2398
HEARTS KING SPADES FOUR,0.0176,0.9732,0.0092
SPADES TEN SPADES SIX,0.565,0.0074,0.4276
SPADES JACK SPADES SIX,0.5796,0.0104,0.41
SPADES FOUR DIAMONDS JACK,0.7306,0.0338,0.2356
SPADES FIVE DIAMONDS JACK,0.6204,0.0074,0.3722
DIAMONDS JACK SPADES TWO,0.6414,0.0078,0.3508
SPADES THREE DIAMONDS JACK,0.6366,0.0086,0.3548
SPADES ACE DIAMONDS THREE,0.3696,0.0064,0.624
SPADES QUEEN DIAMONDS THREE,0.6388,0.0086,0.3526
CLUBS EIGHT DIAMONDS JACK,0.5704,0.008,0.4216
CLUBS NINE DIAMONDS JACK,0.5548,0.0084,0.4368
CLUBS SIX DIAMONDS JACK,0.5954,0.0074,0.3972
CLUBS SEVEN DIAMONDS JACK,0.5916,0.006,0.4024
CLUBS FIVE DIAMONDS JACK,0.6146,0.0082,0.3772
CLUBS TWO DIAMONDS JACK,0.6284,0.0088,0.3628
CLUBS THREE DIAMONDS JACK,0.6418,0.0088,0.3494
SPADES JACK HEARTS SIX,0.6068,0.006,0.3872
SPADES TEN CLUBS FIVE,0.6062,0.0078,0.386
SPADES JACK CLUBS FIVE,0.604,0.009,0.387
HEARTS SIX SPADES TEN,0.5936,0.0086,0.3978
SPADES JACK DIAMONDS THREE,0.6326,0.0084,0.359
CLUBS SEVEN CLUBS ACE,0.34,0.0064,0.6536
SPADES TEN DIAMONDS THREE,0.629,0.0084,0.3626
CLUBS SEVEN CLUBS QUEEN,0.577,0.0064,0.4166
CLUBS SEVEN CLUBS KING,0.2252,0.2898,0.485
SPADES NINE DIAMONDS JACK,0.557,0.006,0.437
CLUBS TEN CLUBS SEVEN,0.5564,0.0062,0.4374
DIAMONDS ACE HEARTS ACE,0.1244,0.005,0.8706
HEARTS FOUR HEARTS ACE,0.2264,0.0264,0.7472
SPADES EIGHT DIAMONDS JACK,0.5796,0.0084,0.412
SPADES ACE HEARTS SIX,0.3598,0.0036,0.6366
CLUBS SEVEN CLUBS JACK,0.553,0.0082,0.4388
DIAMONDS ACE HEARTS KING,0.2372,0.013,0.7498
HEARTS FOUR HEARTS KING,0.0208,0.9034,0.0758
SPADES SEVEN DIAMONDS JACK,0.601,0.0094,0.3896
DIAMONDS ACE HEARTS QUEEN,0.354,0.0036,0.6424
HEARTS FOUR HEARTS QUEEN,0.672,0.0354,0.2926
SPADES SIX DIAMONDS JACK,0.6134,0.0066,0.38
SPADES QUEEN HEARTS SIX,0.5958,0.0076,0.3966
SPADES TWO DIAMONDS TEN,0.6358,0.0074,0.3568
SPADES THREE DIAMONDS TEN,0.64,0.0076,0.3524
SPADES FOUR DIAMONDS TEN,0.7308,0.0356,0.2336
SPADES FIVE DIAMONDS TEN,0.6124,0.0084,0.3792
SPADES SIX DIAMONDS TEN,0.5942,0.007,0.3988
SPADES SEVEN DIAMONDS TEN,0.577,0.0088,0.4142
SPADES EIGHT DIAMONDS TEN,0.5752,0.0078,0.417
SPADES NINE DIAMONDS TEN,0.5432,0.0096,0.4472
CLUBS FIVE DIAMONDS TEN,0.5946,0.01,0.3954
CLUBS SIX DIAMONDS TEN,0.5806,0.007,0.4124
CLUBS SEVEN DIAMONDS TEN,0.5684,0.006,0.4256
CLUBS EIGHT DIAMONDS TEN,0.5604,0.0054,0.4342
CLUBS NINE DIAMONDS TEN,0.5392,0.0094,0.4514
DIAMONDS THREE CLUBS JACK,0.6372,0.0104,0.3524
CLUBS TEN DIAMONDS THREE,0.627,0.01,0.363
DIAMONDS THREE CLUBS KING,0.264,0.5088,0.2272
DIAMONDS THREE CLUBS QUEEN,0.6326,0.0094,0.358
DIAMONDS THREE CLUBS ACE,0.3668,0.006,0.6272
SPADES FOUR HEARTS JACK,0.7292,0.0378,0.233
SPADES FOUR HEARTS TEN,0.7316,0.0376,0.2308
SPADES FIVE SPADES TWO,0.5932,0.0096,0.3972
SPADES FOUR SPADES TWO,0.6812,0.035,0.2838
SPADES THREE SPADES TWO,0.6188,0.0096,0.3716
SPADES NINE SPADES TWO,0.5956,0.0098,0.3946
SPADES EIGHT SPADES TWO,0.6078,0.012,0.3802
SPADES SEVEN SPADES TWO,0.6042,0.0126,0.3832
SPADES SIX SPADES TWO,0.6022,0.0096,0.3882
DIAMONDS QUEEN CLUBS THREE,0.6436,0.009,0.3474
HEARTS TWO CLUBS THREE,0.6536,0.0118,0.3346
DIAMONDS QUEEN CLUBS TWO,0.6408,0.0086,0.3506
CLUBS TWO HEARTS TWO,0.44,0.02,0.54
DIAMONDS QUEEN HEARTS SEVEN,0.5982,0.0064,0.3954
HEARTS TWO HEARTS SEVEN,0.599,0.0116,0.3894
HEARTS SIX DIAMONDS QUEEN,0.6008,0.0084,0.3908
HEARTS SIX HEARTS TWO,0.5974,0.0088,0.3938
DIAMONDS QUEEN HEARTS NINE,0.5604,0.0066,0.433
HEARTS TWO HEARTS NINE,0.5848,0.007,0.4082
DIAMONDS QUEEN HEARTS EIGHT,0.568,0.0084,0.4236
HEARTS TWO HEARTS EIGHT,0.5958,0.0068,0.3974
CLUBS NINE HEARTS TWO,0.6268,0.01,0.3632
CLUBS NINE DIAMONDS QUEEN,0.5596,0.006,0.4344
CLUBS EIGHT HEARTS TWO,0.6266,0.0082,0.3652
CLUBS EIGHT DIAMONDS QUEEN,0.5808,0.0066,0.4126
CLUBS FIVE DIAMONDS QUEEN,0.6082,0.0082,0.3836
CLUBS FIVE HEARTS TWO,0.619,0.0104,0.3706
SPADES EIGHT HEARTS ACE,0.37,0.0018,0.6282
CLUBS SEVEN DIAMONDS QUEEN,0.5862,0.0078,0.406
CLUBS SEVEN HEARTS TWO,0.6288,0.01,0.3612
SPADES EIGHT HEARTS QUEEN,0.5916,0.0062,0.4022
CLUBS SIX DIAMONDS QUEEN,0.5894,0.0062,0.4044
CLUBS SIX HEARTS TWO,0.636,0.0078,0.3562
SPADES EIGHT HEARTS KING,0.239,0.2326,0.5284
DIAMONDS QUEEN SPADES SIX,0.609,0.0076,0.3834
HEARTS TWO SPADES SIX,0.6304,0.0102,0.3594
HEARTS FOUR CLUBS QUEEN,0.7228,0.036,0.2412
DIAMONDS ACE CLUBS QUEEN,0.3498,0.0034,0.6468
DIAMONDS QUEEN SPADES SEVEN,0.6086,0.0102,0.3812
SPADES SEVEN HEARTS TWO,0.6388,0.0092,0.352
HEARTS FOUR CLUBS KING,0.0124,0.969,0.0186
DIAMONDS ACE CLUBS KING,0.2248,0.0138,0.7614
SPADES EIGHT DIAMONDS QUEEN,0.5892,0.0064,0.4044
SPADES EIGHT HEARTS TWO,0.622,0.0074,0.3706
HEARTS FOUR CLUBS ACE,0.217,0.0274,0.7556
DIAMONDS ACE CLUBS ACE,0.1178,0.0034,0.8788
SPADES NINE DIAMONDS QUEEN,0.559,0.008,0.433
SPADES NINE HEARTS TWO,0.6404,0.0072,0.3524
HEARTS TWO SPADES TWO,0.4398,0.0236,0.5366
DIAMONDS QUEEN SPADES TWO,0.6492,0.0102,0.3406
HEARTS TWO SPADES THREE,0.6516,0.007,0.3414
DIAMONDS QUEEN SPADES THREE,0.6474,0.0074,0.3452
HEARTS TWO SPADES FOUR,0.7146,0.033,0.2524
DIAMONDS QUEEN SPADES FOUR,0.7254,0.0366,0.238
HEARTS FOUR CLUBS TEN,0.7316,0.0292,0.2392
CLUBS TEN DIAMONDS ACE,0.3346,0.004,0.6614
HEARTS TWO SPADES FIVE,0.6174,0.0096,0.373
DIAMONDS QUEEN SPADES FIVE,0.6062,0.0064,0.3874
HEARTS FOUR CLUBS JACK,0.7256,0.0316,0.2428
DIAMONDS ACE CLUBS JACK,0.3572,0.0044,0.6384
CLUBS FIVE CLUBS KING,0.2166,0.434,0.3494
CLUBS FIVE CLUBS QUEEN,0.5592,0.0086,0.4322
CLUBS FIVE CLUBS ACE,0.3298,0.0056,0.6646
CLUBS FIVE CLUBS JACK,0.5714,0.0074,0.4212
CLUBS TEN CLUBS FIVE,0.5556,0.009,0.4354
SPADES QUEEN CLUBS JACK,0.5608,0.009,0.4302
SPADES ACE CLUBS JACK,0.335,0.0058,0.6592
SPADES SIX CLUBS KING,0.2256,0.3756,0.3988
SPADES SIX CLUBS QUEEN,0.6066,0.0054,0.388
SPADES EIGHT HEARTS JACK,0.5788,0.0076,0.4136
SPADES SIX CLUBS ACE,0.3532,0.0054,0.6414
SPADES EIGHT HEARTS TEN,0.5634,0.0054,0.4312
SPADES SIX CLUBS JACK,0.604,0.009,0.387
CLUBS TEN SPADES SIX,0.583,0.0062,0.4108
SPADES TEN CLUBS JACK,0.5378,0.006,0.4562
SPADES JACK CLUBS JACK,0.2964,0.0052,0.6984
SPADES QUEEN CLUBS SEVEN,0.5962,0.0072,0.3966
SPADES ACE CLUBS SEVEN,0.351,0.0056,0.6434
SPADES SIX HEARTS TEN,0.5964,0.0074,0.3962
SPADES SIX HEARTS JACK,0.5924,0.007,0.4006
SPADES SIX HEARTS ACE,0.3528,0.0062,0.641
SPADES SIX HEARTS KING,0.2306,0.3744,0.395
SPADES SIX HEARTS QUEEN,0.606,0.0088,0.3852
SPADES JACK CLUBS SEVEN,0.5906,0.008,0.4014
CLUBS SEVEN SPADES TEN,0.573,0.0062,0.4208
CLUBS TEN HEARTS SIX,0.595,0.0068,0.3982
HEARTS SIX CLUBS JACK,0.6086,0.0074,0.384
CLUBS ACE CLUBS JACK,0.3356,0.0044,0.66
HEARTS SIX CLUBS QUEEN,0.5978,0.0076,0.3946
HEARTS SIX CLUBS KING,0.2166,0.3884,0.395
HEARTS SIX CLUBS ACE,0.3606,0.0048,0.6346
CLUBS QUEEN CLUBS JACK,0.5258,0.0084,0.4658
CLUBS KING CLUBS JACK,0.2286,0.0926,0.6788
DIAMONDS THREE HEARTS ACE,0.3746,0.0052,0.6202
DIAMONDS THREE HEARTS QUEEN,0.63,0.006,0.364
DIAMONDS THREE HEARTS KING,0.2554,0.5186,0.226
CLUBS FIVE HEARTS JACK,0.5918,0.004,0.4042
HEARTS FOUR SPADES TEN,0.7192,0.0412,0.2396
SPADES TEN DIAMONDS ACE,0.3408,0.0036,0.6556
CLUBS FIVE HEARTS TEN,0.599,0.0076,0.3934
HEARTS FOUR SPADES JACK,0.7222,0.0438,0.234
SPADES JACK DIAMONDS ACE,0.3526,0.0048,0.6426
SPADES ACE HEARTS FOUR,0.222,0.0264,0.7516
SPADES ACE DIAMONDS ACE,0.1144,0.004,0.8816
CLUBS FIVE HEARTS ACE,0.331,0.0046,0.6644
CLUBS FIVE HEARTS KING,0.2122,0.4722,0.3156
SPADES QUEEN DIAMONDS ACE,0.3482,0.0062,0.6456
HEARTS FOUR SPADES QUEEN,0.7184,0.0384,0.2432
SPADES FOUR CLUBS JACK,0.7328,0.0368,0.2304
CLUBS FIVE HEARTS QUEEN,0.602,0.0088,0.3892
CLUBS TEN SPADES FOUR,0.7206,0.0398,0.2396
DIAMONDS QUEEN DIAMONDS ACE,0.3208,0.0032,0.676
HEARTS TWO DIAMONDS ACE,0.387,0.0062,0.6068
HEARTS FOUR DIAMONDS QUEEN,0.7358,0.0378,0.2264
HEARTS FOUR HEARTS TWO,0.6672,0.0342,0.2986
DIAMONDS THREE HEARTS TEN,0.6412,0.006,0.3528
SPADES FOUR CLUBS KING,0.0072,0.985,0.0078
HEARTS FIVE DIAMONDS QUEEN,0.594,0.0062,0.3998
HEARTS FIVE HEARTS TWO,0.578,0.01,0.412
DIAMONDS THREE HEARTS JACK,0.6398,0.0082,0.352
SPADES FOUR CLUBS QUEEN,0.7324,0.0388,0.2288
DIAMONDS QUEEN HEARTS TWO,0.625,0.0082,0.3668
DIAMONDS KING DIAMONDS QUEEN,0.2238,0.0654,0.7108
DIAMONDS KING HEARTS TWO,0.264,0.518,0.218
HEARTS THREE DIAMONDS QUEEN,0.6294,0.0048,0.3658
HEARTS THREE HEARTS TWO,0.6028,0.007,0.3902
SPADES FOUR CLUBS ACE,0.226,0.0294,0.7446
HEARTS TWO CLUBS ACE,0.3762,0.0072,0.6166
DIAMONDS QUEEN CLUBS ACE,0.3396,0.0044,0.656
HEARTS TWO CLUBS QUEEN,0.6318,0.01,0.3582
DIAMONDS QUEEN CLUBS QUEEN,0.2966,0.0042,0.6992
HEARTS TWO CLUBS KING,0.2696,0.5182,0.2122
DIAMONDS QUEEN CLUBS KING,0.2374,0.0602,0.7024
SPADES EIGHT SPADES FIVE,0.559,0.0102,0.4308
CLUBS TEN HEARTS TWO,0.6274,0.0066,0.366
CLUBS TEN DIAMONDS QUEEN,0.544,0.0072,0.4488
SPADES NINE SPADES FIVE,0.553,0.0062,0.4408
HEARTS TWO CLUBS JACK,0.6294,0.0068,0.3638
DIAMONDS QUEEN CLUBS JACK,0.5484,0.0074,0.4442
SPADES SIX SPADES FIVE,0.5498,0.0104,0.4398
SPADES SEVEN SPADES FIVE,0.5434,0.0108,0.4458
DIAMONDS FIVE CLUBS QUEEN,0.5914,0.0068,0.4018
SPADES EIGHT CLUBS ACE,0.3666,0.005,0.6284
DIAMONDS FIVE CLUBS KING,0.2136,0.4594,0.327
SPADES EIGHT CLUBS KING,0.2296,0.2294,0.541
CLUBS ACE DIAMONDS FIVE,0.3372,0.004,0.6588
SPADES EIGHT CLUBS QUEEN,0.5802,0.0082,0.4116
SPADES EIGHT CLUBS JACK,0.5902,0.0068,0.403
CLUBS TEN SPADES EIGHT,0.571,0.0088,0.4202
CLUBS TEN DIAMONDS FIVE,0.5942,0.0084,0.3974
DIAMONDS FIVE CLUBS JACK,0.5944,0.0084,0.3972
HEARTS JACK DIAMONDS TEN,0.5454,0.006,0.4486
DIAMONDS TEN HEARTS TEN,0.3076,0.007,0.6854
SPADES ACE CLUBS NINE,0.3534,0.0054,0.6412
CLUBS NINE SPADES QUEEN,0.5642,0.0098,0.426
HEARTS SIX HEARTS KING,0.2182,0.3638,0.418
DIAMONDS KING SPADES SEVEN,0.2296,0.3068,0.4636
HEARTS THREE SPADES SEVEN,0.6254,0.0108,0.3638
HEARTS SIX HEARTS QUEEN,0.5622,0.0078,0.43
DIAMONDS KING SPADES SIX,0.231,0.3822,0.3868
HEARTS THREE SPADES SIX,0.6222,0.0104,0.3674
SPADES QUEEN DIAMONDS SEVEN,0.5988,0.0062,0.395
SPADES NINE DIAMONDS KING,0.229,0.1676,0.6034
HEARTS THREE SPADES NINE,0.6312,0.006,0.3628
HEARTS SIX HEARTS ACE,0.3418,0.0056,0.6526
DIAMONDS KING SPADES EIGHT,0.2404,0.2306,0.529
HEARTS THREE SPADES EIGHT,0.638,0.0086,0.3534
SPADES ACE DIAMONDS SEVEN,0.3552,0.0056,0.6392
CLUBS NINE HEARTS THREE,0.6222,0.007,0.3708
CLUBS NINE DIAMONDS KING,0.2212,0.1544,0.6244
HEARTS THREE CLUBS EIGHT,0.6228,0.0096,0.3676
CLUBS EIGHT DIAMONDS KING,0.2332,0.2322,0.5346
