opposingHand,winningChance,drawChance,lostChance
SPADES QUEEN DIAMONDS KING
HEARTS FIVE SPADES TEN,0.678,0.0068,0.3152
HEARTS FIVE SPADES JACK,0.6872,0.0078,0.305
SPADES FIVE CLUBS JACK,0.6682,0.0086,0.3232
CLUBS TEN SPADES FIVE,0.6876,0.0066,0.3058
CLUBS EIGHT CLUBS JACK,0.608,0.0064,0.3856
CLUBS TEN CLUBS EIGHT,0.6042,0.0066,0.3892
CLUBS EIGHT CLUBS KING,0.6606,0.0598,0.2796
SPADES FIVE CLUBS ACE,0.4178,0.0042,0.578
CLUBS EIGHT CLUBS QUEEN,0.6916,0.0268,0.2816
SPADES FIVE CLUBS KING,0.6854,0.064,0.2506
SPADES FIVE CLUBS QUEEN,0.743,0.0266,0.2304
CLUBS EIGHT CLUBS ACE,0.397,0.0032,0.5998
DIAMONDS TWO DIAMONDS THREE,0.6244,0.0084,0.3672
DIAMONDS TWO DIAMONDS FIVE,0.6214,0.0084,0.3702
HEARTS FIVE SPADES KING,0.6836,0.0628,0.2536
DIAMONDS TWO DIAMONDS FOUR,0.6272,0.008,0.3648
DIAMONDS TWO DIAMONDS SEVEN,0.6416,0.0064,0.352
DIAMONDS TWO DIAMONDS SIX,0.6396,0.0072,0.3532
SPADES ACE HEARTS FIVE,0.404,0.0046,0.5914
DIAMONDS TWO DIAMONDS NINE,0.6392,0.0078,0.353
DIAMONDS TWO DIAMONDS EIGHT,0.643,0.007,0.35
DIAMONDS THREE DIAMONDS FOUR,0.5948,0.0118,0.3934
SPADES FOUR CLUBS TWO,0.6522,0.008,0.3398
DIAMONDS THREE DIAMONDS FIVE,0.6082,0.007,0.3848
SPADES FIVE CLUBS TWO,0.6484,0.0072,0.3444
CLUBS TWO SPADES TWO,0.4718,0.008,0.5202
CLUBS TWO SPADES THREE,0.6482,0.0072,0.3446
DIAMONDS THREE DIAMONDS EIGHT,0.6448,0.0046,0.3506
SPADES EIGHT CLUBS TWO,0.6814,0.0074,0.3112
DIAMONDS THREE DIAMONDS NINE,0.6366,0.007,0.3564
SPADES NINE CLUBS TWO,0.68,0.0052,0.3148
DIAMONDS THREE DIAMONDS SIX,0.6186,0.009,0.3724
SPADES SIX CLUBS TWO,0.6594,0.0062,0.3344
DIAMONDS THREE DIAMONDS SEVEN,0.6378,0.005,0.3572
SPADES SEVEN CLUBS TWO,0.6756,0.007,0.3174
CLUBS SIX CLUBS TWO,0.626,0.0058,0.3682
CLUBS SEVEN CLUBS TWO,0.6414,0.0074,0.3512
CLUBS FOUR CLUBS TWO,0.5976,0.0064,0.396
CLUBS FIVE CLUBS TWO,0.6014,0.0072,0.3914
CLUBS TEN CLUBS JACK,0.6012,0.0052,0.3936
DIAMONDS FOUR DIAMONDS SIX,0.5948,0.0066,0.3986
CLUBS TEN CLUBS QUEEN,0.6716,0.0246,0.3038
DIAMONDS FOUR DIAMONDS SEVEN,0.6198,0.0068,0.3734
CLUBS TEN CLUBS KING,0.6496,0.061,0.2894
CLUBS TEN CLUBS ACE,0.386,0.0044,0.6096
CLUBS EIGHT CLUBS TWO,0.6364,0.0068,0.3568
DIAMONDS FIVE DIAMONDS FOUR,0.5838,0.01,0.4062
CLUBS NINE CLUBS TWO,0.6268,0.0096,0.3636
DIAMONDS NINE DIAMONDS FOUR,0.6422,0.0054,0.3524
DIAMONDS EIGHT DIAMONDS FOUR,0.6276,0.0048,0.3676
CLUBS THREE CLUBS TWO,0.6176,0.0074,0.375
DIAMONDS NINE DIAMONDS FIVE,0.6242,0.0066,0.3692
DIAMONDS TWO CLUBS JACK,0.6914,0.0072,0.3014
DIAMONDS EIGHT DIAMONDS FIVE,0.622,0.0078,0.3702
CLUBS TEN DIAMONDS TWO,0.679,0.009,0.312
DIAMONDS FIVE DIAMONDS SEVEN,0.6092,0.0062,0.3846
DIAMONDS FIVE DIAMONDS SIX,0.5846,0.0098,0.4056
DIAMONDS TWO CLUBS ACE,0.4068,0.0046,0.5886
DIAMONDS TWO CLUBS KING,0.7142,0.0602,0.2256
DIAMONDS TWO CLUBS QUEEN,0.7678,0.031,0.2012
DIAMONDS EIGHT DIAMONDS SIX,0.6002,0.0076,0.3922
DIAMONDS NINE DIAMONDS SIX,0.6262,0.005,0.3688
HEARTS ACE SPADES THREE,0.4212,0.0036,0.5752
SPADES THREE HEARTS KING,0.7046,0.0662,0.2292
DIAMONDS SEVEN DIAMONDS SIX,0.5984,0.0072,0.3944
SPADES THREE HEARTS QUEEN,0.7546,0.028,0.2174
SPADES THREE HEARTS JACK,0.6758,0.0056,0.3186
SPADES THREE HEARTS TEN,0.6772,0.0056,0.3172
DIAMONDS EIGHT DIAMONDS SEVEN,0.6166,0.0052,0.3782
DIAMONDS NINE DIAMONDS SEVEN,0.6142,0.007,0.3788
DIAMONDS NINE DIAMONDS EIGHT,0.6042,0.0058,0.39
HEARTS THREE HEARTS TEN,0.6352,0.006,0.3588
SPADES JACK CLUBS SIX,0.6798,0.0066,0.3136
HEARTS THREE HEARTS JACK,0.6364,0.006,0.3576
SPADES TEN CLUBS SIX,0.667,0.0056,0.3274
SPADES JACK SPADES FIVE,0.6536,0.0056,0.3408
SPADES TEN SPADES FIVE,0.643,0.0084,0.3486
HEARTS THREE HEARTS ACE,0.405,0.0042,0.5908
SPADES ACE CLUBS SIX,0.4206,0.0034,0.576
HEARTS THREE HEARTS QUEEN,0.7058,0.0264,0.2678
SPADES KING CLUBS SIX,0.6724,0.0672,0.2604
HEARTS THREE HEARTS KING,0.6468,0.0664,0.2868
SPADES NINE HEARTS TEN,0.6428,0.0084,0.3488
SPADES NINE HEARTS JACK,0.652,0.0084,0.3396
SPADES KING SPADES FIVE,0.6474,0.0622,0.2904
SPADES ACE SPADES FIVE,0.395,0.0044,0.6006
SPADES NINE HEARTS QUEEN,0.7372,0.0248,0.238
SPADES NINE HEARTS KING,0.7046,0.0616,0.2338
SPADES NINE HEARTS ACE,0.4266,0.0044,0.569
CLUBS TEN SPADES JACK,0.6412,0.0058,0.353
CLUBS TEN SPADES TEN,0.4246,0.0046,0.5708
SPADES ACE CLUBS TEN,0.3922,0.0046,0.6032
SPADES KING CLUBS TEN,0.7058,0.0552,0.239
SPADES FIVE HEARTS QUEEN,0.7498,0.0258,0.2244
SPADES FIVE HEARTS KING,0.7014,0.0604,0.2382
SPADES FIVE HEARTS ACE,0.4266,0.0044,0.569
SPADES JACK HEARTS THREE,0.6848,0.0058,0.3094
SPADES TEN CLUBS EIGHT,0.6534,0.0072,0.3394
SPADES JACK CLUBS EIGHT,0.6644,0.0074,0.3282
SPADES TEN HEARTS THREE,0.6852,0.009,0.3058
CLUBS SIX HEARTS ACE,0.4192,0.0036,0.5772
SPADES ACE CLUBS EIGHT,0.4122,0.0034,0.5844
HEARTS FIVE CLUBS JACK,0.6758,0.0046,0.3196
HEARTS FIVE CLUBS TEN,0.6732,0.0074,0.3194
CLUBS SIX HEARTS QUEEN,0.7442,0.0234,0.2324
CLUBS TEN SPADES THREE,0.6836,0.0054,0.311
CLUBS SIX HEARTS KING,0.6946,0.0584,0.247
SPADES KING CLUBS EIGHT,0.7062,0.064,0.2298
SPADES THREE CLUBS JACK,0.6842,0.0072,0.3086
DIAMONDS TWO HEARTS JACK,0.7024,0.0098,0.2878
SPADES THREE CLUBS QUEEN,0.743,0.0248,0.2322
DIAMONDS TWO HEARTS TEN,0.6784,0.0076,0.314
SPADES THREE CLUBS KING,0.699,0.0664,0.2346
HEARTS FIVE CLUBS ACE,0.4102,0.0042,0.5856
SPADES FIVE HEARTS TEN,0.6874,0.0078,0.3048
SPADES THREE CLUBS ACE,0.4272,0.004,0.5688
HEARTS FIVE CLUBS KING,0.687,0.0638,0.2492
SPADES FIVE HEARTS JACK,0.6746,0.005,0.3204
HEARTS FIVE CLUBS QUEEN,0.7316,0.0228,0.2456
HEARTS THREE CLUBS KING,0.691,0.0648,0.2442
HEARTS THREE CLUBS QUEEN,0.7496,0.0338,0.2166
HEARTS FIVE HEARTS JACK,0.6316,0.0054,0.363
HEARTS FIVE HEARTS TEN,0.6266,0.0036,0.3698
HEARTS THREE CLUBS ACE,0.4088,0.0034,0.5878
SPADES ACE CLUBS QUEEN,0.2426,0.0116,0.7458
SPADES KING CLUBS QUEEN,0.0104,0.9726,0.017
HEARTS THREE CLUBS JACK,0.6766,0.0054,0.318
CLUBS TEN HEARTS THREE,0.6798,0.0056,0.3146
SPADES JACK CLUBS QUEEN,0.7268,0.0248,0.2484
CLUBS SIX CLUBS QUEEN,0.6846,0.022,0.2934
SPADES TEN CLUBS QUEEN,0.7196,0.025,0.2554
CLUBS SIX CLUBS KING,0.6442,0.0614,0.2944
CLUBS SIX CLUBS ACE,0.4028,0.0038,0.5934
HEARTS FIVE HEARTS KING,0.644,0.0588,0.2972
HEARTS FIVE HEARTS QUEEN,0.6972,0.0252,0.2776
CLUBS TEN CLUBS SIX,0.6204,0.0064,0.3732
HEARTS FIVE HEARTS ACE,0.3904,0.0038,0.6058
CLUBS SIX CLUBS JACK,0.6404,0.0052,0.3544
SPADES SEVEN HEARTS JACK,0.6774,0.0066,0.316
SPADES SEVEN HEARTS TEN,0.6506,0.007,0.3424
DIAMONDS TWO CLUBS TWO,0.471,0.008,0.521
DIAMONDS TWO CLUBS THREE,0.649,0.0076,0.3434
DIAMONDS TWO HEARTS SIX,0.6624,0.0058,0.3318
DIAMONDS TWO HEARTS QUEEN,0.7626,0.0268,0.2106
HEARTS SEVEN DIAMONDS TWO,0.6796,0.0046,0.3158
DIAMONDS TWO HEARTS KING,0.7054,0.0608,0.2338
DIAMONDS TWO HEARTS EIGHT,0.6602,0.006,0.3338
DIAMONDS TWO HEARTS ACE,0.4176,0.006,0.5764
DIAMONDS TWO HEARTS NINE,0.6702,0.0082,0.3216
DIAMONDS TWO DIAMONDS QUEEN,0.7174,0.026,0.2566
DIAMONDS TWO HEARTS TWO,0.4714,0.0082,0.5204
DIAMONDS TWO HEARTS THREE,0.6606,0.0094,0.33
DIAMONDS TWO DIAMONDS ACE,0.4184,0.0054,0.5762
HEARTS FOUR DIAMONDS TWO,0.6734,0.0066,0.32
HEARTS FIVE DIAMONDS TWO,0.6456,0.0084,0.346
SPADES SEVEN HEARTS ACE,0.419,0.0046,0.5764
DIAMONDS TWO DIAMONDS TEN,0.6568,0.0096,0.3336
SPADES SEVEN HEARTS KING,0.7034,0.0712,0.2254
DIAMONDS TWO DIAMONDS JACK,0.646,0.0074,0.3466
SPADES SEVEN HEARTS QUEEN,0.7406,0.031,0.2284
DIAMONDS TWO SPADES NINE,0.6836,0.0082,0.3082
DIAMONDS TWO SPADES EIGHT,0.6996,0.0086,0.2918
DIAMONDS TWO SPADES SEVEN,0.6856,0.0074,0.307
DIAMONDS TWO SPADES SIX,0.6746,0.0084,0.317
DIAMONDS TWO SPADES FIVE,0.66,0.0086,0.3314
DIAMONDS TWO SPADES FOUR,0.6518,0.0082,0.34
DIAMONDS TWO SPADES THREE,0.656,0.0066,0.3374
DIAMONDS TWO SPADES TWO,0.4966,0.0092,0.4942
CLUBS NINE DIAMONDS TWO,0.6802,0.0076,0.3122
DIAMONDS TWO CLUBS EIGHT,0.6668,0.0054,0.3278
CLUBS SEVEN DIAMONDS TWO,0.6762,0.006,0.3178
DIAMONDS TWO CLUBS SIX,0.6554,0.0064,0.3382
DIAMONDS TWO CLUBS FIVE,0.644,0.009,0.347
DIAMONDS TWO CLUBS FOUR,0.6602,0.007,0.3328
CLUBS FOUR SPADES FIVE,0.6306,0.0054,0.364
CLUBS FOUR SPADES FOUR,0.4846,0.0072,0.5082
CLUBS FOUR SPADES THREE,0.6436,0.0074,0.349
CLUBS FOUR SPADES TWO,0.651,0.0072,0.3418
SPADES NINE CLUBS FOUR,0.665,0.008,0.327
SPADES EIGHT CLUBS FOUR,0.652,0.006,0.342
SPADES SEVEN CLUBS FOUR,0.6532,0.0066,0.3402
SPADES SIX CLUBS FOUR,0.6302,0.0074,0.3624
SPADES ACE DIAMONDS SIX,0.403,0.0052,0.5918
SPADES KING DIAMONDS SIX,0.7012,0.0656,0.2332
SPADES TEN DIAMONDS SIX,0.6712,0.0066,0.3222
SPADES JACK DIAMONDS SIX,0.6954,0.0072,0.2974
SPADES KING SPADES TWO,0.6652,0.0626,0.2722
SPADES ACE SPADES TWO,0.397,0.006,0.597
DIAMONDS JACK CLUBS JACK,0.4342,0.0058,0.56
CLUBS TEN DIAMONDS JACK,0.6384,0.0078,0.3538
DIAMONDS JACK CLUBS KING,0.6946,0.0676,0.2378
DIAMONDS JACK CLUBS QUEEN,0.727,0.0246,0.2484
DIAMONDS THREE DIAMONDS JACK,0.6586,0.0078,0.3336
DIAMONDS THREE DIAMONDS TEN,0.6488,0.0086,0.3426
DIAMONDS JACK CLUBS ACE,0.4078,0.005,0.5872
DIAMONDS THREE HEARTS THREE,0.4914,0.0066,0.502
DIAMONDS THREE DIAMONDS QUEEN,0.7164,0.0288,0.2548
DIAMONDS THREE HEARTS TWO,0.6486,0.0088,0.3426
HEARTS FIVE DIAMONDS THREE,0.6472,0.0068,0.346
DIAMONDS THREE DIAMONDS ACE,0.3954,0.004,0.6006
HEARTS FOUR DIAMONDS THREE,0.6404,0.0082,0.3514
HEARTS SEVEN DIAMONDS THREE,0.6542,0.0044,0.3414
SPADES TEN SPADES NINE,0.6044,0.0048,0.3908
HEARTS SIX DIAMONDS THREE,0.6568,0.0072,0.336
SPADES JACK SPADES NINE,0.6168,0.0072,0.376
DIAMONDS THREE HEARTS NINE,0.6724,0.0058,0.3218
HEARTS JACK DIAMONDS FOUR,0.676,0.007,0.317
HEARTS ACE HEARTS KING,0.2426,0.0098,0.7476
SPADES TEN SPADES TWO,0.6596,0.0064,0.334
DIAMONDS THREE HEARTS EIGHT,0.681,0.0062,0.3128
HEARTS TEN DIAMONDS FOUR,0.672,0.0074,0.3206
SPADES JACK SPADES TWO,0.6634,0.0082,0.3284
HEARTS QUEEN DIAMONDS FOUR,0.7496,0.0258,0.2246
HEARTS KING DIAMONDS FOUR,0.6972,0.0654,0.2374
SPADES ACE SPADES NINE,0.4008,0.0036,0.5956
HEARTS ACE DIAMONDS FOUR,0.414,0.0028,0.5832
SPADES KING SPADES NINE,0.6578,0.0596,0.2826
DIAMONDS THREE SPADES NINE,0.678,0.0058,0.3162
DIAMONDS THREE SPADES EIGHT,0.6898,0.0074,0.3028
DIAMONDS THREE SPADES SEVEN,0.6672,0.009,0.3238
DIAMONDS THREE SPADES SIX,0.6426,0.01,0.3474
DIAMONDS THREE CLUBS SIX,0.6528,0.0058,0.3414
CLUBS FIVE CLUBS SIX,0.5838,0.0056,0.4106
CLUBS ACE DIAMONDS FOUR,0.4188,0.0042,0.577
CLUBS SEVEN DIAMONDS THREE,0.6676,0.005,0.3274
CLUBS SEVEN CLUBS FIVE,0.5902,0.0056,0.4042
DIAMONDS THREE CLUBS FOUR,0.6378,0.0072,0.355
DIAMONDS FOUR CLUBS QUEEN,0.7394,0.0256,0.235
DIAMONDS THREE CLUBS FIVE,0.6328,0.0076,0.3596
CLUBS KING DIAMONDS FOUR,0.7,0.0654,0.2346
DIAMONDS THREE CLUBS TWO,0.6504,0.009,0.3406
CLUBS TEN DIAMONDS FOUR,0.6794,0.0084,0.3122
DIAMONDS THREE CLUBS THREE,0.4796,0.0078,0.5126
DIAMONDS FOUR CLUBS JACK,0.6772,0.0072,0.3156
DIAMONDS THREE SPADES FOUR,0.6538,0.0084,0.3378
DIAMONDS THREE SPADES FIVE,0.6424,0.0094,0.3482
DIAMONDS THREE SPADES TWO,0.659,0.008,0.333
DIAMONDS THREE SPADES THREE,0.4814,0.0084,0.5102
CLUBS EIGHT DIAMONDS THREE,0.6772,0.008,0.3148
CLUBS NINE DIAMONDS THREE,0.6832,0.0046,0.3122
SPADES SEVEN CLUBS ACE,0.4258,0.0034,0.5708
SPADES SEVEN CLUBS QUEEN,0.7536,0.0282,0.2182
SPADES SEVEN CLUBS KING,0.7014,0.0588,0.2398
CLUBS FIVE SPADES SEVEN,0.6336,0.0074,0.359
CLUBS TEN SPADES SEVEN,0.652,0.0072,0.3408
CLUBS FIVE SPADES SIX,0.6126,0.007,0.3804
SPADES SEVEN CLUBS JACK,0.6644,0.007,0.3286
SPADES NINE CLUBS FIVE,0.6716,0.0058,0.3226
CLUBS FIVE SPADES EIGHT,0.6534,0.007,0.3396
CLUBS FIVE SPADES THREE,0.6362,0.0092,0.3546
CLUBS FIVE SPADES TWO,0.6444,0.0072,0.3484
CLUBS FIVE SPADES FIVE,0.4876,0.0052,0.5072
CLUBS FIVE SPADES FOUR,0.6274,0.0056,0.367
CLUBS NINE CLUBS FIVE,0.6092,0.0066,0.3842
CLUBS EIGHT CLUBS FIVE,0.5972,0.0076,0.3952
CLUBS ACE CLUBS QUEEN,0.2388,0.0106,0.7506
CLUBS KING CLUBS QUEEN,0.0238,0.9066,0.0696
DIAMONDS TEN DIAMONDS FOUR,0.6344,0.0068,0.3588
CLUBS TEN DIAMONDS NINE,0.6394,0.007,0.3536
DIAMONDS JACK DIAMONDS FOUR,0.6466,0.0096,0.3438
DIAMONDS NINE CLUBS JACK,0.66,0.0072,0.3328
SPADES NINE CLUBS JACK,0.6492,0.007,0.3438
CLUBS TEN SPADES NINE,0.6312,0.006,0.3628
DIAMONDS ACE DIAMONDS FOUR,0.3946,0.0064,0.599
HEARTS FOUR DIAMONDS FOUR,0.4846,0.006,0.5094
DIAMONDS JACK HEARTS TEN,0.645,0.0064,0.3486
SPADES NINE CLUBS KING,0.7132,0.0592,0.2276
DIAMONDS TWO SPADES TEN,0.6928,0.0102,0.297
DIAMONDS NINE CLUBS ACE,0.4376,0.0048,0.5576
HEARTS FIVE DIAMONDS FOUR,0.62,0.0054,0.3746
DIAMONDS JACK HEARTS JACK,0.4302,0.0058,0.564
SPADES NINE CLUBS QUEEN,0.735,0.0218,0.2432
SPADES JACK DIAMONDS TWO,0.71,0.0066,0.2834
DIAMONDS QUEEN DIAMONDS FOUR,0.72,0.031,0.249
HEARTS TWO DIAMONDS FOUR,0.6548,0.0062,0.339
DIAMONDS NINE CLUBS QUEEN,0.74,0.0232,0.2368
HEARTS THREE DIAMONDS FOUR,0.636,0.009,0.355
SPADES NINE CLUBS ACE,0.4308,0.0046,0.5646
DIAMONDS NINE CLUBS KING,0.7002,0.0674,0.2324
HEARTS ACE DIAMONDS JACK,0.3906,0.006,0.6034
SPADES ACE DIAMONDS TWO,0.4068,0.0054,0.5878
HEARTS QUEEN DIAMONDS JACK,0.7268,0.0282,0.245
DIAMONDS JACK HEARTS KING,0.7102,0.0604,0.2294
SPADES KING DIAMONDS TWO,0.71,0.0624,0.2276
SPADES JACK SPADES SEVEN,0.6414,0.0058,0.3528
SPADES TEN SPADES SEVEN,0.6266,0.0072,0.3662
CLUBS SEVEN CLUBS THREE,0.6082,0.0076,0.3842
CLUBS SIX CLUBS THREE,0.6106,0.0052,0.3842
CLUBS FIVE CLUBS THREE,0.5974,0.0066,0.396
CLUBS THREE CLUBS FOUR,0.5996,0.0064,0.394
CLUBS NINE CLUBS THREE,0.6138,0.0066,0.3796
CLUBS EIGHT CLUBS THREE,0.633,0.0058,0.3612
CLUBS THREE SPADES FIVE,0.6336,0.0074,0.359
CLUBS THREE SPADES FOUR,0.6398,0.0066,0.3536
CLUBS THREE SPADES THREE,0.4784,0.009,0.5126
CLUBS THREE SPADES TWO,0.6522,0.0078,0.34
CLUBS THREE SPADES SIX,0.6636,0.0066,0.3298
SPADES SEVEN CLUBS THREE,0.6616,0.009,0.3294
SPADES EIGHT CLUBS THREE,0.6666,0.006,0.3274
SPADES NINE CLUBS THREE,0.6772,0.007,0.3158
SPADES TWO DIAMONDS FOUR,0.653,0.009,0.338
SPADES THREE DIAMONDS FOUR,0.6316,0.009,0.3594
SPADES FOUR DIAMONDS FOUR,0.4876,0.0084,0.504
SPADES FIVE DIAMONDS FOUR,0.6364,0.0074,0.3562
SPADES SIX DIAMONDS FOUR,0.6452,0.0082,0.3466
SPADES SEVEN DIAMONDS FOUR,0.663,0.0072,0.3298
SPADES EIGHT DIAMONDS FOUR,0.668,0.0068,0.3252
SPADES NINE DIAMONDS FOUR,0.6724,0.0072,0.3204
CLUBS FIVE DIAMONDS FOUR,0.613,0.0072,0.3798
CLUBS FOUR DIAMONDS FOUR,0.4724,0.0078,0.5198
CLUBS SEVEN DIAMONDS FOUR,0.6448,0.0072,0.348
CLUBS SIX DIAMONDS FOUR,0.6356,0.0066,0.3578
CLUBS NINE DIAMONDS FOUR,0.6712,0.0064,0.3224
CLUBS EIGHT DIAMONDS FOUR,0.6566,0.0064,0.337
HEARTS SEVEN DIAMONDS FOUR,0.646,0.0078,0.3462
HEARTS SIX DIAMONDS FOUR,0.6392,0.0086,0.3522
DIAMONDS FOUR HEARTS NINE,0.6752,0.0066,0.3182
DIAMONDS FOUR HEARTS EIGHT,0.6532,0.0056,0.3412
CLUBS THREE DIAMONDS FOUR,0.6472,0.0094,0.3434
CLUBS TWO DIAMONDS FOUR,0.6538,0.0072,0.339
DIAMONDS TEN DIAMONDS FIVE,0.6518,0.0078,0.3404
DIAMONDS JACK DIAMONDS FIVE,0.6396,0.0078,0.3526
DIAMONDS NINE HEARTS QUEEN,0.7432,0.0238,0.233
DIAMONDS NINE HEARTS KING,0.7012,0.0636,0.2352
HEARTS ACE DIAMONDS NINE,0.418,0.005,0.577
DIAMONDS NINE HEARTS TEN,0.6482,0.0048,0.347
DIAMONDS NINE HEARTS JACK,0.6562,0.0056,0.3382
CLUBS KING DIAMONDS SIX,0.7026,0.0644,0.233
CLUBS QUEEN DIAMONDS SIX,0.7464,0.0268,0.2268
CLUBS ACE DIAMONDS SIX,0.4282,0.005,0.5668
SPADES KING DIAMONDS FOUR,0.6926,0.0612,0.2462
SPADES ACE SPADES SEVEN,0.395,0.004,0.601
CLUBS JACK DIAMONDS SIX,0.6756,0.008,0.3164
SPADES KING SPADES SEVEN,0.6608,0.0574,0.2818
SPADES ACE DIAMONDS FOUR,0.408,0.0052,0.5868
CLUBS TEN DIAMONDS SIX,0.6726,0.0068,0.3206
CLUBS NINE CLUBS FOUR,0.622,0.0048,0.3732
CLUBS EIGHT CLUBS FOUR,0.628,0.0048,0.3672
SPADES JACK DIAMONDS FOUR,0.6836,0.008,0.3084
SPADES TEN DIAMONDS FOUR,0.6928,0.0056,0.3016
CLUBS FIVE CLUBS FOUR,0.5914,0.007,0.4016
CLUBS SEVEN CLUBS FOUR,0.595,0.0062,0.3988
CLUBS SIX CLUBS FOUR,0.5946,0.0042,0.4012
CLUBS SEVEN SPADES EIGHT,0.6416,0.0062,0.3522
CLUBS SEVEN SPADES NINE,0.6446,0.0072,0.3482
CLUBS SEVEN SPADES SIX,0.6192,0.008,0.3728
CLUBS SEVEN SPADES SEVEN,0.4592,0.004,0.5368
CLUBS SEVEN SPADES FIVE,0.6428,0.0082,0.349
CLUBS SEVEN SPADES FOUR,0.652,0.0048,0.3432
CLUBS SEVEN SPADES THREE,0.657,0.006,0.337
CLUBS SEVEN SPADES TWO,0.6746,0.006,0.3194
CLUBS NINE CLUBS SEVEN,0.6026,0.0054,0.392
CLUBS SEVEN CLUBS EIGHT,0.5898,0.008,0.4022
HEARTS SIX DIAMONDS FIVE,0.6128,0.0054,0.3818
HEARTS SEVEN DIAMONDS FIVE,0.6518,0.0074,0.3408
DIAMONDS FIVE HEARTS EIGHT,0.6508,0.0082,0.341
DIAMONDS FIVE HEARTS NINE,0.6586,0.0086,0.3328
DIAMONDS QUEEN DIAMONDS FIVE,0.7032,0.03,0.2668
HEARTS TWO DIAMONDS FIVE,0.6494,0.0088,0.3418
HEARTS KING HEARTS EIGHT,0.6444,0.0556,0.3
HEARTS THREE DIAMONDS FIVE,0.6344,0.007,0.3586
HEARTS QUEEN HEARTS EIGHT,0.693,0.0246,0.2824
DIAMONDS ACE DIAMONDS FIVE,0.3882,0.0074,0.6044
HEARTS FOUR DIAMONDS FIVE,0.6272,0.0048,0.368
HEARTS FIVE DIAMONDS FIVE,0.4638,0.0062,0.53
HEARTS ACE HEARTS EIGHT,0.3838,0.0038,0.6124
CLUBS FOUR DIAMONDS FIVE,0.6146,0.0096,0.3758
CLUBS FIVE DIAMONDS FIVE,0.4828,0.007,0.5102
CLUBS SIX DIAMONDS FIVE,0.6278,0.007,0.3652
CLUBS SEVEN DIAMONDS FIVE,0.6294,0.007,0.3636
CLUBS TWO DIAMONDS FIVE,0.6532,0.0078,0.339
CLUBS THREE DIAMONDS FIVE,0.63,0.0086,0.3614
SPADES THREE DIAMONDS FIVE,0.6374,0.0078,0.3548
SPADES TWO DIAMONDS FIVE,0.6528,0.0084,0.3388
SPADES JACK DIAMONDS EIGHT,0.6598,0.007,0.3332
SPADES FIVE DIAMONDS FIVE,0.4706,0.0078,0.5216
CLUBS TEN HEARTS JACK,0.6342,0.0064,0.3594
SPADES TEN DIAMONDS EIGHT,0.6414,0.0066,0.352
SPADES FOUR DIAMONDS FIVE,0.6278,0.009,0.3632
HEARTS JACK CLUBS JACK,0.4218,0.0038,0.5744
HEARTS JACK CLUBS QUEEN,0.7264,0.024,0.2496
CLUBS NINE DIAMONDS FIVE,0.667,0.0076,0.3254
CLUBS KING HEARTS JACK,0.7006,0.0598,0.2396
CLUBS EIGHT DIAMONDS FIVE,0.649,0.0054,0.3456
CLUBS ACE HEARTS JACK,0.3926,0.004,0.6034
SPADES SEVEN DIAMONDS FIVE,0.6368,0.0074,0.3558
SPADES KING DIAMONDS EIGHT,0.708,0.0664,0.2256
SPADES SIX DIAMONDS FIVE,0.6284,0.0074,0.3642
SPADES NINE DIAMONDS FIVE,0.6516,0.008,0.3404
SPADES EIGHT DIAMONDS FIVE,0.6426,0.007,0.3504
SPADES ACE DIAMONDS EIGHT,0.4272,0.004,0.5688
DIAMONDS TEN DIAMONDS SIX,0.6412,0.008,0.3508
HEARTS ACE DIAMONDS SEVEN,0.423,0.004,0.573
DIAMONDS JACK DIAMONDS SIX,0.6586,0.0076,0.3338
HEARTS QUEEN DIAMONDS SEVEN,0.761,0.0266,0.2124
HEARTS KING DIAMONDS SEVEN,0.6936,0.066,0.2404
DIAMONDS ACE DIAMONDS SIX,0.4252,0.0046,0.5702
HEARTS FOUR DIAMONDS SIX,0.638,0.0088,0.3532
SPADES TWO HEARTS JACK,0.6708,0.0054,0.3238
HEARTS FIVE DIAMONDS SIX,0.619,0.0048,0.3762
SPADES TWO HEARTS TEN,0.6802,0.0064,0.3134
DIAMONDS QUEEN DIAMONDS SIX,0.7098,0.0224,0.2678
HEARTS TWO DIAMONDS SIX,0.6742,0.0078,0.318
HEARTS THREE DIAMONDS SIX,0.6556,0.006,0.3384
HEARTS EIGHT DIAMONDS SIX,0.6274,0.0064,0.3662
HEARTS NINE DIAMONDS SIX,0.6436,0.005,0.3514
HEARTS SIX DIAMONDS SIX,0.467,0.0054,0.5276
HEARTS SEVEN DIAMONDS SIX,0.6228,0.0046,0.3726
HEARTS TEN DIAMONDS SEVEN,0.6542,0.0066,0.3392
CLUBS TWO DIAMONDS SIX,0.6656,0.0054,0.329
HEARTS JACK DIAMONDS SEVEN,0.6652,0.0082,0.3266
CLUBS THREE DIAMONDS SIX,0.6552,0.0066,0.3382
CLUBS SEVEN DIAMONDS SIX,0.6184,0.0058,0.3758
DIAMONDS EIGHT CLUBS JACK,0.664,0.008,0.328
CLUBS SIX DIAMONDS SIX,0.4776,0.005,0.5174
CLUBS TEN DIAMONDS EIGHT,0.6418,0.0058,0.3524
CLUBS FIVE DIAMONDS SIX,0.6208,0.0044,0.3748
CLUBS FOUR DIAMONDS SIX,0.6444,0.0076,0.348
HEARTS ACE HEARTS JACK,0.3738,0.0022,0.624
DIAMONDS EIGHT CLUBS ACE,0.4262,0.0044,0.5694
HEARTS QUEEN HEARTS JACK,0.6852,0.023,0.2918
DIAMONDS EIGHT CLUBS KING,0.6922,0.0652,0.2426
CLUBS NINE DIAMONDS SIX,0.6334,0.0048,0.3618
HEARTS KING HEARTS JACK,0.6552,0.0592,0.2856
DIAMONDS EIGHT CLUBS QUEEN,0.756,0.0256,0.2184
CLUBS EIGHT DIAMONDS SIX,0.6354,0.0056,0.359
SPADES TEN HEARTS KING,0.6962,0.0592,0.2446
SPADES FIVE DIAMONDS SIX,0.631,0.006,0.363
HEARTS ACE SPADES TWO,0.4362,0.0064,0.5574
SPADES JACK HEARTS KING,0.701,0.0586,0.2404
SPADES FOUR DIAMONDS SIX,0.6356,0.0088,0.3556
SPADES THREE DIAMONDS SIX,0.6448,0.008,0.3472
HEARTS QUEEN SPADES TWO,0.75,0.0308,0.2192
SPADES ACE SPADES KING,0.2358,0.0116,0.7526
SPADES TWO HEARTS KING,0.7032,0.0708,0.226
SPADES TWO DIAMONDS SIX,0.6812,0.0068,0.312
HEARTS TEN HEARTS EIGHT,0.608,0.0048,0.3872
SPADES NINE DIAMONDS SIX,0.6524,0.0078,0.3398
HEARTS JACK HEARTS EIGHT,0.6184,0.0074,0.3742
SPADES EIGHT DIAMONDS SIX,0.6462,0.005,0.3488
SPADES SEVEN DIAMONDS SIX,0.6292,0.0072,0.3636
SPADES SIX DIAMONDS SIX,0.4848,0.0076,0.5076
SPADES KING HEARTS KING,0.0938,0.0114,0.8948
CLUBS ACE CLUBS KING,0.2154,0.0108,0.7738
SPADES ACE HEARTS KING,0.2358,0.009,0.7552
SPADES ACE HEARTS JACK,0.4042,0.0056,0.5902
SPADES KING HEARTS JACK,0.7042,0.0572,0.2386
SPADES TEN DIAMONDS TEN,0.4376,0.0052,0.5572
SPADES JACK DIAMONDS TEN,0.643,0.0086,0.3484
SPADES ACE DIAMONDS TEN,0.4028,0.0054,0.5918
SPADES JACK HEARTS JACK,0.4368,0.0036,0.5596
SPADES TEN HEARTS JACK,0.6452,0.0078,0.347
SPADES KING DIAMONDS TEN,0.7078,0.0658,0.2264
SPADES NINE DIAMONDS SEVEN,0.6512,0.0072,0.3416
SPADES EIGHT DIAMONDS SEVEN,0.6456,0.0058,0.3486
SPADES SEVEN DIAMONDS SEVEN,0.4826,0.008,0.5094
SPADES SIX DIAMONDS SEVEN,0.6356,0.0062,0.3582
HEARTS THREE DIAMONDS SEVEN,0.677,0.0054,0.3176
HEARTS KING DIAMONDS FIVE,0.6922,0.0626,0.2452
DIAMONDS QUEEN DIAMONDS SEVEN,0.7106,0.0332,0.2562
HEARTS TWO DIAMONDS SEVEN,0.671,0.0078,0.3212
HEARTS QUEEN DIAMONDS FIVE,0.741,0.0294,0.2296
HEARTS FIVE DIAMONDS SEVEN,0.6368,0.0066,0.3566
DIAMONDS ACE DIAMONDS SEVEN,0.3992,0.0056,0.5952
HEARTS FOUR DIAMONDS SEVEN,0.639,0.0072,0.3538
HEARTS ACE DIAMONDS FIVE,0.4172,0.0044,0.5784
HEARTS SEVEN DIAMONDS SEVEN,0.4714,0.0054,0.5232
HEARTS SIX DIAMONDS SEVEN,0.6304,0.0092,0.3604
DIAMONDS SEVEN HEARTS NINE,0.6536,0.0052,0.3412
HEARTS EIGHT DIAMONDS SEVEN,0.64,0.0044,0.3556
DIAMONDS JACK DIAMONDS SEVEN,0.6424,0.0072,0.3504
DIAMONDS FIVE HEARTS JACK,0.672,0.007,0.321
DIAMONDS TEN DIAMONDS SEVEN,0.6334,0.0072,0.3594
HEARTS TEN DIAMONDS FIVE,0.6818,0.0072,0.311
SPADES KING CLUBS TWO,0.6964,0.0666,0.237
HEARTS KING CLUBS KING,0.1012,0.012,0.8868
CLUBS EIGHT DIAMONDS SEVEN,0.6552,0.0044,0.3404
HEARTS KING CLUBS QUEEN,0.023,0.954,0.023
CLUBS NINE DIAMONDS SEVEN,0.6408,0.0054,0.3538
SPADES TWO CLUBS JACK,0.6954,0.0094,0.2952
SPADES ACE CLUBS TWO,0.4258,0.0062,0.568
CLUBS TEN SPADES TWO,0.6874,0.0078,0.3048
HEARTS KING CLUBS ACE,0.2388,0.0092,0.752
CLUBS SEVEN CLUBS SIX,0.593,0.0056,0.4014
SPADES TWO CLUBS KING,0.705,0.066,0.229
SPADES TWO DIAMONDS SEVEN,0.687,0.008,0.305
CLUBS EIGHT CLUBS SIX,0.6084,0.0058,0.3858
SPADES THREE DIAMONDS SEVEN,0.6624,0.0076,0.33
SPADES TWO CLUBS QUEEN,0.756,0.0296,0.2144
CLUBS NINE CLUBS SIX,0.6098,0.0056,0.3846
SPADES FOUR DIAMONDS SEVEN,0.6482,0.0094,0.3424
HEARTS KING CLUBS JACK,0.6974,0.059,0.2436
SPADES FIVE DIAMONDS SEVEN,0.6336,0.006,0.3604
SPADES TWO CLUBS ACE,0.4224,0.0054,0.5722
CLUBS TEN HEARTS KING,0.6958,0.0622,0.242
CLUBS SIX SPADES TWO,0.663,0.0054,0.3316
CLUBS SIX SPADES THREE,0.6532,0.0066,0.3402
CLUBS TWO DIAMONDS SEVEN,0.669,0.0088,0.3222
CLUBS SIX SPADES FOUR,0.6314,0.0066,0.362
CLUBS THREE DIAMONDS SEVEN,0.6648,0.0076,0.3276
CLUBS SIX SPADES FIVE,0.6274,0.0058,0.3668
CLUBS FOUR DIAMONDS SEVEN,0.6568,0.0078,0.3354
CLUBS SIX SPADES SIX,0.467,0.008,0.525
CLUBS FIVE DIAMONDS SEVEN,0.6352,0.0072,0.3576
CLUBS SIX SPADES SEVEN,0.6268,0.0058,0.3674
CLUBS SIX DIAMONDS SEVEN,0.6294,0.0068,0.3638
SPADES EIGHT CLUBS SIX,0.6198,0.0088,0.3714
SPADES JACK CLUBS TWO,0.688,0.0078,0.3042
CLUBS SEVEN DIAMONDS SEVEN,0.4772,0.0074,0.5154
SPADES NINE CLUBS SIX,0.6518,0.005,0.3432
SPADES TEN CLUBS TWO,0.6846,0.0078,0.3076
CLUBS TWO CLUBS QUEEN,0.6946,0.0238,0.2816
CLUBS TWO CLUBS KING,0.6616,0.0566,0.2818
CLUBS THREE DIAMONDS EIGHT,0.6698,0.0072,0.323
CLUBS TWO CLUBS ACE,0.3944,0.0044,0.6012
CLUBS TWO DIAMONDS EIGHT,0.67,0.0084,0.3216
HEARTS SEVEN DIAMONDS EIGHT,0.644,0.0058,0.3502
HEARTS SIX DIAMONDS EIGHT,0.6258,0.0054,0.3688
DIAMONDS EIGHT HEARTS NINE,0.6316,0.0064,0.362
CLUBS TEN CLUBS TWO,0.6348,0.0064,0.3588
DIAMONDS EIGHT HEARTS EIGHT,0.4612,0.006,0.5328
CLUBS TWO CLUBS JACK,0.6374,0.008,0.3546
CLUBS NINE DIAMONDS EIGHT,0.6412,0.0058,0.353
CLUBS EIGHT DIAMONDS EIGHT,0.461,0.0054,0.5336
CLUBS FIVE DIAMONDS EIGHT,0.648,0.0084,0.3436
SPADES ACE SPADES THREE,0.4046,0.004,0.5914
CLUBS FOUR DIAMONDS EIGHT,0.6604,0.0056,0.334
CLUBS SEVEN DIAMONDS EIGHT,0.6266,0.0088,0.3646
CLUBS SIX DIAMONDS EIGHT,0.6402,0.0052,0.3546
SPADES KING SPADES THREE,0.6566,0.0704,0.273
DIAMONDS QUEEN DIAMONDS EIGHT,0.7208,0.029,0.2502
HEARTS TWO DIAMONDS EIGHT,0.673,0.0084,0.3186
HEARTS THREE DIAMONDS EIGHT,0.6824,0.0072,0.3104
DIAMONDS ACE DIAMONDS EIGHT,0.4036,0.0042,0.5922
HEARTS FOUR DIAMONDS EIGHT,0.6432,0.0072,0.3496
HEARTS FIVE DIAMONDS EIGHT,0.6618,0.0074,0.3308
DIAMONDS EIGHT DIAMONDS TEN,0.615,0.0058,0.3792
DIAMONDS EIGHT DIAMONDS JACK,0.6342,0.0062,0.3596
SPADES JACK SPADES THREE,0.6432,0.0068,0.35
SPADES TEN SPADES THREE,0.6472,0.0066,0.3462
CLUBS FOUR HEARTS ACE,0.4084,0.0044,0.5872
CLUBS FOUR HEARTS QUEEN,0.7324,0.0258,0.2418
CLUBS FOUR HEARTS KING,0.6936,0.0638,0.2426
CLUBS SIX HEARTS TEN,0.6562,0.0048,0.339
CLUBS SIX HEARTS JACK,0.671,0.007,0.322
SPADES FOUR DIAMONDS EIGHT,0.6732,0.0066,0.3202
SPADES FIVE DIAMONDS EIGHT,0.6562,0.0048,0.339
DIAMONDS EIGHT SPADES TWO,0.685,0.0068,0.3082
DIAMONDS EIGHT SPADES THREE,0.6844,0.0066,0.309
CLUBS FOUR HEARTS JACK,0.6718,0.0042,0.324
SPADES EIGHT DIAMONDS EIGHT,0.4618,0.0078,0.5304
SPADES JACK HEARTS EIGHT,0.6422,0.007,0.3508
SPADES TEN HEARTS TWO,0.6958,0.0066,0.2976
SPADES TEN DIAMONDS QUEEN,0.7362,0.0236,0.2402
CLUBS FOUR HEARTS TEN,0.679,0.0076,0.3134
SPADES NINE DIAMONDS EIGHT,0.6344,0.0086,0.357
SPADES JACK HEARTS TWO,0.6748,0.0076,0.3176
SPADES JACK DIAMONDS QUEEN,0.7386,0.026,0.2354
SPADES TEN HEARTS EIGHT,0.6516,0.0064,0.342
SPADES SIX DIAMONDS EIGHT,0.6436,0.0084,0.348
SPADES SEVEN DIAMONDS EIGHT,0.6442,0.0098,0.346
SPADES ACE HEARTS TWO,0.4154,0.0064,0.5782
SPADES ACE DIAMONDS QUEEN,0.2614,0.01,0.7286
SPADES ACE HEARTS EIGHT,0.4118,0.0058,0.5824
SPADES KING HEARTS EIGHT,0.6882,0.0608,0.251
SPADES KING DIAMONDS QUEEN,0.0082,0.984,0.0078
SPADES KING HEARTS TWO,0.6996,0.0678,0.2326
CLUBS TWO HEARTS TEN,0.6818,0.0054,0.3128
CLUBS TWO HEARTS JACK,0.6718,0.0072,0.321
SPADES SEVEN DIAMONDS NINE,0.6476,0.007,0.3454
SPADES SIX DIAMONDS NINE,0.6604,0.0058,0.3338
SPADES NINE DIAMONDS NINE,0.4494,0.0052,0.5454
SPADES EIGHT DIAMONDS NINE,0.647,0.0062,0.3468
SPADES TEN CLUBS KING,0.7074,0.069,0.2236
DIAMONDS NINE SPADES THREE,0.6666,0.0068,0.3266
SPADES JACK CLUBS KING,0.7002,0.0614,0.2384
DIAMONDS NINE SPADES TWO,0.6766,0.0074,0.316
SPADES FIVE DIAMONDS NINE,0.6676,0.0076,0.3248
DIAMONDS NINE SPADES FOUR,0.6818,0.0084,0.3098
CLUBS NINE DIAMONDS NINE,0.4496,0.0042,0.5462
CLUBS EIGHT DIAMONDS NINE,0.6396,0.0086,0.3518
CLUBS SIX DIAMONDS NINE,0.6504,0.0052,0.3444
SPADES JACK CLUBS FOUR,0.6966,0.0062,0.2972
CLUBS SEVEN DIAMONDS NINE,0.6456,0.0048,0.3496
SPADES TEN CLUBS FOUR,0.6776,0.0056,0.3168
CLUBS FOUR DIAMONDS NINE,0.6768,0.0078,0.3154
CLUBS FIVE DIAMONDS NINE,0.654,0.008,0.338
DIAMONDS NINE CLUBS TWO,0.677,0.005,0.318
CLUBS THREE DIAMONDS NINE,0.6858,0.0064,0.3078
DIAMONDS NINE HEARTS EIGHT,0.6468,0.0054,0.3478
DIAMONDS NINE HEARTS NINE,0.4442,0.0056,0.5502
HEARTS SIX DIAMONDS NINE,0.6542,0.0044,0.3414
HEARTS SEVEN DIAMONDS NINE,0.6406,0.0054,0.354
CLUBS NINE CLUBS EIGHT,0.5912,0.0048,0.404
DIAMONDS ACE DIAMONDS NINE,0.3984,0.0048,0.5968
HEARTS FOUR DIAMONDS NINE,0.6724,0.0076,0.32
HEARTS FIVE DIAMONDS NINE,0.6642,0.0066,0.3292
HEARTS ACE CLUBS TWO,0.43,0.003,0.567
SPADES ACE CLUBS FOUR,0.4178,0.0032,0.579
DIAMONDS QUEEN DIAMONDS NINE,0.7066,0.0278,0.2656
HEARTS TWO DIAMONDS NINE,0.6722,0.0094,0.3184
CLUBS TWO HEARTS KING,0.7096,0.0644,0.226
SPADES KING CLUBS FOUR,0.7002,0.0582,0.2416
HEARTS THREE DIAMONDS NINE,0.6722,0.0072,0.3206
CLUBS TWO HEARTS QUEEN,0.7452,0.028,0.2268
DIAMONDS NINE DIAMONDS JACK,0.6196,0.0078,0.3726
CLUBS EIGHT SPADES NINE,0.6386,0.006,0.3554
DIAMONDS NINE DIAMONDS TEN,0.6068,0.0074,0.3858
CLUBS EIGHT SPADES EIGHT,0.4756,0.0066,0.5178
CLUBS EIGHT SPADES SEVEN,0.6422,0.0062,0.3516
CLUBS EIGHT SPADES SIX,0.633,0.0062,0.3608
CLUBS EIGHT SPADES FIVE,0.6462,0.0098,0.344
CLUBS EIGHT SPADES FOUR,0.659,0.006,0.335
CLUBS EIGHT SPADES THREE,0.6748,0.0056,0.3196
CLUBS EIGHT SPADES TWO,0.6862,0.0058,0.308
HEARTS SIX DIAMONDS TEN,0.6624,0.0056,0.332
HEARTS SEVEN DIAMONDS TEN,0.6534,0.0074,0.3392
DIAMONDS TEN HEARTS EIGHT,0.6462,0.0052,0.3486
CLUBS FOUR CLUBS JACK,0.6294,0.0052,0.3654
DIAMONDS TEN HEARTS NINE,0.6454,0.0078,0.3468
CLUBS TEN CLUBS FOUR,0.636,0.006,0.358
CLUBS FOUR CLUBS KING,0.6574,0.0634,0.2792
CLUBS FOUR CLUBS QUEEN,0.6892,0.0214,0.2894
CLUBS TWO DIAMONDS TEN,0.6818,0.0076,0.3106
CLUBS THREE DIAMONDS TEN,0.6884,0.0078,0.3038
CLUBS FOUR CLUBS ACE,0.4054,0.0046,0.59
DIAMONDS JACK DIAMONDS TEN,0.6214,0.0076,0.371
DIAMONDS QUEEN DIAMONDS TEN,0.7062,0.0266,0.2672
HEARTS TWO DIAMONDS TEN,0.6928,0.007,0.3002
HEARTS THREE DIAMONDS TEN,0.6916,0.0096,0.2988
DIAMONDS ACE DIAMONDS TEN,0.3908,0.0048,0.6044
HEARTS FOUR DIAMONDS TEN,0.6824,0.0082,0.3094
CLUBS EIGHT HEARTS JACK,0.6518,0.0046,0.3436
HEARTS FIVE DIAMONDS TEN,0.6796,0.006,0.3144
CLUBS EIGHT HEARTS TEN,0.6488,0.005,0.3462
CLUBS EIGHT HEARTS QUEEN,0.7414,0.0232,0.2354
CLUBS EIGHT HEARTS KING,0.6844,0.0624,0.2532
CLUBS EIGHT HEARTS ACE,0.4252,0.0038,0.571
CLUBS NINE SPADES THREE,0.674,0.0062,0.3198
CLUBS NINE SPADES TWO,0.6798,0.0074,0.3128
CLUBS NINE SPADES FIVE,0.6652,0.0064,0.3284
CLUBS NINE SPADES FOUR,0.6752,0.0072,0.3176
CLUBS NINE SPADES SEVEN,0.6456,0.0074,0.347
CLUBS NINE SPADES SIX,0.6422,0.006,0.3518
CLUBS NINE SPADES NINE,0.4476,0.0042,0.5482
CLUBS TEN HEARTS EIGHT,0.643,0.004,0.353
CLUBS NINE SPADES EIGHT,0.6372,0.008,0.3548
HEARTS EIGHT CLUBS JACK,0.6558,0.005,0.3392
CLUBS QUEEN HEARTS EIGHT,0.7358,0.0316,0.2326
CLUBS KING HEARTS EIGHT,0.683,0.0652,0.2518
CLUBS ACE HEARTS EIGHT,0.4196,0.0026,0.5778
SPADES KING CLUBS KING,0.0952,0.0132,0.8916
SPADES ACE CLUBS KING,0.2356,0.0118,0.7526
DIAMONDS ACE HEARTS TEN,0.3954,0.0038,0.6008
HEARTS FOUR HEARTS TEN,0.6268,0.0058,0.3674
DIAMONDS ACE HEARTS JACK,0.3904,0.0024,0.6072
HEARTS FOUR HEARTS JACK,0.6328,0.0072,0.36
SPADES KING CLUBS FIVE,0.6914,0.057,0.2516
SPADES ACE CLUBS FIVE,0.3994,0.0056,0.595
HEARTS SEVEN DIAMONDS JACK,0.665,0.0064,0.3286
HEARTS SIX DIAMONDS JACK,0.6938,0.0076,0.2986
DIAMONDS JACK HEARTS NINE,0.6476,0.0068,0.3456
DIAMONDS JACK HEARTS EIGHT,0.6602,0.0078,0.332
HEARTS THREE DIAMONDS JACK,0.6826,0.0064,0.311
SPADES ACE SPADES SIX,0.3958,0.0054,0.5988
HEARTS ACE SPADES FOUR,0.4246,0.0044,0.571
DIAMONDS QUEEN DIAMONDS JACK,0.7098,0.0298,0.2604
HEARTS TWO DIAMONDS JACK,0.6904,0.0078,0.3018
HEARTS FIVE DIAMONDS JACK,0.6866,0.0074,0.306
SPADES FOUR HEARTS QUEEN,0.7462,0.0308,0.223
DIAMONDS ACE DIAMONDS JACK,0.3886,0.0036,0.6078
HEARTS FOUR DIAMONDS JACK,0.6738,0.0092,0.317
SPADES KING SPADES SIX,0.6548,0.0572,0.288
SPADES FOUR HEARTS KING,0.6886,0.067,0.2444
SPADES TEN SPADES SIX,0.6356,0.0064,0.358
SPADES JACK SPADES SIX,0.6364,0.0062,0.3574
SPADES FOUR DIAMONDS JACK,0.6822,0.0066,0.3112
SPADES FIVE DIAMONDS JACK,0.6904,0.007,0.3026
DIAMONDS JACK SPADES TWO,0.6994,0.0058,0.2948
SPADES THREE DIAMONDS JACK,0.691,0.0054,0.3036
SPADES ACE DIAMONDS THREE,0.4126,0.0052,0.5822
CLUBS EIGHT DIAMONDS JACK,0.6714,0.0066,0.322
SPADES KING DIAMONDS THREE,0.7028,0.0702,0.227
CLUBS NINE DIAMONDS JACK,0.6574,0.0066,0.336
CLUBS SIX DIAMONDS JACK,0.6908,0.0052,0.304
CLUBS SEVEN DIAMONDS JACK,0.6734,0.0064,0.3202
CLUBS FOUR DIAMONDS JACK,0.6804,0.006,0.3136
CLUBS FIVE DIAMONDS JACK,0.6946,0.0052,0.3002
CLUBS TWO DIAMONDS JACK,0.6968,0.0074,0.2958
CLUBS THREE DIAMONDS JACK,0.692,0.0048,0.3032
SPADES JACK HEARTS SIX,0.6852,0.0048,0.31
SPADES TEN CLUBS FIVE,0.6692,0.0076,0.3232
SPADES JACK CLUBS FIVE,0.68,0.0102,0.3098
SPADES TEN HEARTS SIX,0.6732,0.0078,0.319
SPADES JACK DIAMONDS THREE,0.6956,0.0068,0.2976
CLUBS SEVEN CLUBS ACE,0.4082,0.0032,0.5886
SPADES TEN DIAMONDS THREE,0.6868,0.0062,0.307
CLUBS SEVEN CLUBS QUEEN,0.7024,0.022,0.2756
CLUBS SEVEN CLUBS KING,0.656,0.0634,0.2806
SPADES NINE DIAMONDS JACK,0.6642,0.0094,0.3264
CLUBS TEN CLUBS SEVEN,0.6074,0.0066,0.386
DIAMONDS ACE HEARTS ACE,0.126,0.0034,0.8706
HEARTS FOUR HEARTS ACE,0.3902,0.0028,0.607
SPADES EIGHT DIAMONDS JACK,0.6676,0.0084,0.324
SPADES ACE HEARTS SIX,0.4156,0.0042,0.5802
CLUBS SEVEN CLUBS JACK,0.6086,0.0062,0.3852
DIAMONDS ACE HEARTS KING,0.2408,0.0118,0.7474
HEARTS FOUR HEARTS KING,0.6584,0.0604,0.2812
SPADES SEVEN DIAMONDS JACK,0.6764,0.0074,0.3162
SPADES KING HEARTS SIX,0.6808,0.0664,0.2528
DIAMONDS ACE HEARTS QUEEN,0.2464,0.0134,0.7402
HEARTS FOUR HEARTS QUEEN,0.7064,0.022,0.2716
SPADES SIX DIAMONDS JACK,0.6982,0.0048,0.297
SPADES TWO DIAMONDS TEN,0.6958,0.007,0.2972
SPADES THREE DIAMONDS TEN,0.6798,0.0094,0.3108
SPADES FOUR DIAMONDS TEN,0.6884,0.0054,0.3062
SPADES FIVE DIAMONDS TEN,0.6742,0.0082,0.3176
SPADES SIX DIAMONDS TEN,0.6896,0.007,0.3034
SPADES SEVEN DIAMONDS TEN,0.6684,0.008,0.3236
SPADES EIGHT DIAMONDS TEN,0.6524,0.0084,0.3392
SPADES NINE DIAMONDS TEN,0.6546,0.0068,0.3386
CLUBS FOUR DIAMONDS TEN,0.681,0.0072,0.3118
CLUBS FIVE DIAMONDS TEN,0.678,0.0088,0.3132
CLUBS SIX DIAMONDS TEN,0.67,0.008,0.322
CLUBS SEVEN DIAMONDS TEN,0.6432,0.0082,0.3486
CLUBS EIGHT DIAMONDS TEN,0.6482,0.0084,0.3434
CLUBS NINE DIAMONDS TEN,0.6322,0.008,0.3598
DIAMONDS THREE CLUBS JACK,0.691,0.0066,0.3024
CLUBS TEN DIAMONDS THREE,0.6744,0.0084,0.3172
DIAMONDS THREE CLUBS KING,0.7084,0.065,0.2266
DIAMONDS THREE CLUBS QUEEN,0.7506,0.027,0.2224
DIAMONDS THREE CLUBS ACE,0.4352,0.005,0.5598
SPADES FOUR HEARTS JACK,0.693,0.0052,0.3018
SPADES FOUR HEARTS TEN,0.6708,0.0058,0.3234
SPADES FIVE SPADES TWO,0.6204,0.0078,0.3718
SPADES FOUR SPADES TWO,0.6252,0.0078,0.367
SPADES THREE SPADES TWO,0.632,0.0086,0.3594
SPADES NINE SPADES TWO,0.6514,0.008,0.3406
SPADES EIGHT SPADES TWO,0.6386,0.0086,0.3528
SPADES SEVEN SPADES TWO,0.6404,0.0064,0.3532
SPADES SIX SPADES TWO,0.6272,0.0078,0.365
DIAMONDS QUEEN CLUBS THREE,0.7536,0.0264,0.22
CLUBS THREE HEARTS TWO,0.6474,0.0086,0.344
DIAMONDS QUEEN CLUBS TWO,0.7516,0.0274,0.221
HEARTS TWO CLUBS TWO,0.4798,0.0076,0.5126
HEARTS SEVEN DIAMONDS QUEEN,0.7408,0.0266,0.2326
HEARTS SEVEN HEARTS TWO,0.6164,0.006,0.3776
HEARTS SIX DIAMONDS QUEEN,0.7428,0.0274,0.2298
HEARTS SIX HEARTS TWO,0.6216,0.0048,0.3736
DIAMONDS QUEEN HEARTS NINE,0.7372,0.0244,0.2384
HEARTS TWO HEARTS NINE,0.6286,0.0058,0.3656
DIAMONDS QUEEN HEARTS EIGHT,0.76,0.0278,0.2122
HEARTS TWO HEARTS EIGHT,0.6204,0.0064,0.3732
CLUBS NINE HEARTS TWO,0.6718,0.0078,0.3204
CLUBS NINE DIAMONDS QUEEN,0.7378,0.0282,0.234
CLUBS EIGHT HEARTS TWO,0.6682,0.0074,0.3244
CLUBS EIGHT DIAMONDS QUEEN,0.7556,0.0238,0.2206
CLUBS FIVE DIAMONDS QUEEN,0.744,0.0226,0.2334
CLUBS FIVE HEARTS TWO,0.6424,0.0076,0.35
SPADES EIGHT HEARTS ACE,0.4236,0.0022,0.5742
DIAMONDS QUEEN CLUBS FOUR,0.7342,0.0316,0.2342
CLUBS FOUR HEARTS TWO,0.6514,0.0056,0.343
CLUBS SEVEN DIAMONDS QUEEN,0.7466,0.0262,0.2272
CLUBS SEVEN HEARTS TWO,0.6792,0.0052,0.3156
SPADES EIGHT HEARTS QUEEN,0.7512,0.025,0.2238
CLUBS SIX DIAMONDS QUEEN,0.7488,0.0306,0.2206
CLUBS SIX HEARTS TWO,0.668,0.005,0.327
SPADES EIGHT HEARTS KING,0.7044,0.0624,0.2332
DIAMONDS QUEEN SPADES SIX,0.7504,0.028,0.2216
SPADES SIX HEARTS TWO,0.6686,0.0096,0.3218
HEARTS FOUR CLUBS QUEEN,0.7326,0.0266,0.2408
DIAMONDS ACE CLUBS QUEEN,0.239,0.0104,0.7506
DIAMONDS QUEEN SPADES SEVEN,0.7472,0.0266,0.2262
SPADES SEVEN HEARTS TWO,0.6766,0.0086,0.3148
HEARTS FOUR CLUBS KING,0.698,0.0622,0.2398
DIAMONDS ACE CLUBS KING,0.2388,0.0124,0.7488
SPADES EIGHT DIAMONDS QUEEN,0.7504,0.024,0.2256
SPADES EIGHT HEARTS TWO,0.674,0.0066,0.3194
HEARTS FOUR CLUBS ACE,0.4106,0.0052,0.5842
DIAMONDS ACE CLUBS ACE,0.1296,0.0028,0.8676
SPADES NINE DIAMONDS QUEEN,0.7372,0.029,0.2338
SPADES NINE HEARTS TWO,0.687,0.0082,0.3048
HEARTS TWO SPADES TWO,0.4728,0.0074,0.5198
DIAMONDS QUEEN SPADES TWO,0.7592,0.028,0.2128
HEARTS TWO SPADES THREE,0.661,0.0088,0.3302
DIAMONDS QUEEN SPADES THREE,0.7546,0.0326,0.2128
HEARTS TWO SPADES FOUR,0.647,0.0084,0.3446
DIAMONDS QUEEN SPADES FOUR,0.7552,0.0292,0.2156
CLUBS TEN HEARTS FOUR,0.6656,0.0056,0.3288
CLUBS TEN DIAMONDS ACE,0.409,0.0072,0.5838
HEARTS TWO SPADES FIVE,0.6576,0.0068,0.3356
DIAMONDS QUEEN SPADES FIVE,0.7544,0.0274,0.2182
HEARTS FOUR CLUBS JACK,0.6778,0.0074,0.3148
DIAMONDS ACE CLUBS JACK,0.3796,0.0036,0.6168
CLUBS FIVE CLUBS KING,0.6534,0.058,0.2886
CLUBS FIVE CLUBS QUEEN,0.6922,0.0262,0.2816
CLUBS FIVE CLUBS ACE,0.3968,0.0038,0.5994
CLUBS FIVE CLUBS JACK,0.6254,0.009,0.3656
CLUBS TEN CLUBS FIVE,0.6196,0.0074,0.373
SPADES KING CLUBS JACK,0.7016,0.059,0.2394
SPADES ACE CLUBS JACK,0.3918,0.0058,0.6024
SPADES SIX CLUBS KING,0.7082,0.0586,0.2332
SPADES SIX CLUBS QUEEN,0.7314,0.025,0.2436
SPADES EIGHT HEARTS JACK,0.656,0.0082,0.3358
SPADES SIX CLUBS ACE,0.4318,0.003,0.5652
SPADES EIGHT HEARTS TEN,0.6494,0.0066,0.344
SPADES SIX CLUBS JACK,0.6724,0.0072,0.3204
CLUBS TEN SPADES SIX,0.6624,0.0058,0.3318
SPADES TEN CLUBS JACK,0.6332,0.0064,0.3604
SPADES JACK CLUBS JACK,0.4258,0.0046,0.5696
SPADES KING CLUBS SEVEN,0.7044,0.0642,0.2314
SPADES ACE CLUBS SEVEN,0.4306,0.0046,0.5648
SPADES SIX HEARTS TEN,0.6676,0.0066,0.3258
SPADES SIX HEARTS JACK,0.6966,0.0056,0.2978
SPADES SIX HEARTS ACE,0.424,0.0038,0.5722
SPADES SIX HEARTS KING,0.6974,0.0722,0.2304
SPADES SIX HEARTS QUEEN,0.7326,0.0236,0.2438
SPADES JACK CLUBS SEVEN,0.6678,0.0056,0.3266
CLUBS SEVEN SPADES TEN,0.662,0.0054,0.3326
CLUBS TEN HEARTS SIX,0.672,0.0042,0.3238
HEARTS SIX CLUBS JACK,0.6732,0.0052,0.3216
CLUBS ACE CLUBS JACK,0.3754,0.0038,0.6208
HEARTS SIX CLUBS QUEEN,0.7374,0.0274,0.2352
HEARTS SIX CLUBS KING,0.6864,0.062,0.2516
HEARTS SIX CLUBS ACE,0.4334,0.0028,0.5638
CLUBS QUEEN CLUBS JACK,0.6996,0.0276,0.2728
CLUBS KING CLUBS JACK,0.6546,0.0488,0.2966
DIAMONDS THREE HEARTS ACE,0.419,0.0044,0.5766
DIAMONDS THREE HEARTS QUEEN,0.7408,0.0288,0.2304
DIAMONDS THREE HEARTS KING,0.7064,0.0612,0.2324
CLUBS FIVE HEARTS JACK,0.676,0.0066,0.3174
HEARTS FOUR SPADES TEN,0.666,0.0082,0.3258
SPADES TEN DIAMONDS ACE,0.397,0.0044,0.5986
CLUBS FIVE HEARTS TEN,0.67,0.0078,0.3222
HEARTS FOUR SPADES JACK,0.6796,0.0066,0.3138
SPADES JACK DIAMONDS ACE,0.402,0.0044,0.5936
SPADES ACE HEARTS FOUR,0.405,0.0048,0.5902
SPADES ACE DIAMONDS ACE,0.123,0.005,0.872
CLUBS FIVE HEARTS ACE,0.4078,0.003,0.5892
CLUBS FIVE HEARTS KING,0.6926,0.0612,0.2462
SPADES FOUR CLUBS JACK,0.6704,0.007,0.3226
CLUBS FIVE HEARTS QUEEN,0.7368,0.0288,0.2344
SPADES KING DIAMONDS ACE,0.2356,0.0118,0.7526
SPADES KING HEARTS FOUR,0.6936,0.0712,0.2352
CLUBS TEN SPADES FOUR,0.6742,0.0076,0.3182
DIAMONDS ACE DIAMONDS QUEEN,0.2322,0.0104,0.7574
DIAMONDS ACE HEARTS TWO,0.409,0.0046,0.5864
HEARTS FOUR DIAMONDS QUEEN,0.7536,0.0298,0.2166
HEARTS FOUR HEARTS TWO,0.6118,0.0072,0.381
DIAMONDS THREE HEARTS TEN,0.6784,0.0058,0.3158
SPADES FOUR CLUBS KING,0.6964,0.0678,0.2358
HEARTS FIVE DIAMONDS QUEEN,0.7428,0.024,0.2332
HEARTS FIVE HEARTS TWO,0.5976,0.008,0.3944
DIAMONDS THREE HEARTS JACK,0.68,0.01,0.31
SPADES FOUR CLUBS QUEEN,0.7446,0.0254,0.23
DIAMONDS QUEEN HEARTS TWO,0.7504,0.0286,0.221
DIAMONDS QUEEN HEARTS THREE,0.7456,0.0264,0.228
HEARTS THREE HEARTS TWO,0.604,0.0108,0.3852
SPADES FOUR CLUBS ACE,0.4104,0.0062,0.5834
HEARTS TWO CLUBS ACE,0.4318,0.0042,0.564
DIAMONDS QUEEN CLUBS ACE,0.2608,0.0088,0.7304
HEARTS TWO CLUBS QUEEN,0.7474,0.0298,0.2228
DIAMONDS QUEEN CLUBS QUEEN,0.3062,0.01,0.6838
HEARTS TWO CLUBS KING,0.701,0.0646,0.2344
DIAMONDS QUEEN CLUBS KING,0.0178,0.9714,0.0108
SPADES EIGHT SPADES FIVE,0.6198,0.0072,0.373
CLUBS TEN HEARTS TWO,0.6784,0.0058,0.3158
CLUBS TEN DIAMONDS QUEEN,0.729,0.0254,0.2456
SPADES NINE SPADES FIVE,0.6374,0.0068,0.3558
HEARTS TWO CLUBS JACK,0.6762,0.0078,0.316
DIAMONDS QUEEN CLUBS JACK,0.7356,0.0236,0.2408
SPADES SIX SPADES FIVE,0.589,0.0078,0.4032
SPADES SEVEN SPADES FIVE,0.6068,0.0082,0.385
DIAMONDS FIVE CLUBS QUEEN,0.748,0.0274,0.2246
SPADES EIGHT CLUBS ACE,0.4176,0.0038,0.5786
DIAMONDS FIVE CLUBS KING,0.696,0.0622,0.2418
SPADES EIGHT CLUBS KING,0.6886,0.0664,0.245
CLUBS ACE DIAMONDS FIVE,0.4102,0.0052,0.5846
SPADES EIGHT CLUBS QUEEN,0.7426,0.0284,0.229
SPADES EIGHT CLUBS JACK,0.659,0.006,0.335
CLUBS TEN SPADES EIGHT,0.6424,0.007,0.3506
CLUBS TEN DIAMONDS FIVE,0.6766,0.0068,0.3166
DIAMONDS FIVE CLUBS JACK,0.6676,0.0092,0.3232
DIAMONDS TEN HEARTS JACK,0.6394,0.0054,0.3552
DIAMONDS TEN HEARTS TEN,0.4454,0.0054,0.5492
SPADES ACE CLUBS NINE,0.4146,0.0032,0.5822
CLUBS NINE SPADES KING,0.7064,0.0568,0.2368
HEARTS SIX HEARTS KING,0.661,0.056,0.283
