opposingHand,winningChance,drawChance,lostChance
SPADES QUEEN DIAMONDS TEN
HEARTS FIVE SPADES TEN,0.7264,0.0476,0.226
HEARTS FIVE SPADES JACK,0.665,0.0102,0.3248
SPADES FIVE CLUBS JACK,0.6574,0.0096,0.333
CLUBS TEN SPADES FIVE,0.7344,0.0468,0.2188
CLUBS EIGHT CLUBS JACK,0.5982,0.0102,0.3916
CLUBS TEN CLUBS EIGHT,0.658,0.043,0.299
CLUBS EIGHT CLUBS KING,0.4138,0.0082,0.578
SPADES FIVE CLUBS ACE,0.4422,0.0046,0.5532
CLUBS EIGHT CLUBS QUEEN,0.6172,0.1136,0.2692
SPADES FIVE CLUBS KING,0.4322,0.0064,0.5614
SPADES FIVE CLUBS QUEEN,0.651,0.12,0.229
CLUBS EIGHT CLUBS ACE,0.404,0.0044,0.5916
DIAMONDS TWO DIAMONDS THREE,0.6236,0.0124,0.364
DIAMONDS TWO DIAMONDS FIVE,0.618,0.0138,0.3682
HEARTS FIVE SPADES KING,0.4356,0.0076,0.5568
DIAMONDS TWO DIAMONDS FOUR,0.6106,0.013,0.3764
DIAMONDS TWO DIAMONDS SEVEN,0.6574,0.0122,0.3304
DIAMONDS TWO DIAMONDS SIX,0.6366,0.0118,0.3516
SPADES ACE HEARTS FIVE,0.4352,0.0042,0.5606
DIAMONDS TWO DIAMONDS NINE,0.6568,0.0124,0.3308
DIAMONDS TWO DIAMONDS EIGHT,0.6438,0.0124,0.3438
DIAMONDS THREE DIAMONDS FOUR,0.6096,0.0108,0.3796
SPADES FOUR CLUBS TWO,0.6568,0.0138,0.3294
DIAMONDS THREE DIAMONDS FIVE,0.6018,0.0142,0.384
SPADES FIVE CLUBS TWO,0.6514,0.0122,0.3364
CLUBS TWO SPADES TWO,0.4778,0.0184,0.5038
CLUBS TWO SPADES THREE,0.6512,0.0136,0.3352
DIAMONDS THREE DIAMONDS EIGHT,0.6464,0.012,0.3416
SPADES EIGHT CLUBS TWO,0.6738,0.014,0.3122
DIAMONDS THREE DIAMONDS NINE,0.6552,0.0124,0.3324
SPADES NINE CLUBS TWO,0.69,0.0118,0.2982
DIAMONDS THREE DIAMONDS SIX,0.6212,0.0088,0.37
SPADES SIX CLUBS TWO,0.6594,0.014,0.3266
DIAMONDS THREE DIAMONDS SEVEN,0.6414,0.012,0.3466
SPADES SEVEN CLUBS TWO,0.6672,0.0132,0.3196
CLUBS SIX CLUBS TWO,0.6198,0.0102,0.37
CLUBS SEVEN CLUBS TWO,0.65,0.0106,0.3394
CLUBS FOUR CLUBS TWO,0.6202,0.0102,0.3696
CLUBS FIVE CLUBS TWO,0.6124,0.0118,0.3758
CLUBS TEN CLUBS JACK,0.6642,0.0426,0.2932
DIAMONDS FOUR DIAMONDS SIX,0.6016,0.012,0.3864
CLUBS TEN CLUBS QUEEN,0.0244,0.9054,0.0702
DIAMONDS FOUR DIAMONDS SEVEN,0.6234,0.0106,0.366
CLUBS TEN CLUBS KING,0.24,0.0262,0.7338
CLUBS TEN CLUBS ACE,0.2504,0.0174,0.7322
CLUBS EIGHT CLUBS TWO,0.6428,0.0112,0.346
DIAMONDS FIVE DIAMONDS FOUR,0.5928,0.013,0.3942
CLUBS NINE CLUBS TWO,0.6408,0.0096,0.3496
DIAMONDS NINE DIAMONDS FOUR,0.65,0.0094,0.3406
DIAMONDS EIGHT DIAMONDS FOUR,0.6376,0.0114,0.351
CLUBS THREE CLUBS TWO,0.6058,0.0136,0.3806
DIAMONDS NINE DIAMONDS FIVE,0.6358,0.0106,0.3536
DIAMONDS TWO CLUBS JACK,0.6792,0.008,0.3128
DIAMONDS EIGHT DIAMONDS FIVE,0.6172,0.0108,0.372
CLUBS TEN DIAMONDS TWO,0.7424,0.0432,0.2144
DIAMONDS FIVE DIAMONDS SEVEN,0.61,0.0116,0.3784
DIAMONDS FIVE DIAMONDS SIX,0.6012,0.0126,0.3862
DIAMONDS TWO CLUBS ACE,0.4364,0.006,0.5576
DIAMONDS TWO CLUBS KING,0.4584,0.0046,0.537
DIAMONDS TWO CLUBS QUEEN,0.649,0.1284,0.2226
DIAMONDS EIGHT DIAMONDS SIX,0.6066,0.0108,0.3826
DIAMONDS NINE DIAMONDS SIX,0.6206,0.0094,0.37
HEARTS ACE SPADES THREE,0.4296,0.0036,0.5668
SPADES THREE HEARTS KING,0.4412,0.0056,0.5532
DIAMONDS SEVEN DIAMONDS SIX,0.6006,0.0084,0.391
SPADES THREE HEARTS QUEEN,0.6564,0.1282,0.2154
SPADES THREE HEARTS JACK,0.6654,0.0098,0.3248
SPADES THREE HEARTS TEN,0.7364,0.0494,0.2142
DIAMONDS EIGHT DIAMONDS SEVEN,0.6118,0.0098,0.3784
DIAMONDS NINE DIAMONDS SEVEN,0.6204,0.01,0.3696
DIAMONDS NINE DIAMONDS EIGHT,0.599,0.009,0.392
DIAMONDS KING HEARTS TEN,0.2554,0.024,0.7206
HEARTS THREE HEARTS TEN,0.6904,0.0452,0.2644
SPADES JACK CLUBS SIX,0.6634,0.0096,0.327
DIAMONDS KING HEARTS JACK,0.3604,0.0044,0.6352
HEARTS THREE HEARTS JACK,0.615,0.01,0.375
SPADES TEN CLUBS SIX,0.7222,0.0438,0.234
SPADES JACK SPADES FIVE,0.6426,0.0112,0.3462
SPADES TEN SPADES FIVE,0.7004,0.046,0.2536
DIAMONDS KING HEARTS ACE,0.3466,0.0054,0.648
HEARTS THREE HEARTS ACE,0.4238,0.0032,0.573
SPADES ACE CLUBS SIX,0.4408,0.0058,0.5534
DIAMONDS KING HEARTS QUEEN,0.2524,0.0276,0.72
HEARTS THREE HEARTS QUEEN,0.6214,0.102,0.2766
SPADES KING CLUBS SIX,0.4398,0.0072,0.553
DIAMONDS KING HEARTS KING,0.1486,0.0044,0.847
HEARTS THREE HEARTS KING,0.4188,0.008,0.5732
SPADES NINE HEARTS TEN,0.6984,0.047,0.2546
SPADES NINE HEARTS JACK,0.6518,0.0092,0.339
SPADES KING SPADES FIVE,0.4202,0.0054,0.5744
SPADES ACE SPADES FIVE,0.4164,0.0046,0.579
SPADES NINE HEARTS QUEEN,0.6576,0.117,0.2254
SPADES NINE HEARTS KING,0.4114,0.0078,0.5808
SPADES NINE HEARTS ACE,0.4302,0.005,0.5648
CLUBS TEN SPADES JACK,0.7106,0.035,0.2544
CLUBS TEN SPADES TEN,0.3406,0.0242,0.6352
SPADES ACE CLUBS TEN,0.2606,0.0232,0.7162
SPADES KING CLUBS TEN,0.2456,0.0298,0.7246
SPADES FIVE HEARTS QUEEN,0.6676,0.1106,0.2218
SPADES FIVE HEARTS KING,0.4472,0.006,0.5468
SPADES FIVE HEARTS ACE,0.4292,0.0044,0.5664
SPADES JACK HEARTS THREE,0.6686,0.0072,0.3242
SPADES JACK DIAMONDS KING,0.3712,0.0064,0.6224
SPADES TEN CLUBS EIGHT,0.7014,0.0446,0.254
SPADES JACK CLUBS EIGHT,0.6466,0.0094,0.344
SPADES TEN HEARTS THREE,0.732,0.0466,0.2214
SPADES TEN DIAMONDS KING,0.2498,0.0308,0.7194
CLUBS SIX HEARTS ACE,0.4322,0.004,0.5638
SPADES ACE CLUBS EIGHT,0.4242,0.0032,0.5726
HEARTS FIVE CLUBS JACK,0.646,0.009,0.345
HEARTS FIVE CLUBS TEN,0.7244,0.045,0.2306
CLUBS SIX HEARTS QUEEN,0.6562,0.1178,0.226
CLUBS TEN SPADES THREE,0.7378,0.0406,0.2216
CLUBS SIX HEARTS KING,0.4336,0.006,0.5604
SPADES KING CLUBS EIGHT,0.4214,0.0068,0.5718
SPADES THREE CLUBS JACK,0.6686,0.0118,0.3196
DIAMONDS TWO HEARTS JACK,0.663,0.011,0.326
SPADES THREE CLUBS QUEEN,0.659,0.12,0.221
DIAMONDS TWO HEARTS TEN,0.733,0.0516,0.2154
SPADES THREE CLUBS KING,0.4516,0.0064,0.542
HEARTS FIVE CLUBS ACE,0.4432,0.0048,0.552
SPADES FIVE HEARTS TEN,0.725,0.0476,0.2274
SPADES THREE CLUBS ACE,0.4372,0.0052,0.5576
HEARTS FIVE CLUBS KING,0.438,0.006,0.556
SPADES FIVE HEARTS JACK,0.6652,0.0086,0.3262
HEARTS FIVE CLUBS QUEEN,0.6546,0.1158,0.2296
HEARTS THREE CLUBS KING,0.4504,0.0066,0.543
DIAMONDS KING CLUBS KING,0.1466,0.0042,0.8492
HEARTS THREE CLUBS QUEEN,0.6532,0.1162,0.2306
DIAMONDS KING CLUBS QUEEN,0.2488,0.0256,0.7256
HEARTS FIVE HEARTS JACK,0.618,0.0088,0.3732
HEARTS FIVE HEARTS TEN,0.6786,0.0466,0.2748
HEARTS THREE CLUBS ACE,0.4384,0.004,0.5576
DIAMONDS KING CLUBS ACE,0.358,0.003,0.639
SPADES ACE CLUBS QUEEN,0.2608,0.0166,0.7226
SPADES KING CLUBS QUEEN,0.2428,0.0272,0.73
HEARTS THREE CLUBS JACK,0.6562,0.0088,0.335
DIAMONDS KING CLUBS JACK,0.3762,0.005,0.6188
CLUBS TEN HEARTS THREE,0.7232,0.0524,0.2244
CLUBS TEN DIAMONDS KING,0.2468,0.0274,0.7258
SPADES JACK CLUBS QUEEN,0.2348,0.0896,0.6756
CLUBS SIX CLUBS QUEEN,0.6072,0.114,0.2788
SPADES TEN CLUBS QUEEN,0.0194,0.9676,0.013
CLUBS SIX CLUBS KING,0.4128,0.0078,0.5794
CLUBS SIX CLUBS ACE,0.3988,0.004,0.5972
HEARTS FIVE HEARTS KING,0.4046,0.0086,0.5868
HEARTS FIVE HEARTS QUEEN,0.6022,0.1154,0.2824
CLUBS TEN CLUBS SIX,0.6734,0.0412,0.2854
HEARTS FIVE HEARTS ACE,0.4132,0.0046,0.5822
CLUBS SIX CLUBS JACK,0.6236,0.0098,0.3666
SPADES SEVEN HEARTS JACK,0.6618,0.0106,0.3276
SPADES SEVEN HEARTS TEN,0.7226,0.0446,0.2328
DIAMONDS TWO CLUBS TWO,0.4848,0.0188,0.4964
DIAMONDS TWO CLUBS THREE,0.6536,0.0136,0.3328
DIAMONDS TWO HEARTS SIX,0.67,0.0086,0.3214
DIAMONDS TWO HEARTS QUEEN,0.6584,0.1188,0.2228
HEARTS SEVEN DIAMONDS TWO,0.6734,0.0098,0.3168
DIAMONDS TWO HEARTS KING,0.453,0.0076,0.5394
DIAMONDS TWO HEARTS EIGHT,0.677,0.012,0.311
DIAMONDS TWO HEARTS ACE,0.4388,0.0074,0.5538
DIAMONDS TWO HEARTS NINE,0.6916,0.0098,0.2986
DIAMONDS TWO DIAMONDS QUEEN,0.61,0.1106,0.2794
DIAMONDS TWO HEARTS TWO,0.4806,0.0162,0.5032
DIAMONDS TWO DIAMONDS KING,0.4252,0.0082,0.5666
DIAMONDS TWO HEARTS THREE,0.6528,0.0136,0.3336
DIAMONDS TWO DIAMONDS ACE,0.4136,0.0042,0.5822
HEARTS FOUR DIAMONDS TWO,0.6406,0.0104,0.349
HEARTS FIVE DIAMONDS TWO,0.6454,0.0132,0.3414
SPADES SEVEN HEARTS ACE,0.435,0.0036,0.5614
SPADES SEVEN HEARTS KING,0.4272,0.007,0.5658
DIAMONDS TWO DIAMONDS JACK,0.632,0.011,0.357
SPADES SEVEN HEARTS QUEEN,0.6562,0.117,0.2268
DIAMONDS TWO SPADES NINE,0.6868,0.0126,0.3006
DIAMONDS TWO SPADES EIGHT,0.68,0.0108,0.3092
DIAMONDS TWO SPADES SEVEN,0.685,0.0112,0.3038
DIAMONDS TWO SPADES SIX,0.6672,0.0112,0.3216
DIAMONDS TWO SPADES FIVE,0.657,0.0124,0.3306
DIAMONDS TWO SPADES FOUR,0.6666,0.0152,0.3182
DIAMONDS TWO SPADES THREE,0.6674,0.0096,0.323
DIAMONDS TWO SPADES TWO,0.4802,0.0212,0.4986
CLUBS NINE DIAMONDS TWO,0.6696,0.008,0.3224
DIAMONDS TWO CLUBS EIGHT,0.676,0.0114,0.3126
CLUBS SEVEN DIAMONDS TWO,0.6836,0.0114,0.305
DIAMONDS TWO CLUBS SIX,0.6646,0.0104,0.325
DIAMONDS TWO CLUBS FIVE,0.6534,0.0108,0.3358
DIAMONDS TWO CLUBS FOUR,0.6514,0.0126,0.336
CLUBS FOUR SPADES FIVE,0.6258,0.013,0.3612
CLUBS FOUR SPADES FOUR,0.4798,0.018,0.5022
CLUBS FOUR SPADES THREE,0.635,0.0128,0.3522
CLUBS FOUR SPADES TWO,0.649,0.009,0.342
SPADES NINE CLUBS FOUR,0.6942,0.0118,0.294
SPADES EIGHT CLUBS FOUR,0.6668,0.0126,0.3206
SPADES SEVEN CLUBS FOUR,0.6494,0.0112,0.3394
SPADES SIX CLUBS FOUR,0.63,0.0104,0.3596
SPADES ACE DIAMONDS SIX,0.4286,0.0034,0.568
SPADES KING DIAMONDS SIX,0.4326,0.0064,0.561
SPADES TEN DIAMONDS SIX,0.7328,0.0442,0.223
SPADES JACK DIAMONDS SIX,0.6772,0.011,0.3118
SPADES KING SPADES TWO,0.4288,0.0062,0.565
SPADES ACE SPADES TWO,0.4166,0.0052,0.5782
DIAMONDS JACK CLUBS JACK,0.296,0.0116,0.6924
CLUBS TEN DIAMONDS JACK,0.6996,0.0382,0.2622
DIAMONDS JACK CLUBS KING,0.3724,0.0074,0.6202
DIAMONDS JACK CLUBS QUEEN,0.2316,0.0852,0.6832
DIAMONDS THREE DIAMONDS JACK,0.6274,0.0106,0.362
DIAMONDS JACK CLUBS ACE,0.3906,0.0038,0.6056
DIAMONDS THREE DIAMONDS KING,0.421,0.0106,0.5684
DIAMONDS THREE HEARTS THREE,0.4892,0.0164,0.4944
DIAMONDS THREE DIAMONDS QUEEN,0.6218,0.1184,0.2598
DIAMONDS THREE HEARTS TWO,0.66,0.0136,0.3264
HEARTS FIVE DIAMONDS THREE,0.6416,0.0126,0.3458
DIAMONDS THREE DIAMONDS ACE,0.4108,0.004,0.5852
HEARTS FOUR DIAMONDS THREE,0.6396,0.0098,0.3506
HEARTS SEVEN DIAMONDS THREE,0.682,0.0098,0.3082
SPADES TEN SPADES NINE,0.6858,0.0398,0.2744
HEARTS SIX DIAMONDS THREE,0.653,0.0128,0.3342
SPADES JACK SPADES NINE,0.6074,0.0118,0.3808
DIAMONDS THREE HEARTS NINE,0.685,0.0098,0.3052
HEARTS JACK DIAMONDS FOUR,0.6608,0.0068,0.3324
HEARTS ACE HEARTS KING,0.3276,0.0042,0.6682
SPADES TEN SPADES TWO,0.7064,0.0486,0.245
DIAMONDS THREE HEARTS EIGHT,0.6776,0.0108,0.3116
HEARTS TEN DIAMONDS FOUR,0.7254,0.0434,0.2312
SPADES JACK SPADES TWO,0.6366,0.0112,0.3522
HEARTS QUEEN DIAMONDS FOUR,0.6464,0.1222,0.2314
HEARTS KING DIAMONDS FOUR,0.4434,0.0064,0.5502
SPADES ACE SPADES NINE,0.4076,0.0048,0.5876
HEARTS ACE DIAMONDS FOUR,0.4302,0.0044,0.5654
SPADES KING SPADES NINE,0.4076,0.0096,0.5828
DIAMONDS THREE SPADES NINE,0.6878,0.0118,0.3004
DIAMONDS THREE SPADES EIGHT,0.682,0.0096,0.3084
DIAMONDS THREE SPADES SEVEN,0.6656,0.0108,0.3236
DIAMONDS THREE SPADES SIX,0.6524,0.0128,0.3348
DIAMONDS THREE CLUBS SIX,0.6546,0.0086,0.3368
CLUBS FIVE CLUBS SIX,0.5914,0.0104,0.3982
CLUBS ACE DIAMONDS FOUR,0.442,0.0038,0.5542
CLUBS SEVEN DIAMONDS THREE,0.6626,0.01,0.3274
CLUBS SEVEN CLUBS FIVE,0.5958,0.0108,0.3934
DIAMONDS THREE CLUBS FOUR,0.6278,0.0106,0.3616
DIAMONDS FOUR CLUBS QUEEN,0.6582,0.124,0.2178
DIAMONDS THREE CLUBS FIVE,0.6318,0.0128,0.3554
CLUBS KING DIAMONDS FOUR,0.4362,0.0072,0.5566
DIAMONDS THREE CLUBS TWO,0.6648,0.013,0.3222
CLUBS TEN DIAMONDS FOUR,0.7284,0.0474,0.2242
DIAMONDS THREE CLUBS THREE,0.4858,0.0184,0.4958
DIAMONDS FOUR CLUBS JACK,0.6746,0.0076,0.3178
DIAMONDS THREE SPADES FOUR,0.6502,0.0116,0.3382
DIAMONDS THREE SPADES FIVE,0.6412,0.012,0.3468
DIAMONDS THREE SPADES TWO,0.6654,0.014,0.3206
DIAMONDS THREE SPADES THREE,0.4904,0.0188,0.4908
CLUBS EIGHT DIAMONDS THREE,0.6776,0.0106,0.3118
CLUBS NINE DIAMONDS THREE,0.6826,0.0098,0.3076
SPADES SEVEN CLUBS ACE,0.4384,0.0034,0.5582
SPADES SEVEN CLUBS QUEEN,0.665,0.1152,0.2198
SPADES SEVEN CLUBS KING,0.4434,0.006,0.5506
CLUBS FIVE SPADES SEVEN,0.637,0.01,0.353
CLUBS TEN SPADES SEVEN,0.7174,0.0468,0.2358
CLUBS FIVE SPADES SIX,0.6264,0.0104,0.3632
SPADES SEVEN CLUBS JACK,0.6552,0.01,0.3348
SPADES NINE CLUBS FIVE,0.6726,0.0098,0.3176
CLUBS FIVE SPADES EIGHT,0.6562,0.0104,0.3334
CLUBS FIVE SPADES THREE,0.639,0.0112,0.3498
CLUBS FIVE SPADES TWO,0.6524,0.0096,0.338
CLUBS FIVE SPADES FIVE,0.4898,0.0166,0.4936
CLUBS FIVE SPADES FOUR,0.6122,0.0116,0.3762
CLUBS NINE CLUBS FIVE,0.6156,0.0094,0.375
CLUBS EIGHT CLUBS FIVE,0.611,0.0116,0.3774
CLUBS ACE CLUBS QUEEN,0.2586,0.013,0.7284
CLUBS KING CLUBS QUEEN,0.2342,0.0194,0.7464
CLUBS TEN DIAMONDS NINE,0.6982,0.0428,0.259
DIAMONDS JACK DIAMONDS FOUR,0.6278,0.0106,0.3616
DIAMONDS NINE CLUBS JACK,0.6398,0.0082,0.352
SPADES NINE CLUBS JACK,0.6376,0.0078,0.3546
CLUBS TEN SPADES NINE,0.7014,0.049,0.2496
DIAMONDS ACE DIAMONDS FOUR,0.4214,0.005,0.5736
HEARTS FOUR DIAMONDS FOUR,0.478,0.019,0.503
DIAMONDS JACK HEARTS TEN,0.708,0.04,0.252
SPADES NINE CLUBS KING,0.4242,0.0076,0.5682
DIAMONDS TWO SPADES TEN,0.7356,0.0468,0.2176
DIAMONDS NINE CLUBS ACE,0.4236,0.003,0.5734
HEARTS FIVE DIAMONDS FOUR,0.6324,0.0076,0.36
DIAMONDS JACK HEARTS JACK,0.291,0.009,0.7
SPADES NINE CLUBS QUEEN,0.647,0.1232,0.2298
SPADES JACK DIAMONDS TWO,0.6772,0.0102,0.3126
DIAMONDS QUEEN DIAMONDS FOUR,0.6148,0.1204,0.2648
HEARTS TWO DIAMONDS FOUR,0.6552,0.0142,0.3306
DIAMONDS NINE CLUBS QUEEN,0.657,0.12,0.223
DIAMONDS KING DIAMONDS FOUR,0.4182,0.0072,0.5746
HEARTS THREE DIAMONDS FOUR,0.6488,0.0116,0.3396
SPADES NINE CLUBS ACE,0.4254,0.0026,0.572
DIAMONDS NINE CLUBS KING,0.4204,0.0076,0.572
HEARTS ACE DIAMONDS JACK,0.381,0.0038,0.6152
SPADES ACE DIAMONDS TWO,0.4278,0.0074,0.5648
HEARTS QUEEN DIAMONDS JACK,0.2252,0.0894,0.6854
HEARTS KING DIAMONDS JACK,0.3704,0.0046,0.625
SPADES KING DIAMONDS TWO,0.4462,0.0052,0.5486
SPADES JACK SPADES SEVEN,0.6218,0.0106,0.3676
SPADES TEN SPADES SEVEN,0.6924,0.0472,0.2604
CLUBS SEVEN CLUBS THREE,0.6186,0.0092,0.3722
CLUBS SIX CLUBS THREE,0.6116,0.009,0.3794
CLUBS FIVE CLUBS THREE,0.605,0.009,0.386
CLUBS THREE CLUBS FOUR,0.5886,0.012,0.3994
CLUBS NINE CLUBS THREE,0.6464,0.011,0.3426
CLUBS EIGHT CLUBS THREE,0.6226,0.0104,0.367
CLUBS THREE SPADES FIVE,0.6454,0.0112,0.3434
CLUBS THREE SPADES FOUR,0.6398,0.0116,0.3486
CLUBS THREE SPADES THREE,0.485,0.0152,0.4998
CLUBS THREE SPADES TWO,0.6474,0.011,0.3416
CLUBS THREE SPADES SIX,0.6504,0.0102,0.3394
SPADES SEVEN CLUBS THREE,0.6582,0.0128,0.329
SPADES EIGHT CLUBS THREE,0.6804,0.0114,0.3082
SPADES NINE CLUBS THREE,0.673,0.0146,0.3124
SPADES TWO DIAMONDS FOUR,0.66,0.0122,0.3278
SPADES THREE DIAMONDS FOUR,0.6302,0.013,0.3568
SPADES FOUR DIAMONDS FOUR,0.4922,0.0166,0.4912
SPADES FIVE DIAMONDS FOUR,0.6336,0.013,0.3534
SPADES SIX DIAMONDS FOUR,0.6392,0.008,0.3528
SPADES SEVEN DIAMONDS FOUR,0.6468,0.0102,0.343
SPADES EIGHT DIAMONDS FOUR,0.6836,0.0094,0.307
SPADES NINE DIAMONDS FOUR,0.689,0.0138,0.2972
CLUBS FIVE DIAMONDS FOUR,0.6334,0.0126,0.354
CLUBS FOUR DIAMONDS FOUR,0.4724,0.0188,0.5088
CLUBS SEVEN DIAMONDS FOUR,0.6562,0.0094,0.3344
CLUBS SIX DIAMONDS FOUR,0.6338,0.012,0.3542
CLUBS NINE DIAMONDS FOUR,0.6848,0.01,0.3052
CLUBS EIGHT DIAMONDS FOUR,0.6716,0.011,0.3174
HEARTS SEVEN DIAMONDS FOUR,0.645,0.0086,0.3464
HEARTS SIX DIAMONDS FOUR,0.633,0.0126,0.3544
DIAMONDS FOUR HEARTS NINE,0.6772,0.0096,0.3132
DIAMONDS FOUR HEARTS EIGHT,0.67,0.0114,0.3186
CLUBS THREE DIAMONDS FOUR,0.644,0.0106,0.3454
CLUBS TWO DIAMONDS FOUR,0.658,0.0108,0.3312
DIAMONDS JACK DIAMONDS FIVE,0.6242,0.0084,0.3674
DIAMONDS NINE HEARTS QUEEN,0.6554,0.1092,0.2354
DIAMONDS NINE HEARTS KING,0.4134,0.009,0.5776
HEARTS ACE DIAMONDS NINE,0.4358,0.004,0.5602
DIAMONDS NINE HEARTS TEN,0.7002,0.0428,0.257
DIAMONDS NINE HEARTS JACK,0.6426,0.0112,0.3462
CLUBS KING DIAMONDS SIX,0.4402,0.005,0.5548
CLUBS QUEEN DIAMONDS SIX,0.6562,0.1212,0.2226
CLUBS ACE DIAMONDS SIX,0.4468,0.0032,0.55
SPADES KING DIAMONDS FOUR,0.4356,0.0068,0.5576
SPADES ACE SPADES SEVEN,0.4056,0.0034,0.591
CLUBS JACK DIAMONDS SIX,0.6666,0.011,0.3224
SPADES KING SPADES SEVEN,0.4206,0.0102,0.5692
SPADES ACE DIAMONDS FOUR,0.4338,0.0054,0.5608
CLUBS TEN DIAMONDS SIX,0.7232,0.0406,0.2362
CLUBS NINE CLUBS FOUR,0.645,0.0102,0.3448
CLUBS EIGHT CLUBS FOUR,0.6218,0.0092,0.369
SPADES JACK DIAMONDS FOUR,0.6714,0.0096,0.319
SPADES TEN DIAMONDS FOUR,0.7456,0.0458,0.2086
CLUBS FIVE CLUBS FOUR,0.5808,0.0092,0.41
CLUBS SEVEN CLUBS FOUR,0.598,0.0084,0.3936
CLUBS SIX CLUBS FOUR,0.5974,0.01,0.3926
CLUBS SEVEN SPADES EIGHT,0.6414,0.011,0.3476
CLUBS SEVEN SPADES NINE,0.6458,0.0094,0.3448
CLUBS SEVEN SPADES SIX,0.6288,0.0124,0.3588
CLUBS SEVEN SPADES SEVEN,0.472,0.0144,0.5136
CLUBS SEVEN SPADES FIVE,0.6294,0.0114,0.3592
CLUBS SEVEN SPADES FOUR,0.6376,0.0118,0.3506
CLUBS SEVEN SPADES THREE,0.6616,0.0114,0.327
CLUBS SEVEN SPADES TWO,0.6688,0.0104,0.3208
CLUBS NINE CLUBS SEVEN,0.6096,0.0116,0.3788
CLUBS SEVEN CLUBS EIGHT,0.603,0.0084,0.3886
HEARTS SIX DIAMONDS FIVE,0.6262,0.0088,0.365
HEARTS SEVEN DIAMONDS FIVE,0.6456,0.011,0.3434
DIAMONDS FIVE HEARTS EIGHT,0.6454,0.0128,0.3418
DIAMONDS FIVE HEARTS NINE,0.6676,0.012,0.3204
DIAMONDS QUEEN DIAMONDS FIVE,0.6058,0.1208,0.2734
HEARTS TWO DIAMONDS FIVE,0.6484,0.0136,0.338
HEARTS KING HEARTS EIGHT,0.4062,0.0058,0.588
DIAMONDS KING DIAMONDS FIVE,0.4178,0.0068,0.5754
HEARTS THREE DIAMONDS FIVE,0.637,0.0106,0.3524
HEARTS QUEEN HEARTS EIGHT,0.6156,0.115,0.2694
DIAMONDS ACE DIAMONDS FIVE,0.4094,0.0052,0.5854
HEARTS FOUR DIAMONDS FIVE,0.6294,0.01,0.3606
HEARTS FIVE DIAMONDS FIVE,0.4898,0.0164,0.4938
HEARTS ACE HEARTS EIGHT,0.4018,0.0044,0.5938
CLUBS FOUR DIAMONDS FIVE,0.6254,0.0114,0.3632
CLUBS FIVE DIAMONDS FIVE,0.488,0.0184,0.4936
CLUBS SIX DIAMONDS FIVE,0.613,0.0102,0.3768
CLUBS SEVEN DIAMONDS FIVE,0.6484,0.0136,0.338
CLUBS TWO DIAMONDS FIVE,0.6464,0.0092,0.3444
CLUBS THREE DIAMONDS FIVE,0.6502,0.0108,0.339
SPADES THREE DIAMONDS FIVE,0.6344,0.0106,0.355
SPADES TWO DIAMONDS FIVE,0.6684,0.0106,0.321
SPADES JACK DIAMONDS EIGHT,0.6524,0.0102,0.3374
SPADES FIVE DIAMONDS FIVE,0.4904,0.019,0.4906
CLUBS TEN HEARTS JACK,0.6974,0.0374,0.2652
SPADES TEN DIAMONDS EIGHT,0.7188,0.046,0.2352
SPADES FOUR DIAMONDS FIVE,0.6368,0.0102,0.353
HEARTS JACK CLUBS JACK,0.2928,0.0106,0.6966
HEARTS JACK CLUBS QUEEN,0.2342,0.0902,0.6756
CLUBS NINE DIAMONDS FIVE,0.6826,0.0124,0.305
CLUBS KING HEARTS JACK,0.367,0.004,0.629
CLUBS EIGHT DIAMONDS FIVE,0.6498,0.0094,0.3408
CLUBS ACE HEARTS JACK,0.3828,0.003,0.6142
SPADES SEVEN DIAMONDS FIVE,0.639,0.011,0.35
SPADES KING DIAMONDS EIGHT,0.424,0.0064,0.5696
SPADES SIX DIAMONDS FIVE,0.6216,0.0114,0.367
SPADES NINE DIAMONDS FIVE,0.675,0.0102,0.3148
SPADES EIGHT DIAMONDS FIVE,0.6526,0.0092,0.3382
SPADES ACE DIAMONDS EIGHT,0.4356,0.0058,0.5586
HEARTS ACE DIAMONDS SEVEN,0.4354,0.003,0.5616
DIAMONDS JACK DIAMONDS SIX,0.6382,0.0094,0.3524
HEARTS QUEEN DIAMONDS SEVEN,0.6428,0.1246,0.2326
HEARTS KING DIAMONDS SEVEN,0.4318,0.0072,0.561
DIAMONDS ACE DIAMONDS SIX,0.4034,0.0044,0.5922
HEARTS FOUR DIAMONDS SIX,0.6422,0.0104,0.3474
SPADES TWO HEARTS JACK,0.6714,0.0086,0.32
HEARTS FIVE DIAMONDS SIX,0.625,0.0096,0.3654
SPADES TWO HEARTS TEN,0.7364,0.0434,0.2202
DIAMONDS QUEEN DIAMONDS SIX,0.6176,0.1138,0.2686
HEARTS TWO DIAMONDS SIX,0.6772,0.0122,0.3106
DIAMONDS KING DIAMONDS SIX,0.4126,0.0044,0.583
HEARTS THREE DIAMONDS SIX,0.6614,0.0116,0.327
HEARTS EIGHT DIAMONDS SIX,0.6418,0.0122,0.346
HEARTS NINE DIAMONDS SIX,0.6524,0.01,0.3376
HEARTS SIX DIAMONDS SIX,0.4766,0.0174,0.506
HEARTS SEVEN DIAMONDS SIX,0.63,0.0098,0.3602
HEARTS TEN DIAMONDS SEVEN,0.7176,0.0444,0.238
CLUBS TWO DIAMONDS SIX,0.6608,0.011,0.3282
HEARTS JACK DIAMONDS SEVEN,0.6594,0.0108,0.3298
CLUBS THREE DIAMONDS SIX,0.6562,0.0116,0.3322
CLUBS SEVEN DIAMONDS SIX,0.645,0.0098,0.3452
DIAMONDS EIGHT CLUBS JACK,0.6472,0.0092,0.3436
CLUBS SIX DIAMONDS SIX,0.4656,0.0158,0.5186
CLUBS TEN DIAMONDS EIGHT,0.716,0.042,0.242
CLUBS FIVE DIAMONDS SIX,0.6328,0.011,0.3562
CLUBS FOUR DIAMONDS SIX,0.646,0.0072,0.3468
HEARTS ACE HEARTS JACK,0.3556,0.0054,0.639
DIAMONDS EIGHT CLUBS ACE,0.4366,0.0046,0.5588
HEARTS QUEEN HEARTS JACK,0.2216,0.0878,0.6906
DIAMONDS EIGHT CLUBS KING,0.4308,0.0086,0.5606
CLUBS NINE DIAMONDS SIX,0.6476,0.0084,0.344
HEARTS KING HEARTS JACK,0.3488,0.0074,0.6438
DIAMONDS EIGHT CLUBS QUEEN,0.6578,0.1206,0.2216
CLUBS EIGHT DIAMONDS SIX,0.637,0.0064,0.3566
SPADES TEN HEARTS KING,0.2446,0.0288,0.7266
SPADES FIVE DIAMONDS SIX,0.6298,0.0122,0.358
HEARTS ACE SPADES TWO,0.4424,0.0044,0.5532
SPADES JACK HEARTS KING,0.3772,0.0066,0.6162
SPADES FOUR DIAMONDS SIX,0.64,0.0106,0.3494
SPADES THREE DIAMONDS SIX,0.6644,0.0104,0.3252
HEARTS QUEEN SPADES TWO,0.6524,0.1216,0.226
SPADES ACE SPADES KING,0.334,0.006,0.66
SPADES TWO HEARTS KING,0.4514,0.008,0.5406
SPADES TWO DIAMONDS SIX,0.677,0.0112,0.3118
HEARTS TEN HEARTS EIGHT,0.6638,0.0384,0.2978
SPADES NINE DIAMONDS SIX,0.6664,0.011,0.3226
HEARTS JACK HEARTS EIGHT,0.607,0.0076,0.3854
SPADES EIGHT DIAMONDS SIX,0.6386,0.0116,0.3498
SPADES SEVEN DIAMONDS SIX,0.6324,0.0106,0.357
SPADES SIX DIAMONDS SIX,0.4776,0.0174,0.505
SPADES KING HEARTS KING,0.1434,0.0046,0.852
CLUBS ACE CLUBS KING,0.3218,0.0044,0.6738
SPADES ACE HEARTS KING,0.3584,0.0034,0.6382
SPADES ACE HEARTS JACK,0.3878,0.0058,0.6064
SPADES KING HEARTS JACK,0.3692,0.0062,0.6246
SPADES JACK HEARTS JACK,0.2972,0.0094,0.6934
SPADES TEN HEARTS JACK,0.7134,0.0378,0.2488
SPADES NINE DIAMONDS SEVEN,0.6534,0.0124,0.3342
SPADES EIGHT DIAMONDS SEVEN,0.6394,0.0118,0.3488
SPADES SEVEN DIAMONDS SEVEN,0.4784,0.0144,0.5072
SPADES SIX DIAMONDS SEVEN,0.6378,0.0126,0.3496
DIAMONDS KING DIAMONDS SEVEN,0.4092,0.006,0.5848
HEARTS THREE DIAMONDS SEVEN,0.6668,0.0104,0.3228
HEARTS KING DIAMONDS FIVE,0.451,0.0068,0.5422
DIAMONDS QUEEN DIAMONDS SEVEN,0.6272,0.1116,0.2612
HEARTS TWO DIAMONDS SEVEN,0.6784,0.0112,0.3104
HEARTS QUEEN DIAMONDS FIVE,0.6702,0.1094,0.2204
HEARTS FIVE DIAMONDS SEVEN,0.6324,0.0116,0.356
DIAMONDS ACE DIAMONDS SEVEN,0.4128,0.0034,0.5838
HEARTS FOUR DIAMONDS SEVEN,0.6614,0.0092,0.3294
HEARTS ACE DIAMONDS FIVE,0.4484,0.003,0.5486
HEARTS SEVEN DIAMONDS SEVEN,0.4772,0.0146,0.5082
HEARTS SIX DIAMONDS SEVEN,0.6354,0.0116,0.353
DIAMONDS SEVEN HEARTS NINE,0.6466,0.0092,0.3442
HEARTS EIGHT DIAMONDS SEVEN,0.6228,0.0118,0.3654
DIAMONDS JACK DIAMONDS SEVEN,0.6208,0.011,0.3682
DIAMONDS FIVE HEARTS JACK,0.6662,0.0104,0.3234
HEARTS TEN DIAMONDS FIVE,0.7208,0.0492,0.23
SPADES KING CLUBS TWO,0.4432,0.009,0.5478
HEARTS KING CLUBS KING,0.1626,0.0028,0.8346
CLUBS EIGHT DIAMONDS SEVEN,0.6448,0.0096,0.3456
HEARTS KING CLUBS QUEEN,0.254,0.0278,0.7182
CLUBS NINE DIAMONDS SEVEN,0.646,0.0096,0.3444
SPADES TWO CLUBS JACK,0.6602,0.009,0.3308
SPADES ACE CLUBS TWO,0.427,0.0044,0.5686
CLUBS TEN SPADES TWO,0.7366,0.049,0.2144
HEARTS KING CLUBS ACE,0.3586,0.0044,0.637
CLUBS SEVEN CLUBS SIX,0.588,0.0098,0.4022
SPADES TWO CLUBS KING,0.449,0.0064,0.5446
SPADES TWO DIAMONDS SEVEN,0.6876,0.0122,0.3002
CLUBS EIGHT CLUBS SIX,0.602,0.012,0.386
SPADES THREE DIAMONDS SEVEN,0.6612,0.0116,0.3272
SPADES TWO CLUBS QUEEN,0.663,0.1178,0.2192
CLUBS NINE CLUBS SIX,0.6236,0.0092,0.3672
SPADES FOUR DIAMONDS SEVEN,0.665,0.013,0.322
HEARTS KING CLUBS JACK,0.365,0.007,0.628
SPADES FIVE DIAMONDS SEVEN,0.645,0.01,0.345
SPADES TWO CLUBS ACE,0.4264,0.0042,0.5694
CLUBS TEN HEARTS KING,0.2576,0.0272,0.7152
CLUBS SIX SPADES TWO,0.6568,0.0106,0.3326
CLUBS SIX SPADES THREE,0.661,0.0102,0.3288
CLUBS TWO DIAMONDS SEVEN,0.6826,0.0128,0.3046
CLUBS SIX SPADES FOUR,0.6412,0.0114,0.3474
CLUBS THREE DIAMONDS SEVEN,0.668,0.008,0.324
CLUBS SIX SPADES FIVE,0.6256,0.007,0.3674
CLUBS FOUR DIAMONDS SEVEN,0.6516,0.0098,0.3386
CLUBS SIX SPADES SIX,0.4722,0.0156,0.5122
CLUBS FIVE DIAMONDS SEVEN,0.6384,0.0104,0.3512
CLUBS SIX SPADES SEVEN,0.6324,0.0098,0.3578
CLUBS SIX DIAMONDS SEVEN,0.638,0.0094,0.3526
SPADES EIGHT CLUBS SIX,0.6354,0.009,0.3556
SPADES JACK CLUBS TWO,0.6724,0.0096,0.318
CLUBS SEVEN DIAMONDS SEVEN,0.4774,0.013,0.5096
SPADES NINE CLUBS SIX,0.6576,0.009,0.3334
SPADES TEN CLUBS TWO,0.7416,0.0434,0.215
CLUBS TWO CLUBS QUEEN,0.6112,0.1146,0.2742
CLUBS TWO CLUBS KING,0.417,0.0068,0.5762
CLUBS THREE DIAMONDS EIGHT,0.6904,0.0118,0.2978
CLUBS TWO CLUBS ACE,0.4058,0.0034,0.5908
CLUBS TWO DIAMONDS EIGHT,0.6854,0.0092,0.3054
HEARTS SEVEN DIAMONDS EIGHT,0.6312,0.0132,0.3556
HEARTS SIX DIAMONDS EIGHT,0.6536,0.012,0.3344
DIAMONDS EIGHT HEARTS NINE,0.628,0.0088,0.3632
CLUBS TEN CLUBS TWO,0.6852,0.0468,0.268
DIAMONDS EIGHT HEARTS EIGHT,0.4514,0.0144,0.5342
CLUBS TWO CLUBS JACK,0.6128,0.0138,0.3734
CLUBS NINE DIAMONDS EIGHT,0.6428,0.0094,0.3478
CLUBS EIGHT DIAMONDS EIGHT,0.456,0.014,0.53
CLUBS FIVE DIAMONDS EIGHT,0.6554,0.0084,0.3362
SPADES ACE SPADES THREE,0.4178,0.0054,0.5768
CLUBS FOUR DIAMONDS EIGHT,0.6636,0.0104,0.326
CLUBS SEVEN DIAMONDS EIGHT,0.6328,0.0094,0.3578
CLUBS SIX DIAMONDS EIGHT,0.6404,0.0096,0.35
SPADES KING SPADES THREE,0.4166,0.009,0.5744
DIAMONDS EIGHT DIAMONDS QUEEN,0.6212,0.118,0.2608
HEARTS TWO DIAMONDS EIGHT,0.6878,0.011,0.3012
DIAMONDS KING DIAMONDS EIGHT,0.3966,0.007,0.5964
HEARTS THREE DIAMONDS EIGHT,0.6744,0.0114,0.3142
DIAMONDS ACE DIAMONDS EIGHT,0.3996,0.0062,0.5942
HEARTS FOUR DIAMONDS EIGHT,0.6606,0.0112,0.3282
HEARTS FIVE DIAMONDS EIGHT,0.6556,0.008,0.3364
DIAMONDS EIGHT DIAMONDS JACK,0.6004,0.0102,0.3894
SPADES JACK SPADES THREE,0.6388,0.01,0.3512
SPADES TEN SPADES THREE,0.7092,0.0408,0.25
CLUBS FOUR HEARTS ACE,0.434,0.0036,0.5624
CLUBS FOUR HEARTS QUEEN,0.639,0.1256,0.2354
CLUBS FOUR HEARTS KING,0.4432,0.0066,0.5502
CLUBS SIX HEARTS TEN,0.7142,0.0414,0.2444
CLUBS SIX HEARTS JACK,0.6756,0.0086,0.3158
SPADES FOUR DIAMONDS EIGHT,0.6646,0.0132,0.3222
SPADES FIVE DIAMONDS EIGHT,0.6592,0.0112,0.3296
DIAMONDS EIGHT SPADES TWO,0.6886,0.0094,0.302
DIAMONDS EIGHT SPADES THREE,0.6704,0.015,0.3146
CLUBS FOUR HEARTS JACK,0.6562,0.009,0.3348
SPADES EIGHT DIAMONDS EIGHT,0.4588,0.0158,0.5254
SPADES JACK HEARTS EIGHT,0.6518,0.008,0.3402
SPADES TEN HEARTS TWO,0.7534,0.0438,0.2028
SPADES TEN DIAMONDS QUEEN,0.0074,0.9852,0.0074
CLUBS FOUR HEARTS TEN,0.7312,0.0384,0.2304
SPADES NINE DIAMONDS EIGHT,0.6326,0.0112,0.3562
SPADES JACK HEARTS TWO,0.6638,0.0098,0.3264
SPADES JACK DIAMONDS QUEEN,0.238,0.0906,0.6714
SPADES TEN HEARTS EIGHT,0.7054,0.0418,0.2528
SPADES SIX DIAMONDS EIGHT,0.647,0.014,0.339
SPADES SEVEN DIAMONDS EIGHT,0.6442,0.0124,0.3434
SPADES ACE HEARTS TWO,0.4196,0.007,0.5734
SPADES ACE DIAMONDS QUEEN,0.2508,0.019,0.7302
SPADES ACE HEARTS EIGHT,0.4282,0.0044,0.5674
SPADES KING HEARTS EIGHT,0.4208,0.0066,0.5726
SPADES KING DIAMONDS QUEEN,0.2312,0.029,0.7398
SPADES KING HEARTS TWO,0.434,0.0088,0.5572
CLUBS TWO HEARTS TEN,0.7302,0.0414,0.2284
CLUBS TWO HEARTS JACK,0.6654,0.008,0.3266
SPADES SEVEN DIAMONDS NINE,0.6534,0.0118,0.3348
SPADES SIX DIAMONDS NINE,0.6654,0.0114,0.3232
SPADES NINE DIAMONDS NINE,0.4538,0.0128,0.5334
SPADES EIGHT DIAMONDS NINE,0.6566,0.0124,0.331
SPADES TEN CLUBS KING,0.2502,0.0272,0.7226
DIAMONDS NINE SPADES THREE,0.6792,0.0094,0.3114
SPADES JACK CLUBS KING,0.3736,0.0062,0.6202
DIAMONDS NINE SPADES TWO,0.6946,0.0108,0.2946
SPADES FIVE DIAMONDS NINE,0.6852,0.0114,0.3034
DIAMONDS NINE SPADES FOUR,0.6934,0.0102,0.2964
CLUBS NINE DIAMONDS NINE,0.442,0.015,0.543
CLUBS EIGHT DIAMONDS NINE,0.6384,0.0096,0.352
CLUBS SIX DIAMONDS NINE,0.6598,0.0106,0.3296
SPADES JACK CLUBS FOUR,0.6646,0.0122,0.3232
CLUBS SEVEN DIAMONDS NINE,0.6436,0.0114,0.345
SPADES TEN CLUBS FOUR,0.7222,0.05,0.2278
CLUBS FOUR DIAMONDS NINE,0.6926,0.0126,0.2948
CLUBS FIVE DIAMONDS NINE,0.6734,0.0116,0.315
DIAMONDS NINE CLUBS TWO,0.684,0.012,0.304
CLUBS THREE DIAMONDS NINE,0.6884,0.0104,0.3012
DIAMONDS NINE HEARTS EIGHT,0.6342,0.0102,0.3556
DIAMONDS NINE HEARTS NINE,0.4398,0.0182,0.542
HEARTS SIX DIAMONDS NINE,0.6638,0.0076,0.3286
HEARTS SEVEN DIAMONDS NINE,0.6532,0.008,0.3388
CLUBS NINE CLUBS EIGHT,0.599,0.0108,0.3902
DIAMONDS ACE DIAMONDS NINE,0.4102,0.0068,0.583
HEARTS FOUR DIAMONDS NINE,0.6892,0.01,0.3008
HEARTS FIVE DIAMONDS NINE,0.671,0.011,0.318
HEARTS ACE CLUBS TWO,0.441,0.0048,0.5542
SPADES ACE CLUBS FOUR,0.4308,0.003,0.5662
DIAMONDS NINE DIAMONDS QUEEN,0.6192,0.1224,0.2584
HEARTS TWO DIAMONDS NINE,0.6794,0.0096,0.311
CLUBS TWO HEARTS KING,0.4398,0.0066,0.5536
SPADES KING CLUBS FOUR,0.438,0.0064,0.5556
DIAMONDS KING DIAMONDS NINE,0.3968,0.0076,0.5956
HEARTS THREE DIAMONDS NINE,0.6758,0.0122,0.312
CLUBS TWO HEARTS QUEEN,0.6558,0.1154,0.2288
DIAMONDS NINE DIAMONDS JACK,0.5988,0.0106,0.3906
CLUBS EIGHT SPADES NINE,0.643,0.009,0.348
CLUBS EIGHT SPADES EIGHT,0.4626,0.0138,0.5236
CLUBS EIGHT SPADES SEVEN,0.636,0.011,0.353
CLUBS EIGHT SPADES SIX,0.6418,0.01,0.3482
CLUBS EIGHT SPADES FIVE,0.647,0.009,0.344
CLUBS EIGHT SPADES FOUR,0.6504,0.0098,0.3398
CLUBS EIGHT SPADES THREE,0.6778,0.0112,0.311
CLUBS EIGHT SPADES TWO,0.6838,0.0086,0.3076
CLUBS FOUR CLUBS JACK,0.616,0.0084,0.3756
CLUBS TEN CLUBS FOUR,0.6854,0.0452,0.2694
CLUBS FOUR CLUBS KING,0.4226,0.01,0.5674
CLUBS FOUR CLUBS QUEEN,0.6108,0.1048,0.2844
CLUBS FOUR CLUBS ACE,0.4136,0.0028,0.5836
CLUBS EIGHT HEARTS JACK,0.64,0.0096,0.3504
CLUBS EIGHT HEARTS TEN,0.705,0.0394,0.2556
CLUBS EIGHT HEARTS QUEEN,0.6386,0.1186,0.2428
CLUBS EIGHT HEARTS KING,0.4268,0.007,0.5662
CLUBS EIGHT HEARTS ACE,0.4304,0.0036,0.566
CLUBS NINE SPADES THREE,0.6886,0.0114,0.3
CLUBS NINE SPADES TWO,0.682,0.0086,0.3094
CLUBS NINE SPADES FIVE,0.6696,0.0104,0.32
CLUBS NINE SPADES FOUR,0.6752,0.0122,0.3126
CLUBS NINE SPADES SEVEN,0.6608,0.01,0.3292
CLUBS NINE SPADES SIX,0.658,0.008,0.334
CLUBS NINE SPADES NINE,0.4524,0.0132,0.5344
CLUBS TEN HEARTS EIGHT,0.7068,0.0458,0.2474
CLUBS NINE SPADES EIGHT,0.6378,0.0108,0.3514
HEARTS EIGHT CLUBS JACK,0.6332,0.011,0.3558
CLUBS QUEEN HEARTS EIGHT,0.661,0.114,0.225
CLUBS KING HEARTS EIGHT,0.421,0.0054,0.5736
CLUBS ACE HEARTS EIGHT,0.431,0.003,0.566
SPADES KING CLUBS KING,0.148,0.0038,0.8482
SPADES ACE CLUBS KING,0.345,0.0046,0.6504
DIAMONDS ACE HEARTS TEN,0.2548,0.0206,0.7246
HEARTS FOUR HEARTS TEN,0.6686,0.0456,0.2858
DIAMONDS ACE HEARTS JACK,0.366,0.0036,0.6304
HEARTS FOUR HEARTS JACK,0.6154,0.0082,0.3764
SPADES KING CLUBS FIVE,0.4354,0.0058,0.5588
SPADES ACE CLUBS FIVE,0.4154,0.0058,0.5788
HEARTS SEVEN DIAMONDS JACK,0.6418,0.0098,0.3484
HEARTS SIX DIAMONDS JACK,0.6596,0.0066,0.3338
DIAMONDS JACK HEARTS NINE,0.6262,0.01,0.3638
DIAMONDS JACK HEARTS EIGHT,0.6316,0.01,0.3584
DIAMONDS KING DIAMONDS JACK,0.347,0.008,0.645
HEARTS THREE DIAMONDS JACK,0.6524,0.0108,0.3368
SPADES ACE SPADES SIX,0.413,0.0044,0.5826
HEARTS ACE SPADES FOUR,0.4304,0.0036,0.566
DIAMONDS QUEEN DIAMONDS JACK,0.2212,0.0918,0.687
HEARTS TWO DIAMONDS JACK,0.6558,0.0094,0.3348
HEARTS FIVE DIAMONDS JACK,0.6574,0.011,0.3316
SPADES FOUR HEARTS QUEEN,0.646,0.1218,0.2322
DIAMONDS ACE DIAMONDS JACK,0.3526,0.0048,0.6426
HEARTS FOUR DIAMONDS JACK,0.658,0.008,0.334
SPADES KING SPADES SIX,0.4196,0.007,0.5734
SPADES FOUR HEARTS KING,0.4416,0.008,0.5504
SPADES TEN SPADES SIX,0.6984,0.0436,0.258
SPADES JACK SPADES SIX,0.638,0.009,0.353
SPADES FOUR DIAMONDS JACK,0.6586,0.0118,0.3296
SPADES FIVE DIAMONDS JACK,0.672,0.0126,0.3154
SPADES TWO DIAMONDS JACK,0.6764,0.0104,0.3132
SPADES THREE DIAMONDS JACK,0.6542,0.0108,0.335
SPADES ACE DIAMONDS THREE,0.4456,0.0042,0.5502
CLUBS EIGHT DIAMONDS JACK,0.6378,0.0092,0.353
SPADES KING DIAMONDS THREE,0.432,0.0062,0.5618
CLUBS NINE DIAMONDS JACK,0.6284,0.009,0.3626
CLUBS SIX DIAMONDS JACK,0.6494,0.01,0.3406
CLUBS SEVEN DIAMONDS JACK,0.637,0.0104,0.3526
CLUBS FOUR DIAMONDS JACK,0.6562,0.0098,0.334
CLUBS FIVE DIAMONDS JACK,0.6554,0.0124,0.3322
CLUBS TWO DIAMONDS JACK,0.657,0.0124,0.3306
CLUBS THREE DIAMONDS JACK,0.6574,0.0102,0.3324
SPADES JACK HEARTS SIX,0.67,0.0078,0.3222
SPADES TEN CLUBS FIVE,0.7326,0.0438,0.2236
SPADES JACK CLUBS FIVE,0.659,0.0072,0.3338
SPADES TEN HEARTS SIX,0.7158,0.0458,0.2384
SPADES JACK DIAMONDS THREE,0.663,0.0102,0.3268
CLUBS SEVEN CLUBS ACE,0.413,0.0036,0.5834
SPADES TEN DIAMONDS THREE,0.7376,0.0462,0.2162
CLUBS SEVEN CLUBS QUEEN,0.6104,0.1022,0.2874
CLUBS SEVEN CLUBS KING,0.3932,0.0056,0.6012
SPADES NINE DIAMONDS JACK,0.6308,0.0082,0.361
CLUBS TEN CLUBS SEVEN,0.6692,0.043,0.2878
DIAMONDS ACE HEARTS ACE,0.157,0.0036,0.8394
HEARTS FOUR HEARTS ACE,0.4068,0.0044,0.5888
SPADES EIGHT DIAMONDS JACK,0.6468,0.011,0.3422
SPADES ACE HEARTS SIX,0.429,0.0042,0.5668
CLUBS SEVEN CLUBS JACK,0.6194,0.0084,0.3722
DIAMONDS ACE HEARTS KING,0.3606,0.005,0.6344
HEARTS FOUR HEARTS KING,0.4052,0.0058,0.589
SPADES SEVEN DIAMONDS JACK,0.661,0.009,0.33
SPADES KING HEARTS SIX,0.4284,0.0054,0.5662
DIAMONDS ACE HEARTS QUEEN,0.2456,0.0156,0.7388
HEARTS FOUR HEARTS QUEEN,0.5994,0.1256,0.275
SPADES SIX DIAMONDS JACK,0.6572,0.0094,0.3334
DIAMONDS THREE CLUBS JACK,0.6654,0.0084,0.3262
CLUBS TEN DIAMONDS THREE,0.7268,0.049,0.2242
DIAMONDS THREE CLUBS KING,0.4428,0.0088,0.5484
DIAMONDS THREE CLUBS QUEEN,0.6628,0.12,0.2172
DIAMONDS THREE CLUBS ACE,0.4258,0.0046,0.5696
SPADES FOUR HEARTS JACK,0.6566,0.0094,0.334
SPADES FOUR HEARTS TEN,0.7344,0.0484,0.2172
SPADES FIVE SPADES TWO,0.6266,0.0116,0.3618
SPADES FOUR SPADES TWO,0.6154,0.011,0.3736
SPADES THREE SPADES TWO,0.6216,0.0128,0.3656
SPADES NINE SPADES TWO,0.6452,0.0104,0.3444
SPADES EIGHT SPADES TWO,0.637,0.0092,0.3538
SPADES SEVEN SPADES TWO,0.6502,0.0102,0.3396
SPADES SIX SPADES TWO,0.6306,0.0132,0.3562
CLUBS THREE DIAMONDS QUEEN,0.6478,0.1234,0.2288
CLUBS THREE HEARTS TWO,0.6436,0.01,0.3464
CLUBS TWO DIAMONDS QUEEN,0.6488,0.124,0.2272
HEARTS TWO CLUBS TWO,0.4854,0.0162,0.4984
HEARTS SEVEN DIAMONDS QUEEN,0.6582,0.1174,0.2244
HEARTS SEVEN HEARTS TWO,0.622,0.008,0.37
HEARTS SIX DIAMONDS QUEEN,0.6458,0.1172,0.237
HEARTS SIX HEARTS TWO,0.6174,0.0118,0.3708
DIAMONDS QUEEN HEARTS NINE,0.6444,0.115,0.2406
HEARTS TWO HEARTS NINE,0.6358,0.0082,0.356
DIAMONDS QUEEN HEARTS EIGHT,0.645,0.1212,0.2338
HEARTS TWO HEARTS EIGHT,0.6226,0.0108,0.3666
CLUBS NINE HEARTS TWO,0.6782,0.0084,0.3134
CLUBS NINE DIAMONDS QUEEN,0.6472,0.1216,0.2312
CLUBS EIGHT HEARTS TWO,0.6734,0.011,0.3156
CLUBS EIGHT DIAMONDS QUEEN,0.6504,0.1212,0.2284
CLUBS FIVE DIAMONDS QUEEN,0.6566,0.1264,0.217
CLUBS FIVE HEARTS TWO,0.6484,0.0122,0.3394
SPADES EIGHT HEARTS ACE,0.4278,0.0038,0.5684
CLUBS FOUR DIAMONDS QUEEN,0.646,0.1258,0.2282
CLUBS FOUR HEARTS TWO,0.6522,0.01,0.3378
CLUBS SEVEN DIAMONDS QUEEN,0.6488,0.1162,0.235
CLUBS SEVEN HEARTS TWO,0.6768,0.0082,0.315
SPADES EIGHT HEARTS QUEEN,0.6632,0.111,0.2258
CLUBS SIX DIAMONDS QUEEN,0.6556,0.1134,0.231
CLUBS SIX HEARTS TWO,0.664,0.0098,0.3262
SPADES EIGHT HEARTS KING,0.4232,0.0074,0.5694
SPADES SIX DIAMONDS QUEEN,0.6528,0.1236,0.2236
SPADES SIX HEARTS TWO,0.6648,0.01,0.3252
HEARTS FOUR CLUBS QUEEN,0.644,0.1118,0.2442
DIAMONDS ACE CLUBS QUEEN,0.2622,0.0148,0.723
SPADES SEVEN DIAMONDS QUEEN,0.6568,0.1126,0.2306
SPADES SEVEN HEARTS TWO,0.6674,0.011,0.3216
HEARTS FOUR CLUBS KING,0.4488,0.0046,0.5466
DIAMONDS ACE CLUBS KING,0.3586,0.0046,0.6368
SPADES EIGHT DIAMONDS QUEEN,0.6512,0.1248,0.224
SPADES EIGHT HEARTS TWO,0.677,0.0102,0.3128
HEARTS FOUR CLUBS ACE,0.4326,0.0014,0.566
DIAMONDS ACE CLUBS ACE,0.1554,0.003,0.8416
SPADES NINE DIAMONDS QUEEN,0.6496,0.125,0.2254
SPADES NINE HEARTS TWO,0.6766,0.012,0.3114
HEARTS TWO SPADES TWO,0.489,0.0166,0.4944
DIAMONDS QUEEN SPADES TWO,0.6462,0.123,0.2308
HEARTS TWO SPADES THREE,0.654,0.01,0.336
SPADES THREE DIAMONDS QUEEN,0.657,0.1196,0.2234
HEARTS TWO SPADES FOUR,0.6602,0.0122,0.3276
SPADES FOUR DIAMONDS QUEEN,0.6526,0.1194,0.228
CLUBS TEN HEARTS FOUR,0.709,0.048,0.243
CLUBS TEN DIAMONDS ACE,0.255,0.0182,0.7268
HEARTS TWO SPADES FIVE,0.6496,0.0122,0.3382
SPADES FIVE DIAMONDS QUEEN,0.6472,0.1278,0.225
HEARTS FOUR CLUBS JACK,0.6582,0.0102,0.3316
DIAMONDS ACE CLUBS JACK,0.3758,0.0048,0.6194
CLUBS FIVE CLUBS KING,0.4266,0.0058,0.5676
CLUBS FIVE CLUBS QUEEN,0.6182,0.1112,0.2706
CLUBS FIVE CLUBS ACE,0.4112,0.0032,0.5856
CLUBS FIVE CLUBS JACK,0.6166,0.01,0.3734
CLUBS TEN CLUBS FIVE,0.6756,0.0432,0.2812
SPADES KING CLUBS JACK,0.3702,0.0058,0.624
SPADES ACE CLUBS JACK,0.374,0.0038,0.6222
SPADES SIX CLUBS KING,0.431,0.0064,0.5626
SPADES SIX CLUBS QUEEN,0.6588,0.1192,0.222
SPADES EIGHT HEARTS JACK,0.6354,0.01,0.3546
SPADES SIX CLUBS ACE,0.439,0.0048,0.5562
SPADES EIGHT HEARTS TEN,0.7124,0.0454,0.2422
SPADES SIX CLUBS JACK,0.6688,0.009,0.3222
CLUBS TEN SPADES SIX,0.7186,0.0426,0.2388
SPADES TEN CLUBS JACK,0.7092,0.0378,0.253
SPADES JACK CLUBS JACK,0.2988,0.0108,0.6904
SPADES KING CLUBS SEVEN,0.443,0.0068,0.5502
SPADES ACE CLUBS SEVEN,0.4454,0.0046,0.55
SPADES SIX HEARTS TEN,0.7188,0.0466,0.2346
SPADES SIX HEARTS JACK,0.6688,0.0088,0.3224
SPADES SIX HEARTS ACE,0.4358,0.0048,0.5594
SPADES SIX HEARTS KING,0.4382,0.0046,0.5572
SPADES SIX HEARTS QUEEN,0.6558,0.1226,0.2216
SPADES JACK CLUBS SEVEN,0.6424,0.0114,0.3462
CLUBS SEVEN SPADES TEN,0.717,0.0464,0.2366
CLUBS TEN HEARTS SIX,0.7142,0.0414,0.2444
HEARTS SIX CLUBS JACK,0.6632,0.0122,0.3246
CLUBS ACE CLUBS JACK,0.3706,0.003,0.6264
HEARTS SIX CLUBS QUEEN,0.6412,0.1158,0.243
HEARTS SIX CLUBS KING,0.4406,0.0054,0.554
HEARTS SIX CLUBS ACE,0.4352,0.004,0.5608
CLUBS QUEEN CLUBS JACK,0.231,0.085,0.684
CLUBS KING CLUBS JACK,0.3462,0.006,0.6478
DIAMONDS THREE HEARTS ACE,0.4534,0.0034,0.5432
DIAMONDS THREE HEARTS QUEEN,0.6522,0.1196,0.2282
DIAMONDS THREE HEARTS KING,0.4472,0.0052,0.5476
CLUBS FIVE HEARTS JACK,0.6534,0.0118,0.3348
HEARTS FOUR SPADES TEN,0.7344,0.0452,0.2204
SPADES TEN DIAMONDS ACE,0.2448,0.0204,0.7348
CLUBS FIVE HEARTS TEN,0.7146,0.0416,0.2438
HEARTS FOUR SPADES JACK,0.6632,0.0078,0.329
SPADES JACK DIAMONDS ACE,0.3856,0.0056,0.6088
SPADES ACE HEARTS FOUR,0.436,0.005,0.559
SPADES ACE DIAMONDS ACE,0.1522,0.0042,0.8436
CLUBS FIVE HEARTS ACE,0.4296,0.0036,0.5668
CLUBS FIVE HEARTS KING,0.4238,0.0072,0.569
SPADES FOUR CLUBS JACK,0.682,0.0074,0.3106
CLUBS FIVE HEARTS QUEEN,0.646,0.1146,0.2394
SPADES KING DIAMONDS ACE,0.3468,0.008,0.6452
SPADES KING HEARTS FOUR,0.4312,0.0054,0.5634
CLUBS TEN SPADES FOUR,0.7306,0.0392,0.2302
DIAMONDS ACE DIAMONDS QUEEN,0.2452,0.019,0.7358
DIAMONDS ACE HEARTS TWO,0.4338,0.005,0.5612
HEARTS FOUR DIAMONDS QUEEN,0.6468,0.116,0.2372
HEARTS FOUR HEARTS TWO,0.605,0.0112,0.3838
DIAMONDS THREE HEARTS TEN,0.7242,0.0514,0.2244
SPADES FOUR CLUBS KING,0.4362,0.007,0.5568
HEARTS FIVE DIAMONDS QUEEN,0.6554,0.1238,0.2208
HEARTS FIVE HEARTS TWO,0.6042,0.0096,0.3862
DIAMONDS THREE HEARTS JACK,0.6622,0.0082,0.3296
SPADES FOUR CLUBS QUEEN,0.66,0.1186,0.2214
HEARTS TWO DIAMONDS QUEEN,0.6536,0.1172,0.2292
DIAMONDS KING DIAMONDS QUEEN,0.2338,0.0258,0.7404
DIAMONDS KING HEARTS TWO,0.4418,0.0068,0.5514
HEARTS THREE DIAMONDS QUEEN,0.6474,0.123,0.2296
HEARTS THREE HEARTS TWO,0.618,0.0104,0.3716
SPADES FOUR CLUBS ACE,0.4422,0.0038,0.554
HEARTS TWO CLUBS ACE,0.4276,0.0046,0.5678
DIAMONDS QUEEN CLUBS ACE,0.2512,0.0148,0.734
HEARTS TWO CLUBS QUEEN,0.669,0.1104,0.2206
DIAMONDS QUEEN CLUBS QUEEN,0.125,0.0212,0.8538
HEARTS TWO CLUBS KING,0.4496,0.006,0.5444
DIAMONDS QUEEN CLUBS KING,0.2412,0.023,0.7358
SPADES EIGHT SPADES FIVE,0.6172,0.009,0.3738
CLUBS TEN HEARTS TWO,0.7252,0.0492,0.2256
CLUBS TEN DIAMONDS QUEEN,0.0124,0.969,0.0186
SPADES NINE SPADES FIVE,0.6408,0.0116,0.3476
HEARTS TWO CLUBS JACK,0.6574,0.0092,0.3334
DIAMONDS QUEEN CLUBS JACK,0.226,0.0874,0.6866
SPADES SIX SPADES FIVE,0.6024,0.01,0.3876
SPADES SEVEN SPADES FIVE,0.6122,0.0088,0.379
DIAMONDS FIVE CLUBS QUEEN,0.6522,0.1208,0.227
SPADES EIGHT CLUBS ACE,0.439,0.0034,0.5576
DIAMONDS FIVE CLUBS KING,0.4516,0.0074,0.541
SPADES EIGHT CLUBS KING,0.4248,0.0072,0.568
CLUBS ACE DIAMONDS FIVE,0.4498,0.004,0.5462
SPADES EIGHT CLUBS QUEEN,0.6492,0.117,0.2338
SPADES EIGHT CLUBS JACK,0.6532,0.0122,0.3346
CLUBS TEN SPADES EIGHT,0.7008,0.0476,0.2516
CLUBS TEN DIAMONDS FIVE,0.732,0.0462,0.2218
DIAMONDS FIVE CLUBS JACK,0.6566,0.01,0.3334
SPADES ACE CLUBS NINE,0.4288,0.005,0.5662
CLUBS NINE SPADES KING,0.4152,0.0074,0.5774
HEARTS SIX HEARTS KING,0.4076,0.008,0.5844
DIAMONDS KING SPADES SEVEN,0.429,0.0074,0.5636
SPADES SEVEN HEARTS THREE,0.6692,0.0114,0.3194
SPADES KING DIAMONDS SEVEN,0.4358,0.0086,0.5556
HEARTS SIX HEARTS QUEEN,0.6034,0.1116,0.285
DIAMONDS KING SPADES SIX,0.4286,0.0074,0.564
HEARTS THREE SPADES SIX,0.6636,0.0104,0.326
SPADES NINE DIAMONDS KING,0.4202,0.0088,0.571
SPADES NINE HEARTS THREE,0.6776,0.0118,0.3106
HEARTS SIX HEARTS ACE,0.4022,0.0038,0.594
SPADES EIGHT DIAMONDS KING,0.425,0.0066,0.5684
SPADES EIGHT HEARTS THREE,0.6852,0.0118,0.303
SPADES ACE DIAMONDS SEVEN,0.425,0.0044,0.5706
CLUBS NINE HEARTS THREE,0.6804,0.0098,0.3098
CLUBS NINE DIAMONDS KING,0.4274,0.0048,0.5678
CLUBS EIGHT HEARTS THREE,0.6734,0.0076,0.319
CLUBS EIGHT DIAMONDS KING,0.4352,0.0056,0.5592
HEARTS THREE SPADES THREE,0.474,0.0202,0.5058
DIAMONDS KING SPADES THREE,0.4278,0.0092,0.563
HEARTS THREE SPADES TWO,0.658,0.0108,0.3312
DIAMONDS KING SPADES TWO,0.4396,0.0084,0.552
